Day_Date,vaccinated,vaccinated_cum,vaccinated_population_perc,vaccinated_seconde_dose,vaccinated_seconde_dose_cum,vaccinated_seconde_dose_population_perc
2020-12-19T00:00:00.000Z,43,63,0,0,0,0
2020-12-20T00:00:00.000Z,7366,7429,0.08,0,0,0
2020-12-21T00:00:00.000Z,24888,32317,0.35,0,0,0
2020-12-22T00:00:00.000Z,44653,76970,0.83,0,0,0
2020-12-23T00:00:00.000Z,62990,139960,1.51,0,0,0
2020-12-24T00:00:00.000Z,73601,213561,2.3,0,0,0
2020-12-25T00:00:00.000Z,38761,252322,2.71,0,0,0
2020-12-26T00:00:00.000Z,32873,285195,3.07,0,0,0
2020-12-27T00:00:00.000Z,105116,390311,4.2,0,0,0
2020-12-28T00:00:00.000Z,135937,526248,5.66,0,0,0
2020-12-29T00:00:00.000Z,157389,683637,7.35,0,0,0
2020-12-30T00:00:00.000Z,154310,837947,9.01,0,0,0
2020-12-31T00:00:00.000Z,159657,997604,10.73,0,0,0
2021-01-01T00:00:00.000Z,72152,1069756,11.5,0,0,0
2021-01-02T00:00:00.000Z,72428,1142184,12.28,0,0,0
2021-01-03T00:00:00.000Z,151032,1293216,13.91,0,0,0
2021-01-04T00:00:00.000Z,153139,1446355,15.55,2,2,0
2021-01-05T00:00:00.000Z,126766,1573121,16.92,0,2,0
2021-01-06T00:00:00.000Z,104833,1677954,18.04,0,2,0
2021-01-07T00:00:00.000Z,117467,1795421,19.31,3,5,0
2021-01-08T00:00:00.000Z,67144,1862565,20.03,3,8,0
2021-01-09T00:00:00.000Z,44993,1907558,20.51,22,30,0
2021-01-10T00:00:00.000Z,38131,1945689,20.92,5981,6011,0.06
2021-01-11T00:00:00.000Z,21435,1967124,21.15,19236,25247,0.27
2021-01-12T00:00:00.000Z,24269,1991393,21.41,35647,60894,0.65
2021-01-13T00:00:00.000Z,52459,2043852,21.98,56921,117815,1.27
2021-01-14T00:00:00.000Z,56812,2100664,22.59,68907,186722,2.01
2021-01-15T00:00:00.000Z,30999,2131663,22.92,36136,222858,2.4
2021-01-16T00:00:00.000Z,29700,2161363,23.24,26199,249057,2.68
2021-01-17T00:00:00.000Z,68405,2229768,23.98,84581,333638,3.59
2021-01-18T00:00:00.000Z,69515,2299283,24.73,120004,453642,4.88
2021-01-19T00:00:00.000Z,72589,2371872,25.51,137327,590969,6.35
2021-01-20T00:00:00.000Z,76507,2448379,26.33,143207,734176,7.9
2021-01-21T00:00:00.000Z,69518,2517897,27.08,163684,897860,9.66
2021-01-22T00:00:00.000Z,37693,2555590,27.48,70832,968692,10.42
2021-01-23T00:00:00.000Z,39812,2595402,27.91,53423,1022115,10.99
2021-01-24T00:00:00.000Z,68896,2664298,28.65,140169,1162284,12.5
2021-01-25T00:00:00.000Z,80679,2744977,29.52,138999,1301283,13.99
2021-01-26T00:00:00.000Z,78440,2823417,30.36,125866,1427149,15.35
2021-01-27T00:00:00.000Z,77627,2901044,31.2,124505,1551654,16.69
2021-01-28T00:00:00.000Z,79346,2980390,32.05,130117,1681771,18.08
2021-01-29T00:00:00.000Z,36492,3016882,32.44,64529,1746300,18.78
2021-01-30T00:00:00.000Z,34236,3051118,32.81,42632,1788932,19.24
2021-01-31T00:00:00.000Z,73099,3124217,33.6,59258,1848190,19.87
2021-02-01T00:00:00.000Z,82147,3206364,34.48,35181,1883371,20.25
2021-02-02T00:00:00.000Z,69773,3276137,35.23,30875,1914246,20.58
2021-02-03T00:00:00.000Z,59992,3336129,35.88,51135,1965381,21.13
2021-02-04T00:00:00.000Z,72324,3408453,36.65,57819,2023200,21.76
2021-02-05T00:00:00.000Z,33751,3442204,37.02,28618,2051818,22.06
2021-02-06T00:00:00.000Z,21508,3463712,37.25,22111,2073929,22.3
2021-02-07T00:00:00.000Z,54130,3517842,37.83,68165,2142094,23.04
2021-02-08T00:00:00.000Z,58664,3576506,38.46,64817,2206911,23.73
2021-02-09T00:00:00.000Z,66298,3642804,39.17,66879,2273790,24.45
2021-02-10T00:00:00.000Z,70263,3713067,39.93,71775,2345565,25.22
2021-02-11T00:00:00.000Z,80723,3793790,40.8,71395,2416960,25.99
2021-02-12T00:00:00.000Z,38854,3832644,41.21,37352,2454312,26.39
2021-02-13T00:00:00.000Z,27350,3859994,41.51,30298,2484610,26.72
2021-02-14T00:00:00.000Z,74391,3934385,42.31,68730,2553340,27.46
2021-02-15T00:00:00.000Z,81083,4015468,43.18,75327,2628667,28.27
2021-02-16T00:00:00.000Z,83136,4098604,44.07,77864,2706531,29.1
2021-02-17T00:00:00.000Z,61549,4160153,44.74,75152,2781683,29.91
2021-02-18T00:00:00.000Z,68789,4228942,45.48,79223,2860906,30.76
2021-02-19T00:00:00.000Z,39474,4268416,45.9,37911,2898817,31.17
2021-02-20T00:00:00.000Z,31506,4299922,46.24,28517,2927334,31.48
2021-02-21T00:00:00.000Z,79077,4378999,47.09,78180,3005514,32.32
2021-02-22T00:00:00.000Z,84643,4463642,48,79956,3085470,33.18
2021-02-23T00:00:00.000Z,76955,4540597,48.83,69893,3155363,33.93
2021-02-24T00:00:00.000Z,60715,4601312,49.48,62581,3217944,34.6
2021-02-25T00:00:00.000Z,51176,4652488,50.03,64215,3282159,35.29
2021-02-26T00:00:00.000Z,24845,4677333,50.3,30934,3313093,35.63
2021-02-27T00:00:00.000Z,17454,4694787,50.49,20379,3333472,35.85
2021-02-28T00:00:00.000Z,39064,4733851,50.91,53849,3387321,36.43
2021-03-01T00:00:00.000Z,45459,4779310,51.39,61021,3448342,37.08
2021-03-02T00:00:00.000Z,40897,4820207,51.83,64294,3512636,37.77
2021-03-03T00:00:00.000Z,41978,4862185,52.29,66149,3578785,38.48
2021-03-04T00:00:00.000Z,38977,4901162,52.7,76035,3654820,39.3
2021-03-05T00:00:00.000Z,2695,4903857,52.73,5513,3660333,39.36
