Day_Date,vaccinated,vaccinated_cum,vaccinated_population_perc,vaccinated_seconde_dose,vaccinated_seconde_dose_cum,vaccinated_seconde_dose_population_perc
2020-12-19T00:00:00.000Z,43,60,0,0,0,0
2020-12-20T00:00:00.000Z,7374,7434,0.08,0,0,0
2020-12-21T00:00:00.000Z,24884,32318,0.35,0,0,0
2020-12-22T00:00:00.000Z,44615,76933,0.83,0,0,0
2020-12-23T00:00:00.000Z,62832,139765,1.5,0,0,0
2020-12-24T00:00:00.000Z,73329,213094,2.29,0,0,0
2020-12-25T00:00:00.000Z,38451,251545,2.71,0,0,0
2020-12-26T00:00:00.000Z,32573,284118,3.06,0,0,0
2020-12-27T00:00:00.000Z,104367,388485,4.18,0,0,0
2020-12-28T00:00:00.000Z,134806,523291,5.63,0,0,0
2020-12-29T00:00:00.000Z,155951,679242,7.3,0,0,0
2020-12-30T00:00:00.000Z,152727,831969,8.95,0,0,0
2020-12-31T00:00:00.000Z,158180,990149,10.65,0,0,0
2021-01-01T00:00:00.000Z,71233,1061382,11.41,0,0,0
2021-01-02T00:00:00.000Z,71624,1133006,12.18,0,0,0
2021-01-03T00:00:00.000Z,149404,1282410,13.79,0,0,0
2021-01-04T00:00:00.000Z,151838,1434248,15.42,1,1,0
2021-01-05T00:00:00.000Z,124855,1559103,16.77,0,1,0
2021-01-06T00:00:00.000Z,103074,1662177,17.87,0,1,0
2021-01-07T00:00:00.000Z,115825,1778002,19.12,4,5,0
2021-01-08T00:00:00.000Z,66295,1844297,19.83,3,8,0
2021-01-09T00:00:00.000Z,44455,1888752,20.31,22,30,0
2021-01-10T00:00:00.000Z,37538,1926290,20.71,5986,6016,0.06
2021-01-11T00:00:00.000Z,21013,1947303,20.94,19237,25253,0.27
2021-01-12T00:00:00.000Z,23906,1971209,21.2,35639,60892,0.65
2021-01-13T00:00:00.000Z,51918,2023127,21.76,56814,117706,1.27
2021-01-14T00:00:00.000Z,56302,2079429,22.36,68755,186461,2.01
2021-01-15T00:00:00.000Z,30616,2110045,22.69,35883,222344,2.39
2021-01-16T00:00:00.000Z,29366,2139411,23.01,25977,248321,2.67
2021-01-17T00:00:00.000Z,68255,2207666,23.74,84456,332777,3.58
2021-01-18T00:00:00.000Z,69526,2277192,24.49,120213,452990,4.87
2021-01-19T00:00:00.000Z,72580,2349772,25.27,137531,590521,6.35
2021-01-20T00:00:00.000Z,76535,2426307,26.09,143401,733922,7.89
2021-01-21T00:00:00.000Z,69580,2495887,26.84,163966,897888,9.66
2021-01-22T00:00:00.000Z,37713,2533600,27.25,70922,968810,10.42
2021-01-23T00:00:00.000Z,39853,2573453,27.67,53473,1022283,10.99
2021-01-24T00:00:00.000Z,68939,2642392,28.42,140338,1162621,12.5
2021-01-25T00:00:00.000Z,80732,2723124,29.28,139173,1301794,14
2021-01-26T00:00:00.000Z,78480,2801604,30.13,126069,1427863,15.35
2021-01-27T00:00:00.000Z,77693,2879297,30.96,124722,1552585,16.7
2021-01-28T00:00:00.000Z,79407,2958704,31.82,130296,1682881,18.1
2021-01-29T00:00:00.000Z,36522,2995226,32.21,64611,1747492,18.79
2021-01-30T00:00:00.000Z,34288,3029514,32.58,42662,1790154,19.25
2021-01-31T00:00:00.000Z,73179,3102693,33.36,59343,1849497,19.89
2021-02-01T00:00:00.000Z,82273,3184966,34.25,35210,1884707,20.27
2021-02-02T00:00:00.000Z,69864,3254830,35,30948,1915655,20.6
2021-02-03T00:00:00.000Z,60073,3314903,35.65,51270,1966925,21.15
2021-02-04T00:00:00.000Z,72388,3387291,36.43,57920,2024845,21.77
2021-02-05T00:00:00.000Z,33777,3421068,36.79,28657,2053502,22.08
2021-02-06T00:00:00.000Z,21535,3442603,37.02,22140,2075642,22.32
2021-02-07T00:00:00.000Z,53938,3496541,37.6,68545,2144187,23.06
2021-02-08T00:00:00.000Z,58480,3555021,38.23,65202,2209389,23.76
2021-02-09T00:00:00.000Z,66119,3621140,38.94,67281,2276670,24.48
2021-02-10T00:00:00.000Z,70338,3691478,39.7,71951,2348621,25.26
2021-02-11T00:00:00.000Z,80892,3772370,40.57,71533,2420154,26.03
2021-02-12T00:00:00.000Z,38937,3811307,40.98,37409,2457563,26.43
2021-02-13T00:00:00.000Z,27388,3838695,41.28,30348,2487911,26.75
2021-02-14T00:00:00.000Z,74729,3913424,42.08,68872,2556783,27.49
2021-02-15T00:00:00.000Z,81322,3994746,42.96,75488,2632271,28.31
2021-02-16T00:00:00.000Z,83319,4078065,43.85,78039,2710310,29.15
2021-02-17T00:00:00.000Z,61797,4139862,44.52,75339,2785649,29.96
2021-02-18T00:00:00.000Z,68977,4208839,45.26,79494,2865143,30.81
2021-02-19T00:00:00.000Z,39559,4248398,45.69,37994,2903137,31.22
2021-02-20T00:00:00.000Z,31583,4279981,46.02,28643,2931780,31.53
2021-02-21T00:00:00.000Z,79315,4359296,46.88,78344,3010124,32.37
2021-02-22T00:00:00.000Z,84876,4444172,47.79,80357,3090481,33.23
2021-02-23T00:00:00.000Z,77193,4521365,48.62,70229,3160710,33.99
2021-02-24T00:00:00.000Z,60875,4582240,49.28,62872,3223582,34.66
2021-02-25T00:00:00.000Z,51509,4633749,49.83,64542,3288124,35.36
2021-02-26T00:00:00.000Z,25753,4659502,50.11,31887,3320011,35.7
2021-02-27T00:00:00.000Z,18255,4677757,50.3,21128,3341139,35.93
2021-02-28T00:00:00.000Z,40165,4717922,50.73,55711,3396850,36.53
2021-03-01T00:00:00.000Z,45508,4763430,51.22,61266,3458116,37.19
2021-03-02T00:00:00.000Z,41005,4804435,51.66,64522,3522638,37.88
2021-03-03T00:00:00.000Z,41784,4846219,52.11,66561,3589199,38.6
2021-03-04T00:00:00.000Z,39475,4885694,52.54,78847,3668046,39.44
2021-03-05T00:00:00.000Z,17166,4902860,52.72,40321,3708367,39.88
2021-03-06T00:00:00.000Z,10566,4913426,52.84,25278,3733645,40.15
2021-03-07T00:00:00.000Z,30965,4944391,53.17,72679,3806324,40.93
2021-03-08T00:00:00.000Z,27162,4971553,53.46,73082,3879406,41.72
2021-03-09T00:00:00.000Z,26501,4998054,53.75,76477,3955883,42.54
2021-03-10T00:00:00.000Z,23089,5021143,53.99,58505,4014388,43.17
2021-03-11T00:00:00.000Z,23056,5044199,54.24,68885,4083273,43.91
2021-03-12T00:00:00.000Z,11096,5055295,54.36,41296,4124569,44.35
2021-03-13T00:00:00.000Z,7848,5063143,54.45,25182,4149751,44.62
2021-03-14T00:00:00.000Z,20828,5083971,54.67,73828,4223579,45.42
2021-03-15T00:00:00.000Z,19903,5103874,54.88,78054,4301633,46.26
2021-03-16T00:00:00.000Z,18532,5122406,55.08,71355,4372988,47.02
2021-03-17T00:00:00.000Z,17502,5139908,55.27,58832,4431820,47.66
2021-03-18T00:00:00.000Z,15824,5155732,55.44,57965,4489785,48.28
2021-03-19T00:00:00.000Z,6752,5162484,55.51,27868,4517653,48.58
2021-03-20T00:00:00.000Z,5118,5167602,55.57,15226,4532879,48.74
2021-03-21T00:00:00.000Z,13029,5180631,55.71,40364,4573243,49.18
2021-03-22T00:00:00.000Z,13354,5193985,55.85,40370,4613613,49.61
2021-03-23T00:00:00.000Z,2603,5196588,55.88,7155,4620768,49.69
2021-03-24T00:00:00.000Z,10788,5207376,56,46349,4667117,50.19
2021-03-25T00:00:00.000Z,10035,5217411,56.11,35255,4702372,50.57
2021-03-26T00:00:00.000Z,4005,5221416,56.15,13216,4715588,50.71
2021-03-27T00:00:00.000Z,1710,5223126,56.17,4200,4719788,50.75
2021-03-28T00:00:00.000Z,2039,5225165,56.19,4548,4724336,50.8
2021-03-29T00:00:00.000Z,6775,5231940,56.26,29856,4754192,51.12
2021-03-30T00:00:00.000Z,7657,5239597,56.34,22232,4776424,51.36
2021-03-31T00:00:00.000Z,7948,5247545,56.43,19250,4795674,51.57
2021-04-01T00:00:00.000Z,7944,5255489,56.51,18467,4814141,51.77
2021-04-02T00:00:00.000Z,2768,5258257,56.54,7964,4822105,51.85
2021-04-03T00:00:00.000Z,1339,5259596,56.56,2878,4824983,51.89
2021-04-04T00:00:00.000Z,9540,5269136,56.66,22716,4847699,52.13
2021-04-05T00:00:00.000Z,10173,5279309,56.77,21081,4868780,52.36
2021-04-06T00:00:00.000Z,8771,5288080,56.87,16554,4885334,52.53
2021-04-07T00:00:00.000Z,8672,5296752,56.96,15090,4900424,52.7
2021-04-08T00:00:00.000Z,9161,5305913,57.06,16747,4917171,52.88
2021-04-09T00:00:00.000Z,3369,5309282,57.09,6053,4923224,52.94
2021-04-10T00:00:00.000Z,1491,5310773,57.11,3429,4926653,52.98
2021-04-11T00:00:00.000Z,8894,5319667,57.21,14094,4940747,53.13
2021-04-12T00:00:00.000Z,8702,5328369,57.3,13023,4953770,53.27
2021-04-13T00:00:00.000Z,5599,5333968,57.36,4780,4958550,53.32
2021-04-14T00:00:00.000Z,3425,5337393,57.4,5110,4963660,53.38
2021-04-15T00:00:00.000Z,450,5337843,57.4,413,4964073,53.38
2021-04-16T00:00:00.000Z,3191,5341034,57.43,6458,4970531,53.45
2021-04-17T00:00:00.000Z,743,5341777,57.44,1912,4972443,53.47
2021-04-18T00:00:00.000Z,6965,5348742,57.52,7351,4979794,53.55
2021-04-19T00:00:00.000Z,6204,5354946,57.58,6969,4986763,53.63
2021-04-20T00:00:00.000Z,6044,5360990,57.65,6684,4993447,53.7
2021-04-21T00:00:00.000Z,6150,5367140,57.72,6900,5000347,53.77
2021-04-22T00:00:00.000Z,5742,5372882,57.78,7467,5007814,53.85
2021-04-23T00:00:00.000Z,2584,5375466,57.81,3232,5011046,53.89
2021-04-24T00:00:00.000Z,679,5376145,57.81,1212,5012258,53.9
2021-04-25T00:00:00.000Z,4716,5380861,57.86,6825,5019083,53.97
2021-04-26T00:00:00.000Z,5331,5386192,57.92,7724,5026807,54.06
2021-04-27T00:00:00.000Z,4347,5390539,57.97,6415,5033222,54.12
2021-04-28T00:00:00.000Z,4310,5394849,58.01,7095,5040317,54.2
2021-04-29T00:00:00.000Z,4191,5399040,58.06,7084,5047401,54.28
2021-04-30T00:00:00.000Z,1731,5400771,58.08,3001,5050402,54.31
2021-05-01T00:00:00.000Z,382,5401153,58.08,820,5051222,54.32
2021-05-02T00:00:00.000Z,3154,5404307,58.12,5953,5057175,54.38
2021-05-03T00:00:00.000Z,3400,5407707,58.15,5631,5062806,54.44
2021-05-04T00:00:00.000Z,3382,5411089,58.19,4529,5067335,54.49
2021-05-05T00:00:00.000Z,3110,5414199,58.22,3865,5071200,54.53
2021-05-06T00:00:00.000Z,3436,5417635,58.26,2922,5074122,54.56
2021-05-07T00:00:00.000Z,1661,5419296,58.28,2282,5076404,54.59
2021-05-08T00:00:00.000Z,175,5419471,58.28,423,5076827,54.59
2021-05-09T00:00:00.000Z,2766,5422237,58.31,4625,5081452,54.64
2021-05-10T00:00:00.000Z,2765,5425002,58.34,4522,5085974,54.69
2021-05-11T00:00:00.000Z,2414,5427416,58.36,3639,5089613,54.73
2021-05-12T00:00:00.000Z,1815,5429231,58.38,3095,5092708,54.76
2021-05-13T00:00:00.000Z,1815,5431046,58.4,3475,5096183,54.8
2021-05-14T00:00:00.000Z,773,5431819,58.41,1333,5097516,54.82
2021-05-15T00:00:00.000Z,133,5431952,58.41,173,5097689,54.82
2021-05-16T00:00:00.000Z,426,5432378,58.42,1134,5098823,54.83
2021-05-17T00:00:00.000Z,187,5432565,58.42,758,5099581,54.84
2021-05-18T00:00:00.000Z,1815,5434380,58.44,4798,5104379,54.89
2021-05-19T00:00:00.000Z,2030,5436410,58.46,4876,5109255,54.94
2021-05-20T00:00:00.000Z,2092,5438502,58.48,3715,5112970,54.98
2021-05-21T00:00:00.000Z,1007,5439509,58.49,1223,5114193,55
2021-05-22T00:00:00.000Z,139,5439648,58.5,323,5114516,55
2021-05-23T00:00:00.000Z,2198,5441846,58.52,3125,5117641,55.03
2021-05-24T00:00:00.000Z,1976,5443822,58.54,3462,5121103,55.07
2021-05-25T00:00:00.000Z,1650,5445472,58.56,2437,5123540,55.1
2021-05-26T00:00:00.000Z,1218,5446690,58.57,2324,5125864,55.12
2021-05-27T00:00:00.000Z,1634,5448324,58.59,2944,5128808,55.15
2021-05-28T00:00:00.000Z,616,5448940,58.6,1240,5130048,55.17
2021-05-29T00:00:00.000Z,104,5449044,58.6,161,5130209,55.17
2021-05-30T00:00:00.000Z,1546,5450590,58.61,1847,5132056,55.19
2021-05-31T00:00:00.000Z,1522,5452112,58.63,1947,5134003,55.21
2021-06-01T00:00:00.000Z,1177,5453289,58.64,1666,5135669,55.23
2021-06-02T00:00:00.000Z,1290,5454579,58.66,1433,5137102,55.24
2021-06-03T00:00:00.000Z,1503,5456082,58.67,1291,5138393,55.26
2021-06-04T00:00:00.000Z,925,5457007,58.68,546,5138939,55.26
2021-06-05T00:00:00.000Z,103,5457110,58.68,66,5139005,55.26
2021-06-06T00:00:00.000Z,4179,5461289,58.73,873,5139878,55.27
2021-06-07T00:00:00.000Z,4221,5465510,58.77,667,5140545,55.28
2021-06-08T00:00:00.000Z,3551,5469061,58.81,1018,5141563,55.29
2021-06-09T00:00:00.000Z,3454,5472515,58.85,1128,5142691,55.3
2021-06-10T00:00:00.000Z,3186,5475701,58.88,1122,5143813,55.31
2021-06-11T00:00:00.000Z,1241,5476942,58.9,406,5144219,55.32
2021-06-12T00:00:00.000Z,138,5477080,58.9,89,5144308,55.32
2021-06-13T00:00:00.000Z,3034,5480114,58.93,1165,5145473,55.33
2021-06-14T00:00:00.000Z,2882,5482996,58.96,1349,5146822,55.35
2021-06-15T00:00:00.000Z,2950,5485946,58.99,1181,5148003,55.36
2021-06-16T00:00:00.000Z,2561,5488507,59.02,829,5148832,55.37
2021-06-17T00:00:00.000Z,2548,5491055,59.05,1009,5149841,55.38
2021-06-18T00:00:00.000Z,1086,5492141,59.06,332,5150173,55.38
2021-06-19T00:00:00.000Z,141,5492282,59.06,78,5150251,55.38
2021-06-20T00:00:00.000Z,3225,5495507,59.1,1211,5151462,55.4
2021-06-21T00:00:00.000Z,5037,5500544,59.15,1055,5152517,55.41
2021-06-22T00:00:00.000Z,6751,5507295,59.22,908,5153425,55.42
2021-06-23T00:00:00.000Z,10543,5517838,59.34,1104,5154529,55.43
2021-06-24T00:00:00.000Z,11841,5529679,59.46,1302,5155831,55.44
2021-06-25T00:00:00.000Z,6914,5536593,59.54,767,5156598,55.45
2021-06-26T00:00:00.000Z,2186,5538779,59.56,110,5156708,55.45
2021-06-27T00:00:00.000Z,13516,5552295,59.71,3295,5160003,55.49
2021-06-28T00:00:00.000Z,14329,5566624,59.86,3471,5163474,55.53
2021-06-29T00:00:00.000Z,16500,5583124,60.04,3520,5166994,55.56
2021-06-30T00:00:00.000Z,16270,5599394,60.21,3184,5170178,55.6
2021-07-01T00:00:00.000Z,16672,5616066,60.39,3189,5173367,55.63
2021-07-02T00:00:00.000Z,9656,5625722,60.5,1399,5174766,55.65
2021-07-03T00:00:00.000Z,2589,5628311,60.52,238,5175004,55.65
2021-07-04T00:00:00.000Z,17625,5645936,60.71,3068,5178072,55.68
2021-07-05T00:00:00.000Z,17634,5663570,60.9,2867,5180939,55.71
2021-07-06T00:00:00.000Z,17697,5681267,61.09,3191,5184130,55.75
2021-07-07T00:00:00.000Z,15278,5696545,61.26,2498,5186628,55.77
2021-07-08T00:00:00.000Z,16384,5712929,61.43,2661,5189289,55.8
2021-07-09T00:00:00.000Z,10991,5723920,61.55,1303,5190592,55.82
2021-07-10T00:00:00.000Z,4878,5728798,61.6,303,5190895,55.82
2021-07-11T00:00:00.000Z,1387,5730185,61.62,2760,5193655,55.85
2021-07-12T00:00:00.000Z,2316,5732501,61.64,3496,5197151,55.89
2021-07-13T00:00:00.000Z,2838,5735339,61.68,5236,5202387,55.94
2021-07-14T00:00:00.000Z,2604,5737943,61.7,7319,5209706,56.02
2021-07-15T00:00:00.000Z,0,5737943,61.7,0,5209706,56.02
