value
2021-10-29T00:00:00.000Z
