date,visited_country,vaccination_ind,none_vaccination_ind,sum_arrival
2021-05-01T00:00:00.000Z,אזרביג'אן,4,0,4
2021-05-01T00:00:00.000Z,ארמניה,10,2,12
2021-05-01T00:00:00.000Z,בילורוסיה,1,0,1
2021-05-01T00:00:00.000Z,ברזיל,3,7,10
2021-05-01T00:00:00.000Z,הונג קונג,0,6,6
2021-05-01T00:00:00.000Z,תורכיה,176,119,295
2021-05-01T00:00:00.000Z,גינאה,0,1,1
2021-05-01T00:00:00.000Z,זאיר,7,1,8
2021-05-01T00:00:00.000Z,פורטוגל,7,4,11
2021-05-01T00:00:00.000Z,דרום אפריקה,11,8,19
2021-05-01T00:00:00.000Z,הממלכה המאוחדת,17,41,58
2021-05-01T00:00:00.000Z,סלובניה,1,0,1
2021-05-01T00:00:00.000Z,גאנה,3,0,3
2021-05-01T00:00:00.000Z,דנמרק,6,3,9
2021-05-01T00:00:00.000Z,קנדה,3,8,11
2021-05-01T00:00:00.000Z,הולנד,6,17,23
2021-05-01T00:00:00.000Z,סאו טומה ופרינציפה,1,0,1
2021-05-01T00:00:00.000Z,אנגולה,2,0,2
2021-05-01T00:00:00.000Z,כלל המדינות,3334,1969,5303
2021-05-01T00:00:00.000Z,מרוקו,1,6,7
2021-05-01T00:00:00.000Z,אוגנדה,3,1,4
2021-05-01T00:00:00.000Z,מלדיבים,6,5,11
2021-05-01T00:00:00.000Z,בוטסואנה,1,0,1
2021-05-01T00:00:00.000Z,ספרד,13,4,17
2021-05-01T00:00:00.000Z,קרואטיה,8,1,9
2021-05-01T00:00:00.000Z,תורכמניסטאן,1,0,1
2021-05-01T00:00:00.000Z,קוסטה ריקה,2,1,3
2021-05-01T00:00:00.000Z,סינגפור,0,2,2
2021-05-01T00:00:00.000Z,זימבאבווה,2,0,2
2021-05-01T00:00:00.000Z,אירלנד,0,17,17
2021-05-01T00:00:00.000Z,רומניה,1,2,3
2021-05-01T00:00:00.000Z,יפן,1,9,10
2021-05-01T00:00:00.000Z,שוויץ,3,2,5
2021-05-01T00:00:00.000Z,קניה,5,2,7
2021-05-01T00:00:00.000Z,גאורגיה,8,0,8
2021-05-01T00:00:00.000Z,נפאל,4,0,4
2021-05-01T00:00:00.000Z,אוסטריה,17,21,38
2021-05-01T00:00:00.000Z,פיליפינים,0,14,14
2021-05-01T00:00:00.000Z,פולין,23,14,37
2021-05-01T00:00:00.000Z,צכיה,2,7,9
2021-05-01T00:00:00.000Z,סין,0,3,3
2021-05-01T00:00:00.000Z,בוסניה הרצגובינה,3,0,3
2021-05-01T00:00:00.000Z,מצרים,644,136,780
2021-05-01T00:00:00.000Z,ניגריה,3,0,3
2021-05-01T00:00:00.000Z,איחוד האמירויות הערב,284,79,363
2021-05-01T00:00:00.000Z,הרפ הדומיניקנית,3,1,4
2021-05-01T00:00:00.000Z,גווטאמלה,4,0,4
2021-05-01T00:00:00.000Z,מלטה,1,6,7
2021-05-01T00:00:00.000Z,צרפת,33,40,73
2021-05-01T00:00:00.000Z,תאילנד,1,0,1
2021-05-01T00:00:00.000Z,ארצות הברית,407,384,791
2021-05-01T00:00:00.000Z,הונגריה,0,2,2
2021-05-01T00:00:00.000Z,שוודיה,3,2,5
2021-05-01T00:00:00.000Z,ניו זילנד,0,1,1
2021-05-01T00:00:00.000Z,רואנדה,3,2,5
2021-05-01T00:00:00.000Z,אוקראינה,115,61,176
2021-05-01T00:00:00.000Z,איטליה,15,19,34
2021-05-01T00:00:00.000Z,קפריסין,145,28,173
2021-05-01T00:00:00.000Z,קולומביה,3,0,3
2021-05-01T00:00:00.000Z,סרביה,0,4,4
2021-05-01T00:00:00.000Z,זמביה,4,0,4
2021-05-01T00:00:00.000Z,פינלנד,1,4,5
2021-05-01T00:00:00.000Z,נורבגיה,0,1,1
2021-05-01T00:00:00.000Z,קזחסטאן,0,1,1
2021-05-01T00:00:00.000Z,חוף השנהב,5,0,5
2021-05-01T00:00:00.000Z,מונטנגרו,2,0,2
2021-05-01T00:00:00.000Z,דרום סודאן,1,0,1
2021-05-01T00:00:00.000Z,לסוטו,1,0,1
2021-05-01T00:00:00.000Z,לטביה,2,2,4
2021-05-01T00:00:00.000Z,לוכסמבורג,1,0,1
2021-05-01T00:00:00.000Z,טנזניה,8,3,11
2021-05-01T00:00:00.000Z,בלגיה,2,9,11
2021-05-01T00:00:00.000Z,מולדובה,23,64,87
2021-05-01T00:00:00.000Z,אתיופיה,40,20,60
2021-05-01T00:00:00.000Z,יוון,16,0,16
2021-05-01T00:00:00.000Z,אקואדור,0,2,2
2021-05-01T00:00:00.000Z,אוסטרליה,1,5,6
2021-05-01T00:00:00.000Z,מקסיקו,14,13,27
2021-05-01T00:00:00.000Z,גרמניה,156,116,272
2021-05-01T00:00:00.000Z,פורטו ריקו,1,0,1
2021-05-01T00:00:00.000Z,ליטא,2,2,4
2021-05-01T00:00:00.000Z,רוסיה,2,5,7
2021-05-01T00:00:00.000Z,קוריאה הדרומית,3,0,3
2021-05-01T00:00:00.000Z,סרי לנקה (צילון),0,2,2
2021-05-02T00:00:00.000Z,בולגריה,155,21,176
2021-05-02T00:00:00.000Z,קירג'זסטאן,2,0,2
2021-05-02T00:00:00.000Z,קנדה,11,88,99
2021-05-02T00:00:00.000Z,קניה,0,1,1
2021-05-02T00:00:00.000Z,מלטה,1,0,1
2021-05-02T00:00:00.000Z,ספרד,5,8,13
2021-05-02T00:00:00.000Z,קרואטיה,22,4,26
2021-05-02T00:00:00.000Z,בילורוסיה,88,39,127
2021-05-02T00:00:00.000Z,עירק,0,1,1
2021-05-02T00:00:00.000Z,אוקראינה,242,165,407
2021-05-02T00:00:00.000Z,איטליה,7,9,16
2021-05-02T00:00:00.000Z,הרפ הדומיניקנית,2,0,2
2021-05-02T00:00:00.000Z,אוזבקיסטן,4,12,16
2021-05-02T00:00:00.000Z,דנמרק,2,0,2
2021-05-02T00:00:00.000Z,צ'ילה,0,2,2
2021-05-02T00:00:00.000Z,ברזיל,1,3,4
2021-05-02T00:00:00.000Z,ערב הסעודית,0,1,1
2021-05-02T00:00:00.000Z,נפאל,3,1,4
2021-05-02T00:00:00.000Z,גרמניה,81,136,217
2021-05-02T00:00:00.000Z,שוודיה,1,1,2
2021-05-02T00:00:00.000Z,קפריסין,154,32,186
2021-05-02T00:00:00.000Z,אזרביג'אן,7,5,12
2021-05-02T00:00:00.000Z,סרי לנקה (צילון),1,2,3
2021-05-02T00:00:00.000Z,רוסיה,68,94,162
2021-05-02T00:00:00.000Z,אוסטריה,12,12,24
2021-05-02T00:00:00.000Z,יפן,0,1,1
2021-05-02T00:00:00.000Z,יוון,93,17,110
2021-05-02T00:00:00.000Z,צרפת,79,159,238
2021-05-02T00:00:00.000Z,פינלנד,0,1,1
2021-05-02T00:00:00.000Z,קזחסטאן,0,1,1
2021-05-02T00:00:00.000Z,אוגנדה,0,2,2
2021-05-02T00:00:00.000Z,סרביה,1,3,4
2021-05-02T00:00:00.000Z,מלדיבים,22,0,22
2021-05-02T00:00:00.000Z,לטביה,0,1,1
2021-05-02T00:00:00.000Z,לוכסמבורג,1,1,2
2021-05-02T00:00:00.000Z,ירדן,31,46,77
2021-05-02T00:00:00.000Z,איסלנד,3,0,3
2021-05-02T00:00:00.000Z,טיוואן,2,1,3
2021-05-02T00:00:00.000Z,איחוד האמירויות הערב,293,51,344
2021-05-02T00:00:00.000Z,הולנד,39,48,87
2021-05-02T00:00:00.000Z,רומניה,44,19,63
2021-05-02T00:00:00.000Z,פיליפינים,0,7,7
2021-05-02T00:00:00.000Z,הממלכה המאוחדת,49,151,200
2021-05-02T00:00:00.000Z,ארצות הברית,256,273,529
2021-05-02T00:00:00.000Z,אינדונזיה,0,2,2
2021-05-02T00:00:00.000Z,פרו,0,2,2
2021-05-02T00:00:00.000Z,צכיה,2,0,2
2021-05-02T00:00:00.000Z,קוסטה ריקה,2,5,7
2021-05-02T00:00:00.000Z,תורכיה,206,106,312
2021-05-02T00:00:00.000Z,מצרים,551,70,621
2021-05-02T00:00:00.000Z,מקסיקו,24,11,35
2021-05-02T00:00:00.000Z,פולין,12,13,25
2021-05-02T00:00:00.000Z,קולומביה,1,1,2
2021-05-02T00:00:00.000Z,ניגריה,0,1,1
2021-05-02T00:00:00.000Z,קוריאה הדרומית,5,1,6
2021-05-02T00:00:00.000Z,איי סיישל,98,17,115
2021-05-02T00:00:00.000Z,שוויץ,52,62,114
2021-05-02T00:00:00.000Z,בלגיה,2,7,9
2021-05-02T00:00:00.000Z,תאילנד,1,10,11
2021-05-02T00:00:00.000Z,חוף השנהב,1,0,1
2021-05-02T00:00:00.000Z,גאורגיה,438,59,497
2021-05-02T00:00:00.000Z,תוניסיה,0,1,1
2021-05-02T00:00:00.000Z,אירלנד,0,4,4
2021-05-02T00:00:00.000Z,נורבגיה,0,2,2
2021-05-02T00:00:00.000Z,פורטוגל,4,4,8
2021-05-02T00:00:00.000Z,כלל המדינות,3793,2191,5984
2021-05-02T00:00:00.000Z,הונגריה,0,1,1
2021-05-02T00:00:00.000Z,תורכמניסטאן,1,0,1
2021-05-02T00:00:00.000Z,ונצואלה,0,1,1
2021-05-03T00:00:00.000Z,ניגריה,3,1,4
2021-05-03T00:00:00.000Z,קרואטיה,11,4,15
2021-05-03T00:00:00.000Z,ארגנטינה,3,0,3
2021-05-03T00:00:00.000Z,איטליה,21,15,36
2021-05-03T00:00:00.000Z,איסלנד,5,0,5
2021-05-03T00:00:00.000Z,ארצות הברית,588,711,1299
2021-05-03T00:00:00.000Z,סיירה ליאונה,0,2,2
2021-05-03T00:00:00.000Z,צרפת,160,299,459
2021-05-03T00:00:00.000Z,קזחסטאן,0,1,1
2021-05-03T00:00:00.000Z,מונטנגרו,15,2,17
2021-05-03T00:00:00.000Z,קוסטה ריקה,10,3,13
2021-05-03T00:00:00.000Z,צ'ילה,1,5,6
2021-05-03T00:00:00.000Z,תורכיה,39,35,74
2021-05-03T00:00:00.000Z,סינגפור,1,0,1
2021-05-03T00:00:00.000Z,הודו,88,145,233
2021-05-03T00:00:00.000Z,מלדיבים,11,1,12
2021-05-03T00:00:00.000Z,הונגריה,31,30,61
2021-05-03T00:00:00.000Z,קובה,5,0,5
2021-05-03T00:00:00.000Z,טנזניה,2,2,4
2021-05-03T00:00:00.000Z,אוסטרליה,0,2,2
2021-05-03T00:00:00.000Z,גרמניה,79,65,144
2021-05-03T00:00:00.000Z,פרגוואי,2,0,2
2021-05-03T00:00:00.000Z,פולין,3,11,14
2021-05-03T00:00:00.000Z,תוניסיה,1,0,1
2021-05-03T00:00:00.000Z,הולנד,33,16,49
2021-05-03T00:00:00.000Z,קניה,5,0,5
2021-05-03T00:00:00.000Z,אורגוואי,1,3,4
2021-05-03T00:00:00.000Z,קנדה,3,2,5
2021-05-03T00:00:00.000Z,שוויץ,29,44,73
2021-05-03T00:00:00.000Z,חוף השנהב,2,0,2
2021-05-03T00:00:00.000Z,בלגיה,3,6,9
2021-05-03T00:00:00.000Z,גאנה,3,1,4
2021-05-03T00:00:00.000Z,ליטא,4,0,4
2021-05-03T00:00:00.000Z,קירג'זסטאן,1,0,1
2021-05-03T00:00:00.000Z,לוכסמבורג,1,0,1
2021-05-03T00:00:00.000Z,הרפ הדומיניקנית,1,0,1
2021-05-03T00:00:00.000Z,גאורגיה,250,31,281
2021-05-03T00:00:00.000Z,רוסיה,146,308,454
2021-05-03T00:00:00.000Z,אירלנד,0,1,1
2021-05-03T00:00:00.000Z,נורבגיה,0,3,3
2021-05-03T00:00:00.000Z,תאילנד,1,2,3
2021-05-03T00:00:00.000Z,קוריאה הדרומית,1,0,1
2021-05-03T00:00:00.000Z,פיליפינים,0,9,9
2021-05-03T00:00:00.000Z,כלל המדינות,3679,2855,6534
2021-05-03T00:00:00.000Z,מלטה,1,0,1
2021-05-03T00:00:00.000Z,קפריסין,95,24,119
2021-05-03T00:00:00.000Z,דרום אפריקה,11,8,19
2021-05-03T00:00:00.000Z,בוליביה,2,0,2
2021-05-03T00:00:00.000Z,אלבניה,0,1,1
2021-05-03T00:00:00.000Z,סוריה,0,3,3
2021-05-03T00:00:00.000Z,בולגריה,178,26,204
2021-05-03T00:00:00.000Z,רואנדה,5,3,8
2021-05-03T00:00:00.000Z,אוקראינה,21,30,51
2021-05-03T00:00:00.000Z,נפאל,2,2,4
2021-05-03T00:00:00.000Z,פרו,1,0,1
2021-05-03T00:00:00.000Z,אתיופיה,25,5,30
2021-05-03T00:00:00.000Z,בוסניה הרצגובינה,1,0,1
2021-05-03T00:00:00.000Z,סנגל,0,1,1
2021-05-03T00:00:00.000Z,שוודיה,2,1,3
2021-05-03T00:00:00.000Z,הממלכה המאוחדת,28,78,106
2021-05-03T00:00:00.000Z,אוגנדה,6,0,6
2021-05-03T00:00:00.000Z,אינדונזיה,1,0,1
2021-05-03T00:00:00.000Z,קולומביה,1,2,3
2021-05-03T00:00:00.000Z,יוון,43,11,54
2021-05-03T00:00:00.000Z,ספרד,54,55,109
2021-05-03T00:00:00.000Z,הונג קונג,0,1,1
2021-05-03T00:00:00.000Z,פנמה,1,3,4
2021-05-03T00:00:00.000Z,פורטוגל,4,6,10
2021-05-03T00:00:00.000Z,איחוד האמירויות הערב,295,69,364
2021-05-03T00:00:00.000Z,צכיה,1,1,2
2021-05-03T00:00:00.000Z,אקואדור,0,2,2
2021-05-03T00:00:00.000Z,סרביה,2,1,3
2021-05-03T00:00:00.000Z,ירדן,23,22,45
2021-05-03T00:00:00.000Z,איי סיישל,138,12,150
2021-05-03T00:00:00.000Z,אוסטריה,56,56,112
2021-05-03T00:00:00.000Z,בילורוסיה,0,2,2
2021-05-03T00:00:00.000Z,בוטסואנה,0,1,1
2021-05-03T00:00:00.000Z,ברזיל,5,5,10
2021-05-03T00:00:00.000Z,מצרים,414,75,489
2021-05-03T00:00:00.000Z,מקסיקו,6,7,13
2021-05-03T00:00:00.000Z,דנמרק,3,3,6
2021-05-03T00:00:00.000Z,מרוקו,1,2,3
2021-05-03T00:00:00.000Z,רומניה,38,16,54
2021-05-04T00:00:00.000Z,אוגנדה,0,2,2
2021-05-04T00:00:00.000Z,גרמניה,69,75,144
2021-05-04T00:00:00.000Z,קוסטה ריקה,8,7,15
2021-05-04T00:00:00.000Z,סלובניה,1,0,1
2021-05-04T00:00:00.000Z,ארצות הברית,323,362,685
2021-05-04T00:00:00.000Z,מלטה,1,0,1
2021-05-04T00:00:00.000Z,פרו,2,1,3
2021-05-04T00:00:00.000Z,קזחסטאן,1,2,3
2021-05-04T00:00:00.000Z,שוויץ,11,0,11
2021-05-04T00:00:00.000Z,אוסטריה,4,2,6
2021-05-04T00:00:00.000Z,מאלי,2,0,2
2021-05-04T00:00:00.000Z,מרוקו,6,3,9
2021-05-04T00:00:00.000Z,נפאל,1,1,2
2021-05-04T00:00:00.000Z,דנמרק,3,3,6
2021-05-04T00:00:00.000Z,חוף השנהב,1,0,1
2021-05-04T00:00:00.000Z,קוריאה הדרומית,0,2,2
2021-05-04T00:00:00.000Z,אוזבקיסטן,4,20,24
2021-05-04T00:00:00.000Z,כלל המדינות,1886,1532,3418
2021-05-04T00:00:00.000Z,לטביה,4,2,6
2021-05-04T00:00:00.000Z,צ'ילה,0,2,2
2021-05-04T00:00:00.000Z,תאילנד,2,2,4
2021-05-04T00:00:00.000Z,אורגוואי,1,0,1
2021-05-04T00:00:00.000Z,ספרד,19,23,42
2021-05-04T00:00:00.000Z,אירלנד,0,1,1
2021-05-04T00:00:00.000Z,אוקראינה,72,59,131
2021-05-04T00:00:00.000Z,סרביה,0,2,2
2021-05-04T00:00:00.000Z,מולדובה,1,0,1
2021-05-04T00:00:00.000Z,ירדן,30,26,56
2021-05-04T00:00:00.000Z,זמביה,1,1,2
2021-05-04T00:00:00.000Z,פנמה,1,1,2
2021-05-04T00:00:00.000Z,בילורוסיה,46,17,63
2021-05-04T00:00:00.000Z,תורכיה,18,27,45
2021-05-04T00:00:00.000Z,קולומביה,1,6,7
2021-05-04T00:00:00.000Z,עומן,0,2,2
2021-05-04T00:00:00.000Z,צרפת,79,153,232
2021-05-04T00:00:00.000Z,רומניה,24,20,44
2021-05-04T00:00:00.000Z,גאורגיה,3,2,5
2021-05-04T00:00:00.000Z,הונגריה,31,17,48
2021-05-04T00:00:00.000Z,מקסיקו,3,9,12
2021-05-04T00:00:00.000Z,אזרביג'אן,0,2,2
2021-05-04T00:00:00.000Z,מצרים,302,117,419
2021-05-04T00:00:00.000Z,גווטאמלה,1,0,1
2021-05-04T00:00:00.000Z,רוסיה,30,28,58
2021-05-04T00:00:00.000Z,פיליפינים,0,2,2
2021-05-04T00:00:00.000Z,קניה,2,0,2
2021-05-04T00:00:00.000Z,הממלכה המאוחדת,48,73,121
2021-05-04T00:00:00.000Z,דרום אפריקה,9,3,12
2021-05-04T00:00:00.000Z,בורונדי,1,0,1
2021-05-04T00:00:00.000Z,לבנון,10,0,10
2021-05-04T00:00:00.000Z,איי סיישל,0,1,1
2021-05-04T00:00:00.000Z,תוניסיה,0,2,2
2021-05-04T00:00:00.000Z,ברזיל,3,7,10
2021-05-04T00:00:00.000Z,פינלנד,0,6,6
2021-05-04T00:00:00.000Z,קרואטיה,0,2,2
2021-05-04T00:00:00.000Z,מלדיבים,183,30,213
2021-05-04T00:00:00.000Z,איחוד האמירויות הערב,137,30,167
2021-05-04T00:00:00.000Z,יוון,43,11,54
2021-05-04T00:00:00.000Z,ארגנטינה,6,11,17
2021-05-04T00:00:00.000Z,איטליה,6,9,15
2021-05-04T00:00:00.000Z,אקואדור,0,1,1
2021-05-04T00:00:00.000Z,ניגריה,1,1,2
2021-05-04T00:00:00.000Z,בולגריה,2,0,2
2021-05-04T00:00:00.000Z,אתיופיה,6,9,15
2021-05-05T00:00:00.000Z,איי סיישל,103,20,123
2021-05-05T00:00:00.000Z,אוסטריה,23,27,50
2021-05-05T00:00:00.000Z,אוסטרליה,0,13,13
2021-05-05T00:00:00.000Z,אזרביג'אן,11,0,11
2021-05-05T00:00:00.000Z,מלטה,6,0,6
2021-05-05T00:00:00.000Z,אוזבקיסטן,2,0,2
2021-05-05T00:00:00.000Z,סרביה,3,6,9
2021-05-05T00:00:00.000Z,מולדובה,1,0,1
2021-05-05T00:00:00.000Z,האנטילים ההולנדים,2,0,2
2021-05-05T00:00:00.000Z,ליטא,4,0,4
2021-05-05T00:00:00.000Z,ניגריה,1,2,3
2021-05-05T00:00:00.000Z,בלגיה,3,6,9
2021-05-05T00:00:00.000Z,טנזניה,4,1,5
2021-05-05T00:00:00.000Z,איטליה,21,18,39
2021-05-05T00:00:00.000Z,תאילנד,1,3,4
2021-05-05T00:00:00.000Z,פיליפינים,1,2,3
2021-05-05T00:00:00.000Z,מוזמביק,0,1,1
2021-05-05T00:00:00.000Z,צרפת,67,212,279
2021-05-05T00:00:00.000Z,קפריסין,67,15,82
2021-05-05T00:00:00.000Z,מלדיבים,11,3,14
2021-05-05T00:00:00.000Z,דנמרק,3,1,4
2021-05-05T00:00:00.000Z,קירג'זסטאן,1,0,1
2021-05-05T00:00:00.000Z,פנמה,1,0,1
2021-05-05T00:00:00.000Z,אתיופיה,18,15,33
2021-05-05T00:00:00.000Z,סינגפור,0,1,1
2021-05-05T00:00:00.000Z,איסלנד,6,0,6
2021-05-05T00:00:00.000Z,גרמניה,71,117,188
2021-05-05T00:00:00.000Z,דרום אפריקה,12,8,20
2021-05-05T00:00:00.000Z,גווטאמלה,0,1,1
2021-05-05T00:00:00.000Z,ונצואלה,0,3,3
2021-05-05T00:00:00.000Z,צכיה,3,1,4
2021-05-05T00:00:00.000Z,ארגנטינה,0,4,4
2021-05-05T00:00:00.000Z,קוסטה ריקה,13,4,17
2021-05-05T00:00:00.000Z,אוגנדה,1,0,1
2021-05-05T00:00:00.000Z,קזחסטאן,3,1,4
2021-05-05T00:00:00.000Z,זימבאבווה,1,0,1
2021-05-05T00:00:00.000Z,רומניה,38,29,67
2021-05-05T00:00:00.000Z,ספרד,2,5,7
2021-05-05T00:00:00.000Z,איי ווליס ופוטונה,1,0,1
2021-05-05T00:00:00.000Z,הממלכה המאוחדת,10,30,40
2021-05-05T00:00:00.000Z,קנדה,6,87,93
2021-05-05T00:00:00.000Z,מצרים,257,69,326
2021-05-05T00:00:00.000Z,פינלנד,3,0,3
2021-05-05T00:00:00.000Z,בולגריה,2,0,2
2021-05-05T00:00:00.000Z,תורכיה,34,26,60
2021-05-05T00:00:00.000Z,ניו זילנד,1,1,2
2021-05-05T00:00:00.000Z,סרי לנקה (צילון),0,1,1
2021-05-05T00:00:00.000Z,פולין,24,16,40
2021-05-05T00:00:00.000Z,הולנד,37,33,70
2021-05-05T00:00:00.000Z,גאורגיה,73,9,82
2021-05-05T00:00:00.000Z,פורטוגל,1,8,9
2021-05-05T00:00:00.000Z,מקסיקו,37,10,47
2021-05-05T00:00:00.000Z,ברזיל,0,2,2
2021-05-05T00:00:00.000Z,אסטוניה,1,3,4
2021-05-05T00:00:00.000Z,יוון,44,4,48
2021-05-05T00:00:00.000Z,איחוד האמירויות הערב,173,51,224
2021-05-05T00:00:00.000Z,זמביה,1,0,1
2021-05-05T00:00:00.000Z,ערב הסעודית,0,1,1
2021-05-05T00:00:00.000Z,טיוואן,1,8,9
2021-05-05T00:00:00.000Z,שוודיה,1,5,6
2021-05-05T00:00:00.000Z,קרואטיה,6,3,9
2021-05-05T00:00:00.000Z,נפאל,2,2,4
2021-05-05T00:00:00.000Z,סין,0,17,17
2021-05-05T00:00:00.000Z,כלל המדינות,2218,2256,4474
2021-05-05T00:00:00.000Z,בוטסואנה,0,2,2
2021-05-05T00:00:00.000Z,ירדן,24,34,58
2021-05-05T00:00:00.000Z,אוקראינה,36,33,69
2021-05-05T00:00:00.000Z,רוסיה,67,88,155
2021-05-05T00:00:00.000Z,שוויץ,6,10,16
2021-05-05T00:00:00.000Z,ארצות הברית,496,769,1265
2021-05-05T00:00:00.000Z,נורבגיה,0,1,1
2021-05-05T00:00:00.000Z,קניה,2,5,7
2021-05-06T00:00:00.000Z,סיירה ליאונה,0,1,1
2021-05-06T00:00:00.000Z,בילורוסיה,95,44,139
2021-05-06T00:00:00.000Z,מאלי,1,1,2
2021-05-06T00:00:00.000Z,פורטוגל,6,1,7
2021-05-06T00:00:00.000Z,קוסטה ריקה,6,1,7
2021-05-06T00:00:00.000Z,ספרד,23,18,41
2021-05-06T00:00:00.000Z,אוגנדה,5,1,6
2021-05-06T00:00:00.000Z,סוריה,0,4,4
2021-05-06T00:00:00.000Z,טנזניה,3,0,3
2021-05-06T00:00:00.000Z,קוריאה הדרומית,1,0,1
2021-05-06T00:00:00.000Z,איטליה,11,10,21
2021-05-06T00:00:00.000Z,זאיר,0,1,1
2021-05-06T00:00:00.000Z,גאורגיה,224,44,268
2021-05-06T00:00:00.000Z,סנגל,4,0,4
2021-05-06T00:00:00.000Z,אנגולה,2,1,3
2021-05-06T00:00:00.000Z,אלבניה,4,0,4
2021-05-06T00:00:00.000Z,בלגיה,42,46,88
2021-05-06T00:00:00.000Z,צרפת,129,200,329
2021-05-06T00:00:00.000Z,גווטאמלה,0,1,1
2021-05-06T00:00:00.000Z,נפאל,7,4,11
2021-05-06T00:00:00.000Z,תורכיה,45,32,77
2021-05-06T00:00:00.000Z,ערב הסעודית,2,1,3
2021-05-06T00:00:00.000Z,לבנון,1,1,2
2021-05-06T00:00:00.000Z,פיליפינים,1,12,13
2021-05-06T00:00:00.000Z,שוויץ,18,40,58
2021-05-06T00:00:00.000Z,אוסטריה,18,15,33
2021-05-06T00:00:00.000Z,סין,0,6,6
2021-05-06T00:00:00.000Z,נורבגיה,0,3,3
2021-05-06T00:00:00.000Z,קטר,2,1,3
2021-05-06T00:00:00.000Z,אירלנד,2,4,6
2021-05-06T00:00:00.000Z,ארצות הברית,427,541,968
2021-05-06T00:00:00.000Z,הונגריה,1,0,1
2021-05-06T00:00:00.000Z,קרואטיה,5,2,7
2021-05-06T00:00:00.000Z,מלדיבים,15,0,15
2021-05-06T00:00:00.000Z,קזחסטאן,4,1,5
2021-05-06T00:00:00.000Z,מולדובה,24,80,104
2021-05-06T00:00:00.000Z,כלל המדינות,3300,2594,5894
2021-05-06T00:00:00.000Z,ליטא,3,2,5
2021-05-06T00:00:00.000Z,פנמה,5,4,9
2021-05-06T00:00:00.000Z,טיוואן,2,2,4
2021-05-06T00:00:00.000Z,הרפ הדומיניקנית,0,1,1
2021-05-06T00:00:00.000Z,קניה,2,2,4
2021-05-06T00:00:00.000Z,פרו,1,2,3
2021-05-06T00:00:00.000Z,קמרון,3,1,4
2021-05-06T00:00:00.000Z,בולגריה,19,5,24
2021-05-06T00:00:00.000Z,פולין,5,2,7
2021-05-06T00:00:00.000Z,צכיה,0,1,1
2021-05-06T00:00:00.000Z,מצרים,331,55,386
2021-05-06T00:00:00.000Z,סינגפור,2,0,2
2021-05-06T00:00:00.000Z,דרום אפריקה,8,7,15
2021-05-06T00:00:00.000Z,זמביה,1,0,1
2021-05-06T00:00:00.000Z,אתיופיה,38,17,55
2021-05-06T00:00:00.000Z,אוזבקיסטן,7,5,12
2021-05-06T00:00:00.000Z,שוודיה,2,1,3
2021-05-06T00:00:00.000Z,דנמרק,4,7,11
2021-05-06T00:00:00.000Z,לסוטו,1,0,1
2021-05-06T00:00:00.000Z,סלובניה,2,0,2
2021-05-06T00:00:00.000Z,איחוד האמירויות הערב,337,91,428
2021-05-06T00:00:00.000Z,הממלכה המאוחדת,68,131,199
2021-05-06T00:00:00.000Z,ניגריה,4,0,4
2021-05-06T00:00:00.000Z,ברזיל,8,3,11
2021-05-06T00:00:00.000Z,אזרביג'אן,27,1,28
2021-05-06T00:00:00.000Z,הולנד,3,1,4
2021-05-06T00:00:00.000Z,קירג'זסטאן,0,1,1
2021-05-06T00:00:00.000Z,אוקראינה,59,66,125
2021-05-06T00:00:00.000Z,פינלנד,1,2,3
2021-05-06T00:00:00.000Z,יוון,71,7,78
2021-05-06T00:00:00.000Z,רוסיה,44,96,140
2021-05-06T00:00:00.000Z,מקסיקו,7,3,10
2021-05-06T00:00:00.000Z,ארמניה,0,1,1
2021-05-06T00:00:00.000Z,סרי לנקה (צילון),1,0,1
2021-05-06T00:00:00.000Z,מדגסקר,0,2,2
2021-05-06T00:00:00.000Z,ארגנטינה,7,23,30
2021-05-06T00:00:00.000Z,רואנדה,2,0,2
2021-05-06T00:00:00.000Z,אוסטרליה,1,2,3
2021-05-06T00:00:00.000Z,קפריסין,197,21,218
2021-05-06T00:00:00.000Z,איי סיישל,84,16,100
2021-05-06T00:00:00.000Z,אורגוואי,1,2,3
2021-05-06T00:00:00.000Z,זימבאבווה,2,0,2
2021-05-06T00:00:00.000Z,אסטוניה,3,0,3
2021-05-06T00:00:00.000Z,חוף השנהב,7,3,10
2021-05-06T00:00:00.000Z,ירדן,44,46,90
2021-05-06T00:00:00.000Z,גבון,1,0,1
2021-05-06T00:00:00.000Z,גאנה,7,2,9
2021-05-06T00:00:00.000Z,סרביה,1,0,1
2021-05-06T00:00:00.000Z,מוזמביק,1,0,1
2021-05-06T00:00:00.000Z,תאילנד,6,269,275
2021-05-06T00:00:00.000Z,קולומביה,5,6,11
2021-05-06T00:00:00.000Z,קנדה,4,1,5
2021-05-06T00:00:00.000Z,גרמניה,103,94,197
2021-05-06T00:00:00.000Z,רומניה,30,16,46
2021-05-07T00:00:00.000Z,בלגיה,0,6,6
2021-05-07T00:00:00.000Z,הונגריה,46,29,75
2021-05-07T00:00:00.000Z,קולומביה,1,1,2
2021-05-07T00:00:00.000Z,סרביה,2,3,5
2021-05-07T00:00:00.000Z,אוסטרליה,0,2,2
2021-05-07T00:00:00.000Z,אוקראינה,37,23,60
2021-05-07T00:00:00.000Z,קוריאה הדרומית,1,0,1
2021-05-07T00:00:00.000Z,דנמרק,1,0,1
2021-05-07T00:00:00.000Z,גרמניה,83,64,147
2021-05-07T00:00:00.000Z,תאילנד,2,7,9
2021-05-07T00:00:00.000Z,איטליה,37,15,52
2021-05-07T00:00:00.000Z,קנדה,4,43,47
2021-05-07T00:00:00.000Z,צכיה,7,0,7
2021-05-07T00:00:00.000Z,שוודיה,1,3,4
2021-05-07T00:00:00.000Z,רומניה,1,0,1
2021-05-07T00:00:00.000Z,ברזיל,1,4,5
2021-05-07T00:00:00.000Z,הודו,0,1,1
2021-05-07T00:00:00.000Z,אינדונזיה,1,0,1
2021-05-07T00:00:00.000Z,מרוקו,5,0,5
2021-05-07T00:00:00.000Z,פורטוגל,10,7,17
2021-05-07T00:00:00.000Z,סלובניה,0,1,1
2021-05-07T00:00:00.000Z,תורכיה,10,10,20
2021-05-07T00:00:00.000Z,בולגריה,94,26,120
2021-05-07T00:00:00.000Z,אלבניה,2,1,3
2021-05-07T00:00:00.000Z,פנמה,2,4,6
2021-05-07T00:00:00.000Z,אסטוניה,0,3,3
2021-05-07T00:00:00.000Z,אוסטריה,42,24,66
2021-05-07T00:00:00.000Z,צרפת,72,209,281
2021-05-07T00:00:00.000Z,אזרביג'אן,1,0,1
2021-05-07T00:00:00.000Z,מלטה,3,2,5
2021-05-07T00:00:00.000Z,פולין,38,12,50
2021-05-07T00:00:00.000Z,לטביה,2,4,6
2021-05-07T00:00:00.000Z,אנגולה,1,0,1
2021-05-07T00:00:00.000Z,יוון,84,8,92
2021-05-07T00:00:00.000Z,קטר,0,1,1
2021-05-07T00:00:00.000Z,סוריה,0,6,6
2021-05-07T00:00:00.000Z,ליטא,2,2,4
2021-05-07T00:00:00.000Z,קוסטה ריקה,5,1,6
2021-05-07T00:00:00.000Z,גאורגיה,173,52,225
2021-05-07T00:00:00.000Z,הרפ הדומיניקנית,1,0,1
2021-05-07T00:00:00.000Z,ספרד,19,7,26
2021-05-07T00:00:00.000Z,הולנד,32,23,55
2021-05-07T00:00:00.000Z,שוויץ,72,43,115
2021-05-07T00:00:00.000Z,ארצות הברית,679,673,1352
2021-05-07T00:00:00.000Z,הממלכה המאוחדת,24,60,84
2021-05-07T00:00:00.000Z,אוזבקיסטן,3,0,3
2021-05-07T00:00:00.000Z,מצרים,239,60,299
2021-05-07T00:00:00.000Z,בחריין,0,1,1
2021-05-07T00:00:00.000Z,בילורוסיה,4,1,5
2021-05-07T00:00:00.000Z,כלל המדינות,2673,3576,6249
2021-05-07T00:00:00.000Z,מקסיקו,13,8,21
2021-05-07T00:00:00.000Z,ניו זילנד,2,0,2
2021-05-07T00:00:00.000Z,פינלנד,2,6,8
2021-05-07T00:00:00.000Z,איי סיישל,1,0,1
2021-05-07T00:00:00.000Z,ארמניה,1,0,1
2021-05-07T00:00:00.000Z,נורבגיה,0,2,2
2021-05-07T00:00:00.000Z,נפאל,3,1,4
2021-05-07T00:00:00.000Z,איסלנד,2,0,2
2021-05-07T00:00:00.000Z,מונטנגרו,27,2,29
2021-05-07T00:00:00.000Z,קפריסין,72,25,97
2021-05-07T00:00:00.000Z,קזחסטאן,3,4,7
2021-05-07T00:00:00.000Z,איחוד האמירויות הערב,155,40,195
2021-05-07T00:00:00.000Z,פרו,0,1,1
2021-05-07T00:00:00.000Z,רוסיה,162,137,299
2021-05-07T00:00:00.000Z,מלדיבים,8,0,8
2021-05-07T00:00:00.000Z,מולדובה,1,1,2
2021-05-08T00:00:00.000Z,איחוד האמירויות הערב,142,33,175
2021-05-08T00:00:00.000Z,ירדן,1,0,1
2021-05-08T00:00:00.000Z,בלגיה,1,7,8
2021-05-08T00:00:00.000Z,תורכיה,9,18,27
2021-05-08T00:00:00.000Z,מלאווי,1,0,1
2021-05-08T00:00:00.000Z,ארצות הברית,279,464,743
2021-05-08T00:00:00.000Z,קרואטיה,2,3,5
2021-05-08T00:00:00.000Z,פיליפינים,0,6,6
2021-05-08T00:00:00.000Z,סרביה,1,0,1
2021-05-08T00:00:00.000Z,אוזבקיסטן,1,1,2
2021-05-08T00:00:00.000Z,אנגולה,1,0,1
2021-05-08T00:00:00.000Z,סנגל,1,0,1
2021-05-08T00:00:00.000Z,כלל המדינות,1537,1184,2721
2021-05-08T00:00:00.000Z,פינלנד,3,4,7
2021-05-08T00:00:00.000Z,גאנה,4,0,4
2021-05-08T00:00:00.000Z,אורגוואי,1,0,1
2021-05-08T00:00:00.000Z,לסוטו,1,0,1
2021-05-08T00:00:00.000Z,תאילנד,0,4,4
2021-05-08T00:00:00.000Z,רפ מרכז אפריקנית,1,0,1
2021-05-08T00:00:00.000Z,מקסיקו,1,3,4
2021-05-08T00:00:00.000Z,צכיה,3,3,6
2021-05-08T00:00:00.000Z,טנזניה,0,1,1
2021-05-08T00:00:00.000Z,הממלכה המאוחדת,15,14,29
2021-05-08T00:00:00.000Z,אוגנדה,7,0,7
2021-05-08T00:00:00.000Z,לטביה,1,0,1
2021-05-08T00:00:00.000Z,זאיר,2,0,2
2021-05-08T00:00:00.000Z,אסטוניה,2,0,2
2021-05-08T00:00:00.000Z,ניו זילנד,0,1,1
2021-05-08T00:00:00.000Z,בילורוסיה,1,0,1
2021-05-08T00:00:00.000Z,גינאה,0,1,1
2021-05-08T00:00:00.000Z,קניה,6,2,8
2021-05-08T00:00:00.000Z,קוסטה ריקה,1,2,3
2021-05-08T00:00:00.000Z,רומניה,40,17,57
2021-05-08T00:00:00.000Z,קזחסטאן,1,0,1
2021-05-08T00:00:00.000Z,קפריסין,83,12,95
2021-05-08T00:00:00.000Z,שוודיה,1,2,3
2021-05-08T00:00:00.000Z,האנטילים ההולנדים,1,0,1
2021-05-08T00:00:00.000Z,קנדה,0,1,1
2021-05-08T00:00:00.000Z,מלדיבים,3,0,3
2021-05-08T00:00:00.000Z,זמביה,4,0,4
2021-05-08T00:00:00.000Z,גאורגיה,2,0,2
2021-05-08T00:00:00.000Z,חוף השנהב,1,0,1
2021-05-08T00:00:00.000Z,איטליה,14,8,22
2021-05-08T00:00:00.000Z,הונגריה,1,0,1
2021-05-08T00:00:00.000Z,ניגריה,6,3,9
2021-05-08T00:00:00.000Z,אתיופיה,26,10,36
2021-05-08T00:00:00.000Z,אוסטריה,17,23,40
2021-05-08T00:00:00.000Z,אירלנד,2,5,7
2021-05-08T00:00:00.000Z,אוסטרליה,0,1,1
2021-05-08T00:00:00.000Z,צרפת,17,60,77
2021-05-08T00:00:00.000Z,ברזיל,2,1,3
2021-05-08T00:00:00.000Z,הרפ הדומיניקנית,2,0,2
2021-05-08T00:00:00.000Z,שוויץ,5,3,8
2021-05-08T00:00:00.000Z,יפן,0,2,2
2021-05-08T00:00:00.000Z,דרום אפריקה,6,3,9
2021-05-08T00:00:00.000Z,נמיביה,2,0,2
2021-05-08T00:00:00.000Z,גרמניה,77,108,185
2021-05-08T00:00:00.000Z,סין,0,5,5
2021-05-08T00:00:00.000Z,ספרד,1,4,5
2021-05-08T00:00:00.000Z,ארגנטינה,1,0,1
2021-05-08T00:00:00.000Z,אוקראינה,60,21,81
2021-05-08T00:00:00.000Z,קוריאה הדרומית,2,4,6
2021-05-08T00:00:00.000Z,פורטוגל,11,8,19
2021-05-08T00:00:00.000Z,מוזמביק,2,0,2
2021-05-08T00:00:00.000Z,דנמרק,3,2,5
2021-05-08T00:00:00.000Z,סינגפור,1,0,1
2021-05-08T00:00:00.000Z,לבנון,0,1,1
2021-05-08T00:00:00.000Z,מצרים,484,59,543
2021-05-08T00:00:00.000Z,פולין,14,4,18
2021-05-08T00:00:00.000Z,איי סיישל,57,7,64
2021-05-08T00:00:00.000Z,יוון,4,4,8
2021-05-09T00:00:00.000Z,ירדן,57,62,119
2021-05-09T00:00:00.000Z,ויטנאם,0,1,1
2021-05-09T00:00:00.000Z,ניגריה,1,0,1
2021-05-09T00:00:00.000Z,מצרים,636,95,731
2021-05-09T00:00:00.000Z,הולנד,46,68,114
2021-05-09T00:00:00.000Z,לטביה,1,0,1
2021-05-09T00:00:00.000Z,סרביה,11,7,18
2021-05-09T00:00:00.000Z,אוזבקיסטן,8,4,12
2021-05-09T00:00:00.000Z,צכיה,2,0,2
2021-05-09T00:00:00.000Z,קרואטיה,2,0,2
2021-05-09T00:00:00.000Z,איי סיישל,133,11,144
2021-05-09T00:00:00.000Z,אוקראינה,50,23,73
2021-05-09T00:00:00.000Z,איסלנד,6,0,6
2021-05-09T00:00:00.000Z,סינגפור,1,0,1
2021-05-09T00:00:00.000Z,שוודיה,4,3,7
2021-05-09T00:00:00.000Z,בילורוסיה,172,38,210
2021-05-09T00:00:00.000Z,הממלכה המאוחדת,51,149,200
2021-05-09T00:00:00.000Z,לוכסמבורג,0,1,1
2021-05-09T00:00:00.000Z,פרו,1,0,1
2021-05-09T00:00:00.000Z,קירג'זסטאן,0,1,1
2021-05-09T00:00:00.000Z,מונקו,1,0,1
2021-05-09T00:00:00.000Z,רוסיה,73,52,125
2021-05-09T00:00:00.000Z,מולדובה,7,3,10
2021-05-09T00:00:00.000Z,אוסטריה,13,14,27
2021-05-09T00:00:00.000Z,יפן,0,1,1
2021-05-09T00:00:00.000Z,יוון,212,28,240
2021-05-09T00:00:00.000Z,קולומביה,1,0,1
2021-05-09T00:00:00.000Z,שוויץ,20,32,52
2021-05-09T00:00:00.000Z,בולגריה,115,8,123
2021-05-09T00:00:00.000Z,דרום אפריקה,9,72,81
2021-05-09T00:00:00.000Z,פולין,31,12,43
2021-05-09T00:00:00.000Z,אזרביג'אן,12,6,18
2021-05-09T00:00:00.000Z,ליטא,2,0,2
2021-05-09T00:00:00.000Z,תאילנד,0,2,2
2021-05-09T00:00:00.000Z,אוסטרליה,1,4,5
2021-05-09T00:00:00.000Z,איטליה,22,23,45
2021-05-09T00:00:00.000Z,פורטוגל,11,2,13
2021-05-09T00:00:00.000Z,מרוקו,0,2,2
2021-05-09T00:00:00.000Z,גרמניה,82,152,234
2021-05-09T00:00:00.000Z,איחוד האמירויות הערב,200,52,252
2021-05-09T00:00:00.000Z,בחריין,0,1,1
2021-05-09T00:00:00.000Z,קפריסין,153,35,188
2021-05-09T00:00:00.000Z,גאורגיה,355,52,407
2021-05-09T00:00:00.000Z,אל סלבדור,1,0,1
2021-05-09T00:00:00.000Z,ברזיל,2,0,2
2021-05-09T00:00:00.000Z,טיוואן,1,0,1
2021-05-09T00:00:00.000Z,תורכיה,49,36,85
2021-05-09T00:00:00.000Z,בלגיה,1,5,6
2021-05-09T00:00:00.000Z,קוריאה הדרומית,6,6,12
2021-05-09T00:00:00.000Z,פיליפינים,1,9,10
2021-05-09T00:00:00.000Z,סרי לנקה (צילון),1,1,2
2021-05-09T00:00:00.000Z,נורבגיה,1,0,1
2021-05-09T00:00:00.000Z,פינלנד,4,1,5
2021-05-09T00:00:00.000Z,פורטו ריקו,1,0,1
2021-05-09T00:00:00.000Z,ערב הסעודית,0,2,2
2021-05-09T00:00:00.000Z,אוגנדה,0,1,1
2021-05-09T00:00:00.000Z,גאנה,2,2,4
2021-05-09T00:00:00.000Z,רומניה,48,21,69
2021-05-09T00:00:00.000Z,קוסטה ריקה,3,0,3
2021-05-09T00:00:00.000Z,ספרד,1,11,12
2021-05-09T00:00:00.000Z,אינדונזיה,0,3,3
2021-05-09T00:00:00.000Z,מלדיבים,11,2,13
2021-05-09T00:00:00.000Z,אירלנד,1,0,1
2021-05-09T00:00:00.000Z,מונטנגרו,4,1,5
2021-05-09T00:00:00.000Z,צרפת,92,220,312
2021-05-09T00:00:00.000Z,ארצות הברית,286,343,629
2021-05-09T00:00:00.000Z,דנמרק,1,4,5
2021-05-09T00:00:00.000Z,אנגולה,1,0,1
2021-05-09T00:00:00.000Z,מקסיקו,11,3,14
2021-05-09T00:00:00.000Z,כלל המדינות,3834,2259,6093
2021-05-09T00:00:00.000Z,קניה,2,0,2
2021-05-09T00:00:00.000Z,קנדה,0,18,18
2021-05-10T00:00:00.000Z,פינלנד,0,3,3
2021-05-10T00:00:00.000Z,הולנד,32,29,61
2021-05-10T00:00:00.000Z,קפריסין,74,9,83
2021-05-10T00:00:00.000Z,רוסיה,170,246,416
2021-05-10T00:00:00.000Z,בולגריה,250,37,287
2021-05-10T00:00:00.000Z,יוון,239,29,268
2021-05-10T00:00:00.000Z,פנמה,2,9,11
2021-05-10T00:00:00.000Z,הונגריה,45,18,63
2021-05-10T00:00:00.000Z,ליטא,3,0,3
2021-05-10T00:00:00.000Z,ברזיל,1,1,2
2021-05-10T00:00:00.000Z,ארצות הברית,629,951,1580
2021-05-10T00:00:00.000Z,ספרד,22,34,56
2021-05-10T00:00:00.000Z,צרפת,130,282,412
2021-05-10T00:00:00.000Z,מלדיבים,23,0,23
2021-05-10T00:00:00.000Z,סן מרינו,2,1,3
2021-05-10T00:00:00.000Z,איחוד האמירויות הערב,221,33,254
2021-05-10T00:00:00.000Z,דרום אפריקה,7,4,11
2021-05-10T00:00:00.000Z,איי סיישל,140,13,153
2021-05-10T00:00:00.000Z,אוגנדה,4,1,5
2021-05-10T00:00:00.000Z,שוודיה,1,3,4
2021-05-10T00:00:00.000Z,אוזבקיסטן,3,2,5
2021-05-10T00:00:00.000Z,ערב הסעודית,3,1,4
2021-05-10T00:00:00.000Z,כלל המדינות,3910,3109,7019
2021-05-10T00:00:00.000Z,קניה,10,2,12
2021-05-10T00:00:00.000Z,סין,1,0,1
2021-05-10T00:00:00.000Z,דרום סודאן,1,0,1
2021-05-10T00:00:00.000Z,בלגיה,12,13,25
2021-05-10T00:00:00.000Z,אקואדור,1,0,1
2021-05-10T00:00:00.000Z,אוסטרליה,0,8,8
2021-05-10T00:00:00.000Z,בילורוסיה,0,1,1
2021-05-10T00:00:00.000Z,בוסניה הרצגובינה,1,0,1
2021-05-10T00:00:00.000Z,אוסטריה,45,43,88
2021-05-10T00:00:00.000Z,האנטילים ההולנדים,0,1,1
2021-05-10T00:00:00.000Z,מקסיקו,8,9,17
2021-05-10T00:00:00.000Z,אוקראינה,47,26,73
2021-05-10T00:00:00.000Z,קטר,1,1,2
2021-05-10T00:00:00.000Z,ארגנטינה,2,3,5
2021-05-10T00:00:00.000Z,קוסטה ריקה,3,2,5
2021-05-10T00:00:00.000Z,טנזניה,6,1,7
2021-05-10T00:00:00.000Z,הונדורס,1,1,2
2021-05-10T00:00:00.000Z,ארמניה,3,0,3
2021-05-10T00:00:00.000Z,תוניסיה,0,1,1
2021-05-10T00:00:00.000Z,אלבניה,1,1,2
2021-05-10T00:00:00.000Z,מצרים,414,47,461
2021-05-10T00:00:00.000Z,אסטוניה,0,5,5
2021-05-10T00:00:00.000Z,פרו,0,2,2
2021-05-10T00:00:00.000Z,פולין,4,5,9
2021-05-10T00:00:00.000Z,צכיה,3,6,9
2021-05-10T00:00:00.000Z,הונג קונג,0,4,4
2021-05-10T00:00:00.000Z,טג'יקיסטאן,2,0,2
2021-05-10T00:00:00.000Z,פורטוגל,13,9,22
2021-05-10T00:00:00.000Z,גאנה,4,5,9
2021-05-10T00:00:00.000Z,תורכיה,27,20,47
2021-05-10T00:00:00.000Z,סרביה,3,1,4
2021-05-10T00:00:00.000Z,פיליפינים,0,10,10
2021-05-10T00:00:00.000Z,ירדן,57,35,92
2021-05-10T00:00:00.000Z,איטליה,24,20,44
2021-05-10T00:00:00.000Z,קנדה,0,6,6
2021-05-10T00:00:00.000Z,לטביה,0,1,1
2021-05-10T00:00:00.000Z,בוטסואנה,2,0,2
2021-05-10T00:00:00.000Z,זמביה,4,1,5
2021-05-10T00:00:00.000Z,אזרביג'אן,12,2,14
2021-05-10T00:00:00.000Z,צ'ילה,0,5,5
2021-05-10T00:00:00.000Z,אתיופיה,28,13,41
2021-05-10T00:00:00.000Z,תאילנד,1,0,1
2021-05-10T00:00:00.000Z,מלטה,0,1,1
2021-05-10T00:00:00.000Z,רומניה,38,30,68
2021-05-10T00:00:00.000Z,סלובניה,5,0,5
2021-05-10T00:00:00.000Z,טיוואן,2,2,4
2021-05-10T00:00:00.000Z,יפן,0,1,1
2021-05-10T00:00:00.000Z,שוויץ,39,39,78
2021-05-10T00:00:00.000Z,מקדוניה,5,0,5
2021-05-10T00:00:00.000Z,הממלכה המאוחדת,44,98,142
2021-05-10T00:00:00.000Z,הודו,33,31,64
2021-05-10T00:00:00.000Z,קולומביה,0,7,7
2021-05-10T00:00:00.000Z,לוכסמבורג,1,0,1
2021-05-10T00:00:00.000Z,רואנדה,3,0,3
2021-05-10T00:00:00.000Z,גאורגיה,196,32,228
2021-05-10T00:00:00.000Z,גרמניה,67,99,166
2021-05-10T00:00:00.000Z,סינגפור,0,2,2
2021-05-10T00:00:00.000Z,בוליביה,1,0,1
2021-05-10T00:00:00.000Z,קרואטיה,6,1,7
2021-05-10T00:00:00.000Z,ניגריה,4,2,6
2021-05-10T00:00:00.000Z,איי ווליס ופוטונה,1,0,1
2021-05-10T00:00:00.000Z,אורגוואי,1,0,1
2021-05-10T00:00:00.000Z,דנמרק,0,2,2
2021-05-11T00:00:00.000Z,אלבניה,1,0,1
2021-05-11T00:00:00.000Z,לטביה,4,2,6
2021-05-11T00:00:00.000Z,איטליה,1,0,1
2021-05-11T00:00:00.000Z,גאנה,3,1,4
2021-05-11T00:00:00.000Z,קמרון,1,1,2
2021-05-11T00:00:00.000Z,הממלכה המאוחדת,23,62,85
2021-05-11T00:00:00.000Z,בחריין,0,2,2
2021-05-11T00:00:00.000Z,קפריסין,51,16,67
2021-05-11T00:00:00.000Z,בילורוסיה,67,20,87
2021-05-11T00:00:00.000Z,פולין,1,0,1
2021-05-11T00:00:00.000Z,דנמרק,2,0,2
2021-05-11T00:00:00.000Z,סרביה,6,0,6
2021-05-11T00:00:00.000Z,הונגריה,30,41,71
2021-05-11T00:00:00.000Z,בלגיה,2,3,5
2021-05-11T00:00:00.000Z,אוזבקיסטן,4,27,31
2021-05-11T00:00:00.000Z,הונג קונג,0,1,1
2021-05-11T00:00:00.000Z,מולדובה,33,47,80
2021-05-11T00:00:00.000Z,ארגנטינה,4,9,13
2021-05-11T00:00:00.000Z,שוודיה,2,3,5
2021-05-11T00:00:00.000Z,קירג'זסטאן,0,1,1
2021-05-11T00:00:00.000Z,מצרים,323,51,374
2021-05-11T00:00:00.000Z,ברזיל,6,3,9
2021-05-11T00:00:00.000Z,אורגוואי,0,3,3
2021-05-11T00:00:00.000Z,קרואטיה,2,0,2
2021-05-11T00:00:00.000Z,שוויץ,9,5,14
2021-05-11T00:00:00.000Z,כלל המדינות,1913,1673,3586
2021-05-11T00:00:00.000Z,דרום אפריקה,9,6,15
2021-05-11T00:00:00.000Z,גאורגיה,58,10,68
2021-05-11T00:00:00.000Z,מקסיקו,3,0,3
2021-05-11T00:00:00.000Z,ירדן,54,31,85
2021-05-11T00:00:00.000Z,קניה,4,1,5
2021-05-11T00:00:00.000Z,אירלנד,2,1,3
2021-05-11T00:00:00.000Z,אתיופיה,23,5,28
2021-05-11T00:00:00.000Z,אוגנדה,7,1,8
2021-05-11T00:00:00.000Z,איי הבתולה,0,2,2
2021-05-11T00:00:00.000Z,קזחסטאן,3,0,3
2021-05-11T00:00:00.000Z,אקואדור,6,2,8
2021-05-11T00:00:00.000Z,פיליפינים,1,3,4
2021-05-11T00:00:00.000Z,רוסיה,29,26,55
2021-05-11T00:00:00.000Z,ניגריה,2,0,2
2021-05-11T00:00:00.000Z,קנדה,0,5,5
2021-05-11T00:00:00.000Z,אנגולה,1,0,1
2021-05-11T00:00:00.000Z,פורטוגל,2,0,2
2021-05-11T00:00:00.000Z,רומניה,24,12,36
2021-05-11T00:00:00.000Z,אוסטריה,2,4,6
2021-05-11T00:00:00.000Z,זימבאבווה,1,1,2
2021-05-11T00:00:00.000Z,מלטה,1,0,1
2021-05-11T00:00:00.000Z,אזרביג'אן,8,3,11
2021-05-11T00:00:00.000Z,קוסטה ריקה,3,0,3
2021-05-11T00:00:00.000Z,מלדיבים,10,3,13
2021-05-11T00:00:00.000Z,גרמניה,33,61,94
2021-05-11T00:00:00.000Z,איחוד האמירויות הערב,161,29,190
2021-05-11T00:00:00.000Z,אוקראינה,13,18,31
2021-05-11T00:00:00.000Z,צרפת,81,203,284
2021-05-11T00:00:00.000Z,ערב הסעודית,0,1,1
2021-05-11T00:00:00.000Z,יפן,0,1,1
2021-05-11T00:00:00.000Z,עירק,0,2,2
2021-05-11T00:00:00.000Z,זאיר,1,0,1
2021-05-11T00:00:00.000Z,ליטא,1,2,3
2021-05-11T00:00:00.000Z,ספרד,15,19,34
2021-05-11T00:00:00.000Z,יוון,83,71,154
2021-05-11T00:00:00.000Z,תורכיה,19,18,37
2021-05-11T00:00:00.000Z,בוליביה,0,1,1
2021-05-11T00:00:00.000Z,אנטיגואה וברבודה,1,1,2
2021-05-11T00:00:00.000Z,ארצות הברית,329,446,775
2021-05-11T00:00:00.000Z,ליבריה,1,0,1
2021-05-11T00:00:00.000Z,אסטוניה,0,1,1
2021-05-11T00:00:00.000Z,בולגריה,21,3,24
2021-05-11T00:00:00.000Z,קוריאה הדרומית,0,6,6
2021-05-11T00:00:00.000Z,הולנד,0,1,1
2021-05-11T00:00:00.000Z,בהמס,1,0,1
2021-05-11T00:00:00.000Z,תאילנד,6,1,7
2021-05-12T00:00:00.000Z,אוגנדה,1,0,1
2021-05-12T00:00:00.000Z,בלגיה,3,28,31
2021-05-12T00:00:00.000Z,ברבדוס,1,0,1
2021-05-12T00:00:00.000Z,סרביה,1,1,2
2021-05-12T00:00:00.000Z,גאנה,0,1,1
2021-05-12T00:00:00.000Z,ליבריה,0,1,1
2021-05-12T00:00:00.000Z,יפן,0,1,1
2021-05-12T00:00:00.000Z,מצרים,215,37,252
2021-05-12T00:00:00.000Z,קניה,6,1,7
2021-05-12T00:00:00.000Z,יוון,78,7,85
2021-05-12T00:00:00.000Z,הממלכה המאוחדת,40,136,176
2021-05-12T00:00:00.000Z,אזרביג'אן,1,1,2
2021-05-12T00:00:00.000Z,זמביה,1,0,1
2021-05-12T00:00:00.000Z,איטליה,9,8,17
2021-05-12T00:00:00.000Z,צרפת,79,170,249
2021-05-12T00:00:00.000Z,בוטסואנה,3,0,3
2021-05-12T00:00:00.000Z,קוריאה הדרומית,3,2,5
2021-05-12T00:00:00.000Z,סין,1,30,31
2021-05-12T00:00:00.000Z,סינגפור,0,5,5
2021-05-12T00:00:00.000Z,שוויץ,3,9,12
2021-05-12T00:00:00.000Z,טיוואן,1,3,4
2021-05-12T00:00:00.000Z,סלובניה,1,0,1
2021-05-12T00:00:00.000Z,ארצות הברית,369,507,876
2021-05-12T00:00:00.000Z,זימבאבווה,0,1,1
2021-05-12T00:00:00.000Z,מונטנגרו,21,4,25
2021-05-12T00:00:00.000Z,פולין,34,7,41
2021-05-12T00:00:00.000Z,כלל המדינות,1844,1444,3288
2021-05-12T00:00:00.000Z,ניגריה,3,1,4
2021-05-12T00:00:00.000Z,ונצואלה,1,2,3
2021-05-12T00:00:00.000Z,רוסיה,3,0,3
2021-05-12T00:00:00.000Z,אוסטרליה,0,7,7
2021-05-12T00:00:00.000Z,קנדה,0,4,4
2021-05-12T00:00:00.000Z,סרי לנקה (צילון),2,1,3
2021-05-12T00:00:00.000Z,איי סיישל,82,10,92
2021-05-12T00:00:00.000Z,רומניה,62,17,79
2021-05-12T00:00:00.000Z,תורכיה,11,16,27
2021-05-12T00:00:00.000Z,גאורגיה,31,4,35
2021-05-12T00:00:00.000Z,אוזבקיסטן,4,12,16
2021-05-12T00:00:00.000Z,מלדיבים,6,2,8
2021-05-12T00:00:00.000Z,בולגריה,0,3,3
2021-05-12T00:00:00.000Z,ירדן,4,12,16
2021-05-12T00:00:00.000Z,אתיופיה,14,7,21
2021-05-12T00:00:00.000Z,ספרד,1,1,2
2021-05-12T00:00:00.000Z,צכיה,1,0,1
2021-05-12T00:00:00.000Z,אנגולה,1,0,1
2021-05-12T00:00:00.000Z,אירלנד,2,0,2
2021-05-12T00:00:00.000Z,תאילנד,0,5,5
2021-05-12T00:00:00.000Z,בילורוסיה,3,2,5
2021-05-12T00:00:00.000Z,קפריסין,72,12,84
2021-05-12T00:00:00.000Z,לבנון,0,1,1
2021-05-12T00:00:00.000Z,קטר,1,0,1
2021-05-12T00:00:00.000Z,פורטוגל,1,0,1
2021-05-12T00:00:00.000Z,ארגנטינה,0,5,5
2021-05-12T00:00:00.000Z,זאיר,1,0,1
2021-05-12T00:00:00.000Z,איחוד האמירויות הערב,110,39,149
2021-05-12T00:00:00.000Z,דרום אפריקה,6,1,7
2021-05-12T00:00:00.000Z,פינלנד,0,2,2
2021-05-12T00:00:00.000Z,מולדובה,0,2,2
2021-05-12T00:00:00.000Z,קוסובו,2,0,2
2021-05-12T00:00:00.000Z,אוסטריה,1,0,1
2021-05-12T00:00:00.000Z,פיליפינים,0,4,4
2021-05-12T00:00:00.000Z,מקסיקו,6,7,13
2021-05-12T00:00:00.000Z,אלבניה,1,0,1
2021-05-12T00:00:00.000Z,גרמניה,43,51,94
2021-05-12T00:00:00.000Z,הונגריה,1,0,1
2021-05-12T00:00:00.000Z,רואנדה,2,0,2
2021-05-12T00:00:00.000Z,אוקראינה,25,31,56
2021-05-12T00:00:00.000Z,הולנד,1,1,2
2021-05-13T00:00:00.000Z,אוקראינה,0,1,1
2021-05-13T00:00:00.000Z,פולין,5,3,8
2021-05-13T00:00:00.000Z,קניה,5,1,6
2021-05-13T00:00:00.000Z,בלגיה,49,97,146
2021-05-13T00:00:00.000Z,דרום אפריקה,13,5,18
2021-05-13T00:00:00.000Z,תאילנד,5,268,273
2021-05-13T00:00:00.000Z,ירדן,6,11,17
2021-05-13T00:00:00.000Z,שוויץ,56,48,104
2021-05-13T00:00:00.000Z,אוגנדה,2,0,2
2021-05-13T00:00:00.000Z,מצרים,190,49,239
2021-05-13T00:00:00.000Z,אוסטרליה,0,2,2
2021-05-13T00:00:00.000Z,רואנדה,5,0,5
2021-05-13T00:00:00.000Z,טנזניה,1,1,2
2021-05-13T00:00:00.000Z,פיליפינים,0,19,19
2021-05-13T00:00:00.000Z,ניגריה,3,2,5
2021-05-13T00:00:00.000Z,הממלכה המאוחדת,33,47,80
2021-05-13T00:00:00.000Z,צ'ילה,0,1,1
2021-05-13T00:00:00.000Z,אוזבקיסטן,0,1,1
2021-05-13T00:00:00.000Z,מקסיקו,4,2,6
2021-05-13T00:00:00.000Z,גרמניה,38,11,49
2021-05-13T00:00:00.000Z,רוסיה,54,72,126
2021-05-13T00:00:00.000Z,קרואטיה,1,1,2
2021-05-13T00:00:00.000Z,רומניה,4,0,4
2021-05-13T00:00:00.000Z,ארצות הברית,248,525,773
2021-05-13T00:00:00.000Z,פורטוגל,5,1,6
2021-05-13T00:00:00.000Z,לטביה,1,0,1
2021-05-13T00:00:00.000Z,זימבאבווה,3,1,4
2021-05-13T00:00:00.000Z,איחוד האמירויות הערב,102,27,129
2021-05-13T00:00:00.000Z,מרוקו,1,5,6
2021-05-13T00:00:00.000Z,קזחסטאן,0,1,1
2021-05-13T00:00:00.000Z,מלדיבים,8,3,11
2021-05-13T00:00:00.000Z,אוסטריה,10,5,15
2021-05-13T00:00:00.000Z,הולנד,3,0,3
2021-05-13T00:00:00.000Z,כלל המדינות,2175,1700,3875
2021-05-13T00:00:00.000Z,שוודיה,1,0,1
2021-05-13T00:00:00.000Z,מדגסקר,0,2,2
2021-05-13T00:00:00.000Z,אתיופיה,31,13,44
2021-05-13T00:00:00.000Z,גאנה,1,3,4
2021-05-13T00:00:00.000Z,הונגריה,1,0,1
2021-05-13T00:00:00.000Z,סוריה,0,3,3
2021-05-13T00:00:00.000Z,תורכיה,1,5,6
2021-05-13T00:00:00.000Z,בולגריה,102,9,111
2021-05-13T00:00:00.000Z,איטליה,10,6,16
2021-05-13T00:00:00.000Z,צרפת,92,102,194
2021-05-13T00:00:00.000Z,ארגנטינה,0,2,2
2021-05-13T00:00:00.000Z,פרו,1,0,1
2021-05-13T00:00:00.000Z,קוסובו,1,0,1
2021-05-13T00:00:00.000Z,יוון,129,21,150
2021-05-13T00:00:00.000Z,ספרד,4,0,4
2021-05-13T00:00:00.000Z,קוריאה הדרומית,3,1,4
2021-05-13T00:00:00.000Z,בוטסואנה,3,0,3
2021-05-13T00:00:00.000Z,ליטא,2,0,2
2021-05-13T00:00:00.000Z,קנדה,4,13,17
2021-05-13T00:00:00.000Z,קפריסין,107,20,127
2021-05-13T00:00:00.000Z,גאורגיה,219,32,251
2021-05-13T00:00:00.000Z,טיוואן,0,1,1
2021-05-13T00:00:00.000Z,זמביה,7,2,9
2021-05-13T00:00:00.000Z,קונגו,1,0,1
2021-05-13T00:00:00.000Z,קמרון,1,0,1
2021-05-13T00:00:00.000Z,איי סיישל,21,1,22
2021-05-13T00:00:00.000Z,טוגו,1,0,1
2021-05-14T00:00:00.000Z,פורטוגל,2,2,4
2021-05-14T00:00:00.000Z,מצרים,121,55,176
2021-05-14T00:00:00.000Z,מונטנגרו,24,4,28
2021-05-14T00:00:00.000Z,סרביה,45,8,53
2021-05-14T00:00:00.000Z,איחוד האמירויות הערב,187,58,245
2021-05-14T00:00:00.000Z,אוגנדה,1,0,1
2021-05-14T00:00:00.000Z,מולדובה,1,0,1
2021-05-14T00:00:00.000Z,קטר,1,0,1
2021-05-14T00:00:00.000Z,בולגריה,101,19,120
2021-05-14T00:00:00.000Z,אנגולה,0,1,1
2021-05-14T00:00:00.000Z,איי סיישל,136,11,147
2021-05-14T00:00:00.000Z,פרו,1,0,1
2021-05-14T00:00:00.000Z,לבנון,0,9,9
2021-05-14T00:00:00.000Z,ניגריה,3,0,3
2021-05-14T00:00:00.000Z,פנמה,3,1,4
2021-05-14T00:00:00.000Z,יוון,174,18,192
2021-05-14T00:00:00.000Z,אוקראינה,1,3,4
2021-05-14T00:00:00.000Z,הולנד,14,1,15
2021-05-14T00:00:00.000Z,שוויץ,2,0,2
2021-05-14T00:00:00.000Z,תורכיה,12,5,17
2021-05-14T00:00:00.000Z,סינגפור,1,0,1
2021-05-14T00:00:00.000Z,מרוקו,0,1,1
2021-05-14T00:00:00.000Z,דנמרק,3,0,3
2021-05-14T00:00:00.000Z,אוסטריה,5,5,10
2021-05-14T00:00:00.000Z,לטביה,1,0,1
2021-05-14T00:00:00.000Z,קוריאה הדרומית,8,1,9
2021-05-14T00:00:00.000Z,הרפ הדומיניקנית,0,1,1
2021-05-14T00:00:00.000Z,טוגו,7,0,7
2021-05-14T00:00:00.000Z,מונקו,2,0,2
2021-05-14T00:00:00.000Z,ארצות הברית,628,482,1110
2021-05-14T00:00:00.000Z,קזחסטאן,0,1,1
2021-05-14T00:00:00.000Z,איטליה,16,2,18
2021-05-14T00:00:00.000Z,צכיה,8,0,8
2021-05-14T00:00:00.000Z,מקסיקו,6,3,9
2021-05-14T00:00:00.000Z,אירלנד,2,0,2
2021-05-14T00:00:00.000Z,פולין,10,4,14
2021-05-14T00:00:00.000Z,גאורגיה,249,54,303
2021-05-14T00:00:00.000Z,אתיופיה,1,0,1
2021-05-14T00:00:00.000Z,מלטה,1,0,1
2021-05-14T00:00:00.000Z,רוסיה,84,48,132
2021-05-14T00:00:00.000Z,הונגריה,18,6,24
2021-05-14T00:00:00.000Z,קניה,1,3,4
2021-05-14T00:00:00.000Z,בלגיה,0,2,2
2021-05-14T00:00:00.000Z,פיליפינים,0,6,6
2021-05-14T00:00:00.000Z,בוסניה הרצגובינה,1,0,1
2021-05-14T00:00:00.000Z,קוסטה ריקה,7,4,11
2021-05-14T00:00:00.000Z,אוזבקיסטן,1,0,1
2021-05-14T00:00:00.000Z,בילורוסיה,56,24,80
2021-05-14T00:00:00.000Z,קנדה,0,10,10
2021-05-14T00:00:00.000Z,קרואטיה,1,0,1
2021-05-14T00:00:00.000Z,צ'ילה,0,1,1
2021-05-14T00:00:00.000Z,שוודיה,1,1,2
2021-05-14T00:00:00.000Z,אוסטרליה,0,1,1
2021-05-14T00:00:00.000Z,ברזיל,0,4,4
2021-05-14T00:00:00.000Z,רומניה,6,1,7
2021-05-14T00:00:00.000Z,קפריסין,67,12,79
2021-05-14T00:00:00.000Z,גאנה,1,0,1
2021-05-14T00:00:00.000Z,ארמניה,0,1,1
2021-05-14T00:00:00.000Z,ארגנטינה,1,0,1
2021-05-14T00:00:00.000Z,סוריה,0,2,2
2021-05-14T00:00:00.000Z,תאילנד,0,6,6
2021-05-14T00:00:00.000Z,צרפת,164,208,372
2021-05-14T00:00:00.000Z,אזרביג'אן,0,1,1
2021-05-14T00:00:00.000Z,סין,1,97,98
2021-05-14T00:00:00.000Z,הודו,3,1,4
2021-05-14T00:00:00.000Z,כלל המדינות,2979,1774,4753
2021-05-14T00:00:00.000Z,ערב הסעודית,2,0,2
2021-05-14T00:00:00.000Z,אורגוואי,1,0,1
2021-05-14T00:00:00.000Z,אלבניה,3,0,3
2021-05-14T00:00:00.000Z,חוף השנהב,3,0,3
2021-05-14T00:00:00.000Z,הונג קונג,0,1,1
2021-05-14T00:00:00.000Z,הממלכה המאוחדת,43,187,230
2021-05-14T00:00:00.000Z,גרמניה,49,20,69
2021-05-14T00:00:00.000Z,ספרד,9,2,11
2021-05-15T00:00:00.000Z,פיליפינים,0,2,2
2021-05-15T00:00:00.000Z,דרום אפריקה,7,0,7
2021-05-15T00:00:00.000Z,טנזניה,0,2,2
2021-05-15T00:00:00.000Z,ספרד,0,1,1
2021-05-15T00:00:00.000Z,סינגפור,1,0,1
2021-05-15T00:00:00.000Z,איחוד האמירויות הערב,32,38,70
2021-05-15T00:00:00.000Z,תאילנד,0,4,4
2021-05-15T00:00:00.000Z,קפריסין,6,1,7
2021-05-15T00:00:00.000Z,קונגו,1,0,1
2021-05-15T00:00:00.000Z,מלדיבים,0,1,1
2021-05-15T00:00:00.000Z,גאנה,0,1,1
2021-05-15T00:00:00.000Z,אוקראינה,0,2,2
2021-05-15T00:00:00.000Z,ארצות הברית,0,1,1
2021-05-15T00:00:00.000Z,יוון,55,9,64
2021-05-15T00:00:00.000Z,מצרים,230,143,373
2021-05-15T00:00:00.000Z,אתיופיה,14,5,19
2021-05-15T00:00:00.000Z,שוודיה,0,1,1
2021-05-15T00:00:00.000Z,נמיביה,0,1,1
2021-05-15T00:00:00.000Z,עירק,1,0,1
2021-05-15T00:00:00.000Z,תורכיה,15,7,22
2021-05-15T00:00:00.000Z,איטליה,4,0,4
2021-05-15T00:00:00.000Z,כלל המדינות,645,267,912
2021-05-15T00:00:00.000Z,זמביה,1,2,3
2021-05-16T00:00:00.000Z,רוסיה,79,53,132
2021-05-16T00:00:00.000Z,תורכיה,3,6,9
2021-05-16T00:00:00.000Z,גאורגיה,404,124,528
2021-05-16T00:00:00.000Z,ויטנאם,0,2,2
2021-05-16T00:00:00.000Z,ליטא,3,0,3
2021-05-16T00:00:00.000Z,דנמרק,1,0,1
2021-05-16T00:00:00.000Z,לאוס,0,1,1
2021-05-16T00:00:00.000Z,ניגריה,1,0,1
2021-05-16T00:00:00.000Z,גינאה,1,0,1
2021-05-16T00:00:00.000Z,איטליה,3,0,3
2021-05-16T00:00:00.000Z,קניה,1,0,1
2021-05-16T00:00:00.000Z,הולנד,150,46,196
2021-05-16T00:00:00.000Z,קיריבטי,2,0,2
2021-05-16T00:00:00.000Z,קוריאה הדרומית,2,1,3
2021-05-16T00:00:00.000Z,אוזבקיסטן,2,0,2
2021-05-16T00:00:00.000Z,לטביה,1,0,1
2021-05-16T00:00:00.000Z,צרפת,194,135,329
2021-05-16T00:00:00.000Z,יוון,506,98,604
2021-05-16T00:00:00.000Z,לבנון,0,1,1
2021-05-16T00:00:00.000Z,בולגריה,101,13,114
2021-05-16T00:00:00.000Z,מצרים,391,293,684
2021-05-16T00:00:00.000Z,לוכסמבורג,0,1,1
2021-05-16T00:00:00.000Z,פולין,7,0,7
2021-05-16T00:00:00.000Z,הממלכה המאוחדת,2,11,13
2021-05-16T00:00:00.000Z,סינגפור,0,1,1
2021-05-16T00:00:00.000Z,שוויץ,3,0,3
2021-05-16T00:00:00.000Z,סט וינסנט,1,0,1
2021-05-16T00:00:00.000Z,גרמניה,4,0,4
2021-05-16T00:00:00.000Z,מקסיקו,2,0,2
2021-05-16T00:00:00.000Z,טיוואן,1,0,1
2021-05-16T00:00:00.000Z,הודו,6,4,10
2021-05-16T00:00:00.000Z,סרביה,2,0,2
2021-05-16T00:00:00.000Z,ארגנטינה,2,0,2
2021-05-16T00:00:00.000Z,אקואדור,0,1,1
2021-05-16T00:00:00.000Z,איחוד האמירויות הערב,314,140,454
2021-05-16T00:00:00.000Z,ספרד,0,2,2
2021-05-16T00:00:00.000Z,רומניה,3,0,3
2021-05-16T00:00:00.000Z,איי סיישל,51,3,54
2021-05-16T00:00:00.000Z,פורטוגל,1,0,1
2021-05-16T00:00:00.000Z,אוקראינה,3,0,3
2021-05-16T00:00:00.000Z,אוסטרליה,0,3,3
2021-05-16T00:00:00.000Z,בלגיה,0,45,45
2021-05-16T00:00:00.000Z,ירדן,82,55,137
2021-05-16T00:00:00.000Z,בוליביה,1,1,2
2021-05-16T00:00:00.000Z,קפריסין,380,57,437
2021-05-16T00:00:00.000Z,תאילנד,2,1,3
2021-05-16T00:00:00.000Z,ארצות הברית,359,118,477
2021-05-16T00:00:00.000Z,מלדיבים,11,0,11
2021-05-16T00:00:00.000Z,כלל המדינות,3911,1537,5448
2021-05-16T00:00:00.000Z,הונגריה,4,1,5
2021-05-16T00:00:00.000Z,פיליפינים,0,5,5
2021-05-17T00:00:00.000Z,הונגריה,1,0,1
2021-05-17T00:00:00.000Z,ניגריה,0,1,1
2021-05-17T00:00:00.000Z,תאילנד,1,0,1
2021-05-17T00:00:00.000Z,קפריסין,260,40,300
2021-05-17T00:00:00.000Z,אוגנדה,0,1,1
2021-05-17T00:00:00.000Z,אנגולה,1,0,1
2021-05-17T00:00:00.000Z,רואנדה,0,1,1
2021-05-17T00:00:00.000Z,גרמניה,1,1,2
2021-05-17T00:00:00.000Z,איחוד האמירויות הערב,628,286,914
2021-05-17T00:00:00.000Z,דרום אפריקה,4,2,6
2021-05-17T00:00:00.000Z,קנדה,0,2,2
2021-05-17T00:00:00.000Z,פיליפינים,1,12,13
2021-05-17T00:00:00.000Z,גאנה,4,2,6
2021-05-17T00:00:00.000Z,קניה,3,0,3
2021-05-17T00:00:00.000Z,ירדן,90,58,148
2021-05-17T00:00:00.000Z,מצרים,397,174,571
2021-05-17T00:00:00.000Z,אתיופיה,24,10,34
2021-05-17T00:00:00.000Z,אוזבקיסטן,1,0,1
2021-05-17T00:00:00.000Z,אוקראינה,0,1,1
2021-05-17T00:00:00.000Z,ערב הסעודית,4,0,4
2021-05-17T00:00:00.000Z,רוסיה,2,1,3
2021-05-17T00:00:00.000Z,ראוניון,1,0,1
2021-05-17T00:00:00.000Z,ארצות הברית,2,0,2
2021-05-17T00:00:00.000Z,מלדיבים,15,1,16
2021-05-17T00:00:00.000Z,זמביה,1,0,1
2021-05-17T00:00:00.000Z,יוון,328,57,385
2021-05-17T00:00:00.000Z,לבנון,0,8,8
2021-05-17T00:00:00.000Z,גאורגיה,301,32,333
2021-05-17T00:00:00.000Z,תורכיה,6,3,9
2021-05-17T00:00:00.000Z,מרוקו,1,0,1
2021-05-17T00:00:00.000Z,כלל המדינות,2488,835,3323
2021-05-17T00:00:00.000Z,מוזמביק,3,0,3
2021-05-18T00:00:00.000Z,סרביה,3,0,3
2021-05-18T00:00:00.000Z,דרום אפריקה,0,2,2
2021-05-18T00:00:00.000Z,ספרד,5,0,5
2021-05-18T00:00:00.000Z,מצרים,392,133,525
2021-05-18T00:00:00.000Z,תורכיה,14,27,41
2021-05-18T00:00:00.000Z,כלל המדינות,6025,1731,7756
2021-05-18T00:00:00.000Z,אלבניה,75,6,81
2021-05-18T00:00:00.000Z,מונטנגרו,15,3,18
2021-05-18T00:00:00.000Z,יוון,1290,329,1619
2021-05-18T00:00:00.000Z,פינלנד,1,0,1
2021-05-18T00:00:00.000Z,גרמניה,5,1,6
2021-05-18T00:00:00.000Z,הממלכה המאוחדת,56,62,118
2021-05-18T00:00:00.000Z,מלדיבים,2,0,2
2021-05-18T00:00:00.000Z,קולומביה,1,0,1
2021-05-18T00:00:00.000Z,גינאה,1,0,1
2021-05-18T00:00:00.000Z,איי סיישל,123,13,136
2021-05-18T00:00:00.000Z,ארגנטינה,2,3,5
2021-05-18T00:00:00.000Z,ירדן,19,38,57
2021-05-18T00:00:00.000Z,דנמרק,1,0,1
2021-05-18T00:00:00.000Z,טנזניה,2,0,2
2021-05-18T00:00:00.000Z,שוודיה,4,0,4
2021-05-18T00:00:00.000Z,אוזבקיסטן,2,3,5
2021-05-18T00:00:00.000Z,אנגולה,0,1,1
2021-05-18T00:00:00.000Z,איחוד האמירויות הערב,508,177,685
2021-05-18T00:00:00.000Z,קוסטה ריקה,1,0,1
2021-05-18T00:00:00.000Z,רוסיה,159,101,260
2021-05-18T00:00:00.000Z,קניה,1,0,1
2021-05-18T00:00:00.000Z,אוסטרליה,1,0,1
2021-05-18T00:00:00.000Z,קפריסין,506,126,632
2021-05-18T00:00:00.000Z,אתיופיה,12,1,13
2021-05-18T00:00:00.000Z,ארצות הברית,365,127,492
2021-05-18T00:00:00.000Z,אוסטריה,1,0,1
2021-05-18T00:00:00.000Z,מולדובה,64,37,101
2021-05-18T00:00:00.000Z,גרנדה,1,0,1
2021-05-18T00:00:00.000Z,גאורגיה,834,116,950
2021-05-18T00:00:00.000Z,שוויץ,5,0,5
2021-05-18T00:00:00.000Z,בלגיה,0,1,1
2021-05-18T00:00:00.000Z,צרפת,103,57,160
2021-05-18T00:00:00.000Z,גאנה,3,1,4
2021-05-18T00:00:00.000Z,בולגריה,329,55,384
2021-05-18T00:00:00.000Z,איטליה,4,0,4
2021-05-18T00:00:00.000Z,בהמס,1,0,1
2021-05-18T00:00:00.000Z,גווטאמלה,1,0,1
2021-05-18T00:00:00.000Z,הולנד,2,0,2
2021-05-18T00:00:00.000Z,בוליביה,1,0,1
2021-05-18T00:00:00.000Z,תאילנד,0,1,1
2021-05-18T00:00:00.000Z,רומניה,18,6,24
2021-05-18T00:00:00.000Z,בילורוסיה,119,19,138
2021-05-18T00:00:00.000Z,ארמניה,2,1,3
2021-05-19T00:00:00.000Z,אתיופיה,15,8,23
2021-05-19T00:00:00.000Z,גרמניה,195,82,277
2021-05-19T00:00:00.000Z,קנדה,0,1,1
2021-05-19T00:00:00.000Z,קניה,0,1,1
2021-05-19T00:00:00.000Z,זימבאבווה,1,0,1
2021-05-19T00:00:00.000Z,פולין,44,5,49
2021-05-19T00:00:00.000Z,אוסטריה,28,24,52
2021-05-19T00:00:00.000Z,קזחסטאן,1,0,1
2021-05-19T00:00:00.000Z,איסלנד,2,0,2
2021-05-19T00:00:00.000Z,פינלנד,0,1,1
2021-05-19T00:00:00.000Z,רומניה,3,6,9
2021-05-19T00:00:00.000Z,טנזניה,9,0,9
2021-05-19T00:00:00.000Z,מלדיבים,21,4,25
2021-05-19T00:00:00.000Z,בולגריה,2,0,2
2021-05-19T00:00:00.000Z,דרום סודאן,0,1,1
2021-05-19T00:00:00.000Z,קפריסין,234,102,336
2021-05-19T00:00:00.000Z,ערב הסעודית,2,3,5
2021-05-19T00:00:00.000Z,הונגריה,3,1,4
2021-05-19T00:00:00.000Z,אוגנדה,1,1,2
2021-05-19T00:00:00.000Z,גאורגיה,258,44,302
2021-05-19T00:00:00.000Z,צרפת,196,235,431
2021-05-19T00:00:00.000Z,גינאה החדשה,0,1,1
2021-05-19T00:00:00.000Z,גאנה,1,1,2
2021-05-19T00:00:00.000Z,מוזמביק,2,0,2
2021-05-19T00:00:00.000Z,ארצות הברית,345,208,553
2021-05-19T00:00:00.000Z,פולינזיה הצרפתית,1,0,1
2021-05-19T00:00:00.000Z,פרו,1,1,2
2021-05-19T00:00:00.000Z,קיריבטי,2,0,2
2021-05-19T00:00:00.000Z,שוויץ,5,1,6
2021-05-19T00:00:00.000Z,דנמרק,5,0,5
2021-05-19T00:00:00.000Z,איחוד האמירויות הערב,699,341,1040
2021-05-19T00:00:00.000Z,הממלכה המאוחדת,29,125,154
2021-05-19T00:00:00.000Z,תאילנד,2,0,2
2021-05-19T00:00:00.000Z,רואנדה,2,0,2
2021-05-19T00:00:00.000Z,רוסיה,4,1,5
2021-05-19T00:00:00.000Z,קוריאה הדרומית,1,0,1
2021-05-19T00:00:00.000Z,ירדן,15,27,42
2021-05-19T00:00:00.000Z,מקסיקו,1,1,2
2021-05-19T00:00:00.000Z,אוקראינה,61,56,117
2021-05-19T00:00:00.000Z,מולדובה,15,4,19
2021-05-19T00:00:00.000Z,ספרד,3,5,8
2021-05-19T00:00:00.000Z,הולנד,36,31,67
2021-05-19T00:00:00.000Z,מונטנגרו,120,10,130
2021-05-19T00:00:00.000Z,סרביה,70,20,90
2021-05-19T00:00:00.000Z,קרואטיה,1,1,2
2021-05-19T00:00:00.000Z,שוודיה,4,0,4
2021-05-19T00:00:00.000Z,תורכיה,6,5,11
2021-05-19T00:00:00.000Z,יוון,422,88,510
2021-05-19T00:00:00.000Z,יפן,1,0,1
2021-05-19T00:00:00.000Z,פורטוגל,7,0,7
2021-05-19T00:00:00.000Z,דרום אפריקה,3,0,3
2021-05-19T00:00:00.000Z,ליטא,1,0,1
2021-05-19T00:00:00.000Z,ניגריה,0,1,1
2021-05-19T00:00:00.000Z,איטליה,8,3,11
2021-05-19T00:00:00.000Z,מצרים,222,121,343
2021-05-19T00:00:00.000Z,בלגיה,1,0,1
2021-05-19T00:00:00.000Z,בילורוסיה,0,6,6
2021-05-19T00:00:00.000Z,כלל המדינות,3873,1820,5693
2021-05-19T00:00:00.000Z,אירלנד,0,1,1
2021-05-19T00:00:00.000Z,טיוואן,1,0,1
2021-05-19T00:00:00.000Z,אוסטרליה,0,1,1
2021-05-20T00:00:00.000Z,טוגו,2,0,2
2021-05-20T00:00:00.000Z,כלל המדינות,4164,2737,6901
2021-05-20T00:00:00.000Z,צרפת,81,89,170
2021-05-20T00:00:00.000Z,ברזיל,1,1,2
2021-05-20T00:00:00.000Z,נורבגיה,0,1,1
2021-05-20T00:00:00.000Z,פולין,0,3,3
2021-05-20T00:00:00.000Z,הממלכה המאוחדת,82,179,261
2021-05-20T00:00:00.000Z,רפ מרכז אפריקנית,0,1,1
2021-05-20T00:00:00.000Z,קוסטה ריקה,1,0,1
2021-05-20T00:00:00.000Z,תאילנד,10,247,257
2021-05-20T00:00:00.000Z,אנגולה,0,2,2
2021-05-20T00:00:00.000Z,שוויץ,76,54,130
2021-05-20T00:00:00.000Z,תורכיה,13,12,25
2021-05-20T00:00:00.000Z,איחוד האמירויות הערב,337,179,516
2021-05-20T00:00:00.000Z,קניה,7,1,8
2021-05-20T00:00:00.000Z,הודו,1,0,1
2021-05-20T00:00:00.000Z,הולנד,1,1,2
2021-05-20T00:00:00.000Z,מצרים,249,147,396
2021-05-20T00:00:00.000Z,אורגוואי,0,1,1
2021-05-20T00:00:00.000Z,סוריה,1,6,7
2021-05-20T00:00:00.000Z,פורטוגל,1,0,1
2021-05-20T00:00:00.000Z,שוודיה,0,2,2
2021-05-20T00:00:00.000Z,מקדוניה,1,1,2
2021-05-20T00:00:00.000Z,קפריסין,256,109,365
2021-05-20T00:00:00.000Z,קוריאה הדרומית,3,0,3
2021-05-20T00:00:00.000Z,ליטא,3,0,3
2021-05-20T00:00:00.000Z,בלגיה,45,70,115
2021-05-20T00:00:00.000Z,אוזבקיסטן,2,0,2
2021-05-20T00:00:00.000Z,אוגנדה,4,0,4
2021-05-20T00:00:00.000Z,הרפ הדומיניקנית,1,0,1
2021-05-20T00:00:00.000Z,זאיר,3,0,3
2021-05-20T00:00:00.000Z,גאורגיה,305,101,406
2021-05-20T00:00:00.000Z,איטליה,5,0,5
2021-05-20T00:00:00.000Z,קמרון,0,1,1
2021-05-20T00:00:00.000Z,דרום אפריקה,3,2,5
2021-05-20T00:00:00.000Z,ספרד,1,7,8
2021-05-20T00:00:00.000Z,פיליפינים,0,2,2
2021-05-20T00:00:00.000Z,בולגריה,254,69,323
2021-05-20T00:00:00.000Z,בילורוסיה,73,64,137
2021-05-20T00:00:00.000Z,קנדה,1,2,3
2021-05-20T00:00:00.000Z,תוניסיה,0,1,1
2021-05-20T00:00:00.000Z,ארצות הברית,345,563,908
2021-05-20T00:00:00.000Z,איי סיישל,246,34,280
2021-05-20T00:00:00.000Z,מלאווי,0,1,1
2021-05-20T00:00:00.000Z,אוקראינה,4,6,10
2021-05-20T00:00:00.000Z,טנזניה,3,1,4
2021-05-20T00:00:00.000Z,בוסניה הרצגובינה,1,0,1
2021-05-20T00:00:00.000Z,אתיופיה,12,5,17
2021-05-20T00:00:00.000Z,טיוואן,0,1,1
2021-05-20T00:00:00.000Z,סרביה,3,0,3
2021-05-20T00:00:00.000Z,ניו זילנד,3,0,3
2021-05-20T00:00:00.000Z,רוסיה,133,118,251
2021-05-20T00:00:00.000Z,יוון,637,167,804
2021-05-20T00:00:00.000Z,בהמס,2,0,2
2021-05-20T00:00:00.000Z,ברמודה,1,0,1
2021-05-20T00:00:00.000Z,מלטה,1,0,1
2021-05-20T00:00:00.000Z,אוסטרליה,1,0,1
2021-05-20T00:00:00.000Z,ניגריה,4,2,6
2021-05-20T00:00:00.000Z,מלדיבים,11,1,12
2021-05-20T00:00:00.000Z,ירדן,42,33,75
2021-05-20T00:00:00.000Z,רומניה,5,0,5
2021-05-20T00:00:00.000Z,צכיה,2,0,2
2021-05-20T00:00:00.000Z,גרמניה,10,3,13
2021-05-20T00:00:00.000Z,מולדובה,42,34,76
2021-05-20T00:00:00.000Z,דנמרק,0,1,1
2021-05-20T00:00:00.000Z,לבנון,0,4,4
2021-05-20T00:00:00.000Z,מרוקו,0,1,1
2021-05-21T00:00:00.000Z,רומניה,7,5,12
2021-05-21T00:00:00.000Z,קולומביה,2,0,2
2021-05-21T00:00:00.000Z,אוסטריה,0,3,3
2021-05-21T00:00:00.000Z,קניה,0,1,1
2021-05-21T00:00:00.000Z,קזחסטאן,1,0,1
2021-05-21T00:00:00.000Z,אורגוואי,0,1,1
2021-05-21T00:00:00.000Z,קפריסין,59,23,82
2021-05-21T00:00:00.000Z,ארמניה,90,7,97
2021-05-21T00:00:00.000Z,מונטנגרו,72,10,82
2021-05-21T00:00:00.000Z,קוריאה הדרומית,1,1,2
2021-05-21T00:00:00.000Z,מקסיקו,1,1,2
2021-05-21T00:00:00.000Z,ארצות הברית,587,537,1124
2021-05-21T00:00:00.000Z,קוסטה ריקה,1,2,3
2021-05-21T00:00:00.000Z,בוסניה הרצגובינה,1,0,1
2021-05-21T00:00:00.000Z,חוף השנהב,1,0,1
2021-05-21T00:00:00.000Z,פנמה,1,0,1
2021-05-21T00:00:00.000Z,אתיופיה,1,0,1
2021-05-21T00:00:00.000Z,סרביה,6,3,9
2021-05-21T00:00:00.000Z,תוניסיה,0,4,4
2021-05-21T00:00:00.000Z,צרפת,119,153,272
2021-05-21T00:00:00.000Z,נורבגיה,0,1,1
2021-05-21T00:00:00.000Z,גרמניה,6,4,10
2021-05-21T00:00:00.000Z,ניו זילנד,1,1,2
2021-05-21T00:00:00.000Z,תורכמניסטאן,0,1,1
2021-05-21T00:00:00.000Z,הונגריה,4,1,5
2021-05-21T00:00:00.000Z,מלדיבים,9,1,10
2021-05-21T00:00:00.000Z,איחוד האמירויות הערב,496,218,714
2021-05-21T00:00:00.000Z,בילורוסיה,12,12,24
2021-05-21T00:00:00.000Z,הממלכה המאוחדת,19,58,77
2021-05-21T00:00:00.000Z,תאילנד,1,2,3
2021-05-21T00:00:00.000Z,מולדובה,3,0,3
2021-05-21T00:00:00.000Z,אוקראינה,28,39,67
2021-05-21T00:00:00.000Z,טנזניה,2,0,2
2021-05-21T00:00:00.000Z,פיליפינים,3,5,8
2021-05-21T00:00:00.000Z,ירדן,2,0,2
2021-05-21T00:00:00.000Z,איי סיישל,1,0,1
2021-05-21T00:00:00.000Z,ספרד,7,3,10
2021-05-21T00:00:00.000Z,תורכיה,33,22,55
2021-05-21T00:00:00.000Z,ערב הסעודית,0,1,1
2021-05-21T00:00:00.000Z,רוסיה,155,91,246
2021-05-21T00:00:00.000Z,סרי לנקה (צילון),2,2,4
2021-05-21T00:00:00.000Z,פרו,1,0,1
2021-05-21T00:00:00.000Z,גאורגיה,384,65,449
2021-05-21T00:00:00.000Z,בולגריה,4,11,15
2021-05-21T00:00:00.000Z,מרוקו,0,2,2
2021-05-21T00:00:00.000Z,כלל המדינות,3347,1997,5344
2021-05-21T00:00:00.000Z,הרפ הדומיניקנית,0,2,2
2021-05-21T00:00:00.000Z,הולנד,0,2,2
2021-05-21T00:00:00.000Z,קרואטיה,3,0,3
2021-05-21T00:00:00.000Z,מקדוניה,0,1,1
2021-05-21T00:00:00.000Z,איטליה,10,2,12
2021-05-21T00:00:00.000Z,קירג'זסטאן,1,0,1
2021-05-21T00:00:00.000Z,אוזבקיסטן,5,6,11
2021-05-21T00:00:00.000Z,יוון,329,69,398
2021-05-21T00:00:00.000Z,פולין,25,41,66
2021-05-21T00:00:00.000Z,פורטוגל,1,0,1
2021-05-21T00:00:00.000Z,סין,5,107,112
2021-05-21T00:00:00.000Z,מצרים,180,132,312
2021-05-21T00:00:00.000Z,גווטאמלה,1,0,1
2021-05-21T00:00:00.000Z,דנמרק,1,1,2
2021-05-22T00:00:00.000Z,סרי לנקה (צילון),2,0,2
2021-05-22T00:00:00.000Z,קוריאה הדרומית,1,0,1
2021-05-22T00:00:00.000Z,הממלכה המאוחדת,0,1,1
2021-05-22T00:00:00.000Z,צכיה,2,3,5
2021-05-22T00:00:00.000Z,תורכיה,46,34,80
2021-05-22T00:00:00.000Z,רואנדה,6,2,8
2021-05-22T00:00:00.000Z,יוון,242,43,285
2021-05-22T00:00:00.000Z,טנזניה,1,1,2
2021-05-22T00:00:00.000Z,אוקראינה,3,2,5
2021-05-22T00:00:00.000Z,בחריין,0,1,1
2021-05-22T00:00:00.000Z,מקסיקו,0,1,1
2021-05-22T00:00:00.000Z,שוודיה,1,0,1
2021-05-22T00:00:00.000Z,קניה,3,2,5
2021-05-22T00:00:00.000Z,צרפת,1,2,3
2021-05-22T00:00:00.000Z,איחוד האמירויות הערב,153,72,225
2021-05-22T00:00:00.000Z,סיירה ליאונה,1,0,1
2021-05-22T00:00:00.000Z,הונגריה,1,0,1
2021-05-22T00:00:00.000Z,גרמניה,6,3,9
2021-05-22T00:00:00.000Z,איטליה,7,4,11
2021-05-22T00:00:00.000Z,כלל המדינות,1578,720,2298
2021-05-22T00:00:00.000Z,ארמניה,1,0,1
2021-05-22T00:00:00.000Z,אוזבקיסטן,4,1,5
2021-05-22T00:00:00.000Z,זמביה,0,3,3
2021-05-22T00:00:00.000Z,אתיופיה,34,13,47
2021-05-22T00:00:00.000Z,מלדיבים,31,5,36
2021-05-22T00:00:00.000Z,ספרד,0,1,1
2021-05-22T00:00:00.000Z,דרום אפריקה,7,4,11
2021-05-22T00:00:00.000Z,גאורגיה,84,30,114
2021-05-22T00:00:00.000Z,קזחסטאן,0,2,2
2021-05-22T00:00:00.000Z,קולומביה,0,1,1
2021-05-22T00:00:00.000Z,טיוואן,0,2,2
2021-05-22T00:00:00.000Z,אוגנדה,0,1,1
2021-05-22T00:00:00.000Z,יפן,1,0,1
2021-05-22T00:00:00.000Z,זימבאבווה,1,0,1
2021-05-22T00:00:00.000Z,פיליפינים,2,7,9
2021-05-22T00:00:00.000Z,עירק,1,0,1
2021-05-22T00:00:00.000Z,קפריסין,289,47,336
2021-05-22T00:00:00.000Z,מלאווי,2,0,2
2021-05-22T00:00:00.000Z,אוסטריה,6,0,6
2021-05-22T00:00:00.000Z,שוויץ,1,0,1
2021-05-22T00:00:00.000Z,בולגריה,4,1,5
2021-05-22T00:00:00.000Z,דנמרק,4,1,5
2021-05-22T00:00:00.000Z,קוסטה ריקה,1,0,1
2021-05-22T00:00:00.000Z,ליבריה,1,0,1
2021-05-22T00:00:00.000Z,רומניה,1,0,1
2021-05-22T00:00:00.000Z,מאלי,2,0,2
2021-05-22T00:00:00.000Z,גאנה,5,0,5
2021-05-22T00:00:00.000Z,מולדובה,0,2,2
2021-05-22T00:00:00.000Z,ארצות הברית,154,121,275
2021-05-22T00:00:00.000Z,מצרים,238,146,384
2021-05-22T00:00:00.000Z,רוסיה,3,1,4
2021-05-22T00:00:00.000Z,הרפ הדומיניקנית,1,0,1
2021-05-22T00:00:00.000Z,ברזיל,0,2,2
2021-05-22T00:00:00.000Z,קונגו,0,3,3
2021-05-22T00:00:00.000Z,איי סיישל,45,7,52
2021-05-22T00:00:00.000Z,ירדן,0,1,1
2021-05-22T00:00:00.000Z,פורטוגל,2,0,2
2021-05-22T00:00:00.000Z,ניגריה,5,1,6
2021-05-23T00:00:00.000Z,צרפת,80,112,192
2021-05-23T00:00:00.000Z,אוזבקיסטן,3,2,5
2021-05-23T00:00:00.000Z,גרמניה,109,78,187
2021-05-23T00:00:00.000Z,קוריאה הדרומית,0,2,2
2021-05-23T00:00:00.000Z,ארגנטינה,1,0,1
2021-05-23T00:00:00.000Z,מלטה,2,0,2
2021-05-23T00:00:00.000Z,ניגריה,6,1,7
2021-05-23T00:00:00.000Z,קוסטה ריקה,3,6,9
2021-05-23T00:00:00.000Z,פורטוגל,9,5,14
2021-05-23T00:00:00.000Z,פינלנד,0,1,1
2021-05-23T00:00:00.000Z,ערב הסעודית,0,1,1
2021-05-23T00:00:00.000Z,קניה,0,1,1
2021-05-23T00:00:00.000Z,לטביה,2,1,3
2021-05-23T00:00:00.000Z,איי סיישל,42,3,45
2021-05-23T00:00:00.000Z,ספרד,4,5,9
2021-05-23T00:00:00.000Z,בולגריה,152,21,173
2021-05-23T00:00:00.000Z,עירק,0,7,7
2021-05-23T00:00:00.000Z,קנדה,16,78,94
2021-05-23T00:00:00.000Z,מולדובה,40,26,66
2021-05-23T00:00:00.000Z,לוכסמבורג,0,3,3
2021-05-23T00:00:00.000Z,ארצות הברית,498,496,994
2021-05-23T00:00:00.000Z,תאילנד,2,2,4
2021-05-23T00:00:00.000Z,אוסטרליה,0,5,5
2021-05-23T00:00:00.000Z,אוסטריה,31,41,72
2021-05-23T00:00:00.000Z,הונגריה,7,0,7
2021-05-23T00:00:00.000Z,טנזניה,0,2,2
2021-05-23T00:00:00.000Z,קפריסין,320,73,393
2021-05-23T00:00:00.000Z,ירדן,75,66,141
2021-05-23T00:00:00.000Z,תורכיה,64,33,97
2021-05-23T00:00:00.000Z,פורטו ריקו,2,1,3
2021-05-23T00:00:00.000Z,מקדוניה,1,0,1
2021-05-23T00:00:00.000Z,פולין,38,8,46
2021-05-23T00:00:00.000Z,גויאנה הצרפתית,1,1,2
2021-05-23T00:00:00.000Z,סרי לנקה (צילון),0,1,1
2021-05-23T00:00:00.000Z,ארמניה,1,0,1
2021-05-23T00:00:00.000Z,גאורגיה,477,75,552
2021-05-23T00:00:00.000Z,מקסיקו,4,4,8
2021-05-23T00:00:00.000Z,הממלכה המאוחדת,103,251,354
2021-05-23T00:00:00.000Z,בוליביה,1,0,1
2021-05-23T00:00:00.000Z,בילורוסיה,108,36,144
2021-05-23T00:00:00.000Z,בלגיה,4,6,10
2021-05-23T00:00:00.000Z,רוסיה,126,131,257
2021-05-23T00:00:00.000Z,שוודיה,2,1,3
2021-05-23T00:00:00.000Z,שוויץ,0,4,4
2021-05-23T00:00:00.000Z,מאלי,1,0,1
2021-05-23T00:00:00.000Z,בוסניה הרצגובינה,0,1,1
2021-05-23T00:00:00.000Z,רומניה,96,48,144
2021-05-23T00:00:00.000Z,יפן,1,0,1
2021-05-23T00:00:00.000Z,דנמרק,1,4,5
2021-05-23T00:00:00.000Z,הולנד,110,69,179
2021-05-23T00:00:00.000Z,מצרים,284,157,441
2021-05-23T00:00:00.000Z,חוף השנהב,0,1,1
2021-05-23T00:00:00.000Z,מרוקו,2,0,2
2021-05-23T00:00:00.000Z,קולומביה,1,0,1
2021-05-23T00:00:00.000Z,גווטאמלה,1,0,1
2021-05-23T00:00:00.000Z,סינגפור,2,0,2
2021-05-23T00:00:00.000Z,בחריין,1,0,1
2021-05-23T00:00:00.000Z,סין,0,1,1
2021-05-23T00:00:00.000Z,אוקראינה,7,8,15
2021-05-23T00:00:00.000Z,ליטא,2,2,4
2021-05-23T00:00:00.000Z,טיוואן,0,1,1
2021-05-23T00:00:00.000Z,פיליפינים,1,2,3
2021-05-23T00:00:00.000Z,כלל המדינות,5163,2682,7845
2021-05-23T00:00:00.000Z,מלדיבים,14,2,16
2021-05-23T00:00:00.000Z,יוון,735,101,836
2021-05-23T00:00:00.000Z,רואנדה,1,0,1
2021-05-23T00:00:00.000Z,איטליה,15,13,28
2021-05-23T00:00:00.000Z,איחוד האמירויות הערב,421,145,566
2021-05-23T00:00:00.000Z,סרביה,5,1,6
2021-05-23T00:00:00.000Z,סט וינסנט,2,1,3
2021-05-23T00:00:00.000Z,אזרביג'אן,2,0,2
2021-05-23T00:00:00.000Z,איסלנד,4,0,4
2021-05-24T00:00:00.000Z,גויאנה הצרפתית,1,0,1
2021-05-24T00:00:00.000Z,אל סלבדור,1,0,1
2021-05-24T00:00:00.000Z,איטליה,25,9,34
2021-05-24T00:00:00.000Z,סנגל,2,0,2
2021-05-24T00:00:00.000Z,כלל המדינות,4484,4040,8524
2021-05-24T00:00:00.000Z,ספרד,12,9,21
2021-05-24T00:00:00.000Z,אוקראינה,55,93,148
2021-05-24T00:00:00.000Z,איסלנד,6,0,6
2021-05-24T00:00:00.000Z,מקדוניה,1,0,1
2021-05-24T00:00:00.000Z,פנמה,3,7,10
2021-05-24T00:00:00.000Z,מאוריציוס,3,0,3
2021-05-24T00:00:00.000Z,צכיה,1,2,3
2021-05-24T00:00:00.000Z,איחוד האמירויות הערב,259,96,355
2021-05-24T00:00:00.000Z,גווטאמלה,1,1,2
2021-05-24T00:00:00.000Z,דנמרק,1,3,4
2021-05-24T00:00:00.000Z,קפריסין,155,70,225
2021-05-24T00:00:00.000Z,טנזניה,3,2,5
2021-05-24T00:00:00.000Z,פינלנד,2,1,3
2021-05-24T00:00:00.000Z,פורטוגל,12,2,14
2021-05-24T00:00:00.000Z,קרואטיה,6,2,8
2021-05-24T00:00:00.000Z,סן מרינו,0,1,1
2021-05-24T00:00:00.000Z,אזרביג'אן,1,0,1
2021-05-24T00:00:00.000Z,תורכיה,35,32,67
2021-05-24T00:00:00.000Z,יוון,540,88,628
2021-05-24T00:00:00.000Z,גמייקה,0,3,3
2021-05-24T00:00:00.000Z,אוסטריה,38,35,73
2021-05-24T00:00:00.000Z,גיברלטר,1,0,1
2021-05-24T00:00:00.000Z,נמיביה,8,0,8
2021-05-24T00:00:00.000Z,רוסיה,168,195,363
2021-05-24T00:00:00.000Z,בלגיה,26,77,103
2021-05-24T00:00:00.000Z,זאיר,3,1,4
2021-05-24T00:00:00.000Z,סין,0,3,3
2021-05-24T00:00:00.000Z,יפן,1,0,1
2021-05-24T00:00:00.000Z,קלדוניה החדשה,0,1,1
2021-05-24T00:00:00.000Z,קטר,1,0,1
2021-05-24T00:00:00.000Z,אתיופיה,33,12,45
2021-05-24T00:00:00.000Z,אלבניה,56,5,61
2021-05-24T00:00:00.000Z,בילורוסיה,2,19,21
2021-05-24T00:00:00.000Z,ארמניה,1,0,1
2021-05-24T00:00:00.000Z,ירדן,46,40,86
2021-05-24T00:00:00.000Z,בולגריה,154,45,199
2021-05-24T00:00:00.000Z,סרי לנקה (צילון),1,0,1
2021-05-24T00:00:00.000Z,מצרים,149,97,246
2021-05-24T00:00:00.000Z,קנדה,0,3,3
2021-05-24T00:00:00.000Z,סינגפור,2,1,3
2021-05-24T00:00:00.000Z,ארצות הברית,764,1286,2050
2021-05-24T00:00:00.000Z,אוסטרליה,1,3,4
2021-05-24T00:00:00.000Z,אירלנד,2,4,6
2021-05-24T00:00:00.000Z,מאלי,0,2,2
2021-05-24T00:00:00.000Z,גאורגיה,355,57,412
2021-05-24T00:00:00.000Z,תאילנד,0,3,3
2021-05-24T00:00:00.000Z,הונגריה,1,0,1
2021-05-24T00:00:00.000Z,אורגוואי,2,2,4
2021-05-24T00:00:00.000Z,פולין,15,8,23
2021-05-24T00:00:00.000Z,מונטנגרו,26,6,32
2021-05-24T00:00:00.000Z,קוסטה ריקה,7,4,11
2021-05-24T00:00:00.000Z,תוניסיה,0,4,4
2021-05-24T00:00:00.000Z,גרמניה,151,133,284
2021-05-24T00:00:00.000Z,סרביה,3,2,5
2021-05-24T00:00:00.000Z,פורטו ריקו,0,2,2
2021-05-24T00:00:00.000Z,ברזיל,3,3,6
2021-05-24T00:00:00.000Z,לטביה,3,0,3
2021-05-24T00:00:00.000Z,נורבגיה,1,3,4
2021-05-24T00:00:00.000Z,מרוקו,1,6,7
2021-05-24T00:00:00.000Z,שוודיה,5,2,7
2021-05-24T00:00:00.000Z,גאנה,0,2,2
2021-05-24T00:00:00.000Z,הונדורס,1,0,1
2021-05-24T00:00:00.000Z,קולומביה,4,7,11
2021-05-24T00:00:00.000Z,טיוואן,0,1,1
2021-05-24T00:00:00.000Z,ליטא,6,2,8
2021-05-24T00:00:00.000Z,מלטה,3,2,5
2021-05-24T00:00:00.000Z,אוזבקיסטן,11,74,85
2021-05-24T00:00:00.000Z,ניגריה,6,1,7
2021-05-24T00:00:00.000Z,דרום אפריקה,7,2,9
2021-05-24T00:00:00.000Z,סוריה,1,216,217
2021-05-24T00:00:00.000Z,פיליפינים,0,8,8
2021-05-24T00:00:00.000Z,מלדיבים,16,0,16
2021-05-24T00:00:00.000Z,קזחסטאן,1,0,1
2021-05-24T00:00:00.000Z,הולנד,21,20,41
2021-05-24T00:00:00.000Z,ארגנטינה,0,4,4
2021-05-24T00:00:00.000Z,קובה,1,0,1
2021-05-24T00:00:00.000Z,הודו,12,12,24
2021-05-24T00:00:00.000Z,קניה,1,0,1
2021-05-24T00:00:00.000Z,קוריאה הדרומית,1,0,1
2021-05-24T00:00:00.000Z,הממלכה המאוחדת,101,221,322
2021-05-24T00:00:00.000Z,איי סיישל,35,8,43
2021-05-24T00:00:00.000Z,צרפת,154,256,410
2021-05-24T00:00:00.000Z,מקסיקו,2,8,10
2021-05-24T00:00:00.000Z,שוויץ,70,43,113
2021-05-25T00:00:00.000Z,קמרון,1,0,1
2021-05-25T00:00:00.000Z,נורבגיה,1,0,1
2021-05-25T00:00:00.000Z,איי קייפ וורדה,1,0,1
2021-05-25T00:00:00.000Z,מלדיבים,8,0,8
2021-05-25T00:00:00.000Z,קרואטיה,3,1,4
2021-05-25T00:00:00.000Z,קניה,1,0,1
2021-05-25T00:00:00.000Z,פולין,5,0,5
2021-05-25T00:00:00.000Z,איחוד האמירויות הערב,132,45,177
2021-05-25T00:00:00.000Z,הונג קונג,0,1,1
2021-05-25T00:00:00.000Z,ליטא,2,0,2
2021-05-25T00:00:00.000Z,לטביה,4,4,8
2021-05-25T00:00:00.000Z,גאורגיה,93,30,123
2021-05-25T00:00:00.000Z,גאנה,1,1,2
2021-05-25T00:00:00.000Z,דרום סודאן,1,0,1
2021-05-25T00:00:00.000Z,אוגנדה,0,1,1
2021-05-25T00:00:00.000Z,כלל המדינות,2663,2280,4943
2021-05-25T00:00:00.000Z,מונטנגרו,0,2,2
2021-05-25T00:00:00.000Z,קזחסטאן,3,0,3
2021-05-25T00:00:00.000Z,הולנד,11,33,44
2021-05-25T00:00:00.000Z,פינלנד,1,4,5
2021-05-25T00:00:00.000Z,אתיופיה,15,10,25
2021-05-25T00:00:00.000Z,טנזניה,2,0,2
2021-05-25T00:00:00.000Z,סוריה,0,4,4
2021-05-25T00:00:00.000Z,זאיר,1,0,1
2021-05-25T00:00:00.000Z,ארצות הברית,391,629,1020
2021-05-25T00:00:00.000Z,רוסיה,40,58,98
2021-05-25T00:00:00.000Z,מרוקו,3,1,4
2021-05-25T00:00:00.000Z,ברזיל,3,7,10
2021-05-25T00:00:00.000Z,אוסטריה,3,9,12
2021-05-25T00:00:00.000Z,בולגריה,68,4,72
2021-05-25T00:00:00.000Z,קולומביה,0,4,4
2021-05-25T00:00:00.000Z,הרפ הדומיניקנית,3,0,3
2021-05-25T00:00:00.000Z,שוודיה,3,2,5
2021-05-25T00:00:00.000Z,מולדובה,46,23,69
2021-05-25T00:00:00.000Z,בלגיה,4,9,13
2021-05-25T00:00:00.000Z,ארגנטינה,0,6,6
2021-05-25T00:00:00.000Z,יוון,207,23,230
2021-05-25T00:00:00.000Z,פיליפינים,2,0,2
2021-05-25T00:00:00.000Z,סנגל,1,0,1
2021-05-25T00:00:00.000Z,ניגריה,2,1,3
2021-05-25T00:00:00.000Z,עירק,0,6,6
2021-05-25T00:00:00.000Z,פנמה,1,0,1
2021-05-25T00:00:00.000Z,גיברלטר,0,1,1
2021-05-25T00:00:00.000Z,ניו זילנד,0,1,1
2021-05-25T00:00:00.000Z,קפריסין,105,19,124
2021-05-25T00:00:00.000Z,סרביה,8,2,10
2021-05-25T00:00:00.000Z,אזרביג'אן,2,2,4
2021-05-25T00:00:00.000Z,תורכיה,46,37,83
2021-05-25T00:00:00.000Z,אירלנד,0,3,3
2021-05-25T00:00:00.000Z,דנמרק,1,5,6
2021-05-25T00:00:00.000Z,רומניה,41,31,72
2021-05-25T00:00:00.000Z,צרפת,166,170,336
2021-05-25T00:00:00.000Z,בילורוסיה,126,35,161
2021-05-25T00:00:00.000Z,מצרים,148,79,227
2021-05-25T00:00:00.000Z,גרמניה,142,98,240
2021-05-25T00:00:00.000Z,פורטוגל,4,0,4
2021-05-25T00:00:00.000Z,הונגריה,41,42,83
2021-05-25T00:00:00.000Z,אוזבקיסטן,0,1,1
2021-05-25T00:00:00.000Z,הממלכה המאוחדת,113,309,422
2021-05-25T00:00:00.000Z,מקסיקו,2,10,12
2021-05-25T00:00:00.000Z,ירדן,24,15,39
2021-05-25T00:00:00.000Z,יפן,5,2,7
2021-05-25T00:00:00.000Z,איטליה,21,13,34
2021-05-25T00:00:00.000Z,אוקראינה,11,6,17
2021-05-25T00:00:00.000Z,תאילנד,2,0,2
2021-05-25T00:00:00.000Z,ספרד,12,8,20
2021-05-25T00:00:00.000Z,הודו,2,0,2
2021-05-25T00:00:00.000Z,צ'ילה,0,2,2
2021-05-25T00:00:00.000Z,דרום אפריקה,3,1,4
2021-05-25T00:00:00.000Z,שוויץ,10,14,24
2021-05-25T00:00:00.000Z,קנדה,0,4,4
2021-05-26T00:00:00.000Z,ארמניה,4,0,4
2021-05-26T00:00:00.000Z,סרי לנקה (צילון),1,0,1
2021-05-26T00:00:00.000Z,הונדורס,0,1,1
2021-05-26T00:00:00.000Z,הולנד,10,5,15
2021-05-26T00:00:00.000Z,קולומביה,0,10,10
2021-05-26T00:00:00.000Z,אוסטריה,28,26,54
2021-05-26T00:00:00.000Z,הממלכה המאוחדת,106,223,329
2021-05-26T00:00:00.000Z,ראוניון,1,0,1
2021-05-26T00:00:00.000Z,בילורוסיה,1,0,1
2021-05-26T00:00:00.000Z,גינאה המשוונית,0,1,1
2021-05-26T00:00:00.000Z,הונגריה,2,1,3
2021-05-26T00:00:00.000Z,אוקראינה,72,96,168
2021-05-26T00:00:00.000Z,אוסטרליה,2,8,10
2021-05-26T00:00:00.000Z,ארגנטינה,9,20,29
2021-05-26T00:00:00.000Z,תורכמניסטאן,1,0,1
2021-05-26T00:00:00.000Z,אזרביג'אן,5,2,7
2021-05-26T00:00:00.000Z,רומניה,60,30,90
2021-05-26T00:00:00.000Z,ערב הסעודית,0,1,1
2021-05-26T00:00:00.000Z,סין,5,20,25
2021-05-26T00:00:00.000Z,גאנה,3,1,4
2021-05-26T00:00:00.000Z,סנגל,2,0,2
2021-05-26T00:00:00.000Z,ברזיל,1,7,8
2021-05-26T00:00:00.000Z,מולדובה,3,0,3
2021-05-26T00:00:00.000Z,פינלנד,0,5,5
2021-05-26T00:00:00.000Z,מקסיקו,20,8,28
2021-05-26T00:00:00.000Z,שוודיה,1,1,2
2021-05-26T00:00:00.000Z,ספרד,43,66,109
2021-05-26T00:00:00.000Z,גאורגיה,183,31,214
2021-05-26T00:00:00.000Z,קוריאה הדרומית,0,4,4
2021-05-26T00:00:00.000Z,אקואדור,0,4,4
2021-05-26T00:00:00.000Z,כלל המדינות,3213,3195,6408
2021-05-26T00:00:00.000Z,קזחסטאן,0,1,1
2021-05-26T00:00:00.000Z,צכיה,2,15,17
2021-05-26T00:00:00.000Z,בולגריה,41,19,60
2021-05-26T00:00:00.000Z,טנזניה,3,1,4
2021-05-26T00:00:00.000Z,אסטוניה,3,0,3
2021-05-26T00:00:00.000Z,תאילנד,0,7,7
2021-05-26T00:00:00.000Z,מונטנגרו,48,7,55
2021-05-26T00:00:00.000Z,קפריסין,111,68,179
2021-05-26T00:00:00.000Z,סינגפור,1,4,5
2021-05-26T00:00:00.000Z,ניגריה,1,4,5
2021-05-26T00:00:00.000Z,מצרים,125,40,165
2021-05-26T00:00:00.000Z,צ'ילה,0,3,3
2021-05-26T00:00:00.000Z,פולין,49,11,60
2021-05-26T00:00:00.000Z,דנמרק,2,1,3
2021-05-26T00:00:00.000Z,שוויץ,2,9,11
2021-05-26T00:00:00.000Z,קנדה,23,112,135
2021-05-26T00:00:00.000Z,פרגוואי,1,0,1
2021-05-26T00:00:00.000Z,קניה,5,1,6
2021-05-26T00:00:00.000Z,הודו,4,0,4
2021-05-26T00:00:00.000Z,תוניסיה,0,1,1
2021-05-26T00:00:00.000Z,איחוד האמירויות הערב,194,93,287
2021-05-26T00:00:00.000Z,אתיופיה,15,5,20
2021-05-26T00:00:00.000Z,פיליפינים,2,0,2
2021-05-26T00:00:00.000Z,גרמניה,49,56,105
2021-05-26T00:00:00.000Z,איטליה,32,20,52
2021-05-26T00:00:00.000Z,סיירה ליאונה,1,0,1
2021-05-26T00:00:00.000Z,אוזבקיסטן,4,5,9
2021-05-26T00:00:00.000Z,אורגוואי,0,1,1
2021-05-26T00:00:00.000Z,איי סיישל,31,10,41
2021-05-26T00:00:00.000Z,ירדן,18,18,36
2021-05-26T00:00:00.000Z,מלדיבים,5,0,5
2021-05-26T00:00:00.000Z,פורטוגל,1,0,1
2021-05-26T00:00:00.000Z,ארצות הברית,625,1001,1626
2021-05-26T00:00:00.000Z,יפן,0,1,1
2021-05-26T00:00:00.000Z,אינדונזיה,2,0,2
2021-05-26T00:00:00.000Z,אנגולה,1,3,4
2021-05-26T00:00:00.000Z,טיוואן,1,2,3
2021-05-26T00:00:00.000Z,טג'יקיסטאן,2,0,2
2021-05-26T00:00:00.000Z,תורכיה,60,35,95
2021-05-26T00:00:00.000Z,לוב,2,0,2
2021-05-26T00:00:00.000Z,בלגיה,1,3,4
2021-05-26T00:00:00.000Z,רואנדה,1,0,1
2021-05-26T00:00:00.000Z,ניו זילנד,1,1,2
2021-05-26T00:00:00.000Z,קיריבטי,0,1,1
2021-05-26T00:00:00.000Z,קרואטיה,3,3,6
2021-05-26T00:00:00.000Z,פרו,3,2,5
2021-05-26T00:00:00.000Z,מלטה,2,0,2
2021-05-26T00:00:00.000Z,הרפ הדומיניקנית,2,2,4
2021-05-26T00:00:00.000Z,קוסטה ריקה,10,2,12
2021-05-26T00:00:00.000Z,צרפת,172,274,446
2021-05-26T00:00:00.000Z,פנמה,0,1,1
2021-05-26T00:00:00.000Z,סרביה,0,7,7
2021-05-26T00:00:00.000Z,ליבריה,0,2,2
2021-05-26T00:00:00.000Z,בוטסואנה,2,0,2
2021-05-26T00:00:00.000Z,רוסיה,66,62,128
2021-05-26T00:00:00.000Z,יוון,231,49,280
2021-05-26T00:00:00.000Z,מרוקו,28,5,33
2021-05-26T00:00:00.000Z,דרום אפריקה,5,2,7
2021-05-27T00:00:00.000Z,אוזבקיסטן,5,5,10
2021-05-27T00:00:00.000Z,בחריין,4,2,6
2021-05-27T00:00:00.000Z,דנמרק,5,9,14
2021-05-27T00:00:00.000Z,ליטא,0,1,1
2021-05-27T00:00:00.000Z,מרוקו,3,0,3
2021-05-27T00:00:00.000Z,הולנד,5,4,9
2021-05-27T00:00:00.000Z,רוסיה,53,91,144
2021-05-27T00:00:00.000Z,גאנה,4,1,5
2021-05-27T00:00:00.000Z,קפריסין,250,88,338
2021-05-27T00:00:00.000Z,גינאה המשוונית,0,1,1
2021-05-27T00:00:00.000Z,סווזילנד,2,0,2
2021-05-27T00:00:00.000Z,ארצות הברית,457,953,1410
2021-05-27T00:00:00.000Z,מולדובה,51,31,82
2021-05-27T00:00:00.000Z,מוזמביק,1,0,1
2021-05-27T00:00:00.000Z,איטליה,26,10,36
2021-05-27T00:00:00.000Z,פינלנד,2,1,3
2021-05-27T00:00:00.000Z,נורבגיה,0,1,1
2021-05-27T00:00:00.000Z,קנדה,2,5,7
2021-05-27T00:00:00.000Z,קירג'זסטאן,1,2,3
2021-05-27T00:00:00.000Z,סרי לנקה (צילון),1,2,3
2021-05-27T00:00:00.000Z,כלל המדינות,4534,3726,8260
2021-05-27T00:00:00.000Z,דרום אפריקה,4,14,18
2021-05-27T00:00:00.000Z,אוסטריה,26,19,45
2021-05-27T00:00:00.000Z,ניגריה,8,7,15
2021-05-27T00:00:00.000Z,ניו זילנד,0,3,3
2021-05-27T00:00:00.000Z,טנזניה,4,1,5
2021-05-27T00:00:00.000Z,מלדיבים,2,1,3
2021-05-27T00:00:00.000Z,אוגנדה,4,0,4
2021-05-27T00:00:00.000Z,בוליביה,0,1,1
2021-05-27T00:00:00.000Z,איחוד האמירויות הערב,308,108,416
2021-05-27T00:00:00.000Z,תאילנד,13,267,280
2021-05-27T00:00:00.000Z,ערב הסעודית,1,0,1
2021-05-27T00:00:00.000Z,בילורוסיה,77,28,105
2021-05-27T00:00:00.000Z,מלטה,7,0,7
2021-05-27T00:00:00.000Z,ספרד,3,4,7
2021-05-27T00:00:00.000Z,קטר,1,0,1
2021-05-27T00:00:00.000Z,נמיביה,3,1,4
2021-05-27T00:00:00.000Z,צאד,1,0,1
2021-05-27T00:00:00.000Z,ברזיל,4,6,10
2021-05-27T00:00:00.000Z,פורטוגל,9,2,11
2021-05-27T00:00:00.000Z,מקדוניה,1,1,2
2021-05-27T00:00:00.000Z,מונקו,1,0,1
2021-05-27T00:00:00.000Z,גרנדה,1,0,1
2021-05-27T00:00:00.000Z,צרפת,144,160,304
2021-05-27T00:00:00.000Z,צכיה,7,13,20
2021-05-27T00:00:00.000Z,בולגריה,148,33,181
2021-05-27T00:00:00.000Z,לטביה,8,4,12
2021-05-27T00:00:00.000Z,יוון,574,82,656
2021-05-27T00:00:00.000Z,פנמה,1,3,4
2021-05-27T00:00:00.000Z,הונגריה,2,1,3
2021-05-27T00:00:00.000Z,אוקראינה,49,141,190
2021-05-27T00:00:00.000Z,שוודיה,1,7,8
2021-05-27T00:00:00.000Z,קזחסטאן,1,0,1
2021-05-27T00:00:00.000Z,רומניה,61,31,92
2021-05-27T00:00:00.000Z,אנגולה,1,0,1
2021-05-27T00:00:00.000Z,צ'ילה,2,6,8
2021-05-27T00:00:00.000Z,גרמניה,97,71,168
2021-05-27T00:00:00.000Z,זמביה,2,1,3
2021-05-27T00:00:00.000Z,אינדונזיה,1,0,1
2021-05-27T00:00:00.000Z,סרביה,2,1,3
2021-05-27T00:00:00.000Z,אזרביג'אן,6,2,8
2021-05-27T00:00:00.000Z,אירלנד,2,4,6
2021-05-27T00:00:00.000Z,בלגיה,73,79,152
2021-05-27T00:00:00.000Z,גאורגיה,370,66,436
2021-05-27T00:00:00.000Z,בוסניה הרצגובינה,1,1,2
2021-05-27T00:00:00.000Z,ירדן,53,72,125
2021-05-27T00:00:00.000Z,הודו,4,0,4
2021-05-27T00:00:00.000Z,קניה,6,0,6
2021-05-27T00:00:00.000Z,פרו,1,0,1
2021-05-27T00:00:00.000Z,שוויץ,47,49,96
2021-05-27T00:00:00.000Z,פולין,8,6,14
2021-05-27T00:00:00.000Z,מקסיקו,0,6,6
2021-05-27T00:00:00.000Z,זאיר,4,0,4
2021-05-27T00:00:00.000Z,אוסטרליה,1,6,7
2021-05-27T00:00:00.000Z,תורכיה,73,55,128
2021-05-27T00:00:00.000Z,רואנדה,3,1,4
2021-05-27T00:00:00.000Z,מצרים,215,109,324
2021-05-27T00:00:00.000Z,אסטוניה,4,0,4
2021-05-27T00:00:00.000Z,ארגנטינה,2,22,24
2021-05-27T00:00:00.000Z,אלבניה,6,0,6
2021-05-27T00:00:00.000Z,איי סיישל,125,3,128
2021-05-27T00:00:00.000Z,קוסטה ריקה,1,0,1
2021-05-27T00:00:00.000Z,בורונדי,0,2,2
2021-05-27T00:00:00.000Z,אתיופיה,35,11,46
2021-05-27T00:00:00.000Z,גויאנה הצרפתית,1,0,1
2021-05-27T00:00:00.000Z,איסלנד,10,0,10
2021-05-27T00:00:00.000Z,יפן,0,5,5
2021-05-27T00:00:00.000Z,פיליפינים,1,12,13
2021-05-27T00:00:00.000Z,חוף השנהב,0,1,1
2021-05-27T00:00:00.000Z,לבנון,0,8,8
2021-05-27T00:00:00.000Z,קולומביה,6,2,8
2021-05-27T00:00:00.000Z,הממלכה המאוחדת,155,320,475
2021-05-27T00:00:00.000Z,הרפ הדומיניקנית,2,0,2
2021-05-28T00:00:00.000Z,אוקראינה,8,6,14
2021-05-28T00:00:00.000Z,לטביה,1,1,2
2021-05-28T00:00:00.000Z,אוסטריה,54,30,84
2021-05-28T00:00:00.000Z,נורבגיה,0,1,1
2021-05-28T00:00:00.000Z,רוסיה,154,125,279
2021-05-28T00:00:00.000Z,בלגיה,4,5,9
2021-05-28T00:00:00.000Z,רומניה,4,1,5
2021-05-28T00:00:00.000Z,פולין,62,17,79
2021-05-28T00:00:00.000Z,קוסטה ריקה,12,3,15
2021-05-28T00:00:00.000Z,בולגריה,108,30,138
2021-05-28T00:00:00.000Z,קוריאה הדרומית,3,0,3
2021-05-28T00:00:00.000Z,הממלכה המאוחדת,63,164,227
2021-05-28T00:00:00.000Z,שוודיה,1,0,1
2021-05-28T00:00:00.000Z,איחוד האמירויות הערב,323,85,408
2021-05-28T00:00:00.000Z,צרפת,149,178,327
2021-05-28T00:00:00.000Z,סינגפור,10,0,10
2021-05-28T00:00:00.000Z,פורטוגל,12,5,17
2021-05-28T00:00:00.000Z,צ'ילה,1,2,3
2021-05-28T00:00:00.000Z,תוניסיה,2,1,3
2021-05-28T00:00:00.000Z,תורכיה,80,66,146
2021-05-28T00:00:00.000Z,דומיניקה,0,1,1
2021-05-28T00:00:00.000Z,פרו,1,1,2
2021-05-28T00:00:00.000Z,הולנד,37,21,58
2021-05-28T00:00:00.000Z,אירלנד,1,0,1
2021-05-28T00:00:00.000Z,הונדורס,1,0,1
2021-05-28T00:00:00.000Z,יוון,239,38,277
2021-05-28T00:00:00.000Z,שוויץ,56,42,98
2021-05-28T00:00:00.000Z,בוסניה הרצגובינה,1,0,1
2021-05-28T00:00:00.000Z,נפאל,1,0,1
2021-05-28T00:00:00.000Z,גרמניה,78,39,117
2021-05-28T00:00:00.000Z,גאורגיה,416,122,538
2021-05-28T00:00:00.000Z,איי טורקס וקייקוס,1,0,1
2021-05-28T00:00:00.000Z,סוריה,0,1,1
2021-05-28T00:00:00.000Z,אורגוואי,1,0,1
2021-05-28T00:00:00.000Z,קפריסין,88,26,114
2021-05-28T00:00:00.000Z,ליטא,8,0,8
2021-05-28T00:00:00.000Z,אנגולה,3,0,3
2021-05-28T00:00:00.000Z,מלדיבים,9,3,12
2021-05-28T00:00:00.000Z,פיליפינים,1,3,4
2021-05-28T00:00:00.000Z,תורכמניסטאן,2,3,5
2021-05-28T00:00:00.000Z,ברזיל,1,3,4
2021-05-28T00:00:00.000Z,גווטאמלה,0,2,2
2021-05-28T00:00:00.000Z,ניגריה,1,0,1
2021-05-28T00:00:00.000Z,מולדובה,1,0,1
2021-05-28T00:00:00.000Z,ארצות הברית,656,786,1442
2021-05-28T00:00:00.000Z,מצרים,117,59,176
2021-05-28T00:00:00.000Z,קרואטיה,2,1,3
2021-05-28T00:00:00.000Z,מונטנגרו,33,5,38
2021-05-28T00:00:00.000Z,דנמרק,2,0,2
2021-05-28T00:00:00.000Z,ספרד,42,31,73
2021-05-28T00:00:00.000Z,איי ווליס ופוטונה,0,3,3
2021-05-28T00:00:00.000Z,סין,1,77,78
2021-05-28T00:00:00.000Z,קולומביה,2,6,8
2021-05-28T00:00:00.000Z,אינדונזיה,2,1,3
2021-05-28T00:00:00.000Z,סרביה,10,1,11
2021-05-28T00:00:00.000Z,סרי לנקה (צילון),1,1,2
2021-05-28T00:00:00.000Z,אתיופיה,1,0,1
2021-05-28T00:00:00.000Z,כלל המדינות,3541,2654,6195
2021-05-28T00:00:00.000Z,הרפ הדומיניקנית,2,0,2
2021-05-28T00:00:00.000Z,פנמה,4,6,10
2021-05-28T00:00:00.000Z,גמביה,0,3,3
2021-05-28T00:00:00.000Z,מקסיקו,8,7,15
2021-05-28T00:00:00.000Z,מרוקו,1,2,3
2021-05-28T00:00:00.000Z,איסלנד,2,0,2
2021-05-28T00:00:00.000Z,אוסטרליה,0,3,3
2021-05-28T00:00:00.000Z,הונגריה,55,20,75
2021-05-28T00:00:00.000Z,צכיה,8,1,9
2021-05-28T00:00:00.000Z,איטליה,19,12,31
2021-05-28T00:00:00.000Z,תאילנד,7,0,7
2021-05-28T00:00:00.000Z,לוכסמבורג,0,1,1
2021-05-28T00:00:00.000Z,בורקינה פאסו,1,0,1
2021-05-28T00:00:00.000Z,אלבניה,1,0,1
2021-05-29T00:00:00.000Z,קולומביה,0,2,2
2021-05-29T00:00:00.000Z,אוסטריה,21,9,30
2021-05-29T00:00:00.000Z,איי סיישל,3,1,4
2021-05-29T00:00:00.000Z,ארמניה,0,1,1
2021-05-29T00:00:00.000Z,זאיר,0,2,2
2021-05-29T00:00:00.000Z,יוון,315,40,355
2021-05-29T00:00:00.000Z,ניגריה,3,4,7
2021-05-29T00:00:00.000Z,דרום אפריקה,3,3,6
2021-05-29T00:00:00.000Z,אוגנדה,2,0,2
2021-05-29T00:00:00.000Z,דנמרק,13,4,17
2021-05-29T00:00:00.000Z,סרי לנקה (צילון),1,1,2
2021-05-29T00:00:00.000Z,לוכסמבורג,1,1,2
2021-05-29T00:00:00.000Z,גאורגיה,49,11,60
2021-05-29T00:00:00.000Z,ברזיל,1,0,1
2021-05-29T00:00:00.000Z,אתיופיה,27,17,44
2021-05-29T00:00:00.000Z,מקסיקו,3,7,10
2021-05-29T00:00:00.000Z,רומניה,65,23,88
2021-05-29T00:00:00.000Z,נמיביה,2,0,2
2021-05-29T00:00:00.000Z,ניו זילנד,0,1,1
2021-05-29T00:00:00.000Z,הולנד,20,23,43
2021-05-29T00:00:00.000Z,אירלנד,2,7,9
2021-05-29T00:00:00.000Z,יפן,0,1,1
2021-05-29T00:00:00.000Z,סין,4,0,4
2021-05-29T00:00:00.000Z,צרפת,34,36,70
2021-05-29T00:00:00.000Z,פינלנד,8,0,8
2021-05-29T00:00:00.000Z,בלגיה,7,1,8
2021-05-29T00:00:00.000Z,מלטה,1,0,1
2021-05-29T00:00:00.000Z,חוף השנהב,1,0,1
2021-05-29T00:00:00.000Z,סרביה,2,2,4
2021-05-29T00:00:00.000Z,פיליפינים,2,0,2
2021-05-29T00:00:00.000Z,שוודיה,0,3,3
2021-05-29T00:00:00.000Z,בולגריה,0,1,1
2021-05-29T00:00:00.000Z,רוסיה,5,6,11
2021-05-29T00:00:00.000Z,איחוד האמירויות הערב,52,9,61
2021-05-29T00:00:00.000Z,גאנה,4,1,5
2021-05-29T00:00:00.000Z,פורטוגל,9,6,15
2021-05-29T00:00:00.000Z,אסטוניה,1,0,1
2021-05-29T00:00:00.000Z,זמביה,3,0,3
2021-05-29T00:00:00.000Z,בוטסואנה,1,0,1
2021-05-29T00:00:00.000Z,קנדה,1,2,3
2021-05-29T00:00:00.000Z,הממלכה המאוחדת,40,68,108
2021-05-29T00:00:00.000Z,אוקראינה,1,5,6
2021-05-29T00:00:00.000Z,מרוקו,0,1,1
2021-05-29T00:00:00.000Z,ארצות הברית,236,553,789
2021-05-29T00:00:00.000Z,מלדיבים,4,0,4
2021-05-29T00:00:00.000Z,גרמניה,89,76,165
2021-05-29T00:00:00.000Z,קניה,5,2,7
2021-05-29T00:00:00.000Z,קזחסטאן,0,5,5
2021-05-29T00:00:00.000Z,איטליה,31,18,49
2021-05-29T00:00:00.000Z,הרפ הדומיניקנית,3,0,3
2021-05-29T00:00:00.000Z,כלל המדינות,2183,1502,3685
2021-05-29T00:00:00.000Z,צכיה,2,0,2
2021-05-29T00:00:00.000Z,אל סלבדור,0,2,2
2021-05-29T00:00:00.000Z,תורכיה,63,24,87
2021-05-29T00:00:00.000Z,איסלנד,9,0,9
2021-05-29T00:00:00.000Z,קוסטה ריקה,3,0,3
2021-05-29T00:00:00.000Z,סנגל,2,0,2
2021-05-29T00:00:00.000Z,תאילנד,1,9,10
2021-05-29T00:00:00.000Z,רואנדה,10,3,13
2021-05-29T00:00:00.000Z,פולין,14,4,18
2021-05-29T00:00:00.000Z,אורגוואי,3,6,9
2021-05-29T00:00:00.000Z,מלאווי,0,1,1
2021-05-29T00:00:00.000Z,שוויץ,2,2,4
2021-05-29T00:00:00.000Z,אוסטרליה,0,4,4
2021-05-29T00:00:00.000Z,מונטנגרו,1,0,1
2021-05-29T00:00:00.000Z,קמבודיה,0,1,1
2021-05-29T00:00:00.000Z,קפריסין,437,40,477
2021-05-29T00:00:00.000Z,פרו,0,1,1
2021-05-29T00:00:00.000Z,בוסניה הרצגובינה,3,5,8
2021-05-29T00:00:00.000Z,ליטא,2,2,4
2021-05-29T00:00:00.000Z,טיוואן,0,1,1
2021-05-29T00:00:00.000Z,קרואטיה,7,0,7
2021-05-29T00:00:00.000Z,ארגנטינה,3,1,4
2021-05-29T00:00:00.000Z,בחריין,1,0,1
2021-05-29T00:00:00.000Z,ספרד,20,16,36
2021-05-29T00:00:00.000Z,מצרים,348,102,450
2021-05-29T00:00:00.000Z,נורבגיה,0,2,2
2021-05-29T00:00:00.000Z,סלובניה,3,0,3
2021-05-29T00:00:00.000Z,הונג קונג,0,1,1
2021-05-30T00:00:00.000Z,אזרביג'אן,2,0,2
2021-05-30T00:00:00.000Z,ערב הסעודית,2,0,2
2021-05-30T00:00:00.000Z,אוסטריה,35,22,57
2021-05-30T00:00:00.000Z,איטליה,21,9,30
2021-05-30T00:00:00.000Z,ונצואלה,0,1,1
2021-05-30T00:00:00.000Z,גאורגיה,395,35,430
2021-05-30T00:00:00.000Z,תורכיה,110,77,187
2021-05-30T00:00:00.000Z,מלדיבים,6,5,11
2021-05-30T00:00:00.000Z,לטביה,2,2,4
2021-05-30T00:00:00.000Z,ברזיל,3,1,4
2021-05-30T00:00:00.000Z,קפריסין,548,100,648
2021-05-30T00:00:00.000Z,רומניה,60,30,90
2021-05-30T00:00:00.000Z,צכיה,4,2,6
2021-05-30T00:00:00.000Z,תאילנד,1,11,12
2021-05-30T00:00:00.000Z,פולין,37,13,50
2021-05-30T00:00:00.000Z,אוגנדה,2,1,3
2021-05-30T00:00:00.000Z,בלגיה,5,13,18
2021-05-30T00:00:00.000Z,יפן,0,1,1
2021-05-30T00:00:00.000Z,הונגריה,3,2,5
2021-05-30T00:00:00.000Z,אנגולה,0,1,1
2021-05-30T00:00:00.000Z,דנמרק,2,5,7
2021-05-30T00:00:00.000Z,יוון,1161,140,1301
2021-05-30T00:00:00.000Z,ארגנטינה,0,1,1
2021-05-30T00:00:00.000Z,קוריאה הדרומית,2,2,4
2021-05-30T00:00:00.000Z,תוניסיה,1,0,1
2021-05-30T00:00:00.000Z,דרום אפריקה,1,0,1
2021-05-30T00:00:00.000Z,איחוד האמירויות הערב,332,87,419
2021-05-30T00:00:00.000Z,מקסיקו,9,6,15
2021-05-30T00:00:00.000Z,אלבניה,0,4,4
2021-05-30T00:00:00.000Z,הממלכה המאוחדת,198,231,429
2021-05-30T00:00:00.000Z,רואנדה,1,0,1
2021-05-30T00:00:00.000Z,קוסטה ריקה,3,5,8
2021-05-30T00:00:00.000Z,הולנד,75,47,122
2021-05-30T00:00:00.000Z,שוויץ,30,24,54
2021-05-30T00:00:00.000Z,לבנון,0,3,3
2021-05-30T00:00:00.000Z,גרמניה,54,32,86
2021-05-30T00:00:00.000Z,אוסטרליה,0,1,1
2021-05-30T00:00:00.000Z,מלזיה,0,1,1
2021-05-30T00:00:00.000Z,ויטנאם,0,5,5
2021-05-30T00:00:00.000Z,ארצות הברית,325,485,810
2021-05-30T00:00:00.000Z,ניגריה,0,1,1
2021-05-30T00:00:00.000Z,אסטוניה,2,0,2
2021-05-30T00:00:00.000Z,הרפ הדומיניקנית,0,1,1
2021-05-30T00:00:00.000Z,צרפת,140,177,317
2021-05-30T00:00:00.000Z,בוסניה הרצגובינה,0,1,1
2021-05-30T00:00:00.000Z,פורטוגל,16,2,18
2021-05-30T00:00:00.000Z,מצרים,421,99,520
2021-05-30T00:00:00.000Z,מולדובה,68,53,121
2021-05-30T00:00:00.000Z,מונקו,1,0,1
2021-05-30T00:00:00.000Z,ירדן,99,66,165
2021-05-30T00:00:00.000Z,כלל המדינות,5908,2789,8697
2021-05-30T00:00:00.000Z,האנטילים ההולנדים,1,0,1
2021-05-30T00:00:00.000Z,מקדוניה,2,0,2
2021-05-30T00:00:00.000Z,אוזבקיסטן,1,0,1
2021-05-30T00:00:00.000Z,נורבגיה,0,1,1
2021-05-30T00:00:00.000Z,איי סיישל,122,22,144
2021-05-30T00:00:00.000Z,רוסיה,152,173,325
2021-05-30T00:00:00.000Z,אירלנד,2,1,3
2021-05-30T00:00:00.000Z,אוקראינה,76,30,106
2021-05-30T00:00:00.000Z,ספרד,12,4,16
2021-05-30T00:00:00.000Z,קנדה,8,75,83
2021-05-30T00:00:00.000Z,סוריה,0,5,5
2021-05-30T00:00:00.000Z,שוודיה,1,4,5
2021-05-30T00:00:00.000Z,בולגריה,193,19,212
2021-05-30T00:00:00.000Z,סינגפור,0,2,2
2021-05-30T00:00:00.000Z,קמרון,2,1,3
2021-05-30T00:00:00.000Z,קירג'זסטאן,3,1,4
2021-05-30T00:00:00.000Z,פיליפינים,2,17,19
2021-05-30T00:00:00.000Z,סרביה,8,3,11
2021-05-30T00:00:00.000Z,טיוואן,2,0,2
2021-05-30T00:00:00.000Z,בילורוסיה,124,23,147
2021-05-30T00:00:00.000Z,קרואטיה,3,1,4
2021-05-30T00:00:00.000Z,אינדונזיה,0,1,1
2021-05-31T00:00:00.000Z,טיוואן,0,2,2
2021-05-31T00:00:00.000Z,אתיופיה,24,13,37
2021-05-31T00:00:00.000Z,בולגריה,267,44,311
2021-05-31T00:00:00.000Z,קפריסין,318,67,385
2021-05-31T00:00:00.000Z,קולומביה,3,5,8
2021-05-31T00:00:00.000Z,צכיה,3,1,4
2021-05-31T00:00:00.000Z,ברזיל,2,5,7
2021-05-31T00:00:00.000Z,זאיר,1,2,3
2021-05-31T00:00:00.000Z,הונג קונג,0,4,4
2021-05-31T00:00:00.000Z,זמביה,4,1,5
2021-05-31T00:00:00.000Z,קנדה,4,14,18
2021-05-31T00:00:00.000Z,אירלנד,3,1,4
2021-05-31T00:00:00.000Z,לסוטו,2,0,2
2021-05-31T00:00:00.000Z,סוריה,1,7,8
2021-05-31T00:00:00.000Z,סווזילנד,1,0,1
2021-05-31T00:00:00.000Z,קרואטיה,63,26,89
2021-05-31T00:00:00.000Z,פנמה,3,2,5
2021-05-31T00:00:00.000Z,רוסיה,193,178,371
2021-05-31T00:00:00.000Z,איי סיישל,59,12,71
2021-05-31T00:00:00.000Z,הממלכה המאוחדת,169,220,389
2021-05-31T00:00:00.000Z,מונטנגרו,28,8,36
2021-05-31T00:00:00.000Z,מרוקו,1,2,3
2021-05-31T00:00:00.000Z,אוסטריה,86,51,137
2021-05-31T00:00:00.000Z,קירג'זסטאן,11,3,14
2021-05-31T00:00:00.000Z,ניו זילנד,1,0,1
2021-05-31T00:00:00.000Z,דרום אפריקה,6,3,9
2021-05-31T00:00:00.000Z,בוטסואנה,1,0,1
2021-05-31T00:00:00.000Z,ירדן,82,68,150
2021-05-31T00:00:00.000Z,תורכמניסטאן,2,2,4
2021-05-31T00:00:00.000Z,ברמודה,0,1,1
2021-05-31T00:00:00.000Z,רואנדה,3,1,4
2021-05-31T00:00:00.000Z,אנגולה,1,0,1
2021-05-31T00:00:00.000Z,סרביה,10,1,11
2021-05-31T00:00:00.000Z,אסטוניה,0,2,2
2021-05-31T00:00:00.000Z,קוריאה הדרומית,1,6,7
2021-05-31T00:00:00.000Z,ארצות הברית,666,1224,1890
2021-05-31T00:00:00.000Z,אוגנדה,6,1,7
2021-05-31T00:00:00.000Z,גיברלטר,0,1,1
2021-05-31T00:00:00.000Z,רומניה,28,22,50
2021-05-31T00:00:00.000Z,מלדיבים,8,0,8
2021-05-31T00:00:00.000Z,איחוד האמירויות הערב,308,82,390
2021-05-31T00:00:00.000Z,ליטא,16,2,18
2021-05-31T00:00:00.000Z,איטליה,30,17,47
2021-05-31T00:00:00.000Z,לוכסמבורג,10,0,10
2021-05-31T00:00:00.000Z,תורכיה,42,24,66
2021-05-31T00:00:00.000Z,ספרד,66,31,97
2021-05-31T00:00:00.000Z,ארגנטינה,0,2,2
2021-05-31T00:00:00.000Z,מקסיקו,2,4,6
2021-05-31T00:00:00.000Z,קניה,2,2,4
2021-05-31T00:00:00.000Z,גאורגיה,560,89,649
2021-05-31T00:00:00.000Z,פינלנד,2,1,3
2021-05-31T00:00:00.000Z,בוליביה,2,1,3
2021-05-31T00:00:00.000Z,קטר,0,1,1
2021-05-31T00:00:00.000Z,כלל המדינות,6109,4069,10178
2021-05-31T00:00:00.000Z,מצרים,318,94,412
2021-05-31T00:00:00.000Z,מוזמביק,2,0,2
2021-05-31T00:00:00.000Z,שוויץ,35,41,76
2021-05-31T00:00:00.000Z,ניגריה,2,8,10
2021-05-31T00:00:00.000Z,אזרביג'אן,2,1,3
2021-05-31T00:00:00.000Z,שוודיה,2,3,5
2021-05-31T00:00:00.000Z,קוסובו,1,0,1
2021-05-31T00:00:00.000Z,חוף השנהב,2,0,2
2021-05-31T00:00:00.000Z,סרי לנקה (צילון),2,0,2
2021-05-31T00:00:00.000Z,הודו,23,38,61
2021-05-31T00:00:00.000Z,אוקראינה,87,91,178
2021-05-31T00:00:00.000Z,הונגריה,50,29,79
2021-05-31T00:00:00.000Z,טנזניה,9,4,13
2021-05-31T00:00:00.000Z,פיליפינים,0,18,18
2021-05-31T00:00:00.000Z,מולדובה,0,5,5
2021-05-31T00:00:00.000Z,צ'ילה,2,1,3
2021-05-31T00:00:00.000Z,לטביה,2,1,3
2021-05-31T00:00:00.000Z,פולין,5,5,10
2021-05-31T00:00:00.000Z,בלגיה,39,101,140
2021-05-31T00:00:00.000Z,נורבגיה,0,1,1
2021-05-31T00:00:00.000Z,תאילנד,3,0,3
2021-05-31T00:00:00.000Z,מלטה,3,0,3
2021-05-31T00:00:00.000Z,גמייקה,0,4,4
2021-05-31T00:00:00.000Z,יוון,974,107,1081
2021-05-31T00:00:00.000Z,אוזבקיסטן,12,61,73
2021-05-31T00:00:00.000Z,דנמרק,1,4,5
2021-05-31T00:00:00.000Z,פורטוגל,14,7,21
2021-05-31T00:00:00.000Z,יפן,1,1,2
2021-05-31T00:00:00.000Z,סין,0,1,1
2021-05-31T00:00:00.000Z,ארמניה,2,2,4
2021-05-31T00:00:00.000Z,קזחסטאן,2,1,3
2021-05-31T00:00:00.000Z,גרמניה,139,84,223
2021-05-31T00:00:00.000Z,אוסטרליה,0,2,2
2021-05-31T00:00:00.000Z,אלבניה,3,1,4
2021-05-31T00:00:00.000Z,איי טורקס וקייקוס,0,2,2
2021-05-31T00:00:00.000Z,צרפת,211,242,453
2021-05-31T00:00:00.000Z,הרפ הדומיניקנית,1,0,1
2021-05-31T00:00:00.000Z,הולנד,40,27,67
2021-06-01T00:00:00.000Z,צרפת,88,114,202
2021-06-01T00:00:00.000Z,חוף השנהב,1,1,2
2021-06-01T00:00:00.000Z,סרביה,4,2,6
2021-06-01T00:00:00.000Z,אקואדור,0,8,8
2021-06-01T00:00:00.000Z,קפריסין,116,21,137
2021-06-01T00:00:00.000Z,אוסטריה,5,5,10
2021-06-01T00:00:00.000Z,אורגוואי,0,4,4
2021-06-01T00:00:00.000Z,אנגולה,1,1,2
2021-06-01T00:00:00.000Z,תורכיה,35,33,68
2021-06-01T00:00:00.000Z,אתיופיה,18,8,26
2021-06-01T00:00:00.000Z,קוסטה ריקה,6,9,15
2021-06-01T00:00:00.000Z,אלבניה,0,1,1
2021-06-01T00:00:00.000Z,זמביה,1,0,1
2021-06-01T00:00:00.000Z,אוזבקיסטן,2,2,4
2021-06-01T00:00:00.000Z,ליטא,8,0,8
2021-06-01T00:00:00.000Z,אוקראינה,90,69,159
2021-06-01T00:00:00.000Z,טיוואן,1,0,1
2021-06-01T00:00:00.000Z,רוסיה,29,48,77
2021-06-01T00:00:00.000Z,סנגל,1,0,1
2021-06-01T00:00:00.000Z,פורטוגל,15,4,19
2021-06-01T00:00:00.000Z,פיליפינים,0,2,2
2021-06-01T00:00:00.000Z,קוריאה הדרומית,2,0,2
2021-06-01T00:00:00.000Z,הממלכה המאוחדת,176,227,403
2021-06-01T00:00:00.000Z,פולין,28,6,34
2021-06-01T00:00:00.000Z,מולדובה,51,68,119
2021-06-01T00:00:00.000Z,פינלנד,2,0,2
2021-06-01T00:00:00.000Z,בוליביה,0,1,1
2021-06-01T00:00:00.000Z,קנדה,0,5,5
2021-06-01T00:00:00.000Z,זאיר,0,1,1
2021-06-01T00:00:00.000Z,אוגנדה,2,0,2
2021-06-01T00:00:00.000Z,גרמניה,183,116,299
2021-06-01T00:00:00.000Z,קזחסטאן,0,1,1
2021-06-01T00:00:00.000Z,בילורוסיה,38,29,67
2021-06-01T00:00:00.000Z,קולומביה,0,3,3
2021-06-01T00:00:00.000Z,כלל המדינות,3285,2367,5652
2021-06-01T00:00:00.000Z,ברבדוס,0,1,1
2021-06-01T00:00:00.000Z,יוון,325,53,378
2021-06-01T00:00:00.000Z,מצרים,237,48,285
2021-06-01T00:00:00.000Z,איטליה,46,37,83
2021-06-01T00:00:00.000Z,פרו,0,3,3
2021-06-01T00:00:00.000Z,גאנה,0,1,1
2021-06-01T00:00:00.000Z,קניה,9,4,13
2021-06-01T00:00:00.000Z,בלגיה,0,8,8
2021-06-01T00:00:00.000Z,ברזיל,3,6,9
2021-06-01T00:00:00.000Z,דרום אפריקה,5,5,10
2021-06-01T00:00:00.000Z,קרואטיה,2,0,2
2021-06-01T00:00:00.000Z,תאילנד,6,2,8
2021-06-01T00:00:00.000Z,מקסיקו,4,5,9
2021-06-01T00:00:00.000Z,דנמרק,4,4,8
2021-06-01T00:00:00.000Z,מוזמביק,1,2,3
2021-06-01T00:00:00.000Z,איחוד האמירויות הערב,263,70,333
2021-06-01T00:00:00.000Z,בולגריה,66,6,72
2021-06-01T00:00:00.000Z,פנמה,0,1,1
2021-06-01T00:00:00.000Z,תוניסיה,1,0,1
2021-06-01T00:00:00.000Z,גינאה המשוונית,2,1,3
2021-06-01T00:00:00.000Z,שוויץ,7,3,10
2021-06-01T00:00:00.000Z,אירלנד,3,0,3
2021-06-01T00:00:00.000Z,ארצות הברית,476,645,1121
2021-06-01T00:00:00.000Z,סלובניה,0,1,1
2021-06-01T00:00:00.000Z,ספרד,46,49,95
2021-06-01T00:00:00.000Z,ירדן,48,43,91
2021-06-01T00:00:00.000Z,גאורגיה,211,41,252
2021-06-01T00:00:00.000Z,ארמניה,1,0,1
2021-06-01T00:00:00.000Z,אזרביג'אן,1,0,1
2021-06-01T00:00:00.000Z,ארגנטינה,4,7,11
2021-06-01T00:00:00.000Z,איסלנד,8,2,10
2021-06-01T00:00:00.000Z,גינאה,1,1,2
2021-06-01T00:00:00.000Z,הולנד,22,15,37
2021-06-01T00:00:00.000Z,ניגריה,1,2,3
2021-06-02T00:00:00.000Z,מלדיבים,14,2,16
2021-06-02T00:00:00.000Z,יוון,293,38,331
2021-06-02T00:00:00.000Z,אסטוניה,1,0,1
2021-06-02T00:00:00.000Z,סרי לנקה (צילון),0,1,1
2021-06-02T00:00:00.000Z,קרואטיה,5,4,9
2021-06-02T00:00:00.000Z,סלובניה,3,1,4
2021-06-02T00:00:00.000Z,אלבניה,3,0,3
2021-06-02T00:00:00.000Z,אוסטרליה,1,4,5
2021-06-02T00:00:00.000Z,בילורוסיה,19,12,31
2021-06-02T00:00:00.000Z,הממלכה המאוחדת,135,237,372
2021-06-02T00:00:00.000Z,פרגוואי,4,0,4
2021-06-02T00:00:00.000Z,דרום סודאן,0,1,1
2021-06-02T00:00:00.000Z,רומניה,56,34,90
2021-06-02T00:00:00.000Z,תורכיה,101,42,143
2021-06-02T00:00:00.000Z,אוסטריה,53,39,92
2021-06-02T00:00:00.000Z,רוסיה,2,7,9
2021-06-02T00:00:00.000Z,איי סיישל,38,5,43
2021-06-02T00:00:00.000Z,קטר,1,0,1
2021-06-02T00:00:00.000Z,ערב הסעודית,0,6,6
2021-06-02T00:00:00.000Z,אתיופיה,14,9,23
2021-06-02T00:00:00.000Z,אוזבקיסטן,1,0,1
2021-06-02T00:00:00.000Z,מצרים,134,23,157
2021-06-02T00:00:00.000Z,שוודיה,1,5,6
2021-06-02T00:00:00.000Z,קוסטה ריקה,7,8,15
2021-06-02T00:00:00.000Z,קוריאה הדרומית,1,5,6
2021-06-02T00:00:00.000Z,פרו,0,1,1
2021-06-02T00:00:00.000Z,ירדן,32,43,75
2021-06-02T00:00:00.000Z,תוניסיה,2,1,3
2021-06-02T00:00:00.000Z,הונג קונג,0,5,5
2021-06-02T00:00:00.000Z,אנגולה,2,0,2
2021-06-02T00:00:00.000Z,פולין,77,23,100
2021-06-02T00:00:00.000Z,גויאנה הצרפתית,0,3,3
2021-06-02T00:00:00.000Z,ניגריה,0,1,1
2021-06-02T00:00:00.000Z,סרביה,4,4,8
2021-06-02T00:00:00.000Z,בוטסואנה,3,0,3
2021-06-02T00:00:00.000Z,אזרביג'אן,3,1,4
2021-06-02T00:00:00.000Z,צכיה,3,1,4
2021-06-02T00:00:00.000Z,זימבאבווה,2,0,2
2021-06-02T00:00:00.000Z,בולגריה,95,38,133
2021-06-02T00:00:00.000Z,שוויץ,40,47,87
2021-06-02T00:00:00.000Z,איטליה,43,17,60
2021-06-02T00:00:00.000Z,מקסיקו,6,6,12
2021-06-02T00:00:00.000Z,מונטנגרו,33,0,33
2021-06-02T00:00:00.000Z,ברזיל,1,6,7
2021-06-02T00:00:00.000Z,ויטנאם,0,1,1
2021-06-02T00:00:00.000Z,מקדוניה,2,0,2
2021-06-02T00:00:00.000Z,גאורגיה,125,33,158
2021-06-02T00:00:00.000Z,דנמרק,5,5,10
2021-06-02T00:00:00.000Z,קולומביה,2,1,3
2021-06-02T00:00:00.000Z,פורטוגל,8,2,10
2021-06-02T00:00:00.000Z,יפן,1,0,1
2021-06-02T00:00:00.000Z,הולנד,52,35,87
2021-06-02T00:00:00.000Z,איחוד האמירויות הערב,221,56,277
2021-06-02T00:00:00.000Z,קפריסין,132,40,172
2021-06-02T00:00:00.000Z,פיליפינים,2,2,4
2021-06-02T00:00:00.000Z,הונגריה,35,40,75
2021-06-02T00:00:00.000Z,טיוואן,1,3,4
2021-06-02T00:00:00.000Z,סין,3,16,19
2021-06-02T00:00:00.000Z,כלל המדינות,3347,3494,6841
2021-06-02T00:00:00.000Z,נורבגיה,0,1,1
2021-06-02T00:00:00.000Z,ארגנטינה,8,5,13
2021-06-02T00:00:00.000Z,לטביה,0,1,1
2021-06-02T00:00:00.000Z,אירלנד,0,4,4
2021-06-02T00:00:00.000Z,ארצות הברית,538,1340,1878
2021-06-02T00:00:00.000Z,קנדה,12,86,98
2021-06-02T00:00:00.000Z,צרפת,166,299,465
2021-06-02T00:00:00.000Z,זאיר,0,1,1
2021-06-02T00:00:00.000Z,מלטה,3,0,3
2021-06-02T00:00:00.000Z,בלגיה,1,4,5
2021-06-02T00:00:00.000Z,אוקראינה,32,35,67
2021-06-02T00:00:00.000Z,סינגפור,0,21,21
2021-06-02T00:00:00.000Z,ספרד,50,29,79
2021-06-02T00:00:00.000Z,תורכמניסטאן,1,0,1
2021-06-02T00:00:00.000Z,הרפ הדומיניקנית,0,1,1
2021-06-02T00:00:00.000Z,ליטא,1,0,1
2021-06-02T00:00:00.000Z,דרום אפריקה,2,1,3
2021-06-02T00:00:00.000Z,פינלנד,3,0,3
2021-06-02T00:00:00.000Z,גרמניה,116,98,214
2021-06-02T00:00:00.000Z,ונצואלה,1,0,1
2021-06-02T00:00:00.000Z,קזחסטאן,0,2,2
2021-06-02T00:00:00.000Z,גאנה,1,0,1
2021-06-02T00:00:00.000Z,תאילנד,3,7,10
2021-06-02T00:00:00.000Z,טנזניה,0,1,1
2021-06-02T00:00:00.000Z,בוליביה,1,2,3
2021-06-02T00:00:00.000Z,קניה,3,1,4
2021-06-02T00:00:00.000Z,אינדונזיה,0,1,1
2021-06-02T00:00:00.000Z,מרוקו,1,2,3
2021-06-02T00:00:00.000Z,פנמה,0,1,1
2021-06-03T00:00:00.000Z,ארגנטינה,1,17,18
2021-06-03T00:00:00.000Z,אוגנדה,2,2,4
2021-06-03T00:00:00.000Z,קניה,4,0,4
2021-06-03T00:00:00.000Z,אוקראינה,44,55,99
2021-06-03T00:00:00.000Z,איי סיישל,55,10,65
2021-06-03T00:00:00.000Z,ניגריה,4,6,10
2021-06-03T00:00:00.000Z,ברזיל,3,3,6
2021-06-03T00:00:00.000Z,גינאה המשוונית,2,1,3
2021-06-03T00:00:00.000Z,הממלכה המאוחדת,188,203,391
2021-06-03T00:00:00.000Z,פולין,19,2,21
2021-06-03T00:00:00.000Z,קמרון,3,0,3
2021-06-03T00:00:00.000Z,תורכמניסטאן,5,0,5
2021-06-03T00:00:00.000Z,נורבגיה,0,2,2
2021-06-03T00:00:00.000Z,גויאנה הצרפתית,1,0,1
2021-06-03T00:00:00.000Z,ראוניון,1,0,1
2021-06-03T00:00:00.000Z,סרביה,3,0,3
2021-06-03T00:00:00.000Z,איטליה,13,9,22
2021-06-03T00:00:00.000Z,לבנון,0,1,1
2021-06-03T00:00:00.000Z,פורטוגל,9,2,11
2021-06-03T00:00:00.000Z,גרמניה,108,55,163
2021-06-03T00:00:00.000Z,דרום אפריקה,3,8,11
2021-06-03T00:00:00.000Z,רואנדה,11,2,13
2021-06-03T00:00:00.000Z,גאורגיה,436,69,505
2021-06-03T00:00:00.000Z,איסלנד,16,0,16
2021-06-03T00:00:00.000Z,תאילנד,4,2,6
2021-06-03T00:00:00.000Z,צ'ילה,0,6,6
2021-06-03T00:00:00.000Z,פינלנד,4,1,5
2021-06-03T00:00:00.000Z,מקסיקו,0,3,3
2021-06-03T00:00:00.000Z,פרו,4,3,7
2021-06-03T00:00:00.000Z,מלדיבים,1,1,2
2021-06-03T00:00:00.000Z,שוודיה,5,5,10
2021-06-03T00:00:00.000Z,איחוד האמירויות הערב,262,68,330
2021-06-03T00:00:00.000Z,אזרביג'אן,15,3,18
2021-06-03T00:00:00.000Z,ספרד,33,21,54
2021-06-03T00:00:00.000Z,אתיופיה,10,8,18
2021-06-03T00:00:00.000Z,קולומביה,0,2,2
2021-06-03T00:00:00.000Z,פנמה,2,4,6
2021-06-03T00:00:00.000Z,מקדוניה,4,0,4
2021-06-03T00:00:00.000Z,קוריאה הדרומית,4,0,4
2021-06-03T00:00:00.000Z,בילורוסיה,44,25,69
2021-06-03T00:00:00.000Z,גאנה,1,1,2
2021-06-03T00:00:00.000Z,ירדן,66,70,136
2021-06-03T00:00:00.000Z,זמביה,3,1,4
2021-06-03T00:00:00.000Z,אנגולה,1,1,2
2021-06-03T00:00:00.000Z,קפריסין,235,50,285
2021-06-03T00:00:00.000Z,ארצות הברית,444,803,1247
2021-06-03T00:00:00.000Z,מולדובה,65,45,110
2021-06-03T00:00:00.000Z,גינאה,1,0,1
2021-06-03T00:00:00.000Z,בוסניה הרצגובינה,2,11,13
2021-06-03T00:00:00.000Z,שוויץ,48,27,75
2021-06-03T00:00:00.000Z,קוסובו,1,0,1
2021-06-03T00:00:00.000Z,דנמרק,4,3,7
2021-06-03T00:00:00.000Z,איי טורקס וקייקוס,1,0,1
2021-06-03T00:00:00.000Z,גווטאמלה,1,0,1
2021-06-03T00:00:00.000Z,יפן,0,2,2
2021-06-03T00:00:00.000Z,יוון,637,127,764
2021-06-03T00:00:00.000Z,נמיביה,1,2,3
2021-06-03T00:00:00.000Z,סין,1,5,6
2021-06-03T00:00:00.000Z,טנזניה,6,0,6
2021-06-03T00:00:00.000Z,רוסיה,137,128,265
2021-06-03T00:00:00.000Z,בולגריה,165,7,172
2021-06-03T00:00:00.000Z,תורכיה,70,44,114
2021-06-03T00:00:00.000Z,מרוקו,0,2,2
2021-06-03T00:00:00.000Z,קנדה,0,4,4
2021-06-03T00:00:00.000Z,עירק,0,2,2
2021-06-03T00:00:00.000Z,הונגריה,45,40,85
2021-06-03T00:00:00.000Z,חוף השנהב,4,0,4
2021-06-03T00:00:00.000Z,אירלנד,3,0,3
2021-06-03T00:00:00.000Z,בוליביה,3,0,3
2021-06-03T00:00:00.000Z,אוסטריה,28,25,53
2021-06-03T00:00:00.000Z,מצרים,249,69,318
2021-06-03T00:00:00.000Z,כלל המדינות,5509,3400,8909
2021-06-03T00:00:00.000Z,צרפת,123,160,283
2021-06-03T00:00:00.000Z,ונואטו,0,1,1
2021-06-03T00:00:00.000Z,אוסטרליה,1,0,1
2021-06-03T00:00:00.000Z,טיוואן,2,0,2
2021-06-03T00:00:00.000Z,צכיה,24,9,33
2021-06-03T00:00:00.000Z,בלגיה,68,74,142
2021-06-03T00:00:00.000Z,הודו,2,3,5
2021-06-03T00:00:00.000Z,אוזבקיסטן,3,1,4
2021-06-03T00:00:00.000Z,רומניה,37,9,46
2021-06-03T00:00:00.000Z,טוגו,1,0,1
2021-06-03T00:00:00.000Z,פיליפינים,0,8,8
2021-06-03T00:00:00.000Z,הונג קונג,1,0,1
2021-06-03T00:00:00.000Z,קרואטיה,4,1,5
2021-06-03T00:00:00.000Z,הולנד,11,3,14
2021-06-04T00:00:00.000Z,קפריסין,104,28,132
2021-06-04T00:00:00.000Z,סמואה,1,0,1
2021-06-04T00:00:00.000Z,ספרד,51,29,80
2021-06-04T00:00:00.000Z,צכיה,8,0,8
2021-06-04T00:00:00.000Z,טנזניה,1,0,1
2021-06-04T00:00:00.000Z,אוסטרליה,0,13,13
2021-06-04T00:00:00.000Z,ליטא,9,5,14
2021-06-04T00:00:00.000Z,אינדונזיה,0,1,1
2021-06-04T00:00:00.000Z,נורבגיה,0,2,2
2021-06-04T00:00:00.000Z,דנמרק,2,2,4
2021-06-04T00:00:00.000Z,יוון,394,79,473
2021-06-04T00:00:00.000Z,גאורגיה,298,47,345
2021-06-04T00:00:00.000Z,קרואטיה,5,0,5
2021-06-04T00:00:00.000Z,סלובניה,2,1,3
2021-06-04T00:00:00.000Z,אסטוניה,0,2,2
2021-06-04T00:00:00.000Z,קוסטה ריקה,2,4,6
2021-06-04T00:00:00.000Z,בלגיה,3,2,5
2021-06-04T00:00:00.000Z,מקדוניה,2,0,2
2021-06-04T00:00:00.000Z,גרמניה,159,130,289
2021-06-04T00:00:00.000Z,ניגריה,4,3,7
2021-06-04T00:00:00.000Z,תוניסיה,0,2,2
2021-06-04T00:00:00.000Z,סרי לנקה (צילון),3,0,3
2021-06-04T00:00:00.000Z,קניה,2,7,9
2021-06-04T00:00:00.000Z,בולגריה,147,49,196
2021-06-04T00:00:00.000Z,לוכסמבורג,1,0,1
2021-06-04T00:00:00.000Z,מרוקו,1,5,6
2021-06-04T00:00:00.000Z,רוסיה,122,81,203
2021-06-04T00:00:00.000Z,סוריה,0,1,1
2021-06-04T00:00:00.000Z,זאיר,1,0,1
2021-06-04T00:00:00.000Z,אוגנדה,2,0,2
2021-06-04T00:00:00.000Z,סרביה,14,2,16
2021-06-04T00:00:00.000Z,קוריאה הדרומית,1,1,2
2021-06-04T00:00:00.000Z,קולומביה,3,3,6
2021-06-04T00:00:00.000Z,כלל המדינות,4062,2645,6707
2021-06-04T00:00:00.000Z,אוקראינה,43,33,76
2021-06-04T00:00:00.000Z,אזרביג'אן,8,2,10
2021-06-04T00:00:00.000Z,הממלכה המאוחדת,101,99,200
2021-06-04T00:00:00.000Z,תורכמניסטאן,2,2,4
2021-06-04T00:00:00.000Z,שוודיה,3,2,5
2021-06-04T00:00:00.000Z,ניו זילנד,0,2,2
2021-06-04T00:00:00.000Z,פורטוגל,12,10,22
2021-06-04T00:00:00.000Z,אורגוואי,0,6,6
2021-06-04T00:00:00.000Z,שוויץ,57,28,85
2021-06-04T00:00:00.000Z,ברמודה,1,0,1
2021-06-04T00:00:00.000Z,נפאל,1,0,1
2021-06-04T00:00:00.000Z,מקסיקו,4,3,7
2021-06-04T00:00:00.000Z,צרפת,194,172,366
2021-06-04T00:00:00.000Z,גווטאמלה,0,2,2
2021-06-04T00:00:00.000Z,בילורוסיה,3,1,4
2021-06-04T00:00:00.000Z,רומניה,53,25,78
2021-06-04T00:00:00.000Z,פרו,2,0,2
2021-06-04T00:00:00.000Z,איטליה,46,46,92
2021-06-04T00:00:00.000Z,פינלנד,6,2,8
2021-06-04T00:00:00.000Z,מצרים,214,68,282
2021-06-04T00:00:00.000Z,בוסניה הרצגובינה,6,3,9
2021-06-04T00:00:00.000Z,ארצות הברית,681,701,1382
2021-06-04T00:00:00.000Z,בוליביה,1,2,3
2021-06-04T00:00:00.000Z,יפן,0,4,4
2021-06-04T00:00:00.000Z,גמייקה,0,1,1
2021-06-04T00:00:00.000Z,אנגולה,3,0,3
2021-06-04T00:00:00.000Z,תורכיה,75,50,125
2021-06-04T00:00:00.000Z,אוסטריה,116,54,170
2021-06-04T00:00:00.000Z,פולין,55,22,77
2021-06-04T00:00:00.000Z,סנגל,1,0,1
2021-06-04T00:00:00.000Z,מלדיבים,7,0,7
2021-06-04T00:00:00.000Z,ארגנטינה,2,3,5
2021-06-04T00:00:00.000Z,איחוד האמירויות הערב,326,63,389
2021-06-04T00:00:00.000Z,ונצואלה,0,1,1
2021-06-04T00:00:00.000Z,אוזבקיסטן,2,0,2
2021-06-04T00:00:00.000Z,הולנד,52,38,90
2021-06-04T00:00:00.000Z,גאנה,1,1,2
2021-06-04T00:00:00.000Z,לטביה,1,3,4
2021-06-04T00:00:00.000Z,אירלנד,1,4,5
2021-06-04T00:00:00.000Z,זמביה,1,0,1
2021-06-04T00:00:00.000Z,ירדן,0,12,12
2021-06-04T00:00:00.000Z,צ'ילה,0,1,1
2021-06-04T00:00:00.000Z,ויטנאם,0,3,3
2021-06-04T00:00:00.000Z,הונגריה,8,2,10
2021-06-04T00:00:00.000Z,קנדה,5,46,51
2021-06-04T00:00:00.000Z,מונטנגרו,22,4,26
2021-06-05T00:00:00.000Z,אתיופיה,22,6,28
2021-06-05T00:00:00.000Z,מקסיקו,2,0,2
2021-06-05T00:00:00.000Z,איטליה,24,12,36
2021-06-05T00:00:00.000Z,דנמרק,5,1,6
2021-06-05T00:00:00.000Z,גווטאמלה,0,1,1
2021-06-05T00:00:00.000Z,לטביה,3,0,3
2021-06-05T00:00:00.000Z,מצרים,446,82,528
2021-06-05T00:00:00.000Z,קפריסין,370,45,415
2021-06-05T00:00:00.000Z,מלדיבים,3,1,4
2021-06-05T00:00:00.000Z,סלובניה,2,0,2
2021-06-05T00:00:00.000Z,שוודיה,1,4,5
2021-06-05T00:00:00.000Z,פורטוגל,8,0,8
2021-06-05T00:00:00.000Z,קמבודיה,0,1,1
2021-06-05T00:00:00.000Z,איסלנד,9,0,9
2021-06-05T00:00:00.000Z,בורקינה פאסו,2,0,2
2021-06-05T00:00:00.000Z,יפן,0,5,5
2021-06-05T00:00:00.000Z,איי טורקס וקייקוס,0,1,1
2021-06-05T00:00:00.000Z,פרו,1,1,2
2021-06-05T00:00:00.000Z,שוויץ,24,12,36
2021-06-05T00:00:00.000Z,אוסטרליה,1,1,2
2021-06-05T00:00:00.000Z,ארצות הברית,320,704,1024
2021-06-05T00:00:00.000Z,עירק,1,1,2
2021-06-05T00:00:00.000Z,אלבניה,3,0,3
2021-06-05T00:00:00.000Z,זאיר,2,0,2
2021-06-05T00:00:00.000Z,בורונדי,0,1,1
2021-06-05T00:00:00.000Z,ארמניה,3,0,3
2021-06-05T00:00:00.000Z,מולדובה,1,0,1
2021-06-05T00:00:00.000Z,תורכמניסטאן,2,0,2
2021-06-05T00:00:00.000Z,ניגריה,2,0,2
2021-06-05T00:00:00.000Z,בולגריה,1,1,2
2021-06-05T00:00:00.000Z,קמרון,2,0,2
2021-06-05T00:00:00.000Z,איחוד האמירויות הערב,158,23,181
2021-06-05T00:00:00.000Z,סרי לנקה (צילון),1,0,1
2021-06-05T00:00:00.000Z,נורבגיה,0,2,2
2021-06-05T00:00:00.000Z,סינגפור,0,4,4
2021-06-05T00:00:00.000Z,תורכיה,117,54,171
2021-06-05T00:00:00.000Z,הונגריה,5,11,16
2021-06-05T00:00:00.000Z,יוון,399,54,453
2021-06-05T00:00:00.000Z,ספרד,12,7,19
2021-06-05T00:00:00.000Z,חוף השנהב,6,0,6
2021-06-05T00:00:00.000Z,זימבאבווה,2,0,2
2021-06-05T00:00:00.000Z,צרפת,25,44,69
2021-06-05T00:00:00.000Z,הולנד,42,25,67
2021-06-05T00:00:00.000Z,אוגנדה,1,0,1
2021-06-05T00:00:00.000Z,דרום אפריקה,5,5,10
2021-06-05T00:00:00.000Z,קוריאה הדרומית,3,0,3
2021-06-05T00:00:00.000Z,גינאה,1,0,1
2021-06-05T00:00:00.000Z,צ'ילה,0,3,3
2021-06-05T00:00:00.000Z,פולין,80,3,83
2021-06-05T00:00:00.000Z,גרמניה,91,58,149
2021-06-05T00:00:00.000Z,הונג קונג,0,1,1
2021-06-05T00:00:00.000Z,אקואדור,1,1,2
2021-06-05T00:00:00.000Z,קוסטה ריקה,0,2,2
2021-06-05T00:00:00.000Z,מלאווי,1,0,1
2021-06-05T00:00:00.000Z,רואנדה,5,0,5
2021-06-05T00:00:00.000Z,צאד,1,0,1
2021-06-05T00:00:00.000Z,פיליפינים,0,14,14
2021-06-05T00:00:00.000Z,כלל המדינות,2699,1723,4422
2021-06-05T00:00:00.000Z,תאילנד,1,0,1
2021-06-05T00:00:00.000Z,אוסטריה,25,20,45
2021-06-05T00:00:00.000Z,טנזניה,4,1,5
2021-06-05T00:00:00.000Z,סווזילנד,1,0,1
2021-06-05T00:00:00.000Z,קנדה,0,2,2
2021-06-05T00:00:00.000Z,הרפ הדומיניקנית,1,1,2
2021-06-05T00:00:00.000Z,קרואטיה,4,1,5
2021-06-05T00:00:00.000Z,קטר,1,0,1
2021-06-05T00:00:00.000Z,הממלכה המאוחדת,47,51,98
2021-06-05T00:00:00.000Z,רומניה,77,35,112
2021-06-05T00:00:00.000Z,אזרביג'אן,3,0,3
2021-06-05T00:00:00.000Z,סרביה,8,4,12
2021-06-05T00:00:00.000Z,סין,2,16,18
2021-06-05T00:00:00.000Z,איי סיישל,1,0,1
2021-06-05T00:00:00.000Z,אוזבקיסטן,1,2,3
2021-06-05T00:00:00.000Z,גאורגיה,75,14,89
2021-06-05T00:00:00.000Z,רוסיה,1,0,1
2021-06-05T00:00:00.000Z,קניה,7,1,8
2021-06-05T00:00:00.000Z,זמביה,6,0,6
2021-06-05T00:00:00.000Z,טיוואן,3,8,11
2021-06-06T00:00:00.000Z,ספרד,14,4,18
2021-06-06T00:00:00.000Z,אוסטריה,47,14,61
2021-06-06T00:00:00.000Z,תורכיה,152,65,217
2021-06-06T00:00:00.000Z,קוסטה ריקה,3,9,12
2021-06-06T00:00:00.000Z,גאנה,1,0,1
2021-06-06T00:00:00.000Z,הממלכה המאוחדת,330,226,556
2021-06-06T00:00:00.000Z,איי סיישל,70,2,72
2021-06-06T00:00:00.000Z,גאורגיה,561,48,609
2021-06-06T00:00:00.000Z,ברזיל,0,2,2
2021-06-06T00:00:00.000Z,סרביה,0,6,6
2021-06-06T00:00:00.000Z,מלדיבים,8,2,10
2021-06-06T00:00:00.000Z,איסלנד,1,0,1
2021-06-06T00:00:00.000Z,חוף השנהב,3,3,6
2021-06-06T00:00:00.000Z,קוריאה הדרומית,5,8,13
2021-06-06T00:00:00.000Z,קפריסין,589,60,649
2021-06-06T00:00:00.000Z,אוגנדה,0,2,2
2021-06-06T00:00:00.000Z,ליטא,1,1,2
2021-06-06T00:00:00.000Z,פינלנד,3,0,3
2021-06-06T00:00:00.000Z,אסטוניה,2,0,2
2021-06-06T00:00:00.000Z,מולדובה,76,47,123
2021-06-06T00:00:00.000Z,מונטנגרו,1,0,1
2021-06-06T00:00:00.000Z,בולגריה,386,28,414
2021-06-06T00:00:00.000Z,קטר,0,1,1
2021-06-06T00:00:00.000Z,מקסיקו,0,4,4
2021-06-06T00:00:00.000Z,צכיה,12,1,13
2021-06-06T00:00:00.000Z,אירלנד,2,5,7
2021-06-06T00:00:00.000Z,פרגוואי,1,0,1
2021-06-06T00:00:00.000Z,צרפת,158,252,410
2021-06-06T00:00:00.000Z,קרואטיה,3,0,3
2021-06-06T00:00:00.000Z,איטליה,22,16,38
2021-06-06T00:00:00.000Z,רומניה,120,11,131
2021-06-06T00:00:00.000Z,אנגליה,1,0,1
2021-06-06T00:00:00.000Z,לוכסמבורג,1,0,1
2021-06-06T00:00:00.000Z,תורכמניסטאן,2,0,2
2021-06-06T00:00:00.000Z,תאילנד,3,3,6
2021-06-06T00:00:00.000Z,ירדן,97,45,142
2021-06-06T00:00:00.000Z,יוון,2336,170,2506
2021-06-06T00:00:00.000Z,שוויץ,37,17,54
2021-06-06T00:00:00.000Z,ארצות הברית,392,607,999
2021-06-06T00:00:00.000Z,פולין,41,11,52
2021-06-06T00:00:00.000Z,נורבגיה,1,0,1
2021-06-06T00:00:00.000Z,אוסטרליה,2,1,3
2021-06-06T00:00:00.000Z,בוליביה,3,0,3
2021-06-06T00:00:00.000Z,שוודיה,5,4,9
2021-06-06T00:00:00.000Z,אזרביג'אן,2,4,6
2021-06-06T00:00:00.000Z,בוסניה הרצגובינה,2,0,2
2021-06-06T00:00:00.000Z,בלגיה,42,75,117
2021-06-06T00:00:00.000Z,סלובניה,7,0,7
2021-06-06T00:00:00.000Z,פנמה,2,0,2
2021-06-06T00:00:00.000Z,קנדה,3,52,55
2021-06-06T00:00:00.000Z,בילורוסיה,128,24,152
2021-06-06T00:00:00.000Z,רוסיה,40,58,98
2021-06-06T00:00:00.000Z,מקדוניה,0,1,1
2021-06-06T00:00:00.000Z,פורטוגל,20,3,23
2021-06-06T00:00:00.000Z,גווטאמלה,0,1,1
2021-06-06T00:00:00.000Z,קולומביה,1,1,2
2021-06-06T00:00:00.000Z,קניה,1,0,1
2021-06-06T00:00:00.000Z,גרמניה,143,130,273
2021-06-06T00:00:00.000Z,כלל המדינות,7859,2916,10775
2021-06-06T00:00:00.000Z,דנמרק,8,4,12
2021-06-06T00:00:00.000Z,ארגנטינה,1,0,1
2021-06-06T00:00:00.000Z,מצרים,652,89,741
2021-06-06T00:00:00.000Z,אורגוואי,0,1,1
2021-06-06T00:00:00.000Z,איחוד האמירויות הערב,231,64,295
2021-06-06T00:00:00.000Z,אוקראינה,62,81,143
2021-06-06T00:00:00.000Z,דרום אפריקה,1,1,2
2021-06-06T00:00:00.000Z,הולנד,67,30,97
2021-06-06T00:00:00.000Z,סין,0,1,1
2021-06-06T00:00:00.000Z,קזחסטאן,0,1,1
2021-06-06T00:00:00.000Z,פרו,1,1,2
2021-06-07T00:00:00.000Z,איחוד האמירויות הערב,509,73,582
2021-06-07T00:00:00.000Z,אתיופיה,23,16,39
2021-06-07T00:00:00.000Z,איטליה,114,62,176
2021-06-07T00:00:00.000Z,לטביה,2,0,2
2021-06-07T00:00:00.000Z,בוסניה הרצגובינה,0,3,3
2021-06-07T00:00:00.000Z,קולומביה,0,2,2
2021-06-07T00:00:00.000Z,גאורגיה,530,64,594
2021-06-07T00:00:00.000Z,מקסיקו,3,2,5
2021-06-07T00:00:00.000Z,נמיביה,1,0,1
2021-06-07T00:00:00.000Z,ברזיל,1,5,6
2021-06-07T00:00:00.000Z,ספרד,149,63,212
2021-06-07T00:00:00.000Z,אוסטרליה,2,0,2
2021-06-07T00:00:00.000Z,ארמניה,2,0,2
2021-06-07T00:00:00.000Z,אוגנדה,2,5,7
2021-06-07T00:00:00.000Z,בוליביה,4,1,5
2021-06-07T00:00:00.000Z,גאנה,3,7,10
2021-06-07T00:00:00.000Z,בילורוסיה,0,1,1
2021-06-07T00:00:00.000Z,קפריסין,416,25,441
2021-06-07T00:00:00.000Z,צ'ילה,2,15,17
2021-06-07T00:00:00.000Z,קונגו,3,0,3
2021-06-07T00:00:00.000Z,פינלנד,7,3,10
2021-06-07T00:00:00.000Z,סרי לנקה (צילון),2,0,2
2021-06-07T00:00:00.000Z,ניו זילנד,0,1,1
2021-06-07T00:00:00.000Z,בורקינה פאסו,1,0,1
2021-06-07T00:00:00.000Z,טנזניה,1,15,16
2021-06-07T00:00:00.000Z,צכיה,1,0,1
2021-06-07T00:00:00.000Z,הונג קונג,0,1,1
2021-06-07T00:00:00.000Z,פורטוגל,13,4,17
2021-06-07T00:00:00.000Z,גרמניה,216,109,325
2021-06-07T00:00:00.000Z,טיוואן,0,2,2
2021-06-07T00:00:00.000Z,אוקראינה,24,45,69
2021-06-07T00:00:00.000Z,דנמרק,7,2,9
2021-06-07T00:00:00.000Z,יוון,1190,115,1305
2021-06-07T00:00:00.000Z,מונטנגרו,129,4,133
2021-06-07T00:00:00.000Z,קזחסטאן,1,1,2
2021-06-07T00:00:00.000Z,הממלכה המאוחדת,340,225,565
2021-06-07T00:00:00.000Z,דרום אפריקה,1,2,3
2021-06-07T00:00:00.000Z,נורבגיה,1,0,1
2021-06-07T00:00:00.000Z,הרפ הדומיניקנית,1,0,1
2021-06-07T00:00:00.000Z,בולגריה,278,27,305
2021-06-07T00:00:00.000Z,קוסטה ריקה,6,0,6
2021-06-07T00:00:00.000Z,אוזבקיסטן,25,64,89
2021-06-07T00:00:00.000Z,מונקו,0,1,1
2021-06-07T00:00:00.000Z,תורכיה,112,30,142
2021-06-07T00:00:00.000Z,קובה,1,0,1
2021-06-07T00:00:00.000Z,תאילנד,0,3,3
2021-06-07T00:00:00.000Z,הולנד,86,15,101
2021-06-07T00:00:00.000Z,שוויץ,60,53,113
2021-06-07T00:00:00.000Z,ארצות הברית,1005,1130,2135
2021-06-07T00:00:00.000Z,אורגוואי,0,1,1
2021-06-07T00:00:00.000Z,דרום סודאן,1,0,1
2021-06-07T00:00:00.000Z,פולין,38,9,47
2021-06-07T00:00:00.000Z,אירלנד,1,0,1
2021-06-07T00:00:00.000Z,בחריין,0,1,1
2021-06-07T00:00:00.000Z,זמביה,1,0,1
2021-06-07T00:00:00.000Z,איי טורקס וקייקוס,1,0,1
2021-06-07T00:00:00.000Z,לוכסמבורג,2,1,3
2021-06-07T00:00:00.000Z,רומניה,110,20,130
2021-06-07T00:00:00.000Z,סנגל,1,0,1
2021-06-07T00:00:00.000Z,קרואטיה,6,4,10
2021-06-07T00:00:00.000Z,הונגריה,50,21,71
2021-06-07T00:00:00.000Z,אזרביג'אן,3,3,6
2021-06-07T00:00:00.000Z,בלגיה,4,7,11
2021-06-07T00:00:00.000Z,שוודיה,5,1,6
2021-06-07T00:00:00.000Z,מלדיבים,8,1,9
2021-06-07T00:00:00.000Z,אוסטריה,192,38,230
2021-06-07T00:00:00.000Z,מרוקו,2,0,2
2021-06-07T00:00:00.000Z,ליטא,2,1,3
2021-06-07T00:00:00.000Z,קניה,6,2,8
2021-06-07T00:00:00.000Z,סרביה,14,2,16
2021-06-07T00:00:00.000Z,מלטה,1,0,1
2021-06-07T00:00:00.000Z,אלבניה,2,0,2
2021-06-07T00:00:00.000Z,איסלנד,24,1,25
2021-06-07T00:00:00.000Z,אקואדור,0,9,9
2021-06-07T00:00:00.000Z,ארגנטינה,0,2,2
2021-06-07T00:00:00.000Z,גווטאמלה,0,1,1
2021-06-07T00:00:00.000Z,מצרים,424,75,499
2021-06-07T00:00:00.000Z,כווית,0,3,3
2021-06-07T00:00:00.000Z,כלל המדינות,7533,3541,11074
2021-06-07T00:00:00.000Z,פנמה,0,5,5
2021-06-07T00:00:00.000Z,פיליפינים,0,28,28
2021-06-07T00:00:00.000Z,רואנדה,0,3,3
2021-06-07T00:00:00.000Z,ניגריה,1,6,7
2021-06-07T00:00:00.000Z,סלובניה,11,0,11
2021-06-07T00:00:00.000Z,ירדן,42,31,73
2021-06-07T00:00:00.000Z,זאיר,1,0,1
2021-06-07T00:00:00.000Z,רוסיה,183,141,324
2021-06-07T00:00:00.000Z,תוניסיה,1,0,1
2021-06-07T00:00:00.000Z,אנגולה,1,0,1
2021-06-07T00:00:00.000Z,קנדה,1,4,5
2021-06-07T00:00:00.000Z,צרפת,205,228,433
2021-06-07T00:00:00.000Z,איי סיישל,40,6,46
2021-06-07T00:00:00.000Z,הודו,13,16,29
2021-06-07T00:00:00.000Z,תורכמניסטאן,1,0,1
2021-06-08T00:00:00.000Z,בוליביה,2,0,2
2021-06-08T00:00:00.000Z,קרואטיה,0,1,1
2021-06-08T00:00:00.000Z,נורבגיה,0,1,1
2021-06-08T00:00:00.000Z,פיליפינים,0,1,1
2021-06-08T00:00:00.000Z,בלגיה,6,12,18
2021-06-08T00:00:00.000Z,סינגפור,0,1,1
2021-06-08T00:00:00.000Z,קמרון,1,0,1
2021-06-08T00:00:00.000Z,יוון,417,51,468
2021-06-08T00:00:00.000Z,לטביה,3,1,4
2021-06-08T00:00:00.000Z,קוריאה הדרומית,5,2,7
2021-06-08T00:00:00.000Z,אתיופיה,10,4,14
2021-06-08T00:00:00.000Z,תאילנד,3,3,6
2021-06-08T00:00:00.000Z,אנגולה,0,1,1
2021-06-08T00:00:00.000Z,אירלנד,0,4,4
2021-06-08T00:00:00.000Z,זמביה,1,0,1
2021-06-08T00:00:00.000Z,תורכיה,106,51,157
2021-06-08T00:00:00.000Z,צרפת,153,211,364
2021-06-08T00:00:00.000Z,הרפ הדומיניקנית,2,0,2
2021-06-08T00:00:00.000Z,צכיה,3,0,3
2021-06-08T00:00:00.000Z,קטר,0,1,1
2021-06-08T00:00:00.000Z,אוסטריה,4,3,7
2021-06-08T00:00:00.000Z,גאורגיה,199,13,212
2021-06-08T00:00:00.000Z,פולין,104,19,123
2021-06-08T00:00:00.000Z,אלבניה,3,0,3
2021-06-08T00:00:00.000Z,סרי לנקה (צילון),2,0,2
2021-06-08T00:00:00.000Z,מונטנגרו,1,0,1
2021-06-08T00:00:00.000Z,דומיניקה,2,0,2
2021-06-08T00:00:00.000Z,קזחסטאן,3,1,4
2021-06-08T00:00:00.000Z,מצרים,254,55,309
2021-06-08T00:00:00.000Z,מולדובה,78,48,126
2021-06-08T00:00:00.000Z,קוסטה ריקה,1,0,1
2021-06-08T00:00:00.000Z,רוסיה,32,29,61
2021-06-08T00:00:00.000Z,מקסיקו,2,2,4
2021-06-08T00:00:00.000Z,טנזניה,2,0,2
2021-06-08T00:00:00.000Z,רומניה,1,0,1
2021-06-08T00:00:00.000Z,קפריסין,221,34,255
2021-06-08T00:00:00.000Z,סרביה,13,0,13
2021-06-08T00:00:00.000Z,ברזיל,3,17,20
2021-06-08T00:00:00.000Z,רואנדה,4,0,4
2021-06-08T00:00:00.000Z,הונגריה,4,2,6
2021-06-08T00:00:00.000Z,זימבאבווה,1,0,1
2021-06-08T00:00:00.000Z,קניה,3,0,3
2021-06-08T00:00:00.000Z,שוויץ,2,6,8
2021-06-08T00:00:00.000Z,גרמניה,148,76,224
2021-06-08T00:00:00.000Z,דנמרק,9,1,10
2021-06-08T00:00:00.000Z,ארמניה,0,1,1
2021-06-08T00:00:00.000Z,אוקראינה,43,63,106
2021-06-08T00:00:00.000Z,ספרד,4,3,7
2021-06-08T00:00:00.000Z,איטליה,65,23,88
2021-06-08T00:00:00.000Z,פורטוגל,3,0,3
2021-06-08T00:00:00.000Z,אוזבקיסטן,1,0,1
2021-06-08T00:00:00.000Z,גאנה,5,1,6
2021-06-08T00:00:00.000Z,ארצות הברית,648,803,1451
2021-06-08T00:00:00.000Z,כלל המדינות,3741,2354,6095
2021-06-08T00:00:00.000Z,איחוד האמירויות הערב,210,49,259
2021-06-08T00:00:00.000Z,ארגנטינה,3,1,4
2021-06-08T00:00:00.000Z,קנדה,1,3,4
2021-06-08T00:00:00.000Z,ניגריה,1,0,1
2021-06-08T00:00:00.000Z,בילורוסיה,68,62,130
2021-06-08T00:00:00.000Z,ליטא,9,1,10
2021-06-08T00:00:00.000Z,מרוקו,3,2,5
2021-06-08T00:00:00.000Z,ירדן,22,32,54
2021-06-08T00:00:00.000Z,הולנד,88,19,107
2021-06-08T00:00:00.000Z,בולגריה,59,8,67
2021-06-08T00:00:00.000Z,אורגוואי,4,1,5
2021-06-08T00:00:00.000Z,פנמה,1,1,2
2021-06-08T00:00:00.000Z,שוודיה,4,1,5
2021-06-08T00:00:00.000Z,אזרביג'אן,2,7,9
2021-06-08T00:00:00.000Z,מלדיבים,10,1,11
2021-06-08T00:00:00.000Z,דרום אפריקה,1,2,3
2021-06-08T00:00:00.000Z,הממלכה המאוחדת,194,184,378
2021-06-09T00:00:00.000Z,קטר,3,0,3
2021-06-09T00:00:00.000Z,צרפת,112,220,332
2021-06-09T00:00:00.000Z,הרפ הדומיניקנית,2,2,4
2021-06-09T00:00:00.000Z,קזחסטאן,0,1,1
2021-06-09T00:00:00.000Z,קפריסין,157,44,201
2021-06-09T00:00:00.000Z,קוריאה הדרומית,3,0,3
2021-06-09T00:00:00.000Z,ניגריה,4,1,5
2021-06-09T00:00:00.000Z,מונטנגרו,91,5,96
2021-06-09T00:00:00.000Z,אירלנד,1,1,2
2021-06-09T00:00:00.000Z,סלובניה,0,1,1
2021-06-09T00:00:00.000Z,שוודיה,6,2,8
2021-06-09T00:00:00.000Z,קנדה,4,78,82
2021-06-09T00:00:00.000Z,אוזבקיסטן,2,0,2
2021-06-09T00:00:00.000Z,קרואטיה,2,1,3
2021-06-09T00:00:00.000Z,טיוואן,1,0,1
2021-06-09T00:00:00.000Z,מלדיבים,10,2,12
2021-06-09T00:00:00.000Z,טנזניה,4,2,6
2021-06-09T00:00:00.000Z,אל סלבדור,3,1,4
2021-06-09T00:00:00.000Z,מקסיקו,6,9,15
2021-06-09T00:00:00.000Z,איי סיישל,76,8,84
2021-06-09T00:00:00.000Z,בולגריה,171,53,224
2021-06-09T00:00:00.000Z,איטליה,30,16,46
2021-06-09T00:00:00.000Z,זמביה,1,0,1
2021-06-09T00:00:00.000Z,בלגיה,5,15,20
2021-06-09T00:00:00.000Z,אלבניה,0,1,1
2021-06-09T00:00:00.000Z,ירדן,49,32,81
2021-06-09T00:00:00.000Z,ברזיל,1,6,7
2021-06-09T00:00:00.000Z,בילורוסיה,15,23,38
2021-06-09T00:00:00.000Z,פנמה,1,0,1
2021-06-09T00:00:00.000Z,דנמרק,6,5,11
2021-06-09T00:00:00.000Z,קירג'זסטאן,1,0,1
2021-06-09T00:00:00.000Z,גווטאמלה,2,2,4
2021-06-09T00:00:00.000Z,גאנה,3,0,3
2021-06-09T00:00:00.000Z,זימבאבווה,0,1,1
2021-06-09T00:00:00.000Z,כלל המדינות,4633,3420,8053
2021-06-09T00:00:00.000Z,ארצות הברית,740,1379,2119
2021-06-09T00:00:00.000Z,ונצואלה,2,11,13
2021-06-09T00:00:00.000Z,אזרביג'אן,1,0,1
2021-06-09T00:00:00.000Z,אתיופיה,24,2,26
2021-06-09T00:00:00.000Z,צכיה,2,3,5
2021-06-09T00:00:00.000Z,תאילנד,4,3,7
2021-06-09T00:00:00.000Z,אנגולה,1,0,1
2021-06-09T00:00:00.000Z,קניה,2,3,5
2021-06-09T00:00:00.000Z,סרביה,1,1,2
2021-06-09T00:00:00.000Z,פינלנד,5,0,5
2021-06-09T00:00:00.000Z,הממלכה המאוחדת,169,211,380
2021-06-09T00:00:00.000Z,מצרים,207,27,234
2021-06-09T00:00:00.000Z,הולנד,70,14,84
2021-06-09T00:00:00.000Z,דרום אפריקה,0,6,6
2021-06-09T00:00:00.000Z,סט וינסנט,1,0,1
2021-06-09T00:00:00.000Z,גרמניה,133,72,205
2021-06-09T00:00:00.000Z,הונגריה,57,30,87
2021-06-09T00:00:00.000Z,יוון,546,57,603
2021-06-09T00:00:00.000Z,בוסניה הרצגובינה,1,1,2
2021-06-09T00:00:00.000Z,מקדוניה,2,0,2
2021-06-09T00:00:00.000Z,הונג קונג,0,3,3
2021-06-09T00:00:00.000Z,אוקראינה,25,37,62
2021-06-09T00:00:00.000Z,סין,5,14,19
2021-06-09T00:00:00.000Z,איחוד האמירויות הערב,195,42,237
2021-06-09T00:00:00.000Z,פרו,0,1,1
2021-06-09T00:00:00.000Z,רומניה,4,1,5
2021-06-09T00:00:00.000Z,שוויץ,80,32,112
2021-06-09T00:00:00.000Z,פולין,132,40,172
2021-06-09T00:00:00.000Z,אוסטרליה,0,3,3
2021-06-09T00:00:00.000Z,גאורגיה,247,37,284
2021-06-09T00:00:00.000Z,פורטוגל,16,1,17
2021-06-09T00:00:00.000Z,נורבגיה,1,2,3
2021-06-09T00:00:00.000Z,קולומביה,1,7,8
2021-06-09T00:00:00.000Z,רואנדה,4,1,5
2021-06-09T00:00:00.000Z,תורכיה,162,63,225
2021-06-09T00:00:00.000Z,בוליביה,2,0,2
2021-06-09T00:00:00.000Z,גבון,1,0,1
2021-06-09T00:00:00.000Z,רוסיה,44,30,74
2021-06-09T00:00:00.000Z,סוריה,2,6,8
2021-06-09T00:00:00.000Z,ספרד,119,50,169
2021-06-09T00:00:00.000Z,מונגוליה,1,0,1
2021-06-09T00:00:00.000Z,ערב הסעודית,2,2,4
2021-06-09T00:00:00.000Z,קוסטה ריקה,15,3,18
2021-06-09T00:00:00.000Z,מרוקו,2,0,2
2021-06-09T00:00:00.000Z,אוסטריה,53,40,93
2021-06-09T00:00:00.000Z,ליטא,1,0,1
2021-06-10T00:00:00.000Z,נמיביה,1,1,2
2021-06-10T00:00:00.000Z,אוגנדה,6,0,6
2021-06-10T00:00:00.000Z,פיליפינים,4,8,12
2021-06-10T00:00:00.000Z,אנגולה,3,0,3
2021-06-10T00:00:00.000Z,טנזניה,0,4,4
2021-06-10T00:00:00.000Z,גאנה,1,6,7
2021-06-10T00:00:00.000Z,כלל המדינות,7291,4192,11483
2021-06-10T00:00:00.000Z,הודו,2,0,2
2021-06-10T00:00:00.000Z,פנמה,5,7,12
2021-06-10T00:00:00.000Z,קמרון,2,0,2
2021-06-10T00:00:00.000Z,סווזילנד,1,0,1
2021-06-10T00:00:00.000Z,תאילנד,7,268,275
2021-06-10T00:00:00.000Z,איסלנד,25,3,28
2021-06-10T00:00:00.000Z,אסטוניה,1,0,1
2021-06-10T00:00:00.000Z,איחוד האמירויות הערב,213,69,282
2021-06-10T00:00:00.000Z,ליטא,10,0,10
2021-06-10T00:00:00.000Z,קניה,7,10,17
2021-06-10T00:00:00.000Z,ניגריה,3,1,4
2021-06-10T00:00:00.000Z,סלובניה,1,0,1
2021-06-10T00:00:00.000Z,קנדה,2,14,16
2021-06-10T00:00:00.000Z,קרואטיה,9,0,9
2021-06-10T00:00:00.000Z,דרום אפריקה,0,7,7
2021-06-10T00:00:00.000Z,זמביה,4,0,4
2021-06-10T00:00:00.000Z,תורכמניסטאן,6,2,8
2021-06-10T00:00:00.000Z,שוודיה,5,2,7
2021-06-10T00:00:00.000Z,בוסניה הרצגובינה,1,0,1
2021-06-10T00:00:00.000Z,בלגיה,134,125,259
2021-06-10T00:00:00.000Z,אוקראינה,65,103,168
2021-06-10T00:00:00.000Z,קוריאה הדרומית,1,0,1
2021-06-10T00:00:00.000Z,ירדן,75,50,125
2021-06-10T00:00:00.000Z,צ'ילה,2,4,6
2021-06-10T00:00:00.000Z,אוסטריה,38,26,64
2021-06-10T00:00:00.000Z,הממלכה המאוחדת,277,295,572
2021-06-10T00:00:00.000Z,אוסטרליה,1,0,1
2021-06-10T00:00:00.000Z,זימבאבווה,1,0,1
2021-06-10T00:00:00.000Z,ברזיל,2,4,6
2021-06-10T00:00:00.000Z,מקסיקו,1,3,4
2021-06-10T00:00:00.000Z,קולומביה,5,3,8
2021-06-10T00:00:00.000Z,מולדובה,68,68,136
2021-06-10T00:00:00.000Z,הרפ הדומיניקנית,0,1,1
2021-06-10T00:00:00.000Z,רואנדה,4,1,5
2021-06-10T00:00:00.000Z,צכיה,21,12,33
2021-06-10T00:00:00.000Z,אורגוואי,2,0,2
2021-06-10T00:00:00.000Z,רוסיה,90,121,211
2021-06-10T00:00:00.000Z,קוסטה ריקה,1,1,2
2021-06-10T00:00:00.000Z,קטר,0,2,2
2021-06-10T00:00:00.000Z,פורטוגל,10,1,11
2021-06-10T00:00:00.000Z,דנמרק,5,1,6
2021-06-10T00:00:00.000Z,טיוואן,0,1,1
2021-06-10T00:00:00.000Z,חוף השנהב,10,0,10
2021-06-10T00:00:00.000Z,מרוקו,1,0,1
2021-06-10T00:00:00.000Z,פרו,0,1,1
2021-06-10T00:00:00.000Z,צרפת,258,237,495
2021-06-10T00:00:00.000Z,גינאה המשוונית,5,1,6
2021-06-10T00:00:00.000Z,קירג'זסטאן,0,1,1
2021-06-10T00:00:00.000Z,איטליה,69,30,99
2021-06-10T00:00:00.000Z,ארצות הברית,692,1152,1844
2021-06-10T00:00:00.000Z,אינדונזיה,1,0,1
2021-06-10T00:00:00.000Z,סרביה,4,3,7
2021-06-10T00:00:00.000Z,פולין,15,20,35
2021-06-10T00:00:00.000Z,קפריסין,407,96,503
2021-06-10T00:00:00.000Z,סין,0,8,8
2021-06-10T00:00:00.000Z,אוזבקיסטן,1,5,6
2021-06-10T00:00:00.000Z,בולגריה,230,38,268
2021-06-10T00:00:00.000Z,גרמניה,169,55,224
2021-06-10T00:00:00.000Z,מצרים,322,97,419
2021-06-10T00:00:00.000Z,מלטה,1,0,1
2021-06-10T00:00:00.000Z,תורכיה,121,63,184
2021-06-10T00:00:00.000Z,הולנד,21,4,25
2021-06-10T00:00:00.000Z,גאורגיה,476,77,553
2021-06-10T00:00:00.000Z,אתיופיה,19,10,29
2021-06-10T00:00:00.000Z,רומניה,188,35,223
2021-06-10T00:00:00.000Z,הונגריה,53,24,77
2021-06-10T00:00:00.000Z,קובה,0,1,1
2021-06-10T00:00:00.000Z,בילורוסיה,42,28,70
2021-06-10T00:00:00.000Z,יוון,1580,190,1770
2021-06-10T00:00:00.000Z,ספרד,58,24,82
2021-06-10T00:00:00.000Z,ארגנטינה,4,20,24
2021-06-10T00:00:00.000Z,שוויץ,72,45,117
2021-06-10T00:00:00.000Z,אזרביג'אן,17,7,24
2021-06-10T00:00:00.000Z,מונטנגרו,0,1,1
2021-06-10T00:00:00.000Z,מלדיבים,2,2,4
2021-06-10T00:00:00.000Z,יפן,0,5,5
2021-06-11T00:00:00.000Z,צרפת,214,209,423
2021-06-11T00:00:00.000Z,מצרים,212,47,259
2021-06-11T00:00:00.000Z,אוזבקיסטן,3,0,3
2021-06-11T00:00:00.000Z,הונגריה,69,25,94
2021-06-11T00:00:00.000Z,הממלכה המאוחדת,203,144,347
2021-06-11T00:00:00.000Z,פנמה,0,1,1
2021-06-11T00:00:00.000Z,בלגיה,7,3,10
2021-06-11T00:00:00.000Z,מלדיבים,14,2,16
2021-06-11T00:00:00.000Z,כלל המדינות,5524,2922,8446
2021-06-11T00:00:00.000Z,תורכמניסטאן,2,0,2
2021-06-11T00:00:00.000Z,חוף השנהב,2,0,2
2021-06-11T00:00:00.000Z,גאורגיה,347,62,409
2021-06-11T00:00:00.000Z,בילורוסיה,4,0,4
2021-06-11T00:00:00.000Z,קרואטיה,11,0,11
2021-06-11T00:00:00.000Z,מרוקו,9,4,13
2021-06-11T00:00:00.000Z,קוריאה הדרומית,4,4,8
2021-06-11T00:00:00.000Z,אתיופיה,1,0,1
2021-06-11T00:00:00.000Z,גאנה,0,1,1
2021-06-11T00:00:00.000Z,מקסיקו,2,4,6
2021-06-11T00:00:00.000Z,אלבניה,1,1,2
2021-06-11T00:00:00.000Z,תאילנד,1,0,1
2021-06-11T00:00:00.000Z,אורגוואי,0,2,2
2021-06-11T00:00:00.000Z,קטר,0,2,2
2021-06-11T00:00:00.000Z,אנגולה,2,1,3
2021-06-11T00:00:00.000Z,אלגיריה,2,0,2
2021-06-11T00:00:00.000Z,שוויץ,118,57,175
2021-06-11T00:00:00.000Z,תוניסיה,2,0,2
2021-06-11T00:00:00.000Z,ירדן,0,10,10
2021-06-11T00:00:00.000Z,אירלנד,6,5,11
2021-06-11T00:00:00.000Z,הולנד,58,24,82
2021-06-11T00:00:00.000Z,ארמניה,2,0,2
2021-06-11T00:00:00.000Z,רוסיה,89,95,184
2021-06-11T00:00:00.000Z,איטליה,169,75,244
2021-06-11T00:00:00.000Z,יוון,829,102,931
2021-06-11T00:00:00.000Z,פינלנד,1,2,3
2021-06-11T00:00:00.000Z,רומניה,66,17,83
2021-06-11T00:00:00.000Z,שוודיה,6,2,8
2021-06-11T00:00:00.000Z,ברזיל,1,2,3
2021-06-11T00:00:00.000Z,אוסטריה,110,23,133
2021-06-11T00:00:00.000Z,איחוד האמירויות הערב,195,53,248
2021-06-11T00:00:00.000Z,מונטנגרו,81,3,84
2021-06-11T00:00:00.000Z,בולגריה,153,23,176
2021-06-11T00:00:00.000Z,ספרד,113,22,135
2021-06-11T00:00:00.000Z,סרביה,14,2,16
2021-06-11T00:00:00.000Z,קניה,1,0,1
2021-06-11T00:00:00.000Z,מלטה,0,2,2
2021-06-11T00:00:00.000Z,פורטוגל,18,4,22
2021-06-11T00:00:00.000Z,סין,8,107,115
2021-06-11T00:00:00.000Z,אוסטרליה,1,4,5
2021-06-11T00:00:00.000Z,ארצות הברית,927,988,1915
2021-06-11T00:00:00.000Z,ארגנטינה,0,2,2
2021-06-11T00:00:00.000Z,צכיה,6,0,6
2021-06-11T00:00:00.000Z,קפריסין,264,47,311
2021-06-11T00:00:00.000Z,יפן,1,3,4
2021-06-11T00:00:00.000Z,קנדה,10,35,45
2021-06-11T00:00:00.000Z,לוכסמבורג,0,1,1
2021-06-11T00:00:00.000Z,לטביה,1,7,8
2021-06-11T00:00:00.000Z,טוגו,2,0,2
2021-06-11T00:00:00.000Z,קולומביה,4,3,7
2021-06-11T00:00:00.000Z,קוסטה ריקה,6,3,9
2021-06-11T00:00:00.000Z,דנמרק,11,2,13
2021-06-11T00:00:00.000Z,תורכיה,108,36,144
2021-06-11T00:00:00.000Z,אוקראינה,2,7,9
2021-06-11T00:00:00.000Z,פיליפינים,1,0,1
2021-06-11T00:00:00.000Z,האיטי,1,0,1
2021-06-11T00:00:00.000Z,מולדובה,1,1,2
2021-06-11T00:00:00.000Z,קזחסטאן,0,2,2
2021-06-11T00:00:00.000Z,פורטו ריקו,0,3,3
2021-06-11T00:00:00.000Z,ליטא,15,5,20
2021-06-11T00:00:00.000Z,סלובניה,1,0,1
2021-06-11T00:00:00.000Z,הודו,1,0,1
2021-06-11T00:00:00.000Z,ניגריה,3,1,4
2021-06-11T00:00:00.000Z,גווטאמלה,0,1,1
2021-06-11T00:00:00.000Z,פולין,76,9,85
2021-06-11T00:00:00.000Z,גרמניה,251,93,344
2021-06-11T00:00:00.000Z,אזרביג'אן,17,1,18
2021-06-11T00:00:00.000Z,פרו,1,0,1
2021-06-11T00:00:00.000Z,איי פיגי,0,1,1
2021-06-11T00:00:00.000Z,נפאל,2,1,3
2021-06-11T00:00:00.000Z,נורבגיה,1,1,2
2021-06-12T00:00:00.000Z,איסלנד,30,1,31
2021-06-12T00:00:00.000Z,תאילנד,4,7,11
2021-06-12T00:00:00.000Z,נפאל,2,2,4
2021-06-12T00:00:00.000Z,מולדובה,1,1,2
2021-06-12T00:00:00.000Z,קניה,7,1,8
2021-06-12T00:00:00.000Z,ליטא,2,0,2
2021-06-12T00:00:00.000Z,יפן,1,0,1
2021-06-12T00:00:00.000Z,טוגו,1,0,1
2021-06-12T00:00:00.000Z,מקדוניה,1,0,1
2021-06-12T00:00:00.000Z,פינלנד,1,5,6
2021-06-12T00:00:00.000Z,טנזניה,4,0,4
2021-06-12T00:00:00.000Z,פיליפינים,2,1,3
2021-06-12T00:00:00.000Z,לטביה,1,0,1
2021-06-12T00:00:00.000Z,ארמניה,1,1,2
2021-06-12T00:00:00.000Z,קזחסטאן,0,2,2
2021-06-12T00:00:00.000Z,מקסיקו,2,0,2
2021-06-12T00:00:00.000Z,כלל המדינות,3230,1819,5049
2021-06-12T00:00:00.000Z,אירלנד,6,0,6
2021-06-12T00:00:00.000Z,הממלכה המאוחדת,34,53,87
2021-06-12T00:00:00.000Z,דנמרק,6,5,11
2021-06-12T00:00:00.000Z,קוריאה הדרומית,6,6,12
2021-06-12T00:00:00.000Z,בוסניה הרצגובינה,2,1,3
2021-06-12T00:00:00.000Z,טיוואן,1,7,8
2021-06-12T00:00:00.000Z,גאורגיה,62,11,73
2021-06-12T00:00:00.000Z,אתיופיה,19,10,29
2021-06-12T00:00:00.000Z,קוסובו,1,0,1
2021-06-12T00:00:00.000Z,גבון,1,1,2
2021-06-12T00:00:00.000Z,תורכיה,202,64,266
2021-06-12T00:00:00.000Z,בולגריה,0,2,2
2021-06-12T00:00:00.000Z,זימבאבווה,0,2,2
2021-06-12T00:00:00.000Z,קרואטיה,23,0,23
2021-06-12T00:00:00.000Z,בלגיה,1,0,1
2021-06-12T00:00:00.000Z,רומניה,128,36,164
2021-06-12T00:00:00.000Z,יוון,457,43,500
2021-06-12T00:00:00.000Z,הולנד,56,9,65
2021-06-12T00:00:00.000Z,איי גילברט ואליס,0,1,1
2021-06-12T00:00:00.000Z,פולין,100,12,112
2021-06-12T00:00:00.000Z,גאנה,3,0,3
2021-06-12T00:00:00.000Z,אוסטריה,34,19,53
2021-06-12T00:00:00.000Z,אוקראינה,1,1,2
2021-06-12T00:00:00.000Z,ניגריה,3,1,4
2021-06-12T00:00:00.000Z,פורטוגל,13,0,13
2021-06-12T00:00:00.000Z,סרביה,7,1,8
2021-06-12T00:00:00.000Z,תורכמניסטאן,8,0,8
2021-06-12T00:00:00.000Z,שוודיה,5,2,7
2021-06-12T00:00:00.000Z,סינגפור,0,6,6
2021-06-12T00:00:00.000Z,סלובקיה,1,0,1
2021-06-12T00:00:00.000Z,זאיר,1,0,1
2021-06-12T00:00:00.000Z,אוזבקיסטן,3,5,8
2021-06-12T00:00:00.000Z,צכיה,1,0,1
2021-06-12T00:00:00.000Z,קוסטה ריקה,1,1,2
2021-06-12T00:00:00.000Z,ספרד,14,5,19
2021-06-12T00:00:00.000Z,רואנדה,13,0,13
2021-06-12T00:00:00.000Z,איחוד האמירויות הערב,50,23,73
2021-06-12T00:00:00.000Z,דומיניקה,1,0,1
2021-06-12T00:00:00.000Z,גרמניה,155,64,219
2021-06-12T00:00:00.000Z,חוף השנהב,10,0,10
2021-06-12T00:00:00.000Z,זמביה,2,1,3
2021-06-12T00:00:00.000Z,אקואדור,1,0,1
2021-06-12T00:00:00.000Z,נורבגיה,0,6,6
2021-06-12T00:00:00.000Z,מלדיבים,13,4,17
2021-06-12T00:00:00.000Z,פנמה,2,0,2
2021-06-12T00:00:00.000Z,קנדה,1,1,2
2021-06-12T00:00:00.000Z,איטליה,29,8,37
2021-06-12T00:00:00.000Z,הונגריה,1,5,6
2021-06-12T00:00:00.000Z,אוגנדה,2,0,2
2021-06-12T00:00:00.000Z,דרום אפריקה,7,13,20
2021-06-12T00:00:00.000Z,אינדונזיה,1,0,1
2021-06-12T00:00:00.000Z,קפריסין,368,46,414
2021-06-12T00:00:00.000Z,צרפת,7,5,12
2021-06-12T00:00:00.000Z,שוויץ,32,6,38
2021-06-12T00:00:00.000Z,מצרים,580,126,706
2021-06-12T00:00:00.000Z,נמיביה,3,0,3
2021-06-12T00:00:00.000Z,אסטוניה,1,0,1
2021-06-12T00:00:00.000Z,ארצות הברית,475,860,1335
2021-06-13T00:00:00.000Z,צרפת,218,262,480
2021-06-13T00:00:00.000Z,נפאל,1,0,1
2021-06-13T00:00:00.000Z,דנמרק,4,3,7
2021-06-13T00:00:00.000Z,בוסניה הרצגובינה,2,0,2
2021-06-13T00:00:00.000Z,הונגריה,48,27,75
2021-06-13T00:00:00.000Z,גויאנה הצרפתית,1,0,1
2021-06-13T00:00:00.000Z,מאלי,2,0,2
2021-06-13T00:00:00.000Z,אוזבקיסטן,1,1,2
2021-06-13T00:00:00.000Z,הממלכה המאוחדת,277,276,553
2021-06-13T00:00:00.000Z,קזחסטאן,1,0,1
2021-06-13T00:00:00.000Z,שוודיה,4,4,8
2021-06-13T00:00:00.000Z,מלדיבים,7,0,7
2021-06-13T00:00:00.000Z,גבון,1,0,1
2021-06-13T00:00:00.000Z,אוסטרליה,0,3,3
2021-06-13T00:00:00.000Z,ספרד,11,7,18
2021-06-13T00:00:00.000Z,ירדן,108,78,186
2021-06-13T00:00:00.000Z,אוסטריה,104,41,145
2021-06-13T00:00:00.000Z,פולין,63,69,132
2021-06-13T00:00:00.000Z,מקסיקו,0,3,3
2021-06-13T00:00:00.000Z,ארצות הברית,521,729,1250
2021-06-13T00:00:00.000Z,תאילנד,1,1,2
2021-06-13T00:00:00.000Z,גרמניה,274,144,418
2021-06-13T00:00:00.000Z,ערב הסעודית,0,1,1
2021-06-13T00:00:00.000Z,בולגריה,524,56,580
2021-06-13T00:00:00.000Z,ראוניון,0,2,2
2021-06-13T00:00:00.000Z,קרואטיה,6,3,9
2021-06-13T00:00:00.000Z,איי סיישל,122,12,134
2021-06-13T00:00:00.000Z,גאורגיה,561,69,630
2021-06-13T00:00:00.000Z,קוסטה ריקה,6,1,7
2021-06-13T00:00:00.000Z,ליטא,0,26,26
2021-06-13T00:00:00.000Z,לטביה,1,0,1
2021-06-13T00:00:00.000Z,ברזיל,0,1,1
2021-06-13T00:00:00.000Z,קנדה,10,61,71
2021-06-13T00:00:00.000Z,חוף השנהב,0,5,5
2021-06-13T00:00:00.000Z,מולדובה,291,90,381
2021-06-13T00:00:00.000Z,פורטוגל,21,7,28
2021-06-13T00:00:00.000Z,איחוד האמירויות הערב,303,55,358
2021-06-13T00:00:00.000Z,תורכמניסטאן,4,0,4
2021-06-13T00:00:00.000Z,תורכיה,128,58,186
2021-06-13T00:00:00.000Z,איסלנד,1,0,1
2021-06-13T00:00:00.000Z,כלל המדינות,9836,3688,13524
2021-06-13T00:00:00.000Z,אלבניה,1,0,1
2021-06-13T00:00:00.000Z,רומניה,93,24,117
2021-06-13T00:00:00.000Z,אורגוואי,2,0,2
2021-06-13T00:00:00.000Z,צכיה,39,5,44
2021-06-13T00:00:00.000Z,קוריאה הדרומית,0,8,8
2021-06-13T00:00:00.000Z,רוסיה,31,90,121
2021-06-13T00:00:00.000Z,פינלנד,2,0,2
2021-06-13T00:00:00.000Z,תוניסיה,1,1,2
2021-06-13T00:00:00.000Z,סרביה,4,1,5
2021-06-13T00:00:00.000Z,קפריסין,908,75,983
2021-06-13T00:00:00.000Z,בלגיה,44,77,121
2021-06-13T00:00:00.000Z,איטליה,172,35,207
2021-06-13T00:00:00.000Z,טיוואן,0,1,1
2021-06-13T00:00:00.000Z,אוקראינה,59,109,168
2021-06-13T00:00:00.000Z,שוויץ,74,53,127
2021-06-13T00:00:00.000Z,בילורוסיה,123,29,152
2021-06-13T00:00:00.000Z,פיליפינים,2,23,25
2021-06-13T00:00:00.000Z,מקדוניה,1,0,1
2021-06-13T00:00:00.000Z,יוון,2395,243,2638
2021-06-13T00:00:00.000Z,קולומביה,0,2,2
2021-06-13T00:00:00.000Z,יפן,0,2,2
2021-06-13T00:00:00.000Z,מצרים,975,180,1155
2021-06-13T00:00:00.000Z,מרטיניק,0,1,1
2021-06-13T00:00:00.000Z,סלובניה,1,0,1
2021-06-13T00:00:00.000Z,אירלנד,1,1,2
2021-06-13T00:00:00.000Z,הולנד,102,37,139
2021-06-13T00:00:00.000Z,ניגריה,3,0,3
2021-06-13T00:00:00.000Z,גאנה,1,4,5
2021-06-13T00:00:00.000Z,סינגפור,0,2,2
2021-06-13T00:00:00.000Z,ארגנטינה,1,2,3
2021-06-13T00:00:00.000Z,מאוריציוס,0,2,2
2021-06-13T00:00:00.000Z,דרום אפריקה,4,2,6
2021-06-13T00:00:00.000Z,אזרביג'אן,5,1,6
2021-06-14T00:00:00.000Z,צ'ילה,0,2,2
2021-06-14T00:00:00.000Z,קולומביה,2,6,8
2021-06-14T00:00:00.000Z,קפריסין,476,64,540
2021-06-14T00:00:00.000Z,מצרים,519,112,631
2021-06-14T00:00:00.000Z,פולינזיה הצרפתית,1,0,1
2021-06-14T00:00:00.000Z,אנדורה,1,0,1
2021-06-14T00:00:00.000Z,ליטא,6,4,10
2021-06-14T00:00:00.000Z,בילורוסיה,5,1,6
2021-06-14T00:00:00.000Z,קנדה,0,9,9
2021-06-14T00:00:00.000Z,סרביה,7,2,9
2021-06-14T00:00:00.000Z,אוזבקיסטן,39,63,102
2021-06-14T00:00:00.000Z,גאורגיה,637,74,711
2021-06-14T00:00:00.000Z,פיליפינים,0,5,5
2021-06-14T00:00:00.000Z,קניה,3,4,7
2021-06-14T00:00:00.000Z,טוגו,1,0,1
2021-06-14T00:00:00.000Z,צכיה,7,0,7
2021-06-14T00:00:00.000Z,זאיר,1,0,1
2021-06-14T00:00:00.000Z,פינלנד,3,0,3
2021-06-14T00:00:00.000Z,ארמניה,4,0,4
2021-06-14T00:00:00.000Z,הונג קונג,0,3,3
2021-06-14T00:00:00.000Z,אינדונזיה,1,0,1
2021-06-14T00:00:00.000Z,איחוד האמירויות הערב,293,59,352
2021-06-14T00:00:00.000Z,פנמה,1,15,16
2021-06-14T00:00:00.000Z,פולין,49,15,64
2021-06-14T00:00:00.000Z,האנטילים ההולנדים,1,0,1
2021-06-14T00:00:00.000Z,מלדיבים,11,1,12
2021-06-14T00:00:00.000Z,צרפת,282,232,514
2021-06-14T00:00:00.000Z,אקואדור,2,0,2
2021-06-14T00:00:00.000Z,קזחסטאן,2,4,6
2021-06-14T00:00:00.000Z,בוסניה הרצגובינה,3,0,3
2021-06-14T00:00:00.000Z,סלובניה,2,0,2
2021-06-14T00:00:00.000Z,דנמרק,11,3,14
2021-06-14T00:00:00.000Z,הרפ הדומיניקנית,3,0,3
2021-06-14T00:00:00.000Z,תורכיה,142,60,202
2021-06-14T00:00:00.000Z,אסטוניה,1,1,2
2021-06-14T00:00:00.000Z,טיוואן,0,15,15
2021-06-14T00:00:00.000Z,טובלו,0,1,1
2021-06-14T00:00:00.000Z,זימבאבווה,3,0,3
2021-06-14T00:00:00.000Z,גרמניה,224,104,328
2021-06-14T00:00:00.000Z,קוסטה ריקה,0,4,4
2021-06-14T00:00:00.000Z,מקדוניה,2,0,2
2021-06-14T00:00:00.000Z,סינגפור,0,4,4
2021-06-14T00:00:00.000Z,רומניה,197,34,231
2021-06-14T00:00:00.000Z,רוסיה,158,132,290
2021-06-14T00:00:00.000Z,ברזיל,3,4,7
2021-06-14T00:00:00.000Z,אלבניה,2,1,3
2021-06-14T00:00:00.000Z,מולדובה,61,29,90
2021-06-14T00:00:00.000Z,ויטנאם,0,7,7
2021-06-14T00:00:00.000Z,כלל המדינות,8796,4361,13157
2021-06-14T00:00:00.000Z,קרואטיה,16,0,16
2021-06-14T00:00:00.000Z,ספרד,212,54,266
2021-06-14T00:00:00.000Z,מאלי,0,1,1
2021-06-14T00:00:00.000Z,יוון,1623,171,1794
2021-06-14T00:00:00.000Z,איסלנד,20,1,21
2021-06-14T00:00:00.000Z,ארצות הברית,965,1654,2619
2021-06-14T00:00:00.000Z,איטליה,218,63,281
2021-06-14T00:00:00.000Z,הולנד,152,33,185
2021-06-14T00:00:00.000Z,סוריה,2,32,34
2021-06-14T00:00:00.000Z,מלטה,0,2,2
2021-06-14T00:00:00.000Z,מקסיקו,0,7,7
2021-06-14T00:00:00.000Z,קמרון,1,0,1
2021-06-14T00:00:00.000Z,זמביה,4,1,5
2021-06-14T00:00:00.000Z,פרו,0,3,3
2021-06-14T00:00:00.000Z,אירלנד,6,1,7
2021-06-14T00:00:00.000Z,תאילנד,1,0,1
2021-06-14T00:00:00.000Z,אתיופיה,16,8,24
2021-06-14T00:00:00.000Z,תוניסיה,7,3,10
2021-06-14T00:00:00.000Z,אוסטריה,177,43,220
2021-06-14T00:00:00.000Z,נורבגיה,0,8,8
2021-06-14T00:00:00.000Z,הונגריה,34,25,59
2021-06-14T00:00:00.000Z,קוריאה הדרומית,0,1,1
2021-06-14T00:00:00.000Z,אוקראינה,51,59,110
2021-06-14T00:00:00.000Z,דרום אפריקה,5,5,10
2021-06-14T00:00:00.000Z,מוזמביק,1,0,1
2021-06-14T00:00:00.000Z,ירדן,31,31,62
2021-06-14T00:00:00.000Z,אנגולה,1,1,2
2021-06-14T00:00:00.000Z,אזרביג'אן,1,0,1
2021-06-14T00:00:00.000Z,שוויץ,90,44,134
2021-06-14T00:00:00.000Z,תורכמניסטאן,11,11,22
2021-06-14T00:00:00.000Z,סרי לנקה (צילון),0,3,3
2021-06-14T00:00:00.000Z,גויאנה הצרפתית,0,1,1
2021-06-14T00:00:00.000Z,שוודיה,10,7,17
2021-06-14T00:00:00.000Z,בוטסואנה,2,0,2
2021-06-14T00:00:00.000Z,רואנדה,8,0,8
2021-06-14T00:00:00.000Z,הודו,30,12,42
2021-06-14T00:00:00.000Z,בלגיה,7,3,10
2021-06-14T00:00:00.000Z,בולגריה,353,41,394
2021-06-14T00:00:00.000Z,מונטנגרו,140,4,144
2021-06-14T00:00:00.000Z,אוגנדה,3,1,4
2021-06-14T00:00:00.000Z,הממלכה המאוחדת,304,217,521
2021-06-14T00:00:00.000Z,פורטוגל,25,10,35
2021-06-14T00:00:00.000Z,ארגנטינה,1,4,5
2021-06-14T00:00:00.000Z,גאנה,1,1,2
2021-06-14T00:00:00.000Z,טנזניה,0,2,2
2021-06-14T00:00:00.000Z,ניגריה,5,4,9
2021-06-14T00:00:00.000Z,אוסטרליה,1,2,3
2021-06-15T00:00:00.000Z,איי סיישל,10,0,10
2021-06-15T00:00:00.000Z,פנמה,0,5,5
2021-06-15T00:00:00.000Z,סוריה,1,4,5
2021-06-15T00:00:00.000Z,ליטא,10,0,10
2021-06-15T00:00:00.000Z,מלדיבים,14,2,16
2021-06-15T00:00:00.000Z,פורטוגל,20,3,23
2021-06-15T00:00:00.000Z,נמיביה,1,0,1
2021-06-15T00:00:00.000Z,ארצות הברית,879,1249,2128
2021-06-15T00:00:00.000Z,בלגיה,54,57,111
2021-06-15T00:00:00.000Z,פולין,96,23,119
2021-06-15T00:00:00.000Z,איחוד האמירויות הערב,177,27,204
2021-06-15T00:00:00.000Z,מקסיקו,2,5,7
2021-06-15T00:00:00.000Z,גרנדה,2,0,2
2021-06-15T00:00:00.000Z,הונג קונג,1,0,1
2021-06-15T00:00:00.000Z,אוקראינה,49,35,84
2021-06-15T00:00:00.000Z,ערב הסעודית,0,1,1
2021-06-15T00:00:00.000Z,קוריאה הדרומית,0,5,5
2021-06-15T00:00:00.000Z,נורבגיה,1,1,2
2021-06-15T00:00:00.000Z,סינגפור,0,3,3
2021-06-15T00:00:00.000Z,איי קייפ וורדה,1,0,1
2021-06-15T00:00:00.000Z,דרום סודאן,1,0,1
2021-06-15T00:00:00.000Z,תורכיה,170,76,246
2021-06-15T00:00:00.000Z,קנדה,1,0,1
2021-06-15T00:00:00.000Z,אירלנד,1,1,2
2021-06-15T00:00:00.000Z,סרביה,15,0,15
2021-06-15T00:00:00.000Z,צ'ילה,2,2,4
2021-06-15T00:00:00.000Z,קוסטה ריקה,0,4,4
2021-06-15T00:00:00.000Z,צכיה,10,6,16
2021-06-15T00:00:00.000Z,אוסטריה,0,2,2
2021-06-15T00:00:00.000Z,קזחסטאן,2,0,2
2021-06-15T00:00:00.000Z,מולדובה,236,102,338
2021-06-15T00:00:00.000Z,אסטוניה,2,0,2
2021-06-15T00:00:00.000Z,קרואטיה,1,1,2
2021-06-15T00:00:00.000Z,בהמס,0,1,1
2021-06-15T00:00:00.000Z,כלל המדינות,4918,3093,8011
2021-06-15T00:00:00.000Z,שוודיה,2,0,2
2021-06-15T00:00:00.000Z,ניו זילנד,0,1,1
2021-06-15T00:00:00.000Z,אנגולה,0,1,1
2021-06-15T00:00:00.000Z,פיליפינים,1,4,5
2021-06-15T00:00:00.000Z,דנמרק,10,1,11
2021-06-15T00:00:00.000Z,גרמניה,203,112,315
2021-06-15T00:00:00.000Z,רוסיה,1,2,3
2021-06-15T00:00:00.000Z,סרי לנקה (צילון),0,3,3
2021-06-15T00:00:00.000Z,שוויץ,4,2,6
2021-06-15T00:00:00.000Z,סלובניה,7,1,8
2021-06-15T00:00:00.000Z,רואנדה,2,0,2
2021-06-15T00:00:00.000Z,הונגריה,31,28,59
2021-06-15T00:00:00.000Z,מוזמביק,0,1,1
2021-06-15T00:00:00.000Z,תוניסיה,0,3,3
2021-06-15T00:00:00.000Z,קפריסין,329,64,393
2021-06-15T00:00:00.000Z,ארגנטינה,1,4,5
2021-06-15T00:00:00.000Z,גאורגיה,180,32,212
2021-06-15T00:00:00.000Z,ניגריה,2,1,3
2021-06-15T00:00:00.000Z,לטביה,4,8,12
2021-06-15T00:00:00.000Z,אזרביג'אן,3,2,5
2021-06-15T00:00:00.000Z,ירדן,38,41,79
2021-06-15T00:00:00.000Z,אלבניה,2,1,3
2021-06-15T00:00:00.000Z,טנזניה,1,0,1
2021-06-15T00:00:00.000Z,הממלכה המאוחדת,204,175,379
2021-06-15T00:00:00.000Z,איטליה,76,18,94
2021-06-15T00:00:00.000Z,בולגריה,142,33,175
2021-06-15T00:00:00.000Z,דרום אפריקה,0,3,3
2021-06-15T00:00:00.000Z,צרפת,195,211,406
2021-06-15T00:00:00.000Z,אתיופיה,11,4,15
2021-06-15T00:00:00.000Z,גווטאמלה,1,1,2
2021-06-15T00:00:00.000Z,רומניה,2,0,2
2021-06-15T00:00:00.000Z,ברזיל,3,7,10
2021-06-15T00:00:00.000Z,יוון,663,85,748
2021-06-15T00:00:00.000Z,ספרד,36,14,50
2021-06-15T00:00:00.000Z,מצרים,217,60,277
2021-06-15T00:00:00.000Z,בילורוסיה,70,16,86
2021-06-15T00:00:00.000Z,הרפ הדומיניקנית,1,0,1
2021-06-15T00:00:00.000Z,קונגו,1,0,1
2021-06-15T00:00:00.000Z,קולומביה,1,0,1
2021-06-15T00:00:00.000Z,הולנד,73,12,85
2021-06-15T00:00:00.000Z,קניה,4,1,5
2021-06-15T00:00:00.000Z,איסלנד,2,0,2
2021-06-15T00:00:00.000Z,פינלנד,1,0,1
2021-06-15T00:00:00.000Z,גאנה,0,1,1
2021-06-15T00:00:00.000Z,חוף השנהב,1,0,1
2021-06-16T00:00:00.000Z,בולגריה,109,12,121
2021-06-16T00:00:00.000Z,אירלנד,0,3,3
2021-06-16T00:00:00.000Z,איי סיישל,86,12,98
2021-06-16T00:00:00.000Z,אוסטרליה,0,5,5
2021-06-16T00:00:00.000Z,סנגל,2,0,2
2021-06-16T00:00:00.000Z,קוסטה ריקה,4,1,5
2021-06-16T00:00:00.000Z,סינגפור,1,3,4
2021-06-16T00:00:00.000Z,מרוקו,3,1,4
2021-06-16T00:00:00.000Z,פורטוגל,7,0,7
2021-06-16T00:00:00.000Z,כלל המדינות,5001,4254,9255
2021-06-16T00:00:00.000Z,צרפת,232,245,477
2021-06-16T00:00:00.000Z,מצרים,196,59,255
2021-06-16T00:00:00.000Z,אזרביג'אן,1,0,1
2021-06-16T00:00:00.000Z,סרביה,1,3,4
2021-06-16T00:00:00.000Z,רומניה,212,69,281
2021-06-16T00:00:00.000Z,סין,2,24,26
2021-06-16T00:00:00.000Z,ארצות הברית,595,1162,1757
2021-06-16T00:00:00.000Z,בוטסואנה,1,2,3
2021-06-16T00:00:00.000Z,ונצואלה,0,4,4
2021-06-16T00:00:00.000Z,אוסטריה,117,52,169
2021-06-16T00:00:00.000Z,דרום אפריקה,1,8,9
2021-06-16T00:00:00.000Z,אתיופיה,22,5,27
2021-06-16T00:00:00.000Z,קזחסטאן,1,0,1
2021-06-16T00:00:00.000Z,אינדונזיה,1,0,1
2021-06-16T00:00:00.000Z,גיברלטר,1,0,1
2021-06-16T00:00:00.000Z,רואנדה,2,4,6
2021-06-16T00:00:00.000Z,מאלי,0,1,1
2021-06-16T00:00:00.000Z,גרמניה,157,102,259
2021-06-16T00:00:00.000Z,ניגריה,6,0,6
2021-06-16T00:00:00.000Z,הונגריה,77,27,104
2021-06-16T00:00:00.000Z,יוון,509,73,582
2021-06-16T00:00:00.000Z,פולין,94,21,115
2021-06-16T00:00:00.000Z,מולדובה,5,6,11
2021-06-16T00:00:00.000Z,אריתראה,1,0,1
2021-06-16T00:00:00.000Z,הולנד,116,42,158
2021-06-16T00:00:00.000Z,איחוד האמירויות הערב,159,40,199
2021-06-16T00:00:00.000Z,מקסיקו,4,3,7
2021-06-16T00:00:00.000Z,שוודיה,9,0,9
2021-06-16T00:00:00.000Z,ספרד,73,21,94
2021-06-16T00:00:00.000Z,מלאווי,1,1,2
2021-06-16T00:00:00.000Z,צכיה,0,1,1
2021-06-16T00:00:00.000Z,סוריה,1,5,6
2021-06-16T00:00:00.000Z,פרגוואי,0,1,1
2021-06-16T00:00:00.000Z,בילורוסיה,21,22,43
2021-06-16T00:00:00.000Z,אורגוואי,1,0,1
2021-06-16T00:00:00.000Z,גאורגיה,194,52,246
2021-06-16T00:00:00.000Z,בוליביה,1,0,1
2021-06-16T00:00:00.000Z,מלדיבים,3,0,3
2021-06-16T00:00:00.000Z,קוריאה הדרומית,0,5,5
2021-06-16T00:00:00.000Z,קפריסין,167,49,216
2021-06-16T00:00:00.000Z,קניה,6,6,12
2021-06-16T00:00:00.000Z,עירק,3,4,7
2021-06-16T00:00:00.000Z,דנמרק,8,5,13
2021-06-16T00:00:00.000Z,ברזיל,2,4,6
2021-06-16T00:00:00.000Z,קטר,0,1,1
2021-06-16T00:00:00.000Z,מונטנגרו,58,6,64
2021-06-16T00:00:00.000Z,קנדה,11,82,93
2021-06-16T00:00:00.000Z,יפן,0,5,5
2021-06-16T00:00:00.000Z,קולומביה,0,1,1
2021-06-16T00:00:00.000Z,נורבגיה,0,2,2
2021-06-16T00:00:00.000Z,לבנון,0,1,1
2021-06-16T00:00:00.000Z,בוסניה הרצגובינה,1,1,2
2021-06-16T00:00:00.000Z,אוקראינה,51,64,115
2021-06-16T00:00:00.000Z,ירדן,62,41,103
2021-06-16T00:00:00.000Z,ליטא,4,1,5
2021-06-16T00:00:00.000Z,הממלכה המאוחדת,158,165,323
2021-06-16T00:00:00.000Z,תורכמניסטאן,3,1,4
2021-06-16T00:00:00.000Z,תורכיה,130,86,216
2021-06-16T00:00:00.000Z,גאנה,7,8,15
2021-06-16T00:00:00.000Z,אוזבקיסטן,3,2,5
2021-06-16T00:00:00.000Z,קירג'זסטאן,3,0,3
2021-06-16T00:00:00.000Z,פינלנד,8,3,11
2021-06-16T00:00:00.000Z,שוויץ,64,26,90
2021-06-16T00:00:00.000Z,מוזמביק,1,0,1
2021-06-16T00:00:00.000Z,רוסיה,53,39,92
2021-06-16T00:00:00.000Z,סרי לנקה (צילון),1,2,3
2021-06-16T00:00:00.000Z,איטליה,37,12,49
2021-06-16T00:00:00.000Z,תאילנד,4,294,298
2021-06-16T00:00:00.000Z,פיליפינים,1,2,3
2021-06-16T00:00:00.000Z,בלגיה,30,49,79
2021-06-16T00:00:00.000Z,בורונדי,1,0,1
2021-06-16T00:00:00.000Z,ארמניה,1,0,1
2021-06-16T00:00:00.000Z,סלובניה,6,0,6
2021-06-16T00:00:00.000Z,קרואטיה,5,0,5
2021-06-17T00:00:00.000Z,אזרביג'אן,7,2,9
2021-06-17T00:00:00.000Z,מקדוניה,1,1,2
2021-06-17T00:00:00.000Z,הונג קונג,0,2,2
2021-06-17T00:00:00.000Z,הונגריה,63,32,95
2021-06-17T00:00:00.000Z,אלבניה,3,1,4
2021-06-17T00:00:00.000Z,גרמניה,244,84,328
2021-06-17T00:00:00.000Z,צ'ילה,0,2,2
2021-06-17T00:00:00.000Z,מצרים,312,88,400
2021-06-17T00:00:00.000Z,מולדובה,81,39,120
2021-06-17T00:00:00.000Z,ערב הסעודית,1,0,1
2021-06-17T00:00:00.000Z,ארגנטינה,0,2,2
2021-06-17T00:00:00.000Z,לטביה,5,0,5
2021-06-17T00:00:00.000Z,פנמה,2,17,19
2021-06-17T00:00:00.000Z,לבנון,0,9,9
2021-06-17T00:00:00.000Z,קוסטה ריקה,2,1,3
2021-06-17T00:00:00.000Z,טנזניה,6,3,9
2021-06-17T00:00:00.000Z,ניגריה,4,10,14
2021-06-17T00:00:00.000Z,אנגולה,1,2,3
2021-06-17T00:00:00.000Z,קנדה,0,4,4
2021-06-17T00:00:00.000Z,ארמניה,1,1,2
2021-06-17T00:00:00.000Z,גרנדה,1,0,1
2021-06-17T00:00:00.000Z,קוסובו,1,0,1
2021-06-17T00:00:00.000Z,זימבאבווה,1,0,1
2021-06-17T00:00:00.000Z,יוון,1670,240,1910
2021-06-17T00:00:00.000Z,אוסטריה,136,38,174
2021-06-17T00:00:00.000Z,אוזבקיסטן,1,0,1
2021-06-17T00:00:00.000Z,הונדורס,1,0,1
2021-06-17T00:00:00.000Z,נמיביה,4,0,4
2021-06-17T00:00:00.000Z,פורטוגל,16,5,21
2021-06-17T00:00:00.000Z,גאורגיה,512,73,585
2021-06-17T00:00:00.000Z,אוגנדה,8,0,8
2021-06-17T00:00:00.000Z,תאילנד,0,1,1
2021-06-17T00:00:00.000Z,נפאל,1,0,1
2021-06-17T00:00:00.000Z,רואנדה,4,0,4
2021-06-17T00:00:00.000Z,פינלנד,3,3,6
2021-06-17T00:00:00.000Z,צכיה,83,26,109
2021-06-17T00:00:00.000Z,בולגריה,318,26,344
2021-06-17T00:00:00.000Z,גבון,2,0,2
2021-06-17T00:00:00.000Z,רומניה,37,16,53
2021-06-17T00:00:00.000Z,פולין,10,1,11
2021-06-17T00:00:00.000Z,הממלכה המאוחדת,242,245,487
2021-06-17T00:00:00.000Z,קרואטיה,4,1,5
2021-06-17T00:00:00.000Z,זמביה,2,0,2
2021-06-17T00:00:00.000Z,אתיופיה,36,15,51
2021-06-17T00:00:00.000Z,מרוקו,6,2,8
2021-06-17T00:00:00.000Z,מקסיקו,2,3,5
2021-06-17T00:00:00.000Z,קזחסטאן,1,0,1
2021-06-17T00:00:00.000Z,גיברלטר,1,0,1
2021-06-17T00:00:00.000Z,טג'יקיסטאן,2,0,2
2021-06-17T00:00:00.000Z,נורבגיה,0,2,2
2021-06-17T00:00:00.000Z,בלגיה,30,38,68
2021-06-17T00:00:00.000Z,גינאה המשוונית,1,0,1
2021-06-17T00:00:00.000Z,תורכמניסטאן,7,1,8
2021-06-17T00:00:00.000Z,גאנה,3,3,6
2021-06-17T00:00:00.000Z,דנמרק,7,11,18
2021-06-17T00:00:00.000Z,קפריסין,450,110,560
2021-06-17T00:00:00.000Z,ארצות הברית,799,1920,2719
2021-06-17T00:00:00.000Z,הרפ הדומיניקנית,4,0,4
2021-06-17T00:00:00.000Z,איחוד האמירויות הערב,182,27,209
2021-06-17T00:00:00.000Z,אקואדור,2,0,2
2021-06-17T00:00:00.000Z,מאלי,0,1,1
2021-06-17T00:00:00.000Z,איטליה,174,84,258
2021-06-17T00:00:00.000Z,קניה,1,0,1
2021-06-17T00:00:00.000Z,זאיר,1,0,1
2021-06-17T00:00:00.000Z,הולנד,13,4,17
2021-06-17T00:00:00.000Z,ספרד,77,36,113
2021-06-17T00:00:00.000Z,תורכיה,250,107,357
2021-06-17T00:00:00.000Z,סרביה,5,1,6
2021-06-17T00:00:00.000Z,פקיסטן,1,0,1
2021-06-17T00:00:00.000Z,אוקראינה,113,355,468
2021-06-17T00:00:00.000Z,חוף השנהב,6,0,6
2021-06-17T00:00:00.000Z,קונגו,2,0,2
2021-06-17T00:00:00.000Z,קולומביה,4,6,10
2021-06-17T00:00:00.000Z,קירג'זסטאן,11,4,15
2021-06-17T00:00:00.000Z,פיליפינים,0,21,21
2021-06-17T00:00:00.000Z,בחריין,0,1,1
2021-06-17T00:00:00.000Z,דרום אפריקה,1,3,4
2021-06-17T00:00:00.000Z,ליטא,4,1,5
2021-06-17T00:00:00.000Z,ברזיל,0,1,1
2021-06-17T00:00:00.000Z,צרפת,291,248,539
2021-06-17T00:00:00.000Z,כלל המדינות,7815,5060,12875
2021-06-17T00:00:00.000Z,ירדן,63,73,136
2021-06-17T00:00:00.000Z,בילורוסיה,60,19,79
2021-06-17T00:00:00.000Z,שוויץ,87,46,133
2021-06-17T00:00:00.000Z,טיוואן,2,6,8
2021-06-17T00:00:00.000Z,רוסיה,61,135,196
2021-06-17T00:00:00.000Z,איסלנד,38,0,38
2021-06-17T00:00:00.000Z,שוודיה,11,6,17
2021-06-18T00:00:00.000Z,דנמרק,6,4,10
2021-06-18T00:00:00.000Z,הולנד,163,52,215
2021-06-18T00:00:00.000Z,קוריאה הדרומית,3,1,4
2021-06-18T00:00:00.000Z,פיליפינים,1,3,4
2021-06-18T00:00:00.000Z,אוזבקיסטן,2,0,2
2021-06-18T00:00:00.000Z,סרי לנקה (צילון),2,3,5
2021-06-18T00:00:00.000Z,קזחסטאן,2,5,7
2021-06-18T00:00:00.000Z,איחוד האמירויות הערב,202,50,252
2021-06-18T00:00:00.000Z,אוקראינה,30,30,60
2021-06-18T00:00:00.000Z,מלדיבים,15,1,16
2021-06-18T00:00:00.000Z,אלבניה,1,0,1
2021-06-18T00:00:00.000Z,אוסטרליה,2,2,4
2021-06-18T00:00:00.000Z,אינדונזיה,2,0,2
2021-06-18T00:00:00.000Z,ברזיל,1,1,2
2021-06-18T00:00:00.000Z,גרמניה,261,104,365
2021-06-18T00:00:00.000Z,טנזניה,4,0,4
2021-06-18T00:00:00.000Z,מקדוניה,1,0,1
2021-06-18T00:00:00.000Z,לטביה,4,0,4
2021-06-18T00:00:00.000Z,שוודיה,4,7,11
2021-06-18T00:00:00.000Z,אסטוניה,1,3,4
2021-06-18T00:00:00.000Z,ניגריה,1,5,6
2021-06-18T00:00:00.000Z,אנגולה,4,0,4
2021-06-18T00:00:00.000Z,סינגפור,1,0,1
2021-06-18T00:00:00.000Z,בוסניה הרצגובינה,2,0,2
2021-06-18T00:00:00.000Z,פולין,134,72,206
2021-06-18T00:00:00.000Z,קפריסין,236,58,294
2021-06-18T00:00:00.000Z,תורכיה,365,113,478
2021-06-18T00:00:00.000Z,נפאל,0,2,2
2021-06-18T00:00:00.000Z,סרביה,13,4,17
2021-06-18T00:00:00.000Z,אקואדור,0,1,1
2021-06-18T00:00:00.000Z,פרו,1,0,1
2021-06-18T00:00:00.000Z,ארצות הברית,986,1308,2294
2021-06-18T00:00:00.000Z,רוסיה,84,83,167
2021-06-18T00:00:00.000Z,זימבאבווה,1,0,1
2021-06-18T00:00:00.000Z,קירג'זסטאן,2,1,3
2021-06-18T00:00:00.000Z,מונטנגרו,108,13,121
2021-06-18T00:00:00.000Z,בחריין,2,0,2
2021-06-18T00:00:00.000Z,פנמה,1,3,4
2021-06-18T00:00:00.000Z,הונגריה,97,26,123
2021-06-18T00:00:00.000Z,הונג קונג,0,7,7
2021-06-18T00:00:00.000Z,ירדן,0,18,18
2021-06-18T00:00:00.000Z,גווטאמלה,1,0,1
2021-06-18T00:00:00.000Z,בולגריה,142,39,181
2021-06-18T00:00:00.000Z,סלובניה,0,1,1
2021-06-18T00:00:00.000Z,ונצואלה,0,2,2
2021-06-18T00:00:00.000Z,הממלכה המאוחדת,221,151,372
2021-06-18T00:00:00.000Z,מצרים,237,67,304
2021-06-18T00:00:00.000Z,רומניה,153,32,185
2021-06-18T00:00:00.000Z,צרפת,252,164,416
2021-06-18T00:00:00.000Z,מולדובה,22,7,29
2021-06-18T00:00:00.000Z,אוסטריה,155,33,188
2021-06-18T00:00:00.000Z,אזרביג'אן,16,2,18
2021-06-18T00:00:00.000Z,אריתראה,1,0,1
2021-06-18T00:00:00.000Z,גאורגיה,469,73,542
2021-06-18T00:00:00.000Z,מרוקו,4,1,5
2021-06-18T00:00:00.000Z,אירלנד,3,1,4
2021-06-18T00:00:00.000Z,מאוריציוס,3,0,3
2021-06-18T00:00:00.000Z,אלגיריה,2,0,2
2021-06-18T00:00:00.000Z,שוויץ,112,45,157
2021-06-18T00:00:00.000Z,ספרד,111,37,148
2021-06-18T00:00:00.000Z,קרואטיה,12,2,14
2021-06-18T00:00:00.000Z,הודו,1,2,3
2021-06-18T00:00:00.000Z,צכיה,9,0,9
2021-06-18T00:00:00.000Z,ברמודה,2,0,2
2021-06-18T00:00:00.000Z,איסלנד,9,1,10
2021-06-18T00:00:00.000Z,גינאה החדשה,1,0,1
2021-06-18T00:00:00.000Z,אורגוואי,0,3,3
2021-06-18T00:00:00.000Z,איי טורקס וקייקוס,2,1,3
2021-06-18T00:00:00.000Z,איי סיישל,1,0,1
2021-06-18T00:00:00.000Z,קנדה,12,59,71
2021-06-18T00:00:00.000Z,קוסובו,1,0,1
2021-06-18T00:00:00.000Z,ארמניה,4,0,4
2021-06-18T00:00:00.000Z,כלל המדינות,6899,3530,10429
2021-06-18T00:00:00.000Z,לוכסמבורג,1,0,1
2021-06-18T00:00:00.000Z,מלטה,1,0,1
2021-06-18T00:00:00.000Z,יוון,1059,117,1176
2021-06-18T00:00:00.000Z,נורבגיה,1,4,5
2021-06-18T00:00:00.000Z,פורטוגל,29,3,32
2021-06-18T00:00:00.000Z,יפן,1,5,6
2021-06-18T00:00:00.000Z,קוסטה ריקה,7,4,11
2021-06-18T00:00:00.000Z,ליטא,3,0,3
2021-06-18T00:00:00.000Z,בלגיה,74,47,121
2021-06-18T00:00:00.000Z,איטליה,205,66,271
2021-06-18T00:00:00.000Z,תורכמניסטאן,10,2,12
2021-06-18T00:00:00.000Z,מקסיקו,4,3,7
2021-06-19T00:00:00.000Z,פורטוגל,16,4,20
2021-06-19T00:00:00.000Z,אירלנד,0,3,3
2021-06-19T00:00:00.000Z,צרפת,65,43,108
2021-06-19T00:00:00.000Z,אזרביג'אן,13,1,14
2021-06-19T00:00:00.000Z,בלגיה,4,2,6
2021-06-19T00:00:00.000Z,בילורוסיה,1,0,1
2021-06-19T00:00:00.000Z,פרו,0,5,5
2021-06-19T00:00:00.000Z,סרביה,7,2,9
2021-06-19T00:00:00.000Z,רומניה,101,10,111
2021-06-19T00:00:00.000Z,בורונדי,1,0,1
2021-06-19T00:00:00.000Z,פינלנד,6,1,7
2021-06-19T00:00:00.000Z,הולנד,85,22,107
2021-06-19T00:00:00.000Z,זמביה,3,4,7
2021-06-19T00:00:00.000Z,טוגו,1,0,1
2021-06-19T00:00:00.000Z,תורכיה,418,159,577
2021-06-19T00:00:00.000Z,דנמרק,17,5,22
2021-06-19T00:00:00.000Z,אלבניה,0,1,1
2021-06-19T00:00:00.000Z,כלל המדינות,4104,2137,6241
2021-06-19T00:00:00.000Z,אוגנדה,2,0,2
2021-06-19T00:00:00.000Z,טיוואן,1,0,1
2021-06-19T00:00:00.000Z,גאורגיה,77,16,93
2021-06-19T00:00:00.000Z,קניה,5,1,6
2021-06-19T00:00:00.000Z,קוסטה ריקה,3,2,5
2021-06-19T00:00:00.000Z,נמיביה,2,0,2
2021-06-19T00:00:00.000Z,חוף השנהב,2,2,4
2021-06-19T00:00:00.000Z,איסלנד,54,0,54
2021-06-19T00:00:00.000Z,מלדיבים,8,1,9
2021-06-19T00:00:00.000Z,פיליפינים,1,14,15
2021-06-19T00:00:00.000Z,ירדן,0,8,8
2021-06-19T00:00:00.000Z,אקואדור,0,1,1
2021-06-19T00:00:00.000Z,קפריסין,307,28,335
2021-06-19T00:00:00.000Z,גרמניה,179,54,233
2021-06-19T00:00:00.000Z,יוון,785,63,848
2021-06-19T00:00:00.000Z,רואנדה,2,0,2
2021-06-19T00:00:00.000Z,הונגריה,2,0,2
2021-06-19T00:00:00.000Z,דרום סודאן,1,0,1
2021-06-19T00:00:00.000Z,הודו,0,1,1
2021-06-19T00:00:00.000Z,דרום אפריקה,1,7,8
2021-06-19T00:00:00.000Z,פנמה,1,0,1
2021-06-19T00:00:00.000Z,אוזבקיסטן,1,4,5
2021-06-19T00:00:00.000Z,צ'ילה,1,0,1
2021-06-19T00:00:00.000Z,מונטנגרו,1,2,3
2021-06-19T00:00:00.000Z,בולגריה,5,0,5
2021-06-19T00:00:00.000Z,קזחסטאן,3,2,5
2021-06-19T00:00:00.000Z,הונג קונג,0,1,1
2021-06-19T00:00:00.000Z,תאילנד,0,5,5
2021-06-19T00:00:00.000Z,פולין,104,14,118
2021-06-19T00:00:00.000Z,מולדובה,5,2,7
2021-06-19T00:00:00.000Z,אוסטריה,158,21,179
2021-06-19T00:00:00.000Z,מקסיקו,0,4,4
2021-06-19T00:00:00.000Z,איחוד האמירויות הערב,15,10,25
2021-06-19T00:00:00.000Z,ניו זילנד,1,0,1
2021-06-19T00:00:00.000Z,שוודיה,6,5,11
2021-06-19T00:00:00.000Z,הממלכה המאוחדת,55,59,114
2021-06-19T00:00:00.000Z,סרי לנקה (צילון),0,1,1
2021-06-19T00:00:00.000Z,נורבגיה,0,2,2
2021-06-19T00:00:00.000Z,קוריאה הדרומית,3,0,3
2021-06-19T00:00:00.000Z,איטליה,41,12,53
2021-06-19T00:00:00.000Z,לוכסמבורג,1,0,1
2021-06-19T00:00:00.000Z,קולומביה,3,1,4
2021-06-19T00:00:00.000Z,האנטילים ההולנדים,2,0,2
2021-06-19T00:00:00.000Z,גאנה,3,3,6
2021-06-19T00:00:00.000Z,תורכמניסטאן,3,3,6
2021-06-19T00:00:00.000Z,קרואטיה,5,3,8
2021-06-19T00:00:00.000Z,זימבאבווה,1,0,1
2021-06-19T00:00:00.000Z,קמרון,0,2,2
2021-06-19T00:00:00.000Z,אוקראינה,2,2,4
2021-06-19T00:00:00.000Z,טנזניה,4,4,8
2021-06-19T00:00:00.000Z,לטביה,1,0,1
2021-06-19T00:00:00.000Z,מוזמביק,5,0,5
2021-06-19T00:00:00.000Z,אוסטרליה,2,0,2
2021-06-19T00:00:00.000Z,ארגנטינה,0,1,1
2021-06-19T00:00:00.000Z,סלובניה,3,0,3
2021-06-19T00:00:00.000Z,מצרים,697,96,793
2021-06-19T00:00:00.000Z,ספרד,34,11,45
2021-06-19T00:00:00.000Z,קנדה,0,4,4
2021-06-19T00:00:00.000Z,שוויץ,38,13,51
2021-06-19T00:00:00.000Z,מרוקו,0,1,1
2021-06-19T00:00:00.000Z,ארצות הברית,439,998,1437
2021-06-19T00:00:00.000Z,אסטוניה,1,2,3
2021-06-19T00:00:00.000Z,אתיופיה,14,10,24
2021-06-19T00:00:00.000Z,ניגריה,10,3,13
2021-06-19T00:00:00.000Z,ליטא,13,2,15
2021-06-19T00:00:00.000Z,סינגפור,0,5,5
2021-06-20T00:00:00.000Z,יפן,1,9,10
2021-06-20T00:00:00.000Z,דנמרק,14,6,20
2021-06-20T00:00:00.000Z,קוסטה ריקה,3,2,5
2021-06-20T00:00:00.000Z,אורגוואי,0,2,2
2021-06-20T00:00:00.000Z,איי טורקס וקייקוס,2,0,2
2021-06-20T00:00:00.000Z,סרביה,1,0,1
2021-06-20T00:00:00.000Z,ליטא,2,3,5
2021-06-20T00:00:00.000Z,קפריסין,730,52,782
2021-06-20T00:00:00.000Z,נורבגיה,1,0,1
2021-06-20T00:00:00.000Z,איי סיישל,123,18,141
2021-06-20T00:00:00.000Z,בוסניה הרצגובינה,4,3,7
2021-06-20T00:00:00.000Z,איסלנד,13,1,14
2021-06-20T00:00:00.000Z,ברזיל,2,2,4
2021-06-20T00:00:00.000Z,הונגריה,182,59,241
2021-06-20T00:00:00.000Z,תורכמניסטאן,9,1,10
2021-06-20T00:00:00.000Z,פורטוגל,19,3,22
2021-06-20T00:00:00.000Z,גרמניה,277,129,406
2021-06-20T00:00:00.000Z,ניגריה,0,4,4
2021-06-20T00:00:00.000Z,ירדן,113,63,176
2021-06-20T00:00:00.000Z,רומניה,9,3,12
2021-06-20T00:00:00.000Z,ארמניה,2,2,4
2021-06-20T00:00:00.000Z,אוסטריה,225,28,253
2021-06-20T00:00:00.000Z,צכיה,73,6,79
2021-06-20T00:00:00.000Z,גיברלטר,1,0,1
2021-06-20T00:00:00.000Z,קוריאה הדרומית,1,0,1
2021-06-20T00:00:00.000Z,אירלנד,0,1,1
2021-06-20T00:00:00.000Z,פנמה,2,0,2
2021-06-20T00:00:00.000Z,ספרד,79,31,110
2021-06-20T00:00:00.000Z,פולין,48,1,49
2021-06-20T00:00:00.000Z,טיוואן,1,0,1
2021-06-20T00:00:00.000Z,אנטיגואה וברבודה,2,0,2
2021-06-20T00:00:00.000Z,גווטאמלה,1,0,1
2021-06-20T00:00:00.000Z,איטליה,152,49,201
2021-06-20T00:00:00.000Z,הממלכה המאוחדת,295,359,654
2021-06-20T00:00:00.000Z,איחוד האמירויות הערב,201,52,253
2021-06-20T00:00:00.000Z,מונטנגרו,2,0,2
2021-06-20T00:00:00.000Z,ארצות הברית,487,793,1280
2021-06-20T00:00:00.000Z,יוון,3057,243,3300
2021-06-20T00:00:00.000Z,אזרביג'אן,1,3,4
2021-06-20T00:00:00.000Z,אוזבקיסטן,1,0,1
2021-06-20T00:00:00.000Z,מלדיבים,7,1,8
2021-06-20T00:00:00.000Z,קזחסטאן,0,8,8
2021-06-20T00:00:00.000Z,הולנד,151,29,180
2021-06-20T00:00:00.000Z,צרפת,265,251,516
2021-06-20T00:00:00.000Z,טנזניה,1,0,1
2021-06-20T00:00:00.000Z,רוסיה,83,103,186
2021-06-20T00:00:00.000Z,מרוקו,0,1,1
2021-06-20T00:00:00.000Z,סינגפור,0,7,7
2021-06-20T00:00:00.000Z,ונצואלה,0,1,1
2021-06-20T00:00:00.000Z,פיליפינים,0,7,7
2021-06-20T00:00:00.000Z,גאנה,2,0,2
2021-06-20T00:00:00.000Z,דרום אפריקה,1,0,1
2021-06-20T00:00:00.000Z,תאילנד,1,6,7
2021-06-20T00:00:00.000Z,מצרים,881,148,1029
2021-06-20T00:00:00.000Z,בלגיה,50,51,101
2021-06-20T00:00:00.000Z,מאוריציוס,1,0,1
2021-06-20T00:00:00.000Z,סנגל,2,0,2
2021-06-20T00:00:00.000Z,שוויץ,97,58,155
2021-06-20T00:00:00.000Z,סלובניה,0,3,3
2021-06-20T00:00:00.000Z,שוודיה,7,1,8
2021-06-20T00:00:00.000Z,ויטנאם,0,2,2
2021-06-20T00:00:00.000Z,כלל המדינות,11251,4015,15266
2021-06-20T00:00:00.000Z,פינלנד,1,1,2
2021-06-20T00:00:00.000Z,מקסיקו,2,1,3
2021-06-20T00:00:00.000Z,בילורוסיה,136,20,156
2021-06-20T00:00:00.000Z,אוסטרליה,1,6,7
2021-06-20T00:00:00.000Z,קנדה,8,111,119
2021-06-20T00:00:00.000Z,הונג קונג,1,1,2
2021-06-20T00:00:00.000Z,אוקראינה,187,205,392
2021-06-20T00:00:00.000Z,מולדובה,120,86,206
2021-06-20T00:00:00.000Z,סין,0,1,1
2021-06-20T00:00:00.000Z,תורכיה,769,228,997
2021-06-20T00:00:00.000Z,איי קייפ וורדה,1,0,1
2021-06-20T00:00:00.000Z,קרואטיה,13,0,13
2021-06-20T00:00:00.000Z,גאורגיה,608,62,670
2021-06-20T00:00:00.000Z,בולגריה,527,50,577
2021-06-21T00:00:00.000Z,פרגוואי,0,1,1
2021-06-21T00:00:00.000Z,תורכמניסטאן,12,1,13
2021-06-21T00:00:00.000Z,אוזבקיסטן,25,73,98
2021-06-21T00:00:00.000Z,דרום סודאן,2,0,2
2021-06-21T00:00:00.000Z,לוכסמבורג,1,0,1
2021-06-21T00:00:00.000Z,פרו,3,2,5
2021-06-21T00:00:00.000Z,גווטאמלה,1,0,1
2021-06-21T00:00:00.000Z,הונג קונג,3,0,3
2021-06-21T00:00:00.000Z,ניגריה,6,2,8
2021-06-21T00:00:00.000Z,קמרון,1,0,1
2021-06-21T00:00:00.000Z,ספרד,279,56,335
2021-06-21T00:00:00.000Z,מרוקו,3,3,6
2021-06-21T00:00:00.000Z,קירג'זסטאן,1,0,1
2021-06-21T00:00:00.000Z,מקדוניה,1,0,1
2021-06-21T00:00:00.000Z,גרמניה,294,198,492
2021-06-21T00:00:00.000Z,מצרים,586,117,703
2021-06-21T00:00:00.000Z,תורכיה,270,88,358
2021-06-21T00:00:00.000Z,אוקראינה,114,98,212
2021-06-21T00:00:00.000Z,איסלנד,26,0,26
2021-06-21T00:00:00.000Z,בלגיה,52,45,97
2021-06-21T00:00:00.000Z,מוזמביק,2,0,2
2021-06-21T00:00:00.000Z,הודו,40,10,50
2021-06-21T00:00:00.000Z,ליטא,17,2,19
2021-06-21T00:00:00.000Z,רומניה,251,63,314
2021-06-21T00:00:00.000Z,קנדה,1,7,8
2021-06-21T00:00:00.000Z,אוסטרליה,0,1,1
2021-06-21T00:00:00.000Z,תאילנד,1,1,2
2021-06-21T00:00:00.000Z,אזרביג'אן,1,0,1
2021-06-21T00:00:00.000Z,סוריה,0,1,1
2021-06-21T00:00:00.000Z,איחוד האמירויות הערב,386,71,457
2021-06-21T00:00:00.000Z,ארצות הברית,810,1564,2374
2021-06-21T00:00:00.000Z,מקסיקו,5,12,17
2021-06-21T00:00:00.000Z,קרואטיה,8,7,15
2021-06-21T00:00:00.000Z,בוסניה הרצגובינה,11,4,15
2021-06-21T00:00:00.000Z,טיוואן,0,2,2
2021-06-21T00:00:00.000Z,ניגר,0,1,1
2021-06-21T00:00:00.000Z,קובה,0,4,4
2021-06-21T00:00:00.000Z,הממלכה המאוחדת,302,240,542
2021-06-21T00:00:00.000Z,ארגנטינה,0,1,1
2021-06-21T00:00:00.000Z,טנזניה,5,0,5
2021-06-21T00:00:00.000Z,הונגריה,95,19,114
2021-06-21T00:00:00.000Z,אקואדור,2,1,3
2021-06-21T00:00:00.000Z,הולנד,240,40,280
2021-06-21T00:00:00.000Z,נורבגיה,0,2,2
2021-06-21T00:00:00.000Z,בוטסואנה,1,0,1
2021-06-21T00:00:00.000Z,סינגפור,0,11,11
2021-06-21T00:00:00.000Z,גרנדה,1,0,1
2021-06-21T00:00:00.000Z,גאנה,4,9,13
2021-06-21T00:00:00.000Z,איי סיישל,14,4,18
2021-06-21T00:00:00.000Z,אורגוואי,1,1,2
2021-06-21T00:00:00.000Z,אתיופיה,28,43,71
2021-06-21T00:00:00.000Z,רואנדה,2,0,2
2021-06-21T00:00:00.000Z,קולומביה,7,2,9
2021-06-21T00:00:00.000Z,דרום אפריקה,1,7,8
2021-06-21T00:00:00.000Z,אוסטריה,196,43,239
2021-06-21T00:00:00.000Z,הונדורס,1,6,7
2021-06-21T00:00:00.000Z,פורטוגל,15,11,26
2021-06-21T00:00:00.000Z,פינלנד,2,3,5
2021-06-21T00:00:00.000Z,רוסיה,73,99,172
2021-06-21T00:00:00.000Z,כלל המדינות,10199,4644,14843
2021-06-21T00:00:00.000Z,קפריסין,484,81,565
2021-06-21T00:00:00.000Z,בולגריה,327,22,349
2021-06-21T00:00:00.000Z,ירדן,72,76,148
2021-06-21T00:00:00.000Z,מונקו,1,0,1
2021-06-21T00:00:00.000Z,דנמרק,7,0,7
2021-06-21T00:00:00.000Z,אסטוניה,0,1,1
2021-06-21T00:00:00.000Z,פולין,36,24,60
2021-06-21T00:00:00.000Z,אלבניה,40,0,40
2021-06-21T00:00:00.000Z,צכיה,5,3,8
2021-06-21T00:00:00.000Z,אוגנדה,1,1,2
2021-06-21T00:00:00.000Z,שוויץ,104,33,137
2021-06-21T00:00:00.000Z,אירלנד,3,1,4
2021-06-21T00:00:00.000Z,גאורגיה,649,76,725
2021-06-21T00:00:00.000Z,צ'ילה,1,3,4
2021-06-21T00:00:00.000Z,קוסטה ריקה,4,1,5
2021-06-21T00:00:00.000Z,קזחסטאן,0,2,2
2021-06-21T00:00:00.000Z,מלדיבים,21,3,24
2021-06-21T00:00:00.000Z,מונטנגרו,137,12,149
2021-06-21T00:00:00.000Z,שוודיה,7,0,7
2021-06-21T00:00:00.000Z,פנמה,3,15,18
2021-06-21T00:00:00.000Z,סרי לנקה (צילון),2,3,5
2021-06-21T00:00:00.000Z,יוון,2224,195,2419
2021-06-21T00:00:00.000Z,פיליפינים,1,5,6
2021-06-21T00:00:00.000Z,זימבאבווה,18,0,18
2021-06-21T00:00:00.000Z,ברזיל,0,3,3
2021-06-21T00:00:00.000Z,ניו זילנד,0,1,1
2021-06-21T00:00:00.000Z,איטליה,315,78,393
2021-06-21T00:00:00.000Z,צרפת,364,230,594
2021-06-21T00:00:00.000Z,קניה,9,13,22
2021-06-21T00:00:00.000Z,הרפ הדומיניקנית,2,0,2
2021-06-21T00:00:00.000Z,ניקרגואה,1,0,1
2021-06-21T00:00:00.000Z,זאיר,1,0,1
2021-06-21T00:00:00.000Z,סין,1,0,1
2021-06-21T00:00:00.000Z,סרביה,7,2,9
2021-06-21T00:00:00.000Z,איי טורקס וקייקוס,5,2,7
2021-06-22T00:00:00.000Z,סוריה,6,0,6
2021-06-22T00:00:00.000Z,שוויץ,9,4,13
2021-06-22T00:00:00.000Z,בולגריה,213,18,231
2021-06-22T00:00:00.000Z,מרוקו,0,3,3
2021-06-22T00:00:00.000Z,עירק,2,2,4
2021-06-22T00:00:00.000Z,נורבגיה,0,1,1
2021-06-22T00:00:00.000Z,מולדובה,61,42,103
2021-06-22T00:00:00.000Z,פינלנד,1,0,1
2021-06-22T00:00:00.000Z,איסלנד,25,0,25
2021-06-22T00:00:00.000Z,מצרים,300,72,372
2021-06-22T00:00:00.000Z,פולין,142,50,192
2021-06-22T00:00:00.000Z,בוליביה,1,0,1
2021-06-22T00:00:00.000Z,סרי לנקה (צילון),0,3,3
2021-06-22T00:00:00.000Z,איטליה,93,18,111
2021-06-22T00:00:00.000Z,האנטילים ההולנדים,1,0,1
2021-06-22T00:00:00.000Z,איחוד האמירויות הערב,100,23,123
2021-06-22T00:00:00.000Z,איי הבתולה,0,2,2
2021-06-22T00:00:00.000Z,קירג'זסטאן,4,0,4
2021-06-22T00:00:00.000Z,אירלנד,0,1,1
2021-06-22T00:00:00.000Z,צכיה,3,0,3
2021-06-22T00:00:00.000Z,ארצות הברית,723,1407,2130
2021-06-22T00:00:00.000Z,הרפ הדומיניקנית,3,0,3
2021-06-22T00:00:00.000Z,אסטוניה,4,2,6
2021-06-22T00:00:00.000Z,צ'ילה,0,28,28
2021-06-22T00:00:00.000Z,ליטא,8,1,9
2021-06-22T00:00:00.000Z,קוריאה הדרומית,1,0,1
2021-06-22T00:00:00.000Z,ארמניה,1,0,1
2021-06-22T00:00:00.000Z,תורכיה,542,244,786
2021-06-22T00:00:00.000Z,מקסיקו,0,13,13
2021-06-22T00:00:00.000Z,גרמניה,313,79,392
2021-06-22T00:00:00.000Z,קוסטה ריקה,13,1,14
2021-06-22T00:00:00.000Z,קניה,2,3,5
2021-06-22T00:00:00.000Z,לבנון,0,1,1
2021-06-22T00:00:00.000Z,דרום סודאן,1,0,1
2021-06-22T00:00:00.000Z,בילורוסיה,63,71,134
2021-06-22T00:00:00.000Z,סרביה,1,0,1
2021-06-22T00:00:00.000Z,ויטנאם,3,0,3
2021-06-22T00:00:00.000Z,הולנד,97,19,116
2021-06-22T00:00:00.000Z,פנמה,3,0,3
2021-06-22T00:00:00.000Z,הונגריה,42,21,63
2021-06-22T00:00:00.000Z,אוקראינה,61,68,129
2021-06-22T00:00:00.000Z,יוון,925,131,1056
2021-06-22T00:00:00.000Z,ירדן,32,26,58
2021-06-22T00:00:00.000Z,לטביה,20,24,44
2021-06-22T00:00:00.000Z,ארגנטינה,2,10,12
2021-06-22T00:00:00.000Z,קמרון,1,0,1
2021-06-22T00:00:00.000Z,אתיופיה,6,6,12
2021-06-22T00:00:00.000Z,שוודיה,0,6,6
2021-06-22T00:00:00.000Z,הונדורס,0,24,24
2021-06-22T00:00:00.000Z,מלדיבים,6,0,6
2021-06-22T00:00:00.000Z,בלגיה,60,72,132
2021-06-22T00:00:00.000Z,סלובניה,3,0,3
2021-06-22T00:00:00.000Z,בוסניה הרצגובינה,2,1,3
2021-06-22T00:00:00.000Z,קולומביה,0,1,1
2021-06-22T00:00:00.000Z,טוגו,1,0,1
2021-06-22T00:00:00.000Z,תוניסיה,2,0,2
2021-06-22T00:00:00.000Z,אזרביג'אן,1,6,7
2021-06-22T00:00:00.000Z,טנזניה,1,3,4
2021-06-22T00:00:00.000Z,הממלכה המאוחדת,171,201,372
2021-06-22T00:00:00.000Z,תאילנד,0,2,2
2021-06-22T00:00:00.000Z,ספרד,46,42,88
2021-06-22T00:00:00.000Z,אורגוואי,2,3,5
2021-06-22T00:00:00.000Z,צרפת,279,151,430
2021-06-22T00:00:00.000Z,דנמרק,2,0,2
2021-06-22T00:00:00.000Z,רומניה,3,0,3
2021-06-22T00:00:00.000Z,אלבניה,3,0,3
2021-06-22T00:00:00.000Z,קנדה,0,3,3
2021-06-22T00:00:00.000Z,קרואטיה,13,3,16
2021-06-22T00:00:00.000Z,פורטוגל,11,6,17
2021-06-22T00:00:00.000Z,דרום אפריקה,1,2,3
2021-06-22T00:00:00.000Z,רוסיה,14,33,47
2021-06-22T00:00:00.000Z,קפריסין,330,51,381
2021-06-22T00:00:00.000Z,גאורגיה,216,20,236
2021-06-22T00:00:00.000Z,זמביה,0,5,5
2021-06-22T00:00:00.000Z,אוגנדה,1,0,1
2021-06-22T00:00:00.000Z,ניגריה,2,4,6
2021-06-22T00:00:00.000Z,יפן,1,1,2
2021-06-22T00:00:00.000Z,תורכמניסטאן,2,3,5
2021-06-22T00:00:00.000Z,פיליפינים,0,19,19
2021-06-22T00:00:00.000Z,אוסטריה,6,2,8
2021-06-22T00:00:00.000Z,כלל המדינות,5705,3688,9393
2021-06-22T00:00:00.000Z,ברזיל,2,21,23
2021-06-23T00:00:00.000Z,טנזניה,137,7,144
2021-06-23T00:00:00.000Z,קפריסין,325,44,369
2021-06-23T00:00:00.000Z,גאנה,2,10,12
2021-06-23T00:00:00.000Z,פולין,74,16,90
2021-06-23T00:00:00.000Z,קנדה,21,114,135
2021-06-23T00:00:00.000Z,רואנדה,1,0,1
2021-06-23T00:00:00.000Z,קזחסטאן,1,2,3
2021-06-23T00:00:00.000Z,רומניה,244,65,309
2021-06-23T00:00:00.000Z,דנמרק,4,4,8
2021-06-23T00:00:00.000Z,מרוקו,4,5,9
2021-06-23T00:00:00.000Z,אלבניה,2,1,3
2021-06-23T00:00:00.000Z,איסלנד,1,0,1
2021-06-23T00:00:00.000Z,הממלכה המאוחדת,207,251,458
2021-06-23T00:00:00.000Z,יוון,528,69,597
2021-06-23T00:00:00.000Z,תוניסיה,3,2,5
2021-06-23T00:00:00.000Z,אוסטריה,168,47,215
2021-06-23T00:00:00.000Z,זימבאבווה,0,1,1
2021-06-23T00:00:00.000Z,קוסטה ריקה,5,0,5
2021-06-23T00:00:00.000Z,ויטנאם,0,1,1
2021-06-23T00:00:00.000Z,קוסובו,1,0,1
2021-06-23T00:00:00.000Z,קרואטיה,2,0,2
2021-06-23T00:00:00.000Z,סין,4,12,16
2021-06-23T00:00:00.000Z,בוליביה,1,0,1
2021-06-23T00:00:00.000Z,גרנדה,1,0,1
2021-06-23T00:00:00.000Z,ערב הסעודית,0,1,1
2021-06-23T00:00:00.000Z,נפאל,2,0,2
2021-06-23T00:00:00.000Z,בילורוסיה,26,17,43
2021-06-23T00:00:00.000Z,תורכיה,489,325,814
2021-06-23T00:00:00.000Z,גאורגיה,215,32,247
2021-06-23T00:00:00.000Z,רוסיה,45,47,92
2021-06-23T00:00:00.000Z,שוודיה,7,2,9
2021-06-23T00:00:00.000Z,מקסיקו,2,6,8
2021-06-23T00:00:00.000Z,איטליה,52,17,69
2021-06-23T00:00:00.000Z,אתיופיה,8,4,12
2021-06-23T00:00:00.000Z,ארמניה,1,0,1
2021-06-23T00:00:00.000Z,סרביה,3,2,5
2021-06-23T00:00:00.000Z,מקדוניה,2,0,2
2021-06-23T00:00:00.000Z,פיליפינים,0,3,3
2021-06-23T00:00:00.000Z,שוויץ,112,34,146
2021-06-23T00:00:00.000Z,קניה,5,0,5
2021-06-23T00:00:00.000Z,הונגריה,62,29,91
2021-06-23T00:00:00.000Z,פנמה,5,3,8
2021-06-23T00:00:00.000Z,פורטוגל,5,5,10
2021-06-23T00:00:00.000Z,איי סיישל,39,2,41
2021-06-23T00:00:00.000Z,תורכמניסטאן,9,6,15
2021-06-23T00:00:00.000Z,ארצות הברית,719,1516,2235
2021-06-23T00:00:00.000Z,מצרים,190,84,274
2021-06-23T00:00:00.000Z,אוקראינה,103,337,440
2021-06-23T00:00:00.000Z,אוסטרליה,2,2,4
2021-06-23T00:00:00.000Z,ניגריה,8,0,8
2021-06-23T00:00:00.000Z,הונג קונג,1,3,4
2021-06-23T00:00:00.000Z,זמביה,0,1,1
2021-06-23T00:00:00.000Z,איחוד האמירויות הערב,149,30,179
2021-06-23T00:00:00.000Z,תאילנד,0,3,3
2021-06-23T00:00:00.000Z,אוגנדה,4,4,8
2021-06-23T00:00:00.000Z,בלגיה,3,2,5
2021-06-23T00:00:00.000Z,הולנד,99,32,131
2021-06-23T00:00:00.000Z,מלדיבים,23,4,27
2021-06-23T00:00:00.000Z,דרום אפריקה,3,1,4
2021-06-23T00:00:00.000Z,צכיה,5,4,9
2021-06-23T00:00:00.000Z,ברזיל,1,12,13
2021-06-23T00:00:00.000Z,ונצואלה,0,2,2
2021-06-23T00:00:00.000Z,פרגוואי,3,0,3
2021-06-23T00:00:00.000Z,סלובניה,5,1,6
2021-06-23T00:00:00.000Z,גרמניה,200,101,301
2021-06-23T00:00:00.000Z,קוריאה הדרומית,1,12,13
2021-06-23T00:00:00.000Z,ספרד,80,26,106
2021-06-23T00:00:00.000Z,אורגוואי,0,1,1
2021-06-23T00:00:00.000Z,צרפת,216,208,424
2021-06-23T00:00:00.000Z,האנטילים ההולנדים,2,0,2
2021-06-23T00:00:00.000Z,לטביה,2,0,2
2021-06-23T00:00:00.000Z,אזרביג'אן,3,4,7
2021-06-23T00:00:00.000Z,כלל המדינות,5754,4381,10135
2021-06-23T00:00:00.000Z,הרפ הדומיניקנית,2,0,2
2021-06-23T00:00:00.000Z,בולגריה,152,35,187
2021-06-23T00:00:00.000Z,מונטנגרו,171,2,173
2021-06-23T00:00:00.000Z,סינגפור,2,5,7
2021-06-23T00:00:00.000Z,קולומביה,1,0,1
2021-06-23T00:00:00.000Z,ירדן,92,43,135
2021-06-23T00:00:00.000Z,פינלנד,10,4,14
2021-06-23T00:00:00.000Z,אוזבקיסטן,1,1,2
2021-06-23T00:00:00.000Z,לוכסמבורג,0,2,2
2021-06-24T00:00:00.000Z,גויאנה הצרפתית,1,0,1
2021-06-24T00:00:00.000Z,ליטא,8,0,8
2021-06-24T00:00:00.000Z,סווזילנד,1,0,1
2021-06-24T00:00:00.000Z,בילורוסיה,55,34,89
2021-06-24T00:00:00.000Z,הונג קונג,1,0,1
2021-06-24T00:00:00.000Z,סין,1,1,2
2021-06-24T00:00:00.000Z,אוסטרליה,1,1,2
2021-06-24T00:00:00.000Z,ערב הסעודית,1,0,1
2021-06-24T00:00:00.000Z,פלאו,1,0,1
2021-06-24T00:00:00.000Z,ירדן,55,77,132
2021-06-24T00:00:00.000Z,שוודיה,10,6,16
2021-06-24T00:00:00.000Z,מקסיקו,1,3,4
2021-06-24T00:00:00.000Z,בולגריה,422,43,465
2021-06-24T00:00:00.000Z,יוון,2038,269,2307
2021-06-24T00:00:00.000Z,טנזניה,7,1,8
2021-06-24T00:00:00.000Z,בלגיה,57,80,137
2021-06-24T00:00:00.000Z,איסלנד,39,0,39
2021-06-24T00:00:00.000Z,סרביה,11,4,15
2021-06-24T00:00:00.000Z,הרפ הדומיניקנית,2,0,2
2021-06-24T00:00:00.000Z,אוזבקיסטן,2,1,3
2021-06-24T00:00:00.000Z,מרוקו,7,1,8
2021-06-24T00:00:00.000Z,איי טורקס וקייקוס,2,1,3
2021-06-24T00:00:00.000Z,אל סלבדור,1,0,1
2021-06-24T00:00:00.000Z,שוויץ,71,36,107
2021-06-24T00:00:00.000Z,מלדיבים,23,4,27
2021-06-24T00:00:00.000Z,טג'יקיסטאן,2,0,2
2021-06-24T00:00:00.000Z,גינאה המשוונית,0,2,2
2021-06-24T00:00:00.000Z,קוריאה הדרומית,1,0,1
2021-06-24T00:00:00.000Z,קניה,19,2,21
2021-06-24T00:00:00.000Z,קרואטיה,5,3,8
2021-06-24T00:00:00.000Z,תורכיה,641,279,920
2021-06-24T00:00:00.000Z,לבנון,0,1,1
2021-06-24T00:00:00.000Z,הממלכה המאוחדת,302,276,578
2021-06-24T00:00:00.000Z,תאילנד,4,264,268
2021-06-24T00:00:00.000Z,אזרביג'אן,5,1,6
2021-06-24T00:00:00.000Z,סלובניה,2,0,2
2021-06-24T00:00:00.000Z,פיליפינים,0,26,26
2021-06-24T00:00:00.000Z,פרו,8,2,10
2021-06-24T00:00:00.000Z,איטליה,263,76,339
2021-06-24T00:00:00.000Z,דרום אפריקה,4,13,17
2021-06-24T00:00:00.000Z,אתיופיה,22,4,26
2021-06-24T00:00:00.000Z,דנמרק,9,4,13
2021-06-24T00:00:00.000Z,זאיר,1,0,1
2021-06-24T00:00:00.000Z,מאלי,0,2,2
2021-06-24T00:00:00.000Z,מולדובה,91,73,164
2021-06-24T00:00:00.000Z,חוף השנהב,3,2,5
2021-06-24T00:00:00.000Z,ניו זילנד,1,0,1
2021-06-24T00:00:00.000Z,ארגנטינה,2,3,5
2021-06-24T00:00:00.000Z,פנמה,1,5,6
2021-06-24T00:00:00.000Z,קזחסטאן,5,4,9
2021-06-24T00:00:00.000Z,רומניה,58,17,75
2021-06-24T00:00:00.000Z,בוסניה הרצגובינה,2,0,2
2021-06-24T00:00:00.000Z,אוגנדה,7,0,7
2021-06-24T00:00:00.000Z,כלל המדינות,9509,5309,14818
2021-06-24T00:00:00.000Z,גרמניה,177,85,262
2021-06-24T00:00:00.000Z,קפריסין,548,190,738
2021-06-24T00:00:00.000Z,סודן,0,1,1
2021-06-24T00:00:00.000Z,טוגו,3,0,3
2021-06-24T00:00:00.000Z,גאורגיה,750,92,842
2021-06-24T00:00:00.000Z,פולין,67,11,78
2021-06-24T00:00:00.000Z,אוסטריה,179,57,236
2021-06-24T00:00:00.000Z,גבון,2,0,2
2021-06-24T00:00:00.000Z,רוסיה,64,137,201
2021-06-24T00:00:00.000Z,האיטי,0,1,1
2021-06-24T00:00:00.000Z,הולנד,73,35,108
2021-06-24T00:00:00.000Z,קירג'זסטאן,3,0,3
2021-06-24T00:00:00.000Z,צכיה,75,19,94
2021-06-24T00:00:00.000Z,ארמניה,3,3,6
2021-06-24T00:00:00.000Z,ברזיל,2,1,3
2021-06-24T00:00:00.000Z,צרפת,394,260,654
2021-06-24T00:00:00.000Z,טיוואן,1,0,1
2021-06-24T00:00:00.000Z,אלבניה,59,6,65
2021-06-24T00:00:00.000Z,פינלנד,2,2,4
2021-06-24T00:00:00.000Z,ספרד,126,51,177
2021-06-24T00:00:00.000Z,הונגריה,225,31,256
2021-06-24T00:00:00.000Z,קמרון,0,1,1
2021-06-24T00:00:00.000Z,קנדה,0,2,2
2021-06-24T00:00:00.000Z,ניגר,1,1,2
2021-06-24T00:00:00.000Z,קונגו,2,0,2
2021-06-24T00:00:00.000Z,גאנה,7,5,12
2021-06-24T00:00:00.000Z,קוסטה ריקה,4,1,5
2021-06-24T00:00:00.000Z,אוקראינה,162,245,407
2021-06-24T00:00:00.000Z,מצרים,312,90,402
2021-06-24T00:00:00.000Z,תורכמניסטאן,3,1,4
2021-06-24T00:00:00.000Z,ניגריה,7,6,13
2021-06-24T00:00:00.000Z,גווטאמלה,1,2,3
2021-06-24T00:00:00.000Z,קולומביה,0,7,7
2021-06-24T00:00:00.000Z,אירלנד,1,0,1
2021-06-24T00:00:00.000Z,רואנדה,1,1,2
2021-06-24T00:00:00.000Z,איחוד האמירויות הערב,120,31,151
2021-06-24T00:00:00.000Z,ארצות הברית,775,1471,2246
2021-06-24T00:00:00.000Z,מלטה,0,1,1
2021-06-24T00:00:00.000Z,בוליביה,2,0,2
2021-06-24T00:00:00.000Z,פורטוגל,12,8,20
2021-06-25T00:00:00.000Z,מקסיקו,5,0,5
2021-06-25T00:00:00.000Z,גאנה,4,0,4
2021-06-25T00:00:00.000Z,ליטא,23,9,32
2021-06-25T00:00:00.000Z,מאלי,2,0,2
2021-06-25T00:00:00.000Z,מצרים,217,71,288
2021-06-25T00:00:00.000Z,רומניה,178,79,257
2021-06-25T00:00:00.000Z,מרוקו,7,1,8
2021-06-25T00:00:00.000Z,ונצואלה,1,1,2
2021-06-25T00:00:00.000Z,הממלכה המאוחדת,232,154,386
2021-06-25T00:00:00.000Z,ארמניה,3,5,8
2021-06-25T00:00:00.000Z,ארצות הברית,1035,1199,2234
2021-06-25T00:00:00.000Z,יוון,1388,194,1582
2021-06-25T00:00:00.000Z,גאורגיה,795,122,917
2021-06-25T00:00:00.000Z,איטליה,260,49,309
2021-06-25T00:00:00.000Z,ספרד,114,38,152
2021-06-25T00:00:00.000Z,ברזיל,0,1,1
2021-06-25T00:00:00.000Z,קוריאה הדרומית,1,0,1
2021-06-25T00:00:00.000Z,הונגריה,396,62,458
2021-06-25T00:00:00.000Z,מלדיבים,24,3,27
2021-06-25T00:00:00.000Z,בוסניה הרצגובינה,1,0,1
2021-06-25T00:00:00.000Z,איחוד האמירויות הערב,211,34,245
2021-06-25T00:00:00.000Z,איי טורקס וקייקוס,0,1,1
2021-06-25T00:00:00.000Z,גרמניה,383,140,523
2021-06-25T00:00:00.000Z,רוסיה,102,56,158
2021-06-25T00:00:00.000Z,מלטה,2,0,2
2021-06-25T00:00:00.000Z,ירדן,0,12,12
2021-06-25T00:00:00.000Z,נורבגיה,0,1,1
2021-06-25T00:00:00.000Z,ניו זילנד,0,1,1
2021-06-25T00:00:00.000Z,מקדוניה,0,1,1
2021-06-25T00:00:00.000Z,קולומביה,1,0,1
2021-06-25T00:00:00.000Z,פינלנד,5,4,9
2021-06-25T00:00:00.000Z,קטר,1,0,1
2021-06-25T00:00:00.000Z,סוריה,3,1,4
2021-06-25T00:00:00.000Z,מונטנגרו,118,10,128
2021-06-25T00:00:00.000Z,אוסטרליה,1,3,4
2021-06-25T00:00:00.000Z,איי סיישל,1,0,1
2021-06-25T00:00:00.000Z,קרואטיה,16,1,17
2021-06-25T00:00:00.000Z,דנמרק,11,4,15
2021-06-25T00:00:00.000Z,צרפת,211,95,306
2021-06-25T00:00:00.000Z,סודן,1,0,1
2021-06-25T00:00:00.000Z,ניגריה,10,0,10
2021-06-25T00:00:00.000Z,פיליפינים,0,1,1
2021-06-25T00:00:00.000Z,תאילנד,2,13,15
2021-06-25T00:00:00.000Z,סלובניה,4,1,5
2021-06-25T00:00:00.000Z,קנדה,16,60,76
2021-06-25T00:00:00.000Z,סרביה,22,8,30
2021-06-25T00:00:00.000Z,אל סלבדור,1,1,2
2021-06-25T00:00:00.000Z,פורטוגל,27,1,28
2021-06-25T00:00:00.000Z,אזרביג'אן,5,0,5
2021-06-25T00:00:00.000Z,אוקראינה,125,140,265
2021-06-25T00:00:00.000Z,נפאל,1,2,3
2021-06-25T00:00:00.000Z,הרפ הדומיניקנית,3,0,3
2021-06-25T00:00:00.000Z,קוסטה ריקה,5,5,10
2021-06-25T00:00:00.000Z,לטביה,1,0,1
2021-06-25T00:00:00.000Z,שוויץ,141,61,202
2021-06-25T00:00:00.000Z,בילורוסיה,28,18,46
2021-06-25T00:00:00.000Z,הודו,4,0,4
2021-06-25T00:00:00.000Z,הולנד,206,49,255
2021-06-25T00:00:00.000Z,איסלנד,19,0,19
2021-06-25T00:00:00.000Z,תורכיה,803,308,1111
2021-06-25T00:00:00.000Z,צכיה,5,4,9
2021-06-25T00:00:00.000Z,אוסטריה,344,61,405
2021-06-25T00:00:00.000Z,כלל המדינות,9326,4167,13493
2021-06-25T00:00:00.000Z,מאוריציוס,6,0,6
2021-06-25T00:00:00.000Z,פולין,103,43,146
2021-06-25T00:00:00.000Z,אורגוואי,0,9,9
2021-06-25T00:00:00.000Z,קפריסין,484,136,620
2021-06-25T00:00:00.000Z,פרו,0,1,1
2021-06-25T00:00:00.000Z,סנגל,2,0,2
2021-06-25T00:00:00.000Z,אוזבקיסטן,2,0,2
2021-06-25T00:00:00.000Z,תורכמניסטאן,5,2,7
2021-06-25T00:00:00.000Z,בולגריה,163,24,187
2021-06-25T00:00:00.000Z,סין,8,196,204
2021-06-25T00:00:00.000Z,גמביה,2,0,2
2021-06-25T00:00:00.000Z,בלגיה,94,46,140
2021-06-25T00:00:00.000Z,שוודיה,4,4,8
2021-06-25T00:00:00.000Z,אנגולה,2,0,2
2021-06-25T00:00:00.000Z,גווטאמלה,1,0,1
2021-06-25T00:00:00.000Z,טנזניה,2,0,2
2021-06-25T00:00:00.000Z,אירלנד,1,0,1
2021-06-26T00:00:00.000Z,מאלי,2,0,2
2021-06-26T00:00:00.000Z,איסלנד,66,3,69
2021-06-26T00:00:00.000Z,דנמרק,6,9,15
2021-06-26T00:00:00.000Z,הולנד,173,25,198
2021-06-26T00:00:00.000Z,קניה,8,8,16
2021-06-26T00:00:00.000Z,אנגולה,1,0,1
2021-06-26T00:00:00.000Z,פיליפינים,1,7,8
2021-06-26T00:00:00.000Z,לוכסמבורג,2,8,10
2021-06-26T00:00:00.000Z,פורטוגל,25,1,26
2021-06-26T00:00:00.000Z,ספרד,8,3,11
2021-06-26T00:00:00.000Z,יוון,950,87,1037
2021-06-26T00:00:00.000Z,קרואטיה,8,0,8
2021-06-26T00:00:00.000Z,הממלכה המאוחדת,44,51,95
2021-06-26T00:00:00.000Z,בוסניה הרצגובינה,1,0,1
2021-06-26T00:00:00.000Z,פורטו ריקו,0,3,3
2021-06-26T00:00:00.000Z,מצרים,566,123,689
2021-06-26T00:00:00.000Z,מלדיבים,20,2,22
2021-06-26T00:00:00.000Z,ארצות הברית,442,971,1413
2021-06-26T00:00:00.000Z,ניגריה,4,14,18
2021-06-26T00:00:00.000Z,צכיה,3,6,9
2021-06-26T00:00:00.000Z,תורכמניסטאן,4,4,8
2021-06-26T00:00:00.000Z,בורקינה פאסו,1,0,1
2021-06-26T00:00:00.000Z,נורבגיה,0,6,6
2021-06-26T00:00:00.000Z,הונג קונג,0,2,2
2021-06-26T00:00:00.000Z,ירדן,0,8,8
2021-06-26T00:00:00.000Z,גרמניה,196,74,270
2021-06-26T00:00:00.000Z,מרוקו,2,0,2
2021-06-26T00:00:00.000Z,סין,0,5,5
2021-06-26T00:00:00.000Z,אוגנדה,0,3,3
2021-06-26T00:00:00.000Z,קולומביה,0,1,1
2021-06-26T00:00:00.000Z,רומניה,114,29,143
2021-06-26T00:00:00.000Z,תורכיה,630,126,756
2021-06-26T00:00:00.000Z,איטליה,56,13,69
2021-06-26T00:00:00.000Z,רוסיה,4,2,6
2021-06-26T00:00:00.000Z,איי מרשל,1,0,1
2021-06-26T00:00:00.000Z,הרפ הדומיניקנית,2,0,2
2021-06-26T00:00:00.000Z,קפריסין,283,38,321
2021-06-26T00:00:00.000Z,זאיר,1,0,1
2021-06-26T00:00:00.000Z,תאילנד,3,0,3
2021-06-26T00:00:00.000Z,רואנדה,2,1,3
2021-06-26T00:00:00.000Z,שוויץ,45,12,57
2021-06-26T00:00:00.000Z,פולין,118,15,133
2021-06-26T00:00:00.000Z,זמביה,2,0,2
2021-06-26T00:00:00.000Z,אוסטריה,209,34,243
2021-06-26T00:00:00.000Z,גאנה,7,5,12
2021-06-26T00:00:00.000Z,נמיביה,0,4,4
2021-06-26T00:00:00.000Z,כלל המדינות,4785,2263,7048
2021-06-26T00:00:00.000Z,אירלנד,4,7,11
2021-06-26T00:00:00.000Z,הונגריה,80,9,89
2021-06-26T00:00:00.000Z,בולגריה,6,0,6
2021-06-26T00:00:00.000Z,איחוד האמירויות הערב,83,30,113
2021-06-26T00:00:00.000Z,קוסטה ריקה,3,11,14
2021-06-26T00:00:00.000Z,אזרביג'אן,6,0,6
2021-06-26T00:00:00.000Z,בלגיה,2,2,4
2021-06-26T00:00:00.000Z,ארגנטינה,1,0,1
2021-06-26T00:00:00.000Z,חוף השנהב,3,2,5
2021-06-26T00:00:00.000Z,אל סלבדור,0,1,1
2021-06-26T00:00:00.000Z,פינלנד,4,1,5
2021-06-26T00:00:00.000Z,ליטא,15,1,16
2021-06-26T00:00:00.000Z,שוודיה,5,8,13
2021-06-26T00:00:00.000Z,סינגפור,1,9,10
2021-06-26T00:00:00.000Z,פנמה,1,0,1
2021-06-26T00:00:00.000Z,טנזניה,2,4,6
2021-06-26T00:00:00.000Z,איי סיישל,2,0,2
2021-06-26T00:00:00.000Z,גאורגיה,118,17,135
2021-06-26T00:00:00.000Z,סרביה,3,2,5
2021-06-26T00:00:00.000Z,קמרון,0,1,1
2021-06-26T00:00:00.000Z,ארמניה,4,1,5
2021-06-26T00:00:00.000Z,צרפת,90,27,117
2021-06-26T00:00:00.000Z,קנדה,0,2,2
2021-06-26T00:00:00.000Z,קוריאה הדרומית,2,4,6
2021-06-26T00:00:00.000Z,דרום אפריקה,0,14,14
2021-06-26T00:00:00.000Z,אלבניה,1,0,1
2021-06-26T00:00:00.000Z,אוסטרליה,0,1,1
2021-06-26T00:00:00.000Z,אתיופיה,27,12,39
2021-06-26T00:00:00.000Z,דרום סודאן,2,0,2
2021-06-26T00:00:00.000Z,יפן,1,2,3
2021-06-26T00:00:00.000Z,אוקראינה,4,2,6
2021-06-26T00:00:00.000Z,לטביה,3,1,4
2021-06-26T00:00:00.000Z,מונטנגרו,2,0,2
2021-06-27T00:00:00.000Z,מצרים,956,170,1126
2021-06-27T00:00:00.000Z,הונג קונג,2,1,3
2021-06-27T00:00:00.000Z,סינגפור,0,1,1
2021-06-27T00:00:00.000Z,איי טורקס וקייקוס,1,2,3
2021-06-27T00:00:00.000Z,ליטא,3,2,5
2021-06-27T00:00:00.000Z,לטביה,3,1,4
2021-06-27T00:00:00.000Z,רומניה,6,3,9
2021-06-27T00:00:00.000Z,מקסיקו,1,1,2
2021-06-27T00:00:00.000Z,שוודיה,3,13,16
2021-06-27T00:00:00.000Z,לוכסמבורג,0,1,1
2021-06-27T00:00:00.000Z,פיליפינים,1,6,7
2021-06-27T00:00:00.000Z,קוריאה הדרומית,4,1,5
2021-06-27T00:00:00.000Z,קרואטיה,12,1,13
2021-06-27T00:00:00.000Z,פינלנד,5,0,5
2021-06-27T00:00:00.000Z,קוסטה ריקה,8,1,9
2021-06-27T00:00:00.000Z,קמבודיה,1,0,1
2021-06-27T00:00:00.000Z,צרפת,352,284,636
2021-06-27T00:00:00.000Z,איי סיישל,92,16,108
2021-06-27T00:00:00.000Z,ספרד,92,32,124
2021-06-27T00:00:00.000Z,יפן,0,1,1
2021-06-27T00:00:00.000Z,מלטה,1,0,1
2021-06-27T00:00:00.000Z,דרום אפריקה,0,6,6
2021-06-27T00:00:00.000Z,ארמניה,0,1,1
2021-06-27T00:00:00.000Z,אוגנדה,0,1,1
2021-06-27T00:00:00.000Z,סרביה,7,0,7
2021-06-27T00:00:00.000Z,מונטנגרו,6,0,6
2021-06-27T00:00:00.000Z,גווטאמלה,1,1,2
2021-06-27T00:00:00.000Z,איסלנד,11,2,13
2021-06-27T00:00:00.000Z,מקדוניה,2,0,2
2021-06-27T00:00:00.000Z,פנמה,7,0,7
2021-06-27T00:00:00.000Z,אינדונזיה,2,0,2
2021-06-27T00:00:00.000Z,אזרביג'אן,5,1,6
2021-06-27T00:00:00.000Z,אוסטריה,128,24,152
2021-06-27T00:00:00.000Z,הרפ הדומיניקנית,2,0,2
2021-06-27T00:00:00.000Z,הולנד,254,34,288
2021-06-27T00:00:00.000Z,דנמרק,18,3,21
2021-06-27T00:00:00.000Z,הודו,0,1,1
2021-06-27T00:00:00.000Z,נפאל,0,4,4
2021-06-27T00:00:00.000Z,תורכמניסטאן,14,5,19
2021-06-27T00:00:00.000Z,קירג'זסטאן,4,1,5
2021-06-27T00:00:00.000Z,ארצות הברית,490,906,1396
2021-06-27T00:00:00.000Z,מרוקו,3,1,4
2021-06-27T00:00:00.000Z,ניגריה,3,0,3
2021-06-27T00:00:00.000Z,מוזמביק,2,0,2
2021-06-27T00:00:00.000Z,אלבניה,1,0,1
2021-06-27T00:00:00.000Z,קטר,3,0,3
2021-06-27T00:00:00.000Z,יוון,3061,281,3342
2021-06-27T00:00:00.000Z,סנגל,2,0,2
2021-06-27T00:00:00.000Z,בולגריה,642,58,700
2021-06-27T00:00:00.000Z,סלובניה,6,0,6
2021-06-27T00:00:00.000Z,קזחסטאן,2,0,2
2021-06-27T00:00:00.000Z,בלגיה,59,51,110
2021-06-27T00:00:00.000Z,רוסיה,66,147,213
2021-06-27T00:00:00.000Z,ארגנטינה,1,1,2
2021-06-27T00:00:00.000Z,איחוד האמירויות הערב,154,52,206
2021-06-27T00:00:00.000Z,נורבגיה,1,3,4
2021-06-27T00:00:00.000Z,הונגריה,248,52,300
2021-06-27T00:00:00.000Z,אוסטרליה,0,2,2
2021-06-27T00:00:00.000Z,גרמניה,291,120,411
2021-06-27T00:00:00.000Z,ערב הסעודית,0,2,2
2021-06-27T00:00:00.000Z,אוזבקיסטן,3,4,7
2021-06-27T00:00:00.000Z,בילורוסיה,109,33,142
2021-06-27T00:00:00.000Z,פורטוגל,23,2,25
2021-06-27T00:00:00.000Z,סיירה ליאונה,2,0,2
2021-06-27T00:00:00.000Z,מלדיבים,15,4,19
2021-06-27T00:00:00.000Z,גאורגיה,701,81,782
2021-06-27T00:00:00.000Z,אירלנד,3,6,9
2021-06-27T00:00:00.000Z,פולין,62,4,66
2021-06-27T00:00:00.000Z,מולדובה,72,35,107
2021-06-27T00:00:00.000Z,טנזניה,2,0,2
2021-06-27T00:00:00.000Z,איטליה,171,21,192
2021-06-27T00:00:00.000Z,אוקראינה,295,191,486
2021-06-27T00:00:00.000Z,ברזיל,2,8,10
2021-06-27T00:00:00.000Z,תאילנד,0,1,1
2021-06-27T00:00:00.000Z,ירדן,133,51,184
2021-06-27T00:00:00.000Z,צכיה,127,27,154
2021-06-27T00:00:00.000Z,שוויץ,149,56,205
2021-06-27T00:00:00.000Z,אורגוואי,2,2,4
2021-06-27T00:00:00.000Z,הממלכה המאוחדת,356,222,578
2021-06-27T00:00:00.000Z,תורכיה,1173,521,1694
2021-06-27T00:00:00.000Z,קנדה,9,95,104
2021-06-27T00:00:00.000Z,חוף השנהב,1,0,1
2021-06-27T00:00:00.000Z,בחריין,0,1,1
2021-06-27T00:00:00.000Z,בוסניה הרצגובינה,1,0,1
2021-06-27T00:00:00.000Z,אתיופיה,1,0,1
2021-06-27T00:00:00.000Z,כלל המדינות,12688,4727,17415
2021-06-27T00:00:00.000Z,בוליביה,3,0,3
2021-06-27T00:00:00.000Z,קפריסין,1027,125,1152
2021-06-28T00:00:00.000Z,אוזבקיסטן,42,66,108
2021-06-28T00:00:00.000Z,הרפ הדומיניקנית,2,0,2
2021-06-28T00:00:00.000Z,עירק,0,4,4
2021-06-28T00:00:00.000Z,ליטא,10,2,12
2021-06-28T00:00:00.000Z,סינגפור,3,4,7
2021-06-28T00:00:00.000Z,פיליפינים,0,17,17
2021-06-28T00:00:00.000Z,לבנון,0,2,2
2021-06-28T00:00:00.000Z,מלדיבים,21,1,22
2021-06-28T00:00:00.000Z,ארצות הברית,739,1685,2424
2021-06-28T00:00:00.000Z,קרואטיה,7,6,13
2021-06-28T00:00:00.000Z,הונג קונג,0,1,1
2021-06-28T00:00:00.000Z,יפן,1,2,3
2021-06-28T00:00:00.000Z,בלגיה,33,51,84
2021-06-28T00:00:00.000Z,סין,0,4,4
2021-06-28T00:00:00.000Z,תורכמניסטאן,4,0,4
2021-06-28T00:00:00.000Z,קנדה,1,1,2
2021-06-28T00:00:00.000Z,הממלכה המאוחדת,349,186,535
2021-06-28T00:00:00.000Z,צכיה,11,0,11
2021-06-28T00:00:00.000Z,גרמניה,325,197,522
2021-06-28T00:00:00.000Z,פולין,51,16,67
2021-06-28T00:00:00.000Z,קזחסטאן,0,3,3
2021-06-28T00:00:00.000Z,ספרד,254,55,309
2021-06-28T00:00:00.000Z,אתיופיה,18,17,35
2021-06-28T00:00:00.000Z,תאילנד,1,1,2
2021-06-28T00:00:00.000Z,טיוואן,0,2,2
2021-06-28T00:00:00.000Z,אוקראינה,312,220,532
2021-06-28T00:00:00.000Z,איסלנד,30,11,41
2021-06-28T00:00:00.000Z,איחוד האמירויות הערב,197,55,252
2021-06-28T00:00:00.000Z,פנמה,1,11,12
2021-06-28T00:00:00.000Z,סוריה,0,2,2
2021-06-28T00:00:00.000Z,מרוקו,1,4,5
2021-06-28T00:00:00.000Z,גאנה,0,5,5
2021-06-28T00:00:00.000Z,קולומביה,7,5,12
2021-06-28T00:00:00.000Z,אזרביג'אן,3,6,9
2021-06-28T00:00:00.000Z,ירדן,28,44,72
2021-06-28T00:00:00.000Z,תורכיה,588,281,869
2021-06-28T00:00:00.000Z,אוסטרליה,0,1,1
2021-06-28T00:00:00.000Z,אירלנד,4,5,9
2021-06-28T00:00:00.000Z,דנמרק,14,15,29
2021-06-28T00:00:00.000Z,שוודיה,7,1,8
2021-06-28T00:00:00.000Z,אוסטריה,355,59,414
2021-06-28T00:00:00.000Z,הולנד,267,44,311
2021-06-28T00:00:00.000Z,הונגריה,247,21,268
2021-06-28T00:00:00.000Z,מוזמביק,0,1,1
2021-06-28T00:00:00.000Z,סלובניה,8,18,26
2021-06-28T00:00:00.000Z,רואנדה,0,2,2
2021-06-28T00:00:00.000Z,נמיביה,4,1,5
2021-06-28T00:00:00.000Z,איי טורקס וקייקוס,2,2,4
2021-06-28T00:00:00.000Z,אוגנדה,1,0,1
2021-06-28T00:00:00.000Z,מאלי,2,0,2
2021-06-28T00:00:00.000Z,איטליה,338,68,406
2021-06-28T00:00:00.000Z,זאיר,2,5,7
2021-06-28T00:00:00.000Z,דרום אפריקה,5,3,8
2021-06-28T00:00:00.000Z,יוון,2492,240,2732
2021-06-28T00:00:00.000Z,הודו,34,17,51
2021-06-28T00:00:00.000Z,אלבניה,1,0,1
2021-06-28T00:00:00.000Z,מאוריציוס,1,0,1
2021-06-28T00:00:00.000Z,מלטה,1,0,1
2021-06-28T00:00:00.000Z,מקסיקו,0,5,5
2021-06-28T00:00:00.000Z,קובה,0,7,7
2021-06-28T00:00:00.000Z,שוויץ,119,41,160
2021-06-28T00:00:00.000Z,קפריסין,589,107,696
2021-06-28T00:00:00.000Z,מונטנגרו,228,22,250
2021-06-28T00:00:00.000Z,קוסטה ריקה,4,2,6
2021-06-28T00:00:00.000Z,פינלנד,4,5,9
2021-06-28T00:00:00.000Z,רוסיה,102,81,183
2021-06-28T00:00:00.000Z,אקואדור,0,3,3
2021-06-28T00:00:00.000Z,איי סיישל,37,3,40
2021-06-28T00:00:00.000Z,בולגריה,238,22,260
2021-06-28T00:00:00.000Z,תוניסיה,0,2,2
2021-06-28T00:00:00.000Z,קניה,0,1,1
2021-06-28T00:00:00.000Z,ארמניה,4,0,4
2021-06-28T00:00:00.000Z,פורטוגל,18,3,21
2021-06-28T00:00:00.000Z,קירג'זסטאן,0,1,1
2021-06-28T00:00:00.000Z,ברזיל,0,2,2
2021-06-28T00:00:00.000Z,צרפת,362,202,564
2021-06-28T00:00:00.000Z,אורגוואי,6,0,6
2021-06-28T00:00:00.000Z,ארגנטינה,1,0,1
2021-06-28T00:00:00.000Z,סרביה,6,2,8
2021-06-28T00:00:00.000Z,כלל המדינות,11615,5284,16899
2021-06-28T00:00:00.000Z,טנזניה,7,2,9
2021-06-28T00:00:00.000Z,קונגו,2,0,2
2021-06-28T00:00:00.000Z,גאורגיה,849,101,950
2021-06-28T00:00:00.000Z,אסטוניה,1,0,1
2021-06-28T00:00:00.000Z,מצרים,542,112,654
2021-06-28T00:00:00.000Z,רומניה,389,74,463
2021-06-28T00:00:00.000Z,בוטסואנה,2,0,2
2021-06-28T00:00:00.000Z,ניגריה,1,1,2
2021-06-28T00:00:00.000Z,מולדובה,2,5,7
2021-06-28T00:00:00.000Z,סרי לנקה (צילון),1,3,4
2021-06-29T00:00:00.000Z,לוכסמבורג,3,2,5
2021-06-29T00:00:00.000Z,צכיה,10,0,10
2021-06-29T00:00:00.000Z,קולומביה,1,6,7
2021-06-29T00:00:00.000Z,קירג'זסטאן,5,0,5
2021-06-29T00:00:00.000Z,פרו,3,0,3
2021-06-29T00:00:00.000Z,נורבגיה,0,6,6
2021-06-29T00:00:00.000Z,קניה,7,2,9
2021-06-29T00:00:00.000Z,זמביה,1,2,3
2021-06-29T00:00:00.000Z,דרום אפריקה,2,0,2
2021-06-29T00:00:00.000Z,יוון,1171,153,1324
2021-06-29T00:00:00.000Z,קוסובו,2,1,3
2021-06-29T00:00:00.000Z,קפריסין,436,85,521
2021-06-29T00:00:00.000Z,ליטא,14,3,17
2021-06-29T00:00:00.000Z,קרואטיה,5,2,7
2021-06-29T00:00:00.000Z,בליז,1,1,2
2021-06-29T00:00:00.000Z,צ'ילה,0,1,1
2021-06-29T00:00:00.000Z,רומניה,6,2,8
2021-06-29T00:00:00.000Z,דומיניקה,0,1,1
2021-06-29T00:00:00.000Z,מאלי,1,0,1
2021-06-29T00:00:00.000Z,ניגר,0,1,1
2021-06-29T00:00:00.000Z,ניגריה,0,1,1
2021-06-29T00:00:00.000Z,אוסטרליה,1,0,1
2021-06-29T00:00:00.000Z,סרביה,19,4,23
2021-06-29T00:00:00.000Z,סווזילנד,3,0,3
2021-06-29T00:00:00.000Z,אתיופיה,15,11,26
2021-06-29T00:00:00.000Z,תורכמניסטאן,2,0,2
2021-06-29T00:00:00.000Z,אזרביג'אן,1,1,2
2021-06-29T00:00:00.000Z,ירדן,38,35,73
2021-06-29T00:00:00.000Z,תורכיה,678,415,1093
2021-06-29T00:00:00.000Z,רואנדה,1,1,2
2021-06-29T00:00:00.000Z,פיליפינים,2,4,6
2021-06-29T00:00:00.000Z,חוף השנהב,2,0,2
2021-06-29T00:00:00.000Z,גויאנה הצרפתית,1,0,1
2021-06-29T00:00:00.000Z,מרוקו,0,3,3
2021-06-29T00:00:00.000Z,שוויץ,5,2,7
2021-06-29T00:00:00.000Z,דנמרק,5,6,11
2021-06-29T00:00:00.000Z,גאנה,2,6,8
2021-06-29T00:00:00.000Z,מצרים,366,118,484
2021-06-29T00:00:00.000Z,סין,0,1,1
2021-06-29T00:00:00.000Z,גאורגיה,407,27,434
2021-06-29T00:00:00.000Z,מלאווי,1,0,1
2021-06-29T00:00:00.000Z,בולגריה,316,41,357
2021-06-29T00:00:00.000Z,קוסטה ריקה,2,0,2
2021-06-29T00:00:00.000Z,ארצות הברית,631,1703,2334
2021-06-29T00:00:00.000Z,איחוד האמירויות הערב,11,12,23
2021-06-29T00:00:00.000Z,הונגריה,220,33,253
2021-06-29T00:00:00.000Z,נמיביה,2,0,2
2021-06-29T00:00:00.000Z,אוקראינה,173,83,256
2021-06-29T00:00:00.000Z,אורגוואי,0,1,1
2021-06-29T00:00:00.000Z,פינלנד,2,0,2
2021-06-29T00:00:00.000Z,אלבניה,36,4,40
2021-06-29T00:00:00.000Z,טנזניה,13,0,13
2021-06-29T00:00:00.000Z,לטביה,21,11,32
2021-06-29T00:00:00.000Z,קזחסטאן,1,4,5
2021-06-29T00:00:00.000Z,יפן,1,0,1
2021-06-29T00:00:00.000Z,מונטנגרו,3,0,3
2021-06-29T00:00:00.000Z,צרפת,225,153,378
2021-06-29T00:00:00.000Z,פורטוגל,4,2,6
2021-06-29T00:00:00.000Z,זימבאבווה,1,0,1
2021-06-29T00:00:00.000Z,הממלכה המאוחדת,320,223,543
2021-06-29T00:00:00.000Z,מקסיקו,1,5,6
2021-06-29T00:00:00.000Z,גרמניה,337,165,502
2021-06-29T00:00:00.000Z,איסלנד,53,3,56
2021-06-29T00:00:00.000Z,סינגפור,0,1,1
2021-06-29T00:00:00.000Z,אוסטריה,9,0,9
2021-06-29T00:00:00.000Z,ארמניה,0,1,1
2021-06-29T00:00:00.000Z,קנדה,9,126,135
2021-06-29T00:00:00.000Z,פרגוואי,0,1,1
2021-06-29T00:00:00.000Z,מולדובה,66,42,108
2021-06-29T00:00:00.000Z,בילורוסיה,73,18,91
2021-06-29T00:00:00.000Z,ברזיל,3,3,6
2021-06-29T00:00:00.000Z,הולנד,250,23,273
2021-06-29T00:00:00.000Z,ספרד,97,25,122
2021-06-29T00:00:00.000Z,כלל המדינות,7335,4624,11959
2021-06-29T00:00:00.000Z,אירלנד,1,2,3
2021-06-29T00:00:00.000Z,שוודיה,9,1,10
2021-06-29T00:00:00.000Z,איטליה,143,45,188
2021-06-29T00:00:00.000Z,איי טורקס וקייקוס,2,2,4
2021-06-29T00:00:00.000Z,קמרון,0,1,1
2021-06-29T00:00:00.000Z,רוסיה,49,62,111
2021-06-29T00:00:00.000Z,אסטוניה,3,0,3
2021-06-29T00:00:00.000Z,קוריאה הדרומית,1,6,7
2021-06-29T00:00:00.000Z,בלגיה,88,61,149
2021-06-29T00:00:00.000Z,מלדיבים,4,2,6
2021-06-29T00:00:00.000Z,אנגולה,1,0,1
2021-06-29T00:00:00.000Z,פולין,182,19,201
2021-06-30T00:00:00.000Z,כלל המדינות,7351,5035,12386
2021-06-30T00:00:00.000Z,כווית,0,1,1
2021-06-30T00:00:00.000Z,תוניסיה,1,0,1
2021-06-30T00:00:00.000Z,בוסניה הרצגובינה,2,0,2
2021-06-30T00:00:00.000Z,מצרים,286,82,368
2021-06-30T00:00:00.000Z,אתיופיה,14,32,46
2021-06-30T00:00:00.000Z,אזרביג'אן,9,4,13
2021-06-30T00:00:00.000Z,פיליפינים,1,1,2
2021-06-30T00:00:00.000Z,מלדיבים,58,4,62
2021-06-30T00:00:00.000Z,ירדן,39,33,72
2021-06-30T00:00:00.000Z,קולומביה,1,2,3
2021-06-30T00:00:00.000Z,איטליה,46,10,56
2021-06-30T00:00:00.000Z,נורבגיה,1,3,4
2021-06-30T00:00:00.000Z,אוגנדה,0,12,12
2021-06-30T00:00:00.000Z,תורכיה,784,355,1139
2021-06-30T00:00:00.000Z,טנזניה,131,9,140
2021-06-30T00:00:00.000Z,סרביה,2,4,6
2021-06-30T00:00:00.000Z,תאילנד,5,11,16
2021-06-30T00:00:00.000Z,ונצואלה,1,1,2
2021-06-30T00:00:00.000Z,איסלנד,1,0,1
2021-06-30T00:00:00.000Z,גווטאמלה,2,0,2
2021-06-30T00:00:00.000Z,דרום אפריקה,2,9,11
2021-06-30T00:00:00.000Z,הונגריה,131,21,152
2021-06-30T00:00:00.000Z,סיירה ליאונה,1,3,4
2021-06-30T00:00:00.000Z,אוסטריה,221,47,268
2021-06-30T00:00:00.000Z,פינלנד,4,0,4
2021-06-30T00:00:00.000Z,איי סיישל,42,6,48
2021-06-30T00:00:00.000Z,אפגניסטן,0,1,1
2021-06-30T00:00:00.000Z,קוריאה הדרומית,1,1,2
2021-06-30T00:00:00.000Z,הונג קונג,1,1,2
2021-06-30T00:00:00.000Z,פרו,2,0,2
2021-06-30T00:00:00.000Z,לבנון,0,12,12
2021-06-30T00:00:00.000Z,ספרד,82,55,137
2021-06-30T00:00:00.000Z,ארמניה,2,1,3
2021-06-30T00:00:00.000Z,לטביה,1,0,1
2021-06-30T00:00:00.000Z,סוריה,1,0,1
2021-06-30T00:00:00.000Z,רומניה,376,109,485
2021-06-30T00:00:00.000Z,דנמרק,8,2,10
2021-06-30T00:00:00.000Z,גאנה,4,3,7
2021-06-30T00:00:00.000Z,מרוקו,1,0,1
2021-06-30T00:00:00.000Z,ברזיל,1,2,3
2021-06-30T00:00:00.000Z,מלטה,1,5,6
2021-06-30T00:00:00.000Z,שוודיה,4,5,9
2021-06-30T00:00:00.000Z,סינגפור,0,1,1
2021-06-30T00:00:00.000Z,רוסיה,46,44,90
2021-06-30T00:00:00.000Z,מולדובה,0,2,2
2021-06-30T00:00:00.000Z,קניה,3,4,7
2021-06-30T00:00:00.000Z,אנגולה,1,0,1
2021-06-30T00:00:00.000Z,אוקראינה,197,132,329
2021-06-30T00:00:00.000Z,פורטוגל,30,5,35
2021-06-30T00:00:00.000Z,פולין,57,18,75
2021-06-30T00:00:00.000Z,צרפת,287,301,588
2021-06-30T00:00:00.000Z,בלגיה,32,80,112
2021-06-30T00:00:00.000Z,טיוואן,0,2,2
2021-06-30T00:00:00.000Z,אוזבקיסטן,1,1,2
2021-06-30T00:00:00.000Z,ארצות הברית,713,1822,2535
2021-06-30T00:00:00.000Z,חוף השנהב,0,1,1
2021-06-30T00:00:00.000Z,צכיה,2,3,5
2021-06-30T00:00:00.000Z,אירלנד,0,2,2
2021-06-30T00:00:00.000Z,קירג'זסטאן,14,8,22
2021-06-30T00:00:00.000Z,בולגריה,144,38,182
2021-06-30T00:00:00.000Z,בילורוסיה,36,27,63
2021-06-30T00:00:00.000Z,גרמניה,299,194,493
2021-06-30T00:00:00.000Z,קפריסין,308,54,362
2021-06-30T00:00:00.000Z,אורגוואי,0,6,6
2021-06-30T00:00:00.000Z,אסטוניה,1,1,2
2021-06-30T00:00:00.000Z,ניגריה,2,0,2
2021-06-30T00:00:00.000Z,אוסטרליה,2,15,17
2021-06-30T00:00:00.000Z,מקסיקו,3,3,6
2021-06-30T00:00:00.000Z,מונטנגרו,169,6,175
2021-06-30T00:00:00.000Z,קזחסטאן,2,3,5
2021-06-30T00:00:00.000Z,ארגנטינה,0,1,1
2021-06-30T00:00:00.000Z,פנמה,0,1,1
2021-06-30T00:00:00.000Z,יפן,0,2,2
2021-06-30T00:00:00.000Z,הולנד,208,54,262
2021-06-30T00:00:00.000Z,קוסטה ריקה,4,1,5
2021-06-30T00:00:00.000Z,סרי לנקה (צילון),1,1,2
2021-06-30T00:00:00.000Z,קונגו,1,0,1
2021-06-30T00:00:00.000Z,שוויץ,125,57,182
2021-06-30T00:00:00.000Z,איחוד האמירויות הערב,197,59,256
2021-06-30T00:00:00.000Z,גאורגיה,307,70,377
2021-06-30T00:00:00.000Z,איי גילברט ואליס,0,1,1
2021-06-30T00:00:00.000Z,קנדה,15,152,167
2021-06-30T00:00:00.000Z,פרגוואי,19,5,24
2021-06-30T00:00:00.000Z,הממלכה המאוחדת,202,187,389
2021-06-30T00:00:00.000Z,סלובניה,2,0,2
2021-06-30T00:00:00.000Z,יוון,756,116,872
2021-06-30T00:00:00.000Z,תורכמניסטאן,12,0,12
2021-06-30T00:00:00.000Z,מקדוניה,4,0,4
2021-06-30T00:00:00.000Z,קרואטיה,13,5,18
2021-06-30T00:00:00.000Z,סין,0,12,12
2021-07-01T00:00:00.000Z,יוון,1899,255,2154
2021-07-01T00:00:00.000Z,רוסיה,27,47,74
2021-07-01T00:00:00.000Z,פיליפינים,0,13,13
2021-07-01T00:00:00.000Z,ניגריה,4,5,9
2021-07-01T00:00:00.000Z,אוסטריה,239,84,323
2021-07-01T00:00:00.000Z,מלדיבים,26,3,29
2021-07-01T00:00:00.000Z,בוטסואנה,2,0,2
2021-07-01T00:00:00.000Z,קוסטה ריקה,1,5,6
2021-07-01T00:00:00.000Z,גאנה,3,1,4
2021-07-01T00:00:00.000Z,קוסובו,1,0,1
2021-07-01T00:00:00.000Z,גרנדה,1,0,1
2021-07-01T00:00:00.000Z,סנגל,0,1,1
2021-07-01T00:00:00.000Z,בילורוסיה,43,22,65
2021-07-01T00:00:00.000Z,אירלנד,1,9,10
2021-07-01T00:00:00.000Z,קרואטיה,8,1,9
2021-07-01T00:00:00.000Z,אוסטרליה,6,3,9
2021-07-01T00:00:00.000Z,איי סיישל,4,3,7
2021-07-01T00:00:00.000Z,סוריה,2,12,14
2021-07-01T00:00:00.000Z,דרום אפריקה,2,19,21
2021-07-01T00:00:00.000Z,מצרים,324,156,480
2021-07-01T00:00:00.000Z,לסוטו,0,1,1
2021-07-01T00:00:00.000Z,אנגולה,1,1,2
2021-07-01T00:00:00.000Z,קולומביה,4,14,18
2021-07-01T00:00:00.000Z,לבנון,2,0,2
2021-07-01T00:00:00.000Z,גבון,1,0,1
2021-07-01T00:00:00.000Z,קמרון,1,0,1
2021-07-01T00:00:00.000Z,תאילנד,0,6,6
2021-07-01T00:00:00.000Z,מלטה,3,0,3
2021-07-01T00:00:00.000Z,פנמה,1,4,5
2021-07-01T00:00:00.000Z,פולין,46,5,51
2021-07-01T00:00:00.000Z,האיטי,1,0,1
2021-07-01T00:00:00.000Z,גאורגיה,797,112,909
2021-07-01T00:00:00.000Z,איסלנד,46,1,47
2021-07-01T00:00:00.000Z,ספרד,153,61,214
2021-07-01T00:00:00.000Z,גינאה,3,0,3
2021-07-01T00:00:00.000Z,הולנד,87,34,121
2021-07-01T00:00:00.000Z,סרי לנקה (צילון),1,0,1
2021-07-01T00:00:00.000Z,מרוקו,9,5,14
2021-07-01T00:00:00.000Z,צרפת,290,295,585
2021-07-01T00:00:00.000Z,בלגיה,21,65,86
2021-07-01T00:00:00.000Z,תורכמניסטאן,13,6,19
2021-07-01T00:00:00.000Z,קזחסטאן,1,1,2
2021-07-01T00:00:00.000Z,זמביה,6,2,8
2021-07-01T00:00:00.000Z,אוגנדה,1,0,1
2021-07-01T00:00:00.000Z,סלובקיה,1,0,1
2021-07-01T00:00:00.000Z,אוקראינה,171,137,308
2021-07-01T00:00:00.000Z,שוויץ,123,92,215
2021-07-01T00:00:00.000Z,איטליה,280,58,338
2021-07-01T00:00:00.000Z,ברזיל,1,4,5
2021-07-01T00:00:00.000Z,תורכיה,965,481,1446
2021-07-01T00:00:00.000Z,ירדן,59,69,128
2021-07-01T00:00:00.000Z,סלובניה,4,0,4
2021-07-01T00:00:00.000Z,דנמרק,17,6,23
2021-07-01T00:00:00.000Z,קפריסין,423,157,580
2021-07-01T00:00:00.000Z,ארצות הברית,891,1909,2800
2021-07-01T00:00:00.000Z,הונגריה,126,66,192
2021-07-01T00:00:00.000Z,חוף השנהב,2,0,2
2021-07-01T00:00:00.000Z,צ'ילה,0,8,8
2021-07-01T00:00:00.000Z,בולגריה,486,79,565
2021-07-01T00:00:00.000Z,גינאה המשוונית,0,2,2
2021-07-01T00:00:00.000Z,רומניה,181,77,258
2021-07-01T00:00:00.000Z,פורטוגל,8,4,12
2021-07-01T00:00:00.000Z,קוריאה הדרומית,5,1,6
2021-07-01T00:00:00.000Z,ארמניה,4,0,4
2021-07-01T00:00:00.000Z,לטביה,1,3,4
2021-07-01T00:00:00.000Z,אלבניה,28,2,30
2021-07-01T00:00:00.000Z,בחריין,4,1,5
2021-07-01T00:00:00.000Z,בוסניה הרצגובינה,2,0,2
2021-07-01T00:00:00.000Z,הממלכה המאוחדת,250,216,466
2021-07-01T00:00:00.000Z,קניה,29,3,32
2021-07-01T00:00:00.000Z,סינגפור,1,0,1
2021-07-01T00:00:00.000Z,הונג קונג,1,0,1
2021-07-01T00:00:00.000Z,רואנדה,4,0,4
2021-07-01T00:00:00.000Z,שוודיה,10,0,10
2021-07-01T00:00:00.000Z,כלל המדינות,9969,5750,15719
2021-07-01T00:00:00.000Z,אוזבקיסטן,4,0,4
2021-07-01T00:00:00.000Z,סרביה,7,13,20
2021-07-01T00:00:00.000Z,ליטא,69,35,104
2021-07-01T00:00:00.000Z,מולדובה,104,63,167
2021-07-01T00:00:00.000Z,גרמניה,241,144,385
2021-07-01T00:00:00.000Z,מקסיקו,1,3,4
2021-07-01T00:00:00.000Z,צכיה,110,34,144
2021-07-01T00:00:00.000Z,קטר,0,4,4
2021-07-01T00:00:00.000Z,גווטאמלה,2,0,2
2021-07-01T00:00:00.000Z,קנדה,0,11,11
2021-07-01T00:00:00.000Z,טנזניה,8,4,12
2021-07-01T00:00:00.000Z,אזרביג'אן,20,11,31
2021-07-01T00:00:00.000Z,בוליביה,1,0,1
2021-07-01T00:00:00.000Z,פרו,6,0,6
2021-07-01T00:00:00.000Z,הודו,1,4,5
2021-07-01T00:00:00.000Z,אתיופיה,23,10,33
2021-07-01T00:00:00.000Z,פינלנד,4,2,6
2021-07-01T00:00:00.000Z,סין,3,1,4
2021-07-01T00:00:00.000Z,איחוד האמירויות הערב,243,55,298
2021-07-01T00:00:00.000Z,קירג'זסטאן,3,0,3
2021-07-01T00:00:00.000Z,נורבגיה,0,4,4
2021-07-01T00:00:00.000Z,טוגו,0,1,1
2021-07-02T00:00:00.000Z,אתיופיה,1,0,1
2021-07-02T00:00:00.000Z,הונגריה,102,29,131
2021-07-02T00:00:00.000Z,פולין,76,35,111
2021-07-02T00:00:00.000Z,תאילנד,1,3,4
2021-07-02T00:00:00.000Z,קירג'זסטאן,13,0,13
2021-07-02T00:00:00.000Z,כלל המדינות,8268,4255,12523
2021-07-02T00:00:00.000Z,יפן,0,1,1
2021-07-02T00:00:00.000Z,ליטא,8,2,10
2021-07-02T00:00:00.000Z,הרפ הדומיניקנית,1,0,1
2021-07-02T00:00:00.000Z,בוליביה,0,1,1
2021-07-02T00:00:00.000Z,בילורוסיה,42,12,54
2021-07-02T00:00:00.000Z,פורטוגל,30,5,35
2021-07-02T00:00:00.000Z,אנגולה,2,0,2
2021-07-02T00:00:00.000Z,קטר,3,0,3
2021-07-02T00:00:00.000Z,סרי לנקה (צילון),1,5,6
2021-07-02T00:00:00.000Z,גאנה,1,1,2
2021-07-02T00:00:00.000Z,שוודיה,4,6,10
2021-07-02T00:00:00.000Z,חוף השנהב,2,0,2
2021-07-02T00:00:00.000Z,פרו,0,1,1
2021-07-02T00:00:00.000Z,אוזבקיסטן,3,1,4
2021-07-02T00:00:00.000Z,גווטאמלה,2,0,2
2021-07-02T00:00:00.000Z,גאורגיה,680,94,774
2021-07-02T00:00:00.000Z,שוויץ,142,112,254
2021-07-02T00:00:00.000Z,מרוקו,4,4,8
2021-07-02T00:00:00.000Z,גמייקה,0,6,6
2021-07-02T00:00:00.000Z,קרואטיה,2,0,2
2021-07-02T00:00:00.000Z,סינגפור,6,3,9
2021-07-02T00:00:00.000Z,בולגריה,172,32,204
2021-07-02T00:00:00.000Z,ארגנטינה,0,1,1
2021-07-02T00:00:00.000Z,קניה,3,2,5
2021-07-02T00:00:00.000Z,הודו,1,0,1
2021-07-02T00:00:00.000Z,ארצות הברית,875,1311,2186
2021-07-02T00:00:00.000Z,ארמניה,14,2,16
2021-07-02T00:00:00.000Z,מקסיקו,1,11,12
2021-07-02T00:00:00.000Z,אורגוואי,3,2,5
2021-07-02T00:00:00.000Z,מלטה,0,1,1
2021-07-02T00:00:00.000Z,תורכיה,643,308,951
2021-07-02T00:00:00.000Z,טנזניה,1,1,2
2021-07-02T00:00:00.000Z,אוסטריה,174,33,207
2021-07-02T00:00:00.000Z,פינלנד,13,42,55
2021-07-02T00:00:00.000Z,מלדיבים,12,11,23
2021-07-02T00:00:00.000Z,ברזיל,1,0,1
2021-07-02T00:00:00.000Z,לוכסמבורג,1,4,5
2021-07-02T00:00:00.000Z,רוסיה,106,72,178
2021-07-02T00:00:00.000Z,ירדן,0,23,23
2021-07-02T00:00:00.000Z,קוריאה הדרומית,1,0,1
2021-07-02T00:00:00.000Z,צכיה,11,8,19
2021-07-02T00:00:00.000Z,אסטוניה,4,2,6
2021-07-02T00:00:00.000Z,ניגריה,2,0,2
2021-07-02T00:00:00.000Z,פנמה,3,3,6
2021-07-02T00:00:00.000Z,איסלנד,13,2,15
2021-07-02T00:00:00.000Z,צרפת,328,215,543
2021-07-02T00:00:00.000Z,קולומביה,3,5,8
2021-07-02T00:00:00.000Z,בלגיה,103,78,181
2021-07-02T00:00:00.000Z,אזרביג'אן,1,3,4
2021-07-02T00:00:00.000Z,קוסטה ריקה,24,5,29
2021-07-02T00:00:00.000Z,אירלנד,1,4,5
2021-07-02T00:00:00.000Z,הממלכה המאוחדת,189,140,329
2021-07-02T00:00:00.000Z,מונטנגרו,148,7,155
2021-07-02T00:00:00.000Z,קנדה,17,142,159
2021-07-02T00:00:00.000Z,תוניסיה,1,0,1
2021-07-02T00:00:00.000Z,סוריה,0,1,1
2021-07-02T00:00:00.000Z,בוסניה הרצגובינה,2,0,2
2021-07-02T00:00:00.000Z,הולנד,107,28,135
2021-07-02T00:00:00.000Z,דנמרק,13,9,22
2021-07-02T00:00:00.000Z,אוסטרליה,0,2,2
2021-07-02T00:00:00.000Z,אוקראינה,305,168,473
2021-07-02T00:00:00.000Z,אקואדור,0,3,3
2021-07-02T00:00:00.000Z,איטליה,273,55,328
2021-07-02T00:00:00.000Z,מולדובה,2,5,7
2021-07-02T00:00:00.000Z,נורבגיה,0,8,8
2021-07-02T00:00:00.000Z,פיליפינים,0,7,7
2021-07-02T00:00:00.000Z,קפריסין,392,89,481
2021-07-02T00:00:00.000Z,מונקו,2,0,2
2021-07-02T00:00:00.000Z,יוון,1309,145,1454
2021-07-02T00:00:00.000Z,איחוד האמירויות הערב,86,22,108
2021-07-02T00:00:00.000Z,אלגיריה,0,1,1
2021-07-02T00:00:00.000Z,תורכמניסטאן,4,0,4
2021-07-02T00:00:00.000Z,ספרד,206,70,276
2021-07-02T00:00:00.000Z,סרביה,7,9,16
2021-07-02T00:00:00.000Z,גרמניה,418,165,583
2021-07-02T00:00:00.000Z,מצרים,200,100,300
2021-07-02T00:00:00.000Z,רומניה,203,55,258
2021-07-03T00:00:00.000Z,קירג'זסטאן,33,0,33
2021-07-03T00:00:00.000Z,גווטאמלה,2,0,2
2021-07-03T00:00:00.000Z,תאילנד,0,4,4
2021-07-03T00:00:00.000Z,דנמרק,11,10,21
2021-07-03T00:00:00.000Z,קולומביה,0,5,5
2021-07-03T00:00:00.000Z,רפ מרכז אפריקנית,0,1,1
2021-07-03T00:00:00.000Z,קפריסין,320,35,355
2021-07-03T00:00:00.000Z,לוכסמבורג,1,0,1
2021-07-03T00:00:00.000Z,שוויץ,66,33,99
2021-07-03T00:00:00.000Z,אוזבקיסטן,2,3,5
2021-07-03T00:00:00.000Z,מקסיקו,2,4,6
2021-07-03T00:00:00.000Z,הולנד,183,35,218
2021-07-03T00:00:00.000Z,הונדורס,0,1,1
2021-07-03T00:00:00.000Z,ניו זילנד,0,2,2
2021-07-03T00:00:00.000Z,חוף השנהב,4,0,4
2021-07-03T00:00:00.000Z,הממלכה המאוחדת,84,84,168
2021-07-03T00:00:00.000Z,סינגפור,4,7,11
2021-07-03T00:00:00.000Z,אנגולה,1,0,1
2021-07-03T00:00:00.000Z,דרום אפריקה,4,8,12
2021-07-03T00:00:00.000Z,פולין,119,24,143
2021-07-03T00:00:00.000Z,גינאה,0,2,2
2021-07-03T00:00:00.000Z,בולגריה,1,0,1
2021-07-03T00:00:00.000Z,גאנה,4,0,4
2021-07-03T00:00:00.000Z,צכיה,8,0,8
2021-07-03T00:00:00.000Z,אזרביג'אן,9,4,13
2021-07-03T00:00:00.000Z,הונג קונג,0,2,2
2021-07-03T00:00:00.000Z,מונטנגרו,15,1,16
2021-07-03T00:00:00.000Z,שוודיה,9,6,15
2021-07-03T00:00:00.000Z,אירלנד,1,4,5
2021-07-03T00:00:00.000Z,גאורגיה,7,0,7
2021-07-03T00:00:00.000Z,אוסטרליה,0,4,4
2021-07-03T00:00:00.000Z,איטליה,113,46,159
2021-07-03T00:00:00.000Z,מלדיבים,10,2,12
2021-07-03T00:00:00.000Z,אוסטריה,144,45,189
2021-07-03T00:00:00.000Z,ליטא,15,1,16
2021-07-03T00:00:00.000Z,אתיופיה,14,12,26
2021-07-03T00:00:00.000Z,קוריאה הדרומית,4,0,4
2021-07-03T00:00:00.000Z,ארצות הברית,336,901,1237
2021-07-03T00:00:00.000Z,קוסטה ריקה,1,0,1
2021-07-03T00:00:00.000Z,יוון,1200,111,1311
2021-07-03T00:00:00.000Z,מרוקו,2,0,2
2021-07-03T00:00:00.000Z,קניה,8,0,8
2021-07-03T00:00:00.000Z,מצרים,579,82,661
2021-07-03T00:00:00.000Z,רומניה,75,20,95
2021-07-03T00:00:00.000Z,איסלנד,27,0,27
2021-07-03T00:00:00.000Z,רוסיה,0,1,1
2021-07-03T00:00:00.000Z,ניגריה,2,4,6
2021-07-03T00:00:00.000Z,גרמניה,269,137,406
2021-07-03T00:00:00.000Z,סלובניה,2,0,2
2021-07-03T00:00:00.000Z,טנזניה,13,3,16
2021-07-03T00:00:00.000Z,מולדובה,37,42,79
2021-07-03T00:00:00.000Z,קרואטיה,20,6,26
2021-07-03T00:00:00.000Z,הונגריה,62,25,87
2021-07-03T00:00:00.000Z,תורכיה,966,375,1341
2021-07-03T00:00:00.000Z,קטר,0,1,1
2021-07-03T00:00:00.000Z,רואנדה,2,1,3
2021-07-03T00:00:00.000Z,צרפת,90,93,183
2021-07-03T00:00:00.000Z,פורטוגל,38,2,40
2021-07-03T00:00:00.000Z,פינלנד,1,0,1
2021-07-03T00:00:00.000Z,ברזיל,0,3,3
2021-07-03T00:00:00.000Z,זאיר,2,1,3
2021-07-03T00:00:00.000Z,אוקראינה,129,58,187
2021-07-03T00:00:00.000Z,טיוואן,0,1,1
2021-07-03T00:00:00.000Z,ארמניה,2,0,2
2021-07-03T00:00:00.000Z,אסטוניה,2,1,3
2021-07-03T00:00:00.000Z,סרביה,6,2,8
2021-07-03T00:00:00.000Z,ירדן,0,4,4
2021-07-03T00:00:00.000Z,פיליפינים,2,0,2
2021-07-03T00:00:00.000Z,איי סיישל,2,0,2
2021-07-03T00:00:00.000Z,לטביה,24,5,29
2021-07-03T00:00:00.000Z,כלל המדינות,5464,2739,8203
2021-07-03T00:00:00.000Z,נורבגיה,0,9,9
2021-07-03T00:00:00.000Z,פנמה,1,0,1
2021-07-03T00:00:00.000Z,איחוד האמירויות הערב,65,19,84
2021-07-03T00:00:00.000Z,סין,0,3,3
2021-07-03T00:00:00.000Z,ספרד,22,9,31
2021-07-03T00:00:00.000Z,מלטה,3,3,6
2021-07-04T00:00:00.000Z,הממלכה המאוחדת,308,188,496
2021-07-04T00:00:00.000Z,בוטסואנה,1,0,1
2021-07-04T00:00:00.000Z,ירדן,115,84,199
2021-07-04T00:00:00.000Z,מונטנגרו,0,1,1
2021-07-04T00:00:00.000Z,קוריאה הדרומית,9,6,15
2021-07-04T00:00:00.000Z,מצרים,720,137,857
2021-07-04T00:00:00.000Z,בוליביה,5,0,5
2021-07-04T00:00:00.000Z,תורכיה,927,419,1346
2021-07-04T00:00:00.000Z,תורכמניסטאן,1,0,1
2021-07-04T00:00:00.000Z,ספרד,163,48,211
2021-07-04T00:00:00.000Z,איחוד האמירויות הערב,83,42,125
2021-07-04T00:00:00.000Z,לוכסמבורג,0,1,1
2021-07-04T00:00:00.000Z,קנדה,15,147,162
2021-07-04T00:00:00.000Z,גאנה,1,4,5
2021-07-04T00:00:00.000Z,זמביה,1,0,1
2021-07-04T00:00:00.000Z,לבנון,0,6,6
2021-07-04T00:00:00.000Z,קזחסטאן,0,3,3
2021-07-04T00:00:00.000Z,סלובקיה,1,9,10
2021-07-04T00:00:00.000Z,בילורוסיה,114,30,144
2021-07-04T00:00:00.000Z,איי סיישל,72,10,82
2021-07-04T00:00:00.000Z,בלגיה,26,34,60
2021-07-04T00:00:00.000Z,קולומביה,1,0,1
2021-07-04T00:00:00.000Z,הונגריה,99,84,183
2021-07-04T00:00:00.000Z,אוגנדה,2,1,3
2021-07-04T00:00:00.000Z,דרום אפריקה,4,2,6
2021-07-04T00:00:00.000Z,אתיופיה,7,2,9
2021-07-04T00:00:00.000Z,ונצואלה,2,0,2
2021-07-04T00:00:00.000Z,אירלנד,3,10,13
2021-07-04T00:00:00.000Z,קפריסין,1118,108,1226
2021-07-04T00:00:00.000Z,אלבניה,44,3,47
2021-07-04T00:00:00.000Z,ליטא,1,0,1
2021-07-04T00:00:00.000Z,סרי לנקה (צילון),1,0,1
2021-07-04T00:00:00.000Z,פינלנד,2,0,2
2021-07-04T00:00:00.000Z,יפן,2,2,4
2021-07-04T00:00:00.000Z,פרו,0,4,4
2021-07-04T00:00:00.000Z,ארצות הברית,461,855,1316
2021-07-04T00:00:00.000Z,הולנד,193,63,256
2021-07-04T00:00:00.000Z,קטר,1,1,2
2021-07-04T00:00:00.000Z,שוודיה,8,11,19
2021-07-04T00:00:00.000Z,טנזניה,1,0,1
2021-07-04T00:00:00.000Z,ארגנטינה,0,1,1
2021-07-04T00:00:00.000Z,בולגריה,497,47,544
2021-07-04T00:00:00.000Z,מולדובה,73,41,114
2021-07-04T00:00:00.000Z,ארמניה,1,0,1
2021-07-04T00:00:00.000Z,יוון,3135,328,3463
2021-07-04T00:00:00.000Z,סין,1,0,1
2021-07-04T00:00:00.000Z,דנמרק,4,3,7
2021-07-04T00:00:00.000Z,קרואטיה,21,5,26
2021-07-04T00:00:00.000Z,צרפת,358,297,655
2021-07-04T00:00:00.000Z,זאיר,1,0,1
2021-07-04T00:00:00.000Z,נפאל,1,0,1
2021-07-04T00:00:00.000Z,תאילנד,1,12,13
2021-07-04T00:00:00.000Z,גאורגיה,972,105,1077
2021-07-04T00:00:00.000Z,ברזיל,3,7,10
2021-07-04T00:00:00.000Z,זימבאבווה,0,1,1
2021-07-04T00:00:00.000Z,בהמס,0,1,1
2021-07-04T00:00:00.000Z,שוויץ,166,192,358
2021-07-04T00:00:00.000Z,ניו זילנד,0,2,2
2021-07-04T00:00:00.000Z,פורטוגל,33,7,40
2021-07-04T00:00:00.000Z,רוסיה,32,73,105
2021-07-04T00:00:00.000Z,פנמה,1,0,1
2021-07-04T00:00:00.000Z,פיליפינים,2,13,15
2021-07-04T00:00:00.000Z,אסטוניה,1,0,1
2021-07-04T00:00:00.000Z,טיוואן,1,0,1
2021-07-04T00:00:00.000Z,פורטו ריקו,0,1,1
2021-07-04T00:00:00.000Z,אזרביג'אן,8,6,14
2021-07-04T00:00:00.000Z,מקסיקו,2,5,7
2021-07-04T00:00:00.000Z,אוקראינה,373,292,665
2021-07-04T00:00:00.000Z,כלל המדינות,12630,4956,17586
2021-07-04T00:00:00.000Z,מלטה,8,0,8
2021-07-04T00:00:00.000Z,ניגריה,3,3,6
2021-07-04T00:00:00.000Z,איסלנד,35,2,37
2021-07-04T00:00:00.000Z,רומניה,407,55,462
2021-07-04T00:00:00.000Z,אוסטרליה,0,8,8
2021-07-04T00:00:00.000Z,אוסטריה,96,48,144
2021-07-04T00:00:00.000Z,נורבגיה,3,0,3
2021-07-04T00:00:00.000Z,מרוקו,0,20,20
2021-07-04T00:00:00.000Z,אורגוואי,0,5,5
2021-07-04T00:00:00.000Z,קניה,1,3,4
2021-07-04T00:00:00.000Z,איטליה,352,101,453
2021-07-04T00:00:00.000Z,קוסטה ריקה,6,0,6
2021-07-04T00:00:00.000Z,מאוריציוס,1,0,1
2021-07-04T00:00:00.000Z,צ'ילה,0,2,2
2021-07-04T00:00:00.000Z,איי טורקס וקייקוס,2,2,4
2021-07-04T00:00:00.000Z,רואנדה,2,0,2
2021-07-04T00:00:00.000Z,מלדיבים,12,5,17
2021-07-04T00:00:00.000Z,מאלי,2,0,2
2021-07-04T00:00:00.000Z,פולין,46,10,56
2021-07-04T00:00:00.000Z,גרמניה,338,218,556
2021-07-04T00:00:00.000Z,צכיה,49,9,58
2021-07-05T00:00:00.000Z,אסטוניה,2,1,3
2021-07-05T00:00:00.000Z,מרוקו,2,0,2
2021-07-05T00:00:00.000Z,מקדוניה,1,0,1
2021-07-05T00:00:00.000Z,מלדיבים,21,2,23
2021-07-05T00:00:00.000Z,צרפת,293,264,557
2021-07-05T00:00:00.000Z,כלל המדינות,10806,5458,16264
2021-07-05T00:00:00.000Z,תורכמניסטאן,1,1,2
2021-07-05T00:00:00.000Z,פרו,0,2,2
2021-07-05T00:00:00.000Z,סרי לנקה (צילון),1,0,1
2021-07-05T00:00:00.000Z,נורבגיה,0,3,3
2021-07-05T00:00:00.000Z,סנגל,2,0,2
2021-07-05T00:00:00.000Z,אירלנד,2,14,16
2021-07-05T00:00:00.000Z,גאורגיה,711,118,829
2021-07-05T00:00:00.000Z,אקואדור,4,2,6
2021-07-05T00:00:00.000Z,אוסטרליה,3,7,10
2021-07-05T00:00:00.000Z,ספרד,253,55,308
2021-07-05T00:00:00.000Z,מצרים,490,112,602
2021-07-05T00:00:00.000Z,אוקראינה,356,203,559
2021-07-05T00:00:00.000Z,קנדה,5,8,13
2021-07-05T00:00:00.000Z,אלבניה,2,0,2
2021-07-05T00:00:00.000Z,קוריאה הדרומית,1,0,1
2021-07-05T00:00:00.000Z,ארצות הברית,640,1684,2324
2021-07-05T00:00:00.000Z,קרואטיה,28,1,29
2021-07-05T00:00:00.000Z,רומניה,298,56,354
2021-07-05T00:00:00.000Z,מונקו,1,0,1
2021-07-05T00:00:00.000Z,ארמניה,7,2,9
2021-07-05T00:00:00.000Z,בוסניה הרצגובינה,2,0,2
2021-07-05T00:00:00.000Z,קובה,1,0,1
2021-07-05T00:00:00.000Z,אוגנדה,0,1,1
2021-07-05T00:00:00.000Z,פיליפינים,0,1,1
2021-07-05T00:00:00.000Z,אוזבקיסטן,28,52,80
2021-07-05T00:00:00.000Z,קניה,1,0,1
2021-07-05T00:00:00.000Z,בלגיה,83,89,172
2021-07-05T00:00:00.000Z,איסלנד,59,5,64
2021-07-05T00:00:00.000Z,קירג'זסטאן,0,1,1
2021-07-05T00:00:00.000Z,קפריסין,760,113,873
2021-07-05T00:00:00.000Z,סינגפור,2,8,10
2021-07-05T00:00:00.000Z,דרום אפריקה,4,1,5
2021-07-05T00:00:00.000Z,איי טורקס וקייקוס,2,0,2
2021-07-05T00:00:00.000Z,פינלנד,4,1,5
2021-07-05T00:00:00.000Z,שוויץ,121,105,226
2021-07-05T00:00:00.000Z,סרביה,30,14,44
2021-07-05T00:00:00.000Z,דנמרק,17,3,20
2021-07-05T00:00:00.000Z,חוף השנהב,1,0,1
2021-07-05T00:00:00.000Z,ויטנאם,0,2,2
2021-07-05T00:00:00.000Z,גרמניה,305,143,448
2021-07-05T00:00:00.000Z,קזחסטאן,0,4,4
2021-07-05T00:00:00.000Z,ירדן,32,40,72
2021-07-05T00:00:00.000Z,אוסטריה,356,60,416
2021-07-05T00:00:00.000Z,איי גילברט ואליס,0,1,1
2021-07-05T00:00:00.000Z,ניגריה,2,0,2
2021-07-05T00:00:00.000Z,פנמה,6,6,12
2021-07-05T00:00:00.000Z,פולינזיה הצרפתית,1,0,1
2021-07-05T00:00:00.000Z,טנזניה,7,1,8
2021-07-05T00:00:00.000Z,ארגנטינה,1,2,3
2021-07-05T00:00:00.000Z,הממלכה המאוחדת,249,197,446
2021-07-05T00:00:00.000Z,אזרביג'אן,12,2,14
2021-07-05T00:00:00.000Z,צכיה,80,35,115
2021-07-05T00:00:00.000Z,גווטאמלה,1,0,1
2021-07-05T00:00:00.000Z,אורגוואי,0,3,3
2021-07-05T00:00:00.000Z,קוסטה ריקה,8,7,15
2021-07-05T00:00:00.000Z,סין,0,3,3
2021-07-05T00:00:00.000Z,יוון,2244,236,2480
2021-07-05T00:00:00.000Z,ליטא,3,1,4
2021-07-05T00:00:00.000Z,תורכיה,777,419,1196
2021-07-05T00:00:00.000Z,בולגריה,481,55,536
2021-07-05T00:00:00.000Z,הולנד,113,34,147
2021-07-05T00:00:00.000Z,סלובניה,8,0,8
2021-07-05T00:00:00.000Z,אתיופיה,14,13,27
2021-07-05T00:00:00.000Z,יפן,1,0,1
2021-07-05T00:00:00.000Z,זאיר,1,0,1
2021-07-05T00:00:00.000Z,מונטנגרו,101,13,114
2021-07-05T00:00:00.000Z,שוודיה,8,6,14
2021-07-05T00:00:00.000Z,תאילנד,0,8,8
2021-07-05T00:00:00.000Z,מוזמביק,3,0,3
2021-07-05T00:00:00.000Z,פורטוגל,50,26,76
2021-07-05T00:00:00.000Z,פולין,52,12,64
2021-07-05T00:00:00.000Z,מאוריציוס,1,0,1
2021-07-05T00:00:00.000Z,בילורוסיה,45,17,62
2021-07-05T00:00:00.000Z,מולדובה,1,3,4
2021-07-05T00:00:00.000Z,הרפ הדומיניקנית,2,0,2
2021-07-05T00:00:00.000Z,בוליביה,2,0,2
2021-07-05T00:00:00.000Z,גויאנה הצרפתית,1,0,1
2021-07-05T00:00:00.000Z,איטליה,389,100,489
2021-07-05T00:00:00.000Z,קוסובו,1,0,1
2021-07-05T00:00:00.000Z,איחוד האמירויות הערב,57,35,92
2021-07-05T00:00:00.000Z,הודו,17,14,31
2021-07-05T00:00:00.000Z,קוריאה הצפונית,3,2,5
2021-07-05T00:00:00.000Z,הונגריה,51,58,109
2021-07-05T00:00:00.000Z,רוסיה,92,179,271
2021-07-05T00:00:00.000Z,קולומביה,7,2,9
2021-07-05T00:00:00.000Z,מלטה,9,6,15
2021-07-05T00:00:00.000Z,מקסיקו,1,7,8
2021-07-05T00:00:00.000Z,ברזיל,1,1,2
2021-07-06T00:00:00.000Z,הולנד,214,73,287
2021-07-06T00:00:00.000Z,חוף השנהב,0,1,1
2021-07-06T00:00:00.000Z,קנדה,0,5,5
2021-07-06T00:00:00.000Z,רפ מרכז אפריקנית,1,0,1
2021-07-06T00:00:00.000Z,איי סיישל,2,4,6
2021-07-06T00:00:00.000Z,ארצות הברית,606,1782,2388
2021-07-06T00:00:00.000Z,אסטוניה,3,0,3
2021-07-06T00:00:00.000Z,פרו,3,1,4
2021-07-06T00:00:00.000Z,תוניסיה,1,0,1
2021-07-06T00:00:00.000Z,הממלכה המאוחדת,270,204,474
2021-07-06T00:00:00.000Z,מלטה,1,1,2
2021-07-06T00:00:00.000Z,אוקראינה,168,129,297
2021-07-06T00:00:00.000Z,ארגנטינה,4,2,6
2021-07-06T00:00:00.000Z,בלגיה,3,3,6
2021-07-06T00:00:00.000Z,אוסטריה,198,59,257
2021-07-06T00:00:00.000Z,מאלי,2,0,2
2021-07-06T00:00:00.000Z,אלבניה,39,0,39
2021-07-06T00:00:00.000Z,איטליה,211,52,263
2021-07-06T00:00:00.000Z,אוסטרליה,2,0,2
2021-07-06T00:00:00.000Z,גויאנה הצרפתית,1,0,1
2021-07-06T00:00:00.000Z,קוריאה הדרומית,1,1,2
2021-07-06T00:00:00.000Z,גאורגיה,334,46,380
2021-07-06T00:00:00.000Z,קפריסין,486,90,576
2021-07-06T00:00:00.000Z,תורכיה,850,611,1461
2021-07-06T00:00:00.000Z,קניה,1,0,1
2021-07-06T00:00:00.000Z,קירג'זסטאן,5,0,5
2021-07-06T00:00:00.000Z,קוסטה ריקה,2,0,2
2021-07-06T00:00:00.000Z,אוזבקיסטן,2,0,2
2021-07-06T00:00:00.000Z,גאנה,1,1,2
2021-07-06T00:00:00.000Z,הונג קונג,0,2,2
2021-07-06T00:00:00.000Z,פנמה,4,7,11
2021-07-06T00:00:00.000Z,לטביה,25,10,35
2021-07-06T00:00:00.000Z,פיליפינים,2,12,14
2021-07-06T00:00:00.000Z,גרמניה,372,126,498
2021-07-06T00:00:00.000Z,ליטא,7,2,9
2021-07-06T00:00:00.000Z,מצרים,405,139,544
2021-07-06T00:00:00.000Z,ברזיל,2,11,13
2021-07-06T00:00:00.000Z,ירדן,44,57,101
2021-07-06T00:00:00.000Z,ניגריה,1,2,3
2021-07-06T00:00:00.000Z,יוון,1568,190,1758
2021-07-06T00:00:00.000Z,מלדיבים,6,4,10
2021-07-06T00:00:00.000Z,בילורוסיה,46,7,53
2021-07-06T00:00:00.000Z,סרביה,15,1,16
2021-07-06T00:00:00.000Z,שוויץ,101,53,154
2021-07-06T00:00:00.000Z,מרוקו,4,0,4
2021-07-06T00:00:00.000Z,רואנדה,2,0,2
2021-07-06T00:00:00.000Z,זמביה,2,0,2
2021-07-06T00:00:00.000Z,רוסיה,17,49,66
2021-07-06T00:00:00.000Z,כלל המדינות,8200,5093,13293
2021-07-06T00:00:00.000Z,שוודיה,8,7,15
2021-07-06T00:00:00.000Z,צכיה,74,32,106
2021-07-06T00:00:00.000Z,גווטאמלה,0,2,2
2021-07-06T00:00:00.000Z,רומניה,139,45,184
2021-07-06T00:00:00.000Z,פולין,143,55,198
2021-07-06T00:00:00.000Z,פינלנד,1,0,1
2021-07-06T00:00:00.000Z,קרואטיה,12,1,13
2021-07-06T00:00:00.000Z,מולדובה,0,1,1
2021-07-06T00:00:00.000Z,תורכמניסטאן,2,0,2
2021-07-06T00:00:00.000Z,ארמניה,1,0,1
2021-07-06T00:00:00.000Z,הונגריה,92,63,155
2021-07-06T00:00:00.000Z,הרפ הדומיניקנית,1,0,1
2021-07-06T00:00:00.000Z,צ'ילה,2,0,2
2021-07-06T00:00:00.000Z,דרום אפריקה,1,0,1
2021-07-06T00:00:00.000Z,פורטוגל,13,6,19
2021-07-06T00:00:00.000Z,איסלנד,65,2,67
2021-07-06T00:00:00.000Z,אירלנד,2,3,5
2021-07-06T00:00:00.000Z,ספרד,185,76,261
2021-07-06T00:00:00.000Z,אתיופיה,5,5,10
2021-07-06T00:00:00.000Z,בולגריה,319,46,365
2021-07-06T00:00:00.000Z,סלובניה,1,1,2
2021-07-06T00:00:00.000Z,נורבגיה,0,1,1
2021-07-06T00:00:00.000Z,אזרביג'אן,14,1,15
2021-07-06T00:00:00.000Z,איחוד האמירויות הערב,58,25,83
2021-07-06T00:00:00.000Z,צרפת,255,289,544
2021-07-06T00:00:00.000Z,דנמרק,22,8,30
2021-07-06T00:00:00.000Z,קזחסטאן,2,1,3
2021-07-06T00:00:00.000Z,גיברלטר,0,3,3
2021-07-06T00:00:00.000Z,אורגוואי,1,1,2
2021-07-06T00:00:00.000Z,מקסיקו,1,4,5
2021-07-06T00:00:00.000Z,סרי לנקה (צילון),0,1,1
2021-07-06T00:00:00.000Z,זאיר,0,4,4
2021-07-06T00:00:00.000Z,טנזניה,1,1,2
2021-07-07T00:00:00.000Z,סנגל,1,0,1
2021-07-07T00:00:00.000Z,אוזבקיסטן,5,0,5
2021-07-07T00:00:00.000Z,מולדובה,47,27,74
2021-07-07T00:00:00.000Z,דנמרק,12,6,18
2021-07-07T00:00:00.000Z,אוקראינה,231,216,447
2021-07-07T00:00:00.000Z,רומניה,284,92,376
2021-07-07T00:00:00.000Z,אורגוואי,0,1,1
2021-07-07T00:00:00.000Z,קנדה,9,158,167
2021-07-07T00:00:00.000Z,פנמה,1,0,1
2021-07-07T00:00:00.000Z,אירלנד,1,0,1
2021-07-07T00:00:00.000Z,מרוקו,5,5,10
2021-07-07T00:00:00.000Z,איטליה,255,53,308
2021-07-07T00:00:00.000Z,הממלכה המאוחדת,167,137,304
2021-07-07T00:00:00.000Z,פיליפינים,2,11,13
2021-07-07T00:00:00.000Z,תאילנד,9,7,16
2021-07-07T00:00:00.000Z,סלובניה,73,12,85
2021-07-07T00:00:00.000Z,אסטוניה,2,1,3
2021-07-07T00:00:00.000Z,אינדונזיה,1,0,1
2021-07-07T00:00:00.000Z,סין,3,10,13
2021-07-07T00:00:00.000Z,סינגפור,0,9,9
2021-07-07T00:00:00.000Z,אוגנדה,1,0,1
2021-07-07T00:00:00.000Z,דרום אפריקה,3,8,11
2021-07-07T00:00:00.000Z,יפן,0,4,4
2021-07-07T00:00:00.000Z,מקסיקו,5,8,13
2021-07-07T00:00:00.000Z,אוסטרליה,4,18,22
2021-07-07T00:00:00.000Z,בוטסואנה,1,0,1
2021-07-07T00:00:00.000Z,גאנה,2,0,2
2021-07-07T00:00:00.000Z,מאוריציוס,0,1,1
2021-07-07T00:00:00.000Z,קוסטה ריקה,8,1,9
2021-07-07T00:00:00.000Z,קניה,2,0,2
2021-07-07T00:00:00.000Z,ניגריה,6,1,7
2021-07-07T00:00:00.000Z,טנזניה,82,10,92
2021-07-07T00:00:00.000Z,ארמניה,2,1,3
2021-07-07T00:00:00.000Z,קירג'זסטאן,3,0,3
2021-07-07T00:00:00.000Z,פולין,59,10,69
2021-07-07T00:00:00.000Z,שוויץ,98,38,136
2021-07-07T00:00:00.000Z,קמרון,0,3,3
2021-07-07T00:00:00.000Z,זמביה,2,0,2
2021-07-07T00:00:00.000Z,תורכיה,809,424,1233
2021-07-07T00:00:00.000Z,בולגריה,197,29,226
2021-07-07T00:00:00.000Z,בחריין,2,0,2
2021-07-07T00:00:00.000Z,פינלנד,4,0,4
2021-07-07T00:00:00.000Z,צכיה,25,8,33
2021-07-07T00:00:00.000Z,כלל המדינות,7303,5144,12447
2021-07-07T00:00:00.000Z,צרפת,333,505,838
2021-07-07T00:00:00.000Z,טיוואן,0,1,1
2021-07-07T00:00:00.000Z,טג'יקיסטאן,3,0,3
2021-07-07T00:00:00.000Z,איחוד האמירויות הערב,82,40,122
2021-07-07T00:00:00.000Z,קוריאה הדרומית,1,0,1
2021-07-07T00:00:00.000Z,לוכסמבורג,3,0,3
2021-07-07T00:00:00.000Z,ספרד,102,40,142
2021-07-07T00:00:00.000Z,אקואדור,1,0,1
2021-07-07T00:00:00.000Z,שוודיה,6,7,13
2021-07-07T00:00:00.000Z,איי סיישל,91,10,101
2021-07-07T00:00:00.000Z,קזחסטאן,3,2,5
2021-07-07T00:00:00.000Z,ניו זילנד,1,0,1
2021-07-07T00:00:00.000Z,חוף השנהב,0,2,2
2021-07-07T00:00:00.000Z,ברזיל,1,6,7
2021-07-07T00:00:00.000Z,מדגסקר,1,0,1
2021-07-07T00:00:00.000Z,פרגוואי,0,1,1
2021-07-07T00:00:00.000Z,בוסניה הרצגובינה,3,0,3
2021-07-07T00:00:00.000Z,סוריה,1,6,7
2021-07-07T00:00:00.000Z,פרו,7,4,11
2021-07-07T00:00:00.000Z,סרביה,23,9,32
2021-07-07T00:00:00.000Z,זימבאבווה,0,1,1
2021-07-07T00:00:00.000Z,תורכמניסטאן,7,2,9
2021-07-07T00:00:00.000Z,הונגריה,49,59,108
2021-07-07T00:00:00.000Z,ליבריה,1,0,1
2021-07-07T00:00:00.000Z,סרי לנקה (צילון),3,4,7
2021-07-07T00:00:00.000Z,ארגנטינה,2,0,2
2021-07-07T00:00:00.000Z,מלטה,4,0,4
2021-07-07T00:00:00.000Z,אתיופיה,12,1,13
2021-07-07T00:00:00.000Z,הולנד,172,82,254
2021-07-07T00:00:00.000Z,מקדוניה,1,1,2
2021-07-07T00:00:00.000Z,פורטוגל,36,36,72
2021-07-07T00:00:00.000Z,יוון,773,132,905
2021-07-07T00:00:00.000Z,בלגיה,41,57,98
2021-07-07T00:00:00.000Z,קפריסין,352,93,445
2021-07-07T00:00:00.000Z,קרואטיה,8,2,10
2021-07-07T00:00:00.000Z,ארצות הברית,473,1466,1939
2021-07-07T00:00:00.000Z,מונטנגרו,188,6,194
2021-07-07T00:00:00.000Z,גרמניה,353,197,550
2021-07-07T00:00:00.000Z,בילורוסיה,27,13,40
2021-07-07T00:00:00.000Z,ונצואלה,1,11,12
2021-07-07T00:00:00.000Z,ירדן,65,42,107
2021-07-07T00:00:00.000Z,רוסיה,39,21,60
2021-07-07T00:00:00.000Z,סלובקיה,2,0,2
2021-07-07T00:00:00.000Z,אוסטריה,203,53,256
2021-07-07T00:00:00.000Z,גאורגיה,275,58,333
2021-07-07T00:00:00.000Z,הונג קונג,0,4,4
2021-07-07T00:00:00.000Z,מלדיבים,12,0,12
2021-07-07T00:00:00.000Z,נורבגיה,1,5,6
2021-07-07T00:00:00.000Z,אזרביג'אן,17,2,19
2021-07-07T00:00:00.000Z,מצרים,407,203,610
2021-07-07T00:00:00.000Z,קולומביה,1,1,2
2021-07-07T00:00:00.000Z,גווטאמלה,2,0,2
2021-07-08T00:00:00.000Z,ניגריה,3,1,4
2021-07-08T00:00:00.000Z,אוסטריה,126,70,196
2021-07-08T00:00:00.000Z,תורכמניסטאן,13,8,21
2021-07-08T00:00:00.000Z,צאד,1,0,1
2021-07-08T00:00:00.000Z,סנגל,1,0,1
2021-07-08T00:00:00.000Z,פיליפינים,0,10,10
2021-07-08T00:00:00.000Z,מרוקו,5,8,13
2021-07-08T00:00:00.000Z,אלבניה,40,5,45
2021-07-08T00:00:00.000Z,גווטאמלה,1,0,1
2021-07-08T00:00:00.000Z,גאורגיה,734,131,865
2021-07-08T00:00:00.000Z,שוויץ,153,97,250
2021-07-08T00:00:00.000Z,צכיה,37,12,49
2021-07-08T00:00:00.000Z,רומניה,194,51,245
2021-07-08T00:00:00.000Z,קניה,1,2,3
2021-07-08T00:00:00.000Z,אוזבקיסטן,4,2,6
2021-07-08T00:00:00.000Z,איחוד האמירויות הערב,170,41,211
2021-07-08T00:00:00.000Z,לבנון,0,1,1
2021-07-08T00:00:00.000Z,ברזיל,5,11,16
2021-07-08T00:00:00.000Z,קמרון,1,1,2
2021-07-08T00:00:00.000Z,כלל המדינות,11229,6486,17715
2021-07-08T00:00:00.000Z,הולנד,166,55,221
2021-07-08T00:00:00.000Z,סרביה,1,0,1
2021-07-08T00:00:00.000Z,הונגריה,75,71,146
2021-07-08T00:00:00.000Z,אורגוואי,2,0,2
2021-07-08T00:00:00.000Z,מולדובה,77,34,111
2021-07-08T00:00:00.000Z,אסטוניה,1,0,1
2021-07-08T00:00:00.000Z,ספרד,231,67,298
2021-07-08T00:00:00.000Z,פולין,102,26,128
2021-07-08T00:00:00.000Z,סלובניה,4,0,4
2021-07-08T00:00:00.000Z,קוסטה ריקה,2,2,4
2021-07-08T00:00:00.000Z,פנמה,6,12,18
2021-07-08T00:00:00.000Z,גרמניה,303,131,434
2021-07-08T00:00:00.000Z,איי גילברט ואליס,0,1,1
2021-07-08T00:00:00.000Z,אוקראינה,257,217,474
2021-07-08T00:00:00.000Z,מלדיבים,14,3,17
2021-07-08T00:00:00.000Z,תאילנד,4,257,261
2021-07-08T00:00:00.000Z,זמביה,6,1,7
2021-07-08T00:00:00.000Z,לסוטו,1,0,1
2021-07-08T00:00:00.000Z,ירדן,133,73,206
2021-07-08T00:00:00.000Z,קנדה,1,7,8
2021-07-08T00:00:00.000Z,ארצות הברית,766,1817,2583
2021-07-08T00:00:00.000Z,שוודיה,3,6,9
2021-07-08T00:00:00.000Z,לטביה,2,1,3
2021-07-08T00:00:00.000Z,ארמניה,3,4,7
2021-07-08T00:00:00.000Z,בוליביה,1,1,2
2021-07-08T00:00:00.000Z,קוסובו,1,0,1
2021-07-08T00:00:00.000Z,קזחסטאן,6,1,7
2021-07-08T00:00:00.000Z,צרפת,371,362,733
2021-07-08T00:00:00.000Z,ויטנאם,1,1,2
2021-07-08T00:00:00.000Z,תורכיה,999,566,1565
2021-07-08T00:00:00.000Z,טנזניה,12,3,15
2021-07-08T00:00:00.000Z,קירג'זסטאן,6,1,7
2021-07-08T00:00:00.000Z,דרום אפריקה,1,2,3
2021-07-08T00:00:00.000Z,פורטוגל,11,0,11
2021-07-08T00:00:00.000Z,מאוריציוס,1,0,1
2021-07-08T00:00:00.000Z,קונגו,0,1,1
2021-07-08T00:00:00.000Z,בולגריה,407,71,478
2021-07-08T00:00:00.000Z,קולומביה,2,11,13
2021-07-08T00:00:00.000Z,איי טורקס וקייקוס,3,0,3
2021-07-08T00:00:00.000Z,מלטה,1,0,1
2021-07-08T00:00:00.000Z,חוף השנהב,0,1,1
2021-07-08T00:00:00.000Z,פינלנד,1,0,1
2021-07-08T00:00:00.000Z,צ'ילה,1,3,4
2021-07-08T00:00:00.000Z,סוריה,1,1,2
2021-07-08T00:00:00.000Z,קרואטיה,1,3,4
2021-07-08T00:00:00.000Z,הרפ הדומיניקנית,1,0,1
2021-07-08T00:00:00.000Z,איסלנד,65,3,68
2021-07-08T00:00:00.000Z,אוגנדה,3,0,3
2021-07-08T00:00:00.000Z,קפריסין,640,223,863
2021-07-08T00:00:00.000Z,בילורוסיה,50,55,105
2021-07-08T00:00:00.000Z,אירלנד,5,9,14
2021-07-08T00:00:00.000Z,סין,0,2,2
2021-07-08T00:00:00.000Z,דנמרק,23,12,35
2021-07-08T00:00:00.000Z,קובה,1,0,1
2021-07-08T00:00:00.000Z,אזרביג'אן,6,2,8
2021-07-08T00:00:00.000Z,רואנדה,2,0,2
2021-07-08T00:00:00.000Z,זאיר,2,1,3
2021-07-08T00:00:00.000Z,ליטא,38,7,45
2021-07-08T00:00:00.000Z,אוסטרליה,0,3,3
2021-07-08T00:00:00.000Z,יפן,0,1,1
2021-07-08T00:00:00.000Z,איטליה,342,110,452
2021-07-08T00:00:00.000Z,פרו,0,1,1
2021-07-08T00:00:00.000Z,טיוואן,0,4,4
2021-07-08T00:00:00.000Z,הממלכה המאוחדת,472,271,743
2021-07-08T00:00:00.000Z,יוון,2311,408,2719
2021-07-08T00:00:00.000Z,מקסיקו,5,6,11
2021-07-08T00:00:00.000Z,אתיופיה,28,7,35
2021-07-08T00:00:00.000Z,סינגפור,1,0,1
2021-07-08T00:00:00.000Z,בלגיה,45,25,70
2021-07-08T00:00:00.000Z,קוריאה הדרומית,8,0,8
2021-07-08T00:00:00.000Z,מצרים,487,207,694
2021-07-08T00:00:00.000Z,רוסיה,81,133,214
2021-07-08T00:00:00.000Z,נורבגיה,0,2,2
2021-07-09T00:00:00.000Z,תורכמניסטאן,14,8,22
2021-07-09T00:00:00.000Z,אינדונזיה,0,1,1
2021-07-09T00:00:00.000Z,הודו,1,0,1
2021-07-09T00:00:00.000Z,אנגולה,6,0,6
2021-07-09T00:00:00.000Z,לוכסמבורג,0,2,2
2021-07-09T00:00:00.000Z,טנזניה,3,0,3
2021-07-09T00:00:00.000Z,הממלכה המאוחדת,341,118,459
2021-07-09T00:00:00.000Z,הולנד,185,101,286
2021-07-09T00:00:00.000Z,קפריסין,559,153,712
2021-07-09T00:00:00.000Z,ספרד,225,44,269
2021-07-09T00:00:00.000Z,מלדיבים,19,2,21
2021-07-09T00:00:00.000Z,נפאל,0,1,1
2021-07-09T00:00:00.000Z,ירדן,0,21,21
2021-07-09T00:00:00.000Z,איי טורקס וקייקוס,1,0,1
2021-07-09T00:00:00.000Z,ארצות הברית,833,1158,1991
2021-07-09T00:00:00.000Z,רוסיה,38,31,69
2021-07-09T00:00:00.000Z,קוסטה ריקה,7,0,7
2021-07-09T00:00:00.000Z,איחוד האמירויות הערב,59,13,72
2021-07-09T00:00:00.000Z,סורינם,1,0,1
2021-07-09T00:00:00.000Z,אזרביג'אן,5,0,5
2021-07-09T00:00:00.000Z,בחריין,2,1,3
2021-07-09T00:00:00.000Z,אוקראינה,293,185,478
2021-07-09T00:00:00.000Z,איטליה,282,64,346
2021-07-09T00:00:00.000Z,תורכיה,890,467,1357
2021-07-09T00:00:00.000Z,גאורגיה,749,143,892
2021-07-09T00:00:00.000Z,פינלנד,15,8,23
2021-07-09T00:00:00.000Z,פיליפינים,2,3,5
2021-07-09T00:00:00.000Z,בולגריה,219,31,250
2021-07-09T00:00:00.000Z,מונטנגרו,75,14,89
2021-07-09T00:00:00.000Z,מצרים,453,266,719
2021-07-09T00:00:00.000Z,חוף השנהב,1,0,1
2021-07-09T00:00:00.000Z,אירלנד,5,5,10
2021-07-09T00:00:00.000Z,סלובקיה,2,0,2
2021-07-09T00:00:00.000Z,פורטוגל,26,4,30
2021-07-09T00:00:00.000Z,הרפ הדומיניקנית,0,2,2
2021-07-09T00:00:00.000Z,אורגוואי,0,2,2
2021-07-09T00:00:00.000Z,מלטה,4,0,4
2021-07-09T00:00:00.000Z,מרוקו,5,0,5
2021-07-09T00:00:00.000Z,גרמניה,384,139,523
2021-07-09T00:00:00.000Z,אוסטרליה,1,0,1
2021-07-09T00:00:00.000Z,מקדוניה,2,0,2
2021-07-09T00:00:00.000Z,קזחסטאן,0,2,2
2021-07-09T00:00:00.000Z,איי סיישל,0,1,1
2021-07-09T00:00:00.000Z,קולומביה,1,3,4
2021-07-09T00:00:00.000Z,קרואטיה,24,6,30
2021-07-09T00:00:00.000Z,בילורוסיה,46,18,64
2021-07-09T00:00:00.000Z,דנמרק,14,9,23
2021-07-09T00:00:00.000Z,קניה,3,0,3
2021-07-09T00:00:00.000Z,שוויץ,351,117,468
2021-07-09T00:00:00.000Z,סרי לנקה (צילון),2,0,2
2021-07-09T00:00:00.000Z,צכיה,88,41,129
2021-07-09T00:00:00.000Z,נורבגיה,0,7,7
2021-07-09T00:00:00.000Z,סלובניה,4,0,4
2021-07-09T00:00:00.000Z,ניגריה,4,0,4
2021-07-09T00:00:00.000Z,כלל המדינות,10130,4720,14850
2021-07-09T00:00:00.000Z,תאילנד,2,2,4
2021-07-09T00:00:00.000Z,אסטוניה,7,0,7
2021-07-09T00:00:00.000Z,יפן,1,2,3
2021-07-09T00:00:00.000Z,יוון,1749,271,2020
2021-07-09T00:00:00.000Z,צרפת,316,264,580
2021-07-09T00:00:00.000Z,קוריאה הדרומית,2,1,3
2021-07-09T00:00:00.000Z,אוסטריה,447,105,552
2021-07-09T00:00:00.000Z,קנדה,9,114,123
2021-07-09T00:00:00.000Z,הונגריה,81,75,156
2021-07-09T00:00:00.000Z,ארמניה,3,0,3
2021-07-09T00:00:00.000Z,פרגוואי,0,1,1
2021-07-09T00:00:00.000Z,בלגיה,126,60,186
2021-07-09T00:00:00.000Z,מולדובה,0,1,1
2021-07-09T00:00:00.000Z,ברזיל,1,0,1
2021-07-09T00:00:00.000Z,שוודיה,13,6,19
2021-07-09T00:00:00.000Z,אוזבקיסטן,2,0,2
2021-07-09T00:00:00.000Z,קירג'זסטאן,12,0,12
2021-07-09T00:00:00.000Z,איסלנד,20,4,24
2021-07-09T00:00:00.000Z,רומניה,257,73,330
2021-07-09T00:00:00.000Z,פרו,1,0,1
2021-07-09T00:00:00.000Z,סינגפור,0,7,7
2021-07-09T00:00:00.000Z,מקסיקו,1,1,2
2021-07-09T00:00:00.000Z,ליטא,3,0,3
2021-07-09T00:00:00.000Z,סרביה,57,9,66
2021-07-09T00:00:00.000Z,פולין,130,19,149
2021-07-09T00:00:00.000Z,סין,0,6,6
2021-07-09T00:00:00.000Z,פנמה,4,3,7
2021-07-09T00:00:00.000Z,גאנה,4,1,5
2021-07-10T00:00:00.000Z,רומניה,331,170,501
2021-07-10T00:00:00.000Z,מוזמביק,1,0,1
2021-07-10T00:00:00.000Z,הממלכה המאוחדת,143,83,226
2021-07-10T00:00:00.000Z,חוף השנהב,0,1,1
2021-07-10T00:00:00.000Z,בלגיה,0,1,1
2021-07-10T00:00:00.000Z,הונגריה,84,54,138
2021-07-10T00:00:00.000Z,פאפואה,2,1,3
2021-07-10T00:00:00.000Z,מלדיבים,16,3,19
2021-07-10T00:00:00.000Z,תורכמניסטאן,26,4,30
2021-07-10T00:00:00.000Z,אוקראינה,187,51,238
2021-07-10T00:00:00.000Z,ירדן,1,15,16
2021-07-10T00:00:00.000Z,אוזבקיסטן,1,0,1
2021-07-10T00:00:00.000Z,אזרביג'אן,5,1,6
2021-07-10T00:00:00.000Z,קולומביה,0,2,2
2021-07-10T00:00:00.000Z,איי סיישל,14,1,15
2021-07-10T00:00:00.000Z,קנדה,2,8,10
2021-07-10T00:00:00.000Z,קרואטיה,12,3,15
2021-07-10T00:00:00.000Z,שוויץ,102,30,132
2021-07-10T00:00:00.000Z,נורבגיה,0,4,4
2021-07-10T00:00:00.000Z,קמרון,3,0,3
2021-07-10T00:00:00.000Z,הולנד,172,38,210
2021-07-10T00:00:00.000Z,כלל המדינות,6958,3071,10029
2021-07-10T00:00:00.000Z,מלטה,2,0,2
2021-07-10T00:00:00.000Z,טנזניה,13,0,13
2021-07-10T00:00:00.000Z,סין,1,0,1
2021-07-10T00:00:00.000Z,מונטנגרו,86,10,96
2021-07-10T00:00:00.000Z,גאנה,10,2,12
2021-07-10T00:00:00.000Z,גבון,1,0,1
2021-07-10T00:00:00.000Z,סרביה,39,2,41
2021-07-10T00:00:00.000Z,קפריסין,476,62,538
2021-07-10T00:00:00.000Z,פינלנד,2,2,4
2021-07-10T00:00:00.000Z,יוון,1249,123,1372
2021-07-10T00:00:00.000Z,צרפת,103,63,166
2021-07-10T00:00:00.000Z,איטליה,223,51,274
2021-07-10T00:00:00.000Z,קוריאה הדרומית,5,3,8
2021-07-10T00:00:00.000Z,ארצות הברית,348,844,1192
2021-07-10T00:00:00.000Z,צכיה,4,2,6
2021-07-10T00:00:00.000Z,זימבאבווה,2,0,2
2021-07-10T00:00:00.000Z,מצרים,955,212,1167
2021-07-10T00:00:00.000Z,קניה,5,5,10
2021-07-10T00:00:00.000Z,פורטוגל,15,1,16
2021-07-10T00:00:00.000Z,ליטא,3,3,6
2021-07-10T00:00:00.000Z,זאיר,3,0,3
2021-07-10T00:00:00.000Z,פולין,122,29,151
2021-07-10T00:00:00.000Z,איסלנד,39,7,46
2021-07-10T00:00:00.000Z,לטביה,30,11,41
2021-07-10T00:00:00.000Z,אלבניה,3,2,5
2021-07-10T00:00:00.000Z,אסטוניה,1,0,1
2021-07-10T00:00:00.000Z,גרמניה,179,129,308
2021-07-10T00:00:00.000Z,בוסניה הרצגובינה,1,0,1
2021-07-10T00:00:00.000Z,מאוריציוס,1,0,1
2021-07-10T00:00:00.000Z,רואנדה,0,2,2
2021-07-10T00:00:00.000Z,דנמרק,11,9,20
2021-07-10T00:00:00.000Z,אוסטריה,189,46,235
2021-07-10T00:00:00.000Z,מונגוליה,1,0,1
2021-07-10T00:00:00.000Z,דרום אפריקה,1,1,2
2021-07-10T00:00:00.000Z,סינגפור,2,1,3
2021-07-10T00:00:00.000Z,ברוניי,0,1,1
2021-07-10T00:00:00.000Z,מולדובה,46,20,66
2021-07-10T00:00:00.000Z,קזחסטאן,1,0,1
2021-07-10T00:00:00.000Z,ברזיל,0,3,3
2021-07-10T00:00:00.000Z,בולגריה,66,3,69
2021-07-10T00:00:00.000Z,ספרד,22,14,36
2021-07-10T00:00:00.000Z,אתיופיה,27,12,39
2021-07-10T00:00:00.000Z,גאורגיה,93,11,104
2021-07-10T00:00:00.000Z,צאד,3,0,3
2021-07-10T00:00:00.000Z,תוניסיה,1,0,1
2021-07-10T00:00:00.000Z,אירלנד,1,2,3
2021-07-10T00:00:00.000Z,שוודיה,2,3,5
2021-07-10T00:00:00.000Z,מאלי,3,0,3
2021-07-10T00:00:00.000Z,רוסיה,3,2,5
2021-07-10T00:00:00.000Z,ניו זילנד,1,0,1
2021-07-10T00:00:00.000Z,הרפ הדומיניקנית,0,1,1
2021-07-10T00:00:00.000Z,סלובניה,1,0,1
2021-07-10T00:00:00.000Z,פרו,0,1,1
2021-07-10T00:00:00.000Z,איחוד האמירויות הערב,40,8,48
2021-07-10T00:00:00.000Z,ניגריה,1,0,1
2021-07-10T00:00:00.000Z,ארמניה,1,2,3
2021-07-10T00:00:00.000Z,זמביה,1,0,1
2021-07-10T00:00:00.000Z,תורכיה,1112,443,1555
2021-07-10T00:00:00.000Z,פיליפינים,0,6,6
2021-07-10T00:00:00.000Z,פנמה,1,0,1
2021-07-11T00:00:00.000Z,אנגולה,3,0,3
2021-07-11T00:00:00.000Z,אוזבקיסטן,7,4,11
2021-07-11T00:00:00.000Z,מונטנגרו,5,0,5
2021-07-11T00:00:00.000Z,מצרים,1047,258,1305
2021-07-11T00:00:00.000Z,אלבניה,27,7,34
2021-07-11T00:00:00.000Z,נורבגיה,1,6,7
2021-07-11T00:00:00.000Z,פרו,1,1,2
2021-07-11T00:00:00.000Z,מרוקו,2,0,2
2021-07-11T00:00:00.000Z,איחוד האמירויות הערב,80,25,105
2021-07-11T00:00:00.000Z,גרמניה,352,150,502
2021-07-11T00:00:00.000Z,מאוריציוס,1,0,1
2021-07-11T00:00:00.000Z,גאורגיה,815,120,935
2021-07-11T00:00:00.000Z,מלדיבים,23,7,30
2021-07-11T00:00:00.000Z,אוקראינה,365,299,664
2021-07-11T00:00:00.000Z,פאפואה,1,0,1
2021-07-11T00:00:00.000Z,דנמרק,7,4,11
2021-07-11T00:00:00.000Z,רומניה,268,91,359
2021-07-11T00:00:00.000Z,אלגיריה,1,0,1
2021-07-11T00:00:00.000Z,קוריאה הדרומית,3,6,9
2021-07-11T00:00:00.000Z,בולגריה,581,72,653
2021-07-11T00:00:00.000Z,בלגיה,18,32,50
2021-07-11T00:00:00.000Z,תורכיה,1249,635,1884
2021-07-11T00:00:00.000Z,איי סיישל,3,0,3
2021-07-11T00:00:00.000Z,בוסניה הרצגובינה,2,0,2
2021-07-11T00:00:00.000Z,יוון,2866,356,3222
2021-07-11T00:00:00.000Z,גינאה המשוונית,0,17,17
2021-07-11T00:00:00.000Z,ארצות הברית,444,646,1090
2021-07-11T00:00:00.000Z,מונקו,3,0,3
2021-07-11T00:00:00.000Z,קירג'זסטאן,15,1,16
2021-07-11T00:00:00.000Z,הונגריה,63,86,149
2021-07-11T00:00:00.000Z,בילורוסיה,104,67,171
2021-07-11T00:00:00.000Z,איסלנד,35,0,35
2021-07-11T00:00:00.000Z,תאילנד,56,26,82
2021-07-11T00:00:00.000Z,סוריה,2,2,4
2021-07-11T00:00:00.000Z,רוסיה,45,104,149
2021-07-11T00:00:00.000Z,איי טורקס וקייקוס,4,1,5
2021-07-11T00:00:00.000Z,פינלנד,2,0,2
2021-07-11T00:00:00.000Z,מקסיקו,1,2,3
2021-07-11T00:00:00.000Z,מלטה,2,0,2
2021-07-11T00:00:00.000Z,לטביה,1,0,1
2021-07-11T00:00:00.000Z,שוויץ,225,169,394
2021-07-11T00:00:00.000Z,קפריסין,898,156,1054
2021-07-11T00:00:00.000Z,הולנד,238,115,353
2021-07-11T00:00:00.000Z,ארגנטינה,4,4,8
2021-07-11T00:00:00.000Z,בהמס,0,1,1
2021-07-11T00:00:00.000Z,מולדובה,73,24,97
2021-07-11T00:00:00.000Z,תורכמניסטאן,2,1,3
2021-07-11T00:00:00.000Z,ניגריה,2,0,2
2021-07-11T00:00:00.000Z,אוסטרליה,2,2,4
2021-07-11T00:00:00.000Z,מקדוניה,5,9,14
2021-07-11T00:00:00.000Z,אסטוניה,3,0,3
2021-07-11T00:00:00.000Z,סרביה,8,1,9
2021-07-11T00:00:00.000Z,אירלנד,1,8,9
2021-07-11T00:00:00.000Z,כלל המדינות,13039,5341,18380
2021-07-11T00:00:00.000Z,פיליפינים,2,12,14
2021-07-11T00:00:00.000Z,איי גילברט ואליס,1,0,1
2021-07-11T00:00:00.000Z,תוניסיה,0,1,1
2021-07-11T00:00:00.000Z,גאנה,4,0,4
2021-07-11T00:00:00.000Z,ספרד,256,67,323
2021-07-11T00:00:00.000Z,יפן,0,3,3
2021-07-11T00:00:00.000Z,הונג קונג,0,1,1
2021-07-11T00:00:00.000Z,קרואטיה,8,3,11
2021-07-11T00:00:00.000Z,צכיה,82,25,107
2021-07-11T00:00:00.000Z,קזחסטאן,2,2,4
2021-07-11T00:00:00.000Z,מלזיה,1,0,1
2021-07-11T00:00:00.000Z,פנמה,4,2,6
2021-07-11T00:00:00.000Z,אוסטריה,91,19,110
2021-07-11T00:00:00.000Z,נפאל,0,2,2
2021-07-11T00:00:00.000Z,ברזיל,1,3,4
2021-07-11T00:00:00.000Z,איטליה,373,76,449
2021-07-11T00:00:00.000Z,אורגוואי,0,2,2
2021-07-11T00:00:00.000Z,קנדה,12,135,147
2021-07-11T00:00:00.000Z,הממלכה המאוחדת,367,260,627
2021-07-11T00:00:00.000Z,קוסטה ריקה,11,1,12
2021-07-11T00:00:00.000Z,סלובניה,8,0,8
2021-07-11T00:00:00.000Z,אזרביג'אן,20,12,32
2021-07-11T00:00:00.000Z,ירדן,204,108,312
2021-07-11T00:00:00.000Z,שוודיה,11,11,22
2021-07-11T00:00:00.000Z,קובה,0,1,1
2021-07-11T00:00:00.000Z,צרפת,574,447,1021
2021-07-11T00:00:00.000Z,פולין,68,9,77
2021-07-11T00:00:00.000Z,ארמניה,0,2,2
2021-07-11T00:00:00.000Z,פורטוגל,23,2,25
2021-07-11T00:00:00.000Z,ליטא,43,13,56
2021-07-12T00:00:00.000Z,פורטוגל,98,14,112
2021-07-12T00:00:00.000Z,קירג'זסטאן,2,1,3
2021-07-12T00:00:00.000Z,פרו,1,0,1
2021-07-12T00:00:00.000Z,קרואטיה,8,4,12
2021-07-12T00:00:00.000Z,איחוד האמירויות הערב,44,12,56
2021-07-12T00:00:00.000Z,אנדורה,1,0,1
2021-07-12T00:00:00.000Z,גאורגיה,590,121,711
2021-07-12T00:00:00.000Z,סוריה,1,10,11
2021-07-12T00:00:00.000Z,גיברלטר,0,5,5
2021-07-12T00:00:00.000Z,אקואדור,3,0,3
2021-07-12T00:00:00.000Z,תורכמניסטאן,5,3,8
2021-07-12T00:00:00.000Z,קפריסין,638,88,726
2021-07-12T00:00:00.000Z,מולדובה,1,0,1
2021-07-12T00:00:00.000Z,יפן,2,1,3
2021-07-12T00:00:00.000Z,תאילנד,2,0,2
2021-07-12T00:00:00.000Z,דרום אפריקה,1,9,10
2021-07-12T00:00:00.000Z,הממלכה המאוחדת,418,154,572
2021-07-12T00:00:00.000Z,בלגיה,71,78,149
2021-07-12T00:00:00.000Z,אירלנד,3,7,10
2021-07-12T00:00:00.000Z,ערב הסעודית,0,4,4
2021-07-12T00:00:00.000Z,ברזיל,0,2,2
2021-07-12T00:00:00.000Z,קניה,7,13,20
2021-07-12T00:00:00.000Z,רוסיה,30,39,69
2021-07-12T00:00:00.000Z,פולין,53,18,71
2021-07-12T00:00:00.000Z,קוסטה ריקה,8,1,9
2021-07-12T00:00:00.000Z,איסלנד,63,0,63
2021-07-12T00:00:00.000Z,רומניה,401,88,489
2021-07-12T00:00:00.000Z,גרמניה,306,132,438
2021-07-12T00:00:00.000Z,ספרד,147,32,179
2021-07-12T00:00:00.000Z,הולנד,96,34,130
2021-07-12T00:00:00.000Z,בהמס,1,0,1
2021-07-12T00:00:00.000Z,מצרים,600,142,742
2021-07-12T00:00:00.000Z,גאנה,7,2,9
2021-07-12T00:00:00.000Z,בולגריה,416,77,493
2021-07-12T00:00:00.000Z,איטליה,450,81,531
2021-07-12T00:00:00.000Z,איי סיישל,11,4,15
2021-07-12T00:00:00.000Z,הונגריה,76,19,95
2021-07-12T00:00:00.000Z,קנדה,3,20,23
2021-07-12T00:00:00.000Z,שוודיה,6,9,15
2021-07-12T00:00:00.000Z,שוויץ,218,88,306
2021-07-12T00:00:00.000Z,בוטסואנה,0,7,7
2021-07-12T00:00:00.000Z,יוון,2292,293,2585
2021-07-12T00:00:00.000Z,הודו,9,5,14
2021-07-12T00:00:00.000Z,הרפ הדומיניקנית,3,0,3
2021-07-12T00:00:00.000Z,קוריאה הדרומית,0,1,1
2021-07-12T00:00:00.000Z,נורבגיה,1,4,5
2021-07-12T00:00:00.000Z,צרפת,237,272,509
2021-07-12T00:00:00.000Z,קזחסטאן,1,0,1
2021-07-12T00:00:00.000Z,מונטנגרו,151,11,162
2021-07-12T00:00:00.000Z,פיליפינים,1,10,11
2021-07-12T00:00:00.000Z,תורכיה,1278,699,1977
2021-07-12T00:00:00.000Z,ליטא,3,2,5
2021-07-12T00:00:00.000Z,טנזניה,10,1,11
2021-07-12T00:00:00.000Z,בחריין,0,4,4
2021-07-12T00:00:00.000Z,אזרביג'אן,0,3,3
2021-07-12T00:00:00.000Z,זמביה,2,0,2
2021-07-12T00:00:00.000Z,אוקראינה,387,322,709
2021-07-12T00:00:00.000Z,לטביה,2,0,2
2021-07-12T00:00:00.000Z,קולומביה,2,3,5
2021-07-12T00:00:00.000Z,סין,1,2,3
2021-07-12T00:00:00.000Z,אוזבקיסטן,64,113,177
2021-07-12T00:00:00.000Z,ירדן,91,48,139
2021-07-12T00:00:00.000Z,ארצות הברית,665,1451,2116
2021-07-12T00:00:00.000Z,מרוקו,2,2,4
2021-07-12T00:00:00.000Z,קטר,1,0,1
2021-07-12T00:00:00.000Z,מקסיקו,2,4,6
2021-07-12T00:00:00.000Z,ויטנאם,0,1,1
2021-07-12T00:00:00.000Z,הונדורס,1,0,1
2021-07-12T00:00:00.000Z,אתיופיה,18,23,41
2021-07-12T00:00:00.000Z,מלדיבים,15,1,16
2021-07-12T00:00:00.000Z,רואנדה,3,0,3
2021-07-12T00:00:00.000Z,ניגריה,8,0,8
2021-07-12T00:00:00.000Z,אינדונזיה,3,3,6
2021-07-12T00:00:00.000Z,פנמה,4,7,11
2021-07-12T00:00:00.000Z,כלל המדינות,11716,5439,17155
2021-07-12T00:00:00.000Z,צ'ילה,3,1,4
2021-07-12T00:00:00.000Z,דנמרק,14,1,15
2021-07-12T00:00:00.000Z,טיוואן,1,0,1
2021-07-12T00:00:00.000Z,צכיה,192,18,210
2021-07-12T00:00:00.000Z,חוף השנהב,1,0,1
2021-07-12T00:00:00.000Z,אוסטריה,534,104,638
2021-07-12T00:00:00.000Z,סרביה,51,11,62
2021-07-12T00:00:00.000Z,פינלנד,1,0,1
2021-07-12T00:00:00.000Z,אלבניה,1,2,3
2021-07-12T00:00:00.000Z,בילורוסיה,3,2,5
2021-07-13T00:00:00.000Z,בולגריה,314,42,356
2021-07-13T00:00:00.000Z,גווטאמלה,1,0,1
2021-07-13T00:00:00.000Z,מוזמביק,2,0,2
2021-07-13T00:00:00.000Z,כלל המדינות,9491,4460,13951
2021-07-13T00:00:00.000Z,אוסטריה,223,77,300
2021-07-13T00:00:00.000Z,ברזיל,0,2,2
2021-07-13T00:00:00.000Z,סין,0,3,3
2021-07-13T00:00:00.000Z,קניה,6,0,6
2021-07-13T00:00:00.000Z,גרמניה,398,109,507
2021-07-13T00:00:00.000Z,פורטוגל,18,9,27
2021-07-13T00:00:00.000Z,מלטה,4,0,4
2021-07-13T00:00:00.000Z,אוקראינה,233,199,432
2021-07-13T00:00:00.000Z,קזחסטאן,1,1,2
2021-07-13T00:00:00.000Z,פיליפינים,1,2,3
2021-07-13T00:00:00.000Z,קולומביה,1,4,5
2021-07-13T00:00:00.000Z,ארצות הברית,562,992,1554
2021-07-13T00:00:00.000Z,ניו זילנד,0,4,4
2021-07-13T00:00:00.000Z,איי טורקס וקייקוס,1,0,1
2021-07-13T00:00:00.000Z,איטליה,250,59,309
2021-07-13T00:00:00.000Z,יוון,1798,175,1973
2021-07-13T00:00:00.000Z,דרום אפריקה,2,9,11
2021-07-13T00:00:00.000Z,קפריסין,551,107,658
2021-07-13T00:00:00.000Z,קנדה,6,118,124
2021-07-13T00:00:00.000Z,קוסטה ריקה,8,1,9
2021-07-13T00:00:00.000Z,סרי לנקה (צילון),0,1,1
2021-07-13T00:00:00.000Z,הממלכה המאוחדת,596,214,810
2021-07-13T00:00:00.000Z,ארמניה,2,2,4
2021-07-13T00:00:00.000Z,בלגיה,3,6,9
2021-07-13T00:00:00.000Z,אתיופיה,6,10,16
2021-07-13T00:00:00.000Z,ליטא,3,0,3
2021-07-13T00:00:00.000Z,ספרד,224,46,270
2021-07-13T00:00:00.000Z,בילורוסיה,2,0,2
2021-07-13T00:00:00.000Z,אוגנדה,0,1,1
2021-07-13T00:00:00.000Z,צרפת,300,246,546
2021-07-13T00:00:00.000Z,הרפ הדומיניקנית,1,0,1
2021-07-13T00:00:00.000Z,מרוקו,1,1,2
2021-07-13T00:00:00.000Z,שוודיה,5,6,11
2021-07-13T00:00:00.000Z,רפ מרכז אפריקנית,3,0,3
2021-07-13T00:00:00.000Z,איסלנד,92,3,95
2021-07-13T00:00:00.000Z,אקואדור,1,1,2
2021-07-13T00:00:00.000Z,ירדן,70,53,123
2021-07-13T00:00:00.000Z,איחוד האמירויות הערב,37,12,49
2021-07-13T00:00:00.000Z,דנמרק,6,3,9
2021-07-13T00:00:00.000Z,סרביה,67,9,76
2021-07-13T00:00:00.000Z,אורגוואי,0,3,3
2021-07-13T00:00:00.000Z,זאיר,1,1,2
2021-07-13T00:00:00.000Z,הונגריה,110,64,174
2021-07-13T00:00:00.000Z,הונג קונג,3,12,15
2021-07-13T00:00:00.000Z,פינלנד,1,3,4
2021-07-13T00:00:00.000Z,לטביה,36,10,46
2021-07-13T00:00:00.000Z,מקסיקו,5,5,10
2021-07-13T00:00:00.000Z,צכיה,169,11,180
2021-07-13T00:00:00.000Z,אזרביג'אן,5,0,5
2021-07-13T00:00:00.000Z,גאורגיה,330,47,377
2021-07-13T00:00:00.000Z,קוסובו,1,2,3
2021-07-13T00:00:00.000Z,מצרים,441,118,559
2021-07-13T00:00:00.000Z,תורכיה,828,512,1340
2021-07-13T00:00:00.000Z,איי סיישל,4,5,9
2021-07-13T00:00:00.000Z,רוסיה,13,16,29
2021-07-13T00:00:00.000Z,בוסניה הרצגובינה,3,5,8
2021-07-13T00:00:00.000Z,אוסטרליה,5,3,8
2021-07-13T00:00:00.000Z,תורכמניסטאן,12,5,17
2021-07-13T00:00:00.000Z,אנגולה,1,0,1
2021-07-13T00:00:00.000Z,פנמה,4,11,15
2021-07-13T00:00:00.000Z,הולנד,293,49,342
2021-07-13T00:00:00.000Z,אוזבקיסטן,0,3,3
2021-07-13T00:00:00.000Z,שוויץ,145,74,219
2021-07-13T00:00:00.000Z,מולדובה,54,18,72
2021-07-13T00:00:00.000Z,אלבניה,89,5,94
2021-07-13T00:00:00.000Z,קרואטיה,9,4,13
2021-07-13T00:00:00.000Z,קוריאה הדרומית,1,0,1
2021-07-13T00:00:00.000Z,ניגריה,7,0,7
2021-07-13T00:00:00.000Z,טנזניה,8,0,8
2021-07-13T00:00:00.000Z,אסטוניה,22,4,26
2021-07-13T00:00:00.000Z,מלדיבים,20,7,27
2021-07-13T00:00:00.000Z,פולין,146,22,168
2021-07-13T00:00:00.000Z,גאנה,1,1,2
2021-07-13T00:00:00.000Z,תאילנד,10,223,233
2021-07-13T00:00:00.000Z,סלובניה,1,0,1
2021-07-13T00:00:00.000Z,רומניה,213,101,314
2021-07-13T00:00:00.000Z,אפגניסטן,3,0,3
2021-07-14T00:00:00.000Z,ונצואלה,0,8,8
2021-07-14T00:00:00.000Z,רוסיה,32,42,74
2021-07-14T00:00:00.000Z,איי סיישל,63,12,75
2021-07-14T00:00:00.000Z,הודו,0,9,9
2021-07-14T00:00:00.000Z,מקדוניה,1,0,1
2021-07-14T00:00:00.000Z,אוגנדה,3,0,3
2021-07-14T00:00:00.000Z,איטליה,328,107,435
2021-07-14T00:00:00.000Z,אזרביג'אן,10,3,13
2021-07-14T00:00:00.000Z,רומניה,337,181,518
2021-07-14T00:00:00.000Z,סלובניה,97,40,137
2021-07-14T00:00:00.000Z,אורגוואי,1,1,2
2021-07-14T00:00:00.000Z,קפריסין,325,106,431
2021-07-14T00:00:00.000Z,אוסטרליה,1,16,17
2021-07-14T00:00:00.000Z,פורטוגל,105,27,132
2021-07-14T00:00:00.000Z,שוויץ,101,66,167
2021-07-14T00:00:00.000Z,פנמה,0,2,2
2021-07-14T00:00:00.000Z,פורטו ריקו,0,4,4
2021-07-14T00:00:00.000Z,בלגיה,81,60,141
2021-07-14T00:00:00.000Z,הממלכה המאוחדת,191,155,346
2021-07-14T00:00:00.000Z,שוודיה,6,5,11
2021-07-14T00:00:00.000Z,גרמניה,340,150,490
2021-07-14T00:00:00.000Z,אירלנד,6,2,8
2021-07-14T00:00:00.000Z,ארצות הברית,684,1208,1892
2021-07-14T00:00:00.000Z,אינדונזיה,2,0,2
2021-07-14T00:00:00.000Z,בוטסואנה,1,0,1
2021-07-14T00:00:00.000Z,גאנה,3,1,4
2021-07-14T00:00:00.000Z,צכיה,54,8,62
2021-07-14T00:00:00.000Z,אסטוניה,2,0,2
2021-07-14T00:00:00.000Z,מיאנמר (בורמה),0,1,1
2021-07-14T00:00:00.000Z,יוון,1183,163,1346
2021-07-14T00:00:00.000Z,גאורגיה,290,53,343
2021-07-14T00:00:00.000Z,בילורוסיה,96,66,162
2021-07-14T00:00:00.000Z,מרוקו,3,1,4
2021-07-14T00:00:00.000Z,מקסיקו,1,10,11
2021-07-14T00:00:00.000Z,סרי לנקה (צילון),0,2,2
2021-07-14T00:00:00.000Z,קמבודיה,0,10,10
2021-07-14T00:00:00.000Z,ירדן,89,68,157
2021-07-14T00:00:00.000Z,פרו,1,7,8
2021-07-14T00:00:00.000Z,מלדיבים,3,0,3
2021-07-14T00:00:00.000Z,תורכמניסטאן,11,5,16
2021-07-14T00:00:00.000Z,יפן,0,4,4
2021-07-14T00:00:00.000Z,הולנד,287,107,394
2021-07-14T00:00:00.000Z,אוזבקיסטן,2,2,4
2021-07-14T00:00:00.000Z,סלובקיה,1,0,1
2021-07-14T00:00:00.000Z,פולין,79,9,88
2021-07-14T00:00:00.000Z,צרפת,482,547,1029
2021-07-14T00:00:00.000Z,אלבניה,1,0,1
2021-07-14T00:00:00.000Z,ספרד,125,44,169
2021-07-14T00:00:00.000Z,נורבגיה,1,4,5
2021-07-14T00:00:00.000Z,סרביה,51,14,65
2021-07-14T00:00:00.000Z,קירג'זסטאן,14,1,15
2021-07-14T00:00:00.000Z,מונטנגרו,133,7,140
2021-07-14T00:00:00.000Z,כלל המדינות,8768,5300,14068
2021-07-14T00:00:00.000Z,קזחסטאן,6,4,10
2021-07-14T00:00:00.000Z,ניגריה,1,0,1
2021-07-14T00:00:00.000Z,איחוד האמירויות הערב,89,24,113
2021-07-14T00:00:00.000Z,האנטילים ההולנדים,2,0,2
2021-07-14T00:00:00.000Z,תורכיה,849,537,1386
2021-07-14T00:00:00.000Z,מלטה,8,0,8
2021-07-14T00:00:00.000Z,תאילנד,1,5,6
2021-07-14T00:00:00.000Z,ארמניה,1,0,1
2021-07-14T00:00:00.000Z,ליבריה,0,1,1
2021-07-14T00:00:00.000Z,ברזיל,2,5,7
2021-07-14T00:00:00.000Z,בולגריה,231,43,274
2021-07-14T00:00:00.000Z,אוסטריה,235,61,296
2021-07-14T00:00:00.000Z,קוסטה ריקה,13,0,13
2021-07-14T00:00:00.000Z,ערב הסעודית,0,1,1
2021-07-14T00:00:00.000Z,טנזניה,97,10,107
2021-07-14T00:00:00.000Z,פרגוואי,1,1,2
2021-07-14T00:00:00.000Z,קוסובו,1,1,2
2021-07-14T00:00:00.000Z,סין,3,32,35
2021-07-14T00:00:00.000Z,קניה,3,2,5
2021-07-14T00:00:00.000Z,מצרים,379,124,503
2021-07-14T00:00:00.000Z,אוקראינה,360,234,594
2021-07-14T00:00:00.000Z,זמביה,2,0,2
2021-07-14T00:00:00.000Z,דרום אפריקה,1,2,3
2021-07-14T00:00:00.000Z,אתיופיה,6,2,8
2021-07-14T00:00:00.000Z,פינלנד,0,2,2
2021-07-14T00:00:00.000Z,סינגפור,1,1,2
2021-07-14T00:00:00.000Z,ארגנטינה,2,2,4
2021-07-14T00:00:00.000Z,דנמרק,16,14,30
2021-07-14T00:00:00.000Z,קנדה,15,149,164
2021-07-14T00:00:00.000Z,הונגריה,54,50,104
2021-07-14T00:00:00.000Z,איסלנד,19,1,20
2021-07-14T00:00:00.000Z,קרואטיה,16,12,28
2021-07-14T00:00:00.000Z,פיליפינים,0,8,8
2021-07-15T00:00:00.000Z,פרו,4,0,4
2021-07-15T00:00:00.000Z,רוסיה,67,141,208
2021-07-15T00:00:00.000Z,צ'ילה,1,0,1
2021-07-15T00:00:00.000Z,ירדן,267,133,400
2021-07-15T00:00:00.000Z,אסטוניה,1,1,2
2021-07-15T00:00:00.000Z,אוזבקיסטן,5,3,8
2021-07-15T00:00:00.000Z,אתיופיה,31,5,36
2021-07-15T00:00:00.000Z,דרום אפריקה,1,3,4
2021-07-15T00:00:00.000Z,פורטוגל,15,6,21
2021-07-15T00:00:00.000Z,אוסטריה,107,35,142
2021-07-15T00:00:00.000Z,איטליה,357,109,466
2021-07-15T00:00:00.000Z,מרוקו,7,11,18
2021-07-15T00:00:00.000Z,נפאל,1,0,1
2021-07-15T00:00:00.000Z,אוסטרליה,1,0,1
2021-07-15T00:00:00.000Z,סוריה,6,6,12
2021-07-15T00:00:00.000Z,איי גילברט ואליס,1,0,1
2021-07-15T00:00:00.000Z,חוף השנהב,3,0,3
2021-07-15T00:00:00.000Z,צאד,2,1,3
2021-07-15T00:00:00.000Z,קירג'זסטאן,34,2,36
2021-07-15T00:00:00.000Z,יוון,2130,370,2500
2021-07-15T00:00:00.000Z,הולנד,140,50,190
2021-07-15T00:00:00.000Z,יפן,1,1,2
2021-07-15T00:00:00.000Z,הודו,1,0,1
2021-07-15T00:00:00.000Z,זאיר,2,1,3
2021-07-15T00:00:00.000Z,אקואדור,2,1,3
2021-07-15T00:00:00.000Z,איי סיישל,2,0,2
2021-07-15T00:00:00.000Z,צרפת,479,397,876
2021-07-15T00:00:00.000Z,רומניה,191,84,275
2021-07-15T00:00:00.000Z,סין,0,5,5
2021-07-15T00:00:00.000Z,ארמניה,4,4,8
2021-07-15T00:00:00.000Z,גאנה,2,1,3
2021-07-15T00:00:00.000Z,אירלנד,2,3,5
2021-07-15T00:00:00.000Z,קניה,5,1,6
2021-07-15T00:00:00.000Z,אורגוואי,0,2,2
2021-07-15T00:00:00.000Z,ארצות הברית,731,1397,2128
2021-07-15T00:00:00.000Z,בלגיה,32,48,80
2021-07-15T00:00:00.000Z,פינלנד,4,0,4
2021-07-15T00:00:00.000Z,רואנדה,2,0,2
2021-07-15T00:00:00.000Z,ברזיל,1,3,4
2021-07-15T00:00:00.000Z,הונגריה,150,121,271
2021-07-15T00:00:00.000Z,קרואטיה,4,0,4
2021-07-15T00:00:00.000Z,בולגריה,433,80,513
2021-07-15T00:00:00.000Z,קולומביה,2,11,13
2021-07-15T00:00:00.000Z,אלבניה,33,5,38
2021-07-15T00:00:00.000Z,מקדוניה,2,0,2
2021-07-15T00:00:00.000Z,לסוטו,1,0,1
2021-07-15T00:00:00.000Z,מולדובה,102,51,153
2021-07-15T00:00:00.000Z,בוליביה,3,0,3
2021-07-15T00:00:00.000Z,כלל המדינות,10996,6185,17181
2021-07-15T00:00:00.000Z,איסלנד,109,5,114
2021-07-15T00:00:00.000Z,אנגולה,1,0,1
2021-07-15T00:00:00.000Z,תורכיה,908,487,1395
2021-07-15T00:00:00.000Z,טנזניה,6,1,7
2021-07-15T00:00:00.000Z,מונטנגרו,3,0,3
2021-07-15T00:00:00.000Z,ארגנטינה,1,55,56
2021-07-15T00:00:00.000Z,ספרד,272,95,367
2021-07-15T00:00:00.000Z,שוויץ,156,98,254
2021-07-15T00:00:00.000Z,תורכמניסטאן,10,9,19
2021-07-15T00:00:00.000Z,קנדה,4,11,15
2021-07-15T00:00:00.000Z,אוגנדה,1,0,1
2021-07-15T00:00:00.000Z,לטביה,2,0,2
2021-07-15T00:00:00.000Z,מצרים,438,181,619
2021-07-15T00:00:00.000Z,מלדיבים,8,1,9
2021-07-15T00:00:00.000Z,זמביה,10,6,16
2021-07-15T00:00:00.000Z,פנמה,7,34,41
2021-07-15T00:00:00.000Z,ליטא,80,10,90
2021-07-15T00:00:00.000Z,תוניסיה,1,0,1
2021-07-15T00:00:00.000Z,קזחסטאן,52,10,62
2021-07-15T00:00:00.000Z,דרום סודאן,1,0,1
2021-07-15T00:00:00.000Z,מוזמביק,1,1,2
2021-07-15T00:00:00.000Z,טיוואן,1,3,4
2021-07-15T00:00:00.000Z,פיליפינים,0,15,15
2021-07-15T00:00:00.000Z,אלגיריה,0,1,1
2021-07-15T00:00:00.000Z,סרביה,3,3,6
2021-07-15T00:00:00.000Z,בחריין,7,0,7
2021-07-15T00:00:00.000Z,תאילנד,30,36,66
2021-07-15T00:00:00.000Z,גרמניה,283,145,428
2021-07-15T00:00:00.000Z,דנמרק,10,18,28
2021-07-15T00:00:00.000Z,אזרביג'אן,10,0,10
2021-07-15T00:00:00.000Z,הממלכה המאוחדת,287,422,709
2021-07-15T00:00:00.000Z,הרפ הדומיניקנית,2,0,2
2021-07-15T00:00:00.000Z,ניגריה,2,2,4
2021-07-15T00:00:00.000Z,איי טורקס וקייקוס,2,0,2
2021-07-15T00:00:00.000Z,אוקראינה,244,186,430
2021-07-15T00:00:00.000Z,שוודיה,16,6,22
2021-07-15T00:00:00.000Z,גווטאמלה,3,0,3
2021-07-15T00:00:00.000Z,קמרון,1,0,1
2021-07-15T00:00:00.000Z,האנטילים ההולנדים,3,1,4
2021-07-15T00:00:00.000Z,זימבאבווה,1,0,1
2021-07-15T00:00:00.000Z,בוטסואנה,1,0,1
2021-07-15T00:00:00.000Z,סינגפור,1,0,1
2021-07-15T00:00:00.000Z,פולין,96,41,137
2021-07-15T00:00:00.000Z,צכיה,51,15,66
2021-07-15T00:00:00.000Z,מקסיקו,0,3,3
2021-07-15T00:00:00.000Z,גאורגיה,719,141,860
2021-07-15T00:00:00.000Z,איחוד האמירויות הערב,179,69,248
2021-07-15T00:00:00.000Z,קפריסין,468,126,594
2021-07-15T00:00:00.000Z,מלטה,3,1,4
2021-07-15T00:00:00.000Z,דומיניקה,1,0,1
2021-07-15T00:00:00.000Z,קוסטה ריקה,8,1,9
2021-07-15T00:00:00.000Z,נמיביה,4,0,4
2021-07-16T00:00:00.000Z,אלבניה,2,3,5
2021-07-16T00:00:00.000Z,קולומביה,0,1,1
2021-07-16T00:00:00.000Z,ניגריה,11,5,16
2021-07-16T00:00:00.000Z,אנגולה,2,0,2
2021-07-16T00:00:00.000Z,פרגוואי,0,1,1
2021-07-16T00:00:00.000Z,פיליפינים,1,2,3
2021-07-16T00:00:00.000Z,דנמרק,8,5,13
2021-07-16T00:00:00.000Z,תורכמניסטאן,7,2,9
2021-07-16T00:00:00.000Z,גאורגיה,305,60,365
2021-07-16T00:00:00.000Z,תורכיה,969,480,1449
2021-07-16T00:00:00.000Z,רוסיה,42,27,69
2021-07-16T00:00:00.000Z,ברזיל,3,5,8
2021-07-16T00:00:00.000Z,יוון,1907,261,2168
2021-07-16T00:00:00.000Z,ארצות הברית,1050,1201,2251
2021-07-16T00:00:00.000Z,מולדובה,4,1,5
2021-07-16T00:00:00.000Z,סין,0,7,7
2021-07-16T00:00:00.000Z,טנזניה,1,0,1
2021-07-16T00:00:00.000Z,קירג'זסטאן,1,0,1
2021-07-16T00:00:00.000Z,גינאה,1,0,1
2021-07-16T00:00:00.000Z,מלטה,10,0,10
2021-07-16T00:00:00.000Z,לטביה,1,0,1
2021-07-16T00:00:00.000Z,פורטוגל,24,6,30
2021-07-16T00:00:00.000Z,הונגריה,59,40,99
2021-07-16T00:00:00.000Z,צ'ילה,4,0,4
2021-07-16T00:00:00.000Z,בורקינה פאסו,1,0,1
2021-07-16T00:00:00.000Z,יפן,0,10,10
2021-07-16T00:00:00.000Z,פנמה,3,0,3
2021-07-16T00:00:00.000Z,ונצואלה,0,3,3
2021-07-16T00:00:00.000Z,קניה,1,1,2
2021-07-16T00:00:00.000Z,איטליה,279,61,340
2021-07-16T00:00:00.000Z,פינלנד,55,21,76
2021-07-16T00:00:00.000Z,אורגוואי,4,2,6
2021-07-16T00:00:00.000Z,מלדיבים,21,6,27
2021-07-16T00:00:00.000Z,כלל המדינות,10206,4775,14981
2021-07-16T00:00:00.000Z,ארגנטינה,1,0,1
2021-07-16T00:00:00.000Z,פרו,1,0,1
2021-07-16T00:00:00.000Z,קנדה,19,136,155
2021-07-16T00:00:00.000Z,ארמניה,2,0,2
2021-07-16T00:00:00.000Z,אוסטריה,385,89,474
2021-07-16T00:00:00.000Z,אזרביג'אן,17,2,19
2021-07-16T00:00:00.000Z,שוודיה,12,3,15
2021-07-16T00:00:00.000Z,חוף השנהב,4,0,4
2021-07-16T00:00:00.000Z,הממלכה המאוחדת,199,205,404
2021-07-16T00:00:00.000Z,הולנד,209,105,314
2021-07-16T00:00:00.000Z,איחוד האמירויות הערב,22,19,41
2021-07-16T00:00:00.000Z,שוויץ,317,159,476
2021-07-16T00:00:00.000Z,גמייקה,1,0,1
2021-07-16T00:00:00.000Z,גרמניה,445,184,629
2021-07-16T00:00:00.000Z,מקסיקו,2,2,4
2021-07-16T00:00:00.000Z,גויאנה הצרפתית,1,0,1
2021-07-16T00:00:00.000Z,נורבגיה,2,1,3
2021-07-16T00:00:00.000Z,עירק,1,0,1
2021-07-16T00:00:00.000Z,צרפת,213,163,376
2021-07-16T00:00:00.000Z,סרי לנקה (צילון),1,1,2
2021-07-16T00:00:00.000Z,מקדוניה,3,0,3
2021-07-16T00:00:00.000Z,בוליביה,1,0,1
2021-07-16T00:00:00.000Z,אוקראינה,399,199,598
2021-07-16T00:00:00.000Z,תאילנד,1,0,1
2021-07-16T00:00:00.000Z,מצרים,439,201,640
2021-07-16T00:00:00.000Z,קזחסטאן,2,2,4
2021-07-16T00:00:00.000Z,קוסטה ריקה,18,1,19
2021-07-16T00:00:00.000Z,פולין,172,12,184
2021-07-16T00:00:00.000Z,בלגיה,80,50,130
2021-07-16T00:00:00.000Z,בוסניה הרצגובינה,3,0,3
2021-07-16T00:00:00.000Z,מרוקו,5,7,12
2021-07-16T00:00:00.000Z,נפאל,1,2,3
2021-07-16T00:00:00.000Z,צכיה,182,34,216
2021-07-16T00:00:00.000Z,טיוואן,0,1,1
2021-07-16T00:00:00.000Z,ירדן,0,43,43
2021-07-16T00:00:00.000Z,לוכסמבורג,3,3,6
2021-07-16T00:00:00.000Z,סרביה,64,9,73
2021-07-16T00:00:00.000Z,אירלנד,2,9,11
2021-07-16T00:00:00.000Z,קפריסין,425,91,516
2021-07-16T00:00:00.000Z,ספרד,246,70,316
2021-07-16T00:00:00.000Z,איסלנד,7,0,7
2021-07-16T00:00:00.000Z,רומניה,277,85,362
2021-07-16T00:00:00.000Z,מונטנגרו,171,12,183
2021-07-16T00:00:00.000Z,אוסטרליה,0,2,2
2021-07-16T00:00:00.000Z,קרואטיה,18,5,23
2021-07-16T00:00:00.000Z,איי טורקס וקייקוס,4,3,7
2021-07-16T00:00:00.000Z,בולגריה,250,58,308
2021-07-16T00:00:00.000Z,אוזבקיסטן,5,1,6
2021-07-17T00:00:00.000Z,טנזניה,11,2,13
2021-07-17T00:00:00.000Z,אזרביג'אן,4,1,5
2021-07-17T00:00:00.000Z,איחוד האמירויות הערב,15,11,26
2021-07-17T00:00:00.000Z,קטר,0,2,2
2021-07-17T00:00:00.000Z,בוסניה הרצגובינה,3,4,7
2021-07-17T00:00:00.000Z,אירלנד,0,2,2
2021-07-17T00:00:00.000Z,אנגולה,2,0,2
2021-07-17T00:00:00.000Z,נורבגיה,1,5,6
2021-07-17T00:00:00.000Z,מלדיבים,7,2,9
2021-07-17T00:00:00.000Z,גאנה,10,4,14
2021-07-17T00:00:00.000Z,ערב הסעודית,1,0,1
2021-07-17T00:00:00.000Z,הונג קונג,0,1,1
2021-07-17T00:00:00.000Z,הממלכה המאוחדת,79,128,207
2021-07-17T00:00:00.000Z,מרוקו,0,1,1
2021-07-17T00:00:00.000Z,דרום אפריקה,2,12,14
2021-07-17T00:00:00.000Z,פולין,163,20,183
2021-07-17T00:00:00.000Z,פיליפינים,0,14,14
2021-07-17T00:00:00.000Z,בולגריה,91,18,109
2021-07-17T00:00:00.000Z,יוון,1361,158,1519
2021-07-17T00:00:00.000Z,ליטא,4,1,5
2021-07-17T00:00:00.000Z,ברזיל,0,1,1
2021-07-17T00:00:00.000Z,קולומביה,2,4,6
2021-07-17T00:00:00.000Z,קוריאה הדרומית,0,4,4
2021-07-17T00:00:00.000Z,ארצות הברית,474,868,1342
2021-07-17T00:00:00.000Z,סרביה,39,6,45
2021-07-17T00:00:00.000Z,אוסטריה,208,35,243
2021-07-17T00:00:00.000Z,קנדה,1,5,6
2021-07-17T00:00:00.000Z,פורטוגל,26,4,30
2021-07-17T00:00:00.000Z,הולנד,183,47,230
2021-07-17T00:00:00.000Z,צרפת,114,63,177
2021-07-17T00:00:00.000Z,סינגפור,2,6,8
2021-07-17T00:00:00.000Z,גרמניה,265,163,428
2021-07-17T00:00:00.000Z,גאורגיה,107,25,132
2021-07-17T00:00:00.000Z,ניגריה,7,3,10
2021-07-17T00:00:00.000Z,ארמניה,0,6,6
2021-07-17T00:00:00.000Z,סרי לנקה (צילון),1,0,1
2021-07-17T00:00:00.000Z,סלובקיה,3,0,3
2021-07-17T00:00:00.000Z,דרום סודאן,1,0,1
2021-07-17T00:00:00.000Z,מלאווי,1,0,1
2021-07-17T00:00:00.000Z,רואנדה,2,2,4
2021-07-17T00:00:00.000Z,לסוטו,1,0,1
2021-07-17T00:00:00.000Z,אסטוניה,7,2,9
2021-07-17T00:00:00.000Z,צכיה,3,11,14
2021-07-17T00:00:00.000Z,נמיביה,19,0,19
2021-07-17T00:00:00.000Z,אוסטרליה,1,1,2
2021-07-17T00:00:00.000Z,תורכיה,958,558,1516
2021-07-17T00:00:00.000Z,תורכמניסטאן,7,3,10
2021-07-17T00:00:00.000Z,הונגריה,72,16,88
2021-07-17T00:00:00.000Z,מונטנגרו,80,3,83
2021-07-17T00:00:00.000Z,קרואטיה,24,3,27
2021-07-17T00:00:00.000Z,רוסיה,1,0,1
2021-07-17T00:00:00.000Z,רומניה,297,85,382
2021-07-17T00:00:00.000Z,איטליה,272,78,350
2021-07-17T00:00:00.000Z,שוודיה,4,8,12
2021-07-17T00:00:00.000Z,שוויץ,86,40,126
2021-07-17T00:00:00.000Z,מולדובה,51,53,104
2021-07-17T00:00:00.000Z,יפן,1,0,1
2021-07-17T00:00:00.000Z,פינלנד,9,10,19
2021-07-17T00:00:00.000Z,אתיופיה,27,6,33
2021-07-17T00:00:00.000Z,אוזבקיסטן,0,5,5
2021-07-17T00:00:00.000Z,מצרים,604,202,806
2021-07-17T00:00:00.000Z,קזחסטאן,1,0,1
2021-07-17T00:00:00.000Z,סלובניה,4,0,4
2021-07-17T00:00:00.000Z,האנטילים ההולנדים,3,1,4
2021-07-17T00:00:00.000Z,פרו,3,1,4
2021-07-17T00:00:00.000Z,קניה,11,1,12
2021-07-17T00:00:00.000Z,סין,1,4,5
2021-07-17T00:00:00.000Z,חוף השנהב,1,2,3
2021-07-17T00:00:00.000Z,כלל המדינות,6837,3372,10209
2021-07-17T00:00:00.000Z,לטביה,59,11,70
2021-07-17T00:00:00.000Z,ירדן,0,24,24
2021-07-17T00:00:00.000Z,ספרד,34,17,51
2021-07-17T00:00:00.000Z,דנמרק,23,9,32
2021-07-17T00:00:00.000Z,אוקראינה,170,53,223
2021-07-17T00:00:00.000Z,לוכסמבורג,1,2,3
2021-07-17T00:00:00.000Z,גמייקה,0,1,1
2021-07-17T00:00:00.000Z,איסלנד,65,0,65
2021-07-17T00:00:00.000Z,הרפ הדומיניקנית,1,1,2
2021-07-17T00:00:00.000Z,קפריסין,480,80,560
2021-07-18T00:00:00.000Z,אוזבקיסטן,2,1,3
2021-07-18T00:00:00.000Z,רואנדה,1,4,5
2021-07-18T00:00:00.000Z,פרו,1,3,4
2021-07-18T00:00:00.000Z,פורטוגל,12,0,12
2021-07-18T00:00:00.000Z,רוסיה,28,28,56
2021-07-18T00:00:00.000Z,ספרד,266,103,369
2021-07-18T00:00:00.000Z,נורבגיה,0,3,3
2021-07-18T00:00:00.000Z,גאורגיה,718,133,851
2021-07-18T00:00:00.000Z,ארגנטינה,0,1,1
2021-07-18T00:00:00.000Z,פולין,55,2,57
2021-07-18T00:00:00.000Z,אסטוניה,10,3,13
2021-07-18T00:00:00.000Z,דרום אפריקה,2,5,7
2021-07-18T00:00:00.000Z,פנמה,0,1,1
2021-07-18T00:00:00.000Z,אורגוואי,2,4,6
2021-07-18T00:00:00.000Z,מרוקו,5,0,5
2021-07-18T00:00:00.000Z,תורכמניסטאן,2,0,2
2021-07-18T00:00:00.000Z,הממלכה המאוחדת,272,279,551
2021-07-18T00:00:00.000Z,קפריסין,924,132,1056
2021-07-18T00:00:00.000Z,בילורוסיה,112,35,147
2021-07-18T00:00:00.000Z,מצרים,509,139,648
2021-07-18T00:00:00.000Z,ניגריה,4,1,5
2021-07-18T00:00:00.000Z,ליטא,64,8,72
2021-07-18T00:00:00.000Z,לבנון,0,2,2
2021-07-18T00:00:00.000Z,קנדה,13,116,129
2021-07-18T00:00:00.000Z,אוסטרליה,3,6,9
2021-07-18T00:00:00.000Z,איי טורקס וקייקוס,7,1,8
2021-07-18T00:00:00.000Z,שוויץ,236,121,357
2021-07-18T00:00:00.000Z,איטליה,450,86,536
2021-07-18T00:00:00.000Z,קזחסטאן,0,7,7
2021-07-18T00:00:00.000Z,בחריין,0,2,2
2021-07-18T00:00:00.000Z,גאנה,0,8,8
2021-07-18T00:00:00.000Z,איחוד האמירויות הערב,36,28,64
2021-07-18T00:00:00.000Z,מקדוניה,0,2,2
2021-07-18T00:00:00.000Z,קרואטיה,5,1,6
2021-07-18T00:00:00.000Z,קוסטה ריקה,6,0,6
2021-07-18T00:00:00.000Z,מלטה,1,0,1
2021-07-18T00:00:00.000Z,הונגריה,58,14,72
2021-07-18T00:00:00.000Z,תורכיה,1153,655,1808
2021-07-18T00:00:00.000Z,בלגיה,47,35,82
2021-07-18T00:00:00.000Z,ארמניה,1,0,1
2021-07-18T00:00:00.000Z,אוקראינה,361,191,552
2021-07-18T00:00:00.000Z,דנמרק,18,7,25
2021-07-18T00:00:00.000Z,סלובניה,2,0,2
2021-07-18T00:00:00.000Z,מלדיבים,27,4,31
2021-07-18T00:00:00.000Z,הולנד,92,53,145
2021-07-18T00:00:00.000Z,פיליפינים,1,0,1
2021-07-18T00:00:00.000Z,צרפת,413,291,704
2021-07-18T00:00:00.000Z,יפן,1,4,5
2021-07-18T00:00:00.000Z,בולגריה,499,49,548
2021-07-18T00:00:00.000Z,ארצות הברית,445,608,1053
2021-07-18T00:00:00.000Z,מאלי,1,3,4
2021-07-18T00:00:00.000Z,תאילנד,97,10,107
2021-07-18T00:00:00.000Z,צכיה,71,5,76
2021-07-18T00:00:00.000Z,עירק,1,0,1
2021-07-18T00:00:00.000Z,אזרביג'אן,28,25,53
2021-07-18T00:00:00.000Z,האנטילים ההולנדים,1,3,4
2021-07-18T00:00:00.000Z,סינגפור,0,1,1
2021-07-18T00:00:00.000Z,מולדובה,112,75,187
2021-07-18T00:00:00.000Z,איסלנד,38,1,39
2021-07-18T00:00:00.000Z,יוון,2841,262,3103
2021-07-18T00:00:00.000Z,סרביה,3,0,3
2021-07-18T00:00:00.000Z,רומניה,210,27,237
2021-07-18T00:00:00.000Z,כלל המדינות,11966,4688,16654
2021-07-18T00:00:00.000Z,גווטאמלה,0,1,1
2021-07-18T00:00:00.000Z,קוריאה הדרומית,4,7,11
2021-07-18T00:00:00.000Z,פינלנד,3,0,3
2021-07-18T00:00:00.000Z,הרפ הדומיניקנית,2,0,2
2021-07-18T00:00:00.000Z,ברזיל,2,3,5
2021-07-18T00:00:00.000Z,אוסטריה,169,19,188
2021-07-18T00:00:00.000Z,ירדן,241,149,390
2021-07-18T00:00:00.000Z,שוודיה,7,12,19
2021-07-18T00:00:00.000Z,מונטנגרו,1,0,1
2021-07-18T00:00:00.000Z,אלבניה,56,10,66
2021-07-18T00:00:00.000Z,בוסניה הרצגובינה,13,0,13
2021-07-18T00:00:00.000Z,צ'ילה,0,1,1
2021-07-18T00:00:00.000Z,קמרון,1,0,1
2021-07-18T00:00:00.000Z,גרמניה,310,256,566
2021-07-18T00:00:00.000Z,ראוניון,1,0,1
2021-07-18T00:00:00.000Z,קירג'זסטאן,5,0,5
2021-07-18T00:00:00.000Z,ניגר,0,1,1
2021-07-18T00:00:00.000Z,אירלנד,3,1,4
2021-07-19T00:00:00.000Z,אסטוניה,2,0,2
2021-07-19T00:00:00.000Z,זמביה,1,0,1
2021-07-19T00:00:00.000Z,נורבגיה,0,2,2
2021-07-19T00:00:00.000Z,אנגולה,3,0,3
2021-07-19T00:00:00.000Z,קפריסין,655,117,772
2021-07-19T00:00:00.000Z,פינלנד,6,1,7
2021-07-19T00:00:00.000Z,פנמה,9,10,19
2021-07-19T00:00:00.000Z,מלדיבים,48,2,50
2021-07-19T00:00:00.000Z,סין,0,3,3
2021-07-19T00:00:00.000Z,ליטא,5,1,6
2021-07-19T00:00:00.000Z,גאורגיה,629,76,705
2021-07-19T00:00:00.000Z,רואנדה,3,0,3
2021-07-19T00:00:00.000Z,טיוואן,0,1,1
2021-07-19T00:00:00.000Z,דנמרק,22,4,26
2021-07-19T00:00:00.000Z,דרום אפריקה,1,1,2
2021-07-19T00:00:00.000Z,לטביה,0,1,1
2021-07-19T00:00:00.000Z,סלובקיה,0,1,1
2021-07-19T00:00:00.000Z,בולגריה,457,53,510
2021-07-19T00:00:00.000Z,בלגיה,32,36,68
2021-07-19T00:00:00.000Z,איסלנד,79,2,81
2021-07-19T00:00:00.000Z,רומניה,357,70,427
2021-07-19T00:00:00.000Z,אורגוואי,0,1,1
2021-07-19T00:00:00.000Z,מקסיקו,0,1,1
2021-07-19T00:00:00.000Z,תורכמניסטאן,10,9,19
2021-07-19T00:00:00.000Z,סרי לנקה (צילון),0,2,2
2021-07-19T00:00:00.000Z,לוכסמבורג,0,5,5
2021-07-19T00:00:00.000Z,איטליה,508,97,605
2021-07-19T00:00:00.000Z,הולנד,327,94,421
2021-07-19T00:00:00.000Z,ברזיל,1,12,13
2021-07-19T00:00:00.000Z,איי גילברט ואליס,1,0,1
2021-07-19T00:00:00.000Z,טוגו,1,0,1
2021-07-19T00:00:00.000Z,פרו,1,1,2
2021-07-19T00:00:00.000Z,הודו,17,11,28
2021-07-19T00:00:00.000Z,האנטילים ההולנדים,1,0,1
2021-07-19T00:00:00.000Z,מצרים,261,108,369
2021-07-19T00:00:00.000Z,אוקראינה,366,176,542
2021-07-19T00:00:00.000Z,רוסיה,68,84,152
2021-07-19T00:00:00.000Z,קנדה,2,5,7
2021-07-19T00:00:00.000Z,פורטוגל,112,14,126
2021-07-19T00:00:00.000Z,קזחסטאן,1,4,5
2021-07-19T00:00:00.000Z,קוריאה הדרומית,0,1,1
2021-07-19T00:00:00.000Z,אוסטריה,433,87,520
2021-07-19T00:00:00.000Z,פולין,102,10,112
2021-07-19T00:00:00.000Z,מלטה,2,0,2
2021-07-19T00:00:00.000Z,אקואדור,2,0,2
2021-07-19T00:00:00.000Z,ארצות הברית,647,1018,1665
2021-07-19T00:00:00.000Z,הונגריה,60,29,89
2021-07-19T00:00:00.000Z,אזרביג'אן,3,1,4
2021-07-19T00:00:00.000Z,צאד,1,0,1
2021-07-19T00:00:00.000Z,אוסטרליה,0,2,2
2021-07-19T00:00:00.000Z,צרפת,426,379,805
2021-07-19T00:00:00.000Z,סינגפור,0,5,5
2021-07-19T00:00:00.000Z,קולומביה,2,3,5
2021-07-19T00:00:00.000Z,סרביה,57,11,68
2021-07-19T00:00:00.000Z,קוסטה ריקה,8,2,10
2021-07-19T00:00:00.000Z,הממלכה המאוחדת,152,207,359
2021-07-19T00:00:00.000Z,גרמניה,369,157,526
2021-07-19T00:00:00.000Z,אינדונזיה,0,1,1
2021-07-19T00:00:00.000Z,איי סיישל,1,0,1
2021-07-19T00:00:00.000Z,מרוקו,2,4,6
2021-07-19T00:00:00.000Z,קירג'זסטאן,0,1,1
2021-07-19T00:00:00.000Z,בוטסואנה,2,0,2
2021-07-19T00:00:00.000Z,קרואטיה,33,2,35
2021-07-19T00:00:00.000Z,אירלנד,0,3,3
2021-07-19T00:00:00.000Z,ירדן,92,59,151
2021-07-19T00:00:00.000Z,אלבניה,1,0,1
2021-07-19T00:00:00.000Z,אתיופיה,15,9,24
2021-07-19T00:00:00.000Z,כלל המדינות,11072,4544,15616
2021-07-19T00:00:00.000Z,גאנה,1,7,8
2021-07-19T00:00:00.000Z,קניה,4,0,4
2021-07-19T00:00:00.000Z,יוון,2330,308,2638
2021-07-19T00:00:00.000Z,יפן,1,2,3
2021-07-19T00:00:00.000Z,זאיר,2,0,2
2021-07-19T00:00:00.000Z,פיליפינים,3,17,20
2021-07-19T00:00:00.000Z,הונג קונג,1,2,3
2021-07-19T00:00:00.000Z,צכיה,184,27,211
2021-07-19T00:00:00.000Z,שוודיה,13,4,17
2021-07-19T00:00:00.000Z,ארמניה,3,1,4
2021-07-19T00:00:00.000Z,ניגריה,6,1,7
2021-07-19T00:00:00.000Z,שוויץ,158,61,219
2021-07-19T00:00:00.000Z,טנזניה,3,2,5
2021-07-19T00:00:00.000Z,מאלי,1,0,1
2021-07-19T00:00:00.000Z,איחוד האמירויות הערב,33,14,47
2021-07-19T00:00:00.000Z,אוזבקיסטן,11,6,17
2021-07-19T00:00:00.000Z,ספרד,203,58,261
2021-07-19T00:00:00.000Z,מולדובה,0,1,1
2021-07-19T00:00:00.000Z,מקדוניה,5,0,5
2021-07-19T00:00:00.000Z,תורכיה,825,403,1228
2021-07-19T00:00:00.000Z,סנגל,1,0,1
2021-07-19T00:00:00.000Z,מונטנגרו,86,3,89
2021-07-20T00:00:00.000Z,דנמרק,13,4,17
2021-07-20T00:00:00.000Z,פולינזיה הצרפתית,1,0,1
2021-07-20T00:00:00.000Z,ספרד,244,132,376
2021-07-20T00:00:00.000Z,מונטנגרו,9,0,9
2021-07-20T00:00:00.000Z,בוטסואנה,1,0,1
2021-07-20T00:00:00.000Z,פיליפינים,2,12,14
2021-07-20T00:00:00.000Z,קמרון,3,2,5
2021-07-20T00:00:00.000Z,אנגולה,1,0,1
2021-07-20T00:00:00.000Z,אתיופיה,12,1,13
2021-07-20T00:00:00.000Z,פרו,4,0,4
2021-07-20T00:00:00.000Z,אלבניה,30,4,34
2021-07-20T00:00:00.000Z,אוקראינה,205,114,319
2021-07-20T00:00:00.000Z,גווטאמלה,0,3,3
2021-07-20T00:00:00.000Z,טוגו,1,0,1
2021-07-20T00:00:00.000Z,סלובניה,3,0,3
2021-07-20T00:00:00.000Z,אוזבקיסטן,3,4,7
2021-07-20T00:00:00.000Z,כלל המדינות,8131,4626,12757
2021-07-20T00:00:00.000Z,תאילנד,23,13,36
2021-07-20T00:00:00.000Z,שוודיה,6,4,10
2021-07-20T00:00:00.000Z,נורבגיה,0,1,1
2021-07-20T00:00:00.000Z,מולדובה,69,53,122
2021-07-20T00:00:00.000Z,איטליה,267,96,363
2021-07-20T00:00:00.000Z,פולין,296,31,327
2021-07-20T00:00:00.000Z,קטר,0,1,1
2021-07-20T00:00:00.000Z,בולגריה,199,39,238
2021-07-20T00:00:00.000Z,גינאה,1,0,1
2021-07-20T00:00:00.000Z,קוריאה הדרומית,1,0,1
2021-07-20T00:00:00.000Z,ניגריה,5,1,6
2021-07-20T00:00:00.000Z,שוויץ,147,146,293
2021-07-20T00:00:00.000Z,דרום אפריקה,1,5,6
2021-07-20T00:00:00.000Z,ארגנטינה,2,18,20
2021-07-20T00:00:00.000Z,קוסובו,1,0,1
2021-07-20T00:00:00.000Z,הממלכה המאוחדת,231,474,705
2021-07-20T00:00:00.000Z,סין,1,0,1
2021-07-20T00:00:00.000Z,אסטוניה,2,0,2
2021-07-20T00:00:00.000Z,איסלנד,60,0,60
2021-07-20T00:00:00.000Z,ירדן,33,9,42
2021-07-20T00:00:00.000Z,בלגיה,35,42,77
2021-07-20T00:00:00.000Z,אל סלבדור,2,0,2
2021-07-20T00:00:00.000Z,זאיר,0,1,1
2021-07-20T00:00:00.000Z,ארצות הברית,568,1237,1805
2021-07-20T00:00:00.000Z,צרפת,269,251,520
2021-07-20T00:00:00.000Z,ליטא,8,0,8
2021-07-20T00:00:00.000Z,יוון,1893,238,2131
2021-07-20T00:00:00.000Z,גרמניה,400,130,530
2021-07-20T00:00:00.000Z,סרי לנקה (צילון),0,11,11
2021-07-20T00:00:00.000Z,סרביה,42,8,50
2021-07-20T00:00:00.000Z,תורכיה,455,289,744
2021-07-20T00:00:00.000Z,נפאל,1,0,1
2021-07-20T00:00:00.000Z,רוסיה,21,75,96
2021-07-20T00:00:00.000Z,סיירה ליאונה,0,1,1
2021-07-20T00:00:00.000Z,צכיה,64,7,71
2021-07-20T00:00:00.000Z,ונצואלה,0,2,2
2021-07-20T00:00:00.000Z,הולנד,232,47,279
2021-07-20T00:00:00.000Z,טנזניה,4,1,5
2021-07-20T00:00:00.000Z,פינלנד,0,3,3
2021-07-20T00:00:00.000Z,אוסטריה,231,54,285
2021-07-20T00:00:00.000Z,קנדה,2,10,12
2021-07-20T00:00:00.000Z,קרואטיה,17,2,19
2021-07-20T00:00:00.000Z,רואנדה,2,1,3
2021-07-20T00:00:00.000Z,הונדורס,2,0,2
2021-07-20T00:00:00.000Z,הונגריה,63,36,99
2021-07-20T00:00:00.000Z,הרפ הדומיניקנית,5,0,5
2021-07-20T00:00:00.000Z,אקואדור,0,1,1
2021-07-20T00:00:00.000Z,ליבריה,0,5,5
2021-07-20T00:00:00.000Z,קולומביה,2,1,3
2021-07-20T00:00:00.000Z,קוסטה ריקה,2,4,6
2021-07-20T00:00:00.000Z,עירק,2,2,4
2021-07-20T00:00:00.000Z,קניה,2,6,8
2021-07-20T00:00:00.000Z,מקסיקו,1,43,44
2021-07-20T00:00:00.000Z,קירג'זסטאן,12,1,13
2021-07-20T00:00:00.000Z,ברזיל,0,13,13
2021-07-20T00:00:00.000Z,אירלנד,1,3,4
2021-07-20T00:00:00.000Z,יפן,1,1,2
2021-07-20T00:00:00.000Z,גאנה,3,0,3
2021-07-20T00:00:00.000Z,אזרביג'אן,6,2,8
2021-07-20T00:00:00.000Z,קפריסין,409,99,508
2021-07-20T00:00:00.000Z,בוסניה הרצגובינה,1,1,2
2021-07-20T00:00:00.000Z,ארמניה,2,1,3
2021-07-20T00:00:00.000Z,סלובקיה,1,0,1
2021-07-20T00:00:00.000Z,מלטה,4,0,4
2021-07-20T00:00:00.000Z,אורגוואי,2,8,10
2021-07-20T00:00:00.000Z,פורטוגל,65,12,77
2021-07-20T00:00:00.000Z,גיברלטר,0,2,2
2021-07-20T00:00:00.000Z,מלדיבים,20,3,23
2021-07-20T00:00:00.000Z,גאורגיה,312,67,379
2021-07-20T00:00:00.000Z,חוף השנהב,3,0,3
2021-07-20T00:00:00.000Z,אוסטרליה,2,0,2
2021-07-20T00:00:00.000Z,מצרים,0,1,1
2021-07-20T00:00:00.000Z,לטביה,44,13,57
2021-07-20T00:00:00.000Z,פנמה,3,10,13
2021-07-20T00:00:00.000Z,איי סיישל,2,1,3
2021-07-20T00:00:00.000Z,בורקינה פאסו,1,0,1
2021-07-20T00:00:00.000Z,בחריין,0,1,1
2021-07-20T00:00:00.000Z,רומניה,233,61,294
2021-07-20T00:00:00.000Z,פאפואה,2,0,2
2021-07-20T00:00:00.000Z,איחוד האמירויות הערב,11,11,22
2021-07-21T00:00:00.000Z,בלגיה,64,117,181
2021-07-21T00:00:00.000Z,תורכיה,1010,657,1667
2021-07-21T00:00:00.000Z,קוסטה ריקה,8,3,11
2021-07-21T00:00:00.000Z,גאנה,3,2,5
2021-07-21T00:00:00.000Z,פיליפינים,1,3,4
2021-07-21T00:00:00.000Z,סלובניה,76,8,84
2021-07-21T00:00:00.000Z,קרואטיה,13,3,16
2021-07-21T00:00:00.000Z,מרוקו,2,2,4
2021-07-21T00:00:00.000Z,מונטנגרו,133,4,137
2021-07-21T00:00:00.000Z,תאילנד,5,0,5
2021-07-21T00:00:00.000Z,פולין,76,8,84
2021-07-21T00:00:00.000Z,גיברלטר,0,5,5
2021-07-21T00:00:00.000Z,אזרביג'אן,8,0,8
2021-07-21T00:00:00.000Z,קזחסטאן,0,4,4
2021-07-21T00:00:00.000Z,פינלנד,10,0,10
2021-07-21T00:00:00.000Z,בילורוסיה,81,32,113
2021-07-21T00:00:00.000Z,אלבניה,5,2,7
2021-07-21T00:00:00.000Z,איסלנד,9,1,10
2021-07-21T00:00:00.000Z,יוון,990,143,1133
2021-07-21T00:00:00.000Z,סרביה,9,6,15
2021-07-21T00:00:00.000Z,אוסטריה,208,71,279
2021-07-21T00:00:00.000Z,ניגריה,5,0,5
2021-07-21T00:00:00.000Z,ארגנטינה,1,1,2
2021-07-21T00:00:00.000Z,בולגריה,293,42,335
2021-07-21T00:00:00.000Z,הונג קונג,0,2,2
2021-07-21T00:00:00.000Z,איי טורקס וקייקוס,2,2,4
2021-07-21T00:00:00.000Z,ארמניה,1,0,1
2021-07-21T00:00:00.000Z,ירדן,43,36,79
2021-07-21T00:00:00.000Z,ארצות הברית,572,1534,2106
2021-07-21T00:00:00.000Z,איחוד האמירויות הערב,11,18,29
2021-07-21T00:00:00.000Z,דרום סודאן,1,1,2
2021-07-21T00:00:00.000Z,הולנד,169,127,296
2021-07-21T00:00:00.000Z,תורכמניסטאן,12,13,25
2021-07-21T00:00:00.000Z,תוניסיה,1,0,1
2021-07-21T00:00:00.000Z,אוקראינה,350,201,551
2021-07-21T00:00:00.000Z,אנגולה,3,0,3
2021-07-21T00:00:00.000Z,גמביה,0,1,1
2021-07-21T00:00:00.000Z,מקסיקו,5,2,7
2021-07-21T00:00:00.000Z,מלטה,3,0,3
2021-07-21T00:00:00.000Z,שוודיה,2,5,7
2021-07-21T00:00:00.000Z,בוטסואנה,10,0,10
2021-07-21T00:00:00.000Z,אקואדור,2,1,3
2021-07-21T00:00:00.000Z,טיוואן,0,1,1
2021-07-21T00:00:00.000Z,מלדיבים,14,2,16
2021-07-21T00:00:00.000Z,איטליה,394,124,518
2021-07-21T00:00:00.000Z,אוזבקיסטן,7,7,14
2021-07-21T00:00:00.000Z,לבנון,0,2,2
2021-07-21T00:00:00.000Z,גאורגיה,354,74,428
2021-07-21T00:00:00.000Z,סרי לנקה (צילון),4,0,4
2021-07-21T00:00:00.000Z,סוריה,1,1,2
2021-07-21T00:00:00.000Z,קנדה,23,149,172
2021-07-21T00:00:00.000Z,מצרים,200,138,338
2021-07-21T00:00:00.000Z,קפריסין,400,121,521
2021-07-21T00:00:00.000Z,קירג'זסטאן,1,0,1
2021-07-21T00:00:00.000Z,יפן,1,2,3
2021-07-21T00:00:00.000Z,טנזניה,124,19,143
2021-07-21T00:00:00.000Z,הממלכה המאוחדת,212,469,681
2021-07-21T00:00:00.000Z,ונצואלה,0,3,3
2021-07-21T00:00:00.000Z,רוסיה,40,33,73
2021-07-21T00:00:00.000Z,פרו,2,1,3
2021-07-21T00:00:00.000Z,פנמה,0,2,2
2021-07-21T00:00:00.000Z,סיירה ליאונה,0,1,1
2021-07-21T00:00:00.000Z,אורגוואי,0,1,1
2021-07-21T00:00:00.000Z,רומניה,222,51,273
2021-07-21T00:00:00.000Z,אוסטרליה,4,6,10
2021-07-21T00:00:00.000Z,ספרד,104,41,145
2021-07-21T00:00:00.000Z,אסטוניה,15,1,16
2021-07-21T00:00:00.000Z,אתיופיה,17,3,20
2021-07-21T00:00:00.000Z,צכיה,150,7,157
2021-07-21T00:00:00.000Z,דרום אפריקה,2,13,15
2021-07-21T00:00:00.000Z,הונגריה,39,22,61
2021-07-21T00:00:00.000Z,ויטנאם,1,3,4
2021-07-21T00:00:00.000Z,מולדובה,0,1,1
2021-07-21T00:00:00.000Z,קוריאה הדרומית,2,10,12
2021-07-21T00:00:00.000Z,סין,5,35,40
2021-07-21T00:00:00.000Z,דנמרק,8,11,19
2021-07-21T00:00:00.000Z,שוויץ,112,111,223
2021-07-21T00:00:00.000Z,ברזיל,2,11,13
2021-07-21T00:00:00.000Z,נורבגיה,1,0,1
2021-07-21T00:00:00.000Z,איי סיישל,26,1,27
2021-07-21T00:00:00.000Z,פורטוגל,103,41,144
2021-07-21T00:00:00.000Z,ליטא,2,0,2
2021-07-21T00:00:00.000Z,סינגפור,1,0,1
2021-07-21T00:00:00.000Z,גרמניה,374,195,569
2021-07-21T00:00:00.000Z,קניה,5,0,5
2021-07-21T00:00:00.000Z,אירלנד,1,0,1
2021-07-21T00:00:00.000Z,בורקינה פאסו,1,0,1
2021-07-21T00:00:00.000Z,ליבריה,1,0,1
2021-07-21T00:00:00.000Z,צרפת,447,642,1089
2021-07-21T00:00:00.000Z,זאיר,1,0,1
2021-07-21T00:00:00.000Z,אוגנדה,3,0,3
2021-07-21T00:00:00.000Z,רואנדה,1,0,1
2021-07-21T00:00:00.000Z,כלל המדינות,8277,6158,14435
2021-07-22T00:00:00.000Z,מצרים,447,434,881
2021-07-22T00:00:00.000Z,דרום אפריקה,3,12,15
2021-07-22T00:00:00.000Z,איחוד האמירויות הערב,21,8,29
2021-07-22T00:00:00.000Z,פיליפינים,2,6,8
2021-07-22T00:00:00.000Z,חוף השנהב,1,0,1
2021-07-22T00:00:00.000Z,בורקינה פאסו,1,0,1
2021-07-22T00:00:00.000Z,גמייקה,1,0,1
2021-07-22T00:00:00.000Z,מונטנגרו,1,0,1
2021-07-22T00:00:00.000Z,אירלנד,0,4,4
2021-07-22T00:00:00.000Z,לסוטו,0,1,1
2021-07-22T00:00:00.000Z,כלל המדינות,13372,8670,22042
2021-07-22T00:00:00.000Z,אוסטרליה,1,4,5
2021-07-22T00:00:00.000Z,שוויץ,134,69,203
2021-07-22T00:00:00.000Z,ארמניה,8,9,17
2021-07-22T00:00:00.000Z,טוגו,3,0,3
2021-07-22T00:00:00.000Z,מרוקו,3,0,3
2021-07-22T00:00:00.000Z,הולנד,244,70,314
2021-07-22T00:00:00.000Z,איי קוק,1,0,1
2021-07-22T00:00:00.000Z,איסלנד,122,1,123
2021-07-22T00:00:00.000Z,קפריסין,1078,428,1506
2021-07-22T00:00:00.000Z,הממלכה המאוחדת,531,1109,1640
2021-07-22T00:00:00.000Z,אתיופיה,15,9,24
2021-07-22T00:00:00.000Z,קולומביה,1,12,13
2021-07-22T00:00:00.000Z,ספרד,367,150,517
2021-07-22T00:00:00.000Z,איי סיישל,3,0,3
2021-07-22T00:00:00.000Z,ניו זילנד,0,1,1
2021-07-22T00:00:00.000Z,אסטוניה,1,0,1
2021-07-22T00:00:00.000Z,קוריאה הדרומית,6,1,7
2021-07-22T00:00:00.000Z,צכיה,71,12,83
2021-07-22T00:00:00.000Z,בולגריה,491,114,605
2021-07-22T00:00:00.000Z,קרואטיה,2,1,3
2021-07-22T00:00:00.000Z,אוגנדה,4,1,5
2021-07-22T00:00:00.000Z,אינדונזיה,0,2,2
2021-07-22T00:00:00.000Z,קזחסטאן,2,2,4
2021-07-22T00:00:00.000Z,מלדיבים,7,2,9
2021-07-22T00:00:00.000Z,פרו,0,2,2
2021-07-22T00:00:00.000Z,רומניה,182,58,240
2021-07-22T00:00:00.000Z,נורבגיה,0,2,2
2021-07-22T00:00:00.000Z,פינלנד,5,0,5
2021-07-22T00:00:00.000Z,צ'ילה,0,4,4
2021-07-22T00:00:00.000Z,האנטילים ההולנדים,2,1,3
2021-07-22T00:00:00.000Z,יוון,2057,441,2498
2021-07-22T00:00:00.000Z,ירדן,453,261,714
2021-07-22T00:00:00.000Z,פורטוגל,21,7,28
2021-07-22T00:00:00.000Z,גווטאמלה,1,0,1
2021-07-22T00:00:00.000Z,קמרון,1,0,1
2021-07-22T00:00:00.000Z,ליטא,67,13,80
2021-07-22T00:00:00.000Z,איטליה,369,139,508
2021-07-22T00:00:00.000Z,דנמרק,6,9,15
2021-07-22T00:00:00.000Z,גאנה,2,3,5
2021-07-22T00:00:00.000Z,אוסטריה,130,89,219
2021-07-22T00:00:00.000Z,אלבניה,32,7,39
2021-07-22T00:00:00.000Z,בוסניה הרצגובינה,0,2,2
2021-07-22T00:00:00.000Z,סין,1,0,1
2021-07-22T00:00:00.000Z,תורכמניסטאן,9,6,15
2021-07-22T00:00:00.000Z,ארצות הברית,715,1413,2128
2021-07-22T00:00:00.000Z,פולין,107,44,151
2021-07-22T00:00:00.000Z,גבון,1,0,1
2021-07-22T00:00:00.000Z,מקסיקו,0,6,6
2021-07-22T00:00:00.000Z,מולדובה,88,59,147
2021-07-22T00:00:00.000Z,גינאה המשוונית,1,0,1
2021-07-22T00:00:00.000Z,יפן,0,1,1
2021-07-22T00:00:00.000Z,הודו,1,1,2
2021-07-22T00:00:00.000Z,בלגיה,32,90,122
2021-07-22T00:00:00.000Z,קנדה,1,16,17
2021-07-22T00:00:00.000Z,גויאנה הצרפתית,0,3,3
2021-07-22T00:00:00.000Z,אוקראינה,315,194,509
2021-07-22T00:00:00.000Z,הרפ הדומיניקנית,4,4,8
2021-07-22T00:00:00.000Z,אורגוואי,1,0,1
2021-07-22T00:00:00.000Z,טיוואן,1,0,1
2021-07-22T00:00:00.000Z,קונגו,2,0,2
2021-07-22T00:00:00.000Z,קניה,17,1,18
2021-07-22T00:00:00.000Z,פנמה,8,10,18
2021-07-22T00:00:00.000Z,ניגריה,2,2,4
2021-07-22T00:00:00.000Z,קוסטה ריקה,5,0,5
2021-07-22T00:00:00.000Z,תאילנד,36,34,70
2021-07-22T00:00:00.000Z,רוסיה,45,102,147
2021-07-22T00:00:00.000Z,אוזבקיסטן,4,0,4
2021-07-22T00:00:00.000Z,גאורגיה,1074,216,1290
2021-07-22T00:00:00.000Z,גיברלטר,2,3,5
2021-07-22T00:00:00.000Z,לבנון,0,9,9
2021-07-22T00:00:00.000Z,אנטיגואה וברבודה,0,1,1
2021-07-22T00:00:00.000Z,שוודיה,5,9,14
2021-07-22T00:00:00.000Z,סרביה,4,2,6
2021-07-22T00:00:00.000Z,קירג'זסטאן,2,1,3
2021-07-22T00:00:00.000Z,בוליביה,5,0,5
2021-07-22T00:00:00.000Z,טנזניה,7,1,8
2021-07-22T00:00:00.000Z,הונגריה,89,72,161
2021-07-22T00:00:00.000Z,ברזיל,4,11,15
2021-07-22T00:00:00.000Z,אזרביג'אן,15,1,16
2021-07-22T00:00:00.000Z,צרפת,385,449,834
2021-07-22T00:00:00.000Z,תורכיה,2221,1483,3704
2021-07-22T00:00:00.000Z,ארגנטינה,2,16,18
2021-07-22T00:00:00.000Z,סינגפור,0,1,1
2021-07-22T00:00:00.000Z,גרמניה,336,151,487
2021-07-23T00:00:00.000Z,שוודיה,11,9,20
2021-07-23T00:00:00.000Z,אזרביג'אן,45,14,59
2021-07-23T00:00:00.000Z,קירג'זסטאן,21,0,21
2021-07-23T00:00:00.000Z,אל סלבדור,3,0,3
2021-07-23T00:00:00.000Z,קניה,4,0,4
2021-07-23T00:00:00.000Z,גאורגיה,437,127,564
2021-07-23T00:00:00.000Z,פרו,1,0,1
2021-07-23T00:00:00.000Z,הרפ הדומיניקנית,1,0,1
2021-07-23T00:00:00.000Z,סין,0,5,5
2021-07-23T00:00:00.000Z,אנדורה,0,4,4
2021-07-23T00:00:00.000Z,אוסטרליה,0,1,1
2021-07-23T00:00:00.000Z,ירדן,4,41,45
2021-07-23T00:00:00.000Z,נפאל,1,0,1
2021-07-23T00:00:00.000Z,גווטאמלה,4,0,4
2021-07-23T00:00:00.000Z,סלובניה,4,2,6
2021-07-23T00:00:00.000Z,הונדורס,1,0,1
2021-07-23T00:00:00.000Z,אוזבקיסטן,7,4,11
2021-07-23T00:00:00.000Z,ליטא,10,2,12
2021-07-23T00:00:00.000Z,תאילנד,0,3,3
2021-07-23T00:00:00.000Z,תורכיה,1796,1256,3052
2021-07-23T00:00:00.000Z,ברזיל,0,6,6
2021-07-23T00:00:00.000Z,מונגוליה,2,0,2
2021-07-23T00:00:00.000Z,לוכסמבורג,0,1,1
2021-07-23T00:00:00.000Z,הולנד,231,71,302
2021-07-23T00:00:00.000Z,איחוד האמירויות הערב,12,11,23
2021-07-23T00:00:00.000Z,רומניה,353,98,451
2021-07-23T00:00:00.000Z,איי סיישל,1,2,3
2021-07-23T00:00:00.000Z,מצרים,1133,1019,2152
2021-07-23T00:00:00.000Z,קוסטה ריקה,4,1,5
2021-07-23T00:00:00.000Z,איסלנד,15,0,15
2021-07-23T00:00:00.000Z,בוסניה הרצגובינה,7,4,11
2021-07-23T00:00:00.000Z,הודו,3,1,4
2021-07-23T00:00:00.000Z,בורקינה פאסו,1,0,1
2021-07-23T00:00:00.000Z,רוסיה,46,25,71
2021-07-23T00:00:00.000Z,גמייקה,1,0,1
2021-07-23T00:00:00.000Z,פורטוגל,16,0,16
2021-07-23T00:00:00.000Z,שוויץ,303,140,443
2021-07-23T00:00:00.000Z,בלגיה,66,60,126
2021-07-23T00:00:00.000Z,זאיר,2,0,2
2021-07-23T00:00:00.000Z,פולין,89,22,111
2021-07-23T00:00:00.000Z,פנמה,1,0,1
2021-07-23T00:00:00.000Z,מונטנגרו,159,22,181
2021-07-23T00:00:00.000Z,גינאה החדשה,1,0,1
2021-07-23T00:00:00.000Z,חוף השנהב,1,0,1
2021-07-23T00:00:00.000Z,אנגולה,6,0,6
2021-07-23T00:00:00.000Z,בילורוסיה,45,25,70
2021-07-23T00:00:00.000Z,אורגוואי,3,0,3
2021-07-23T00:00:00.000Z,סינגפור,2,0,2
2021-07-23T00:00:00.000Z,סרי לנקה (צילון),1,3,4
2021-07-23T00:00:00.000Z,גרמניה,502,226,728
2021-07-23T00:00:00.000Z,ניגריה,2,2,4
2021-07-23T00:00:00.000Z,צכיה,199,43,242
2021-07-23T00:00:00.000Z,תימן,1,0,1
2021-07-23T00:00:00.000Z,אלבניה,0,3,3
2021-07-23T00:00:00.000Z,הונגריה,186,48,234
2021-07-23T00:00:00.000Z,מונקו,1,0,1
2021-07-23T00:00:00.000Z,צרפת,357,229,586
2021-07-23T00:00:00.000Z,ספרד,222,44,266
2021-07-23T00:00:00.000Z,מאוריציוס,1,1,2
2021-07-23T00:00:00.000Z,קרואטיה,14,3,17
2021-07-23T00:00:00.000Z,פיליפינים,7,5,12
2021-07-23T00:00:00.000Z,בולגריה,380,115,495
2021-07-23T00:00:00.000Z,טנזניה,1,0,1
2021-07-23T00:00:00.000Z,יוון,2225,531,2756
2021-07-23T00:00:00.000Z,מולדובה,45,29,74
2021-07-23T00:00:00.000Z,תורכמניסטאן,15,17,32
2021-07-23T00:00:00.000Z,אירלנד,6,7,13
2021-07-23T00:00:00.000Z,טוגו,8,0,8
2021-07-23T00:00:00.000Z,כלל המדינות,12912,6816,19728
2021-07-23T00:00:00.000Z,מלדיבים,14,3,17
2021-07-23T00:00:00.000Z,נורבגיה,1,2,3
2021-07-23T00:00:00.000Z,ארמניה,2,0,2
2021-07-23T00:00:00.000Z,אוקראינה,413,184,597
2021-07-23T00:00:00.000Z,סרביה,174,25,199
2021-07-23T00:00:00.000Z,אוסטריה,469,102,571
2021-07-23T00:00:00.000Z,איי טורקס וקייקוס,6,2,8
2021-07-23T00:00:00.000Z,מרוקו,5,0,5
2021-07-23T00:00:00.000Z,מקדוניה,2,0,2
2021-07-23T00:00:00.000Z,קולומביה,3,1,4
2021-07-23T00:00:00.000Z,קזחסטאן,4,3,7
2021-07-23T00:00:00.000Z,פינלנד,62,16,78
2021-07-23T00:00:00.000Z,קנדה,27,98,125
2021-07-23T00:00:00.000Z,הממלכה המאוחדת,95,197,292
2021-07-23T00:00:00.000Z,טיוואן,1,0,1
2021-07-23T00:00:00.000Z,יפן,1,2,3
2021-07-23T00:00:00.000Z,ארצות הברית,1011,1015,2026
2021-07-23T00:00:00.000Z,מלטה,1,2,3
2021-07-23T00:00:00.000Z,סלובקיה,1,0,1
2021-07-23T00:00:00.000Z,האנטילים ההולנדים,2,2,4
2021-07-23T00:00:00.000Z,קפריסין,274,136,410
2021-07-23T00:00:00.000Z,קוריאה הדרומית,4,0,4
2021-07-23T00:00:00.000Z,דנמרק,14,4,18
2021-07-23T00:00:00.000Z,אקואדור,1,0,1
2021-07-23T00:00:00.000Z,מקסיקו,2,0,2
2021-07-23T00:00:00.000Z,אסטוניה,8,4,12
2021-07-23T00:00:00.000Z,לטביה,6,0,6
2021-07-23T00:00:00.000Z,איטליה,532,135,667
2021-07-23T00:00:00.000Z,קובה,0,1,1
2021-07-24T00:00:00.000Z,כלל המדינות,9451,5617,15068
2021-07-24T00:00:00.000Z,אסטוניה,7,0,7
2021-07-24T00:00:00.000Z,תאילנד,4,1,5
2021-07-24T00:00:00.000Z,יוון,1756,360,2116
2021-07-24T00:00:00.000Z,איסלנד,65,2,67
2021-07-24T00:00:00.000Z,פולינזיה הצרפתית,1,0,1
2021-07-24T00:00:00.000Z,סלובניה,11,9,20
2021-07-24T00:00:00.000Z,טיוואן,1,1,2
2021-07-24T00:00:00.000Z,אזרביג'אן,1,4,5
2021-07-24T00:00:00.000Z,אריתראה,1,0,1
2021-07-24T00:00:00.000Z,צכיה,8,3,11
2021-07-24T00:00:00.000Z,סלובקיה,1,0,1
2021-07-24T00:00:00.000Z,איי סיישל,1,0,1
2021-07-24T00:00:00.000Z,פיליפינים,0,9,9
2021-07-24T00:00:00.000Z,אוסטריה,247,58,305
2021-07-24T00:00:00.000Z,בולגריה,98,30,128
2021-07-24T00:00:00.000Z,הרפ הדומיניקנית,1,1,2
2021-07-24T00:00:00.000Z,סרביה,0,1,1
2021-07-24T00:00:00.000Z,פרו,1,1,2
2021-07-24T00:00:00.000Z,גבון,1,0,1
2021-07-24T00:00:00.000Z,מקסיקו,0,1,1
2021-07-24T00:00:00.000Z,ספרד,8,6,14
2021-07-24T00:00:00.000Z,קוריאה הדרומית,2,0,2
2021-07-24T00:00:00.000Z,פינלנד,3,1,4
2021-07-24T00:00:00.000Z,בלגיה,3,0,3
2021-07-24T00:00:00.000Z,קניה,3,2,5
2021-07-24T00:00:00.000Z,גאנה,1,4,5
2021-07-24T00:00:00.000Z,האנטילים ההולנדים,5,5,10
2021-07-24T00:00:00.000Z,מצרים,1147,1004,2151
2021-07-24T00:00:00.000Z,איחוד האמירויות הערב,64,32,96
2021-07-24T00:00:00.000Z,איטליה,241,70,311
2021-07-24T00:00:00.000Z,הונג קונג,0,1,1
2021-07-24T00:00:00.000Z,מונקו,1,0,1
2021-07-24T00:00:00.000Z,קירג'זסטאן,15,0,15
2021-07-24T00:00:00.000Z,תורכמניסטאן,25,12,37
2021-07-24T00:00:00.000Z,פולין,157,27,184
2021-07-24T00:00:00.000Z,סין,0,5,5
2021-07-24T00:00:00.000Z,פנמה,0,1,1
2021-07-24T00:00:00.000Z,קפריסין,232,108,340
2021-07-24T00:00:00.000Z,טוגו,3,0,3
2021-07-24T00:00:00.000Z,איי טורקס וקייקוס,3,3,6
2021-07-24T00:00:00.000Z,שוויץ,108,48,156
2021-07-24T00:00:00.000Z,קנדה,11,45,56
2021-07-24T00:00:00.000Z,שוודיה,14,2,16
2021-07-24T00:00:00.000Z,ניגריה,5,6,11
2021-07-24T00:00:00.000Z,ארצות הברית,473,756,1229
2021-07-24T00:00:00.000Z,רומניה,329,88,417
2021-07-24T00:00:00.000Z,אירלנד,4,4,8
2021-07-24T00:00:00.000Z,הממלכה המאוחדת,69,121,190
2021-07-24T00:00:00.000Z,פורטוגל,26,3,29
2021-07-24T00:00:00.000Z,רוסיה,2,1,3
2021-07-24T00:00:00.000Z,רואנדה,4,0,4
2021-07-24T00:00:00.000Z,סרי לנקה (צילון),0,2,2
2021-07-24T00:00:00.000Z,מקדוניה,4,1,5
2021-07-24T00:00:00.000Z,אוסטרליה,1,0,1
2021-07-24T00:00:00.000Z,נורבגיה,1,0,1
2021-07-24T00:00:00.000Z,מלדיבים,45,14,59
2021-07-24T00:00:00.000Z,תורכיה,2529,1805,4334
2021-07-24T00:00:00.000Z,אוזבקיסטן,4,3,7
2021-07-24T00:00:00.000Z,טנזניה,9,1,10
2021-07-24T00:00:00.000Z,סינגפור,2,5,7
2021-07-24T00:00:00.000Z,ליטא,5,4,9
2021-07-24T00:00:00.000Z,קמרון,2,0,2
2021-07-24T00:00:00.000Z,מלטה,2,0,2
2021-07-24T00:00:00.000Z,מונטנגרו,116,18,134
2021-07-24T00:00:00.000Z,קוסטה ריקה,4,1,5
2021-07-24T00:00:00.000Z,צרפת,181,98,279
2021-07-24T00:00:00.000Z,דנמרק,12,9,21
2021-07-24T00:00:00.000Z,קרואטיה,17,1,18
2021-07-24T00:00:00.000Z,אוקראינה,229,63,292
2021-07-24T00:00:00.000Z,גרמניה,262,114,376
2021-07-24T00:00:00.000Z,חוף השנהב,1,1,2
2021-07-24T00:00:00.000Z,דרום אפריקה,0,6,6
2021-07-24T00:00:00.000Z,ירדן,6,18,24
2021-07-24T00:00:00.000Z,אוגנדה,7,1,8
2021-07-24T00:00:00.000Z,אלבניה,1,0,1
2021-07-24T00:00:00.000Z,בוסניה הרצגובינה,9,3,12
2021-07-24T00:00:00.000Z,מאלי,1,0,1
2021-07-24T00:00:00.000Z,קזחסטאן,0,1,1
2021-07-24T00:00:00.000Z,לוכסמבורג,0,4,4
2021-07-24T00:00:00.000Z,לטביה,55,7,62
2021-07-24T00:00:00.000Z,בורקינה פאסו,1,0,1
2021-07-24T00:00:00.000Z,ארמניה,8,2,10
2021-07-24T00:00:00.000Z,בוליביה,1,0,1
2021-07-24T00:00:00.000Z,הולנד,219,57,276
2021-07-24T00:00:00.000Z,גאורגיה,147,50,197
2021-07-24T00:00:00.000Z,מרוקו,1,0,1
2021-07-24T00:00:00.000Z,בנין (דהומי),1,0,1
2021-07-24T00:00:00.000Z,הונגריה,67,32,99
2021-07-24T00:00:00.000Z,אתיופיה,15,8,23
2021-07-25T00:00:00.000Z,רוסיה,18,77,95
2021-07-25T00:00:00.000Z,אסטוניה,7,0,7
2021-07-25T00:00:00.000Z,קנדה,4,78,82
2021-07-25T00:00:00.000Z,רומניה,205,59,264
2021-07-25T00:00:00.000Z,קטר,0,2,2
2021-07-25T00:00:00.000Z,קפריסין,547,208,755
2021-07-25T00:00:00.000Z,מונקו,0,1,1
2021-07-25T00:00:00.000Z,פנמה,1,0,1
2021-07-25T00:00:00.000Z,פרגוואי,1,0,1
2021-07-25T00:00:00.000Z,הולנד,307,138,445
2021-07-25T00:00:00.000Z,צרפת,643,510,1153
2021-07-25T00:00:00.000Z,ארצות הברית,609,658,1267
2021-07-25T00:00:00.000Z,אוזבקיסטן,4,2,6
2021-07-25T00:00:00.000Z,ליטא,93,10,103
2021-07-25T00:00:00.000Z,איי סיישל,1,1,2
2021-07-25T00:00:00.000Z,ונצואלה,0,1,1
2021-07-25T00:00:00.000Z,פרו,1,0,1
2021-07-25T00:00:00.000Z,קירג'זסטאן,6,0,6
2021-07-25T00:00:00.000Z,תאילנד,65,16,81
2021-07-25T00:00:00.000Z,בולגריה,706,139,845
2021-07-25T00:00:00.000Z,פורטוגל,18,2,20
2021-07-25T00:00:00.000Z,קוסטה ריקה,2,0,2
2021-07-25T00:00:00.000Z,תורכיה,2725,1926,4651
2021-07-25T00:00:00.000Z,שוודיה,12,17,29
2021-07-25T00:00:00.000Z,מרוקו,5,1,6
2021-07-25T00:00:00.000Z,סינגפור,3,4,7
2021-07-25T00:00:00.000Z,לטביה,3,0,3
2021-07-25T00:00:00.000Z,שוויץ,301,166,467
2021-07-25T00:00:00.000Z,אורגוואי,7,1,8
2021-07-25T00:00:00.000Z,איטליה,610,121,731
2021-07-25T00:00:00.000Z,גאורגיה,540,193,733
2021-07-25T00:00:00.000Z,מולדובה,98,49,147
2021-07-25T00:00:00.000Z,אינדונזיה,1,0,1
2021-07-25T00:00:00.000Z,מצרים,690,503,1193
2021-07-25T00:00:00.000Z,גרמניה,489,230,719
2021-07-25T00:00:00.000Z,קובה,1,0,1
2021-07-25T00:00:00.000Z,ארגנטינה,0,1,1
2021-07-25T00:00:00.000Z,ארמניה,1,0,1
2021-07-25T00:00:00.000Z,הודו,0,1,1
2021-07-25T00:00:00.000Z,איי טורקס וקייקוס,2,2,4
2021-07-25T00:00:00.000Z,פולין,60,11,71
2021-07-25T00:00:00.000Z,יוון,3241,598,3839
2021-07-25T00:00:00.000Z,ברזיל,0,2,2
2021-07-25T00:00:00.000Z,אזרביג'אן,55,14,69
2021-07-25T00:00:00.000Z,ניו זילנד,0,2,2
2021-07-25T00:00:00.000Z,הממלכה המאוחדת,125,272,397
2021-07-25T00:00:00.000Z,קמרון,1,0,1
2021-07-25T00:00:00.000Z,קוריאה הדרומית,3,5,8
2021-07-25T00:00:00.000Z,טיוואן,1,0,1
2021-07-25T00:00:00.000Z,רפ מרכז אפריקנית,3,0,3
2021-07-25T00:00:00.000Z,ספרד,124,28,152
2021-07-25T00:00:00.000Z,בלגיה,53,66,119
2021-07-25T00:00:00.000Z,מקסיקו,5,5,10
2021-07-25T00:00:00.000Z,פיליפינים,1,5,6
2021-07-25T00:00:00.000Z,איסלנד,63,1,64
2021-07-25T00:00:00.000Z,בנין (דהומי),1,0,1
2021-07-25T00:00:00.000Z,קזחסטאן,5,2,7
2021-07-25T00:00:00.000Z,אוסטריה,173,63,236
2021-07-25T00:00:00.000Z,פינלנד,1,2,3
2021-07-25T00:00:00.000Z,אלבניה,81,13,94
2021-07-25T00:00:00.000Z,איחוד האמירויות הערב,63,40,103
2021-07-25T00:00:00.000Z,אוסטרליה,1,14,15
2021-07-25T00:00:00.000Z,קרואטיה,10,5,15
2021-07-25T00:00:00.000Z,מלדיבים,46,10,56
2021-07-25T00:00:00.000Z,בהמס,2,1,3
2021-07-25T00:00:00.000Z,תורכמניסטאן,29,10,39
2021-07-25T00:00:00.000Z,מאלי,7,2,9
2021-07-25T00:00:00.000Z,סלובניה,0,1,1
2021-07-25T00:00:00.000Z,בוליביה,1,0,1
2021-07-25T00:00:00.000Z,דנמרק,14,5,19
2021-07-25T00:00:00.000Z,הונג קונג,1,1,2
2021-07-25T00:00:00.000Z,בוסניה הרצגובינה,7,9,16
2021-07-25T00:00:00.000Z,כלל המדינות,15697,8242,23939
2021-07-25T00:00:00.000Z,נורבגיה,2,0,2
2021-07-25T00:00:00.000Z,ירדן,1082,840,1922
2021-07-25T00:00:00.000Z,לוכסמבורג,0,5,5
2021-07-25T00:00:00.000Z,קניה,0,1,1
2021-07-25T00:00:00.000Z,צכיה,154,52,206
2021-07-25T00:00:00.000Z,אירלנד,4,0,4
2021-07-25T00:00:00.000Z,אוקראינה,428,242,670
2021-07-25T00:00:00.000Z,עירק,0,1,1
2021-07-25T00:00:00.000Z,לבנון,3,2,5
2021-07-25T00:00:00.000Z,בילורוסיה,74,57,131
2021-07-25T00:00:00.000Z,טוגו,1,0,1
2021-07-25T00:00:00.000Z,קולומביה,0,1,1
2021-07-25T00:00:00.000Z,סין,0,1,1
2021-07-25T00:00:00.000Z,הונגריה,125,53,178
2021-07-25T00:00:00.000Z,ניגריה,1,0,1
2021-07-26T00:00:00.000Z,טג'יקיסטאן,1,0,1
2021-07-26T00:00:00.000Z,גווטאמלה,1,0,1
2021-07-26T00:00:00.000Z,איסלנד,299,14,313
2021-07-26T00:00:00.000Z,נורבגיה,1,0,1
2021-07-26T00:00:00.000Z,תאילנד,2,8,10
2021-07-26T00:00:00.000Z,סינגפור,0,1,1
2021-07-26T00:00:00.000Z,מולדובה,3,3,6
2021-07-26T00:00:00.000Z,גרמניה,367,198,565
2021-07-26T00:00:00.000Z,גאנה,1,0,1
2021-07-26T00:00:00.000Z,מאלי,4,3,7
2021-07-26T00:00:00.000Z,מקסיקו,2,1,3
2021-07-26T00:00:00.000Z,אזרביג'אן,1,5,6
2021-07-26T00:00:00.000Z,ברזיל,1,6,7
2021-07-26T00:00:00.000Z,אוזבקיסטן,8,6,14
2021-07-26T00:00:00.000Z,זמביה,1,4,5
2021-07-26T00:00:00.000Z,קולומביה,5,1,6
2021-07-26T00:00:00.000Z,ליטא,2,0,2
2021-07-26T00:00:00.000Z,קזחסטאן,1,0,1
2021-07-26T00:00:00.000Z,הודו,17,40,57
2021-07-26T00:00:00.000Z,ניגריה,1,0,1
2021-07-26T00:00:00.000Z,גאורגיה,694,235,929
2021-07-26T00:00:00.000Z,הולנד,138,70,208
2021-07-26T00:00:00.000Z,בולגריה,586,140,726
2021-07-26T00:00:00.000Z,יוון,2589,418,3007
2021-07-26T00:00:00.000Z,קירג'זסטאן,2,1,3
2021-07-26T00:00:00.000Z,בוטסואנה,1,0,1
2021-07-26T00:00:00.000Z,צכיה,255,82,337
2021-07-26T00:00:00.000Z,אקואדור,1,2,3
2021-07-26T00:00:00.000Z,פורטוגל,149,24,173
2021-07-26T00:00:00.000Z,יפן,0,2,2
2021-07-26T00:00:00.000Z,מלטה,0,1,1
2021-07-26T00:00:00.000Z,ספרד,40,13,53
2021-07-26T00:00:00.000Z,אתיופיה,14,12,26
2021-07-26T00:00:00.000Z,בוליביה,1,1,2
2021-07-26T00:00:00.000Z,ארמניה,8,0,8
2021-07-26T00:00:00.000Z,אסטוניה,3,0,3
2021-07-26T00:00:00.000Z,קפריסין,194,83,277
2021-07-26T00:00:00.000Z,אוסטרליה,3,5,8
2021-07-26T00:00:00.000Z,דנמרק,7,6,13
2021-07-26T00:00:00.000Z,פינלנד,4,3,7
2021-07-26T00:00:00.000Z,קוסטה ריקה,12,1,13
2021-07-26T00:00:00.000Z,ירדן,273,175,448
2021-07-26T00:00:00.000Z,אוקראינה,494,281,775
2021-07-26T00:00:00.000Z,קנדה,3,10,13
2021-07-26T00:00:00.000Z,טנזניה,24,0,24
2021-07-26T00:00:00.000Z,שוויץ,238,156,394
2021-07-26T00:00:00.000Z,זאיר,0,1,1
2021-07-26T00:00:00.000Z,אנגולה,3,0,3
2021-07-26T00:00:00.000Z,רומניה,388,102,490
2021-07-26T00:00:00.000Z,פורטו ריקו,0,1,1
2021-07-26T00:00:00.000Z,גיברלטר,2,4,6
2021-07-26T00:00:00.000Z,הונגריה,39,12,51
2021-07-26T00:00:00.000Z,פנמה,2,2,4
2021-07-26T00:00:00.000Z,תורכיה,2093,1556,3649
2021-07-26T00:00:00.000Z,בלגיה,112,132,244
2021-07-26T00:00:00.000Z,מלדיבים,35,5,40
2021-07-26T00:00:00.000Z,בילורוסיה,4,17,21
2021-07-26T00:00:00.000Z,רוסיה,55,114,169
2021-07-26T00:00:00.000Z,קרואטיה,17,2,19
2021-07-26T00:00:00.000Z,אירלנד,5,2,7
2021-07-26T00:00:00.000Z,הממלכה המאוחדת,231,334,565
2021-07-26T00:00:00.000Z,פיליפינים,1,14,15
2021-07-26T00:00:00.000Z,ארצות הברית,841,1685,2526
2021-07-26T00:00:00.000Z,סרביה,86,16,102
2021-07-26T00:00:00.000Z,אוסטריה,493,139,632
2021-07-26T00:00:00.000Z,בוסניה הרצגובינה,5,0,5
2021-07-26T00:00:00.000Z,אורגוואי,3,0,3
2021-07-26T00:00:00.000Z,כלל המדינות,13754,8069,21823
2021-07-26T00:00:00.000Z,מונטנגרו,145,34,179
2021-07-26T00:00:00.000Z,פרו,2,1,3
2021-07-26T00:00:00.000Z,לוכסמבורג,1,0,1
2021-07-26T00:00:00.000Z,סוריה,1,5,6
2021-07-26T00:00:00.000Z,איי טורקס וקייקוס,2,2,4
2021-07-26T00:00:00.000Z,אנדורה,1,0,1
2021-07-26T00:00:00.000Z,קוריאה הדרומית,0,1,1
2021-07-26T00:00:00.000Z,איחוד האמירויות הערב,22,6,28
2021-07-26T00:00:00.000Z,הונג קונג,1,0,1
2021-07-26T00:00:00.000Z,איטליה,583,126,709
2021-07-26T00:00:00.000Z,ויטנאם,0,4,4
2021-07-26T00:00:00.000Z,שוודיה,4,3,7
2021-07-26T00:00:00.000Z,גרנדה,1,1,2
2021-07-26T00:00:00.000Z,בנין (דהומי),0,1,1
2021-07-26T00:00:00.000Z,דרום אפריקה,1,2,3
2021-07-26T00:00:00.000Z,צרפת,518,382,900
2021-07-26T00:00:00.000Z,תורכמניסטאן,51,16,67
2021-07-26T00:00:00.000Z,פולין,106,12,118
2021-07-26T00:00:00.000Z,לטביה,6,1,7
2021-07-26T00:00:00.000Z,מרוקו,11,3,14
2021-07-26T00:00:00.000Z,מצרים,552,425,977
2021-07-27T00:00:00.000Z,תאילנד,37,7,44
2021-07-27T00:00:00.000Z,בוסניה הרצגובינה,31,11,42
2021-07-27T00:00:00.000Z,סוריה,5,2,7
2021-07-27T00:00:00.000Z,פולין,218,54,272
2021-07-27T00:00:00.000Z,גווטאמלה,2,0,2
2021-07-27T00:00:00.000Z,ארצות הברית,730,1064,1794
2021-07-27T00:00:00.000Z,רומניה,291,91,382
2021-07-27T00:00:00.000Z,גויאנה הצרפתית,1,0,1
2021-07-27T00:00:00.000Z,פיליפינים,2,1,3
2021-07-27T00:00:00.000Z,שוויץ,155,101,256
2021-07-27T00:00:00.000Z,הולנד,226,42,268
2021-07-27T00:00:00.000Z,צרפת,423,359,782
2021-07-27T00:00:00.000Z,ניו זילנד,0,1,1
2021-07-27T00:00:00.000Z,פרו,10,7,17
2021-07-27T00:00:00.000Z,גינאה,1,0,1
2021-07-27T00:00:00.000Z,פורטוגל,15,4,19
2021-07-27T00:00:00.000Z,מרוקו,8,0,8
2021-07-27T00:00:00.000Z,איסלנד,82,0,82
2021-07-27T00:00:00.000Z,קוריאה הדרומית,2,4,6
2021-07-27T00:00:00.000Z,אסטוניה,8,2,10
2021-07-27T00:00:00.000Z,אלבניה,105,14,119
2021-07-27T00:00:00.000Z,מלטה,2,4,6
2021-07-27T00:00:00.000Z,הודו,1,0,1
2021-07-27T00:00:00.000Z,מונטנגרו,2,2,4
2021-07-27T00:00:00.000Z,הממלכה המאוחדת,169,310,479
2021-07-27T00:00:00.000Z,קרואטיה,18,8,26
2021-07-27T00:00:00.000Z,מלדיבים,11,5,16
2021-07-27T00:00:00.000Z,סרביה,116,38,154
2021-07-27T00:00:00.000Z,ניגריה,4,0,4
2021-07-27T00:00:00.000Z,אוסטריה,263,83,346
2021-07-27T00:00:00.000Z,בלגיה,4,8,12
2021-07-27T00:00:00.000Z,סלובניה,1,0,1
2021-07-27T00:00:00.000Z,אנגולה,1,0,1
2021-07-27T00:00:00.000Z,אורגוואי,6,1,7
2021-07-27T00:00:00.000Z,גמביה,3,0,3
2021-07-27T00:00:00.000Z,רפ מרכז אפריקנית,1,0,1
2021-07-27T00:00:00.000Z,סרי לנקה (צילון),2,1,3
2021-07-27T00:00:00.000Z,ארגנטינה,3,2,5
2021-07-27T00:00:00.000Z,סינגפור,1,0,1
2021-07-27T00:00:00.000Z,איי סיישל,3,2,5
2021-07-27T00:00:00.000Z,מצרים,451,362,813
2021-07-27T00:00:00.000Z,אוזבקיסטן,1,4,5
2021-07-27T00:00:00.000Z,צכיה,157,51,208
2021-07-27T00:00:00.000Z,קניה,6,1,7
2021-07-27T00:00:00.000Z,איחוד האמירויות הערב,29,19,48
2021-07-27T00:00:00.000Z,הרפ הדומיניקנית,3,0,3
2021-07-27T00:00:00.000Z,אתיופיה,19,5,24
2021-07-27T00:00:00.000Z,איי טורקס וקייקוס,1,0,1
2021-07-27T00:00:00.000Z,קוסטה ריקה,5,0,5
2021-07-27T00:00:00.000Z,טנזניה,3,0,3
2021-07-27T00:00:00.000Z,אוקראינה,269,249,518
2021-07-27T00:00:00.000Z,קוסובו,0,4,4
2021-07-27T00:00:00.000Z,שוודיה,11,5,16
2021-07-27T00:00:00.000Z,קנדה,51,180,231
2021-07-27T00:00:00.000Z,ירדן,136,131,267
2021-07-27T00:00:00.000Z,אוסטרליה,2,2,4
2021-07-27T00:00:00.000Z,דרום אפריקה,2,1,3
2021-07-27T00:00:00.000Z,סין,0,4,4
2021-07-27T00:00:00.000Z,גאורגיה,389,113,502
2021-07-27T00:00:00.000Z,איטליה,387,139,526
2021-07-27T00:00:00.000Z,הונגריה,78,41,119
2021-07-27T00:00:00.000Z,פנמה,4,2,6
2021-07-27T00:00:00.000Z,ארמניה,1,0,1
2021-07-27T00:00:00.000Z,תורכיה,2068,1436,3504
2021-07-27T00:00:00.000Z,בילורוסיה,0,1,1
2021-07-27T00:00:00.000Z,כלל המדינות,11253,6609,17862
2021-07-27T00:00:00.000Z,תורכמניסטאן,25,11,36
2021-07-27T00:00:00.000Z,אקואדור,3,1,4
2021-07-27T00:00:00.000Z,אירלנד,5,1,6
2021-07-27T00:00:00.000Z,מולדובה,54,27,81
2021-07-27T00:00:00.000Z,בולגריה,443,101,544
2021-07-27T00:00:00.000Z,רוסיה,18,30,48
2021-07-27T00:00:00.000Z,ליטא,4,0,4
2021-07-27T00:00:00.000Z,הונג קונג,5,28,33
2021-07-27T00:00:00.000Z,חוף השנהב,2,0,2
2021-07-27T00:00:00.000Z,פינלנד,3,6,9
2021-07-27T00:00:00.000Z,ספרד,99,28,127
2021-07-27T00:00:00.000Z,קזחסטאן,0,4,4
2021-07-27T00:00:00.000Z,יוון,1993,390,2383
2021-07-27T00:00:00.000Z,גרמניה,485,152,637
2021-07-27T00:00:00.000Z,האנטילים ההולנדים,1,0,1
2021-07-27T00:00:00.000Z,תוניסיה,2,0,2
2021-07-27T00:00:00.000Z,דנמרק,29,8,37
2021-07-27T00:00:00.000Z,סנגל,1,0,1
2021-07-27T00:00:00.000Z,גאנה,2,0,2
2021-07-27T00:00:00.000Z,קולומביה,1,0,1
2021-07-27T00:00:00.000Z,לטביה,67,15,82
2021-07-27T00:00:00.000Z,אזרביג'אן,9,56,65
2021-07-27T00:00:00.000Z,צ'ילה,1,2,3
2021-07-27T00:00:00.000Z,מקסיקו,1,2,3
2021-07-27T00:00:00.000Z,קפריסין,196,118,314
2021-07-27T00:00:00.000Z,ערב הסעודית,0,1,1
2021-07-27T00:00:00.000Z,יפן,5,1,6
2021-07-28T00:00:00.000Z,רוסיה,37,53,90
2021-07-28T00:00:00.000Z,סנגל,1,0,1
2021-07-28T00:00:00.000Z,שוודיה,7,10,17
2021-07-28T00:00:00.000Z,איסלנד,56,1,57
2021-07-28T00:00:00.000Z,אתיופיה,15,21,36
2021-07-28T00:00:00.000Z,פולין,61,34,95
2021-07-28T00:00:00.000Z,אורגוואי,1,0,1
2021-07-28T00:00:00.000Z,רואנדה,19,0,19
2021-07-28T00:00:00.000Z,ארצות הברית,822,1387,2209
2021-07-28T00:00:00.000Z,קפריסין,198,107,305
2021-07-28T00:00:00.000Z,מונטנגרו,159,14,173
2021-07-28T00:00:00.000Z,סרי לנקה (צילון),0,11,11
2021-07-28T00:00:00.000Z,בוסניה הרצגובינה,1,3,4
2021-07-28T00:00:00.000Z,צכיה,97,19,116
2021-07-28T00:00:00.000Z,גמביה,1,0,1
2021-07-28T00:00:00.000Z,קוריאה הדרומית,2,1,3
2021-07-28T00:00:00.000Z,יפן,8,7,15
2021-07-28T00:00:00.000Z,טוגו,0,1,1
2021-07-28T00:00:00.000Z,בולגריה,475,195,670
2021-07-28T00:00:00.000Z,מלדיבים,26,11,37
2021-07-28T00:00:00.000Z,טנזניה,136,17,153
2021-07-28T00:00:00.000Z,שוויץ,292,221,513
2021-07-28T00:00:00.000Z,סין,6,73,79
2021-07-28T00:00:00.000Z,נורבגיה,3,0,3
2021-07-28T00:00:00.000Z,ברזיל,2,1,3
2021-07-28T00:00:00.000Z,פיליפינים,1,47,48
2021-07-28T00:00:00.000Z,ונצואלה,2,17,19
2021-07-28T00:00:00.000Z,קניה,11,4,15
2021-07-28T00:00:00.000Z,מלטה,2,0,2
2021-07-28T00:00:00.000Z,קזחסטאן,6,7,13
2021-07-28T00:00:00.000Z,סרביה,13,3,16
2021-07-28T00:00:00.000Z,בילורוסיה,58,38,96
2021-07-28T00:00:00.000Z,אקואדור,1,0,1
2021-07-28T00:00:00.000Z,תוניסיה,1,0,1
2021-07-28T00:00:00.000Z,איי טורקס וקייקוס,3,0,3
2021-07-28T00:00:00.000Z,פנמה,0,1,1
2021-07-28T00:00:00.000Z,הונגריה,74,71,145
2021-07-28T00:00:00.000Z,גאנה,3,0,3
2021-07-28T00:00:00.000Z,קרואטיה,20,5,25
2021-07-28T00:00:00.000Z,לוכסמבורג,1,1,2
2021-07-28T00:00:00.000Z,הולנד,350,128,478
2021-07-28T00:00:00.000Z,תורכמניסטאן,32,30,62
2021-07-28T00:00:00.000Z,ירדן,159,134,293
2021-07-28T00:00:00.000Z,טונגה,0,1,1
2021-07-28T00:00:00.000Z,גאורגיה,404,185,589
2021-07-28T00:00:00.000Z,מונקו,1,3,4
2021-07-28T00:00:00.000Z,ניגריה,2,0,2
2021-07-28T00:00:00.000Z,הונג קונג,0,1,1
2021-07-28T00:00:00.000Z,רומניה,375,143,518
2021-07-28T00:00:00.000Z,סוריה,5,0,5
2021-07-28T00:00:00.000Z,חוף השנהב,1,0,1
2021-07-28T00:00:00.000Z,דרום אפריקה,2,64,66
2021-07-28T00:00:00.000Z,בלגיה,36,61,97
2021-07-28T00:00:00.000Z,קולומביה,0,1,1
2021-07-28T00:00:00.000Z,סינגפור,6,14,20
2021-07-28T00:00:00.000Z,סלובניה,121,14,135
2021-07-28T00:00:00.000Z,מקסיקו,0,1,1
2021-07-28T00:00:00.000Z,ליטא,3,0,3
2021-07-28T00:00:00.000Z,קנדה,12,67,79
2021-07-28T00:00:00.000Z,זמביה,1,0,1
2021-07-28T00:00:00.000Z,גרמניה,415,275,690
2021-07-28T00:00:00.000Z,פורטוגל,134,46,180
2021-07-28T00:00:00.000Z,מצרים,539,437,976
2021-07-28T00:00:00.000Z,ארגנטינה,1,2,3
2021-07-28T00:00:00.000Z,פינלנד,0,4,4
2021-07-28T00:00:00.000Z,יוון,1280,236,1516
2021-07-28T00:00:00.000Z,צרפת,588,567,1155
2021-07-28T00:00:00.000Z,הודו,3,0,3
2021-07-28T00:00:00.000Z,מוזמביק,1,0,1
2021-07-28T00:00:00.000Z,ספרד,11,14,25
2021-07-28T00:00:00.000Z,זאיר,1,1,2
2021-07-28T00:00:00.000Z,אנגולה,1,1,2
2021-07-28T00:00:00.000Z,תורכיה,1753,1301,3054
2021-07-28T00:00:00.000Z,אוסטריה,348,125,473
2021-07-28T00:00:00.000Z,איי גילברט ואליס,0,1,1
2021-07-28T00:00:00.000Z,אזרביג'אן,4,1,5
2021-07-28T00:00:00.000Z,טיוואן,0,1,1
2021-07-28T00:00:00.000Z,מקדוניה,2,1,3
2021-07-28T00:00:00.000Z,לטביה,1,1,2
2021-07-28T00:00:00.000Z,מרוקו,2,2,4
2021-07-28T00:00:00.000Z,כלל המדינות,11584,8186,19770
2021-07-28T00:00:00.000Z,מולדובה,0,2,2
2021-07-28T00:00:00.000Z,דנמרק,10,22,32
2021-07-28T00:00:00.000Z,אירלנד,2,7,9
2021-07-28T00:00:00.000Z,איטליה,747,264,1011
2021-07-28T00:00:00.000Z,איחוד האמירויות הערב,24,22,46
2021-07-28T00:00:00.000Z,אוקראינה,508,286,794
2021-07-28T00:00:00.000Z,אוסטרליה,1,18,19
2021-07-28T00:00:00.000Z,קוסטה ריקה,7,0,7
2021-07-28T00:00:00.000Z,קמרון,0,1,1
2021-07-28T00:00:00.000Z,דרום סודאן,1,0,1
2021-07-28T00:00:00.000Z,פולינזיה הצרפתית,0,1,1
2021-07-28T00:00:00.000Z,גווטאמלה,2,0,2
2021-07-28T00:00:00.000Z,אוזבקיסטן,3,1,4
2021-07-28T00:00:00.000Z,הממלכה המאוחדת,234,392,626
2021-07-28T00:00:00.000Z,תאילנד,8,0,8
2021-07-28T00:00:00.000Z,ארמניה,2,1,3
2021-07-28T00:00:00.000Z,פרגוואי,2,0,2
2021-07-29T00:00:00.000Z,מוזמביק,2,0,2
2021-07-29T00:00:00.000Z,דרום סודאן,1,0,1
2021-07-29T00:00:00.000Z,זמביה,1,0,1
2021-07-29T00:00:00.000Z,מצרים,586,370,956
2021-07-29T00:00:00.000Z,פינלנד,2,2,4
2021-07-29T00:00:00.000Z,לוב,2,0,2
2021-07-29T00:00:00.000Z,גיברלטר,0,1,1
2021-07-29T00:00:00.000Z,הרפ הדומיניקנית,5,0,5
2021-07-29T00:00:00.000Z,רוסיה,65,145,210
2021-07-29T00:00:00.000Z,סינגפור,0,1,1
2021-07-29T00:00:00.000Z,הונגריה,118,126,244
2021-07-29T00:00:00.000Z,מיאנמר (בורמה),1,1,2
2021-07-29T00:00:00.000Z,סנגל,1,0,1
2021-07-29T00:00:00.000Z,גאנה,5,0,5
2021-07-29T00:00:00.000Z,קולומביה,5,5,10
2021-07-29T00:00:00.000Z,מונטנגרו,2,0,2
2021-07-29T00:00:00.000Z,פולינזיה הצרפתית,0,2,2
2021-07-29T00:00:00.000Z,טנזניה,24,0,24
2021-07-29T00:00:00.000Z,ליטא,83,9,92
2021-07-29T00:00:00.000Z,צרפת,573,597,1170
2021-07-29T00:00:00.000Z,סרי לנקה (צילון),0,1,1
2021-07-29T00:00:00.000Z,מרוקו,97,10,107
2021-07-29T00:00:00.000Z,פיליפינים,0,16,16
2021-07-29T00:00:00.000Z,סלובקיה,2,0,2
2021-07-29T00:00:00.000Z,סין,1,3,4
2021-07-29T00:00:00.000Z,אקואדור,2,0,2
2021-07-29T00:00:00.000Z,אפגניסטן,1,0,1
2021-07-29T00:00:00.000Z,מלדיבים,24,5,29
2021-07-29T00:00:00.000Z,אסטוניה,1,0,1
2021-07-29T00:00:00.000Z,ניקרגואה,1,0,1
2021-07-29T00:00:00.000Z,הולנד,118,45,163
2021-07-29T00:00:00.000Z,קוסטה ריקה,7,0,7
2021-07-29T00:00:00.000Z,קפריסין,368,242,610
2021-07-29T00:00:00.000Z,פולין,126,70,196
2021-07-29T00:00:00.000Z,איטליה,407,212,619
2021-07-29T00:00:00.000Z,ניו זילנד,0,1,1
2021-07-29T00:00:00.000Z,אוזבקיסטן,3,1,4
2021-07-29T00:00:00.000Z,איחוד האמירויות הערב,76,37,113
2021-07-29T00:00:00.000Z,כלל המדינות,13881,9382,23263
2021-07-29T00:00:00.000Z,קנדה,2,10,12
2021-07-29T00:00:00.000Z,בוסניה הרצגובינה,17,12,29
2021-07-29T00:00:00.000Z,אוסטרליה,0,10,10
2021-07-29T00:00:00.000Z,בלגיה,56,90,146
2021-07-29T00:00:00.000Z,מקדוניה,3,2,5
2021-07-29T00:00:00.000Z,דנמרק,25,14,39
2021-07-29T00:00:00.000Z,קירג'זסטאן,3,0,3
2021-07-29T00:00:00.000Z,בחריין,3,1,4
2021-07-29T00:00:00.000Z,קוסובו,5,0,5
2021-07-29T00:00:00.000Z,אתיופיה,31,13,44
2021-07-29T00:00:00.000Z,גויאנה הצרפתית,0,1,1
2021-07-29T00:00:00.000Z,ספרד,117,78,195
2021-07-29T00:00:00.000Z,ניגריה,8,3,11
2021-07-29T00:00:00.000Z,אלבניה,58,9,67
2021-07-29T00:00:00.000Z,קמרון,1,0,1
2021-07-29T00:00:00.000Z,ערב הסעודית,0,2,2
2021-07-29T00:00:00.000Z,סרביה,87,45,132
2021-07-29T00:00:00.000Z,איי סיישל,4,0,4
2021-07-29T00:00:00.000Z,לבנון,0,13,13
2021-07-29T00:00:00.000Z,רומניה,259,88,347
2021-07-29T00:00:00.000Z,ארצות הברית,993,1507,2500
2021-07-29T00:00:00.000Z,קטר,5,0,5
2021-07-29T00:00:00.000Z,קניה,16,4,20
2021-07-29T00:00:00.000Z,אוגנדה,1,0,1
2021-07-29T00:00:00.000Z,תאילנד,90,44,134
2021-07-29T00:00:00.000Z,מונגוליה,1,0,1
2021-07-29T00:00:00.000Z,ברזיל,6,3,9
2021-07-29T00:00:00.000Z,ארגנטינה,1,11,12
2021-07-29T00:00:00.000Z,גינאה,1,0,1
2021-07-29T00:00:00.000Z,אזרביג'אן,55,7,62
2021-07-29T00:00:00.000Z,פנמה,8,19,27
2021-07-29T00:00:00.000Z,שוודיה,8,3,11
2021-07-29T00:00:00.000Z,אנגולה,1,0,1
2021-07-29T00:00:00.000Z,סווזילנד,1,0,1
2021-07-29T00:00:00.000Z,גרמניה,405,210,615
2021-07-29T00:00:00.000Z,קרואטיה,7,3,10
2021-07-29T00:00:00.000Z,הממלכה המאוחדת,426,1072,1498
2021-07-29T00:00:00.000Z,מלאווי,1,0,1
2021-07-29T00:00:00.000Z,תורכיה,1769,1221,2990
2021-07-29T00:00:00.000Z,ארמניה,60,7,67
2021-07-29T00:00:00.000Z,אירלנד,5,1,6
2021-07-29T00:00:00.000Z,בילורוסיה,0,1,1
2021-07-29T00:00:00.000Z,שוויץ,203,188,391
2021-07-29T00:00:00.000Z,מולדובה,109,74,183
2021-07-29T00:00:00.000Z,זימבאבווה,0,1,1
2021-07-29T00:00:00.000Z,אורגוואי,0,1,1
2021-07-29T00:00:00.000Z,אוקראינה,411,467,878
2021-07-29T00:00:00.000Z,ירדן,390,250,640
2021-07-29T00:00:00.000Z,אוסטריה,167,80,247
2021-07-29T00:00:00.000Z,איי טורקס וקייקוס,12,4,16
2021-07-29T00:00:00.000Z,האנטילים ההולנדים,1,0,1
2021-07-29T00:00:00.000Z,צכיה,94,52,146
2021-07-29T00:00:00.000Z,בולגריה,753,111,864
2021-07-29T00:00:00.000Z,גמייקה,0,4,4
2021-07-29T00:00:00.000Z,פרו,4,1,5
2021-07-29T00:00:00.000Z,יוון,2636,644,3280
2021-07-29T00:00:00.000Z,צ'ילה,1,3,4
2021-07-29T00:00:00.000Z,פורטוגל,26,6,32
2021-07-29T00:00:00.000Z,יפן,6,2,8
2021-07-29T00:00:00.000Z,טונגה,1,0,1
2021-07-29T00:00:00.000Z,צאד,1,0,1
2021-07-29T00:00:00.000Z,דרום אפריקה,0,6,6
2021-07-29T00:00:00.000Z,מקסיקו,0,3,3
2021-07-29T00:00:00.000Z,גאורגיה,617,298,915
2021-07-29T00:00:00.000Z,איסלנד,148,2,150
2021-07-29T00:00:00.000Z,קוריאה הדרומית,1,0,1
2021-07-29T00:00:00.000Z,חוף השנהב,5,0,5
2021-07-29T00:00:00.000Z,תורכמניסטאן,17,3,20
2021-07-29T00:00:00.000Z,נורבגיה,1,0,1
2021-07-29T00:00:00.000Z,לוכסמבורג,1,0,1
2021-07-29T00:00:00.000Z,קונגו,2,0,2
2021-07-30T00:00:00.000Z,גמביה,0,1,1
2021-07-30T00:00:00.000Z,ארצות הברית,1142,1086,2228
2021-07-30T00:00:00.000Z,סרביה,90,11,101
2021-07-30T00:00:00.000Z,תוניסיה,1,0,1
2021-07-30T00:00:00.000Z,מאלי,3,0,3
2021-07-30T00:00:00.000Z,ארגנטינה,0,3,3
2021-07-30T00:00:00.000Z,נורבגיה,1,3,4
2021-07-30T00:00:00.000Z,אוסטרליה,8,5,13
2021-07-30T00:00:00.000Z,איסלנד,23,2,25
2021-07-30T00:00:00.000Z,אירלנד,14,2,16
2021-07-30T00:00:00.000Z,קזחסטאן,10,1,11
2021-07-30T00:00:00.000Z,מצרים,577,404,981
2021-07-30T00:00:00.000Z,אנגולה,3,0,3
2021-07-30T00:00:00.000Z,דנמרק,24,11,35
2021-07-30T00:00:00.000Z,מונקו,1,1,2
2021-07-30T00:00:00.000Z,בהמס,2,0,2
2021-07-30T00:00:00.000Z,אסטוניה,8,0,8
2021-07-30T00:00:00.000Z,אתיופיה,4,2,6
2021-07-30T00:00:00.000Z,פולין,75,7,82
2021-07-30T00:00:00.000Z,יפן,6,5,11
2021-07-30T00:00:00.000Z,איחוד האמירויות הערב,9,4,13
2021-07-30T00:00:00.000Z,איטליה,609,185,794
2021-07-30T00:00:00.000Z,רוסיה,45,26,71
2021-07-30T00:00:00.000Z,קפריסין,197,187,384
2021-07-30T00:00:00.000Z,דומיניקה,1,0,1
2021-07-30T00:00:00.000Z,ספרד,69,33,102
2021-07-30T00:00:00.000Z,צכיה,269,53,322
2021-07-30T00:00:00.000Z,קנדה,47,91,138
2021-07-30T00:00:00.000Z,מלדיבים,73,26,99
2021-07-30T00:00:00.000Z,סינגפור,1,0,1
2021-07-30T00:00:00.000Z,קניה,0,1,1
2021-07-30T00:00:00.000Z,רומניה,409,111,520
2021-07-30T00:00:00.000Z,זאיר,1,0,1
2021-07-30T00:00:00.000Z,תורכמניסטאן,20,11,31
2021-07-30T00:00:00.000Z,מרוקו,8,0,8
2021-07-30T00:00:00.000Z,איי גילברט ואליס,2,0,2
2021-07-30T00:00:00.000Z,גווטאמלה,5,1,6
2021-07-30T00:00:00.000Z,סלובניה,6,3,9
2021-07-30T00:00:00.000Z,סין,12,229,241
2021-07-30T00:00:00.000Z,ארמניה,1,4,5
2021-07-30T00:00:00.000Z,לטביה,5,1,6
2021-07-30T00:00:00.000Z,גאנה,2,0,2
2021-07-30T00:00:00.000Z,ברבדוס,0,5,5
2021-07-30T00:00:00.000Z,פינלנד,60,21,81
2021-07-30T00:00:00.000Z,גינאה המשוונית,1,0,1
2021-07-30T00:00:00.000Z,קוריאה הדרומית,8,6,14
2021-07-30T00:00:00.000Z,מקדוניה,1,0,1
2021-07-30T00:00:00.000Z,הולנד,214,84,298
2021-07-30T00:00:00.000Z,פרו,1,0,1
2021-07-30T00:00:00.000Z,מונטנגרו,241,28,269
2021-07-30T00:00:00.000Z,הרפ הדומיניקנית,1,0,1
2021-07-30T00:00:00.000Z,גאורגיה,425,137,562
2021-07-30T00:00:00.000Z,הונג קונג,1,7,8
2021-07-30T00:00:00.000Z,ניגריה,5,0,5
2021-07-30T00:00:00.000Z,בליז,1,0,1
2021-07-30T00:00:00.000Z,פיליפינים,0,4,4
2021-07-30T00:00:00.000Z,גמייקה,1,0,1
2021-07-30T00:00:00.000Z,שוודיה,8,6,14
2021-07-30T00:00:00.000Z,בלגיה,75,70,145
2021-07-30T00:00:00.000Z,קולומביה,1,0,1
2021-07-30T00:00:00.000Z,ירדן,5,38,43
2021-07-30T00:00:00.000Z,פורטוגל,17,2,19
2021-07-30T00:00:00.000Z,קוסטה ריקה,8,1,9
2021-07-30T00:00:00.000Z,פנמה,7,0,7
2021-07-30T00:00:00.000Z,בולגריה,439,129,568
2021-07-30T00:00:00.000Z,איי טורקס וקייקוס,2,2,4
2021-07-30T00:00:00.000Z,שוויץ,388,231,619
2021-07-30T00:00:00.000Z,יוון,1994,463,2457
2021-07-30T00:00:00.000Z,נפאל,0,3,3
2021-07-30T00:00:00.000Z,תאילנד,0,1,1
2021-07-30T00:00:00.000Z,גרמניה,486,237,723
2021-07-30T00:00:00.000Z,קרואטיה,15,13,28
2021-07-30T00:00:00.000Z,אורגוואי,2,1,3
2021-07-30T00:00:00.000Z,גיברלטר,0,3,3
2021-07-30T00:00:00.000Z,בוסניה הרצגובינה,3,1,4
2021-07-30T00:00:00.000Z,כלל המדינות,11592,6472,18064
2021-07-30T00:00:00.000Z,אנדורה,1,0,1
2021-07-30T00:00:00.000Z,אוקראינה,370,249,619
2021-07-30T00:00:00.000Z,צרפת,304,306,610
2021-07-30T00:00:00.000Z,קירג'זסטאן,2,0,2
2021-07-30T00:00:00.000Z,טנזניה,3,0,3
2021-07-30T00:00:00.000Z,אזרביג'אן,12,2,14
2021-07-30T00:00:00.000Z,הממלכה המאוחדת,186,291,477
2021-07-30T00:00:00.000Z,תורכיה,1209,828,2037
2021-07-30T00:00:00.000Z,הונגריה,73,52,125
2021-07-30T00:00:00.000Z,אוסטריה,521,224,745
2021-07-30T00:00:00.000Z,חוף השנהב,1,0,1
2021-07-30T00:00:00.000Z,מקסיקו,0,1,1
2021-07-31T00:00:00.000Z,לטביה,67,21,88
2021-07-31T00:00:00.000Z,קירג'זסטאן,4,0,4
2021-07-31T00:00:00.000Z,תורכיה,1570,1066,2636
2021-07-31T00:00:00.000Z,ארצות הברית,618,846,1464
2021-07-31T00:00:00.000Z,מאלי,5,0,5
2021-07-31T00:00:00.000Z,צרפת,291,262,553
2021-07-31T00:00:00.000Z,בחריין,1,0,1
2021-07-31T00:00:00.000Z,אזרביג'אן,1,0,1
2021-07-31T00:00:00.000Z,אירלנד,3,6,9
2021-07-31T00:00:00.000Z,גינאה,0,1,1
2021-07-31T00:00:00.000Z,איחוד האמירויות הערב,39,19,58
2021-07-31T00:00:00.000Z,קזחסטאן,3,4,7
2021-07-31T00:00:00.000Z,מוזמביק,1,0,1
2021-07-31T00:00:00.000Z,גבון,2,0,2
2021-07-31T00:00:00.000Z,דרום אפריקה,1,2,3
2021-07-31T00:00:00.000Z,קפריסין,120,33,153
2021-07-31T00:00:00.000Z,איסלנד,69,3,72
2021-07-31T00:00:00.000Z,נמיביה,4,1,5
2021-07-31T00:00:00.000Z,סלובניה,4,4,8
2021-07-31T00:00:00.000Z,אקואדור,1,0,1
2021-07-31T00:00:00.000Z,רוסיה,1,2,3
2021-07-31T00:00:00.000Z,מולדובה,42,26,68
2021-07-31T00:00:00.000Z,סלובקיה,1,0,1
2021-07-31T00:00:00.000Z,מונטנגרו,163,11,174
2021-07-31T00:00:00.000Z,רומניה,393,135,528
2021-07-31T00:00:00.000Z,שוודיה,11,6,17
2021-07-31T00:00:00.000Z,מלדיבים,73,9,82
2021-07-31T00:00:00.000Z,קרואטיה,16,3,19
2021-07-31T00:00:00.000Z,אתיופיה,15,10,25
2021-07-31T00:00:00.000Z,ניגר,0,1,1
2021-07-31T00:00:00.000Z,ניגריה,8,3,11
2021-07-31T00:00:00.000Z,איטליה,352,133,485
2021-07-31T00:00:00.000Z,סרביה,49,16,65
2021-07-31T00:00:00.000Z,בורקינה פאסו,2,0,2
2021-07-31T00:00:00.000Z,יוון,1505,240,1745
2021-07-31T00:00:00.000Z,גרמניה,299,113,412
2021-07-31T00:00:00.000Z,קמבודיה,0,1,1
2021-07-31T00:00:00.000Z,סינגפור,1,5,6
2021-07-31T00:00:00.000Z,פרו,1,1,2
2021-07-31T00:00:00.000Z,מונקו,2,0,2
2021-07-31T00:00:00.000Z,סין,0,4,4
2021-07-31T00:00:00.000Z,הולנד,166,38,204
2021-07-31T00:00:00.000Z,טנזניה,32,4,36
2021-07-31T00:00:00.000Z,צ'ילה,4,0,4
2021-07-31T00:00:00.000Z,ארמניה,5,2,7
2021-07-31T00:00:00.000Z,גווטאמלה,1,0,1
2021-07-31T00:00:00.000Z,קוריאה הדרומית,1,2,3
2021-07-31T00:00:00.000Z,בולגריה,132,25,157
2021-07-31T00:00:00.000Z,תאילנד,5,0,5
2021-07-31T00:00:00.000Z,פיליפינים,2,23,25
2021-07-31T00:00:00.000Z,דנמרק,17,9,26
2021-07-31T00:00:00.000Z,פורטוגל,20,2,22
2021-07-31T00:00:00.000Z,אוסטריה,236,48,284
2021-07-31T00:00:00.000Z,ויטנאם,1,0,1
2021-07-31T00:00:00.000Z,ליטא,15,1,16
2021-07-31T00:00:00.000Z,קניה,10,5,15
2021-07-31T00:00:00.000Z,מרוקו,7,2,9
2021-07-31T00:00:00.000Z,בלגיה,12,4,16
2021-07-31T00:00:00.000Z,מקסיקו,2,5,7
2021-07-31T00:00:00.000Z,הונגריה,78,45,123
2021-07-31T00:00:00.000Z,אוזבקיסטן,2,0,2
2021-07-31T00:00:00.000Z,קולומביה,0,2,2
2021-07-31T00:00:00.000Z,מצרים,889,527,1416
2021-07-31T00:00:00.000Z,פנמה,0,1,1
2021-07-31T00:00:00.000Z,כלל המדינות,8505,4673,13178
2021-07-31T00:00:00.000Z,בוטסואנה,3,0,3
2021-07-31T00:00:00.000Z,מלטה,1,5,6
2021-07-31T00:00:00.000Z,איי סיישל,2,0,2
2021-07-31T00:00:00.000Z,שוויץ,104,26,130
2021-07-31T00:00:00.000Z,גאנה,3,0,3
2021-07-31T00:00:00.000Z,אוסטרליה,1,6,7
2021-07-31T00:00:00.000Z,ברזיל,0,3,3
2021-07-31T00:00:00.000Z,גרנדה,0,1,1
2021-07-31T00:00:00.000Z,הממלכה המאוחדת,47,62,109
2021-07-31T00:00:00.000Z,ספרד,12,3,15
2021-07-31T00:00:00.000Z,גינאה המשוונית,0,1,1
2021-07-31T00:00:00.000Z,גאורגיה,65,11,76
2021-07-31T00:00:00.000Z,ניו זילנד,1,0,1
2021-07-31T00:00:00.000Z,פינלנד,19,10,29
2021-07-31T00:00:00.000Z,הרפ הדומיניקנית,6,0,6
2021-07-31T00:00:00.000Z,קטר,1,3,4
2021-07-31T00:00:00.000Z,סרי לנקה (צילון),1,0,1
2021-07-31T00:00:00.000Z,רואנדה,2,0,2
2021-07-31T00:00:00.000Z,צכיה,7,0,7
2021-07-31T00:00:00.000Z,יפן,4,1,5
2021-07-31T00:00:00.000Z,קנדה,13,68,81
2021-07-31T00:00:00.000Z,ירדן,3,22,25
2021-07-31T00:00:00.000Z,תורכמניסטאן,10,4,14
2021-07-31T00:00:00.000Z,חוף השנהב,4,0,4
2021-07-31T00:00:00.000Z,איי טורקס וקייקוס,1,0,1
2021-07-31T00:00:00.000Z,בוסניה הרצגובינה,7,0,7
2021-07-31T00:00:00.000Z,אוקראינה,338,120,458
2021-07-31T00:00:00.000Z,אלבניה,1,0,1
2021-07-31T00:00:00.000Z,פולין,142,24,166
2021-08-01T00:00:00.000Z,כלל המדינות,12475,7290,19765
2021-08-01T00:00:00.000Z,דנמרק,28,7,35
2021-08-01T00:00:00.000Z,הונגריה,101,59,160
2021-08-01T00:00:00.000Z,מונטנגרו,11,2,13
2021-08-01T00:00:00.000Z,קזחסטאן,7,18,25
2021-08-01T00:00:00.000Z,ספרד,26,30,56
2021-08-01T00:00:00.000Z,טנזניה,1,0,1
2021-08-01T00:00:00.000Z,תוניסיה,4,0,4
2021-08-01T00:00:00.000Z,סרביה,4,5,9
2021-08-01T00:00:00.000Z,בוליביה,2,0,2
2021-08-01T00:00:00.000Z,אוסטריה,193,105,298
2021-08-01T00:00:00.000Z,אורגוואי,0,3,3
2021-08-01T00:00:00.000Z,ניקרגואה,1,0,1
2021-08-01T00:00:00.000Z,מקאו,0,1,1
2021-08-01T00:00:00.000Z,מצרים,788,346,1134
2021-08-01T00:00:00.000Z,צרפת,646,836,1482
2021-08-01T00:00:00.000Z,ארמניה,4,3,7
2021-08-01T00:00:00.000Z,גאנה,1,1,2
2021-08-01T00:00:00.000Z,לוכסמבורג,0,4,4
2021-08-01T00:00:00.000Z,תורכיה,1509,1154,2663
2021-08-01T00:00:00.000Z,לטביה,2,0,2
2021-08-01T00:00:00.000Z,קוסטה ריקה,3,5,8
2021-08-01T00:00:00.000Z,רומניה,254,64,318
2021-08-01T00:00:00.000Z,סינגפור,0,11,11
2021-08-01T00:00:00.000Z,קנדה,19,62,81
2021-08-01T00:00:00.000Z,פיליפינים,4,5,9
2021-08-01T00:00:00.000Z,שוויץ,330,300,630
2021-08-01T00:00:00.000Z,אוסטרליה,0,7,7
2021-08-01T00:00:00.000Z,אירלנד,7,7,14
2021-08-01T00:00:00.000Z,פינלנד,3,2,5
2021-08-01T00:00:00.000Z,ניו זילנד,1,2,3
2021-08-01T00:00:00.000Z,ונצואלה,2,0,2
2021-08-01T00:00:00.000Z,ארצות הברית,711,803,1514
2021-08-01T00:00:00.000Z,ליטא,90,30,120
2021-08-01T00:00:00.000Z,אוקראינה,451,286,737
2021-08-01T00:00:00.000Z,קפריסין,221,147,368
2021-08-01T00:00:00.000Z,צ'ילה,0,4,4
2021-08-01T00:00:00.000Z,אלבניה,74,6,80
2021-08-01T00:00:00.000Z,פורטוגל,22,2,24
2021-08-01T00:00:00.000Z,גמייקה,1,0,1
2021-08-01T00:00:00.000Z,תימן,1,0,1
2021-08-01T00:00:00.000Z,רוסיה,26,80,106
2021-08-01T00:00:00.000Z,ירדן,642,331,973
2021-08-01T00:00:00.000Z,מלדיבים,15,4,19
2021-08-01T00:00:00.000Z,הודו,1,0,1
2021-08-01T00:00:00.000Z,תאילנד,70,26,96
2021-08-01T00:00:00.000Z,אסטוניה,4,21,25
2021-08-01T00:00:00.000Z,אנדורה,1,0,1
2021-08-01T00:00:00.000Z,פולין,58,9,67
2021-08-01T00:00:00.000Z,איחוד האמירויות הערב,28,16,44
2021-08-01T00:00:00.000Z,מלטה,1,0,1
2021-08-01T00:00:00.000Z,נורבגיה,1,3,4
2021-08-01T00:00:00.000Z,גאורגיה,274,115,389
2021-08-01T00:00:00.000Z,קולומביה,2,1,3
2021-08-01T00:00:00.000Z,איטליה,541,159,700
2021-08-01T00:00:00.000Z,ניגריה,5,1,6
2021-08-01T00:00:00.000Z,מלזיה,0,2,2
2021-08-01T00:00:00.000Z,יוון,2460,485,2945
2021-08-01T00:00:00.000Z,אוזבקיסטן,3,1,4
2021-08-01T00:00:00.000Z,נפאל,0,1,1
2021-08-01T00:00:00.000Z,איסלנד,62,6,68
2021-08-01T00:00:00.000Z,איי גילברט ואליס,1,1,2
2021-08-01T00:00:00.000Z,מולדובה,76,43,119
2021-08-01T00:00:00.000Z,מרוקו,1,2,3
2021-08-01T00:00:00.000Z,הממלכה המאוחדת,168,194,362
2021-08-01T00:00:00.000Z,פנמה,1,0,1
2021-08-01T00:00:00.000Z,גרמניה,366,269,635
2021-08-01T00:00:00.000Z,חוף השנהב,1,0,1
2021-08-01T00:00:00.000Z,קרואטיה,7,4,11
2021-08-01T00:00:00.000Z,בולגריה,727,97,824
2021-08-01T00:00:00.000Z,אזרביג'אן,66,34,100
2021-08-01T00:00:00.000Z,דרום אפריקה,1,2,3
2021-08-01T00:00:00.000Z,בילורוסיה,74,45,119
2021-08-01T00:00:00.000Z,בוסניה הרצגובינה,4,1,5
2021-08-01T00:00:00.000Z,ברזיל,1,0,1
2021-08-01T00:00:00.000Z,קוסובו,0,1,1
2021-08-01T00:00:00.000Z,ארגנטינה,0,8,8
2021-08-01T00:00:00.000Z,בלגיה,44,69,113
2021-08-01T00:00:00.000Z,תורכמניסטאן,8,5,13
2021-08-01T00:00:00.000Z,הולנד,225,109,334
2021-08-01T00:00:00.000Z,קירג'זסטאן,0,1,1
2021-08-01T00:00:00.000Z,צכיה,142,39,181
2021-08-01T00:00:00.000Z,שוודיה,16,2,18
2021-08-01T00:00:00.000Z,קוריאה הדרומית,4,5,9
2021-08-01T00:00:00.000Z,יפן,5,8,13
2021-08-02T00:00:00.000Z,ארמניה,7,0,7
2021-08-02T00:00:00.000Z,אסטוניה,1,0,1
2021-08-02T00:00:00.000Z,פנמה,3,0,3
2021-08-02T00:00:00.000Z,אוזבקיסטן,1,2,3
2021-08-02T00:00:00.000Z,ליטא,3,0,3
2021-08-02T00:00:00.000Z,סוריה,5,5,10
2021-08-02T00:00:00.000Z,סאו טומה ופרינציפה,2,0,2
2021-08-02T00:00:00.000Z,אוסטריה,488,268,756
2021-08-02T00:00:00.000Z,מלדיבים,25,2,27
2021-08-02T00:00:00.000Z,איחוד האמירויות הערב,22,23,45
2021-08-02T00:00:00.000Z,גאורגיה,225,86,311
2021-08-02T00:00:00.000Z,סרביה,76,22,98
2021-08-02T00:00:00.000Z,שוויץ,298,359,657
2021-08-02T00:00:00.000Z,תוניסיה,0,1,1
2021-08-02T00:00:00.000Z,רואנדה,1,0,1
2021-08-02T00:00:00.000Z,ספרד,77,50,127
2021-08-02T00:00:00.000Z,לבנון,0,1,1
2021-08-02T00:00:00.000Z,רומניה,449,147,596
2021-08-02T00:00:00.000Z,בוסניה הרצגובינה,11,5,16
2021-08-02T00:00:00.000Z,צכיה,173,57,230
2021-08-02T00:00:00.000Z,גרנדה,3,4,7
2021-08-02T00:00:00.000Z,הודו,11,58,69
2021-08-02T00:00:00.000Z,אזרביג'אן,15,4,19
2021-08-02T00:00:00.000Z,אוסטרליה,4,9,13
2021-08-02T00:00:00.000Z,צ'ילה,0,2,2
2021-08-02T00:00:00.000Z,רוסיה,38,109,147
2021-08-02T00:00:00.000Z,אתיופיה,19,4,23
2021-08-02T00:00:00.000Z,מרוקו,24,13,37
2021-08-02T00:00:00.000Z,פורטוגל,121,34,155
2021-08-02T00:00:00.000Z,יפן,41,4,45
2021-08-02T00:00:00.000Z,איטליה,702,213,915
2021-08-02T00:00:00.000Z,דנמרק,2,10,12
2021-08-02T00:00:00.000Z,תורכמניסטאן,12,3,15
2021-08-02T00:00:00.000Z,האנטילים ההולנדים,0,1,1
2021-08-02T00:00:00.000Z,פיליפינים,1,2,3
2021-08-02T00:00:00.000Z,סלובניה,3,0,3
2021-08-02T00:00:00.000Z,ירדן,194,187,381
2021-08-02T00:00:00.000Z,טנזניה,3,0,3
2021-08-02T00:00:00.000Z,ניגריה,6,1,7
2021-08-02T00:00:00.000Z,שוודיה,4,2,6
2021-08-02T00:00:00.000Z,פאפואה,0,1,1
2021-08-02T00:00:00.000Z,צרפת,446,668,1114
2021-08-02T00:00:00.000Z,אנגולה,0,1,1
2021-08-02T00:00:00.000Z,גאנה,1,0,1
2021-08-02T00:00:00.000Z,קובה,0,1,1
2021-08-02T00:00:00.000Z,קפריסין,53,52,105
2021-08-02T00:00:00.000Z,יוון,1755,388,2143
2021-08-02T00:00:00.000Z,ארצות הברית,970,2111,3081
2021-08-02T00:00:00.000Z,הממלכה המאוחדת,153,173,326
2021-08-02T00:00:00.000Z,סינגפור,1,3,4
2021-08-02T00:00:00.000Z,הולנד,212,89,301
2021-08-02T00:00:00.000Z,קוסטה ריקה,8,1,9
2021-08-02T00:00:00.000Z,ברזיל,2,20,22
2021-08-02T00:00:00.000Z,אירלנד,5,5,10
2021-08-02T00:00:00.000Z,איסלנד,67,7,74
2021-08-02T00:00:00.000Z,אלבניה,0,1,1
2021-08-02T00:00:00.000Z,קרואטיה,4,4,8
2021-08-02T00:00:00.000Z,עירק,0,4,4
2021-08-02T00:00:00.000Z,לטביה,0,1,1
2021-08-02T00:00:00.000Z,סיירה ליאונה,0,1,1
2021-08-02T00:00:00.000Z,סרי לנקה (צילון),5,2,7
2021-08-02T00:00:00.000Z,אוקראינה,420,336,756
2021-08-02T00:00:00.000Z,איי טורקס וקייקוס,1,5,6
2021-08-02T00:00:00.000Z,פולין,343,64,407
2021-08-02T00:00:00.000Z,פרו,4,0,4
2021-08-02T00:00:00.000Z,קונגו,0,1,1
2021-08-02T00:00:00.000Z,הונגריה,91,29,120
2021-08-02T00:00:00.000Z,עומן,0,1,1
2021-08-02T00:00:00.000Z,טיוואן,0,1,1
2021-08-02T00:00:00.000Z,קוסובו,0,1,1
2021-08-02T00:00:00.000Z,תורכיה,1249,724,1973
2021-08-02T00:00:00.000Z,קנדה,48,224,272
2021-08-02T00:00:00.000Z,בולגריה,632,138,770
2021-08-02T00:00:00.000Z,מונטנגרו,125,11,136
2021-08-02T00:00:00.000Z,גרמניה,482,295,777
2021-08-02T00:00:00.000Z,בלגיה,95,177,272
2021-08-02T00:00:00.000Z,תימן,2,1,3
2021-08-02T00:00:00.000Z,בחריין,0,1,1
2021-08-02T00:00:00.000Z,פינלנד,1,2,3
2021-08-02T00:00:00.000Z,סין,1,6,7
2021-08-02T00:00:00.000Z,מקסיקו,0,20,20
2021-08-02T00:00:00.000Z,מלטה,3,0,3
2021-08-02T00:00:00.000Z,כלל המדינות,11656,8374,20030
2021-08-02T00:00:00.000Z,קירג'זסטאן,2,0,2
2021-08-02T00:00:00.000Z,מצרים,531,281,812
2021-08-02T00:00:00.000Z,חוף השנהב,1,0,1
2021-08-02T00:00:00.000Z,הונג קונג,0,1,1
2021-08-02T00:00:00.000Z,אורגוואי,2,3,5
2021-08-02T00:00:00.000Z,קזחסטאן,7,6,13
2021-08-02T00:00:00.000Z,דרום אפריקה,2,3,5
2021-08-02T00:00:00.000Z,קניה,10,1,11
2021-08-03T00:00:00.000Z,מונקו,1,0,1
2021-08-03T00:00:00.000Z,סין,2,12,14
2021-08-03T00:00:00.000Z,ברזיל,0,6,6
2021-08-03T00:00:00.000Z,צ'ילה,0,1,1
2021-08-03T00:00:00.000Z,יוון,1191,239,1430
2021-08-03T00:00:00.000Z,מקסיקו,0,5,5
2021-08-03T00:00:00.000Z,סלובקיה,6,1,7
2021-08-03T00:00:00.000Z,נורבגיה,2,0,2
2021-08-03T00:00:00.000Z,פינלנד,7,3,10
2021-08-03T00:00:00.000Z,בוסניה הרצגובינה,14,13,27
2021-08-03T00:00:00.000Z,אזרביג'אן,4,1,5
2021-08-03T00:00:00.000Z,קולומביה,2,0,2
2021-08-03T00:00:00.000Z,קוסובו,0,1,1
2021-08-03T00:00:00.000Z,גווטאמלה,2,0,2
2021-08-03T00:00:00.000Z,אלבניה,66,17,83
2021-08-03T00:00:00.000Z,שוודיה,23,15,38
2021-08-03T00:00:00.000Z,סרביה,65,19,84
2021-08-03T00:00:00.000Z,הולנד,229,49,278
2021-08-03T00:00:00.000Z,אנטיגואה וברבודה,1,0,1
2021-08-03T00:00:00.000Z,מרוקו,8,6,14
2021-08-03T00:00:00.000Z,אקואדור,3,6,9
2021-08-03T00:00:00.000Z,מלטה,0,7,7
2021-08-03T00:00:00.000Z,פנמה,6,6,12
2021-08-03T00:00:00.000Z,ניקרגואה,1,0,1
2021-08-03T00:00:00.000Z,הונג קונג,4,16,20
2021-08-03T00:00:00.000Z,קטר,1,0,1
2021-08-03T00:00:00.000Z,הממלכה המאוחדת,159,194,353
2021-08-03T00:00:00.000Z,גיברלטר,2,2,4
2021-08-03T00:00:00.000Z,תורכיה,864,539,1403
2021-08-03T00:00:00.000Z,לטביה,55,13,68
2021-08-03T00:00:00.000Z,מלדיבים,11,1,12
2021-08-03T00:00:00.000Z,גאנה,1,0,1
2021-08-03T00:00:00.000Z,מצרים,444,321,765
2021-08-03T00:00:00.000Z,קוסטה ריקה,5,2,7
2021-08-03T00:00:00.000Z,מוזמביק,2,0,2
2021-08-03T00:00:00.000Z,רומניה,198,62,260
2021-08-03T00:00:00.000Z,פיליפינים,0,5,5
2021-08-03T00:00:00.000Z,מולדובה,65,19,84
2021-08-03T00:00:00.000Z,טנזניה,18,3,21
2021-08-03T00:00:00.000Z,תאילנד,4,1,5
2021-08-03T00:00:00.000Z,אסטוניה,8,5,13
2021-08-03T00:00:00.000Z,פולין,142,58,200
2021-08-03T00:00:00.000Z,בוליביה,0,6,6
2021-08-03T00:00:00.000Z,אוסטרליה,0,3,3
2021-08-03T00:00:00.000Z,בהמס,1,0,1
2021-08-03T00:00:00.000Z,רוסיה,22,45,67
2021-08-03T00:00:00.000Z,גאורגיה,138,74,212
2021-08-03T00:00:00.000Z,אתיופיה,14,7,21
2021-08-03T00:00:00.000Z,אנגולה,1,0,1
2021-08-03T00:00:00.000Z,ליטא,8,4,12
2021-08-03T00:00:00.000Z,אוזבקיסטן,2,0,2
2021-08-03T00:00:00.000Z,קפריסין,83,36,119
2021-08-03T00:00:00.000Z,קניה,5,2,7
2021-08-03T00:00:00.000Z,שוויץ,238,299,537
2021-08-03T00:00:00.000Z,קרואטיה,11,3,14
2021-08-03T00:00:00.000Z,מאלי,3,0,3
2021-08-03T00:00:00.000Z,נפאל,0,2,2
2021-08-03T00:00:00.000Z,סלובניה,4,2,6
2021-08-03T00:00:00.000Z,אירלנד,9,3,12
2021-08-03T00:00:00.000Z,עירק,0,8,8
2021-08-03T00:00:00.000Z,תורכמניסטאן,5,7,12
2021-08-03T00:00:00.000Z,לבנון,1,1,2
2021-08-03T00:00:00.000Z,דרום אפריקה,1,6,7
2021-08-03T00:00:00.000Z,צכיה,63,17,80
2021-08-03T00:00:00.000Z,קזחסטאן,0,2,2
2021-08-03T00:00:00.000Z,ארגנטינה,1,1,2
2021-08-03T00:00:00.000Z,פורטוגל,19,5,24
2021-08-03T00:00:00.000Z,אוקראינה,247,244,491
2021-08-03T00:00:00.000Z,ארצות הברית,898,1461,2359
2021-08-03T00:00:00.000Z,קובה,0,1,1
2021-08-03T00:00:00.000Z,לסוטו,1,0,1
2021-08-03T00:00:00.000Z,יפן,14,6,20
2021-08-03T00:00:00.000Z,איחוד האמירויות הערב,19,19,38
2021-08-03T00:00:00.000Z,קנדה,29,99,128
2021-08-03T00:00:00.000Z,ניגריה,3,0,3
2021-08-03T00:00:00.000Z,אוסטריה,269,136,405
2021-08-03T00:00:00.000Z,איסלנד,351,8,359
2021-08-03T00:00:00.000Z,בורקינה פאסו,1,0,1
2021-08-03T00:00:00.000Z,ניו זילנד,0,1,1
2021-08-03T00:00:00.000Z,בולגריה,420,105,525
2021-08-03T00:00:00.000Z,ספרד,66,59,125
2021-08-03T00:00:00.000Z,מונטנגרו,1,1,2
2021-08-03T00:00:00.000Z,פרו,2,4,6
2021-08-03T00:00:00.000Z,חוף השנהב,3,0,3
2021-08-03T00:00:00.000Z,הונגריה,131,81,212
2021-08-03T00:00:00.000Z,קונגו,1,0,1
2021-08-03T00:00:00.000Z,גרמניה,494,228,722
2021-08-03T00:00:00.000Z,בלגיה,11,13,24
2021-08-03T00:00:00.000Z,ארמניה,2,6,8
2021-08-03T00:00:00.000Z,זאיר,2,0,2
2021-08-03T00:00:00.000Z,צרפת,517,791,1308
2021-08-03T00:00:00.000Z,איטליה,373,161,534
2021-08-03T00:00:00.000Z,דנמרק,21,33,54
2021-08-03T00:00:00.000Z,הרפ הדומיניקנית,7,0,7
2021-08-03T00:00:00.000Z,אורגוואי,7,7,14
2021-08-03T00:00:00.000Z,כלל המדינות,8832,6476,15308
2021-08-03T00:00:00.000Z,גינאה,0,1,1
2021-08-03T00:00:00.000Z,ירדן,147,74,221
2021-08-04T00:00:00.000Z,קנדה,40,137,177
2021-08-04T00:00:00.000Z,סורינם,1,0,1
2021-08-04T00:00:00.000Z,תורכיה,1090,692,1782
2021-08-04T00:00:00.000Z,ארמניה,4,3,7
2021-08-04T00:00:00.000Z,ספרד,4,2,6
2021-08-04T00:00:00.000Z,איחוד האמירויות הערב,28,44,72
2021-08-04T00:00:00.000Z,גאורגיה,124,60,184
2021-08-04T00:00:00.000Z,קולומביה,1,2,3
2021-08-04T00:00:00.000Z,סנגל,0,3,3
2021-08-04T00:00:00.000Z,פרגוואי,12,2,14
2021-08-04T00:00:00.000Z,פולין,43,21,64
2021-08-04T00:00:00.000Z,יפן,1,4,5
2021-08-04T00:00:00.000Z,צכיה,80,16,96
2021-08-04T00:00:00.000Z,אלבניה,1,0,1
2021-08-04T00:00:00.000Z,סלובקיה,1,0,1
2021-08-04T00:00:00.000Z,פורטוגל,6,0,6
2021-08-04T00:00:00.000Z,סין,1,38,39
2021-08-04T00:00:00.000Z,ליטא,1,0,1
2021-08-04T00:00:00.000Z,בורקינה פאסו,2,0,2
2021-08-04T00:00:00.000Z,קפריסין,50,52,102
2021-08-04T00:00:00.000Z,טנזניה,142,9,151
2021-08-04T00:00:00.000Z,מלאווי,0,1,1
2021-08-04T00:00:00.000Z,אוזבקיסטן,0,2,2
2021-08-04T00:00:00.000Z,קוסטה ריקה,4,2,6
2021-08-04T00:00:00.000Z,צרפת,577,922,1499
2021-08-04T00:00:00.000Z,זאיר,1,0,1
2021-08-04T00:00:00.000Z,ניגריה,3,2,5
2021-08-04T00:00:00.000Z,ויטנאם,0,4,4
2021-08-04T00:00:00.000Z,הממלכה המאוחדת,169,246,415
2021-08-04T00:00:00.000Z,מרוקו,0,1,1
2021-08-04T00:00:00.000Z,סיירה ליאונה,0,1,1
2021-08-04T00:00:00.000Z,אירלנד,6,3,9
2021-08-04T00:00:00.000Z,ונצואלה,1,1,2
2021-08-04T00:00:00.000Z,תוניסיה,2,2,4
2021-08-04T00:00:00.000Z,מקדוניה,1,0,1
2021-08-04T00:00:00.000Z,קזחסטאן,4,5,9
2021-08-04T00:00:00.000Z,אוקראינה,449,339,788
2021-08-04T00:00:00.000Z,בוסניה הרצגובינה,3,0,3
2021-08-04T00:00:00.000Z,תורכמניסטאן,16,5,21
2021-08-04T00:00:00.000Z,ארצות הברית,1152,2055,3207
2021-08-04T00:00:00.000Z,אוסטריה,367,306,673
2021-08-04T00:00:00.000Z,אנגולה,2,0,2
2021-08-04T00:00:00.000Z,רוסיה,28,45,73
2021-08-04T00:00:00.000Z,רואנדה,2,0,2
2021-08-04T00:00:00.000Z,איטליה,475,229,704
2021-08-04T00:00:00.000Z,נורבגיה,4,3,7
2021-08-04T00:00:00.000Z,בוטסואנה,1,1,2
2021-08-04T00:00:00.000Z,בילורוסיה,41,18,59
2021-08-04T00:00:00.000Z,אקואדור,1,0,1
2021-08-04T00:00:00.000Z,הונגריה,122,163,285
2021-08-04T00:00:00.000Z,איסלנד,224,12,236
2021-08-04T00:00:00.000Z,פרו,6,3,9
2021-08-04T00:00:00.000Z,סרביה,45,15,60
2021-08-04T00:00:00.000Z,ירדן,180,81,261
2021-08-04T00:00:00.000Z,רומניה,530,174,704
2021-08-04T00:00:00.000Z,אסטוניה,3,0,3
2021-08-04T00:00:00.000Z,גיברלטר,3,0,3
2021-08-04T00:00:00.000Z,מצרים,432,196,628
2021-08-04T00:00:00.000Z,אוסטרליה,2,13,15
2021-08-04T00:00:00.000Z,מלדיבים,25,7,32
2021-08-04T00:00:00.000Z,קניה,3,2,5
2021-08-04T00:00:00.000Z,קוריאה הדרומית,0,3,3
2021-08-04T00:00:00.000Z,סלובניה,131,20,151
2021-08-04T00:00:00.000Z,מונטנגרו,138,13,151
2021-08-04T00:00:00.000Z,דרום סודאן,1,0,1
2021-08-04T00:00:00.000Z,אתיופיה,18,6,24
2021-08-04T00:00:00.000Z,יוון,820,286,1106
2021-08-04T00:00:00.000Z,דנמרק,16,20,36
2021-08-04T00:00:00.000Z,אזרביג'אן,2,1,3
2021-08-04T00:00:00.000Z,מאלי,0,1,1
2021-08-04T00:00:00.000Z,תאילנד,2,1,3
2021-08-04T00:00:00.000Z,פיליפינים,1,73,74
2021-08-04T00:00:00.000Z,קירג'זסטאן,1,2,3
2021-08-04T00:00:00.000Z,שוויץ,400,508,908
2021-08-04T00:00:00.000Z,קרואטיה,15,4,19
2021-08-04T00:00:00.000Z,פינלנד,30,17,47
2021-08-04T00:00:00.000Z,בלגיה,107,169,276
2021-08-04T00:00:00.000Z,סינגפור,0,4,4
2021-08-04T00:00:00.000Z,הולנד,235,114,349
2021-08-04T00:00:00.000Z,אוגנדה,2,0,2
2021-08-04T00:00:00.000Z,דרום אפריקה,0,1,1
2021-08-04T00:00:00.000Z,מולדובה,0,1,1
2021-08-04T00:00:00.000Z,טיוואן,0,2,2
2021-08-04T00:00:00.000Z,צ'ילה,0,2,2
2021-08-04T00:00:00.000Z,גאנה,2,1,3
2021-08-04T00:00:00.000Z,כלל המדינות,10311,8667,18978
2021-08-04T00:00:00.000Z,בוליביה,1,0,1
2021-08-04T00:00:00.000Z,לוכסמבורג,0,1,1
2021-08-04T00:00:00.000Z,הונג קונג,0,5,5
2021-08-04T00:00:00.000Z,שוודיה,8,10,18
2021-08-04T00:00:00.000Z,סוריה,2,2,4
2021-08-04T00:00:00.000Z,מלטה,11,17,28
2021-08-04T00:00:00.000Z,בולגריה,382,78,460
2021-08-04T00:00:00.000Z,גרמניה,453,375,828
2021-08-04T00:00:00.000Z,מקסיקו,5,6,11
2021-08-04T00:00:00.000Z,ברזיל,1,0,1
2021-08-04T00:00:00.000Z,פנמה,3,7,10
2021-08-04T00:00:00.000Z,כווית,1,0,1
2021-08-04T00:00:00.000Z,אורגוואי,4,0,4
2021-08-05T00:00:00.000Z,הונגריה,132,146,278
2021-08-05T00:00:00.000Z,סרביה,11,9,20
2021-08-05T00:00:00.000Z,דנמרק,14,5,19
2021-08-05T00:00:00.000Z,קובה,1,0,1
2021-08-05T00:00:00.000Z,לוכסמבורג,3,0,3
2021-08-05T00:00:00.000Z,חוף השנהב,0,5,5
2021-08-05T00:00:00.000Z,בוסניה הרצגובינה,4,3,7
2021-08-05T00:00:00.000Z,איי סיישל,4,5,9
2021-08-05T00:00:00.000Z,ברזיל,4,5,9
2021-08-05T00:00:00.000Z,ארמניה,51,18,69
2021-08-05T00:00:00.000Z,איחוד האמירויות הערב,19,5,24
2021-08-05T00:00:00.000Z,טיוואן,0,1,1
2021-08-05T00:00:00.000Z,ליטא,108,11,119
2021-08-05T00:00:00.000Z,קנדה,48,124,172
2021-08-05T00:00:00.000Z,בילורוסיה,0,1,1
2021-08-05T00:00:00.000Z,אקואדור,3,0,3
2021-08-05T00:00:00.000Z,סרי לנקה (צילון),0,2,2
2021-08-05T00:00:00.000Z,ניגריה,4,1,5
2021-08-05T00:00:00.000Z,סינגפור,1,0,1
2021-08-05T00:00:00.000Z,אוגנדה,5,0,5
2021-08-05T00:00:00.000Z,קוסטה ריקה,19,9,28
2021-08-05T00:00:00.000Z,נורבגיה,3,1,4
2021-08-05T00:00:00.000Z,צכיה,74,21,95
2021-08-05T00:00:00.000Z,גאורגיה,81,25,106
2021-08-05T00:00:00.000Z,אל סלבדור,0,1,1
2021-08-05T00:00:00.000Z,ירדן,459,306,765
2021-08-05T00:00:00.000Z,שוויץ,265,384,649
2021-08-05T00:00:00.000Z,פנמה,3,10,13
2021-08-05T00:00:00.000Z,אוסטריה,213,202,415
2021-08-05T00:00:00.000Z,אתיופיה,20,23,43
2021-08-05T00:00:00.000Z,נמיביה,1,2,3
2021-08-05T00:00:00.000Z,הונג קונג,1,0,1
2021-08-05T00:00:00.000Z,הולנד,224,132,356
2021-08-05T00:00:00.000Z,בלגיה,59,108,167
2021-08-05T00:00:00.000Z,עירק,1,0,1
2021-08-05T00:00:00.000Z,תאילנד,99,43,142
2021-08-05T00:00:00.000Z,קניה,7,2,9
2021-08-05T00:00:00.000Z,בחריין,2,0,2
2021-08-05T00:00:00.000Z,סין,0,1,1
2021-08-05T00:00:00.000Z,איסלנד,140,5,145
2021-08-05T00:00:00.000Z,גרמניה,275,144,419
2021-08-05T00:00:00.000Z,סוריה,0,1,1
2021-08-05T00:00:00.000Z,פולין,34,30,64
2021-08-05T00:00:00.000Z,אסטוניה,3,0,3
2021-08-05T00:00:00.000Z,רוסיה,23,100,123
2021-08-05T00:00:00.000Z,לטביה,3,0,3
2021-08-05T00:00:00.000Z,סיירה ליאונה,1,0,1
2021-08-05T00:00:00.000Z,שוודיה,9,6,15
2021-08-05T00:00:00.000Z,אנגולה,2,0,2
2021-08-05T00:00:00.000Z,אזרביג'אן,59,21,80
2021-08-05T00:00:00.000Z,פינלנד,1,0,1
2021-08-05T00:00:00.000Z,תורכיה,806,651,1457
2021-08-05T00:00:00.000Z,הממלכה המאוחדת,212,186,398
2021-08-05T00:00:00.000Z,דרום סודאן,2,0,2
2021-08-05T00:00:00.000Z,פרגוואי,1,2,3
2021-08-05T00:00:00.000Z,פרו,4,3,7
2021-08-05T00:00:00.000Z,רואנדה,1,0,1
2021-08-05T00:00:00.000Z,צ'ילה,1,1,2
2021-08-05T00:00:00.000Z,הרפ הדומיניקנית,9,3,12
2021-08-05T00:00:00.000Z,איטליה,504,273,777
2021-08-05T00:00:00.000Z,יפן,9,1,10
2021-08-05T00:00:00.000Z,מרוקו,11,3,14
2021-08-05T00:00:00.000Z,מולדובה,116,64,180
2021-08-05T00:00:00.000Z,אוסטרליה,1,11,12
2021-08-05T00:00:00.000Z,ארגנטינה,1,13,14
2021-08-05T00:00:00.000Z,פורטוגל,142,37,179
2021-08-05T00:00:00.000Z,קרואטיה,5,6,11
2021-08-05T00:00:00.000Z,קולומביה,5,1,6
2021-08-05T00:00:00.000Z,איי גילברט ואליס,2,0,2
2021-08-05T00:00:00.000Z,תורכמניסטאן,4,7,11
2021-08-05T00:00:00.000Z,כלל המדינות,10810,8733,19543
2021-08-05T00:00:00.000Z,לבנון,0,1,1
2021-08-05T00:00:00.000Z,רומניה,225,104,329
2021-08-05T00:00:00.000Z,יוון,1815,621,2436
2021-08-05T00:00:00.000Z,קירג'זסטאן,1,0,1
2021-08-05T00:00:00.000Z,אוקראינה,415,283,698
2021-08-05T00:00:00.000Z,גיברלטר,1,1,2
2021-08-05T00:00:00.000Z,אירלנד,8,5,13
2021-08-05T00:00:00.000Z,גווטאמלה,4,1,5
2021-08-05T00:00:00.000Z,פיליפינים,1,10,11
2021-08-05T00:00:00.000Z,תוניסיה,1,0,1
2021-08-05T00:00:00.000Z,ארצות הברית,1361,2360,3721
2021-08-05T00:00:00.000Z,צרפת,466,647,1113
2021-08-05T00:00:00.000Z,קמרון,2,0,2
2021-08-05T00:00:00.000Z,מלדיבים,33,1,34
2021-08-05T00:00:00.000Z,קפריסין,131,110,241
2021-08-05T00:00:00.000Z,אוזבקיסטן,2,2,4
2021-08-05T00:00:00.000Z,גאנה,4,4,8
2021-08-05T00:00:00.000Z,גבון,0,1,1
2021-08-05T00:00:00.000Z,דרום אפריקה,1,8,9
2021-08-05T00:00:00.000Z,בולגריה,517,146,663
2021-08-05T00:00:00.000Z,זאיר,2,0,2
2021-08-05T00:00:00.000Z,סלובניה,5,3,8
2021-08-05T00:00:00.000Z,מצרים,574,264,838
2021-08-05T00:00:00.000Z,טנזניה,20,6,26
2021-08-05T00:00:00.000Z,ספרד,106,61,167
2021-08-05T00:00:00.000Z,ניקרגואה,2,0,2
2021-08-06T00:00:00.000Z,טיוואן,1,5,6
2021-08-06T00:00:00.000Z,איחוד האמירויות הערב,23,11,34
2021-08-06T00:00:00.000Z,סינגפור,0,7,7
2021-08-06T00:00:00.000Z,מרוקו,41,54,95
2021-08-06T00:00:00.000Z,תוניסיה,2,4,6
2021-08-06T00:00:00.000Z,סלובקיה,2,0,2
2021-08-06T00:00:00.000Z,מלדיבים,21,1,22
2021-08-06T00:00:00.000Z,זאיר,1,0,1
2021-08-06T00:00:00.000Z,קמרון,1,0,1
2021-08-06T00:00:00.000Z,אוקראינה,406,258,664
2021-08-06T00:00:00.000Z,אוסטרליה,4,6,10
2021-08-06T00:00:00.000Z,טנזניה,0,1,1
2021-08-06T00:00:00.000Z,ברזיל,0,1,1
2021-08-06T00:00:00.000Z,מולדובה,47,28,75
2021-08-06T00:00:00.000Z,לטביה,3,1,4
2021-08-06T00:00:00.000Z,שוודיה,9,14,23
2021-08-06T00:00:00.000Z,נורבגיה,1,0,1
2021-08-06T00:00:00.000Z,בילורוסיה,1,0,1
2021-08-06T00:00:00.000Z,סודן,1,0,1
2021-08-06T00:00:00.000Z,אנגולה,1,0,1
2021-08-06T00:00:00.000Z,מצרים,720,375,1095
2021-08-06T00:00:00.000Z,אירן,1,0,1
2021-08-06T00:00:00.000Z,אוגנדה,0,1,1
2021-08-06T00:00:00.000Z,דנמרק,5,2,7
2021-08-06T00:00:00.000Z,ירדן,1,6,7
2021-08-06T00:00:00.000Z,בלגיה,78,76,154
2021-08-06T00:00:00.000Z,שוויץ,449,468,917
2021-08-06T00:00:00.000Z,איטליה,470,162,632
2021-08-06T00:00:00.000Z,איי טורקס וקייקוס,2,1,3
2021-08-06T00:00:00.000Z,כלל המדינות,10118,6080,16198
2021-08-06T00:00:00.000Z,צרפת,399,370,769
2021-08-06T00:00:00.000Z,גווטאמלה,5,0,5
2021-08-06T00:00:00.000Z,רואנדה,0,1,1
2021-08-06T00:00:00.000Z,בהמס,0,2,2
2021-08-06T00:00:00.000Z,הממלכה המאוחדת,46,65,111
2021-08-06T00:00:00.000Z,גויאנה הצרפתית,0,3,3
2021-08-06T00:00:00.000Z,מקסיקו,0,3,3
2021-08-06T00:00:00.000Z,מונטנגרו,153,18,171
2021-08-06T00:00:00.000Z,אסטוניה,10,0,10
2021-08-06T00:00:00.000Z,פולין,222,68,290
2021-08-06T00:00:00.000Z,פרו,3,0,3
2021-08-06T00:00:00.000Z,קירג'זסטאן,6,1,7
2021-08-06T00:00:00.000Z,בוסניה הרצגובינה,7,12,19
2021-08-06T00:00:00.000Z,איי סיישל,4,0,4
2021-08-06T00:00:00.000Z,אוסטריה,547,278,825
2021-08-06T00:00:00.000Z,גאנה,1,0,1
2021-08-06T00:00:00.000Z,תורכיה,554,373,927
2021-08-06T00:00:00.000Z,רוסיה,49,52,101
2021-08-06T00:00:00.000Z,קרואטיה,18,4,22
2021-08-06T00:00:00.000Z,אקואדור,2,1,3
2021-08-06T00:00:00.000Z,בוליביה,2,0,2
2021-08-06T00:00:00.000Z,אירלנד,17,3,20
2021-08-06T00:00:00.000Z,ספרד,11,7,18
2021-08-06T00:00:00.000Z,ונצואלה,0,1,1
2021-08-06T00:00:00.000Z,קזחסטאן,4,0,4
2021-08-06T00:00:00.000Z,תורכמניסטאן,5,0,5
2021-08-06T00:00:00.000Z,קולומביה,6,0,6
2021-08-06T00:00:00.000Z,סין,0,1,1
2021-08-06T00:00:00.000Z,הונגריה,66,68,134
2021-08-06T00:00:00.000Z,קנדה,51,85,136
2021-08-06T00:00:00.000Z,נפאל,0,1,1
2021-08-06T00:00:00.000Z,רומניה,403,137,540
2021-08-06T00:00:00.000Z,קטר,6,0,6
2021-08-06T00:00:00.000Z,פנמה,1,0,1
2021-08-06T00:00:00.000Z,סרי לנקה (צילון),3,5,8
2021-08-06T00:00:00.000Z,אזרביג'אן,5,2,7
2021-08-06T00:00:00.000Z,צכיה,215,82,297
2021-08-06T00:00:00.000Z,ארצות הברית,1177,1307,2484
2021-08-06T00:00:00.000Z,קניה,0,2,2
2021-08-06T00:00:00.000Z,גאורגיה,87,15,102
2021-08-06T00:00:00.000Z,קוסטה ריקה,5,6,11
2021-08-06T00:00:00.000Z,פיליפינים,1,5,6
2021-08-06T00:00:00.000Z,מאלי,1,0,1
2021-08-06T00:00:00.000Z,יוון,1367,349,1716
2021-08-06T00:00:00.000Z,אורגוואי,5,0,5
2021-08-06T00:00:00.000Z,איסלנד,53,2,55
2021-08-06T00:00:00.000Z,ליטא,6,1,7
2021-08-06T00:00:00.000Z,הולנד,182,72,254
2021-08-06T00:00:00.000Z,פינלנד,35,18,53
2021-08-06T00:00:00.000Z,פרגוואי,0,1,1
2021-08-06T00:00:00.000Z,סרביה,72,31,103
2021-08-06T00:00:00.000Z,הרפ הדומיניקנית,1,0,1
2021-08-06T00:00:00.000Z,קוריאה הדרומית,3,0,3
2021-08-06T00:00:00.000Z,ארגנטינה,0,1,1
2021-08-06T00:00:00.000Z,דרום אפריקה,0,1,1
2021-08-06T00:00:00.000Z,קפריסין,32,21,53
2021-08-06T00:00:00.000Z,יפן,12,4,16
2021-08-06T00:00:00.000Z,גיברלטר,3,4,7
2021-08-06T00:00:00.000Z,פורטו ריקו,0,1,1
2021-08-06T00:00:00.000Z,פורטוגל,8,2,10
2021-08-06T00:00:00.000Z,בולגריה,454,140,594
2021-08-06T00:00:00.000Z,גרמניה,617,317,934
2021-08-06T00:00:00.000Z,סלובניה,8,0,8
2021-08-07T00:00:00.000Z,גינאה,2,0,2
2021-08-07T00:00:00.000Z,תוניסיה,0,1,1
2021-08-07T00:00:00.000Z,הרפ הדומיניקנית,4,0,4
2021-08-07T00:00:00.000Z,מונקו,2,1,3
2021-08-07T00:00:00.000Z,ניגריה,3,1,4
2021-08-07T00:00:00.000Z,סנגל,0,1,1
2021-08-07T00:00:00.000Z,סרביה,52,11,63
2021-08-07T00:00:00.000Z,איחוד האמירויות הערב,14,3,17
2021-08-07T00:00:00.000Z,אוקראינה,190,91,281
2021-08-07T00:00:00.000Z,פנמה,1,1,2
2021-08-07T00:00:00.000Z,סין,0,1,1
2021-08-07T00:00:00.000Z,פרו,2,0,2
2021-08-07T00:00:00.000Z,אנדורה,2,0,2
2021-08-07T00:00:00.000Z,קונגו,1,0,1
2021-08-07T00:00:00.000Z,אתיופיה,20,7,27
2021-08-07T00:00:00.000Z,אנגולה,1,0,1
2021-08-07T00:00:00.000Z,אירלנד,8,3,11
2021-08-07T00:00:00.000Z,כלל המדינות,5531,3051,8582
2021-08-07T00:00:00.000Z,איטליה,119,51,170
2021-08-07T00:00:00.000Z,קולומביה,0,3,3
2021-08-07T00:00:00.000Z,פינלנד,7,7,14
2021-08-07T00:00:00.000Z,צרפת,294,201,495
2021-08-07T00:00:00.000Z,קרואטיה,25,3,28
2021-08-07T00:00:00.000Z,תורכיה,329,201,530
2021-08-07T00:00:00.000Z,טנזניה,19,1,20
2021-08-07T00:00:00.000Z,אוסטריה,204,55,259
2021-08-07T00:00:00.000Z,נורבגיה,1,4,5
2021-08-07T00:00:00.000Z,הממלכה המאוחדת,11,34,45
2021-08-07T00:00:00.000Z,חוף השנהב,4,1,5
2021-08-07T00:00:00.000Z,רומניה,453,132,585
2021-08-07T00:00:00.000Z,מוזמביק,1,0,1
2021-08-07T00:00:00.000Z,פיליפינים,0,10,10
2021-08-07T00:00:00.000Z,ליטא,3,0,3
2021-08-07T00:00:00.000Z,הונגריה,60,29,89
2021-08-07T00:00:00.000Z,ויטנאם,1,0,1
2021-08-07T00:00:00.000Z,גווטאמלה,1,1,2
2021-08-07T00:00:00.000Z,טג'יקיסטאן,2,0,2
2021-08-07T00:00:00.000Z,יוון,819,165,984
2021-08-07T00:00:00.000Z,ירדן,0,9,9
2021-08-07T00:00:00.000Z,טוגו,4,0,4
2021-08-07T00:00:00.000Z,ארצות הברית,670,842,1512
2021-08-07T00:00:00.000Z,מרוקו,2,0,2
2021-08-07T00:00:00.000Z,זאיר,3,1,4
2021-08-07T00:00:00.000Z,בלגיה,6,3,9
2021-08-07T00:00:00.000Z,סלובניה,0,2,2
2021-08-07T00:00:00.000Z,איסלנד,46,2,48
2021-08-07T00:00:00.000Z,אלבניה,2,1,3
2021-08-07T00:00:00.000Z,קוריאה הדרומית,4,4,8
2021-08-07T00:00:00.000Z,פורטוגל,18,5,23
2021-08-07T00:00:00.000Z,שוודיה,10,2,12
2021-08-07T00:00:00.000Z,דנמרק,10,7,17
2021-08-07T00:00:00.000Z,קפריסין,23,15,38
2021-08-07T00:00:00.000Z,תורכמניסטאן,5,0,5
2021-08-07T00:00:00.000Z,אוזבקיסטן,2,0,2
2021-08-07T00:00:00.000Z,מונטנגרו,5,1,6
2021-08-07T00:00:00.000Z,צכיה,4,2,6
2021-08-07T00:00:00.000Z,קמרון,0,2,2
2021-08-07T00:00:00.000Z,רואנדה,7,1,8
2021-08-07T00:00:00.000Z,הודו,1,0,1
2021-08-07T00:00:00.000Z,אוסטרליה,0,2,2
2021-08-07T00:00:00.000Z,קמבודיה,0,1,1
2021-08-07T00:00:00.000Z,מלדיבים,16,4,20
2021-08-07T00:00:00.000Z,בולגריה,118,31,149
2021-08-07T00:00:00.000Z,לטביה,74,17,91
2021-08-07T00:00:00.000Z,קוסטה ריקה,5,1,6
2021-08-07T00:00:00.000Z,שוויץ,112,39,151
2021-08-07T00:00:00.000Z,אסטוניה,10,0,10
2021-08-07T00:00:00.000Z,גאורגיה,46,11,57
2021-08-07T00:00:00.000Z,תאילנד,2,0,2
2021-08-07T00:00:00.000Z,דרום אפריקה,1,4,5
2021-08-07T00:00:00.000Z,ספרד,4,4,8
2021-08-07T00:00:00.000Z,זמביה,4,1,5
2021-08-07T00:00:00.000Z,הולנד,177,28,205
2021-08-07T00:00:00.000Z,מצרים,788,347,1135
2021-08-07T00:00:00.000Z,רוסיה,3,0,3
2021-08-07T00:00:00.000Z,גרמניה,192,77,269
2021-08-07T00:00:00.000Z,סרי לנקה (צילון),0,1,1
2021-08-07T00:00:00.000Z,איי טורקס וקייקוס,2,0,2
2021-08-07T00:00:00.000Z,פולין,160,32,192
2021-08-07T00:00:00.000Z,אזרביג'אן,11,0,11
2021-08-07T00:00:00.000Z,קנדה,28,48,76
2021-08-07T00:00:00.000Z,טיוואן,0,1,1
2021-08-07T00:00:00.000Z,בוסניה הרצגובינה,10,8,18
2021-08-07T00:00:00.000Z,גאנה,7,5,12
2021-08-07T00:00:00.000Z,סינגפור,5,4,9
2021-08-07T00:00:00.000Z,זימבאבווה,1,1,2
2021-08-07T00:00:00.000Z,יפן,4,1,5
2021-08-07T00:00:00.000Z,צ'ילה,1,6,7
2021-08-07T00:00:00.000Z,ארמניה,4,0,4
2021-08-07T00:00:00.000Z,לוכסמבורג,0,1,1
2021-08-08T00:00:00.000Z,קרואטיה,6,19,25
2021-08-08T00:00:00.000Z,בולגריה,206,556,762
2021-08-08T00:00:00.000Z,ירדן,194,859,1053
2021-08-08T00:00:00.000Z,בלגיה,21,167,188
2021-08-08T00:00:00.000Z,קפריסין,14,84,98
2021-08-08T00:00:00.000Z,קוסובו,0,1,1
2021-08-08T00:00:00.000Z,מקסיקו,0,4,4
2021-08-08T00:00:00.000Z,דרום אפריקה,0,1,1
2021-08-08T00:00:00.000Z,מלטה,1,2,3
2021-08-08T00:00:00.000Z,קוריאה הדרומית,3,5,8
2021-08-08T00:00:00.000Z,אוזבקיסטן,1,0,1
2021-08-08T00:00:00.000Z,ניגריה,1,3,4
2021-08-08T00:00:00.000Z,צכיה,37,110,147
2021-08-08T00:00:00.000Z,בחריין,2,2,4
2021-08-08T00:00:00.000Z,פורטו ריקו,0,2,2
2021-08-08T00:00:00.000Z,פולין,9,62,71
2021-08-08T00:00:00.000Z,קזחסטאן,0,3,3
2021-08-08T00:00:00.000Z,קוסטה ריקה,0,7,7
2021-08-08T00:00:00.000Z,בילורוסיה,0,9,9
2021-08-08T00:00:00.000Z,יוון,556,2012,2568
2021-08-08T00:00:00.000Z,אוסטריה,74,288,362
2021-08-08T00:00:00.000Z,סלובניה,0,2,2
2021-08-08T00:00:00.000Z,מרוקו,0,4,4
2021-08-08T00:00:00.000Z,קנדה,2,67,69
2021-08-08T00:00:00.000Z,שוויץ,111,518,629
2021-08-08T00:00:00.000Z,ליטא,14,107,121
2021-08-08T00:00:00.000Z,הולנד,61,285,346
2021-08-08T00:00:00.000Z,ארגנטינה,0,2,2
2021-08-08T00:00:00.000Z,אורגוואי,0,4,4
2021-08-08T00:00:00.000Z,בוליביה,1,1,2
2021-08-08T00:00:00.000Z,נפאל,0,1,1
2021-08-08T00:00:00.000Z,אנדורה,0,2,2
2021-08-08T00:00:00.000Z,דומיניקה,0,1,1
2021-08-08T00:00:00.000Z,תורכיה,91,314,405
2021-08-08T00:00:00.000Z,אסטוניה,7,20,27
2021-08-08T00:00:00.000Z,הממלכה המאוחדת,51,410,461
2021-08-08T00:00:00.000Z,איסלנד,13,57,70
2021-08-08T00:00:00.000Z,סלובקיה,2,0,2
2021-08-08T00:00:00.000Z,מונטנגרו,0,3,3
2021-08-08T00:00:00.000Z,בהמס,0,3,3
2021-08-08T00:00:00.000Z,איטליה,187,783,970
2021-08-08T00:00:00.000Z,לוכסמבורג,0,5,5
2021-08-08T00:00:00.000Z,לטביה,0,1,1
2021-08-08T00:00:00.000Z,איחוד האמירויות הערב,10,44,54
2021-08-08T00:00:00.000Z,גווטאמלה,0,1,1
2021-08-08T00:00:00.000Z,איי סיישל,0,1,1
2021-08-08T00:00:00.000Z,פינלנד,2,4,6
2021-08-08T00:00:00.000Z,רומניה,116,307,423
2021-08-08T00:00:00.000Z,רוסיה,9,76,85
2021-08-08T00:00:00.000Z,אזרביג'אן,30,81,111
2021-08-08T00:00:00.000Z,כלל המדינות,3320,14915,18235
2021-08-08T00:00:00.000Z,פורטוגל,3,27,30
2021-08-08T00:00:00.000Z,הרפ הדומיניקנית,0,1,1
2021-08-08T00:00:00.000Z,מצרים,371,1177,1548
2021-08-08T00:00:00.000Z,מלדיבים,9,22,31
2021-08-08T00:00:00.000Z,סרביה,0,5,5
2021-08-08T00:00:00.000Z,טנזניה,0,1,1
2021-08-08T00:00:00.000Z,שוודיה,7,10,17
2021-08-08T00:00:00.000Z,תאילנד,21,107,128
2021-08-08T00:00:00.000Z,ספרד,9,44,53
2021-08-08T00:00:00.000Z,דנמרק,6,36,42
2021-08-08T00:00:00.000Z,עומן,0,1,1
2021-08-08T00:00:00.000Z,נורבגיה,8,17,25
2021-08-08T00:00:00.000Z,סינגפור,0,1,1
2021-08-08T00:00:00.000Z,יפן,1,9,10
2021-08-08T00:00:00.000Z,סין,0,2,2
2021-08-08T00:00:00.000Z,מדגסקר,0,1,1
2021-08-08T00:00:00.000Z,גרמניה,112,578,690
2021-08-08T00:00:00.000Z,מולדובה,32,130,162
2021-08-08T00:00:00.000Z,אוסטרליה,1,16,17
2021-08-08T00:00:00.000Z,בוסניה הרצגובינה,1,3,4
2021-08-08T00:00:00.000Z,פיליפינים,0,6,6
2021-08-08T00:00:00.000Z,הונגריה,19,99,118
2021-08-08T00:00:00.000Z,אוקראינה,225,624,849
2021-08-08T00:00:00.000Z,גאנה,2,0,2
2021-08-08T00:00:00.000Z,הודו,1,3,4
2021-08-08T00:00:00.000Z,קולומביה,0,5,5
2021-08-08T00:00:00.000Z,צרפת,195,1383,1578
2021-08-08T00:00:00.000Z,גאורגיה,14,64,78
2021-08-08T00:00:00.000Z,אירלנד,2,6,8
2021-08-08T00:00:00.000Z,תוניסיה,1,3,4
2021-08-08T00:00:00.000Z,ארצות הברית,233,1848,2081
2021-08-08T00:00:00.000Z,תורכמניסטאן,0,4,4
2021-08-09T00:00:00.000Z,פיליפינים,0,6,6
2021-08-09T00:00:00.000Z,פינלנד,3,6,9
2021-08-09T00:00:00.000Z,איטליה,122,542,664
2021-08-09T00:00:00.000Z,מאלי,0,2,2
2021-08-09T00:00:00.000Z,רואנדה,1,4,5
2021-08-09T00:00:00.000Z,ליטא,0,9,9
2021-08-09T00:00:00.000Z,אלבניה,2,9,11
2021-08-09T00:00:00.000Z,קפריסין,4,21,25
2021-08-09T00:00:00.000Z,מולדובה,0,10,10
2021-08-09T00:00:00.000Z,גרמניה,223,790,1013
2021-08-09T00:00:00.000Z,ניגריה,1,8,9
2021-08-09T00:00:00.000Z,בוטסואנה,0,9,9
2021-08-09T00:00:00.000Z,בורקינה פאסו,0,2,2
2021-08-09T00:00:00.000Z,קנדה,47,264,311
2021-08-09T00:00:00.000Z,אוקראינה,184,700,884
2021-08-09T00:00:00.000Z,הולנד,94,294,388
2021-08-09T00:00:00.000Z,נמיביה,0,3,3
2021-08-09T00:00:00.000Z,אוזבקיסטן,0,3,3
2021-08-09T00:00:00.000Z,סורינם,1,0,1
2021-08-09T00:00:00.000Z,הונגריה,11,90,101
2021-08-09T00:00:00.000Z,בילורוסיה,18,64,82
2021-08-09T00:00:00.000Z,צרפת,176,1016,1192
2021-08-09T00:00:00.000Z,אוגנדה,3,4,7
2021-08-09T00:00:00.000Z,ברזיל,3,3,6
2021-08-09T00:00:00.000Z,בלגיה,52,219,271
2021-08-09T00:00:00.000Z,מקסיקו,0,3,3
2021-08-09T00:00:00.000Z,אוסטרליה,0,5,5
2021-08-09T00:00:00.000Z,אתיופיה,9,21,30
2021-08-09T00:00:00.000Z,שוויץ,149,614,763
2021-08-09T00:00:00.000Z,איסלנד,7,43,50
2021-08-09T00:00:00.000Z,סנגל,1,0,1
2021-08-09T00:00:00.000Z,פנמה,4,8,12
2021-08-09T00:00:00.000Z,פולין,51,211,262
2021-08-09T00:00:00.000Z,קולומביה,1,2,3
2021-08-09T00:00:00.000Z,אסטוניה,6,31,37
2021-08-09T00:00:00.000Z,איחוד האמירויות הערב,10,29,39
2021-08-09T00:00:00.000Z,לבנון,0,1,1
2021-08-09T00:00:00.000Z,גווטאמלה,0,1,1
2021-08-09T00:00:00.000Z,יוון,404,1362,1766
2021-08-09T00:00:00.000Z,ארצות הברית,556,3708,4264
2021-08-09T00:00:00.000Z,זימבאבווה,0,1,1
2021-08-09T00:00:00.000Z,תורכיה,111,511,622
2021-08-09T00:00:00.000Z,טנזניה,27,184,211
2021-08-09T00:00:00.000Z,קרואטיה,4,30,34
2021-08-09T00:00:00.000Z,הממלכה המאוחדת,36,289,325
2021-08-09T00:00:00.000Z,מונטנגרו,42,112,154
2021-08-09T00:00:00.000Z,סלובניה,0,1,1
2021-08-09T00:00:00.000Z,ארמניה,1,5,6
2021-08-09T00:00:00.000Z,גאנה,0,1,1
2021-08-09T00:00:00.000Z,בולגריה,178,677,855
2021-08-09T00:00:00.000Z,אקואדור,0,2,2
2021-08-09T00:00:00.000Z,סינגפור,0,1,1
2021-08-09T00:00:00.000Z,דנמרק,8,18,26
2021-08-09T00:00:00.000Z,יפן,3,10,13
2021-08-09T00:00:00.000Z,צכיה,65,245,310
2021-08-09T00:00:00.000Z,מלדיבים,19,64,83
2021-08-09T00:00:00.000Z,פרגוואי,0,5,5
2021-08-09T00:00:00.000Z,כלל המדינות,3530,16424,19954
2021-08-09T00:00:00.000Z,ירדן,133,439,572
2021-08-09T00:00:00.000Z,רומניה,136,340,476
2021-08-09T00:00:00.000Z,גמביה,0,1,1
2021-08-09T00:00:00.000Z,ספרד,11,32,43
2021-08-09T00:00:00.000Z,תאילנד,0,1,1
2021-08-09T00:00:00.000Z,שוודיה,5,16,21
2021-08-09T00:00:00.000Z,לוכסמבורג,0,1,1
2021-08-09T00:00:00.000Z,פרו,2,1,3
2021-08-09T00:00:00.000Z,קטר,0,2,2
2021-08-09T00:00:00.000Z,סרביה,28,104,132
2021-08-09T00:00:00.000Z,פורטוגל,32,154,186
2021-08-09T00:00:00.000Z,פאפואה,0,1,1
2021-08-09T00:00:00.000Z,זאיר,0,1,1
2021-08-09T00:00:00.000Z,סוריה,1,0,1
2021-08-09T00:00:00.000Z,נורבגיה,1,4,5
2021-08-09T00:00:00.000Z,הודו,2,74,76
2021-08-09T00:00:00.000Z,קוריאה הדרומית,0,1,1
2021-08-09T00:00:00.000Z,מרוקו,5,7,12
2021-08-09T00:00:00.000Z,דומיניקה,1,1,2
2021-08-09T00:00:00.000Z,אזרביג'אן,0,5,5
2021-08-09T00:00:00.000Z,סין,0,1,1
2021-08-09T00:00:00.000Z,דרום אפריקה,1,9,10
2021-08-09T00:00:00.000Z,בוסניה הרצגובינה,4,22,26
2021-08-09T00:00:00.000Z,לטביה,2,8,10
2021-08-09T00:00:00.000Z,קזחסטאן,0,18,18
2021-08-09T00:00:00.000Z,קניה,0,9,9
2021-08-09T00:00:00.000Z,תורכמניסטאן,3,18,21
2021-08-09T00:00:00.000Z,גאורגיה,30,123,153
2021-08-09T00:00:00.000Z,מצרים,184,679,863
2021-08-09T00:00:00.000Z,אוסטריה,115,586,701
2021-08-09T00:00:00.000Z,רוסיה,4,52,56
2021-08-09T00:00:00.000Z,הרפ הדומיניקנית,1,1,2
2021-08-09T00:00:00.000Z,בהמס,1,0,1
2021-08-09T00:00:00.000Z,אורגוואי,3,11,14
2021-08-09T00:00:00.000Z,אירלנד,0,5,5
2021-08-09T00:00:00.000Z,טג'יקיסטאן,0,10,10
2021-08-09T00:00:00.000Z,קוסטה ריקה,5,12,17
2021-08-10T00:00:00.000Z,חוף השנהב,0,1,1
2021-08-10T00:00:00.000Z,איחוד האמירויות הערב,5,26,31
2021-08-10T00:00:00.000Z,תורכיה,72,269,341
2021-08-10T00:00:00.000Z,רומניה,54,227,281
2021-08-10T00:00:00.000Z,אוזבקיסטן,0,4,4
2021-08-10T00:00:00.000Z,הולנד,111,268,379
2021-08-10T00:00:00.000Z,לבנון,0,1,1
2021-08-10T00:00:00.000Z,תורכמניסטאן,3,10,13
2021-08-10T00:00:00.000Z,קנדה,16,129,145
2021-08-10T00:00:00.000Z,לטביה,11,54,65
2021-08-10T00:00:00.000Z,אוסטריה,38,228,266
2021-08-10T00:00:00.000Z,מונטנגרו,0,1,1
2021-08-10T00:00:00.000Z,אורגוואי,0,2,2
2021-08-10T00:00:00.000Z,בורקינה פאסו,0,1,1
2021-08-10T00:00:00.000Z,שוויץ,61,271,332
2021-08-10T00:00:00.000Z,רוסיה,13,64,77
2021-08-10T00:00:00.000Z,סלובניה,0,3,3
2021-08-10T00:00:00.000Z,דרום אפריקה,0,3,3
2021-08-10T00:00:00.000Z,אוקראינה,132,614,746
2021-08-10T00:00:00.000Z,מולדובה,0,74,74
2021-08-10T00:00:00.000Z,שוודיה,2,17,19
2021-08-10T00:00:00.000Z,בחריין,0,2,2
2021-08-10T00:00:00.000Z,סוריה,1,2,3
2021-08-10T00:00:00.000Z,רפ מרכז אפריקנית,0,1,1
2021-08-10T00:00:00.000Z,ניו זילנד,0,1,1
2021-08-10T00:00:00.000Z,צרפת,206,1292,1498
2021-08-10T00:00:00.000Z,טנזניה,3,15,18
2021-08-10T00:00:00.000Z,זאיר,0,5,5
2021-08-10T00:00:00.000Z,קירג'זסטאן,1,5,6
2021-08-10T00:00:00.000Z,סרביה,1,3,4
2021-08-10T00:00:00.000Z,מקסיקו,0,11,11
2021-08-10T00:00:00.000Z,יוון,456,1916,2372
2021-08-10T00:00:00.000Z,איטליה,135,599,734
2021-08-10T00:00:00.000Z,נורבגיה,0,2,2
2021-08-10T00:00:00.000Z,ארצות הברית,383,2860,3243
2021-08-10T00:00:00.000Z,ירדן,0,26,26
2021-08-10T00:00:00.000Z,צ'ילה,0,2,2
2021-08-10T00:00:00.000Z,קניה,1,9,10
2021-08-10T00:00:00.000Z,קזחסטאן,2,5,7
2021-08-10T00:00:00.000Z,מרוקו,1,8,9
2021-08-10T00:00:00.000Z,אקואדור,0,7,7
2021-08-10T00:00:00.000Z,דנמרק,9,30,39
2021-08-10T00:00:00.000Z,בוסניה הרצגובינה,0,9,9
2021-08-10T00:00:00.000Z,מיאנמר (בורמה),0,1,1
2021-08-10T00:00:00.000Z,ארגנטינה,0,1,1
2021-08-10T00:00:00.000Z,מצרים,376,1442,1818
2021-08-10T00:00:00.000Z,רואנדה,0,3,3
2021-08-10T00:00:00.000Z,נמיביה,0,2,2
2021-08-10T00:00:00.000Z,קולומביה,1,3,4
2021-08-10T00:00:00.000Z,פולין,49,190,239
2021-08-10T00:00:00.000Z,קפריסין,6,18,24
2021-08-10T00:00:00.000Z,אלבניה,0,2,2
2021-08-10T00:00:00.000Z,אוסטרליה,1,11,12
2021-08-10T00:00:00.000Z,מונקו,1,0,1
2021-08-10T00:00:00.000Z,צכיה,48,147,195
2021-08-10T00:00:00.000Z,ספרד,3,44,47
2021-08-10T00:00:00.000Z,ארמניה,2,3,5
2021-08-10T00:00:00.000Z,פרו,0,4,4
2021-08-10T00:00:00.000Z,סין,1,30,31
2021-08-10T00:00:00.000Z,קובה,0,2,2
2021-08-10T00:00:00.000Z,בליז,0,1,1
2021-08-10T00:00:00.000Z,גווטאמלה,0,2,2
2021-08-10T00:00:00.000Z,יפן,6,25,31
2021-08-10T00:00:00.000Z,בלגיה,0,7,7
2021-08-10T00:00:00.000Z,גרמניה,165,769,934
2021-08-10T00:00:00.000Z,איסלנד,34,249,283
2021-08-10T00:00:00.000Z,הממלכה המאוחדת,21,196,217
2021-08-10T00:00:00.000Z,אתיופיה,2,19,21
2021-08-10T00:00:00.000Z,גיברלטר,1,0,1
2021-08-10T00:00:00.000Z,פנמה,13,16,29
2021-08-10T00:00:00.000Z,מלטה,1,4,5
2021-08-10T00:00:00.000Z,אירלנד,1,5,6
2021-08-10T00:00:00.000Z,הונג קונג,2,32,34
2021-08-10T00:00:00.000Z,אסטוניה,5,51,56
2021-08-10T00:00:00.000Z,קוסטה ריקה,3,7,10
2021-08-10T00:00:00.000Z,אוגנדה,0,5,5
2021-08-10T00:00:00.000Z,ליטא,0,2,2
2021-08-10T00:00:00.000Z,מלדיבים,14,52,66
2021-08-10T00:00:00.000Z,פורטוגל,12,20,32
2021-08-10T00:00:00.000Z,קטר,0,1,1
2021-08-10T00:00:00.000Z,בולגריה,144,441,585
2021-08-10T00:00:00.000Z,הרפ הדומיניקנית,0,2,2
2021-08-10T00:00:00.000Z,אנגולה,1,7,8
2021-08-10T00:00:00.000Z,קוריאה הדרומית,1,4,5
2021-08-10T00:00:00.000Z,ניגריה,0,3,3
2021-08-10T00:00:00.000Z,מקדוניה,0,2,2
2021-08-10T00:00:00.000Z,פינלנד,1,3,4
2021-08-10T00:00:00.000Z,כלל המדינות,2861,14355,17216
2021-08-10T00:00:00.000Z,אזרביג'אן,3,12,15
2021-08-10T00:00:00.000Z,הונגריה,34,100,134
2021-08-10T00:00:00.000Z,קרואטיה,1,13,14
2021-08-11T00:00:00.000Z,מצרים,73,182,255
2021-08-11T00:00:00.000Z,ליטא,1,6,7
2021-08-11T00:00:00.000Z,פיליפינים,0,49,49
2021-08-11T00:00:00.000Z,קולומביה,1,0,1
2021-08-11T00:00:00.000Z,אזרביג'אן,0,1,1
2021-08-11T00:00:00.000Z,מקסיקו,1,4,5
2021-08-11T00:00:00.000Z,רוסיה,7,81,88
2021-08-11T00:00:00.000Z,מונקו,0,13,13
2021-08-11T00:00:00.000Z,איטליה,118,431,549
2021-08-11T00:00:00.000Z,נורבגיה,4,6,10
2021-08-11T00:00:00.000Z,מלדיבים,20,49,69
2021-08-11T00:00:00.000Z,מקדוניה,0,5,5
2021-08-11T00:00:00.000Z,צכיה,21,66,87
2021-08-11T00:00:00.000Z,צרפת,122,746,868
2021-08-11T00:00:00.000Z,זימבאבווה,0,1,1
2021-08-11T00:00:00.000Z,קטר,0,1,1
2021-08-11T00:00:00.000Z,אוסטריה,111,418,529
2021-08-11T00:00:00.000Z,בלגיה,9,147,156
2021-08-11T00:00:00.000Z,בוטסואנה,0,8,8
2021-08-11T00:00:00.000Z,מרוקו,1,8,9
2021-08-11T00:00:00.000Z,טנזניה,44,107,151
2021-08-11T00:00:00.000Z,אתיופיה,4,12,16
2021-08-11T00:00:00.000Z,קפריסין,5,33,38
2021-08-11T00:00:00.000Z,תוניסיה,0,1,1
2021-08-11T00:00:00.000Z,בילורוסיה,22,84,106
2021-08-11T00:00:00.000Z,איסלנד,28,201,229
2021-08-11T00:00:00.000Z,מלטה,0,4,4
2021-08-11T00:00:00.000Z,בולגריה,106,275,381
2021-08-11T00:00:00.000Z,כלל המדינות,2230,10722,12952
2021-08-11T00:00:00.000Z,יפן,6,39,45
2021-08-11T00:00:00.000Z,פרגוואי,1,10,11
2021-08-11T00:00:00.000Z,לבנון,0,9,9
2021-08-11T00:00:00.000Z,פינלנד,19,84,103
2021-08-11T00:00:00.000Z,בוסניה הרצגובינה,0,1,1
2021-08-11T00:00:00.000Z,מאלי,0,1,1
2021-08-11T00:00:00.000Z,גאורגיה,0,3,3
2021-08-11T00:00:00.000Z,בחריין,1,0,1
2021-08-11T00:00:00.000Z,עירק,4,7,11
2021-08-11T00:00:00.000Z,אל סלבדור,0,1,1
2021-08-11T00:00:00.000Z,שוודיה,3,12,15
2021-08-11T00:00:00.000Z,גרמניה,56,311,367
2021-08-11T00:00:00.000Z,בהמס,0,1,1
2021-08-11T00:00:00.000Z,גיברלטר,0,5,5
2021-08-11T00:00:00.000Z,אינדונזיה,0,1,1
2021-08-11T00:00:00.000Z,סרי לנקה (צילון),0,3,3
2021-08-11T00:00:00.000Z,טג'יקיסטאן,2,3,5
2021-08-11T00:00:00.000Z,תורכיה,58,236,294
2021-08-11T00:00:00.000Z,פנמה,0,9,9
2021-08-11T00:00:00.000Z,קירג'זסטאן,1,0,1
2021-08-11T00:00:00.000Z,סינגפור,1,9,10
2021-08-11T00:00:00.000Z,אקואדור,0,1,1
2021-08-11T00:00:00.000Z,ניגריה,0,2,2
2021-08-11T00:00:00.000Z,פולין,32,118,150
2021-08-11T00:00:00.000Z,סרביה,1,1,2
2021-08-11T00:00:00.000Z,קניה,2,8,10
2021-08-11T00:00:00.000Z,תורכמניסטאן,1,23,24
2021-08-11T00:00:00.000Z,זאיר,0,3,3
2021-08-11T00:00:00.000Z,ירדן,88,478,566
2021-08-11T00:00:00.000Z,קנדה,9,114,123
2021-08-11T00:00:00.000Z,בנגלדש,0,1,1
2021-08-11T00:00:00.000Z,אוקראינה,174,529,703
2021-08-11T00:00:00.000Z,אנגולה,2,4,6
2021-08-11T00:00:00.000Z,קרואטיה,3,23,26
2021-08-11T00:00:00.000Z,אירלנד,5,16,21
2021-08-11T00:00:00.000Z,מוזמביק,0,1,1
2021-08-11T00:00:00.000Z,סלובניה,34,151,185
2021-08-11T00:00:00.000Z,אוסטרליה,10,45,55
2021-08-11T00:00:00.000Z,אסטוניה,13,61,74
2021-08-11T00:00:00.000Z,קזחסטאן,1,0,1
2021-08-11T00:00:00.000Z,דרום אפריקה,0,2,2
2021-08-11T00:00:00.000Z,ספרד,2,4,6
2021-08-11T00:00:00.000Z,ארמניה,4,11,15
2021-08-11T00:00:00.000Z,אוגנדה,0,1,1
2021-08-11T00:00:00.000Z,האנטילים ההולנדים,0,1,1
2021-08-11T00:00:00.000Z,ונצואלה,0,10,10
2021-08-11T00:00:00.000Z,הונגריה,22,109,131
2021-08-11T00:00:00.000Z,יוון,127,347,474
2021-08-11T00:00:00.000Z,גאנה,0,1,1
2021-08-11T00:00:00.000Z,ויטנאם,0,1,1
2021-08-11T00:00:00.000Z,הולנד,58,204,262
2021-08-11T00:00:00.000Z,רומניה,128,558,686
2021-08-11T00:00:00.000Z,הממלכה המאוחדת,26,227,253
2021-08-11T00:00:00.000Z,שוויץ,120,452,572
2021-08-11T00:00:00.000Z,מולדובה,19,62,81
2021-08-11T00:00:00.000Z,פורטוגל,0,30,30
2021-08-11T00:00:00.000Z,סין,0,11,11
2021-08-11T00:00:00.000Z,איחוד האמירויות הערב,11,39,50
2021-08-11T00:00:00.000Z,אוזבקיסטן,0,5,5
2021-08-11T00:00:00.000Z,פרו,1,5,6
2021-08-11T00:00:00.000Z,תאילנד,3,3,6
2021-08-11T00:00:00.000Z,קוסטה ריקה,5,18,23
2021-08-11T00:00:00.000Z,דנמרק,5,21,26
2021-08-11T00:00:00.000Z,הונג קונג,0,1,1
2021-08-11T00:00:00.000Z,מונטנגרו,39,135,174
2021-08-11T00:00:00.000Z,אלבניה,0,7,7
2021-08-11T00:00:00.000Z,ארצות הברית,303,2169,2472
2021-08-12T00:00:00.000Z,שוויץ,66,294,360
2021-08-12T00:00:00.000Z,מצרים,110,410,520
2021-08-12T00:00:00.000Z,קירג'זסטאן,0,6,6
2021-08-12T00:00:00.000Z,הולנד,36,118,154
2021-08-12T00:00:00.000Z,זאיר,0,3,3
2021-08-12T00:00:00.000Z,ירדן,184,1070,1254
2021-08-12T00:00:00.000Z,לוכסמבורג,0,4,4
2021-08-12T00:00:00.000Z,רומניה,41,213,254
2021-08-12T00:00:00.000Z,מלטה,1,3,4
2021-08-12T00:00:00.000Z,ניקרגואה,1,0,1
2021-08-12T00:00:00.000Z,תורכיה,48,196,244
2021-08-12T00:00:00.000Z,ספרד,9,73,82
2021-08-12T00:00:00.000Z,הממלכה המאוחדת,55,297,352
2021-08-12T00:00:00.000Z,ארמניה,8,31,39
2021-08-12T00:00:00.000Z,קולומביה,3,5,8
2021-08-12T00:00:00.000Z,גאנה,2,3,5
2021-08-12T00:00:00.000Z,אוסטרליה,2,11,13
2021-08-12T00:00:00.000Z,איטליה,105,360,465
2021-08-12T00:00:00.000Z,גינאה המשוונית,0,1,1
2021-08-12T00:00:00.000Z,צרפת,112,539,651
2021-08-12T00:00:00.000Z,סלובקיה,0,4,4
2021-08-12T00:00:00.000Z,בוסניה הרצגובינה,7,48,55
2021-08-12T00:00:00.000Z,איסלנד,19,116,135
2021-08-12T00:00:00.000Z,פיליפינים,0,28,28
2021-08-12T00:00:00.000Z,פולינזיה הצרפתית,1,1,2
2021-08-12T00:00:00.000Z,נפאל,0,1,1
2021-08-12T00:00:00.000Z,איי גילברט ואליס,2,1,3
2021-08-12T00:00:00.000Z,ניגריה,0,8,8
2021-08-12T00:00:00.000Z,דרום סודאן,0,1,1
2021-08-12T00:00:00.000Z,סינגפור,0,3,3
2021-08-12T00:00:00.000Z,אירלנד,2,4,6
2021-08-12T00:00:00.000Z,גאורגיה,41,166,207
2021-08-12T00:00:00.000Z,אלבניה,1,6,7
2021-08-12T00:00:00.000Z,ארגנטינה,0,5,5
2021-08-12T00:00:00.000Z,הונדורס,0,2,2
2021-08-12T00:00:00.000Z,שוודיה,4,27,31
2021-08-12T00:00:00.000Z,עומן,0,1,1
2021-08-12T00:00:00.000Z,דנמרק,9,33,42
2021-08-12T00:00:00.000Z,קמרון,0,2,2
2021-08-12T00:00:00.000Z,דומיניקה,0,1,1
2021-08-12T00:00:00.000Z,רוסיה,15,117,132
2021-08-12T00:00:00.000Z,צכיה,16,56,72
2021-08-12T00:00:00.000Z,פורטוגל,39,173,212
2021-08-12T00:00:00.000Z,צ'ילה,0,2,2
2021-08-12T00:00:00.000Z,הרפ הדומיניקנית,5,5,10
2021-08-12T00:00:00.000Z,קוריאה הדרומית,0,4,4
2021-08-12T00:00:00.000Z,אוזבקיסטן,3,1,4
2021-08-12T00:00:00.000Z,מרוקו,19,68,87
2021-08-12T00:00:00.000Z,פנמה,4,33,37
2021-08-12T00:00:00.000Z,נורבגיה,0,4,4
2021-08-12T00:00:00.000Z,קניה,1,10,11
2021-08-12T00:00:00.000Z,מונטנגרו,3,15,18
2021-08-12T00:00:00.000Z,אזרביג'אן,46,123,169
2021-08-12T00:00:00.000Z,קפריסין,5,51,56
2021-08-12T00:00:00.000Z,כלל המדינות,2228,10637,12865
2021-08-12T00:00:00.000Z,בולגריה,74,247,321
2021-08-12T00:00:00.000Z,גיברלטר,0,9,9
2021-08-12T00:00:00.000Z,אוקראינה,148,439,587
2021-08-12T00:00:00.000Z,לבנון,0,3,3
2021-08-12T00:00:00.000Z,חוף השנהב,0,1,1
2021-08-12T00:00:00.000Z,מלאווי,0,2,2
2021-08-12T00:00:00.000Z,בלגיה,20,132,152
2021-08-12T00:00:00.000Z,גמייקה,0,1,1
2021-08-12T00:00:00.000Z,אקואדור,0,3,3
2021-08-12T00:00:00.000Z,סרביה,31,126,157
2021-08-12T00:00:00.000Z,גרמניה,60,309,369
2021-08-12T00:00:00.000Z,דרום אפריקה,1,8,9
2021-08-12T00:00:00.000Z,פולין,11,50,61
2021-08-12T00:00:00.000Z,יוון,242,873,1115
2021-08-12T00:00:00.000Z,רואנדה,0,1,1
2021-08-12T00:00:00.000Z,אוסטריה,81,347,428
2021-08-12T00:00:00.000Z,אסטוניה,0,5,5
2021-08-12T00:00:00.000Z,סוריה,4,5,9
2021-08-12T00:00:00.000Z,איחוד האמירויות הערב,15,35,50
2021-08-12T00:00:00.000Z,קונגו,0,1,1
2021-08-12T00:00:00.000Z,פינלנד,2,2,4
2021-08-12T00:00:00.000Z,בורקינה פאסו,0,2,2
2021-08-12T00:00:00.000Z,יפן,0,5,5
2021-08-12T00:00:00.000Z,זמביה,1,1,2
2021-08-12T00:00:00.000Z,ברזיל,2,8,10
2021-08-12T00:00:00.000Z,אורגוואי,0,3,3
2021-08-12T00:00:00.000Z,סרי לנקה (צילון),0,4,4
2021-08-12T00:00:00.000Z,קוסטה ריקה,5,13,18
2021-08-12T00:00:00.000Z,טנזניה,0,11,11
2021-08-12T00:00:00.000Z,קזחסטאן,1,1,2
2021-08-12T00:00:00.000Z,תאילנד,0,1,1
2021-08-12T00:00:00.000Z,מקדוניה,0,1,1
2021-08-12T00:00:00.000Z,ליטא,9,100,109
2021-08-12T00:00:00.000Z,ארצות הברית,228,1525,1753
2021-08-12T00:00:00.000Z,מולדובה,46,151,197
2021-08-12T00:00:00.000Z,אתיופיה,9,17,26
2021-08-12T00:00:00.000Z,מקסיקו,0,1,1
2021-08-12T00:00:00.000Z,תורכמניסטאן,1,5,6
2021-08-12T00:00:00.000Z,הונגריה,36,169,205
2021-08-12T00:00:00.000Z,הודו,1,0,1
2021-08-12T00:00:00.000Z,קטר,1,6,7
2021-08-12T00:00:00.000Z,אוגנדה,1,1,2
2021-08-12T00:00:00.000Z,פרו,2,6,8
2021-08-12T00:00:00.000Z,קנדה,5,95,100
2021-08-12T00:00:00.000Z,מלדיבים,12,23,35
2021-08-12T00:00:00.000Z,קרואטיה,4,25,29
2021-08-12T00:00:00.000Z,מוזמביק,0,2,2
2021-08-12T00:00:00.000Z,ערב הסעודית,0,1,1
2021-08-13T00:00:00.000Z,שוויץ,141,645,786
2021-08-13T00:00:00.000Z,תורכמניסטאן,2,10,12
2021-08-13T00:00:00.000Z,קנדה,7,122,129
2021-08-13T00:00:00.000Z,בחריין,0,1,1
2021-08-13T00:00:00.000Z,אוזבקיסטן,1,0,1
2021-08-13T00:00:00.000Z,בוסניה הרצגובינה,9,41,50
2021-08-13T00:00:00.000Z,פורטוגל,5,30,35
2021-08-13T00:00:00.000Z,חוף השנהב,0,1,1
2021-08-13T00:00:00.000Z,אוסטריה,117,577,694
2021-08-13T00:00:00.000Z,פיליפינים,0,7,7
2021-08-13T00:00:00.000Z,מאלי,1,2,3
2021-08-13T00:00:00.000Z,ארגנטינה,0,7,7
2021-08-13T00:00:00.000Z,הונגריה,26,82,108
2021-08-13T00:00:00.000Z,איסלנד,2,8,10
2021-08-13T00:00:00.000Z,הממלכה המאוחדת,0,1,1
2021-08-13T00:00:00.000Z,בליז,1,4,5
2021-08-13T00:00:00.000Z,איחוד האמירויות הערב,10,28,38
2021-08-13T00:00:00.000Z,קוריאה הדרומית,3,11,14
2021-08-13T00:00:00.000Z,מונטנגרו,46,127,173
2021-08-13T00:00:00.000Z,סלובניה,1,5,6
2021-08-13T00:00:00.000Z,סרביה,60,218,278
2021-08-13T00:00:00.000Z,הונדורס,1,0,1
2021-08-13T00:00:00.000Z,ארמניה,1,2,3
2021-08-13T00:00:00.000Z,בולגריה,46,205,251
2021-08-13T00:00:00.000Z,ניקרגואה,1,0,1
2021-08-13T00:00:00.000Z,מצרים,110,530,640
2021-08-13T00:00:00.000Z,פרגוואי,0,1,1
2021-08-13T00:00:00.000Z,גרמניה,91,541,632
2021-08-13T00:00:00.000Z,ונצואלה,0,3,3
2021-08-13T00:00:00.000Z,פרו,1,2,3
2021-08-13T00:00:00.000Z,בורונדי,0,1,1
2021-08-13T00:00:00.000Z,רואנדה,0,1,1
2021-08-13T00:00:00.000Z,ירדן,5,58,63
2021-08-13T00:00:00.000Z,קירג'זסטאן,2,6,8
2021-08-13T00:00:00.000Z,גאורגיה,0,4,4
2021-08-13T00:00:00.000Z,פורטו ריקו,0,1,1
2021-08-13T00:00:00.000Z,ספרד,2,6,8
2021-08-13T00:00:00.000Z,אירלנד,2,16,18
2021-08-13T00:00:00.000Z,ברזיל,0,1,1
2021-08-13T00:00:00.000Z,מלדיבים,8,30,38
2021-08-13T00:00:00.000Z,נורבגיה,0,2,2
2021-08-13T00:00:00.000Z,דנמרק,5,71,76
2021-08-13T00:00:00.000Z,אסטוניה,1,5,6
2021-08-13T00:00:00.000Z,פינלנד,24,96,120
2021-08-13T00:00:00.000Z,מקדוניה,0,1,1
2021-08-13T00:00:00.000Z,אוסטרליה,0,1,1
2021-08-13T00:00:00.000Z,צרפת,46,236,282
2021-08-13T00:00:00.000Z,קזחסטאן,0,8,8
2021-08-13T00:00:00.000Z,סין,2,1,3
2021-08-13T00:00:00.000Z,טנזניה,0,2,2
2021-08-13T00:00:00.000Z,מרוקו,12,85,97
2021-08-13T00:00:00.000Z,פנמה,1,7,8
2021-08-13T00:00:00.000Z,מוזמביק,1,1,2
2021-08-13T00:00:00.000Z,אזרביג'אן,2,4,6
2021-08-13T00:00:00.000Z,ליטא,1,2,3
2021-08-13T00:00:00.000Z,אלבניה,0,4,4
2021-08-13T00:00:00.000Z,יוון,136,700,836
2021-08-13T00:00:00.000Z,רומניה,138,508,646
2021-08-13T00:00:00.000Z,מולדובה,1,20,21
2021-08-13T00:00:00.000Z,בהמס,0,1,1
2021-08-13T00:00:00.000Z,קרואטיה,3,27,30
2021-08-13T00:00:00.000Z,זאיר,0,1,1
2021-08-13T00:00:00.000Z,קוסטה ריקה,2,10,12
2021-08-13T00:00:00.000Z,גאנה,0,1,1
2021-08-13T00:00:00.000Z,כלל המדינות,1914,9150,11064
2021-08-13T00:00:00.000Z,אקואדור,0,2,2
2021-08-13T00:00:00.000Z,אוקראינה,131,486,617
2021-08-13T00:00:00.000Z,רוסיה,16,67,83
2021-08-13T00:00:00.000Z,איטליה,107,431,538
2021-08-13T00:00:00.000Z,הולנד,50,145,195
2021-08-13T00:00:00.000Z,אתיופיה,1,1,2
2021-08-13T00:00:00.000Z,סינגפור,1,0,1
2021-08-13T00:00:00.000Z,קטר,0,2,2
2021-08-13T00:00:00.000Z,בלגיה,22,139,161
2021-08-13T00:00:00.000Z,לטביה,0,8,8
2021-08-13T00:00:00.000Z,יפן,2,3,5
2021-08-13T00:00:00.000Z,פולין,44,203,247
2021-08-13T00:00:00.000Z,קניה,0,1,1
2021-08-13T00:00:00.000Z,צכיה,51,162,213
2021-08-13T00:00:00.000Z,שוודיה,6,28,34
2021-08-13T00:00:00.000Z,ניגריה,1,11,12
2021-08-13T00:00:00.000Z,ארצות הברית,213,1347,1560
2021-08-13T00:00:00.000Z,תורכיה,55,181,236
2021-08-13T00:00:00.000Z,סנגל,0,2,2
2021-08-13T00:00:00.000Z,מלטה,0,7,7
2021-08-13T00:00:00.000Z,קפריסין,5,26,31
2021-08-14T00:00:00.000Z,פיליפינים,0,2,2
2021-08-14T00:00:00.000Z,שוודיה,7,17,24
2021-08-14T00:00:00.000Z,ניגריה,2,4,6
2021-08-14T00:00:00.000Z,אסטוניה,3,6,9
2021-08-14T00:00:00.000Z,הודו,1,0,1
2021-08-14T00:00:00.000Z,הונגריה,59,58,117
2021-08-14T00:00:00.000Z,מולדובה,28,44,72
2021-08-14T00:00:00.000Z,הונג קונג,0,1,1
2021-08-14T00:00:00.000Z,פרו,3,0,3
2021-08-14T00:00:00.000Z,בולגריה,58,77,135
2021-08-14T00:00:00.000Z,קוסובו,0,2,2
2021-08-14T00:00:00.000Z,חוף השנהב,1,0,1
2021-08-14T00:00:00.000Z,אוגנדה,0,1,1
2021-08-14T00:00:00.000Z,גאורגיה,31,40,71
2021-08-14T00:00:00.000Z,תורכמניסטאן,5,1,6
2021-08-14T00:00:00.000Z,לוכסמבורג,1,0,1
2021-08-14T00:00:00.000Z,בלגיה,7,8,15
2021-08-14T00:00:00.000Z,טוגו,1,0,1
2021-08-14T00:00:00.000Z,ארצות הברית,323,669,992
2021-08-14T00:00:00.000Z,אזרביג'אן,1,2,3
2021-08-14T00:00:00.000Z,סלובניה,4,3,7
2021-08-14T00:00:00.000Z,איי סיישל,2,3,5
2021-08-14T00:00:00.000Z,קפריסין,14,24,38
2021-08-14T00:00:00.000Z,איטליה,112,113,225
2021-08-14T00:00:00.000Z,נורבגיה,1,2,3
2021-08-14T00:00:00.000Z,יפן,0,2,2
2021-08-14T00:00:00.000Z,מצרים,279,278,557
2021-08-14T00:00:00.000Z,סין,0,8,8
2021-08-14T00:00:00.000Z,אוקראינה,154,117,271
2021-08-14T00:00:00.000Z,אוסטריה,211,210,421
2021-08-14T00:00:00.000Z,פינלנד,4,8,12
2021-08-14T00:00:00.000Z,נפאל,1,0,1
2021-08-14T00:00:00.000Z,סרי לנקה (צילון),0,2,2
2021-08-14T00:00:00.000Z,אורגוואי,0,4,4
2021-08-14T00:00:00.000Z,מקסיקו,1,0,1
2021-08-14T00:00:00.000Z,אתיופיה,13,6,19
2021-08-14T00:00:00.000Z,ארמניה,2,2,4
2021-08-14T00:00:00.000Z,מרוקו,5,5,10
2021-08-14T00:00:00.000Z,סינגפור,0,3,3
2021-08-14T00:00:00.000Z,גווטאמלה,4,3,7
2021-08-14T00:00:00.000Z,הממלכה המאוחדת,11,20,31
2021-08-14T00:00:00.000Z,רומניה,499,392,891
2021-08-14T00:00:00.000Z,שוויץ,97,98,195
2021-08-14T00:00:00.000Z,גאנה,4,0,4
2021-08-14T00:00:00.000Z,קרואטיה,18,13,31
2021-08-14T00:00:00.000Z,טנזניה,14,10,24
2021-08-14T00:00:00.000Z,הונדורס,0,1,1
2021-08-14T00:00:00.000Z,קולומביה,5,3,8
2021-08-14T00:00:00.000Z,קזחסטאן,2,0,2
2021-08-14T00:00:00.000Z,מוזמביק,1,0,1
2021-08-14T00:00:00.000Z,ספרד,19,16,35
2021-08-14T00:00:00.000Z,קוריאה הדרומית,3,1,4
2021-08-14T00:00:00.000Z,איסלנד,34,38,72
2021-08-14T00:00:00.000Z,ירדן,11,47,58
2021-08-14T00:00:00.000Z,פולין,111,95,206
2021-08-14T00:00:00.000Z,קניה,4,15,19
2021-08-14T00:00:00.000Z,דרום אפריקה,0,2,2
2021-08-14T00:00:00.000Z,הרפ הדומיניקנית,12,1,13
2021-08-14T00:00:00.000Z,דרום סודאן,1,0,1
2021-08-14T00:00:00.000Z,קנדה,14,84,98
2021-08-14T00:00:00.000Z,אלבניה,5,3,8
2021-08-14T00:00:00.000Z,תורכיה,90,129,219
2021-08-14T00:00:00.000Z,צכיה,2,0,2
2021-08-14T00:00:00.000Z,צרפת,93,93,186
2021-08-14T00:00:00.000Z,קוסטה ריקה,19,12,31
2021-08-14T00:00:00.000Z,רוסיה,0,2,2
2021-08-14T00:00:00.000Z,פורטוגל,37,18,55
2021-08-14T00:00:00.000Z,ניקרגואה,1,2,3
2021-08-14T00:00:00.000Z,כלל המדינות,3229,3767,6996
2021-08-14T00:00:00.000Z,סרביה,1,3,4
2021-08-14T00:00:00.000Z,הולנד,69,55,124
2021-08-14T00:00:00.000Z,בוסניה הרצגובינה,12,11,23
2021-08-14T00:00:00.000Z,אוסטרליה,0,7,7
2021-08-14T00:00:00.000Z,לטביה,29,32,61
2021-08-14T00:00:00.000Z,קונגו,0,1,1
2021-08-14T00:00:00.000Z,קטר,0,1,1
2021-08-14T00:00:00.000Z,דנמרק,6,16,22
2021-08-14T00:00:00.000Z,איחוד האמירויות הערב,10,14,24
2021-08-14T00:00:00.000Z,אירלנד,5,2,7
2021-08-14T00:00:00.000Z,מונטנגרו,1,1,2
2021-08-14T00:00:00.000Z,יוון,333,244,577
2021-08-14T00:00:00.000Z,ליטא,8,12,20
2021-08-14T00:00:00.000Z,גרמניה,92,117,209
2021-08-14T00:00:00.000Z,מלדיבים,15,17,32
2021-08-14T00:00:00.000Z,מלטה,1,1,2
2021-08-14T00:00:00.000Z,פנמה,1,8,9
2021-08-15T00:00:00.000Z,הממלכה המאוחדת,161,251,412
2021-08-15T00:00:00.000Z,קוריאה הדרומית,7,3,10
2021-08-15T00:00:00.000Z,שוודיה,16,22,38
2021-08-15T00:00:00.000Z,אלבניה,4,5,9
2021-08-15T00:00:00.000Z,פינלנד,3,4,7
2021-08-15T00:00:00.000Z,פרו,8,1,9
2021-08-15T00:00:00.000Z,גיברלטר,1,0,1
2021-08-15T00:00:00.000Z,איחוד האמירויות הערב,29,31,60
2021-08-15T00:00:00.000Z,בוסניה הרצגובינה,39,40,79
2021-08-15T00:00:00.000Z,מצרים,514,469,983
2021-08-15T00:00:00.000Z,ספרד,6,4,10
2021-08-15T00:00:00.000Z,מונטנגרו,197,135,332
2021-08-15T00:00:00.000Z,קניה,3,2,5
2021-08-15T00:00:00.000Z,רומניה,493,332,825
2021-08-15T00:00:00.000Z,אנדורה,0,1,1
2021-08-15T00:00:00.000Z,יפן,1,1,2
2021-08-15T00:00:00.000Z,סרי לנקה (צילון),0,1,1
2021-08-15T00:00:00.000Z,ארגנטינה,0,2,2
2021-08-15T00:00:00.000Z,רואנדה,1,0,1
2021-08-15T00:00:00.000Z,צרפת,422,540,962
2021-08-15T00:00:00.000Z,מרוקו,6,16,22
2021-08-15T00:00:00.000Z,סין,0,1,1
2021-08-15T00:00:00.000Z,ניו זילנד,0,1,1
2021-08-15T00:00:00.000Z,האנטילים ההולנדים,1,1,2
2021-08-15T00:00:00.000Z,אירלנד,11,17,28
2021-08-15T00:00:00.000Z,ויטנאם,0,4,4
2021-08-15T00:00:00.000Z,איטליה,288,243,531
2021-08-15T00:00:00.000Z,נורבגיה,8,8,16
2021-08-15T00:00:00.000Z,קפריסין,25,31,56
2021-08-15T00:00:00.000Z,מלדיבים,20,16,36
2021-08-15T00:00:00.000Z,קנדה,15,115,130
2021-08-15T00:00:00.000Z,אוגנדה,2,3,5
2021-08-15T00:00:00.000Z,תאילנד,82,123,205
2021-08-15T00:00:00.000Z,שוויץ,363,400,763
2021-08-15T00:00:00.000Z,אוסטרליה,2,6,8
2021-08-15T00:00:00.000Z,בחריין,1,1,2
2021-08-15T00:00:00.000Z,מלטה,1,2,3
2021-08-15T00:00:00.000Z,אוקראינה,306,379,685
2021-08-15T00:00:00.000Z,איסלנד,14,16,30
2021-08-15T00:00:00.000Z,קמרון,1,0,1
2021-08-15T00:00:00.000Z,זאיר,1,0,1
2021-08-15T00:00:00.000Z,אתיופיה,13,8,21
2021-08-15T00:00:00.000Z,ניגריה,6,3,9
2021-08-15T00:00:00.000Z,בהמס,1,2,3
2021-08-15T00:00:00.000Z,קזחסטאן,7,15,22
2021-08-15T00:00:00.000Z,הונגריה,150,110,260
2021-08-15T00:00:00.000Z,ארצות הברית,377,761,1138
2021-08-15T00:00:00.000Z,מקסיקו,0,2,2
2021-08-15T00:00:00.000Z,גאורגיה,19,39,58
2021-08-15T00:00:00.000Z,אזרביג'אן,89,62,151
2021-08-15T00:00:00.000Z,גרמניה,221,314,535
2021-08-15T00:00:00.000Z,אקואדור,0,2,2
2021-08-15T00:00:00.000Z,יוון,650,629,1279
2021-08-15T00:00:00.000Z,פורטוגל,92,98,190
2021-08-15T00:00:00.000Z,ליטא,54,79,133
2021-08-15T00:00:00.000Z,סרביה,114,81,195
2021-08-15T00:00:00.000Z,גויאנה הצרפתית,0,1,1
2021-08-15T00:00:00.000Z,בילורוסיה,41,91,132
2021-08-15T00:00:00.000Z,פנמה,2,0,2
2021-08-15T00:00:00.000Z,כלל המדינות,7914,9454,17368
2021-08-15T00:00:00.000Z,ארמניה,0,2,2
2021-08-15T00:00:00.000Z,סנגל,3,1,4
2021-08-15T00:00:00.000Z,הרפ הדומיניקנית,4,2,6
2021-08-15T00:00:00.000Z,גאנה,9,1,10
2021-08-15T00:00:00.000Z,קולומביה,0,1,1
2021-08-15T00:00:00.000Z,אוזבקיסטן,1,3,4
2021-08-15T00:00:00.000Z,סינגפור,0,5,5
2021-08-15T00:00:00.000Z,דומיניקה,1,0,1
2021-08-15T00:00:00.000Z,גואם,0,1,1
2021-08-15T00:00:00.000Z,ירדן,1104,1618,2722
2021-08-15T00:00:00.000Z,קונגו,1,0,1
2021-08-15T00:00:00.000Z,מקדוניה,1,1,2
2021-08-15T00:00:00.000Z,הולנד,177,160,337
2021-08-15T00:00:00.000Z,הודו,0,1,1
2021-08-15T00:00:00.000Z,אוסטריה,246,266,512
2021-08-15T00:00:00.000Z,תורכמניסטאן,3,11,14
2021-08-15T00:00:00.000Z,פולין,127,98,225
2021-08-15T00:00:00.000Z,בלגיה,81,118,199
2021-08-15T00:00:00.000Z,סלובניה,2,2,4
2021-08-15T00:00:00.000Z,גרנדה,1,0,1
2021-08-15T00:00:00.000Z,אל סלבדור,0,1,1
2021-08-15T00:00:00.000Z,צכיה,70,58,128
2021-08-15T00:00:00.000Z,מונגוליה,0,1,1
2021-08-15T00:00:00.000Z,לטביה,4,0,4
2021-08-15T00:00:00.000Z,פיליפינים,1,2,3
2021-08-15T00:00:00.000Z,בולגריה,231,182,413
2021-08-15T00:00:00.000Z,מונקו,6,2,8
2021-08-15T00:00:00.000Z,קרואטיה,39,42,81
2021-08-15T00:00:00.000Z,טנזניה,7,7,14
2021-08-15T00:00:00.000Z,אסטוניה,3,10,13
2021-08-15T00:00:00.000Z,רוסיה,35,153,188
2021-08-15T00:00:00.000Z,דנמרק,37,42,79
2021-08-15T00:00:00.000Z,תורכיה,107,96,203
2021-08-15T00:00:00.000Z,מולדובה,80,138,218
2021-08-15T00:00:00.000Z,קוסטה ריקה,4,6,10
2021-08-16T00:00:00.000Z,קובה,0,2,2
2021-08-16T00:00:00.000Z,אוגנדה,2,6,8
2021-08-16T00:00:00.000Z,הונגריה,75,59,134
2021-08-16T00:00:00.000Z,בוסניה הרצגובינה,1,2,3
2021-08-16T00:00:00.000Z,אלבניה,0,5,5
2021-08-16T00:00:00.000Z,רומניה,108,107,215
2021-08-16T00:00:00.000Z,מצרים,375,500,875
2021-08-16T00:00:00.000Z,איטליה,209,220,429
2021-08-16T00:00:00.000Z,ליטא,13,7,20
2021-08-16T00:00:00.000Z,יפן,1,2,3
2021-08-16T00:00:00.000Z,זמביה,1,0,1
2021-08-16T00:00:00.000Z,אקואדור,1,1,2
2021-08-16T00:00:00.000Z,צ'ילה,1,2,3
2021-08-16T00:00:00.000Z,שוויץ,203,236,439
2021-08-16T00:00:00.000Z,ניקרגואה,2,0,2
2021-08-16T00:00:00.000Z,הונדורס,2,0,2
2021-08-16T00:00:00.000Z,פנמה,4,22,26
2021-08-16T00:00:00.000Z,לוכסמבורג,2,0,2
2021-08-16T00:00:00.000Z,גרמניה,371,339,710
2021-08-16T00:00:00.000Z,מלדיבים,27,7,34
2021-08-16T00:00:00.000Z,מונטנגרו,43,51,94
2021-08-16T00:00:00.000Z,ארגנטינה,2,1,3
2021-08-16T00:00:00.000Z,קפריסין,16,17,33
2021-08-16T00:00:00.000Z,גווטאמלה,0,4,4
2021-08-16T00:00:00.000Z,פיליפינים,0,4,4
2021-08-16T00:00:00.000Z,אירלנד,2,6,8
2021-08-16T00:00:00.000Z,הרפ הדומיניקנית,3,8,11
2021-08-16T00:00:00.000Z,קנדה,37,97,134
2021-08-16T00:00:00.000Z,מונקו,1,0,1
2021-08-16T00:00:00.000Z,הונג קונג,1,0,1
2021-08-16T00:00:00.000Z,ויטנאם,0,4,4
2021-08-16T00:00:00.000Z,בורונדי,1,0,1
2021-08-16T00:00:00.000Z,פולין,142,85,227
2021-08-16T00:00:00.000Z,נמיביה,1,0,1
2021-08-16T00:00:00.000Z,מקסיקו,0,6,6
2021-08-16T00:00:00.000Z,מולדובה,0,2,2
2021-08-16T00:00:00.000Z,אורגוואי,1,3,4
2021-08-16T00:00:00.000Z,גאורגיה,24,64,88
2021-08-16T00:00:00.000Z,ירדן,123,144,267
2021-08-16T00:00:00.000Z,פרו,4,3,7
2021-08-16T00:00:00.000Z,תורכיה,93,132,225
2021-08-16T00:00:00.000Z,בולגריה,121,150,271
2021-08-16T00:00:00.000Z,איחוד האמירויות הערב,26,22,48
2021-08-16T00:00:00.000Z,קוסטה ריקה,5,1,6
2021-08-16T00:00:00.000Z,חוף השנהב,1,0,1
2021-08-16T00:00:00.000Z,אוזבקיסטן,0,1,1
2021-08-16T00:00:00.000Z,אוקראינה,259,323,582
2021-08-16T00:00:00.000Z,סוריה,1,2,3
2021-08-16T00:00:00.000Z,אנגולה,2,0,2
2021-08-16T00:00:00.000Z,תימן,0,1,1
2021-08-16T00:00:00.000Z,איי גילברט ואליס,4,1,5
2021-08-16T00:00:00.000Z,יוון,410,346,756
2021-08-16T00:00:00.000Z,הולנד,49,46,95
2021-08-16T00:00:00.000Z,לטביה,0,2,2
2021-08-16T00:00:00.000Z,קניה,0,2,2
2021-08-16T00:00:00.000Z,מרוקו,4,12,16
2021-08-16T00:00:00.000Z,נורבגיה,2,1,3
2021-08-16T00:00:00.000Z,דרום אפריקה,4,6,10
2021-08-16T00:00:00.000Z,סינגפור,0,1,1
2021-08-16T00:00:00.000Z,מקאו,0,1,1
2021-08-16T00:00:00.000Z,טנזניה,88,58,146
2021-08-16T00:00:00.000Z,פורטוגל,24,20,44
2021-08-16T00:00:00.000Z,אוסטריה,285,248,533
2021-08-16T00:00:00.000Z,קרואטיה,19,11,30
2021-08-16T00:00:00.000Z,אזרביג'אן,0,1,1
2021-08-16T00:00:00.000Z,איי סיישל,0,2,2
2021-08-16T00:00:00.000Z,כלל המדינות,5385,7591,12976
2021-08-16T00:00:00.000Z,דרום סודאן,0,1,1
2021-08-16T00:00:00.000Z,טג'יקיסטאן,0,2,2
2021-08-16T00:00:00.000Z,סלובניה,1,3,4
2021-08-16T00:00:00.000Z,ברזיל,0,5,5
2021-08-16T00:00:00.000Z,רוסיה,13,63,76
2021-08-16T00:00:00.000Z,קולומביה,1,0,1
2021-08-16T00:00:00.000Z,סרביה,73,71,144
2021-08-16T00:00:00.000Z,איסלנד,28,34,62
2021-08-16T00:00:00.000Z,סין,1,0,1
2021-08-16T00:00:00.000Z,אוסטרליה,3,5,8
2021-08-16T00:00:00.000Z,הודו,9,62,71
2021-08-16T00:00:00.000Z,צרפת,306,441,747
2021-08-16T00:00:00.000Z,הממלכה המאוחדת,145,318,463
2021-08-16T00:00:00.000Z,בוליביה,0,1,1
2021-08-16T00:00:00.000Z,פרגוואי,1,0,1
2021-08-16T00:00:00.000Z,ספרד,20,20,40
2021-08-16T00:00:00.000Z,עירק,0,2,2
2021-08-16T00:00:00.000Z,תאילנד,6,1,7
2021-08-16T00:00:00.000Z,אתיופיה,12,10,22
2021-08-16T00:00:00.000Z,צכיה,204,167,371
2021-08-16T00:00:00.000Z,בלגיה,54,133,187
2021-08-16T00:00:00.000Z,פינלנד,8,13,21
2021-08-16T00:00:00.000Z,גמביה,0,1,1
2021-08-16T00:00:00.000Z,שוודיה,11,14,25
2021-08-16T00:00:00.000Z,ארצות הברית,825,1771,2596
2021-08-16T00:00:00.000Z,גאנה,5,0,5
2021-08-16T00:00:00.000Z,מלטה,0,1,1
2021-08-16T00:00:00.000Z,קזחסטאן,2,0,2
2021-08-16T00:00:00.000Z,ארמניה,4,4,8
2021-08-16T00:00:00.000Z,מוזמביק,1,0,1
2021-08-16T00:00:00.000Z,קוריאה הדרומית,0,3,3
2021-08-16T00:00:00.000Z,ניגריה,0,1,1
2021-08-16T00:00:00.000Z,אסטוניה,1,0,1
2021-08-16T00:00:00.000Z,דנמרק,10,11,21
2021-08-17T00:00:00.000Z,ניגריה,0,1,1
2021-08-17T00:00:00.000Z,אנדורה,1,0,1
2021-08-17T00:00:00.000Z,ראוניון,0,1,1
2021-08-17T00:00:00.000Z,איטליה,86,72,158
2021-08-17T00:00:00.000Z,מקסיקו,1,3,4
2021-08-17T00:00:00.000Z,קפריסין,10,11,21
2021-08-17T00:00:00.000Z,סרביה,12,17,29
2021-08-17T00:00:00.000Z,קוסובו,1,0,1
2021-08-17T00:00:00.000Z,אזרביג'אן,1,1,2
2021-08-17T00:00:00.000Z,הממלכה המאוחדת,89,259,348
2021-08-17T00:00:00.000Z,מקדוניה,0,1,1
2021-08-17T00:00:00.000Z,ארמניה,5,6,11
2021-08-17T00:00:00.000Z,מולדובה,38,136,174
2021-08-17T00:00:00.000Z,גאורגיה,3,0,3
2021-08-17T00:00:00.000Z,הולנד,105,50,155
2021-08-17T00:00:00.000Z,גווטאמלה,0,3,3
2021-08-17T00:00:00.000Z,מרוקו,11,4,15
2021-08-17T00:00:00.000Z,לוכסמבורג,1,0,1
2021-08-17T00:00:00.000Z,רואנדה,1,2,3
2021-08-17T00:00:00.000Z,פורטוגל,8,10,18
2021-08-17T00:00:00.000Z,אקואדור,1,0,1
2021-08-17T00:00:00.000Z,זמביה,3,4,7
2021-08-17T00:00:00.000Z,אוסטריה,229,247,476
2021-08-17T00:00:00.000Z,סיירה ליאונה,0,1,1
2021-08-17T00:00:00.000Z,תאילנד,70,71,141
2021-08-17T00:00:00.000Z,הונגריה,133,125,258
2021-08-17T00:00:00.000Z,רוסיה,17,93,110
2021-08-17T00:00:00.000Z,דרום אפריקה,0,7,7
2021-08-17T00:00:00.000Z,אלבניה,1,7,8
2021-08-17T00:00:00.000Z,נפאל,2,2,4
2021-08-17T00:00:00.000Z,דנמרק,6,12,18
2021-08-17T00:00:00.000Z,סלובקיה,1,2,3
2021-08-17T00:00:00.000Z,איסלנד,141,121,262
2021-08-17T00:00:00.000Z,ברזיל,1,5,6
2021-08-17T00:00:00.000Z,סין,16,44,60
2021-08-17T00:00:00.000Z,יפן,0,1,1
2021-08-17T00:00:00.000Z,יוון,329,328,657
2021-08-17T00:00:00.000Z,בלגיה,1,6,7
2021-08-17T00:00:00.000Z,איחוד האמירויות הערב,22,18,40
2021-08-17T00:00:00.000Z,צרפת,204,363,567
2021-08-17T00:00:00.000Z,בולגריה,53,67,120
2021-08-17T00:00:00.000Z,גאנה,2,8,10
2021-08-17T00:00:00.000Z,צ'ילה,0,6,6
2021-08-17T00:00:00.000Z,אורגוואי,2,4,6
2021-08-17T00:00:00.000Z,הונג קונג,3,23,26
2021-08-17T00:00:00.000Z,סלובניה,2,1,3
2021-08-17T00:00:00.000Z,כלל המדינות,4093,6339,10432
2021-08-17T00:00:00.000Z,אתיופיה,7,9,16
2021-08-17T00:00:00.000Z,מלדיבים,11,2,13
2021-08-17T00:00:00.000Z,פולין,59,60,119
2021-08-17T00:00:00.000Z,תורכיה,56,73,129
2021-08-17T00:00:00.000Z,ארגנטינה,3,2,5
2021-08-17T00:00:00.000Z,ארצות הברית,600,1642,2242
2021-08-17T00:00:00.000Z,קוריאה הדרומית,3,6,9
2021-08-17T00:00:00.000Z,ניו זילנד,6,4,10
2021-08-17T00:00:00.000Z,רומניה,212,165,377
2021-08-17T00:00:00.000Z,אנגולה,0,4,4
2021-08-17T00:00:00.000Z,מונטנגרו,19,11,30
2021-08-17T00:00:00.000Z,האנטילים ההולנדים,0,1,1
2021-08-17T00:00:00.000Z,פיליפינים,1,17,18
2021-08-17T00:00:00.000Z,קוסטה ריקה,9,6,15
2021-08-17T00:00:00.000Z,לבנון,0,4,4
2021-08-17T00:00:00.000Z,אירלנד,2,10,12
2021-08-17T00:00:00.000Z,נורבגיה,2,2,4
2021-08-17T00:00:00.000Z,לטביה,34,50,84
2021-08-17T00:00:00.000Z,ספרד,19,29,48
2021-08-17T00:00:00.000Z,קנדה,53,220,273
2021-08-17T00:00:00.000Z,פנמה,6,25,31
2021-08-17T00:00:00.000Z,טנזניה,12,3,15
2021-08-17T00:00:00.000Z,אסטוניה,0,1,1
2021-08-17T00:00:00.000Z,שוויץ,117,142,259
2021-08-17T00:00:00.000Z,גיברלטר,3,7,10
2021-08-17T00:00:00.000Z,אוסטרליה,3,9,12
2021-08-17T00:00:00.000Z,בהמס,0,1,1
2021-08-17T00:00:00.000Z,קונגו,0,1,1
2021-08-17T00:00:00.000Z,טוגו,0,1,1
2021-08-17T00:00:00.000Z,קרואטיה,16,10,26
2021-08-17T00:00:00.000Z,אוקראינה,191,252,443
2021-08-17T00:00:00.000Z,גרמניה,188,171,359
2021-08-17T00:00:00.000Z,אוזבקיסטן,0,4,4
2021-08-17T00:00:00.000Z,קולומביה,1,3,4
2021-08-17T00:00:00.000Z,מצרים,257,309,566
2021-08-17T00:00:00.000Z,שוודיה,12,12,24
2021-08-17T00:00:00.000Z,ירדן,116,145,261
2021-08-17T00:00:00.000Z,קניה,4,1,5
2021-08-17T00:00:00.000Z,תורכמניסטאן,1,0,1
2021-08-17T00:00:00.000Z,ליטא,1,1,2
2021-08-17T00:00:00.000Z,תוניסיה,2,8,10
2021-08-17T00:00:00.000Z,פינלנד,26,20,46
2021-08-17T00:00:00.000Z,צכיה,80,66,146
2021-08-18T00:00:00.000Z,ברזיל,0,2,2
2021-08-18T00:00:00.000Z,סין,2,1,3
2021-08-18T00:00:00.000Z,קוסטה ריקה,5,10,15
2021-08-18T00:00:00.000Z,פנמה,2,4,6
2021-08-18T00:00:00.000Z,מצרים,271,331,602
2021-08-18T00:00:00.000Z,קנדה,34,109,143
2021-08-18T00:00:00.000Z,אלבניה,2,3,5
2021-08-18T00:00:00.000Z,תוניסיה,0,2,2
2021-08-18T00:00:00.000Z,סוריה,1,4,5
2021-08-18T00:00:00.000Z,פיליפינים,0,68,68
2021-08-18T00:00:00.000Z,קפריסין,7,61,68
2021-08-18T00:00:00.000Z,אתיופיה,8,12,20
2021-08-18T00:00:00.000Z,מלטה,2,1,3
2021-08-18T00:00:00.000Z,פורטוגל,12,13,25
2021-08-18T00:00:00.000Z,אסטוניה,0,5,5
2021-08-18T00:00:00.000Z,מאלי,2,2,4
2021-08-18T00:00:00.000Z,הונגריה,112,102,214
2021-08-18T00:00:00.000Z,גאנה,1,0,1
2021-08-18T00:00:00.000Z,איחוד האמירויות הערב,20,32,52
2021-08-18T00:00:00.000Z,בורקינה פאסו,0,1,1
2021-08-18T00:00:00.000Z,פינלנד,49,47,96
2021-08-18T00:00:00.000Z,בילורוסיה,28,41,69
2021-08-18T00:00:00.000Z,תורכיה,47,70,117
2021-08-18T00:00:00.000Z,דרום אפריקה,0,8,8
2021-08-18T00:00:00.000Z,שוויץ,183,207,390
2021-08-18T00:00:00.000Z,מלדיבים,19,23,42
2021-08-18T00:00:00.000Z,רואנדה,0,1,1
2021-08-18T00:00:00.000Z,קירג'זסטאן,0,1,1
2021-08-18T00:00:00.000Z,סלובקיה,0,2,2
2021-08-18T00:00:00.000Z,מקדוניה,2,2,4
2021-08-18T00:00:00.000Z,איסלנד,25,19,44
2021-08-18T00:00:00.000Z,בלגיה,34,63,97
2021-08-18T00:00:00.000Z,בוסניה הרצגובינה,39,61,100
2021-08-18T00:00:00.000Z,טנזניה,89,69,158
2021-08-18T00:00:00.000Z,קרואטיה,32,27,59
2021-08-18T00:00:00.000Z,הודו,1,2,3
2021-08-18T00:00:00.000Z,פרו,2,5,7
2021-08-18T00:00:00.000Z,ליטא,0,2,2
2021-08-18T00:00:00.000Z,פולין,37,30,67
2021-08-18T00:00:00.000Z,אנגולה,0,1,1
2021-08-18T00:00:00.000Z,צכיה,30,22,52
2021-08-18T00:00:00.000Z,אוזבקיסטן,3,4,7
2021-08-18T00:00:00.000Z,מרוקו,6,3,9
2021-08-18T00:00:00.000Z,מלאווי,0,1,1
2021-08-18T00:00:00.000Z,תאילנד,0,2,2
2021-08-18T00:00:00.000Z,נורבגיה,0,2,2
2021-08-18T00:00:00.000Z,הממלכה המאוחדת,31,119,150
2021-08-18T00:00:00.000Z,קזחסטאן,3,11,14
2021-08-18T00:00:00.000Z,הונג קונג,0,2,2
2021-08-18T00:00:00.000Z,ספרד,3,6,9
2021-08-18T00:00:00.000Z,ניגריה,3,1,4
2021-08-18T00:00:00.000Z,מונטנגרו,58,67,125
2021-08-18T00:00:00.000Z,קוריאה הדרומית,1,0,1
2021-08-18T00:00:00.000Z,אוגנדה,1,1,2
2021-08-18T00:00:00.000Z,ארמניה,6,0,6
2021-08-18T00:00:00.000Z,קולומביה,1,0,1
2021-08-18T00:00:00.000Z,קניה,8,4,12
2021-08-18T00:00:00.000Z,אוסטרליה,1,14,15
2021-08-18T00:00:00.000Z,קונגו,1,0,1
2021-08-18T00:00:00.000Z,אוקראינה,281,459,740
2021-08-18T00:00:00.000Z,טיוואן,1,4,5
2021-08-18T00:00:00.000Z,בולגריה,81,90,171
2021-08-18T00:00:00.000Z,רומניה,198,182,380
2021-08-18T00:00:00.000Z,גרמניה,186,256,442
2021-08-18T00:00:00.000Z,סלובניה,89,63,152
2021-08-18T00:00:00.000Z,מקסיקו,2,6,8
2021-08-18T00:00:00.000Z,רוסיה,34,74,108
2021-08-18T00:00:00.000Z,סינגפור,2,3,5
2021-08-18T00:00:00.000Z,סרביה,51,38,89
2021-08-18T00:00:00.000Z,אזרביג'אן,3,2,5
2021-08-18T00:00:00.000Z,אוסטריה,406,371,777
2021-08-18T00:00:00.000Z,דנמרק,6,19,25
2021-08-18T00:00:00.000Z,יפן,0,1,1
2021-08-18T00:00:00.000Z,הולנד,132,150,282
2021-08-18T00:00:00.000Z,ירדן,135,158,293
2021-08-18T00:00:00.000Z,פרגוואי,1,0,1
2021-08-18T00:00:00.000Z,יוון,171,203,374
2021-08-18T00:00:00.000Z,ארצות הברית,642,1712,2354
2021-08-18T00:00:00.000Z,סרי לנקה (צילון),0,7,7
2021-08-18T00:00:00.000Z,איטליה,207,205,412
2021-08-18T00:00:00.000Z,זמביה,0,4,4
2021-08-18T00:00:00.000Z,כלל המדינות,4414,6864,11278
2021-08-18T00:00:00.000Z,שוודיה,5,7,12
2021-08-18T00:00:00.000Z,צרפת,225,454,679
2021-08-19T00:00:00.000Z,רואנדה,0,1,1
2021-08-19T00:00:00.000Z,טג'יקיסטאן,0,3,3
2021-08-19T00:00:00.000Z,נורבגיה,0,4,4
2021-08-19T00:00:00.000Z,גווטאמלה,1,0,1
2021-08-19T00:00:00.000Z,תורכיה,31,63,94
2021-08-19T00:00:00.000Z,ליטא,55,53,108
2021-08-19T00:00:00.000Z,קולומביה,8,5,13
2021-08-19T00:00:00.000Z,מונקו,1,0,1
2021-08-19T00:00:00.000Z,טיוואן,1,0,1
2021-08-19T00:00:00.000Z,אוסטריה,289,327,616
2021-08-19T00:00:00.000Z,חוף השנהב,1,4,5
2021-08-19T00:00:00.000Z,צרפת,253,406,659
2021-08-19T00:00:00.000Z,פרגוואי,7,2,9
2021-08-19T00:00:00.000Z,גאורגיה,61,98,159
2021-08-19T00:00:00.000Z,גאנה,3,1,4
2021-08-19T00:00:00.000Z,ארגנטינה,3,27,30
2021-08-19T00:00:00.000Z,בולגריה,52,59,111
2021-08-19T00:00:00.000Z,מולדובה,92,132,224
2021-08-19T00:00:00.000Z,הודו,2,3,5
2021-08-19T00:00:00.000Z,פיליפינים,0,7,7
2021-08-19T00:00:00.000Z,יוון,541,587,1128
2021-08-19T00:00:00.000Z,איסלנד,326,191,517
2021-08-19T00:00:00.000Z,זמביה,2,0,2
2021-08-19T00:00:00.000Z,קזחסטאן,3,2,5
2021-08-19T00:00:00.000Z,קפריסין,18,28,46
2021-08-19T00:00:00.000Z,מרוקו,67,78,145
2021-08-19T00:00:00.000Z,גיברלטר,0,1,1
2021-08-19T00:00:00.000Z,קוריאה הדרומית,2,0,2
2021-08-19T00:00:00.000Z,מונטנגרו,106,85,191
2021-08-19T00:00:00.000Z,ספרד,32,56,88
2021-08-19T00:00:00.000Z,קוסטה ריקה,6,10,16
2021-08-19T00:00:00.000Z,מלדיבים,16,9,25
2021-08-19T00:00:00.000Z,לטביה,4,3,7
2021-08-19T00:00:00.000Z,בוסניה הרצגובינה,26,21,47
2021-08-19T00:00:00.000Z,גרמניה,186,211,397
2021-08-19T00:00:00.000Z,קרואטיה,4,2,6
2021-08-19T00:00:00.000Z,קירג'זסטאן,1,0,1
2021-08-19T00:00:00.000Z,כלל המדינות,6035,8476,14511
2021-08-19T00:00:00.000Z,אוגנדה,0,2,2
2021-08-19T00:00:00.000Z,פרו,5,5,10
2021-08-19T00:00:00.000Z,פולינזיה הצרפתית,0,5,5
2021-08-19T00:00:00.000Z,אלבניה,0,1,1
2021-08-19T00:00:00.000Z,אירלנד,5,5,10
2021-08-19T00:00:00.000Z,ניגריה,2,8,10
2021-08-19T00:00:00.000Z,מקסיקו,0,4,4
2021-08-19T00:00:00.000Z,שוודיה,19,57,76
2021-08-19T00:00:00.000Z,מזרח טימור,2,0,2
2021-08-19T00:00:00.000Z,פנמה,3,8,11
2021-08-19T00:00:00.000Z,איי סיישל,9,4,13
2021-08-19T00:00:00.000Z,אזרביג'אן,99,78,177
2021-08-19T00:00:00.000Z,פולין,34,24,58
2021-08-19T00:00:00.000Z,ארמניה,23,34,57
2021-08-19T00:00:00.000Z,הולנד,90,69,159
2021-08-19T00:00:00.000Z,סלובניה,0,2,2
2021-08-19T00:00:00.000Z,איחוד האמירויות הערב,27,35,62
2021-08-19T00:00:00.000Z,סין,0,1,1
2021-08-19T00:00:00.000Z,צ'ילה,0,5,5
2021-08-19T00:00:00.000Z,בהמס,0,1,1
2021-08-19T00:00:00.000Z,הונג קונג,0,1,1
2021-08-19T00:00:00.000Z,פורטוגל,91,73,164
2021-08-19T00:00:00.000Z,רוסיה,37,95,132
2021-08-19T00:00:00.000Z,רומניה,91,115,206
2021-08-19T00:00:00.000Z,טנזניה,17,11,28
2021-08-19T00:00:00.000Z,דרום אפריקה,4,9,13
2021-08-19T00:00:00.000Z,ירדן,325,430,755
2021-08-19T00:00:00.000Z,אורגוואי,2,0,2
2021-08-19T00:00:00.000Z,זאיר,0,1,1
2021-08-19T00:00:00.000Z,דנמרק,33,69,102
2021-08-19T00:00:00.000Z,שוויץ,122,130,252
2021-08-19T00:00:00.000Z,בלגיה,22,42,64
2021-08-19T00:00:00.000Z,ארצות הברית,847,1837,2684
2021-08-19T00:00:00.000Z,אוסטרליה,2,9,11
2021-08-19T00:00:00.000Z,פינלנד,6,9,15
2021-08-19T00:00:00.000Z,יפן,0,2,2
2021-08-19T00:00:00.000Z,דרום סודאן,0,1,1
2021-08-19T00:00:00.000Z,מצרים,374,383,757
2021-08-19T00:00:00.000Z,גינאה המשוונית,1,0,1
2021-08-19T00:00:00.000Z,סרביה,6,2,8
2021-08-19T00:00:00.000Z,גמייקה,1,0,1
2021-08-19T00:00:00.000Z,אתיופיה,23,29,52
2021-08-19T00:00:00.000Z,קנדה,35,90,125
2021-08-19T00:00:00.000Z,צכיה,134,87,221
2021-08-19T00:00:00.000Z,מאלי,2,0,2
2021-08-19T00:00:00.000Z,קניה,17,7,24
2021-08-19T00:00:00.000Z,אקואדור,0,2,2
2021-08-19T00:00:00.000Z,דומיניקה,1,0,1
2021-08-19T00:00:00.000Z,הממלכה המאוחדת,93,319,412
2021-08-19T00:00:00.000Z,הונגריה,211,211,422
2021-08-19T00:00:00.000Z,ברזיל,2,10,12
2021-08-19T00:00:00.000Z,סרי לנקה (צילון),0,1,1
2021-08-19T00:00:00.000Z,אוקראינה,329,572,901
2021-08-19T00:00:00.000Z,הרפ הדומיניקנית,6,9,15
2021-08-19T00:00:00.000Z,איטליה,232,230,462
2021-08-20T00:00:00.000Z,רוסיה,40,92,132
2021-08-20T00:00:00.000Z,הולנד,97,121,218
2021-08-20T00:00:00.000Z,פינלנד,49,54,103
2021-08-20T00:00:00.000Z,שוויץ,229,269,498
2021-08-20T00:00:00.000Z,דנמרק,17,20,37
2021-08-20T00:00:00.000Z,איי סיישל,0,2,2
2021-08-20T00:00:00.000Z,הודו,0,1,1
2021-08-20T00:00:00.000Z,פורטוגל,22,16,38
2021-08-20T00:00:00.000Z,צכיה,330,254,584
2021-08-20T00:00:00.000Z,סרי לנקה (צילון),1,1,2
2021-08-20T00:00:00.000Z,מיאנמר (בורמה),0,1,1
2021-08-20T00:00:00.000Z,בלגיה,29,66,95
2021-08-20T00:00:00.000Z,סלובניה,13,5,18
2021-08-20T00:00:00.000Z,קירג'זסטאן,1,3,4
2021-08-20T00:00:00.000Z,בורקינה פאסו,1,1,2
2021-08-20T00:00:00.000Z,אורגוואי,1,0,1
2021-08-20T00:00:00.000Z,קוסטה ריקה,3,2,5
2021-08-20T00:00:00.000Z,קולומביה,1,3,4
2021-08-20T00:00:00.000Z,קניה,1,0,1
2021-08-20T00:00:00.000Z,גינאה המשוונית,1,0,1
2021-08-20T00:00:00.000Z,גרנדה,1,0,1
2021-08-20T00:00:00.000Z,יפן,0,3,3
2021-08-20T00:00:00.000Z,הממלכה המאוחדת,14,61,75
2021-08-20T00:00:00.000Z,איטליה,201,166,367
2021-08-20T00:00:00.000Z,סנגל,1,0,1
2021-08-20T00:00:00.000Z,אוזבקיסטן,0,28,28
2021-08-20T00:00:00.000Z,סרביה,116,111,227
2021-08-20T00:00:00.000Z,קטר,0,4,4
2021-08-20T00:00:00.000Z,ונואטו,0,1,1
2021-08-20T00:00:00.000Z,סינגפור,0,3,3
2021-08-20T00:00:00.000Z,פולין,81,49,130
2021-08-20T00:00:00.000Z,ויטנאם,0,3,3
2021-08-20T00:00:00.000Z,אוקראינה,338,307,645
2021-08-20T00:00:00.000Z,מקדוניה,11,1,12
2021-08-20T00:00:00.000Z,רואנדה,0,1,1
2021-08-20T00:00:00.000Z,קרואטיה,23,16,39
2021-08-20T00:00:00.000Z,איסלנד,17,12,29
2021-08-20T00:00:00.000Z,לטביה,13,5,18
2021-08-20T00:00:00.000Z,כלל המדינות,5328,6891,12219
2021-08-20T00:00:00.000Z,ליטא,6,6,12
2021-08-20T00:00:00.000Z,תורכיה,44,75,119
2021-08-20T00:00:00.000Z,מקסיקו,1,1,2
2021-08-20T00:00:00.000Z,קפריסין,12,21,33
2021-08-20T00:00:00.000Z,סין,0,5,5
2021-08-20T00:00:00.000Z,גרמניה,272,394,666
2021-08-20T00:00:00.000Z,אירלנד,1,1,2
2021-08-20T00:00:00.000Z,קנדה,28,68,96
2021-08-20T00:00:00.000Z,בוסניה הרצגובינה,28,23,51
2021-08-20T00:00:00.000Z,פרגוואי,1,1,2
2021-08-20T00:00:00.000Z,הונג קונג,0,1,1
2021-08-20T00:00:00.000Z,נורבגיה,3,2,5
2021-08-20T00:00:00.000Z,הרפ הדומיניקנית,8,4,12
2021-08-20T00:00:00.000Z,שוודיה,17,11,28
2021-08-20T00:00:00.000Z,ונצואלה,1,2,3
2021-08-20T00:00:00.000Z,פנמה,0,1,1
2021-08-20T00:00:00.000Z,ניגריה,0,3,3
2021-08-20T00:00:00.000Z,תאילנד,1,3,4
2021-08-20T00:00:00.000Z,איחוד האמירויות הערב,25,15,40
2021-08-20T00:00:00.000Z,אוסטרליה,0,6,6
2021-08-20T00:00:00.000Z,צרפת,156,233,389
2021-08-20T00:00:00.000Z,אתיופיה,0,1,1
2021-08-20T00:00:00.000Z,הונגריה,123,132,255
2021-08-20T00:00:00.000Z,אינדונזיה,0,1,1
2021-08-20T00:00:00.000Z,מרוקו,10,9,19
2021-08-20T00:00:00.000Z,בילורוסיה,16,49,65
2021-08-20T00:00:00.000Z,מצרים,309,469,778
2021-08-20T00:00:00.000Z,אוסטריה,553,619,1172
2021-08-20T00:00:00.000Z,קזחסטאן,8,6,14
2021-08-20T00:00:00.000Z,מונקו,5,1,6
2021-08-20T00:00:00.000Z,אסטוניה,1,4,5
2021-08-20T00:00:00.000Z,פיליפינים,5,6,11
2021-08-20T00:00:00.000Z,יוון,266,366,632
2021-08-20T00:00:00.000Z,מולדובה,54,60,114
2021-08-20T00:00:00.000Z,פרו,0,1,1
2021-08-20T00:00:00.000Z,מלדיבים,27,8,35
2021-08-20T00:00:00.000Z,ארמניה,9,4,13
2021-08-20T00:00:00.000Z,בולגריה,69,90,159
2021-08-20T00:00:00.000Z,מלטה,1,0,1
2021-08-20T00:00:00.000Z,מונטנגרו,68,56,124
2021-08-20T00:00:00.000Z,ארצות הברית,882,1412,2294
2021-08-20T00:00:00.000Z,אקואדור,1,0,1
2021-08-20T00:00:00.000Z,ספרד,4,6,10
2021-08-20T00:00:00.000Z,ירדן,3,7,10
2021-08-20T00:00:00.000Z,טנזניה,0,1,1
2021-08-20T00:00:00.000Z,גאורגיה,2,2,4
2021-08-20T00:00:00.000Z,ברזיל,0,1,1
2021-08-20T00:00:00.000Z,רומניה,227,229,456
2021-08-20T00:00:00.000Z,אזרביג'אן,16,31,47
2021-08-20T00:00:00.000Z,קוריאה הדרומית,2,4,6
2021-08-20T00:00:00.000Z,סלובקיה,1,0,1
2021-08-21T00:00:00.000Z,דרום אפריקה,0,2,2
2021-08-21T00:00:00.000Z,לוכסמבורג,1,4,5
2021-08-21T00:00:00.000Z,קפריסין,14,17,31
2021-08-21T00:00:00.000Z,אוקראינה,144,138,282
2021-08-21T00:00:00.000Z,קוסטה ריקה,1,3,4
2021-08-21T00:00:00.000Z,שוודיה,10,14,24
2021-08-21T00:00:00.000Z,ארצות הברית,341,752,1093
2021-08-21T00:00:00.000Z,פיליפינים,0,2,2
2021-08-21T00:00:00.000Z,פולין,82,95,177
2021-08-21T00:00:00.000Z,קירג'זסטאן,0,1,1
2021-08-21T00:00:00.000Z,פנמה,1,0,1
2021-08-21T00:00:00.000Z,שוויץ,88,80,168
2021-08-21T00:00:00.000Z,מצרים,283,375,658
2021-08-21T00:00:00.000Z,דנמרק,9,14,23
2021-08-21T00:00:00.000Z,הונגריה,193,192,385
2021-08-21T00:00:00.000Z,איטליה,80,101,181
2021-08-21T00:00:00.000Z,פרגוואי,2,3,5
2021-08-21T00:00:00.000Z,הממלכה המאוחדת,24,58,82
2021-08-21T00:00:00.000Z,גאנה,1,0,1
2021-08-21T00:00:00.000Z,מונקו,5,1,6
2021-08-21T00:00:00.000Z,קוריאה הדרומית,5,5,10
2021-08-21T00:00:00.000Z,ספרד,5,10,15
2021-08-21T00:00:00.000Z,לטביה,21,26,47
2021-08-21T00:00:00.000Z,הודו,3,7,10
2021-08-21T00:00:00.000Z,יפן,2,3,5
2021-08-21T00:00:00.000Z,קנדה,6,40,46
2021-08-21T00:00:00.000Z,תאילנד,1,1,2
2021-08-21T00:00:00.000Z,צרפת,157,166,323
2021-08-21T00:00:00.000Z,סלובניה,6,2,8
2021-08-21T00:00:00.000Z,קמרון,0,1,1
2021-08-21T00:00:00.000Z,הרפ הדומיניקנית,1,1,2
2021-08-21T00:00:00.000Z,רומניה,151,173,324
2021-08-21T00:00:00.000Z,בלגיה,5,5,10
2021-08-21T00:00:00.000Z,קרואטיה,7,2,9
2021-08-21T00:00:00.000Z,אלבניה,2,4,6
2021-08-21T00:00:00.000Z,אורגוואי,2,3,5
2021-08-21T00:00:00.000Z,ירדן,1,0,1
2021-08-21T00:00:00.000Z,זמביה,0,1,1
2021-08-21T00:00:00.000Z,ברזיל,0,1,1
2021-08-21T00:00:00.000Z,אירלנד,6,3,9
2021-08-21T00:00:00.000Z,מרוקו,2,5,7
2021-08-21T00:00:00.000Z,חוף השנהב,0,1,1
2021-08-21T00:00:00.000Z,איסלנד,29,26,55
2021-08-21T00:00:00.000Z,מקסיקו,0,1,1
2021-08-21T00:00:00.000Z,בוסניה הרצגובינה,1,4,5
2021-08-21T00:00:00.000Z,גבון,0,1,1
2021-08-21T00:00:00.000Z,אוזבקיסטן,0,2,2
2021-08-21T00:00:00.000Z,איחוד האמירויות הערב,23,13,36
2021-08-21T00:00:00.000Z,גרמניה,91,128,219
2021-08-21T00:00:00.000Z,קניה,3,4,7
2021-08-21T00:00:00.000Z,פורטוגל,17,13,30
2021-08-21T00:00:00.000Z,מלטה,0,2,2
2021-08-21T00:00:00.000Z,טנזניה,7,9,16
2021-08-21T00:00:00.000Z,סנגל,1,1,2
2021-08-21T00:00:00.000Z,תורכיה,28,43,71
2021-08-21T00:00:00.000Z,אוסטריה,293,342,635
2021-08-21T00:00:00.000Z,מלדיבים,12,8,20
2021-08-21T00:00:00.000Z,אוגנדה,5,0,5
2021-08-21T00:00:00.000Z,טוגו,1,1,2
2021-08-21T00:00:00.000Z,סינגפור,1,1,2
2021-08-21T00:00:00.000Z,אתיופיה,15,16,31
2021-08-21T00:00:00.000Z,זימבאבווה,0,2,2
2021-08-21T00:00:00.000Z,סרביה,0,2,2
2021-08-21T00:00:00.000Z,ארגנטינה,0,1,1
2021-08-21T00:00:00.000Z,קטר,0,1,1
2021-08-21T00:00:00.000Z,אזרביג'אן,6,2,8
2021-08-21T00:00:00.000Z,רוסיה,4,3,7
2021-08-21T00:00:00.000Z,פינלנד,2,7,9
2021-08-21T00:00:00.000Z,אל סלבדור,1,0,1
2021-08-21T00:00:00.000Z,צכיה,111,115,226
2021-08-21T00:00:00.000Z,אסטוניה,1,7,8
2021-08-21T00:00:00.000Z,ליטא,11,13,24
2021-08-21T00:00:00.000Z,אוסטרליה,3,3,6
2021-08-21T00:00:00.000Z,יוון,215,244,459
2021-08-21T00:00:00.000Z,מקדוניה,0,2,2
2021-08-21T00:00:00.000Z,זאיר,1,0,1
2021-08-21T00:00:00.000Z,כלל המדינות,2828,3994,6822
2021-08-21T00:00:00.000Z,הולנד,78,71,149
2021-08-21T00:00:00.000Z,מאלי,2,0,2
2021-08-21T00:00:00.000Z,מאוריציוס,0,1,1
2021-08-21T00:00:00.000Z,פרו,0,4,4
2021-08-21T00:00:00.000Z,סין,0,62,62
2021-08-21T00:00:00.000Z,בולגריה,42,57,99
2021-08-21T00:00:00.000Z,סרי לנקה (צילון),3,5,8
2021-08-21T00:00:00.000Z,נורבגיה,0,1,1
2021-08-21T00:00:00.000Z,רואנדה,0,1,1
2021-08-21T00:00:00.000Z,מולדובה,4,0,4
2021-08-21T00:00:00.000Z,ארמניה,1,1,2
2021-08-21T00:00:00.000Z,גאורגיה,1,6,7
2021-08-22T00:00:00.000Z,ארמניה,2,2,4
2021-08-22T00:00:00.000Z,צכיה,399,295,694
2021-08-22T00:00:00.000Z,בלגיה,32,78,110
2021-08-22T00:00:00.000Z,אירלנד,2,2,4
2021-08-22T00:00:00.000Z,שוודיה,33,56,89
2021-08-22T00:00:00.000Z,אוקראינה,286,346,632
2021-08-22T00:00:00.000Z,קנדה,26,65,91
2021-08-22T00:00:00.000Z,קטר,0,1,1
2021-08-22T00:00:00.000Z,שוויץ,201,285,486
2021-08-22T00:00:00.000Z,אוגנדה,1,1,2
2021-08-22T00:00:00.000Z,בוסניה הרצגובינה,13,14,27
2021-08-22T00:00:00.000Z,אוסטרליה,4,20,24
2021-08-22T00:00:00.000Z,מלדיבים,20,9,29
2021-08-22T00:00:00.000Z,הונגריה,364,250,614
2021-08-22T00:00:00.000Z,טרינידד וטובגו,1,0,1
2021-08-22T00:00:00.000Z,תורכיה,46,71,117
2021-08-22T00:00:00.000Z,בילורוסיה,23,65,88
2021-08-22T00:00:00.000Z,פיליפינים,0,25,25
2021-08-22T00:00:00.000Z,גרמניה,192,246,438
2021-08-22T00:00:00.000Z,ליטא,43,78,121
2021-08-22T00:00:00.000Z,אלבניה,1,3,4
2021-08-22T00:00:00.000Z,קירג'זסטאן,1,0,1
2021-08-22T00:00:00.000Z,יוון,540,598,1138
2021-08-22T00:00:00.000Z,מקסיקו,0,5,5
2021-08-22T00:00:00.000Z,רוסיה,48,202,250
2021-08-22T00:00:00.000Z,נורבגיה,1,7,8
2021-08-22T00:00:00.000Z,מלטה,0,6,6
2021-08-22T00:00:00.000Z,לוכסמבורג,0,1,1
2021-08-22T00:00:00.000Z,פנמה,1,1,2
2021-08-22T00:00:00.000Z,רומניה,182,107,289
2021-08-22T00:00:00.000Z,גויאנה הצרפתית,2,0,2
2021-08-22T00:00:00.000Z,ניגריה,0,4,4
2021-08-22T00:00:00.000Z,איחוד האמירויות הערב,30,24,54
2021-08-22T00:00:00.000Z,ארצות הברית,594,1045,1639
2021-08-22T00:00:00.000Z,מונקו,3,5,8
2021-08-22T00:00:00.000Z,קולומביה,1,4,5
2021-08-22T00:00:00.000Z,יפן,1,5,6
2021-08-22T00:00:00.000Z,עומן,0,1,1
2021-08-22T00:00:00.000Z,נפאל,2,1,3
2021-08-22T00:00:00.000Z,פרגוואי,2,1,3
2021-08-22T00:00:00.000Z,מצרים,392,424,816
2021-08-22T00:00:00.000Z,כלל המדינות,5864,7648,13512
2021-08-22T00:00:00.000Z,הולנד,122,151,273
2021-08-22T00:00:00.000Z,תאילנד,0,3,3
2021-08-22T00:00:00.000Z,דנמרק,22,43,65
2021-08-22T00:00:00.000Z,צ'ילה,0,1,1
2021-08-22T00:00:00.000Z,סלובניה,0,9,9
2021-08-22T00:00:00.000Z,אוסטריה,228,284,512
2021-08-22T00:00:00.000Z,ספרד,6,10,16
2021-08-22T00:00:00.000Z,מרוקו,5,10,15
2021-08-22T00:00:00.000Z,סוריה,3,2,5
2021-08-22T00:00:00.000Z,איטליה,243,299,542
2021-08-22T00:00:00.000Z,פינלנד,7,4,11
2021-08-22T00:00:00.000Z,הממלכה המאוחדת,86,253,339
2021-08-22T00:00:00.000Z,סודן,0,2,2
2021-08-22T00:00:00.000Z,קוריאה הדרומית,3,10,13
2021-08-22T00:00:00.000Z,קפריסין,36,48,84
2021-08-22T00:00:00.000Z,צרפת,356,469,825
2021-08-22T00:00:00.000Z,קרואטיה,11,17,28
2021-08-22T00:00:00.000Z,ברזיל,1,0,1
2021-08-22T00:00:00.000Z,מולדובה,105,156,261
2021-08-22T00:00:00.000Z,סרביה,4,2,6
2021-08-22T00:00:00.000Z,פולין,50,28,78
2021-08-22T00:00:00.000Z,גווטאמלה,1,1,2
2021-08-22T00:00:00.000Z,הודו,1,5,6
2021-08-22T00:00:00.000Z,קוסטה ריקה,4,3,7
2021-08-22T00:00:00.000Z,ירדן,335,444,779
2021-08-22T00:00:00.000Z,סרי לנקה (צילון),0,1,1
2021-08-22T00:00:00.000Z,בולגריה,61,87,148
2021-08-22T00:00:00.000Z,אסטוניה,4,2,6
2021-08-22T00:00:00.000Z,אוזבקיסטן,4,3,7
2021-08-22T00:00:00.000Z,פרו,6,5,11
2021-08-22T00:00:00.000Z,קזחסטאן,1,1,2
2021-08-22T00:00:00.000Z,איסלנד,18,13,31
2021-08-22T00:00:00.000Z,פורטוגל,14,7,21
2021-08-22T00:00:00.000Z,גאורגיה,55,102,157
2021-08-22T00:00:00.000Z,אזרביג'אן,63,73,136
2021-08-22T00:00:00.000Z,סומליה,0,1,1
2021-08-22T00:00:00.000Z,מונטנגרו,123,66,189
2021-08-23T00:00:00.000Z,פינלנד,21,8,29
2021-08-23T00:00:00.000Z,פרגוואי,1,0,1
2021-08-23T00:00:00.000Z,פורטוגל,84,63,147
2021-08-23T00:00:00.000Z,ירדן,148,325,473
2021-08-23T00:00:00.000Z,פולין,86,82,168
2021-08-23T00:00:00.000Z,קפריסין,26,28,54
2021-08-23T00:00:00.000Z,אירלנד,2,3,5
2021-08-23T00:00:00.000Z,ליטא,7,2,9
2021-08-23T00:00:00.000Z,אזרביג'אן,3,2,5
2021-08-23T00:00:00.000Z,סלובניה,0,1,1
2021-08-23T00:00:00.000Z,טנזניה,64,46,110
2021-08-23T00:00:00.000Z,הונגריה,204,115,319
2021-08-23T00:00:00.000Z,בוטסואנה,1,1,2
2021-08-23T00:00:00.000Z,קוסטה ריקה,22,12,34
2021-08-23T00:00:00.000Z,מצרים,296,313,609
2021-08-23T00:00:00.000Z,אסטוניה,3,7,10
2021-08-23T00:00:00.000Z,מלדיבים,19,16,35
2021-08-23T00:00:00.000Z,סרביה,97,111,208
2021-08-23T00:00:00.000Z,איי גילברט ואליס,2,0,2
2021-08-23T00:00:00.000Z,סין,0,1,1
2021-08-23T00:00:00.000Z,ניגריה,1,4,5
2021-08-23T00:00:00.000Z,אתיופיה,23,19,42
2021-08-23T00:00:00.000Z,מקסיקו,3,3,6
2021-08-23T00:00:00.000Z,סינגפור,0,1,1
2021-08-23T00:00:00.000Z,זמביה,1,0,1
2021-08-23T00:00:00.000Z,ליבריה,2,0,2
2021-08-23T00:00:00.000Z,מקדוניה,1,0,1
2021-08-23T00:00:00.000Z,פיליפינים,1,2,3
2021-08-23T00:00:00.000Z,גאנה,0,1,1
2021-08-23T00:00:00.000Z,פרו,5,1,6
2021-08-23T00:00:00.000Z,יפן,0,2,2
2021-08-23T00:00:00.000Z,צרפת,287,401,688
2021-08-23T00:00:00.000Z,אלבניה,3,6,9
2021-08-23T00:00:00.000Z,בולגריה,67,93,160
2021-08-23T00:00:00.000Z,ארמניה,1,0,1
2021-08-23T00:00:00.000Z,דרום סודאן,0,2,2
2021-08-23T00:00:00.000Z,אוסטרליה,6,8,14
2021-08-23T00:00:00.000Z,סרי לנקה (צילון),0,3,3
2021-08-23T00:00:00.000Z,קטר,1,0,1
2021-08-23T00:00:00.000Z,רומניה,121,129,250
2021-08-23T00:00:00.000Z,זאיר,0,1,1
2021-08-23T00:00:00.000Z,הונג קונג,0,1,1
2021-08-23T00:00:00.000Z,איחוד האמירויות הערב,17,19,36
2021-08-23T00:00:00.000Z,גאורגיה,0,1,1
2021-08-23T00:00:00.000Z,לטביה,0,3,3
2021-08-23T00:00:00.000Z,קולומביה,1,1,2
2021-08-23T00:00:00.000Z,רואנדה,0,1,1
2021-08-23T00:00:00.000Z,דרום אפריקה,3,8,11
2021-08-23T00:00:00.000Z,רוסיה,37,104,141
2021-08-23T00:00:00.000Z,מונקו,6,3,9
2021-08-23T00:00:00.000Z,כלל המדינות,5739,8881,14620
2021-08-23T00:00:00.000Z,ארגנטינה,8,9,17
2021-08-23T00:00:00.000Z,גווטאמלה,0,3,3
2021-08-23T00:00:00.000Z,קזחסטאן,2,2,4
2021-08-23T00:00:00.000Z,טג'יקיסטאן,11,7,18
2021-08-23T00:00:00.000Z,פנמה,0,6,6
2021-08-23T00:00:00.000Z,בלגיה,72,134,206
2021-08-23T00:00:00.000Z,קניה,9,7,16
2021-08-23T00:00:00.000Z,אוסטריה,542,493,1035
2021-08-23T00:00:00.000Z,תימן,0,1,1
2021-08-23T00:00:00.000Z,שוויץ,182,193,375
2021-08-23T00:00:00.000Z,ארצות הברית,885,2674,3559
2021-08-23T00:00:00.000Z,אוקראינה,235,305,540
2021-08-23T00:00:00.000Z,תורכיה,74,76,150
2021-08-23T00:00:00.000Z,שוודיה,19,16,35
2021-08-23T00:00:00.000Z,תורכמניסטאן,0,1,1
2021-08-23T00:00:00.000Z,בוסניה הרצגובינה,38,38,76
2021-08-23T00:00:00.000Z,לוכסמבורג,2,5,7
2021-08-23T00:00:00.000Z,אקואדור,4,3,7
2021-08-23T00:00:00.000Z,צ'ילה,0,12,12
2021-08-23T00:00:00.000Z,קוסובו,1,2,3
2021-08-23T00:00:00.000Z,אורגוואי,5,10,15
2021-08-23T00:00:00.000Z,הודו,29,128,157
2021-08-23T00:00:00.000Z,איי סיישל,31,34,65
2021-08-23T00:00:00.000Z,צכיה,380,262,642
2021-08-23T00:00:00.000Z,איטליה,208,232,440
2021-08-23T00:00:00.000Z,מקאו,3,2,5
2021-08-23T00:00:00.000Z,קנדה,47,226,273
2021-08-23T00:00:00.000Z,מונטנגרו,61,50,111
2021-08-23T00:00:00.000Z,קרואטיה,32,20,52
2021-08-23T00:00:00.000Z,קמרון,1,0,1
2021-08-23T00:00:00.000Z,אוזבקיסטן,0,5,5
2021-08-23T00:00:00.000Z,יוון,194,269,463
2021-08-23T00:00:00.000Z,אוגנדה,5,2,7
2021-08-23T00:00:00.000Z,ספרד,21,34,55
2021-08-23T00:00:00.000Z,איסלנד,54,40,94
2021-08-23T00:00:00.000Z,ברזיל,3,42,45
2021-08-23T00:00:00.000Z,מרוקו,2,2,4
2021-08-23T00:00:00.000Z,הולנד,60,61,121
2021-08-23T00:00:00.000Z,טיוואן,0,2,2
2021-08-23T00:00:00.000Z,גרמניה,219,306,525
2021-08-23T00:00:00.000Z,הממלכה המאוחדת,116,306,422
2021-08-23T00:00:00.000Z,נורבגיה,1,4,5
2021-08-23T00:00:00.000Z,קונגו,0,1,1
2021-08-23T00:00:00.000Z,דנמרק,13,16,29
2021-08-23T00:00:00.000Z,מולדובה,62,43,105
2021-08-24T00:00:00.000Z,קירג'זסטאן,1,0,1
2021-08-24T00:00:00.000Z,מלדיבים,15,16,31
2021-08-24T00:00:00.000Z,ספרד,4,2,6
2021-08-24T00:00:00.000Z,אקואדור,0,1,1
2021-08-24T00:00:00.000Z,איסלנד,34,32,66
2021-08-24T00:00:00.000Z,קניה,22,15,37
2021-08-24T00:00:00.000Z,קנדה,42,121,163
2021-08-24T00:00:00.000Z,הממלכה המאוחדת,79,154,233
2021-08-24T00:00:00.000Z,אלגיריה,1,0,1
2021-08-24T00:00:00.000Z,קולומביה,3,0,3
2021-08-24T00:00:00.000Z,אוזבקיסטן,5,116,121
2021-08-24T00:00:00.000Z,נמיביה,0,1,1
2021-08-24T00:00:00.000Z,אסטוניה,1,7,8
2021-08-24T00:00:00.000Z,סינגפור,1,1,2
2021-08-24T00:00:00.000Z,הונגריה,252,241,493
2021-08-24T00:00:00.000Z,יוון,298,317,615
2021-08-24T00:00:00.000Z,ירדן,86,82,168
2021-08-24T00:00:00.000Z,קוסובו,1,0,1
2021-08-24T00:00:00.000Z,גאנה,2,3,5
2021-08-24T00:00:00.000Z,ליטא,11,0,11
2021-08-24T00:00:00.000Z,קוסטה ריקה,3,7,10
2021-08-24T00:00:00.000Z,אירלנד,1,3,4
2021-08-24T00:00:00.000Z,גרמניה,159,201,360
2021-08-24T00:00:00.000Z,אוסטרליה,3,4,7
2021-08-24T00:00:00.000Z,סין,1,4,5
2021-08-24T00:00:00.000Z,פרגוואי,0,4,4
2021-08-24T00:00:00.000Z,בלגיה,3,3,6
2021-08-24T00:00:00.000Z,ארגנטינה,0,3,3
2021-08-24T00:00:00.000Z,תאילנד,68,104,172
2021-08-24T00:00:00.000Z,אוסטריה,368,356,724
2021-08-24T00:00:00.000Z,חוף השנהב,3,1,4
2021-08-24T00:00:00.000Z,מולדובה,58,73,131
2021-08-24T00:00:00.000Z,אתיופיה,16,18,34
2021-08-24T00:00:00.000Z,ניגריה,1,0,1
2021-08-24T00:00:00.000Z,קפריסין,47,60,107
2021-08-24T00:00:00.000Z,מונטנגרו,4,4,8
2021-08-24T00:00:00.000Z,איחוד האמירויות הערב,29,20,49
2021-08-24T00:00:00.000Z,שוודיה,16,18,34
2021-08-24T00:00:00.000Z,פנמה,7,1,8
2021-08-24T00:00:00.000Z,דנמרק,22,31,53
2021-08-24T00:00:00.000Z,תורכיה,41,51,92
2021-08-24T00:00:00.000Z,טוגו,2,1,3
2021-08-24T00:00:00.000Z,מאלי,2,0,2
2021-08-24T00:00:00.000Z,פורטוגל,13,12,25
2021-08-24T00:00:00.000Z,איטליה,72,110,182
2021-08-24T00:00:00.000Z,הודו,3,1,4
2021-08-24T00:00:00.000Z,מרטיניק,0,1,1
2021-08-24T00:00:00.000Z,ארמניה,7,3,10
2021-08-24T00:00:00.000Z,רוסיה,54,90,144
2021-08-24T00:00:00.000Z,תוניסיה,7,2,9
2021-08-24T00:00:00.000Z,אורגוואי,3,5,8
2021-08-24T00:00:00.000Z,פינלנד,12,6,18
2021-08-24T00:00:00.000Z,מרוקו,7,5,12
2021-08-24T00:00:00.000Z,סוריה,1,2,3
2021-08-24T00:00:00.000Z,כלל המדינות,4366,6803,11169
2021-08-24T00:00:00.000Z,מקסיקו,2,4,6
2021-08-24T00:00:00.000Z,צכיה,334,262,596
2021-08-24T00:00:00.000Z,רומניה,90,76,166
2021-08-24T00:00:00.000Z,אנגולה,1,2,3
2021-08-24T00:00:00.000Z,נורבגיה,3,8,11
2021-08-24T00:00:00.000Z,הונג קונג,5,17,22
2021-08-24T00:00:00.000Z,מצרים,237,273,510
2021-08-24T00:00:00.000Z,גאורגיה,0,1,1
2021-08-24T00:00:00.000Z,איי גילברט ואליס,0,1,1
2021-08-24T00:00:00.000Z,רואנדה,0,1,1
2021-08-24T00:00:00.000Z,לטביה,16,45,61
2021-08-24T00:00:00.000Z,גיבוטי,1,0,1
2021-08-24T00:00:00.000Z,קמרון,4,0,4
2021-08-24T00:00:00.000Z,טנזניה,12,9,21
2021-08-24T00:00:00.000Z,סיירה ליאונה,0,1,1
2021-08-24T00:00:00.000Z,יפן,1,1,2
2021-08-24T00:00:00.000Z,פרו,2,2,4
2021-08-24T00:00:00.000Z,בולגריה,25,38,63
2021-08-24T00:00:00.000Z,קרואטיה,13,6,19
2021-08-24T00:00:00.000Z,דרום אפריקה,7,12,19
2021-08-24T00:00:00.000Z,אלבניה,1,0,1
2021-08-24T00:00:00.000Z,צרפת,252,345,597
2021-08-24T00:00:00.000Z,הולנד,95,81,176
2021-08-24T00:00:00.000Z,סרי לנקה (צילון),0,2,2
2021-08-24T00:00:00.000Z,פולין,86,76,162
2021-08-24T00:00:00.000Z,אוקראינה,145,208,353
2021-08-24T00:00:00.000Z,קזחסטאן,4,24,28
2021-08-24T00:00:00.000Z,סלובניה,2,3,5
2021-08-24T00:00:00.000Z,ברזיל,0,12,12
2021-08-24T00:00:00.000Z,זמביה,1,0,1
2021-08-24T00:00:00.000Z,סרביה,1,1,2
2021-08-24T00:00:00.000Z,ארצות הברית,685,2099,2784
2021-08-24T00:00:00.000Z,שוויץ,78,120,198
2021-08-24T00:00:00.000Z,פיליפינים,0,4,4
2021-08-24T00:00:00.000Z,בוסניה הרצגובינה,6,8,14
2021-08-25T00:00:00.000Z,מלדיבים,21,14,35
2021-08-25T00:00:00.000Z,איסלנד,10,0,10
2021-08-25T00:00:00.000Z,מוזמביק,1,1,2
2021-08-25T00:00:00.000Z,גאורגיה,0,1,1
2021-08-25T00:00:00.000Z,סינגפור,0,2,2
2021-08-25T00:00:00.000Z,פולין,36,26,62
2021-08-25T00:00:00.000Z,כלל המדינות,4878,7137,12015
2021-08-25T00:00:00.000Z,מצרים,190,193,383
2021-08-25T00:00:00.000Z,הונג קונג,1,0,1
2021-08-25T00:00:00.000Z,הונגריה,142,154,296
2021-08-25T00:00:00.000Z,פרגוואי,5,8,13
2021-08-25T00:00:00.000Z,אוסטריה,519,450,969
2021-08-25T00:00:00.000Z,ניגריה,1,5,6
2021-08-25T00:00:00.000Z,דומיניקה,1,0,1
2021-08-25T00:00:00.000Z,טנזניה,95,51,146
2021-08-25T00:00:00.000Z,פנמה,1,0,1
2021-08-25T00:00:00.000Z,נורבגיה,1,8,9
2021-08-25T00:00:00.000Z,איי סיישל,1,1,2
2021-08-25T00:00:00.000Z,איי שלמה הבריטיים,1,1,2
2021-08-25T00:00:00.000Z,דנמרק,5,10,15
2021-08-25T00:00:00.000Z,עירק,0,2,2
2021-08-25T00:00:00.000Z,סלובניה,78,52,130
2021-08-25T00:00:00.000Z,תאילנד,1,2,3
2021-08-25T00:00:00.000Z,ניגר,1,4,5
2021-08-25T00:00:00.000Z,קמרון,0,1,1
2021-08-25T00:00:00.000Z,ארמניה,1,0,1
2021-08-25T00:00:00.000Z,קפריסין,20,21,41
2021-08-25T00:00:00.000Z,רוסיה,34,95,129
2021-08-25T00:00:00.000Z,זימבאבווה,0,4,4
2021-08-25T00:00:00.000Z,האנטילים ההולנדים,0,1,1
2021-08-25T00:00:00.000Z,גרמניה,184,207,391
2021-08-25T00:00:00.000Z,אוזבקיסטן,5,13,18
2021-08-25T00:00:00.000Z,צכיה,280,202,482
2021-08-25T00:00:00.000Z,ארצות הברית,836,1995,2831
2021-08-25T00:00:00.000Z,איי הבתולה,2,0,2
2021-08-25T00:00:00.000Z,קזחסטאן,0,1,1
2021-08-25T00:00:00.000Z,אוסטרליה,5,21,26
2021-08-25T00:00:00.000Z,מולדובה,8,10,18
2021-08-25T00:00:00.000Z,קניה,0,1,1
2021-08-25T00:00:00.000Z,ברזיל,1,1,2
2021-08-25T00:00:00.000Z,בולגריה,45,73,118
2021-08-25T00:00:00.000Z,זמביה,0,2,2
2021-08-25T00:00:00.000Z,ונצואלה,0,20,20
2021-08-25T00:00:00.000Z,מלטה,1,0,1
2021-08-25T00:00:00.000Z,איטליה,208,219,427
2021-08-25T00:00:00.000Z,מקדוניה,0,7,7
2021-08-25T00:00:00.000Z,אקואדור,2,0,2
2021-08-25T00:00:00.000Z,קירג'זסטאן,1,0,1
2021-08-25T00:00:00.000Z,פיליפינים,0,32,32
2021-08-25T00:00:00.000Z,אוקראינה,324,443,767
2021-08-25T00:00:00.000Z,פרו,2,4,6
2021-08-25T00:00:00.000Z,מקסיקו,1,2,3
2021-08-25T00:00:00.000Z,סומליה,0,2,2
2021-08-25T00:00:00.000Z,רומניה,96,111,207
2021-08-25T00:00:00.000Z,סוריה,2,2,4
2021-08-25T00:00:00.000Z,שוויץ,138,177,315
2021-08-25T00:00:00.000Z,צרפת,325,503,828
2021-08-25T00:00:00.000Z,רואנדה,2,0,2
2021-08-25T00:00:00.000Z,סרביה,50,40,90
2021-08-25T00:00:00.000Z,מונקו,0,2,2
2021-08-25T00:00:00.000Z,אנגולה,0,3,3
2021-08-25T00:00:00.000Z,אוגנדה,9,8,17
2021-08-25T00:00:00.000Z,פורטוגל,24,29,53
2021-08-25T00:00:00.000Z,בוטסואנה,0,1,1
2021-08-25T00:00:00.000Z,סנגל,1,1,2
2021-08-25T00:00:00.000Z,קרואטיה,16,16,32
2021-08-25T00:00:00.000Z,אלבניה,1,2,3
2021-08-25T00:00:00.000Z,הודו,1,2,3
2021-08-25T00:00:00.000Z,הולנד,112,101,213
2021-08-25T00:00:00.000Z,פינלנד,45,62,107
2021-08-25T00:00:00.000Z,הממלכה המאוחדת,35,133,168
2021-08-25T00:00:00.000Z,קוסטה ריקה,1,1,2
2021-08-25T00:00:00.000Z,סין,0,2,2
2021-08-25T00:00:00.000Z,ליטא,1,3,4
2021-08-25T00:00:00.000Z,קוריאה הדרומית,5,1,6
2021-08-25T00:00:00.000Z,בוסניה הרצגובינה,22,11,33
2021-08-25T00:00:00.000Z,מלאווי,1,2,3
2021-08-25T00:00:00.000Z,דרום אפריקה,7,50,57
2021-08-25T00:00:00.000Z,קנדה,33,134,167
2021-08-25T00:00:00.000Z,מונטנגרו,89,49,138
2021-08-25T00:00:00.000Z,בלגיה,28,50,78
2021-08-25T00:00:00.000Z,שוודיה,3,2,5
2021-08-25T00:00:00.000Z,ספרד,5,3,8
2021-08-25T00:00:00.000Z,יוון,109,129,238
2021-08-25T00:00:00.000Z,מרוקו,1,0,1
2021-08-25T00:00:00.000Z,אסטוניה,6,1,7
2021-08-25T00:00:00.000Z,לוכסמבורג,1,1,2
2021-08-25T00:00:00.000Z,טיוואן,1,0,1
2021-08-25T00:00:00.000Z,ירדן,98,113,211
2021-08-25T00:00:00.000Z,אירלנד,5,3,8
2021-08-25T00:00:00.000Z,בילורוסיה,30,69,99
2021-08-25T00:00:00.000Z,סרי לנקה (צילון),4,16,20
2021-08-25T00:00:00.000Z,אתיופיה,26,35,61
2021-08-25T00:00:00.000Z,גאנה,2,11,13
2021-08-25T00:00:00.000Z,סורינם,1,0,1
2021-08-25T00:00:00.000Z,תורכיה,17,35,52
2021-08-25T00:00:00.000Z,איחוד האמירויות הערב,38,34,72
2021-08-25T00:00:00.000Z,אזרביג'אן,1,56,57
2021-08-25T00:00:00.000Z,יפן,0,2,2
2021-08-26T00:00:00.000Z,איחוד האמירויות הערב,32,31,63
2021-08-26T00:00:00.000Z,אוקראינה,308,358,666
2021-08-26T00:00:00.000Z,עירק,0,1,1
2021-08-26T00:00:00.000Z,בורקינה פאסו,0,1,1
2021-08-26T00:00:00.000Z,טג'יקיסטאן,2,0,2
2021-08-26T00:00:00.000Z,פורטוגל,80,70,150
2021-08-26T00:00:00.000Z,בלגיה,24,50,74
2021-08-26T00:00:00.000Z,חוף השנהב,3,1,4
2021-08-26T00:00:00.000Z,מונקו,2,0,2
2021-08-26T00:00:00.000Z,סרביה,5,0,5
2021-08-26T00:00:00.000Z,פולין,33,23,56
2021-08-26T00:00:00.000Z,ליבריה,0,1,1
2021-08-26T00:00:00.000Z,הרפ הדומיניקנית,0,1,1
2021-08-26T00:00:00.000Z,קרואטיה,9,7,16
2021-08-26T00:00:00.000Z,קזחסטאן,1,0,1
2021-08-26T00:00:00.000Z,סין,1,0,1
2021-08-26T00:00:00.000Z,אורגוואי,7,5,12
2021-08-26T00:00:00.000Z,אתיופיה,17,9,26
2021-08-26T00:00:00.000Z,פרו,4,4,8
2021-08-26T00:00:00.000Z,ליטא,64,63,127
2021-08-26T00:00:00.000Z,צרפת,210,312,522
2021-08-26T00:00:00.000Z,קוריאה הדרומית,0,3,3
2021-08-26T00:00:00.000Z,דרום סודאן,1,0,1
2021-08-26T00:00:00.000Z,ספרד,16,25,41
2021-08-26T00:00:00.000Z,קפריסין,36,60,96
2021-08-26T00:00:00.000Z,מלדיבים,9,12,21
2021-08-26T00:00:00.000Z,איי נורפולק,1,1,2
2021-08-26T00:00:00.000Z,אירלנד,1,4,5
2021-08-26T00:00:00.000Z,יפן,3,3,6
2021-08-26T00:00:00.000Z,אוסטריה,533,396,929
2021-08-26T00:00:00.000Z,פרגוואי,1,1,2
2021-08-26T00:00:00.000Z,סוריה,1,2,3
2021-08-26T00:00:00.000Z,פנמה,3,3,6
2021-08-26T00:00:00.000Z,קולומביה,6,10,16
2021-08-26T00:00:00.000Z,צכיה,348,225,573
2021-08-26T00:00:00.000Z,אוסטרליה,0,10,10
2021-08-26T00:00:00.000Z,קמרון,1,3,4
2021-08-26T00:00:00.000Z,איטליה,132,140,272
2021-08-26T00:00:00.000Z,הודו,0,2,2
2021-08-26T00:00:00.000Z,אוזבקיסטן,1,74,75
2021-08-26T00:00:00.000Z,ארגנטינה,8,34,42
2021-08-26T00:00:00.000Z,דנמרק,57,66,123
2021-08-26T00:00:00.000Z,איי סיישל,6,4,10
2021-08-26T00:00:00.000Z,בילורוסיה,1,0,1
2021-08-26T00:00:00.000Z,בולגריה,11,19,30
2021-08-26T00:00:00.000Z,תאילנד,55,204,259
2021-08-26T00:00:00.000Z,סנגל,2,0,2
2021-08-26T00:00:00.000Z,נורבגיה,2,6,8
2021-08-26T00:00:00.000Z,הממלכה המאוחדת,127,232,359
2021-08-26T00:00:00.000Z,שוויץ,74,96,170
2021-08-26T00:00:00.000Z,הונגריה,298,256,554
2021-08-26T00:00:00.000Z,רוסיה,37,74,111
2021-08-26T00:00:00.000Z,דרום אפריקה,11,15,26
2021-08-26T00:00:00.000Z,יוון,322,367,689
2021-08-26T00:00:00.000Z,טנזניה,13,9,22
2021-08-26T00:00:00.000Z,מולדובה,126,153,279
2021-08-26T00:00:00.000Z,קנדה,25,101,126
2021-08-26T00:00:00.000Z,אוגנדה,2,0,2
2021-08-26T00:00:00.000Z,קוסטה ריקה,3,1,4
2021-08-26T00:00:00.000Z,פינלנד,3,7,10
2021-08-26T00:00:00.000Z,לבנון,0,1,1
2021-08-26T00:00:00.000Z,ארמניה,35,28,63
2021-08-26T00:00:00.000Z,מונטנגרו,78,31,109
2021-08-26T00:00:00.000Z,אנגולה,3,2,5
2021-08-26T00:00:00.000Z,מוזמביק,1,0,1
2021-08-26T00:00:00.000Z,הולנד,123,130,253
2021-08-26T00:00:00.000Z,רומניה,102,84,186
2021-08-26T00:00:00.000Z,ניו זילנד,1,0,1
2021-08-26T00:00:00.000Z,כלל המדינות,5645,7230,12875
2021-08-26T00:00:00.000Z,גבון,1,0,1
2021-08-26T00:00:00.000Z,בוסניה הרצגובינה,22,6,28
2021-08-26T00:00:00.000Z,ארצות הברית,855,1686,2541
2021-08-26T00:00:00.000Z,טיוואן,0,2,2
2021-08-26T00:00:00.000Z,פיליפינים,1,15,16
2021-08-26T00:00:00.000Z,קטר,6,1,7
2021-08-26T00:00:00.000Z,מקדוניה,1,0,1
2021-08-26T00:00:00.000Z,מקסיקו,1,7,8
2021-08-26T00:00:00.000Z,שוודיה,13,8,21
2021-08-26T00:00:00.000Z,קניה,1,4,5
2021-08-26T00:00:00.000Z,גאורגיה,69,100,169
2021-08-26T00:00:00.000Z,מאלי,3,1,4
2021-08-26T00:00:00.000Z,ניגריה,1,2,3
2021-08-26T00:00:00.000Z,ברזיל,5,3,8
2021-08-26T00:00:00.000Z,גרמניה,130,179,309
2021-08-26T00:00:00.000Z,תורכיה,43,53,96
2021-08-26T00:00:00.000Z,אלבניה,0,1,1
2021-08-26T00:00:00.000Z,ירדן,210,214,424
2021-08-26T00:00:00.000Z,מצרים,195,191,386
2021-08-26T00:00:00.000Z,גאנה,3,1,4
2021-08-26T00:00:00.000Z,אזרביג'אן,70,58,128
2021-08-26T00:00:00.000Z,גווטאמלה,3,1,4
2021-08-26T00:00:00.000Z,זמביה,3,1,4
2021-08-26T00:00:00.000Z,מרוקו,80,62,142
2021-08-26T00:00:00.000Z,זאיר,1,2,3
2021-08-26T00:00:00.000Z,קירג'זסטאן,1,5,6
2021-08-26T00:00:00.000Z,רואנדה,2,4,6
2021-08-26T00:00:00.000Z,איסלנד,85,33,118
2021-08-27T00:00:00.000Z,בילורוסיה,32,42,74
2021-08-27T00:00:00.000Z,בוסניה הרצגובינה,9,9,18
2021-08-27T00:00:00.000Z,אוקראינה,273,295,568
2021-08-27T00:00:00.000Z,רוסיה,63,128,191
2021-08-27T00:00:00.000Z,ארצות הברית,749,1428,2177
2021-08-27T00:00:00.000Z,צכיה,393,294,687
2021-08-27T00:00:00.000Z,פרו,1,1,2
2021-08-27T00:00:00.000Z,אירלנד,0,7,7
2021-08-27T00:00:00.000Z,בולגריה,16,58,74
2021-08-27T00:00:00.000Z,אסטוניה,4,12,16
2021-08-27T00:00:00.000Z,שוויץ,217,213,430
2021-08-27T00:00:00.000Z,ירדן,3,2,5
2021-08-27T00:00:00.000Z,איחוד האמירויות הערב,39,18,57
2021-08-27T00:00:00.000Z,מאלי,1,2,3
2021-08-27T00:00:00.000Z,ספרד,14,22,36
2021-08-27T00:00:00.000Z,ניגריה,2,0,2
2021-08-27T00:00:00.000Z,אזרביג'אן,4,2,6
2021-08-27T00:00:00.000Z,הודו,1,4,5
2021-08-27T00:00:00.000Z,סלובניה,2,0,2
2021-08-27T00:00:00.000Z,ויטנאם,2,0,2
2021-08-27T00:00:00.000Z,אלבניה,0,2,2
2021-08-27T00:00:00.000Z,הרפ הדומיניקנית,3,5,8
2021-08-27T00:00:00.000Z,פולין,61,62,123
2021-08-27T00:00:00.000Z,תורכיה,33,52,85
2021-08-27T00:00:00.000Z,ליטא,8,14,22
2021-08-27T00:00:00.000Z,כלל המדינות,4846,5709,10555
2021-08-27T00:00:00.000Z,לטביה,2,8,10
2021-08-27T00:00:00.000Z,מאוריציוס,1,0,1
2021-08-27T00:00:00.000Z,אקואדור,0,2,2
2021-08-27T00:00:00.000Z,יפן,0,2,2
2021-08-27T00:00:00.000Z,קטר,3,1,4
2021-08-27T00:00:00.000Z,הונג קונג,0,2,2
2021-08-27T00:00:00.000Z,פנמה,6,2,8
2021-08-27T00:00:00.000Z,הונגריה,282,207,489
2021-08-27T00:00:00.000Z,דנמרק,15,10,25
2021-08-27T00:00:00.000Z,גרמניה,233,247,480
2021-08-27T00:00:00.000Z,איי טורקס וקייקוס,3,2,5
2021-08-27T00:00:00.000Z,ברזיל,0,3,3
2021-08-27T00:00:00.000Z,אוסטריה,620,460,1080
2021-08-27T00:00:00.000Z,קולומביה,2,3,5
2021-08-27T00:00:00.000Z,פינלנד,48,39,87
2021-08-27T00:00:00.000Z,הממלכה המאוחדת,59,94,153
2021-08-27T00:00:00.000Z,קזחסטאן,5,6,11
2021-08-27T00:00:00.000Z,בלגיה,4,9,13
2021-08-27T00:00:00.000Z,שוודיה,7,3,10
2021-08-27T00:00:00.000Z,טיוואן,0,4,4
2021-08-27T00:00:00.000Z,רומניה,129,132,261
2021-08-27T00:00:00.000Z,הולנד,67,50,117
2021-08-27T00:00:00.000Z,גיברלטר,0,1,1
2021-08-27T00:00:00.000Z,סרביה,24,31,55
2021-08-27T00:00:00.000Z,קפריסין,73,41,114
2021-08-27T00:00:00.000Z,קוסטה ריקה,12,15,27
2021-08-27T00:00:00.000Z,עירק,0,18,18
2021-08-27T00:00:00.000Z,אל סלבדור,0,4,4
2021-08-27T00:00:00.000Z,ניו זילנד,0,1,1
2021-08-27T00:00:00.000Z,אוסטרליה,2,2,4
2021-08-27T00:00:00.000Z,אתיופיה,0,1,1
2021-08-27T00:00:00.000Z,ארמניה,0,5,5
2021-08-27T00:00:00.000Z,מונקו,2,0,2
2021-08-27T00:00:00.000Z,סינגפור,1,11,12
2021-08-27T00:00:00.000Z,איטליה,176,144,320
2021-08-27T00:00:00.000Z,קוריאה הדרומית,0,5,5
2021-08-27T00:00:00.000Z,סין,13,187,200
2021-08-27T00:00:00.000Z,פורטוגל,22,8,30
2021-08-27T00:00:00.000Z,נורבגיה,0,2,2
2021-08-27T00:00:00.000Z,ארגנטינה,7,8,15
2021-08-27T00:00:00.000Z,מונטנגרו,49,35,84
2021-08-27T00:00:00.000Z,קרואטיה,11,11,22
2021-08-27T00:00:00.000Z,אוזבקיסטן,2,3,5
2021-08-27T00:00:00.000Z,חוף השנהב,1,1,2
2021-08-27T00:00:00.000Z,מולדובה,48,48,96
2021-08-27T00:00:00.000Z,יוון,162,145,307
2021-08-27T00:00:00.000Z,תורכמניסטאן,1,0,1
2021-08-27T00:00:00.000Z,סרי לנקה (צילון),0,3,3
2021-08-27T00:00:00.000Z,מרוקו,4,3,7
2021-08-27T00:00:00.000Z,מצרים,233,207,440
2021-08-27T00:00:00.000Z,מלדיבים,13,5,18
2021-08-27T00:00:00.000Z,קירג'זסטאן,1,0,1
2021-08-27T00:00:00.000Z,מלטה,1,0,1
2021-08-27T00:00:00.000Z,מקסיקו,0,1,1
2021-08-27T00:00:00.000Z,אינדונזיה,0,1,1
2021-08-27T00:00:00.000Z,צרפת,120,113,233
2021-08-27T00:00:00.000Z,איסלנד,21,11,32
2021-08-27T00:00:00.000Z,נפאל,1,0,1
2021-08-27T00:00:00.000Z,קנדה,51,87,138
2021-08-27T00:00:00.000Z,פיליפינים,0,5,5
2021-08-27T00:00:00.000Z,גווטאמלה,3,2,5
2021-08-27T00:00:00.000Z,לוכסמבורג,3,2,5
2021-08-28T00:00:00.000Z,אוקראינה,121,136,257
2021-08-28T00:00:00.000Z,מולדובה,1,0,1
2021-08-28T00:00:00.000Z,גאורגיה,1,0,1
2021-08-28T00:00:00.000Z,מרוקו,4,4,8
2021-08-28T00:00:00.000Z,תורכיה,19,31,50
2021-08-28T00:00:00.000Z,בילורוסיה,1,0,1
2021-08-28T00:00:00.000Z,מלאווי,0,1,1
2021-08-28T00:00:00.000Z,איסלנד,23,20,43
2021-08-28T00:00:00.000Z,אוסטריה,355,308,663
2021-08-28T00:00:00.000Z,אזרביג'אן,1,1,2
2021-08-28T00:00:00.000Z,פורטוגל,17,12,29
2021-08-28T00:00:00.000Z,ניו זילנד,0,2,2
2021-08-28T00:00:00.000Z,ארצות הברית,342,631,973
2021-08-28T00:00:00.000Z,איי סיישל,1,2,3
2021-08-28T00:00:00.000Z,סין,0,1,1
2021-08-28T00:00:00.000Z,סרביה,3,0,3
2021-08-28T00:00:00.000Z,ניגריה,4,11,15
2021-08-28T00:00:00.000Z,דרום סודאן,0,1,1
2021-08-28T00:00:00.000Z,אוגנדה,2,4,6
2021-08-28T00:00:00.000Z,מאלי,1,1,2
2021-08-28T00:00:00.000Z,אורגוואי,1,3,4
2021-08-28T00:00:00.000Z,ברזיל,0,3,3
2021-08-28T00:00:00.000Z,סלובניה,5,8,13
2021-08-28T00:00:00.000Z,גווטאמלה,2,1,3
2021-08-28T00:00:00.000Z,ירדן,1,1,2
2021-08-28T00:00:00.000Z,אנגולה,0,1,1
2021-08-28T00:00:00.000Z,אירלנד,3,2,5
2021-08-28T00:00:00.000Z,רומניה,115,124,239
2021-08-28T00:00:00.000Z,לטביה,36,41,77
2021-08-28T00:00:00.000Z,נורבגיה,0,2,2
2021-08-28T00:00:00.000Z,סינגפור,0,2,2
2021-08-28T00:00:00.000Z,זמביה,0,2,2
2021-08-28T00:00:00.000Z,אתיופיה,25,25,50
2021-08-28T00:00:00.000Z,בולגריה,14,36,50
2021-08-28T00:00:00.000Z,קוסטה ריקה,5,5,10
2021-08-28T00:00:00.000Z,רוסיה,3,7,10
2021-08-28T00:00:00.000Z,מוזמביק,2,1,3
2021-08-28T00:00:00.000Z,גבון,1,0,1
2021-08-28T00:00:00.000Z,עירק,0,1,1
2021-08-28T00:00:00.000Z,גמייקה,1,0,1
2021-08-28T00:00:00.000Z,שוודיה,7,4,11
2021-08-28T00:00:00.000Z,קפריסין,19,17,36
2021-08-28T00:00:00.000Z,לוכסמבורג,0,1,1
2021-08-28T00:00:00.000Z,הודו,7,1,8
2021-08-28T00:00:00.000Z,מצרים,165,152,317
2021-08-28T00:00:00.000Z,גרמניה,73,90,163
2021-08-28T00:00:00.000Z,קולומביה,3,5,8
2021-08-28T00:00:00.000Z,רואנדה,2,1,3
2021-08-28T00:00:00.000Z,גאנה,5,1,6
2021-08-28T00:00:00.000Z,טיוואן,0,4,4
2021-08-28T00:00:00.000Z,קרואטיה,17,10,27
2021-08-28T00:00:00.000Z,קניה,8,4,12
2021-08-28T00:00:00.000Z,פינלנד,5,1,6
2021-08-28T00:00:00.000Z,ליטא,5,11,16
2021-08-28T00:00:00.000Z,דנמרק,16,18,34
2021-08-28T00:00:00.000Z,קוריאה הדרומית,3,3,6
2021-08-28T00:00:00.000Z,צרפת,97,100,197
2021-08-28T00:00:00.000Z,פנמה,3,4,7
2021-08-28T00:00:00.000Z,פולין,50,47,97
2021-08-28T00:00:00.000Z,אלבניה,5,0,5
2021-08-28T00:00:00.000Z,אוסטרליה,2,6,8
2021-08-28T00:00:00.000Z,שוויץ,87,68,155
2021-08-28T00:00:00.000Z,פיליפינים,0,5,5
2021-08-28T00:00:00.000Z,קירג'זסטאן,1,0,1
2021-08-28T00:00:00.000Z,מקסיקו,0,1,1
2021-08-28T00:00:00.000Z,צכיה,209,109,318
2021-08-28T00:00:00.000Z,איטליה,55,61,116
2021-08-28T00:00:00.000Z,כלל המדינות,2673,3057,5730
2021-08-28T00:00:00.000Z,גינאה,0,1,1
2021-08-28T00:00:00.000Z,מלדיבים,6,9,15
2021-08-28T00:00:00.000Z,הולנד,56,50,106
2021-08-28T00:00:00.000Z,יוון,153,137,290
2021-08-28T00:00:00.000Z,תאילנד,2,1,3
2021-08-28T00:00:00.000Z,ספרד,3,10,13
2021-08-28T00:00:00.000Z,פרו,5,0,5
2021-08-28T00:00:00.000Z,טנזניה,9,2,11
2021-08-28T00:00:00.000Z,לסוטו,1,0,1
2021-08-28T00:00:00.000Z,בחריין,0,1,1
2021-08-28T00:00:00.000Z,טוגו,0,3,3
2021-08-28T00:00:00.000Z,מקאו,0,1,1
2021-08-28T00:00:00.000Z,הונגריה,249,161,410
2021-08-28T00:00:00.000Z,דרום אפריקה,6,16,22
2021-08-28T00:00:00.000Z,זאיר,0,1,1
2021-08-28T00:00:00.000Z,סרי לנקה (צילון),0,9,9
2021-08-28T00:00:00.000Z,מקדוניה,0,1,1
2021-08-28T00:00:00.000Z,אוזבקיסטן,1,1,2
2021-08-28T00:00:00.000Z,יפן,1,0,1
2021-08-28T00:00:00.000Z,בוסניה הרצגובינה,3,7,10
2021-08-28T00:00:00.000Z,הממלכה המאוחדת,16,26,42
2021-08-28T00:00:00.000Z,בלגיה,0,2,2
2021-08-28T00:00:00.000Z,ארגנטינה,0,1,1
2021-08-28T00:00:00.000Z,מונטנגרו,2,1,3
2021-08-28T00:00:00.000Z,איחוד האמירויות הערב,30,24,54
2021-08-28T00:00:00.000Z,פרגוואי,3,4,7
2021-08-28T00:00:00.000Z,אסטוניה,2,0,2
2021-08-28T00:00:00.000Z,קנדה,29,52,81
2021-08-28T00:00:00.000Z,קמרון,1,1,2
2021-08-28T00:00:00.000Z,חוף השנהב,2,1,3
2021-08-29T00:00:00.000Z,שוודיה,43,58,101
2021-08-29T00:00:00.000Z,דרום אפריקה,0,1,1
2021-08-29T00:00:00.000Z,צכיה,404,183,587
2021-08-29T00:00:00.000Z,סרי לנקה (צילון),2,1,3
2021-08-29T00:00:00.000Z,גאורגיה,22,31,53
2021-08-29T00:00:00.000Z,הודו,9,7,16
2021-08-29T00:00:00.000Z,צ'ילה,0,2,2
2021-08-29T00:00:00.000Z,ספרד,8,4,12
2021-08-29T00:00:00.000Z,ליטא,58,24,82
2021-08-29T00:00:00.000Z,קפריסין,62,35,97
2021-08-29T00:00:00.000Z,רוסיה,76,167,243
2021-08-29T00:00:00.000Z,ארגנטינה,0,6,6
2021-08-29T00:00:00.000Z,ירדן,169,193,362
2021-08-29T00:00:00.000Z,סלובקיה,0,1,1
2021-08-29T00:00:00.000Z,אסטוניה,9,1,10
2021-08-29T00:00:00.000Z,שוויץ,105,132,237
2021-08-29T00:00:00.000Z,צרפת,380,456,836
2021-08-29T00:00:00.000Z,איחוד האמירויות הערב,25,40,65
2021-08-29T00:00:00.000Z,ויטנאם,0,1,1
2021-08-29T00:00:00.000Z,מקסיקו,2,1,3
2021-08-29T00:00:00.000Z,בולגריה,25,41,66
2021-08-29T00:00:00.000Z,סינגפור,2,5,7
2021-08-29T00:00:00.000Z,ארצות הברית,445,730,1175
2021-08-29T00:00:00.000Z,פיליפינים,0,14,14
2021-08-29T00:00:00.000Z,מונטנגרו,2,0,2
2021-08-29T00:00:00.000Z,הולנד,82,82,164
2021-08-29T00:00:00.000Z,ארמניה,2,1,3
2021-08-29T00:00:00.000Z,מונקו,0,2,2
2021-08-29T00:00:00.000Z,אזרביג'אן,90,69,159
2021-08-29T00:00:00.000Z,מולדובה,111,175,286
2021-08-29T00:00:00.000Z,סין,1,0,1
2021-08-29T00:00:00.000Z,רומניה,56,49,105
2021-08-29T00:00:00.000Z,קזחסטאן,3,7,10
2021-08-29T00:00:00.000Z,אירלנד,5,5,10
2021-08-29T00:00:00.000Z,חוף השנהב,2,2,4
2021-08-29T00:00:00.000Z,גווטאמלה,0,1,1
2021-08-29T00:00:00.000Z,אוסטריה,500,361,861
2021-08-29T00:00:00.000Z,פורטו ריקו,1,1,2
2021-08-29T00:00:00.000Z,הממלכה המאוחדת,134,222,356
2021-08-29T00:00:00.000Z,סלובניה,1,0,1
2021-08-29T00:00:00.000Z,בילורוסיה,28,108,136
2021-08-29T00:00:00.000Z,אנדורה,0,1,1
2021-08-29T00:00:00.000Z,סנגל,0,1,1
2021-08-29T00:00:00.000Z,קניה,1,1,2
2021-08-29T00:00:00.000Z,מרוקו,5,7,12
2021-08-29T00:00:00.000Z,ונצואלה,0,1,1
2021-08-29T00:00:00.000Z,פנמה,2,0,2
2021-08-29T00:00:00.000Z,מאלי,1,1,2
2021-08-29T00:00:00.000Z,אוסטרליה,3,25,28
2021-08-29T00:00:00.000Z,מלדיבים,13,8,21
2021-08-29T00:00:00.000Z,גרמניה,160,197,357
2021-08-29T00:00:00.000Z,תורכמניסטאן,2,0,2
2021-08-29T00:00:00.000Z,קולומביה,0,5,5
2021-08-29T00:00:00.000Z,הרפ הדומיניקנית,5,9,14
2021-08-29T00:00:00.000Z,כלל המדינות,5238,5960,11198
2021-08-29T00:00:00.000Z,תאילנד,5,4,9
2021-08-29T00:00:00.000Z,פולין,25,30,55
2021-08-29T00:00:00.000Z,דנמרק,37,56,93
2021-08-29T00:00:00.000Z,סרביה,0,2,2
2021-08-29T00:00:00.000Z,הונגריה,438,296,734
2021-08-29T00:00:00.000Z,לוכסמבורג,0,2,2
2021-08-29T00:00:00.000Z,בלגיה,33,54,87
2021-08-29T00:00:00.000Z,גמייקה,0,1,1
2021-08-29T00:00:00.000Z,קירג'זסטאן,2,1,3
2021-08-29T00:00:00.000Z,פורטוגל,12,16,28
2021-08-29T00:00:00.000Z,ברזיל,0,1,1
2021-08-29T00:00:00.000Z,תורכיה,19,38,57
2021-08-29T00:00:00.000Z,יוון,401,354,755
2021-08-29T00:00:00.000Z,קוריאה הדרומית,2,7,9
2021-08-29T00:00:00.000Z,קוסטה ריקה,5,10,15
2021-08-29T00:00:00.000Z,מונגוליה,0,1,1
2021-08-29T00:00:00.000Z,איטליה,203,192,395
2021-08-29T00:00:00.000Z,מצרים,210,173,383
2021-08-29T00:00:00.000Z,הונדורס,1,1,2
2021-08-29T00:00:00.000Z,פרו,1,0,1
2021-08-29T00:00:00.000Z,טנזניה,0,1,1
2021-08-29T00:00:00.000Z,אוקראינה,319,449,768
2021-08-29T00:00:00.000Z,בוסניה הרצגובינה,4,6,10
2021-08-29T00:00:00.000Z,ניגריה,3,3,6
2021-08-29T00:00:00.000Z,איסלנד,22,18,40
2021-08-29T00:00:00.000Z,קרואטיה,6,10,16
2021-08-29T00:00:00.000Z,אוזבקיסטן,3,2,5
2021-08-29T00:00:00.000Z,מקדוניה,0,1,1
2021-08-29T00:00:00.000Z,פינלנד,1,0,1
2021-08-29T00:00:00.000Z,לטביה,1,1,2
2021-08-29T00:00:00.000Z,נורבגיה,1,5,6
2021-08-29T00:00:00.000Z,קטר,0,1,1
2021-08-29T00:00:00.000Z,קנדה,18,47,65
2021-08-30T00:00:00.000Z,אל סלבדור,0,1,1
2021-08-30T00:00:00.000Z,דנמרק,12,9,21
2021-08-30T00:00:00.000Z,רוסיה,56,121,177
2021-08-30T00:00:00.000Z,מצרים,162,133,295
2021-08-30T00:00:00.000Z,קובה,1,1,2
2021-08-30T00:00:00.000Z,בולגריה,36,60,96
2021-08-30T00:00:00.000Z,פורטוגל,81,57,138
2021-08-30T00:00:00.000Z,פורטו ריקו,0,1,1
2021-08-30T00:00:00.000Z,גאורגיה,26,37,63
2021-08-30T00:00:00.000Z,אוסטרליה,3,11,14
2021-08-30T00:00:00.000Z,דומיניקה,0,1,1
2021-08-30T00:00:00.000Z,גמביה,0,1,1
2021-08-30T00:00:00.000Z,ניקרגואה,0,2,2
2021-08-30T00:00:00.000Z,ירדן,72,182,254
2021-08-30T00:00:00.000Z,בוטסואנה,1,0,1
2021-08-30T00:00:00.000Z,איטליה,142,105,247
2021-08-30T00:00:00.000Z,אוסטריה,902,608,1510
2021-08-30T00:00:00.000Z,צ'ילה,2,1,3
2021-08-30T00:00:00.000Z,אוקראינה,195,489,684
2021-08-30T00:00:00.000Z,ספרד,10,26,36
2021-08-30T00:00:00.000Z,קנדה,28,109,137
2021-08-30T00:00:00.000Z,בוסניה הרצגובינה,17,12,29
2021-08-30T00:00:00.000Z,קלדוניה החדשה,0,1,1
2021-08-30T00:00:00.000Z,ניו זילנד,0,2,2
2021-08-30T00:00:00.000Z,סרביה,37,50,87
2021-08-30T00:00:00.000Z,גרמניה,166,158,324
2021-08-30T00:00:00.000Z,כלל המדינות,5069,6802,11871
2021-08-30T00:00:00.000Z,תוניסיה,0,3,3
2021-08-30T00:00:00.000Z,נורבגיה,1,5,6
2021-08-30T00:00:00.000Z,לטביה,5,4,9
2021-08-30T00:00:00.000Z,איחוד האמירויות הערב,30,19,49
2021-08-30T00:00:00.000Z,פיליפינים,0,2,2
2021-08-30T00:00:00.000Z,זאיר,0,1,1
2021-08-30T00:00:00.000Z,שוודיה,7,7,14
2021-08-30T00:00:00.000Z,ארצות הברית,885,1868,2753
2021-08-30T00:00:00.000Z,טוגו,0,1,1
2021-08-30T00:00:00.000Z,טג'יקיסטאן,2,0,2
2021-08-30T00:00:00.000Z,אוגנדה,2,0,2
2021-08-30T00:00:00.000Z,צכיה,265,168,433
2021-08-30T00:00:00.000Z,רומניה,86,57,143
2021-08-30T00:00:00.000Z,מרוקו,4,4,8
2021-08-30T00:00:00.000Z,זמביה,2,2,4
2021-08-30T00:00:00.000Z,רואנדה,1,2,3
2021-08-30T00:00:00.000Z,טנזניה,15,9,24
2021-08-30T00:00:00.000Z,מלטה,1,0,1
2021-08-30T00:00:00.000Z,גיברלטר,0,1,1
2021-08-30T00:00:00.000Z,ברזיל,3,5,8
2021-08-30T00:00:00.000Z,הולנד,65,60,125
2021-08-30T00:00:00.000Z,מונטנגרו,47,36,83
2021-08-30T00:00:00.000Z,אלבניה,1,0,1
2021-08-30T00:00:00.000Z,אוזבקיסטן,1,28,29
2021-08-30T00:00:00.000Z,גווטאמלה,0,1,1
2021-08-30T00:00:00.000Z,בלגיה,76,79,155
2021-08-30T00:00:00.000Z,אקואדור,1,0,1
2021-08-30T00:00:00.000Z,קוריאה הדרומית,0,1,1
2021-08-30T00:00:00.000Z,אתיופיה,27,17,44
2021-08-30T00:00:00.000Z,מלדיבים,9,6,15
2021-08-30T00:00:00.000Z,מולדובה,74,39,113
2021-08-30T00:00:00.000Z,אזרביג'אן,4,2,6
2021-08-30T00:00:00.000Z,בליז,2,0,2
2021-08-30T00:00:00.000Z,איסלנד,52,29,81
2021-08-30T00:00:00.000Z,אירלנד,2,2,4
2021-08-30T00:00:00.000Z,סוריה,1,4,5
2021-08-30T00:00:00.000Z,גאנה,7,1,8
2021-08-30T00:00:00.000Z,קוסטה ריקה,5,10,15
2021-08-30T00:00:00.000Z,שוויץ,143,133,276
2021-08-30T00:00:00.000Z,מקסיקו,0,3,3
2021-08-30T00:00:00.000Z,צרפת,239,285,524
2021-08-30T00:00:00.000Z,ארגנטינה,0,1,1
2021-08-30T00:00:00.000Z,זימבאבווה,1,0,1
2021-08-30T00:00:00.000Z,יפן,0,3,3
2021-08-30T00:00:00.000Z,מאלי,2,6,8
2021-08-30T00:00:00.000Z,הונגריה,211,112,323
2021-08-30T00:00:00.000Z,דרום אפריקה,6,14,20
2021-08-30T00:00:00.000Z,אנגולה,0,2,2
2021-08-30T00:00:00.000Z,ניגריה,0,3,3
2021-08-30T00:00:00.000Z,אסטוניה,6,5,11
2021-08-30T00:00:00.000Z,איי גילברט ואליס,0,1,1
2021-08-30T00:00:00.000Z,מקאו,2,0,2
2021-08-30T00:00:00.000Z,יוון,165,123,288
2021-08-30T00:00:00.000Z,אינדונזיה,0,1,1
2021-08-30T00:00:00.000Z,טיוואן,0,3,3
2021-08-30T00:00:00.000Z,קולומביה,6,2,8
2021-08-30T00:00:00.000Z,קניה,5,4,9
2021-08-30T00:00:00.000Z,פרו,0,2,2
2021-08-30T00:00:00.000Z,קירג'זסטאן,1,0,1
2021-08-30T00:00:00.000Z,תורכיה,30,34,64
2021-08-30T00:00:00.000Z,בילורוסיה,34,60,94
2021-08-30T00:00:00.000Z,קפריסין,20,25,45
2021-08-30T00:00:00.000Z,קרואטיה,7,11,18
2021-08-30T00:00:00.000Z,קזחסטאן,3,2,5
2021-08-30T00:00:00.000Z,הממלכה המאוחדת,120,238,358
2021-08-30T00:00:00.000Z,ליטא,5,3,8
2021-08-30T00:00:00.000Z,פולין,39,50,89
2021-08-30T00:00:00.000Z,ארמניה,2,2,4
2021-08-30T00:00:00.000Z,פינלנד,4,5,9
2021-08-30T00:00:00.000Z,פנמה,4,5,9
2021-08-30T00:00:00.000Z,תאילנד,1,7,8
2021-08-30T00:00:00.000Z,הודו,17,177,194
2021-08-30T00:00:00.000Z,אורגוואי,0,1,1
2021-08-30T00:00:00.000Z,נמיביה,0,1,1
2021-08-30T00:00:00.000Z,סינגפור,2,2,4
2021-08-31T00:00:00.000Z,פורטו ריקו,1,0,1
2021-08-31T00:00:00.000Z,קוריאה הדרומית,0,3,3
2021-08-31T00:00:00.000Z,ארמניה,3,0,3
2021-08-31T00:00:00.000Z,שוויץ,92,76,168
2021-08-31T00:00:00.000Z,קוסובו,1,0,1
2021-08-31T00:00:00.000Z,פרגוואי,2,2,4
2021-08-31T00:00:00.000Z,איי סיישל,0,3,3
2021-08-31T00:00:00.000Z,ערב הסעודית,64,31,95
2021-08-31T00:00:00.000Z,הונגריה,316,212,528
2021-08-31T00:00:00.000Z,איי גילברט ואליס,0,2,2
2021-08-31T00:00:00.000Z,דרום אפריקה,17,15,32
2021-08-31T00:00:00.000Z,בלגיה,5,5,10
2021-08-31T00:00:00.000Z,קפריסין,5,22,27
2021-08-31T00:00:00.000Z,אוסטריה,254,199,453
2021-08-31T00:00:00.000Z,טוגו,1,0,1
2021-08-31T00:00:00.000Z,חוף השנהב,1,0,1
2021-08-31T00:00:00.000Z,תוניסיה,1,0,1
2021-08-31T00:00:00.000Z,סין,17,17,34
2021-08-31T00:00:00.000Z,גאנה,1,0,1
2021-08-31T00:00:00.000Z,סרי לנקה (צילון),0,1,1
2021-08-31T00:00:00.000Z,פורטוגל,13,6,19
2021-08-31T00:00:00.000Z,טנזניה,8,5,13
2021-08-31T00:00:00.000Z,ברזיל,1,1,2
2021-08-31T00:00:00.000Z,רואנדה,0,1,1
2021-08-31T00:00:00.000Z,ארגנטינה,0,15,15
2021-08-31T00:00:00.000Z,בליז,0,1,1
2021-08-31T00:00:00.000Z,איטליה,61,50,111
2021-08-31T00:00:00.000Z,גרמניה,98,174,272
2021-08-31T00:00:00.000Z,לטביה,15,42,57
2021-08-31T00:00:00.000Z,קניה,12,9,21
2021-08-31T00:00:00.000Z,מרוקו,5,4,9
2021-08-31T00:00:00.000Z,מונטנגרו,2,1,3
2021-08-31T00:00:00.000Z,הונג קונג,2,26,28
2021-08-31T00:00:00.000Z,תאילנד,24,238,262
2021-08-31T00:00:00.000Z,גווטאמלה,3,4,7
2021-08-31T00:00:00.000Z,פיליפינים,1,4,5
2021-08-31T00:00:00.000Z,תורכיה,31,36,67
2021-08-31T00:00:00.000Z,נורבגיה,0,2,2
2021-08-31T00:00:00.000Z,מוזמביק,0,1,1
2021-08-31T00:00:00.000Z,צכיה,396,179,575
2021-08-31T00:00:00.000Z,הונדורס,0,1,1
2021-08-31T00:00:00.000Z,ניגריה,4,1,5
2021-08-31T00:00:00.000Z,ליטא,3,4,7
2021-08-31T00:00:00.000Z,אירלנד,2,6,8
2021-08-31T00:00:00.000Z,אתיופיה,16,26,42
2021-08-31T00:00:00.000Z,כלל המדינות,3682,4769,8451
2021-08-31T00:00:00.000Z,פולין,106,77,183
2021-08-31T00:00:00.000Z,הממלכה המאוחדת,25,61,86
2021-08-31T00:00:00.000Z,אלגיריה,0,1,1
2021-08-31T00:00:00.000Z,איסלנד,48,12,60
2021-08-31T00:00:00.000Z,אוסטרליה,3,8,11
2021-08-31T00:00:00.000Z,ונצואלה,0,10,10
2021-08-31T00:00:00.000Z,רומניה,60,57,117
2021-08-31T00:00:00.000Z,מאלי,1,2,3
2021-08-31T00:00:00.000Z,אסטוניה,0,1,1
2021-08-31T00:00:00.000Z,מלדיבים,28,10,38
2021-08-31T00:00:00.000Z,קנדה,40,78,118
2021-08-31T00:00:00.000Z,אנגולה,3,4,7
2021-08-31T00:00:00.000Z,סלובניה,4,1,5
2021-08-31T00:00:00.000Z,בחריין,1,3,4
2021-08-31T00:00:00.000Z,קולומביה,4,7,11
2021-08-31T00:00:00.000Z,איחוד האמירויות הערב,20,15,35
2021-08-31T00:00:00.000Z,בוסניה הרצגובינה,8,6,14
2021-08-31T00:00:00.000Z,הולנד,72,50,122
2021-08-31T00:00:00.000Z,ספרד,17,20,37
2021-08-31T00:00:00.000Z,צרפת,170,231,401
2021-08-31T00:00:00.000Z,דנמרק,8,9,17
2021-08-31T00:00:00.000Z,פרו,1,3,4
2021-08-31T00:00:00.000Z,אוגנדה,2,2,4
2021-08-31T00:00:00.000Z,אקואדור,0,4,4
2021-08-31T00:00:00.000Z,מקסיקו,2,2,4
2021-08-31T00:00:00.000Z,עומן,1,0,1
2021-08-31T00:00:00.000Z,קוסטה ריקה,10,6,16
2021-08-31T00:00:00.000Z,ירדן,56,54,110
2021-08-31T00:00:00.000Z,גאורגיה,3,0,3
2021-08-31T00:00:00.000Z,רפ מרכז אפריקנית,0,1,1
2021-08-31T00:00:00.000Z,מצרים,113,93,206
2021-08-31T00:00:00.000Z,יוון,178,167,345
2021-08-31T00:00:00.000Z,יפן,8,9,17
2021-08-31T00:00:00.000Z,קמרון,1,0,1
2021-08-31T00:00:00.000Z,גיברלטר,1,0,1
2021-08-31T00:00:00.000Z,רוסיה,90,164,254
2021-08-31T00:00:00.000Z,פינלנד,3,2,5
2021-08-31T00:00:00.000Z,אורגוואי,1,4,5
2021-08-31T00:00:00.000Z,ניגר,1,0,1
2021-08-31T00:00:00.000Z,קרואטיה,22,16,38
2021-08-31T00:00:00.000Z,אוזבקיסטן,0,13,13
2021-08-31T00:00:00.000Z,לבנון,0,2,2
2021-08-31T00:00:00.000Z,זמביה,1,3,4
2021-08-31T00:00:00.000Z,סרביה,6,14,20
2021-08-31T00:00:00.000Z,אזרביג'אן,3,2,5
2021-08-31T00:00:00.000Z,שוודיה,9,3,12
2021-08-31T00:00:00.000Z,אוקראינה,129,257,386
2021-08-31T00:00:00.000Z,פנמה,6,4,10
2021-08-31T00:00:00.000Z,ארצות הברית,541,1107,1648
2021-08-31T00:00:00.000Z,בולגריה,27,51,78
2021-08-31T00:00:00.000Z,מולדובה,68,131,199
2021-09-01T00:00:00.000Z,רומניה,58,59,117
2021-09-01T00:00:00.000Z,תורכיה,9,30,39
2021-09-01T00:00:00.000Z,אוסטרליה,1,14,15
2021-09-01T00:00:00.000Z,בילורוסיה,20,73,93
2021-09-01T00:00:00.000Z,מצרים,55,53,108
2021-09-01T00:00:00.000Z,קוריאה הדרומית,0,4,4
2021-09-01T00:00:00.000Z,אורגוואי,1,1,2
2021-09-01T00:00:00.000Z,דנמרק,8,4,12
2021-09-01T00:00:00.000Z,קניה,2,2,4
2021-09-01T00:00:00.000Z,גאורגיה,0,1,1
2021-09-01T00:00:00.000Z,זמביה,0,1,1
2021-09-01T00:00:00.000Z,סינגפור,2,12,14
2021-09-01T00:00:00.000Z,לוכסמבורג,1,1,2
2021-09-01T00:00:00.000Z,מלטה,1,0,1
2021-09-01T00:00:00.000Z,מאלי,2,0,2
2021-09-01T00:00:00.000Z,סוריה,3,5,8
2021-09-01T00:00:00.000Z,תוניסיה,1,0,1
2021-09-01T00:00:00.000Z,גמייקה,0,2,2
2021-09-01T00:00:00.000Z,מלדיבים,10,14,24
2021-09-01T00:00:00.000Z,מונטנגרו,19,9,28
2021-09-01T00:00:00.000Z,סלובקיה,0,1,1
2021-09-01T00:00:00.000Z,פיליפינים,0,45,45
2021-09-01T00:00:00.000Z,כלל המדינות,2874,4708,7582
2021-09-01T00:00:00.000Z,ונצואלה,0,2,2
2021-09-01T00:00:00.000Z,אסטוניה,1,6,7
2021-09-01T00:00:00.000Z,ניגריה,4,2,6
2021-09-01T00:00:00.000Z,סלובניה,3,5,8
2021-09-01T00:00:00.000Z,ברזיל,0,3,3
2021-09-01T00:00:00.000Z,קפריסין,14,26,40
2021-09-01T00:00:00.000Z,גרמניה,72,155,227
2021-09-01T00:00:00.000Z,גבון,1,0,1
2021-09-01T00:00:00.000Z,אקואדור,0,1,1
2021-09-01T00:00:00.000Z,שוודיה,2,7,9
2021-09-01T00:00:00.000Z,פינלנד,33,31,64
2021-09-01T00:00:00.000Z,דרום סודאן,2,0,2
2021-09-01T00:00:00.000Z,יפן,1,6,7
2021-09-01T00:00:00.000Z,גאנה,2,2,4
2021-09-01T00:00:00.000Z,ארצות הברית,579,1332,1911
2021-09-01T00:00:00.000Z,בלגיה,6,9,15
2021-09-01T00:00:00.000Z,יוון,68,57,125
2021-09-01T00:00:00.000Z,ניקרגואה,1,0,1
2021-09-01T00:00:00.000Z,הונגריה,205,151,356
2021-09-01T00:00:00.000Z,סרביה,2,1,3
2021-09-01T00:00:00.000Z,אירלנד,6,4,10
2021-09-01T00:00:00.000Z,קוסטה ריקה,1,6,7
2021-09-01T00:00:00.000Z,פנמה,0,1,1
2021-09-01T00:00:00.000Z,סרי לנקה (צילון),5,7,12
2021-09-01T00:00:00.000Z,הממלכה המאוחדת,40,128,168
2021-09-01T00:00:00.000Z,ברבדוס,0,1,1
2021-09-01T00:00:00.000Z,פולין,73,49,122
2021-09-01T00:00:00.000Z,צרפת,161,308,469
2021-09-01T00:00:00.000Z,ניו זילנד,2,0,2
2021-09-01T00:00:00.000Z,גווטאמלה,1,2,3
2021-09-01T00:00:00.000Z,תאילנד,2,0,2
2021-09-01T00:00:00.000Z,פורטוגל,8,25,33
2021-09-01T00:00:00.000Z,איחוד האמירויות הערב,24,27,51
2021-09-01T00:00:00.000Z,קזחסטאן,7,80,87
2021-09-01T00:00:00.000Z,ספרד,4,10,14
2021-09-01T00:00:00.000Z,קנדה,19,119,138
2021-09-01T00:00:00.000Z,אתיופיה,18,14,32
2021-09-01T00:00:00.000Z,ירדן,48,78,126
2021-09-01T00:00:00.000Z,ארמניה,3,0,3
2021-09-01T00:00:00.000Z,קולומביה,3,1,4
2021-09-01T00:00:00.000Z,שוויץ,61,30,91
2021-09-01T00:00:00.000Z,מרוקו,3,3,6
2021-09-01T00:00:00.000Z,בורקינה פאסו,1,0,1
2021-09-01T00:00:00.000Z,פרו,2,3,5
2021-09-01T00:00:00.000Z,איטליה,63,62,125
2021-09-01T00:00:00.000Z,אוקראינה,283,454,737
2021-09-01T00:00:00.000Z,הודו,0,3,3
2021-09-01T00:00:00.000Z,סודן,1,0,1
2021-09-01T00:00:00.000Z,טיוואן,0,3,3
2021-09-01T00:00:00.000Z,אוזבקיסטן,1,16,17
2021-09-01T00:00:00.000Z,איסלנד,32,3,35
2021-09-01T00:00:00.000Z,צכיה,241,109,350
2021-09-01T00:00:00.000Z,הולנד,39,61,100
2021-09-01T00:00:00.000Z,אזרביג'אן,1,1,2
2021-09-01T00:00:00.000Z,נורבגיה,3,6,9
2021-09-01T00:00:00.000Z,ליטא,1,1,2
2021-09-01T00:00:00.000Z,בוסניה הרצגובינה,8,3,11
2021-09-01T00:00:00.000Z,אוסטריה,173,99,272
2021-09-01T00:00:00.000Z,מולדובה,1,1,2
2021-09-01T00:00:00.000Z,דרום אפריקה,2,9,11
2021-09-01T00:00:00.000Z,מקסיקו,1,1,2
2021-09-01T00:00:00.000Z,הרפ הדומיניקנית,3,0,3
2021-09-01T00:00:00.000Z,רוסיה,52,208,260
2021-09-01T00:00:00.000Z,קרואטיה,6,6,12
2021-09-01T00:00:00.000Z,מקדוניה,2,0,2
2021-09-01T00:00:00.000Z,בולגריה,10,14,24
2021-09-01T00:00:00.000Z,טנזניה,11,7,18
2021-09-02T00:00:00.000Z,מולדובה,70,131,201
2021-09-02T00:00:00.000Z,סודן,1,0,1
2021-09-02T00:00:00.000Z,קפריסין,32,32,64
2021-09-02T00:00:00.000Z,גרמניה,95,140,235
2021-09-02T00:00:00.000Z,הממלכה המאוחדת,71,414,485
2021-09-02T00:00:00.000Z,ברזיל,1,3,4
2021-09-02T00:00:00.000Z,אורגוואי,1,4,5
2021-09-02T00:00:00.000Z,סלובקיה,1,4,5
2021-09-02T00:00:00.000Z,מלדיבים,5,4,9
2021-09-02T00:00:00.000Z,אזרביג'אן,41,46,87
2021-09-02T00:00:00.000Z,תורכיה,14,50,64
2021-09-02T00:00:00.000Z,לטביה,7,0,7
2021-09-02T00:00:00.000Z,פורטוגל,74,65,139
2021-09-02T00:00:00.000Z,אוזבקיסטן,2,22,24
2021-09-02T00:00:00.000Z,פינלנד,0,1,1
2021-09-02T00:00:00.000Z,סרביה,4,6,10
2021-09-02T00:00:00.000Z,צרפת,191,359,550
2021-09-02T00:00:00.000Z,אינדונזיה,0,1,1
2021-09-02T00:00:00.000Z,בלגיה,26,86,112
2021-09-02T00:00:00.000Z,קמרון,1,0,1
2021-09-02T00:00:00.000Z,הונג קונג,1,0,1
2021-09-02T00:00:00.000Z,גאורגיה,26,41,67
2021-09-02T00:00:00.000Z,גמייקה,1,1,2
2021-09-02T00:00:00.000Z,בנין (דהומי),1,0,1
2021-09-02T00:00:00.000Z,סלובניה,1,0,1
2021-09-02T00:00:00.000Z,זאיר,0,2,2
2021-09-02T00:00:00.000Z,פולין,51,55,106
2021-09-02T00:00:00.000Z,מרוקו,37,58,95
2021-09-02T00:00:00.000Z,דרום סודאן,1,0,1
2021-09-02T00:00:00.000Z,סרי לנקה (צילון),0,2,2
2021-09-02T00:00:00.000Z,טנזניה,8,9,17
2021-09-02T00:00:00.000Z,אל סלבדור,0,1,1
2021-09-02T00:00:00.000Z,ארצות הברית,319,1838,2157
2021-09-02T00:00:00.000Z,צכיה,96,72,168
2021-09-02T00:00:00.000Z,מצרים,72,70,142
2021-09-02T00:00:00.000Z,אוסטריה,182,150,332
2021-09-02T00:00:00.000Z,איחוד האמירויות הערב,17,24,41
2021-09-02T00:00:00.000Z,נמיביה,1,2,3
2021-09-02T00:00:00.000Z,צאד,1,0,1
2021-09-02T00:00:00.000Z,הונגריה,281,194,475
2021-09-02T00:00:00.000Z,איי סיישל,31,23,54
2021-09-02T00:00:00.000Z,אנגולה,0,4,4
2021-09-02T00:00:00.000Z,צ'ילה,0,2,2
2021-09-02T00:00:00.000Z,תוניסיה,1,0,1
2021-09-02T00:00:00.000Z,ליטא,51,56,107
2021-09-02T00:00:00.000Z,נורבגיה,7,8,15
2021-09-02T00:00:00.000Z,הולנד,67,62,129
2021-09-02T00:00:00.000Z,בולגריה,4,4,8
2021-09-02T00:00:00.000Z,זמביה,3,1,4
2021-09-02T00:00:00.000Z,הרפ הדומיניקנית,3,0,3
2021-09-02T00:00:00.000Z,אתיופיה,14,22,36
2021-09-02T00:00:00.000Z,קנדה,12,254,266
2021-09-02T00:00:00.000Z,קניה,1,6,7
2021-09-02T00:00:00.000Z,אירלנד,3,1,4
2021-09-02T00:00:00.000Z,גווטאמלה,0,1,1
2021-09-02T00:00:00.000Z,איטליה,119,109,228
2021-09-02T00:00:00.000Z,פרו,4,2,6
2021-09-02T00:00:00.000Z,ונצואלה,0,1,1
2021-09-02T00:00:00.000Z,קרואטיה,4,8,12
2021-09-02T00:00:00.000Z,קולומביה,3,14,17
2021-09-02T00:00:00.000Z,אקואדור,1,1,2
2021-09-02T00:00:00.000Z,שוודיה,8,29,37
2021-09-02T00:00:00.000Z,קוריאה הדרומית,1,3,4
2021-09-02T00:00:00.000Z,בהמס,1,0,1
2021-09-02T00:00:00.000Z,דרום אפריקה,4,15,19
2021-09-02T00:00:00.000Z,קוסטה ריקה,3,2,5
2021-09-02T00:00:00.000Z,הודו,2,6,8
2021-09-02T00:00:00.000Z,בחריין,6,3,9
2021-09-02T00:00:00.000Z,ארגנטינה,3,42,45
2021-09-02T00:00:00.000Z,מלטה,0,2,2
2021-09-02T00:00:00.000Z,פרגוואי,1,0,1
2021-09-02T00:00:00.000Z,אוקראינה,224,299,523
2021-09-02T00:00:00.000Z,ירדן,66,66,132
2021-09-02T00:00:00.000Z,דומיניקה,2,0,2
2021-09-02T00:00:00.000Z,דנמרק,27,63,90
2021-09-02T00:00:00.000Z,איסלנד,40,18,58
2021-09-02T00:00:00.000Z,סוריה,4,6,10
2021-09-02T00:00:00.000Z,כלל המדינות,3382,6314,9696
2021-09-02T00:00:00.000Z,יוון,126,115,241
2021-09-02T00:00:00.000Z,רומניה,37,29,66
2021-09-02T00:00:00.000Z,בליז,0,1,1
2021-09-02T00:00:00.000Z,מרטיניק,1,0,1
2021-09-02T00:00:00.000Z,גינאה המשוונית,1,1,2
2021-09-02T00:00:00.000Z,טוגו,1,1,2
2021-09-02T00:00:00.000Z,בוסניה הרצגובינה,0,1,1
2021-09-02T00:00:00.000Z,פנמה,4,3,7
2021-09-02T00:00:00.000Z,יפן,4,12,16
2021-09-02T00:00:00.000Z,ספרד,18,58,76
2021-09-02T00:00:00.000Z,שוויץ,52,54,106
2021-09-02T00:00:00.000Z,פיליפינים,0,2,2
2021-09-02T00:00:00.000Z,ארמניה,0,2,2
2021-09-02T00:00:00.000Z,ניגריה,3,3,6
2021-09-02T00:00:00.000Z,עירק,0,1,1
2021-09-02T00:00:00.000Z,מאלי,1,2,3
2021-09-02T00:00:00.000Z,רוסיה,61,132,193
2021-09-02T00:00:00.000Z,אוסטרליה,0,2,2
2021-09-03T00:00:00.000Z,קוריאה הדרומית,1,0,1
2021-09-03T00:00:00.000Z,רוסיה,122,246,368
2021-09-03T00:00:00.000Z,מלטה,1,0,1
2021-09-03T00:00:00.000Z,מצרים,114,69,183
2021-09-03T00:00:00.000Z,אירלנד,3,4,7
2021-09-03T00:00:00.000Z,אסטוניה,0,2,2
2021-09-03T00:00:00.000Z,הונגריה,250,194,444
2021-09-03T00:00:00.000Z,אוקראינה,219,294,513
2021-09-03T00:00:00.000Z,גרנדה,1,0,1
2021-09-03T00:00:00.000Z,גיברלטר,1,3,4
2021-09-03T00:00:00.000Z,ארגנטינה,0,8,8
2021-09-03T00:00:00.000Z,פולין,106,58,164
2021-09-03T00:00:00.000Z,תורכיה,34,38,72
2021-09-03T00:00:00.000Z,בהמס,3,0,3
2021-09-03T00:00:00.000Z,ירדן,2,3,5
2021-09-03T00:00:00.000Z,פיליפינים,1,4,5
2021-09-03T00:00:00.000Z,שוודיה,3,6,9
2021-09-03T00:00:00.000Z,מרוקו,6,4,10
2021-09-03T00:00:00.000Z,נפאל,0,1,1
2021-09-03T00:00:00.000Z,מונטנגרו,62,27,89
2021-09-03T00:00:00.000Z,אורגוואי,3,6,9
2021-09-03T00:00:00.000Z,סינגפור,2,7,9
2021-09-03T00:00:00.000Z,רומניה,59,50,109
2021-09-03T00:00:00.000Z,ספרד,20,17,37
2021-09-03T00:00:00.000Z,יפן,3,7,10
2021-09-03T00:00:00.000Z,אוסטרליה,1,3,4
2021-09-03T00:00:00.000Z,סרי לנקה (צילון),0,1,1
2021-09-03T00:00:00.000Z,כלל המדינות,4055,5582,9637
2021-09-03T00:00:00.000Z,הממלכה המאוחדת,57,360,417
2021-09-03T00:00:00.000Z,תוניסיה,0,2,2
2021-09-03T00:00:00.000Z,מקדוניה,1,0,1
2021-09-03T00:00:00.000Z,ונצואלה,0,5,5
2021-09-03T00:00:00.000Z,גאורגיה,10,14,24
2021-09-03T00:00:00.000Z,נורבגיה,1,5,6
2021-09-03T00:00:00.000Z,בחריין,3,3,6
2021-09-03T00:00:00.000Z,בוסניה הרצגובינה,3,2,5
2021-09-03T00:00:00.000Z,מלדיבים,7,6,13
2021-09-03T00:00:00.000Z,יוון,188,132,320
2021-09-03T00:00:00.000Z,דומיניקה,2,0,2
2021-09-03T00:00:00.000Z,אנגולה,1,0,1
2021-09-03T00:00:00.000Z,בלגיה,51,129,180
2021-09-03T00:00:00.000Z,גרמניה,189,188,377
2021-09-03T00:00:00.000Z,אוזבקיסטן,1,2,3
2021-09-03T00:00:00.000Z,בולגריה,19,40,59
2021-09-03T00:00:00.000Z,שוויץ,174,198,372
2021-09-03T00:00:00.000Z,איטליה,137,112,249
2021-09-03T00:00:00.000Z,קטר,2,0,2
2021-09-03T00:00:00.000Z,ניגריה,4,1,5
2021-09-03T00:00:00.000Z,איסלנד,5,6,11
2021-09-03T00:00:00.000Z,ניו זילנד,1,2,3
2021-09-03T00:00:00.000Z,ברזיל,1,1,2
2021-09-03T00:00:00.000Z,אזרביג'אן,1,0,1
2021-09-03T00:00:00.000Z,בוליביה,1,0,1
2021-09-03T00:00:00.000Z,סלובקיה,4,4,8
2021-09-03T00:00:00.000Z,טיוואן,0,1,1
2021-09-03T00:00:00.000Z,פרגוואי,0,1,1
2021-09-03T00:00:00.000Z,קנדה,56,194,250
2021-09-03T00:00:00.000Z,בילורוסיה,46,46,92
2021-09-03T00:00:00.000Z,מולדובה,31,56,87
2021-09-03T00:00:00.000Z,קירג'זסטאן,1,0,1
2021-09-03T00:00:00.000Z,ארצות הברית,597,1619,2216
2021-09-03T00:00:00.000Z,קזחסטאן,6,10,16
2021-09-03T00:00:00.000Z,דנמרק,14,13,27
2021-09-03T00:00:00.000Z,ליטא,0,3,3
2021-09-03T00:00:00.000Z,הרפ הדומיניקנית,1,3,4
2021-09-03T00:00:00.000Z,ערב הסעודית,1,0,1
2021-09-03T00:00:00.000Z,גווטאמלה,1,1,2
2021-09-03T00:00:00.000Z,צכיה,286,145,431
2021-09-03T00:00:00.000Z,סנגל,2,1,3
2021-09-03T00:00:00.000Z,הודו,2,3,5
2021-09-03T00:00:00.000Z,צרפת,177,181,358
2021-09-03T00:00:00.000Z,קרואטיה,7,4,11
2021-09-03T00:00:00.000Z,אקואדור,2,2,4
2021-09-03T00:00:00.000Z,קוסובו,0,1,1
2021-09-03T00:00:00.000Z,אל סלבדור,1,0,1
2021-09-03T00:00:00.000Z,ויטנאם,1,1,2
2021-09-03T00:00:00.000Z,סרביה,3,4,7
2021-09-03T00:00:00.000Z,ארמניה,11,7,18
2021-09-03T00:00:00.000Z,אוסטריה,258,170,428
2021-09-03T00:00:00.000Z,איחוד האמירויות הערב,35,14,49
2021-09-03T00:00:00.000Z,לטביה,2,1,3
2021-09-03T00:00:00.000Z,קפריסין,52,36,88
2021-09-03T00:00:00.000Z,קוסטה ריקה,15,20,35
2021-09-03T00:00:00.000Z,הולנד,78,87,165
2021-09-03T00:00:00.000Z,פינלנד,27,35,62
2021-09-03T00:00:00.000Z,פורטוגל,11,5,16
2021-09-03T00:00:00.000Z,פנמה,2,5,7
2021-09-03T00:00:00.000Z,תאילנד,63,74,137
2021-09-03T00:00:00.000Z,מקסיקו,1,0,1
2021-09-04T00:00:00.000Z,קוריאה הדרומית,0,1,1
2021-09-04T00:00:00.000Z,גאנה,3,5,8
2021-09-04T00:00:00.000Z,דרום אפריקה,2,11,13
2021-09-04T00:00:00.000Z,סלובניה,4,0,4
2021-09-04T00:00:00.000Z,פורטו ריקו,1,0,1
2021-09-04T00:00:00.000Z,ליטא,0,2,2
2021-09-04T00:00:00.000Z,אירלנד,3,5,8
2021-09-04T00:00:00.000Z,טוגו,1,3,4
2021-09-04T00:00:00.000Z,מצרים,152,78,230
2021-09-04T00:00:00.000Z,קוסטה ריקה,1,7,8
2021-09-04T00:00:00.000Z,איסלנד,15,8,23
2021-09-04T00:00:00.000Z,אוגנדה,2,0,2
2021-09-04T00:00:00.000Z,טג'יקיסטאן,1,0,1
2021-09-04T00:00:00.000Z,יפן,0,1,1
2021-09-04T00:00:00.000Z,גאורגיה,2,4,6
2021-09-04T00:00:00.000Z,אסטוניה,2,2,4
2021-09-04T00:00:00.000Z,שוודיה,1,3,4
2021-09-04T00:00:00.000Z,גבון,2,1,3
2021-09-04T00:00:00.000Z,מונטנגרו,3,1,4
2021-09-04T00:00:00.000Z,רומניה,95,82,177
2021-09-04T00:00:00.000Z,רוסיה,7,12,19
2021-09-04T00:00:00.000Z,אנגולה,1,0,1
2021-09-04T00:00:00.000Z,לטביה,18,26,44
2021-09-04T00:00:00.000Z,מאוריציוס,2,0,2
2021-09-04T00:00:00.000Z,קובה,0,1,1
2021-09-04T00:00:00.000Z,בוטסואנה,1,0,1
2021-09-04T00:00:00.000Z,הונגריה,224,141,365
2021-09-04T00:00:00.000Z,אוקראינה,77,84,161
2021-09-04T00:00:00.000Z,לוכסמבורג,1,2,3
2021-09-04T00:00:00.000Z,קפריסין,50,21,71
2021-09-04T00:00:00.000Z,פרגוואי,2,0,2
2021-09-04T00:00:00.000Z,שוויץ,21,12,33
2021-09-04T00:00:00.000Z,בילורוסיה,0,1,1
2021-09-04T00:00:00.000Z,אוסטריה,116,57,173
2021-09-04T00:00:00.000Z,צכיה,98,66,164
2021-09-04T00:00:00.000Z,פולין,75,45,120
2021-09-04T00:00:00.000Z,פרו,3,1,4
2021-09-04T00:00:00.000Z,זמביה,2,2,4
2021-09-04T00:00:00.000Z,בולגריה,2,0,2
2021-09-04T00:00:00.000Z,מלאווי,1,182,183
2021-09-04T00:00:00.000Z,בוסניה הרצגובינה,4,2,6
2021-09-04T00:00:00.000Z,קולומביה,4,11,15
2021-09-04T00:00:00.000Z,ירדן,7,1,8
2021-09-04T00:00:00.000Z,חוף השנהב,1,0,1
2021-09-04T00:00:00.000Z,תורכיה,16,19,35
2021-09-04T00:00:00.000Z,קניה,4,1,5
2021-09-04T00:00:00.000Z,קזחסטאן,0,1,1
2021-09-04T00:00:00.000Z,ארצות הברית,252,550,802
2021-09-04T00:00:00.000Z,זימבאבווה,0,1,1
2021-09-04T00:00:00.000Z,בלגיה,3,3,6
2021-09-04T00:00:00.000Z,הרפ הדומיניקנית,1,1,2
2021-09-04T00:00:00.000Z,איחוד האמירויות הערב,12,10,22
2021-09-04T00:00:00.000Z,מקסיקו,0,1,1
2021-09-04T00:00:00.000Z,צרפת,85,87,172
2021-09-04T00:00:00.000Z,הודו,1,2,3
2021-09-04T00:00:00.000Z,גרמניה,65,63,128
2021-09-04T00:00:00.000Z,ארמניה,1,3,4
2021-09-04T00:00:00.000Z,ספרד,2,7,9
2021-09-04T00:00:00.000Z,יוון,89,53,142
2021-09-04T00:00:00.000Z,קמרון,0,4,4
2021-09-04T00:00:00.000Z,ברזיל,0,4,4
2021-09-04T00:00:00.000Z,זאיר,2,1,3
2021-09-04T00:00:00.000Z,ניגריה,3,1,4
2021-09-04T00:00:00.000Z,סרי לנקה (צילון),1,11,12
2021-09-04T00:00:00.000Z,איטליה,69,44,113
2021-09-04T00:00:00.000Z,תאילנד,2,1,3
2021-09-04T00:00:00.000Z,איי סיישל,0,2,2
2021-09-04T00:00:00.000Z,טנזניה,3,5,8
2021-09-04T00:00:00.000Z,פינלנד,3,4,7
2021-09-04T00:00:00.000Z,ארגנטינה,1,7,8
2021-09-04T00:00:00.000Z,סינגפור,0,1,1
2021-09-04T00:00:00.000Z,מרוקו,1,7,8
2021-09-04T00:00:00.000Z,כלל המדינות,1805,2326,4131
2021-09-04T00:00:00.000Z,מקאו,0,1,1
2021-09-04T00:00:00.000Z,דנמרק,2,2,4
2021-09-04T00:00:00.000Z,קרואטיה,4,6,10
2021-09-04T00:00:00.000Z,מלדיבים,5,2,7
2021-09-04T00:00:00.000Z,פורטוגל,6,10,16
2021-09-04T00:00:00.000Z,קנדה,9,62,71
2021-09-04T00:00:00.000Z,דרום סודאן,1,0,1
2021-09-04T00:00:00.000Z,הממלכה המאוחדת,35,65,100
2021-09-04T00:00:00.000Z,הולנד,31,59,90
2021-09-04T00:00:00.000Z,רואנדה,3,0,3
2021-09-04T00:00:00.000Z,אלבניה,1,1,2
2021-09-04T00:00:00.000Z,נורבגיה,0,1,1
2021-09-04T00:00:00.000Z,פיליפינים,1,4,5
2021-09-04T00:00:00.000Z,פנמה,2,2,4
2021-09-04T00:00:00.000Z,אתיופיה,15,14,29
2021-09-05T00:00:00.000Z,הונגריה,388,227,615
2021-09-05T00:00:00.000Z,סן מרינו,2,1,3
2021-09-05T00:00:00.000Z,איטליה,210,164,374
2021-09-05T00:00:00.000Z,רוסיה,64,238,302
2021-09-05T00:00:00.000Z,קוריאה הדרומית,4,7,11
2021-09-05T00:00:00.000Z,ארמניה,2,5,7
2021-09-05T00:00:00.000Z,קולומביה,1,6,7
2021-09-05T00:00:00.000Z,סרביה,2,0,2
2021-09-05T00:00:00.000Z,בוסניה הרצגובינה,19,12,31
2021-09-05T00:00:00.000Z,הודו,4,1,5
2021-09-05T00:00:00.000Z,טנזניה,2,0,2
2021-09-05T00:00:00.000Z,בילורוסיה,47,107,154
2021-09-05T00:00:00.000Z,קזחסטאן,2,4,6
2021-09-05T00:00:00.000Z,ארצות הברית,333,982,1315
2021-09-05T00:00:00.000Z,בחריין,2,1,3
2021-09-05T00:00:00.000Z,שוודיה,9,10,19
2021-09-05T00:00:00.000Z,פינלנד,1,1,2
2021-09-05T00:00:00.000Z,גאנה,1,1,2
2021-09-05T00:00:00.000Z,צרפת,265,461,726
2021-09-05T00:00:00.000Z,דרום סודאן,0,1,1
2021-09-05T00:00:00.000Z,איחוד האמירויות הערב,38,33,71
2021-09-05T00:00:00.000Z,סין,1,2,3
2021-09-05T00:00:00.000Z,מצרים,172,89,261
2021-09-05T00:00:00.000Z,פרו,0,2,2
2021-09-05T00:00:00.000Z,איסלנד,21,9,30
2021-09-05T00:00:00.000Z,אוקראינה,225,330,555
2021-09-05T00:00:00.000Z,בולגריה,14,36,50
2021-09-05T00:00:00.000Z,לוכסמבורג,2,2,4
2021-09-05T00:00:00.000Z,יפן,14,12,26
2021-09-05T00:00:00.000Z,כלל המדינות,4391,5727,10118
2021-09-05T00:00:00.000Z,פיליפינים,2,13,15
2021-09-05T00:00:00.000Z,הונג קונג,1,0,1
2021-09-05T00:00:00.000Z,חוף השנהב,1,0,1
2021-09-05T00:00:00.000Z,ארגנטינה,0,3,3
2021-09-05T00:00:00.000Z,מולדובה,78,128,206
2021-09-05T00:00:00.000Z,מאלי,1,0,1
2021-09-05T00:00:00.000Z,מונגוליה,0,1,1
2021-09-05T00:00:00.000Z,מרוקו,0,5,5
2021-09-05T00:00:00.000Z,פולין,82,62,144
2021-09-05T00:00:00.000Z,ויטנאם,0,2,2
2021-09-05T00:00:00.000Z,סנגל,1,1,2
2021-09-05T00:00:00.000Z,ירדן,79,65,144
2021-09-05T00:00:00.000Z,אלבניה,0,1,1
2021-09-05T00:00:00.000Z,תורכיה,19,36,55
2021-09-05T00:00:00.000Z,לבנון,0,1,1
2021-09-05T00:00:00.000Z,מלטה,3,1,4
2021-09-05T00:00:00.000Z,פנמה,3,3,6
2021-09-05T00:00:00.000Z,דנמרק,28,41,69
2021-09-05T00:00:00.000Z,לטביה,3,0,3
2021-09-05T00:00:00.000Z,גאורגיה,27,49,76
2021-09-05T00:00:00.000Z,מונטנגרו,1,0,1
2021-09-05T00:00:00.000Z,פורטוגל,31,22,53
2021-09-05T00:00:00.000Z,אסטוניה,1,2,3
2021-09-05T00:00:00.000Z,הרפ הדומיניקנית,0,3,3
2021-09-05T00:00:00.000Z,תוניסיה,0,1,1
2021-09-05T00:00:00.000Z,בלגיה,34,143,177
2021-09-05T00:00:00.000Z,קוסטה ריקה,8,8,16
2021-09-05T00:00:00.000Z,נפאל,0,1,1
2021-09-05T00:00:00.000Z,אזרביג'אן,48,54,102
2021-09-05T00:00:00.000Z,ספרד,2,10,12
2021-09-05T00:00:00.000Z,פרגוואי,0,1,1
2021-09-05T00:00:00.000Z,תאילנד,0,1,1
2021-09-05T00:00:00.000Z,הולנד,88,135,223
2021-09-05T00:00:00.000Z,רומניה,62,15,77
2021-09-05T00:00:00.000Z,סרי לנקה (צילון),9,4,13
2021-09-05T00:00:00.000Z,מקסיקו,0,2,2
2021-09-05T00:00:00.000Z,קרואטיה,3,6,9
2021-09-05T00:00:00.000Z,ברזיל,2,3,5
2021-09-05T00:00:00.000Z,אוסטריה,197,122,319
2021-09-05T00:00:00.000Z,אורגוואי,0,2,2
2021-09-05T00:00:00.000Z,ליטא,62,34,96
2021-09-05T00:00:00.000Z,אוסטרליה,2,8,10
2021-09-05T00:00:00.000Z,הממלכה המאוחדת,120,475,595
2021-09-05T00:00:00.000Z,קניה,1,0,1
2021-09-05T00:00:00.000Z,אירלנד,4,5,9
2021-09-05T00:00:00.000Z,קפריסין,108,45,153
2021-09-05T00:00:00.000Z,שוויץ,109,153,262
2021-09-05T00:00:00.000Z,קנדה,16,66,82
2021-09-05T00:00:00.000Z,ניגריה,2,0,2
2021-09-05T00:00:00.000Z,גרמניה,140,184,324
2021-09-05T00:00:00.000Z,איי טורקס וקייקוס,0,1,1
2021-09-05T00:00:00.000Z,צכיה,308,154,462
2021-09-05T00:00:00.000Z,קירג'זסטאן,2,3,5
2021-09-05T00:00:00.000Z,מלדיבים,11,6,17
2021-09-05T00:00:00.000Z,נורבגיה,2,3,5
2021-09-05T00:00:00.000Z,יוון,375,205,580
2021-09-05T00:00:00.000Z,אוזבקיסטן,0,2,2
2021-09-06T00:00:00.000Z,פנמה,0,3,3
2021-09-06T00:00:00.000Z,פרגוואי,0,1,1
2021-09-06T00:00:00.000Z,אנדורה,0,2,2
2021-09-06T00:00:00.000Z,אוקראינה,243,269,512
2021-09-06T00:00:00.000Z,ארצות הברית,443,956,1399
2021-09-06T00:00:00.000Z,ארמניה,0,1,1
2021-09-06T00:00:00.000Z,סינגפור,1,1,2
2021-09-06T00:00:00.000Z,אתיופיה,14,15,29
2021-09-06T00:00:00.000Z,לוכסמבורג,0,2,2
2021-09-06T00:00:00.000Z,רוסיה,114,198,312
2021-09-06T00:00:00.000Z,שוויץ,55,45,100
2021-09-06T00:00:00.000Z,אוסטרליה,1,11,12
2021-09-06T00:00:00.000Z,מרוקו,4,4,8
2021-09-06T00:00:00.000Z,רומניה,51,19,70
2021-09-06T00:00:00.000Z,קפריסין,32,20,52
2021-09-06T00:00:00.000Z,אלבניה,7,2,9
2021-09-06T00:00:00.000Z,דנמרק,2,2,4
2021-09-06T00:00:00.000Z,שוודיה,1,0,1
2021-09-06T00:00:00.000Z,ניגריה,4,0,4
2021-09-06T00:00:00.000Z,אירלנד,6,2,8
2021-09-06T00:00:00.000Z,ניקרגואה,0,1,1
2021-09-06T00:00:00.000Z,דרום אפריקה,3,21,24
2021-09-06T00:00:00.000Z,קרואטיה,1,1,2
2021-09-06T00:00:00.000Z,אזרביג'אן,0,2,2
2021-09-06T00:00:00.000Z,הרפ הדומיניקנית,2,2,4
2021-09-06T00:00:00.000Z,בוטסואנה,0,1,1
2021-09-06T00:00:00.000Z,תוניסיה,1,0,1
2021-09-06T00:00:00.000Z,קירג'זסטאן,1,1,2
2021-09-06T00:00:00.000Z,סרביה,1,5,6
2021-09-06T00:00:00.000Z,פינלנד,1,5,6
2021-09-06T00:00:00.000Z,יוון,164,75,239
2021-09-06T00:00:00.000Z,קולומביה,5,1,6
2021-09-06T00:00:00.000Z,גרמניה,143,95,238
2021-09-06T00:00:00.000Z,איטליה,109,80,189
2021-09-06T00:00:00.000Z,צ'ילה,0,3,3
2021-09-06T00:00:00.000Z,זמביה,1,2,3
2021-09-06T00:00:00.000Z,קוסטה ריקה,11,6,17
2021-09-06T00:00:00.000Z,מולדובה,1,1,2
2021-09-06T00:00:00.000Z,פיליפינים,0,4,4
2021-09-06T00:00:00.000Z,פורטוגל,63,46,109
2021-09-06T00:00:00.000Z,ירדן,53,52,105
2021-09-06T00:00:00.000Z,סלובניה,2,0,2
2021-09-06T00:00:00.000Z,מלדיבים,4,5,9
2021-09-06T00:00:00.000Z,בולגריה,8,15,23
2021-09-06T00:00:00.000Z,סלובקיה,1,5,6
2021-09-06T00:00:00.000Z,הממלכה המאוחדת,52,386,438
2021-09-06T00:00:00.000Z,ברזיל,2,4,6
2021-09-06T00:00:00.000Z,קונגו,0,1,1
2021-09-06T00:00:00.000Z,מקסיקו,0,2,2
2021-09-06T00:00:00.000Z,עירק,2,1,3
2021-09-06T00:00:00.000Z,יפן,9,12,21
2021-09-06T00:00:00.000Z,מאלי,2,0,2
2021-09-06T00:00:00.000Z,סוריה,3,7,10
2021-09-06T00:00:00.000Z,רואנדה,1,0,1
2021-09-06T00:00:00.000Z,גאנה,6,3,9
2021-09-06T00:00:00.000Z,טנזניה,17,16,33
2021-09-06T00:00:00.000Z,אורגוואי,0,2,2
2021-09-06T00:00:00.000Z,אוזבקיסטן,18,125,143
2021-09-06T00:00:00.000Z,ליטא,4,5,9
2021-09-06T00:00:00.000Z,הודו,6,84,90
2021-09-06T00:00:00.000Z,בלגיה,5,18,23
2021-09-06T00:00:00.000Z,תורכיה,13,17,30
2021-09-06T00:00:00.000Z,איסלנד,3,8,11
2021-09-06T00:00:00.000Z,צאד,2,0,2
2021-09-06T00:00:00.000Z,אוגנדה,4,1,5
2021-09-06T00:00:00.000Z,גווטאמלה,1,0,1
2021-09-06T00:00:00.000Z,צכיה,215,100,315
2021-09-06T00:00:00.000Z,הולנד,53,33,86
2021-09-06T00:00:00.000Z,צרפת,133,140,273
2021-09-06T00:00:00.000Z,קנדה,14,104,118
2021-09-06T00:00:00.000Z,ספרד,15,25,40
2021-09-06T00:00:00.000Z,מונטנגרו,17,8,25
2021-09-06T00:00:00.000Z,אסטוניה,1,0,1
2021-09-06T00:00:00.000Z,פולין,116,39,155
2021-09-06T00:00:00.000Z,סנגל,1,0,1
2021-09-06T00:00:00.000Z,בורונדי,0,1,1
2021-09-06T00:00:00.000Z,איחוד האמירויות הערב,29,19,48
2021-09-06T00:00:00.000Z,בילורוסיה,22,36,58
2021-09-06T00:00:00.000Z,כלל המדינות,3130,4025,7155
2021-09-06T00:00:00.000Z,פרו,5,7,12
2021-09-06T00:00:00.000Z,קניה,4,3,7
2021-09-06T00:00:00.000Z,תאילנד,28,47,75
2021-09-06T00:00:00.000Z,גאורגיה,8,0,8
2021-09-06T00:00:00.000Z,קזחסטאן,4,2,6
2021-09-06T00:00:00.000Z,בוסניה הרצגובינה,2,0,2
2021-09-06T00:00:00.000Z,זאיר,0,4,4
2021-09-06T00:00:00.000Z,הונגריה,123,61,184
2021-09-06T00:00:00.000Z,אוסטריה,186,88,274
2021-09-06T00:00:00.000Z,מצרים,125,60,185
2021-09-06T00:00:00.000Z,אקואדור,2,1,3
2021-09-07T00:00:00.000Z,אירלנד,2,1,3
2021-09-07T00:00:00.000Z,גרמניה,75,66,141
2021-09-07T00:00:00.000Z,תורכמניסטאן,1,0,1
2021-09-07T00:00:00.000Z,שוויץ,26,27,53
2021-09-07T00:00:00.000Z,שוודיה,0,5,5
2021-09-07T00:00:00.000Z,איי סיישל,0,4,4
2021-09-07T00:00:00.000Z,קנדה,7,26,33
2021-09-07T00:00:00.000Z,אתיופיה,4,1,5
2021-09-07T00:00:00.000Z,דרום אפריקה,1,0,1
2021-09-07T00:00:00.000Z,ארמניה,0,1,1
2021-09-07T00:00:00.000Z,ונצואלה,0,3,3
2021-09-07T00:00:00.000Z,טנזניה,0,2,2
2021-09-07T00:00:00.000Z,קזחסטאן,0,3,3
2021-09-07T00:00:00.000Z,טוגו,0,1,1
2021-09-07T00:00:00.000Z,יוון,188,54,242
2021-09-07T00:00:00.000Z,פרו,0,3,3
2021-09-07T00:00:00.000Z,סלובניה,1,0,1
2021-09-07T00:00:00.000Z,איטליה,76,31,107
2021-09-07T00:00:00.000Z,ליטא,0,4,4
2021-09-07T00:00:00.000Z,איסלנד,11,6,17
2021-09-07T00:00:00.000Z,נפאל,0,1,1
2021-09-07T00:00:00.000Z,רוסיה,78,135,213
2021-09-07T00:00:00.000Z,קרואטיה,1,2,3
2021-09-07T00:00:00.000Z,בולגריה,0,1,1
2021-09-07T00:00:00.000Z,קמרון,1,0,1
2021-09-07T00:00:00.000Z,מולדובה,33,38,71
2021-09-07T00:00:00.000Z,ברזיל,0,2,2
2021-09-07T00:00:00.000Z,מרוקו,3,2,5
2021-09-07T00:00:00.000Z,מלדיבים,5,6,11
2021-09-07T00:00:00.000Z,ארצות הברית,56,111,167
2021-09-07T00:00:00.000Z,פנמה,2,1,3
2021-09-07T00:00:00.000Z,אוסטרליה,0,1,1
2021-09-07T00:00:00.000Z,טיוואן,0,1,1
2021-09-07T00:00:00.000Z,זמביה,1,1,2
2021-09-07T00:00:00.000Z,אוסטריה,39,21,60
2021-09-07T00:00:00.000Z,סרביה,3,2,5
2021-09-07T00:00:00.000Z,קוסובו,0,3,3
2021-09-07T00:00:00.000Z,הונג קונג,5,11,16
2021-09-07T00:00:00.000Z,מצרים,134,46,180
2021-09-07T00:00:00.000Z,סין,22,30,52
2021-09-07T00:00:00.000Z,פולין,39,23,62
2021-09-07T00:00:00.000Z,אוזבקיסטן,0,3,3
2021-09-07T00:00:00.000Z,יפן,0,4,4
2021-09-07T00:00:00.000Z,כלל המדינות,1422,1405,2827
2021-09-07T00:00:00.000Z,סלובקיה,2,0,2
2021-09-07T00:00:00.000Z,אקואדור,0,1,1
2021-09-07T00:00:00.000Z,הממלכה המאוחדת,11,12,23
2021-09-07T00:00:00.000Z,בהמס,1,0,1
2021-09-07T00:00:00.000Z,סרי לנקה (צילון),0,1,1
2021-09-07T00:00:00.000Z,דנמרק,1,3,4
2021-09-07T00:00:00.000Z,ארגנטינה,0,9,9
2021-09-07T00:00:00.000Z,קפריסין,5,3,8
2021-09-07T00:00:00.000Z,אסטוניה,0,2,2
2021-09-07T00:00:00.000Z,בוסניה הרצגובינה,6,1,7
2021-09-07T00:00:00.000Z,הונגריה,177,104,281
2021-09-07T00:00:00.000Z,פיליפינים,0,11,11
2021-09-07T00:00:00.000Z,אלבניה,1,0,1
2021-09-07T00:00:00.000Z,תורכיה,8,6,14
2021-09-07T00:00:00.000Z,גאורגיה,1,0,1
2021-09-07T00:00:00.000Z,אוגנדה,1,0,1
2021-09-07T00:00:00.000Z,קוריאה הדרומית,1,0,1
2021-09-07T00:00:00.000Z,ספרד,4,2,6
2021-09-07T00:00:00.000Z,צרפת,29,27,56
2021-09-07T00:00:00.000Z,אוקראינה,83,128,211
2021-09-07T00:00:00.000Z,ערב הסעודית,2,0,2
2021-09-07T00:00:00.000Z,קניה,1,0,1
2021-09-07T00:00:00.000Z,רומניה,36,23,59
2021-09-07T00:00:00.000Z,הודו,1,3,4
2021-09-07T00:00:00.000Z,צכיה,70,36,106
2021-09-07T00:00:00.000Z,קירג'זסטאן,1,1,2
2021-09-07T00:00:00.000Z,איחוד האמירויות הערב,19,10,29
2021-09-07T00:00:00.000Z,לטביה,12,13,25
2021-09-07T00:00:00.000Z,הולנד,24,24,48
2021-09-07T00:00:00.000Z,מונטנגרו,3,1,4
2021-09-07T00:00:00.000Z,רואנדה,0,1,1
2021-09-07T00:00:00.000Z,מלאווי,0,1,1
2021-09-07T00:00:00.000Z,פורטוגל,4,8,12
2021-09-07T00:00:00.000Z,קוסטה ריקה,3,9,12
2021-09-07T00:00:00.000Z,בלגיה,7,0,7
2021-09-07T00:00:00.000Z,ירדן,2,4,6
2021-09-07T00:00:00.000Z,ניו זילנד,0,3,3
2021-09-08T00:00:00.000Z,קרואטיה,10,9,19
2021-09-08T00:00:00.000Z,אירלנד,2,2,4
2021-09-08T00:00:00.000Z,אוסטריה,188,72,260
2021-09-08T00:00:00.000Z,קפריסין,111,22,133
2021-09-08T00:00:00.000Z,בלגיה,2,1,3
2021-09-08T00:00:00.000Z,סרביה,2,0,2
2021-09-08T00:00:00.000Z,גאורגיה,21,17,38
2021-09-08T00:00:00.000Z,גווטאמלה,1,2,3
2021-09-08T00:00:00.000Z,פרו,0,4,4
2021-09-08T00:00:00.000Z,תאילנד,3,1,4
2021-09-08T00:00:00.000Z,סרי לנקה (צילון),0,1,1
2021-09-08T00:00:00.000Z,ירדן,26,24,50
2021-09-08T00:00:00.000Z,סינגפור,0,2,2
2021-09-08T00:00:00.000Z,רומניה,138,37,175
2021-09-08T00:00:00.000Z,אתיופיה,3,7,10
2021-09-08T00:00:00.000Z,צכיה,273,59,332
2021-09-08T00:00:00.000Z,גאנה,3,1,4
2021-09-08T00:00:00.000Z,פולין,53,11,64
2021-09-08T00:00:00.000Z,בולגריה,8,11,19
2021-09-08T00:00:00.000Z,קוסטה ריקה,3,15,18
2021-09-08T00:00:00.000Z,ברזיל,0,2,2
2021-09-08T00:00:00.000Z,קניה,3,3,6
2021-09-08T00:00:00.000Z,פינלנד,25,22,47
2021-09-08T00:00:00.000Z,טיוואן,0,2,2
2021-09-08T00:00:00.000Z,אוזבקיסטן,0,5,5
2021-09-08T00:00:00.000Z,מונטנגרו,1,2,3
2021-09-08T00:00:00.000Z,מלדיבים,13,14,27
2021-09-08T00:00:00.000Z,קולומביה,0,1,1
2021-09-08T00:00:00.000Z,שוויץ,23,11,34
2021-09-08T00:00:00.000Z,מוזמביק,0,3,3
2021-09-08T00:00:00.000Z,גיברלטר,0,1,1
2021-09-08T00:00:00.000Z,תורכיה,11,8,19
2021-09-08T00:00:00.000Z,גרמניה,87,76,163
2021-09-08T00:00:00.000Z,הממלכה המאוחדת,25,25,50
2021-09-08T00:00:00.000Z,מצרים,309,83,392
2021-09-08T00:00:00.000Z,איסלנד,3,1,4
2021-09-08T00:00:00.000Z,איחוד האמירויות הערב,35,17,52
2021-09-08T00:00:00.000Z,כלל המדינות,2546,1840,4386
2021-09-08T00:00:00.000Z,דנמרק,13,2,15
2021-09-08T00:00:00.000Z,מקדוניה,2,0,2
2021-09-08T00:00:00.000Z,סלובניה,0,1,1
2021-09-08T00:00:00.000Z,רוסיה,34,102,136
2021-09-08T00:00:00.000Z,ספרד,8,3,11
2021-09-08T00:00:00.000Z,טנזניה,5,11,16
2021-09-08T00:00:00.000Z,ליבריה,0,1,1
2021-09-08T00:00:00.000Z,מרוקו,0,1,1
2021-09-08T00:00:00.000Z,צרפת,77,53,130
2021-09-08T00:00:00.000Z,אזרביג'אן,2,0,2
2021-09-08T00:00:00.000Z,קנדה,14,26,40
2021-09-08T00:00:00.000Z,זאיר,0,1,1
2021-09-08T00:00:00.000Z,קוריאה הדרומית,0,1,1
2021-09-08T00:00:00.000Z,ראוניון,0,1,1
2021-09-08T00:00:00.000Z,איטליה,74,46,120
2021-09-08T00:00:00.000Z,איי סיישל,34,6,40
2021-09-08T00:00:00.000Z,אלבניה,1,0,1
2021-09-08T00:00:00.000Z,יוון,129,44,173
2021-09-08T00:00:00.000Z,שוודיה,2,3,5
2021-09-08T00:00:00.000Z,ארצות הברית,128,219,347
2021-09-08T00:00:00.000Z,יפן,1,4,5
2021-09-08T00:00:00.000Z,קזחסטאן,2,3,5
2021-09-08T00:00:00.000Z,הולנד,70,26,96
2021-09-08T00:00:00.000Z,פורטוגל,20,9,29
2021-09-08T00:00:00.000Z,הונגריה,253,85,338
2021-09-08T00:00:00.000Z,בוסניה הרצגובינה,8,2,10
2021-09-08T00:00:00.000Z,זמביה,1,0,1
2021-09-08T00:00:00.000Z,אסטוניה,2,1,3
2021-09-08T00:00:00.000Z,ארמניה,2,6,8
2021-09-08T00:00:00.000Z,ניגריה,0,1,1
2021-09-08T00:00:00.000Z,אוסטרליה,0,3,3
2021-09-08T00:00:00.000Z,אוקראינה,171,207,378
2021-09-08T00:00:00.000Z,ערב הסעודית,1,1,2
2021-09-08T00:00:00.000Z,מולדובה,0,1,1
2021-09-09T00:00:00.000Z,קפריסין,201,84,285
2021-09-09T00:00:00.000Z,הרפ הדומיניקנית,2,0,2
2021-09-09T00:00:00.000Z,בילורוסיה,61,79,140
2021-09-09T00:00:00.000Z,בלגיה,35,54,89
2021-09-09T00:00:00.000Z,סרי לנקה (צילון),0,1,1
2021-09-09T00:00:00.000Z,גינאה המשוונית,1,0,1
2021-09-09T00:00:00.000Z,קרואטיה,2,1,3
2021-09-09T00:00:00.000Z,ערב הסעודית,2,0,2
2021-09-09T00:00:00.000Z,הונגריה,352,246,598
2021-09-09T00:00:00.000Z,סרביה,8,4,12
2021-09-09T00:00:00.000Z,קזחסטאן,2,2,4
2021-09-09T00:00:00.000Z,לבנון,0,3,3
2021-09-09T00:00:00.000Z,טנזניה,4,3,7
2021-09-09T00:00:00.000Z,כלל המדינות,8306,11430,19736
2021-09-09T00:00:00.000Z,מצרים,275,92,367
2021-09-09T00:00:00.000Z,קניה,1,0,1
2021-09-09T00:00:00.000Z,גינאה,0,1,1
2021-09-09T00:00:00.000Z,יפן,1,4,5
2021-09-09T00:00:00.000Z,רוסיה,61,102,163
2021-09-09T00:00:00.000Z,איחוד האמירויות הערב,30,22,52
2021-09-09T00:00:00.000Z,אירלנד,3,2,5
2021-09-09T00:00:00.000Z,צכיה,246,79,325
2021-09-09T00:00:00.000Z,דומיניקה,0,2,2
2021-09-09T00:00:00.000Z,קירג'זסטאן,2,1,3
2021-09-09T00:00:00.000Z,אזרביג'אן,34,35,69
2021-09-09T00:00:00.000Z,ארגנטינה,0,2,2
2021-09-09T00:00:00.000Z,לסוטו,0,1,1
2021-09-09T00:00:00.000Z,נורבגיה,0,3,3
2021-09-09T00:00:00.000Z,שוויץ,55,31,86
2021-09-09T00:00:00.000Z,טג'יקיסטאן,0,1,1
2021-09-09T00:00:00.000Z,ניגריה,3,2,5
2021-09-09T00:00:00.000Z,אוזבקיסטן,0,3,3
2021-09-09T00:00:00.000Z,איטליה,196,100,296
2021-09-09T00:00:00.000Z,איסלנד,27,13,40
2021-09-09T00:00:00.000Z,פרו,0,9,9
2021-09-09T00:00:00.000Z,ארצות הברית,265,464,729
2021-09-09T00:00:00.000Z,קובה,0,1,1
2021-09-09T00:00:00.000Z,אתיופיה,4,5,9
2021-09-09T00:00:00.000Z,אלבניה,1,0,1
2021-09-09T00:00:00.000Z,ברזיל,0,2,2
2021-09-09T00:00:00.000Z,גאנה,1,0,1
2021-09-09T00:00:00.000Z,קנדה,20,36,56
2021-09-09T00:00:00.000Z,תאילנד,0,1,1
2021-09-09T00:00:00.000Z,גאורגיה,148,34,182
2021-09-09T00:00:00.000Z,סנגל,0,1,1
2021-09-09T00:00:00.000Z,ליטא,63,17,80
2021-09-09T00:00:00.000Z,מולדובה,130,401,531
2021-09-09T00:00:00.000Z,דנמרק,51,19,70
2021-09-09T00:00:00.000Z,הודו,7,4,11
2021-09-09T00:00:00.000Z,מאלי,3,1,4
2021-09-09T00:00:00.000Z,ארמניה,15,11,26
2021-09-09T00:00:00.000Z,גרמניה,159,128,287
2021-09-09T00:00:00.000Z,קוריאה הדרומית,0,4,4
2021-09-09T00:00:00.000Z,איי סיישל,0,2,2
2021-09-09T00:00:00.000Z,פורטוגל,27,14,41
2021-09-09T00:00:00.000Z,ירדן,293,133,426
2021-09-09T00:00:00.000Z,סוריה,1,4,5
2021-09-09T00:00:00.000Z,מלדיבים,18,7,25
2021-09-09T00:00:00.000Z,גווטאמלה,1,1,2
2021-09-09T00:00:00.000Z,קולומביה,2,6,8
2021-09-09T00:00:00.000Z,נמיביה,0,2,2
2021-09-09T00:00:00.000Z,גיברלטר,1,0,1
2021-09-09T00:00:00.000Z,אורגוואי,1,1,2
2021-09-09T00:00:00.000Z,פיליפינים,0,14,14
2021-09-09T00:00:00.000Z,סט וינסנט,2,2,4
2021-09-09T00:00:00.000Z,ספרד,28,29,57
2021-09-09T00:00:00.000Z,הונדורס,0,1,1
2021-09-09T00:00:00.000Z,זימבאבווה,0,2,2
2021-09-09T00:00:00.000Z,פולין,144,79,223
2021-09-09T00:00:00.000Z,הממלכה המאוחדת,178,246,424
2021-09-09T00:00:00.000Z,צ'ילה,0,1,1
2021-09-09T00:00:00.000Z,בוסניה הרצגובינה,3,4,7
2021-09-09T00:00:00.000Z,צרפת,240,321,561
2021-09-09T00:00:00.000Z,דרום אפריקה,3,9,12
2021-09-09T00:00:00.000Z,איי קוק,1,1,2
2021-09-09T00:00:00.000Z,פינלנד,1,0,1
2021-09-09T00:00:00.000Z,רומניה,144,51,195
2021-09-09T00:00:00.000Z,סלובקיה,0,3,3
2021-09-09T00:00:00.000Z,יוון,458,130,588
2021-09-09T00:00:00.000Z,מרוקו,1,2,3
2021-09-09T00:00:00.000Z,פנמה,0,1,1
2021-09-09T00:00:00.000Z,עומן,1,0,1
2021-09-09T00:00:00.000Z,אסטוניה,1,0,1
2021-09-09T00:00:00.000Z,סין,2,8,10
2021-09-09T00:00:00.000Z,אוסטריה,130,99,229
2021-09-09T00:00:00.000Z,אוסטרליה,0,5,5
2021-09-09T00:00:00.000Z,ניו זילנד,3,1,4
2021-09-09T00:00:00.000Z,אוקראינה,3505,7169,10674
2021-09-09T00:00:00.000Z,שוודיה,10,15,25
2021-09-09T00:00:00.000Z,תורכיה,24,56,80
2021-09-09T00:00:00.000Z,הולנד,77,63,140
2021-09-10T00:00:00.000Z,סלובניה,5,0,5
2021-09-10T00:00:00.000Z,קזחסטאן,1,2,3
2021-09-10T00:00:00.000Z,מלדיבים,48,14,62
2021-09-10T00:00:00.000Z,פנמה,2,1,3
2021-09-10T00:00:00.000Z,צרפת,127,112,239
2021-09-10T00:00:00.000Z,מצרים,388,161,549
2021-09-10T00:00:00.000Z,הונג קונג,0,1,1
2021-09-10T00:00:00.000Z,מאלי,0,2,2
2021-09-10T00:00:00.000Z,ארמניה,2,2,4
2021-09-10T00:00:00.000Z,סרביה,0,2,2
2021-09-10T00:00:00.000Z,סלובקיה,112,28,140
2021-09-10T00:00:00.000Z,קניה,1,0,1
2021-09-10T00:00:00.000Z,יפן,0,2,2
2021-09-10T00:00:00.000Z,קרואטיה,6,5,11
2021-09-10T00:00:00.000Z,ניו זילנד,0,1,1
2021-09-10T00:00:00.000Z,פרגוואי,0,8,8
2021-09-10T00:00:00.000Z,סינגפור,0,3,3
2021-09-10T00:00:00.000Z,ארגנטינה,0,6,6
2021-09-10T00:00:00.000Z,תורכמניסטאן,0,1,1
2021-09-10T00:00:00.000Z,פולין,223,176,399
2021-09-10T00:00:00.000Z,סוריה,3,2,5
2021-09-10T00:00:00.000Z,קנדה,43,98,141
2021-09-10T00:00:00.000Z,רוסיה,163,195,358
2021-09-10T00:00:00.000Z,דרום אפריקה,0,1,1
2021-09-10T00:00:00.000Z,סין,11,7,18
2021-09-10T00:00:00.000Z,תאילנד,0,3,3
2021-09-10T00:00:00.000Z,שוויץ,170,66,236
2021-09-10T00:00:00.000Z,צכיה,423,146,569
2021-09-10T00:00:00.000Z,גרמניה,188,90,278
2021-09-10T00:00:00.000Z,בולגריה,22,35,57
2021-09-10T00:00:00.000Z,הולנד,56,37,93
2021-09-10T00:00:00.000Z,גווטאמלה,0,2,2
2021-09-10T00:00:00.000Z,מרוקו,1,4,5
2021-09-10T00:00:00.000Z,כלל המדינות,7004,9261,16265
2021-09-10T00:00:00.000Z,פורטוגל,6,5,11
2021-09-10T00:00:00.000Z,סרי לנקה (צילון),0,2,2
2021-09-10T00:00:00.000Z,בוטסואנה,1,0,1
2021-09-10T00:00:00.000Z,הונגריה,509,216,725
2021-09-10T00:00:00.000Z,ליטא,0,2,2
2021-09-10T00:00:00.000Z,נורבגיה,0,1,1
2021-09-10T00:00:00.000Z,ספרד,48,37,85
2021-09-10T00:00:00.000Z,קוריאה הדרומית,1,0,1
2021-09-10T00:00:00.000Z,אקואדור,2,1,3
2021-09-10T00:00:00.000Z,גאורגיה,15,25,40
2021-09-10T00:00:00.000Z,מונטנגרו,151,15,166
2021-09-10T00:00:00.000Z,בלגיה,3,10,13
2021-09-10T00:00:00.000Z,קולומביה,0,4,4
2021-09-10T00:00:00.000Z,אוקראינה,1521,5072,6593
2021-09-10T00:00:00.000Z,הודו,0,3,3
2021-09-10T00:00:00.000Z,קוסטה ריקה,12,34,46
2021-09-10T00:00:00.000Z,פרו,4,5,9
2021-09-10T00:00:00.000Z,הרפ הדומיניקנית,1,2,3
2021-09-10T00:00:00.000Z,ויטנאם,0,1,1
2021-09-10T00:00:00.000Z,איטליה,285,122,407
2021-09-10T00:00:00.000Z,קפריסין,96,20,116
2021-09-10T00:00:00.000Z,אוזבקיסטן,0,1,1
2021-09-10T00:00:00.000Z,ניגריה,0,1,1
2021-09-10T00:00:00.000Z,אינדונזיה,0,2,2
2021-09-10T00:00:00.000Z,ערב הסעודית,0,3,3
2021-09-10T00:00:00.000Z,חוף השנהב,1,0,1
2021-09-10T00:00:00.000Z,ירדן,2,4,6
2021-09-10T00:00:00.000Z,ארצות הברית,582,1181,1763
2021-09-10T00:00:00.000Z,איסלנד,6,5,11
2021-09-10T00:00:00.000Z,אלבניה,1,0,1
2021-09-10T00:00:00.000Z,אזרביג'אן,1,0,1
2021-09-10T00:00:00.000Z,איחוד האמירויות הערב,59,21,80
2021-09-10T00:00:00.000Z,קטר,0,2,2
2021-09-10T00:00:00.000Z,נפאל,0,1,1
2021-09-10T00:00:00.000Z,פינלנד,52,32,84
2021-09-10T00:00:00.000Z,מלטה,0,1,1
2021-09-10T00:00:00.000Z,בוסניה הרצגובינה,9,2,11
2021-09-10T00:00:00.000Z,לטביה,3,0,3
2021-09-10T00:00:00.000Z,ונצואלה,1,7,8
2021-09-10T00:00:00.000Z,אורגוואי,1,2,3
2021-09-10T00:00:00.000Z,מולדובה,50,56,106
2021-09-10T00:00:00.000Z,דנמרק,7,2,9
2021-09-10T00:00:00.000Z,רומניה,62,64,126
2021-09-10T00:00:00.000Z,אוסטרליה,3,7,10
2021-09-10T00:00:00.000Z,אוסטריה,505,211,716
2021-09-10T00:00:00.000Z,ברזיל,1,8,9
2021-09-10T00:00:00.000Z,תורכיה,38,50,88
2021-09-10T00:00:00.000Z,אירלנד,5,1,6
2021-09-10T00:00:00.000Z,שוודיה,2,2,4
2021-09-10T00:00:00.000Z,הממלכה המאוחדת,87,102,189
2021-09-10T00:00:00.000Z,אסטוניה,2,0,2
2021-09-10T00:00:00.000Z,יוון,488,153,641
2021-09-10T00:00:00.000Z,גאנה,1,0,1
2021-09-11T00:00:00.000Z,תאילנד,0,1,1
2021-09-11T00:00:00.000Z,קוסטה ריקה,2,2,4
2021-09-11T00:00:00.000Z,קפריסין,232,28,260
2021-09-11T00:00:00.000Z,צרפת,340,110,450
2021-09-11T00:00:00.000Z,פנמה,3,7,10
2021-09-11T00:00:00.000Z,אוקראינה,299,179,478
2021-09-11T00:00:00.000Z,ספרד,17,10,27
2021-09-11T00:00:00.000Z,גאנה,1,1,2
2021-09-11T00:00:00.000Z,הודו,1,0,1
2021-09-11T00:00:00.000Z,מקסיקו,0,4,4
2021-09-11T00:00:00.000Z,גווטאמלה,0,1,1
2021-09-11T00:00:00.000Z,אקואדור,3,4,7
2021-09-11T00:00:00.000Z,פינלנד,3,1,4
2021-09-11T00:00:00.000Z,ניגריה,2,1,3
2021-09-11T00:00:00.000Z,מאוריציוס,3,0,3
2021-09-11T00:00:00.000Z,קולומביה,0,2,2
2021-09-11T00:00:00.000Z,אזרביג'אן,3,1,4
2021-09-11T00:00:00.000Z,סרביה,6,4,10
2021-09-11T00:00:00.000Z,סלובניה,2,2,4
2021-09-11T00:00:00.000Z,קובה,1,0,1
2021-09-11T00:00:00.000Z,טג'יקיסטאן,0,2,2
2021-09-11T00:00:00.000Z,נמיביה,0,1,1
2021-09-11T00:00:00.000Z,קרואטיה,8,2,10
2021-09-11T00:00:00.000Z,כלל המדינות,6107,2404,8511
2021-09-11T00:00:00.000Z,הרפ הדומיניקנית,2,1,3
2021-09-11T00:00:00.000Z,גרמניה,271,89,360
2021-09-11T00:00:00.000Z,בהמס,1,0,1
2021-09-11T00:00:00.000Z,יוון,570,111,681
2021-09-11T00:00:00.000Z,הממלכה המאוחדת,125,62,187
2021-09-11T00:00:00.000Z,אלבניה,1,0,1
2021-09-11T00:00:00.000Z,פיליפינים,1,0,1
2021-09-11T00:00:00.000Z,בולגריה,1,5,6
2021-09-11T00:00:00.000Z,מונקו,0,2,2
2021-09-11T00:00:00.000Z,אוגנדה,1,1,2
2021-09-11T00:00:00.000Z,הונג קונג,1,0,1
2021-09-11T00:00:00.000Z,מצרים,841,206,1047
2021-09-11T00:00:00.000Z,הונדורס,1,0,1
2021-09-11T00:00:00.000Z,פורטוגל,10,8,18
2021-09-11T00:00:00.000Z,קניה,3,3,6
2021-09-11T00:00:00.000Z,אוסטרליה,0,1,1
2021-09-11T00:00:00.000Z,סלובקיה,63,12,75
2021-09-11T00:00:00.000Z,בלגיה,6,4,10
2021-09-11T00:00:00.000Z,קזחסטאן,0,1,1
2021-09-11T00:00:00.000Z,יפן,0,4,4
2021-09-11T00:00:00.000Z,בוסניה הרצגובינה,4,1,5
2021-09-11T00:00:00.000Z,אתיופיה,6,8,14
2021-09-11T00:00:00.000Z,סין,0,1,1
2021-09-11T00:00:00.000Z,קנדה,40,64,104
2021-09-11T00:00:00.000Z,נורבגיה,2,2,4
2021-09-11T00:00:00.000Z,רוסיה,8,3,11
2021-09-11T00:00:00.000Z,טנזניה,8,10,18
2021-09-11T00:00:00.000Z,אנגולה,3,0,3
2021-09-11T00:00:00.000Z,ארצות הברית,350,452,802
2021-09-11T00:00:00.000Z,פרו,3,7,10
2021-09-11T00:00:00.000Z,שוויץ,88,17,105
2021-09-11T00:00:00.000Z,מרוקו,2,2,4
2021-09-11T00:00:00.000Z,צכיה,640,88,728
2021-09-11T00:00:00.000Z,איחוד האמירויות הערב,70,21,91
2021-09-11T00:00:00.000Z,מלטה,2,0,2
2021-09-11T00:00:00.000Z,גאורגיה,42,27,69
2021-09-11T00:00:00.000Z,אסטוניה,3,0,3
2021-09-11T00:00:00.000Z,לוכסמבורג,1,1,2
2021-09-11T00:00:00.000Z,ליטא,11,1,12
2021-09-11T00:00:00.000Z,איסלנד,22,7,29
2021-09-11T00:00:00.000Z,מאלי,2,0,2
2021-09-11T00:00:00.000Z,לטביה,32,13,45
2021-09-11T00:00:00.000Z,זאיר,1,0,1
2021-09-11T00:00:00.000Z,מלדיבים,38,14,52
2021-09-11T00:00:00.000Z,ניו זילנד,0,2,2
2021-09-11T00:00:00.000Z,פולין,224,33,257
2021-09-11T00:00:00.000Z,סרי לנקה (צילון),0,5,5
2021-09-11T00:00:00.000Z,דרום אפריקה,8,18,26
2021-09-11T00:00:00.000Z,ארמניה,1,2,3
2021-09-11T00:00:00.000Z,איטליה,282,64,346
2021-09-11T00:00:00.000Z,זמביה,2,1,3
2021-09-11T00:00:00.000Z,רואנדה,0,1,1
2021-09-11T00:00:00.000Z,בחריין,0,1,1
2021-09-11T00:00:00.000Z,תורכיה,25,16,41
2021-09-11T00:00:00.000Z,דנמרק,11,0,11
2021-09-11T00:00:00.000Z,אוסטריה,342,51,393
2021-09-11T00:00:00.000Z,מונטנגרו,2,3,5
2021-09-11T00:00:00.000Z,רומניה,315,58,373
2021-09-11T00:00:00.000Z,הולנד,98,61,159
2021-09-11T00:00:00.000Z,הונגריה,428,106,534
2021-09-11T00:00:00.000Z,אירן,0,1,1
2021-09-11T00:00:00.000Z,ירדן,2,1,3
2021-09-11T00:00:00.000Z,שוודיה,7,14,21
2021-09-12T00:00:00.000Z,ירדן,213,84,297
2021-09-12T00:00:00.000Z,איי סיישל,53,7,60
2021-09-12T00:00:00.000Z,איסלנד,35,13,48
2021-09-12T00:00:00.000Z,יפן,0,2,2
2021-09-12T00:00:00.000Z,יוון,1107,312,1419
2021-09-12T00:00:00.000Z,ארצות הברית,354,534,888
2021-09-12T00:00:00.000Z,אלבניה,2,0,2
2021-09-12T00:00:00.000Z,קוסטה ריקה,6,17,23
2021-09-12T00:00:00.000Z,סלובקיה,1,2,3
2021-09-12T00:00:00.000Z,הולנד,127,128,255
2021-09-12T00:00:00.000Z,תאילנד,39,223,262
2021-09-12T00:00:00.000Z,אסטוניה,7,5,12
2021-09-12T00:00:00.000Z,אקואדור,1,0,1
2021-09-12T00:00:00.000Z,איטליה,462,156,618
2021-09-12T00:00:00.000Z,פרו,0,2,2
2021-09-12T00:00:00.000Z,סוריה,3,1,4
2021-09-12T00:00:00.000Z,צכיה,352,61,413
2021-09-12T00:00:00.000Z,דנמרק,45,41,86
2021-09-12T00:00:00.000Z,ארגנטינה,1,13,14
2021-09-12T00:00:00.000Z,צרפת,431,430,861
2021-09-12T00:00:00.000Z,גאנה,0,1,1
2021-09-12T00:00:00.000Z,פולין,136,36,172
2021-09-12T00:00:00.000Z,קוריאה הדרומית,2,2,4
2021-09-12T00:00:00.000Z,קזחסטאן,4,3,7
2021-09-12T00:00:00.000Z,בוסניה הרצגובינה,11,0,11
2021-09-12T00:00:00.000Z,סיירה ליאונה,0,1,1
2021-09-12T00:00:00.000Z,מוזמביק,2,1,3
2021-09-12T00:00:00.000Z,מונטנגרו,1,0,1
2021-09-12T00:00:00.000Z,אוקראינה,493,1261,1754
2021-09-12T00:00:00.000Z,כלל המדינות,8130,6215,14345
2021-09-12T00:00:00.000Z,הונגריה,455,139,594
2021-09-12T00:00:00.000Z,מקסיקו,0,1,1
2021-09-12T00:00:00.000Z,הונדורס,1,0,1
2021-09-12T00:00:00.000Z,ניגריה,1,1,2
2021-09-12T00:00:00.000Z,אזרביג'אן,53,34,87
2021-09-12T00:00:00.000Z,אירלנד,2,4,6
2021-09-12T00:00:00.000Z,בולגריה,4,31,35
2021-09-12T00:00:00.000Z,מקאו,1,0,1
2021-09-12T00:00:00.000Z,הודו,1,3,4
2021-09-12T00:00:00.000Z,מולדובה,105,150,255
2021-09-12T00:00:00.000Z,גאורגיה,343,55,398
2021-09-12T00:00:00.000Z,פנמה,1,2,3
2021-09-12T00:00:00.000Z,איי טורקס וקייקוס,1,1,2
2021-09-12T00:00:00.000Z,גרנדה,1,0,1
2021-09-12T00:00:00.000Z,שוודיה,11,7,18
2021-09-12T00:00:00.000Z,הממלכה המאוחדת,264,385,649
2021-09-12T00:00:00.000Z,ברזיל,2,2,4
2021-09-12T00:00:00.000Z,אורגוואי,0,6,6
2021-09-12T00:00:00.000Z,פורטוגל,76,43,119
2021-09-12T00:00:00.000Z,קירג'זסטאן,0,2,2
2021-09-12T00:00:00.000Z,מאלי,1,1,2
2021-09-12T00:00:00.000Z,מרוקו,5,4,9
2021-09-12T00:00:00.000Z,בלגיה,33,61,94
2021-09-12T00:00:00.000Z,מלטה,1,1,2
2021-09-12T00:00:00.000Z,קנדה,32,69,101
2021-09-12T00:00:00.000Z,ליטא,94,37,131
2021-09-12T00:00:00.000Z,סרי לנקה (צילון),1,2,3
2021-09-12T00:00:00.000Z,רואנדה,0,2,2
2021-09-12T00:00:00.000Z,קפריסין,255,51,306
2021-09-12T00:00:00.000Z,אוסטרליה,1,17,18
2021-09-12T00:00:00.000Z,ספרד,50,41,91
2021-09-12T00:00:00.000Z,בהמס,2,0,2
2021-09-12T00:00:00.000Z,גווטאמלה,2,0,2
2021-09-12T00:00:00.000Z,דרום אפריקה,0,2,2
2021-09-12T00:00:00.000Z,פיליפינים,0,4,4
2021-09-12T00:00:00.000Z,נורבגיה,3,1,4
2021-09-12T00:00:00.000Z,קרואטיה,23,8,31
2021-09-12T00:00:00.000Z,סרביה,6,5,11
2021-09-12T00:00:00.000Z,קולומביה,1,4,5
2021-09-12T00:00:00.000Z,הרפ הדומיניקנית,7,2,9
2021-09-12T00:00:00.000Z,שוויץ,294,185,479
2021-09-12T00:00:00.000Z,לבנון,0,2,2
2021-09-12T00:00:00.000Z,פרגוואי,0,1,1
2021-09-12T00:00:00.000Z,רומניה,172,48,220
2021-09-12T00:00:00.000Z,אוסטריה,354,87,441
2021-09-12T00:00:00.000Z,סינגפור,2,3,5
2021-09-12T00:00:00.000Z,ונצואלה,0,5,5
2021-09-12T00:00:00.000Z,איחוד האמירויות הערב,60,39,99
2021-09-12T00:00:00.000Z,סלובניה,4,1,5
2021-09-12T00:00:00.000Z,ארמניה,0,2,2
2021-09-12T00:00:00.000Z,גויאנה הצרפתית,1,0,1
2021-09-12T00:00:00.000Z,גרמניה,324,187,511
2021-09-12T00:00:00.000Z,מצרים,471,109,580
2021-09-12T00:00:00.000Z,בילורוסיה,58,57,115
2021-09-12T00:00:00.000Z,טנזניה,1,3,4
2021-09-12T00:00:00.000Z,רוסיה,97,186,283
2021-09-12T00:00:00.000Z,בחריין,1,0,1
2021-09-12T00:00:00.000Z,לוכסמבורג,0,1,1
2021-09-12T00:00:00.000Z,תורכיה,30,52,82
2021-09-12T00:00:00.000Z,לטביה,4,0,4
2021-09-12T00:00:00.000Z,אוזבקיסטן,1,0,1
2021-09-12T00:00:00.000Z,מלדיבים,44,13,57
2021-09-12T00:00:00.000Z,הונג קונג,0,2,2
2021-09-13T00:00:00.000Z,שוויץ,139,64,203
2021-09-13T00:00:00.000Z,איחוד האמירויות הערב,68,20,88
2021-09-13T00:00:00.000Z,קניה,1,4,5
2021-09-13T00:00:00.000Z,הונגריה,361,115,476
2021-09-13T00:00:00.000Z,פנמה,4,23,27
2021-09-13T00:00:00.000Z,אוקראינה,276,1095,1371
2021-09-13T00:00:00.000Z,זמביה,2,2,4
2021-09-13T00:00:00.000Z,מקסיקו,0,18,18
2021-09-13T00:00:00.000Z,קזחסטאן,3,2,5
2021-09-13T00:00:00.000Z,אירלנד,3,4,7
2021-09-13T00:00:00.000Z,קובה,0,1,1
2021-09-13T00:00:00.000Z,הודו,17,95,112
2021-09-13T00:00:00.000Z,קפריסין,117,35,152
2021-09-13T00:00:00.000Z,פרו,2,4,6
2021-09-13T00:00:00.000Z,קולומביה,3,2,5
2021-09-13T00:00:00.000Z,לבנון,0,1,1
2021-09-13T00:00:00.000Z,ספרד,52,40,92
2021-09-13T00:00:00.000Z,רוסיה,174,201,375
2021-09-13T00:00:00.000Z,סלובקיה,54,8,62
2021-09-13T00:00:00.000Z,קנדה,44,311,355
2021-09-13T00:00:00.000Z,ארמניה,1,17,18
2021-09-13T00:00:00.000Z,נורבגיה,0,3,3
2021-09-13T00:00:00.000Z,הונדורס,3,0,3
2021-09-13T00:00:00.000Z,רפ מרכז אפריקנית,0,1,1
2021-09-13T00:00:00.000Z,תורכיה,25,58,83
2021-09-13T00:00:00.000Z,לטביה,1,0,1
2021-09-13T00:00:00.000Z,איסלנד,21,4,25
2021-09-13T00:00:00.000Z,ארגנטינה,0,5,5
2021-09-13T00:00:00.000Z,קוסטה ריקה,2,5,7
2021-09-13T00:00:00.000Z,אורגוואי,0,5,5
2021-09-13T00:00:00.000Z,ברזיל,4,2,6
2021-09-13T00:00:00.000Z,צרפת,357,315,672
2021-09-13T00:00:00.000Z,זימבאבווה,0,1,1
2021-09-13T00:00:00.000Z,אוגנדה,3,4,7
2021-09-13T00:00:00.000Z,אוזבקיסטן,11,58,69
2021-09-13T00:00:00.000Z,מונטנגרו,64,9,73
2021-09-13T00:00:00.000Z,סרי לנקה (צילון),1,1,2
2021-09-13T00:00:00.000Z,פורטוגל,14,10,24
2021-09-13T00:00:00.000Z,סוריה,1,4,5
2021-09-13T00:00:00.000Z,אתיופיה,14,13,27
2021-09-13T00:00:00.000Z,חוף השנהב,2,1,3
2021-09-13T00:00:00.000Z,גרמניה,300,144,444
2021-09-13T00:00:00.000Z,דנמרק,5,5,10
2021-09-13T00:00:00.000Z,מוזמביק,2,0,2
2021-09-13T00:00:00.000Z,אזרביג'אן,0,21,21
2021-09-13T00:00:00.000Z,מרוקו,3,0,3
2021-09-13T00:00:00.000Z,אוסטריה,477,116,593
2021-09-13T00:00:00.000Z,גאורגיה,19,17,36
2021-09-13T00:00:00.000Z,ארצות הברית,477,1895,2372
2021-09-13T00:00:00.000Z,בוסניה הרצגובינה,10,5,15
2021-09-13T00:00:00.000Z,גאנה,3,0,3
2021-09-13T00:00:00.000Z,יוון,341,152,493
2021-09-13T00:00:00.000Z,בלגיה,49,174,223
2021-09-13T00:00:00.000Z,הרפ הדומיניקנית,1,0,1
2021-09-13T00:00:00.000Z,הולנד,19,17,36
2021-09-13T00:00:00.000Z,רומניה,289,68,357
2021-09-13T00:00:00.000Z,אוסטרליה,1,5,6
2021-09-13T00:00:00.000Z,נמיביה,1,1,2
2021-09-13T00:00:00.000Z,בילורוסיה,0,2,2
2021-09-13T00:00:00.000Z,גווטאמלה,4,2,6
2021-09-13T00:00:00.000Z,אסטוניה,2,1,3
2021-09-13T00:00:00.000Z,מצרים,246,69,315
2021-09-13T00:00:00.000Z,גיברלטר,1,0,1
2021-09-13T00:00:00.000Z,ליטא,2,0,2
2021-09-13T00:00:00.000Z,איטליה,296,98,394
2021-09-13T00:00:00.000Z,תאילנד,1,1,2
2021-09-13T00:00:00.000Z,הממלכה המאוחדת,263,545,808
2021-09-13T00:00:00.000Z,ירדן,65,107,172
2021-09-13T00:00:00.000Z,הונג קונג,0,2,2
2021-09-13T00:00:00.000Z,קרואטיה,8,8,16
2021-09-13T00:00:00.000Z,צכיה,386,92,478
2021-09-13T00:00:00.000Z,אל סלבדור,0,1,1
2021-09-13T00:00:00.000Z,כלל המדינות,6051,7129,13180
2021-09-13T00:00:00.000Z,פינלנד,3,0,3
2021-09-13T00:00:00.000Z,מלדיבים,47,6,53
2021-09-13T00:00:00.000Z,יפן,0,2,2
2021-09-13T00:00:00.000Z,טנזניה,9,5,14
2021-09-13T00:00:00.000Z,מונקו,5,1,6
2021-09-13T00:00:00.000Z,מלאווי,0,1,1
2021-09-13T00:00:00.000Z,ניגריה,2,3,5
2021-09-13T00:00:00.000Z,בוטסואנה,2,0,2
2021-09-13T00:00:00.000Z,מלזיה,1,0,1
2021-09-13T00:00:00.000Z,מלטה,1,0,1
2021-09-13T00:00:00.000Z,סרביה,1,1,2
2021-09-13T00:00:00.000Z,רואנדה,5,1,6
2021-09-13T00:00:00.000Z,מאלי,3,0,3
2021-09-13T00:00:00.000Z,פולין,310,126,436
2021-09-13T00:00:00.000Z,קירג'זסטאן,1,1,2
2021-09-13T00:00:00.000Z,שוודיה,4,4,8
2021-09-13T00:00:00.000Z,פיליפינים,0,2,2
2021-09-13T00:00:00.000Z,לוכסמבורג,9,5,14
2021-09-13T00:00:00.000Z,דרום אפריקה,17,31,48
2021-09-13T00:00:00.000Z,בולגריה,6,23,29
2021-09-13T00:00:00.000Z,דומיניקה,0,1,1
2021-09-14T00:00:00.000Z,ברזיל,3,3,6
2021-09-14T00:00:00.000Z,מלדיבים,20,17,37
2021-09-14T00:00:00.000Z,ליטא,4,3,7
2021-09-14T00:00:00.000Z,בוסניה הרצגובינה,5,4,9
2021-09-14T00:00:00.000Z,יוון,847,241,1088
2021-09-14T00:00:00.000Z,דרום אפריקה,6,8,14
2021-09-14T00:00:00.000Z,פנמה,4,32,36
2021-09-14T00:00:00.000Z,אנגולה,1,0,1
2021-09-14T00:00:00.000Z,ירדן,35,29,64
2021-09-14T00:00:00.000Z,ארצות הברית,457,1483,1940
2021-09-14T00:00:00.000Z,לטביה,19,17,36
2021-09-14T00:00:00.000Z,מונטנגרו,22,10,32
2021-09-14T00:00:00.000Z,גאורגיה,96,31,127
2021-09-14T00:00:00.000Z,קטר,1,0,1
2021-09-14T00:00:00.000Z,מאלי,1,1,2
2021-09-14T00:00:00.000Z,שוודיה,4,4,8
2021-09-14T00:00:00.000Z,קזחסטאן,0,1,1
2021-09-14T00:00:00.000Z,בילורוסיה,85,78,163
2021-09-14T00:00:00.000Z,אוסטריה,293,99,392
2021-09-14T00:00:00.000Z,איחוד האמירויות הערב,146,34,180
2021-09-14T00:00:00.000Z,סלובניה,0,2,2
2021-09-14T00:00:00.000Z,הונגריה,417,121,538
2021-09-14T00:00:00.000Z,עירק,1,1,2
2021-09-14T00:00:00.000Z,מצרים,431,153,584
2021-09-14T00:00:00.000Z,הונג קונג,4,9,13
2021-09-14T00:00:00.000Z,הודו,1,5,6
2021-09-14T00:00:00.000Z,מקסיקו,4,9,13
2021-09-14T00:00:00.000Z,כלל המדינות,6618,6670,13288
2021-09-14T00:00:00.000Z,סרי לנקה (צילון),3,4,7
2021-09-14T00:00:00.000Z,איסלנד,42,15,57
2021-09-14T00:00:00.000Z,קניה,8,3,11
2021-09-14T00:00:00.000Z,שוויץ,120,78,198
2021-09-14T00:00:00.000Z,קוריאה הדרומית,0,3,3
2021-09-14T00:00:00.000Z,פינלנד,2,1,3
2021-09-14T00:00:00.000Z,אתיופיה,20,21,41
2021-09-14T00:00:00.000Z,הרפ הדומיניקנית,2,4,6
2021-09-14T00:00:00.000Z,לוכסמבורג,1,0,1
2021-09-14T00:00:00.000Z,קוסטה ריקה,9,11,20
2021-09-14T00:00:00.000Z,אוזבקיסטן,3,1,4
2021-09-14T00:00:00.000Z,גווטאמלה,2,1,3
2021-09-14T00:00:00.000Z,נורבגיה,1,1,2
2021-09-14T00:00:00.000Z,מקדוניה,1,0,1
2021-09-14T00:00:00.000Z,תורכמניסטאן,0,1,1
2021-09-14T00:00:00.000Z,קפריסין,156,38,194
2021-09-14T00:00:00.000Z,אוגנדה,0,2,2
2021-09-14T00:00:00.000Z,צכיה,435,107,542
2021-09-14T00:00:00.000Z,ניגריה,6,2,8
2021-09-14T00:00:00.000Z,לבנון,0,1,1
2021-09-14T00:00:00.000Z,הולנד,55,77,132
2021-09-14T00:00:00.000Z,אוקראינה,214,824,1038
2021-09-14T00:00:00.000Z,מונקו,1,0,1
2021-09-14T00:00:00.000Z,אורגוואי,0,1,1
2021-09-14T00:00:00.000Z,סרביה,6,1,7
2021-09-14T00:00:00.000Z,קולומביה,4,12,16
2021-09-14T00:00:00.000Z,דנמרק,7,5,12
2021-09-14T00:00:00.000Z,פיליפינים,2,20,22
2021-09-14T00:00:00.000Z,אלבניה,3,0,3
2021-09-14T00:00:00.000Z,סין,0,3,3
2021-09-14T00:00:00.000Z,ארגנטינה,0,27,27
2021-09-14T00:00:00.000Z,ארמניה,5,0,5
2021-09-14T00:00:00.000Z,מרוקו,31,22,53
2021-09-14T00:00:00.000Z,טנזניה,12,10,22
2021-09-14T00:00:00.000Z,סלובקיה,4,0,4
2021-09-14T00:00:00.000Z,אירלנד,4,7,11
2021-09-14T00:00:00.000Z,איי סיישל,0,1,1
2021-09-14T00:00:00.000Z,זאיר,1,2,3
2021-09-14T00:00:00.000Z,צרפת,298,324,622
2021-09-14T00:00:00.000Z,אקואדור,3,3,6
2021-09-14T00:00:00.000Z,בחריין,1,0,1
2021-09-14T00:00:00.000Z,פרו,5,3,8
2021-09-14T00:00:00.000Z,אנטיגואה וברבודה,0,2,2
2021-09-14T00:00:00.000Z,חוף השנהב,3,2,5
2021-09-14T00:00:00.000Z,רומניה,175,29,204
2021-09-14T00:00:00.000Z,קרואטיה,9,5,14
2021-09-14T00:00:00.000Z,טוגו,1,0,1
2021-09-14T00:00:00.000Z,תוניסיה,0,3,3
2021-09-14T00:00:00.000Z,בולגריה,5,3,8
2021-09-14T00:00:00.000Z,ספרד,96,38,134
2021-09-14T00:00:00.000Z,פרגוואי,0,1,1
2021-09-14T00:00:00.000Z,רוסיה,193,282,475
2021-09-14T00:00:00.000Z,קנדה,28,100,128
2021-09-14T00:00:00.000Z,מולדובה,36,85,121
2021-09-14T00:00:00.000Z,פורטוגל,14,7,21
2021-09-14T00:00:00.000Z,איי פאלקלנד,0,1,1
2021-09-14T00:00:00.000Z,הממלכה המאוחדת,185,391,576
2021-09-14T00:00:00.000Z,אזרביג'אן,7,4,11
2021-09-14T00:00:00.000Z,גאנה,2,6,8
2021-09-14T00:00:00.000Z,פולין,128,89,217
2021-09-14T00:00:00.000Z,בלגיה,7,79,86
2021-09-14T00:00:00.000Z,קירג'זסטאן,0,1,1
2021-09-14T00:00:00.000Z,איטליה,411,104,515
2021-09-14T00:00:00.000Z,גרמניה,267,122,389
2021-09-14T00:00:00.000Z,אוסטרליה,0,3,3
2021-09-14T00:00:00.000Z,אסטוניה,1,4,5
2021-09-14T00:00:00.000Z,תורכיה,27,58,85
2021-09-14T00:00:00.000Z,רואנדה,1,0,1
2021-09-15T00:00:00.000Z,שוויץ,110,33,143
2021-09-15T00:00:00.000Z,נורבגיה,1,1,2
2021-09-15T00:00:00.000Z,מונקו,0,2,2
2021-09-15T00:00:00.000Z,חוף השנהב,1,0,1
2021-09-15T00:00:00.000Z,גרמניה,124,56,180
2021-09-15T00:00:00.000Z,לטביה,1,0,1
2021-09-15T00:00:00.000Z,פולין,93,26,119
2021-09-15T00:00:00.000Z,גמייקה,0,1,1
2021-09-15T00:00:00.000Z,אל סלבדור,1,0,1
2021-09-15T00:00:00.000Z,אירלנד,1,0,1
2021-09-15T00:00:00.000Z,ניגריה,4,1,5
2021-09-15T00:00:00.000Z,סלובניה,6,0,6
2021-09-15T00:00:00.000Z,אלבניה,3,2,5
2021-09-15T00:00:00.000Z,תורכיה,21,18,39
2021-09-15T00:00:00.000Z,קנדה,27,51,78
2021-09-15T00:00:00.000Z,בולגריה,10,13,23
2021-09-15T00:00:00.000Z,רומניה,250,54,304
2021-09-15T00:00:00.000Z,פרו,1,4,5
2021-09-15T00:00:00.000Z,פינלנד,4,0,4
2021-09-15T00:00:00.000Z,פנמה,7,7,14
2021-09-15T00:00:00.000Z,ירדן,28,16,44
2021-09-15T00:00:00.000Z,מלדיבים,31,5,36
2021-09-15T00:00:00.000Z,הולנד,56,31,87
2021-09-15T00:00:00.000Z,סין,1,2,3
2021-09-15T00:00:00.000Z,דרום אפריקה,2,3,5
2021-09-15T00:00:00.000Z,ארצות הברית,508,655,1163
2021-09-15T00:00:00.000Z,גאורגיה,32,27,59
2021-09-15T00:00:00.000Z,מרוקו,6,0,6
2021-09-15T00:00:00.000Z,סרי לנקה (צילון),1,3,4
2021-09-15T00:00:00.000Z,בלגיה,49,115,164
2021-09-15T00:00:00.000Z,קפריסין,128,60,188
2021-09-15T00:00:00.000Z,כלל המדינות,4205,3068,7273
2021-09-15T00:00:00.000Z,סרביה,7,1,8
2021-09-15T00:00:00.000Z,ספרד,11,5,16
2021-09-15T00:00:00.000Z,ארמניה,0,4,4
2021-09-15T00:00:00.000Z,סלובקיה,0,1,1
2021-09-15T00:00:00.000Z,תאילנד,1,4,5
2021-09-15T00:00:00.000Z,צרפת,207,175,382
2021-09-15T00:00:00.000Z,טיוואן,0,1,1
2021-09-15T00:00:00.000Z,דנמרק,10,6,16
2021-09-15T00:00:00.000Z,פיליפינים,0,5,5
2021-09-15T00:00:00.000Z,בוסניה הרצגובינה,4,3,7
2021-09-15T00:00:00.000Z,אוזבקיסטן,3,0,3
2021-09-15T00:00:00.000Z,גווטאמלה,0,1,1
2021-09-15T00:00:00.000Z,אוסטריה,334,107,441
2021-09-15T00:00:00.000Z,הונגריה,304,73,377
2021-09-15T00:00:00.000Z,יוון,347,96,443
2021-09-15T00:00:00.000Z,אסטוניה,1,0,1
2021-09-15T00:00:00.000Z,אוסטרליה,1,3,4
2021-09-15T00:00:00.000Z,קניה,1,0,1
2021-09-15T00:00:00.000Z,אזרביג'אן,4,1,5
2021-09-15T00:00:00.000Z,מונטנגרו,1,1,2
2021-09-15T00:00:00.000Z,רוסיה,88,65,153
2021-09-15T00:00:00.000Z,קזחסטאן,0,4,4
2021-09-15T00:00:00.000Z,צכיה,111,35,146
2021-09-15T00:00:00.000Z,קוסטה ריקה,1,6,7
2021-09-15T00:00:00.000Z,קוריאה הדרומית,3,6,9
2021-09-15T00:00:00.000Z,איחוד האמירויות הערב,51,19,70
2021-09-15T00:00:00.000Z,ברזיל,1,0,1
2021-09-15T00:00:00.000Z,איסלנד,2,4,6
2021-09-15T00:00:00.000Z,פורטוגל,24,6,30
2021-09-15T00:00:00.000Z,איטליה,180,51,231
2021-09-15T00:00:00.000Z,הממלכה המאוחדת,94,168,262
2021-09-15T00:00:00.000Z,מצרים,156,68,224
2021-09-15T00:00:00.000Z,שוודיה,7,2,9
2021-09-15T00:00:00.000Z,קרואטיה,12,0,12
2021-09-15T00:00:00.000Z,אוקראינה,277,438,715
2021-09-16T00:00:00.000Z,כלל המדינות,10,10,20
2021-09-17T00:00:00.000Z,אקואדור,1,3,4
2021-09-17T00:00:00.000Z,מונקו,1,0,1
2021-09-17T00:00:00.000Z,כלל המדינות,9318,4398,13716
2021-09-17T00:00:00.000Z,מונטנגרו,117,36,153
2021-09-17T00:00:00.000Z,בורקינה פאסו,1,0,1
2021-09-17T00:00:00.000Z,נורבגיה,1,6,7
2021-09-17T00:00:00.000Z,דנמרק,87,34,121
2021-09-17T00:00:00.000Z,קירג'זסטאן,4,7,11
2021-09-17T00:00:00.000Z,ספרד,177,53,230
2021-09-17T00:00:00.000Z,בילורוסיה,60,48,108
2021-09-17T00:00:00.000Z,קזחסטאן,2,2,4
2021-09-17T00:00:00.000Z,בחריין,0,1,1
2021-09-17T00:00:00.000Z,מרוקו,4,1,5
2021-09-17T00:00:00.000Z,צכיה,391,57,448
2021-09-17T00:00:00.000Z,איסלנד,27,3,30
2021-09-17T00:00:00.000Z,סלובניה,9,2,11
2021-09-17T00:00:00.000Z,אזרביג'אן,3,1,4
2021-09-17T00:00:00.000Z,תורכיה,28,94,122
2021-09-17T00:00:00.000Z,פרו,1,4,5
2021-09-17T00:00:00.000Z,ברזיל,2,2,4
2021-09-17T00:00:00.000Z,ארגנטינה,1,2,3
2021-09-17T00:00:00.000Z,ארצות הברית,472,295,767
2021-09-17T00:00:00.000Z,אתיופיה,1,0,1
2021-09-17T00:00:00.000Z,איחוד האמירויות הערב,97,32,129
2021-09-17T00:00:00.000Z,איי פיגי,2,0,2
2021-09-17T00:00:00.000Z,קוסטה ריקה,1,9,10
2021-09-17T00:00:00.000Z,טנזניה,4,0,4
2021-09-17T00:00:00.000Z,הודו,1,4,5
2021-09-17T00:00:00.000Z,פורטוגל,59,21,80
2021-09-17T00:00:00.000Z,קרואטיה,7,8,15
2021-09-17T00:00:00.000Z,אל סלבדור,1,0,1
2021-09-17T00:00:00.000Z,פיליפינים,0,3,3
2021-09-17T00:00:00.000Z,ארמניה,6,1,7
2021-09-17T00:00:00.000Z,זאיר,1,0,1
2021-09-17T00:00:00.000Z,קניה,0,2,2
2021-09-17T00:00:00.000Z,בוסניה הרצגובינה,21,17,38
2021-09-17T00:00:00.000Z,הרפ הדומיניקנית,3,0,3
2021-09-17T00:00:00.000Z,קוריאה הדרומית,3,3,6
2021-09-17T00:00:00.000Z,מלדיבים,30,14,44
2021-09-17T00:00:00.000Z,אנגולה,1,0,1
2021-09-17T00:00:00.000Z,מולדובה,97,108,205
2021-09-17T00:00:00.000Z,קולומביה,0,6,6
2021-09-17T00:00:00.000Z,איטליה,452,114,566
2021-09-17T00:00:00.000Z,סין,2,2,4
2021-09-17T00:00:00.000Z,אוזבקיסטן,1,2,3
2021-09-17T00:00:00.000Z,קנדה,44,47,91
2021-09-17T00:00:00.000Z,ליטא,3,3,6
2021-09-17T00:00:00.000Z,מלטה,1,0,1
2021-09-17T00:00:00.000Z,נפאל,0,2,2
2021-09-17T00:00:00.000Z,ירדן,9,3,12
2021-09-17T00:00:00.000Z,הממלכה המאוחדת,206,130,336
2021-09-17T00:00:00.000Z,קפריסין,232,52,284
2021-09-17T00:00:00.000Z,אוקראינה,373,293,666
2021-09-17T00:00:00.000Z,צרפת,317,170,487
2021-09-17T00:00:00.000Z,גרמניה,352,136,488
2021-09-17T00:00:00.000Z,יוון,1275,316,1591
2021-09-17T00:00:00.000Z,מצרים,917,293,1210
2021-09-17T00:00:00.000Z,לטביה,1,0,1
2021-09-17T00:00:00.000Z,אוסטרליה,3,1,4
2021-09-17T00:00:00.000Z,פינלנד,56,25,81
2021-09-17T00:00:00.000Z,פולין,280,74,354
2021-09-17T00:00:00.000Z,ערב הסעודית,0,4,4
2021-09-17T00:00:00.000Z,אורגוואי,2,0,2
2021-09-17T00:00:00.000Z,פנמה,3,9,12
2021-09-17T00:00:00.000Z,אסטוניה,1,0,1
2021-09-17T00:00:00.000Z,בלגיה,67,52,119
2021-09-17T00:00:00.000Z,רוסיה,178,167,345
2021-09-17T00:00:00.000Z,סרי לנקה (צילון),0,6,6
2021-09-17T00:00:00.000Z,דרום אפריקה,1,1,2
2021-09-17T00:00:00.000Z,סלובקיה,118,9,127
2021-09-17T00:00:00.000Z,אלבניה,5,0,5
2021-09-17T00:00:00.000Z,אוסטריה,644,185,829
2021-09-17T00:00:00.000Z,סינגפור,1,2,3
2021-09-17T00:00:00.000Z,איי סיישל,69,15,84
2021-09-17T00:00:00.000Z,הולנד,46,36,82
2021-09-17T00:00:00.000Z,מקסיקו,0,2,2
2021-09-17T00:00:00.000Z,שוויץ,213,75,288
2021-09-17T00:00:00.000Z,קטר,1,0,1
2021-09-17T00:00:00.000Z,הונג קונג,1,0,1
2021-09-17T00:00:00.000Z,בולגריה,10,30,40
2021-09-17T00:00:00.000Z,מונגוליה,1,0,1
2021-09-17T00:00:00.000Z,רומניה,306,95,401
2021-09-17T00:00:00.000Z,שוודיה,12,15,27
2021-09-17T00:00:00.000Z,אירלנד,9,7,16
2021-09-17T00:00:00.000Z,הונגריה,480,116,596
2021-09-17T00:00:00.000Z,סרביה,2,1,3
2021-09-17T00:00:00.000Z,תאילנד,58,47,105
2021-09-17T00:00:00.000Z,גאורגיה,141,46,187
2021-09-18T00:00:00.000Z,סלובניה,19,1,20
2021-09-18T00:00:00.000Z,אוגנדה,2,4,6
2021-09-18T00:00:00.000Z,קרואטיה,21,1,22
2021-09-18T00:00:00.000Z,איסלנד,84,10,94
2021-09-18T00:00:00.000Z,סיירה ליאונה,1,0,1
2021-09-18T00:00:00.000Z,אנגולה,4,0,4
2021-09-18T00:00:00.000Z,מרוקו,1,2,3
2021-09-18T00:00:00.000Z,גאורגיה,133,39,172
2021-09-18T00:00:00.000Z,גווטאמלה,1,2,3
2021-09-18T00:00:00.000Z,קולומביה,0,1,1
2021-09-18T00:00:00.000Z,איטליה,437,72,509
2021-09-18T00:00:00.000Z,יוון,1041,169,1210
2021-09-18T00:00:00.000Z,הממלכה המאוחדת,300,98,398
2021-09-18T00:00:00.000Z,זאיר,1,0,1
2021-09-18T00:00:00.000Z,פולין,193,32,225
2021-09-18T00:00:00.000Z,אוסטריה,461,96,557
2021-09-18T00:00:00.000Z,רומניה,475,73,548
2021-09-18T00:00:00.000Z,הולנד,110,61,171
2021-09-18T00:00:00.000Z,בלגיה,9,2,11
2021-09-18T00:00:00.000Z,דרום סודאן,1,0,1
2021-09-18T00:00:00.000Z,פנמה,2,1,3
2021-09-18T00:00:00.000Z,סינגפור,2,0,2
2021-09-18T00:00:00.000Z,זמביה,2,2,4
2021-09-18T00:00:00.000Z,איחוד האמירויות הערב,113,61,174
2021-09-18T00:00:00.000Z,קפריסין,280,64,344
2021-09-18T00:00:00.000Z,פורטוגל,26,6,32
2021-09-18T00:00:00.000Z,סרביה,15,13,28
2021-09-18T00:00:00.000Z,אוזבקיסטן,3,3,6
2021-09-18T00:00:00.000Z,תורכיה,9,23,32
2021-09-18T00:00:00.000Z,פרו,5,6,11
2021-09-18T00:00:00.000Z,שוודיה,2,8,10
2021-09-18T00:00:00.000Z,סנגל,4,0,4
2021-09-18T00:00:00.000Z,גרמניה,311,75,386
2021-09-18T00:00:00.000Z,ונצואלה,0,1,1
2021-09-18T00:00:00.000Z,מלדיבים,47,18,65
2021-09-18T00:00:00.000Z,בהמס,1,0,1
2021-09-18T00:00:00.000Z,ערב הסעודית,1,2,3
2021-09-18T00:00:00.000Z,הרפ הדומיניקנית,2,6,8
2021-09-18T00:00:00.000Z,זימבאבווה,1,1,2
2021-09-18T00:00:00.000Z,מאלי,2,1,3
2021-09-18T00:00:00.000Z,אירלנד,8,1,9
2021-09-18T00:00:00.000Z,טוגו,0,3,3
2021-09-18T00:00:00.000Z,ירדן,8,3,11
2021-09-18T00:00:00.000Z,טנזניה,22,0,22
2021-09-18T00:00:00.000Z,מלאווי,0,2,2
2021-09-18T00:00:00.000Z,פינלנד,8,1,9
2021-09-18T00:00:00.000Z,ליטא,7,3,10
2021-09-18T00:00:00.000Z,ברזיל,1,2,3
2021-09-18T00:00:00.000Z,אתיופיה,26,24,50
2021-09-18T00:00:00.000Z,מקסיקו,2,0,2
2021-09-18T00:00:00.000Z,אסטוניה,5,9,14
2021-09-18T00:00:00.000Z,דנמרק,13,0,13
2021-09-18T00:00:00.000Z,נורבגיה,2,1,3
2021-09-18T00:00:00.000Z,אוקראינה,250,114,364
2021-09-18T00:00:00.000Z,נמיביה,2,1,3
2021-09-18T00:00:00.000Z,קנדה,55,54,109
2021-09-18T00:00:00.000Z,ניגריה,4,7,11
2021-09-18T00:00:00.000Z,לטביה,45,16,61
2021-09-18T00:00:00.000Z,מאוריציוס,0,1,1
2021-09-18T00:00:00.000Z,ארצות הברית,608,455,1063
2021-09-18T00:00:00.000Z,ספרד,63,10,73
2021-09-18T00:00:00.000Z,ארגנטינה,1,2,3
2021-09-18T00:00:00.000Z,שוויץ,78,14,92
2021-09-18T00:00:00.000Z,רוסיה,35,21,56
2021-09-18T00:00:00.000Z,פיליפינים,0,16,16
2021-09-18T00:00:00.000Z,מונטנגרו,0,1,1
2021-09-18T00:00:00.000Z,הונגריה,417,45,462
2021-09-18T00:00:00.000Z,צרפת,487,128,615
2021-09-18T00:00:00.000Z,סרי לנקה (צילון),4,4,8
2021-09-18T00:00:00.000Z,בילורוסיה,2,0,2
2021-09-18T00:00:00.000Z,בולגריה,1,1,2
2021-09-18T00:00:00.000Z,סין,2,0,2
2021-09-18T00:00:00.000Z,בוסניה הרצגובינה,0,2,2
2021-09-18T00:00:00.000Z,מונקו,0,1,1
2021-09-18T00:00:00.000Z,לבנון,0,1,1
2021-09-18T00:00:00.000Z,אזרביג'אן,7,2,9
2021-09-18T00:00:00.000Z,גאנה,2,2,4
2021-09-18T00:00:00.000Z,אוסטרליה,0,2,2
2021-09-18T00:00:00.000Z,גינאה,1,0,1
2021-09-18T00:00:00.000Z,קוסטה ריקה,8,23,31
2021-09-18T00:00:00.000Z,כלל המדינות,8861,3171,12032
2021-09-18T00:00:00.000Z,רואנדה,4,1,5
2021-09-18T00:00:00.000Z,קניה,8,1,9
2021-09-18T00:00:00.000Z,דרום אפריקה,5,10,15
2021-09-18T00:00:00.000Z,צכיה,516,54,570
2021-09-18T00:00:00.000Z,מצרים,1536,468,2004
2021-09-18T00:00:00.000Z,איי סיישל,9,8,17
2021-09-18T00:00:00.000Z,גויאנה,1,0,1
2021-09-18T00:00:00.000Z,אורגוואי,1,0,1
2021-09-18T00:00:00.000Z,קוריאה הדרומית,1,0,1
2021-09-19T00:00:00.000Z,גויאנה,4,0,4
2021-09-19T00:00:00.000Z,איי פיגי,1,0,1
2021-09-19T00:00:00.000Z,אוסטריה,652,191,843
2021-09-19T00:00:00.000Z,שוויץ,293,188,481
2021-09-19T00:00:00.000Z,הונגריה,680,164,844
2021-09-19T00:00:00.000Z,פורטוגל,50,14,64
2021-09-19T00:00:00.000Z,לוכסמבורג,1,0,1
2021-09-19T00:00:00.000Z,קוסובו,1,0,1
2021-09-19T00:00:00.000Z,הודו,8,7,15
2021-09-19T00:00:00.000Z,קולומביה,6,7,13
2021-09-19T00:00:00.000Z,תאילנד,3,0,3
2021-09-19T00:00:00.000Z,אקואדור,2,0,2
2021-09-19T00:00:00.000Z,קירג'זסטאן,3,1,4
2021-09-19T00:00:00.000Z,אוסטרליה,5,6,11
2021-09-19T00:00:00.000Z,בוליביה,3,1,4
2021-09-19T00:00:00.000Z,צרפת,448,485,933
2021-09-19T00:00:00.000Z,ארמניה,2,0,2
2021-09-19T00:00:00.000Z,ונצואלה,0,1,1
2021-09-19T00:00:00.000Z,אירן,0,1,1
2021-09-19T00:00:00.000Z,הולנד,133,102,235
2021-09-19T00:00:00.000Z,פנמה,0,7,7
2021-09-19T00:00:00.000Z,קוסטה ריקה,4,4,8
2021-09-19T00:00:00.000Z,רומניה,210,56,266
2021-09-19T00:00:00.000Z,גווטאמלה,0,1,1
2021-09-19T00:00:00.000Z,הרפ הדומיניקנית,11,5,16
2021-09-19T00:00:00.000Z,איסלנד,47,9,56
2021-09-19T00:00:00.000Z,הממלכה המאוחדת,262,438,700
2021-09-19T00:00:00.000Z,ברזיל,6,15,21
2021-09-19T00:00:00.000Z,אזרביג'אן,103,31,134
2021-09-19T00:00:00.000Z,דרום אפריקה,3,1,4
2021-09-19T00:00:00.000Z,רוסיה,131,228,359
2021-09-19T00:00:00.000Z,נפאל,1,0,1
2021-09-19T00:00:00.000Z,דנמרק,97,36,133
2021-09-19T00:00:00.000Z,ניגריה,3,0,3
2021-09-19T00:00:00.000Z,גויאנה הצרפתית,1,1,2
2021-09-19T00:00:00.000Z,בחריין,0,1,1
2021-09-19T00:00:00.000Z,מלדיבים,31,10,41
2021-09-19T00:00:00.000Z,ירדן,495,203,698
2021-09-19T00:00:00.000Z,אנגולה,0,1,1
2021-09-19T00:00:00.000Z,סרי לנקה (צילון),1,1,2
2021-09-19T00:00:00.000Z,בוטסואנה,1,3,4
2021-09-19T00:00:00.000Z,כלל המדינות,12386,7435,19821
2021-09-19T00:00:00.000Z,תורכיה,37,38,75
2021-09-19T00:00:00.000Z,אנטיגואה וברבודה,1,0,1
2021-09-19T00:00:00.000Z,אורגוואי,1,11,12
2021-09-19T00:00:00.000Z,איטליה,681,176,857
2021-09-19T00:00:00.000Z,אוזבקיסטן,5,2,7
2021-09-19T00:00:00.000Z,פרו,1,0,1
2021-09-19T00:00:00.000Z,מונקו,1,0,1
2021-09-19T00:00:00.000Z,קפריסין,322,80,402
2021-09-19T00:00:00.000Z,סרביה,5,12,17
2021-09-19T00:00:00.000Z,קלדוניה החדשה,1,0,1
2021-09-19T00:00:00.000Z,נורבגיה,1,0,1
2021-09-19T00:00:00.000Z,פיליפינים,0,11,11
2021-09-19T00:00:00.000Z,סלובקיה,1,3,4
2021-09-19T00:00:00.000Z,פולין,193,73,266
2021-09-19T00:00:00.000Z,שוודיה,12,3,15
2021-09-19T00:00:00.000Z,מרוקו,10,7,17
2021-09-19T00:00:00.000Z,לטביה,3,0,3
2021-09-19T00:00:00.000Z,צכיה,505,74,579
2021-09-19T00:00:00.000Z,תוניסיה,0,5,5
2021-09-19T00:00:00.000Z,קרואטיה,14,2,16
2021-09-19T00:00:00.000Z,קזחסטאן,2,5,7
2021-09-19T00:00:00.000Z,אוקראינה,434,442,876
2021-09-19T00:00:00.000Z,איחוד האמירויות הערב,144,60,204
2021-09-19T00:00:00.000Z,בלגיה,27,118,145
2021-09-19T00:00:00.000Z,ארצות הברית,486,835,1321
2021-09-19T00:00:00.000Z,ליטא,97,34,131
2021-09-19T00:00:00.000Z,איי סיישל,121,15,136
2021-09-19T00:00:00.000Z,סלובניה,1,0,1
2021-09-19T00:00:00.000Z,צ'ילה,1,0,1
2021-09-19T00:00:00.000Z,קנדה,42,113,155
2021-09-19T00:00:00.000Z,יפן,0,4,4
2021-09-19T00:00:00.000Z,מלטה,2,1,3
2021-09-19T00:00:00.000Z,יוון,1978,434,2412
2021-09-19T00:00:00.000Z,קוריאה הדרומית,5,2,7
2021-09-19T00:00:00.000Z,ארגנטינה,8,8,16
2021-09-19T00:00:00.000Z,מולדובה,112,94,206
2021-09-19T00:00:00.000Z,פינלנד,3,8,11
2021-09-19T00:00:00.000Z,גאורגיה,587,130,717
2021-09-19T00:00:00.000Z,סנגל,1,0,1
2021-09-19T00:00:00.000Z,בנגלדש,1,0,1
2021-09-19T00:00:00.000Z,אלבניה,2,2,4
2021-09-19T00:00:00.000Z,מונטנגרו,147,18,165
2021-09-19T00:00:00.000Z,ניקרגואה,0,1,1
2021-09-19T00:00:00.000Z,גרמניה,454,186,640
2021-09-19T00:00:00.000Z,אירלנד,19,10,29
2021-09-19T00:00:00.000Z,אינדונזיה,0,3,3
2021-09-19T00:00:00.000Z,ספרד,237,59,296
2021-09-19T00:00:00.000Z,מקדוניה,0,1,1
2021-09-19T00:00:00.000Z,אוגנדה,0,1,1
2021-09-19T00:00:00.000Z,בילורוסיה,90,75,165
2021-09-19T00:00:00.000Z,בוסניה הרצגובינה,19,11,30
2021-09-19T00:00:00.000Z,מצרים,761,279,1040
2021-09-19T00:00:00.000Z,בולגריה,5,27,32
2021-09-20T00:00:00.000Z,גרמניה,462,126,588
2021-09-20T00:00:00.000Z,טוגו,0,2,2
2021-09-20T00:00:00.000Z,קרואטיה,14,5,19
2021-09-20T00:00:00.000Z,ניגריה,3,2,5
2021-09-20T00:00:00.000Z,גווטאמלה,2,6,8
2021-09-20T00:00:00.000Z,מקסיקו,0,1,1
2021-09-20T00:00:00.000Z,רוסיה,269,215,484
2021-09-20T00:00:00.000Z,ארמניה,4,6,10
2021-09-20T00:00:00.000Z,קנדה,69,127,196
2021-09-20T00:00:00.000Z,אקואדור,3,4,7
2021-09-20T00:00:00.000Z,הודו,18,69,87
2021-09-20T00:00:00.000Z,גאורגיה,166,43,209
2021-09-20T00:00:00.000Z,אוגנדה,2,1,3
2021-09-20T00:00:00.000Z,טנזניה,6,4,10
2021-09-20T00:00:00.000Z,קירג'זסטאן,1,1,2
2021-09-20T00:00:00.000Z,דנמרק,8,3,11
2021-09-20T00:00:00.000Z,איי סיישל,23,7,30
2021-09-20T00:00:00.000Z,סרביה,1,2,3
2021-09-20T00:00:00.000Z,צ'ילה,0,1,1
2021-09-20T00:00:00.000Z,צכיה,487,67,554
2021-09-20T00:00:00.000Z,לוכסמבורג,2,0,2
2021-09-20T00:00:00.000Z,מרוקו,58,53,111
2021-09-20T00:00:00.000Z,אנטיגואה וברבודה,0,1,1
2021-09-20T00:00:00.000Z,בוסניה הרצגובינה,20,2,22
2021-09-20T00:00:00.000Z,דרום אפריקה,17,32,49
2021-09-20T00:00:00.000Z,הונגריה,389,82,471
2021-09-20T00:00:00.000Z,אלבניה,3,3,6
2021-09-20T00:00:00.000Z,צרפת,543,278,821
2021-09-20T00:00:00.000Z,טיוואן,0,1,1
2021-09-20T00:00:00.000Z,פרו,2,10,12
2021-09-20T00:00:00.000Z,ארצות הברית,952,1251,2203
2021-09-20T00:00:00.000Z,ליטא,13,2,15
2021-09-20T00:00:00.000Z,קמרון,1,0,1
2021-09-20T00:00:00.000Z,אסטוניה,6,1,7
2021-09-20T00:00:00.000Z,אוקראינה,440,349,789
2021-09-20T00:00:00.000Z,ספרד,302,55,357
2021-09-20T00:00:00.000Z,הממלכה המאוחדת,377,479,856
2021-09-20T00:00:00.000Z,ליבריה,1,2,3
2021-09-20T00:00:00.000Z,קפריסין,210,77,287
2021-09-20T00:00:00.000Z,זאיר,2,0,2
2021-09-20T00:00:00.000Z,יוון,1489,372,1861
2021-09-20T00:00:00.000Z,גיברלטר,0,3,3
2021-09-20T00:00:00.000Z,בולגריה,8,19,27
2021-09-20T00:00:00.000Z,קזחסטאן,6,0,6
2021-09-20T00:00:00.000Z,אזרביג'אן,3,1,4
2021-09-20T00:00:00.000Z,אנגולה,0,1,1
2021-09-20T00:00:00.000Z,הולנד,29,31,60
2021-09-20T00:00:00.000Z,סרי לנקה (צילון),0,1,1
2021-09-20T00:00:00.000Z,מאוריציוס,1,0,1
2021-09-20T00:00:00.000Z,פיליפינים,0,2,2
2021-09-20T00:00:00.000Z,שוודיה,7,5,12
2021-09-20T00:00:00.000Z,קניה,5,1,6
2021-09-20T00:00:00.000Z,פינלנד,9,3,12
2021-09-20T00:00:00.000Z,סינגפור,1,0,1
2021-09-20T00:00:00.000Z,נורבגיה,2,1,3
2021-09-20T00:00:00.000Z,איטליה,741,187,928
2021-09-20T00:00:00.000Z,קוסטה ריקה,17,28,45
2021-09-20T00:00:00.000Z,אורגוואי,0,2,2
2021-09-20T00:00:00.000Z,מונטנגרו,132,37,169
2021-09-20T00:00:00.000Z,מולדובה,3,3,6
2021-09-20T00:00:00.000Z,ברזיל,5,66,71
2021-09-20T00:00:00.000Z,רואנדה,0,4,4
2021-09-20T00:00:00.000Z,בילורוסיה,1,0,1
2021-09-20T00:00:00.000Z,סלובקיה,66,9,75
2021-09-20T00:00:00.000Z,אתיופיה,16,27,43
2021-09-20T00:00:00.000Z,מצרים,533,253,786
2021-09-20T00:00:00.000Z,לטביה,6,2,8
2021-09-20T00:00:00.000Z,אוסטרליה,2,1,3
2021-09-20T00:00:00.000Z,גאנה,0,2,2
2021-09-20T00:00:00.000Z,כלל המדינות,11379,6814,18193
2021-09-20T00:00:00.000Z,קוסובו,12,0,12
2021-09-20T00:00:00.000Z,אוזבקיסטן,24,62,86
2021-09-20T00:00:00.000Z,אירלנד,10,8,18
2021-09-20T00:00:00.000Z,רומניה,322,85,407
2021-09-20T00:00:00.000Z,קולומביה,4,4,8
2021-09-20T00:00:00.000Z,שוויץ,198,86,284
2021-09-20T00:00:00.000Z,מלדיבים,50,11,61
2021-09-20T00:00:00.000Z,זמביה,1,0,1
2021-09-20T00:00:00.000Z,מלאווי,1,0,1
2021-09-20T00:00:00.000Z,פולין,332,107,439
2021-09-20T00:00:00.000Z,האנטילים ההולנדים,0,1,1
2021-09-20T00:00:00.000Z,פורטוגל,51,46,97
2021-09-20T00:00:00.000Z,איסלנד,45,10,55
2021-09-20T00:00:00.000Z,ירדן,63,34,97
2021-09-20T00:00:00.000Z,קוריאה הדרומית,1,10,11
2021-09-20T00:00:00.000Z,אוסטריה,967,266,1233
2021-09-20T00:00:00.000Z,בלגיה,64,79,143
2021-09-20T00:00:00.000Z,תורכיה,25,49,74
2021-09-20T00:00:00.000Z,איחוד האמירויות הערב,111,49,160
2021-09-20T00:00:00.000Z,תאילנד,87,66,153
2021-09-20T00:00:00.000Z,יפן,0,1,1
2021-09-20T00:00:00.000Z,הרפ הדומיניקנית,0,3,3
2021-09-20T00:00:00.000Z,פנמה,3,16,19
2021-09-20T00:00:00.000Z,פאפואה,2,2,4
2021-09-21T00:00:00.000Z,אל סלבדור,0,1,1
2021-09-21T00:00:00.000Z,זימבאבווה,0,1,1
2021-09-21T00:00:00.000Z,איסלנד,66,1,67
2021-09-21T00:00:00.000Z,הונגריה,470,123,593
2021-09-21T00:00:00.000Z,סרי לנקה (צילון),3,4,7
2021-09-21T00:00:00.000Z,איי סיישל,110,44,154
2021-09-21T00:00:00.000Z,רומניה,246,25,271
2021-09-21T00:00:00.000Z,צכיה,425,48,473
2021-09-21T00:00:00.000Z,קרואטיה,14,6,20
2021-09-21T00:00:00.000Z,איטליה,382,92,474
2021-09-21T00:00:00.000Z,אוגנדה,3,2,5
2021-09-21T00:00:00.000Z,גאורגיה,255,44,299
2021-09-21T00:00:00.000Z,אירלנד,11,1,12
2021-09-21T00:00:00.000Z,בלגיה,13,3,16
2021-09-21T00:00:00.000Z,אוסטרליה,3,2,5
2021-09-21T00:00:00.000Z,קזחסטאן,3,1,4
2021-09-21T00:00:00.000Z,אתיופיה,9,14,23
2021-09-21T00:00:00.000Z,יוון,1006,283,1289
2021-09-21T00:00:00.000Z,רוסיה,222,171,393
2021-09-21T00:00:00.000Z,מקסיקו,3,3,6
2021-09-21T00:00:00.000Z,הרפ הדומיניקנית,9,3,12
2021-09-21T00:00:00.000Z,קוסטה ריקה,9,12,21
2021-09-21T00:00:00.000Z,מרוקו,5,2,7
2021-09-21T00:00:00.000Z,דרום אפריקה,6,2,8
2021-09-21T00:00:00.000Z,מלדיבים,43,8,51
2021-09-21T00:00:00.000Z,סלובניה,4,0,4
2021-09-21T00:00:00.000Z,פאפואה,1,0,1
2021-09-21T00:00:00.000Z,סין,18,52,70
2021-09-21T00:00:00.000Z,אסטוניה,8,2,10
2021-09-21T00:00:00.000Z,הונג קונג,3,26,29
2021-09-21T00:00:00.000Z,אוקראינה,222,83,305
2021-09-21T00:00:00.000Z,טנזניה,6,2,8
2021-09-21T00:00:00.000Z,קוריאה הדרומית,1,2,3
2021-09-21T00:00:00.000Z,ברזיל,4,3,7
2021-09-21T00:00:00.000Z,אזרביג'אן,9,4,13
2021-09-21T00:00:00.000Z,לטביה,69,18,87
2021-09-21T00:00:00.000Z,צרפת,363,102,465
2021-09-21T00:00:00.000Z,ניגריה,2,2,4
2021-09-21T00:00:00.000Z,סלובקיה,0,2,2
2021-09-21T00:00:00.000Z,הממלכה המאוחדת,193,49,242
2021-09-21T00:00:00.000Z,הודו,0,1,1
2021-09-21T00:00:00.000Z,תורכיה,28,39,67
2021-09-21T00:00:00.000Z,יפן,0,4,4
2021-09-21T00:00:00.000Z,אוסטריה,354,108,462
2021-09-21T00:00:00.000Z,גרמניה,240,52,292
2021-09-21T00:00:00.000Z,איחוד האמירויות הערב,88,18,106
2021-09-21T00:00:00.000Z,פולין,179,37,216
2021-09-21T00:00:00.000Z,בולגריה,1,0,1
2021-09-21T00:00:00.000Z,פרו,9,8,17
2021-09-21T00:00:00.000Z,דנמרק,21,2,23
2021-09-21T00:00:00.000Z,מאלי,0,4,4
2021-09-21T00:00:00.000Z,פינלנד,0,1,1
2021-09-21T00:00:00.000Z,פורטוגל,27,12,39
2021-09-21T00:00:00.000Z,הונדורס,1,0,1
2021-09-21T00:00:00.000Z,גיברלטר,1,0,1
2021-09-21T00:00:00.000Z,קנדה,69,51,120
2021-09-21T00:00:00.000Z,פיליפינים,1,1,2
2021-09-21T00:00:00.000Z,בנין (דהומי),1,0,1
2021-09-21T00:00:00.000Z,ארצות הברית,606,354,960
2021-09-21T00:00:00.000Z,סרביה,8,5,13
2021-09-21T00:00:00.000Z,בוסניה הרצגובינה,34,2,36
2021-09-21T00:00:00.000Z,ירדן,59,31,90
2021-09-21T00:00:00.000Z,קפריסין,132,39,171
2021-09-21T00:00:00.000Z,מלאווי,0,1,1
2021-09-21T00:00:00.000Z,רואנדה,3,0,3
2021-09-21T00:00:00.000Z,מולדובה,70,56,126
2021-09-21T00:00:00.000Z,קמרון,0,1,1
2021-09-21T00:00:00.000Z,גויאנה הצרפתית,2,2,4
2021-09-21T00:00:00.000Z,שוויץ,177,42,219
2021-09-21T00:00:00.000Z,קניה,1,0,1
2021-09-21T00:00:00.000Z,חוף השנהב,1,0,1
2021-09-21T00:00:00.000Z,כלל המדינות,7780,3096,10876
2021-09-21T00:00:00.000Z,אלבניה,2,0,2
2021-09-21T00:00:00.000Z,מונטנגרו,3,0,3
2021-09-21T00:00:00.000Z,ארגנטינה,8,31,39
2021-09-21T00:00:00.000Z,מקדוניה,2,0,2
2021-09-21T00:00:00.000Z,אורגוואי,8,4,12
2021-09-21T00:00:00.000Z,שוודיה,5,6,11
2021-09-21T00:00:00.000Z,מצרים,878,254,1132
2021-09-21T00:00:00.000Z,פנמה,1,6,7
2021-09-21T00:00:00.000Z,מונגוליה,0,1,1
2021-09-21T00:00:00.000Z,ספרד,118,26,144
2021-09-21T00:00:00.000Z,אנגולה,1,0,1
2021-09-21T00:00:00.000Z,ארמניה,7,3,10
2021-09-21T00:00:00.000Z,קולומביה,2,9,11
2021-09-21T00:00:00.000Z,ליטא,4,0,4
2021-09-21T00:00:00.000Z,הולנד,45,24,69
2021-09-21T00:00:00.000Z,אוזבקיסטן,4,0,4
2021-09-21T00:00:00.000Z,סנגל,1,0,1
2021-09-21T00:00:00.000Z,גווטאמלה,3,2,5
2021-09-22T00:00:00.000Z,מרוקו,13,5,18
2021-09-22T00:00:00.000Z,נורבגיה,2,1,3
2021-09-22T00:00:00.000Z,מלדיבים,50,24,74
2021-09-22T00:00:00.000Z,האנטילים ההולנדים,1,0,1
2021-09-22T00:00:00.000Z,תאילנד,5,8,13
2021-09-22T00:00:00.000Z,ויטנאם,0,3,3
2021-09-22T00:00:00.000Z,יפן,1,0,1
2021-09-22T00:00:00.000Z,הולנד,65,36,101
2021-09-22T00:00:00.000Z,פולין,171,51,222
2021-09-22T00:00:00.000Z,ונצואלה,0,1,1
2021-09-22T00:00:00.000Z,צכיה,591,61,652
2021-09-22T00:00:00.000Z,ארצות הברית,1043,495,1538
2021-09-22T00:00:00.000Z,אורגוואי,3,0,3
2021-09-22T00:00:00.000Z,סלובקיה,100,12,112
2021-09-22T00:00:00.000Z,פרו,4,5,9
2021-09-22T00:00:00.000Z,בלגיה,6,0,6
2021-09-22T00:00:00.000Z,מאוריציוס,0,4,4
2021-09-22T00:00:00.000Z,קוריאה הדרומית,0,1,1
2021-09-22T00:00:00.000Z,דומיניקה,2,0,2
2021-09-22T00:00:00.000Z,הממלכה המאוחדת,505,116,621
2021-09-22T00:00:00.000Z,הודו,3,2,5
2021-09-22T00:00:00.000Z,פנמה,5,4,9
2021-09-22T00:00:00.000Z,פיליפינים,1,4,5
2021-09-22T00:00:00.000Z,סרי לנקה (צילון),12,3,15
2021-09-22T00:00:00.000Z,אקואדור,2,4,6
2021-09-22T00:00:00.000Z,אתיופיה,8,34,42
2021-09-22T00:00:00.000Z,צרפת,608,189,797
2021-09-22T00:00:00.000Z,בילורוסיה,94,74,168
2021-09-22T00:00:00.000Z,לוכסמבורג,1,0,1
2021-09-22T00:00:00.000Z,פינלנד,54,13,67
2021-09-22T00:00:00.000Z,דנמרק,16,5,21
2021-09-22T00:00:00.000Z,תורכיה,17,31,48
2021-09-22T00:00:00.000Z,אוקראינה,448,283,731
2021-09-22T00:00:00.000Z,ספרד,248,26,274
2021-09-22T00:00:00.000Z,יוון,1494,351,1845
2021-09-22T00:00:00.000Z,אסטוניה,5,2,7
2021-09-22T00:00:00.000Z,ירדן,156,42,198
2021-09-22T00:00:00.000Z,בוסניה הרצגובינה,13,4,17
2021-09-22T00:00:00.000Z,ניגריה,0,1,1
2021-09-22T00:00:00.000Z,בורונדי,0,1,1
2021-09-22T00:00:00.000Z,פורטוגל,64,35,99
2021-09-22T00:00:00.000Z,אוזבקיסטן,2,2,4
2021-09-22T00:00:00.000Z,סלובניה,8,5,13
2021-09-22T00:00:00.000Z,קזחסטאן,0,2,2
2021-09-22T00:00:00.000Z,מונטנגרו,134,30,164
2021-09-22T00:00:00.000Z,שוודיה,9,2,11
2021-09-22T00:00:00.000Z,בוטסואנה,0,35,35
2021-09-22T00:00:00.000Z,גרמניה,451,105,556
2021-09-22T00:00:00.000Z,אזרביג'אן,5,5,10
2021-09-22T00:00:00.000Z,גאורגיה,302,95,397
2021-09-22T00:00:00.000Z,טנזניה,13,4,17
2021-09-22T00:00:00.000Z,לטביה,0,1,1
2021-09-22T00:00:00.000Z,דרום אפריקה,18,12,30
2021-09-22T00:00:00.000Z,ליבריה,1,1,2
2021-09-22T00:00:00.000Z,איסלנד,15,1,16
2021-09-22T00:00:00.000Z,אנגולה,7,1,8
2021-09-22T00:00:00.000Z,מוזמביק,1,1,2
2021-09-22T00:00:00.000Z,גאנה,1,1,2
2021-09-22T00:00:00.000Z,ארמניה,1,2,3
2021-09-22T00:00:00.000Z,אוגנדה,3,2,5
2021-09-22T00:00:00.000Z,שוויץ,260,52,312
2021-09-22T00:00:00.000Z,גמייקה,2,0,2
2021-09-22T00:00:00.000Z,מקדוניה,1,0,1
2021-09-22T00:00:00.000Z,סין,1,0,1
2021-09-22T00:00:00.000Z,גווטאמלה,3,1,4
2021-09-22T00:00:00.000Z,ברזיל,0,2,2
2021-09-22T00:00:00.000Z,קניה,3,4,7
2021-09-22T00:00:00.000Z,מקסיקו,0,5,5
2021-09-22T00:00:00.000Z,סרביה,68,24,92
2021-09-22T00:00:00.000Z,קוסטה ריקה,18,15,33
2021-09-22T00:00:00.000Z,הונגריה,524,137,661
2021-09-22T00:00:00.000Z,איחוד האמירויות הערב,164,66,230
2021-09-22T00:00:00.000Z,בולגריה,17,22,39
2021-09-22T00:00:00.000Z,אירלנד,9,0,9
2021-09-22T00:00:00.000Z,ניקרגואה,1,1,2
2021-09-22T00:00:00.000Z,זימבאבווה,2,0,2
2021-09-22T00:00:00.000Z,אלבניה,7,4,11
2021-09-22T00:00:00.000Z,רומניה,484,139,623
2021-09-22T00:00:00.000Z,קפריסין,372,129,501
2021-09-22T00:00:00.000Z,הונג קונג,0,1,1
2021-09-22T00:00:00.000Z,מצרים,766,299,1065
2021-09-22T00:00:00.000Z,אוסטרליה,1,1,2
2021-09-22T00:00:00.000Z,רוסיה,143,175,318
2021-09-22T00:00:00.000Z,קנדה,75,58,133
2021-09-22T00:00:00.000Z,קרואטיה,24,15,39
2021-09-22T00:00:00.000Z,כלל המדינות,11411,4482,15893
2021-09-22T00:00:00.000Z,איטליה,521,81,602
2021-09-22T00:00:00.000Z,איי סיישל,98,24,122
2021-09-22T00:00:00.000Z,סנגל,0,2,2
2021-09-22T00:00:00.000Z,אוסטריה,426,117,543
2021-09-22T00:00:00.000Z,גמביה,1,0,1
2021-09-22T00:00:00.000Z,הרפ הדומיניקנית,8,3,11
2021-09-23T00:00:00.000Z,רוסיה,173,216,389
2021-09-23T00:00:00.000Z,קירג'זסטאן,3,1,4
2021-09-23T00:00:00.000Z,ניגריה,3,2,5
2021-09-23T00:00:00.000Z,אוזבקיסטן,6,8,14
2021-09-23T00:00:00.000Z,גויאנה הצרפתית,2,0,2
2021-09-23T00:00:00.000Z,מצרים,815,318,1133
2021-09-23T00:00:00.000Z,אל סלבדור,1,1,2
2021-09-23T00:00:00.000Z,קולומביה,8,7,15
2021-09-23T00:00:00.000Z,ברזיל,3,2,5
2021-09-23T00:00:00.000Z,צ'ילה,3,0,3
2021-09-23T00:00:00.000Z,אזרביג'אן,108,29,137
2021-09-23T00:00:00.000Z,קוסטה ריקה,8,18,26
2021-09-23T00:00:00.000Z,סלובקיה,2,0,2
2021-09-23T00:00:00.000Z,נמיביה,2,0,2
2021-09-23T00:00:00.000Z,הונדורס,2,0,2
2021-09-23T00:00:00.000Z,קזחסטאן,0,1,1
2021-09-23T00:00:00.000Z,פורטוגל,63,36,99
2021-09-23T00:00:00.000Z,תורכיה,19,26,45
2021-09-23T00:00:00.000Z,מקדוניה,4,0,4
2021-09-23T00:00:00.000Z,גאורגיה,623,106,729
2021-09-23T00:00:00.000Z,הולנד,136,78,214
2021-09-23T00:00:00.000Z,בילורוסיה,100,74,174
2021-09-23T00:00:00.000Z,פינלנד,5,0,5
2021-09-23T00:00:00.000Z,יפן,2,1,3
2021-09-23T00:00:00.000Z,רומניה,153,44,197
2021-09-23T00:00:00.000Z,קנדה,83,60,143
2021-09-23T00:00:00.000Z,דרום אפריקה,23,10,33
2021-09-23T00:00:00.000Z,ספרד,332,107,439
2021-09-23T00:00:00.000Z,מונטנגרו,1,0,1
2021-09-23T00:00:00.000Z,בוסניה הרצגובינה,2,0,2
2021-09-23T00:00:00.000Z,ארגנטינה,4,7,11
2021-09-23T00:00:00.000Z,פרו,9,24,33
2021-09-23T00:00:00.000Z,אורגוואי,0,4,4
2021-09-23T00:00:00.000Z,חוף השנהב,1,2,3
2021-09-23T00:00:00.000Z,פולין,239,46,285
2021-09-23T00:00:00.000Z,ארמניה,126,20,146
2021-09-23T00:00:00.000Z,ארצות הברית,1341,934,2275
2021-09-23T00:00:00.000Z,טנזניה,22,12,34
2021-09-23T00:00:00.000Z,סין,0,4,4
2021-09-23T00:00:00.000Z,גרמניה,409,95,504
2021-09-23T00:00:00.000Z,אירלנד,9,2,11
2021-09-23T00:00:00.000Z,ליטא,127,37,164
2021-09-23T00:00:00.000Z,קרואטיה,2,0,2
2021-09-23T00:00:00.000Z,פנמה,11,13,24
2021-09-23T00:00:00.000Z,כלל המדינות,13546,5927,19473
2021-09-23T00:00:00.000Z,יוון,2003,538,2541
2021-09-23T00:00:00.000Z,גבון,0,2,2
2021-09-23T00:00:00.000Z,קפריסין,359,143,502
2021-09-23T00:00:00.000Z,אוקראינה,405,218,623
2021-09-23T00:00:00.000Z,בלגיה,80,61,141
2021-09-23T00:00:00.000Z,מלדיבים,53,16,69
2021-09-23T00:00:00.000Z,סרי לנקה (צילון),2,2,4
2021-09-23T00:00:00.000Z,איי סיישל,10,0,10
2021-09-23T00:00:00.000Z,אוגנדה,1,1,2
2021-09-23T00:00:00.000Z,קניה,7,3,10
2021-09-23T00:00:00.000Z,מקסיקו,0,1,1
2021-09-23T00:00:00.000Z,נורבגיה,0,2,2
2021-09-23T00:00:00.000Z,גאנה,2,0,2
2021-09-23T00:00:00.000Z,תורכמניסטאן,0,2,2
2021-09-23T00:00:00.000Z,סרביה,4,5,9
2021-09-23T00:00:00.000Z,אלבניה,3,3,6
2021-09-23T00:00:00.000Z,אוסטריה,429,108,537
2021-09-23T00:00:00.000Z,איטליה,966,210,1176
2021-09-23T00:00:00.000Z,גווטאמלה,11,5,16
2021-09-23T00:00:00.000Z,הרפ הדומיניקנית,13,2,15
2021-09-23T00:00:00.000Z,מרוקו,6,5,11
2021-09-23T00:00:00.000Z,אסטוניה,1,0,1
2021-09-23T00:00:00.000Z,איסלנד,102,15,117
2021-09-23T00:00:00.000Z,צכיה,418,65,483
2021-09-23T00:00:00.000Z,איחוד האמירויות הערב,167,52,219
2021-09-23T00:00:00.000Z,הונגריה,765,154,919
2021-09-23T00:00:00.000Z,אוסטרליה,2,1,3
2021-09-23T00:00:00.000Z,הממלכה המאוחדת,414,223,637
2021-09-23T00:00:00.000Z,מולדובה,85,81,166
2021-09-23T00:00:00.000Z,ירדן,366,103,469
2021-09-23T00:00:00.000Z,טג'יקיסטאן,3,0,3
2021-09-23T00:00:00.000Z,שוויץ,195,78,273
2021-09-23T00:00:00.000Z,שוודיה,15,16,31
2021-09-23T00:00:00.000Z,דנמרק,119,44,163
2021-09-23T00:00:00.000Z,הודו,2,1,3
2021-09-23T00:00:00.000Z,אתיופיה,25,19,44
2021-09-23T00:00:00.000Z,צרפת,634,348,982
2021-09-23T00:00:00.000Z,קטר,1,0,1
2021-09-24T00:00:00.000Z,הונגריה,462,46,508
2021-09-24T00:00:00.000Z,תאילנד,174,88,262
2021-09-24T00:00:00.000Z,מונטנגרו,309,40,349
2021-09-24T00:00:00.000Z,ספרד,484,73,557
2021-09-24T00:00:00.000Z,אוזבקיסטן,5,2,7
2021-09-24T00:00:00.000Z,נפאל,1,2,3
2021-09-24T00:00:00.000Z,אזרביג'אן,7,0,7
2021-09-24T00:00:00.000Z,גרמניה,498,98,596
2021-09-24T00:00:00.000Z,אירלנד,11,2,13
2021-09-24T00:00:00.000Z,ארגנטינה,13,11,24
2021-09-24T00:00:00.000Z,תורכיה,27,42,69
2021-09-24T00:00:00.000Z,שוויץ,329,71,400
2021-09-24T00:00:00.000Z,ברזיל,2,5,7
2021-09-24T00:00:00.000Z,קנדה,83,69,152
2021-09-24T00:00:00.000Z,אקואדור,4,3,7
2021-09-24T00:00:00.000Z,יוון,1587,364,1951
2021-09-24T00:00:00.000Z,גאורגיה,166,38,204
2021-09-24T00:00:00.000Z,גיברלטר,4,1,5
2021-09-24T00:00:00.000Z,קניה,2,0,2
2021-09-24T00:00:00.000Z,ערב הסעודית,1,1,2
2021-09-24T00:00:00.000Z,תוניסיה,1,0,1
2021-09-24T00:00:00.000Z,אלבניה,5,1,6
2021-09-24T00:00:00.000Z,רומניה,385,62,447
2021-09-24T00:00:00.000Z,איטליה,542,113,655
2021-09-24T00:00:00.000Z,סרביה,6,2,8
2021-09-24T00:00:00.000Z,צכיה,828,92,920
2021-09-24T00:00:00.000Z,פינלנד,96,11,107
2021-09-24T00:00:00.000Z,מרוקו,10,4,14
2021-09-24T00:00:00.000Z,רוסיה,300,204,504
2021-09-24T00:00:00.000Z,מלדיבים,37,12,49
2021-09-24T00:00:00.000Z,סינגפור,2,2,4
2021-09-24T00:00:00.000Z,קזחסטאן,11,1,12
2021-09-24T00:00:00.000Z,איי סיישל,2,0,2
2021-09-24T00:00:00.000Z,הולנד,77,30,107
2021-09-24T00:00:00.000Z,קטר,4,0,4
2021-09-24T00:00:00.000Z,דומיניקה,2,0,2
2021-09-24T00:00:00.000Z,פיליפינים,0,2,2
2021-09-24T00:00:00.000Z,בוסניה הרצגובינה,52,24,76
2021-09-24T00:00:00.000Z,ארצות הברית,1524,770,2294
2021-09-24T00:00:00.000Z,בילורוסיה,85,35,120
2021-09-24T00:00:00.000Z,אורגוואי,1,1,2
2021-09-24T00:00:00.000Z,הממלכה המאוחדת,310,135,445
2021-09-24T00:00:00.000Z,ניגריה,1,1,2
2021-09-24T00:00:00.000Z,מקדוניה,0,1,1
2021-09-24T00:00:00.000Z,אתיופיה,2,0,2
2021-09-24T00:00:00.000Z,אסטוניה,4,0,4
2021-09-24T00:00:00.000Z,אוסטרליה,2,1,3
2021-09-24T00:00:00.000Z,זאיר,1,0,1
2021-09-24T00:00:00.000Z,קרואטיה,35,12,47
2021-09-24T00:00:00.000Z,סלובניה,1,0,1
2021-09-24T00:00:00.000Z,מצרים,1039,391,1430
2021-09-24T00:00:00.000Z,פרו,4,7,11
2021-09-24T00:00:00.000Z,פולין,328,55,383
2021-09-24T00:00:00.000Z,כלל המדינות,13781,4831,18612
2021-09-24T00:00:00.000Z,ליטא,4,0,4
2021-09-24T00:00:00.000Z,איסלנד,6,0,6
2021-09-24T00:00:00.000Z,סין,2,0,2
2021-09-24T00:00:00.000Z,תורכמניסטאן,1,0,1
2021-09-24T00:00:00.000Z,לטביה,0,2,2
2021-09-24T00:00:00.000Z,הודו,5,4,9
2021-09-24T00:00:00.000Z,ונצואלה,0,1,1
2021-09-24T00:00:00.000Z,דרום אפריקה,0,2,2
2021-09-24T00:00:00.000Z,קוסטה ריקה,49,38,87
2021-09-24T00:00:00.000Z,הרפ הדומיניקנית,19,5,24
2021-09-24T00:00:00.000Z,סלובקיה,156,27,183
2021-09-24T00:00:00.000Z,טנזניה,1,3,4
2021-09-24T00:00:00.000Z,גווטאמלה,3,3,6
2021-09-24T00:00:00.000Z,בלגיה,20,6,26
2021-09-24T00:00:00.000Z,אוקראינה,491,261,752
2021-09-24T00:00:00.000Z,פנמה,4,5,9
2021-09-24T00:00:00.000Z,סרי לנקה (צילון),4,1,5
2021-09-24T00:00:00.000Z,קפריסין,369,136,505
2021-09-24T00:00:00.000Z,ירדן,2,4,6
2021-09-24T00:00:00.000Z,צרפת,455,154,609
2021-09-24T00:00:00.000Z,נורבגיה,3,0,3
2021-09-24T00:00:00.000Z,בולגריה,10,24,34
2021-09-24T00:00:00.000Z,קירג'זסטאן,3,0,3
2021-09-24T00:00:00.000Z,קובה,1,0,1
2021-09-24T00:00:00.000Z,מולדובה,69,54,123
2021-09-24T00:00:00.000Z,איחוד האמירויות הערב,201,47,248
2021-09-24T00:00:00.000Z,קוסובו,1,0,1
2021-09-24T00:00:00.000Z,לוכסמבורג,0,1,1
2021-09-24T00:00:00.000Z,ארמניה,6,0,6
2021-09-24T00:00:00.000Z,קולומביה,2,10,12
2021-09-24T00:00:00.000Z,דנמרק,6,0,6
2021-09-24T00:00:00.000Z,שוודיה,10,1,11
2021-09-24T00:00:00.000Z,אוסטריה,1113,209,1322
2021-09-24T00:00:00.000Z,פורטוגל,19,8,27
2021-09-25T00:00:00.000Z,דנמרק,20,3,23
2021-09-25T00:00:00.000Z,אוסטרליה,3,0,3
2021-09-25T00:00:00.000Z,ספרד,118,20,138
2021-09-25T00:00:00.000Z,נמיביה,3,0,3
2021-09-25T00:00:00.000Z,הממלכה המאוחדת,446,66,512
2021-09-25T00:00:00.000Z,הונגריה,278,42,320
2021-09-25T00:00:00.000Z,הולנד,119,52,171
2021-09-25T00:00:00.000Z,טנזניה,29,5,34
2021-09-25T00:00:00.000Z,אקואדור,1,1,2
2021-09-25T00:00:00.000Z,פורטוגל,31,5,36
2021-09-25T00:00:00.000Z,יפן,0,4,4
2021-09-25T00:00:00.000Z,רוסיה,39,22,61
2021-09-25T00:00:00.000Z,דרום אפריקה,39,16,55
2021-09-25T00:00:00.000Z,סט. לוציה,1,0,1
2021-09-25T00:00:00.000Z,הרפ הדומיניקנית,23,1,24
2021-09-25T00:00:00.000Z,מונטנגרו,1,1,2
2021-09-25T00:00:00.000Z,אוגנדה,4,1,5
2021-09-25T00:00:00.000Z,אוקראינה,241,108,349
2021-09-25T00:00:00.000Z,פרגוואי,2,0,2
2021-09-25T00:00:00.000Z,קוסטה ריקה,10,1,11
2021-09-25T00:00:00.000Z,תורכיה,30,52,82
2021-09-25T00:00:00.000Z,ליטא,4,3,7
2021-09-25T00:00:00.000Z,מרוקו,1,0,1
2021-09-25T00:00:00.000Z,אלבניה,4,0,4
2021-09-25T00:00:00.000Z,טג'יקיסטאן,1,0,1
2021-09-25T00:00:00.000Z,גרמניה,415,87,502
2021-09-25T00:00:00.000Z,רואנדה,1,0,1
2021-09-25T00:00:00.000Z,ארצות הברית,1368,464,1832
2021-09-25T00:00:00.000Z,בוטסואנה,1,0,1
2021-09-25T00:00:00.000Z,צרפת,557,109,666
2021-09-25T00:00:00.000Z,פרו,10,1,11
2021-09-25T00:00:00.000Z,אתיופיה,33,15,48
2021-09-25T00:00:00.000Z,תאילנד,0,6,6
2021-09-25T00:00:00.000Z,גווטאמלה,2,2,4
2021-09-25T00:00:00.000Z,אנגולה,3,0,3
2021-09-25T00:00:00.000Z,קרואטיה,32,4,36
2021-09-25T00:00:00.000Z,קירג'זסטאן,3,0,3
2021-09-25T00:00:00.000Z,גאנה,3,3,6
2021-09-25T00:00:00.000Z,צ'ילה,2,0,2
2021-09-25T00:00:00.000Z,רומניה,553,96,649
2021-09-25T00:00:00.000Z,קוריאה הדרומית,0,6,6
2021-09-25T00:00:00.000Z,יוון,1641,305,1946
2021-09-25T00:00:00.000Z,אוסטריה,477,99,576
2021-09-25T00:00:00.000Z,איטליה,669,104,773
2021-09-25T00:00:00.000Z,מלדיבים,70,7,77
2021-09-25T00:00:00.000Z,תורכמניסטאן,0,1,1
2021-09-25T00:00:00.000Z,טיוואן,0,1,1
2021-09-25T00:00:00.000Z,פולין,216,27,243
2021-09-25T00:00:00.000Z,הודו,6,3,9
2021-09-25T00:00:00.000Z,בלגיה,6,2,8
2021-09-25T00:00:00.000Z,נפאל,2,0,2
2021-09-25T00:00:00.000Z,גינאה המשוונית,0,2,2
2021-09-25T00:00:00.000Z,שוודיה,2,4,6
2021-09-25T00:00:00.000Z,קנדה,114,54,168
2021-09-25T00:00:00.000Z,הונדורס,3,0,3
2021-09-25T00:00:00.000Z,סנגל,0,1,1
2021-09-25T00:00:00.000Z,ארמניה,4,0,4
2021-09-25T00:00:00.000Z,זמביה,1,0,1
2021-09-25T00:00:00.000Z,סרי לנקה (צילון),5,0,5
2021-09-25T00:00:00.000Z,שוויץ,158,15,173
2021-09-25T00:00:00.000Z,ירדן,1,3,4
2021-09-25T00:00:00.000Z,אל סלבדור,1,1,2
2021-09-25T00:00:00.000Z,אנדורה,1,0,1
2021-09-25T00:00:00.000Z,מוזמביק,3,0,3
2021-09-25T00:00:00.000Z,אסטוניה,2,1,3
2021-09-25T00:00:00.000Z,מקדוניה,1,0,1
2021-09-25T00:00:00.000Z,אזרביג'אן,5,1,6
2021-09-25T00:00:00.000Z,קולומביה,7,1,8
2021-09-25T00:00:00.000Z,צכיה,622,80,702
2021-09-25T00:00:00.000Z,גמייקה,2,1,3
2021-09-25T00:00:00.000Z,מקאו,0,1,1
2021-09-25T00:00:00.000Z,קזחסטאן,1,0,1
2021-09-25T00:00:00.000Z,איחוד האמירויות הערב,275,45,320
2021-09-25T00:00:00.000Z,בחריין,2,1,3
2021-09-25T00:00:00.000Z,בוסניה הרצגובינה,2,0,2
2021-09-25T00:00:00.000Z,כלל המדינות,11817,3431,15248
2021-09-25T00:00:00.000Z,אוזבקיסטן,3,7,10
2021-09-25T00:00:00.000Z,איי סיישל,17,5,22
2021-09-25T00:00:00.000Z,מאלי,2,2,4
2021-09-25T00:00:00.000Z,סרביה,7,1,8
2021-09-25T00:00:00.000Z,פולינזיה הצרפתית,2,0,2
2021-09-25T00:00:00.000Z,אירלנד,8,1,9
2021-09-25T00:00:00.000Z,נורבגיה,0,3,3
2021-09-25T00:00:00.000Z,סינגפור,0,2,2
2021-09-25T00:00:00.000Z,לטביה,87,16,103
2021-09-25T00:00:00.000Z,חוף השנהב,1,0,1
2021-09-25T00:00:00.000Z,פינלנד,4,0,4
2021-09-25T00:00:00.000Z,טוגו,1,0,1
2021-09-25T00:00:00.000Z,סלובניה,14,1,15
2021-09-25T00:00:00.000Z,קניה,11,5,16
2021-09-25T00:00:00.000Z,פנמה,8,6,14
2021-09-25T00:00:00.000Z,גאורגיה,339,62,401
2021-09-25T00:00:00.000Z,ניגריה,4,2,6
2021-09-25T00:00:00.000Z,איסלנד,71,10,81
2021-09-25T00:00:00.000Z,מצרים,1740,519,2259
2021-09-25T00:00:00.000Z,קפריסין,303,112,415
2021-09-26T00:00:00.000Z,הממלכה המאוחדת,782,174,956
2021-09-26T00:00:00.000Z,נורבגיה,6,2,8
2021-09-26T00:00:00.000Z,פקיסטן,0,1,1
2021-09-26T00:00:00.000Z,בולגריה,12,27,39
2021-09-26T00:00:00.000Z,אוסטרליה,3,4,7
2021-09-26T00:00:00.000Z,לוכסמבורג,1,0,1
2021-09-26T00:00:00.000Z,ארגנטינה,8,4,12
2021-09-26T00:00:00.000Z,ארצות הברית,1598,647,2245
2021-09-26T00:00:00.000Z,מוזמביק,3,2,5
2021-09-26T00:00:00.000Z,קנדה,125,47,172
2021-09-26T00:00:00.000Z,סלובקיה,2,1,3
2021-09-26T00:00:00.000Z,הונדורס,0,2,2
2021-09-26T00:00:00.000Z,צרפת,789,213,1002
2021-09-26T00:00:00.000Z,סרי לנקה (צילון),2,1,3
2021-09-26T00:00:00.000Z,טנזניה,1,0,1
2021-09-26T00:00:00.000Z,ספרד,385,62,447
2021-09-26T00:00:00.000Z,יפן,1,2,3
2021-09-26T00:00:00.000Z,סין,1,0,1
2021-09-26T00:00:00.000Z,אוגנדה,2,0,2
2021-09-26T00:00:00.000Z,סן מרינו,2,0,2
2021-09-26T00:00:00.000Z,מצרים,2044,645,2689
2021-09-26T00:00:00.000Z,ברזיל,0,1,1
2021-09-26T00:00:00.000Z,ויטנאם,2,7,9
2021-09-26T00:00:00.000Z,דרום אפריקה,7,7,14
2021-09-26T00:00:00.000Z,פולינזיה הצרפתית,0,1,1
2021-09-26T00:00:00.000Z,גווטאמלה,2,2,4
2021-09-26T00:00:00.000Z,ראוניון,1,0,1
2021-09-26T00:00:00.000Z,קניה,1,0,1
2021-09-26T00:00:00.000Z,ירדן,658,190,848
2021-09-26T00:00:00.000Z,מיאנמר (בורמה),0,2,2
2021-09-26T00:00:00.000Z,תורכיה,33,50,83
2021-09-26T00:00:00.000Z,ניגריה,3,2,5
2021-09-26T00:00:00.000Z,אלבניה,11,2,13
2021-09-26T00:00:00.000Z,אורגוואי,3,3,6
2021-09-26T00:00:00.000Z,מלדיבים,103,14,117
2021-09-26T00:00:00.000Z,קרואטיה,33,7,40
2021-09-26T00:00:00.000Z,צכיה,593,48,641
2021-09-26T00:00:00.000Z,אסטוניה,1,0,1
2021-09-26T00:00:00.000Z,טובלו,1,0,1
2021-09-26T00:00:00.000Z,קוסטה ריקה,33,15,48
2021-09-26T00:00:00.000Z,הרפ הדומיניקנית,64,12,76
2021-09-26T00:00:00.000Z,בלגיה,91,41,132
2021-09-26T00:00:00.000Z,הונגריה,986,110,1096
2021-09-26T00:00:00.000Z,קוריאה הדרומית,4,2,6
2021-09-26T00:00:00.000Z,ארמניה,4,0,4
2021-09-26T00:00:00.000Z,בילורוסיה,133,37,170
2021-09-26T00:00:00.000Z,פנמה,5,9,14
2021-09-26T00:00:00.000Z,קזחסטאן,1,2,3
2021-09-26T00:00:00.000Z,שוודיה,7,10,17
2021-09-26T00:00:00.000Z,חוף השנהב,2,2,4
2021-09-26T00:00:00.000Z,דנמרק,165,39,204
2021-09-26T00:00:00.000Z,איחוד האמירויות הערב,365,109,474
2021-09-26T00:00:00.000Z,מקדוניה,2,2,4
2021-09-26T00:00:00.000Z,איי סיישל,423,84,507
2021-09-26T00:00:00.000Z,מונטנגרו,185,10,195
2021-09-26T00:00:00.000Z,מולדובה,164,88,252
2021-09-26T00:00:00.000Z,אנגולה,5,1,6
2021-09-26T00:00:00.000Z,יוון,2928,544,3472
2021-09-26T00:00:00.000Z,אוקראינה,601,255,856
2021-09-26T00:00:00.000Z,פיליפינים,0,3,3
2021-09-26T00:00:00.000Z,גאורגיה,979,100,1079
2021-09-26T00:00:00.000Z,אירלנד,34,4,38
2021-09-26T00:00:00.000Z,אזרביג'אן,139,27,166
2021-09-26T00:00:00.000Z,הודו,4,0,4
2021-09-26T00:00:00.000Z,לטביה,2,0,2
2021-09-26T00:00:00.000Z,קפריסין,1189,303,1492
2021-09-26T00:00:00.000Z,פינלנד,1,0,1
2021-09-26T00:00:00.000Z,איסלנד,63,6,69
2021-09-26T00:00:00.000Z,מקסיקו,0,1,1
2021-09-26T00:00:00.000Z,כלל המדינות,21425,6070,27495
2021-09-26T00:00:00.000Z,פולין,367,42,409
2021-09-26T00:00:00.000Z,מרוקו,18,8,26
2021-09-26T00:00:00.000Z,אוסטריה,667,105,772
2021-09-26T00:00:00.000Z,סרביה,9,1,10
2021-09-26T00:00:00.000Z,שוויץ,562,135,697
2021-09-26T00:00:00.000Z,קולומביה,6,3,9
2021-09-26T00:00:00.000Z,פורטוגל,66,25,91
2021-09-26T00:00:00.000Z,מלטה,0,3,3
2021-09-26T00:00:00.000Z,עומן,2,0,2
2021-09-26T00:00:00.000Z,קירג'זסטאן,3,3,6
2021-09-26T00:00:00.000Z,רוסיה,211,191,402
2021-09-26T00:00:00.000Z,רומניה,304,33,337
2021-09-26T00:00:00.000Z,פרו,0,7,7
2021-09-26T00:00:00.000Z,הולנד,319,61,380
2021-09-26T00:00:00.000Z,אקואדור,1,0,1
2021-09-26T00:00:00.000Z,תאילנד,2,1,3
2021-09-26T00:00:00.000Z,תורכמניסטאן,0,1,1
2021-09-26T00:00:00.000Z,תוניסיה,1,5,6
2021-09-26T00:00:00.000Z,ליטא,139,18,157
2021-09-26T00:00:00.000Z,גרמניה,730,164,894
2021-09-26T00:00:00.000Z,אוזבקיסטן,0,3,3
2021-09-26T00:00:00.000Z,איטליה,871,145,1016
2021-09-26T00:00:00.000Z,כווית,1,0,1
2021-09-27T00:00:00.000Z,מלדיבים,232,31,263
2021-09-27T00:00:00.000Z,לטביה,2,0,2
2021-09-27T00:00:00.000Z,אקואדור,3,2,5
2021-09-27T00:00:00.000Z,טנזניה,35,8,43
2021-09-27T00:00:00.000Z,פנמה,6,11,17
2021-09-27T00:00:00.000Z,אלבניה,1,0,1
2021-09-27T00:00:00.000Z,קנדה,246,108,354
2021-09-27T00:00:00.000Z,צרפת,1132,152,1284
2021-09-27T00:00:00.000Z,דנמרק,46,4,50
2021-09-27T00:00:00.000Z,ארמניה,11,1,12
2021-09-27T00:00:00.000Z,גווטאמלה,2,4,6
2021-09-27T00:00:00.000Z,אוסטרליה,6,2,8
2021-09-27T00:00:00.000Z,מצרים,2162,524,2686
2021-09-27T00:00:00.000Z,בלגיה,107,53,160
2021-09-27T00:00:00.000Z,קירג'זסטאן,27,2,29
2021-09-27T00:00:00.000Z,פיליפינים,1,0,1
2021-09-27T00:00:00.000Z,ליטא,8,3,11
2021-09-27T00:00:00.000Z,מונקו,1,0,1
2021-09-27T00:00:00.000Z,איי סיישל,119,16,135
2021-09-27T00:00:00.000Z,סינגפור,1,0,1
2021-09-27T00:00:00.000Z,רוסיה,331,179,510
2021-09-27T00:00:00.000Z,תאילנד,162,56,218
2021-09-27T00:00:00.000Z,טיוואן,0,1,1
2021-09-27T00:00:00.000Z,קובה,2,0,2
2021-09-27T00:00:00.000Z,דרום אפריקה,27,22,49
2021-09-27T00:00:00.000Z,גרמניה,877,86,963
2021-09-27T00:00:00.000Z,קניה,8,3,11
2021-09-27T00:00:00.000Z,נורבגיה,6,0,6
2021-09-27T00:00:00.000Z,אנגולה,3,0,3
2021-09-27T00:00:00.000Z,גרנדה,1,0,1
2021-09-27T00:00:00.000Z,פולין,652,72,724
2021-09-27T00:00:00.000Z,לוכסמבורג,1,1,2
2021-09-27T00:00:00.000Z,רומניה,488,37,525
2021-09-27T00:00:00.000Z,הרפ הדומיניקנית,7,4,11
2021-09-27T00:00:00.000Z,מאלי,4,0,4
2021-09-27T00:00:00.000Z,האנטילים ההולנדים,0,1,1
2021-09-27T00:00:00.000Z,הולנד,81,28,109
2021-09-27T00:00:00.000Z,צכיה,1096,91,1187
2021-09-27T00:00:00.000Z,ספרד,588,72,660
2021-09-27T00:00:00.000Z,תוניסיה,1,3,4
2021-09-27T00:00:00.000Z,מקסיקו,2,3,5
2021-09-27T00:00:00.000Z,אוסטריה,1260,201,1461
2021-09-27T00:00:00.000Z,בוסניה הרצגובינה,27,4,31
2021-09-27T00:00:00.000Z,זאיר,1,0,1
2021-09-27T00:00:00.000Z,קזחסטאן,3,5,8
2021-09-27T00:00:00.000Z,בורקינה פאסו,2,0,2
2021-09-27T00:00:00.000Z,איחוד האמירויות הערב,532,108,640
2021-09-27T00:00:00.000Z,הממלכה המאוחדת,963,180,1143
2021-09-27T00:00:00.000Z,אירלנד,8,5,13
2021-09-27T00:00:00.000Z,קרואטיה,40,2,42
2021-09-27T00:00:00.000Z,כלל המדינות,22919,5271,28190
2021-09-27T00:00:00.000Z,קפריסין,441,100,541
2021-09-27T00:00:00.000Z,ניקרגואה,1,0,1
2021-09-27T00:00:00.000Z,שוודיה,2,1,3
2021-09-27T00:00:00.000Z,אזרביג'אן,54,54,108
2021-09-27T00:00:00.000Z,פולינזיה הצרפתית,1,0,1
2021-09-27T00:00:00.000Z,נפאל,1,0,1
2021-09-27T00:00:00.000Z,קוריאה הדרומית,1,0,1
2021-09-27T00:00:00.000Z,גאנה,0,3,3
2021-09-27T00:00:00.000Z,יוון,2315,256,2571
2021-09-27T00:00:00.000Z,אסטוניה,4,2,6
2021-09-27T00:00:00.000Z,מולדובה,4,1,5
2021-09-27T00:00:00.000Z,הונגריה,604,56,660
2021-09-27T00:00:00.000Z,אוזבקיסטן,64,76,140
2021-09-27T00:00:00.000Z,שוויץ,445,61,506
2021-09-27T00:00:00.000Z,פינלנד,18,1,19
2021-09-27T00:00:00.000Z,אתיופיה,25,10,35
2021-09-27T00:00:00.000Z,פורטוגל,152,35,187
2021-09-27T00:00:00.000Z,איסלנד,77,2,79
2021-09-27T00:00:00.000Z,ארצות הברית,2579,819,3398
2021-09-27T00:00:00.000Z,סרי לנקה (צילון),5,2,7
2021-09-27T00:00:00.000Z,קוסטה ריקה,29,12,41
2021-09-27T00:00:00.000Z,אוגנדה,1,0,1
2021-09-27T00:00:00.000Z,אוקראינה,607,192,799
2021-09-27T00:00:00.000Z,סלובקיה,187,17,204
2021-09-27T00:00:00.000Z,מונטנגרו,491,25,516
2021-09-27T00:00:00.000Z,הודו,38,99,137
2021-09-27T00:00:00.000Z,אורגוואי,4,0,4
2021-09-27T00:00:00.000Z,איטליה,1278,120,1398
2021-09-27T00:00:00.000Z,ניגריה,2,2,4
2021-09-27T00:00:00.000Z,מרוקו,17,14,31
2021-09-27T00:00:00.000Z,תורכיה,45,21,66
2021-09-27T00:00:00.000Z,גאורגיה,704,76,780
2021-09-27T00:00:00.000Z,סרביה,104,18,122
2021-09-27T00:00:00.000Z,פרו,12,10,22
2021-09-27T00:00:00.000Z,יפן,0,2,2
2021-09-27T00:00:00.000Z,קולומביה,14,4,18
2021-09-27T00:00:00.000Z,ירדן,246,56,302
2021-09-27T00:00:00.000Z,צ'ילה,1,4,5
2021-09-27T00:00:00.000Z,סלובניה,5,0,5
2021-09-28T00:00:00.000Z,בחריין,1,0,1
2021-09-28T00:00:00.000Z,אלבניה,12,0,12
2021-09-28T00:00:00.000Z,זימבאבווה,3,0,3
2021-09-28T00:00:00.000Z,מרוקו,14,0,14
2021-09-28T00:00:00.000Z,סרביה,19,3,22
2021-09-28T00:00:00.000Z,הממלכה המאוחדת,272,21,293
2021-09-28T00:00:00.000Z,מלטה,3,0,3
2021-09-28T00:00:00.000Z,ניו זילנד,0,1,1
2021-09-28T00:00:00.000Z,אירלנד,19,2,21
2021-09-28T00:00:00.000Z,מונטנגרו,10,1,11
2021-09-28T00:00:00.000Z,פינלנד,4,2,6
2021-09-28T00:00:00.000Z,טוגו,1,0,1
2021-09-28T00:00:00.000Z,אוסטריה,562,56,618
2021-09-28T00:00:00.000Z,לטביה,75,8,83
2021-09-28T00:00:00.000Z,קמרון,1,1,2
2021-09-28T00:00:00.000Z,פיליפינים,0,5,5
2021-09-28T00:00:00.000Z,אוגנדה,1,2,3
2021-09-28T00:00:00.000Z,נפאל,4,0,4
2021-09-28T00:00:00.000Z,ויטנאם,1,0,1
2021-09-28T00:00:00.000Z,איי קייפ וורדה,1,0,1
2021-09-28T00:00:00.000Z,חוף השנהב,1,0,1
2021-09-28T00:00:00.000Z,פולין,274,28,302
2021-09-28T00:00:00.000Z,מאלי,1,0,1
2021-09-28T00:00:00.000Z,אורגוואי,6,0,6
2021-09-28T00:00:00.000Z,קזחסטאן,0,1,1
2021-09-28T00:00:00.000Z,מצרים,3303,765,4068
2021-09-28T00:00:00.000Z,קובה,0,1,1
2021-09-28T00:00:00.000Z,הרפ הדומיניקנית,25,5,30
2021-09-28T00:00:00.000Z,אקואדור,3,0,3
2021-09-28T00:00:00.000Z,איסלנד,139,3,142
2021-09-28T00:00:00.000Z,ארצות הברית,1478,258,1736
2021-09-28T00:00:00.000Z,אזרביג'אן,101,16,117
2021-09-28T00:00:00.000Z,אתיופיה,9,15,24
2021-09-28T00:00:00.000Z,סלובניה,13,0,13
2021-09-28T00:00:00.000Z,דנמרק,34,1,35
2021-09-28T00:00:00.000Z,קניה,15,6,21
2021-09-28T00:00:00.000Z,אוקראינה,286,93,379
2021-09-28T00:00:00.000Z,צכיה,586,48,634
2021-09-28T00:00:00.000Z,שוויץ,285,33,318
2021-09-28T00:00:00.000Z,איי סיישל,110,25,135
2021-09-28T00:00:00.000Z,מקדוניה,1,1,2
2021-09-28T00:00:00.000Z,ארגנטינה,12,0,12
2021-09-28T00:00:00.000Z,ספרד,617,63,680
2021-09-28T00:00:00.000Z,רומניה,429,55,484
2021-09-28T00:00:00.000Z,תורכיה,37,24,61
2021-09-28T00:00:00.000Z,פורטוגל,53,10,63
2021-09-28T00:00:00.000Z,טנזניה,37,6,43
2021-09-28T00:00:00.000Z,פנמה,14,5,19
2021-09-28T00:00:00.000Z,קרואטיה,18,0,18
2021-09-28T00:00:00.000Z,קנדה,177,33,210
2021-09-28T00:00:00.000Z,מולדובה,121,48,169
2021-09-28T00:00:00.000Z,כלל המדינות,17011,3503,20514
2021-09-28T00:00:00.000Z,בילורוסיה,0,1,1
2021-09-28T00:00:00.000Z,ארמניה,4,0,4
2021-09-28T00:00:00.000Z,יוון,2571,307,2878
2021-09-28T00:00:00.000Z,קולומביה,2,5,7
2021-09-28T00:00:00.000Z,הונג קונג,4,23,27
2021-09-28T00:00:00.000Z,פרגוואי,2,0,2
2021-09-28T00:00:00.000Z,איחוד האמירויות הערב,235,46,281
2021-09-28T00:00:00.000Z,גרמניה,484,75,559
2021-09-28T00:00:00.000Z,ליטא,21,3,24
2021-09-28T00:00:00.000Z,נורבגיה,3,1,4
2021-09-28T00:00:00.000Z,סרי לנקה (צילון),8,0,8
2021-09-28T00:00:00.000Z,מקסיקו,1,2,3
2021-09-28T00:00:00.000Z,האנטילים ההולנדים,6,0,6
2021-09-28T00:00:00.000Z,קוסטה ריקה,42,19,61
2021-09-28T00:00:00.000Z,קפריסין,260,58,318
2021-09-28T00:00:00.000Z,גאורגיה,518,48,566
2021-09-28T00:00:00.000Z,הונגריה,685,57,742
2021-09-28T00:00:00.000Z,הודו,4,1,5
2021-09-28T00:00:00.000Z,איטליה,857,87,944
2021-09-28T00:00:00.000Z,מלדיבים,95,9,104
2021-09-28T00:00:00.000Z,ערב הסעודית,2,1,3
2021-09-28T00:00:00.000Z,ניגריה,1,0,1
2021-09-28T00:00:00.000Z,ברזיל,1,1,2
2021-09-28T00:00:00.000Z,אסטוניה,6,0,6
2021-09-28T00:00:00.000Z,תאילנד,0,2,2
2021-09-28T00:00:00.000Z,אל סלבדור,2,0,2
2021-09-28T00:00:00.000Z,אוסטרליה,1,0,1
2021-09-28T00:00:00.000Z,קירג'זסטאן,8,0,8
2021-09-28T00:00:00.000Z,דרום אפריקה,23,5,28
2021-09-28T00:00:00.000Z,רוסיה,239,144,383
2021-09-28T00:00:00.000Z,בוסניה הרצגובינה,16,4,20
2021-09-28T00:00:00.000Z,אוזבקיסטן,5,3,8
2021-09-28T00:00:00.000Z,ירדן,217,50,267
2021-09-28T00:00:00.000Z,קוריאה הדרומית,5,0,5
2021-09-28T00:00:00.000Z,פרו,22,6,28
2021-09-28T00:00:00.000Z,אנגולה,1,0,1
2021-09-28T00:00:00.000Z,נמיביה,6,1,7
2021-09-28T00:00:00.000Z,גווטאמלה,2,4,6
2021-09-28T00:00:00.000Z,בלגיה,18,2,20
2021-09-28T00:00:00.000Z,הולנד,151,22,173
2021-09-28T00:00:00.000Z,מלזיה,1,0,1
2021-09-28T00:00:00.000Z,סין,10,69,79
2021-09-28T00:00:00.000Z,רואנדה,4,1,5
2021-09-28T00:00:00.000Z,שוודיה,10,2,12
2021-09-28T00:00:00.000Z,תוניסיה,2,2,4
2021-09-28T00:00:00.000Z,צרפת,685,79,764
2021-09-29T00:00:00.000Z,גווטאמלה,1,3,4
2021-09-29T00:00:00.000Z,בולגריה,26,26,52
2021-09-29T00:00:00.000Z,הולנד,271,53,324
2021-09-29T00:00:00.000Z,סרביה,7,1,8
2021-09-29T00:00:00.000Z,אוסטרליה,2,5,7
2021-09-29T00:00:00.000Z,סין,1,15,16
2021-09-29T00:00:00.000Z,שוודיה,4,5,9
2021-09-29T00:00:00.000Z,תאילנד,2,1,3
2021-09-29T00:00:00.000Z,אוזבקיסטן,3,5,8
2021-09-29T00:00:00.000Z,אקואדור,3,2,5
2021-09-29T00:00:00.000Z,קניה,4,3,7
2021-09-29T00:00:00.000Z,מונטנגרו,178,3,181
2021-09-29T00:00:00.000Z,בלגיה,11,4,15
2021-09-29T00:00:00.000Z,רוסיה,200,138,338
2021-09-29T00:00:00.000Z,קירג'זסטאן,19,0,19
2021-09-29T00:00:00.000Z,חוף השנהב,1,0,1
2021-09-29T00:00:00.000Z,אסטוניה,6,2,8
2021-09-29T00:00:00.000Z,ספרד,460,69,529
2021-09-29T00:00:00.000Z,ארמניה,4,5,9
2021-09-29T00:00:00.000Z,אירלנד,21,3,24
2021-09-29T00:00:00.000Z,תורכיה,63,21,84
2021-09-29T00:00:00.000Z,הונג קונג,0,1,1
2021-09-29T00:00:00.000Z,ירדן,89,39,128
2021-09-29T00:00:00.000Z,זימבאבווה,9,0,9
2021-09-29T00:00:00.000Z,מצרים,1517,398,1915
2021-09-29T00:00:00.000Z,סינגפור,0,5,5
2021-09-29T00:00:00.000Z,סלובניה,6,0,6
2021-09-29T00:00:00.000Z,גאנה,0,1,1
2021-09-29T00:00:00.000Z,זאיר,2,0,2
2021-09-29T00:00:00.000Z,פרו,16,8,24
2021-09-29T00:00:00.000Z,מאלי,1,1,2
2021-09-29T00:00:00.000Z,צכיה,805,72,877
2021-09-29T00:00:00.000Z,סלובקיה,194,18,212
2021-09-29T00:00:00.000Z,קוריאה הדרומית,0,3,3
2021-09-29T00:00:00.000Z,איסלנד,57,3,60
2021-09-29T00:00:00.000Z,בוסניה הרצגובינה,11,4,15
2021-09-29T00:00:00.000Z,דרום אפריקה,46,6,52
2021-09-29T00:00:00.000Z,דרום סודאן,1,0,1
2021-09-29T00:00:00.000Z,טג'יקיסטאן,0,1,1
2021-09-29T00:00:00.000Z,רואנדה,8,0,8
2021-09-29T00:00:00.000Z,כלל המדינות,17346,4133,21479
2021-09-29T00:00:00.000Z,הרפ הדומיניקנית,4,2,6
2021-09-29T00:00:00.000Z,גאורגיה,408,58,466
2021-09-29T00:00:00.000Z,קזחסטאן,4,7,11
2021-09-29T00:00:00.000Z,פינלנד,66,17,83
2021-09-29T00:00:00.000Z,בילורוסיה,117,47,164
2021-09-29T00:00:00.000Z,ארצות הברית,1936,439,2375
2021-09-29T00:00:00.000Z,קרואטיה,29,6,35
2021-09-29T00:00:00.000Z,זמביה,7,1,8
2021-09-29T00:00:00.000Z,ליטא,31,2,33
2021-09-29T00:00:00.000Z,ניגריה,8,1,9
2021-09-29T00:00:00.000Z,מוזמביק,1,3,4
2021-09-29T00:00:00.000Z,איי סיישל,113,42,155
2021-09-29T00:00:00.000Z,מקסיקו,1,1,2
2021-09-29T00:00:00.000Z,מדגסקר,1,0,1
2021-09-29T00:00:00.000Z,מלדיבים,81,13,94
2021-09-29T00:00:00.000Z,אוגנדה,1,1,2
2021-09-29T00:00:00.000Z,אוסטריה,854,135,989
2021-09-29T00:00:00.000Z,גרמניה,695,142,837
2021-09-29T00:00:00.000Z,יפן,1,1,2
2021-09-29T00:00:00.000Z,הודו,1,2,3
2021-09-29T00:00:00.000Z,דומיניקה,3,0,3
2021-09-29T00:00:00.000Z,לוכסמבורג,2,0,2
2021-09-29T00:00:00.000Z,אתיופיה,43,19,62
2021-09-29T00:00:00.000Z,נורבגיה,1,10,11
2021-09-29T00:00:00.000Z,מרוקו,11,16,27
2021-09-29T00:00:00.000Z,טנזניה,70,11,81
2021-09-29T00:00:00.000Z,הונגריה,525,53,578
2021-09-29T00:00:00.000Z,קפריסין,728,221,949
2021-09-29T00:00:00.000Z,קנדה,180,71,251
2021-09-29T00:00:00.000Z,סרי לנקה (צילון),6,2,8
2021-09-29T00:00:00.000Z,פיליפינים,1,21,22
2021-09-29T00:00:00.000Z,דנמרק,30,4,34
2021-09-29T00:00:00.000Z,יוון,1720,229,1949
2021-09-29T00:00:00.000Z,איחוד האמירויות הערב,341,84,425
2021-09-29T00:00:00.000Z,בוטסואנה,1,0,1
2021-09-29T00:00:00.000Z,ונצואלה,0,1,1
2021-09-29T00:00:00.000Z,תורכמניסטאן,2,0,2
2021-09-29T00:00:00.000Z,מאוריציוס,1,2,3
2021-09-29T00:00:00.000Z,גמייקה,3,0,3
2021-09-29T00:00:00.000Z,הממלכה המאוחדת,627,95,722
2021-09-29T00:00:00.000Z,פורטו ריקו,1,0,1
2021-09-29T00:00:00.000Z,מקדוניה,1,0,1
2021-09-29T00:00:00.000Z,פולין,342,26,368
2021-09-29T00:00:00.000Z,איי טורקס וקייקוס,4,0,4
2021-09-29T00:00:00.000Z,פורטוגל,71,21,92
2021-09-29T00:00:00.000Z,רומניה,537,99,636
2021-09-29T00:00:00.000Z,פולינזיה הצרפתית,0,1,1
2021-09-29T00:00:00.000Z,קוסטה ריקה,58,24,82
2021-09-29T00:00:00.000Z,שוויץ,175,23,198
2021-09-29T00:00:00.000Z,אזרביג'אן,8,0,8
2021-09-29T00:00:00.000Z,אנגולה,4,0,4
2021-09-29T00:00:00.000Z,קולומביה,3,3,6
2021-09-29T00:00:00.000Z,טיוואן,0,3,3
2021-09-29T00:00:00.000Z,איטליה,1166,103,1269
2021-09-29T00:00:00.000Z,פנמה,1,1,2
2021-09-29T00:00:00.000Z,ברזיל,3,3,6
2021-09-29T00:00:00.000Z,מלטה,1,0,1
2021-09-29T00:00:00.000Z,אורגוואי,0,1,1
2021-09-29T00:00:00.000Z,אוקראינה,574,241,815
2021-09-29T00:00:00.000Z,צרפת,893,174,1067
2021-09-30T00:00:00.000Z,ליטא,138,19,157
2021-09-30T00:00:00.000Z,טנזניה,328,23,351
2021-09-30T00:00:00.000Z,טג'יקיסטאן,3,0,3
2021-09-30T00:00:00.000Z,פורטוגל,116,16,132
2021-09-30T00:00:00.000Z,גווטאמלה,8,9,17
2021-09-30T00:00:00.000Z,פולין,331,55,386
2021-09-30T00:00:00.000Z,פינלנד,5,0,5
2021-09-30T00:00:00.000Z,יוון,2170,394,2564
2021-09-30T00:00:00.000Z,קוסטה ריקה,33,17,50
2021-09-30T00:00:00.000Z,נפאל,1,0,1
2021-09-30T00:00:00.000Z,ארמניה,84,9,93
2021-09-30T00:00:00.000Z,אזרביג'אן,95,29,124
2021-09-30T00:00:00.000Z,פנמה,16,17,33
2021-09-30T00:00:00.000Z,שוודיה,18,17,35
2021-09-30T00:00:00.000Z,הממלכה המאוחדת,750,265,1015
2021-09-30T00:00:00.000Z,מקדוניה,3,0,3
2021-09-30T00:00:00.000Z,בילורוסיה,126,48,174
2021-09-30T00:00:00.000Z,פיליפינים,0,1,1
2021-09-30T00:00:00.000Z,שוויץ,341,99,440
2021-09-30T00:00:00.000Z,תוניסיה,0,3,3
2021-09-30T00:00:00.000Z,צרפת,1057,415,1472
2021-09-30T00:00:00.000Z,קטר,1,0,1
2021-09-30T00:00:00.000Z,איחוד האמירויות הערב,335,95,430
2021-09-30T00:00:00.000Z,קרואטיה,7,4,11
2021-09-30T00:00:00.000Z,אל סלבדור,1,0,1
2021-09-30T00:00:00.000Z,סלובניה,1,0,1
2021-09-30T00:00:00.000Z,ניו זילנד,3,1,4
2021-09-30T00:00:00.000Z,איטליה,868,144,1012
2021-09-30T00:00:00.000Z,ארצות הברית,2428,1116,3544
2021-09-30T00:00:00.000Z,ספרד,441,90,531
2021-09-30T00:00:00.000Z,סרביה,3,0,3
2021-09-30T00:00:00.000Z,גאורגיה,798,146,944
2021-09-30T00:00:00.000Z,זאיר,1,1,2
2021-09-30T00:00:00.000Z,ירדן,122,64,186
2021-09-30T00:00:00.000Z,פרו,13,27,40
2021-09-30T00:00:00.000Z,גויאנה,1,0,1
2021-09-30T00:00:00.000Z,בוסניה הרצגובינה,6,1,7
2021-09-30T00:00:00.000Z,אוקראינה,438,263,701
2021-09-30T00:00:00.000Z,יפן,1,4,5
2021-09-30T00:00:00.000Z,מקאו,1,0,1
2021-09-30T00:00:00.000Z,אוגנדה,9,4,13
2021-09-30T00:00:00.000Z,אתיופיה,54,26,80
2021-09-30T00:00:00.000Z,אוסטרליה,0,1,1
2021-09-30T00:00:00.000Z,רוסיה,236,173,409
2021-09-30T00:00:00.000Z,הולנד,333,79,412
2021-09-30T00:00:00.000Z,בהמס,1,0,1
2021-09-30T00:00:00.000Z,מצרים,917,245,1162
2021-09-30T00:00:00.000Z,רואנדה,13,2,15
2021-09-30T00:00:00.000Z,מונטנגרו,6,0,6
2021-09-30T00:00:00.000Z,ניקרגואה,2,0,2
2021-09-30T00:00:00.000Z,הרפ הדומיניקנית,2,0,2
2021-09-30T00:00:00.000Z,מלטה,1,0,1
2021-09-30T00:00:00.000Z,קירג'זסטאן,5,4,9
2021-09-30T00:00:00.000Z,דנמרק,132,32,164
2021-09-30T00:00:00.000Z,מולדובה,133,95,228
2021-09-30T00:00:00.000Z,אסטוניה,2,0,2
2021-09-30T00:00:00.000Z,סרי לנקה (צילון),9,15,24
2021-09-30T00:00:00.000Z,הודו,3,7,10
2021-09-30T00:00:00.000Z,רומניה,364,83,447
2021-09-30T00:00:00.000Z,ארגנטינה,6,10,16
2021-09-30T00:00:00.000Z,אוסטריה,428,125,553
2021-09-30T00:00:00.000Z,גאנה,1,2,3
2021-09-30T00:00:00.000Z,אלבניה,128,7,135
2021-09-30T00:00:00.000Z,פרגוואי,1,0,1
2021-09-30T00:00:00.000Z,בורקינה פאסו,1,0,1
2021-09-30T00:00:00.000Z,קניה,17,3,20
2021-09-30T00:00:00.000Z,קולומביה,14,17,31
2021-09-30T00:00:00.000Z,סלובקיה,1,1,2
2021-09-30T00:00:00.000Z,ברזיל,6,7,13
2021-09-30T00:00:00.000Z,פולינזיה הצרפתית,0,1,1
2021-09-30T00:00:00.000Z,חוף השנהב,2,0,2
2021-09-30T00:00:00.000Z,תאילנד,0,2,2
2021-09-30T00:00:00.000Z,ניגריה,6,4,10
2021-09-30T00:00:00.000Z,זימבאבווה,3,0,3
2021-09-30T00:00:00.000Z,איי סיישל,106,15,121
2021-09-30T00:00:00.000Z,מלדיבים,49,6,55
2021-09-30T00:00:00.000Z,צכיה,720,74,794
2021-09-30T00:00:00.000Z,צ'ילה,2,5,7
2021-09-30T00:00:00.000Z,קזחסטאן,1,7,8
2021-09-30T00:00:00.000Z,בחריין,0,3,3
2021-09-30T00:00:00.000Z,תורכיה,42,39,81
2021-09-30T00:00:00.000Z,מאלי,2,0,2
2021-09-30T00:00:00.000Z,דרום אפריקה,44,27,71
2021-09-30T00:00:00.000Z,קנדה,127,73,200
2021-09-30T00:00:00.000Z,הונדורס,1,0,1
2021-09-30T00:00:00.000Z,גינאה המשוונית,1,0,1
2021-09-30T00:00:00.000Z,נורבגיה,1,4,5
2021-09-30T00:00:00.000Z,מקסיקו,2,1,3
2021-09-30T00:00:00.000Z,דרום סודאן,0,1,1
2021-09-30T00:00:00.000Z,קפריסין,404,86,490
2021-09-30T00:00:00.000Z,כלל המדינות,17755,5687,23442
2021-09-30T00:00:00.000Z,לטביה,2,0,2
2021-09-30T00:00:00.000Z,בולגריה,5,2,7
2021-09-30T00:00:00.000Z,מיאנמר (בורמה),0,1,1
2021-09-30T00:00:00.000Z,אנגולה,1,0,1
2021-09-30T00:00:00.000Z,הונג קונג,2,0,2
2021-09-30T00:00:00.000Z,בלגיה,57,73,130
2021-09-30T00:00:00.000Z,הונגריה,686,123,809
2021-09-30T00:00:00.000Z,קוריאה הדרומית,3,2,5
2021-09-30T00:00:00.000Z,גבון,1,0,1
2021-09-30T00:00:00.000Z,גרמניה,369,152,521
2021-09-30T00:00:00.000Z,אוזבקיסטן,7,3,10
2021-09-30T00:00:00.000Z,איסלנד,100,6,106
2021-09-30T00:00:00.000Z,סינגפור,0,8,8
2021-09-30T00:00:00.000Z,אירלנד,16,4,20
2021-09-30T00:00:00.000Z,מרוקו,311,38,349
2021-10-01T00:00:00.000Z,קטר,0,1,1
2021-10-01T00:00:00.000Z,תאילנד,170,58,228
2021-10-01T00:00:00.000Z,בחריין,29,0,29
2021-10-01T00:00:00.000Z,קניה,6,2,8
2021-10-01T00:00:00.000Z,אסטוניה,1,1,2
2021-10-01T00:00:00.000Z,בולגריה,4,3,7
2021-10-01T00:00:00.000Z,בילורוסיה,1,2,3
2021-10-01T00:00:00.000Z,קולומביה,4,3,7
2021-10-01T00:00:00.000Z,הודו,13,8,21
2021-10-01T00:00:00.000Z,גאורגיה,343,70,413
2021-10-01T00:00:00.000Z,הולנד,207,68,275
2021-10-01T00:00:00.000Z,כלל המדינות,14522,4695,19217
2021-10-01T00:00:00.000Z,סרי לנקה (צילון),8,3,11
2021-10-01T00:00:00.000Z,סין,0,4,4
2021-10-01T00:00:00.000Z,אלבניה,5,1,6
2021-10-01T00:00:00.000Z,דרום אפריקה,6,3,9
2021-10-01T00:00:00.000Z,חוף השנהב,1,0,1
2021-10-01T00:00:00.000Z,שוודיה,7,9,16
2021-10-01T00:00:00.000Z,הרפ הדומיניקנית,9,3,12
2021-10-01T00:00:00.000Z,לטביה,2,0,2
2021-10-01T00:00:00.000Z,הונג קונג,0,1,1
2021-10-01T00:00:00.000Z,אוקראינה,450,222,672
2021-10-01T00:00:00.000Z,בלגיה,97,77,174
2021-10-01T00:00:00.000Z,סלובניה,6,2,8
2021-10-01T00:00:00.000Z,קנדה,172,112,284
2021-10-01T00:00:00.000Z,טוגו,1,0,1
2021-10-01T00:00:00.000Z,הממלכה המאוחדת,687,235,922
2021-10-01T00:00:00.000Z,שוויץ,286,84,370
2021-10-01T00:00:00.000Z,איחוד האמירויות הערב,97,30,127
2021-10-01T00:00:00.000Z,קפריסין,507,143,650
2021-10-01T00:00:00.000Z,סנגל,1,0,1
2021-10-01T00:00:00.000Z,פורטוגל,41,5,46
2021-10-01T00:00:00.000Z,פנמה,7,9,16
2021-10-01T00:00:00.000Z,איסלנד,19,3,22
2021-10-01T00:00:00.000Z,רוסיה,336,209,545
2021-10-01T00:00:00.000Z,מולדובה,64,48,112
2021-10-01T00:00:00.000Z,סינגפור,0,3,3
2021-10-01T00:00:00.000Z,גאנה,1,0,1
2021-10-01T00:00:00.000Z,תורכיה,99,47,146
2021-10-01T00:00:00.000Z,אוזבקיסטן,5,5,10
2021-10-01T00:00:00.000Z,ספרד,385,60,445
2021-10-01T00:00:00.000Z,אפגניסטן,2,0,2
2021-10-01T00:00:00.000Z,קרואטיה,31,3,34
2021-10-01T00:00:00.000Z,צרפת,652,198,850
2021-10-01T00:00:00.000Z,מונטנגרו,174,15,189
2021-10-01T00:00:00.000Z,סרביה,65,14,79
2021-10-01T00:00:00.000Z,קמרון,0,1,1
2021-10-01T00:00:00.000Z,ארגנטינה,14,11,25
2021-10-01T00:00:00.000Z,ונצואלה,0,2,2
2021-10-01T00:00:00.000Z,ירדן,5,1,6
2021-10-01T00:00:00.000Z,ארמניה,8,1,9
2021-10-01T00:00:00.000Z,פולין,241,41,282
2021-10-01T00:00:00.000Z,יפן,2,3,5
2021-10-01T00:00:00.000Z,סלובקיה,183,13,196
2021-10-01T00:00:00.000Z,יוון,907,154,1061
2021-10-01T00:00:00.000Z,נורבגיה,6,9,15
2021-10-01T00:00:00.000Z,ניו זילנד,1,3,4
2021-10-01T00:00:00.000Z,אירלנד,9,3,12
2021-10-01T00:00:00.000Z,אוסטרליה,1,2,3
2021-10-01T00:00:00.000Z,אורגוואי,3,1,4
2021-10-01T00:00:00.000Z,בוסניה הרצגובינה,24,18,42
2021-10-01T00:00:00.000Z,אזרביג'אן,55,3,58
2021-10-01T00:00:00.000Z,גרמניה,859,159,1018
2021-10-01T00:00:00.000Z,ברזיל,2,6,8
2021-10-01T00:00:00.000Z,פינלנד,45,22,67
2021-10-01T00:00:00.000Z,ניגריה,1,6,7
2021-10-01T00:00:00.000Z,מלדיבים,45,8,53
2021-10-01T00:00:00.000Z,קזחסטאן,8,23,31
2021-10-01T00:00:00.000Z,גווטאמלה,4,2,6
2021-10-01T00:00:00.000Z,גרנדה,0,1,1
2021-10-01T00:00:00.000Z,קוריאה הדרומית,0,7,7
2021-10-01T00:00:00.000Z,גינאה,2,0,2
2021-10-01T00:00:00.000Z,אוסטריה,877,164,1041
2021-10-01T00:00:00.000Z,איטליה,869,123,992
2021-10-01T00:00:00.000Z,קמבודיה,1,0,1
2021-10-01T00:00:00.000Z,צכיה,813,137,950
2021-10-01T00:00:00.000Z,אקואדור,12,2,14
2021-10-01T00:00:00.000Z,תוניסיה,2,1,3
2021-10-01T00:00:00.000Z,רומניה,241,43,284
2021-10-01T00:00:00.000Z,ארצות הברית,2107,1158,3265
2021-10-01T00:00:00.000Z,קירג'זסטאן,11,2,13
2021-10-01T00:00:00.000Z,הונגריה,449,54,503
2021-10-01T00:00:00.000Z,כווית,1,0,1
2021-10-01T00:00:00.000Z,מרוקו,17,8,25
2021-10-01T00:00:00.000Z,מצרים,886,226,1112
2021-10-01T00:00:00.000Z,לוכסמבורג,1,0,1
2021-10-01T00:00:00.000Z,ליטא,5,0,5
2021-10-01T00:00:00.000Z,צ'ילה,1,0,1
2021-10-01T00:00:00.000Z,פרו,15,8,23
2021-10-01T00:00:00.000Z,קוסטה ריקה,104,34,138
2021-10-01T00:00:00.000Z,מקסיקו,4,1,5
2021-10-01T00:00:00.000Z,מקדוניה,1,0,1
2021-10-01T00:00:00.000Z,דנמרק,32,7,39
2021-10-01T00:00:00.000Z,פיליפינים,1,1,2
2021-10-02T00:00:00.000Z,קולומביה,27,10,37
2021-10-02T00:00:00.000Z,נפאל,4,0,4
2021-10-02T00:00:00.000Z,שוויץ,102,26,128
2021-10-02T00:00:00.000Z,איי סיישל,8,0,8
2021-10-02T00:00:00.000Z,פולין,211,35,246
2021-10-02T00:00:00.000Z,קניה,17,1,18
2021-10-02T00:00:00.000Z,נמיביה,0,2,2
2021-10-02T00:00:00.000Z,דומיניקה,3,4,7
2021-10-02T00:00:00.000Z,אסטוניה,24,7,31
2021-10-02T00:00:00.000Z,הממלכה המאוחדת,368,69,437
2021-10-02T00:00:00.000Z,אוגנדה,1,4,5
2021-10-02T00:00:00.000Z,רוסיה,30,30,60
2021-10-02T00:00:00.000Z,אירלנד,18,15,33
2021-10-02T00:00:00.000Z,פורטו ריקו,2,0,2
2021-10-02T00:00:00.000Z,טיוואן,1,0,1
2021-10-02T00:00:00.000Z,מלדיבים,34,12,46
2021-10-02T00:00:00.000Z,ארצות הברית,1365,541,1906
2021-10-02T00:00:00.000Z,פקיסטן,1,0,1
2021-10-02T00:00:00.000Z,זמביה,1,0,1
2021-10-02T00:00:00.000Z,ירדן,10,6,16
2021-10-02T00:00:00.000Z,קוסטה ריקה,22,20,42
2021-10-02T00:00:00.000Z,כלל המדינות,10399,2873,13272
2021-10-02T00:00:00.000Z,קונגו,1,0,1
2021-10-02T00:00:00.000Z,לטביה,56,26,82
2021-10-02T00:00:00.000Z,הולנד,191,53,244
2021-10-02T00:00:00.000Z,גאורגיה,208,48,256
2021-10-02T00:00:00.000Z,אינדונזיה,1,0,1
2021-10-02T00:00:00.000Z,גרמניה,322,98,420
2021-10-02T00:00:00.000Z,הונג קונג,0,1,1
2021-10-02T00:00:00.000Z,מונקו,2,0,2
2021-10-02T00:00:00.000Z,פורטוגל,25,9,34
2021-10-02T00:00:00.000Z,אוסטריה,447,84,531
2021-10-02T00:00:00.000Z,יפן,1,1,2
2021-10-02T00:00:00.000Z,אוקראינה,223,128,351
2021-10-02T00:00:00.000Z,דנמרק,6,4,10
2021-10-02T00:00:00.000Z,אוסטרליה,1,0,1
2021-10-02T00:00:00.000Z,מרוקו,4,6,10
2021-10-02T00:00:00.000Z,גאנה,9,4,13
2021-10-02T00:00:00.000Z,הונגריה,292,37,329
2021-10-02T00:00:00.000Z,בחריין,0,5,5
2021-10-02T00:00:00.000Z,בלגיה,5,7,12
2021-10-02T00:00:00.000Z,הרפ הדומיניקנית,11,4,15
2021-10-02T00:00:00.000Z,מוזמביק,4,0,4
2021-10-02T00:00:00.000Z,שוודיה,3,15,18
2021-10-02T00:00:00.000Z,פנמה,17,12,29
2021-10-02T00:00:00.000Z,נורבגיה,2,8,10
2021-10-02T00:00:00.000Z,צאד,1,0,1
2021-10-02T00:00:00.000Z,בולגריה,2,0,2
2021-10-02T00:00:00.000Z,תורכיה,46,26,72
2021-10-02T00:00:00.000Z,מונטנגרו,7,0,7
2021-10-02T00:00:00.000Z,ברזיל,1,3,4
2021-10-02T00:00:00.000Z,גווטאמלה,4,2,6
2021-10-02T00:00:00.000Z,קרואטיה,14,0,14
2021-10-02T00:00:00.000Z,האנטילים ההולנדים,2,0,2
2021-10-02T00:00:00.000Z,צכיה,599,48,647
2021-10-02T00:00:00.000Z,ספרד,54,3,57
2021-10-02T00:00:00.000Z,לוכסמבורג,1,1,2
2021-10-02T00:00:00.000Z,סרביה,4,1,5
2021-10-02T00:00:00.000Z,דרום סודאן,0,1,1
2021-10-02T00:00:00.000Z,אלבניה,1,2,3
2021-10-02T00:00:00.000Z,אזרביג'אן,0,1,1
2021-10-02T00:00:00.000Z,קמרון,0,1,1
2021-10-02T00:00:00.000Z,מקדוניה,1,0,1
2021-10-02T00:00:00.000Z,גבון,0,1,1
2021-10-02T00:00:00.000Z,סלובקיה,0,3,3
2021-10-02T00:00:00.000Z,ניו זילנד,0,4,4
2021-10-02T00:00:00.000Z,מאוריציוס,1,0,1
2021-10-02T00:00:00.000Z,ליטא,7,2,9
2021-10-02T00:00:00.000Z,קנדה,172,50,222
2021-10-02T00:00:00.000Z,בוסניה הרצגובינה,15,4,19
2021-10-02T00:00:00.000Z,גיברלטר,1,0,1
2021-10-02T00:00:00.000Z,סין,2,2,4
2021-10-02T00:00:00.000Z,פינלנד,4,6,10
2021-10-02T00:00:00.000Z,מקסיקו,4,3,7
2021-10-02T00:00:00.000Z,קוריאה הדרומית,3,15,18
2021-10-02T00:00:00.000Z,ניגריה,4,4,8
2021-10-02T00:00:00.000Z,ניקרגואה,1,0,1
2021-10-02T00:00:00.000Z,אקואדור,1,0,1
2021-10-02T00:00:00.000Z,תאילנד,3,0,3
2021-10-02T00:00:00.000Z,ארמניה,5,4,9
2021-10-02T00:00:00.000Z,אתיופיה,56,39,95
2021-10-02T00:00:00.000Z,איטליה,575,64,639
2021-10-02T00:00:00.000Z,פרו,13,6,19
2021-10-02T00:00:00.000Z,דרום אפריקה,55,22,77
2021-10-02T00:00:00.000Z,יוון,928,134,1062
2021-10-02T00:00:00.000Z,רואנדה,1,0,1
2021-10-02T00:00:00.000Z,חוף השנהב,3,0,3
2021-10-02T00:00:00.000Z,זאיר,1,1,2
2021-10-02T00:00:00.000Z,סרי לנקה (צילון),13,4,17
2021-10-02T00:00:00.000Z,פיליפינים,0,2,2
2021-10-02T00:00:00.000Z,איסלנד,79,5,84
2021-10-02T00:00:00.000Z,סלובניה,8,1,9
2021-10-02T00:00:00.000Z,קפריסין,456,125,581
2021-10-02T00:00:00.000Z,לסוטו,0,2,2
2021-10-02T00:00:00.000Z,רומניה,590,118,708
2021-10-02T00:00:00.000Z,הודו,4,3,7
2021-10-02T00:00:00.000Z,צרפת,483,67,550
2021-10-02T00:00:00.000Z,מצרים,1582,300,1882
2021-10-02T00:00:00.000Z,איחוד האמירויות הערב,183,48,231
2021-10-02T00:00:00.000Z,סינגפור,2,1,3
2021-10-02T00:00:00.000Z,ונצואלה,0,1,1
2021-10-02T00:00:00.000Z,אוזבקיסטן,5,6,11
2021-10-02T00:00:00.000Z,קירג'זסטאן,3,1,4
2021-10-02T00:00:00.000Z,טנזניה,31,3,34
2021-10-03T00:00:00.000Z,מצרים,1570,292,1862
2021-10-03T00:00:00.000Z,איסלנד,31,1,32
2021-10-03T00:00:00.000Z,צרפת,523,349,872
2021-10-03T00:00:00.000Z,בלגיה,68,89,157
2021-10-03T00:00:00.000Z,גאורגיה,560,114,674
2021-10-03T00:00:00.000Z,קרואטיה,14,9,23
2021-10-03T00:00:00.000Z,אוזבקיסטן,9,6,15
2021-10-03T00:00:00.000Z,תאילנד,2,1,3
2021-10-03T00:00:00.000Z,תורכיה,46,33,79
2021-10-03T00:00:00.000Z,חוף השנהב,3,0,3
2021-10-03T00:00:00.000Z,מולדובה,97,68,165
2021-10-03T00:00:00.000Z,דרום אפריקה,2,7,9
2021-10-03T00:00:00.000Z,אוקראינה,224,210,434
2021-10-03T00:00:00.000Z,צכיה,486,74,560
2021-10-03T00:00:00.000Z,אירלנד,2,9,11
2021-10-03T00:00:00.000Z,אוגנדה,3,0,3
2021-10-03T00:00:00.000Z,ספרד,344,64,408
2021-10-03T00:00:00.000Z,מאלי,4,0,4
2021-10-03T00:00:00.000Z,דומיניקה,1,0,1
2021-10-03T00:00:00.000Z,פינלנד,1,0,1
2021-10-03T00:00:00.000Z,מלדיבים,20,9,29
2021-10-03T00:00:00.000Z,הולנד,331,93,424
2021-10-03T00:00:00.000Z,ערב הסעודית,2,1,3
2021-10-03T00:00:00.000Z,אוסטריה,373,88,461
2021-10-03T00:00:00.000Z,פנמה,9,7,16
2021-10-03T00:00:00.000Z,נורבגיה,4,9,13
2021-10-03T00:00:00.000Z,אקואדור,0,2,2
2021-10-03T00:00:00.000Z,סינגפור,2,3,5
2021-10-03T00:00:00.000Z,אזרביג'אן,88,23,111
2021-10-03T00:00:00.000Z,קנדה,120,76,196
2021-10-03T00:00:00.000Z,ניקרגואה,1,0,1
2021-10-03T00:00:00.000Z,ניגריה,1,1,2
2021-10-03T00:00:00.000Z,פרו,10,8,18
2021-10-03T00:00:00.000Z,נפאל,3,0,3
2021-10-03T00:00:00.000Z,פולין,77,6,83
2021-10-03T00:00:00.000Z,קפריסין,637,97,734
2021-10-03T00:00:00.000Z,ברזיל,2,2,4
2021-10-03T00:00:00.000Z,גווטאמלה,4,2,6
2021-10-03T00:00:00.000Z,הודו,3,15,18
2021-10-03T00:00:00.000Z,בולגריה,20,48,68
2021-10-03T00:00:00.000Z,קירג'זסטאן,1,1,2
2021-10-03T00:00:00.000Z,ירדן,120,70,190
2021-10-03T00:00:00.000Z,קזחסטאן,2,0,2
2021-10-03T00:00:00.000Z,סרי לנקה (צילון),5,0,5
2021-10-03T00:00:00.000Z,רומניה,249,41,290
2021-10-03T00:00:00.000Z,הונגריה,561,97,658
2021-10-03T00:00:00.000Z,בוליביה,1,0,1
2021-10-03T00:00:00.000Z,הממלכה המאוחדת,503,444,947
2021-10-03T00:00:00.000Z,אנגולה,3,0,3
2021-10-03T00:00:00.000Z,קוסטה ריקה,39,8,47
2021-10-03T00:00:00.000Z,מקאו,1,0,1
2021-10-03T00:00:00.000Z,מרוקו,18,6,24
2021-10-03T00:00:00.000Z,יפן,2,5,7
2021-10-03T00:00:00.000Z,קולומביה,13,5,18
2021-10-03T00:00:00.000Z,קטר,1,0,1
2021-10-03T00:00:00.000Z,פורטוגל,62,19,81
2021-10-03T00:00:00.000Z,ליטא,99,22,121
2021-10-03T00:00:00.000Z,מקסיקו,0,10,10
2021-10-03T00:00:00.000Z,בוסניה הרצגובינה,2,2,4
2021-10-03T00:00:00.000Z,יוון,1657,235,1892
2021-10-03T00:00:00.000Z,עירק,0,2,2
2021-10-03T00:00:00.000Z,פיליפינים,0,11,11
2021-10-03T00:00:00.000Z,ארמניה,3,1,4
2021-10-03T00:00:00.000Z,דנמרק,82,39,121
2021-10-03T00:00:00.000Z,הונג קונג,0,2,2
2021-10-03T00:00:00.000Z,הרפ הדומיניקנית,32,5,37
2021-10-03T00:00:00.000Z,קוריאה הדרומית,8,5,13
2021-10-03T00:00:00.000Z,בהמס,2,0,2
2021-10-03T00:00:00.000Z,רוסיה,177,174,351
2021-10-03T00:00:00.000Z,קניה,0,1,1
2021-10-03T00:00:00.000Z,סיירה ליאונה,0,1,1
2021-10-03T00:00:00.000Z,איטליה,1076,169,1245
2021-10-03T00:00:00.000Z,שוויץ,331,207,538
2021-10-03T00:00:00.000Z,בילורוסיה,90,72,162
2021-10-03T00:00:00.000Z,ארצות הברית,1690,1039,2729
2021-10-03T00:00:00.000Z,מונטנגרו,150,3,153
2021-10-03T00:00:00.000Z,כלל המדינות,14647,5646,20293
2021-10-03T00:00:00.000Z,סרביה,20,14,34
2021-10-03T00:00:00.000Z,איי סיישל,63,14,77
2021-10-03T00:00:00.000Z,אוסטרליה,4,13,17
2021-10-03T00:00:00.000Z,אתיופיה,1,1,2
2021-10-03T00:00:00.000Z,ארגנטינה,8,8,16
2021-10-03T00:00:00.000Z,מלטה,1,0,1
2021-10-03T00:00:00.000Z,איחוד האמירויות הערב,256,96,352
2021-10-03T00:00:00.000Z,לטביה,1,0,1
2021-10-03T00:00:00.000Z,גרמניה,632,281,913
2021-10-03T00:00:00.000Z,גאנה,1,2,3
2021-10-03T00:00:00.000Z,שוודיה,2,2,4
2021-10-03T00:00:00.000Z,אורגוואי,3,1,4
2021-10-04T00:00:00.000Z,קירג'זסטאן,4,2,6
2021-10-04T00:00:00.000Z,אוגנדה,0,1,1
2021-10-04T00:00:00.000Z,אסטוניה,1,1,2
2021-10-04T00:00:00.000Z,שוויץ,178,103,281
2021-10-04T00:00:00.000Z,פיליפינים,1,0,1
2021-10-04T00:00:00.000Z,הממלכה המאוחדת,572,633,1205
2021-10-04T00:00:00.000Z,טוגו,0,1,1
2021-10-04T00:00:00.000Z,ארגנטינה,0,5,5
2021-10-04T00:00:00.000Z,בילורוסיה,58,43,101
2021-10-04T00:00:00.000Z,לוכסמבורג,0,2,2
2021-10-04T00:00:00.000Z,בולגריה,1,0,1
2021-10-04T00:00:00.000Z,אזרביג'אן,0,1,1
2021-10-04T00:00:00.000Z,אל סלבדור,0,1,1
2021-10-04T00:00:00.000Z,גווטאמלה,6,1,7
2021-10-04T00:00:00.000Z,קמרון,0,2,2
2021-10-04T00:00:00.000Z,מוזמביק,2,0,2
2021-10-04T00:00:00.000Z,דרום אפריקה,21,40,61
2021-10-04T00:00:00.000Z,גאנה,5,3,8
2021-10-04T00:00:00.000Z,לטביה,3,3,6
2021-10-04T00:00:00.000Z,גאורגיה,388,65,453
2021-10-04T00:00:00.000Z,פרו,7,7,14
2021-10-04T00:00:00.000Z,ארמניה,1,3,4
2021-10-04T00:00:00.000Z,עירק,1,0,1
2021-10-04T00:00:00.000Z,פינלנד,1,0,1
2021-10-04T00:00:00.000Z,מולדובה,0,1,1
2021-10-04T00:00:00.000Z,איסלנד,22,0,22
2021-10-04T00:00:00.000Z,הונדורס,2,0,2
2021-10-04T00:00:00.000Z,איחוד האמירויות הערב,109,32,141
2021-10-04T00:00:00.000Z,ברזיל,3,7,10
2021-10-04T00:00:00.000Z,קניה,5,1,6
2021-10-04T00:00:00.000Z,יפן,2,0,2
2021-10-04T00:00:00.000Z,דנמרק,12,27,39
2021-10-04T00:00:00.000Z,מקאו,0,1,1
2021-10-04T00:00:00.000Z,הולנד,204,51,255
2021-10-04T00:00:00.000Z,קפריסין,396,49,445
2021-10-04T00:00:00.000Z,מונטנגרו,48,9,57
2021-10-04T00:00:00.000Z,טנזניה,24,9,33
2021-10-04T00:00:00.000Z,מקסיקו,3,13,16
2021-10-04T00:00:00.000Z,הונג קונג,0,1,1
2021-10-04T00:00:00.000Z,אירלנד,2,4,6
2021-10-04T00:00:00.000Z,ארצות הברית,1605,2494,4099
2021-10-04T00:00:00.000Z,מלדיבים,80,19,99
2021-10-04T00:00:00.000Z,תאילנד,131,48,179
2021-10-04T00:00:00.000Z,פנמה,8,7,15
2021-10-04T00:00:00.000Z,גיברלטר,1,0,1
2021-10-04T00:00:00.000Z,תורכמניסטאן,1,0,1
2021-10-04T00:00:00.000Z,צרפת,561,397,958
2021-10-04T00:00:00.000Z,בחריין,37,8,45
2021-10-04T00:00:00.000Z,רואנדה,4,0,4
2021-10-04T00:00:00.000Z,גרמניה,438,163,601
2021-10-04T00:00:00.000Z,נורבגיה,3,4,7
2021-10-04T00:00:00.000Z,הונגריה,388,50,438
2021-10-04T00:00:00.000Z,מצרים,866,112,978
2021-10-04T00:00:00.000Z,אקואדור,4,3,7
2021-10-04T00:00:00.000Z,צ'ילה,2,4,6
2021-10-04T00:00:00.000Z,קולומביה,4,4,8
2021-10-04T00:00:00.000Z,צכיה,445,40,485
2021-10-04T00:00:00.000Z,הודו,98,111,209
2021-10-04T00:00:00.000Z,סרי לנקה (צילון),2,2,4
2021-10-04T00:00:00.000Z,בהמס,0,1,1
2021-10-04T00:00:00.000Z,סרביה,3,0,3
2021-10-04T00:00:00.000Z,הרפ הדומיניקנית,4,0,4
2021-10-04T00:00:00.000Z,ספרד,389,90,479
2021-10-04T00:00:00.000Z,ירדן,54,53,107
2021-10-04T00:00:00.000Z,שוודיה,1,3,4
2021-10-04T00:00:00.000Z,בלגיה,120,187,307
2021-10-04T00:00:00.000Z,מרוקו,11,9,20
2021-10-04T00:00:00.000Z,אנגולה,3,0,3
2021-10-04T00:00:00.000Z,איי טורקס וקייקוס,0,1,1
2021-10-04T00:00:00.000Z,ונצואלה,2,0,2
2021-10-04T00:00:00.000Z,פולין,254,53,307
2021-10-04T00:00:00.000Z,איטליה,752,132,884
2021-10-04T00:00:00.000Z,מאלי,7,2,9
2021-10-04T00:00:00.000Z,אלבניה,9,0,9
2021-10-04T00:00:00.000Z,אוזבקיסטן,54,145,199
2021-10-04T00:00:00.000Z,אורגוואי,4,8,12
2021-10-04T00:00:00.000Z,סין,1,12,13
2021-10-04T00:00:00.000Z,אריתראה,0,1,1
2021-10-04T00:00:00.000Z,אוסטריה,811,181,992
2021-10-04T00:00:00.000Z,קזחסטאן,2,1,3
2021-10-04T00:00:00.000Z,אתיופיה,33,22,55
2021-10-04T00:00:00.000Z,תורכיה,48,81,129
2021-10-04T00:00:00.000Z,ברבדוס,1,0,1
2021-10-04T00:00:00.000Z,ניגריה,1,5,6
2021-10-04T00:00:00.000Z,ליטא,4,0,4
2021-10-04T00:00:00.000Z,בוסניה הרצגובינה,20,10,30
2021-10-04T00:00:00.000Z,ליבריה,0,1,1
2021-10-04T00:00:00.000Z,אוסטרליה,6,4,10
2021-10-04T00:00:00.000Z,זאיר,1,0,1
2021-10-04T00:00:00.000Z,פורטוגל,115,41,156
2021-10-04T00:00:00.000Z,יוון,702,88,790
2021-10-04T00:00:00.000Z,קרואטיה,16,1,17
2021-10-04T00:00:00.000Z,סינגפור,3,1,4
2021-10-04T00:00:00.000Z,אוקראינה,486,350,836
2021-10-04T00:00:00.000Z,זמביה,2,2,4
2021-10-04T00:00:00.000Z,רוסיה,316,373,689
2021-10-04T00:00:00.000Z,קנדה,95,110,205
2021-10-04T00:00:00.000Z,כלל המדינות,12292,7407,19699
2021-10-04T00:00:00.000Z,רומניה,399,78,477
2021-10-04T00:00:00.000Z,קוסטה ריקה,17,9,26
2021-10-05T00:00:00.000Z,סרי לנקה (צילון),2,0,2
2021-10-05T00:00:00.000Z,רואנדה,0,6,6
2021-10-05T00:00:00.000Z,אוגנדה,0,4,4
2021-10-05T00:00:00.000Z,מונטנגרו,3,0,3
2021-10-05T00:00:00.000Z,מקסיקו,8,34,42
2021-10-05T00:00:00.000Z,קניה,6,9,15
2021-10-05T00:00:00.000Z,דנמרק,10,0,10
2021-10-05T00:00:00.000Z,זמביה,1,0,1
2021-10-05T00:00:00.000Z,ארצות הברית,1271,2639,3910
2021-10-05T00:00:00.000Z,פינלנד,1,1,2
2021-10-05T00:00:00.000Z,איסלנד,23,0,23
2021-10-05T00:00:00.000Z,קטר,0,1,1
2021-10-05T00:00:00.000Z,איטליה,254,51,305
2021-10-05T00:00:00.000Z,גווטאמלה,0,2,2
2021-10-05T00:00:00.000Z,הממלכה המאוחדת,246,409,655
2021-10-05T00:00:00.000Z,קוריאה הדרומית,0,1,1
2021-10-05T00:00:00.000Z,איחוד האמירויות הערב,126,32,158
2021-10-05T00:00:00.000Z,לטביה,44,29,73
2021-10-05T00:00:00.000Z,מולדובה,38,56,94
2021-10-05T00:00:00.000Z,נורבגיה,4,0,4
2021-10-05T00:00:00.000Z,הולנד,49,18,67
2021-10-05T00:00:00.000Z,הרפ הדומיניקנית,9,5,14
2021-10-05T00:00:00.000Z,מרוקו,60,31,91
2021-10-05T00:00:00.000Z,סין,0,1,1
2021-10-05T00:00:00.000Z,גרמניה,393,145,538
2021-10-05T00:00:00.000Z,פורטוגל,25,2,27
2021-10-05T00:00:00.000Z,שוודיה,3,6,9
2021-10-05T00:00:00.000Z,קזחסטאן,3,4,7
2021-10-05T00:00:00.000Z,בילורוסיה,51,35,86
2021-10-05T00:00:00.000Z,צכיה,300,22,322
2021-10-05T00:00:00.000Z,קנדה,209,235,444
2021-10-05T00:00:00.000Z,פנמה,8,9,17
2021-10-05T00:00:00.000Z,רוסיה,185,271,456
2021-10-05T00:00:00.000Z,אזרביג'אן,38,14,52
2021-10-05T00:00:00.000Z,קרואטיה,3,1,4
2021-10-05T00:00:00.000Z,סרביה,4,1,5
2021-10-05T00:00:00.000Z,ליטא,5,0,5
2021-10-05T00:00:00.000Z,בלגיה,9,29,38
2021-10-05T00:00:00.000Z,תורכיה,43,58,101
2021-10-05T00:00:00.000Z,קולומביה,11,3,14
2021-10-05T00:00:00.000Z,חוף השנהב,1,0,1
2021-10-05T00:00:00.000Z,ירדן,26,21,47
2021-10-05T00:00:00.000Z,קוסטה ריקה,22,16,38
2021-10-05T00:00:00.000Z,אוסטרליה,3,3,6
2021-10-05T00:00:00.000Z,מקדוניה,0,1,1
2021-10-05T00:00:00.000Z,הונגריה,396,60,456
2021-10-05T00:00:00.000Z,כלל המדינות,8240,6498,14738
2021-10-05T00:00:00.000Z,אסטוניה,6,3,9
2021-10-05T00:00:00.000Z,יפן,0,1,1
2021-10-05T00:00:00.000Z,קפריסין,231,46,277
2021-10-05T00:00:00.000Z,אוקראינה,323,240,563
2021-10-05T00:00:00.000Z,הודו,7,1,8
2021-10-05T00:00:00.000Z,ברבדוס,1,0,1
2021-10-05T00:00:00.000Z,פיליפינים,0,1,1
2021-10-05T00:00:00.000Z,ונצואלה,0,1,1
2021-10-05T00:00:00.000Z,אירלנד,9,2,11
2021-10-05T00:00:00.000Z,אוסטריה,339,71,410
2021-10-05T00:00:00.000Z,אנגולה,3,1,4
2021-10-05T00:00:00.000Z,ארמניה,0,3,3
2021-10-05T00:00:00.000Z,פרגוואי,0,1,1
2021-10-05T00:00:00.000Z,אל סלבדור,0,1,1
2021-10-05T00:00:00.000Z,אורגוואי,1,18,19
2021-10-05T00:00:00.000Z,אלבניה,7,3,10
2021-10-05T00:00:00.000Z,יוון,632,92,724
2021-10-05T00:00:00.000Z,ספרד,266,61,327
2021-10-05T00:00:00.000Z,דרום אפריקה,35,40,75
2021-10-05T00:00:00.000Z,פרו,14,20,34
2021-10-05T00:00:00.000Z,מלדיבים,10,1,11
2021-10-05T00:00:00.000Z,צאד,0,1,1
2021-10-05T00:00:00.000Z,פולין,191,42,233
2021-10-05T00:00:00.000Z,נפאל,7,0,7
2021-10-05T00:00:00.000Z,אוזבקיסטן,4,1,5
2021-10-05T00:00:00.000Z,פולינזיה הצרפתית,2,0,2
2021-10-05T00:00:00.000Z,אתיופיה,27,19,46
2021-10-05T00:00:00.000Z,קמרון,0,3,3
2021-10-05T00:00:00.000Z,טנזניה,3,9,12
2021-10-05T00:00:00.000Z,מצרים,707,174,881
2021-10-05T00:00:00.000Z,טג'יקיסטאן,1,1,2
2021-10-05T00:00:00.000Z,רומניה,93,15,108
2021-10-05T00:00:00.000Z,ניגריה,3,4,7
2021-10-05T00:00:00.000Z,גאורגיה,148,49,197
2021-10-05T00:00:00.000Z,גרנדה,1,0,1
2021-10-05T00:00:00.000Z,ארגנטינה,17,64,81
2021-10-05T00:00:00.000Z,גיברלטר,2,2,4
2021-10-05T00:00:00.000Z,גאנה,0,2,2
2021-10-05T00:00:00.000Z,ברזיל,0,4,4
2021-10-05T00:00:00.000Z,בולגריה,2,0,2
2021-10-05T00:00:00.000Z,צרפת,550,485,1035
2021-10-05T00:00:00.000Z,שוויץ,169,82,251
2021-10-05T00:00:00.000Z,אקואדור,0,4,4
2021-10-05T00:00:00.000Z,צ'ילה,0,3,3
2021-10-06T00:00:00.000Z,אלבניה,0,1,1
2021-10-06T00:00:00.000Z,פורטוגל,42,22,64
2021-10-06T00:00:00.000Z,נפאל,2,0,2
2021-10-06T00:00:00.000Z,דרום אפריקה,20,10,30
2021-10-06T00:00:00.000Z,ארגנטינה,0,2,2
2021-10-06T00:00:00.000Z,אנגולה,2,0,2
2021-10-06T00:00:00.000Z,אקואדור,0,3,3
2021-10-06T00:00:00.000Z,ספרד,193,20,213
2021-10-06T00:00:00.000Z,צכיה,228,34,262
2021-10-06T00:00:00.000Z,איטליה,334,76,410
2021-10-06T00:00:00.000Z,שוודיה,1,7,8
2021-10-06T00:00:00.000Z,פולין,116,35,151
2021-10-06T00:00:00.000Z,ארצות הברית,1018,2180,3198
2021-10-06T00:00:00.000Z,איחוד האמירויות הערב,185,67,252
2021-10-06T00:00:00.000Z,ארמניה,2,1,3
2021-10-06T00:00:00.000Z,מצרים,887,161,1048
2021-10-06T00:00:00.000Z,רואנדה,0,1,1
2021-10-06T00:00:00.000Z,אוקראינה,188,261,449
2021-10-06T00:00:00.000Z,גרמניה,353,181,534
2021-10-06T00:00:00.000Z,אוסטריה,333,90,423
2021-10-06T00:00:00.000Z,קוסטה ריקה,24,17,41
2021-10-06T00:00:00.000Z,תאילנד,3,3,6
2021-10-06T00:00:00.000Z,ירדן,33,22,55
2021-10-06T00:00:00.000Z,אוזבקיסטן,0,1,1
2021-10-06T00:00:00.000Z,פנמה,6,26,32
2021-10-06T00:00:00.000Z,רומניה,192,34,226
2021-10-06T00:00:00.000Z,קפריסין,364,78,442
2021-10-06T00:00:00.000Z,פרו,4,7,11
2021-10-06T00:00:00.000Z,סרי לנקה (צילון),11,9,20
2021-10-06T00:00:00.000Z,ניגריה,1,3,4
2021-10-06T00:00:00.000Z,ונצואלה,3,4,7
2021-10-06T00:00:00.000Z,קרואטיה,4,1,5
2021-10-06T00:00:00.000Z,אסטוניה,5,1,6
2021-10-06T00:00:00.000Z,מונטנגרו,41,3,44
2021-10-06T00:00:00.000Z,סרביה,2,25,27
2021-10-06T00:00:00.000Z,גווטאמלה,2,0,2
2021-10-06T00:00:00.000Z,דומיניקה,1,0,1
2021-10-06T00:00:00.000Z,יוון,527,125,652
2021-10-06T00:00:00.000Z,בולגריה,32,33,65
2021-10-06T00:00:00.000Z,הודו,0,10,10
2021-10-06T00:00:00.000Z,קוסובו,2,0,2
2021-10-06T00:00:00.000Z,תורכיה,67,52,119
2021-10-06T00:00:00.000Z,כלל המדינות,8088,6089,14177
2021-10-06T00:00:00.000Z,טיוואן,0,2,2
2021-10-06T00:00:00.000Z,קוריאה הדרומית,0,6,6
2021-10-06T00:00:00.000Z,ליטא,3,0,3
2021-10-06T00:00:00.000Z,גויאנה הצרפתית,2,0,2
2021-10-06T00:00:00.000Z,הולנד,136,47,183
2021-10-06T00:00:00.000Z,גאנה,1,1,2
2021-10-06T00:00:00.000Z,קניה,2,1,3
2021-10-06T00:00:00.000Z,מאוריציוס,1,0,1
2021-10-06T00:00:00.000Z,יפן,1,3,4
2021-10-06T00:00:00.000Z,סין,1,7,8
2021-10-06T00:00:00.000Z,רוסיה,134,172,306
2021-10-06T00:00:00.000Z,קירג'זסטאן,1,1,2
2021-10-06T00:00:00.000Z,בילורוסיה,26,61,87
2021-10-06T00:00:00.000Z,הונגריה,375,97,472
2021-10-06T00:00:00.000Z,פיליפינים,1,26,27
2021-10-06T00:00:00.000Z,דנמרק,6,2,8
2021-10-06T00:00:00.000Z,טנזניה,109,12,121
2021-10-06T00:00:00.000Z,מוזמביק,2,0,2
2021-10-06T00:00:00.000Z,בחריין,1,0,1
2021-10-06T00:00:00.000Z,אוגנדה,3,2,5
2021-10-06T00:00:00.000Z,ברזיל,10,17,27
2021-10-06T00:00:00.000Z,הממלכה המאוחדת,356,587,943
2021-10-06T00:00:00.000Z,ליבריה,1,0,1
2021-10-06T00:00:00.000Z,קנדה,97,123,220
2021-10-06T00:00:00.000Z,איי טורקס וקייקוס,1,0,1
2021-10-06T00:00:00.000Z,סינגפור,0,9,9
2021-10-06T00:00:00.000Z,ערב הסעודית,1,0,1
2021-10-06T00:00:00.000Z,תורכמניסטאן,1,0,1
2021-10-06T00:00:00.000Z,נורבגיה,1,6,7
2021-10-06T00:00:00.000Z,בורקינה פאסו,1,0,1
2021-10-06T00:00:00.000Z,אוסטרליה,0,16,16
2021-10-06T00:00:00.000Z,צרפת,488,432,920
2021-10-06T00:00:00.000Z,איי סיישל,73,8,81
2021-10-06T00:00:00.000Z,בלגיה,16,25,41
2021-10-06T00:00:00.000Z,זאיר,0,1,1
2021-10-06T00:00:00.000Z,איסלנד,10,0,10
2021-10-06T00:00:00.000Z,גאורגיה,190,48,238
2021-10-06T00:00:00.000Z,אירלנד,8,1,9
2021-10-06T00:00:00.000Z,מרוקו,6,7,13
2021-10-06T00:00:00.000Z,אזרביג'אן,4,1,5
2021-10-06T00:00:00.000Z,קולומביה,1,2,3
2021-10-06T00:00:00.000Z,פינלנד,26,13,39
2021-10-06T00:00:00.000Z,אתיופיה,26,14,40
2021-10-06T00:00:00.000Z,הרפ הדומיניקנית,2,0,2
2021-10-06T00:00:00.000Z,שוויץ,106,85,191
2021-10-06T00:00:00.000Z,גבון,1,2,3
2021-10-06T00:00:00.000Z,בוסניה הרצגובינה,15,7,22
2021-10-06T00:00:00.000Z,מקסיקו,1,8,9
2021-10-06T00:00:00.000Z,קזחסטאן,3,0,3
2021-10-06T00:00:00.000Z,מלדיבים,8,5,13
2021-10-06T00:00:00.000Z,מלטה,1,1,2
2021-10-07T00:00:00.000Z,בוטסואנה,2,0,2
2021-10-07T00:00:00.000Z,חוף השנהב,2,0,2
2021-10-07T00:00:00.000Z,זאיר,2,0,2
2021-10-07T00:00:00.000Z,ליטא,98,17,115
2021-10-07T00:00:00.000Z,סינגפור,1,5,6
2021-10-07T00:00:00.000Z,קוסטה ריקה,13,13,26
2021-10-07T00:00:00.000Z,זימבאבווה,1,0,1
2021-10-07T00:00:00.000Z,ספרד,338,125,463
2021-10-07T00:00:00.000Z,אוסטריה,440,113,553
2021-10-07T00:00:00.000Z,רומניה,366,79,445
2021-10-07T00:00:00.000Z,ונצואלה,2,0,2
2021-10-07T00:00:00.000Z,טוגו,4,0,4
2021-10-07T00:00:00.000Z,שוודיה,8,8,16
2021-10-07T00:00:00.000Z,אנגולה,1,0,1
2021-10-07T00:00:00.000Z,אתיופיה,31,17,48
2021-10-07T00:00:00.000Z,זמביה,2,0,2
2021-10-07T00:00:00.000Z,בחריין,48,13,61
2021-10-07T00:00:00.000Z,מולדובה,77,55,132
2021-10-07T00:00:00.000Z,רואנדה,3,0,3
2021-10-07T00:00:00.000Z,דנמרק,86,46,132
2021-10-07T00:00:00.000Z,פיליפינים,1,9,10
2021-10-07T00:00:00.000Z,בוסניה הרצגובינה,3,1,4
2021-10-07T00:00:00.000Z,ארצות הברית,1100,1874,2974
2021-10-07T00:00:00.000Z,גאנה,3,41,44
2021-10-07T00:00:00.000Z,הממלכה המאוחדת,445,625,1070
2021-10-07T00:00:00.000Z,אקואדור,13,3,16
2021-10-07T00:00:00.000Z,אירלנד,4,0,4
2021-10-07T00:00:00.000Z,איי סיישל,0,2,2
2021-10-07T00:00:00.000Z,ארמניה,11,2,13
2021-10-07T00:00:00.000Z,לטביה,1,0,1
2021-10-07T00:00:00.000Z,מלדיבים,14,0,14
2021-10-07T00:00:00.000Z,מצרים,1259,239,1498
2021-10-07T00:00:00.000Z,קירג'זסטאן,1,0,1
2021-10-07T00:00:00.000Z,קוסובו,1,0,1
2021-10-07T00:00:00.000Z,פנמה,10,11,21
2021-10-07T00:00:00.000Z,אוזבקיסטן,3,21,24
2021-10-07T00:00:00.000Z,הונג קונג,2,35,37
2021-10-07T00:00:00.000Z,אזרביג'אן,52,28,80
2021-10-07T00:00:00.000Z,הונגריה,461,96,557
2021-10-07T00:00:00.000Z,קרואטיה,1,0,1
2021-10-07T00:00:00.000Z,קונגו,1,0,1
2021-10-07T00:00:00.000Z,ויטנאם,0,1,1
2021-10-07T00:00:00.000Z,קוריאה הדרומית,1,1,2
2021-10-07T00:00:00.000Z,מקסיקו,5,9,14
2021-10-07T00:00:00.000Z,מונגוליה,0,1,1
2021-10-07T00:00:00.000Z,אוקראינה,286,144,430
2021-10-07T00:00:00.000Z,גרמניה,169,78,247
2021-10-07T00:00:00.000Z,קולומביה,16,5,21
2021-10-07T00:00:00.000Z,פורטוגל,133,25,158
2021-10-07T00:00:00.000Z,מרוקו,92,20,112
2021-10-07T00:00:00.000Z,קמרון,0,1,1
2021-10-07T00:00:00.000Z,לאוס,1,0,1
2021-10-07T00:00:00.000Z,יוון,954,181,1135
2021-10-07T00:00:00.000Z,פרו,7,23,30
2021-10-07T00:00:00.000Z,לוכסמבורג,1,0,1
2021-10-07T00:00:00.000Z,הונדורס,1,0,1
2021-10-07T00:00:00.000Z,מונטנגרו,73,7,80
2021-10-07T00:00:00.000Z,צ'ילה,1,5,6
2021-10-07T00:00:00.000Z,שוויץ,129,57,186
2021-10-07T00:00:00.000Z,קפריסין,569,70,639
2021-10-07T00:00:00.000Z,צרפת,665,400,1065
2021-10-07T00:00:00.000Z,איטליה,696,133,829
2021-10-07T00:00:00.000Z,דרום אפריקה,52,38,90
2021-10-07T00:00:00.000Z,סלובקיה,1,0,1
2021-10-07T00:00:00.000Z,קניה,0,5,5
2021-10-07T00:00:00.000Z,צכיה,374,24,398
2021-10-07T00:00:00.000Z,פולין,87,38,125
2021-10-07T00:00:00.000Z,הודו,7,5,12
2021-10-07T00:00:00.000Z,גיברלטר,1,0,1
2021-10-07T00:00:00.000Z,סין,6,109,115
2021-10-07T00:00:00.000Z,הולנד,368,74,442
2021-10-07T00:00:00.000Z,גינאה,1,0,1
2021-10-07T00:00:00.000Z,אוגנדה,1,0,1
2021-10-07T00:00:00.000Z,טנזניה,8,2,10
2021-10-07T00:00:00.000Z,נפאל,1,0,1
2021-10-07T00:00:00.000Z,כלל המדינות,12018,6699,18717
2021-10-07T00:00:00.000Z,איחוד האמירויות הערב,236,47,283
2021-10-07T00:00:00.000Z,ארגנטינה,12,71,83
2021-10-07T00:00:00.000Z,גרנדה,0,1,1
2021-10-07T00:00:00.000Z,יפן,3,4,7
2021-10-07T00:00:00.000Z,גאורגיה,469,73,542
2021-10-07T00:00:00.000Z,ניגריה,4,4,8
2021-10-07T00:00:00.000Z,ירדן,185,43,228
2021-10-07T00:00:00.000Z,אסטוניה,1,0,1
2021-10-07T00:00:00.000Z,סרביה,52,40,92
2021-10-07T00:00:00.000Z,אוסטרליה,2,6,8
2021-10-07T00:00:00.000Z,הרפ הדומיניקנית,8,1,9
2021-10-07T00:00:00.000Z,קנדה,90,122,212
2021-10-07T00:00:00.000Z,רוסיה,157,309,466
2021-10-07T00:00:00.000Z,נמיביה,3,0,3
2021-10-07T00:00:00.000Z,ניו זילנד,0,1,1
2021-10-07T00:00:00.000Z,תורכיה,103,112,215
2021-10-07T00:00:00.000Z,בילורוסיה,67,73,140
2021-10-07T00:00:00.000Z,ברזיל,3,25,28
2021-10-07T00:00:00.000Z,גווטאמלה,3,4,7
2021-10-07T00:00:00.000Z,בלגיה,50,98,148
2021-10-07T00:00:00.000Z,נורבגיה,1,0,1
2021-10-07T00:00:00.000Z,פינלנד,4,2,6
2021-10-07T00:00:00.000Z,קטר,1,2,3
2021-10-07T00:00:00.000Z,סרי לנקה (צילון),1,2,3
2021-10-07T00:00:00.000Z,תוניסיה,1,1,2
2021-10-07T00:00:00.000Z,קזחסטאן,1,1,2
2021-10-07T00:00:00.000Z,איסלנד,18,1,19
2021-10-07T00:00:00.000Z,צאד,1,0,1
2021-10-08T00:00:00.000Z,דנמרק,15,1,16
2021-10-08T00:00:00.000Z,קוריאה הדרומית,3,0,3
2021-10-08T00:00:00.000Z,גווטאמלה,3,5,8
2021-10-08T00:00:00.000Z,פרו,1,3,4
2021-10-08T00:00:00.000Z,בולגריה,7,4,11
2021-10-08T00:00:00.000Z,פורטו ריקו,0,2,2
2021-10-08T00:00:00.000Z,הולנד,274,84,358
2021-10-08T00:00:00.000Z,גרמניה,759,244,1003
2021-10-08T00:00:00.000Z,אוסטרליה,7,0,7
2021-10-08T00:00:00.000Z,יוון,673,62,735
2021-10-08T00:00:00.000Z,נורבגיה,1,3,4
2021-10-08T00:00:00.000Z,קנדה,107,99,206
2021-10-08T00:00:00.000Z,אקואדור,7,1,8
2021-10-08T00:00:00.000Z,צרפת,641,238,879
2021-10-08T00:00:00.000Z,גאורגיה,408,77,485
2021-10-08T00:00:00.000Z,מקסיקו,7,4,11
2021-10-08T00:00:00.000Z,אסטוניה,6,0,6
2021-10-08T00:00:00.000Z,מונקו,1,0,1
2021-10-08T00:00:00.000Z,קזחסטאן,2,2,4
2021-10-08T00:00:00.000Z,תורכיה,153,69,222
2021-10-08T00:00:00.000Z,אוסטריה,795,107,902
2021-10-08T00:00:00.000Z,קוסטה ריקה,32,28,60
2021-10-08T00:00:00.000Z,הונגריה,323,37,360
2021-10-08T00:00:00.000Z,הרפ הדומיניקנית,6,0,6
2021-10-08T00:00:00.000Z,מלדיבים,25,12,37
2021-10-08T00:00:00.000Z,אורגוואי,2,6,8
2021-10-08T00:00:00.000Z,פורטוגל,27,1,28
2021-10-08T00:00:00.000Z,קפריסין,421,93,514
2021-10-08T00:00:00.000Z,חוף השנהב,8,0,8
2021-10-08T00:00:00.000Z,ליטא,1,0,1
2021-10-08T00:00:00.000Z,מלטה,7,2,9
2021-10-08T00:00:00.000Z,לטביה,6,0,6
2021-10-08T00:00:00.000Z,פנמה,7,7,14
2021-10-08T00:00:00.000Z,רומניה,249,39,288
2021-10-08T00:00:00.000Z,ארגנטינה,11,25,36
2021-10-08T00:00:00.000Z,מיאנמר (בורמה),1,0,1
2021-10-08T00:00:00.000Z,אוקראינה,330,115,445
2021-10-08T00:00:00.000Z,צכיה,390,25,415
2021-10-08T00:00:00.000Z,אל סלבדור,1,0,1
2021-10-08T00:00:00.000Z,נפאל,0,1,1
2021-10-08T00:00:00.000Z,יפן,0,3,3
2021-10-08T00:00:00.000Z,איחוד האמירויות הערב,317,49,366
2021-10-08T00:00:00.000Z,סנגל,2,0,2
2021-10-08T00:00:00.000Z,איסלנד,1,0,1
2021-10-08T00:00:00.000Z,בוסניה הרצגובינה,33,13,46
2021-10-08T00:00:00.000Z,בחריין,4,0,4
2021-10-08T00:00:00.000Z,ברזיל,1,9,10
2021-10-08T00:00:00.000Z,איטליה,531,51,582
2021-10-08T00:00:00.000Z,טוגו,1,0,1
2021-10-08T00:00:00.000Z,קרואטיה,7,0,7
2021-10-08T00:00:00.000Z,הודו,16,3,19
2021-10-08T00:00:00.000Z,בוליביה,0,1,1
2021-10-08T00:00:00.000Z,ארמניה,4,1,5
2021-10-08T00:00:00.000Z,סלובניה,8,0,8
2021-10-08T00:00:00.000Z,תאילנד,102,125,227
2021-10-08T00:00:00.000Z,קניה,2,0,2
2021-10-08T00:00:00.000Z,טיוואן,1,5,6
2021-10-08T00:00:00.000Z,רוסיה,264,205,469
2021-10-08T00:00:00.000Z,אלבניה,3,0,3
2021-10-08T00:00:00.000Z,צ'ילה,0,1,1
2021-10-08T00:00:00.000Z,אזרביג'אן,35,2,37
2021-10-08T00:00:00.000Z,לוכסמבורג,4,0,4
2021-10-08T00:00:00.000Z,ספרד,421,62,483
2021-10-08T00:00:00.000Z,פולין,205,27,232
2021-10-08T00:00:00.000Z,מונטנגרו,70,5,75
2021-10-08T00:00:00.000Z,אירלנד,6,1,7
2021-10-08T00:00:00.000Z,ארצות הברית,1503,1073,2576
2021-10-08T00:00:00.000Z,הממלכה המאוחדת,456,306,762
2021-10-08T00:00:00.000Z,קולומביה,3,3,6
2021-10-08T00:00:00.000Z,כלל המדינות,11642,4239,15881
2021-10-08T00:00:00.000Z,ניגריה,2,1,3
2021-10-08T00:00:00.000Z,קוסובו,0,2,2
2021-10-08T00:00:00.000Z,סרביה,7,1,8
2021-10-08T00:00:00.000Z,בלגיה,83,98,181
2021-10-08T00:00:00.000Z,סרי לנקה (צילון),2,1,3
2021-10-08T00:00:00.000Z,שוודיה,3,1,4
2021-10-08T00:00:00.000Z,מרוקו,14,5,19
2021-10-08T00:00:00.000Z,קירג'זסטאן,3,3,6
2021-10-08T00:00:00.000Z,אוזבקיסטן,4,6,10
2021-10-08T00:00:00.000Z,מצרים,733,150,883
2021-10-08T00:00:00.000Z,קטר,3,1,4
2021-10-08T00:00:00.000Z,סינגפור,2,4,6
2021-10-08T00:00:00.000Z,ירדן,8,8,16
2021-10-08T00:00:00.000Z,פינלנד,44,30,74
2021-10-08T00:00:00.000Z,אנגולה,1,1,2
2021-10-08T00:00:00.000Z,שוויץ,406,141,547
2021-10-08T00:00:00.000Z,דרום אפריקה,5,1,6
2021-10-08T00:00:00.000Z,תורכמניסטאן,1,0,1
2021-10-08T00:00:00.000Z,פיליפינים,0,1,1
2021-10-08T00:00:00.000Z,טנזניה,5,0,5
2021-10-09T00:00:00.000Z,סרי לנקה (צילון),1,2,3
2021-10-09T00:00:00.000Z,טיוואן,0,1,1
2021-10-09T00:00:00.000Z,איטליה,372,47,419
2021-10-09T00:00:00.000Z,אתיופיה,14,18,32
2021-10-09T00:00:00.000Z,אוקראינה,173,78,251
2021-10-09T00:00:00.000Z,ירדן,3,0,3
2021-10-09T00:00:00.000Z,חוף השנהב,0,2,2
2021-10-09T00:00:00.000Z,בולגריה,2,0,2
2021-10-09T00:00:00.000Z,מונגוליה,0,1,1
2021-10-09T00:00:00.000Z,מוזמביק,3,0,3
2021-10-09T00:00:00.000Z,אוגנדה,4,1,5
2021-10-09T00:00:00.000Z,צרפת,250,52,302
2021-10-09T00:00:00.000Z,ברזיל,1,1,2
2021-10-09T00:00:00.000Z,מונקו,1,0,1
2021-10-09T00:00:00.000Z,הודו,15,1,16
2021-10-09T00:00:00.000Z,מצרים,1623,189,1812
2021-10-09T00:00:00.000Z,מרוקו,4,1,5
2021-10-09T00:00:00.000Z,סלובניה,6,1,7
2021-10-09T00:00:00.000Z,פנמה,10,5,15
2021-10-09T00:00:00.000Z,איי סיישל,4,0,4
2021-10-09T00:00:00.000Z,אירלנד,4,4,8
2021-10-09T00:00:00.000Z,קרואטיה,3,1,4
2021-10-09T00:00:00.000Z,הממלכה המאוחדת,178,115,293
2021-10-09T00:00:00.000Z,רואנדה,8,4,12
2021-10-09T00:00:00.000Z,ארצות הברית,623,386,1009
2021-10-09T00:00:00.000Z,קונגו,1,0,1
2021-10-09T00:00:00.000Z,האנטילים ההולנדים,1,0,1
2021-10-09T00:00:00.000Z,פיליפינים,0,2,2
2021-10-09T00:00:00.000Z,אוזבקיסטן,4,1,5
2021-10-09T00:00:00.000Z,רוסיה,19,12,31
2021-10-09T00:00:00.000Z,איסלנד,11,2,13
2021-10-09T00:00:00.000Z,פרו,5,2,7
2021-10-09T00:00:00.000Z,הולנד,106,16,122
2021-10-09T00:00:00.000Z,גינאה,1,0,1
2021-10-09T00:00:00.000Z,ליטא,4,2,6
2021-10-09T00:00:00.000Z,מונטנגרו,2,0,2
2021-10-09T00:00:00.000Z,קפריסין,437,35,472
2021-10-09T00:00:00.000Z,גווטאמלה,1,3,4
2021-10-09T00:00:00.000Z,דרום אפריקה,17,14,31
2021-10-09T00:00:00.000Z,ניגריה,4,1,5
2021-10-09T00:00:00.000Z,ערב הסעודית,3,0,3
2021-10-09T00:00:00.000Z,קוסטה ריקה,8,3,11
2021-10-09T00:00:00.000Z,קירג'זסטאן,1,0,1
2021-10-09T00:00:00.000Z,יוון,499,58,557
2021-10-09T00:00:00.000Z,דומיניקה,1,1,2
2021-10-09T00:00:00.000Z,מאלי,2,0,2
2021-10-09T00:00:00.000Z,קזחסטאן,1,0,1
2021-10-09T00:00:00.000Z,שוודיה,1,3,4
2021-10-09T00:00:00.000Z,מלדיבים,31,1,32
2021-10-09T00:00:00.000Z,פינלנד,6,0,6
2021-10-09T00:00:00.000Z,קולומביה,7,6,13
2021-10-09T00:00:00.000Z,צכיה,227,51,278
2021-10-09T00:00:00.000Z,אלבניה,2,2,4
2021-10-09T00:00:00.000Z,טנזניה,8,2,10
2021-10-09T00:00:00.000Z,תורכיה,253,98,351
2021-10-09T00:00:00.000Z,גאורגיה,95,12,107
2021-10-09T00:00:00.000Z,הונגריה,264,23,287
2021-10-09T00:00:00.000Z,הונדורס,1,0,1
2021-10-09T00:00:00.000Z,כלל המדינות,7117,2096,9213
2021-10-09T00:00:00.000Z,סינגפור,3,1,4
2021-10-09T00:00:00.000Z,ספרד,15,8,23
2021-10-09T00:00:00.000Z,נורבגיה,1,2,3
2021-10-09T00:00:00.000Z,אסטוניה,3,1,4
2021-10-09T00:00:00.000Z,גאנה,4,2,6
2021-10-09T00:00:00.000Z,נמיביה,1,0,1
2021-10-09T00:00:00.000Z,קניה,4,0,4
2021-10-09T00:00:00.000Z,תאילנד,4,0,4
2021-10-09T00:00:00.000Z,רומניה,296,68,364
2021-10-09T00:00:00.000Z,אקואדור,13,3,16
2021-10-09T00:00:00.000Z,סרביה,0,1,1
2021-10-09T00:00:00.000Z,קוריאה הדרומית,1,2,3
2021-10-09T00:00:00.000Z,מקסיקו,3,3,6
2021-10-09T00:00:00.000Z,זמביה,1,1,2
2021-10-09T00:00:00.000Z,ארמניה,4,2,6
2021-10-09T00:00:00.000Z,שוויץ,74,48,122
2021-10-09T00:00:00.000Z,מלטה,1,0,1
2021-10-09T00:00:00.000Z,אזרביג'אן,4,0,4
2021-10-09T00:00:00.000Z,גרמניה,175,135,310
2021-10-09T00:00:00.000Z,איחוד האמירויות הערב,128,26,154
2021-10-09T00:00:00.000Z,אוסטרליה,2,0,2
2021-10-09T00:00:00.000Z,פולין,183,41,224
2021-10-09T00:00:00.000Z,דנמרק,4,2,6
2021-10-09T00:00:00.000Z,יפן,0,1,1
2021-10-09T00:00:00.000Z,קנדה,86,63,149
2021-10-09T00:00:00.000Z,לטביה,27,42,69
2021-10-09T00:00:00.000Z,פורטוגל,19,6,25
2021-10-09T00:00:00.000Z,פולינזיה הצרפתית,1,0,1
2021-10-09T00:00:00.000Z,בלגיה,9,8,17
2021-10-09T00:00:00.000Z,בוסניה הרצגובינה,2,0,2
2021-10-09T00:00:00.000Z,זאיר,2,0,2
2021-10-09T00:00:00.000Z,אוסטריה,436,34,470
2021-10-09T00:00:00.000Z,גינאה המשוונית,2,0,2
2021-10-10T00:00:00.000Z,גיברלטר,3,0,3
2021-10-10T00:00:00.000Z,קוסטה ריקה,18,1,19
2021-10-10T00:00:00.000Z,אזרביג'אן,65,13,78
2021-10-10T00:00:00.000Z,דרום סודאן,1,0,1
2021-10-10T00:00:00.000Z,תאילנד,9,5,14
2021-10-10T00:00:00.000Z,ברמודה,0,1,1
2021-10-10T00:00:00.000Z,מקאו,0,2,2
2021-10-10T00:00:00.000Z,בוסניה הרצגובינה,2,0,2
2021-10-10T00:00:00.000Z,אל סלבדור,1,0,1
2021-10-10T00:00:00.000Z,שוויץ,190,149,339
2021-10-10T00:00:00.000Z,מקסיקו,2,1,3
2021-10-10T00:00:00.000Z,פולין,86,14,100
2021-10-10T00:00:00.000Z,בולגריה,47,56,103
2021-10-10T00:00:00.000Z,תורכמניסטאן,0,1,1
2021-10-10T00:00:00.000Z,שוודיה,11,13,24
2021-10-10T00:00:00.000Z,ברזיל,0,3,3
2021-10-10T00:00:00.000Z,דנמרק,45,27,72
2021-10-10T00:00:00.000Z,טוגו,1,0,1
2021-10-10T00:00:00.000Z,יפן,1,0,1
2021-10-10T00:00:00.000Z,אקואדור,1,2,3
2021-10-10T00:00:00.000Z,סלובניה,0,3,3
2021-10-10T00:00:00.000Z,צ'ילה,0,2,2
2021-10-10T00:00:00.000Z,ארצות הברית,735,796,1531
2021-10-10T00:00:00.000Z,בילורוסיה,113,47,160
2021-10-10T00:00:00.000Z,קמרון,1,0,1
2021-10-10T00:00:00.000Z,גאנה,1,5,6
2021-10-10T00:00:00.000Z,גרמניה,358,268,626
2021-10-10T00:00:00.000Z,גאורגיה,864,89,953
2021-10-10T00:00:00.000Z,בורקינה פאסו,1,0,1
2021-10-10T00:00:00.000Z,קזחסטאן,2,3,5
2021-10-10T00:00:00.000Z,פורטוגל,89,22,111
2021-10-10T00:00:00.000Z,גווטאמלה,1,3,4
2021-10-10T00:00:00.000Z,קפריסין,720,75,795
2021-10-10T00:00:00.000Z,מאלי,1,0,1
2021-10-10T00:00:00.000Z,ארמניה,1,1,2
2021-10-10T00:00:00.000Z,פרו,4,4,8
2021-10-10T00:00:00.000Z,צכיה,546,34,580
2021-10-10T00:00:00.000Z,סרי לנקה (צילון),4,8,12
2021-10-10T00:00:00.000Z,יוון,1243,109,1352
2021-10-10T00:00:00.000Z,ניגריה,3,4,7
2021-10-10T00:00:00.000Z,גויאנה הצרפתית,3,0,3
2021-10-10T00:00:00.000Z,רואנדה,0,1,1
2021-10-10T00:00:00.000Z,ויטנאם,0,7,7
2021-10-10T00:00:00.000Z,קולומביה,3,2,5
2021-10-10T00:00:00.000Z,אוסטרליה,4,3,7
2021-10-10T00:00:00.000Z,אורגוואי,1,0,1
2021-10-10T00:00:00.000Z,אוסטריה,442,68,510
2021-10-10T00:00:00.000Z,מולדובה,76,66,142
2021-10-10T00:00:00.000Z,דרום אפריקה,3,7,10
2021-10-10T00:00:00.000Z,קנדה,56,47,103
2021-10-10T00:00:00.000Z,ליטא,100,19,119
2021-10-10T00:00:00.000Z,הרפ הדומיניקנית,0,5,5
2021-10-10T00:00:00.000Z,ירדן,308,81,389
2021-10-10T00:00:00.000Z,מלדיבים,11,0,11
2021-10-10T00:00:00.000Z,סלובקיה,0,1,1
2021-10-10T00:00:00.000Z,איחוד האמירויות הערב,272,58,330
2021-10-10T00:00:00.000Z,קרואטיה,16,2,18
2021-10-10T00:00:00.000Z,נורבגיה,5,5,10
2021-10-10T00:00:00.000Z,ספרד,367,109,476
2021-10-10T00:00:00.000Z,סין,1,1,2
2021-10-10T00:00:00.000Z,נמיביה,4,0,4
2021-10-10T00:00:00.000Z,הממלכה המאוחדת,377,361,738
2021-10-10T00:00:00.000Z,מצרים,1427,194,1621
2021-10-10T00:00:00.000Z,בלגיה,43,102,145
2021-10-10T00:00:00.000Z,איסלנד,5,0,5
2021-10-10T00:00:00.000Z,גויאנה,1,0,1
2021-10-10T00:00:00.000Z,איי סיישל,3,0,3
2021-10-10T00:00:00.000Z,ארגנטינה,12,13,25
2021-10-10T00:00:00.000Z,רוסיה,153,194,347
2021-10-10T00:00:00.000Z,קוריאה הדרומית,5,4,9
2021-10-10T00:00:00.000Z,מלטה,2,1,3
2021-10-10T00:00:00.000Z,נפאל,8,1,9
2021-10-10T00:00:00.000Z,אוקראינה,267,148,415
2021-10-10T00:00:00.000Z,הולנד,343,70,413
2021-10-10T00:00:00.000Z,איטליה,904,124,1028
2021-10-10T00:00:00.000Z,אוזבקיסטן,4,3,7
2021-10-10T00:00:00.000Z,תורכיה,393,116,509
2021-10-10T00:00:00.000Z,פנמה,3,3,6
2021-10-10T00:00:00.000Z,הודו,8,5,13
2021-10-10T00:00:00.000Z,אסטוניה,0,1,1
2021-10-10T00:00:00.000Z,טנזניה,2,0,2
2021-10-10T00:00:00.000Z,הונגריה,609,49,658
2021-10-10T00:00:00.000Z,קניה,0,2,2
2021-10-10T00:00:00.000Z,כלל המדינות,13444,4783,18227
2021-10-10T00:00:00.000Z,מרוקו,31,13,44
2021-10-10T00:00:00.000Z,פיליפינים,1,10,11
2021-10-10T00:00:00.000Z,אירלנד,9,2,11
2021-10-10T00:00:00.000Z,תוניסיה,0,3,3
2021-10-10T00:00:00.000Z,צרפת,429,356,785
2021-10-10T00:00:00.000Z,אוגנדה,3,6,9
2021-10-10T00:00:00.000Z,רומניה,261,22,283
2021-10-10T00:00:00.000Z,מונטנגרו,133,5,138
2021-10-10T00:00:00.000Z,סרביה,50,11,61
2021-10-11T00:00:00.000Z,קפריסין,423,42,465
2021-10-11T00:00:00.000Z,מולדובה,1,42,43
2021-10-11T00:00:00.000Z,ארמניה,2,2,4
2021-10-11T00:00:00.000Z,פורטוגל,115,12,127
2021-10-11T00:00:00.000Z,אוקראינה,469,247,716
2021-10-11T00:00:00.000Z,ונצואלה,1,0,1
2021-10-11T00:00:00.000Z,פנמה,12,10,22
2021-10-11T00:00:00.000Z,סין,0,2,2
2021-10-11T00:00:00.000Z,קוריאה הדרומית,0,4,4
2021-10-11T00:00:00.000Z,תורכיה,296,150,446
2021-10-11T00:00:00.000Z,מאלי,2,0,2
2021-10-11T00:00:00.000Z,קירג'זסטאן,2,1,3
2021-10-11T00:00:00.000Z,מונטנגרו,95,2,97
2021-10-11T00:00:00.000Z,ארגנטינה,0,1,1
2021-10-11T00:00:00.000Z,זימבאבווה,0,2,2
2021-10-11T00:00:00.000Z,קמרון,1,0,1
2021-10-11T00:00:00.000Z,ניגריה,4,2,6
2021-10-11T00:00:00.000Z,בילורוסיה,1,0,1
2021-10-11T00:00:00.000Z,מאוריציוס,4,1,5
2021-10-11T00:00:00.000Z,גווטאמלה,1,5,6
2021-10-11T00:00:00.000Z,בוטסואנה,1,0,1
2021-10-11T00:00:00.000Z,פיליפינים,1,2,3
2021-10-11T00:00:00.000Z,טנזניה,18,4,22
2021-10-11T00:00:00.000Z,צרפת,689,309,998
2021-10-11T00:00:00.000Z,בולגריה,3,2,5
2021-10-11T00:00:00.000Z,טובלו,1,0,1
2021-10-11T00:00:00.000Z,ארצות הברית,1002,1515,2517
2021-10-11T00:00:00.000Z,איסלנד,10,0,10
2021-10-11T00:00:00.000Z,גרמניה,451,148,599
2021-10-11T00:00:00.000Z,בלגיה,89,71,160
2021-10-11T00:00:00.000Z,יפן,0,1,1
2021-10-11T00:00:00.000Z,זאיר,2,0,2
2021-10-11T00:00:00.000Z,אוזבקיסטן,123,102,225
2021-10-11T00:00:00.000Z,אוסטריה,812,83,895
2021-10-11T00:00:00.000Z,זמביה,2,1,3
2021-10-11T00:00:00.000Z,ירדן,83,49,132
2021-10-11T00:00:00.000Z,קרואטיה,6,1,7
2021-10-11T00:00:00.000Z,סנגל,2,0,2
2021-10-11T00:00:00.000Z,רואנדה,2,0,2
2021-10-11T00:00:00.000Z,גיברלטר,0,1,1
2021-10-11T00:00:00.000Z,אוסטרליה,3,2,5
2021-10-11T00:00:00.000Z,כלל המדינות,11865,5933,17798
2021-10-11T00:00:00.000Z,מלדיבים,9,0,9
2021-10-11T00:00:00.000Z,אירלנד,6,0,6
2021-10-11T00:00:00.000Z,פינלנד,4,2,6
2021-10-11T00:00:00.000Z,שוודיה,6,21,27
2021-10-11T00:00:00.000Z,יוון,828,67,895
2021-10-11T00:00:00.000Z,קולומביה,7,10,17
2021-10-11T00:00:00.000Z,לוכסמבורג,0,4,4
2021-10-11T00:00:00.000Z,קנדה,59,88,147
2021-10-11T00:00:00.000Z,סרי לנקה (צילון),0,3,3
2021-10-11T00:00:00.000Z,פרו,4,6,10
2021-10-11T00:00:00.000Z,מקדוניה,4,0,4
2021-10-11T00:00:00.000Z,פולין,191,32,223
2021-10-11T00:00:00.000Z,אקואדור,1,6,7
2021-10-11T00:00:00.000Z,אלבניה,4,0,4
2021-10-11T00:00:00.000Z,דנמרק,5,9,14
2021-10-11T00:00:00.000Z,סרביה,18,16,34
2021-10-11T00:00:00.000Z,ברזיל,2,16,18
2021-10-11T00:00:00.000Z,לטביה,5,2,7
2021-10-11T00:00:00.000Z,אתיופיה,27,30,57
2021-10-11T00:00:00.000Z,אורגוואי,2,4,6
2021-10-11T00:00:00.000Z,אנגולה,7,0,7
2021-10-11T00:00:00.000Z,ספרד,399,112,511
2021-10-11T00:00:00.000Z,הממלכה המאוחדת,600,530,1130
2021-10-11T00:00:00.000Z,נורבגיה,2,1,3
2021-10-11T00:00:00.000Z,תאילנד,54,185,239
2021-10-11T00:00:00.000Z,ליטא,8,2,10
2021-10-11T00:00:00.000Z,קזחסטאן,2,4,6
2021-10-11T00:00:00.000Z,תורכמניסטאן,3,5,8
2021-10-11T00:00:00.000Z,שוויץ,129,73,202
2021-10-11T00:00:00.000Z,סינגפור,1,1,2
2021-10-11T00:00:00.000Z,מרוקו,5,0,5
2021-10-11T00:00:00.000Z,בוסניה הרצגובינה,18,15,33
2021-10-11T00:00:00.000Z,אסטוניה,1,0,1
2021-10-11T00:00:00.000Z,דרום אפריקה,15,38,53
2021-10-11T00:00:00.000Z,גאורגיה,410,49,459
2021-10-11T00:00:00.000Z,טוגו,2,0,2
2021-10-11T00:00:00.000Z,איחוד האמירויות הערב,144,22,166
2021-10-11T00:00:00.000Z,קניה,3,1,4
2021-10-11T00:00:00.000Z,הולנד,236,33,269
2021-10-11T00:00:00.000Z,טיוואן,0,1,1
2021-10-11T00:00:00.000Z,צ'ילה,0,2,2
2021-10-11T00:00:00.000Z,גויאנה הצרפתית,1,0,1
2021-10-11T00:00:00.000Z,רוסיה,264,295,559
2021-10-11T00:00:00.000Z,צכיה,340,27,367
2021-10-11T00:00:00.000Z,סלובקיה,2,0,2
2021-10-11T00:00:00.000Z,הרפ הדומיניקנית,2,0,2
2021-10-11T00:00:00.000Z,חוף השנהב,1,0,1
2021-10-11T00:00:00.000Z,מצרים,723,105,828
2021-10-11T00:00:00.000Z,אינדונזיה,1,0,1
2021-10-11T00:00:00.000Z,רומניה,358,27,385
2021-10-11T00:00:00.000Z,מקסיקו,8,11,19
2021-10-11T00:00:00.000Z,קוסטה ריקה,7,4,11
2021-10-11T00:00:00.000Z,אזרביג'אן,64,10,74
2021-10-11T00:00:00.000Z,איטליה,705,95,800
2021-10-11T00:00:00.000Z,מלטה,2,1,3
2021-10-11T00:00:00.000Z,נפאל,24,0,24
2021-10-11T00:00:00.000Z,הונגריה,393,25,418
2021-10-11T00:00:00.000Z,הודו,89,84,173
2021-10-11T00:00:00.000Z,בחריין,24,1,25
2021-10-11T00:00:00.000Z,גאנה,6,4,10
2021-10-12T00:00:00.000Z,קזחסטאן,0,1,1
2021-10-12T00:00:00.000Z,ברזיל,1,0,1
2021-10-12T00:00:00.000Z,ארגנטינה,30,56,86
2021-10-12T00:00:00.000Z,בלגיה,12,10,22
2021-10-12T00:00:00.000Z,מלטה,1,2,3
2021-10-12T00:00:00.000Z,אתיופיה,32,19,51
2021-10-12T00:00:00.000Z,מקסיקו,13,12,25
2021-10-12T00:00:00.000Z,קרואטיה,5,2,7
2021-10-12T00:00:00.000Z,איחוד האמירויות הערב,140,29,169
2021-10-12T00:00:00.000Z,קניה,7,1,8
2021-10-12T00:00:00.000Z,קירג'זסטאן,2,0,2
2021-10-12T00:00:00.000Z,קמרון,2,0,2
2021-10-12T00:00:00.000Z,אוסטריה,342,46,388
2021-10-12T00:00:00.000Z,אלבניה,3,0,3
2021-10-12T00:00:00.000Z,מרוקו,81,15,96
2021-10-12T00:00:00.000Z,לטביה,25,16,41
2021-10-12T00:00:00.000Z,דרום אפריקה,24,18,42
2021-10-12T00:00:00.000Z,ונצואלה,1,1,2
2021-10-12T00:00:00.000Z,עירק,0,4,4
2021-10-12T00:00:00.000Z,שוודיה,4,5,9
2021-10-12T00:00:00.000Z,יוון,538,64,602
2021-10-12T00:00:00.000Z,ארצות הברית,882,1088,1970
2021-10-12T00:00:00.000Z,מצרים,529,83,612
2021-10-12T00:00:00.000Z,גרמניה,417,179,596
2021-10-12T00:00:00.000Z,קוריאה הדרומית,1,4,5
2021-10-12T00:00:00.000Z,תוניסיה,1,0,1
2021-10-12T00:00:00.000Z,הונגריה,361,40,401
2021-10-12T00:00:00.000Z,סרביה,5,0,5
2021-10-12T00:00:00.000Z,רוסיה,157,269,426
2021-10-12T00:00:00.000Z,חוף השנהב,1,1,2
2021-10-12T00:00:00.000Z,פיליפינים,1,1,2
2021-10-12T00:00:00.000Z,אוזבקיסטן,6,3,9
2021-10-12T00:00:00.000Z,אקואדור,1,1,2
2021-10-12T00:00:00.000Z,ליכטנשטיין,0,1,1
2021-10-12T00:00:00.000Z,גינאה,1,0,1
2021-10-12T00:00:00.000Z,פרו,5,6,11
2021-10-12T00:00:00.000Z,צרפת,617,322,939
2021-10-12T00:00:00.000Z,צכיה,288,19,307
2021-10-12T00:00:00.000Z,הודו,5,3,8
2021-10-12T00:00:00.000Z,נורבגיה,1,3,4
2021-10-12T00:00:00.000Z,גאורגיה,161,36,197
2021-10-12T00:00:00.000Z,ספרד,240,49,289
2021-10-12T00:00:00.000Z,שוויץ,130,51,181
2021-10-12T00:00:00.000Z,בילורוסיה,2,0,2
2021-10-12T00:00:00.000Z,קולומביה,4,3,7
2021-10-12T00:00:00.000Z,נמיביה,0,1,1
2021-10-12T00:00:00.000Z,קוסטה ריקה,17,9,26
2021-10-12T00:00:00.000Z,מולדובה,43,26,69
2021-10-12T00:00:00.000Z,נפאל,2,0,2
2021-10-12T00:00:00.000Z,איטליה,237,37,274
2021-10-12T00:00:00.000Z,סינגפור,0,3,3
2021-10-12T00:00:00.000Z,זאיר,0,1,1
2021-10-12T00:00:00.000Z,ניגריה,2,4,6
2021-10-12T00:00:00.000Z,אסטוניה,1,0,1
2021-10-12T00:00:00.000Z,בוסניה הרצגובינה,1,0,1
2021-10-12T00:00:00.000Z,רומניה,79,15,94
2021-10-12T00:00:00.000Z,קנדה,120,173,293
2021-10-12T00:00:00.000Z,פולין,161,21,182
2021-10-12T00:00:00.000Z,מלדיבים,25,0,25
2021-10-12T00:00:00.000Z,אוקראינה,161,90,251
2021-10-12T00:00:00.000Z,פרגוואי,1,1,2
2021-10-12T00:00:00.000Z,אוגנדה,0,1,1
2021-10-12T00:00:00.000Z,אורגוואי,3,3,6
2021-10-12T00:00:00.000Z,ירדן,58,35,93
2021-10-12T00:00:00.000Z,ארמניה,4,1,5
2021-10-12T00:00:00.000Z,גווטאמלה,1,1,2
2021-10-12T00:00:00.000Z,ליטא,6,3,9
2021-10-12T00:00:00.000Z,טרינידד וטובגו,1,0,1
2021-10-12T00:00:00.000Z,סרי לנקה (צילון),2,1,3
2021-10-12T00:00:00.000Z,הולנד,277,28,305
2021-10-12T00:00:00.000Z,איי סיישל,2,4,6
2021-10-12T00:00:00.000Z,אירלנד,3,3,6
2021-10-12T00:00:00.000Z,רואנדה,3,0,3
2021-10-12T00:00:00.000Z,דנמרק,7,3,10
2021-10-12T00:00:00.000Z,גאנה,1,31,32
2021-10-12T00:00:00.000Z,טנזניה,12,0,12
2021-10-12T00:00:00.000Z,קפריסין,162,30,192
2021-10-12T00:00:00.000Z,מלאווי,0,1,1
2021-10-12T00:00:00.000Z,הממלכה המאוחדת,404,246,650
2021-10-12T00:00:00.000Z,הרפ הדומיניקנית,4,3,7
2021-10-12T00:00:00.000Z,איסלנד,11,1,12
2021-10-12T00:00:00.000Z,אזרביג'אן,4,0,4
2021-10-12T00:00:00.000Z,זמביה,1,0,1
2021-10-12T00:00:00.000Z,כלל המדינות,7899,4079,11978
2021-10-12T00:00:00.000Z,פורטוגל,17,2,19
2021-10-12T00:00:00.000Z,אנגולה,1,0,1
2021-10-12T00:00:00.000Z,פנמה,10,10,20
2021-10-12T00:00:00.000Z,מונטנגרו,5,1,6
2021-10-12T00:00:00.000Z,תורכיה,430,217,647
2021-10-12T00:00:00.000Z,בולגריה,4,0,4
2021-10-12T00:00:00.000Z,סלובניה,9,0,9
2021-10-13T00:00:00.000Z,נורבגיה,2,3,5
2021-10-13T00:00:00.000Z,הונג קונג,2,4,6
2021-10-13T00:00:00.000Z,קונגו,1,0,1
2021-10-13T00:00:00.000Z,מצרים,401,59,460
2021-10-13T00:00:00.000Z,פינלנד,36,22,58
2021-10-13T00:00:00.000Z,ערב הסעודית,4,0,4
2021-10-13T00:00:00.000Z,טיוואן,0,3,3
2021-10-13T00:00:00.000Z,דנמרק,4,6,10
2021-10-13T00:00:00.000Z,מונטנגרו,101,4,105
2021-10-13T00:00:00.000Z,האיטי,1,0,1
2021-10-13T00:00:00.000Z,איי סיישל,109,11,120
2021-10-13T00:00:00.000Z,ניגריה,3,7,10
2021-10-13T00:00:00.000Z,בולגריה,45,41,86
2021-10-13T00:00:00.000Z,אסטוניה,3,0,3
2021-10-13T00:00:00.000Z,אתיופיה,20,33,53
2021-10-13T00:00:00.000Z,לטביה,3,0,3
2021-10-13T00:00:00.000Z,שוודיה,5,4,9
2021-10-13T00:00:00.000Z,רוסיה,97,208,305
2021-10-13T00:00:00.000Z,קטר,0,2,2
2021-10-13T00:00:00.000Z,לוכסמבורג,0,1,1
2021-10-13T00:00:00.000Z,ארמניה,2,1,3
2021-10-13T00:00:00.000Z,כלל המדינות,7424,4406,11830
2021-10-13T00:00:00.000Z,סרי לנקה (צילון),2,2,4
2021-10-13T00:00:00.000Z,איי גילברט ואליס,0,1,1
2021-10-13T00:00:00.000Z,שוויץ,99,43,142
2021-10-13T00:00:00.000Z,זאיר,2,0,2
2021-10-13T00:00:00.000Z,ליטא,1,0,1
2021-10-13T00:00:00.000Z,אירלנד,1,0,1
2021-10-13T00:00:00.000Z,אקואדור,0,1,1
2021-10-13T00:00:00.000Z,קניה,19,3,22
2021-10-13T00:00:00.000Z,סין,0,14,14
2021-10-13T00:00:00.000Z,קרואטיה,7,2,9
2021-10-13T00:00:00.000Z,דרום סודאן,1,1,2
2021-10-13T00:00:00.000Z,אלבניה,5,0,5
2021-10-13T00:00:00.000Z,קוריאה הדרומית,1,3,4
2021-10-13T00:00:00.000Z,קוסטה ריקה,5,7,12
2021-10-13T00:00:00.000Z,ארצות הברית,808,989,1797
2021-10-13T00:00:00.000Z,איחוד האמירויות הערב,266,34,300
2021-10-13T00:00:00.000Z,אוסטרליה,2,8,10
2021-10-13T00:00:00.000Z,פרו,7,5,12
2021-10-13T00:00:00.000Z,אוסטריה,350,80,430
2021-10-13T00:00:00.000Z,תוניסיה,1,1,2
2021-10-13T00:00:00.000Z,אוקראינה,302,277,579
2021-10-13T00:00:00.000Z,תאילנד,1,1,2
2021-10-13T00:00:00.000Z,ניו זילנד,0,1,1
2021-10-13T00:00:00.000Z,בלגיה,13,12,25
2021-10-13T00:00:00.000Z,דרום אפריקה,29,53,82
2021-10-13T00:00:00.000Z,צרפת,437,336,773
2021-10-13T00:00:00.000Z,פורטוגל,66,10,76
2021-10-13T00:00:00.000Z,יפן,0,2,2
2021-10-13T00:00:00.000Z,צכיה,163,18,181
2021-10-13T00:00:00.000Z,גויאנה,1,0,1
2021-10-13T00:00:00.000Z,סרביה,6,0,6
2021-10-13T00:00:00.000Z,פיליפינים,0,16,16
2021-10-13T00:00:00.000Z,ונצואלה,4,0,4
2021-10-13T00:00:00.000Z,פולין,70,8,78
2021-10-13T00:00:00.000Z,סינגפור,0,2,2
2021-10-13T00:00:00.000Z,גמביה,3,0,3
2021-10-13T00:00:00.000Z,בהמס,1,0,1
2021-10-13T00:00:00.000Z,קזחסטאן,0,2,2
2021-10-13T00:00:00.000Z,מקסיקו,3,5,8
2021-10-13T00:00:00.000Z,סלובניה,4,0,4
2021-10-13T00:00:00.000Z,הממלכה המאוחדת,366,302,668
2021-10-13T00:00:00.000Z,בילורוסיה,60,55,115
2021-10-13T00:00:00.000Z,ספרד,155,22,177
2021-10-13T00:00:00.000Z,פנמה,5,7,12
2021-10-13T00:00:00.000Z,איטליה,288,34,322
2021-10-13T00:00:00.000Z,גרמניה,459,153,612
2021-10-13T00:00:00.000Z,נפאל,1,0,1
2021-10-13T00:00:00.000Z,אזרביג'אן,4,0,4
2021-10-13T00:00:00.000Z,גאורגיה,91,14,105
2021-10-13T00:00:00.000Z,אלגיריה,0,1,1
2021-10-13T00:00:00.000Z,בוסניה הרצגובינה,11,5,16
2021-10-13T00:00:00.000Z,הונגריה,358,84,442
2021-10-13T00:00:00.000Z,רואנדה,1,0,1
2021-10-13T00:00:00.000Z,מקדוניה,4,1,5
2021-10-13T00:00:00.000Z,הודו,12,97,109
2021-10-13T00:00:00.000Z,אוגנדה,1,0,1
2021-10-13T00:00:00.000Z,גיברלטר,0,1,1
2021-10-13T00:00:00.000Z,מולדובה,1,1,2
2021-10-13T00:00:00.000Z,אוזבקיסטן,3,0,3
2021-10-13T00:00:00.000Z,קולומביה,0,2,2
2021-10-13T00:00:00.000Z,טנזניה,88,8,96
2021-10-13T00:00:00.000Z,מלדיבים,15,1,16
2021-10-13T00:00:00.000Z,איסלנד,3,0,3
2021-10-13T00:00:00.000Z,תורכמניסטאן,2,1,3
2021-10-13T00:00:00.000Z,מרוקו,13,1,14
2021-10-13T00:00:00.000Z,רומניה,222,22,244
2021-10-13T00:00:00.000Z,קפריסין,188,54,242
2021-10-13T00:00:00.000Z,ירדן,24,17,41
2021-10-13T00:00:00.000Z,ברזיל,2,3,5
2021-10-13T00:00:00.000Z,קמרון,1,0,1
2021-10-13T00:00:00.000Z,הולנד,184,48,232
2021-10-13T00:00:00.000Z,קנדה,46,71,117
2021-10-13T00:00:00.000Z,בוטסואנה,4,1,5
2021-10-13T00:00:00.000Z,יוון,368,43,411
2021-10-13T00:00:00.000Z,קירג'זסטאן,0,1,1
2021-10-13T00:00:00.000Z,תורכיה,422,118,540
2021-10-14T00:00:00.000Z,מולדובה,78,35,113
2021-10-14T00:00:00.000Z,פנמה,5,13,18
2021-10-14T00:00:00.000Z,מצרים,686,126,812
2021-10-14T00:00:00.000Z,אלבניה,2,0,2
2021-10-14T00:00:00.000Z,דרום אפריקה,35,26,61
2021-10-14T00:00:00.000Z,פרו,8,6,14
2021-10-14T00:00:00.000Z,זאיר,2,0,2
2021-10-14T00:00:00.000Z,שוויץ,119,47,166
2021-10-14T00:00:00.000Z,אוקראינה,191,179,370
2021-10-14T00:00:00.000Z,בילורוסיה,63,45,108
2021-10-14T00:00:00.000Z,גבון,1,0,1
2021-10-14T00:00:00.000Z,ארגנטינה,4,31,35
2021-10-14T00:00:00.000Z,מלאווי,1,0,1
2021-10-14T00:00:00.000Z,זמביה,1,0,1
2021-10-14T00:00:00.000Z,ליטא,89,10,99
2021-10-14T00:00:00.000Z,רומניה,165,48,213
2021-10-14T00:00:00.000Z,אנגולה,1,1,2
2021-10-14T00:00:00.000Z,ירדן,76,52,128
2021-10-14T00:00:00.000Z,ארמניה,1,0,1
2021-10-14T00:00:00.000Z,בולגריה,17,8,25
2021-10-14T00:00:00.000Z,רוסיה,197,250,447
2021-10-14T00:00:00.000Z,קפריסין,429,59,488
2021-10-14T00:00:00.000Z,בחריין,33,1,34
2021-10-14T00:00:00.000Z,מיאנמר (בורמה),0,1,1
2021-10-14T00:00:00.000Z,ספרד,275,67,342
2021-10-14T00:00:00.000Z,צ'ילה,1,0,1
2021-10-14T00:00:00.000Z,חוף השנהב,1,0,1
2021-10-14T00:00:00.000Z,הודו,11,1,12
2021-10-14T00:00:00.000Z,הולנד,239,46,285
2021-10-14T00:00:00.000Z,איחוד האמירויות הערב,276,71,347
2021-10-14T00:00:00.000Z,כלל המדינות,11031,4802,15833
2021-10-14T00:00:00.000Z,מוזמביק,0,1,1
2021-10-14T00:00:00.000Z,טנזניה,17,0,17
2021-10-14T00:00:00.000Z,הממלכה המאוחדת,344,253,597
2021-10-14T00:00:00.000Z,איטליה,649,96,745
2021-10-14T00:00:00.000Z,סרביה,68,13,81
2021-10-14T00:00:00.000Z,הונדורס,1,0,1
2021-10-14T00:00:00.000Z,פולין,82,17,99
2021-10-14T00:00:00.000Z,קרואטיה,8,1,9
2021-10-14T00:00:00.000Z,לטביה,0,4,4
2021-10-14T00:00:00.000Z,אזרביג'אן,47,9,56
2021-10-14T00:00:00.000Z,אירלנד,6,2,8
2021-10-14T00:00:00.000Z,ארצות הברית,930,1105,2035
2021-10-14T00:00:00.000Z,שוודיה,12,11,23
2021-10-14T00:00:00.000Z,ונצואלה,0,1,1
2021-10-14T00:00:00.000Z,מרוקו,108,24,132
2021-10-14T00:00:00.000Z,גרמניה,212,64,276
2021-10-14T00:00:00.000Z,בלגיה,38,49,87
2021-10-14T00:00:00.000Z,גינאה המשוונית,4,2,6
2021-10-14T00:00:00.000Z,אסטוניה,3,0,3
2021-10-14T00:00:00.000Z,תוניסיה,0,3,3
2021-10-14T00:00:00.000Z,קוסטה ריקה,7,0,7
2021-10-14T00:00:00.000Z,צרפת,628,319,947
2021-10-14T00:00:00.000Z,תורכמניסטאן,4,2,6
2021-10-14T00:00:00.000Z,פיליפינים,1,3,4
2021-10-14T00:00:00.000Z,מקדוניה,2,0,2
2021-10-14T00:00:00.000Z,דרום סודאן,2,0,2
2021-10-14T00:00:00.000Z,מלדיבים,18,2,20
2021-10-14T00:00:00.000Z,פינלנד,5,1,6
2021-10-14T00:00:00.000Z,אוסטרליה,1,5,6
2021-10-14T00:00:00.000Z,קנדה,46,100,146
2021-10-14T00:00:00.000Z,קירג'זסטאן,10,1,11
2021-10-14T00:00:00.000Z,יפן,0,1,1
2021-10-14T00:00:00.000Z,קזחסטאן,10,2,12
2021-10-14T00:00:00.000Z,גויאנה,0,1,1
2021-10-14T00:00:00.000Z,גווטאמלה,0,1,1
2021-10-14T00:00:00.000Z,אוסטריה,428,63,491
2021-10-14T00:00:00.000Z,אתיופיה,42,19,61
2021-10-14T00:00:00.000Z,הונגריה,476,55,531
2021-10-14T00:00:00.000Z,איסלנד,11,0,11
2021-10-14T00:00:00.000Z,קולומביה,8,18,26
2021-10-14T00:00:00.000Z,מקאו,1,0,1
2021-10-14T00:00:00.000Z,גאנה,5,2,7
2021-10-14T00:00:00.000Z,מלטה,2,0,2
2021-10-14T00:00:00.000Z,גאורגיה,801,97,898
2021-10-14T00:00:00.000Z,קמרון,1,1,2
2021-10-14T00:00:00.000Z,ערב הסעודית,2,0,2
2021-10-14T00:00:00.000Z,מונטנגרו,187,1,188
2021-10-14T00:00:00.000Z,אוגנדה,3,0,3
2021-10-14T00:00:00.000Z,לוכסמבורג,2,0,2
2021-10-14T00:00:00.000Z,ניו זילנד,0,2,2
2021-10-14T00:00:00.000Z,ניגריה,2,2,4
2021-10-14T00:00:00.000Z,רואנדה,0,1,1
2021-10-14T00:00:00.000Z,הונג קונג,4,14,18
2021-10-14T00:00:00.000Z,קונגו,1,0,1
2021-10-14T00:00:00.000Z,תורכיה,678,220,898
2021-10-14T00:00:00.000Z,נפאל,3,0,3
2021-10-14T00:00:00.000Z,תאילנד,0,1,1
2021-10-14T00:00:00.000Z,יוון,609,70,679
2021-10-14T00:00:00.000Z,דנמרק,61,64,125
2021-10-14T00:00:00.000Z,קניה,5,0,5
2021-10-14T00:00:00.000Z,איי טורקס וקייקוס,1,0,1
2021-10-14T00:00:00.000Z,זימבאבווה,1,0,1
2021-10-14T00:00:00.000Z,קטר,2,0,2
2021-10-14T00:00:00.000Z,אוזבקיסטן,12,1,13
2021-10-14T00:00:00.000Z,נמיביה,1,0,1
2021-10-14T00:00:00.000Z,ברזיל,3,3,6
2021-10-14T00:00:00.000Z,צכיה,297,32,329
2021-10-14T00:00:00.000Z,איי סיישל,2,0,2
2021-10-14T00:00:00.000Z,סין,2,169,171
2021-10-14T00:00:00.000Z,קוריאה הדרומית,0,5,5
2021-10-14T00:00:00.000Z,פורטוגל,198,38,236
2021-10-14T00:00:00.000Z,מקסיקו,5,23,28
2021-10-14T00:00:00.000Z,נורבגיה,2,5,7
2021-10-15T00:00:00.000Z,אוסטריה,748,79,827
2021-10-15T00:00:00.000Z,פינלנד,43,23,66
2021-10-15T00:00:00.000Z,סרי לנקה (צילון),1,2,3
2021-10-15T00:00:00.000Z,הודו,24,2,26
2021-10-15T00:00:00.000Z,יוון,483,57,540
2021-10-15T00:00:00.000Z,הרפ הדומיניקנית,0,1,1
2021-10-15T00:00:00.000Z,אורגוואי,3,1,4
2021-10-15T00:00:00.000Z,הממלכה המאוחדת,436,162,598
2021-10-15T00:00:00.000Z,טנזניה,4,0,4
2021-10-15T00:00:00.000Z,רוסיה,180,132,312
2021-10-15T00:00:00.000Z,בילורוסיה,1,0,1
2021-10-15T00:00:00.000Z,קמבודיה,0,2,2
2021-10-15T00:00:00.000Z,גאורגיה,210,51,261
2021-10-15T00:00:00.000Z,לוכסמבורג,1,0,1
2021-10-15T00:00:00.000Z,קפריסין,239,42,281
2021-10-15T00:00:00.000Z,מצרים,517,78,595
2021-10-15T00:00:00.000Z,מלדיבים,5,2,7
2021-10-15T00:00:00.000Z,פולין,243,35,278
2021-10-15T00:00:00.000Z,פנמה,3,1,4
2021-10-15T00:00:00.000Z,כלל המדינות,10880,3333,14213
2021-10-15T00:00:00.000Z,ברזיל,4,7,11
2021-10-15T00:00:00.000Z,קוסטה ריקה,18,18,36
2021-10-15T00:00:00.000Z,קרואטיה,17,1,18
2021-10-15T00:00:00.000Z,קולומביה,0,1,1
2021-10-15T00:00:00.000Z,מקדוניה,1,0,1
2021-10-15T00:00:00.000Z,ספרד,400,45,445
2021-10-15T00:00:00.000Z,שוויץ,318,124,442
2021-10-15T00:00:00.000Z,הונגריה,359,43,402
2021-10-15T00:00:00.000Z,קניה,2,0,2
2021-10-15T00:00:00.000Z,זאיר,2,0,2
2021-10-15T00:00:00.000Z,בלגיה,121,46,167
2021-10-15T00:00:00.000Z,אקואדור,3,0,3
2021-10-15T00:00:00.000Z,צרפת,667,232,899
2021-10-15T00:00:00.000Z,מולדובה,32,23,55
2021-10-15T00:00:00.000Z,ויטנאם,0,1,1
2021-10-15T00:00:00.000Z,קטר,2,0,2
2021-10-15T00:00:00.000Z,איחוד האמירויות הערב,289,69,358
2021-10-15T00:00:00.000Z,איטליה,524,48,572
2021-10-15T00:00:00.000Z,אוקראינה,314,191,505
2021-10-15T00:00:00.000Z,בוסניה הרצגובינה,12,9,21
2021-10-15T00:00:00.000Z,תורכיה,527,155,682
2021-10-15T00:00:00.000Z,סרביה,4,1,5
2021-10-15T00:00:00.000Z,דנמרק,13,4,17
2021-10-15T00:00:00.000Z,אנגולה,1,1,2
2021-10-15T00:00:00.000Z,אזרביג'אן,62,2,64
2021-10-15T00:00:00.000Z,ארמניה,1,1,2
2021-10-15T00:00:00.000Z,חוף השנהב,2,0,2
2021-10-15T00:00:00.000Z,ערב הסעודית,1,0,1
2021-10-15T00:00:00.000Z,אסטוניה,4,2,6
2021-10-15T00:00:00.000Z,נורבגיה,6,1,7
2021-10-15T00:00:00.000Z,אירלנד,7,2,9
2021-10-15T00:00:00.000Z,אוגנדה,0,1,1
2021-10-15T00:00:00.000Z,דרום אפריקה,3,1,4
2021-10-15T00:00:00.000Z,שוודיה,10,7,17
2021-10-15T00:00:00.000Z,בחריין,2,1,3
2021-10-15T00:00:00.000Z,תורכמניסטאן,1,0,1
2021-10-15T00:00:00.000Z,גרמניה,712,169,881
2021-10-15T00:00:00.000Z,אתיופיה,2,0,2
2021-10-15T00:00:00.000Z,איסלנד,4,0,4
2021-10-15T00:00:00.000Z,נפאל,9,0,9
2021-10-15T00:00:00.000Z,מאוריציוס,3,0,3
2021-10-15T00:00:00.000Z,קנדה,83,54,137
2021-10-15T00:00:00.000Z,ירדן,5,2,7
2021-10-15T00:00:00.000Z,מרוקו,15,0,15
2021-10-15T00:00:00.000Z,אלבניה,6,0,6
2021-10-15T00:00:00.000Z,אוזבקיסטן,10,7,17
2021-10-15T00:00:00.000Z,ארגנטינה,4,9,13
2021-10-15T00:00:00.000Z,בולגריה,3,0,3
2021-10-15T00:00:00.000Z,אוסטרליה,5,1,6
2021-10-15T00:00:00.000Z,הונדורס,1,0,1
2021-10-15T00:00:00.000Z,איי נורפולק,0,3,3
2021-10-15T00:00:00.000Z,גווטאמלה,0,3,3
2021-10-15T00:00:00.000Z,מלטה,2,0,2
2021-10-15T00:00:00.000Z,סלובניה,3,0,3
2021-10-15T00:00:00.000Z,טיוואן,0,2,2
2021-10-15T00:00:00.000Z,ניגריה,6,0,6
2021-10-15T00:00:00.000Z,ליטא,3,1,4
2021-10-15T00:00:00.000Z,קוריאה הדרומית,4,3,7
2021-10-15T00:00:00.000Z,מונטנגרו,66,5,71
2021-10-15T00:00:00.000Z,פורטוגל,48,5,53
2021-10-15T00:00:00.000Z,פרו,6,1,7
2021-10-15T00:00:00.000Z,רומניה,273,30,303
2021-10-15T00:00:00.000Z,יפן,0,1,1
2021-10-15T00:00:00.000Z,קזחסטאן,1,1,2
2021-10-15T00:00:00.000Z,פיליפינים,1,0,1
2021-10-15T00:00:00.000Z,הולנד,254,99,353
2021-10-15T00:00:00.000Z,ארצות הברית,1324,744,2068
2021-10-15T00:00:00.000Z,סינגפור,5,0,5
2021-10-15T00:00:00.000Z,צכיה,428,21,449
2021-10-15T00:00:00.000Z,תאילנד,99,45,144
2021-10-15T00:00:00.000Z,לטביה,1,0,1
2021-10-15T00:00:00.000Z,מקסיקו,22,4,26
2021-10-16T00:00:00.000Z,ליטא,4,0,4
2021-10-16T00:00:00.000Z,אוגנדה,2,0,2
2021-10-16T00:00:00.000Z,אוקראינה,159,73,232
2021-10-16T00:00:00.000Z,אל סלבדור,1,0,1
2021-10-16T00:00:00.000Z,ארגנטינה,2,0,2
2021-10-16T00:00:00.000Z,דנמרק,4,12,16
2021-10-16T00:00:00.000Z,בולגריה,3,0,3
2021-10-16T00:00:00.000Z,איחוד האמירויות הערב,222,30,252
2021-10-16T00:00:00.000Z,קזחסטאן,1,0,1
2021-10-16T00:00:00.000Z,גווטאמלה,1,0,1
2021-10-16T00:00:00.000Z,תורכמניסטאן,2,0,2
2021-10-16T00:00:00.000Z,זמביה,1,0,1
2021-10-16T00:00:00.000Z,קוסטה ריקה,1,1,2
2021-10-16T00:00:00.000Z,תורכיה,915,236,1151
2021-10-16T00:00:00.000Z,ברזיל,0,2,2
2021-10-16T00:00:00.000Z,אלבניה,3,3,6
2021-10-16T00:00:00.000Z,בלגיה,3,2,5
2021-10-16T00:00:00.000Z,מצרים,1655,169,1824
2021-10-16T00:00:00.000Z,אנגולה,2,0,2
2021-10-16T00:00:00.000Z,טוגו,1,0,1
2021-10-16T00:00:00.000Z,ארמניה,4,5,9
2021-10-16T00:00:00.000Z,צרפת,257,76,333
2021-10-16T00:00:00.000Z,אסטוניה,4,1,5
2021-10-16T00:00:00.000Z,מלטה,2,0,2
2021-10-16T00:00:00.000Z,לוכסמבורג,1,2,3
2021-10-16T00:00:00.000Z,תאילנד,1,0,1
2021-10-16T00:00:00.000Z,תימן,2,0,2
2021-10-16T00:00:00.000Z,גיברלטר,1,0,1
2021-10-16T00:00:00.000Z,סין,1,0,1
2021-10-16T00:00:00.000Z,קובה,0,2,2
2021-10-16T00:00:00.000Z,נפאל,3,0,3
2021-10-16T00:00:00.000Z,הונדורס,1,0,1
2021-10-16T00:00:00.000Z,בחריין,2,0,2
2021-10-16T00:00:00.000Z,רואנדה,3,1,4
2021-10-16T00:00:00.000Z,צכיה,325,8,333
2021-10-16T00:00:00.000Z,גינאה,1,0,1
2021-10-16T00:00:00.000Z,צ'ילה,0,1,1
2021-10-16T00:00:00.000Z,בליז,1,0,1
2021-10-16T00:00:00.000Z,נמיביה,1,0,1
2021-10-16T00:00:00.000Z,אוזבקיסטן,5,5,10
2021-10-16T00:00:00.000Z,איי טורקס וקייקוס,1,0,1
2021-10-16T00:00:00.000Z,סינגפור,11,0,11
2021-10-16T00:00:00.000Z,ספרד,21,5,26
2021-10-16T00:00:00.000Z,אקואדור,3,0,3
2021-10-16T00:00:00.000Z,טיוואן,0,1,1
2021-10-16T00:00:00.000Z,גמביה,1,0,1
2021-10-16T00:00:00.000Z,טרינידד וטובגו,0,1,1
2021-10-16T00:00:00.000Z,מולדובה,0,1,1
2021-10-16T00:00:00.000Z,סלובניה,4,2,6
2021-10-16T00:00:00.000Z,איטליה,331,45,376
2021-10-16T00:00:00.000Z,מרוקו,8,2,10
2021-10-16T00:00:00.000Z,כלל המדינות,7881,2038,9919
2021-10-16T00:00:00.000Z,הולנד,232,68,300
2021-10-16T00:00:00.000Z,טנזניה,12,2,14
2021-10-16T00:00:00.000Z,איסלנד,2,0,2
2021-10-16T00:00:00.000Z,זאיר,1,1,2
2021-10-16T00:00:00.000Z,הונגריה,253,35,288
2021-10-16T00:00:00.000Z,תוניסיה,0,1,1
2021-10-16T00:00:00.000Z,ארצות הברית,474,349,823
2021-10-16T00:00:00.000Z,פרו,6,1,7
2021-10-16T00:00:00.000Z,קוריאה הדרומית,3,8,11
2021-10-16T00:00:00.000Z,בוסניה הרצגובינה,1,2,3
2021-10-16T00:00:00.000Z,גרנדה,1,0,1
2021-10-16T00:00:00.000Z,קמרון,2,0,2
2021-10-16T00:00:00.000Z,סרי לנקה (צילון),2,0,2
2021-10-16T00:00:00.000Z,שוודיה,9,3,12
2021-10-16T00:00:00.000Z,גרמניה,106,50,156
2021-10-16T00:00:00.000Z,מקסיקו,1,1,2
2021-10-16T00:00:00.000Z,ניגריה,8,2,10
2021-10-16T00:00:00.000Z,גאורגיה,106,17,123
2021-10-16T00:00:00.000Z,דרום אפריקה,16,6,22
2021-10-16T00:00:00.000Z,קטר,0,1,1
2021-10-16T00:00:00.000Z,גבון,1,0,1
2021-10-16T00:00:00.000Z,אזרביג'אן,0,1,1
2021-10-16T00:00:00.000Z,רומניה,293,29,322
2021-10-16T00:00:00.000Z,פנמה,4,4,8
2021-10-16T00:00:00.000Z,אתיופיה,33,25,58
2021-10-16T00:00:00.000Z,ירדן,1,1,2
2021-10-16T00:00:00.000Z,אירלנד,4,2,6
2021-10-16T00:00:00.000Z,סלובקיה,3,0,3
2021-10-16T00:00:00.000Z,קנדה,61,42,103
2021-10-16T00:00:00.000Z,מלדיבים,13,2,15
2021-10-16T00:00:00.000Z,קפריסין,460,45,505
2021-10-16T00:00:00.000Z,הודו,5,4,9
2021-10-16T00:00:00.000Z,קניה,35,5,40
2021-10-16T00:00:00.000Z,יפן,0,1,1
2021-10-16T00:00:00.000Z,קרואטיה,0,1,1
2021-10-16T00:00:00.000Z,הממלכה המאוחדת,371,158,529
2021-10-16T00:00:00.000Z,פולין,163,18,181
2021-10-16T00:00:00.000Z,לטביה,9,5,14
2021-10-16T00:00:00.000Z,יוון,465,29,494
2021-10-16T00:00:00.000Z,הרפ הדומיניקנית,2,0,2
2021-10-16T00:00:00.000Z,פינלנד,2,1,3
2021-10-16T00:00:00.000Z,פורטוגל,17,6,23
2021-10-16T00:00:00.000Z,רוסיה,14,10,24
2021-10-16T00:00:00.000Z,פיליפינים,0,4,4
2021-10-16T00:00:00.000Z,נורבגיה,5,1,6
2021-10-16T00:00:00.000Z,איי סיישל,8,0,8
2021-10-16T00:00:00.000Z,קולומביה,1,2,3
2021-10-16T00:00:00.000Z,אוסטרליה,2,0,2
2021-10-16T00:00:00.000Z,זימבאבווה,5,1,6
2021-10-16T00:00:00.000Z,מונטנגרו,6,0,6
2021-10-16T00:00:00.000Z,מלאווי,2,1,3
2021-10-16T00:00:00.000Z,אוסטריה,360,26,386
2021-10-16T00:00:00.000Z,סרביה,2,11,13
2021-10-16T00:00:00.000Z,שוויץ,98,19,117
2021-10-16T00:00:00.000Z,גאנה,6,1,7
2021-10-17T00:00:00.000Z,איחוד האמירויות הערב,243,51,294
2021-10-17T00:00:00.000Z,הממלכה המאוחדת,330,148,478
2021-10-17T00:00:00.000Z,קולומביה,1,6,7
2021-10-17T00:00:00.000Z,בולגריה,192,21,213
2021-10-17T00:00:00.000Z,איי סיישל,5,0,5
2021-10-17T00:00:00.000Z,מלזיה,0,1,1
2021-10-17T00:00:00.000Z,בוליביה,2,0,2
2021-10-17T00:00:00.000Z,פרו,3,2,5
2021-10-17T00:00:00.000Z,ארגנטינה,4,5,9
2021-10-17T00:00:00.000Z,צכיה,602,21,623
2021-10-17T00:00:00.000Z,קוסטה ריקה,3,1,4
2021-10-17T00:00:00.000Z,ברזיל,11,5,16
2021-10-17T00:00:00.000Z,רוסיה,152,183,335
2021-10-17T00:00:00.000Z,אסטוניה,2,0,2
2021-10-17T00:00:00.000Z,בילורוסיה,101,67,168
2021-10-17T00:00:00.000Z,מקדוניה,1,1,2
2021-10-17T00:00:00.000Z,מקסיקו,1,2,3
2021-10-17T00:00:00.000Z,ספרד,466,61,527
2021-10-17T00:00:00.000Z,ליטא,103,6,109
2021-10-17T00:00:00.000Z,הונדורס,0,1,1
2021-10-17T00:00:00.000Z,קנדה,44,61,105
2021-10-17T00:00:00.000Z,גמביה,1,0,1
2021-10-17T00:00:00.000Z,מולדובה,96,40,136
2021-10-17T00:00:00.000Z,תורכיה,1194,301,1495
2021-10-17T00:00:00.000Z,בחריין,2,0,2
2021-10-17T00:00:00.000Z,מצרים,1583,196,1779
2021-10-17T00:00:00.000Z,גויאנה הצרפתית,3,2,5
2021-10-17T00:00:00.000Z,גאנה,1,2,3
2021-10-17T00:00:00.000Z,קרואטיה,9,1,10
2021-10-17T00:00:00.000Z,מרוקו,65,11,76
2021-10-17T00:00:00.000Z,נפאל,2,0,2
2021-10-17T00:00:00.000Z,פיליפינים,1,4,5
2021-10-17T00:00:00.000Z,דנמרק,47,53,100
2021-10-17T00:00:00.000Z,קוריאה הדרומית,6,12,18
2021-10-17T00:00:00.000Z,מאלי,2,0,2
2021-10-17T00:00:00.000Z,הולנד,311,86,397
2021-10-17T00:00:00.000Z,אתיופיה,0,1,1
2021-10-17T00:00:00.000Z,אוזבקיסטן,9,14,23
2021-10-17T00:00:00.000Z,ארמניה,2,0,2
2021-10-17T00:00:00.000Z,זאיר,1,0,1
2021-10-17T00:00:00.000Z,חוף השנהב,2,0,2
2021-10-17T00:00:00.000Z,אנגולה,1,0,1
2021-10-17T00:00:00.000Z,סינגפור,6,0,6
2021-10-17T00:00:00.000Z,הונגריה,618,47,665
2021-10-17T00:00:00.000Z,קזחסטאן,6,2,8
2021-10-17T00:00:00.000Z,קפריסין,838,75,913
2021-10-17T00:00:00.000Z,ארצות הברית,797,592,1389
2021-10-17T00:00:00.000Z,ירדן,381,115,496
2021-10-17T00:00:00.000Z,הודו,4,4,8
2021-10-17T00:00:00.000Z,איטליה,967,117,1084
2021-10-17T00:00:00.000Z,סין,0,1,1
2021-10-17T00:00:00.000Z,אירלנד,10,6,16
2021-10-17T00:00:00.000Z,תורכמניסטאן,2,0,2
2021-10-17T00:00:00.000Z,צרפת,595,258,853
2021-10-17T00:00:00.000Z,גאורגיה,951,64,1015
2021-10-17T00:00:00.000Z,גווטאמלה,0,2,2
2021-10-17T00:00:00.000Z,לוכסמבורג,1,2,3
2021-10-17T00:00:00.000Z,שוודיה,11,11,22
2021-10-17T00:00:00.000Z,סרי לנקה (צילון),0,4,4
2021-10-17T00:00:00.000Z,נורבגיה,2,4,6
2021-10-17T00:00:00.000Z,שוויץ,185,94,279
2021-10-17T00:00:00.000Z,מלדיבים,10,1,11
2021-10-17T00:00:00.000Z,איי גילברט ואליס,2,0,2
2021-10-17T00:00:00.000Z,אוסטריה,540,90,630
2021-10-17T00:00:00.000Z,איי פיגי,0,1,1
2021-10-17T00:00:00.000Z,סרביה,5,0,5
2021-10-17T00:00:00.000Z,כלל המדינות,14945,4012,18957
2021-10-17T00:00:00.000Z,תאילנד,1,2,3
2021-10-17T00:00:00.000Z,מונטנגרו,111,3,114
2021-10-17T00:00:00.000Z,דרום אפריקה,0,3,3
2021-10-17T00:00:00.000Z,אינדונזיה,0,1,1
2021-10-17T00:00:00.000Z,אוסטרליה,1,8,9
2021-10-17T00:00:00.000Z,פולין,69,8,77
2021-10-17T00:00:00.000Z,פנמה,5,3,8
2021-10-17T00:00:00.000Z,יוון,1242,77,1319
2021-10-17T00:00:00.000Z,גרמניה,328,190,518
2021-10-17T00:00:00.000Z,איי טורקס וקייקוס,0,6,6
2021-10-17T00:00:00.000Z,יפן,0,2,2
2021-10-17T00:00:00.000Z,ערב הסעודית,2,0,2
2021-10-17T00:00:00.000Z,ניגריה,2,2,4
2021-10-17T00:00:00.000Z,בוסניה הרצגובינה,2,0,2
2021-10-17T00:00:00.000Z,אזרביג'אן,31,14,45
2021-10-17T00:00:00.000Z,רומניה,292,13,305
2021-10-17T00:00:00.000Z,בלגיה,46,58,104
2021-10-17T00:00:00.000Z,אוגנדה,6,1,7
2021-10-17T00:00:00.000Z,תימן,0,1,1
2021-10-17T00:00:00.000Z,איסלנד,1,0,1
2021-10-17T00:00:00.000Z,פורטוגל,75,24,99
2021-10-17T00:00:00.000Z,אוקראינה,314,143,457
2021-10-17T00:00:00.000Z,בנין (דהומי),0,1,1
2021-10-18T00:00:00.000Z,צכיה,379,20,399
2021-10-18T00:00:00.000Z,ספרד,298,34,332
2021-10-18T00:00:00.000Z,תאילנד,42,199,241
2021-10-18T00:00:00.000Z,צרפת,800,220,1020
2021-10-18T00:00:00.000Z,סרביה,68,7,75
2021-10-18T00:00:00.000Z,פינלנד,5,0,5
2021-10-18T00:00:00.000Z,מצרים,929,262,1191
2021-10-18T00:00:00.000Z,קפריסין,411,40,451
2021-10-18T00:00:00.000Z,מרוקו,71,22,93
2021-10-18T00:00:00.000Z,גאורגיה,675,58,733
2021-10-18T00:00:00.000Z,אזרביג'אן,110,3,113
2021-10-18T00:00:00.000Z,קוסטה ריקה,2,0,2
2021-10-18T00:00:00.000Z,הודו,94,72,166
2021-10-18T00:00:00.000Z,תורכיה,1125,359,1484
2021-10-18T00:00:00.000Z,פנמה,1,4,5
2021-10-18T00:00:00.000Z,קניה,4,3,7
2021-10-18T00:00:00.000Z,קזחסטאן,1,1,2
2021-10-18T00:00:00.000Z,הונגריה,587,27,614
2021-10-18T00:00:00.000Z,מאוריציוס,2,0,2
2021-10-18T00:00:00.000Z,מלאווי,1,0,1
2021-10-18T00:00:00.000Z,לוכסמבורג,3,2,5
2021-10-18T00:00:00.000Z,זמביה,1,0,1
2021-10-18T00:00:00.000Z,גאנה,3,5,8
2021-10-18T00:00:00.000Z,מיאנמר (בורמה),1,0,1
2021-10-18T00:00:00.000Z,סינגפור,3,1,4
2021-10-18T00:00:00.000Z,קולומביה,5,6,11
2021-10-18T00:00:00.000Z,תוניסיה,2,2,4
2021-10-18T00:00:00.000Z,דרום אפריקה,20,10,30
2021-10-18T00:00:00.000Z,קוריאה הדרומית,1,0,1
2021-10-18T00:00:00.000Z,ליטא,4,8,12
2021-10-18T00:00:00.000Z,קרואטיה,11,0,11
2021-10-18T00:00:00.000Z,סרי לנקה (צילון),1,0,1
2021-10-18T00:00:00.000Z,אורגוואי,1,4,5
2021-10-18T00:00:00.000Z,יפן,0,2,2
2021-10-18T00:00:00.000Z,בילורוסיה,6,5,11
2021-10-18T00:00:00.000Z,אוסטרליה,3,0,3
2021-10-18T00:00:00.000Z,אוגנדה,2,2,4
2021-10-18T00:00:00.000Z,אקואדור,1,2,3
2021-10-18T00:00:00.000Z,ניגריה,3,3,6
2021-10-18T00:00:00.000Z,ליבריה,0,1,1
2021-10-18T00:00:00.000Z,קנדה,43,52,95
2021-10-18T00:00:00.000Z,סנגל,1,0,1
2021-10-18T00:00:00.000Z,אסטוניה,1,0,1
2021-10-18T00:00:00.000Z,אירלנד,12,9,21
2021-10-18T00:00:00.000Z,ברזיל,7,6,13
2021-10-18T00:00:00.000Z,אנגולה,1,1,2
2021-10-18T00:00:00.000Z,מלדיבים,25,0,25
2021-10-18T00:00:00.000Z,בנין (דהומי),2,0,2
2021-10-18T00:00:00.000Z,בלגיה,91,41,132
2021-10-18T00:00:00.000Z,נורבגיה,10,3,13
2021-10-18T00:00:00.000Z,אוזבקיסטן,118,99,217
2021-10-18T00:00:00.000Z,לסוטו,1,0,1
2021-10-18T00:00:00.000Z,דנמרק,10,1,11
2021-10-18T00:00:00.000Z,איי טורקס וקייקוס,1,0,1
2021-10-18T00:00:00.000Z,כלל המדינות,13900,5228,19128
2021-10-18T00:00:00.000Z,טג'יקיסטאן,2,0,2
2021-10-18T00:00:00.000Z,איסלנד,5,0,5
2021-10-18T00:00:00.000Z,ארמניה,6,0,6
2021-10-18T00:00:00.000Z,בוסניה הרצגובינה,6,0,6
2021-10-18T00:00:00.000Z,איחוד האמירויות הערב,356,79,435
2021-10-18T00:00:00.000Z,ירדן,57,43,100
2021-10-18T00:00:00.000Z,אוקראינה,277,119,396
2021-10-18T00:00:00.000Z,יוון,621,66,687
2021-10-18T00:00:00.000Z,הונדורס,2,0,2
2021-10-18T00:00:00.000Z,טיוואן,0,1,1
2021-10-18T00:00:00.000Z,ערב הסעודית,1,0,1
2021-10-18T00:00:00.000Z,גויאנה הצרפתית,1,0,1
2021-10-18T00:00:00.000Z,פולין,243,44,287
2021-10-18T00:00:00.000Z,בחריין,45,3,48
2021-10-18T00:00:00.000Z,אתיופיה,42,13,55
2021-10-18T00:00:00.000Z,ארצות הברית,1046,982,2028
2021-10-18T00:00:00.000Z,מונטנגרו,103,3,106
2021-10-18T00:00:00.000Z,איי גילברט ואליס,1,0,1
2021-10-18T00:00:00.000Z,סין,2,2,4
2021-10-18T00:00:00.000Z,טנזניה,20,0,20
2021-10-18T00:00:00.000Z,שוודיה,7,3,10
2021-10-18T00:00:00.000Z,תורכמניסטאן,7,0,7
2021-10-18T00:00:00.000Z,קטר,2,1,3
2021-10-18T00:00:00.000Z,פיליפינים,0,2,2
2021-10-18T00:00:00.000Z,רוסיה,242,268,510
2021-10-18T00:00:00.000Z,אוסטריה,821,44,865
2021-10-18T00:00:00.000Z,רואנדה,2,1,3
2021-10-18T00:00:00.000Z,פולינזיה הצרפתית,0,1,1
2021-10-18T00:00:00.000Z,איטליה,665,102,767
2021-10-18T00:00:00.000Z,מקסיקו,1,32,33
2021-10-18T00:00:00.000Z,מולדובה,3,1,4
2021-10-18T00:00:00.000Z,הממלכה המאוחדת,830,309,1139
2021-10-18T00:00:00.000Z,גרמניה,496,96,592
2021-10-18T00:00:00.000Z,בולגריה,68,14,82
2021-10-18T00:00:00.000Z,גווטאמלה,0,1,1
2021-10-18T00:00:00.000Z,רומניה,315,17,332
2021-10-18T00:00:00.000Z,פורטוגל,143,19,162
2021-10-18T00:00:00.000Z,סיירה ליאונה,0,1,1
2021-10-18T00:00:00.000Z,שוויץ,130,33,163
2021-10-18T00:00:00.000Z,הולנד,261,37,298
2021-10-18T00:00:00.000Z,מלטה,1,1,2
2021-10-18T00:00:00.000Z,קובה,1,0,1
2021-10-18T00:00:00.000Z,פרו,1,3,4
2021-10-19T00:00:00.000Z,הודו,8,2,10
2021-10-19T00:00:00.000Z,ירדן,95,51,146
2021-10-19T00:00:00.000Z,מרוקו,146,14,160
2021-10-19T00:00:00.000Z,בוסניה הרצגובינה,3,1,4
2021-10-19T00:00:00.000Z,תימן,2,0,2
2021-10-19T00:00:00.000Z,פולין,220,52,272
2021-10-19T00:00:00.000Z,פורטוגל,16,13,29
2021-10-19T00:00:00.000Z,תורכמניסטאן,4,3,7
2021-10-19T00:00:00.000Z,רומניה,87,9,96
2021-10-19T00:00:00.000Z,תורכיה,1382,390,1772
2021-10-19T00:00:00.000Z,ערב הסעודית,0,1,1
2021-10-19T00:00:00.000Z,קובה,0,1,1
2021-10-19T00:00:00.000Z,קוריאה הדרומית,5,2,7
2021-10-19T00:00:00.000Z,בילורוסיה,1,0,1
2021-10-19T00:00:00.000Z,ניגריה,1,0,1
2021-10-19T00:00:00.000Z,אתיופיה,15,8,23
2021-10-19T00:00:00.000Z,איי טורקס וקייקוס,2,0,2
2021-10-19T00:00:00.000Z,קרואטיה,3,2,5
2021-10-19T00:00:00.000Z,אוסטריה,351,24,375
2021-10-19T00:00:00.000Z,פנמה,5,8,13
2021-10-19T00:00:00.000Z,טוגו,1,1,2
2021-10-19T00:00:00.000Z,גווטאמלה,0,2,2
2021-10-19T00:00:00.000Z,זימבאבווה,0,1,1
2021-10-19T00:00:00.000Z,מקדוניה,0,1,1
2021-10-19T00:00:00.000Z,תאילנד,0,1,1
2021-10-19T00:00:00.000Z,סלובקיה,2,0,2
2021-10-19T00:00:00.000Z,שוויץ,141,51,192
2021-10-19T00:00:00.000Z,איסלנד,1,0,1
2021-10-19T00:00:00.000Z,טנזניה,0,1,1
2021-10-19T00:00:00.000Z,קניה,0,2,2
2021-10-19T00:00:00.000Z,מולדובה,75,40,115
2021-10-19T00:00:00.000Z,ברזיל,6,12,18
2021-10-19T00:00:00.000Z,מונקו,1,1,2
2021-10-19T00:00:00.000Z,רפ מרכז אפריקנית,1,0,1
2021-10-19T00:00:00.000Z,מלדיבים,6,2,8
2021-10-19T00:00:00.000Z,גאורגיה,202,44,246
2021-10-19T00:00:00.000Z,ארגנטינה,26,35,61
2021-10-19T00:00:00.000Z,איטליה,229,33,262
2021-10-19T00:00:00.000Z,קולומביה,1,3,4
2021-10-19T00:00:00.000Z,לטביה,24,39,63
2021-10-19T00:00:00.000Z,דנמרק,12,2,14
2021-10-19T00:00:00.000Z,הממלכה המאוחדת,332,197,529
2021-10-19T00:00:00.000Z,מונטנגרו,8,2,10
2021-10-19T00:00:00.000Z,גבון,2,0,2
2021-10-19T00:00:00.000Z,מצרים,784,249,1033
2021-10-19T00:00:00.000Z,זאיר,1,0,1
2021-10-19T00:00:00.000Z,קפריסין,204,33,237
2021-10-19T00:00:00.000Z,אלבניה,0,2,2
2021-10-19T00:00:00.000Z,יוון,516,47,563
2021-10-19T00:00:00.000Z,גרמניה,316,95,411
2021-10-19T00:00:00.000Z,ארצות הברית,606,764,1370
2021-10-19T00:00:00.000Z,אוקראינה,240,164,404
2021-10-19T00:00:00.000Z,זמביה,2,1,3
2021-10-19T00:00:00.000Z,רואנדה,0,1,1
2021-10-19T00:00:00.000Z,אורגוואי,3,7,10
2021-10-19T00:00:00.000Z,אוסטרליה,2,1,3
2021-10-19T00:00:00.000Z,כלל המדינות,9288,3977,13265
2021-10-19T00:00:00.000Z,אנגולה,2,0,2
2021-10-19T00:00:00.000Z,סלובניה,2,0,2
2021-10-19T00:00:00.000Z,פיליפינים,0,1,1
2021-10-19T00:00:00.000Z,אוזבקיסטן,0,6,6
2021-10-19T00:00:00.000Z,איחוד האמירויות הערב,325,61,386
2021-10-19T00:00:00.000Z,אזרביג'אן,1,0,1
2021-10-19T00:00:00.000Z,סינגפור,0,6,6
2021-10-19T00:00:00.000Z,נורבגיה,1,0,1
2021-10-19T00:00:00.000Z,ונצואלה,0,2,2
2021-10-19T00:00:00.000Z,סרי לנקה (צילון),7,1,8
2021-10-19T00:00:00.000Z,ליטא,6,0,6
2021-10-19T00:00:00.000Z,קנדה,136,144,280
2021-10-19T00:00:00.000Z,בלגיה,17,11,28
2021-10-19T00:00:00.000Z,מלטה,1,0,1
2021-10-19T00:00:00.000Z,בולגריה,4,1,5
2021-10-19T00:00:00.000Z,הולנד,331,29,360
2021-10-19T00:00:00.000Z,אירלנד,9,2,11
2021-10-19T00:00:00.000Z,סרביה,10,7,17
2021-10-19T00:00:00.000Z,הונגריה,232,13,245
2021-10-19T00:00:00.000Z,דרום אפריקה,11,12,23
2021-10-19T00:00:00.000Z,קזחסטאן,1,7,8
2021-10-19T00:00:00.000Z,פרו,3,6,9
2021-10-19T00:00:00.000Z,תוניסיה,4,0,4
2021-10-19T00:00:00.000Z,רוסיה,172,250,422
2021-10-19T00:00:00.000Z,אסטוניה,1,1,2
2021-10-19T00:00:00.000Z,קוסטה ריקה,3,7,10
2021-10-19T00:00:00.000Z,צכיה,308,58,366
2021-10-19T00:00:00.000Z,שוודיה,7,5,12
2021-10-19T00:00:00.000Z,מקאו,1,0,1
2021-10-19T00:00:00.000Z,בחריין,4,1,5
2021-10-19T00:00:00.000Z,צרפת,697,270,967
2021-10-19T00:00:00.000Z,ספרד,310,76,386
2021-10-19T00:00:00.000Z,מקסיקו,12,3,15
2021-10-20T00:00:00.000Z,איטליה,348,45,393
2021-10-20T00:00:00.000Z,פנמה,2,4,6
2021-10-20T00:00:00.000Z,ניקרגואה,1,1,2
2021-10-20T00:00:00.000Z,קוסטה ריקה,2,5,7
2021-10-20T00:00:00.000Z,תאילנד,6,3,9
2021-10-20T00:00:00.000Z,יוון,358,57,415
2021-10-20T00:00:00.000Z,נורבגיה,4,5,9
2021-10-20T00:00:00.000Z,סלובניה,0,4,4
2021-10-20T00:00:00.000Z,צכיה,277,20,297
2021-10-20T00:00:00.000Z,מרוקו,6,2,8
2021-10-20T00:00:00.000Z,איי סיישל,87,6,93
2021-10-20T00:00:00.000Z,מקדוניה,1,0,1
2021-10-20T00:00:00.000Z,רוסיה,92,213,305
2021-10-20T00:00:00.000Z,איסלנד,2,0,2
2021-10-20T00:00:00.000Z,אזרביג'אן,4,1,5
2021-10-20T00:00:00.000Z,תורכיה,1041,335,1376
2021-10-20T00:00:00.000Z,זימבאבווה,2,1,3
2021-10-20T00:00:00.000Z,פולין,62,9,71
2021-10-20T00:00:00.000Z,אוקראינה,275,140,415
2021-10-20T00:00:00.000Z,פורטוגל,80,12,92
2021-10-20T00:00:00.000Z,מצרים,380,85,465
2021-10-20T00:00:00.000Z,בלגיה,10,11,21
2021-10-20T00:00:00.000Z,סרי לנקה (צילון),1,6,7
2021-10-20T00:00:00.000Z,אירלנד,11,1,12
2021-10-20T00:00:00.000Z,כלל המדינות,8355,3590,11945
2021-10-20T00:00:00.000Z,קולומביה,2,0,2
2021-10-20T00:00:00.000Z,ניגריה,1,1,2
2021-10-20T00:00:00.000Z,מונטנגרו,129,8,137
2021-10-20T00:00:00.000Z,אוסטרליה,0,6,6
2021-10-20T00:00:00.000Z,קפריסין,205,38,243
2021-10-20T00:00:00.000Z,פיליפינים,3,29,32
2021-10-20T00:00:00.000Z,סינגפור,1,3,4
2021-10-20T00:00:00.000Z,קזחסטאן,1,2,3
2021-10-20T00:00:00.000Z,סרביה,5,0,5
2021-10-20T00:00:00.000Z,בילורוסיה,4,1,5
2021-10-20T00:00:00.000Z,הודו,12,8,20
2021-10-20T00:00:00.000Z,אוזבקיסטן,5,4,9
2021-10-20T00:00:00.000Z,סאו טומה ופרינציפה,1,0,1
2021-10-20T00:00:00.000Z,הונדורס,1,0,1
2021-10-20T00:00:00.000Z,שוויץ,85,24,109
2021-10-20T00:00:00.000Z,הונגריה,407,68,475
2021-10-20T00:00:00.000Z,דרום אפריקה,15,7,22
2021-10-20T00:00:00.000Z,קנדה,54,58,112
2021-10-20T00:00:00.000Z,קוריאה הדרומית,3,3,6
2021-10-20T00:00:00.000Z,קמרון,1,0,1
2021-10-20T00:00:00.000Z,טנזניה,57,5,62
2021-10-20T00:00:00.000Z,איחוד האמירויות הערב,409,45,454
2021-10-20T00:00:00.000Z,פרגוואי,2,1,3
2021-10-20T00:00:00.000Z,ספרד,228,21,249
2021-10-20T00:00:00.000Z,דרום סודאן,3,0,3
2021-10-20T00:00:00.000Z,מלדיבים,12,4,16
2021-10-20T00:00:00.000Z,הולנד,150,27,177
2021-10-20T00:00:00.000Z,אל סלבדור,2,0,2
2021-10-20T00:00:00.000Z,גרמניה,334,154,488
2021-10-20T00:00:00.000Z,איי טורקס וקייקוס,1,0,1
2021-10-20T00:00:00.000Z,פרו,1,4,5
2021-10-20T00:00:00.000Z,בהמס,1,0,1
2021-10-20T00:00:00.000Z,מלטה,2,0,2
2021-10-20T00:00:00.000Z,גויאנה הצרפתית,0,1,1
2021-10-20T00:00:00.000Z,אתיופיה,17,9,26
2021-10-20T00:00:00.000Z,רומניה,203,15,218
2021-10-20T00:00:00.000Z,לוכסמבורג,1,2,3
2021-10-20T00:00:00.000Z,תוניסיה,0,2,2
2021-10-20T00:00:00.000Z,ברזיל,3,14,17
2021-10-20T00:00:00.000Z,נפאל,1,0,1
2021-10-20T00:00:00.000Z,ארצות הברית,730,835,1565
2021-10-20T00:00:00.000Z,צרפת,512,295,807
2021-10-20T00:00:00.000Z,מקסיקו,7,18,25
2021-10-20T00:00:00.000Z,ירדן,50,32,82
2021-10-20T00:00:00.000Z,יפן,0,1,1
2021-10-20T00:00:00.000Z,זמביה,1,1,2
2021-10-20T00:00:00.000Z,ויטנאם,0,1,1
2021-10-20T00:00:00.000Z,קניה,7,0,7
2021-10-20T00:00:00.000Z,קרואטיה,5,1,6
2021-10-20T00:00:00.000Z,גאורגיה,161,20,181
2021-10-20T00:00:00.000Z,אקואדור,1,0,1
2021-10-20T00:00:00.000Z,דנמרק,2,0,2
2021-10-20T00:00:00.000Z,גאנה,2,1,3
2021-10-20T00:00:00.000Z,אלבניה,2,2,4
2021-10-20T00:00:00.000Z,בוסניה הרצגובינה,6,1,7
2021-10-20T00:00:00.000Z,שוודיה,8,6,14
2021-10-20T00:00:00.000Z,פינלנד,18,12,30
2021-10-20T00:00:00.000Z,בולגריה,136,46,182
2021-10-20T00:00:00.000Z,טג'יקיסטאן,0,1,1
2021-10-20T00:00:00.000Z,לטביה,1,0,1
2021-10-20T00:00:00.000Z,אסטוניה,3,1,4
2021-10-20T00:00:00.000Z,אנגולה,2,0,2
2021-10-20T00:00:00.000Z,אוגנדה,1,0,1
2021-10-20T00:00:00.000Z,הממלכה המאוחדת,377,192,569
2021-10-20T00:00:00.000Z,אוסטריה,346,60,406
2021-10-20T00:00:00.000Z,תורכמניסטאן,2,0,2
2021-10-20T00:00:00.000Z,סין,0,7,7
2021-10-20T00:00:00.000Z,רואנדה,1,0,1
2021-10-20T00:00:00.000Z,ארמניה,4,0,4
2021-10-21T00:00:00.000Z,גינאה המשוונית,1,1,2
2021-10-21T00:00:00.000Z,מונטנגרו,173,0,173
2021-10-21T00:00:00.000Z,גרמניה,66,43,109
2021-10-21T00:00:00.000Z,מקדוניה,2,0,2
2021-10-21T00:00:00.000Z,ליטא,89,14,103
2021-10-21T00:00:00.000Z,חוף השנהב,2,0,2
2021-10-21T00:00:00.000Z,הונג קונג,2,11,13
2021-10-21T00:00:00.000Z,הודו,43,7,50
2021-10-21T00:00:00.000Z,ליבריה,1,0,1
2021-10-21T00:00:00.000Z,זמביה,6,0,6
2021-10-21T00:00:00.000Z,אתיופיה,37,33,70
2021-10-21T00:00:00.000Z,אוזבקיסטן,2,1,3
2021-10-21T00:00:00.000Z,קמרון,1,0,1
2021-10-21T00:00:00.000Z,טג'יקיסטאן,1,1,2
2021-10-21T00:00:00.000Z,מרוקו,108,18,126
2021-10-21T00:00:00.000Z,ניו זילנד,0,2,2
2021-10-21T00:00:00.000Z,ניקרגואה,1,0,1
2021-10-21T00:00:00.000Z,צכיה,428,28,456
2021-10-21T00:00:00.000Z,אסטוניה,1,1,2
2021-10-21T00:00:00.000Z,אוסטרליה,0,7,7
2021-10-21T00:00:00.000Z,ארגנטינה,10,34,44
2021-10-21T00:00:00.000Z,קנדה,73,58,131
2021-10-21T00:00:00.000Z,דרום סודאן,1,0,1
2021-10-21T00:00:00.000Z,אריתראה,1,0,1
2021-10-21T00:00:00.000Z,רומניה,193,38,231
2021-10-21T00:00:00.000Z,אנגולה,0,1,1
2021-10-21T00:00:00.000Z,סרביה,13,5,18
2021-10-21T00:00:00.000Z,הממלכה המאוחדת,427,242,669
2021-10-21T00:00:00.000Z,גווטאמלה,5,1,6
2021-10-21T00:00:00.000Z,בולגריה,136,14,150
2021-10-21T00:00:00.000Z,תורכמניסטאן,1,1,2
2021-10-21T00:00:00.000Z,פנמה,4,6,10
2021-10-21T00:00:00.000Z,צרפת,770,382,1152
2021-10-21T00:00:00.000Z,איטליה,582,97,679
2021-10-21T00:00:00.000Z,הולנד,250,48,298
2021-10-21T00:00:00.000Z,בחריין,31,2,33
2021-10-21T00:00:00.000Z,איי סיישל,2,0,2
2021-10-21T00:00:00.000Z,קירג'זסטאן,9,2,11
2021-10-21T00:00:00.000Z,ירדן,122,49,171
2021-10-21T00:00:00.000Z,צ'ילה,4,8,12
2021-10-21T00:00:00.000Z,"קונגו, רפ. דמוק.",0,1,1
2021-10-21T00:00:00.000Z,אוקראינה,200,113,313
2021-10-21T00:00:00.000Z,ברזיל,9,6,15
2021-10-21T00:00:00.000Z,ספרד,367,49,416
2021-10-21T00:00:00.000Z,בורקינה פאסו,2,0,2
2021-10-21T00:00:00.000Z,בילורוסיה,55,61,116
2021-10-21T00:00:00.000Z,טנזניה,14,2,16
2021-10-21T00:00:00.000Z,סין,6,141,147
2021-10-21T00:00:00.000Z,דנמרק,78,52,130
2021-10-21T00:00:00.000Z,קפריסין,306,30,336
2021-10-21T00:00:00.000Z,מלטה,1,1,2
2021-10-21T00:00:00.000Z,פיליפינים,0,4,4
2021-10-21T00:00:00.000Z,קרואטיה,6,2,8
2021-10-21T00:00:00.000Z,כלל המדינות,12322,4847,17169
2021-10-21T00:00:00.000Z,קזחסטאן,0,3,3
2021-10-21T00:00:00.000Z,הרפ הדומיניקנית,2,0,2
2021-10-21T00:00:00.000Z,קוסטה ריקה,1,3,4
2021-10-21T00:00:00.000Z,קטר,0,1,1
2021-10-21T00:00:00.000Z,ונצואלה,0,1,1
2021-10-21T00:00:00.000Z,תורכיה,1304,446,1750
2021-10-21T00:00:00.000Z,תימן,0,1,1
2021-10-21T00:00:00.000Z,רואנדה,1,0,1
2021-10-21T00:00:00.000Z,אזרביג'אן,65,22,87
2021-10-21T00:00:00.000Z,דרום אפריקה,23,25,48
2021-10-21T00:00:00.000Z,מלדיבים,11,6,17
2021-10-21T00:00:00.000Z,ארצות הברית,1231,1068,2299
2021-10-21T00:00:00.000Z,רוסיה,173,252,425
2021-10-21T00:00:00.000Z,יוון,621,92,713
2021-10-21T00:00:00.000Z,איי טורקס וקייקוס,3,0,3
2021-10-21T00:00:00.000Z,בלגיה,37,48,85
2021-10-21T00:00:00.000Z,קניה,11,19,30
2021-10-21T00:00:00.000Z,גאנה,4,0,4
2021-10-21T00:00:00.000Z,אוגנדה,1,2,3
2021-10-21T00:00:00.000Z,איי הבתולה,1,0,1
2021-10-21T00:00:00.000Z,אוסטריה,484,53,537
2021-10-21T00:00:00.000Z,הונגריה,537,53,590
2021-10-21T00:00:00.000Z,פינלנד,3,0,3
2021-10-21T00:00:00.000Z,קולומביה,1,22,23
2021-10-21T00:00:00.000Z,יפן,0,3,3
2021-10-21T00:00:00.000Z,זימבאבווה,1,0,1
2021-10-21T00:00:00.000Z,ארמניה,4,2,6
2021-10-21T00:00:00.000Z,אירלנד,6,5,11
2021-10-21T00:00:00.000Z,פרו,2,10,12
2021-10-21T00:00:00.000Z,איסלנד,6,2,8
2021-10-21T00:00:00.000Z,מקסיקו,5,8,13
2021-10-21T00:00:00.000Z,לטביה,2,1,3
2021-10-21T00:00:00.000Z,איחוד האמירויות הערב,480,66,546
2021-10-21T00:00:00.000Z,שוויץ,123,24,147
2021-10-21T00:00:00.000Z,פורטוגל,245,23,268
2021-10-21T00:00:00.000Z,נפאל,1,2,3
2021-10-21T00:00:00.000Z,ניגריה,5,3,8
2021-10-21T00:00:00.000Z,מלאווי,2,0,2
2021-10-21T00:00:00.000Z,סלובניה,1,0,1
2021-10-21T00:00:00.000Z,פולין,72,12,84
2021-10-21T00:00:00.000Z,הונדורס,1,0,1
2021-10-21T00:00:00.000Z,קוריאה הדרומית,3,1,4
2021-10-21T00:00:00.000Z,מצרים,514,133,647
2021-10-21T00:00:00.000Z,פרגוואי,1,1,2
2021-10-21T00:00:00.000Z,שוודיה,11,48,59
2021-10-21T00:00:00.000Z,טוגו,1,0,1
2021-10-21T00:00:00.000Z,מולדובה,91,38,129
2021-10-21T00:00:00.000Z,גאורגיה,701,59,760
2021-10-22T00:00:00.000Z,פנמה,3,6,9
2021-10-22T00:00:00.000Z,מקדוניה,3,0,3
2021-10-22T00:00:00.000Z,טיוואן,1,0,1
2021-10-22T00:00:00.000Z,קזחסטאן,4,1,5
2021-10-22T00:00:00.000Z,קפריסין,344,75,419
2021-10-22T00:00:00.000Z,אוסטריה,723,89,812
2021-10-22T00:00:00.000Z,ארצות הברית,1191,605,1796
2021-10-22T00:00:00.000Z,איי גילברט ואליס,2,0,2
2021-10-22T00:00:00.000Z,קנדה,76,72,148
2021-10-22T00:00:00.000Z,לטביה,2,0,2
2021-10-22T00:00:00.000Z,מרוקו,66,0,66
2021-10-22T00:00:00.000Z,גרמניה,672,159,831
2021-10-22T00:00:00.000Z,הממלכה המאוחדת,579,285,864
2021-10-22T00:00:00.000Z,מצרים,409,103,512
2021-10-22T00:00:00.000Z,נפאל,11,2,13
2021-10-22T00:00:00.000Z,בולגריה,4,0,4
2021-10-22T00:00:00.000Z,גווטאמלה,1,1,2
2021-10-22T00:00:00.000Z,קולומביה,3,6,9
2021-10-22T00:00:00.000Z,פולין,201,12,213
2021-10-22T00:00:00.000Z,אקואדור,2,6,8
2021-10-22T00:00:00.000Z,זאיר,0,1,1
2021-10-22T00:00:00.000Z,יפן,0,2,2
2021-10-22T00:00:00.000Z,חוף השנהב,3,0,3
2021-10-22T00:00:00.000Z,סינגפור,12,0,12
2021-10-22T00:00:00.000Z,פרו,0,1,1
2021-10-22T00:00:00.000Z,אתיופיה,1,0,1
2021-10-22T00:00:00.000Z,איי ווליס ופוטונה,1,0,1
2021-10-22T00:00:00.000Z,דנמרק,18,2,20
2021-10-22T00:00:00.000Z,אלבניה,2,0,2
2021-10-22T00:00:00.000Z,יוון,511,44,555
2021-10-22T00:00:00.000Z,תוניסיה,1,0,1
2021-10-22T00:00:00.000Z,ליטא,1,0,1
2021-10-22T00:00:00.000Z,פיליפינים,0,1,1
2021-10-22T00:00:00.000Z,הונגריה,313,34,347
2021-10-22T00:00:00.000Z,גרנדה,1,0,1
2021-10-22T00:00:00.000Z,בחריין,0,1,1
2021-10-22T00:00:00.000Z,רואנדה,1,0,1
2021-10-22T00:00:00.000Z,תורכיה,1111,383,1494
2021-10-22T00:00:00.000Z,אוסטרליה,0,2,2
2021-10-22T00:00:00.000Z,רוסיה,202,104,306
2021-10-22T00:00:00.000Z,רומניה,201,22,223
2021-10-22T00:00:00.000Z,פורטוגל,42,2,44
2021-10-22T00:00:00.000Z,לוכסמבורג,2,3,5
2021-10-22T00:00:00.000Z,שוויץ,331,114,445
2021-10-22T00:00:00.000Z,תורכמניסטאן,4,1,5
2021-10-22T00:00:00.000Z,שוודיה,14,4,18
2021-10-22T00:00:00.000Z,פינלנד,54,6,60
2021-10-22T00:00:00.000Z,ברזיל,8,3,11
2021-10-22T00:00:00.000Z,צרפת,729,215,944
2021-10-22T00:00:00.000Z,סלובניה,2,0,2
2021-10-22T00:00:00.000Z,סרי לנקה (צילון),5,3,8
2021-10-22T00:00:00.000Z,תאילנד,98,27,125
2021-10-22T00:00:00.000Z,מקסיקו,17,9,26
2021-10-22T00:00:00.000Z,צכיה,316,19,335
2021-10-22T00:00:00.000Z,גאנה,1,0,1
2021-10-22T00:00:00.000Z,ונצואלה,0,1,1
2021-10-22T00:00:00.000Z,ניגריה,2,0,2
2021-10-22T00:00:00.000Z,אוקראינה,358,177,535
2021-10-22T00:00:00.000Z,אוגנדה,3,1,4
2021-10-22T00:00:00.000Z,ירדן,0,6,6
2021-10-22T00:00:00.000Z,ארמניה,4,0,4
2021-10-22T00:00:00.000Z,ארגנטינה,7,2,9
2021-10-22T00:00:00.000Z,טנזניה,1,0,1
2021-10-22T00:00:00.000Z,כלל המדינות,11994,3568,15562
2021-10-22T00:00:00.000Z,אזרביג'אן,94,11,105
2021-10-22T00:00:00.000Z,אירלנד,30,11,41
2021-10-22T00:00:00.000Z,סרביה,62,9,71
2021-10-22T00:00:00.000Z,קוריאה הדרומית,19,2,21
2021-10-22T00:00:00.000Z,אוזבקיסטן,10,5,15
2021-10-22T00:00:00.000Z,אסטוניה,2,0,2
2021-10-22T00:00:00.000Z,ספרד,467,28,495
2021-10-22T00:00:00.000Z,מונטנגרו,72,1,73
2021-10-22T00:00:00.000Z,קוסטה ריקה,9,8,17
2021-10-22T00:00:00.000Z,איסלנד,4,0,4
2021-10-22T00:00:00.000Z,ניו זילנד,0,1,1
2021-10-22T00:00:00.000Z,גאורגיה,349,69,418
2021-10-22T00:00:00.000Z,נורבגיה,5,1,6
2021-10-22T00:00:00.000Z,גויאנה,1,0,1
2021-10-22T00:00:00.000Z,צ'ילה,1,0,1
2021-10-22T00:00:00.000Z,הודו,39,5,44
2021-10-22T00:00:00.000Z,בילורוסיה,3,0,3
2021-10-22T00:00:00.000Z,אורגוואי,0,2,2
2021-10-22T00:00:00.000Z,אנגולה,11,2,13
2021-10-22T00:00:00.000Z,בוסניה הרצגובינה,7,6,13
2021-10-22T00:00:00.000Z,דרום אפריקה,8,0,8
2021-10-22T00:00:00.000Z,סלובקיה,36,2,38
2021-10-22T00:00:00.000Z,מלטה,3,2,5
2021-10-22T00:00:00.000Z,קרואטיה,5,2,7
2021-10-22T00:00:00.000Z,איחוד האמירויות הערב,347,90,437
2021-10-22T00:00:00.000Z,פרגוואי,2,1,3
2021-10-22T00:00:00.000Z,מאוריציוס,2,0,2
2021-10-22T00:00:00.000Z,בלגיה,80,65,145
2021-10-22T00:00:00.000Z,קניה,2,1,3
2021-10-22T00:00:00.000Z,מולדובה,4,0,4
2021-10-22T00:00:00.000Z,ניקרגואה,1,0,1
2021-10-22T00:00:00.000Z,הולנד,263,58,321
2021-10-22T00:00:00.000Z,מלדיבים,14,0,14
2021-10-22T00:00:00.000Z,איטליה,572,49,621
2021-10-23T00:00:00.000Z,אקואדור,2,4,6
2021-10-23T00:00:00.000Z,אסטוניה,2,2,4
2021-10-23T00:00:00.000Z,הולנד,277,30,307
2021-10-23T00:00:00.000Z,מקסיקו,3,0,3
2021-10-23T00:00:00.000Z,אלבניה,3,0,3
2021-10-23T00:00:00.000Z,דנמרק,1,4,5
2021-10-23T00:00:00.000Z,איסלנד,10,1,11
2021-10-23T00:00:00.000Z,פיליפינים,1,1,2
2021-10-23T00:00:00.000Z,תאילנד,4,3,7
2021-10-23T00:00:00.000Z,נורבגיה,12,1,13
2021-10-23T00:00:00.000Z,איי גילברט ואליס,1,0,1
2021-10-23T00:00:00.000Z,צרפת,268,85,353
2021-10-23T00:00:00.000Z,מרוקו,3,0,3
2021-10-23T00:00:00.000Z,הודו,12,2,14
2021-10-23T00:00:00.000Z,שוודיה,3,6,9
2021-10-23T00:00:00.000Z,פולין,150,13,163
2021-10-23T00:00:00.000Z,ירדן,2,3,5
2021-10-23T00:00:00.000Z,אוקראינה,202,69,271
2021-10-23T00:00:00.000Z,אזרביג'אן,3,0,3
2021-10-23T00:00:00.000Z,מלטה,2,0,2
2021-10-23T00:00:00.000Z,מאוריציוס,1,1,2
2021-10-23T00:00:00.000Z,קרואטיה,1,0,1
2021-10-23T00:00:00.000Z,מקדוניה,0,2,2
2021-10-23T00:00:00.000Z,הממלכה המאוחדת,122,87,209
2021-10-23T00:00:00.000Z,איטליה,319,28,347
2021-10-23T00:00:00.000Z,נפאל,1,2,3
2021-10-23T00:00:00.000Z,קמרון,1,0,1
2021-10-23T00:00:00.000Z,שוויץ,82,8,90
2021-10-23T00:00:00.000Z,פרו,2,0,2
2021-10-23T00:00:00.000Z,קזחסטאן,4,0,4
2021-10-23T00:00:00.000Z,אתיופיה,32,22,54
2021-10-23T00:00:00.000Z,זאיר,0,6,6
2021-10-23T00:00:00.000Z,פינלנד,18,2,20
2021-10-23T00:00:00.000Z,"קונגו, רפ. דמוק.",0,4,4
2021-10-23T00:00:00.000Z,ליטא,2,0,2
2021-10-23T00:00:00.000Z,איי סיישל,2,0,2
2021-10-23T00:00:00.000Z,ברזיל,1,0,1
2021-10-23T00:00:00.000Z,ספרד,20,5,25
2021-10-23T00:00:00.000Z,כלל המדינות,7871,2497,10368
2021-10-23T00:00:00.000Z,סינגפור,6,0,6
2021-10-23T00:00:00.000Z,בנין (דהומי),1,0,1
2021-10-23T00:00:00.000Z,גבון,1,0,1
2021-10-23T00:00:00.000Z,זימבאבווה,2,0,2
2021-10-23T00:00:00.000Z,אוסטרליה,2,5,7
2021-10-23T00:00:00.000Z,הונגריה,219,24,243
2021-10-23T00:00:00.000Z,מונקו,1,0,1
2021-10-23T00:00:00.000Z,יוון,533,29,562
2021-10-23T00:00:00.000Z,קפריסין,409,31,440
2021-10-23T00:00:00.000Z,סיירה ליאונה,1,0,1
2021-10-23T00:00:00.000Z,טנזניה,7,1,8
2021-10-23T00:00:00.000Z,דרום אפריקה,14,10,24
2021-10-23T00:00:00.000Z,קולומביה,3,2,5
2021-10-23T00:00:00.000Z,ארצות הברית,518,433,951
2021-10-23T00:00:00.000Z,פורטו ריקו,0,1,1
2021-10-23T00:00:00.000Z,פורטוגל,29,5,34
2021-10-23T00:00:00.000Z,אוזבקיסטן,3,9,12
2021-10-23T00:00:00.000Z,אירלנד,5,2,7
2021-10-23T00:00:00.000Z,גאנה,4,2,6
2021-10-23T00:00:00.000Z,סנגל,0,1,1
2021-10-23T00:00:00.000Z,סלובקיה,0,1,1
2021-10-23T00:00:00.000Z,מולדובה,1,1,2
2021-10-23T00:00:00.000Z,צכיה,338,31,369
2021-10-23T00:00:00.000Z,לטביה,29,16,45
2021-10-23T00:00:00.000Z,פנמה,1,0,1
2021-10-23T00:00:00.000Z,ויטנאם,0,270,270
2021-10-23T00:00:00.000Z,גרמניה,174,61,235
2021-10-23T00:00:00.000Z,ניקרגואה,1,1,2
2021-10-23T00:00:00.000Z,רואנדה,5,16,21
2021-10-23T00:00:00.000Z,קנדה,54,47,101
2021-10-23T00:00:00.000Z,בלגיה,2,1,3
2021-10-23T00:00:00.000Z,איי טורקס וקייקוס,1,0,1
2021-10-23T00:00:00.000Z,תורכמניסטאן,0,2,2
2021-10-23T00:00:00.000Z,יפן,0,1,1
2021-10-23T00:00:00.000Z,איחוד האמירויות הערב,185,34,219
2021-10-23T00:00:00.000Z,מצרים,1486,165,1651
2021-10-23T00:00:00.000Z,קטר,0,1,1
2021-10-23T00:00:00.000Z,גאורגיה,124,19,143
2021-10-23T00:00:00.000Z,תורכיה,1220,329,1549
2021-10-23T00:00:00.000Z,זמביה,8,0,8
2021-10-23T00:00:00.000Z,בילורוסיה,1,1,2
2021-10-23T00:00:00.000Z,מלדיבים,7,0,7
2021-10-23T00:00:00.000Z,הרפ הדומיניקנית,3,0,3
2021-10-23T00:00:00.000Z,קוסטה ריקה,0,4,4
2021-10-23T00:00:00.000Z,ארמניה,5,1,6
2021-10-23T00:00:00.000Z,קניה,8,2,10
2021-10-23T00:00:00.000Z,ניגריה,5,5,10
2021-10-23T00:00:00.000Z,גויאנה הצרפתית,1,0,1
2021-10-23T00:00:00.000Z,חוף השנהב,1,0,1
2021-10-23T00:00:00.000Z,סרביה,1,0,1
2021-10-23T00:00:00.000Z,קוריאה הדרומית,18,0,18
2021-10-23T00:00:00.000Z,רוסיה,18,15,33
2021-10-23T00:00:00.000Z,אוסטריה,340,44,384
2021-10-23T00:00:00.000Z,אוגנדה,1,38,39
2021-10-23T00:00:00.000Z,רומניה,217,30,247
2021-10-24T00:00:00.000Z,קנדה,56,53,109
2021-10-24T00:00:00.000Z,ארגנטינה,15,5,20
2021-10-24T00:00:00.000Z,איסלנד,1,0,1
2021-10-24T00:00:00.000Z,חוף השנהב,1,0,1
2021-10-24T00:00:00.000Z,שוודיה,15,15,30
2021-10-24T00:00:00.000Z,הונדורס,1,0,1
2021-10-24T00:00:00.000Z,אוקראינה,287,117,404
2021-10-24T00:00:00.000Z,סרביה,3,0,3
2021-10-24T00:00:00.000Z,קפריסין,985,56,1041
2021-10-24T00:00:00.000Z,אוגנדה,1,0,1
2021-10-24T00:00:00.000Z,גרנדה,0,5,5
2021-10-24T00:00:00.000Z,פרו,1,1,2
2021-10-24T00:00:00.000Z,צכיה,439,22,461
2021-10-24T00:00:00.000Z,אלבניה,1,5,6
2021-10-24T00:00:00.000Z,הרפ הדומיניקנית,2,0,2
2021-10-24T00:00:00.000Z,מונטנגרו,140,7,147
2021-10-24T00:00:00.000Z,פנמה,2,1,3
2021-10-24T00:00:00.000Z,ליטא,110,17,127
2021-10-24T00:00:00.000Z,לוכסמבורג,1,1,2
2021-10-24T00:00:00.000Z,בלגיה,39,36,75
2021-10-24T00:00:00.000Z,נפאל,1,0,1
2021-10-24T00:00:00.000Z,הממלכה המאוחדת,511,210,721
2021-10-24T00:00:00.000Z,אנגולה,0,1,1
2021-10-24T00:00:00.000Z,צרפת,465,345,810
2021-10-24T00:00:00.000Z,אוסטריה,470,64,534
2021-10-24T00:00:00.000Z,קוריאה הדרומית,19,7,26
2021-10-24T00:00:00.000Z,תורכמניסטאן,2,2,4
2021-10-24T00:00:00.000Z,איי סיישל,1,1,2
2021-10-24T00:00:00.000Z,מלדיבים,22,1,23
2021-10-24T00:00:00.000Z,צ'ילה,1,0,1
2021-10-24T00:00:00.000Z,איחוד האמירויות הערב,508,81,589
2021-10-24T00:00:00.000Z,נורבגיה,3,3,6
2021-10-24T00:00:00.000Z,קרואטיה,16,2,18
2021-10-24T00:00:00.000Z,בולגריה,399,34,433
2021-10-24T00:00:00.000Z,גרמניה,436,197,633
2021-10-24T00:00:00.000Z,אסטוניה,0,2,2
2021-10-24T00:00:00.000Z,יפן,1,1,2
2021-10-24T00:00:00.000Z,הונגריה,846,51,897
2021-10-24T00:00:00.000Z,תוניסיה,3,1,4
2021-10-24T00:00:00.000Z,מולדובה,94,48,142
2021-10-24T00:00:00.000Z,פיליפינים,2,7,9
2021-10-24T00:00:00.000Z,כלל המדינות,16144,4199,20343
2021-10-24T00:00:00.000Z,רוסיה,221,181,402
2021-10-24T00:00:00.000Z,קטר,2,0,2
2021-10-24T00:00:00.000Z,מקדוניה,2,1,3
2021-10-24T00:00:00.000Z,קוסטה ריקה,2,1,3
2021-10-24T00:00:00.000Z,איטליה,1112,131,1243
2021-10-24T00:00:00.000Z,אורגוואי,5,2,7
2021-10-24T00:00:00.000Z,סלובניה,0,1,1
2021-10-24T00:00:00.000Z,תורכיה,1521,498,2019
2021-10-24T00:00:00.000Z,ירדן,533,79,612
2021-10-24T00:00:00.000Z,קולומביה,1,1,2
2021-10-24T00:00:00.000Z,דנמרק,53,21,74
2021-10-24T00:00:00.000Z,קזחסטאן,1,10,11
2021-10-24T00:00:00.000Z,פינלנד,5,1,6
2021-10-24T00:00:00.000Z,פולין,92,7,99
2021-10-24T00:00:00.000Z,סינגפור,0,5,5
2021-10-24T00:00:00.000Z,שוויץ,208,71,279
2021-10-24T00:00:00.000Z,סרי לנקה (צילון),1,2,3
2021-10-24T00:00:00.000Z,ארמניה,1,0,1
2021-10-24T00:00:00.000Z,בוליביה,0,1,1
2021-10-24T00:00:00.000Z,מקאו,1,0,1
2021-10-24T00:00:00.000Z,מרוקו,73,17,90
2021-10-24T00:00:00.000Z,גאנה,2,0,2
2021-10-24T00:00:00.000Z,מלטה,4,0,4
2021-10-24T00:00:00.000Z,ארצות הברית,785,506,1291
2021-10-24T00:00:00.000Z,בילורוסיה,100,64,164
2021-10-24T00:00:00.000Z,הולנד,365,54,419
2021-10-24T00:00:00.000Z,דרום אפריקה,2,7,9
2021-10-24T00:00:00.000Z,סין,1,0,1
2021-10-24T00:00:00.000Z,בחריין,1,0,1
2021-10-24T00:00:00.000Z,אירלנד,19,2,21
2021-10-24T00:00:00.000Z,ברזיל,3,3,6
2021-10-24T00:00:00.000Z,לאוס,2,0,2
2021-10-24T00:00:00.000Z,ספרד,329,53,382
2021-10-24T00:00:00.000Z,הודו,24,8,32
2021-10-24T00:00:00.000Z,יוון,1221,101,1322
2021-10-24T00:00:00.000Z,איי טורקס וקייקוס,1,0,1
2021-10-24T00:00:00.000Z,סנגל,1,0,1
2021-10-24T00:00:00.000Z,בוסניה הרצגובינה,2,0,2
2021-10-24T00:00:00.000Z,מצרים,1408,198,1606
2021-10-24T00:00:00.000Z,סיירה ליאונה,0,1,1
2021-10-24T00:00:00.000Z,מקסיקו,5,5,10
2021-10-24T00:00:00.000Z,בהמס,3,0,3
2021-10-24T00:00:00.000Z,אזרביג'אן,119,18,137
2021-10-24T00:00:00.000Z,אוסטרליה,2,12,14
2021-10-24T00:00:00.000Z,רומניה,249,24,273
2021-10-24T00:00:00.000Z,פורטוגל,110,10,120
2021-10-24T00:00:00.000Z,אוזבקיסטן,5,11,16
2021-10-24T00:00:00.000Z,גאורגיה,866,58,924
2021-10-24T00:00:00.000Z,אקואדור,1,1,2
2021-10-25T00:00:00.000Z,מלטה,1,1,2
2021-10-25T00:00:00.000Z,גאורגיה,711,42,753
2021-10-25T00:00:00.000Z,קירג'זסטאן,1,0,1
2021-10-25T00:00:00.000Z,צכיה,463,21,484
2021-10-25T00:00:00.000Z,בולגריה,91,15,106
2021-10-25T00:00:00.000Z,פינלנד,13,3,16
2021-10-25T00:00:00.000Z,ארגנטינה,0,5,5
2021-10-25T00:00:00.000Z,רומניה,274,32,306
2021-10-25T00:00:00.000Z,ארמניה,1,3,4
2021-10-25T00:00:00.000Z,סרי לנקה (צילון),1,0,1
2021-10-25T00:00:00.000Z,הודו,70,92,162
2021-10-25T00:00:00.000Z,מקסיקו,10,5,15
2021-10-25T00:00:00.000Z,מרוקו,43,4,47
2021-10-25T00:00:00.000Z,דרום סודאן,1,0,1
2021-10-25T00:00:00.000Z,קזחסטאן,5,4,9
2021-10-25T00:00:00.000Z,בוטן,6,3,9
2021-10-25T00:00:00.000Z,אורגוואי,1,0,1
2021-10-25T00:00:00.000Z,זמביה,2,1,3
2021-10-25T00:00:00.000Z,יפן,0,2,2
2021-10-25T00:00:00.000Z,הונג קונג,6,1,7
2021-10-25T00:00:00.000Z,צ'ילה,5,0,5
2021-10-25T00:00:00.000Z,זאיר,0,6,6
2021-10-25T00:00:00.000Z,אסטוניה,1,2,3
2021-10-25T00:00:00.000Z,רואנדה,1,0,1
2021-10-25T00:00:00.000Z,איחוד האמירויות הערב,322,52,374
2021-10-25T00:00:00.000Z,פורטוגל,179,11,190
2021-10-25T00:00:00.000Z,בלגיה,89,32,121
2021-10-25T00:00:00.000Z,קנדה,13,14,27
2021-10-25T00:00:00.000Z,מאוריציוס,2,0,2
2021-10-25T00:00:00.000Z,דרום אפריקה,22,24,46
2021-10-25T00:00:00.000Z,אתיופיה,39,20,59
2021-10-25T00:00:00.000Z,שוודיה,9,8,17
2021-10-25T00:00:00.000Z,מלדיבים,27,5,32
2021-10-25T00:00:00.000Z,בחריין,57,4,61
2021-10-25T00:00:00.000Z,פולין,237,24,261
2021-10-25T00:00:00.000Z,מונטנגרו,99,10,109
2021-10-25T00:00:00.000Z,הרפ הדומיניקנית,0,1,1
2021-10-25T00:00:00.000Z,פרו,2,2,4
2021-10-25T00:00:00.000Z,תוניסיה,4,1,5
2021-10-25T00:00:00.000Z,אוסטריה,826,77,903
2021-10-25T00:00:00.000Z,אוסטרליה,3,2,5
2021-10-25T00:00:00.000Z,אוגנדה,2,0,2
2021-10-25T00:00:00.000Z,לטביה,1,0,1
2021-10-25T00:00:00.000Z,איסלנד,6,0,6
2021-10-25T00:00:00.000Z,ניקרגואה,0,1,1
2021-10-25T00:00:00.000Z,תורכיה,1410,364,1774
2021-10-25T00:00:00.000Z,"קונגו, רפ. דמוק.",1,0,1
2021-10-25T00:00:00.000Z,קניה,3,2,5
2021-10-25T00:00:00.000Z,אזרביג'אן,100,12,112
2021-10-25T00:00:00.000Z,גווטאמלה,0,1,1
2021-10-25T00:00:00.000Z,הולנד,314,27,341
2021-10-25T00:00:00.000Z,כלל המדינות,14184,4464,18648
2021-10-25T00:00:00.000Z,טיוואן,0,1,1
2021-10-25T00:00:00.000Z,ונצואלה,0,2,2
2021-10-25T00:00:00.000Z,ירדן,64,15,79
2021-10-25T00:00:00.000Z,אוקראינה,481,215,696
2021-10-25T00:00:00.000Z,אנגולה,6,0,6
2021-10-25T00:00:00.000Z,צרפת,839,319,1158
2021-10-25T00:00:00.000Z,קולומביה,3,5,8
2021-10-25T00:00:00.000Z,דנמרק,19,12,31
2021-10-25T00:00:00.000Z,סרביה,3,0,3
2021-10-25T00:00:00.000Z,קרואטיה,3,3,6
2021-10-25T00:00:00.000Z,קמרון,1,1,2
2021-10-25T00:00:00.000Z,ברזיל,19,23,42
2021-10-25T00:00:00.000Z,אלבניה,0,3,3
2021-10-25T00:00:00.000Z,איטליה,786,83,869
2021-10-25T00:00:00.000Z,הונגריה,333,21,354
2021-10-25T00:00:00.000Z,סינגפור,0,4,4
2021-10-25T00:00:00.000Z,בוסניה הרצגובינה,23,0,23
2021-10-25T00:00:00.000Z,איי קוק,0,1,1
2021-10-25T00:00:00.000Z,ספרד,570,60,630
2021-10-25T00:00:00.000Z,איי גילברט ואליס,0,1,1
2021-10-25T00:00:00.000Z,קפריסין,398,35,433
2021-10-25T00:00:00.000Z,אקואדור,2,0,2
2021-10-25T00:00:00.000Z,סין,0,2,2
2021-10-25T00:00:00.000Z,ויטנאם,0,6,6
2021-10-25T00:00:00.000Z,תאילנד,62,207,269
2021-10-25T00:00:00.000Z,שוויץ,165,65,230
2021-10-25T00:00:00.000Z,רוסיה,203,244,447
2021-10-25T00:00:00.000Z,גאנה,1,0,1
2021-10-25T00:00:00.000Z,ליטא,4,22,26
2021-10-25T00:00:00.000Z,פיליפינים,0,9,9
2021-10-25T00:00:00.000Z,קטר,0,2,2
2021-10-25T00:00:00.000Z,ארצות הברית,1057,926,1983
2021-10-25T00:00:00.000Z,נורבגיה,11,5,16
2021-10-25T00:00:00.000Z,טנזניה,5,0,5
2021-10-25T00:00:00.000Z,אוזבקיסטן,114,108,222
2021-10-25T00:00:00.000Z,קוסטה ריקה,1,5,6
2021-10-25T00:00:00.000Z,קוריאה הדרומית,3,2,5
2021-10-25T00:00:00.000Z,גרמניה,509,109,618
2021-10-25T00:00:00.000Z,אירלנד,6,1,7
2021-10-25T00:00:00.000Z,מצרים,652,95,747
2021-10-25T00:00:00.000Z,הממלכה המאוחדת,830,224,1054
2021-10-25T00:00:00.000Z,פנמה,1,2,3
2021-10-25T00:00:00.000Z,יוון,647,34,681
2021-10-25T00:00:00.000Z,תורכמניסטאן,1,0,1
2021-10-26T00:00:00.000Z,זמביה,16,0,16
2021-10-26T00:00:00.000Z,איטליה,339,29,368
2021-10-26T00:00:00.000Z,יפן,3,0,3
2021-10-26T00:00:00.000Z,פנמה,5,3,8
2021-10-26T00:00:00.000Z,איחוד האמירויות הערב,287,42,329
2021-10-26T00:00:00.000Z,גיברלטר,0,1,1
2021-10-26T00:00:00.000Z,תורכמניסטאן,1,1,2
2021-10-26T00:00:00.000Z,ירדן,33,21,54
2021-10-26T00:00:00.000Z,נאורו,1,0,1
2021-10-26T00:00:00.000Z,קמרון,0,1,1
2021-10-26T00:00:00.000Z,פורטוגל,19,1,20
2021-10-26T00:00:00.000Z,הרפ הדומיניקנית,1,0,1
2021-10-26T00:00:00.000Z,לטביה,24,23,47
2021-10-26T00:00:00.000Z,גאורגיה,176,32,208
2021-10-26T00:00:00.000Z,הולנד,320,24,344
2021-10-26T00:00:00.000Z,מלדיבים,15,4,19
2021-10-26T00:00:00.000Z,הודו,14,2,16
2021-10-26T00:00:00.000Z,תורכיה,1107,549,1656
2021-10-26T00:00:00.000Z,ספרד,331,51,382
2021-10-26T00:00:00.000Z,נורבגיה,3,2,5
2021-10-26T00:00:00.000Z,ברזיל,4,1,5
2021-10-26T00:00:00.000Z,אוזבקיסטן,5,18,23
2021-10-26T00:00:00.000Z,אסטוניה,3,4,7
2021-10-26T00:00:00.000Z,דרום אפריקה,22,6,28
2021-10-26T00:00:00.000Z,קפריסין,148,24,172
2021-10-26T00:00:00.000Z,צרפת,769,359,1128
2021-10-26T00:00:00.000Z,מקדוניה,3,0,3
2021-10-26T00:00:00.000Z,ארצות הברית,627,480,1107
2021-10-26T00:00:00.000Z,פולין,180,31,211
2021-10-26T00:00:00.000Z,ליטא,3,0,3
2021-10-26T00:00:00.000Z,מולדובה,38,15,53
2021-10-26T00:00:00.000Z,אלגיריה,2,0,2
2021-10-26T00:00:00.000Z,צכיה,384,18,402
2021-10-26T00:00:00.000Z,יוון,406,72,478
2021-10-26T00:00:00.000Z,פינלנד,0,1,1
2021-10-26T00:00:00.000Z,מרוקו,176,13,189
2021-10-26T00:00:00.000Z,צ'ילה,2,0,2
2021-10-26T00:00:00.000Z,שוודיה,2,2,4
2021-10-26T00:00:00.000Z,אוגנדה,4,38,42
2021-10-26T00:00:00.000Z,בולגריה,8,0,8
2021-10-26T00:00:00.000Z,זאיר,0,4,4
2021-10-26T00:00:00.000Z,קזחסטאן,1,5,6
2021-10-26T00:00:00.000Z,קנדה,146,159,305
2021-10-26T00:00:00.000Z,מקסיקו,10,12,22
2021-10-26T00:00:00.000Z,דנמרק,5,4,9
2021-10-26T00:00:00.000Z,אינדונזיה,0,1,1
2021-10-26T00:00:00.000Z,רואנדה,1,1,2
2021-10-26T00:00:00.000Z,סינגפור,0,2,2
2021-10-26T00:00:00.000Z,אוסטריה,325,55,380
2021-10-26T00:00:00.000Z,הממלכה המאוחדת,493,190,683
2021-10-26T00:00:00.000Z,קרואטיה,1,3,4
2021-10-26T00:00:00.000Z,פרו,1,4,5
2021-10-26T00:00:00.000Z,תאילנד,1,0,1
2021-10-26T00:00:00.000Z,שוויץ,118,39,157
2021-10-26T00:00:00.000Z,בהמס,2,0,2
2021-10-26T00:00:00.000Z,בלגיה,9,12,21
2021-10-26T00:00:00.000Z,אוקראינה,176,112,288
2021-10-26T00:00:00.000Z,מונטנגרו,1,0,1
2021-10-26T00:00:00.000Z,ניו זילנד,0,1,1
2021-10-26T00:00:00.000Z,איי סיישל,0,3,3
2021-10-26T00:00:00.000Z,קוסטה ריקה,0,1,1
2021-10-26T00:00:00.000Z,אנגולה,2,1,3
2021-10-26T00:00:00.000Z,גאנה,1,11,12
2021-10-26T00:00:00.000Z,ארגנטינה,20,34,54
2021-10-26T00:00:00.000Z,גרמניה,331,90,421
2021-10-26T00:00:00.000Z,קולומביה,2,0,2
2021-10-26T00:00:00.000Z,בוסניה הרצגובינה,2,1,3
2021-10-26T00:00:00.000Z,ניגריה,2,1,3
2021-10-26T00:00:00.000Z,קוריאה הדרומית,1,0,1
2021-10-26T00:00:00.000Z,ונצואלה,0,7,7
2021-10-26T00:00:00.000Z,אירלנד,10,3,13
2021-10-26T00:00:00.000Z,אזרביג'אן,5,0,5
2021-10-26T00:00:00.000Z,כלל המדינות,8676,3698,12374
2021-10-26T00:00:00.000Z,חוף השנהב,7,0,7
2021-10-26T00:00:00.000Z,אתיופיה,18,7,25
2021-10-26T00:00:00.000Z,סרביה,146,9,155
2021-10-26T00:00:00.000Z,סלובניה,4,0,4
2021-10-26T00:00:00.000Z,אוסטרליה,0,2,2
2021-10-26T00:00:00.000Z,פולינזיה הצרפתית,1,0,1
2021-10-26T00:00:00.000Z,רומניה,27,1,28
2021-10-26T00:00:00.000Z,מצרים,358,78,436
2021-10-26T00:00:00.000Z,הונגריה,264,24,288
2021-10-26T00:00:00.000Z,אורגוואי,3,1,4
2021-10-26T00:00:00.000Z,רוסיה,188,279,467
2021-10-26T00:00:00.000Z,ארמניה,0,1,1
2021-10-26T00:00:00.000Z,"קונגו, רפ. דמוק.",0,1,1
2021-10-26T00:00:00.000Z,קניה,4,1,5
2021-10-27T00:00:00.000Z,קירג'זסטאן,2,2,4
2021-10-27T00:00:00.000Z,פיליפינים,3,15,18
2021-10-27T00:00:00.000Z,בולגריה,200,34,234
2021-10-27T00:00:00.000Z,דרום אפריקה,26,12,38
2021-10-27T00:00:00.000Z,נורבגיה,3,4,7
2021-10-27T00:00:00.000Z,תורכמניסטאן,4,4,8
2021-10-27T00:00:00.000Z,גרנדה,0,5,5
2021-10-27T00:00:00.000Z,ירדן,55,26,81
2021-10-27T00:00:00.000Z,מונטנגרו,101,2,103
2021-10-27T00:00:00.000Z,רואנדה,1,0,1
2021-10-27T00:00:00.000Z,קולומביה,2,2,4
2021-10-27T00:00:00.000Z,קטר,2,0,2
2021-10-27T00:00:00.000Z,גיברלטר,3,2,5
2021-10-27T00:00:00.000Z,פורטוגל,98,20,118
2021-10-27T00:00:00.000Z,פנמה,8,12,20
2021-10-27T00:00:00.000Z,אלבניה,2,0,2
2021-10-27T00:00:00.000Z,הונגריה,449,41,490
2021-10-27T00:00:00.000Z,מלדיבים,33,15,48
2021-10-27T00:00:00.000Z,אסטוניה,1,0,1
2021-10-27T00:00:00.000Z,מצרים,259,55,314
2021-10-27T00:00:00.000Z,קזחסטאן,1,2,3
2021-10-27T00:00:00.000Z,ניגריה,2,3,5
2021-10-27T00:00:00.000Z,קנדה,55,76,131
2021-10-27T00:00:00.000Z,תורכיה,1137,520,1657
2021-10-27T00:00:00.000Z,גאורגיה,113,25,138
2021-10-27T00:00:00.000Z,אירלנד,6,3,9
2021-10-27T00:00:00.000Z,מקסיקו,9,4,13
2021-10-27T00:00:00.000Z,ספרד,29,13,42
2021-10-27T00:00:00.000Z,פולין,83,11,94
2021-10-27T00:00:00.000Z,בוסניה הרצגובינה,2,0,2
2021-10-27T00:00:00.000Z,יוון,319,36,355
2021-10-27T00:00:00.000Z,טנזניה,80,8,88
2021-10-27T00:00:00.000Z,תוניסיה,2,9,11
2021-10-27T00:00:00.000Z,אנגולה,0,1,1
2021-10-27T00:00:00.000Z,קוסובו,1,0,1
2021-10-27T00:00:00.000Z,גרמניה,398,205,603
2021-10-27T00:00:00.000Z,רומניה,234,38,272
2021-10-27T00:00:00.000Z,גאנה,1,0,1
2021-10-27T00:00:00.000Z,פינלנד,25,9,34
2021-10-27T00:00:00.000Z,מלטה,35,1,36
2021-10-27T00:00:00.000Z,אזרביג'אן,10,0,10
2021-10-27T00:00:00.000Z,שוודיה,2,4,6
2021-10-27T00:00:00.000Z,אוגנדה,1,4,5
2021-10-27T00:00:00.000Z,מאוריציוס,2,0,2
2021-10-27T00:00:00.000Z,כלל המדינות,8476,4076,12552
2021-10-27T00:00:00.000Z,ארמניה,10,1,11
2021-10-27T00:00:00.000Z,איי סיישל,87,9,96
2021-10-27T00:00:00.000Z,קפריסין,198,39,237
2021-10-27T00:00:00.000Z,אינדונזיה,1,0,1
2021-10-27T00:00:00.000Z,לוכסמבורג,3,2,5
2021-10-27T00:00:00.000Z,אורגוואי,0,1,1
2021-10-27T00:00:00.000Z,אתיופיה,10,7,17
2021-10-27T00:00:00.000Z,צכיה,185,15,200
2021-10-27T00:00:00.000Z,קוסטה ריקה,2,0,2
2021-10-27T00:00:00.000Z,סרביה,8,1,9
2021-10-27T00:00:00.000Z,איחוד האמירויות הערב,139,36,175
2021-10-27T00:00:00.000Z,בוטסואנה,1,0,1
2021-10-27T00:00:00.000Z,הולנד,151,41,192
2021-10-27T00:00:00.000Z,קניה,8,0,8
2021-10-27T00:00:00.000Z,אוסטריה,265,46,311
2021-10-27T00:00:00.000Z,סרי לנקה (צילון),4,1,5
2021-10-27T00:00:00.000Z,נפאל,1,2,3
2021-10-27T00:00:00.000Z,איטליה,449,58,507
2021-10-27T00:00:00.000Z,איי טורקס וקייקוס,7,3,10
2021-10-27T00:00:00.000Z,פרו,0,2,2
2021-10-27T00:00:00.000Z,דנמרק,8,2,10
2021-10-27T00:00:00.000Z,יפן,0,4,4
2021-10-27T00:00:00.000Z,הודו,13,17,30
2021-10-27T00:00:00.000Z,סין,2,5,7
2021-10-27T00:00:00.000Z,אוקראינה,328,169,497
2021-10-27T00:00:00.000Z,הממלכה המאוחדת,420,212,632
2021-10-27T00:00:00.000Z,איסלנד,3,0,3
2021-10-27T00:00:00.000Z,אוסטרליה,2,10,12
2021-10-27T00:00:00.000Z,תאילנד,6,0,6
2021-10-27T00:00:00.000Z,קוריאה הדרומית,4,6,10
2021-10-27T00:00:00.000Z,שוויץ,69,25,94
2021-10-27T00:00:00.000Z,"קונגו, רפ. דמוק.",1,0,1
2021-10-27T00:00:00.000Z,ברזיל,6,6,12
2021-10-27T00:00:00.000Z,ונצואלה,1,7,8
2021-10-27T00:00:00.000Z,מרוקו,62,3,65
2021-10-27T00:00:00.000Z,קרואטיה,3,0,3
2021-10-27T00:00:00.000Z,זמביה,1,0,1
2021-10-27T00:00:00.000Z,זאיר,1,0,1
2021-10-27T00:00:00.000Z,צרפת,516,475,991
2021-10-27T00:00:00.000Z,אקואדור,4,1,5
2021-10-27T00:00:00.000Z,ארגנטינה,0,1,1
2021-10-27T00:00:00.000Z,רוסיה,127,210,337
2021-10-27T00:00:00.000Z,איי גילברט ואליס,0,1,1
2021-10-27T00:00:00.000Z,בלגיה,16,9,25
2021-10-27T00:00:00.000Z,בילורוסיה,3,2,5
2021-10-27T00:00:00.000Z,אוזבקיסטן,2,16,18
2021-10-27T00:00:00.000Z,ארצות הברית,978,810,1788
2021-10-28T00:00:00.000Z,פרו,3,0,3
2021-10-28T00:00:00.000Z,סינגפור,9,0,9
2021-10-28T00:00:00.000Z,מקסיקו,11,22,33
2021-10-28T00:00:00.000Z,יוון,601,72,673
2021-10-28T00:00:00.000Z,תאילנד,1,6,7
2021-10-28T00:00:00.000Z,מלאווי,1,0,1
2021-10-28T00:00:00.000Z,אפגניסטן,0,2,2
2021-10-28T00:00:00.000Z,גינאה המשוונית,1,0,1
2021-10-28T00:00:00.000Z,קונגו,2,0,2
2021-10-28T00:00:00.000Z,אוגנדה,7,1,8
2021-10-28T00:00:00.000Z,סרביה,15,1,16
2021-10-28T00:00:00.000Z,איי סיישל,0,1,1
2021-10-28T00:00:00.000Z,כלל המדינות,11808,4488,16296
2021-10-28T00:00:00.000Z,טנזניה,8,0,8
2021-10-28T00:00:00.000Z,איטליה,593,73,666
2021-10-28T00:00:00.000Z,גאורגיה,666,60,726
2021-10-28T00:00:00.000Z,מונטנגרו,154,2,156
2021-10-28T00:00:00.000Z,מקדוניה,2,0,2
2021-10-28T00:00:00.000Z,ערב הסעודית,1,1,2
2021-10-28T00:00:00.000Z,אקואדור,1,0,1
2021-10-28T00:00:00.000Z,אוסטריה,419,58,477
2021-10-28T00:00:00.000Z,פולין,96,15,111
2021-10-28T00:00:00.000Z,קניה,7,6,13
2021-10-28T00:00:00.000Z,תורכמניסטאן,1,2,3
2021-10-28T00:00:00.000Z,טוגו,1,0,1
2021-10-28T00:00:00.000Z,בילורוסיה,71,79,150
2021-10-28T00:00:00.000Z,גאנה,3,1,4
2021-10-28T00:00:00.000Z,רומניה,119,30,149
2021-10-28T00:00:00.000Z,סלובניה,1,0,1
2021-10-28T00:00:00.000Z,קרואטיה,1,3,4
2021-10-28T00:00:00.000Z,זאיר,1,0,1
2021-10-28T00:00:00.000Z,אנגולה,2,2,4
2021-10-28T00:00:00.000Z,חוף השנהב,3,0,3
2021-10-28T00:00:00.000Z,אוסטרליה,3,1,4
2021-10-28T00:00:00.000Z,בולגריה,115,11,126
2021-10-28T00:00:00.000Z,סרי לנקה (צילון),1,0,1
2021-10-28T00:00:00.000Z,קוסטה ריקה,4,1,5
2021-10-28T00:00:00.000Z,קזחסטאן,2,14,16
2021-10-28T00:00:00.000Z,מולדובה,55,35,90
2021-10-28T00:00:00.000Z,מלדיבים,12,4,16
2021-10-28T00:00:00.000Z,בליז,0,1,1
2021-10-28T00:00:00.000Z,פורטוגל,255,28,283
2021-10-28T00:00:00.000Z,זמביה,3,10,13
2021-10-28T00:00:00.000Z,איי טורקס וקייקוס,6,2,8
2021-10-28T00:00:00.000Z,שוויץ,115,31,146
2021-10-28T00:00:00.000Z,פנמה,3,8,11
2021-10-28T00:00:00.000Z,ברזיל,11,18,29
2021-10-28T00:00:00.000Z,אוקראינה,182,110,292
2021-10-28T00:00:00.000Z,צכיה,228,17,245
2021-10-28T00:00:00.000Z,קוריאה הדרומית,1,3,4
2021-10-28T00:00:00.000Z,ארמניה,3,2,5
2021-10-28T00:00:00.000Z,רוסיה,251,177,428
2021-10-28T00:00:00.000Z,איסלנד,5,0,5
2021-10-28T00:00:00.000Z,קולומביה,4,10,14
2021-10-28T00:00:00.000Z,אזרביג'אן,90,7,97
2021-10-28T00:00:00.000Z,קפריסין,451,67,518
2021-10-28T00:00:00.000Z,ליטא,88,22,110
2021-10-28T00:00:00.000Z,צ'ילה,3,7,10
2021-10-28T00:00:00.000Z,הולנד,200,51,251
2021-10-28T00:00:00.000Z,ירדן,255,59,314
2021-10-28T00:00:00.000Z,סין,1,137,138
2021-10-28T00:00:00.000Z,פינלנד,13,3,16
2021-10-28T00:00:00.000Z,"קונגו, רפ. דמוק.",1,0,1
2021-10-28T00:00:00.000Z,אוזבקיסטן,6,10,16
2021-10-28T00:00:00.000Z,גרמניה,202,64,266
2021-10-28T00:00:00.000Z,נפאל,4,0,4
2021-10-28T00:00:00.000Z,הממלכה המאוחדת,425,215,640
2021-10-28T00:00:00.000Z,אתיופיה,46,16,62
2021-10-28T00:00:00.000Z,בחריין,22,8,30
2021-10-28T00:00:00.000Z,צרפת,688,404,1092
2021-10-28T00:00:00.000Z,נורבגיה,7,2,9
2021-10-28T00:00:00.000Z,לטביה,2,0,2
2021-10-28T00:00:00.000Z,ספרד,244,67,311
2021-10-28T00:00:00.000Z,הרפ הדומיניקנית,2,0,2
2021-10-28T00:00:00.000Z,הודו,20,5,25
2021-10-28T00:00:00.000Z,ארצות הברית,1025,1011,2036
2021-10-28T00:00:00.000Z,יפן,1,0,1
2021-10-28T00:00:00.000Z,איחוד האמירויות הערב,531,100,631
2021-10-28T00:00:00.000Z,רואנדה,4,0,4
2021-10-28T00:00:00.000Z,דרום אפריקה,28,12,40
2021-10-28T00:00:00.000Z,קנדה,12,9,21
2021-10-28T00:00:00.000Z,הונג קונג,4,16,20
2021-10-28T00:00:00.000Z,ארגנטינה,8,14,22
2021-10-28T00:00:00.000Z,אירלנד,11,2,13
2021-10-28T00:00:00.000Z,ניגריה,8,3,11
2021-10-28T00:00:00.000Z,מרוקו,121,14,135
2021-10-28T00:00:00.000Z,אורגוואי,1,2,3
2021-10-28T00:00:00.000Z,הונגריה,567,51,618
2021-10-28T00:00:00.000Z,מצרים,476,88,564
2021-10-28T00:00:00.000Z,טג'יקיסטאן,3,0,3
2021-10-28T00:00:00.000Z,קמרון,0,1,1
2021-10-28T00:00:00.000Z,פיליפינים,2,5,7
2021-10-28T00:00:00.000Z,דנמרק,62,21,83
2021-10-28T00:00:00.000Z,אסטוניה,4,0,4
2021-10-28T00:00:00.000Z,תורכיה,1214,412,1626
2021-10-28T00:00:00.000Z,בלגיה,15,13,28
2021-10-28T00:00:00.000Z,שוודיה,11,5,16
2021-10-28T00:00:00.000Z,גווטאמלה,3,1,4
2021-10-29T00:00:00.000Z,סיירה ליאונה,0,1,1
2021-10-29T00:00:00.000Z,יפן,0,1,1
2021-10-29T00:00:00.000Z,צאד,1,0,1
2021-10-29T00:00:00.000Z,סלובקיה,3,0,3
2021-10-29T00:00:00.000Z,דנמרק,12,2,14
2021-10-29T00:00:00.000Z,לוכסמבורג,5,0,5
2021-10-29T00:00:00.000Z,אוקראינה,355,169,524
2021-10-29T00:00:00.000Z,איי טורקס וקייקוס,0,2,2
2021-10-29T00:00:00.000Z,קולומביה,5,1,6
2021-10-29T00:00:00.000Z,פורטוגל,39,9,48
2021-10-29T00:00:00.000Z,אוסטרליה,2,0,2
2021-10-29T00:00:00.000Z,ספרד,610,64,674
2021-10-29T00:00:00.000Z,מונטנגרו,61,8,69
2021-10-29T00:00:00.000Z,הרפ הדומיניקנית,2,0,2
2021-10-29T00:00:00.000Z,סינגפור,5,5,10
2021-10-29T00:00:00.000Z,קמרון,2,1,3
2021-10-29T00:00:00.000Z,ניגריה,3,0,3
2021-10-29T00:00:00.000Z,דומיניקה,2,0,2
2021-10-29T00:00:00.000Z,קרואטיה,17,0,17
2021-10-29T00:00:00.000Z,סין,0,1,1
2021-10-29T00:00:00.000Z,נורבגיה,5,0,5
2021-10-29T00:00:00.000Z,גרמניה,749,149,898
2021-10-29T00:00:00.000Z,הממלכה המאוחדת,506,177,683
2021-10-29T00:00:00.000Z,דרום אפריקה,3,0,3
2021-10-29T00:00:00.000Z,גמביה,1,0,1
2021-10-29T00:00:00.000Z,הונגריה,269,12,281
2021-10-29T00:00:00.000Z,מאוריציוס,2,1,3
2021-10-29T00:00:00.000Z,סנגל,1,0,1
2021-10-29T00:00:00.000Z,שוויץ,316,73,389
2021-10-29T00:00:00.000Z,קניה,4,0,4
2021-10-29T00:00:00.000Z,אתיופיה,2,0,2
2021-10-29T00:00:00.000Z,שוודיה,18,4,22
2021-10-29T00:00:00.000Z,בילורוסיה,1,0,1
2021-10-29T00:00:00.000Z,איי סיישל,2,0,2
2021-10-29T00:00:00.000Z,קוריאה הדרומית,9,3,12
2021-10-29T00:00:00.000Z,גאורגיה,382,78,460
2021-10-29T00:00:00.000Z,גרנדה,1,0,1
2021-10-29T00:00:00.000Z,הולנד,175,25,200
2021-10-29T00:00:00.000Z,פנמה,2,0,2
2021-10-29T00:00:00.000Z,תורכמניסטאן,2,0,2
2021-10-29T00:00:00.000Z,גאנה,1,0,1
2021-10-29T00:00:00.000Z,תאילנד,123,30,153
2021-10-29T00:00:00.000Z,חוף השנהב,2,0,2
2021-10-29T00:00:00.000Z,הודו,45,4,49
2021-10-29T00:00:00.000Z,בליז,1,0,1
2021-10-29T00:00:00.000Z,בורקינה פאסו,1,0,1
2021-10-29T00:00:00.000Z,ניו זילנד,0,7,7
2021-10-29T00:00:00.000Z,רומניה,159,31,190
2021-10-29T00:00:00.000Z,מרוקו,129,13,142
2021-10-29T00:00:00.000Z,לבנון,5,0,5
2021-10-29T00:00:00.000Z,איטליה,592,65,657
2021-10-29T00:00:00.000Z,סאו טומה ופרינציפה,3,0,3
2021-10-29T00:00:00.000Z,יוון,558,46,604
2021-10-29T00:00:00.000Z,אקואדור,4,2,6
2021-10-29T00:00:00.000Z,פינלנד,32,13,45
2021-10-29T00:00:00.000Z,איסלנד,1,0,1
2021-10-29T00:00:00.000Z,זאיר,2,0,2
2021-10-29T00:00:00.000Z,אוזבקיסטן,8,14,22
2021-10-29T00:00:00.000Z,קירג'זסטאן,3,0,3
2021-10-29T00:00:00.000Z,אסטוניה,2,3,5
2021-10-29T00:00:00.000Z,פיליפינים,2,10,12
2021-10-29T00:00:00.000Z,ערב הסעודית,1,0,1
2021-10-29T00:00:00.000Z,ליטא,6,0,6
2021-10-29T00:00:00.000Z,מקדוניה,13,8,21
2021-10-29T00:00:00.000Z,סרי לנקה (צילון),2,1,3
2021-10-29T00:00:00.000Z,אזרביג'אן,111,6,117
2021-10-29T00:00:00.000Z,אלבניה,2,0,2
2021-10-29T00:00:00.000Z,מצרים,294,55,349
2021-10-29T00:00:00.000Z,קנדה,101,61,162
2021-10-29T00:00:00.000Z,בוסניה הרצגובינה,2,6,8
2021-10-29T00:00:00.000Z,מולדובה,3,1,4
2021-10-29T00:00:00.000Z,צרפת,681,276,957
2021-10-29T00:00:00.000Z,צ'ילה,0,6,6
2021-10-29T00:00:00.000Z,קוסטה ריקה,5,5,10
2021-10-29T00:00:00.000Z,ארמניה,11,1,12
2021-10-29T00:00:00.000Z,אירלנד,7,7,14
2021-10-29T00:00:00.000Z,צכיה,371,27,398
2021-10-29T00:00:00.000Z,קפריסין,207,23,230
2021-10-29T00:00:00.000Z,קטר,1,0,1
2021-10-29T00:00:00.000Z,נפאל,4,1,5
2021-10-29T00:00:00.000Z,ברזיל,9,0,9
2021-10-29T00:00:00.000Z,כלל המדינות,11397,3152,14549
2021-10-29T00:00:00.000Z,תורכיה,822,265,1087
2021-10-29T00:00:00.000Z,טובלו,1,0,1
2021-10-29T00:00:00.000Z,קזחסטאן,0,7,7
2021-10-29T00:00:00.000Z,אנדורה,1,1,2
2021-10-29T00:00:00.000Z,פולין,221,30,251
2021-10-29T00:00:00.000Z,סלובניה,5,0,5
2021-10-29T00:00:00.000Z,אנגולה,1,0,1
2021-10-29T00:00:00.000Z,סרביה,11,3,14
2021-10-29T00:00:00.000Z,בולגריה,5,3,8
2021-10-29T00:00:00.000Z,רוסיה,189,142,331
2021-10-29T00:00:00.000Z,בלגיה,156,85,241
2021-10-29T00:00:00.000Z,אורגוואי,1,1,2
2021-10-29T00:00:00.000Z,ארגנטינה,8,7,15
2021-10-29T00:00:00.000Z,מקסיקו,12,6,18
2021-10-29T00:00:00.000Z,אוסטריה,664,56,720
2021-10-29T00:00:00.000Z,ירדן,7,2,9
2021-10-29T00:00:00.000Z,איחוד האמירויות הערב,296,36,332
2021-10-29T00:00:00.000Z,מלטה,7,0,7
2021-10-29T00:00:00.000Z,מלדיבים,8,0,8
2021-10-29T00:00:00.000Z,ארצות הברית,1352,554,1906
2021-10-30T00:00:00.000Z,אקואדור,1,0,1
2021-10-30T00:00:00.000Z,פורטוגל,23,2,25
2021-10-30T00:00:00.000Z,איי סיישל,8,0,8
2021-10-30T00:00:00.000Z,מלאווי,1,0,1
2021-10-30T00:00:00.000Z,נמיביה,2,3,5
2021-10-30T00:00:00.000Z,שוודיה,4,2,6
2021-10-30T00:00:00.000Z,צכיה,204,6,210
2021-10-30T00:00:00.000Z,בוסניה הרצגובינה,2,1,3
2021-10-30T00:00:00.000Z,הונגריה,329,27,356
2021-10-30T00:00:00.000Z,קרואטיה,5,2,7
2021-10-30T00:00:00.000Z,תורכיה,1283,338,1621
2021-10-30T00:00:00.000Z,גרמניה,211,58,269
2021-10-30T00:00:00.000Z,בורקינה פאסו,0,1,1
2021-10-30T00:00:00.000Z,יפן,0,1,1
2021-10-30T00:00:00.000Z,גאנה,1,0,1
2021-10-30T00:00:00.000Z,קולומביה,6,11,17
2021-10-30T00:00:00.000Z,ארצות הברית,612,372,984
2021-10-30T00:00:00.000Z,טוגו,6,1,7
2021-10-30T00:00:00.000Z,קפריסין,559,37,596
2021-10-30T00:00:00.000Z,אוסטריה,348,30,378
2021-10-30T00:00:00.000Z,אלבניה,1,6,7
2021-10-30T00:00:00.000Z,מלדיבים,6,0,6
2021-10-30T00:00:00.000Z,מרוקו,6,1,7
2021-10-30T00:00:00.000Z,ערב הסעודית,25,0,25
2021-10-30T00:00:00.000Z,סין,0,6,6
2021-10-30T00:00:00.000Z,כלל המדינות,8372,2008,10380
2021-10-30T00:00:00.000Z,תאילנד,1,0,1
2021-10-30T00:00:00.000Z,אוקראינה,203,47,250
2021-10-30T00:00:00.000Z,בלגיה,10,5,15
2021-10-30T00:00:00.000Z,חוף השנהב,2,0,2
2021-10-30T00:00:00.000Z,פולין,149,6,155
2021-10-30T00:00:00.000Z,גינאה המשוונית,3,0,3
2021-10-30T00:00:00.000Z,אתיופיה,26,15,41
2021-10-30T00:00:00.000Z,לטביה,18,7,25
2021-10-30T00:00:00.000Z,יוון,532,33,565
2021-10-30T00:00:00.000Z,ארמניה,2,0,2
2021-10-30T00:00:00.000Z,סרביה,4,1,5
2021-10-30T00:00:00.000Z,ליבריה,0,1,1
2021-10-30T00:00:00.000Z,בליז,1,0,1
2021-10-30T00:00:00.000Z,רוסיה,4,10,14
2021-10-30T00:00:00.000Z,מקסיקו,9,0,9
2021-10-30T00:00:00.000Z,לוכסמבורג,3,0,3
2021-10-30T00:00:00.000Z,קניה,7,1,8
2021-10-30T00:00:00.000Z,בולגריה,153,18,171
2021-10-30T00:00:00.000Z,דנמרק,8,1,9
2021-10-30T00:00:00.000Z,מונטנגרו,1,0,1
2021-10-30T00:00:00.000Z,קוריאה הדרומית,3,2,5
2021-10-30T00:00:00.000Z,קנדה,3,3,6
2021-10-30T00:00:00.000Z,קזחסטאן,2,0,2
2021-10-30T00:00:00.000Z,איי קומורו,1,0,1
2021-10-30T00:00:00.000Z,פינלנד,4,3,7
2021-10-30T00:00:00.000Z,ליטא,3,1,4
2021-10-30T00:00:00.000Z,קירג'זסטאן,1,0,1
2021-10-30T00:00:00.000Z,איחוד האמירויות הערב,139,35,174
2021-10-30T00:00:00.000Z,סנגל,3,0,3
2021-10-30T00:00:00.000Z,זמביה,1,0,1
2021-10-30T00:00:00.000Z,הונג קונג,0,2,2
2021-10-30T00:00:00.000Z,ירדן,135,5,140
2021-10-30T00:00:00.000Z,טיוואן,0,1,1
2021-10-30T00:00:00.000Z,הולנד,207,21,228
2021-10-30T00:00:00.000Z,סרי לנקה (צילון),2,1,3
2021-10-30T00:00:00.000Z,ברזיל,0,3,3
2021-10-30T00:00:00.000Z,פרו,5,3,8
2021-10-30T00:00:00.000Z,טנזניה,8,1,9
2021-10-30T00:00:00.000Z,הודו,15,3,18
2021-10-30T00:00:00.000Z,נורבגיה,5,12,17
2021-10-30T00:00:00.000Z,גאורגיה,131,24,155
2021-10-30T00:00:00.000Z,איי טורקס וקייקוס,3,0,3
2021-10-30T00:00:00.000Z,פולינזיה הצרפתית,0,4,4
2021-10-30T00:00:00.000Z,רומניה,184,30,214
2021-10-30T00:00:00.000Z,הממלכה המאוחדת,333,99,432
2021-10-30T00:00:00.000Z,מצרים,1441,150,1591
2021-10-30T00:00:00.000Z,דרום אפריקה,23,5,28
2021-10-30T00:00:00.000Z,מולדובה,9,0,9
2021-10-30T00:00:00.000Z,ניגריה,8,0,8
2021-10-30T00:00:00.000Z,צרפת,269,78,347
2021-10-30T00:00:00.000Z,אירלנד,6,1,7
2021-10-30T00:00:00.000Z,ספרד,24,1,25
2021-10-30T00:00:00.000Z,איטליה,331,66,397
2021-10-30T00:00:00.000Z,אוזבקיסטן,4,7,11
2021-10-30T00:00:00.000Z,סלובניה,1,0,1
2021-10-30T00:00:00.000Z,בילורוסיה,1,0,1
2021-10-30T00:00:00.000Z,איסלנד,1,0,1
2021-10-30T00:00:00.000Z,שוויץ,48,9,57
2021-10-30T00:00:00.000Z,אוגנדה,3,0,3
2021-10-30T00:00:00.000Z,מאוריציוס,1,0,1
2021-10-30T00:00:00.000Z,קובה,2,0,2
2021-10-30T00:00:00.000Z,פנמה,2,0,2
2021-10-30T00:00:00.000Z,סינגפור,5,3,8
2021-10-30T00:00:00.000Z,צ'ילה,0,1,1
2021-10-30T00:00:00.000Z,רואנדה,0,1,1
2021-10-30T00:00:00.000Z,ארגנטינה,0,2,2
2021-10-30T00:00:00.000Z,מוזמביק,2,0,2
2021-10-30T00:00:00.000Z,תוניסיה,4,0,4
2021-10-30T00:00:00.000Z,פיליפינים,0,1,1
2021-10-31T00:00:00.000Z,סינגפור,2,1,3
2021-10-31T00:00:00.000Z,בלגיה,75,54,129
2021-10-31T00:00:00.000Z,ארמניה,2,1,3
2021-10-31T00:00:00.000Z,ספרד,490,75,565
2021-10-31T00:00:00.000Z,פנמה,2,0,2
2021-10-31T00:00:00.000Z,מצרים,1222,162,1384
2021-10-31T00:00:00.000Z,אסטוניה,4,0,4
2021-10-31T00:00:00.000Z,אוקראינה,311,100,411
2021-10-31T00:00:00.000Z,קזחסטאן,1,2,3
2021-10-31T00:00:00.000Z,אוזבקיסטן,3,4,7
2021-10-31T00:00:00.000Z,מלדיבים,21,1,22
2021-10-31T00:00:00.000Z,עירק,1,6,7
2021-10-31T00:00:00.000Z,בולגריה,127,5,132
2021-10-31T00:00:00.000Z,מקדוניה,2,0,2
2021-10-31T00:00:00.000Z,פינלנד,2,4,6
2021-10-31T00:00:00.000Z,ניגריה,1,0,1
2021-10-31T00:00:00.000Z,קוריאה הדרומית,4,19,23
2021-10-31T00:00:00.000Z,גויאנה הצרפתית,1,0,1
2021-10-31T00:00:00.000Z,קנדה,63,71,134
2021-10-31T00:00:00.000Z,אוסטריה,521,48,569
2021-10-31T00:00:00.000Z,קרואטיה,2,1,3
2021-10-31T00:00:00.000Z,לטביה,1,0,1
2021-10-31T00:00:00.000Z,יפן,3,5,8
2021-10-31T00:00:00.000Z,אזרביג'אן,55,17,72
2021-10-31T00:00:00.000Z,גווטאמלה,2,1,3
2021-10-31T00:00:00.000Z,מיאנמר (בורמה),0,1,1
2021-10-31T00:00:00.000Z,איטליה,919,116,1035
2021-10-31T00:00:00.000Z,גרמניה,543,161,704
2021-10-31T00:00:00.000Z,רוסיה,169,164,333
2021-10-31T00:00:00.000Z,איחוד האמירויות הערב,682,125,807
2021-10-31T00:00:00.000Z,הרפ הדומיניקנית,0,1,1
2021-10-31T00:00:00.000Z,אוגנדה,5,0,5
2021-10-31T00:00:00.000Z,נורבגיה,0,2,2
2021-10-31T00:00:00.000Z,סרי לנקה (צילון),5,5,10
2021-10-31T00:00:00.000Z,מולדובה,101,47,148
2021-10-31T00:00:00.000Z,פורטוגל,143,12,155
2021-10-31T00:00:00.000Z,כלל המדינות,15568,6566,22134
2021-10-31T00:00:00.000Z,תוניסיה,0,1,1
2021-10-31T00:00:00.000Z,פולינזיה הצרפתית,2,0,2
2021-10-31T00:00:00.000Z,איי טורקס וקייקוס,7,0,7
2021-10-31T00:00:00.000Z,צרפת,598,2592,3190
2021-10-31T00:00:00.000Z,אנגולה,4,1,5
2021-10-31T00:00:00.000Z,סלובניה,3,0,3
2021-10-31T00:00:00.000Z,ברזיל,9,12,21
2021-10-31T00:00:00.000Z,סין,0,6,6
2021-10-31T00:00:00.000Z,קפריסין,607,52,659
2021-10-31T00:00:00.000Z,איי גילברט ואליס,0,2,2
2021-10-31T00:00:00.000Z,מקסיקו,2,0,2
2021-10-31T00:00:00.000Z,בילורוסיה,96,30,126
2021-10-31T00:00:00.000Z,אורגוואי,1,2,3
2021-10-31T00:00:00.000Z,קוסטה ריקה,4,3,7
2021-10-31T00:00:00.000Z,הודו,16,10,26
2021-10-31T00:00:00.000Z,גויאנה,0,1,1
2021-10-31T00:00:00.000Z,גמביה,0,8,8
2021-10-31T00:00:00.000Z,הונגריה,880,57,937
2021-10-31T00:00:00.000Z,רומניה,159,6,165
2021-10-31T00:00:00.000Z,ירדן,325,52,377
2021-10-31T00:00:00.000Z,שוויץ,262,111,373
2021-10-31T00:00:00.000Z,הממלכה המאוחדת,570,212,782
2021-10-31T00:00:00.000Z,טנזניה,0,1,1
2021-10-31T00:00:00.000Z,יוון,806,53,859
2021-10-31T00:00:00.000Z,תורכיה,1429,380,1809
2021-10-31T00:00:00.000Z,אלבניה,2,0,2
2021-10-31T00:00:00.000Z,ארגנטינה,17,2,19
2021-10-31T00:00:00.000Z,ליטא,69,11,80
2021-10-31T00:00:00.000Z,מלטה,3,0,3
2021-10-31T00:00:00.000Z,הולנד,393,47,440
2021-10-31T00:00:00.000Z,מרוקו,82,9,91
2021-10-31T00:00:00.000Z,צכיה,448,24,472
2021-10-31T00:00:00.000Z,גאורגיה,971,69,1040
2021-10-31T00:00:00.000Z,רואנדה,0,4,4
2021-10-31T00:00:00.000Z,דנמרק,60,22,82
2021-10-31T00:00:00.000Z,איסלנד,0,3,3
2021-10-31T00:00:00.000Z,מלזיה,1,0,1
2021-10-31T00:00:00.000Z,אירלנד,9,3,12
2021-10-31T00:00:00.000Z,סרביה,5,0,5
2021-10-31T00:00:00.000Z,גבון,1,0,1
2021-10-31T00:00:00.000Z,טובלו,0,1,1
2021-10-31T00:00:00.000Z,בוליביה,2,0,2
2021-10-31T00:00:00.000Z,בחריין,4,0,4
2021-10-31T00:00:00.000Z,תורכמניסטאן,2,0,2
2021-10-31T00:00:00.000Z,דרום אפריקה,1,5,6
2021-10-31T00:00:00.000Z,פיליפינים,1,2,3
2021-10-31T00:00:00.000Z,שוודיה,15,27,42
2021-10-31T00:00:00.000Z,מאוריציוס,3,0,3
2021-10-31T00:00:00.000Z,פולין,218,36,254
2021-10-31T00:00:00.000Z,זמביה,0,1,1
2021-10-31T00:00:00.000Z,קניה,1,0,1
2021-10-31T00:00:00.000Z,פרו,3,3,6
2021-10-31T00:00:00.000Z,מונטנגרו,94,4,98
2021-10-31T00:00:00.000Z,נפאל,6,3,9
2021-10-31T00:00:00.000Z,אפגניסטן,0,1,1
2021-10-31T00:00:00.000Z,ארצות הברית,786,634,1420
2021-10-31T00:00:00.000Z,קמרון,1,0,1
2021-10-31T00:00:00.000Z,צ'ילה,1,0,1
2021-10-31T00:00:00.000Z,לוכסמבורג,3,0,3
2021-10-31T00:00:00.000Z,קולומביה,1,1,2
2021-10-31T00:00:00.000Z,אוסטרליה,2,5,7
2021-10-31T00:00:00.000Z,עומן,0,1,1
2021-10-31T00:00:00.000Z,גאנה,0,1,1
2021-10-31T00:00:00.000Z,תאילנד,6,0,6
2021-11-01T00:00:00.000Z,ליטא,2,1,3
2021-11-01T00:00:00.000Z,יוון,717,39,756
2021-11-01T00:00:00.000Z,איחוד האמירויות הערב,413,62,475
2021-11-01T00:00:00.000Z,רוסיה,213,376,589
2021-11-01T00:00:00.000Z,ארצות הברית,1121,1024,2145
2021-11-01T00:00:00.000Z,תורכמניסטאן,4,1,5
2021-11-01T00:00:00.000Z,פולין,263,36,299
2021-11-01T00:00:00.000Z,תאילנד,2,1,3
2021-11-01T00:00:00.000Z,ערב הסעודית,2,0,2
2021-11-01T00:00:00.000Z,אלבניה,3,1,4
2021-11-01T00:00:00.000Z,מלטה,0,1,1
2021-11-01T00:00:00.000Z,דנמרק,12,6,18
2021-11-01T00:00:00.000Z,כלל המדינות,13748,5308,19056
2021-11-01T00:00:00.000Z,סרי לנקה (צילון),2,2,4
2021-11-01T00:00:00.000Z,בחריין,62,2,64
2021-11-01T00:00:00.000Z,קוריאה הדרומית,1,1,2
2021-11-01T00:00:00.000Z,קוסטה ריקה,3,0,3
2021-11-01T00:00:00.000Z,שוודיה,7,23,30
2021-11-01T00:00:00.000Z,נורבגיה,3,0,3
2021-11-01T00:00:00.000Z,דרום סודאן,0,1,1
2021-11-01T00:00:00.000Z,פרו,4,0,4
2021-11-01T00:00:00.000Z,הולנד,309,70,379
2021-11-01T00:00:00.000Z,הממלכה המאוחדת,866,349,1215
2021-11-01T00:00:00.000Z,יפן,0,26,26
2021-11-01T00:00:00.000Z,מצרים,543,71,614
2021-11-01T00:00:00.000Z,פינלנד,3,25,28
2021-11-01T00:00:00.000Z,קוסובו,0,1,1
2021-11-01T00:00:00.000Z,קפריסין,382,73,455
2021-11-01T00:00:00.000Z,הודו,68,72,140
2021-11-01T00:00:00.000Z,טנזניה,0,1,1
2021-11-01T00:00:00.000Z,קזחסטאן,1,1,2
2021-11-01T00:00:00.000Z,הונגריה,632,76,708
2021-11-01T00:00:00.000Z,מקסיקו,14,19,33
2021-11-01T00:00:00.000Z,איטליה,760,128,888
2021-11-01T00:00:00.000Z,בלגיה,184,198,382
2021-11-01T00:00:00.000Z,תימן,1,0,1
2021-11-01T00:00:00.000Z,גאנה,1,1,2
2021-11-01T00:00:00.000Z,רואנדה,0,1,1
2021-11-01T00:00:00.000Z,מוזמביק,1,0,1
2021-11-01T00:00:00.000Z,פנמה,1,4,5
2021-11-01T00:00:00.000Z,גרמניה,533,249,782
2021-11-01T00:00:00.000Z,טרינידד וטובגו,2,0,2
2021-11-01T00:00:00.000Z,אתיופיה,16,22,38
2021-11-01T00:00:00.000Z,בולגריה,246,61,307
2021-11-01T00:00:00.000Z,מקדוניה,1,1,2
2021-11-01T00:00:00.000Z,זמביה,1,0,1
2021-11-01T00:00:00.000Z,אוסטרליה,5,5,10
2021-11-01T00:00:00.000Z,אנגולה,3,0,3
2021-11-01T00:00:00.000Z,גויאנה הצרפתית,1,0,1
2021-11-01T00:00:00.000Z,סלובניה,0,1,1
2021-11-01T00:00:00.000Z,אירלנד,7,9,16
2021-11-01T00:00:00.000Z,אנדורה,1,5,6
2021-11-01T00:00:00.000Z,קנדה,79,85,164
2021-11-01T00:00:00.000Z,אורגוואי,1,2,3
2021-11-01T00:00:00.000Z,זימבאבווה,0,1,1
2021-11-01T00:00:00.000Z,צרפת,737,435,1172
2021-11-01T00:00:00.000Z,פורטוגל,127,25,152
2021-11-01T00:00:00.000Z,קטר,1,0,1
2021-11-01T00:00:00.000Z,צ'ילה,0,1,1
2021-11-01T00:00:00.000Z,מלדיבים,18,2,20
2021-11-01T00:00:00.000Z,ברזיל,15,4,19
2021-11-01T00:00:00.000Z,אקואדור,0,2,2
2021-11-01T00:00:00.000Z,סרביה,11,1,12
2021-11-01T00:00:00.000Z,קולומביה,4,8,12
2021-11-01T00:00:00.000Z,הרפ הדומיניקנית,2,0,2
2021-11-01T00:00:00.000Z,ארמניה,3,5,8
2021-11-01T00:00:00.000Z,תורכיה,1353,396,1749
2021-11-01T00:00:00.000Z,איסלנד,5,0,5
2021-11-01T00:00:00.000Z,קניה,9,29,38
2021-11-01T00:00:00.000Z,הונדורס,1,0,1
2021-11-01T00:00:00.000Z,אוקראינה,514,223,737
2021-11-01T00:00:00.000Z,קרואטיה,7,0,7
2021-11-01T00:00:00.000Z,דרום אפריקה,7,13,20
2021-11-01T00:00:00.000Z,אוגנדה,2,1,3
2021-11-01T00:00:00.000Z,אזרביג'אן,52,2,54
2021-11-01T00:00:00.000Z,אוזבקיסטן,6,5,11
2021-11-01T00:00:00.000Z,לטביה,0,1,1
2021-11-01T00:00:00.000Z,ניגריה,2,3,5
2021-11-01T00:00:00.000Z,גאורגיה,475,29,504
2021-11-01T00:00:00.000Z,צכיה,539,21,560
2021-11-01T00:00:00.000Z,אוסטריה,640,62,702
2021-11-01T00:00:00.000Z,פיליפינים,1,1,2
2021-11-01T00:00:00.000Z,ספרד,406,72,478
2021-11-01T00:00:00.000Z,אסטוניה,0,1,1
2021-11-01T00:00:00.000Z,נמיביה,1,2,3
2021-11-01T00:00:00.000Z,איי פאלקלנד,1,0,1
2021-11-01T00:00:00.000Z,מרוקו,105,7,112
2021-11-01T00:00:00.000Z,שוויץ,134,119,253
2021-11-01T00:00:00.000Z,תוניסיה,5,2,7
2021-11-01T00:00:00.000Z,ירדן,28,22,50
2021-11-01T00:00:00.000Z,רומניה,247,21,268
2021-11-02T00:00:00.000Z,פינלנד,11,11,22
2021-11-02T00:00:00.000Z,קולומביה,5,11,16
2021-11-02T00:00:00.000Z,בילורוסיה,6,1,7
2021-11-02T00:00:00.000Z,סינגפור,0,2,2
2021-11-02T00:00:00.000Z,גאנה,2,3,5
2021-11-02T00:00:00.000Z,צכיה,352,15,367
2021-11-02T00:00:00.000Z,ברזיל,11,9,20
2021-11-02T00:00:00.000Z,אזרביג'אן,1,0,1
2021-11-02T00:00:00.000Z,גאורגיה,143,25,168
2021-11-02T00:00:00.000Z,עומן,0,1,1
2021-11-02T00:00:00.000Z,קפריסין,144,24,168
2021-11-02T00:00:00.000Z,פנמה,2,0,2
2021-11-02T00:00:00.000Z,הונגריה,326,49,375
2021-11-02T00:00:00.000Z,ערב הסעודית,0,2,2
2021-11-02T00:00:00.000Z,קוריאה הדרומית,1,0,1
2021-11-02T00:00:00.000Z,ארמניה,2,0,2
2021-11-02T00:00:00.000Z,אתיופיה,14,11,25
2021-11-02T00:00:00.000Z,איטליה,374,82,456
2021-11-02T00:00:00.000Z,מקסיקו,3,8,11
2021-11-02T00:00:00.000Z,כלל המדינות,9282,5095,14377
2021-11-02T00:00:00.000Z,קוסובו,1,0,1
2021-11-02T00:00:00.000Z,אוסטריה,422,57,479
2021-11-02T00:00:00.000Z,בוסניה הרצגובינה,1,0,1
2021-11-02T00:00:00.000Z,רוסיה,107,106,213
2021-11-02T00:00:00.000Z,אירלנד,8,5,13
2021-11-02T00:00:00.000Z,דרום אפריקה,13,28,41
2021-11-02T00:00:00.000Z,הממלכה המאוחדת,488,227,715
2021-11-02T00:00:00.000Z,גרמניה,384,232,616
2021-11-02T00:00:00.000Z,מולדובה,4,8,12
2021-11-02T00:00:00.000Z,מקדוניה,1,0,1
2021-11-02T00:00:00.000Z,הולנד,364,108,472
2021-11-02T00:00:00.000Z,ירדן,39,141,180
2021-11-02T00:00:00.000Z,ליטא,32,40,72
2021-11-02T00:00:00.000Z,אוגנדה,2,32,34
2021-11-02T00:00:00.000Z,הודו,8,16,24
2021-11-02T00:00:00.000Z,שוודיה,10,14,24
2021-11-02T00:00:00.000Z,אוזבקיסטן,74,65,139
2021-11-02T00:00:00.000Z,יוון,239,54,293
2021-11-02T00:00:00.000Z,נורבגיה,3,4,7
2021-11-02T00:00:00.000Z,תימן,1,0,1
2021-11-02T00:00:00.000Z,דרום סודאן,1,0,1
2021-11-02T00:00:00.000Z,צ'ילה,3,6,9
2021-11-02T00:00:00.000Z,יפן,2,0,2
2021-11-02T00:00:00.000Z,בלגיה,198,93,291
2021-11-02T00:00:00.000Z,צרפת,749,590,1339
2021-11-02T00:00:00.000Z,טרינידד וטובגו,1,0,1
2021-11-02T00:00:00.000Z,מלטה,3,1,4
2021-11-02T00:00:00.000Z,דנמרק,9,7,16
2021-11-02T00:00:00.000Z,ארגנטינה,10,9,19
2021-11-02T00:00:00.000Z,מלדיבים,4,2,6
2021-11-02T00:00:00.000Z,טנזניה,2,0,2
2021-11-02T00:00:00.000Z,אוסטרליה,1,2,3
2021-11-02T00:00:00.000Z,סרי לנקה (צילון),2,1,3
2021-11-02T00:00:00.000Z,ארצות הברית,1258,1119,2377
2021-11-02T00:00:00.000Z,מצרים,197,43,240
2021-11-02T00:00:00.000Z,איי טורקס וקייקוס,2,0,2
2021-11-02T00:00:00.000Z,לטביה,15,19,34
2021-11-02T00:00:00.000Z,מרוקו,132,5,137
2021-11-02T00:00:00.000Z,רומניה,129,71,200
2021-11-02T00:00:00.000Z,מאלי,1,0,1
2021-11-02T00:00:00.000Z,תורכיה,1295,523,1818
2021-11-02T00:00:00.000Z,פורטוגל,10,3,13
2021-11-02T00:00:00.000Z,סרביה,2,2,4
2021-11-02T00:00:00.000Z,פרו,5,2,7
2021-11-02T00:00:00.000Z,קטר,0,1,1
2021-11-02T00:00:00.000Z,איי קייפ וורדה,0,3,3
2021-11-02T00:00:00.000Z,אוקראינה,66,66,132
2021-11-02T00:00:00.000Z,גויאנה הצרפתית,1,0,1
2021-11-02T00:00:00.000Z,שוויץ,62,23,85
2021-11-02T00:00:00.000Z,תוניסיה,2,0,2
2021-11-02T00:00:00.000Z,אסטוניה,2,1,3
2021-11-02T00:00:00.000Z,סלובניה,0,2,2
2021-11-02T00:00:00.000Z,תאילנד,61,201,262
2021-11-02T00:00:00.000Z,סלובקיה,3,0,3
2021-11-02T00:00:00.000Z,מאוריציוס,1,0,1
2021-11-02T00:00:00.000Z,קנדה,59,108,167
2021-11-02T00:00:00.000Z,בוטן,2,7,9
2021-11-02T00:00:00.000Z,קזחסטאן,0,5,5
2021-11-02T00:00:00.000Z,פולין,188,52,240
2021-11-02T00:00:00.000Z,בולגריה,0,6,6
2021-11-02T00:00:00.000Z,ספרד,233,64,297
2021-11-02T00:00:00.000Z,אנטיגואה וברבודה,1,1,2
2021-11-02T00:00:00.000Z,איחוד האמירויות הערב,271,45,316
2021-11-02T00:00:00.000Z,קניה,4,27,31
2021-11-02T00:00:00.000Z,איסלנד,1,0,1
2021-11-02T00:00:00.000Z,מונטנגרו,0,1,1
2021-11-02T00:00:00.000Z,אלבניה,1,0,1
2021-11-02T00:00:00.000Z,לוכסמבורג,1,1,2
2021-11-03T00:00:00.000Z,מצרים,237,59,296
2021-11-03T00:00:00.000Z,איסלנד,3,2,5
2021-11-03T00:00:00.000Z,סלובניה,0,2,2
2021-11-03T00:00:00.000Z,ארצות הברית,945,891,1836
2021-11-03T00:00:00.000Z,ארמניה,1,0,1
2021-11-03T00:00:00.000Z,גאורגיה,45,13,58
2021-11-03T00:00:00.000Z,פינלנד,7,3,10
2021-11-03T00:00:00.000Z,אוקראינה,343,241,584
2021-11-03T00:00:00.000Z,הממלכה המאוחדת,513,259,772
2021-11-03T00:00:00.000Z,ליטא,1,0,1
2021-11-03T00:00:00.000Z,כלל המדינות,7436,4440,11876
2021-11-03T00:00:00.000Z,ויטנאם,1,0,1
2021-11-03T00:00:00.000Z,מולדובה,1,0,1
2021-11-03T00:00:00.000Z,סנגל,1,0,1
2021-11-03T00:00:00.000Z,פורטוגל,13,2,15
2021-11-03T00:00:00.000Z,אתיופיה,15,10,25
2021-11-03T00:00:00.000Z,זמביה,4,0,4
2021-11-03T00:00:00.000Z,ספרד,170,54,224
2021-11-03T00:00:00.000Z,פולין,63,13,76
2021-11-03T00:00:00.000Z,פיליפינים,0,3,3
2021-11-03T00:00:00.000Z,קנדה,66,107,173
2021-11-03T00:00:00.000Z,סרביה,12,7,19
2021-11-03T00:00:00.000Z,אוסטריה,143,56,199
2021-11-03T00:00:00.000Z,בוטן,1,0,1
2021-11-03T00:00:00.000Z,תימן,1,0,1
2021-11-03T00:00:00.000Z,שוודיה,6,13,19
2021-11-03T00:00:00.000Z,דרום אפריקה,14,5,19
2021-11-03T00:00:00.000Z,הרפ הדומיניקנית,0,1,1
2021-11-03T00:00:00.000Z,דנמרק,9,1,10
2021-11-03T00:00:00.000Z,תאילנד,3,1,4
2021-11-03T00:00:00.000Z,נורבגיה,4,4,8
2021-11-03T00:00:00.000Z,יפן,1,1,2
2021-11-03T00:00:00.000Z,איי סיישל,67,2,69
2021-11-03T00:00:00.000Z,לוכסמבורג,1,0,1
2021-11-03T00:00:00.000Z,פנמה,0,4,4
2021-11-03T00:00:00.000Z,קוריאה הדרומית,4,3,7
2021-11-03T00:00:00.000Z,יוון,141,45,186
2021-11-03T00:00:00.000Z,קניה,6,51,57
2021-11-03T00:00:00.000Z,אנגולה,1,0,1
2021-11-03T00:00:00.000Z,סין,1,15,16
2021-11-03T00:00:00.000Z,ארגנטינה,9,7,16
2021-11-03T00:00:00.000Z,הונגריה,179,47,226
2021-11-03T00:00:00.000Z,קוסטה ריקה,6,5,11
2021-11-03T00:00:00.000Z,קירג'זסטאן,1,0,1
2021-11-03T00:00:00.000Z,סרי לנקה (צילון),3,11,14
2021-11-03T00:00:00.000Z,מרוקו,50,11,61
2021-11-03T00:00:00.000Z,אוזבקיסטן,12,14,26
2021-11-03T00:00:00.000Z,קוסובו,1,0,1
2021-11-03T00:00:00.000Z,בוטסואנה,1,1,2
2021-11-03T00:00:00.000Z,ברזיל,6,10,16
2021-11-03T00:00:00.000Z,איחוד האמירויות הערב,265,76,341
2021-11-03T00:00:00.000Z,אקואדור,4,5,9
2021-11-03T00:00:00.000Z,צרפת,538,493,1031
2021-11-03T00:00:00.000Z,פרו,3,5,8
2021-11-03T00:00:00.000Z,אוסטרליה,0,28,28
2021-11-03T00:00:00.000Z,קפריסין,227,43,270
2021-11-03T00:00:00.000Z,רוסיה,128,146,274
2021-11-03T00:00:00.000Z,פרגוואי,0,1,1
2021-11-03T00:00:00.000Z,בוסניה הרצגובינה,6,1,7
2021-11-03T00:00:00.000Z,קולומביה,2,6,8
2021-11-03T00:00:00.000Z,מלטה,4,15,19
2021-11-03T00:00:00.000Z,שוויץ,100,67,167
2021-11-03T00:00:00.000Z,ירדן,101,30,131
2021-11-03T00:00:00.000Z,בלגיה,25,22,47
2021-11-03T00:00:00.000Z,אסטוניה,2,2,4
2021-11-03T00:00:00.000Z,מאוריציוס,2,0,2
2021-11-03T00:00:00.000Z,אורגוואי,1,0,1
2021-11-03T00:00:00.000Z,בילורוסיה,3,0,3
2021-11-03T00:00:00.000Z,מלדיבים,22,9,31
2021-11-03T00:00:00.000Z,סלובקיה,0,1,1
2021-11-03T00:00:00.000Z,בולגריה,80,29,109
2021-11-03T00:00:00.000Z,קרואטיה,8,0,8
2021-11-03T00:00:00.000Z,רומניה,85,26,111
2021-11-03T00:00:00.000Z,הודו,22,2,24
2021-11-03T00:00:00.000Z,אוגנדה,2,2,4
2021-11-03T00:00:00.000Z,הולנד,81,44,125
2021-11-03T00:00:00.000Z,אנדורה,1,0,1
2021-11-03T00:00:00.000Z,איטליה,390,138,528
2021-11-03T00:00:00.000Z,תורכיה,838,313,1151
2021-11-03T00:00:00.000Z,ונצואלה,0,3,3
2021-11-03T00:00:00.000Z,מונטנגרו,67,2,69
2021-11-03T00:00:00.000Z,אזרביג'אן,1,0,1
2021-11-03T00:00:00.000Z,צ'ילה,0,1,1
2021-11-03T00:00:00.000Z,לטביה,0,1,1
2021-11-03T00:00:00.000Z,גאנה,4,0,4
2021-11-03T00:00:00.000Z,צכיה,173,25,198
2021-11-03T00:00:00.000Z,אירלנד,8,6,14
2021-11-03T00:00:00.000Z,מקסיקו,9,5,14
2021-11-03T00:00:00.000Z,טנזניה,137,6,143
2021-11-03T00:00:00.000Z,סינגפור,1,9,10
2021-11-03T00:00:00.000Z,איי גילברט ואליס,1,0,1
2021-11-03T00:00:00.000Z,גרמניה,291,207,498
2021-11-03T00:00:00.000Z,זימבאבווה,4,0,4
2021-11-03T00:00:00.000Z,ניגריה,8,1,9
2021-11-04T00:00:00.000Z,מונטנגרו,68,2,70
2021-11-04T00:00:00.000Z,ארמניה,1,0,1
2021-11-04T00:00:00.000Z,הממלכה המאוחדת,476,365,841
2021-11-04T00:00:00.000Z,איחוד האמירויות הערב,581,66,647
2021-11-04T00:00:00.000Z,אוקראינה,209,218,427
2021-11-04T00:00:00.000Z,דרום אפריקה,30,22,52
2021-11-04T00:00:00.000Z,עירק,0,1,1
2021-11-04T00:00:00.000Z,ספרד,268,45,313
2021-11-04T00:00:00.000Z,קזחסטאן,1,1,2
2021-11-04T00:00:00.000Z,גויאנה הצרפתית,1,0,1
2021-11-04T00:00:00.000Z,סינגפור,0,1,1
2021-11-04T00:00:00.000Z,יוון,273,36,309
2021-11-04T00:00:00.000Z,גאורגיה,617,80,697
2021-11-04T00:00:00.000Z,קירג'זסטאן,2,2,4
2021-11-04T00:00:00.000Z,ניו זילנד,0,2,2
2021-11-04T00:00:00.000Z,קולומביה,3,5,8
2021-11-04T00:00:00.000Z,יפן,0,2,2
2021-11-04T00:00:00.000Z,בילורוסיה,75,39,114
2021-11-04T00:00:00.000Z,מלטה,1,0,1
2021-11-04T00:00:00.000Z,מקסיקו,13,18,31
2021-11-04T00:00:00.000Z,בלגיה,57,88,145
2021-11-04T00:00:00.000Z,ונצואלה,1,1,2
2021-11-04T00:00:00.000Z,טוגו,1,0,1
2021-11-04T00:00:00.000Z,מולדובה,60,48,108
2021-11-04T00:00:00.000Z,ארגנטינה,4,35,39
2021-11-04T00:00:00.000Z,פורטו ריקו,0,3,3
2021-11-04T00:00:00.000Z,אנגולה,4,0,4
2021-11-04T00:00:00.000Z,גרמניה,350,190,540
2021-11-04T00:00:00.000Z,אלבניה,3,1,4
2021-11-04T00:00:00.000Z,רוסיה,155,185,340
2021-11-04T00:00:00.000Z,אוסטריה,322,67,389
2021-11-04T00:00:00.000Z,פיליפינים,2,16,18
2021-11-04T00:00:00.000Z,לוכסמבורג,0,2,2
2021-11-04T00:00:00.000Z,פורטוגל,277,27,304
2021-11-04T00:00:00.000Z,נמיביה,22,0,22
2021-11-04T00:00:00.000Z,סרי לנקה (צילון),2,2,4
2021-11-04T00:00:00.000Z,סין,5,18,23
2021-11-04T00:00:00.000Z,גיברלטר,1,0,1
2021-11-04T00:00:00.000Z,שוויץ,92,38,130
2021-11-04T00:00:00.000Z,תאילנד,3,0,3
2021-11-04T00:00:00.000Z,הודו,28,6,34
2021-11-04T00:00:00.000Z,מרוקו,173,8,181
2021-11-04T00:00:00.000Z,תוניסיה,0,1,1
2021-11-04T00:00:00.000Z,קוסטה ריקה,4,1,5
2021-11-04T00:00:00.000Z,סרביה,8,4,12
2021-11-04T00:00:00.000Z,ארצות הברית,1024,998,2022
2021-11-04T00:00:00.000Z,קוריאה הדרומית,8,2,10
2021-11-04T00:00:00.000Z,נפאל,1,0,1
2021-11-04T00:00:00.000Z,קניה,16,1,17
2021-11-04T00:00:00.000Z,מלאווי,1,0,1
2021-11-04T00:00:00.000Z,אזרביג'אן,59,4,63
2021-11-04T00:00:00.000Z,הולנד,331,147,478
2021-11-04T00:00:00.000Z,תורכיה,1202,469,1671
2021-11-04T00:00:00.000Z,גבון,1,0,1
2021-11-04T00:00:00.000Z,איסלנד,1,0,1
2021-11-04T00:00:00.000Z,איי טורקס וקייקוס,4,0,4
2021-11-04T00:00:00.000Z,קטר,2,0,2
2021-11-04T00:00:00.000Z,הונג קונג,3,5,8
2021-11-04T00:00:00.000Z,אירלנד,12,7,19
2021-11-04T00:00:00.000Z,דרום סודאן,0,1,1
2021-11-04T00:00:00.000Z,הרפ הדומיניקנית,0,1,1
2021-11-04T00:00:00.000Z,בחריין,14,10,24
2021-11-04T00:00:00.000Z,רואנדה,1,0,1
2021-11-04T00:00:00.000Z,טג'יקיסטאן,1,0,1
2021-11-04T00:00:00.000Z,ערב הסעודית,2,1,3
2021-11-04T00:00:00.000Z,הונדורס,1,0,1
2021-11-04T00:00:00.000Z,קפריסין,356,71,427
2021-11-04T00:00:00.000Z,אתיופיה,36,25,61
2021-11-04T00:00:00.000Z,פולין,148,49,197
2021-11-04T00:00:00.000Z,גאנה,4,3,7
2021-11-04T00:00:00.000Z,תורכמניסטאן,3,1,4
2021-11-04T00:00:00.000Z,אוגנדה,8,1,9
2021-11-04T00:00:00.000Z,פרו,9,4,13
2021-11-04T00:00:00.000Z,מצרים,261,60,321
2021-11-04T00:00:00.000Z,ירדן,100,40,140
2021-11-04T00:00:00.000Z,סלובקיה,0,2,2
2021-11-04T00:00:00.000Z,גינאה המשוונית,0,1,1
2021-11-04T00:00:00.000Z,צכיה,316,28,344
2021-11-04T00:00:00.000Z,ניגר,1,0,1
2021-11-04T00:00:00.000Z,רומניה,52,16,68
2021-11-04T00:00:00.000Z,בולגריה,75,14,89
2021-11-04T00:00:00.000Z,קנדה,15,20,35
2021-11-04T00:00:00.000Z,סלובניה,1,0,1
2021-11-04T00:00:00.000Z,מקדוניה,2,0,2
2021-11-04T00:00:00.000Z,ברזיל,9,13,22
2021-11-04T00:00:00.000Z,בנין (דהומי),1,13,14
2021-11-04T00:00:00.000Z,קוסובו,1,0,1
2021-11-04T00:00:00.000Z,אסטוניה,1,0,1
2021-11-04T00:00:00.000Z,הונגריה,589,96,685
2021-11-04T00:00:00.000Z,ניגריה,1,1,2
2021-11-04T00:00:00.000Z,כלל המדינות,11586,5339,16925
2021-11-04T00:00:00.000Z,טנזניה,8,1,9
2021-11-04T00:00:00.000Z,איטליה,816,201,1017
2021-11-04T00:00:00.000Z,פנמה,4,4,8
2021-11-04T00:00:00.000Z,מלדיבים,5,4,9
2021-11-04T00:00:00.000Z,בוסניה הרצגובינה,2,0,2
2021-11-04T00:00:00.000Z,אוזבקיסטן,3,9,12
2021-11-04T00:00:00.000Z,דומיניקה,3,0,3
2021-11-04T00:00:00.000Z,פינלנד,11,9,20
2021-11-04T00:00:00.000Z,אקואדור,0,2,2
2021-11-04T00:00:00.000Z,דנמרק,14,18,32
2021-11-04T00:00:00.000Z,זמביה,7,3,10
2021-11-04T00:00:00.000Z,ליטא,36,16,52
2021-11-04T00:00:00.000Z,אוסטרליה,2,9,11
2021-11-04T00:00:00.000Z,צרפת,522,544,1066
2021-11-04T00:00:00.000Z,שוודיה,4,8,12
2021-11-04T00:00:00.000Z,נורבגיה,7,84,91
2021-11-05T00:00:00.000Z,חוף השנהב,2,0,2
2021-11-05T00:00:00.000Z,דרום אפריקה,4,1,5
2021-11-05T00:00:00.000Z,קולומביה,0,3,3
2021-11-05T00:00:00.000Z,טוגו,1,0,1
2021-11-05T00:00:00.000Z,קוריאה הדרומית,2,2,4
2021-11-05T00:00:00.000Z,גווטאמלה,2,0,2
2021-11-05T00:00:00.000Z,קירג'זסטאן,1,0,1
2021-11-05T00:00:00.000Z,תורכיה,1004,332,1336
2021-11-05T00:00:00.000Z,איחוד האמירויות הערב,168,36,204
2021-11-05T00:00:00.000Z,אוגנדה,4,0,4
2021-11-05T00:00:00.000Z,תאילנד,90,12,102
2021-11-05T00:00:00.000Z,ארמניה,1,1,2
2021-11-05T00:00:00.000Z,ויטנאם,1,0,1
2021-11-05T00:00:00.000Z,טנזניה,1,2,3
2021-11-05T00:00:00.000Z,אוסטרליה,1,3,4
2021-11-05T00:00:00.000Z,בילורוסיה,1,1,2
2021-11-05T00:00:00.000Z,קזחסטאן,1,1,2
2021-11-05T00:00:00.000Z,גרמניה,716,309,1025
2021-11-05T00:00:00.000Z,איי טורקס וקייקוס,3,0,3
2021-11-05T00:00:00.000Z,בוסניה הרצגובינה,2,0,2
2021-11-05T00:00:00.000Z,פורטוגל,34,6,40
2021-11-05T00:00:00.000Z,שוויץ,226,119,345
2021-11-05T00:00:00.000Z,רומניה,155,44,199
2021-11-05T00:00:00.000Z,ספרד,375,69,444
2021-11-05T00:00:00.000Z,מקדוניה,1,0,1
2021-11-05T00:00:00.000Z,אקואדור,4,1,5
2021-11-05T00:00:00.000Z,נורבגיה,4,6,10
2021-11-05T00:00:00.000Z,קוסטה ריקה,9,3,12
2021-11-05T00:00:00.000Z,נפאל,1,3,4
2021-11-05T00:00:00.000Z,ארגנטינה,5,3,8
2021-11-05T00:00:00.000Z,פנמה,3,1,4
2021-11-05T00:00:00.000Z,אסטוניה,1,0,1
2021-11-05T00:00:00.000Z,אזרביג'אן,70,4,74
2021-11-05T00:00:00.000Z,לטביה,2,6,8
2021-11-05T00:00:00.000Z,מצרים,220,45,265
2021-11-05T00:00:00.000Z,מלדיבים,4,1,5
2021-11-05T00:00:00.000Z,ונצואלה,0,1,1
2021-11-05T00:00:00.000Z,גמביה,1,0,1
2021-11-05T00:00:00.000Z,פיליפינים,2,1,3
2021-11-05T00:00:00.000Z,גאורגיה,139,21,160
2021-11-05T00:00:00.000Z,בלגיה,92,63,155
2021-11-05T00:00:00.000Z,איי סיישל,2,0,2
2021-11-05T00:00:00.000Z,אירלנד,15,6,21
2021-11-05T00:00:00.000Z,מולדובה,1,0,1
2021-11-05T00:00:00.000Z,ברזיל,11,12,23
2021-11-05T00:00:00.000Z,פרגוואי,1,0,1
2021-11-05T00:00:00.000Z,סינגפור,0,1,1
2021-11-05T00:00:00.000Z,גינאה,5,0,5
2021-11-05T00:00:00.000Z,קנדה,103,109,212
2021-11-05T00:00:00.000Z,איטליה,579,72,651
2021-11-05T00:00:00.000Z,קפריסין,182,49,231
2021-11-05T00:00:00.000Z,יפן,0,3,3
2021-11-05T00:00:00.000Z,סין,1,1,2
2021-11-05T00:00:00.000Z,סרי לנקה (צילון),0,2,2
2021-11-05T00:00:00.000Z,שוודיה,6,7,13
2021-11-05T00:00:00.000Z,הולנד,409,66,475
2021-11-05T00:00:00.000Z,מלטה,3,2,5
2021-11-05T00:00:00.000Z,דנמרק,9,5,14
2021-11-05T00:00:00.000Z,ניגריה,6,1,7
2021-11-05T00:00:00.000Z,יוון,398,47,445
2021-11-05T00:00:00.000Z,צכיה,626,31,657
2021-11-05T00:00:00.000Z,בולגריה,199,21,220
2021-11-05T00:00:00.000Z,אוסטריה,516,93,609
2021-11-05T00:00:00.000Z,ליטא,7,2,9
2021-11-05T00:00:00.000Z,הונגריה,568,57,625
2021-11-05T00:00:00.000Z,לוכסמבורג,5,2,7
2021-11-05T00:00:00.000Z,צרפת,385,290,675
2021-11-05T00:00:00.000Z,ארצות הברית,1208,672,1880
2021-11-05T00:00:00.000Z,אורגוואי,0,1,1
2021-11-05T00:00:00.000Z,ירדן,1,2,3
2021-11-05T00:00:00.000Z,כלל המדינות,10593,3864,14457
2021-11-05T00:00:00.000Z,רוסיה,127,83,210
2021-11-05T00:00:00.000Z,פולין,257,106,363
2021-11-05T00:00:00.000Z,אנגולה,4,0,4
2021-11-05T00:00:00.000Z,טיוואן,0,1,1
2021-11-05T00:00:00.000Z,תורכמניסטאן,1,0,1
2021-11-05T00:00:00.000Z,ערב הסעודית,1,0,1
2021-11-05T00:00:00.000Z,אוזבקיסטן,7,6,13
2021-11-05T00:00:00.000Z,מונטנגרו,4,0,4
2021-11-05T00:00:00.000Z,קניה,3,1,4
2021-11-05T00:00:00.000Z,אוקראינה,281,269,550
2021-11-05T00:00:00.000Z,מקסיקו,8,4,12
2021-11-05T00:00:00.000Z,הודו,24,2,26
2021-11-05T00:00:00.000Z,פרו,1,0,1
2021-11-05T00:00:00.000Z,תוניסיה,1,0,1
2021-11-05T00:00:00.000Z,אלבניה,5,1,6
2021-11-05T00:00:00.000Z,מונקו,0,1,1
2021-11-05T00:00:00.000Z,קרואטיה,1,1,2
2021-11-05T00:00:00.000Z,מרוקו,101,16,117
2021-11-05T00:00:00.000Z,פינלנד,8,4,12
2021-11-05T00:00:00.000Z,הממלכה המאוחדת,490,233,723
2021-11-05T00:00:00.000Z,סרביה,6,4,10
2021-11-06T00:00:00.000Z,הממלכה המאוחדת,385,197,582
2021-11-06T00:00:00.000Z,סינגפור,0,2,2
2021-11-06T00:00:00.000Z,נפאל,3,0,3
2021-11-06T00:00:00.000Z,צרפת,397,324,721
2021-11-06T00:00:00.000Z,הונג קונג,0,196,196
2021-11-06T00:00:00.000Z,ארצות הברית,554,622,1176
2021-11-06T00:00:00.000Z,בלגיה,63,54,117
2021-11-06T00:00:00.000Z,הונגריה,289,22,311
2021-11-06T00:00:00.000Z,ליטא,41,34,75
2021-11-06T00:00:00.000Z,תורכמניסטאן,1,1,2
2021-11-06T00:00:00.000Z,איטליה,1081,120,1201
2021-11-06T00:00:00.000Z,יפן,0,5,5
2021-11-06T00:00:00.000Z,אלבניה,3,0,3
2021-11-06T00:00:00.000Z,קוסטה ריקה,5,0,5
2021-11-06T00:00:00.000Z,אוזבקיסטן,2,9,11
2021-11-06T00:00:00.000Z,אסטוניה,1,4,5
2021-11-06T00:00:00.000Z,גויאנה הצרפתית,1,0,1
2021-11-06T00:00:00.000Z,אזרביג'אן,4,0,4
2021-11-06T00:00:00.000Z,רומניה,209,66,275
2021-11-06T00:00:00.000Z,קנדה,9,11,20
2021-11-06T00:00:00.000Z,מרוקו,1,1,2
2021-11-06T00:00:00.000Z,גרמניה,277,139,416
2021-11-06T00:00:00.000Z,ספרד,234,52,286
2021-11-06T00:00:00.000Z,בוסניה הרצגובינה,1,0,1
2021-11-06T00:00:00.000Z,אוגנדה,9,1,10
2021-11-06T00:00:00.000Z,הודו,17,17,34
2021-11-06T00:00:00.000Z,פורטוגל,123,22,145
2021-11-06T00:00:00.000Z,סרי לנקה (צילון),0,1,1
2021-11-06T00:00:00.000Z,זימבאבווה,1,0,1
2021-11-06T00:00:00.000Z,ארגנטינה,3,1,4
2021-11-06T00:00:00.000Z,יוון,223,24,247
2021-11-06T00:00:00.000Z,תאילנד,3,1,4
2021-11-06T00:00:00.000Z,בחריין,11,2,13
2021-11-06T00:00:00.000Z,צכיה,494,17,511
2021-11-06T00:00:00.000Z,פיליפינים,0,2,2
2021-11-06T00:00:00.000Z,שוודיה,7,9,16
2021-11-06T00:00:00.000Z,רואנדה,1,0,1
2021-11-06T00:00:00.000Z,ויטנאם,0,2,2
2021-11-06T00:00:00.000Z,"קונגו, רפ. דמוק.",1,0,1
2021-11-06T00:00:00.000Z,אוסטריה,204,22,226
2021-11-06T00:00:00.000Z,מלטה,109,5,114
2021-11-06T00:00:00.000Z,גאורגיה,222,31,253
2021-11-06T00:00:00.000Z,מלאווי,0,5,5
2021-11-06T00:00:00.000Z,טנזניה,14,0,14
2021-11-06T00:00:00.000Z,דנמרק,21,11,32
2021-11-06T00:00:00.000Z,ערב הסעודית,1,0,1
2021-11-06T00:00:00.000Z,חוף השנהב,1,0,1
2021-11-06T00:00:00.000Z,פרו,2,0,2
2021-11-06T00:00:00.000Z,פינלנד,13,8,21
2021-11-06T00:00:00.000Z,אוקראינה,126,93,219
2021-11-06T00:00:00.000Z,לטביה,24,26,50
2021-11-06T00:00:00.000Z,מלדיבים,8,0,8
2021-11-06T00:00:00.000Z,סנגל,1,0,1
2021-11-06T00:00:00.000Z,הולנד,223,20,243
2021-11-06T00:00:00.000Z,הרפ הדומיניקנית,0,21,21
2021-11-06T00:00:00.000Z,ארמניה,2,0,2
2021-11-06T00:00:00.000Z,אתיופיה,26,8,34
2021-11-06T00:00:00.000Z,קפריסין,521,51,572
2021-11-06T00:00:00.000Z,קונגו,1,0,1
2021-11-06T00:00:00.000Z,קניה,6,3,9
2021-11-06T00:00:00.000Z,ברזיל,5,5,10
2021-11-06T00:00:00.000Z,ירדן,14,7,21
2021-11-06T00:00:00.000Z,קוריאה הדרומית,0,6,6
2021-11-06T00:00:00.000Z,תורכיה,960,277,1237
2021-11-06T00:00:00.000Z,מוזמביק,3,0,3
2021-11-06T00:00:00.000Z,נורבגיה,10,6,16
2021-11-06T00:00:00.000Z,סרביה,1,1,2
2021-11-06T00:00:00.000Z,אירלנד,13,5,18
2021-11-06T00:00:00.000Z,פולין,187,31,218
2021-11-06T00:00:00.000Z,דרום אפריקה,19,14,33
2021-11-06T00:00:00.000Z,קולומביה,2,8,10
2021-11-06T00:00:00.000Z,קובה,0,2,2
2021-11-06T00:00:00.000Z,כלל המדינות,9072,3230,12302
2021-11-06T00:00:00.000Z,קזחסטאן,2,0,2
2021-11-06T00:00:00.000Z,גאנה,5,2,7
2021-11-06T00:00:00.000Z,תוניסיה,2,0,2
2021-11-06T00:00:00.000Z,איי סיישל,2,0,2
2021-11-06T00:00:00.000Z,זמביה,1,1,2
2021-11-06T00:00:00.000Z,פולינזיה הצרפתית,1,0,1
2021-11-06T00:00:00.000Z,קרואטיה,1,8,9
2021-11-06T00:00:00.000Z,איחוד האמירויות הערב,256,41,297
2021-11-06T00:00:00.000Z,שוויץ,42,21,63
2021-11-06T00:00:00.000Z,צ'ילה,2,0,2
2021-11-06T00:00:00.000Z,פנמה,1,2,3
2021-11-06T00:00:00.000Z,דרום סודאן,1,0,1
2021-11-06T00:00:00.000Z,קמבודיה,0,15,15
2021-11-06T00:00:00.000Z,אל סלבדור,0,2,2
2021-11-06T00:00:00.000Z,סין,0,1,1
2021-11-06T00:00:00.000Z,מקסיקו,5,3,8
2021-11-06T00:00:00.000Z,ניגריה,4,0,4
2021-11-06T00:00:00.000Z,מקדוניה,1,0,1
2021-11-06T00:00:00.000Z,רפ מרכז אפריקנית,1,0,1
2021-11-06T00:00:00.000Z,אוסטרליה,9,0,9
2021-11-06T00:00:00.000Z,בולגריה,6,1,7
2021-11-06T00:00:00.000Z,מצרים,1199,119,1318
2021-11-06T00:00:00.000Z,אורגוואי,1,0,1
2021-11-06T00:00:00.000Z,רוסיה,3,5,8
2021-11-07T00:00:00.000Z,שוודיה,30,32,62
2021-11-07T00:00:00.000Z,קוריאה הדרומית,4,10,14
2021-11-07T00:00:00.000Z,מאלי,0,1,1
2021-11-07T00:00:00.000Z,מצרים,1028,146,1174
2021-11-07T00:00:00.000Z,קנדה,55,94,149
2021-11-07T00:00:00.000Z,איי טורקס וקייקוס,3,0,3
2021-11-07T00:00:00.000Z,בילורוסיה,106,65,171
2021-11-07T00:00:00.000Z,פיליפינים,0,9,9
2021-11-07T00:00:00.000Z,בלגיה,53,63,116
2021-11-07T00:00:00.000Z,אקואדור,1,0,1
2021-11-07T00:00:00.000Z,בוליביה,1,2,3
2021-11-07T00:00:00.000Z,אוסטרליה,7,12,19
2021-11-07T00:00:00.000Z,ארגנטינה,5,5,10
2021-11-07T00:00:00.000Z,אפגניסטן,1,0,1
2021-11-07T00:00:00.000Z,הרפ הדומיניקנית,7,5,12
2021-11-07T00:00:00.000Z,פולינזיה הצרפתית,1,0,1
2021-11-07T00:00:00.000Z,רוסיה,125,105,230
2021-11-07T00:00:00.000Z,קרואטיה,2,4,6
2021-11-07T00:00:00.000Z,ברזיל,12,14,26
2021-11-07T00:00:00.000Z,סינגפור,3,6,9
2021-11-07T00:00:00.000Z,צכיה,876,28,904
2021-11-07T00:00:00.000Z,גאורגיה,657,42,699
2021-11-07T00:00:00.000Z,טוגו,1,0,1
2021-11-07T00:00:00.000Z,בנין (דהומי),0,2,2
2021-11-07T00:00:00.000Z,מרוקו,59,10,69
2021-11-07T00:00:00.000Z,תורכיה,1652,447,2099
2021-11-07T00:00:00.000Z,קמרון,2,0,2
2021-11-07T00:00:00.000Z,צרפת,701,514,1215
2021-11-07T00:00:00.000Z,נורבגיה,3,13,16
2021-11-07T00:00:00.000Z,טנזניה,3,0,3
2021-11-07T00:00:00.000Z,בליז,1,0,1
2021-11-07T00:00:00.000Z,לוכסמבורג,0,2,2
2021-11-07T00:00:00.000Z,בוסניה הרצגובינה,2,0,2
2021-11-07T00:00:00.000Z,קמבודיה,0,1,1
2021-11-07T00:00:00.000Z,ונצואלה,0,1,1
2021-11-07T00:00:00.000Z,קוסטה ריקה,2,3,5
2021-11-07T00:00:00.000Z,אוסטריה,385,62,447
2021-11-07T00:00:00.000Z,גרמניה,475,254,729
2021-11-07T00:00:00.000Z,פרו,2,1,3
2021-11-07T00:00:00.000Z,איסלנד,1,2,3
2021-11-07T00:00:00.000Z,ויטנאם,4,0,4
2021-11-07T00:00:00.000Z,פורטוגל,80,23,103
2021-11-07T00:00:00.000Z,מקסיקו,7,5,12
2021-11-07T00:00:00.000Z,מונטנגרו,83,4,87
2021-11-07T00:00:00.000Z,הודו,2,10,12
2021-11-07T00:00:00.000Z,ניגריה,2,5,7
2021-11-07T00:00:00.000Z,בולגריה,116,8,124
2021-11-07T00:00:00.000Z,כלל המדינות,15689,5186,20875
2021-11-07T00:00:00.000Z,לבנון,0,1,1
2021-11-07T00:00:00.000Z,אסטוניה,0,5,5
2021-11-07T00:00:00.000Z,מקאו,1,0,1
2021-11-07T00:00:00.000Z,צ'ילה,2,0,2
2021-11-07T00:00:00.000Z,ארצות הברית,632,711,1343
2021-11-07T00:00:00.000Z,פינלנד,2,0,2
2021-11-07T00:00:00.000Z,פורטו ריקו,0,10,10
2021-11-07T00:00:00.000Z,אנגולה,4,0,4
2021-11-07T00:00:00.000Z,טיוואן,0,2,2
2021-11-07T00:00:00.000Z,אירלנד,6,5,11
2021-11-07T00:00:00.000Z,איי סיישל,4,0,4
2021-11-07T00:00:00.000Z,הונגריה,811,73,884
2021-11-07T00:00:00.000Z,יוון,704,51,755
2021-11-07T00:00:00.000Z,ספרד,589,154,743
2021-11-07T00:00:00.000Z,רואנדה,1,0,1
2021-11-07T00:00:00.000Z,קוסובו,1,0,1
2021-11-07T00:00:00.000Z,אוגנדה,4,1,5
2021-11-07T00:00:00.000Z,קפריסין,657,76,733
2021-11-07T00:00:00.000Z,אנדורה,0,1,1
2021-11-07T00:00:00.000Z,תאילנד,4,1,5
2021-11-07T00:00:00.000Z,מלדיבים,14,2,16
2021-11-07T00:00:00.000Z,מולדובה,50,41,91
2021-11-07T00:00:00.000Z,תורכמניסטאן,5,1,6
2021-11-07T00:00:00.000Z,סלובקיה,0,10,10
2021-11-07T00:00:00.000Z,עומן,2,1,3
2021-11-07T00:00:00.000Z,אורגוואי,4,5,9
2021-11-07T00:00:00.000Z,יפן,1,1,2
2021-11-07T00:00:00.000Z,שוויץ,274,164,438
2021-11-07T00:00:00.000Z,מאוריציוס,1,1,2
2021-11-07T00:00:00.000Z,סרי לנקה (צילון),5,1,6
2021-11-07T00:00:00.000Z,אתיופיה,14,34,48
2021-11-07T00:00:00.000Z,איחוד האמירויות הערב,735,104,839
2021-11-07T00:00:00.000Z,דרום אפריקה,6,7,13
2021-11-07T00:00:00.000Z,חוף השנהב,3,0,3
2021-11-07T00:00:00.000Z,פאפואה,2,0,2
2021-11-07T00:00:00.000Z,הממלכה המאוחדת,501,284,785
2021-11-07T00:00:00.000Z,קזחסטאן,6,1,7
2021-11-07T00:00:00.000Z,אוקראינה,254,146,400
2021-11-07T00:00:00.000Z,אלבניה,3,1,4
2021-11-07T00:00:00.000Z,זאיר,1,0,1
2021-11-07T00:00:00.000Z,זימבאבווה,1,0,1
2021-11-07T00:00:00.000Z,קירג'זסטאן,3,0,3
2021-11-07T00:00:00.000Z,פולין,445,89,534
2021-11-07T00:00:00.000Z,לטביה,4,0,4
2021-11-07T00:00:00.000Z,קניה,1,0,1
2021-11-07T00:00:00.000Z,איטליה,1021,119,1140
2021-11-07T00:00:00.000Z,ארמניה,1,0,1
2021-11-07T00:00:00.000Z,קולומביה,2,2,4
2021-11-07T00:00:00.000Z,דנמרק,24,22,46
2021-11-07T00:00:00.000Z,נפאל,2,2,4
2021-11-07T00:00:00.000Z,רומניה,81,9,90
2021-11-07T00:00:00.000Z,הולנד,403,80,483
2021-11-07T00:00:00.000Z,ירדן,537,147,684
2021-11-07T00:00:00.000Z,בוטן,1,0,1
2021-11-07T00:00:00.000Z,אוזבקיסטן,12,3,15
2021-11-07T00:00:00.000Z,סרביה,6,17,23
2021-11-07T00:00:00.000Z,אזרביג'אן,29,17,46
2021-11-07T00:00:00.000Z,ליטא,58,13,71
2021-11-08T00:00:00.000Z,פרו,0,1,1
2021-11-08T00:00:00.000Z,טג'יקיסטאן,1,0,1
2021-11-08T00:00:00.000Z,דנמרק,15,16,31
2021-11-08T00:00:00.000Z,תאילנד,40,5,45
2021-11-08T00:00:00.000Z,כווית,0,1,1
2021-11-08T00:00:00.000Z,ברזיל,10,34,44
2021-11-08T00:00:00.000Z,רוסיה,125,169,294
2021-11-08T00:00:00.000Z,צכיה,553,24,577
2021-11-08T00:00:00.000Z,גווטאמלה,0,7,7
2021-11-08T00:00:00.000Z,בהמס,1,1,2
2021-11-08T00:00:00.000Z,סרביה,7,5,12
2021-11-08T00:00:00.000Z,קניה,11,0,11
2021-11-08T00:00:00.000Z,תורכיה,1134,343,1477
2021-11-08T00:00:00.000Z,קזחסטאן,5,0,5
2021-11-08T00:00:00.000Z,מצרים,365,47,412
2021-11-08T00:00:00.000Z,יוון,792,57,849
2021-11-08T00:00:00.000Z,בוליביה,2,0,2
2021-11-08T00:00:00.000Z,ערב הסעודית,2,0,2
2021-11-08T00:00:00.000Z,מרוקו,37,4,41
2021-11-08T00:00:00.000Z,שוודיה,16,10,26
2021-11-08T00:00:00.000Z,גרמניה,666,254,920
2021-11-08T00:00:00.000Z,פינלנד,8,5,13
2021-11-08T00:00:00.000Z,אוקראינה,508,286,794
2021-11-08T00:00:00.000Z,שוויץ,141,88,229
2021-11-08T00:00:00.000Z,פורטוגל,168,5,173
2021-11-08T00:00:00.000Z,גאורגיה,427,36,463
2021-11-08T00:00:00.000Z,זאיר,1,0,1
2021-11-08T00:00:00.000Z,קוסטה ריקה,1,2,3
2021-11-08T00:00:00.000Z,אנגולה,7,0,7
2021-11-08T00:00:00.000Z,איחוד האמירויות הערב,467,45,512
2021-11-08T00:00:00.000Z,אורגוואי,1,1,2
2021-11-08T00:00:00.000Z,גויאנה הצרפתית,1,0,1
2021-11-08T00:00:00.000Z,קנדה,64,117,181
2021-11-08T00:00:00.000Z,כלל המדינות,14396,5049,19445
2021-11-08T00:00:00.000Z,פולין,349,40,389
2021-11-08T00:00:00.000Z,אסטוניה,0,4,4
2021-11-08T00:00:00.000Z,מקסיקו,6,24,30
2021-11-08T00:00:00.000Z,אירלנד,2,7,9
2021-11-08T00:00:00.000Z,קפריסין,352,92,444
2021-11-08T00:00:00.000Z,קוריאה הדרומית,4,0,4
2021-11-08T00:00:00.000Z,אלבניה,1,5,6
2021-11-08T00:00:00.000Z,איי סיישל,9,0,9
2021-11-08T00:00:00.000Z,בלגיה,183,104,287
2021-11-08T00:00:00.000Z,אתיופיה,16,10,26
2021-11-08T00:00:00.000Z,איטליה,1049,138,1187
2021-11-08T00:00:00.000Z,דרום אפריקה,17,25,42
2021-11-08T00:00:00.000Z,ארמניה,9,1,10
2021-11-08T00:00:00.000Z,נורבגיה,5,5,10
2021-11-08T00:00:00.000Z,איסלנד,6,0,6
2021-11-08T00:00:00.000Z,מלדיבים,13,3,16
2021-11-08T00:00:00.000Z,קולומביה,1,1,2
2021-11-08T00:00:00.000Z,לטביה,17,4,21
2021-11-08T00:00:00.000Z,נפאל,5,2,7
2021-11-08T00:00:00.000Z,צרפת,780,396,1176
2021-11-08T00:00:00.000Z,תוניסיה,0,1,1
2021-11-08T00:00:00.000Z,פיליפינים,0,2,2
2021-11-08T00:00:00.000Z,אוגנדה,6,1,7
2021-11-08T00:00:00.000Z,בולגריה,273,28,301
2021-11-08T00:00:00.000Z,סלובניה,0,1,1
2021-11-08T00:00:00.000Z,בוטסואנה,2,0,2
2021-11-08T00:00:00.000Z,סנגל,1,0,1
2021-11-08T00:00:00.000Z,לוכסמבורג,0,3,3
2021-11-08T00:00:00.000Z,בוסניה הרצגובינה,0,2,2
2021-11-08T00:00:00.000Z,אזרביג'אן,70,13,83
2021-11-08T00:00:00.000Z,מקדוניה,2,0,2
2021-11-08T00:00:00.000Z,ירדן,76,41,117
2021-11-08T00:00:00.000Z,רומניה,281,36,317
2021-11-08T00:00:00.000Z,ניגריה,5,2,7
2021-11-08T00:00:00.000Z,ויטנאם,1,0,1
2021-11-08T00:00:00.000Z,יפן,1,0,1
2021-11-08T00:00:00.000Z,צ'ילה,3,3,6
2021-11-08T00:00:00.000Z,בילורוסיה,1,0,1
2021-11-08T00:00:00.000Z,ספרד,438,165,603
2021-11-08T00:00:00.000Z,ארצות הברית,1035,1113,2148
2021-11-08T00:00:00.000Z,זמביה,2,0,2
2021-11-08T00:00:00.000Z,גואדאלופ,0,1,1
2021-11-08T00:00:00.000Z,פנמה,0,5,5
2021-11-08T00:00:00.000Z,סין,1,0,1
2021-11-08T00:00:00.000Z,ארגנטינה,3,2,5
2021-11-08T00:00:00.000Z,ניו זילנד,0,1,1
2021-11-08T00:00:00.000Z,סרי לנקה (צילון),3,0,3
2021-11-08T00:00:00.000Z,אוזבקיסטן,6,5,11
2021-11-08T00:00:00.000Z,הממלכה המאוחדת,975,320,1295
2021-11-08T00:00:00.000Z,הונגריה,670,83,753
2021-11-08T00:00:00.000Z,מלטה,2,0,2
2021-11-08T00:00:00.000Z,הולנד,416,71,487
2021-11-08T00:00:00.000Z,ליטא,3,0,3
2021-11-08T00:00:00.000Z,רואנדה,3,0,3
2021-11-08T00:00:00.000Z,הודו,18,3,21
2021-11-08T00:00:00.000Z,טיוואן,1,0,1
2021-11-08T00:00:00.000Z,קרואטיה,1,4,5
2021-11-08T00:00:00.000Z,גאנה,2,2,4
2021-11-08T00:00:00.000Z,הרפ הדומיניקנית,1,2,3
2021-11-08T00:00:00.000Z,פורטו ריקו,0,46,46
2021-11-08T00:00:00.000Z,בחריין,23,0,23
2021-11-08T00:00:00.000Z,תימן,0,1,1
2021-11-08T00:00:00.000Z,אוסטריה,655,86,741
2021-11-08T00:00:00.000Z,בורונדי,1,0,1
2021-11-08T00:00:00.000Z,אוסטרליה,8,5,13
2021-11-09T00:00:00.000Z,אתיופיה,17,8,25
2021-11-09T00:00:00.000Z,פינלנד,7,7,14
2021-11-09T00:00:00.000Z,שוודיה,7,2,9
2021-11-09T00:00:00.000Z,אסטוניה,3,1,4
2021-11-09T00:00:00.000Z,איסלנד,4,0,4
2021-11-09T00:00:00.000Z,פולין,89,33,122
2021-11-09T00:00:00.000Z,גאנה,0,1,1
2021-11-09T00:00:00.000Z,בלגיה,50,71,121
2021-11-09T00:00:00.000Z,דרום סודאן,0,1,1
2021-11-09T00:00:00.000Z,אוסטרליה,2,0,2
2021-11-09T00:00:00.000Z,נמיביה,0,1,1
2021-11-09T00:00:00.000Z,דרום אפריקה,3,3,6
2021-11-09T00:00:00.000Z,זמביה,2,0,2
2021-11-09T00:00:00.000Z,תורכיה,810,306,1116
2021-11-09T00:00:00.000Z,הולנד,407,80,487
2021-11-09T00:00:00.000Z,פורטוגל,52,25,77
2021-11-09T00:00:00.000Z,סלובניה,0,1,1
2021-11-09T00:00:00.000Z,מוזמביק,1,0,1
2021-11-09T00:00:00.000Z,דנמרק,19,13,32
2021-11-09T00:00:00.000Z,אירלנד,8,3,11
2021-11-09T00:00:00.000Z,אוזבקיסטן,67,41,108
2021-11-09T00:00:00.000Z,שוויץ,56,31,87
2021-11-09T00:00:00.000Z,קזחסטאן,0,4,4
2021-11-09T00:00:00.000Z,רוסיה,59,53,112
2021-11-09T00:00:00.000Z,איי טורקס וקייקוס,2,1,3
2021-11-09T00:00:00.000Z,יפן,1,1,2
2021-11-09T00:00:00.000Z,קניה,9,1,10
2021-11-09T00:00:00.000Z,אורגוואי,2,0,2
2021-11-09T00:00:00.000Z,אוגנדה,7,4,11
2021-11-09T00:00:00.000Z,קנדה,53,97,150
2021-11-09T00:00:00.000Z,ניגריה,2,0,2
2021-11-09T00:00:00.000Z,גאורגיה,114,29,143
2021-11-09T00:00:00.000Z,חוף השנהב,1,0,1
2021-11-09T00:00:00.000Z,גרמניה,405,141,546
2021-11-09T00:00:00.000Z,קפריסין,127,37,164
2021-11-09T00:00:00.000Z,אזרביג'אן,1,2,3
2021-11-09T00:00:00.000Z,קוסטה ריקה,3,1,4
2021-11-09T00:00:00.000Z,בולגריה,1,0,1
2021-11-09T00:00:00.000Z,ארצות הברית,825,973,1798
2021-11-09T00:00:00.000Z,רומניה,63,15,78
2021-11-09T00:00:00.000Z,אפגניסטן,2,1,3
2021-11-09T00:00:00.000Z,איחוד האמירויות הערב,318,48,366
2021-11-09T00:00:00.000Z,נפאל,0,1,1
2021-11-09T00:00:00.000Z,אלבניה,2,0,2
2021-11-09T00:00:00.000Z,ליטא,1,1,2
2021-11-09T00:00:00.000Z,הרפ הדומיניקנית,1,0,1
2021-11-09T00:00:00.000Z,כלל המדינות,10149,4718,14867
2021-11-09T00:00:00.000Z,מלטה,4,1,5
2021-11-09T00:00:00.000Z,מצרים,50,5,55
2021-11-09T00:00:00.000Z,איטליה,376,26,402
2021-11-09T00:00:00.000Z,ארמניה,1,0,1
2021-11-09T00:00:00.000Z,קולומביה,1,6,7
2021-11-09T00:00:00.000Z,אוקראינה,85,98,183
2021-11-09T00:00:00.000Z,יוון,336,38,374
2021-11-09T00:00:00.000Z,תוניסיה,1,1,2
2021-11-09T00:00:00.000Z,קרואטיה,4,1,5
2021-11-09T00:00:00.000Z,סינגפור,2,0,2
2021-11-09T00:00:00.000Z,מלדיבים,0,3,3
2021-11-09T00:00:00.000Z,אל סלבדור,0,1,1
2021-11-09T00:00:00.000Z,צכיה,386,20,406
2021-11-09T00:00:00.000Z,מרוקו,148,8,156
2021-11-09T00:00:00.000Z,מולדובה,26,102,128
2021-11-09T00:00:00.000Z,הממלכה המאוחדת,578,282,860
2021-11-09T00:00:00.000Z,הונגריה,199,38,237
2021-11-09T00:00:00.000Z,ברזיל,12,20,32
2021-11-09T00:00:00.000Z,ירדן,50,12,62
2021-11-09T00:00:00.000Z,צאד,1,0,1
2021-11-09T00:00:00.000Z,צ'ילה,2,7,9
2021-11-09T00:00:00.000Z,לוכסמבורג,1,4,5
2021-11-09T00:00:00.000Z,ארגנטינה,7,16,23
2021-11-09T00:00:00.000Z,נורבגיה,7,1,8
2021-11-09T00:00:00.000Z,בילורוסיה,7,1,8
2021-11-09T00:00:00.000Z,אנגולה,2,0,2
2021-11-09T00:00:00.000Z,מקסיקו,11,5,16
2021-11-09T00:00:00.000Z,לטביה,16,40,56
2021-11-09T00:00:00.000Z,פרו,0,4,4
2021-11-09T00:00:00.000Z,טנזניה,4,0,4
2021-11-09T00:00:00.000Z,הודו,39,45,84
2021-11-09T00:00:00.000Z,אוסטריה,180,30,210
2021-11-09T00:00:00.000Z,צרפת,738,657,1395
2021-11-09T00:00:00.000Z,סרביה,5,5,10
2021-11-09T00:00:00.000Z,קמרון,0,1,1
2021-11-09T00:00:00.000Z,ספרד,300,34,334
2021-11-10T00:00:00.000Z,מלטה,87,13,100
2021-11-10T00:00:00.000Z,מצרים,309,52,361
2021-11-10T00:00:00.000Z,אנגליה,1,0,1
2021-11-10T00:00:00.000Z,ספרד,81,54,135
2021-11-10T00:00:00.000Z,גאנה,0,2,2
2021-11-10T00:00:00.000Z,פולין,61,9,70
2021-11-10T00:00:00.000Z,הולנד,181,57,238
2021-11-10T00:00:00.000Z,סין,0,4,4
2021-11-10T00:00:00.000Z,ארצות הברית,721,1055,1776
2021-11-10T00:00:00.000Z,מרוקו,87,4,91
2021-11-10T00:00:00.000Z,אנגולה,4,0,4
2021-11-10T00:00:00.000Z,קמרון,1,0,1
2021-11-10T00:00:00.000Z,שוויץ,95,67,162
2021-11-10T00:00:00.000Z,קניה,3,0,3
2021-11-10T00:00:00.000Z,ארגנטינה,2,8,10
2021-11-10T00:00:00.000Z,סינגפור,0,1,1
2021-11-10T00:00:00.000Z,ויטנאם,0,1,1
2021-11-10T00:00:00.000Z,קפריסין,230,46,276
2021-11-10T00:00:00.000Z,קוסטה ריקה,2,3,5
2021-11-10T00:00:00.000Z,ניגריה,0,1,1
2021-11-10T00:00:00.000Z,חוף השנהב,1,0,1
2021-11-10T00:00:00.000Z,אוגנדה,6,1,7
2021-11-10T00:00:00.000Z,יפן,0,5,5
2021-11-10T00:00:00.000Z,בוסניה הרצגובינה,2,1,3
2021-11-10T00:00:00.000Z,סיירה ליאונה,1,0,1
2021-11-10T00:00:00.000Z,נפאל,2,2,4
2021-11-10T00:00:00.000Z,רומניה,96,36,132
2021-11-10T00:00:00.000Z,אוזבקיסטן,1,2,3
2021-11-10T00:00:00.000Z,אוסטריה,174,47,221
2021-11-10T00:00:00.000Z,פורטוגל,50,29,79
2021-11-10T00:00:00.000Z,מונטנגרו,0,3,3
2021-11-10T00:00:00.000Z,יוון,192,39,231
2021-11-10T00:00:00.000Z,סלובקיה,0,2,2
2021-11-10T00:00:00.000Z,תאילנד,23,102,125
2021-11-10T00:00:00.000Z,סרי לנקה (צילון),0,8,8
2021-11-10T00:00:00.000Z,שוודיה,16,9,25
2021-11-10T00:00:00.000Z,טובלו,0,2,2
2021-11-10T00:00:00.000Z,סלובניה,1,0,1
2021-11-10T00:00:00.000Z,צכיה,184,13,197
2021-11-10T00:00:00.000Z,הונגריה,229,88,317
2021-11-10T00:00:00.000Z,פיליפינים,1,26,27
2021-11-10T00:00:00.000Z,צרפת,378,745,1123
2021-11-10T00:00:00.000Z,הרפ הדומיניקנית,1,0,1
2021-11-10T00:00:00.000Z,מקסיקו,5,10,15
2021-11-10T00:00:00.000Z,זאיר,0,1,1
2021-11-10T00:00:00.000Z,קולומביה,3,7,10
2021-11-10T00:00:00.000Z,הודו,17,4,21
2021-11-10T00:00:00.000Z,אירלנד,4,2,6
2021-11-10T00:00:00.000Z,רואנדה,0,1,1
2021-11-10T00:00:00.000Z,פנמה,1,3,4
2021-11-10T00:00:00.000Z,אזרביג'אן,3,0,3
2021-11-10T00:00:00.000Z,תורכיה,719,281,1000
2021-11-10T00:00:00.000Z,איי סיישל,66,12,78
2021-11-10T00:00:00.000Z,אלבניה,2,0,2
2021-11-10T00:00:00.000Z,קזחסטאן,3,0,3
2021-11-10T00:00:00.000Z,ירדן,47,24,71
2021-11-10T00:00:00.000Z,כלל המדינות,7763,4947,12710
2021-11-10T00:00:00.000Z,גיברלטר,2,0,2
2021-11-10T00:00:00.000Z,אוקראינה,222,256,478
2021-11-10T00:00:00.000Z,איחוד האמירויות הערב,440,99,539
2021-11-10T00:00:00.000Z,אסטוניה,1,1,2
2021-11-10T00:00:00.000Z,ונצואלה,0,1,1
2021-11-10T00:00:00.000Z,אקואדור,2,0,2
2021-11-10T00:00:00.000Z,גאורגיה,54,4,58
2021-11-10T00:00:00.000Z,הממלכה המאוחדת,359,215,574
2021-11-10T00:00:00.000Z,גרמניה,392,201,593
2021-11-10T00:00:00.000Z,אוסטרליה,2,25,27
2021-11-10T00:00:00.000Z,קנדה,52,82,134
2021-11-10T00:00:00.000Z,איטליה,566,106,672
2021-11-10T00:00:00.000Z,דרום אפריקה,12,52,64
2021-11-10T00:00:00.000Z,גואדאלופ,0,1,1
2021-11-10T00:00:00.000Z,אל סלבדור,1,0,1
2021-11-10T00:00:00.000Z,פרו,3,6,9
2021-11-10T00:00:00.000Z,קוריאה הדרומית,3,19,22
2021-11-10T00:00:00.000Z,ברזיל,14,16,30
2021-11-10T00:00:00.000Z,מונקו,1,0,1
2021-11-10T00:00:00.000Z,רוסיה,72,66,138
2021-11-10T00:00:00.000Z,פרגוואי,1,0,1
2021-11-10T00:00:00.000Z,ארמניה,2,0,2
2021-11-10T00:00:00.000Z,בולגריה,83,27,110
2021-11-10T00:00:00.000Z,טנזניה,9,0,9
2021-11-10T00:00:00.000Z,נורבגיה,7,4,11
2021-11-10T00:00:00.000Z,בלגיה,16,16,32
2021-11-10T00:00:00.000Z,סרביה,6,5,11
2021-11-10T00:00:00.000Z,מלדיבים,14,0,14
2021-11-10T00:00:00.000Z,דנמרק,3,9,12
2021-11-10T00:00:00.000Z,פינלנד,5,4,9
2021-11-10T00:00:00.000Z,מאלי,1,0,1
2021-11-10T00:00:00.000Z,פורטו ריקו,0,2,2
2021-11-10T00:00:00.000Z,מוזמביק,3,1,4
2021-11-10T00:00:00.000Z,איסלנד,3,2,5
2021-11-10T00:00:00.000Z,אתיופיה,12,3,15
2021-11-11T00:00:00.000Z,קוסטה ריקה,8,8,16
2021-11-11T00:00:00.000Z,זאיר,1,1,2
2021-11-11T00:00:00.000Z,מונטנגרו,95,5,100
2021-11-11T00:00:00.000Z,קזחסטאן,1,1,2
2021-11-11T00:00:00.000Z,מצרים,264,68,332
2021-11-11T00:00:00.000Z,פרו,4,1,5
2021-11-11T00:00:00.000Z,אוקראינה,150,155,305
2021-11-11T00:00:00.000Z,דנמרק,12,10,22
2021-11-11T00:00:00.000Z,אלבניה,2,15,17
2021-11-11T00:00:00.000Z,אזרביג'אן,32,20,52
2021-11-11T00:00:00.000Z,מקסיקו,9,15,24
2021-11-11T00:00:00.000Z,צכיה,373,26,399
2021-11-11T00:00:00.000Z,בליז,1,0,1
2021-11-11T00:00:00.000Z,בנגלדש,3,0,3
2021-11-11T00:00:00.000Z,בהמס,1,0,1
2021-11-11T00:00:00.000Z,צ'ילה,4,3,7
2021-11-11T00:00:00.000Z,קוריאה הדרומית,0,1,1
2021-11-11T00:00:00.000Z,קלדוניה החדשה,0,2,2
2021-11-11T00:00:00.000Z,דרום אפריקה,16,26,42
2021-11-11T00:00:00.000Z,איטליה,1106,231,1337
2021-11-11T00:00:00.000Z,תורכמניסטאן,1,2,3
2021-11-11T00:00:00.000Z,נפאל,1,3,4
2021-11-11T00:00:00.000Z,אוגנדה,15,40,55
2021-11-11T00:00:00.000Z,אסטוניה,1,0,1
2021-11-11T00:00:00.000Z,טיוואן,1,0,1
2021-11-11T00:00:00.000Z,ליטא,55,22,77
2021-11-11T00:00:00.000Z,נורבגיה,5,6,11
2021-11-11T00:00:00.000Z,רוסיה,128,186,314
2021-11-11T00:00:00.000Z,אוסטרליה,6,13,19
2021-11-11T00:00:00.000Z,ערב הסעודית,0,2,2
2021-11-11T00:00:00.000Z,הונגריה,635,93,728
2021-11-11T00:00:00.000Z,אקואדור,0,2,2
2021-11-11T00:00:00.000Z,כלל המדינות,12345,6266,18611
2021-11-11T00:00:00.000Z,איי סיישל,1,1,2
2021-11-11T00:00:00.000Z,מקדוניה,2,1,3
2021-11-11T00:00:00.000Z,יוון,258,45,303
2021-11-11T00:00:00.000Z,בילורוסיה,2,0,2
2021-11-11T00:00:00.000Z,איי טורקס וקייקוס,2,0,2
2021-11-11T00:00:00.000Z,אינדונזיה,2,0,2
2021-11-11T00:00:00.000Z,אנגולה,2,0,2
2021-11-11T00:00:00.000Z,סרי לנקה (צילון),5,3,8
2021-11-11T00:00:00.000Z,סינגפור,1,0,1
2021-11-11T00:00:00.000Z,אתיופיה,41,19,60
2021-11-11T00:00:00.000Z,גויאנה הצרפתית,6,0,6
2021-11-11T00:00:00.000Z,ארצות הברית,1196,1276,2472
2021-11-11T00:00:00.000Z,טנזניה,9,1,10
2021-11-11T00:00:00.000Z,שוודיה,14,18,32
2021-11-11T00:00:00.000Z,ברזיל,9,24,33
2021-11-11T00:00:00.000Z,אוזבקיסטן,10,6,16
2021-11-11T00:00:00.000Z,מונגוליה,2,0,2
2021-11-11T00:00:00.000Z,חוף השנהב,1,2,3
2021-11-11T00:00:00.000Z,תורכיה,1466,504,1970
2021-11-11T00:00:00.000Z,צאד,2,0,2
2021-11-11T00:00:00.000Z,לטביה,7,0,7
2021-11-11T00:00:00.000Z,גאורגיה,651,82,733
2021-11-11T00:00:00.000Z,מולדובה,69,27,96
2021-11-11T00:00:00.000Z,גינאה המשוונית,1,0,1
2021-11-11T00:00:00.000Z,בוסניה הרצגובינה,5,2,7
2021-11-11T00:00:00.000Z,פרגוואי,1,0,1
2021-11-11T00:00:00.000Z,פורטוגל,200,32,232
2021-11-11T00:00:00.000Z,גרמניה,308,197,505
2021-11-11T00:00:00.000Z,הונג קונג,6,7,13
2021-11-11T00:00:00.000Z,קניה,15,3,18
2021-11-11T00:00:00.000Z,נמיביה,2,1,3
2021-11-11T00:00:00.000Z,הודו,22,1,23
2021-11-11T00:00:00.000Z,סנגל,1,0,1
2021-11-11T00:00:00.000Z,אורגוואי,1,0,1
2021-11-11T00:00:00.000Z,בולגריה,107,13,120
2021-11-11T00:00:00.000Z,בלגיה,67,159,226
2021-11-11T00:00:00.000Z,תאילנד,0,2,2
2021-11-11T00:00:00.000Z,סין,2,36,38
2021-11-11T00:00:00.000Z,קנדה,17,30,47
2021-11-11T00:00:00.000Z,קולומביה,4,4,8
2021-11-11T00:00:00.000Z,זימבאבווה,2,0,2
2021-11-11T00:00:00.000Z,צרפת,531,879,1410
2021-11-11T00:00:00.000Z,סרביה,5,1,6
2021-11-11T00:00:00.000Z,פיליפינים,2,3,5
2021-11-11T00:00:00.000Z,מאוריציוס,7,0,7
2021-11-11T00:00:00.000Z,רומניה,2,0,2
2021-11-11T00:00:00.000Z,הולנד,396,128,524
2021-11-11T00:00:00.000Z,בוטסואנה,4,0,4
2021-11-11T00:00:00.000Z,הרפ הדומיניקנית,3,1,4
2021-11-11T00:00:00.000Z,אוסטריה,349,92,441
2021-11-11T00:00:00.000Z,בחריין,17,5,22
2021-11-11T00:00:00.000Z,ירדן,77,30,107
2021-11-11T00:00:00.000Z,קרואטיה,0,2,2
2021-11-11T00:00:00.000Z,ארגנטינה,10,13,23
2021-11-11T00:00:00.000Z,ניגריה,4,3,7
2021-11-11T00:00:00.000Z,בורקינה פאסו,2,0,2
2021-11-11T00:00:00.000Z,קפריסין,444,84,528
2021-11-11T00:00:00.000Z,מלדיבים,10,0,10
2021-11-11T00:00:00.000Z,פינלנד,4,8,12
2021-11-11T00:00:00.000Z,פנמה,3,2,5
2021-11-11T00:00:00.000Z,אירלנד,1,3,4
2021-11-11T00:00:00.000Z,קמרון,1,0,1
2021-11-11T00:00:00.000Z,ספרד,329,173,502
2021-11-11T00:00:00.000Z,גאנה,2,6,8
2021-11-11T00:00:00.000Z,מרוקו,103,10,113
2021-11-11T00:00:00.000Z,איחוד האמירויות הערב,879,82,961
2021-11-11T00:00:00.000Z,קירג'זסטאן,0,1,1
2021-11-11T00:00:00.000Z,הממלכה המאוחדת,467,432,899
2021-11-11T00:00:00.000Z,פולין,201,94,295
2021-11-11T00:00:00.000Z,עירק,1,0,1
2021-11-11T00:00:00.000Z,זמביה,3,0,3
2021-11-11T00:00:00.000Z,שוויץ,98,57,155
2021-11-11T00:00:00.000Z,תימן,0,1,1
2021-11-11T00:00:00.000Z,סלובקיה,0,2,2
2021-11-12T00:00:00.000Z,רומניה,154,36,190
2021-11-12T00:00:00.000Z,ניגריה,3,0,3
2021-11-12T00:00:00.000Z,נפאל,3,3,6
2021-11-12T00:00:00.000Z,איטליה,646,59,705
2021-11-12T00:00:00.000Z,צכיה,181,9,190
2021-11-12T00:00:00.000Z,ספרד,378,54,432
2021-11-12T00:00:00.000Z,מלטה,17,1,18
2021-11-12T00:00:00.000Z,ארגנטינה,11,6,17
2021-11-12T00:00:00.000Z,אסטוניה,1,1,2
2021-11-12T00:00:00.000Z,ונצואלה,0,1,1
2021-11-12T00:00:00.000Z,אלבניה,6,2,8
2021-11-12T00:00:00.000Z,קרואטיה,13,0,13
2021-11-12T00:00:00.000Z,מרוקו,265,24,289
2021-11-12T00:00:00.000Z,קנדה,63,102,165
2021-11-12T00:00:00.000Z,מולדובה,5,0,5
2021-11-12T00:00:00.000Z,טיוואן,1,1,2
2021-11-12T00:00:00.000Z,אנגולה,5,0,5
2021-11-12T00:00:00.000Z,תאילנד,65,11,76
2021-11-12T00:00:00.000Z,קוסטה ריקה,5,1,6
2021-11-12T00:00:00.000Z,איחוד האמירויות הערב,280,54,334
2021-11-12T00:00:00.000Z,אקואדור,0,2,2
2021-11-12T00:00:00.000Z,פינלנד,22,1,23
2021-11-12T00:00:00.000Z,איסלנד,1,0,1
2021-11-12T00:00:00.000Z,הודו,43,5,48
2021-11-12T00:00:00.000Z,אורגוואי,0,1,1
2021-11-12T00:00:00.000Z,פרו,0,1,1
2021-11-12T00:00:00.000Z,סודן,0,1,1
2021-11-12T00:00:00.000Z,קפריסין,165,36,201
2021-11-12T00:00:00.000Z,אוזבקיסטן,12,7,19
2021-11-12T00:00:00.000Z,צ'ילה,3,5,8
2021-11-12T00:00:00.000Z,סלובקיה,1,2,3
2021-11-12T00:00:00.000Z,סין,0,14,14
2021-11-12T00:00:00.000Z,שוויץ,233,107,340
2021-11-12T00:00:00.000Z,אוקראינה,285,175,460
2021-11-12T00:00:00.000Z,דרום אפריקה,6,3,9
2021-11-12T00:00:00.000Z,קוריאה הדרומית,4,3,7
2021-11-12T00:00:00.000Z,יפן,1,1,2
2021-11-12T00:00:00.000Z,קירג'זסטאן,0,1,1
2021-11-12T00:00:00.000Z,סרביה,25,1,26
2021-11-12T00:00:00.000Z,גמייקה,1,0,1
2021-11-12T00:00:00.000Z,ארמניה,1,1,2
2021-11-12T00:00:00.000Z,שוודיה,15,7,22
2021-11-12T00:00:00.000Z,דנמרק,24,7,31
2021-11-12T00:00:00.000Z,קניה,1,2,3
2021-11-12T00:00:00.000Z,לוכסמבורג,1,1,2
2021-11-12T00:00:00.000Z,פנמה,1,3,4
2021-11-12T00:00:00.000Z,אוסטרליה,3,0,3
2021-11-12T00:00:00.000Z,אוגנדה,4,1,5
2021-11-12T00:00:00.000Z,מונטנגרו,1,0,1
2021-11-12T00:00:00.000Z,בלגיה,71,52,123
2021-11-12T00:00:00.000Z,נורבגיה,13,5,18
2021-11-12T00:00:00.000Z,קזחסטאן,1,5,6
2021-11-12T00:00:00.000Z,הממלכה המאוחדת,545,218,763
2021-11-12T00:00:00.000Z,כלל המדינות,10830,3609,14439
2021-11-12T00:00:00.000Z,יוון,514,65,579
2021-11-12T00:00:00.000Z,בוטסואנה,1,0,1
2021-11-12T00:00:00.000Z,חוף השנהב,3,0,3
2021-11-12T00:00:00.000Z,גאנה,3,0,3
2021-11-12T00:00:00.000Z,ליטא,9,0,9
2021-11-12T00:00:00.000Z,ברזיל,29,8,37
2021-11-12T00:00:00.000Z,פורטוגל,34,5,39
2021-11-12T00:00:00.000Z,בהמס,2,0,2
2021-11-12T00:00:00.000Z,לטביה,2,1,3
2021-11-12T00:00:00.000Z,קטר,1,0,1
2021-11-12T00:00:00.000Z,ליבריה,1,0,1
2021-11-12T00:00:00.000Z,מלדיבים,10,0,10
2021-11-12T00:00:00.000Z,ארצות הברית,1187,620,1807
2021-11-12T00:00:00.000Z,סרי לנקה (צילון),4,1,5
2021-11-12T00:00:00.000Z,גרמניה,801,313,1114
2021-11-12T00:00:00.000Z,אוסטריה,484,83,567
2021-11-12T00:00:00.000Z,מקסיקו,22,15,37
2021-11-12T00:00:00.000Z,הרפ הדומיניקנית,6,0,6
2021-11-12T00:00:00.000Z,גאורגיה,323,50,373
2021-11-12T00:00:00.000Z,הונגריה,539,71,610
2021-11-12T00:00:00.000Z,אזרביג'אן,86,4,90
2021-11-12T00:00:00.000Z,מצרים,244,46,290
2021-11-12T00:00:00.000Z,בילורוסיה,3,2,5
2021-11-12T00:00:00.000Z,בולגריה,107,28,135
2021-11-12T00:00:00.000Z,רוסיה,121,110,231
2021-11-12T00:00:00.000Z,איי סיישל,2,0,2
2021-11-12T00:00:00.000Z,בחריין,90,3,93
2021-11-12T00:00:00.000Z,קמרון,1,0,1
2021-11-12T00:00:00.000Z,סינגפור,11,7,18
2021-11-12T00:00:00.000Z,ירדן,2,12,14
2021-11-12T00:00:00.000Z,פיליפינים,0,2,2
2021-11-12T00:00:00.000Z,הולנד,258,42,300
2021-11-12T00:00:00.000Z,אירלנד,7,6,13
2021-11-12T00:00:00.000Z,צרפת,354,292,646
2021-11-12T00:00:00.000Z,פולין,184,72,256
2021-11-12T00:00:00.000Z,קולומביה,4,3,7
2021-11-12T00:00:00.000Z,סלובניה,4,0,4
2021-11-12T00:00:00.000Z,תורכמניסטאן,2,0,2
2021-11-12T00:00:00.000Z,תורכיה,1046,293,1339
2021-11-13T00:00:00.000Z,ניו זילנד,0,1,1
2021-11-13T00:00:00.000Z,איטליה,505,78,583
2021-11-13T00:00:00.000Z,קפריסין,129,33,162
2021-11-13T00:00:00.000Z,ברזיל,7,17,24
2021-11-13T00:00:00.000Z,אוגנדה,1,0,1
2021-11-13T00:00:00.000Z,קונגו,1,0,1
2021-11-13T00:00:00.000Z,גאורגיה,3,0,3
2021-11-13T00:00:00.000Z,פנמה,2,1,3
2021-11-13T00:00:00.000Z,קוריאה הדרומית,2,3,5
2021-11-13T00:00:00.000Z,שוויץ,35,18,53
2021-11-13T00:00:00.000Z,ספרד,28,10,38
2021-11-13T00:00:00.000Z,ליטא,45,27,72
2021-11-13T00:00:00.000Z,הרפ הדומיניקנית,3,0,3
2021-11-13T00:00:00.000Z,בליז,0,1,1
2021-11-13T00:00:00.000Z,תורכיה,384,115,499
2021-11-13T00:00:00.000Z,מצרים,1343,142,1485
2021-11-13T00:00:00.000Z,אתיופיה,22,13,35
2021-11-13T00:00:00.000Z,פורטוגל,17,3,20
2021-11-13T00:00:00.000Z,פורטו ריקו,0,2,2
2021-11-13T00:00:00.000Z,דומיניקה,1,0,1
2021-11-13T00:00:00.000Z,אירלנד,2,2,4
2021-11-13T00:00:00.000Z,הונדורס,0,1,1
2021-11-13T00:00:00.000Z,מונגוליה,0,2,2
2021-11-13T00:00:00.000Z,איחוד האמירויות הערב,114,23,137
2021-11-13T00:00:00.000Z,מאוריציוס,1,0,1
2021-11-13T00:00:00.000Z,סינגפור,2,1,3
2021-11-13T00:00:00.000Z,סנגל,2,0,2
2021-11-13T00:00:00.000Z,ארגנטינה,0,1,1
2021-11-13T00:00:00.000Z,זמביה,6,0,6
2021-11-13T00:00:00.000Z,נורבגיה,3,0,3
2021-11-13T00:00:00.000Z,לוכסמבורג,0,1,1
2021-11-13T00:00:00.000Z,גמביה,0,1,1
2021-11-13T00:00:00.000Z,צכיה,104,49,153
2021-11-13T00:00:00.000Z,הונגריה,150,19,169
2021-11-13T00:00:00.000Z,אוקראינה,59,52,111
2021-11-13T00:00:00.000Z,קרואטיה,2,1,3
2021-11-13T00:00:00.000Z,הולנד,301,82,383
2021-11-13T00:00:00.000Z,סרביה,2,1,3
2021-11-13T00:00:00.000Z,ניגריה,7,8,15
2021-11-13T00:00:00.000Z,תורכמניסטאן,1,0,1
2021-11-13T00:00:00.000Z,אנגולה,1,0,1
2021-11-13T00:00:00.000Z,קזחסטאן,1,2,3
2021-11-13T00:00:00.000Z,אוזבקיסטן,1,10,11
2021-11-13T00:00:00.000Z,פינלנד,1,3,4
2021-11-13T00:00:00.000Z,הממלכה המאוחדת,255,130,385
2021-11-13T00:00:00.000Z,ירדן,24,15,39
2021-11-13T00:00:00.000Z,בולגריה,1,0,1
2021-11-13T00:00:00.000Z,סרי לנקה (צילון),14,5,19
2021-11-13T00:00:00.000Z,ארמניה,1,0,1
2021-11-13T00:00:00.000Z,מלדיבים,9,1,10
2021-11-13T00:00:00.000Z,בלגיה,54,36,90
2021-11-13T00:00:00.000Z,מקאו,1,0,1
2021-11-13T00:00:00.000Z,פאפואה,1,0,1
2021-11-13T00:00:00.000Z,רומניה,98,19,117
2021-11-13T00:00:00.000Z,הודו,3,0,3
2021-11-13T00:00:00.000Z,קנדה,17,11,28
2021-11-13T00:00:00.000Z,גינאה המשוונית,0,1,1
2021-11-13T00:00:00.000Z,שוודיה,1,6,7
2021-11-13T00:00:00.000Z,תאילנד,4,0,4
2021-11-13T00:00:00.000Z,יפן,0,1,1
2021-11-13T00:00:00.000Z,פרו,3,2,5
2021-11-13T00:00:00.000Z,אוסטריה,128,26,154
2021-11-13T00:00:00.000Z,קירג'זסטאן,1,0,1
2021-11-13T00:00:00.000Z,אזרביג'אן,3,0,3
2021-11-13T00:00:00.000Z,טנזניה,2,0,2
2021-11-13T00:00:00.000Z,לטביה,16,6,22
2021-11-13T00:00:00.000Z,קוסטה ריקה,0,1,1
2021-11-13T00:00:00.000Z,קולומביה,1,2,3
2021-11-13T00:00:00.000Z,אוסטרליה,3,6,9
2021-11-13T00:00:00.000Z,רואנדה,1,0,1
2021-11-13T00:00:00.000Z,מרוקו,2,1,3
2021-11-13T00:00:00.000Z,אסטוניה,2,4,6
2021-11-13T00:00:00.000Z,מקסיקו,8,3,11
2021-11-13T00:00:00.000Z,איי סיישל,2,0,2
2021-11-13T00:00:00.000Z,כלל המדינות,9314,2972,12286
2021-11-13T00:00:00.000Z,צרפת,397,182,579
2021-11-13T00:00:00.000Z,קטר,0,1,1
2021-11-13T00:00:00.000Z,דנמרק,7,4,11
2021-11-13T00:00:00.000Z,פולין,36,12,48
2021-11-13T00:00:00.000Z,חוף השנהב,1,0,1
2021-11-13T00:00:00.000Z,סין,0,1,1
2021-11-13T00:00:00.000Z,בוסניה הרצגובינה,2,1,3
2021-11-13T00:00:00.000Z,יוון,84,17,101
2021-11-13T00:00:00.000Z,דרום אפריקה,7,7,14
2021-11-13T00:00:00.000Z,טיוואן,1,0,1
2021-11-13T00:00:00.000Z,פיליפינים,0,2,2
2021-11-13T00:00:00.000Z,קניה,8,1,9
2021-11-13T00:00:00.000Z,ארצות הברית,381,334,715
2021-11-13T00:00:00.000Z,גאנה,1,0,1
2021-11-13T00:00:00.000Z,גרמניה,101,81,182
2021-11-13T00:00:00.000Z,נפאל,4,1,5
2021-11-13T00:00:00.000Z,רוסיה,4,4,8
2021-11-14T00:00:00.000Z,ירדן,367,124,491
2021-11-14T00:00:00.000Z,מונטנגרו,166,20,186
2021-11-14T00:00:00.000Z,קוריאה הדרומית,2,1,3
2021-11-14T00:00:00.000Z,ארמניה,2,0,2
2021-11-14T00:00:00.000Z,לוכסמבורג,0,1,1
2021-11-14T00:00:00.000Z,אוקראינה,306,182,488
2021-11-14T00:00:00.000Z,ברזיל,3,6,9
2021-11-14T00:00:00.000Z,ארגנטינה,6,4,10
2021-11-14T00:00:00.000Z,קניה,0,1,1
2021-11-14T00:00:00.000Z,ויטנאם,1,0,1
2021-11-14T00:00:00.000Z,רוסיה,126,134,260
2021-11-14T00:00:00.000Z,איחוד האמירויות הערב,990,89,1079
2021-11-14T00:00:00.000Z,נפאל,12,8,20
2021-11-14T00:00:00.000Z,גאורגיה,661,41,702
2021-11-14T00:00:00.000Z,קרואטיה,0,1,1
2021-11-14T00:00:00.000Z,דרום אפריקה,2,8,10
2021-11-14T00:00:00.000Z,מונקו,2,0,2
2021-11-14T00:00:00.000Z,בולגריה,126,3,129
2021-11-14T00:00:00.000Z,ספרד,420,155,575
2021-11-14T00:00:00.000Z,דנמרק,11,12,23
2021-11-14T00:00:00.000Z,ערב הסעודית,3,2,5
2021-11-14T00:00:00.000Z,קירג'זסטאן,1,0,1
2021-11-14T00:00:00.000Z,יוון,481,38,519
2021-11-14T00:00:00.000Z,בלגיה,36,68,104
2021-11-14T00:00:00.000Z,קזחסטאן,1,0,1
2021-11-14T00:00:00.000Z,איי טורקס וקייקוס,2,0,2
2021-11-14T00:00:00.000Z,ארצות הברית,736,738,1474
2021-11-14T00:00:00.000Z,גיברלטר,0,1,1
2021-11-14T00:00:00.000Z,פרגוואי,1,0,1
2021-11-14T00:00:00.000Z,תאילנד,5,7,12
2021-11-14T00:00:00.000Z,לטביה,0,2,2
2021-11-14T00:00:00.000Z,מלטה,16,2,18
2021-11-14T00:00:00.000Z,גווטאמלה,0,2,2
2021-11-14T00:00:00.000Z,סנגל,1,0,1
2021-11-14T00:00:00.000Z,אסטוניה,1,0,1
2021-11-14T00:00:00.000Z,צרפת,693,397,1090
2021-11-14T00:00:00.000Z,הרפ הדומיניקנית,2,0,2
2021-11-14T00:00:00.000Z,אוסטרליה,5,8,13
2021-11-14T00:00:00.000Z,פולין,344,64,408
2021-11-14T00:00:00.000Z,תורכיה,1379,357,1736
2021-11-14T00:00:00.000Z,כלל המדינות,15831,5075,20906
2021-11-14T00:00:00.000Z,ניגריה,1,11,12
2021-11-14T00:00:00.000Z,פיליפינים,3,2,5
2021-11-14T00:00:00.000Z,האנטילים ההולנדים,0,3,3
2021-11-14T00:00:00.000Z,פורטוגל,98,25,123
2021-11-14T00:00:00.000Z,בוליביה,1,0,1
2021-11-14T00:00:00.000Z,קולומביה,3,7,10
2021-11-14T00:00:00.000Z,אלבניה,3,2,5
2021-11-14T00:00:00.000Z,בילורוסיה,94,66,160
2021-11-14T00:00:00.000Z,מקסיקו,9,0,9
2021-11-14T00:00:00.000Z,סרביה,2,0,2
2021-11-14T00:00:00.000Z,הונדורס,0,1,1
2021-11-14T00:00:00.000Z,גויאנה,0,5,5
2021-11-14T00:00:00.000Z,הולנד,277,66,343
2021-11-14T00:00:00.000Z,קוסובו,0,1,1
2021-11-14T00:00:00.000Z,מרוקו,0,2,2
2021-11-14T00:00:00.000Z,תורכמניסטאן,3,2,5
2021-11-14T00:00:00.000Z,נורבגיה,9,0,9
2021-11-14T00:00:00.000Z,שוודיה,6,24,30
2021-11-14T00:00:00.000Z,רואנדה,3,0,3
2021-11-14T00:00:00.000Z,מולדובה,101,46,147
2021-11-14T00:00:00.000Z,אירלנד,4,6,10
2021-11-14T00:00:00.000Z,הונגריה,799,96,895
2021-11-14T00:00:00.000Z,גאנה,2,0,2
2021-11-14T00:00:00.000Z,גמייקה,0,1,1
2021-11-14T00:00:00.000Z,צכיה,273,15,288
2021-11-14T00:00:00.000Z,אוסטריה,399,78,477
2021-11-14T00:00:00.000Z,רומניה,2,1,3
2021-11-14T00:00:00.000Z,אזרביג'אן,64,40,104
2021-11-14T00:00:00.000Z,שוויץ,138,138,276
2021-11-14T00:00:00.000Z,טיוואן,0,1,1
2021-11-14T00:00:00.000Z,צ'ילה,2,1,3
2021-11-14T00:00:00.000Z,מצרים,788,83,871
2021-11-14T00:00:00.000Z,אוזבקיסטן,9,4,13
2021-11-14T00:00:00.000Z,אורגוואי,5,0,5
2021-11-14T00:00:00.000Z,מלדיבים,7,1,8
2021-11-14T00:00:00.000Z,פנמה,2,0,2
2021-11-14T00:00:00.000Z,בחריין,0,1,1
2021-11-14T00:00:00.000Z,פינלנד,3,2,5
2021-11-14T00:00:00.000Z,גרמניה,479,311,790
2021-11-14T00:00:00.000Z,הממלכה המאוחדת,422,251,673
2021-11-14T00:00:00.000Z,קנדה,29,55,84
2021-11-14T00:00:00.000Z,איטליה,956,116,1072
2021-11-14T00:00:00.000Z,אנגולה,2,0,2
2021-11-14T00:00:00.000Z,סינגפור,0,3,3
2021-11-14T00:00:00.000Z,סרי לנקה (צילון),4,7,11
2021-11-14T00:00:00.000Z,ליטא,107,11,118
2021-11-14T00:00:00.000Z,גויאנה הצרפתית,3,0,3
2021-11-14T00:00:00.000Z,ראוניון,1,0,1
2021-11-14T00:00:00.000Z,אנטיגואה וברבודה,0,1,1
2021-11-14T00:00:00.000Z,קפריסין,482,47,529
2021-11-14T00:00:00.000Z,הודו,33,13,46
2021-11-14T00:00:00.000Z,גרנדה,1,0,1
2021-11-14T00:00:00.000Z,ונצואלה,0,2,2
2021-11-14T00:00:00.000Z,קובה,1,0,1
2021-11-14T00:00:00.000Z,איסלנד,4,1,5
2021-11-14T00:00:00.000Z,אוגנדה,2,0,2
2021-11-15T00:00:00.000Z,גווטאמלה,0,3,3
2021-11-15T00:00:00.000Z,ברזיל,23,12,35
2021-11-15T00:00:00.000Z,אלבניה,3,0,3
2021-11-15T00:00:00.000Z,פולין,336,60,396
2021-11-15T00:00:00.000Z,קוריאה הדרומית,3,4,7
2021-11-15T00:00:00.000Z,כלל המדינות,14893,5696,20589
2021-11-15T00:00:00.000Z,הודו,59,3,62
2021-11-15T00:00:00.000Z,סלובקיה,2,0,2
2021-11-15T00:00:00.000Z,פקיסטן,2,0,2
2021-11-15T00:00:00.000Z,אירלנד,2,13,15
2021-11-15T00:00:00.000Z,סין,2,8,10
2021-11-15T00:00:00.000Z,אוסטרליה,10,28,38
2021-11-15T00:00:00.000Z,פינלנד,6,7,13
2021-11-15T00:00:00.000Z,שוודיה,9,14,23
2021-11-15T00:00:00.000Z,קניה,8,28,36
2021-11-15T00:00:00.000Z,סרי לנקה (צילון),3,0,3
2021-11-15T00:00:00.000Z,סלובניה,1,0,1
2021-11-15T00:00:00.000Z,רואנדה,0,94,94
2021-11-15T00:00:00.000Z,יוון,899,78,977
2021-11-15T00:00:00.000Z,מונטנגרו,5,0,5
2021-11-15T00:00:00.000Z,רוסיה,98,365,463
2021-11-15T00:00:00.000Z,תוניסיה,1,0,1
2021-11-15T00:00:00.000Z,אקואדור,11,0,11
2021-11-15T00:00:00.000Z,גרמניה,583,239,822
2021-11-15T00:00:00.000Z,אוזבקיסטן,12,3,15
2021-11-15T00:00:00.000Z,אוקראינה,281,179,460
2021-11-15T00:00:00.000Z,לוכסמבורג,1,4,5
2021-11-15T00:00:00.000Z,דנמרק,14,10,24
2021-11-15T00:00:00.000Z,הולנד,444,51,495
2021-11-15T00:00:00.000Z,הונג קונג,3,0,3
2021-11-15T00:00:00.000Z,אוסטריה,645,58,703
2021-11-15T00:00:00.000Z,סינגפור,0,10,10
2021-11-15T00:00:00.000Z,איטליה,1000,115,1115
2021-11-15T00:00:00.000Z,אנגולה,5,0,5
2021-11-15T00:00:00.000Z,קירג'זסטאן,3,0,3
2021-11-15T00:00:00.000Z,אתיופיה,17,14,31
2021-11-15T00:00:00.000Z,איי טורקס וקייקוס,1,0,1
2021-11-15T00:00:00.000Z,קולומביה,3,5,8
2021-11-15T00:00:00.000Z,פרו,3,0,3
2021-11-15T00:00:00.000Z,חוף השנהב,1,0,1
2021-11-15T00:00:00.000Z,ארצות הברית,1237,1257,2494
2021-11-15T00:00:00.000Z,איסלנד,2,0,2
2021-11-15T00:00:00.000Z,איחוד האמירויות הערב,607,108,715
2021-11-15T00:00:00.000Z,פנמה,1,1,2
2021-11-15T00:00:00.000Z,בלגיה,138,68,206
2021-11-15T00:00:00.000Z,סרביה,3,2,5
2021-11-15T00:00:00.000Z,אוגנדה,4,1,5
2021-11-15T00:00:00.000Z,צכיה,582,24,606
2021-11-15T00:00:00.000Z,אלגיריה,0,1,1
2021-11-15T00:00:00.000Z,בילורוסיה,3,0,3
2021-11-15T00:00:00.000Z,תורכמניסטאן,2,0,2
2021-11-15T00:00:00.000Z,גמייקה,0,1,1
2021-11-15T00:00:00.000Z,הונדורס,2,0,2
2021-11-15T00:00:00.000Z,איי סיישל,30,1,31
2021-11-15T00:00:00.000Z,צ'ילה,0,3,3
2021-11-15T00:00:00.000Z,ניגריה,2,1,3
2021-11-15T00:00:00.000Z,פורטוגל,155,38,193
2021-11-15T00:00:00.000Z,מאוריציוס,0,1,1
2021-11-15T00:00:00.000Z,מקדוניה,0,5,5
2021-11-15T00:00:00.000Z,דרום אפריקה,22,22,44
2021-11-15T00:00:00.000Z,טג'יקיסטאן,3,0,3
2021-11-15T00:00:00.000Z,טנזניה,4,16,20
2021-11-15T00:00:00.000Z,פיליפינים,1,3,4
2021-11-15T00:00:00.000Z,קוסובו,0,5,5
2021-11-15T00:00:00.000Z,צרפת,745,344,1089
2021-11-15T00:00:00.000Z,אסטוניה,2,0,2
2021-11-15T00:00:00.000Z,קזחסטאן,3,2,5
2021-11-15T00:00:00.000Z,יפן,0,3,3
2021-11-15T00:00:00.000Z,בורקינה פאסו,0,5,5
2021-11-15T00:00:00.000Z,גאורגיה,447,46,493
2021-11-15T00:00:00.000Z,מצרים,414,116,530
2021-11-15T00:00:00.000Z,בוטסואנה,2,0,2
2021-11-15T00:00:00.000Z,תורכיה,1420,425,1845
2021-11-15T00:00:00.000Z,נפאל,13,1,14
2021-11-15T00:00:00.000Z,ירדן,71,45,116
2021-11-15T00:00:00.000Z,ניו זילנד,0,1,1
2021-11-15T00:00:00.000Z,מלדיבים,4,0,4
2021-11-15T00:00:00.000Z,הממלכה המאוחדת,874,351,1225
2021-11-15T00:00:00.000Z,פולינזיה הצרפתית,1,0,1
2021-11-15T00:00:00.000Z,מולדובה,0,1,1
2021-11-15T00:00:00.000Z,בולגריה,297,36,333
2021-11-15T00:00:00.000Z,תאילנד,74,9,83
2021-11-15T00:00:00.000Z,בוסניה הרצגובינה,0,1,1
2021-11-15T00:00:00.000Z,נורבגיה,7,90,97
2021-11-15T00:00:00.000Z,רומניה,202,67,269
2021-11-15T00:00:00.000Z,קפריסין,401,78,479
2021-11-15T00:00:00.000Z,בחריין,81,1,82
2021-11-15T00:00:00.000Z,אורגוואי,2,4,6
2021-11-15T00:00:00.000Z,שוויץ,81,75,156
2021-11-15T00:00:00.000Z,קנדה,56,107,163
2021-11-15T00:00:00.000Z,ספרד,476,71,547
2021-11-15T00:00:00.000Z,גאנה,2,4,6
2021-11-15T00:00:00.000Z,מקסיקו,12,19,31
2021-11-15T00:00:00.000Z,ארגנטינה,8,6,14
2021-11-15T00:00:00.000Z,לבנון,0,1,1
2021-11-15T00:00:00.000Z,הרפ הדומיניקנית,8,0,8
2021-11-15T00:00:00.000Z,סנגל,0,8,8
2021-11-15T00:00:00.000Z,מרוקו,121,31,152
2021-11-15T00:00:00.000Z,אזרביג'אן,2,1,3
2021-11-15T00:00:00.000Z,הונגריה,651,48,699
2021-11-16T00:00:00.000Z,קולומביה,0,4,4
2021-11-16T00:00:00.000Z,אוקראינה,180,144,324
2021-11-16T00:00:00.000Z,ארגנטינה,12,9,21
2021-11-16T00:00:00.000Z,ארצות הברית,922,905,1827
2021-11-16T00:00:00.000Z,סינגפור,0,2,2
2021-11-16T00:00:00.000Z,מרוקו,120,3,123
2021-11-16T00:00:00.000Z,סרי לנקה (צילון),3,0,3
2021-11-16T00:00:00.000Z,אוסטרליה,5,6,11
2021-11-16T00:00:00.000Z,הודו,115,50,165
2021-11-16T00:00:00.000Z,איחוד האמירויות הערב,450,68,518
2021-11-16T00:00:00.000Z,טנזניה,3,3,6
2021-11-16T00:00:00.000Z,פולינזיה הצרפתית,1,0,1
2021-11-16T00:00:00.000Z,שוויץ,70,30,100
2021-11-16T00:00:00.000Z,גרנדה,2,0,2
2021-11-16T00:00:00.000Z,תוניסיה,2,0,2
2021-11-16T00:00:00.000Z,צכיה,260,16,276
2021-11-16T00:00:00.000Z,תאילנד,2,0,2
2021-11-16T00:00:00.000Z,אתיופיה,19,9,28
2021-11-16T00:00:00.000Z,ירדן,69,47,116
2021-11-16T00:00:00.000Z,זאיר,0,1,1
2021-11-16T00:00:00.000Z,אוזבקיסטן,107,110,217
2021-11-16T00:00:00.000Z,תורכמניסטאן,3,0,3
2021-11-16T00:00:00.000Z,מצרים,213,50,263
2021-11-16T00:00:00.000Z,בילורוסיה,1,0,1
2021-11-16T00:00:00.000Z,פולין,162,51,213
2021-11-16T00:00:00.000Z,נפאל,7,2,9
2021-11-16T00:00:00.000Z,מולדובה,4,1,5
2021-11-16T00:00:00.000Z,מונקו,0,23,23
2021-11-16T00:00:00.000Z,חוף השנהב,1,1,2
2021-11-16T00:00:00.000Z,גווטאמלה,1,1,2
2021-11-16T00:00:00.000Z,רוסיה,89,95,184
2021-11-16T00:00:00.000Z,איסלנד,4,0,4
2021-11-16T00:00:00.000Z,קוסטה ריקה,2,0,2
2021-11-16T00:00:00.000Z,פינלנד,6,1,7
2021-11-16T00:00:00.000Z,פורטוגל,24,8,32
2021-11-16T00:00:00.000Z,אוסטריה,355,62,417
2021-11-16T00:00:00.000Z,לטביה,8,30,38
2021-11-16T00:00:00.000Z,אורגוואי,3,1,4
2021-11-16T00:00:00.000Z,גרמניה,426,133,559
2021-11-16T00:00:00.000Z,קנדה,58,91,149
2021-11-16T00:00:00.000Z,טוגו,0,1,1
2021-11-16T00:00:00.000Z,בלגיה,100,72,172
2021-11-16T00:00:00.000Z,גאנה,2,3,5
2021-11-16T00:00:00.000Z,נורבגיה,1,29,30
2021-11-16T00:00:00.000Z,הונגריה,426,60,486
2021-11-16T00:00:00.000Z,פיליפינים,2,1,3
2021-11-16T00:00:00.000Z,בחריין,0,1,1
2021-11-16T00:00:00.000Z,ליטא,66,33,99
2021-11-16T00:00:00.000Z,גאורגיה,165,37,202
2021-11-16T00:00:00.000Z,יוון,366,42,408
2021-11-16T00:00:00.000Z,אלבניה,1,0,1
2021-11-16T00:00:00.000Z,הונג קונג,2,0,2
2021-11-16T00:00:00.000Z,קוריאה הדרומית,1,1,2
2021-11-16T00:00:00.000Z,סלובניה,0,2,2
2021-11-16T00:00:00.000Z,יפן,0,1,1
2021-11-16T00:00:00.000Z,סנגל,1,0,1
2021-11-16T00:00:00.000Z,סרביה,9,4,13
2021-11-16T00:00:00.000Z,קרואטיה,0,2,2
2021-11-16T00:00:00.000Z,בורקינה פאסו,1,0,1
2021-11-16T00:00:00.000Z,לוכסמבורג,2,1,3
2021-11-16T00:00:00.000Z,קזחסטאן,1,1,2
2021-11-16T00:00:00.000Z,אוגנדה,1,1,2
2021-11-16T00:00:00.000Z,הרפ הדומיניקנית,3,0,3
2021-11-16T00:00:00.000Z,אסטוניה,2,1,3
2021-11-16T00:00:00.000Z,מקסיקו,8,6,14
2021-11-16T00:00:00.000Z,בוסניה הרצגובינה,1,0,1
2021-11-16T00:00:00.000Z,אזרביג'אן,10,0,10
2021-11-16T00:00:00.000Z,קמבודיה,0,1,1
2021-11-16T00:00:00.000Z,אירלנד,5,3,8
2021-11-16T00:00:00.000Z,הממלכה המאוחדת,458,309,767
2021-11-16T00:00:00.000Z,קניה,5,0,5
2021-11-16T00:00:00.000Z,קפריסין,187,48,235
2021-11-16T00:00:00.000Z,דנמרק,16,20,36
2021-11-16T00:00:00.000Z,צרפת,643,432,1075
2021-11-16T00:00:00.000Z,מלדיבים,7,6,13
2021-11-16T00:00:00.000Z,הולנד,400,61,461
2021-11-16T00:00:00.000Z,פנמה,2,4,6
2021-11-16T00:00:00.000Z,כלל המדינות,9581,4305,13886
2021-11-16T00:00:00.000Z,פרו,2,1,3
2021-11-16T00:00:00.000Z,אנגולה,4,5,9
2021-11-16T00:00:00.000Z,ספרד,157,11,168
2021-11-16T00:00:00.000Z,צ'ילה,0,1,1
2021-11-16T00:00:00.000Z,איטליה,655,91,746
2021-11-16T00:00:00.000Z,רואנדה,1,1,2
2021-11-16T00:00:00.000Z,מאוריציוס,2,0,2
2021-11-16T00:00:00.000Z,רומניה,127,31,158
2021-11-16T00:00:00.000Z,"קונגו, רפ. דמוק.",1,0,1
2021-11-16T00:00:00.000Z,שוודיה,5,11,16
2021-11-16T00:00:00.000Z,קטר,3,1,4
2021-11-16T00:00:00.000Z,מקדוניה,2,0,2
2021-11-16T00:00:00.000Z,ברזיל,7,22,29
2021-11-16T00:00:00.000Z,תורכיה,1352,496,1848
2021-11-16T00:00:00.000Z,סלובקיה,2,1,3
2021-11-16T00:00:00.000Z,איי סיישל,1,0,1
2021-11-16T00:00:00.000Z,דרום אפריקה,13,18,31
2021-11-16T00:00:00.000Z,מלטה,2,0,2
2021-11-16T00:00:00.000Z,תימן,1,0,1
2021-11-17T00:00:00.000Z,איטליה,674,113,787
2021-11-17T00:00:00.000Z,קזחסטאן,1,0,1
2021-11-17T00:00:00.000Z,אנגולה,4,0,4
2021-11-17T00:00:00.000Z,איי גילברט ואליס,0,2,2
2021-11-17T00:00:00.000Z,מרוקו,70,55,125
2021-11-17T00:00:00.000Z,פינלנד,1,25,26
2021-11-17T00:00:00.000Z,אירלנד,6,5,11
2021-11-17T00:00:00.000Z,אורגוואי,17,4,21
2021-11-17T00:00:00.000Z,שוודיה,8,15,23
2021-11-17T00:00:00.000Z,בילורוסיה,0,3,3
2021-11-17T00:00:00.000Z,לוכסמבורג,0,1,1
2021-11-17T00:00:00.000Z,פורטוגל,109,23,132
2021-11-17T00:00:00.000Z,פנמה,3,2,5
2021-11-17T00:00:00.000Z,קולומביה,0,5,5
2021-11-17T00:00:00.000Z,הרפ הדומיניקנית,3,1,4
2021-11-17T00:00:00.000Z,סרביה,11,3,14
2021-11-17T00:00:00.000Z,ניגריה,4,3,7
2021-11-17T00:00:00.000Z,קוריאה הדרומית,5,9,14
2021-11-17T00:00:00.000Z,חוף השנהב,2,0,2
2021-11-17T00:00:00.000Z,ברזיל,30,18,48
2021-11-17T00:00:00.000Z,יפן,0,4,4
2021-11-17T00:00:00.000Z,נפאל,3,0,3
2021-11-17T00:00:00.000Z,שוויץ,85,53,138
2021-11-17T00:00:00.000Z,איסלנד,0,1,1
2021-11-17T00:00:00.000Z,ערב הסעודית,2,0,2
2021-11-17T00:00:00.000Z,בולגריה,65,26,91
2021-11-17T00:00:00.000Z,גאורגיה,45,15,60
2021-11-17T00:00:00.000Z,גאנה,0,2,2
2021-11-17T00:00:00.000Z,אלבניה,3,0,3
2021-11-17T00:00:00.000Z,אוסטריה,208,102,310
2021-11-17T00:00:00.000Z,בחריין,1,0,1
2021-11-17T00:00:00.000Z,איחוד האמירויות הערב,779,93,872
2021-11-17T00:00:00.000Z,קוסטה ריקה,6,5,11
2021-11-17T00:00:00.000Z,טוגו,1,0,1
2021-11-17T00:00:00.000Z,מדגסקר,0,1,1
2021-11-17T00:00:00.000Z,אקואדור,2,0,2
2021-11-17T00:00:00.000Z,מונטנגרו,2,0,2
2021-11-17T00:00:00.000Z,בוסניה הרצגובינה,20,2,22
2021-11-17T00:00:00.000Z,פרו,4,1,5
2021-11-17T00:00:00.000Z,סרי לנקה (צילון),4,1,5
2021-11-17T00:00:00.000Z,קפריסין,234,47,281
2021-11-17T00:00:00.000Z,צרפת,391,403,794
2021-11-17T00:00:00.000Z,אוסטרליה,9,34,43
2021-11-17T00:00:00.000Z,מלזיה,0,1,1
2021-11-17T00:00:00.000Z,בלגיה,18,10,28
2021-11-17T00:00:00.000Z,דרום אפריקה,13,4,17
2021-11-17T00:00:00.000Z,קנדה,58,127,185
2021-11-17T00:00:00.000Z,סין,1,28,29
2021-11-17T00:00:00.000Z,רוסיה,99,91,190
2021-11-17T00:00:00.000Z,דנמרק,5,11,16
2021-11-17T00:00:00.000Z,ויטנאם,0,7,7
2021-11-17T00:00:00.000Z,עומן,0,1,1
2021-11-17T00:00:00.000Z,תורכמניסטאן,1,1,2
2021-11-17T00:00:00.000Z,אתיופיה,14,6,20
2021-11-17T00:00:00.000Z,אינדונזיה,1,0,1
2021-11-17T00:00:00.000Z,צכיה,193,23,216
2021-11-17T00:00:00.000Z,פרגוואי,0,2,2
2021-11-17T00:00:00.000Z,אוקראינה,230,213,443
2021-11-17T00:00:00.000Z,ירדן,57,37,94
2021-11-17T00:00:00.000Z,מצרים,135,38,173
2021-11-17T00:00:00.000Z,קירג'זסטאן,0,3,3
2021-11-17T00:00:00.000Z,קרואטיה,3,0,3
2021-11-17T00:00:00.000Z,מאוריציוס,69,0,69
2021-11-17T00:00:00.000Z,סנגל,1,0,1
2021-11-17T00:00:00.000Z,תימן,0,1,1
2021-11-17T00:00:00.000Z,אזרביג'אן,3,0,3
2021-11-17T00:00:00.000Z,ארמניה,2,1,3
2021-11-17T00:00:00.000Z,ארגנטינה,9,7,16
2021-11-17T00:00:00.000Z,מקסיקו,12,11,23
2021-11-17T00:00:00.000Z,קניה,2,0,2
2021-11-17T00:00:00.000Z,אנדורה,1,2,3
2021-11-17T00:00:00.000Z,גרנדה,0,1,1
2021-11-17T00:00:00.000Z,טיוואן,1,0,1
2021-11-17T00:00:00.000Z,כלל המדינות,8664,5108,13772
2021-11-17T00:00:00.000Z,רומניה,110,64,174
2021-11-17T00:00:00.000Z,גרמניה,416,243,659
2021-11-17T00:00:00.000Z,יוון,150,47,197
2021-11-17T00:00:00.000Z,טנזניה,6,0,6
2021-11-17T00:00:00.000Z,ליטא,5,1,6
2021-11-17T00:00:00.000Z,סלובניה,0,1,1
2021-11-17T00:00:00.000Z,תאילנד,55,144,199
2021-11-17T00:00:00.000Z,ספרד,313,133,446
2021-11-17T00:00:00.000Z,מלדיבים,15,2,17
2021-11-17T00:00:00.000Z,קמרון,1,1,2
2021-11-17T00:00:00.000Z,זמביה,0,1,1
2021-11-17T00:00:00.000Z,טרינידד וטובגו,2,0,2
2021-11-17T00:00:00.000Z,הודו,16,0,16
2021-11-17T00:00:00.000Z,הונגריה,301,42,343
2021-11-17T00:00:00.000Z,תורכיה,1189,482,1671
2021-11-17T00:00:00.000Z,סינגפור,3,10,13
2021-11-17T00:00:00.000Z,איי סיישל,62,1,63
2021-11-17T00:00:00.000Z,מלטה,105,18,123
2021-11-17T00:00:00.000Z,ארצות הברית,779,1088,1867
2021-11-17T00:00:00.000Z,פולין,51,19,70
2021-11-17T00:00:00.000Z,הממלכה המאוחדת,324,352,676
2021-11-17T00:00:00.000Z,פיליפינים,7,35,42
2021-11-17T00:00:00.000Z,נורבגיה,9,6,15
2021-11-17T00:00:00.000Z,אוזבקיסטן,5,6,11
2021-11-17T00:00:00.000Z,קוסובו,2,3,5
2021-11-17T00:00:00.000Z,הולנד,186,62,248
2021-11-18T00:00:00.000Z,לוכסמבורג,3,0,3
2021-11-18T00:00:00.000Z,פולין,208,70,278
2021-11-18T00:00:00.000Z,מרוקו,141,12,153
2021-11-18T00:00:00.000Z,תוניסיה,6,3,9
2021-11-18T00:00:00.000Z,בליז,0,2,2
2021-11-18T00:00:00.000Z,פרו,1,1,2
2021-11-18T00:00:00.000Z,אירלנד,26,7,33
2021-11-18T00:00:00.000Z,אוסטרליה,7,10,17
2021-11-18T00:00:00.000Z,ניו זילנד,0,5,5
2021-11-18T00:00:00.000Z,מונטנגרו,3,0,3
2021-11-18T00:00:00.000Z,ירדן,162,70,232
2021-11-18T00:00:00.000Z,דנמרק,18,13,31
2021-11-18T00:00:00.000Z,אסטוניה,2,6,8
2021-11-18T00:00:00.000Z,פינלנד,8,2,10
2021-11-18T00:00:00.000Z,הרפ הדומיניקנית,2,0,2
2021-11-18T00:00:00.000Z,נפאל,20,0,20
2021-11-18T00:00:00.000Z,סין,19,48,67
2021-11-18T00:00:00.000Z,גינאה,0,2,2
2021-11-18T00:00:00.000Z,מאוריציוס,23,0,23
2021-11-18T00:00:00.000Z,פרגוואי,2,0,2
2021-11-18T00:00:00.000Z,יוון,287,41,328
2021-11-18T00:00:00.000Z,אנגולה,2,1,3
2021-11-18T00:00:00.000Z,בילורוסיה,38,54,92
2021-11-18T00:00:00.000Z,אלבניה,10,2,12
2021-11-18T00:00:00.000Z,זמביה,5,0,5
2021-11-18T00:00:00.000Z,סרי לנקה (צילון),10,5,15
2021-11-18T00:00:00.000Z,אזרביג'אן,49,23,72
2021-11-18T00:00:00.000Z,סינגפור,4,2,6
2021-11-18T00:00:00.000Z,חוף השנהב,2,0,2
2021-11-18T00:00:00.000Z,רוסיה,102,149,251
2021-11-18T00:00:00.000Z,צ'ילה,0,4,4
2021-11-18T00:00:00.000Z,בוסניה הרצגובינה,5,0,5
2021-11-18T00:00:00.000Z,סנגל,3,2,5
2021-11-18T00:00:00.000Z,מולדובה,89,73,162
2021-11-18T00:00:00.000Z,שוויץ,96,51,147
2021-11-18T00:00:00.000Z,הולנד,413,135,548
2021-11-18T00:00:00.000Z,תאילנד,0,1,1
2021-11-18T00:00:00.000Z,בלגיה,92,129,221
2021-11-18T00:00:00.000Z,צרפת,580,490,1070
2021-11-18T00:00:00.000Z,מלדיבים,6,0,6
2021-11-18T00:00:00.000Z,מקסיקו,7,9,16
2021-11-18T00:00:00.000Z,קוריאה הדרומית,0,2,2
2021-11-18T00:00:00.000Z,מלטה,18,0,18
2021-11-18T00:00:00.000Z,גינאה המשוונית,2,2,4
2021-11-18T00:00:00.000Z,קרואטיה,2,0,2
2021-11-18T00:00:00.000Z,תורכמניסטאן,4,0,4
2021-11-18T00:00:00.000Z,דרום אפריקה,16,30,46
2021-11-18T00:00:00.000Z,רואנדה,1,0,1
2021-11-18T00:00:00.000Z,בורקינה פאסו,1,0,1
2021-11-18T00:00:00.000Z,ארמניה,1,0,1
2021-11-18T00:00:00.000Z,נורבגיה,14,6,20
2021-11-18T00:00:00.000Z,קפריסין,455,84,539
2021-11-18T00:00:00.000Z,ארגנטינה,4,20,24
2021-11-18T00:00:00.000Z,ספרד,37,13,50
2021-11-18T00:00:00.000Z,אוסטריה,365,105,470
2021-11-18T00:00:00.000Z,גאורגיה,661,95,756
2021-11-18T00:00:00.000Z,הודו,71,5,76
2021-11-18T00:00:00.000Z,הונגריה,696,92,788
2021-11-18T00:00:00.000Z,אוגנדה,7,4,11
2021-11-18T00:00:00.000Z,בחריין,30,0,30
2021-11-18T00:00:00.000Z,קנדה,10,29,39
2021-11-18T00:00:00.000Z,קזחסטאן,3,7,10
2021-11-18T00:00:00.000Z,טנזניה,5,0,5
2021-11-18T00:00:00.000Z,שוודיה,19,5,24
2021-11-18T00:00:00.000Z,יפן,1,0,1
2021-11-18T00:00:00.000Z,מצרים,289,96,385
2021-11-18T00:00:00.000Z,איסלנד,4,1,5
2021-11-18T00:00:00.000Z,מזרח טימור,0,1,1
2021-11-18T00:00:00.000Z,רומניה,2,1,3
2021-11-18T00:00:00.000Z,פנמה,3,4,7
2021-11-18T00:00:00.000Z,קמרון,1,0,1
2021-11-18T00:00:00.000Z,גמביה,0,1,1
2021-11-18T00:00:00.000Z,צכיה,411,34,445
2021-11-18T00:00:00.000Z,הממלכה המאוחדת,468,425,893
2021-11-18T00:00:00.000Z,קטר,1,0,1
2021-11-18T00:00:00.000Z,כלל המדינות,13779,6185,19964
2021-11-18T00:00:00.000Z,תורכיה,1672,573,2245
2021-11-18T00:00:00.000Z,אתיופיה,20,8,28
2021-11-18T00:00:00.000Z,איי סיישל,6,0,6
2021-11-18T00:00:00.000Z,ארצות הברית,1277,1528,2805
2021-11-18T00:00:00.000Z,כווית,1,0,1
2021-11-18T00:00:00.000Z,גרמניה,484,243,727
2021-11-18T00:00:00.000Z,ליטא,2,0,2
2021-11-18T00:00:00.000Z,אוקראינה,186,165,351
2021-11-18T00:00:00.000Z,סלובניה,3,0,3
2021-11-18T00:00:00.000Z,איחוד האמירויות הערב,1359,91,1450
2021-11-18T00:00:00.000Z,ויטנאם,0,1,1
2021-11-18T00:00:00.000Z,הונג קונג,4,15,19
2021-11-18T00:00:00.000Z,גאנה,0,1,1
2021-11-18T00:00:00.000Z,ניגריה,0,1,1
2021-11-18T00:00:00.000Z,קולומביה,3,2,5
2021-11-18T00:00:00.000Z,טיוואן,2,0,2
2021-11-18T00:00:00.000Z,סרביה,14,2,16
2021-11-18T00:00:00.000Z,טונגה,0,2,2
2021-11-18T00:00:00.000Z,קניה,7,2,9
2021-11-18T00:00:00.000Z,פיליפינים,10,5,15
2021-11-18T00:00:00.000Z,בולגריה,103,19,122
2021-11-18T00:00:00.000Z,אוזבקיסטן,5,13,18
2021-11-18T00:00:00.000Z,ברזיל,17,24,41
2021-11-18T00:00:00.000Z,אינדונזיה,0,2,2
2021-11-18T00:00:00.000Z,פורטוגל,243,42,285
2021-11-18T00:00:00.000Z,הונדורס,2,0,2
2021-11-18T00:00:00.000Z,איטליה,1128,204,1332
2021-11-19T00:00:00.000Z,מרוקו,205,5,210
2021-11-19T00:00:00.000Z,ליטא,16,0,16
2021-11-19T00:00:00.000Z,ספרד,681,121,802
2021-11-19T00:00:00.000Z,סלובניה,2,1,3
2021-11-19T00:00:00.000Z,מונטנגרו,1,0,1
2021-11-19T00:00:00.000Z,צרפת,382,176,558
2021-11-19T00:00:00.000Z,ערב הסעודית,0,1,1
2021-11-19T00:00:00.000Z,צכיה,308,24,332
2021-11-19T00:00:00.000Z,קוריאה הדרומית,10,8,18
2021-11-19T00:00:00.000Z,איחוד האמירויות הערב,485,43,528
2021-11-19T00:00:00.000Z,קפריסין,210,39,249
2021-11-19T00:00:00.000Z,הולנד,261,65,326
2021-11-19T00:00:00.000Z,אוזבקיסטן,5,0,5
2021-11-19T00:00:00.000Z,איטליה,602,56,658
2021-11-19T00:00:00.000Z,תורכיה,1030,252,1282
2021-11-19T00:00:00.000Z,סינגפור,19,12,31
2021-11-19T00:00:00.000Z,ארצות הברית,1503,872,2375
2021-11-19T00:00:00.000Z,קזחסטאן,1,1,2
2021-11-19T00:00:00.000Z,יוון,421,72,493
2021-11-19T00:00:00.000Z,קרואטיה,5,1,6
2021-11-19T00:00:00.000Z,בחריין,2,0,2
2021-11-19T00:00:00.000Z,אורגוואי,1,1,2
2021-11-19T00:00:00.000Z,גמביה,2,0,2
2021-11-19T00:00:00.000Z,"קונגו, רפ. דמוק.",1,0,1
2021-11-19T00:00:00.000Z,בנין (דהומי),1,0,1
2021-11-19T00:00:00.000Z,גיבוטי,1,0,1
2021-11-19T00:00:00.000Z,הודו,42,0,42
2021-11-19T00:00:00.000Z,קניה,6,1,7
2021-11-19T00:00:00.000Z,פולין,223,67,290
2021-11-19T00:00:00.000Z,צאד,1,0,1
2021-11-19T00:00:00.000Z,שוודיה,7,2,9
2021-11-19T00:00:00.000Z,לוכסמבורג,3,1,4
2021-11-19T00:00:00.000Z,טנזניה,3,0,3
2021-11-19T00:00:00.000Z,ונצואלה,0,2,2
2021-11-19T00:00:00.000Z,כלל המדינות,11835,3756,15591
2021-11-19T00:00:00.000Z,הונג קונג,1,0,1
2021-11-19T00:00:00.000Z,בלגיה,124,38,162
2021-11-19T00:00:00.000Z,שוויץ,265,87,352
2021-11-19T00:00:00.000Z,נפאל,4,5,9
2021-11-19T00:00:00.000Z,גויאנה הצרפתית,1,0,1
2021-11-19T00:00:00.000Z,אזרביג'אן,3,2,5
2021-11-19T00:00:00.000Z,גרמניה,1054,253,1307
2021-11-19T00:00:00.000Z,אסטוניה,4,1,5
2021-11-19T00:00:00.000Z,ירדן,33,18,51
2021-11-19T00:00:00.000Z,ניגריה,10,0,10
2021-11-19T00:00:00.000Z,תורכמניסטאן,3,2,5
2021-11-19T00:00:00.000Z,סרביה,8,0,8
2021-11-19T00:00:00.000Z,אוגנדה,2,1,3
2021-11-19T00:00:00.000Z,פרו,0,3,3
2021-11-19T00:00:00.000Z,דרום אפריקה,9,6,15
2021-11-19T00:00:00.000Z,לטביה,1,1,2
2021-11-19T00:00:00.000Z,קנדה,73,111,184
2021-11-19T00:00:00.000Z,סרי לנקה (צילון),10,0,10
2021-11-19T00:00:00.000Z,מלטה,84,5,89
2021-11-19T00:00:00.000Z,גאורגיה,300,61,361
2021-11-19T00:00:00.000Z,רוסיה,103,92,195
2021-11-19T00:00:00.000Z,אוקראינה,262,214,476
2021-11-19T00:00:00.000Z,אלבניה,2,0,2
2021-11-19T00:00:00.000Z,פורטוגל,28,7,35
2021-11-19T00:00:00.000Z,דנמרק,25,10,35
2021-11-19T00:00:00.000Z,אנגולה,4,0,4
2021-11-19T00:00:00.000Z,אוסטרליה,3,7,10
2021-11-19T00:00:00.000Z,הונדורס,1,17,18
2021-11-19T00:00:00.000Z,אקואדור,3,11,14
2021-11-19T00:00:00.000Z,קוסטה ריקה,7,4,11
2021-11-19T00:00:00.000Z,ארגנטינה,9,16,25
2021-11-19T00:00:00.000Z,הממלכה המאוחדת,573,193,766
2021-11-19T00:00:00.000Z,נורבגיה,15,6,21
2021-11-19T00:00:00.000Z,פיליפינים,4,2,6
2021-11-19T00:00:00.000Z,קירג'זסטאן,1,0,1
2021-11-19T00:00:00.000Z,אוסטריה,474,64,538
2021-11-19T00:00:00.000Z,איי גילברט ואליס,0,1,1
2021-11-19T00:00:00.000Z,גווטאמלה,1,5,6
2021-11-19T00:00:00.000Z,זאיר,2,0,2
2021-11-19T00:00:00.000Z,ברזיל,23,4,27
2021-11-19T00:00:00.000Z,פינלנד,0,6,6
2021-11-19T00:00:00.000Z,פנמה,1,1,2
2021-11-19T00:00:00.000Z,גאנה,5,0,5
2021-11-19T00:00:00.000Z,איי פיגי,0,1,1
2021-11-19T00:00:00.000Z,מלדיבים,9,1,10
2021-11-19T00:00:00.000Z,ברבדוס,0,1,1
2021-11-19T00:00:00.000Z,רומניה,194,46,240
2021-11-19T00:00:00.000Z,אירלנד,18,5,23
2021-11-19T00:00:00.000Z,בוליביה,2,0,2
2021-11-19T00:00:00.000Z,סט. לוציה,0,1,1
2021-11-19T00:00:00.000Z,דומיניקה,0,1,1
2021-11-19T00:00:00.000Z,סנגל,1,2,3
2021-11-19T00:00:00.000Z,מקסיקו,13,11,24
2021-11-19T00:00:00.000Z,צ'ילה,4,5,9
2021-11-19T00:00:00.000Z,הרפ הדומיניקנית,1,6,7
2021-11-19T00:00:00.000Z,תאילנד,148,22,170
2021-11-19T00:00:00.000Z,בולגריה,99,19,118
2021-11-19T00:00:00.000Z,מולדובה,2,4,6
2021-11-19T00:00:00.000Z,ויטנאם,1,0,1
2021-11-19T00:00:00.000Z,יפן,0,5,5
2021-11-19T00:00:00.000Z,מצרים,254,47,301
2021-11-19T00:00:00.000Z,מלזיה,0,2,2
2021-11-19T00:00:00.000Z,האנטילים ההולנדים,0,1,1
2021-11-19T00:00:00.000Z,חוף השנהב,4,0,4
2021-11-19T00:00:00.000Z,קולומביה,3,3,6
2021-11-19T00:00:00.000Z,בוסניה הרצגובינה,1,0,1
2021-11-19T00:00:00.000Z,הונגריה,532,73,605
2021-11-20T00:00:00.000Z,אוקראינה,136,121,257
2021-11-20T00:00:00.000Z,תימן,0,1,1
2021-11-20T00:00:00.000Z,קפריסין,572,65,637
2021-11-20T00:00:00.000Z,שוויץ,79,28,107
2021-11-20T00:00:00.000Z,אקואדור,3,4,7
2021-11-20T00:00:00.000Z,איי סיישל,6,0,6
2021-11-20T00:00:00.000Z,גואם,0,1,1
2021-11-20T00:00:00.000Z,סנגל,1,0,1
2021-11-20T00:00:00.000Z,בורקינה פאסו,1,2,3
2021-11-20T00:00:00.000Z,אנגולה,6,0,6
2021-11-20T00:00:00.000Z,צרפת,313,234,547
2021-11-20T00:00:00.000Z,צכיה,263,11,274
2021-11-20T00:00:00.000Z,ליבריה,1,0,1
2021-11-20T00:00:00.000Z,רומניה,213,35,248
2021-11-20T00:00:00.000Z,מלדיבים,8,3,11
2021-11-20T00:00:00.000Z,סרי לנקה (צילון),6,1,7
2021-11-20T00:00:00.000Z,קרואטיה,2,2,4
2021-11-20T00:00:00.000Z,בוליביה,0,1,1
2021-11-20T00:00:00.000Z,מלטה,169,11,180
2021-11-20T00:00:00.000Z,ארצות הברית,772,747,1519
2021-11-20T00:00:00.000Z,נמיביה,2,3,5
2021-11-20T00:00:00.000Z,בלגיה,79,34,113
2021-11-20T00:00:00.000Z,אירלנד,6,7,13
2021-11-20T00:00:00.000Z,לוכסמבורג,1,0,1
2021-11-20T00:00:00.000Z,איטליה,1134,126,1260
2021-11-20T00:00:00.000Z,סין,0,2,2
2021-11-20T00:00:00.000Z,קנדה,4,10,14
2021-11-20T00:00:00.000Z,זמביה,0,22,22
2021-11-20T00:00:00.000Z,הונג קונג,0,1,1
2021-11-20T00:00:00.000Z,הונדורס,1,1,2
2021-11-20T00:00:00.000Z,ברזיל,7,8,15
2021-11-20T00:00:00.000Z,גרמניה,403,172,575
2021-11-20T00:00:00.000Z,בחריין,3,0,3
2021-11-20T00:00:00.000Z,אוזבקיסטן,9,2,11
2021-11-20T00:00:00.000Z,מלאווי,0,1,1
2021-11-20T00:00:00.000Z,אלבניה,0,3,3
2021-11-20T00:00:00.000Z,גווטאמלה,2,0,2
2021-11-20T00:00:00.000Z,אזרביג'אן,3,1,4
2021-11-20T00:00:00.000Z,נורבגיה,6,10,16
2021-11-20T00:00:00.000Z,קטר,0,1,1
2021-11-20T00:00:00.000Z,קמרון,0,1,1
2021-11-20T00:00:00.000Z,הונגריה,317,11,328
2021-11-20T00:00:00.000Z,סרביה,1,3,4
2021-11-20T00:00:00.000Z,קוריאה הדרומית,4,16,20
2021-11-20T00:00:00.000Z,סינגפור,5,12,17
2021-11-20T00:00:00.000Z,דנמרק,18,35,53
2021-11-20T00:00:00.000Z,שוודיה,10,15,25
2021-11-20T00:00:00.000Z,תורכמניסטאן,12,4,16
2021-11-20T00:00:00.000Z,לאוס,0,1,1
2021-11-20T00:00:00.000Z,כווית,2,0,2
2021-11-20T00:00:00.000Z,צ'ילה,1,0,1
2021-11-20T00:00:00.000Z,הולנד,194,62,256
2021-11-20T00:00:00.000Z,נפאל,5,2,7
2021-11-20T00:00:00.000Z,סלובניה,1,0,1
2021-11-20T00:00:00.000Z,בוסניה הרצגובינה,1,0,1
2021-11-20T00:00:00.000Z,מרוקו,16,0,16
2021-11-20T00:00:00.000Z,הודו,93,54,147
2021-11-20T00:00:00.000Z,תאילנד,1,6,7
2021-11-20T00:00:00.000Z,ויטנאם,0,1,1
2021-11-20T00:00:00.000Z,איחוד האמירויות הערב,433,82,515
2021-11-20T00:00:00.000Z,אתיופיה,38,13,51
2021-11-20T00:00:00.000Z,אוסטריה,245,37,282
2021-11-20T00:00:00.000Z,גאנה,6,1,7
2021-11-20T00:00:00.000Z,קולומביה,2,1,3
2021-11-20T00:00:00.000Z,רוסיה,9,6,15
2021-11-20T00:00:00.000Z,אוגנדה,5,2,7
2021-11-20T00:00:00.000Z,ירדן,42,10,52
2021-11-20T00:00:00.000Z,זימבאבווה,2,0,2
2021-11-20T00:00:00.000Z,קניה,18,16,34
2021-11-20T00:00:00.000Z,פרו,5,5,10
2021-11-20T00:00:00.000Z,קוסטה ריקה,3,0,3
2021-11-20T00:00:00.000Z,מקסיקו,13,6,19
2021-11-20T00:00:00.000Z,ערב הסעודית,1,1,2
2021-11-20T00:00:00.000Z,פורטוגל,121,20,141
2021-11-20T00:00:00.000Z,אסטוניה,1,2,3
2021-11-20T00:00:00.000Z,פיליפינים,1,4,5
2021-11-20T00:00:00.000Z,ניקרגואה,0,2,2
2021-11-20T00:00:00.000Z,יפן,0,2,2
2021-11-20T00:00:00.000Z,ארמניה,2,1,3
2021-11-20T00:00:00.000Z,כלל המדינות,9743,3419,13162
2021-11-20T00:00:00.000Z,הממלכה המאוחדת,363,193,556
2021-11-20T00:00:00.000Z,חוף השנהב,1,0,1
2021-11-20T00:00:00.000Z,ארגנטינה,7,1,8
2021-11-20T00:00:00.000Z,לטביה,36,21,57
2021-11-20T00:00:00.000Z,בולגריה,2,0,2
2021-11-20T00:00:00.000Z,אוסטרליה,5,4,9
2021-11-20T00:00:00.000Z,בליז,0,1,1
2021-11-20T00:00:00.000Z,קונגו,0,3,3
2021-11-20T00:00:00.000Z,זאיר,0,1,1
2021-11-20T00:00:00.000Z,יוון,281,36,317
2021-11-20T00:00:00.000Z,מצרים,836,95,931
2021-11-20T00:00:00.000Z,הרפ הדומיניקנית,2,0,2
2021-11-20T00:00:00.000Z,גבון,2,0,2
2021-11-20T00:00:00.000Z,תוניסיה,0,3,3
2021-11-20T00:00:00.000Z,ניו זילנד,1,0,1
2021-11-20T00:00:00.000Z,מוזמביק,0,2,2
2021-11-20T00:00:00.000Z,קזחסטאן,0,2,2
2021-11-20T00:00:00.000Z,איי נורפולק,2,0,2
2021-11-20T00:00:00.000Z,ליטא,64,44,108
2021-11-20T00:00:00.000Z,פנמה,2,4,6
2021-11-20T00:00:00.000Z,סווזילנד,1,0,1
2021-11-20T00:00:00.000Z,ספרד,163,43,206
2021-11-20T00:00:00.000Z,פינלנד,0,13,13
2021-11-20T00:00:00.000Z,גאורגיה,249,23,272
2021-11-20T00:00:00.000Z,טנזניה,7,7,14
2021-11-20T00:00:00.000Z,גמייקה,0,1,1
2021-11-20T00:00:00.000Z,דרום אפריקה,16,14,30
2021-11-20T00:00:00.000Z,תורכיה,1328,393,1721
2021-11-20T00:00:00.000Z,ניגריה,5,5,10
2021-11-20T00:00:00.000Z,רואנדה,8,0,8
2021-11-20T00:00:00.000Z,פולין,150,22,172
2021-11-21T00:00:00.000Z,קרואטיה,1,1,2
2021-11-21T00:00:00.000Z,קמבודיה,0,5,5
2021-11-21T00:00:00.000Z,לוכסמבורג,2,2,4
2021-11-21T00:00:00.000Z,בהמס,0,1,1
2021-11-21T00:00:00.000Z,מלדיבים,8,0,8
2021-11-21T00:00:00.000Z,בלגיה,44,50,94
2021-11-21T00:00:00.000Z,צרפת,841,429,1270
2021-11-21T00:00:00.000Z,רואנדה,0,22,22
2021-11-21T00:00:00.000Z,אסטוניה,0,3,3
2021-11-21T00:00:00.000Z,מרוקו,81,29,110
2021-11-21T00:00:00.000Z,אוגנדה,2,1,3
2021-11-21T00:00:00.000Z,סרביה,8,8,16
2021-11-21T00:00:00.000Z,גאנה,2,1,3
2021-11-21T00:00:00.000Z,סלובקיה,0,3,3
2021-11-21T00:00:00.000Z,בולגריה,14,5,19
2021-11-21T00:00:00.000Z,מקדוניה,0,1,1
2021-11-21T00:00:00.000Z,ניגריה,4,13,17
2021-11-21T00:00:00.000Z,אוסטריה,409,75,484
2021-11-21T00:00:00.000Z,פרו,1,0,1
2021-11-21T00:00:00.000Z,אלבניה,0,14,14
2021-11-21T00:00:00.000Z,רומניה,129,9,138
2021-11-21T00:00:00.000Z,אזרביג'אן,29,34,63
2021-11-21T00:00:00.000Z,אורגוואי,3,4,7
2021-11-21T00:00:00.000Z,חוף השנהב,0,4,4
2021-11-21T00:00:00.000Z,גרמניה,666,320,986
2021-11-21T00:00:00.000Z,סלובניה,0,1,1
2021-11-21T00:00:00.000Z,ניקרגואה,0,1,1
2021-11-21T00:00:00.000Z,שוויץ,335,136,471
2021-11-21T00:00:00.000Z,פורטוגל,83,24,107
2021-11-21T00:00:00.000Z,איטליה,1138,121,1259
2021-11-21T00:00:00.000Z,קנדה,52,79,131
2021-11-21T00:00:00.000Z,תאילנד,7,2,9
2021-11-21T00:00:00.000Z,נמיביה,9,1,10
2021-11-21T00:00:00.000Z,תימן,1,0,1
2021-11-21T00:00:00.000Z,כלל המדינות,16262,5343,21605
2021-11-21T00:00:00.000Z,יוון,710,53,763
2021-11-21T00:00:00.000Z,ערב הסעודית,0,1,1
2021-11-21T00:00:00.000Z,קוסובו,0,1,1
2021-11-21T00:00:00.000Z,סרי לנקה (צילון),7,3,10
2021-11-21T00:00:00.000Z,הולנד,337,85,422
2021-11-21T00:00:00.000Z,דרום אפריקה,6,17,23
2021-11-21T00:00:00.000Z,פיליפינים,5,8,13
2021-11-21T00:00:00.000Z,לטביה,2,1,3
2021-11-21T00:00:00.000Z,צ'ילה,0,1,1
2021-11-21T00:00:00.000Z,יפן,0,3,3
2021-11-21T00:00:00.000Z,בליז,0,1,1
2021-11-21T00:00:00.000Z,ליטא,73,22,95
2021-11-21T00:00:00.000Z,קזחסטאן,2,1,3
2021-11-21T00:00:00.000Z,ארמניה,1,1,2
2021-11-21T00:00:00.000Z,אירלנד,7,7,14
2021-11-21T00:00:00.000Z,מקסיקו,7,8,15
2021-11-21T00:00:00.000Z,הממלכה המאוחדת,568,327,895
2021-11-21T00:00:00.000Z,ברזיל,6,17,23
2021-11-21T00:00:00.000Z,מאוריטניה,0,1,1
2021-11-21T00:00:00.000Z,איחוד האמירויות הערב,1260,135,1395
2021-11-21T00:00:00.000Z,טוגו,1,0,1
2021-11-21T00:00:00.000Z,אוסטרליה,7,13,20
2021-11-21T00:00:00.000Z,קולומביה,6,9,15
2021-11-21T00:00:00.000Z,טנזניה,3,0,3
2021-11-21T00:00:00.000Z,סינגפור,0,8,8
2021-11-21T00:00:00.000Z,גאורגיה,720,60,780
2021-11-21T00:00:00.000Z,שוודיה,9,8,17
2021-11-21T00:00:00.000Z,גויאנה הצרפתית,3,0,3
2021-11-21T00:00:00.000Z,פינלנד,3,6,9
2021-11-21T00:00:00.000Z,הודו,48,23,71
2021-11-21T00:00:00.000Z,ארגנטינה,11,9,20
2021-11-21T00:00:00.000Z,מלזיה,0,2,2
2021-11-21T00:00:00.000Z,תורכמניסטאן,0,1,1
2021-11-21T00:00:00.000Z,דנמרק,20,13,33
2021-11-21T00:00:00.000Z,תורכיה,1793,460,2253
2021-11-21T00:00:00.000Z,זימבאבווה,0,2,2
2021-11-21T00:00:00.000Z,בוטסואנה,0,2,2
2021-11-21T00:00:00.000Z,איי גילברט ואליס,1,0,1
2021-11-21T00:00:00.000Z,מונטנגרו,2,0,2
2021-11-21T00:00:00.000Z,ניו זילנד,0,2,2
2021-11-21T00:00:00.000Z,קמרון,0,3,3
2021-11-21T00:00:00.000Z,ליבריה,0,2,2
2021-11-21T00:00:00.000Z,גינאה,0,2,2
2021-11-21T00:00:00.000Z,בחריין,3,1,4
2021-11-21T00:00:00.000Z,נורבגיה,7,6,13
2021-11-21T00:00:00.000Z,פרגוואי,0,2,2
2021-11-21T00:00:00.000Z,צכיה,605,27,632
2021-11-21T00:00:00.000Z,אוקראינה,256,132,388
2021-11-21T00:00:00.000Z,בילורוסיה,70,34,104
2021-11-21T00:00:00.000Z,הרפ הדומיניקנית,6,4,10
2021-11-21T00:00:00.000Z,פנמה,1,2,3
2021-11-21T00:00:00.000Z,אתיופיה,10,29,39
2021-11-21T00:00:00.000Z,מלטה,3,1,4
2021-11-21T00:00:00.000Z,איי סיישל,4,0,4
2021-11-21T00:00:00.000Z,סין,0,1,1
2021-11-21T00:00:00.000Z,ספרד,635,128,763
2021-11-21T00:00:00.000Z,גמביה,0,1,1
2021-11-21T00:00:00.000Z,זאיר,0,8,8
2021-11-21T00:00:00.000Z,מצרים,884,115,999
2021-11-21T00:00:00.000Z,אקואדור,8,2,10
2021-11-21T00:00:00.000Z,אוזבקיסטן,5,3,8
2021-11-21T00:00:00.000Z,קניה,5,2,7
2021-11-21T00:00:00.000Z,בוסניה הרצגובינה,0,3,3
2021-11-21T00:00:00.000Z,אנגולה,5,0,5
2021-11-21T00:00:00.000Z,ארצות הברית,569,1041,1610
2021-11-21T00:00:00.000Z,קפריסין,740,84,824
2021-11-21T00:00:00.000Z,דרום סודאן,0,1,1
2021-11-21T00:00:00.000Z,מולדובה,87,45,132
2021-11-21T00:00:00.000Z,קוריאה הדרומית,5,18,23
2021-11-21T00:00:00.000Z,האיטי,1,0,1
2021-11-21T00:00:00.000Z,ירדן,387,148,535
2021-11-21T00:00:00.000Z,רוסיה,124,100,224
2021-11-21T00:00:00.000Z,מאוריציוס,3,1,4
2021-11-21T00:00:00.000Z,מלאווי,0,1,1
2021-11-21T00:00:00.000Z,לסוטו,0,1,1
2021-11-21T00:00:00.000Z,גווטאמלה,0,1,1
2021-11-21T00:00:00.000Z,פולין,409,42,451
2021-11-21T00:00:00.000Z,פורטו ריקו,0,1,1
2021-11-21T00:00:00.000Z,הונגריה,886,75,961
2021-11-21T00:00:00.000Z,נפאל,2,0,2
2021-11-22T00:00:00.000Z,צרפת,757,312,1069
2021-11-22T00:00:00.000Z,טג'יקיסטאן,3,0,3
2021-11-22T00:00:00.000Z,פורטוגל,157,13,170
2021-11-22T00:00:00.000Z,אוסטריה,727,48,775
2021-11-22T00:00:00.000Z,איסלנד,0,1,1
2021-11-22T00:00:00.000Z,אזרביג'אן,1,1,2
2021-11-22T00:00:00.000Z,פינלנד,3,10,13
2021-11-22T00:00:00.000Z,מלדיבים,17,2,19
2021-11-22T00:00:00.000Z,דרום אפריקה,27,31,58
2021-11-22T00:00:00.000Z,קולומביה,3,14,17
2021-11-22T00:00:00.000Z,אסטוניה,4,0,4
2021-11-22T00:00:00.000Z,איי טורקס וקייקוס,2,0,2
2021-11-22T00:00:00.000Z,מאלי,0,1,1
2021-11-22T00:00:00.000Z,הולנד,328,41,369
2021-11-22T00:00:00.000Z,אקואדור,4,0,4
2021-11-22T00:00:00.000Z,אוקראינה,362,251,613
2021-11-22T00:00:00.000Z,כלל המדינות,15895,5440,21335
2021-11-22T00:00:00.000Z,דנמרק,8,7,15
2021-11-22T00:00:00.000Z,שוויץ,149,68,217
2021-11-22T00:00:00.000Z,הממלכה המאוחדת,949,356,1305
2021-11-22T00:00:00.000Z,ניגר,0,1,1
2021-11-22T00:00:00.000Z,גאורגיה,459,59,518
2021-11-22T00:00:00.000Z,אלבניה,1,7,8
2021-11-22T00:00:00.000Z,הונדורס,2,0,2
2021-11-22T00:00:00.000Z,קניה,11,1,12
2021-11-22T00:00:00.000Z,פרו,0,5,5
2021-11-22T00:00:00.000Z,אוסטרליה,14,11,25
2021-11-22T00:00:00.000Z,סינגפור,0,6,6
2021-11-22T00:00:00.000Z,קנדה,46,149,195
2021-11-22T00:00:00.000Z,אורגוואי,5,2,7
2021-11-22T00:00:00.000Z,תורכיה,1290,286,1576
2021-11-22T00:00:00.000Z,קובה,0,2,2
2021-11-22T00:00:00.000Z,פולין,318,38,356
2021-11-22T00:00:00.000Z,גויאנה הצרפתית,3,0,3
2021-11-22T00:00:00.000Z,ברבדוס,2,0,2
2021-11-22T00:00:00.000Z,קרואטיה,4,4,8
2021-11-22T00:00:00.000Z,אתיופיה,18,17,35
2021-11-22T00:00:00.000Z,רוסיה,99,176,275
2021-11-22T00:00:00.000Z,פנמה,4,9,13
2021-11-22T00:00:00.000Z,האנטילים ההולנדים,1,0,1
2021-11-22T00:00:00.000Z,סין,0,2,2
2021-11-22T00:00:00.000Z,ניגריה,6,2,8
2021-11-22T00:00:00.000Z,הודו,81,5,86
2021-11-22T00:00:00.000Z,אוגנדה,3,7,10
2021-11-22T00:00:00.000Z,מונטנגרו,2,0,2
2021-11-22T00:00:00.000Z,קירג'זסטאן,1,0,1
2021-11-22T00:00:00.000Z,ארמניה,6,2,8
2021-11-22T00:00:00.000Z,סלובקיה,1,0,1
2021-11-22T00:00:00.000Z,גויאנה,2,0,2
2021-11-22T00:00:00.000Z,קטר,0,1,1
2021-11-22T00:00:00.000Z,קפריסין,383,62,445
2021-11-22T00:00:00.000Z,ספרד,431,154,585
2021-11-22T00:00:00.000Z,קמרון,2,0,2
2021-11-22T00:00:00.000Z,בולגריה,433,34,467
2021-11-22T00:00:00.000Z,אינדונזיה,0,1,1
2021-11-22T00:00:00.000Z,ברזיל,26,19,45
2021-11-22T00:00:00.000Z,נורבגיה,14,1,15
2021-11-22T00:00:00.000Z,פולינזיה הצרפתית,1,0,1
2021-11-22T00:00:00.000Z,פאפואה,2,0,2
2021-11-22T00:00:00.000Z,ארצות הברית,1286,1556,2842
2021-11-22T00:00:00.000Z,גרמניה,646,247,893
2021-11-22T00:00:00.000Z,בלגיה,153,103,256
2021-11-22T00:00:00.000Z,סיירה ליאונה,0,1,1
2021-11-22T00:00:00.000Z,תאילנד,152,7,159
2021-11-22T00:00:00.000Z,סרביה,11,8,19
2021-11-22T00:00:00.000Z,זימבאבווה,3,0,3
2021-11-22T00:00:00.000Z,קוסטה ריקה,1,5,6
2021-11-22T00:00:00.000Z,צ'ילה,2,13,15
2021-11-22T00:00:00.000Z,איי סיישל,78,6,84
2021-11-22T00:00:00.000Z,ירדן,99,105,204
2021-11-22T00:00:00.000Z,שוודיה,12,10,22
2021-11-22T00:00:00.000Z,ליטא,3,0,3
2021-11-22T00:00:00.000Z,נפאל,3,1,4
2021-11-22T00:00:00.000Z,יפן,0,1,1
2021-11-22T00:00:00.000Z,צכיה,497,36,533
2021-11-22T00:00:00.000Z,אוזבקיסטן,4,8,12
2021-11-22T00:00:00.000Z,דרום סודאן,1,0,1
2021-11-22T00:00:00.000Z,פורטו ריקו,0,21,21
2021-11-22T00:00:00.000Z,אנגולה,4,0,4
2021-11-22T00:00:00.000Z,קוריאה הדרומית,6,0,6
2021-11-22T00:00:00.000Z,טנזניה,4,4,8
2021-11-22T00:00:00.000Z,בוסניה הרצגובינה,1,0,1
2021-11-22T00:00:00.000Z,פיליפינים,0,14,14
2021-11-22T00:00:00.000Z,לוכסמבורג,1,1,2
2021-11-22T00:00:00.000Z,רומניה,164,25,189
2021-11-22T00:00:00.000Z,זמביה,3,0,3
2021-11-22T00:00:00.000Z,צאד,1,0,1
2021-11-22T00:00:00.000Z,ערב הסעודית,5,0,5
2021-11-22T00:00:00.000Z,הונגריה,671,46,717
2021-11-22T00:00:00.000Z,סורינם,0,2,2
2021-11-22T00:00:00.000Z,גאנה,2,2,4
2021-11-22T00:00:00.000Z,מרוקו,126,5,131
2021-11-22T00:00:00.000Z,יוון,971,48,1019
2021-11-22T00:00:00.000Z,אירלנד,4,6,10
2021-11-22T00:00:00.000Z,מאוריציוס,2,0,2
2021-11-22T00:00:00.000Z,אל סלבדור,1,0,1
2021-11-22T00:00:00.000Z,סרי לנקה (צילון),5,0,5
2021-11-22T00:00:00.000Z,בחריין,48,1,49
2021-11-22T00:00:00.000Z,תוניסיה,2,1,3
2021-11-22T00:00:00.000Z,מצרים,372,50,422
2021-11-22T00:00:00.000Z,ארגנטינה,8,13,21
2021-11-22T00:00:00.000Z,סלובניה,11,1,12
2021-11-22T00:00:00.000Z,איטליה,1305,127,1432
2021-11-22T00:00:00.000Z,פרגוואי,0,1,1
2021-11-22T00:00:00.000Z,טוגו,0,1,1
2021-11-22T00:00:00.000Z,איחוד האמירויות הערב,1075,154,1229
2021-11-22T00:00:00.000Z,קזחסטאן,3,3,6
2021-11-22T00:00:00.000Z,מקסיקו,23,18,41
2021-11-23T00:00:00.000Z,לטביה,20,11,31
2021-11-23T00:00:00.000Z,זמביה,2,0,2
2021-11-23T00:00:00.000Z,ליטא,81,30,111
2021-11-23T00:00:00.000Z,צ'ילה,1,7,8
2021-11-23T00:00:00.000Z,תאילנד,3,1,4
2021-11-23T00:00:00.000Z,פולין,359,65,424
2021-11-23T00:00:00.000Z,איי סיישל,0,1,1
2021-11-23T00:00:00.000Z,בנין (דהומי),0,2,2
2021-11-23T00:00:00.000Z,הולנד,342,52,394
2021-11-23T00:00:00.000Z,הונגריה,401,56,457
2021-11-23T00:00:00.000Z,צכיה,451,69,520
2021-11-23T00:00:00.000Z,דרום אפריקה,17,7,24
2021-11-23T00:00:00.000Z,אוזבקיסטן,115,91,206
2021-11-23T00:00:00.000Z,ערב הסעודית,2,0,2
2021-11-23T00:00:00.000Z,תורכיה,1358,580,1938
2021-11-23T00:00:00.000Z,סנגל,2,0,2
2021-11-23T00:00:00.000Z,אסטוניה,0,1,1
2021-11-23T00:00:00.000Z,אנגליה,1,0,1
2021-11-23T00:00:00.000Z,אוסטרליה,17,11,28
2021-11-23T00:00:00.000Z,אתיופיה,7,8,15
2021-11-23T00:00:00.000Z,אנגולה,4,1,5
2021-11-23T00:00:00.000Z,צרפת,692,416,1108
2021-11-23T00:00:00.000Z,ספרד,334,28,362
2021-11-23T00:00:00.000Z,הודו,111,69,180
2021-11-23T00:00:00.000Z,נמיביה,1,0,1
2021-11-23T00:00:00.000Z,דנמרק,9,8,17
2021-11-23T00:00:00.000Z,מצרים,155,55,210
2021-11-23T00:00:00.000Z,האנטילים ההולנדים,1,0,1
2021-11-23T00:00:00.000Z,נורבגיה,3,2,5
2021-11-23T00:00:00.000Z,זימבאבווה,0,1,1
2021-11-23T00:00:00.000Z,בולגריה,2,0,2
2021-11-23T00:00:00.000Z,בוסניה הרצגובינה,0,1,1
2021-11-23T00:00:00.000Z,גרמניה,383,130,513
2021-11-23T00:00:00.000Z,יוון,448,43,491
2021-11-23T00:00:00.000Z,אירלנד,7,0,7
2021-11-23T00:00:00.000Z,קולומביה,3,5,8
2021-11-23T00:00:00.000Z,קוסטה ריקה,1,3,4
2021-11-23T00:00:00.000Z,ארגנטינה,19,9,28
2021-11-23T00:00:00.000Z,קמרון,1,0,1
2021-11-23T00:00:00.000Z,נפאל,5,1,6
2021-11-23T00:00:00.000Z,טנזניה,12,0,12
2021-11-23T00:00:00.000Z,תימן,1,3,4
2021-11-23T00:00:00.000Z,שוויץ,94,23,117
2021-11-23T00:00:00.000Z,גאנה,2,0,2
2021-11-23T00:00:00.000Z,בהמס,2,1,3
2021-11-23T00:00:00.000Z,מקדוניה,0,1,1
2021-11-23T00:00:00.000Z,כלל המדינות,10785,4917,15702
2021-11-23T00:00:00.000Z,סרי לנקה (צילון),2,0,2
2021-11-23T00:00:00.000Z,פרו,0,2,2
2021-11-23T00:00:00.000Z,קנדה,62,83,145
2021-11-23T00:00:00.000Z,תורכמניסטאן,4,1,5
2021-11-23T00:00:00.000Z,אזרביג'אן,7,0,7
2021-11-23T00:00:00.000Z,ארצות הברית,905,1326,2231
2021-11-23T00:00:00.000Z,מונטנגרו,2,1,3
2021-11-23T00:00:00.000Z,ניגריה,2,1,3
2021-11-23T00:00:00.000Z,הממלכה המאוחדת,742,309,1051
2021-11-23T00:00:00.000Z,רוסיה,66,109,175
2021-11-23T00:00:00.000Z,רומניה,168,32,200
2021-11-23T00:00:00.000Z,שוודיה,5,9,14
2021-11-23T00:00:00.000Z,מלדיבים,17,2,19
2021-11-23T00:00:00.000Z,פנמה,0,2,2
2021-11-23T00:00:00.000Z,הרפ הדומיניקנית,1,0,1
2021-11-23T00:00:00.000Z,תוניסיה,2,3,5
2021-11-23T00:00:00.000Z,ירדן,81,48,129
2021-11-23T00:00:00.000Z,קפריסין,199,55,254
2021-11-23T00:00:00.000Z,איחוד האמירויות הערב,596,106,702
2021-11-23T00:00:00.000Z,מלטה,1,0,1
2021-11-23T00:00:00.000Z,חוף השנהב,1,0,1
2021-11-23T00:00:00.000Z,יפן,0,2,2
2021-11-23T00:00:00.000Z,קוריאה הדרומית,0,5,5
2021-11-23T00:00:00.000Z,סלובקיה,0,2,2
2021-11-23T00:00:00.000Z,גמביה,0,1,1
2021-11-23T00:00:00.000Z,דרום סודאן,1,0,1
2021-11-23T00:00:00.000Z,ברזיל,25,23,48
2021-11-23T00:00:00.000Z,גווטאמלה,2,0,2
2021-11-23T00:00:00.000Z,מקסיקו,8,14,22
2021-11-23T00:00:00.000Z,אלבניה,2,2,4
2021-11-23T00:00:00.000Z,לוכסמבורג,1,0,1
2021-11-23T00:00:00.000Z,אינדונזיה,0,4,4
2021-11-23T00:00:00.000Z,אוקראינה,105,83,188
2021-11-23T00:00:00.000Z,בלגיה,101,89,190
2021-11-23T00:00:00.000Z,קניה,5,2,7
2021-11-23T00:00:00.000Z,פיליפינים,2,4,6
2021-11-23T00:00:00.000Z,סינגפור,5,0,5
2021-11-23T00:00:00.000Z,סרביה,3,0,3
2021-11-23T00:00:00.000Z,איטליה,738,58,796
2021-11-23T00:00:00.000Z,בילורוסיה,81,25,106
2021-11-23T00:00:00.000Z,גאורגיה,155,37,192
2021-11-23T00:00:00.000Z,פרגוואי,1,0,1
2021-11-23T00:00:00.000Z,אוסטריה,311,57,368
2021-11-23T00:00:00.000Z,מוזמביק,1,0,1
2021-11-23T00:00:00.000Z,אוגנדה,1,0,1
2021-11-23T00:00:00.000Z,פורטוגל,17,4,21
2021-11-23T00:00:00.000Z,איי טורקס וקייקוס,2,0,2
2021-11-23T00:00:00.000Z,מרוקו,169,7,176
2021-11-23T00:00:00.000Z,מאלי,1,0,1
2021-11-23T00:00:00.000Z,פינלנד,4,6,10
2021-11-23T00:00:00.000Z,סלובניה,4,1,5
2021-11-23T00:00:00.000Z,מולדובה,1,1,2
2021-11-23T00:00:00.000Z,קרואטיה,3,5,8
2021-11-24T00:00:00.000Z,בורונדי,0,1,1
2021-11-24T00:00:00.000Z,סרי לנקה (צילון),2,3,5
2021-11-24T00:00:00.000Z,ספרד,161,40,201
2021-11-24T00:00:00.000Z,אלבניה,4,1,5
2021-11-24T00:00:00.000Z,אוזבקיסטן,15,13,28
2021-11-24T00:00:00.000Z,הונגריה,347,91,438
2021-11-24T00:00:00.000Z,לטביה,0,2,2
2021-11-24T00:00:00.000Z,הודו,30,4,34
2021-11-24T00:00:00.000Z,איי סיישל,106,13,119
2021-11-24T00:00:00.000Z,ברבדוס,1,0,1
2021-11-24T00:00:00.000Z,טנזניה,10,2,12
2021-11-24T00:00:00.000Z,ארצות הברית,540,1263,1803
2021-11-24T00:00:00.000Z,קוריאה הדרומית,4,8,12
2021-11-24T00:00:00.000Z,הולנד,132,24,156
2021-11-24T00:00:00.000Z,צרפת,437,353,790
2021-11-24T00:00:00.000Z,רוסיה,74,66,140
2021-11-24T00:00:00.000Z,מרוקו,123,15,138
2021-11-24T00:00:00.000Z,תוניסיה,0,2,2
2021-11-24T00:00:00.000Z,זאיר,1,1,2
2021-11-24T00:00:00.000Z,פנמה,3,2,5
2021-11-24T00:00:00.000Z,אנגולה,3,2,5
2021-11-24T00:00:00.000Z,תימן,1,0,1
2021-11-24T00:00:00.000Z,יוון,180,36,216
2021-11-24T00:00:00.000Z,כלל המדינות,8908,5463,14371
2021-11-24T00:00:00.000Z,בלגיה,7,16,23
2021-11-24T00:00:00.000Z,מצרים,203,41,244
2021-11-24T00:00:00.000Z,איי גילברט ואליס,0,1,1
2021-11-24T00:00:00.000Z,סין,4,11,15
2021-11-24T00:00:00.000Z,אוגנדה,2,0,2
2021-11-24T00:00:00.000Z,פיליפינים,1,37,38
2021-11-24T00:00:00.000Z,גמביה,2,0,2
2021-11-24T00:00:00.000Z,איטליה,772,129,901
2021-11-24T00:00:00.000Z,דנמרק,8,7,15
2021-11-24T00:00:00.000Z,ירדן,158,35,193
2021-11-24T00:00:00.000Z,מקדוניה,1,0,1
2021-11-24T00:00:00.000Z,תאילנד,86,130,216
2021-11-24T00:00:00.000Z,בוסניה הרצגובינה,1,1,2
2021-11-24T00:00:00.000Z,איחוד האמירויות הערב,821,111,932
2021-11-24T00:00:00.000Z,יפן,1,4,5
2021-11-24T00:00:00.000Z,תורכיה,1295,494,1789
2021-11-24T00:00:00.000Z,סרביה,6,5,11
2021-11-24T00:00:00.000Z,מאוריציוס,8,0,8
2021-11-24T00:00:00.000Z,ברזיל,17,28,45
2021-11-24T00:00:00.000Z,פרגוואי,1,1,2
2021-11-24T00:00:00.000Z,ליטא,5,0,5
2021-11-24T00:00:00.000Z,מדגסקר,0,4,4
2021-11-24T00:00:00.000Z,זמביה,0,1,1
2021-11-24T00:00:00.000Z,קולומביה,8,6,14
2021-11-24T00:00:00.000Z,זימבאבווה,0,2,2
2021-11-24T00:00:00.000Z,פורטוגל,93,43,136
2021-11-24T00:00:00.000Z,ערב הסעודית,5,0,5
2021-11-24T00:00:00.000Z,דרום אפריקה,22,27,49
2021-11-24T00:00:00.000Z,אסטוניה,3,0,3
2021-11-24T00:00:00.000Z,סינגפור,5,9,14
2021-11-24T00:00:00.000Z,אקואדור,2,7,9
2021-11-24T00:00:00.000Z,מקסיקו,10,5,15
2021-11-24T00:00:00.000Z,אוקראינה,399,278,677
2021-11-24T00:00:00.000Z,נפאל,1,2,3
2021-11-24T00:00:00.000Z,תורכמניסטאן,4,1,5
2021-11-24T00:00:00.000Z,הרפ הדומיניקנית,3,1,4
2021-11-24T00:00:00.000Z,גאורגיה,86,8,94
2021-11-24T00:00:00.000Z,ויטנאם,0,1,1
2021-11-24T00:00:00.000Z,גרמניה,338,456,794
2021-11-24T00:00:00.000Z,סיירה ליאונה,0,1,1
2021-11-24T00:00:00.000Z,צ'ילה,1,1,2
2021-11-24T00:00:00.000Z,קרואטיה,2,1,3
2021-11-24T00:00:00.000Z,אורגוואי,2,0,2
2021-11-24T00:00:00.000Z,ניגריה,4,1,5
2021-11-24T00:00:00.000Z,קפריסין,255,55,310
2021-11-24T00:00:00.000Z,גאנה,3,1,4
2021-11-24T00:00:00.000Z,צכיה,138,16,154
2021-11-24T00:00:00.000Z,מונטנגרו,1,1,2
2021-11-24T00:00:00.000Z,שוודיה,4,7,11
2021-11-24T00:00:00.000Z,אירלנד,3,4,7
2021-11-24T00:00:00.000Z,אוסטריה,112,120,232
2021-11-24T00:00:00.000Z,מלדיבים,41,9,50
2021-11-24T00:00:00.000Z,מלטה,124,14,138
2021-11-24T00:00:00.000Z,רומניה,149,70,219
2021-11-24T00:00:00.000Z,בחריין,2,0,2
2021-11-24T00:00:00.000Z,בילורוסיה,6,0,6
2021-11-24T00:00:00.000Z,הממלכה המאוחדת,463,331,794
2021-11-24T00:00:00.000Z,פינלנד,5,3,8
2021-11-24T00:00:00.000Z,קמרון,1,0,1
2021-11-24T00:00:00.000Z,קניה,10,3,13
2021-11-24T00:00:00.000Z,אזרביג'אן,4,6,10
2021-11-24T00:00:00.000Z,אתיופיה,23,8,31
2021-11-24T00:00:00.000Z,קנדה,64,133,197
2021-11-24T00:00:00.000Z,מולדובה,2,0,2
2021-11-24T00:00:00.000Z,לוכסמבורג,3,3,6
2021-11-24T00:00:00.000Z,איי טורקס וקייקוס,1,4,5
2021-11-24T00:00:00.000Z,נורבגיה,10,12,22
2021-11-24T00:00:00.000Z,פולין,72,33,105
2021-11-24T00:00:00.000Z,בליז,0,1,1
2021-11-24T00:00:00.000Z,ארגנטינה,12,13,25
2021-11-24T00:00:00.000Z,רואנדה,1,0,1
2021-11-24T00:00:00.000Z,בורקינה פאסו,2,0,2
2021-11-24T00:00:00.000Z,שוויץ,86,97,183
2021-11-24T00:00:00.000Z,עומן,1,0,1
2021-11-24T00:00:00.000Z,קזחסטאן,1,2,3
2021-11-24T00:00:00.000Z,קוסטה ריקה,6,7,13
2021-11-24T00:00:00.000Z,אוסטרליה,24,38,62
2021-11-24T00:00:00.000Z,בולגריה,81,27,108
2021-11-24T00:00:00.000Z,סורינם,0,1,1
2021-11-24T00:00:00.000Z,פרו,2,4,6
2021-11-25T00:00:00.000Z,פיליפינים,8,76,84
2021-11-25T00:00:00.000Z,הונגריה,797,117,914
2021-11-25T00:00:00.000Z,מצרים,306,89,395
2021-11-25T00:00:00.000Z,שוויץ,116,64,180
2021-11-25T00:00:00.000Z,מקסיקו,17,28,45
2021-11-25T00:00:00.000Z,טנזניה,21,2,23
2021-11-25T00:00:00.000Z,מונטנגרו,2,1,3
2021-11-25T00:00:00.000Z,קירג'זסטאן,1,1,2
2021-11-25T00:00:00.000Z,ויטנאם,0,1,1
2021-11-25T00:00:00.000Z,אוגנדה,7,0,7
2021-11-25T00:00:00.000Z,ארמניה,4,2,6
2021-11-25T00:00:00.000Z,הונדורס,0,1,1
2021-11-25T00:00:00.000Z,סין,9,132,141
2021-11-25T00:00:00.000Z,אלבניה,1,0,1
2021-11-25T00:00:00.000Z,ניגריה,4,1,5
2021-11-25T00:00:00.000Z,נפאל,2,2,4
2021-11-25T00:00:00.000Z,רומניה,1,3,4
2021-11-25T00:00:00.000Z,בלגיה,101,149,250
2021-11-25T00:00:00.000Z,אוסטריה,85,75,160
2021-11-25T00:00:00.000Z,קרואטיה,2,0,2
2021-11-25T00:00:00.000Z,ירדן,197,74,271
2021-11-25T00:00:00.000Z,גמייקה,0,1,1
2021-11-25T00:00:00.000Z,פורטו ריקו,0,29,29
2021-11-25T00:00:00.000Z,פולין,200,50,250
2021-11-25T00:00:00.000Z,רוסיה,120,89,209
2021-11-25T00:00:00.000Z,אוזבקיסטן,1,3,4
2021-11-25T00:00:00.000Z,קולומביה,8,15,23
2021-11-25T00:00:00.000Z,אירלנד,3,3,6
2021-11-25T00:00:00.000Z,ברזיל,26,30,56
2021-11-25T00:00:00.000Z,אינדונזיה,0,5,5
2021-11-25T00:00:00.000Z,קוסובו,1,0,1
2021-11-25T00:00:00.000Z,קוסטה ריקה,3,5,8
2021-11-25T00:00:00.000Z,איסלנד,0,6,6
2021-11-25T00:00:00.000Z,בחריין,26,6,32
2021-11-25T00:00:00.000Z,סינגפור,5,4,9
2021-11-25T00:00:00.000Z,פינלנד,13,1,14
2021-11-25T00:00:00.000Z,מלאווי,1,0,1
2021-11-25T00:00:00.000Z,פנמה,5,3,8
2021-11-25T00:00:00.000Z,קטר,0,1,1
2021-11-25T00:00:00.000Z,ראוניון,0,1,1
2021-11-25T00:00:00.000Z,מרוקו,226,9,235
2021-11-25T00:00:00.000Z,מולדובה,84,71,155
2021-11-25T00:00:00.000Z,תאילנד,8,3,11
2021-11-25T00:00:00.000Z,בילורוסיה,2,5,7
2021-11-25T00:00:00.000Z,יוון,337,58,395
2021-11-25T00:00:00.000Z,איי גילברט ואליס,0,1,1
2021-11-25T00:00:00.000Z,עירק,1,0,1
2021-11-25T00:00:00.000Z,אזרביג'אן,96,13,109
2021-11-25T00:00:00.000Z,אוסטרליה,28,31,59
2021-11-25T00:00:00.000Z,תורכמניסטאן,1,1,2
2021-11-25T00:00:00.000Z,אנגולה,4,0,4
2021-11-25T00:00:00.000Z,קוריאה הדרומית,0,4,4
2021-11-25T00:00:00.000Z,קונגו,2,0,2
2021-11-25T00:00:00.000Z,ארצות הברית,1005,1899,2904
2021-11-25T00:00:00.000Z,קנדה,30,40,70
2021-11-25T00:00:00.000Z,בוסניה הרצגובינה,2,0,2
2021-11-25T00:00:00.000Z,גיברלטר,1,0,1
2021-11-25T00:00:00.000Z,גבון,1,0,1
2021-11-25T00:00:00.000Z,ספרד,444,101,545
2021-11-25T00:00:00.000Z,גאנה,8,0,8
2021-11-25T00:00:00.000Z,סרי לנקה (צילון),11,6,17
2021-11-25T00:00:00.000Z,אתיופיה,35,12,47
2021-11-25T00:00:00.000Z,גינאה המשוונית,2,1,3
2021-11-25T00:00:00.000Z,סלובקיה,1,0,1
2021-11-25T00:00:00.000Z,איטליה,1311,255,1566
2021-11-25T00:00:00.000Z,לוכסמבורג,1,0,1
2021-11-25T00:00:00.000Z,תורכיה,1444,450,1894
2021-11-25T00:00:00.000Z,יפן,0,6,6
2021-11-25T00:00:00.000Z,צאד,2,0,2
2021-11-25T00:00:00.000Z,אל סלבדור,3,2,5
2021-11-25T00:00:00.000Z,ניו זילנד,0,1,1
2021-11-25T00:00:00.000Z,כלל המדינות,13580,6851,20431
2021-11-25T00:00:00.000Z,גווטאמלה,0,2,2
2021-11-25T00:00:00.000Z,אוקראינה,215,268,483
2021-11-25T00:00:00.000Z,סנגל,1,1,2
2021-11-25T00:00:00.000Z,נורבגיה,5,8,13
2021-11-25T00:00:00.000Z,צ'ילה,5,3,8
2021-11-25T00:00:00.000Z,רואנדה,3,0,3
2021-11-25T00:00:00.000Z,גרמניה,271,350,621
2021-11-25T00:00:00.000Z,פורטוגל,255,44,299
2021-11-25T00:00:00.000Z,ארגנטינה,22,33,55
2021-11-25T00:00:00.000Z,קמבודיה,0,1,1
2021-11-25T00:00:00.000Z,אקואדור,5,2,7
2021-11-25T00:00:00.000Z,ליטא,7,7,14
2021-11-25T00:00:00.000Z,סרביה,7,5,12
2021-11-25T00:00:00.000Z,דנמרק,26,11,37
2021-11-25T00:00:00.000Z,קפריסין,337,48,385
2021-11-25T00:00:00.000Z,שוודיה,15,7,22
2021-11-25T00:00:00.000Z,פרו,4,2,6
2021-11-25T00:00:00.000Z,לטביה,0,4,4
2021-11-25T00:00:00.000Z,צרפת,662,511,1173
2021-11-25T00:00:00.000Z,איחוד האמירויות הערב,1154,122,1276
2021-11-25T00:00:00.000Z,הודו,46,1,47
2021-11-25T00:00:00.000Z,דרום אפריקה,42,46,88
2021-11-25T00:00:00.000Z,גאורגיה,606,48,654
2021-11-25T00:00:00.000Z,חוף השנהב,2,0,2
2021-11-25T00:00:00.000Z,זימבאבווה,1,2,3
2021-11-25T00:00:00.000Z,אורגוואי,16,2,18
2021-11-25T00:00:00.000Z,הולנד,310,102,412
2021-11-25T00:00:00.000Z,הונג קונג,8,63,71
2021-11-25T00:00:00.000Z,צכיה,500,64,564
2021-11-25T00:00:00.000Z,קניה,5,3,8
2021-11-25T00:00:00.000Z,איי סיישל,15,3,18
2021-11-25T00:00:00.000Z,בולגריה,152,17,169
2021-11-25T00:00:00.000Z,תוניסיה,1,0,1
2021-11-25T00:00:00.000Z,מקדוניה,2,0,2
2021-11-25T00:00:00.000Z,הממלכה המאוחדת,714,359,1073
2021-11-25T00:00:00.000Z,זמביה,1,0,1
2021-11-25T00:00:00.000Z,מלדיבים,6,2,8
2021-11-26T00:00:00.000Z,ארצות הברית,961,778,1739
2021-11-26T00:00:00.000Z,קוריאה הדרומית,4,5,9
2021-11-26T00:00:00.000Z,מלדיבים,17,4,21
2021-11-26T00:00:00.000Z,אלבניה,3,20,23
2021-11-26T00:00:00.000Z,אוסטריה,108,79,187
2021-11-26T00:00:00.000Z,אוסטרליה,11,5,16
2021-11-26T00:00:00.000Z,רוסיה,134,93,227
2021-11-26T00:00:00.000Z,גווטאמלה,2,0,2
2021-11-26T00:00:00.000Z,שוויץ,273,119,392
2021-11-26T00:00:00.000Z,מרוקו,196,8,204
2021-11-26T00:00:00.000Z,לטביה,1,5,6
2021-11-26T00:00:00.000Z,טיוואן,1,0,1
2021-11-26T00:00:00.000Z,בוליביה,2,1,3
2021-11-26T00:00:00.000Z,לוכסמבורג,3,1,4
2021-11-26T00:00:00.000Z,ליטא,11,5,16
2021-11-26T00:00:00.000Z,פנמה,5,0,5
2021-11-26T00:00:00.000Z,כלל המדינות,12046,4017,16063
2021-11-26T00:00:00.000Z,תוניסיה,2,0,2
2021-11-26T00:00:00.000Z,ברבדוס,0,1,1
2021-11-26T00:00:00.000Z,ברזיל,8,9,17
2021-11-26T00:00:00.000Z,מקדוניה,0,1,1
2021-11-26T00:00:00.000Z,מלטה,1,0,1
2021-11-26T00:00:00.000Z,בחריין,5,1,6
2021-11-26T00:00:00.000Z,סרביה,10,0,10
2021-11-26T00:00:00.000Z,"קונגו, רפ. דמוק.",1,0,1
2021-11-26T00:00:00.000Z,איטליה,766,79,845
2021-11-26T00:00:00.000Z,קירג'זסטאן,2,0,2
2021-11-26T00:00:00.000Z,בוסניה הרצגובינה,4,3,7
2021-11-26T00:00:00.000Z,צרפת,482,207,689
2021-11-26T00:00:00.000Z,אירלנד,23,6,29
2021-11-26T00:00:00.000Z,דרום אפריקה,11,6,17
2021-11-26T00:00:00.000Z,אל סלבדור,0,1,1
2021-11-26T00:00:00.000Z,פורטוגל,49,2,51
2021-11-26T00:00:00.000Z,תורכמניסטאן,1,0,1
2021-11-26T00:00:00.000Z,מולדובה,5,1,6
2021-11-26T00:00:00.000Z,אוקראינה,368,227,595
2021-11-26T00:00:00.000Z,ארגנטינה,12,10,22
2021-11-26T00:00:00.000Z,איי סיישל,2,0,2
2021-11-26T00:00:00.000Z,אינדונזיה,0,1,1
2021-11-26T00:00:00.000Z,קפריסין,262,40,302
2021-11-26T00:00:00.000Z,אוגנדה,1,0,1
2021-11-26T00:00:00.000Z,הממלכה המאוחדת,1033,161,1194
2021-11-26T00:00:00.000Z,הרפ הדומיניקנית,2,0,2
2021-11-26T00:00:00.000Z,תורכיה,1175,365,1540
2021-11-26T00:00:00.000Z,ויטנאם,4,1,5
2021-11-26T00:00:00.000Z,קולומביה,5,15,20
2021-11-26T00:00:00.000Z,ספרד,533,81,614
2021-11-26T00:00:00.000Z,ניגריה,5,3,8
2021-11-26T00:00:00.000Z,ערב הסעודית,3,0,3
2021-11-26T00:00:00.000Z,מונטנגרו,1,1,2
2021-11-26T00:00:00.000Z,שוודיה,18,6,24
2021-11-26T00:00:00.000Z,הונדורס,0,1,1
2021-11-26T00:00:00.000Z,סלובניה,3,1,4
2021-11-26T00:00:00.000Z,איי טורקס וקייקוס,0,5,5
2021-11-26T00:00:00.000Z,יוון,427,77,504
2021-11-26T00:00:00.000Z,סנגל,1,1,2
2021-11-26T00:00:00.000Z,הונגריה,669,86,755
2021-11-26T00:00:00.000Z,פורטו ריקו,0,2,2
2021-11-26T00:00:00.000Z,אזרביג'אן,18,0,18
2021-11-26T00:00:00.000Z,פיליפינים,6,2,8
2021-11-26T00:00:00.000Z,קנדה,83,136,219
2021-11-26T00:00:00.000Z,נורבגיה,3,3,6
2021-11-26T00:00:00.000Z,איחוד האמירויות הערב,688,153,841
2021-11-26T00:00:00.000Z,סינגפור,9,5,14
2021-11-26T00:00:00.000Z,קטר,3,0,3
2021-11-26T00:00:00.000Z,קניה,6,1,7
2021-11-26T00:00:00.000Z,מצרים,185,32,217
2021-11-26T00:00:00.000Z,אסטוניה,5,7,12
2021-11-26T00:00:00.000Z,צכיה,200,26,226
2021-11-26T00:00:00.000Z,בולגריה,88,35,123
2021-11-26T00:00:00.000Z,קזחסטאן,4,1,5
2021-11-26T00:00:00.000Z,אוזבקיסטן,1,2,3
2021-11-26T00:00:00.000Z,בילורוסיה,4,0,4
2021-11-26T00:00:00.000Z,צ'ילה,3,1,4
2021-11-26T00:00:00.000Z,גאנה,0,1,1
2021-11-26T00:00:00.000Z,דנמרק,18,8,26
2021-11-26T00:00:00.000Z,בוטסואנה,1,0,1
2021-11-26T00:00:00.000Z,תימן,1,0,1
2021-11-26T00:00:00.000Z,טנזניה,1,0,1
2021-11-26T00:00:00.000Z,נפאל,6,0,6
2021-11-26T00:00:00.000Z,פינלנד,13,4,17
2021-11-26T00:00:00.000Z,זאיר,1,0,1
2021-11-26T00:00:00.000Z,ליכטנשטיין,1,0,1
2021-11-26T00:00:00.000Z,ירדן,45,27,72
2021-11-26T00:00:00.000Z,תאילנד,220,35,255
2021-11-26T00:00:00.000Z,קוסטה ריקה,6,3,9
2021-11-26T00:00:00.000Z,אנגולה,10,1,11
2021-11-26T00:00:00.000Z,מקסיקו,16,7,23
2021-11-26T00:00:00.000Z,אקואדור,5,4,9
2021-11-26T00:00:00.000Z,קרואטיה,5,0,5
2021-11-26T00:00:00.000Z,יפן,1,11,12
2021-11-26T00:00:00.000Z,סרי לנקה (צילון),17,1,18
2021-11-26T00:00:00.000Z,בלגיה,127,31,158
2021-11-26T00:00:00.000Z,גרמניה,766,247,1013
2021-11-26T00:00:00.000Z,סין,0,10,10
2021-11-26T00:00:00.000Z,רומניה,200,81,281
2021-11-26T00:00:00.000Z,הולנד,311,48,359
2021-11-26T00:00:00.000Z,אורגוואי,1,0,1
2021-11-26T00:00:00.000Z,גאורגיה,335,52,387
2021-11-26T00:00:00.000Z,פרו,5,10,15
2021-11-26T00:00:00.000Z,הודו,64,4,68
2021-11-26T00:00:00.000Z,פולין,293,56,349
2021-11-26T00:00:00.000Z,חוף השנהב,1,0,1
2021-11-27T00:00:00.000Z,טנזניה,4,0,4
2021-11-27T00:00:00.000Z,אוזבקיסטן,18,9,27
2021-11-27T00:00:00.000Z,זימבאבווה,5,0,5
2021-11-27T00:00:00.000Z,אוסטריה,26,49,75
2021-11-27T00:00:00.000Z,דנמרק,14,13,27
2021-11-27T00:00:00.000Z,זמביה,5,0,5
2021-11-27T00:00:00.000Z,בהמס,1,0,1
2021-11-27T00:00:00.000Z,מלטה,147,11,158
2021-11-27T00:00:00.000Z,איי טורקס וקייקוס,0,1,1
2021-11-27T00:00:00.000Z,מולדובה,3,0,3
2021-11-27T00:00:00.000Z,פולין,175,43,218
2021-11-27T00:00:00.000Z,איסלנד,0,1,1
2021-11-27T00:00:00.000Z,ארצות הברית,458,585,1043
2021-11-27T00:00:00.000Z,ירדן,30,21,51
2021-11-27T00:00:00.000Z,מלאווי,2,0,2
2021-11-27T00:00:00.000Z,ברזיל,8,14,22
2021-11-27T00:00:00.000Z,דרום סודאן,1,0,1
2021-11-27T00:00:00.000Z,אזרביג'אן,2,0,2
2021-11-27T00:00:00.000Z,בחריין,1,0,1
2021-11-27T00:00:00.000Z,קוסובו,0,2,2
2021-11-27T00:00:00.000Z,פורטוגל,149,30,179
2021-11-27T00:00:00.000Z,אלבניה,4,0,4
2021-11-27T00:00:00.000Z,צכיה,253,8,261
2021-11-27T00:00:00.000Z,נפאל,2,1,3
2021-11-27T00:00:00.000Z,קנדה,7,11,18
2021-11-27T00:00:00.000Z,פיליפינים,2,1,3
2021-11-27T00:00:00.000Z,איטליה,1103,162,1265
2021-11-27T00:00:00.000Z,סינגפור,5,4,9
2021-11-27T00:00:00.000Z,נמיביה,1,0,1
2021-11-27T00:00:00.000Z,בלגיה,94,23,117
2021-11-27T00:00:00.000Z,פרו,5,0,5
2021-11-27T00:00:00.000Z,תאילנד,7,0,7
2021-11-27T00:00:00.000Z,מקדוניה,0,1,1
2021-11-27T00:00:00.000Z,תימן,1,0,1
2021-11-27T00:00:00.000Z,דרום אפריקה,32,7,39
2021-11-27T00:00:00.000Z,אוגנדה,3,1,4
2021-11-27T00:00:00.000Z,מצרים,712,69,781
2021-11-27T00:00:00.000Z,קרואטיה,10,0,10
2021-11-27T00:00:00.000Z,אתיופיה,29,9,38
2021-11-27T00:00:00.000Z,תורכיה,1117,361,1478
2021-11-27T00:00:00.000Z,גרמניה,396,153,549
2021-11-27T00:00:00.000Z,גאנה,6,0,6
2021-11-27T00:00:00.000Z,הממלכה המאוחדת,643,170,813
2021-11-27T00:00:00.000Z,הרפ הדומיניקנית,5,0,5
2021-11-27T00:00:00.000Z,ספרד,230,29,259
2021-11-27T00:00:00.000Z,בילורוסיה,0,1,1
2021-11-27T00:00:00.000Z,מלדיבים,10,3,13
2021-11-27T00:00:00.000Z,חוף השנהב,2,0,2
2021-11-27T00:00:00.000Z,רומניה,174,57,231
2021-11-27T00:00:00.000Z,קפריסין,528,35,563
2021-11-27T00:00:00.000Z,גבון,3,0,3
2021-11-27T00:00:00.000Z,לוכסמבורג,2,0,2
2021-11-27T00:00:00.000Z,אקואדור,1,1,2
2021-11-27T00:00:00.000Z,שוודיה,8,11,19
2021-11-27T00:00:00.000Z,איי סיישל,51,11,62
2021-11-27T00:00:00.000Z,סלובניה,3,1,4
2021-11-27T00:00:00.000Z,קוסטה ריקה,0,1,1
2021-11-27T00:00:00.000Z,ארגנטינה,2,2,4
2021-11-27T00:00:00.000Z,זאיר,1,0,1
2021-11-27T00:00:00.000Z,אנגולה,4,0,4
2021-11-27T00:00:00.000Z,יוון,203,11,214
2021-11-27T00:00:00.000Z,ניגריה,4,0,4
2021-11-27T00:00:00.000Z,לטביה,15,16,31
2021-11-27T00:00:00.000Z,יפן,0,2,2
2021-11-27T00:00:00.000Z,קוריאה הדרומית,2,1,3
2021-11-27T00:00:00.000Z,בוסניה הרצגובינה,0,6,6
2021-11-27T00:00:00.000Z,הונגריה,329,20,349
2021-11-27T00:00:00.000Z,איחוד האמירויות הערב,360,88,448
2021-11-27T00:00:00.000Z,ערב הסעודית,1,0,1
2021-11-27T00:00:00.000Z,קניה,18,2,20
2021-11-27T00:00:00.000Z,סנגל,3,1,4
2021-11-27T00:00:00.000Z,אוקראינה,153,130,283
2021-11-27T00:00:00.000Z,כלל המדינות,8870,3114,11984
2021-11-27T00:00:00.000Z,סין,0,5,5
2021-11-27T00:00:00.000Z,הודו,96,82,178
2021-11-27T00:00:00.000Z,צרפת,309,224,533
2021-11-27T00:00:00.000Z,אירלנד,9,5,14
2021-11-27T00:00:00.000Z,אסטוניה,3,9,12
2021-11-27T00:00:00.000Z,שוויץ,46,8,54
2021-11-27T00:00:00.000Z,ונצואלה,1,0,1
2021-11-27T00:00:00.000Z,קולומביה,2,39,41
2021-11-27T00:00:00.000Z,ניו זילנד,1,4,5
2021-11-27T00:00:00.000Z,מאוריציוס,3,0,3
2021-11-27T00:00:00.000Z,רוסיה,59,50,109
2021-11-27T00:00:00.000Z,קובה,0,1,1
2021-11-27T00:00:00.000Z,אינדונזיה,0,1,1
2021-11-27T00:00:00.000Z,ויטנאם,0,2,2
2021-11-27T00:00:00.000Z,רואנדה,6,0,6
2021-11-27T00:00:00.000Z,נורבגיה,9,8,17
2021-11-27T00:00:00.000Z,מקסיקו,14,10,24
2021-11-27T00:00:00.000Z,גאורגיה,103,8,111
2021-11-27T00:00:00.000Z,אוסטרליה,15,2,17
2021-11-27T00:00:00.000Z,ליטא,87,29,116
2021-11-27T00:00:00.000Z,מרוקו,2,1,3
2021-11-27T00:00:00.000Z,צ'ילה,2,0,2
2021-11-27T00:00:00.000Z,סרביה,3,4,7
2021-11-27T00:00:00.000Z,פנמה,1,2,3
2021-11-27T00:00:00.000Z,סרי לנקה (צילון),10,0,10
2021-11-27T00:00:00.000Z,פינלנד,1,8,9
2021-11-27T00:00:00.000Z,הולנד,160,25,185
2021-11-27T00:00:00.000Z,ארמניה,3,4,7
2021-11-27T00:00:00.000Z,קזחסטאן,1,7,8
2021-11-27T00:00:00.000Z,קמרון,1,0,1
2021-11-27T00:00:00.000Z,בולגריה,3,0,3
2021-11-28T00:00:00.000Z,ארגנטינה,22,3,25
2021-11-28T00:00:00.000Z,ליטא,49,25,74
2021-11-28T00:00:00.000Z,רומניה,188,47,235
2021-11-28T00:00:00.000Z,קוריאה הדרומית,3,4,7
2021-11-28T00:00:00.000Z,כווית,1,0,1
2021-11-28T00:00:00.000Z,אקואדור,2,0,2
2021-11-28T00:00:00.000Z,אוסטריה,50,56,106
2021-11-28T00:00:00.000Z,דרום אפריקה,25,1,26
2021-11-28T00:00:00.000Z,בלגיה,60,73,133
2021-11-28T00:00:00.000Z,קמרון,2,1,3
2021-11-28T00:00:00.000Z,גאנה,4,0,4
2021-11-28T00:00:00.000Z,חוף השנהב,4,0,4
2021-11-28T00:00:00.000Z,גרמניה,588,237,825
2021-11-28T00:00:00.000Z,ונצואלה,0,6,6
2021-11-28T00:00:00.000Z,הודו,70,4,74
2021-11-28T00:00:00.000Z,בולגריה,89,7,96
2021-11-28T00:00:00.000Z,סרביה,4,6,10
2021-11-28T00:00:00.000Z,נפאל,6,3,9
2021-11-28T00:00:00.000Z,שוויץ,339,99,438
2021-11-28T00:00:00.000Z,יפן,1,4,5
2021-11-28T00:00:00.000Z,אוגנדה,8,4,12
2021-11-28T00:00:00.000Z,בהמס,1,0,1
2021-11-28T00:00:00.000Z,אוזבקיסטן,2,1,3
2021-11-28T00:00:00.000Z,ספרד,768,123,891
2021-11-28T00:00:00.000Z,שוודיה,26,5,31
2021-11-28T00:00:00.000Z,איי סיישל,6,0,6
2021-11-28T00:00:00.000Z,גויאנה,2,0,2
2021-11-28T00:00:00.000Z,תורכיה,2037,494,2531
2021-11-28T00:00:00.000Z,אזרביג'אן,74,28,102
2021-11-28T00:00:00.000Z,מולדובה,106,61,167
2021-11-28T00:00:00.000Z,לאוס,0,2,2
2021-11-28T00:00:00.000Z,רוסיה,146,129,275
2021-11-28T00:00:00.000Z,פנמה,0,2,2
2021-11-28T00:00:00.000Z,סרי לנקה (צילון),15,1,16
2021-11-28T00:00:00.000Z,מונטנגרו,0,2,2
2021-11-28T00:00:00.000Z,תאילנד,18,1,19
2021-11-28T00:00:00.000Z,קנדה,42,89,131
2021-11-28T00:00:00.000Z,בוטסואנה,1,0,1
2021-11-28T00:00:00.000Z,קוסובו,2,1,3
2021-11-28T00:00:00.000Z,אוקראינה,227,212,439
2021-11-28T00:00:00.000Z,צרפת,953,486,1439
2021-11-28T00:00:00.000Z,ברזיל,12,12,24
2021-11-28T00:00:00.000Z,טנזניה,6,0,6
2021-11-28T00:00:00.000Z,קפריסין,727,63,790
2021-11-28T00:00:00.000Z,גווטאמלה,0,1,1
2021-11-28T00:00:00.000Z,צ'ילה,0,13,13
2021-11-28T00:00:00.000Z,קזחסטאן,0,3,3
2021-11-28T00:00:00.000Z,איי טורקס וקייקוס,0,1,1
2021-11-28T00:00:00.000Z,סינגפור,8,9,17
2021-11-28T00:00:00.000Z,דומיניקה,1,0,1
2021-11-28T00:00:00.000Z,טוגו,2,0,2
2021-11-28T00:00:00.000Z,אוסטרליה,12,18,30
2021-11-28T00:00:00.000Z,מאוריציוס,4,0,4
2021-11-28T00:00:00.000Z,סין,4,3,7
2021-11-28T00:00:00.000Z,קולומביה,4,6,10
2021-11-28T00:00:00.000Z,איסלנד,5,1,6
2021-11-28T00:00:00.000Z,ארצות הברית,802,1116,1918
2021-11-28T00:00:00.000Z,מרוקו,154,29,183
2021-11-28T00:00:00.000Z,בחריין,3,0,3
2021-11-28T00:00:00.000Z,מלדיבים,18,1,19
2021-11-28T00:00:00.000Z,ניגריה,5,0,5
2021-11-28T00:00:00.000Z,הולנד,291,64,355
2021-11-28T00:00:00.000Z,ארמניה,8,0,8
2021-11-28T00:00:00.000Z,הונגריה,887,90,977
2021-11-28T00:00:00.000Z,הונג קונג,0,2,2
2021-11-28T00:00:00.000Z,הונדורס,1,0,1
2021-11-28T00:00:00.000Z,אורגוואי,8,5,13
2021-11-28T00:00:00.000Z,מקסיקו,6,4,10
2021-11-28T00:00:00.000Z,קמבודיה,1,1,2
2021-11-28T00:00:00.000Z,רואנדה,6,0,6
2021-11-28T00:00:00.000Z,מוזמביק,2,0,2
2021-11-28T00:00:00.000Z,עירק,1,4,5
2021-11-28T00:00:00.000Z,דנמרק,38,13,51
2021-11-28T00:00:00.000Z,מצרים,767,104,871
2021-11-28T00:00:00.000Z,קוסטה ריקה,6,2,8
2021-11-28T00:00:00.000Z,אנגולה,6,1,7
2021-11-28T00:00:00.000Z,נמיביה,4,0,4
2021-11-28T00:00:00.000Z,ירדן,451,158,609
2021-11-28T00:00:00.000Z,קטר,0,3,3
2021-11-28T00:00:00.000Z,פולין,489,70,559
2021-11-28T00:00:00.000Z,פיליפינים,0,6,6
2021-11-28T00:00:00.000Z,איטליה,1108,123,1231
2021-11-28T00:00:00.000Z,אירלנד,8,15,23
2021-11-28T00:00:00.000Z,נורבגיה,8,3,11
2021-11-28T00:00:00.000Z,קירג'זסטאן,1,1,2
2021-11-28T00:00:00.000Z,לוכסמבורג,4,1,5
2021-11-28T00:00:00.000Z,יוון,983,50,1033
2021-11-28T00:00:00.000Z,פינלנד,6,1,7
2021-11-28T00:00:00.000Z,פורטוגל,126,32,158
2021-11-28T00:00:00.000Z,תורכמניסטאן,2,1,3
2021-11-28T00:00:00.000Z,צכיה,526,12,538
2021-11-28T00:00:00.000Z,אלבניה,1,2,3
2021-11-28T00:00:00.000Z,פרו,0,3,3
2021-11-28T00:00:00.000Z,גויאנה הצרפתית,2,0,2
2021-11-28T00:00:00.000Z,קרואטיה,1,1,2
2021-11-28T00:00:00.000Z,מאלי,2,0,2
2021-11-28T00:00:00.000Z,בוסניה הרצגובינה,2,0,2
2021-11-28T00:00:00.000Z,קניה,1,0,1
2021-11-28T00:00:00.000Z,גאורגיה,848,75,923
2021-11-28T00:00:00.000Z,מקדוניה,0,1,1
2021-11-28T00:00:00.000Z,ויטנאם,1,0,1
2021-11-28T00:00:00.000Z,כלל המדינות,17719,5745,23464
2021-11-28T00:00:00.000Z,לבנון,0,2,2
2021-11-28T00:00:00.000Z,ברבדוס,0,1,1
2021-11-28T00:00:00.000Z,איחוד האמירויות הערב,1319,214,1533
2021-11-28T00:00:00.000Z,מקאו,4,0,4
2021-11-28T00:00:00.000Z,בילורוסיה,91,48,139
2021-11-28T00:00:00.000Z,אתיופיה,19,6,25
2021-11-28T00:00:00.000Z,אסטוניה,4,3,7
2021-11-28T00:00:00.000Z,טיוואן,0,1,1
2021-11-28T00:00:00.000Z,הממלכה המאוחדת,897,391,1288
2021-11-28T00:00:00.000Z,הרפ הדומיניקנית,3,1,4
2021-11-28T00:00:00.000Z,ערב הסעודית,2,1,3
2021-11-28T00:00:00.000Z,לטביה,4,0,4
2021-11-29T00:00:00.000Z,גרנדה,1,0,1
2021-11-29T00:00:00.000Z,אורגוואי,1,3,4
2021-11-29T00:00:00.000Z,איחוד האמירויות הערב,1230,194,1424
2021-11-29T00:00:00.000Z,נמיביה,0,1,1
2021-11-29T00:00:00.000Z,טג'יקיסטאן,1,1,2
2021-11-29T00:00:00.000Z,קפריסין,387,61,448
2021-11-29T00:00:00.000Z,קזחסטאן,6,3,9
2021-11-29T00:00:00.000Z,איי הבתולה,2,0,2
2021-11-29T00:00:00.000Z,דרום אפריקה,24,6,30
2021-11-29T00:00:00.000Z,צכיה,539,19,558
2021-11-29T00:00:00.000Z,הולנד,366,33,399
2021-11-29T00:00:00.000Z,בוליביה,0,1,1
2021-11-29T00:00:00.000Z,הממלכה המאוחדת,1064,172,1236
2021-11-29T00:00:00.000Z,סינגפור,0,1,1
2021-11-29T00:00:00.000Z,כלל המדינות,15007,3958,18965
2021-11-29T00:00:00.000Z,אירלנד,7,3,10
2021-11-29T00:00:00.000Z,אסטוניה,57,6,63
2021-11-29T00:00:00.000Z,איי סיישל,130,21,151
2021-11-29T00:00:00.000Z,פולין,431,63,494
2021-11-29T00:00:00.000Z,בלגיה,135,49,184
2021-11-29T00:00:00.000Z,הונדורס,1,0,1
2021-11-29T00:00:00.000Z,ארגנטינה,9,4,13
2021-11-29T00:00:00.000Z,רואנדה,6,0,6
2021-11-29T00:00:00.000Z,בחריין,74,13,87
2021-11-29T00:00:00.000Z,אוקראינה,441,202,643
2021-11-29T00:00:00.000Z,מלטה,1,0,1
2021-11-29T00:00:00.000Z,צרפת,811,172,983
2021-11-29T00:00:00.000Z,קולומביה,0,5,5
2021-11-29T00:00:00.000Z,קירג'זסטאן,0,3,3
2021-11-29T00:00:00.000Z,בוסניה הרצגובינה,3,1,4
2021-11-29T00:00:00.000Z,אוסטרליה,17,11,28
2021-11-29T00:00:00.000Z,אינדונזיה,1,0,1
2021-11-29T00:00:00.000Z,הרפ הדומיניקנית,0,1,1
2021-11-29T00:00:00.000Z,פורטוגל,180,10,190
2021-11-29T00:00:00.000Z,מצרים,179,35,214
2021-11-29T00:00:00.000Z,בולגריה,406,37,443
2021-11-29T00:00:00.000Z,דנמרק,20,0,20
2021-11-29T00:00:00.000Z,גווטאמלה,3,1,4
2021-11-29T00:00:00.000Z,הודו,52,11,63
2021-11-29T00:00:00.000Z,קונגו,2,0,2
2021-11-29T00:00:00.000Z,פרו,3,0,3
2021-11-29T00:00:00.000Z,ונצואלה,2,0,2
2021-11-29T00:00:00.000Z,אנגולה,6,0,6
2021-11-29T00:00:00.000Z,ניגריה,1,2,3
2021-11-29T00:00:00.000Z,אלבניה,3,0,3
2021-11-29T00:00:00.000Z,תוניסיה,1,0,1
2021-11-29T00:00:00.000Z,גרמניה,486,87,573
2021-11-29T00:00:00.000Z,תאילנד,216,24,240
2021-11-29T00:00:00.000Z,רוסיה,114,203,317
2021-11-29T00:00:00.000Z,פורטו ריקו,0,1,1
2021-11-29T00:00:00.000Z,קוסטה ריקה,5,0,5
2021-11-29T00:00:00.000Z,אוזבקיסטן,1,2,3
2021-11-29T00:00:00.000Z,הונגריה,720,70,790
2021-11-29T00:00:00.000Z,מאוריציוס,2,2,4
2021-11-29T00:00:00.000Z,ארמניה,3,0,3
2021-11-29T00:00:00.000Z,אזרביג'אן,1,0,1
2021-11-29T00:00:00.000Z,קנדה,65,112,177
2021-11-29T00:00:00.000Z,ארצות הברית,1318,1040,2358
2021-11-29T00:00:00.000Z,פולינזיה הצרפתית,2,0,2
2021-11-29T00:00:00.000Z,קרואטיה,4,0,4
2021-11-29T00:00:00.000Z,סרביה,14,0,14
2021-11-29T00:00:00.000Z,מקסיקו,14,7,21
2021-11-29T00:00:00.000Z,סיירה ליאונה,1,0,1
2021-11-29T00:00:00.000Z,סין,0,2,2
2021-11-29T00:00:00.000Z,פיליפינים,1,0,1
2021-11-29T00:00:00.000Z,סלובניה,4,0,4
2021-11-29T00:00:00.000Z,איסלנד,1,0,1
2021-11-29T00:00:00.000Z,בילורוסיה,3,0,3
2021-11-29T00:00:00.000Z,פינלנד,1,0,1
2021-11-29T00:00:00.000Z,אתיופיה,18,11,29
2021-11-29T00:00:00.000Z,איי גילברט ואליס,0,1,1
2021-11-29T00:00:00.000Z,איי קייפ וורדה,1,0,1
2021-11-29T00:00:00.000Z,ספרד,544,39,583
2021-11-29T00:00:00.000Z,אוסטריה,44,11,55
2021-11-29T00:00:00.000Z,נפאל,2,1,3
2021-11-29T00:00:00.000Z,מוזמביק,2,0,2
2021-11-29T00:00:00.000Z,בהמס,1,0,1
2021-11-29T00:00:00.000Z,אקואדור,0,1,1
2021-11-29T00:00:00.000Z,שוודיה,4,3,7
2021-11-29T00:00:00.000Z,רומניה,139,22,161
2021-11-29T00:00:00.000Z,האנטילים ההולנדים,1,0,1
2021-11-29T00:00:00.000Z,איטליה,1269,69,1338
2021-11-29T00:00:00.000Z,טנזניה,7,1,8
2021-11-29T00:00:00.000Z,יוון,698,72,770
2021-11-29T00:00:00.000Z,ירדן,144,56,200
2021-11-29T00:00:00.000Z,מרוקו,51,8,59
2021-11-29T00:00:00.000Z,בוטסואנה,1,0,1
2021-11-29T00:00:00.000Z,מלדיבים,31,0,31
2021-11-29T00:00:00.000Z,קוריאה הדרומית,7,0,7
2021-11-29T00:00:00.000Z,אוגנדה,3,2,5
2021-11-29T00:00:00.000Z,גאורגיה,341,51,392
2021-11-29T00:00:00.000Z,תורכיה,1013,284,1297
2021-11-29T00:00:00.000Z,גאנה,2,1,3
2021-11-29T00:00:00.000Z,יפן,1,0,1
2021-11-29T00:00:00.000Z,שוויץ,127,25,152
2021-11-29T00:00:00.000Z,לוכסמבורג,2,3,5
2021-11-29T00:00:00.000Z,סרי לנקה (צילון),10,5,15
2021-11-29T00:00:00.000Z,נורבגיה,8,0,8
2021-11-29T00:00:00.000Z,ליבריה,1,0,1
2021-11-29T00:00:00.000Z,ברזיל,22,4,26
2021-11-29T00:00:00.000Z,קניה,3,0,3
2021-11-30T00:00:00.000Z,פורטוגל,41,4,45
2021-11-30T00:00:00.000Z,קניה,11,1,12
2021-11-30T00:00:00.000Z,הונגריה,506,85,591
2021-11-30T00:00:00.000Z,צ'ילה,1,1,2
2021-11-30T00:00:00.000Z,דנמרק,12,5,17
2021-11-30T00:00:00.000Z,בולגריה,45,6,51
2021-11-30T00:00:00.000Z,בלגיה,90,51,141
2021-11-30T00:00:00.000Z,הונג קונג,2,1,3
2021-11-30T00:00:00.000Z,סין,0,1,1
2021-11-30T00:00:00.000Z,אסטוניה,3,0,3
2021-11-30T00:00:00.000Z,טנזניה,3,0,3
2021-11-30T00:00:00.000Z,אנדורה,1,0,1
2021-11-30T00:00:00.000Z,עירק,0,1,1
2021-11-30T00:00:00.000Z,אירלנד,5,5,10
2021-11-30T00:00:00.000Z,גווטאמלה,1,0,1
2021-11-30T00:00:00.000Z,גאנה,1,2,3
2021-11-30T00:00:00.000Z,אוסטריה,33,10,43
2021-11-30T00:00:00.000Z,דרום אפריקה,12,0,12
2021-11-30T00:00:00.000Z,קזחסטאן,2,1,3
2021-11-30T00:00:00.000Z,ברזיל,9,3,12
2021-11-30T00:00:00.000Z,גמייקה,2,0,2
2021-11-30T00:00:00.000Z,הודו,136,77,213
2021-11-30T00:00:00.000Z,מרוקו,184,10,194
2021-11-30T00:00:00.000Z,סינגפור,0,4,4
2021-11-30T00:00:00.000Z,ארצות הברית,1016,391,1407
2021-11-30T00:00:00.000Z,סרי לנקה (צילון),3,3,6
2021-11-30T00:00:00.000Z,צכיה,438,28,466
2021-11-30T00:00:00.000Z,מאוריציוס,95,2,97
2021-11-30T00:00:00.000Z,גאורגיה,310,41,351
2021-11-30T00:00:00.000Z,קוסובו,1,0,1
2021-11-30T00:00:00.000Z,פיליפינים,2,3,5
2021-11-30T00:00:00.000Z,ירדן,98,42,140
2021-11-30T00:00:00.000Z,רפ מרכז אפריקנית,1,0,1
2021-11-30T00:00:00.000Z,כלל המדינות,11520,2895,14415
2021-11-30T00:00:00.000Z,ניגריה,0,3,3
2021-11-30T00:00:00.000Z,מקסיקו,20,9,29
2021-11-30T00:00:00.000Z,איטליה,780,72,852
2021-11-30T00:00:00.000Z,ארגנטינה,12,3,15
2021-11-30T00:00:00.000Z,הולנד,316,25,341
2021-11-30T00:00:00.000Z,אוזבקיסטן,71,45,116
2021-11-30T00:00:00.000Z,איי טורקס וקייקוס,2,1,3
2021-11-30T00:00:00.000Z,אוסטרליה,11,3,14
2021-11-30T00:00:00.000Z,נפאל,6,2,8
2021-11-30T00:00:00.000Z,מקדוניה,2,0,2
2021-11-30T00:00:00.000Z,מולדובה,2,0,2
2021-11-30T00:00:00.000Z,פנמה,4,0,4
2021-11-30T00:00:00.000Z,קוריאה הדרומית,1,2,3
2021-11-30T00:00:00.000Z,צרפת,661,182,843
2021-11-30T00:00:00.000Z,אורגוואי,1,0,1
2021-11-30T00:00:00.000Z,בחריין,1,0,1
2021-11-30T00:00:00.000Z,סלובניה,4,1,5
2021-11-30T00:00:00.000Z,אלבניה,1,0,1
2021-11-30T00:00:00.000Z,אוקראינה,333,163,496
2021-11-30T00:00:00.000Z,שוויץ,104,13,117
2021-11-30T00:00:00.000Z,סרביה,13,3,16
2021-11-30T00:00:00.000Z,מלטה,4,0,4
2021-11-30T00:00:00.000Z,שוודיה,5,0,5
2021-11-30T00:00:00.000Z,קנדה,71,51,122
2021-11-30T00:00:00.000Z,קפריסין,252,59,311
2021-11-30T00:00:00.000Z,הממלכה המאוחדת,1128,148,1276
2021-11-30T00:00:00.000Z,סיירה ליאונה,1,0,1
2021-11-30T00:00:00.000Z,קוסטה ריקה,7,1,8
2021-11-30T00:00:00.000Z,בילורוסיה,0,1,1
2021-11-30T00:00:00.000Z,רומניה,202,23,225
2021-11-30T00:00:00.000Z,ליטא,67,12,79
2021-11-30T00:00:00.000Z,פרו,2,3,5
2021-11-30T00:00:00.000Z,גרמניה,392,72,464
2021-11-30T00:00:00.000Z,איחוד האמירויות הערב,760,149,909
2021-11-30T00:00:00.000Z,איסלנד,2,0,2
2021-11-30T00:00:00.000Z,אזרביג'אן,54,7,61
2021-11-30T00:00:00.000Z,אל סלבדור,0,1,1
2021-11-30T00:00:00.000Z,נורבגיה,8,1,9
2021-11-30T00:00:00.000Z,יוון,347,23,370
2021-11-30T00:00:00.000Z,קולומביה,0,3,3
2021-11-30T00:00:00.000Z,תורכיה,1320,403,1723
2021-11-30T00:00:00.000Z,תאילנד,3,2,5
2021-11-30T00:00:00.000Z,איי גילברט ואליס,1,0,1
2021-11-30T00:00:00.000Z,ארמניה,3,3,6
2021-11-30T00:00:00.000Z,יפן,2,2,4
2021-11-30T00:00:00.000Z,רוסיה,82,56,138
2021-11-30T00:00:00.000Z,ערב הסעודית,4,1,5
2021-11-30T00:00:00.000Z,פולין,161,28,189
2021-11-30T00:00:00.000Z,בוסניה הרצגובינה,1,0,1
2021-11-30T00:00:00.000Z,מונטנגרו,1,2,3
2021-11-30T00:00:00.000Z,ספרד,372,49,421
2021-11-30T00:00:00.000Z,אתיופיה,23,7,30
2021-11-30T00:00:00.000Z,מצרים,102,25,127
2021-11-30T00:00:00.000Z,לטביה,12,2,14
2021-11-30T00:00:00.000Z,אוגנדה,4,0,4
2021-11-30T00:00:00.000Z,קרואטיה,6,0,6
2021-11-30T00:00:00.000Z,פינלנד,2,1,3
2021-11-30T00:00:00.000Z,אנגולה,4,0,4
2021-12-01T00:00:00.000Z,בוסניה הרצגובינה,3,2,5
2021-12-01T00:00:00.000Z,קוסטה ריקה,9,5,14
2021-12-01T00:00:00.000Z,תורכמניסטאן,0,1,1
2021-12-01T00:00:00.000Z,בחריין,1,1,2
2021-12-01T00:00:00.000Z,ברזיל,29,4,33
2021-12-01T00:00:00.000Z,גאורגיה,41,5,46
2021-12-01T00:00:00.000Z,בלגיה,5,5,10
2021-12-01T00:00:00.000Z,אתיופיה,26,15,41
2021-12-01T00:00:00.000Z,בולגריה,86,20,106
2021-12-01T00:00:00.000Z,הממלכה המאוחדת,661,150,811
2021-12-01T00:00:00.000Z,איסלנד,4,1,5
2021-12-01T00:00:00.000Z,קירג'זסטאן,1,0,1
2021-12-01T00:00:00.000Z,ונצואלה,2,3,5
2021-12-01T00:00:00.000Z,מוזמביק,0,1,1
2021-12-01T00:00:00.000Z,אוסטרליה,6,25,31
2021-12-01T00:00:00.000Z,קרואטיה,2,0,2
2021-12-01T00:00:00.000Z,ארצות הברית,955,521,1476
2021-12-01T00:00:00.000Z,פולין,57,5,62
2021-12-01T00:00:00.000Z,איחוד האמירויות הערב,801,167,968
2021-12-01T00:00:00.000Z,קניה,22,4,26
2021-12-01T00:00:00.000Z,אזרביג'אן,4,0,4
2021-12-01T00:00:00.000Z,קנדה,99,54,153
2021-12-01T00:00:00.000Z,ליטא,0,1,1
2021-12-01T00:00:00.000Z,אוסטריה,52,17,69
2021-12-01T00:00:00.000Z,מלדיבים,31,6,37
2021-12-01T00:00:00.000Z,לוכסמבורג,2,0,2
2021-12-01T00:00:00.000Z,אורגוואי,2,0,2
2021-12-01T00:00:00.000Z,איי סיישל,1,0,1
2021-12-01T00:00:00.000Z,ארמניה,2,0,2
2021-12-01T00:00:00.000Z,מרוקו,347,20,367
2021-12-01T00:00:00.000Z,אוקראינה,360,171,531
2021-12-01T00:00:00.000Z,סרביה,1,1,2
2021-12-01T00:00:00.000Z,לטביה,2,2,4
2021-12-01T00:00:00.000Z,טנזניה,15,3,18
2021-12-01T00:00:00.000Z,סלובניה,1,0,1
2021-12-01T00:00:00.000Z,גמייקה,1,0,1
2021-12-01T00:00:00.000Z,זימבאבווה,1,0,1
2021-12-01T00:00:00.000Z,ארגנטינה,16,16,32
2021-12-01T00:00:00.000Z,פרו,8,4,12
2021-12-01T00:00:00.000Z,אוזבקיסטן,6,24,30
2021-12-01T00:00:00.000Z,קזחסטאן,3,0,3
2021-12-01T00:00:00.000Z,צ'ילה,3,4,7
2021-12-01T00:00:00.000Z,הודו,5,1,6
2021-12-01T00:00:00.000Z,אוגנדה,1,1,2
2021-12-01T00:00:00.000Z,הונגריה,346,55,401
2021-12-01T00:00:00.000Z,ספרד,401,44,445
2021-12-01T00:00:00.000Z,יוון,158,30,188
2021-12-01T00:00:00.000Z,תוניסיה,0,1,1
2021-12-01T00:00:00.000Z,מלטה,94,14,108
2021-12-01T00:00:00.000Z,טיוואן,0,1,1
2021-12-01T00:00:00.000Z,ירדן,68,34,102
2021-12-01T00:00:00.000Z,פנמה,5,2,7
2021-12-01T00:00:00.000Z,אירלנד,10,5,15
2021-12-01T00:00:00.000Z,קטר,1,0,1
2021-12-01T00:00:00.000Z,פיליפינים,4,2,6
2021-12-01T00:00:00.000Z,גווטאמלה,2,1,3
2021-12-01T00:00:00.000Z,בוליביה,2,2,4
2021-12-01T00:00:00.000Z,גרמניה,461,104,565
2021-12-01T00:00:00.000Z,קולומביה,8,1,9
2021-12-01T00:00:00.000Z,שוויץ,175,56,231
2021-12-01T00:00:00.000Z,כלל המדינות,10470,3371,13841
2021-12-01T00:00:00.000Z,אינדונזיה,1,0,1
2021-12-01T00:00:00.000Z,מקסיקו,15,6,21
2021-12-01T00:00:00.000Z,שוודיה,6,2,8
2021-12-01T00:00:00.000Z,דרום אפריקה,18,1,19
2021-12-01T00:00:00.000Z,מצרים,39,6,45
2021-12-01T00:00:00.000Z,בילורוסיה,3,1,4
2021-12-01T00:00:00.000Z,נורבגיה,7,1,8
2021-12-01T00:00:00.000Z,נפאל,1,0,1
2021-12-01T00:00:00.000Z,איי טורקס וקייקוס,3,2,5
2021-12-01T00:00:00.000Z,רומניה,139,24,163
2021-12-01T00:00:00.000Z,סין,6,2,8
2021-12-01T00:00:00.000Z,צרפת,604,204,808
2021-12-01T00:00:00.000Z,פורטוגל,73,24,97
2021-12-01T00:00:00.000Z,רוסיה,77,110,187
2021-12-01T00:00:00.000Z,קפריסין,219,72,291
2021-12-01T00:00:00.000Z,קובה,0,1,1
2021-12-01T00:00:00.000Z,הרפ הדומיניקנית,7,0,7
2021-12-01T00:00:00.000Z,הולנד,115,24,139
2021-12-01T00:00:00.000Z,דומיניקה,1,0,1
2021-12-01T00:00:00.000Z,יפן,1,0,1
2021-12-01T00:00:00.000Z,אקואדור,4,0,4
2021-12-01T00:00:00.000Z,תורכיה,1025,352,1377
2021-12-01T00:00:00.000Z,צכיה,224,16,240
2021-12-01T00:00:00.000Z,מולדובה,2,0,2
2021-12-01T00:00:00.000Z,ערב הסעודית,2,0,2
2021-12-01T00:00:00.000Z,סרי לנקה (צילון),7,2,9
2021-12-01T00:00:00.000Z,פינלנד,11,2,13
2021-12-01T00:00:00.000Z,איטליה,1087,81,1168
2021-12-01T00:00:00.000Z,גאנה,1,0,1
2021-12-01T00:00:00.000Z,קוריאה הדרומית,6,4,10
2021-12-01T00:00:00.000Z,תאילנד,129,135,264
2021-12-01T00:00:00.000Z,סינגפור,6,0,6
2021-12-01T00:00:00.000Z,דנמרק,16,9,25
2021-12-01T00:00:00.000Z,אנגולה,2,0,2
2021-12-02T00:00:00.000Z,ירדן,433,73,506
2021-12-02T00:00:00.000Z,מרוקו,247,6,253
2021-12-02T00:00:00.000Z,צכיה,575,29,604
2021-12-02T00:00:00.000Z,קרואטיה,5,0,5
2021-12-02T00:00:00.000Z,תאילנד,18,2,20
2021-12-02T00:00:00.000Z,רומניה,89,8,97
2021-12-02T00:00:00.000Z,קנדה,7,9,16
2021-12-02T00:00:00.000Z,קפריסין,516,132,648
2021-12-02T00:00:00.000Z,ארצות הברית,1030,694,1724
2021-12-02T00:00:00.000Z,צ'ילה,1,0,1
2021-12-02T00:00:00.000Z,מלדיבים,23,8,31
2021-12-02T00:00:00.000Z,סין,0,4,4
2021-12-02T00:00:00.000Z,בחריין,27,4,31
2021-12-02T00:00:00.000Z,פנמה,3,1,4
2021-12-02T00:00:00.000Z,אסטוניה,3,0,3
2021-12-02T00:00:00.000Z,קולומביה,15,4,19
2021-12-02T00:00:00.000Z,גאנה,0,1,1
2021-12-02T00:00:00.000Z,שוויץ,249,41,290
2021-12-02T00:00:00.000Z,איסלנד,0,1,1
2021-12-02T00:00:00.000Z,קונגו,1,0,1
2021-12-02T00:00:00.000Z,אלבניה,2,2,4
2021-12-02T00:00:00.000Z,אוזבקיסטן,4,5,9
2021-12-02T00:00:00.000Z,נפאל,9,1,10
2021-12-02T00:00:00.000Z,הממלכה המאוחדת,746,187,933
2021-12-02T00:00:00.000Z,ליטא,2,0,2
2021-12-02T00:00:00.000Z,פיליפינים,1,1,2
2021-12-02T00:00:00.000Z,איי טורקס וקייקוס,2,1,3
2021-12-02T00:00:00.000Z,אינדונזיה,2,0,2
2021-12-02T00:00:00.000Z,גרמניה,418,96,514
2021-12-02T00:00:00.000Z,איחוד האמירויות הערב,1269,229,1498
2021-12-02T00:00:00.000Z,קוסטה ריקה,1,0,1
2021-12-02T00:00:00.000Z,צרפת,868,229,1097
2021-12-02T00:00:00.000Z,אוקראינה,216,122,338
2021-12-02T00:00:00.000Z,קניה,9,1,10
2021-12-02T00:00:00.000Z,מונגוליה,8,0,8
2021-12-02T00:00:00.000Z,גווטאמלה,0,1,1
2021-12-02T00:00:00.000Z,ונצואלה,0,1,1
2021-12-02T00:00:00.000Z,תימן,0,1,1
2021-12-02T00:00:00.000Z,הודו,20,1,21
2021-12-02T00:00:00.000Z,פרו,3,3,6
2021-12-02T00:00:00.000Z,ראוניון,1,0,1
2021-12-02T00:00:00.000Z,אזרביג'אן,58,11,69
2021-12-02T00:00:00.000Z,ארגנטינה,13,6,19
2021-12-02T00:00:00.000Z,אנגולה,1,0,1
2021-12-02T00:00:00.000Z,אוסטריה,25,16,41
2021-12-02T00:00:00.000Z,תורכיה,1383,461,1844
2021-12-02T00:00:00.000Z,מצרים,327,121,448
2021-12-02T00:00:00.000Z,מלטה,1,0,1
2021-12-02T00:00:00.000Z,גמייקה,1,0,1
2021-12-02T00:00:00.000Z,אירלנד,14,1,15
2021-12-02T00:00:00.000Z,גאורגיה,590,94,684
2021-12-02T00:00:00.000Z,קירג'זסטאן,3,1,4
2021-12-02T00:00:00.000Z,דרום אפריקה,37,8,45
2021-12-02T00:00:00.000Z,סרביה,5,2,7
2021-12-02T00:00:00.000Z,מונטנגרו,2,0,2
2021-12-02T00:00:00.000Z,יוון,549,76,625
2021-12-02T00:00:00.000Z,ברזיל,15,11,26
2021-12-02T00:00:00.000Z,פורטו ריקו,0,1,1
2021-12-02T00:00:00.000Z,כלל המדינות,15719,4148,19867
2021-12-02T00:00:00.000Z,נורבגיה,1,0,1
2021-12-02T00:00:00.000Z,פולין,445,40,485
2021-12-02T00:00:00.000Z,אנדורה,1,0,1
2021-12-02T00:00:00.000Z,אוסטרליה,8,10,18
2021-12-02T00:00:00.000Z,הרפ הדומיניקנית,2,0,2
2021-12-02T00:00:00.000Z,דנמרק,25,3,28
2021-12-02T00:00:00.000Z,מקדוניה,0,4,4
2021-12-02T00:00:00.000Z,איי פיגי,1,0,1
2021-12-02T00:00:00.000Z,איי סיישל,96,22,118
2021-12-02T00:00:00.000Z,אורגוואי,1,0,1
2021-12-02T00:00:00.000Z,פינלנד,9,0,9
2021-12-02T00:00:00.000Z,אוגנדה,1,1,2
2021-12-02T00:00:00.000Z,בלגיה,89,71,160
2021-12-02T00:00:00.000Z,סרי לנקה (צילון),3,1,4
2021-12-02T00:00:00.000Z,רוסיה,123,99,222
2021-12-02T00:00:00.000Z,בולגריה,195,35,230
2021-12-02T00:00:00.000Z,חוף השנהב,2,0,2
2021-12-02T00:00:00.000Z,עומן,3,0,3
2021-12-02T00:00:00.000Z,הולנד,253,50,303
2021-12-02T00:00:00.000Z,אתיופיה,20,10,30
2021-12-02T00:00:00.000Z,מאוריציוס,3,0,3
2021-12-02T00:00:00.000Z,ערב הסעודית,13,0,13
2021-12-02T00:00:00.000Z,שוודיה,3,6,9
2021-12-02T00:00:00.000Z,ארמניה,1,0,1
2021-12-02T00:00:00.000Z,פורטוגל,218,34,252
2021-12-02T00:00:00.000Z,טנזניה,3,2,5
2021-12-02T00:00:00.000Z,קמבודיה,1,0,1
2021-12-02T00:00:00.000Z,פרגוואי,2,0,2
2021-12-02T00:00:00.000Z,מולדובה,69,24,93
2021-12-02T00:00:00.000Z,קטר,3,0,3
2021-12-02T00:00:00.000Z,הונדורס,0,4,4
2021-12-02T00:00:00.000Z,בילורוסיה,53,20,73
2021-12-02T00:00:00.000Z,קובה,1,0,1
2021-12-02T00:00:00.000Z,איטליה,1559,187,1746
2021-12-02T00:00:00.000Z,לוכסמבורג,2,2,4
2021-12-02T00:00:00.000Z,ספרד,463,47,510
2021-12-02T00:00:00.000Z,קוריאה הדרומית,2,2,4
2021-12-02T00:00:00.000Z,מקסיקו,12,4,16
2021-12-02T00:00:00.000Z,רואנדה,13,1,14
2021-12-02T00:00:00.000Z,האנטילים ההולנדים,1,0,1
2021-12-02T00:00:00.000Z,הונגריה,898,101,999
2021-12-02T00:00:00.000Z,סינגפור,9,15,24
2021-12-03T00:00:00.000Z,ברזיל,8,37,45
2021-12-03T00:00:00.000Z,הונגריה,828,82,910
2021-12-03T00:00:00.000Z,פורטוגל,35,4,39
2021-12-03T00:00:00.000Z,קולומביה,21,3,24
2021-12-03T00:00:00.000Z,טנזניה,9,3,12
2021-12-03T00:00:00.000Z,אסטוניה,3,2,5
2021-12-03T00:00:00.000Z,אינדונזיה,2,0,2
2021-12-03T00:00:00.000Z,רומניה,145,33,178
2021-12-03T00:00:00.000Z,אירלנד,12,2,14
2021-12-03T00:00:00.000Z,ליטא,2,0,2
2021-12-03T00:00:00.000Z,גאורגיה,373,58,431
2021-12-03T00:00:00.000Z,סרביה,7,3,10
2021-12-03T00:00:00.000Z,צרפת,921,143,1064
2021-12-03T00:00:00.000Z,נפאל,17,2,19
2021-12-03T00:00:00.000Z,סלובניה,1,0,1
2021-12-03T00:00:00.000Z,אורגוואי,10,1,11
2021-12-03T00:00:00.000Z,יפן,1,1,2
2021-12-03T00:00:00.000Z,כווית,2,0,2
2021-12-03T00:00:00.000Z,תורכיה,853,248,1101
2021-12-03T00:00:00.000Z,הממלכה המאוחדת,878,110,988
2021-12-03T00:00:00.000Z,הונג קונג,1,0,1
2021-12-03T00:00:00.000Z,בולגריה,137,28,165
2021-12-03T00:00:00.000Z,קוסטה ריקה,8,9,17
2021-12-03T00:00:00.000Z,גאנה,2,0,2
2021-12-03T00:00:00.000Z,שוודיה,3,1,4
2021-12-03T00:00:00.000Z,זאיר,2,0,2
2021-12-03T00:00:00.000Z,איטליה,957,64,1021
2021-12-03T00:00:00.000Z,מקסיקו,9,1,10
2021-12-03T00:00:00.000Z,מלדיבים,43,7,50
2021-12-03T00:00:00.000Z,דנמרק,23,4,27
2021-12-03T00:00:00.000Z,מולדובה,3,0,3
2021-12-03T00:00:00.000Z,נורבגיה,8,2,10
2021-12-03T00:00:00.000Z,ויטנאם,2,0,2
2021-12-03T00:00:00.000Z,ונצואלה,0,1,1
2021-12-03T00:00:00.000Z,סינגפור,3,12,15
2021-12-03T00:00:00.000Z,אקואדור,4,1,5
2021-12-03T00:00:00.000Z,אוסטריה,109,23,132
2021-12-03T00:00:00.000Z,פינלנד,10,0,10
2021-12-03T00:00:00.000Z,קרואטיה,5,0,5
2021-12-03T00:00:00.000Z,קזחסטאן,3,6,9
2021-12-03T00:00:00.000Z,זימבאבווה,1,0,1
2021-12-03T00:00:00.000Z,כלל המדינות,13046,2904,15950
2021-12-03T00:00:00.000Z,אוזבקיסטן,1,2,3
2021-12-03T00:00:00.000Z,קניה,1,0,1
2021-12-03T00:00:00.000Z,דומיניקה,3,0,3
2021-12-03T00:00:00.000Z,לוכסמבורג,1,0,1
2021-12-03T00:00:00.000Z,שוויץ,143,28,171
2021-12-03T00:00:00.000Z,תוניסיה,1,0,1
2021-12-03T00:00:00.000Z,טוגו,1,0,1
2021-12-03T00:00:00.000Z,אל סלבדור,1,0,1
2021-12-03T00:00:00.000Z,סרי לנקה (צילון),24,1,25
2021-12-03T00:00:00.000Z,הודו,7,1,8
2021-12-03T00:00:00.000Z,ספרד,545,52,597
2021-12-03T00:00:00.000Z,דרום אפריקה,12,2,14
2021-12-03T00:00:00.000Z,גרמניה,633,109,742
2021-12-03T00:00:00.000Z,גויאנה הצרפתית,2,0,2
2021-12-03T00:00:00.000Z,מצרים,254,76,330
2021-12-03T00:00:00.000Z,תורכמניסטאן,2,2,4
2021-12-03T00:00:00.000Z,אוסטרליה,5,2,7
2021-12-03T00:00:00.000Z,חוף השנהב,10,0,10
2021-12-03T00:00:00.000Z,אוקראינה,419,212,631
2021-12-03T00:00:00.000Z,קוריאה הדרומית,6,3,9
2021-12-03T00:00:00.000Z,בלגיה,91,27,118
2021-12-03T00:00:00.000Z,פנמה,0,4,4
2021-12-03T00:00:00.000Z,רואנדה,29,0,29
2021-12-03T00:00:00.000Z,צ'ילה,1,2,3
2021-12-03T00:00:00.000Z,אזרביג'אן,17,0,17
2021-12-03T00:00:00.000Z,אלבניה,0,2,2
2021-12-03T00:00:00.000Z,יוון,434,57,491
2021-12-03T00:00:00.000Z,סלובקיה,1,0,1
2021-12-03T00:00:00.000Z,ירדן,31,24,55
2021-12-03T00:00:00.000Z,פרו,3,0,3
2021-12-03T00:00:00.000Z,ארצות הברית,1532,465,1997
2021-12-03T00:00:00.000Z,לטביה,5,0,5
2021-12-03T00:00:00.000Z,פולין,334,23,357
2021-12-03T00:00:00.000Z,אתיופיה,7,8,15
2021-12-03T00:00:00.000Z,צכיה,338,15,353
2021-12-03T00:00:00.000Z,גינאה המשוונית,1,0,1
2021-12-03T00:00:00.000Z,מרוקו,146,7,153
2021-12-03T00:00:00.000Z,הולנד,284,19,303
2021-12-03T00:00:00.000Z,דרום סודאן,0,1,1
2021-12-03T00:00:00.000Z,ארגנטינה,22,3,25
2021-12-03T00:00:00.000Z,סין,0,1,1
2021-12-03T00:00:00.000Z,איחוד האמירויות הערב,983,210,1193
2021-12-03T00:00:00.000Z,קפריסין,269,75,344
2021-12-03T00:00:00.000Z,פיליפינים,2,3,5
2021-12-03T00:00:00.000Z,תאילנד,191,40,231
2021-12-03T00:00:00.000Z,רוסיה,82,43,125
2021-12-03T00:00:00.000Z,קנדה,79,48,127
2021-12-03T00:00:00.000Z,הרפ הדומיניקנית,7,1,8
2021-12-04T00:00:00.000Z,צכיה,339,29,368
2021-12-04T00:00:00.000Z,דרום אפריקה,12,6,18
2021-12-04T00:00:00.000Z,קוסטה ריקה,1,3,4
2021-12-04T00:00:00.000Z,הממלכה המאוחדת,677,98,775
2021-12-04T00:00:00.000Z,בולגריה,8,1,9
2021-12-04T00:00:00.000Z,גאורגיה,112,6,118
2021-12-04T00:00:00.000Z,ברזיל,15,8,23
2021-12-04T00:00:00.000Z,אירלנד,6,1,7
2021-12-04T00:00:00.000Z,נורבגיה,4,5,9
2021-12-04T00:00:00.000Z,הרפ הדומיניקנית,1,0,1
2021-12-04T00:00:00.000Z,מצרים,344,86,430
2021-12-04T00:00:00.000Z,ליטא,110,12,122
2021-12-04T00:00:00.000Z,יפן,0,26,26
2021-12-04T00:00:00.000Z,קזחסטאן,2,0,2
2021-12-04T00:00:00.000Z,אוזבקיסטן,4,9,13
2021-12-04T00:00:00.000Z,גרמניה,225,78,303
2021-12-04T00:00:00.000Z,ארמניה,4,4,8
2021-12-04T00:00:00.000Z,יוון,390,27,417
2021-12-04T00:00:00.000Z,קרואטיה,3,0,3
2021-12-04T00:00:00.000Z,טוגו,1,2,3
2021-12-04T00:00:00.000Z,טיוואן,1,1,2
2021-12-04T00:00:00.000Z,צ'ילה,0,3,3
2021-12-04T00:00:00.000Z,אתיופיה,9,2,11
2021-12-04T00:00:00.000Z,אוסטריה,17,53,70
2021-12-04T00:00:00.000Z,ספרד,127,8,135
2021-12-04T00:00:00.000Z,שוודיה,7,0,7
2021-12-04T00:00:00.000Z,שוויץ,34,3,37
2021-12-04T00:00:00.000Z,תורכיה,1068,254,1322
2021-12-04T00:00:00.000Z,תאילנד,9,18,27
2021-12-04T00:00:00.000Z,קולומביה,4,0,4
2021-12-04T00:00:00.000Z,קנדה,6,0,6
2021-12-04T00:00:00.000Z,גיברלטר,1,0,1
2021-12-04T00:00:00.000Z,הודו,104,92,196
2021-12-04T00:00:00.000Z,קניה,2,1,3
2021-12-04T00:00:00.000Z,סינגפור,3,9,12
2021-12-04T00:00:00.000Z,איטליה,1200,75,1275
2021-12-04T00:00:00.000Z,ארגנטינה,2,2,4
2021-12-04T00:00:00.000Z,פיליפינים,0,1,1
2021-12-04T00:00:00.000Z,אוגנדה,0,5,5
2021-12-04T00:00:00.000Z,בילורוסיה,0,1,1
2021-12-04T00:00:00.000Z,נפאל,1,2,3
2021-12-04T00:00:00.000Z,פורטוגל,142,16,158
2021-12-04T00:00:00.000Z,סין,2,7,9
2021-12-04T00:00:00.000Z,אנגולה,1,0,1
2021-12-04T00:00:00.000Z,קפריסין,455,55,510
2021-12-04T00:00:00.000Z,איחוד האמירויות הערב,445,85,530
2021-12-04T00:00:00.000Z,צרפת,735,69,804
2021-12-04T00:00:00.000Z,לטביה,30,4,34
2021-12-04T00:00:00.000Z,הולנד,115,14,129
2021-12-04T00:00:00.000Z,רוסיה,71,35,106
2021-12-04T00:00:00.000Z,סרי לנקה (צילון),11,0,11
2021-12-04T00:00:00.000Z,בלגיה,96,17,113
2021-12-04T00:00:00.000Z,מלדיבים,58,8,66
2021-12-04T00:00:00.000Z,דנמרק,14,29,43
2021-12-04T00:00:00.000Z,אורגוואי,2,0,2
2021-12-04T00:00:00.000Z,ארצות הברית,928,276,1204
2021-12-04T00:00:00.000Z,סלובניה,3,0,3
2021-12-04T00:00:00.000Z,פנמה,2,1,3
2021-12-04T00:00:00.000Z,הונגריה,395,22,417
2021-12-04T00:00:00.000Z,אלבניה,0,1,1
2021-12-04T00:00:00.000Z,קוריאה הדרומית,4,3,7
2021-12-04T00:00:00.000Z,פרו,1,0,1
2021-12-04T00:00:00.000Z,טנזניה,22,4,26
2021-12-04T00:00:00.000Z,פרגוואי,2,0,2
2021-12-04T00:00:00.000Z,ירדן,24,14,38
2021-12-04T00:00:00.000Z,אקואדור,21,0,21
2021-12-04T00:00:00.000Z,כלל המדינות,9338,2014,11352
2021-12-04T00:00:00.000Z,אוקראינה,89,20,109
2021-12-04T00:00:00.000Z,אוסטרליה,2,6,8
2021-12-04T00:00:00.000Z,פולין,206,14,220
2021-12-04T00:00:00.000Z,ניגריה,1,1,2
2021-12-04T00:00:00.000Z,רומניה,251,15,266
2021-12-04T00:00:00.000Z,איי סיישל,6,0,6
2021-12-04T00:00:00.000Z,מונטנגרו,1,0,1
2021-12-04T00:00:00.000Z,נמיביה,0,1,1
2021-12-04T00:00:00.000Z,קירג'זסטאן,0,4,4
2021-12-04T00:00:00.000Z,פינלנד,2,2,4
2021-12-04T00:00:00.000Z,מקסיקו,15,46,61
2021-12-04T00:00:00.000Z,סרביה,1,0,1
2021-12-04T00:00:00.000Z,מאוריציוס,2,0,2
2021-12-04T00:00:00.000Z,מלטה,113,8,121
2021-12-05T00:00:00.000Z,רואנדה,1,0,1
2021-12-05T00:00:00.000Z,פולין,462,29,491
2021-12-05T00:00:00.000Z,אירלנד,9,3,12
2021-12-05T00:00:00.000Z,ברזיל,19,3,22
2021-12-05T00:00:00.000Z,ארגנטינה,19,1,20
2021-12-05T00:00:00.000Z,נפאל,4,0,4
2021-12-05T00:00:00.000Z,צ'ילה,0,3,3
2021-12-05T00:00:00.000Z,ניגריה,1,0,1
2021-12-05T00:00:00.000Z,בוליביה,0,4,4
2021-12-05T00:00:00.000Z,גמייקה,1,0,1
2021-12-05T00:00:00.000Z,פינלנד,16,0,16
2021-12-05T00:00:00.000Z,הונג קונג,0,1,1
2021-12-05T00:00:00.000Z,מונטנגרו,4,0,4
2021-12-05T00:00:00.000Z,רוסיה,129,121,250
2021-12-05T00:00:00.000Z,סרי לנקה (צילון),42,3,45
2021-12-05T00:00:00.000Z,אזרביג'אן,74,14,88
2021-12-05T00:00:00.000Z,אוגנדה,2,0,2
2021-12-05T00:00:00.000Z,בולגריה,229,15,244
2021-12-05T00:00:00.000Z,תורכיה,1416,301,1717
2021-12-05T00:00:00.000Z,צרפת,1317,309,1626
2021-12-05T00:00:00.000Z,קוריאה הדרומית,13,0,13
2021-12-05T00:00:00.000Z,קניה,4,3,7
2021-12-05T00:00:00.000Z,שוודיה,21,2,23
2021-12-05T00:00:00.000Z,קוסטה ריקה,6,0,6
2021-12-05T00:00:00.000Z,בוסניה הרצגובינה,3,3,6
2021-12-05T00:00:00.000Z,פיליפינים,3,5,8
2021-12-05T00:00:00.000Z,איי טורקס וקייקוס,2,1,3
2021-12-05T00:00:00.000Z,זאיר,1,0,1
2021-12-05T00:00:00.000Z,איחוד האמירויות הערב,1853,292,2145
2021-12-05T00:00:00.000Z,קטר,3,1,4
2021-12-05T00:00:00.000Z,מולדובה,34,25,59
2021-12-05T00:00:00.000Z,בחריין,3,1,4
2021-12-05T00:00:00.000Z,אקואדור,1,0,1
2021-12-05T00:00:00.000Z,יפן,0,1,1
2021-12-05T00:00:00.000Z,דומיניקה,2,0,2
2021-12-05T00:00:00.000Z,פורטוגל,143,18,161
2021-12-05T00:00:00.000Z,הולנד,219,35,254
2021-12-05T00:00:00.000Z,אתיופיה,4,4,8
2021-12-05T00:00:00.000Z,יוון,784,75,859
2021-12-05T00:00:00.000Z,גויאנה הצרפתית,2,0,2
2021-12-05T00:00:00.000Z,אורגוואי,14,1,15
2021-12-05T00:00:00.000Z,לטביה,3,2,5
2021-12-05T00:00:00.000Z,אוסטריה,24,19,43
2021-12-05T00:00:00.000Z,אוזבקיסטן,5,3,8
2021-12-05T00:00:00.000Z,אוקראינה,581,672,1253
2021-12-05T00:00:00.000Z,מלדיבים,88,14,102
2021-12-05T00:00:00.000Z,מקסיקו,6,2,8
2021-12-05T00:00:00.000Z,איטליה,1712,167,1879
2021-12-05T00:00:00.000Z,ארצות הברית,1175,403,1578
2021-12-05T00:00:00.000Z,סינגפור,2,20,22
2021-12-05T00:00:00.000Z,תורכמניסטאן,1,0,1
2021-12-05T00:00:00.000Z,גווטאמלה,1,1,2
2021-12-05T00:00:00.000Z,מקאו,1,0,1
2021-12-05T00:00:00.000Z,הונגריה,790,77,867
2021-12-05T00:00:00.000Z,נורבגיה,6,3,9
2021-12-05T00:00:00.000Z,הממלכה המאוחדת,797,129,926
2021-12-05T00:00:00.000Z,סלובקיה,0,4,4
2021-12-05T00:00:00.000Z,גאורגיה,850,71,921
2021-12-05T00:00:00.000Z,הרפ הדומיניקנית,8,1,9
2021-12-05T00:00:00.000Z,צכיה,514,18,532
2021-12-05T00:00:00.000Z,מצרים,443,98,541
2021-12-05T00:00:00.000Z,מלאווי,1,2,3
2021-12-05T00:00:00.000Z,הודו,8,0,8
2021-12-05T00:00:00.000Z,כלל המדינות,17795,4275,22070
2021-12-05T00:00:00.000Z,רומניה,81,14,95
2021-12-05T00:00:00.000Z,סלובניה,4,0,4
2021-12-05T00:00:00.000Z,ספרד,722,105,827
2021-12-05T00:00:00.000Z,אסטוניה,6,0,6
2021-12-05T00:00:00.000Z,קפריסין,466,73,539
2021-12-05T00:00:00.000Z,קזחסטאן,1,1,2
2021-12-05T00:00:00.000Z,אל סלבדור,1,0,1
2021-12-05T00:00:00.000Z,גאנה,0,3,3
2021-12-05T00:00:00.000Z,גרמניה,693,107,800
2021-12-05T00:00:00.000Z,קנדה,60,32,92
2021-12-05T00:00:00.000Z,ליטא,74,13,87
2021-12-05T00:00:00.000Z,תאילנד,14,1,15
2021-12-05T00:00:00.000Z,בילורוסיה,79,54,133
2021-12-05T00:00:00.000Z,סרביה,7,1,8
2021-12-05T00:00:00.000Z,דנמרק,33,10,43
2021-12-05T00:00:00.000Z,פנמה,6,0,6
2021-12-05T00:00:00.000Z,ירדן,586,128,714
2021-12-05T00:00:00.000Z,איי סיישל,16,1,17
2021-12-05T00:00:00.000Z,בלגיה,48,17,65
2021-12-05T00:00:00.000Z,סין,1,6,7
2021-12-05T00:00:00.000Z,אוסטרליה,0,7,7
2021-12-05T00:00:00.000Z,טנזניה,4,1,5
2021-12-05T00:00:00.000Z,שוויץ,147,69,216
2021-12-05T00:00:00.000Z,פרו,2,0,2
2021-12-05T00:00:00.000Z,דרום אפריקה,12,6,18
2021-12-05T00:00:00.000Z,קרואטיה,1,0,1
2021-12-05T00:00:00.000Z,קולומביה,7,5,12
2021-12-05T00:00:00.000Z,ערב הסעודית,4,0,4
2021-12-06T00:00:00.000Z,איי גילברט ואליס,1,0,1
2021-12-06T00:00:00.000Z,מלדיבים,78,22,100
2021-12-06T00:00:00.000Z,נפאל,2,1,3
2021-12-06T00:00:00.000Z,לטביה,3,0,3
2021-12-06T00:00:00.000Z,ספרד,697,77,774
2021-12-06T00:00:00.000Z,ניו זילנד,1,0,1
2021-12-06T00:00:00.000Z,ארמניה,2,2,4
2021-12-06T00:00:00.000Z,קמרון,1,0,1
2021-12-06T00:00:00.000Z,סרביה,2,0,2
2021-12-06T00:00:00.000Z,איי טורקס וקייקוס,5,2,7
2021-12-06T00:00:00.000Z,שוודיה,17,4,21
2021-12-06T00:00:00.000Z,ליטא,8,0,8
2021-12-06T00:00:00.000Z,אוסטריה,39,29,68
2021-12-06T00:00:00.000Z,פנמה,3,1,4
2021-12-06T00:00:00.000Z,פרו,1,0,1
2021-12-06T00:00:00.000Z,הממלכה המאוחדת,1000,197,1197
2021-12-06T00:00:00.000Z,דנמרק,31,1,32
2021-12-06T00:00:00.000Z,יוון,845,59,904
2021-12-06T00:00:00.000Z,אלבניה,1,0,1
2021-12-06T00:00:00.000Z,מולדובה,38,25,63
2021-12-06T00:00:00.000Z,אתיופיה,10,2,12
2021-12-06T00:00:00.000Z,דרום אפריקה,62,20,82
2021-12-06T00:00:00.000Z,עירק,1,0,1
2021-12-06T00:00:00.000Z,בחריין,68,5,73
2021-12-06T00:00:00.000Z,רואנדה,7,0,7
2021-12-06T00:00:00.000Z,קוסובו,1,0,1
2021-12-06T00:00:00.000Z,רוסיה,200,165,365
2021-12-06T00:00:00.000Z,איחוד האמירויות הערב,1839,286,2125
2021-12-06T00:00:00.000Z,אזרביג'אן,6,0,6
2021-12-06T00:00:00.000Z,שוויץ,51,16,67
2021-12-06T00:00:00.000Z,פינלנד,8,0,8
2021-12-06T00:00:00.000Z,ארצות הברית,1954,620,2574
2021-12-06T00:00:00.000Z,הונגריה,671,59,730
2021-12-06T00:00:00.000Z,מקסיקו,14,12,26
2021-12-06T00:00:00.000Z,זמביה,1,1,2
2021-12-06T00:00:00.000Z,מאוריציוס,3,1,4
2021-12-06T00:00:00.000Z,תאילנד,203,31,234
2021-12-06T00:00:00.000Z,בלגיה,177,63,240
2021-12-06T00:00:00.000Z,פולין,344,18,362
2021-12-06T00:00:00.000Z,ברזיל,21,2,23
2021-12-06T00:00:00.000Z,גויאנה הצרפתית,1,0,1
2021-12-06T00:00:00.000Z,קרואטיה,9,4,13
2021-12-06T00:00:00.000Z,קנדה,133,47,180
2021-12-06T00:00:00.000Z,גרמניה,740,81,821
2021-12-06T00:00:00.000Z,ערב הסעודית,3,0,3
2021-12-06T00:00:00.000Z,אקואדור,2,0,2
2021-12-06T00:00:00.000Z,קזחסטאן,5,2,7
2021-12-06T00:00:00.000Z,פורטוגל,186,15,201
2021-12-06T00:00:00.000Z,קטר,2,0,2
2021-12-06T00:00:00.000Z,האיטי,3,0,3
2021-12-06T00:00:00.000Z,אוזבקיסטן,1,7,8
2021-12-06T00:00:00.000Z,מונטנגרו,4,0,4
2021-12-06T00:00:00.000Z,רומניה,267,60,327
2021-12-06T00:00:00.000Z,קפריסין,360,67,427
2021-12-06T00:00:00.000Z,איטליה,1419,93,1512
2021-12-06T00:00:00.000Z,דומיניקה,1,0,1
2021-12-06T00:00:00.000Z,קוסטה ריקה,9,0,9
2021-12-06T00:00:00.000Z,מרוקו,120,6,126
2021-12-06T00:00:00.000Z,יפן,0,1,1
2021-12-06T00:00:00.000Z,קירג'זסטאן,2,4,6
2021-12-06T00:00:00.000Z,סין,0,2,2
2021-12-06T00:00:00.000Z,גווטאמלה,3,4,7
2021-12-06T00:00:00.000Z,הרפ הדומיניקנית,6,0,6
2021-12-06T00:00:00.000Z,צ'ילה,4,0,4
2021-12-06T00:00:00.000Z,אוסטרליה,3,4,7
2021-12-06T00:00:00.000Z,בולגריה,282,27,309
2021-12-06T00:00:00.000Z,קוריאה הדרומית,1,0,1
2021-12-06T00:00:00.000Z,אירלנד,7,3,10
2021-12-06T00:00:00.000Z,אורגוואי,1,0,1
2021-12-06T00:00:00.000Z,הודו,5,1,6
2021-12-06T00:00:00.000Z,זאיר,2,0,2
2021-12-06T00:00:00.000Z,טנזניה,11,2,13
2021-12-06T00:00:00.000Z,תורכיה,1198,223,1421
2021-12-06T00:00:00.000Z,נורבגיה,13,0,13
2021-12-06T00:00:00.000Z,אוגנדה,0,1,1
2021-12-06T00:00:00.000Z,צרפת,980,198,1178
2021-12-06T00:00:00.000Z,כלל המדינות,16937,3647,20584
2021-12-06T00:00:00.000Z,פיליפינים,2,2,4
2021-12-06T00:00:00.000Z,סלובניה,0,3,3
2021-12-06T00:00:00.000Z,מצרים,200,53,253
2021-12-06T00:00:00.000Z,הולנד,181,33,214
2021-12-06T00:00:00.000Z,ארגנטינה,9,2,11
2021-12-06T00:00:00.000Z,ניקרגואה,1,0,1
2021-12-06T00:00:00.000Z,צכיה,468,26,494
2021-12-06T00:00:00.000Z,סרי לנקה (צילון),38,2,40
2021-12-06T00:00:00.000Z,איסלנד,1,0,1
2021-12-06T00:00:00.000Z,מוזמביק,5,0,5
2021-12-06T00:00:00.000Z,ניגריה,3,0,3
2021-12-06T00:00:00.000Z,ויטנאם,2,0,2
2021-12-06T00:00:00.000Z,אוקראינה,349,338,687
2021-12-06T00:00:00.000Z,גאורגיה,559,49,608
2021-12-06T00:00:00.000Z,ירדן,99,33,132
2021-12-06T00:00:00.000Z,קולומביה,7,3,10
2021-12-06T00:00:00.000Z,מלטה,0,2,2
2021-12-07T00:00:00.000Z,תאילנד,13,0,13
2021-12-07T00:00:00.000Z,איחוד האמירויות הערב,1636,254,1890
2021-12-07T00:00:00.000Z,מולדובה,1,0,1
2021-12-07T00:00:00.000Z,תורכיה,1105,367,1472
2021-12-07T00:00:00.000Z,רוסיה,111,84,195
2021-12-07T00:00:00.000Z,ירדן,33,22,55
2021-12-07T00:00:00.000Z,איי סיישל,5,5,10
2021-12-07T00:00:00.000Z,בלגיה,88,37,125
2021-12-07T00:00:00.000Z,נורבגיה,15,0,15
2021-12-07T00:00:00.000Z,נאורו,2,0,2
2021-12-07T00:00:00.000Z,פינלנד,40,11,51
2021-12-07T00:00:00.000Z,קולומביה,2,1,3
2021-12-07T00:00:00.000Z,קניה,5,1,6
2021-12-07T00:00:00.000Z,ארמניה,2,1,3
2021-12-07T00:00:00.000Z,פולין,221,30,251
2021-12-07T00:00:00.000Z,אתיופיה,16,4,20
2021-12-07T00:00:00.000Z,ארגנטינה,26,14,40
2021-12-07T00:00:00.000Z,קמבודיה,0,1,1
2021-12-07T00:00:00.000Z,יוון,255,24,279
2021-12-07T00:00:00.000Z,סרי לנקה (צילון),55,8,63
2021-12-07T00:00:00.000Z,גרמניה,489,54,543
2021-12-07T00:00:00.000Z,פיליפינים,3,8,11
2021-12-07T00:00:00.000Z,אוקראינה,344,364,708
2021-12-07T00:00:00.000Z,קירג'זסטאן,1,0,1
2021-12-07T00:00:00.000Z,ספרד,501,57,558
2021-12-07T00:00:00.000Z,גווטאמלה,1,0,1
2021-12-07T00:00:00.000Z,אסטוניה,6,2,8
2021-12-07T00:00:00.000Z,צרפת,1114,298,1412
2021-12-07T00:00:00.000Z,קרואטיה,2,0,2
2021-12-07T00:00:00.000Z,הונג קונג,2,3,5
2021-12-07T00:00:00.000Z,קובה,1,0,1
2021-12-07T00:00:00.000Z,קזחסטאן,6,16,22
2021-12-07T00:00:00.000Z,רומניה,172,42,214
2021-12-07T00:00:00.000Z,מלדיבים,214,10,224
2021-12-07T00:00:00.000Z,שוודיה,6,2,8
2021-12-07T00:00:00.000Z,צכיה,413,9,422
2021-12-07T00:00:00.000Z,אנדורה,1,0,1
2021-12-07T00:00:00.000Z,ארצות הברית,1475,670,2145
2021-12-07T00:00:00.000Z,הממלכה המאוחדת,737,192,929
2021-12-07T00:00:00.000Z,מצרים,68,44,112
2021-12-07T00:00:00.000Z,הודו,76,46,122
2021-12-07T00:00:00.000Z,נפאל,4,0,4
2021-12-07T00:00:00.000Z,פנמה,2,2,4
2021-12-07T00:00:00.000Z,סינגפור,1,7,8
2021-12-07T00:00:00.000Z,ונצואלה,1,0,1
2021-12-07T00:00:00.000Z,הרפ הדומיניקנית,3,0,3
2021-12-07T00:00:00.000Z,הונגריה,525,45,570
2021-12-07T00:00:00.000Z,גינאה,1,0,1
2021-12-07T00:00:00.000Z,שוויץ,28,9,37
2021-12-07T00:00:00.000Z,תורכמניסטאן,2,0,2
2021-12-07T00:00:00.000Z,דרום סודאן,1,0,1
2021-12-07T00:00:00.000Z,אוגנדה,2,2,4
2021-12-07T00:00:00.000Z,קנדה,111,57,168
2021-12-07T00:00:00.000Z,קפריסין,201,38,239
2021-12-07T00:00:00.000Z,מקסיקו,12,14,26
2021-12-07T00:00:00.000Z,דרום אפריקה,31,10,41
2021-12-07T00:00:00.000Z,סרביה,14,3,17
2021-12-07T00:00:00.000Z,אוסטרליה,2,10,12
2021-12-07T00:00:00.000Z,אירלנד,6,0,6
2021-12-07T00:00:00.000Z,ליטא,102,19,121
2021-12-07T00:00:00.000Z,אזרביג'אן,1,0,1
2021-12-07T00:00:00.000Z,אורגוואי,2,0,2
2021-12-07T00:00:00.000Z,איטליה,1054,142,1196
2021-12-07T00:00:00.000Z,בולגריה,46,15,61
2021-12-07T00:00:00.000Z,כלל המדינות,12738,3795,16533
2021-12-07T00:00:00.000Z,פורטוגל,27,2,29
2021-12-07T00:00:00.000Z,טנזניה,9,2,11
2021-12-07T00:00:00.000Z,סלובקיה,1,0,1
2021-12-07T00:00:00.000Z,ברזיל,17,11,28
2021-12-07T00:00:00.000Z,אוסטריה,43,24,67
2021-12-07T00:00:00.000Z,מרוקו,8,0,8
2021-12-07T00:00:00.000Z,מלטה,2,0,2
2021-12-07T00:00:00.000Z,לטביה,22,7,29
2021-12-07T00:00:00.000Z,האיטי,1,0,1
2021-12-07T00:00:00.000Z,קוסטה ריקה,1,0,1
2021-12-07T00:00:00.000Z,הולנד,248,52,300
2021-12-07T00:00:00.000Z,גאורגיה,168,30,198
2021-12-07T00:00:00.000Z,דנמרק,18,3,21
2021-12-07T00:00:00.000Z,ניגריה,0,2,2
2021-12-07T00:00:00.000Z,אוזבקיסטן,94,58,152
2021-12-07T00:00:00.000Z,פרו,1,3,4
2021-12-07T00:00:00.000Z,דומיניקה,1,0,1
2021-12-07T00:00:00.000Z,סין,9,24,33
2021-12-08T00:00:00.000Z,זימבאבווה,0,1,1
2021-12-08T00:00:00.000Z,רומניה,75,32,107
2021-12-08T00:00:00.000Z,סינגפור,4,8,12
2021-12-08T00:00:00.000Z,סין,1,14,15
2021-12-08T00:00:00.000Z,יוון,110,5,115
2021-12-08T00:00:00.000Z,טוגו,1,0,1
2021-12-08T00:00:00.000Z,קנדה,87,65,152
2021-12-08T00:00:00.000Z,צרפת,707,223,930
2021-12-08T00:00:00.000Z,ספרד,399,63,462
2021-12-08T00:00:00.000Z,טנזניה,7,2,9
2021-12-08T00:00:00.000Z,ארגנטינה,12,4,16
2021-12-08T00:00:00.000Z,קטר,8,0,8
2021-12-08T00:00:00.000Z,הממלכה המאוחדת,401,137,538
2021-12-08T00:00:00.000Z,הודו,7,0,7
2021-12-08T00:00:00.000Z,פיליפינים,5,94,99
2021-12-08T00:00:00.000Z,גמביה,1,0,1
2021-12-08T00:00:00.000Z,אקואדור,5,2,7
2021-12-08T00:00:00.000Z,רפ מרכז אפריקנית,1,0,1
2021-12-08T00:00:00.000Z,מצרים,45,35,80
2021-12-08T00:00:00.000Z,אירלנד,9,0,9
2021-12-08T00:00:00.000Z,דנמרק,13,1,14
2021-12-08T00:00:00.000Z,בלגיה,13,8,21
2021-12-08T00:00:00.000Z,תורכיה,1026,424,1450
2021-12-08T00:00:00.000Z,אוסטריה,48,24,72
2021-12-08T00:00:00.000Z,קרואטיה,3,0,3
2021-12-08T00:00:00.000Z,מרוקו,166,17,183
2021-12-08T00:00:00.000Z,הולנד,88,17,105
2021-12-08T00:00:00.000Z,ברזיל,29,20,49
2021-12-08T00:00:00.000Z,ניגריה,1,3,4
2021-12-08T00:00:00.000Z,בורקינה פאסו,2,0,2
2021-12-08T00:00:00.000Z,סרביה,11,0,11
2021-12-08T00:00:00.000Z,דרום אפריקה,24,11,35
2021-12-08T00:00:00.000Z,איי סיישל,4,0,4
2021-12-08T00:00:00.000Z,אוסטרליה,1,26,27
2021-12-08T00:00:00.000Z,איחוד האמירויות הערב,1022,173,1195
2021-12-08T00:00:00.000Z,אתיופיה,9,8,17
2021-12-08T00:00:00.000Z,אנגולה,0,1,1
2021-12-08T00:00:00.000Z,קזחסטאן,2,2,4
2021-12-08T00:00:00.000Z,שוויץ,42,18,60
2021-12-08T00:00:00.000Z,בחריין,1,0,1
2021-12-08T00:00:00.000Z,ערב הסעודית,2,0,2
2021-12-08T00:00:00.000Z,כלל המדינות,9930,3606,13536
2021-12-08T00:00:00.000Z,פרגוואי,0,1,1
2021-12-08T00:00:00.000Z,מקסיקו,22,3,25
2021-12-08T00:00:00.000Z,יפן,1,1,2
2021-12-08T00:00:00.000Z,אורגוואי,6,0,6
2021-12-08T00:00:00.000Z,מונטנגרו,4,0,4
2021-12-08T00:00:00.000Z,מלטה,82,24,106
2021-12-08T00:00:00.000Z,עומן,1,0,1
2021-12-08T00:00:00.000Z,אוזבקיסטן,2,2,4
2021-12-08T00:00:00.000Z,גאורגיה,51,3,54
2021-12-08T00:00:00.000Z,קוריאה הדרומית,5,0,5
2021-12-08T00:00:00.000Z,נורבגיה,2,1,3
2021-12-08T00:00:00.000Z,ארמניה,3,0,3
2021-12-08T00:00:00.000Z,צ'ילה,4,0,4
2021-12-08T00:00:00.000Z,פרו,4,6,10
2021-12-08T00:00:00.000Z,ליטא,4,2,6
2021-12-08T00:00:00.000Z,פולין,72,8,80
2021-12-08T00:00:00.000Z,קירג'זסטאן,1,0,1
2021-12-08T00:00:00.000Z,רוסיה,84,60,144
2021-12-08T00:00:00.000Z,תוניסיה,2,0,2
2021-12-08T00:00:00.000Z,הונגריה,305,57,362
2021-12-08T00:00:00.000Z,אוקראינה,347,328,675
2021-12-08T00:00:00.000Z,הרפ הדומיניקנית,5,0,5
2021-12-08T00:00:00.000Z,תאילנד,194,27,221
2021-12-08T00:00:00.000Z,בולגריה,90,24,114
2021-12-08T00:00:00.000Z,אלבניה,3,0,3
2021-12-08T00:00:00.000Z,בילורוסיה,0,22,22
2021-12-08T00:00:00.000Z,תורכמניסטאן,0,1,1
2021-12-08T00:00:00.000Z,גרמניה,541,122,663
2021-12-08T00:00:00.000Z,איטליה,1206,128,1334
2021-12-08T00:00:00.000Z,לטביה,1,0,1
2021-12-08T00:00:00.000Z,שוודיה,11,9,20
2021-12-08T00:00:00.000Z,פנמה,8,5,13
2021-12-08T00:00:00.000Z,קוסטה ריקה,13,1,14
2021-12-08T00:00:00.000Z,מולדובה,1,1,2
2021-12-08T00:00:00.000Z,פינלנד,12,2,14
2021-12-08T00:00:00.000Z,קולומביה,6,4,10
2021-12-08T00:00:00.000Z,קניה,2,0,2
2021-12-08T00:00:00.000Z,בהמס,4,1,5
2021-12-08T00:00:00.000Z,קפריסין,196,50,246
2021-12-08T00:00:00.000Z,ארצות הברית,1253,701,1954
2021-12-08T00:00:00.000Z,פורטוגל,79,20,99
2021-12-08T00:00:00.000Z,אסטוניה,2,1,3
2021-12-08T00:00:00.000Z,נפאל,0,1,1
2021-12-08T00:00:00.000Z,סרי לנקה (צילון),64,11,75
2021-12-08T00:00:00.000Z,ירדן,51,27,78
2021-12-08T00:00:00.000Z,מלדיבים,81,20,101
2021-12-08T00:00:00.000Z,איסלנד,0,2,2
2021-12-08T00:00:00.000Z,סלובניה,2,0,2
2021-12-08T00:00:00.000Z,צכיה,146,14,160
2021-12-09T00:00:00.000Z,פורטוגל,198,39,237
2021-12-09T00:00:00.000Z,פנמה,5,0,5
2021-12-09T00:00:00.000Z,חוף השנהב,1,0,1
2021-12-09T00:00:00.000Z,מולדובה,46,38,84
2021-12-09T00:00:00.000Z,אקואדור,2,2,4
2021-12-09T00:00:00.000Z,טוגו,2,1,3
2021-12-09T00:00:00.000Z,סלובניה,1,0,1
2021-12-09T00:00:00.000Z,צ'ילה,1,0,1
2021-12-09T00:00:00.000Z,איסלנד,1,0,1
2021-12-09T00:00:00.000Z,אלבניה,5,0,5
2021-12-09T00:00:00.000Z,פרו,6,0,6
2021-12-09T00:00:00.000Z,הממלכה המאוחדת,709,269,978
2021-12-09T00:00:00.000Z,ליטא,5,1,6
2021-12-09T00:00:00.000Z,קרואטיה,1,5,6
2021-12-09T00:00:00.000Z,סרביה,5,1,6
2021-12-09T00:00:00.000Z,הולנד,175,49,224
2021-12-09T00:00:00.000Z,ניגר,0,1,1
2021-12-09T00:00:00.000Z,פורטו ריקו,1,0,1
2021-12-09T00:00:00.000Z,תורכיה,1190,405,1595
2021-12-09T00:00:00.000Z,פינלנד,14,4,18
2021-12-09T00:00:00.000Z,ארצות הברית,1251,785,2036
2021-12-09T00:00:00.000Z,שוודיה,10,5,15
2021-12-09T00:00:00.000Z,מקסיקו,26,16,42
2021-12-09T00:00:00.000Z,יפן,0,2,2
2021-12-09T00:00:00.000Z,מצרים,199,70,269
2021-12-09T00:00:00.000Z,איי סיישל,2,0,2
2021-12-09T00:00:00.000Z,צכיה,313,15,328
2021-12-09T00:00:00.000Z,מקדוניה,0,2,2
2021-12-09T00:00:00.000Z,רוסיה,163,123,286
2021-12-09T00:00:00.000Z,מרוקו,9,2,11
2021-12-09T00:00:00.000Z,רומניה,1,1,2
2021-12-09T00:00:00.000Z,גאנה,2,0,2
2021-12-09T00:00:00.000Z,דרום אפריקה,17,23,40
2021-12-09T00:00:00.000Z,אסטוניה,1,0,1
2021-12-09T00:00:00.000Z,סרי לנקה (צילון),21,4,25
2021-12-09T00:00:00.000Z,קירג'זסטאן,2,0,2
2021-12-09T00:00:00.000Z,ארגנטינה,27,34,61
2021-12-09T00:00:00.000Z,קפריסין,276,70,346
2021-12-09T00:00:00.000Z,תאילנד,163,58,221
2021-12-09T00:00:00.000Z,מלדיבים,46,16,62
2021-12-09T00:00:00.000Z,כלל המדינות,12674,4008,16682
2021-12-09T00:00:00.000Z,מונטנגרו,1,0,1
2021-12-09T00:00:00.000Z,ניגריה,1,1,2
2021-12-09T00:00:00.000Z,בולגריה,138,20,158
2021-12-09T00:00:00.000Z,ערב הסעודית,5,0,5
2021-12-09T00:00:00.000Z,נורבגיה,5,1,6
2021-12-09T00:00:00.000Z,אירלנד,3,1,4
2021-12-09T00:00:00.000Z,סינגפור,2,9,11
2021-12-09T00:00:00.000Z,קניה,1,0,1
2021-12-09T00:00:00.000Z,טנזניה,27,0,27
2021-12-09T00:00:00.000Z,נפאל,1,1,2
2021-12-09T00:00:00.000Z,גויאנה הצרפתית,2,3,5
2021-12-09T00:00:00.000Z,אוגנדה,4,0,4
2021-12-09T00:00:00.000Z,בחריין,22,0,22
2021-12-09T00:00:00.000Z,מונגוליה,2,0,2
2021-12-09T00:00:00.000Z,אזרביג'אן,52,18,70
2021-12-09T00:00:00.000Z,תוניסיה,1,0,1
2021-12-09T00:00:00.000Z,פיליפינים,4,82,86
2021-12-09T00:00:00.000Z,קוריאה הדרומית,1,0,1
2021-12-09T00:00:00.000Z,בלגיה,104,51,155
2021-12-09T00:00:00.000Z,בוסניה הרצגובינה,2,0,2
2021-12-09T00:00:00.000Z,לוכסמבורג,4,0,4
2021-12-09T00:00:00.000Z,אוקראינה,212,139,351
2021-12-09T00:00:00.000Z,הרפ הדומיניקנית,2,1,3
2021-12-09T00:00:00.000Z,הודו,12,3,15
2021-12-09T00:00:00.000Z,אוזבקיסטן,2,11,13
2021-12-09T00:00:00.000Z,צרפת,869,228,1097
2021-12-09T00:00:00.000Z,אנגולה,1,0,1
2021-12-09T00:00:00.000Z,לטביה,1,0,1
2021-12-09T00:00:00.000Z,בילורוסיה,58,20,78
2021-12-09T00:00:00.000Z,מאוריציוס,3,0,3
2021-12-09T00:00:00.000Z,ניו זילנד,1,1,2
2021-12-09T00:00:00.000Z,אל סלבדור,1,0,1
2021-12-09T00:00:00.000Z,איטליה,1212,123,1335
2021-12-09T00:00:00.000Z,ירדן,83,50,133
2021-12-09T00:00:00.000Z,קולומביה,7,5,12
2021-12-09T00:00:00.000Z,מקאו,1,0,1
2021-12-09T00:00:00.000Z,מיאנמר (בורמה),1,0,1
2021-12-09T00:00:00.000Z,אתיופיה,9,2,11
2021-12-09T00:00:00.000Z,אוסטרליה,3,13,16
2021-12-09T00:00:00.000Z,קוסטה ריקה,6,2,8
2021-12-09T00:00:00.000Z,ברזיל,15,13,28
2021-12-09T00:00:00.000Z,גאורגיה,574,80,654
2021-12-09T00:00:00.000Z,שוויץ,67,34,101
2021-12-09T00:00:00.000Z,ספרד,369,55,424
2021-12-09T00:00:00.000Z,קנדה,14,12,26
2021-12-09T00:00:00.000Z,פולין,365,39,404
2021-12-09T00:00:00.000Z,זמביה,2,0,2
2021-12-09T00:00:00.000Z,איי גילברט ואליס,1,0,1
2021-12-09T00:00:00.000Z,גבון,0,1,1
2021-12-09T00:00:00.000Z,הונגריה,695,102,797
2021-12-09T00:00:00.000Z,דנמרק,9,6,15
2021-12-09T00:00:00.000Z,גרמניה,296,72,368
2021-12-09T00:00:00.000Z,איחוד האמירויות הערב,1458,186,1644
2021-12-09T00:00:00.000Z,אנדורה,1,0,1
2021-12-09T00:00:00.000Z,אוסטריה,46,14,60
2021-12-09T00:00:00.000Z,גווטאמלה,10,1,11
2021-12-09T00:00:00.000Z,יוון,201,26,227
2021-12-10T00:00:00.000Z,קפריסין,144,28,172
2021-12-10T00:00:00.000Z,פורטוגל,15,2,17
2021-12-10T00:00:00.000Z,ונצואלה,0,4,4
2021-12-10T00:00:00.000Z,גאורגיה,173,32,205
2021-12-10T00:00:00.000Z,אוסטרליה,2,10,12
2021-12-10T00:00:00.000Z,איי גילברט ואליס,0,1,1
2021-12-10T00:00:00.000Z,טנזניה,20,0,20
2021-12-10T00:00:00.000Z,יוון,282,39,321
2021-12-10T00:00:00.000Z,דנמרק,24,5,29
2021-12-10T00:00:00.000Z,תורכיה,769,236,1005
2021-12-10T00:00:00.000Z,מולדובה,0,1,1
2021-12-10T00:00:00.000Z,פורטו ריקו,1,0,1
2021-12-10T00:00:00.000Z,פיליפינים,0,52,52
2021-12-10T00:00:00.000Z,אורגוואי,0,1,1
2021-12-10T00:00:00.000Z,עומן,1,0,1
2021-12-10T00:00:00.000Z,צרפת,812,111,923
2021-12-10T00:00:00.000Z,אנדורה,1,0,1
2021-12-10T00:00:00.000Z,גאנה,4,2,6
2021-12-10T00:00:00.000Z,הודו,7,0,7
2021-12-10T00:00:00.000Z,תורכמניסטאן,3,3,6
2021-12-10T00:00:00.000Z,הונגריה,592,87,679
2021-12-10T00:00:00.000Z,קוסטה ריקה,10,5,15
2021-12-10T00:00:00.000Z,מונטנגרו,1,1,2
2021-12-10T00:00:00.000Z,קרואטיה,14,5,19
2021-12-10T00:00:00.000Z,קנדה,55,55,110
2021-12-10T00:00:00.000Z,קזחסטאן,5,1,6
2021-12-10T00:00:00.000Z,ערב הסעודית,2,0,2
2021-12-10T00:00:00.000Z,מלדיבים,40,5,45
2021-12-10T00:00:00.000Z,ניגריה,2,1,3
2021-12-10T00:00:00.000Z,לוכסמבורג,1,0,1
2021-12-10T00:00:00.000Z,מרוקו,10,2,12
2021-12-10T00:00:00.000Z,תוניסיה,1,1,2
2021-12-10T00:00:00.000Z,אקואדור,6,2,8
2021-12-10T00:00:00.000Z,רוסיה,83,49,132
2021-12-10T00:00:00.000Z,ארגנטינה,17,9,26
2021-12-10T00:00:00.000Z,אוקראינה,211,110,321
2021-12-10T00:00:00.000Z,הונדורס,1,0,1
2021-12-10T00:00:00.000Z,כלל המדינות,9409,2657,12066
2021-12-10T00:00:00.000Z,דרום אפריקה,17,5,22
2021-12-10T00:00:00.000Z,סינגפור,11,3,14
2021-12-10T00:00:00.000Z,ברזיל,27,6,33
2021-12-10T00:00:00.000Z,אסטוניה,1,1,2
2021-12-10T00:00:00.000Z,מצרים,46,36,82
2021-12-10T00:00:00.000Z,רומניה,246,54,300
2021-12-10T00:00:00.000Z,לטביה,4,0,4
2021-12-10T00:00:00.000Z,נורבגיה,3,0,3
2021-12-10T00:00:00.000Z,מקדוניה,1,0,1
2021-12-10T00:00:00.000Z,תאילנד,234,31,265
2021-12-10T00:00:00.000Z,אזרביג'אן,5,0,5
2021-12-10T00:00:00.000Z,קולומביה,13,9,22
2021-12-10T00:00:00.000Z,בולגריה,3,0,3
2021-12-10T00:00:00.000Z,ספרד,429,44,473
2021-12-10T00:00:00.000Z,סרביה,13,3,16
2021-12-10T00:00:00.000Z,שוויץ,91,34,125
2021-12-10T00:00:00.000Z,אוגנדה,2,0,2
2021-12-10T00:00:00.000Z,בלגיה,94,27,121
2021-12-10T00:00:00.000Z,פנמה,1,1,2
2021-12-10T00:00:00.000Z,הולנד,130,17,147
2021-12-10T00:00:00.000Z,נפאל,19,0,19
2021-12-10T00:00:00.000Z,תימן,0,1,1
2021-12-10T00:00:00.000Z,צ'ילה,6,0,6
2021-12-10T00:00:00.000Z,פרו,2,1,3
2021-12-10T00:00:00.000Z,אנגולה,1,0,1
2021-12-10T00:00:00.000Z,איטליה,685,52,737
2021-12-10T00:00:00.000Z,אוסטריה,21,7,28
2021-12-10T00:00:00.000Z,אירלנד,8,3,11
2021-12-10T00:00:00.000Z,ארצות הברית,1686,755,2441
2021-12-10T00:00:00.000Z,אלבניה,1,0,1
2021-12-10T00:00:00.000Z,שוודיה,10,0,10
2021-12-10T00:00:00.000Z,מקסיקו,34,6,40
2021-12-10T00:00:00.000Z,גרמניה,547,141,688
2021-12-10T00:00:00.000Z,אוזבקיסטן,0,3,3
2021-12-10T00:00:00.000Z,פולין,16,1,17
2021-12-10T00:00:00.000Z,קוריאה הדרומית,1,1,2
2021-12-10T00:00:00.000Z,גמייקה,1,0,1
2021-12-10T00:00:00.000Z,אתיופיה,23,7,30
2021-12-10T00:00:00.000Z,הממלכה המאוחדת,408,90,498
2021-12-10T00:00:00.000Z,בוסניה הרצגובינה,1,0,1
2021-12-10T00:00:00.000Z,פינלנד,6,1,7
2021-12-10T00:00:00.000Z,האנטילים ההולנדים,0,1,1
2021-12-10T00:00:00.000Z,ירדן,28,15,43
2021-12-10T00:00:00.000Z,סרי לנקה (צילון),23,2,25
2021-12-10T00:00:00.000Z,איחוד האמירויות הערב,449,89,538
2021-12-10T00:00:00.000Z,צכיה,273,12,285
2021-12-11T00:00:00.000Z,ברזיל,9,6,15
2021-12-11T00:00:00.000Z,קנדה,39,64,103
2021-12-11T00:00:00.000Z,מקסיקו,11,2,13
2021-12-11T00:00:00.000Z,פורטוגל,108,9,117
2021-12-11T00:00:00.000Z,יפן,1,6,7
2021-12-11T00:00:00.000Z,קוריאה הדרומית,6,0,6
2021-12-11T00:00:00.000Z,אקואדור,7,0,7
2021-12-11T00:00:00.000Z,הרפ הדומיניקנית,3,1,4
2021-12-11T00:00:00.000Z,צכיה,174,14,188
2021-12-11T00:00:00.000Z,איטליה,991,57,1048
2021-12-11T00:00:00.000Z,הונג קונג,1,0,1
2021-12-11T00:00:00.000Z,קוסובו,1,0,1
2021-12-11T00:00:00.000Z,סין,2,3,5
2021-12-11T00:00:00.000Z,פנמה,5,2,7
2021-12-11T00:00:00.000Z,קפריסין,267,29,296
2021-12-11T00:00:00.000Z,פיליפינים,1,0,1
2021-12-11T00:00:00.000Z,ליטא,120,5,125
2021-12-11T00:00:00.000Z,גרמניה,318,50,368
2021-12-11T00:00:00.000Z,הממלכה המאוחדת,231,77,308
2021-12-11T00:00:00.000Z,שוודיה,6,7,13
2021-12-11T00:00:00.000Z,סינגפור,5,13,18
2021-12-11T00:00:00.000Z,ניגריה,3,0,3
2021-12-11T00:00:00.000Z,בלגיה,51,8,59
2021-12-11T00:00:00.000Z,רומניה,171,49,220
2021-12-11T00:00:00.000Z,פולינזיה הצרפתית,2,0,2
2021-12-11T00:00:00.000Z,אסטוניה,5,1,6
2021-12-11T00:00:00.000Z,כלל המדינות,6674,1869,8543
2021-12-11T00:00:00.000Z,אוסטריה,11,7,18
2021-12-11T00:00:00.000Z,תורכיה,904,199,1103
2021-12-11T00:00:00.000Z,בוסניה הרצגובינה,4,0,4
2021-12-11T00:00:00.000Z,האיטי,1,0,1
2021-12-11T00:00:00.000Z,אוקראינה,98,20,118
2021-12-11T00:00:00.000Z,רוסיה,64,49,113
2021-12-11T00:00:00.000Z,מולדובה,2,0,2
2021-12-11T00:00:00.000Z,אוגנדה,2,1,3
2021-12-11T00:00:00.000Z,לטביה,9,5,14
2021-12-11T00:00:00.000Z,סרי לנקה (צילון),19,1,20
2021-12-11T00:00:00.000Z,ספרד,158,17,175
2021-12-11T00:00:00.000Z,הולנד,97,25,122
2021-12-11T00:00:00.000Z,פינלנד,6,3,9
2021-12-11T00:00:00.000Z,לוכסמבורג,1,0,1
2021-12-11T00:00:00.000Z,הונגריה,272,24,296
2021-12-11T00:00:00.000Z,גאורגיה,185,30,215
2021-12-11T00:00:00.000Z,מלטה,105,1,106
2021-12-11T00:00:00.000Z,טיוואן,0,1,1
2021-12-11T00:00:00.000Z,איסלנד,2,0,2
2021-12-11T00:00:00.000Z,בולגריה,1,0,1
2021-12-11T00:00:00.000Z,סרביה,1,0,1
2021-12-11T00:00:00.000Z,אירלנד,9,1,10
2021-12-11T00:00:00.000Z,פולין,114,6,120
2021-12-11T00:00:00.000Z,איי נורפולק,1,0,1
2021-12-11T00:00:00.000Z,מלדיבים,34,6,40
2021-12-11T00:00:00.000Z,פרו,2,0,2
2021-12-11T00:00:00.000Z,ארמניה,0,1,1
2021-12-11T00:00:00.000Z,איחוד האמירויות הערב,192,33,225
2021-12-11T00:00:00.000Z,אורגוואי,3,0,3
2021-12-11T00:00:00.000Z,אוסטרליה,1,4,5
2021-12-11T00:00:00.000Z,ויטנאם,0,1,1
2021-12-11T00:00:00.000Z,מצרים,135,27,162
2021-12-11T00:00:00.000Z,בחריין,1,0,1
2021-12-11T00:00:00.000Z,ארגנטינה,20,3,23
2021-12-11T00:00:00.000Z,נפאל,2,1,3
2021-12-11T00:00:00.000Z,קולומביה,3,2,5
2021-12-11T00:00:00.000Z,איי טורקס וקייקוס,1,0,1
2021-12-11T00:00:00.000Z,אזרביג'אן,0,1,1
2021-12-11T00:00:00.000Z,אל סלבדור,0,1,1
2021-12-11T00:00:00.000Z,ירדן,19,10,29
2021-12-11T00:00:00.000Z,צרפת,550,73,623
2021-12-11T00:00:00.000Z,בהמס,0,1,1
2021-12-11T00:00:00.000Z,תוניסיה,2,0,2
2021-12-11T00:00:00.000Z,דנמרק,13,1,14
2021-12-11T00:00:00.000Z,שוויץ,16,6,22
2021-12-11T00:00:00.000Z,ארצות הברית,756,499,1255
2021-12-11T00:00:00.000Z,אוזבקיסטן,2,13,15
2021-12-11T00:00:00.000Z,קרואטיה,4,6,10
2021-12-11T00:00:00.000Z,יוון,68,4,72
2021-12-11T00:00:00.000Z,נורבגיה,1,1,2
2021-12-11T00:00:00.000Z,קוסטה ריקה,7,3,10
2021-12-11T00:00:00.000Z,תאילנד,11,0,11
2021-12-11T00:00:00.000Z,הודו,47,69,116
2021-12-11T00:00:00.000Z,גווטאמלה,2,0,2
2021-12-12T00:00:00.000Z,סנגל,1,0,1
2021-12-12T00:00:00.000Z,אורגוואי,18,0,18
2021-12-12T00:00:00.000Z,צכיה,296,5,301
2021-12-12T00:00:00.000Z,אתיופיה,8,4,12
2021-12-12T00:00:00.000Z,קרואטיה,1,10,11
2021-12-12T00:00:00.000Z,קזחסטאן,2,1,3
2021-12-12T00:00:00.000Z,מקסיקו,13,5,18
2021-12-12T00:00:00.000Z,אירלנד,13,9,22
2021-12-12T00:00:00.000Z,יוון,498,45,543
2021-12-12T00:00:00.000Z,גאורגיה,351,34,385
2021-12-12T00:00:00.000Z,שוודיה,14,3,17
2021-12-12T00:00:00.000Z,מצרים,85,12,97
2021-12-12T00:00:00.000Z,קטר,1,0,1
2021-12-12T00:00:00.000Z,הממלכה המאוחדת,404,203,607
2021-12-12T00:00:00.000Z,כלל המדינות,11486,2942,14428
2021-12-12T00:00:00.000Z,קנדה,48,69,117
2021-12-12T00:00:00.000Z,גרמניה,385,86,471
2021-12-12T00:00:00.000Z,בהמס,3,0,3
2021-12-12T00:00:00.000Z,ארמניה,1,1,2
2021-12-12T00:00:00.000Z,פינלנד,6,2,8
2021-12-12T00:00:00.000Z,בוסניה הרצגובינה,0,2,2
2021-12-12T00:00:00.000Z,מלדיבים,26,2,28
2021-12-12T00:00:00.000Z,אסטוניה,7,0,7
2021-12-12T00:00:00.000Z,הודו,11,2,13
2021-12-12T00:00:00.000Z,הונגריה,616,60,676
2021-12-12T00:00:00.000Z,מולדובה,41,22,63
2021-12-12T00:00:00.000Z,דרום סודאן,1,0,1
2021-12-12T00:00:00.000Z,ארצות הברית,860,568,1428
2021-12-12T00:00:00.000Z,ערב הסעודית,1,4,5
2021-12-12T00:00:00.000Z,חוף השנהב,1,0,1
2021-12-12T00:00:00.000Z,ספרד,546,69,615
2021-12-12T00:00:00.000Z,גווטאמלה,1,0,1
2021-12-12T00:00:00.000Z,אוגנדה,4,0,4
2021-12-12T00:00:00.000Z,סרביה,3,3,6
2021-12-12T00:00:00.000Z,סרי לנקה (צילון),17,0,17
2021-12-12T00:00:00.000Z,קפריסין,277,26,303
2021-12-12T00:00:00.000Z,סינגפור,9,15,24
2021-12-12T00:00:00.000Z,דנמרק,20,3,23
2021-12-12T00:00:00.000Z,ברזיל,8,6,14
2021-12-12T00:00:00.000Z,אוקראינה,207,120,327
2021-12-12T00:00:00.000Z,גיבוטי,1,0,1
2021-12-12T00:00:00.000Z,אלבניה,1,0,1
2021-12-12T00:00:00.000Z,פיליפינים,1,1,2
2021-12-12T00:00:00.000Z,נפאל,5,1,6
2021-12-12T00:00:00.000Z,אנגולה,1,0,1
2021-12-12T00:00:00.000Z,גאנה,1,0,1
2021-12-12T00:00:00.000Z,ליטא,5,0,5
2021-12-12T00:00:00.000Z,בילורוסיה,64,22,86
2021-12-12T00:00:00.000Z,בלגיה,38,29,67
2021-12-12T00:00:00.000Z,איטליה,1233,85,1318
2021-12-12T00:00:00.000Z,דרום אפריקה,12,12,24
2021-12-12T00:00:00.000Z,אקואדור,4,0,4
2021-12-12T00:00:00.000Z,לוכסמבורג,0,1,1
2021-12-12T00:00:00.000Z,סלובניה,2,0,2
2021-12-12T00:00:00.000Z,לטביה,1,0,1
2021-12-12T00:00:00.000Z,נורבגיה,7,6,13
2021-12-12T00:00:00.000Z,קוסטה ריקה,2,0,2
2021-12-12T00:00:00.000Z,תורכיה,1196,314,1510
2021-12-12T00:00:00.000Z,צרפת,862,153,1015
2021-12-12T00:00:00.000Z,הולנד,137,24,161
2021-12-12T00:00:00.000Z,ארגנטינה,23,2,25
2021-12-12T00:00:00.000Z,תורכמניסטאן,1,4,5
2021-12-12T00:00:00.000Z,קירג'זסטאן,0,1,1
2021-12-12T00:00:00.000Z,שוויץ,87,29,116
2021-12-12T00:00:00.000Z,טנזניה,6,0,6
2021-12-12T00:00:00.000Z,ירדן,154,76,230
2021-12-12T00:00:00.000Z,איחוד האמירויות הערב,1095,86,1181
2021-12-12T00:00:00.000Z,קולומביה,6,3,9
2021-12-12T00:00:00.000Z,בוטסואנה,1,0,1
2021-12-12T00:00:00.000Z,פולין,455,30,485
2021-12-12T00:00:00.000Z,צ'ילה,3,0,3
2021-12-12T00:00:00.000Z,בולגריה,192,20,212
2021-12-12T00:00:00.000Z,ניגריה,7,4,11
2021-12-12T00:00:00.000Z,גמייקה,0,1,1
2021-12-12T00:00:00.000Z,אזרביג'אן,42,19,61
2021-12-12T00:00:00.000Z,רוסיה,98,105,203
2021-12-12T00:00:00.000Z,אוזבקיסטן,5,4,9
2021-12-12T00:00:00.000Z,איי טורקס וקייקוס,2,0,2
2021-12-12T00:00:00.000Z,איי פאלקלנד,1,0,1
2021-12-12T00:00:00.000Z,אוסטרליה,7,18,25
2021-12-12T00:00:00.000Z,יפן,1,3,4
2021-12-12T00:00:00.000Z,מאוריציוס,1,1,2
2021-12-12T00:00:00.000Z,רואנדה,4,1,5
2021-12-12T00:00:00.000Z,רומניה,98,30,128
2021-12-12T00:00:00.000Z,תאילנד,43,8,51
2021-12-12T00:00:00.000Z,אוסטריה,40,13,53
2021-12-12T00:00:00.000Z,לסוטו,1,0,1
2021-12-12T00:00:00.000Z,קניה,4,2,6
2021-12-12T00:00:00.000Z,פורטוגל,66,19,85
2021-12-12T00:00:00.000Z,מונטנגרו,4,1,5
2021-12-12T00:00:00.000Z,פרו,2,2,4
2021-12-12T00:00:00.000Z,פנמה,1,0,1
2021-12-12T00:00:00.000Z,זמביה,2,0,2
2021-12-13T00:00:00.000Z,אוזבקיסטן,1,0,1
2021-12-13T00:00:00.000Z,פיליפינים,5,2,7
2021-12-13T00:00:00.000Z,סינגפור,4,3,7
2021-12-13T00:00:00.000Z,מצרים,40,16,56
2021-12-13T00:00:00.000Z,גאורגיה,254,33,287
2021-12-13T00:00:00.000Z,סרי לנקה (צילון),22,9,31
2021-12-13T00:00:00.000Z,פורטוגל,164,24,188
2021-12-13T00:00:00.000Z,תורכיה,874,267,1141
2021-12-13T00:00:00.000Z,הודו,11,0,11
2021-12-13T00:00:00.000Z,סלובניה,1,0,1
2021-12-13T00:00:00.000Z,כלל המדינות,11508,3201,14709
2021-12-13T00:00:00.000Z,אוקראינה,426,217,643
2021-12-13T00:00:00.000Z,מלטה,2,0,2
2021-12-13T00:00:00.000Z,פנמה,5,0,5
2021-12-13T00:00:00.000Z,פינלנד,2,0,2
2021-12-13T00:00:00.000Z,נורבגיה,7,6,13
2021-12-13T00:00:00.000Z,תורכמניסטאן,1,0,1
2021-12-13T00:00:00.000Z,איחוד האמירויות הערב,1388,123,1511
2021-12-13T00:00:00.000Z,גיברלטר,0,4,4
2021-12-13T00:00:00.000Z,אוגנדה,0,1,1
2021-12-13T00:00:00.000Z,מאלי,2,0,2
2021-12-13T00:00:00.000Z,אוסטרליה,5,20,25
2021-12-13T00:00:00.000Z,מרוקו,55,7,62
2021-12-13T00:00:00.000Z,קירג'זסטאן,1,0,1
2021-12-13T00:00:00.000Z,הממלכה המאוחדת,677,226,903
2021-12-13T00:00:00.000Z,רוסיה,97,161,258
2021-12-13T00:00:00.000Z,ברזיל,20,6,26
2021-12-13T00:00:00.000Z,קזחסטאן,1,1,2
2021-12-13T00:00:00.000Z,פולין,181,14,195
2021-12-13T00:00:00.000Z,אוסטריה,8,7,15
2021-12-13T00:00:00.000Z,מלדיבים,19,0,19
2021-12-13T00:00:00.000Z,ארצות הברית,1285,877,2162
2021-12-13T00:00:00.000Z,בוליביה,1,0,1
2021-12-13T00:00:00.000Z,פרגוואי,1,0,1
2021-12-13T00:00:00.000Z,איי גילברט ואליס,1,0,1
2021-12-13T00:00:00.000Z,אלבניה,2,0,2
2021-12-13T00:00:00.000Z,מולדובה,2,0,2
2021-12-13T00:00:00.000Z,דרום אפריקה,0,3,3
2021-12-13T00:00:00.000Z,דנמרק,17,11,28
2021-12-13T00:00:00.000Z,איטליה,930,50,980
2021-12-13T00:00:00.000Z,הונגריה,632,36,668
2021-12-13T00:00:00.000Z,אורגוואי,3,0,3
2021-12-13T00:00:00.000Z,גאנה,0,1,1
2021-12-13T00:00:00.000Z,בלגיה,116,35,151
2021-12-13T00:00:00.000Z,נפאל,3,1,4
2021-12-13T00:00:00.000Z,ירדן,96,46,142
2021-12-13T00:00:00.000Z,שוודיה,3,6,9
2021-12-13T00:00:00.000Z,ערב הסעודית,6,0,6
2021-12-13T00:00:00.000Z,ספרד,568,42,610
2021-12-13T00:00:00.000Z,אקואדור,4,0,4
2021-12-13T00:00:00.000Z,צרפת,806,179,985
2021-12-13T00:00:00.000Z,מקסיקו,21,10,31
2021-12-13T00:00:00.000Z,צכיה,243,8,251
2021-12-13T00:00:00.000Z,קנדה,56,37,93
2021-12-13T00:00:00.000Z,קוסטה ריקה,17,2,19
2021-12-13T00:00:00.000Z,שוויץ,71,12,83
2021-12-13T00:00:00.000Z,קוריאה הדרומית,6,0,6
2021-12-13T00:00:00.000Z,ברבדוס,1,0,1
2021-12-13T00:00:00.000Z,אירלנד,14,3,17
2021-12-13T00:00:00.000Z,קולומביה,1,2,3
2021-12-13T00:00:00.000Z,יפן,0,1,1
2021-12-13T00:00:00.000Z,ליטא,1,0,1
2021-12-13T00:00:00.000Z,תאילנד,195,39,234
2021-12-13T00:00:00.000Z,הרפ הדומיניקנית,1,1,2
2021-12-13T00:00:00.000Z,בולגריה,70,19,89
2021-12-13T00:00:00.000Z,קטר,2,0,2
2021-12-13T00:00:00.000Z,ניגריה,2,1,3
2021-12-13T00:00:00.000Z,מונקו,0,1,1
2021-12-13T00:00:00.000Z,בוסניה הרצגובינה,4,1,5
2021-12-13T00:00:00.000Z,יוון,404,27,431
2021-12-13T00:00:00.000Z,הולנד,129,20,149
2021-12-13T00:00:00.000Z,קניה,3,1,4
2021-12-13T00:00:00.000Z,קרואטיה,6,2,8
2021-12-13T00:00:00.000Z,הונג קונג,0,1,1
2021-12-13T00:00:00.000Z,גרמניה,413,74,487
2021-12-13T00:00:00.000Z,תוניסיה,2,0,2
2021-12-13T00:00:00.000Z,בילורוסיה,1,0,1
2021-12-13T00:00:00.000Z,גווטאמלה,0,1,1
2021-12-13T00:00:00.000Z,בחריין,85,4,89
2021-12-13T00:00:00.000Z,לטביה,4,0,4
2021-12-13T00:00:00.000Z,צ'ילה,9,2,11
2021-12-13T00:00:00.000Z,רומניה,140,37,177
2021-12-13T00:00:00.000Z,סרביה,6,2,8
2021-12-13T00:00:00.000Z,ארגנטינה,11,5,16
2021-12-13T00:00:00.000Z,קפריסין,204,18,222
2021-12-14T00:00:00.000Z,הממלכה המאוחדת,734,505,1239
2021-12-14T00:00:00.000Z,גווטאמלה,1,0,1
2021-12-14T00:00:00.000Z,קוריאה הדרומית,1,0,1
2021-12-14T00:00:00.000Z,סינגפור,1,0,1
2021-12-14T00:00:00.000Z,פינלנד,5,5,10
2021-12-14T00:00:00.000Z,רפ מרכז אפריקנית,1,0,1
2021-12-14T00:00:00.000Z,אוסטריה,24,7,31
2021-12-14T00:00:00.000Z,אתיופיה,18,13,31
2021-12-14T00:00:00.000Z,תורכיה,718,306,1024
2021-12-14T00:00:00.000Z,צכיה,125,11,136
2021-12-14T00:00:00.000Z,מרוקו,27,4,31
2021-12-14T00:00:00.000Z,שוויץ,95,11,106
2021-12-14T00:00:00.000Z,איי טורקס וקייקוס,2,0,2
2021-12-14T00:00:00.000Z,גרנדה,2,0,2
2021-12-14T00:00:00.000Z,קרואטיה,10,5,15
2021-12-14T00:00:00.000Z,הונגריה,283,24,307
2021-12-14T00:00:00.000Z,טנזניה,11,0,11
2021-12-14T00:00:00.000Z,רוסיה,65,41,106
2021-12-14T00:00:00.000Z,ברבדוס,2,0,2
2021-12-14T00:00:00.000Z,דנמרק,27,14,41
2021-12-14T00:00:00.000Z,דרום אפריקה,24,24,48
2021-12-14T00:00:00.000Z,נורבגיה,2,2,4
2021-12-14T00:00:00.000Z,אוגנדה,1,0,1
2021-12-14T00:00:00.000Z,גאורגיה,122,22,144
2021-12-14T00:00:00.000Z,סין,5,188,193
2021-12-14T00:00:00.000Z,מצרים,39,13,52
2021-12-14T00:00:00.000Z,רומניה,118,29,147
2021-12-14T00:00:00.000Z,קטר,1,0,1
2021-12-14T00:00:00.000Z,כלל המדינות,8885,3732,12617
2021-12-14T00:00:00.000Z,קובה,1,0,1
2021-12-14T00:00:00.000Z,קנדה,98,194,292
2021-12-14T00:00:00.000Z,סרביה,4,2,6
2021-12-14T00:00:00.000Z,סלובניה,1,0,1
2021-12-14T00:00:00.000Z,תוניסיה,2,0,2
2021-12-14T00:00:00.000Z,קולומביה,8,1,9
2021-12-14T00:00:00.000Z,רואנדה,1,1,2
2021-12-14T00:00:00.000Z,בהמס,2,0,2
2021-12-14T00:00:00.000Z,ניגריה,4,1,5
2021-12-14T00:00:00.000Z,מקסיקו,16,19,35
2021-12-14T00:00:00.000Z,מאלי,0,1,1
2021-12-14T00:00:00.000Z,איי סיישל,2,0,2
2021-12-14T00:00:00.000Z,ליטא,122,13,135
2021-12-14T00:00:00.000Z,אלבניה,0,6,6
2021-12-14T00:00:00.000Z,תאילנד,284,2,286
2021-12-14T00:00:00.000Z,ארמניה,1,4,5
2021-12-14T00:00:00.000Z,אוזבקיסטן,68,82,150
2021-12-14T00:00:00.000Z,אזרביג'אן,1,0,1
2021-12-14T00:00:00.000Z,ארגנטינה,19,16,35
2021-12-14T00:00:00.000Z,הודו,64,45,109
2021-12-14T00:00:00.000Z,פולין,116,23,139
2021-12-14T00:00:00.000Z,האנטילים ההולנדים,1,0,1
2021-12-14T00:00:00.000Z,פנמה,3,4,7
2021-12-14T00:00:00.000Z,יפן,1,1,2
2021-12-14T00:00:00.000Z,איחוד האמירויות הערב,808,79,887
2021-12-14T00:00:00.000Z,קזחסטאן,3,5,8
2021-12-14T00:00:00.000Z,קפריסין,94,11,105
2021-12-14T00:00:00.000Z,ברזיל,26,11,37
2021-12-14T00:00:00.000Z,ספרד,334,23,357
2021-12-14T00:00:00.000Z,צרפת,1081,275,1356
2021-12-14T00:00:00.000Z,אוסטרליה,2,41,43
2021-12-14T00:00:00.000Z,גרמניה,299,90,389
2021-12-14T00:00:00.000Z,מונקו,1,0,1
2021-12-14T00:00:00.000Z,סט. לוציה,1,0,1
2021-12-14T00:00:00.000Z,אירלנד,3,1,4
2021-12-14T00:00:00.000Z,שוודיה,5,4,9
2021-12-14T00:00:00.000Z,בילורוסיה,1,2,3
2021-12-14T00:00:00.000Z,הונג קונג,5,4,9
2021-12-14T00:00:00.000Z,מולדובה,14,9,23
2021-12-14T00:00:00.000Z,איטליה,601,44,645
2021-12-14T00:00:00.000Z,בחריין,2,0,2
2021-12-14T00:00:00.000Z,גמייקה,1,0,1
2021-12-14T00:00:00.000Z,בולגריה,2,1,3
2021-12-14T00:00:00.000Z,פיליפינים,3,1,4
2021-12-14T00:00:00.000Z,יוון,223,34,257
2021-12-14T00:00:00.000Z,קניה,3,0,3
2021-12-14T00:00:00.000Z,תורכמניסטאן,1,0,1
2021-12-14T00:00:00.000Z,פורטוגל,7,1,8
2021-12-14T00:00:00.000Z,גאנה,1,0,1
2021-12-14T00:00:00.000Z,בלגיה,87,56,143
2021-12-14T00:00:00.000Z,ירדן,48,17,65
2021-12-14T00:00:00.000Z,איסלנד,2,0,2
2021-12-14T00:00:00.000Z,לטביה,5,3,8
2021-12-14T00:00:00.000Z,מלדיבים,139,12,151
2021-12-14T00:00:00.000Z,אורגוואי,3,0,3
2021-12-14T00:00:00.000Z,ארצות הברית,959,749,1708
2021-12-14T00:00:00.000Z,צ'ילה,1,2,3
2021-12-14T00:00:00.000Z,אוקראינה,112,101,213
2021-12-14T00:00:00.000Z,הרפ הדומיניקנית,3,2,5
2021-12-14T00:00:00.000Z,הולנד,137,30,167
2021-12-14T00:00:00.000Z,סרי לנקה (צילון),6,2,8
2021-12-14T00:00:00.000Z,זאיר,1,0,1
2021-12-14T00:00:00.000Z,קוסטה ריקה,5,3,8
2021-12-14T00:00:00.000Z,אסטוניה,1,2,3
2021-12-15T00:00:00.000Z,אקואדור,2,6,8
2021-12-15T00:00:00.000Z,אירלנד,14,4,18
2021-12-15T00:00:00.000Z,ארצות הברית,915,828,1743
2021-12-15T00:00:00.000Z,שוויץ,79,26,105
2021-12-15T00:00:00.000Z,תורכיה,619,225,844
2021-12-15T00:00:00.000Z,הודו,13,3,16
2021-12-15T00:00:00.000Z,אוסטריה,34,26,60
2021-12-15T00:00:00.000Z,ערב הסעודית,1,1,2
2021-12-15T00:00:00.000Z,סרביה,3,3,6
2021-12-15T00:00:00.000Z,ניגריה,1,0,1
2021-12-15T00:00:00.000Z,הרפ הדומיניקנית,3,0,3
2021-12-15T00:00:00.000Z,אוגנדה,2,0,2
2021-12-15T00:00:00.000Z,פיליפינים,5,50,55
2021-12-15T00:00:00.000Z,צרפת,642,256,898
2021-12-15T00:00:00.000Z,קפריסין,117,45,162
2021-12-15T00:00:00.000Z,ליטא,7,1,8
2021-12-15T00:00:00.000Z,אוקראינה,245,301,546
2021-12-15T00:00:00.000Z,כלל המדינות,8176,3838,12014
2021-12-15T00:00:00.000Z,פרגוואי,2,1,3
2021-12-15T00:00:00.000Z,תוניסיה,0,1,1
2021-12-15T00:00:00.000Z,מרוקו,11,0,11
2021-12-15T00:00:00.000Z,הונגריה,321,55,376
2021-12-15T00:00:00.000Z,אוסטרליה,18,31,49
2021-12-15T00:00:00.000Z,סינגפור,6,16,22
2021-12-15T00:00:00.000Z,אלבניה,1,1,2
2021-12-15T00:00:00.000Z,קנדה,66,108,174
2021-12-15T00:00:00.000Z,סין,5,8,13
2021-12-15T00:00:00.000Z,תאילנד,214,35,249
2021-12-15T00:00:00.000Z,ספרד,227,27,254
2021-12-15T00:00:00.000Z,מלדיבים,63,1,64
2021-12-15T00:00:00.000Z,אל סלבדור,0,1,1
2021-12-15T00:00:00.000Z,פינלנד,13,1,14
2021-12-15T00:00:00.000Z,רומניה,264,80,344
2021-12-15T00:00:00.000Z,קולומביה,4,2,6
2021-12-15T00:00:00.000Z,ניו זילנד,2,0,2
2021-12-15T00:00:00.000Z,בולגריה,100,36,136
2021-12-15T00:00:00.000Z,ונצואלה,1,0,1
2021-12-15T00:00:00.000Z,סלובקיה,0,1,1
2021-12-15T00:00:00.000Z,ירדן,53,23,76
2021-12-15T00:00:00.000Z,מצרים,31,10,41
2021-12-15T00:00:00.000Z,טנזניה,9,0,9
2021-12-15T00:00:00.000Z,נורבגיה,10,3,13
2021-12-15T00:00:00.000Z,צכיה,175,11,186
2021-12-15T00:00:00.000Z,בלגיה,10,9,19
2021-12-15T00:00:00.000Z,נפאל,0,4,4
2021-12-15T00:00:00.000Z,הולנד,72,40,112
2021-12-15T00:00:00.000Z,רוסיה,90,86,176
2021-12-15T00:00:00.000Z,אוזבקיסטן,0,1,1
2021-12-15T00:00:00.000Z,גרמניה,392,126,518
2021-12-15T00:00:00.000Z,קזחסטאן,3,3,6
2021-12-15T00:00:00.000Z,דנמרק,20,8,28
2021-12-15T00:00:00.000Z,צ'ילה,9,1,10
2021-12-15T00:00:00.000Z,פולין,34,11,45
2021-12-15T00:00:00.000Z,איסלנד,5,0,5
2021-12-15T00:00:00.000Z,דרום אפריקה,29,8,37
2021-12-15T00:00:00.000Z,איי קייפ וורדה,1,0,1
2021-12-15T00:00:00.000Z,סלובניה,0,1,1
2021-12-15T00:00:00.000Z,אזרביג'אן,8,0,8
2021-12-15T00:00:00.000Z,אורגוואי,7,1,8
2021-12-15T00:00:00.000Z,ארגנטינה,9,3,12
2021-12-15T00:00:00.000Z,בהמס,1,0,1
2021-12-15T00:00:00.000Z,איטליה,834,124,958
2021-12-15T00:00:00.000Z,מלטה,102,17,119
2021-12-15T00:00:00.000Z,עירק,0,1,1
2021-12-15T00:00:00.000Z,אנגולה,2,0,2
2021-12-15T00:00:00.000Z,שוודיה,11,12,23
2021-12-15T00:00:00.000Z,פורטוגל,75,6,81
2021-12-15T00:00:00.000Z,אסטוניה,7,0,7
2021-12-15T00:00:00.000Z,קטר,1,0,1
2021-12-15T00:00:00.000Z,איחוד האמירויות הערב,823,92,915
2021-12-15T00:00:00.000Z,זימבאבווה,4,0,4
2021-12-15T00:00:00.000Z,זאיר,1,0,1
2021-12-15T00:00:00.000Z,קרואטיה,3,3,6
2021-12-15T00:00:00.000Z,מקסיקו,19,16,35
2021-12-15T00:00:00.000Z,קמבודיה,0,1,1
2021-12-15T00:00:00.000Z,גינאה ביסאו,1,0,1
2021-12-15T00:00:00.000Z,בילורוסיה,20,1,21
2021-12-15T00:00:00.000Z,גאנה,2,3,5
2021-12-15T00:00:00.000Z,פרו,3,0,3
2021-12-15T00:00:00.000Z,פנמה,4,15,19
2021-12-15T00:00:00.000Z,תורכמניסטאן,3,0,3
2021-12-15T00:00:00.000Z,גאורגיה,85,3,88
2021-12-15T00:00:00.000Z,ארמניה,1,0,1
2021-12-15T00:00:00.000Z,קוריאה הדרומית,7,0,7
2021-12-15T00:00:00.000Z,ברזיל,17,10,27
2021-12-15T00:00:00.000Z,סרי לנקה (צילון),23,10,33
2021-12-15T00:00:00.000Z,הממלכה המאוחדת,471,397,868
2021-12-15T00:00:00.000Z,קוסטה ריקה,10,8,18
2021-12-15T00:00:00.000Z,גווטאמלה,0,1,1
2021-12-15T00:00:00.000Z,אתיופיה,5,2,7
2021-12-15T00:00:00.000Z,יוון,64,6,70
2021-12-16T00:00:00.000Z,טנזניה,9,0,9
2021-12-16T00:00:00.000Z,תורכיה,867,270,1137
2021-12-16T00:00:00.000Z,סנגל,0,3,3
2021-12-16T00:00:00.000Z,גאנה,1,0,1
2021-12-16T00:00:00.000Z,בלגיה,68,40,108
2021-12-16T00:00:00.000Z,יוון,249,21,270
2021-12-16T00:00:00.000Z,פנמה,2,2,4
2021-12-16T00:00:00.000Z,גרמניה,373,127,500
2021-12-16T00:00:00.000Z,סרביה,12,0,12
2021-12-16T00:00:00.000Z,אנגולה,1,0,1
2021-12-16T00:00:00.000Z,פינלנד,10,2,12
2021-12-16T00:00:00.000Z,נורבגיה,15,4,19
2021-12-16T00:00:00.000Z,אתיופיה,17,10,27
2021-12-16T00:00:00.000Z,ארצות הברית,1063,1172,2235
2021-12-16T00:00:00.000Z,בולגריה,139,29,168
2021-12-16T00:00:00.000Z,מלדיבים,58,7,65
2021-12-16T00:00:00.000Z,פיליפינים,3,5,8
2021-12-16T00:00:00.000Z,מרטיניק,1,1,2
2021-12-16T00:00:00.000Z,דומיניקה,3,0,3
2021-12-16T00:00:00.000Z,רוסיה,136,87,223
2021-12-16T00:00:00.000Z,שוויץ,116,54,170
2021-12-16T00:00:00.000Z,ברזיל,14,20,34
2021-12-16T00:00:00.000Z,צרפת,662,282,944
2021-12-16T00:00:00.000Z,ספרד,236,29,265
2021-12-16T00:00:00.000Z,פרו,5,2,7
2021-12-16T00:00:00.000Z,אירלנד,14,12,26
2021-12-16T00:00:00.000Z,איסלנד,2,0,2
2021-12-16T00:00:00.000Z,מקסיקו,22,16,38
2021-12-16T00:00:00.000Z,בוסניה הרצגובינה,3,0,3
2021-12-16T00:00:00.000Z,אוסטרליה,1,22,23
2021-12-16T00:00:00.000Z,בילורוסיה,44,25,69
2021-12-16T00:00:00.000Z,ירדן,145,30,175
2021-12-16T00:00:00.000Z,אוגנדה,1,0,1
2021-12-16T00:00:00.000Z,הרפ הדומיניקנית,8,2,10
2021-12-16T00:00:00.000Z,אלבניה,1,0,1
2021-12-16T00:00:00.000Z,בוליביה,1,0,1
2021-12-16T00:00:00.000Z,שוודיה,6,12,18
2021-12-16T00:00:00.000Z,דרום אפריקה,13,76,89
2021-12-16T00:00:00.000Z,פרגוואי,1,0,1
2021-12-16T00:00:00.000Z,קזחסטאן,0,3,3
2021-12-16T00:00:00.000Z,מרוקו,3,0,3
2021-12-16T00:00:00.000Z,אל סלבדור,1,0,1
2021-12-16T00:00:00.000Z,הונגריה,673,87,760
2021-12-16T00:00:00.000Z,איי טורקס וקייקוס,2,0,2
2021-12-16T00:00:00.000Z,אוסטריה,55,11,66
2021-12-16T00:00:00.000Z,סין,5,1,6
2021-12-16T00:00:00.000Z,בהמס,1,0,1
2021-12-16T00:00:00.000Z,תורכמניסטאן,1,0,1
2021-12-16T00:00:00.000Z,איטליה,1110,91,1201
2021-12-16T00:00:00.000Z,הודו,18,1,19
2021-12-16T00:00:00.000Z,הולנד,133,60,193
2021-12-16T00:00:00.000Z,זאיר,0,1,1
2021-12-16T00:00:00.000Z,קוריאה הדרומית,3,4,7
2021-12-16T00:00:00.000Z,קרואטיה,0,1,1
2021-12-16T00:00:00.000Z,דנמרק,9,16,25
2021-12-16T00:00:00.000Z,גאורגיה,429,108,537
2021-12-16T00:00:00.000Z,ארגנטינה,17,24,41
2021-12-16T00:00:00.000Z,קמבודיה,0,3,3
2021-12-16T00:00:00.000Z,איחוד האמירויות הערב,1300,105,1405
2021-12-16T00:00:00.000Z,קנדה,11,11,22
2021-12-16T00:00:00.000Z,אוקראינה,179,125,304
2021-12-16T00:00:00.000Z,רומניה,62,12,74
2021-12-16T00:00:00.000Z,ערב הסעודית,0,1,1
2021-12-16T00:00:00.000Z,גיברלטר,1,0,1
2021-12-16T00:00:00.000Z,בחריין,13,1,14
2021-12-16T00:00:00.000Z,כלל המדינות,12155,4651,16806
2021-12-16T00:00:00.000Z,הונג קונג,1,0,1
2021-12-16T00:00:00.000Z,גווטאמלה,3,1,4
2021-12-16T00:00:00.000Z,צ'ילה,1,2,3
2021-12-16T00:00:00.000Z,ליטא,19,1,20
2021-12-16T00:00:00.000Z,הממלכה המאוחדת,438,438,876
2021-12-16T00:00:00.000Z,אורגוואי,7,2,9
2021-12-16T00:00:00.000Z,מולדובה,60,38,98
2021-12-16T00:00:00.000Z,תאילנד,42,2,44
2021-12-16T00:00:00.000Z,קוסטה ריקה,6,5,11
2021-12-16T00:00:00.000Z,סינגפור,4,4,8
2021-12-16T00:00:00.000Z,פולין,309,27,336
2021-12-16T00:00:00.000Z,אזרביג'אן,44,11,55
2021-12-16T00:00:00.000Z,אקואדור,1,0,1
2021-12-16T00:00:00.000Z,קפריסין,155,40,195
2021-12-16T00:00:00.000Z,מצרים,48,8,56
2021-12-16T00:00:00.000Z,צכיה,363,31,394
2021-12-16T00:00:00.000Z,נפאל,0,1,1
2021-12-16T00:00:00.000Z,פורטו ריקו,1,0,1
2021-12-16T00:00:00.000Z,פורטוגל,168,28,196
2021-12-16T00:00:00.000Z,איי גילברט ואליס,1,0,1
2021-12-16T00:00:00.000Z,סלובניה,2,0,2
2021-12-16T00:00:00.000Z,סרי לנקה (צילון),8,0,8
2021-12-16T00:00:00.000Z,רואנדה,1,0,1
2021-12-16T00:00:00.000Z,ניגריה,9,4,13
2021-12-16T00:00:00.000Z,גויאנה הצרפתית,0,1,1
2021-12-16T00:00:00.000Z,מקדוניה,0,1,1
2021-12-16T00:00:00.000Z,קולומביה,5,1,6
2021-12-16T00:00:00.000Z,מונטנגרו,3,1,4
2021-12-16T00:00:00.000Z,לוכסמבורג,0,5,5
2021-12-17T00:00:00.000Z,אתיופיה,1,0,1
2021-12-17T00:00:00.000Z,אוקראינה,119,35,154
2021-12-17T00:00:00.000Z,ברזיל,19,6,25
2021-12-17T00:00:00.000Z,תוניסיה,3,0,3
2021-12-17T00:00:00.000Z,ניגריה,2,3,5
2021-12-17T00:00:00.000Z,קפריסין,73,23,96
2021-12-17T00:00:00.000Z,כלל המדינות,8264,2786,11050
2021-12-17T00:00:00.000Z,ליטא,3,0,3
2021-12-17T00:00:00.000Z,גאנה,1,0,1
2021-12-17T00:00:00.000Z,קרואטיה,4,0,4
2021-12-17T00:00:00.000Z,פנמה,4,0,4
2021-12-17T00:00:00.000Z,סרביה,13,3,16
2021-12-17T00:00:00.000Z,אזרביג'אן,8,1,9
2021-12-17T00:00:00.000Z,איי הבתולה,1,0,1
2021-12-17T00:00:00.000Z,תאילנד,193,32,225
2021-12-17T00:00:00.000Z,קוריאה הדרומית,1,2,3
2021-12-17T00:00:00.000Z,רומניה,57,22,79
2021-12-17T00:00:00.000Z,איחוד האמירויות הערב,287,39,326
2021-12-17T00:00:00.000Z,הודו,2,0,2
2021-12-17T00:00:00.000Z,קוסטה ריקה,6,1,7
2021-12-17T00:00:00.000Z,סרי לנקה (צילון),12,0,12
2021-12-17T00:00:00.000Z,אסטוניה,1,0,1
2021-12-17T00:00:00.000Z,פולין,54,16,70
2021-12-17T00:00:00.000Z,הממלכה המאוחדת,17,18,35
2021-12-17T00:00:00.000Z,מרוקו,2,0,2
2021-12-17T00:00:00.000Z,הונגריה,329,28,357
2021-12-17T00:00:00.000Z,ספרד,390,36,426
2021-12-17T00:00:00.000Z,בוסניה הרצגובינה,2,0,2
2021-12-17T00:00:00.000Z,פורטוגל,15,5,20
2021-12-17T00:00:00.000Z,נפאל,5,1,6
2021-12-17T00:00:00.000Z,רוסיה,40,30,70
2021-12-17T00:00:00.000Z,קניה,1,2,3
2021-12-17T00:00:00.000Z,ארגנטינה,11,6,17
2021-12-17T00:00:00.000Z,ארצות הברית,580,623,1203
2021-12-17T00:00:00.000Z,קמבודיה,1,7,8
2021-12-17T00:00:00.000Z,יוון,139,16,155
2021-12-17T00:00:00.000Z,מונטנגרו,2,0,2
2021-12-17T00:00:00.000Z,קולומביה,8,1,9
2021-12-17T00:00:00.000Z,אירלנד,6,6,12
2021-12-17T00:00:00.000Z,ירדן,4,9,13
2021-12-17T00:00:00.000Z,שוודיה,7,16,23
2021-12-17T00:00:00.000Z,אוגנדה,1,1,2
2021-12-17T00:00:00.000Z,הרפ הדומיניקנית,0,2,2
2021-12-17T00:00:00.000Z,יפן,1,0,1
2021-12-17T00:00:00.000Z,צרפת,403,88,491
2021-12-17T00:00:00.000Z,מולדובה,0,1,1
2021-12-17T00:00:00.000Z,סלובניה,2,0,2
2021-12-17T00:00:00.000Z,סודן,0,1,1
2021-12-17T00:00:00.000Z,גאורגיה,70,7,77
2021-12-17T00:00:00.000Z,סינגפור,9,9,18
2021-12-17T00:00:00.000Z,צ'ילה,4,1,5
2021-12-17T00:00:00.000Z,גרמניה,387,159,546
2021-12-17T00:00:00.000Z,קנדה,44,56,100
2021-12-17T00:00:00.000Z,בולגריה,8,0,8
2021-12-17T00:00:00.000Z,פינלנד,4,0,4
2021-12-17T00:00:00.000Z,בלגיה,65,30,95
2021-12-17T00:00:00.000Z,תורכמניסטאן,1,0,1
2021-12-17T00:00:00.000Z,לוכסמבורג,4,3,7
2021-12-17T00:00:00.000Z,מלדיבים,22,3,25
2021-12-17T00:00:00.000Z,הולנד,73,74,147
2021-12-17T00:00:00.000Z,אקואדור,1,0,1
2021-12-17T00:00:00.000Z,פרו,2,0,2
2021-12-17T00:00:00.000Z,אוסטרליה,0,10,10
2021-12-17T00:00:00.000Z,מצרים,96,13,109
2021-12-17T00:00:00.000Z,סווזילנד,1,0,1
2021-12-17T00:00:00.000Z,מקסיקו,12,5,17
2021-12-17T00:00:00.000Z,מקדוניה,3,0,3
2021-12-17T00:00:00.000Z,פיליפינים,2,20,22
2021-12-17T00:00:00.000Z,שוויץ,95,49,144
2021-12-17T00:00:00.000Z,צכיה,132,18,150
2021-12-17T00:00:00.000Z,מונקו,2,1,3
2021-12-17T00:00:00.000Z,איטליה,381,35,416
2021-12-17T00:00:00.000Z,אוסטריה,39,22,61
2021-12-17T00:00:00.000Z,דנמרק,0,4,4
2021-12-17T00:00:00.000Z,נורבגיה,6,4,10
2021-12-17T00:00:00.000Z,תורכיה,477,88,565
2021-12-17T00:00:00.000Z,קטר,0,2,2
2021-12-17T00:00:00.000Z,אינדונזיה,2,0,2
2021-12-17T00:00:00.000Z,סלובקיה,1,0,1
2021-12-18T00:00:00.000Z,ויטנאם,0,3,3
2021-12-18T00:00:00.000Z,סלובניה,2,0,2
2021-12-18T00:00:00.000Z,נורבגיה,5,8,13
2021-12-18T00:00:00.000Z,קוריאה הדרומית,1,0,1
2021-12-18T00:00:00.000Z,יוון,202,8,210
2021-12-18T00:00:00.000Z,בהמס,6,0,6
2021-12-18T00:00:00.000Z,פינלנד,12,12,24
2021-12-18T00:00:00.000Z,שוודיה,10,21,31
2021-12-18T00:00:00.000Z,בולגריה,6,0,6
2021-12-18T00:00:00.000Z,מצרים,79,12,91
2021-12-18T00:00:00.000Z,בוסניה הרצגובינה,1,0,1
2021-12-18T00:00:00.000Z,פנמה,2,0,2
2021-12-18T00:00:00.000Z,קירג'זסטאן,1,0,1
2021-12-18T00:00:00.000Z,ספרד,129,33,162
2021-12-18T00:00:00.000Z,טנזניה,11,0,11
2021-12-18T00:00:00.000Z,תורכמניסטאן,4,0,4
2021-12-18T00:00:00.000Z,סינגפור,2,8,10
2021-12-18T00:00:00.000Z,רוסיה,61,60,121
2021-12-18T00:00:00.000Z,מלדיבים,40,7,47
2021-12-18T00:00:00.000Z,סלובקיה,1,1,2
2021-12-18T00:00:00.000Z,מלטה,107,6,113
2021-12-18T00:00:00.000Z,נפאל,0,1,1
2021-12-18T00:00:00.000Z,אורגוואי,1,0,1
2021-12-18T00:00:00.000Z,רומניה,229,96,325
2021-12-18T00:00:00.000Z,ארגנטינה,2,0,2
2021-12-18T00:00:00.000Z,סין,0,1,1
2021-12-18T00:00:00.000Z,קנדה,32,89,121
2021-12-18T00:00:00.000Z,אנדורה,1,0,1
2021-12-18T00:00:00.000Z,נמיביה,1,1,2
2021-12-18T00:00:00.000Z,סרי לנקה (צילון),36,6,42
2021-12-18T00:00:00.000Z,פרו,0,1,1
2021-12-18T00:00:00.000Z,מקסיקו,14,5,19
2021-12-18T00:00:00.000Z,איטליה,924,74,998
2021-12-18T00:00:00.000Z,יפן,4,1,5
2021-12-18T00:00:00.000Z,ברזיל,9,1,10
2021-12-18T00:00:00.000Z,בלגיה,49,21,70
2021-12-18T00:00:00.000Z,הולנד,89,44,133
2021-12-18T00:00:00.000Z,פורטוגל,99,16,115
2021-12-18T00:00:00.000Z,קולומביה,1,5,6
2021-12-18T00:00:00.000Z,עומן,7,0,7
2021-12-18T00:00:00.000Z,תורכיה,795,206,1001
2021-12-18T00:00:00.000Z,צכיה,230,13,243
2021-12-18T00:00:00.000Z,רואנדה,3,0,3
2021-12-18T00:00:00.000Z,איי טורקס וקייקוס,2,0,2
2021-12-18T00:00:00.000Z,קזחסטאן,1,0,1
2021-12-18T00:00:00.000Z,תאילנד,17,0,17
2021-12-18T00:00:00.000Z,גווטאמלה,1,1,2
2021-12-18T00:00:00.000Z,ארצות הברית,563,792,1355
2021-12-18T00:00:00.000Z,ניו זילנד,1,3,4
2021-12-18T00:00:00.000Z,ניגריה,9,2,11
2021-12-18T00:00:00.000Z,אוסטרליה,1,2,3
2021-12-18T00:00:00.000Z,אירלנד,14,17,31
2021-12-18T00:00:00.000Z,איחוד האמירויות הערב,420,54,474
2021-12-18T00:00:00.000Z,דנמרק,8,1,9
2021-12-18T00:00:00.000Z,איסלנד,1,0,1
2021-12-18T00:00:00.000Z,קניה,0,1,1
2021-12-18T00:00:00.000Z,גרמניה,191,118,309
2021-12-18T00:00:00.000Z,קפריסין,266,47,313
2021-12-18T00:00:00.000Z,קרואטיה,19,3,22
2021-12-18T00:00:00.000Z,אוזבקיסטן,2,3,5
2021-12-18T00:00:00.000Z,צרפת,363,118,481
2021-12-18T00:00:00.000Z,דרום אפריקה,14,8,22
2021-12-18T00:00:00.000Z,אוקראינה,91,23,114
2021-12-18T00:00:00.000Z,סרביה,4,0,4
2021-12-18T00:00:00.000Z,פולין,179,9,188
2021-12-18T00:00:00.000Z,דרום סודאן,1,0,1
2021-12-18T00:00:00.000Z,פיליפינים,3,0,3
2021-12-18T00:00:00.000Z,ליטא,150,22,172
2021-12-18T00:00:00.000Z,אתיופיה,8,3,11
2021-12-18T00:00:00.000Z,כלל המדינות,6591,2606,9197
2021-12-18T00:00:00.000Z,לטביה,15,6,21
2021-12-18T00:00:00.000Z,אזרביג'אן,3,0,3
2021-12-18T00:00:00.000Z,אסטוניה,3,1,4
2021-12-18T00:00:00.000Z,הודו,72,58,130
2021-12-18T00:00:00.000Z,הממלכה המאוחדת,79,42,121
2021-12-18T00:00:00.000Z,אלבניה,2,0,2
2021-12-18T00:00:00.000Z,ירדן,9,4,13
2021-12-18T00:00:00.000Z,הונגריה,323,14,337
2021-12-18T00:00:00.000Z,גאנה,3,3,6
2021-12-18T00:00:00.000Z,אוגנדה,4,0,4
2021-12-18T00:00:00.000Z,קוסטה ריקה,4,4,8
2021-12-18T00:00:00.000Z,לוכסמבורג,1,0,1
2021-12-18T00:00:00.000Z,ארמניה,0,1,1
2021-12-18T00:00:00.000Z,מרוקו,2,0,2
2021-12-18T00:00:00.000Z,אוסטריה,55,16,71
2021-12-18T00:00:00.000Z,צ'ילה,5,0,5
2021-12-18T00:00:00.000Z,שוויץ,44,27,71
2021-12-18T00:00:00.000Z,אקואדור,2,0,2
2021-12-18T00:00:00.000Z,גאורגיה,173,32,205
2021-12-19T00:00:00.000Z,קירג'זסטאן,2,0,2
2021-12-19T00:00:00.000Z,קזחסטאן,0,5,5
2021-12-19T00:00:00.000Z,בוסניה הרצגובינה,0,1,1
2021-12-19T00:00:00.000Z,מרוקו,5,0,5
2021-12-19T00:00:00.000Z,הונגריה,687,55,742
2021-12-19T00:00:00.000Z,אזרביג'אן,28,14,42
2021-12-19T00:00:00.000Z,אלבניה,1,2,3
2021-12-19T00:00:00.000Z,צ'ילה,3,0,3
2021-12-19T00:00:00.000Z,הממלכה המאוחדת,202,43,245
2021-12-19T00:00:00.000Z,טיוואן,1,0,1
2021-12-19T00:00:00.000Z,אוקראינה,309,120,429
2021-12-19T00:00:00.000Z,בהמס,6,0,6
2021-12-19T00:00:00.000Z,קרואטיה,7,1,8
2021-12-19T00:00:00.000Z,קמרון,1,0,1
2021-12-19T00:00:00.000Z,אירלנד,13,17,30
2021-12-19T00:00:00.000Z,יוון,543,33,576
2021-12-19T00:00:00.000Z,הולנד,139,55,194
2021-12-19T00:00:00.000Z,קפריסין,245,47,292
2021-12-19T00:00:00.000Z,דנמרק,7,3,10
2021-12-19T00:00:00.000Z,סינגפור,9,0,9
2021-12-19T00:00:00.000Z,סרביה,3,1,4
2021-12-19T00:00:00.000Z,קנדה,32,68,100
2021-12-19T00:00:00.000Z,פנמה,0,1,1
2021-12-19T00:00:00.000Z,הודו,13,0,13
2021-12-19T00:00:00.000Z,פולין,335,53,388
2021-12-19T00:00:00.000Z,בולגריה,337,49,386
2021-12-19T00:00:00.000Z,פורטוגל,64,16,80
2021-12-19T00:00:00.000Z,גרמניה,414,162,576
2021-12-19T00:00:00.000Z,הרפ הדומיניקנית,7,1,8
2021-12-19T00:00:00.000Z,מלטה,0,1,1
2021-12-19T00:00:00.000Z,סלובניה,0,1,1
2021-12-19T00:00:00.000Z,סלובקיה,1,0,1
2021-12-19T00:00:00.000Z,איי גילברט ואליס,0,1,1
2021-12-19T00:00:00.000Z,אוזבקיסטן,3,0,3
2021-12-19T00:00:00.000Z,מצרים,93,30,123
2021-12-19T00:00:00.000Z,צרפת,1085,466,1551
2021-12-19T00:00:00.000Z,סרי לנקה (צילון),31,7,38
2021-12-19T00:00:00.000Z,קוריאה הדרומית,2,0,2
2021-12-19T00:00:00.000Z,רומניה,175,36,211
2021-12-19T00:00:00.000Z,איטליה,903,70,973
2021-12-19T00:00:00.000Z,מולדובה,91,81,172
2021-12-19T00:00:00.000Z,תאילנד,20,5,25
2021-12-19T00:00:00.000Z,בלגיה,30,76,106
2021-12-19T00:00:00.000Z,פרגוואי,1,0,1
2021-12-19T00:00:00.000Z,נפאל,2,0,2
2021-12-19T00:00:00.000Z,טנזניה,1,1,2
2021-12-19T00:00:00.000Z,רוסיה,100,121,221
2021-12-19T00:00:00.000Z,איסלנד,9,0,9
2021-12-19T00:00:00.000Z,איחוד האמירויות הערב,1542,158,1700
2021-12-19T00:00:00.000Z,בחריין,2,0,2
2021-12-19T00:00:00.000Z,גויאנה הצרפתית,2,2,4
2021-12-19T00:00:00.000Z,ניגריה,3,3,6
2021-12-19T00:00:00.000Z,ברזיל,14,12,26
2021-12-19T00:00:00.000Z,נורבגיה,7,9,16
2021-12-19T00:00:00.000Z,אורגוואי,19,2,21
2021-12-19T00:00:00.000Z,פינלנד,17,6,23
2021-12-19T00:00:00.000Z,ברבדוס,3,0,3
2021-12-19T00:00:00.000Z,צכיה,377,17,394
2021-12-19T00:00:00.000Z,ויטנאם,2,0,2
2021-12-19T00:00:00.000Z,תורכמניסטאן,0,1,1
2021-12-19T00:00:00.000Z,קולומביה,3,0,3
2021-12-19T00:00:00.000Z,תורכיה,1119,273,1392
2021-12-19T00:00:00.000Z,ארמניה,0,3,3
2021-12-19T00:00:00.000Z,פרו,3,1,4
2021-12-19T00:00:00.000Z,גאורגיה,310,35,345
2021-12-19T00:00:00.000Z,קטר,1,1,2
2021-12-19T00:00:00.000Z,יפן,3,1,4
2021-12-19T00:00:00.000Z,שוויץ,306,100,406
2021-12-19T00:00:00.000Z,אוסטריה,34,9,43
2021-12-19T00:00:00.000Z,דרום אפריקה,2,0,2
2021-12-19T00:00:00.000Z,מלדיבים,53,2,55
2021-12-19T00:00:00.000Z,שוודיה,13,37,50
2021-12-19T00:00:00.000Z,ספרד,789,165,954
2021-12-19T00:00:00.000Z,אוסטרליה,7,18,25
2021-12-19T00:00:00.000Z,ירדן,113,72,185
2021-12-19T00:00:00.000Z,קוסטה ריקה,2,0,2
2021-12-19T00:00:00.000Z,ארגנטינה,13,1,14
2021-12-19T00:00:00.000Z,פיליפינים,3,0,3
2021-12-19T00:00:00.000Z,מקסיקו,12,3,15
2021-12-19T00:00:00.000Z,לטביה,2,0,2
2021-12-19T00:00:00.000Z,כלל המדינות,12560,3982,16542
2021-12-19T00:00:00.000Z,ליטא,84,17,101
2021-12-19T00:00:00.000Z,מונגוליה,0,1,1
2021-12-19T00:00:00.000Z,ארצות הברית,552,695,1247
2021-12-19T00:00:00.000Z,לוכסמבורג,1,0,1
2021-12-19T00:00:00.000Z,גאנה,6,1,7
2021-12-19T00:00:00.000Z,אוגנדה,0,1,1
2021-12-19T00:00:00.000Z,בילורוסיה,79,54,133
2021-12-20T00:00:00.000Z,מולדובה,0,1,1
2021-12-20T00:00:00.000Z,הונג קונג,0,26,26
2021-12-20T00:00:00.000Z,ויטנאם,0,1,1
2021-12-20T00:00:00.000Z,מרוקו,6,0,6
2021-12-20T00:00:00.000Z,האיטי,1,1,2
2021-12-20T00:00:00.000Z,סיירה ליאונה,1,1,2
2021-12-20T00:00:00.000Z,קרואטיה,8,6,14
2021-12-20T00:00:00.000Z,מלטה,1,0,1
2021-12-20T00:00:00.000Z,מצרים,65,31,96
2021-12-20T00:00:00.000Z,סלובקיה,0,1,1
2021-12-20T00:00:00.000Z,גווטאמלה,1,1,2
2021-12-20T00:00:00.000Z,צכיה,347,18,365
2021-12-20T00:00:00.000Z,אורגוואי,1,0,1
2021-12-20T00:00:00.000Z,קוסובו,4,0,4
2021-12-20T00:00:00.000Z,אקואדור,2,1,3
2021-12-20T00:00:00.000Z,בחריין,33,2,35
2021-12-20T00:00:00.000Z,איטליה,912,65,977
2021-12-20T00:00:00.000Z,אוזבקיסטן,2,1,3
2021-12-20T00:00:00.000Z,פינלנד,3,3,6
2021-12-20T00:00:00.000Z,גאנה,1,0,1
2021-12-20T00:00:00.000Z,גאורגיה,294,38,332
2021-12-20T00:00:00.000Z,צ'ילה,1,5,6
2021-12-20T00:00:00.000Z,גרמניה,444,115,559
2021-12-20T00:00:00.000Z,קירג'זסטאן,0,2,2
2021-12-20T00:00:00.000Z,מקסיקו,28,17,45
2021-12-20T00:00:00.000Z,הממלכה המאוחדת,153,47,200
2021-12-20T00:00:00.000Z,סלובניה,1,0,1
2021-12-20T00:00:00.000Z,סינגפור,3,0,3
2021-12-20T00:00:00.000Z,ארגנטינה,6,2,8
2021-12-20T00:00:00.000Z,תאילנד,227,48,275
2021-12-20T00:00:00.000Z,פולין,166,23,189
2021-12-20T00:00:00.000Z,מקדוניה,0,1,1
2021-12-20T00:00:00.000Z,ערב הסעודית,9,0,9
2021-12-20T00:00:00.000Z,רומניה,233,36,269
2021-12-20T00:00:00.000Z,סרביה,6,6,12
2021-12-20T00:00:00.000Z,תורכיה,709,193,902
2021-12-20T00:00:00.000Z,זאיר,1,0,1
2021-12-20T00:00:00.000Z,קטר,2,1,3
2021-12-20T00:00:00.000Z,בילורוסיה,3,0,3
2021-12-20T00:00:00.000Z,אסטוניה,0,1,1
2021-12-20T00:00:00.000Z,זמביה,1,0,1
2021-12-20T00:00:00.000Z,בוליביה,2,1,3
2021-12-20T00:00:00.000Z,פנמה,2,2,4
2021-12-20T00:00:00.000Z,קמבודיה,0,135,135
2021-12-20T00:00:00.000Z,איחוד האמירויות הערב,789,76,865
2021-12-20T00:00:00.000Z,דומיניקה,1,0,1
2021-12-20T00:00:00.000Z,פורטוגל,241,43,284
2021-12-20T00:00:00.000Z,מונגוליה,0,10,10
2021-12-20T00:00:00.000Z,פיליפינים,1,1,2
2021-12-20T00:00:00.000Z,קולומביה,3,2,5
2021-12-20T00:00:00.000Z,אלבניה,3,2,5
2021-12-20T00:00:00.000Z,מלדיבים,37,3,40
2021-12-20T00:00:00.000Z,צרפת,236,51,287
2021-12-20T00:00:00.000Z,הולנד,236,158,394
2021-12-20T00:00:00.000Z,אירלנד,2,0,2
2021-12-20T00:00:00.000Z,נורבגיה,8,1,9
2021-12-20T00:00:00.000Z,ארצות הברית,990,1183,2173
2021-12-20T00:00:00.000Z,אוגנדה,1,0,1
2021-12-20T00:00:00.000Z,גויאנה הצרפתית,1,0,1
2021-12-20T00:00:00.000Z,ברזיל,12,11,23
2021-12-20T00:00:00.000Z,לוכסמבורג,1,4,5
2021-12-20T00:00:00.000Z,כלל המדינות,9693,3723,13416
2021-12-20T00:00:00.000Z,דרום אפריקה,17,15,32
2021-12-20T00:00:00.000Z,בוטסואנה,2,3,5
2021-12-20T00:00:00.000Z,ארמניה,2,0,2
2021-12-20T00:00:00.000Z,ספרד,274,24,298
2021-12-20T00:00:00.000Z,תוניסיה,2,0,2
2021-12-20T00:00:00.000Z,קוסטה ריקה,3,0,3
2021-12-20T00:00:00.000Z,הרפ הדומיניקנית,1,0,1
2021-12-20T00:00:00.000Z,טנזניה,4,17,21
2021-12-20T00:00:00.000Z,קניה,2,2,4
2021-12-20T00:00:00.000Z,בוסניה הרצגובינה,2,1,3
2021-12-20T00:00:00.000Z,אוסטריה,141,15,156
2021-12-20T00:00:00.000Z,אוקראינה,320,196,516
2021-12-20T00:00:00.000Z,הודו,10,3,13
2021-12-20T00:00:00.000Z,ליטא,5,0,5
2021-12-20T00:00:00.000Z,אוסטרליה,6,6,12
2021-12-20T00:00:00.000Z,לטביה,1,0,1
2021-12-20T00:00:00.000Z,קמרון,0,2,2
2021-12-20T00:00:00.000Z,רואנדה,2,0,2
2021-12-20T00:00:00.000Z,בלגיה,64,27,91
2021-12-20T00:00:00.000Z,עירק,1,1,2
2021-12-20T00:00:00.000Z,ירדן,38,45,83
2021-12-20T00:00:00.000Z,רוסיה,99,150,249
2021-12-20T00:00:00.000Z,הונדורס,1,0,1
2021-12-20T00:00:00.000Z,קנדה,39,65,104
2021-12-20T00:00:00.000Z,קזחסטאן,2,7,9
2021-12-20T00:00:00.000Z,נפאל,1,0,1
2021-12-20T00:00:00.000Z,קפריסין,167,51,218
2021-12-20T00:00:00.000Z,אל סלבדור,0,1,1
2021-12-20T00:00:00.000Z,יוון,477,25,502
2021-12-20T00:00:00.000Z,דנמרק,14,3,17
2021-12-20T00:00:00.000Z,קוריאה הדרומית,3,3,6
2021-12-20T00:00:00.000Z,סרי לנקה (צילון),14,1,15
2021-12-20T00:00:00.000Z,מונטנגרו,5,0,5
2021-12-20T00:00:00.000Z,ניגריה,14,8,22
2021-12-20T00:00:00.000Z,שוויץ,145,67,212
2021-12-20T00:00:00.000Z,בולגריה,149,24,173
2021-12-20T00:00:00.000Z,שוודיה,5,10,15
2021-12-20T00:00:00.000Z,הונגריה,797,81,878
2021-12-20T00:00:00.000Z,פרגוואי,5,3,8
2021-12-20T00:00:00.000Z,אתיופיה,10,7,17
2021-12-21T00:00:00.000Z,פינלנד,3,1,4
2021-12-21T00:00:00.000Z,אתיופיה,7,3,10
2021-12-21T00:00:00.000Z,מקדוניה,3,0,3
2021-12-21T00:00:00.000Z,רומניה,135,44,179
2021-12-21T00:00:00.000Z,דנמרק,1,1,2
2021-12-21T00:00:00.000Z,מצרים,28,16,44
2021-12-21T00:00:00.000Z,ונצואלה,2,3,5
2021-12-21T00:00:00.000Z,איטליה,1289,155,1444
2021-12-21T00:00:00.000Z,קנדה,118,138,256
2021-12-21T00:00:00.000Z,שוודיה,4,3,7
2021-12-21T00:00:00.000Z,גאנה,1,0,1
2021-12-21T00:00:00.000Z,אוסטריה,96,22,118
2021-12-21T00:00:00.000Z,פיליפינים,5,0,5
2021-12-21T00:00:00.000Z,ספרד,133,13,146
2021-12-21T00:00:00.000Z,בחריין,1,0,1
2021-12-21T00:00:00.000Z,יוון,177,14,191
2021-12-21T00:00:00.000Z,הולנד,126,22,148
2021-12-21T00:00:00.000Z,קטר,1,0,1
2021-12-21T00:00:00.000Z,לוכסמבורג,1,0,1
2021-12-21T00:00:00.000Z,מקסיקו,18,11,29
2021-12-21T00:00:00.000Z,מונטנגרו,0,1,1
2021-12-21T00:00:00.000Z,צ'ילה,1,1,2
2021-12-21T00:00:00.000Z,קזחסטאן,0,9,9
2021-12-21T00:00:00.000Z,אקואדור,1,0,1
2021-12-21T00:00:00.000Z,פנמה,1,2,3
2021-12-21T00:00:00.000Z,צכיה,328,15,343
2021-12-21T00:00:00.000Z,אנדורה,0,1,1
2021-12-21T00:00:00.000Z,אוסטרליה,1,26,27
2021-12-21T00:00:00.000Z,רוסיה,70,105,175
2021-12-21T00:00:00.000Z,מולדובה,8,3,11
2021-12-21T00:00:00.000Z,מאלי,1,0,1
2021-12-21T00:00:00.000Z,גואם,0,1,1
2021-12-21T00:00:00.000Z,ירדן,38,29,67
2021-12-21T00:00:00.000Z,תורכמניסטאן,2,0,2
2021-12-21T00:00:00.000Z,נפאל,4,2,6
2021-12-21T00:00:00.000Z,פולין,130,16,146
2021-12-21T00:00:00.000Z,קולומביה,2,4,6
2021-12-21T00:00:00.000Z,שוויץ,238,88,326
2021-12-21T00:00:00.000Z,טנזניה,7,1,8
2021-12-21T00:00:00.000Z,אסטוניה,6,3,9
2021-12-21T00:00:00.000Z,פורטו ריקו,1,0,1
2021-12-21T00:00:00.000Z,בוסניה הרצגובינה,1,0,1
2021-12-21T00:00:00.000Z,סין,13,247,260
2021-12-21T00:00:00.000Z,חוף השנהב,2,0,2
2021-12-21T00:00:00.000Z,פורטוגל,109,12,121
2021-12-21T00:00:00.000Z,אזרביג'אן,5,2,7
2021-12-21T00:00:00.000Z,ניגריה,3,0,3
2021-12-21T00:00:00.000Z,סורינם,1,0,1
2021-12-21T00:00:00.000Z,איחוד האמירויות הערב,1048,71,1119
2021-12-21T00:00:00.000Z,קוסטה ריקה,6,2,8
2021-12-21T00:00:00.000Z,מלדיבים,26,8,34
2021-12-21T00:00:00.000Z,סרביה,2,4,6
2021-12-21T00:00:00.000Z,ברזיל,15,48,63
2021-12-21T00:00:00.000Z,סרי לנקה (צילון),18,0,18
2021-12-21T00:00:00.000Z,ליטא,88,10,98
2021-12-21T00:00:00.000Z,קפריסין,82,36,118
2021-12-21T00:00:00.000Z,הממלכה המאוחדת,144,42,186
2021-12-21T00:00:00.000Z,הונגריה,585,101,686
2021-12-21T00:00:00.000Z,קרואטיה,1,2,3
2021-12-21T00:00:00.000Z,הודו,65,42,107
2021-12-21T00:00:00.000Z,בולגריה,2,0,2
2021-12-21T00:00:00.000Z,כלל המדינות,9168,3960,13128
2021-12-21T00:00:00.000Z,גאורגיה,60,10,70
2021-12-21T00:00:00.000Z,ארגנטינה,6,27,33
2021-12-21T00:00:00.000Z,צרפת,405,108,513
2021-12-21T00:00:00.000Z,אלבניה,3,0,3
2021-12-21T00:00:00.000Z,יפן,1,0,1
2021-12-21T00:00:00.000Z,הונג קונג,2,4,6
2021-12-21T00:00:00.000Z,תורכיה,1056,381,1437
2021-12-21T00:00:00.000Z,דרום אפריקה,9,3,12
2021-12-21T00:00:00.000Z,ארמניה,0,1,1
2021-12-21T00:00:00.000Z,גרמניה,450,191,641
2021-12-21T00:00:00.000Z,אוקראינה,192,119,311
2021-12-21T00:00:00.000Z,בילורוסיה,1,0,1
2021-12-21T00:00:00.000Z,אוזבקיסטן,37,116,153
2021-12-21T00:00:00.000Z,סלובקיה,0,1,1
2021-12-21T00:00:00.000Z,מרוקו,7,2,9
2021-12-21T00:00:00.000Z,לטביה,15,8,23
2021-12-21T00:00:00.000Z,נורבגיה,2,0,2
2021-12-21T00:00:00.000Z,ארצות הברית,1157,1096,2253
2021-12-21T00:00:00.000Z,בלגיה,81,93,174
2021-12-21T00:00:00.000Z,אורגוואי,1,0,1
2021-12-21T00:00:00.000Z,תאילנד,21,1,22
2021-12-22T00:00:00.000Z,סרביה,8,1,9
2021-12-22T00:00:00.000Z,דרום אפריקה,3,0,3
2021-12-22T00:00:00.000Z,שוויץ,108,22,130
2021-12-22T00:00:00.000Z,ספרד,106,14,120
2021-12-22T00:00:00.000Z,בוסניה הרצגובינה,3,0,3
2021-12-22T00:00:00.000Z,אוקראינה,250,133,383
2021-12-22T00:00:00.000Z,אלבניה,2,0,2
2021-12-22T00:00:00.000Z,גווטאמלה,1,0,1
2021-12-22T00:00:00.000Z,קזחסטאן,0,1,1
2021-12-22T00:00:00.000Z,דומיניקה,3,0,3
2021-12-22T00:00:00.000Z,סינגפור,2,6,8
2021-12-22T00:00:00.000Z,נורבגיה,2,2,4
2021-12-22T00:00:00.000Z,מקסיקו,27,13,40
2021-12-22T00:00:00.000Z,אסטוניה,4,0,4
2021-12-22T00:00:00.000Z,לוכסמבורג,12,4,16
2021-12-22T00:00:00.000Z,טנזניה,4,2,6
2021-12-22T00:00:00.000Z,סלובקיה,1,0,1
2021-12-22T00:00:00.000Z,קרואטיה,5,4,9
2021-12-22T00:00:00.000Z,מרוקו,1,0,1
2021-12-22T00:00:00.000Z,פיליפינים,1,95,96
2021-12-22T00:00:00.000Z,קנדה,37,26,63
2021-12-22T00:00:00.000Z,פורטו ריקו,1,0,1
2021-12-22T00:00:00.000Z,ארצות הברית,571,408,979
2021-12-22T00:00:00.000Z,אוזבקיסטן,1,0,1
2021-12-22T00:00:00.000Z,סרי לנקה (צילון),21,9,30
2021-12-22T00:00:00.000Z,מצרים,54,19,73
2021-12-22T00:00:00.000Z,צרפת,236,62,298
2021-12-22T00:00:00.000Z,פינלנד,4,5,9
2021-12-22T00:00:00.000Z,רואנדה,1,0,1
2021-12-22T00:00:00.000Z,ירדן,42,35,77
2021-12-22T00:00:00.000Z,כלל המדינות,5335,2368,7703
2021-12-22T00:00:00.000Z,סין,1,16,17
2021-12-22T00:00:00.000Z,הודו,13,1,14
2021-12-22T00:00:00.000Z,בלגיה,9,2,11
2021-12-22T00:00:00.000Z,פולין,138,26,164
2021-12-22T00:00:00.000Z,דנמרק,3,4,7
2021-12-22T00:00:00.000Z,מונטנגרו,3,1,4
2021-12-22T00:00:00.000Z,רומניה,109,34,143
2021-12-22T00:00:00.000Z,קוסטה ריקה,17,9,26
2021-12-22T00:00:00.000Z,פורטוגל,42,11,53
2021-12-22T00:00:00.000Z,ברבדוס,2,0,2
2021-12-22T00:00:00.000Z,לטביה,1,0,1
2021-12-22T00:00:00.000Z,ארגנטינה,25,14,39
2021-12-22T00:00:00.000Z,בילורוסיה,1,0,1
2021-12-22T00:00:00.000Z,מלטה,81,11,92
2021-12-22T00:00:00.000Z,הולנד,164,104,268
2021-12-22T00:00:00.000Z,קפריסין,142,55,197
2021-12-22T00:00:00.000Z,תוניסיה,0,3,3
2021-12-22T00:00:00.000Z,קירג'זסטאן,5,1,6
2021-12-22T00:00:00.000Z,רוסיה,46,95,141
2021-12-22T00:00:00.000Z,יוון,99,8,107
2021-12-22T00:00:00.000Z,סלובניה,0,1,1
2021-12-22T00:00:00.000Z,בולגריה,108,29,137
2021-12-22T00:00:00.000Z,אוסטרליה,11,31,42
2021-12-22T00:00:00.000Z,קמבודיה,1,0,1
2021-12-22T00:00:00.000Z,ארמניה,1,0,1
2021-12-22T00:00:00.000Z,הממלכה המאוחדת,86,72,158
2021-12-22T00:00:00.000Z,ויטנאם,0,4,4
2021-12-22T00:00:00.000Z,גרמניה,196,75,271
2021-12-22T00:00:00.000Z,פרו,1,5,6
2021-12-22T00:00:00.000Z,פולינזיה הצרפתית,1,0,1
2021-12-22T00:00:00.000Z,הונג קונג,1,0,1
2021-12-22T00:00:00.000Z,כווית,1,0,1
2021-12-22T00:00:00.000Z,מולדובה,7,1,8
2021-12-22T00:00:00.000Z,גאורגיה,38,4,42
2021-12-22T00:00:00.000Z,קוריאה הדרומית,6,3,9
2021-12-22T00:00:00.000Z,צ'ילה,3,9,12
2021-12-22T00:00:00.000Z,מקדוניה,2,0,2
2021-12-22T00:00:00.000Z,שוודיה,5,4,9
2021-12-22T00:00:00.000Z,גויאנה הצרפתית,1,0,1
2021-12-22T00:00:00.000Z,תאילנד,160,130,290
2021-12-22T00:00:00.000Z,אירלנד,2,0,2
2021-12-22T00:00:00.000Z,אקואדור,4,2,6
2021-12-22T00:00:00.000Z,טיוואן,1,0,1
2021-12-22T00:00:00.000Z,תורכיה,389,156,545
2021-12-22T00:00:00.000Z,נפאל,2,0,2
2021-12-22T00:00:00.000Z,אוסטריה,132,53,185
2021-12-22T00:00:00.000Z,הונגריה,171,20,191
2021-12-22T00:00:00.000Z,מלדיבים,34,5,39
2021-12-22T00:00:00.000Z,ברזיל,20,15,35
2021-12-22T00:00:00.000Z,איחוד האמירויות הערב,702,83,785
2021-12-22T00:00:00.000Z,מרטיניק,0,1,1
2021-12-22T00:00:00.000Z,איסלנד,2,0,2
2021-12-22T00:00:00.000Z,גיברלטר,1,2,3
2021-12-22T00:00:00.000Z,יפן,0,3,3
2021-12-22T00:00:00.000Z,הרפ הדומיניקנית,15,0,15
2021-12-22T00:00:00.000Z,פנמה,2,4,6
2021-12-22T00:00:00.000Z,איטליה,430,73,503
2021-12-22T00:00:00.000Z,צכיה,6,0,6
2021-12-22T00:00:00.000Z,קולומביה,9,13,22
2021-12-23T00:00:00.000Z,מונגוליה,1,0,1
2021-12-23T00:00:00.000Z,סין,1,0,1
2021-12-23T00:00:00.000Z,איסלנד,2,0,2
2021-12-23T00:00:00.000Z,איטליה,826,92,918
2021-12-23T00:00:00.000Z,כלל המדינות,9606,2977,12583
2021-12-23T00:00:00.000Z,אוקראינה,203,102,305
2021-12-23T00:00:00.000Z,גאורגיה,442,77,519
2021-12-23T00:00:00.000Z,מולדובה,134,99,233
2021-12-23T00:00:00.000Z,זימבאבווה,0,2,2
2021-12-23T00:00:00.000Z,קניה,1,3,4
2021-12-23T00:00:00.000Z,גווטאמלה,1,1,2
2021-12-23T00:00:00.000Z,פנמה,2,9,11
2021-12-23T00:00:00.000Z,אוגנדה,1,0,1
2021-12-23T00:00:00.000Z,פינלנד,3,0,3
2021-12-23T00:00:00.000Z,ערב הסעודית,50,1,51
2021-12-23T00:00:00.000Z,פולין,306,33,339
2021-12-23T00:00:00.000Z,קירג'זסטאן,2,0,2
2021-12-23T00:00:00.000Z,סלובקיה,13,2,15
2021-12-23T00:00:00.000Z,מלדיבים,33,3,36
2021-12-23T00:00:00.000Z,דנמרק,4,3,7
2021-12-23T00:00:00.000Z,אנגולה,1,0,1
2021-12-23T00:00:00.000Z,הולנד,149,68,217
2021-12-23T00:00:00.000Z,אלבניה,6,1,7
2021-12-23T00:00:00.000Z,מקסיקו,21,10,31
2021-12-23T00:00:00.000Z,הונגריה,647,91,738
2021-12-23T00:00:00.000Z,קטר,1,0,1
2021-12-23T00:00:00.000Z,ארמניה,2,2,4
2021-12-23T00:00:00.000Z,דרום סודאן,1,0,1
2021-12-23T00:00:00.000Z,נורבגיה,3,1,4
2021-12-23T00:00:00.000Z,קולומביה,11,3,14
2021-12-23T00:00:00.000Z,ירדן,306,69,375
2021-12-23T00:00:00.000Z,רוסיה,137,192,329
2021-12-23T00:00:00.000Z,סרי לנקה (צילון),5,5,10
2021-12-23T00:00:00.000Z,רואנדה,1,0,1
2021-12-23T00:00:00.000Z,ליטא,62,9,71
2021-12-23T00:00:00.000Z,בילורוסיה,44,43,87
2021-12-23T00:00:00.000Z,רומניה,212,65,277
2021-12-23T00:00:00.000Z,קנדה,7,9,16
2021-12-23T00:00:00.000Z,לוכסמבורג,4,2,6
2021-12-23T00:00:00.000Z,איי טורקס וקייקוס,2,1,3
2021-12-23T00:00:00.000Z,לטביה,0,1,1
2021-12-23T00:00:00.000Z,סינגפור,3,1,4
2021-12-23T00:00:00.000Z,ברזיל,25,19,44
2021-12-23T00:00:00.000Z,צרפת,370,91,461
2021-12-23T00:00:00.000Z,יוון,288,43,331
2021-12-23T00:00:00.000Z,פרגוואי,8,2,10
2021-12-23T00:00:00.000Z,טג'יקיסטאן,0,1,1
2021-12-23T00:00:00.000Z,אזרביג'אן,86,5,91
2021-12-23T00:00:00.000Z,בחריין,27,0,27
2021-12-23T00:00:00.000Z,אל סלבדור,2,0,2
2021-12-23T00:00:00.000Z,חוף השנהב,2,1,3
2021-12-23T00:00:00.000Z,טנזניה,18,8,26
2021-12-23T00:00:00.000Z,גרמניה,148,64,212
2021-12-23T00:00:00.000Z,קפריסין,196,82,278
2021-12-23T00:00:00.000Z,ניגריה,5,0,5
2021-12-23T00:00:00.000Z,אוסטרליה,5,21,26
2021-12-23T00:00:00.000Z,בולגריה,241,56,297
2021-12-23T00:00:00.000Z,שוודיה,6,8,14
2021-12-23T00:00:00.000Z,תוניסיה,1,0,1
2021-12-23T00:00:00.000Z,אוסטריה,241,88,329
2021-12-23T00:00:00.000Z,עירק,2,2,4
2021-12-23T00:00:00.000Z,גאנה,2,1,3
2021-12-23T00:00:00.000Z,קוסטה ריקה,2,1,3
2021-12-23T00:00:00.000Z,אקואדור,4,4,8
2021-12-23T00:00:00.000Z,מקדוניה,2,0,2
2021-12-23T00:00:00.000Z,בלגיה,55,39,94
2021-12-23T00:00:00.000Z,הונדורס,1,1,2
2021-12-23T00:00:00.000Z,הונג קונג,0,1,1
2021-12-23T00:00:00.000Z,תורכיה,939,448,1387
2021-12-23T00:00:00.000Z,ארצות הברית,514,242,756
2021-12-23T00:00:00.000Z,ספרד,206,22,228
2021-12-23T00:00:00.000Z,גמייקה,2,0,2
2021-12-23T00:00:00.000Z,סרביה,10,0,10
2021-12-23T00:00:00.000Z,מונטנגרו,3,0,3
2021-12-23T00:00:00.000Z,בהמס,0,2,2
2021-12-23T00:00:00.000Z,גבון,1,0,1
2021-12-23T00:00:00.000Z,הודו,9,0,9
2021-12-23T00:00:00.000Z,הממלכה המאוחדת,133,75,208
2021-12-23T00:00:00.000Z,תאילנד,33,4,37
2021-12-23T00:00:00.000Z,עומן,7,0,7
2021-12-23T00:00:00.000Z,פורטו ריקו,1,0,1
2021-12-23T00:00:00.000Z,מצרים,86,51,137
2021-12-23T00:00:00.000Z,איחוד האמירויות הערב,937,80,1017
2021-12-23T00:00:00.000Z,פורטוגל,73,10,83
2021-12-23T00:00:00.000Z,קובה,2,0,2
2021-12-23T00:00:00.000Z,יפן,5,5,10
2021-12-23T00:00:00.000Z,דרום אפריקה,7,19,26
2021-12-23T00:00:00.000Z,פיליפינים,6,0,6
2021-12-23T00:00:00.000Z,ארגנטינה,21,46,67
2021-12-23T00:00:00.000Z,אנדורה,1,0,1
2021-12-23T00:00:00.000Z,ונצואלה,0,1,1
2021-12-23T00:00:00.000Z,מאוריציוס,2,1,3
2021-12-23T00:00:00.000Z,מלאווי,0,1,1
2021-12-23T00:00:00.000Z,שוויץ,103,20,123
2021-12-23T00:00:00.000Z,צכיה,425,45,470
2021-12-23T00:00:00.000Z,מרוקו,6,3,9
2021-12-23T00:00:00.000Z,קרואטיה,4,4,8
2021-12-23T00:00:00.000Z,צ'ילה,5,1,6
2021-12-23T00:00:00.000Z,אוזבקיסטן,1,0,1
2021-12-23T00:00:00.000Z,קוריאה הדרומית,1,0,1
2021-12-23T00:00:00.000Z,אתיופיה,8,5,13
2021-12-23T00:00:00.000Z,נפאל,2,1,3
2021-12-24T00:00:00.000Z,סינגפור,14,5,19
2021-12-24T00:00:00.000Z,קולומביה,2,2,4
2021-12-24T00:00:00.000Z,אקואדור,6,1,7
2021-12-24T00:00:00.000Z,קוריאה הדרומית,4,0,4
2021-12-24T00:00:00.000Z,לוכסמבורג,0,2,2
2021-12-24T00:00:00.000Z,קפריסין,98,56,154
2021-12-24T00:00:00.000Z,תורכיה,530,222,752
2021-12-24T00:00:00.000Z,מקסיקו,58,12,70
2021-12-24T00:00:00.000Z,צ'ילה,0,1,1
2021-12-24T00:00:00.000Z,ירדן,23,21,44
2021-12-24T00:00:00.000Z,פולין,165,20,185
2021-12-24T00:00:00.000Z,זמביה,1,0,1
2021-12-24T00:00:00.000Z,קרואטיה,3,0,3
2021-12-24T00:00:00.000Z,אוסטרליה,8,3,11
2021-12-24T00:00:00.000Z,רומניה,99,11,110
2021-12-24T00:00:00.000Z,אורגוואי,8,2,10
2021-12-24T00:00:00.000Z,גאנה,2,0,2
2021-12-24T00:00:00.000Z,מולדובה,83,82,165
2021-12-24T00:00:00.000Z,פינלנד,2,1,3
2021-12-24T00:00:00.000Z,רוסיה,135,121,256
2021-12-24T00:00:00.000Z,ניקרגואה,1,0,1
2021-12-24T00:00:00.000Z,ברזיל,17,10,27
2021-12-24T00:00:00.000Z,אזרביג'אן,9,0,9
2021-12-24T00:00:00.000Z,איטליה,192,9,201
2021-12-24T00:00:00.000Z,מצרים,59,28,87
2021-12-24T00:00:00.000Z,הונגריה,359,42,401
2021-12-24T00:00:00.000Z,ליטא,2,1,3
2021-12-24T00:00:00.000Z,אינדונזיה,3,1,4
2021-12-24T00:00:00.000Z,קניה,2,1,3
2021-12-24T00:00:00.000Z,אוזבקיסטן,1,4,5
2021-12-24T00:00:00.000Z,איחוד האמירויות הערב,234,35,269
2021-12-24T00:00:00.000Z,מלדיבים,24,1,25
2021-12-24T00:00:00.000Z,צכיה,341,31,372
2021-12-24T00:00:00.000Z,קטר,0,1,1
2021-12-24T00:00:00.000Z,טוגו,5,0,5
2021-12-24T00:00:00.000Z,בוסניה הרצגובינה,1,0,1
2021-12-24T00:00:00.000Z,הודו,9,4,13
2021-12-24T00:00:00.000Z,ויטנאם,1,0,1
2021-12-24T00:00:00.000Z,גווטאמלה,1,0,1
2021-12-24T00:00:00.000Z,גרמניה,332,125,457
2021-12-24T00:00:00.000Z,אסטוניה,1,0,1
2021-12-24T00:00:00.000Z,קנדה,14,8,22
2021-12-24T00:00:00.000Z,קזחסטאן,1,5,6
2021-12-24T00:00:00.000Z,לטביה,3,0,3
2021-12-24T00:00:00.000Z,סרביה,8,5,13
2021-12-24T00:00:00.000Z,הולנד,125,145,270
2021-12-24T00:00:00.000Z,הונדורס,1,1,2
2021-12-24T00:00:00.000Z,ספרד,188,17,205
2021-12-24T00:00:00.000Z,תאילנד,260,23,283
2021-12-24T00:00:00.000Z,אוקראינה,318,120,438
2021-12-24T00:00:00.000Z,מלזיה,0,2,2
2021-12-24T00:00:00.000Z,דרום אפריקה,7,1,8
2021-12-24T00:00:00.000Z,אתיופיה,12,3,15
2021-12-24T00:00:00.000Z,בולגריה,69,18,87
2021-12-24T00:00:00.000Z,שוודיה,4,1,5
2021-12-24T00:00:00.000Z,צרפת,112,22,134
2021-12-24T00:00:00.000Z,סלובקיה,11,2,13
2021-12-24T00:00:00.000Z,נפאל,0,1,1
2021-12-24T00:00:00.000Z,ארצות הברית,675,190,865
2021-12-24T00:00:00.000Z,קוסטה ריקה,12,3,15
2021-12-24T00:00:00.000Z,דנמרק,1,1,2
2021-12-24T00:00:00.000Z,הרפ הדומיניקנית,1,0,1
2021-12-24T00:00:00.000Z,נורבגיה,5,2,7
2021-12-24T00:00:00.000Z,גאורגיה,163,37,200
2021-12-24T00:00:00.000Z,פורטוגל,14,2,16
2021-12-24T00:00:00.000Z,פיליפינים,6,30,36
2021-12-24T00:00:00.000Z,אוגנדה,0,1,1
2021-12-24T00:00:00.000Z,האנטילים ההולנדים,1,0,1
2021-12-24T00:00:00.000Z,כלל המדינות,6060,1963,8023
2021-12-24T00:00:00.000Z,אירלנד,1,2,3
2021-12-24T00:00:00.000Z,יוון,170,28,198
2021-12-24T00:00:00.000Z,פרו,2,0,2
2021-12-24T00:00:00.000Z,ניגריה,5,2,7
2021-12-24T00:00:00.000Z,אנגולה,2,2,4
2021-12-24T00:00:00.000Z,בלגיה,2,3,5
2021-12-24T00:00:00.000Z,ארגנטינה,21,12,33
2021-12-24T00:00:00.000Z,אוסטריה,483,108,591
2021-12-24T00:00:00.000Z,פנמה,2,0,2
2021-12-24T00:00:00.000Z,הממלכה המאוחדת,19,16,35
2021-12-24T00:00:00.000Z,סרי לנקה (צילון),21,6,27
2021-12-24T00:00:00.000Z,שוויץ,172,37,209
2021-12-24T00:00:00.000Z,טנזניה,14,1,15
2021-12-25T00:00:00.000Z,גויאנה הצרפתית,1,0,1
2021-12-25T00:00:00.000Z,איסלנד,1,0,1
2021-12-25T00:00:00.000Z,קטר,2,0,2
2021-12-25T00:00:00.000Z,אוסטריה,121,12,133
2021-12-25T00:00:00.000Z,אוסטרליה,2,13,15
2021-12-25T00:00:00.000Z,מולדובה,0,1,1
2021-12-25T00:00:00.000Z,יפן,1,1,2
2021-12-25T00:00:00.000Z,גאנה,2,1,3
2021-12-25T00:00:00.000Z,הממלכה המאוחדת,21,19,40
2021-12-25T00:00:00.000Z,פורטוגל,9,4,13
2021-12-25T00:00:00.000Z,רומניה,44,10,54
2021-12-25T00:00:00.000Z,איטליה,179,20,199
2021-12-25T00:00:00.000Z,אזרביג'אן,2,0,2
2021-12-25T00:00:00.000Z,קולומביה,2,5,7
2021-12-25T00:00:00.000Z,ויטנאם,0,4,4
2021-12-25T00:00:00.000Z,קוריאה הדרומית,3,0,3
2021-12-25T00:00:00.000Z,דרום אפריקה,1,2,3
2021-12-25T00:00:00.000Z,מקסיקו,35,8,43
2021-12-25T00:00:00.000Z,פינלנד,1,1,2
2021-12-25T00:00:00.000Z,שוויץ,23,6,29
2021-12-25T00:00:00.000Z,קוסטה ריקה,22,7,29
2021-12-25T00:00:00.000Z,ירדן,21,18,39
2021-12-25T00:00:00.000Z,מצרים,158,42,200
2021-12-25T00:00:00.000Z,מונטנגרו,2,0,2
2021-12-25T00:00:00.000Z,הודו,40,56,96
2021-12-25T00:00:00.000Z,רוסיה,70,58,128
2021-12-25T00:00:00.000Z,בלגיה,3,2,5
2021-12-25T00:00:00.000Z,הרפ הדומיניקנית,3,1,4
2021-12-25T00:00:00.000Z,קפריסין,106,21,127
2021-12-25T00:00:00.000Z,אוזבקיסטן,9,0,9
2021-12-25T00:00:00.000Z,מקדוניה,1,0,1
2021-12-25T00:00:00.000Z,פרו,2,2,4
2021-12-25T00:00:00.000Z,מלדיבים,28,4,32
2021-12-25T00:00:00.000Z,סלובניה,2,0,2
2021-12-25T00:00:00.000Z,מאוריציוס,2,0,2
2021-12-25T00:00:00.000Z,בוסניה הרצגובינה,1,0,1
2021-12-25T00:00:00.000Z,הונגריה,32,2,34
2021-12-25T00:00:00.000Z,כלל המדינות,2688,1103,3791
2021-12-25T00:00:00.000Z,שוודיה,4,4,8
2021-12-25T00:00:00.000Z,גרמניה,76,21,97
2021-12-25T00:00:00.000Z,קזחסטאן,1,1,2
2021-12-25T00:00:00.000Z,תאילנד,25,5,30
2021-12-25T00:00:00.000Z,נפאל,1,2,3
2021-12-25T00:00:00.000Z,סרי לנקה (צילון),12,9,21
2021-12-25T00:00:00.000Z,סין,1,1,2
2021-12-25T00:00:00.000Z,ספרד,31,2,33
2021-12-25T00:00:00.000Z,גבון,1,0,1
2021-12-25T00:00:00.000Z,גאורגיה,74,14,88
2021-12-25T00:00:00.000Z,צרפת,42,9,51
2021-12-25T00:00:00.000Z,יוון,6,0,6
2021-12-25T00:00:00.000Z,תורכיה,542,227,769
2021-12-25T00:00:00.000Z,ברזיל,7,5,12
2021-12-25T00:00:00.000Z,ארמניה,2,1,3
2021-12-25T00:00:00.000Z,סינגפור,2,0,2
2021-12-25T00:00:00.000Z,קובה,4,0,4
2021-12-25T00:00:00.000Z,קרואטיה,4,0,4
2021-12-25T00:00:00.000Z,בילורוסיה,0,1,1
2021-12-25T00:00:00.000Z,פולין,48,2,50
2021-12-25T00:00:00.000Z,פנמה,2,2,4
2021-12-25T00:00:00.000Z,אירלנד,0,1,1
2021-12-25T00:00:00.000Z,אלבניה,1,0,1
2021-12-25T00:00:00.000Z,ליטא,2,0,2
2021-12-25T00:00:00.000Z,צכיה,174,18,192
2021-12-25T00:00:00.000Z,גווטאמלה,1,0,1
2021-12-25T00:00:00.000Z,קנדה,7,2,9
2021-12-25T00:00:00.000Z,צ'ילה,4,0,4
2021-12-25T00:00:00.000Z,פיליפינים,2,0,2
2021-12-25T00:00:00.000Z,אנטיגואה וברבודה,1,0,1
2021-12-25T00:00:00.000Z,נורבגיה,2,1,3
2021-12-25T00:00:00.000Z,אוקראינה,99,48,147
2021-12-25T00:00:00.000Z,דנמרק,10,1,11
2021-12-25T00:00:00.000Z,מרוקו,1,1,2
2021-12-25T00:00:00.000Z,קמבודיה,0,1,1
2021-12-25T00:00:00.000Z,איחוד האמירויות הערב,193,38,231
2021-12-25T00:00:00.000Z,עירק,1,0,1
2021-12-25T00:00:00.000Z,אסטוניה,3,0,3
2021-12-25T00:00:00.000Z,טיוואן,0,1,1
2021-12-25T00:00:00.000Z,הולנד,37,38,75
2021-12-25T00:00:00.000Z,ארצות הברית,224,130,354
2021-12-25T00:00:00.000Z,ארגנטינה,7,1,8
2021-12-25T00:00:00.000Z,לטביה,19,2,21
2021-12-26T00:00:00.000Z,ארצות הברית,480,185,665
2021-12-26T00:00:00.000Z,הונגריה,99,14,113
2021-12-26T00:00:00.000Z,אוקראינה,263,192,455
2021-12-26T00:00:00.000Z,אנגולה,1,0,1
2021-12-26T00:00:00.000Z,תאילנד,121,26,147
2021-12-26T00:00:00.000Z,ליטא,73,5,78
2021-12-26T00:00:00.000Z,הרפ הדומיניקנית,5,3,8
2021-12-26T00:00:00.000Z,גויאנה הצרפתית,1,0,1
2021-12-26T00:00:00.000Z,אזרביג'אן,29,19,48
2021-12-26T00:00:00.000Z,פנמה,1,1,2
2021-12-26T00:00:00.000Z,נפאל,2,1,3
2021-12-26T00:00:00.000Z,קרואטיה,4,0,4
2021-12-26T00:00:00.000Z,פיליפינים,1,2,3
2021-12-26T00:00:00.000Z,סלובניה,2,0,2
2021-12-26T00:00:00.000Z,ארמניה,3,0,3
2021-12-26T00:00:00.000Z,קמבודיה,0,2,2
2021-12-26T00:00:00.000Z,אינדונזיה,0,1,1
2021-12-26T00:00:00.000Z,אוגנדה,3,3,6
2021-12-26T00:00:00.000Z,קוריאה הדרומית,1,6,7
2021-12-26T00:00:00.000Z,ספרד,67,23,90
2021-12-26T00:00:00.000Z,קפריסין,170,26,196
2021-12-26T00:00:00.000Z,ליכטנשטיין,1,0,1
2021-12-26T00:00:00.000Z,נורבגיה,12,1,13
2021-12-26T00:00:00.000Z,קנדה,10,14,24
2021-12-26T00:00:00.000Z,סרביה,5,2,7
2021-12-26T00:00:00.000Z,איחוד האמירויות הערב,249,39,288
2021-12-26T00:00:00.000Z,קוסטה ריקה,15,4,19
2021-12-26T00:00:00.000Z,מונטנגרו,1,0,1
2021-12-26T00:00:00.000Z,פולין,136,35,171
2021-12-26T00:00:00.000Z,גווטאמלה,1,0,1
2021-12-26T00:00:00.000Z,ארגנטינה,11,4,15
2021-12-26T00:00:00.000Z,צ'ילה,6,1,7
2021-12-26T00:00:00.000Z,פרו,4,2,6
2021-12-26T00:00:00.000Z,הממלכה המאוחדת,84,45,129
2021-12-26T00:00:00.000Z,גאורגיה,244,55,299
2021-12-26T00:00:00.000Z,דנמרק,6,3,9
2021-12-26T00:00:00.000Z,סרי לנקה (צילון),17,1,18
2021-12-26T00:00:00.000Z,דרום אפריקה,2,1,3
2021-12-26T00:00:00.000Z,רוסיה,104,82,186
2021-12-26T00:00:00.000Z,תוניסיה,0,1,1
2021-12-26T00:00:00.000Z,אסטוניה,2,0,2
2021-12-26T00:00:00.000Z,יוון,341,47,388
2021-12-26T00:00:00.000Z,מצרים,235,58,293
2021-12-26T00:00:00.000Z,פינלנד,4,1,5
2021-12-26T00:00:00.000Z,סינגפור,0,1,1
2021-12-26T00:00:00.000Z,שוויץ,155,25,180
2021-12-26T00:00:00.000Z,אוזבקיסטן,2,3,5
2021-12-26T00:00:00.000Z,ויטנאם,6,0,6
2021-12-26T00:00:00.000Z,אורגוואי,2,1,3
2021-12-26T00:00:00.000Z,מולדובה,94,62,156
2021-12-26T00:00:00.000Z,מאוריציוס,2,0,2
2021-12-26T00:00:00.000Z,אירלנד,1,1,2
2021-12-26T00:00:00.000Z,דומיניקה,2,0,2
2021-12-26T00:00:00.000Z,אתיופיה,7,2,9
2021-12-26T00:00:00.000Z,צרפת,282,106,388
2021-12-26T00:00:00.000Z,פורטוגל,26,0,26
2021-12-26T00:00:00.000Z,שוודיה,8,16,24
2021-12-26T00:00:00.000Z,קובה,2,0,2
2021-12-26T00:00:00.000Z,ירדן,162,145,307
2021-12-26T00:00:00.000Z,אוסטריה,190,56,246
2021-12-26T00:00:00.000Z,תורכיה,749,383,1132
2021-12-26T00:00:00.000Z,הודו,5,5,10
2021-12-26T00:00:00.000Z,מוזמביק,1,0,1
2021-12-26T00:00:00.000Z,צכיה,272,24,296
2021-12-26T00:00:00.000Z,איטליה,95,41,136
2021-12-26T00:00:00.000Z,קירג'זסטאן,2,0,2
2021-12-26T00:00:00.000Z,יפן,3,0,3
2021-12-26T00:00:00.000Z,קזחסטאן,1,0,1
2021-12-26T00:00:00.000Z,ניגריה,2,1,3
2021-12-26T00:00:00.000Z,הולנד,46,46,92
2021-12-26T00:00:00.000Z,בולגריה,252,43,295
2021-12-26T00:00:00.000Z,גרמניה,203,54,257
2021-12-26T00:00:00.000Z,מונגוליה,1,0,1
2021-12-26T00:00:00.000Z,מלדיבים,7,2,9
2021-12-26T00:00:00.000Z,בילורוסיה,64,17,81
2021-12-26T00:00:00.000Z,מקסיקו,34,3,37
2021-12-26T00:00:00.000Z,כלל המדינות,6422,2346,8768
2021-12-26T00:00:00.000Z,בלגיה,15,10,25
2021-12-26T00:00:00.000Z,טנזניה,3,2,5
2021-12-26T00:00:00.000Z,אוסטרליה,8,30,38
2021-12-26T00:00:00.000Z,ברזיל,4,7,11
2021-12-26T00:00:00.000Z,האנטילים ההולנדים,2,0,2
2021-12-26T00:00:00.000Z,רומניה,220,32,252
2021-12-26T00:00:00.000Z,אקואדור,1,0,1
2021-12-26T00:00:00.000Z,תורכמניסטאן,3,0,3
2021-12-26T00:00:00.000Z,קולומביה,1,0,1
2021-12-27T00:00:00.000Z,אוקראינה,255,177,432
2021-12-27T00:00:00.000Z,פינלנד,3,0,3
2021-12-27T00:00:00.000Z,אוזבקיסטן,1,0,1
2021-12-27T00:00:00.000Z,קוסטה ריקה,4,2,6
2021-12-27T00:00:00.000Z,רוסיה,142,200,342
2021-12-27T00:00:00.000Z,דנמרק,11,6,17
2021-12-27T00:00:00.000Z,ונצואלה,0,2,2
2021-12-27T00:00:00.000Z,איטליה,117,31,148
2021-12-27T00:00:00.000Z,הודו,33,1,34
2021-12-27T00:00:00.000Z,סרי לנקה (צילון),7,6,13
2021-12-27T00:00:00.000Z,גרמניה,151,45,196
2021-12-27T00:00:00.000Z,מצרים,137,81,218
2021-12-27T00:00:00.000Z,צרפת,61,26,87
2021-12-27T00:00:00.000Z,גווטאמלה,1,0,1
2021-12-27T00:00:00.000Z,קזחסטאן,1,1,2
2021-12-27T00:00:00.000Z,אזרביג'אן,3,0,3
2021-12-27T00:00:00.000Z,פולין,207,24,231
2021-12-27T00:00:00.000Z,אתיופיה,6,1,7
2021-12-27T00:00:00.000Z,גויאנה הצרפתית,2,0,2
2021-12-27T00:00:00.000Z,זמביה,1,0,1
2021-12-27T00:00:00.000Z,גאנה,1,0,1
2021-12-27T00:00:00.000Z,גויאנה,1,1,2
2021-12-27T00:00:00.000Z,נורבגיה,5,2,7
2021-12-27T00:00:00.000Z,צכיה,247,21,268
2021-12-27T00:00:00.000Z,מלטה,1,0,1
2021-12-27T00:00:00.000Z,הונגריה,67,26,93
2021-12-27T00:00:00.000Z,תורכמניסטאן,1,0,1
2021-12-27T00:00:00.000Z,ערב הסעודית,1,0,1
2021-12-27T00:00:00.000Z,יוון,219,35,254
2021-12-27T00:00:00.000Z,דרום אפריקה,2,11,13
2021-12-27T00:00:00.000Z,אוסטריה,325,51,376
2021-12-27T00:00:00.000Z,אלבניה,1,0,1
2021-12-27T00:00:00.000Z,סרביה,7,2,9
2021-12-27T00:00:00.000Z,גבון,1,0,1
2021-12-27T00:00:00.000Z,פורטו ריקו,1,0,1
2021-12-27T00:00:00.000Z,קפריסין,160,43,203
2021-12-27T00:00:00.000Z,לטביה,2,0,2
2021-12-27T00:00:00.000Z,תורכיה,564,228,792
2021-12-27T00:00:00.000Z,קמבודיה,0,1,1
2021-12-27T00:00:00.000Z,ארצות הברית,501,223,724
2021-12-27T00:00:00.000Z,פורטוגל,16,1,17
2021-12-27T00:00:00.000Z,אל סלבדור,0,1,1
2021-12-27T00:00:00.000Z,בולגריה,145,24,169
2021-12-27T00:00:00.000Z,הונדורס,1,0,1
2021-12-27T00:00:00.000Z,צ'ילה,1,9,10
2021-12-27T00:00:00.000Z,ירדן,78,93,171
2021-12-27T00:00:00.000Z,בהמס,1,0,1
2021-12-27T00:00:00.000Z,הולנד,48,51,99
2021-12-27T00:00:00.000Z,פיליפינים,4,1,5
2021-12-27T00:00:00.000Z,ארגנטינה,6,5,11
2021-12-27T00:00:00.000Z,בחריין,9,0,9
2021-12-27T00:00:00.000Z,פרגוואי,1,0,1
2021-12-27T00:00:00.000Z,קניה,1,0,1
2021-12-27T00:00:00.000Z,כלל המדינות,5060,1988,7048
2021-12-27T00:00:00.000Z,קרואטיה,27,2,29
2021-12-27T00:00:00.000Z,פנמה,4,7,11
2021-12-27T00:00:00.000Z,ארמניה,3,1,4
2021-12-27T00:00:00.000Z,סנגל,1,0,1
2021-12-27T00:00:00.000Z,אירן,1,0,1
2021-12-27T00:00:00.000Z,אירלנד,8,5,13
2021-12-27T00:00:00.000Z,ניגריה,1,0,1
2021-12-27T00:00:00.000Z,קולומביה,3,3,6
2021-12-27T00:00:00.000Z,טנזניה,1,0,1
2021-12-27T00:00:00.000Z,חוף השנהב,1,1,2
2021-12-27T00:00:00.000Z,ליכטנשטיין,2,0,2
2021-12-27T00:00:00.000Z,לוכסמבורג,2,1,3
2021-12-27T00:00:00.000Z,שוויץ,61,10,71
2021-12-27T00:00:00.000Z,איחוד האמירויות הערב,256,35,291
2021-12-27T00:00:00.000Z,ברזיל,9,8,17
2021-12-27T00:00:00.000Z,הממלכה המאוחדת,82,69,151
2021-12-27T00:00:00.000Z,גינאה,1,0,1
2021-12-27T00:00:00.000Z,זימבאבווה,0,1,1
2021-12-27T00:00:00.000Z,קוסובו,2,0,2
2021-12-27T00:00:00.000Z,גאורגיה,168,23,191
2021-12-27T00:00:00.000Z,אוגנדה,2,1,3
2021-12-27T00:00:00.000Z,קנדה,13,3,16
2021-12-27T00:00:00.000Z,רומניה,81,14,95
2021-12-27T00:00:00.000Z,בלגיה,20,11,31
2021-12-27T00:00:00.000Z,תאילנד,257,39,296
2021-12-27T00:00:00.000Z,מלדיבים,27,0,27
2021-12-27T00:00:00.000Z,שוודיה,10,1,11
2021-12-27T00:00:00.000Z,מקסיקו,16,20,36
2021-12-27T00:00:00.000Z,אסטוניה,2,0,2
2021-12-27T00:00:00.000Z,אקואדור,1,0,1
2021-12-27T00:00:00.000Z,זאיר,0,2,2
2021-12-27T00:00:00.000Z,אוסטרליה,2,19,21
2021-12-27T00:00:00.000Z,ספרד,30,3,33
2021-12-28T00:00:00.000Z,מרוקו,2,0,2
2021-12-28T00:00:00.000Z,גרמניה,115,49,164
2021-12-28T00:00:00.000Z,רומניה,253,55,308
2021-12-28T00:00:00.000Z,אוקראינה,234,204,438
2021-12-28T00:00:00.000Z,ליטא,45,9,54
2021-12-28T00:00:00.000Z,צ'ילה,6,0,6
2021-12-28T00:00:00.000Z,צרפת,321,178,499
2021-12-28T00:00:00.000Z,בילורוסיה,30,8,38
2021-12-28T00:00:00.000Z,אירלנד,1,1,2
2021-12-28T00:00:00.000Z,ירדן,97,41,138
2021-12-28T00:00:00.000Z,הולנד,35,25,60
2021-12-28T00:00:00.000Z,סרביה,7,5,12
2021-12-28T00:00:00.000Z,בולגריה,34,13,47
2021-12-28T00:00:00.000Z,ספרד,18,7,25
2021-12-28T00:00:00.000Z,פולין,82,17,99
2021-12-28T00:00:00.000Z,בלגיה,15,11,26
2021-12-28T00:00:00.000Z,איסלנד,1,0,1
2021-12-28T00:00:00.000Z,אזרביג'אן,3,0,3
2021-12-28T00:00:00.000Z,קנדה,96,60,156
2021-12-28T00:00:00.000Z,הונגריה,76,18,94
2021-12-28T00:00:00.000Z,קרואטיה,15,0,15
2021-12-28T00:00:00.000Z,פרגוואי,1,0,1
2021-12-28T00:00:00.000Z,הודו,161,45,206
2021-12-28T00:00:00.000Z,איחוד האמירויות הערב,47,27,74
2021-12-28T00:00:00.000Z,אסטוניה,7,0,7
2021-12-28T00:00:00.000Z,קזחסטאן,1,0,1
2021-12-28T00:00:00.000Z,רוסיה,68,78,146
2021-12-28T00:00:00.000Z,ארצות הברית,535,278,813
2021-12-28T00:00:00.000Z,סין,9,136,145
2021-12-28T00:00:00.000Z,שוויץ,28,6,34
2021-12-28T00:00:00.000Z,ברזיל,13,6,19
2021-12-28T00:00:00.000Z,ארגנטינה,9,7,16
2021-12-28T00:00:00.000Z,אוסטרליה,5,22,27
2021-12-28T00:00:00.000Z,קוסטה ריקה,17,4,21
2021-12-28T00:00:00.000Z,גווטאמלה,0,1,1
2021-12-28T00:00:00.000Z,אלבניה,2,1,3
2021-12-28T00:00:00.000Z,טנזניה,3,0,3
2021-12-28T00:00:00.000Z,קפריסין,82,34,116
2021-12-28T00:00:00.000Z,ניו זילנד,0,4,4
2021-12-28T00:00:00.000Z,ונצואלה,1,0,1
2021-12-28T00:00:00.000Z,לטביה,29,13,42
2021-12-28T00:00:00.000Z,פינלנד,7,6,13
2021-12-28T00:00:00.000Z,בוסניה הרצגובינה,3,0,3
2021-12-28T00:00:00.000Z,דנמרק,6,1,7
2021-12-28T00:00:00.000Z,שוודיה,2,2,4
2021-12-28T00:00:00.000Z,קוסובו,1,1,2
2021-12-28T00:00:00.000Z,מלדיבים,10,0,10
2021-12-28T00:00:00.000Z,הרפ הדומיניקנית,4,1,5
2021-12-28T00:00:00.000Z,סרי לנקה (צילון),16,1,17
2021-12-28T00:00:00.000Z,תורכמניסטאן,2,0,2
2021-12-28T00:00:00.000Z,יוון,127,31,158
2021-12-28T00:00:00.000Z,אקואדור,2,0,2
2021-12-28T00:00:00.000Z,תורכיה,524,201,725
2021-12-28T00:00:00.000Z,מקסיקו,20,10,30
2021-12-28T00:00:00.000Z,קירג'זסטאן,7,0,7
2021-12-28T00:00:00.000Z,פיליפינים,5,1,6
2021-12-28T00:00:00.000Z,פרו,1,0,1
2021-12-28T00:00:00.000Z,פורטוגל,10,1,11
2021-12-28T00:00:00.000Z,מצרים,102,35,137
2021-12-28T00:00:00.000Z,תאילנד,11,2,13
2021-12-28T00:00:00.000Z,אוזבקיסטן,31,59,90
2021-12-28T00:00:00.000Z,צכיה,246,22,268
2021-12-28T00:00:00.000Z,פנמה,10,8,18
2021-12-28T00:00:00.000Z,גאורגיה,200,55,255
2021-12-28T00:00:00.000Z,נורבגיה,3,3,6
2021-12-28T00:00:00.000Z,קובה,1,0,1
2021-12-28T00:00:00.000Z,דרום אפריקה,2,7,9
2021-12-28T00:00:00.000Z,כלל המדינות,4672,2338,7010
2021-12-28T00:00:00.000Z,מולדובה,33,74,107
2021-12-28T00:00:00.000Z,גואם,1,0,1
2021-12-28T00:00:00.000Z,איטליה,69,14,83
2021-12-28T00:00:00.000Z,אתיופיה,2,3,5
2021-12-28T00:00:00.000Z,קניה,0,1,1
2021-12-28T00:00:00.000Z,אוגנדה,3,0,3
2021-12-28T00:00:00.000Z,קולומביה,1,2,3
2021-12-28T00:00:00.000Z,נפאל,5,2,7
2021-12-28T00:00:00.000Z,ארמניה,2,1,3
2021-12-28T00:00:00.000Z,גאנה,0,1,1
2021-12-28T00:00:00.000Z,הונג קונג,0,8,8
2021-12-28T00:00:00.000Z,הממלכה המאוחדת,96,66,162
2021-12-28T00:00:00.000Z,אוסטריה,196,29,225
2021-12-28T00:00:00.000Z,סינגפור,0,1,1
2021-12-29T00:00:00.000Z,צרפת,104,52,156
2021-12-29T00:00:00.000Z,קפריסין,84,47,131
2021-12-29T00:00:00.000Z,כלל המדינות,3758,2069,5827
2021-12-29T00:00:00.000Z,איי טורקס וקייקוס,1,0,1
2021-12-29T00:00:00.000Z,ארגנטינה,10,5,15
2021-12-29T00:00:00.000Z,מרוקו,1,0,1
2021-12-29T00:00:00.000Z,דנמרק,10,2,12
2021-12-29T00:00:00.000Z,צ'ילה,2,1,3
2021-12-29T00:00:00.000Z,רוסיה,114,117,231
2021-12-29T00:00:00.000Z,ניו זילנד,0,1,1
2021-12-29T00:00:00.000Z,תאילנד,145,122,267
2021-12-29T00:00:00.000Z,פיליפינים,1,1,2
2021-12-29T00:00:00.000Z,רואנדה,2,0,2
2021-12-29T00:00:00.000Z,שוודיה,4,1,5
2021-12-29T00:00:00.000Z,רומניה,105,47,152
2021-12-29T00:00:00.000Z,הולנד,61,47,108
2021-12-29T00:00:00.000Z,תורכיה,260,123,383
2021-12-29T00:00:00.000Z,מקסיקו,17,12,29
2021-12-29T00:00:00.000Z,הרפ הדומיניקנית,0,1,1
2021-12-29T00:00:00.000Z,הממלכה המאוחדת,50,41,91
2021-12-29T00:00:00.000Z,האנטילים ההולנדים,1,0,1
2021-12-29T00:00:00.000Z,איחוד האמירויות הערב,49,30,79
2021-12-29T00:00:00.000Z,איטליה,67,23,90
2021-12-29T00:00:00.000Z,קזחסטאן,1,0,1
2021-12-29T00:00:00.000Z,מצרים,97,73,170
2021-12-29T00:00:00.000Z,בילורוסיה,1,0,1
2021-12-29T00:00:00.000Z,גאורגיה,117,15,132
2021-12-29T00:00:00.000Z,דומיניקה,0,1,1
2021-12-29T00:00:00.000Z,קטר,0,1,1
2021-12-29T00:00:00.000Z,ארמניה,1,2,3
2021-12-29T00:00:00.000Z,קוריאה הדרומית,1,1,2
2021-12-29T00:00:00.000Z,גרמניה,109,44,153
2021-12-29T00:00:00.000Z,אוקראינה,319,202,521
2021-12-29T00:00:00.000Z,סרביה,8,1,9
2021-12-29T00:00:00.000Z,פרו,3,5,8
2021-12-29T00:00:00.000Z,סין,1,11,12
2021-12-29T00:00:00.000Z,קוסטה ריקה,9,3,12
2021-12-29T00:00:00.000Z,גויאנה הצרפתית,1,0,1
2021-12-29T00:00:00.000Z,ויטנאם,1,0,1
2021-12-29T00:00:00.000Z,פולין,111,23,134
2021-12-29T00:00:00.000Z,פרגוואי,3,1,4
2021-12-29T00:00:00.000Z,פנמה,2,16,18
2021-12-29T00:00:00.000Z,טנזניה,1,0,1
2021-12-29T00:00:00.000Z,צכיה,124,11,135
2021-12-29T00:00:00.000Z,בולגריה,100,27,127
2021-12-29T00:00:00.000Z,יוון,78,26,104
2021-12-29T00:00:00.000Z,בלגיה,2,8,10
2021-12-29T00:00:00.000Z,ברזיל,11,7,18
2021-12-29T00:00:00.000Z,אוזבקיסטן,1,0,1
2021-12-29T00:00:00.000Z,הודו,4,3,7
2021-12-29T00:00:00.000Z,ספרד,51,30,81
2021-12-29T00:00:00.000Z,אתיופיה,0,3,3
2021-12-29T00:00:00.000Z,אירלנד,4,1,5
2021-12-29T00:00:00.000Z,תורכמניסטאן,2,0,2
2021-12-29T00:00:00.000Z,נורבגיה,2,3,5
2021-12-29T00:00:00.000Z,קניה,1,1,2
2021-12-29T00:00:00.000Z,אוסטרליה,18,31,49
2021-12-29T00:00:00.000Z,מלטה,27,9,36
2021-12-29T00:00:00.000Z,אוסטריה,158,42,200
2021-12-29T00:00:00.000Z,ירדן,144,75,219
2021-12-29T00:00:00.000Z,מלדיבים,11,8,19
2021-12-29T00:00:00.000Z,קולומביה,7,3,10
2021-12-29T00:00:00.000Z,סינגפור,0,2,2
2021-12-29T00:00:00.000Z,איסלנד,2,0,2
2021-12-29T00:00:00.000Z,מלאווי,0,1,1
2021-12-29T00:00:00.000Z,שוויץ,55,17,72
2021-12-29T00:00:00.000Z,דרום אפריקה,0,3,3
2021-12-29T00:00:00.000Z,קמבודיה,3,0,3
2021-12-29T00:00:00.000Z,לוכסמבורג,1,0,1
2021-12-29T00:00:00.000Z,אורגוואי,1,1,2
2021-12-29T00:00:00.000Z,תוניסיה,1,1,2
2021-12-29T00:00:00.000Z,ארצות הברית,521,299,820
2021-12-29T00:00:00.000Z,פורטוגל,16,2,18
2021-12-29T00:00:00.000Z,הונגריה,49,14,63
2021-12-29T00:00:00.000Z,פינלנד,4,1,5
2021-12-29T00:00:00.000Z,סרי לנקה (צילון),21,3,24
2021-12-29T00:00:00.000Z,קנדה,24,11,35
2021-12-30T00:00:00.000Z,הולנד,29,17,46
2021-12-30T00:00:00.000Z,הונגריה,17,4,21
2021-12-30T00:00:00.000Z,מצרים,155,83,238
2021-12-30T00:00:00.000Z,יפן,0,6,6
2021-12-30T00:00:00.000Z,פנמה,0,5,5
2021-12-30T00:00:00.000Z,איסלנד,1,0,1
2021-12-30T00:00:00.000Z,ירדן,371,166,537
2021-12-30T00:00:00.000Z,צרפת,31,15,46
2021-12-30T00:00:00.000Z,קוריאה הדרומית,2,1,3
2021-12-30T00:00:00.000Z,סרי לנקה (צילון),8,1,9
2021-12-30T00:00:00.000Z,גרמניה,46,30,76
2021-12-30T00:00:00.000Z,סלובקיה,0,1,1
2021-12-30T00:00:00.000Z,אסטוניה,1,0,1
2021-12-30T00:00:00.000Z,קנדה,12,6,18
2021-12-30T00:00:00.000Z,מאוריציוס,1,0,1
2021-12-30T00:00:00.000Z,אירלנד,6,4,10
2021-12-30T00:00:00.000Z,ברזיל,4,6,10
2021-12-30T00:00:00.000Z,שוודיה,1,1,2
2021-12-30T00:00:00.000Z,גויאנה הצרפתית,1,0,1
2021-12-30T00:00:00.000Z,אזרביג'אן,58,12,70
2021-12-30T00:00:00.000Z,רוסיה,67,138,205
2021-12-30T00:00:00.000Z,איטליה,57,14,71
2021-12-30T00:00:00.000Z,פורטוגל,2,0,2
2021-12-30T00:00:00.000Z,יוון,69,4,73
2021-12-30T00:00:00.000Z,פינלנד,1,1,2
2021-12-30T00:00:00.000Z,קולומביה,2,0,2
2021-12-30T00:00:00.000Z,בילורוסיה,25,12,37
2021-12-30T00:00:00.000Z,דנמרק,2,0,2
2021-12-30T00:00:00.000Z,אוקראינה,127,66,193
2021-12-30T00:00:00.000Z,סיירה ליאונה,1,0,1
2021-12-30T00:00:00.000Z,ספרד,3,1,4
2021-12-30T00:00:00.000Z,קרואטיה,1,0,1
2021-12-30T00:00:00.000Z,תאילנד,23,2,25
2021-12-30T00:00:00.000Z,בולגריה,125,30,155
2021-12-30T00:00:00.000Z,סנגל,1,0,1
2021-12-30T00:00:00.000Z,אנגולה,1,0,1
2021-12-30T00:00:00.000Z,מקסיקו,3,1,4
2021-12-30T00:00:00.000Z,גווטאמלה,3,1,4
2021-12-30T00:00:00.000Z,קובה,0,2,2
2021-12-30T00:00:00.000Z,קפריסין,12,4,16
2021-12-30T00:00:00.000Z,סלובניה,2,0,2
2021-12-30T00:00:00.000Z,אוסטריה,163,36,199
2021-12-30T00:00:00.000Z,תורכיה,133,86,219
2021-12-30T00:00:00.000Z,סרביה,3,0,3
2021-12-30T00:00:00.000Z,בלגיה,7,12,19
2021-12-30T00:00:00.000Z,פולין,154,23,177
2021-12-30T00:00:00.000Z,אוסטרליה,4,4,8
2021-12-30T00:00:00.000Z,ניגריה,2,0,2
2021-12-30T00:00:00.000Z,ארצות הברית,243,84,327
2021-12-30T00:00:00.000Z,מולדובה,27,14,41
2021-12-30T00:00:00.000Z,דרום אפריקה,4,3,7
2021-12-30T00:00:00.000Z,שוויץ,44,14,58
2021-12-30T00:00:00.000Z,כלל המדינות,3290,1456,4746
2021-12-30T00:00:00.000Z,אל סלבדור,1,0,1
2021-12-30T00:00:00.000Z,נורבגיה,7,4,11
2021-12-30T00:00:00.000Z,פיליפינים,2,2,4
2021-12-30T00:00:00.000Z,צכיה,178,27,205
2021-12-30T00:00:00.000Z,קוסטה ריקה,3,1,4
2021-12-30T00:00:00.000Z,איחוד האמירויות הערב,8,1,9
2021-12-30T00:00:00.000Z,הונדורס,1,0,1
2021-12-30T00:00:00.000Z,רומניה,101,32,133
2021-12-30T00:00:00.000Z,בוסניה הרצגובינה,1,0,1
2021-12-30T00:00:00.000Z,בחריין,20,1,21
2021-12-30T00:00:00.000Z,מרוקו,1,0,1
2021-12-30T00:00:00.000Z,הודו,22,0,22
2021-12-30T00:00:00.000Z,סינגפור,1,1,2
2021-12-30T00:00:00.000Z,מלדיבים,9,2,11
2021-12-30T00:00:00.000Z,אלבניה,1,1,2
2021-12-30T00:00:00.000Z,ארגנטינה,2,16,18
2021-12-30T00:00:00.000Z,גאורגיה,301,73,374
