date,visited_country,vaccination_ind,none_vaccination_ind,sum_arrival
2021-05-01T00:00:00.000Z,מרוקו,0,7,7
2021-05-01T00:00:00.000Z,סאו טומה ופרינציפה,0,1,1
2021-05-01T00:00:00.000Z,איחוד האמירויות הערב,30,333,363
2021-05-01T00:00:00.000Z,אוגנדה,1,3,4
2021-05-01T00:00:00.000Z,אוסטריה,1,37,38
2021-05-01T00:00:00.000Z,אוסטרליה,0,6,6
2021-05-01T00:00:00.000Z,אוקראינה,16,160,176
2021-05-01T00:00:00.000Z,אזרביג'אן,0,4,4
2021-05-01T00:00:00.000Z,איטליה,4,30,34
2021-05-01T00:00:00.000Z,אירלנד,0,17,17
2021-05-01T00:00:00.000Z,אנגולה,0,2,2
2021-05-01T00:00:00.000Z,אקואדור,0,2,2
2021-05-01T00:00:00.000Z,ארמניה,2,10,12
2021-05-01T00:00:00.000Z,ארצות הברית,69,722,791
2021-05-01T00:00:00.000Z,אתיופיה,1,59,60
2021-05-01T00:00:00.000Z,בוטסואנה,0,1,1
2021-05-01T00:00:00.000Z,בוסניה הרצגובינה,0,3,3
2021-05-01T00:00:00.000Z,בילורוסיה,0,1,1
2021-05-01T00:00:00.000Z,בלגיה,0,11,11
2021-05-01T00:00:00.000Z,ברזיל,2,8,10
2021-05-01T00:00:00.000Z,גאורגיה,0,8,8
2021-05-01T00:00:00.000Z,גאנה,0,3,3
2021-05-01T00:00:00.000Z,גווטאמלה,0,4,4
2021-05-01T00:00:00.000Z,גינאה,0,1,1
2021-05-01T00:00:00.000Z,גרמניה,11,261,272
2021-05-01T00:00:00.000Z,דנמרק,0,9,9
2021-05-01T00:00:00.000Z,דרום אפריקה,0,19,19
2021-05-01T00:00:00.000Z,דרום סודאן,0,1,1
2021-05-01T00:00:00.000Z,הולנד,2,21,23
2021-05-01T00:00:00.000Z,הונג קונג,0,6,6
2021-05-01T00:00:00.000Z,הונגריה,0,2,2
2021-05-01T00:00:00.000Z,הממלכה המאוחדת,0,58,58
2021-05-01T00:00:00.000Z,הרפ הדומיניקנית,1,3,4
2021-05-01T00:00:00.000Z,זאיר,0,8,8
2021-05-01T00:00:00.000Z,זימבאבווה,0,2,2
2021-05-01T00:00:00.000Z,זמביה,0,4,4
2021-05-01T00:00:00.000Z,חוף השנהב,0,5,5
2021-05-01T00:00:00.000Z,טנזניה,1,10,11
2021-05-01T00:00:00.000Z,יוון,0,16,16
2021-05-01T00:00:00.000Z,יפן,0,10,10
2021-05-01T00:00:00.000Z,כלל המדינות,488,4815,5303
2021-05-01T00:00:00.000Z,לוכסמבורג,0,1,1
2021-05-01T00:00:00.000Z,לטביה,0,4,4
2021-05-01T00:00:00.000Z,ליטא,0,4,4
2021-05-01T00:00:00.000Z,תורכמניסטאן,0,1,1
2021-05-01T00:00:00.000Z,תורכיה,46,249,295
2021-05-01T00:00:00.000Z,תאילנד,0,1,1
2021-05-01T00:00:00.000Z,שוויץ,0,5,5
2021-05-01T00:00:00.000Z,שוודיה,0,5,5
2021-05-01T00:00:00.000Z,רוסיה,3,4,7
2021-05-01T00:00:00.000Z,רומניה,0,3,3
2021-05-01T00:00:00.000Z,רואנדה,0,5,5
2021-05-01T00:00:00.000Z,קרואטיה,1,8,9
2021-05-01T00:00:00.000Z,קפריסין,10,163,173
2021-05-01T00:00:00.000Z,קניה,0,7,7
2021-05-01T00:00:00.000Z,קנדה,1,10,11
2021-05-01T00:00:00.000Z,קזחסטאן,0,1,1
2021-05-01T00:00:00.000Z,קוריאה הדרומית,0,3,3
2021-05-01T00:00:00.000Z,קוסטה ריקה,0,3,3
2021-05-01T00:00:00.000Z,קולומביה,0,3,3
2021-05-01T00:00:00.000Z,צרפת,1,72,73
2021-05-01T00:00:00.000Z,צכיה,0,9,9
2021-05-01T00:00:00.000Z,פינלנד,0,5,5
2021-05-01T00:00:00.000Z,פיליפינים,0,14,14
2021-05-01T00:00:00.000Z,פורטוגל,1,10,11
2021-05-01T00:00:00.000Z,פורטו ריקו,0,1,1
2021-05-01T00:00:00.000Z,פולין,6,31,37
2021-05-01T00:00:00.000Z,סרי לנקה (צילון),0,2,2
2021-05-01T00:00:00.000Z,סרביה,0,4,4
2021-05-01T00:00:00.000Z,ספרד,0,17,17
2021-05-01T00:00:00.000Z,סלובניה,0,1,1
2021-05-01T00:00:00.000Z,סינגפור,0,2,2
2021-05-01T00:00:00.000Z,סין,0,3,3
2021-05-01T00:00:00.000Z,נפאל,0,4,4
2021-05-01T00:00:00.000Z,ניו זילנד,0,1,1
2021-05-01T00:00:00.000Z,ניגריה,0,3,3
2021-05-01T00:00:00.000Z,נורבגיה,0,1,1
2021-05-01T00:00:00.000Z,לסוטו,0,1,1
2021-05-01T00:00:00.000Z,מקסיקו,2,25,27
2021-05-01T00:00:00.000Z,מצרים,108,672,780
2021-05-01T00:00:00.000Z,מלטה,0,7,7
2021-05-01T00:00:00.000Z,מלדיבים,4,7,11
2021-05-01T00:00:00.000Z,מונטנגרו,0,2,2
2021-05-01T00:00:00.000Z,מולדובה,2,85,87
2021-05-02T00:00:00.000Z,מקסיקו,2,33,35
2021-05-02T00:00:00.000Z,איחוד האמירויות הערב,33,311,344
2021-05-02T00:00:00.000Z,אוזבקיסטן,0,16,16
2021-05-02T00:00:00.000Z,אוסטריה,7,17,24
2021-05-02T00:00:00.000Z,אוקראינה,61,346,407
2021-05-02T00:00:00.000Z,אזרביג'אן,0,12,12
2021-05-02T00:00:00.000Z,איטליה,1,15,16
2021-05-02T00:00:00.000Z,איי סיישל,14,101,115
2021-05-02T00:00:00.000Z,אינדונזיה,0,2,2
2021-05-02T00:00:00.000Z,איסלנד,1,2,3
2021-05-02T00:00:00.000Z,אירלנד,0,4,4
2021-05-02T00:00:00.000Z,ארצות הברית,78,451,529
2021-05-02T00:00:00.000Z,בולגריה,15,161,176
2021-05-02T00:00:00.000Z,בילורוסיה,14,113,127
2021-05-02T00:00:00.000Z,בלגיה,0,9,9
2021-05-02T00:00:00.000Z,ברזיל,0,4,4
2021-05-02T00:00:00.000Z,גאורגיה,50,447,497
2021-05-02T00:00:00.000Z,גרמניה,8,209,217
2021-05-02T00:00:00.000Z,דנמרק,0,2,2
2021-05-02T00:00:00.000Z,הולנד,7,80,87
2021-05-02T00:00:00.000Z,הונגריה,0,1,1
2021-05-02T00:00:00.000Z,הממלכה המאוחדת,24,176,200
2021-05-02T00:00:00.000Z,הרפ הדומיניקנית,0,2,2
2021-05-02T00:00:00.000Z,ונצואלה,0,1,1
2021-05-02T00:00:00.000Z,חוף השנהב,0,1,1
2021-05-02T00:00:00.000Z,טיוואן,0,3,3
2021-05-02T00:00:00.000Z,יוון,12,98,110
2021-05-02T00:00:00.000Z,יפן,0,1,1
2021-05-02T00:00:00.000Z,ירדן,7,70,77
2021-05-02T00:00:00.000Z,כלל המדינות,590,6552,7142
2021-05-02T00:00:00.000Z,לוכסמבורג,0,2,2
2021-05-02T00:00:00.000Z,לטביה,0,1,1
2021-05-02T00:00:00.000Z,מלדיבים,0,22,22
2021-05-02T00:00:00.000Z,מלטה,0,1,1
2021-05-02T00:00:00.000Z,מצרים,55,566,621
2021-05-02T00:00:00.000Z,אוגנדה,0,2,2
2021-05-02T00:00:00.000Z,נורבגיה,0,2,2
2021-05-02T00:00:00.000Z,ניגריה,1,0,1
2021-05-02T00:00:00.000Z,נפאל,2,2,4
2021-05-02T00:00:00.000Z,ספרד,0,13,13
2021-05-02T00:00:00.000Z,סרביה,0,4,4
2021-05-02T00:00:00.000Z,סרי לנקה (צילון),0,3,3
2021-05-02T00:00:00.000Z,תורכמניסטאן,0,1,1
2021-05-02T00:00:00.000Z,תורכיה,36,276,312
2021-05-02T00:00:00.000Z,תוניסיה,1,0,1
2021-05-02T00:00:00.000Z,תאילנד,0,11,11
2021-05-02T00:00:00.000Z,שוויץ,15,99,114
2021-05-02T00:00:00.000Z,שוודיה,0,2,2
2021-05-02T00:00:00.000Z,רוסיה,14,148,162
2021-05-02T00:00:00.000Z,רומניה,7,56,63
2021-05-02T00:00:00.000Z,קרואטיה,2,24,26
2021-05-02T00:00:00.000Z,קפריסין,12,174,186
2021-05-02T00:00:00.000Z,קניה,0,1,1
2021-05-02T00:00:00.000Z,קנדה,8,91,99
2021-05-02T00:00:00.000Z,קירג'זסטאן,0,2,2
2021-05-02T00:00:00.000Z,קזחסטאן,0,1,1
2021-05-02T00:00:00.000Z,קוריאה הדרומית,0,6,6
2021-05-02T00:00:00.000Z,קוסטה ריקה,2,5,7
2021-05-02T00:00:00.000Z,קולומביה,0,2,2
2021-05-02T00:00:00.000Z,צרפת,22,216,238
2021-05-02T00:00:00.000Z,צכיה,0,2,2
2021-05-02T00:00:00.000Z,צ'ילה,0,2,2
2021-05-02T00:00:00.000Z,פרו,0,2,2
2021-05-02T00:00:00.000Z,פינלנד,0,1,1
2021-05-02T00:00:00.000Z,פיליפינים,0,7,7
2021-05-02T00:00:00.000Z,פורטוגל,1,7,8
2021-05-02T00:00:00.000Z,פולין,3,22,25
2021-05-02T00:00:00.000Z,ערב הסעודית,0,1,1
2021-05-02T00:00:00.000Z,עירק,0,1,1
2021-05-03T00:00:00.000Z,סיירה ליאונה,0,2,2
2021-05-03T00:00:00.000Z,איי סיישל,8,142,150
2021-05-03T00:00:00.000Z,איטליה,3,33,36
2021-05-03T00:00:00.000Z,רואנדה,1,7,8
2021-05-03T00:00:00.000Z,רומניה,3,51,54
2021-05-03T00:00:00.000Z,איחוד האמירויות הערב,35,329,364
2021-05-03T00:00:00.000Z,תורכיה,13,61,74
2021-05-03T00:00:00.000Z,תוניסיה,0,1,1
2021-05-03T00:00:00.000Z,תאילנד,0,3,3
2021-05-03T00:00:00.000Z,שוויץ,13,60,73
2021-05-03T00:00:00.000Z,קרואטיה,2,13,15
2021-05-03T00:00:00.000Z,קפריסין,10,109,119
2021-05-03T00:00:00.000Z,קניה,0,5,5
2021-05-03T00:00:00.000Z,קנדה,1,4,5
2021-05-03T00:00:00.000Z,קירג'זסטאן,0,1,1
2021-05-03T00:00:00.000Z,קזחסטאן,0,1,1
2021-05-03T00:00:00.000Z,קוריאה הדרומית,0,1,1
2021-05-03T00:00:00.000Z,קוסטה ריקה,3,10,13
2021-05-03T00:00:00.000Z,קולומביה,0,3,3
2021-05-03T00:00:00.000Z,קובה,0,5,5
2021-05-03T00:00:00.000Z,צרפת,64,395,459
2021-05-03T00:00:00.000Z,צכיה,1,1,2
2021-05-03T00:00:00.000Z,צ'ילה,0,6,6
2021-05-03T00:00:00.000Z,פרו,0,1,1
2021-05-03T00:00:00.000Z,פרגוואי,0,2,2
2021-05-03T00:00:00.000Z,פנמה,0,4,4
2021-05-03T00:00:00.000Z,פיליפינים,0,9,9
2021-05-03T00:00:00.000Z,פורטוגל,0,10,10
2021-05-03T00:00:00.000Z,פולין,7,7,14
2021-05-03T00:00:00.000Z,סרביה,1,2,3
2021-05-03T00:00:00.000Z,ספרד,11,98,109
2021-05-03T00:00:00.000Z,סנגל,0,1,1
2021-05-03T00:00:00.000Z,סינגפור,0,1,1
2021-05-03T00:00:00.000Z,שוודיה,0,3,3
2021-05-03T00:00:00.000Z,סוריה,0,3,3
2021-05-03T00:00:00.000Z,נפאל,0,4,4
2021-05-03T00:00:00.000Z,ניגריה,1,3,4
2021-05-03T00:00:00.000Z,נורבגיה,0,3,3
2021-05-03T00:00:00.000Z,מרוקו,0,3,3
2021-05-03T00:00:00.000Z,מקסיקו,1,12,13
2021-05-03T00:00:00.000Z,מצרים,62,427,489
2021-05-03T00:00:00.000Z,מלטה,0,1,1
2021-05-03T00:00:00.000Z,מלדיבים,0,12,12
2021-05-03T00:00:00.000Z,מונטנגרו,2,15,17
2021-05-03T00:00:00.000Z,ליטא,0,4,4
2021-05-03T00:00:00.000Z,לוכסמבורג,0,1,1
2021-05-03T00:00:00.000Z,כלל המדינות,845,6323,7168
2021-05-03T00:00:00.000Z,ירדן,4,41,45
2021-05-03T00:00:00.000Z,יוון,2,52,54
2021-05-03T00:00:00.000Z,טנזניה,0,4,4
2021-05-03T00:00:00.000Z,חוף השנהב,0,2,2
2021-05-03T00:00:00.000Z,הרפ הדומיניקנית,0,1,1
2021-05-03T00:00:00.000Z,הממלכה המאוחדת,13,93,106
2021-05-03T00:00:00.000Z,הונגריה,12,49,61
2021-05-03T00:00:00.000Z,הונג קונג,0,1,1
2021-05-03T00:00:00.000Z,הולנד,5,44,49
2021-05-03T00:00:00.000Z,הודו,1,232,233
2021-05-03T00:00:00.000Z,דרום אפריקה,0,19,19
2021-05-03T00:00:00.000Z,דנמרק,1,5,6
2021-05-03T00:00:00.000Z,גרמניה,10,134,144
2021-05-03T00:00:00.000Z,גאנה,1,3,4
2021-05-03T00:00:00.000Z,גאורגיה,24,257,281
2021-05-03T00:00:00.000Z,ברזיל,0,10,10
2021-05-03T00:00:00.000Z,בלגיה,0,9,9
2021-05-03T00:00:00.000Z,בילורוסיה,2,0,2
2021-05-03T00:00:00.000Z,בוסניה הרצגובינה,0,1,1
2021-05-03T00:00:00.000Z,בוליביה,0,2,2
2021-05-03T00:00:00.000Z,בולגריה,23,181,204
2021-05-03T00:00:00.000Z,בוטסואנה,0,1,1
2021-05-03T00:00:00.000Z,אתיופיה,1,29,30
2021-05-03T00:00:00.000Z,ארצות הברית,317,982,1299
2021-05-03T00:00:00.000Z,ארגנטינה,0,3,3
2021-05-03T00:00:00.000Z,אקואדור,0,2,2
2021-05-03T00:00:00.000Z,אלבניה,0,1,1
2021-05-03T00:00:00.000Z,אירלנד,0,1,1
2021-05-03T00:00:00.000Z,איסלנד,0,5,5
2021-05-03T00:00:00.000Z,רוסיה,33,421,454
2021-05-03T00:00:00.000Z,אורגוואי,0,4,4
2021-05-03T00:00:00.000Z,אוקראינה,5,46,51
2021-05-03T00:00:00.000Z,אוסטרליה,0,2,2
2021-05-03T00:00:00.000Z,אוסטריה,20,92,112
2021-05-03T00:00:00.000Z,אוגנדה,0,6,6
2021-05-03T00:00:00.000Z,אינדונזיה,0,1,1
2021-05-04T00:00:00.000Z,אוזבקיסטן,1,23,24
2021-05-04T00:00:00.000Z,איחוד האמירויות הערב,24,143,167
2021-05-04T00:00:00.000Z,תורכיה,3,42,45
2021-05-04T00:00:00.000Z,תוניסיה,0,2,2
2021-05-04T00:00:00.000Z,תאילנד,0,4,4
2021-05-04T00:00:00.000Z,שוויץ,1,10,11
2021-05-04T00:00:00.000Z,רוסיה,9,49,58
2021-05-04T00:00:00.000Z,רומניה,5,39,44
2021-05-04T00:00:00.000Z,קרואטיה,0,2,2
2021-05-04T00:00:00.000Z,קניה,0,2,2
2021-05-04T00:00:00.000Z,קזחסטאן,0,3,3
2021-05-04T00:00:00.000Z,קוריאה הדרומית,0,2,2
2021-05-04T00:00:00.000Z,קוסטה ריקה,1,14,15
2021-05-04T00:00:00.000Z,קולומביה,0,7,7
2021-05-04T00:00:00.000Z,צרפת,17,215,232
2021-05-04T00:00:00.000Z,צ'ילה,0,2,2
2021-05-04T00:00:00.000Z,פרו,0,3,3
2021-05-04T00:00:00.000Z,פנמה,0,2,2
2021-05-04T00:00:00.000Z,פינלנד,0,6,6
2021-05-04T00:00:00.000Z,פיליפינים,0,2,2
2021-05-04T00:00:00.000Z,עומן,2,0,2
2021-05-04T00:00:00.000Z,סרביה,0,2,2
2021-05-04T00:00:00.000Z,ספרד,7,35,42
2021-05-04T00:00:00.000Z,סלובניה,0,1,1
2021-05-04T00:00:00.000Z,נפאל,0,2,2
2021-05-04T00:00:00.000Z,ניגריה,1,1,2
2021-05-04T00:00:00.000Z,מרוקו,2,7,9
2021-05-04T00:00:00.000Z,מקסיקו,2,10,12
2021-05-04T00:00:00.000Z,מצרים,61,358,419
2021-05-04T00:00:00.000Z,מלטה,0,1,1
2021-05-04T00:00:00.000Z,מלדיבים,12,201,213
2021-05-04T00:00:00.000Z,מולדובה,0,1,1
2021-05-04T00:00:00.000Z,מאלי,0,2,2
2021-05-04T00:00:00.000Z,לטביה,0,6,6
2021-05-04T00:00:00.000Z,לבנון,0,10,10
2021-05-04T00:00:00.000Z,כלל המדינות,392,3818,4210
2021-05-04T00:00:00.000Z,ירדן,2,54,56
2021-05-04T00:00:00.000Z,יוון,1,53,54
2021-05-04T00:00:00.000Z,חוף השנהב,0,1,1
2021-05-04T00:00:00.000Z,זמביה,1,1,2
2021-05-04T00:00:00.000Z,הממלכה המאוחדת,19,102,121
2021-05-04T00:00:00.000Z,הונגריה,13,35,48
2021-05-04T00:00:00.000Z,דרום אפריקה,1,11,12
2021-05-04T00:00:00.000Z,דנמרק,0,6,6
2021-05-04T00:00:00.000Z,גרמניה,10,135,145
2021-05-04T00:00:00.000Z,גווטאמלה,0,1,1
2021-05-04T00:00:00.000Z,גאורגיה,2,3,5
2021-05-04T00:00:00.000Z,ברזיל,0,10,10
2021-05-04T00:00:00.000Z,בילורוסיה,3,60,63
2021-05-04T00:00:00.000Z,בורונדי,0,1,1
2021-05-04T00:00:00.000Z,בולגריה,0,2,2
2021-05-04T00:00:00.000Z,אתיופיה,1,14,15
2021-05-04T00:00:00.000Z,ארצות הברית,129,556,685
2021-05-04T00:00:00.000Z,ארגנטינה,0,17,17
2021-05-04T00:00:00.000Z,אקואדור,0,1,1
2021-05-04T00:00:00.000Z,אירלנד,0,1,1
2021-05-04T00:00:00.000Z,איי סיישל,0,1,1
2021-05-04T00:00:00.000Z,איטליה,0,15,15
2021-05-04T00:00:00.000Z,אזרביג'אן,1,1,2
2021-05-04T00:00:00.000Z,אורגוואי,0,1,1
2021-05-04T00:00:00.000Z,אוקראינה,20,111,131
2021-05-04T00:00:00.000Z,אוסטריה,0,6,6
2021-05-04T00:00:00.000Z,אוגנדה,0,2,2
2021-05-05T00:00:00.000Z,מוזמביק,1,0,1
2021-05-05T00:00:00.000Z,שוויץ,1,15,16
2021-05-05T00:00:00.000Z,תורכיה,5,55,60
2021-05-05T00:00:00.000Z,שוודיה,1,5,6
2021-05-05T00:00:00.000Z,איטליה,3,36,39
2021-05-05T00:00:00.000Z,רוסיה,6,149,155
2021-05-05T00:00:00.000Z,רומניה,1,66,67
2021-05-05T00:00:00.000Z,קרואטיה,0,9,9
2021-05-05T00:00:00.000Z,קפריסין,10,72,82
2021-05-05T00:00:00.000Z,קניה,1,6,7
2021-05-05T00:00:00.000Z,קנדה,3,90,93
2021-05-05T00:00:00.000Z,קירג'זסטאן,0,1,1
2021-05-05T00:00:00.000Z,קזחסטאן,0,4,4
2021-05-05T00:00:00.000Z,קוסטה ריקה,1,16,17
2021-05-05T00:00:00.000Z,צרפת,26,253,279
2021-05-05T00:00:00.000Z,צכיה,0,4,4
2021-05-05T00:00:00.000Z,פנמה,0,1,1
2021-05-05T00:00:00.000Z,פינלנד,0,3,3
2021-05-05T00:00:00.000Z,פיליפינים,0,3,3
2021-05-05T00:00:00.000Z,פורטוגל,0,9,9
2021-05-05T00:00:00.000Z,פולין,9,31,40
2021-05-05T00:00:00.000Z,ערב הסעודית,0,1,1
2021-05-05T00:00:00.000Z,סרי לנקה (צילון),0,1,1
2021-05-05T00:00:00.000Z,סרביה,0,9,9
2021-05-05T00:00:00.000Z,ספרד,0,7,7
2021-05-05T00:00:00.000Z,סינגפור,0,1,1
2021-05-05T00:00:00.000Z,סין,0,17,17
2021-05-05T00:00:00.000Z,נפאל,0,4,4
2021-05-05T00:00:00.000Z,ניו זילנד,0,2,2
2021-05-05T00:00:00.000Z,ניגריה,1,2,3
2021-05-05T00:00:00.000Z,נורבגיה,0,1,1
2021-05-05T00:00:00.000Z,מקסיקו,5,42,47
2021-05-05T00:00:00.000Z,מצרים,32,294,326
2021-05-05T00:00:00.000Z,מלטה,0,6,6
2021-05-05T00:00:00.000Z,מלדיבים,3,11,14
2021-05-05T00:00:00.000Z,מולדובה,0,1,1
2021-05-05T00:00:00.000Z,תאילנד,0,4,4
2021-05-05T00:00:00.000Z,ליטא,0,4,4
2021-05-05T00:00:00.000Z,כלל המדינות,586,4712,5298
2021-05-05T00:00:00.000Z,ירדן,6,52,58
2021-05-05T00:00:00.000Z,יוון,4,44,48
2021-05-05T00:00:00.000Z,טנזניה,1,4,5
2021-05-05T00:00:00.000Z,טיוואן,0,9,9
2021-05-05T00:00:00.000Z,זמביה,0,1,1
2021-05-05T00:00:00.000Z,זימבאבווה,0,1,1
2021-05-05T00:00:00.000Z,ונצואלה,0,3,3
2021-05-05T00:00:00.000Z,הממלכה המאוחדת,11,29,40
2021-05-05T00:00:00.000Z,הולנד,4,66,70
2021-05-05T00:00:00.000Z,האנטילים ההולנדים,0,2,2
2021-05-05T00:00:00.000Z,דרום אפריקה,3,17,20
2021-05-05T00:00:00.000Z,דרום אמריקה,0,1,1
2021-05-05T00:00:00.000Z,דנמרק,0,4,4
2021-05-05T00:00:00.000Z,גרמניה,20,168,188
2021-05-05T00:00:00.000Z,גווטאמלה,0,1,1
2021-05-05T00:00:00.000Z,גאורגיה,6,76,82
2021-05-05T00:00:00.000Z,ברזיל,0,2,2
2021-05-05T00:00:00.000Z,בלגיה,1,8,9
2021-05-05T00:00:00.000Z,בולגריה,1,1,2
2021-05-05T00:00:00.000Z,בוטסואנה,0,2,2
2021-05-05T00:00:00.000Z,אתיופיה,3,30,33
2021-05-05T00:00:00.000Z,ארצות הברית,302,963,1265
2021-05-05T00:00:00.000Z,ארגנטינה,0,4,4
2021-05-05T00:00:00.000Z,אסטוניה,1,3,4
2021-05-05T00:00:00.000Z,איסלנד,0,6,6
2021-05-05T00:00:00.000Z,איי סיישל,12,111,123
2021-05-05T00:00:00.000Z,אוקראינה,3,66,69
2021-05-05T00:00:00.000Z,אוסטרליה,0,13,13
2021-05-05T00:00:00.000Z,אוסטריה,5,45,50
2021-05-05T00:00:00.000Z,אוזבקיסטן,0,2,2
2021-05-05T00:00:00.000Z,אוגנדה,1,0,1
2021-05-05T00:00:00.000Z,איחוד האמירויות הערב,28,197,225
2021-05-05T00:00:00.000Z,איי ווליס ופוטונה,0,1,1
2021-05-05T00:00:00.000Z,אזרביג'אן,1,10,11
2021-05-06T00:00:00.000Z,מצרים,40,346,386
2021-05-06T00:00:00.000Z,מקסיקו,1,9,10
2021-05-06T00:00:00.000Z,נורבגיה,0,3,3
2021-05-06T00:00:00.000Z,ניגריה,0,4,4
2021-05-06T00:00:00.000Z,נפאל,1,10,11
2021-05-06T00:00:00.000Z,סוריה,0,4,4
2021-05-06T00:00:00.000Z,סיירה ליאונה,1,0,1
2021-05-06T00:00:00.000Z,סין,0,6,6
2021-05-06T00:00:00.000Z,סינגפור,0,2,2
2021-05-06T00:00:00.000Z,סלובניה,0,2,2
2021-05-06T00:00:00.000Z,סנגל,0,4,4
2021-05-06T00:00:00.000Z,ספרד,2,39,41
2021-05-06T00:00:00.000Z,סרביה,0,1,1
2021-05-06T00:00:00.000Z,סרי לנקה (צילון),0,1,1
2021-05-06T00:00:00.000Z,ערב הסעודית,0,3,3
2021-05-06T00:00:00.000Z,פולין,1,6,7
2021-05-06T00:00:00.000Z,פורטוגל,2,5,7
2021-05-06T00:00:00.000Z,פיליפינים,0,13,13
2021-05-06T00:00:00.000Z,פינלנד,1,2,3
2021-05-06T00:00:00.000Z,פנמה,0,9,9
2021-05-06T00:00:00.000Z,פרו,0,3,3
2021-05-06T00:00:00.000Z,צכיה,0,1,1
2021-05-06T00:00:00.000Z,צרפת,37,292,329
2021-05-06T00:00:00.000Z,קולומביה,0,11,11
2021-05-06T00:00:00.000Z,קוסטה ריקה,0,7,7
2021-05-06T00:00:00.000Z,קוריאה הדרומית,0,1,1
2021-05-06T00:00:00.000Z,קזחסטאן,0,5,5
2021-05-06T00:00:00.000Z,קטר,0,3,3
2021-05-06T00:00:00.000Z,קירג'זסטאן,0,1,1
2021-05-06T00:00:00.000Z,קמרון,0,4,4
2021-05-06T00:00:00.000Z,קניה,0,4,4
2021-05-06T00:00:00.000Z,קפריסין,23,195,218
2021-05-06T00:00:00.000Z,קרואטיה,1,6,7
2021-05-06T00:00:00.000Z,רואנדה,0,2,2
2021-05-06T00:00:00.000Z,רומניה,11,35,46
2021-05-06T00:00:00.000Z,רוסיה,7,133,140
2021-05-06T00:00:00.000Z,שוודיה,0,3,3
2021-05-06T00:00:00.000Z,שוויץ,8,50,58
2021-05-06T00:00:00.000Z,תאילנד,1,274,275
2021-05-06T00:00:00.000Z,תורכיה,11,67,78
2021-05-06T00:00:00.000Z,קנדה,0,5,5
2021-05-06T00:00:00.000Z,אוגנדה,0,6,6
2021-05-06T00:00:00.000Z,אוזבקיסטן,1,11,12
2021-05-06T00:00:00.000Z,אוסטריה,4,29,33
2021-05-06T00:00:00.000Z,אוסטרליה,0,3,3
2021-05-06T00:00:00.000Z,אוקראינה,17,108,125
2021-05-06T00:00:00.000Z,אורגוואי,0,3,3
2021-05-06T00:00:00.000Z,אזרביג'אן,3,25,28
2021-05-06T00:00:00.000Z,איטליה,3,18,21
2021-05-06T00:00:00.000Z,איי סיישל,14,86,100
2021-05-06T00:00:00.000Z,אירלנד,0,6,6
2021-05-06T00:00:00.000Z,אלבניה,0,4,4
2021-05-06T00:00:00.000Z,אנגולה,0,3,3
2021-05-06T00:00:00.000Z,אסטוניה,0,3,3
2021-05-06T00:00:00.000Z,ארגנטינה,6,24,30
2021-05-06T00:00:00.000Z,ארמניה,0,1,1
2021-05-06T00:00:00.000Z,ארצות הברית,187,781,968
2021-05-06T00:00:00.000Z,אתיופיה,2,53,55
2021-05-06T00:00:00.000Z,בולגריה,1,23,24
2021-05-06T00:00:00.000Z,בילורוסיה,12,127,139
2021-05-06T00:00:00.000Z,בלגיה,13,75,88
2021-05-06T00:00:00.000Z,ברזיל,0,11,11
2021-05-06T00:00:00.000Z,גאורגיה,29,239,268
2021-05-06T00:00:00.000Z,גאנה,1,8,9
2021-05-06T00:00:00.000Z,גבון,0,1,1
2021-05-06T00:00:00.000Z,גווטאמלה,0,1,1
2021-05-06T00:00:00.000Z,גרמניה,26,171,197
2021-05-06T00:00:00.000Z,דנמרק,2,9,11
2021-05-06T00:00:00.000Z,דרום אמריקה,0,1,1
2021-05-06T00:00:00.000Z,דרום אפריקה,0,15,15
2021-05-06T00:00:00.000Z,הולנד,1,3,4
2021-05-06T00:00:00.000Z,הונגריה,0,1,1
2021-05-06T00:00:00.000Z,הממלכה המאוחדת,38,161,199
2021-05-06T00:00:00.000Z,הרפ הדומיניקנית,0,1,1
2021-05-06T00:00:00.000Z,זאיר,0,1,1
2021-05-06T00:00:00.000Z,איחוד האמירויות הערב,77,351,428
2021-05-06T00:00:00.000Z,זמביה,0,1,1
2021-05-06T00:00:00.000Z,חוף השנהב,2,8,10
2021-05-06T00:00:00.000Z,טיוואן,1,3,4
2021-05-06T00:00:00.000Z,טנזניה,0,3,3
2021-05-06T00:00:00.000Z,יוון,5,73,78
2021-05-06T00:00:00.000Z,ירדן,7,83,90
2021-05-06T00:00:00.000Z,כלל המדינות,705,6492,7197
2021-05-06T00:00:00.000Z,לבנון,0,2,2
2021-05-06T00:00:00.000Z,ליטא,1,4,5
2021-05-06T00:00:00.000Z,לסוטו,0,1,1
2021-05-06T00:00:00.000Z,מאלי,0,2,2
2021-05-06T00:00:00.000Z,מדגסקר,0,2,2
2021-05-06T00:00:00.000Z,מוזמביק,0,1,1
2021-05-06T00:00:00.000Z,מולדובה,2,102,104
2021-05-06T00:00:00.000Z,מלדיבים,0,15,15
2021-05-06T00:00:00.000Z,זימבאבווה,0,2,2
2021-05-07T00:00:00.000Z,תורכיה,1,19,20
2021-05-07T00:00:00.000Z,שוויץ,17,98,115
2021-05-07T00:00:00.000Z,שוודיה,0,4,4
2021-05-07T00:00:00.000Z,רוסיה,29,270,299
2021-05-07T00:00:00.000Z,רומניה,0,1,1
2021-05-07T00:00:00.000Z,קפריסין,14,83,97
2021-05-07T00:00:00.000Z,קנדה,3,44,47
2021-05-07T00:00:00.000Z,קטר,0,1,1
2021-05-07T00:00:00.000Z,קזחסטאן,1,6,7
2021-05-07T00:00:00.000Z,קוריאה הדרומית,0,1,1
2021-05-07T00:00:00.000Z,קוסטה ריקה,0,6,6
2021-05-07T00:00:00.000Z,קולומביה,0,2,2
2021-05-07T00:00:00.000Z,צרפת,86,195,281
2021-05-07T00:00:00.000Z,צכיה,1,6,7
2021-05-07T00:00:00.000Z,פרו,0,1,1
2021-05-07T00:00:00.000Z,פנמה,0,6,6
2021-05-07T00:00:00.000Z,פינלנד,0,8,8
2021-05-07T00:00:00.000Z,פורטוגל,3,14,17
2021-05-07T00:00:00.000Z,פולין,11,39,50
2021-05-07T00:00:00.000Z,סרביה,1,4,5
2021-05-07T00:00:00.000Z,ספרד,1,25,26
2021-05-07T00:00:00.000Z,סלובניה,0,1,1
2021-05-07T00:00:00.000Z,סוריה,0,6,6
2021-05-07T00:00:00.000Z,נפאל,0,4,4
2021-05-07T00:00:00.000Z,ניו זילנד,0,2,2
2021-05-07T00:00:00.000Z,נורבגיה,0,2,2
2021-05-07T00:00:00.000Z,מרוקו,0,5,5
2021-05-07T00:00:00.000Z,מקסיקו,1,20,21
2021-05-07T00:00:00.000Z,מצרים,39,260,299
2021-05-07T00:00:00.000Z,מלטה,2,3,5
2021-05-07T00:00:00.000Z,מלדיבים,0,8,8
2021-05-07T00:00:00.000Z,מונטנגרו,2,27,29
2021-05-07T00:00:00.000Z,מולדובה,0,2,2
2021-05-07T00:00:00.000Z,תאילנד,2,7,9
2021-05-07T00:00:00.000Z,לטביה,0,6,6
2021-05-07T00:00:00.000Z,כלל המדינות,774,5475,6249
2021-05-07T00:00:00.000Z,יוון,4,88,92
2021-05-07T00:00:00.000Z,הרפ הדומיניקנית,0,1,1
2021-05-07T00:00:00.000Z,הממלכה המאוחדת,17,67,84
2021-05-07T00:00:00.000Z,הונגריה,22,53,75
2021-05-07T00:00:00.000Z,הולנד,4,51,55
2021-05-07T00:00:00.000Z,הודו,0,1,1
2021-05-07T00:00:00.000Z,דרום אמריקה,0,1,1
2021-05-07T00:00:00.000Z,דנמרק,0,1,1
2021-05-07T00:00:00.000Z,גרמניה,7,140,147
2021-05-07T00:00:00.000Z,גאורגיה,31,194,225
2021-05-07T00:00:00.000Z,ברזיל,0,5,5
2021-05-07T00:00:00.000Z,בלגיה,1,5,6
2021-05-07T00:00:00.000Z,בילורוסיה,0,5,5
2021-05-07T00:00:00.000Z,בחריין,0,1,1
2021-05-07T00:00:00.000Z,בולגריה,13,107,120
2021-05-07T00:00:00.000Z,ארצות הברית,330,1022,1352
2021-05-07T00:00:00.000Z,ארמניה,0,1,1
2021-05-07T00:00:00.000Z,אסטוניה,1,2,3
2021-05-07T00:00:00.000Z,אנגולה,0,1,1
2021-05-07T00:00:00.000Z,אלבניה,0,3,3
2021-05-07T00:00:00.000Z,איסלנד,0,2,2
2021-05-07T00:00:00.000Z,אינדונזיה,0,1,1
2021-05-07T00:00:00.000Z,איי סיישל,0,1,1
2021-05-07T00:00:00.000Z,איטליה,4,48,52
2021-05-07T00:00:00.000Z,אזרביג'אן,0,1,1
2021-05-07T00:00:00.000Z,אוקראינה,6,54,60
2021-05-07T00:00:00.000Z,אוסטרליה,0,2,2
2021-05-07T00:00:00.000Z,אוסטריה,7,59,66
2021-05-07T00:00:00.000Z,אוזבקיסטן,0,3,3
2021-05-07T00:00:00.000Z,איחוד האמירויות הערב,29,166,195
2021-05-07T00:00:00.000Z,ליטא,0,4,4
2021-05-08T00:00:00.000Z,אוזבקיסטן,0,2,2
2021-05-08T00:00:00.000Z,אוגנדה,0,7,7
2021-05-08T00:00:00.000Z,טנזניה,0,1,1
2021-05-08T00:00:00.000Z,יוון,1,7,8
2021-05-08T00:00:00.000Z,זאיר,0,2,2
2021-05-08T00:00:00.000Z,הרפ הדומיניקנית,0,2,2
2021-05-08T00:00:00.000Z,הממלכה המאוחדת,3,26,29
2021-05-08T00:00:00.000Z,הונגריה,0,1,1
2021-05-08T00:00:00.000Z,האנטילים ההולנדים,0,1,1
2021-05-08T00:00:00.000Z,דרום אפריקה,0,9,9
2021-05-08T00:00:00.000Z,דנמרק,0,5,5
2021-05-08T00:00:00.000Z,איחוד האמירויות הערב,19,156,175
2021-05-08T00:00:00.000Z,גרמניה,12,173,185
2021-05-08T00:00:00.000Z,יפן,0,2,2
2021-05-08T00:00:00.000Z,ירדן,0,1,1
2021-05-08T00:00:00.000Z,כלל המדינות,197,2524,2721
2021-05-08T00:00:00.000Z,לבנון,0,1,1
2021-05-08T00:00:00.000Z,לטביה,0,1,1
2021-05-08T00:00:00.000Z,לסוטו,0,1,1
2021-05-08T00:00:00.000Z,מוזמביק,0,2,2
2021-05-08T00:00:00.000Z,מלאווי,0,1,1
2021-05-08T00:00:00.000Z,מלדיבים,0,3,3
2021-05-08T00:00:00.000Z,מצרים,44,499,543
2021-05-08T00:00:00.000Z,מקסיקו,0,4,4
2021-05-08T00:00:00.000Z,ניגריה,1,8,9
2021-05-08T00:00:00.000Z,ניו זילנד,0,1,1
2021-05-08T00:00:00.000Z,נמיביה,0,2,2
2021-05-08T00:00:00.000Z,סין,0,5,5
2021-05-08T00:00:00.000Z,סינגפור,0,1,1
2021-05-08T00:00:00.000Z,סנגל,0,1,1
2021-05-08T00:00:00.000Z,ספרד,1,4,5
2021-05-08T00:00:00.000Z,סרביה,0,1,1
2021-05-08T00:00:00.000Z,פולין,0,18,18
2021-05-08T00:00:00.000Z,פורטוגל,1,18,19
2021-05-08T00:00:00.000Z,פיליפינים,0,6,6
2021-05-08T00:00:00.000Z,פינלנד,1,6,7
2021-05-08T00:00:00.000Z,צכיה,0,6,6
2021-05-08T00:00:00.000Z,צרפת,6,71,77
2021-05-08T00:00:00.000Z,קוסטה ריקה,0,3,3
2021-05-08T00:00:00.000Z,קוריאה הדרומית,0,6,6
2021-05-08T00:00:00.000Z,קזחסטאן,0,1,1
2021-05-08T00:00:00.000Z,קנדה,0,1,1
2021-05-08T00:00:00.000Z,קניה,0,8,8
2021-05-08T00:00:00.000Z,קפריסין,5,90,95
2021-05-08T00:00:00.000Z,קרואטיה,2,3,5
2021-05-08T00:00:00.000Z,רומניה,3,54,57
2021-05-08T00:00:00.000Z,רפ מרכז אפריקנית,0,1,1
2021-05-08T00:00:00.000Z,שוודיה,0,3,3
2021-05-08T00:00:00.000Z,שוויץ,1,7,8
2021-05-08T00:00:00.000Z,תאילנד,0,4,4
2021-05-08T00:00:00.000Z,תורכיה,1,26,27
2021-05-08T00:00:00.000Z,גינאה,1,0,1
2021-05-08T00:00:00.000Z,גאנה,0,4,4
2021-05-08T00:00:00.000Z,גאורגיה,0,2,2
2021-05-08T00:00:00.000Z,ברזיל,0,3,3
2021-05-08T00:00:00.000Z,בלגיה,0,8,8
2021-05-08T00:00:00.000Z,בילורוסיה,0,1,1
2021-05-08T00:00:00.000Z,אתיופיה,5,31,36
2021-05-08T00:00:00.000Z,ארצות הברית,58,685,743
2021-05-08T00:00:00.000Z,זמביה,0,4,4
2021-05-08T00:00:00.000Z,ארגנטינה,0,1,1
2021-05-08T00:00:00.000Z,אסטוניה,0,2,2
2021-05-08T00:00:00.000Z,אנגולה,0,1,1
2021-05-08T00:00:00.000Z,אירלנד,0,7,7
2021-05-08T00:00:00.000Z,איי סיישל,3,61,64
2021-05-08T00:00:00.000Z,איטליה,3,19,22
2021-05-08T00:00:00.000Z,אורגוואי,0,1,1
2021-05-08T00:00:00.000Z,אוקראינה,2,79,81
2021-05-08T00:00:00.000Z,אוסטרליה,0,1,1
2021-05-08T00:00:00.000Z,אוסטריה,5,35,40
2021-05-08T00:00:00.000Z,חוף השנהב,0,1,1
2021-05-09T00:00:00.000Z,תורכיה,11,74,85
2021-05-09T00:00:00.000Z,אוזבקיסטן,0,12,12
2021-05-09T00:00:00.000Z,אוסטריה,7,20,27
2021-05-09T00:00:00.000Z,אוסטרליה,0,5,5
2021-05-09T00:00:00.000Z,אוקראינה,4,69,73
2021-05-09T00:00:00.000Z,אזרביג'אן,3,15,18
2021-05-09T00:00:00.000Z,איטליה,1,44,45
2021-05-09T00:00:00.000Z,איי סיישל,3,141,144
2021-05-09T00:00:00.000Z,אינדונזיה,0,3,3
2021-05-09T00:00:00.000Z,איסלנד,0,6,6
2021-05-09T00:00:00.000Z,אירלנד,0,1,1
2021-05-09T00:00:00.000Z,אל סלבדור,0,1,1
2021-05-09T00:00:00.000Z,אנגולה,0,1,1
2021-05-09T00:00:00.000Z,ארצות הברית,118,511,629
2021-05-09T00:00:00.000Z,בולגריה,6,117,123
2021-05-09T00:00:00.000Z,בחריין,0,1,1
2021-05-09T00:00:00.000Z,בילורוסיה,33,177,210
2021-05-09T00:00:00.000Z,בלגיה,1,5,6
2021-05-09T00:00:00.000Z,ברזיל,0,2,2
2021-05-09T00:00:00.000Z,גאורגיה,43,364,407
2021-05-09T00:00:00.000Z,גאנה,1,3,4
2021-05-09T00:00:00.000Z,גרמניה,17,217,234
2021-05-09T00:00:00.000Z,דנמרק,0,5,5
2021-05-09T00:00:00.000Z,דרום אפריקה,3,78,81
2021-05-09T00:00:00.000Z,הולנד,15,99,114
2021-05-09T00:00:00.000Z,הממלכה המאוחדת,38,162,200
2021-05-09T00:00:00.000Z,ויטנאם,0,1,1
2021-05-09T00:00:00.000Z,טיוואן,0,1,1
2021-05-09T00:00:00.000Z,יוון,20,220,240
2021-05-09T00:00:00.000Z,יפן,0,1,1
2021-05-09T00:00:00.000Z,ירדן,13,106,119
2021-05-09T00:00:00.000Z,כלל המדינות,668,7189,7857
2021-05-09T00:00:00.000Z,לוכסמבורג,0,1,1
2021-05-09T00:00:00.000Z,לטביה,0,1,1
2021-05-09T00:00:00.000Z,ליטא,0,2,2
2021-05-09T00:00:00.000Z,אוגנדה,0,1,1
2021-05-09T00:00:00.000Z,מונטנגרו,0,5,5
2021-05-09T00:00:00.000Z,מונקו,0,1,1
2021-05-09T00:00:00.000Z,מלדיבים,0,13,13
2021-05-09T00:00:00.000Z,מצרים,85,646,731
2021-05-09T00:00:00.000Z,מקסיקו,1,13,14
2021-05-09T00:00:00.000Z,מרוקו,0,2,2
2021-05-09T00:00:00.000Z,נורבגיה,0,1,1
2021-05-09T00:00:00.000Z,ניגריה,0,1,1
2021-05-09T00:00:00.000Z,סינגפור,0,1,1
2021-05-09T00:00:00.000Z,ספרד,0,12,12
2021-05-09T00:00:00.000Z,סרביה,4,14,18
2021-05-09T00:00:00.000Z,סרי לנקה (צילון),0,2,2
2021-05-09T00:00:00.000Z,ערב הסעודית,0,2,2
2021-05-09T00:00:00.000Z,פולין,10,33,43
2021-05-09T00:00:00.000Z,פורטו ריקו,0,1,1
2021-05-09T00:00:00.000Z,פורטוגל,0,13,13
2021-05-09T00:00:00.000Z,פיליפינים,0,10,10
2021-05-09T00:00:00.000Z,פינלנד,0,5,5
2021-05-09T00:00:00.000Z,פרו,0,1,1
2021-05-09T00:00:00.000Z,צכיה,0,2,2
2021-05-09T00:00:00.000Z,צרפת,40,272,312
2021-05-09T00:00:00.000Z,קולומביה,0,1,1
2021-05-09T00:00:00.000Z,קוסטה ריקה,0,3,3
2021-05-09T00:00:00.000Z,קוריאה הדרומית,0,12,12
2021-05-09T00:00:00.000Z,קירג'זסטאן,0,1,1
2021-05-09T00:00:00.000Z,איחוד האמירויות הערב,28,224,252
2021-05-09T00:00:00.000Z,קנדה,5,13,18
2021-05-09T00:00:00.000Z,קניה,0,2,2
2021-05-09T00:00:00.000Z,קפריסין,13,175,188
2021-05-09T00:00:00.000Z,קרואטיה,0,2,2
2021-05-09T00:00:00.000Z,רומניה,5,64,69
2021-05-09T00:00:00.000Z,רוסיה,11,114,125
2021-05-09T00:00:00.000Z,שוודיה,1,6,7
2021-05-09T00:00:00.000Z,שוויץ,7,45,52
2021-05-09T00:00:00.000Z,תאילנד,2,0,2
2021-05-09T00:00:00.000Z,מולדובה,2,8,10
2021-05-10T00:00:00.000Z,קנדה,0,6,6
2021-05-10T00:00:00.000Z,קניה,2,10,12
2021-05-10T00:00:00.000Z,קפריסין,5,78,83
2021-05-10T00:00:00.000Z,קרואטיה,2,5,7
2021-05-10T00:00:00.000Z,רואנדה,0,3,3
2021-05-10T00:00:00.000Z,רומניה,7,61,68
2021-05-10T00:00:00.000Z,רוסיה,20,396,416
2021-05-10T00:00:00.000Z,אוסטריה,15,73,88
2021-05-10T00:00:00.000Z,שוויץ,9,69,78
2021-05-10T00:00:00.000Z,תאילנד,0,1,1
2021-05-10T00:00:00.000Z,תוניסיה,1,0,1
2021-05-10T00:00:00.000Z,תורכיה,6,41,47
2021-05-10T00:00:00.000Z,אוזבקיסטן,0,5,5
2021-05-10T00:00:00.000Z,אוסטרליה,1,7,8
2021-05-10T00:00:00.000Z,אוקראינה,6,68,74
2021-05-10T00:00:00.000Z,אורגוואי,0,1,1
2021-05-10T00:00:00.000Z,אזרביג'אן,2,12,14
2021-05-10T00:00:00.000Z,איטליה,3,41,44
2021-05-10T00:00:00.000Z,איי ווליס ופוטונה,0,1,1
2021-05-10T00:00:00.000Z,איי סיישל,10,143,153
2021-05-10T00:00:00.000Z,אלבניה,0,2,2
2021-05-10T00:00:00.000Z,אסטוניה,2,3,5
2021-05-10T00:00:00.000Z,אקואדור,0,1,1
2021-05-10T00:00:00.000Z,ארגנטינה,4,1,5
2021-05-10T00:00:00.000Z,ארמניה,0,3,3
2021-05-10T00:00:00.000Z,אוגנדה,0,5,5
2021-05-10T00:00:00.000Z,ארצות הברית,371,1209,1580
2021-05-10T00:00:00.000Z,אתיופיה,5,36,41
2021-05-10T00:00:00.000Z,בוטסואנה,0,2,2
2021-05-10T00:00:00.000Z,בולגריה,24,263,287
2021-05-10T00:00:00.000Z,בוליביה,0,1,1
2021-05-10T00:00:00.000Z,בוסניה הרצגובינה,0,1,1
2021-05-10T00:00:00.000Z,בילורוסיה,1,0,1
2021-05-10T00:00:00.000Z,בלגיה,2,23,25
2021-05-10T00:00:00.000Z,ברזיל,0,2,2
2021-05-10T00:00:00.000Z,גאורגיה,23,205,228
2021-05-10T00:00:00.000Z,גאנה,2,7,9
2021-05-10T00:00:00.000Z,גרמניה,22,144,166
2021-05-10T00:00:00.000Z,דנמרק,0,2,2
2021-05-10T00:00:00.000Z,דרום אמריקה,0,2,2
2021-05-10T00:00:00.000Z,דרום אפריקה,1,10,11
2021-05-10T00:00:00.000Z,דרום סודאן,0,1,1
2021-05-10T00:00:00.000Z,האנטילים ההולנדים,0,1,1
2021-05-10T00:00:00.000Z,הודו,0,64,64
2021-05-10T00:00:00.000Z,הולנד,11,50,61
2021-05-10T00:00:00.000Z,הונג קונג,1,3,4
2021-05-10T00:00:00.000Z,הונגריה,11,52,63
2021-05-10T00:00:00.000Z,הונדורס,0,2,2
2021-05-10T00:00:00.000Z,הממלכה המאוחדת,17,126,143
2021-05-10T00:00:00.000Z,זמביה,0,5,5
2021-05-10T00:00:00.000Z,טג'יקיסטאן,0,2,2
2021-05-10T00:00:00.000Z,טיוואן,0,4,4
2021-05-10T00:00:00.000Z,טנזניה,1,6,7
2021-05-10T00:00:00.000Z,יוון,23,245,268
2021-05-10T00:00:00.000Z,יפן,0,1,1
2021-05-10T00:00:00.000Z,ירדן,14,78,92
2021-05-10T00:00:00.000Z,כלל המדינות,896,7108,8004
2021-05-10T00:00:00.000Z,לוכסמבורג,0,1,1
2021-05-10T00:00:00.000Z,לטביה,1,0,1
2021-05-10T00:00:00.000Z,ליטא,0,3,3
2021-05-10T00:00:00.000Z,מלדיבים,1,22,23
2021-05-10T00:00:00.000Z,מלטה,1,0,1
2021-05-10T00:00:00.000Z,מצרים,37,424,461
2021-05-10T00:00:00.000Z,מקדוניה,1,4,5
2021-05-10T00:00:00.000Z,מקסיקו,0,17,17
2021-05-10T00:00:00.000Z,ניגריה,0,6,6
2021-05-10T00:00:00.000Z,סין,0,1,1
2021-05-10T00:00:00.000Z,סינגפור,0,2,2
2021-05-10T00:00:00.000Z,סלובניה,0,5,5
2021-05-10T00:00:00.000Z,סן מרינו,0,3,3
2021-05-10T00:00:00.000Z,ספרד,3,53,56
2021-05-10T00:00:00.000Z,סרביה,1,3,4
2021-05-10T00:00:00.000Z,ערב הסעודית,0,4,4
2021-05-10T00:00:00.000Z,פולין,1,8,9
2021-05-10T00:00:00.000Z,איחוד האמירויות הערב,25,229,254
2021-05-10T00:00:00.000Z,פורטוגל,1,21,22
2021-05-10T00:00:00.000Z,פיליפינים,0,10,10
2021-05-10T00:00:00.000Z,פינלנד,0,3,3
2021-05-10T00:00:00.000Z,פנמה,1,10,11
2021-05-10T00:00:00.000Z,פרו,0,2,2
2021-05-10T00:00:00.000Z,צ'ילה,0,5,5
2021-05-10T00:00:00.000Z,צכיה,0,9,9
2021-05-10T00:00:00.000Z,צרפת,74,338,412
2021-05-10T00:00:00.000Z,קולומביה,2,5,7
2021-05-10T00:00:00.000Z,קוסטה ריקה,0,5,5
2021-05-10T00:00:00.000Z,קטר,0,2,2
2021-05-10T00:00:00.000Z,שוודיה,0,4,4
2021-05-11T00:00:00.000Z,ניגריה,0,2,2
2021-05-11T00:00:00.000Z,ספרד,2,32,34
2021-05-11T00:00:00.000Z,סרביה,0,6,6
2021-05-11T00:00:00.000Z,עירק,1,1,2
2021-05-11T00:00:00.000Z,ערב הסעודית,1,0,1
2021-05-11T00:00:00.000Z,פולין,0,1,1
2021-05-11T00:00:00.000Z,פורטוגל,0,2,2
2021-05-11T00:00:00.000Z,מולדובה,8,72,80
2021-05-11T00:00:00.000Z,ליטא,0,3,3
2021-05-11T00:00:00.000Z,ליבריה,0,1,1
2021-05-11T00:00:00.000Z,לטביה,0,6,6
2021-05-11T00:00:00.000Z,כלל המדינות,457,4162,4619
2021-05-11T00:00:00.000Z,ירדן,9,76,85
2021-05-11T00:00:00.000Z,יפן,0,1,1
2021-05-11T00:00:00.000Z,יוון,13,141,154
2021-05-11T00:00:00.000Z,זימבאבווה,0,2,2
2021-05-11T00:00:00.000Z,זאיר,0,1,1
2021-05-11T00:00:00.000Z,הממלכה המאוחדת,19,66,85
2021-05-11T00:00:00.000Z,פיליפינים,0,4,4
2021-05-11T00:00:00.000Z,צרפת,42,242,284
2021-05-11T00:00:00.000Z,קוסטה ריקה,0,3,3
2021-05-11T00:00:00.000Z,קוריאה הדרומית,0,6,6
2021-05-11T00:00:00.000Z,קזחסטאן,0,3,3
2021-05-11T00:00:00.000Z,קירג'זסטאן,0,1,1
2021-05-11T00:00:00.000Z,קמרון,0,2,2
2021-05-11T00:00:00.000Z,קנדה,1,4,5
2021-05-11T00:00:00.000Z,קניה,1,4,5
2021-05-11T00:00:00.000Z,איחוד האמירויות הערב,16,174,190
2021-05-11T00:00:00.000Z,קפריסין,7,60,67
2021-05-11T00:00:00.000Z,קרואטיה,0,2,2
2021-05-11T00:00:00.000Z,רומניה,6,30,36
2021-05-11T00:00:00.000Z,רוסיה,2,53,55
2021-05-11T00:00:00.000Z,שוודיה,1,4,5
2021-05-11T00:00:00.000Z,שוויץ,1,13,14
2021-05-11T00:00:00.000Z,תאילנד,0,7,7
2021-05-11T00:00:00.000Z,תורכיה,4,33,37
2021-05-11T00:00:00.000Z,בהמס,0,1,1
2021-05-11T00:00:00.000Z,מלדיבים,0,13,13
2021-05-11T00:00:00.000Z,מלטה,0,1,1
2021-05-11T00:00:00.000Z,מצרים,30,344,374
2021-05-11T00:00:00.000Z,אוגנדה,0,8,8
2021-05-11T00:00:00.000Z,אוזבקיסטן,1,30,31
2021-05-11T00:00:00.000Z,אוסטריה,4,2,6
2021-05-11T00:00:00.000Z,אוקראינה,1,30,31
2021-05-11T00:00:00.000Z,אורגוואי,3,0,3
2021-05-11T00:00:00.000Z,אזרביג'אן,1,10,11
2021-05-11T00:00:00.000Z,איטליה,0,1,1
2021-05-11T00:00:00.000Z,איי הבתולה,0,2,2
2021-05-11T00:00:00.000Z,אירלנד,0,3,3
2021-05-11T00:00:00.000Z,אלבניה,0,1,1
2021-05-11T00:00:00.000Z,אנגולה,0,1,1
2021-05-11T00:00:00.000Z,אנטיגואה וברבודה,1,1,2
2021-05-11T00:00:00.000Z,אסטוניה,0,1,1
2021-05-11T00:00:00.000Z,אקואדור,0,8,8
2021-05-11T00:00:00.000Z,ארגנטינה,1,12,13
2021-05-11T00:00:00.000Z,ארצות הברית,156,620,776
2021-05-11T00:00:00.000Z,אתיופיה,1,27,28
2021-05-11T00:00:00.000Z,מקסיקו,0,3,3
2021-05-11T00:00:00.000Z,בולגריה,2,22,24
2021-05-11T00:00:00.000Z,בוליביה,0,1,1
2021-05-11T00:00:00.000Z,בחריין,0,2,2
2021-05-11T00:00:00.000Z,בילורוסיה,7,80,87
2021-05-11T00:00:00.000Z,בלגיה,0,5,5
2021-05-11T00:00:00.000Z,ברזיל,2,7,9
2021-05-11T00:00:00.000Z,גאורגיה,3,65,68
2021-05-11T00:00:00.000Z,גאנה,1,3,4
2021-05-11T00:00:00.000Z,גרמניה,15,79,94
2021-05-11T00:00:00.000Z,דנמרק,0,2,2
2021-05-11T00:00:00.000Z,דרום אמריקה,0,1,1
2021-05-11T00:00:00.000Z,דרום אפריקה,3,12,15
2021-05-11T00:00:00.000Z,הולנד,1,0,1
2021-05-11T00:00:00.000Z,הונג קונג,1,0,1
2021-05-11T00:00:00.000Z,הונגריה,27,44,71
2021-05-12T00:00:00.000Z,ירדן,3,13,16
2021-05-12T00:00:00.000Z,איחוד האמירויות הערב,22,127,149
2021-05-12T00:00:00.000Z,אוזבקיסטן,0,16,16
2021-05-12T00:00:00.000Z,אוסטריה,0,1,1
2021-05-12T00:00:00.000Z,אוסטרליה,0,7,7
2021-05-12T00:00:00.000Z,אוקראינה,2,54,56
2021-05-12T00:00:00.000Z,אזרביג'אן,0,2,2
2021-05-12T00:00:00.000Z,איטליה,1,16,17
2021-05-12T00:00:00.000Z,איי סיישל,9,83,92
2021-05-12T00:00:00.000Z,אירלנד,0,2,2
2021-05-12T00:00:00.000Z,אלבניה,0,1,1
2021-05-12T00:00:00.000Z,אנגולה,0,1,1
2021-05-12T00:00:00.000Z,ארגנטינה,2,3,5
2021-05-12T00:00:00.000Z,ארצות הברית,238,638,876
2021-05-12T00:00:00.000Z,אתיופיה,1,20,21
2021-05-12T00:00:00.000Z,בוטסואנה,0,3,3
2021-05-12T00:00:00.000Z,בולגריה,3,0,3
2021-05-12T00:00:00.000Z,בילורוסיה,2,3,5
2021-05-12T00:00:00.000Z,בלגיה,2,29,31
2021-05-12T00:00:00.000Z,ברבדוס,0,1,1
2021-05-12T00:00:00.000Z,גאורגיה,5,30,35
2021-05-12T00:00:00.000Z,גאנה,1,0,1
2021-05-12T00:00:00.000Z,גרמניה,8,86,94
2021-05-12T00:00:00.000Z,דרום אפריקה,1,6,7
2021-05-12T00:00:00.000Z,הולנד,0,2,2
2021-05-12T00:00:00.000Z,הונגריה,0,1,1
2021-05-12T00:00:00.000Z,הממלכה המאוחדת,16,160,176
2021-05-12T00:00:00.000Z,ונצואלה,1,2,3
2021-05-12T00:00:00.000Z,זאיר,0,1,1
2021-05-12T00:00:00.000Z,זימבאבווה,0,1,1
2021-05-12T00:00:00.000Z,זמביה,0,1,1
2021-05-12T00:00:00.000Z,טיוואן,0,4,4
2021-05-12T00:00:00.000Z,יוון,4,81,85
2021-05-12T00:00:00.000Z,יפן,0,1,1
2021-05-12T00:00:00.000Z,אוגנדה,0,1,1
2021-05-12T00:00:00.000Z,כלל המדינות,469,3292,3761
2021-05-12T00:00:00.000Z,לבנון,0,1,1
2021-05-12T00:00:00.000Z,ליבריה,0,1,1
2021-05-12T00:00:00.000Z,מולדובה,0,2,2
2021-05-12T00:00:00.000Z,מונטנגרו,3,22,25
2021-05-12T00:00:00.000Z,מלדיבים,0,8,8
2021-05-12T00:00:00.000Z,מצרים,30,222,252
2021-05-12T00:00:00.000Z,מקסיקו,0,13,13
2021-05-12T00:00:00.000Z,ניגריה,0,4,4
2021-05-12T00:00:00.000Z,סין,5,26,31
2021-05-12T00:00:00.000Z,סינגפור,0,5,5
2021-05-12T00:00:00.000Z,סלובניה,0,1,1
2021-05-12T00:00:00.000Z,ספרד,0,2,2
2021-05-12T00:00:00.000Z,סרביה,1,1,2
2021-05-12T00:00:00.000Z,סרי לנקה (צילון),0,3,3
2021-05-12T00:00:00.000Z,פולין,3,38,41
2021-05-12T00:00:00.000Z,פורטוגל,0,1,1
2021-05-12T00:00:00.000Z,פיליפינים,1,3,4
2021-05-12T00:00:00.000Z,פינלנד,0,2,2
2021-05-12T00:00:00.000Z,צכיה,0,1,1
2021-05-12T00:00:00.000Z,צרפת,34,215,249
2021-05-12T00:00:00.000Z,קוסובו,1,1,2
2021-05-12T00:00:00.000Z,קוריאה הדרומית,0,5,5
2021-05-12T00:00:00.000Z,קטר,0,1,1
2021-05-12T00:00:00.000Z,קנדה,0,4,4
2021-05-12T00:00:00.000Z,קניה,1,6,7
2021-05-12T00:00:00.000Z,קפריסין,5,79,84
2021-05-12T00:00:00.000Z,רואנדה,0,2,2
2021-05-12T00:00:00.000Z,רומניה,5,74,79
2021-05-12T00:00:00.000Z,רוסיה,0,3,3
2021-05-12T00:00:00.000Z,שוויץ,1,11,12
2021-05-12T00:00:00.000Z,תאילנד,0,5,5
2021-05-12T00:00:00.000Z,תורכיה,4,23,27
2021-05-13T00:00:00.000Z,בלגיה,34,112,146
2021-05-13T00:00:00.000Z,אוגנדה,0,2,2
2021-05-13T00:00:00.000Z,בוטסואנה,0,3,3
2021-05-13T00:00:00.000Z,בולגריה,9,102,111
2021-05-13T00:00:00.000Z,גאורגיה,34,217,251
2021-05-13T00:00:00.000Z,גאנה,3,1,4
2021-05-13T00:00:00.000Z,גרמניה,3,46,49
2021-05-13T00:00:00.000Z,דרום אפריקה,1,17,18
2021-05-13T00:00:00.000Z,הולנד,0,3,3
2021-05-13T00:00:00.000Z,הונגריה,0,1,1
2021-05-13T00:00:00.000Z,הממלכה המאוחדת,11,69,80
2021-05-13T00:00:00.000Z,זימבאבווה,1,3,4
2021-05-13T00:00:00.000Z,זמביה,3,6,9
2021-05-13T00:00:00.000Z,טוגו,0,1,1
2021-05-13T00:00:00.000Z,טיוואן,0,1,1
2021-05-13T00:00:00.000Z,טנזניה,1,1,2
2021-05-13T00:00:00.000Z,יוון,16,134,150
2021-05-13T00:00:00.000Z,ירדן,2,15,17
2021-05-13T00:00:00.000Z,כלל המדינות,616,3487,4103
2021-05-13T00:00:00.000Z,לטביה,0,1,1
2021-05-13T00:00:00.000Z,ליטא,1,1,2
2021-05-13T00:00:00.000Z,מדגסקר,0,2,2
2021-05-13T00:00:00.000Z,מלדיבים,0,11,11
2021-05-13T00:00:00.000Z,מצרים,22,217,239
2021-05-13T00:00:00.000Z,מקסיקו,1,5,6
2021-05-13T00:00:00.000Z,מרוקו,0,6,6
2021-05-13T00:00:00.000Z,ניגריה,2,3,5
2021-05-13T00:00:00.000Z,סוריה,0,3,3
2021-05-13T00:00:00.000Z,ספרד,0,4,4
2021-05-13T00:00:00.000Z,פולין,4,4,8
2021-05-13T00:00:00.000Z,פורטוגל,1,5,6
2021-05-13T00:00:00.000Z,פיליפינים,0,19,19
2021-05-13T00:00:00.000Z,פרו,0,1,1
2021-05-13T00:00:00.000Z,צ'ילה,0,1,1
2021-05-13T00:00:00.000Z,צרפת,37,157,194
2021-05-13T00:00:00.000Z,קונגו,0,1,1
2021-05-13T00:00:00.000Z,קוסובו,0,1,1
2021-05-13T00:00:00.000Z,קוריאה הדרומית,0,4,4
2021-05-13T00:00:00.000Z,קזחסטאן,0,1,1
2021-05-13T00:00:00.000Z,קמרון,0,1,1
2021-05-13T00:00:00.000Z,קנדה,1,16,17
2021-05-13T00:00:00.000Z,קניה,0,6,6
2021-05-13T00:00:00.000Z,קפריסין,12,115,127
2021-05-13T00:00:00.000Z,קרואטיה,0,2,2
2021-05-13T00:00:00.000Z,רואנדה,0,5,5
2021-05-13T00:00:00.000Z,רומניה,0,4,4
2021-05-13T00:00:00.000Z,רוסיה,7,119,126
2021-05-13T00:00:00.000Z,שוודיה,0,1,1
2021-05-13T00:00:00.000Z,שוויץ,13,91,104
2021-05-13T00:00:00.000Z,תאילנד,0,273,273
2021-05-13T00:00:00.000Z,תורכיה,0,6,6
2021-05-13T00:00:00.000Z,אתיופיה,8,36,44
2021-05-13T00:00:00.000Z,ארצות הברית,269,504,773
2021-05-13T00:00:00.000Z,ארגנטינה,2,0,2
2021-05-13T00:00:00.000Z,איי סיישל,0,22,22
2021-05-13T00:00:00.000Z,איטליה,3,13,16
2021-05-13T00:00:00.000Z,אוקראינה,1,0,1
2021-05-13T00:00:00.000Z,אוסטרליה,0,2,2
2021-05-13T00:00:00.000Z,אוסטריה,2,13,15
2021-05-13T00:00:00.000Z,אוזבקיסטן,0,1,1
2021-05-13T00:00:00.000Z,איחוד האמירויות הערב,21,108,129
2021-05-14T00:00:00.000Z,הודו,1,3,4
2021-05-14T00:00:00.000Z,ערב הסעודית,0,2,2
2021-05-14T00:00:00.000Z,הונג קונג,0,1,1
2021-05-14T00:00:00.000Z,הונגריה,6,18,24
2021-05-14T00:00:00.000Z,הממלכה המאוחדת,64,166,230
2021-05-14T00:00:00.000Z,הרפ הדומיניקנית,0,1,1
2021-05-14T00:00:00.000Z,חוף השנהב,0,3,3
2021-05-14T00:00:00.000Z,טוגו,2,5,7
2021-05-14T00:00:00.000Z,יוון,19,173,192
2021-05-14T00:00:00.000Z,כלל המדינות,668,4085,4753
2021-05-14T00:00:00.000Z,לבנון,0,9,9
2021-05-14T00:00:00.000Z,לטביה,0,1,1
2021-05-14T00:00:00.000Z,מולדובה,0,1,1
2021-05-14T00:00:00.000Z,מונטנגרו,2,26,28
2021-05-14T00:00:00.000Z,מונקו,0,2,2
2021-05-14T00:00:00.000Z,מלטה,0,1,1
2021-05-14T00:00:00.000Z,מצרים,28,148,176
2021-05-14T00:00:00.000Z,מקסיקו,2,7,9
2021-05-14T00:00:00.000Z,מרוקו,0,1,1
2021-05-14T00:00:00.000Z,ניגריה,0,3,3
2021-05-14T00:00:00.000Z,סוריה,0,2,2
2021-05-14T00:00:00.000Z,סין,0,98,98
2021-05-14T00:00:00.000Z,סינגפור,0,1,1
2021-05-14T00:00:00.000Z,ספרד,1,10,11
2021-05-14T00:00:00.000Z,סרביה,6,47,53
2021-05-14T00:00:00.000Z,תורכיה,3,14,17
2021-05-14T00:00:00.000Z,פולין,4,10,14
2021-05-14T00:00:00.000Z,פורטוגל,2,2,4
2021-05-14T00:00:00.000Z,פיליפינים,0,6,6
2021-05-14T00:00:00.000Z,פנמה,1,3,4
2021-05-14T00:00:00.000Z,פרו,0,1,1
2021-05-14T00:00:00.000Z,צ'ילה,0,1,1
2021-05-14T00:00:00.000Z,צכיה,0,8,8
2021-05-14T00:00:00.000Z,צרפת,68,304,372
2021-05-14T00:00:00.000Z,קוסטה ריקה,0,11,11
2021-05-14T00:00:00.000Z,קוריאה הדרומית,2,7,9
2021-05-14T00:00:00.000Z,קזחסטאן,1,0,1
2021-05-14T00:00:00.000Z,קטר,0,1,1
2021-05-14T00:00:00.000Z,קנדה,1,9,10
2021-05-14T00:00:00.000Z,קניה,0,4,4
2021-05-14T00:00:00.000Z,קפריסין,8,71,79
2021-05-14T00:00:00.000Z,תאילנד,0,6,6
2021-05-14T00:00:00.000Z,שוויץ,0,2,2
2021-05-14T00:00:00.000Z,שוודיה,1,1,2
2021-05-14T00:00:00.000Z,איחוד האמירויות הערב,36,209,245
2021-05-14T00:00:00.000Z,דנמרק,0,3,3
2021-05-14T00:00:00.000Z,גרמניה,6,63,69
2021-05-14T00:00:00.000Z,קרואטיה,0,1,1
2021-05-14T00:00:00.000Z,גאנה,0,1,1
2021-05-14T00:00:00.000Z,גאורגיה,30,273,303
2021-05-14T00:00:00.000Z,ברזיל,1,3,4
2021-05-14T00:00:00.000Z,בלגיה,0,2,2
2021-05-14T00:00:00.000Z,בילורוסיה,10,70,80
2021-05-14T00:00:00.000Z,בוסניה הרצגובינה,0,1,1
2021-05-14T00:00:00.000Z,בולגריה,10,110,120
2021-05-14T00:00:00.000Z,אתיופיה,0,1,1
2021-05-14T00:00:00.000Z,ארצות הברית,216,894,1110
2021-05-14T00:00:00.000Z,ארמניה,1,0,1
2021-05-14T00:00:00.000Z,ארגנטינה,0,1,1
2021-05-14T00:00:00.000Z,אנגולה,0,1,1
2021-05-14T00:00:00.000Z,אלבניה,0,3,3
2021-05-14T00:00:00.000Z,אירלנד,0,2,2
2021-05-14T00:00:00.000Z,איי סיישל,11,136,147
2021-05-14T00:00:00.000Z,איטליה,3,15,18
2021-05-14T00:00:00.000Z,אזרביג'אן,0,1,1
2021-05-14T00:00:00.000Z,אורגוואי,0,1,1
2021-05-14T00:00:00.000Z,אוקראינה,1,3,4
2021-05-14T00:00:00.000Z,אוסטרליה,0,1,1
2021-05-14T00:00:00.000Z,אוסטריה,3,7,10
2021-05-14T00:00:00.000Z,אוזבקיסטן,0,1,1
2021-05-14T00:00:00.000Z,אוגנדה,0,1,1
2021-05-14T00:00:00.000Z,רוסיה,8,124,132
2021-05-14T00:00:00.000Z,רומניה,1,6,7
2021-05-14T00:00:00.000Z,הולנד,1,14,15
2021-05-15T00:00:00.000Z,קפריסין,0,7,7
2021-05-15T00:00:00.000Z,ארצות הברית,0,1,1
2021-05-15T00:00:00.000Z,פיליפינים,0,2,2
2021-05-15T00:00:00.000Z,עירק,0,1,1
2021-05-15T00:00:00.000Z,ספרד,0,1,1
2021-05-15T00:00:00.000Z,סינגפור,0,1,1
2021-05-15T00:00:00.000Z,נמיביה,0,1,1
2021-05-15T00:00:00.000Z,מצרים,39,334,373
2021-05-15T00:00:00.000Z,מלדיבים,0,1,1
2021-05-15T00:00:00.000Z,כלל המדינות,78,835,913
2021-05-15T00:00:00.000Z,יוון,2,62,64
2021-05-15T00:00:00.000Z,טנזניה,0,2,2
2021-05-15T00:00:00.000Z,זמביה,0,3,3
2021-05-15T00:00:00.000Z,דרום אפריקה,0,7,7
2021-05-15T00:00:00.000Z,גאנה,0,1,1
2021-05-15T00:00:00.000Z,אתיופיה,1,18,19
2021-05-15T00:00:00.000Z,שוודיה,0,1,1
2021-05-15T00:00:00.000Z,איטליה,0,4,4
2021-05-15T00:00:00.000Z,אוקראינה,0,2,2
2021-05-15T00:00:00.000Z,איחוד האמירויות הערב,12,58,70
2021-05-15T00:00:00.000Z,תורכיה,2,20,22
2021-05-15T00:00:00.000Z,תאילנד,0,4,4
2021-05-15T00:00:00.000Z,קונגו,0,1,1
2021-05-16T00:00:00.000Z,איי סיישל,1,53,54
2021-05-16T00:00:00.000Z,רומניה,0,3,3
2021-05-16T00:00:00.000Z,קניה,0,1,1
2021-05-16T00:00:00.000Z,קיריבטי,0,2,2
2021-05-16T00:00:00.000Z,קוריאה הדרומית,0,3,3
2021-05-16T00:00:00.000Z,צרפת,45,284,329
2021-05-16T00:00:00.000Z,פיליפינים,0,5,5
2021-05-16T00:00:00.000Z,פורטוגל,0,1,1
2021-05-16T00:00:00.000Z,פולין,1,6,7
2021-05-16T00:00:00.000Z,סרביה,0,2,2
2021-05-16T00:00:00.000Z,ספרד,0,2,2
2021-05-16T00:00:00.000Z,סינגפור,0,1,1
2021-05-16T00:00:00.000Z,סט וינסנט,0,1,1
2021-05-16T00:00:00.000Z,ניגריה,0,1,1
2021-05-16T00:00:00.000Z,מקסיקו,0,2,2
2021-05-16T00:00:00.000Z,מצרים,88,596,684
2021-05-16T00:00:00.000Z,מלדיבים,0,11,11
2021-05-16T00:00:00.000Z,ליטא,0,3,3
2021-05-16T00:00:00.000Z,לטביה,0,1,1
2021-05-16T00:00:00.000Z,לוכסמבורג,0,1,1
2021-05-16T00:00:00.000Z,לבנון,0,1,1
2021-05-16T00:00:00.000Z,לאוס,0,1,1
2021-05-16T00:00:00.000Z,כלל המדינות,614,5876,6490
2021-05-16T00:00:00.000Z,ירדן,14,126,140
2021-05-16T00:00:00.000Z,יוון,69,535,604
2021-05-16T00:00:00.000Z,טיוואן,0,1,1
2021-05-16T00:00:00.000Z,ויטנאם,0,2,2
2021-05-16T00:00:00.000Z,הממלכה המאוחדת,1,12,13
2021-05-16T00:00:00.000Z,הונגריה,0,5,5
2021-05-16T00:00:00.000Z,הולנד,10,186,196
2021-05-16T00:00:00.000Z,רוסיה,11,121,132
2021-05-16T00:00:00.000Z,דנמרק,0,1,1
2021-05-16T00:00:00.000Z,גרמניה,0,4,4
2021-05-16T00:00:00.000Z,גינאה,0,1,1
2021-05-16T00:00:00.000Z,גאורגיה,74,454,528
2021-05-16T00:00:00.000Z,בלגיה,14,31,45
2021-05-16T00:00:00.000Z,בוליביה,1,1,2
2021-05-16T00:00:00.000Z,בולגריה,8,106,114
2021-05-16T00:00:00.000Z,ארצות הברית,53,424,477
2021-05-16T00:00:00.000Z,ארגנטינה,1,1,2
2021-05-16T00:00:00.000Z,אקואדור,0,1,1
2021-05-16T00:00:00.000Z,קפריסין,39,398,437
2021-05-16T00:00:00.000Z,איטליה,0,3,3
2021-05-16T00:00:00.000Z,אוקראינה,0,3,3
2021-05-16T00:00:00.000Z,אוסטרליה,0,3,3
2021-05-16T00:00:00.000Z,אוזבקיסטן,0,2,2
2021-05-16T00:00:00.000Z,איחוד האמירויות הערב,72,382,454
2021-05-16T00:00:00.000Z,תורכיה,0,9,9
2021-05-16T00:00:00.000Z,תאילנד,0,3,3
2021-05-16T00:00:00.000Z,שוויץ,0,3,3
2021-05-16T00:00:00.000Z,הודו,0,10,10
2021-05-17T00:00:00.000Z,ראוניון,0,1,1
2021-05-17T00:00:00.000Z,קניה,0,3,3
2021-05-17T00:00:00.000Z,קנדה,0,2,2
2021-05-17T00:00:00.000Z,פיליפינים,0,13,13
2021-05-17T00:00:00.000Z,ערב הסעודית,1,3,4
2021-05-17T00:00:00.000Z,ניגריה,0,1,1
2021-05-17T00:00:00.000Z,מרוקו,0,1,1
2021-05-17T00:00:00.000Z,מצרים,55,516,571
2021-05-17T00:00:00.000Z,מלדיבים,1,15,16
2021-05-17T00:00:00.000Z,מוזמביק,0,3,3
2021-05-17T00:00:00.000Z,לבנון,0,8,8
2021-05-17T00:00:00.000Z,כלל המדינות,361,3663,4024
2021-05-17T00:00:00.000Z,ירדן,17,131,148
2021-05-17T00:00:00.000Z,יוון,38,347,385
2021-05-17T00:00:00.000Z,זמביה,0,1,1
2021-05-17T00:00:00.000Z,קפריסין,32,268,300
2021-05-17T00:00:00.000Z,רואנדה,1,0,1
2021-05-17T00:00:00.000Z,רוסיה,1,2,3
2021-05-17T00:00:00.000Z,תאילנד,0,1,1
2021-05-17T00:00:00.000Z,תורכיה,0,9,9
2021-05-17T00:00:00.000Z,איחוד האמירויות הערב,131,783,914
2021-05-17T00:00:00.000Z,אוגנדה,0,1,1
2021-05-17T00:00:00.000Z,דרום אפריקה,0,6,6
2021-05-17T00:00:00.000Z,גרמניה,1,1,2
2021-05-17T00:00:00.000Z,גאנה,0,6,6
2021-05-17T00:00:00.000Z,גאורגיה,25,308,333
2021-05-17T00:00:00.000Z,אתיופיה,4,30,34
2021-05-17T00:00:00.000Z,ארצות הברית,0,2,2
2021-05-17T00:00:00.000Z,אנגולה,0,1,1
2021-05-17T00:00:00.000Z,אוקראינה,0,1,1
2021-05-17T00:00:00.000Z,אוזבקיסטן,0,1,1
2021-05-17T00:00:00.000Z,הונגריה,0,1,1
2021-05-18T00:00:00.000Z,איטליה,0,4,4
2021-05-18T00:00:00.000Z,אוסטרליה,0,1,1
2021-05-18T00:00:00.000Z,אוסטריה,0,1,1
2021-05-18T00:00:00.000Z,אוזבקיסטן,2,3,5
2021-05-18T00:00:00.000Z,איחוד האמירויות הערב,85,600,685
2021-05-18T00:00:00.000Z,קפריסין,68,564,632
2021-05-18T00:00:00.000Z,רומניה,2,22,24
2021-05-18T00:00:00.000Z,רוסיה,27,233,260
2021-05-18T00:00:00.000Z,שוודיה,0,4,4
2021-05-18T00:00:00.000Z,שוויץ,0,5,5
2021-05-18T00:00:00.000Z,תאילנד,0,1,1
2021-05-18T00:00:00.000Z,תורכיה,11,30,41
2021-05-18T00:00:00.000Z,הממלכה המאוחדת,9,109,118
2021-05-18T00:00:00.000Z,יוון,189,1430,1619
2021-05-18T00:00:00.000Z,ירדן,11,46,57
2021-05-18T00:00:00.000Z,כלל המדינות,771,7605,8376
2021-05-18T00:00:00.000Z,מולדובה,7,94,101
2021-05-18T00:00:00.000Z,מונטנגרו,2,16,18
2021-05-18T00:00:00.000Z,מלדיבים,2,0,2
2021-05-18T00:00:00.000Z,מצרים,38,487,525
2021-05-18T00:00:00.000Z,ספרד,0,5,5
2021-05-18T00:00:00.000Z,סרביה,0,3,3
2021-05-18T00:00:00.000Z,פינלנד,0,1,1
2021-05-18T00:00:00.000Z,צרפת,14,146,160
2021-05-18T00:00:00.000Z,קולומביה,0,1,1
2021-05-18T00:00:00.000Z,קוסטה ריקה,0,1,1
2021-05-18T00:00:00.000Z,קניה,0,1,1
2021-05-18T00:00:00.000Z,הולנד,0,2,2
2021-05-18T00:00:00.000Z,דרום אפריקה,1,1,2
2021-05-18T00:00:00.000Z,דנמרק,0,1,1
2021-05-18T00:00:00.000Z,טנזניה,0,2,2
2021-05-18T00:00:00.000Z,גרנדה,0,1,1
2021-05-18T00:00:00.000Z,גרמניה,1,5,6
2021-05-18T00:00:00.000Z,גינאה,0,1,1
2021-05-18T00:00:00.000Z,גווטאמלה,0,1,1
2021-05-18T00:00:00.000Z,גאנה,0,4,4
2021-05-18T00:00:00.000Z,גאורגיה,82,868,950
2021-05-18T00:00:00.000Z,בלגיה,0,1,1
2021-05-18T00:00:00.000Z,בילורוסיה,6,132,138
2021-05-18T00:00:00.000Z,בוליביה,0,1,1
2021-05-18T00:00:00.000Z,בולגריה,39,345,384
2021-05-18T00:00:00.000Z,בהמס,0,1,1
2021-05-18T00:00:00.000Z,אתיופיה,1,12,13
2021-05-18T00:00:00.000Z,ארצות הברית,40,453,493
2021-05-18T00:00:00.000Z,ארמניה,0,3,3
2021-05-18T00:00:00.000Z,ארגנטינה,0,5,5
2021-05-18T00:00:00.000Z,אנגולה,0,1,1
2021-05-18T00:00:00.000Z,אלבניה,7,74,81
2021-05-18T00:00:00.000Z,איי סיישל,12,124,136
2021-05-19T00:00:00.000Z,בולגריה,0,2,2
2021-05-19T00:00:00.000Z,קפריסין,60,276,336
2021-05-19T00:00:00.000Z,סרביה,8,82,90
2021-05-19T00:00:00.000Z,ספרד,2,6,8
2021-05-19T00:00:00.000Z,ניגריה,0,1,1
2021-05-19T00:00:00.000Z,מקסיקו,0,2,2
2021-05-19T00:00:00.000Z,מצרים,40,303,343
2021-05-19T00:00:00.000Z,מלדיבים,1,24,25
2021-05-19T00:00:00.000Z,מונטנגרו,13,117,130
2021-05-19T00:00:00.000Z,מולדובה,2,17,19
2021-05-19T00:00:00.000Z,מוזמביק,0,2,2
2021-05-19T00:00:00.000Z,ליטא,0,1,1
2021-05-19T00:00:00.000Z,כלל המדינות,647,5795,6442
2021-05-19T00:00:00.000Z,ירדן,3,39,42
2021-05-19T00:00:00.000Z,יפן,0,1,1
2021-05-19T00:00:00.000Z,יוון,38,472,510
2021-05-19T00:00:00.000Z,טנזניה,0,9,9
2021-05-19T00:00:00.000Z,טיוואן,0,1,1
2021-05-19T00:00:00.000Z,זימבאבווה,0,1,1
2021-05-19T00:00:00.000Z,הממלכה המאוחדת,14,140,154
2021-05-19T00:00:00.000Z,הונגריה,0,4,4
2021-05-19T00:00:00.000Z,הולנד,10,57,67
2021-05-19T00:00:00.000Z,דרום סודאן,1,0,1
2021-05-19T00:00:00.000Z,דרום אפריקה,0,3,3
2021-05-19T00:00:00.000Z,דנמרק,0,5,5
2021-05-19T00:00:00.000Z,גרמניה,36,241,277
2021-05-19T00:00:00.000Z,גינאה החדשה,0,1,1
2021-05-19T00:00:00.000Z,גאנה,0,2,2
2021-05-19T00:00:00.000Z,גאורגיה,22,280,302
2021-05-19T00:00:00.000Z,בלגיה,1,0,1
2021-05-19T00:00:00.000Z,בילורוסיה,4,2,6
2021-05-19T00:00:00.000Z,קרואטיה,1,1,2
2021-05-19T00:00:00.000Z,אתיופיה,3,20,23
2021-05-19T00:00:00.000Z,ארצות הברית,60,493,553
2021-05-19T00:00:00.000Z,אירלנד,0,1,1
2021-05-19T00:00:00.000Z,איסלנד,0,2,2
2021-05-19T00:00:00.000Z,איטליה,0,11,11
2021-05-19T00:00:00.000Z,אוקראינה,20,97,117
2021-05-19T00:00:00.000Z,אוסטרליה,0,1,1
2021-05-19T00:00:00.000Z,אוסטריה,6,46,52
2021-05-19T00:00:00.000Z,אוגנדה,0,2,2
2021-05-19T00:00:00.000Z,קניה,0,1,1
2021-05-19T00:00:00.000Z,קנדה,0,1,1
2021-05-19T00:00:00.000Z,קיריבטי,0,2,2
2021-05-19T00:00:00.000Z,קזחסטאן,0,1,1
2021-05-19T00:00:00.000Z,קוריאה הדרומית,0,1,1
2021-05-19T00:00:00.000Z,צרפת,51,380,431
2021-05-19T00:00:00.000Z,פרו,0,2,2
2021-05-19T00:00:00.000Z,פינלנד,0,1,1
2021-05-19T00:00:00.000Z,פורטוגל,0,7,7
2021-05-19T00:00:00.000Z,פולינזיה הצרפתית,0,1,1
2021-05-19T00:00:00.000Z,פולין,3,46,49
2021-05-19T00:00:00.000Z,ערב הסעודית,1,4,5
2021-05-19T00:00:00.000Z,רואנדה,0,2,2
2021-05-19T00:00:00.000Z,רומניה,5,4,9
2021-05-19T00:00:00.000Z,רוסיה,0,5,5
2021-05-19T00:00:00.000Z,שוודיה,0,4,4
2021-05-19T00:00:00.000Z,שוויץ,1,5,6
2021-05-19T00:00:00.000Z,תאילנד,0,2,2
2021-05-19T00:00:00.000Z,תורכיה,0,11,11
2021-05-19T00:00:00.000Z,איחוד האמירויות הערב,132,908,1040
2021-05-20T00:00:00.000Z,איי סיישל,23,257,280
2021-05-20T00:00:00.000Z,טנזניה,1,3,4
2021-05-20T00:00:00.000Z,תורכיה,5,20,25
2021-05-20T00:00:00.000Z,איחוד האמירויות הערב,66,450,516
2021-05-20T00:00:00.000Z,אוגנדה,0,4,4
2021-05-20T00:00:00.000Z,אוזבקיסטן,0,2,2
2021-05-20T00:00:00.000Z,תאילנד,3,254,257
2021-05-20T00:00:00.000Z,שוויץ,20,110,130
2021-05-20T00:00:00.000Z,שוודיה,0,2,2
2021-05-20T00:00:00.000Z,רפ מרכז אפריקנית,1,0,1
2021-05-20T00:00:00.000Z,רוסיה,22,229,251
2021-05-20T00:00:00.000Z,רומניה,0,5,5
2021-05-20T00:00:00.000Z,קפריסין,57,308,365
2021-05-20T00:00:00.000Z,קניה,1,7,8
2021-05-20T00:00:00.000Z,קנדה,1,2,3
2021-05-20T00:00:00.000Z,קמרון,0,1,1
2021-05-20T00:00:00.000Z,קוריאה הדרומית,0,3,3
2021-05-20T00:00:00.000Z,קוסטה ריקה,0,1,1
2021-05-20T00:00:00.000Z,צרפת,23,147,170
2021-05-20T00:00:00.000Z,צכיה,0,2,2
2021-05-20T00:00:00.000Z,פיליפינים,0,2,2
2021-05-20T00:00:00.000Z,פורטוגל,0,1,1
2021-05-20T00:00:00.000Z,פולין,1,2,3
2021-05-20T00:00:00.000Z,סרביה,0,3,3
2021-05-20T00:00:00.000Z,ספרד,0,8,8
2021-05-20T00:00:00.000Z,סוריה,0,7,7
2021-05-20T00:00:00.000Z,ניו זילנד,0,3,3
2021-05-20T00:00:00.000Z,ניגריה,0,6,6
2021-05-20T00:00:00.000Z,נורבגיה,0,1,1
2021-05-20T00:00:00.000Z,מרוקו,0,1,1
2021-05-20T00:00:00.000Z,מקדוניה,1,1,2
2021-05-20T00:00:00.000Z,מצרים,57,339,396
2021-05-20T00:00:00.000Z,מלטה,1,0,1
2021-05-20T00:00:00.000Z,מלדיבים,0,12,12
2021-05-20T00:00:00.000Z,מלאווי,0,1,1
2021-05-20T00:00:00.000Z,מולדובה,3,73,76
2021-05-20T00:00:00.000Z,ליטא,0,3,3
2021-05-20T00:00:00.000Z,לבנון,0,4,4
2021-05-20T00:00:00.000Z,כלל המדינות,994,7050,8044
2021-05-20T00:00:00.000Z,ירדן,11,64,75
2021-05-20T00:00:00.000Z,יוון,95,709,804
2021-05-20T00:00:00.000Z,טיוואן,0,1,1
2021-05-20T00:00:00.000Z,טוגו,0,2,2
2021-05-20T00:00:00.000Z,זאיר,0,3,3
2021-05-20T00:00:00.000Z,הרפ הדומיניקנית,0,1,1
2021-05-20T00:00:00.000Z,הממלכה המאוחדת,26,235,261
2021-05-20T00:00:00.000Z,הולנד,0,2,2
2021-05-20T00:00:00.000Z,הודו,0,1,1
2021-05-20T00:00:00.000Z,דרום אפריקה,1,4,5
2021-05-20T00:00:00.000Z,דרום אמריקה,0,1,1
2021-05-20T00:00:00.000Z,דנמרק,1,0,1
2021-05-20T00:00:00.000Z,גרמניה,2,11,13
2021-05-20T00:00:00.000Z,גאורגיה,61,345,406
2021-05-20T00:00:00.000Z,ברמודה,0,1,1
2021-05-20T00:00:00.000Z,ברזיל,1,1,2
2021-05-20T00:00:00.000Z,בלגיה,32,83,115
2021-05-20T00:00:00.000Z,בילורוסיה,14,123,137
2021-05-20T00:00:00.000Z,בוסניה הרצגובינה,0,1,1
2021-05-20T00:00:00.000Z,בולגריה,36,287,323
2021-05-20T00:00:00.000Z,בהמס,0,2,2
2021-05-20T00:00:00.000Z,אתיופיה,2,15,17
2021-05-20T00:00:00.000Z,ארצות הברית,272,636,908
2021-05-20T00:00:00.000Z,אנגולה,0,2,2
2021-05-20T00:00:00.000Z,תוניסיה,0,1,1
2021-05-20T00:00:00.000Z,איטליה,2,3,5
2021-05-20T00:00:00.000Z,אורגוואי,1,0,1
2021-05-20T00:00:00.000Z,אוקראינה,0,10,10
2021-05-20T00:00:00.000Z,אוסטרליה,0,1,1
2021-05-21T00:00:00.000Z,מקדוניה,0,1,1
2021-05-21T00:00:00.000Z,אוקראינה,8,59,67
2021-05-21T00:00:00.000Z,תורכיה,4,55,59
2021-05-21T00:00:00.000Z,תוניסיה,1,3,4
2021-05-21T00:00:00.000Z,תאילנד,0,3,3
2021-05-21T00:00:00.000Z,רוסיה,20,226,246
2021-05-21T00:00:00.000Z,רומניה,2,10,12
2021-05-21T00:00:00.000Z,קרואטיה,0,3,3
2021-05-21T00:00:00.000Z,קפריסין,9,73,82
2021-05-21T00:00:00.000Z,קניה,0,1,1
2021-05-21T00:00:00.000Z,קירג'זסטאן,0,1,1
2021-05-21T00:00:00.000Z,קזחסטאן,0,1,1
2021-05-21T00:00:00.000Z,קוריאה הדרומית,0,2,2
2021-05-21T00:00:00.000Z,קוסטה ריקה,0,3,3
2021-05-21T00:00:00.000Z,קולומביה,0,2,2
2021-05-21T00:00:00.000Z,צרפת,74,198,272
2021-05-21T00:00:00.000Z,פרו,0,1,1
2021-05-21T00:00:00.000Z,פנמה,0,1,1
2021-05-21T00:00:00.000Z,פיליפינים,0,8,8
2021-05-21T00:00:00.000Z,פורטוגל,0,1,1
2021-05-21T00:00:00.000Z,פולין,15,51,66
2021-05-21T00:00:00.000Z,ערב הסעודית,0,1,1
2021-05-21T00:00:00.000Z,סרי לנקה (צילון),1,3,4
2021-05-21T00:00:00.000Z,סרביה,0,9,9
2021-05-21T00:00:00.000Z,ספרד,0,10,10
2021-05-21T00:00:00.000Z,סין,2,110,112
2021-05-21T00:00:00.000Z,ניו זילנד,0,2,2
2021-05-21T00:00:00.000Z,נורבגיה,0,1,1
2021-05-21T00:00:00.000Z,מרוקו,0,2,2
2021-05-21T00:00:00.000Z,מקסיקו,0,2,2
2021-05-21T00:00:00.000Z,תורכמניסטאן,0,1,1
2021-05-21T00:00:00.000Z,מצרים,43,269,312
2021-05-21T00:00:00.000Z,מלדיבים,1,9,10
2021-05-21T00:00:00.000Z,מונטנגרו,5,77,82
2021-05-21T00:00:00.000Z,מולדובה,0,3,3
2021-05-21T00:00:00.000Z,כלל המדינות,728,4620,5348
2021-05-21T00:00:00.000Z,ירדן,0,2,2
2021-05-21T00:00:00.000Z,יוון,42,356,398
2021-05-21T00:00:00.000Z,טנזניה,0,2,2
2021-05-21T00:00:00.000Z,חוף השנהב,0,1,1
2021-05-21T00:00:00.000Z,הרפ הדומיניקנית,0,2,2
2021-05-21T00:00:00.000Z,הממלכה המאוחדת,20,57,77
2021-05-21T00:00:00.000Z,הונגריה,1,4,5
2021-05-21T00:00:00.000Z,הולנד,0,2,2
2021-05-21T00:00:00.000Z,דרום אמריקה,1,1,2
2021-05-21T00:00:00.000Z,דנמרק,1,1,2
2021-05-21T00:00:00.000Z,גרמניה,0,10,10
2021-05-21T00:00:00.000Z,גווטאמלה,0,1,1
2021-05-21T00:00:00.000Z,גאורגיה,32,417,449
2021-05-21T00:00:00.000Z,בילורוסיה,6,18,24
2021-05-21T00:00:00.000Z,בוסניה הרצגובינה,0,1,1
2021-05-21T00:00:00.000Z,בולגריה,0,15,15
2021-05-21T00:00:00.000Z,אתיופיה,0,1,1
2021-05-21T00:00:00.000Z,ארצות הברית,238,886,1124
2021-05-21T00:00:00.000Z,ארמניה,6,91,97
2021-05-21T00:00:00.000Z,איי סיישל,0,1,1
2021-05-21T00:00:00.000Z,איטליה,1,11,12
2021-05-21T00:00:00.000Z,אורגוואי,1,0,1
2021-05-21T00:00:00.000Z,איחוד האמירויות הערב,105,609,714
2021-05-21T00:00:00.000Z,אוסטריה,2,1,3
2021-05-21T00:00:00.000Z,אוזבקיסטן,0,11,11
2021-05-22T00:00:00.000Z,איחוד האמירויות הערב,26,199,225
2021-05-22T00:00:00.000Z,תורכיה,17,63,80
2021-05-22T00:00:00.000Z,שוויץ,0,1,1
2021-05-22T00:00:00.000Z,שוודיה,0,1,1
2021-05-22T00:00:00.000Z,רוסיה,1,3,4
2021-05-22T00:00:00.000Z,רומניה,0,1,1
2021-05-22T00:00:00.000Z,רואנדה,0,8,8
2021-05-22T00:00:00.000Z,קפריסין,24,312,336
2021-05-22T00:00:00.000Z,קניה,0,5,5
2021-05-22T00:00:00.000Z,קזחסטאן,0,2,2
2021-05-22T00:00:00.000Z,קוריאה הדרומית,0,1,1
2021-05-22T00:00:00.000Z,קוסטה ריקה,0,1,1
2021-05-22T00:00:00.000Z,קונגו,0,3,3
2021-05-22T00:00:00.000Z,קולומביה,1,0,1
2021-05-22T00:00:00.000Z,צרפת,1,2,3
2021-05-22T00:00:00.000Z,צכיה,0,5,5
2021-05-22T00:00:00.000Z,פיליפינים,0,9,9
2021-05-22T00:00:00.000Z,פורטוגל,0,2,2
2021-05-22T00:00:00.000Z,עירק,0,1,1
2021-05-22T00:00:00.000Z,סרי לנקה (צילון),0,2,2
2021-05-22T00:00:00.000Z,ספרד,0,1,1
2021-05-22T00:00:00.000Z,סיירה ליאונה,0,1,1
2021-05-22T00:00:00.000Z,ניגריה,1,5,6
2021-05-22T00:00:00.000Z,מקסיקו,1,0,1
2021-05-22T00:00:00.000Z,מצרים,43,341,384
2021-05-22T00:00:00.000Z,מלדיבים,2,34,36
2021-05-22T00:00:00.000Z,מלאווי,0,2,2
2021-05-22T00:00:00.000Z,מולדובה,0,2,2
2021-05-22T00:00:00.000Z,מאלי,0,2,2
2021-05-22T00:00:00.000Z,ליבריה,0,1,1
2021-05-22T00:00:00.000Z,כלל המדינות,231,2067,2298
2021-05-22T00:00:00.000Z,ירדן,1,0,1
2021-05-22T00:00:00.000Z,יפן,0,1,1
2021-05-22T00:00:00.000Z,יוון,27,258,285
2021-05-22T00:00:00.000Z,טנזניה,0,2,2
2021-05-22T00:00:00.000Z,טיוואן,0,2,2
2021-05-22T00:00:00.000Z,זמביה,0,3,3
2021-05-22T00:00:00.000Z,זימבאבווה,0,1,1
2021-05-22T00:00:00.000Z,הרפ הדומיניקנית,0,1,1
2021-05-22T00:00:00.000Z,הממלכה המאוחדת,0,1,1
2021-05-22T00:00:00.000Z,הונגריה,0,1,1
2021-05-22T00:00:00.000Z,דרום אפריקה,1,10,11
2021-05-22T00:00:00.000Z,דנמרק,0,5,5
2021-05-22T00:00:00.000Z,גרמניה,0,9,9
2021-05-22T00:00:00.000Z,גאנה,0,5,5
2021-05-22T00:00:00.000Z,גאורגיה,13,101,114
2021-05-22T00:00:00.000Z,ברזיל,0,2,2
2021-05-22T00:00:00.000Z,בחריין,0,1,1
2021-05-22T00:00:00.000Z,בולגריה,1,4,5
2021-05-22T00:00:00.000Z,אתיופיה,1,46,47
2021-05-22T00:00:00.000Z,ארצות הברית,36,239,275
2021-05-22T00:00:00.000Z,ארמניה,0,1,1
2021-05-22T00:00:00.000Z,איי סיישל,7,45,52
2021-05-22T00:00:00.000Z,איטליה,1,10,11
2021-05-22T00:00:00.000Z,אוקראינה,1,4,5
2021-05-22T00:00:00.000Z,אוסטריה,1,5,6
2021-05-22T00:00:00.000Z,אוזבקיסטן,0,5,5
2021-05-22T00:00:00.000Z,אוגנדה,1,0,1
2021-05-23T00:00:00.000Z,ירדן,23,118,141
2021-05-23T00:00:00.000Z,כלל המדינות,858,8568,9426
2021-05-23T00:00:00.000Z,לוכסמבורג,0,3,3
2021-05-23T00:00:00.000Z,לטביה,0,3,3
2021-05-23T00:00:00.000Z,ליטא,0,4,4
2021-05-23T00:00:00.000Z,מאלי,0,1,1
2021-05-23T00:00:00.000Z,מולדובה,1,65,66
2021-05-23T00:00:00.000Z,מלדיבים,2,14,16
2021-05-23T00:00:00.000Z,מלטה,0,2,2
2021-05-23T00:00:00.000Z,מצרים,46,395,441
2021-05-23T00:00:00.000Z,מקדוניה,0,1,1
2021-05-23T00:00:00.000Z,מקסיקו,1,7,8
2021-05-23T00:00:00.000Z,מרוקו,0,2,2
2021-05-23T00:00:00.000Z,ניגריה,0,7,7
2021-05-23T00:00:00.000Z,סט וינסנט,0,3,3
2021-05-23T00:00:00.000Z,סין,0,1,1
2021-05-23T00:00:00.000Z,סינגפור,0,2,2
2021-05-23T00:00:00.000Z,ספרד,0,9,9
2021-05-23T00:00:00.000Z,סרביה,1,5,6
2021-05-23T00:00:00.000Z,סרי לנקה (צילון),0,1,1
2021-05-23T00:00:00.000Z,עירק,0,7,7
2021-05-23T00:00:00.000Z,ערב הסעודית,0,1,1
2021-05-23T00:00:00.000Z,פולין,5,41,46
2021-05-23T00:00:00.000Z,פורטו ריקו,1,2,3
2021-05-23T00:00:00.000Z,פורטוגל,1,13,14
2021-05-23T00:00:00.000Z,פיליפינים,0,3,3
2021-05-23T00:00:00.000Z,פינלנד,1,0,1
2021-05-23T00:00:00.000Z,צרפת,14,178,192
2021-05-23T00:00:00.000Z,בחריין,0,1,1
2021-05-23T00:00:00.000Z,בוסניה הרצגובינה,0,1,1
2021-05-23T00:00:00.000Z,בלגיה,0,10,10
2021-05-23T00:00:00.000Z,בוליביה,0,1,1
2021-05-23T00:00:00.000Z,בולגריה,15,158,173
2021-05-23T00:00:00.000Z,ארצות הברית,167,827,994
2021-05-23T00:00:00.000Z,ארמניה,0,1,1
2021-05-23T00:00:00.000Z,ארגנטינה,0,1,1
2021-05-23T00:00:00.000Z,איסלנד,0,4,4
2021-05-23T00:00:00.000Z,איי סיישל,1,44,45
2021-05-23T00:00:00.000Z,איטליה,5,23,28
2021-05-23T00:00:00.000Z,אזרביג'אן,0,2,2
2021-05-23T00:00:00.000Z,אוקראינה,1,14,15
2021-05-23T00:00:00.000Z,אוסטרליה,2,3,5
2021-05-23T00:00:00.000Z,אוסטריה,16,56,72
2021-05-23T00:00:00.000Z,אוזבקיסטן,0,5,5
2021-05-23T00:00:00.000Z,בילורוסיה,14,130,144
2021-05-23T00:00:00.000Z,גאורגיה,54,498,552
2021-05-23T00:00:00.000Z,גווטאמלה,0,1,1
2021-05-23T00:00:00.000Z,גויאנה הצרפתית,0,2,2
2021-05-23T00:00:00.000Z,גרמניה,22,165,187
2021-05-23T00:00:00.000Z,דנמרק,0,5,5
2021-05-23T00:00:00.000Z,הולנד,13,166,179
2021-05-23T00:00:00.000Z,הונגריה,0,7,7
2021-05-23T00:00:00.000Z,הממלכה המאוחדת,26,328,354
2021-05-23T00:00:00.000Z,איחוד האמירויות הערב,65,502,567
2021-05-23T00:00:00.000Z,חוף השנהב,0,1,1
2021-05-23T00:00:00.000Z,טיוואן,0,1,1
2021-05-23T00:00:00.000Z,טנזניה,0,2,2
2021-05-23T00:00:00.000Z,יוון,66,770,836
2021-05-23T00:00:00.000Z,יפן,0,1,1
2021-05-23T00:00:00.000Z,תורכיה,8,89,97
2021-05-23T00:00:00.000Z,תאילנד,0,4,4
2021-05-23T00:00:00.000Z,שוויץ,1,3,4
2021-05-23T00:00:00.000Z,שוודיה,1,2,3
2021-05-23T00:00:00.000Z,רוסיה,27,230,257
2021-05-23T00:00:00.000Z,רומניה,33,111,144
2021-05-23T00:00:00.000Z,רואנדה,0,1,1
2021-05-23T00:00:00.000Z,קפריסין,38,355,393
2021-05-23T00:00:00.000Z,קניה,0,1,1
2021-05-23T00:00:00.000Z,קנדה,14,80,94
2021-05-23T00:00:00.000Z,קוריאה הדרומית,0,2,2
2021-05-23T00:00:00.000Z,קוסטה ריקה,1,8,9
2021-05-23T00:00:00.000Z,קולומביה,0,1,1
2021-05-24T00:00:00.000Z,צכיה,0,3,3
2021-05-24T00:00:00.000Z,צרפת,57,353,410
2021-05-24T00:00:00.000Z,קובה,0,1,1
2021-05-24T00:00:00.000Z,קולומביה,0,11,11
2021-05-24T00:00:00.000Z,קוסטה ריקה,0,11,11
2021-05-24T00:00:00.000Z,קוריאה הדרומית,0,1,1
2021-05-24T00:00:00.000Z,קזחסטאן,0,1,1
2021-05-24T00:00:00.000Z,קטר,0,1,1
2021-05-24T00:00:00.000Z,קלדוניה החדשה,0,1,1
2021-05-24T00:00:00.000Z,קנדה,0,3,3
2021-05-24T00:00:00.000Z,קניה,0,1,1
2021-05-24T00:00:00.000Z,קפריסין,18,207,225
2021-05-24T00:00:00.000Z,קרואטיה,1,7,8
2021-05-24T00:00:00.000Z,רוסיה,18,345,363
2021-05-24T00:00:00.000Z,שוודיה,0,7,7
2021-05-24T00:00:00.000Z,שוויץ,10,103,113
2021-05-24T00:00:00.000Z,תאילנד,0,3,3
2021-05-24T00:00:00.000Z,תוניסיה,0,4,4
2021-05-24T00:00:00.000Z,תורכיה,3,64,67
2021-05-24T00:00:00.000Z,אוזבקיסטן,2,83,85
2021-05-24T00:00:00.000Z,אוסטריה,1,72,73
2021-05-24T00:00:00.000Z,אוסטרליה,0,4,4
2021-05-24T00:00:00.000Z,אוקראינה,10,138,148
2021-05-24T00:00:00.000Z,אורגוואי,0,4,4
2021-05-24T00:00:00.000Z,אזרביג'אן,0,1,1
2021-05-24T00:00:00.000Z,איטליה,1,33,34
2021-05-24T00:00:00.000Z,איי סיישל,1,42,43
2021-05-24T00:00:00.000Z,איסלנד,0,6,6
2021-05-24T00:00:00.000Z,אירלנד,0,6,6
2021-05-24T00:00:00.000Z,אל סלבדור,0,1,1
2021-05-24T00:00:00.000Z,אלבניה,1,60,61
2021-05-24T00:00:00.000Z,ארגנטינה,0,4,4
2021-05-24T00:00:00.000Z,ארמניה,0,1,1
2021-05-24T00:00:00.000Z,ארצות הברית,372,1678,2050
2021-05-24T00:00:00.000Z,אתיופיה,0,45,45
2021-05-24T00:00:00.000Z,בולגריה,14,185,199
2021-05-24T00:00:00.000Z,בילורוסיה,8,13,21
2021-05-24T00:00:00.000Z,בלגיה,13,90,103
2021-05-24T00:00:00.000Z,ברזיל,0,6,6
2021-05-24T00:00:00.000Z,גאורגיה,9,403,412
2021-05-24T00:00:00.000Z,גאנה,0,2,2
2021-05-24T00:00:00.000Z,גווטאמלה,0,2,2
2021-05-24T00:00:00.000Z,גויאנה הצרפתית,0,1,1
2021-05-24T00:00:00.000Z,גיברלטר,0,1,1
2021-05-24T00:00:00.000Z,גמייקה,0,3,3
2021-05-24T00:00:00.000Z,גרמניה,22,262,284
2021-05-24T00:00:00.000Z,דנמרק,0,4,4
2021-05-24T00:00:00.000Z,דרום אפריקה,0,9,9
2021-05-24T00:00:00.000Z,הודו,0,24,24
2021-05-24T00:00:00.000Z,הולנד,3,38,41
2021-05-24T00:00:00.000Z,הונגריה,0,1,1
2021-05-24T00:00:00.000Z,הונדורס,0,1,1
2021-05-24T00:00:00.000Z,הממלכה המאוחדת,51,271,322
2021-05-24T00:00:00.000Z,זאיר,0,4,4
2021-05-24T00:00:00.000Z,טיוואן,0,1,1
2021-05-24T00:00:00.000Z,טנזניה,1,4,5
2021-05-24T00:00:00.000Z,יוון,21,607,628
2021-05-24T00:00:00.000Z,יפן,0,1,1
2021-05-24T00:00:00.000Z,ירדן,3,83,86
2021-05-24T00:00:00.000Z,כלל המדינות,791,8701,9492
2021-05-24T00:00:00.000Z,לטביה,0,3,3
2021-05-24T00:00:00.000Z,ליטא,0,8,8
2021-05-24T00:00:00.000Z,מאוריציוס,0,3,3
2021-05-24T00:00:00.000Z,מאלי,0,2,2
2021-05-24T00:00:00.000Z,מונטנגרו,1,31,32
2021-05-24T00:00:00.000Z,מלדיבים,0,16,16
2021-05-24T00:00:00.000Z,מלטה,0,5,5
2021-05-24T00:00:00.000Z,מצרים,9,237,246
2021-05-24T00:00:00.000Z,מקדוניה,0,1,1
2021-05-24T00:00:00.000Z,מקסיקו,1,9,10
2021-05-24T00:00:00.000Z,מרוקו,0,7,7
2021-05-24T00:00:00.000Z,איחוד האמירויות הערב,15,340,355
2021-05-24T00:00:00.000Z,נורבגיה,0,4,4
2021-05-24T00:00:00.000Z,ניגריה,1,6,7
2021-05-24T00:00:00.000Z,נמיביה,0,8,8
2021-05-24T00:00:00.000Z,סוריה,0,217,217
2021-05-24T00:00:00.000Z,סין,0,3,3
2021-05-24T00:00:00.000Z,סינגפור,0,3,3
2021-05-24T00:00:00.000Z,סן מרינו,0,1,1
2021-05-24T00:00:00.000Z,סנגל,0,2,2
2021-05-24T00:00:00.000Z,ספרד,0,21,21
2021-05-24T00:00:00.000Z,סרביה,1,4,5
2021-05-24T00:00:00.000Z,סרי לנקה (צילון),0,1,1
2021-05-24T00:00:00.000Z,פולין,3,20,23
2021-05-24T00:00:00.000Z,פורטו ריקו,0,2,2
2021-05-24T00:00:00.000Z,פורטוגל,0,14,14
2021-05-24T00:00:00.000Z,פיליפינים,0,8,8
2021-05-24T00:00:00.000Z,פינלנד,0,3,3
2021-05-24T00:00:00.000Z,פנמה,1,9,10
2021-05-25T00:00:00.000Z,לטביה,1,7,8
2021-05-25T00:00:00.000Z,תורכיה,2,81,83
2021-05-25T00:00:00.000Z,אוזבקיסטן,0,1,1
2021-05-25T00:00:00.000Z,אוסטריה,0,12,12
2021-05-25T00:00:00.000Z,אוקראינה,1,16,17
2021-05-25T00:00:00.000Z,אזרביג'אן,1,3,4
2021-05-25T00:00:00.000Z,איטליה,2,32,34
2021-05-25T00:00:00.000Z,איי קייפ וורדה,0,1,1
2021-05-25T00:00:00.000Z,אירלנד,0,3,3
2021-05-25T00:00:00.000Z,ארגנטינה,0,6,6
2021-05-25T00:00:00.000Z,ארצות הברית,140,880,1020
2021-05-25T00:00:00.000Z,אתיופיה,0,25,25
2021-05-25T00:00:00.000Z,בולגריה,1,71,72
2021-05-25T00:00:00.000Z,בילורוסיה,3,158,161
2021-05-25T00:00:00.000Z,בלגיה,0,13,13
2021-05-25T00:00:00.000Z,ברזיל,0,10,10
2021-05-25T00:00:00.000Z,גאורגיה,4,119,123
2021-05-25T00:00:00.000Z,גאנה,0,2,2
2021-05-25T00:00:00.000Z,גיברלטר,0,1,1
2021-05-25T00:00:00.000Z,גרמניה,14,226,240
2021-05-25T00:00:00.000Z,דנמרק,0,6,6
2021-05-25T00:00:00.000Z,דרום אפריקה,0,4,4
2021-05-25T00:00:00.000Z,דרום סודאן,0,1,1
2021-05-25T00:00:00.000Z,הודו,0,2,2
2021-05-25T00:00:00.000Z,הולנד,4,40,44
2021-05-25T00:00:00.000Z,הונג קונג,1,0,1
2021-05-25T00:00:00.000Z,הונגריה,11,72,83
2021-05-25T00:00:00.000Z,הממלכה המאוחדת,72,350,422
2021-05-25T00:00:00.000Z,הרפ הדומיניקנית,0,3,3
2021-05-25T00:00:00.000Z,זאיר,0,1,1
2021-05-25T00:00:00.000Z,טנזניה,0,2,2
2021-05-25T00:00:00.000Z,יוון,3,227,230
2021-05-25T00:00:00.000Z,יפן,0,7,7
2021-05-25T00:00:00.000Z,ירדן,1,38,39
2021-05-25T00:00:00.000Z,כלל המדינות,386,5362,5748
2021-05-25T00:00:00.000Z,אוגנדה,1,0,1
2021-05-25T00:00:00.000Z,ליטא,0,2,2
2021-05-25T00:00:00.000Z,מולדובה,0,69,69
2021-05-25T00:00:00.000Z,מונטנגרו,0,2,2
2021-05-25T00:00:00.000Z,מלדיבים,0,8,8
2021-05-25T00:00:00.000Z,מצרים,6,221,227
2021-05-25T00:00:00.000Z,מקסיקו,0,12,12
2021-05-25T00:00:00.000Z,מרוקו,0,4,4
2021-05-25T00:00:00.000Z,נורבגיה,0,1,1
2021-05-25T00:00:00.000Z,ניגריה,1,2,3
2021-05-25T00:00:00.000Z,ניו זילנד,0,1,1
2021-05-25T00:00:00.000Z,סוריה,0,4,4
2021-05-25T00:00:00.000Z,סנגל,0,1,1
2021-05-25T00:00:00.000Z,ספרד,0,20,20
2021-05-25T00:00:00.000Z,סרביה,0,10,10
2021-05-25T00:00:00.000Z,עירק,0,6,6
2021-05-25T00:00:00.000Z,פולין,0,5,5
2021-05-25T00:00:00.000Z,פורטוגל,0,4,4
2021-05-25T00:00:00.000Z,פיליפינים,0,2,2
2021-05-25T00:00:00.000Z,פינלנד,0,5,5
2021-05-25T00:00:00.000Z,פנמה,0,1,1
2021-05-25T00:00:00.000Z,צ'ילה,0,2,2
2021-05-25T00:00:00.000Z,צרפת,27,309,336
2021-05-25T00:00:00.000Z,קולומביה,0,4,4
2021-05-25T00:00:00.000Z,איחוד האמירויות הערב,11,166,177
2021-05-25T00:00:00.000Z,קזחסטאן,0,3,3
2021-05-25T00:00:00.000Z,קמרון,0,1,1
2021-05-25T00:00:00.000Z,קנדה,0,4,4
2021-05-25T00:00:00.000Z,קניה,0,1,1
2021-05-25T00:00:00.000Z,קפריסין,10,114,124
2021-05-25T00:00:00.000Z,קרואטיה,0,4,4
2021-05-25T00:00:00.000Z,רומניה,2,70,72
2021-05-25T00:00:00.000Z,רוסיה,9,89,98
2021-05-25T00:00:00.000Z,שוודיה,0,5,5
2021-05-25T00:00:00.000Z,שוויץ,3,21,24
2021-05-25T00:00:00.000Z,תאילנד,0,2,2
2021-05-26T00:00:00.000Z,קוריאה הדרומית,1,3,4
2021-05-26T00:00:00.000Z,קזחסטאן,0,1,1
2021-05-26T00:00:00.000Z,קיריבטי,0,1,1
2021-05-26T00:00:00.000Z,קנדה,15,120,135
2021-05-26T00:00:00.000Z,קניה,1,5,6
2021-05-26T00:00:00.000Z,קפריסין,33,146,179
2021-05-26T00:00:00.000Z,קרואטיה,0,6,6
2021-05-26T00:00:00.000Z,ראוניון,0,1,1
2021-05-26T00:00:00.000Z,רואנדה,0,1,1
2021-05-26T00:00:00.000Z,אוזבקיסטן,1,8,9
2021-05-26T00:00:00.000Z,רוסיה,8,120,128
2021-05-26T00:00:00.000Z,שוודיה,0,2,2
2021-05-26T00:00:00.000Z,שוויץ,2,9,11
2021-05-26T00:00:00.000Z,תאילנד,0,7,7
2021-05-26T00:00:00.000Z,תוניסיה,0,1,1
2021-05-26T00:00:00.000Z,תורכיה,5,90,95
2021-05-26T00:00:00.000Z,תורכמניסטאן,0,1,1
2021-05-26T00:00:00.000Z,לוב,0,2,2
2021-05-26T00:00:00.000Z,אוסטריה,9,45,54
2021-05-26T00:00:00.000Z,אוסטרליה,0,10,10
2021-05-26T00:00:00.000Z,אוקראינה,6,162,168
2021-05-26T00:00:00.000Z,אורגוואי,1,0,1
2021-05-26T00:00:00.000Z,אזרביג'אן,0,7,7
2021-05-26T00:00:00.000Z,איטליה,1,51,52
2021-05-26T00:00:00.000Z,איי סיישל,1,40,41
2021-05-26T00:00:00.000Z,אינדונזיה,0,2,2
2021-05-26T00:00:00.000Z,אנגולה,0,4,4
2021-05-26T00:00:00.000Z,אסטוניה,0,3,3
2021-05-26T00:00:00.000Z,אקואדור,0,4,4
2021-05-26T00:00:00.000Z,ארגנטינה,1,28,29
2021-05-26T00:00:00.000Z,ארמניה,0,4,4
2021-05-26T00:00:00.000Z,ארצות הברית,327,1299,1626
2021-05-26T00:00:00.000Z,אתיופיה,0,20,20
2021-05-26T00:00:00.000Z,בוטסואנה,0,2,2
2021-05-26T00:00:00.000Z,בולגריה,6,54,60
2021-05-26T00:00:00.000Z,בילורוסיה,0,1,1
2021-05-26T00:00:00.000Z,בלגיה,1,3,4
2021-05-26T00:00:00.000Z,ברזיל,0,8,8
2021-05-26T00:00:00.000Z,גאורגיה,3,211,214
2021-05-26T00:00:00.000Z,גאנה,0,4,4
2021-05-26T00:00:00.000Z,גינאה המשוונית,0,1,1
2021-05-26T00:00:00.000Z,גרמניה,3,102,105
2021-05-26T00:00:00.000Z,דנמרק,1,2,3
2021-05-26T00:00:00.000Z,דרום אפריקה,0,7,7
2021-05-26T00:00:00.000Z,הודו,0,4,4
2021-05-26T00:00:00.000Z,הולנד,3,12,15
2021-05-26T00:00:00.000Z,הונגריה,1,2,3
2021-05-26T00:00:00.000Z,הונדורס,0,1,1
2021-05-26T00:00:00.000Z,הממלכה המאוחדת,44,285,329
2021-05-26T00:00:00.000Z,הרפ הדומיניקנית,0,4,4
2021-05-26T00:00:00.000Z,טג'יקיסטאן,0,2,2
2021-05-26T00:00:00.000Z,טיוואן,0,3,3
2021-05-26T00:00:00.000Z,טנזניה,0,4,4
2021-05-26T00:00:00.000Z,יוון,8,272,280
2021-05-26T00:00:00.000Z,יפן,0,1,1
2021-05-26T00:00:00.000Z,ירדן,0,36,36
2021-05-26T00:00:00.000Z,כלל המדינות,649,6752,7401
2021-05-26T00:00:00.000Z,ליבריה,0,2,2
2021-05-26T00:00:00.000Z,מולדובה,0,3,3
2021-05-26T00:00:00.000Z,מונטנגרו,0,55,55
2021-05-26T00:00:00.000Z,מלדיבים,0,5,5
2021-05-26T00:00:00.000Z,מלטה,0,2,2
2021-05-26T00:00:00.000Z,מצרים,3,162,165
2021-05-26T00:00:00.000Z,מקסיקו,0,28,28
2021-05-26T00:00:00.000Z,מרוקו,1,32,33
2021-05-26T00:00:00.000Z,ניגריה,0,5,5
2021-05-26T00:00:00.000Z,ניו זילנד,0,2,2
2021-05-26T00:00:00.000Z,סיירה ליאונה,0,1,1
2021-05-26T00:00:00.000Z,סין,1,24,25
2021-05-26T00:00:00.000Z,סינגפור,0,5,5
2021-05-26T00:00:00.000Z,סנגל,0,2,2
2021-05-26T00:00:00.000Z,ספרד,1,108,109
2021-05-26T00:00:00.000Z,סרביה,1,6,7
2021-05-26T00:00:00.000Z,סרי לנקה (צילון),0,1,1
2021-05-26T00:00:00.000Z,ערב הסעודית,0,1,1
2021-05-26T00:00:00.000Z,איחוד האמירויות הערב,14,273,287
2021-05-26T00:00:00.000Z,פולין,3,57,60
2021-05-26T00:00:00.000Z,פורטוגל,0,1,1
2021-05-26T00:00:00.000Z,פיליפינים,0,2,2
2021-05-26T00:00:00.000Z,פינלנד,0,5,5
2021-05-26T00:00:00.000Z,פנמה,1,0,1
2021-05-26T00:00:00.000Z,פרגוואי,0,1,1
2021-05-26T00:00:00.000Z,פרו,0,5,5
2021-05-26T00:00:00.000Z,צ'ילה,0,3,3
2021-05-26T00:00:00.000Z,צכיה,0,17,17
2021-05-26T00:00:00.000Z,צרפת,50,396,446
2021-05-26T00:00:00.000Z,קולומביה,0,10,10
2021-05-26T00:00:00.000Z,קוסטה ריקה,1,11,12
2021-05-26T00:00:00.000Z,רומניה,7,83,90
2021-05-27T00:00:00.000Z,בלגיה,26,126,152
2021-05-27T00:00:00.000Z,בילורוסיה,1,104,105
2021-05-27T00:00:00.000Z,בחריין,1,5,6
2021-05-27T00:00:00.000Z,בורונדי,0,2,2
2021-05-27T00:00:00.000Z,בוסניה הרצגובינה,0,2,2
2021-05-27T00:00:00.000Z,בוליביה,0,1,1
2021-05-27T00:00:00.000Z,בולגריה,4,177,181
2021-05-27T00:00:00.000Z,אתיופיה,0,46,46
2021-05-27T00:00:00.000Z,ארצות הברית,288,1122,1410
2021-05-27T00:00:00.000Z,ארגנטינה,0,24,24
2021-05-27T00:00:00.000Z,אסטוניה,0,4,4
2021-05-27T00:00:00.000Z,אנגולה,0,1,1
2021-05-27T00:00:00.000Z,אלבניה,0,6,6
2021-05-27T00:00:00.000Z,אירלנד,0,6,6
2021-05-27T00:00:00.000Z,איסלנד,2,8,10
2021-05-27T00:00:00.000Z,אינדונזיה,0,1,1
2021-05-27T00:00:00.000Z,איי סיישל,1,127,128
2021-05-27T00:00:00.000Z,איטליה,0,36,36
2021-05-27T00:00:00.000Z,אזרביג'אן,0,8,8
2021-05-27T00:00:00.000Z,אוקראינה,5,185,190
2021-05-27T00:00:00.000Z,אוסטרליה,0,7,7
2021-05-27T00:00:00.000Z,אוסטריה,7,38,45
2021-05-27T00:00:00.000Z,אוזבקיסטן,0,10,10
2021-05-27T00:00:00.000Z,אוגנדה,0,4,4
2021-05-27T00:00:00.000Z,שוויץ,8,88,96
2021-05-27T00:00:00.000Z,תאילנד,0,280,280
2021-05-27T00:00:00.000Z,תורכיה,2,126,128
2021-05-27T00:00:00.000Z,פרו,0,1,1
2021-05-27T00:00:00.000Z,צאד,0,1,1
2021-05-27T00:00:00.000Z,צ'ילה,0,8,8
2021-05-27T00:00:00.000Z,צכיה,0,20,20
2021-05-27T00:00:00.000Z,צרפת,31,273,304
2021-05-27T00:00:00.000Z,קולומביה,0,8,8
2021-05-27T00:00:00.000Z,קוסטה ריקה,0,1,1
2021-05-27T00:00:00.000Z,קזחסטאן,0,1,1
2021-05-27T00:00:00.000Z,קטר,0,1,1
2021-05-27T00:00:00.000Z,קירג'זסטאן,0,3,3
2021-05-27T00:00:00.000Z,קנדה,0,7,7
2021-05-27T00:00:00.000Z,קניה,1,5,6
2021-05-27T00:00:00.000Z,קפריסין,21,317,338
2021-05-27T00:00:00.000Z,רואנדה,1,3,4
2021-05-27T00:00:00.000Z,רומניה,12,80,92
2021-05-27T00:00:00.000Z,רוסיה,4,140,144
2021-05-27T00:00:00.000Z,שוודיה,1,7,8
2021-05-27T00:00:00.000Z,פנמה,0,4,4
2021-05-27T00:00:00.000Z,פינלנד,0,3,3
2021-05-27T00:00:00.000Z,פיליפינים,1,12,13
2021-05-27T00:00:00.000Z,פורטוגל,0,11,11
2021-05-27T00:00:00.000Z,פולין,2,12,14
2021-05-27T00:00:00.000Z,ערב הסעודית,0,1,1
2021-05-27T00:00:00.000Z,סרי לנקה (צילון),0,3,3
2021-05-27T00:00:00.000Z,סרביה,1,2,3
2021-05-27T00:00:00.000Z,ספרד,0,7,7
2021-05-27T00:00:00.000Z,סווזילנד,0,2,2
2021-05-27T00:00:00.000Z,נמיביה,1,3,4
2021-05-27T00:00:00.000Z,ניו זילנד,0,3,3
2021-05-27T00:00:00.000Z,ניגריה,0,15,15
2021-05-27T00:00:00.000Z,נורבגיה,0,1,1
2021-05-27T00:00:00.000Z,מרוקו,0,3,3
2021-05-27T00:00:00.000Z,מקסיקו,0,6,6
2021-05-27T00:00:00.000Z,מקדוניה,1,1,2
2021-05-27T00:00:00.000Z,מצרים,6,318,324
2021-05-27T00:00:00.000Z,מלטה,0,7,7
2021-05-27T00:00:00.000Z,מלדיבים,0,3,3
2021-05-27T00:00:00.000Z,מונקו,0,1,1
2021-05-27T00:00:00.000Z,מולדובה,0,82,82
2021-05-27T00:00:00.000Z,מוזמביק,0,1,1
2021-05-27T00:00:00.000Z,ליטא,0,1,1
2021-05-27T00:00:00.000Z,לטביה,1,11,12
2021-05-27T00:00:00.000Z,לבנון,0,8,8
2021-05-27T00:00:00.000Z,כלל המדינות,642,9234,9876
2021-05-27T00:00:00.000Z,ירדן,0,125,125
2021-05-27T00:00:00.000Z,יפן,0,5,5
2021-05-27T00:00:00.000Z,יוון,15,641,656
2021-05-27T00:00:00.000Z,טנזניה,0,5,5
2021-05-27T00:00:00.000Z,חוף השנהב,0,1,1
2021-05-27T00:00:00.000Z,זמביה,0,3,3
2021-05-27T00:00:00.000Z,זאיר,0,4,4
2021-05-27T00:00:00.000Z,הרפ הדומיניקנית,0,2,2
2021-05-27T00:00:00.000Z,איחוד האמירויות הערב,18,398,416
2021-05-27T00:00:00.000Z,הממלכה המאוחדת,65,410,475
2021-05-27T00:00:00.000Z,הונגריה,0,3,3
2021-05-27T00:00:00.000Z,הולנד,0,9,9
2021-05-27T00:00:00.000Z,הודו,0,4,4
2021-05-27T00:00:00.000Z,דרום אפריקה,0,18,18
2021-05-27T00:00:00.000Z,דרום אמריקה,0,1,1
2021-05-27T00:00:00.000Z,דנמרק,0,14,14
2021-05-27T00:00:00.000Z,גרנדה,0,1,1
2021-05-27T00:00:00.000Z,גרמניה,14,154,168
2021-05-27T00:00:00.000Z,גינאה המשוונית,1,0,1
2021-05-27T00:00:00.000Z,גויאנה הצרפתית,0,1,1
2021-05-27T00:00:00.000Z,גאנה,0,5,5
2021-05-27T00:00:00.000Z,גאורגיה,12,424,436
2021-05-27T00:00:00.000Z,ברזיל,1,9,10
2021-05-28T00:00:00.000Z,פולין,3,76,79
2021-05-28T00:00:00.000Z,אלבניה,0,1,1
2021-05-28T00:00:00.000Z,אוסטריה,7,77,84
2021-05-28T00:00:00.000Z,אוסטרליה,0,3,3
2021-05-28T00:00:00.000Z,אוקראינה,2,12,14
2021-05-28T00:00:00.000Z,אורגוואי,0,1,1
2021-05-28T00:00:00.000Z,איטליה,0,31,31
2021-05-28T00:00:00.000Z,איי ווליס ופוטונה,0,3,3
2021-05-28T00:00:00.000Z,איי טורקס וקייקוס,0,1,1
2021-05-28T00:00:00.000Z,אינדונזיה,0,3,3
2021-05-28T00:00:00.000Z,איסלנד,0,2,2
2021-05-28T00:00:00.000Z,אירלנד,0,1,1
2021-05-28T00:00:00.000Z,תורכמניסטאן,0,5,5
2021-05-28T00:00:00.000Z,תורכיה,3,143,146
2021-05-28T00:00:00.000Z,תוניסיה,0,3,3
2021-05-28T00:00:00.000Z,תאילנד,0,7,7
2021-05-28T00:00:00.000Z,שוויץ,16,82,98
2021-05-28T00:00:00.000Z,שוודיה,1,0,1
2021-05-28T00:00:00.000Z,רוסיה,12,267,279
2021-05-28T00:00:00.000Z,רומניה,1,4,5
2021-05-28T00:00:00.000Z,קרואטיה,0,3,3
2021-05-28T00:00:00.000Z,קפריסין,7,107,114
2021-05-28T00:00:00.000Z,קוריאה הדרומית,0,3,3
2021-05-28T00:00:00.000Z,קוסטה ריקה,0,15,15
2021-05-28T00:00:00.000Z,קולומביה,1,7,8
2021-05-28T00:00:00.000Z,צרפת,41,286,327
2021-05-28T00:00:00.000Z,צכיה,0,9,9
2021-05-28T00:00:00.000Z,צ'ילה,0,3,3
2021-05-28T00:00:00.000Z,פרו,0,2,2
2021-05-28T00:00:00.000Z,פנמה,0,10,10
2021-05-28T00:00:00.000Z,פיליפינים,0,4,4
2021-05-28T00:00:00.000Z,פורטוגל,2,15,17
2021-05-28T00:00:00.000Z,סרי לנקה (צילון),0,2,2
2021-05-28T00:00:00.000Z,סרביה,1,10,11
2021-05-28T00:00:00.000Z,איחוד האמירויות הערב,20,388,408
2021-05-28T00:00:00.000Z,ספרד,4,69,73
2021-05-28T00:00:00.000Z,אנגולה,0,3,3
2021-05-28T00:00:00.000Z,ארצות הברית,185,1257,1442
2021-05-28T00:00:00.000Z,אתיופיה,0,1,1
2021-05-28T00:00:00.000Z,בולגריה,10,128,138
2021-05-28T00:00:00.000Z,בוסניה הרצגובינה,0,1,1
2021-05-28T00:00:00.000Z,בורקינה פאסו,0,1,1
2021-05-28T00:00:00.000Z,בלגיה,1,8,9
2021-05-28T00:00:00.000Z,ברזיל,0,4,4
2021-05-28T00:00:00.000Z,גאורגיה,17,521,538
2021-05-28T00:00:00.000Z,גווטאמלה,0,2,2
2021-05-28T00:00:00.000Z,גמביה,0,3,3
2021-05-28T00:00:00.000Z,גרמניה,4,113,117
2021-05-28T00:00:00.000Z,דומיניקה,0,1,1
2021-05-28T00:00:00.000Z,דנמרק,0,2,2
2021-05-28T00:00:00.000Z,הולנד,9,49,58
2021-05-28T00:00:00.000Z,הונגריה,11,64,75
2021-05-28T00:00:00.000Z,הונדורס,0,1,1
2021-05-28T00:00:00.000Z,הממלכה המאוחדת,54,173,227
2021-05-28T00:00:00.000Z,הרפ הדומיניקנית,0,2,2
2021-05-28T00:00:00.000Z,יוון,6,271,277
2021-05-28T00:00:00.000Z,כלל המדינות,480,5715,6195
2021-05-28T00:00:00.000Z,לוכסמבורג,1,0,1
2021-05-28T00:00:00.000Z,לטביה,0,2,2
2021-05-28T00:00:00.000Z,ליטא,0,8,8
2021-05-28T00:00:00.000Z,מולדובה,0,1,1
2021-05-28T00:00:00.000Z,מונטנגרו,0,38,38
2021-05-28T00:00:00.000Z,מלדיבים,0,12,12
2021-05-28T00:00:00.000Z,מצרים,3,173,176
2021-05-28T00:00:00.000Z,מקסיקו,0,15,15
2021-05-28T00:00:00.000Z,מרוקו,2,1,3
2021-05-28T00:00:00.000Z,נורבגיה,0,1,1
2021-05-28T00:00:00.000Z,ניגריה,0,1,1
2021-05-28T00:00:00.000Z,נפאל,0,1,1
2021-05-28T00:00:00.000Z,סוריה,0,1,1
2021-05-28T00:00:00.000Z,סין,0,78,78
2021-05-28T00:00:00.000Z,סינגפור,0,10,10
2021-05-29T00:00:00.000Z,רומניה,8,80,88
2021-05-29T00:00:00.000Z,איחוד האמירויות הערב,3,58,61
2021-05-29T00:00:00.000Z,זמביה,0,3,3
2021-05-29T00:00:00.000Z,אוגנדה,0,2,2
2021-05-29T00:00:00.000Z,זאיר,1,1,2
2021-05-29T00:00:00.000Z,הרפ הדומיניקנית,0,3,3
2021-05-29T00:00:00.000Z,הממלכה המאוחדת,14,94,108
2021-05-29T00:00:00.000Z,הונג קונג,0,1,1
2021-05-29T00:00:00.000Z,הולנד,3,40,43
2021-05-29T00:00:00.000Z,דרום אפריקה,0,6,6
2021-05-29T00:00:00.000Z,דנמרק,3,14,17
2021-05-29T00:00:00.000Z,גרמניה,11,154,165
2021-05-29T00:00:00.000Z,גאנה,0,5,5
2021-05-29T00:00:00.000Z,גאורגיה,3,57,60
2021-05-29T00:00:00.000Z,ברזיל,0,1,1
2021-05-29T00:00:00.000Z,בלגיה,0,8,8
2021-05-29T00:00:00.000Z,בחריין,0,1,1
2021-05-29T00:00:00.000Z,בוסניה הרצגובינה,1,7,8
2021-05-29T00:00:00.000Z,בולגריה,1,0,1
2021-05-29T00:00:00.000Z,בוטסואנה,1,0,1
2021-05-29T00:00:00.000Z,אתיופיה,7,37,44
2021-05-29T00:00:00.000Z,ארצות הברית,81,708,789
2021-05-29T00:00:00.000Z,ארמניה,0,1,1
2021-05-29T00:00:00.000Z,ארגנטינה,0,4,4
2021-05-29T00:00:00.000Z,אסטוניה,0,1,1
2021-05-29T00:00:00.000Z,אל סלבדור,0,2,2
2021-05-29T00:00:00.000Z,אירלנד,0,9,9
2021-05-29T00:00:00.000Z,איסלנד,0,9,9
2021-05-29T00:00:00.000Z,איי סיישל,1,3,4
2021-05-29T00:00:00.000Z,איטליה,7,42,49
2021-05-29T00:00:00.000Z,אורגוואי,1,8,9
2021-05-29T00:00:00.000Z,אוקראינה,0,6,6
2021-05-29T00:00:00.000Z,אוסטרליה,0,4,4
2021-05-29T00:00:00.000Z,אוסטריה,2,28,30
2021-05-29T00:00:00.000Z,תורכיה,6,81,87
2021-05-29T00:00:00.000Z,תאילנד,1,9,10
2021-05-29T00:00:00.000Z,שוויץ,2,2,4
2021-05-29T00:00:00.000Z,שוודיה,0,3,3
2021-05-29T00:00:00.000Z,רוסיה,0,11,11
2021-05-29T00:00:00.000Z,חוף השנהב,0,1,1
2021-05-29T00:00:00.000Z,רואנדה,0,13,13
2021-05-29T00:00:00.000Z,קרואטיה,0,7,7
2021-05-29T00:00:00.000Z,קפריסין,27,450,477
2021-05-29T00:00:00.000Z,קניה,0,7,7
2021-05-29T00:00:00.000Z,קנדה,0,3,3
2021-05-29T00:00:00.000Z,קמבודיה,0,1,1
2021-05-29T00:00:00.000Z,קזחסטאן,0,5,5
2021-05-29T00:00:00.000Z,קוסטה ריקה,0,3,3
2021-05-29T00:00:00.000Z,קולומביה,0,2,2
2021-05-29T00:00:00.000Z,צרפת,3,67,70
2021-05-29T00:00:00.000Z,צכיה,0,2,2
2021-05-29T00:00:00.000Z,פרו,0,1,1
2021-05-29T00:00:00.000Z,פינלנד,0,8,8
2021-05-29T00:00:00.000Z,פיליפינים,0,2,2
2021-05-29T00:00:00.000Z,פורטוגל,1,14,15
2021-05-29T00:00:00.000Z,פולין,1,17,18
2021-05-29T00:00:00.000Z,טיוואן,0,1,1
2021-05-29T00:00:00.000Z,יוון,38,317,355
2021-05-29T00:00:00.000Z,יפן,0,1,1
2021-05-29T00:00:00.000Z,כלל המדינות,334,3353,3687
2021-05-29T00:00:00.000Z,לוכסמבורג,0,2,2
2021-05-29T00:00:00.000Z,ליטא,1,3,4
2021-05-29T00:00:00.000Z,מונטנגרו,0,1,1
2021-05-29T00:00:00.000Z,מלאווי,1,0,1
2021-05-29T00:00:00.000Z,מלדיבים,0,4,4
2021-05-29T00:00:00.000Z,מלטה,0,1,1
2021-05-29T00:00:00.000Z,מצרים,61,389,450
2021-05-29T00:00:00.000Z,מקסיקו,0,10,10
2021-05-29T00:00:00.000Z,מרוקו,1,0,1
2021-05-29T00:00:00.000Z,נורבגיה,0,2,2
2021-05-29T00:00:00.000Z,ניגריה,1,6,7
2021-05-29T00:00:00.000Z,ניו זילנד,0,1,1
2021-05-29T00:00:00.000Z,נמיביה,0,2,2
2021-05-29T00:00:00.000Z,סין,1,3,4
2021-05-29T00:00:00.000Z,סלובניה,0,3,3
2021-05-29T00:00:00.000Z,סנגל,0,2,2
2021-05-29T00:00:00.000Z,ספרד,4,32,36
2021-05-29T00:00:00.000Z,סרביה,0,4,4
2021-05-29T00:00:00.000Z,סרי לנקה (צילון),0,2,2
2021-05-30T00:00:00.000Z,הרפ הדומיניקנית,1,0,1
2021-05-30T00:00:00.000Z,הממלכה המאוחדת,79,350,429
2021-05-30T00:00:00.000Z,הונגריה,2,3,5
2021-05-30T00:00:00.000Z,הולנד,1,121,122
2021-05-30T00:00:00.000Z,האנטילים ההולנדים,0,1,1
2021-05-30T00:00:00.000Z,דרום אפריקה,0,1,1
2021-05-30T00:00:00.000Z,דנמרק,2,5,7
2021-05-30T00:00:00.000Z,גרמניה,4,82,86
2021-05-30T00:00:00.000Z,גאורגיה,36,394,430
2021-05-30T00:00:00.000Z,ברזיל,0,4,4
2021-05-30T00:00:00.000Z,בלגיה,4,14,18
2021-05-30T00:00:00.000Z,בילורוסיה,7,140,147
2021-05-30T00:00:00.000Z,בוסניה הרצגובינה,0,1,1
2021-05-30T00:00:00.000Z,בולגריה,21,191,212
2021-05-30T00:00:00.000Z,ארצות הברית,162,648,810
2021-05-30T00:00:00.000Z,ארגנטינה,0,1,1
2021-05-30T00:00:00.000Z,מקדוניה,0,2,2
2021-05-30T00:00:00.000Z,אסטוניה,0,2,2
2021-05-30T00:00:00.000Z,אנגולה,0,1,1
2021-05-30T00:00:00.000Z,אלבניה,0,4,4
2021-05-30T00:00:00.000Z,אירלנד,0,3,3
2021-05-30T00:00:00.000Z,אינדונזיה,0,1,1
2021-05-30T00:00:00.000Z,איי סיישל,14,130,144
2021-05-30T00:00:00.000Z,איטליה,6,24,30
2021-05-30T00:00:00.000Z,אזרביג'אן,0,2,2
2021-05-30T00:00:00.000Z,אוקראינה,12,94,106
2021-05-30T00:00:00.000Z,אוסטרליה,0,1,1
2021-05-30T00:00:00.000Z,אוסטריה,8,49,57
2021-05-30T00:00:00.000Z,אוזבקיסטן,0,1,1
2021-05-30T00:00:00.000Z,אוגנדה,0,3,3
2021-05-30T00:00:00.000Z,פורטוגל,2,16,18
2021-05-30T00:00:00.000Z,פיליפינים,0,19,19
2021-05-30T00:00:00.000Z,צכיה,0,6,6
2021-05-30T00:00:00.000Z,צרפת,40,277,317
2021-05-30T00:00:00.000Z,קוסטה ריקה,0,8,8
2021-05-30T00:00:00.000Z,קוריאה הדרומית,0,4,4
2021-05-30T00:00:00.000Z,קירג'זסטאן,0,4,4
2021-05-30T00:00:00.000Z,קמרון,0,3,3
2021-05-30T00:00:00.000Z,קנדה,10,73,83
2021-05-30T00:00:00.000Z,קפריסין,62,586,648
2021-05-30T00:00:00.000Z,קרואטיה,0,4,4
2021-05-30T00:00:00.000Z,מקסיקו,0,15,15
2021-05-30T00:00:00.000Z,רואנדה,0,1,1
2021-05-30T00:00:00.000Z,רומניה,13,77,90
2021-05-30T00:00:00.000Z,רוסיה,29,296,325
2021-05-30T00:00:00.000Z,שוודיה,0,5,5
2021-05-30T00:00:00.000Z,שוויץ,11,43,54
2021-05-30T00:00:00.000Z,תאילנד,0,12,12
2021-05-30T00:00:00.000Z,תוניסיה,0,1,1
2021-05-30T00:00:00.000Z,תורכיה,32,155,187
2021-05-30T00:00:00.000Z,מצרים,50,470,520
2021-05-30T00:00:00.000Z,נורבגיה,0,1,1
2021-05-30T00:00:00.000Z,ניגריה,1,0,1
2021-05-30T00:00:00.000Z,סוריה,0,5,5
2021-05-30T00:00:00.000Z,סינגפור,0,2,2
2021-05-30T00:00:00.000Z,מלזיה,0,1,1
2021-05-30T00:00:00.000Z,מלדיבים,4,7,11
2021-05-30T00:00:00.000Z,מונקו,0,1,1
2021-05-30T00:00:00.000Z,מולדובה,10,111,121
2021-05-30T00:00:00.000Z,לטביה,0,4,4
2021-05-30T00:00:00.000Z,לבנון,0,3,3
2021-05-30T00:00:00.000Z,כלל המדינות,987,9377,10364
2021-05-30T00:00:00.000Z,ירדן,24,141,165
2021-05-30T00:00:00.000Z,יפן,0,1,1
2021-05-30T00:00:00.000Z,יוון,115,1186,1301
2021-05-30T00:00:00.000Z,טיוואן,0,2,2
2021-05-30T00:00:00.000Z,ונצואלה,0,1,1
2021-05-30T00:00:00.000Z,ספרד,1,15,16
2021-05-30T00:00:00.000Z,סרביה,1,10,11
2021-05-30T00:00:00.000Z,איחוד האמירויות הערב,54,365,419
2021-05-30T00:00:00.000Z,ערב הסעודית,0,2,2
2021-05-30T00:00:00.000Z,פולין,10,40,50
2021-05-30T00:00:00.000Z,ויטנאם,0,5,5
2021-05-31T00:00:00.000Z,ליטא,2,16,18
2021-05-31T00:00:00.000Z,איי טורקס וקייקוס,2,0,2
2021-05-31T00:00:00.000Z,אוסטריה,25,112,137
2021-05-31T00:00:00.000Z,אוסטרליה,0,2,2
2021-05-31T00:00:00.000Z,אוקראינה,13,165,178
2021-05-31T00:00:00.000Z,אזרביג'אן,0,3,3
2021-05-31T00:00:00.000Z,איטליה,4,43,47
2021-05-31T00:00:00.000Z,איי סיישל,9,62,71
2021-05-31T00:00:00.000Z,אירלנד,0,4,4
2021-05-31T00:00:00.000Z,אלבניה,0,4,4
2021-05-31T00:00:00.000Z,אנגולה,0,1,1
2021-05-31T00:00:00.000Z,אסטוניה,0,2,2
2021-05-31T00:00:00.000Z,ארגנטינה,0,2,2
2021-05-31T00:00:00.000Z,ארמניה,0,4,4
2021-05-31T00:00:00.000Z,ארצות הברית,393,1497,1890
2021-05-31T00:00:00.000Z,אתיופיה,6,31,37
2021-05-31T00:00:00.000Z,בוטסואנה,0,1,1
2021-05-31T00:00:00.000Z,בולגריה,31,280,311
2021-05-31T00:00:00.000Z,בוליביה,0,3,3
2021-05-31T00:00:00.000Z,בלגיה,27,113,140
2021-05-31T00:00:00.000Z,ברזיל,0,7,7
2021-05-31T00:00:00.000Z,ברמודה,0,1,1
2021-05-31T00:00:00.000Z,גאורגיה,51,598,649
2021-05-31T00:00:00.000Z,גיברלטר,0,1,1
2021-05-31T00:00:00.000Z,גמייקה,2,2,4
2021-05-31T00:00:00.000Z,גרמניה,24,199,223
2021-05-31T00:00:00.000Z,דנמרק,1,4,5
2021-05-31T00:00:00.000Z,דרום אפריקה,0,9,9
2021-05-31T00:00:00.000Z,הודו,10,51,61
2021-05-31T00:00:00.000Z,הולנד,13,54,67
2021-05-31T00:00:00.000Z,הונג קונג,2,2,4
2021-05-31T00:00:00.000Z,הונגריה,21,58,79
2021-05-31T00:00:00.000Z,אוגנדה,1,6,7
2021-05-31T00:00:00.000Z,הממלכה המאוחדת,84,305,389
2021-05-31T00:00:00.000Z,הרפ הדומיניקנית,0,1,1
2021-05-31T00:00:00.000Z,זאיר,0,3,3
2021-05-31T00:00:00.000Z,זמביה,0,5,5
2021-05-31T00:00:00.000Z,חוף השנהב,0,2,2
2021-05-31T00:00:00.000Z,טיוואן,0,2,2
2021-05-31T00:00:00.000Z,טנזניה,3,10,13
2021-05-31T00:00:00.000Z,יוון,98,983,1081
2021-05-31T00:00:00.000Z,יפן,1,1,2
2021-05-31T00:00:00.000Z,ירדן,18,133,151
2021-05-31T00:00:00.000Z,כלל המדינות,1306,10070,11376
2021-05-31T00:00:00.000Z,לוכסמבורג,0,10,10
2021-05-31T00:00:00.000Z,לטביה,1,2,3
2021-05-31T00:00:00.000Z,אוזבקיסטן,2,71,73
2021-05-31T00:00:00.000Z,לסוטו,0,2,2
2021-05-31T00:00:00.000Z,מוזמביק,0,2,2
2021-05-31T00:00:00.000Z,מולדובה,0,5,5
2021-05-31T00:00:00.000Z,מונטנגרו,4,32,36
2021-05-31T00:00:00.000Z,מלדיבים,0,8,8
2021-05-31T00:00:00.000Z,מלטה,1,2,3
2021-05-31T00:00:00.000Z,מצרים,42,370,412
2021-05-31T00:00:00.000Z,מקסיקו,0,6,6
2021-05-31T00:00:00.000Z,מרוקו,0,3,3
2021-05-31T00:00:00.000Z,נורבגיה,0,1,1
2021-05-31T00:00:00.000Z,ניגריה,1,9,10
2021-05-31T00:00:00.000Z,ניו זילנד,0,1,1
2021-05-31T00:00:00.000Z,סווזילנד,0,1,1
2021-05-31T00:00:00.000Z,סוריה,0,8,8
2021-05-31T00:00:00.000Z,סין,0,1,1
2021-05-31T00:00:00.000Z,ספרד,7,90,97
2021-05-31T00:00:00.000Z,סרביה,0,11,11
2021-05-31T00:00:00.000Z,סרי לנקה (צילון),0,2,2
2021-05-31T00:00:00.000Z,פולין,3,7,10
2021-05-31T00:00:00.000Z,פורטוגל,1,20,21
2021-05-31T00:00:00.000Z,פיליפינים,0,18,18
2021-05-31T00:00:00.000Z,פינלנד,0,3,3
2021-05-31T00:00:00.000Z,פנמה,0,5,5
2021-05-31T00:00:00.000Z,צ'ילה,0,3,3
2021-05-31T00:00:00.000Z,צכיה,0,4,4
2021-05-31T00:00:00.000Z,צרפת,82,371,453
2021-05-31T00:00:00.000Z,קולומביה,0,8,8
2021-05-31T00:00:00.000Z,קוסובו,0,1,1
2021-05-31T00:00:00.000Z,קוריאה הדרומית,0,7,7
2021-05-31T00:00:00.000Z,קזחסטאן,0,3,3
2021-05-31T00:00:00.000Z,קטר,0,1,1
2021-05-31T00:00:00.000Z,קירג'זסטאן,0,14,14
2021-05-31T00:00:00.000Z,קנדה,3,15,18
2021-05-31T00:00:00.000Z,קניה,1,3,4
2021-05-31T00:00:00.000Z,קפריסין,37,348,385
2021-05-31T00:00:00.000Z,קרואטיה,10,79,89
2021-05-31T00:00:00.000Z,רואנדה,1,3,4
2021-05-31T00:00:00.000Z,רומניה,5,45,50
2021-05-31T00:00:00.000Z,רוסיה,41,330,371
2021-05-31T00:00:00.000Z,שוודיה,0,5,5
2021-05-31T00:00:00.000Z,שוויץ,24,52,76
2021-05-31T00:00:00.000Z,תאילנד,0,3,3
2021-05-31T00:00:00.000Z,תורכיה,5,61,66
2021-05-31T00:00:00.000Z,תורכמניסטאן,0,4,4
2021-05-31T00:00:00.000Z,איחוד האמירויות הערב,48,342,390
2021-06-01T00:00:00.000Z,קנדה,1,4,5
2021-06-01T00:00:00.000Z,קניה,0,13,13
2021-06-01T00:00:00.000Z,קפריסין,15,122,137
2021-06-01T00:00:00.000Z,קרואטיה,0,2,2
2021-06-01T00:00:00.000Z,רוסיה,3,74,77
2021-06-01T00:00:00.000Z,שוויץ,2,8,10
2021-06-01T00:00:00.000Z,תאילנד,0,8,8
2021-06-01T00:00:00.000Z,תוניסיה,0,1,1
2021-06-01T00:00:00.000Z,אוגנדה,0,2,2
2021-06-01T00:00:00.000Z,אוזבקיסטן,0,4,4
2021-06-01T00:00:00.000Z,אוסטריה,2,8,10
2021-06-01T00:00:00.000Z,אוקראינה,12,147,159
2021-06-01T00:00:00.000Z,אורגוואי,1,3,4
2021-06-01T00:00:00.000Z,אזרביג'אן,0,1,1
2021-06-01T00:00:00.000Z,איטליה,11,72,83
2021-06-01T00:00:00.000Z,איסלנד,0,10,10
2021-06-01T00:00:00.000Z,אירלנד,0,3,3
2021-06-01T00:00:00.000Z,אלבניה,1,0,1
2021-06-01T00:00:00.000Z,אנגולה,0,2,2
2021-06-01T00:00:00.000Z,אקואדור,2,6,8
2021-06-01T00:00:00.000Z,ארגנטינה,3,8,11
2021-06-01T00:00:00.000Z,ארמניה,0,1,1
2021-06-01T00:00:00.000Z,ארצות הברית,197,924,1121
2021-06-01T00:00:00.000Z,אתיופיה,5,21,26
2021-06-01T00:00:00.000Z,בולגריה,6,66,72
2021-06-01T00:00:00.000Z,בוליביה,0,1,1
2021-06-01T00:00:00.000Z,בילורוסיה,4,63,67
2021-06-01T00:00:00.000Z,בלגיה,5,3,8
2021-06-01T00:00:00.000Z,ברבדוס,0,1,1
2021-06-01T00:00:00.000Z,ברזיל,0,9,9
2021-06-01T00:00:00.000Z,גאורגיה,41,211,252
2021-06-01T00:00:00.000Z,גאנה,0,1,1
2021-06-01T00:00:00.000Z,גינאה,1,1,2
2021-06-01T00:00:00.000Z,גינאה המשוונית,2,1,3
2021-06-01T00:00:00.000Z,גרמניה,28,271,299
2021-06-01T00:00:00.000Z,דנמרק,0,8,8
2021-06-01T00:00:00.000Z,דרום אפריקה,0,10,10
2021-06-01T00:00:00.000Z,הולנד,3,34,37
2021-06-01T00:00:00.000Z,הממלכה המאוחדת,82,321,403
2021-06-01T00:00:00.000Z,זאיר,0,1,1
2021-06-01T00:00:00.000Z,זמביה,0,1,1
2021-06-01T00:00:00.000Z,חוף השנהב,0,2,2
2021-06-01T00:00:00.000Z,טיוואן,0,1,1
2021-06-01T00:00:00.000Z,יוון,40,338,378
2021-06-01T00:00:00.000Z,ירדן,13,78,91
2021-06-01T00:00:00.000Z,כלל המדינות,702,5973,6675
2021-06-01T00:00:00.000Z,ליטא,0,8,8
2021-06-01T00:00:00.000Z,מוזמביק,1,2,3
2021-06-01T00:00:00.000Z,מולדובה,4,115,119
2021-06-01T00:00:00.000Z,מצרים,24,261,285
2021-06-01T00:00:00.000Z,מקסיקו,0,9,9
2021-06-01T00:00:00.000Z,ניגריה,0,3,3
2021-06-01T00:00:00.000Z,סלובניה,1,0,1
2021-06-01T00:00:00.000Z,סנגל,0,1,1
2021-06-01T00:00:00.000Z,ספרד,7,88,95
2021-06-01T00:00:00.000Z,תורכיה,8,60,68
2021-06-01T00:00:00.000Z,פולין,4,30,34
2021-06-01T00:00:00.000Z,פורטוגל,2,17,19
2021-06-01T00:00:00.000Z,פיליפינים,0,2,2
2021-06-01T00:00:00.000Z,פינלנד,0,2,2
2021-06-01T00:00:00.000Z,פנמה,0,1,1
2021-06-01T00:00:00.000Z,פרו,0,3,3
2021-06-01T00:00:00.000Z,צרפת,34,168,202
2021-06-01T00:00:00.000Z,קולומביה,0,3,3
2021-06-01T00:00:00.000Z,קוסטה ריקה,0,15,15
2021-06-01T00:00:00.000Z,קוריאה הדרומית,0,2,2
2021-06-01T00:00:00.000Z,איחוד האמירויות הערב,44,289,333
2021-06-01T00:00:00.000Z,קזחסטאן,0,1,1
2021-06-01T00:00:00.000Z,סרביה,0,6,6
2021-06-02T00:00:00.000Z,ויטנאם,0,1,1
2021-06-02T00:00:00.000Z,ונצואלה,0,1,1
2021-06-02T00:00:00.000Z,זאיר,0,1,1
2021-06-02T00:00:00.000Z,זימבאבווה,0,2,2
2021-06-02T00:00:00.000Z,טיוואן,0,4,4
2021-06-02T00:00:00.000Z,טנזניה,0,1,1
2021-06-02T00:00:00.000Z,יוון,26,305,331
2021-06-02T00:00:00.000Z,יפן,0,1,1
2021-06-02T00:00:00.000Z,ירדן,9,66,75
2021-06-02T00:00:00.000Z,כלל המדינות,1017,7092,8109
2021-06-02T00:00:00.000Z,לטביה,0,1,1
2021-06-02T00:00:00.000Z,ליטא,1,0,1
2021-06-02T00:00:00.000Z,מונטנגרו,1,32,33
2021-06-02T00:00:00.000Z,מלדיבים,1,15,16
2021-06-02T00:00:00.000Z,מלטה,0,3,3
2021-06-02T00:00:00.000Z,מצרים,15,142,157
2021-06-02T00:00:00.000Z,מקדוניה,0,2,2
2021-06-02T00:00:00.000Z,מקסיקו,1,11,12
2021-06-02T00:00:00.000Z,מרוקו,0,3,3
2021-06-02T00:00:00.000Z,נורבגיה,0,1,1
2021-06-02T00:00:00.000Z,ניגריה,0,1,1
2021-06-02T00:00:00.000Z,סין,0,19,19
2021-06-02T00:00:00.000Z,בילורוסיה,1,30,31
2021-06-02T00:00:00.000Z,סלובניה,0,4,4
2021-06-02T00:00:00.000Z,ספרד,6,74,80
2021-06-02T00:00:00.000Z,סרביה,2,6,8
2021-06-02T00:00:00.000Z,סרי לנקה (צילון),1,0,1
2021-06-02T00:00:00.000Z,ערב הסעודית,0,6,6
2021-06-02T00:00:00.000Z,פולין,10,90,100
2021-06-02T00:00:00.000Z,פורטוגל,0,10,10
2021-06-02T00:00:00.000Z,ארצות הברית,373,1505,1878
2021-06-02T00:00:00.000Z,ארגנטינה,1,12,13
2021-06-02T00:00:00.000Z,אסטוניה,0,1,1
2021-06-02T00:00:00.000Z,אנגולה,0,2,2
2021-06-02T00:00:00.000Z,אלבניה,0,3,3
2021-06-02T00:00:00.000Z,אירלנד,0,4,4
2021-06-02T00:00:00.000Z,אינדונזיה,0,1,1
2021-06-02T00:00:00.000Z,איי סיישל,1,42,43
2021-06-02T00:00:00.000Z,איטליה,5,55,60
2021-06-02T00:00:00.000Z,אזרביג'אן,0,4,4
2021-06-02T00:00:00.000Z,אוקראינה,4,63,67
2021-06-02T00:00:00.000Z,אוסטרליה,0,5,5
2021-06-02T00:00:00.000Z,אוסטריה,12,80,92
2021-06-02T00:00:00.000Z,אוזבקיסטן,0,1,1
2021-06-02T00:00:00.000Z,תורכיה,22,121,143
2021-06-02T00:00:00.000Z,תורכמניסטאן,0,1,1
2021-06-02T00:00:00.000Z,בלגיה,0,5,5
2021-06-02T00:00:00.000Z,ברזיל,0,7,7
2021-06-02T00:00:00.000Z,גאורגיה,18,140,158
2021-06-02T00:00:00.000Z,גאנה,1,0,1
2021-06-02T00:00:00.000Z,גויאנה הצרפתית,0,3,3
2021-06-02T00:00:00.000Z,גרמניה,47,167,214
2021-06-02T00:00:00.000Z,דנמרק,3,7,10
2021-06-02T00:00:00.000Z,דרום אפריקה,0,3,3
2021-06-02T00:00:00.000Z,פינלנד,0,3,3
2021-06-02T00:00:00.000Z,פיליפינים,0,4,4
2021-06-02T00:00:00.000Z,אתיופיה,3,20,23
2021-06-02T00:00:00.000Z,בוטסואנה,0,3,3
2021-06-02T00:00:00.000Z,בולגריה,19,114,133
2021-06-02T00:00:00.000Z,בוליביה,0,3,3
2021-06-02T00:00:00.000Z,איחוד האמירויות הערב,39,238,277
2021-06-02T00:00:00.000Z,פנמה,0,1,1
2021-06-02T00:00:00.000Z,פרגוואי,0,4,4
2021-06-02T00:00:00.000Z,פרו,0,1,1
2021-06-02T00:00:00.000Z,צכיה,0,4,4
2021-06-02T00:00:00.000Z,צרפת,94,371,465
2021-06-02T00:00:00.000Z,קולומביה,0,3,3
2021-06-02T00:00:00.000Z,קוסטה ריקה,0,15,15
2021-06-02T00:00:00.000Z,קוריאה הדרומית,0,6,6
2021-06-02T00:00:00.000Z,קזחסטאן,0,2,2
2021-06-02T00:00:00.000Z,קטר,0,1,1
2021-06-02T00:00:00.000Z,קנדה,19,79,98
2021-06-02T00:00:00.000Z,קניה,0,4,4
2021-06-02T00:00:00.000Z,קפריסין,27,145,172
2021-06-02T00:00:00.000Z,קרואטיה,2,7,9
2021-06-02T00:00:00.000Z,רומניה,11,79,90
2021-06-02T00:00:00.000Z,רוסיה,2,7,9
2021-06-02T00:00:00.000Z,שוודיה,0,6,6
2021-06-02T00:00:00.000Z,שוויץ,27,60,87
2021-06-02T00:00:00.000Z,תאילנד,0,10,10
2021-06-02T00:00:00.000Z,תוניסיה,1,2,3
2021-06-02T00:00:00.000Z,דרום סודאן,0,1,1
2021-06-02T00:00:00.000Z,הולנד,12,75,87
2021-06-02T00:00:00.000Z,הונג קונג,0,5,5
2021-06-02T00:00:00.000Z,הונגריה,25,50,75
2021-06-02T00:00:00.000Z,הממלכה המאוחדת,61,311,372
2021-06-02T00:00:00.000Z,הרפ הדומיניקנית,0,1,1
2021-06-02T00:00:00.000Z,סינגפור,3,18,21
2021-06-03T00:00:00.000Z,גווטאמלה,0,1,1
2021-06-03T00:00:00.000Z,איחוד האמירויות הערב,40,290,330
2021-06-03T00:00:00.000Z,תורכמניסטאן,0,5,5
2021-06-03T00:00:00.000Z,תורכיה,15,99,114
2021-06-03T00:00:00.000Z,תאילנד,0,6,6
2021-06-03T00:00:00.000Z,שוויץ,9,66,75
2021-06-03T00:00:00.000Z,שוודיה,0,10,10
2021-06-03T00:00:00.000Z,רוסיה,18,247,265
2021-06-03T00:00:00.000Z,רומניה,11,35,46
2021-06-03T00:00:00.000Z,רואנדה,2,11,13
2021-06-03T00:00:00.000Z,ראוניון,0,1,1
2021-06-03T00:00:00.000Z,קרואטיה,0,5,5
2021-06-03T00:00:00.000Z,קפריסין,43,242,285
2021-06-03T00:00:00.000Z,קניה,0,4,4
2021-06-03T00:00:00.000Z,קנדה,0,4,4
2021-06-03T00:00:00.000Z,קמרון,1,2,3
2021-06-03T00:00:00.000Z,קוריאה הדרומית,1,3,4
2021-06-03T00:00:00.000Z,קוסובו,0,1,1
2021-06-03T00:00:00.000Z,קולומביה,0,2,2
2021-06-03T00:00:00.000Z,צרפת,70,213,283
2021-06-03T00:00:00.000Z,צכיה,3,30,33
2021-06-03T00:00:00.000Z,צ'ילה,0,6,6
2021-06-03T00:00:00.000Z,פרו,0,7,7
2021-06-03T00:00:00.000Z,פנמה,1,5,6
2021-06-03T00:00:00.000Z,פינלנד,0,5,5
2021-06-03T00:00:00.000Z,פיליפינים,0,8,8
2021-06-03T00:00:00.000Z,פורטוגל,0,11,11
2021-06-03T00:00:00.000Z,פולין,3,18,21
2021-06-03T00:00:00.000Z,עירק,0,2,2
2021-06-03T00:00:00.000Z,סרביה,0,3,3
2021-06-03T00:00:00.000Z,ספרד,6,48,54
2021-06-03T00:00:00.000Z,סין,1,5,6
2021-06-03T00:00:00.000Z,נמיביה,2,1,3
2021-06-03T00:00:00.000Z,ניגריה,1,9,10
2021-06-03T00:00:00.000Z,נורבגיה,0,2,2
2021-06-03T00:00:00.000Z,מרוקו,0,2,2
2021-06-03T00:00:00.000Z,מקסיקו,0,3,3
2021-06-03T00:00:00.000Z,מקדוניה,0,4,4
2021-06-03T00:00:00.000Z,מצרים,36,282,318
2021-06-03T00:00:00.000Z,מלדיבים,2,0,2
2021-06-03T00:00:00.000Z,מולדובה,7,103,110
2021-06-03T00:00:00.000Z,לבנון,0,1,1
2021-06-03T00:00:00.000Z,כלל המדינות,1223,9413,10636
2021-06-03T00:00:00.000Z,ירדן,18,118,136
2021-06-03T00:00:00.000Z,יפן,0,2,2
2021-06-03T00:00:00.000Z,יוון,93,671,764
2021-06-03T00:00:00.000Z,טנזניה,0,6,6
2021-06-03T00:00:00.000Z,טיוואן,0,2,2
2021-06-03T00:00:00.000Z,טוגו,0,1,1
2021-06-03T00:00:00.000Z,חוף השנהב,0,4,4
2021-06-03T00:00:00.000Z,זמביה,1,3,4
2021-06-03T00:00:00.000Z,ונואטו,0,1,1
2021-06-03T00:00:00.000Z,הממלכה המאוחדת,77,314,391
2021-06-03T00:00:00.000Z,הונגריה,29,56,85
2021-06-03T00:00:00.000Z,הונג קונג,0,1,1
2021-06-03T00:00:00.000Z,הולנד,0,14,14
2021-06-03T00:00:00.000Z,הודו,0,5,5
2021-06-03T00:00:00.000Z,דרום אפריקה,0,11,11
2021-06-03T00:00:00.000Z,דרום אמריקה,0,5,5
2021-06-03T00:00:00.000Z,דנמרק,1,6,7
2021-06-03T00:00:00.000Z,אוגנדה,2,2,4
2021-06-03T00:00:00.000Z,אוזבקיסטן,0,4,4
2021-06-03T00:00:00.000Z,אוסטריה,4,49,53
2021-06-03T00:00:00.000Z,אוסטרליה,0,1,1
2021-06-03T00:00:00.000Z,אוקראינה,10,89,99
2021-06-03T00:00:00.000Z,אזרביג'אן,0,18,18
2021-06-03T00:00:00.000Z,איטליה,1,21,22
2021-06-03T00:00:00.000Z,איי טורקס וקייקוס,0,1,1
2021-06-03T00:00:00.000Z,איי סיישל,6,59,65
2021-06-03T00:00:00.000Z,איסלנד,1,15,16
2021-06-03T00:00:00.000Z,אירלנד,0,3,3
2021-06-03T00:00:00.000Z,אנגולה,0,2,2
2021-06-03T00:00:00.000Z,ארגנטינה,1,17,18
2021-06-03T00:00:00.000Z,ארצות הברית,260,987,1247
2021-06-03T00:00:00.000Z,אתיופיה,4,14,18
2021-06-03T00:00:00.000Z,בולגריה,11,161,172
2021-06-03T00:00:00.000Z,בוליביה,0,3,3
2021-06-03T00:00:00.000Z,בוסניה הרצגובינה,5,8,13
2021-06-03T00:00:00.000Z,בילורוסיה,5,64,69
2021-06-03T00:00:00.000Z,בלגיה,37,105,142
2021-06-03T00:00:00.000Z,ברזיל,0,6,6
2021-06-03T00:00:00.000Z,גאורגיה,59,446,505
2021-06-03T00:00:00.000Z,גאנה,1,1,2
2021-06-03T00:00:00.000Z,גרמניה,15,148,163
2021-06-03T00:00:00.000Z,גויאנה הצרפתית,0,1,1
2021-06-03T00:00:00.000Z,גינאה,0,1,1
2021-06-03T00:00:00.000Z,גינאה המשוונית,0,3,3
2021-06-04T00:00:00.000Z,לטביה,2,2,4
2021-06-04T00:00:00.000Z,טנזניה,0,1,1
2021-06-04T00:00:00.000Z,תורכיה,12,113,125
2021-06-04T00:00:00.000Z,תוניסיה,2,0,2
2021-06-04T00:00:00.000Z,שוויץ,23,62,85
2021-06-04T00:00:00.000Z,שוודיה,2,3,5
2021-06-04T00:00:00.000Z,רוסיה,11,192,203
2021-06-04T00:00:00.000Z,רומניה,17,61,78
2021-06-04T00:00:00.000Z,קרואטיה,0,5,5
2021-06-04T00:00:00.000Z,קפריסין,24,108,132
2021-06-04T00:00:00.000Z,קניה,7,2,9
2021-06-04T00:00:00.000Z,קנדה,8,43,51
2021-06-04T00:00:00.000Z,קוריאה הדרומית,0,2,2
2021-06-04T00:00:00.000Z,קוסטה ריקה,3,3,6
2021-06-04T00:00:00.000Z,קולומביה,0,6,6
2021-06-04T00:00:00.000Z,צרפת,94,272,366
2021-06-04T00:00:00.000Z,צכיה,0,8,8
2021-06-04T00:00:00.000Z,צ'ילה,0,1,1
2021-06-04T00:00:00.000Z,פרו,0,2,2
2021-06-04T00:00:00.000Z,פינלנד,1,7,8
2021-06-04T00:00:00.000Z,פורטוגל,0,22,22
2021-06-04T00:00:00.000Z,פולין,18,59,77
2021-06-04T00:00:00.000Z,סרי לנקה (צילון),0,3,3
2021-06-04T00:00:00.000Z,סרביה,1,15,16
2021-06-04T00:00:00.000Z,ספרד,4,76,80
2021-06-04T00:00:00.000Z,סנגל,0,1,1
2021-06-04T00:00:00.000Z,סמואה,0,1,1
2021-06-04T00:00:00.000Z,סלובניה,0,3,3
2021-06-04T00:00:00.000Z,סוריה,0,1,1
2021-06-04T00:00:00.000Z,נפאל,0,1,1
2021-06-04T00:00:00.000Z,ניו זילנד,1,1,2
2021-06-04T00:00:00.000Z,ניגריה,0,7,7
2021-06-04T00:00:00.000Z,נורבגיה,0,2,2
2021-06-04T00:00:00.000Z,מרוקו,1,5,6
2021-06-04T00:00:00.000Z,מקסיקו,0,7,7
2021-06-04T00:00:00.000Z,מקדוניה,0,2,2
2021-06-04T00:00:00.000Z,מצרים,39,243,282
2021-06-04T00:00:00.000Z,מלדיבים,0,7,7
2021-06-04T00:00:00.000Z,מונטנגרו,5,21,26
2021-06-04T00:00:00.000Z,ליטא,3,11,14
2021-06-04T00:00:00.000Z,תורכמניסטאן,2,2,4
2021-06-04T00:00:00.000Z,לוכסמבורג,0,1,1
2021-06-04T00:00:00.000Z,כלל המדינות,1069,6367,7436
2021-06-04T00:00:00.000Z,ירדן,0,12,12
2021-06-04T00:00:00.000Z,יפן,0,4,4
2021-06-04T00:00:00.000Z,בלגיה,0,5,5
2021-06-04T00:00:00.000Z,ברמודה,0,1,1
2021-06-04T00:00:00.000Z,גאורגיה,31,314,345
2021-06-04T00:00:00.000Z,גאנה,1,1,2
2021-06-04T00:00:00.000Z,גווטאמלה,0,2,2
2021-06-04T00:00:00.000Z,גמייקה,0,1,1
2021-06-04T00:00:00.000Z,גרמניה,26,263,289
2021-06-04T00:00:00.000Z,דנמרק,1,3,4
2021-06-04T00:00:00.000Z,הולנד,16,74,90
2021-06-04T00:00:00.000Z,הונגריה,2,8,10
2021-06-04T00:00:00.000Z,הממלכה המאוחדת,52,148,200
2021-06-04T00:00:00.000Z,ויטנאם,0,3,3
2021-06-04T00:00:00.000Z,ונצואלה,1,0,1
2021-06-04T00:00:00.000Z,זאיר,0,1,1
2021-06-04T00:00:00.000Z,בילורוסיה,1,3,4
2021-06-04T00:00:00.000Z,בוסניה הרצגובינה,4,5,9
2021-06-04T00:00:00.000Z,בוליביה,0,3,3
2021-06-04T00:00:00.000Z,בולגריה,21,175,196
2021-06-04T00:00:00.000Z,ארצות הברית,301,1082,1383
2021-06-04T00:00:00.000Z,ארגנטינה,0,5,5
2021-06-04T00:00:00.000Z,אסטוניה,0,2,2
2021-06-04T00:00:00.000Z,אנגולה,0,3,3
2021-06-04T00:00:00.000Z,אירלנד,0,5,5
2021-06-04T00:00:00.000Z,אינדונזיה,0,1,1
2021-06-04T00:00:00.000Z,איטליה,12,80,92
2021-06-04T00:00:00.000Z,אזרביג'אן,1,9,10
2021-06-04T00:00:00.000Z,אורגוואי,0,6,6
2021-06-04T00:00:00.000Z,אוקראינה,7,69,76
2021-06-04T00:00:00.000Z,אוסטרליה,1,12,13
2021-06-04T00:00:00.000Z,אוסטריה,30,140,170
2021-06-04T00:00:00.000Z,אוזבקיסטן,1,1,2
2021-06-04T00:00:00.000Z,אוגנדה,0,2,2
2021-06-04T00:00:00.000Z,איחוד האמירויות הערב,53,336,389
2021-06-04T00:00:00.000Z,זמביה,0,1,1
2021-06-04T00:00:00.000Z,יוון,57,416,473
2021-06-05T00:00:00.000Z,מולדובה,0,1,1
2021-06-05T00:00:00.000Z,לטביה,0,3,3
2021-06-05T00:00:00.000Z,כלל המדינות,392,4030,4422
2021-06-05T00:00:00.000Z,יפן,0,5,5
2021-06-05T00:00:00.000Z,יוון,40,413,453
2021-06-05T00:00:00.000Z,טנזניה,0,5,5
2021-06-05T00:00:00.000Z,טיוואן,0,11,11
2021-06-05T00:00:00.000Z,חוף השנהב,1,5,6
2021-06-05T00:00:00.000Z,זמביה,1,5,6
2021-06-05T00:00:00.000Z,זימבאבווה,0,2,2
2021-06-05T00:00:00.000Z,זאיר,0,2,2
2021-06-05T00:00:00.000Z,הרפ הדומיניקנית,1,1,2
2021-06-05T00:00:00.000Z,הממלכה המאוחדת,8,90,98
2021-06-05T00:00:00.000Z,הונגריה,1,15,16
2021-06-05T00:00:00.000Z,הונג קונג,0,1,1
2021-06-05T00:00:00.000Z,הולנד,3,64,67
2021-06-05T00:00:00.000Z,דרום אפריקה,0,10,10
2021-06-05T00:00:00.000Z,דנמרק,3,3,6
2021-06-05T00:00:00.000Z,גרמניה,5,144,149
2021-06-05T00:00:00.000Z,גווטאמלה,0,1,1
2021-06-05T00:00:00.000Z,גאורגיה,7,82,89
2021-06-05T00:00:00.000Z,בורקינה פאסו,0,2,2
2021-06-05T00:00:00.000Z,בורונדי,0,1,1
2021-06-05T00:00:00.000Z,בולגריה,0,2,2
2021-06-05T00:00:00.000Z,אתיופיה,4,24,28
2021-06-05T00:00:00.000Z,ארצות הברית,112,912,1024
2021-06-05T00:00:00.000Z,ארמניה,0,3,3
2021-06-05T00:00:00.000Z,אקואדור,0,2,2
2021-06-05T00:00:00.000Z,איחוד האמירויות הערב,16,165,181
2021-06-05T00:00:00.000Z,גינאה,1,0,1
2021-06-05T00:00:00.000Z,תורכמניסטאן,1,1,2
2021-06-05T00:00:00.000Z,תורכיה,24,147,171
2021-06-05T00:00:00.000Z,תאילנד,0,1,1
2021-06-05T00:00:00.000Z,שוויץ,2,34,36
2021-06-05T00:00:00.000Z,שוודיה,0,5,5
2021-06-05T00:00:00.000Z,רוסיה,0,1,1
2021-06-05T00:00:00.000Z,רומניה,6,106,112
2021-06-05T00:00:00.000Z,רואנדה,1,4,5
2021-06-05T00:00:00.000Z,קרואטיה,0,5,5
2021-06-05T00:00:00.000Z,קפריסין,39,376,415
2021-06-05T00:00:00.000Z,אלבניה,0,3,3
2021-06-05T00:00:00.000Z,איסלנד,0,9,9
2021-06-05T00:00:00.000Z,איי סיישל,0,1,1
2021-06-05T00:00:00.000Z,איי טורקס וקייקוס,0,1,1
2021-06-05T00:00:00.000Z,איטליה,2,34,36
2021-06-05T00:00:00.000Z,אזרביג'אן,0,3,3
2021-06-05T00:00:00.000Z,אוסטרליה,0,2,2
2021-06-05T00:00:00.000Z,אוסטריה,5,40,45
2021-06-05T00:00:00.000Z,אוזבקיסטן,0,3,3
2021-06-05T00:00:00.000Z,אוגנדה,0,1,1
2021-06-05T00:00:00.000Z,קניה,0,8,8
2021-06-05T00:00:00.000Z,קנדה,2,0,2
2021-06-05T00:00:00.000Z,קמרון,2,0,2
2021-06-05T00:00:00.000Z,קמבודיה,0,1,1
2021-06-05T00:00:00.000Z,קטר,0,1,1
2021-06-05T00:00:00.000Z,קוריאה הדרומית,0,3,3
2021-06-05T00:00:00.000Z,קוסטה ריקה,0,2,2
2021-06-05T00:00:00.000Z,צרפת,9,60,69
2021-06-05T00:00:00.000Z,צ'ילה,0,3,3
2021-06-05T00:00:00.000Z,צאד,0,1,1
2021-06-05T00:00:00.000Z,פרו,0,2,2
2021-06-05T00:00:00.000Z,פיליפינים,0,14,14
2021-06-05T00:00:00.000Z,פורטוגל,2,6,8
2021-06-05T00:00:00.000Z,פולין,6,77,83
2021-06-05T00:00:00.000Z,עירק,1,1,2
2021-06-05T00:00:00.000Z,סרי לנקה (צילון),0,1,1
2021-06-05T00:00:00.000Z,סרביה,0,12,12
2021-06-05T00:00:00.000Z,ספרד,2,17,19
2021-06-05T00:00:00.000Z,סלובניה,0,2,2
2021-06-05T00:00:00.000Z,סינגפור,0,4,4
2021-06-05T00:00:00.000Z,סין,2,16,18
2021-06-05T00:00:00.000Z,סווזילנד,0,1,1
2021-06-05T00:00:00.000Z,ניגריה,0,2,2
2021-06-05T00:00:00.000Z,נורבגיה,0,2,2
2021-06-05T00:00:00.000Z,מקסיקו,0,2,2
2021-06-05T00:00:00.000Z,מצרים,46,482,528
2021-06-05T00:00:00.000Z,מלדיבים,0,4,4
2021-06-05T00:00:00.000Z,מלאווי,0,1,1
2021-06-06T00:00:00.000Z,מולדובה,8,115,123
2021-06-06T00:00:00.000Z,בולגריה,40,374,414
2021-06-06T00:00:00.000Z,אוגנדה,0,2,2
2021-06-06T00:00:00.000Z,אוסטריה,11,50,61
2021-06-06T00:00:00.000Z,אוסטרליה,0,3,3
2021-06-06T00:00:00.000Z,אוקראינה,20,123,143
2021-06-06T00:00:00.000Z,אורגוואי,1,0,1
2021-06-06T00:00:00.000Z,אזרביג'אן,0,6,6
2021-06-06T00:00:00.000Z,איטליה,5,33,38
2021-06-06T00:00:00.000Z,איי סיישל,6,66,72
2021-06-06T00:00:00.000Z,איסלנד,0,1,1
2021-06-06T00:00:00.000Z,אירלנד,0,7,7
2021-06-06T00:00:00.000Z,אנגליה,0,1,1
2021-06-06T00:00:00.000Z,אסטוניה,0,2,2
2021-06-06T00:00:00.000Z,ארגנטינה,0,1,1
2021-06-06T00:00:00.000Z,ארצות הברית,60,940,1000
2021-06-06T00:00:00.000Z,בוליביה,0,3,3
2021-06-06T00:00:00.000Z,בוסניה הרצגובינה,0,2,2
2021-06-06T00:00:00.000Z,בילורוסיה,15,137,152
2021-06-06T00:00:00.000Z,בלגיה,8,109,117
2021-06-06T00:00:00.000Z,ברזיל,0,2,2
2021-06-06T00:00:00.000Z,גאורגיה,50,559,609
2021-06-06T00:00:00.000Z,גאנה,0,1,1
2021-06-06T00:00:00.000Z,גווטאמלה,0,1,1
2021-06-06T00:00:00.000Z,גרמניה,10,263,273
2021-06-06T00:00:00.000Z,דנמרק,0,12,12
2021-06-06T00:00:00.000Z,דרום אפריקה,1,1,2
2021-06-06T00:00:00.000Z,הולנד,3,94,97
2021-06-06T00:00:00.000Z,הממלכה המאוחדת,50,506,556
2021-06-06T00:00:00.000Z,חוף השנהב,0,6,6
2021-06-06T00:00:00.000Z,יוון,197,2309,2506
2021-06-06T00:00:00.000Z,ירדן,14,128,142
2021-06-06T00:00:00.000Z,כלל המדינות,891,11433,12324
2021-06-06T00:00:00.000Z,לוכסמבורג,0,1,1
2021-06-06T00:00:00.000Z,ליטא,0,2,2
2021-06-06T00:00:00.000Z,מונטנגרו,0,1,1
2021-06-06T00:00:00.000Z,מלדיבים,6,4,10
2021-06-06T00:00:00.000Z,מצרים,56,685,741
2021-06-06T00:00:00.000Z,מקדוניה,1,0,1
2021-06-06T00:00:00.000Z,מקסיקו,1,3,4
2021-06-06T00:00:00.000Z,נורבגיה,0,1,1
2021-06-06T00:00:00.000Z,סין,0,1,1
2021-06-06T00:00:00.000Z,סלובניה,0,7,7
2021-06-06T00:00:00.000Z,ספרד,2,16,18
2021-06-06T00:00:00.000Z,סרביה,1,5,6
2021-06-06T00:00:00.000Z,פולין,7,45,52
2021-06-06T00:00:00.000Z,פורטוגל,2,21,23
2021-06-06T00:00:00.000Z,פינלנד,1,2,3
2021-06-06T00:00:00.000Z,פנמה,0,2,2
2021-06-06T00:00:00.000Z,פרגוואי,0,1,1
2021-06-06T00:00:00.000Z,פרו,0,2,2
2021-06-06T00:00:00.000Z,צכיה,2,11,13
2021-06-06T00:00:00.000Z,צרפת,42,368,410
2021-06-06T00:00:00.000Z,קולומביה,0,2,2
2021-06-06T00:00:00.000Z,קוסטה ריקה,0,12,12
2021-06-06T00:00:00.000Z,קוריאה הדרומית,0,13,13
2021-06-06T00:00:00.000Z,קזחסטאן,0,1,1
2021-06-06T00:00:00.000Z,קטר,0,1,1
2021-06-06T00:00:00.000Z,קנדה,0,55,55
2021-06-06T00:00:00.000Z,קניה,0,1,1
2021-06-06T00:00:00.000Z,קפריסין,79,570,649
2021-06-06T00:00:00.000Z,קרואטיה,0,3,3
2021-06-06T00:00:00.000Z,רומניה,5,126,131
2021-06-06T00:00:00.000Z,רוסיה,5,93,98
2021-06-06T00:00:00.000Z,שוודיה,0,9,9
2021-06-06T00:00:00.000Z,שוויץ,8,46,54
2021-06-06T00:00:00.000Z,תאילנד,0,6,6
2021-06-06T00:00:00.000Z,תורכיה,21,196,217
2021-06-06T00:00:00.000Z,תורכמניסטאן,0,2,2
2021-06-06T00:00:00.000Z,איחוד האמירויות הערב,34,261,295
2021-06-07T00:00:00.000Z,תורכיה,20,122,142
2021-06-07T00:00:00.000Z,נמיביה,0,1,1
2021-06-07T00:00:00.000Z,אוזבקיסטן,4,85,89
2021-06-07T00:00:00.000Z,אוסטריה,20,210,230
2021-06-07T00:00:00.000Z,אוסטרליה,0,2,2
2021-06-07T00:00:00.000Z,אוקראינה,17,52,69
2021-06-07T00:00:00.000Z,אורגוואי,1,0,1
2021-06-07T00:00:00.000Z,אזרביג'אן,0,6,6
2021-06-07T00:00:00.000Z,איטליה,12,164,176
2021-06-07T00:00:00.000Z,איי טורקס וקייקוס,0,1,1
2021-06-07T00:00:00.000Z,ניו זילנד,0,1,1
2021-06-07T00:00:00.000Z,איחוד האמירויות הערב,63,519,582
2021-06-07T00:00:00.000Z,ניגריה,1,6,7
2021-06-07T00:00:00.000Z,נורבגיה,0,1,1
2021-06-07T00:00:00.000Z,מרוקו,0,2,2
2021-06-07T00:00:00.000Z,מקסיקו,1,4,5
2021-06-07T00:00:00.000Z,מצרים,36,463,499
2021-06-07T00:00:00.000Z,מלטה,0,1,1
2021-06-07T00:00:00.000Z,מלדיבים,1,8,9
2021-06-07T00:00:00.000Z,מונקו,0,1,1
2021-06-07T00:00:00.000Z,מונטנגרו,15,118,133
2021-06-07T00:00:00.000Z,ליטא,0,3,3
2021-06-07T00:00:00.000Z,לטביה,0,2,2
2021-06-07T00:00:00.000Z,לוכסמבורג,0,3,3
2021-06-07T00:00:00.000Z,כלל המדינות,1015,11343,12358
2021-06-07T00:00:00.000Z,כווית,0,3,3
2021-06-07T00:00:00.000Z,ירדן,6,67,73
2021-06-07T00:00:00.000Z,יוון,138,1167,1305
2021-06-07T00:00:00.000Z,טנזניה,0,16,16
2021-06-07T00:00:00.000Z,טיוואן,0,2,2
2021-06-07T00:00:00.000Z,זמביה,0,1,1
2021-06-07T00:00:00.000Z,זאיר,0,1,1
2021-06-07T00:00:00.000Z,הרפ הדומיניקנית,0,1,1
2021-06-07T00:00:00.000Z,הממלכה המאוחדת,51,514,565
2021-06-07T00:00:00.000Z,הונגריה,11,60,71
2021-06-07T00:00:00.000Z,הונג קונג,0,1,1
2021-06-07T00:00:00.000Z,הולנד,1,100,101
2021-06-07T00:00:00.000Z,הודו,2,27,29
2021-06-07T00:00:00.000Z,דרום סודאן,0,1,1
2021-06-07T00:00:00.000Z,דרום אפריקה,0,3,3
2021-06-07T00:00:00.000Z,דנמרק,0,9,9
2021-06-07T00:00:00.000Z,גרמניה,27,298,325
2021-06-07T00:00:00.000Z,גווטאמלה,0,1,1
2021-06-07T00:00:00.000Z,גאנה,0,10,10
2021-06-07T00:00:00.000Z,גאורגיה,55,539,594
2021-06-07T00:00:00.000Z,ברזיל,0,6,6
2021-06-07T00:00:00.000Z,בלגיה,1,10,11
2021-06-07T00:00:00.000Z,בילורוסיה,1,0,1
2021-06-07T00:00:00.000Z,בחריין,0,1,1
2021-06-07T00:00:00.000Z,בורקינה פאסו,0,1,1
2021-06-07T00:00:00.000Z,בוסניה הרצגובינה,0,3,3
2021-06-07T00:00:00.000Z,בוליביה,1,4,5
2021-06-07T00:00:00.000Z,בולגריה,27,278,305
2021-06-07T00:00:00.000Z,אתיופיה,3,36,39
2021-06-07T00:00:00.000Z,ארצות הברית,226,1909,2135
2021-06-07T00:00:00.000Z,ארמניה,0,2,2
2021-06-07T00:00:00.000Z,ארגנטינה,0,2,2
2021-06-07T00:00:00.000Z,אקואדור,0,9,9
2021-06-07T00:00:00.000Z,אנגולה,0,1,1
2021-06-07T00:00:00.000Z,אלבניה,0,2,2
2021-06-07T00:00:00.000Z,אירלנד,0,1,1
2021-06-07T00:00:00.000Z,איסלנד,3,22,25
2021-06-07T00:00:00.000Z,איי סיישל,6,40,46
2021-06-07T00:00:00.000Z,סלובניה,0,11,11
2021-06-07T00:00:00.000Z,סנגל,0,1,1
2021-06-07T00:00:00.000Z,ספרד,18,194,212
2021-06-07T00:00:00.000Z,סרביה,3,13,16
2021-06-07T00:00:00.000Z,סרי לנקה (צילון),0,2,2
2021-06-07T00:00:00.000Z,פולין,6,41,47
2021-06-07T00:00:00.000Z,פורטוגל,1,16,17
2021-06-07T00:00:00.000Z,פיליפינים,0,28,28
2021-06-07T00:00:00.000Z,פינלנד,3,7,10
2021-06-07T00:00:00.000Z,פנמה,0,5,5
2021-06-07T00:00:00.000Z,צ'ילה,1,16,17
2021-06-07T00:00:00.000Z,צכיה,0,1,1
2021-06-07T00:00:00.000Z,צרפת,49,384,433
2021-06-07T00:00:00.000Z,קובה,0,1,1
2021-06-07T00:00:00.000Z,קולומביה,0,2,2
2021-06-07T00:00:00.000Z,קונגו,0,3,3
2021-06-07T00:00:00.000Z,קוסטה ריקה,0,6,6
2021-06-07T00:00:00.000Z,קזחסטאן,0,2,2
2021-06-07T00:00:00.000Z,תורכמניסטאן,0,1,1
2021-06-07T00:00:00.000Z,אוגנדה,0,7,7
2021-06-07T00:00:00.000Z,תוניסיה,0,1,1
2021-06-07T00:00:00.000Z,תאילנד,0,3,3
2021-06-07T00:00:00.000Z,שוויץ,21,92,113
2021-06-07T00:00:00.000Z,שוודיה,1,5,6
2021-06-07T00:00:00.000Z,רוסיה,18,306,324
2021-06-07T00:00:00.000Z,רומניה,15,115,130
2021-06-07T00:00:00.000Z,רואנדה,1,2,3
2021-06-07T00:00:00.000Z,קרואטיה,1,9,10
2021-06-07T00:00:00.000Z,קפריסין,23,418,441
2021-06-07T00:00:00.000Z,קניה,0,8,8
2021-06-07T00:00:00.000Z,קנדה,0,5,5
2021-06-08T00:00:00.000Z,ליטא,1,9,10
2021-06-08T00:00:00.000Z,אוסטריה,0,7,7
2021-06-08T00:00:00.000Z,אורגוואי,4,1,5
2021-06-08T00:00:00.000Z,אזרביג'אן,1,8,9
2021-06-08T00:00:00.000Z,איטליה,13,75,88
2021-06-08T00:00:00.000Z,אירלנד,0,4,4
2021-06-08T00:00:00.000Z,אלבניה,0,3,3
2021-06-08T00:00:00.000Z,אנגולה,0,1,1
2021-06-08T00:00:00.000Z,ארגנטינה,0,4,4
2021-06-08T00:00:00.000Z,ארמניה,0,1,1
2021-06-08T00:00:00.000Z,ארצות הברית,137,1315,1452
2021-06-08T00:00:00.000Z,אתיופיה,1,13,14
2021-06-08T00:00:00.000Z,בולגריה,7,60,67
2021-06-08T00:00:00.000Z,בוליביה,0,2,2
2021-06-08T00:00:00.000Z,בילורוסיה,14,116,130
2021-06-08T00:00:00.000Z,בלגיה,4,14,18
2021-06-08T00:00:00.000Z,ברזיל,0,20,20
2021-06-08T00:00:00.000Z,גאורגיה,22,190,212
2021-06-08T00:00:00.000Z,גאנה,1,5,6
2021-06-08T00:00:00.000Z,גרמניה,16,208,224
2021-06-08T00:00:00.000Z,דומיניקה,0,2,2
2021-06-08T00:00:00.000Z,דנמרק,0,10,10
2021-06-08T00:00:00.000Z,דרום אפריקה,0,3,3
2021-06-08T00:00:00.000Z,הולנד,2,105,107
2021-06-08T00:00:00.000Z,הונגריה,2,4,6
2021-06-08T00:00:00.000Z,הממלכה המאוחדת,38,340,378
2021-06-08T00:00:00.000Z,הרפ הדומיניקנית,0,2,2
2021-06-08T00:00:00.000Z,זימבאבווה,0,1,1
2021-06-08T00:00:00.000Z,זמביה,0,1,1
2021-06-08T00:00:00.000Z,טנזניה,0,2,2
2021-06-08T00:00:00.000Z,יוון,48,420,468
2021-06-08T00:00:00.000Z,ירדן,2,52,54
2021-06-08T00:00:00.000Z,כלל המדינות,614,6663,7277
2021-06-08T00:00:00.000Z,אוזבקיסטן,0,1,1
2021-06-08T00:00:00.000Z,לטביה,0,4,4
2021-06-08T00:00:00.000Z,אוקראינה,13,93,106
2021-06-08T00:00:00.000Z,מולדובה,7,119,126
2021-06-08T00:00:00.000Z,מונטנגרו,0,1,1
2021-06-08T00:00:00.000Z,מלדיבים,1,10,11
2021-06-08T00:00:00.000Z,מצרים,48,261,309
2021-06-08T00:00:00.000Z,מקסיקו,0,4,4
2021-06-08T00:00:00.000Z,מרוקו,2,3,5
2021-06-08T00:00:00.000Z,נורבגיה,0,1,1
2021-06-08T00:00:00.000Z,ניגריה,1,0,1
2021-06-08T00:00:00.000Z,סינגפור,0,1,1
2021-06-08T00:00:00.000Z,ספרד,2,5,7
2021-06-08T00:00:00.000Z,סרביה,1,12,13
2021-06-08T00:00:00.000Z,סרי לנקה (צילון),0,2,2
2021-06-08T00:00:00.000Z,פולין,6,117,123
2021-06-08T00:00:00.000Z,פורטוגל,0,3,3
2021-06-08T00:00:00.000Z,פיליפינים,0,1,1
2021-06-08T00:00:00.000Z,פנמה,0,2,2
2021-06-08T00:00:00.000Z,צכיה,0,3,3
2021-06-08T00:00:00.000Z,צרפת,42,322,364
2021-06-08T00:00:00.000Z,קוסטה ריקה,0,1,1
2021-06-08T00:00:00.000Z,קוריאה הדרומית,0,7,7
2021-06-08T00:00:00.000Z,קזחסטאן,0,4,4
2021-06-08T00:00:00.000Z,קטר,0,1,1
2021-06-08T00:00:00.000Z,קמרון,0,1,1
2021-06-08T00:00:00.000Z,קנדה,0,4,4
2021-06-08T00:00:00.000Z,קניה,1,2,3
2021-06-08T00:00:00.000Z,קפריסין,42,213,255
2021-06-08T00:00:00.000Z,קרואטיה,0,1,1
2021-06-08T00:00:00.000Z,רואנדה,0,4,4
2021-06-08T00:00:00.000Z,רומניה,0,1,1
2021-06-08T00:00:00.000Z,רוסיה,4,57,61
2021-06-08T00:00:00.000Z,שוודיה,0,5,5
2021-06-08T00:00:00.000Z,שוויץ,0,8,8
2021-06-08T00:00:00.000Z,תאילנד,0,6,6
2021-06-08T00:00:00.000Z,איחוד האמירויות הערב,31,228,259
2021-06-08T00:00:00.000Z,תורכיה,20,137,157
2021-06-09T00:00:00.000Z,איי סיישל,8,76,84
2021-06-09T00:00:00.000Z,איטליה,3,43,46
2021-06-09T00:00:00.000Z,אזרביג'אן,0,1,1
2021-06-09T00:00:00.000Z,אוקראינה,8,54,62
2021-06-09T00:00:00.000Z,אוסטרליה,0,3,3
2021-06-09T00:00:00.000Z,אוסטריה,6,87,93
2021-06-09T00:00:00.000Z,אוזבקיסטן,0,2,2
2021-06-09T00:00:00.000Z,שוודיה,0,8,8
2021-06-09T00:00:00.000Z,שוויץ,13,99,112
2021-06-09T00:00:00.000Z,תאילנד,0,7,7
2021-06-09T00:00:00.000Z,תורכיה,27,198,225
2021-06-09T00:00:00.000Z,דרום אפריקה,0,6,6
2021-06-09T00:00:00.000Z,הונג קונג,0,3,3
2021-06-09T00:00:00.000Z,הונגריה,26,61,87
2021-06-09T00:00:00.000Z,הממלכה המאוחדת,37,343,380
2021-06-09T00:00:00.000Z,הרפ הדומיניקנית,1,3,4
2021-06-09T00:00:00.000Z,ונצואלה,1,12,13
2021-06-09T00:00:00.000Z,זימבאבווה,1,0,1
2021-06-09T00:00:00.000Z,זמביה,0,1,1
2021-06-09T00:00:00.000Z,טיוואן,0,1,1
2021-06-09T00:00:00.000Z,טנזניה,2,4,6
2021-06-09T00:00:00.000Z,יוון,60,543,603
2021-06-09T00:00:00.000Z,ירדן,8,73,81
2021-06-09T00:00:00.000Z,כלל המדינות,767,8654,9421
2021-06-09T00:00:00.000Z,ליטא,0,1,1
2021-06-09T00:00:00.000Z,מונגוליה,0,1,1
2021-06-09T00:00:00.000Z,מונטנגרו,10,86,96
2021-06-09T00:00:00.000Z,מלדיבים,4,8,12
2021-06-09T00:00:00.000Z,מצרים,29,205,234
2021-06-09T00:00:00.000Z,מקדוניה,0,2,2
2021-06-09T00:00:00.000Z,מקסיקו,5,10,15
2021-06-09T00:00:00.000Z,מרוקו,0,2,2
2021-06-09T00:00:00.000Z,נורבגיה,0,3,3
2021-06-09T00:00:00.000Z,ניגריה,0,5,5
2021-06-09T00:00:00.000Z,סוריה,0,8,8
2021-06-09T00:00:00.000Z,סט וינסנט,0,1,1
2021-06-09T00:00:00.000Z,דרום אמריקה,0,1,1
2021-06-09T00:00:00.000Z,דנמרק,1,10,11
2021-06-09T00:00:00.000Z,גרמניה,15,190,205
2021-06-09T00:00:00.000Z,גווטאמלה,0,4,4
2021-06-09T00:00:00.000Z,גבון,0,1,1
2021-06-09T00:00:00.000Z,גאנה,0,3,3
2021-06-09T00:00:00.000Z,גאורגיה,24,260,284
2021-06-09T00:00:00.000Z,ברזיל,0,7,7
2021-06-09T00:00:00.000Z,בלגיה,4,16,20
2021-06-09T00:00:00.000Z,בילורוסיה,1,37,38
2021-06-09T00:00:00.000Z,בוסניה הרצגובינה,0,2,2
2021-06-09T00:00:00.000Z,בוליביה,0,2,2
2021-06-09T00:00:00.000Z,בולגריה,28,196,224
2021-06-09T00:00:00.000Z,אתיופיה,1,25,26
2021-06-09T00:00:00.000Z,ארצות הברית,171,1948,2119
2021-06-09T00:00:00.000Z,אנגולה,0,1,1
2021-06-09T00:00:00.000Z,אלבניה,0,1,1
2021-06-09T00:00:00.000Z,איחוד האמירויות הערב,21,216,237
2021-06-09T00:00:00.000Z,סין,0,19,19
2021-06-09T00:00:00.000Z,סלובניה,1,0,1
2021-06-09T00:00:00.000Z,הולנד,7,77,84
2021-06-09T00:00:00.000Z,ספרד,5,164,169
2021-06-09T00:00:00.000Z,סרביה,1,1,2
2021-06-09T00:00:00.000Z,ערב הסעודית,0,4,4
2021-06-09T00:00:00.000Z,פולין,55,117,172
2021-06-09T00:00:00.000Z,פורטוגל,0,17,17
2021-06-09T00:00:00.000Z,פינלנד,0,5,5
2021-06-09T00:00:00.000Z,פנמה,1,0,1
2021-06-09T00:00:00.000Z,פרו,0,1,1
2021-06-09T00:00:00.000Z,צכיה,0,5,5
2021-06-09T00:00:00.000Z,צרפת,27,305,332
2021-06-09T00:00:00.000Z,קולומביה,0,8,8
2021-06-09T00:00:00.000Z,קוסטה ריקה,0,18,18
2021-06-09T00:00:00.000Z,קוריאה הדרומית,0,3,3
2021-06-09T00:00:00.000Z,קזחסטאן,0,1,1
2021-06-09T00:00:00.000Z,קטר,0,3,3
2021-06-09T00:00:00.000Z,קירג'זסטאן,0,1,1
2021-06-09T00:00:00.000Z,קנדה,0,82,82
2021-06-09T00:00:00.000Z,קניה,1,4,5
2021-06-09T00:00:00.000Z,קפריסין,37,164,201
2021-06-09T00:00:00.000Z,קרואטיה,0,3,3
2021-06-09T00:00:00.000Z,רואנדה,1,4,5
2021-06-09T00:00:00.000Z,רומניה,1,4,5
2021-06-09T00:00:00.000Z,רוסיה,4,70,74
2021-06-09T00:00:00.000Z,אל סלבדור,0,4,4
2021-06-09T00:00:00.000Z,אירלנד,0,2,2
2021-06-10T00:00:00.000Z,ניגריה,1,3,4
2021-06-10T00:00:00.000Z,צ'ילה,0,6,6
2021-06-10T00:00:00.000Z,קובה,0,1,1
2021-06-10T00:00:00.000Z,קולומביה,1,7,8
2021-06-10T00:00:00.000Z,קוסטה ריקה,0,2,2
2021-06-10T00:00:00.000Z,קוריאה הדרומית,0,1,1
2021-06-10T00:00:00.000Z,קטר,0,2,2
2021-06-10T00:00:00.000Z,קירג'זסטאן,0,1,1
2021-06-10T00:00:00.000Z,קמרון,0,2,2
2021-06-10T00:00:00.000Z,קנדה,1,15,16
2021-06-10T00:00:00.000Z,קניה,0,17,17
2021-06-10T00:00:00.000Z,קפריסין,83,420,503
2021-06-10T00:00:00.000Z,קרואטיה,0,9,9
2021-06-10T00:00:00.000Z,רואנדה,0,5,5
2021-06-10T00:00:00.000Z,רומניה,32,191,223
2021-06-10T00:00:00.000Z,רוסיה,12,199,211
2021-06-10T00:00:00.000Z,שוודיה,1,6,7
2021-06-10T00:00:00.000Z,שוויץ,17,100,117
2021-06-10T00:00:00.000Z,תאילנד,1,274,275
2021-06-10T00:00:00.000Z,תורכיה,24,160,184
2021-06-10T00:00:00.000Z,תורכמניסטאן,2,6,8
2021-06-10T00:00:00.000Z,צכיה,1,32,33
2021-06-10T00:00:00.000Z,פרו,0,1,1
2021-06-10T00:00:00.000Z,פנמה,2,10,12
2021-06-10T00:00:00.000Z,פיליפינים,0,12,12
2021-06-10T00:00:00.000Z,פורטוגל,1,10,11
2021-06-10T00:00:00.000Z,פולין,5,30,35
2021-06-10T00:00:00.000Z,סרביה,1,6,7
2021-06-10T00:00:00.000Z,ספרד,3,79,82
2021-06-10T00:00:00.000Z,סלובניה,0,1,1
2021-06-10T00:00:00.000Z,סין,0,8,8
2021-06-10T00:00:00.000Z,סווזילנד,0,1,1
2021-06-10T00:00:00.000Z,אוגנדה,0,6,6
2021-06-10T00:00:00.000Z,אוזבקיסטן,0,6,6
2021-06-10T00:00:00.000Z,אוסטריה,8,56,64
2021-06-10T00:00:00.000Z,איחוד האמירויות הערב,41,241,282
2021-06-10T00:00:00.000Z,אוסטרליה,0,1,1
2021-06-10T00:00:00.000Z,אוקראינה,16,152,168
2021-06-10T00:00:00.000Z,אורגוואי,0,2,2
2021-06-10T00:00:00.000Z,אזרביג'אן,3,21,24
2021-06-10T00:00:00.000Z,נמיביה,1,1,2
2021-06-10T00:00:00.000Z,צרפת,54,441,495
2021-06-10T00:00:00.000Z,מרוקו,0,1,1
2021-06-10T00:00:00.000Z,מקסיקו,1,3,4
2021-06-10T00:00:00.000Z,מצרים,47,372,419
2021-06-10T00:00:00.000Z,מלטה,0,1,1
2021-06-10T00:00:00.000Z,מלדיבים,2,2,4
2021-06-10T00:00:00.000Z,מונטנגרו,0,1,1
2021-06-10T00:00:00.000Z,מולדובה,10,126,136
2021-06-10T00:00:00.000Z,ליטא,0,10,10
2021-06-10T00:00:00.000Z,כלל המדינות,1184,12055,13239
2021-06-10T00:00:00.000Z,ירדן,23,102,125
2021-06-10T00:00:00.000Z,יפן,0,5,5
2021-06-10T00:00:00.000Z,יוון,188,1582,1770
2021-06-10T00:00:00.000Z,טנזניה,0,4,4
2021-06-10T00:00:00.000Z,טיוואן,0,1,1
2021-06-10T00:00:00.000Z,חוף השנהב,0,10,10
2021-06-10T00:00:00.000Z,זמביה,1,3,4
2021-06-10T00:00:00.000Z,זימבאבווה,0,1,1
2021-06-10T00:00:00.000Z,הרפ הדומיניקנית,0,1,1
2021-06-10T00:00:00.000Z,הממלכה המאוחדת,48,524,572
2021-06-10T00:00:00.000Z,הונגריה,9,68,77
2021-06-10T00:00:00.000Z,הולנד,1,24,25
2021-06-10T00:00:00.000Z,הודו,0,2,2
2021-06-10T00:00:00.000Z,דרום אפריקה,1,6,7
2021-06-10T00:00:00.000Z,דנמרק,0,6,6
2021-06-10T00:00:00.000Z,גרמניה,19,205,224
2021-06-10T00:00:00.000Z,גינאה המשוונית,1,5,6
2021-06-10T00:00:00.000Z,גאנה,0,7,7
2021-06-10T00:00:00.000Z,גאורגיה,81,472,553
2021-06-10T00:00:00.000Z,ברזיל,0,6,6
2021-06-10T00:00:00.000Z,בלגיה,22,237,259
2021-06-10T00:00:00.000Z,בילורוסיה,9,61,70
2021-06-10T00:00:00.000Z,בוסניה הרצגובינה,0,1,1
2021-06-10T00:00:00.000Z,בולגריה,38,230,268
2021-06-10T00:00:00.000Z,אתיופיה,3,26,29
2021-06-10T00:00:00.000Z,ארצות הברית,182,1662,1844
2021-06-10T00:00:00.000Z,ארגנטינה,1,23,24
2021-06-10T00:00:00.000Z,אסטוניה,0,1,1
2021-06-10T00:00:00.000Z,אנגולה,0,3,3
2021-06-10T00:00:00.000Z,איסלנד,4,24,28
2021-06-10T00:00:00.000Z,אינדונזיה,0,1,1
2021-06-10T00:00:00.000Z,איטליה,8,91,99
2021-06-11T00:00:00.000Z,צרפת,62,361,423
2021-06-11T00:00:00.000Z,קולומביה,0,7,7
2021-06-11T00:00:00.000Z,קוסטה ריקה,1,8,9
2021-06-11T00:00:00.000Z,קוריאה הדרומית,1,7,8
2021-06-11T00:00:00.000Z,קזחסטאן,0,2,2
2021-06-11T00:00:00.000Z,קטר,0,2,2
2021-06-11T00:00:00.000Z,קנדה,2,43,45
2021-06-11T00:00:00.000Z,קניה,0,1,1
2021-06-11T00:00:00.000Z,קפריסין,29,282,311
2021-06-11T00:00:00.000Z,קרואטיה,1,10,11
2021-06-11T00:00:00.000Z,רומניה,13,70,83
2021-06-11T00:00:00.000Z,רוסיה,24,160,184
2021-06-11T00:00:00.000Z,שוודיה,0,8,8
2021-06-11T00:00:00.000Z,שוויץ,29,146,175
2021-06-11T00:00:00.000Z,תאילנד,0,1,1
2021-06-11T00:00:00.000Z,תוניסיה,0,2,2
2021-06-11T00:00:00.000Z,תורכיה,18,126,144
2021-06-11T00:00:00.000Z,אוזבקיסטן,0,3,3
2021-06-11T00:00:00.000Z,אוסטריה,17,116,133
2021-06-11T00:00:00.000Z,אוסטרליה,0,5,5
2021-06-11T00:00:00.000Z,אוקראינה,2,7,9
2021-06-11T00:00:00.000Z,אורגוואי,0,2,2
2021-06-11T00:00:00.000Z,אזרביג'אן,1,17,18
2021-06-11T00:00:00.000Z,איטליה,21,223,244
2021-06-11T00:00:00.000Z,איי פיגי,0,1,1
2021-06-11T00:00:00.000Z,אירלנד,0,11,11
2021-06-11T00:00:00.000Z,אלבניה,0,2,2
2021-06-11T00:00:00.000Z,תורכמניסטאן,1,1,2
2021-06-11T00:00:00.000Z,אלגיריה,0,2,2
2021-06-11T00:00:00.000Z,אנגולה,0,3,3
2021-06-11T00:00:00.000Z,ארגנטינה,0,2,2
2021-06-11T00:00:00.000Z,ארמניה,2,0,2
2021-06-11T00:00:00.000Z,איחוד האמירויות הערב,40,208,248
2021-06-11T00:00:00.000Z,ארצות הברית,186,1729,1915
2021-06-11T00:00:00.000Z,אתיופיה,0,1,1
2021-06-11T00:00:00.000Z,בולגריה,18,158,176
2021-06-11T00:00:00.000Z,בילורוסיה,0,4,4
2021-06-11T00:00:00.000Z,בלגיה,1,9,10
2021-06-11T00:00:00.000Z,ברזיל,0,3,3
2021-06-11T00:00:00.000Z,גאורגיה,44,365,409
2021-06-11T00:00:00.000Z,גאנה,1,0,1
2021-06-11T00:00:00.000Z,גווטאמלה,0,1,1
2021-06-11T00:00:00.000Z,גרמניה,18,326,344
2021-06-11T00:00:00.000Z,דנמרק,1,12,13
2021-06-11T00:00:00.000Z,האיטי,0,1,1
2021-06-11T00:00:00.000Z,הודו,0,1,1
2021-06-11T00:00:00.000Z,הולנד,7,75,82
2021-06-11T00:00:00.000Z,הונגריה,19,75,94
2021-06-11T00:00:00.000Z,הממלכה המאוחדת,29,318,347
2021-06-11T00:00:00.000Z,חוף השנהב,0,2,2
2021-06-11T00:00:00.000Z,טוגו,0,2,2
2021-06-11T00:00:00.000Z,יוון,63,868,931
2021-06-11T00:00:00.000Z,יפן,0,4,4
2021-06-11T00:00:00.000Z,ירדן,0,10,10
2021-06-11T00:00:00.000Z,כלל המדינות,805,8546,9351
2021-06-11T00:00:00.000Z,לוכסמבורג,0,1,1
2021-06-11T00:00:00.000Z,לטביה,0,8,8
2021-06-11T00:00:00.000Z,ליטא,3,17,20
2021-06-11T00:00:00.000Z,מולדובה,1,1,2
2021-06-11T00:00:00.000Z,מונטנגרו,7,77,84
2021-06-11T00:00:00.000Z,מלדיבים,1,15,16
2021-06-11T00:00:00.000Z,מלטה,0,2,2
2021-06-11T00:00:00.000Z,מצרים,31,228,259
2021-06-11T00:00:00.000Z,מקסיקו,1,5,6
2021-06-11T00:00:00.000Z,מרוקו,1,12,13
2021-06-11T00:00:00.000Z,נורבגיה,0,2,2
2021-06-11T00:00:00.000Z,ניגריה,2,2,4
2021-06-11T00:00:00.000Z,נפאל,0,3,3
2021-06-11T00:00:00.000Z,סין,0,115,115
2021-06-11T00:00:00.000Z,סלובניה,0,1,1
2021-06-11T00:00:00.000Z,ספרד,9,126,135
2021-06-11T00:00:00.000Z,סרביה,1,15,16
2021-06-11T00:00:00.000Z,פולין,12,73,85
2021-06-11T00:00:00.000Z,פורטו ריקו,0,3,3
2021-06-11T00:00:00.000Z,פורטוגל,3,19,22
2021-06-11T00:00:00.000Z,פיליפינים,0,1,1
2021-06-11T00:00:00.000Z,פינלנד,0,3,3
2021-06-11T00:00:00.000Z,פנמה,0,1,1
2021-06-11T00:00:00.000Z,פרו,0,1,1
2021-06-11T00:00:00.000Z,צכיה,0,6,6
2021-06-12T00:00:00.000Z,לטביה,0,1,1
2021-06-12T00:00:00.000Z,זאיר,0,1,1
2021-06-12T00:00:00.000Z,הממלכה המאוחדת,7,80,87
2021-06-12T00:00:00.000Z,איחוד האמירויות הערב,6,67,73
2021-06-12T00:00:00.000Z,הונגריה,0,6,6
2021-06-12T00:00:00.000Z,הולנד,2,63,65
2021-06-12T00:00:00.000Z,דרום אפריקה,0,20,20
2021-06-12T00:00:00.000Z,דנמרק,0,11,11
2021-06-12T00:00:00.000Z,דומיניקה,0,1,1
2021-06-12T00:00:00.000Z,גרמניה,12,207,219
2021-06-12T00:00:00.000Z,גבון,0,2,2
2021-06-12T00:00:00.000Z,גאנה,1,2,3
2021-06-12T00:00:00.000Z,גאורגיה,5,68,73
2021-06-12T00:00:00.000Z,בלגיה,0,1,1
2021-06-12T00:00:00.000Z,בוסניה הרצגובינה,0,3,3
2021-06-12T00:00:00.000Z,בולגריה,1,1,2
2021-06-12T00:00:00.000Z,אתיופיה,2,27,29
2021-06-12T00:00:00.000Z,ארצות הברית,58,1277,1335
2021-06-12T00:00:00.000Z,ארמניה,0,2,2
2021-06-12T00:00:00.000Z,אקואדור,0,1,1
2021-06-12T00:00:00.000Z,אסטוניה,0,1,1
2021-06-12T00:00:00.000Z,אירלנד,0,6,6
2021-06-12T00:00:00.000Z,איסלנד,1,30,31
2021-06-12T00:00:00.000Z,אינדונזיה,0,1,1
2021-06-12T00:00:00.000Z,איי גילברט ואליס,0,1,1
2021-06-12T00:00:00.000Z,איטליה,5,32,37
2021-06-12T00:00:00.000Z,אוקראינה,0,2,2
2021-06-12T00:00:00.000Z,אוסטריה,3,50,53
2021-06-12T00:00:00.000Z,אוזבקיסטן,0,8,8
2021-06-12T00:00:00.000Z,אוגנדה,0,2,2
2021-06-12T00:00:00.000Z,זמביה,0,3,3
2021-06-12T00:00:00.000Z,חוף השנהב,0,10,10
2021-06-12T00:00:00.000Z,טוגו,0,1,1
2021-06-12T00:00:00.000Z,טיוואן,0,8,8
2021-06-12T00:00:00.000Z,טנזניה,0,4,4
2021-06-12T00:00:00.000Z,יוון,41,459,500
2021-06-12T00:00:00.000Z,יפן,0,1,1
2021-06-12T00:00:00.000Z,כלל המדינות,356,4693,5049
2021-06-12T00:00:00.000Z,ליטא,0,2,2
2021-06-12T00:00:00.000Z,מולדובה,0,2,2
2021-06-12T00:00:00.000Z,מלדיבים,3,14,17
2021-06-12T00:00:00.000Z,מצרים,87,619,706
2021-06-12T00:00:00.000Z,מקדוניה,0,1,1
2021-06-12T00:00:00.000Z,מקסיקו,0,2,2
2021-06-12T00:00:00.000Z,נורבגיה,0,6,6
2021-06-12T00:00:00.000Z,ניגריה,2,2,4
2021-06-12T00:00:00.000Z,נמיביה,0,3,3
2021-06-12T00:00:00.000Z,נפאל,0,4,4
2021-06-12T00:00:00.000Z,סינגפור,0,6,6
2021-06-12T00:00:00.000Z,סלובקיה,1,0,1
2021-06-12T00:00:00.000Z,ספרד,1,18,19
2021-06-12T00:00:00.000Z,סרביה,0,8,8
2021-06-12T00:00:00.000Z,פולין,7,105,112
2021-06-12T00:00:00.000Z,פורטוגל,0,13,13
2021-06-12T00:00:00.000Z,פיליפינים,0,3,3
2021-06-12T00:00:00.000Z,פינלנד,1,5,6
2021-06-12T00:00:00.000Z,פנמה,0,2,2
2021-06-12T00:00:00.000Z,צכיה,0,1,1
2021-06-12T00:00:00.000Z,צרפת,1,11,12
2021-06-12T00:00:00.000Z,קוסובו,0,1,1
2021-06-12T00:00:00.000Z,קוסטה ריקה,0,2,2
2021-06-12T00:00:00.000Z,קוריאה הדרומית,0,12,12
2021-06-12T00:00:00.000Z,קזחסטאן,0,2,2
2021-06-12T00:00:00.000Z,קנדה,0,2,2
2021-06-12T00:00:00.000Z,קניה,0,8,8
2021-06-12T00:00:00.000Z,קפריסין,22,392,414
2021-06-12T00:00:00.000Z,קרואטיה,0,23,23
2021-06-12T00:00:00.000Z,רואנדה,0,13,13
2021-06-12T00:00:00.000Z,רומניה,15,149,164
2021-06-12T00:00:00.000Z,שוודיה,0,7,7
2021-06-12T00:00:00.000Z,שוויץ,5,33,38
2021-06-12T00:00:00.000Z,תאילנד,0,11,11
2021-06-12T00:00:00.000Z,תורכיה,39,227,266
2021-06-12T00:00:00.000Z,תורכמניסטאן,0,8,8
2021-06-12T00:00:00.000Z,זימבאבווה,0,2,2
2021-06-13T00:00:00.000Z,בילורוסיה,17,135,152
2021-06-13T00:00:00.000Z,איחוד האמירויות הערב,50,308,358
2021-06-13T00:00:00.000Z,תורכמניסטאן,0,4,4
2021-06-13T00:00:00.000Z,תורכיה,20,166,186
2021-06-13T00:00:00.000Z,תוניסיה,0,2,2
2021-06-13T00:00:00.000Z,תאילנד,0,2,2
2021-06-13T00:00:00.000Z,שוויץ,7,120,127
2021-06-13T00:00:00.000Z,שוודיה,0,8,8
2021-06-13T00:00:00.000Z,רוסיה,10,111,121
2021-06-13T00:00:00.000Z,רומניה,13,104,117
2021-06-13T00:00:00.000Z,ראוניון,0,2,2
2021-06-13T00:00:00.000Z,קרואטיה,0,9,9
2021-06-13T00:00:00.000Z,קפריסין,90,893,983
2021-06-13T00:00:00.000Z,קנדה,0,71,71
2021-06-13T00:00:00.000Z,קזחסטאן,0,1,1
2021-06-13T00:00:00.000Z,קוריאה הדרומית,0,8,8
2021-06-13T00:00:00.000Z,קוסטה ריקה,1,6,7
2021-06-13T00:00:00.000Z,קולומביה,0,2,2
2021-06-13T00:00:00.000Z,צרפת,45,435,480
2021-06-13T00:00:00.000Z,צכיה,1,43,44
2021-06-13T00:00:00.000Z,פינלנד,1,1,2
2021-06-13T00:00:00.000Z,פיליפינים,0,25,25
2021-06-13T00:00:00.000Z,פורטוגל,2,26,28
2021-06-13T00:00:00.000Z,פולין,25,107,132
2021-06-13T00:00:00.000Z,ערב הסעודית,0,1,1
2021-06-13T00:00:00.000Z,סרביה,0,5,5
2021-06-13T00:00:00.000Z,ספרד,2,16,18
2021-06-13T00:00:00.000Z,סלובניה,0,1,1
2021-06-13T00:00:00.000Z,סינגפור,0,2,2
2021-06-13T00:00:00.000Z,נפאל,0,1,1
2021-06-13T00:00:00.000Z,ניגריה,0,3,3
2021-06-13T00:00:00.000Z,מרטיניק,0,1,1
2021-06-13T00:00:00.000Z,מקסיקו,0,3,3
2021-06-13T00:00:00.000Z,מקדוניה,0,1,1
2021-06-13T00:00:00.000Z,מצרים,105,1050,1155
2021-06-13T00:00:00.000Z,מלדיבים,2,5,7
2021-06-13T00:00:00.000Z,מולדובה,51,330,381
2021-06-13T00:00:00.000Z,מאלי,1,1,2
2021-06-13T00:00:00.000Z,מאוריציוס,1,1,2
2021-06-13T00:00:00.000Z,ליטא,12,14,26
2021-06-13T00:00:00.000Z,לטביה,0,1,1
2021-06-13T00:00:00.000Z,כלל המדינות,1341,13959,15300
2021-06-13T00:00:00.000Z,ירדן,33,154,187
2021-06-13T00:00:00.000Z,יפן,0,2,2
2021-06-13T00:00:00.000Z,יוון,278,2360,2638
2021-06-13T00:00:00.000Z,טיוואן,1,0,1
2021-06-13T00:00:00.000Z,חוף השנהב,0,5,5
2021-06-13T00:00:00.000Z,הממלכה המאוחדת,55,498,553
2021-06-13T00:00:00.000Z,הונגריה,16,59,75
2021-06-13T00:00:00.000Z,הולנד,11,128,139
2021-06-13T00:00:00.000Z,דרום אפריקה,0,6,6
2021-06-13T00:00:00.000Z,דנמרק,0,7,7
2021-06-13T00:00:00.000Z,גרמניה,17,401,418
2021-06-13T00:00:00.000Z,גויאנה הצרפתית,0,1,1
2021-06-13T00:00:00.000Z,גבון,0,1,1
2021-06-13T00:00:00.000Z,גאנה,0,5,5
2021-06-13T00:00:00.000Z,גאורגיה,84,546,630
2021-06-13T00:00:00.000Z,ברזיל,0,1,1
2021-06-13T00:00:00.000Z,בלגיה,16,105,121
2021-06-13T00:00:00.000Z,בוסניה הרצגובינה,0,2,2
2021-06-13T00:00:00.000Z,בולגריה,60,520,580
2021-06-13T00:00:00.000Z,ארצות הברית,70,1180,1250
2021-06-13T00:00:00.000Z,ארגנטינה,0,3,3
2021-06-13T00:00:00.000Z,אלבניה,0,1,1
2021-06-13T00:00:00.000Z,אירלנד,1,1,2
2021-06-13T00:00:00.000Z,איסלנד,0,1,1
2021-06-13T00:00:00.000Z,איי סיישל,17,117,134
2021-06-13T00:00:00.000Z,איטליה,23,184,207
2021-06-13T00:00:00.000Z,אזרביג'אן,0,6,6
2021-06-13T00:00:00.000Z,אוזבקיסטן,0,2,2
2021-06-13T00:00:00.000Z,אוסטריה,16,129,145
2021-06-13T00:00:00.000Z,אוסטרליה,0,3,3
2021-06-13T00:00:00.000Z,אוקראינה,31,137,168
2021-06-13T00:00:00.000Z,אורגוואי,0,2,2
2021-06-14T00:00:00.000Z,נורבגיה,0,8,8
2021-06-14T00:00:00.000Z,תורכמניסטאן,7,15,22
2021-06-14T00:00:00.000Z,תוניסיה,0,10,10
2021-06-14T00:00:00.000Z,תאילנד,0,1,1
2021-06-14T00:00:00.000Z,שוויץ,18,116,134
2021-06-14T00:00:00.000Z,שוודיה,2,15,17
2021-06-14T00:00:00.000Z,רוסיה,18,272,290
2021-06-14T00:00:00.000Z,רומניה,26,205,231
2021-06-14T00:00:00.000Z,רואנדה,0,8,8
2021-06-14T00:00:00.000Z,קרואטיה,1,15,16
2021-06-14T00:00:00.000Z,פינלנד,0,3,3
2021-06-14T00:00:00.000Z,קפריסין,59,481,540
2021-06-14T00:00:00.000Z,קניה,0,7,7
2021-06-14T00:00:00.000Z,קנדה,0,9,9
2021-06-14T00:00:00.000Z,גאנה,1,1,2
2021-06-14T00:00:00.000Z,גויאנה הצרפתית,0,1,1
2021-06-14T00:00:00.000Z,גרמניה,16,312,328
2021-06-14T00:00:00.000Z,דנמרק,1,13,14
2021-06-14T00:00:00.000Z,דרום אפריקה,0,10,10
2021-06-14T00:00:00.000Z,האנטילים ההולנדים,0,1,1
2021-06-14T00:00:00.000Z,הודו,0,42,42
2021-06-14T00:00:00.000Z,הולנד,8,177,185
2021-06-14T00:00:00.000Z,איחוד האמירויות הערב,38,314,352
2021-06-14T00:00:00.000Z,הונג קונג,0,3,3
2021-06-14T00:00:00.000Z,הונגריה,12,47,59
2021-06-14T00:00:00.000Z,הממלכה המאוחדת,68,453,521
2021-06-14T00:00:00.000Z,הרפ הדומיניקנית,0,3,3
2021-06-14T00:00:00.000Z,ויטנאם,0,7,7
2021-06-14T00:00:00.000Z,זאיר,0,1,1
2021-06-14T00:00:00.000Z,זימבאבווה,0,3,3
2021-06-14T00:00:00.000Z,זמביה,0,5,5
2021-06-14T00:00:00.000Z,טובלו,0,1,1
2021-06-14T00:00:00.000Z,טוגו,0,1,1
2021-06-14T00:00:00.000Z,טיוואן,0,15,15
2021-06-14T00:00:00.000Z,טנזניה,1,1,2
2021-06-14T00:00:00.000Z,יוון,189,1605,1794
2021-06-14T00:00:00.000Z,ירדן,5,58,63
2021-06-14T00:00:00.000Z,כלל המדינות,1328,13360,14688
2021-06-14T00:00:00.000Z,ליטא,1,9,10
2021-06-14T00:00:00.000Z,מאלי,0,1,1
2021-06-14T00:00:00.000Z,מוזמביק,0,1,1
2021-06-14T00:00:00.000Z,מולדובה,16,74,90
2021-06-14T00:00:00.000Z,מונטנגרו,10,134,144
2021-06-14T00:00:00.000Z,מלדיבים,1,11,12
2021-06-14T00:00:00.000Z,מלטה,0,2,2
2021-06-14T00:00:00.000Z,מצרים,78,553,631
2021-06-14T00:00:00.000Z,מקדוניה,0,2,2
2021-06-14T00:00:00.000Z,מקסיקו,0,7,7
2021-06-14T00:00:00.000Z,תורכיה,15,187,202
2021-06-14T00:00:00.000Z,ניגריה,1,8,9
2021-06-14T00:00:00.000Z,סוריה,0,34,34
2021-06-14T00:00:00.000Z,סינגפור,0,4,4
2021-06-14T00:00:00.000Z,סלובניה,0,2,2
2021-06-14T00:00:00.000Z,ספרד,21,245,266
2021-06-14T00:00:00.000Z,סרביה,0,9,9
2021-06-14T00:00:00.000Z,סרי לנקה (צילון),0,3,3
2021-06-14T00:00:00.000Z,פולין,7,57,64
2021-06-14T00:00:00.000Z,פולינזיה הצרפתית,0,1,1
2021-06-14T00:00:00.000Z,פורטוגל,0,35,35
2021-06-14T00:00:00.000Z,קמרון,0,1,1
2021-06-14T00:00:00.000Z,קזחסטאן,0,6,6
2021-06-14T00:00:00.000Z,קוריאה הדרומית,0,1,1
2021-06-14T00:00:00.000Z,קוסטה ריקה,0,4,4
2021-06-14T00:00:00.000Z,קולומביה,0,8,8
2021-06-14T00:00:00.000Z,צרפת,68,446,514
2021-06-14T00:00:00.000Z,צכיה,0,7,7
2021-06-14T00:00:00.000Z,צ'ילה,0,2,2
2021-06-14T00:00:00.000Z,פרו,0,3,3
2021-06-14T00:00:00.000Z,גאורגיה,58,653,711
2021-06-14T00:00:00.000Z,ברזיל,1,6,7
2021-06-14T00:00:00.000Z,בלגיה,3,7,10
2021-06-14T00:00:00.000Z,בילורוסיה,0,6,6
2021-06-14T00:00:00.000Z,בוסניה הרצגובינה,0,3,3
2021-06-14T00:00:00.000Z,בולגריה,53,341,394
2021-06-14T00:00:00.000Z,בוטסואנה,0,2,2
2021-06-14T00:00:00.000Z,אתיופיה,0,24,24
2021-06-14T00:00:00.000Z,ארצות הברית,290,2329,2619
2021-06-14T00:00:00.000Z,ארמניה,0,4,4
2021-06-14T00:00:00.000Z,ארגנטינה,0,5,5
2021-06-14T00:00:00.000Z,אקואדור,0,2,2
2021-06-14T00:00:00.000Z,אסטוניה,0,2,2
2021-06-14T00:00:00.000Z,אנדורה,0,1,1
2021-06-14T00:00:00.000Z,אנגולה,0,2,2
2021-06-14T00:00:00.000Z,אלבניה,0,3,3
2021-06-14T00:00:00.000Z,אירלנד,0,7,7
2021-06-14T00:00:00.000Z,איסלנד,2,19,21
2021-06-14T00:00:00.000Z,אינדונזיה,0,1,1
2021-06-14T00:00:00.000Z,איטליה,21,260,281
2021-06-14T00:00:00.000Z,אזרביג'אן,0,1,1
2021-06-14T00:00:00.000Z,אוקראינה,23,87,110
2021-06-14T00:00:00.000Z,אוסטרליה,0,3,3
2021-06-14T00:00:00.000Z,אוסטריה,31,189,220
2021-06-14T00:00:00.000Z,אוזבקיסטן,7,95,102
2021-06-14T00:00:00.000Z,אוגנדה,1,3,4
2021-06-14T00:00:00.000Z,פנמה,1,15,16
2021-06-14T00:00:00.000Z,פיליפינים,0,5,5
2021-06-15T00:00:00.000Z,נמיביה,0,1,1
2021-06-15T00:00:00.000Z,ניו זילנד,0,1,1
2021-06-15T00:00:00.000Z,ניגריה,0,3,3
2021-06-15T00:00:00.000Z,נורבגיה,0,2,2
2021-06-15T00:00:00.000Z,מקסיקו,0,7,7
2021-06-15T00:00:00.000Z,מצרים,36,241,277
2021-06-15T00:00:00.000Z,מלדיבים,1,15,16
2021-06-15T00:00:00.000Z,מולדובה,29,309,338
2021-06-15T00:00:00.000Z,מוזמביק,0,1,1
2021-06-15T00:00:00.000Z,ליטא,0,10,10
2021-06-15T00:00:00.000Z,לטביה,2,10,12
2021-06-15T00:00:00.000Z,כלל המדינות,968,8367,9335
2021-06-15T00:00:00.000Z,ירדן,10,69,79
2021-06-15T00:00:00.000Z,יוון,92,656,748
2021-06-15T00:00:00.000Z,טנזניה,0,1,1
2021-06-15T00:00:00.000Z,חוף השנהב,0,1,1
2021-06-15T00:00:00.000Z,הרפ הדומיניקנית,0,1,1
2021-06-15T00:00:00.000Z,הממלכה המאוחדת,44,335,379
2021-06-15T00:00:00.000Z,הונגריה,17,42,59
2021-06-15T00:00:00.000Z,הונג קונג,0,1,1
2021-06-15T00:00:00.000Z,הולנד,3,82,85
2021-06-15T00:00:00.000Z,דרום סודאן,0,1,1
2021-06-15T00:00:00.000Z,דרום אפריקה,0,3,3
2021-06-15T00:00:00.000Z,דנמרק,1,10,11
2021-06-15T00:00:00.000Z,גרנדה,0,2,2
2021-06-15T00:00:00.000Z,גרמניה,12,303,315
2021-06-15T00:00:00.000Z,גווטאמלה,0,2,2
2021-06-15T00:00:00.000Z,גאנה,0,1,1
2021-06-15T00:00:00.000Z,גאורגיה,30,182,212
2021-06-15T00:00:00.000Z,ברזיל,0,10,10
2021-06-15T00:00:00.000Z,בלגיה,11,100,111
2021-06-15T00:00:00.000Z,בילורוסיה,3,83,86
2021-06-15T00:00:00.000Z,בולגריה,18,157,175
2021-06-15T00:00:00.000Z,בהמס,0,1,1
2021-06-15T00:00:00.000Z,אתיופיה,3,12,15
2021-06-15T00:00:00.000Z,ארצות הברית,374,1754,2128
2021-06-15T00:00:00.000Z,ארגנטינה,0,5,5
2021-06-15T00:00:00.000Z,אסטוניה,0,2,2
2021-06-15T00:00:00.000Z,אנגולה,0,1,1
2021-06-15T00:00:00.000Z,אלבניה,0,3,3
2021-06-15T00:00:00.000Z,אירלנד,0,2,2
2021-06-15T00:00:00.000Z,איסלנד,0,2,2
2021-06-15T00:00:00.000Z,איי קייפ וורדה,0,1,1
2021-06-15T00:00:00.000Z,איי סיישל,0,10,10
2021-06-15T00:00:00.000Z,איטליה,6,88,94
2021-06-15T00:00:00.000Z,אזרביג'אן,2,3,5
2021-06-15T00:00:00.000Z,אוקראינה,12,72,84
2021-06-15T00:00:00.000Z,אוסטריה,0,2,2
2021-06-15T00:00:00.000Z,איחוד האמירויות הערב,19,185,204
2021-06-15T00:00:00.000Z,תורכיה,32,214,246
2021-06-15T00:00:00.000Z,תוניסיה,0,3,3
2021-06-15T00:00:00.000Z,שוויץ,0,6,6
2021-06-15T00:00:00.000Z,שוודיה,0,2,2
2021-06-15T00:00:00.000Z,רוסיה,0,3,3
2021-06-15T00:00:00.000Z,רומניה,0,2,2
2021-06-15T00:00:00.000Z,רואנדה,0,2,2
2021-06-15T00:00:00.000Z,קרואטיה,0,2,2
2021-06-15T00:00:00.000Z,קפריסין,44,349,393
2021-06-15T00:00:00.000Z,קניה,1,4,5
2021-06-15T00:00:00.000Z,קנדה,0,1,1
2021-06-15T00:00:00.000Z,קזחסטאן,0,2,2
2021-06-15T00:00:00.000Z,קוריאה הדרומית,0,5,5
2021-06-15T00:00:00.000Z,קוסטה ריקה,0,4,4
2021-06-15T00:00:00.000Z,קונגו,0,1,1
2021-06-15T00:00:00.000Z,קולומביה,0,1,1
2021-06-15T00:00:00.000Z,צרפת,42,364,406
2021-06-15T00:00:00.000Z,צכיה,2,14,16
2021-06-15T00:00:00.000Z,צ'ילה,0,4,4
2021-06-15T00:00:00.000Z,פנמה,0,5,5
2021-06-15T00:00:00.000Z,פינלנד,0,1,1
2021-06-15T00:00:00.000Z,פיליפינים,0,5,5
2021-06-15T00:00:00.000Z,פורטוגל,2,21,23
2021-06-15T00:00:00.000Z,פולין,17,102,119
2021-06-15T00:00:00.000Z,ערב הסעודית,0,1,1
2021-06-15T00:00:00.000Z,סרי לנקה (צילון),0,3,3
2021-06-15T00:00:00.000Z,סרביה,1,14,15
2021-06-15T00:00:00.000Z,ספרד,5,45,50
2021-06-15T00:00:00.000Z,סלובניה,0,8,8
2021-06-15T00:00:00.000Z,סינגפור,0,3,3
2021-06-15T00:00:00.000Z,סוריה,0,5,5
2021-06-16T00:00:00.000Z,ניגריה,2,4,6
2021-06-16T00:00:00.000Z,סוריה,0,6,6
2021-06-16T00:00:00.000Z,סלובניה,0,6,6
2021-06-16T00:00:00.000Z,סנגל,0,2,2
2021-06-16T00:00:00.000Z,ספרד,5,89,94
2021-06-16T00:00:00.000Z,סרביה,0,4,4
2021-06-16T00:00:00.000Z,סרי לנקה (צילון),0,3,3
2021-06-16T00:00:00.000Z,עירק,1,6,7
2021-06-16T00:00:00.000Z,פולין,20,95,115
2021-06-16T00:00:00.000Z,פורטוגל,1,6,7
2021-06-16T00:00:00.000Z,פיליפינים,0,3,3
2021-06-16T00:00:00.000Z,פינלנד,0,11,11
2021-06-16T00:00:00.000Z,פרגוואי,0,1,1
2021-06-16T00:00:00.000Z,צכיה,0,1,1
2021-06-16T00:00:00.000Z,צרפת,55,422,477
2021-06-16T00:00:00.000Z,קולומביה,0,1,1
2021-06-16T00:00:00.000Z,קוסטה ריקה,0,5,5
2021-06-16T00:00:00.000Z,קוריאה הדרומית,0,5,5
2021-06-16T00:00:00.000Z,קזחסטאן,0,1,1
2021-06-16T00:00:00.000Z,קטר,0,1,1
2021-06-16T00:00:00.000Z,קירג'זסטאן,0,3,3
2021-06-16T00:00:00.000Z,קנדה,1,92,93
2021-06-16T00:00:00.000Z,קניה,0,12,12
2021-06-16T00:00:00.000Z,קפריסין,31,185,216
2021-06-16T00:00:00.000Z,קרואטיה,0,5,5
2021-06-16T00:00:00.000Z,רואנדה,0,6,6
2021-06-16T00:00:00.000Z,רומניה,35,246,281
2021-06-16T00:00:00.000Z,רוסיה,9,83,92
2021-06-16T00:00:00.000Z,שוודיה,0,9,9
2021-06-16T00:00:00.000Z,שוויץ,16,74,90
2021-06-16T00:00:00.000Z,תאילנד,0,298,298
2021-06-16T00:00:00.000Z,תורכיה,37,179,216
2021-06-16T00:00:00.000Z,תורכמניסטאן,1,3,4
2021-06-16T00:00:00.000Z,איחוד האמירויות הערב,24,175,199
2021-06-16T00:00:00.000Z,סינגפור,1,3,4
2021-06-16T00:00:00.000Z,אוזבקיסטן,0,5,5
2021-06-16T00:00:00.000Z,אוסטריה,24,145,169
2021-06-16T00:00:00.000Z,אוסטרליה,0,5,5
2021-06-16T00:00:00.000Z,אוקראינה,19,96,115
2021-06-16T00:00:00.000Z,אורגוואי,0,1,1
2021-06-16T00:00:00.000Z,אזרביג'אן,0,1,1
2021-06-16T00:00:00.000Z,איטליה,10,39,49
2021-06-16T00:00:00.000Z,איי סיישל,13,85,98
2021-06-16T00:00:00.000Z,אינדונזיה,0,1,1
2021-06-16T00:00:00.000Z,אירלנד,0,3,3
2021-06-16T00:00:00.000Z,אריתראה,0,1,1
2021-06-16T00:00:00.000Z,ארמניה,0,1,1
2021-06-16T00:00:00.000Z,ארצות הברית,186,1571,1757
2021-06-16T00:00:00.000Z,אתיופיה,3,24,27
2021-06-16T00:00:00.000Z,בוטסואנה,0,3,3
2021-06-16T00:00:00.000Z,בולגריה,8,113,121
2021-06-16T00:00:00.000Z,בוליביה,0,1,1
2021-06-16T00:00:00.000Z,בוסניה הרצגובינה,1,1,2
2021-06-16T00:00:00.000Z,בורונדי,1,0,1
2021-06-16T00:00:00.000Z,בילורוסיה,4,39,43
2021-06-16T00:00:00.000Z,בלגיה,11,68,79
2021-06-16T00:00:00.000Z,ברזיל,0,6,6
2021-06-16T00:00:00.000Z,גאורגיה,32,214,246
2021-06-16T00:00:00.000Z,גאנה,4,11,15
2021-06-16T00:00:00.000Z,גיברלטר,0,1,1
2021-06-16T00:00:00.000Z,גרמניה,24,235,259
2021-06-16T00:00:00.000Z,דנמרק,3,10,13
2021-06-16T00:00:00.000Z,דרום אמריקה,0,1,1
2021-06-16T00:00:00.000Z,דרום אפריקה,0,9,9
2021-06-16T00:00:00.000Z,הולנד,16,142,158
2021-06-16T00:00:00.000Z,הונגריה,16,88,104
2021-06-16T00:00:00.000Z,הממלכה המאוחדת,22,301,323
2021-06-16T00:00:00.000Z,ונצואלה,0,4,4
2021-06-16T00:00:00.000Z,יוון,65,517,582
2021-06-16T00:00:00.000Z,יפן,0,5,5
2021-06-16T00:00:00.000Z,ירדן,8,95,103
2021-06-16T00:00:00.000Z,כלל המדינות,949,9877,10826
2021-06-16T00:00:00.000Z,לבנון,0,1,1
2021-06-16T00:00:00.000Z,ליטא,0,5,5
2021-06-16T00:00:00.000Z,מאלי,0,1,1
2021-06-16T00:00:00.000Z,מוזמביק,1,0,1
2021-06-16T00:00:00.000Z,מולדובה,5,6,11
2021-06-16T00:00:00.000Z,מונטנגרו,10,54,64
2021-06-16T00:00:00.000Z,מלאווי,0,2,2
2021-06-16T00:00:00.000Z,מלדיבים,0,3,3
2021-06-16T00:00:00.000Z,מצרים,18,237,255
2021-06-16T00:00:00.000Z,מקסיקו,0,7,7
2021-06-16T00:00:00.000Z,מרוקו,1,3,4
2021-06-16T00:00:00.000Z,נורבגיה,0,2,2
2021-06-16T00:00:00.000Z,סין,0,26,26
2021-06-17T00:00:00.000Z,ירדן,15,121,136
2021-06-17T00:00:00.000Z,נמיביה,0,4,4
2021-06-17T00:00:00.000Z,אוגנדה,2,6,8
2021-06-17T00:00:00.000Z,אוזבקיסטן,0,1,1
2021-06-17T00:00:00.000Z,אוסטריה,19,155,174
2021-06-17T00:00:00.000Z,אוקראינה,34,434,468
2021-06-17T00:00:00.000Z,אזרביג'אן,1,8,9
2021-06-17T00:00:00.000Z,איטליה,40,218,258
2021-06-17T00:00:00.000Z,איסלנד,3,35,38
2021-06-17T00:00:00.000Z,אלבניה,0,4,4
2021-06-17T00:00:00.000Z,אנגולה,0,3,3
2021-06-17T00:00:00.000Z,אקואדור,0,2,2
2021-06-17T00:00:00.000Z,ארגנטינה,1,1,2
2021-06-17T00:00:00.000Z,ארמניה,0,2,2
2021-06-17T00:00:00.000Z,ארצות הברית,284,2435,2719
2021-06-17T00:00:00.000Z,אתיופיה,3,48,51
2021-06-17T00:00:00.000Z,בולגריה,23,321,344
2021-06-17T00:00:00.000Z,בחריין,0,1,1
2021-06-17T00:00:00.000Z,בילורוסיה,10,69,79
2021-06-17T00:00:00.000Z,בלגיה,17,51,68
2021-06-17T00:00:00.000Z,ברזיל,1,0,1
2021-06-17T00:00:00.000Z,גאורגיה,68,517,585
2021-06-17T00:00:00.000Z,גאנה,1,5,6
2021-06-17T00:00:00.000Z,גבון,1,1,2
2021-06-17T00:00:00.000Z,גיברלטר,0,1,1
2021-06-17T00:00:00.000Z,גינאה המשוונית,0,1,1
2021-06-17T00:00:00.000Z,גרמניה,33,295,328
2021-06-17T00:00:00.000Z,גרנדה,0,1,1
2021-06-17T00:00:00.000Z,דנמרק,0,18,18
2021-06-17T00:00:00.000Z,דרום אפריקה,0,4,4
2021-06-17T00:00:00.000Z,הולנד,1,16,17
2021-06-17T00:00:00.000Z,הונג קונג,0,2,2
2021-06-17T00:00:00.000Z,הונגריה,21,74,95
2021-06-17T00:00:00.000Z,הונדורס,0,1,1
2021-06-17T00:00:00.000Z,הממלכה המאוחדת,53,434,487
2021-06-17T00:00:00.000Z,הרפ הדומיניקנית,0,4,4
2021-06-17T00:00:00.000Z,זאיר,0,1,1
2021-06-17T00:00:00.000Z,זימבאבווה,0,1,1
2021-06-17T00:00:00.000Z,זמביה,0,2,2
2021-06-17T00:00:00.000Z,חוף השנהב,1,5,6
2021-06-17T00:00:00.000Z,טג'יקיסטאן,0,2,2
2021-06-17T00:00:00.000Z,טיוואן,1,7,8
2021-06-17T00:00:00.000Z,טנזניה,2,7,9
2021-06-17T00:00:00.000Z,יוון,236,1674,1910
2021-06-17T00:00:00.000Z,איחוד האמירויות הערב,25,184,209
2021-06-17T00:00:00.000Z,כלל המדינות,1400,13480,14880
2021-06-17T00:00:00.000Z,לבנון,0,9,9
2021-06-17T00:00:00.000Z,לטביה,0,5,5
2021-06-17T00:00:00.000Z,ליטא,1,4,5
2021-06-17T00:00:00.000Z,מאלי,0,1,1
2021-06-17T00:00:00.000Z,מולדובה,8,112,120
2021-06-17T00:00:00.000Z,מצרים,37,363,400
2021-06-17T00:00:00.000Z,מקדוניה,1,1,2
2021-06-17T00:00:00.000Z,מקסיקו,1,4,5
2021-06-17T00:00:00.000Z,מרוקו,4,4,8
2021-06-17T00:00:00.000Z,נורבגיה,0,2,2
2021-06-17T00:00:00.000Z,ניגריה,2,12,14
2021-06-17T00:00:00.000Z,תורכמניסטאן,3,5,8
2021-06-17T00:00:00.000Z,תורכיה,54,303,357
2021-06-17T00:00:00.000Z,תאילנד,0,1,1
2021-06-17T00:00:00.000Z,שוויץ,20,113,133
2021-06-17T00:00:00.000Z,שוודיה,2,15,17
2021-06-17T00:00:00.000Z,רוסיה,18,178,196
2021-06-17T00:00:00.000Z,רומניה,6,47,53
2021-06-17T00:00:00.000Z,רואנדה,0,4,4
2021-06-17T00:00:00.000Z,קרואטיה,1,4,5
2021-06-17T00:00:00.000Z,קפריסין,80,480,560
2021-06-17T00:00:00.000Z,קניה,0,1,1
2021-06-17T00:00:00.000Z,קנדה,1,3,4
2021-06-17T00:00:00.000Z,קירג'זסטאן,1,14,15
2021-06-17T00:00:00.000Z,קזחסטאן,0,1,1
2021-06-17T00:00:00.000Z,קוסטה ריקה,1,2,3
2021-06-17T00:00:00.000Z,קוסובו,0,1,1
2021-06-17T00:00:00.000Z,קונגו,0,2,2
2021-06-17T00:00:00.000Z,קולומביה,0,10,10
2021-06-17T00:00:00.000Z,צרפת,80,459,539
2021-06-17T00:00:00.000Z,צכיה,6,103,109
2021-06-17T00:00:00.000Z,צ'ילה,0,2,2
2021-06-17T00:00:00.000Z,פקיסטן,0,1,1
2021-06-17T00:00:00.000Z,פנמה,1,18,19
2021-06-17T00:00:00.000Z,פינלנד,0,6,6
2021-06-17T00:00:00.000Z,פיליפינים,0,21,21
2021-06-17T00:00:00.000Z,פורטוגל,3,18,21
2021-06-17T00:00:00.000Z,פולין,1,10,11
2021-06-17T00:00:00.000Z,ערב הסעודית,0,1,1
2021-06-17T00:00:00.000Z,סרביה,0,6,6
2021-06-17T00:00:00.000Z,ספרד,13,100,113
2021-06-17T00:00:00.000Z,נפאל,0,1,1
2021-06-18T00:00:00.000Z,אנגולה,1,3,4
2021-06-18T00:00:00.000Z,אוסטריה,32,156,188
2021-06-18T00:00:00.000Z,אוסטרליה,0,4,4
2021-06-18T00:00:00.000Z,אוקראינה,3,57,60
2021-06-18T00:00:00.000Z,אורגוואי,0,3,3
2021-06-18T00:00:00.000Z,אזרביג'אן,4,14,18
2021-06-18T00:00:00.000Z,איטליה,24,247,271
2021-06-18T00:00:00.000Z,איי טורקס וקייקוס,0,3,3
2021-06-18T00:00:00.000Z,איי סיישל,0,1,1
2021-06-18T00:00:00.000Z,אינדונזיה,0,2,2
2021-06-18T00:00:00.000Z,איסלנד,0,10,10
2021-06-18T00:00:00.000Z,אירלנד,0,4,4
2021-06-18T00:00:00.000Z,אלבניה,0,1,1
2021-06-18T00:00:00.000Z,אלגיריה,0,2,2
2021-06-18T00:00:00.000Z,אסטוניה,0,4,4
2021-06-18T00:00:00.000Z,אקואדור,0,1,1
2021-06-18T00:00:00.000Z,אריתראה,0,1,1
2021-06-18T00:00:00.000Z,ארמניה,0,4,4
2021-06-18T00:00:00.000Z,ארצות הברית,252,2042,2294
2021-06-18T00:00:00.000Z,בולגריה,34,147,181
2021-06-18T00:00:00.000Z,בוסניה הרצגובינה,0,2,2
2021-06-18T00:00:00.000Z,בחריין,1,1,2
2021-06-18T00:00:00.000Z,בלגיה,17,104,121
2021-06-18T00:00:00.000Z,ברזיל,0,2,2
2021-06-18T00:00:00.000Z,ברמודה,0,2,2
2021-06-18T00:00:00.000Z,גאורגיה,58,484,542
2021-06-18T00:00:00.000Z,גווטאמלה,0,1,1
2021-06-18T00:00:00.000Z,גינאה החדשה,0,1,1
2021-06-18T00:00:00.000Z,גרמניה,16,349,365
2021-06-18T00:00:00.000Z,דנמרק,0,10,10
2021-06-18T00:00:00.000Z,הודו,0,3,3
2021-06-18T00:00:00.000Z,הולנד,16,199,215
2021-06-18T00:00:00.000Z,הונג קונג,0,7,7
2021-06-18T00:00:00.000Z,הונגריה,24,99,123
2021-06-18T00:00:00.000Z,הממלכה המאוחדת,53,319,372
2021-06-18T00:00:00.000Z,ונצואלה,0,2,2
2021-06-18T00:00:00.000Z,זימבאבווה,0,1,1
2021-06-18T00:00:00.000Z,טנזניה,0,4,4
2021-06-18T00:00:00.000Z,יוון,126,1050,1176
2021-06-18T00:00:00.000Z,יפן,0,6,6
2021-06-18T00:00:00.000Z,ירדן,0,18,18
2021-06-18T00:00:00.000Z,כלל המדינות,1153,10261,11414
2021-06-18T00:00:00.000Z,לוכסמבורג,0,1,1
2021-06-18T00:00:00.000Z,לטביה,0,4,4
2021-06-18T00:00:00.000Z,ליטא,0,3,3
2021-06-18T00:00:00.000Z,מאוריציוס,0,3,3
2021-06-18T00:00:00.000Z,מולדובה,2,27,29
2021-06-18T00:00:00.000Z,מונטנגרו,11,110,121
2021-06-18T00:00:00.000Z,מלדיבים,5,11,16
2021-06-18T00:00:00.000Z,מלטה,0,1,1
2021-06-18T00:00:00.000Z,מצרים,25,279,304
2021-06-18T00:00:00.000Z,מקדוניה,0,1,1
2021-06-18T00:00:00.000Z,מקסיקו,0,7,7
2021-06-18T00:00:00.000Z,מרוקו,1,4,5
2021-06-18T00:00:00.000Z,נורבגיה,0,5,5
2021-06-18T00:00:00.000Z,ניגריה,0,6,6
2021-06-18T00:00:00.000Z,סינגפור,0,1,1
2021-06-18T00:00:00.000Z,סלובניה,0,1,1
2021-06-18T00:00:00.000Z,ספרד,9,139,148
2021-06-18T00:00:00.000Z,סרביה,3,14,17
2021-06-18T00:00:00.000Z,סרי לנקה (צילון),0,5,5
2021-06-18T00:00:00.000Z,פולין,60,146,206
2021-06-18T00:00:00.000Z,פורטוגל,2,30,32
2021-06-18T00:00:00.000Z,פיליפינים,0,4,4
2021-06-18T00:00:00.000Z,פנמה,1,3,4
2021-06-18T00:00:00.000Z,פרו,0,1,1
2021-06-18T00:00:00.000Z,צכיה,0,9,9
2021-06-18T00:00:00.000Z,צרפת,55,361,416
2021-06-18T00:00:00.000Z,קוסובו,0,1,1
2021-06-18T00:00:00.000Z,קוסטה ריקה,0,11,11
2021-06-18T00:00:00.000Z,קוריאה הדרומית,0,4,4
2021-06-18T00:00:00.000Z,קזחסטאן,0,7,7
2021-06-18T00:00:00.000Z,קירג'זסטאן,0,3,3
2021-06-18T00:00:00.000Z,קנדה,3,68,71
2021-06-18T00:00:00.000Z,קפריסין,25,269,294
2021-06-18T00:00:00.000Z,קרואטיה,0,14,14
2021-06-18T00:00:00.000Z,רומניה,17,168,185
2021-06-18T00:00:00.000Z,רוסיה,16,151,167
2021-06-18T00:00:00.000Z,שוודיה,1,10,11
2021-06-18T00:00:00.000Z,שוויץ,38,119,157
2021-06-18T00:00:00.000Z,תורכיה,66,412,478
2021-06-18T00:00:00.000Z,תורכמניסטאן,2,10,12
2021-06-18T00:00:00.000Z,נפאל,0,2,2
2021-06-18T00:00:00.000Z,איחוד האמירויות הערב,33,219,252
2021-06-18T00:00:00.000Z,אוזבקיסטן,1,1,2
2021-06-19T00:00:00.000Z,ספרד,2,43,45
2021-06-19T00:00:00.000Z,גאורגיה,8,85,93
2021-06-19T00:00:00.000Z,בורונדי,0,1,1
2021-06-19T00:00:00.000Z,בילורוסיה,0,1,1
2021-06-19T00:00:00.000Z,בלגיה,1,5,6
2021-06-19T00:00:00.000Z,גאנה,0,6,6
2021-06-19T00:00:00.000Z,גרמניה,15,218,233
2021-06-19T00:00:00.000Z,איחוד האמירויות הערב,3,22,25
2021-06-19T00:00:00.000Z,דנמרק,2,20,22
2021-06-19T00:00:00.000Z,דרום אפריקה,1,7,8
2021-06-19T00:00:00.000Z,דרום סודאן,0,1,1
2021-06-19T00:00:00.000Z,האנטילים ההולנדים,0,2,2
2021-06-19T00:00:00.000Z,הודו,0,1,1
2021-06-19T00:00:00.000Z,הולנד,4,103,107
2021-06-19T00:00:00.000Z,הונג קונג,0,1,1
2021-06-19T00:00:00.000Z,הונגריה,0,2,2
2021-06-19T00:00:00.000Z,הממלכה המאוחדת,10,104,114
2021-06-19T00:00:00.000Z,זימבאבווה,0,1,1
2021-06-19T00:00:00.000Z,זמביה,0,7,7
2021-06-19T00:00:00.000Z,חוף השנהב,0,4,4
2021-06-19T00:00:00.000Z,טוגו,0,1,1
2021-06-19T00:00:00.000Z,טיוואן,0,1,1
2021-06-19T00:00:00.000Z,טנזניה,1,7,8
2021-06-19T00:00:00.000Z,יוון,75,773,848
2021-06-19T00:00:00.000Z,ירדן,0,8,8
2021-06-19T00:00:00.000Z,כלל המדינות,465,6291,6756
2021-06-19T00:00:00.000Z,לוכסמבורג,0,1,1
2021-06-19T00:00:00.000Z,לטביה,1,0,1
2021-06-19T00:00:00.000Z,ליטא,0,15,15
2021-06-19T00:00:00.000Z,מוזמביק,0,5,5
2021-06-19T00:00:00.000Z,מולדובה,2,5,7
2021-06-19T00:00:00.000Z,מונטנגרו,0,3,3
2021-06-19T00:00:00.000Z,מלדיבים,1,8,9
2021-06-19T00:00:00.000Z,מצרים,61,732,793
2021-06-19T00:00:00.000Z,מקסיקו,1,3,4
2021-06-19T00:00:00.000Z,מרוקו,0,1,1
2021-06-19T00:00:00.000Z,נורבגיה,0,2,2
2021-06-19T00:00:00.000Z,ניגריה,3,10,13
2021-06-19T00:00:00.000Z,ניו זילנד,0,1,1
2021-06-19T00:00:00.000Z,נמיביה,0,2,2
2021-06-19T00:00:00.000Z,סינגפור,0,5,5
2021-06-19T00:00:00.000Z,סלובניה,0,3,3
2021-06-19T00:00:00.000Z,בולגריה,0,5,5
2021-06-19T00:00:00.000Z,סרביה,0,9,9
2021-06-19T00:00:00.000Z,סרי לנקה (צילון),0,1,1
2021-06-19T00:00:00.000Z,פולין,9,109,118
2021-06-19T00:00:00.000Z,פורטוגל,2,18,20
2021-06-19T00:00:00.000Z,פיליפינים,0,15,15
2021-06-19T00:00:00.000Z,פינלנד,0,7,7
2021-06-19T00:00:00.000Z,אתיופיה,1,23,24
2021-06-19T00:00:00.000Z,ארצות הברית,71,1366,1437
2021-06-19T00:00:00.000Z,ארגנטינה,0,1,1
2021-06-19T00:00:00.000Z,אקואדור,0,1,1
2021-06-19T00:00:00.000Z,אסטוניה,0,3,3
2021-06-19T00:00:00.000Z,אלבניה,0,1,1
2021-06-19T00:00:00.000Z,אירלנד,1,2,3
2021-06-19T00:00:00.000Z,איסלנד,4,50,54
2021-06-19T00:00:00.000Z,איטליה,2,51,53
2021-06-19T00:00:00.000Z,אזרביג'אן,3,11,14
2021-06-19T00:00:00.000Z,אוקראינה,1,3,4
2021-06-19T00:00:00.000Z,אוסטרליה,0,2,2
2021-06-19T00:00:00.000Z,אוסטריה,12,167,179
2021-06-19T00:00:00.000Z,אוזבקיסטן,0,5,5
2021-06-19T00:00:00.000Z,אוגנדה,0,2,2
2021-06-19T00:00:00.000Z,תורכמניסטאן,1,5,6
2021-06-19T00:00:00.000Z,תורכיה,86,491,577
2021-06-19T00:00:00.000Z,תאילנד,0,5,5
2021-06-19T00:00:00.000Z,שוויץ,1,50,51
2021-06-19T00:00:00.000Z,שוודיה,2,9,11
2021-06-19T00:00:00.000Z,רומניה,6,105,111
2021-06-19T00:00:00.000Z,רואנדה,0,2,2
2021-06-19T00:00:00.000Z,קרואטיה,4,4,8
2021-06-19T00:00:00.000Z,קפריסין,21,314,335
2021-06-19T00:00:00.000Z,קניה,0,6,6
2021-06-19T00:00:00.000Z,קנדה,0,4,4
2021-06-19T00:00:00.000Z,קמרון,0,2,2
2021-06-19T00:00:00.000Z,קזחסטאן,0,5,5
2021-06-19T00:00:00.000Z,קוריאה הדרומית,0,3,3
2021-06-19T00:00:00.000Z,קוסטה ריקה,0,5,5
2021-06-19T00:00:00.000Z,קולומביה,0,4,4
2021-06-19T00:00:00.000Z,צרפת,13,95,108
2021-06-19T00:00:00.000Z,צ'ילה,0,1,1
2021-06-19T00:00:00.000Z,פרו,0,5,5
2021-06-19T00:00:00.000Z,פנמה,1,0,1
2021-06-20T00:00:00.000Z,ויטנאם,0,2,2
2021-06-20T00:00:00.000Z,ונצואלה,0,1,1
2021-06-20T00:00:00.000Z,טיוואן,0,1,1
2021-06-20T00:00:00.000Z,טנזניה,0,1,1
2021-06-20T00:00:00.000Z,יוון,275,3026,3301
2021-06-20T00:00:00.000Z,יפן,0,10,10
2021-06-20T00:00:00.000Z,ירדן,20,156,176
2021-06-20T00:00:00.000Z,כלל המדינות,1433,15453,16886
2021-06-20T00:00:00.000Z,ליטא,1,4,5
2021-06-20T00:00:00.000Z,מאוריציוס,0,1,1
2021-06-20T00:00:00.000Z,מולדובה,17,189,206
2021-06-20T00:00:00.000Z,מונטנגרו,0,2,2
2021-06-20T00:00:00.000Z,מלדיבים,0,8,8
2021-06-20T00:00:00.000Z,מצרים,95,934,1029
2021-06-20T00:00:00.000Z,מקסיקו,0,3,3
2021-06-20T00:00:00.000Z,מרוקו,0,1,1
2021-06-20T00:00:00.000Z,נורבגיה,0,1,1
2021-06-20T00:00:00.000Z,ניגריה,0,4,4
2021-06-20T00:00:00.000Z,סין,0,1,1
2021-06-20T00:00:00.000Z,סינגפור,0,7,7
2021-06-20T00:00:00.000Z,סלובניה,0,3,3
2021-06-20T00:00:00.000Z,סנגל,0,2,2
2021-06-20T00:00:00.000Z,ספרד,5,105,110
2021-06-20T00:00:00.000Z,סרביה,0,1,1
2021-06-20T00:00:00.000Z,פולין,3,46,49
2021-06-20T00:00:00.000Z,פורטוגל,2,20,22
2021-06-20T00:00:00.000Z,פיליפינים,0,7,7
2021-06-20T00:00:00.000Z,פינלנד,0,2,2
2021-06-20T00:00:00.000Z,פנמה,0,2,2
2021-06-20T00:00:00.000Z,צכיה,3,76,79
2021-06-20T00:00:00.000Z,צרפת,58,458,516
2021-06-20T00:00:00.000Z,קוסטה ריקה,0,5,5
2021-06-20T00:00:00.000Z,קוריאה הדרומית,0,1,1
2021-06-20T00:00:00.000Z,קזחסטאן,0,8,8
2021-06-20T00:00:00.000Z,קנדה,1,118,119
2021-06-20T00:00:00.000Z,קפריסין,62,720,782
2021-06-20T00:00:00.000Z,קרואטיה,1,12,13
2021-06-20T00:00:00.000Z,רומניה,0,12,12
2021-06-20T00:00:00.000Z,רוסיה,15,171,186
2021-06-20T00:00:00.000Z,בילורוסיה,14,142,156
2021-06-20T00:00:00.000Z,שוויץ,13,142,155
2021-06-20T00:00:00.000Z,בוסניה הרצגובינה,1,6,7
2021-06-20T00:00:00.000Z,בולגריה,37,540,577
2021-06-20T00:00:00.000Z,ארצות הברית,69,1211,1280
2021-06-20T00:00:00.000Z,ארמניה,0,4,4
2021-06-20T00:00:00.000Z,אנטיגואה וברבודה,0,2,2
2021-06-20T00:00:00.000Z,אירלנד,0,1,1
2021-06-20T00:00:00.000Z,איסלנד,2,12,14
2021-06-20T00:00:00.000Z,איי קייפ וורדה,0,1,1
2021-06-20T00:00:00.000Z,איי סיישל,15,126,141
2021-06-20T00:00:00.000Z,איי טורקס וקייקוס,0,2,2
2021-06-20T00:00:00.000Z,איטליה,26,175,201
2021-06-20T00:00:00.000Z,אזרביג'אן,1,3,4
2021-06-20T00:00:00.000Z,אורגוואי,0,2,2
2021-06-20T00:00:00.000Z,תורכמניסטאן,2,8,10
2021-06-20T00:00:00.000Z,אוקראינה,96,296,392
2021-06-20T00:00:00.000Z,אוסטרליה,0,7,7
2021-06-20T00:00:00.000Z,אוסטריה,28,225,253
2021-06-20T00:00:00.000Z,אוזבקיסטן,0,1,1
2021-06-20T00:00:00.000Z,גאורגיה,69,601,670
2021-06-20T00:00:00.000Z,גווטאמלה,0,1,1
2021-06-20T00:00:00.000Z,גיברלטר,0,1,1
2021-06-20T00:00:00.000Z,גרמניה,32,374,406
2021-06-20T00:00:00.000Z,גאנה,0,2,2
2021-06-20T00:00:00.000Z,דנמרק,2,18,20
2021-06-20T00:00:00.000Z,דרום אפריקה,1,0,1
2021-06-20T00:00:00.000Z,בלגיה,20,81,101
2021-06-20T00:00:00.000Z,תאילנד,0,7,7
2021-06-20T00:00:00.000Z,תורכיה,155,842,997
2021-06-20T00:00:00.000Z,הולנד,11,169,180
2021-06-20T00:00:00.000Z,איחוד האמירויות הערב,26,227,253
2021-06-20T00:00:00.000Z,הונג קונג,0,2,2
2021-06-20T00:00:00.000Z,ברזיל,0,4,4
2021-06-20T00:00:00.000Z,הונגריה,37,204,241
2021-06-20T00:00:00.000Z,הממלכה המאוחדת,59,595,654
2021-06-20T00:00:00.000Z,שוודיה,1,7,8
2021-06-21T00:00:00.000Z,הממלכה המאוחדת,77,465,542
2021-06-21T00:00:00.000Z,תורכיה,50,308,358
2021-06-21T00:00:00.000Z,תאילנד,0,2,2
2021-06-21T00:00:00.000Z,שוויץ,12,125,137
2021-06-21T00:00:00.000Z,שוודיה,0,7,7
2021-06-21T00:00:00.000Z,רוסיה,17,155,172
2021-06-21T00:00:00.000Z,רומניה,60,254,314
2021-06-21T00:00:00.000Z,רואנדה,1,1,2
2021-06-21T00:00:00.000Z,קרואטיה,4,11,15
2021-06-21T00:00:00.000Z,קפריסין,64,501,565
2021-06-21T00:00:00.000Z,קניה,0,22,22
2021-06-21T00:00:00.000Z,קנדה,0,8,8
2021-06-21T00:00:00.000Z,קמרון,0,1,1
2021-06-21T00:00:00.000Z,קירג'זסטאן,0,1,1
2021-06-21T00:00:00.000Z,קזחסטאן,0,2,2
2021-06-21T00:00:00.000Z,קוסטה ריקה,0,5,5
2021-06-21T00:00:00.000Z,קולומביה,2,7,9
2021-06-21T00:00:00.000Z,קובה,0,4,4
2021-06-21T00:00:00.000Z,צרפת,73,521,594
2021-06-21T00:00:00.000Z,צכיה,2,6,8
2021-06-21T00:00:00.000Z,צ'ילה,0,4,4
2021-06-21T00:00:00.000Z,פרו,0,5,5
2021-06-21T00:00:00.000Z,פרגוואי,0,1,1
2021-06-21T00:00:00.000Z,פנמה,1,17,18
2021-06-21T00:00:00.000Z,פינלנד,0,5,5
2021-06-21T00:00:00.000Z,פיליפינים,0,6,6
2021-06-21T00:00:00.000Z,פורטוגל,3,23,26
2021-06-21T00:00:00.000Z,פולין,20,40,60
2021-06-21T00:00:00.000Z,סרי לנקה (צילון),0,5,5
2021-06-21T00:00:00.000Z,סרביה,1,8,9
2021-06-21T00:00:00.000Z,ספרד,21,314,335
2021-06-21T00:00:00.000Z,סינגפור,0,11,11
2021-06-21T00:00:00.000Z,סין,0,1,1
2021-06-21T00:00:00.000Z,איחוד האמירויות הערב,61,396,457
2021-06-21T00:00:00.000Z,סוריה,0,1,1
2021-06-21T00:00:00.000Z,ניקרגואה,0,1,1
2021-06-21T00:00:00.000Z,ניו זילנד,1,0,1
2021-06-21T00:00:00.000Z,ניגריה,1,7,8
2021-06-21T00:00:00.000Z,ניגר,1,0,1
2021-06-21T00:00:00.000Z,נורבגיה,0,2,2
2021-06-21T00:00:00.000Z,מרוקו,2,4,6
2021-06-21T00:00:00.000Z,מקסיקו,2,15,17
2021-06-21T00:00:00.000Z,מקדוניה,0,1,1
2021-06-21T00:00:00.000Z,מצרים,79,624,703
2021-06-21T00:00:00.000Z,מלדיבים,4,20,24
2021-06-21T00:00:00.000Z,מונקו,0,1,1
2021-06-21T00:00:00.000Z,מונטנגרו,9,140,149
2021-06-21T00:00:00.000Z,תורכמניסטאן,0,13,13
2021-06-21T00:00:00.000Z,ליטא,4,15,19
2021-06-21T00:00:00.000Z,לוכסמבורג,0,1,1
2021-06-21T00:00:00.000Z,כלל המדינות,1542,14985,16527
2021-06-21T00:00:00.000Z,ירדן,19,130,149
2021-06-21T00:00:00.000Z,יוון,256,2163,2419
2021-06-21T00:00:00.000Z,טנזניה,0,5,5
2021-06-21T00:00:00.000Z,טיוואן,0,2,2
2021-06-21T00:00:00.000Z,זימבאבווה,0,18,18
2021-06-21T00:00:00.000Z,זאיר,0,1,1
2021-06-21T00:00:00.000Z,הרפ הדומיניקנית,0,2,2
2021-06-21T00:00:00.000Z,אוגנדה,0,2,2
2021-06-21T00:00:00.000Z,אוזבקיסטן,1,97,98
2021-06-21T00:00:00.000Z,אוסטריה,29,210,239
2021-06-21T00:00:00.000Z,אוסטרליה,0,1,1
2021-06-21T00:00:00.000Z,אוקראינה,28,184,212
2021-06-21T00:00:00.000Z,אורגוואי,1,1,2
2021-06-21T00:00:00.000Z,אזרביג'אן,0,1,1
2021-06-21T00:00:00.000Z,איטליה,33,360,393
2021-06-21T00:00:00.000Z,איי טורקס וקייקוס,3,4,7
2021-06-21T00:00:00.000Z,איי סיישל,2,16,18
2021-06-21T00:00:00.000Z,איסלנד,1,25,26
2021-06-21T00:00:00.000Z,אירלנד,0,4,4
2021-06-21T00:00:00.000Z,אלבניה,2,38,40
2021-06-21T00:00:00.000Z,אסטוניה,0,1,1
2021-06-21T00:00:00.000Z,אקואדור,0,3,3
2021-06-21T00:00:00.000Z,ארגנטינה,1,0,1
2021-06-21T00:00:00.000Z,ארצות הברית,220,2154,2374
2021-06-21T00:00:00.000Z,אתיופיה,1,70,71
2021-06-21T00:00:00.000Z,בוטסואנה,0,1,1
2021-06-21T00:00:00.000Z,בולגריה,28,321,349
2021-06-21T00:00:00.000Z,בוסניה הרצגובינה,3,12,15
2021-06-21T00:00:00.000Z,בלגיה,23,74,97
2021-06-21T00:00:00.000Z,ברזיל,0,3,3
2021-06-21T00:00:00.000Z,גאורגיה,74,651,725
2021-06-21T00:00:00.000Z,גאנה,1,12,13
2021-06-21T00:00:00.000Z,גווטאמלה,0,1,1
2021-06-21T00:00:00.000Z,גרמניה,46,446,492
2021-06-21T00:00:00.000Z,גרנדה,0,1,1
2021-06-21T00:00:00.000Z,דנמרק,0,7,7
2021-06-21T00:00:00.000Z,דרום אמריקה,0,5,5
2021-06-21T00:00:00.000Z,דרום אפריקה,0,8,8
2021-06-21T00:00:00.000Z,דרום סודאן,0,2,2
2021-06-21T00:00:00.000Z,הודו,0,50,50
2021-06-21T00:00:00.000Z,הולנד,19,261,280
2021-06-21T00:00:00.000Z,הונג קונג,0,3,3
2021-06-21T00:00:00.000Z,הונגריה,17,97,114
2021-06-21T00:00:00.000Z,הונדורס,1,6,7
2021-06-21T00:00:00.000Z,מוזמביק,0,2,2
2021-06-22T00:00:00.000Z,יפן,0,2,2
2021-06-22T00:00:00.000Z,ירדן,7,51,58
2021-06-22T00:00:00.000Z,כלל המדינות,946,9995,10941
2021-06-22T00:00:00.000Z,לבנון,0,1,1
2021-06-22T00:00:00.000Z,לטביה,6,38,44
2021-06-22T00:00:00.000Z,ליטא,0,9,9
2021-06-22T00:00:00.000Z,מולדובה,6,97,103
2021-06-22T00:00:00.000Z,מלדיבים,0,6,6
2021-06-22T00:00:00.000Z,מצרים,43,329,372
2021-06-22T00:00:00.000Z,מקסיקו,1,12,13
2021-06-22T00:00:00.000Z,מרוקו,0,3,3
2021-06-22T00:00:00.000Z,נורבגיה,0,1,1
2021-06-22T00:00:00.000Z,ניגריה,0,6,6
2021-06-22T00:00:00.000Z,סוריה,0,6,6
2021-06-22T00:00:00.000Z,סלובניה,0,3,3
2021-06-22T00:00:00.000Z,ספרד,3,85,88
2021-06-22T00:00:00.000Z,סרביה,0,1,1
2021-06-22T00:00:00.000Z,סרי לנקה (צילון),0,3,3
2021-06-22T00:00:00.000Z,עירק,0,4,4
2021-06-22T00:00:00.000Z,פולין,27,165,192
2021-06-22T00:00:00.000Z,פורטוגל,1,16,17
2021-06-22T00:00:00.000Z,פיליפינים,0,19,19
2021-06-22T00:00:00.000Z,פינלנד,0,1,1
2021-06-22T00:00:00.000Z,פנמה,0,3,3
2021-06-22T00:00:00.000Z,צ'ילה,0,28,28
2021-06-22T00:00:00.000Z,צכיה,0,3,3
2021-06-22T00:00:00.000Z,צרפת,38,392,430
2021-06-22T00:00:00.000Z,קולומביה,0,1,1
2021-06-22T00:00:00.000Z,קוסטה ריקה,2,12,14
2021-06-22T00:00:00.000Z,קוריאה הדרומית,0,1,1
2021-06-22T00:00:00.000Z,קירג'זסטאן,3,1,4
2021-06-22T00:00:00.000Z,קמרון,0,1,1
2021-06-22T00:00:00.000Z,קנדה,0,3,3
2021-06-22T00:00:00.000Z,קניה,0,5,5
2021-06-22T00:00:00.000Z,אזרביג'אן,0,7,7
2021-06-22T00:00:00.000Z,קרואטיה,5,11,16
2021-06-22T00:00:00.000Z,רומניה,0,3,3
2021-06-22T00:00:00.000Z,רוסיה,0,47,47
2021-06-22T00:00:00.000Z,שוודיה,0,6,6
2021-06-22T00:00:00.000Z,שוויץ,0,13,13
2021-06-22T00:00:00.000Z,תאילנד,0,2,2
2021-06-22T00:00:00.000Z,תוניסיה,1,1,2
2021-06-22T00:00:00.000Z,תורכיה,114,672,786
2021-06-22T00:00:00.000Z,תורכמניסטאן,0,5,5
2021-06-22T00:00:00.000Z,קפריסין,37,344,381
2021-06-22T00:00:00.000Z,איחוד האמירויות הערב,19,104,123
2021-06-22T00:00:00.000Z,אסטוניה,0,6,6
2021-06-22T00:00:00.000Z,אלבניה,0,3,3
2021-06-22T00:00:00.000Z,אירלנד,0,1,1
2021-06-22T00:00:00.000Z,איסלנד,1,24,25
2021-06-22T00:00:00.000Z,איי הבתולה,0,2,2
2021-06-22T00:00:00.000Z,איטליה,13,98,111
2021-06-22T00:00:00.000Z,אוגנדה,0,1,1
2021-06-22T00:00:00.000Z,אוסטריה,0,8,8
2021-06-22T00:00:00.000Z,אוקראינה,21,108,129
2021-06-22T00:00:00.000Z,אורגוואי,0,5,5
2021-06-22T00:00:00.000Z,ארגנטינה,0,12,12
2021-06-22T00:00:00.000Z,ארמניה,0,1,1
2021-06-22T00:00:00.000Z,ארצות הברית,188,1942,2130
2021-06-22T00:00:00.000Z,אתיופיה,0,12,12
2021-06-22T00:00:00.000Z,בולגריה,17,214,231
2021-06-22T00:00:00.000Z,בוליביה,1,0,1
2021-06-22T00:00:00.000Z,בוסניה הרצגובינה,0,3,3
2021-06-22T00:00:00.000Z,בילורוסיה,11,123,134
2021-06-22T00:00:00.000Z,בלגיה,36,96,132
2021-06-22T00:00:00.000Z,ברזיל,0,23,23
2021-06-22T00:00:00.000Z,גאורגיה,18,218,236
2021-06-22T00:00:00.000Z,גרמניה,44,348,392
2021-06-22T00:00:00.000Z,דנמרק,0,2,2
2021-06-22T00:00:00.000Z,דרום אפריקה,0,3,3
2021-06-22T00:00:00.000Z,דרום סודאן,0,1,1
2021-06-22T00:00:00.000Z,האנטילים ההולנדים,0,1,1
2021-06-22T00:00:00.000Z,הולנד,15,101,116
2021-06-22T00:00:00.000Z,הונגריה,12,51,63
2021-06-22T00:00:00.000Z,הונדורס,0,24,24
2021-06-22T00:00:00.000Z,הממלכה המאוחדת,45,327,372
2021-06-22T00:00:00.000Z,הרפ הדומיניקנית,0,3,3
2021-06-22T00:00:00.000Z,ויטנאם,0,3,3
2021-06-22T00:00:00.000Z,זמביה,0,5,5
2021-06-22T00:00:00.000Z,טוגו,0,1,1
2021-06-22T00:00:00.000Z,טנזניה,1,3,4
2021-06-22T00:00:00.000Z,יוון,119,937,1056
2021-06-23T00:00:00.000Z,הרפ הדומיניקנית,0,2,2
2021-06-23T00:00:00.000Z,איי סיישל,1,40,41
2021-06-23T00:00:00.000Z,תורכיה,119,695,814
2021-06-23T00:00:00.000Z,תוניסיה,2,3,5
2021-06-23T00:00:00.000Z,תאילנד,0,3,3
2021-06-23T00:00:00.000Z,אזרביג'אן,1,6,7
2021-06-23T00:00:00.000Z,אורגוואי,0,1,1
2021-06-23T00:00:00.000Z,אוקראינה,46,394,440
2021-06-23T00:00:00.000Z,אוסטרליה,0,4,4
2021-06-23T00:00:00.000Z,אוסטריה,11,204,215
2021-06-23T00:00:00.000Z,אוזבקיסטן,0,2,2
2021-06-23T00:00:00.000Z,אוגנדה,0,8,8
2021-06-23T00:00:00.000Z,פינלנד,0,15,15
2021-06-23T00:00:00.000Z,פיליפינים,0,3,3
2021-06-23T00:00:00.000Z,פורטוגל,1,9,10
2021-06-23T00:00:00.000Z,פולין,11,79,90
2021-06-23T00:00:00.000Z,ערב הסעודית,1,0,1
2021-06-23T00:00:00.000Z,סרביה,0,5,5
2021-06-23T00:00:00.000Z,ספרד,6,100,106
2021-06-23T00:00:00.000Z,סלובניה,0,6,6
2021-06-23T00:00:00.000Z,סינגפור,1,6,7
2021-06-23T00:00:00.000Z,סין,1,15,16
2021-06-23T00:00:00.000Z,נפאל,0,2,2
2021-06-23T00:00:00.000Z,ניגריה,0,8,8
2021-06-23T00:00:00.000Z,איחוד האמירויות הערב,23,156,179
2021-06-23T00:00:00.000Z,מרוקו,0,9,9
2021-06-23T00:00:00.000Z,מקסיקו,2,6,8
2021-06-23T00:00:00.000Z,מקדוניה,0,2,2
2021-06-23T00:00:00.000Z,מצרים,34,240,274
2021-06-23T00:00:00.000Z,מלדיבים,1,26,27
2021-06-23T00:00:00.000Z,מונטנגרו,8,165,173
2021-06-23T00:00:00.000Z,לטביה,0,2,2
2021-06-23T00:00:00.000Z,לוכסמבורג,0,2,2
2021-06-23T00:00:00.000Z,כלל המדינות,1023,10950,11973
2021-06-23T00:00:00.000Z,ירדן,12,123,135
2021-06-23T00:00:00.000Z,יוון,69,528,597
2021-06-23T00:00:00.000Z,טנזניה,9,135,144
2021-06-23T00:00:00.000Z,זמביה,0,1,1
2021-06-23T00:00:00.000Z,זימבאבווה,0,1,1
2021-06-23T00:00:00.000Z,ונצואלה,0,2,2
2021-06-23T00:00:00.000Z,ויטנאם,0,1,1
2021-06-23T00:00:00.000Z,תורכמניסטאן,1,14,15
2021-06-23T00:00:00.000Z,הממלכה המאוחדת,49,409,458
2021-06-23T00:00:00.000Z,הונגריה,18,73,91
2021-06-23T00:00:00.000Z,הונג קונג,0,4,4
2021-06-23T00:00:00.000Z,הולנד,16,115,131
2021-06-23T00:00:00.000Z,האנטילים ההולנדים,0,2,2
2021-06-23T00:00:00.000Z,דרום אפריקה,0,4,4
2021-06-23T00:00:00.000Z,דרום אמריקה,0,1,1
2021-06-23T00:00:00.000Z,דנמרק,1,7,8
2021-06-23T00:00:00.000Z,גרנדה,0,1,1
2021-06-23T00:00:00.000Z,גרמניה,26,275,301
2021-06-23T00:00:00.000Z,גאנה,0,12,12
2021-06-23T00:00:00.000Z,גאורגיה,30,217,247
2021-06-23T00:00:00.000Z,ברזיל,1,12,13
2021-06-23T00:00:00.000Z,בלגיה,0,5,5
2021-06-23T00:00:00.000Z,בילורוסיה,7,36,43
2021-06-23T00:00:00.000Z,פנמה,3,5,8
2021-06-23T00:00:00.000Z,פרגוואי,1,2,3
2021-06-23T00:00:00.000Z,צכיה,0,9,9
2021-06-23T00:00:00.000Z,צרפת,49,375,424
2021-06-23T00:00:00.000Z,קולומביה,0,1,1
2021-06-23T00:00:00.000Z,קוסובו,0,1,1
2021-06-23T00:00:00.000Z,קוסטה ריקה,0,5,5
2021-06-23T00:00:00.000Z,קוריאה הדרומית,0,13,13
2021-06-23T00:00:00.000Z,קזחסטאן,0,3,3
2021-06-23T00:00:00.000Z,קנדה,3,132,135
2021-06-23T00:00:00.000Z,קניה,0,5,5
2021-06-23T00:00:00.000Z,קפריסין,54,315,369
2021-06-23T00:00:00.000Z,קרואטיה,0,2,2
2021-06-23T00:00:00.000Z,רואנדה,0,1,1
2021-06-23T00:00:00.000Z,רומניה,42,267,309
2021-06-23T00:00:00.000Z,רוסיה,9,83,92
2021-06-23T00:00:00.000Z,שוודיה,1,8,9
2021-06-23T00:00:00.000Z,שוויץ,15,131,146
2021-06-23T00:00:00.000Z,בוליביה,1,0,1
2021-06-23T00:00:00.000Z,בולגריה,23,164,187
2021-06-23T00:00:00.000Z,אתיופיה,2,10,12
2021-06-23T00:00:00.000Z,ארצות הברית,217,2018,2235
2021-06-23T00:00:00.000Z,ארמניה,0,1,1
2021-06-23T00:00:00.000Z,אלבניה,0,3,3
2021-06-23T00:00:00.000Z,איסלנד,0,1,1
2021-06-23T00:00:00.000Z,איטליה,10,59,69
2021-06-24T00:00:00.000Z,גויאנה הצרפתית,0,1,1
2021-06-24T00:00:00.000Z,ניגריה,0,13,13
2021-06-24T00:00:00.000Z,גווטאמלה,0,3,3
2021-06-24T00:00:00.000Z,גבון,1,1,2
2021-06-24T00:00:00.000Z,גאנה,0,12,12
2021-06-24T00:00:00.000Z,גאורגיה,99,743,842
2021-06-24T00:00:00.000Z,ברזיל,1,2,3
2021-06-24T00:00:00.000Z,בלגיה,13,124,137
2021-06-24T00:00:00.000Z,בילורוסיה,11,78,89
2021-06-24T00:00:00.000Z,בוסניה הרצגובינה,0,2,2
2021-06-24T00:00:00.000Z,בוליביה,0,2,2
2021-06-24T00:00:00.000Z,בולגריה,45,420,465
2021-06-24T00:00:00.000Z,אתיופיה,3,23,26
2021-06-24T00:00:00.000Z,ארצות הברית,246,2001,2247
2021-06-24T00:00:00.000Z,ארמניה,0,6,6
2021-06-24T00:00:00.000Z,ארגנטינה,1,4,5
2021-06-24T00:00:00.000Z,אלבניה,4,61,65
2021-06-24T00:00:00.000Z,אל סלבדור,0,1,1
2021-06-24T00:00:00.000Z,אירלנד,0,1,1
2021-06-24T00:00:00.000Z,איסלנד,0,39,39
2021-06-24T00:00:00.000Z,איי טורקס וקייקוס,0,3,3
2021-06-24T00:00:00.000Z,איטליה,44,295,339
2021-06-24T00:00:00.000Z,אזרביג'אן,0,6,6
2021-06-24T00:00:00.000Z,אוקראינה,37,370,407
2021-06-24T00:00:00.000Z,איחוד האמירויות הערב,22,129,151
2021-06-24T00:00:00.000Z,אוסטרליה,0,2,2
2021-06-24T00:00:00.000Z,אוסטריה,41,195,236
2021-06-24T00:00:00.000Z,אוזבקיסטן,0,3,3
2021-06-24T00:00:00.000Z,אוגנדה,0,7,7
2021-06-24T00:00:00.000Z,ניגר,1,1,2
2021-06-24T00:00:00.000Z,מרוקו,0,8,8
2021-06-24T00:00:00.000Z,מקסיקו,0,4,4
2021-06-24T00:00:00.000Z,מצרים,67,335,402
2021-06-24T00:00:00.000Z,מלטה,0,1,1
2021-06-24T00:00:00.000Z,מלדיבים,2,25,27
2021-06-24T00:00:00.000Z,מולדובה,12,152,164
2021-06-24T00:00:00.000Z,מאלי,2,0,2
2021-06-24T00:00:00.000Z,ליטא,2,6,8
2021-06-24T00:00:00.000Z,לבנון,0,1,1
2021-06-24T00:00:00.000Z,כלל המדינות,1594,15688,17282
2021-06-24T00:00:00.000Z,ניו זילנד,0,1,1
2021-06-24T00:00:00.000Z,סודן,0,1,1
2021-06-24T00:00:00.000Z,סווזילנד,0,1,1
2021-06-24T00:00:00.000Z,סין,1,1,2
2021-06-24T00:00:00.000Z,סלובניה,0,2,2
2021-06-24T00:00:00.000Z,ספרד,14,163,177
2021-06-24T00:00:00.000Z,סרביה,3,12,15
2021-06-24T00:00:00.000Z,ערב הסעודית,0,1,1
2021-06-24T00:00:00.000Z,פולין,11,67,78
2021-06-24T00:00:00.000Z,פורטוגל,1,19,20
2021-06-24T00:00:00.000Z,פיליפינים,0,26,26
2021-06-24T00:00:00.000Z,פינלנד,0,4,4
2021-06-24T00:00:00.000Z,פלאו,0,1,1
2021-06-24T00:00:00.000Z,פנמה,0,6,6
2021-06-24T00:00:00.000Z,פרו,0,10,10
2021-06-24T00:00:00.000Z,צכיה,10,84,94
2021-06-24T00:00:00.000Z,צרפת,90,564,654
2021-06-24T00:00:00.000Z,קולומביה,0,7,7
2021-06-24T00:00:00.000Z,קונגו,2,0,2
2021-06-24T00:00:00.000Z,קוסטה ריקה,1,4,5
2021-06-24T00:00:00.000Z,קוריאה הדרומית,0,1,1
2021-06-24T00:00:00.000Z,קזחסטאן,0,9,9
2021-06-24T00:00:00.000Z,קירג'זסטאן,0,3,3
2021-06-24T00:00:00.000Z,קמרון,0,1,1
2021-06-24T00:00:00.000Z,קנדה,0,2,2
2021-06-24T00:00:00.000Z,קניה,2,19,21
2021-06-24T00:00:00.000Z,קפריסין,117,621,738
2021-06-24T00:00:00.000Z,קרואטיה,2,6,8
2021-06-24T00:00:00.000Z,רואנדה,1,1,2
2021-06-24T00:00:00.000Z,רומניה,5,70,75
2021-06-24T00:00:00.000Z,רוסיה,9,192,201
2021-06-24T00:00:00.000Z,שוודיה,1,15,16
2021-06-24T00:00:00.000Z,שוויץ,8,99,107
2021-06-24T00:00:00.000Z,תאילנד,0,268,268
2021-06-24T00:00:00.000Z,תורכיה,114,806,920
2021-06-24T00:00:00.000Z,תורכמניסטאן,1,3,4
2021-06-24T00:00:00.000Z,ירדן,12,120,132
2021-06-24T00:00:00.000Z,יוון,258,2049,2307
2021-06-24T00:00:00.000Z,טנזניה,0,8,8
2021-06-24T00:00:00.000Z,טיוואן,0,1,1
2021-06-24T00:00:00.000Z,טוגו,0,3,3
2021-06-24T00:00:00.000Z,טג'יקיסטאן,0,2,2
2021-06-24T00:00:00.000Z,חוף השנהב,1,4,5
2021-06-24T00:00:00.000Z,זאיר,0,1,1
2021-06-24T00:00:00.000Z,הרפ הדומיניקנית,0,2,2
2021-06-24T00:00:00.000Z,הממלכה המאוחדת,73,505,578
2021-06-24T00:00:00.000Z,הונגריה,31,225,256
2021-06-24T00:00:00.000Z,הונג קונג,0,1,1
2021-06-24T00:00:00.000Z,הולנד,12,96,108
2021-06-24T00:00:00.000Z,האיטי,1,0,1
2021-06-24T00:00:00.000Z,דרום אפריקה,0,17,17
2021-06-24T00:00:00.000Z,דנמרק,0,13,13
2021-06-24T00:00:00.000Z,גרמניה,22,240,262
2021-06-24T00:00:00.000Z,גינאה המשוונית,1,1,2
2021-06-25T00:00:00.000Z,מאוריציוס,0,6,6
2021-06-25T00:00:00.000Z,תורכמניסטאן,0,7,7
2021-06-25T00:00:00.000Z,תאילנד,0,15,15
2021-06-25T00:00:00.000Z,שוויץ,30,172,202
2021-06-25T00:00:00.000Z,שוודיה,0,8,8
2021-06-25T00:00:00.000Z,רוסיה,16,142,158
2021-06-25T00:00:00.000Z,רומניה,47,210,257
2021-06-25T00:00:00.000Z,קרואטיה,1,16,17
2021-06-25T00:00:00.000Z,קפריסין,62,558,620
2021-06-25T00:00:00.000Z,קנדה,0,76,76
2021-06-25T00:00:00.000Z,קטר,0,1,1
2021-06-25T00:00:00.000Z,קוריאה הדרומית,0,1,1
2021-06-25T00:00:00.000Z,קוסטה ריקה,0,10,10
2021-06-25T00:00:00.000Z,קולומביה,0,1,1
2021-06-25T00:00:00.000Z,צרפת,51,255,306
2021-06-25T00:00:00.000Z,צכיה,1,8,9
2021-06-25T00:00:00.000Z,פרו,0,1,1
2021-06-25T00:00:00.000Z,פינלנד,0,9,9
2021-06-25T00:00:00.000Z,פיליפינים,0,1,1
2021-06-25T00:00:00.000Z,פורטוגל,3,25,28
2021-06-25T00:00:00.000Z,פולין,19,127,146
2021-06-25T00:00:00.000Z,סרביה,1,29,30
2021-06-25T00:00:00.000Z,ספרד,10,142,152
2021-06-25T00:00:00.000Z,סנגל,0,2,2
2021-06-25T00:00:00.000Z,סלובניה,1,4,5
2021-06-25T00:00:00.000Z,סין,0,204,204
2021-06-25T00:00:00.000Z,סוריה,0,4,4
2021-06-25T00:00:00.000Z,סודן,1,0,1
2021-06-25T00:00:00.000Z,נפאל,0,3,3
2021-06-25T00:00:00.000Z,ניו זילנד,0,1,1
2021-06-25T00:00:00.000Z,ניגריה,1,9,10
2021-06-25T00:00:00.000Z,נורבגיה,0,1,1
2021-06-25T00:00:00.000Z,מרוקו,1,7,8
2021-06-25T00:00:00.000Z,מקסיקו,0,5,5
2021-06-25T00:00:00.000Z,מקדוניה,0,1,1
2021-06-25T00:00:00.000Z,מצרים,40,248,288
2021-06-25T00:00:00.000Z,מלטה,0,2,2
2021-06-25T00:00:00.000Z,מלדיבים,3,24,27
2021-06-25T00:00:00.000Z,מונטנגרו,6,122,128
2021-06-25T00:00:00.000Z,מאלי,0,2,2
2021-06-25T00:00:00.000Z,תורכיה,163,948,1111
2021-06-25T00:00:00.000Z,ליטא,6,26,32
2021-06-25T00:00:00.000Z,לטביה,0,1,1
2021-06-25T00:00:00.000Z,כלל המדינות,1514,13114,14628
2021-06-25T00:00:00.000Z,ירדן,0,12,12
2021-06-25T00:00:00.000Z,יוון,181,1401,1582
2021-06-25T00:00:00.000Z,טנזניה,0,2,2
2021-06-25T00:00:00.000Z,ונצואלה,0,2,2
2021-06-25T00:00:00.000Z,הרפ הדומיניקנית,1,2,3
2021-06-25T00:00:00.000Z,הממלכה המאוחדת,55,331,386
2021-06-25T00:00:00.000Z,הונגריה,48,410,458
2021-06-25T00:00:00.000Z,הולנד,37,218,255
2021-06-25T00:00:00.000Z,הודו,0,4,4
2021-06-25T00:00:00.000Z,דנמרק,0,15,15
2021-06-25T00:00:00.000Z,גרמניה,33,490,523
2021-06-25T00:00:00.000Z,גמביה,0,2,2
2021-06-25T00:00:00.000Z,גווטאמלה,0,1,1
2021-06-25T00:00:00.000Z,גאנה,1,3,4
2021-06-25T00:00:00.000Z,גאורגיה,108,809,917
2021-06-25T00:00:00.000Z,ברזיל,0,1,1
2021-06-25T00:00:00.000Z,בלגיה,27,113,140
2021-06-25T00:00:00.000Z,בילורוסיה,5,41,46
2021-06-25T00:00:00.000Z,בוסניה הרצגובינה,0,1,1
2021-06-25T00:00:00.000Z,בולגריה,20,167,187
2021-06-25T00:00:00.000Z,ארצות הברית,253,1981,2234
2021-06-25T00:00:00.000Z,ארמניה,0,8,8
2021-06-25T00:00:00.000Z,אנגולה,1,1,2
2021-06-25T00:00:00.000Z,אל סלבדור,0,2,2
2021-06-25T00:00:00.000Z,אירלנד,0,1,1
2021-06-25T00:00:00.000Z,איסלנד,0,19,19
2021-06-25T00:00:00.000Z,איי סיישל,0,1,1
2021-06-25T00:00:00.000Z,איי טורקס וקייקוס,0,1,1
2021-06-25T00:00:00.000Z,איטליה,30,279,309
2021-06-25T00:00:00.000Z,אזרביג'אן,1,4,5
2021-06-25T00:00:00.000Z,אורגוואי,0,9,9
2021-06-25T00:00:00.000Z,אוקראינה,35,230,265
2021-06-25T00:00:00.000Z,אוסטרליה,0,4,4
2021-06-25T00:00:00.000Z,אוסטריה,62,343,405
2021-06-25T00:00:00.000Z,אוזבקיסטן,0,2,2
2021-06-25T00:00:00.000Z,איחוד האמירויות הערב,32,213,245
2021-06-26T00:00:00.000Z,יפן,0,3,3
2021-06-26T00:00:00.000Z,תורכיה,80,676,756
2021-06-26T00:00:00.000Z,תאילנד,1,2,3
2021-06-26T00:00:00.000Z,שוויץ,6,51,57
2021-06-26T00:00:00.000Z,שוודיה,0,13,13
2021-06-26T00:00:00.000Z,רוסיה,0,6,6
2021-06-26T00:00:00.000Z,רומניה,23,120,143
2021-06-26T00:00:00.000Z,רואנדה,0,3,3
2021-06-26T00:00:00.000Z,קרואטיה,0,8,8
2021-06-26T00:00:00.000Z,קפריסין,27,294,321
2021-06-26T00:00:00.000Z,קניה,1,15,16
2021-06-26T00:00:00.000Z,קנדה,0,2,2
2021-06-26T00:00:00.000Z,קמרון,0,1,1
2021-06-26T00:00:00.000Z,קוריאה הדרומית,0,6,6
2021-06-26T00:00:00.000Z,קוסטה ריקה,0,14,14
2021-06-26T00:00:00.000Z,קולומביה,0,1,1
2021-06-26T00:00:00.000Z,צרפת,7,110,117
2021-06-26T00:00:00.000Z,צכיה,1,8,9
2021-06-26T00:00:00.000Z,פנמה,0,1,1
2021-06-26T00:00:00.000Z,פינלנד,0,5,5
2021-06-26T00:00:00.000Z,פיליפינים,0,8,8
2021-06-26T00:00:00.000Z,פורטוגל,0,26,26
2021-06-26T00:00:00.000Z,פורטו ריקו,0,3,3
2021-06-26T00:00:00.000Z,פולין,12,121,133
2021-06-26T00:00:00.000Z,סרביה,0,5,5
2021-06-26T00:00:00.000Z,ספרד,1,10,11
2021-06-26T00:00:00.000Z,סינגפור,0,10,10
2021-06-26T00:00:00.000Z,סין,0,5,5
2021-06-26T00:00:00.000Z,נמיביה,0,4,4
2021-06-26T00:00:00.000Z,ניגריה,0,18,18
2021-06-26T00:00:00.000Z,נורבגיה,0,6,6
2021-06-26T00:00:00.000Z,מרוקו,0,2,2
2021-06-26T00:00:00.000Z,מצרים,52,637,689
2021-06-26T00:00:00.000Z,איי סיישל,0,2,2
2021-06-26T00:00:00.000Z,איחוד האמירויות הערב,12,101,113
2021-06-26T00:00:00.000Z,אוגנדה,0,3,3
2021-06-26T00:00:00.000Z,מלדיבים,1,21,22
2021-06-26T00:00:00.000Z,מונטנגרו,0,2,2
2021-06-26T00:00:00.000Z,מאלי,0,2,2
2021-06-26T00:00:00.000Z,ליטא,2,14,16
2021-06-26T00:00:00.000Z,לטביה,1,3,4
2021-06-26T00:00:00.000Z,לוכסמבורג,0,10,10
2021-06-26T00:00:00.000Z,כלל המדינות,527,7278,7805
2021-06-26T00:00:00.000Z,ירדן,0,8,8
2021-06-26T00:00:00.000Z,תורכמניסטאן,2,6,8
2021-06-26T00:00:00.000Z,יוון,98,939,1037
2021-06-26T00:00:00.000Z,טנזניה,1,5,6
2021-06-26T00:00:00.000Z,חוף השנהב,0,5,5
2021-06-26T00:00:00.000Z,זמביה,1,1,2
2021-06-26T00:00:00.000Z,זאיר,0,1,1
2021-06-26T00:00:00.000Z,הרפ הדומיניקנית,0,2,2
2021-06-26T00:00:00.000Z,הממלכה המאוחדת,8,87,95
2021-06-26T00:00:00.000Z,הונגריה,7,82,89
2021-06-26T00:00:00.000Z,הונג קונג,0,2,2
2021-06-26T00:00:00.000Z,הולנד,18,180,198
2021-06-26T00:00:00.000Z,דרום סודאן,0,2,2
2021-06-26T00:00:00.000Z,דרום אפריקה,0,14,14
2021-06-26T00:00:00.000Z,דנמרק,0,15,15
2021-06-26T00:00:00.000Z,גרמניה,15,255,270
2021-06-26T00:00:00.000Z,גאנה,1,11,12
2021-06-26T00:00:00.000Z,גאורגיה,15,120,135
2021-06-26T00:00:00.000Z,בלגיה,0,4,4
2021-06-26T00:00:00.000Z,בורקינה פאסו,0,1,1
2021-06-26T00:00:00.000Z,בוסניה הרצגובינה,0,1,1
2021-06-26T00:00:00.000Z,בולגריה,0,6,6
2021-06-26T00:00:00.000Z,אתיופיה,2,37,39
2021-06-26T00:00:00.000Z,ארצות הברית,71,1342,1413
2021-06-26T00:00:00.000Z,ארמניה,0,5,5
2021-06-26T00:00:00.000Z,ארגנטינה,0,1,1
2021-06-26T00:00:00.000Z,אנגולה,0,1,1
2021-06-26T00:00:00.000Z,אלבניה,0,1,1
2021-06-26T00:00:00.000Z,אל סלבדור,0,1,1
2021-06-26T00:00:00.000Z,אירלנד,0,11,11
2021-06-26T00:00:00.000Z,איסלנד,1,68,69
2021-06-26T00:00:00.000Z,איי מרשל,0,1,1
2021-06-26T00:00:00.000Z,איטליה,4,65,69
2021-06-26T00:00:00.000Z,אזרביג'אן,0,6,6
2021-06-26T00:00:00.000Z,אוקראינה,0,6,6
2021-06-26T00:00:00.000Z,אוסטרליה,0,1,1
2021-06-26T00:00:00.000Z,אוסטריה,16,227,243
2021-06-27T00:00:00.000Z,לטביה,0,4,4
2021-06-27T00:00:00.000Z,איחוד האמירויות הערב,23,183,206
2021-06-27T00:00:00.000Z,תורכיה,262,1432,1694
2021-06-27T00:00:00.000Z,תאילנד,0,1,1
2021-06-27T00:00:00.000Z,שוויץ,21,184,205
2021-06-27T00:00:00.000Z,שוודיה,1,15,16
2021-06-27T00:00:00.000Z,רוסיה,10,203,213
2021-06-27T00:00:00.000Z,רומניה,2,7,9
2021-06-27T00:00:00.000Z,קרואטיה,1,12,13
2021-06-27T00:00:00.000Z,קפריסין,113,1039,1152
2021-06-27T00:00:00.000Z,קנדה,2,102,104
2021-06-27T00:00:00.000Z,קמבודיה,0,1,1
2021-06-27T00:00:00.000Z,קירג'זסטאן,0,5,5
2021-06-27T00:00:00.000Z,קטר,0,3,3
2021-06-27T00:00:00.000Z,קזחסטאן,0,2,2
2021-06-27T00:00:00.000Z,קוריאה הדרומית,0,5,5
2021-06-27T00:00:00.000Z,קוסטה ריקה,1,8,9
2021-06-27T00:00:00.000Z,צרפת,81,555,636
2021-06-27T00:00:00.000Z,צכיה,13,141,154
2021-06-27T00:00:00.000Z,פנמה,0,7,7
2021-06-27T00:00:00.000Z,פינלנד,0,5,5
2021-06-27T00:00:00.000Z,פיליפינים,0,7,7
2021-06-27T00:00:00.000Z,פורטוגל,0,25,25
2021-06-27T00:00:00.000Z,פולין,9,57,66
2021-06-27T00:00:00.000Z,ערב הסעודית,0,2,2
2021-06-27T00:00:00.000Z,סרביה,0,7,7
2021-06-27T00:00:00.000Z,ספרד,11,113,124
2021-06-27T00:00:00.000Z,סנגל,0,2,2
2021-06-27T00:00:00.000Z,סלובניה,1,5,6
2021-06-27T00:00:00.000Z,סינגפור,0,1,1
2021-06-27T00:00:00.000Z,סיירה ליאונה,0,2,2
2021-06-27T00:00:00.000Z,נפאל,0,4,4
2021-06-27T00:00:00.000Z,ניגריה,0,3,3
2021-06-27T00:00:00.000Z,נורבגיה,0,4,4
2021-06-27T00:00:00.000Z,מרוקו,0,4,4
2021-06-27T00:00:00.000Z,מקסיקו,1,1,2
2021-06-27T00:00:00.000Z,מקדוניה,0,2,2
2021-06-27T00:00:00.000Z,מצרים,107,1019,1126
2021-06-27T00:00:00.000Z,מלטה,0,1,1
2021-06-27T00:00:00.000Z,מלדיבים,0,19,19
2021-06-27T00:00:00.000Z,מונטנגרו,0,6,6
2021-06-27T00:00:00.000Z,מולדובה,4,103,107
2021-06-27T00:00:00.000Z,מוזמביק,0,2,2
2021-06-27T00:00:00.000Z,ליטא,1,4,5
2021-06-27T00:00:00.000Z,תורכמניסטאן,5,14,19
2021-06-27T00:00:00.000Z,לוכסמבורג,0,1,1
2021-06-27T00:00:00.000Z,כלל המדינות,1697,17574,19271
2021-06-27T00:00:00.000Z,ירדן,16,168,184
2021-06-27T00:00:00.000Z,יפן,0,1,1
2021-06-27T00:00:00.000Z,יוון,271,3071,3342
2021-06-27T00:00:00.000Z,טנזניה,0,2,2
2021-06-27T00:00:00.000Z,חוף השנהב,0,1,1
2021-06-27T00:00:00.000Z,הרפ הדומיניקנית,0,2,2
2021-06-27T00:00:00.000Z,הממלכה המאוחדת,50,528,578
2021-06-27T00:00:00.000Z,הונגריה,30,270,300
2021-06-27T00:00:00.000Z,הונג קונג,2,1,3
2021-06-27T00:00:00.000Z,הולנד,16,272,288
2021-06-27T00:00:00.000Z,הודו,0,1,1
2021-06-27T00:00:00.000Z,דרום אפריקה,0,6,6
2021-06-27T00:00:00.000Z,דנמרק,2,19,21
2021-06-27T00:00:00.000Z,גרמניה,41,370,411
2021-06-27T00:00:00.000Z,גווטאמלה,1,1,2
2021-06-27T00:00:00.000Z,גאורגיה,92,690,782
2021-06-27T00:00:00.000Z,ברזיל,0,10,10
2021-06-27T00:00:00.000Z,בלגיה,21,89,110
2021-06-27T00:00:00.000Z,בילורוסיה,17,125,142
2021-06-27T00:00:00.000Z,בחריין,0,1,1
2021-06-27T00:00:00.000Z,בוסניה הרצגובינה,1,0,1
2021-06-27T00:00:00.000Z,בוליביה,0,3,3
2021-06-27T00:00:00.000Z,בולגריה,60,640,700
2021-06-27T00:00:00.000Z,אתיופיה,0,1,1
2021-06-27T00:00:00.000Z,ארצות הברית,79,1317,1396
2021-06-27T00:00:00.000Z,ארמניה,0,1,1
2021-06-27T00:00:00.000Z,ארגנטינה,0,2,2
2021-06-27T00:00:00.000Z,אלבניה,0,1,1
2021-06-27T00:00:00.000Z,אירלנד,0,9,9
2021-06-27T00:00:00.000Z,איסלנד,1,12,13
2021-06-27T00:00:00.000Z,אינדונזיה,0,2,2
2021-06-27T00:00:00.000Z,איי סיישל,15,93,108
2021-06-27T00:00:00.000Z,איי טורקס וקייקוס,1,2,3
2021-06-27T00:00:00.000Z,איטליה,21,171,192
2021-06-27T00:00:00.000Z,אזרביג'אן,1,5,6
2021-06-27T00:00:00.000Z,אורגוואי,0,4,4
2021-06-27T00:00:00.000Z,אוקראינה,110,376,486
2021-06-27T00:00:00.000Z,אוסטרליה,0,2,2
2021-06-27T00:00:00.000Z,אוסטריה,23,129,152
2021-06-27T00:00:00.000Z,אוזבקיסטן,0,7,7
2021-06-27T00:00:00.000Z,אוגנדה,0,1,1
2021-06-28T00:00:00.000Z,גרמניה,27,495,522
2021-06-28T00:00:00.000Z,גאנה,0,5,5
2021-06-28T00:00:00.000Z,גאורגיה,102,848,950
2021-06-28T00:00:00.000Z,ברזיל,0,2,2
2021-06-28T00:00:00.000Z,בלגיה,9,75,84
2021-06-28T00:00:00.000Z,בולגריה,25,235,260
2021-06-28T00:00:00.000Z,בוטסואנה,0,2,2
2021-06-28T00:00:00.000Z,אתיופיה,6,29,35
2021-06-28T00:00:00.000Z,ארצות הברית,160,2264,2424
2021-06-28T00:00:00.000Z,ארמניה,2,2,4
2021-06-28T00:00:00.000Z,ארגנטינה,0,1,1
2021-06-28T00:00:00.000Z,אקואדור,0,3,3
2021-06-28T00:00:00.000Z,אסטוניה,1,0,1
2021-06-28T00:00:00.000Z,אלבניה,0,1,1
2021-06-28T00:00:00.000Z,אירלנד,0,9,9
2021-06-28T00:00:00.000Z,איסלנד,6,35,41
2021-06-28T00:00:00.000Z,איי סיישל,3,37,40
2021-06-28T00:00:00.000Z,איי טורקס וקייקוס,1,3,4
2021-06-28T00:00:00.000Z,איטליה,31,375,406
2021-06-28T00:00:00.000Z,אזרביג'אן,1,8,9
2021-06-28T00:00:00.000Z,אורגוואי,0,6,6
2021-06-28T00:00:00.000Z,אוקראינה,91,441,532
2021-06-28T00:00:00.000Z,אוסטרליה,0,1,1
2021-06-28T00:00:00.000Z,סין,0,4,4
2021-06-28T00:00:00.000Z,אוסטריה,45,369,414
2021-06-28T00:00:00.000Z,אוזבקיסטן,4,104,108
2021-06-28T00:00:00.000Z,אוגנדה,0,1,1
2021-06-28T00:00:00.000Z,מאוריציוס,0,1,1
2021-06-28T00:00:00.000Z,מאלי,0,2,2
2021-06-28T00:00:00.000Z,מוזמביק,0,1,1
2021-06-28T00:00:00.000Z,מולדובה,2,5,7
2021-06-28T00:00:00.000Z,מונטנגרו,24,226,250
2021-06-28T00:00:00.000Z,מלדיבים,2,20,22
2021-06-28T00:00:00.000Z,מלטה,0,1,1
2021-06-28T00:00:00.000Z,מצרים,62,592,654
2021-06-28T00:00:00.000Z,מקסיקו,0,5,5
2021-06-28T00:00:00.000Z,מרוקו,3,2,5
2021-06-28T00:00:00.000Z,ניגריה,0,2,2
2021-06-28T00:00:00.000Z,נמיביה,0,5,5
2021-06-28T00:00:00.000Z,ליטא,1,11,12
2021-06-28T00:00:00.000Z,לבנון,0,2,2
2021-06-28T00:00:00.000Z,כלל המדינות,1636,17331,18967
2021-06-28T00:00:00.000Z,איחוד האמירויות הערב,31,221,252
2021-06-28T00:00:00.000Z,סוריה,0,2,2
2021-06-28T00:00:00.000Z,ירדן,2,70,72
2021-06-28T00:00:00.000Z,יפן,0,3,3
2021-06-28T00:00:00.000Z,יוון,252,2480,2732
2021-06-28T00:00:00.000Z,טנזניה,3,6,9
2021-06-28T00:00:00.000Z,טיוואן,0,2,2
2021-06-28T00:00:00.000Z,זאיר,3,4,7
2021-06-28T00:00:00.000Z,הרפ הדומיניקנית,0,2,2
2021-06-28T00:00:00.000Z,הממלכה המאוחדת,57,478,535
2021-06-28T00:00:00.000Z,הונגריה,22,246,268
2021-06-28T00:00:00.000Z,הונג קונג,0,1,1
2021-06-28T00:00:00.000Z,הולנד,20,291,311
2021-06-28T00:00:00.000Z,הודו,1,50,51
2021-06-28T00:00:00.000Z,דרום אפריקה,1,7,8
2021-06-28T00:00:00.000Z,דרום אמריקה,1,0,1
2021-06-28T00:00:00.000Z,דנמרק,1,28,29
2021-06-28T00:00:00.000Z,תורכמניסטאן,0,4,4
2021-06-28T00:00:00.000Z,תורכיה,158,711,869
2021-06-28T00:00:00.000Z,תוניסיה,0,2,2
2021-06-28T00:00:00.000Z,תאילנד,0,2,2
2021-06-28T00:00:00.000Z,שוויץ,18,142,160
2021-06-28T00:00:00.000Z,שוודיה,0,8,8
2021-06-28T00:00:00.000Z,רוסיה,12,171,183
2021-06-28T00:00:00.000Z,רומניה,58,405,463
2021-06-28T00:00:00.000Z,רואנדה,1,1,2
2021-06-28T00:00:00.000Z,קרואטיה,0,13,13
2021-06-28T00:00:00.000Z,קפריסין,86,610,696
2021-06-28T00:00:00.000Z,קניה,0,1,1
2021-06-28T00:00:00.000Z,קנדה,0,2,2
2021-06-28T00:00:00.000Z,קירג'זסטאן,1,0,1
2021-06-28T00:00:00.000Z,קזחסטאן,0,3,3
2021-06-28T00:00:00.000Z,קוסטה ריקה,0,6,6
2021-06-28T00:00:00.000Z,קונגו,0,2,2
2021-06-28T00:00:00.000Z,קולומביה,0,12,12
2021-06-28T00:00:00.000Z,קובה,0,7,7
2021-06-28T00:00:00.000Z,צרפת,76,488,564
2021-06-28T00:00:00.000Z,צכיה,1,10,11
2021-06-28T00:00:00.000Z,פנמה,0,12,12
2021-06-28T00:00:00.000Z,פינלנד,0,9,9
2021-06-28T00:00:00.000Z,פיליפינים,0,17,17
2021-06-28T00:00:00.000Z,פורטוגל,2,19,21
2021-06-28T00:00:00.000Z,פולין,11,56,67
2021-06-28T00:00:00.000Z,עירק,0,4,4
2021-06-28T00:00:00.000Z,סרי לנקה (צילון),0,4,4
2021-06-28T00:00:00.000Z,סרביה,0,8,8
2021-06-28T00:00:00.000Z,ספרד,24,285,309
2021-06-28T00:00:00.000Z,סלובניה,3,23,26
2021-06-28T00:00:00.000Z,סינגפור,0,7,7
2021-06-29T00:00:00.000Z,ברזיל,0,6,6
2021-06-29T00:00:00.000Z,יוון,126,1198,1324
2021-06-29T00:00:00.000Z,איי טורקס וקייקוס,1,3,4
2021-06-29T00:00:00.000Z,איסלנד,5,51,56
2021-06-29T00:00:00.000Z,אירלנד,0,3,3
2021-06-29T00:00:00.000Z,אלבניה,5,35,40
2021-06-29T00:00:00.000Z,אנגולה,0,1,1
2021-06-29T00:00:00.000Z,אסטוניה,1,2,3
2021-06-29T00:00:00.000Z,ארמניה,0,1,1
2021-06-29T00:00:00.000Z,ארצות הברית,168,2166,2334
2021-06-29T00:00:00.000Z,אתיופיה,3,23,26
2021-06-29T00:00:00.000Z,בולגריה,31,326,357
2021-06-29T00:00:00.000Z,בילורוסיה,6,85,91
2021-06-29T00:00:00.000Z,בלגיה,28,121,149
2021-06-29T00:00:00.000Z,אוסטריה,0,9,9
2021-06-29T00:00:00.000Z,אוסטרליה,0,1,1
2021-06-29T00:00:00.000Z,אוקראינה,39,217,256
2021-06-29T00:00:00.000Z,אורגוואי,0,1,1
2021-06-29T00:00:00.000Z,אזרביג'אן,0,2,2
2021-06-29T00:00:00.000Z,איטליה,21,167,188
2021-06-29T00:00:00.000Z,פרו,0,3,3
2021-06-29T00:00:00.000Z,צ'ילה,0,1,1
2021-06-29T00:00:00.000Z,צכיה,0,10,10
2021-06-29T00:00:00.000Z,צרפת,60,318,378
2021-06-29T00:00:00.000Z,קולומביה,0,7,7
2021-06-29T00:00:00.000Z,קוסובו,0,3,3
2021-06-29T00:00:00.000Z,קוסטה ריקה,0,2,2
2021-06-29T00:00:00.000Z,קוריאה הדרומית,0,7,7
2021-06-29T00:00:00.000Z,קזחסטאן,0,5,5
2021-06-29T00:00:00.000Z,קירג'זסטאן,0,5,5
2021-06-29T00:00:00.000Z,קמרון,0,1,1
2021-06-29T00:00:00.000Z,קנדה,1,134,135
2021-06-29T00:00:00.000Z,קניה,1,8,9
2021-06-29T00:00:00.000Z,קפריסין,53,468,521
2021-06-29T00:00:00.000Z,קרואטיה,1,6,7
2021-06-29T00:00:00.000Z,רואנדה,1,1,2
2021-06-29T00:00:00.000Z,רומניה,2,6,8
2021-06-29T00:00:00.000Z,רוסיה,4,107,111
2021-06-29T00:00:00.000Z,שוודיה,0,10,10
2021-06-29T00:00:00.000Z,שוויץ,4,3,7
2021-06-29T00:00:00.000Z,תורכיה,195,898,1093
2021-06-29T00:00:00.000Z,תורכמניסטאן,0,2,2
2021-06-29T00:00:00.000Z,בליז,0,2,2
2021-06-29T00:00:00.000Z,איחוד האמירויות הערב,5,18,23
2021-06-29T00:00:00.000Z,גאורגיה,35,399,434
2021-06-29T00:00:00.000Z,גאנה,0,8,8
2021-06-29T00:00:00.000Z,גויאנה הצרפתית,0,1,1
2021-06-29T00:00:00.000Z,גרמניה,27,475,502
2021-06-29T00:00:00.000Z,דומיניקה,0,1,1
2021-06-29T00:00:00.000Z,דנמרק,0,11,11
2021-06-29T00:00:00.000Z,דרום אפריקה,0,2,2
2021-06-29T00:00:00.000Z,הולנד,21,252,273
2021-06-29T00:00:00.000Z,הונגריה,29,224,253
2021-06-29T00:00:00.000Z,הממלכה המאוחדת,64,479,543
2021-06-29T00:00:00.000Z,זימבאבווה,0,1,1
2021-06-29T00:00:00.000Z,זמביה,0,3,3
2021-06-29T00:00:00.000Z,טנזניה,0,13,13
2021-06-29T00:00:00.000Z,פרגוואי,0,1,1
2021-06-29T00:00:00.000Z,פינלנד,0,2,2
2021-06-29T00:00:00.000Z,פיליפינים,0,6,6
2021-06-29T00:00:00.000Z,פורטוגל,0,6,6
2021-06-29T00:00:00.000Z,פולין,16,185,201
2021-06-29T00:00:00.000Z,סרביה,4,19,23
2021-06-29T00:00:00.000Z,ספרד,9,113,122
2021-06-29T00:00:00.000Z,סינגפור,0,1,1
2021-06-29T00:00:00.000Z,סין,0,1,1
2021-06-29T00:00:00.000Z,סווזילנד,0,3,3
2021-06-29T00:00:00.000Z,נמיביה,0,2,2
2021-06-29T00:00:00.000Z,ניגריה,1,0,1
2021-06-29T00:00:00.000Z,ניגר,0,1,1
2021-06-29T00:00:00.000Z,נורבגיה,0,6,6
2021-06-29T00:00:00.000Z,מרוקו,1,2,3
2021-06-29T00:00:00.000Z,מקסיקו,1,5,6
2021-06-29T00:00:00.000Z,מצרים,64,420,484
2021-06-29T00:00:00.000Z,מלדיבים,0,6,6
2021-06-29T00:00:00.000Z,מלאווי,0,1,1
2021-06-29T00:00:00.000Z,מונטנגרו,0,3,3
2021-06-29T00:00:00.000Z,מולדובה,7,101,108
2021-06-29T00:00:00.000Z,מאלי,0,1,1
2021-06-29T00:00:00.000Z,ליטא,2,15,17
2021-06-29T00:00:00.000Z,לטביה,3,29,32
2021-06-29T00:00:00.000Z,לוכסמבורג,0,5,5
2021-06-29T00:00:00.000Z,כלל המדינות,1152,12416,13568
2021-06-29T00:00:00.000Z,ירדן,4,69,73
2021-06-29T00:00:00.000Z,יפן,0,1,1
2021-06-29T00:00:00.000Z,חוף השנהב,0,2,2
2021-06-30T00:00:00.000Z,צכיה,0,5,5
2021-06-30T00:00:00.000Z,צרפת,63,525,588
2021-06-30T00:00:00.000Z,קולומביה,0,3,3
2021-06-30T00:00:00.000Z,קונגו,0,1,1
2021-06-30T00:00:00.000Z,קוסטה ריקה,0,5,5
2021-06-30T00:00:00.000Z,קוריאה הדרומית,0,2,2
2021-06-30T00:00:00.000Z,קזחסטאן,1,4,5
2021-06-30T00:00:00.000Z,קירג'זסטאן,3,19,22
2021-06-30T00:00:00.000Z,קנדה,2,165,167
2021-06-30T00:00:00.000Z,קניה,1,6,7
2021-06-30T00:00:00.000Z,קפריסין,41,321,362
2021-06-30T00:00:00.000Z,קרואטיה,1,17,18
2021-06-30T00:00:00.000Z,רומניה,68,417,485
2021-06-30T00:00:00.000Z,רוסיה,9,81,90
2021-06-30T00:00:00.000Z,שוודיה,0,9,9
2021-06-30T00:00:00.000Z,שוויץ,22,160,182
2021-06-30T00:00:00.000Z,תאילנד,0,16,16
2021-06-30T00:00:00.000Z,תוניסיה,0,1,1
2021-06-30T00:00:00.000Z,תורכיה,185,955,1140
2021-06-30T00:00:00.000Z,תורכמניסטאן,1,11,12
2021-06-30T00:00:00.000Z,איחוד האמירויות הערב,27,229,256
2021-06-30T00:00:00.000Z,אוגנדה,0,12,12
2021-06-30T00:00:00.000Z,אוזבקיסטן,0,2,2
2021-06-30T00:00:00.000Z,אוסטריה,29,239,268
2021-06-30T00:00:00.000Z,אוסטרליה,4,13,17
2021-06-30T00:00:00.000Z,אוקראינה,57,273,330
2021-06-30T00:00:00.000Z,אורגוואי,0,6,6
2021-06-30T00:00:00.000Z,אזרביג'אן,3,10,13
2021-06-30T00:00:00.000Z,איטליה,2,54,56
2021-06-30T00:00:00.000Z,איי גילברט ואליס,0,1,1
2021-06-30T00:00:00.000Z,איי סיישל,5,43,48
2021-06-30T00:00:00.000Z,איסלנד,0,1,1
2021-06-30T00:00:00.000Z,אירלנד,0,2,2
2021-06-30T00:00:00.000Z,אנגולה,0,1,1
2021-06-30T00:00:00.000Z,אסטוניה,0,2,2
2021-06-30T00:00:00.000Z,אפגניסטן,0,1,1
2021-06-30T00:00:00.000Z,ארגנטינה,0,1,1
2021-06-30T00:00:00.000Z,ארמניה,1,2,3
2021-06-30T00:00:00.000Z,ארצות הברית,196,2339,2535
2021-06-30T00:00:00.000Z,אתיופיה,1,45,46
2021-06-30T00:00:00.000Z,בולגריה,22,160,182
2021-06-30T00:00:00.000Z,בוסניה הרצגובינה,0,2,2
2021-06-30T00:00:00.000Z,בילורוסיה,3,60,63
2021-06-30T00:00:00.000Z,בלגיה,18,94,112
2021-06-30T00:00:00.000Z,ברזיל,1,2,3
2021-06-30T00:00:00.000Z,גאורגיה,43,334,377
2021-06-30T00:00:00.000Z,גאנה,2,5,7
2021-06-30T00:00:00.000Z,גווטאמלה,1,1,2
2021-06-30T00:00:00.000Z,גרמניה,42,451,493
2021-06-30T00:00:00.000Z,דנמרק,0,10,10
2021-06-30T00:00:00.000Z,דרום אמריקה,0,1,1
2021-06-30T00:00:00.000Z,דרום אפריקה,0,11,11
2021-06-30T00:00:00.000Z,הולנד,17,245,262
2021-06-30T00:00:00.000Z,הונג קונג,0,2,2
2021-06-30T00:00:00.000Z,הונגריה,16,136,152
2021-06-30T00:00:00.000Z,הממלכה המאוחדת,64,325,389
2021-06-30T00:00:00.000Z,ונצואלה,0,2,2
2021-06-30T00:00:00.000Z,חוף השנהב,0,1,1
2021-06-30T00:00:00.000Z,טיוואן,0,2,2
2021-06-30T00:00:00.000Z,טנזניה,8,132,140
2021-06-30T00:00:00.000Z,יוון,89,783,872
2021-06-30T00:00:00.000Z,יפן,0,2,2
2021-06-30T00:00:00.000Z,ירדן,2,70,72
2021-06-30T00:00:00.000Z,כווית,0,1,1
2021-06-30T00:00:00.000Z,כלל המדינות,1287,13048,14335
2021-06-30T00:00:00.000Z,לבנון,0,12,12
2021-06-30T00:00:00.000Z,לטביה,0,1,1
2021-06-30T00:00:00.000Z,מולדובה,0,2,2
2021-06-30T00:00:00.000Z,מונטנגרו,12,163,175
2021-06-30T00:00:00.000Z,מלדיבים,6,56,62
2021-06-30T00:00:00.000Z,מלטה,0,6,6
2021-06-30T00:00:00.000Z,מצרים,51,317,368
2021-06-30T00:00:00.000Z,מקדוניה,0,4,4
2021-06-30T00:00:00.000Z,מקסיקו,0,6,6
2021-06-30T00:00:00.000Z,מרוקו,0,1,1
2021-06-30T00:00:00.000Z,נורבגיה,0,4,4
2021-06-30T00:00:00.000Z,ניגריה,0,2,2
2021-06-30T00:00:00.000Z,סוריה,0,1,1
2021-06-30T00:00:00.000Z,סיירה ליאונה,0,4,4
2021-06-30T00:00:00.000Z,סין,0,12,12
2021-06-30T00:00:00.000Z,סינגפור,0,1,1
2021-06-30T00:00:00.000Z,סלובניה,0,2,2
2021-06-30T00:00:00.000Z,ספרד,11,126,137
2021-06-30T00:00:00.000Z,סרביה,5,1,6
2021-06-30T00:00:00.000Z,סרי לנקה (צילון),0,2,2
2021-06-30T00:00:00.000Z,פולין,10,65,75
2021-06-30T00:00:00.000Z,פורטוגל,3,32,35
2021-06-30T00:00:00.000Z,פיליפינים,0,2,2
2021-06-30T00:00:00.000Z,פינלנד,1,3,4
2021-06-30T00:00:00.000Z,פנמה,0,1,1
2021-06-30T00:00:00.000Z,פרגוואי,9,15,24
2021-06-30T00:00:00.000Z,פרו,0,2,2
2021-07-01T00:00:00.000Z,לבנון,0,2,2
2021-07-01T00:00:00.000Z,אזרביג'אן,1,30,31
2021-07-01T00:00:00.000Z,שוויץ,42,173,215
2021-07-01T00:00:00.000Z,שוודיה,1,9,10
2021-07-01T00:00:00.000Z,רוסיה,10,64,74
2021-07-01T00:00:00.000Z,רומניה,51,207,258
2021-07-01T00:00:00.000Z,רואנדה,0,4,4
2021-07-01T00:00:00.000Z,קרואטיה,0,9,9
2021-07-01T00:00:00.000Z,קפריסין,90,490,580
2021-07-01T00:00:00.000Z,קניה,1,31,32
2021-07-01T00:00:00.000Z,קנדה,3,8,11
2021-07-01T00:00:00.000Z,קמרון,0,1,1
2021-07-01T00:00:00.000Z,קירג'זסטאן,0,3,3
2021-07-01T00:00:00.000Z,קטר,0,4,4
2021-07-01T00:00:00.000Z,קזחסטאן,0,2,2
2021-07-01T00:00:00.000Z,קוריאה הדרומית,0,6,6
2021-07-01T00:00:00.000Z,קוסטה ריקה,0,6,6
2021-07-01T00:00:00.000Z,קוסובו,0,1,1
2021-07-01T00:00:00.000Z,קולומביה,2,16,18
2021-07-01T00:00:00.000Z,צרפת,68,517,585
2021-07-01T00:00:00.000Z,צכיה,12,132,144
2021-07-01T00:00:00.000Z,צ'ילה,0,8,8
2021-07-01T00:00:00.000Z,פרו,0,6,6
2021-07-01T00:00:00.000Z,פנמה,0,5,5
2021-07-01T00:00:00.000Z,פינלנד,0,6,6
2021-07-01T00:00:00.000Z,פיליפינים,0,13,13
2021-07-01T00:00:00.000Z,פורטוגל,1,11,12
2021-07-01T00:00:00.000Z,פולין,8,43,51
2021-07-01T00:00:00.000Z,סרי לנקה (צילון),0,1,1
2021-07-01T00:00:00.000Z,סרביה,0,20,20
2021-07-01T00:00:00.000Z,ספרד,12,202,214
2021-07-01T00:00:00.000Z,סנגל,0,1,1
2021-07-01T00:00:00.000Z,סלובקיה,0,1,1
2021-07-01T00:00:00.000Z,סלובניה,0,4,4
2021-07-01T00:00:00.000Z,סינגפור,0,1,1
2021-07-01T00:00:00.000Z,סין,3,1,4
2021-07-01T00:00:00.000Z,סוריה,0,14,14
2021-07-01T00:00:00.000Z,ניגריה,2,7,9
2021-07-01T00:00:00.000Z,נורבגיה,0,4,4
2021-07-01T00:00:00.000Z,מרוקו,4,10,14
2021-07-01T00:00:00.000Z,מקסיקו,0,4,4
2021-07-01T00:00:00.000Z,מצרים,75,405,480
2021-07-01T00:00:00.000Z,מלטה,0,3,3
2021-07-01T00:00:00.000Z,מלדיבים,1,28,29
2021-07-01T00:00:00.000Z,מולדובה,4,163,167
2021-07-01T00:00:00.000Z,לסוטו,0,1,1
2021-07-01T00:00:00.000Z,ליטא,6,98,104
2021-07-01T00:00:00.000Z,לטביה,0,4,4
2021-07-01T00:00:00.000Z,תאילנד,0,6,6
2021-07-01T00:00:00.000Z,כלל המדינות,1689,16157,17846
2021-07-01T00:00:00.000Z,ירדן,22,106,128
2021-07-01T00:00:00.000Z,יוון,207,1947,2154
2021-07-01T00:00:00.000Z,טנזניה,0,12,12
2021-07-01T00:00:00.000Z,טוגו,0,1,1
2021-07-01T00:00:00.000Z,חוף השנהב,0,2,2
2021-07-01T00:00:00.000Z,זמביה,3,5,8
2021-07-01T00:00:00.000Z,הממלכה המאוחדת,60,406,466
2021-07-01T00:00:00.000Z,הונגריה,37,155,192
2021-07-01T00:00:00.000Z,הונג קונג,0,1,1
2021-07-01T00:00:00.000Z,הולנד,16,105,121
2021-07-01T00:00:00.000Z,הודו,0,5,5
2021-07-01T00:00:00.000Z,האיטי,0,1,1
2021-07-01T00:00:00.000Z,דרום אפריקה,0,21,21
2021-07-01T00:00:00.000Z,דנמרק,0,23,23
2021-07-01T00:00:00.000Z,גרנדה,1,0,1
2021-07-01T00:00:00.000Z,גרמניה,20,365,385
2021-07-01T00:00:00.000Z,גינאה המשוונית,0,2,2
2021-07-01T00:00:00.000Z,גינאה,0,3,3
2021-07-01T00:00:00.000Z,גווטאמלה,0,2,2
2021-07-01T00:00:00.000Z,גבון,0,1,1
2021-07-01T00:00:00.000Z,גאנה,0,4,4
2021-07-01T00:00:00.000Z,גאורגיה,97,812,909
2021-07-01T00:00:00.000Z,ברזיל,1,4,5
2021-07-01T00:00:00.000Z,בלגיה,8,78,86
2021-07-01T00:00:00.000Z,בילורוסיה,5,60,65
2021-07-01T00:00:00.000Z,בחריין,2,3,5
2021-07-01T00:00:00.000Z,בוסניה הרצגובינה,0,2,2
2021-07-01T00:00:00.000Z,בוליביה,0,1,1
2021-07-01T00:00:00.000Z,בולגריה,45,520,565
2021-07-01T00:00:00.000Z,בוטסואנה,0,2,2
2021-07-01T00:00:00.000Z,אתיופיה,4,29,33
2021-07-01T00:00:00.000Z,ארצות הברית,230,2570,2800
2021-07-01T00:00:00.000Z,ארמניה,0,4,4
2021-07-01T00:00:00.000Z,אנגולה,0,2,2
2021-07-01T00:00:00.000Z,אלבניה,2,28,30
2021-07-01T00:00:00.000Z,אירלנד,0,10,10
2021-07-01T00:00:00.000Z,איסלנד,1,46,47
2021-07-01T00:00:00.000Z,איי סיישל,2,5,7
2021-07-01T00:00:00.000Z,איטליה,37,301,338
2021-07-01T00:00:00.000Z,תורכיה,226,1220,1446
2021-07-01T00:00:00.000Z,אוקראינה,51,259,310
2021-07-01T00:00:00.000Z,אוסטרליה,3,6,9
2021-07-01T00:00:00.000Z,אוסטריה,48,275,323
2021-07-01T00:00:00.000Z,אוזבקיסטן,0,4,4
2021-07-01T00:00:00.000Z,אוגנדה,0,1,1
2021-07-01T00:00:00.000Z,תורכמניסטאן,4,15,19
2021-07-01T00:00:00.000Z,איחוד האמירויות הערב,37,261,298
2021-07-02T00:00:00.000Z,תורכיה,135,816,951
2021-07-02T00:00:00.000Z,תוניסיה,0,1,1
2021-07-02T00:00:00.000Z,תאילנד,0,4,4
2021-07-02T00:00:00.000Z,שוויץ,27,227,254
2021-07-02T00:00:00.000Z,שוודיה,0,10,10
2021-07-02T00:00:00.000Z,רוסיה,5,173,178
2021-07-02T00:00:00.000Z,רומניה,44,214,258
2021-07-02T00:00:00.000Z,קרואטיה,0,2,2
2021-07-02T00:00:00.000Z,קפריסין,67,414,481
2021-07-02T00:00:00.000Z,קניה,0,5,5
2021-07-02T00:00:00.000Z,קנדה,4,155,159
2021-07-02T00:00:00.000Z,קירג'זסטאן,0,13,13
2021-07-02T00:00:00.000Z,קטר,0,3,3
2021-07-02T00:00:00.000Z,קוריאה הדרומית,0,1,1
2021-07-02T00:00:00.000Z,קוסטה ריקה,1,28,29
2021-07-02T00:00:00.000Z,קולומביה,0,8,8
2021-07-02T00:00:00.000Z,צרפת,70,473,543
2021-07-02T00:00:00.000Z,צכיה,3,16,19
2021-07-02T00:00:00.000Z,פרו,0,1,1
2021-07-02T00:00:00.000Z,פנמה,1,5,6
2021-07-02T00:00:00.000Z,פינלנד,0,55,55
2021-07-02T00:00:00.000Z,פיליפינים,0,7,7
2021-07-02T00:00:00.000Z,פורטוגל,1,34,35
2021-07-02T00:00:00.000Z,פולין,12,99,111
2021-07-02T00:00:00.000Z,סרי לנקה (צילון),0,6,6
2021-07-02T00:00:00.000Z,סרביה,0,16,16
2021-07-02T00:00:00.000Z,ספרד,21,255,276
2021-07-02T00:00:00.000Z,סינגפור,0,9,9
2021-07-02T00:00:00.000Z,סוריה,0,1,1
2021-07-02T00:00:00.000Z,ניגריה,0,2,2
2021-07-02T00:00:00.000Z,נורבגיה,0,8,8
2021-07-02T00:00:00.000Z,מרוקו,1,7,8
2021-07-02T00:00:00.000Z,מקסיקו,0,12,12
2021-07-02T00:00:00.000Z,מצרים,48,252,300
2021-07-02T00:00:00.000Z,מלטה,1,0,1
2021-07-02T00:00:00.000Z,מלדיבים,2,21,23
2021-07-02T00:00:00.000Z,מונקו,0,2,2
2021-07-02T00:00:00.000Z,מונטנגרו,13,142,155
2021-07-02T00:00:00.000Z,מולדובה,0,7,7
2021-07-02T00:00:00.000Z,ליטא,0,10,10
2021-07-02T00:00:00.000Z,לוכסמבורג,0,5,5
2021-07-02T00:00:00.000Z,כלל המדינות,1235,12555,13790
2021-07-02T00:00:00.000Z,ירדן,0,24,24
2021-07-02T00:00:00.000Z,יפן,0,1,1
2021-07-02T00:00:00.000Z,יוון,125,1329,1454
2021-07-02T00:00:00.000Z,טנזניה,0,2,2
2021-07-02T00:00:00.000Z,חוף השנהב,0,2,2
2021-07-02T00:00:00.000Z,הרפ הדומיניקנית,0,1,1
2021-07-02T00:00:00.000Z,הממלכה המאוחדת,45,284,329
2021-07-02T00:00:00.000Z,הונגריה,34,97,131
2021-07-02T00:00:00.000Z,הולנד,15,120,135
2021-07-02T00:00:00.000Z,הודו,0,1,1
2021-07-02T00:00:00.000Z,דנמרק,1,21,22
2021-07-02T00:00:00.000Z,גרמניה,46,537,583
2021-07-02T00:00:00.000Z,גמייקה,0,6,6
2021-07-02T00:00:00.000Z,גווטאמלה,0,2,2
2021-07-02T00:00:00.000Z,גאנה,0,2,2
2021-07-02T00:00:00.000Z,גאורגיה,102,672,774
2021-07-02T00:00:00.000Z,ברזיל,0,1,1
2021-07-02T00:00:00.000Z,בלגיה,16,167,183
2021-07-02T00:00:00.000Z,בילורוסיה,5,49,54
2021-07-02T00:00:00.000Z,בוסניה הרצגובינה,0,2,2
2021-07-02T00:00:00.000Z,בוליביה,1,0,1
2021-07-02T00:00:00.000Z,בולגריה,15,189,204
2021-07-02T00:00:00.000Z,אתיופיה,0,1,1
2021-07-02T00:00:00.000Z,ארצות הברית,181,2005,2186
2021-07-02T00:00:00.000Z,ארמניה,3,13,16
2021-07-02T00:00:00.000Z,ארגנטינה,0,1,1
2021-07-02T00:00:00.000Z,אקואדור,0,3,3
2021-07-02T00:00:00.000Z,אסטוניה,0,6,6
2021-07-02T00:00:00.000Z,אנגולה,0,2,2
2021-07-02T00:00:00.000Z,אלגיריה,0,1,1
2021-07-02T00:00:00.000Z,אירלנד,0,5,5
2021-07-02T00:00:00.000Z,איסלנד,1,14,15
2021-07-02T00:00:00.000Z,איטליה,32,296,328
2021-07-02T00:00:00.000Z,אזרביג'אן,0,4,4
2021-07-02T00:00:00.000Z,אורגוואי,0,5,5
2021-07-02T00:00:00.000Z,איחוד האמירויות הערב,6,102,108
2021-07-02T00:00:00.000Z,תורכמניסטאן,1,3,4
2021-07-02T00:00:00.000Z,אוקראינה,46,427,473
2021-07-02T00:00:00.000Z,אוסטרליה,0,2,2
2021-07-02T00:00:00.000Z,אוסטריה,24,183,207
2021-07-02T00:00:00.000Z,אוזבקיסטן,0,4,4
2021-07-03T00:00:00.000Z,אתיופיה,1,25,26
2021-07-03T00:00:00.000Z,ארצות הברית,63,1174,1237
2021-07-03T00:00:00.000Z,איחוד האמירויות הערב,9,75,84
2021-07-03T00:00:00.000Z,תורכיה,205,1136,1341
2021-07-03T00:00:00.000Z,תאילנד,0,4,4
2021-07-03T00:00:00.000Z,שוויץ,10,89,99
2021-07-03T00:00:00.000Z,שוודיה,0,15,15
2021-07-03T00:00:00.000Z,רפ מרכז אפריקנית,0,1,1
2021-07-03T00:00:00.000Z,רוסיה,0,1,1
2021-07-03T00:00:00.000Z,רומניה,9,86,95
2021-07-03T00:00:00.000Z,רואנדה,1,2,3
2021-07-03T00:00:00.000Z,קרואטיה,1,25,26
2021-07-03T00:00:00.000Z,קפריסין,34,321,355
2021-07-03T00:00:00.000Z,קניה,0,8,8
2021-07-03T00:00:00.000Z,קירג'זסטאן,2,31,33
2021-07-03T00:00:00.000Z,קטר,0,1,1
2021-07-03T00:00:00.000Z,קוריאה הדרומית,0,4,4
2021-07-03T00:00:00.000Z,קוסטה ריקה,0,1,1
2021-07-03T00:00:00.000Z,קולומביה,0,5,5
2021-07-03T00:00:00.000Z,צרפת,18,165,183
2021-07-03T00:00:00.000Z,צכיה,1,7,8
2021-07-03T00:00:00.000Z,פנמה,0,1,1
2021-07-03T00:00:00.000Z,פינלנד,0,1,1
2021-07-03T00:00:00.000Z,פיליפינים,0,2,2
2021-07-03T00:00:00.000Z,פורטוגל,1,39,40
2021-07-03T00:00:00.000Z,פולין,8,135,143
2021-07-03T00:00:00.000Z,סרביה,1,7,8
2021-07-03T00:00:00.000Z,ספרד,0,31,31
2021-07-03T00:00:00.000Z,סלובניה,0,2,2
2021-07-03T00:00:00.000Z,סינגפור,0,11,11
2021-07-03T00:00:00.000Z,סין,0,3,3
2021-07-03T00:00:00.000Z,ניו זילנד,0,2,2
2021-07-03T00:00:00.000Z,ניגריה,0,6,6
2021-07-03T00:00:00.000Z,נורבגיה,0,9,9
2021-07-03T00:00:00.000Z,מרוקו,0,2,2
2021-07-03T00:00:00.000Z,מקסיקו,0,6,6
2021-07-03T00:00:00.000Z,מצרים,63,598,661
2021-07-03T00:00:00.000Z,מלטה,0,6,6
2021-07-03T00:00:00.000Z,מלדיבים,2,10,12
2021-07-03T00:00:00.000Z,מונטנגרו,1,15,16
2021-07-03T00:00:00.000Z,מולדובה,9,70,79
2021-07-03T00:00:00.000Z,ליטא,0,16,16
2021-07-03T00:00:00.000Z,לטביה,3,26,29
2021-07-03T00:00:00.000Z,לוכסמבורג,0,1,1
2021-07-03T00:00:00.000Z,כלל המדינות,685,8472,9157
2021-07-03T00:00:00.000Z,ירדן,0,4,4
2021-07-03T00:00:00.000Z,יוון,93,1218,1311
2021-07-03T00:00:00.000Z,טנזניה,0,16,16
2021-07-03T00:00:00.000Z,טיוואן,0,1,1
2021-07-03T00:00:00.000Z,חוף השנהב,0,4,4
2021-07-03T00:00:00.000Z,זאיר,0,3,3
2021-07-03T00:00:00.000Z,הממלכה המאוחדת,10,158,168
2021-07-03T00:00:00.000Z,הונדורס,0,1,1
2021-07-03T00:00:00.000Z,הונגריה,20,67,87
2021-07-03T00:00:00.000Z,הונג קונג,0,2,2
2021-07-03T00:00:00.000Z,הולנד,10,208,218
2021-07-03T00:00:00.000Z,דרום אפריקה,2,10,12
2021-07-03T00:00:00.000Z,דרום אמריקה,0,1,1
2021-07-03T00:00:00.000Z,דנמרק,1,20,21
2021-07-03T00:00:00.000Z,גרמניה,19,387,406
2021-07-03T00:00:00.000Z,גינאה,0,2,2
2021-07-03T00:00:00.000Z,גווטאמלה,0,2,2
2021-07-03T00:00:00.000Z,גאנה,0,4,4
2021-07-03T00:00:00.000Z,גאורגיה,3,4,7
2021-07-03T00:00:00.000Z,ברזיל,0,3,3
2021-07-03T00:00:00.000Z,ארמניה,0,2,2
2021-07-03T00:00:00.000Z,אסטוניה,0,3,3
2021-07-03T00:00:00.000Z,אנגולה,0,1,1
2021-07-03T00:00:00.000Z,אירלנד,0,5,5
2021-07-03T00:00:00.000Z,איסלנד,2,25,27
2021-07-03T00:00:00.000Z,איי סיישל,0,2,2
2021-07-03T00:00:00.000Z,איטליה,16,143,159
2021-07-03T00:00:00.000Z,אזרביג'אן,0,13,13
2021-07-03T00:00:00.000Z,אוקראינה,10,177,187
2021-07-03T00:00:00.000Z,אוסטרליה,0,4,4
2021-07-03T00:00:00.000Z,אוסטריה,13,176,189
2021-07-03T00:00:00.000Z,אוזבקיסטן,0,5,5
2021-07-03T00:00:00.000Z,בולגריה,0,1,1
2021-07-04T00:00:00.000Z,אסטוניה,0,1,1
2021-07-04T00:00:00.000Z,ארמניה,0,1,1
2021-07-04T00:00:00.000Z,ארצות הברית,76,1240,1316
2021-07-04T00:00:00.000Z,אתיופיה,0,9,9
2021-07-04T00:00:00.000Z,בהמס,1,0,1
2021-07-04T00:00:00.000Z,בוטסואנה,0,1,1
2021-07-04T00:00:00.000Z,בולגריה,43,501,544
2021-07-04T00:00:00.000Z,בוליביה,1,4,5
2021-07-04T00:00:00.000Z,בילורוסיה,14,130,144
2021-07-04T00:00:00.000Z,בלגיה,4,56,60
2021-07-04T00:00:00.000Z,ברזיל,3,7,10
2021-07-04T00:00:00.000Z,גאורגיה,98,979,1077
2021-07-04T00:00:00.000Z,גאנה,2,3,5
2021-07-04T00:00:00.000Z,גרמניה,38,518,556
2021-07-04T00:00:00.000Z,דנמרק,1,6,7
2021-07-04T00:00:00.000Z,דרום אפריקה,0,6,6
2021-07-04T00:00:00.000Z,הולנד,22,234,256
2021-07-04T00:00:00.000Z,הונגריה,54,129,183
2021-07-04T00:00:00.000Z,הממלכה המאוחדת,48,448,496
2021-07-04T00:00:00.000Z,ונצואלה,0,2,2
2021-07-04T00:00:00.000Z,זאיר,0,1,1
2021-07-04T00:00:00.000Z,זימבאבווה,0,1,1
2021-07-04T00:00:00.000Z,זמביה,1,0,1
2021-07-04T00:00:00.000Z,טיוואן,0,1,1
2021-07-04T00:00:00.000Z,טנזניה,0,1,1
2021-07-04T00:00:00.000Z,יוון,316,3147,3463
2021-07-04T00:00:00.000Z,יפן,0,4,4
2021-07-04T00:00:00.000Z,ירדן,27,172,199
2021-07-04T00:00:00.000Z,כלל המדינות,1709,17931,19640
2021-07-04T00:00:00.000Z,לבנון,0,6,6
2021-07-04T00:00:00.000Z,לוכסמבורג,0,1,1
2021-07-04T00:00:00.000Z,ליטא,1,0,1
2021-07-04T00:00:00.000Z,מאוריציוס,0,1,1
2021-07-04T00:00:00.000Z,מאלי,0,2,2
2021-07-04T00:00:00.000Z,מולדובה,7,107,114
2021-07-04T00:00:00.000Z,מונטנגרו,0,1,1
2021-07-04T00:00:00.000Z,מלדיבים,3,14,17
2021-07-04T00:00:00.000Z,מלטה,1,7,8
2021-07-04T00:00:00.000Z,מצרים,71,786,857
2021-07-04T00:00:00.000Z,מקסיקו,0,7,7
2021-07-04T00:00:00.000Z,מרוקו,0,20,20
2021-07-04T00:00:00.000Z,נורבגיה,0,3,3
2021-07-04T00:00:00.000Z,ניגריה,0,6,6
2021-07-04T00:00:00.000Z,ניו זילנד,0,2,2
2021-07-04T00:00:00.000Z,ארגנטינה,0,1,1
2021-07-04T00:00:00.000Z,סין,0,1,1
2021-07-04T00:00:00.000Z,סלובקיה,0,10,10
2021-07-04T00:00:00.000Z,ספרד,15,196,211
2021-07-04T00:00:00.000Z,סרי לנקה (צילון),0,1,1
2021-07-04T00:00:00.000Z,פולין,4,52,56
2021-07-04T00:00:00.000Z,פורטו ריקו,0,1,1
2021-07-04T00:00:00.000Z,פורטוגל,2,38,40
2021-07-04T00:00:00.000Z,פיליפינים,0,15,15
2021-07-04T00:00:00.000Z,פינלנד,0,2,2
2021-07-04T00:00:00.000Z,פנמה,0,1,1
2021-07-04T00:00:00.000Z,פרו,0,4,4
2021-07-04T00:00:00.000Z,צ'ילה,0,2,2
2021-07-04T00:00:00.000Z,צכיה,8,50,58
2021-07-04T00:00:00.000Z,צרפת,58,597,655
2021-07-04T00:00:00.000Z,קולומביה,0,1,1
2021-07-04T00:00:00.000Z,קוסטה ריקה,0,6,6
2021-07-04T00:00:00.000Z,קוריאה הדרומית,0,15,15
2021-07-04T00:00:00.000Z,קזחסטאן,1,2,3
2021-07-04T00:00:00.000Z,קטר,0,2,2
2021-07-04T00:00:00.000Z,קנדה,2,160,162
2021-07-04T00:00:00.000Z,קניה,0,4,4
2021-07-04T00:00:00.000Z,קפריסין,103,1123,1226
2021-07-04T00:00:00.000Z,קרואטיה,3,23,26
2021-07-04T00:00:00.000Z,רואנדה,0,2,2
2021-07-04T00:00:00.000Z,רומניה,57,405,462
2021-07-04T00:00:00.000Z,רוסיה,7,98,105
2021-07-04T00:00:00.000Z,שוודיה,0,19,19
2021-07-04T00:00:00.000Z,שוויץ,28,330,358
2021-07-04T00:00:00.000Z,תאילנד,0,13,13
2021-07-04T00:00:00.000Z,תורכיה,200,1146,1346
2021-07-04T00:00:00.000Z,תורכמניסטאן,0,1,1
2021-07-04T00:00:00.000Z,אלבניה,3,44,47
2021-07-04T00:00:00.000Z,אירלנד,0,13,13
2021-07-04T00:00:00.000Z,איסלנד,6,31,37
2021-07-04T00:00:00.000Z,איי סיישל,13,69,82
2021-07-04T00:00:00.000Z,איי טורקס וקייקוס,0,4,4
2021-07-04T00:00:00.000Z,איטליה,40,413,453
2021-07-04T00:00:00.000Z,אזרביג'אן,0,14,14
2021-07-04T00:00:00.000Z,אורגוואי,0,5,5
2021-07-04T00:00:00.000Z,אוקראינה,160,505,665
2021-07-04T00:00:00.000Z,אוסטרליה,0,8,8
2021-07-04T00:00:00.000Z,אוסטריה,17,127,144
2021-07-04T00:00:00.000Z,אוגנדה,0,3,3
2021-07-04T00:00:00.000Z,איחוד האמירויות הערב,20,105,125
2021-07-04T00:00:00.000Z,נפאל,0,1,1
2021-07-05T00:00:00.000Z,הרפ הדומיניקנית,2,0,2
2021-07-05T00:00:00.000Z,ויטנאם,0,2,2
2021-07-05T00:00:00.000Z,זאיר,1,0,1
2021-07-05T00:00:00.000Z,חוף השנהב,1,0,1
2021-07-05T00:00:00.000Z,טנזניה,7,1,8
2021-07-05T00:00:00.000Z,יוון,2355,125,2480
2021-07-05T00:00:00.000Z,יפן,1,0,1
2021-07-05T00:00:00.000Z,ירדן,39,33,72
2021-07-05T00:00:00.000Z,כלל המדינות,11672,6809,18481
2021-07-05T00:00:00.000Z,ליטא,3,1,4
2021-07-05T00:00:00.000Z,מאוריציוס,1,0,1
2021-07-05T00:00:00.000Z,מוזמביק,3,0,3
2021-07-05T00:00:00.000Z,מולדובה,4,0,4
2021-07-05T00:00:00.000Z,קוריאה הצפונית,3,2,5
2021-07-05T00:00:00.000Z,אוגנדה,0,1,1
2021-07-05T00:00:00.000Z,אוזבקיסטן,30,50,80
2021-07-05T00:00:00.000Z,אוסטריה,376,40,416
2021-07-05T00:00:00.000Z,אוסטרליה,3,7,10
2021-07-05T00:00:00.000Z,איחוד האמירויות הערב,62,30,92
2021-07-05T00:00:00.000Z,אוקראינה,425,134,559
2021-07-05T00:00:00.000Z,אורגוואי,0,3,3
2021-07-05T00:00:00.000Z,אזרביג'אן,13,1,14
2021-07-05T00:00:00.000Z,איטליה,410,79,489
2021-07-05T00:00:00.000Z,איי גילברט ואליס,0,1,1
2021-07-05T00:00:00.000Z,איי טורקס וקייקוס,2,0,2
2021-07-05T00:00:00.000Z,איסלנד,60,4,64
2021-07-05T00:00:00.000Z,אירלנד,2,14,16
2021-07-05T00:00:00.000Z,אלבניה,2,0,2
2021-07-05T00:00:00.000Z,אסטוניה,2,1,3
2021-07-05T00:00:00.000Z,אקואדור,4,2,6
2021-07-05T00:00:00.000Z,ארגנטינה,1,2,3
2021-07-05T00:00:00.000Z,ארמניה,7,2,9
2021-07-05T00:00:00.000Z,ארצות הברית,746,1578,2324
2021-07-05T00:00:00.000Z,אתיופיה,14,13,27
2021-07-05T00:00:00.000Z,בולגריה,506,30,536
2021-07-05T00:00:00.000Z,בוליביה,2,0,2
2021-07-05T00:00:00.000Z,בוסניה הרצגובינה,2,0,2
2021-07-05T00:00:00.000Z,בילורוסיה,48,14,62
2021-07-05T00:00:00.000Z,בלגיה,97,75,172
2021-07-05T00:00:00.000Z,ברזיל,1,1,2
2021-07-05T00:00:00.000Z,גאורגיה,751,78,829
2021-07-05T00:00:00.000Z,תורכמניסטאן,1,1,2
2021-07-05T00:00:00.000Z,תורכיה,889,307,1196
2021-07-05T00:00:00.000Z,תאילנד,0,8,8
2021-07-05T00:00:00.000Z,שוויץ,142,84,226
2021-07-05T00:00:00.000Z,שוודיה,8,6,14
2021-07-05T00:00:00.000Z,רוסיה,94,177,271
2021-07-05T00:00:00.000Z,רומניה,323,31,354
2021-07-05T00:00:00.000Z,קרואטיה,28,1,29
2021-07-05T00:00:00.000Z,קפריסין,801,72,873
2021-07-05T00:00:00.000Z,קניה,1,0,1
2021-07-05T00:00:00.000Z,קנדה,5,8,13
2021-07-05T00:00:00.000Z,קירג'זסטאן,0,1,1
2021-07-05T00:00:00.000Z,קזחסטאן,0,4,4
2021-07-05T00:00:00.000Z,גווטאמלה,1,0,1
2021-07-05T00:00:00.000Z,קוריאה הדרומית,1,0,1
2021-07-05T00:00:00.000Z,קוסטה ריקה,8,7,15
2021-07-05T00:00:00.000Z,קוסובו,1,0,1
2021-07-05T00:00:00.000Z,קולומביה,7,2,9
2021-07-05T00:00:00.000Z,קובה,1,0,1
2021-07-05T00:00:00.000Z,צרפת,335,222,557
2021-07-05T00:00:00.000Z,צכיה,86,29,115
2021-07-05T00:00:00.000Z,פרו,0,2,2
2021-07-05T00:00:00.000Z,פנמה,6,6,12
2021-07-05T00:00:00.000Z,פינלנד,4,1,5
2021-07-05T00:00:00.000Z,פיליפינים,0,1,1
2021-07-05T00:00:00.000Z,פורטוגל,52,24,76
2021-07-05T00:00:00.000Z,פולינזיה הצרפתית,1,0,1
2021-07-05T00:00:00.000Z,פולין,59,5,64
2021-07-05T00:00:00.000Z,סרי לנקה (צילון),1,0,1
2021-07-05T00:00:00.000Z,סרביה,31,13,44
2021-07-05T00:00:00.000Z,ספרד,260,48,308
2021-07-05T00:00:00.000Z,סנגל,2,0,2
2021-07-05T00:00:00.000Z,סלובניה,8,0,8
2021-07-05T00:00:00.000Z,סינגפור,2,8,10
2021-07-05T00:00:00.000Z,סין,0,3,3
2021-07-05T00:00:00.000Z,ניגריה,2,0,2
2021-07-05T00:00:00.000Z,נורבגיה,0,3,3
2021-07-05T00:00:00.000Z,מרוקו,2,0,2
2021-07-05T00:00:00.000Z,מקסיקו,1,7,8
2021-07-05T00:00:00.000Z,מקדוניה,1,0,1
2021-07-05T00:00:00.000Z,מצרים,524,78,602
2021-07-05T00:00:00.000Z,מלטה,10,5,15
2021-07-05T00:00:00.000Z,מלדיבים,23,0,23
2021-07-05T00:00:00.000Z,מונקו,1,0,1
2021-07-05T00:00:00.000Z,מונטנגרו,106,8,114
2021-07-05T00:00:00.000Z,גויאנה הצרפתית,1,0,1
2021-07-05T00:00:00.000Z,גרמניה,314,134,448
2021-07-05T00:00:00.000Z,דנמרק,17,3,20
2021-07-05T00:00:00.000Z,דרום אפריקה,4,1,5
2021-07-05T00:00:00.000Z,הודו,17,14,31
2021-07-05T00:00:00.000Z,הולנד,123,24,147
2021-07-05T00:00:00.000Z,הונגריה,69,40,109
2021-07-05T00:00:00.000Z,הממלכה המאוחדת,281,165,446
2021-07-06T00:00:00.000Z,ליטא,7,2,9
2021-07-06T00:00:00.000Z,אלבניה,39,0,39
2021-07-06T00:00:00.000Z,אוסטריה,215,42,257
2021-07-06T00:00:00.000Z,אוסטרליה,2,0,2
2021-07-06T00:00:00.000Z,אוקראינה,196,101,297
2021-07-06T00:00:00.000Z,אורגוואי,1,1,2
2021-07-06T00:00:00.000Z,אזרביג'אן,14,1,15
2021-07-06T00:00:00.000Z,איטליה,224,39,263
2021-07-06T00:00:00.000Z,איי סיישל,2,4,6
2021-07-06T00:00:00.000Z,איסלנד,66,1,67
2021-07-06T00:00:00.000Z,אירלנד,3,2,5
2021-07-06T00:00:00.000Z,אסטוניה,3,0,3
2021-07-06T00:00:00.000Z,ארגנטינה,4,2,6
2021-07-06T00:00:00.000Z,ארמניה,1,0,1
2021-07-06T00:00:00.000Z,ארצות הברית,680,1708,2388
2021-07-06T00:00:00.000Z,אתיופיה,6,4,10
2021-07-06T00:00:00.000Z,בולגריה,336,29,365
2021-07-06T00:00:00.000Z,בילורוסיה,49,4,53
2021-07-06T00:00:00.000Z,בלגיה,3,3,6
2021-07-06T00:00:00.000Z,ברזיל,3,10,13
2021-07-06T00:00:00.000Z,גאורגיה,355,25,380
2021-07-06T00:00:00.000Z,גאנה,2,0,2
2021-07-06T00:00:00.000Z,גווטאמלה,0,2,2
2021-07-06T00:00:00.000Z,גויאנה הצרפתית,1,0,1
2021-07-06T00:00:00.000Z,גיברלטר,0,3,3
2021-07-06T00:00:00.000Z,גרמניה,380,118,498
2021-07-06T00:00:00.000Z,דנמרק,23,7,30
2021-07-06T00:00:00.000Z,דרום אפריקה,1,0,1
2021-07-06T00:00:00.000Z,הולנד,224,63,287
2021-07-06T00:00:00.000Z,הונג קונג,0,2,2
2021-07-06T00:00:00.000Z,הונגריה,118,37,155
2021-07-06T00:00:00.000Z,הממלכה המאוחדת,315,159,474
2021-07-06T00:00:00.000Z,הרפ הדומיניקנית,1,0,1
2021-07-06T00:00:00.000Z,זאיר,0,4,4
2021-07-06T00:00:00.000Z,זמביה,2,0,2
2021-07-06T00:00:00.000Z,חוף השנהב,0,1,1
2021-07-06T00:00:00.000Z,טנזניה,1,1,2
2021-07-06T00:00:00.000Z,יוון,1637,121,1758
2021-07-06T00:00:00.000Z,ירדן,47,54,101
2021-07-06T00:00:00.000Z,כלל המדינות,8970,6226,15196
2021-07-06T00:00:00.000Z,לטביה,25,10,35
2021-07-06T00:00:00.000Z,אוזבקיסטן,2,0,2
2021-07-06T00:00:00.000Z,מאלי,2,0,2
2021-07-06T00:00:00.000Z,מולדובה,0,1,1
2021-07-06T00:00:00.000Z,מלדיבים,6,4,10
2021-07-06T00:00:00.000Z,מלטה,1,1,2
2021-07-06T00:00:00.000Z,מצרים,447,97,544
2021-07-06T00:00:00.000Z,מקסיקו,1,4,5
2021-07-06T00:00:00.000Z,מרוקו,4,0,4
2021-07-06T00:00:00.000Z,נורבגיה,0,1,1
2021-07-06T00:00:00.000Z,ניגריה,1,2,3
2021-07-06T00:00:00.000Z,סלובניה,1,1,2
2021-07-06T00:00:00.000Z,ספרד,195,66,261
2021-07-06T00:00:00.000Z,סרביה,15,1,16
2021-07-06T00:00:00.000Z,סרי לנקה (צילון),0,1,1
2021-07-06T00:00:00.000Z,פולין,176,22,198
2021-07-06T00:00:00.000Z,פורטוגל,14,5,19
2021-07-06T00:00:00.000Z,פיליפינים,2,12,14
2021-07-06T00:00:00.000Z,פינלנד,1,0,1
2021-07-06T00:00:00.000Z,פנמה,4,7,11
2021-07-06T00:00:00.000Z,פרו,3,1,4
2021-07-06T00:00:00.000Z,צ'ילה,2,0,2
2021-07-06T00:00:00.000Z,צכיה,81,25,106
2021-07-06T00:00:00.000Z,צרפת,304,240,544
2021-07-06T00:00:00.000Z,קוסטה ריקה,2,0,2
2021-07-06T00:00:00.000Z,קוריאה הדרומית,1,1,2
2021-07-06T00:00:00.000Z,קזחסטאן,2,1,3
2021-07-06T00:00:00.000Z,קירג'זסטאן,5,0,5
2021-07-06T00:00:00.000Z,קנדה,0,5,5
2021-07-06T00:00:00.000Z,קניה,1,0,1
2021-07-06T00:00:00.000Z,קפריסין,520,56,576
2021-07-06T00:00:00.000Z,קרואטיה,12,1,13
2021-07-06T00:00:00.000Z,רואנדה,2,0,2
2021-07-06T00:00:00.000Z,רומניה,157,27,184
2021-07-06T00:00:00.000Z,רוסיה,19,47,66
2021-07-06T00:00:00.000Z,רפ מרכז אפריקנית,1,0,1
2021-07-06T00:00:00.000Z,שוודיה,9,6,15
2021-07-06T00:00:00.000Z,שוויץ,116,38,154
2021-07-06T00:00:00.000Z,תוניסיה,1,0,1
2021-07-06T00:00:00.000Z,תורכיה,994,471,1465
2021-07-06T00:00:00.000Z,תורכמניסטאן,2,0,2
2021-07-06T00:00:00.000Z,איחוד האמירויות הערב,70,13,83
2021-07-07T00:00:00.000Z,בחריין,2,0,2
2021-07-07T00:00:00.000Z,בילורוסיה,29,11,40
2021-07-07T00:00:00.000Z,בלגיה,49,49,98
2021-07-07T00:00:00.000Z,ברזיל,1,6,7
2021-07-07T00:00:00.000Z,גאורגיה,293,40,333
2021-07-07T00:00:00.000Z,גאנה,2,0,2
2021-07-07T00:00:00.000Z,גווטאמלה,2,0,2
2021-07-07T00:00:00.000Z,בוטסואנה,1,0,1
2021-07-07T00:00:00.000Z,גרמניה,389,161,550
2021-07-07T00:00:00.000Z,דנמרק,12,6,18
2021-07-07T00:00:00.000Z,דרום אפריקה,3,8,11
2021-07-07T00:00:00.000Z,הולנד,179,75,254
2021-07-07T00:00:00.000Z,הונג קונג,0,4,4
2021-07-07T00:00:00.000Z,הונגריה,73,35,108
2021-07-07T00:00:00.000Z,הממלכה המאוחדת,188,116,304
2021-07-07T00:00:00.000Z,ונצואלה,1,11,12
2021-07-07T00:00:00.000Z,זימבאבווה,0,1,1
2021-07-07T00:00:00.000Z,זמביה,2,0,2
2021-07-07T00:00:00.000Z,חוף השנהב,1,1,2
2021-07-07T00:00:00.000Z,טג'יקיסטאן,3,0,3
2021-07-07T00:00:00.000Z,טיוואן,0,1,1
2021-07-07T00:00:00.000Z,טנזניה,88,4,92
2021-07-07T00:00:00.000Z,יוון,822,84,906
2021-07-07T00:00:00.000Z,יפן,0,4,4
2021-07-07T00:00:00.000Z,ירדן,68,39,107
2021-07-07T00:00:00.000Z,כלל המדינות,8115,6446,14561
2021-07-07T00:00:00.000Z,לוכסמבורג,3,0,3
2021-07-07T00:00:00.000Z,ליבריה,1,0,1
2021-07-07T00:00:00.000Z,מאוריציוס,0,1,1
2021-07-07T00:00:00.000Z,מדגסקר,1,0,1
2021-07-07T00:00:00.000Z,מולדובה,53,21,74
2021-07-07T00:00:00.000Z,מונטנגרו,190,4,194
2021-07-07T00:00:00.000Z,מלדיבים,12,0,12
2021-07-07T00:00:00.000Z,מלטה,4,0,4
2021-07-07T00:00:00.000Z,מצרים,450,160,610
2021-07-07T00:00:00.000Z,מקדוניה,1,1,2
2021-07-07T00:00:00.000Z,מקסיקו,5,8,13
2021-07-07T00:00:00.000Z,אקואדור,1,0,1
2021-07-07T00:00:00.000Z,אתיופיה,12,1,13
2021-07-07T00:00:00.000Z,ארצות הברית,573,1366,1939
2021-07-07T00:00:00.000Z,מרוקו,9,1,10
2021-07-07T00:00:00.000Z,נורבגיה,1,5,6
2021-07-07T00:00:00.000Z,ניגריה,7,0,7
2021-07-07T00:00:00.000Z,ניו זילנד,1,0,1
2021-07-07T00:00:00.000Z,סוריה,1,6,7
2021-07-07T00:00:00.000Z,סין,3,10,13
2021-07-07T00:00:00.000Z,סינגפור,0,9,9
2021-07-07T00:00:00.000Z,סלובניה,75,10,85
2021-07-07T00:00:00.000Z,סלובקיה,2,0,2
2021-07-07T00:00:00.000Z,סנגל,1,0,1
2021-07-07T00:00:00.000Z,ספרד,109,33,142
2021-07-07T00:00:00.000Z,סרביה,27,5,32
2021-07-07T00:00:00.000Z,סרי לנקה (צילון),3,4,7
2021-07-07T00:00:00.000Z,פולין,62,7,69
2021-07-07T00:00:00.000Z,פורטוגל,40,32,72
2021-07-07T00:00:00.000Z,פיליפינים,2,11,13
2021-07-07T00:00:00.000Z,פינלנד,4,0,4
2021-07-07T00:00:00.000Z,פנמה,1,0,1
2021-07-07T00:00:00.000Z,פרגוואי,1,0,1
2021-07-07T00:00:00.000Z,פרו,7,4,11
2021-07-07T00:00:00.000Z,צכיה,27,6,33
2021-07-07T00:00:00.000Z,צרפת,411,427,838
2021-07-07T00:00:00.000Z,קולומביה,1,1,2
2021-07-07T00:00:00.000Z,קוסטה ריקה,8,1,9
2021-07-07T00:00:00.000Z,קוריאה הדרומית,1,0,1
2021-07-07T00:00:00.000Z,קזחסטאן,3,2,5
2021-07-07T00:00:00.000Z,קירג'זסטאן,3,0,3
2021-07-07T00:00:00.000Z,קמרון,2,1,3
2021-07-07T00:00:00.000Z,קנדה,13,154,167
2021-07-07T00:00:00.000Z,קניה,2,0,2
2021-07-07T00:00:00.000Z,קפריסין,387,58,445
2021-07-07T00:00:00.000Z,קרואטיה,8,2,10
2021-07-07T00:00:00.000Z,רומניה,327,49,376
2021-07-07T00:00:00.000Z,רוסיה,40,20,60
2021-07-07T00:00:00.000Z,שוודיה,6,7,13
2021-07-07T00:00:00.000Z,שוויץ,112,24,136
2021-07-07T00:00:00.000Z,תאילנד,9,7,16
2021-07-07T00:00:00.000Z,תורכיה,932,302,1234
2021-07-07T00:00:00.000Z,תורכמניסטאן,7,2,9
2021-07-07T00:00:00.000Z,אסטוניה,2,1,3
2021-07-07T00:00:00.000Z,בולגריה,208,18,226
2021-07-07T00:00:00.000Z,ארגנטינה,2,0,2
2021-07-07T00:00:00.000Z,ארמניה,2,1,3
2021-07-07T00:00:00.000Z,בוסניה הרצגובינה,3,0,3
2021-07-07T00:00:00.000Z,איחוד האמירויות הערב,85,37,122
2021-07-07T00:00:00.000Z,אירלנד,1,0,1
2021-07-07T00:00:00.000Z,אינדונזיה,1,0,1
2021-07-07T00:00:00.000Z,איי סיישל,95,6,101
2021-07-07T00:00:00.000Z,איטליה,264,44,308
2021-07-07T00:00:00.000Z,אזרביג'אן,19,0,19
2021-07-07T00:00:00.000Z,אורגוואי,1,0,1
2021-07-07T00:00:00.000Z,אוקראינה,280,167,447
2021-07-07T00:00:00.000Z,אוסטרליה,4,18,22
2021-07-07T00:00:00.000Z,אוסטריה,224,32,256
2021-07-07T00:00:00.000Z,אוזבקיסטן,5,0,5
2021-07-07T00:00:00.000Z,אוגנדה,1,0,1
2021-07-07T00:00:00.000Z,אבחזיסטאן,2,0,2
2021-07-08T00:00:00.000Z,סלובניה,4,0,4
2021-07-08T00:00:00.000Z,סנגל,1,0,1
2021-07-08T00:00:00.000Z,ספרד,245,53,298
2021-07-08T00:00:00.000Z,סרביה,1,0,1
2021-07-08T00:00:00.000Z,פולין,107,21,128
2021-07-08T00:00:00.000Z,פורטוגל,11,0,11
2021-07-08T00:00:00.000Z,פיליפינים,0,10,10
2021-07-08T00:00:00.000Z,פינלנד,1,0,1
2021-07-08T00:00:00.000Z,פנמה,6,12,18
2021-07-08T00:00:00.000Z,פרו,0,1,1
2021-07-08T00:00:00.000Z,צאד,1,0,1
2021-07-08T00:00:00.000Z,צ'ילה,1,3,4
2021-07-08T00:00:00.000Z,צכיה,44,5,49
2021-07-08T00:00:00.000Z,צרפת,455,278,733
2021-07-08T00:00:00.000Z,קובה,1,0,1
2021-07-08T00:00:00.000Z,קולומביה,2,11,13
2021-07-08T00:00:00.000Z,קונגו,0,1,1
2021-07-08T00:00:00.000Z,קוסובו,1,0,1
2021-07-08T00:00:00.000Z,קוסטה ריקה,3,1,4
2021-07-08T00:00:00.000Z,קוריאה הדרומית,8,0,8
2021-07-08T00:00:00.000Z,אוגנדה,3,0,3
2021-07-08T00:00:00.000Z,אוזבקיסטן,4,2,6
2021-07-08T00:00:00.000Z,אוסטריה,145,51,196
2021-07-08T00:00:00.000Z,אוסטרליה,0,3,3
2021-07-08T00:00:00.000Z,אוקראינה,334,140,474
2021-07-08T00:00:00.000Z,אורגוואי,2,0,2
2021-07-08T00:00:00.000Z,אזרביג'אן,6,2,8
2021-07-08T00:00:00.000Z,איטליה,379,73,452
2021-07-08T00:00:00.000Z,איי גילברט ואליס,0,1,1
2021-07-08T00:00:00.000Z,איי טורקס וקייקוס,3,0,3
2021-07-08T00:00:00.000Z,איסלנד,68,0,68
2021-07-08T00:00:00.000Z,אירלנד,5,9,14
2021-07-08T00:00:00.000Z,אלבניה,44,1,45
2021-07-08T00:00:00.000Z,אסטוניה,1,0,1
2021-07-08T00:00:00.000Z,ארמניה,3,4,7
2021-07-08T00:00:00.000Z,קירג'זסטאן,7,0,7
2021-07-08T00:00:00.000Z,אתיופיה,28,7,35
2021-07-08T00:00:00.000Z,בולגריה,423,55,478
2021-07-08T00:00:00.000Z,בוליביה,1,1,2
2021-07-08T00:00:00.000Z,בילורוסיה,53,52,105
2021-07-08T00:00:00.000Z,בלגיה,49,21,70
2021-07-08T00:00:00.000Z,ברזיל,5,11,16
2021-07-08T00:00:00.000Z,גאורגיה,779,86,865
2021-07-08T00:00:00.000Z,גווטאמלה,1,0,1
2021-07-08T00:00:00.000Z,גרמניה,331,103,434
2021-07-08T00:00:00.000Z,דנמרק,26,9,35
2021-07-08T00:00:00.000Z,דרום אמריקה,0,1,1
2021-07-08T00:00:00.000Z,דרום אפריקה,1,2,3
2021-07-08T00:00:00.000Z,הולנד,175,46,221
2021-07-08T00:00:00.000Z,הונגריה,111,35,146
2021-07-08T00:00:00.000Z,הממלכה המאוחדת,524,219,743
2021-07-08T00:00:00.000Z,הרפ הדומיניקנית,1,0,1
2021-07-08T00:00:00.000Z,ויטנאם,1,1,2
2021-07-08T00:00:00.000Z,זאיר,2,1,3
2021-07-08T00:00:00.000Z,זמביה,6,1,7
2021-07-08T00:00:00.000Z,חוף השנהב,0,1,1
2021-07-08T00:00:00.000Z,טיוואן,0,4,4
2021-07-08T00:00:00.000Z,טנזניה,14,1,15
2021-07-08T00:00:00.000Z,יוון,2462,257,2719
2021-07-08T00:00:00.000Z,יפן,0,1,1
2021-07-08T00:00:00.000Z,ירדן,151,55,206
2021-07-08T00:00:00.000Z,כלל המדינות,12465,7678,20143
2021-07-08T00:00:00.000Z,לבנון,0,1,1
2021-07-08T00:00:00.000Z,לטביה,2,1,3
2021-07-08T00:00:00.000Z,ליטא,38,7,45
2021-07-08T00:00:00.000Z,לסוטו,1,0,1
2021-07-08T00:00:00.000Z,איחוד האמירויות הערב,186,25,211
2021-07-08T00:00:00.000Z,קזחסטאן,6,1,7
2021-07-08T00:00:00.000Z,מאוריציוס,1,0,1
2021-07-08T00:00:00.000Z,מולדובה,79,32,111
2021-07-08T00:00:00.000Z,מלדיבים,14,3,17
2021-07-08T00:00:00.000Z,מלטה,1,0,1
2021-07-08T00:00:00.000Z,מצרים,537,157,694
2021-07-08T00:00:00.000Z,מקסיקו,5,6,11
2021-07-08T00:00:00.000Z,מרוקו,5,8,13
2021-07-08T00:00:00.000Z,נורבגיה,2,0,2
2021-07-08T00:00:00.000Z,ניגריה,4,0,4
2021-07-08T00:00:00.000Z,סוריה,1,1,2
2021-07-08T00:00:00.000Z,סין,0,2,2
2021-07-08T00:00:00.000Z,סינגפור,1,0,1
2021-07-08T00:00:00.000Z,תורכמניסטאן,14,7,21
2021-07-08T00:00:00.000Z,תורכיה,1144,421,1565
2021-07-08T00:00:00.000Z,תאילנד,4,257,261
2021-07-08T00:00:00.000Z,שוויץ,180,70,250
2021-07-08T00:00:00.000Z,שוודיה,3,6,9
2021-07-08T00:00:00.000Z,רוסיה,91,123,214
2021-07-08T00:00:00.000Z,רומניה,220,25,245
2021-07-08T00:00:00.000Z,רואנדה,2,0,2
2021-07-08T00:00:00.000Z,קרואטיה,3,1,4
2021-07-08T00:00:00.000Z,קפריסין,733,130,863
2021-07-08T00:00:00.000Z,קניה,2,1,3
2021-07-08T00:00:00.000Z,קנדה,2,6,8
2021-07-08T00:00:00.000Z,קמרון,2,0,2
2021-07-08T00:00:00.000Z,ארצות הברית,910,1673,2583
2021-07-09T00:00:00.000Z,תאילנד,2,2,4
2021-07-09T00:00:00.000Z,אוזבקיסטן,2,0,2
2021-07-09T00:00:00.000Z,אוסטריה,512,40,552
2021-07-09T00:00:00.000Z,אוסטרליה,1,0,1
2021-07-09T00:00:00.000Z,אוקראינה,344,134,478
2021-07-09T00:00:00.000Z,טנזניה,3,0,3
2021-07-09T00:00:00.000Z,יוון,1853,167,2020
2021-07-09T00:00:00.000Z,יפן,1,2,3
2021-07-09T00:00:00.000Z,ירדן,0,21,21
2021-07-09T00:00:00.000Z,כלל המדינות,11223,5011,16234
2021-07-09T00:00:00.000Z,לוכסמבורג,0,2,2
2021-07-09T00:00:00.000Z,ליטא,3,0,3
2021-07-09T00:00:00.000Z,מולדובה,0,1,1
2021-07-09T00:00:00.000Z,מונטנגרו,77,12,89
2021-07-09T00:00:00.000Z,מלדיבים,19,2,21
2021-07-09T00:00:00.000Z,מלטה,4,0,4
2021-07-09T00:00:00.000Z,מצרים,523,196,719
2021-07-09T00:00:00.000Z,מקדוניה,2,0,2
2021-07-09T00:00:00.000Z,מקסיקו,1,1,2
2021-07-09T00:00:00.000Z,מרוקו,5,0,5
2021-07-09T00:00:00.000Z,נורבגיה,0,7,7
2021-07-09T00:00:00.000Z,ניגריה,4,0,4
2021-07-09T00:00:00.000Z,נפאל,0,1,1
2021-07-09T00:00:00.000Z,סורינם,1,0,1
2021-07-09T00:00:00.000Z,סין,1,5,6
2021-07-09T00:00:00.000Z,סינגפור,0,7,7
2021-07-09T00:00:00.000Z,סלובניה,4,0,4
2021-07-09T00:00:00.000Z,סלובקיה,2,0,2
2021-07-09T00:00:00.000Z,ספרד,239,30,269
2021-07-09T00:00:00.000Z,סרביה,58,8,66
2021-07-09T00:00:00.000Z,סרי לנקה (צילון),2,0,2
2021-07-09T00:00:00.000Z,פולין,144,5,149
2021-07-09T00:00:00.000Z,פורטוגל,27,3,30
2021-07-09T00:00:00.000Z,פיליפינים,2,3,5
2021-07-09T00:00:00.000Z,פינלנד,15,8,23
2021-07-09T00:00:00.000Z,פנמה,5,2,7
2021-07-09T00:00:00.000Z,פרגוואי,0,1,1
2021-07-09T00:00:00.000Z,פרו,1,0,1
2021-07-09T00:00:00.000Z,צכיה,111,18,129
2021-07-09T00:00:00.000Z,צרפת,382,198,580
2021-07-09T00:00:00.000Z,קולומביה,1,3,4
2021-07-09T00:00:00.000Z,קוסטה ריקה,7,0,7
2021-07-09T00:00:00.000Z,קוריאה הדרומית,2,1,3
2021-07-09T00:00:00.000Z,קזחסטאן,0,2,2
2021-07-09T00:00:00.000Z,קירג'זסטאן,12,0,12
2021-07-09T00:00:00.000Z,קנדה,10,113,123
2021-07-09T00:00:00.000Z,קניה,3,0,3
2021-07-09T00:00:00.000Z,אורגוואי,0,2,2
2021-07-09T00:00:00.000Z,אזרביג'אן,5,0,5
2021-07-09T00:00:00.000Z,איטליה,293,53,346
2021-07-09T00:00:00.000Z,איחוד האמירויות הערב,63,9,72
2021-07-09T00:00:00.000Z,איי טורקס וקייקוס,1,0,1
2021-07-09T00:00:00.000Z,קפריסין,609,103,712
2021-07-09T00:00:00.000Z,קרואטיה,26,4,30
2021-07-09T00:00:00.000Z,רומניה,300,30,330
2021-07-09T00:00:00.000Z,רוסיה,41,28,69
2021-07-09T00:00:00.000Z,איי סיישל,0,1,1
2021-07-09T00:00:00.000Z,אינדונזיה,0,1,1
2021-07-09T00:00:00.000Z,איסלנד,20,4,24
2021-07-09T00:00:00.000Z,אירלנד,5,5,10
2021-07-09T00:00:00.000Z,אנגולה,6,0,6
2021-07-09T00:00:00.000Z,אסטוניה,7,0,7
2021-07-09T00:00:00.000Z,ארמניה,3,0,3
2021-07-09T00:00:00.000Z,תורכיה,1009,349,1358
2021-07-09T00:00:00.000Z,בולגריה,229,21,250
2021-07-09T00:00:00.000Z,בחריין,2,1,3
2021-07-09T00:00:00.000Z,בילורוסיה,46,18,64
2021-07-09T00:00:00.000Z,בלגיה,138,48,186
2021-07-09T00:00:00.000Z,ברזיל,1,0,1
2021-07-09T00:00:00.000Z,גאורגיה,820,72,892
2021-07-09T00:00:00.000Z,גאנה,5,0,5
2021-07-09T00:00:00.000Z,גרמניה,402,122,524
2021-07-09T00:00:00.000Z,דנמרק,14,9,23
2021-07-09T00:00:00.000Z,הודו,1,0,1
2021-07-09T00:00:00.000Z,הולנד,204,82,286
2021-07-09T00:00:00.000Z,הונגריה,124,32,156
2021-07-09T00:00:00.000Z,הממלכה המאוחדת,372,87,459
2021-07-09T00:00:00.000Z,הרפ הדומיניקנית,0,2,2
2021-07-09T00:00:00.000Z,חוף השנהב,1,0,1
2021-07-09T00:00:00.000Z,תורכמניסטאן,16,6,22
2021-07-09T00:00:00.000Z,שוודיה,13,6,19
2021-07-09T00:00:00.000Z,שוויץ,403,65,468
2021-07-09T00:00:00.000Z,ארצות הברית,965,1026,1991
2021-07-10T00:00:00.000Z,איחוד האמירויות הערב,45,3,48
2021-07-10T00:00:00.000Z,תורכיה,1229,326,1555
2021-07-10T00:00:00.000Z,תוניסיה,1,0,1
2021-07-10T00:00:00.000Z,שוויץ,106,26,132
2021-07-10T00:00:00.000Z,שוודיה,2,3,5
2021-07-10T00:00:00.000Z,רוסיה,3,2,5
2021-07-10T00:00:00.000Z,רומניה,412,89,501
2021-07-10T00:00:00.000Z,רואנדה,0,2,2
2021-07-10T00:00:00.000Z,קרואטיה,12,3,15
2021-07-10T00:00:00.000Z,קפריסין,503,35,538
2021-07-10T00:00:00.000Z,קניה,6,4,10
2021-07-10T00:00:00.000Z,קנדה,2,8,10
2021-07-10T00:00:00.000Z,קמרון,3,0,3
2021-07-10T00:00:00.000Z,קזחסטאן,1,0,1
2021-07-10T00:00:00.000Z,קוריאה הדרומית,5,3,8
2021-07-10T00:00:00.000Z,קולומביה,0,2,2
2021-07-10T00:00:00.000Z,צרפת,116,50,166
2021-07-10T00:00:00.000Z,צכיה,4,2,6
2021-07-10T00:00:00.000Z,צאד,3,0,3
2021-07-10T00:00:00.000Z,פרו,0,1,1
2021-07-10T00:00:00.000Z,פנמה,1,0,1
2021-07-10T00:00:00.000Z,פינלנד,2,2,4
2021-07-10T00:00:00.000Z,פיליפינים,0,6,6
2021-07-10T00:00:00.000Z,פורטוגל,16,0,16
2021-07-10T00:00:00.000Z,פולין,131,20,151
2021-07-10T00:00:00.000Z,פאפואה,2,1,3
2021-07-10T00:00:00.000Z,סרביה,39,2,41
2021-07-10T00:00:00.000Z,ספרד,24,15,39
2021-07-10T00:00:00.000Z,סלובניה,1,0,1
2021-07-10T00:00:00.000Z,סינגפור,2,1,3
2021-07-10T00:00:00.000Z,סין,1,0,1
2021-07-10T00:00:00.000Z,ניו זילנד,1,0,1
2021-07-10T00:00:00.000Z,ניגריה,1,0,1
2021-07-10T00:00:00.000Z,נורבגיה,0,4,4
2021-07-10T00:00:00.000Z,מצרים,1027,140,1167
2021-07-10T00:00:00.000Z,מלטה,2,0,2
2021-07-10T00:00:00.000Z,מלדיבים,19,0,19
2021-07-10T00:00:00.000Z,מונטנגרו,90,6,96
2021-07-10T00:00:00.000Z,מונגוליה,1,0,1
2021-07-10T00:00:00.000Z,מולדובה,48,18,66
2021-07-10T00:00:00.000Z,מוזמביק,1,0,1
2021-07-10T00:00:00.000Z,תורכמניסטאן,28,2,30
2021-07-10T00:00:00.000Z,מאוריציוס,1,0,1
2021-07-10T00:00:00.000Z,ליטא,5,1,6
2021-07-10T00:00:00.000Z,לטביה,31,10,41
2021-07-10T00:00:00.000Z,כלל המדינות,7493,3611,11104
2021-07-10T00:00:00.000Z,ירדן,2,15,17
2021-07-10T00:00:00.000Z,יוון,1291,81,1372
2021-07-10T00:00:00.000Z,טנזניה,13,0,13
2021-07-10T00:00:00.000Z,חוף השנהב,0,1,1
2021-07-10T00:00:00.000Z,זמביה,1,0,1
2021-07-10T00:00:00.000Z,זימבאבווה,2,0,2
2021-07-10T00:00:00.000Z,זאיר,3,0,3
2021-07-10T00:00:00.000Z,הרפ הדומיניקנית,0,1,1
2021-07-10T00:00:00.000Z,הממלכה המאוחדת,149,77,226
2021-07-10T00:00:00.000Z,הונגריה,95,43,138
2021-07-10T00:00:00.000Z,הולנד,179,31,210
2021-07-10T00:00:00.000Z,דרום אפריקה,1,1,2
2021-07-10T00:00:00.000Z,דרום אמריקה,1,1,2
2021-07-10T00:00:00.000Z,דנמרק,11,9,20
2021-07-10T00:00:00.000Z,גרמניה,186,122,308
2021-07-10T00:00:00.000Z,גבון,1,0,1
2021-07-10T00:00:00.000Z,גאנה,11,1,12
2021-07-10T00:00:00.000Z,גאורגיה,95,9,104
2021-07-10T00:00:00.000Z,ברזיל,0,3,3
2021-07-10T00:00:00.000Z,ברוניי,0,1,1
2021-07-10T00:00:00.000Z,בלגיה,1,0,1
2021-07-10T00:00:00.000Z,בוסניה הרצגובינה,1,0,1
2021-07-10T00:00:00.000Z,בולגריה,67,2,69
2021-07-10T00:00:00.000Z,אתיופיה,27,12,39
2021-07-10T00:00:00.000Z,ארצות הברית,400,793,1193
2021-07-10T00:00:00.000Z,ארמניה,1,2,3
2021-07-10T00:00:00.000Z,אסטוניה,1,0,1
2021-07-10T00:00:00.000Z,אלבניה,3,2,5
2021-07-10T00:00:00.000Z,אירלנד,1,2,3
2021-07-10T00:00:00.000Z,איסלנד,42,4,46
2021-07-10T00:00:00.000Z,איי סיישל,14,1,15
2021-07-10T00:00:00.000Z,איטליה,230,44,274
2021-07-10T00:00:00.000Z,אזרביג'אן,5,1,6
2021-07-10T00:00:00.000Z,אוקראינה,201,37,238
2021-07-10T00:00:00.000Z,אוסטריה,204,31,235
2021-07-10T00:00:00.000Z,אוזבקיסטן,1,0,1
2021-07-10T00:00:00.000Z,מאלי,3,0,3
2021-07-11T00:00:00.000Z,אורגוואי,0,2,2
2021-07-11T00:00:00.000Z,אוקראינה,478,186,664
2021-07-11T00:00:00.000Z,אוסטרליה,2,2,4
2021-07-11T00:00:00.000Z,אוסטריה,96,14,110
2021-07-11T00:00:00.000Z,אוזבקיסטן,8,3,11
2021-07-11T00:00:00.000Z,רומניה,321,38,359
2021-07-11T00:00:00.000Z,רוסיה,56,93,149
2021-07-11T00:00:00.000Z,שוודיה,11,11,22
2021-07-11T00:00:00.000Z,שוויץ,248,146,394
2021-07-11T00:00:00.000Z,תאילנד,56,26,82
2021-07-11T00:00:00.000Z,תוניסיה,0,1,1
2021-07-11T00:00:00.000Z,תורכיה,1410,474,1884
2021-07-11T00:00:00.000Z,תורכמניסטאן,2,1,3
2021-07-11T00:00:00.000Z,קרואטיה,8,3,11
2021-07-11T00:00:00.000Z,איי גילברט ואליס,1,0,1
2021-07-11T00:00:00.000Z,בילורוסיה,122,49,171
2021-07-11T00:00:00.000Z,בלגיה,24,26,50
2021-07-11T00:00:00.000Z,ברזיל,1,3,4
2021-07-11T00:00:00.000Z,גאורגיה,866,69,935
2021-07-11T00:00:00.000Z,גאנה,4,0,4
2021-07-11T00:00:00.000Z,גינאה המשוונית,1,16,17
2021-07-11T00:00:00.000Z,גרמניה,384,118,502
2021-07-11T00:00:00.000Z,דנמרק,7,4,11
2021-07-11T00:00:00.000Z,הולנד,251,102,353
2021-07-11T00:00:00.000Z,הונג קונג,0,1,1
2021-07-11T00:00:00.000Z,הונגריה,101,48,149
2021-07-11T00:00:00.000Z,הממלכה המאוחדת,410,217,627
2021-07-11T00:00:00.000Z,יוון,3026,196,3222
2021-07-11T00:00:00.000Z,יפן,0,3,3
2021-07-11T00:00:00.000Z,ירדן,228,88,316
2021-07-11T00:00:00.000Z,כלל המדינות,14220,6551,20771
2021-07-11T00:00:00.000Z,לטביה,1,0,1
2021-07-11T00:00:00.000Z,ליטא,46,10,56
2021-07-11T00:00:00.000Z,מאוריציוס,1,0,1
2021-07-11T00:00:00.000Z,מולדובה,74,23,97
2021-07-11T00:00:00.000Z,מונטנגרו,5,0,5
2021-07-11T00:00:00.000Z,מונקו,3,0,3
2021-07-11T00:00:00.000Z,מלדיבים,23,7,30
2021-07-11T00:00:00.000Z,מלזיה,1,0,1
2021-07-11T00:00:00.000Z,מלטה,2,0,2
2021-07-11T00:00:00.000Z,מצרים,1134,171,1305
2021-07-11T00:00:00.000Z,מקדוניה,5,9,14
2021-07-11T00:00:00.000Z,מקסיקו,1,2,3
2021-07-11T00:00:00.000Z,מרוקו,2,0,2
2021-07-11T00:00:00.000Z,נורבגיה,1,6,7
2021-07-11T00:00:00.000Z,ניגריה,2,0,2
2021-07-11T00:00:00.000Z,איחוד האמירויות הערב,82,23,105
2021-07-11T00:00:00.000Z,נפאל,0,2,2
2021-07-11T00:00:00.000Z,סוריה,2,2,4
2021-07-11T00:00:00.000Z,סלובניה,8,0,8
2021-07-11T00:00:00.000Z,ספרד,266,57,323
2021-07-11T00:00:00.000Z,קוריאה הדרומית,4,5,9
2021-07-11T00:00:00.000Z,קזחסטאן,2,2,4
2021-07-11T00:00:00.000Z,קירג'זסטאן,15,1,16
2021-07-11T00:00:00.000Z,קנדה,12,135,147
2021-07-11T00:00:00.000Z,קפריסין,961,93,1054
2021-07-11T00:00:00.000Z,סרביה,8,1,9
2021-07-11T00:00:00.000Z,פאפואה,1,0,1
2021-07-11T00:00:00.000Z,פולין,71,6,77
2021-07-11T00:00:00.000Z,פורטוגל,25,0,25
2021-07-11T00:00:00.000Z,פיליפינים,2,12,14
2021-07-11T00:00:00.000Z,פינלנד,2,0,2
2021-07-11T00:00:00.000Z,פנמה,4,2,6
2021-07-11T00:00:00.000Z,פרו,1,1,2
2021-07-11T00:00:00.000Z,צכיה,85,22,107
2021-07-11T00:00:00.000Z,צרפת,650,371,1021
2021-07-11T00:00:00.000Z,קובה,1,0,1
2021-07-11T00:00:00.000Z,קוסטה ריקה,11,1,12
2021-07-11T00:00:00.000Z,בוסניה הרצגובינה,2,0,2
2021-07-11T00:00:00.000Z,בולגריה,614,39,653
2021-07-11T00:00:00.000Z,בהמס,0,1,1
2021-07-11T00:00:00.000Z,ארצות הברית,508,583,1091
2021-07-11T00:00:00.000Z,איטליה,389,60,449
2021-07-11T00:00:00.000Z,ארגנטינה,4,4,8
2021-07-11T00:00:00.000Z,אסטוניה,3,0,3
2021-07-11T00:00:00.000Z,אנגולה,3,0,3
2021-07-11T00:00:00.000Z,אלגיריה,1,0,1
2021-07-11T00:00:00.000Z,אלבניה,29,5,34
2021-07-11T00:00:00.000Z,אירלנד,1,8,9
2021-07-11T00:00:00.000Z,איסלנד,35,0,35
2021-07-11T00:00:00.000Z,איי סיישל,3,0,3
2021-07-11T00:00:00.000Z,איי טורקס וקייקוס,5,0,5
2021-07-11T00:00:00.000Z,אזרביג'אן,21,11,32
2021-07-11T00:00:00.000Z,ארמניה,0,2,2
2021-07-12T00:00:00.000Z,אוסטריה,578,60,638
2021-07-12T00:00:00.000Z,תורכמניסטאן,5,3,8
2021-07-12T00:00:00.000Z,איחוד האמירויות הערב,47,9,56
2021-07-12T00:00:00.000Z,תורכיה,1450,527,1977
2021-07-12T00:00:00.000Z,תאילנד,2,0,2
2021-07-12T00:00:00.000Z,שוויץ,242,64,306
2021-07-12T00:00:00.000Z,שוודיה,7,8,15
2021-07-12T00:00:00.000Z,רוסיה,32,37,69
2021-07-12T00:00:00.000Z,רומניה,448,41,489
2021-07-12T00:00:00.000Z,רואנדה,3,0,3
2021-07-12T00:00:00.000Z,קרואטיה,9,3,12
2021-07-12T00:00:00.000Z,קפריסין,670,56,726
2021-07-12T00:00:00.000Z,קניה,7,13,20
2021-07-12T00:00:00.000Z,קנדה,3,20,23
2021-07-12T00:00:00.000Z,קירג'זסטאן,2,1,3
2021-07-12T00:00:00.000Z,קטר,1,0,1
2021-07-12T00:00:00.000Z,קזחסטאן,1,0,1
2021-07-12T00:00:00.000Z,קוריאה הדרומית,0,1,1
2021-07-12T00:00:00.000Z,קוסטה ריקה,8,1,9
2021-07-12T00:00:00.000Z,קולומביה,2,3,5
2021-07-12T00:00:00.000Z,צרפת,283,226,509
2021-07-12T00:00:00.000Z,צכיה,196,14,210
2021-07-12T00:00:00.000Z,צ'ילה,3,1,4
2021-07-12T00:00:00.000Z,פרו,1,0,1
2021-07-12T00:00:00.000Z,פנמה,4,7,11
2021-07-12T00:00:00.000Z,פינלנד,1,0,1
2021-07-12T00:00:00.000Z,פיליפינים,1,10,11
2021-07-12T00:00:00.000Z,פורטוגל,102,10,112
2021-07-12T00:00:00.000Z,פולין,61,10,71
2021-07-12T00:00:00.000Z,ערב הסעודית,0,4,4
2021-07-12T00:00:00.000Z,סרביה,54,8,62
2021-07-12T00:00:00.000Z,ספרד,153,26,179
2021-07-12T00:00:00.000Z,סין,1,2,3
2021-07-12T00:00:00.000Z,סוריה,1,10,11
2021-07-12T00:00:00.000Z,ניגריה,8,0,8
2021-07-12T00:00:00.000Z,נורבגיה,1,4,5
2021-07-12T00:00:00.000Z,מרוקו,2,2,4
2021-07-12T00:00:00.000Z,מקסיקו,2,4,6
2021-07-12T00:00:00.000Z,מצרים,637,105,742
2021-07-12T00:00:00.000Z,מלדיבים,15,1,16
2021-07-12T00:00:00.000Z,מונטנגרו,159,3,162
2021-07-12T00:00:00.000Z,מולדובה,1,0,1
2021-07-12T00:00:00.000Z,ליטא,3,2,5
2021-07-12T00:00:00.000Z,לטביה,2,0,2
2021-07-12T00:00:00.000Z,כלל המדינות,12852,6857,19709
2021-07-12T00:00:00.000Z,ירדן,94,45,139
2021-07-12T00:00:00.000Z,יפן,2,1,3
2021-07-12T00:00:00.000Z,יוון,2443,142,2585
2021-07-12T00:00:00.000Z,טנזניה,11,0,11
2021-07-12T00:00:00.000Z,טיוואן,1,0,1
2021-07-12T00:00:00.000Z,חוף השנהב,1,0,1
2021-07-12T00:00:00.000Z,זמביה,2,0,2
2021-07-12T00:00:00.000Z,ויטנאם,0,1,1
2021-07-12T00:00:00.000Z,הרפ הדומיניקנית,3,0,3
2021-07-12T00:00:00.000Z,הממלכה המאוחדת,455,117,572
2021-07-12T00:00:00.000Z,הונדורס,1,0,1
2021-07-12T00:00:00.000Z,הונגריה,86,9,95
2021-07-12T00:00:00.000Z,הולנד,102,28,130
2021-07-12T00:00:00.000Z,הודו,9,5,14
2021-07-12T00:00:00.000Z,דרום אפריקה,1,9,10
2021-07-12T00:00:00.000Z,דנמרק,14,1,15
2021-07-12T00:00:00.000Z,גרמניה,327,111,438
2021-07-12T00:00:00.000Z,גיברלטר,2,3,5
2021-07-12T00:00:00.000Z,גאנה,8,1,9
2021-07-12T00:00:00.000Z,גאורגיה,648,63,711
2021-07-12T00:00:00.000Z,ברזיל,0,2,2
2021-07-12T00:00:00.000Z,בלגיה,90,59,149
2021-07-12T00:00:00.000Z,בילורוסיה,3,2,5
2021-07-12T00:00:00.000Z,בחריין,0,4,4
2021-07-12T00:00:00.000Z,בולגריה,449,44,493
2021-07-12T00:00:00.000Z,בוטסואנה,0,7,7
2021-07-12T00:00:00.000Z,בהמס,1,0,1
2021-07-12T00:00:00.000Z,אתיופיה,18,23,41
2021-07-12T00:00:00.000Z,ארצות הברית,791,1325,2116
2021-07-12T00:00:00.000Z,אקואדור,3,0,3
2021-07-12T00:00:00.000Z,אנדורה,1,0,1
2021-07-12T00:00:00.000Z,אלבניה,1,2,3
2021-07-12T00:00:00.000Z,אירלנד,3,7,10
2021-07-12T00:00:00.000Z,איסלנד,63,0,63
2021-07-12T00:00:00.000Z,אינדונזיה,3,3,6
2021-07-12T00:00:00.000Z,איי סיישל,11,4,15
2021-07-12T00:00:00.000Z,אבחזיסטאן,1,0,1
2021-07-12T00:00:00.000Z,אוזבקיסטן,70,107,177
2021-07-12T00:00:00.000Z,איטליה,481,50,531
2021-07-12T00:00:00.000Z,אוקראינה,511,198,709
2021-07-12T00:00:00.000Z,אזרביג'אן,0,3,3
2021-07-13T00:00:00.000Z,אוסטרליה,5,3,8
2021-07-13T00:00:00.000Z,מוזמביק,2,0,2
2021-07-13T00:00:00.000Z,תורכיה,951,389,1340
2021-07-13T00:00:00.000Z,תאילנד,10,223,233
2021-07-13T00:00:00.000Z,שוויץ,165,54,219
2021-07-13T00:00:00.000Z,שוודיה,5,6,11
2021-07-13T00:00:00.000Z,רפ מרכז אפריקנית,3,0,3
2021-07-13T00:00:00.000Z,רוסיה,15,14,29
2021-07-13T00:00:00.000Z,רומניה,272,42,314
2021-07-13T00:00:00.000Z,קרואטיה,10,3,13
2021-07-13T00:00:00.000Z,קפריסין,578,80,658
2021-07-13T00:00:00.000Z,קניה,6,0,6
2021-07-13T00:00:00.000Z,קנדה,6,118,124
2021-07-13T00:00:00.000Z,קזחסטאן,1,1,2
2021-07-13T00:00:00.000Z,קוריאה הדרומית,1,0,1
2021-07-13T00:00:00.000Z,קוסטה ריקה,9,0,9
2021-07-13T00:00:00.000Z,קוסובו,1,2,3
2021-07-13T00:00:00.000Z,קולומביה,1,4,5
2021-07-13T00:00:00.000Z,צרפת,344,202,546
2021-07-13T00:00:00.000Z,צכיה,174,6,180
2021-07-13T00:00:00.000Z,פנמה,4,11,15
2021-07-13T00:00:00.000Z,פינלנד,2,2,4
2021-07-13T00:00:00.000Z,פיליפינים,1,2,3
2021-07-13T00:00:00.000Z,פורטוגל,18,9,27
2021-07-13T00:00:00.000Z,פולין,155,13,168
2021-07-13T00:00:00.000Z,סרי לנקה (צילון),0,1,1
2021-07-13T00:00:00.000Z,סרביה,67,9,76
2021-07-13T00:00:00.000Z,ספרד,231,39,270
2021-07-13T00:00:00.000Z,סלובניה,1,0,1
2021-07-13T00:00:00.000Z,סין,0,3,3
2021-07-13T00:00:00.000Z,ניו זילנד,0,4,4
2021-07-13T00:00:00.000Z,ניגריה,7,0,7
2021-07-13T00:00:00.000Z,מרוקו,2,0,2
2021-07-13T00:00:00.000Z,מקסיקו,5,5,10
2021-07-13T00:00:00.000Z,מצרים,484,75,559
2021-07-13T00:00:00.000Z,מלטה,4,0,4
2021-07-13T00:00:00.000Z,מלדיבים,20,7,27
2021-07-13T00:00:00.000Z,אוגנדה,0,1,1
2021-07-13T00:00:00.000Z,אוזבקיסטן,0,3,3
2021-07-13T00:00:00.000Z,אוסטריה,236,64,300
2021-07-13T00:00:00.000Z,תורכמניסטאן,12,5,17
2021-07-13T00:00:00.000Z,אוקראינה,313,119,432
2021-07-13T00:00:00.000Z,אורגוואי,0,3,3
2021-07-13T00:00:00.000Z,אזרביג'אן,5,0,5
2021-07-13T00:00:00.000Z,איטליה,272,37,309
2021-07-13T00:00:00.000Z,איי טורקס וקייקוס,1,0,1
2021-07-13T00:00:00.000Z,איי סיישל,4,5,9
2021-07-13T00:00:00.000Z,איסלנד,92,3,95
2021-07-13T00:00:00.000Z,אלבניה,94,0,94
2021-07-13T00:00:00.000Z,אנגולה,1,0,1
2021-07-13T00:00:00.000Z,אסטוניה,25,1,26
2021-07-13T00:00:00.000Z,אפגניסטן,3,0,3
2021-07-13T00:00:00.000Z,אקואדור,1,1,2
2021-07-13T00:00:00.000Z,ארמניה,2,2,4
2021-07-13T00:00:00.000Z,ארצות הברית,672,882,1554
2021-07-13T00:00:00.000Z,אתיופיה,6,10,16
2021-07-13T00:00:00.000Z,בולגריה,329,27,356
2021-07-13T00:00:00.000Z,בוסניה הרצגובינה,3,5,8
2021-07-13T00:00:00.000Z,בילורוסיה,2,0,2
2021-07-13T00:00:00.000Z,בלגיה,3,6,9
2021-07-13T00:00:00.000Z,ברזיל,0,2,2
2021-07-13T00:00:00.000Z,גאורגיה,340,37,377
2021-07-13T00:00:00.000Z,גאנה,2,0,2
2021-07-13T00:00:00.000Z,גווטאמלה,1,0,1
2021-07-13T00:00:00.000Z,גרמניה,408,99,507
2021-07-13T00:00:00.000Z,דנמרק,6,3,9
2021-07-13T00:00:00.000Z,דרום אפריקה,3,8,11
2021-07-13T00:00:00.000Z,הולנד,305,37,342
2021-07-13T00:00:00.000Z,הונג קונג,3,12,15
2021-07-13T00:00:00.000Z,הונגריה,142,32,174
2021-07-13T00:00:00.000Z,הממלכה המאוחדת,656,154,810
2021-07-13T00:00:00.000Z,הרפ הדומיניקנית,1,0,1
2021-07-13T00:00:00.000Z,זאיר,1,1,2
2021-07-13T00:00:00.000Z,טנזניה,8,0,8
2021-07-13T00:00:00.000Z,יוון,1864,109,1973
2021-07-13T00:00:00.000Z,ירדן,76,50,126
2021-07-13T00:00:00.000Z,כלל המדינות,10338,5823,16161
2021-07-13T00:00:00.000Z,לטביה,36,10,46
2021-07-13T00:00:00.000Z,ליטא,3,0,3
2021-07-13T00:00:00.000Z,איחוד האמירויות הערב,41,8,49
2021-07-13T00:00:00.000Z,מולדובה,58,14,72
2021-07-14T00:00:00.000Z,קמבודיה,0,10,10
2021-07-14T00:00:00.000Z,קנדה,19,145,164
2021-07-14T00:00:00.000Z,קניה,3,2,5
2021-07-14T00:00:00.000Z,קפריסין,360,71,431
2021-07-14T00:00:00.000Z,קרואטיה,18,10,28
2021-07-14T00:00:00.000Z,רומניה,418,100,518
2021-07-14T00:00:00.000Z,רוסיה,36,38,74
2021-07-14T00:00:00.000Z,שוודיה,6,5,11
2021-07-14T00:00:00.000Z,שוויץ,115,52,167
2021-07-14T00:00:00.000Z,תאילנד,2,4,6
2021-07-14T00:00:00.000Z,תורכיה,957,429,1386
2021-07-14T00:00:00.000Z,תורכמניסטאן,13,3,16
2021-07-14T00:00:00.000Z,נורבגיה,1,4,5
2021-07-14T00:00:00.000Z,אוגנדה,3,0,3
2021-07-14T00:00:00.000Z,אוזבקיסטן,2,2,4
2021-07-14T00:00:00.000Z,אוסטריה,248,48,296
2021-07-14T00:00:00.000Z,אוסטרליה,1,16,17
2021-07-14T00:00:00.000Z,אוקראינה,395,199,594
2021-07-14T00:00:00.000Z,אורגוואי,1,1,2
2021-07-14T00:00:00.000Z,אזרביג'אן,10,3,13
2021-07-14T00:00:00.000Z,איטליה,355,80,435
2021-07-14T00:00:00.000Z,איי סיישל,69,6,75
2021-07-14T00:00:00.000Z,אינדונזיה,2,0,2
2021-07-14T00:00:00.000Z,איסלנד,19,1,20
2021-07-14T00:00:00.000Z,אירלנד,6,2,8
2021-07-14T00:00:00.000Z,אלבניה,1,0,1
2021-07-14T00:00:00.000Z,אסטוניה,2,0,2
2021-07-14T00:00:00.000Z,ארגנטינה,2,2,4
2021-07-14T00:00:00.000Z,ארמניה,1,0,1
2021-07-14T00:00:00.000Z,ארצות הברית,780,1112,1892
2021-07-14T00:00:00.000Z,אתיופיה,7,1,8
2021-07-14T00:00:00.000Z,בוטסואנה,1,0,1
2021-07-14T00:00:00.000Z,בולגריה,244,30,274
2021-07-14T00:00:00.000Z,בילורוסיה,112,50,162
2021-07-14T00:00:00.000Z,בלגיה,99,42,141
2021-07-14T00:00:00.000Z,ברזיל,2,5,7
2021-07-14T00:00:00.000Z,גאורגיה,300,43,343
2021-07-14T00:00:00.000Z,גאנה,3,1,4
2021-07-14T00:00:00.000Z,גרמניה,370,120,490
2021-07-14T00:00:00.000Z,דנמרק,18,12,30
2021-07-14T00:00:00.000Z,דרום אמריקה,2,0,2
2021-07-14T00:00:00.000Z,דרום אפריקה,1,2,3
2021-07-14T00:00:00.000Z,האנטילים ההולנדים,2,0,2
2021-07-14T00:00:00.000Z,הודו,0,9,9
2021-07-14T00:00:00.000Z,הולנד,315,79,394
2021-07-14T00:00:00.000Z,הונגריה,68,36,104
2021-07-14T00:00:00.000Z,הממלכה המאוחדת,211,135,346
2021-07-14T00:00:00.000Z,ונצואלה,0,8,8
2021-07-14T00:00:00.000Z,זמביה,2,0,2
2021-07-14T00:00:00.000Z,טנזניה,103,4,107
2021-07-14T00:00:00.000Z,יוון,1243,103,1346
2021-07-14T00:00:00.000Z,יפן,0,4,4
2021-07-14T00:00:00.000Z,ירדן,98,59,157
2021-07-14T00:00:00.000Z,כלל המדינות,9697,6871,16568
2021-07-14T00:00:00.000Z,ליבריה,0,1,1
2021-07-14T00:00:00.000Z,מונטנגרו,137,3,140
2021-07-14T00:00:00.000Z,מיאנמר (בורמה),0,1,1
2021-07-14T00:00:00.000Z,מלדיבים,3,0,3
2021-07-14T00:00:00.000Z,מלטה,8,0,8
2021-07-14T00:00:00.000Z,מצרים,420,83,503
2021-07-14T00:00:00.000Z,מקדוניה,1,0,1
2021-07-14T00:00:00.000Z,מקסיקו,1,10,11
2021-07-14T00:00:00.000Z,איחוד האמירויות הערב,90,26,116
2021-07-14T00:00:00.000Z,מרוקו,4,0,4
2021-07-14T00:00:00.000Z,ניגריה,1,0,1
2021-07-14T00:00:00.000Z,סין,3,32,35
2021-07-14T00:00:00.000Z,סינגפור,1,1,2
2021-07-14T00:00:00.000Z,סלובניה,121,16,137
2021-07-14T00:00:00.000Z,סלובקיה,1,0,1
2021-07-14T00:00:00.000Z,ספרד,134,35,169
2021-07-14T00:00:00.000Z,סרביה,59,6,65
2021-07-14T00:00:00.000Z,סרי לנקה (צילון),0,2,2
2021-07-14T00:00:00.000Z,ערב הסעודית,0,1,1
2021-07-14T00:00:00.000Z,פולין,83,5,88
2021-07-14T00:00:00.000Z,פורטו ריקו,0,4,4
2021-07-14T00:00:00.000Z,פורטוגל,109,23,132
2021-07-14T00:00:00.000Z,פיליפינים,0,8,8
2021-07-14T00:00:00.000Z,פינלנד,0,2,2
2021-07-14T00:00:00.000Z,פנמה,0,2,2
2021-07-14T00:00:00.000Z,פרגוואי,1,1,2
2021-07-14T00:00:00.000Z,פרו,1,7,8
2021-07-14T00:00:00.000Z,צכיה,57,5,62
2021-07-14T00:00:00.000Z,צרפת,598,431,1029
2021-07-14T00:00:00.000Z,קוסובו,1,1,2
2021-07-14T00:00:00.000Z,קוסטה ריקה,13,0,13
2021-07-14T00:00:00.000Z,קזחסטאן,6,4,10
2021-07-14T00:00:00.000Z,קירג'זסטאן,14,1,15
2021-07-15T00:00:00.000Z,תורכמניסטאן,11,8,19
2021-07-15T00:00:00.000Z,יוון,2279,221,2500
2021-07-15T00:00:00.000Z,אוגנדה,1,0,1
2021-07-15T00:00:00.000Z,אוזבקיסטן,5,3,8
2021-07-15T00:00:00.000Z,אוסטריה,113,29,142
2021-07-15T00:00:00.000Z,אוסטרליה,1,0,1
2021-07-15T00:00:00.000Z,אוקראינה,285,145,430
2021-07-15T00:00:00.000Z,אורגוואי,0,2,2
2021-07-15T00:00:00.000Z,אזרביג'אן,10,0,10
2021-07-15T00:00:00.000Z,איטליה,380,86,466
2021-07-15T00:00:00.000Z,איי גילברט ואליס,1,0,1
2021-07-15T00:00:00.000Z,איי טורקס וקייקוס,2,0,2
2021-07-15T00:00:00.000Z,איי סיישל,2,0,2
2021-07-15T00:00:00.000Z,איסלנד,112,2,114
2021-07-15T00:00:00.000Z,אירלנד,2,3,5
2021-07-15T00:00:00.000Z,אלבניה,33,5,38
2021-07-15T00:00:00.000Z,אלגיריה,0,1,1
2021-07-15T00:00:00.000Z,אנגולה,1,0,1
2021-07-15T00:00:00.000Z,אסטוניה,1,1,2
2021-07-15T00:00:00.000Z,אקואדור,2,1,3
2021-07-15T00:00:00.000Z,ארגנטינה,1,55,56
2021-07-15T00:00:00.000Z,ארמניה,4,4,8
2021-07-15T00:00:00.000Z,ארצות הברית,879,1249,2128
2021-07-15T00:00:00.000Z,אתיופיה,32,4,36
2021-07-15T00:00:00.000Z,בוטסואנה,1,0,1
2021-07-15T00:00:00.000Z,בולגריה,462,51,513
2021-07-15T00:00:00.000Z,בוליביה,3,0,3
2021-07-15T00:00:00.000Z,בחריין,7,0,7
2021-07-15T00:00:00.000Z,בלגיה,36,44,80
2021-07-15T00:00:00.000Z,ברזיל,1,3,4
2021-07-15T00:00:00.000Z,גאורגיה,775,85,860
2021-07-15T00:00:00.000Z,גאנה,2,1,3
2021-07-15T00:00:00.000Z,גווטאמלה,3,0,3
2021-07-15T00:00:00.000Z,גרמניה,301,127,428
2021-07-15T00:00:00.000Z,דומיניקה,1,0,1
2021-07-15T00:00:00.000Z,דנמרק,10,18,28
2021-07-15T00:00:00.000Z,דרום אמריקה,0,2,2
2021-07-15T00:00:00.000Z,דרום אפריקה,1,3,4
2021-07-15T00:00:00.000Z,דרום סודאן,1,0,1
2021-07-15T00:00:00.000Z,האנטילים ההולנדים,3,1,4
2021-07-15T00:00:00.000Z,הודו,1,0,1
2021-07-15T00:00:00.000Z,הולנד,146,44,190
2021-07-15T00:00:00.000Z,הונגריה,224,47,271
2021-07-15T00:00:00.000Z,הממלכה המאוחדת,341,368,709
2021-07-15T00:00:00.000Z,הרפ הדומיניקנית,2,0,2
2021-07-15T00:00:00.000Z,זאיר,3,0,3
2021-07-15T00:00:00.000Z,זימבאבווה,1,0,1
2021-07-15T00:00:00.000Z,זמביה,10,6,16
2021-07-15T00:00:00.000Z,חוף השנהב,3,0,3
2021-07-15T00:00:00.000Z,טיוואן,1,3,4
2021-07-15T00:00:00.000Z,טנזניה,7,0,7
2021-07-15T00:00:00.000Z,איחוד האמירויות הערב,211,37,248
2021-07-15T00:00:00.000Z,תורכיה,1039,356,1395
2021-07-15T00:00:00.000Z,תוניסיה,1,0,1
2021-07-15T00:00:00.000Z,תאילנד,30,36,66
2021-07-15T00:00:00.000Z,שוויץ,177,77,254
2021-07-15T00:00:00.000Z,שוודיה,16,6,22
2021-07-15T00:00:00.000Z,רוסיה,74,134,208
2021-07-15T00:00:00.000Z,רומניה,227,48,275
2021-07-15T00:00:00.000Z,רואנדה,2,0,2
2021-07-15T00:00:00.000Z,קרואטיה,4,0,4
2021-07-15T00:00:00.000Z,קפריסין,499,95,594
2021-07-15T00:00:00.000Z,קניה,6,0,6
2021-07-15T00:00:00.000Z,קנדה,4,11,15
2021-07-15T00:00:00.000Z,קמרון,1,0,1
2021-07-15T00:00:00.000Z,קירג'זסטאן,35,1,36
2021-07-15T00:00:00.000Z,קזחסטאן,58,4,62
2021-07-15T00:00:00.000Z,קוסטה ריקה,8,1,9
2021-07-15T00:00:00.000Z,קולומביה,2,11,13
2021-07-15T00:00:00.000Z,צרפת,561,315,876
2021-07-15T00:00:00.000Z,צכיה,55,11,66
2021-07-15T00:00:00.000Z,צ'ילה,1,0,1
2021-07-15T00:00:00.000Z,צאד,3,0,3
2021-07-15T00:00:00.000Z,פרו,4,0,4
2021-07-15T00:00:00.000Z,פנמה,15,26,41
2021-07-15T00:00:00.000Z,פינלנד,4,0,4
2021-07-15T00:00:00.000Z,פיליפינים,0,15,15
2021-07-15T00:00:00.000Z,פורטוגל,15,6,21
2021-07-15T00:00:00.000Z,פולין,100,37,137
2021-07-15T00:00:00.000Z,סרביה,3,3,6
2021-07-15T00:00:00.000Z,ספרד,291,76,367
2021-07-15T00:00:00.000Z,סינגפור,1,0,1
2021-07-15T00:00:00.000Z,סין,0,5,5
2021-07-15T00:00:00.000Z,סוריה,6,6,12
2021-07-15T00:00:00.000Z,נפאל,1,0,1
2021-07-15T00:00:00.000Z,נמיביה,4,0,4
2021-07-15T00:00:00.000Z,ניגריה,2,2,4
2021-07-15T00:00:00.000Z,מרוקו,9,9,18
2021-07-15T00:00:00.000Z,מקסיקו,0,3,3
2021-07-15T00:00:00.000Z,מקדוניה,2,0,2
2021-07-15T00:00:00.000Z,מצרים,492,127,619
2021-07-15T00:00:00.000Z,מלטה,3,1,4
2021-07-15T00:00:00.000Z,מלדיבים,8,1,9
2021-07-15T00:00:00.000Z,מונטנגרו,3,0,3
2021-07-15T00:00:00.000Z,מולדובה,108,45,153
2021-07-15T00:00:00.000Z,מוזמביק,2,0,2
2021-07-15T00:00:00.000Z,לסוטו,1,0,1
2021-07-15T00:00:00.000Z,ליטא,87,3,90
2021-07-15T00:00:00.000Z,לטביה,2,0,2
2021-07-15T00:00:00.000Z,כלל המדינות,12215,8382,20597
2021-07-15T00:00:00.000Z,ירדן,298,102,400
2021-07-15T00:00:00.000Z,יפן,1,1,2
2021-07-16T00:00:00.000Z,מקסיקו,2,2,4
2021-07-16T00:00:00.000Z,בוסניה הרצגובינה,3,0,3
2021-07-16T00:00:00.000Z,בורקינה פאסו,1,0,1
2021-07-16T00:00:00.000Z,בלגיה,94,36,130
2021-07-16T00:00:00.000Z,ברזיל,3,5,8
2021-07-16T00:00:00.000Z,גאורגיה,315,50,365
2021-07-16T00:00:00.000Z,גויאנה הצרפתית,1,0,1
2021-07-16T00:00:00.000Z,גינאה,1,0,1
2021-07-16T00:00:00.000Z,גמייקה,1,0,1
2021-07-16T00:00:00.000Z,גרמניה,469,160,629
2021-07-16T00:00:00.000Z,דנמרק,9,4,13
2021-07-16T00:00:00.000Z,הולנד,228,86,314
2021-07-16T00:00:00.000Z,הונגריה,80,19,99
2021-07-16T00:00:00.000Z,הממלכה המאוחדת,239,165,404
2021-07-16T00:00:00.000Z,ונצואלה,0,3,3
2021-07-16T00:00:00.000Z,חוף השנהב,4,0,4
2021-07-16T00:00:00.000Z,טיוואן,0,1,1
2021-07-16T00:00:00.000Z,טנזניה,1,0,1
2021-07-16T00:00:00.000Z,יוון,1999,169,2168
2021-07-16T00:00:00.000Z,יפן,0,10,10
2021-07-16T00:00:00.000Z,ירדן,0,43,43
2021-07-16T00:00:00.000Z,כלל המדינות,11127,6157,17284
2021-07-16T00:00:00.000Z,לוכסמבורג,3,3,6
2021-07-16T00:00:00.000Z,לטביה,1,0,1
2021-07-16T00:00:00.000Z,מולדובה,4,1,5
2021-07-16T00:00:00.000Z,מונטנגרו,177,6,183
2021-07-16T00:00:00.000Z,מלדיבים,22,5,27
2021-07-16T00:00:00.000Z,מלטה,10,0,10
2021-07-16T00:00:00.000Z,מצרים,476,164,640
2021-07-16T00:00:00.000Z,מקדוניה,3,0,3
2021-07-16T00:00:00.000Z,מרוקו,5,7,12
2021-07-16T00:00:00.000Z,נורבגיה,2,1,3
2021-07-16T00:00:00.000Z,ניגריה,11,5,16
2021-07-16T00:00:00.000Z,נפאל,1,2,3
2021-07-16T00:00:00.000Z,סין,0,7,7
2021-07-16T00:00:00.000Z,ספרד,260,57,317
2021-07-16T00:00:00.000Z,סרביה,66,7,73
2021-07-16T00:00:00.000Z,סרי לנקה (צילון),1,1,2
2021-07-16T00:00:00.000Z,עירק,1,0,1
2021-07-16T00:00:00.000Z,פולין,182,2,184
2021-07-16T00:00:00.000Z,פורטוגל,27,3,30
2021-07-16T00:00:00.000Z,פיליפינים,1,2,3
2021-07-16T00:00:00.000Z,פינלנד,56,20,76
2021-07-16T00:00:00.000Z,פנמה,3,0,3
2021-07-16T00:00:00.000Z,פרגוואי,0,1,1
2021-07-16T00:00:00.000Z,פרו,1,0,1
2021-07-16T00:00:00.000Z,צ'ילה,4,0,4
2021-07-16T00:00:00.000Z,צכיה,183,33,216
2021-07-16T00:00:00.000Z,צרפת,244,132,376
2021-07-16T00:00:00.000Z,קולומביה,0,1,1
2021-07-16T00:00:00.000Z,קוסטה ריקה,18,1,19
2021-07-16T00:00:00.000Z,קזחסטאן,2,2,4
2021-07-16T00:00:00.000Z,קירג'זסטאן,1,0,1
2021-07-16T00:00:00.000Z,קנדה,22,133,155
2021-07-16T00:00:00.000Z,קניה,1,1,2
2021-07-16T00:00:00.000Z,קפריסין,454,62,516
2021-07-16T00:00:00.000Z,קרואטיה,18,5,23
2021-07-16T00:00:00.000Z,רומניה,319,43,362
2021-07-16T00:00:00.000Z,רוסיה,48,21,69
2021-07-16T00:00:00.000Z,שוודיה,12,3,15
2021-07-16T00:00:00.000Z,שוויץ,359,117,476
2021-07-16T00:00:00.000Z,תאילנד,1,0,1
2021-07-16T00:00:00.000Z,תורכיה,1109,341,1450
2021-07-16T00:00:00.000Z,תורכמניסטאן,7,2,9
2021-07-16T00:00:00.000Z,אבחזיסטאן,1,0,1
2021-07-16T00:00:00.000Z,אוזבקיסטן,5,1,6
2021-07-16T00:00:00.000Z,איחוד האמירויות הערב,26,15,41
2021-07-16T00:00:00.000Z,אוסטריה,408,66,474
2021-07-16T00:00:00.000Z,אוסטרליה,0,2,2
2021-07-16T00:00:00.000Z,אוקראינה,455,143,598
2021-07-16T00:00:00.000Z,אורגוואי,4,2,6
2021-07-16T00:00:00.000Z,אזרביג'אן,17,2,19
2021-07-16T00:00:00.000Z,איטליה,294,46,340
2021-07-16T00:00:00.000Z,איי טורקס וקייקוס,4,3,7
2021-07-16T00:00:00.000Z,איסלנד,7,0,7
2021-07-16T00:00:00.000Z,אירלנד,2,9,11
2021-07-16T00:00:00.000Z,אלבניה,5,0,5
2021-07-16T00:00:00.000Z,אנגולה,2,0,2
2021-07-16T00:00:00.000Z,ארגנטינה,1,0,1
2021-07-16T00:00:00.000Z,ארמניה,2,0,2
2021-07-16T00:00:00.000Z,ארצות הברית,1203,1048,2251
2021-07-16T00:00:00.000Z,בולגריה,264,44,308
2021-07-16T00:00:00.000Z,בוליביה,1,0,1
2021-07-17T00:00:00.000Z,רוסיה,1,0,1
2021-07-17T00:00:00.000Z,ניגריה,7,3,10
2021-07-17T00:00:00.000Z,אוזבקיסטן,0,5,5
2021-07-17T00:00:00.000Z,אוסטריה,216,27,243
2021-07-17T00:00:00.000Z,אוסטרליה,1,1,2
2021-07-17T00:00:00.000Z,אוקראינה,178,45,223
2021-07-17T00:00:00.000Z,אזרביג'אן,5,0,5
2021-07-17T00:00:00.000Z,איטליה,283,67,350
2021-07-17T00:00:00.000Z,איסלנד,65,0,65
2021-07-17T00:00:00.000Z,אירלנד,0,2,2
2021-07-17T00:00:00.000Z,אנגולה,2,0,2
2021-07-17T00:00:00.000Z,אסטוניה,7,2,9
2021-07-17T00:00:00.000Z,ארמניה,3,3,6
2021-07-17T00:00:00.000Z,ארצות הברית,532,810,1342
2021-07-17T00:00:00.000Z,אתיופיה,30,3,33
2021-07-17T00:00:00.000Z,בולגריה,95,14,109
2021-07-17T00:00:00.000Z,בוסניה הרצגובינה,4,3,7
2021-07-17T00:00:00.000Z,ברזיל,0,1,1
2021-07-17T00:00:00.000Z,גאורגיה,112,20,132
2021-07-17T00:00:00.000Z,גאנה,13,1,14
2021-07-17T00:00:00.000Z,גמייקה,0,1,1
2021-07-17T00:00:00.000Z,גרמניה,281,147,428
2021-07-17T00:00:00.000Z,דנמרק,23,9,32
2021-07-17T00:00:00.000Z,דרום אמריקה,1,1,2
2021-07-17T00:00:00.000Z,דרום אפריקה,2,12,14
2021-07-17T00:00:00.000Z,דרום סודאן,1,0,1
2021-07-17T00:00:00.000Z,האנטילים ההולנדים,3,1,4
2021-07-17T00:00:00.000Z,הולנד,186,44,230
2021-07-17T00:00:00.000Z,הונג קונג,0,1,1
2021-07-17T00:00:00.000Z,הונגריה,73,15,88
2021-07-17T00:00:00.000Z,הממלכה המאוחדת,94,113,207
2021-07-17T00:00:00.000Z,הרפ הדומיניקנית,1,1,2
2021-07-17T00:00:00.000Z,חוף השנהב,1,2,3
2021-07-17T00:00:00.000Z,טנזניה,11,2,13
2021-07-17T00:00:00.000Z,יוון,1407,112,1519
2021-07-17T00:00:00.000Z,יפן,1,0,1
2021-07-17T00:00:00.000Z,ירדן,0,24,24
2021-07-17T00:00:00.000Z,כלל המדינות,7316,4466,11782
2021-07-17T00:00:00.000Z,לוכסמבורג,1,2,3
2021-07-17T00:00:00.000Z,לטביה,61,9,70
2021-07-17T00:00:00.000Z,ליטא,4,1,5
2021-07-17T00:00:00.000Z,לסוטו,1,0,1
2021-07-17T00:00:00.000Z,מולדובה,54,50,104
2021-07-17T00:00:00.000Z,מונטנגרו,80,3,83
2021-07-17T00:00:00.000Z,מלאווי,1,0,1
2021-07-17T00:00:00.000Z,מלדיבים,7,2,9
2021-07-17T00:00:00.000Z,מצרים,646,160,806
2021-07-17T00:00:00.000Z,מרוקו,0,1,1
2021-07-17T00:00:00.000Z,נורבגיה,1,5,6
2021-07-17T00:00:00.000Z,נמיביה,18,1,19
2021-07-17T00:00:00.000Z,סין,1,4,5
2021-07-17T00:00:00.000Z,סינגפור,2,6,8
2021-07-17T00:00:00.000Z,סלובניה,4,0,4
2021-07-17T00:00:00.000Z,סלובקיה,3,0,3
2021-07-17T00:00:00.000Z,ספרד,36,15,51
2021-07-17T00:00:00.000Z,סרביה,43,2,45
2021-07-17T00:00:00.000Z,סרי לנקה (צילון),1,0,1
2021-07-17T00:00:00.000Z,ערב הסעודית,1,0,1
2021-07-17T00:00:00.000Z,פולין,165,18,183
2021-07-17T00:00:00.000Z,פורטוגל,26,4,30
2021-07-17T00:00:00.000Z,פיליפינים,0,14,14
2021-07-17T00:00:00.000Z,פינלנד,9,10,19
2021-07-17T00:00:00.000Z,פרו,4,0,4
2021-07-17T00:00:00.000Z,צכיה,3,11,14
2021-07-17T00:00:00.000Z,צרפת,122,55,177
2021-07-17T00:00:00.000Z,קולומביה,2,4,6
2021-07-17T00:00:00.000Z,קוריאה הדרומית,0,4,4
2021-07-17T00:00:00.000Z,קזחסטאן,1,0,1
2021-07-17T00:00:00.000Z,קטר,1,1,2
2021-07-17T00:00:00.000Z,קנדה,1,5,6
2021-07-17T00:00:00.000Z,קניה,11,1,12
2021-07-17T00:00:00.000Z,קפריסין,507,53,560
2021-07-17T00:00:00.000Z,קרואטיה,24,3,27
2021-07-17T00:00:00.000Z,רואנדה,2,2,4
2021-07-17T00:00:00.000Z,רומניה,318,64,382
2021-07-17T00:00:00.000Z,איחוד האמירויות הערב,15,11,26
2021-07-17T00:00:00.000Z,שוודיה,4,8,12
2021-07-17T00:00:00.000Z,תורכמניסטאן,8,2,10
2021-07-17T00:00:00.000Z,תורכיה,1106,410,1516
2021-07-17T00:00:00.000Z,שוויץ,87,39,126
2021-07-18T00:00:00.000Z,יפן,1,4,5
2021-07-18T00:00:00.000Z,איחוד האמירויות הערב,39,25,64
2021-07-18T00:00:00.000Z,ראוניון,1,0,1
2021-07-18T00:00:00.000Z,קרואטיה,5,1,6
2021-07-18T00:00:00.000Z,קפריסין,974,82,1056
2021-07-18T00:00:00.000Z,קנדה,14,117,131
2021-07-18T00:00:00.000Z,קמרון,1,0,1
2021-07-18T00:00:00.000Z,קירג'זסטאן,5,0,5
2021-07-18T00:00:00.000Z,קזחסטאן,2,5,7
2021-07-18T00:00:00.000Z,קוריאה הדרומית,4,7,11
2021-07-18T00:00:00.000Z,קוסטה ריקה,6,0,6
2021-07-18T00:00:00.000Z,צרפת,460,244,704
2021-07-18T00:00:00.000Z,צכיה,73,3,76
2021-07-18T00:00:00.000Z,צ'ילה,0,1,1
2021-07-18T00:00:00.000Z,פרו,2,2,4
2021-07-18T00:00:00.000Z,פנמה,1,0,1
2021-07-18T00:00:00.000Z,פינלנד,3,0,3
2021-07-18T00:00:00.000Z,פיליפינים,1,0,1
2021-07-18T00:00:00.000Z,פורטוגל,12,0,12
2021-07-18T00:00:00.000Z,פולין,55,2,57
2021-07-18T00:00:00.000Z,עירק,1,0,1
2021-07-18T00:00:00.000Z,עומן,0,1,1
2021-07-18T00:00:00.000Z,סרביה,3,0,3
2021-07-18T00:00:00.000Z,ספרד,275,94,369
2021-07-18T00:00:00.000Z,סלובניה,2,0,2
2021-07-18T00:00:00.000Z,סינגפור,0,1,1
2021-07-18T00:00:00.000Z,ניגריה,4,1,5
2021-07-18T00:00:00.000Z,ניגר,0,1,1
2021-07-18T00:00:00.000Z,נורבגיה,0,3,3
2021-07-18T00:00:00.000Z,מרוקו,5,0,5
2021-07-18T00:00:00.000Z,מקדוניה,0,2,2
2021-07-18T00:00:00.000Z,מצרים,529,119,648
2021-07-18T00:00:00.000Z,מלטה,1,0,1
2021-07-18T00:00:00.000Z,מלדיבים,29,2,31
2021-07-18T00:00:00.000Z,מונטנגרו,1,0,1
2021-07-18T00:00:00.000Z,מולדובה,118,69,187
2021-07-18T00:00:00.000Z,מאלי,3,1,4
2021-07-18T00:00:00.000Z,ליטא,65,7,72
2021-07-18T00:00:00.000Z,לבנון,0,2,2
2021-07-18T00:00:00.000Z,כלל המדינות,12692,7655,20347
2021-07-18T00:00:00.000Z,ירדן,271,120,391
2021-07-18T00:00:00.000Z,אבחזיסטאן,1,0,1
2021-07-18T00:00:00.000Z,יוון,2931,172,3103
2021-07-18T00:00:00.000Z,הרפ הדומיניקנית,2,0,2
2021-07-18T00:00:00.000Z,הממלכה המאוחדת,303,248,551
2021-07-18T00:00:00.000Z,הונגריה,64,8,72
2021-07-18T00:00:00.000Z,הולנד,94,51,145
2021-07-18T00:00:00.000Z,האנטילים ההולנדים,1,3,4
2021-07-18T00:00:00.000Z,דרום אפריקה,2,5,7
2021-07-18T00:00:00.000Z,דנמרק,19,6,25
2021-07-18T00:00:00.000Z,גרמניה,328,238,566
2021-07-18T00:00:00.000Z,גווטאמלה,0,1,1
2021-07-18T00:00:00.000Z,גאנה,0,8,8
2021-07-18T00:00:00.000Z,גאורגיה,755,97,852
2021-07-18T00:00:00.000Z,ברזיל,2,3,5
2021-07-18T00:00:00.000Z,בלגיה,51,31,82
2021-07-18T00:00:00.000Z,בילורוסיה,116,31,147
2021-07-18T00:00:00.000Z,בחריין,0,2,2
2021-07-18T00:00:00.000Z,בוסניה הרצגובינה,13,0,13
2021-07-18T00:00:00.000Z,בולגריה,519,29,548
2021-07-18T00:00:00.000Z,ארצות הברית,497,556,1053
2021-07-18T00:00:00.000Z,ארמניה,1,0,1
2021-07-18T00:00:00.000Z,ארגנטינה,0,1,1
2021-07-18T00:00:00.000Z,אסטוניה,11,2,13
2021-07-18T00:00:00.000Z,אלבניה,57,9,66
2021-07-18T00:00:00.000Z,אירלנד,3,1,4
2021-07-18T00:00:00.000Z,איסלנד,38,1,39
2021-07-18T00:00:00.000Z,איי טורקס וקייקוס,7,1,8
2021-07-18T00:00:00.000Z,איטליה,462,74,536
2021-07-18T00:00:00.000Z,אזרביג'אן,30,23,53
2021-07-18T00:00:00.000Z,אורגוואי,2,4,6
2021-07-18T00:00:00.000Z,אוקראינה,394,158,552
2021-07-18T00:00:00.000Z,אוסטרליה,3,6,9
2021-07-18T00:00:00.000Z,אוסטריה,167,21,188
2021-07-18T00:00:00.000Z,אוזבקיסטן,2,1,3
2021-07-18T00:00:00.000Z,תורכמניסטאן,2,0,2
2021-07-18T00:00:00.000Z,תורכיה,1302,507,1809
2021-07-18T00:00:00.000Z,תאילנד,98,9,107
2021-07-18T00:00:00.000Z,שוויץ,252,105,357
2021-07-18T00:00:00.000Z,שוודיה,8,11,19
2021-07-18T00:00:00.000Z,רוסיה,30,26,56
2021-07-18T00:00:00.000Z,רומניה,226,11,237
2021-07-18T00:00:00.000Z,רואנדה,1,4,5
2021-07-19T00:00:00.000Z,קנדה,2,5,7
2021-07-19T00:00:00.000Z,קניה,4,0,4
2021-07-19T00:00:00.000Z,קפריסין,671,103,774
2021-07-19T00:00:00.000Z,קרואטיה,33,2,35
2021-07-19T00:00:00.000Z,רואנדה,3,0,3
2021-07-19T00:00:00.000Z,רומניה,392,36,428
2021-07-19T00:00:00.000Z,רוסיה,72,80,152
2021-07-19T00:00:00.000Z,שוודיה,14,3,17
2021-07-19T00:00:00.000Z,שוויץ,168,51,219
2021-07-19T00:00:00.000Z,תורכיה,952,276,1228
2021-07-19T00:00:00.000Z,תורכמניסטאן,10,9,19
2021-07-19T00:00:00.000Z,טוגו,1,0,1
2021-07-19T00:00:00.000Z,טנזניה,4,1,5
2021-07-19T00:00:00.000Z,טיוואן,0,1,1
2021-07-19T00:00:00.000Z,יוון,2464,174,2638
2021-07-19T00:00:00.000Z,יפן,1,2,3
2021-07-19T00:00:00.000Z,ירדן,97,54,151
2021-07-19T00:00:00.000Z,כלל המדינות,11827,6016,17843
2021-07-19T00:00:00.000Z,לוכסמבורג,0,5,5
2021-07-19T00:00:00.000Z,לטביה,0,1,1
2021-07-19T00:00:00.000Z,ליטא,6,0,6
2021-07-19T00:00:00.000Z,מאלי,1,0,1
2021-07-19T00:00:00.000Z,מולדובה,0,1,1
2021-07-19T00:00:00.000Z,מונטנגרו,82,7,89
2021-07-19T00:00:00.000Z,מלדיבים,48,2,50
2021-07-19T00:00:00.000Z,מלטה,2,0,2
2021-07-19T00:00:00.000Z,מצרים,293,76,369
2021-07-19T00:00:00.000Z,מקדוניה,5,0,5
2021-07-19T00:00:00.000Z,מקסיקו,0,1,1
2021-07-19T00:00:00.000Z,מרוקו,3,3,6
2021-07-19T00:00:00.000Z,נורבגיה,0,2,2
2021-07-19T00:00:00.000Z,ניגריה,6,1,7
2021-07-19T00:00:00.000Z,סין,1,2,3
2021-07-19T00:00:00.000Z,סינגפור,0,5,5
2021-07-19T00:00:00.000Z,אוזבקיסטן,11,6,17
2021-07-19T00:00:00.000Z,סלובקיה,0,1,1
2021-07-19T00:00:00.000Z,סנגל,1,0,1
2021-07-19T00:00:00.000Z,ספרד,214,47,261
2021-07-19T00:00:00.000Z,סרביה,61,7,68
2021-07-19T00:00:00.000Z,סרי לנקה (צילון),0,2,2
2021-07-19T00:00:00.000Z,פולין,104,8,112
2021-07-19T00:00:00.000Z,פורטוגל,114,12,126
2021-07-19T00:00:00.000Z,זמביה,1,0,1
2021-07-19T00:00:00.000Z,זאיר,2,0,2
2021-07-19T00:00:00.000Z,הממלכה המאוחדת,181,178,359
2021-07-19T00:00:00.000Z,הונגריה,81,8,89
2021-07-19T00:00:00.000Z,הונג קונג,1,2,3
2021-07-19T00:00:00.000Z,הולנד,332,89,421
2021-07-19T00:00:00.000Z,הודו,17,11,28
2021-07-19T00:00:00.000Z,האנטילים ההולנדים,1,0,1
2021-07-19T00:00:00.000Z,דרום אפריקה,1,1,2
2021-07-19T00:00:00.000Z,דנמרק,23,3,26
2021-07-19T00:00:00.000Z,גרמניה,393,133,526
2021-07-19T00:00:00.000Z,גאנה,1,7,8
2021-07-19T00:00:00.000Z,גאורגיה,644,61,705
2021-07-19T00:00:00.000Z,ברזיל,1,12,13
2021-07-19T00:00:00.000Z,פיליפינים,3,17,20
2021-07-19T00:00:00.000Z,איחוד האמירויות הערב,36,11,47
2021-07-19T00:00:00.000Z,פינלנד,6,1,7
2021-07-19T00:00:00.000Z,פנמה,10,9,19
2021-07-19T00:00:00.000Z,פרו,1,1,2
2021-07-19T00:00:00.000Z,צאד,1,0,1
2021-07-19T00:00:00.000Z,צכיה,195,16,211
2021-07-19T00:00:00.000Z,צרפת,476,329,805
2021-07-19T00:00:00.000Z,קולומביה,2,3,5
2021-07-19T00:00:00.000Z,קוסטה ריקה,8,2,10
2021-07-19T00:00:00.000Z,קוריאה הדרומית,0,1,1
2021-07-19T00:00:00.000Z,קזחסטאן,0,5,5
2021-07-19T00:00:00.000Z,קירג'זסטאן,0,1,1
2021-07-19T00:00:00.000Z,בלגיה,37,31,68
2021-07-19T00:00:00.000Z,בולגריה,470,40,510
2021-07-19T00:00:00.000Z,בוטסואנה,2,0,2
2021-07-19T00:00:00.000Z,אתיופיה,15,9,24
2021-07-19T00:00:00.000Z,ארצות הברית,707,958,1665
2021-07-19T00:00:00.000Z,ארמניה,3,1,4
2021-07-19T00:00:00.000Z,אקואדור,2,0,2
2021-07-19T00:00:00.000Z,אסטוניה,2,0,2
2021-07-19T00:00:00.000Z,אנגולה,3,0,3
2021-07-19T00:00:00.000Z,אלבניה,1,0,1
2021-07-19T00:00:00.000Z,אירלנד,0,3,3
2021-07-19T00:00:00.000Z,איסלנד,78,3,81
2021-07-19T00:00:00.000Z,אינדונזיה,0,1,1
2021-07-19T00:00:00.000Z,איי סיישל,1,0,1
2021-07-19T00:00:00.000Z,איי גילברט ואליס,1,0,1
2021-07-19T00:00:00.000Z,איטליה,517,88,605
2021-07-19T00:00:00.000Z,אזרביג'אן,3,1,4
2021-07-19T00:00:00.000Z,אורגוואי,0,1,1
2021-07-19T00:00:00.000Z,אוקראינה,416,126,542
2021-07-19T00:00:00.000Z,אוסטרליה,0,2,2
2021-07-19T00:00:00.000Z,אוסטריה,455,65,520
2021-07-20T00:00:00.000Z,כלל המדינות,8721,4037,12758
2021-07-20T00:00:00.000Z,איחוד האמירויות הערב,13,9,22
2021-07-20T00:00:00.000Z,תאילנד,23,13,36
2021-07-20T00:00:00.000Z,שוויץ,173,120,293
2021-07-20T00:00:00.000Z,שוודיה,7,3,10
2021-07-20T00:00:00.000Z,רוסיה,23,73,96
2021-07-20T00:00:00.000Z,רומניה,255,39,294
2021-07-20T00:00:00.000Z,רואנדה,2,1,3
2021-07-20T00:00:00.000Z,קרואטיה,19,0,19
2021-07-20T00:00:00.000Z,קפריסין,427,81,508
2021-07-20T00:00:00.000Z,קניה,2,6,8
2021-07-20T00:00:00.000Z,קנדה,2,10,12
2021-07-20T00:00:00.000Z,קמרון,3,2,5
2021-07-20T00:00:00.000Z,קירג'זסטאן,13,0,13
2021-07-20T00:00:00.000Z,קטר,0,1,1
2021-07-20T00:00:00.000Z,קוריאה הדרומית,1,0,1
2021-07-20T00:00:00.000Z,קוסטה ריקה,2,4,6
2021-07-20T00:00:00.000Z,קוסובו,1,0,1
2021-07-20T00:00:00.000Z,קולומביה,2,1,3
2021-07-20T00:00:00.000Z,צרפת,295,225,520
2021-07-20T00:00:00.000Z,צכיה,65,6,71
2021-07-20T00:00:00.000Z,פרו,2,2,4
2021-07-20T00:00:00.000Z,פנמה,4,9,13
2021-07-20T00:00:00.000Z,פינלנד,0,3,3
2021-07-20T00:00:00.000Z,פיליפינים,3,11,14
2021-07-20T00:00:00.000Z,פורטוגל,70,7,77
2021-07-20T00:00:00.000Z,פולינזיה הצרפתית,1,0,1
2021-07-20T00:00:00.000Z,פולין,304,23,327
2021-07-20T00:00:00.000Z,פאפואה,2,0,2
2021-07-20T00:00:00.000Z,עירק,2,2,4
2021-07-20T00:00:00.000Z,סרי לנקה (צילון),0,11,11
2021-07-20T00:00:00.000Z,סרביה,45,5,50
2021-07-20T00:00:00.000Z,ספרד,251,125,376
2021-07-20T00:00:00.000Z,סלובקיה,1,0,1
2021-07-20T00:00:00.000Z,סלובניה,3,0,3
2021-07-20T00:00:00.000Z,סין,1,0,1
2021-07-20T00:00:00.000Z,סיירה ליאונה,0,1,1
2021-07-20T00:00:00.000Z,נפאל,1,0,1
2021-07-20T00:00:00.000Z,ניגריה,6,0,6
2021-07-20T00:00:00.000Z,נורבגיה,0,1,1
2021-07-20T00:00:00.000Z,מקסיקו,1,43,44
2021-07-20T00:00:00.000Z,מצרים,0,1,1
2021-07-20T00:00:00.000Z,מלטה,4,0,4
2021-07-20T00:00:00.000Z,מלדיבים,20,3,23
2021-07-20T00:00:00.000Z,מונטנגרו,9,0,9
2021-07-20T00:00:00.000Z,מולדובה,76,46,122
2021-07-20T00:00:00.000Z,ליטא,8,0,8
2021-07-20T00:00:00.000Z,ליבריה,0,5,5
2021-07-20T00:00:00.000Z,לטביה,43,14,57
2021-07-20T00:00:00.000Z,תורכיה,503,242,745
2021-07-20T00:00:00.000Z,ירדן,34,8,42
2021-07-20T00:00:00.000Z,יפן,1,1,2
2021-07-20T00:00:00.000Z,יוון,1964,167,2131
2021-07-20T00:00:00.000Z,טנזניה,4,1,5
2021-07-20T00:00:00.000Z,טוגו,1,0,1
2021-07-20T00:00:00.000Z,חוף השנהב,3,0,3
2021-07-20T00:00:00.000Z,זאיר,0,1,1
2021-07-20T00:00:00.000Z,ונצואלה,0,2,2
2021-07-20T00:00:00.000Z,הרפ הדומיניקנית,5,0,5
2021-07-20T00:00:00.000Z,הממלכה המאוחדת,293,412,705
2021-07-20T00:00:00.000Z,הונדורס,2,0,2
2021-07-20T00:00:00.000Z,הונגריה,76,23,99
2021-07-20T00:00:00.000Z,הולנד,237,42,279
2021-07-20T00:00:00.000Z,דרום אפריקה,1,5,6
2021-07-20T00:00:00.000Z,דרום אמריקה,0,1,1
2021-07-20T00:00:00.000Z,דנמרק,13,4,17
2021-07-20T00:00:00.000Z,גרמניה,408,122,530
2021-07-20T00:00:00.000Z,גינאה,1,0,1
2021-07-20T00:00:00.000Z,גיברלטר,2,0,2
2021-07-20T00:00:00.000Z,גווטאמלה,0,3,3
2021-07-20T00:00:00.000Z,גאנה,3,0,3
2021-07-20T00:00:00.000Z,גאורגיה,327,52,379
2021-07-20T00:00:00.000Z,ברזיל,1,12,13
2021-07-20T00:00:00.000Z,בלגיה,39,38,77
2021-07-20T00:00:00.000Z,בחריין,0,1,1
2021-07-20T00:00:00.000Z,בורקינה פאסו,1,0,1
2021-07-20T00:00:00.000Z,בוסניה הרצגובינה,1,1,2
2021-07-20T00:00:00.000Z,בולגריה,204,34,238
2021-07-20T00:00:00.000Z,בוטסואנה,1,0,1
2021-07-20T00:00:00.000Z,אתיופיה,12,1,13
2021-07-20T00:00:00.000Z,ארצות הברית,684,1121,1805
2021-07-20T00:00:00.000Z,ארמניה,3,0,3
2021-07-20T00:00:00.000Z,ארגנטינה,2,18,20
2021-07-20T00:00:00.000Z,אקואדור,0,1,1
2021-07-20T00:00:00.000Z,אסטוניה,2,0,2
2021-07-20T00:00:00.000Z,אנגולה,1,0,1
2021-07-20T00:00:00.000Z,אלבניה,28,6,34
2021-07-20T00:00:00.000Z,אל סלבדור,2,0,2
2021-07-20T00:00:00.000Z,אירלנד,2,2,4
2021-07-20T00:00:00.000Z,איסלנד,60,0,60
2021-07-20T00:00:00.000Z,איי סיישל,2,1,3
2021-07-20T00:00:00.000Z,איטליה,287,76,363
2021-07-20T00:00:00.000Z,אזרביג'אן,6,2,8
2021-07-20T00:00:00.000Z,אורגוואי,3,7,10
2021-07-20T00:00:00.000Z,אוקראינה,237,82,319
2021-07-20T00:00:00.000Z,אוסטרליה,2,0,2
2021-07-20T00:00:00.000Z,אוסטריה,235,50,285
2021-07-20T00:00:00.000Z,אוזבקיסטן,3,4,7
2021-07-20T00:00:00.000Z,אבחזיסטאן,2,0,2
2021-07-21T00:00:00.000Z,גמביה,0,1,1
2021-07-21T00:00:00.000Z,גרמניה,402,167,569
2021-07-21T00:00:00.000Z,דנמרק,8,11,19
2021-07-21T00:00:00.000Z,דרום אפריקה,2,13,15
2021-07-21T00:00:00.000Z,דרום סודאן,2,0,2
2021-07-21T00:00:00.000Z,הולנד,173,123,296
2021-07-21T00:00:00.000Z,הונג קונג,0,2,2
2021-07-21T00:00:00.000Z,הונגריה,42,19,61
2021-07-21T00:00:00.000Z,הממלכה המאוחדת,257,424,681
2021-07-21T00:00:00.000Z,ויטנאם,1,3,4
2021-07-21T00:00:00.000Z,ונצואלה,0,3,3
2021-07-21T00:00:00.000Z,זאיר,1,0,1
2021-07-21T00:00:00.000Z,טיוואן,0,1,1
2021-07-21T00:00:00.000Z,טנזניה,137,6,143
2021-07-21T00:00:00.000Z,יוון,1041,92,1133
2021-07-21T00:00:00.000Z,יפן,1,2,3
2021-07-21T00:00:00.000Z,ירדן,44,35,79
2021-07-21T00:00:00.000Z,כלל המדינות,8941,7300,16241
2021-07-21T00:00:00.000Z,לבנון,0,2,2
2021-07-21T00:00:00.000Z,ליבריה,1,0,1
2021-07-21T00:00:00.000Z,ליטא,2,0,2
2021-07-21T00:00:00.000Z,מולדובה,0,1,1
2021-07-21T00:00:00.000Z,מונטנגרו,121,16,137
2021-07-21T00:00:00.000Z,מלדיבים,14,2,16
2021-07-21T00:00:00.000Z,מלטה,3,0,3
2021-07-21T00:00:00.000Z,מצרים,238,100,338
2021-07-21T00:00:00.000Z,מקסיקו,5,2,7
2021-07-21T00:00:00.000Z,מרוקו,2,2,4
2021-07-21T00:00:00.000Z,נורבגיה,1,0,1
2021-07-21T00:00:00.000Z,ניגריה,4,1,5
2021-07-21T00:00:00.000Z,סוריה,1,1,2
2021-07-21T00:00:00.000Z,סיירה ליאונה,0,1,1
2021-07-21T00:00:00.000Z,סין,5,35,40
2021-07-21T00:00:00.000Z,סינגפור,1,0,1
2021-07-21T00:00:00.000Z,סלובניה,70,14,84
2021-07-21T00:00:00.000Z,ספרד,108,37,145
2021-07-21T00:00:00.000Z,סרביה,11,4,15
2021-07-21T00:00:00.000Z,סרי לנקה (צילון),4,0,4
2021-07-21T00:00:00.000Z,פולין,79,5,84
2021-07-21T00:00:00.000Z,פורטוגל,120,24,144
2021-07-21T00:00:00.000Z,פיליפינים,1,3,4
2021-07-21T00:00:00.000Z,פינלנד,10,0,10
2021-07-21T00:00:00.000Z,פנמה,0,2,2
2021-07-21T00:00:00.000Z,פרו,2,1,3
2021-07-21T00:00:00.000Z,צכיה,153,4,157
2021-07-21T00:00:00.000Z,צרפת,522,567,1089
2021-07-21T00:00:00.000Z,קוסטה ריקה,9,2,11
2021-07-21T00:00:00.000Z,קוריאה הדרומית,2,10,12
2021-07-21T00:00:00.000Z,קזחסטאן,0,4,4
2021-07-21T00:00:00.000Z,קירג'זסטאן,1,0,1
2021-07-21T00:00:00.000Z,קנדה,23,149,172
2021-07-21T00:00:00.000Z,קפריסין,421,100,521
2021-07-21T00:00:00.000Z,איחוד האמירויות הערב,12,17,29
2021-07-21T00:00:00.000Z,אוגנדה,3,0,3
2021-07-21T00:00:00.000Z,אוזבקיסטן,7,7,14
2021-07-21T00:00:00.000Z,אוסטריה,222,57,279
2021-07-21T00:00:00.000Z,אוסטרליה,4,6,10
2021-07-21T00:00:00.000Z,אוקראינה,388,163,551
2021-07-21T00:00:00.000Z,אורגוואי,0,1,1
2021-07-21T00:00:00.000Z,אזרביג'אן,7,1,8
2021-07-21T00:00:00.000Z,איטליה,412,106,518
2021-07-21T00:00:00.000Z,איי טורקס וקייקוס,2,2,4
2021-07-21T00:00:00.000Z,איי סיישל,24,3,27
2021-07-21T00:00:00.000Z,איסלנד,9,1,10
2021-07-21T00:00:00.000Z,אירלנד,1,0,1
2021-07-21T00:00:00.000Z,אלבניה,5,2,7
2021-07-21T00:00:00.000Z,אנגולה,3,0,3
2021-07-21T00:00:00.000Z,אסטוניה,15,1,16
2021-07-21T00:00:00.000Z,אקואדור,2,1,3
2021-07-21T00:00:00.000Z,ארגנטינה,1,1,2
2021-07-21T00:00:00.000Z,ארמניה,1,0,1
2021-07-21T00:00:00.000Z,ארצות הברית,692,1414,2106
2021-07-21T00:00:00.000Z,אתיופיה,16,4,20
2021-07-21T00:00:00.000Z,בוטסואנה,9,1,10
2021-07-21T00:00:00.000Z,בולגריה,298,37,335
2021-07-21T00:00:00.000Z,בורקינה פאסו,1,0,1
2021-07-21T00:00:00.000Z,בילורוסיה,85,28,113
2021-07-21T00:00:00.000Z,בלגיה,78,103,181
2021-07-21T00:00:00.000Z,ברזיל,3,10,13
2021-07-21T00:00:00.000Z,גאורגיה,356,72,428
2021-07-21T00:00:00.000Z,גאנה,3,2,5
2021-07-21T00:00:00.000Z,גיברלטר,2,3,5
2021-07-21T00:00:00.000Z,תורכמניסטאן,13,12,25
2021-07-21T00:00:00.000Z,תורכיה,1098,569,1667
2021-07-21T00:00:00.000Z,תוניסיה,1,0,1
2021-07-21T00:00:00.000Z,תאילנד,5,0,5
2021-07-21T00:00:00.000Z,שוויץ,127,96,223
2021-07-21T00:00:00.000Z,שוודיה,2,5,7
2021-07-21T00:00:00.000Z,רוסיה,41,32,73
2021-07-21T00:00:00.000Z,רומניה,232,41,273
2021-07-21T00:00:00.000Z,רואנדה,1,0,1
2021-07-21T00:00:00.000Z,קרואטיה,13,3,16
2021-07-21T00:00:00.000Z,קניה,5,0,5
2021-07-22T00:00:00.000Z,חוף השנהב,1,0,1
2021-07-22T00:00:00.000Z,טוגו,3,0,3
2021-07-22T00:00:00.000Z,טיוואן,1,0,1
2021-07-22T00:00:00.000Z,טנזניה,7,1,8
2021-07-22T00:00:00.000Z,יוון,2146,352,2498
2021-07-22T00:00:00.000Z,יפן,0,1,1
2021-07-22T00:00:00.000Z,ירדן,487,227,714
2021-07-22T00:00:00.000Z,כלל המדינות,14537,9819,24356
2021-07-22T00:00:00.000Z,לבנון,0,9,9
2021-07-22T00:00:00.000Z,ליטא,62,18,80
2021-07-22T00:00:00.000Z,לסוטו,0,1,1
2021-07-22T00:00:00.000Z,מולדובה,90,57,147
2021-07-22T00:00:00.000Z,מונטנגרו,1,0,1
2021-07-22T00:00:00.000Z,מלדיבים,7,2,9
2021-07-22T00:00:00.000Z,מצרים,522,359,881
2021-07-22T00:00:00.000Z,מקסיקו,1,5,6
2021-07-22T00:00:00.000Z,מרוקו,3,0,3
2021-07-22T00:00:00.000Z,נורבגיה,0,2,2
2021-07-22T00:00:00.000Z,ניגריה,2,2,4
2021-07-22T00:00:00.000Z,ניו זילנד,0,1,1
2021-07-22T00:00:00.000Z,סין,1,0,1
2021-07-22T00:00:00.000Z,סינגפור,0,1,1
2021-07-22T00:00:00.000Z,ספרד,377,140,517
2021-07-22T00:00:00.000Z,סרביה,3,3,6
2021-07-22T00:00:00.000Z,פולין,131,20,151
2021-07-22T00:00:00.000Z,פורטוגל,21,7,28
2021-07-22T00:00:00.000Z,פיליפינים,2,6,8
2021-07-22T00:00:00.000Z,פינלנד,5,0,5
2021-07-22T00:00:00.000Z,פנמה,10,8,18
2021-07-22T00:00:00.000Z,פרו,0,2,2
2021-07-22T00:00:00.000Z,צ'ילה,0,4,4
2021-07-22T00:00:00.000Z,צכיה,71,12,83
2021-07-22T00:00:00.000Z,צרפת,439,395,834
2021-07-22T00:00:00.000Z,קולומביה,1,12,13
2021-07-22T00:00:00.000Z,קונגו,2,0,2
2021-07-22T00:00:00.000Z,קוסטה ריקה,5,0,5
2021-07-22T00:00:00.000Z,קוריאה הדרומית,7,0,7
2021-07-22T00:00:00.000Z,קזחסטאן,2,2,4
2021-07-22T00:00:00.000Z,קירג'זסטאן,2,1,3
2021-07-22T00:00:00.000Z,קמרון,1,0,1
2021-07-22T00:00:00.000Z,קנדה,2,15,17
2021-07-22T00:00:00.000Z,קניה,15,3,18
2021-07-22T00:00:00.000Z,קפריסין,1255,251,1506
2021-07-22T00:00:00.000Z,קרואטיה,1,2,3
2021-07-22T00:00:00.000Z,רומניה,195,45,240
2021-07-22T00:00:00.000Z,רוסיה,50,97,147
2021-07-22T00:00:00.000Z,שוודיה,3,11,14
2021-07-22T00:00:00.000Z,שוויץ,140,63,203
2021-07-22T00:00:00.000Z,תאילנד,33,37,70
2021-07-22T00:00:00.000Z,תורכיה,2480,1238,3718
2021-07-22T00:00:00.000Z,תורכמניסטאן,11,4,15
2021-07-22T00:00:00.000Z,גמייקה,1,0,1
2021-07-22T00:00:00.000Z,גרמניה,330,157,487
2021-07-22T00:00:00.000Z,איחוד האמירויות הערב,25,4,29
2021-07-22T00:00:00.000Z,דנמרק,6,9,15
2021-07-22T00:00:00.000Z,דרום אמריקה,0,4,4
2021-07-22T00:00:00.000Z,דרום אפריקה,4,11,15
2021-07-22T00:00:00.000Z,אוגנדה,2,3,5
2021-07-22T00:00:00.000Z,אוזבקיסטן,4,0,4
2021-07-22T00:00:00.000Z,אוסטריה,135,84,219
2021-07-22T00:00:00.000Z,אוסטרליה,1,4,5
2021-07-22T00:00:00.000Z,אוקראינה,361,148,509
2021-07-22T00:00:00.000Z,אורגוואי,1,0,1
2021-07-22T00:00:00.000Z,אזרביג'אן,14,2,16
2021-07-22T00:00:00.000Z,איטליה,387,121,508
2021-07-22T00:00:00.000Z,איי סיישל,3,0,3
2021-07-22T00:00:00.000Z,איי קוק,1,0,1
2021-07-22T00:00:00.000Z,אינדונזיה,0,2,2
2021-07-22T00:00:00.000Z,איסלנד,106,17,123
2021-07-22T00:00:00.000Z,אירלנד,0,4,4
2021-07-22T00:00:00.000Z,אלבניה,35,4,39
2021-07-22T00:00:00.000Z,אנטיגואה וברבודה,0,1,1
2021-07-22T00:00:00.000Z,אסטוניה,1,0,1
2021-07-22T00:00:00.000Z,ארגנטינה,3,15,18
2021-07-22T00:00:00.000Z,ארמניה,8,9,17
2021-07-22T00:00:00.000Z,ארצות הברית,816,1312,2128
2021-07-22T00:00:00.000Z,אתיופיה,17,7,24
2021-07-22T00:00:00.000Z,בולגריה,521,84,605
2021-07-22T00:00:00.000Z,בוליביה,5,0,5
2021-07-22T00:00:00.000Z,בוסניה הרצגובינה,0,2,2
2021-07-22T00:00:00.000Z,בורקינה פאסו,1,0,1
2021-07-22T00:00:00.000Z,בלגיה,39,83,122
2021-07-22T00:00:00.000Z,ברזיל,4,11,15
2021-07-22T00:00:00.000Z,גאורגיה,1103,187,1290
2021-07-22T00:00:00.000Z,גאנה,2,3,5
2021-07-22T00:00:00.000Z,גבון,1,0,1
2021-07-22T00:00:00.000Z,גווטאמלה,1,0,1
2021-07-22T00:00:00.000Z,גויאנה הצרפתית,0,3,3
2021-07-22T00:00:00.000Z,גיברלטר,4,1,5
2021-07-22T00:00:00.000Z,גינאה המשוונית,1,0,1
2021-07-22T00:00:00.000Z,האנטילים ההולנדים,2,1,3
2021-07-22T00:00:00.000Z,הודו,2,0,2
2021-07-22T00:00:00.000Z,הולנד,238,76,314
2021-07-22T00:00:00.000Z,הונגריה,108,53,161
2021-07-22T00:00:00.000Z,הממלכה המאוחדת,681,962,1643
2021-07-22T00:00:00.000Z,הרפ הדומיניקנית,4,4,8
2021-07-23T00:00:00.000Z,תימן,1,0,1
2021-07-23T00:00:00.000Z,תאילנד,0,3,3
2021-07-23T00:00:00.000Z,רוסיה,47,24,71
2021-07-23T00:00:00.000Z,רומניה,371,80,451
2021-07-23T00:00:00.000Z,קרואטיה,10,7,17
2021-07-23T00:00:00.000Z,קפריסין,296,114,410
2021-07-23T00:00:00.000Z,קניה,4,0,4
2021-07-23T00:00:00.000Z,קנדה,28,97,125
2021-07-23T00:00:00.000Z,קירג'זסטאן,18,3,21
2021-07-23T00:00:00.000Z,קזחסטאן,3,4,7
2021-07-23T00:00:00.000Z,קוריאה הדרומית,4,0,4
2021-07-23T00:00:00.000Z,קוסטה ריקה,4,1,5
2021-07-23T00:00:00.000Z,קולומביה,3,1,4
2021-07-23T00:00:00.000Z,קובה,0,1,1
2021-07-23T00:00:00.000Z,צרפת,406,180,586
2021-07-23T00:00:00.000Z,צכיה,207,35,242
2021-07-23T00:00:00.000Z,פרו,1,0,1
2021-07-23T00:00:00.000Z,פנמה,1,0,1
2021-07-23T00:00:00.000Z,פינלנד,56,22,78
2021-07-23T00:00:00.000Z,פיליפינים,7,5,12
2021-07-23T00:00:00.000Z,פורטוגל,15,1,16
2021-07-23T00:00:00.000Z,פולין,97,14,111
2021-07-23T00:00:00.000Z,סרי לנקה (צילון),1,3,4
2021-07-23T00:00:00.000Z,סרביה,177,22,199
2021-07-23T00:00:00.000Z,ספרד,222,44,266
2021-07-23T00:00:00.000Z,סלובקיה,1,0,1
2021-07-23T00:00:00.000Z,סלובניה,4,2,6
2021-07-23T00:00:00.000Z,סינגפור,2,0,2
2021-07-23T00:00:00.000Z,סין,0,5,5
2021-07-23T00:00:00.000Z,נפאל,1,0,1
2021-07-23T00:00:00.000Z,ניגריה,2,2,4
2021-07-23T00:00:00.000Z,נורבגיה,1,2,3
2021-07-23T00:00:00.000Z,מרוקו,5,0,5
2021-07-23T00:00:00.000Z,מקסיקו,2,0,2
2021-07-23T00:00:00.000Z,מקדוניה,2,0,2
2021-07-23T00:00:00.000Z,מצרים,1311,841,2152
2021-07-23T00:00:00.000Z,מלטה,1,2,3
2021-07-23T00:00:00.000Z,מלדיבים,14,3,17
2021-07-23T00:00:00.000Z,מונקו,1,0,1
2021-07-23T00:00:00.000Z,מונטנגרו,156,25,181
2021-07-23T00:00:00.000Z,מונגוליה,2,0,2
2021-07-23T00:00:00.000Z,מולדובה,48,26,74
2021-07-23T00:00:00.000Z,מאוריציוס,2,0,2
2021-07-23T00:00:00.000Z,ליטא,9,3,12
2021-07-23T00:00:00.000Z,לטביה,6,0,6
2021-07-23T00:00:00.000Z,לוכסמבורג,1,0,1
2021-07-23T00:00:00.000Z,כלל המדינות,13852,7319,21171
2021-07-23T00:00:00.000Z,ירדן,4,42,46
2021-07-23T00:00:00.000Z,יפן,1,2,3
2021-07-23T00:00:00.000Z,יוון,2334,422,2756
2021-07-23T00:00:00.000Z,טנזניה,1,0,1
2021-07-23T00:00:00.000Z,טיוואן,1,0,1
2021-07-23T00:00:00.000Z,טוגו,8,0,8
2021-07-23T00:00:00.000Z,חוף השנהב,1,0,1
2021-07-23T00:00:00.000Z,זאיר,2,0,2
2021-07-23T00:00:00.000Z,הרפ הדומיניקנית,1,0,1
2021-07-23T00:00:00.000Z,הממלכה המאוחדת,104,188,292
2021-07-23T00:00:00.000Z,הונדורס,1,0,1
2021-07-23T00:00:00.000Z,הונגריה,208,26,234
2021-07-23T00:00:00.000Z,הולנד,237,65,302
2021-07-23T00:00:00.000Z,הודו,3,1,4
2021-07-23T00:00:00.000Z,האנטילים ההולנדים,2,2,4
2021-07-23T00:00:00.000Z,דנמרק,14,4,18
2021-07-23T00:00:00.000Z,גרמניה,499,230,729
2021-07-23T00:00:00.000Z,גמייקה,1,0,1
2021-07-23T00:00:00.000Z,גינאה החדשה,1,0,1
2021-07-23T00:00:00.000Z,גווטאמלה,4,0,4
2021-07-23T00:00:00.000Z,גאורגיה,438,126,564
2021-07-23T00:00:00.000Z,ברזיל,0,6,6
2021-07-23T00:00:00.000Z,בלגיה,77,49,126
2021-07-23T00:00:00.000Z,בילורוסיה,48,22,70
2021-07-23T00:00:00.000Z,בורקינה פאסו,1,0,1
2021-07-23T00:00:00.000Z,בוסניה הרצגובינה,7,4,11
2021-07-23T00:00:00.000Z,בולגריה,405,90,495
2021-07-23T00:00:00.000Z,ארצות הברית,1077,949,2026
2021-07-23T00:00:00.000Z,ארמניה,2,0,2
2021-07-23T00:00:00.000Z,אקואדור,1,0,1
2021-07-23T00:00:00.000Z,אסטוניה,8,4,12
2021-07-23T00:00:00.000Z,אנדורה,0,4,4
2021-07-23T00:00:00.000Z,אנגולה,6,0,6
2021-07-23T00:00:00.000Z,אלבניה,3,0,3
2021-07-23T00:00:00.000Z,אל סלבדור,3,0,3
2021-07-23T00:00:00.000Z,אירלנד,6,7,13
2021-07-23T00:00:00.000Z,איסלנד,14,1,15
2021-07-23T00:00:00.000Z,איי סיישל,1,2,3
2021-07-23T00:00:00.000Z,איי טורקס וקייקוס,6,2,8
2021-07-23T00:00:00.000Z,איטליה,549,118,667
2021-07-23T00:00:00.000Z,אזרביג'אן,53,6,59
2021-07-23T00:00:00.000Z,אורגוואי,3,0,3
2021-07-23T00:00:00.000Z,אוקראינה,447,150,597
2021-07-23T00:00:00.000Z,אוסטרליה,1,0,1
2021-07-23T00:00:00.000Z,תורכיה,2033,1019,3052
2021-07-23T00:00:00.000Z,תורכמניסטאן,14,18,32
2021-07-23T00:00:00.000Z,אוסטריה,491,80,571
2021-07-23T00:00:00.000Z,אוזבקיסטן,6,5,11
2021-07-23T00:00:00.000Z,שוויץ,324,119,443
2021-07-23T00:00:00.000Z,שוודיה,9,11,20
2021-07-23T00:00:00.000Z,איחוד האמירויות הערב,13,10,23
2021-07-24T00:00:00.000Z,שוויץ,110,46,156
2021-07-24T00:00:00.000Z,מונקו,1,0,1
2021-07-24T00:00:00.000Z,רוסיה,2,1,3
2021-07-24T00:00:00.000Z,תאילנד,4,1,5
2021-07-24T00:00:00.000Z,איחוד האמירויות הערב,68,28,96
2021-07-24T00:00:00.000Z,תורכמניסטאן,28,9,37
2021-07-24T00:00:00.000Z,רומניה,337,80,417
2021-07-24T00:00:00.000Z,רואנדה,2,2,4
2021-07-24T00:00:00.000Z,קרואטיה,15,3,18
2021-07-24T00:00:00.000Z,קפריסין,250,90,340
2021-07-24T00:00:00.000Z,קניה,3,2,5
2021-07-24T00:00:00.000Z,קנדה,11,45,56
2021-07-24T00:00:00.000Z,קמרון,2,0,2
2021-07-24T00:00:00.000Z,קירג'זסטאן,12,3,15
2021-07-24T00:00:00.000Z,קזחסטאן,0,1,1
2021-07-24T00:00:00.000Z,קוריאה הדרומית,2,0,2
2021-07-24T00:00:00.000Z,קוסטה ריקה,4,1,5
2021-07-24T00:00:00.000Z,צרפת,178,101,279
2021-07-24T00:00:00.000Z,צכיה,8,3,11
2021-07-24T00:00:00.000Z,פרו,1,1,2
2021-07-24T00:00:00.000Z,פנמה,0,1,1
2021-07-24T00:00:00.000Z,פינלנד,3,1,4
2021-07-24T00:00:00.000Z,פיליפינים,0,9,9
2021-07-24T00:00:00.000Z,פורטוגל,25,4,29
2021-07-24T00:00:00.000Z,פולינזיה הצרפתית,1,0,1
2021-07-24T00:00:00.000Z,פולין,152,32,184
2021-07-24T00:00:00.000Z,סרי לנקה (צילון),0,2,2
2021-07-24T00:00:00.000Z,סרביה,0,1,1
2021-07-24T00:00:00.000Z,ספרד,7,7,14
2021-07-24T00:00:00.000Z,סלובקיה,1,0,1
2021-07-24T00:00:00.000Z,סלובניה,12,8,20
2021-07-24T00:00:00.000Z,סינגפור,2,5,7
2021-07-24T00:00:00.000Z,סין,1,4,5
2021-07-24T00:00:00.000Z,ניגריה,5,6,11
2021-07-24T00:00:00.000Z,נורבגיה,0,1,1
2021-07-24T00:00:00.000Z,מרוקו,1,0,1
2021-07-24T00:00:00.000Z,מקסיקו,0,1,1
2021-07-24T00:00:00.000Z,מקדוניה,4,1,5
2021-07-24T00:00:00.000Z,מצרים,1318,833,2151
2021-07-24T00:00:00.000Z,מלטה,2,0,2
2021-07-24T00:00:00.000Z,מלדיבים,46,13,59
2021-07-24T00:00:00.000Z,תורכיה,2811,1528,4339
2021-07-24T00:00:00.000Z,מונטנגרו,113,21,134
2021-07-24T00:00:00.000Z,מאלי,1,0,1
2021-07-24T00:00:00.000Z,ליטא,5,4,9
2021-07-24T00:00:00.000Z,לטביה,53,9,62
2021-07-24T00:00:00.000Z,לוכסמבורג,0,4,4
2021-07-24T00:00:00.000Z,כלל המדינות,10003,6698,16701
2021-07-24T00:00:00.000Z,ירדן,4,20,24
2021-07-24T00:00:00.000Z,יוון,1789,327,2116
2021-07-24T00:00:00.000Z,טנזניה,9,1,10
2021-07-24T00:00:00.000Z,טיוואן,1,1,2
2021-07-24T00:00:00.000Z,טוגו,1,2,3
2021-07-24T00:00:00.000Z,חוף השנהב,1,1,2
2021-07-24T00:00:00.000Z,הרפ הדומיניקנית,1,1,2
2021-07-24T00:00:00.000Z,הממלכה המאוחדת,66,124,190
2021-07-24T00:00:00.000Z,הונגריה,70,29,99
2021-07-24T00:00:00.000Z,הונג קונג,0,1,1
2021-07-24T00:00:00.000Z,הולנד,227,49,276
2021-07-24T00:00:00.000Z,האנטילים ההולנדים,5,5,10
2021-07-24T00:00:00.000Z,דרום אפריקה,0,6,6
2021-07-24T00:00:00.000Z,דנמרק,11,10,21
2021-07-24T00:00:00.000Z,גרמניה,251,125,376
2021-07-24T00:00:00.000Z,גבון,1,0,1
2021-07-24T00:00:00.000Z,גאנה,3,2,5
2021-07-24T00:00:00.000Z,גאורגיה,147,50,197
2021-07-24T00:00:00.000Z,בנין (דהומי),1,0,1
2021-07-24T00:00:00.000Z,בלגיה,3,0,3
2021-07-24T00:00:00.000Z,בורקינה פאסו,1,0,1
2021-07-24T00:00:00.000Z,בוסניה הרצגובינה,9,3,12
2021-07-24T00:00:00.000Z,בוליביה,1,0,1
2021-07-24T00:00:00.000Z,בולגריה,102,26,128
2021-07-24T00:00:00.000Z,אתיופיה,14,9,23
2021-07-24T00:00:00.000Z,ארצות הברית,498,732,1230
2021-07-24T00:00:00.000Z,ארמניה,9,1,10
2021-07-24T00:00:00.000Z,אריתראה,1,0,1
2021-07-24T00:00:00.000Z,אסטוניה,5,2,7
2021-07-24T00:00:00.000Z,אלבניה,1,0,1
2021-07-24T00:00:00.000Z,אירלנד,3,5,8
2021-07-24T00:00:00.000Z,איסלנד,57,10,67
2021-07-24T00:00:00.000Z,איי סיישל,1,0,1
2021-07-24T00:00:00.000Z,איי טורקס וקייקוס,4,2,6
2021-07-24T00:00:00.000Z,איטליה,238,73,311
2021-07-24T00:00:00.000Z,אזרביג'אן,1,4,5
2021-07-24T00:00:00.000Z,אוקראינה,232,60,292
2021-07-24T00:00:00.000Z,אוסטרליה,1,0,1
2021-07-24T00:00:00.000Z,אוסטריה,240,65,305
2021-07-24T00:00:00.000Z,אוזבקיסטן,4,3,7
2021-07-24T00:00:00.000Z,אוגנדה,7,1,8
2021-07-24T00:00:00.000Z,אבחזיסטאן,2,3,5
2021-07-24T00:00:00.000Z,שוודיה,13,3,16
2021-07-25T00:00:00.000Z,לטביה,3,0,3
2021-07-25T00:00:00.000Z,תורכיה,3022,1629,4651
2021-07-25T00:00:00.000Z,שוויץ,306,161,467
2021-07-25T00:00:00.000Z,שוודיה,11,18,29
2021-07-25T00:00:00.000Z,רפ מרכז אפריקנית,3,0,3
2021-07-25T00:00:00.000Z,רוסיה,20,75,95
2021-07-25T00:00:00.000Z,רומניה,211,53,264
2021-07-25T00:00:00.000Z,קרואטיה,10,5,15
2021-07-25T00:00:00.000Z,קפריסין,551,204,755
2021-07-25T00:00:00.000Z,קניה,0,1,1
2021-07-25T00:00:00.000Z,קנדה,8,74,82
2021-07-25T00:00:00.000Z,קמרון,1,0,1
2021-07-25T00:00:00.000Z,קירג'זסטאן,4,2,6
2021-07-25T00:00:00.000Z,קטר,0,2,2
2021-07-25T00:00:00.000Z,קזחסטאן,5,2,7
2021-07-25T00:00:00.000Z,קוריאה הדרומית,3,5,8
2021-07-25T00:00:00.000Z,קוסטה ריקה,2,0,2
2021-07-25T00:00:00.000Z,קולומביה,0,1,1
2021-07-25T00:00:00.000Z,קובה,1,0,1
2021-07-25T00:00:00.000Z,צרפת,717,436,1153
2021-07-25T00:00:00.000Z,צכיה,175,31,206
2021-07-25T00:00:00.000Z,פרו,1,0,1
2021-07-25T00:00:00.000Z,פרגוואי,1,0,1
2021-07-25T00:00:00.000Z,פנמה,1,0,1
2021-07-25T00:00:00.000Z,פינלנד,3,0,3
2021-07-25T00:00:00.000Z,פיליפינים,1,5,6
2021-07-25T00:00:00.000Z,פורטוגל,15,5,20
2021-07-25T00:00:00.000Z,פולין,59,12,71
2021-07-25T00:00:00.000Z,עירק,0,1,1
2021-07-25T00:00:00.000Z,ספרד,123,29,152
2021-07-25T00:00:00.000Z,סלובניה,0,1,1
2021-07-25T00:00:00.000Z,סינגפור,2,5,7
2021-07-25T00:00:00.000Z,סין,0,1,1
2021-07-25T00:00:00.000Z,ניו זילנד,0,2,2
2021-07-25T00:00:00.000Z,ניגריה,0,1,1
2021-07-25T00:00:00.000Z,נורבגיה,2,0,2
2021-07-25T00:00:00.000Z,מרוקו,5,1,6
2021-07-25T00:00:00.000Z,מקסיקו,5,5,10
2021-07-25T00:00:00.000Z,מצרים,740,453,1193
2021-07-25T00:00:00.000Z,מלדיבים,46,10,56
2021-07-25T00:00:00.000Z,מונקו,1,0,1
2021-07-25T00:00:00.000Z,מולדובה,96,51,147
2021-07-25T00:00:00.000Z,מאלי,8,1,9
2021-07-25T00:00:00.000Z,ליטא,84,19,103
2021-07-25T00:00:00.000Z,תאילנד,61,20,81
2021-07-25T00:00:00.000Z,לוכסמבורג,0,5,5
2021-07-25T00:00:00.000Z,לבנון,3,2,5
2021-07-25T00:00:00.000Z,כלל המדינות,16504,9836,26340
2021-07-25T00:00:00.000Z,ירדן,1212,711,1923
2021-07-25T00:00:00.000Z,יוון,3314,525,3839
2021-07-25T00:00:00.000Z,טיוואן,1,0,1
2021-07-25T00:00:00.000Z,טוגו,1,0,1
2021-07-25T00:00:00.000Z,ונצואלה,0,1,1
2021-07-25T00:00:00.000Z,הממלכה המאוחדת,134,263,397
2021-07-25T00:00:00.000Z,הונגריה,143,35,178
2021-07-25T00:00:00.000Z,הונג קונג,1,1,2
2021-07-25T00:00:00.000Z,הולנד,313,132,445
2021-07-25T00:00:00.000Z,הודו,0,1,1
2021-07-25T00:00:00.000Z,דנמרק,14,5,19
2021-07-25T00:00:00.000Z,גרמניה,480,239,719
2021-07-25T00:00:00.000Z,גאורגיה,558,175,733
2021-07-25T00:00:00.000Z,ברזיל,0,2,2
2021-07-25T00:00:00.000Z,בנין (דהומי),1,0,1
2021-07-25T00:00:00.000Z,בלגיה,53,66,119
2021-07-25T00:00:00.000Z,בילורוסיה,73,58,131
2021-07-25T00:00:00.000Z,בוסניה הרצגובינה,8,8,16
2021-07-25T00:00:00.000Z,בוליביה,1,0,1
2021-07-25T00:00:00.000Z,בולגריה,721,124,845
2021-07-25T00:00:00.000Z,בהמס,2,1,3
2021-07-25T00:00:00.000Z,ארצות הברית,600,669,1269
2021-07-25T00:00:00.000Z,ארמניה,1,0,1
2021-07-25T00:00:00.000Z,ארגנטינה,0,1,1
2021-07-25T00:00:00.000Z,אסטוניה,6,1,7
2021-07-25T00:00:00.000Z,אלבניה,73,21,94
2021-07-25T00:00:00.000Z,אירלנד,4,0,4
2021-07-25T00:00:00.000Z,איסלנד,47,17,64
2021-07-25T00:00:00.000Z,אינדונזיה,1,0,1
2021-07-25T00:00:00.000Z,איי סיישל,1,1,2
2021-07-25T00:00:00.000Z,איי טורקס וקייקוס,2,2,4
2021-07-25T00:00:00.000Z,איטליה,589,143,732
2021-07-25T00:00:00.000Z,אזרביג'אן,59,10,69
2021-07-25T00:00:00.000Z,אורגוואי,6,2,8
2021-07-25T00:00:00.000Z,אוקראינה,512,158,670
2021-07-25T00:00:00.000Z,אוסטרליה,1,14,15
2021-07-25T00:00:00.000Z,אוסטריה,180,56,236
2021-07-25T00:00:00.000Z,אוזבקיסטן,5,1,6
2021-07-25T00:00:00.000Z,אבחזיסטאן,1,0,1
2021-07-25T00:00:00.000Z,איחוד האמירויות הערב,68,35,103
2021-07-25T00:00:00.000Z,תורכמניסטאן,29,10,39
2021-07-26T00:00:00.000Z,טנזניה,21,3,24
2021-07-26T00:00:00.000Z,טג'יקיסטאן,1,0,1
2021-07-26T00:00:00.000Z,תורכמניסטאן,46,21,67
2021-07-26T00:00:00.000Z,תורכיה,2337,1316,3653
2021-07-26T00:00:00.000Z,יוון,2607,400,3007
2021-07-26T00:00:00.000Z,שוויץ,258,136,394
2021-07-26T00:00:00.000Z,שוודיה,2,5,7
2021-07-26T00:00:00.000Z,רוסיה,59,110,169
2021-07-26T00:00:00.000Z,רומניה,416,74,490
2021-07-26T00:00:00.000Z,קרואטיה,15,4,19
2021-07-26T00:00:00.000Z,קפריסין,207,70,277
2021-07-26T00:00:00.000Z,קנדה,3,10,13
2021-07-26T00:00:00.000Z,קירג'זסטאן,2,1,3
2021-07-26T00:00:00.000Z,קזחסטאן,1,0,1
2021-07-26T00:00:00.000Z,קוריאה הדרומית,0,1,1
2021-07-26T00:00:00.000Z,קוסטה ריקה,12,1,13
2021-07-26T00:00:00.000Z,קולומביה,4,2,6
2021-07-26T00:00:00.000Z,צרפת,570,332,902
2021-07-26T00:00:00.000Z,צכיה,275,62,337
2021-07-26T00:00:00.000Z,פרו,1,2,3
2021-07-26T00:00:00.000Z,פנמה,1,3,4
2021-07-26T00:00:00.000Z,פינלנד,4,3,7
2021-07-26T00:00:00.000Z,פיליפינים,1,14,15
2021-07-26T00:00:00.000Z,פורטוגל,132,41,173
2021-07-26T00:00:00.000Z,פורטו ריקו,0,1,1
2021-07-26T00:00:00.000Z,פולין,97,21,118
2021-07-26T00:00:00.000Z,סרביה,86,16,102
2021-07-26T00:00:00.000Z,ספרד,43,10,53
2021-07-26T00:00:00.000Z,סינגפור,0,1,1
2021-07-26T00:00:00.000Z,סוריה,1,5,6
2021-07-26T00:00:00.000Z,ניגריה,1,0,1
2021-07-26T00:00:00.000Z,נורבגיה,1,0,1
2021-07-26T00:00:00.000Z,מרוקו,11,3,14
2021-07-26T00:00:00.000Z,מקסיקו,2,1,3
2021-07-26T00:00:00.000Z,מצרים,611,366,977
2021-07-26T00:00:00.000Z,מלטה,0,1,1
2021-07-26T00:00:00.000Z,מלדיבים,38,2,40
2021-07-26T00:00:00.000Z,מונטנגרו,137,42,179
2021-07-26T00:00:00.000Z,מולדובה,3,3,6
2021-07-26T00:00:00.000Z,מאלי,4,3,7
2021-07-26T00:00:00.000Z,ליטא,1,1,2
2021-07-26T00:00:00.000Z,לטביה,7,0,7
2021-07-26T00:00:00.000Z,לוכסמבורג,1,0,1
2021-07-26T00:00:00.000Z,כלל המדינות,14466,10138,24604
2021-07-26T00:00:00.000Z,ירדן,298,151,449
2021-07-26T00:00:00.000Z,יפן,0,2,2
2021-07-26T00:00:00.000Z,איחוד האמירויות הערב,23,5,28
2021-07-26T00:00:00.000Z,זמביה,1,4,5
2021-07-26T00:00:00.000Z,זאיר,0,1,1
2021-07-26T00:00:00.000Z,ויטנאם,0,4,4
2021-07-26T00:00:00.000Z,הממלכה המאוחדת,250,315,565
2021-07-26T00:00:00.000Z,הונגריה,42,9,51
2021-07-26T00:00:00.000Z,הונג קונג,1,0,1
2021-07-26T00:00:00.000Z,הולנד,151,57,208
2021-07-26T00:00:00.000Z,הודו,15,42,57
2021-07-26T00:00:00.000Z,דרום אפריקה,1,2,3
2021-07-26T00:00:00.000Z,דנמרק,5,8,13
2021-07-26T00:00:00.000Z,גרנדה,2,0,2
2021-07-26T00:00:00.000Z,גרמניה,368,197,565
2021-07-26T00:00:00.000Z,גיברלטר,2,4,6
2021-07-26T00:00:00.000Z,גווטאמלה,1,0,1
2021-07-26T00:00:00.000Z,גאנה,1,0,1
2021-07-26T00:00:00.000Z,גאורגיה,738,191,929
2021-07-26T00:00:00.000Z,ברזיל,1,6,7
2021-07-26T00:00:00.000Z,בנין (דהומי),0,1,1
2021-07-26T00:00:00.000Z,בלגיה,132,112,244
2021-07-26T00:00:00.000Z,בילורוסיה,5,16,21
2021-07-26T00:00:00.000Z,בוסניה הרצגובינה,3,2,5
2021-07-26T00:00:00.000Z,בוליביה,1,1,2
2021-07-26T00:00:00.000Z,בולגריה,582,146,728
2021-07-26T00:00:00.000Z,בוטסואנה,1,0,1
2021-07-26T00:00:00.000Z,אתיופיה,13,13,26
2021-07-26T00:00:00.000Z,ארצות הברית,931,1595,2526
2021-07-26T00:00:00.000Z,ארמניה,7,1,8
2021-07-26T00:00:00.000Z,אקואדור,2,1,3
2021-07-26T00:00:00.000Z,אסטוניה,3,0,3
2021-07-26T00:00:00.000Z,אנדורה,1,0,1
2021-07-26T00:00:00.000Z,אנגולה,3,0,3
2021-07-26T00:00:00.000Z,אירלנד,3,4,7
2021-07-26T00:00:00.000Z,איסלנד,198,115,313
2021-07-26T00:00:00.000Z,איי טורקס וקייקוס,2,2,4
2021-07-26T00:00:00.000Z,איטליה,572,137,709
2021-07-26T00:00:00.000Z,אזרביג'אן,1,5,6
2021-07-26T00:00:00.000Z,אורגוואי,3,0,3
2021-07-26T00:00:00.000Z,אוקראינה,598,177,775
2021-07-26T00:00:00.000Z,אוסטרליה,2,6,8
2021-07-26T00:00:00.000Z,אוסטריה,475,157,632
2021-07-26T00:00:00.000Z,אוזבקיסטן,8,6,14
2021-07-26T00:00:00.000Z,תאילנד,2,8,10
2021-07-27T00:00:00.000Z,הרפ הדומיניקנית,3,0,3
2021-07-27T00:00:00.000Z,איחוד האמירויות הערב,29,19,48
2021-07-27T00:00:00.000Z,תורכמניסטאן,25,11,36
2021-07-27T00:00:00.000Z,תורכיה,2307,1201,3508
2021-07-27T00:00:00.000Z,תוניסיה,2,0,2
2021-07-27T00:00:00.000Z,תאילנד,34,10,44
2021-07-27T00:00:00.000Z,שוויץ,165,91,256
2021-07-27T00:00:00.000Z,שוודיה,11,5,16
2021-07-27T00:00:00.000Z,רפ מרכז אפריקנית,1,0,1
2021-07-27T00:00:00.000Z,רוסיה,19,29,48
2021-07-27T00:00:00.000Z,רומניה,271,111,382
2021-07-27T00:00:00.000Z,קרואטיה,14,13,27
2021-07-27T00:00:00.000Z,קפריסין,202,112,314
2021-07-27T00:00:00.000Z,קניה,5,2,7
2021-07-27T00:00:00.000Z,קנדה,46,187,233
2021-07-27T00:00:00.000Z,קזחסטאן,0,4,4
2021-07-27T00:00:00.000Z,קוריאה הדרומית,2,4,6
2021-07-27T00:00:00.000Z,קוסטה ריקה,5,0,5
2021-07-27T00:00:00.000Z,קוסובו,0,4,4
2021-07-27T00:00:00.000Z,קולומביה,1,0,1
2021-07-27T00:00:00.000Z,צרפת,482,303,785
2021-07-27T00:00:00.000Z,צכיה,163,45,208
2021-07-27T00:00:00.000Z,צ'ילה,1,2,3
2021-07-27T00:00:00.000Z,פרו,12,5,17
2021-07-27T00:00:00.000Z,פנמה,6,1,7
2021-07-27T00:00:00.000Z,פינלנד,1,8,9
2021-07-27T00:00:00.000Z,פיליפינים,1,2,3
2021-07-27T00:00:00.000Z,פורטוגל,10,9,19
2021-07-27T00:00:00.000Z,פולין,220,52,272
2021-07-27T00:00:00.000Z,ערב הסעודית,0,1,1
2021-07-27T00:00:00.000Z,סרי לנקה (צילון),2,1,3
2021-07-27T00:00:00.000Z,סרביה,119,36,155
2021-07-27T00:00:00.000Z,ספרד,102,30,132
2021-07-27T00:00:00.000Z,סנגל,1,0,1
2021-07-27T00:00:00.000Z,סלובניה,1,0,1
2021-07-27T00:00:00.000Z,סינגפור,1,0,1
2021-07-27T00:00:00.000Z,סין,0,4,4
2021-07-27T00:00:00.000Z,סוריה,5,2,7
2021-07-27T00:00:00.000Z,ניו זילנד,0,1,1
2021-07-27T00:00:00.000Z,ניגריה,2,2,4
2021-07-27T00:00:00.000Z,מרוקו,6,2,8
2021-07-27T00:00:00.000Z,מקסיקו,1,2,3
2021-07-27T00:00:00.000Z,מצרים,496,317,813
2021-07-27T00:00:00.000Z,מלטה,2,4,6
2021-07-27T00:00:00.000Z,מלדיבים,12,4,16
2021-07-27T00:00:00.000Z,מונטנגרו,2,2,4
2021-07-27T00:00:00.000Z,מולדובה,58,23,81
2021-07-27T00:00:00.000Z,מוזמביק,1,0,1
2021-07-27T00:00:00.000Z,ליטא,4,1,5
2021-07-27T00:00:00.000Z,לטביה,68,14,82
2021-07-27T00:00:00.000Z,כלל המדינות,11611,8657,20268
2021-07-27T00:00:00.000Z,ירדן,146,122,268
2021-07-27T00:00:00.000Z,יפן,5,1,6
2021-07-27T00:00:00.000Z,יוון,1989,393,2382
2021-07-27T00:00:00.000Z,טנזניה,2,1,3
2021-07-27T00:00:00.000Z,חוף השנהב,2,0,2
2021-07-27T00:00:00.000Z,הממלכה המאוחדת,173,302,475
2021-07-27T00:00:00.000Z,הונגריה,84,35,119
2021-07-27T00:00:00.000Z,אוזבקיסטן,1,4,5
2021-07-27T00:00:00.000Z,אוסטריה,267,78,345
2021-07-27T00:00:00.000Z,אוסטרליה,2,2,4
2021-07-27T00:00:00.000Z,אוקראינה,352,165,517
2021-07-27T00:00:00.000Z,אורגוואי,5,2,7
2021-07-27T00:00:00.000Z,אזרביג'אן,11,54,65
2021-07-27T00:00:00.000Z,איטליה,392,135,527
2021-07-27T00:00:00.000Z,איי טורקס וקייקוס,1,0,1
2021-07-27T00:00:00.000Z,איי סיישל,3,2,5
2021-07-27T00:00:00.000Z,איסלנד,56,26,82
2021-07-27T00:00:00.000Z,אירלנד,5,1,6
2021-07-27T00:00:00.000Z,אלבניה,83,36,119
2021-07-27T00:00:00.000Z,אנגולה,1,0,1
2021-07-27T00:00:00.000Z,אסטוניה,8,2,10
2021-07-27T00:00:00.000Z,אקואדור,2,2,4
2021-07-27T00:00:00.000Z,ארגנטינה,3,2,5
2021-07-27T00:00:00.000Z,ארמניה,1,0,1
2021-07-27T00:00:00.000Z,ארצות הברית,760,1039,1799
2021-07-27T00:00:00.000Z,אתיופיה,17,5,22
2021-07-27T00:00:00.000Z,בוטסואנה,1,0,1
2021-07-27T00:00:00.000Z,בולגריה,441,105,546
2021-07-27T00:00:00.000Z,בוסניה הרצגובינה,32,10,42
2021-07-27T00:00:00.000Z,בילורוסיה,1,0,1
2021-07-27T00:00:00.000Z,בלגיה,3,9,12
2021-07-27T00:00:00.000Z,גאורגיה,375,127,502
2021-07-27T00:00:00.000Z,גאנה,1,1,2
2021-07-27T00:00:00.000Z,גווטאמלה,2,0,2
2021-07-27T00:00:00.000Z,גויאנה הצרפתית,1,0,1
2021-07-27T00:00:00.000Z,גינאה,1,0,1
2021-07-27T00:00:00.000Z,גמביה,3,0,3
2021-07-27T00:00:00.000Z,גרמניה,431,206,637
2021-07-27T00:00:00.000Z,דנמרק,27,10,37
2021-07-27T00:00:00.000Z,דרום אמריקה,1,1,2
2021-07-27T00:00:00.000Z,דרום אפריקה,2,1,3
2021-07-27T00:00:00.000Z,האנטילים ההולנדים,1,0,1
2021-07-27T00:00:00.000Z,הודו,1,0,1
2021-07-27T00:00:00.000Z,הולנד,222,47,269
2021-07-27T00:00:00.000Z,הונג קונג,6,27,33
2021-07-28T00:00:00.000Z,לוכסמבורג,1,1,2
2021-07-28T00:00:00.000Z,תורכמניסטאן,38,24,62
2021-07-28T00:00:00.000Z,טוגו,0,1,1
2021-07-28T00:00:00.000Z,תוניסיה,1,0,1
2021-07-28T00:00:00.000Z,תאילנד,8,0,8
2021-07-28T00:00:00.000Z,שוויץ,326,187,513
2021-07-28T00:00:00.000Z,שוודיה,6,11,17
2021-07-28T00:00:00.000Z,רוסיה,35,55,90
2021-07-28T00:00:00.000Z,רומניה,359,160,519
2021-07-28T00:00:00.000Z,רואנדה,15,4,19
2021-07-28T00:00:00.000Z,קרואטיה,20,5,25
2021-07-28T00:00:00.000Z,קפריסין,222,83,305
2021-07-28T00:00:00.000Z,קניה,11,4,15
2021-07-28T00:00:00.000Z,קנדה,11,68,79
2021-07-28T00:00:00.000Z,קמרון,0,1,1
2021-07-28T00:00:00.000Z,קזחסטאן,6,7,13
2021-07-28T00:00:00.000Z,קוריאה הדרומית,2,1,3
2021-07-28T00:00:00.000Z,קוסטה ריקה,7,0,7
2021-07-28T00:00:00.000Z,קולומביה,0,1,1
2021-07-28T00:00:00.000Z,צרפת,630,525,1155
2021-07-28T00:00:00.000Z,צכיה,92,24,116
2021-07-28T00:00:00.000Z,פרגוואי,1,1,2
2021-07-28T00:00:00.000Z,פנמה,0,1,1
2021-07-28T00:00:00.000Z,פינלנד,0,4,4
2021-07-28T00:00:00.000Z,פיליפינים,0,48,48
2021-07-28T00:00:00.000Z,פורטוגל,113,67,180
2021-07-28T00:00:00.000Z,פולינזיה הצרפתית,0,1,1
2021-07-28T00:00:00.000Z,פולין,58,37,95
2021-07-28T00:00:00.000Z,סרי לנקה (צילון),0,11,11
2021-07-28T00:00:00.000Z,סרביה,14,2,16
2021-07-28T00:00:00.000Z,ספרד,13,12,25
2021-07-28T00:00:00.000Z,סנגל,1,0,1
2021-07-28T00:00:00.000Z,סלובניה,104,31,135
2021-07-28T00:00:00.000Z,סינגפור,5,15,20
2021-07-28T00:00:00.000Z,סין,6,73,79
2021-07-28T00:00:00.000Z,סוריה,5,0,5
2021-07-28T00:00:00.000Z,ניגריה,1,1,2
2021-07-28T00:00:00.000Z,נורבגיה,3,0,3
2021-07-28T00:00:00.000Z,מרוקו,4,1,5
2021-07-28T00:00:00.000Z,מקסיקו,0,1,1
2021-07-28T00:00:00.000Z,מקדוניה,2,1,3
2021-07-28T00:00:00.000Z,מצרים,563,413,976
2021-07-28T00:00:00.000Z,מלטה,2,0,2
2021-07-28T00:00:00.000Z,מלדיבים,29,8,37
2021-07-28T00:00:00.000Z,מונקו,1,3,4
2021-07-28T00:00:00.000Z,מונטנגרו,119,54,173
2021-07-28T00:00:00.000Z,מולדובה,0,2,2
2021-07-28T00:00:00.000Z,מוזמביק,1,0,1
2021-07-28T00:00:00.000Z,ליטא,3,0,3
2021-07-28T00:00:00.000Z,לטביה,1,1,2
2021-07-28T00:00:00.000Z,תורכיה,1958,1109,3067
2021-07-28T00:00:00.000Z,כלל המדינות,11805,10392,22197
2021-07-28T00:00:00.000Z,ירדן,160,134,294
2021-07-28T00:00:00.000Z,יפן,6,9,15
2021-07-28T00:00:00.000Z,יוון,1237,279,1516
2021-07-28T00:00:00.000Z,טנזניה,118,35,153
2021-07-28T00:00:00.000Z,טיוואן,0,1,1
2021-07-28T00:00:00.000Z,זמביה,1,0,1
2021-07-28T00:00:00.000Z,זאיר,2,0,2
2021-07-28T00:00:00.000Z,ונצואלה,2,17,19
2021-07-28T00:00:00.000Z,הממלכה המאוחדת,260,365,625
2021-07-28T00:00:00.000Z,הונגריה,92,55,147
2021-07-28T00:00:00.000Z,הונג קונג,0,1,1
2021-07-28T00:00:00.000Z,הולנד,337,138,475
2021-07-28T00:00:00.000Z,הודו,3,0,3
2021-07-28T00:00:00.000Z,דרום סודאן,1,0,1
2021-07-28T00:00:00.000Z,דרום אפריקה,2,64,66
2021-07-28T00:00:00.000Z,דרום אמריקה,0,5,5
2021-07-28T00:00:00.000Z,דנמרק,11,21,32
2021-07-28T00:00:00.000Z,גרמניה,409,280,689
2021-07-28T00:00:00.000Z,גמביה,0,1,1
2021-07-28T00:00:00.000Z,גווטאמלה,2,0,2
2021-07-28T00:00:00.000Z,גאנה,3,0,3
2021-07-28T00:00:00.000Z,גאורגיה,385,204,589
2021-07-28T00:00:00.000Z,ברזיל,1,2,3
2021-07-28T00:00:00.000Z,בלגיה,40,57,97
2021-07-28T00:00:00.000Z,בילורוסיה,60,36,96
2021-07-28T00:00:00.000Z,בורקינה פאסו,1,0,1
2021-07-28T00:00:00.000Z,בוסניה הרצגובינה,1,3,4
2021-07-28T00:00:00.000Z,בולגריה,491,173,664
2021-07-28T00:00:00.000Z,אתיופיה,13,23,36
2021-07-28T00:00:00.000Z,ארצות הברית,790,1424,2214
2021-07-28T00:00:00.000Z,ארמניה,3,0,3
2021-07-28T00:00:00.000Z,ארגנטינה,1,2,3
2021-07-28T00:00:00.000Z,אקואדור,1,0,1
2021-07-28T00:00:00.000Z,אנגולה,1,1,2
2021-07-28T00:00:00.000Z,אירלנד,2,7,9
2021-07-28T00:00:00.000Z,איסלנד,43,14,57
2021-07-28T00:00:00.000Z,איי טורקס וקייקוס,3,0,3
2021-07-28T00:00:00.000Z,איי גילברט ואליס,0,1,1
2021-07-28T00:00:00.000Z,איטליה,722,289,1011
2021-07-28T00:00:00.000Z,אזרביג'אן,5,0,5
2021-07-28T00:00:00.000Z,אורגוואי,1,0,1
2021-07-28T00:00:00.000Z,אוקראינה,563,231,794
2021-07-28T00:00:00.000Z,אוסטרליה,1,18,19
2021-07-28T00:00:00.000Z,אוסטריה,352,122,474
2021-07-28T00:00:00.000Z,אוזבקיסטן,4,0,4
2021-07-28T00:00:00.000Z,אבחזיסטאן,2,2,4
2021-07-28T00:00:00.000Z,איחוד האמירויות הערב,23,23,46
2021-07-28T00:00:00.000Z,טונגה,0,1,1
2021-07-28T00:00:00.000Z,חוף השנהב,1,0,1
2021-07-29T00:00:00.000Z,כלל המדינות,14014,12182,26196
2021-07-29T00:00:00.000Z,לבנון,0,13,13
2021-07-29T00:00:00.000Z,לוב,2,0,2
2021-07-29T00:00:00.000Z,לוכסמבורג,1,0,1
2021-07-29T00:00:00.000Z,ליטא,63,29,92
2021-07-29T00:00:00.000Z,מוזמביק,2,0,2
2021-07-29T00:00:00.000Z,מולדובה,118,65,183
2021-07-29T00:00:00.000Z,מונגוליה,0,1,1
2021-07-29T00:00:00.000Z,מונטנגרו,4,0,4
2021-07-29T00:00:00.000Z,מיאנמר (בורמה),1,1,2
2021-07-29T00:00:00.000Z,מלאווי,1,0,1
2021-07-29T00:00:00.000Z,מלדיבים,24,5,29
2021-07-29T00:00:00.000Z,מצרים,626,331,957
2021-07-29T00:00:00.000Z,מקדוניה,5,0,5
2021-07-29T00:00:00.000Z,מקסיקו,0,3,3
2021-07-29T00:00:00.000Z,מרוקו,67,40,107
2021-07-29T00:00:00.000Z,נורבגיה,0,1,1
2021-07-29T00:00:00.000Z,ניגריה,10,1,11
2021-07-29T00:00:00.000Z,ניו זילנד,0,1,1
2021-07-29T00:00:00.000Z,ניקרגואה,1,0,1
2021-07-29T00:00:00.000Z,סווזילנד,1,0,1
2021-07-29T00:00:00.000Z,סין,1,3,4
2021-07-29T00:00:00.000Z,סינגפור,0,1,1
2021-07-29T00:00:00.000Z,פיליפינים,0,16,16
2021-07-29T00:00:00.000Z,גיברלטר,0,1,1
2021-07-29T00:00:00.000Z,גויאנה הצרפתית,0,1,1
2021-07-29T00:00:00.000Z,גאנה,4,1,5
2021-07-29T00:00:00.000Z,גאורגיה,646,269,915
2021-07-29T00:00:00.000Z,ברזיל,6,4,10
2021-07-29T00:00:00.000Z,בלגיה,64,82,146
2021-07-29T00:00:00.000Z,בילורוסיה,1,0,1
2021-07-29T00:00:00.000Z,בחריין,2,2,4
2021-07-29T00:00:00.000Z,בוסניה הרצגובינה,14,15,29
2021-07-29T00:00:00.000Z,בולגריה,707,158,865
2021-07-29T00:00:00.000Z,אתיופיה,34,10,44
2021-07-29T00:00:00.000Z,ארצות הברית,1027,1479,2506
2021-07-29T00:00:00.000Z,ארמניה,51,16,67
2021-07-29T00:00:00.000Z,ארגנטינה,1,11,12
2021-07-29T00:00:00.000Z,אקואדור,2,0,2
2021-07-29T00:00:00.000Z,אפגניסטן,0,1,1
2021-07-29T00:00:00.000Z,אסטוניה,1,0,1
2021-07-29T00:00:00.000Z,אנגולה,1,0,1
2021-07-29T00:00:00.000Z,אלבניה,53,14,67
2021-07-29T00:00:00.000Z,אירלנד,3,3,6
2021-07-29T00:00:00.000Z,איסלנד,75,75,150
2021-07-29T00:00:00.000Z,איי סיישל,4,0,4
2021-07-29T00:00:00.000Z,איי טורקס וקייקוס,12,4,16
2021-07-29T00:00:00.000Z,איטליה,386,233,619
2021-07-29T00:00:00.000Z,אזרביג'אן,53,9,62
2021-07-29T00:00:00.000Z,אורגוואי,1,0,1
2021-07-29T00:00:00.000Z,אוקראינה,456,422,878
2021-07-29T00:00:00.000Z,אוסטרליה,0,10,10
2021-07-29T00:00:00.000Z,אוסטריה,161,86,247
2021-07-29T00:00:00.000Z,אוזבקיסטן,3,1,4
2021-07-29T00:00:00.000Z,אוגנדה,1,0,1
2021-07-29T00:00:00.000Z,גינאה,1,0,1
2021-07-29T00:00:00.000Z,גמייקה,0,4,4
2021-07-29T00:00:00.000Z,גרמניה,373,241,614
2021-07-29T00:00:00.000Z,סלובקיה,0,2,2
2021-07-29T00:00:00.000Z,סנגל,1,0,1
2021-07-29T00:00:00.000Z,ספרד,112,83,195
2021-07-29T00:00:00.000Z,סרביה,91,39,130
2021-07-29T00:00:00.000Z,סרי לנקה (צילון),0,1,1
2021-07-29T00:00:00.000Z,ערב הסעודית,0,2,2
2021-07-29T00:00:00.000Z,פולין,125,72,197
2021-07-29T00:00:00.000Z,פולינזיה הצרפתית,2,0,2
2021-07-29T00:00:00.000Z,פורטוגל,22,10,32
2021-07-29T00:00:00.000Z,דנמרק,19,20,39
2021-07-29T00:00:00.000Z,פינלנד,2,2,4
2021-07-29T00:00:00.000Z,פנמה,8,19,27
2021-07-29T00:00:00.000Z,פרו,4,1,5
2021-07-29T00:00:00.000Z,צאד,1,0,1
2021-07-29T00:00:00.000Z,צ'ילה,1,3,4
2021-07-29T00:00:00.000Z,צכיה,104,43,147
2021-07-29T00:00:00.000Z,צרפת,618,552,1170
2021-07-29T00:00:00.000Z,קולומביה,6,4,10
2021-07-29T00:00:00.000Z,קונגו,2,0,2
2021-07-29T00:00:00.000Z,קוסובו,5,0,5
2021-07-29T00:00:00.000Z,קוסטה ריקה,6,1,7
2021-07-29T00:00:00.000Z,קוריאה הדרומית,1,0,1
2021-07-29T00:00:00.000Z,קטר,4,1,5
2021-07-29T00:00:00.000Z,קירג'זסטאן,3,0,3
2021-07-29T00:00:00.000Z,קמרון,0,1,1
2021-07-29T00:00:00.000Z,קנדה,3,9,12
2021-07-29T00:00:00.000Z,קניה,15,5,20
2021-07-29T00:00:00.000Z,קפריסין,394,217,611
2021-07-29T00:00:00.000Z,קרואטיה,5,5,10
2021-07-29T00:00:00.000Z,רומניה,245,102,347
2021-07-29T00:00:00.000Z,רוסיה,66,144,210
2021-07-29T00:00:00.000Z,שוודיה,6,5,11
2021-07-29T00:00:00.000Z,שוויץ,229,162,391
2021-07-29T00:00:00.000Z,תאילנד,71,63,134
2021-07-29T00:00:00.000Z,תורכיה,1947,1045,2992
2021-07-29T00:00:00.000Z,תורכמניסטאן,13,7,20
2021-07-29T00:00:00.000Z,דרום אמריקה,3,1,4
2021-07-29T00:00:00.000Z,דרום אפריקה,0,6,6
2021-07-29T00:00:00.000Z,דרום סודאן,1,0,1
2021-07-29T00:00:00.000Z,האנטילים ההולנדים,0,1,1
2021-07-29T00:00:00.000Z,הולנד,118,46,164
2021-07-29T00:00:00.000Z,הונגריה,143,101,244
2021-07-29T00:00:00.000Z,הממלכה המאוחדת,474,1024,1498
2021-07-29T00:00:00.000Z,הרפ הדומיניקנית,4,1,5
2021-07-29T00:00:00.000Z,זימבאבווה,0,1,1
2021-07-29T00:00:00.000Z,זמביה,0,1,1
2021-07-29T00:00:00.000Z,איחוד האמירויות הערב,77,36,113
2021-07-29T00:00:00.000Z,חוף השנהב,4,1,5
2021-07-29T00:00:00.000Z,טונגה,1,0,1
2021-07-29T00:00:00.000Z,טנזניה,22,2,24
2021-07-29T00:00:00.000Z,יוון,2578,704,3282
2021-07-29T00:00:00.000Z,יפן,6,2,8
2021-07-29T00:00:00.000Z,ירדן,395,247,642
2021-07-30T00:00:00.000Z,ניגריה,3,2,5
2021-07-30T00:00:00.000Z,סלובניה,6,3,9
2021-07-30T00:00:00.000Z,מקדוניה,1,0,1
2021-07-30T00:00:00.000Z,מצרים,620,361,981
2021-07-30T00:00:00.000Z,מלדיבים,55,44,99
2021-07-30T00:00:00.000Z,מונקו,1,1,2
2021-07-30T00:00:00.000Z,מונטנגרו,180,89,269
2021-07-30T00:00:00.000Z,מאלי,3,0,3
2021-07-30T00:00:00.000Z,לטביה,6,0,6
2021-07-30T00:00:00.000Z,כלל המדינות,11336,8636,19972
2021-07-30T00:00:00.000Z,ירדן,6,37,43
2021-07-30T00:00:00.000Z,יפן,5,6,11
2021-07-30T00:00:00.000Z,יוון,1931,527,2458
2021-07-30T00:00:00.000Z,טנזניה,2,1,3
2021-07-30T00:00:00.000Z,חוף השנהב,1,0,1
2021-07-30T00:00:00.000Z,זאיר,1,0,1
2021-07-30T00:00:00.000Z,הרפ הדומיניקנית,0,1,1
2021-07-30T00:00:00.000Z,הממלכה המאוחדת,190,287,477
2021-07-30T00:00:00.000Z,הונגריה,83,42,125
2021-07-30T00:00:00.000Z,הונג קונג,1,7,8
2021-07-30T00:00:00.000Z,הולנד,212,89,301
2021-07-30T00:00:00.000Z,דנמרק,24,11,35
2021-07-30T00:00:00.000Z,דומיניקה,1,0,1
2021-07-30T00:00:00.000Z,גרמניה,435,289,724
2021-07-30T00:00:00.000Z,גמייקה,1,0,1
2021-07-30T00:00:00.000Z,גמביה,0,1,1
2021-07-30T00:00:00.000Z,גינאה המשוונית,1,0,1
2021-07-30T00:00:00.000Z,גיברלטר,1,2,3
2021-07-30T00:00:00.000Z,גווטאמלה,5,1,6
2021-07-30T00:00:00.000Z,גאנה,3,2,5
2021-07-30T00:00:00.000Z,גאורגיה,424,138,562
2021-07-30T00:00:00.000Z,בליז,1,0,1
2021-07-30T00:00:00.000Z,בלגיה,71,74,145
2021-07-30T00:00:00.000Z,בוסניה הרצגובינה,3,1,4
2021-07-30T00:00:00.000Z,בולגריה,413,155,568
2021-07-30T00:00:00.000Z,בהמס,2,0,2
2021-07-30T00:00:00.000Z,אתיופיה,3,0,3
2021-07-30T00:00:00.000Z,ארצות הברית,1059,1176,2235
2021-07-30T00:00:00.000Z,ארמניה,2,3,5
2021-07-30T00:00:00.000Z,ארגנטינה,0,3,3
2021-07-30T00:00:00.000Z,אסטוניה,4,4,8
2021-07-30T00:00:00.000Z,אנדורה,1,0,1
2021-07-30T00:00:00.000Z,אנגולה,2,1,3
2021-07-30T00:00:00.000Z,אירלנד,13,3,16
2021-07-30T00:00:00.000Z,איסלנד,11,14,25
2021-07-30T00:00:00.000Z,איי טורקס וקייקוס,2,2,4
2021-07-30T00:00:00.000Z,איי גילברט ואליס,2,0,2
2021-07-30T00:00:00.000Z,איטליה,576,218,794
2021-07-30T00:00:00.000Z,אזרביג'אן,11,3,14
2021-07-30T00:00:00.000Z,אורגוואי,2,1,3
2021-07-30T00:00:00.000Z,אוקראינה,406,213,619
2021-07-30T00:00:00.000Z,אוסטרליה,6,7,13
2021-07-30T00:00:00.000Z,אוסטריה,521,224,745
2021-07-30T00:00:00.000Z,ספרד,61,42,103
2021-07-30T00:00:00.000Z,סרביה,77,24,101
2021-07-30T00:00:00.000Z,פולין,58,24,82
2021-07-30T00:00:00.000Z,פורטוגל,13,6,19
2021-07-30T00:00:00.000Z,פיליפינים,1,3,4
2021-07-30T00:00:00.000Z,פינלנד,42,39,81
2021-07-30T00:00:00.000Z,פנמה,7,0,7
2021-07-30T00:00:00.000Z,פרו,1,0,1
2021-07-30T00:00:00.000Z,צכיה,242,80,322
2021-07-30T00:00:00.000Z,צרפת,341,269,610
2021-07-30T00:00:00.000Z,קולומביה,1,0,1
2021-07-30T00:00:00.000Z,קוסטה ריקה,6,3,9
2021-07-30T00:00:00.000Z,קוריאה הדרומית,6,8,14
2021-07-30T00:00:00.000Z,קזחסטאן,10,1,11
2021-07-30T00:00:00.000Z,קירג'זסטאן,2,0,2
2021-07-30T00:00:00.000Z,קנדה,37,101,138
2021-07-30T00:00:00.000Z,קניה,0,1,1
2021-07-30T00:00:00.000Z,קפריסין,246,138,384
2021-07-30T00:00:00.000Z,קרואטיה,16,12,28
2021-07-30T00:00:00.000Z,רומניה,386,134,520
2021-07-30T00:00:00.000Z,רוסיה,42,29,71
2021-07-30T00:00:00.000Z,שוודיה,7,7,14
2021-07-30T00:00:00.000Z,שוויץ,377,242,619
2021-07-30T00:00:00.000Z,תאילנד,0,1,1
2021-07-30T00:00:00.000Z,תוניסיה,1,0,1
2021-07-30T00:00:00.000Z,תורכיה,1316,727,2043
2021-07-30T00:00:00.000Z,תורכמניסטאן,19,12,31
2021-07-30T00:00:00.000Z,איחוד האמירויות הערב,11,2,13
2021-07-30T00:00:00.000Z,סינגפור,1,0,1
2021-07-30T00:00:00.000Z,סין,12,229,241
2021-07-30T00:00:00.000Z,נפאל,0,3,3
2021-07-30T00:00:00.000Z,נורבגיה,1,3,4
2021-07-30T00:00:00.000Z,מרוקו,7,1,8
2021-07-30T00:00:00.000Z,מקסיקו,1,0,1
2021-07-31T00:00:00.000Z,אקואדור,0,1,1
2021-07-31T00:00:00.000Z,נמיביה,2,3,5
2021-07-31T00:00:00.000Z,ניגריה,8,3,11
2021-07-31T00:00:00.000Z,ניגר,0,1,1
2021-07-31T00:00:00.000Z,סין,0,4,4
2021-07-31T00:00:00.000Z,מקסיקו,2,5,7
2021-07-31T00:00:00.000Z,מצרים,903,513,1416
2021-07-31T00:00:00.000Z,מלטה,1,5,6
2021-07-31T00:00:00.000Z,מלדיבים,68,14,82
2021-07-31T00:00:00.000Z,מונקו,2,0,2
2021-07-31T00:00:00.000Z,מונטנגרו,124,50,174
2021-07-31T00:00:00.000Z,מולדובה,41,27,68
2021-07-31T00:00:00.000Z,מוזמביק,1,0,1
2021-07-31T00:00:00.000Z,מאלי,4,1,5
2021-07-31T00:00:00.000Z,ליטא,13,3,16
2021-07-31T00:00:00.000Z,לטביה,45,43,88
2021-07-31T00:00:00.000Z,כלל המדינות,8014,6701,14715
2021-07-31T00:00:00.000Z,ירדן,4,21,25
2021-07-31T00:00:00.000Z,יפן,4,1,5
2021-07-31T00:00:00.000Z,יוון,1340,402,1742
2021-07-31T00:00:00.000Z,טנזניה,30,6,36
2021-07-31T00:00:00.000Z,טוגו,0,1,1
2021-07-31T00:00:00.000Z,חוף השנהב,3,1,4
2021-07-31T00:00:00.000Z,ויטנאם,1,0,1
2021-07-31T00:00:00.000Z,הרפ הדומיניקנית,6,0,6
2021-07-31T00:00:00.000Z,הממלכה המאוחדת,45,64,109
2021-07-31T00:00:00.000Z,הונגריה,77,46,123
2021-07-31T00:00:00.000Z,הולנד,158,46,204
2021-07-31T00:00:00.000Z,דרום אפריקה,1,2,3
2021-07-31T00:00:00.000Z,דנמרק,13,13,26
2021-07-31T00:00:00.000Z,גרנדה,0,1,1
2021-07-31T00:00:00.000Z,גרמניה,255,158,413
2021-07-31T00:00:00.000Z,גינאה המשוונית,0,1,1
2021-07-31T00:00:00.000Z,גינאה,1,0,1
2021-07-31T00:00:00.000Z,גווטאמלה,0,1,1
2021-07-31T00:00:00.000Z,גבון,1,1,2
2021-07-31T00:00:00.000Z,גאנה,2,1,3
2021-07-31T00:00:00.000Z,גאורגיה,61,17,78
2021-07-31T00:00:00.000Z,ברזיל,0,3,3
2021-07-31T00:00:00.000Z,בלגיה,10,6,16
2021-07-31T00:00:00.000Z,בחריין,1,0,1
2021-07-31T00:00:00.000Z,בורקינה פאסו,2,0,2
2021-07-31T00:00:00.000Z,בוסניה הרצגובינה,7,0,7
2021-07-31T00:00:00.000Z,בולגריה,125,32,157
2021-07-31T00:00:00.000Z,בוטסואנה,3,0,3
2021-07-31T00:00:00.000Z,אתיופיה,10,14,24
2021-07-31T00:00:00.000Z,ארצות הברית,551,930,1481
2021-07-31T00:00:00.000Z,ארמניה,5,2,7
2021-07-31T00:00:00.000Z,ניו זילנד,1,0,1
2021-07-31T00:00:00.000Z,אלבניה,1,0,1
2021-07-31T00:00:00.000Z,אירלנד,3,6,9
2021-07-31T00:00:00.000Z,איסלנד,39,33,72
2021-07-31T00:00:00.000Z,איי סיישל,2,0,2
2021-07-31T00:00:00.000Z,איי טורקס וקייקוס,1,0,1
2021-07-31T00:00:00.000Z,איטליה,311,177,488
2021-07-31T00:00:00.000Z,אזרביג'אן,0,1,1
2021-07-31T00:00:00.000Z,אוקראינה,329,130,459
2021-07-31T00:00:00.000Z,אוסטרליה,1,6,7
2021-07-31T00:00:00.000Z,אוסטריה,209,75,284
2021-07-31T00:00:00.000Z,אוזבקיסטן,2,0,2
2021-07-31T00:00:00.000Z,אבחזיסטאן,1,1,2
2021-07-31T00:00:00.000Z,סינגפור,0,6,6
2021-07-31T00:00:00.000Z,סלובניה,4,4,8
2021-07-31T00:00:00.000Z,סלובקיה,1,0,1
2021-07-31T00:00:00.000Z,ספרד,10,5,15
2021-07-31T00:00:00.000Z,סרביה,48,17,65
2021-07-31T00:00:00.000Z,איחוד האמירויות הערב,39,19,58
2021-07-31T00:00:00.000Z,סרי לנקה (צילון),1,0,1
2021-07-31T00:00:00.000Z,פולין,106,60,166
2021-07-31T00:00:00.000Z,פורטוגל,12,10,22
2021-07-31T00:00:00.000Z,פיליפינים,2,23,25
2021-07-31T00:00:00.000Z,פינלנד,13,16,29
2021-07-31T00:00:00.000Z,פנמה,0,1,1
2021-07-31T00:00:00.000Z,פרו,1,1,2
2021-07-31T00:00:00.000Z,צ'ילה,4,0,4
2021-07-31T00:00:00.000Z,צכיה,6,1,7
2021-07-31T00:00:00.000Z,צרפת,265,291,556
2021-07-31T00:00:00.000Z,קולומביה,0,2,2
2021-07-31T00:00:00.000Z,קוריאה הדרומית,1,2,3
2021-07-31T00:00:00.000Z,קזחסטאן,3,4,7
2021-07-31T00:00:00.000Z,קטר,1,3,4
2021-07-31T00:00:00.000Z,קירג'זסטאן,3,1,4
2021-07-31T00:00:00.000Z,קמבודיה,0,1,1
2021-07-31T00:00:00.000Z,קנדה,12,64,76
2021-07-31T00:00:00.000Z,קניה,11,4,15
2021-07-31T00:00:00.000Z,קפריסין,119,34,153
2021-07-31T00:00:00.000Z,קרואטיה,13,6,19
2021-07-31T00:00:00.000Z,רואנדה,2,0,2
2021-07-31T00:00:00.000Z,רומניה,380,148,528
2021-07-31T00:00:00.000Z,רוסיה,1,2,3
2021-07-31T00:00:00.000Z,שוודיה,10,7,17
2021-07-31T00:00:00.000Z,שוויץ,96,34,130
2021-07-31T00:00:00.000Z,תאילנד,4,1,5
2021-07-31T00:00:00.000Z,תורכיה,1666,970,2636
2021-07-31T00:00:00.000Z,תורכמניסטאן,9,5,14
2021-07-31T00:00:00.000Z,מרוקו,6,3,9
2021-08-01T00:00:00.000Z,מרוקו,2,2,4
2021-08-01T00:00:00.000Z,מקאו,0,1,1
2021-08-01T00:00:00.000Z,מצרים,763,371,1134
2021-08-01T00:00:00.000Z,מלטה,1,0,1
2021-08-01T00:00:00.000Z,מלזיה,0,2,2
2021-08-01T00:00:00.000Z,מלדיבים,14,5,19
2021-08-01T00:00:00.000Z,מונטנגרו,11,2,13
2021-08-01T00:00:00.000Z,מולדובה,68,51,119
2021-08-01T00:00:00.000Z,ליטא,59,61,120
2021-08-01T00:00:00.000Z,לטביה,1,1,2
2021-08-01T00:00:00.000Z,לוכסמבורג,0,4,4
2021-08-01T00:00:00.000Z,כלל המדינות,11773,10781,22554
2021-08-01T00:00:00.000Z,תימן,1,0,1
2021-08-01T00:00:00.000Z,תורכמניסטאן,6,7,13
2021-08-01T00:00:00.000Z,אוזבקיסטן,2,2,4
2021-08-01T00:00:00.000Z,אוסטריה,185,121,306
2021-08-01T00:00:00.000Z,אוסטרליה,0,7,7
2021-08-01T00:00:00.000Z,אוקראינה,476,261,737
2021-08-01T00:00:00.000Z,אורגוואי,0,3,3
2021-08-01T00:00:00.000Z,אזרביג'אן,73,27,100
2021-08-01T00:00:00.000Z,איטליה,460,241,701
2021-08-01T00:00:00.000Z,איי גילברט ואליס,1,1,2
2021-08-01T00:00:00.000Z,איסלנד,43,25,68
2021-08-01T00:00:00.000Z,אירלנד,6,8,14
2021-08-01T00:00:00.000Z,אלבניה,46,34,80
2021-08-01T00:00:00.000Z,אנדורה,1,0,1
2021-08-01T00:00:00.000Z,תורכיה,1634,1032,2666
2021-08-01T00:00:00.000Z,תוניסיה,4,0,4
2021-08-01T00:00:00.000Z,איחוד האמירויות הערב,28,16,44
2021-08-01T00:00:00.000Z,תאילנד,62,34,96
2021-08-01T00:00:00.000Z,שוויץ,346,286,632
2021-08-01T00:00:00.000Z,ירדן,624,349,973
2021-08-01T00:00:00.000Z,יפן,4,9,13
2021-08-01T00:00:00.000Z,יוון,2219,723,2942
2021-08-01T00:00:00.000Z,טנזניה,3,0,3
2021-08-01T00:00:00.000Z,חוף השנהב,1,0,1
2021-08-01T00:00:00.000Z,ונצואלה,2,0,2
2021-08-01T00:00:00.000Z,הממלכה המאוחדת,164,198,362
2021-08-01T00:00:00.000Z,הונגריה,89,63,152
2021-08-01T00:00:00.000Z,אסטוניה,3,22,25
2021-08-01T00:00:00.000Z,ארגנטינה,0,8,8
2021-08-01T00:00:00.000Z,ארמניה,4,3,7
2021-08-01T00:00:00.000Z,ארצות הברית,576,942,1518
2021-08-01T00:00:00.000Z,בולגריה,616,208,824
2021-08-01T00:00:00.000Z,בוליביה,2,0,2
2021-08-01T00:00:00.000Z,בוסניה הרצגובינה,4,1,5
2021-08-01T00:00:00.000Z,בילורוסיה,71,48,119
2021-08-01T00:00:00.000Z,בלגיה,40,73,113
2021-08-01T00:00:00.000Z,ברזיל,0,1,1
2021-08-01T00:00:00.000Z,גאורגיה,257,132,389
2021-08-01T00:00:00.000Z,גאנה,1,1,2
2021-08-01T00:00:00.000Z,גמייקה,1,0,1
2021-08-01T00:00:00.000Z,גרמניה,334,303,637
2021-08-01T00:00:00.000Z,דנמרק,18,17,35
2021-08-01T00:00:00.000Z,דרום אפריקה,1,2,3
2021-08-01T00:00:00.000Z,הודו,2,0,2
2021-08-01T00:00:00.000Z,הולנד,198,137,335
2021-08-01T00:00:00.000Z,שוודיה,12,6,18
2021-08-01T00:00:00.000Z,רוסיה,26,80,106
2021-08-01T00:00:00.000Z,רומניה,246,72,318
2021-08-01T00:00:00.000Z,קרואטיה,6,5,11
2021-08-01T00:00:00.000Z,קפריסין,207,162,369
2021-08-01T00:00:00.000Z,קנדה,15,67,82
2021-08-01T00:00:00.000Z,קירג'זסטאן,0,1,1
2021-08-01T00:00:00.000Z,קזחסטאן,15,10,25
2021-08-01T00:00:00.000Z,קוריאה הדרומית,4,5,9
2021-08-01T00:00:00.000Z,קוסטה ריקה,3,5,8
2021-08-01T00:00:00.000Z,קוסובו,0,1,1
2021-08-01T00:00:00.000Z,קולומביה,2,1,3
2021-08-01T00:00:00.000Z,צרפת,692,791,1483
2021-08-01T00:00:00.000Z,צכיה,118,63,181
2021-08-01T00:00:00.000Z,צ'ילה,0,4,4
2021-08-01T00:00:00.000Z,פנמה,1,0,1
2021-08-01T00:00:00.000Z,פינלנד,4,1,5
2021-08-01T00:00:00.000Z,פיליפינים,2,7,9
2021-08-01T00:00:00.000Z,פורטוגל,19,5,24
2021-08-01T00:00:00.000Z,פולין,41,26,67
2021-08-01T00:00:00.000Z,סרביה,4,5,9
2021-08-01T00:00:00.000Z,ספרד,19,37,56
2021-08-01T00:00:00.000Z,סינגפור,0,11,11
2021-08-01T00:00:00.000Z,נפאל,0,1,1
2021-08-01T00:00:00.000Z,ניקרגואה,1,0,1
2021-08-01T00:00:00.000Z,ניו זילנד,1,2,3
2021-08-01T00:00:00.000Z,ניגריה,4,2,6
2021-08-01T00:00:00.000Z,נורבגיה,1,3,4
2021-08-02T00:00:00.000Z,הולנד,190,113,303
2021-08-02T00:00:00.000Z,סאו טומה ופרינציפה,2,0,2
2021-08-02T00:00:00.000Z,תימן,2,1,3
2021-08-02T00:00:00.000Z,תורכיה,1269,704,1973
2021-08-02T00:00:00.000Z,תוניסיה,0,1,1
2021-08-02T00:00:00.000Z,שוויץ,365,293,658
2021-08-02T00:00:00.000Z,שוודיה,5,1,6
2021-08-02T00:00:00.000Z,רוסיה,44,103,147
2021-08-02T00:00:00.000Z,רומניה,415,183,598
2021-08-02T00:00:00.000Z,רואנדה,1,0,1
2021-08-02T00:00:00.000Z,קרואטיה,2,6,8
2021-08-02T00:00:00.000Z,קפריסין,64,41,105
2021-08-02T00:00:00.000Z,קניה,7,4,11
2021-08-02T00:00:00.000Z,קנדה,36,237,273
2021-08-02T00:00:00.000Z,תורכמניסטאן,14,1,15
2021-08-02T00:00:00.000Z,אבחזיסטאן,1,0,1
2021-08-02T00:00:00.000Z,אוזבקיסטן,1,2,3
2021-08-02T00:00:00.000Z,אוסטריה,458,298,756
2021-08-02T00:00:00.000Z,אוסטרליה,4,9,13
2021-08-02T00:00:00.000Z,אוקראינה,522,234,756
2021-08-02T00:00:00.000Z,אורגוואי,3,2,5
2021-08-02T00:00:00.000Z,אזרביג'אן,14,5,19
2021-08-02T00:00:00.000Z,איטליה,616,298,914
2021-08-02T00:00:00.000Z,איי טורקס וקייקוס,5,1,6
2021-08-02T00:00:00.000Z,איסלנד,34,40,74
2021-08-02T00:00:00.000Z,אירלנד,9,1,10
2021-08-02T00:00:00.000Z,אלבניה,0,1,1
2021-08-02T00:00:00.000Z,אנגולה,0,1,1
2021-08-02T00:00:00.000Z,אסטוניה,0,1,1
2021-08-02T00:00:00.000Z,ארמניה,7,0,7
2021-08-02T00:00:00.000Z,ארצות הברית,956,2131,3087
2021-08-02T00:00:00.000Z,אתיופיה,12,10,22
2021-08-02T00:00:00.000Z,בולגריה,551,219,770
2021-08-02T00:00:00.000Z,בוסניה הרצגובינה,14,2,16
2021-08-02T00:00:00.000Z,בחריין,0,1,1
2021-08-02T00:00:00.000Z,בלגיה,106,166,272
2021-08-02T00:00:00.000Z,ברזיל,2,20,22
2021-08-02T00:00:00.000Z,גאורגיה,240,71,311
2021-08-02T00:00:00.000Z,גאנה,1,0,1
2021-08-02T00:00:00.000Z,גרמניה,450,327,777
2021-08-02T00:00:00.000Z,גרנדה,2,5,7
2021-08-02T00:00:00.000Z,דנמרק,1,11,12
2021-08-02T00:00:00.000Z,דרום אמריקה,1,0,1
2021-08-02T00:00:00.000Z,דרום אפריקה,3,3,6
2021-08-02T00:00:00.000Z,האנטילים ההולנדים,1,0,1
2021-08-02T00:00:00.000Z,הודו,9,60,69
2021-08-02T00:00:00.000Z,איחוד האמירויות הערב,31,14,45
2021-08-02T00:00:00.000Z,הונג קונג,0,1,1
2021-08-02T00:00:00.000Z,הונגריה,91,29,120
2021-08-02T00:00:00.000Z,הממלכה המאוחדת,157,169,326
2021-08-02T00:00:00.000Z,חוף השנהב,1,0,1
2021-08-02T00:00:00.000Z,טיוואן,0,1,1
2021-08-02T00:00:00.000Z,טנזניה,1,2,3
2021-08-02T00:00:00.000Z,יוון,1608,535,2143
2021-08-02T00:00:00.000Z,יפן,28,17,45
2021-08-02T00:00:00.000Z,ירדן,206,173,379
2021-08-02T00:00:00.000Z,כלל המדינות,11186,11768,22954
2021-08-02T00:00:00.000Z,לבנון,0,1,1
2021-08-02T00:00:00.000Z,לטביה,0,1,1
2021-08-02T00:00:00.000Z,ליטא,3,0,3
2021-08-02T00:00:00.000Z,מונטנגרו,90,46,136
2021-08-02T00:00:00.000Z,מלדיבים,20,7,27
2021-08-02T00:00:00.000Z,מלטה,3,0,3
2021-08-02T00:00:00.000Z,מצרים,537,275,812
2021-08-02T00:00:00.000Z,מקסיקו,0,20,20
2021-08-02T00:00:00.000Z,מרוקו,13,24,37
2021-08-02T00:00:00.000Z,ניגריה,6,1,7
2021-08-02T00:00:00.000Z,סוריה,5,5,10
2021-08-02T00:00:00.000Z,סיירה ליאונה,0,1,1
2021-08-02T00:00:00.000Z,סין,2,5,7
2021-08-02T00:00:00.000Z,סינגפור,1,3,4
2021-08-02T00:00:00.000Z,סלובניה,1,2,3
2021-08-02T00:00:00.000Z,ספרד,71,54,125
2021-08-02T00:00:00.000Z,סרביה,66,32,98
2021-08-02T00:00:00.000Z,סרי לנקה (צילון),3,4,7
2021-08-02T00:00:00.000Z,עומן,0,1,1
2021-08-02T00:00:00.000Z,עירק,0,4,4
2021-08-02T00:00:00.000Z,פאפואה,0,1,1
2021-08-02T00:00:00.000Z,פולין,332,75,407
2021-08-02T00:00:00.000Z,פורטוגל,87,68,155
2021-08-02T00:00:00.000Z,פיליפינים,1,2,3
2021-08-02T00:00:00.000Z,פינלנד,1,2,3
2021-08-02T00:00:00.000Z,פנמה,3,1,4
2021-08-02T00:00:00.000Z,פרו,4,0,4
2021-08-02T00:00:00.000Z,צ'ילה,0,2,2
2021-08-02T00:00:00.000Z,צכיה,144,86,230
2021-08-02T00:00:00.000Z,צרפת,444,666,1110
2021-08-02T00:00:00.000Z,קובה,0,1,1
2021-08-02T00:00:00.000Z,קונגו,0,1,1
2021-08-02T00:00:00.000Z,קוסובו,0,1,1
2021-08-02T00:00:00.000Z,קוסטה ריקה,7,3,10
2021-08-02T00:00:00.000Z,קזחסטאן,7,6,13
2021-08-02T00:00:00.000Z,קירג'זסטאן,2,0,2
2021-08-03T00:00:00.000Z,צכיה,57,23,80
2021-08-03T00:00:00.000Z,צרפת,582,726,1308
2021-08-03T00:00:00.000Z,קובה,0,1,1
2021-08-03T00:00:00.000Z,קולומביה,2,0,2
2021-08-03T00:00:00.000Z,קונגו,0,1,1
2021-08-03T00:00:00.000Z,קוסובו,0,1,1
2021-08-03T00:00:00.000Z,קוסטה ריקה,4,3,7
2021-08-03T00:00:00.000Z,קזחסטאן,0,2,2
2021-08-03T00:00:00.000Z,קטר,0,1,1
2021-08-03T00:00:00.000Z,קנדה,25,103,128
2021-08-03T00:00:00.000Z,קניה,5,2,7
2021-08-03T00:00:00.000Z,קפריסין,81,38,119
2021-08-03T00:00:00.000Z,קרואטיה,8,6,14
2021-08-03T00:00:00.000Z,רומניה,177,83,260
2021-08-03T00:00:00.000Z,רוסיה,24,43,67
2021-08-03T00:00:00.000Z,איחוד האמירויות הערב,17,21,38
2021-08-03T00:00:00.000Z,שוויץ,308,228,536
2021-08-03T00:00:00.000Z,תאילנד,4,1,5
2021-08-03T00:00:00.000Z,תורכיה,895,508,1403
2021-08-03T00:00:00.000Z,תורכמניסטאן,11,1,12
2021-08-03T00:00:00.000Z,שוודיה,21,17,38
2021-08-03T00:00:00.000Z,אוזבקיסטן,2,0,2
2021-08-03T00:00:00.000Z,אוסטריה,242,164,406
2021-08-03T00:00:00.000Z,אוסטרליה,0,3,3
2021-08-03T00:00:00.000Z,אוקראינה,287,204,491
2021-08-03T00:00:00.000Z,אורגוואי,5,9,14
2021-08-03T00:00:00.000Z,אזרביג'אן,5,0,5
2021-08-03T00:00:00.000Z,איטליה,321,213,534
2021-08-03T00:00:00.000Z,איסלנד,123,236,359
2021-08-03T00:00:00.000Z,אירלנד,6,6,12
2021-08-03T00:00:00.000Z,אלבניה,50,33,83
2021-08-03T00:00:00.000Z,אנגולה,1,0,1
2021-08-03T00:00:00.000Z,אנטיגואה וברבודה,1,0,1
2021-08-03T00:00:00.000Z,אסטוניה,7,6,13
2021-08-03T00:00:00.000Z,אקואדור,2,7,9
2021-08-03T00:00:00.000Z,ארגנטינה,1,1,2
2021-08-03T00:00:00.000Z,ארמניה,4,4,8
2021-08-03T00:00:00.000Z,ארצות הברית,870,1494,2364
2021-08-03T00:00:00.000Z,אתיופיה,11,10,21
2021-08-03T00:00:00.000Z,בהמס,1,0,1
2021-08-03T00:00:00.000Z,בולגריה,369,156,525
2021-08-03T00:00:00.000Z,בוליביה,3,3,6
2021-08-03T00:00:00.000Z,בוסניה הרצגובינה,10,17,27
2021-08-03T00:00:00.000Z,בורקינה פאסו,1,0,1
2021-08-03T00:00:00.000Z,בלגיה,15,9,24
2021-08-03T00:00:00.000Z,ברזיל,0,6,6
2021-08-03T00:00:00.000Z,גאורגיה,138,74,212
2021-08-03T00:00:00.000Z,גאנה,1,0,1
2021-08-03T00:00:00.000Z,גווטאמלה,2,0,2
2021-08-03T00:00:00.000Z,גיברלטר,2,2,4
2021-08-03T00:00:00.000Z,גינאה,0,1,1
2021-08-03T00:00:00.000Z,גרמניה,418,303,721
2021-08-03T00:00:00.000Z,דנמרק,16,38,54
2021-08-03T00:00:00.000Z,דרום אפריקה,1,6,7
2021-08-03T00:00:00.000Z,הולנד,203,75,278
2021-08-03T00:00:00.000Z,הונג קונג,5,15,20
2021-08-03T00:00:00.000Z,הונגריה,148,61,209
2021-08-03T00:00:00.000Z,הממלכה המאוחדת,170,178,348
2021-08-03T00:00:00.000Z,הרפ הדומיניקנית,6,1,7
2021-08-03T00:00:00.000Z,זאיר,0,2,2
2021-08-03T00:00:00.000Z,חוף השנהב,2,1,3
2021-08-03T00:00:00.000Z,טנזניה,16,5,21
2021-08-03T00:00:00.000Z,יוון,1012,418,1430
2021-08-03T00:00:00.000Z,יפן,9,12,21
2021-08-03T00:00:00.000Z,ירדן,124,98,222
2021-08-03T00:00:00.000Z,כלל המדינות,8174,9307,17481
2021-08-03T00:00:00.000Z,לבנון,1,1,2
2021-08-03T00:00:00.000Z,לטביה,44,24,68
2021-08-03T00:00:00.000Z,ליטא,10,2,12
2021-08-03T00:00:00.000Z,לסוטו,0,1,1
2021-08-03T00:00:00.000Z,מאלי,3,0,3
2021-08-03T00:00:00.000Z,מוזמביק,2,0,2
2021-08-03T00:00:00.000Z,מולדובה,47,37,84
2021-08-03T00:00:00.000Z,מונטנגרו,1,1,2
2021-08-03T00:00:00.000Z,מונקו,1,0,1
2021-08-03T00:00:00.000Z,מלדיבים,10,2,12
2021-08-03T00:00:00.000Z,מלטה,0,7,7
2021-08-03T00:00:00.000Z,מצרים,447,318,765
2021-08-03T00:00:00.000Z,מקסיקו,0,5,5
2021-08-03T00:00:00.000Z,מרוקו,7,7,14
2021-08-03T00:00:00.000Z,נורבגיה,2,0,2
2021-08-03T00:00:00.000Z,ניגריה,3,0,3
2021-08-03T00:00:00.000Z,ניו זילנד,0,1,1
2021-08-03T00:00:00.000Z,ניקרגואה,0,1,1
2021-08-03T00:00:00.000Z,נפאל,0,2,2
2021-08-03T00:00:00.000Z,סין,2,12,14
2021-08-03T00:00:00.000Z,סלובניה,2,4,6
2021-08-03T00:00:00.000Z,סלובקיה,5,2,7
2021-08-03T00:00:00.000Z,ספרד,54,71,125
2021-08-03T00:00:00.000Z,סרביה,65,19,84
2021-08-03T00:00:00.000Z,עירק,0,8,8
2021-08-03T00:00:00.000Z,פולין,118,82,200
2021-08-03T00:00:00.000Z,פורטוגל,16,8,24
2021-08-03T00:00:00.000Z,פיליפינים,0,5,5
2021-08-03T00:00:00.000Z,פינלנד,5,5,10
2021-08-03T00:00:00.000Z,פנמה,7,5,12
2021-08-03T00:00:00.000Z,פרו,1,5,6
2021-08-03T00:00:00.000Z,צ'ילה,0,1,1
2021-08-04T00:00:00.000Z,לוכסמבורג,0,1,1
2021-08-04T00:00:00.000Z,תורכמניסטאן,12,9,21
2021-08-04T00:00:00.000Z,תאילנד,0,3,3
2021-08-04T00:00:00.000Z,שוויץ,513,393,906
2021-08-04T00:00:00.000Z,שוודיה,5,13,18
2021-08-04T00:00:00.000Z,רוסיה,27,46,73
2021-08-04T00:00:00.000Z,רומניה,439,266,705
2021-08-04T00:00:00.000Z,רואנדה,2,0,2
2021-08-04T00:00:00.000Z,קרואטיה,7,12,19
2021-08-04T00:00:00.000Z,קפריסין,66,36,102
2021-08-04T00:00:00.000Z,קניה,1,4,5
2021-08-04T00:00:00.000Z,קנדה,36,141,177
2021-08-04T00:00:00.000Z,קירג'זסטאן,1,2,3
2021-08-04T00:00:00.000Z,קזחסטאן,6,3,9
2021-08-04T00:00:00.000Z,קוריאה הדרומית,0,3,3
2021-08-04T00:00:00.000Z,קוסטה ריקה,6,0,6
2021-08-04T00:00:00.000Z,קולומביה,1,2,3
2021-08-04T00:00:00.000Z,צרפת,658,842,1500
2021-08-04T00:00:00.000Z,צכיה,65,31,96
2021-08-04T00:00:00.000Z,צ'ילה,0,2,2
2021-08-04T00:00:00.000Z,פרו,6,3,9
2021-08-04T00:00:00.000Z,פרגוואי,11,3,14
2021-08-04T00:00:00.000Z,פנמה,2,8,10
2021-08-04T00:00:00.000Z,פינלנד,18,29,47
2021-08-04T00:00:00.000Z,פיליפינים,1,73,74
2021-08-04T00:00:00.000Z,פורטוגל,6,0,6
2021-08-04T00:00:00.000Z,פולין,30,34,64
2021-08-04T00:00:00.000Z,סרביה,32,28,60
2021-08-04T00:00:00.000Z,ספרד,4,2,6
2021-08-04T00:00:00.000Z,סנגל,0,3,3
2021-08-04T00:00:00.000Z,סלובקיה,1,0,1
2021-08-04T00:00:00.000Z,סלובניה,99,52,151
2021-08-04T00:00:00.000Z,סינגפור,0,4,4
2021-08-04T00:00:00.000Z,סין,1,38,39
2021-08-04T00:00:00.000Z,סיירה ליאונה,0,1,1
2021-08-04T00:00:00.000Z,סורינם,0,1,1
2021-08-04T00:00:00.000Z,סוריה,2,2,4
2021-08-04T00:00:00.000Z,ניגריה,3,2,5
2021-08-04T00:00:00.000Z,נורבגיה,2,5,7
2021-08-04T00:00:00.000Z,מרוקו,0,1,1
2021-08-04T00:00:00.000Z,מקסיקו,3,8,11
2021-08-04T00:00:00.000Z,מקדוניה,0,1,1
2021-08-04T00:00:00.000Z,מצרים,414,214,628
2021-08-04T00:00:00.000Z,מלטה,11,17,28
2021-08-04T00:00:00.000Z,מלדיבים,27,5,32
2021-08-04T00:00:00.000Z,מלאווי,0,1,1
2021-08-04T00:00:00.000Z,מונטנגרו,76,75,151
2021-08-04T00:00:00.000Z,מולדובה,0,1,1
2021-08-04T00:00:00.000Z,מאלי,0,1,1
2021-08-04T00:00:00.000Z,ליטא,1,0,1
2021-08-04T00:00:00.000Z,תוניסיה,2,2,4
2021-08-04T00:00:00.000Z,כלל המדינות,9857,11069,20926
2021-08-04T00:00:00.000Z,כווית,1,0,1
2021-08-04T00:00:00.000Z,ירדן,172,90,262
2021-08-04T00:00:00.000Z,יפן,2,3,5
2021-08-04T00:00:00.000Z,יוון,709,395,1104
2021-08-04T00:00:00.000Z,טנזניה,106,46,152
2021-08-04T00:00:00.000Z,טיוואן,0,2,2
2021-08-04T00:00:00.000Z,זאיר,1,0,1
2021-08-04T00:00:00.000Z,איחוד האמירויות הערב,36,36,72
2021-08-04T00:00:00.000Z,גרמניה,427,401,828
2021-08-04T00:00:00.000Z,ונצואלה,1,1,2
2021-08-04T00:00:00.000Z,ויטנאם,0,4,4
2021-08-04T00:00:00.000Z,הממלכה המאוחדת,165,252,417
2021-08-04T00:00:00.000Z,הונגריה,191,93,284
2021-08-04T00:00:00.000Z,הונג קונג,0,5,5
2021-08-04T00:00:00.000Z,הולנד,210,139,349
2021-08-04T00:00:00.000Z,דרום סודאן,0,1,1
2021-08-04T00:00:00.000Z,דרום אפריקה,0,1,1
2021-08-04T00:00:00.000Z,דרום אמריקה,1,0,1
2021-08-04T00:00:00.000Z,גיברלטר,1,2,3
2021-08-04T00:00:00.000Z,גאנה,2,1,3
2021-08-04T00:00:00.000Z,גאורגיה,122,62,184
2021-08-04T00:00:00.000Z,ברזיל,1,0,1
2021-08-04T00:00:00.000Z,בלגיה,103,173,276
2021-08-04T00:00:00.000Z,בילורוסיה,36,23,59
2021-08-04T00:00:00.000Z,בורקינה פאסו,1,1,2
2021-08-04T00:00:00.000Z,בוסניה הרצגובינה,3,0,3
2021-08-04T00:00:00.000Z,בוליביה,1,0,1
2021-08-04T00:00:00.000Z,בולגריה,304,156,460
2021-08-04T00:00:00.000Z,בוטסואנה,1,1,2
2021-08-04T00:00:00.000Z,אתיופיה,17,7,24
2021-08-04T00:00:00.000Z,ארצות הברית,1131,2076,3207
2021-08-04T00:00:00.000Z,ארמניה,4,3,7
2021-08-04T00:00:00.000Z,אקואדור,0,1,1
2021-08-04T00:00:00.000Z,אסטוניה,1,2,3
2021-08-04T00:00:00.000Z,דנמרק,15,23,38
2021-08-04T00:00:00.000Z,אנגולה,2,0,2
2021-08-04T00:00:00.000Z,אלבניה,0,1,1
2021-08-04T00:00:00.000Z,אירלנד,5,4,9
2021-08-04T00:00:00.000Z,איסלנד,129,107,236
2021-08-04T00:00:00.000Z,איטליה,413,295,708
2021-08-04T00:00:00.000Z,אזרביג'אן,3,0,3
2021-08-04T00:00:00.000Z,אורגוואי,3,2,5
2021-08-04T00:00:00.000Z,אוקראינה,483,305,788
2021-08-04T00:00:00.000Z,אוסטרליה,2,13,15
2021-08-04T00:00:00.000Z,אוסטריה,430,247,677
2021-08-04T00:00:00.000Z,אוזבקיסטן,0,2,2
2021-08-04T00:00:00.000Z,אוגנדה,2,0,2
2021-08-04T00:00:00.000Z,אבחזיסטאן,1,1,2
2021-08-04T00:00:00.000Z,תורכיה,1132,651,1783
2021-08-05T00:00:00.000Z,איחוד האמירויות הערב,13,11,24
2021-08-05T00:00:00.000Z,תורכמניסטאן,4,7,11
2021-08-05T00:00:00.000Z,תורכיה,814,643,1457
2021-08-05T00:00:00.000Z,תוניסיה,1,0,1
2021-08-05T00:00:00.000Z,תאילנד,57,85,142
2021-08-05T00:00:00.000Z,שוויץ,366,284,650
2021-08-05T00:00:00.000Z,שוודיה,5,10,15
2021-08-05T00:00:00.000Z,רוסיה,19,104,123
2021-08-05T00:00:00.000Z,רומניה,221,108,329
2021-08-05T00:00:00.000Z,רואנדה,1,0,1
2021-08-05T00:00:00.000Z,קרואטיה,4,7,11
2021-08-05T00:00:00.000Z,קפריסין,139,102,241
2021-08-05T00:00:00.000Z,קניה,2,7,9
2021-08-05T00:00:00.000Z,קנדה,46,126,172
2021-08-05T00:00:00.000Z,קמרון,0,2,2
2021-08-05T00:00:00.000Z,קירג'זסטאן,0,1,1
2021-08-05T00:00:00.000Z,קוסטה ריקה,15,13,28
2021-08-05T00:00:00.000Z,קולומביה,3,3,6
2021-08-05T00:00:00.000Z,קובה,0,1,1
2021-08-05T00:00:00.000Z,צרפת,553,561,1114
2021-08-05T00:00:00.000Z,צכיה,60,35,95
2021-08-05T00:00:00.000Z,צ'ילה,1,1,2
2021-08-05T00:00:00.000Z,פרו,2,4,6
2021-08-05T00:00:00.000Z,פרגוואי,0,4,4
2021-08-05T00:00:00.000Z,פנמה,3,10,13
2021-08-05T00:00:00.000Z,פינלנד,0,1,1
2021-08-05T00:00:00.000Z,פיליפינים,1,10,11
2021-08-05T00:00:00.000Z,פורטוגל,100,79,179
2021-08-05T00:00:00.000Z,פולין,29,35,64
2021-08-05T00:00:00.000Z,עירק,1,0,1
2021-08-05T00:00:00.000Z,סרי לנקה (צילון),0,2,2
2021-08-05T00:00:00.000Z,סרביה,5,15,20
2021-08-05T00:00:00.000Z,ספרד,91,77,168
2021-08-05T00:00:00.000Z,סלובניה,5,3,8
2021-08-05T00:00:00.000Z,סינגפור,1,0,1
2021-08-05T00:00:00.000Z,סין,0,1,1
2021-08-05T00:00:00.000Z,סיירה ליאונה,1,0,1
2021-08-05T00:00:00.000Z,סוריה,0,1,1
2021-08-05T00:00:00.000Z,נמיביה,1,2,3
2021-08-05T00:00:00.000Z,ניקרגואה,2,0,2
2021-08-05T00:00:00.000Z,ניגריה,3,2,5
2021-08-05T00:00:00.000Z,נורבגיה,2,2,4
2021-08-05T00:00:00.000Z,מרוקו,8,6,14
2021-08-05T00:00:00.000Z,מצרים,545,293,838
2021-08-05T00:00:00.000Z,מלדיבים,27,7,34
2021-08-05T00:00:00.000Z,מולדובה,100,80,180
2021-08-05T00:00:00.000Z,ליטא,64,56,120
2021-08-05T00:00:00.000Z,לטביה,1,2,3
2021-08-05T00:00:00.000Z,לוכסמבורג,1,2,3
2021-08-05T00:00:00.000Z,לבנון,0,1,1
2021-08-05T00:00:00.000Z,כלל המדינות,10096,12050,22146
2021-08-05T00:00:00.000Z,ירדן,432,333,765
2021-08-05T00:00:00.000Z,יפן,0,10,10
2021-08-05T00:00:00.000Z,יוון,1614,822,2436
2021-08-05T00:00:00.000Z,טנזניה,14,12,26
2021-08-05T00:00:00.000Z,טיוואן,0,1,1
2021-08-05T00:00:00.000Z,חוף השנהב,0,5,5
2021-08-05T00:00:00.000Z,זאיר,0,2,2
2021-08-05T00:00:00.000Z,הרפ הדומיניקנית,9,3,12
2021-08-05T00:00:00.000Z,הממלכה המאוחדת,187,211,398
2021-08-05T00:00:00.000Z,הונגריה,161,118,279
2021-08-05T00:00:00.000Z,הונג קונג,1,0,1
2021-08-05T00:00:00.000Z,הולנד,202,154,356
2021-08-05T00:00:00.000Z,דרום סודאן,1,1,2
2021-08-05T00:00:00.000Z,דרום אפריקה,1,8,9
2021-08-05T00:00:00.000Z,דרום אמריקה,1,6,7
2021-08-05T00:00:00.000Z,דנמרק,13,6,19
2021-08-05T00:00:00.000Z,גרמניה,205,216,421
2021-08-05T00:00:00.000Z,גיברלטר,1,1,2
2021-08-05T00:00:00.000Z,גווטאמלה,2,3,5
2021-08-05T00:00:00.000Z,גבון,1,0,1
2021-08-05T00:00:00.000Z,גאנה,3,5,8
2021-08-05T00:00:00.000Z,גאורגיה,71,35,106
2021-08-05T00:00:00.000Z,ברזיל,3,6,9
2021-08-05T00:00:00.000Z,בלגיה,64,104,168
2021-08-05T00:00:00.000Z,בילורוסיה,0,1,1
2021-08-05T00:00:00.000Z,בחריין,0,2,2
2021-08-05T00:00:00.000Z,בוסניה הרצגובינה,1,2,3
2021-08-05T00:00:00.000Z,בולגריה,452,211,663
2021-08-05T00:00:00.000Z,אתיופיה,24,19,43
2021-08-05T00:00:00.000Z,ארצות הברית,1379,2343,3722
2021-08-05T00:00:00.000Z,ארמניה,22,47,69
2021-08-05T00:00:00.000Z,ארגנטינה,1,13,14
2021-08-05T00:00:00.000Z,אקואדור,2,1,3
2021-08-05T00:00:00.000Z,אסטוניה,1,2,3
2021-08-05T00:00:00.000Z,אנגולה,2,0,2
2021-08-05T00:00:00.000Z,אל סלבדור,0,1,1
2021-08-05T00:00:00.000Z,אירלנד,8,5,13
2021-08-05T00:00:00.000Z,איסלנד,50,94,144
2021-08-05T00:00:00.000Z,איי סיישל,5,4,9
2021-08-05T00:00:00.000Z,איי גילברט ואליס,2,0,2
2021-08-05T00:00:00.000Z,איטליה,441,337,778
2021-08-05T00:00:00.000Z,אזרביג'אן,42,38,80
2021-08-05T00:00:00.000Z,אוקראינה,431,268,699
2021-08-05T00:00:00.000Z,אוסטרליה,7,5,12
2021-08-05T00:00:00.000Z,אוסטריה,219,200,419
2021-08-05T00:00:00.000Z,אוזבקיסטן,2,2,4
2021-08-05T00:00:00.000Z,אוגנדה,1,4,5
2021-08-05T00:00:00.000Z,אבחזיסטאן,1,0,1
2021-08-06T00:00:00.000Z,לטביה,4,0,4
2021-08-06T00:00:00.000Z,תורכמניסטאן,5,0,5
2021-08-06T00:00:00.000Z,תוניסיה,2,4,6
2021-08-06T00:00:00.000Z,שוויץ,510,408,918
2021-08-06T00:00:00.000Z,שוודיה,17,6,23
2021-08-06T00:00:00.000Z,רוסיה,43,58,101
2021-08-06T00:00:00.000Z,רומניה,337,203,540
2021-08-06T00:00:00.000Z,רואנדה,1,0,1
2021-08-06T00:00:00.000Z,קרואטיה,9,9,18
2021-08-06T00:00:00.000Z,קפריסין,32,21,53
2021-08-06T00:00:00.000Z,קניה,1,1,2
2021-08-06T00:00:00.000Z,קנדה,39,97,136
2021-08-06T00:00:00.000Z,קמרון,1,0,1
2021-08-06T00:00:00.000Z,קירג'זסטאן,3,4,7
2021-08-06T00:00:00.000Z,קטר,4,2,6
2021-08-06T00:00:00.000Z,קזחסטאן,4,0,4
2021-08-06T00:00:00.000Z,קוריאה הדרומית,2,1,3
2021-08-06T00:00:00.000Z,קוסטה ריקה,5,6,11
2021-08-06T00:00:00.000Z,קולומביה,4,2,6
2021-08-06T00:00:00.000Z,צרפת,376,393,769
2021-08-06T00:00:00.000Z,צכיה,189,105,294
2021-08-06T00:00:00.000Z,פרו,3,0,3
2021-08-06T00:00:00.000Z,פרגוואי,0,1,1
2021-08-06T00:00:00.000Z,פנמה,1,0,1
2021-08-06T00:00:00.000Z,פינלנד,23,30,53
2021-08-06T00:00:00.000Z,פיליפינים,1,5,6
2021-08-06T00:00:00.000Z,פורטוגל,6,4,10
2021-08-06T00:00:00.000Z,פורטו ריקו,0,1,1
2021-08-06T00:00:00.000Z,פולין,196,94,290
2021-08-06T00:00:00.000Z,סרי לנקה (צילון),1,7,8
2021-08-06T00:00:00.000Z,סרביה,67,36,103
2021-08-06T00:00:00.000Z,ספרד,10,8,18
2021-08-06T00:00:00.000Z,סלובקיה,0,2,2
2021-08-06T00:00:00.000Z,סלובניה,6,2,8
2021-08-06T00:00:00.000Z,סינגפור,0,7,7
2021-08-06T00:00:00.000Z,סין,0,1,1
2021-08-06T00:00:00.000Z,סודן,1,0,1
2021-08-06T00:00:00.000Z,נפאל,0,1,1
2021-08-06T00:00:00.000Z,נורבגיה,1,0,1
2021-08-06T00:00:00.000Z,מרוקו,35,60,95
2021-08-06T00:00:00.000Z,מקסיקו,0,3,3
2021-08-06T00:00:00.000Z,מצרים,668,427,1095
2021-08-06T00:00:00.000Z,מלדיבים,14,8,22
2021-08-06T00:00:00.000Z,מונטנגרו,108,63,171
2021-08-06T00:00:00.000Z,מולדובה,44,31,75
2021-08-06T00:00:00.000Z,מאלי,1,0,1
2021-08-06T00:00:00.000Z,ליטא,2,5,7
2021-08-06T00:00:00.000Z,תורכיה,581,350,931
2021-08-06T00:00:00.000Z,כלל המדינות,9047,8418,17465
2021-08-06T00:00:00.000Z,ירדן,1,6,7
2021-08-06T00:00:00.000Z,יפן,8,8,16
2021-08-06T00:00:00.000Z,יוון,1170,547,1717
2021-08-06T00:00:00.000Z,טנזניה,0,1,1
2021-08-06T00:00:00.000Z,טיוואן,1,5,6
2021-08-06T00:00:00.000Z,זאיר,1,0,1
2021-08-06T00:00:00.000Z,ונצואלה,0,1,1
2021-08-06T00:00:00.000Z,איחוד האמירויות הערב,23,11,34
2021-08-06T00:00:00.000Z,אוגנדה,0,1,1
2021-08-06T00:00:00.000Z,אוסטריה,538,287,825
2021-08-06T00:00:00.000Z,אוסטרליה,2,8,10
2021-08-06T00:00:00.000Z,אוקראינה,397,267,664
2021-08-06T00:00:00.000Z,אורגוואי,4,1,5
2021-08-06T00:00:00.000Z,אזרביג'אן,4,3,7
2021-08-06T00:00:00.000Z,איטליה,397,235,632
2021-08-06T00:00:00.000Z,איי טורקס וקייקוס,2,1,3
2021-08-06T00:00:00.000Z,איי סיישל,2,2,4
2021-08-06T00:00:00.000Z,איסלנד,19,36,55
2021-08-06T00:00:00.000Z,אירלנד,12,8,20
2021-08-06T00:00:00.000Z,אירן,0,1,1
2021-08-06T00:00:00.000Z,אנגולה,0,1,1
2021-08-06T00:00:00.000Z,אסטוניה,5,5,10
2021-08-06T00:00:00.000Z,אקואדור,2,1,3
2021-08-06T00:00:00.000Z,ארגנטינה,0,1,1
2021-08-06T00:00:00.000Z,ארצות הברית,1046,1439,2485
2021-08-06T00:00:00.000Z,בהמס,0,2,2
2021-08-06T00:00:00.000Z,בולגריה,372,222,594
2021-08-06T00:00:00.000Z,בוליביה,2,0,2
2021-08-06T00:00:00.000Z,בוסניה הרצגובינה,11,8,19
2021-08-06T00:00:00.000Z,בילורוסיה,1,0,1
2021-08-06T00:00:00.000Z,בלגיה,71,83,154
2021-08-06T00:00:00.000Z,ברזיל,0,1,1
2021-08-06T00:00:00.000Z,גאורגיה,68,36,104
2021-08-06T00:00:00.000Z,גאנה,0,1,1
2021-08-06T00:00:00.000Z,גווטאמלה,4,1,5
2021-08-06T00:00:00.000Z,גויאנה הצרפתית,0,3,3
2021-08-06T00:00:00.000Z,גיברלטר,4,3,7
2021-08-06T00:00:00.000Z,גרמניה,480,453,933
2021-08-06T00:00:00.000Z,דנמרק,4,3,7
2021-08-06T00:00:00.000Z,דרום אמריקה,0,2,2
2021-08-06T00:00:00.000Z,דרום אפריקה,0,1,1
2021-08-06T00:00:00.000Z,הולנד,153,101,254
2021-08-06T00:00:00.000Z,הונגריה,86,48,134
2021-08-06T00:00:00.000Z,הממלכה המאוחדת,42,69,111
2021-08-06T00:00:00.000Z,הרפ הדומיניקנית,0,1,1
2021-08-07T00:00:00.000Z,קפריסין,17,21,38
2021-08-07T00:00:00.000Z,קנדה,22,53,75
2021-08-07T00:00:00.000Z,אוזבקיסטן,0,2,2
2021-08-07T00:00:00.000Z,אוסטריה,154,105,259
2021-08-07T00:00:00.000Z,אוסטרליה,0,2,2
2021-08-07T00:00:00.000Z,אוקראינה,167,114,281
2021-08-07T00:00:00.000Z,אזרביג'אן,9,2,11
2021-08-07T00:00:00.000Z,איטליה,98,73,171
2021-08-07T00:00:00.000Z,איי טורקס וקייקוס,0,2,2
2021-08-07T00:00:00.000Z,איסלנד,16,32,48
2021-08-07T00:00:00.000Z,אירלנד,7,4,11
2021-08-07T00:00:00.000Z,אלבניה,3,0,3
2021-08-07T00:00:00.000Z,אנגולה,1,0,1
2021-08-07T00:00:00.000Z,אנדורה,2,0,2
2021-08-07T00:00:00.000Z,אסטוניה,4,6,10
2021-08-07T00:00:00.000Z,קמרון,1,1,2
2021-08-07T00:00:00.000Z,ארצות הברית,507,1006,1513
2021-08-07T00:00:00.000Z,אתיופיה,11,16,27
2021-08-07T00:00:00.000Z,בולגריה,97,52,149
2021-08-07T00:00:00.000Z,בוסניה הרצגובינה,10,8,18
2021-08-07T00:00:00.000Z,בלגיה,7,2,9
2021-08-07T00:00:00.000Z,גאורגיה,40,17,57
2021-08-07T00:00:00.000Z,גאנה,5,7,12
2021-08-07T00:00:00.000Z,גווטאמלה,2,0,2
2021-08-07T00:00:00.000Z,גינאה,2,0,2
2021-08-07T00:00:00.000Z,גרמניה,117,152,269
2021-08-07T00:00:00.000Z,דנמרק,8,9,17
2021-08-07T00:00:00.000Z,דרום אפריקה,1,4,5
2021-08-07T00:00:00.000Z,הודו,1,0,1
2021-08-07T00:00:00.000Z,הולנד,146,58,204
2021-08-07T00:00:00.000Z,הונגריה,53,36,89
2021-08-07T00:00:00.000Z,הממלכה המאוחדת,19,31,50
2021-08-07T00:00:00.000Z,הרפ הדומיניקנית,4,0,4
2021-08-07T00:00:00.000Z,ויטנאם,1,0,1
2021-08-07T00:00:00.000Z,זאיר,2,2,4
2021-08-07T00:00:00.000Z,זימבאבווה,1,1,2
2021-08-07T00:00:00.000Z,זמביה,4,1,5
2021-08-07T00:00:00.000Z,חוף השנהב,4,1,5
2021-08-07T00:00:00.000Z,טג'יקיסטאן,2,0,2
2021-08-07T00:00:00.000Z,טוגו,3,1,4
2021-08-07T00:00:00.000Z,טיוואן,0,1,1
2021-08-07T00:00:00.000Z,טנזניה,15,5,20
2021-08-07T00:00:00.000Z,יוון,667,311,978
2021-08-07T00:00:00.000Z,יפן,4,1,5
2021-08-07T00:00:00.000Z,ירדן,8,1,9
2021-08-07T00:00:00.000Z,כלל המדינות,4443,5265,9708
2021-08-07T00:00:00.000Z,לוכסמבורג,0,1,1
2021-08-07T00:00:00.000Z,לטביה,50,41,91
2021-08-07T00:00:00.000Z,ליטא,3,0,3
2021-08-07T00:00:00.000Z,מוזמביק,0,1,1
2021-08-07T00:00:00.000Z,מונטנגרו,5,1,6
2021-08-07T00:00:00.000Z,מונקו,2,1,3
2021-08-07T00:00:00.000Z,תורכיה,311,219,530
2021-08-07T00:00:00.000Z,תורכמניסטאן,4,1,5
2021-08-07T00:00:00.000Z,קמבודיה,0,1,1
2021-08-07T00:00:00.000Z,קוריאה הדרומית,1,7,8
2021-08-07T00:00:00.000Z,קוסטה ריקה,3,3,6
2021-08-07T00:00:00.000Z,קונגו,1,0,1
2021-08-07T00:00:00.000Z,קולומביה,0,3,3
2021-08-07T00:00:00.000Z,צרפת,249,247,496
2021-08-07T00:00:00.000Z,צכיה,2,4,6
2021-08-07T00:00:00.000Z,צ'ילה,0,7,7
2021-08-07T00:00:00.000Z,פרו,0,2,2
2021-08-07T00:00:00.000Z,פנמה,0,2,2
2021-08-07T00:00:00.000Z,פינלנד,4,10,14
2021-08-07T00:00:00.000Z,פיליפינים,0,10,10
2021-08-07T00:00:00.000Z,פורטוגל,18,5,23
2021-08-07T00:00:00.000Z,פולין,105,87,192
2021-08-07T00:00:00.000Z,סרי לנקה (צילון),0,1,1
2021-08-07T00:00:00.000Z,סרביה,35,28,63
2021-08-07T00:00:00.000Z,ספרד,3,5,8
2021-08-07T00:00:00.000Z,סנגל,0,1,1
2021-08-07T00:00:00.000Z,סלובניה,2,0,2
2021-08-07T00:00:00.000Z,סינגפור,1,8,9
2021-08-07T00:00:00.000Z,סין,0,1,1
2021-08-07T00:00:00.000Z,ניגריה,1,3,4
2021-08-07T00:00:00.000Z,נורבגיה,0,5,5
2021-08-07T00:00:00.000Z,מרוקו,2,0,2
2021-08-07T00:00:00.000Z,מקסיקו,0,1,1
2021-08-07T00:00:00.000Z,מצרים,697,438,1135
2021-08-07T00:00:00.000Z,מלדיבים,11,9,20
2021-08-07T00:00:00.000Z,איחוד האמירויות הערב,10,7,17
2021-08-07T00:00:00.000Z,ארמניה,3,1,4
2021-08-07T00:00:00.000Z,תוניסיה,1,0,1
2021-08-07T00:00:00.000Z,תאילנד,2,0,2
2021-08-07T00:00:00.000Z,שוויץ,78,72,150
2021-08-07T00:00:00.000Z,שוודיה,6,6,12
2021-08-07T00:00:00.000Z,רוסיה,3,0,3
2021-08-07T00:00:00.000Z,רומניה,329,256,585
2021-08-07T00:00:00.000Z,רואנדה,4,4,8
2021-08-07T00:00:00.000Z,קרואטיה,16,12,28
2021-08-08T00:00:00.000Z,לוכסמבורג,1,4,5
2021-08-08T00:00:00.000Z,תורכמניסטאן,3,1,4
2021-08-08T00:00:00.000Z,שוויץ,365,264,629
2021-08-08T00:00:00.000Z,שוודיה,10,7,17
2021-08-08T00:00:00.000Z,רוסיה,23,62,85
2021-08-08T00:00:00.000Z,רומניה,281,142,423
2021-08-08T00:00:00.000Z,קרואטיה,11,14,25
2021-08-08T00:00:00.000Z,קפריסין,48,50,98
2021-08-08T00:00:00.000Z,קנדה,7,62,69
2021-08-08T00:00:00.000Z,קזחסטאן,0,3,3
2021-08-08T00:00:00.000Z,קוריאה הדרומית,4,4,8
2021-08-08T00:00:00.000Z,קוסטה ריקה,4,3,7
2021-08-08T00:00:00.000Z,קוסובו,0,1,1
2021-08-08T00:00:00.000Z,קולומביה,0,5,5
2021-08-08T00:00:00.000Z,צרפת,724,855,1579
2021-08-08T00:00:00.000Z,צכיה,107,40,147
2021-08-08T00:00:00.000Z,פינלנד,5,1,6
2021-08-08T00:00:00.000Z,פיליפינים,0,6,6
2021-08-08T00:00:00.000Z,פורטוגל,16,14,30
2021-08-08T00:00:00.000Z,פורטו ריקו,0,2,2
2021-08-08T00:00:00.000Z,פולין,47,24,71
2021-08-08T00:00:00.000Z,עומן,1,0,1
2021-08-08T00:00:00.000Z,סרביה,1,4,5
2021-08-08T00:00:00.000Z,ספרד,14,39,53
2021-08-08T00:00:00.000Z,סלובקיה,2,0,2
2021-08-08T00:00:00.000Z,סלובניה,2,0,2
2021-08-08T00:00:00.000Z,סינגפור,0,1,1
2021-08-08T00:00:00.000Z,סין,0,2,2
2021-08-08T00:00:00.000Z,נפאל,0,1,1
2021-08-08T00:00:00.000Z,ניגריה,2,2,4
2021-08-08T00:00:00.000Z,נורבגיה,11,14,25
2021-08-08T00:00:00.000Z,מרוקו,3,1,4
2021-08-08T00:00:00.000Z,מקסיקו,0,4,4
2021-08-08T00:00:00.000Z,מצרים,968,580,1548
2021-08-08T00:00:00.000Z,מלטה,3,0,3
2021-08-08T00:00:00.000Z,מלדיבים,24,7,31
2021-08-08T00:00:00.000Z,מונטנגרו,3,0,3
2021-08-08T00:00:00.000Z,מולדובה,78,84,162
2021-08-08T00:00:00.000Z,מדגסקר,0,1,1
2021-08-08T00:00:00.000Z,ליטא,48,73,121
2021-08-08T00:00:00.000Z,לטביה,0,1,1
2021-08-08T00:00:00.000Z,תאילנד,52,76,128
2021-08-08T00:00:00.000Z,כלל המדינות,9753,10647,20400
2021-08-08T00:00:00.000Z,ירדן,587,466,1053
2021-08-08T00:00:00.000Z,יפן,5,5,10
2021-08-08T00:00:00.000Z,יוון,1632,937,2569
2021-08-08T00:00:00.000Z,טנזניה,0,1,1
2021-08-08T00:00:00.000Z,הרפ הדומיניקנית,0,1,1
2021-08-08T00:00:00.000Z,הממלכה המאוחדת,195,266,461
2021-08-08T00:00:00.000Z,הונגריה,63,55,118
2021-08-08T00:00:00.000Z,הולנד,184,163,347
2021-08-08T00:00:00.000Z,הודו,2,2,4
2021-08-08T00:00:00.000Z,דרום אפריקה,0,1,1
2021-08-08T00:00:00.000Z,דנמרק,24,18,42
2021-08-08T00:00:00.000Z,דומיניקה,0,1,1
2021-08-08T00:00:00.000Z,גרמניה,356,334,690
2021-08-08T00:00:00.000Z,גווטאמלה,0,1,1
2021-08-08T00:00:00.000Z,גאנה,2,0,2
2021-08-08T00:00:00.000Z,גאורגיה,38,40,78
2021-08-08T00:00:00.000Z,בלגיה,77,111,188
2021-08-08T00:00:00.000Z,בילורוסיה,0,9,9
2021-08-08T00:00:00.000Z,בחריין,3,2,5
2021-08-08T00:00:00.000Z,בוסניה הרצגובינה,4,0,4
2021-08-08T00:00:00.000Z,בוליביה,2,0,2
2021-08-08T00:00:00.000Z,בולגריה,523,239,762
2021-08-08T00:00:00.000Z,בהמס,0,3,3
2021-08-08T00:00:00.000Z,ארצות הברית,725,1356,2081
2021-08-08T00:00:00.000Z,ארגנטינה,0,2,2
2021-08-08T00:00:00.000Z,אסטוניה,17,10,27
2021-08-08T00:00:00.000Z,אנדורה,2,0,2
2021-08-08T00:00:00.000Z,אירלנד,5,3,8
2021-08-08T00:00:00.000Z,איסלנד,31,39,70
2021-08-08T00:00:00.000Z,איי סיישל,1,0,1
2021-08-08T00:00:00.000Z,איטליה,586,384,970
2021-08-08T00:00:00.000Z,אזרביג'אן,70,41,111
2021-08-08T00:00:00.000Z,אורגוואי,1,3,4
2021-08-08T00:00:00.000Z,אוקראינה,572,277,849
2021-08-08T00:00:00.000Z,אוסטרליה,1,16,17
2021-08-08T00:00:00.000Z,אוסטריה,220,142,362
2021-08-08T00:00:00.000Z,אוזבקיסטן,1,0,1
2021-08-08T00:00:00.000Z,תוניסיה,2,2,4
2021-08-08T00:00:00.000Z,תורכיה,238,168,406
2021-08-08T00:00:00.000Z,איחוד האמירויות הערב,26,27,53
2021-08-09T00:00:00.000Z,תאילנד,1,0,1
2021-08-09T00:00:00.000Z,שוויץ,395,369,764
2021-08-09T00:00:00.000Z,שוודיה,8,13,21
2021-08-09T00:00:00.000Z,רוסיה,13,43,56
2021-08-09T00:00:00.000Z,רומניה,303,173,476
2021-08-09T00:00:00.000Z,רואנדה,4,1,5
2021-08-09T00:00:00.000Z,קניה,2,7,9
2021-08-09T00:00:00.000Z,קפריסין,18,7,25
2021-08-09T00:00:00.000Z,תורכמניסטאן,8,13,21
2021-08-09T00:00:00.000Z,תורכיה,337,285,622
2021-08-09T00:00:00.000Z,איחוד האמירויות הערב,26,16,42
2021-08-09T00:00:00.000Z,אוגנדה,6,1,7
2021-08-09T00:00:00.000Z,אוזבקיסטן,2,1,3
2021-08-09T00:00:00.000Z,אוסטריה,371,330,701
2021-08-09T00:00:00.000Z,אוסטרליה,3,2,5
2021-08-09T00:00:00.000Z,אוקראינה,541,343,884
2021-08-09T00:00:00.000Z,אורגוואי,7,7,14
2021-08-09T00:00:00.000Z,אזרביג'אן,4,1,5
2021-08-09T00:00:00.000Z,איטליה,373,290,663
2021-08-09T00:00:00.000Z,איסלנד,21,29,50
2021-08-09T00:00:00.000Z,אירלנד,2,3,5
2021-08-09T00:00:00.000Z,אלבניה,5,6,11
2021-08-09T00:00:00.000Z,אסטוניה,19,18,37
2021-08-09T00:00:00.000Z,אקואדור,2,0,2
2021-08-09T00:00:00.000Z,ארמניה,5,1,6
2021-08-09T00:00:00.000Z,ארצות הברית,1473,2795,4268
2021-08-09T00:00:00.000Z,אתיופיה,12,18,30
2021-08-09T00:00:00.000Z,בהמס,1,0,1
2021-08-09T00:00:00.000Z,בוטסואנה,3,6,9
2021-08-09T00:00:00.000Z,בולגריה,549,306,855
2021-08-09T00:00:00.000Z,בוסניה הרצגובינה,13,13,26
2021-08-09T00:00:00.000Z,בורקינה פאסו,2,0,2
2021-08-09T00:00:00.000Z,בילורוסיה,32,50,82
2021-08-09T00:00:00.000Z,בלגיה,116,155,271
2021-08-09T00:00:00.000Z,ברזיל,3,3,6
2021-08-09T00:00:00.000Z,גאורגיה,79,74,153
2021-08-09T00:00:00.000Z,גאנה,0,1,1
2021-08-09T00:00:00.000Z,גווטאמלה,1,0,1
2021-08-09T00:00:00.000Z,גמביה,1,0,1
2021-08-09T00:00:00.000Z,גרמניה,565,448,1013
2021-08-09T00:00:00.000Z,דומיניקה,2,0,2
2021-08-09T00:00:00.000Z,דנמרק,13,13,26
2021-08-09T00:00:00.000Z,דרום אמריקה,2,0,2
2021-08-09T00:00:00.000Z,דרום אפריקה,3,7,10
2021-08-09T00:00:00.000Z,הודו,7,69,76
2021-08-09T00:00:00.000Z,הולנד,258,130,388
2021-08-09T00:00:00.000Z,הונגריה,77,24,101
2021-08-09T00:00:00.000Z,הממלכה המאוחדת,138,187,325
2021-08-09T00:00:00.000Z,הרפ הדומיניקנית,2,0,2
2021-08-09T00:00:00.000Z,זאיר,1,0,1
2021-08-09T00:00:00.000Z,זימבאבווה,0,1,1
2021-08-09T00:00:00.000Z,טג'יקיסטאן,1,9,10
2021-08-09T00:00:00.000Z,טנזניה,101,110,211
2021-08-09T00:00:00.000Z,יוון,1151,616,1767
2021-08-09T00:00:00.000Z,יפן,6,7,13
2021-08-09T00:00:00.000Z,ירדן,337,234,571
2021-08-09T00:00:00.000Z,כלל המדינות,9999,12106,22105
2021-08-09T00:00:00.000Z,לבנון,0,1,1
2021-08-09T00:00:00.000Z,לוכסמבורג,1,0,1
2021-08-09T00:00:00.000Z,לטביה,7,3,10
2021-08-09T00:00:00.000Z,ליטא,4,5,9
2021-08-09T00:00:00.000Z,מאלי,2,0,2
2021-08-09T00:00:00.000Z,מולדובה,2,8,10
2021-08-09T00:00:00.000Z,מונטנגרו,87,67,154
2021-08-09T00:00:00.000Z,מלדיבים,55,26,81
2021-08-09T00:00:00.000Z,מצרים,546,317,863
2021-08-09T00:00:00.000Z,מקסיקו,0,3,3
2021-08-09T00:00:00.000Z,מרוקו,10,2,12
2021-08-09T00:00:00.000Z,נורבגיה,1,4,5
2021-08-09T00:00:00.000Z,ניגריה,4,5,9
2021-08-09T00:00:00.000Z,נמיביה,2,1,3
2021-08-09T00:00:00.000Z,סוריה,1,0,1
2021-08-09T00:00:00.000Z,סורינם,1,0,1
2021-08-09T00:00:00.000Z,סין,0,1,1
2021-08-09T00:00:00.000Z,סינגפור,1,0,1
2021-08-09T00:00:00.000Z,סלובניה,1,0,1
2021-08-09T00:00:00.000Z,סנגל,1,0,1
2021-08-09T00:00:00.000Z,ספרד,19,24,43
2021-08-09T00:00:00.000Z,סרביה,86,46,132
2021-08-09T00:00:00.000Z,פאפואה,1,0,1
2021-08-09T00:00:00.000Z,פולין,129,133,262
2021-08-09T00:00:00.000Z,פורטוגל,112,74,186
2021-08-09T00:00:00.000Z,פיליפינים,0,6,6
2021-08-09T00:00:00.000Z,פינלנד,7,2,9
2021-08-09T00:00:00.000Z,פנמה,7,5,12
2021-08-09T00:00:00.000Z,פרגוואי,5,0,5
2021-08-09T00:00:00.000Z,פרו,2,1,3
2021-08-09T00:00:00.000Z,צכיה,188,122,310
2021-08-09T00:00:00.000Z,צרפת,533,659,1192
2021-08-09T00:00:00.000Z,קולומביה,0,3,3
2021-08-09T00:00:00.000Z,קוסטה ריקה,9,8,17
2021-08-09T00:00:00.000Z,קוריאה הדרומית,0,1,1
2021-08-09T00:00:00.000Z,קזחסטאן,2,16,18
2021-08-09T00:00:00.000Z,קטר,0,2,2
2021-08-09T00:00:00.000Z,קנדה,94,217,311
2021-08-09T00:00:00.000Z,קרואטיה,26,8,34
2021-08-10T00:00:00.000Z,מרוקו,3,6,9
2021-08-10T00:00:00.000Z,נורבגיה,0,2,2
2021-08-10T00:00:00.000Z,ניגריה,0,3,3
2021-08-10T00:00:00.000Z,ניו זילנד,0,1,1
2021-08-10T00:00:00.000Z,נמיביה,2,0,2
2021-08-10T00:00:00.000Z,סוריה,1,2,3
2021-08-10T00:00:00.000Z,סין,7,24,31
2021-08-10T00:00:00.000Z,סלובניה,2,1,3
2021-08-10T00:00:00.000Z,ספרד,12,34,46
2021-08-10T00:00:00.000Z,סרביה,2,2,4
2021-08-10T00:00:00.000Z,פולין,145,94,239
2021-08-10T00:00:00.000Z,פורטוגל,18,14,32
2021-08-10T00:00:00.000Z,פינלנד,2,2,4
2021-08-10T00:00:00.000Z,פנמה,22,7,29
2021-08-10T00:00:00.000Z,פרו,3,1,4
2021-08-10T00:00:00.000Z,צ'ילה,0,2,2
2021-08-10T00:00:00.000Z,צכיה,122,73,195
2021-08-10T00:00:00.000Z,צרפת,702,796,1498
2021-08-10T00:00:00.000Z,קובה,1,1,2
2021-08-10T00:00:00.000Z,קולומביה,2,2,4
2021-08-10T00:00:00.000Z,קוסטה ריקה,6,4,10
2021-08-10T00:00:00.000Z,קוריאה הדרומית,2,3,5
2021-08-10T00:00:00.000Z,קזחסטאן,3,4,7
2021-08-10T00:00:00.000Z,מולדובה,0,74,74
2021-08-10T00:00:00.000Z,ליטא,0,2,2
2021-08-10T00:00:00.000Z,לטביה,34,32,66
2021-08-10T00:00:00.000Z,לבנון,0,1,1
2021-08-10T00:00:00.000Z,כלל המדינות,8755,10445,19200
2021-08-10T00:00:00.000Z,ירדן,0,27,27
2021-08-10T00:00:00.000Z,יפן,18,13,31
2021-08-10T00:00:00.000Z,יוון,1459,916,2375
2021-08-10T00:00:00.000Z,טנזניה,10,8,18
2021-08-10T00:00:00.000Z,חוף השנהב,1,0,1
2021-08-10T00:00:00.000Z,זאיר,1,4,5
2021-08-10T00:00:00.000Z,הרפ הדומיניקנית,1,1,2
2021-08-10T00:00:00.000Z,הממלכה המאוחדת,73,144,217
2021-08-10T00:00:00.000Z,הונגריה,76,58,134
2021-08-10T00:00:00.000Z,הונג קונג,6,28,34
2021-08-10T00:00:00.000Z,הולנד,264,116,380
2021-08-10T00:00:00.000Z,דרום אפריקה,0,3,3
2021-08-10T00:00:00.000Z,דנמרק,17,22,39
2021-08-10T00:00:00.000Z,גרמניה,474,463,937
2021-08-10T00:00:00.000Z,גיברלטר,1,0,1
2021-08-10T00:00:00.000Z,גווטאמלה,0,2,2
2021-08-10T00:00:00.000Z,בליז,0,1,1
2021-08-10T00:00:00.000Z,בלגיה,4,3,7
2021-08-10T00:00:00.000Z,בחריין,2,0,2
2021-08-10T00:00:00.000Z,בורקינה פאסו,0,1,1
2021-08-10T00:00:00.000Z,בוסניה הרצגובינה,3,6,9
2021-08-10T00:00:00.000Z,בולגריה,366,219,585
2021-08-10T00:00:00.000Z,אתיופיה,9,12,21
2021-08-10T00:00:00.000Z,ארצות הברית,1244,1999,3243
2021-08-10T00:00:00.000Z,ארמניה,4,1,5
2021-08-10T00:00:00.000Z,ארגנטינה,1,0,1
2021-08-10T00:00:00.000Z,קטר,0,1,1
2021-08-10T00:00:00.000Z,קירג'זסטאן,5,1,6
2021-08-10T00:00:00.000Z,קנדה,42,103,145
2021-08-10T00:00:00.000Z,קניה,6,4,10
2021-08-10T00:00:00.000Z,קפריסין,16,8,24
2021-08-10T00:00:00.000Z,קרואטיה,9,5,14
2021-08-10T00:00:00.000Z,רואנדה,0,3,3
2021-08-10T00:00:00.000Z,רומניה,160,121,281
2021-08-10T00:00:00.000Z,רוסיה,24,53,77
2021-08-10T00:00:00.000Z,רפ מרכז אפריקנית,0,1,1
2021-08-10T00:00:00.000Z,שוודיה,11,8,19
2021-08-10T00:00:00.000Z,שוויץ,191,141,332
2021-08-10T00:00:00.000Z,תורכיה,184,158,342
2021-08-10T00:00:00.000Z,תורכמניסטאן,9,4,13
2021-08-10T00:00:00.000Z,אוזבקיסטן,2,2,4
2021-08-10T00:00:00.000Z,אוסטריה,154,112,266
2021-08-10T00:00:00.000Z,אוסטרליה,3,9,12
2021-08-10T00:00:00.000Z,אוקראינה,413,332,745
2021-08-10T00:00:00.000Z,אורגוואי,1,1,2
2021-08-10T00:00:00.000Z,אזרביג'אן,11,4,15
2021-08-10T00:00:00.000Z,איטליה,414,317,731
2021-08-10T00:00:00.000Z,איסלנד,103,180,283
2021-08-10T00:00:00.000Z,אירלנד,1,5,6
2021-08-10T00:00:00.000Z,אלבניה,1,1,2
2021-08-10T00:00:00.000Z,אנגולה,3,5,8
2021-08-10T00:00:00.000Z,אסטוניה,31,25,56
2021-08-10T00:00:00.000Z,אקואדור,3,4,7
2021-08-10T00:00:00.000Z,אבחזיסטאן,4,0,4
2021-08-10T00:00:00.000Z,אוגנדה,1,4,5
2021-08-10T00:00:00.000Z,איחוד האמירויות הערב,15,16,31
2021-08-10T00:00:00.000Z,מונטנגרו,0,1,1
2021-08-10T00:00:00.000Z,מונקו,1,0,1
2021-08-10T00:00:00.000Z,מיאנמר (בורמה),0,1,1
2021-08-10T00:00:00.000Z,מלדיבים,39,27,66
2021-08-10T00:00:00.000Z,מלטה,3,2,5
2021-08-10T00:00:00.000Z,מצרים,1138,680,1818
2021-08-10T00:00:00.000Z,מקדוניה,2,0,2
2021-08-10T00:00:00.000Z,מקסיקו,3,8,11
2021-08-11T00:00:00.000Z,כלל המדינות,6116,8600,14716
2021-08-11T00:00:00.000Z,קוסטה ריקה,11,12,23
2021-08-11T00:00:00.000Z,אוזבקיסטן,3,2,5
2021-08-11T00:00:00.000Z,אוסטריה,326,203,529
2021-08-11T00:00:00.000Z,אוסטרליה,14,41,55
2021-08-11T00:00:00.000Z,אוקראינה,360,345,705
2021-08-11T00:00:00.000Z,אזרביג'אן,1,0,1
2021-08-11T00:00:00.000Z,איטליה,333,218,551
2021-08-11T00:00:00.000Z,אינדונזיה,0,1,1
2021-08-11T00:00:00.000Z,איסלנד,55,174,229
2021-08-11T00:00:00.000Z,אירלנד,11,10,21
2021-08-11T00:00:00.000Z,אל סלבדור,1,0,1
2021-08-11T00:00:00.000Z,אלבניה,2,5,7
2021-08-11T00:00:00.000Z,אנגולה,3,3,6
2021-08-11T00:00:00.000Z,אסטוניה,36,38,74
2021-08-11T00:00:00.000Z,אקואדור,0,1,1
2021-08-11T00:00:00.000Z,ארמניה,6,9,15
2021-08-11T00:00:00.000Z,ארצות הברית,877,1594,2471
2021-08-11T00:00:00.000Z,אתיופיה,11,5,16
2021-08-11T00:00:00.000Z,בהמס,0,1,1
2021-08-11T00:00:00.000Z,בוטסואנה,0,8,8
2021-08-11T00:00:00.000Z,בולגריה,245,136,381
2021-08-11T00:00:00.000Z,בוסניה הרצגובינה,1,0,1
2021-08-11T00:00:00.000Z,בחריין,1,0,1
2021-08-11T00:00:00.000Z,בילורוסיה,41,65,106
2021-08-11T00:00:00.000Z,בלגיה,64,94,158
2021-08-11T00:00:00.000Z,בנגלדש,0,1,1
2021-08-11T00:00:00.000Z,גאורגיה,0,3,3
2021-08-11T00:00:00.000Z,גאנה,0,1,1
2021-08-11T00:00:00.000Z,גיברלטר,2,3,5
2021-08-11T00:00:00.000Z,גרמניה,169,200,369
2021-08-11T00:00:00.000Z,דנמרק,17,9,26
2021-08-11T00:00:00.000Z,דרום אפריקה,2,0,2
2021-08-11T00:00:00.000Z,האנטילים ההולנדים,1,0,1
2021-08-11T00:00:00.000Z,הולנד,157,105,262
2021-08-11T00:00:00.000Z,הונג קונג,0,1,1
2021-08-11T00:00:00.000Z,הונגריה,68,63,131
2021-08-11T00:00:00.000Z,הונדורס,0,1,1
2021-08-11T00:00:00.000Z,הממלכה המאוחדת,113,140,253
2021-08-11T00:00:00.000Z,ויטנאם,0,1,1
2021-08-11T00:00:00.000Z,ונצואלה,1,9,10
2021-08-11T00:00:00.000Z,זאיר,0,3,3
2021-08-11T00:00:00.000Z,זימבאבווה,0,1,1
2021-08-11T00:00:00.000Z,טג'יקיסטאן,4,1,5
2021-08-11T00:00:00.000Z,טנזניה,112,39,151
2021-08-11T00:00:00.000Z,יוון,307,166,473
2021-08-11T00:00:00.000Z,יפן,25,21,46
2021-08-11T00:00:00.000Z,ירדן,270,296,566
2021-08-11T00:00:00.000Z,אוגנדה,0,1,1
2021-08-11T00:00:00.000Z,לבנון,0,9,9
2021-08-11T00:00:00.000Z,ליטא,4,3,7
2021-08-11T00:00:00.000Z,מאלי,1,0,1
2021-08-11T00:00:00.000Z,מוזמביק,1,0,1
2021-08-11T00:00:00.000Z,מולדובה,41,40,81
2021-08-11T00:00:00.000Z,מונטנגרו,97,77,174
2021-08-11T00:00:00.000Z,מונקו,6,7,13
2021-08-11T00:00:00.000Z,מלדיבים,53,16,69
2021-08-11T00:00:00.000Z,מלטה,2,2,4
2021-08-11T00:00:00.000Z,מצרים,158,97,255
2021-08-11T00:00:00.000Z,מקדוניה,2,3,5
2021-08-11T00:00:00.000Z,מקסיקו,3,2,5
2021-08-11T00:00:00.000Z,מרוקו,4,5,9
2021-08-11T00:00:00.000Z,נורבגיה,5,5,10
2021-08-11T00:00:00.000Z,ניגריה,1,1,2
2021-08-11T00:00:00.000Z,סין,4,7,11
2021-08-11T00:00:00.000Z,סינגפור,2,8,10
2021-08-11T00:00:00.000Z,סלובניה,96,89,185
2021-08-11T00:00:00.000Z,ספרד,4,2,6
2021-08-11T00:00:00.000Z,סרביה,1,1,2
2021-08-11T00:00:00.000Z,סרי לנקה (צילון),1,2,3
2021-08-11T00:00:00.000Z,עירק,5,6,11
2021-08-11T00:00:00.000Z,פולין,62,86,148
2021-08-11T00:00:00.000Z,פורטוגל,11,19,30
2021-08-11T00:00:00.000Z,פיליפינים,1,48,49
2021-08-11T00:00:00.000Z,פינלנד,51,52,103
2021-08-11T00:00:00.000Z,פנמה,6,3,9
2021-08-11T00:00:00.000Z,פרגוואי,9,2,11
2021-08-11T00:00:00.000Z,פרו,2,4,6
2021-08-11T00:00:00.000Z,צכיה,58,30,88
2021-08-11T00:00:00.000Z,צרפת,343,525,868
2021-08-11T00:00:00.000Z,קולומביה,1,0,1
2021-08-11T00:00:00.000Z,קזחסטאן,1,0,1
2021-08-11T00:00:00.000Z,קטר,0,1,1
2021-08-11T00:00:00.000Z,קירג'זסטאן,1,0,1
2021-08-11T00:00:00.000Z,קנדה,27,96,123
2021-08-11T00:00:00.000Z,קניה,2,8,10
2021-08-11T00:00:00.000Z,קפריסין,15,23,38
2021-08-11T00:00:00.000Z,קרואטיה,15,11,26
2021-08-11T00:00:00.000Z,רומניה,365,321,686
2021-08-11T00:00:00.000Z,רוסיה,21,67,88
2021-08-11T00:00:00.000Z,שוודיה,7,8,15
2021-08-11T00:00:00.000Z,שוויץ,318,253,571
2021-08-11T00:00:00.000Z,תאילנד,4,2,6
2021-08-11T00:00:00.000Z,תוניסיה,1,0,1
2021-08-11T00:00:00.000Z,תורכיה,158,136,294
2021-08-11T00:00:00.000Z,תורכמניסטאן,10,14,24
2021-08-11T00:00:00.000Z,איחוד האמירויות הערב,31,19,50
2021-08-12T00:00:00.000Z,תאילנד,0,1,1
2021-08-12T00:00:00.000Z,תורכיה,135,112,247
2021-08-12T00:00:00.000Z,תורכמניסטאן,5,1,6
2021-08-12T00:00:00.000Z,קירג'זסטאן,5,1,6
2021-08-12T00:00:00.000Z,קמרון,2,0,2
2021-08-12T00:00:00.000Z,קנדה,22,78,100
2021-08-12T00:00:00.000Z,קניה,2,9,11
2021-08-12T00:00:00.000Z,קפריסין,23,33,56
2021-08-12T00:00:00.000Z,קרואטיה,24,5,29
2021-08-12T00:00:00.000Z,רואנדה,0,1,1
2021-08-12T00:00:00.000Z,רומניה,153,101,254
2021-08-12T00:00:00.000Z,רוסיה,26,106,132
2021-08-12T00:00:00.000Z,שוודיה,10,20,30
2021-08-12T00:00:00.000Z,קטר,2,5,7
2021-08-12T00:00:00.000Z,קזחסטאן,2,0,2
2021-08-12T00:00:00.000Z,קוריאה הדרומית,0,4,4
2021-08-12T00:00:00.000Z,קוסטה ריקה,10,8,18
2021-08-12T00:00:00.000Z,קונגו,0,1,1
2021-08-12T00:00:00.000Z,קולומביה,3,5,8
2021-08-12T00:00:00.000Z,צרפת,320,332,652
2021-08-12T00:00:00.000Z,צכיה,47,26,73
2021-08-12T00:00:00.000Z,צ'ילה,0,2,2
2021-08-12T00:00:00.000Z,פרו,3,5,8
2021-08-12T00:00:00.000Z,פנמה,14,23,37
2021-08-12T00:00:00.000Z,פינלנד,3,1,4
2021-08-12T00:00:00.000Z,פיליפינים,0,28,28
2021-08-12T00:00:00.000Z,פורטוגל,105,107,212
2021-08-12T00:00:00.000Z,פולינזיה הצרפתית,2,0,2
2021-08-12T00:00:00.000Z,פולין,37,24,61
2021-08-12T00:00:00.000Z,ערב הסעודית,0,1,1
2021-08-12T00:00:00.000Z,עומן,1,0,1
2021-08-12T00:00:00.000Z,סרי לנקה (צילון),0,4,4
2021-08-12T00:00:00.000Z,סרביה,96,61,157
2021-08-12T00:00:00.000Z,ספרד,26,56,82
2021-08-12T00:00:00.000Z,סלובקיה,1,3,4
2021-08-12T00:00:00.000Z,סינגפור,0,3,3
2021-08-12T00:00:00.000Z,סוריה,4,5,9
2021-08-12T00:00:00.000Z,נפאל,1,0,1
2021-08-12T00:00:00.000Z,ניקרגואה,1,0,1
2021-08-12T00:00:00.000Z,ניגריה,4,4,8
2021-08-12T00:00:00.000Z,נורבגיה,0,4,4
2021-08-12T00:00:00.000Z,מרוקו,43,44,87
2021-08-12T00:00:00.000Z,מקסיקו,0,1,1
2021-08-12T00:00:00.000Z,מקדוניה,0,1,1
2021-08-12T00:00:00.000Z,מצרים,294,226,520
2021-08-12T00:00:00.000Z,מלטה,2,2,4
2021-08-12T00:00:00.000Z,מלדיבים,27,8,35
2021-08-12T00:00:00.000Z,מלאווי,0,2,2
2021-08-12T00:00:00.000Z,מונטנגרו,11,9,20
2021-08-12T00:00:00.000Z,מולדובה,106,91,197
2021-08-12T00:00:00.000Z,מוזמביק,0,2,2
2021-08-12T00:00:00.000Z,ליטא,40,69,109
2021-08-12T00:00:00.000Z,לוכסמבורג,0,4,4
2021-08-12T00:00:00.000Z,לבנון,0,3,3
2021-08-12T00:00:00.000Z,כלל המדינות,6292,9301,15593
2021-08-12T00:00:00.000Z,ירדן,641,618,1259
2021-08-12T00:00:00.000Z,יפן,2,3,5
2021-08-12T00:00:00.000Z,יוון,652,463,1115
2021-08-12T00:00:00.000Z,טנזניה,8,3,11
2021-08-12T00:00:00.000Z,חוף השנהב,1,0,1
2021-08-12T00:00:00.000Z,זמביה,1,1,2
2021-08-12T00:00:00.000Z,זאיר,0,3,3
2021-08-12T00:00:00.000Z,הרפ הדומיניקנית,10,0,10
2021-08-12T00:00:00.000Z,הממלכה המאוחדת,141,211,352
2021-08-12T00:00:00.000Z,הונדורס,0,2,2
2021-08-12T00:00:00.000Z,הונגריה,127,77,204
2021-08-12T00:00:00.000Z,הולנד,100,55,155
2021-08-12T00:00:00.000Z,שוויץ,189,170,359
2021-08-12T00:00:00.000Z,איחוד האמירויות הערב,38,12,50
2021-08-12T00:00:00.000Z,הודו,1,0,1
2021-08-12T00:00:00.000Z,דרום סודאן,1,0,1
2021-08-12T00:00:00.000Z,דרום אפריקה,3,6,9
2021-08-12T00:00:00.000Z,דרום אמריקה,1,0,1
2021-08-12T00:00:00.000Z,דנמרק,22,20,42
2021-08-12T00:00:00.000Z,אוגנדה,2,0,2
2021-08-12T00:00:00.000Z,אוזבקיסטן,4,0,4
2021-08-12T00:00:00.000Z,אוסטריה,222,203,425
2021-08-12T00:00:00.000Z,אוסטרליה,3,10,13
2021-08-12T00:00:00.000Z,אוקראינה,271,316,587
2021-08-12T00:00:00.000Z,אורגוואי,0,3,3
2021-08-12T00:00:00.000Z,אזרביג'אן,121,48,169
2021-08-12T00:00:00.000Z,איטליה,265,201,466
2021-08-12T00:00:00.000Z,איי גילברט ואליס,1,1,2
2021-08-12T00:00:00.000Z,איסלנד,36,99,135
2021-08-12T00:00:00.000Z,אירלנד,5,1,6
2021-08-12T00:00:00.000Z,אלבניה,4,3,7
2021-08-12T00:00:00.000Z,אסטוניה,5,0,5
2021-08-12T00:00:00.000Z,אקואדור,0,3,3
2021-08-12T00:00:00.000Z,ארגנטינה,2,3,5
2021-08-12T00:00:00.000Z,דומיניקה,0,1,1
2021-08-12T00:00:00.000Z,ארצות הברית,662,1092,1754
2021-08-12T00:00:00.000Z,אתיופיה,16,10,26
2021-08-12T00:00:00.000Z,בולגריה,195,126,321
2021-08-12T00:00:00.000Z,בוסניה הרצגובינה,36,19,55
2021-08-12T00:00:00.000Z,בורקינה פאסו,1,1,2
2021-08-12T00:00:00.000Z,בלגיה,72,80,152
2021-08-12T00:00:00.000Z,ברזיל,4,6,10
2021-08-12T00:00:00.000Z,גאורגיה,116,92,208
2021-08-12T00:00:00.000Z,גאנה,5,0,5
2021-08-12T00:00:00.000Z,גיברלטר,4,5,9
2021-08-12T00:00:00.000Z,גינאה המשוונית,0,1,1
2021-08-12T00:00:00.000Z,גמייקה,0,1,1
2021-08-12T00:00:00.000Z,גרמניה,161,208,369
2021-08-12T00:00:00.000Z,ארמניה,20,19,39
2021-08-13T00:00:00.000Z,אוסטריה,392,299,691
2021-08-13T00:00:00.000Z,תורכיה,139,101,240
2021-08-13T00:00:00.000Z,שוויץ,438,349,787
2021-08-13T00:00:00.000Z,שוודיה,11,23,34
2021-08-13T00:00:00.000Z,רוסיה,32,51,83
2021-08-13T00:00:00.000Z,אוזבקיסטן,1,0,1
2021-08-13T00:00:00.000Z,איחוד האמירויות הערב,21,17,38
2021-08-13T00:00:00.000Z,רומניה,390,255,645
2021-08-13T00:00:00.000Z,רואנדה,0,1,1
2021-08-13T00:00:00.000Z,קרואטיה,16,16,32
2021-08-13T00:00:00.000Z,קפריסין,12,19,31
2021-08-13T00:00:00.000Z,קניה,0,1,1
2021-08-13T00:00:00.000Z,קנדה,25,104,129
2021-08-13T00:00:00.000Z,קירג'זסטאן,2,2,4
2021-08-13T00:00:00.000Z,קטר,0,2,2
2021-08-13T00:00:00.000Z,קזחסטאן,2,6,8
2021-08-13T00:00:00.000Z,קוריאה הדרומית,8,6,14
2021-08-13T00:00:00.000Z,קוסטה ריקה,5,7,12
2021-08-13T00:00:00.000Z,צרפת,140,142,282
2021-08-13T00:00:00.000Z,צכיה,127,87,214
2021-08-13T00:00:00.000Z,פרו,2,1,3
2021-08-13T00:00:00.000Z,פרגוואי,1,0,1
2021-08-13T00:00:00.000Z,פנמה,4,4,8
2021-08-13T00:00:00.000Z,פינלנד,56,62,118
2021-08-13T00:00:00.000Z,פיליפינים,0,7,7
2021-08-13T00:00:00.000Z,פורטוגל,21,14,35
2021-08-13T00:00:00.000Z,פורטו ריקו,0,1,1
2021-08-13T00:00:00.000Z,פולין,145,101,246
2021-08-13T00:00:00.000Z,סרביה,182,98,280
2021-08-13T00:00:00.000Z,ספרד,3,5,8
2021-08-13T00:00:00.000Z,סנגל,2,0,2
2021-08-13T00:00:00.000Z,סלובניה,3,3,6
2021-08-13T00:00:00.000Z,סינגפור,1,0,1
2021-08-13T00:00:00.000Z,סין,2,1,3
2021-08-13T00:00:00.000Z,ניקרגואה,1,0,1
2021-08-13T00:00:00.000Z,ניגריה,6,6,12
2021-08-13T00:00:00.000Z,נורבגיה,0,3,3
2021-08-13T00:00:00.000Z,מרוקו,31,66,97
2021-08-13T00:00:00.000Z,מקדוניה,0,1,1
2021-08-13T00:00:00.000Z,מצרים,365,275,640
2021-08-13T00:00:00.000Z,מלטה,2,5,7
2021-08-13T00:00:00.000Z,מלדיבים,19,19,38
2021-08-13T00:00:00.000Z,מונטנגרו,98,75,173
2021-08-13T00:00:00.000Z,מולדובה,13,8,21
2021-08-13T00:00:00.000Z,מוזמביק,1,1,2
2021-08-13T00:00:00.000Z,מאלי,3,0,3
2021-08-13T00:00:00.000Z,ליטא,3,0,3
2021-08-13T00:00:00.000Z,לטביה,6,2,8
2021-08-13T00:00:00.000Z,כלל המדינות,5846,6885,12731
2021-08-13T00:00:00.000Z,ירדן,9,55,64
2021-08-13T00:00:00.000Z,יפן,3,2,5
2021-08-13T00:00:00.000Z,יוון,472,364,836
2021-08-13T00:00:00.000Z,טנזניה,0,2,2
2021-08-13T00:00:00.000Z,חוף השנהב,0,1,1
2021-08-13T00:00:00.000Z,זאיר,0,1,1
2021-08-13T00:00:00.000Z,ונצואלה,0,3,3
2021-08-13T00:00:00.000Z,הממלכה המאוחדת,1,0,1
2021-08-13T00:00:00.000Z,הונדורס,1,0,1
2021-08-13T00:00:00.000Z,הונגריה,63,45,108
2021-08-13T00:00:00.000Z,הולנד,117,78,195
2021-08-13T00:00:00.000Z,דנמרק,53,23,76
2021-08-13T00:00:00.000Z,גרמניה,300,332,632
2021-08-13T00:00:00.000Z,גאנה,0,1,1
2021-08-13T00:00:00.000Z,גאורגיה,2,2,4
2021-08-13T00:00:00.000Z,ברזיל,0,1,1
2021-08-13T00:00:00.000Z,בליז,3,2,5
2021-08-13T00:00:00.000Z,בלגיה,100,61,161
2021-08-13T00:00:00.000Z,בחריין,0,1,1
2021-08-13T00:00:00.000Z,בורונדי,1,0,1
2021-08-13T00:00:00.000Z,בוסניה הרצגובינה,29,21,50
2021-08-13T00:00:00.000Z,בולגריה,132,119,251
2021-08-13T00:00:00.000Z,בהמס,1,0,1
2021-08-13T00:00:00.000Z,אתיופיה,2,0,2
2021-08-13T00:00:00.000Z,ארצות הברית,719,841,1560
2021-08-13T00:00:00.000Z,ארמניה,3,0,3
2021-08-13T00:00:00.000Z,ארגנטינה,0,7,7
2021-08-13T00:00:00.000Z,אקואדור,2,0,2
2021-08-13T00:00:00.000Z,אסטוניה,5,3,8
2021-08-13T00:00:00.000Z,אלבניה,3,1,4
2021-08-13T00:00:00.000Z,אירלנד,6,12,18
2021-08-13T00:00:00.000Z,איסלנד,4,6,10
2021-08-13T00:00:00.000Z,איטליה,325,213,538
2021-08-13T00:00:00.000Z,אזרביג'אן,5,1,6
2021-08-13T00:00:00.000Z,אוקראינה,334,284,618
2021-08-13T00:00:00.000Z,אוסטרליה,0,1,1
2021-08-13T00:00:00.000Z,תורכמניסטאן,9,3,12
2021-08-14T00:00:00.000Z,מוזמביק,1,0,1
2021-08-14T00:00:00.000Z,איחוד האמירויות הערב,9,15,24
2021-08-14T00:00:00.000Z,תורכיה,109,110,219
2021-08-14T00:00:00.000Z,שוויץ,102,93,195
2021-08-14T00:00:00.000Z,שוודיה,8,16,24
2021-08-14T00:00:00.000Z,רוסיה,0,2,2
2021-08-14T00:00:00.000Z,רומניה,521,370,891
2021-08-14T00:00:00.000Z,קרואטיה,14,17,31
2021-08-14T00:00:00.000Z,קפריסין,20,18,38
2021-08-14T00:00:00.000Z,קניה,6,13,19
2021-08-14T00:00:00.000Z,קנדה,20,78,98
2021-08-14T00:00:00.000Z,קטר,0,1,1
2021-08-14T00:00:00.000Z,קזחסטאן,2,0,2
2021-08-14T00:00:00.000Z,קוריאה הדרומית,3,1,4
2021-08-14T00:00:00.000Z,קוסטה ריקה,19,12,31
2021-08-14T00:00:00.000Z,קוסובו,1,1,2
2021-08-14T00:00:00.000Z,קונגו,0,1,1
2021-08-14T00:00:00.000Z,קולומביה,5,8,13
2021-08-14T00:00:00.000Z,צרפת,97,89,186
2021-08-14T00:00:00.000Z,צכיה,2,0,2
2021-08-14T00:00:00.000Z,פרו,3,0,3
2021-08-14T00:00:00.000Z,פנמה,2,7,9
2021-08-14T00:00:00.000Z,פינלנד,4,8,12
2021-08-14T00:00:00.000Z,פיליפינים,0,2,2
2021-08-14T00:00:00.000Z,פורטוגל,38,17,55
2021-08-14T00:00:00.000Z,פולין,117,89,206
2021-08-14T00:00:00.000Z,סרי לנקה (צילון),0,2,2
2021-08-14T00:00:00.000Z,סרביה,1,3,4
2021-08-14T00:00:00.000Z,ספרד,19,11,30
2021-08-14T00:00:00.000Z,סלובניה,4,3,7
2021-08-14T00:00:00.000Z,סינגפור,0,3,3
2021-08-14T00:00:00.000Z,סין,0,8,8
2021-08-14T00:00:00.000Z,נפאל,1,0,1
2021-08-14T00:00:00.000Z,ניקרגואה,1,2,3
2021-08-14T00:00:00.000Z,ניגריה,2,4,6
2021-08-14T00:00:00.000Z,נורבגיה,1,2,3
2021-08-14T00:00:00.000Z,מרוקו,5,5,10
2021-08-14T00:00:00.000Z,מקסיקו,1,0,1
2021-08-14T00:00:00.000Z,מצרים,303,254,557
2021-08-14T00:00:00.000Z,מלטה,1,1,2
2021-08-14T00:00:00.000Z,מלדיבים,18,14,32
2021-08-14T00:00:00.000Z,מונטנגרו,1,1,2
2021-08-14T00:00:00.000Z,מולדובה,35,37,72
2021-08-14T00:00:00.000Z,תורכמניסטאן,5,1,6
2021-08-14T00:00:00.000Z,ליטא,10,10,20
2021-08-14T00:00:00.000Z,לטביה,27,34,61
2021-08-14T00:00:00.000Z,לוכסמבורג,1,0,1
2021-08-14T00:00:00.000Z,כלל המדינות,3460,4860,8320
2021-08-14T00:00:00.000Z,ירדן,17,48,65
2021-08-14T00:00:00.000Z,יפן,0,2,2
2021-08-14T00:00:00.000Z,יוון,341,236,577
2021-08-14T00:00:00.000Z,טנזניה,15,9,24
2021-08-14T00:00:00.000Z,טוגו,1,0,1
2021-08-14T00:00:00.000Z,חוף השנהב,1,0,1
2021-08-14T00:00:00.000Z,הרפ הדומיניקנית,12,1,13
2021-08-14T00:00:00.000Z,הממלכה המאוחדת,9,22,31
2021-08-14T00:00:00.000Z,הונדורס,0,1,1
2021-08-14T00:00:00.000Z,הונגריה,63,54,117
2021-08-14T00:00:00.000Z,הונג קונג,0,1,1
2021-08-14T00:00:00.000Z,הולנד,68,56,124
2021-08-14T00:00:00.000Z,הודו,1,0,1
2021-08-14T00:00:00.000Z,דרום סודאן,1,0,1
2021-08-14T00:00:00.000Z,דרום אפריקה,0,2,2
2021-08-14T00:00:00.000Z,דנמרק,8,14,22
2021-08-14T00:00:00.000Z,גרמניה,91,118,209
2021-08-14T00:00:00.000Z,גווטאמלה,4,3,7
2021-08-14T00:00:00.000Z,גאנה,4,0,4
2021-08-14T00:00:00.000Z,גאורגיה,33,38,71
2021-08-14T00:00:00.000Z,בלגיה,7,8,15
2021-08-14T00:00:00.000Z,בוסניה הרצגובינה,12,11,23
2021-08-14T00:00:00.000Z,בולגריה,66,69,135
2021-08-14T00:00:00.000Z,אתיופיה,14,5,19
2021-08-14T00:00:00.000Z,ארצות הברית,374,621,995
2021-08-14T00:00:00.000Z,ארמניה,2,2,4
2021-08-14T00:00:00.000Z,אסטוניה,3,6,9
2021-08-14T00:00:00.000Z,אלבניה,5,3,8
2021-08-14T00:00:00.000Z,אירלנד,4,3,7
2021-08-14T00:00:00.000Z,איסלנד,32,40,72
2021-08-14T00:00:00.000Z,איי סיישל,2,3,5
2021-08-14T00:00:00.000Z,איטליה,121,104,225
2021-08-14T00:00:00.000Z,אזרביג'אן,1,2,3
2021-08-14T00:00:00.000Z,אורגוואי,0,4,4
2021-08-14T00:00:00.000Z,אוקראינה,168,103,271
2021-08-14T00:00:00.000Z,אוסטרליה,1,6,7
2021-08-14T00:00:00.000Z,אוסטריה,217,204,421
2021-08-14T00:00:00.000Z,אוגנדה,1,0,1
2021-08-15T00:00:00.000Z,אסטוניה,4,9,13
2021-08-15T00:00:00.000Z,אקואדור,0,2,2
2021-08-15T00:00:00.000Z,ארגנטינה,0,2,2
2021-08-15T00:00:00.000Z,ארמניה,0,2,2
2021-08-15T00:00:00.000Z,ארצות הברית,432,708,1140
2021-08-15T00:00:00.000Z,אתיופיה,12,9,21
2021-08-15T00:00:00.000Z,בהמס,2,1,3
2021-08-15T00:00:00.000Z,בולגריה,251,162,413
2021-08-15T00:00:00.000Z,בוסניה הרצגובינה,51,28,79
2021-08-15T00:00:00.000Z,בחריין,1,1,2
2021-08-15T00:00:00.000Z,בילורוסיה,44,88,132
2021-08-15T00:00:00.000Z,בלגיה,101,98,199
2021-08-15T00:00:00.000Z,גאורגיה,23,35,58
2021-08-15T00:00:00.000Z,גאנה,8,2,10
2021-08-15T00:00:00.000Z,גואם,0,1,1
2021-08-15T00:00:00.000Z,גויאנה הצרפתית,0,1,1
2021-08-15T00:00:00.000Z,גרמניה,250,284,534
2021-08-15T00:00:00.000Z,גרנדה,1,0,1
2021-08-15T00:00:00.000Z,דומיניקה,1,0,1
2021-08-15T00:00:00.000Z,דנמרק,41,38,79
2021-08-15T00:00:00.000Z,האנטילים ההולנדים,1,1,2
2021-08-15T00:00:00.000Z,הודו,0,1,1
2021-08-15T00:00:00.000Z,הולנד,189,147,336
2021-08-15T00:00:00.000Z,הונגריה,160,100,260
2021-08-15T00:00:00.000Z,הממלכה המאוחדת,182,232,414
2021-08-15T00:00:00.000Z,הרפ הדומיניקנית,4,2,6
2021-08-15T00:00:00.000Z,ויטנאם,0,4,4
2021-08-15T00:00:00.000Z,זאיר,1,0,1
2021-08-15T00:00:00.000Z,טנזניה,7,7,14
2021-08-15T00:00:00.000Z,יוון,695,584,1279
2021-08-15T00:00:00.000Z,יפן,1,1,2
2021-08-15T00:00:00.000Z,ירדן,1283,1440,2723
2021-08-15T00:00:00.000Z,כלל המדינות,8804,10836,19640
2021-08-15T00:00:00.000Z,לטביה,4,0,4
2021-08-15T00:00:00.000Z,ליטא,59,74,133
2021-08-15T00:00:00.000Z,מולדובה,101,117,218
2021-08-15T00:00:00.000Z,מונגוליה,0,1,1
2021-08-15T00:00:00.000Z,מונטנגרו,204,128,332
2021-08-15T00:00:00.000Z,מונקו,5,3,8
2021-08-15T00:00:00.000Z,מלדיבים,20,16,36
2021-08-15T00:00:00.000Z,מלטה,2,1,3
2021-08-15T00:00:00.000Z,מצרים,580,403,983
2021-08-15T00:00:00.000Z,מקדוניה,1,1,2
2021-08-15T00:00:00.000Z,מקסיקו,1,1,2
2021-08-15T00:00:00.000Z,מרוקו,9,13,22
2021-08-15T00:00:00.000Z,נורבגיה,10,6,16
2021-08-15T00:00:00.000Z,ניגריה,5,4,9
2021-08-15T00:00:00.000Z,ניו זילנד,0,1,1
2021-08-15T00:00:00.000Z,סין,1,0,1
2021-08-15T00:00:00.000Z,סינגפור,0,5,5
2021-08-15T00:00:00.000Z,סלובניה,2,2,4
2021-08-15T00:00:00.000Z,סנגל,3,1,4
2021-08-15T00:00:00.000Z,ספרד,7,3,10
2021-08-15T00:00:00.000Z,סרביה,120,75,195
2021-08-15T00:00:00.000Z,סרי לנקה (צילון),0,1,1
2021-08-15T00:00:00.000Z,פולין,135,90,225
2021-08-15T00:00:00.000Z,פורטוגל,103,87,190
2021-08-15T00:00:00.000Z,פיליפינים,1,2,3
2021-08-15T00:00:00.000Z,פינלנד,5,4,9
2021-08-15T00:00:00.000Z,פנמה,2,0,2
2021-08-15T00:00:00.000Z,פרו,8,1,9
2021-08-15T00:00:00.000Z,צכיה,75,53,128
2021-08-15T00:00:00.000Z,צרפת,468,493,961
2021-08-15T00:00:00.000Z,רומניה,530,295,825
2021-08-15T00:00:00.000Z,רוסיה,46,142,188
2021-08-15T00:00:00.000Z,שוודיה,17,21,38
2021-08-15T00:00:00.000Z,שוויץ,400,365,765
2021-08-15T00:00:00.000Z,תאילנד,87,118,205
2021-08-15T00:00:00.000Z,תורכיה,117,86,203
2021-08-15T00:00:00.000Z,תורכמניסטאן,6,8,14
2021-08-15T00:00:00.000Z,קולומביה,0,1,1
2021-08-15T00:00:00.000Z,קונגו,1,0,1
2021-08-15T00:00:00.000Z,קוסטה ריקה,4,6,10
2021-08-15T00:00:00.000Z,קוריאה הדרומית,7,3,10
2021-08-15T00:00:00.000Z,קזחסטאן,9,13,22
2021-08-15T00:00:00.000Z,קמרון,1,0,1
2021-08-15T00:00:00.000Z,קנדה,18,112,130
2021-08-15T00:00:00.000Z,איחוד האמירויות הערב,31,29,60
2021-08-15T00:00:00.000Z,קניה,3,2,5
2021-08-15T00:00:00.000Z,קפריסין,25,31,56
2021-08-15T00:00:00.000Z,קרואטיה,45,36,81
2021-08-15T00:00:00.000Z,רואנדה,1,0,1
2021-08-15T00:00:00.000Z,אוגנדה,3,2,5
2021-08-15T00:00:00.000Z,אוזבקיסטן,1,3,4
2021-08-15T00:00:00.000Z,אוסטריה,277,235,512
2021-08-15T00:00:00.000Z,אוסטרליה,3,5,8
2021-08-15T00:00:00.000Z,אוקראינה,352,333,685
2021-08-15T00:00:00.000Z,אזרביג'אן,96,55,151
2021-08-15T00:00:00.000Z,איטליה,314,217,531
2021-08-15T00:00:00.000Z,איסלנד,12,18,30
2021-08-15T00:00:00.000Z,אירלנד,13,15,28
2021-08-15T00:00:00.000Z,אל סלבדור,0,1,1
2021-08-15T00:00:00.000Z,אלבניה,5,4,9
2021-08-15T00:00:00.000Z,אנדורה,0,1,1
2021-08-16T00:00:00.000Z,יפן,1,2,3
2021-08-16T00:00:00.000Z,אורגוואי,1,3,4
2021-08-16T00:00:00.000Z,מקסיקו,1,5,6
2021-08-16T00:00:00.000Z,מקאו,0,1,1
2021-08-16T00:00:00.000Z,מצרים,454,421,875
2021-08-16T00:00:00.000Z,מלטה,0,1,1
2021-08-16T00:00:00.000Z,מלדיבים,26,8,34
2021-08-16T00:00:00.000Z,מונקו,1,0,1
2021-08-16T00:00:00.000Z,מונטנגרו,40,54,94
2021-08-16T00:00:00.000Z,מולדובה,0,2,2
2021-08-16T00:00:00.000Z,מוזמביק,1,0,1
2021-08-16T00:00:00.000Z,ליטא,15,5,20
2021-08-16T00:00:00.000Z,לטביה,0,2,2
2021-08-16T00:00:00.000Z,לוכסמבורג,2,0,2
2021-08-16T00:00:00.000Z,תימן,1,0,1
2021-08-16T00:00:00.000Z,תורכיה,118,107,225
2021-08-16T00:00:00.000Z,תאילנד,6,1,7
2021-08-16T00:00:00.000Z,שוויץ,220,219,439
2021-08-16T00:00:00.000Z,שוודיה,11,14,25
2021-08-16T00:00:00.000Z,רוסיה,14,62,76
2021-08-16T00:00:00.000Z,רומניה,113,102,215
2021-08-16T00:00:00.000Z,קרואטיה,19,11,30
2021-08-16T00:00:00.000Z,קפריסין,15,18,33
2021-08-16T00:00:00.000Z,קניה,0,2,2
2021-08-16T00:00:00.000Z,קנדה,41,89,130
2021-08-16T00:00:00.000Z,קזחסטאן,2,0,2
2021-08-16T00:00:00.000Z,קוריאה הדרומית,0,3,3
2021-08-16T00:00:00.000Z,קוסטה ריקה,5,1,6
2021-08-16T00:00:00.000Z,קולומביה,1,0,1
2021-08-16T00:00:00.000Z,קובה,0,2,2
2021-08-16T00:00:00.000Z,צרפת,350,397,747
2021-08-16T00:00:00.000Z,צכיה,212,159,371
2021-08-16T00:00:00.000Z,צ'ילה,1,2,3
2021-08-16T00:00:00.000Z,פרו,4,3,7
2021-08-16T00:00:00.000Z,פרגוואי,1,0,1
2021-08-16T00:00:00.000Z,פנמה,5,21,26
2021-08-16T00:00:00.000Z,פינלנד,8,13,21
2021-08-16T00:00:00.000Z,פיליפינים,0,4,4
2021-08-16T00:00:00.000Z,פורטוגל,28,16,44
2021-08-16T00:00:00.000Z,פולין,146,81,227
2021-08-16T00:00:00.000Z,עירק,0,2,2
2021-08-16T00:00:00.000Z,סרביה,83,61,144
2021-08-16T00:00:00.000Z,ספרד,21,19,40
2021-08-16T00:00:00.000Z,סלובניה,1,3,4
2021-08-16T00:00:00.000Z,סינגפור,0,1,1
2021-08-16T00:00:00.000Z,סין,1,0,1
2021-08-16T00:00:00.000Z,סוריה,1,2,3
2021-08-16T00:00:00.000Z,נמיביה,1,0,1
2021-08-16T00:00:00.000Z,ניקרגואה,2,0,2
2021-08-16T00:00:00.000Z,כלל המדינות,6109,8780,14889
2021-08-16T00:00:00.000Z,ירדן,134,133,267
2021-08-16T00:00:00.000Z,מרוקו,4,12,16
2021-08-16T00:00:00.000Z,איחוד האמירויות הערב,30,18,48
2021-08-16T00:00:00.000Z,יוון,425,333,758
2021-08-16T00:00:00.000Z,טנזניה,88,58,146
2021-08-16T00:00:00.000Z,טג'יקיסטאן,0,2,2
2021-08-16T00:00:00.000Z,חוף השנהב,1,0,1
2021-08-16T00:00:00.000Z,זמביה,1,0,1
2021-08-16T00:00:00.000Z,ויטנאם,0,4,4
2021-08-16T00:00:00.000Z,הרפ הדומיניקנית,7,8,15
2021-08-16T00:00:00.000Z,הממלכה המאוחדת,187,276,463
2021-08-16T00:00:00.000Z,הונדורס,2,0,2
2021-08-16T00:00:00.000Z,הונגריה,87,46,133
2021-08-16T00:00:00.000Z,הונג קונג,1,0,1
2021-08-16T00:00:00.000Z,הולנד,49,46,95
2021-08-16T00:00:00.000Z,הודו,9,62,71
2021-08-16T00:00:00.000Z,דרום סודאן,0,1,1
2021-08-16T00:00:00.000Z,דרום אפריקה,4,6,10
2021-08-16T00:00:00.000Z,דנמרק,10,11,21
2021-08-16T00:00:00.000Z,גרמניה,388,316,704
2021-08-16T00:00:00.000Z,גמביה,0,1,1
2021-08-16T00:00:00.000Z,גווטאמלה,0,4,4
2021-08-16T00:00:00.000Z,גאנה,5,0,5
2021-08-16T00:00:00.000Z,גאורגיה,25,63,88
2021-08-16T00:00:00.000Z,ברזיל,0,5,5
2021-08-16T00:00:00.000Z,בלגיה,67,120,187
2021-08-16T00:00:00.000Z,בורונדי,1,0,1
2021-08-16T00:00:00.000Z,בוסניה הרצגובינה,2,1,3
2021-08-16T00:00:00.000Z,בוליביה,0,1,1
2021-08-16T00:00:00.000Z,בולגריה,122,149,271
2021-08-16T00:00:00.000Z,אתיופיה,13,9,22
2021-08-16T00:00:00.000Z,ארצות הברית,940,1658,2598
2021-08-16T00:00:00.000Z,ארמניה,4,4,8
2021-08-16T00:00:00.000Z,ארגנטינה,3,0,3
2021-08-16T00:00:00.000Z,אקואדור,1,1,2
2021-08-16T00:00:00.000Z,אסטוניה,1,0,1
2021-08-16T00:00:00.000Z,אנגולה,2,0,2
2021-08-16T00:00:00.000Z,אלבניה,3,2,5
2021-08-16T00:00:00.000Z,אירלנד,2,6,8
2021-08-16T00:00:00.000Z,איסלנד,26,38,64
2021-08-16T00:00:00.000Z,איי סיישל,0,2,2
2021-08-16T00:00:00.000Z,איי גילברט ואליס,4,1,5
2021-08-16T00:00:00.000Z,איטליה,228,205,433
2021-08-16T00:00:00.000Z,אזרביג'אן,1,0,1
2021-08-16T00:00:00.000Z,נורבגיה,2,1,3
2021-08-16T00:00:00.000Z,אוקראינה,331,251,582
2021-08-16T00:00:00.000Z,אוסטרליה,5,3,8
2021-08-16T00:00:00.000Z,אוסטריה,300,234,534
2021-08-16T00:00:00.000Z,אוזבקיסטן,1,0,1
2021-08-16T00:00:00.000Z,אוגנדה,2,6,8
2021-08-16T00:00:00.000Z,אבחזיסטאן,1,0,1
2021-08-16T00:00:00.000Z,ניגריה,0,1,1
2021-08-17T00:00:00.000Z,איחוד האמירויות הערב,24,15,39
2021-08-17T00:00:00.000Z,תורכמניסטאן,1,0,1
2021-08-17T00:00:00.000Z,תורכיה,61,68,129
2021-08-17T00:00:00.000Z,תוניסיה,2,8,10
2021-08-17T00:00:00.000Z,תאילנד,71,70,141
2021-08-17T00:00:00.000Z,שוויץ,127,132,259
2021-08-17T00:00:00.000Z,שוודיה,11,13,24
2021-08-17T00:00:00.000Z,רוסיה,19,91,110
2021-08-17T00:00:00.000Z,רומניה,229,150,379
2021-08-17T00:00:00.000Z,רואנדה,1,2,3
2021-08-17T00:00:00.000Z,ראוניון,0,1,1
2021-08-17T00:00:00.000Z,קרואטיה,16,10,26
2021-08-17T00:00:00.000Z,קפריסין,12,9,21
2021-08-17T00:00:00.000Z,קניה,4,1,5
2021-08-17T00:00:00.000Z,קנדה,59,214,273
2021-08-17T00:00:00.000Z,קוריאה הדרומית,5,4,9
2021-08-17T00:00:00.000Z,קוסטה ריקה,6,9,15
2021-08-17T00:00:00.000Z,קוסובו,1,0,1
2021-08-17T00:00:00.000Z,קונגו,1,0,1
2021-08-17T00:00:00.000Z,קולומביה,2,2,4
2021-08-17T00:00:00.000Z,צרפת,237,330,567
2021-08-17T00:00:00.000Z,צכיה,97,49,146
2021-08-17T00:00:00.000Z,צ'ילה,0,6,6
2021-08-17T00:00:00.000Z,פנמה,6,25,31
2021-08-17T00:00:00.000Z,פינלנד,24,22,46
2021-08-17T00:00:00.000Z,פיליפינים,1,17,18
2021-08-17T00:00:00.000Z,פורטוגל,9,9,18
2021-08-17T00:00:00.000Z,פולין,64,55,119
2021-08-17T00:00:00.000Z,סרביה,11,18,29
2021-08-17T00:00:00.000Z,ספרד,19,29,48
2021-08-17T00:00:00.000Z,סלובקיה,1,2,3
2021-08-17T00:00:00.000Z,סלובניה,2,1,3
2021-08-17T00:00:00.000Z,סין,27,33,60
2021-08-17T00:00:00.000Z,סיירה ליאונה,0,1,1
2021-08-17T00:00:00.000Z,נפאל,2,2,4
2021-08-17T00:00:00.000Z,ניו זילנד,6,4,10
2021-08-17T00:00:00.000Z,ניגריה,0,1,1
2021-08-17T00:00:00.000Z,נורבגיה,2,2,4
2021-08-17T00:00:00.000Z,מרוקו,11,4,15
2021-08-17T00:00:00.000Z,מקסיקו,1,3,4
2021-08-17T00:00:00.000Z,מקדוניה,0,1,1
2021-08-17T00:00:00.000Z,מצרים,295,271,566
2021-08-17T00:00:00.000Z,מלדיבים,10,3,13
2021-08-17T00:00:00.000Z,מונטנגרו,19,11,30
2021-08-17T00:00:00.000Z,מולדובה,49,126,175
2021-08-17T00:00:00.000Z,ליטא,2,0,2
2021-08-17T00:00:00.000Z,לטביה,37,47,84
2021-08-17T00:00:00.000Z,לוכסמבורג,1,0,1
2021-08-17T00:00:00.000Z,לבנון,0,4,4
2021-08-17T00:00:00.000Z,כלל המדינות,4523,7938,12461
2021-08-17T00:00:00.000Z,ירדן,131,130,261
2021-08-17T00:00:00.000Z,יפן,0,1,1
2021-08-17T00:00:00.000Z,יוון,338,320,658
2021-08-17T00:00:00.000Z,טנזניה,12,3,15
2021-08-17T00:00:00.000Z,טוגו,0,1,1
2021-08-17T00:00:00.000Z,זמביה,3,4,7
2021-08-17T00:00:00.000Z,הממלכה המאוחדת,116,232,348
2021-08-17T00:00:00.000Z,הונגריה,144,115,259
2021-08-17T00:00:00.000Z,הונג קונג,5,21,26
2021-08-17T00:00:00.000Z,הולנד,106,49,155
2021-08-17T00:00:00.000Z,האנטילים ההולנדים,0,1,1
2021-08-17T00:00:00.000Z,דרום אפריקה,0,7,7
2021-08-17T00:00:00.000Z,דנמרק,6,12,18
2021-08-17T00:00:00.000Z,גרמניה,189,170,359
2021-08-17T00:00:00.000Z,גיברלטר,3,7,10
2021-08-17T00:00:00.000Z,גווטאמלה,0,3,3
2021-08-17T00:00:00.000Z,גאנה,6,4,10
2021-08-17T00:00:00.000Z,גאורגיה,3,0,3
2021-08-17T00:00:00.000Z,ברזיל,2,4,6
2021-08-17T00:00:00.000Z,בלגיה,3,4,7
2021-08-17T00:00:00.000Z,בולגריה,52,68,120
2021-08-17T00:00:00.000Z,בהמס,0,1,1
2021-08-17T00:00:00.000Z,אתיופיה,7,9,16
2021-08-17T00:00:00.000Z,ארצות הברית,713,1529,2242
2021-08-17T00:00:00.000Z,ארמניה,5,6,11
2021-08-17T00:00:00.000Z,ארגנטינה,3,2,5
2021-08-17T00:00:00.000Z,אקואדור,1,0,1
2021-08-17T00:00:00.000Z,אסטוניה,0,1,1
2021-08-17T00:00:00.000Z,אנדורה,1,0,1
2021-08-17T00:00:00.000Z,אנגולה,0,4,4
2021-08-17T00:00:00.000Z,אלבניה,7,1,8
2021-08-17T00:00:00.000Z,אירלנד,2,10,12
2021-08-17T00:00:00.000Z,איסלנד,140,122,262
2021-08-17T00:00:00.000Z,איטליה,90,67,157
2021-08-17T00:00:00.000Z,אזרביג'אן,0,2,2
2021-08-17T00:00:00.000Z,אורגוואי,2,4,6
2021-08-17T00:00:00.000Z,אוקראינה,211,231,442
2021-08-17T00:00:00.000Z,אוסטרליה,4,8,12
2021-08-17T00:00:00.000Z,אוסטריה,243,231,474
2021-08-17T00:00:00.000Z,אוזבקיסטן,0,4,4
2021-08-17T00:00:00.000Z,אבחזיסטאן,1,1,2
2021-08-18T00:00:00.000Z,פיליפינים,0,68,68
2021-08-18T00:00:00.000Z,איחוד האמירויות הערב,27,25,52
2021-08-18T00:00:00.000Z,תורכיה,49,67,116
2021-08-18T00:00:00.000Z,תוניסיה,0,2,2
2021-08-18T00:00:00.000Z,תאילנד,0,2,2
2021-08-18T00:00:00.000Z,שוויץ,194,196,390
2021-08-18T00:00:00.000Z,שוודיה,5,7,12
2021-08-18T00:00:00.000Z,רוסיה,34,74,108
2021-08-18T00:00:00.000Z,רומניה,206,175,381
2021-08-18T00:00:00.000Z,רואנדה,0,1,1
2021-08-18T00:00:00.000Z,קרואטיה,31,28,59
2021-08-18T00:00:00.000Z,קפריסין,8,60,68
2021-08-18T00:00:00.000Z,קניה,10,2,12
2021-08-18T00:00:00.000Z,קנדה,39,104,143
2021-08-18T00:00:00.000Z,קירג'זסטאן,1,0,1
2021-08-18T00:00:00.000Z,קזחסטאן,3,11,14
2021-08-18T00:00:00.000Z,קוריאה הדרומית,1,0,1
2021-08-18T00:00:00.000Z,קוסטה ריקה,2,13,15
2021-08-18T00:00:00.000Z,קונגו,1,0,1
2021-08-18T00:00:00.000Z,קולומביה,1,0,1
2021-08-18T00:00:00.000Z,צרפת,271,408,679
2021-08-18T00:00:00.000Z,צכיה,32,20,52
2021-08-18T00:00:00.000Z,פרו,2,5,7
2021-08-18T00:00:00.000Z,פרגוואי,1,0,1
2021-08-18T00:00:00.000Z,פנמה,2,4,6
2021-08-18T00:00:00.000Z,אוגנדה,1,1,2
2021-08-18T00:00:00.000Z,אוזבקיסטן,3,4,7
2021-08-18T00:00:00.000Z,אוסטריה,436,341,777
2021-08-18T00:00:00.000Z,אוסטרליה,1,14,15
2021-08-18T00:00:00.000Z,אוקראינה,322,418,740
2021-08-18T00:00:00.000Z,אזרביג'אן,3,2,5
2021-08-18T00:00:00.000Z,איטליה,223,189,412
2021-08-18T00:00:00.000Z,איסלנד,26,18,44
2021-08-18T00:00:00.000Z,אלבניה,1,4,5
2021-08-18T00:00:00.000Z,אנגולה,1,0,1
2021-08-18T00:00:00.000Z,אסטוניה,0,5,5
2021-08-18T00:00:00.000Z,ארמניה,6,0,6
2021-08-18T00:00:00.000Z,ארצות הברית,796,1558,2354
2021-08-18T00:00:00.000Z,אתיופיה,12,8,20
2021-08-18T00:00:00.000Z,בולגריה,84,87,171
2021-08-18T00:00:00.000Z,בוסניה הרצגובינה,45,56,101
2021-08-18T00:00:00.000Z,בורקינה פאסו,0,1,1
2021-08-18T00:00:00.000Z,בילורוסיה,31,38,69
2021-08-18T00:00:00.000Z,בלגיה,37,60,97
2021-08-18T00:00:00.000Z,ברזיל,1,1,2
2021-08-18T00:00:00.000Z,גאנה,0,1,1
2021-08-18T00:00:00.000Z,גרמניה,194,249,443
2021-08-18T00:00:00.000Z,דנמרק,6,19,25
2021-08-18T00:00:00.000Z,דרום אפריקה,0,8,8
2021-08-18T00:00:00.000Z,הודו,3,0,3
2021-08-18T00:00:00.000Z,הולנד,140,142,282
2021-08-18T00:00:00.000Z,הונג קונג,0,2,2
2021-08-18T00:00:00.000Z,הונגריה,126,88,214
2021-08-18T00:00:00.000Z,הממלכה המאוחדת,41,108,149
2021-08-18T00:00:00.000Z,זמביה,0,4,4
2021-08-18T00:00:00.000Z,טיוואן,1,4,5
2021-08-18T00:00:00.000Z,טנזניה,99,59,158
2021-08-18T00:00:00.000Z,יוון,181,193,374
2021-08-18T00:00:00.000Z,יפן,0,1,1
2021-08-18T00:00:00.000Z,ירדן,165,128,293
2021-08-18T00:00:00.000Z,כלל המדינות,4908,8341,13249
2021-08-18T00:00:00.000Z,ליטא,1,1,2
2021-08-18T00:00:00.000Z,מאלי,2,2,4
2021-08-18T00:00:00.000Z,מונטנגרו,60,65,125
2021-08-18T00:00:00.000Z,מלאווי,0,1,1
2021-08-18T00:00:00.000Z,מלדיבים,20,22,42
2021-08-18T00:00:00.000Z,מלטה,2,1,3
2021-08-18T00:00:00.000Z,מצרים,306,296,602
2021-08-18T00:00:00.000Z,מקדוניה,1,3,4
2021-08-18T00:00:00.000Z,מקסיקו,2,6,8
2021-08-18T00:00:00.000Z,מרוקו,5,4,9
2021-08-18T00:00:00.000Z,נורבגיה,0,2,2
2021-08-18T00:00:00.000Z,ניגריה,3,1,4
2021-08-18T00:00:00.000Z,סוריה,1,4,5
2021-08-18T00:00:00.000Z,סין,3,0,3
2021-08-18T00:00:00.000Z,סינגפור,2,3,5
2021-08-18T00:00:00.000Z,סלובניה,79,73,152
2021-08-18T00:00:00.000Z,סלובקיה,0,2,2
2021-08-18T00:00:00.000Z,ספרד,4,5,9
2021-08-18T00:00:00.000Z,סרביה,48,41,89
2021-08-18T00:00:00.000Z,סרי לנקה (צילון),1,6,7
2021-08-18T00:00:00.000Z,פולין,36,31,67
2021-08-18T00:00:00.000Z,פורטוגל,12,13,25
2021-08-18T00:00:00.000Z,פינלנד,47,49,96
2021-08-19T00:00:00.000Z,בוסניה הרצגובינה,27,18,45
2021-08-19T00:00:00.000Z,בולגריה,62,49,111
2021-08-19T00:00:00.000Z,בהמס,0,1,1
2021-08-19T00:00:00.000Z,אתיופיה,23,29,52
2021-08-19T00:00:00.000Z,ארצות הברית,1008,1676,2684
2021-08-19T00:00:00.000Z,ארמניה,30,27,57
2021-08-19T00:00:00.000Z,ארגנטינה,4,26,30
2021-08-19T00:00:00.000Z,אקואדור,0,2,2
2021-08-19T00:00:00.000Z,אלבניה,0,1,1
2021-08-19T00:00:00.000Z,אירלנד,5,5,10
2021-08-19T00:00:00.000Z,איסלנד,326,191,517
2021-08-19T00:00:00.000Z,איי סיישל,9,4,13
2021-08-19T00:00:00.000Z,איטליה,239,225,464
2021-08-19T00:00:00.000Z,אזרביג'אן,102,75,177
2021-08-19T00:00:00.000Z,אורגוואי,2,0,2
2021-08-19T00:00:00.000Z,אוקראינה,366,535,901
2021-08-19T00:00:00.000Z,אוסטרליה,2,9,11
2021-08-19T00:00:00.000Z,אוסטריה,305,306,611
2021-08-19T00:00:00.000Z,אוגנדה,1,1,2
2021-08-19T00:00:00.000Z,איחוד האמירויות הערב,28,34,62
2021-08-19T00:00:00.000Z,תורכיה,35,60,95
2021-08-19T00:00:00.000Z,שוויץ,122,130,252
2021-08-19T00:00:00.000Z,שוודיה,22,54,76
2021-08-19T00:00:00.000Z,רוסיה,42,90,132
2021-08-19T00:00:00.000Z,רומניה,98,108,206
2021-08-19T00:00:00.000Z,רואנדה,0,1,1
2021-08-19T00:00:00.000Z,קרואטיה,6,2,8
2021-08-19T00:00:00.000Z,קפריסין,20,26,46
2021-08-19T00:00:00.000Z,קניה,18,6,24
2021-08-19T00:00:00.000Z,קנדה,44,81,125
2021-08-19T00:00:00.000Z,קירג'זסטאן,1,0,1
2021-08-19T00:00:00.000Z,קזחסטאן,3,2,5
2021-08-19T00:00:00.000Z,קוריאה הדרומית,1,1,2
2021-08-19T00:00:00.000Z,קוסטה ריקה,5,11,16
2021-08-19T00:00:00.000Z,קולומביה,8,5,13
2021-08-19T00:00:00.000Z,צרפת,304,355,659
2021-08-19T00:00:00.000Z,צכיה,149,72,221
2021-08-19T00:00:00.000Z,צ'ילה,0,5,5
2021-08-19T00:00:00.000Z,פרו,4,6,10
2021-08-19T00:00:00.000Z,פרגוואי,7,2,9
2021-08-19T00:00:00.000Z,פנמה,7,4,11
2021-08-19T00:00:00.000Z,פינלנד,6,9,15
2021-08-19T00:00:00.000Z,פיליפינים,0,7,7
2021-08-19T00:00:00.000Z,פורטוגל,94,70,164
2021-08-19T00:00:00.000Z,פולינזיה הצרפתית,3,2,5
2021-08-19T00:00:00.000Z,פולין,37,21,58
2021-08-19T00:00:00.000Z,סרי לנקה (צילון),0,1,1
2021-08-19T00:00:00.000Z,סרביה,5,3,8
2021-08-19T00:00:00.000Z,ספרד,28,60,88
2021-08-19T00:00:00.000Z,סלובניה,4,2,6
2021-08-19T00:00:00.000Z,סין,1,0,1
2021-08-19T00:00:00.000Z,ניגריה,2,8,10
2021-08-19T00:00:00.000Z,נורבגיה,0,4,4
2021-08-19T00:00:00.000Z,מרוקו,64,81,145
2021-08-19T00:00:00.000Z,מקסיקו,0,4,4
2021-08-19T00:00:00.000Z,מצרים,410,347,757
2021-08-19T00:00:00.000Z,מלדיבים,17,10,27
2021-08-19T00:00:00.000Z,מזרח טימור,2,0,2
2021-08-19T00:00:00.000Z,מונקו,1,0,1
2021-08-19T00:00:00.000Z,מונטנגרו,111,80,191
2021-08-19T00:00:00.000Z,מולדובה,104,120,224
2021-08-19T00:00:00.000Z,מאלי,2,0,2
2021-08-19T00:00:00.000Z,ליטא,54,54,108
2021-08-19T00:00:00.000Z,לטביה,4,3,7
2021-08-19T00:00:00.000Z,כלל המדינות,6652,10170,16822
2021-08-19T00:00:00.000Z,ירדן,369,386,755
2021-08-19T00:00:00.000Z,יפן,0,2,2
2021-08-19T00:00:00.000Z,יוון,574,554,1128
2021-08-19T00:00:00.000Z,טנזניה,16,12,28
2021-08-19T00:00:00.000Z,טיוואן,1,0,1
2021-08-19T00:00:00.000Z,טג'יקיסטאן,0,3,3
2021-08-19T00:00:00.000Z,חוף השנהב,0,4,4
2021-08-19T00:00:00.000Z,זמביה,2,0,2
2021-08-19T00:00:00.000Z,זאיר,0,1,1
2021-08-19T00:00:00.000Z,הרפ הדומיניקנית,6,9,15
2021-08-19T00:00:00.000Z,הממלכה המאוחדת,133,279,412
2021-08-19T00:00:00.000Z,הונגריה,250,172,422
2021-08-19T00:00:00.000Z,הונג קונג,0,1,1
2021-08-19T00:00:00.000Z,הולנד,94,67,161
2021-08-19T00:00:00.000Z,הודו,4,1,5
2021-08-19T00:00:00.000Z,דרום סודאן,0,1,1
2021-08-19T00:00:00.000Z,דרום אפריקה,4,9,13
2021-08-19T00:00:00.000Z,דנמרק,36,66,102
2021-08-19T00:00:00.000Z,דומיניקה,1,0,1
2021-08-19T00:00:00.000Z,גרמניה,195,202,397
2021-08-19T00:00:00.000Z,גמייקה,1,0,1
2021-08-19T00:00:00.000Z,גינאה המשוונית,1,0,1
2021-08-19T00:00:00.000Z,גיברלטר,0,1,1
2021-08-19T00:00:00.000Z,גווטאמלה,0,1,1
2021-08-19T00:00:00.000Z,גאנה,2,2,4
2021-08-19T00:00:00.000Z,גאורגיה,71,88,159
2021-08-19T00:00:00.000Z,ברזיל,2,10,12
2021-08-19T00:00:00.000Z,בלגיה,21,43,64
2021-08-20T00:00:00.000Z,מונטנגרו,68,56,124
2021-08-20T00:00:00.000Z,איחוד האמירויות הערב,25,15,40
2021-08-20T00:00:00.000Z,תאילנד,1,3,4
2021-08-20T00:00:00.000Z,שוויץ,246,252,498
2021-08-20T00:00:00.000Z,שוודיה,15,13,28
2021-08-20T00:00:00.000Z,רוסיה,42,90,132
2021-08-20T00:00:00.000Z,רומניה,243,213,456
2021-08-20T00:00:00.000Z,רואנדה,0,1,1
2021-08-20T00:00:00.000Z,קרואטיה,24,15,39
2021-08-20T00:00:00.000Z,קפריסין,13,20,33
2021-08-20T00:00:00.000Z,קניה,1,0,1
2021-08-20T00:00:00.000Z,קנדה,29,67,96
2021-08-20T00:00:00.000Z,קירג'זסטאן,1,3,4
2021-08-20T00:00:00.000Z,קטר,0,4,4
2021-08-20T00:00:00.000Z,קזחסטאן,7,7,14
2021-08-20T00:00:00.000Z,קוריאה הדרומית,2,4,6
2021-08-20T00:00:00.000Z,קוסטה ריקה,3,2,5
2021-08-20T00:00:00.000Z,קולומביה,2,2,4
2021-08-20T00:00:00.000Z,צרפת,188,200,388
2021-08-20T00:00:00.000Z,צכיה,363,221,584
2021-08-20T00:00:00.000Z,פרו,0,1,1
2021-08-20T00:00:00.000Z,פרגוואי,2,0,2
2021-08-20T00:00:00.000Z,פנמה,1,0,1
2021-08-20T00:00:00.000Z,פינלנד,50,53,103
2021-08-20T00:00:00.000Z,פיליפינים,4,7,11
2021-08-20T00:00:00.000Z,פורטוגל,25,13,38
2021-08-20T00:00:00.000Z,פולין,81,49,130
2021-08-20T00:00:00.000Z,סרי לנקה (צילון),1,1,2
2021-08-20T00:00:00.000Z,סרביה,126,101,227
2021-08-20T00:00:00.000Z,ספרד,4,6,10
2021-08-20T00:00:00.000Z,סנגל,1,0,1
2021-08-20T00:00:00.000Z,סלובקיה,1,0,1
2021-08-20T00:00:00.000Z,סלובניה,15,3,18
2021-08-20T00:00:00.000Z,סינגפור,0,3,3
2021-08-20T00:00:00.000Z,סין,5,0,5
2021-08-20T00:00:00.000Z,ניגריה,0,3,3
2021-08-20T00:00:00.000Z,נורבגיה,3,2,5
2021-08-20T00:00:00.000Z,מרוקו,14,5,19
2021-08-20T00:00:00.000Z,מקסיקו,1,1,2
2021-08-20T00:00:00.000Z,מקדוניה,11,1,12
2021-08-20T00:00:00.000Z,מצרים,353,425,778
2021-08-20T00:00:00.000Z,מלטה,1,0,1
2021-08-20T00:00:00.000Z,מלדיבים,27,8,35
2021-08-20T00:00:00.000Z,מיאנמר (בורמה),0,1,1
2021-08-20T00:00:00.000Z,מונקו,5,1,6
2021-08-20T00:00:00.000Z,תורכיה,52,67,119
2021-08-20T00:00:00.000Z,מולדובה,58,56,114
2021-08-20T00:00:00.000Z,ליטא,4,8,12
2021-08-20T00:00:00.000Z,לטביה,14,4,18
2021-08-20T00:00:00.000Z,כלל המדינות,5887,7924,13811
2021-08-20T00:00:00.000Z,ירדן,3,7,10
2021-08-20T00:00:00.000Z,יפן,0,3,3
2021-08-20T00:00:00.000Z,יוון,285,347,632
2021-08-20T00:00:00.000Z,טנזניה,0,1,1
2021-08-20T00:00:00.000Z,ונצואלה,1,2,3
2021-08-20T00:00:00.000Z,ונואטו,0,1,1
2021-08-20T00:00:00.000Z,ויטנאם,0,3,3
2021-08-20T00:00:00.000Z,הרפ הדומיניקנית,7,5,12
2021-08-20T00:00:00.000Z,הממלכה המאוחדת,28,47,75
2021-08-20T00:00:00.000Z,הונגריה,147,108,255
2021-08-20T00:00:00.000Z,הונג קונג,0,1,1
2021-08-20T00:00:00.000Z,הולנד,97,123,220
2021-08-20T00:00:00.000Z,הודו,0,1,1
2021-08-20T00:00:00.000Z,דנמרק,16,21,37
2021-08-20T00:00:00.000Z,גרנדה,1,0,1
2021-08-20T00:00:00.000Z,גרמניה,280,386,666
2021-08-20T00:00:00.000Z,גינאה המשוונית,1,0,1
2021-08-20T00:00:00.000Z,גאורגיה,2,2,4
2021-08-20T00:00:00.000Z,ברזיל,1,0,1
2021-08-20T00:00:00.000Z,בלגיה,32,63,95
2021-08-20T00:00:00.000Z,בילורוסיה,19,46,65
2021-08-20T00:00:00.000Z,בורקינה פאסו,1,1,2
2021-08-20T00:00:00.000Z,בוסניה הרצגובינה,35,16,51
2021-08-20T00:00:00.000Z,בולגריה,78,81,159
2021-08-20T00:00:00.000Z,אתיופיה,0,1,1
2021-08-20T00:00:00.000Z,ארצות הברית,1008,1287,2295
2021-08-20T00:00:00.000Z,ארמניה,8,5,13
2021-08-20T00:00:00.000Z,אקואדור,1,0,1
2021-08-20T00:00:00.000Z,אסטוניה,1,4,5
2021-08-20T00:00:00.000Z,אירלנד,1,1,2
2021-08-20T00:00:00.000Z,איסלנד,15,14,29
2021-08-20T00:00:00.000Z,אינדונזיה,0,1,1
2021-08-20T00:00:00.000Z,איי סיישל,2,0,2
2021-08-20T00:00:00.000Z,איטליה,217,151,368
2021-08-20T00:00:00.000Z,אזרביג'אן,33,14,47
2021-08-20T00:00:00.000Z,אורגוואי,1,0,1
2021-08-20T00:00:00.000Z,אוקראינה,360,285,645
2021-08-20T00:00:00.000Z,אוסטרליה,0,6,6
2021-08-20T00:00:00.000Z,אוסטריה,614,558,1172
2021-08-20T00:00:00.000Z,אוזבקיסטן,2,26,28
2021-08-20T00:00:00.000Z,אבחזיסטאן,1,0,1
2021-08-21T00:00:00.000Z,גבון,0,1,1
2021-08-21T00:00:00.000Z,גרמניה,106,114,220
2021-08-21T00:00:00.000Z,דנמרק,10,13,23
2021-08-21T00:00:00.000Z,דרום אפריקה,0,2,2
2021-08-21T00:00:00.000Z,הודו,3,7,10
2021-08-21T00:00:00.000Z,הולנד,79,70,149
2021-08-21T00:00:00.000Z,הונגריה,206,179,385
2021-08-21T00:00:00.000Z,הממלכה המאוחדת,26,56,82
2021-08-21T00:00:00.000Z,הרפ הדומיניקנית,1,1,2
2021-08-21T00:00:00.000Z,זאיר,1,0,1
2021-08-21T00:00:00.000Z,זימבאבווה,2,0,2
2021-08-21T00:00:00.000Z,זמביה,0,1,1
2021-08-21T00:00:00.000Z,חוף השנהב,0,1,1
2021-08-21T00:00:00.000Z,טוגו,1,1,2
2021-08-21T00:00:00.000Z,טנזניה,7,9,16
2021-08-21T00:00:00.000Z,יוון,246,214,460
2021-08-21T00:00:00.000Z,יפן,2,3,5
2021-08-21T00:00:00.000Z,ירדן,1,0,1
2021-08-21T00:00:00.000Z,כלל המדינות,3061,5140,8201
2021-08-21T00:00:00.000Z,מאוריציוס,0,1,1
2021-08-21T00:00:00.000Z,מאלי,2,0,2
2021-08-21T00:00:00.000Z,מולדובה,4,0,4
2021-08-21T00:00:00.000Z,מונקו,6,0,6
2021-08-21T00:00:00.000Z,מלדיבים,11,9,20
2021-08-21T00:00:00.000Z,מלטה,0,2,2
2021-08-21T00:00:00.000Z,מצרים,316,342,658
2021-08-21T00:00:00.000Z,מקדוניה,0,2,2
2021-08-21T00:00:00.000Z,מקסיקו,0,1,1
2021-08-21T00:00:00.000Z,איחוד האמירויות הערב,27,9,36
2021-08-21T00:00:00.000Z,לוכסמבורג,1,4,5
2021-08-21T00:00:00.000Z,לטביה,24,23,47
2021-08-21T00:00:00.000Z,אוגנדה,5,0,5
2021-08-21T00:00:00.000Z,אוזבקיסטן,0,2,2
2021-08-21T00:00:00.000Z,אוסטריה,304,332,636
2021-08-21T00:00:00.000Z,אוסטרליה,3,3,6
2021-08-21T00:00:00.000Z,אוקראינה,153,129,282
2021-08-21T00:00:00.000Z,אורגוואי,3,2,5
2021-08-21T00:00:00.000Z,אזרביג'אן,8,0,8
2021-08-21T00:00:00.000Z,איטליה,77,104,181
2021-08-21T00:00:00.000Z,איסלנד,26,29,55
2021-08-21T00:00:00.000Z,אירלנד,6,3,9
2021-08-21T00:00:00.000Z,אל סלבדור,1,0,1
2021-08-21T00:00:00.000Z,אלבניה,2,4,6
2021-08-21T00:00:00.000Z,אסטוניה,1,7,8
2021-08-21T00:00:00.000Z,ארגנטינה,0,1,1
2021-08-21T00:00:00.000Z,ארמניה,1,1,2
2021-08-21T00:00:00.000Z,ארצות הברית,379,716,1095
2021-08-21T00:00:00.000Z,אתיופיה,15,16,31
2021-08-21T00:00:00.000Z,בולגריה,50,49,99
2021-08-21T00:00:00.000Z,בוסניה הרצגובינה,3,2,5
2021-08-21T00:00:00.000Z,בלגיה,5,5,10
2021-08-21T00:00:00.000Z,ברזיל,0,1,1
2021-08-21T00:00:00.000Z,גאורגיה,1,6,7
2021-08-21T00:00:00.000Z,גאנה,1,0,1
2021-08-21T00:00:00.000Z,תורכיה,30,43,73
2021-08-21T00:00:00.000Z,תאילנד,2,0,2
2021-08-21T00:00:00.000Z,שוויץ,90,78,168
2021-08-21T00:00:00.000Z,שוודיה,10,14,24
2021-08-21T00:00:00.000Z,רוסיה,4,3,7
2021-08-21T00:00:00.000Z,רומניה,166,158,324
2021-08-21T00:00:00.000Z,רואנדה,0,1,1
2021-08-21T00:00:00.000Z,קרואטיה,7,2,9
2021-08-21T00:00:00.000Z,קפריסין,16,19,35
2021-08-21T00:00:00.000Z,קניה,3,4,7
2021-08-21T00:00:00.000Z,קנדה,5,41,46
2021-08-21T00:00:00.000Z,קמרון,0,1,1
2021-08-21T00:00:00.000Z,קירג'זסטאן,0,1,1
2021-08-21T00:00:00.000Z,קטר,0,1,1
2021-08-21T00:00:00.000Z,קוריאה הדרומית,5,5,10
2021-08-21T00:00:00.000Z,קוסטה ריקה,1,3,4
2021-08-21T00:00:00.000Z,צרפת,161,162,323
2021-08-21T00:00:00.000Z,צכיה,125,101,226
2021-08-21T00:00:00.000Z,פרו,0,4,4
2021-08-21T00:00:00.000Z,פרגוואי,2,3,5
2021-08-21T00:00:00.000Z,פנמה,1,0,1
2021-08-21T00:00:00.000Z,פינלנד,2,7,9
2021-08-21T00:00:00.000Z,פיליפינים,0,2,2
2021-08-21T00:00:00.000Z,פורטוגל,20,10,30
2021-08-21T00:00:00.000Z,פולין,83,94,177
2021-08-21T00:00:00.000Z,סרי לנקה (צילון),3,5,8
2021-08-21T00:00:00.000Z,סרביה,0,2,2
2021-08-21T00:00:00.000Z,ספרד,5,10,15
2021-08-21T00:00:00.000Z,סנגל,1,1,2
2021-08-21T00:00:00.000Z,סלובניה,6,2,8
2021-08-21T00:00:00.000Z,סינגפור,1,1,2
2021-08-21T00:00:00.000Z,סין,0,62,62
2021-08-21T00:00:00.000Z,נורבגיה,0,1,1
2021-08-21T00:00:00.000Z,מרוקו,2,5,7
2021-08-21T00:00:00.000Z,ליטא,12,12,24
2021-08-22T00:00:00.000Z,מצרים,450,366,816
2021-08-22T00:00:00.000Z,אוגנדה,1,1,2
2021-08-22T00:00:00.000Z,סודן,2,0,2
2021-08-22T00:00:00.000Z,סומליה,0,1,1
2021-08-22T00:00:00.000Z,סוריה,3,2,5
2021-08-22T00:00:00.000Z,סלובניה,0,9,9
2021-08-22T00:00:00.000Z,ספרד,7,9,16
2021-08-22T00:00:00.000Z,סרביה,3,3,6
2021-08-22T00:00:00.000Z,סרי לנקה (צילון),0,1,1
2021-08-22T00:00:00.000Z,עומן,1,0,1
2021-08-22T00:00:00.000Z,פולין,52,26,78
2021-08-22T00:00:00.000Z,פורטוגל,13,8,21
2021-08-22T00:00:00.000Z,פיליפינים,0,25,25
2021-08-22T00:00:00.000Z,פינלנד,5,6,11
2021-08-22T00:00:00.000Z,פנמה,1,1,2
2021-08-22T00:00:00.000Z,פרגוואי,2,1,3
2021-08-22T00:00:00.000Z,פרו,6,5,11
2021-08-22T00:00:00.000Z,צ'ילה,0,1,1
2021-08-22T00:00:00.000Z,צכיה,424,271,695
2021-08-22T00:00:00.000Z,צרפת,393,429,822
2021-08-22T00:00:00.000Z,קולומביה,1,4,5
2021-08-22T00:00:00.000Z,קוסטה ריקה,3,4,7
2021-08-22T00:00:00.000Z,קוריאה הדרומית,3,10,13
2021-08-22T00:00:00.000Z,קזחסטאן,1,1,2
2021-08-22T00:00:00.000Z,קטר,0,1,1
2021-08-22T00:00:00.000Z,קירג'זסטאן,1,0,1
2021-08-22T00:00:00.000Z,קנדה,25,66,91
2021-08-22T00:00:00.000Z,קפריסין,40,44,84
2021-08-22T00:00:00.000Z,קרואטיה,10,18,28
2021-08-22T00:00:00.000Z,רומניה,186,103,289
2021-08-22T00:00:00.000Z,רוסיה,58,192,250
2021-08-22T00:00:00.000Z,שוודיה,32,57,89
2021-08-22T00:00:00.000Z,שוויץ,215,273,488
2021-08-22T00:00:00.000Z,תאילנד,0,3,3
2021-08-22T00:00:00.000Z,תורכיה,58,59,117
2021-08-22T00:00:00.000Z,איחוד האמירויות הערב,34,20,54
2021-08-22T00:00:00.000Z,ניגריה,0,4,4
2021-08-22T00:00:00.000Z,נורבגיה,1,7,8
2021-08-22T00:00:00.000Z,מרוקו,5,10,15
2021-08-22T00:00:00.000Z,מקסיקו,0,5,5
2021-08-22T00:00:00.000Z,נפאל,2,1,3
2021-08-22T00:00:00.000Z,מלטה,0,6,6
2021-08-22T00:00:00.000Z,מלדיבים,20,9,29
2021-08-22T00:00:00.000Z,מונקו,5,3,8
2021-08-22T00:00:00.000Z,מונטנגרו,123,66,189
2021-08-22T00:00:00.000Z,מולדובה,112,150,262
2021-08-22T00:00:00.000Z,ליטא,45,76,121
2021-08-22T00:00:00.000Z,לוכסמבורג,0,1,1
2021-08-22T00:00:00.000Z,כלל המדינות,6418,9012,15430
2021-08-22T00:00:00.000Z,ירדן,415,364,779
2021-08-22T00:00:00.000Z,יפן,2,4,6
2021-08-22T00:00:00.000Z,יוון,575,566,1141
2021-08-22T00:00:00.000Z,טרינידד וטובגו,1,0,1
2021-08-22T00:00:00.000Z,הממלכה המאוחדת,123,216,339
2021-08-22T00:00:00.000Z,הונגריה,382,232,614
2021-08-22T00:00:00.000Z,הולנד,129,145,274
2021-08-22T00:00:00.000Z,הודו,1,5,6
2021-08-22T00:00:00.000Z,דנמרק,21,43,64
2021-08-22T00:00:00.000Z,גרמניה,208,228,436
2021-08-22T00:00:00.000Z,גויאנה הצרפתית,2,0,2
2021-08-22T00:00:00.000Z,גווטאמלה,1,1,2
2021-08-22T00:00:00.000Z,גאורגיה,61,96,157
2021-08-22T00:00:00.000Z,ברזיל,1,0,1
2021-08-22T00:00:00.000Z,בלגיה,38,72,110
2021-08-22T00:00:00.000Z,בילורוסיה,24,64,88
2021-08-22T00:00:00.000Z,בוסניה הרצגובינה,12,15,27
2021-08-22T00:00:00.000Z,בולגריה,63,85,148
2021-08-22T00:00:00.000Z,ארצות הברית,628,1008,1636
2021-08-22T00:00:00.000Z,ארמניה,2,2,4
2021-08-22T00:00:00.000Z,אסטוניה,4,2,6
2021-08-22T00:00:00.000Z,אלבניה,3,1,4
2021-08-22T00:00:00.000Z,אירלנד,2,2,4
2021-08-22T00:00:00.000Z,איסלנד,18,13,31
2021-08-22T00:00:00.000Z,איי קיימן,0,2,2
2021-08-22T00:00:00.000Z,איטליה,250,290,540
2021-08-22T00:00:00.000Z,אזרביג'אן,72,64,136
2021-08-22T00:00:00.000Z,אוקראינה,326,306,632
2021-08-22T00:00:00.000Z,אוסטרליה,2,22,24
2021-08-22T00:00:00.000Z,אוסטריה,263,249,512
2021-08-22T00:00:00.000Z,אוזבקיסטן,4,3,7
2021-08-23T00:00:00.000Z,פרגוואי,1,0,1
2021-08-23T00:00:00.000Z,סרביה,110,98,208
2021-08-23T00:00:00.000Z,סרי לנקה (צילון),0,3,3
2021-08-23T00:00:00.000Z,פולין,83,82,165
2021-08-23T00:00:00.000Z,פורטוגל,89,58,147
2021-08-23T00:00:00.000Z,פיליפינים,1,2,3
2021-08-23T00:00:00.000Z,פינלנד,20,9,29
2021-08-23T00:00:00.000Z,פנמה,0,6,6
2021-08-23T00:00:00.000Z,מרוקו,1,3,4
2021-08-23T00:00:00.000Z,פרו,4,2,6
2021-08-23T00:00:00.000Z,צ'ילה,2,10,12
2021-08-23T00:00:00.000Z,צכיה,390,252,642
2021-08-23T00:00:00.000Z,צרפת,307,381,688
2021-08-23T00:00:00.000Z,קולומביה,1,1,2
2021-08-23T00:00:00.000Z,קונגו,0,1,1
2021-08-23T00:00:00.000Z,קוסובו,3,0,3
2021-08-23T00:00:00.000Z,קוסטה ריקה,20,16,36
2021-08-23T00:00:00.000Z,קזחסטאן,2,2,4
2021-08-23T00:00:00.000Z,קטר,1,0,1
2021-08-23T00:00:00.000Z,קמרון,1,0,1
2021-08-23T00:00:00.000Z,אוגנדה,5,2,7
2021-08-23T00:00:00.000Z,אוזבקיסטן,0,5,5
2021-08-23T00:00:00.000Z,אוסטריה,570,469,1039
2021-08-23T00:00:00.000Z,אוסטרליה,6,8,14
2021-08-23T00:00:00.000Z,אוקראינה,284,256,540
2021-08-23T00:00:00.000Z,אורגוואי,4,11,15
2021-08-23T00:00:00.000Z,אזרביג'אן,4,1,5
2021-08-23T00:00:00.000Z,איטליה,216,224,440
2021-08-23T00:00:00.000Z,איי גילברט ואליס,2,0,2
2021-08-23T00:00:00.000Z,איי סיישל,32,33,65
2021-08-23T00:00:00.000Z,איסלנד,54,40,94
2021-08-23T00:00:00.000Z,אירלנד,2,3,5
2021-08-23T00:00:00.000Z,אלבניה,3,6,9
2021-08-23T00:00:00.000Z,אסטוניה,4,6,10
2021-08-23T00:00:00.000Z,אקואדור,3,4,7
2021-08-23T00:00:00.000Z,ארגנטינה,9,8,17
2021-08-23T00:00:00.000Z,ארמניה,1,0,1
2021-08-23T00:00:00.000Z,ברזיל,4,41,45
2021-08-23T00:00:00.000Z,איחוד האמירויות הערב,22,14,36
2021-08-23T00:00:00.000Z,קנדה,50,223,273
2021-08-23T00:00:00.000Z,בלגיה,84,122,206
2021-08-23T00:00:00.000Z,בוסניה הרצגובינה,49,27,76
2021-08-23T00:00:00.000Z,בולגריה,66,94,160
2021-08-23T00:00:00.000Z,בוטסואנה,2,0,2
2021-08-23T00:00:00.000Z,אתיופיה,23,19,42
2021-08-23T00:00:00.000Z,ארצות הברית,1029,2532,3561
2021-08-23T00:00:00.000Z,ניגריה,0,5,5
2021-08-23T00:00:00.000Z,נורבגיה,1,4,5
2021-08-23T00:00:00.000Z,מקסיקו,3,3,6
2021-08-23T00:00:00.000Z,מקדוניה,1,0,1
2021-08-23T00:00:00.000Z,מקאו,3,2,5
2021-08-23T00:00:00.000Z,מצרים,341,268,609
2021-08-23T00:00:00.000Z,מלדיבים,19,16,35
2021-08-23T00:00:00.000Z,מונקו,4,5,9
2021-08-23T00:00:00.000Z,מונטנגרו,61,50,111
2021-08-23T00:00:00.000Z,מולדובה,58,47,105
2021-08-23T00:00:00.000Z,ליטא,6,3,9
2021-08-23T00:00:00.000Z,ליבריה,2,0,2
2021-08-23T00:00:00.000Z,לטביה,1,2,3
2021-08-23T00:00:00.000Z,לוכסמבורג,2,5,7
2021-08-23T00:00:00.000Z,כלל המדינות,6255,10198,16453
2021-08-23T00:00:00.000Z,ירדן,158,315,473
2021-08-23T00:00:00.000Z,יפן,0,2,2
2021-08-23T00:00:00.000Z,יוון,216,247,463
2021-08-23T00:00:00.000Z,טנזניה,67,43,110
2021-08-23T00:00:00.000Z,טיוואן,0,2,2
2021-08-23T00:00:00.000Z,טג'יקיסטאן,10,8,18
2021-08-23T00:00:00.000Z,זמביה,1,0,1
2021-08-23T00:00:00.000Z,זאיר,0,1,1
2021-08-23T00:00:00.000Z,הממלכה המאוחדת,154,268,422
2021-08-23T00:00:00.000Z,הונגריה,216,103,319
2021-08-23T00:00:00.000Z,הונג קונג,0,1,1
2021-08-23T00:00:00.000Z,הולנד,66,55,121
2021-08-23T00:00:00.000Z,הודו,35,122,157
2021-08-23T00:00:00.000Z,דרום סודאן,0,2,2
2021-08-23T00:00:00.000Z,דרום אפריקה,4,7,11
2021-08-23T00:00:00.000Z,דנמרק,13,16,29
2021-08-23T00:00:00.000Z,גרמניה,227,296,523
2021-08-23T00:00:00.000Z,גווטאמלה,0,3,3
2021-08-23T00:00:00.000Z,גאנה,0,1,1
2021-08-23T00:00:00.000Z,גאורגיה,0,1,1
2021-08-23T00:00:00.000Z,סין,0,1,1
2021-08-23T00:00:00.000Z,סינגפור,0,1,1
2021-08-23T00:00:00.000Z,סלובניה,0,1,1
2021-08-23T00:00:00.000Z,ספרד,19,36,55
2021-08-23T00:00:00.000Z,תימן,0,1,1
2021-08-23T00:00:00.000Z,תורכמניסטאן,0,1,1
2021-08-23T00:00:00.000Z,תורכיה,80,74,154
2021-08-23T00:00:00.000Z,שוויץ,188,188,376
2021-08-23T00:00:00.000Z,שוודיה,20,15,35
2021-08-23T00:00:00.000Z,רוסיה,46,95,141
2021-08-23T00:00:00.000Z,רומניה,132,118,250
2021-08-23T00:00:00.000Z,רואנדה,0,1,1
2021-08-23T00:00:00.000Z,קרואטיה,31,21,52
2021-08-23T00:00:00.000Z,קפריסין,26,28,54
2021-08-23T00:00:00.000Z,קניה,10,6,16
2021-08-24T00:00:00.000Z,קמרון,4,0,4
2021-08-24T00:00:00.000Z,קנדה,43,120,163
2021-08-24T00:00:00.000Z,קניה,22,15,37
2021-08-24T00:00:00.000Z,קפריסין,55,52,107
2021-08-24T00:00:00.000Z,קרואטיה,12,8,20
2021-08-24T00:00:00.000Z,רואנדה,1,0,1
2021-08-24T00:00:00.000Z,רומניה,88,78,166
2021-08-24T00:00:00.000Z,קולומביה,3,0,3
2021-08-24T00:00:00.000Z,שוודיה,16,18,34
2021-08-24T00:00:00.000Z,שוויץ,89,118,207
2021-08-24T00:00:00.000Z,תאילנד,65,107,172
2021-08-24T00:00:00.000Z,תוניסיה,6,3,9
2021-08-24T00:00:00.000Z,תורכיה,49,43,92
2021-08-24T00:00:00.000Z,אוזבקיסטן,10,111,121
2021-08-24T00:00:00.000Z,אוסטריה,392,334,726
2021-08-24T00:00:00.000Z,אוסטרליה,3,4,7
2021-08-24T00:00:00.000Z,אוקראינה,166,187,353
2021-08-24T00:00:00.000Z,אורגוואי,2,6,8
2021-08-24T00:00:00.000Z,איטליה,76,105,181
2021-08-24T00:00:00.000Z,איי גילברט ואליס,0,1,1
2021-08-24T00:00:00.000Z,איסלנד,33,33,66
2021-08-24T00:00:00.000Z,אירלנד,1,3,4
2021-08-24T00:00:00.000Z,אלבניה,0,1,1
2021-08-24T00:00:00.000Z,אלגיריה,1,0,1
2021-08-24T00:00:00.000Z,אנגולה,1,2,3
2021-08-24T00:00:00.000Z,אסטוניה,1,7,8
2021-08-24T00:00:00.000Z,אקואדור,0,1,1
2021-08-24T00:00:00.000Z,ארגנטינה,0,3,3
2021-08-24T00:00:00.000Z,ארמניה,7,3,10
2021-08-24T00:00:00.000Z,ארצות הברית,760,2025,2785
2021-08-24T00:00:00.000Z,אתיופיה,15,19,34
2021-08-24T00:00:00.000Z,בולגריה,26,37,63
2021-08-24T00:00:00.000Z,איחוד האמירויות הערב,30,19,49
2021-08-24T00:00:00.000Z,בוסניה הרצגובינה,9,5,14
2021-08-24T00:00:00.000Z,בלגיה,4,2,6
2021-08-24T00:00:00.000Z,ברזיל,1,11,12
2021-08-24T00:00:00.000Z,גאורגיה,0,1,1
2021-08-24T00:00:00.000Z,גאנה,3,2,5
2021-08-24T00:00:00.000Z,גיבוטי,1,0,1
2021-08-24T00:00:00.000Z,גרמניה,174,186,360
2021-08-24T00:00:00.000Z,דנמרק,22,31,53
2021-08-24T00:00:00.000Z,דרום אפריקה,5,14,19
2021-08-24T00:00:00.000Z,הודו,4,0,4
2021-08-24T00:00:00.000Z,הולנד,92,84,176
2021-08-24T00:00:00.000Z,הונג קונג,5,17,22
2021-08-24T00:00:00.000Z,הונגריה,281,212,493
2021-08-24T00:00:00.000Z,הממלכה המאוחדת,112,122,234
2021-08-24T00:00:00.000Z,זמביה,1,0,1
2021-08-24T00:00:00.000Z,חוף השנהב,3,1,4
2021-08-24T00:00:00.000Z,טוגו,2,1,3
2021-08-24T00:00:00.000Z,טנזניה,12,9,21
2021-08-24T00:00:00.000Z,יוון,314,300,614
2021-08-24T00:00:00.000Z,יפן,1,1,2
2021-08-24T00:00:00.000Z,ירדן,100,68,168
2021-08-24T00:00:00.000Z,כלל המדינות,4751,7879,12630
2021-08-24T00:00:00.000Z,לטביה,16,45,61
2021-08-24T00:00:00.000Z,ליטא,11,0,11
2021-08-24T00:00:00.000Z,מאלי,2,0,2
2021-08-24T00:00:00.000Z,מולדובה,66,65,131
2021-08-24T00:00:00.000Z,מונטנגרו,4,4,8
2021-08-24T00:00:00.000Z,מלדיבים,16,15,31
2021-08-24T00:00:00.000Z,מצרים,254,256,510
2021-08-24T00:00:00.000Z,מקסיקו,2,4,6
2021-08-24T00:00:00.000Z,מרוקו,4,8,12
2021-08-24T00:00:00.000Z,מרטיניק,0,1,1
2021-08-24T00:00:00.000Z,נורבגיה,3,8,11
2021-08-24T00:00:00.000Z,ניגריה,1,0,1
2021-08-24T00:00:00.000Z,נמיביה,0,1,1
2021-08-24T00:00:00.000Z,סוריה,1,2,3
2021-08-24T00:00:00.000Z,סיירה ליאונה,1,0,1
2021-08-24T00:00:00.000Z,סין,1,4,5
2021-08-24T00:00:00.000Z,סינגפור,1,1,2
2021-08-24T00:00:00.000Z,סלובניה,2,3,5
2021-08-24T00:00:00.000Z,ספרד,4,2,6
2021-08-24T00:00:00.000Z,סרביה,1,1,2
2021-08-24T00:00:00.000Z,סרי לנקה (צילון),1,1,2
2021-08-24T00:00:00.000Z,פולין,88,74,162
2021-08-24T00:00:00.000Z,פורטוגל,14,11,25
2021-08-24T00:00:00.000Z,פיליפינים,0,4,4
2021-08-24T00:00:00.000Z,פינלנד,12,6,18
2021-08-24T00:00:00.000Z,פנמה,6,2,8
2021-08-24T00:00:00.000Z,פרגוואי,0,4,4
2021-08-24T00:00:00.000Z,פרו,2,2,4
2021-08-24T00:00:00.000Z,צכיה,371,224,595
2021-08-24T00:00:00.000Z,צרפת,282,313,595
2021-08-24T00:00:00.000Z,קובה,2,0,2
2021-08-24T00:00:00.000Z,קוסובו,1,0,1
2021-08-24T00:00:00.000Z,קוסטה ריקה,3,7,10
2021-08-24T00:00:00.000Z,קזחסטאן,4,24,28
2021-08-24T00:00:00.000Z,קירג'זסטאן,0,1,1
2021-08-24T00:00:00.000Z,רוסיה,59,85,144
2021-08-25T00:00:00.000Z,איחוד האמירויות הערב,40,32,72
2021-08-25T00:00:00.000Z,תורכיה,19,33,52
2021-08-25T00:00:00.000Z,תאילנד,0,3,3
2021-08-25T00:00:00.000Z,שוויץ,150,164,314
2021-08-25T00:00:00.000Z,שוודיה,3,2,5
2021-08-25T00:00:00.000Z,רוסיה,37,92,129
2021-08-25T00:00:00.000Z,רומניה,104,103,207
2021-08-25T00:00:00.000Z,רואנדה,2,0,2
2021-08-25T00:00:00.000Z,קרואטיה,14,18,32
2021-08-25T00:00:00.000Z,קפריסין,26,15,41
2021-08-25T00:00:00.000Z,קניה,0,1,1
2021-08-25T00:00:00.000Z,קנדה,44,123,167
2021-08-25T00:00:00.000Z,קמרון,0,1,1
2021-08-25T00:00:00.000Z,קירג'זסטאן,1,0,1
2021-08-25T00:00:00.000Z,קזחסטאן,0,1,1
2021-08-25T00:00:00.000Z,קוריאה הדרומית,5,1,6
2021-08-25T00:00:00.000Z,קוסטה ריקה,1,1,2
2021-08-25T00:00:00.000Z,צרפת,370,459,829
2021-08-25T00:00:00.000Z,צכיה,294,188,482
2021-08-25T00:00:00.000Z,פרו,3,3,6
2021-08-25T00:00:00.000Z,פרגוואי,7,6,13
2021-08-25T00:00:00.000Z,פנמה,1,0,1
2021-08-25T00:00:00.000Z,פינלנד,43,64,107
2021-08-25T00:00:00.000Z,פיליפינים,0,32,32
2021-08-25T00:00:00.000Z,פורטוגל,28,25,53
2021-08-25T00:00:00.000Z,פולין,41,21,62
2021-08-25T00:00:00.000Z,עירק,0,2,2
2021-08-25T00:00:00.000Z,סרי לנקה (צילון),5,15,20
2021-08-25T00:00:00.000Z,סרביה,50,40,90
2021-08-25T00:00:00.000Z,ספרד,5,3,8
2021-08-25T00:00:00.000Z,סנגל,1,1,2
2021-08-25T00:00:00.000Z,סלובניה,79,52,131
2021-08-25T00:00:00.000Z,סינגפור,0,2,2
2021-08-25T00:00:00.000Z,סין,0,2,2
2021-08-25T00:00:00.000Z,סורינם,1,0,1
2021-08-25T00:00:00.000Z,סוריה,2,2,4
2021-08-25T00:00:00.000Z,סומליה,0,2,2
2021-08-25T00:00:00.000Z,ניגריה,1,5,6
2021-08-25T00:00:00.000Z,ניגר,4,1,5
2021-08-25T00:00:00.000Z,נורבגיה,1,8,9
2021-08-25T00:00:00.000Z,מרוקו,1,0,1
2021-08-25T00:00:00.000Z,מקסיקו,1,2,3
2021-08-25T00:00:00.000Z,מקדוניה,0,7,7
2021-08-25T00:00:00.000Z,מצרים,204,179,383
2021-08-25T00:00:00.000Z,מלטה,1,0,1
2021-08-25T00:00:00.000Z,מלדיבים,17,18,35
2021-08-25T00:00:00.000Z,מלאווי,1,2,3
2021-08-25T00:00:00.000Z,מונקו,0,2,2
2021-08-25T00:00:00.000Z,מונטנגרו,93,45,138
2021-08-25T00:00:00.000Z,אוגנדה,9,8,17
2021-08-25T00:00:00.000Z,מוזמביק,1,1,2
2021-08-25T00:00:00.000Z,ליטא,1,3,4
2021-08-25T00:00:00.000Z,לוכסמבורג,0,2,2
2021-08-25T00:00:00.000Z,כלל המדינות,5365,8214,13579
2021-08-25T00:00:00.000Z,ירדן,110,101,211
2021-08-25T00:00:00.000Z,יפן,0,2,2
2021-08-25T00:00:00.000Z,יוון,125,113,238
2021-08-25T00:00:00.000Z,טנזניה,98,48,146
2021-08-25T00:00:00.000Z,טיוואן,1,0,1
2021-08-25T00:00:00.000Z,זמביה,0,2,2
2021-08-25T00:00:00.000Z,זימבאבווה,0,4,4
2021-08-25T00:00:00.000Z,ונצואלה,0,20,20
2021-08-25T00:00:00.000Z,הממלכה המאוחדת,44,124,168
2021-08-25T00:00:00.000Z,הונגריה,164,132,296
2021-08-25T00:00:00.000Z,הונג קונג,1,0,1
2021-08-25T00:00:00.000Z,הולנד,108,105,213
2021-08-25T00:00:00.000Z,הודו,2,1,3
2021-08-25T00:00:00.000Z,האנטילים ההולנדים,0,1,1
2021-08-25T00:00:00.000Z,דרום אפריקה,7,50,57
2021-08-25T00:00:00.000Z,דרום אמריקה,0,1,1
2021-08-25T00:00:00.000Z,דנמרק,5,10,15
2021-08-25T00:00:00.000Z,דומיניקה,1,0,1
2021-08-25T00:00:00.000Z,גרמניה,184,207,391
2021-08-25T00:00:00.000Z,גאנה,7,6,13
2021-08-25T00:00:00.000Z,גאורגיה,0,1,1
2021-08-25T00:00:00.000Z,ברזיל,1,1,2
2021-08-25T00:00:00.000Z,בלגיה,37,41,78
2021-08-25T00:00:00.000Z,בילורוסיה,33,66,99
2021-08-25T00:00:00.000Z,בוסניה הרצגובינה,22,11,33
2021-08-25T00:00:00.000Z,בולגריה,49,69,118
2021-08-25T00:00:00.000Z,בוטסואנה,0,1,1
2021-08-25T00:00:00.000Z,אתיופיה,27,34,61
2021-08-25T00:00:00.000Z,ארצות הברית,998,1833,2831
2021-08-25T00:00:00.000Z,ארמניה,1,0,1
2021-08-25T00:00:00.000Z,אקואדור,2,0,2
2021-08-25T00:00:00.000Z,אסטוניה,6,1,7
2021-08-25T00:00:00.000Z,אנגולה,0,3,3
2021-08-25T00:00:00.000Z,אלבניה,1,2,3
2021-08-25T00:00:00.000Z,אירלנד,6,2,8
2021-08-25T00:00:00.000Z,איסלנד,10,0,10
2021-08-25T00:00:00.000Z,איי שלמה הבריטיים,2,0,2
2021-08-25T00:00:00.000Z,איי סיישל,1,1,2
2021-08-25T00:00:00.000Z,איי הבתולה,1,1,2
2021-08-25T00:00:00.000Z,איטליה,223,205,428
2021-08-25T00:00:00.000Z,אזרביג'אן,1,56,57
2021-08-25T00:00:00.000Z,אוקראינה,369,398,767
2021-08-25T00:00:00.000Z,אוסטרליה,7,19,26
2021-08-25T00:00:00.000Z,אוסטריה,532,436,968
2021-08-25T00:00:00.000Z,אוזבקיסטן,4,14,18
2021-08-25T00:00:00.000Z,מולדובה,8,10,18
2021-08-26T00:00:00.000Z,דרום אפריקה,11,15,26
2021-08-26T00:00:00.000Z,דנמרק,54,69,123
2021-08-26T00:00:00.000Z,גרמניה,138,170,308
2021-08-26T00:00:00.000Z,גווטאמלה,4,0,4
2021-08-26T00:00:00.000Z,גאנה,4,0,4
2021-08-26T00:00:00.000Z,קטר,5,2,7
2021-08-26T00:00:00.000Z,ברזיל,5,3,8
2021-08-26T00:00:00.000Z,בלגיה,24,50,74
2021-08-26T00:00:00.000Z,בילורוסיה,1,0,1
2021-08-26T00:00:00.000Z,בורקינה פאסו,0,1,1
2021-08-26T00:00:00.000Z,בוסניה הרצגובינה,21,7,28
2021-08-26T00:00:00.000Z,בולגריה,11,19,30
2021-08-26T00:00:00.000Z,אתיופיה,19,8,27
2021-08-26T00:00:00.000Z,ארצות הברית,1040,1501,2541
2021-08-26T00:00:00.000Z,ארמניה,34,29,63
2021-08-26T00:00:00.000Z,ארגנטינה,7,35,42
2021-08-26T00:00:00.000Z,אנגולה,4,1,5
2021-08-26T00:00:00.000Z,אלבניה,0,1,1
2021-08-26T00:00:00.000Z,אירלנד,1,4,5
2021-08-26T00:00:00.000Z,איסלנד,85,33,118
2021-08-26T00:00:00.000Z,איי סיישל,5,5,10
2021-08-26T00:00:00.000Z,איי נורפולק,1,1,2
2021-08-26T00:00:00.000Z,איטליה,137,135,272
2021-08-26T00:00:00.000Z,אזרביג'אן,70,58,128
2021-08-26T00:00:00.000Z,אורגוואי,10,2,12
2021-08-26T00:00:00.000Z,אוקראינה,346,320,666
2021-08-26T00:00:00.000Z,אוסטרליה,0,10,10
2021-08-26T00:00:00.000Z,אוסטריה,557,373,930
2021-08-26T00:00:00.000Z,אוזבקיסטן,3,72,75
2021-08-26T00:00:00.000Z,אוגנדה,2,0,2
2021-08-26T00:00:00.000Z,רואנדה,2,4,6
2021-08-26T00:00:00.000Z,רומניה,99,87,186
2021-08-26T00:00:00.000Z,רוסיה,41,70,111
2021-08-26T00:00:00.000Z,שוודיה,13,8,21
2021-08-26T00:00:00.000Z,איחוד האמירויות הערב,41,22,63
2021-08-26T00:00:00.000Z,שוויץ,81,89,170
2021-08-26T00:00:00.000Z,תאילנד,52,207,259
2021-08-26T00:00:00.000Z,תורכיה,47,49,96
2021-08-26T00:00:00.000Z,קזחסטאן,1,0,1
2021-08-26T00:00:00.000Z,קירג'זסטאן,0,6,6
2021-08-26T00:00:00.000Z,קמרון,2,2,4
2021-08-26T00:00:00.000Z,קוריאה הדרומית,0,3,3
2021-08-26T00:00:00.000Z,קנדה,27,99,126
2021-08-26T00:00:00.000Z,קניה,1,4,5
2021-08-26T00:00:00.000Z,קפריסין,40,56,96
2021-08-26T00:00:00.000Z,קרואטיה,9,7,16
2021-08-26T00:00:00.000Z,קוסטה ריקה,3,1,4
2021-08-26T00:00:00.000Z,קולומביה,8,8,16
2021-08-26T00:00:00.000Z,צרפת,255,267,522
2021-08-26T00:00:00.000Z,צכיה,366,207,573
2021-08-26T00:00:00.000Z,פרו,4,4,8
2021-08-26T00:00:00.000Z,פרגוואי,1,1,2
2021-08-26T00:00:00.000Z,פנמה,3,3,6
2021-08-26T00:00:00.000Z,פינלנד,3,7,10
2021-08-26T00:00:00.000Z,פיליפינים,1,15,16
2021-08-26T00:00:00.000Z,פורטוגל,84,66,150
2021-08-26T00:00:00.000Z,פולין,35,21,56
2021-08-26T00:00:00.000Z,עירק,0,1,1
2021-08-26T00:00:00.000Z,סרביה,5,0,5
2021-08-26T00:00:00.000Z,ספרד,15,26,41
2021-08-26T00:00:00.000Z,סנגל,2,0,2
2021-08-26T00:00:00.000Z,סין,1,0,1
2021-08-26T00:00:00.000Z,סוריה,1,2,3
2021-08-26T00:00:00.000Z,ניו זילנד,1,0,1
2021-08-26T00:00:00.000Z,ניגריה,1,2,3
2021-08-26T00:00:00.000Z,נורבגיה,2,6,8
2021-08-26T00:00:00.000Z,מרוקו,85,57,142
2021-08-26T00:00:00.000Z,מקסיקו,3,5,8
2021-08-26T00:00:00.000Z,מקדוניה,1,0,1
2021-08-26T00:00:00.000Z,מצרים,202,184,386
2021-08-26T00:00:00.000Z,מלדיבים,10,11,21
2021-08-26T00:00:00.000Z,מונקו,2,0,2
2021-08-26T00:00:00.000Z,מונטנגרו,87,22,109
2021-08-26T00:00:00.000Z,מולדובה,130,149,279
2021-08-26T00:00:00.000Z,מוזמביק,1,0,1
2021-08-26T00:00:00.000Z,מאלי,3,1,4
2021-08-26T00:00:00.000Z,ליטא,67,59,126
2021-08-26T00:00:00.000Z,ליבריה,0,1,1
2021-08-26T00:00:00.000Z,לטביה,1,0,1
2021-08-26T00:00:00.000Z,לבנון,0,1,1
2021-08-26T00:00:00.000Z,כלל המדינות,6196,8486,14682
2021-08-26T00:00:00.000Z,ירדן,244,180,424
2021-08-26T00:00:00.000Z,יפן,2,4,6
2021-08-26T00:00:00.000Z,יוון,355,334,689
2021-08-26T00:00:00.000Z,טנזניה,14,8,22
2021-08-26T00:00:00.000Z,טיוואן,0,2,2
2021-08-26T00:00:00.000Z,טג'יקיסטאן,2,0,2
2021-08-26T00:00:00.000Z,חוף השנהב,3,1,4
2021-08-26T00:00:00.000Z,זמביה,4,0,4
2021-08-26T00:00:00.000Z,זאיר,1,2,3
2021-08-26T00:00:00.000Z,הרפ הדומיניקנית,0,1,1
2021-08-26T00:00:00.000Z,הממלכה המאוחדת,151,208,359
2021-08-26T00:00:00.000Z,הונגריה,331,223,554
2021-08-26T00:00:00.000Z,הולנד,128,125,253
2021-08-26T00:00:00.000Z,הודו,0,2,2
2021-08-26T00:00:00.000Z,דרום סודאן,1,0,1
2021-08-26T00:00:00.000Z,גאורגיה,69,100,169
2021-08-27T00:00:00.000Z,אוסטרליה,2,2,4
2021-08-27T00:00:00.000Z,אזרביג'אן,4,2,6
2021-08-27T00:00:00.000Z,איטליה,182,138,320
2021-08-27T00:00:00.000Z,איי טורקס וקייקוס,3,2,5
2021-08-27T00:00:00.000Z,אינדונזיה,0,1,1
2021-08-27T00:00:00.000Z,איסלנד,21,11,32
2021-08-27T00:00:00.000Z,אירלנד,0,7,7
2021-08-27T00:00:00.000Z,אל סלבדור,0,4,4
2021-08-27T00:00:00.000Z,אלבניה,0,2,2
2021-08-27T00:00:00.000Z,אסטוניה,10,6,16
2021-08-27T00:00:00.000Z,אקואדור,0,2,2
2021-08-27T00:00:00.000Z,ארגנטינה,9,8,17
2021-08-27T00:00:00.000Z,ארמניה,0,5,5
2021-08-27T00:00:00.000Z,ארצות הברית,886,1292,2178
2021-08-27T00:00:00.000Z,אתיופיה,0,1,1
2021-08-27T00:00:00.000Z,בולגריה,18,56,74
2021-08-27T00:00:00.000Z,בוסניה הרצגובינה,14,4,18
2021-08-27T00:00:00.000Z,בילורוסיה,36,38,74
2021-08-27T00:00:00.000Z,בלגיה,8,5,13
2021-08-27T00:00:00.000Z,ברזיל,0,3,3
2021-08-27T00:00:00.000Z,גווטאמלה,3,2,5
2021-08-27T00:00:00.000Z,גיברלטר,1,0,1
2021-08-27T00:00:00.000Z,גרמניה,227,252,479
2021-08-27T00:00:00.000Z,דנמרק,15,10,25
2021-08-27T00:00:00.000Z,הודו,2,3,5
2021-08-27T00:00:00.000Z,הולנד,65,51,116
2021-08-27T00:00:00.000Z,הונג קונג,1,1,2
2021-08-27T00:00:00.000Z,הונגריה,315,174,489
2021-08-27T00:00:00.000Z,הונדורס,0,1,1
2021-08-27T00:00:00.000Z,הממלכה המאוחדת,66,86,152
2021-08-27T00:00:00.000Z,הרפ הדומיניקנית,4,4,8
2021-08-27T00:00:00.000Z,ויטנאם,2,0,2
2021-08-27T00:00:00.000Z,חוף השנהב,1,1,2
2021-08-27T00:00:00.000Z,טיוואן,0,4,4
2021-08-27T00:00:00.000Z,יוון,160,147,307
2021-08-27T00:00:00.000Z,יפן,0,2,2
2021-08-27T00:00:00.000Z,ירדן,4,1,5
2021-08-27T00:00:00.000Z,כלל המדינות,5261,6537,11798
2021-08-27T00:00:00.000Z,לוכסמבורג,3,2,5
2021-08-27T00:00:00.000Z,לטביה,3,7,10
2021-08-27T00:00:00.000Z,ליטא,10,12,22
2021-08-27T00:00:00.000Z,מאוריציוס,1,0,1
2021-08-27T00:00:00.000Z,מאלי,3,0,3
2021-08-27T00:00:00.000Z,מולדובה,52,44,96
2021-08-27T00:00:00.000Z,אוקראינה,304,264,568
2021-08-27T00:00:00.000Z,מונקו,2,0,2
2021-08-27T00:00:00.000Z,מלדיבים,13,5,18
2021-08-27T00:00:00.000Z,מלטה,1,0,1
2021-08-27T00:00:00.000Z,מצרים,240,200,440
2021-08-27T00:00:00.000Z,מקסיקו,0,1,1
2021-08-27T00:00:00.000Z,מרוקו,4,3,7
2021-08-27T00:00:00.000Z,נורבגיה,0,2,2
2021-08-27T00:00:00.000Z,ניגריה,2,0,2
2021-08-27T00:00:00.000Z,ניו זילנד,0,1,1
2021-08-27T00:00:00.000Z,נפאל,1,0,1
2021-08-27T00:00:00.000Z,סין,23,177,200
2021-08-27T00:00:00.000Z,סינגפור,1,11,12
2021-08-27T00:00:00.000Z,סלובניה,2,0,2
2021-08-27T00:00:00.000Z,ספרד,15,21,36
2021-08-27T00:00:00.000Z,סרביה,25,30,55
2021-08-27T00:00:00.000Z,סרי לנקה (צילון),0,3,3
2021-08-27T00:00:00.000Z,עירק,0,18,18
2021-08-27T00:00:00.000Z,פולין,64,59,123
2021-08-27T00:00:00.000Z,פורטוגל,23,7,30
2021-08-27T00:00:00.000Z,פיליפינים,0,5,5
2021-08-27T00:00:00.000Z,פינלנד,49,38,87
2021-08-27T00:00:00.000Z,פנמה,5,3,8
2021-08-27T00:00:00.000Z,פרו,0,2,2
2021-08-27T00:00:00.000Z,צכיה,433,255,688
2021-08-27T00:00:00.000Z,צרפת,121,112,233
2021-08-27T00:00:00.000Z,קולומביה,2,3,5
2021-08-27T00:00:00.000Z,קוסטה ריקה,10,17,27
2021-08-27T00:00:00.000Z,קוריאה הדרומית,3,2,5
2021-08-27T00:00:00.000Z,קזחסטאן,5,6,11
2021-08-27T00:00:00.000Z,קטר,2,2,4
2021-08-27T00:00:00.000Z,קירג'זסטאן,1,0,1
2021-08-27T00:00:00.000Z,קנדה,55,83,138
2021-08-27T00:00:00.000Z,קפריסין,82,32,114
2021-08-27T00:00:00.000Z,קרואטיה,10,13,23
2021-08-27T00:00:00.000Z,רומניה,145,115,260
2021-08-27T00:00:00.000Z,אוסטריה,674,407,1081
2021-08-27T00:00:00.000Z,איחוד האמירויות הערב,43,14,57
2021-08-27T00:00:00.000Z,רוסיה,66,125,191
2021-08-27T00:00:00.000Z,שוודיה,7,3,10
2021-08-27T00:00:00.000Z,שוויץ,228,202,430
2021-08-27T00:00:00.000Z,תורכיה,35,49,84
2021-08-27T00:00:00.000Z,תורכמניסטאן,1,0,1
2021-08-27T00:00:00.000Z,אוזבקיסטן,2,3,5
2021-08-27T00:00:00.000Z,מונטנגרו,55,29,84
2021-08-28T00:00:00.000Z,צכיה,210,108,318
2021-08-28T00:00:00.000Z,צרפת,103,96,199
2021-08-28T00:00:00.000Z,קולומביה,2,6,8
2021-08-28T00:00:00.000Z,קוסטה ריקה,4,6,10
2021-08-28T00:00:00.000Z,קוריאה הדרומית,3,3,6
2021-08-28T00:00:00.000Z,קירג'זסטאן,1,0,1
2021-08-28T00:00:00.000Z,קמרון,1,1,2
2021-08-28T00:00:00.000Z,קנדה,24,55,79
2021-08-28T00:00:00.000Z,קניה,10,2,12
2021-08-28T00:00:00.000Z,קפריסין,20,16,36
2021-08-28T00:00:00.000Z,קרואטיה,18,9,27
2021-08-28T00:00:00.000Z,רואנדה,2,1,3
2021-08-28T00:00:00.000Z,רומניה,123,116,239
2021-08-28T00:00:00.000Z,רוסיה,3,7,10
2021-08-28T00:00:00.000Z,שוודיה,6,5,11
2021-08-28T00:00:00.000Z,שוויץ,91,62,153
2021-08-28T00:00:00.000Z,תאילנד,2,1,3
2021-08-28T00:00:00.000Z,תורכיה,22,26,48
2021-08-28T00:00:00.000Z,סלובניה,5,8,13
2021-08-28T00:00:00.000Z,ספרד,2,11,13
2021-08-28T00:00:00.000Z,סרביה,3,0,3
2021-08-28T00:00:00.000Z,סרי לנקה (צילון),0,9,9
2021-08-28T00:00:00.000Z,איחוד האמירויות הערב,32,22,54
2021-08-28T00:00:00.000Z,עירק,0,1,1
2021-08-28T00:00:00.000Z,פולין,49,48,97
2021-08-28T00:00:00.000Z,פורטוגל,17,12,29
2021-08-28T00:00:00.000Z,פיליפינים,0,5,5
2021-08-28T00:00:00.000Z,פינלנד,5,1,6
2021-08-28T00:00:00.000Z,פנמה,3,4,7
2021-08-28T00:00:00.000Z,פרגוואי,3,4,7
2021-08-28T00:00:00.000Z,פרו,5,0,5
2021-08-28T00:00:00.000Z,סינגפור,0,2,2
2021-08-28T00:00:00.000Z,סין,1,0,1
2021-08-28T00:00:00.000Z,ניו זילנד,0,2,2
2021-08-28T00:00:00.000Z,ניגריה,3,12,15
2021-08-28T00:00:00.000Z,נורבגיה,0,2,2
2021-08-28T00:00:00.000Z,מרוקו,4,4,8
2021-08-28T00:00:00.000Z,מקסיקו,0,1,1
2021-08-28T00:00:00.000Z,מקדוניה,0,1,1
2021-08-28T00:00:00.000Z,מקאו,0,1,1
2021-08-28T00:00:00.000Z,מצרים,176,141,317
2021-08-28T00:00:00.000Z,מלדיבים,8,7,15
2021-08-28T00:00:00.000Z,מלאווי,0,1,1
2021-08-28T00:00:00.000Z,מונטנגרו,2,1,3
2021-08-28T00:00:00.000Z,מולדובה,1,0,1
2021-08-28T00:00:00.000Z,מוזמביק,2,1,3
2021-08-28T00:00:00.000Z,מאלי,1,1,2
2021-08-28T00:00:00.000Z,לסוטו,1,0,1
2021-08-28T00:00:00.000Z,ליטא,7,9,16
2021-08-28T00:00:00.000Z,לטביה,40,37,77
2021-08-28T00:00:00.000Z,לוכסמבורג,0,1,1
2021-08-28T00:00:00.000Z,כלל המדינות,2872,3855,6727
2021-08-28T00:00:00.000Z,ירדן,1,1,2
2021-08-28T00:00:00.000Z,יפן,1,0,1
2021-08-28T00:00:00.000Z,יוון,164,126,290
2021-08-28T00:00:00.000Z,טנזניה,9,2,11
2021-08-28T00:00:00.000Z,טיוואן,3,1,4
2021-08-28T00:00:00.000Z,טוגו,0,3,3
2021-08-28T00:00:00.000Z,חוף השנהב,2,1,3
2021-08-28T00:00:00.000Z,זמביה,0,2,2
2021-08-28T00:00:00.000Z,זאיר,0,1,1
2021-08-28T00:00:00.000Z,הממלכה המאוחדת,18,24,42
2021-08-28T00:00:00.000Z,הונגריה,258,152,410
2021-08-28T00:00:00.000Z,הולנד,59,48,107
2021-08-28T00:00:00.000Z,הודו,7,1,8
2021-08-28T00:00:00.000Z,דרום סודאן,0,1,1
2021-08-28T00:00:00.000Z,דרום אפריקה,7,15,22
2021-08-28T00:00:00.000Z,דנמרק,17,17,34
2021-08-28T00:00:00.000Z,גרמניה,75,88,163
2021-08-28T00:00:00.000Z,גמייקה,1,0,1
2021-08-28T00:00:00.000Z,גינאה,0,1,1
2021-08-28T00:00:00.000Z,גווטאמלה,2,1,3
2021-08-28T00:00:00.000Z,גבון,1,0,1
2021-08-28T00:00:00.000Z,גאנה,5,1,6
2021-08-28T00:00:00.000Z,גאורגיה,1,0,1
2021-08-28T00:00:00.000Z,ברזיל,0,3,3
2021-08-28T00:00:00.000Z,בלגיה,0,2,2
2021-08-28T00:00:00.000Z,בילורוסיה,1,0,1
2021-08-28T00:00:00.000Z,בחריין,0,1,1
2021-08-28T00:00:00.000Z,בוסניה הרצגובינה,4,7,11
2021-08-28T00:00:00.000Z,בולגריה,13,37,50
2021-08-28T00:00:00.000Z,אתיופיה,27,23,50
2021-08-28T00:00:00.000Z,ארצות הברית,392,584,976
2021-08-28T00:00:00.000Z,ארגנטינה,0,1,1
2021-08-28T00:00:00.000Z,אסטוניה,2,0,2
2021-08-28T00:00:00.000Z,אנגולה,0,1,1
2021-08-28T00:00:00.000Z,אלבניה,4,1,5
2021-08-28T00:00:00.000Z,אירלנד,4,1,5
2021-08-28T00:00:00.000Z,איסלנד,23,20,43
2021-08-28T00:00:00.000Z,איי סיישל,1,2,3
2021-08-28T00:00:00.000Z,איטליה,64,52,116
2021-08-28T00:00:00.000Z,אזרביג'אן,1,1,2
2021-08-28T00:00:00.000Z,אורגוואי,1,3,4
2021-08-28T00:00:00.000Z,אוקראינה,137,120,257
2021-08-28T00:00:00.000Z,אוסטרליה,2,6,8
2021-08-28T00:00:00.000Z,אוסטריה,384,279,663
2021-08-28T00:00:00.000Z,אוזבקיסטן,1,1,2
2021-08-28T00:00:00.000Z,אוגנדה,2,4,6
2021-08-28T00:00:00.000Z,אבחזיסטאן,0,1,1
2021-08-29T00:00:00.000Z,פורטו ריקו,1,1,2
2021-08-29T00:00:00.000Z,איחוד האמירויות הערב,29,36,65
2021-08-29T00:00:00.000Z,תורכמניסטאן,2,0,2
2021-08-29T00:00:00.000Z,תורכיה,17,39,56
2021-08-29T00:00:00.000Z,תאילנד,5,4,9
2021-08-29T00:00:00.000Z,שוויץ,108,129,237
2021-08-29T00:00:00.000Z,שוודיה,46,55,101
2021-08-29T00:00:00.000Z,רוסיה,92,151,243
2021-08-29T00:00:00.000Z,רומניה,57,48,105
2021-08-29T00:00:00.000Z,קרואטיה,7,9,16
2021-08-29T00:00:00.000Z,קפריסין,67,30,97
2021-08-29T00:00:00.000Z,קניה,1,1,2
2021-08-29T00:00:00.000Z,קנדה,17,48,65
2021-08-29T00:00:00.000Z,קירג'זסטאן,2,1,3
2021-08-29T00:00:00.000Z,קטר,0,1,1
2021-08-29T00:00:00.000Z,קזחסטאן,6,4,10
2021-08-29T00:00:00.000Z,קוריאה הדרומית,2,7,9
2021-08-29T00:00:00.000Z,קוסטה ריקה,0,15,15
2021-08-29T00:00:00.000Z,קולומביה,0,5,5
2021-08-29T00:00:00.000Z,צרפת,450,386,836
2021-08-29T00:00:00.000Z,צכיה,402,185,587
2021-08-29T00:00:00.000Z,צ'ילה,0,2,2
2021-08-29T00:00:00.000Z,פרו,1,0,1
2021-08-29T00:00:00.000Z,פנמה,2,0,2
2021-08-29T00:00:00.000Z,פינלנד,1,0,1
2021-08-29T00:00:00.000Z,פיליפינים,0,14,14
2021-08-29T00:00:00.000Z,פורטוגל,12,16,28
2021-08-29T00:00:00.000Z,פולין,25,30,55
2021-08-29T00:00:00.000Z,סרי לנקה (צילון),2,1,3
2021-08-29T00:00:00.000Z,סרביה,0,2,2
2021-08-29T00:00:00.000Z,ספרד,10,2,12
2021-08-29T00:00:00.000Z,סנגל,0,1,1
2021-08-29T00:00:00.000Z,סלובקיה,0,1,1
2021-08-29T00:00:00.000Z,סלובניה,1,0,1
2021-08-29T00:00:00.000Z,סינגפור,2,5,7
2021-08-29T00:00:00.000Z,סין,1,0,1
2021-08-29T00:00:00.000Z,ניגריה,3,3,6
2021-08-29T00:00:00.000Z,נורבגיה,2,4,6
2021-08-29T00:00:00.000Z,מרוקו,5,7,12
2021-08-29T00:00:00.000Z,מקסיקו,2,1,3
2021-08-29T00:00:00.000Z,מקדוניה,0,1,1
2021-08-29T00:00:00.000Z,מצרים,218,165,383
2021-08-29T00:00:00.000Z,מלדיבים,14,7,21
2021-08-29T00:00:00.000Z,מונקו,2,0,2
2021-08-29T00:00:00.000Z,מונטנגרו,2,0,2
2021-08-29T00:00:00.000Z,מולדובה,125,162,287
2021-08-29T00:00:00.000Z,מאלי,1,1,2
2021-08-29T00:00:00.000Z,ליטא,58,24,82
2021-08-29T00:00:00.000Z,לטביה,1,1,2
2021-08-29T00:00:00.000Z,לוכסמבורג,0,2,2
2021-08-29T00:00:00.000Z,כלל המדינות,5629,7385,13014
2021-08-29T00:00:00.000Z,ירדן,196,166,362
2021-08-29T00:00:00.000Z,יוון,423,332,755
2021-08-29T00:00:00.000Z,טנזניה,0,1,1
2021-08-29T00:00:00.000Z,חוף השנהב,2,2,4
2021-08-29T00:00:00.000Z,ונצואלה,0,1,1
2021-08-29T00:00:00.000Z,ויטנאם,0,1,1
2021-08-29T00:00:00.000Z,הרפ הדומיניקנית,5,9,14
2021-08-29T00:00:00.000Z,הממלכה המאוחדת,160,196,356
2021-08-29T00:00:00.000Z,הונדורס,1,1,2
2021-08-29T00:00:00.000Z,הונגריה,475,260,735
2021-08-29T00:00:00.000Z,הולנד,76,88,164
2021-08-29T00:00:00.000Z,הודו,9,7,16
2021-08-29T00:00:00.000Z,דרום אפריקה,0,1,1
2021-08-29T00:00:00.000Z,דנמרק,38,55,93
2021-08-29T00:00:00.000Z,גרמניה,171,186,357
2021-08-29T00:00:00.000Z,גמייקה,0,1,1
2021-08-29T00:00:00.000Z,גווטאמלה,0,1,1
2021-08-29T00:00:00.000Z,גאורגיה,23,30,53
2021-08-29T00:00:00.000Z,ברזיל,0,1,1
2021-08-29T00:00:00.000Z,בלגיה,48,39,87
2021-08-29T00:00:00.000Z,בילורוסיה,27,109,136
2021-08-29T00:00:00.000Z,בוסניה הרצגובינה,6,4,10
2021-08-29T00:00:00.000Z,בולגריה,26,40,66
2021-08-29T00:00:00.000Z,ארצות הברית,469,707,1176
2021-08-29T00:00:00.000Z,ארמניה,2,1,3
2021-08-29T00:00:00.000Z,ארגנטינה,0,6,6
2021-08-29T00:00:00.000Z,אסטוניה,9,1,10
2021-08-29T00:00:00.000Z,אנדורה,0,1,1
2021-08-29T00:00:00.000Z,אירלנד,5,5,10
2021-08-29T00:00:00.000Z,איסלנד,21,19,40
2021-08-29T00:00:00.000Z,איטליה,222,173,395
2021-08-29T00:00:00.000Z,אזרביג'אן,94,65,159
2021-08-29T00:00:00.000Z,אוקראינה,357,411,768
2021-08-29T00:00:00.000Z,אוסטרליה,3,25,28
2021-08-29T00:00:00.000Z,אוסטריה,534,327,861
2021-08-29T00:00:00.000Z,אוזבקיסטן,3,2,5
2021-08-30T00:00:00.000Z,קלדוניה החדשה,0,1,1
2021-08-30T00:00:00.000Z,טג'יקיסטאן,2,0,2
2021-08-30T00:00:00.000Z,איחוד האמירויות הערב,31,18,49
2021-08-30T00:00:00.000Z,תורכיה,31,33,64
2021-08-30T00:00:00.000Z,תוניסיה,0,3,3
2021-08-30T00:00:00.000Z,תאילנד,2,6,8
2021-08-30T00:00:00.000Z,שוויץ,153,126,279
2021-08-30T00:00:00.000Z,שוודיה,7,7,14
2021-08-30T00:00:00.000Z,רוסיה,72,105,177
2021-08-30T00:00:00.000Z,רומניה,92,51,143
2021-08-30T00:00:00.000Z,רואנדה,1,2,3
2021-08-30T00:00:00.000Z,קרואטיה,8,10,18
2021-08-30T00:00:00.000Z,אבחזיסטאן,0,1,1
2021-08-30T00:00:00.000Z,אוגנדה,2,0,2
2021-08-30T00:00:00.000Z,אוזבקיסטן,1,28,29
2021-08-30T00:00:00.000Z,אוסטריה,973,537,1510
2021-08-30T00:00:00.000Z,אוסטרליה,3,11,14
2021-08-30T00:00:00.000Z,אוקראינה,252,432,684
2021-08-30T00:00:00.000Z,אורגוואי,0,1,1
2021-08-30T00:00:00.000Z,אזרביג'אן,4,2,6
2021-08-30T00:00:00.000Z,איטליה,152,95,247
2021-08-30T00:00:00.000Z,איי גילברט ואליס,0,1,1
2021-08-30T00:00:00.000Z,אינדונזיה,0,1,1
2021-08-30T00:00:00.000Z,איסלנד,54,27,81
2021-08-30T00:00:00.000Z,אירלנד,2,2,4
2021-08-30T00:00:00.000Z,אל סלבדור,1,0,1
2021-08-30T00:00:00.000Z,אלבניה,1,0,1
2021-08-30T00:00:00.000Z,אנגולה,0,2,2
2021-08-30T00:00:00.000Z,אסטוניה,6,5,11
2021-08-30T00:00:00.000Z,אקואדור,1,0,1
2021-08-30T00:00:00.000Z,ארגנטינה,0,1,1
2021-08-30T00:00:00.000Z,ארמניה,2,2,4
2021-08-30T00:00:00.000Z,ארצות הברית,1081,1674,2755
2021-08-30T00:00:00.000Z,אתיופיה,29,17,46
2021-08-30T00:00:00.000Z,בוטסואנה,1,0,1
2021-08-30T00:00:00.000Z,בולגריה,39,57,96
2021-08-30T00:00:00.000Z,בוסניה הרצגובינה,20,9,29
2021-08-30T00:00:00.000Z,בילורוסיה,40,54,94
2021-08-30T00:00:00.000Z,בלגיה,83,72,155
2021-08-30T00:00:00.000Z,בליז,1,1,2
2021-08-30T00:00:00.000Z,ברזיל,4,4,8
2021-08-30T00:00:00.000Z,גאורגיה,33,30,63
2021-08-30T00:00:00.000Z,גאנה,7,1,8
2021-08-30T00:00:00.000Z,גווטאמלה,0,1,1
2021-08-30T00:00:00.000Z,גיברלטר,1,0,1
2021-08-30T00:00:00.000Z,גמביה,0,1,1
2021-08-30T00:00:00.000Z,גרמניה,169,155,324
2021-08-30T00:00:00.000Z,דומיניקה,0,1,1
2021-08-30T00:00:00.000Z,דנמרק,11,10,21
2021-08-30T00:00:00.000Z,דרום אפריקה,6,14,20
2021-08-30T00:00:00.000Z,הודו,21,173,194
2021-08-30T00:00:00.000Z,הולנד,68,57,125
2021-08-30T00:00:00.000Z,הונגריה,218,106,324
2021-08-30T00:00:00.000Z,הממלכה המאוחדת,162,196,358
2021-08-30T00:00:00.000Z,זאיר,0,1,1
2021-08-30T00:00:00.000Z,זימבאבווה,1,0,1
2021-08-30T00:00:00.000Z,זמביה,2,2,4
2021-08-30T00:00:00.000Z,קפריסין,22,23,45
2021-08-30T00:00:00.000Z,טוגו,0,1,1
2021-08-30T00:00:00.000Z,טיוואן,1,2,3
2021-08-30T00:00:00.000Z,טנזניה,16,8,24
2021-08-30T00:00:00.000Z,יוון,171,117,288
2021-08-30T00:00:00.000Z,יפן,0,3,3
2021-08-30T00:00:00.000Z,ירדן,81,173,254
2021-08-30T00:00:00.000Z,כלל המדינות,5627,7918,13545
2021-08-30T00:00:00.000Z,לטביה,4,5,9
2021-08-30T00:00:00.000Z,ליטא,5,3,8
2021-08-30T00:00:00.000Z,מאלי,5,3,8
2021-08-30T00:00:00.000Z,מולדובה,79,34,113
2021-08-30T00:00:00.000Z,מונטנגרו,50,33,83
2021-08-30T00:00:00.000Z,מלדיבים,8,7,15
2021-08-30T00:00:00.000Z,מלטה,1,0,1
2021-08-30T00:00:00.000Z,מצרים,163,132,295
2021-08-30T00:00:00.000Z,מקאו,2,0,2
2021-08-30T00:00:00.000Z,מקסיקו,0,3,3
2021-08-30T00:00:00.000Z,מרוקו,4,4,8
2021-08-30T00:00:00.000Z,נורבגיה,1,5,6
2021-08-30T00:00:00.000Z,ניגריה,2,1,3
2021-08-30T00:00:00.000Z,ניו זילנד,0,2,2
2021-08-30T00:00:00.000Z,ניקרגואה,0,2,2
2021-08-30T00:00:00.000Z,נמיביה,0,1,1
2021-08-30T00:00:00.000Z,סוריה,1,4,5
2021-08-30T00:00:00.000Z,סינגפור,2,2,4
2021-08-30T00:00:00.000Z,ספרד,9,27,36
2021-08-30T00:00:00.000Z,סרביה,41,46,87
2021-08-30T00:00:00.000Z,פולין,45,43,88
2021-08-30T00:00:00.000Z,פורטו ריקו,0,1,1
2021-08-30T00:00:00.000Z,פורטוגל,81,57,138
2021-08-30T00:00:00.000Z,פיליפינים,0,2,2
2021-08-30T00:00:00.000Z,פינלנד,4,5,9
2021-08-30T00:00:00.000Z,פנמה,5,4,9
2021-08-30T00:00:00.000Z,פרו,0,2,2
2021-08-30T00:00:00.000Z,צ'ילה,2,1,3
2021-08-30T00:00:00.000Z,צכיה,270,160,430
2021-08-30T00:00:00.000Z,צרפת,254,270,524
2021-08-30T00:00:00.000Z,קובה,1,1,2
2021-08-30T00:00:00.000Z,קולומביה,6,2,8
2021-08-30T00:00:00.000Z,קוסטה ריקה,3,12,15
2021-08-30T00:00:00.000Z,קוריאה הדרומית,0,1,1
2021-08-30T00:00:00.000Z,קזחסטאן,4,1,5
2021-08-30T00:00:00.000Z,קירג'זסטאן,1,0,1
2021-08-30T00:00:00.000Z,קניה,5,4,9
2021-08-30T00:00:00.000Z,קנדה,30,107,137
2021-08-31T00:00:00.000Z,ירדן,57,53,110
2021-08-31T00:00:00.000Z,קפריסין,13,14,27
2021-08-31T00:00:00.000Z,תורכיה,35,32,67
2021-08-31T00:00:00.000Z,תוניסיה,1,0,1
2021-08-31T00:00:00.000Z,תאילנד,26,236,262
2021-08-31T00:00:00.000Z,שוויץ,104,64,168
2021-08-31T00:00:00.000Z,שוודיה,9,3,12
2021-08-31T00:00:00.000Z,רפ מרכז אפריקנית,0,1,1
2021-08-31T00:00:00.000Z,רוסיה,109,145,254
2021-08-31T00:00:00.000Z,רומניה,63,54,117
2021-08-31T00:00:00.000Z,רואנדה,0,1,1
2021-08-31T00:00:00.000Z,קנדה,45,73,118
2021-08-31T00:00:00.000Z,קמרון,1,0,1
2021-08-31T00:00:00.000Z,קוריאה הדרומית,0,3,3
2021-08-31T00:00:00.000Z,קוסטה ריקה,11,5,16
2021-08-31T00:00:00.000Z,קוסובו,1,0,1
2021-08-31T00:00:00.000Z,קולומביה,5,6,11
2021-08-31T00:00:00.000Z,צרפת,198,203,401
2021-08-31T00:00:00.000Z,צכיה,412,163,575
2021-08-31T00:00:00.000Z,פרו,2,2,4
2021-08-31T00:00:00.000Z,פרגוואי,2,2,4
2021-08-31T00:00:00.000Z,פנמה,7,3,10
2021-08-31T00:00:00.000Z,פינלנד,3,2,5
2021-08-31T00:00:00.000Z,פיליפינים,1,4,5
2021-08-31T00:00:00.000Z,פורטוגל,15,4,19
2021-08-31T00:00:00.000Z,פורטו ריקו,1,0,1
2021-08-31T00:00:00.000Z,פולין,116,67,183
2021-08-31T00:00:00.000Z,ערב הסעודית,63,32,95
2021-08-31T00:00:00.000Z,עומן,1,0,1
2021-08-31T00:00:00.000Z,סרי לנקה (צילון),0,1,1
2021-08-31T00:00:00.000Z,סרביה,7,13,20
2021-08-31T00:00:00.000Z,ספרד,13,24,37
2021-08-31T00:00:00.000Z,סלובניה,4,1,5
2021-08-31T00:00:00.000Z,סין,23,11,34
2021-08-31T00:00:00.000Z,ניגריה,4,1,5
2021-08-31T00:00:00.000Z,ניגר,1,0,1
2021-08-31T00:00:00.000Z,נורבגיה,0,2,2
2021-08-31T00:00:00.000Z,מרוקו,5,4,9
2021-08-31T00:00:00.000Z,מקסיקו,2,2,4
2021-08-31T00:00:00.000Z,מצרים,118,88,206
2021-08-31T00:00:00.000Z,מלדיבים,30,8,38
2021-08-31T00:00:00.000Z,מונטנגרו,3,0,3
2021-08-31T00:00:00.000Z,מולדובה,81,118,199
2021-08-31T00:00:00.000Z,מוזמביק,0,1,1
2021-08-31T00:00:00.000Z,מאלי,2,1,3
2021-08-31T00:00:00.000Z,ליטא,3,4,7
2021-08-31T00:00:00.000Z,לטביה,16,41,57
2021-08-31T00:00:00.000Z,לבנון,0,2,2
2021-08-31T00:00:00.000Z,כלל המדינות,4169,5665,9834
2021-08-31T00:00:00.000Z,אבחזיסטאן,0,1,1
2021-08-31T00:00:00.000Z,יפן,9,8,17
2021-08-31T00:00:00.000Z,יוון,195,150,345
2021-08-31T00:00:00.000Z,טנזניה,8,5,13
2021-08-31T00:00:00.000Z,טוגו,1,0,1
2021-08-31T00:00:00.000Z,חוף השנהב,1,0,1
2021-08-31T00:00:00.000Z,זמביה,2,2,4
2021-08-31T00:00:00.000Z,ונצואלה,0,10,10
2021-08-31T00:00:00.000Z,הממלכה המאוחדת,36,50,86
2021-08-31T00:00:00.000Z,הונדורס,0,1,1
2021-08-31T00:00:00.000Z,הונגריה,349,179,528
2021-08-31T00:00:00.000Z,הונג קונג,6,22,28
2021-08-31T00:00:00.000Z,הולנד,77,45,122
2021-08-31T00:00:00.000Z,דרום אפריקה,17,15,32
2021-08-31T00:00:00.000Z,דרום אמריקה,0,1,1
2021-08-31T00:00:00.000Z,דנמרק,9,8,17
2021-08-31T00:00:00.000Z,גרמניה,112,160,272
2021-08-31T00:00:00.000Z,גיברלטר,1,0,1
2021-08-31T00:00:00.000Z,גווטאמלה,3,4,7
2021-08-31T00:00:00.000Z,גאנה,1,0,1
2021-08-31T00:00:00.000Z,גאורגיה,0,3,3
2021-08-31T00:00:00.000Z,ברזיל,1,1,2
2021-08-31T00:00:00.000Z,בליז,0,1,1
2021-08-31T00:00:00.000Z,בלגיה,5,5,10
2021-08-31T00:00:00.000Z,בחריין,1,3,4
2021-08-31T00:00:00.000Z,בוסניה הרצגובינה,8,6,14
2021-08-31T00:00:00.000Z,בולגריה,28,50,78
2021-08-31T00:00:00.000Z,אתיופיה,18,24,42
2021-08-31T00:00:00.000Z,ארצות הברית,697,952,1649
2021-08-31T00:00:00.000Z,ארמניה,3,0,3
2021-08-31T00:00:00.000Z,ארגנטינה,2,13,15
2021-08-31T00:00:00.000Z,אקואדור,1,3,4
2021-08-31T00:00:00.000Z,אסטוניה,0,1,1
2021-08-31T00:00:00.000Z,אנגולה,3,4,7
2021-08-31T00:00:00.000Z,אלגיריה,0,1,1
2021-08-31T00:00:00.000Z,אירלנד,2,6,8
2021-08-31T00:00:00.000Z,איסלנד,48,12,60
2021-08-31T00:00:00.000Z,איי סיישל,0,3,3
2021-08-31T00:00:00.000Z,איי גילברט ואליס,0,2,2
2021-08-31T00:00:00.000Z,איטליה,69,42,111
2021-08-31T00:00:00.000Z,אזרביג'אן,3,2,5
2021-08-31T00:00:00.000Z,אורגוואי,1,4,5
2021-08-31T00:00:00.000Z,אוקראינה,156,230,386
2021-08-31T00:00:00.000Z,אוסטרליה,3,8,11
2021-08-31T00:00:00.000Z,אוסטריה,280,173,453
2021-08-31T00:00:00.000Z,אוזבקיסטן,0,13,13
2021-08-31T00:00:00.000Z,אוגנדה,2,2,4
2021-08-31T00:00:00.000Z,איחוד האמירויות הערב,21,14,35
2021-08-31T00:00:00.000Z,קרואטיה,24,14,38
2021-08-31T00:00:00.000Z,קניה,11,10,21
2021-09-01T00:00:00.000Z,קזחסטאן,8,79,87
2021-09-01T00:00:00.000Z,קנדה,24,114,138
2021-09-01T00:00:00.000Z,קניה,2,2,4
2021-09-01T00:00:00.000Z,קפריסין,13,27,40
2021-09-01T00:00:00.000Z,קרואטיה,9,3,12
2021-09-01T00:00:00.000Z,רומניה,61,56,117
2021-09-01T00:00:00.000Z,רוסיה,61,199,260
2021-09-01T00:00:00.000Z,שוודיה,2,7,9
2021-09-01T00:00:00.000Z,שוויץ,67,24,91
2021-09-01T00:00:00.000Z,תאילנד,0,2,2
2021-09-01T00:00:00.000Z,תוניסיה,1,0,1
2021-09-01T00:00:00.000Z,תורכיה,17,21,38
2021-09-01T00:00:00.000Z,סרי לנקה (צילון),5,7,12
2021-09-01T00:00:00.000Z,פורטוגל,10,23,33
2021-09-01T00:00:00.000Z,פיליפינים,0,45,45
2021-09-01T00:00:00.000Z,פינלנד,36,28,64
2021-09-01T00:00:00.000Z,פנמה,0,1,1
2021-09-01T00:00:00.000Z,פרו,3,2,5
2021-09-01T00:00:00.000Z,צכיה,267,83,350
2021-09-01T00:00:00.000Z,פולין,77,46,123
2021-09-01T00:00:00.000Z,צרפת,198,271,469
2021-09-01T00:00:00.000Z,סרביה,2,1,3
2021-09-01T00:00:00.000Z,ספרד,7,7,14
2021-09-01T00:00:00.000Z,סלובקיה,0,1,1
2021-09-01T00:00:00.000Z,סלובניה,3,5,8
2021-09-01T00:00:00.000Z,סינגפור,2,12,14
2021-09-01T00:00:00.000Z,סוריה,3,5,8
2021-09-01T00:00:00.000Z,סודן,1,0,1
2021-09-01T00:00:00.000Z,ניקרגואה,1,0,1
2021-09-01T00:00:00.000Z,ניו זילנד,2,0,2
2021-09-01T00:00:00.000Z,ניגריה,4,2,6
2021-09-01T00:00:00.000Z,נורבגיה,3,6,9
2021-09-01T00:00:00.000Z,מרוקו,3,3,6
2021-09-01T00:00:00.000Z,מקסיקו,1,1,2
2021-09-01T00:00:00.000Z,מקדוניה,2,0,2
2021-09-01T00:00:00.000Z,מצרים,64,44,108
2021-09-01T00:00:00.000Z,מלטה,1,0,1
2021-09-01T00:00:00.000Z,מלדיבים,11,13,24
2021-09-01T00:00:00.000Z,מונטנגרו,21,7,28
2021-09-01T00:00:00.000Z,מולדובה,1,1,2
2021-09-01T00:00:00.000Z,מאלי,2,0,2
2021-09-01T00:00:00.000Z,ליטא,1,1,2
2021-09-01T00:00:00.000Z,לוכסמבורג,1,1,2
2021-09-01T00:00:00.000Z,כלל המדינות,3368,5745,9113
2021-09-01T00:00:00.000Z,ירדן,70,57,127
2021-09-01T00:00:00.000Z,יפן,1,6,7
2021-09-01T00:00:00.000Z,יוון,76,49,125
2021-09-01T00:00:00.000Z,טנזניה,11,7,18
2021-09-01T00:00:00.000Z,טיוואן,0,3,3
2021-09-01T00:00:00.000Z,זמביה,1,0,1
2021-09-01T00:00:00.000Z,ונצואלה,0,2,2
2021-09-01T00:00:00.000Z,הרפ הדומיניקנית,3,0,3
2021-09-01T00:00:00.000Z,הממלכה המאוחדת,57,111,168
2021-09-01T00:00:00.000Z,הונגריה,234,122,356
2021-09-01T00:00:00.000Z,הולנד,43,57,100
2021-09-01T00:00:00.000Z,הודו,0,3,3
2021-09-01T00:00:00.000Z,דרום סודאן,2,0,2
2021-09-01T00:00:00.000Z,דרום אפריקה,2,9,11
2021-09-01T00:00:00.000Z,דרום אמריקה,1,1,2
2021-09-01T00:00:00.000Z,דנמרק,7,5,12
2021-09-01T00:00:00.000Z,גרמניה,88,139,227
2021-09-01T00:00:00.000Z,גמייקה,1,1,2
2021-09-01T00:00:00.000Z,גווטאמלה,0,3,3
2021-09-01T00:00:00.000Z,גבון,1,0,1
2021-09-01T00:00:00.000Z,גאנה,3,1,4
2021-09-01T00:00:00.000Z,גאורגיה,0,1,1
2021-09-01T00:00:00.000Z,ברזיל,0,3,3
2021-09-01T00:00:00.000Z,ברבדוס,0,1,1
2021-09-01T00:00:00.000Z,בלגיה,9,6,15
2021-09-01T00:00:00.000Z,בילורוסיה,19,74,93
2021-09-01T00:00:00.000Z,בורקינה פאסו,1,0,1
2021-09-01T00:00:00.000Z,בוסניה הרצגובינה,9,2,11
2021-09-01T00:00:00.000Z,בולגריה,12,12,24
2021-09-01T00:00:00.000Z,אתיופיה,18,14,32
2021-09-01T00:00:00.000Z,ארצות הברית,742,1171,1913
2021-09-01T00:00:00.000Z,ארמניה,3,0,3
2021-09-01T00:00:00.000Z,אקואדור,0,1,1
2021-09-01T00:00:00.000Z,אסטוניה,2,5,7
2021-09-01T00:00:00.000Z,אירלנד,6,4,10
2021-09-01T00:00:00.000Z,איסלנד,32,3,35
2021-09-01T00:00:00.000Z,איטליה,65,60,125
2021-09-01T00:00:00.000Z,אזרביג'אן,1,1,2
2021-09-01T00:00:00.000Z,אורגוואי,1,1,2
2021-09-01T00:00:00.000Z,אוקראינה,331,406,737
2021-09-01T00:00:00.000Z,אוסטרליה,2,13,15
2021-09-01T00:00:00.000Z,אוסטריה,186,86,272
2021-09-01T00:00:00.000Z,אוזבקיסטן,1,16,17
2021-09-01T00:00:00.000Z,איחוד האמירויות הערב,30,21,51
2021-09-01T00:00:00.000Z,קולומביה,3,1,4
2021-09-01T00:00:00.000Z,קוסטה ריקה,1,6,7
2021-09-01T00:00:00.000Z,קוריאה הדרומית,0,4,4
2021-09-02T00:00:00.000Z,רוסיה,77,116,193
2021-09-02T00:00:00.000Z,מלטה,0,2,2
2021-09-02T00:00:00.000Z,קרואטיה,5,7,12
2021-09-02T00:00:00.000Z,אוסטרליה,0,2,2
2021-09-02T00:00:00.000Z,אוסטריה,198,134,332
2021-09-02T00:00:00.000Z,אוזבקיסטן,2,22,24
2021-09-02T00:00:00.000Z,מלדיבים,5,4,9
2021-09-02T00:00:00.000Z,שוודיה,12,25,37
2021-09-02T00:00:00.000Z,שוויץ,62,44,106
2021-09-02T00:00:00.000Z,תוניסיה,1,0,1
2021-09-02T00:00:00.000Z,תורכיה,18,46,64
2021-09-02T00:00:00.000Z,איחוד האמירויות הערב,22,19,41
2021-09-02T00:00:00.000Z,מולדובה,83,118,201
2021-09-02T00:00:00.000Z,מאלי,1,2,3
2021-09-02T00:00:00.000Z,ליטא,55,52,107
2021-09-02T00:00:00.000Z,לטביה,7,0,7
2021-09-02T00:00:00.000Z,כלל המדינות,4200,7384,11584
2021-09-02T00:00:00.000Z,ירדן,74,58,132
2021-09-02T00:00:00.000Z,יפן,3,13,16
2021-09-02T00:00:00.000Z,יוון,141,100,241
2021-09-02T00:00:00.000Z,טנזניה,8,9,17
2021-09-02T00:00:00.000Z,טוגו,1,1,2
2021-09-02T00:00:00.000Z,זמביה,3,1,4
2021-09-02T00:00:00.000Z,זאיר,0,2,2
2021-09-02T00:00:00.000Z,ונצואלה,0,1,1
2021-09-02T00:00:00.000Z,הרפ הדומיניקנית,3,0,3
2021-09-02T00:00:00.000Z,הממלכה המאוחדת,160,325,485
2021-09-02T00:00:00.000Z,הונגריה,319,156,475
2021-09-02T00:00:00.000Z,הונג קונג,1,0,1
2021-09-02T00:00:00.000Z,הולנד,73,56,129
2021-09-02T00:00:00.000Z,הודו,2,6,8
2021-09-02T00:00:00.000Z,דרום סודאן,1,0,1
2021-09-02T00:00:00.000Z,דרום אפריקה,6,13,19
2021-09-02T00:00:00.000Z,דרום אמריקה,0,1,1
2021-09-02T00:00:00.000Z,דנמרק,38,52,90
2021-09-02T00:00:00.000Z,דומיניקה,2,0,2
2021-09-02T00:00:00.000Z,גרמניה,110,125,235
2021-09-02T00:00:00.000Z,גמייקה,1,1,2
2021-09-02T00:00:00.000Z,גינאה המשוונית,2,0,2
2021-09-02T00:00:00.000Z,גווטאמלה,0,1,1
2021-09-02T00:00:00.000Z,גאורגיה,28,39,67
2021-09-02T00:00:00.000Z,ברזיל,1,3,4
2021-09-02T00:00:00.000Z,בנין (דהומי),1,0,1
2021-09-02T00:00:00.000Z,בנגלדש,0,1,1
2021-09-02T00:00:00.000Z,בליז,0,1,1
2021-09-02T00:00:00.000Z,בלגיה,44,68,112
2021-09-02T00:00:00.000Z,בחריין,6,3,9
2021-09-02T00:00:00.000Z,בוסניה הרצגובינה,0,1,1
2021-09-02T00:00:00.000Z,בולגריה,4,4,8
2021-09-02T00:00:00.000Z,בהמס,1,0,1
2021-09-02T00:00:00.000Z,אתיופיה,16,20,36
2021-09-02T00:00:00.000Z,ארצות הברית,554,1602,2156
2021-09-02T00:00:00.000Z,ארמניה,0,2,2
2021-09-02T00:00:00.000Z,ארגנטינה,4,41,45
2021-09-02T00:00:00.000Z,אקואדור,1,1,2
2021-09-02T00:00:00.000Z,אנגולה,1,3,4
2021-09-02T00:00:00.000Z,אל סלבדור,0,1,1
2021-09-02T00:00:00.000Z,אירלנד,4,0,4
2021-09-02T00:00:00.000Z,איסלנד,42,16,58
2021-09-02T00:00:00.000Z,אינדונזיה,0,1,1
2021-09-02T00:00:00.000Z,איי סיישל,38,16,54
2021-09-02T00:00:00.000Z,איטליה,135,93,228
2021-09-02T00:00:00.000Z,אזרביג'אן,44,43,87
2021-09-02T00:00:00.000Z,אורגוואי,1,4,5
2021-09-02T00:00:00.000Z,אוקראינה,253,270,523
2021-09-02T00:00:00.000Z,מצרים,78,64,142
2021-09-02T00:00:00.000Z,מרוקו,37,58,95
2021-09-02T00:00:00.000Z,מרטיניק,1,0,1
2021-09-02T00:00:00.000Z,נורבגיה,7,8,15
2021-09-02T00:00:00.000Z,ניגריה,3,3,6
2021-09-02T00:00:00.000Z,נמיביה,1,2,3
2021-09-02T00:00:00.000Z,סודן,1,0,1
2021-09-02T00:00:00.000Z,סוריה,5,5,10
2021-09-02T00:00:00.000Z,סלובניה,1,0,1
2021-09-02T00:00:00.000Z,סלובקיה,3,2,5
2021-09-02T00:00:00.000Z,ספרד,20,56,76
2021-09-02T00:00:00.000Z,סרביה,5,5,10
2021-09-02T00:00:00.000Z,סרי לנקה (צילון),0,2,2
2021-09-02T00:00:00.000Z,עירק,0,1,1
2021-09-02T00:00:00.000Z,פולין,61,45,106
2021-09-02T00:00:00.000Z,פורטוגל,90,49,139
2021-09-02T00:00:00.000Z,פיליפינים,0,2,2
2021-09-02T00:00:00.000Z,פינלנד,0,1,1
2021-09-02T00:00:00.000Z,פנמה,4,3,7
2021-09-02T00:00:00.000Z,פרגוואי,1,0,1
2021-09-02T00:00:00.000Z,פרו,4,2,6
2021-09-02T00:00:00.000Z,צאד,1,0,1
2021-09-02T00:00:00.000Z,צ'ילה,1,1,2
2021-09-02T00:00:00.000Z,צכיה,106,62,168
2021-09-02T00:00:00.000Z,צרפת,265,285,550
2021-09-02T00:00:00.000Z,קולומביה,3,14,17
2021-09-02T00:00:00.000Z,קוסטה ריקה,3,2,5
2021-09-02T00:00:00.000Z,קוריאה הדרומית,1,3,4
2021-09-02T00:00:00.000Z,קמרון,1,0,1
2021-09-02T00:00:00.000Z,רומניה,43,23,66
2021-09-02T00:00:00.000Z,קנדה,54,212,266
2021-09-02T00:00:00.000Z,קניה,1,6,7
2021-09-02T00:00:00.000Z,קפריסין,39,25,64
2021-09-03T00:00:00.000Z,ליטא,0,3,3
2021-09-03T00:00:00.000Z,אוזבקיסטן,1,2,3
2021-09-03T00:00:00.000Z,תוניסיה,0,2,2
2021-09-03T00:00:00.000Z,אוסטריה,280,148,428
2021-09-03T00:00:00.000Z,אוסטרליה,1,3,4
2021-09-03T00:00:00.000Z,אוקראינה,254,259,513
2021-09-03T00:00:00.000Z,אזרביג'אן,1,0,1
2021-09-03T00:00:00.000Z,איטליה,143,106,249
2021-09-03T00:00:00.000Z,איסלנד,7,4,11
2021-09-03T00:00:00.000Z,אירלנד,3,4,7
2021-09-03T00:00:00.000Z,אל סלבדור,1,0,1
2021-09-03T00:00:00.000Z,אנגולה,1,0,1
2021-09-03T00:00:00.000Z,אסטוניה,0,2,2
2021-09-03T00:00:00.000Z,אקואדור,2,2,4
2021-09-03T00:00:00.000Z,ארגנטינה,1,7,8
2021-09-03T00:00:00.000Z,ארמניה,11,7,18
2021-09-03T00:00:00.000Z,ארצות הברית,856,1360,2216
2021-09-03T00:00:00.000Z,בהמס,3,0,3
2021-09-03T00:00:00.000Z,בולגריה,19,40,59
2021-09-03T00:00:00.000Z,בוליביה,1,0,1
2021-09-03T00:00:00.000Z,בוסניה הרצגובינה,4,1,5
2021-09-03T00:00:00.000Z,בחריין,3,3,6
2021-09-03T00:00:00.000Z,בילורוסיה,55,37,92
2021-09-03T00:00:00.000Z,בלגיה,71,109,180
2021-09-03T00:00:00.000Z,ברזיל,1,1,2
2021-09-03T00:00:00.000Z,גאורגיה,11,13,24
2021-09-03T00:00:00.000Z,גווטאמלה,1,1,2
2021-09-03T00:00:00.000Z,גיברלטר,1,3,4
2021-09-03T00:00:00.000Z,גרמניה,203,174,377
2021-09-03T00:00:00.000Z,גרנדה,1,0,1
2021-09-03T00:00:00.000Z,דומיניקה,2,0,2
2021-09-03T00:00:00.000Z,דנמרק,16,11,27
2021-09-03T00:00:00.000Z,הודו,2,3,5
2021-09-03T00:00:00.000Z,הולנד,90,75,165
2021-09-03T00:00:00.000Z,הונגריה,278,166,444
2021-09-03T00:00:00.000Z,הממלכה המאוחדת,134,283,417
2021-09-03T00:00:00.000Z,הרפ הדומיניקנית,3,1,4
2021-09-03T00:00:00.000Z,ויטנאם,1,1,2
2021-09-03T00:00:00.000Z,ונצואלה,0,5,5
2021-09-03T00:00:00.000Z,טיוואן,0,1,1
2021-09-03T00:00:00.000Z,יוון,208,112,320
2021-09-03T00:00:00.000Z,יפן,4,6,10
2021-09-03T00:00:00.000Z,ירדן,4,1,5
2021-09-03T00:00:00.000Z,כלל המדינות,4836,5993,10829
2021-09-03T00:00:00.000Z,לטביה,2,1,3
2021-09-03T00:00:00.000Z,אבחזיסטאן,2,0,2
2021-09-03T00:00:00.000Z,מולדובה,46,41,87
2021-09-03T00:00:00.000Z,מונטנגרו,68,21,89
2021-09-03T00:00:00.000Z,מלדיבים,8,5,13
2021-09-03T00:00:00.000Z,מלטה,1,0,1
2021-09-03T00:00:00.000Z,מצרים,123,60,183
2021-09-03T00:00:00.000Z,מקדוניה,1,0,1
2021-09-03T00:00:00.000Z,מקסיקו,1,0,1
2021-09-03T00:00:00.000Z,מרוקו,7,3,10
2021-09-03T00:00:00.000Z,נורבגיה,2,4,6
2021-09-03T00:00:00.000Z,ניגריה,4,1,5
2021-09-03T00:00:00.000Z,ניו זילנד,1,2,3
2021-09-03T00:00:00.000Z,נפאל,0,1,1
2021-09-03T00:00:00.000Z,סינגפור,3,6,9
2021-09-03T00:00:00.000Z,סלובקיה,6,2,8
2021-09-03T00:00:00.000Z,סנגל,2,1,3
2021-09-03T00:00:00.000Z,ספרד,20,17,37
2021-09-03T00:00:00.000Z,סרביה,5,2,7
2021-09-03T00:00:00.000Z,סרי לנקה (צילון),0,1,1
2021-09-03T00:00:00.000Z,ערב הסעודית,1,0,1
2021-09-03T00:00:00.000Z,פולין,116,48,164
2021-09-03T00:00:00.000Z,פורטוגל,11,5,16
2021-09-03T00:00:00.000Z,פיליפינים,1,4,5
2021-09-03T00:00:00.000Z,פינלנד,29,33,62
2021-09-03T00:00:00.000Z,פנמה,4,3,7
2021-09-03T00:00:00.000Z,פרגוואי,1,0,1
2021-09-03T00:00:00.000Z,צכיה,297,134,431
2021-09-03T00:00:00.000Z,צרפת,224,134,358
2021-09-03T00:00:00.000Z,קוסובו,0,1,1
2021-09-03T00:00:00.000Z,קוסטה ריקה,16,19,35
2021-09-03T00:00:00.000Z,קוריאה הדרומית,1,0,1
2021-09-03T00:00:00.000Z,קזחסטאן,6,10,16
2021-09-03T00:00:00.000Z,קטר,2,0,2
2021-09-03T00:00:00.000Z,קירג'זסטאן,1,0,1
2021-09-03T00:00:00.000Z,קנדה,71,179,250
2021-09-03T00:00:00.000Z,קפריסין,63,25,88
2021-09-03T00:00:00.000Z,קרואטיה,7,4,11
2021-09-03T00:00:00.000Z,רומניה,72,37,109
2021-09-03T00:00:00.000Z,רוסיה,151,217,368
2021-09-03T00:00:00.000Z,שוודיה,3,6,9
2021-09-03T00:00:00.000Z,שוויץ,221,151,372
2021-09-03T00:00:00.000Z,תאילנד,62,75,137
2021-09-03T00:00:00.000Z,איחוד האמירויות הערב,37,12,49
2021-09-03T00:00:00.000Z,תורכיה,38,34,72
2021-09-03T00:00:00.000Z,אורגוואי,3,6,9
2021-09-04T00:00:00.000Z,אוגנדה,2,0,2
2021-09-04T00:00:00.000Z,קפריסין,57,14,71
2021-09-04T00:00:00.000Z,תורכיה,17,18,35
2021-09-04T00:00:00.000Z,תאילנד,2,1,3
2021-09-04T00:00:00.000Z,שוויץ,22,12,34
2021-09-04T00:00:00.000Z,שוודיה,1,3,4
2021-09-04T00:00:00.000Z,רוסיה,7,12,19
2021-09-04T00:00:00.000Z,רומניה,102,75,177
2021-09-04T00:00:00.000Z,רואנדה,3,0,3
2021-09-04T00:00:00.000Z,קרואטיה,5,5,10
2021-09-04T00:00:00.000Z,איחוד האמירויות הערב,12,10,22
2021-09-04T00:00:00.000Z,קניה,4,1,5
2021-09-04T00:00:00.000Z,קנדה,7,64,71
2021-09-04T00:00:00.000Z,קמרון,0,4,4
2021-09-04T00:00:00.000Z,קזחסטאן,0,1,1
2021-09-04T00:00:00.000Z,קוריאה הדרומית,0,1,1
2021-09-04T00:00:00.000Z,קוסטה ריקה,1,7,8
2021-09-04T00:00:00.000Z,קולומביה,4,11,15
2021-09-04T00:00:00.000Z,קובה,0,1,1
2021-09-04T00:00:00.000Z,צרפת,97,75,172
2021-09-04T00:00:00.000Z,צכיה,107,57,164
2021-09-04T00:00:00.000Z,פרו,3,1,4
2021-09-04T00:00:00.000Z,פרגוואי,2,0,2
2021-09-04T00:00:00.000Z,פנמה,2,2,4
2021-09-04T00:00:00.000Z,פינלנד,2,5,7
2021-09-04T00:00:00.000Z,פיליפינים,2,3,5
2021-09-04T00:00:00.000Z,פורטוגל,7,9,16
2021-09-04T00:00:00.000Z,פורטו ריקו,1,0,1
2021-09-04T00:00:00.000Z,פולין,84,36,120
2021-09-04T00:00:00.000Z,סרי לנקה (צילון),2,10,12
2021-09-04T00:00:00.000Z,ספרד,3,6,9
2021-09-04T00:00:00.000Z,סלובניה,4,0,4
2021-09-04T00:00:00.000Z,סינגפור,0,1,1
2021-09-04T00:00:00.000Z,ניגריה,3,1,4
2021-09-04T00:00:00.000Z,נורבגיה,0,1,1
2021-09-04T00:00:00.000Z,מרוקו,3,5,8
2021-09-04T00:00:00.000Z,מקסיקו,0,1,1
2021-09-04T00:00:00.000Z,מקאו,0,1,1
2021-09-04T00:00:00.000Z,מצרים,156,74,230
2021-09-04T00:00:00.000Z,מלדיבים,5,2,7
2021-09-04T00:00:00.000Z,מלאווי,1,182,183
2021-09-04T00:00:00.000Z,מונטנגרו,4,0,4
2021-09-04T00:00:00.000Z,מאוריציוס,2,0,2
2021-09-04T00:00:00.000Z,ליטא,0,2,2
2021-09-04T00:00:00.000Z,לטביה,26,18,44
2021-09-04T00:00:00.000Z,לוכסמבורג,1,2,3
2021-09-04T00:00:00.000Z,כלל המדינות,2018,3129,5147
2021-09-04T00:00:00.000Z,ירדן,7,1,8
2021-09-04T00:00:00.000Z,יפן,0,1,1
2021-09-04T00:00:00.000Z,יוון,95,47,142
2021-09-04T00:00:00.000Z,טנזניה,3,5,8
2021-09-04T00:00:00.000Z,טוגו,1,3,4
2021-09-04T00:00:00.000Z,טג'יקיסטאן,1,0,1
2021-09-04T00:00:00.000Z,חוף השנהב,1,0,1
2021-09-04T00:00:00.000Z,זמביה,1,3,4
2021-09-04T00:00:00.000Z,זימבאבווה,0,1,1
2021-09-04T00:00:00.000Z,זאיר,2,1,3
2021-09-04T00:00:00.000Z,הרפ הדומיניקנית,1,1,2
2021-09-04T00:00:00.000Z,הממלכה המאוחדת,44,56,100
2021-09-04T00:00:00.000Z,הונגריה,237,128,365
2021-09-04T00:00:00.000Z,הולנד,37,53,90
2021-09-04T00:00:00.000Z,הודו,1,2,3
2021-09-04T00:00:00.000Z,דרום סודאן,1,0,1
2021-09-04T00:00:00.000Z,דרום אפריקה,2,11,13
2021-09-04T00:00:00.000Z,דנמרק,2,2,4
2021-09-04T00:00:00.000Z,גרמניה,67,61,128
2021-09-04T00:00:00.000Z,גבון,3,0,3
2021-09-04T00:00:00.000Z,גאנה,4,4,8
2021-09-04T00:00:00.000Z,גאורגיה,3,3,6
2021-09-04T00:00:00.000Z,ברזיל,0,4,4
2021-09-04T00:00:00.000Z,בלגיה,5,1,6
2021-09-04T00:00:00.000Z,בילורוסיה,1,0,1
2021-09-04T00:00:00.000Z,בוסניה הרצגובינה,4,2,6
2021-09-04T00:00:00.000Z,בולגריה,2,0,2
2021-09-04T00:00:00.000Z,בוטסואנה,1,0,1
2021-09-04T00:00:00.000Z,אתיופיה,15,14,29
2021-09-04T00:00:00.000Z,ארצות הברית,312,490,802
2021-09-04T00:00:00.000Z,ארמניה,1,3,4
2021-09-04T00:00:00.000Z,ארגנטינה,1,7,8
2021-09-04T00:00:00.000Z,אסטוניה,2,2,4
2021-09-04T00:00:00.000Z,אנגולה,1,0,1
2021-09-04T00:00:00.000Z,אלבניה,1,1,2
2021-09-04T00:00:00.000Z,אירלנד,3,5,8
2021-09-04T00:00:00.000Z,איסלנד,17,6,23
2021-09-04T00:00:00.000Z,איי סיישל,2,0,2
2021-09-04T00:00:00.000Z,איטליה,72,41,113
2021-09-04T00:00:00.000Z,אוקראינה,86,75,161
2021-09-04T00:00:00.000Z,אוסטריה,123,50,173
2021-09-05T00:00:00.000Z,כלל המדינות,5103,6657,11760
2021-09-05T00:00:00.000Z,חוף השנהב,1,0,1
2021-09-05T00:00:00.000Z,תוניסיה,0,1,1
2021-09-05T00:00:00.000Z,תאילנד,0,1,1
2021-09-05T00:00:00.000Z,שוויץ,142,120,262
2021-09-05T00:00:00.000Z,איחוד האמירויות הערב,44,27,71
2021-09-05T00:00:00.000Z,אבחזיסטאן,1,0,1
2021-09-05T00:00:00.000Z,אוזבקיסטן,0,2,2
2021-09-05T00:00:00.000Z,אוסטריה,218,101,319
2021-09-05T00:00:00.000Z,אוסטרליה,2,8,10
2021-09-05T00:00:00.000Z,אוקראינה,261,294,555
2021-09-05T00:00:00.000Z,אורגוואי,0,2,2
2021-09-05T00:00:00.000Z,אזרביג'אן,50,52,102
2021-09-05T00:00:00.000Z,איטליה,234,140,374
2021-09-05T00:00:00.000Z,איי טורקס וקייקוס,1,0,1
2021-09-05T00:00:00.000Z,איסלנד,22,8,30
2021-09-05T00:00:00.000Z,אירלנד,4,5,9
2021-09-05T00:00:00.000Z,אלבניה,0,1,1
2021-09-05T00:00:00.000Z,אסטוניה,1,2,3
2021-09-05T00:00:00.000Z,ארגנטינה,0,3,3
2021-09-05T00:00:00.000Z,ארמניה,2,5,7
2021-09-05T00:00:00.000Z,ארצות הברית,480,835,1315
2021-09-05T00:00:00.000Z,בולגריה,17,33,50
2021-09-05T00:00:00.000Z,בוסניה הרצגובינה,20,11,31
2021-09-05T00:00:00.000Z,בחריין,2,1,3
2021-09-05T00:00:00.000Z,בילורוסיה,54,100,154
2021-09-05T00:00:00.000Z,בלגיה,80,97,177
2021-09-05T00:00:00.000Z,ברזיל,4,1,5
2021-09-05T00:00:00.000Z,גאורגיה,31,46,77
2021-09-05T00:00:00.000Z,גאנה,1,1,2
2021-09-05T00:00:00.000Z,גרמניה,156,168,324
2021-09-05T00:00:00.000Z,דנמרק,31,38,69
2021-09-05T00:00:00.000Z,דרום סודאן,0,1,1
2021-09-05T00:00:00.000Z,הודו,5,0,5
2021-09-05T00:00:00.000Z,הולנד,110,113,223
2021-09-05T00:00:00.000Z,הונג קונג,1,0,1
2021-09-05T00:00:00.000Z,הונגריה,431,184,615
2021-09-05T00:00:00.000Z,הממלכה המאוחדת,204,391,595
2021-09-05T00:00:00.000Z,הרפ הדומיניקנית,1,2,3
2021-09-05T00:00:00.000Z,ויטנאם,0,2,2
2021-09-05T00:00:00.000Z,טנזניה,2,0,2
2021-09-05T00:00:00.000Z,יוון,408,172,580
2021-09-05T00:00:00.000Z,יפן,14,12,26
2021-09-05T00:00:00.000Z,ירדן,80,64,144
2021-09-05T00:00:00.000Z,תורכיה,20,35,55
2021-09-05T00:00:00.000Z,לבנון,0,1,1
2021-09-05T00:00:00.000Z,לוכסמבורג,1,3,4
2021-09-05T00:00:00.000Z,לטביה,3,0,3
2021-09-05T00:00:00.000Z,ליטא,61,35,96
2021-09-05T00:00:00.000Z,מאלי,1,0,1
2021-09-05T00:00:00.000Z,מולדובה,81,125,206
2021-09-05T00:00:00.000Z,מונגוליה,0,1,1
2021-09-05T00:00:00.000Z,מונטנגרו,1,0,1
2021-09-05T00:00:00.000Z,מלדיבים,12,5,17
2021-09-05T00:00:00.000Z,מלטה,4,0,4
2021-09-05T00:00:00.000Z,מצרים,185,76,261
2021-09-05T00:00:00.000Z,מקסיקו,0,2,2
2021-09-05T00:00:00.000Z,מרוקו,1,4,5
2021-09-05T00:00:00.000Z,נורבגיה,2,3,5
2021-09-05T00:00:00.000Z,ניגריה,2,0,2
2021-09-05T00:00:00.000Z,נפאל,0,1,1
2021-09-05T00:00:00.000Z,סין,2,1,3
2021-09-05T00:00:00.000Z,סן מרינו,2,1,3
2021-09-05T00:00:00.000Z,סנגל,1,1,2
2021-09-05T00:00:00.000Z,ספרד,2,10,12
2021-09-05T00:00:00.000Z,סרביה,2,0,2
2021-09-05T00:00:00.000Z,סרי לנקה (צילון),8,5,13
2021-09-05T00:00:00.000Z,פולין,102,42,144
2021-09-05T00:00:00.000Z,פורטוגל,33,20,53
2021-09-05T00:00:00.000Z,פיליפינים,2,13,15
2021-09-05T00:00:00.000Z,פינלנד,1,1,2
2021-09-05T00:00:00.000Z,פנמה,3,3,6
2021-09-05T00:00:00.000Z,פרגוואי,0,1,1
2021-09-05T00:00:00.000Z,פרו,0,2,2
2021-09-05T00:00:00.000Z,צכיה,316,146,462
2021-09-05T00:00:00.000Z,צרפת,334,392,726
2021-09-05T00:00:00.000Z,קולומביה,1,6,7
2021-09-05T00:00:00.000Z,קוסטה ריקה,6,10,16
2021-09-05T00:00:00.000Z,קוריאה הדרומית,5,6,11
2021-09-05T00:00:00.000Z,קזחסטאן,3,3,6
2021-09-05T00:00:00.000Z,קירג'זסטאן,2,3,5
2021-09-05T00:00:00.000Z,קנדה,16,66,82
2021-09-05T00:00:00.000Z,קניה,1,0,1
2021-09-05T00:00:00.000Z,קפריסין,115,38,153
2021-09-05T00:00:00.000Z,קרואטיה,3,6,9
2021-09-05T00:00:00.000Z,רומניה,58,19,77
2021-09-05T00:00:00.000Z,רוסיה,72,230,302
2021-09-05T00:00:00.000Z,שוודיה,10,9,19
2021-09-06T00:00:00.000Z,רומניה,51,19,70
2021-09-06T00:00:00.000Z,רוסיה,140,172,312
2021-09-06T00:00:00.000Z,שוודיה,1,0,1
2021-09-06T00:00:00.000Z,שוויץ,62,38,100
2021-09-06T00:00:00.000Z,תאילנד,28,47,75
2021-09-06T00:00:00.000Z,תוניסיה,1,0,1
2021-09-06T00:00:00.000Z,תורכיה,13,17,30
2021-09-06T00:00:00.000Z,בורונדי,0,1,1
2021-09-06T00:00:00.000Z,בוסניה הרצגובינה,2,0,2
2021-09-06T00:00:00.000Z,בולגריה,10,13,23
2021-09-06T00:00:00.000Z,בוטסואנה,0,1,1
2021-09-06T00:00:00.000Z,אתיופיה,15,14,29
2021-09-06T00:00:00.000Z,ארצות הברית,573,826,1399
2021-09-06T00:00:00.000Z,ארמניה,0,1,1
2021-09-06T00:00:00.000Z,אקואדור,2,1,3
2021-09-06T00:00:00.000Z,אסטוניה,1,0,1
2021-09-06T00:00:00.000Z,אנדורה,1,1,2
2021-09-06T00:00:00.000Z,אלבניה,7,2,9
2021-09-06T00:00:00.000Z,אירלנד,6,2,8
2021-09-06T00:00:00.000Z,איסלנד,3,8,11
2021-09-06T00:00:00.000Z,איטליה,115,74,189
2021-09-06T00:00:00.000Z,אזרביג'אן,0,2,2
2021-09-06T00:00:00.000Z,אורגוואי,0,2,2
2021-09-06T00:00:00.000Z,אוקראינה,285,227,512
2021-09-06T00:00:00.000Z,אוסטרליה,1,11,12
2021-09-06T00:00:00.000Z,אוסטריה,193,81,274
2021-09-06T00:00:00.000Z,אוזבקיסטן,21,122,143
2021-09-06T00:00:00.000Z,אוגנדה,5,0,5
2021-09-06T00:00:00.000Z,דנמרק,2,2,4
2021-09-06T00:00:00.000Z,גאורגיה,8,0,8
2021-09-06T00:00:00.000Z,ברזיל,2,4,6
2021-09-06T00:00:00.000Z,גרמניה,153,85,238
2021-09-06T00:00:00.000Z,בלגיה,9,14,23
2021-09-06T00:00:00.000Z,איחוד האמירויות הערב,33,15,48
2021-09-06T00:00:00.000Z,בילורוסיה,24,34,58
2021-09-06T00:00:00.000Z,גווטאמלה,1,0,1
2021-09-06T00:00:00.000Z,דרום אפריקה,4,20,24
2021-09-06T00:00:00.000Z,הודו,8,82,90
2021-09-06T00:00:00.000Z,הולנד,58,28,86
2021-09-06T00:00:00.000Z,הונגריה,142,42,184
2021-09-06T00:00:00.000Z,הממלכה המאוחדת,141,297,438
2021-09-06T00:00:00.000Z,גאנה,7,2,9
2021-09-06T00:00:00.000Z,הרפ הדומיניקנית,2,2,4
2021-09-06T00:00:00.000Z,זאיר,0,4,4
2021-09-06T00:00:00.000Z,זמביה,1,2,3
2021-09-06T00:00:00.000Z,טנזניה,18,15,33
2021-09-06T00:00:00.000Z,יוון,187,52,239
2021-09-06T00:00:00.000Z,יפן,9,12,21
2021-09-06T00:00:00.000Z,ירדן,60,45,105
2021-09-06T00:00:00.000Z,כלל המדינות,3623,4930,8553
2021-09-06T00:00:00.000Z,לוכסמבורג,0,2,2
2021-09-06T00:00:00.000Z,ליטא,4,5,9
2021-09-06T00:00:00.000Z,מאלי,2,0,2
2021-09-06T00:00:00.000Z,מולדובה,1,1,2
2021-09-06T00:00:00.000Z,מונטנגרו,18,7,25
2021-09-06T00:00:00.000Z,מלדיבים,5,4,9
2021-09-06T00:00:00.000Z,מצרים,126,59,185
2021-09-06T00:00:00.000Z,מקסיקו,0,2,2
2021-09-06T00:00:00.000Z,מרוקו,5,3,8
2021-09-06T00:00:00.000Z,ניגריה,4,0,4
2021-09-06T00:00:00.000Z,ניקרגואה,0,1,1
2021-09-06T00:00:00.000Z,סוריה,3,7,10
2021-09-06T00:00:00.000Z,סינגפור,1,1,2
2021-09-06T00:00:00.000Z,סלובניה,2,0,2
2021-09-06T00:00:00.000Z,סלובקיה,2,4,6
2021-09-06T00:00:00.000Z,סנגל,1,0,1
2021-09-06T00:00:00.000Z,ספרד,19,21,40
2021-09-06T00:00:00.000Z,סרביה,1,5,6
2021-09-06T00:00:00.000Z,עירק,2,1,3
2021-09-06T00:00:00.000Z,פולין,123,32,155
2021-09-06T00:00:00.000Z,פורטוגל,67,42,109
2021-09-06T00:00:00.000Z,פיליפינים,1,3,4
2021-09-06T00:00:00.000Z,פינלנד,1,5,6
2021-09-06T00:00:00.000Z,פנמה,1,2,3
2021-09-06T00:00:00.000Z,פרגוואי,0,1,1
2021-09-06T00:00:00.000Z,פרו,5,7,12
2021-09-06T00:00:00.000Z,צאד,2,0,2
2021-09-06T00:00:00.000Z,צ'ילה,0,3,3
2021-09-06T00:00:00.000Z,צכיה,228,87,315
2021-09-06T00:00:00.000Z,צרפת,153,120,273
2021-09-06T00:00:00.000Z,קולומביה,4,2,6
2021-09-06T00:00:00.000Z,קונגו,0,1,1
2021-09-06T00:00:00.000Z,קוסטה ריקה,9,8,17
2021-09-06T00:00:00.000Z,קזחסטאן,4,2,6
2021-09-06T00:00:00.000Z,קירג'זסטאן,2,0,2
2021-09-06T00:00:00.000Z,קנדה,19,99,118
2021-09-06T00:00:00.000Z,קניה,4,3,7
2021-09-06T00:00:00.000Z,קפריסין,36,16,52
2021-09-06T00:00:00.000Z,קרואטיה,1,1,2
2021-09-06T00:00:00.000Z,רואנדה,1,0,1
2021-09-07T00:00:00.000Z,ליטא,0,4,4
2021-09-07T00:00:00.000Z,איחוד האמירויות הערב,20,9,29
2021-09-07T00:00:00.000Z,תורכיה,8,6,14
2021-09-07T00:00:00.000Z,תורכמניסטאן,1,0,1
2021-09-07T00:00:00.000Z,שוודיה,0,5,5
2021-09-07T00:00:00.000Z,רוסיה,85,128,213
2021-09-07T00:00:00.000Z,רומניה,40,19,59
2021-09-07T00:00:00.000Z,רואנדה,0,1,1
2021-09-07T00:00:00.000Z,קרואטיה,1,2,3
2021-09-07T00:00:00.000Z,קפריסין,5,3,8
2021-09-07T00:00:00.000Z,קניה,1,0,1
2021-09-07T00:00:00.000Z,קנדה,12,21,33
2021-09-07T00:00:00.000Z,קמרון,1,0,1
2021-09-07T00:00:00.000Z,קירג'זסטאן,1,1,2
2021-09-07T00:00:00.000Z,קזחסטאן,0,3,3
2021-09-07T00:00:00.000Z,קוריאה הדרומית,1,0,1
2021-09-07T00:00:00.000Z,קוסטה ריקה,5,7,12
2021-09-07T00:00:00.000Z,קוסובו,0,3,3
2021-09-07T00:00:00.000Z,צרפת,36,20,56
2021-09-07T00:00:00.000Z,צכיה,76,30,106
2021-09-07T00:00:00.000Z,פרו,0,3,3
2021-09-07T00:00:00.000Z,פנמה,2,1,3
2021-09-07T00:00:00.000Z,פיליפינים,0,11,11
2021-09-07T00:00:00.000Z,פורטוגל,4,8,12
2021-09-07T00:00:00.000Z,פולין,39,23,62
2021-09-07T00:00:00.000Z,ערב הסעודית,2,0,2
2021-09-07T00:00:00.000Z,סרי לנקה (צילון),0,1,1
2021-09-07T00:00:00.000Z,סרביה,4,1,5
2021-09-07T00:00:00.000Z,ספרד,5,1,6
2021-09-07T00:00:00.000Z,סלובקיה,2,0,2
2021-09-07T00:00:00.000Z,סלובניה,1,0,1
2021-09-07T00:00:00.000Z,סין,36,16,52
2021-09-07T00:00:00.000Z,נפאל,0,1,1
2021-09-07T00:00:00.000Z,ניו זילנד,0,3,3
2021-09-07T00:00:00.000Z,מרוקו,3,2,5
2021-09-07T00:00:00.000Z,מצרים,144,36,180
2021-09-07T00:00:00.000Z,מלדיבים,4,7,11
2021-09-07T00:00:00.000Z,מלאווי,0,1,1
2021-09-07T00:00:00.000Z,מונטנגרו,3,1,4
2021-09-07T00:00:00.000Z,מולדובה,43,28,71
2021-09-07T00:00:00.000Z,שוויץ,27,26,53
2021-09-07T00:00:00.000Z,לטביה,11,14,25
2021-09-07T00:00:00.000Z,כלל המדינות,1573,2525,4098
2021-09-07T00:00:00.000Z,ירדן,2,4,6
2021-09-07T00:00:00.000Z,יפן,0,4,4
2021-09-07T00:00:00.000Z,יוון,198,44,242
2021-09-07T00:00:00.000Z,טנזניה,0,2,2
2021-09-07T00:00:00.000Z,טיוואן,0,1,1
2021-09-07T00:00:00.000Z,טוגו,0,1,1
2021-09-07T00:00:00.000Z,זמביה,2,0,2
2021-09-07T00:00:00.000Z,ונצואלה,0,3,3
2021-09-07T00:00:00.000Z,הממלכה המאוחדת,12,11,23
2021-09-07T00:00:00.000Z,הונגריה,198,83,281
2021-09-07T00:00:00.000Z,הונג קונג,6,10,16
2021-09-07T00:00:00.000Z,הולנד,24,24,48
2021-09-07T00:00:00.000Z,הודו,3,1,4
2021-09-07T00:00:00.000Z,דרום אפריקה,1,0,1
2021-09-07T00:00:00.000Z,דנמרק,1,3,4
2021-09-07T00:00:00.000Z,גרמניה,81,60,141
2021-09-07T00:00:00.000Z,גאורגיה,1,0,1
2021-09-07T00:00:00.000Z,ברזיל,0,2,2
2021-09-07T00:00:00.000Z,בלגיה,7,0,7
2021-09-07T00:00:00.000Z,בוסניה הרצגובינה,6,1,7
2021-09-07T00:00:00.000Z,בולגריה,0,1,1
2021-09-07T00:00:00.000Z,בהמס,1,0,1
2021-09-07T00:00:00.000Z,אתיופיה,3,2,5
2021-09-07T00:00:00.000Z,ארצות הברית,64,103,167
2021-09-07T00:00:00.000Z,ארמניה,0,1,1
2021-09-07T00:00:00.000Z,ארגנטינה,0,9,9
2021-09-07T00:00:00.000Z,אקואדור,0,1,1
2021-09-07T00:00:00.000Z,אסטוניה,2,0,2
2021-09-07T00:00:00.000Z,אלבניה,1,0,1
2021-09-07T00:00:00.000Z,אירלנד,3,0,3
2021-09-07T00:00:00.000Z,איסלנד,11,6,17
2021-09-07T00:00:00.000Z,איי סיישל,0,4,4
2021-09-07T00:00:00.000Z,איטליה,81,26,107
2021-09-07T00:00:00.000Z,אוקראינה,89,122,211
2021-09-07T00:00:00.000Z,אוסטרליה,0,1,1
2021-09-07T00:00:00.000Z,אוסטריה,44,16,60
2021-09-07T00:00:00.000Z,אוזבקיסטן,0,3,3
2021-09-07T00:00:00.000Z,אוגנדה,1,0,1
2021-09-08T00:00:00.000Z,בוסניה הרצגובינה,9,1,10
2021-09-08T00:00:00.000Z,בלגיה,2,1,3
2021-09-08T00:00:00.000Z,ברזיל,0,2,2
2021-09-08T00:00:00.000Z,גאורגיה,22,16,38
2021-09-08T00:00:00.000Z,גאנה,3,1,4
2021-09-08T00:00:00.000Z,גווטאמלה,1,2,3
2021-09-08T00:00:00.000Z,גיברלטר,0,1,1
2021-09-08T00:00:00.000Z,גרמניה,95,68,163
2021-09-08T00:00:00.000Z,דנמרק,14,1,15
2021-09-08T00:00:00.000Z,הולנד,72,24,96
2021-09-08T00:00:00.000Z,הונגריה,267,72,339
2021-09-08T00:00:00.000Z,הממלכה המאוחדת,25,25,50
2021-09-08T00:00:00.000Z,זאיר,0,1,1
2021-09-08T00:00:00.000Z,זמביה,1,0,1
2021-09-08T00:00:00.000Z,טיוואן,0,2,2
2021-09-08T00:00:00.000Z,טנזניה,6,10,16
2021-09-08T00:00:00.000Z,יוון,134,39,173
2021-09-08T00:00:00.000Z,יפן,1,4,5
2021-09-08T00:00:00.000Z,ירדן,29,21,50
2021-09-08T00:00:00.000Z,כלל המדינות,2758,3065,5823
2021-09-08T00:00:00.000Z,ליבריה,0,1,1
2021-09-08T00:00:00.000Z,איחוד האמירויות הערב,40,12,52
2021-09-08T00:00:00.000Z,מולדובה,1,0,1
2021-09-08T00:00:00.000Z,מונטנגרו,0,3,3
2021-09-08T00:00:00.000Z,מלדיבים,13,14,27
2021-09-08T00:00:00.000Z,מצרים,319,73,392
2021-09-08T00:00:00.000Z,מקדוניה,2,0,2
2021-09-08T00:00:00.000Z,מרוקו,1,0,1
2021-09-08T00:00:00.000Z,ניגריה,0,1,1
2021-09-08T00:00:00.000Z,סינגפור,0,2,2
2021-09-08T00:00:00.000Z,סלובניה,0,1,1
2021-09-08T00:00:00.000Z,ספרד,8,3,11
2021-09-08T00:00:00.000Z,סרביה,2,0,2
2021-09-08T00:00:00.000Z,סרי לנקה (צילון),0,1,1
2021-09-08T00:00:00.000Z,ערב הסעודית,2,0,2
2021-09-08T00:00:00.000Z,פולין,54,10,64
2021-09-08T00:00:00.000Z,מוזמביק,1,2,3
2021-09-08T00:00:00.000Z,אוזבקיסטן,0,5,5
2021-09-08T00:00:00.000Z,אוסטריה,199,61,260
2021-09-08T00:00:00.000Z,אוסטרליה,0,3,3
2021-09-08T00:00:00.000Z,אוקראינה,190,188,378
2021-09-08T00:00:00.000Z,אזרביג'אן,2,0,2
2021-09-08T00:00:00.000Z,איטליה,78,42,120
2021-09-08T00:00:00.000Z,איי סיישל,34,6,40
2021-09-08T00:00:00.000Z,איסלנד,3,1,4
2021-09-08T00:00:00.000Z,אירלנד,2,2,4
2021-09-08T00:00:00.000Z,אלבניה,1,0,1
2021-09-08T00:00:00.000Z,אסטוניה,2,1,3
2021-09-08T00:00:00.000Z,ארמניה,2,6,8
2021-09-08T00:00:00.000Z,ארצות הברית,166,181,347
2021-09-08T00:00:00.000Z,אתיופיה,3,7,10
2021-09-08T00:00:00.000Z,בולגריה,10,9,19
2021-09-08T00:00:00.000Z,תורכיה,13,6,19
2021-09-08T00:00:00.000Z,תאילנד,3,1,4
2021-09-08T00:00:00.000Z,שוויץ,25,9,34
2021-09-08T00:00:00.000Z,שוודיה,2,3,5
2021-09-08T00:00:00.000Z,רוסיה,48,88,136
2021-09-08T00:00:00.000Z,רומניה,142,33,175
2021-09-08T00:00:00.000Z,ראוניון,0,1,1
2021-09-08T00:00:00.000Z,קרואטיה,11,8,19
2021-09-08T00:00:00.000Z,קפריסין,121,12,133
2021-09-08T00:00:00.000Z,קניה,3,3,6
2021-09-08T00:00:00.000Z,קנדה,20,20,40
2021-09-08T00:00:00.000Z,קזחסטאן,2,3,5
2021-09-08T00:00:00.000Z,קוריאה הדרומית,0,1,1
2021-09-08T00:00:00.000Z,קוסטה ריקה,4,14,18
2021-09-08T00:00:00.000Z,קולומביה,0,1,1
2021-09-08T00:00:00.000Z,צרפת,84,46,130
2021-09-08T00:00:00.000Z,צכיה,282,50,332
2021-09-08T00:00:00.000Z,פרו,0,4,4
2021-09-08T00:00:00.000Z,פינלנד,26,21,47
2021-09-08T00:00:00.000Z,פורטוגל,21,8,29
2021-09-09T00:00:00.000Z,ליטא,60,20,80
2021-09-09T00:00:00.000Z,אוזבקיסטן,0,3,3
2021-09-09T00:00:00.000Z,שוויץ,60,26,86
2021-09-09T00:00:00.000Z,שוודיה,11,14,25
2021-09-09T00:00:00.000Z,רוסיה,75,88,163
2021-09-09T00:00:00.000Z,רומניה,145,50,195
2021-09-09T00:00:00.000Z,קרואטיה,1,2,3
2021-09-09T00:00:00.000Z,קפריסין,241,44,285
2021-09-09T00:00:00.000Z,קניה,1,0,1
2021-09-09T00:00:00.000Z,קנדה,25,31,56
2021-09-09T00:00:00.000Z,קירג'זסטאן,2,1,3
2021-09-09T00:00:00.000Z,קזחסטאן,2,2,4
2021-09-09T00:00:00.000Z,קוריאה הדרומית,0,4,4
2021-09-09T00:00:00.000Z,קולומביה,2,6,8
2021-09-09T00:00:00.000Z,קובה,1,0,1
2021-09-09T00:00:00.000Z,צרפת,308,253,561
2021-09-09T00:00:00.000Z,צכיה,264,61,325
2021-09-09T00:00:00.000Z,צ'ילה,0,1,1
2021-09-09T00:00:00.000Z,פרו,0,9,9
2021-09-09T00:00:00.000Z,פנמה,0,1,1
2021-09-09T00:00:00.000Z,פינלנד,0,1,1
2021-09-09T00:00:00.000Z,פיליפינים,0,14,14
2021-09-09T00:00:00.000Z,פורטוגל,28,13,41
2021-09-09T00:00:00.000Z,פולין,178,45,223
2021-09-09T00:00:00.000Z,ערב הסעודית,2,0,2
2021-09-09T00:00:00.000Z,עומן,1,0,1
2021-09-09T00:00:00.000Z,סרי לנקה (צילון),0,1,1
2021-09-09T00:00:00.000Z,מאלי,3,1,4
2021-09-09T00:00:00.000Z,מולדובה,328,203,531
2021-09-09T00:00:00.000Z,מלדיבים,22,3,25
2021-09-09T00:00:00.000Z,מצרים,293,74,367
2021-09-09T00:00:00.000Z,מרוקו,2,1,3
2021-09-09T00:00:00.000Z,נורבגיה,0,3,3
2021-09-09T00:00:00.000Z,ניגריה,3,2,5
2021-09-09T00:00:00.000Z,ניו זילנד,3,1,4
2021-09-09T00:00:00.000Z,נמיביה,0,2,2
2021-09-09T00:00:00.000Z,סוריה,1,4,5
2021-09-09T00:00:00.000Z,סט וינסנט,3,1,4
2021-09-09T00:00:00.000Z,סין,3,7,10
2021-09-09T00:00:00.000Z,סלובקיה,0,3,3
2021-09-09T00:00:00.000Z,סנגל,0,1,1
2021-09-09T00:00:00.000Z,ספרד,30,27,57
2021-09-09T00:00:00.000Z,סרביה,7,5,12
2021-09-09T00:00:00.000Z,איחוד האמירויות הערב,32,20,52
2021-09-09T00:00:00.000Z,לסוטו,0,1,1
2021-09-09T00:00:00.000Z,תורכיה,36,44,80
2021-09-09T00:00:00.000Z,לבנון,0,3,3
2021-09-09T00:00:00.000Z,כלל המדינות,12608,8751,21359
2021-09-09T00:00:00.000Z,ירדן,318,108,426
2021-09-09T00:00:00.000Z,יפן,1,4,5
2021-09-09T00:00:00.000Z,יוון,481,107,588
2021-09-09T00:00:00.000Z,טנזניה,5,2,7
2021-09-09T00:00:00.000Z,טג'יקיסטאן,0,1,1
2021-09-09T00:00:00.000Z,זימבאבווה,2,0,2
2021-09-09T00:00:00.000Z,הרפ הדומיניקנית,2,0,2
2021-09-09T00:00:00.000Z,הממלכה המאוחדת,231,193,424
2021-09-09T00:00:00.000Z,הונדורס,1,0,1
2021-09-09T00:00:00.000Z,הונגריה,446,152,598
2021-09-09T00:00:00.000Z,הולנד,84,56,140
2021-09-09T00:00:00.000Z,הודו,8,3,11
2021-09-09T00:00:00.000Z,דרום אפריקה,3,9,12
2021-09-09T00:00:00.000Z,דנמרק,51,19,70
2021-09-09T00:00:00.000Z,דומיניקה,0,2,2
2021-09-09T00:00:00.000Z,גרמניה,185,102,287
2021-09-09T00:00:00.000Z,גינאה המשוונית,1,0,1
2021-09-09T00:00:00.000Z,גינאה,0,1,1
2021-09-09T00:00:00.000Z,גיברלטר,1,0,1
2021-09-09T00:00:00.000Z,גווטאמלה,1,1,2
2021-09-09T00:00:00.000Z,גאנה,1,0,1
2021-09-09T00:00:00.000Z,גאורגיה,152,30,182
2021-09-09T00:00:00.000Z,ברזיל,0,2,2
2021-09-09T00:00:00.000Z,בלגיה,46,43,89
2021-09-09T00:00:00.000Z,בילורוסיה,64,76,140
2021-09-09T00:00:00.000Z,בוסניה הרצגובינה,3,4,7
2021-09-09T00:00:00.000Z,אתיופיה,4,5,9
2021-09-09T00:00:00.000Z,ארצות הברית,343,386,729
2021-09-09T00:00:00.000Z,ארמניה,16,10,26
2021-09-09T00:00:00.000Z,ארגנטינה,0,2,2
2021-09-09T00:00:00.000Z,אסטוניה,1,0,1
2021-09-09T00:00:00.000Z,אלבניה,1,0,1
2021-09-09T00:00:00.000Z,אירלנד,3,2,5
2021-09-09T00:00:00.000Z,איסלנד,27,13,40
2021-09-09T00:00:00.000Z,איי קוק,1,1,2
2021-09-09T00:00:00.000Z,איי סיישל,0,2,2
2021-09-09T00:00:00.000Z,איטליה,202,94,296
2021-09-09T00:00:00.000Z,אזרביג'אן,34,35,69
2021-09-09T00:00:00.000Z,אורגוואי,1,1,2
2021-09-09T00:00:00.000Z,אוקראינה,6857,3818,10675
2021-09-09T00:00:00.000Z,אוסטרליה,2,3,5
2021-09-09T00:00:00.000Z,אוסטריה,162,67,229
2021-09-10T00:00:00.000Z,סין,14,4,18
2021-09-10T00:00:00.000Z,כלל המדינות,9989,7492,17481
2021-09-10T00:00:00.000Z,לטביה,1,2,3
2021-09-10T00:00:00.000Z,נורבגיה,0,1,1
2021-09-10T00:00:00.000Z,ניגריה,0,1,1
2021-09-10T00:00:00.000Z,ניו זילנד,0,1,1
2021-09-10T00:00:00.000Z,נפאל,0,1,1
2021-09-10T00:00:00.000Z,ליטא,0,2,2
2021-09-10T00:00:00.000Z,איחוד האמירויות הערב,65,15,80
2021-09-10T00:00:00.000Z,סוריה,3,2,5
2021-09-10T00:00:00.000Z,סינגפור,0,3,3
2021-09-10T00:00:00.000Z,מאלי,0,2,2
2021-09-10T00:00:00.000Z,מולדובה,62,44,106
2021-09-10T00:00:00.000Z,מונטנגרו,153,13,166
2021-09-10T00:00:00.000Z,מלדיבים,48,14,62
2021-09-10T00:00:00.000Z,מלטה,0,1,1
2021-09-10T00:00:00.000Z,מצרים,412,137,549
2021-09-10T00:00:00.000Z,מרוקו,1,4,5
2021-09-10T00:00:00.000Z,אבחזיסטאן,1,0,1
2021-09-10T00:00:00.000Z,ברזיל,1,8,9
2021-09-10T00:00:00.000Z,בלגיה,4,9,13
2021-09-10T00:00:00.000Z,בוסניה הרצגובינה,9,2,11
2021-09-10T00:00:00.000Z,בולגריה,27,30,57
2021-09-10T00:00:00.000Z,בוטסואנה,1,0,1
2021-09-10T00:00:00.000Z,ארצות הברית,733,1030,1763
2021-09-10T00:00:00.000Z,ארמניה,2,2,4
2021-09-10T00:00:00.000Z,ארגנטינה,0,6,6
2021-09-10T00:00:00.000Z,אקואדור,1,2,3
2021-09-10T00:00:00.000Z,אסטוניה,2,0,2
2021-09-10T00:00:00.000Z,אלבניה,1,0,1
2021-09-10T00:00:00.000Z,אירלנד,5,1,6
2021-09-10T00:00:00.000Z,איסלנד,6,5,11
2021-09-10T00:00:00.000Z,אינדונזיה,0,2,2
2021-09-10T00:00:00.000Z,איטליה,307,100,407
2021-09-10T00:00:00.000Z,אזרביג'אן,1,0,1
2021-09-10T00:00:00.000Z,אורגוואי,1,2,3
2021-09-10T00:00:00.000Z,אוקראינה,3784,2809,6593
2021-09-10T00:00:00.000Z,אוסטרליה,3,7,10
2021-09-10T00:00:00.000Z,אוסטריה,579,137,716
2021-09-10T00:00:00.000Z,אוזבקיסטן,1,0,1
2021-09-10T00:00:00.000Z,גאנה,1,0,1
2021-09-10T00:00:00.000Z,גווטאמלה,0,2,2
2021-09-10T00:00:00.000Z,גרמניה,202,76,278
2021-09-10T00:00:00.000Z,דנמרק,8,1,9
2021-09-10T00:00:00.000Z,דרום אמריקה,1,0,1
2021-09-10T00:00:00.000Z,דרום אפריקה,1,0,1
2021-09-10T00:00:00.000Z,הודו,0,3,3
2021-09-10T00:00:00.000Z,הולנד,61,32,93
2021-09-10T00:00:00.000Z,הונג קונג,0,1,1
2021-09-10T00:00:00.000Z,הונגריה,584,141,725
2021-09-10T00:00:00.000Z,הממלכה המאוחדת,109,80,189
2021-09-10T00:00:00.000Z,הרפ הדומיניקנית,2,1,3
2021-09-10T00:00:00.000Z,ויטנאם,0,1,1
2021-09-10T00:00:00.000Z,ונצואלה,0,8,8
2021-09-10T00:00:00.000Z,חוף השנהב,1,0,1
2021-09-10T00:00:00.000Z,יוון,519,122,641
2021-09-10T00:00:00.000Z,יפן,0,2,2
2021-09-10T00:00:00.000Z,ירדן,3,3,6
2021-09-10T00:00:00.000Z,תורכמניסטאן,0,1,1
2021-09-10T00:00:00.000Z,תורכיה,49,39,88
2021-09-10T00:00:00.000Z,תאילנד,0,3,3
2021-09-10T00:00:00.000Z,שוויץ,179,57,236
2021-09-10T00:00:00.000Z,שוודיה,2,2,4
2021-09-10T00:00:00.000Z,רוסיה,176,182,358
2021-09-10T00:00:00.000Z,רומניה,73,53,126
2021-09-10T00:00:00.000Z,קרואטיה,8,3,11
2021-09-10T00:00:00.000Z,קפריסין,103,16,119
2021-09-10T00:00:00.000Z,קניה,1,0,1
2021-09-10T00:00:00.000Z,קנדה,43,98,141
2021-09-10T00:00:00.000Z,קטר,0,2,2
2021-09-10T00:00:00.000Z,קזחסטאן,1,2,3
2021-09-10T00:00:00.000Z,קוריאה הדרומית,1,0,1
2021-09-10T00:00:00.000Z,קוסטה ריקה,12,34,46
2021-09-10T00:00:00.000Z,קולומביה,1,3,4
2021-09-10T00:00:00.000Z,צרפת,143,96,239
2021-09-10T00:00:00.000Z,צכיה,455,114,569
2021-09-10T00:00:00.000Z,פרו,4,5,9
2021-09-10T00:00:00.000Z,פרגוואי,2,6,8
2021-09-10T00:00:00.000Z,פנמה,2,1,3
2021-09-10T00:00:00.000Z,פינלנד,55,29,84
2021-09-10T00:00:00.000Z,פורטוגל,5,6,11
2021-09-10T00:00:00.000Z,פולין,306,93,399
2021-09-10T00:00:00.000Z,ערב הסעודית,0,3,3
2021-09-10T00:00:00.000Z,סרי לנקה (צילון),0,2,2
2021-09-10T00:00:00.000Z,סרביה,0,2,2
2021-09-10T00:00:00.000Z,ספרד,56,29,85
2021-09-10T00:00:00.000Z,סלובקיה,115,25,140
2021-09-10T00:00:00.000Z,סלובניה,5,0,5
2021-09-10T00:00:00.000Z,גאורגיה,19,21,40
2021-09-11T00:00:00.000Z,תאילנד,0,1,1
2021-09-11T00:00:00.000Z,הרפ הדומיניקנית,2,1,3
2021-09-11T00:00:00.000Z,זאיר,1,0,1
2021-09-11T00:00:00.000Z,זמביה,2,1,3
2021-09-11T00:00:00.000Z,טג'יקיסטאן,1,1,2
2021-09-11T00:00:00.000Z,טנזניה,8,10,18
2021-09-11T00:00:00.000Z,יוון,587,94,681
2021-09-11T00:00:00.000Z,יפן,0,4,4
2021-09-11T00:00:00.000Z,ירדן,2,1,3
2021-09-11T00:00:00.000Z,כלל המדינות,6417,3046,9463
2021-09-11T00:00:00.000Z,לוכסמבורג,1,1,2
2021-09-11T00:00:00.000Z,לטביה,32,13,45
2021-09-11T00:00:00.000Z,ליטא,11,1,12
2021-09-11T00:00:00.000Z,מאוריציוס,3,0,3
2021-09-11T00:00:00.000Z,מאלי,2,0,2
2021-09-11T00:00:00.000Z,מונטנגרו,2,3,5
2021-09-11T00:00:00.000Z,מונקו,2,0,2
2021-09-11T00:00:00.000Z,מלדיבים,40,12,52
2021-09-11T00:00:00.000Z,מלטה,2,0,2
2021-09-11T00:00:00.000Z,מצרים,890,157,1047
2021-09-11T00:00:00.000Z,מקסיקו,1,3,4
2021-09-11T00:00:00.000Z,מרוקו,2,2,4
2021-09-11T00:00:00.000Z,נורבגיה,2,2,4
2021-09-11T00:00:00.000Z,ניגריה,2,1,3
2021-09-11T00:00:00.000Z,ניו זילנד,0,2,2
2021-09-11T00:00:00.000Z,נמיביה,1,0,1
2021-09-11T00:00:00.000Z,סין,0,1,1
2021-09-11T00:00:00.000Z,סלובניה,2,2,4
2021-09-11T00:00:00.000Z,סלובקיה,66,9,75
2021-09-11T00:00:00.000Z,ספרד,17,10,27
2021-09-11T00:00:00.000Z,סרביה,6,4,10
2021-09-11T00:00:00.000Z,סרי לנקה (צילון),0,5,5
2021-09-11T00:00:00.000Z,פולין,228,29,257
2021-09-11T00:00:00.000Z,הממלכה המאוחדת,140,47,187
2021-09-11T00:00:00.000Z,תורכיה,23,15,38
2021-09-11T00:00:00.000Z,אוגנדה,1,1,2
2021-09-11T00:00:00.000Z,אוסטריה,351,42,393
2021-09-11T00:00:00.000Z,אוסטרליה,0,1,1
2021-09-11T00:00:00.000Z,אוקראינה,320,158,478
2021-09-11T00:00:00.000Z,אזרביג'אן,3,1,4
2021-09-11T00:00:00.000Z,איטליה,289,59,348
2021-09-11T00:00:00.000Z,איסלנד,22,7,29
2021-09-11T00:00:00.000Z,אירן,0,1,1
2021-09-11T00:00:00.000Z,איחוד האמירויות הערב,73,18,91
2021-09-11T00:00:00.000Z,אנגולה,3,0,3
2021-09-11T00:00:00.000Z,אסטוניה,3,0,3
2021-09-11T00:00:00.000Z,אקואדור,3,4,7
2021-09-11T00:00:00.000Z,ארמניה,1,2,3
2021-09-11T00:00:00.000Z,ארצות הברית,394,409,803
2021-09-11T00:00:00.000Z,אתיופיה,7,7,14
2021-09-11T00:00:00.000Z,בהמס,1,0,1
2021-09-11T00:00:00.000Z,בולגריה,1,5,6
2021-09-11T00:00:00.000Z,בוסניה הרצגובינה,4,1,5
2021-09-11T00:00:00.000Z,בחריין,0,1,1
2021-09-11T00:00:00.000Z,בלגיה,8,2,10
2021-09-11T00:00:00.000Z,גאורגיה,48,21,69
2021-09-11T00:00:00.000Z,גאנה,2,0,2
2021-09-11T00:00:00.000Z,גווטאמלה,0,1,1
2021-09-11T00:00:00.000Z,גרמניה,281,79,360
2021-09-11T00:00:00.000Z,דנמרק,11,0,11
2021-09-11T00:00:00.000Z,דרום אפריקה,9,17,26
2021-09-11T00:00:00.000Z,הודו,1,0,1
2021-09-11T00:00:00.000Z,הולנד,107,52,159
2021-09-11T00:00:00.000Z,הונג קונג,1,0,1
2021-09-11T00:00:00.000Z,הונגריה,467,67,534
2021-09-11T00:00:00.000Z,הונדורס,1,0,1
2021-09-11T00:00:00.000Z,פורטוגל,10,8,18
2021-09-11T00:00:00.000Z,פיליפינים,1,0,1
2021-09-11T00:00:00.000Z,פינלנד,3,1,4
2021-09-11T00:00:00.000Z,פנמה,3,7,10
2021-09-11T00:00:00.000Z,פרו,3,7,10
2021-09-11T00:00:00.000Z,צכיה,648,80,728
2021-09-11T00:00:00.000Z,צרפת,348,102,450
2021-09-11T00:00:00.000Z,קובה,0,1,1
2021-09-11T00:00:00.000Z,קולומביה,0,2,2
2021-09-11T00:00:00.000Z,קוסטה ריקה,2,2,4
2021-09-11T00:00:00.000Z,קזחסטאן,0,1,1
2021-09-11T00:00:00.000Z,קנדה,42,62,104
2021-09-11T00:00:00.000Z,קניה,6,0,6
2021-09-11T00:00:00.000Z,קפריסין,236,24,260
2021-09-11T00:00:00.000Z,קרואטיה,8,2,10
2021-09-11T00:00:00.000Z,רואנדה,1,0,1
2021-09-11T00:00:00.000Z,רומניה,333,40,373
2021-09-11T00:00:00.000Z,רוסיה,8,3,11
2021-09-11T00:00:00.000Z,שוודיה,7,14,21
2021-09-11T00:00:00.000Z,שוויץ,88,17,105
2021-09-11T00:00:00.000Z,אלבניה,1,0,1
2021-09-12T00:00:00.000Z,מונטנגרו,1,0,1
2021-09-12T00:00:00.000Z,מלדיבים,51,6,57
2021-09-12T00:00:00.000Z,איחוד האמירויות הערב,63,36,99
2021-09-12T00:00:00.000Z,מצרים,490,90,580
2021-09-12T00:00:00.000Z,מקאו,1,0,1
2021-09-12T00:00:00.000Z,מקסיקו,0,1,1
2021-09-12T00:00:00.000Z,מרוקו,6,3,9
2021-09-12T00:00:00.000Z,נורבגיה,4,0,4
2021-09-12T00:00:00.000Z,ניגריה,2,0,2
2021-09-12T00:00:00.000Z,סוריה,3,1,4
2021-09-12T00:00:00.000Z,סיירה ליאונה,0,1,1
2021-09-12T00:00:00.000Z,סינגפור,2,3,5
2021-09-12T00:00:00.000Z,סלובניה,4,1,5
2021-09-12T00:00:00.000Z,סלובקיה,2,1,3
2021-09-12T00:00:00.000Z,ספרד,54,37,91
2021-09-12T00:00:00.000Z,סרביה,6,5,11
2021-09-12T00:00:00.000Z,סרי לנקה (צילון),1,2,3
2021-09-12T00:00:00.000Z,פולין,143,29,172
2021-09-12T00:00:00.000Z,פורטוגל,78,41,119
2021-09-12T00:00:00.000Z,פיליפינים,0,4,4
2021-09-12T00:00:00.000Z,פנמה,1,2,3
2021-09-12T00:00:00.000Z,פרגוואי,0,1,1
2021-09-12T00:00:00.000Z,פרו,0,2,2
2021-09-12T00:00:00.000Z,צכיה,356,57,413
2021-09-12T00:00:00.000Z,צרפת,504,357,861
2021-09-12T00:00:00.000Z,קולומביה,1,4,5
2021-09-12T00:00:00.000Z,קוסטה ריקה,7,16,23
2021-09-12T00:00:00.000Z,קוריאה הדרומית,2,2,4
2021-09-12T00:00:00.000Z,קזחסטאן,5,2,7
2021-09-12T00:00:00.000Z,קירג'זסטאן,0,2,2
2021-09-12T00:00:00.000Z,קנדה,33,68,101
2021-09-12T00:00:00.000Z,קפריסין,265,41,306
2021-09-12T00:00:00.000Z,קרואטיה,24,7,31
2021-09-12T00:00:00.000Z,רואנדה,0,2,2
2021-09-12T00:00:00.000Z,רומניה,190,30,220
2021-09-12T00:00:00.000Z,רוסיה,101,182,283
2021-09-12T00:00:00.000Z,שוודיה,11,7,18
2021-09-12T00:00:00.000Z,שוויץ,328,151,479
2021-09-12T00:00:00.000Z,תאילנד,40,222,262
2021-09-12T00:00:00.000Z,תורכיה,42,40,82
2021-09-12T00:00:00.000Z,אוזבקיסטן,1,0,1
2021-09-12T00:00:00.000Z,אוסטריה,373,68,441
2021-09-12T00:00:00.000Z,אוסטרליה,2,16,18
2021-09-12T00:00:00.000Z,אוקראינה,935,819,1754
2021-09-12T00:00:00.000Z,אורגוואי,1,5,6
2021-09-12T00:00:00.000Z,אזרביג'אן,59,28,87
2021-09-12T00:00:00.000Z,איטליה,479,139,618
2021-09-12T00:00:00.000Z,איי טורקס וקייקוס,1,1,2
2021-09-12T00:00:00.000Z,איי סיישל,54,6,60
2021-09-12T00:00:00.000Z,איסלנד,37,11,48
2021-09-12T00:00:00.000Z,אירלנד,2,4,6
2021-09-12T00:00:00.000Z,אלבניה,2,0,2
2021-09-12T00:00:00.000Z,אסטוניה,7,5,12
2021-09-12T00:00:00.000Z,אקואדור,1,0,1
2021-09-12T00:00:00.000Z,ארגנטינה,1,13,14
2021-09-12T00:00:00.000Z,ארמניה,1,1,2
2021-09-12T00:00:00.000Z,ארצות הברית,425,463,888
2021-09-12T00:00:00.000Z,בהמס,2,0,2
2021-09-12T00:00:00.000Z,בולגריה,6,29,35
2021-09-12T00:00:00.000Z,בוסניה הרצגובינה,11,0,11
2021-09-12T00:00:00.000Z,בחריין,1,0,1
2021-09-12T00:00:00.000Z,בילורוסיה,63,52,115
2021-09-12T00:00:00.000Z,בלגיה,44,50,94
2021-09-12T00:00:00.000Z,ברזיל,2,2,4
2021-09-12T00:00:00.000Z,גאורגיה,352,46,398
2021-09-12T00:00:00.000Z,גאנה,0,1,1
2021-09-12T00:00:00.000Z,גווטאמלה,1,1,2
2021-09-12T00:00:00.000Z,גויאנה הצרפתית,1,0,1
2021-09-12T00:00:00.000Z,גרמניה,343,168,511
2021-09-12T00:00:00.000Z,גרנדה,1,0,1
2021-09-12T00:00:00.000Z,דנמרק,49,37,86
2021-09-12T00:00:00.000Z,דרום אפריקה,0,2,2
2021-09-12T00:00:00.000Z,הודו,2,2,4
2021-09-12T00:00:00.000Z,הולנד,140,115,255
2021-09-12T00:00:00.000Z,הונג קונג,2,0,2
2021-09-12T00:00:00.000Z,הונגריה,499,95,594
2021-09-12T00:00:00.000Z,הונדורס,1,0,1
2021-09-12T00:00:00.000Z,הממלכה המאוחדת,327,322,649
2021-09-12T00:00:00.000Z,הרפ הדומיניקנית,7,2,9
2021-09-12T00:00:00.000Z,ונצואלה,0,5,5
2021-09-12T00:00:00.000Z,טנזניה,2,2,4
2021-09-12T00:00:00.000Z,יוון,1157,262,1419
2021-09-12T00:00:00.000Z,יפן,0,2,2
2021-09-12T00:00:00.000Z,ירדן,228,69,297
2021-09-12T00:00:00.000Z,כלל המדינות,9223,6786,16009
2021-09-12T00:00:00.000Z,לבנון,0,2,2
2021-09-12T00:00:00.000Z,לוכסמבורג,0,1,1
2021-09-12T00:00:00.000Z,לטביה,4,0,4
2021-09-12T00:00:00.000Z,ליטא,96,35,131
2021-09-12T00:00:00.000Z,מאלי,2,0,2
2021-09-12T00:00:00.000Z,מוזמביק,2,1,3
2021-09-12T00:00:00.000Z,מולדובה,125,130,255
2021-09-12T00:00:00.000Z,מלטה,1,1,2
2021-09-13T00:00:00.000Z,מוזמביק,2,0,2
2021-09-13T00:00:00.000Z,מונטנגרו,64,9,73
2021-09-13T00:00:00.000Z,מונקו,6,0,6
2021-09-13T00:00:00.000Z,מלאווי,0,1,1
2021-09-13T00:00:00.000Z,מלדיבים,48,5,53
2021-09-13T00:00:00.000Z,מלזיה,1,0,1
2021-09-13T00:00:00.000Z,מלטה,1,0,1
2021-09-13T00:00:00.000Z,מצרים,256,59,315
2021-09-13T00:00:00.000Z,מקסיקו,0,18,18
2021-09-13T00:00:00.000Z,מרוקו,3,0,3
2021-09-13T00:00:00.000Z,נורבגיה,0,3,3
2021-09-13T00:00:00.000Z,ניגריה,2,3,5
2021-09-13T00:00:00.000Z,נמיביה,1,1,2
2021-09-13T00:00:00.000Z,סוריה,0,5,5
2021-09-13T00:00:00.000Z,סלובקיה,53,9,62
2021-09-13T00:00:00.000Z,ספרד,55,37,92
2021-09-13T00:00:00.000Z,סרביה,1,1,2
2021-09-13T00:00:00.000Z,סרי לנקה (צילון),1,1,2
2021-09-13T00:00:00.000Z,פולין,348,88,436
2021-09-13T00:00:00.000Z,פורטוגל,14,10,24
2021-09-13T00:00:00.000Z,פיליפינים,0,2,2
2021-09-13T00:00:00.000Z,פינלנד,3,0,3
2021-09-13T00:00:00.000Z,פנמה,4,23,27
2021-09-13T00:00:00.000Z,פרו,1,5,6
2021-09-13T00:00:00.000Z,צכיה,397,81,478
2021-09-13T00:00:00.000Z,צרפת,425,247,672
2021-09-13T00:00:00.000Z,קובה,0,1,1
2021-09-13T00:00:00.000Z,קולומביה,3,2,5
2021-09-13T00:00:00.000Z,קוסטה ריקה,2,5,7
2021-09-13T00:00:00.000Z,קזחסטאן,4,1,5
2021-09-13T00:00:00.000Z,קירג'זסטאן,0,2,2
2021-09-13T00:00:00.000Z,קנדה,62,293,355
2021-09-13T00:00:00.000Z,קניה,1,4,5
2021-09-13T00:00:00.000Z,קפריסין,129,24,153
2021-09-13T00:00:00.000Z,קרואטיה,8,8,16
2021-09-13T00:00:00.000Z,רואנדה,5,1,6
2021-09-13T00:00:00.000Z,רומניה,306,51,357
2021-09-13T00:00:00.000Z,רוסיה,182,193,375
2021-09-13T00:00:00.000Z,רפ מרכז אפריקנית,0,1,1
2021-09-13T00:00:00.000Z,שוודיה,4,4,8
2021-09-13T00:00:00.000Z,שוויץ,147,56,203
2021-09-13T00:00:00.000Z,תאילנד,1,1,2
2021-09-13T00:00:00.000Z,תורכיה,34,49,83
2021-09-13T00:00:00.000Z,איחוד האמירויות הערב,72,16,88
2021-09-13T00:00:00.000Z,אוגנדה,3,4,7
2021-09-13T00:00:00.000Z,אוזבקיסטן,12,57,69
2021-09-13T00:00:00.000Z,אוסטריה,491,102,593
2021-09-13T00:00:00.000Z,אוסטרליה,1,5,6
2021-09-13T00:00:00.000Z,אוקראינה,634,737,1371
2021-09-13T00:00:00.000Z,אורגוואי,1,4,5
2021-09-13T00:00:00.000Z,אזרביג'אן,0,21,21
2021-09-13T00:00:00.000Z,איטליה,313,81,394
2021-09-13T00:00:00.000Z,איסלנד,21,4,25
2021-09-13T00:00:00.000Z,אירלנד,3,4,7
2021-09-13T00:00:00.000Z,אל סלבדור,0,1,1
2021-09-13T00:00:00.000Z,אסטוניה,3,0,3
2021-09-13T00:00:00.000Z,ארגנטינה,0,5,5
2021-09-13T00:00:00.000Z,ארמניה,1,17,18
2021-09-13T00:00:00.000Z,ארצות הברית,747,1625,2372
2021-09-13T00:00:00.000Z,אתיופיה,14,13,27
2021-09-13T00:00:00.000Z,בוטסואנה,2,0,2
2021-09-13T00:00:00.000Z,בולגריה,8,21,29
2021-09-13T00:00:00.000Z,בוסניה הרצגובינה,11,4,15
2021-09-13T00:00:00.000Z,בילורוסיה,0,2,2
2021-09-13T00:00:00.000Z,בלגיה,70,153,223
2021-09-13T00:00:00.000Z,ברזיל,4,2,6
2021-09-13T00:00:00.000Z,גאורגיה,23,13,36
2021-09-13T00:00:00.000Z,גאנה,3,0,3
2021-09-13T00:00:00.000Z,גווטאמלה,4,2,6
2021-09-13T00:00:00.000Z,גיברלטר,1,0,1
2021-09-13T00:00:00.000Z,גרמניה,314,130,444
2021-09-13T00:00:00.000Z,דומיניקה,1,0,1
2021-09-13T00:00:00.000Z,דנמרק,5,5,10
2021-09-13T00:00:00.000Z,דרום אפריקה,16,32,48
2021-09-13T00:00:00.000Z,הודו,22,90,112
2021-09-13T00:00:00.000Z,הולנד,20,16,36
2021-09-13T00:00:00.000Z,הונג קונג,1,1,2
2021-09-13T00:00:00.000Z,הונגריה,394,82,476
2021-09-13T00:00:00.000Z,הונדורס,3,0,3
2021-09-13T00:00:00.000Z,הממלכה המאוחדת,353,455,808
2021-09-13T00:00:00.000Z,הרפ הדומיניקנית,1,0,1
2021-09-13T00:00:00.000Z,זימבאבווה,1,0,1
2021-09-13T00:00:00.000Z,זמביה,3,1,4
2021-09-13T00:00:00.000Z,חוף השנהב,2,1,3
2021-09-13T00:00:00.000Z,טנזניה,9,5,14
2021-09-13T00:00:00.000Z,יוון,365,128,493
2021-09-13T00:00:00.000Z,יפן,0,2,2
2021-09-13T00:00:00.000Z,ירדן,67,105,172
2021-09-13T00:00:00.000Z,כלל המדינות,7166,7485,14651
2021-09-13T00:00:00.000Z,לבנון,0,1,1
2021-09-13T00:00:00.000Z,לוכסמבורג,9,5,14
2021-09-13T00:00:00.000Z,לטביה,1,0,1
2021-09-13T00:00:00.000Z,ליטא,2,0,2
2021-09-13T00:00:00.000Z,מאלי,3,0,3
2021-09-14T00:00:00.000Z,כלל המדינות,7652,7341,14993
2021-09-14T00:00:00.000Z,תורכמניסטאן,1,0,1
2021-09-14T00:00:00.000Z,שוויץ,140,72,212
2021-09-14T00:00:00.000Z,שוודיה,6,6,12
2021-09-14T00:00:00.000Z,רוסיה,216,272,488
2021-09-14T00:00:00.000Z,רומניה,188,25,213
2021-09-14T00:00:00.000Z,רואנדה,1,0,1
2021-09-14T00:00:00.000Z,קרואטיה,9,5,14
2021-09-14T00:00:00.000Z,קפריסין,173,23,196
2021-09-14T00:00:00.000Z,קניה,8,3,11
2021-09-14T00:00:00.000Z,קנדה,42,110,152
2021-09-14T00:00:00.000Z,קירג'זסטאן,0,1,1
2021-09-14T00:00:00.000Z,קטר,1,0,1
2021-09-14T00:00:00.000Z,קזחסטאן,1,0,1
2021-09-14T00:00:00.000Z,קוריאה הדרומית,0,3,3
2021-09-14T00:00:00.000Z,קוסטה ריקה,9,12,21
2021-09-14T00:00:00.000Z,קולומביה,4,12,16
2021-09-14T00:00:00.000Z,צרפת,373,278,651
2021-09-14T00:00:00.000Z,צכיה,472,102,574
2021-09-14T00:00:00.000Z,פרו,5,6,11
2021-09-14T00:00:00.000Z,פרגוואי,0,1,1
2021-09-14T00:00:00.000Z,פנמה,6,30,36
2021-09-14T00:00:00.000Z,פינלנד,2,1,3
2021-09-14T00:00:00.000Z,פיליפינים,0,22,22
2021-09-14T00:00:00.000Z,פורטוגל,14,7,21
2021-09-14T00:00:00.000Z,פולין,160,73,233
2021-09-14T00:00:00.000Z,עירק,1,1,2
2021-09-14T00:00:00.000Z,סרי לנקה (צילון),3,4,7
2021-09-14T00:00:00.000Z,סרביה,6,1,7
2021-09-14T00:00:00.000Z,ספרד,102,34,136
2021-09-14T00:00:00.000Z,סלובקיה,4,0,4
2021-09-14T00:00:00.000Z,סלובניה,0,2,2
2021-09-14T00:00:00.000Z,סין,0,3,3
2021-09-14T00:00:00.000Z,ניגריה,6,2,8
2021-09-14T00:00:00.000Z,נורבגיה,1,2,3
2021-09-14T00:00:00.000Z,מרוקו,34,19,53
2021-09-14T00:00:00.000Z,מקסיקו,6,9,15
2021-09-14T00:00:00.000Z,מקדוניה,1,0,1
2021-09-14T00:00:00.000Z,מצרים,471,131,602
2021-09-14T00:00:00.000Z,מלדיבים,24,14,38
2021-09-14T00:00:00.000Z,מונקו,1,0,1
2021-09-14T00:00:00.000Z,מונטנגרו,24,8,32
2021-09-14T00:00:00.000Z,מולדובה,38,86,124
2021-09-14T00:00:00.000Z,מאלי,1,1,2
2021-09-14T00:00:00.000Z,ליטא,7,2,9
2021-09-14T00:00:00.000Z,לטביה,19,17,36
2021-09-14T00:00:00.000Z,לוכסמבורג,1,0,1
2021-09-14T00:00:00.000Z,לבנון,0,1,1
2021-09-14T00:00:00.000Z,תוניסיה,0,3,3
2021-09-14T00:00:00.000Z,ירדן,68,34,102
2021-09-14T00:00:00.000Z,יוון,902,204,1106
2021-09-14T00:00:00.000Z,טנזניה,14,9,23
2021-09-14T00:00:00.000Z,טוגו,1,1,2
2021-09-14T00:00:00.000Z,חוף השנהב,4,1,5
2021-09-14T00:00:00.000Z,זאיר,2,1,3
2021-09-14T00:00:00.000Z,הרפ הדומיניקנית,2,4,6
2021-09-14T00:00:00.000Z,הממלכה המאוחדת,257,344,601
2021-09-14T00:00:00.000Z,הונגריה,466,74,540
2021-09-14T00:00:00.000Z,הונג קונג,6,7,13
2021-09-14T00:00:00.000Z,הולנד,70,74,144
2021-09-14T00:00:00.000Z,הודו,1,5,6
2021-09-14T00:00:00.000Z,דרום אפריקה,7,15,22
2021-09-14T00:00:00.000Z,דנמרק,13,4,17
2021-09-14T00:00:00.000Z,גרמניה,281,120,401
2021-09-14T00:00:00.000Z,גווטאמלה,2,1,3
2021-09-14T00:00:00.000Z,גאנה,4,4,8
2021-09-14T00:00:00.000Z,גאורגיה,101,29,130
2021-09-14T00:00:00.000Z,ברזיל,4,4,8
2021-09-14T00:00:00.000Z,בלגיה,11,76,87
2021-09-14T00:00:00.000Z,בילורוסיה,89,75,164
2021-09-14T00:00:00.000Z,בחריין,1,0,1
2021-09-14T00:00:00.000Z,בוסניה הרצגובינה,7,2,9
2021-09-14T00:00:00.000Z,בולגריה,5,3,8
2021-09-14T00:00:00.000Z,אתיופיה,24,17,41
2021-09-14T00:00:00.000Z,ארצות הברית,707,1404,2111
2021-09-14T00:00:00.000Z,ארמניה,5,2,7
2021-09-14T00:00:00.000Z,ארגנטינה,0,27,27
2021-09-14T00:00:00.000Z,אקואדור,3,3,6
2021-09-14T00:00:00.000Z,אסטוניה,1,4,5
2021-09-14T00:00:00.000Z,אנטיגואה וברבודה,0,2,2
2021-09-14T00:00:00.000Z,אנגולה,1,0,1
2021-09-14T00:00:00.000Z,אלבניה,3,0,3
2021-09-14T00:00:00.000Z,אירלנד,4,7,11
2021-09-14T00:00:00.000Z,איסלנד,43,14,57
2021-09-14T00:00:00.000Z,איי פאלקלנד,0,1,1
2021-09-14T00:00:00.000Z,איי סיישל,1,0,1
2021-09-14T00:00:00.000Z,איטליה,432,96,528
2021-09-14T00:00:00.000Z,אזרביג'אן,7,4,11
2021-09-14T00:00:00.000Z,אורגוואי,0,3,3
2021-09-14T00:00:00.000Z,אוקראינה,439,630,1069
2021-09-14T00:00:00.000Z,אוסטרליה,0,4,4
2021-09-14T00:00:00.000Z,אוסטריה,326,90,416
2021-09-14T00:00:00.000Z,אוזבקיסטן,3,2,5
2021-09-14T00:00:00.000Z,אוגנדה,0,2,2
2021-09-14T00:00:00.000Z,אבחזיסטאן,0,1,1
2021-09-14T00:00:00.000Z,איחוד האמירויות הערב,153,29,182
2021-09-14T00:00:00.000Z,תורכיה,39,47,86
2021-09-15T00:00:00.000Z,תאילנד,3,2,5
2021-09-15T00:00:00.000Z,שוויץ,116,34,150
2021-09-15T00:00:00.000Z,שוודיה,6,3,9
2021-09-15T00:00:00.000Z,רוסיה,92,64,156
2021-09-15T00:00:00.000Z,רומניה,267,45,312
2021-09-15T00:00:00.000Z,קרואטיה,13,0,13
2021-09-15T00:00:00.000Z,קפריסין,148,40,188
2021-09-15T00:00:00.000Z,קניה,1,0,1
2021-09-15T00:00:00.000Z,קנדה,27,59,86
2021-09-15T00:00:00.000Z,קזחסטאן,0,4,4
2021-09-15T00:00:00.000Z,קוריאה הדרומית,3,6,9
2021-09-15T00:00:00.000Z,קוסטה ריקה,2,5,7
2021-09-15T00:00:00.000Z,צרפת,269,154,423
2021-09-15T00:00:00.000Z,צכיה,116,29,145
2021-09-15T00:00:00.000Z,פרו,2,4,6
2021-09-15T00:00:00.000Z,הונגריה,321,59,380
2021-09-15T00:00:00.000Z,הולנד,65,29,94
2021-09-15T00:00:00.000Z,דרום אפריקה,2,4,6
2021-09-15T00:00:00.000Z,דנמרק,11,6,17
2021-09-15T00:00:00.000Z,גרמניה,137,47,184
2021-09-15T00:00:00.000Z,גמייקה,0,1,1
2021-09-15T00:00:00.000Z,איחוד האמירויות הערב,55,16,71
2021-09-15T00:00:00.000Z,כלל המדינות,4686,3457,8143
2021-09-15T00:00:00.000Z,פנמה,7,8,15
2021-09-15T00:00:00.000Z,פינלנד,4,0,4
2021-09-15T00:00:00.000Z,פיליפינים,0,5,5
2021-09-15T00:00:00.000Z,פורטוגל,25,5,30
2021-09-15T00:00:00.000Z,פולין,106,15,121
2021-09-15T00:00:00.000Z,סרי לנקה (צילון),1,3,4
2021-09-15T00:00:00.000Z,סרביה,7,2,9
2021-09-15T00:00:00.000Z,ספרד,15,5,20
2021-09-15T00:00:00.000Z,סלובקיה,1,0,1
2021-09-15T00:00:00.000Z,סלובניה,6,0,6
2021-09-15T00:00:00.000Z,סין,2,1,3
2021-09-15T00:00:00.000Z,ניגריה,4,2,6
2021-09-15T00:00:00.000Z,גווטאמלה,0,1,1
2021-09-15T00:00:00.000Z,גאורגיה,41,18,59
2021-09-15T00:00:00.000Z,ברזיל,1,0,1
2021-09-15T00:00:00.000Z,בלגיה,71,99,170
2021-09-15T00:00:00.000Z,בוסניה הרצגובינה,6,4,10
2021-09-15T00:00:00.000Z,בולגריה,15,8,23
2021-09-15T00:00:00.000Z,ארצות הברית,633,638,1271
2021-09-15T00:00:00.000Z,ארמניה,0,4,4
2021-09-15T00:00:00.000Z,אסטוניה,1,0,1
2021-09-15T00:00:00.000Z,אלבניה,4,1,5
2021-09-15T00:00:00.000Z,אל סלבדור,1,0,1
2021-09-15T00:00:00.000Z,אירלנד,1,0,1
2021-09-15T00:00:00.000Z,איסלנד,2,4,6
2021-09-15T00:00:00.000Z,איטליה,184,48,232
2021-09-15T00:00:00.000Z,אזרביג'אן,4,1,5
2021-09-15T00:00:00.000Z,אוקראינה,349,388,737
2021-09-15T00:00:00.000Z,אוסטרליה,1,5,6
2021-09-15T00:00:00.000Z,אוסטריה,352,91,443
2021-09-15T00:00:00.000Z,אוזבקיסטן,3,0,3
2021-09-15T00:00:00.000Z,הממלכה המאוחדת,129,154,283
2021-09-15T00:00:00.000Z,חוף השנהב,1,0,1
2021-09-15T00:00:00.000Z,טיוואן,0,1,1
2021-09-15T00:00:00.000Z,יוון,352,95,447
2021-09-15T00:00:00.000Z,ירדן,85,23,108
2021-09-15T00:00:00.000Z,תורכיה,21,16,37
2021-09-15T00:00:00.000Z,לטביה,1,0,1
2021-09-15T00:00:00.000Z,מונטנגרו,1,1,2
2021-09-15T00:00:00.000Z,מונקו,0,2,2
2021-09-15T00:00:00.000Z,מלדיבים,34,3,37
2021-09-15T00:00:00.000Z,מצרים,184,63,247
2021-09-15T00:00:00.000Z,מרוקו,6,0,6
2021-09-15T00:00:00.000Z,נורבגיה,1,1,2
2021-09-16T00:00:00.000Z,כלל המדינות,10,7,17
2021-09-17T00:00:00.000Z,קירג'זסטאן,5,6,11
2021-09-17T00:00:00.000Z,איחוד האמירויות הערב,107,29,136
2021-09-17T00:00:00.000Z,תורכיה,43,82,125
2021-09-17T00:00:00.000Z,תאילנד,62,43,105
2021-09-17T00:00:00.000Z,שוויץ,233,81,314
2021-09-17T00:00:00.000Z,שוודיה,15,15,30
2021-09-17T00:00:00.000Z,רוסיה,194,160,354
2021-09-17T00:00:00.000Z,רומניה,332,80,412
2021-09-17T00:00:00.000Z,קרואטיה,7,8,15
2021-09-17T00:00:00.000Z,קפריסין,254,47,301
2021-09-17T00:00:00.000Z,קניה,0,2,2
2021-09-17T00:00:00.000Z,קנדה,46,58,104
2021-09-17T00:00:00.000Z,קטר,1,0,1
2021-09-17T00:00:00.000Z,קזחסטאן,2,2,4
2021-09-17T00:00:00.000Z,קוריאה הדרומית,3,3,6
2021-09-17T00:00:00.000Z,קוסטה ריקה,1,12,13
2021-09-17T00:00:00.000Z,קולומביה,0,6,6
2021-09-17T00:00:00.000Z,צרפת,391,155,546
2021-09-17T00:00:00.000Z,צכיה,412,48,460
2021-09-17T00:00:00.000Z,פרו,1,4,5
2021-09-17T00:00:00.000Z,פנמה,3,9,12
2021-09-17T00:00:00.000Z,פינלנד,58,25,83
2021-09-17T00:00:00.000Z,פיליפינים,0,3,3
2021-09-17T00:00:00.000Z,פורטוגל,62,21,83
2021-09-17T00:00:00.000Z,פולין,301,63,364
2021-09-17T00:00:00.000Z,ערב הסעודית,4,0,4
2021-09-17T00:00:00.000Z,סרי לנקה (צילון),0,6,6
2021-09-17T00:00:00.000Z,סרביה,2,1,3
2021-09-17T00:00:00.000Z,ספרד,186,66,252
2021-09-17T00:00:00.000Z,סלובקיה,131,9,140
2021-09-17T00:00:00.000Z,סלובניה,8,1,9
2021-09-17T00:00:00.000Z,סינגפור,1,4,5
2021-09-17T00:00:00.000Z,סין,5,1,6
2021-09-17T00:00:00.000Z,נפאל,0,2,2
2021-09-17T00:00:00.000Z,נורבגיה,5,4,9
2021-09-17T00:00:00.000Z,מרוקו,4,1,5
2021-09-17T00:00:00.000Z,מקסיקו,0,2,2
2021-09-17T00:00:00.000Z,מצרים,1012,249,1261
2021-09-17T00:00:00.000Z,מלטה,1,0,1
2021-09-17T00:00:00.000Z,מלדיבים,34,11,45
2021-09-17T00:00:00.000Z,מונקו,1,0,1
2021-09-17T00:00:00.000Z,מונטנגרו,122,33,155
2021-09-17T00:00:00.000Z,מונגוליה,1,0,1
2021-09-17T00:00:00.000Z,מולדובה,112,100,212
2021-09-17T00:00:00.000Z,ליטא,3,3,6
2021-09-17T00:00:00.000Z,לטביה,1,0,1
2021-09-17T00:00:00.000Z,כלל המדינות,9943,5524,15467
2021-09-17T00:00:00.000Z,ירדן,10,2,12
2021-09-17T00:00:00.000Z,יפן,0,1,1
2021-09-17T00:00:00.000Z,יוון,1353,265,1618
2021-09-17T00:00:00.000Z,טנזניה,4,0,4
2021-09-17T00:00:00.000Z,זאיר,1,0,1
2021-09-17T00:00:00.000Z,הרפ הדומיניקנית,2,1,3
2021-09-17T00:00:00.000Z,הממלכה המאוחדת,254,141,395
2021-09-17T00:00:00.000Z,הונגריה,515,96,611
2021-09-17T00:00:00.000Z,הולנד,55,35,90
2021-09-17T00:00:00.000Z,הודו,1,4,5
2021-09-17T00:00:00.000Z,דרום אפריקה,1,1,2
2021-09-17T00:00:00.000Z,דנמרק,91,31,122
2021-09-17T00:00:00.000Z,גרמניה,370,150,520
2021-09-17T00:00:00.000Z,גאורגיה,142,49,191
2021-09-17T00:00:00.000Z,ברזיל,2,2,4
2021-09-17T00:00:00.000Z,בלגיה,86,40,126
2021-09-17T00:00:00.000Z,בילורוסיה,67,43,110
2021-09-17T00:00:00.000Z,בחריין,2,1,3
2021-09-17T00:00:00.000Z,בורקינה פאסו,1,0,1
2021-09-17T00:00:00.000Z,בוסניה הרצגובינה,23,16,39
2021-09-17T00:00:00.000Z,בולגריה,11,29,40
2021-09-17T00:00:00.000Z,אתיופיה,1,0,1
2021-09-17T00:00:00.000Z,ארצות הברית,537,333,870
2021-09-17T00:00:00.000Z,ארמניה,6,1,7
2021-09-17T00:00:00.000Z,ארגנטינה,1,3,4
2021-09-17T00:00:00.000Z,אקואדור,1,3,4
2021-09-17T00:00:00.000Z,אסטוניה,1,0,1
2021-09-17T00:00:00.000Z,אנגולה,1,0,1
2021-09-17T00:00:00.000Z,אלבניה,5,0,5
2021-09-17T00:00:00.000Z,אל סלבדור,1,0,1
2021-09-17T00:00:00.000Z,אירלנד,9,8,17
2021-09-17T00:00:00.000Z,איסלנד,28,2,30
2021-09-17T00:00:00.000Z,איי פיגי,2,0,2
2021-09-17T00:00:00.000Z,איי סיישל,71,15,86
2021-09-17T00:00:00.000Z,איטליה,471,112,583
2021-09-17T00:00:00.000Z,אזרביג'אן,3,1,4
2021-09-17T00:00:00.000Z,אורגוואי,2,0,2
2021-09-17T00:00:00.000Z,אוקראינה,426,246,672
2021-09-17T00:00:00.000Z,אוסטרליה,4,1,5
2021-09-17T00:00:00.000Z,אוסטריה,711,158,869
2021-09-17T00:00:00.000Z,אוזבקיסטן,1,2,3
2021-09-17T00:00:00.000Z,אבחזיסטאן,1,0,1
2021-09-18T00:00:00.000Z,לטביה,45,16,61
2021-09-18T00:00:00.000Z,שוודיה,2,11,13
2021-09-18T00:00:00.000Z,תורכיה,13,21,34
2021-09-18T00:00:00.000Z,רוסיה,35,22,57
2021-09-18T00:00:00.000Z,רומניה,511,52,563
2021-09-18T00:00:00.000Z,רואנדה,4,1,5
2021-09-18T00:00:00.000Z,קרואטיה,21,1,22
2021-09-18T00:00:00.000Z,קפריסין,309,52,361
2021-09-18T00:00:00.000Z,קניה,8,1,9
2021-09-18T00:00:00.000Z,קנדה,61,62,123
2021-09-18T00:00:00.000Z,קמרון,0,1,1
2021-09-18T00:00:00.000Z,קזחסטאן,0,1,1
2021-09-18T00:00:00.000Z,קוריאה הדרומית,1,0,1
2021-09-18T00:00:00.000Z,קוסטה ריקה,10,24,34
2021-09-18T00:00:00.000Z,קולומביה,0,1,1
2021-09-18T00:00:00.000Z,קובה,0,1,1
2021-09-18T00:00:00.000Z,צרפת,509,131,640
2021-09-18T00:00:00.000Z,צכיה,548,50,598
2021-09-18T00:00:00.000Z,פרו,5,7,12
2021-09-18T00:00:00.000Z,פנמה,3,0,3
2021-09-18T00:00:00.000Z,פינלנד,8,1,9
2021-09-18T00:00:00.000Z,פיליפינים,0,16,16
2021-09-18T00:00:00.000Z,פורטוגל,26,6,32
2021-09-18T00:00:00.000Z,פולין,201,27,228
2021-09-18T00:00:00.000Z,ערב הסעודית,1,2,3
2021-09-18T00:00:00.000Z,סרי לנקה (צילון),4,4,8
2021-09-18T00:00:00.000Z,סרביה,15,15,30
2021-09-18T00:00:00.000Z,ספרד,65,10,75
2021-09-18T00:00:00.000Z,סנגל,4,2,6
2021-09-18T00:00:00.000Z,סלובניה,19,1,20
2021-09-18T00:00:00.000Z,סינגפור,2,0,2
2021-09-18T00:00:00.000Z,סין,2,0,2
2021-09-18T00:00:00.000Z,סיירה ליאונה,1,0,1
2021-09-18T00:00:00.000Z,נמיביה,3,0,3
2021-09-18T00:00:00.000Z,ניגריה,7,5,12
2021-09-18T00:00:00.000Z,נורבגיה,2,1,3
2021-09-18T00:00:00.000Z,מרוקו,1,2,3
2021-09-18T00:00:00.000Z,מקסיקו,2,0,2
2021-09-18T00:00:00.000Z,מצרים,1658,396,2054
2021-09-18T00:00:00.000Z,מלדיבים,52,13,65
2021-09-18T00:00:00.000Z,מלאווי,0,2,2
2021-09-18T00:00:00.000Z,מונקו,1,0,1
2021-09-18T00:00:00.000Z,מונטנגרו,0,1,1
2021-09-18T00:00:00.000Z,מאלי,2,1,3
2021-09-18T00:00:00.000Z,מאוריציוס,0,1,1
2021-09-18T00:00:00.000Z,ליטא,7,3,10
2021-09-18T00:00:00.000Z,אוגנדה,2,4,6
2021-09-18T00:00:00.000Z,לבנון,0,1,1
2021-09-18T00:00:00.000Z,כלל המדינות,9271,3777,13048
2021-09-18T00:00:00.000Z,ירדן,9,3,12
2021-09-18T00:00:00.000Z,יוון,1088,138,1226
2021-09-18T00:00:00.000Z,טנזניה,23,0,23
2021-09-18T00:00:00.000Z,טוגו,0,3,3
2021-09-18T00:00:00.000Z,זמביה,2,2,4
2021-09-18T00:00:00.000Z,זימבאבווה,2,0,2
2021-09-18T00:00:00.000Z,זאיר,1,0,1
2021-09-18T00:00:00.000Z,ונצואלה,0,1,1
2021-09-18T00:00:00.000Z,הרפ הדומיניקנית,2,6,8
2021-09-18T00:00:00.000Z,הממלכה המאוחדת,324,107,431
2021-09-18T00:00:00.000Z,הונגריה,430,39,469
2021-09-18T00:00:00.000Z,הולנד,119,73,192
2021-09-18T00:00:00.000Z,דרום סודאן,1,0,1
2021-09-18T00:00:00.000Z,דרום אפריקה,5,11,16
2021-09-18T00:00:00.000Z,דנמרק,14,0,14
2021-09-18T00:00:00.000Z,גרמניה,326,80,406
2021-09-18T00:00:00.000Z,גינאה,1,0,1
2021-09-18T00:00:00.000Z,גויאנה,1,0,1
2021-09-18T00:00:00.000Z,גווטאמלה,1,2,3
2021-09-18T00:00:00.000Z,גאנה,3,2,5
2021-09-18T00:00:00.000Z,גאורגיה,140,33,173
2021-09-18T00:00:00.000Z,ברזיל,1,2,3
2021-09-18T00:00:00.000Z,בלגיה,9,4,13
2021-09-18T00:00:00.000Z,בילורוסיה,2,0,2
2021-09-18T00:00:00.000Z,בוסניה הרצגובינה,0,2,2
2021-09-18T00:00:00.000Z,בולגריה,2,1,3
2021-09-18T00:00:00.000Z,בהמס,1,0,1
2021-09-18T00:00:00.000Z,אתיופיה,26,25,51
2021-09-18T00:00:00.000Z,ארצות הברית,703,526,1229
2021-09-18T00:00:00.000Z,ארגנטינה,2,3,5
2021-09-18T00:00:00.000Z,אסטוניה,5,9,14
2021-09-18T00:00:00.000Z,אנגולה,5,0,5
2021-09-18T00:00:00.000Z,אירלנד,7,2,9
2021-09-18T00:00:00.000Z,איסלנד,87,9,96
2021-09-18T00:00:00.000Z,איי סיישל,9,8,17
2021-09-18T00:00:00.000Z,איטליה,451,66,517
2021-09-18T00:00:00.000Z,אזרביג'אן,7,2,9
2021-09-18T00:00:00.000Z,אורגוואי,1,0,1
2021-09-18T00:00:00.000Z,אוקראינה,269,102,371
2021-09-18T00:00:00.000Z,אוסטרליה,0,2,2
2021-09-18T00:00:00.000Z,אוסטריה,493,85,578
2021-09-18T00:00:00.000Z,אוזבקיסטן,3,3,6
2021-09-18T00:00:00.000Z,איחוד האמירויות הערב,127,49,176
2021-09-18T00:00:00.000Z,שוויץ,85,13,98
2021-09-19T00:00:00.000Z,אוקראינה,509,396,905
2021-09-19T00:00:00.000Z,אוסטרליה,5,8,13
2021-09-19T00:00:00.000Z,אוסטריה,714,163,877
2021-09-19T00:00:00.000Z,גאורגיה,617,118,735
2021-09-19T00:00:00.000Z,גווטאמלה,0,2,2
2021-09-19T00:00:00.000Z,גויאנה,4,0,4
2021-09-19T00:00:00.000Z,גויאנה הצרפתית,2,0,2
2021-09-19T00:00:00.000Z,גרמניה,483,210,693
2021-09-19T00:00:00.000Z,דנמרק,99,41,140
2021-09-19T00:00:00.000Z,דרום אמריקה,1,0,1
2021-09-19T00:00:00.000Z,דרום אפריקה,4,5,9
2021-09-19T00:00:00.000Z,הודו,7,9,16
2021-09-19T00:00:00.000Z,הולנד,164,113,277
2021-09-19T00:00:00.000Z,הונגריה,745,132,877
2021-09-19T00:00:00.000Z,הממלכה המאוחדת,358,409,767
2021-09-19T00:00:00.000Z,הרפ הדומיניקנית,11,5,16
2021-09-19T00:00:00.000Z,ונצואלה,0,1,1
2021-09-19T00:00:00.000Z,יוון,2079,379,2458
2021-09-19T00:00:00.000Z,יפן,0,4,4
2021-09-19T00:00:00.000Z,ירדן,725,221,946
2021-09-19T00:00:00.000Z,כלל המדינות,13524,7929,21453
2021-09-19T00:00:00.000Z,לוכסמבורג,1,0,1
2021-09-19T00:00:00.000Z,לטביה,3,0,3
2021-09-19T00:00:00.000Z,ליטא,101,34,135
2021-09-19T00:00:00.000Z,מולדובה,119,89,208
2021-09-19T00:00:00.000Z,מונטנגרו,154,13,167
2021-09-19T00:00:00.000Z,מונקו,1,0,1
2021-09-19T00:00:00.000Z,מלדיבים,35,8,43
2021-09-19T00:00:00.000Z,מלטה,2,2,4
2021-09-19T00:00:00.000Z,מצרים,838,249,1087
2021-09-19T00:00:00.000Z,מקדוניה,0,1,1
2021-09-19T00:00:00.000Z,מרוקו,12,6,18
2021-09-19T00:00:00.000Z,נורבגיה,1,0,1
2021-09-19T00:00:00.000Z,ניגריה,3,0,3
2021-09-19T00:00:00.000Z,ניקרגואה,0,1,1
2021-09-19T00:00:00.000Z,נפאל,1,0,1
2021-09-19T00:00:00.000Z,סלובניה,1,0,1
2021-09-19T00:00:00.000Z,סלובקיה,1,3,4
2021-09-19T00:00:00.000Z,סנגל,1,0,1
2021-09-19T00:00:00.000Z,ספרד,245,64,309
2021-09-19T00:00:00.000Z,סרביה,5,12,17
2021-09-19T00:00:00.000Z,סרי לנקה (צילון),1,1,2
2021-09-19T00:00:00.000Z,פולין,221,58,279
2021-09-19T00:00:00.000Z,פורטוגל,54,12,66
2021-09-19T00:00:00.000Z,פיליפינים,0,12,12
2021-09-19T00:00:00.000Z,פינלנד,9,2,11
2021-09-19T00:00:00.000Z,פנמה,0,7,7
2021-09-19T00:00:00.000Z,פרו,1,0,1
2021-09-19T00:00:00.000Z,צ'ילה,1,1,2
2021-09-19T00:00:00.000Z,צכיה,540,67,607
2021-09-19T00:00:00.000Z,צרפת,659,543,1202
2021-09-19T00:00:00.000Z,קולומביה,7,6,13
2021-09-19T00:00:00.000Z,קוסובו,1,0,1
2021-09-19T00:00:00.000Z,קוסטה ריקה,4,5,9
2021-09-19T00:00:00.000Z,קוריאה הדרומית,5,3,8
2021-09-19T00:00:00.000Z,קזחסטאן,3,4,7
2021-09-19T00:00:00.000Z,קירג'זסטאן,3,1,4
2021-09-19T00:00:00.000Z,קלדוניה החדשה,1,0,1
2021-09-19T00:00:00.000Z,קנדה,52,129,181
2021-09-19T00:00:00.000Z,קפריסין,332,78,410
2021-09-19T00:00:00.000Z,קרואטיה,14,3,17
2021-09-19T00:00:00.000Z,רומניה,225,44,269
2021-09-19T00:00:00.000Z,רוסיה,153,221,374
2021-09-19T00:00:00.000Z,שוודיה,13,4,17
2021-09-19T00:00:00.000Z,שוויץ,349,185,534
2021-09-19T00:00:00.000Z,תאילנד,3,0,3
2021-09-19T00:00:00.000Z,תוניסיה,1,4,5
2021-09-19T00:00:00.000Z,תורכיה,45,39,84
2021-09-19T00:00:00.000Z,אנגולה,1,0,1
2021-09-19T00:00:00.000Z,אקואדור,2,0,2
2021-09-19T00:00:00.000Z,ארגנטינה,8,11,19
2021-09-19T00:00:00.000Z,ארמניה,2,0,2
2021-09-19T00:00:00.000Z,ארצות הברית,717,931,1648
2021-09-19T00:00:00.000Z,בוטסואנה,1,3,4
2021-09-19T00:00:00.000Z,בולגריה,10,24,34
2021-09-19T00:00:00.000Z,בוליביה,3,1,4
2021-09-19T00:00:00.000Z,בוסניה הרצגובינה,19,11,30
2021-09-19T00:00:00.000Z,בחריין,0,1,1
2021-09-19T00:00:00.000Z,בילורוסיה,96,70,166
2021-09-19T00:00:00.000Z,אנטיגואה וברבודה,1,0,1
2021-09-19T00:00:00.000Z,בלגיה,55,120,175
2021-09-19T00:00:00.000Z,בנגלדש,1,0,1
2021-09-19T00:00:00.000Z,ברזיל,8,15,23
2021-09-19T00:00:00.000Z,אלבניה,2,2,4
2021-09-19T00:00:00.000Z,אירן,0,1,1
2021-09-19T00:00:00.000Z,אירלנד,19,10,29
2021-09-19T00:00:00.000Z,איסלנד,48,9,57
2021-09-19T00:00:00.000Z,אינדונזיה,0,3,3
2021-09-19T00:00:00.000Z,איי פיגי,1,0,1
2021-09-19T00:00:00.000Z,איי סיישל,126,13,139
2021-09-19T00:00:00.000Z,איטליה,731,160,891
2021-09-19T00:00:00.000Z,אוזבקיסטן,5,2,7
2021-09-19T00:00:00.000Z,אוגנדה,0,1,1
2021-09-19T00:00:00.000Z,איחוד האמירויות הערב,162,49,211
2021-09-19T00:00:00.000Z,אזרביג'אן,101,34,135
2021-09-19T00:00:00.000Z,אורגוואי,2,11,13
2021-09-20T00:00:00.000Z,שוודיה,8,7,15
2021-09-20T00:00:00.000Z,קולומביה,7,2,9
2021-09-20T00:00:00.000Z,רומניה,340,72,412
2021-09-20T00:00:00.000Z,רואנדה,0,5,5
2021-09-20T00:00:00.000Z,קרואטיה,15,5,20
2021-09-20T00:00:00.000Z,קפריסין,224,71,295
2021-09-20T00:00:00.000Z,קניה,5,1,6
2021-09-20T00:00:00.000Z,קנדה,85,164,249
2021-09-20T00:00:00.000Z,קמרון,1,0,1
2021-09-20T00:00:00.000Z,קירג'זסטאן,1,1,2
2021-09-20T00:00:00.000Z,קזחסטאן,6,0,6
2021-09-20T00:00:00.000Z,קוריאה הדרומית,1,10,11
2021-09-20T00:00:00.000Z,קוסטה ריקה,19,29,48
2021-09-20T00:00:00.000Z,קוסובו,15,0,15
2021-09-20T00:00:00.000Z,שוויץ,212,86,298
2021-09-20T00:00:00.000Z,תאילנד,93,63,156
2021-09-20T00:00:00.000Z,תורכיה,31,43,74
2021-09-20T00:00:00.000Z,איחוד האמירויות הערב,125,37,162
2021-09-20T00:00:00.000Z,צרפת,636,256,892
2021-09-20T00:00:00.000Z,צכיה,520,67,587
2021-09-20T00:00:00.000Z,צ'ילה,0,4,4
2021-09-20T00:00:00.000Z,פרו,3,13,16
2021-09-20T00:00:00.000Z,פנמה,5,18,23
2021-09-20T00:00:00.000Z,פינלנד,9,3,12
2021-09-20T00:00:00.000Z,פיליפינים,0,2,2
2021-09-20T00:00:00.000Z,פורטוגל,58,48,106
2021-09-20T00:00:00.000Z,פורטו ריקו,0,1,1
2021-09-20T00:00:00.000Z,פולין,364,93,457
2021-09-20T00:00:00.000Z,פאפואה,2,2,4
2021-09-20T00:00:00.000Z,סרי לנקה (צילון),0,1,1
2021-09-20T00:00:00.000Z,סרביה,2,2,4
2021-09-20T00:00:00.000Z,ספרד,324,53,377
2021-09-20T00:00:00.000Z,סלובקיה,66,9,75
2021-09-20T00:00:00.000Z,סינגפור,1,0,1
2021-09-20T00:00:00.000Z,סוריה,0,1,1
2021-09-20T00:00:00.000Z,ניגריה,4,1,5
2021-09-20T00:00:00.000Z,נורבגיה,1,3,4
2021-09-20T00:00:00.000Z,מרוקו,80,43,123
2021-09-20T00:00:00.000Z,מקסיקו,0,1,1
2021-09-20T00:00:00.000Z,מצרים,597,227,824
2021-09-20T00:00:00.000Z,מלדיבים,50,11,61
2021-09-20T00:00:00.000Z,מלאווי,1,0,1
2021-09-20T00:00:00.000Z,מונקו,0,1,1
2021-09-20T00:00:00.000Z,מונטנגרו,154,30,184
2021-09-20T00:00:00.000Z,מולדובה,4,2,6
2021-09-20T00:00:00.000Z,מאוריציוס,1,0,1
2021-09-20T00:00:00.000Z,ליטא,13,2,15
2021-09-20T00:00:00.000Z,ליבריה,1,2,3
2021-09-20T00:00:00.000Z,לטביה,6,2,8
2021-09-20T00:00:00.000Z,לוכסמבורג,2,1,3
2021-09-20T00:00:00.000Z,כלל המדינות,12315,7155,19470
2021-09-20T00:00:00.000Z,ירדן,109,44,153
2021-09-20T00:00:00.000Z,יפן,0,1,1
2021-09-20T00:00:00.000Z,יוון,1579,326,1905
2021-09-20T00:00:00.000Z,טנזניה,10,4,14
2021-09-20T00:00:00.000Z,טיוואן,0,1,1
2021-09-20T00:00:00.000Z,טוגו,0,2,2
2021-09-20T00:00:00.000Z,זמביה,1,0,1
2021-09-20T00:00:00.000Z,זאיר,2,1,3
2021-09-20T00:00:00.000Z,הרפ הדומיניקנית,2,3,5
2021-09-20T00:00:00.000Z,הממלכה המאוחדת,475,488,963
2021-09-20T00:00:00.000Z,הונגריה,411,72,483
2021-09-20T00:00:00.000Z,הולנד,31,32,63
2021-09-20T00:00:00.000Z,הודו,16,75,91
2021-09-20T00:00:00.000Z,האנטילים ההולנדים,0,1,1
2021-09-20T00:00:00.000Z,דרום אפריקה,21,42,63
2021-09-20T00:00:00.000Z,דנמרק,8,3,11
2021-09-20T00:00:00.000Z,דומיניקה,0,2,2
2021-09-20T00:00:00.000Z,גרמניה,484,140,624
2021-09-20T00:00:00.000Z,גיברלטר,0,3,3
2021-09-20T00:00:00.000Z,גווטאמלה,2,6,8
2021-09-20T00:00:00.000Z,גאנה,2,0,2
2021-09-20T00:00:00.000Z,גאורגיה,171,41,212
2021-09-20T00:00:00.000Z,ברזיל,13,58,71
2021-09-20T00:00:00.000Z,בלגיה,75,83,158
2021-09-20T00:00:00.000Z,בילורוסיה,1,0,1
2021-09-20T00:00:00.000Z,בוסניה הרצגובינה,20,2,22
2021-09-20T00:00:00.000Z,בולגריה,13,14,27
2021-09-20T00:00:00.000Z,אתיופיה,15,27,42
2021-09-20T00:00:00.000Z,ארצות הברית,1253,1237,2490
2021-09-20T00:00:00.000Z,ארמניה,4,6,10
2021-09-20T00:00:00.000Z,ארגנטינה,1,2,3
2021-09-20T00:00:00.000Z,אקואדור,3,4,7
2021-09-20T00:00:00.000Z,אסטוניה,6,1,7
2021-09-20T00:00:00.000Z,אנטיגואה וברבודה,0,1,1
2021-09-20T00:00:00.000Z,אנגולה,1,0,1
2021-09-20T00:00:00.000Z,אלבניה,3,3,6
2021-09-20T00:00:00.000Z,אירלנד,11,8,19
2021-09-20T00:00:00.000Z,איסלנד,45,11,56
2021-09-20T00:00:00.000Z,איי סיישל,26,5,31
2021-09-20T00:00:00.000Z,איטליה,781,182,963
2021-09-20T00:00:00.000Z,אזרביג'אן,4,1,5
2021-09-20T00:00:00.000Z,אורגוואי,0,2,2
2021-09-20T00:00:00.000Z,אוקראינה,508,314,822
2021-09-20T00:00:00.000Z,אוסטרליה,2,1,3
2021-09-20T00:00:00.000Z,אוסטריה,1050,242,1292
2021-09-20T00:00:00.000Z,אוזבקיסטן,28,59,87
2021-09-20T00:00:00.000Z,אוגנדה,2,1,3
2021-09-20T00:00:00.000Z,רוסיה,292,203,495
2021-09-21T00:00:00.000Z,אתיופיה,12,11,23
2021-09-21T00:00:00.000Z,גרמניה,248,56,304
2021-09-21T00:00:00.000Z,דנמרק,22,3,25
2021-09-21T00:00:00.000Z,דרום אמריקה,0,2,2
2021-09-21T00:00:00.000Z,דרום אפריקה,6,2,8
2021-09-21T00:00:00.000Z,הודו,0,1,1
2021-09-21T00:00:00.000Z,הולנד,50,27,77
2021-09-21T00:00:00.000Z,הונג קונג,6,23,29
2021-09-21T00:00:00.000Z,הונגריה,496,101,597
2021-09-21T00:00:00.000Z,הונדורס,1,0,1
2021-09-21T00:00:00.000Z,הממלכה המאוחדת,195,57,252
2021-09-21T00:00:00.000Z,הרפ הדומיניקנית,9,3,12
2021-09-21T00:00:00.000Z,זימבאבווה,0,1,1
2021-09-21T00:00:00.000Z,חוף השנהב,1,0,1
2021-09-21T00:00:00.000Z,טנזניה,6,2,8
2021-09-21T00:00:00.000Z,יוון,996,238,1234
2021-09-21T00:00:00.000Z,יפן,0,4,4
2021-09-21T00:00:00.000Z,ירדן,88,33,121
2021-09-21T00:00:00.000Z,כלל המדינות,7857,3993,11850
2021-09-21T00:00:00.000Z,לטביה,70,19,89
2021-09-21T00:00:00.000Z,ליטא,5,0,5
2021-09-21T00:00:00.000Z,מאלי,2,2,4
2021-09-21T00:00:00.000Z,מולדובה,74,55,129
2021-09-21T00:00:00.000Z,גיברלטר,1,0,1
2021-09-21T00:00:00.000Z,מונטנגרו,3,0,3
2021-09-21T00:00:00.000Z,מלאווי,0,1,1
2021-09-21T00:00:00.000Z,מלדיבים,39,7,46
2021-09-21T00:00:00.000Z,מצרים,939,220,1159
2021-09-21T00:00:00.000Z,מקדוניה,2,0,2
2021-09-21T00:00:00.000Z,מקסיקו,3,3,6
2021-09-21T00:00:00.000Z,מרוקו,5,2,7
2021-09-21T00:00:00.000Z,ניגריה,2,2,4
2021-09-21T00:00:00.000Z,סין,26,44,70
2021-09-21T00:00:00.000Z,סלובניה,4,0,4
2021-09-21T00:00:00.000Z,סלובקיה,0,2,2
2021-09-21T00:00:00.000Z,סנגל,1,0,1
2021-09-21T00:00:00.000Z,ספרד,119,27,146
2021-09-21T00:00:00.000Z,סרביה,9,4,13
2021-09-21T00:00:00.000Z,סרי לנקה (צילון),3,4,7
2021-09-21T00:00:00.000Z,פאפואה,1,0,1
2021-09-21T00:00:00.000Z,פולין,187,35,222
2021-09-21T00:00:00.000Z,פורטוגל,28,11,39
2021-09-21T00:00:00.000Z,פיליפינים,1,1,2
2021-09-21T00:00:00.000Z,פינלנד,0,1,1
2021-09-21T00:00:00.000Z,פנמה,1,6,7
2021-09-21T00:00:00.000Z,פרו,10,12,22
2021-09-21T00:00:00.000Z,צ'ילה,0,1,1
2021-09-21T00:00:00.000Z,צכיה,435,38,473
2021-09-21T00:00:00.000Z,צרפת,384,99,483
2021-09-21T00:00:00.000Z,קולומביה,2,9,11
2021-09-21T00:00:00.000Z,קוסטה ריקה,6,17,23
2021-09-21T00:00:00.000Z,קוריאה הדרומית,1,2,3
2021-09-21T00:00:00.000Z,קזחסטאן,3,1,4
2021-09-21T00:00:00.000Z,קמרון,0,1,1
2021-09-21T00:00:00.000Z,קנדה,69,60,129
2021-09-21T00:00:00.000Z,קניה,1,0,1
2021-09-21T00:00:00.000Z,קפריסין,138,36,174
2021-09-21T00:00:00.000Z,קרואטיה,15,6,21
2021-09-21T00:00:00.000Z,רואנדה,3,0,3
2021-09-21T00:00:00.000Z,רומניה,259,20,279
2021-09-21T00:00:00.000Z,רוסיה,241,165,406
2021-09-21T00:00:00.000Z,שוודיה,4,7,11
2021-09-21T00:00:00.000Z,שוויץ,182,47,229
2021-09-21T00:00:00.000Z,תאילנד,1,1,2
2021-09-21T00:00:00.000Z,תורכיה,35,38,73
2021-09-21T00:00:00.000Z,גויאנה הצרפתית,2,2,4
2021-09-21T00:00:00.000Z,גווטאמלה,3,3,6
2021-09-21T00:00:00.000Z,גאורגיה,267,33,300
2021-09-21T00:00:00.000Z,ברזיל,4,3,7
2021-09-21T00:00:00.000Z,בנין (דהומי),1,0,1
2021-09-21T00:00:00.000Z,בלגיה,15,2,17
2021-09-21T00:00:00.000Z,בוסניה הרצגובינה,34,3,37
2021-09-21T00:00:00.000Z,בולגריה,2,0,2
2021-09-21T00:00:00.000Z,דומיניקה,2,0,2
2021-09-21T00:00:00.000Z,ארצות הברית,678,369,1047
2021-09-21T00:00:00.000Z,ארמניה,7,3,10
2021-09-21T00:00:00.000Z,ארגנטינה,8,32,40
2021-09-21T00:00:00.000Z,אסטוניה,8,2,10
2021-09-21T00:00:00.000Z,אנגולה,1,0,1
2021-09-21T00:00:00.000Z,אלבניה,2,0,2
2021-09-21T00:00:00.000Z,אל סלבדור,0,1,1
2021-09-21T00:00:00.000Z,אירלנד,11,1,12
2021-09-21T00:00:00.000Z,איסלנד,66,1,67
2021-09-21T00:00:00.000Z,איי סיישל,2,0,2
2021-09-21T00:00:00.000Z,איטליה,402,88,490
2021-09-21T00:00:00.000Z,אזרביג'אן,9,5,14
2021-09-21T00:00:00.000Z,אורגוואי,8,3,11
2021-09-21T00:00:00.000Z,אוקראינה,236,76,312
2021-09-21T00:00:00.000Z,אוסטרליה,3,2,5
2021-09-21T00:00:00.000Z,אוסטריה,375,97,472
2021-09-21T00:00:00.000Z,אוזבקיסטן,4,0,4
2021-09-21T00:00:00.000Z,אוגנדה,3,2,5
2021-09-21T00:00:00.000Z,איחוד האמירויות הערב,34,7,41
2021-09-21T00:00:00.000Z,מונגוליה,0,1,1
2021-09-22T00:00:00.000Z,שוויץ,0,3,3
2021-09-22T00:00:00.000Z,רומניה,2,5,7
2021-09-22T00:00:00.000Z,קפריסין,2,6,8
2021-09-22T00:00:00.000Z,קנדה,5,6,11
2021-09-22T00:00:00.000Z,קמרון,0,1,1
2021-09-22T00:00:00.000Z,קזחסטאן,0,2,2
2021-09-22T00:00:00.000Z,קוריאה הדרומית,0,5,5
2021-09-22T00:00:00.000Z,צרפת,8,20,28
2021-09-22T00:00:00.000Z,צכיה,2,2,4
2021-09-22T00:00:00.000Z,פינלנד,0,3,3
2021-09-22T00:00:00.000Z,פיליפינים,0,1,1
2021-09-22T00:00:00.000Z,פורטוגל,2,2,4
2021-09-22T00:00:00.000Z,פולין,1,6,7
2021-09-22T00:00:00.000Z,סרי לנקה (צילון),1,1,2
2021-09-22T00:00:00.000Z,סרביה,0,4,4
2021-09-22T00:00:00.000Z,ספרד,2,0,2
2021-09-22T00:00:00.000Z,סין,1,0,1
2021-09-22T00:00:00.000Z,סוריה,1,2,3
2021-09-22T00:00:00.000Z,ניגריה,0,1,1
2021-09-22T00:00:00.000Z,נורבגיה,1,1,2
2021-09-22T00:00:00.000Z,מקדוניה,0,1,1
2021-09-22T00:00:00.000Z,מצרים,1,0,1
2021-09-22T00:00:00.000Z,מאוריציוס,0,1,1
2021-09-22T00:00:00.000Z,כלל המדינות,98,2268,2366
2021-09-22T00:00:00.000Z,ירדן,1,2,3
2021-09-22T00:00:00.000Z,רוסיה,4,28,32
2021-09-22T00:00:00.000Z,זימבאבווה,0,1,1
2021-09-22T00:00:00.000Z,ונצואלה,0,1,1
2021-09-22T00:00:00.000Z,הממלכה המאוחדת,5,20,25
2021-09-22T00:00:00.000Z,הונגריה,2,2,4
2021-09-22T00:00:00.000Z,הולנד,3,7,10
2021-09-22T00:00:00.000Z,הודו,1,2,3
2021-09-22T00:00:00.000Z,דרום אפריקה,0,2,2
2021-09-22T00:00:00.000Z,דנמרק,0,2,2
2021-09-22T00:00:00.000Z,גרמניה,7,28,35
2021-09-22T00:00:00.000Z,גאורגיה,2,6,8
2021-09-22T00:00:00.000Z,בילורוסיה,0,18,18
2021-09-22T00:00:00.000Z,בולגריה,0,1,1
2021-09-22T00:00:00.000Z,בוטסואנה,0,34,34
2021-09-22T00:00:00.000Z,אתיופיה,0,28,28
2021-09-22T00:00:00.000Z,ארצות הברית,6,44,50
2021-09-22T00:00:00.000Z,ארמניה,0,1,1
2021-09-22T00:00:00.000Z,אסטוניה,0,1,1
2021-09-22T00:00:00.000Z,אלבניה,1,0,1
2021-09-22T00:00:00.000Z,איטליה,1,5,6
2021-09-22T00:00:00.000Z,אוקראינה,8,31,39
2021-09-22T00:00:00.000Z,אוסטרליה,0,1,1
2021-09-22T00:00:00.000Z,אוסטריה,3,3,6
2021-09-22T00:00:00.000Z,אוזבקיסטן,0,2,2
2021-09-22T00:00:00.000Z,איחוד האמירויות הערב,2,1,3
2021-09-22T00:00:00.000Z,תורכיה,0,4,4
2021-09-22T00:00:00.000Z,יוון,2,2,4
