date,visited_country,vaccination_ind,none_vaccination_ind,sum_arrival
2021-09-13T00:00:00.000Z,לטביה,1,0,1
2021-09-13T00:00:00.000Z,אוגנדה,3,4,7
2021-09-13T00:00:00.000Z,תורכיה,25,58,83
2021-09-13T00:00:00.000Z,תאילנד,1,1,2
2021-09-13T00:00:00.000Z,שוויץ,139,64,203
2021-09-13T00:00:00.000Z,שוודיה,4,4,8
2021-09-13T00:00:00.000Z,רפ מרכז אפריקנית,0,1,1
2021-09-13T00:00:00.000Z,רוסיה,174,201,375
2021-09-13T00:00:00.000Z,רומניה,293,64,357
2021-09-13T00:00:00.000Z,רואנדה,5,1,6
2021-09-13T00:00:00.000Z,קרואטיה,8,8,16
2021-09-13T00:00:00.000Z,קפריסין,117,35,152
2021-09-13T00:00:00.000Z,קניה,1,4,5
2021-09-13T00:00:00.000Z,קנדה,44,311,355
2021-09-13T00:00:00.000Z,קירג'זסטאן,1,1,2
2021-09-13T00:00:00.000Z,קזחסטאן,3,2,5
2021-09-13T00:00:00.000Z,קוסטה ריקה,2,5,7
2021-09-13T00:00:00.000Z,קולומביה,3,2,5
2021-09-13T00:00:00.000Z,קובה,0,1,1
2021-09-13T00:00:00.000Z,צרפת,359,313,672
2021-09-13T00:00:00.000Z,צכיה,386,92,478
2021-09-13T00:00:00.000Z,פרו,2,4,6
2021-09-13T00:00:00.000Z,פנמה,4,23,27
2021-09-13T00:00:00.000Z,פינלנד,3,0,3
2021-09-13T00:00:00.000Z,פיליפינים,0,2,2
2021-09-13T00:00:00.000Z,פורטוגל,14,10,24
2021-09-13T00:00:00.000Z,פולין,311,125,436
2021-09-13T00:00:00.000Z,סרי לנקה (צילון),1,1,2
2021-09-13T00:00:00.000Z,סרביה,1,1,2
2021-09-13T00:00:00.000Z,ספרד,54,38,92
2021-09-13T00:00:00.000Z,סלובקיה,54,8,62
2021-09-13T00:00:00.000Z,סוריה,1,4,5
2021-09-13T00:00:00.000Z,נמיביה,1,1,2
2021-09-13T00:00:00.000Z,ניגריה,2,3,5
2021-09-13T00:00:00.000Z,נורבגיה,0,3,3
2021-09-13T00:00:00.000Z,מרוקו,3,0,3
2021-09-13T00:00:00.000Z,מקסיקו,0,18,18
2021-09-13T00:00:00.000Z,מצרים,248,67,315
2021-09-13T00:00:00.000Z,מלטה,1,0,1
2021-09-13T00:00:00.000Z,מלזיה,1,0,1
2021-09-13T00:00:00.000Z,מלדיבים,47,6,53
2021-09-13T00:00:00.000Z,מלאווי,0,1,1
2021-09-13T00:00:00.000Z,מונקו,5,1,6
2021-09-13T00:00:00.000Z,מונטנגרו,64,9,73
2021-09-13T00:00:00.000Z,מוזמביק,2,0,2
2021-09-13T00:00:00.000Z,מאלי,3,0,3
2021-09-13T00:00:00.000Z,ליטא,2,0,2
2021-09-13T00:00:00.000Z,איחוד האמירויות הערב,70,18,88
2021-09-13T00:00:00.000Z,לוכסמבורג,9,5,14
2021-09-13T00:00:00.000Z,לבנון,0,1,1
2021-09-13T00:00:00.000Z,כלל המדינות,6117,8539,14656
2021-09-13T00:00:00.000Z,ירדן,65,107,172
2021-09-13T00:00:00.000Z,יפן,0,2,2
2021-09-13T00:00:00.000Z,יוון,342,151,493
2021-09-13T00:00:00.000Z,טנזניה,9,5,14
2021-09-13T00:00:00.000Z,חוף השנהב,2,1,3
2021-09-13T00:00:00.000Z,זמביה,3,1,4
2021-09-13T00:00:00.000Z,זימבאבווה,0,1,1
2021-09-13T00:00:00.000Z,הרפ הדומיניקנית,1,0,1
2021-09-13T00:00:00.000Z,הממלכה המאוחדת,264,544,808
2021-09-13T00:00:00.000Z,הונדורס,3,0,3
2021-09-13T00:00:00.000Z,הונגריה,362,114,476
2021-09-13T00:00:00.000Z,הונג קונג,0,2,2
2021-09-13T00:00:00.000Z,הולנד,19,17,36
2021-09-13T00:00:00.000Z,הודו,17,95,112
2021-09-13T00:00:00.000Z,דרום אפריקה,17,31,48
2021-09-13T00:00:00.000Z,דנמרק,5,5,10
2021-09-13T00:00:00.000Z,דומיניקה,0,1,1
2021-09-13T00:00:00.000Z,גרמניה,302,142,444
2021-09-13T00:00:00.000Z,גיברלטר,1,0,1
2021-09-13T00:00:00.000Z,גווטאמלה,4,2,6
2021-09-13T00:00:00.000Z,גאנה,3,0,3
2021-09-13T00:00:00.000Z,גאורגיה,19,17,36
2021-09-13T00:00:00.000Z,ברזיל,4,2,6
2021-09-13T00:00:00.000Z,בלגיה,49,174,223
2021-09-13T00:00:00.000Z,בילורוסיה,0,2,2
2021-09-13T00:00:00.000Z,בוסניה הרצגובינה,10,5,15
2021-09-13T00:00:00.000Z,בולגריה,6,23,29
2021-09-13T00:00:00.000Z,בוטסואנה,2,0,2
2021-09-13T00:00:00.000Z,אתיופיה,14,13,27
2021-09-13T00:00:00.000Z,ארצות הברית,482,1890,2372
2021-09-13T00:00:00.000Z,ארמניה,1,17,18
2021-09-13T00:00:00.000Z,ארגנטינה,0,5,5
2021-09-13T00:00:00.000Z,אסטוניה,2,1,3
2021-09-13T00:00:00.000Z,אל סלבדור,0,1,1
2021-09-13T00:00:00.000Z,אירלנד,3,4,7
2021-09-13T00:00:00.000Z,איסלנד,21,4,25
2021-09-13T00:00:00.000Z,איטליה,298,96,394
2021-09-13T00:00:00.000Z,אזרביג'אן,0,21,21
2021-09-13T00:00:00.000Z,אורגוואי,0,5,5
2021-09-13T00:00:00.000Z,אוקראינה,298,1073,1371
2021-09-13T00:00:00.000Z,אוסטרליה,1,5,6
2021-09-13T00:00:00.000Z,אוסטריה,479,114,593
2021-09-13T00:00:00.000Z,אוזבקיסטן,12,57,69
2021-09-14T00:00:00.000Z,פולין,128,89,217
2021-09-14T00:00:00.000Z,חוף השנהב,4,1,5
2021-09-14T00:00:00.000Z,זאיר,2,1,3
2021-09-14T00:00:00.000Z,הרפ הדומיניקנית,2,4,6
2021-09-14T00:00:00.000Z,הממלכה המאוחדת,186,390,576
2021-09-14T00:00:00.000Z,הונגריה,424,114,538
2021-09-14T00:00:00.000Z,הונג קונג,4,9,13
2021-09-14T00:00:00.000Z,הולנד,56,76,132
2021-09-14T00:00:00.000Z,הודו,1,5,6
2021-09-14T00:00:00.000Z,דרום אפריקה,6,8,14
2021-09-14T00:00:00.000Z,דנמרק,7,5,12
2021-09-14T00:00:00.000Z,גרמניה,270,119,389
2021-09-14T00:00:00.000Z,גווטאמלה,2,1,3
2021-09-14T00:00:00.000Z,גאנה,2,6,8
2021-09-14T00:00:00.000Z,גאורגיה,96,31,127
2021-09-14T00:00:00.000Z,ברזיל,3,3,6
2021-09-14T00:00:00.000Z,בלגיה,7,79,86
2021-09-14T00:00:00.000Z,בילורוסיה,86,77,163
2021-09-14T00:00:00.000Z,בחריין,1,0,1
2021-09-14T00:00:00.000Z,בוסניה הרצגובינה,5,4,9
2021-09-14T00:00:00.000Z,בולגריה,5,3,8
2021-09-14T00:00:00.000Z,אתיופיה,21,20,41
2021-09-14T00:00:00.000Z,ארצות הברית,464,1476,1940
2021-09-14T00:00:00.000Z,ארמניה,5,0,5
2021-09-14T00:00:00.000Z,ארגנטינה,0,27,27
2021-09-14T00:00:00.000Z,אקואדור,3,3,6
2021-09-14T00:00:00.000Z,אסטוניה,1,4,5
2021-09-14T00:00:00.000Z,אנטיגואה וברבודה,0,2,2
2021-09-14T00:00:00.000Z,אנגולה,1,0,1
2021-09-14T00:00:00.000Z,אלבניה,3,0,3
2021-09-14T00:00:00.000Z,אירלנד,4,7,11
2021-09-14T00:00:00.000Z,איסלנד,42,15,57
2021-09-14T00:00:00.000Z,איי פאלקלנד,0,1,1
2021-09-14T00:00:00.000Z,איי סיישל,0,1,1
2021-09-14T00:00:00.000Z,איטליה,411,104,515
2021-09-14T00:00:00.000Z,אזרביג'אן,7,4,11
2021-09-14T00:00:00.000Z,אורגוואי,0,1,1
2021-09-14T00:00:00.000Z,אוקראינה,241,806,1047
2021-09-14T00:00:00.000Z,אוסטרליה,0,3,3
2021-09-14T00:00:00.000Z,אוסטריה,299,93,392
2021-09-14T00:00:00.000Z,אוזבקיסטן,3,1,4
2021-09-14T00:00:00.000Z,אוגנדה,0,2,2
2021-09-14T00:00:00.000Z,איחוד האמירויות הערב,147,33,180
2021-09-14T00:00:00.000Z,עירק,1,1,2
2021-09-14T00:00:00.000Z,סרביה,6,1,7
2021-09-14T00:00:00.000Z,ספרד,96,38,134
2021-09-14T00:00:00.000Z,סלובקיה,4,0,4
2021-09-14T00:00:00.000Z,סלובניה,0,2,2
2021-09-14T00:00:00.000Z,סין,0,3,3
2021-09-14T00:00:00.000Z,ניגריה,6,2,8
2021-09-14T00:00:00.000Z,נורבגיה,1,1,2
2021-09-14T00:00:00.000Z,מרוקו,31,22,53
2021-09-14T00:00:00.000Z,מקסיקו,4,9,13
2021-09-14T00:00:00.000Z,מקדוניה,1,0,1
2021-09-14T00:00:00.000Z,מצרים,445,139,584
2021-09-14T00:00:00.000Z,מלדיבים,20,17,37
2021-09-14T00:00:00.000Z,מונקו,1,0,1
2021-09-14T00:00:00.000Z,מונטנגרו,22,10,32
2021-09-14T00:00:00.000Z,מולדובה,37,84,121
2021-09-14T00:00:00.000Z,מאלי,1,1,2
2021-09-14T00:00:00.000Z,ליטא,4,3,7
2021-09-14T00:00:00.000Z,לטביה,19,17,36
2021-09-14T00:00:00.000Z,לוכסמבורג,1,0,1
2021-09-14T00:00:00.000Z,לבנון,0,1,1
2021-09-14T00:00:00.000Z,כלל המדינות,6737,8270,15007
2021-09-14T00:00:00.000Z,ירדן,35,29,64
2021-09-14T00:00:00.000Z,יוון,858,230,1088
2021-09-14T00:00:00.000Z,טנזניה,12,10,22
2021-09-14T00:00:00.000Z,טוגו,1,0,1
2021-09-14T00:00:00.000Z,תורכמניסטאן,0,1,1
2021-09-14T00:00:00.000Z,תורכיה,28,57,85
2021-09-14T00:00:00.000Z,תוניסיה,0,3,3
2021-09-14T00:00:00.000Z,שוויץ,122,76,198
2021-09-14T00:00:00.000Z,שוודיה,4,4,8
2021-09-14T00:00:00.000Z,רוסיה,198,277,475
2021-09-14T00:00:00.000Z,רומניה,175,29,204
2021-09-14T00:00:00.000Z,רואנדה,1,0,1
2021-09-14T00:00:00.000Z,קרואטיה,9,5,14
2021-09-14T00:00:00.000Z,קפריסין,157,37,194
2021-09-14T00:00:00.000Z,סרי לנקה (צילון),3,4,7
2021-09-14T00:00:00.000Z,קניה,8,3,11
2021-09-14T00:00:00.000Z,קנדה,28,100,128
2021-09-14T00:00:00.000Z,קירג'זסטאן,0,1,1
2021-09-14T00:00:00.000Z,קטר,1,0,1
2021-09-14T00:00:00.000Z,קזחסטאן,1,0,1
2021-09-14T00:00:00.000Z,קוריאה הדרומית,0,3,3
2021-09-14T00:00:00.000Z,קוסטה ריקה,9,11,20
2021-09-14T00:00:00.000Z,קולומביה,4,12,16
2021-09-14T00:00:00.000Z,צרפת,300,322,622
2021-09-14T00:00:00.000Z,צכיה,436,106,542
2021-09-14T00:00:00.000Z,פרו,5,3,8
2021-09-14T00:00:00.000Z,פרגוואי,0,1,1
2021-09-14T00:00:00.000Z,פנמה,4,32,36
2021-09-14T00:00:00.000Z,פורטוגל,14,7,21
2021-09-14T00:00:00.000Z,פיליפינים,2,20,22
2021-09-14T00:00:00.000Z,פינלנד,2,1,3
2021-09-15T00:00:00.000Z,מונקו,0,2,2
2021-09-15T00:00:00.000Z,חוף השנהב,1,0,1
2021-09-15T00:00:00.000Z,אוזבקיסטן,3,0,3
2021-09-15T00:00:00.000Z,אוסטריה,341,100,441
2021-09-15T00:00:00.000Z,אוסטרליה,1,3,4
2021-09-15T00:00:00.000Z,אוקראינה,291,424,715
2021-09-15T00:00:00.000Z,אזרביג'אן,4,1,5
2021-09-15T00:00:00.000Z,איטליה,180,51,231
2021-09-15T00:00:00.000Z,איסלנד,2,4,6
2021-09-15T00:00:00.000Z,אירלנד,1,0,1
2021-09-15T00:00:00.000Z,אל סלבדור,1,0,1
2021-09-15T00:00:00.000Z,אלבניה,4,1,5
2021-09-15T00:00:00.000Z,אסטוניה,1,0,1
2021-09-15T00:00:00.000Z,ארמניה,0,4,4
2021-09-15T00:00:00.000Z,ארצות הברית,514,649,1163
2021-09-15T00:00:00.000Z,בולגריה,10,13,23
2021-09-15T00:00:00.000Z,בוסניה הרצגובינה,4,3,7
2021-09-15T00:00:00.000Z,בלגיה,49,115,164
2021-09-15T00:00:00.000Z,ברזיל,1,0,1
2021-09-15T00:00:00.000Z,גאורגיה,34,25,59
2021-09-15T00:00:00.000Z,גווטאמלה,0,1,1
2021-09-15T00:00:00.000Z,גמייקה,0,1,1
2021-09-15T00:00:00.000Z,גרמניה,125,55,180
2021-09-15T00:00:00.000Z,דנמרק,10,6,16
2021-09-15T00:00:00.000Z,דרום אפריקה,2,3,5
2021-09-15T00:00:00.000Z,הולנד,56,31,87
2021-09-15T00:00:00.000Z,הונגריה,305,72,377
2021-09-15T00:00:00.000Z,הממלכה המאוחדת,95,167,262
2021-09-15T00:00:00.000Z,טיוואן,0,1,1
2021-09-15T00:00:00.000Z,יוון,349,94,443
2021-09-15T00:00:00.000Z,ירדן,28,16,44
2021-09-15T00:00:00.000Z,כלל המדינות,4266,3882,8148
2021-09-15T00:00:00.000Z,לטביה,1,0,1
2021-09-15T00:00:00.000Z,מונטנגרו,1,1,2
2021-09-15T00:00:00.000Z,תורכיה,21,18,39
2021-09-15T00:00:00.000Z,מלדיבים,33,3,36
2021-09-15T00:00:00.000Z,מצרים,163,61,224
2021-09-15T00:00:00.000Z,מרוקו,6,0,6
2021-09-15T00:00:00.000Z,נורבגיה,1,1,2
2021-09-15T00:00:00.000Z,ניגריה,4,1,5
2021-09-15T00:00:00.000Z,סין,1,2,3
2021-09-15T00:00:00.000Z,סלובניה,6,0,6
2021-09-15T00:00:00.000Z,סלובקיה,0,1,1
2021-09-15T00:00:00.000Z,ספרד,11,5,16
2021-09-15T00:00:00.000Z,סרביה,7,1,8
2021-09-15T00:00:00.000Z,סרי לנקה (צילון),1,3,4
2021-09-15T00:00:00.000Z,פולין,94,25,119
2021-09-15T00:00:00.000Z,פורטוגל,24,6,30
2021-09-15T00:00:00.000Z,פיליפינים,0,5,5
2021-09-15T00:00:00.000Z,פינלנד,4,0,4
2021-09-15T00:00:00.000Z,פנמה,7,7,14
2021-09-15T00:00:00.000Z,פרו,1,4,5
2021-09-15T00:00:00.000Z,צכיה,112,34,146
2021-09-15T00:00:00.000Z,צרפת,210,172,382
2021-09-15T00:00:00.000Z,קוסטה ריקה,1,6,7
2021-09-15T00:00:00.000Z,קוריאה הדרומית,3,6,9
2021-09-15T00:00:00.000Z,קזחסטאן,0,4,4
2021-09-15T00:00:00.000Z,קנדה,27,51,78
2021-09-15T00:00:00.000Z,קניה,1,0,1
2021-09-15T00:00:00.000Z,קפריסין,135,53,188
2021-09-15T00:00:00.000Z,קרואטיה,12,0,12
2021-09-15T00:00:00.000Z,רומניה,250,54,304
2021-09-15T00:00:00.000Z,רוסיה,88,65,153
2021-09-15T00:00:00.000Z,שוודיה,7,2,9
2021-09-15T00:00:00.000Z,שוויץ,111,32,143
2021-09-15T00:00:00.000Z,תאילנד,1,4,5
2021-09-15T00:00:00.000Z,איחוד האמירויות הערב,52,18,70
2021-09-16T00:00:00.000Z,כלל המדינות,10,10,20
2021-09-17T00:00:00.000Z,נפאל,0,2,2
2021-09-17T00:00:00.000Z,סין,2,2,4
2021-09-17T00:00:00.000Z,סינגפור,1,2,3
2021-09-17T00:00:00.000Z,סלובניה,9,2,11
2021-09-17T00:00:00.000Z,סלובקיה,118,9,127
2021-09-17T00:00:00.000Z,ספרד,179,51,230
2021-09-17T00:00:00.000Z,סרביה,2,1,3
2021-09-17T00:00:00.000Z,סרי לנקה (צילון),0,6,6
2021-09-17T00:00:00.000Z,ערב הסעודית,2,2,4
2021-09-17T00:00:00.000Z,פולין,282,72,354
2021-09-17T00:00:00.000Z,הרפ הדומיניקנית,3,0,3
2021-09-17T00:00:00.000Z,פורטוגל,59,21,80
2021-09-17T00:00:00.000Z,פיליפינים,0,3,3
2021-09-17T00:00:00.000Z,פינלנד,56,25,81
2021-09-17T00:00:00.000Z,פנמה,3,9,12
2021-09-17T00:00:00.000Z,פרו,1,4,5
2021-09-17T00:00:00.000Z,צכיה,392,56,448
2021-09-17T00:00:00.000Z,צרפת,321,166,487
2021-09-17T00:00:00.000Z,קולומביה,0,6,6
2021-09-17T00:00:00.000Z,קוסטה ריקה,1,9,10
2021-09-17T00:00:00.000Z,קוריאה הדרומית,3,3,6
2021-09-17T00:00:00.000Z,קזחסטאן,2,2,4
2021-09-17T00:00:00.000Z,קטר,1,0,1
2021-09-17T00:00:00.000Z,קירג'זסטאן,5,6,11
2021-09-17T00:00:00.000Z,קנדה,44,47,91
2021-09-17T00:00:00.000Z,קניה,0,2,2
2021-09-17T00:00:00.000Z,קפריסין,233,51,284
2021-09-17T00:00:00.000Z,קרואטיה,7,8,15
2021-09-17T00:00:00.000Z,רומניה,309,92,401
2021-09-17T00:00:00.000Z,רוסיה,182,163,345
2021-09-17T00:00:00.000Z,שוודיה,12,15,27
2021-09-17T00:00:00.000Z,שוויץ,213,75,288
2021-09-17T00:00:00.000Z,תאילנד,60,45,105
2021-09-17T00:00:00.000Z,תורכיה,28,94,122
2021-09-17T00:00:00.000Z,הממלכה המאוחדת,207,129,336
2021-09-17T00:00:00.000Z,זאיר,1,0,1
2021-09-17T00:00:00.000Z,טנזניה,4,0,4
2021-09-17T00:00:00.000Z,יוון,1293,298,1591
2021-09-17T00:00:00.000Z,ירדן,9,3,12
2021-09-17T00:00:00.000Z,כלל המדינות,9448,6030,15478
2021-09-17T00:00:00.000Z,לטביה,1,0,1
2021-09-17T00:00:00.000Z,ליטא,3,3,6
2021-09-17T00:00:00.000Z,מולדובה,100,105,205
2021-09-17T00:00:00.000Z,מונגוליה,1,0,1
2021-09-17T00:00:00.000Z,אבחזיסטאן,1,0,1
2021-09-17T00:00:00.000Z,אוזבקיסטן,1,2,3
2021-09-17T00:00:00.000Z,אוסטריה,650,179,829
2021-09-17T00:00:00.000Z,אוסטרליה,3,1,4
2021-09-17T00:00:00.000Z,אוקראינה,381,285,666
2021-09-17T00:00:00.000Z,אורגוואי,2,0,2
2021-09-17T00:00:00.000Z,אזרביג'אן,3,1,4
2021-09-17T00:00:00.000Z,איטליה,452,114,566
2021-09-17T00:00:00.000Z,איי סיישל,69,15,84
2021-09-17T00:00:00.000Z,מונטנגרו,117,36,153
2021-09-17T00:00:00.000Z,מונקו,1,0,1
2021-09-17T00:00:00.000Z,מלטה,1,0,1
2021-09-17T00:00:00.000Z,מצרים,940,270,1210
2021-09-17T00:00:00.000Z,איי פיגי,2,0,2
2021-09-17T00:00:00.000Z,איסלנד,27,3,30
2021-09-17T00:00:00.000Z,אירלנד,9,7,16
2021-09-17T00:00:00.000Z,אל סלבדור,1,0,1
2021-09-17T00:00:00.000Z,אלבניה,5,0,5
2021-09-17T00:00:00.000Z,אנגולה,1,0,1
2021-09-17T00:00:00.000Z,אסטוניה,1,0,1
2021-09-17T00:00:00.000Z,אקואדור,1,3,4
2021-09-17T00:00:00.000Z,ארגנטינה,1,2,3
2021-09-17T00:00:00.000Z,ארמניה,6,1,7
2021-09-17T00:00:00.000Z,ארצות הברית,477,290,767
2021-09-17T00:00:00.000Z,אתיופיה,1,0,1
2021-09-17T00:00:00.000Z,בולגריה,10,30,40
2021-09-17T00:00:00.000Z,בוסניה הרצגובינה,22,16,38
2021-09-17T00:00:00.000Z,בורקינה פאסו,1,0,1
2021-09-17T00:00:00.000Z,בחריין,0,1,1
2021-09-17T00:00:00.000Z,בילורוסיה,60,48,108
2021-09-17T00:00:00.000Z,בלגיה,68,51,119
2021-09-17T00:00:00.000Z,ברזיל,2,2,4
2021-09-17T00:00:00.000Z,גאורגיה,142,45,187
2021-09-17T00:00:00.000Z,גרמניה,355,133,488
2021-09-17T00:00:00.000Z,דנמרק,88,33,121
2021-09-17T00:00:00.000Z,דרום אפריקה,1,1,2
2021-09-17T00:00:00.000Z,הודו,1,4,5
2021-09-17T00:00:00.000Z,הולנד,48,34,82
2021-09-17T00:00:00.000Z,הונג קונג,1,0,1
2021-09-17T00:00:00.000Z,הונגריה,488,108,596
2021-09-17T00:00:00.000Z,מקסיקו,0,2,2
2021-09-17T00:00:00.000Z,מרוקו,4,1,5
2021-09-17T00:00:00.000Z,נורבגיה,1,6,7
2021-09-17T00:00:00.000Z,איחוד האמירויות הערב,98,31,129
2021-09-17T00:00:00.000Z,מלדיבים,31,13,44
2021-09-18T00:00:00.000Z,ונצואלה,0,1,1
2021-09-18T00:00:00.000Z,הרפ הדומיניקנית,2,6,8
2021-09-18T00:00:00.000Z,הממלכה המאוחדת,302,97,399
2021-09-18T00:00:00.000Z,הונגריה,420,42,462
2021-09-18T00:00:00.000Z,הולנד,114,57,171
2021-09-18T00:00:00.000Z,דרום סודאן,1,0,1
2021-09-18T00:00:00.000Z,דרום אפריקה,5,10,15
2021-09-18T00:00:00.000Z,דנמרק,13,0,13
2021-09-18T00:00:00.000Z,גרמניה,311,75,386
2021-09-18T00:00:00.000Z,גינאה,1,0,1
2021-09-18T00:00:00.000Z,גויאנה,1,0,1
2021-09-18T00:00:00.000Z,גווטאמלה,1,2,3
2021-09-18T00:00:00.000Z,גאנה,2,2,4
2021-09-18T00:00:00.000Z,גאורגיה,134,38,172
2021-09-18T00:00:00.000Z,ברזיל,1,2,3
2021-09-18T00:00:00.000Z,בלגיה,9,2,11
2021-09-18T00:00:00.000Z,קפריסין,282,62,344
2021-09-18T00:00:00.000Z,קרואטיה,21,1,22
2021-09-18T00:00:00.000Z,רואנדה,4,1,5
2021-09-18T00:00:00.000Z,רומניה,481,67,548
2021-09-18T00:00:00.000Z,רוסיה,35,21,56
2021-09-18T00:00:00.000Z,שוודיה,2,8,10
2021-09-18T00:00:00.000Z,שוויץ,78,14,92
2021-09-18T00:00:00.000Z,תורכיה,9,23,32
2021-09-18T00:00:00.000Z,קנדה,56,53,109
2021-09-18T00:00:00.000Z,קניה,8,1,9
2021-09-18T00:00:00.000Z,קוריאה הדרומית,1,0,1
2021-09-18T00:00:00.000Z,קוסטה ריקה,9,22,31
2021-09-18T00:00:00.000Z,קולומביה,0,1,1
2021-09-18T00:00:00.000Z,צרפת,491,124,615
2021-09-18T00:00:00.000Z,צכיה,519,51,570
2021-09-18T00:00:00.000Z,פרו,5,6,11
2021-09-18T00:00:00.000Z,פנמה,2,1,3
2021-09-18T00:00:00.000Z,פינלנד,8,1,9
2021-09-18T00:00:00.000Z,פיליפינים,0,16,16
2021-09-18T00:00:00.000Z,פורטוגל,26,6,32
2021-09-18T00:00:00.000Z,פולין,194,31,225
2021-09-18T00:00:00.000Z,ערב הסעודית,1,2,3
2021-09-18T00:00:00.000Z,סרי לנקה (צילון),4,4,8
2021-09-18T00:00:00.000Z,סרביה,15,13,28
2021-09-18T00:00:00.000Z,ספרד,63,10,73
2021-09-18T00:00:00.000Z,סנגל,4,0,4
2021-09-18T00:00:00.000Z,סלובניה,19,1,20
2021-09-18T00:00:00.000Z,סינגפור,2,0,2
2021-09-18T00:00:00.000Z,סין,2,0,2
2021-09-18T00:00:00.000Z,סיירה ליאונה,1,0,1
2021-09-18T00:00:00.000Z,נמיביה,2,1,3
2021-09-18T00:00:00.000Z,ניגריה,4,7,11
2021-09-18T00:00:00.000Z,נורבגיה,2,1,3
2021-09-18T00:00:00.000Z,מרוקו,1,2,3
2021-09-18T00:00:00.000Z,מקסיקו,2,0,2
2021-09-18T00:00:00.000Z,מצרים,1558,446,2004
2021-09-18T00:00:00.000Z,מלדיבים,47,18,65
2021-09-18T00:00:00.000Z,מלאווי,0,2,2
2021-09-18T00:00:00.000Z,מונקו,0,1,1
2021-09-18T00:00:00.000Z,מונטנגרו,0,1,1
2021-09-18T00:00:00.000Z,מאלי,2,1,3
2021-09-18T00:00:00.000Z,מאוריציוס,0,1,1
2021-09-18T00:00:00.000Z,ליטא,7,3,10
2021-09-18T00:00:00.000Z,לטביה,45,16,61
2021-09-18T00:00:00.000Z,לבנון,0,1,1
2021-09-18T00:00:00.000Z,כלל המדינות,8974,4082,13056
2021-09-18T00:00:00.000Z,ירדן,8,3,11
2021-09-18T00:00:00.000Z,יוון,1056,154,1210
2021-09-18T00:00:00.000Z,בילורוסיה,2,0,2
2021-09-18T00:00:00.000Z,בוסניה הרצגובינה,0,2,2
2021-09-18T00:00:00.000Z,בולגריה,1,1,2
2021-09-18T00:00:00.000Z,טנזניה,22,0,22
2021-09-18T00:00:00.000Z,טוגו,0,3,3
2021-09-18T00:00:00.000Z,זמביה,2,2,4
2021-09-18T00:00:00.000Z,זימבאבווה,1,1,2
2021-09-18T00:00:00.000Z,איחוד האמירויות הערב,117,57,174
2021-09-18T00:00:00.000Z,בהמס,1,0,1
2021-09-18T00:00:00.000Z,אתיופיה,26,24,50
2021-09-18T00:00:00.000Z,ארצות הברית,614,453,1067
2021-09-18T00:00:00.000Z,ארגנטינה,1,2,3
2021-09-18T00:00:00.000Z,אסטוניה,5,9,14
2021-09-18T00:00:00.000Z,אנגולה,4,0,4
2021-09-18T00:00:00.000Z,זאיר,1,0,1
2021-09-18T00:00:00.000Z,אירלנד,8,1,9
2021-09-18T00:00:00.000Z,איסלנד,84,10,94
2021-09-18T00:00:00.000Z,איי סיישל,9,8,17
2021-09-18T00:00:00.000Z,איטליה,441,68,509
2021-09-18T00:00:00.000Z,אזרביג'אן,7,2,9
2021-09-18T00:00:00.000Z,אורגוואי,1,0,1
2021-09-18T00:00:00.000Z,אוקראינה,252,112,364
2021-09-18T00:00:00.000Z,אוסטרליה,0,2,2
2021-09-18T00:00:00.000Z,אוסטריה,470,87,557
2021-09-18T00:00:00.000Z,אוזבקיסטן,3,3,6
2021-09-18T00:00:00.000Z,אוגנדה,2,4,6
2021-09-19T00:00:00.000Z,קזחסטאן,2,5,7
2021-09-19T00:00:00.000Z,גויאנה הצרפתית,1,1,2
2021-09-19T00:00:00.000Z,דנמרק,97,36,133
2021-09-19T00:00:00.000Z,דרום אפריקה,3,1,4
2021-09-19T00:00:00.000Z,הודו,8,7,15
2021-09-19T00:00:00.000Z,הולנד,135,100,235
2021-09-19T00:00:00.000Z,הונגריה,692,152,844
2021-09-19T00:00:00.000Z,הממלכה המאוחדת,265,435,700
2021-09-19T00:00:00.000Z,הרפ הדומיניקנית,11,5,16
2021-09-19T00:00:00.000Z,ונצואלה,0,1,1
2021-09-19T00:00:00.000Z,יוון,2014,398,2412
2021-09-19T00:00:00.000Z,יפן,0,4,4
2021-09-19T00:00:00.000Z,ירדן,517,181,698
2021-09-19T00:00:00.000Z,כלל המדינות,12564,8901,21465
2021-09-19T00:00:00.000Z,לוכסמבורג,1,0,1
2021-09-19T00:00:00.000Z,לטביה,3,0,3
2021-09-19T00:00:00.000Z,ליטא,98,33,131
2021-09-19T00:00:00.000Z,מולדובה,113,93,206
2021-09-19T00:00:00.000Z,מונטנגרו,148,17,165
2021-09-19T00:00:00.000Z,מונקו,1,0,1
2021-09-19T00:00:00.000Z,מלדיבים,31,10,41
2021-09-19T00:00:00.000Z,מלטה,2,1,3
2021-09-19T00:00:00.000Z,מצרים,772,268,1040
2021-09-19T00:00:00.000Z,מקדוניה,0,1,1
2021-09-19T00:00:00.000Z,מרוקו,10,7,17
2021-09-19T00:00:00.000Z,נורבגיה,1,0,1
2021-09-19T00:00:00.000Z,ניגריה,3,0,3
2021-09-19T00:00:00.000Z,ניקרגואה,0,1,1
2021-09-19T00:00:00.000Z,נפאל,1,0,1
2021-09-19T00:00:00.000Z,סלובניה,1,0,1
2021-09-19T00:00:00.000Z,סלובקיה,1,3,4
2021-09-19T00:00:00.000Z,סנגל,1,0,1
2021-09-19T00:00:00.000Z,ספרד,238,58,296
2021-09-19T00:00:00.000Z,סרביה,5,12,17
2021-09-19T00:00:00.000Z,סרי לנקה (צילון),1,1,2
2021-09-19T00:00:00.000Z,פולין,193,73,266
2021-09-19T00:00:00.000Z,פורטוגל,50,14,64
2021-09-19T00:00:00.000Z,פיליפינים,0,11,11
2021-09-19T00:00:00.000Z,פינלנד,3,8,11
2021-09-19T00:00:00.000Z,פנמה,0,7,7
2021-09-19T00:00:00.000Z,פרו,1,0,1
2021-09-19T00:00:00.000Z,צ'ילה,1,0,1
2021-09-19T00:00:00.000Z,צכיה,506,73,579
2021-09-19T00:00:00.000Z,צרפת,457,476,933
2021-09-19T00:00:00.000Z,קולומביה,6,7,13
2021-09-19T00:00:00.000Z,קוסובו,1,0,1
2021-09-19T00:00:00.000Z,קוסטה ריקה,4,4,8
2021-09-19T00:00:00.000Z,קוריאה הדרומית,5,2,7
2021-09-19T00:00:00.000Z,גרמניה,456,184,640
2021-09-19T00:00:00.000Z,קירג'זסטאן,3,1,4
2021-09-19T00:00:00.000Z,קלדוניה החדשה,1,0,1
2021-09-19T00:00:00.000Z,קנדה,42,113,155
2021-09-19T00:00:00.000Z,קפריסין,323,80,403
2021-09-19T00:00:00.000Z,קרואטיה,14,2,16
2021-09-19T00:00:00.000Z,רומניה,211,55,266
2021-09-19T00:00:00.000Z,רוסיה,134,225,359
2021-09-19T00:00:00.000Z,שוודיה,12,3,15
2021-09-19T00:00:00.000Z,שוויץ,296,185,481
2021-09-19T00:00:00.000Z,תאילנד,3,0,3
2021-09-19T00:00:00.000Z,תוניסיה,0,5,5
2021-09-19T00:00:00.000Z,תורכיה,37,38,75
2021-09-19T00:00:00.000Z,איחוד האמירויות הערב,145,59,204
2021-09-19T00:00:00.000Z,אוגנדה,0,1,1
2021-09-19T00:00:00.000Z,אוזבקיסטן,5,2,7
2021-09-19T00:00:00.000Z,אוסטריה,661,182,843
2021-09-19T00:00:00.000Z,אוסטרליה,5,6,11
2021-09-19T00:00:00.000Z,אוקראינה,441,435,876
2021-09-19T00:00:00.000Z,אורגוואי,1,11,12
2021-09-19T00:00:00.000Z,אזרביג'אן,103,31,134
2021-09-19T00:00:00.000Z,איטליה,688,169,857
2021-09-19T00:00:00.000Z,איי סיישל,123,13,136
2021-09-19T00:00:00.000Z,איי פיגי,1,0,1
2021-09-19T00:00:00.000Z,אינדונזיה,0,3,3
2021-09-19T00:00:00.000Z,איסלנד,47,9,56
2021-09-19T00:00:00.000Z,אירלנד,19,10,29
2021-09-19T00:00:00.000Z,אירן,0,1,1
2021-09-19T00:00:00.000Z,אלבניה,2,2,4
2021-09-19T00:00:00.000Z,אנגולה,0,1,1
2021-09-19T00:00:00.000Z,אנטיגואה וברבודה,1,0,1
2021-09-19T00:00:00.000Z,אקואדור,2,0,2
2021-09-19T00:00:00.000Z,ארגנטינה,8,8,16
2021-09-19T00:00:00.000Z,ארמניה,2,0,2
2021-09-19T00:00:00.000Z,ארצות הברית,491,830,1321
2021-09-19T00:00:00.000Z,בוטסואנה,1,3,4
2021-09-19T00:00:00.000Z,בולגריה,5,27,32
2021-09-19T00:00:00.000Z,בוליביה,3,1,4
2021-09-19T00:00:00.000Z,בוסניה הרצגובינה,19,11,30
2021-09-19T00:00:00.000Z,בחריין,0,1,1
2021-09-19T00:00:00.000Z,בילורוסיה,93,72,165
2021-09-19T00:00:00.000Z,בלגיה,27,118,145
2021-09-19T00:00:00.000Z,בנגלדש,1,0,1
2021-09-19T00:00:00.000Z,ברזיל,9,12,21
2021-09-19T00:00:00.000Z,גאורגיה,592,125,717
2021-09-19T00:00:00.000Z,גווטאמלה,0,1,1
2021-09-19T00:00:00.000Z,גויאנה,4,0,4
2021-09-20T00:00:00.000Z,מולדובה,3,3,6
2021-09-20T00:00:00.000Z,מלאווי,1,0,1
2021-09-20T00:00:00.000Z,מלדיבים,50,11,61
2021-09-20T00:00:00.000Z,איחוד האמירויות הערב,115,45,160
2021-09-20T00:00:00.000Z,טנזניה,6,4,10
2021-09-20T00:00:00.000Z,אקואדור,3,4,7
2021-09-20T00:00:00.000Z,אסטוניה,6,1,7
2021-09-20T00:00:00.000Z,אנטיגואה וברבודה,0,1,1
2021-09-20T00:00:00.000Z,מצרים,556,230,786
2021-09-20T00:00:00.000Z,מקסיקו,0,1,1
2021-09-20T00:00:00.000Z,מרוקו,59,52,111
2021-09-20T00:00:00.000Z,נורבגיה,2,1,3
2021-09-20T00:00:00.000Z,ניגריה,3,2,5
2021-09-20T00:00:00.000Z,סינגפור,1,0,1
2021-09-20T00:00:00.000Z,סלובקיה,66,9,75
2021-09-20T00:00:00.000Z,ספרד,306,51,357
2021-09-20T00:00:00.000Z,סרביה,1,2,3
2021-09-20T00:00:00.000Z,סרי לנקה (צילון),0,1,1
2021-09-20T00:00:00.000Z,פאפואה,2,2,4
2021-09-20T00:00:00.000Z,פולין,339,100,439
2021-09-20T00:00:00.000Z,פורטוגל,51,46,97
2021-09-20T00:00:00.000Z,פיליפינים,0,2,2
2021-09-20T00:00:00.000Z,פינלנד,9,3,12
2021-09-20T00:00:00.000Z,פנמה,3,16,19
2021-09-20T00:00:00.000Z,פרו,2,10,12
2021-09-20T00:00:00.000Z,צ'ילה,0,1,1
2021-09-20T00:00:00.000Z,צכיה,487,67,554
2021-09-20T00:00:00.000Z,צרפת,551,271,822
2021-09-20T00:00:00.000Z,קולומביה,4,4,8
2021-09-20T00:00:00.000Z,קוסובו,12,0,12
2021-09-20T00:00:00.000Z,קוסטה ריקה,17,28,45
2021-09-20T00:00:00.000Z,קוריאה הדרומית,1,10,11
2021-09-20T00:00:00.000Z,קזחסטאן,6,0,6
2021-09-20T00:00:00.000Z,קירג'זסטאן,1,1,2
2021-09-20T00:00:00.000Z,קמרון,1,0,1
2021-09-20T00:00:00.000Z,קנדה,70,126,196
2021-09-20T00:00:00.000Z,קניה,5,1,6
2021-09-20T00:00:00.000Z,קפריסין,214,73,287
2021-09-20T00:00:00.000Z,קרואטיה,14,5,19
2021-09-20T00:00:00.000Z,רואנדה,0,4,4
2021-09-20T00:00:00.000Z,רומניה,323,84,407
2021-09-20T00:00:00.000Z,רוסיה,272,212,484
2021-09-20T00:00:00.000Z,שוודיה,7,5,12
2021-09-20T00:00:00.000Z,שוויץ,202,82,284
2021-09-20T00:00:00.000Z,תאילנד,92,61,153
2021-09-20T00:00:00.000Z,תורכיה,25,49,74
2021-09-20T00:00:00.000Z,יוון,1521,340,1861
2021-09-20T00:00:00.000Z,יפן,0,1,1
2021-09-20T00:00:00.000Z,ירדן,63,34,97
2021-09-20T00:00:00.000Z,כלל המדינות,11569,7909,19478
2021-09-20T00:00:00.000Z,לוכסמבורג,2,0,2
2021-09-20T00:00:00.000Z,לטביה,6,2,8
2021-09-20T00:00:00.000Z,ליבריה,1,2,3
2021-09-20T00:00:00.000Z,ליטא,13,2,15
2021-09-20T00:00:00.000Z,גאנה,0,2,2
2021-09-20T00:00:00.000Z,גרמניה,467,121,588
2021-09-20T00:00:00.000Z,דנמרק,8,3,11
2021-09-20T00:00:00.000Z,דרום אפריקה,17,32,49
2021-09-20T00:00:00.000Z,האנטילים ההולנדים,0,1,1
2021-09-20T00:00:00.000Z,הודו,18,69,87
2021-09-20T00:00:00.000Z,הולנד,29,31,60
2021-09-20T00:00:00.000Z,הונגריה,389,82,471
2021-09-20T00:00:00.000Z,הממלכה המאוחדת,384,472,856
2021-09-20T00:00:00.000Z,הרפ הדומיניקנית,0,3,3
2021-09-20T00:00:00.000Z,זאיר,2,0,2
2021-09-20T00:00:00.000Z,זמביה,1,0,1
2021-09-20T00:00:00.000Z,טוגו,0,2,2
2021-09-20T00:00:00.000Z,טיוואן,0,1,1
2021-09-20T00:00:00.000Z,גאורגיה,168,41,209
2021-09-20T00:00:00.000Z,ברזיל,5,66,71
2021-09-20T00:00:00.000Z,בלגיה,64,79,143
2021-09-20T00:00:00.000Z,בילורוסיה,1,0,1
2021-09-20T00:00:00.000Z,בוסניה הרצגובינה,20,2,22
2021-09-20T00:00:00.000Z,בולגריה,12,15,27
2021-09-20T00:00:00.000Z,אתיופיה,16,27,43
2021-09-20T00:00:00.000Z,ארצות הברית,972,1231,2203
2021-09-20T00:00:00.000Z,ארמניה,4,6,10
2021-09-20T00:00:00.000Z,מאוריציוס,1,0,1
2021-09-20T00:00:00.000Z,גיברלטר,0,3,3
2021-09-20T00:00:00.000Z,מונטנגרו,138,31,169
2021-09-20T00:00:00.000Z,אוגנדה,2,1,3
2021-09-20T00:00:00.000Z,אוזבקיסטן,24,62,86
2021-09-20T00:00:00.000Z,אוסטריה,980,253,1233
2021-09-20T00:00:00.000Z,אוסטרליה,2,1,3
2021-09-20T00:00:00.000Z,אוקראינה,447,342,789
2021-09-20T00:00:00.000Z,אורגוואי,0,2,2
2021-09-20T00:00:00.000Z,אזרביג'אן,3,1,4
2021-09-20T00:00:00.000Z,איטליה,751,177,928
2021-09-20T00:00:00.000Z,איי סיישל,24,6,30
2021-09-20T00:00:00.000Z,איסלנד,45,10,55
2021-09-20T00:00:00.000Z,אירלנד,10,8,18
2021-09-20T00:00:00.000Z,אלבניה,3,3,6
2021-09-20T00:00:00.000Z,אנגולה,0,1,1
2021-09-20T00:00:00.000Z,גווטאמלה,2,6,8
2021-09-21T00:00:00.000Z,שוויץ,177,42,219
2021-09-21T00:00:00.000Z,תורכיה,28,39,67
2021-09-21T00:00:00.000Z,איחוד האמירויות הערב,88,18,106
2021-09-21T00:00:00.000Z,הממלכה המאוחדת,194,48,242
2021-09-21T00:00:00.000Z,קוסטה ריקה,9,12,21
2021-09-21T00:00:00.000Z,קוריאה הדרומית,1,2,3
2021-09-21T00:00:00.000Z,קזחסטאן,3,1,4
2021-09-21T00:00:00.000Z,קמרון,0,1,1
2021-09-21T00:00:00.000Z,קנדה,69,51,120
2021-09-21T00:00:00.000Z,קניה,1,0,1
2021-09-21T00:00:00.000Z,קפריסין,134,37,171
2021-09-21T00:00:00.000Z,קרואטיה,15,5,20
2021-09-21T00:00:00.000Z,רואנדה,3,0,3
2021-09-21T00:00:00.000Z,רומניה,249,22,271
2021-09-21T00:00:00.000Z,רוסיה,227,166,393
2021-09-21T00:00:00.000Z,אלבניה,2,0,2
2021-09-21T00:00:00.000Z,אנגולה,1,0,1
2021-09-21T00:00:00.000Z,אסטוניה,8,2,10
2021-09-21T00:00:00.000Z,ארגנטינה,8,31,39
2021-09-21T00:00:00.000Z,ארמניה,7,3,10
2021-09-21T00:00:00.000Z,ארצות הברית,612,349,961
2021-09-21T00:00:00.000Z,אתיופיה,9,14,23
2021-09-21T00:00:00.000Z,בולגריה,1,0,1
2021-09-21T00:00:00.000Z,בוסניה הרצגובינה,34,2,36
2021-09-21T00:00:00.000Z,בלגיה,13,3,16
2021-09-21T00:00:00.000Z,בנין (דהומי),1,0,1
2021-09-21T00:00:00.000Z,ברזיל,4,3,7
2021-09-21T00:00:00.000Z,גאורגיה,260,39,299
2021-09-21T00:00:00.000Z,גווטאמלה,3,2,5
2021-09-21T00:00:00.000Z,גויאנה הצרפתית,2,2,4
2021-09-21T00:00:00.000Z,גיברלטר,1,0,1
2021-09-21T00:00:00.000Z,גרמניה,241,51,292
2021-09-21T00:00:00.000Z,דנמרק,21,2,23
2021-09-21T00:00:00.000Z,דרום אפריקה,6,2,8
2021-09-21T00:00:00.000Z,הודו,0,1,1
2021-09-21T00:00:00.000Z,הולנד,45,24,69
2021-09-21T00:00:00.000Z,הונג קונג,3,26,29
2021-09-21T00:00:00.000Z,הונגריה,482,111,593
2021-09-21T00:00:00.000Z,הונדורס,1,0,1
2021-09-21T00:00:00.000Z,שוודיה,5,6,11
2021-09-21T00:00:00.000Z,הרפ הדומיניקנית,9,3,12
2021-09-21T00:00:00.000Z,זימבאבווה,0,1,1
2021-09-21T00:00:00.000Z,חוף השנהב,1,0,1
2021-09-21T00:00:00.000Z,טנזניה,6,2,8
2021-09-21T00:00:00.000Z,יוון,1031,258,1289
2021-09-21T00:00:00.000Z,יפן,0,4,4
2021-09-21T00:00:00.000Z,ירדן,61,29,90
2021-09-21T00:00:00.000Z,כלל המדינות,7912,4283,12195
2021-09-21T00:00:00.000Z,לטביה,70,17,87
2021-09-21T00:00:00.000Z,ליטא,4,0,4
2021-09-21T00:00:00.000Z,מאלי,0,4,4
2021-09-21T00:00:00.000Z,מולדובה,73,53,126
2021-09-21T00:00:00.000Z,מונגוליה,0,1,1
2021-09-21T00:00:00.000Z,מונטנגרו,3,0,3
2021-09-21T00:00:00.000Z,מלאווי,0,1,1
2021-09-21T00:00:00.000Z,מלדיבים,44,7,51
2021-09-21T00:00:00.000Z,מצרים,900,232,1132
2021-09-21T00:00:00.000Z,מקדוניה,2,0,2
2021-09-21T00:00:00.000Z,מקסיקו,3,3,6
2021-09-21T00:00:00.000Z,מרוקו,5,2,7
2021-09-21T00:00:00.000Z,ניגריה,2,2,4
2021-09-21T00:00:00.000Z,סין,18,52,70
2021-09-21T00:00:00.000Z,סלובניה,4,0,4
2021-09-21T00:00:00.000Z,סלובקיה,0,2,2
2021-09-21T00:00:00.000Z,סנגל,1,0,1
2021-09-21T00:00:00.000Z,ספרד,118,26,144
2021-09-21T00:00:00.000Z,סרביה,8,5,13
2021-09-21T00:00:00.000Z,סרי לנקה (צילון),3,4,7
2021-09-21T00:00:00.000Z,פאפואה,1,0,1
2021-09-21T00:00:00.000Z,פולין,181,35,216
2021-09-21T00:00:00.000Z,פורטוגל,27,12,39
2021-09-21T00:00:00.000Z,פיליפינים,1,1,2
2021-09-21T00:00:00.000Z,פינלנד,0,1,1
2021-09-21T00:00:00.000Z,פנמה,1,6,7
2021-09-21T00:00:00.000Z,פרו,9,8,17
2021-09-21T00:00:00.000Z,צכיה,429,44,473
2021-09-21T00:00:00.000Z,צרפת,369,96,465
2021-09-21T00:00:00.000Z,קולומביה,2,9,11
2021-09-21T00:00:00.000Z,אל סלבדור,0,1,1
2021-09-21T00:00:00.000Z,אירלנד,11,1,12
2021-09-21T00:00:00.000Z,איסלנד,66,1,67
2021-09-21T00:00:00.000Z,איי סיישל,114,40,154
2021-09-21T00:00:00.000Z,איטליה,389,85,474
2021-09-21T00:00:00.000Z,אזרביג'אן,9,4,13
2021-09-21T00:00:00.000Z,אורגוואי,8,4,12
2021-09-21T00:00:00.000Z,אוקראינה,227,78,305
2021-09-21T00:00:00.000Z,אוסטרליה,3,2,5
2021-09-21T00:00:00.000Z,אוסטריה,358,104,462
2021-09-21T00:00:00.000Z,אוזבקיסטן,4,0,4
2021-09-21T00:00:00.000Z,אוגנדה,3,2,5
2021-09-22T00:00:00.000Z,אירלנד,9,0,9
2021-09-22T00:00:00.000Z,אלבניה,7,4,11
2021-09-22T00:00:00.000Z,אסטוניה,5,2,7
2021-09-22T00:00:00.000Z,אקואדור,2,4,6
2021-09-22T00:00:00.000Z,ארמניה,1,2,3
2021-09-22T00:00:00.000Z,ארצות הברית,1059,479,1538
2021-09-22T00:00:00.000Z,אתיופיה,8,34,42
2021-09-22T00:00:00.000Z,בוטסואנה,0,35,35
2021-09-22T00:00:00.000Z,בולגריה,17,22,39
2021-09-22T00:00:00.000Z,בוסניה הרצגובינה,13,4,17
2021-09-22T00:00:00.000Z,בורונדי,0,1,1
2021-09-22T00:00:00.000Z,בילורוסיה,95,73,168
2021-09-22T00:00:00.000Z,בלגיה,6,0,6
2021-09-22T00:00:00.000Z,ברזיל,0,2,2
2021-09-22T00:00:00.000Z,גאורגיה,307,90,397
2021-09-22T00:00:00.000Z,גאנה,1,1,2
2021-09-22T00:00:00.000Z,גווטאמלה,3,1,4
2021-09-22T00:00:00.000Z,גמביה,1,0,1
2021-09-22T00:00:00.000Z,גמייקה,2,0,2
2021-09-22T00:00:00.000Z,גרמניה,454,102,556
2021-09-22T00:00:00.000Z,דומיניקה,2,0,2
2021-09-22T00:00:00.000Z,דנמרק,16,5,21
2021-09-22T00:00:00.000Z,דרום אפריקה,19,11,30
2021-09-22T00:00:00.000Z,האנטילים ההולנדים,1,0,1
2021-09-22T00:00:00.000Z,הודו,3,2,5
2021-09-22T00:00:00.000Z,הולנד,65,36,101
2021-09-22T00:00:00.000Z,הונג קונג,0,1,1
2021-09-22T00:00:00.000Z,הונגריה,533,128,661
2021-09-22T00:00:00.000Z,הממלכה המאוחדת,509,112,621
2021-09-22T00:00:00.000Z,הרפ הדומיניקנית,8,3,11
2021-09-22T00:00:00.000Z,ויטנאם,0,3,3
2021-09-22T00:00:00.000Z,ונצואלה,0,1,1
2021-09-22T00:00:00.000Z,זימבאבווה,2,0,2
2021-09-22T00:00:00.000Z,טנזניה,13,4,17
2021-09-22T00:00:00.000Z,יוון,1509,336,1845
2021-09-22T00:00:00.000Z,יפן,1,0,1
2021-09-22T00:00:00.000Z,ירדן,156,42,198
2021-09-22T00:00:00.000Z,כלל המדינות,11591,5888,17479
2021-09-22T00:00:00.000Z,לוכסמבורג,1,0,1
2021-09-22T00:00:00.000Z,לטביה,0,1,1
2021-09-22T00:00:00.000Z,ליבריה,1,1,2
2021-09-22T00:00:00.000Z,מאוריציוס,0,4,4
2021-09-22T00:00:00.000Z,מוזמביק,1,1,2
2021-09-22T00:00:00.000Z,מונטנגרו,138,26,164
2021-09-22T00:00:00.000Z,מלדיבים,52,22,74
2021-09-22T00:00:00.000Z,מצרים,780,285,1065
2021-09-22T00:00:00.000Z,מקדוניה,1,0,1
2021-09-22T00:00:00.000Z,מקסיקו,0,5,5
2021-09-22T00:00:00.000Z,מרוקו,13,5,18
2021-09-22T00:00:00.000Z,נורבגיה,2,1,3
2021-09-22T00:00:00.000Z,ניגריה,0,1,1
2021-09-22T00:00:00.000Z,ניקרגואה,1,1,2
2021-09-22T00:00:00.000Z,סין,1,0,1
2021-09-22T00:00:00.000Z,סלובניה,8,5,13
2021-09-22T00:00:00.000Z,סלובקיה,100,12,112
2021-09-22T00:00:00.000Z,סנגל,0,2,2
2021-09-22T00:00:00.000Z,ספרד,248,26,274
2021-09-22T00:00:00.000Z,סרביה,69,23,92
2021-09-22T00:00:00.000Z,סרי לנקה (צילון),12,3,15
2021-09-22T00:00:00.000Z,פולין,171,51,222
2021-09-22T00:00:00.000Z,פורטוגל,65,34,99
2021-09-22T00:00:00.000Z,פיליפינים,1,4,5
2021-09-22T00:00:00.000Z,פינלנד,54,13,67
2021-09-22T00:00:00.000Z,פנמה,5,4,9
2021-09-22T00:00:00.000Z,פרו,4,5,9
2021-09-22T00:00:00.000Z,צכיה,591,61,652
2021-09-22T00:00:00.000Z,צרפת,618,179,797
2021-09-22T00:00:00.000Z,קוסטה ריקה,18,15,33
2021-09-22T00:00:00.000Z,קוריאה הדרומית,0,1,1
2021-09-22T00:00:00.000Z,קזחסטאן,0,2,2
2021-09-22T00:00:00.000Z,קנדה,75,58,133
2021-09-22T00:00:00.000Z,קניה,3,4,7
2021-09-22T00:00:00.000Z,קפריסין,392,111,503
2021-09-22T00:00:00.000Z,קרואטיה,24,15,39
2021-09-22T00:00:00.000Z,רומניה,492,131,623
2021-09-22T00:00:00.000Z,רוסיה,146,172,318
2021-09-22T00:00:00.000Z,שוודיה,9,2,11
2021-09-22T00:00:00.000Z,שוויץ,264,48,312
2021-09-22T00:00:00.000Z,תאילנד,5,8,13
2021-09-22T00:00:00.000Z,תורכיה,18,30,48
2021-09-22T00:00:00.000Z,איסלנד,15,1,16
2021-09-22T00:00:00.000Z,איי סיישל,99,23,122
2021-09-22T00:00:00.000Z,איטליה,526,76,602
2021-09-22T00:00:00.000Z,אזרביג'אן,5,5,10
2021-09-22T00:00:00.000Z,אורגוואי,3,0,3
2021-09-22T00:00:00.000Z,אוקראינה,455,276,731
2021-09-22T00:00:00.000Z,אוסטרליה,1,1,2
2021-09-22T00:00:00.000Z,אוסטריה,430,113,543
2021-09-22T00:00:00.000Z,אוזבקיסטן,2,2,4
2021-09-22T00:00:00.000Z,אוגנדה,3,2,5
2021-09-22T00:00:00.000Z,איחוד האמירויות הערב,169,61,230
2021-09-22T00:00:00.000Z,אנגולה,7,1,8
2021-09-23T00:00:00.000Z,אזרביג'אן,109,28,137
2021-09-23T00:00:00.000Z,ירדן,373,96,469
2021-09-23T00:00:00.000Z,שוודיה,15,16,31
2021-09-23T00:00:00.000Z,רוסיה,173,216,389
2021-09-23T00:00:00.000Z,רומניה,153,44,197
2021-09-23T00:00:00.000Z,קרואטיה,2,0,2
2021-09-23T00:00:00.000Z,קפריסין,370,132,502
2021-09-23T00:00:00.000Z,קניה,7,3,10
2021-09-23T00:00:00.000Z,קנדה,85,58,143
2021-09-23T00:00:00.000Z,קירג'זסטאן,3,1,4
2021-09-23T00:00:00.000Z,קטר,1,0,1
2021-09-23T00:00:00.000Z,קזחסטאן,0,1,1
2021-09-23T00:00:00.000Z,קוסטה ריקה,8,18,26
2021-09-23T00:00:00.000Z,קולומביה,9,6,15
2021-09-23T00:00:00.000Z,צרפת,657,325,982
2021-09-23T00:00:00.000Z,צכיה,419,64,483
2021-09-23T00:00:00.000Z,צ'ילה,3,0,3
2021-09-23T00:00:00.000Z,פרו,9,24,33
2021-09-23T00:00:00.000Z,פנמה,12,12,24
2021-09-23T00:00:00.000Z,פינלנד,5,0,5
2021-09-23T00:00:00.000Z,פורטוגל,64,35,99
2021-09-23T00:00:00.000Z,פולין,241,44,285
2021-09-23T00:00:00.000Z,סרי לנקה (צילון),2,2,4
2021-09-23T00:00:00.000Z,סרביה,4,5,9
2021-09-23T00:00:00.000Z,ספרד,338,103,441
2021-09-23T00:00:00.000Z,סלובקיה,2,0,2
2021-09-23T00:00:00.000Z,סין,0,4,4
2021-09-23T00:00:00.000Z,נמיביה,2,0,2
2021-09-23T00:00:00.000Z,ניגריה,3,2,5
2021-09-23T00:00:00.000Z,נורבגיה,0,2,2
2021-09-23T00:00:00.000Z,מרוקו,6,5,11
2021-09-23T00:00:00.000Z,מקסיקו,0,1,1
2021-09-23T00:00:00.000Z,מקדוניה,4,0,4
2021-09-23T00:00:00.000Z,מצרים,833,300,1133
2021-09-23T00:00:00.000Z,מלדיבים,53,16,69
2021-09-23T00:00:00.000Z,מונטנגרו,1,0,1
2021-09-23T00:00:00.000Z,מולדובה,85,81,166
2021-09-23T00:00:00.000Z,ליטא,128,36,164
2021-09-23T00:00:00.000Z,כלל המדינות,13784,7472,21256
2021-09-23T00:00:00.000Z,תורכיה,19,26,45
2021-09-23T00:00:00.000Z,יפן,2,1,3
2021-09-23T00:00:00.000Z,יוון,2042,499,2541
2021-09-23T00:00:00.000Z,טנזניה,22,12,34
2021-09-23T00:00:00.000Z,טג'יקיסטאן,3,0,3
2021-09-23T00:00:00.000Z,חוף השנהב,1,2,3
2021-09-23T00:00:00.000Z,הרפ הדומיניקנית,13,2,15
2021-09-23T00:00:00.000Z,הממלכה המאוחדת,420,217,637
2021-09-23T00:00:00.000Z,הונדורס,2,0,2
2021-09-23T00:00:00.000Z,הונגריה,775,144,919
2021-09-23T00:00:00.000Z,הולנד,136,78,214
2021-09-23T00:00:00.000Z,הודו,2,1,3
2021-09-23T00:00:00.000Z,דרום אפריקה,23,10,33
2021-09-23T00:00:00.000Z,איחוד האמירויות הערב,173,46,219
2021-09-23T00:00:00.000Z,תורכמניסטאן,0,2,2
2021-09-23T00:00:00.000Z,אוגנדה,1,1,2
2021-09-23T00:00:00.000Z,אוזבקיסטן,6,8,14
2021-09-23T00:00:00.000Z,אוסטריה,436,101,537
2021-09-23T00:00:00.000Z,אוסטרליה,2,1,3
2021-09-23T00:00:00.000Z,אוקראינה,417,206,623
2021-09-23T00:00:00.000Z,אורגוואי,0,4,4
2021-09-23T00:00:00.000Z,שוויץ,198,75,273
2021-09-23T00:00:00.000Z,איטליה,981,195,1176
2021-09-23T00:00:00.000Z,איי סיישל,10,0,10
2021-09-23T00:00:00.000Z,דנמרק,120,43,163
2021-09-23T00:00:00.000Z,גרמניה,414,90,504
2021-09-23T00:00:00.000Z,גויאנה הצרפתית,2,0,2
2021-09-23T00:00:00.000Z,גווטאמלה,11,5,16
2021-09-23T00:00:00.000Z,גבון,0,2,2
2021-09-23T00:00:00.000Z,גאנה,2,0,2
2021-09-23T00:00:00.000Z,גאורגיה,629,100,729
2021-09-23T00:00:00.000Z,ברזיל,3,2,5
2021-09-23T00:00:00.000Z,בלגיה,81,60,141
2021-09-23T00:00:00.000Z,בילורוסיה,101,75,176
2021-09-23T00:00:00.000Z,בוסניה הרצגובינה,2,0,2
2021-09-23T00:00:00.000Z,אתיופיה,25,19,44
2021-09-23T00:00:00.000Z,ארצות הברית,1360,915,2275
2021-09-23T00:00:00.000Z,ארמניה,126,20,146
2021-09-23T00:00:00.000Z,ארגנטינה,4,7,11
2021-09-23T00:00:00.000Z,אסטוניה,1,0,1
2021-09-23T00:00:00.000Z,אלבניה,4,2,6
2021-09-23T00:00:00.000Z,אל סלבדור,1,1,2
2021-09-23T00:00:00.000Z,אירלנד,9,2,11
2021-09-23T00:00:00.000Z,איסלנד,102,15,117
2021-09-24T00:00:00.000Z,נפאל,1,2,3
2021-09-24T00:00:00.000Z,אוזבקיסטן,5,2,7
2021-09-24T00:00:00.000Z,אוסטרליה,2,1,3
2021-09-24T00:00:00.000Z,אוקראינה,499,253,752
2021-09-24T00:00:00.000Z,אורגוואי,1,1,2
2021-09-24T00:00:00.000Z,אזרביג'אן,7,0,7
2021-09-24T00:00:00.000Z,איטליה,549,106,655
2021-09-24T00:00:00.000Z,איי סיישל,2,0,2
2021-09-24T00:00:00.000Z,איסלנד,6,0,6
2021-09-24T00:00:00.000Z,תורכמניסטאן,1,0,1
2021-09-24T00:00:00.000Z,תורכיה,28,41,69
2021-09-24T00:00:00.000Z,תוניסיה,1,0,1
2021-09-24T00:00:00.000Z,תאילנד,179,83,262
2021-09-24T00:00:00.000Z,שוויץ,343,57,400
2021-09-24T00:00:00.000Z,שוודיה,10,1,11
2021-09-24T00:00:00.000Z,רוסיה,310,194,504
2021-09-24T00:00:00.000Z,רומניה,389,58,447
2021-09-24T00:00:00.000Z,קרואטיה,35,12,47
2021-09-24T00:00:00.000Z,קפריסין,389,116,505
2021-09-24T00:00:00.000Z,קניה,2,0,2
2021-09-24T00:00:00.000Z,קנדה,84,68,152
2021-09-24T00:00:00.000Z,קירג'זסטאן,3,0,3
2021-09-24T00:00:00.000Z,קטר,4,0,4
2021-09-24T00:00:00.000Z,קזחסטאן,11,1,12
2021-09-24T00:00:00.000Z,קוסטה ריקה,50,37,87
2021-09-24T00:00:00.000Z,קוסובו,1,0,1
2021-09-24T00:00:00.000Z,קולומביה,2,10,12
2021-09-24T00:00:00.000Z,קובה,1,0,1
2021-09-24T00:00:00.000Z,צרפת,461,148,609
2021-09-24T00:00:00.000Z,צכיה,831,89,920
2021-09-24T00:00:00.000Z,פרו,4,7,11
2021-09-24T00:00:00.000Z,פנמה,4,5,9
2021-09-24T00:00:00.000Z,פינלנד,97,10,107
2021-09-24T00:00:00.000Z,פיליפינים,0,2,2
2021-09-24T00:00:00.000Z,פורטוגל,19,8,27
2021-09-24T00:00:00.000Z,פולין,330,53,383
2021-09-24T00:00:00.000Z,ערב הסעודית,1,1,2
2021-09-24T00:00:00.000Z,סרי לנקה (צילון),4,1,5
2021-09-24T00:00:00.000Z,סרביה,6,2,8
2021-09-24T00:00:00.000Z,ספרד,491,66,557
2021-09-24T00:00:00.000Z,סלובקיה,158,25,183
2021-09-24T00:00:00.000Z,סלובניה,1,0,1
2021-09-24T00:00:00.000Z,סינגפור,2,2,4
2021-09-24T00:00:00.000Z,סין,2,0,2
2021-09-24T00:00:00.000Z,אוסטריה,1132,190,1322
2021-09-24T00:00:00.000Z,ניגריה,1,1,2
2021-09-24T00:00:00.000Z,נורבגיה,3,0,3
2021-09-24T00:00:00.000Z,מרוקו,10,4,14
2021-09-24T00:00:00.000Z,מקדוניה,0,1,1
2021-09-24T00:00:00.000Z,מצרים,1074,356,1430
2021-09-24T00:00:00.000Z,מלדיבים,40,9,49
2021-09-24T00:00:00.000Z,מונטנגרו,309,40,349
2021-09-24T00:00:00.000Z,מולדובה,70,53,123
2021-09-24T00:00:00.000Z,ליטא,4,0,4
2021-09-24T00:00:00.000Z,לטביה,0,2,2
2021-09-24T00:00:00.000Z,לוכסמבורג,0,1,1
2021-09-24T00:00:00.000Z,כלל המדינות,14080,5797,19877
2021-09-24T00:00:00.000Z,ירדן,2,5,7
2021-09-24T00:00:00.000Z,יוון,1640,311,1951
2021-09-24T00:00:00.000Z,טנזניה,1,3,4
2021-09-24T00:00:00.000Z,זאיר,1,0,1
2021-09-24T00:00:00.000Z,ונצואלה,0,1,1
2021-09-24T00:00:00.000Z,הרפ הדומיניקנית,19,5,24
2021-09-24T00:00:00.000Z,הממלכה המאוחדת,315,130,445
2021-09-24T00:00:00.000Z,הונגריה,466,42,508
2021-09-24T00:00:00.000Z,הולנד,80,27,107
2021-09-24T00:00:00.000Z,הודו,5,4,9
2021-09-24T00:00:00.000Z,דרום אפריקה,0,2,2
2021-09-24T00:00:00.000Z,דנמרק,6,0,6
2021-09-24T00:00:00.000Z,דומיניקה,2,0,2
2021-09-24T00:00:00.000Z,גרמניה,505,91,596
2021-09-24T00:00:00.000Z,גיברלטר,4,1,5
2021-09-24T00:00:00.000Z,גווטאמלה,3,3,6
2021-09-24T00:00:00.000Z,גאורגיה,167,37,204
2021-09-24T00:00:00.000Z,ברזיל,2,5,7
2021-09-24T00:00:00.000Z,בלגיה,20,6,26
2021-09-24T00:00:00.000Z,בילורוסיה,87,33,120
2021-09-24T00:00:00.000Z,בוסניה הרצגובינה,53,23,76
2021-09-24T00:00:00.000Z,בולגריה,10,24,34
2021-09-24T00:00:00.000Z,אתיופיה,2,0,2
2021-09-24T00:00:00.000Z,ארצות הברית,1550,744,2294
2021-09-24T00:00:00.000Z,ארמניה,6,0,6
2021-09-24T00:00:00.000Z,ארגנטינה,13,11,24
2021-09-24T00:00:00.000Z,אקואדור,4,3,7
2021-09-24T00:00:00.000Z,אסטוניה,4,0,4
2021-09-24T00:00:00.000Z,אלבניה,5,1,6
2021-09-24T00:00:00.000Z,אירלנד,11,2,13
2021-09-24T00:00:00.000Z,איחוד האמירויות הערב,209,39,248
2021-09-25T00:00:00.000Z,איחוד האמירויות הערב,286,34,320
2021-09-25T00:00:00.000Z,תורכיה,30,52,82
2021-09-25T00:00:00.000Z,תאילנד,0,6,6
2021-09-25T00:00:00.000Z,שוויץ,159,14,173
2021-09-25T00:00:00.000Z,שוודיה,2,4,6
2021-09-25T00:00:00.000Z,רוסיה,40,21,61
2021-09-25T00:00:00.000Z,רומניה,559,90,649
2021-09-25T00:00:00.000Z,רואנדה,1,0,1
2021-09-25T00:00:00.000Z,קרואטיה,32,4,36
2021-09-25T00:00:00.000Z,תורכמניסטאן,0,1,1
2021-09-25T00:00:00.000Z,קפריסין,308,107,415
2021-09-25T00:00:00.000Z,קניה,11,5,16
2021-09-25T00:00:00.000Z,קנדה,114,54,168
2021-09-25T00:00:00.000Z,קירג'זסטאן,3,0,3
2021-09-25T00:00:00.000Z,קזחסטאן,1,0,1
2021-09-25T00:00:00.000Z,קוריאה הדרומית,0,6,6
2021-09-25T00:00:00.000Z,קוסטה ריקה,10,1,11
2021-09-25T00:00:00.000Z,קולומביה,7,1,8
2021-09-25T00:00:00.000Z,צרפת,561,105,666
2021-09-25T00:00:00.000Z,צכיה,624,78,702
2021-09-25T00:00:00.000Z,צ'ילה,2,0,2
2021-09-25T00:00:00.000Z,פרו,10,1,11
2021-09-25T00:00:00.000Z,פרגוואי,2,0,2
2021-09-25T00:00:00.000Z,פנמה,8,6,14
2021-09-25T00:00:00.000Z,פינלנד,4,0,4
2021-09-25T00:00:00.000Z,פורטוגל,31,5,36
2021-09-25T00:00:00.000Z,פולינזיה הצרפתית,2,0,2
2021-09-25T00:00:00.000Z,פולין,217,26,243
2021-09-25T00:00:00.000Z,סרי לנקה (צילון),5,0,5
2021-09-25T00:00:00.000Z,סרביה,7,1,8
2021-09-25T00:00:00.000Z,ספרד,120,18,138
2021-09-25T00:00:00.000Z,סנגל,0,1,1
2021-09-25T00:00:00.000Z,סלובניה,14,1,15
2021-09-25T00:00:00.000Z,סינגפור,0,2,2
2021-09-25T00:00:00.000Z,סט. לוציה,1,0,1
2021-09-25T00:00:00.000Z,נפאל,2,0,2
2021-09-25T00:00:00.000Z,נמיביה,3,0,3
2021-09-25T00:00:00.000Z,ניגריה,4,2,6
2021-09-25T00:00:00.000Z,נורבגיה,0,3,3
2021-09-25T00:00:00.000Z,מרוקו,1,0,1
2021-09-25T00:00:00.000Z,מקדוניה,1,0,1
2021-09-25T00:00:00.000Z,מקאו,0,1,1
2021-09-25T00:00:00.000Z,מצרים,1793,466,2259
2021-09-25T00:00:00.000Z,מלדיבים,70,7,77
2021-09-25T00:00:00.000Z,מונטנגרו,1,1,2
2021-09-25T00:00:00.000Z,מוזמביק,3,0,3
2021-09-25T00:00:00.000Z,מאלי,3,1,4
2021-09-25T00:00:00.000Z,ליטא,4,3,7
2021-09-25T00:00:00.000Z,לטביה,87,16,103
2021-09-25T00:00:00.000Z,כלל המדינות,12005,4303,16308
2021-09-25T00:00:00.000Z,ירדן,1,3,4
2021-09-25T00:00:00.000Z,יפן,0,4,4
2021-09-25T00:00:00.000Z,יוון,1682,264,1946
2021-09-25T00:00:00.000Z,טנזניה,29,5,34
2021-09-25T00:00:00.000Z,טיוואן,0,1,1
2021-09-25T00:00:00.000Z,טוגו,1,0,1
2021-09-25T00:00:00.000Z,טג'יקיסטאן,1,0,1
2021-09-25T00:00:00.000Z,חוף השנהב,1,0,1
2021-09-25T00:00:00.000Z,זמביה,1,0,1
2021-09-25T00:00:00.000Z,הרפ הדומיניקנית,23,1,24
2021-09-25T00:00:00.000Z,הממלכה המאוחדת,450,62,512
2021-09-25T00:00:00.000Z,הונדורס,3,0,3
2021-09-25T00:00:00.000Z,הונגריה,281,39,320
2021-09-25T00:00:00.000Z,הולנד,121,50,171
2021-09-25T00:00:00.000Z,הודו,6,3,9
2021-09-25T00:00:00.000Z,דרום אפריקה,39,16,55
2021-09-25T00:00:00.000Z,דנמרק,20,3,23
2021-09-25T00:00:00.000Z,גרמניה,417,86,503
2021-09-25T00:00:00.000Z,גמייקה,2,1,3
2021-09-25T00:00:00.000Z,גינאה המשוונית,0,2,2
2021-09-25T00:00:00.000Z,גווטאמלה,2,2,4
2021-09-25T00:00:00.000Z,גאנה,3,3,6
2021-09-25T00:00:00.000Z,גאורגיה,340,61,401
2021-09-25T00:00:00.000Z,בלגיה,6,2,8
2021-09-25T00:00:00.000Z,בחריין,2,1,3
2021-09-25T00:00:00.000Z,בוסניה הרצגובינה,2,0,2
2021-09-25T00:00:00.000Z,בוטסואנה,1,0,1
2021-09-25T00:00:00.000Z,אתיופיה,35,13,48
2021-09-25T00:00:00.000Z,ארצות הברית,1384,448,1832
2021-09-25T00:00:00.000Z,ארמניה,4,0,4
2021-09-25T00:00:00.000Z,אקואדור,1,1,2
2021-09-25T00:00:00.000Z,אסטוניה,2,1,3
2021-09-25T00:00:00.000Z,אנדורה,1,0,1
2021-09-25T00:00:00.000Z,אנגולה,3,0,3
2021-09-25T00:00:00.000Z,אלבניה,4,0,4
2021-09-25T00:00:00.000Z,אל סלבדור,1,1,2
2021-09-25T00:00:00.000Z,אירלנד,8,1,9
2021-09-25T00:00:00.000Z,איסלנד,71,10,81
2021-09-25T00:00:00.000Z,איי סיישל,17,5,22
2021-09-25T00:00:00.000Z,איטליה,675,98,773
2021-09-25T00:00:00.000Z,אזרביג'אן,5,1,6
2021-09-25T00:00:00.000Z,אוקראינה,243,106,349
2021-09-25T00:00:00.000Z,אוסטרליה,3,0,3
2021-09-25T00:00:00.000Z,אוסטריה,486,90,576
2021-09-25T00:00:00.000Z,אוזבקיסטן,3,7,10
2021-09-25T00:00:00.000Z,אוגנדה,4,1,5
2021-09-25T00:00:00.000Z,אבחזיסטאן,1,0,1
2021-09-26T00:00:00.000Z,ליטא,140,17,157
2021-09-26T00:00:00.000Z,קולומביה,6,3,9
2021-09-26T00:00:00.000Z,קזחסטאן,3,0,3
2021-09-26T00:00:00.000Z,קירג'זסטאן,3,3,6
2021-09-26T00:00:00.000Z,קנדה,126,46,172
2021-09-26T00:00:00.000Z,קניה,1,0,1
2021-09-26T00:00:00.000Z,קפריסין,1235,257,1492
2021-09-26T00:00:00.000Z,קרואטיה,33,7,40
2021-09-26T00:00:00.000Z,ראוניון,1,0,1
2021-09-26T00:00:00.000Z,רומניה,312,25,337
2021-09-26T00:00:00.000Z,רוסיה,215,187,402
2021-09-26T00:00:00.000Z,שוודיה,7,10,17
2021-09-26T00:00:00.000Z,שוויץ,572,125,697
2021-09-26T00:00:00.000Z,תאילנד,2,1,3
2021-09-26T00:00:00.000Z,תוניסיה,1,5,6
2021-09-26T00:00:00.000Z,תורכיה,33,50,83
2021-09-26T00:00:00.000Z,תורכמניסטאן,0,1,1
2021-09-26T00:00:00.000Z,צרפת,802,200,1002
2021-09-26T00:00:00.000Z,צכיה,598,43,641
2021-09-26T00:00:00.000Z,פרו,0,7,7
2021-09-26T00:00:00.000Z,פקיסטן,0,1,1
2021-09-26T00:00:00.000Z,פנמה,5,9,14
2021-09-26T00:00:00.000Z,פינלנד,1,0,1
2021-09-26T00:00:00.000Z,פיליפינים,0,3,3
2021-09-26T00:00:00.000Z,פורטוגל,67,24,91
2021-09-26T00:00:00.000Z,פולינזיה הצרפתית,0,1,1
2021-09-26T00:00:00.000Z,פולין,371,38,409
2021-09-26T00:00:00.000Z,עומן,2,0,2
2021-09-26T00:00:00.000Z,סרי לנקה (צילון),2,1,3
2021-09-26T00:00:00.000Z,סרביה,9,1,10
2021-09-26T00:00:00.000Z,ספרד,393,54,447
2021-09-26T00:00:00.000Z,סן מרינו,2,0,2
2021-09-26T00:00:00.000Z,סלובקיה,2,1,3
2021-09-26T00:00:00.000Z,סין,1,0,1
2021-09-26T00:00:00.000Z,ניגריה,3,2,5
2021-09-26T00:00:00.000Z,נורבגיה,6,2,8
2021-09-26T00:00:00.000Z,מרוקו,18,8,26
2021-09-26T00:00:00.000Z,מקסיקו,0,1,1
2021-09-26T00:00:00.000Z,מקדוניה,2,2,4
2021-09-26T00:00:00.000Z,מצרים,2111,578,2689
2021-09-26T00:00:00.000Z,מלטה,0,3,3
2021-09-26T00:00:00.000Z,מלדיבים,105,12,117
2021-09-26T00:00:00.000Z,מיאנמר (בורמה),0,2,2
2021-09-26T00:00:00.000Z,מונטנגרו,185,10,195
2021-09-26T00:00:00.000Z,מולדובה,167,85,252
2021-09-26T00:00:00.000Z,מוזמביק,3,2,5
2021-09-26T00:00:00.000Z,קוריאה הדרומית,4,2,6
2021-09-26T00:00:00.000Z,לטביה,2,0,2
2021-09-26T00:00:00.000Z,לוכסמבורג,1,0,1
2021-09-26T00:00:00.000Z,כלל המדינות,21881,7462,29343
2021-09-26T00:00:00.000Z,כווית,1,0,1
2021-09-26T00:00:00.000Z,ירדן,669,179,848
2021-09-26T00:00:00.000Z,יפן,1,2,3
2021-09-26T00:00:00.000Z,יוון,3009,464,3473
2021-09-26T00:00:00.000Z,טנזניה,1,0,1
2021-09-26T00:00:00.000Z,טובלו,1,0,1
2021-09-26T00:00:00.000Z,חוף השנהב,2,2,4
2021-09-26T00:00:00.000Z,ויטנאם,2,7,9
2021-09-26T00:00:00.000Z,הרפ הדומיניקנית,66,10,76
2021-09-26T00:00:00.000Z,הממלכה המאוחדת,796,160,956
2021-09-26T00:00:00.000Z,הונדורס,0,2,2
2021-09-26T00:00:00.000Z,הונגריה,1008,88,1096
2021-09-26T00:00:00.000Z,הולנד,323,57,380
2021-09-26T00:00:00.000Z,הודו,4,0,4
2021-09-26T00:00:00.000Z,דרום אפריקה,7,7,14
2021-09-26T00:00:00.000Z,דנמרק,169,35,204
2021-09-26T00:00:00.000Z,גרמניה,743,151,894
2021-09-26T00:00:00.000Z,גווטאמלה,2,2,4
2021-09-26T00:00:00.000Z,גאורגיה,986,93,1079
2021-09-26T00:00:00.000Z,קוסטה ריקה,33,15,48
2021-09-26T00:00:00.000Z,אוגנדה,2,0,2
2021-09-26T00:00:00.000Z,אוזבקיסטן,0,3,3
2021-09-26T00:00:00.000Z,אוסטריה,675,97,772
2021-09-26T00:00:00.000Z,אוסטרליה,3,4,7
2021-09-26T00:00:00.000Z,אוקראינה,615,241,856
2021-09-26T00:00:00.000Z,אורגוואי,3,3,6
2021-09-26T00:00:00.000Z,אזרביג'אן,139,27,166
2021-09-26T00:00:00.000Z,איטליה,894,122,1016
2021-09-26T00:00:00.000Z,איי סיישל,426,81,507
2021-09-26T00:00:00.000Z,איסלנד,63,6,69
2021-09-26T00:00:00.000Z,אירלנד,34,4,38
2021-09-26T00:00:00.000Z,אלבניה,11,2,13
2021-09-26T00:00:00.000Z,אנגולה,5,1,6
2021-09-26T00:00:00.000Z,אסטוניה,1,0,1
2021-09-26T00:00:00.000Z,אקואדור,1,0,1
2021-09-26T00:00:00.000Z,ארגנטינה,8,4,12
2021-09-26T00:00:00.000Z,ארמניה,4,0,4
2021-09-26T00:00:00.000Z,ארצות הברית,1616,631,2247
2021-09-26T00:00:00.000Z,בולגריה,12,27,39
2021-09-26T00:00:00.000Z,בילורוסיה,134,36,170
2021-09-26T00:00:00.000Z,בלגיה,92,40,132
2021-09-26T00:00:00.000Z,ברזיל,0,1,1
2021-09-26T00:00:00.000Z,איחוד האמירויות הערב,383,92,475
2021-09-27T00:00:00.000Z,הממלכה המאוחדת,985,158,1143
2021-09-27T00:00:00.000Z,הונגריה,612,48,660
2021-09-27T00:00:00.000Z,הולנד,82,27,109
2021-09-27T00:00:00.000Z,הודו,38,99,137
2021-09-27T00:00:00.000Z,האנטילים ההולנדים,0,1,1
2021-09-27T00:00:00.000Z,דרום אפריקה,29,20,49
2021-09-27T00:00:00.000Z,דנמרק,46,4,50
2021-09-27T00:00:00.000Z,גרנדה,1,0,1
2021-09-27T00:00:00.000Z,גרמניה,892,71,963
2021-09-27T00:00:00.000Z,גווטאמלה,2,4,6
2021-09-27T00:00:00.000Z,גאנה,0,3,3
2021-09-27T00:00:00.000Z,גאורגיה,711,69,780
2021-09-27T00:00:00.000Z,בורקינה פאסו,2,0,2
2021-09-27T00:00:00.000Z,בוסניה הרצגובינה,27,4,31
2021-09-27T00:00:00.000Z,אתיופיה,25,10,35
2021-09-27T00:00:00.000Z,ארצות הברית,2621,778,3399
2021-09-27T00:00:00.000Z,ארמניה,11,1,12
2021-09-27T00:00:00.000Z,אקואדור,3,2,5
2021-09-27T00:00:00.000Z,אסטוניה,4,2,6
2021-09-27T00:00:00.000Z,אנגולה,3,0,3
2021-09-27T00:00:00.000Z,אלבניה,1,0,1
2021-09-27T00:00:00.000Z,אירלנד,8,5,13
2021-09-27T00:00:00.000Z,איסלנד,77,2,79
2021-09-27T00:00:00.000Z,איי סיישל,120,15,135
2021-09-27T00:00:00.000Z,איטליה,1299,99,1398
2021-09-27T00:00:00.000Z,אזרביג'אן,59,49,108
2021-09-27T00:00:00.000Z,אורגוואי,4,0,4
2021-09-27T00:00:00.000Z,אוקראינה,625,174,799
2021-09-27T00:00:00.000Z,אוסטרליה,6,2,8
2021-09-27T00:00:00.000Z,אוסטריה,1293,168,1461
2021-09-27T00:00:00.000Z,סינגפור,1,0,1
2021-09-27T00:00:00.000Z,סלובניה,5,0,5
2021-09-27T00:00:00.000Z,סלובקיה,188,16,204
2021-09-27T00:00:00.000Z,ספרד,600,60,660
2021-09-27T00:00:00.000Z,סרביה,104,18,122
2021-09-27T00:00:00.000Z,סרי לנקה (צילון),5,2,7
2021-09-27T00:00:00.000Z,פולין,664,60,724
2021-09-27T00:00:00.000Z,פולינזיה הצרפתית,1,0,1
2021-09-27T00:00:00.000Z,פורטוגל,152,35,187
2021-09-27T00:00:00.000Z,פיליפינים,1,0,1
2021-09-27T00:00:00.000Z,פינלנד,18,1,19
2021-09-27T00:00:00.000Z,פנמה,6,11,17
2021-09-27T00:00:00.000Z,פרו,12,10,22
2021-09-27T00:00:00.000Z,צ'ילה,1,4,5
2021-09-27T00:00:00.000Z,צכיה,1101,86,1187
2021-09-27T00:00:00.000Z,צרפת,1152,132,1284
2021-09-27T00:00:00.000Z,קובה,2,0,2
2021-09-27T00:00:00.000Z,קולומביה,14,4,18
2021-09-27T00:00:00.000Z,קוסטה ריקה,29,12,41
2021-09-27T00:00:00.000Z,קוריאה הדרומית,1,0,1
2021-09-27T00:00:00.000Z,קזחסטאן,3,5,8
2021-09-27T00:00:00.000Z,קירג'זסטאן,27,2,29
2021-09-27T00:00:00.000Z,קנדה,246,108,354
2021-09-27T00:00:00.000Z,קניה,8,3,11
2021-09-27T00:00:00.000Z,קפריסין,455,86,541
2021-09-27T00:00:00.000Z,קרואטיה,40,2,42
2021-09-27T00:00:00.000Z,רומניה,497,28,525
2021-09-27T00:00:00.000Z,רוסיה,340,170,510
2021-09-27T00:00:00.000Z,שוודיה,2,1,3
2021-09-27T00:00:00.000Z,שוויץ,459,47,506
2021-09-27T00:00:00.000Z,תאילנד,167,51,218
2021-09-27T00:00:00.000Z,תוניסיה,1,3,4
2021-09-27T00:00:00.000Z,תורכיה,45,21,66
2021-09-27T00:00:00.000Z,נפאל,1,0,1
2021-09-27T00:00:00.000Z,ניקרגואה,1,0,1
2021-09-27T00:00:00.000Z,ניגריה,2,2,4
2021-09-27T00:00:00.000Z,נורבגיה,6,0,6
2021-09-27T00:00:00.000Z,מרוקו,23,8,31
2021-09-27T00:00:00.000Z,מקסיקו,2,3,5
2021-09-27T00:00:00.000Z,מצרים,2216,470,2686
2021-09-27T00:00:00.000Z,מלדיבים,235,28,263
2021-09-27T00:00:00.000Z,מונקו,1,0,1
2021-09-27T00:00:00.000Z,מונטנגרו,492,24,516
2021-09-27T00:00:00.000Z,מולדובה,4,1,5
2021-09-27T00:00:00.000Z,מאלי,4,0,4
2021-09-27T00:00:00.000Z,ליטא,8,3,11
2021-09-27T00:00:00.000Z,לטביה,2,0,2
2021-09-27T00:00:00.000Z,לוכסמבורג,1,1,2
2021-09-27T00:00:00.000Z,כלל המדינות,23348,6333,29681
2021-09-27T00:00:00.000Z,ירדן,247,55,302
2021-09-27T00:00:00.000Z,יפן,0,2,2
2021-09-27T00:00:00.000Z,יוון,2352,219,2571
2021-09-27T00:00:00.000Z,טנזניה,35,8,43
2021-09-27T00:00:00.000Z,טיוואן,0,1,1
2021-09-27T00:00:00.000Z,זאיר,1,0,1
2021-09-27T00:00:00.000Z,אוזבקיסטן,64,76,140
2021-09-27T00:00:00.000Z,אוגנדה,1,0,1
2021-09-27T00:00:00.000Z,אבחזיסטאן,2,0,2
2021-09-27T00:00:00.000Z,בלגיה,108,52,160
2021-09-27T00:00:00.000Z,איחוד האמירויות הערב,548,92,640
2021-09-27T00:00:00.000Z,הרפ הדומיניקנית,7,4,11
2021-09-28T00:00:00.000Z,שוודיה,10,2,12
2021-09-28T00:00:00.000Z,רוסיה,242,141,383
2021-09-28T00:00:00.000Z,רומניה,435,49,484
2021-09-28T00:00:00.000Z,רואנדה,4,1,5
2021-09-28T00:00:00.000Z,קרואטיה,18,0,18
2021-09-28T00:00:00.000Z,קפריסין,272,46,318
2021-09-28T00:00:00.000Z,קניה,16,5,21
2021-09-28T00:00:00.000Z,קנדה,179,31,210
2021-09-28T00:00:00.000Z,קמרון,1,1,2
2021-09-28T00:00:00.000Z,קירג'זסטאן,8,0,8
2021-09-28T00:00:00.000Z,קזחסטאן,0,1,1
2021-09-28T00:00:00.000Z,קוריאה הדרומית,5,0,5
2021-09-28T00:00:00.000Z,קוסטה ריקה,43,18,61
2021-09-28T00:00:00.000Z,קולומביה,2,5,7
2021-09-28T00:00:00.000Z,קובה,0,1,1
2021-09-28T00:00:00.000Z,צרפת,696,68,764
2021-09-28T00:00:00.000Z,צכיה,589,45,634
2021-09-28T00:00:00.000Z,פרו,22,6,28
2021-09-28T00:00:00.000Z,פרגוואי,2,0,2
2021-09-28T00:00:00.000Z,פנמה,13,6,19
2021-09-28T00:00:00.000Z,פינלנד,4,2,6
2021-09-28T00:00:00.000Z,פיליפינים,0,5,5
2021-09-28T00:00:00.000Z,פורטוגל,53,10,63
2021-09-28T00:00:00.000Z,פולין,282,20,302
2021-09-28T00:00:00.000Z,ערב הסעודית,2,1,3
2021-09-28T00:00:00.000Z,סרי לנקה (צילון),8,0,8
2021-09-28T00:00:00.000Z,סרביה,19,3,22
2021-09-28T00:00:00.000Z,ספרד,620,60,680
2021-09-28T00:00:00.000Z,סלובניה,13,0,13
2021-09-28T00:00:00.000Z,סין,10,69,79
2021-09-28T00:00:00.000Z,נפאל,4,0,4
2021-09-28T00:00:00.000Z,נמיביה,7,0,7
2021-09-28T00:00:00.000Z,ניו זילנד,0,1,1
2021-09-28T00:00:00.000Z,ניגריה,1,0,1
2021-09-28T00:00:00.000Z,נורבגיה,3,1,4
2021-09-28T00:00:00.000Z,בלגיה,18,2,20
2021-09-28T00:00:00.000Z,בילורוסיה,0,1,1
2021-09-28T00:00:00.000Z,בוסניה הרצגובינה,16,4,20
2021-09-28T00:00:00.000Z,אתיופיה,10,14,24
2021-09-28T00:00:00.000Z,ארצות הברית,1494,244,1738
2021-09-28T00:00:00.000Z,ארמניה,4,0,4
2021-09-28T00:00:00.000Z,ארגנטינה,12,0,12
2021-09-28T00:00:00.000Z,אקואדור,3,0,3
2021-09-28T00:00:00.000Z,אסטוניה,6,0,6
2021-09-28T00:00:00.000Z,אנגולה,1,0,1
2021-09-28T00:00:00.000Z,אלבניה,12,0,12
2021-09-28T00:00:00.000Z,אל סלבדור,2,0,2
2021-09-28T00:00:00.000Z,אירלנד,19,2,21
2021-09-28T00:00:00.000Z,איסלנד,140,2,142
2021-09-28T00:00:00.000Z,איי קייפ וורדה,1,0,1
2021-09-28T00:00:00.000Z,איי סיישל,115,20,135
2021-09-28T00:00:00.000Z,איטליה,863,81,944
2021-09-28T00:00:00.000Z,אזרביג'אן,102,16,118
2021-09-28T00:00:00.000Z,אורגוואי,6,0,6
2021-09-28T00:00:00.000Z,אוקראינה,292,87,379
2021-09-28T00:00:00.000Z,אוסטרליה,1,0,1
2021-09-28T00:00:00.000Z,אוסטריה,565,53,618
2021-09-28T00:00:00.000Z,אוזבקיסטן,5,3,8
2021-09-28T00:00:00.000Z,אוגנדה,1,2,3
2021-09-28T00:00:00.000Z,יוון,2634,244,2878
2021-09-28T00:00:00.000Z,טנזניה,37,6,43
2021-09-28T00:00:00.000Z,טוגו,1,0,1
2021-09-28T00:00:00.000Z,חוף השנהב,1,0,1
2021-09-28T00:00:00.000Z,מצרים,3393,672,4065
2021-09-28T00:00:00.000Z,מרוקו,14,0,14
2021-09-28T00:00:00.000Z,מקסיקו,1,2,3
2021-09-28T00:00:00.000Z,מקדוניה,1,1,2
2021-09-28T00:00:00.000Z,מלטה,3,0,3
2021-09-28T00:00:00.000Z,מלזיה,1,0,1
2021-09-28T00:00:00.000Z,מלדיבים,97,7,104
2021-09-28T00:00:00.000Z,מונטנגרו,10,1,11
2021-09-28T00:00:00.000Z,מולדובה,122,47,169
2021-09-28T00:00:00.000Z,מאלי,1,0,1
2021-09-28T00:00:00.000Z,ליטא,21,3,24
2021-09-28T00:00:00.000Z,לטביה,75,8,83
2021-09-28T00:00:00.000Z,כלל המדינות,17324,4651,21975
2021-09-28T00:00:00.000Z,ירדן,221,49,270
2021-09-28T00:00:00.000Z,איחוד האמירויות הערב,239,41,280
2021-09-28T00:00:00.000Z,זימבאבווה,3,0,3
2021-09-28T00:00:00.000Z,ויטנאם,1,0,1
2021-09-28T00:00:00.000Z,הרפ הדומיניקנית,25,5,30
2021-09-28T00:00:00.000Z,הממלכה המאוחדת,274,19,293
2021-09-28T00:00:00.000Z,הונגריה,697,45,742
2021-09-28T00:00:00.000Z,הונג קונג,4,23,27
2021-09-28T00:00:00.000Z,הולנד,153,20,173
2021-09-28T00:00:00.000Z,הודו,3,2,5
2021-09-28T00:00:00.000Z,האנטילים ההולנדים,6,0,6
2021-09-28T00:00:00.000Z,דרום אפריקה,23,5,28
2021-09-28T00:00:00.000Z,דנמרק,34,1,35
2021-09-28T00:00:00.000Z,גרמניה,487,72,559
2021-09-28T00:00:00.000Z,גווטאמלה,2,4,6
2021-09-28T00:00:00.000Z,גאורגיה,528,38,566
2021-09-28T00:00:00.000Z,ברזיל,1,1,2
2021-09-28T00:00:00.000Z,תורכיה,36,25,61
2021-09-28T00:00:00.000Z,תוניסיה,2,2,4
2021-09-28T00:00:00.000Z,תאילנד,0,2,2
2021-09-28T00:00:00.000Z,שוויץ,297,21,318
2021-09-29T00:00:00.000Z,סרביה,7,1,8
2021-09-29T00:00:00.000Z,איחוד האמירויות הערב,360,56,416
2021-09-29T00:00:00.000Z,אוזבקיסטן,3,5,8
2021-09-29T00:00:00.000Z,אוסטריה,856,116,972
2021-09-29T00:00:00.000Z,אוסטרליה,2,3,5
2021-09-29T00:00:00.000Z,גווטאמלה,1,3,4
2021-09-29T00:00:00.000Z,גמייקה,3,0,3
2021-09-29T00:00:00.000Z,גרמניה,699,107,806
2021-09-29T00:00:00.000Z,דומיניקה,3,0,3
2021-09-29T00:00:00.000Z,דנמרק,30,4,34
2021-09-29T00:00:00.000Z,דרום אפריקה,46,5,51
2021-09-29T00:00:00.000Z,דרום סודאן,1,0,1
2021-09-29T00:00:00.000Z,הודו,1,2,3
2021-09-29T00:00:00.000Z,הולנד,268,43,311
2021-09-29T00:00:00.000Z,הונג קונג,0,1,1
2021-09-29T00:00:00.000Z,הונגריה,529,39,568
2021-09-29T00:00:00.000Z,הממלכה המאוחדת,634,70,704
2021-09-29T00:00:00.000Z,הרפ הדומיניקנית,4,2,6
2021-09-29T00:00:00.000Z,ונצואלה,0,1,1
2021-09-29T00:00:00.000Z,זאיר,2,0,2
2021-09-29T00:00:00.000Z,זימבאבווה,9,0,9
2021-09-29T00:00:00.000Z,זמביה,7,1,8
2021-09-29T00:00:00.000Z,חוף השנהב,1,0,1
2021-09-29T00:00:00.000Z,טג'יקיסטאן,0,1,1
2021-09-29T00:00:00.000Z,טיוואן,0,3,3
2021-09-29T00:00:00.000Z,טנזניה,70,10,80
2021-09-29T00:00:00.000Z,יוון,1748,184,1932
2021-09-29T00:00:00.000Z,יפן,1,1,2
2021-09-29T00:00:00.000Z,ירדן,89,39,128
2021-09-29T00:00:00.000Z,כלל המדינות,17699,5450,23149
2021-09-29T00:00:00.000Z,לוכסמבורג,2,0,2
2021-09-29T00:00:00.000Z,ליטא,31,2,33
2021-09-29T00:00:00.000Z,מאוריציוס,1,2,3
2021-09-29T00:00:00.000Z,מאלי,1,1,2
2021-09-29T00:00:00.000Z,מדגסקר,1,0,1
2021-09-29T00:00:00.000Z,מוזמביק,1,3,4
2021-09-29T00:00:00.000Z,מונטנגרו,178,3,181
2021-09-29T00:00:00.000Z,מלדיבים,81,13,94
2021-09-29T00:00:00.000Z,מלטה,1,0,1
2021-09-29T00:00:00.000Z,מצרים,1578,315,1893
2021-09-29T00:00:00.000Z,מקדוניה,1,0,1
2021-09-29T00:00:00.000Z,מקסיקו,1,1,2
2021-09-29T00:00:00.000Z,מרוקו,13,13,26
2021-09-29T00:00:00.000Z,נורבגיה,1,10,11
2021-09-29T00:00:00.000Z,ניגריה,7,1,8
2021-09-29T00:00:00.000Z,סין,1,12,13
2021-09-29T00:00:00.000Z,סינגפור,0,2,2
2021-09-29T00:00:00.000Z,סלובניה,4,0,4
2021-09-29T00:00:00.000Z,סלובקיה,199,15,214
2021-09-29T00:00:00.000Z,ספרד,466,57,523
2021-09-29T00:00:00.000Z,אוגנדה,1,0,1
2021-09-29T00:00:00.000Z,סרי לנקה (צילון),6,2,8
2021-09-29T00:00:00.000Z,פולין,348,17,365
2021-09-29T00:00:00.000Z,פולינזיה הצרפתית,0,1,1
2021-09-29T00:00:00.000Z,פורטו ריקו,1,0,1
2021-09-29T00:00:00.000Z,פורטוגל,71,14,85
2021-09-29T00:00:00.000Z,פיליפינים,0,22,22
2021-09-29T00:00:00.000Z,פינלנד,66,12,78
2021-09-29T00:00:00.000Z,פנמה,1,1,2
2021-09-29T00:00:00.000Z,פרו,18,6,24
2021-09-29T00:00:00.000Z,צכיה,808,64,872
2021-09-29T00:00:00.000Z,צרפת,899,128,1027
2021-09-29T00:00:00.000Z,קולומביה,3,3,6
2021-09-29T00:00:00.000Z,קוסטה ריקה,55,16,71
2021-09-29T00:00:00.000Z,קוריאה הדרומית,0,3,3
2021-09-29T00:00:00.000Z,קזחסטאן,3,7,10
2021-09-29T00:00:00.000Z,קירג'זסטאן,19,0,19
2021-09-29T00:00:00.000Z,קנדה,179,47,226
2021-09-29T00:00:00.000Z,קניה,4,3,7
2021-09-29T00:00:00.000Z,קפריסין,767,180,947
2021-09-29T00:00:00.000Z,קרואטיה,29,6,35
2021-09-29T00:00:00.000Z,רואנדה,8,0,8
2021-09-29T00:00:00.000Z,רומניה,538,90,628
2021-09-29T00:00:00.000Z,רוסיה,208,126,334
2021-09-29T00:00:00.000Z,שוודיה,3,4,7
2021-09-29T00:00:00.000Z,שוויץ,177,15,192
2021-09-29T00:00:00.000Z,תאילנד,2,1,3
2021-09-29T00:00:00.000Z,תורכיה,28,21,49
2021-09-29T00:00:00.000Z,תורכמניסטאן,2,0,2
2021-09-29T00:00:00.000Z,אוקראינה,588,210,798
2021-09-29T00:00:00.000Z,אורגוואי,0,1,1
2021-09-29T00:00:00.000Z,אזרביג'אן,8,0,8
2021-09-29T00:00:00.000Z,איטליה,1177,75,1252
2021-09-29T00:00:00.000Z,איי טורקס וקייקוס,4,0,4
2021-09-29T00:00:00.000Z,איי סיישל,112,37,149
2021-09-29T00:00:00.000Z,איסלנד,55,3,58
2021-09-29T00:00:00.000Z,אירלנד,21,2,23
2021-09-29T00:00:00.000Z,אנגולה,4,0,4
2021-09-29T00:00:00.000Z,אסטוניה,6,2,8
2021-09-29T00:00:00.000Z,אקואדור,3,2,5
2021-09-29T00:00:00.000Z,ארמניה,4,5,9
2021-09-29T00:00:00.000Z,ארצות הברית,1923,336,2259
2021-09-29T00:00:00.000Z,אתיופיה,45,17,62
2021-09-29T00:00:00.000Z,בוטסואנה,1,0,1
2021-09-29T00:00:00.000Z,בולגריה,15,24,39
2021-09-29T00:00:00.000Z,בוסניה הרצגובינה,11,4,15
2021-09-29T00:00:00.000Z,בילורוסיה,116,47,163
2021-09-29T00:00:00.000Z,בלגיה,11,4,15
2021-09-29T00:00:00.000Z,ברזיל,1,1,2
2021-09-29T00:00:00.000Z,גאורגיה,411,50,461
2021-09-29T00:00:00.000Z,גאנה,0,1,1
2021-09-30T00:00:00.000Z,תאילנד,0,2,2
2021-09-30T00:00:00.000Z,תוניסיה,0,3,3
2021-09-30T00:00:00.000Z,אוגנדה,9,4,13
2021-09-30T00:00:00.000Z,תורכיה,23,32,55
2021-09-30T00:00:00.000Z,אוזבקיסטן,7,3,10
2021-09-30T00:00:00.000Z,אוסטריה,437,110,547
2021-09-30T00:00:00.000Z,אוסטרליה,0,1,1
2021-09-30T00:00:00.000Z,אוקראינה,452,231,683
2021-09-30T00:00:00.000Z,אזרביג'אן,94,27,121
2021-09-30T00:00:00.000Z,איטליה,867,122,989
2021-09-30T00:00:00.000Z,איי סיישל,107,14,121
2021-09-30T00:00:00.000Z,איסלנד,99,5,104
2021-09-30T00:00:00.000Z,אירלנד,15,3,18
2021-09-30T00:00:00.000Z,אל סלבדור,1,0,1
2021-09-30T00:00:00.000Z,אלבניה,128,6,134
2021-09-30T00:00:00.000Z,אנגולה,1,0,1
2021-09-30T00:00:00.000Z,אסטוניה,2,0,2
2021-09-30T00:00:00.000Z,ארגנטינה,6,10,16
2021-09-30T00:00:00.000Z,ארמניה,85,8,93
2021-09-30T00:00:00.000Z,ארצות הברית,2436,882,3318
2021-09-30T00:00:00.000Z,אתיופיה,53,26,79
2021-09-30T00:00:00.000Z,בהמס,1,0,1
2021-09-30T00:00:00.000Z,בולגריה,0,1,1
2021-09-30T00:00:00.000Z,בוסניה הרצגובינה,6,1,7
2021-09-30T00:00:00.000Z,בורקינה פאסו,1,0,1
2021-09-30T00:00:00.000Z,בחריין,0,3,3
2021-09-30T00:00:00.000Z,בילורוסיה,128,45,173
2021-09-30T00:00:00.000Z,בלגיה,60,65,125
2021-09-30T00:00:00.000Z,ברזיל,0,8,8
2021-09-30T00:00:00.000Z,גאורגיה,801,136,937
2021-09-30T00:00:00.000Z,גאנה,1,2,3
2021-09-30T00:00:00.000Z,גבון,1,0,1
2021-09-30T00:00:00.000Z,גווטאמלה,8,9,17
2021-09-30T00:00:00.000Z,גויאנה,1,0,1
2021-09-30T00:00:00.000Z,גינאה המשוונית,1,0,1
2021-09-30T00:00:00.000Z,גרמניה,376,111,487
2021-09-30T00:00:00.000Z,דנמרק,130,20,150
2021-09-30T00:00:00.000Z,דרום אפריקה,46,23,69
2021-09-30T00:00:00.000Z,דרום סודאן,0,1,1
2021-09-30T00:00:00.000Z,הודו,3,7,10
2021-09-30T00:00:00.000Z,הולנד,337,59,396
2021-09-30T00:00:00.000Z,הונג קונג,2,0,2
2021-09-30T00:00:00.000Z,הונגריה,705,97,802
2021-09-30T00:00:00.000Z,הממלכה המאוחדת,751,201,952
2021-09-30T00:00:00.000Z,הרפ הדומיניקנית,2,0,2
2021-09-30T00:00:00.000Z,זאיר,1,1,2
2021-09-30T00:00:00.000Z,זימבאבווה,3,0,3
2021-09-30T00:00:00.000Z,חוף השנהב,2,0,2
2021-09-30T00:00:00.000Z,טג'יקיסטאן,3,0,3
2021-09-30T00:00:00.000Z,טנזניה,331,18,349
2021-09-30T00:00:00.000Z,יוון,2231,297,2528
2021-09-30T00:00:00.000Z,יפן,1,3,4
2021-09-30T00:00:00.000Z,ירדן,123,59,182
2021-09-30T00:00:00.000Z,כלל המדינות,18155,7007,25162
2021-09-30T00:00:00.000Z,לטביה,2,0,2
2021-09-30T00:00:00.000Z,ליטא,138,16,154
2021-09-30T00:00:00.000Z,מאלי,2,0,2
2021-09-30T00:00:00.000Z,מולדובה,131,93,224
2021-09-30T00:00:00.000Z,מונטנגרו,5,0,5
2021-09-30T00:00:00.000Z,מלדיבים,49,6,55
2021-09-30T00:00:00.000Z,מלטה,1,0,1
2021-09-30T00:00:00.000Z,מצרים,949,199,1148
2021-09-30T00:00:00.000Z,מקאו,1,0,1
2021-09-30T00:00:00.000Z,מקדוניה,3,0,3
2021-09-30T00:00:00.000Z,מקסיקו,2,0,2
2021-09-30T00:00:00.000Z,מרוקו,308,36,344
2021-09-30T00:00:00.000Z,נורבגיה,1,2,3
2021-09-30T00:00:00.000Z,ניגריה,6,3,9
2021-09-30T00:00:00.000Z,ניו זילנד,3,1,4
2021-09-30T00:00:00.000Z,ניקרגואה,2,0,2
2021-09-30T00:00:00.000Z,נפאל,1,0,1
2021-09-30T00:00:00.000Z,סינגפור,0,5,5
2021-09-30T00:00:00.000Z,סלובניה,1,0,1
2021-09-30T00:00:00.000Z,סלובקיה,1,1,2
2021-09-30T00:00:00.000Z,ספרד,447,76,523
2021-09-30T00:00:00.000Z,סרביה,3,0,3
2021-09-30T00:00:00.000Z,סרי לנקה (צילון),9,15,24
2021-09-30T00:00:00.000Z,פולין,333,52,385
2021-09-30T00:00:00.000Z,פולינזיה הצרפתית,0,1,1
2021-09-30T00:00:00.000Z,פורטוגל,116,14,130
2021-09-30T00:00:00.000Z,פיליפינים,0,1,1
2021-09-30T00:00:00.000Z,פינלנד,5,0,5
2021-09-30T00:00:00.000Z,פנמה,17,14,31
2021-09-30T00:00:00.000Z,פרגוואי,1,0,1
2021-09-30T00:00:00.000Z,פרו,13,25,38
2021-09-30T00:00:00.000Z,צ'ילה,1,6,7
2021-09-30T00:00:00.000Z,צכיה,723,70,793
2021-09-30T00:00:00.000Z,צרפת,1071,301,1372
2021-09-30T00:00:00.000Z,קולומביה,14,16,30
2021-09-30T00:00:00.000Z,קוסטה ריקה,35,13,48
2021-09-30T00:00:00.000Z,קוריאה הדרומית,3,2,5
2021-09-30T00:00:00.000Z,קזחסטאן,0,7,7
2021-09-30T00:00:00.000Z,קטר,1,0,1
2021-09-30T00:00:00.000Z,קירג'זסטאן,5,4,9
2021-09-30T00:00:00.000Z,קנדה,126,47,173
2021-09-30T00:00:00.000Z,קניה,17,2,19
2021-09-30T00:00:00.000Z,קפריסין,416,69,485
2021-09-30T00:00:00.000Z,קרואטיה,7,4,11
2021-09-30T00:00:00.000Z,רואנדה,13,2,15
2021-09-30T00:00:00.000Z,רומניה,368,65,433
2021-09-30T00:00:00.000Z,רוסיה,246,155,401
2021-09-30T00:00:00.000Z,שוודיה,15,8,23
2021-09-30T00:00:00.000Z,שוויץ,351,71,422
2021-09-30T00:00:00.000Z,איחוד האמירויות הערב,344,75,419
2021-10-01T00:00:00.000Z,קרואטיה,29,3,32
2021-10-01T00:00:00.000Z,פרו,16,7,23
2021-10-01T00:00:00.000Z,פנמה,8,6,14
2021-10-01T00:00:00.000Z,פינלנד,45,18,63
2021-10-01T00:00:00.000Z,פיליפינים,1,1,2
2021-10-01T00:00:00.000Z,פורטוגל,42,4,46
2021-10-01T00:00:00.000Z,פולין,239,35,274
2021-10-01T00:00:00.000Z,סרי לנקה (צילון),8,3,11
2021-10-01T00:00:00.000Z,סרביה,65,12,77
2021-10-01T00:00:00.000Z,ספרד,387,44,431
2021-10-01T00:00:00.000Z,סנגל,1,0,1
2021-10-01T00:00:00.000Z,סלובקיה,188,8,196
2021-10-01T00:00:00.000Z,סלובניה,6,2,8
2021-10-01T00:00:00.000Z,סינגפור,0,1,1
2021-10-01T00:00:00.000Z,סין,0,3,3
2021-10-01T00:00:00.000Z,ניו זילנד,0,4,4
2021-10-01T00:00:00.000Z,ניגריה,1,2,3
2021-10-01T00:00:00.000Z,נורבגיה,6,9,15
2021-10-01T00:00:00.000Z,מרוקו,17,7,24
2021-10-01T00:00:00.000Z,מקסיקו,4,0,4
2021-10-01T00:00:00.000Z,מקדוניה,1,0,1
2021-10-01T00:00:00.000Z,מצרים,911,186,1097
2021-10-01T00:00:00.000Z,מלדיבים,45,8,53
2021-10-01T00:00:00.000Z,מונטנגרו,175,14,189
2021-10-01T00:00:00.000Z,מולדובה,64,46,110
2021-10-01T00:00:00.000Z,ליטא,4,0,4
2021-10-01T00:00:00.000Z,לטביה,2,0,2
2021-10-01T00:00:00.000Z,לוכסמבורג,1,0,1
2021-10-01T00:00:00.000Z,כלל המדינות,14797,5629,20426
2021-10-01T00:00:00.000Z,כווית,1,0,1
2021-10-01T00:00:00.000Z,ירדן,5,1,6
2021-10-01T00:00:00.000Z,יפן,2,3,5
2021-10-01T00:00:00.000Z,יוון,927,129,1056
2021-10-01T00:00:00.000Z,טוגו,1,0,1
2021-10-01T00:00:00.000Z,חוף השנהב,1,0,1
2021-10-01T00:00:00.000Z,ונצואלה,0,2,2
2021-10-01T00:00:00.000Z,הרפ הדומיניקנית,9,3,12
2021-10-01T00:00:00.000Z,הממלכה המאוחדת,699,180,879
2021-10-01T00:00:00.000Z,הונגריה,453,46,499
2021-10-01T00:00:00.000Z,הונג קונג,0,1,1
2021-10-01T00:00:00.000Z,הולנד,205,53,258
2021-10-01T00:00:00.000Z,הודו,13,3,16
2021-10-01T00:00:00.000Z,דרום אפריקה,6,1,7
2021-10-01T00:00:00.000Z,דנמרק,28,6,34
2021-10-01T00:00:00.000Z,גרמניה,874,111,985
2021-10-01T00:00:00.000Z,רומניה,238,38,276
2021-10-01T00:00:00.000Z,רוסיה,338,184,522
2021-10-01T00:00:00.000Z,שוודיה,7,6,13
2021-10-01T00:00:00.000Z,שוויץ,282,69,351
2021-10-01T00:00:00.000Z,תאילנד,176,50,226
2021-10-01T00:00:00.000Z,תוניסיה,2,1,3
2021-10-01T00:00:00.000Z,תורכיה,32,38,70
2021-10-01T00:00:00.000Z,קפריסין,530,120,650
2021-10-01T00:00:00.000Z,קנדה,166,84,250
2021-10-01T00:00:00.000Z,קמרון,0,1,1
2021-10-01T00:00:00.000Z,קמבודיה,1,0,1
2021-10-01T00:00:00.000Z,קירג'זסטאן,11,2,13
2021-10-01T00:00:00.000Z,קטר,0,1,1
2021-10-01T00:00:00.000Z,קזחסטאן,8,3,11
2021-10-01T00:00:00.000Z,קוריאה הדרומית,0,6,6
2021-10-01T00:00:00.000Z,קוסטה ריקה,100,29,129
2021-10-01T00:00:00.000Z,קולומביה,4,3,7
2021-10-01T00:00:00.000Z,צרפת,653,140,793
2021-10-01T00:00:00.000Z,גינאה,2,0,2
2021-10-01T00:00:00.000Z,גווטאמלה,4,1,5
2021-10-01T00:00:00.000Z,גאנה,1,0,1
2021-10-01T00:00:00.000Z,גאורגיה,346,61,407
2021-10-01T00:00:00.000Z,ברזיל,0,2,2
2021-10-01T00:00:00.000Z,בלגיה,102,64,166
2021-10-01T00:00:00.000Z,בילורוסיה,1,2,3
2021-10-01T00:00:00.000Z,בחריין,29,0,29
2021-10-01T00:00:00.000Z,בוסניה הרצגובינה,25,17,42
2021-10-01T00:00:00.000Z,בולגריה,0,3,3
2021-10-01T00:00:00.000Z,ארצות הברית,2130,930,3060
2021-10-01T00:00:00.000Z,ארמניה,8,1,9
2021-10-01T00:00:00.000Z,ארגנטינה,14,6,20
2021-10-01T00:00:00.000Z,איחוד האמירויות הערב,101,22,123
2021-10-01T00:00:00.000Z,צכיה,819,127,946
2021-10-01T00:00:00.000Z,צ'ילה,2,0,2
2021-10-01T00:00:00.000Z,אקואדור,9,2,11
2021-10-01T00:00:00.000Z,אפגניסטן,2,0,2
2021-10-01T00:00:00.000Z,אסטוניה,1,1,2
2021-10-01T00:00:00.000Z,אלבניה,5,1,6
2021-10-01T00:00:00.000Z,אירלנד,10,1,11
2021-10-01T00:00:00.000Z,איסלנד,19,3,22
2021-10-01T00:00:00.000Z,איטליה,864,104,968
2021-10-01T00:00:00.000Z,אזרביג'אן,56,2,58
2021-10-01T00:00:00.000Z,אורגוואי,3,0,3
2021-10-01T00:00:00.000Z,אוקראינה,460,191,651
2021-10-01T00:00:00.000Z,אוסטרליה,1,0,1
2021-10-01T00:00:00.000Z,אוסטריה,890,136,1026
2021-10-01T00:00:00.000Z,אוזבקיסטן,5,5,10
2021-10-01T00:00:00.000Z,אבחזיסטאן,2,2,4
2021-10-01T00:00:00.000Z,קניה,6,2,8
2021-10-02T00:00:00.000Z,מוזמביק,4,0,4
2021-10-02T00:00:00.000Z,אוגנדה,1,4,5
2021-10-02T00:00:00.000Z,תורכיה,25,24,49
2021-10-02T00:00:00.000Z,תאילנד,3,0,3
2021-10-02T00:00:00.000Z,שוויץ,109,16,125
2021-10-02T00:00:00.000Z,שוודיה,2,12,14
2021-10-02T00:00:00.000Z,רוסיה,29,24,53
2021-10-02T00:00:00.000Z,רומניה,588,102,690
2021-10-02T00:00:00.000Z,רואנדה,1,0,1
2021-10-02T00:00:00.000Z,קרואטיה,13,0,13
2021-10-02T00:00:00.000Z,קפריסין,469,106,575
2021-10-02T00:00:00.000Z,קניה,17,0,17
2021-10-02T00:00:00.000Z,קנדה,171,42,213
2021-10-02T00:00:00.000Z,קירג'זסטאן,3,1,4
2021-10-02T00:00:00.000Z,קוריאה הדרומית,3,11,14
2021-10-02T00:00:00.000Z,קוסטה ריקה,22,19,41
2021-10-02T00:00:00.000Z,קונגו,1,0,1
2021-10-02T00:00:00.000Z,קולומביה,27,10,37
2021-10-02T00:00:00.000Z,צרפת,480,49,529
2021-10-02T00:00:00.000Z,צכיה,601,41,642
2021-10-02T00:00:00.000Z,צאד,1,0,1
2021-10-02T00:00:00.000Z,פרו,14,4,18
2021-10-02T00:00:00.000Z,פקיסטן,1,0,1
2021-10-02T00:00:00.000Z,פנמה,17,12,29
2021-10-02T00:00:00.000Z,פינלנד,4,6,10
2021-10-02T00:00:00.000Z,פיליפינים,0,2,2
2021-10-02T00:00:00.000Z,פורטוגל,25,7,32
2021-10-02T00:00:00.000Z,פורטו ריקו,2,0,2
2021-10-02T00:00:00.000Z,פולין,223,22,245
2021-10-02T00:00:00.000Z,סרי לנקה (צילון),13,4,17
2021-10-02T00:00:00.000Z,סרביה,4,1,5
2021-10-02T00:00:00.000Z,ספרד,53,2,55
2021-10-02T00:00:00.000Z,סלובקיה,0,3,3
2021-10-02T00:00:00.000Z,סלובניה,8,1,9
2021-10-02T00:00:00.000Z,סינגפור,2,1,3
2021-10-02T00:00:00.000Z,סין,2,2,4
2021-10-02T00:00:00.000Z,נפאל,4,0,4
2021-10-02T00:00:00.000Z,נמיביה,0,2,2
2021-10-02T00:00:00.000Z,ניקרגואה,1,0,1
2021-10-02T00:00:00.000Z,ניו זילנד,0,4,4
2021-10-02T00:00:00.000Z,ניגריה,4,4,8
2021-10-02T00:00:00.000Z,נורבגיה,2,4,6
2021-10-02T00:00:00.000Z,מרוקו,4,0,4
2021-10-02T00:00:00.000Z,מקסיקו,4,2,6
2021-10-02T00:00:00.000Z,מקדוניה,1,0,1
2021-10-02T00:00:00.000Z,מצרים,1599,267,1866
2021-10-02T00:00:00.000Z,מלדיבים,38,6,44
2021-10-02T00:00:00.000Z,מונקו,2,0,2
2021-10-02T00:00:00.000Z,מונטנגרו,7,0,7
2021-10-02T00:00:00.000Z,איחוד האמירויות הערב,178,40,218
2021-10-02T00:00:00.000Z,מאוריציוס,1,0,1
2021-10-02T00:00:00.000Z,לסוטו,0,2,2
2021-10-02T00:00:00.000Z,ליטא,7,1,8
2021-10-02T00:00:00.000Z,לטביה,64,17,81
2021-10-02T00:00:00.000Z,לוכסמבורג,1,0,1
2021-10-02T00:00:00.000Z,כלל המדינות,10569,3864,14433
2021-10-02T00:00:00.000Z,ירדן,10,6,16
2021-10-02T00:00:00.000Z,יפן,1,0,1
2021-10-02T00:00:00.000Z,יוון,946,109,1055
2021-10-02T00:00:00.000Z,טנזניה,31,3,34
2021-10-02T00:00:00.000Z,חוף השנהב,3,0,3
2021-10-02T00:00:00.000Z,זמביה,1,0,1
2021-10-02T00:00:00.000Z,זאיר,1,1,2
2021-10-02T00:00:00.000Z,הרפ הדומיניקנית,13,2,15
2021-10-02T00:00:00.000Z,הממלכה המאוחדת,369,38,407
2021-10-02T00:00:00.000Z,הונגריה,296,30,326
2021-10-02T00:00:00.000Z,הונג קונג,0,1,1
2021-10-02T00:00:00.000Z,הולנד,191,49,240
2021-10-02T00:00:00.000Z,הודו,4,0,4
2021-10-02T00:00:00.000Z,האנטילים ההולנדים,2,0,2
2021-10-02T00:00:00.000Z,דרום סודאן,0,1,1
2021-10-02T00:00:00.000Z,דרום אפריקה,55,16,71
2021-10-02T00:00:00.000Z,דנמרק,5,1,6
2021-10-02T00:00:00.000Z,דומיניקה,3,2,5
2021-10-02T00:00:00.000Z,גרמניה,318,80,398
2021-10-02T00:00:00.000Z,גיברלטר,1,0,1
2021-10-02T00:00:00.000Z,גווטאמלה,4,1,5
2021-10-02T00:00:00.000Z,גבון,0,1,1
2021-10-02T00:00:00.000Z,גאנה,10,3,13
2021-10-02T00:00:00.000Z,גאורגיה,207,47,254
2021-10-02T00:00:00.000Z,ברזיל,1,3,4
2021-10-02T00:00:00.000Z,בלגיה,5,6,11
2021-10-02T00:00:00.000Z,בחריין,0,5,5
2021-10-02T00:00:00.000Z,בוסניה הרצגובינה,13,3,16
2021-10-02T00:00:00.000Z,אתיופיה,57,30,87
2021-10-02T00:00:00.000Z,ארצות הברית,1346,408,1754
2021-10-02T00:00:00.000Z,ארמניה,5,4,9
2021-10-02T00:00:00.000Z,אקואדור,1,0,1
2021-10-02T00:00:00.000Z,אסטוניה,24,7,31
2021-10-02T00:00:00.000Z,אלבניה,1,1,2
2021-10-02T00:00:00.000Z,אירלנד,18,5,23
2021-10-02T00:00:00.000Z,איסלנד,78,5,83
2021-10-02T00:00:00.000Z,איי סיישל,8,0,8
2021-10-02T00:00:00.000Z,איטליה,574,55,629
2021-10-02T00:00:00.000Z,אזרביג'אן,0,1,1
2021-10-02T00:00:00.000Z,אוקראינה,220,120,340
2021-10-02T00:00:00.000Z,אוסטרליה,1,0,1
2021-10-02T00:00:00.000Z,אוסטריה,445,67,512
2021-10-02T00:00:00.000Z,אוזבקיסטן,5,6,11
2021-10-03T00:00:00.000Z,קטר,0,1,1
2021-10-03T00:00:00.000Z,קירג'זסטאן,1,1,2
2021-10-03T00:00:00.000Z,קנדה,120,55,175
2021-10-03T00:00:00.000Z,קפריסין,639,80,719
2021-10-03T00:00:00.000Z,קרואטיה,13,9,22
2021-10-03T00:00:00.000Z,שוודיה,2,2,4
2021-10-03T00:00:00.000Z,איחוד האמירויות הערב,262,77,339
2021-10-03T00:00:00.000Z,רומניה,252,30,282
2021-10-03T00:00:00.000Z,פיליפינים,0,11,11
2021-10-03T00:00:00.000Z,פנמה,7,5,12
2021-10-03T00:00:00.000Z,פרו,10,7,17
2021-10-03T00:00:00.000Z,צכיה,485,60,545
2021-10-03T00:00:00.000Z,צרפת,508,257,765
2021-10-03T00:00:00.000Z,קולומביה,13,5,18
2021-10-03T00:00:00.000Z,קוסטה ריקה,38,8,46
2021-10-03T00:00:00.000Z,קוריאה הדרומית,8,5,13
2021-10-03T00:00:00.000Z,קזחסטאן,2,0,2
2021-10-03T00:00:00.000Z,רוסיה,182,157,339
2021-10-03T00:00:00.000Z,תורכיה,13,29,42
2021-10-03T00:00:00.000Z,תאילנד,2,0,2
2021-10-03T00:00:00.000Z,אוגנדה,3,0,3
2021-10-03T00:00:00.000Z,אוזבקיסטן,10,6,16
2021-10-03T00:00:00.000Z,אוסטריה,377,77,454
2021-10-03T00:00:00.000Z,אוסטרליה,3,13,16
2021-10-03T00:00:00.000Z,אוקראינה,239,187,426
2021-10-03T00:00:00.000Z,אורגוואי,3,1,4
2021-10-03T00:00:00.000Z,אזרביג'אן,91,18,109
2021-10-03T00:00:00.000Z,איטליה,1074,123,1197
2021-10-03T00:00:00.000Z,איי סיישל,68,9,77
2021-10-03T00:00:00.000Z,איסלנד,31,1,32
2021-10-03T00:00:00.000Z,אירלנד,2,7,9
2021-10-03T00:00:00.000Z,אנגולה,3,0,3
2021-10-03T00:00:00.000Z,אקואדור,0,2,2
2021-10-03T00:00:00.000Z,ארגנטינה,8,4,12
2021-10-03T00:00:00.000Z,ארמניה,2,1,3
2021-10-03T00:00:00.000Z,ארצות הברית,1711,799,2510
2021-10-03T00:00:00.000Z,אתיופיה,1,1,2
2021-10-03T00:00:00.000Z,בהמס,2,0,2
2021-10-03T00:00:00.000Z,בולגריה,13,45,58
2021-10-03T00:00:00.000Z,בוליביה,1,0,1
2021-10-03T00:00:00.000Z,בוסניה הרצגובינה,2,2,4
2021-10-03T00:00:00.000Z,בילורוסיה,96,64,160
2021-10-03T00:00:00.000Z,בלגיה,66,75,141
2021-10-03T00:00:00.000Z,ברזיל,0,1,1
2021-10-03T00:00:00.000Z,גאורגיה,560,106,666
2021-10-03T00:00:00.000Z,גאנה,1,2,3
2021-10-03T00:00:00.000Z,גווטאמלה,3,2,5
2021-10-03T00:00:00.000Z,גרמניה,621,221,842
2021-10-03T00:00:00.000Z,דומיניקה,1,0,1
2021-10-03T00:00:00.000Z,דנמרק,82,19,101
2021-10-03T00:00:00.000Z,דרום אפריקה,2,3,5
2021-10-03T00:00:00.000Z,הודו,3,9,12
2021-10-03T00:00:00.000Z,הולנד,326,69,395
2021-10-03T00:00:00.000Z,הונג קונג,0,2,2
2021-10-03T00:00:00.000Z,הונגריה,562,78,640
2021-10-03T00:00:00.000Z,הממלכה המאוחדת,506,366,872
2021-10-03T00:00:00.000Z,הרפ הדומיניקנית,29,5,34
2021-10-03T00:00:00.000Z,חוף השנהב,3,0,3
2021-10-03T00:00:00.000Z,יוון,1672,198,1870
2021-10-03T00:00:00.000Z,יפן,1,5,6
2021-10-03T00:00:00.000Z,ירדן,121,68,189
2021-10-03T00:00:00.000Z,כלל המדינות,14895,7105,22000
2021-10-03T00:00:00.000Z,לטביה,1,0,1
2021-10-03T00:00:00.000Z,ליטא,98,17,115
2021-10-03T00:00:00.000Z,מאלי,4,0,4
2021-10-03T00:00:00.000Z,מולדובה,96,63,159
2021-10-03T00:00:00.000Z,מונטנגרו,148,3,151
2021-10-03T00:00:00.000Z,מלדיבים,20,5,25
2021-10-03T00:00:00.000Z,מלטה,1,0,1
2021-10-03T00:00:00.000Z,מצרים,1589,258,1847
2021-10-03T00:00:00.000Z,מקאו,1,0,1
2021-10-03T00:00:00.000Z,מקסיקו,0,9,9
2021-10-03T00:00:00.000Z,מרוקו,18,3,21
2021-10-03T00:00:00.000Z,נורבגיה,4,4,8
2021-10-03T00:00:00.000Z,ניגריה,1,1,2
2021-10-03T00:00:00.000Z,ניקרגואה,1,0,1
2021-10-03T00:00:00.000Z,נפאל,3,0,3
2021-10-03T00:00:00.000Z,סינגפור,2,3,5
2021-10-03T00:00:00.000Z,ספרד,345,46,391
2021-10-03T00:00:00.000Z,סרביה,19,11,30
2021-10-03T00:00:00.000Z,סרי לנקה (צילון),5,0,5
2021-10-03T00:00:00.000Z,עירק,0,2,2
2021-10-03T00:00:00.000Z,ערב הסעודית,2,1,3
2021-10-03T00:00:00.000Z,פולין,78,5,83
2021-10-03T00:00:00.000Z,פורטוגל,59,16,75
2021-10-03T00:00:00.000Z,שוויץ,337,152,489
2021-10-04T00:00:00.000Z,תורכמניסטאן,1,0,1
2021-10-04T00:00:00.000Z,אריתראה,0,1,1
2021-10-04T00:00:00.000Z,תאילנד,134,41,175
2021-10-04T00:00:00.000Z,שוויץ,177,77,254
2021-10-04T00:00:00.000Z,שוודיה,1,3,4
2021-10-04T00:00:00.000Z,רוסיה,320,331,651
2021-10-04T00:00:00.000Z,רומניה,399,57,456
2021-10-04T00:00:00.000Z,רואנדה,4,0,4
2021-10-04T00:00:00.000Z,קרואטיה,16,1,17
2021-10-04T00:00:00.000Z,קפריסין,398,18,416
2021-10-04T00:00:00.000Z,קניה,5,1,6
2021-10-04T00:00:00.000Z,קנדה,91,87,178
2021-10-04T00:00:00.000Z,קמרון,0,2,2
2021-10-04T00:00:00.000Z,קירג'זסטאן,3,1,4
2021-10-04T00:00:00.000Z,קזחסטאן,2,1,3
2021-10-04T00:00:00.000Z,קוסטה ריקה,17,7,24
2021-10-04T00:00:00.000Z,קולומביה,4,3,7
2021-10-04T00:00:00.000Z,צרפת,551,316,867
2021-10-04T00:00:00.000Z,צכיה,438,25,463
2021-10-04T00:00:00.000Z,צ'ילה,2,4,6
2021-10-04T00:00:00.000Z,פרו,7,6,13
2021-10-04T00:00:00.000Z,פנמה,7,6,13
2021-10-04T00:00:00.000Z,פינלנד,1,0,1
2021-10-04T00:00:00.000Z,פיליפינים,1,0,1
2021-10-04T00:00:00.000Z,פורטוגל,115,40,155
2021-10-04T00:00:00.000Z,פולין,255,32,287
2021-10-04T00:00:00.000Z,סרי לנקה (צילון),2,2,4
2021-10-04T00:00:00.000Z,סרביה,3,0,3
2021-10-04T00:00:00.000Z,ספרד,396,72,468
2021-10-04T00:00:00.000Z,סינגפור,3,1,4
2021-10-04T00:00:00.000Z,סין,0,13,13
2021-10-04T00:00:00.000Z,ניגריה,1,5,6
2021-10-04T00:00:00.000Z,נורבגיה,1,2,3
2021-10-04T00:00:00.000Z,מרוקו,9,9,18
2021-10-04T00:00:00.000Z,איחוד האמירויות הערב,114,24,138
2021-10-04T00:00:00.000Z,אבחזיסטאן,1,1,2
2021-10-04T00:00:00.000Z,אוגנדה,0,1,1
2021-10-04T00:00:00.000Z,אוזבקיסטן,55,142,197
2021-10-04T00:00:00.000Z,אוסטריה,816,131,947
2021-10-04T00:00:00.000Z,אוסטרליה,5,2,7
2021-10-04T00:00:00.000Z,אוקראינה,490,326,816
2021-10-04T00:00:00.000Z,אורגוואי,4,5,9
2021-10-04T00:00:00.000Z,אזרביג'אן,0,1,1
2021-10-04T00:00:00.000Z,איטליה,747,105,852
2021-10-04T00:00:00.000Z,איי טורקס וקייקוס,0,1,1
2021-10-04T00:00:00.000Z,איסלנד,22,0,22
2021-10-04T00:00:00.000Z,אירלנד,2,1,3
2021-10-04T00:00:00.000Z,אל סלבדור,0,1,1
2021-10-04T00:00:00.000Z,אלבניה,9,0,9
2021-10-04T00:00:00.000Z,אנגולה,3,0,3
2021-10-04T00:00:00.000Z,אסטוניה,1,1,2
2021-10-04T00:00:00.000Z,אקואדור,4,2,6
2021-10-04T00:00:00.000Z,ארגנטינה,0,4,4
2021-10-04T00:00:00.000Z,ארמניה,1,3,4
2021-10-04T00:00:00.000Z,ארצות הברית,1686,2110,3796
2021-10-04T00:00:00.000Z,אתיופיה,32,19,51
2021-10-04T00:00:00.000Z,בהמס,0,1,1
2021-10-04T00:00:00.000Z,בולגריה,1,0,1
2021-10-04T00:00:00.000Z,בוסניה הרצגובינה,17,9,26
2021-10-04T00:00:00.000Z,בחריין,37,5,42
2021-10-04T00:00:00.000Z,בילורוסיה,59,39,98
2021-10-04T00:00:00.000Z,בלגיה,123,181,304
2021-10-04T00:00:00.000Z,ברבדוס,1,0,1
2021-10-04T00:00:00.000Z,ברזיל,1,7,8
2021-10-04T00:00:00.000Z,גאורגיה,388,61,449
2021-10-04T00:00:00.000Z,גאנה,4,3,7
2021-10-04T00:00:00.000Z,גווטאמלה,5,1,6
2021-10-04T00:00:00.000Z,גויאנה הצרפתית,0,1,1
2021-10-04T00:00:00.000Z,גיברלטר,1,0,1
2021-10-04T00:00:00.000Z,גרמניה,428,115,543
2021-10-04T00:00:00.000Z,דנמרק,12,27,39
2021-10-04T00:00:00.000Z,דרום אפריקה,27,23,50
2021-10-04T00:00:00.000Z,הודו,96,89,185
2021-10-04T00:00:00.000Z,הולנד,198,37,235
2021-10-04T00:00:00.000Z,הונג קונג,0,1,1
2021-10-04T00:00:00.000Z,הונגריה,391,39,430
2021-10-04T00:00:00.000Z,הונדורס,2,0,2
2021-10-04T00:00:00.000Z,הממלכה המאוחדת,577,561,1138
2021-10-04T00:00:00.000Z,הרפ הדומיניקנית,4,0,4
2021-10-04T00:00:00.000Z,ונצואלה,2,0,2
2021-10-04T00:00:00.000Z,זאיר,1,0,1
2021-10-04T00:00:00.000Z,זמביה,2,2,4
2021-10-04T00:00:00.000Z,טוגו,0,1,1
2021-10-04T00:00:00.000Z,טנזניה,24,9,33
2021-10-04T00:00:00.000Z,יוון,703,80,783
2021-10-04T00:00:00.000Z,יפן,2,0,2
2021-10-04T00:00:00.000Z,ירדן,54,52,106
2021-10-04T00:00:00.000Z,כלל המדינות,12613,8714,21327
2021-10-04T00:00:00.000Z,לוכסמבורג,0,2,2
2021-10-04T00:00:00.000Z,לטביה,3,3,6
2021-10-04T00:00:00.000Z,ליבריה,0,1,1
2021-10-04T00:00:00.000Z,ליטא,4,0,4
2021-10-04T00:00:00.000Z,מאלי,7,2,9
2021-10-04T00:00:00.000Z,מוזמביק,2,0,2
2021-10-04T00:00:00.000Z,תורכיה,7,71,78
2021-10-04T00:00:00.000Z,מקסיקו,3,10,13
2021-10-04T00:00:00.000Z,מקאו,0,1,1
2021-10-04T00:00:00.000Z,מצרים,869,99,968
2021-10-04T00:00:00.000Z,מלדיבים,82,17,99
2021-10-04T00:00:00.000Z,מונטנגרו,47,9,56
2021-10-04T00:00:00.000Z,מולדובה,0,1,1
2021-10-05T00:00:00.000Z,פינלנד,1,0,1
2021-10-05T00:00:00.000Z,אוזבקיסטן,4,1,5
2021-10-05T00:00:00.000Z,אוסטרליה,2,3,5
2021-10-05T00:00:00.000Z,אוקראינה,330,210,540
2021-10-05T00:00:00.000Z,אורגוואי,5,15,20
2021-10-05T00:00:00.000Z,אזרביג'אן,38,11,49
2021-10-05T00:00:00.000Z,איטליה,250,38,288
2021-10-05T00:00:00.000Z,איסלנד,23,0,23
2021-10-05T00:00:00.000Z,אירלנד,8,2,10
2021-10-05T00:00:00.000Z,אל סלבדור,0,1,1
2021-10-05T00:00:00.000Z,אלבניה,7,1,8
2021-10-05T00:00:00.000Z,אנגולה,3,0,3
2021-10-05T00:00:00.000Z,אסטוניה,6,3,9
2021-10-05T00:00:00.000Z,אקואדור,0,4,4
2021-10-05T00:00:00.000Z,ארגנטינה,17,58,75
2021-10-05T00:00:00.000Z,ארמניה,0,1,1
2021-10-05T00:00:00.000Z,ארצות הברית,1309,2347,3656
2021-10-05T00:00:00.000Z,אתיופיה,28,18,46
2021-10-05T00:00:00.000Z,בילורוסיה,53,31,84
2021-10-05T00:00:00.000Z,בלגיה,9,26,35
2021-10-05T00:00:00.000Z,ברבדוס,1,0,1
2021-10-05T00:00:00.000Z,ברזיל,0,3,3
2021-10-05T00:00:00.000Z,גאורגיה,153,40,193
2021-10-05T00:00:00.000Z,גאנה,0,2,2
2021-10-05T00:00:00.000Z,גווטאמלה,0,1,1
2021-10-05T00:00:00.000Z,גרמניה,391,103,494
2021-10-05T00:00:00.000Z,גרנדה,1,0,1
2021-10-05T00:00:00.000Z,דנמרק,10,0,10
2021-10-05T00:00:00.000Z,דרום אפריקה,36,28,64
2021-10-05T00:00:00.000Z,הודו,5,3,8
2021-10-05T00:00:00.000Z,הולנד,46,15,61
2021-10-05T00:00:00.000Z,הונג קונג,0,1,1
2021-10-05T00:00:00.000Z,הונגריה,397,49,446
2021-10-05T00:00:00.000Z,הממלכה המאוחדת,245,361,606
2021-10-05T00:00:00.000Z,הרפ הדומיניקנית,9,4,13
2021-10-05T00:00:00.000Z,זמביה,1,0,1
2021-10-05T00:00:00.000Z,חוף השנהב,1,0,1
2021-10-05T00:00:00.000Z,צכיה,299,17,316
2021-10-05T00:00:00.000Z,צ'ילה,0,2,2
2021-10-05T00:00:00.000Z,צאד,0,1,1
2021-10-05T00:00:00.000Z,פרו,15,17,32
2021-10-05T00:00:00.000Z,טג'יקיסטאן,1,1,2
2021-10-05T00:00:00.000Z,פרגוואי,0,1,1
2021-10-05T00:00:00.000Z,פנמה,7,9,16
2021-10-05T00:00:00.000Z,אוסטריה,337,60,397
2021-10-05T00:00:00.000Z,פיליפינים,0,1,1
2021-10-05T00:00:00.000Z,פורטוגל,24,2,26
2021-10-05T00:00:00.000Z,פולינזיה הצרפתית,2,0,2
2021-10-05T00:00:00.000Z,פולין,189,37,226
2021-10-05T00:00:00.000Z,סרי לנקה (צילון),2,0,2
2021-10-05T00:00:00.000Z,סרביה,4,1,5
2021-10-05T00:00:00.000Z,ספרד,262,53,315
2021-10-05T00:00:00.000Z,סין,0,1,1
2021-10-05T00:00:00.000Z,נפאל,6,0,6
2021-10-05T00:00:00.000Z,ניגריה,2,5,7
2021-10-05T00:00:00.000Z,נורבגיה,4,0,4
2021-10-05T00:00:00.000Z,מרוקו,60,28,88
2021-10-05T00:00:00.000Z,מקסיקו,8,27,35
2021-10-05T00:00:00.000Z,מקדוניה,0,1,1
2021-10-05T00:00:00.000Z,מצרים,708,150,858
2021-10-05T00:00:00.000Z,תורכיה,24,60,84
2021-10-05T00:00:00.000Z,שוויץ,163,64,227
2021-10-05T00:00:00.000Z,שוודיה,3,4,7
2021-10-05T00:00:00.000Z,רוסיה,183,238,421
2021-10-05T00:00:00.000Z,רומניה,90,12,102
2021-10-05T00:00:00.000Z,רואנדה,0,6,6
2021-10-05T00:00:00.000Z,קרואטיה,3,1,4
2021-10-05T00:00:00.000Z,קפריסין,227,40,267
2021-10-05T00:00:00.000Z,קניה,6,5,11
2021-10-05T00:00:00.000Z,קנדה,200,190,390
2021-10-05T00:00:00.000Z,קמרון,1,1,2
2021-10-05T00:00:00.000Z,קטר,0,1,1
2021-10-05T00:00:00.000Z,קזחסטאן,3,2,5
2021-10-05T00:00:00.000Z,קוסטה ריקה,22,13,35
2021-10-05T00:00:00.000Z,קולומביה,11,3,14
2021-10-05T00:00:00.000Z,צרפת,546,383,929
2021-10-05T00:00:00.000Z,מלדיבים,10,1,11
2021-10-05T00:00:00.000Z,איחוד האמירויות הערב,126,26,152
2021-10-05T00:00:00.000Z,טנזניה,3,9,12
2021-10-05T00:00:00.000Z,יוון,637,77,714
2021-10-05T00:00:00.000Z,יפן,0,1,1
2021-10-05T00:00:00.000Z,ירדן,26,20,46
2021-10-05T00:00:00.000Z,כלל המדינות,8421,7720,16141
2021-10-05T00:00:00.000Z,לטביה,46,25,71
2021-10-05T00:00:00.000Z,ליטא,3,0,3
2021-10-05T00:00:00.000Z,מולדובה,39,51,90
2021-10-05T00:00:00.000Z,מונטנגרו,3,0,3
2021-10-05T00:00:00.000Z,אוגנדה,0,4,4
2021-10-06T00:00:00.000Z,אזרביג'אן,4,0,4
2021-10-06T00:00:00.000Z,תורכמניסטאן,1,0,1
2021-10-06T00:00:00.000Z,תורכיה,66,46,112
2021-10-06T00:00:00.000Z,תאילנד,3,3,6
2021-10-06T00:00:00.000Z,שוויץ,98,67,165
2021-10-06T00:00:00.000Z,שוודיה,1,3,4
2021-10-06T00:00:00.000Z,רוסיה,134,152,286
2021-10-06T00:00:00.000Z,רומניה,190,25,215
2021-10-06T00:00:00.000Z,רואנדה,0,1,1
2021-10-06T00:00:00.000Z,קרואטיה,4,1,5
2021-10-06T00:00:00.000Z,קפריסין,365,59,424
2021-10-06T00:00:00.000Z,קניה,2,1,3
2021-10-06T00:00:00.000Z,קנדה,96,94,190
2021-10-06T00:00:00.000Z,קירג'זסטאן,1,1,2
2021-10-06T00:00:00.000Z,קזחסטאן,3,0,3
2021-10-06T00:00:00.000Z,קוריאה הדרומית,0,5,5
2021-10-06T00:00:00.000Z,קוסטה ריקה,23,15,38
2021-10-06T00:00:00.000Z,קוסובו,2,0,2
2021-10-06T00:00:00.000Z,קולומביה,1,2,3
2021-10-06T00:00:00.000Z,צרפת,459,322,781
2021-10-06T00:00:00.000Z,צכיה,229,29,258
2021-10-06T00:00:00.000Z,פרו,4,5,9
2021-10-06T00:00:00.000Z,פנמה,7,16,23
2021-10-06T00:00:00.000Z,פינלנד,26,8,34
2021-10-06T00:00:00.000Z,פיליפינים,1,24,25
2021-10-06T00:00:00.000Z,פורטוגל,42,15,57
2021-10-06T00:00:00.000Z,פולין,106,36,142
2021-10-06T00:00:00.000Z,ערב הסעודית,1,0,1
2021-10-06T00:00:00.000Z,סרי לנקה (צילון),11,9,20
2021-10-06T00:00:00.000Z,סרביה,1,24,25
2021-10-06T00:00:00.000Z,ספרד,192,16,208
2021-10-06T00:00:00.000Z,סינגפור,0,4,4
2021-10-06T00:00:00.000Z,סין,0,8,8
2021-10-06T00:00:00.000Z,נפאל,2,0,2
2021-10-06T00:00:00.000Z,ניגריה,1,3,4
2021-10-06T00:00:00.000Z,נורבגיה,1,4,5
2021-10-06T00:00:00.000Z,מרוקו,6,3,9
2021-10-06T00:00:00.000Z,מקסיקו,0,6,6
2021-10-06T00:00:00.000Z,מצרים,899,128,1027
2021-10-06T00:00:00.000Z,מלטה,1,0,1
2021-10-06T00:00:00.000Z,מלדיבים,8,5,13
2021-10-06T00:00:00.000Z,מונטנגרו,41,1,42
2021-10-06T00:00:00.000Z,מוזמביק,2,0,2
2021-10-06T00:00:00.000Z,מאוריציוס,1,0,1
2021-10-06T00:00:00.000Z,ליטא,2,0,2
2021-10-06T00:00:00.000Z,ליבריה,1,0,1
2021-10-06T00:00:00.000Z,כלל המדינות,8249,7440,15689
2021-10-06T00:00:00.000Z,ירדן,35,19,54
2021-10-06T00:00:00.000Z,יפן,1,1,2
2021-10-06T00:00:00.000Z,יוון,534,102,636
2021-10-06T00:00:00.000Z,טנזניה,112,8,120
2021-10-06T00:00:00.000Z,טיוואן,0,1,1
2021-10-06T00:00:00.000Z,זאיר,0,1,1
2021-10-06T00:00:00.000Z,ונצואלה,4,3,7
2021-10-06T00:00:00.000Z,הרפ הדומיניקנית,2,0,2
2021-10-06T00:00:00.000Z,הממלכה המאוחדת,337,540,877
2021-10-06T00:00:00.000Z,הונגריה,370,82,452
2021-10-06T00:00:00.000Z,הולנד,130,26,156
2021-10-06T00:00:00.000Z,הודו,0,9,9
2021-10-06T00:00:00.000Z,דרום אפריקה,20,6,26
2021-10-06T00:00:00.000Z,דנמרק,6,1,7
2021-10-06T00:00:00.000Z,דומיניקה,1,0,1
2021-10-06T00:00:00.000Z,גרמניה,346,113,459
2021-10-06T00:00:00.000Z,גויאנה הצרפתית,2,0,2
2021-10-06T00:00:00.000Z,גווטאמלה,1,0,1
2021-10-06T00:00:00.000Z,גבון,1,2,3
2021-10-06T00:00:00.000Z,גאנה,2,0,2
2021-10-06T00:00:00.000Z,גאורגיה,192,41,233
2021-10-06T00:00:00.000Z,ברזיל,9,15,24
2021-10-06T00:00:00.000Z,בלגיה,14,23,37
2021-10-06T00:00:00.000Z,בילורוסיה,27,52,79
2021-10-06T00:00:00.000Z,בחריין,1,0,1
2021-10-06T00:00:00.000Z,בורקינה פאסו,1,0,1
2021-10-06T00:00:00.000Z,בוסניה הרצגובינה,14,7,21
2021-10-06T00:00:00.000Z,בולגריה,30,29,59
2021-10-06T00:00:00.000Z,אתיופיה,26,14,40
2021-10-06T00:00:00.000Z,ארצות הברית,1031,1785,2816
2021-10-06T00:00:00.000Z,ארמניה,2,1,3
2021-10-06T00:00:00.000Z,ארגנטינה,0,2,2
2021-10-06T00:00:00.000Z,אקואדור,0,3,3
2021-10-06T00:00:00.000Z,אסטוניה,5,1,6
2021-10-06T00:00:00.000Z,אנגולה,2,0,2
2021-10-06T00:00:00.000Z,אלבניה,0,1,1
2021-10-06T00:00:00.000Z,אירלנד,8,0,8
2021-10-06T00:00:00.000Z,איסלנד,10,0,10
2021-10-06T00:00:00.000Z,איי סיישל,73,8,81
2021-10-06T00:00:00.000Z,איי טורקס וקייקוס,1,0,1
2021-10-06T00:00:00.000Z,איטליה,331,60,391
2021-10-06T00:00:00.000Z,איחוד האמירויות הערב,185,55,240
2021-10-06T00:00:00.000Z,אוקראינה,195,226,421
2021-10-06T00:00:00.000Z,אוסטרליה,0,11,11
2021-10-06T00:00:00.000Z,אוסטריה,333,75,408
2021-10-06T00:00:00.000Z,אוזבקיסטן,0,1,1
2021-10-06T00:00:00.000Z,אוגנדה,3,1,4
2021-10-07T00:00:00.000Z,אוזבקיסטן,3,21,24
2021-10-07T00:00:00.000Z,דנמרק,84,29,113
2021-10-07T00:00:00.000Z,הונג קונג,1,36,37
2021-10-07T00:00:00.000Z,הונגריה,457,83,540
2021-10-07T00:00:00.000Z,הונדורס,1,0,1
2021-10-07T00:00:00.000Z,הממלכה המאוחדת,436,547,983
2021-10-07T00:00:00.000Z,הרפ הדומיניקנית,8,0,8
2021-10-07T00:00:00.000Z,ויטנאם,0,1,1
2021-10-07T00:00:00.000Z,ונצואלה,2,0,2
2021-10-07T00:00:00.000Z,זאיר,1,0,1
2021-10-07T00:00:00.000Z,זימבאבווה,1,0,1
2021-10-07T00:00:00.000Z,זמביה,2,0,2
2021-10-07T00:00:00.000Z,חוף השנהב,2,0,2
2021-10-07T00:00:00.000Z,טוגו,4,0,4
2021-10-07T00:00:00.000Z,טנזניה,8,2,10
2021-10-07T00:00:00.000Z,יוון,960,154,1114
2021-10-07T00:00:00.000Z,יפן,3,1,4
2021-10-07T00:00:00.000Z,ירדן,181,40,221
2021-10-07T00:00:00.000Z,כלל המדינות,12197,8241,20438
2021-10-07T00:00:00.000Z,לאוס,1,0,1
2021-10-07T00:00:00.000Z,ליטא,94,16,110
2021-10-07T00:00:00.000Z,מולדובה,75,53,128
2021-10-07T00:00:00.000Z,מונטנגרו,72,6,78
2021-10-07T00:00:00.000Z,מלדיבים,14,0,14
2021-10-07T00:00:00.000Z,מצרים,1262,205,1467
2021-10-07T00:00:00.000Z,מקסיקו,5,9,14
2021-10-07T00:00:00.000Z,מרוקו,90,17,107
2021-10-07T00:00:00.000Z,ניגריה,5,3,8
2021-10-07T00:00:00.000Z,ניו זילנד,0,1,1
2021-10-07T00:00:00.000Z,נמיביה,3,0,3
2021-10-07T00:00:00.000Z,נפאל,1,0,1
2021-10-07T00:00:00.000Z,סין,4,111,115
2021-10-07T00:00:00.000Z,סינגפור,0,3,3
2021-10-07T00:00:00.000Z,סלובקיה,1,0,1
2021-10-07T00:00:00.000Z,ספרד,335,96,431
2021-10-07T00:00:00.000Z,סרביה,52,38,90
2021-10-07T00:00:00.000Z,סרי לנקה (צילון),0,3,3
2021-10-07T00:00:00.000Z,פולין,82,22,104
2021-10-07T00:00:00.000Z,פורטוגל,135,19,154
2021-10-07T00:00:00.000Z,פיליפינים,2,9,11
2021-10-07T00:00:00.000Z,פינלנד,4,2,6
2021-10-07T00:00:00.000Z,פנמה,8,10,18
2021-10-07T00:00:00.000Z,פרו,5,19,24
2021-10-07T00:00:00.000Z,צאד,1,0,1
2021-10-07T00:00:00.000Z,צ'ילה,1,4,5
2021-10-07T00:00:00.000Z,צכיה,370,22,392
2021-10-07T00:00:00.000Z,צרפת,645,315,960
2021-10-07T00:00:00.000Z,קולומביה,15,4,19
2021-10-07T00:00:00.000Z,קונגו,1,0,1
2021-10-07T00:00:00.000Z,קוסובו,1,0,1
2021-10-07T00:00:00.000Z,קוסטה ריקה,13,10,23
2021-10-07T00:00:00.000Z,קוריאה הדרומית,1,0,1
2021-10-07T00:00:00.000Z,קזחסטאן,1,1,2
2021-10-07T00:00:00.000Z,קטר,1,0,1
2021-10-07T00:00:00.000Z,קירג'זסטאן,1,0,1
2021-10-07T00:00:00.000Z,קמרון,0,1,1
2021-10-07T00:00:00.000Z,קנדה,91,94,185
2021-10-07T00:00:00.000Z,קניה,0,5,5
2021-10-07T00:00:00.000Z,קפריסין,562,62,624
2021-10-07T00:00:00.000Z,קרואטיה,0,1,1
2021-10-07T00:00:00.000Z,רואנדה,3,0,3
2021-10-07T00:00:00.000Z,רומניה,365,67,432
2021-10-07T00:00:00.000Z,רוסיה,158,281,439
2021-10-07T00:00:00.000Z,שוודיה,7,5,12
2021-10-07T00:00:00.000Z,שוויץ,127,40,167
2021-10-07T00:00:00.000Z,תוניסיה,1,1,2
2021-10-07T00:00:00.000Z,תורכיה,102,101,203
2021-10-07T00:00:00.000Z,גרנדה,0,1,1
2021-10-07T00:00:00.000Z,גרמניה,165,64,229
2021-10-07T00:00:00.000Z,גינאה,1,0,1
2021-10-07T00:00:00.000Z,גיברלטר,1,0,1
2021-10-07T00:00:00.000Z,גווטאמלה,4,3,7
2021-10-07T00:00:00.000Z,גאנה,3,41,44
2021-10-07T00:00:00.000Z,גאורגיה,470,64,534
2021-10-07T00:00:00.000Z,ברזיל,3,21,24
2021-10-07T00:00:00.000Z,בלגיה,46,80,126
2021-10-07T00:00:00.000Z,בילורוסיה,68,68,136
2021-10-07T00:00:00.000Z,בחריין,48,13,61
2021-10-07T00:00:00.000Z,בוסניה הרצגובינה,3,1,4
2021-10-07T00:00:00.000Z,בוטסואנה,2,0,2
2021-10-07T00:00:00.000Z,אתיופיה,32,15,47
2021-10-07T00:00:00.000Z,ארצות הברית,1123,1538,2661
2021-10-07T00:00:00.000Z,ארמניה,11,2,13
2021-10-07T00:00:00.000Z,ארגנטינה,7,72,79
2021-10-07T00:00:00.000Z,אקואדור,13,3,16
2021-10-07T00:00:00.000Z,אסטוניה,1,0,1
2021-10-07T00:00:00.000Z,אנגולה,1,0,1
2021-10-07T00:00:00.000Z,אירלנד,4,0,4
2021-10-07T00:00:00.000Z,איסלנד,17,1,18
2021-10-07T00:00:00.000Z,איי סיישל,0,2,2
2021-10-07T00:00:00.000Z,איטליה,700,114,814
2021-10-07T00:00:00.000Z,אזרביג'אן,50,29,79
2021-10-07T00:00:00.000Z,אוקראינה,282,129,411
2021-10-07T00:00:00.000Z,אוסטרליה,1,1,2
2021-10-07T00:00:00.000Z,אוסטריה,440,100,540
2021-10-07T00:00:00.000Z,הולנד,359,59,418
2021-10-07T00:00:00.000Z,אוגנדה,1,0,1
2021-10-07T00:00:00.000Z,איחוד האמירויות הערב,235,41,276
2021-10-07T00:00:00.000Z,הודו,7,5,12
2021-10-07T00:00:00.000Z,דרום אפריקה,51,34,85
2021-10-08T00:00:00.000Z,כלל המדינות,11755,5424,17179
2021-10-08T00:00:00.000Z,שוויץ,402,106,508
2021-10-08T00:00:00.000Z,רוסיה,264,181,445
2021-10-08T00:00:00.000Z,רומניה,248,31,279
2021-10-08T00:00:00.000Z,קרואטיה,7,0,7
2021-10-08T00:00:00.000Z,קפריסין,426,64,490
2021-10-08T00:00:00.000Z,קניה,2,0,2
2021-10-08T00:00:00.000Z,קנדה,106,56,162
2021-10-08T00:00:00.000Z,קירג'זסטאן,3,3,6
2021-10-08T00:00:00.000Z,קטר,3,1,4
2021-10-08T00:00:00.000Z,קזחסטאן,2,2,4
2021-10-08T00:00:00.000Z,קוריאה הדרומית,3,0,3
2021-10-08T00:00:00.000Z,קוסטה ריקה,30,19,49
2021-10-08T00:00:00.000Z,קוסובו,0,2,2
2021-10-08T00:00:00.000Z,קולומביה,2,2,4
2021-10-08T00:00:00.000Z,צרפת,632,175,807
2021-10-08T00:00:00.000Z,צכיה,384,21,405
2021-10-08T00:00:00.000Z,צ'ילה,0,1,1
2021-10-08T00:00:00.000Z,פרו,1,1,2
2021-10-08T00:00:00.000Z,פנמה,7,5,12
2021-10-08T00:00:00.000Z,פינלנד,42,21,63
2021-10-08T00:00:00.000Z,פיליפינים,0,1,1
2021-10-08T00:00:00.000Z,פורטוגל,27,2,29
2021-10-08T00:00:00.000Z,פורטו ריקו,0,2,2
2021-10-08T00:00:00.000Z,פולין,205,23,228
2021-10-08T00:00:00.000Z,סרי לנקה (צילון),2,1,3
2021-10-08T00:00:00.000Z,סרביה,7,1,8
2021-10-08T00:00:00.000Z,ספרד,421,53,474
2021-10-08T00:00:00.000Z,סנגל,2,0,2
2021-10-08T00:00:00.000Z,סלובניה,8,0,8
2021-10-08T00:00:00.000Z,סינגפור,2,2,4
2021-10-08T00:00:00.000Z,נפאל,0,1,1
2021-10-08T00:00:00.000Z,ניגריה,2,1,3
2021-10-08T00:00:00.000Z,נורבגיה,0,3,3
2021-10-08T00:00:00.000Z,מרוקו,14,4,18
2021-10-08T00:00:00.000Z,מקסיקו,7,4,11
2021-10-08T00:00:00.000Z,מצרים,746,124,870
2021-10-08T00:00:00.000Z,מלטה,7,1,8
2021-10-08T00:00:00.000Z,מלדיבים,26,9,35
2021-10-08T00:00:00.000Z,מיאנמר (בורמה),1,0,1
2021-10-08T00:00:00.000Z,מונקו,1,0,1
2021-10-08T00:00:00.000Z,מונטנגרו,70,5,75
2021-10-08T00:00:00.000Z,ליטא,1,0,1
2021-10-08T00:00:00.000Z,לטביה,6,0,6
2021-10-08T00:00:00.000Z,לוכסמבורג,4,0,4
2021-10-08T00:00:00.000Z,שוודיה,3,0,3
2021-10-08T00:00:00.000Z,ירדן,8,7,15
2021-10-08T00:00:00.000Z,יפן,0,2,2
2021-10-08T00:00:00.000Z,יוון,673,46,719
2021-10-08T00:00:00.000Z,טנזניה,5,0,5
2021-10-08T00:00:00.000Z,טיוואן,1,4,5
2021-10-08T00:00:00.000Z,טוגו,1,0,1
2021-10-08T00:00:00.000Z,חוף השנהב,8,0,8
2021-10-08T00:00:00.000Z,הרפ הדומיניקנית,6,0,6
2021-10-08T00:00:00.000Z,הממלכה המאוחדת,435,240,675
2021-10-08T00:00:00.000Z,הונגריה,324,28,352
2021-10-08T00:00:00.000Z,הולנד,271,63,334
2021-10-08T00:00:00.000Z,הודו,16,2,18
2021-10-08T00:00:00.000Z,דרום אפריקה,5,0,5
2021-10-08T00:00:00.000Z,דנמרק,16,0,16
2021-10-08T00:00:00.000Z,תאילנד,104,119,223
2021-10-08T00:00:00.000Z,גרמניה,750,168,918
2021-10-08T00:00:00.000Z,גווטאמלה,3,4,7
2021-10-08T00:00:00.000Z,גאורגיה,407,69,476
2021-10-08T00:00:00.000Z,ברזיל,1,3,4
2021-10-08T00:00:00.000Z,בלגיה,75,88,163
2021-10-08T00:00:00.000Z,בחריין,4,0,4
2021-10-08T00:00:00.000Z,בוסניה הרצגובינה,34,11,45
2021-10-08T00:00:00.000Z,בוליביה,0,1,1
2021-10-08T00:00:00.000Z,בולגריה,7,4,11
2021-10-08T00:00:00.000Z,ארצות הברית,1500,804,2304
2021-10-08T00:00:00.000Z,ארמניה,4,1,5
2021-10-08T00:00:00.000Z,ארגנטינה,11,19,30
2021-10-08T00:00:00.000Z,אקואדור,7,1,8
2021-10-08T00:00:00.000Z,אסטוניה,6,0,6
2021-10-08T00:00:00.000Z,אנגולה,1,1,2
2021-10-08T00:00:00.000Z,אלבניה,3,0,3
2021-10-08T00:00:00.000Z,אל סלבדור,1,0,1
2021-10-08T00:00:00.000Z,אירלנד,6,1,7
2021-10-08T00:00:00.000Z,איסלנד,1,0,1
2021-10-08T00:00:00.000Z,איטליה,520,42,562
2021-10-08T00:00:00.000Z,אזרביג'אן,33,2,35
2021-10-08T00:00:00.000Z,אורגוואי,2,5,7
2021-10-08T00:00:00.000Z,אוקראינה,328,103,431
2021-10-08T00:00:00.000Z,אוסטרליה,7,0,7
2021-10-08T00:00:00.000Z,אוסטריה,790,91,881
2021-10-08T00:00:00.000Z,אוזבקיסטן,4,5,9
2021-10-08T00:00:00.000Z,תורכיה,151,60,211
2021-10-08T00:00:00.000Z,תורכמניסטאן,1,0,1
2021-10-08T00:00:00.000Z,איחוד האמירויות הערב,314,43,357
2021-10-09T00:00:00.000Z,שוויץ,73,23,96
2021-10-09T00:00:00.000Z,שוודיה,1,3,4
2021-10-09T00:00:00.000Z,רוסיה,18,10,28
2021-10-09T00:00:00.000Z,רומניה,293,53,346
2021-10-09T00:00:00.000Z,רואנדה,8,4,12
2021-10-09T00:00:00.000Z,קרואטיה,3,1,4
2021-10-09T00:00:00.000Z,קפריסין,438,21,459
2021-10-09T00:00:00.000Z,קניה,4,0,4
2021-10-09T00:00:00.000Z,קנדה,84,47,131
2021-10-09T00:00:00.000Z,קירג'זסטאן,1,0,1
2021-10-09T00:00:00.000Z,תורכיה,254,87,341
2021-10-09T00:00:00.000Z,תאילנד,4,0,4
2021-10-09T00:00:00.000Z,איחוד האמירויות הערב,129,22,151
2021-10-09T00:00:00.000Z,קזחסטאן,1,0,1
2021-10-09T00:00:00.000Z,קוריאה הדרומית,1,1,2
2021-10-09T00:00:00.000Z,קוסטה ריקה,8,1,9
2021-10-09T00:00:00.000Z,קונגו,1,0,1
2021-10-09T00:00:00.000Z,קולומביה,7,6,13
2021-10-09T00:00:00.000Z,צרפת,248,33,281
2021-10-09T00:00:00.000Z,צכיה,227,50,277
2021-10-09T00:00:00.000Z,פרו,5,2,7
2021-10-09T00:00:00.000Z,פנמה,10,2,12
2021-10-09T00:00:00.000Z,פינלנד,4,0,4
2021-10-09T00:00:00.000Z,פיליפינים,0,2,2
2021-10-09T00:00:00.000Z,פורטוגל,18,5,23
2021-10-09T00:00:00.000Z,פולינזיה הצרפתית,1,0,1
2021-10-09T00:00:00.000Z,פולין,182,38,220
2021-10-09T00:00:00.000Z,ערב הסעודית,3,0,3
2021-10-09T00:00:00.000Z,סרי לנקה (צילון),1,2,3
2021-10-09T00:00:00.000Z,סרביה,0,1,1
2021-10-09T00:00:00.000Z,ספרד,14,8,22
2021-10-09T00:00:00.000Z,סלובניה,5,0,5
2021-10-09T00:00:00.000Z,סינגפור,3,1,4
2021-10-09T00:00:00.000Z,נמיביה,1,0,1
2021-10-09T00:00:00.000Z,ניגריה,4,1,5
2021-10-09T00:00:00.000Z,נורבגיה,1,1,2
2021-10-09T00:00:00.000Z,מרוקו,4,1,5
2021-10-09T00:00:00.000Z,מקסיקו,2,2,4
2021-10-09T00:00:00.000Z,מצרים,1632,128,1760
2021-10-09T00:00:00.000Z,מלטה,1,0,1
2021-10-09T00:00:00.000Z,מלדיבים,30,1,31
2021-10-09T00:00:00.000Z,מונטנגרו,2,0,2
2021-10-09T00:00:00.000Z,מונגוליה,0,1,1
2021-10-09T00:00:00.000Z,מוזמביק,3,0,3
2021-10-09T00:00:00.000Z,מאלי,2,0,2
2021-10-09T00:00:00.000Z,ליטא,3,2,5
2021-10-09T00:00:00.000Z,לטביה,27,39,66
2021-10-09T00:00:00.000Z,כלל המדינות,7194,3063,10257
2021-10-09T00:00:00.000Z,ירדן,3,0,3
2021-10-09T00:00:00.000Z,יפן,0,1,1
2021-10-09T00:00:00.000Z,יוון,498,48,546
2021-10-09T00:00:00.000Z,טנזניה,8,2,10
2021-10-09T00:00:00.000Z,טיוואן,0,1,1
2021-10-09T00:00:00.000Z,חוף השנהב,0,2,2
2021-10-09T00:00:00.000Z,אוגנדה,4,1,5
2021-10-09T00:00:00.000Z,אוזבקיסטן,4,0,4
2021-10-09T00:00:00.000Z,אוסטריה,438,26,464
2021-10-09T00:00:00.000Z,אוסטרליה,2,0,2
2021-10-09T00:00:00.000Z,אוקראינה,174,67,241
2021-10-09T00:00:00.000Z,אזרביג'אן,4,0,4
2021-10-09T00:00:00.000Z,איטליה,373,40,413
2021-10-09T00:00:00.000Z,איי סיישל,4,0,4
2021-10-09T00:00:00.000Z,איסלנד,11,2,13
2021-10-09T00:00:00.000Z,אירלנד,4,0,4
2021-10-09T00:00:00.000Z,אלבניה,2,1,3
2021-10-09T00:00:00.000Z,אסטוניה,3,1,4
2021-10-09T00:00:00.000Z,אקואדור,13,3,16
2021-10-09T00:00:00.000Z,ארמניה,4,2,6
2021-10-09T00:00:00.000Z,ארצות הברית,606,235,841
2021-10-09T00:00:00.000Z,אתיופיה,14,17,31
2021-10-09T00:00:00.000Z,בולגריה,2,0,2
2021-10-09T00:00:00.000Z,בוסניה הרצגובינה,2,0,2
2021-10-09T00:00:00.000Z,בלגיה,9,7,16
2021-10-09T00:00:00.000Z,ברזיל,1,0,1
2021-10-09T00:00:00.000Z,גאורגיה,94,12,106
2021-10-09T00:00:00.000Z,גאנה,4,2,6
2021-10-09T00:00:00.000Z,גווטאמלה,0,3,3
2021-10-09T00:00:00.000Z,גינאה,1,0,1
2021-10-09T00:00:00.000Z,גינאה המשוונית,2,0,2
2021-10-09T00:00:00.000Z,גרמניה,171,83,254
2021-10-09T00:00:00.000Z,דומיניקה,2,0,2
2021-10-09T00:00:00.000Z,דנמרק,4,0,4
2021-10-09T00:00:00.000Z,דרום אפריקה,17,5,22
2021-10-09T00:00:00.000Z,האנטילים ההולנדים,1,0,1
2021-10-09T00:00:00.000Z,הודו,15,1,16
2021-10-09T00:00:00.000Z,הולנד,108,7,115
2021-10-09T00:00:00.000Z,הונגריה,266,15,281
2021-10-09T00:00:00.000Z,הונדורס,1,0,1
2021-10-09T00:00:00.000Z,הממלכה המאוחדת,176,75,251
2021-10-09T00:00:00.000Z,זאיר,2,0,2
2021-10-09T00:00:00.000Z,זמביה,1,1,2
2021-10-10T00:00:00.000Z,תורכמניסטאן,0,1,1
2021-10-10T00:00:00.000Z,סרי לנקה (צילון),4,8,12
2021-10-10T00:00:00.000Z,תוניסיה,0,3,3
2021-10-10T00:00:00.000Z,תאילנד,9,5,14
2021-10-10T00:00:00.000Z,שוויץ,189,93,282
2021-10-10T00:00:00.000Z,שוודיה,11,7,18
2021-10-10T00:00:00.000Z,רוסיה,149,162,311
2021-10-10T00:00:00.000Z,רומניה,262,16,278
2021-10-10T00:00:00.000Z,רואנדה,0,1,1
2021-10-10T00:00:00.000Z,קרואטיה,16,2,18
2021-10-10T00:00:00.000Z,קפריסין,722,54,776
2021-10-10T00:00:00.000Z,קנדה,54,24,78
2021-10-10T00:00:00.000Z,קמרון,1,0,1
2021-10-10T00:00:00.000Z,קזחסטאן,2,3,5
2021-10-10T00:00:00.000Z,קוריאה הדרומית,5,3,8
2021-10-10T00:00:00.000Z,קוסטה ריקה,16,0,16
2021-10-10T00:00:00.000Z,קולומביה,3,2,5
2021-10-10T00:00:00.000Z,צרפת,415,288,703
2021-10-10T00:00:00.000Z,צכיה,542,30,572
2021-10-10T00:00:00.000Z,פרו,4,4,8
2021-10-10T00:00:00.000Z,פנמה,3,2,5
2021-10-10T00:00:00.000Z,פיליפינים,2,9,11
2021-10-10T00:00:00.000Z,סרביה,49,6,55
2021-10-10T00:00:00.000Z,ספרד,364,94,458
2021-10-10T00:00:00.000Z,סלובקיה,0,1,1
2021-10-10T00:00:00.000Z,סלובניה,1,1,2
2021-10-10T00:00:00.000Z,סין,0,1,1
2021-10-10T00:00:00.000Z,נפאל,8,1,9
2021-10-10T00:00:00.000Z,נמיביה,4,0,4
2021-10-10T00:00:00.000Z,ניגריה,2,0,2
2021-10-10T00:00:00.000Z,נורבגיה,5,2,7
2021-10-10T00:00:00.000Z,מרוקו,32,8,40
2021-10-10T00:00:00.000Z,מקסיקו,2,1,3
2021-10-10T00:00:00.000Z,מקאו,0,2,2
2021-10-10T00:00:00.000Z,מצרים,1437,160,1597
2021-10-10T00:00:00.000Z,מלטה,2,0,2
2021-10-10T00:00:00.000Z,מלדיבים,11,0,11
2021-10-10T00:00:00.000Z,מונטנגרו,134,2,136
2021-10-10T00:00:00.000Z,מולדובה,75,63,138
2021-10-10T00:00:00.000Z,מאלי,1,0,1
2021-10-10T00:00:00.000Z,איחוד האמירויות הערב,275,49,324
2021-10-10T00:00:00.000Z,ליטא,101,16,117
2021-10-10T00:00:00.000Z,כלל המדינות,13598,6342,19940
2021-10-10T00:00:00.000Z,ירדן,305,77,382
2021-10-10T00:00:00.000Z,יפן,1,0,1
2021-10-10T00:00:00.000Z,יוון,1242,91,1333
2021-10-10T00:00:00.000Z,טנזניה,2,0,2
2021-10-10T00:00:00.000Z,טוגו,1,0,1
2021-10-10T00:00:00.000Z,הרפ הדומיניקנית,0,5,5
2021-10-10T00:00:00.000Z,הממלכה המאוחדת,375,286,661
2021-10-10T00:00:00.000Z,הונגריה,613,31,644
2021-10-10T00:00:00.000Z,הולנד,340,50,390
2021-10-10T00:00:00.000Z,הודו,8,3,11
2021-10-10T00:00:00.000Z,דרום סודאן,1,0,1
2021-10-10T00:00:00.000Z,דרום אפריקה,3,6,9
2021-10-10T00:00:00.000Z,דנמרק,43,12,55
2021-10-10T00:00:00.000Z,גרמניה,355,173,528
2021-10-10T00:00:00.000Z,גיברלטר,3,0,3
2021-10-10T00:00:00.000Z,גויאנה הצרפתית,3,0,3
2021-10-10T00:00:00.000Z,גויאנה,1,0,1
2021-10-10T00:00:00.000Z,גווטאמלה,2,2,4
2021-10-10T00:00:00.000Z,גאנה,1,2,3
2021-10-10T00:00:00.000Z,גאורגיה,866,64,930
2021-10-10T00:00:00.000Z,ברמודה,0,1,1
2021-10-10T00:00:00.000Z,ברזיל,0,2,2
2021-10-10T00:00:00.000Z,בלגיה,42,74,116
2021-10-10T00:00:00.000Z,בילורוסיה,114,43,157
2021-10-10T00:00:00.000Z,בורקינה פאסו,1,0,1
2021-10-10T00:00:00.000Z,בוסניה הרצגובינה,2,0,2
2021-10-10T00:00:00.000Z,בולגריה,50,46,96
2021-10-10T00:00:00.000Z,ארצות הברית,723,573,1296
2021-10-10T00:00:00.000Z,ארמניה,1,1,2
2021-10-10T00:00:00.000Z,ארגנטינה,10,4,14
2021-10-10T00:00:00.000Z,אקואדור,1,1,2
2021-10-10T00:00:00.000Z,אסטוניה,0,1,1
2021-10-10T00:00:00.000Z,אל סלבדור,1,0,1
2021-10-10T00:00:00.000Z,אירלנד,9,1,10
2021-10-10T00:00:00.000Z,איסלנד,5,0,5
2021-10-10T00:00:00.000Z,איי סיישל,3,0,3
2021-10-10T00:00:00.000Z,איטליה,897,97,994
2021-10-10T00:00:00.000Z,אזרביג'אן,64,9,73
2021-10-10T00:00:00.000Z,אורגוואי,1,0,1
2021-10-10T00:00:00.000Z,אוקראינה,274,119,393
2021-10-10T00:00:00.000Z,אוסטרליה,4,1,5
2021-10-10T00:00:00.000Z,אוסטריה,442,59,501
2021-10-10T00:00:00.000Z,אוזבקיסטן,4,3,7
2021-10-10T00:00:00.000Z,אוגנדה,2,4,6
2021-10-10T00:00:00.000Z,אבחזיסטאן,0,3,3
2021-10-10T00:00:00.000Z,תורכיה,384,98,482
2021-10-10T00:00:00.000Z,פולין,85,12,97
2021-10-10T00:00:00.000Z,פורטוגל,89,13,102
2021-10-11T00:00:00.000Z,צרפת,683,282,965
2021-10-11T00:00:00.000Z,נפאל,24,0,24
2021-10-11T00:00:00.000Z,גיברלטר,0,1,1
2021-10-11T00:00:00.000Z,גווטאמלה,1,3,4
2021-10-11T00:00:00.000Z,גאנה,5,4,9
2021-10-11T00:00:00.000Z,גאורגיה,411,41,452
2021-10-11T00:00:00.000Z,ברזיל,2,13,15
2021-10-11T00:00:00.000Z,בלגיה,84,52,136
2021-10-11T00:00:00.000Z,בילורוסיה,1,0,1
2021-10-11T00:00:00.000Z,בחריין,24,1,25
2021-10-11T00:00:00.000Z,בוסניה הרצגובינה,19,14,33
2021-10-11T00:00:00.000Z,בולגריה,3,2,5
2021-10-11T00:00:00.000Z,בוטסואנה,1,0,1
2021-10-11T00:00:00.000Z,אתיופיה,27,29,56
2021-10-11T00:00:00.000Z,ארצות הברית,992,1258,2250
2021-10-11T00:00:00.000Z,ארמניה,2,2,4
2021-10-11T00:00:00.000Z,איחוד האמירויות הערב,140,19,159
2021-10-11T00:00:00.000Z,אבחזיסטאן,0,2,2
2021-10-11T00:00:00.000Z,אוזבקיסטן,121,96,217
2021-10-11T00:00:00.000Z,אוסטריה,810,68,878
2021-10-11T00:00:00.000Z,אוסטרליה,4,1,5
2021-10-11T00:00:00.000Z,אוקראינה,471,211,682
2021-10-11T00:00:00.000Z,אורגוואי,0,2,2
2021-10-11T00:00:00.000Z,אזרביג'אן,62,8,70
2021-10-11T00:00:00.000Z,איטליה,703,80,783
2021-10-11T00:00:00.000Z,אינדונזיה,0,1,1
2021-10-11T00:00:00.000Z,איסלנד,10,0,10
2021-10-11T00:00:00.000Z,אירלנד,6,0,6
2021-10-11T00:00:00.000Z,אלבניה,4,0,4
2021-10-11T00:00:00.000Z,אנגולה,7,0,7
2021-10-11T00:00:00.000Z,אסטוניה,1,0,1
2021-10-11T00:00:00.000Z,אקואדור,1,6,7
2021-10-11T00:00:00.000Z,תורכמניסטאן,3,4,7
2021-10-11T00:00:00.000Z,תורכיה,300,130,430
2021-10-11T00:00:00.000Z,תאילנד,54,181,235
2021-10-11T00:00:00.000Z,שוויץ,127,51,178
2021-10-11T00:00:00.000Z,שוודיה,6,19,25
2021-10-11T00:00:00.000Z,רוסיה,266,252,518
2021-10-11T00:00:00.000Z,רומניה,356,21,377
2021-10-11T00:00:00.000Z,רואנדה,2,0,2
2021-10-11T00:00:00.000Z,קרואטיה,6,0,6
2021-10-11T00:00:00.000Z,קפריסין,424,33,457
2021-10-11T00:00:00.000Z,קניה,3,1,4
2021-10-11T00:00:00.000Z,קנדה,55,58,113
2021-10-11T00:00:00.000Z,קמרון,1,0,1
2021-10-11T00:00:00.000Z,קירג'זסטאן,1,1,2
2021-10-11T00:00:00.000Z,קזחסטאן,2,4,6
2021-10-11T00:00:00.000Z,קוריאה הדרומית,0,4,4
2021-10-11T00:00:00.000Z,קוסטה ריקה,7,3,10
2021-10-11T00:00:00.000Z,קולומביה,7,9,16
2021-10-11T00:00:00.000Z,ארגנטינה,0,1,1
2021-10-11T00:00:00.000Z,צכיה,337,22,359
2021-10-11T00:00:00.000Z,פרו,4,6,10
2021-10-11T00:00:00.000Z,פנמה,11,9,20
2021-10-11T00:00:00.000Z,פינלנד,4,2,6
2021-10-11T00:00:00.000Z,פיליפינים,1,2,3
2021-10-11T00:00:00.000Z,פורטוגל,117,10,127
2021-10-11T00:00:00.000Z,פולין,191,27,218
2021-10-11T00:00:00.000Z,סרי לנקה (צילון),0,3,3
2021-10-11T00:00:00.000Z,סרביה,16,13,29
2021-10-11T00:00:00.000Z,ספרד,396,109,505
2021-10-11T00:00:00.000Z,סנגל,2,0,2
2021-10-11T00:00:00.000Z,סלובקיה,2,0,2
2021-10-11T00:00:00.000Z,סינגפור,1,0,1
2021-10-11T00:00:00.000Z,סין,0,2,2
2021-10-11T00:00:00.000Z,גרמניה,450,105,555
2021-10-11T00:00:00.000Z,דנמרק,5,5,10
2021-10-11T00:00:00.000Z,דרום אפריקה,14,27,41
2021-10-11T00:00:00.000Z,הודו,88,79,167
2021-10-11T00:00:00.000Z,הולנד,234,24,258
2021-10-11T00:00:00.000Z,הונגריה,391,20,411
2021-10-11T00:00:00.000Z,הממלכה המאוחדת,603,430,1033
2021-10-11T00:00:00.000Z,הרפ הדומיניקנית,2,0,2
2021-10-11T00:00:00.000Z,ונצואלה,1,0,1
2021-10-11T00:00:00.000Z,זאיר,2,0,2
2021-10-11T00:00:00.000Z,זמביה,2,1,3
2021-10-11T00:00:00.000Z,חוף השנהב,1,0,1
2021-10-11T00:00:00.000Z,טובלו,1,0,1
2021-10-11T00:00:00.000Z,טוגו,2,0,2
2021-10-11T00:00:00.000Z,טיוואן,0,1,1
2021-10-11T00:00:00.000Z,טנזניה,19,3,22
2021-10-11T00:00:00.000Z,יוון,820,62,882
2021-10-11T00:00:00.000Z,ירדן,82,47,129
2021-10-11T00:00:00.000Z,כלל המדינות,11992,7425,19417
2021-10-11T00:00:00.000Z,לוכסמבורג,0,4,4
2021-10-11T00:00:00.000Z,לטביה,5,2,7
2021-10-11T00:00:00.000Z,ליטא,8,2,10
2021-10-11T00:00:00.000Z,מאוריציוס,4,1,5
2021-10-11T00:00:00.000Z,מאלי,2,0,2
2021-10-11T00:00:00.000Z,מולדובה,1,42,43
2021-10-11T00:00:00.000Z,מונטנגרו,94,1,95
2021-10-11T00:00:00.000Z,מלדיבים,9,0,9
2021-10-11T00:00:00.000Z,מלטה,2,1,3
2021-10-11T00:00:00.000Z,מצרים,722,89,811
2021-10-11T00:00:00.000Z,מקדוניה,2,0,2
2021-10-11T00:00:00.000Z,מקסיקו,9,10,19
2021-10-11T00:00:00.000Z,מרוקו,5,0,5
2021-10-11T00:00:00.000Z,נורבגיה,2,1,3
2021-10-11T00:00:00.000Z,ניגריה,4,2,6
2021-10-12T00:00:00.000Z,אוזבקיסטן,6,3,9
2021-10-12T00:00:00.000Z,ברזיל,1,0,1
2021-10-12T00:00:00.000Z,פולין,160,21,181
2021-10-12T00:00:00.000Z,עירק,0,4,4
2021-10-12T00:00:00.000Z,סרי לנקה (צילון),2,1,3
2021-10-12T00:00:00.000Z,סרביה,5,0,5
2021-10-12T00:00:00.000Z,ספרד,239,49,288
2021-10-12T00:00:00.000Z,סלובניה,9,0,9
2021-10-12T00:00:00.000Z,סינגפור,0,3,3
2021-10-12T00:00:00.000Z,נפאל,2,0,2
2021-10-12T00:00:00.000Z,נמיביה,0,1,1
2021-10-12T00:00:00.000Z,בלגיה,11,11,22
2021-10-12T00:00:00.000Z,בילורוסיה,2,0,2
2021-10-12T00:00:00.000Z,בוסניה הרצגובינה,1,0,1
2021-10-12T00:00:00.000Z,בולגריה,5,0,5
2021-10-12T00:00:00.000Z,אתיופיה,32,19,51
2021-10-12T00:00:00.000Z,ארצות הברית,889,1075,1964
2021-10-12T00:00:00.000Z,ארמניה,4,1,5
2021-10-12T00:00:00.000Z,ארגנטינה,37,49,86
2021-10-12T00:00:00.000Z,אקואדור,1,1,2
2021-10-12T00:00:00.000Z,אסטוניה,1,0,1
2021-10-12T00:00:00.000Z,מרוקו,81,15,96
2021-10-12T00:00:00.000Z,נורבגיה,1,3,4
2021-10-12T00:00:00.000Z,מקסיקו,13,11,24
2021-10-12T00:00:00.000Z,מלטה,1,2,3
2021-10-12T00:00:00.000Z,מלדיבים,25,0,25
2021-10-12T00:00:00.000Z,מלאווי,0,1,1
2021-10-12T00:00:00.000Z,מונטנגרו,5,1,6
2021-10-12T00:00:00.000Z,מולדובה,44,25,69
2021-10-12T00:00:00.000Z,ליכטנשטיין,0,1,1
2021-10-12T00:00:00.000Z,ליטא,6,3,9
2021-10-12T00:00:00.000Z,לטביה,25,16,41
2021-10-12T00:00:00.000Z,כלל המדינות,8005,5439,13444
2021-10-12T00:00:00.000Z,ירדן,58,34,92
2021-10-12T00:00:00.000Z,יוון,543,59,602
2021-10-12T00:00:00.000Z,טרינידד וטובגו,1,0,1
2021-10-12T00:00:00.000Z,טנזניה,12,0,12
2021-10-12T00:00:00.000Z,חוף השנהב,1,1,2
2021-10-12T00:00:00.000Z,פורטוגל,17,2,19
2021-10-12T00:00:00.000Z,איחוד האמירויות הערב,146,23,169
2021-10-12T00:00:00.000Z,זמביה,1,0,1
2021-10-12T00:00:00.000Z,פיליפינים,1,1,2
2021-10-12T00:00:00.000Z,פנמה,11,9,20
2021-10-12T00:00:00.000Z,פרגוואי,1,1,2
2021-10-12T00:00:00.000Z,אבחזיסטאן,1,0,1
2021-10-12T00:00:00.000Z,אוגנדה,0,1,1
2021-10-12T00:00:00.000Z,מצרים,546,66,612
2021-10-12T00:00:00.000Z,אוסטריה,351,43,394
2021-10-12T00:00:00.000Z,אוקראינה,161,90,251
2021-10-12T00:00:00.000Z,אורגוואי,3,3,6
2021-10-12T00:00:00.000Z,אזרביג'אן,4,0,4
2021-10-12T00:00:00.000Z,איטליה,240,30,270
2021-10-12T00:00:00.000Z,איי סיישל,2,4,6
2021-10-12T00:00:00.000Z,איסלנד,11,1,12
2021-10-12T00:00:00.000Z,אירלנד,3,3,6
2021-10-12T00:00:00.000Z,אלבניה,3,0,3
2021-10-12T00:00:00.000Z,אנגולה,1,0,1
2021-10-12T00:00:00.000Z,פרו,5,6,11
2021-10-12T00:00:00.000Z,צכיה,289,17,306
2021-10-12T00:00:00.000Z,צרפת,623,316,939
2021-10-12T00:00:00.000Z,קולומביה,4,3,7
2021-10-12T00:00:00.000Z,קוסטה ריקה,17,9,26
2021-10-12T00:00:00.000Z,קוריאה הדרומית,1,4,5
2021-10-12T00:00:00.000Z,קזחסטאן,0,1,1
2021-10-12T00:00:00.000Z,קירג'זסטאן,2,0,2
2021-10-12T00:00:00.000Z,קמרון,2,0,2
2021-10-12T00:00:00.000Z,קנדה,120,175,295
2021-10-12T00:00:00.000Z,קניה,7,1,8
2021-10-12T00:00:00.000Z,קפריסין,162,30,192
2021-10-12T00:00:00.000Z,קרואטיה,5,2,7
2021-10-12T00:00:00.000Z,רואנדה,3,0,3
2021-10-12T00:00:00.000Z,רומניה,80,14,94
2021-10-12T00:00:00.000Z,רוסיה,165,261,426
2021-10-12T00:00:00.000Z,שוודיה,4,5,9
2021-10-12T00:00:00.000Z,שוויץ,133,48,181
2021-10-12T00:00:00.000Z,תוניסיה,1,0,1
2021-10-12T00:00:00.000Z,תורכיה,442,209,651
2021-10-12T00:00:00.000Z,זאיר,0,1,1
2021-10-12T00:00:00.000Z,ונצואלה,1,1,2
2021-10-12T00:00:00.000Z,הרפ הדומיניקנית,3,4,7
2021-10-12T00:00:00.000Z,הממלכה המאוחדת,404,244,648
2021-10-12T00:00:00.000Z,הונגריה,358,36,394
2021-10-12T00:00:00.000Z,הולנד,278,28,306
2021-10-12T00:00:00.000Z,הודו,5,3,8
2021-10-12T00:00:00.000Z,דרום אפריקה,24,18,42
2021-10-12T00:00:00.000Z,דנמרק,7,3,10
2021-10-12T00:00:00.000Z,גרמניה,421,175,596
2021-10-12T00:00:00.000Z,גינאה,1,0,1
2021-10-12T00:00:00.000Z,גווטאמלה,1,1,2
2021-10-12T00:00:00.000Z,גאנה,1,31,32
2021-10-12T00:00:00.000Z,גאורגיה,162,36,198
2021-10-12T00:00:00.000Z,ניגריה,2,4,6
2021-10-13T00:00:00.000Z,כלל המדינות,7526,5816,13342
2021-10-13T00:00:00.000Z,תורכמניסטאן,2,1,3
2021-10-13T00:00:00.000Z,תוניסיה,1,1,2
2021-10-13T00:00:00.000Z,תאילנד,1,1,2
2021-10-13T00:00:00.000Z,שוויץ,100,42,142
2021-10-13T00:00:00.000Z,שוודיה,5,4,9
2021-10-13T00:00:00.000Z,רוסיה,98,207,305
2021-10-13T00:00:00.000Z,רומניה,222,22,244
2021-10-13T00:00:00.000Z,רואנדה,1,0,1
2021-10-13T00:00:00.000Z,קרואטיה,7,2,9
2021-10-13T00:00:00.000Z,קפריסין,194,48,242
2021-10-13T00:00:00.000Z,קניה,19,3,22
2021-10-13T00:00:00.000Z,קנדה,45,72,117
2021-10-13T00:00:00.000Z,קמרון,1,0,1
2021-10-13T00:00:00.000Z,קירג'זסטאן,1,0,1
2021-10-13T00:00:00.000Z,קטר,0,2,2
2021-10-13T00:00:00.000Z,קזחסטאן,0,2,2
2021-10-13T00:00:00.000Z,קוריאה הדרומית,1,3,4
2021-10-13T00:00:00.000Z,קוסטה ריקה,5,7,12
2021-10-13T00:00:00.000Z,קונגו,1,0,1
2021-10-13T00:00:00.000Z,קולומביה,0,2,2
2021-10-13T00:00:00.000Z,צרפת,440,333,773
2021-10-13T00:00:00.000Z,צכיה,163,18,181
2021-10-13T00:00:00.000Z,פרו,7,5,12
2021-10-13T00:00:00.000Z,פנמה,6,6,12
2021-10-13T00:00:00.000Z,פינלנד,36,22,58
2021-10-13T00:00:00.000Z,פיליפינים,1,15,16
2021-10-13T00:00:00.000Z,פורטוגל,66,10,76
2021-10-13T00:00:00.000Z,פולין,70,8,78
2021-10-13T00:00:00.000Z,ערב הסעודית,4,0,4
2021-10-13T00:00:00.000Z,סרי לנקה (צילון),2,2,4
2021-10-13T00:00:00.000Z,סרביה,6,0,6
2021-10-13T00:00:00.000Z,ספרד,155,22,177
2021-10-13T00:00:00.000Z,סלובניה,4,0,4
2021-10-13T00:00:00.000Z,סינגפור,0,2,2
2021-10-13T00:00:00.000Z,סין,0,14,14
2021-10-13T00:00:00.000Z,נפאל,1,0,1
2021-10-13T00:00:00.000Z,ניו זילנד,0,1,1
2021-10-13T00:00:00.000Z,ניגריה,4,6,10
2021-10-13T00:00:00.000Z,נורבגיה,2,3,5
2021-10-13T00:00:00.000Z,מרוקו,13,1,14
2021-10-13T00:00:00.000Z,מקסיקו,3,5,8
2021-10-13T00:00:00.000Z,מקדוניה,4,1,5
2021-10-13T00:00:00.000Z,מלדיבים,15,1,16
2021-10-13T00:00:00.000Z,מונטנגרו,101,4,105
2021-10-13T00:00:00.000Z,מולדובה,1,1,2
2021-10-13T00:00:00.000Z,ליטא,1,0,1
2021-10-13T00:00:00.000Z,לטביה,3,0,3
2021-10-13T00:00:00.000Z,לוכסמבורג,0,1,1
2021-10-13T00:00:00.000Z,תורכיה,431,110,541
2021-10-13T00:00:00.000Z,ירדן,25,16,41
2021-10-13T00:00:00.000Z,יפן,0,2,2
2021-10-13T00:00:00.000Z,יוון,370,41,411
2021-10-13T00:00:00.000Z,טנזניה,90,6,96
2021-10-13T00:00:00.000Z,טיוואן,0,3,3
2021-10-13T00:00:00.000Z,זאיר,2,0,2
2021-10-13T00:00:00.000Z,ונצואלה,4,0,4
2021-10-13T00:00:00.000Z,הממלכה המאוחדת,370,298,668
2021-10-13T00:00:00.000Z,הונגריה,366,76,442
2021-10-13T00:00:00.000Z,הונג קונג,3,3,6
2021-10-13T00:00:00.000Z,הולנד,184,48,232
2021-10-13T00:00:00.000Z,הודו,12,97,109
2021-10-13T00:00:00.000Z,האיטי,1,0,1
2021-10-13T00:00:00.000Z,דרום סודאן,2,0,2
2021-10-13T00:00:00.000Z,דרום אפריקה,30,52,82
2021-10-13T00:00:00.000Z,דנמרק,4,6,10
2021-10-13T00:00:00.000Z,גרמניה,460,152,612
2021-10-13T00:00:00.000Z,גמביה,3,0,3
2021-10-13T00:00:00.000Z,גיברלטר,0,1,1
2021-10-13T00:00:00.000Z,גויאנה,1,0,1
2021-10-13T00:00:00.000Z,גאורגיה,93,12,105
2021-10-13T00:00:00.000Z,ברזיל,2,3,5
2021-10-13T00:00:00.000Z,בלגיה,13,12,25
2021-10-13T00:00:00.000Z,בילורוסיה,60,55,115
2021-10-13T00:00:00.000Z,בוסניה הרצגובינה,12,4,16
2021-10-13T00:00:00.000Z,בולגריה,45,41,86
2021-10-13T00:00:00.000Z,בוטסואנה,4,1,5
2021-10-13T00:00:00.000Z,בהמס,1,0,1
2021-10-13T00:00:00.000Z,אתיופיה,22,31,53
2021-10-13T00:00:00.000Z,ארצות הברית,814,983,1797
2021-10-13T00:00:00.000Z,ארמניה,2,1,3
2021-10-13T00:00:00.000Z,אקואדור,0,1,1
2021-10-13T00:00:00.000Z,איחוד האמירויות הערב,269,33,302
2021-10-13T00:00:00.000Z,אסטוניה,3,0,3
2021-10-13T00:00:00.000Z,אלגיריה,0,1,1
2021-10-13T00:00:00.000Z,אלבניה,3,0,3
2021-10-13T00:00:00.000Z,אירלנד,1,0,1
2021-10-13T00:00:00.000Z,איסלנד,3,0,3
2021-10-13T00:00:00.000Z,איי סיישל,109,11,120
2021-10-13T00:00:00.000Z,איי גילברט ואליס,0,1,1
2021-10-13T00:00:00.000Z,איטליה,288,34,322
2021-10-13T00:00:00.000Z,אזרביג'אן,4,0,4
2021-10-13T00:00:00.000Z,אוקראינה,311,268,579
2021-10-13T00:00:00.000Z,אוסטרליה,2,8,10
2021-10-13T00:00:00.000Z,אוסטריה,357,73,430
2021-10-13T00:00:00.000Z,אוזבקיסטן,3,0,3
2021-10-13T00:00:00.000Z,אוגנדה,1,0,1
2021-10-13T00:00:00.000Z,אבחזיסטאן,2,2,4
2021-10-13T00:00:00.000Z,מצרים,407,53,460
2021-10-14T00:00:00.000Z,הונגריה,478,53,531
2021-10-14T00:00:00.000Z,הונדורס,1,0,1
2021-10-14T00:00:00.000Z,הממלכה המאוחדת,349,248,597
2021-10-14T00:00:00.000Z,ונצואלה,0,1,1
2021-10-14T00:00:00.000Z,זאיר,2,0,2
2021-10-14T00:00:00.000Z,זימבאבווה,1,0,1
2021-10-14T00:00:00.000Z,זמביה,1,0,1
2021-10-14T00:00:00.000Z,חוף השנהב,1,0,1
2021-10-14T00:00:00.000Z,טנזניה,17,0,17
2021-10-14T00:00:00.000Z,יוון,615,64,679
2021-10-14T00:00:00.000Z,יפן,0,1,1
2021-10-14T00:00:00.000Z,ירדן,79,49,128
2021-10-14T00:00:00.000Z,כלל המדינות,11188,6385,17573
2021-10-14T00:00:00.000Z,לוכסמבורג,2,0,2
2021-10-14T00:00:00.000Z,לטביה,0,4,4
2021-10-14T00:00:00.000Z,ליטא,89,10,99
2021-10-14T00:00:00.000Z,מוזמביק,0,1,1
2021-10-14T00:00:00.000Z,מולדובה,78,35,113
2021-10-14T00:00:00.000Z,מונטנגרו,188,0,188
2021-10-14T00:00:00.000Z,מיאנמר (בורמה),0,1,1
2021-10-14T00:00:00.000Z,מלאווי,1,0,1
2021-10-14T00:00:00.000Z,מלדיבים,18,2,20
2021-10-14T00:00:00.000Z,מלטה,2,0,2
2021-10-14T00:00:00.000Z,מצרים,690,122,812
2021-10-14T00:00:00.000Z,מקאו,1,0,1
2021-10-14T00:00:00.000Z,מקדוניה,2,0,2
2021-10-14T00:00:00.000Z,מקסיקו,6,22,28
2021-10-14T00:00:00.000Z,מרוקו,114,18,132
2021-10-14T00:00:00.000Z,נורבגיה,2,5,7
2021-10-14T00:00:00.000Z,ניגריה,2,2,4
2021-10-14T00:00:00.000Z,ניו זילנד,0,2,2
2021-10-14T00:00:00.000Z,נמיביה,1,0,1
2021-10-14T00:00:00.000Z,נפאל,3,0,3
2021-10-14T00:00:00.000Z,סין,2,169,171
2021-10-14T00:00:00.000Z,ספרד,279,63,342
2021-10-14T00:00:00.000Z,סרביה,73,8,81
2021-10-14T00:00:00.000Z,ערב הסעודית,2,0,2
2021-10-14T00:00:00.000Z,פולין,83,16,99
2021-10-14T00:00:00.000Z,פורטוגל,200,36,236
2021-10-14T00:00:00.000Z,פיליפינים,1,3,4
2021-10-14T00:00:00.000Z,פינלנד,5,1,6
2021-10-14T00:00:00.000Z,פנמה,6,12,18
2021-10-14T00:00:00.000Z,פרו,8,6,14
2021-10-14T00:00:00.000Z,צ'ילה,1,0,1
2021-10-14T00:00:00.000Z,צכיה,301,28,329
2021-10-14T00:00:00.000Z,צרפת,630,317,947
2021-10-14T00:00:00.000Z,קולומביה,8,18,26
2021-10-14T00:00:00.000Z,קונגו,1,0,1
2021-10-14T00:00:00.000Z,קוסטה ריקה,7,0,7
2021-10-14T00:00:00.000Z,קוריאה הדרומית,0,5,5
2021-10-14T00:00:00.000Z,קזחסטאן,10,2,12
2021-10-14T00:00:00.000Z,קטר,2,0,2
2021-10-14T00:00:00.000Z,קירג'זסטאן,10,1,11
2021-10-14T00:00:00.000Z,קמרון,1,1,2
2021-10-14T00:00:00.000Z,קנדה,48,98,146
2021-10-14T00:00:00.000Z,קניה,5,0,5
2021-10-14T00:00:00.000Z,קפריסין,443,45,488
2021-10-14T00:00:00.000Z,קרואטיה,8,1,9
2021-10-14T00:00:00.000Z,רואנדה,0,1,1
2021-10-14T00:00:00.000Z,רומניה,165,48,213
2021-10-14T00:00:00.000Z,רוסיה,198,249,447
2021-10-14T00:00:00.000Z,שוודיה,12,11,23
2021-10-14T00:00:00.000Z,שוויץ,119,47,166
2021-10-14T00:00:00.000Z,תאילנד,0,1,1
2021-10-14T00:00:00.000Z,תוניסיה,0,3,3
2021-10-14T00:00:00.000Z,תורכיה,686,216,902
2021-10-14T00:00:00.000Z,תורכמניסטאן,4,2,6
2021-10-14T00:00:00.000Z,אלבניה,2,0,2
2021-10-14T00:00:00.000Z,אוגנדה,3,0,3
2021-10-14T00:00:00.000Z,אוזבקיסטן,12,1,13
2021-10-14T00:00:00.000Z,אוסטריה,431,60,491
2021-10-14T00:00:00.000Z,אוסטרליה,1,5,6
2021-10-14T00:00:00.000Z,אוקראינה,195,175,370
2021-10-14T00:00:00.000Z,אזרביג'אן,48,8,56
2021-10-14T00:00:00.000Z,איטליה,651,94,745
2021-10-14T00:00:00.000Z,איי טורקס וקייקוס,1,0,1
2021-10-14T00:00:00.000Z,איי סיישל,2,0,2
2021-10-14T00:00:00.000Z,איסלנד,11,0,11
2021-10-14T00:00:00.000Z,אירלנד,6,2,8
2021-10-14T00:00:00.000Z,איחוד האמירויות הערב,286,61,347
2021-10-14T00:00:00.000Z,אנגולה,1,1,2
2021-10-14T00:00:00.000Z,אסטוניה,3,0,3
2021-10-14T00:00:00.000Z,ארגנטינה,4,31,35
2021-10-14T00:00:00.000Z,ארמניה,1,0,1
2021-10-14T00:00:00.000Z,ארצות הברית,954,1081,2035
2021-10-14T00:00:00.000Z,אתיופיה,42,19,61
2021-10-14T00:00:00.000Z,בולגריה,17,8,25
2021-10-14T00:00:00.000Z,בחריין,33,1,34
2021-10-14T00:00:00.000Z,בילורוסיה,63,45,108
2021-10-14T00:00:00.000Z,בלגיה,38,49,87
2021-10-14T00:00:00.000Z,ברזיל,3,3,6
2021-10-14T00:00:00.000Z,גאורגיה,809,90,899
2021-10-14T00:00:00.000Z,גאנה,5,2,7
2021-10-14T00:00:00.000Z,גבון,1,0,1
2021-10-14T00:00:00.000Z,גווטאמלה,0,1,1
2021-10-14T00:00:00.000Z,גויאנה,0,1,1
2021-10-14T00:00:00.000Z,גינאה המשוונית,3,3,6
2021-10-14T00:00:00.000Z,גרמניה,212,64,276
2021-10-14T00:00:00.000Z,דנמרק,61,64,125
2021-10-14T00:00:00.000Z,דרום אפריקה,35,26,61
2021-10-14T00:00:00.000Z,דרום סודאן,2,0,2
2021-10-14T00:00:00.000Z,הודו,11,1,12
2021-10-14T00:00:00.000Z,הולנד,243,42,285
2021-10-14T00:00:00.000Z,הונג קונג,2,16,18
2021-10-15T00:00:00.000Z,כלל המדינות,10995,4439,15434
2021-10-15T00:00:00.000Z,תורכמניסטאן,1,0,1
2021-10-15T00:00:00.000Z,תאילנד,101,43,144
2021-10-15T00:00:00.000Z,שוויץ,318,124,442
2021-10-15T00:00:00.000Z,שוודיה,10,7,17
2021-10-15T00:00:00.000Z,רוסיה,181,131,312
2021-10-15T00:00:00.000Z,רומניה,276,27,303
2021-10-15T00:00:00.000Z,קרואטיה,17,1,18
2021-10-15T00:00:00.000Z,קפריסין,243,38,281
2021-10-15T00:00:00.000Z,קניה,2,0,2
2021-10-15T00:00:00.000Z,קנדה,83,54,137
2021-10-15T00:00:00.000Z,קמבודיה,0,2,2
2021-10-15T00:00:00.000Z,קטר,2,0,2
2021-10-15T00:00:00.000Z,קזחסטאן,1,1,2
2021-10-15T00:00:00.000Z,קוריאה הדרומית,4,3,7
2021-10-15T00:00:00.000Z,קוסטה ריקה,18,18,36
2021-10-15T00:00:00.000Z,קולומביה,0,1,1
2021-10-15T00:00:00.000Z,צרפת,679,220,899
2021-10-15T00:00:00.000Z,צכיה,431,18,449
2021-10-15T00:00:00.000Z,פרו,6,1,7
2021-10-15T00:00:00.000Z,פנמה,3,1,4
2021-10-15T00:00:00.000Z,פינלנד,44,22,66
2021-10-15T00:00:00.000Z,פיליפינים,1,0,1
2021-10-15T00:00:00.000Z,פורטוגל,49,4,53
2021-10-15T00:00:00.000Z,פולין,245,33,278
2021-10-15T00:00:00.000Z,ערב הסעודית,1,0,1
2021-10-15T00:00:00.000Z,סרי לנקה (צילון),1,2,3
2021-10-15T00:00:00.000Z,סרביה,4,1,5
2021-10-15T00:00:00.000Z,ספרד,407,38,445
2021-10-15T00:00:00.000Z,סלובניה,3,0,3
2021-10-15T00:00:00.000Z,סינגפור,5,0,5
2021-10-15T00:00:00.000Z,נפאל,9,0,9
2021-10-15T00:00:00.000Z,ניגריה,6,0,6
2021-10-15T00:00:00.000Z,נורבגיה,6,1,7
2021-10-15T00:00:00.000Z,מרוקו,15,0,15
2021-10-15T00:00:00.000Z,מקסיקו,22,4,26
2021-10-15T00:00:00.000Z,מקדוניה,1,0,1
2021-10-15T00:00:00.000Z,מצרים,523,72,595
2021-10-15T00:00:00.000Z,מלטה,2,0,2
2021-10-15T00:00:00.000Z,מלדיבים,5,2,7
2021-10-15T00:00:00.000Z,מונטנגרו,66,5,71
2021-10-15T00:00:00.000Z,מולדובה,32,23,55
2021-10-15T00:00:00.000Z,מאוריציוס,3,0,3
2021-10-15T00:00:00.000Z,ליטא,3,1,4
2021-10-15T00:00:00.000Z,לטביה,1,0,1
2021-10-15T00:00:00.000Z,לוכסמבורג,1,0,1
2021-10-15T00:00:00.000Z,תורכיה,537,147,684
2021-10-15T00:00:00.000Z,ירדן,5,2,7
2021-10-15T00:00:00.000Z,יפן,0,1,1
2021-10-15T00:00:00.000Z,יוון,495,45,540
2021-10-15T00:00:00.000Z,טנזניה,4,0,4
2021-10-15T00:00:00.000Z,טיוואן,0,2,2
2021-10-15T00:00:00.000Z,חוף השנהב,2,0,2
2021-10-15T00:00:00.000Z,זאיר,2,0,2
2021-10-15T00:00:00.000Z,ויטנאם,0,1,1
2021-10-15T00:00:00.000Z,הרפ הדומיניקנית,0,1,1
2021-10-15T00:00:00.000Z,איחוד האמירויות הערב,290,70,360
2021-10-15T00:00:00.000Z,אוגנדה,0,1,1
2021-10-15T00:00:00.000Z,הממלכה המאוחדת,438,160,598
2021-10-15T00:00:00.000Z,הונדורס,1,0,1
2021-10-15T00:00:00.000Z,הונגריה,364,38,402
2021-10-15T00:00:00.000Z,הולנד,259,94,353
2021-10-15T00:00:00.000Z,הודו,23,3,26
2021-10-15T00:00:00.000Z,דרום אפריקה,3,1,4
2021-10-15T00:00:00.000Z,דנמרק,13,4,17
2021-10-15T00:00:00.000Z,גרמניה,713,168,881
2021-10-15T00:00:00.000Z,גווטאמלה,0,3,3
2021-10-15T00:00:00.000Z,גאורגיה,212,49,261
2021-10-15T00:00:00.000Z,ברזיל,2,9,11
2021-10-15T00:00:00.000Z,בלגיה,120,47,167
2021-10-15T00:00:00.000Z,בילורוסיה,1,0,1
2021-10-15T00:00:00.000Z,בחריין,2,1,3
2021-10-15T00:00:00.000Z,בוסניה הרצגובינה,14,7,21
2021-10-15T00:00:00.000Z,בולגריה,3,0,3
2021-10-15T00:00:00.000Z,אתיופיה,2,0,2
2021-10-15T00:00:00.000Z,ארצות הברית,1333,735,2068
2021-10-15T00:00:00.000Z,ארמניה,1,1,2
2021-10-15T00:00:00.000Z,ארגנטינה,4,9,13
2021-10-15T00:00:00.000Z,אקואדור,3,0,3
2021-10-15T00:00:00.000Z,אסטוניה,4,2,6
2021-10-15T00:00:00.000Z,אנגולה,2,0,2
2021-10-15T00:00:00.000Z,אלבניה,6,0,6
2021-10-15T00:00:00.000Z,אירלנד,7,2,9
2021-10-15T00:00:00.000Z,איסלנד,4,0,4
2021-10-15T00:00:00.000Z,איי נורפולק,0,3,3
2021-10-15T00:00:00.000Z,איטליה,526,46,572
2021-10-15T00:00:00.000Z,אזרביג'אן,62,2,64
2021-10-15T00:00:00.000Z,אורגוואי,3,1,4
2021-10-15T00:00:00.000Z,אוקראינה,319,186,505
2021-10-15T00:00:00.000Z,אוסטרליה,5,1,6
2021-10-15T00:00:00.000Z,אוסטריה,754,75,829
2021-10-15T00:00:00.000Z,אוזבקיסטן,10,7,17
2021-10-16T00:00:00.000Z,הודו,5,4,9
2021-10-16T00:00:00.000Z,אסטוניה,4,1,5
2021-10-16T00:00:00.000Z,אנגולה,2,0,2
2021-10-16T00:00:00.000Z,אלבניה,3,3,6
2021-10-16T00:00:00.000Z,אל סלבדור,1,0,1
2021-10-16T00:00:00.000Z,אירלנד,4,2,6
2021-10-16T00:00:00.000Z,איסלנד,2,0,2
2021-10-16T00:00:00.000Z,איי סיישל,8,0,8
2021-10-16T00:00:00.000Z,איי טורקס וקייקוס,1,0,1
2021-10-16T00:00:00.000Z,איטליה,334,42,376
2021-10-16T00:00:00.000Z,אזרביג'אן,0,1,1
2021-10-16T00:00:00.000Z,אוקראינה,160,72,232
2021-10-16T00:00:00.000Z,אוסטרליה,2,0,2
2021-10-16T00:00:00.000Z,אוסטריה,362,24,386
2021-10-16T00:00:00.000Z,אוזבקיסטן,5,5,10
2021-10-16T00:00:00.000Z,אוגנדה,2,0,2
2021-10-16T00:00:00.000Z,הולנד,232,68,300
2021-10-16T00:00:00.000Z,ספרד,21,6,27
2021-10-16T00:00:00.000Z,סרביה,2,11,13
2021-10-16T00:00:00.000Z,סרי לנקה (צילון),2,0,2
2021-10-16T00:00:00.000Z,פולין,166,15,181
2021-10-16T00:00:00.000Z,פורטוגל,18,5,23
2021-10-16T00:00:00.000Z,פיליפינים,0,4,4
2021-10-16T00:00:00.000Z,פינלנד,2,1,3
2021-10-16T00:00:00.000Z,פנמה,5,3,8
2021-10-16T00:00:00.000Z,איחוד האמירויות הערב,223,29,252
2021-10-16T00:00:00.000Z,פרו,6,1,7
2021-10-16T00:00:00.000Z,צ'ילה,0,1,1
2021-10-16T00:00:00.000Z,צכיה,326,7,333
2021-10-16T00:00:00.000Z,צרפת,259,74,333
2021-10-16T00:00:00.000Z,קובה,0,2,2
2021-10-16T00:00:00.000Z,קולומביה,1,2,3
2021-10-16T00:00:00.000Z,קוסטה ריקה,1,1,2
2021-10-16T00:00:00.000Z,קוריאה הדרומית,3,8,11
2021-10-16T00:00:00.000Z,קזחסטאן,1,0,1
2021-10-16T00:00:00.000Z,קטר,0,1,1
2021-10-16T00:00:00.000Z,קמרון,2,0,2
2021-10-16T00:00:00.000Z,קנדה,61,42,103
2021-10-16T00:00:00.000Z,קניה,35,5,40
2021-10-16T00:00:00.000Z,קפריסין,469,36,505
2021-10-16T00:00:00.000Z,קרואטיה,0,1,1
2021-10-16T00:00:00.000Z,רואנדה,3,1,4
2021-10-16T00:00:00.000Z,רומניה,293,30,323
2021-10-16T00:00:00.000Z,רוסיה,14,10,24
2021-10-16T00:00:00.000Z,שוודיה,9,3,12
2021-10-16T00:00:00.000Z,שוויץ,100,17,117
2021-10-16T00:00:00.000Z,תאילנד,1,0,1
2021-10-16T00:00:00.000Z,תוניסיה,0,1,1
2021-10-16T00:00:00.000Z,תורכיה,924,231,1155
2021-10-16T00:00:00.000Z,תורכמניסטאן,2,0,2
2021-10-16T00:00:00.000Z,תימן,2,0,2
2021-10-16T00:00:00.000Z,דרום אפריקה,16,6,22
2021-10-16T00:00:00.000Z,הונגריה,256,32,288
2021-10-16T00:00:00.000Z,הונדורס,1,0,1
2021-10-16T00:00:00.000Z,הממלכה המאוחדת,371,158,529
2021-10-16T00:00:00.000Z,הרפ הדומיניקנית,2,0,2
2021-10-16T00:00:00.000Z,זאיר,1,1,2
2021-10-16T00:00:00.000Z,זימבאבווה,5,1,6
2021-10-16T00:00:00.000Z,זמביה,1,0,1
2021-10-16T00:00:00.000Z,טוגו,1,0,1
2021-10-16T00:00:00.000Z,טיוואן,0,1,1
2021-10-16T00:00:00.000Z,טנזניה,12,2,14
2021-10-16T00:00:00.000Z,טרינידד וטובגו,0,1,1
2021-10-16T00:00:00.000Z,יוון,468,26,494
2021-10-16T00:00:00.000Z,יפן,0,1,1
2021-10-16T00:00:00.000Z,ירדן,1,1,2
2021-10-16T00:00:00.000Z,כלל המדינות,7955,2938,10893
2021-10-16T00:00:00.000Z,לוכסמבורג,1,2,3
2021-10-16T00:00:00.000Z,לטביה,9,5,14
2021-10-16T00:00:00.000Z,ליטא,4,0,4
2021-10-16T00:00:00.000Z,מולדובה,0,1,1
2021-10-16T00:00:00.000Z,מונטנגרו,6,0,6
2021-10-16T00:00:00.000Z,מלאווי,2,1,3
2021-10-16T00:00:00.000Z,מלדיבים,13,2,15
2021-10-16T00:00:00.000Z,מלטה,2,0,2
2021-10-16T00:00:00.000Z,מצרים,1671,153,1824
2021-10-16T00:00:00.000Z,מקסיקו,1,1,2
2021-10-16T00:00:00.000Z,מרוקו,8,2,10
2021-10-16T00:00:00.000Z,נורבגיה,5,1,6
2021-10-16T00:00:00.000Z,ניגריה,8,2,10
2021-10-16T00:00:00.000Z,נמיביה,1,0,1
2021-10-16T00:00:00.000Z,נפאל,3,0,3
2021-10-16T00:00:00.000Z,סין,0,1,1
2021-10-16T00:00:00.000Z,סינגפור,11,0,11
2021-10-16T00:00:00.000Z,סלובניה,4,2,6
2021-10-16T00:00:00.000Z,סלובקיה,3,0,3
2021-10-16T00:00:00.000Z,דנמרק,5,11,16
2021-10-16T00:00:00.000Z,גרנדה,1,0,1
2021-10-16T00:00:00.000Z,גרמניה,106,50,156
2021-10-16T00:00:00.000Z,גמביה,1,0,1
2021-10-16T00:00:00.000Z,גינאה,1,0,1
2021-10-16T00:00:00.000Z,גיברלטר,1,0,1
2021-10-16T00:00:00.000Z,גווטאמלה,1,0,1
2021-10-16T00:00:00.000Z,גבון,1,0,1
2021-10-16T00:00:00.000Z,גאנה,6,1,7
2021-10-16T00:00:00.000Z,גאורגיה,107,16,123
2021-10-16T00:00:00.000Z,ברזיל,0,2,2
2021-10-16T00:00:00.000Z,בליז,1,0,1
2021-10-16T00:00:00.000Z,בלגיה,3,2,5
2021-10-16T00:00:00.000Z,בחריין,2,0,2
2021-10-16T00:00:00.000Z,בוסניה הרצגובינה,1,2,3
2021-10-16T00:00:00.000Z,בולגריה,3,0,3
2021-10-16T00:00:00.000Z,אתיופיה,34,24,58
2021-10-16T00:00:00.000Z,ארצות הברית,474,351,825
2021-10-16T00:00:00.000Z,ארמניה,4,5,9
2021-10-16T00:00:00.000Z,ארגנטינה,2,0,2
2021-10-16T00:00:00.000Z,אקואדור,3,0,3
2021-10-17T00:00:00.000Z,ירדן,389,107,496
2021-10-17T00:00:00.000Z,אוזבקיסטן,9,14,23
2021-10-17T00:00:00.000Z,תימן,0,1,1
2021-10-17T00:00:00.000Z,תורכמניסטאן,2,0,2
2021-10-17T00:00:00.000Z,תורכיה,1218,279,1497
2021-10-17T00:00:00.000Z,תאילנד,1,2,3
2021-10-17T00:00:00.000Z,שוויץ,185,94,279
2021-10-17T00:00:00.000Z,שוודיה,11,11,22
2021-10-17T00:00:00.000Z,רוסיה,151,184,335
2021-10-17T00:00:00.000Z,רומניה,292,13,305
2021-10-17T00:00:00.000Z,קרואטיה,9,1,10
2021-10-17T00:00:00.000Z,קפריסין,860,53,913
2021-10-17T00:00:00.000Z,קנדה,44,61,105
2021-10-17T00:00:00.000Z,קזחסטאן,6,2,8
2021-10-17T00:00:00.000Z,קוריאה הדרומית,6,12,18
2021-10-17T00:00:00.000Z,קוסטה ריקה,3,1,4
2021-10-17T00:00:00.000Z,קולומביה,1,6,7
2021-10-17T00:00:00.000Z,צרפת,602,251,853
2021-10-17T00:00:00.000Z,צכיה,601,22,623
2021-10-17T00:00:00.000Z,פרו,3,2,5
2021-10-17T00:00:00.000Z,פנמה,5,3,8
2021-10-17T00:00:00.000Z,פיליפינים,1,4,5
2021-10-17T00:00:00.000Z,פורטוגל,77,22,99
2021-10-17T00:00:00.000Z,פולין,70,7,77
2021-10-17T00:00:00.000Z,ערב הסעודית,2,0,2
2021-10-17T00:00:00.000Z,סרי לנקה (צילון),0,4,4
2021-10-17T00:00:00.000Z,סרביה,5,0,5
2021-10-17T00:00:00.000Z,ספרד,468,59,527
2021-10-17T00:00:00.000Z,סינגפור,6,0,6
2021-10-17T00:00:00.000Z,סין,0,1,1
2021-10-17T00:00:00.000Z,נפאל,2,0,2
2021-10-17T00:00:00.000Z,ניגריה,2,2,4
2021-10-17T00:00:00.000Z,נורבגיה,2,4,6
2021-10-17T00:00:00.000Z,מרוקו,67,9,76
2021-10-17T00:00:00.000Z,מקסיקו,1,2,3
2021-10-17T00:00:00.000Z,מקדוניה,1,1,2
2021-10-17T00:00:00.000Z,מצרים,1613,166,1779
2021-10-17T00:00:00.000Z,מלזיה,0,1,1
2021-10-17T00:00:00.000Z,מלדיבים,10,1,11
2021-10-17T00:00:00.000Z,מונטנגרו,111,3,114
2021-10-17T00:00:00.000Z,מולדובה,97,39,136
2021-10-17T00:00:00.000Z,מאלי,2,0,2
2021-10-17T00:00:00.000Z,ליטא,103,6,109
2021-10-17T00:00:00.000Z,לוכסמבורג,1,2,3
2021-10-17T00:00:00.000Z,כלל המדינות,15122,5360,20482
2021-10-17T00:00:00.000Z,איחוד האמירויות הערב,249,45,294
2021-10-17T00:00:00.000Z,יפן,0,2,2
2021-10-17T00:00:00.000Z,יוון,1251,68,1319
2021-10-17T00:00:00.000Z,חוף השנהב,2,0,2
2021-10-17T00:00:00.000Z,זאיר,1,0,1
2021-10-17T00:00:00.000Z,הממלכה המאוחדת,327,151,478
2021-10-17T00:00:00.000Z,הונדורס,0,1,1
2021-10-17T00:00:00.000Z,הונגריה,626,39,665
2021-10-17T00:00:00.000Z,הולנד,311,86,397
2021-10-17T00:00:00.000Z,הודו,4,4,8
2021-10-17T00:00:00.000Z,דרום אפריקה,0,3,3
2021-10-17T00:00:00.000Z,דנמרק,49,51,100
2021-10-17T00:00:00.000Z,גרמניה,332,186,518
2021-10-17T00:00:00.000Z,גמביה,1,0,1
2021-10-17T00:00:00.000Z,גויאנה הצרפתית,3,2,5
2021-10-17T00:00:00.000Z,גווטאמלה,0,2,2
2021-10-17T00:00:00.000Z,גאנה,1,2,3
2021-10-17T00:00:00.000Z,גאורגיה,959,56,1015
2021-10-17T00:00:00.000Z,ברזיל,11,5,16
2021-10-17T00:00:00.000Z,בנין (דהומי),0,1,1
2021-10-17T00:00:00.000Z,בלגיה,44,60,104
2021-10-17T00:00:00.000Z,בילורוסיה,105,63,168
2021-10-17T00:00:00.000Z,בחריין,2,0,2
2021-10-17T00:00:00.000Z,בוסניה הרצגובינה,2,0,2
2021-10-17T00:00:00.000Z,בוליביה,1,1,2
2021-10-17T00:00:00.000Z,בולגריה,192,21,213
2021-10-17T00:00:00.000Z,אתיופיה,0,1,1
2021-10-17T00:00:00.000Z,ארצות הברית,796,593,1389
2021-10-17T00:00:00.000Z,ארמניה,2,0,2
2021-10-17T00:00:00.000Z,ארגנטינה,4,5,9
2021-10-17T00:00:00.000Z,אסטוניה,2,0,2
2021-10-17T00:00:00.000Z,אנגולה,1,0,1
2021-10-17T00:00:00.000Z,אירלנד,10,6,16
2021-10-17T00:00:00.000Z,איסלנד,1,0,1
2021-10-17T00:00:00.000Z,אינדונזיה,0,1,1
2021-10-17T00:00:00.000Z,איי פיגי,0,1,1
2021-10-17T00:00:00.000Z,איי סיישל,5,0,5
2021-10-17T00:00:00.000Z,איי טורקס וקייקוס,0,6,6
2021-10-17T00:00:00.000Z,איי גילברט ואליס,2,0,2
2021-10-17T00:00:00.000Z,איטליה,971,113,1084
2021-10-17T00:00:00.000Z,אזרביג'אן,31,14,45
2021-10-17T00:00:00.000Z,אוקראינה,322,135,457
2021-10-17T00:00:00.000Z,אוסטרליה,1,8,9
2021-10-17T00:00:00.000Z,אוסטריה,551,79,630
2021-10-17T00:00:00.000Z,אוגנדה,6,1,7
2021-10-17T00:00:00.000Z,אבחזיסטאן,6,0,6
2021-10-18T00:00:00.000Z,הונגריה,597,25,622
2021-10-18T00:00:00.000Z,הונדורס,2,0,2
2021-10-18T00:00:00.000Z,הממלכה המאוחדת,852,378,1230
2021-10-18T00:00:00.000Z,זמביה,1,0,1
2021-10-18T00:00:00.000Z,טג'יקיסטאן,2,0,2
2021-10-18T00:00:00.000Z,טיוואן,0,1,1
2021-10-18T00:00:00.000Z,טנזניה,20,0,20
2021-10-18T00:00:00.000Z,יוון,626,66,692
2021-10-18T00:00:00.000Z,יפן,0,2,2
2021-10-18T00:00:00.000Z,כלל המדינות,14121,6587,20708
2021-10-18T00:00:00.000Z,לוכסמבורג,3,2,5
2021-10-18T00:00:00.000Z,ליבריה,0,1,1
2021-10-18T00:00:00.000Z,ליטא,5,8,13
2021-10-18T00:00:00.000Z,לסוטו,1,0,1
2021-10-18T00:00:00.000Z,מאוריציוס,2,0,2
2021-10-18T00:00:00.000Z,מולדובה,3,1,4
2021-10-18T00:00:00.000Z,מונגוליה,0,1,1
2021-10-18T00:00:00.000Z,אוסטריה,833,43,876
2021-10-18T00:00:00.000Z,אוזבקיסטן,120,101,221
2021-10-18T00:00:00.000Z,אוגנדה,2,2,4
2021-10-18T00:00:00.000Z,אבחזיסטאן,1,5,6
2021-10-18T00:00:00.000Z,אורגוואי,1,4,5
2021-10-18T00:00:00.000Z,אזרביג'אן,113,3,116
2021-10-18T00:00:00.000Z,איטליה,671,110,781
2021-10-18T00:00:00.000Z,איי גילברט ואליס,1,0,1
2021-10-18T00:00:00.000Z,איי טורקס וקייקוס,1,0,1
2021-10-18T00:00:00.000Z,איסלנד,5,0,5
2021-10-18T00:00:00.000Z,אירלנד,12,10,22
2021-10-18T00:00:00.000Z,אנגולה,1,1,2
2021-10-18T00:00:00.000Z,אסטוניה,1,0,1
2021-10-18T00:00:00.000Z,אקואדור,1,3,4
2021-10-18T00:00:00.000Z,ארמניה,5,0,5
2021-10-18T00:00:00.000Z,ארצות הברית,1103,1248,2351
2021-10-18T00:00:00.000Z,אתיופיה,43,12,55
2021-10-18T00:00:00.000Z,בהמס,0,2,2
2021-10-18T00:00:00.000Z,בולגריה,70,14,84
2021-10-18T00:00:00.000Z,בוסניה הרצגובינה,6,0,6
2021-10-18T00:00:00.000Z,איחוד האמירויות הערב,363,76,439
2021-10-18T00:00:00.000Z,ירדן,57,45,102
2021-10-18T00:00:00.000Z,בחריין,47,4,51
2021-10-18T00:00:00.000Z,בילורוסיה,6,7,13
2021-10-18T00:00:00.000Z,בלגיה,94,57,151
2021-10-18T00:00:00.000Z,בנין (דהומי),2,0,2
2021-10-18T00:00:00.000Z,ברזיל,7,10,17
2021-10-18T00:00:00.000Z,גאורגיה,681,58,739
2021-10-18T00:00:00.000Z,גאנה,3,5,8
2021-10-18T00:00:00.000Z,גווטאמלה,0,1,1
2021-10-18T00:00:00.000Z,גויאנה הצרפתית,1,0,1
2021-10-18T00:00:00.000Z,גרמניה,506,117,623
2021-10-18T00:00:00.000Z,דנמרק,10,3,13
2021-10-18T00:00:00.000Z,דרום אפריקה,21,19,40
2021-10-18T00:00:00.000Z,אוסטרליה,6,2,8
2021-10-18T00:00:00.000Z,הודו,94,77,171
2021-10-18T00:00:00.000Z,הולנד,266,46,312
2021-10-18T00:00:00.000Z,תורכמניסטאן,8,0,8
2021-10-18T00:00:00.000Z,תורכיה,1185,326,1511
2021-10-18T00:00:00.000Z,תוניסיה,2,2,4
2021-10-18T00:00:00.000Z,תאילנד,45,200,245
2021-10-18T00:00:00.000Z,שוויץ,131,66,197
2021-10-18T00:00:00.000Z,שוודיה,6,4,10
2021-10-18T00:00:00.000Z,רוסיה,251,289,540
2021-10-18T00:00:00.000Z,רומניה,318,16,334
2021-10-18T00:00:00.000Z,רואנדה,2,1,3
2021-10-18T00:00:00.000Z,קרואטיה,12,0,12
2021-10-18T00:00:00.000Z,קפריסין,425,34,459
2021-10-18T00:00:00.000Z,קניה,4,3,7
2021-10-18T00:00:00.000Z,קנדה,51,62,113
2021-10-18T00:00:00.000Z,קטר,2,1,3
2021-10-18T00:00:00.000Z,קזחסטאן,1,2,3
2021-10-18T00:00:00.000Z,קוריאה הדרומית,1,0,1
2021-10-18T00:00:00.000Z,קוסטה ריקה,2,0,2
2021-10-18T00:00:00.000Z,קולומביה,5,6,11
2021-10-18T00:00:00.000Z,קובה,1,0,1
2021-10-18T00:00:00.000Z,צרפת,828,240,1068
2021-10-18T00:00:00.000Z,צכיה,383,20,403
2021-10-18T00:00:00.000Z,צ'ילה,0,2,2
2021-10-18T00:00:00.000Z,פרו,1,3,4
2021-10-18T00:00:00.000Z,פנמה,1,5,6
2021-10-18T00:00:00.000Z,פינלנד,5,0,5
2021-10-18T00:00:00.000Z,פיליפינים,0,5,5
2021-10-18T00:00:00.000Z,פורטוגל,143,19,162
2021-10-18T00:00:00.000Z,פולינזיה הצרפתית,0,1,1
2021-10-18T00:00:00.000Z,פולין,248,43,291
2021-10-18T00:00:00.000Z,ערב הסעודית,1,0,1
2021-10-18T00:00:00.000Z,סרי לנקה (צילון),1,0,1
2021-10-18T00:00:00.000Z,סרביה,69,7,76
2021-10-18T00:00:00.000Z,ספרד,305,40,345
2021-10-18T00:00:00.000Z,סנגל,1,0,1
2021-10-18T00:00:00.000Z,סינגפור,3,2,5
2021-10-18T00:00:00.000Z,סין,1,3,4
2021-10-18T00:00:00.000Z,סיירה ליאונה,0,1,1
2021-10-18T00:00:00.000Z,ניגריה,3,3,6
2021-10-18T00:00:00.000Z,נורבגיה,11,4,15
2021-10-18T00:00:00.000Z,מרוקו,77,21,98
2021-10-18T00:00:00.000Z,מקסיקו,1,34,35
2021-10-18T00:00:00.000Z,מצרים,976,228,1204
2021-10-18T00:00:00.000Z,מלטה,1,1,2
2021-10-18T00:00:00.000Z,מלדיבים,27,0,27
2021-10-18T00:00:00.000Z,מלאווי,1,0,1
2021-10-18T00:00:00.000Z,מיאנמר (בורמה),2,0,2
2021-10-18T00:00:00.000Z,מונטנגרו,106,1,107
2021-10-18T00:00:00.000Z,אוקראינה,291,113,404
2021-10-19T00:00:00.000Z,מולדובה,76,39,115
2021-10-19T00:00:00.000Z,מונקו,1,1,2
2021-10-19T00:00:00.000Z,מלדיבים,6,2,8
2021-10-19T00:00:00.000Z,מלטה,1,0,1
2021-10-19T00:00:00.000Z,מצרים,821,212,1033
2021-10-19T00:00:00.000Z,מקאו,1,0,1
2021-10-19T00:00:00.000Z,מקדוניה,0,1,1
2021-10-19T00:00:00.000Z,ליטא,6,0,6
2021-10-19T00:00:00.000Z,מקסיקו,9,7,16
2021-10-19T00:00:00.000Z,מרוקו,147,13,160
2021-10-19T00:00:00.000Z,נורבגיה,1,0,1
2021-10-19T00:00:00.000Z,ניגריה,1,0,1
2021-10-19T00:00:00.000Z,סינגפור,0,6,6
2021-10-19T00:00:00.000Z,סלובניה,2,0,2
2021-10-19T00:00:00.000Z,סלובקיה,2,0,2
2021-10-19T00:00:00.000Z,ספרד,313,76,389
2021-10-19T00:00:00.000Z,סרביה,10,7,17
2021-10-19T00:00:00.000Z,סרי לנקה (צילון),7,1,8
2021-10-19T00:00:00.000Z,ערב הסעודית,0,1,1
2021-10-19T00:00:00.000Z,פולין,220,51,271
2021-10-19T00:00:00.000Z,פורטוגל,16,13,29
2021-10-19T00:00:00.000Z,פיליפינים,0,1,1
2021-10-19T00:00:00.000Z,פנמה,4,9,13
2021-10-19T00:00:00.000Z,פרו,3,6,9
2021-10-19T00:00:00.000Z,צכיה,308,58,366
2021-10-19T00:00:00.000Z,צרפת,707,260,967
2021-10-19T00:00:00.000Z,קובה,0,1,1
2021-10-19T00:00:00.000Z,קולומביה,1,3,4
2021-10-19T00:00:00.000Z,קוסטה ריקה,3,8,11
2021-10-19T00:00:00.000Z,קוריאה הדרומית,5,2,7
2021-10-19T00:00:00.000Z,קזחסטאן,1,7,8
2021-10-19T00:00:00.000Z,איחוד האמירויות הערב,331,57,388
2021-10-19T00:00:00.000Z,קנדה,135,145,280
2021-10-19T00:00:00.000Z,קניה,0,2,2
2021-10-19T00:00:00.000Z,קפריסין,211,26,237
2021-10-19T00:00:00.000Z,קרואטיה,2,2,4
2021-10-19T00:00:00.000Z,רואנדה,0,1,1
2021-10-19T00:00:00.000Z,רומניה,88,8,96
2021-10-19T00:00:00.000Z,רוסיה,173,249,422
2021-10-19T00:00:00.000Z,רפ מרכז אפריקנית,1,0,1
2021-10-19T00:00:00.000Z,שוודיה,7,5,12
2021-10-19T00:00:00.000Z,שוויץ,138,54,192
2021-10-19T00:00:00.000Z,תאילנד,0,1,1
2021-10-19T00:00:00.000Z,תוניסיה,4,0,4
2021-10-19T00:00:00.000Z,תורכיה,1446,328,1774
2021-10-19T00:00:00.000Z,מונטנגרו,8,2,10
2021-10-19T00:00:00.000Z,תימן,2,0,2
2021-10-19T00:00:00.000Z,לטביה,23,40,63
2021-10-19T00:00:00.000Z,כלל המדינות,9452,5171,14623
2021-10-19T00:00:00.000Z,ירדן,99,47,146
2021-10-19T00:00:00.000Z,יוון,518,45,563
2021-10-19T00:00:00.000Z,טנזניה,0,1,1
2021-10-19T00:00:00.000Z,טוגו,1,1,2
2021-10-19T00:00:00.000Z,זמביה,2,1,3
2021-10-19T00:00:00.000Z,זימבאבווה,0,1,1
2021-10-19T00:00:00.000Z,זאיר,1,0,1
2021-10-19T00:00:00.000Z,ונצואלה,0,2,2
2021-10-19T00:00:00.000Z,הממלכה המאוחדת,341,188,529
2021-10-19T00:00:00.000Z,הונגריה,232,13,245
2021-10-19T00:00:00.000Z,הולנד,329,30,359
2021-10-19T00:00:00.000Z,הודו,8,2,10
2021-10-19T00:00:00.000Z,דרום אפריקה,11,12,23
2021-10-19T00:00:00.000Z,דנמרק,12,2,14
2021-10-19T00:00:00.000Z,גרמניה,314,96,410
2021-10-19T00:00:00.000Z,גווטאמלה,0,2,2
2021-10-19T00:00:00.000Z,גבון,2,0,2
2021-10-19T00:00:00.000Z,גאורגיה,206,40,246
2021-10-19T00:00:00.000Z,ברזיל,6,12,18
2021-10-19T00:00:00.000Z,בלגיה,16,12,28
2021-10-19T00:00:00.000Z,בילורוסיה,1,0,1
2021-10-19T00:00:00.000Z,בחריין,4,1,5
2021-10-19T00:00:00.000Z,בוסניה הרצגובינה,3,1,4
2021-10-19T00:00:00.000Z,בולגריה,4,1,5
2021-10-19T00:00:00.000Z,אתיופיה,15,8,23
2021-10-19T00:00:00.000Z,ארצות הברית,602,766,1368
2021-10-19T00:00:00.000Z,ארגנטינה,29,32,61
2021-10-19T00:00:00.000Z,אסטוניה,1,1,2
2021-10-19T00:00:00.000Z,אנגולה,2,0,2
2021-10-19T00:00:00.000Z,אלבניה,0,2,2
2021-10-19T00:00:00.000Z,אירלנד,9,2,11
2021-10-19T00:00:00.000Z,איסלנד,1,0,1
2021-10-19T00:00:00.000Z,איי טורקס וקייקוס,2,0,2
2021-10-19T00:00:00.000Z,איטליה,230,32,262
2021-10-19T00:00:00.000Z,אזרביג'אן,1,0,1
2021-10-19T00:00:00.000Z,אורגוואי,3,8,11
2021-10-19T00:00:00.000Z,אוקראינה,248,157,405
2021-10-19T00:00:00.000Z,אוסטרליה,2,1,3
2021-10-19T00:00:00.000Z,אוסטריה,355,20,375
2021-10-19T00:00:00.000Z,אוזבקיסטן,0,6,6
2021-10-19T00:00:00.000Z,אבחזיסטאן,8,2,10
2021-10-19T00:00:00.000Z,תורכמניסטאן,4,3,7
2021-10-20T00:00:00.000Z,סאו טומה ופרינציפה,1,0,1
2021-10-20T00:00:00.000Z,טג'יקיסטאן,0,1,1
2021-10-20T00:00:00.000Z,תורכמניסטאן,2,0,2
2021-10-20T00:00:00.000Z,תורכיה,1075,302,1377
2021-10-20T00:00:00.000Z,תוניסיה,0,2,2
2021-10-20T00:00:00.000Z,תאילנד,6,3,9
2021-10-20T00:00:00.000Z,שוויץ,86,23,109
2021-10-20T00:00:00.000Z,שוודיה,8,6,14
2021-10-20T00:00:00.000Z,רוסיה,92,213,305
2021-10-20T00:00:00.000Z,רומניה,203,15,218
2021-10-20T00:00:00.000Z,רואנדה,1,0,1
2021-10-20T00:00:00.000Z,קרואטיה,5,1,6
2021-10-20T00:00:00.000Z,קפריסין,211,32,243
2021-10-20T00:00:00.000Z,קניה,7,0,7
2021-10-20T00:00:00.000Z,קנדה,54,58,112
2021-10-20T00:00:00.000Z,קמרון,1,0,1
2021-10-20T00:00:00.000Z,קזחסטאן,1,2,3
2021-10-20T00:00:00.000Z,קוריאה הדרומית,3,3,6
2021-10-20T00:00:00.000Z,קוסטה ריקה,2,5,7
2021-10-20T00:00:00.000Z,קולומביה,1,1,2
2021-10-20T00:00:00.000Z,צרפת,511,296,807
2021-10-20T00:00:00.000Z,צכיה,280,18,298
2021-10-20T00:00:00.000Z,פרו,1,4,5
2021-10-20T00:00:00.000Z,פרגוואי,2,1,3
2021-10-20T00:00:00.000Z,פנמה,2,4,6
2021-10-20T00:00:00.000Z,פינלנד,17,13,30
2021-10-20T00:00:00.000Z,פיליפינים,1,31,32
2021-10-20T00:00:00.000Z,פורטוגל,80,12,92
2021-10-20T00:00:00.000Z,פולין,63,8,71
2021-10-20T00:00:00.000Z,סרי לנקה (צילון),1,6,7
2021-10-20T00:00:00.000Z,סרביה,5,0,5
2021-10-20T00:00:00.000Z,ספרד,231,18,249
2021-10-20T00:00:00.000Z,סלובניה,0,4,4
2021-10-20T00:00:00.000Z,סינגפור,1,3,4
2021-10-20T00:00:00.000Z,סין,0,7,7
2021-10-20T00:00:00.000Z,נפאל,1,0,1
2021-10-20T00:00:00.000Z,ניקרגואה,1,1,2
2021-10-20T00:00:00.000Z,ניגריה,1,1,2
2021-10-20T00:00:00.000Z,נורבגיה,4,5,9
2021-10-20T00:00:00.000Z,מרוקו,6,2,8
2021-10-20T00:00:00.000Z,מקסיקו,7,18,25
2021-10-20T00:00:00.000Z,מקדוניה,1,0,1
2021-10-20T00:00:00.000Z,מצרים,392,73,465
2021-10-20T00:00:00.000Z,מלטה,2,0,2
2021-10-20T00:00:00.000Z,מלדיבים,12,4,16
2021-10-20T00:00:00.000Z,מונטנגרו,131,6,137
2021-10-20T00:00:00.000Z,לטביה,1,0,1
2021-10-20T00:00:00.000Z,לוכסמבורג,1,2,3
2021-10-20T00:00:00.000Z,כלל המדינות,8476,4818,13294
2021-10-20T00:00:00.000Z,ירדן,55,26,81
2021-10-20T00:00:00.000Z,יפן,0,1,1
2021-10-20T00:00:00.000Z,יוון,357,58,415
2021-10-20T00:00:00.000Z,טנזניה,57,5,62
2021-10-20T00:00:00.000Z,איחוד האמירויות הערב,414,41,455
2021-10-20T00:00:00.000Z,זמביה,1,1,2
2021-10-20T00:00:00.000Z,זימבאבווה,2,1,3
2021-10-20T00:00:00.000Z,ויטנאם,0,1,1
2021-10-20T00:00:00.000Z,הממלכה המאוחדת,381,189,570
2021-10-20T00:00:00.000Z,הונדורס,1,0,1
2021-10-20T00:00:00.000Z,אבחזיסטאן,7,2,9
2021-10-20T00:00:00.000Z,אוגנדה,1,0,1
2021-10-20T00:00:00.000Z,אוזבקיסטן,5,4,9
2021-10-20T00:00:00.000Z,אוסטריה,347,59,406
2021-10-20T00:00:00.000Z,אוסטרליה,0,6,6
2021-10-20T00:00:00.000Z,אוקראינה,286,129,415
2021-10-20T00:00:00.000Z,אזרביג'אן,4,1,5
2021-10-20T00:00:00.000Z,איטליה,350,45,395
2021-10-20T00:00:00.000Z,איי טורקס וקייקוס,1,0,1
2021-10-20T00:00:00.000Z,איי סיישל,87,6,93
2021-10-20T00:00:00.000Z,איסלנד,2,0,2
2021-10-20T00:00:00.000Z,אירלנד,11,1,12
2021-10-20T00:00:00.000Z,אל סלבדור,1,1,2
2021-10-20T00:00:00.000Z,אלבניה,2,2,4
2021-10-20T00:00:00.000Z,אנגולה,2,0,2
2021-10-20T00:00:00.000Z,אסטוניה,3,1,4
2021-10-20T00:00:00.000Z,אקואדור,1,0,1
2021-10-20T00:00:00.000Z,ארמניה,4,0,4
2021-10-20T00:00:00.000Z,ארצות הברית,740,826,1566
2021-10-20T00:00:00.000Z,אתיופיה,17,9,26
2021-10-20T00:00:00.000Z,בהמס,1,0,1
2021-10-20T00:00:00.000Z,בולגריה,137,45,182
2021-10-20T00:00:00.000Z,בוסניה הרצגובינה,6,1,7
2021-10-20T00:00:00.000Z,בילורוסיה,4,1,5
2021-10-20T00:00:00.000Z,בלגיה,10,11,21
2021-10-20T00:00:00.000Z,ברזיל,2,15,17
2021-10-20T00:00:00.000Z,גאורגיה,165,17,182
2021-10-20T00:00:00.000Z,גאנה,2,1,3
2021-10-20T00:00:00.000Z,גויאנה הצרפתית,0,1,1
2021-10-20T00:00:00.000Z,גרמניה,329,159,488
2021-10-20T00:00:00.000Z,דנמרק,2,0,2
2021-10-20T00:00:00.000Z,דרום אפריקה,15,7,22
2021-10-20T00:00:00.000Z,דרום סודאן,3,0,3
2021-10-20T00:00:00.000Z,הודו,10,10,20
2021-10-20T00:00:00.000Z,הולנד,150,27,177
2021-10-20T00:00:00.000Z,הונגריה,417,58,475
2021-10-21T00:00:00.000Z,יוון,630,83,713
2021-10-21T00:00:00.000Z,תימן,0,1,1
2021-10-21T00:00:00.000Z,שוויץ,123,24,147
2021-10-21T00:00:00.000Z,שוודיה,11,48,59
2021-10-21T00:00:00.000Z,רוסיה,176,249,425
2021-10-21T00:00:00.000Z,רומניה,196,35,231
2021-10-21T00:00:00.000Z,רואנדה,1,0,1
2021-10-21T00:00:00.000Z,קרואטיה,6,2,8
2021-10-21T00:00:00.000Z,קפריסין,308,28,336
2021-10-21T00:00:00.000Z,קניה,11,19,30
2021-10-21T00:00:00.000Z,קנדה,73,58,131
2021-10-21T00:00:00.000Z,קמרון,1,0,1
2021-10-21T00:00:00.000Z,קירג'זסטאן,9,2,11
2021-10-21T00:00:00.000Z,קטר,0,1,1
2021-10-21T00:00:00.000Z,קזחסטאן,0,3,3
2021-10-21T00:00:00.000Z,קוריאה הדרומית,3,1,4
2021-10-21T00:00:00.000Z,קוסטה ריקה,1,3,4
2021-10-21T00:00:00.000Z,קולומביה,1,22,23
2021-10-21T00:00:00.000Z,צרפת,774,378,1152
2021-10-21T00:00:00.000Z,צכיה,428,28,456
2021-10-21T00:00:00.000Z,צ'ילה,4,8,12
2021-10-21T00:00:00.000Z,פרו,2,10,12
2021-10-21T00:00:00.000Z,פרגוואי,1,1,2
2021-10-21T00:00:00.000Z,פנמה,4,6,10
2021-10-21T00:00:00.000Z,פינלנד,3,0,3
2021-10-21T00:00:00.000Z,פיליפינים,0,4,4
2021-10-21T00:00:00.000Z,פורטוגל,246,22,268
2021-10-21T00:00:00.000Z,פולין,73,11,84
2021-10-21T00:00:00.000Z,סרביה,13,5,18
2021-10-21T00:00:00.000Z,ספרד,369,47,416
2021-10-21T00:00:00.000Z,סלובקיה,0,1,1
2021-10-21T00:00:00.000Z,סלובניה,1,0,1
2021-10-21T00:00:00.000Z,סין,3,144,147
2021-10-21T00:00:00.000Z,נפאל,1,2,3
2021-10-21T00:00:00.000Z,ניקרגואה,0,1,1
2021-10-21T00:00:00.000Z,ניו זילנד,0,2,2
2021-10-21T00:00:00.000Z,ניגריה,5,3,8
2021-10-21T00:00:00.000Z,מרוקו,110,16,126
2021-10-21T00:00:00.000Z,מקסיקו,5,8,13
2021-10-21T00:00:00.000Z,מקדוניה,2,0,2
2021-10-21T00:00:00.000Z,מצרים,541,106,647
2021-10-21T00:00:00.000Z,מלטה,1,1,2
2021-10-21T00:00:00.000Z,מלדיבים,11,6,17
2021-10-21T00:00:00.000Z,מלאווי,2,0,2
2021-10-21T00:00:00.000Z,מונטנגרו,174,0,174
2021-10-21T00:00:00.000Z,מולדובה,91,38,129
2021-10-21T00:00:00.000Z,ליטא,90,13,103
2021-10-21T00:00:00.000Z,ליבריה,1,0,1
2021-10-21T00:00:00.000Z,לטביה,2,1,3
2021-10-21T00:00:00.000Z,כלל המדינות,12508,6228,18736
2021-10-21T00:00:00.000Z,ירדן,127,44,171
2021-10-21T00:00:00.000Z,יפן,0,3,3
2021-10-21T00:00:00.000Z,תורכיה,1366,386,1752
2021-10-21T00:00:00.000Z,טנזניה,14,2,16
2021-10-21T00:00:00.000Z,טוגו,1,0,1
2021-10-21T00:00:00.000Z,טג'יקיסטאן,1,1,2
2021-10-21T00:00:00.000Z,חוף השנהב,2,0,2
2021-10-21T00:00:00.000Z,זמביה,6,0,6
2021-10-21T00:00:00.000Z,זימבאבווה,1,0,1
2021-10-21T00:00:00.000Z,זאיר,0,1,1
2021-10-21T00:00:00.000Z,ונצואלה,0,1,1
2021-10-21T00:00:00.000Z,הרפ הדומיניקנית,2,0,2
2021-10-21T00:00:00.000Z,הממלכה המאוחדת,431,240,671
2021-10-21T00:00:00.000Z,הונדורס,1,0,1
2021-10-21T00:00:00.000Z,הונגריה,543,47,590
2021-10-21T00:00:00.000Z,הונג קונג,1,12,13
2021-10-21T00:00:00.000Z,הולנד,249,49,298
2021-10-21T00:00:00.000Z,הודו,43,7,50
2021-10-21T00:00:00.000Z,דרום סודאן,1,0,1
2021-10-21T00:00:00.000Z,דרום אפריקה,23,25,48
2021-10-21T00:00:00.000Z,דנמרק,78,52,130
2021-10-21T00:00:00.000Z,גרמניה,65,44,109
2021-10-21T00:00:00.000Z,גינאה המשוונית,1,1,2
2021-10-21T00:00:00.000Z,גווטאמלה,5,1,6
2021-10-21T00:00:00.000Z,גאנה,4,0,4
2021-10-21T00:00:00.000Z,גאורגיה,707,54,761
2021-10-21T00:00:00.000Z,ברזיל,9,6,15
2021-10-21T00:00:00.000Z,בלגיה,38,47,85
2021-10-21T00:00:00.000Z,בילורוסיה,56,60,116
2021-10-21T00:00:00.000Z,בחריין,31,2,33
2021-10-21T00:00:00.000Z,בורקינה פאסו,2,0,2
2021-10-21T00:00:00.000Z,בולגריה,137,14,151
2021-10-21T00:00:00.000Z,אתיופיה,37,33,70
2021-10-21T00:00:00.000Z,ארצות הברית,1237,1063,2300
2021-10-21T00:00:00.000Z,ארמניה,5,1,6
2021-10-21T00:00:00.000Z,אריתראה,1,0,1
2021-10-21T00:00:00.000Z,ארגנטינה,11,33,44
2021-10-21T00:00:00.000Z,אסטוניה,1,1,2
2021-10-21T00:00:00.000Z,אנגולה,1,0,1
2021-10-21T00:00:00.000Z,אירלנד,6,5,11
2021-10-21T00:00:00.000Z,איסלנד,6,2,8
2021-10-21T00:00:00.000Z,איי סיישל,2,0,2
2021-10-21T00:00:00.000Z,איי טורקס וקייקוס,3,0,3
2021-10-21T00:00:00.000Z,איי הבתולה,1,0,1
2021-10-21T00:00:00.000Z,איטליה,589,91,680
2021-10-21T00:00:00.000Z,אזרביג'אן,65,22,87
2021-10-21T00:00:00.000Z,אוקראינה,204,109,313
2021-10-21T00:00:00.000Z,אוסטרליה,0,7,7
2021-10-21T00:00:00.000Z,אוסטריה,486,51,537
2021-10-21T00:00:00.000Z,אוזבקיסטן,2,1,3
2021-10-21T00:00:00.000Z,אוגנדה,1,2,3
2021-10-21T00:00:00.000Z,אבחזיסטאן,7,1,8
2021-10-21T00:00:00.000Z,איחוד האמירויות הערב,485,61,546
2021-10-21T00:00:00.000Z,תורכמניסטאן,1,1,2
2021-10-22T00:00:00.000Z,תורכיה,1156,345,1501
2021-10-22T00:00:00.000Z,תוניסיה,1,0,1
2021-10-22T00:00:00.000Z,תאילנד,99,26,125
2021-10-22T00:00:00.000Z,שוויץ,342,113,455
2021-10-22T00:00:00.000Z,שוודיה,14,4,18
2021-10-22T00:00:00.000Z,רוסיה,207,100,307
2021-10-22T00:00:00.000Z,רומניה,205,23,228
2021-10-22T00:00:00.000Z,רואנדה,1,0,1
2021-10-22T00:00:00.000Z,קרואטיה,5,2,7
2021-10-22T00:00:00.000Z,קפריסין,355,72,427
2021-10-22T00:00:00.000Z,קניה,2,1,3
2021-10-22T00:00:00.000Z,קנדה,75,74,149
2021-10-22T00:00:00.000Z,קטר,1,0,1
2021-10-22T00:00:00.000Z,קזחסטאן,5,0,5
2021-10-22T00:00:00.000Z,קוריאה הדרומית,20,2,22
2021-10-22T00:00:00.000Z,קוסטה ריקה,9,8,17
2021-10-22T00:00:00.000Z,קולומביה,3,6,9
2021-10-22T00:00:00.000Z,צרפת,750,210,960
2021-10-22T00:00:00.000Z,צכיה,322,19,341
2021-10-22T00:00:00.000Z,צ'ילה,1,0,1
2021-10-22T00:00:00.000Z,פרו,0,1,1
2021-10-22T00:00:00.000Z,פרגוואי,2,1,3
2021-10-22T00:00:00.000Z,פנמה,3,6,9
2021-10-22T00:00:00.000Z,פינלנד,54,6,60
2021-10-22T00:00:00.000Z,פיליפינים,0,1,1
2021-10-22T00:00:00.000Z,פורטוגל,43,2,45
2021-10-22T00:00:00.000Z,פולין,209,7,216
2021-10-22T00:00:00.000Z,סרי לנקה (צילון),5,3,8
2021-10-22T00:00:00.000Z,ניקרגואה,1,0,1
2021-10-22T00:00:00.000Z,ניו זילנד,0,1,1
2021-10-22T00:00:00.000Z,ניגריה,2,0,2
2021-10-22T00:00:00.000Z,נורבגיה,6,0,6
2021-10-22T00:00:00.000Z,מרוקו,66,0,66
2021-10-22T00:00:00.000Z,מקסיקו,16,10,26
2021-10-22T00:00:00.000Z,מקדוניה,3,0,3
2021-10-22T00:00:00.000Z,מצרים,422,90,512
2021-10-22T00:00:00.000Z,מלטה,3,2,5
2021-10-22T00:00:00.000Z,מלדיבים,14,0,14
2021-10-22T00:00:00.000Z,מונטנגרו,72,1,73
2021-10-22T00:00:00.000Z,מולדובה,4,0,4
2021-10-22T00:00:00.000Z,מאוריציוס,2,0,2
2021-10-22T00:00:00.000Z,ליטא,1,0,1
2021-10-22T00:00:00.000Z,לטביה,2,0,2
2021-10-22T00:00:00.000Z,לוכסמבורג,2,3,5
2021-10-22T00:00:00.000Z,כלל המדינות,12152,4466,16618
2021-10-22T00:00:00.000Z,ירדן,0,7,7
2021-10-22T00:00:00.000Z,יפן,0,2,2
2021-10-22T00:00:00.000Z,יוון,529,39,568
2021-10-22T00:00:00.000Z,טנזניה,1,0,1
2021-10-22T00:00:00.000Z,טיוואן,1,0,1
2021-10-22T00:00:00.000Z,חוף השנהב,3,0,3
2021-10-22T00:00:00.000Z,זאיר,0,1,1
2021-10-22T00:00:00.000Z,ונצואלה,0,1,1
2021-10-22T00:00:00.000Z,סרביה,62,9,71
2021-10-22T00:00:00.000Z,ספרד,467,29,496
2021-10-22T00:00:00.000Z,סלובקיה,36,2,38
2021-10-22T00:00:00.000Z,סלובניה,2,0,2
2021-10-22T00:00:00.000Z,סינגפור,12,0,12
2021-10-22T00:00:00.000Z,נפאל,12,1,13
2021-10-22T00:00:00.000Z,איחוד האמירויות הערב,361,81,442
2021-10-22T00:00:00.000Z,הממלכה המאוחדת,594,281,875
2021-10-22T00:00:00.000Z,הונגריה,315,32,347
2021-10-22T00:00:00.000Z,הולנד,263,58,321
2021-10-22T00:00:00.000Z,הודו,40,4,44
2021-10-22T00:00:00.000Z,דרום אפריקה,8,0,8
2021-10-22T00:00:00.000Z,דנמרק,19,2,21
2021-10-22T00:00:00.000Z,גרנדה,1,0,1
2021-10-22T00:00:00.000Z,גרמניה,677,159,836
2021-10-22T00:00:00.000Z,גויאנה,1,0,1
2021-10-22T00:00:00.000Z,גווטאמלה,1,1,2
2021-10-22T00:00:00.000Z,גאנה,1,0,1
2021-10-22T00:00:00.000Z,גאורגיה,358,60,418
2021-10-22T00:00:00.000Z,ברזיל,8,3,11
2021-10-22T00:00:00.000Z,בלגיה,84,67,151
2021-10-22T00:00:00.000Z,בילורוסיה,3,0,3
2021-10-22T00:00:00.000Z,בחריין,0,1,1
2021-10-22T00:00:00.000Z,בוסניה הרצגובינה,7,6,13
2021-10-22T00:00:00.000Z,בולגריה,4,0,4
2021-10-22T00:00:00.000Z,אתיופיה,1,0,1
2021-10-22T00:00:00.000Z,ארצות הברית,1209,595,1804
2021-10-22T00:00:00.000Z,ארמניה,4,0,4
2021-10-22T00:00:00.000Z,ארגנטינה,8,2,10
2021-10-22T00:00:00.000Z,אקואדור,2,6,8
2021-10-22T00:00:00.000Z,אסטוניה,2,0,2
2021-10-22T00:00:00.000Z,אנגולה,11,2,13
2021-10-22T00:00:00.000Z,אלבניה,2,0,2
2021-10-22T00:00:00.000Z,אירלנד,30,11,41
2021-10-22T00:00:00.000Z,איסלנד,4,0,4
2021-10-22T00:00:00.000Z,איי ווליס ופוטונה,1,0,1
2021-10-22T00:00:00.000Z,איי גילברט ואליס,2,0,2
2021-10-22T00:00:00.000Z,איטליה,579,45,624
2021-10-22T00:00:00.000Z,תורכמניסטאן,4,1,5
2021-10-22T00:00:00.000Z,אזרביג'אן,95,10,105
2021-10-22T00:00:00.000Z,אורגוואי,0,2,2
2021-10-22T00:00:00.000Z,אוקראינה,370,167,537
2021-10-22T00:00:00.000Z,אוסטרליה,0,2,2
2021-10-22T00:00:00.000Z,אוסטריה,725,87,812
2021-10-22T00:00:00.000Z,אוזבקיסטן,10,5,15
2021-10-22T00:00:00.000Z,אוגנדה,3,1,4
2021-10-22T00:00:00.000Z,אבחזיסטאן,1,1,2
2021-10-23T00:00:00.000Z,ליטא,2,0,2
2021-10-23T00:00:00.000Z,סרביה,1,0,1
2021-10-23T00:00:00.000Z,אוגנדה,1,38,39
2021-10-23T00:00:00.000Z,אוזבקיסטן,3,9,12
2021-10-23T00:00:00.000Z,אוסטריה,344,41,385
2021-10-23T00:00:00.000Z,אוסטרליה,2,5,7
2021-10-23T00:00:00.000Z,אוקראינה,210,61,271
2021-10-23T00:00:00.000Z,אזרביג'אן,3,0,3
2021-10-23T00:00:00.000Z,איטליה,320,29,349
2021-10-23T00:00:00.000Z,איי גילברט ואליס,1,0,1
2021-10-23T00:00:00.000Z,איי טורקס וקייקוס,1,0,1
2021-10-23T00:00:00.000Z,איי סיישל,2,0,2
2021-10-23T00:00:00.000Z,איסלנד,11,0,11
2021-10-23T00:00:00.000Z,אירלנד,5,2,7
2021-10-23T00:00:00.000Z,אלבניה,3,0,3
2021-10-23T00:00:00.000Z,אסטוניה,4,0,4
2021-10-23T00:00:00.000Z,אקואדור,2,4,6
2021-10-23T00:00:00.000Z,ארמניה,5,1,6
2021-10-23T00:00:00.000Z,ארצות הברית,514,438,952
2021-10-23T00:00:00.000Z,אתיופיה,35,19,54
2021-10-23T00:00:00.000Z,בילורוסיה,1,1,2
2021-10-23T00:00:00.000Z,בלגיה,2,1,3
2021-10-23T00:00:00.000Z,בנין (דהומי),1,0,1
2021-10-23T00:00:00.000Z,ברזיל,1,0,1
2021-10-23T00:00:00.000Z,גאורגיה,125,18,143
2021-10-23T00:00:00.000Z,גאנה,4,2,6
2021-10-23T00:00:00.000Z,גבון,1,0,1
2021-10-23T00:00:00.000Z,גויאנה הצרפתית,1,0,1
2021-10-23T00:00:00.000Z,גרמניה,170,65,235
2021-10-23T00:00:00.000Z,דנמרק,1,4,5
2021-10-23T00:00:00.000Z,דרום אפריקה,14,10,24
2021-10-23T00:00:00.000Z,הודו,12,2,14
2021-10-23T00:00:00.000Z,הולנד,279,28,307
2021-10-23T00:00:00.000Z,הונגריה,221,22,243
2021-10-23T00:00:00.000Z,הממלכה המאוחדת,120,89,209
2021-10-23T00:00:00.000Z,הרפ הדומיניקנית,3,0,3
2021-10-23T00:00:00.000Z,ויטנאם,0,270,270
2021-10-23T00:00:00.000Z,זאיר,0,10,10
2021-10-23T00:00:00.000Z,זימבאבווה,2,0,2
2021-10-23T00:00:00.000Z,זמביה,8,0,8
2021-10-23T00:00:00.000Z,חוף השנהב,1,0,1
2021-10-23T00:00:00.000Z,טנזניה,7,1,8
2021-10-23T00:00:00.000Z,יוון,538,24,562
2021-10-23T00:00:00.000Z,יפן,0,1,1
2021-10-23T00:00:00.000Z,ירדן,2,3,5
2021-10-23T00:00:00.000Z,כלל המדינות,7967,3378,11345
2021-10-23T00:00:00.000Z,לטביה,30,15,45
2021-10-23T00:00:00.000Z,אבחזיסטאן,4,2,6
2021-10-23T00:00:00.000Z,מאוריציוס,1,1,2
2021-10-23T00:00:00.000Z,מולדובה,1,1,2
2021-10-23T00:00:00.000Z,מונקו,1,0,1
2021-10-23T00:00:00.000Z,מלדיבים,7,0,7
2021-10-23T00:00:00.000Z,מלטה,2,0,2
2021-10-23T00:00:00.000Z,מצרים,1507,144,1651
2021-10-23T00:00:00.000Z,מקדוניה,0,2,2
2021-10-23T00:00:00.000Z,מקסיקו,3,0,3
2021-10-23T00:00:00.000Z,מרוקו,3,0,3
2021-10-23T00:00:00.000Z,נורבגיה,11,2,13
2021-10-23T00:00:00.000Z,ניגריה,5,5,10
2021-10-23T00:00:00.000Z,ניקרגואה,1,1,2
2021-10-23T00:00:00.000Z,נפאל,1,2,3
2021-10-23T00:00:00.000Z,סיירה ליאונה,1,0,1
2021-10-23T00:00:00.000Z,סינגפור,6,0,6
2021-10-23T00:00:00.000Z,סלובקיה,0,1,1
2021-10-23T00:00:00.000Z,סנגל,0,1,1
2021-10-23T00:00:00.000Z,ספרד,21,4,25
2021-10-23T00:00:00.000Z,פולין,150,13,163
2021-10-23T00:00:00.000Z,פורטו ריקו,0,1,1
2021-10-23T00:00:00.000Z,פורטוגל,29,5,34
2021-10-23T00:00:00.000Z,פיליפינים,1,1,2
2021-10-23T00:00:00.000Z,פינלנד,18,2,20
2021-10-23T00:00:00.000Z,פנמה,1,0,1
2021-10-23T00:00:00.000Z,פרו,2,0,2
2021-10-23T00:00:00.000Z,צכיה,338,31,369
2021-10-23T00:00:00.000Z,צרפת,268,85,353
2021-10-23T00:00:00.000Z,קולומביה,3,2,5
2021-10-23T00:00:00.000Z,קוסטה ריקה,0,4,4
2021-10-23T00:00:00.000Z,קוריאה הדרומית,18,0,18
2021-10-23T00:00:00.000Z,קזחסטאן,4,0,4
2021-10-23T00:00:00.000Z,קטר,0,1,1
2021-10-23T00:00:00.000Z,קמרון,1,0,1
2021-10-23T00:00:00.000Z,קנדה,53,48,101
2021-10-23T00:00:00.000Z,קניה,8,2,10
2021-10-23T00:00:00.000Z,קפריסין,416,24,440
2021-10-23T00:00:00.000Z,קרואטיה,1,0,1
2021-10-23T00:00:00.000Z,רואנדה,5,16,21
2021-10-23T00:00:00.000Z,רומניה,218,29,247
2021-10-23T00:00:00.000Z,רוסיה,18,15,33
2021-10-23T00:00:00.000Z,שוודיה,3,6,9
2021-10-23T00:00:00.000Z,שוויץ,82,8,90
2021-10-23T00:00:00.000Z,תאילנד,4,3,7
2021-10-23T00:00:00.000Z,תורכיה,1257,294,1551
2021-10-23T00:00:00.000Z,תורכמניסטאן,1,1,2
2021-10-23T00:00:00.000Z,איחוד האמירויות הערב,189,32,221
2021-10-24T00:00:00.000Z,צרפת,469,341,810
2021-10-24T00:00:00.000Z,קולומביה,1,1,2
2021-10-24T00:00:00.000Z,קוסטה ריקה,2,1,3
2021-10-24T00:00:00.000Z,קוריאה הדרומית,19,7,26
2021-10-24T00:00:00.000Z,קזחסטאן,1,10,11
2021-10-24T00:00:00.000Z,קטר,1,1,2
2021-10-24T00:00:00.000Z,קנדה,55,54,109
2021-10-24T00:00:00.000Z,קפריסין,989,53,1042
2021-10-24T00:00:00.000Z,קרואטיה,16,2,18
2021-10-24T00:00:00.000Z,רומניה,253,20,273
2021-10-24T00:00:00.000Z,רוסיה,225,177,402
2021-10-24T00:00:00.000Z,שוודיה,15,15,30
2021-10-24T00:00:00.000Z,שוויץ,207,72,279
2021-10-24T00:00:00.000Z,תוניסיה,3,1,4
2021-10-24T00:00:00.000Z,תורכיה,1566,466,2032
2021-10-24T00:00:00.000Z,תורכמניסטאן,2,2,4
2021-10-24T00:00:00.000Z,סנגל,1,0,1
2021-10-24T00:00:00.000Z,סרביה,3,0,3
2021-10-24T00:00:00.000Z,סרי לנקה (צילון),1,2,3
2021-10-24T00:00:00.000Z,פולין,96,3,99
2021-10-24T00:00:00.000Z,פורטוגל,110,10,120
2021-10-24T00:00:00.000Z,פיליפינים,2,7,9
2021-10-24T00:00:00.000Z,פינלנד,5,1,6
2021-10-24T00:00:00.000Z,פנמה,2,1,3
2021-10-24T00:00:00.000Z,פרו,1,1,2
2021-10-24T00:00:00.000Z,צ'ילה,1,0,1
2021-10-24T00:00:00.000Z,צכיה,442,19,461
2021-10-24T00:00:00.000Z,סלובניה,0,1,1
2021-10-24T00:00:00.000Z,סינגפור,0,5,5
2021-10-24T00:00:00.000Z,סין,1,0,1
2021-10-24T00:00:00.000Z,סיירה ליאונה,0,1,1
2021-10-24T00:00:00.000Z,נפאל,1,0,1
2021-10-24T00:00:00.000Z,נורבגיה,3,3,6
2021-10-24T00:00:00.000Z,מרוקו,74,17,91
2021-10-24T00:00:00.000Z,מקסיקו,5,5,10
2021-10-24T00:00:00.000Z,מקאו,1,0,1
2021-10-24T00:00:00.000Z,מצרים,1432,176,1608
2021-10-24T00:00:00.000Z,מלטה,4,0,4
2021-10-24T00:00:00.000Z,מלדיבים,22,1,23
2021-10-24T00:00:00.000Z,מונטנגרו,140,7,147
2021-10-24T00:00:00.000Z,מולדובה,94,48,142
2021-10-24T00:00:00.000Z,ליטא,108,19,127
2021-10-24T00:00:00.000Z,לוכסמבורג,1,1,2
2021-10-24T00:00:00.000Z,לאוס,2,0,2
2021-10-24T00:00:00.000Z,כלל המדינות,16332,5728,22060
2021-10-24T00:00:00.000Z,ירדן,537,75,612
2021-10-24T00:00:00.000Z,יפן,1,1,2
2021-10-24T00:00:00.000Z,יוון,1241,83,1324
2021-10-24T00:00:00.000Z,חוף השנהב,1,0,1
2021-10-24T00:00:00.000Z,הרפ הדומיניקנית,2,0,2
2021-10-24T00:00:00.000Z,הממלכה המאוחדת,511,212,723
2021-10-24T00:00:00.000Z,הונדורס,1,0,1
2021-10-24T00:00:00.000Z,הונגריה,850,47,897
2021-10-24T00:00:00.000Z,הולנד,362,57,419
2021-10-24T00:00:00.000Z,הודו,23,9,32
2021-10-24T00:00:00.000Z,דרום אפריקה,2,7,9
2021-10-24T00:00:00.000Z,דנמרק,53,21,74
2021-10-24T00:00:00.000Z,גרנדה,0,5,5
2021-10-24T00:00:00.000Z,גרמניה,439,196,635
2021-10-24T00:00:00.000Z,גאנה,2,0,2
2021-10-24T00:00:00.000Z,גאורגיה,870,54,924
2021-10-24T00:00:00.000Z,ברזיל,3,3,6
2021-10-24T00:00:00.000Z,בלגיה,38,37,75
2021-10-24T00:00:00.000Z,בילורוסיה,104,60,164
2021-10-24T00:00:00.000Z,איחוד האמירויות הערב,516,74,590
2021-10-24T00:00:00.000Z,ספרד,333,50,383
2021-10-24T00:00:00.000Z,בחריין,1,0,1
2021-10-24T00:00:00.000Z,בוסניה הרצגובינה,2,0,2
2021-10-24T00:00:00.000Z,בוליביה,0,1,1
2021-10-24T00:00:00.000Z,בולגריה,400,33,433
2021-10-24T00:00:00.000Z,בהמס,3,0,3
2021-10-24T00:00:00.000Z,ארצות הברית,796,495,1291
2021-10-24T00:00:00.000Z,ארמניה,1,0,1
2021-10-24T00:00:00.000Z,ארגנטינה,14,6,20
2021-10-24T00:00:00.000Z,אקואדור,1,1,2
2021-10-24T00:00:00.000Z,אסטוניה,0,2,2
2021-10-24T00:00:00.000Z,אנגולה,0,1,1
2021-10-24T00:00:00.000Z,אלבניה,2,4,6
2021-10-24T00:00:00.000Z,אירלנד,19,2,21
2021-10-24T00:00:00.000Z,איסלנד,1,0,1
2021-10-24T00:00:00.000Z,איי סיישל,1,1,2
2021-10-24T00:00:00.000Z,איי טורקס וקייקוס,1,0,1
2021-10-24T00:00:00.000Z,איטליה,1126,117,1243
2021-10-24T00:00:00.000Z,אזרביג'אן,119,18,137
2021-10-24T00:00:00.000Z,אורגוואי,5,2,7
2021-10-24T00:00:00.000Z,אוקראינה,298,107,405
2021-10-24T00:00:00.000Z,אוסטרליה,1,13,14
2021-10-24T00:00:00.000Z,אוסטריה,470,64,534
2021-10-24T00:00:00.000Z,אוזבקיסטן,5,11,16
2021-10-24T00:00:00.000Z,אוגנדה,1,0,1
2021-10-24T00:00:00.000Z,אבחזיסטאן,7,3,10
2021-10-24T00:00:00.000Z,מקדוניה,2,1,3
2021-10-25T00:00:00.000Z,פולין,241,22,263
2021-10-25T00:00:00.000Z,פורטוגל,179,11,190
2021-10-25T00:00:00.000Z,פיליפינים,0,9,9
2021-10-25T00:00:00.000Z,פינלנד,12,4,16
2021-10-25T00:00:00.000Z,פנמה,1,2,3
2021-10-25T00:00:00.000Z,פרו,2,2,4
2021-10-25T00:00:00.000Z,צ'ילה,5,0,5
2021-10-25T00:00:00.000Z,צכיה,463,21,484
2021-10-25T00:00:00.000Z,צרפת,850,310,1160
2021-10-25T00:00:00.000Z,קולומביה,3,5,8
2021-10-25T00:00:00.000Z,קוסטה ריקה,1,5,6
2021-10-25T00:00:00.000Z,קוריאה הדרומית,3,2,5
2021-10-25T00:00:00.000Z,קזחסטאן,5,4,9
2021-10-25T00:00:00.000Z,קטר,0,2,2
2021-10-25T00:00:00.000Z,קירג'זסטאן,1,0,1
2021-10-25T00:00:00.000Z,קמרון,1,1,2
2021-10-25T00:00:00.000Z,קנדה,13,14,27
2021-10-25T00:00:00.000Z,קניה,3,2,5
2021-10-25T00:00:00.000Z,קפריסין,408,25,433
2021-10-25T00:00:00.000Z,קרואטיה,3,3,6
2021-10-25T00:00:00.000Z,רואנדה,1,0,1
2021-10-25T00:00:00.000Z,רומניה,281,26,307
2021-10-25T00:00:00.000Z,רוסיה,207,241,448
2021-10-25T00:00:00.000Z,שוודיה,9,8,17
2021-10-25T00:00:00.000Z,שוויץ,164,66,230
2021-10-25T00:00:00.000Z,תאילנד,62,208,270
2021-10-25T00:00:00.000Z,תוניסיה,4,1,5
2021-10-25T00:00:00.000Z,תורכיה,1443,341,1784
2021-10-25T00:00:00.000Z,תורכמניסטאן,1,0,1
2021-10-25T00:00:00.000Z,אסטוניה,1,2,3
2021-10-25T00:00:00.000Z,אנגולה,6,0,6
2021-10-25T00:00:00.000Z,אלבניה,0,3,3
2021-10-25T00:00:00.000Z,אירלנד,6,1,7
2021-10-25T00:00:00.000Z,איסלנד,6,0,6
2021-10-25T00:00:00.000Z,איי קוק,0,1,1
2021-10-25T00:00:00.000Z,איי גילברט ואליס,0,1,1
2021-10-25T00:00:00.000Z,איטליה,793,79,872
2021-10-25T00:00:00.000Z,אזרביג'אן,107,7,114
2021-10-25T00:00:00.000Z,אורגוואי,1,0,1
2021-10-25T00:00:00.000Z,אוקראינה,491,205,696
2021-10-25T00:00:00.000Z,אוסטרליה,3,2,5
2021-10-25T00:00:00.000Z,אוסטריה,832,72,904
2021-10-25T00:00:00.000Z,אוזבקיסטן,115,108,223
2021-10-25T00:00:00.000Z,אוגנדה,2,0,2
2021-10-25T00:00:00.000Z,אבחזיסטאן,2,1,3
2021-10-25T00:00:00.000Z,בחריין,58,4,62
2021-10-25T00:00:00.000Z,בוסניה הרצגובינה,23,0,23
2021-10-25T00:00:00.000Z,בולגריה,92,14,106
2021-10-25T00:00:00.000Z,בוטן,6,3,9
2021-10-25T00:00:00.000Z,אתיופיה,42,17,59
2021-10-25T00:00:00.000Z,ארצות הברית,1075,913,1988
2021-10-25T00:00:00.000Z,ארמניה,1,3,4
2021-10-25T00:00:00.000Z,הולנד,314,28,342
2021-10-25T00:00:00.000Z,דרום סודאן,1,0,1
2021-10-25T00:00:00.000Z,דרום אפריקה,21,25,46
2021-10-25T00:00:00.000Z,דנמרק,19,12,31
2021-10-25T00:00:00.000Z,גרמניה,508,111,619
2021-10-25T00:00:00.000Z,הודו,63,99,162
2021-10-25T00:00:00.000Z,גווטאמלה,0,1,1
2021-10-25T00:00:00.000Z,גאנה,0,1,1
2021-10-25T00:00:00.000Z,גאורגיה,719,34,753
2021-10-25T00:00:00.000Z,ברזיל,16,26,42
2021-10-25T00:00:00.000Z,בלגיה,89,32,121
2021-10-25T00:00:00.000Z,איחוד האמירויות הערב,328,49,377
2021-10-25T00:00:00.000Z,ארגנטינה,0,5,5
2021-10-25T00:00:00.000Z,אקואדור,2,0,2
2021-10-25T00:00:00.000Z,הונג קונג,6,1,7
2021-10-25T00:00:00.000Z,הונגריה,339,15,354
2021-10-25T00:00:00.000Z,הממלכה המאוחדת,831,223,1054
2021-10-25T00:00:00.000Z,הרפ הדומיניקנית,0,1,1
2021-10-25T00:00:00.000Z,ויטנאם,0,6,6
2021-10-25T00:00:00.000Z,ונצואלה,0,2,2
2021-10-25T00:00:00.000Z,זאיר,1,6,7
2021-10-25T00:00:00.000Z,זמביה,2,1,3
2021-10-25T00:00:00.000Z,טיוואן,0,1,1
2021-10-25T00:00:00.000Z,טנזניה,5,0,5
2021-10-25T00:00:00.000Z,יוון,652,29,681
2021-10-25T00:00:00.000Z,יפן,0,2,2
2021-10-25T00:00:00.000Z,ירדן,63,16,79
2021-10-25T00:00:00.000Z,כלל המדינות,14319,5926,20245
2021-10-25T00:00:00.000Z,לטביה,1,0,1
2021-10-25T00:00:00.000Z,ליטא,4,22,26
2021-10-25T00:00:00.000Z,מאוריציוס,2,0,2
2021-10-25T00:00:00.000Z,מונטנגרו,99,10,109
2021-10-25T00:00:00.000Z,מלדיבים,27,5,32
2021-10-25T00:00:00.000Z,מלטה,1,1,2
2021-10-25T00:00:00.000Z,מצרים,659,88,747
2021-10-25T00:00:00.000Z,מקסיקו,10,5,15
2021-10-25T00:00:00.000Z,מרוקו,43,4,47
2021-10-25T00:00:00.000Z,נורבגיה,12,4,16
2021-10-25T00:00:00.000Z,ניקרגואה,0,1,1
2021-10-25T00:00:00.000Z,סין,0,2,2
2021-10-25T00:00:00.000Z,סינגפור,0,4,4
2021-10-25T00:00:00.000Z,ספרד,571,61,632
2021-10-25T00:00:00.000Z,סרביה,3,0,3
2021-10-25T00:00:00.000Z,סרי לנקה (צילון),1,0,1
2021-10-26T00:00:00.000Z,פינלנד,0,1,1
2021-10-26T00:00:00.000Z,איי סיישל,0,3,3
2021-10-26T00:00:00.000Z,אוגנדה,4,38,42
2021-10-26T00:00:00.000Z,אוזבקיסטן,5,18,23
2021-10-26T00:00:00.000Z,אוסטריה,331,49,380
2021-10-26T00:00:00.000Z,אוסטרליה,0,2,2
2021-10-26T00:00:00.000Z,אוקראינה,180,108,288
2021-10-26T00:00:00.000Z,אורגוואי,3,1,4
2021-10-26T00:00:00.000Z,אזרביג'אן,5,0,5
2021-10-26T00:00:00.000Z,איטליה,342,27,369
2021-10-26T00:00:00.000Z,אינדונזיה,0,1,1
2021-10-26T00:00:00.000Z,אירלנד,10,3,13
2021-10-26T00:00:00.000Z,אלגיריה,2,0,2
2021-10-26T00:00:00.000Z,אנגולה,2,1,3
2021-10-26T00:00:00.000Z,אסטוניה,3,4,7
2021-10-26T00:00:00.000Z,ארגנטינה,20,34,54
2021-10-26T00:00:00.000Z,ארמניה,0,1,1
2021-10-26T00:00:00.000Z,ארצות הברית,634,473,1107
2021-10-26T00:00:00.000Z,אתיופיה,19,6,25
2021-10-26T00:00:00.000Z,בהמס,2,0,2
2021-10-26T00:00:00.000Z,בולגריה,8,0,8
2021-10-26T00:00:00.000Z,תורכמניסטאן,1,1,2
2021-10-26T00:00:00.000Z,תורכיה,1136,540,1676
2021-10-26T00:00:00.000Z,תאילנד,1,0,1
2021-10-26T00:00:00.000Z,שוויץ,122,36,158
2021-10-26T00:00:00.000Z,שוודיה,1,3,4
2021-10-26T00:00:00.000Z,רוסיה,189,279,468
2021-10-26T00:00:00.000Z,רומניה,27,1,28
2021-10-26T00:00:00.000Z,רואנדה,1,1,2
2021-10-26T00:00:00.000Z,קרואטיה,1,3,4
2021-10-26T00:00:00.000Z,קפריסין,151,21,172
2021-10-26T00:00:00.000Z,קניה,4,1,5
2021-10-26T00:00:00.000Z,קנדה,146,159,305
2021-10-26T00:00:00.000Z,קמרון,0,1,1
2021-10-26T00:00:00.000Z,קזחסטאן,1,5,6
2021-10-26T00:00:00.000Z,קוריאה הדרומית,1,0,1
2021-10-26T00:00:00.000Z,קוסטה ריקה,0,1,1
2021-10-26T00:00:00.000Z,קולומביה,2,0,2
2021-10-26T00:00:00.000Z,צרפת,780,349,1129
2021-10-26T00:00:00.000Z,צכיה,384,18,402
2021-10-26T00:00:00.000Z,צ'ילה,2,0,2
2021-10-26T00:00:00.000Z,פרו,1,4,5
2021-10-26T00:00:00.000Z,פנמה,5,3,8
2021-10-26T00:00:00.000Z,אבחזיסטאן,1,1,2
2021-10-26T00:00:00.000Z,פורטוגל,19,1,20
2021-10-26T00:00:00.000Z,פולינזיה הצרפתית,1,0,1
2021-10-26T00:00:00.000Z,פולין,183,29,212
2021-10-26T00:00:00.000Z,סרביה,147,8,155
2021-10-26T00:00:00.000Z,ספרד,332,52,384
2021-10-26T00:00:00.000Z,סלובניה,4,0,4
2021-10-26T00:00:00.000Z,סינגפור,0,2,2
2021-10-26T00:00:00.000Z,ניו זילנד,0,1,1
2021-10-26T00:00:00.000Z,ניגריה,2,1,3
2021-10-26T00:00:00.000Z,נורבגיה,3,2,5
2021-10-26T00:00:00.000Z,נאורו,1,0,1
2021-10-26T00:00:00.000Z,מרוקו,178,11,189
2021-10-26T00:00:00.000Z,מקסיקו,10,12,22
2021-10-26T00:00:00.000Z,מקדוניה,3,0,3
2021-10-26T00:00:00.000Z,מצרים,367,69,436
2021-10-26T00:00:00.000Z,מלדיבים,15,4,19
2021-10-26T00:00:00.000Z,מונטנגרו,1,0,1
2021-10-26T00:00:00.000Z,מולדובה,39,14,53
2021-10-26T00:00:00.000Z,ליטא,3,0,3
2021-10-26T00:00:00.000Z,לטביה,24,23,47
2021-10-26T00:00:00.000Z,כלל המדינות,8791,5341,14132
2021-10-26T00:00:00.000Z,ירדן,33,21,54
2021-10-26T00:00:00.000Z,יפן,3,0,3
2021-10-26T00:00:00.000Z,יוון,414,63,477
2021-10-26T00:00:00.000Z,חוף השנהב,7,0,7
2021-10-26T00:00:00.000Z,זמביה,16,0,16
2021-10-26T00:00:00.000Z,זאיר,0,5,5
2021-10-26T00:00:00.000Z,ונצואלה,0,7,7
2021-10-26T00:00:00.000Z,הרפ הדומיניקנית,1,0,1
2021-10-26T00:00:00.000Z,הממלכה המאוחדת,492,192,684
2021-10-26T00:00:00.000Z,הונגריה,268,21,289
2021-10-26T00:00:00.000Z,הולנד,322,22,344
2021-10-26T00:00:00.000Z,הודו,14,2,16
2021-10-26T00:00:00.000Z,דרום אפריקה,22,6,28
2021-10-26T00:00:00.000Z,דנמרק,5,4,9
2021-10-26T00:00:00.000Z,גרמניה,331,90,421
2021-10-26T00:00:00.000Z,גיברלטר,0,1,1
2021-10-26T00:00:00.000Z,גאנה,1,11,12
2021-10-26T00:00:00.000Z,גאורגיה,176,32,208
2021-10-26T00:00:00.000Z,ברזיל,4,1,5
2021-10-26T00:00:00.000Z,בלגיה,8,13,21
2021-10-26T00:00:00.000Z,בוסניה הרצגובינה,2,1,3
2021-10-26T00:00:00.000Z,איחוד האמירויות הערב,293,37,330
2021-10-27T00:00:00.000Z,אתיופיה,11,6,17
2021-10-27T00:00:00.000Z,ארצות הברית,993,797,1790
2021-10-27T00:00:00.000Z,גאורגיה,115,23,138
2021-10-27T00:00:00.000Z,ארמניה,11,0,11
2021-10-27T00:00:00.000Z,ארגנטינה,0,1,1
2021-10-27T00:00:00.000Z,אקואדור,4,1,5
2021-10-27T00:00:00.000Z,אסטוניה,1,0,1
2021-10-27T00:00:00.000Z,אנגולה,0,1,1
2021-10-27T00:00:00.000Z,אלבניה,2,0,2
2021-10-27T00:00:00.000Z,אירלנד,6,3,9
2021-10-27T00:00:00.000Z,איסלנד,3,0,3
2021-10-27T00:00:00.000Z,אינדונזיה,1,0,1
2021-10-27T00:00:00.000Z,איי סיישל,87,9,96
2021-10-27T00:00:00.000Z,איי טורקס וקייקוס,7,3,10
2021-10-27T00:00:00.000Z,גיברלטר,4,1,5
2021-10-27T00:00:00.000Z,גאנה,1,0,1
2021-10-27T00:00:00.000Z,אבחזיסטאן,0,1,1
2021-10-27T00:00:00.000Z,אוגנדה,3,2,5
2021-10-27T00:00:00.000Z,אוזבקיסטן,1,17,18
2021-10-27T00:00:00.000Z,אוסטריה,266,45,311
2021-10-27T00:00:00.000Z,אוסטרליה,2,10,12
2021-10-27T00:00:00.000Z,אוקראינה,334,163,497
2021-10-27T00:00:00.000Z,אורגוואי,0,1,1
2021-10-27T00:00:00.000Z,אזרביג'אן,10,0,10
2021-10-27T00:00:00.000Z,איטליה,457,51,508
2021-10-27T00:00:00.000Z,איי גילברט ואליס,0,1,1
2021-10-27T00:00:00.000Z,גרנדה,0,5,5
2021-10-27T00:00:00.000Z,דנמרק,8,2,10
2021-10-27T00:00:00.000Z,דרום אפריקה,25,13,38
2021-10-27T00:00:00.000Z,הודו,13,17,30
2021-10-27T00:00:00.000Z,הולנד,150,42,192
2021-10-27T00:00:00.000Z,הונגריה,455,37,492
2021-10-27T00:00:00.000Z,הממלכה המאוחדת,421,211,632
2021-10-27T00:00:00.000Z,ונצואלה,2,6,8
2021-10-27T00:00:00.000Z,זאיר,2,0,2
2021-10-27T00:00:00.000Z,זמביה,1,0,1
2021-10-27T00:00:00.000Z,טנזניה,80,8,88
2021-10-27T00:00:00.000Z,יוון,322,34,356
2021-10-27T00:00:00.000Z,יפן,0,4,4
2021-10-27T00:00:00.000Z,ירדן,55,26,81
2021-10-27T00:00:00.000Z,כלל המדינות,8601,5849,14450
2021-10-27T00:00:00.000Z,לוכסמבורג,3,2,5
2021-10-27T00:00:00.000Z,מאוריציוס,2,0,2
2021-10-27T00:00:00.000Z,מונטנגרו,101,2,103
2021-10-27T00:00:00.000Z,מלדיבים,37,11,48
2021-10-27T00:00:00.000Z,מלטה,35,1,36
2021-10-27T00:00:00.000Z,מצרים,265,49,314
2021-10-27T00:00:00.000Z,מקסיקו,8,5,13
2021-10-27T00:00:00.000Z,מרוקו,62,3,65
2021-10-27T00:00:00.000Z,נורבגיה,3,4,7
2021-10-27T00:00:00.000Z,ניגריה,2,3,5
2021-10-27T00:00:00.000Z,נפאל,1,2,3
2021-10-27T00:00:00.000Z,סין,0,7,7
2021-10-27T00:00:00.000Z,ספרד,29,13,42
2021-10-27T00:00:00.000Z,סרביה,8,1,9
2021-10-27T00:00:00.000Z,סרי לנקה (צילון),4,1,5
2021-10-27T00:00:00.000Z,פולין,83,11,94
2021-10-27T00:00:00.000Z,פורטוגל,100,18,118
2021-10-27T00:00:00.000Z,פיליפינים,2,16,18
2021-10-27T00:00:00.000Z,פינלנד,25,9,34
2021-10-27T00:00:00.000Z,פנמה,8,12,20
2021-10-27T00:00:00.000Z,פרו,0,2,2
2021-10-27T00:00:00.000Z,צכיה,186,14,200
2021-10-27T00:00:00.000Z,צרפת,515,476,991
2021-10-27T00:00:00.000Z,קולומביה,2,2,4
2021-10-27T00:00:00.000Z,קוסובו,1,0,1
2021-10-27T00:00:00.000Z,קוסטה ריקה,2,0,2
2021-10-27T00:00:00.000Z,קוריאה הדרומית,4,6,10
2021-10-27T00:00:00.000Z,קזחסטאן,0,3,3
2021-10-27T00:00:00.000Z,קטר,2,0,2
2021-10-27T00:00:00.000Z,קירג'זסטאן,2,2,4
2021-10-27T00:00:00.000Z,קנדה,52,79,131
2021-10-27T00:00:00.000Z,קניה,8,0,8
2021-10-27T00:00:00.000Z,קפריסין,200,37,237
2021-10-27T00:00:00.000Z,קרואטיה,3,0,3
2021-10-27T00:00:00.000Z,רואנדה,1,0,1
2021-10-27T00:00:00.000Z,רומניה,237,36,273
2021-10-27T00:00:00.000Z,רוסיה,127,210,337
2021-10-27T00:00:00.000Z,שוודיה,2,4,6
2021-10-27T00:00:00.000Z,שוויץ,70,24,94
2021-10-27T00:00:00.000Z,תאילנד,6,0,6
2021-10-27T00:00:00.000Z,תוניסיה,2,9,11
2021-10-27T00:00:00.000Z,תורכיה,1180,485,1665
2021-10-27T00:00:00.000Z,תורכמניסטאן,4,4,8
2021-10-27T00:00:00.000Z,גרמניה,407,199,606
2021-10-27T00:00:00.000Z,ברזיל,6,6,12
2021-10-27T00:00:00.000Z,בלגיה,17,8,25
2021-10-27T00:00:00.000Z,בילורוסיה,4,1,5
2021-10-27T00:00:00.000Z,בוסניה הרצגובינה,2,0,2
2021-10-27T00:00:00.000Z,בולגריה,201,33,234
2021-10-27T00:00:00.000Z,בוטסואנה,1,0,1
2021-10-27T00:00:00.000Z,איחוד האמירויות הערב,140,36,176
2021-10-28T00:00:00.000Z,צ'ילה,3,7,10
2021-10-28T00:00:00.000Z,צכיה,228,17,245
2021-10-28T00:00:00.000Z,צרפת,698,394,1092
2021-10-28T00:00:00.000Z,קולומביה,3,11,14
2021-10-28T00:00:00.000Z,קונגו,2,0,2
2021-10-28T00:00:00.000Z,קוסטה ריקה,4,1,5
2021-10-28T00:00:00.000Z,קוריאה הדרומית,1,3,4
2021-10-28T00:00:00.000Z,קזחסטאן,2,14,16
2021-10-28T00:00:00.000Z,קמרון,1,0,1
2021-10-28T00:00:00.000Z,קנדה,12,9,21
2021-10-28T00:00:00.000Z,קניה,7,6,13
2021-10-28T00:00:00.000Z,קפריסין,452,67,519
2021-10-28T00:00:00.000Z,קרואטיה,3,1,4
2021-10-28T00:00:00.000Z,רואנדה,4,0,4
2021-10-28T00:00:00.000Z,רומניה,120,29,149
2021-10-28T00:00:00.000Z,רוסיה,251,178,429
2021-10-28T00:00:00.000Z,שוודיה,11,5,16
2021-10-28T00:00:00.000Z,שוויץ,115,31,146
2021-10-28T00:00:00.000Z,תאילנד,1,6,7
2021-10-28T00:00:00.000Z,תורכיה,1244,396,1640
2021-10-28T00:00:00.000Z,תורכמניסטאן,1,2,3
2021-10-28T00:00:00.000Z,אבחזיסטאן,4,1,5
2021-10-28T00:00:00.000Z,אוגנדה,7,1,8
2021-10-28T00:00:00.000Z,אוזבקיסטן,6,10,16
2021-10-28T00:00:00.000Z,אוסטריה,419,58,477
2021-10-28T00:00:00.000Z,אוסטרליה,3,1,4
2021-10-28T00:00:00.000Z,אוקראינה,188,103,291
2021-10-28T00:00:00.000Z,אורגוואי,1,2,3
2021-10-28T00:00:00.000Z,אזרביג'אן,91,6,97
2021-10-28T00:00:00.000Z,איטליה,596,70,666
2021-10-28T00:00:00.000Z,איי טורקס וקייקוס,6,2,8
2021-10-28T00:00:00.000Z,איי סיישל,0,1,1
2021-10-28T00:00:00.000Z,איסלנד,5,0,5
2021-10-28T00:00:00.000Z,אירלנד,10,3,13
2021-10-28T00:00:00.000Z,אנגולה,2,2,4
2021-10-28T00:00:00.000Z,אסטוניה,4,0,4
2021-10-28T00:00:00.000Z,אפגניסטן,0,2,2
2021-10-28T00:00:00.000Z,אקואדור,1,0,1
2021-10-28T00:00:00.000Z,ארגנטינה,7,15,22
2021-10-28T00:00:00.000Z,ארמניה,3,2,5
2021-10-28T00:00:00.000Z,ארצות הברית,1051,987,2038
2021-10-28T00:00:00.000Z,אתיופיה,45,17,62
2021-10-28T00:00:00.000Z,בולגריה,115,11,126
2021-10-28T00:00:00.000Z,בחריין,22,8,30
2021-10-28T00:00:00.000Z,בילורוסיה,72,79,151
2021-10-28T00:00:00.000Z,בלגיה,15,13,28
2021-10-28T00:00:00.000Z,בליז,0,1,1
2021-10-28T00:00:00.000Z,ברזיל,11,18,29
2021-10-28T00:00:00.000Z,גאורגיה,670,57,727
2021-10-28T00:00:00.000Z,גאנה,3,1,4
2021-10-28T00:00:00.000Z,גווטאמלה,3,1,4
2021-10-28T00:00:00.000Z,גינאה המשוונית,1,0,1
2021-10-28T00:00:00.000Z,גרמניה,202,66,268
2021-10-28T00:00:00.000Z,דנמרק,62,21,83
2021-10-28T00:00:00.000Z,דרום אפריקה,28,12,40
2021-10-28T00:00:00.000Z,הודו,20,5,25
2021-10-28T00:00:00.000Z,איחוד האמירויות הערב,542,92,634
2021-10-28T00:00:00.000Z,הונג קונג,4,16,20
2021-10-28T00:00:00.000Z,הונגריה,570,48,618
2021-10-28T00:00:00.000Z,הממלכה המאוחדת,423,217,640
2021-10-28T00:00:00.000Z,הרפ הדומיניקנית,2,0,2
2021-10-28T00:00:00.000Z,זאיר,2,0,2
2021-10-28T00:00:00.000Z,זמביה,3,10,13
2021-10-28T00:00:00.000Z,חוף השנהב,3,0,3
2021-10-28T00:00:00.000Z,טג'יקיסטאן,3,0,3
2021-10-28T00:00:00.000Z,טוגו,1,0,1
2021-10-28T00:00:00.000Z,טנזניה,8,0,8
2021-10-28T00:00:00.000Z,יוון,607,67,674
2021-10-28T00:00:00.000Z,יפן,1,0,1
2021-10-28T00:00:00.000Z,ירדן,257,57,314
2021-10-28T00:00:00.000Z,כלל המדינות,11943,6584,18527
2021-10-28T00:00:00.000Z,לטביה,2,0,2
2021-10-28T00:00:00.000Z,ליטא,88,22,110
2021-10-28T00:00:00.000Z,מולדובה,55,35,90
2021-10-28T00:00:00.000Z,מונטנגרו,155,1,156
2021-10-28T00:00:00.000Z,מלאווי,1,0,1
2021-10-28T00:00:00.000Z,מלדיבים,12,4,16
2021-10-28T00:00:00.000Z,מצרים,479,90,569
2021-10-28T00:00:00.000Z,מקדוניה,2,0,2
2021-10-28T00:00:00.000Z,מקסיקו,12,21,33
2021-10-28T00:00:00.000Z,מרוקו,124,11,135
2021-10-28T00:00:00.000Z,נורבגיה,7,2,9
2021-10-28T00:00:00.000Z,ניגריה,8,3,11
2021-10-28T00:00:00.000Z,נפאל,4,0,4
2021-10-28T00:00:00.000Z,סין,1,137,138
2021-10-28T00:00:00.000Z,סינגפור,9,0,9
2021-10-28T00:00:00.000Z,סלובניה,1,0,1
2021-10-28T00:00:00.000Z,ספרד,254,59,313
2021-10-28T00:00:00.000Z,סרביה,15,1,16
2021-10-28T00:00:00.000Z,סרי לנקה (צילון),0,1,1
2021-10-28T00:00:00.000Z,ערב הסעודית,1,1,2
2021-10-28T00:00:00.000Z,פולין,95,16,111
2021-10-28T00:00:00.000Z,פורטוגל,257,26,283
2021-10-28T00:00:00.000Z,פיליפינים,2,5,7
2021-10-28T00:00:00.000Z,פינלנד,13,3,16
2021-10-28T00:00:00.000Z,פנמה,3,8,11
2021-10-28T00:00:00.000Z,פרו,1,2,3
2021-10-28T00:00:00.000Z,הולנד,201,50,251
2021-10-29T00:00:00.000Z,דרום אפריקה,3,0,3
2021-10-29T00:00:00.000Z,דנמרק,12,2,14
2021-10-29T00:00:00.000Z,דומיניקה,2,0,2
2021-10-29T00:00:00.000Z,גרנדה,1,0,1
2021-10-29T00:00:00.000Z,גרמניה,753,149,902
2021-10-29T00:00:00.000Z,גמביה,1,0,1
2021-10-29T00:00:00.000Z,גאנה,1,0,1
2021-10-29T00:00:00.000Z,גאורגיה,385,75,460
2021-10-29T00:00:00.000Z,ברזיל,9,0,9
2021-10-29T00:00:00.000Z,בליז,1,0,1
2021-10-29T00:00:00.000Z,בלגיה,155,86,241
2021-10-29T00:00:00.000Z,בילורוסיה,1,0,1
2021-10-29T00:00:00.000Z,בורקינה פאסו,1,0,1
2021-10-29T00:00:00.000Z,בוסניה הרצגובינה,2,6,8
2021-10-29T00:00:00.000Z,בולגריה,5,3,8
2021-10-29T00:00:00.000Z,אתיופיה,2,0,2
2021-10-29T00:00:00.000Z,ארצות הברית,1355,551,1906
2021-10-29T00:00:00.000Z,ארמניה,11,1,12
2021-10-29T00:00:00.000Z,ארגנטינה,8,7,15
2021-10-29T00:00:00.000Z,אקואדור,4,2,6
2021-10-29T00:00:00.000Z,אסטוניה,2,3,5
2021-10-29T00:00:00.000Z,אנדורה,1,1,2
2021-10-29T00:00:00.000Z,אנגולה,1,0,1
2021-10-29T00:00:00.000Z,אירלנד,6,8,14
2021-10-29T00:00:00.000Z,איסלנד,1,0,1
2021-10-29T00:00:00.000Z,איי סיישל,2,0,2
2021-10-29T00:00:00.000Z,איי טורקס וקייקוס,0,2,2
2021-10-29T00:00:00.000Z,איטליה,598,62,660
2021-10-29T00:00:00.000Z,אזרביג'אן,111,6,117
2021-10-29T00:00:00.000Z,אורגוואי,1,1,2
2021-10-29T00:00:00.000Z,אוקראינה,364,161,525
2021-10-29T00:00:00.000Z,אוסטרליה,2,0,2
2021-10-29T00:00:00.000Z,שוודיה,18,4,22
2021-10-29T00:00:00.000Z,שוויץ,314,75,389
2021-10-29T00:00:00.000Z,תאילנד,124,29,153
2021-10-29T00:00:00.000Z,תורכיה,841,265,1106
2021-10-29T00:00:00.000Z,תורכמניסטאן,2,0,2
2021-10-29T00:00:00.000Z,צרפת,685,272,957
2021-10-29T00:00:00.000Z,צכיה,371,27,398
2021-10-29T00:00:00.000Z,צ'ילה,0,6,6
2021-10-29T00:00:00.000Z,צאד,1,0,1
2021-10-29T00:00:00.000Z,פנמה,2,0,2
2021-10-29T00:00:00.000Z,פינלנד,31,14,45
2021-10-29T00:00:00.000Z,פיליפינים,2,10,12
2021-10-29T00:00:00.000Z,פורטוגל,39,9,48
2021-10-29T00:00:00.000Z,פולין,222,30,252
2021-10-29T00:00:00.000Z,ערב הסעודית,1,0,1
2021-10-29T00:00:00.000Z,סרי לנקה (צילון),2,1,3
2021-10-29T00:00:00.000Z,סרביה,11,3,14
2021-10-29T00:00:00.000Z,ספרד,611,63,674
2021-10-29T00:00:00.000Z,סנגל,1,0,1
2021-10-29T00:00:00.000Z,סלובקיה,3,0,3
2021-10-29T00:00:00.000Z,סלובניה,5,0,5
2021-10-29T00:00:00.000Z,אלבניה,2,0,2
2021-10-29T00:00:00.000Z,קמרון,2,1,3
2021-10-29T00:00:00.000Z,קירג'זסטאן,3,0,3
2021-10-29T00:00:00.000Z,קטר,1,0,1
2021-10-29T00:00:00.000Z,קזחסטאן,1,6,7
2021-10-29T00:00:00.000Z,קוריאה הדרומית,9,3,12
2021-10-29T00:00:00.000Z,קוסטה ריקה,5,5,10
2021-10-29T00:00:00.000Z,אוסטריה,671,49,720
2021-10-29T00:00:00.000Z,אוזבקיסטן,8,14,22
2021-10-29T00:00:00.000Z,קולומביה,5,1,6
2021-10-29T00:00:00.000Z,קנדה,101,61,162
2021-10-29T00:00:00.000Z,קניה,4,0,4
2021-10-29T00:00:00.000Z,קפריסין,209,23,232
2021-10-29T00:00:00.000Z,קרואטיה,17,0,17
2021-10-29T00:00:00.000Z,רומניה,162,28,190
2021-10-29T00:00:00.000Z,רוסיה,190,141,331
2021-10-29T00:00:00.000Z,סינגפור,5,5,10
2021-10-29T00:00:00.000Z,סין,0,1,1
2021-10-29T00:00:00.000Z,סיירה ליאונה,0,1,1
2021-10-29T00:00:00.000Z,נפאל,4,1,5
2021-10-29T00:00:00.000Z,ניו זילנד,0,7,7
2021-10-29T00:00:00.000Z,ניגריה,3,0,3
2021-10-29T00:00:00.000Z,נורבגיה,5,0,5
2021-10-29T00:00:00.000Z,מרוקו,132,10,142
2021-10-29T00:00:00.000Z,מקסיקו,12,6,18
2021-10-29T00:00:00.000Z,מקדוניה,13,8,21
2021-10-29T00:00:00.000Z,מצרים,295,54,349
2021-10-29T00:00:00.000Z,מלטה,7,0,7
2021-10-29T00:00:00.000Z,מלדיבים,8,0,8
2021-10-29T00:00:00.000Z,מונטנגרו,61,8,69
2021-10-29T00:00:00.000Z,מולדובה,3,1,4
2021-10-29T00:00:00.000Z,מאוריציוס,3,0,3
2021-10-29T00:00:00.000Z,ליטא,6,0,6
2021-10-29T00:00:00.000Z,לוכסמבורג,5,0,5
2021-10-29T00:00:00.000Z,לבנון,5,0,5
2021-10-29T00:00:00.000Z,כלל המדינות,11485,5038,16523
2021-10-29T00:00:00.000Z,ירדן,7,2,9
2021-10-29T00:00:00.000Z,יפן,0,1,1
2021-10-29T00:00:00.000Z,יוון,564,41,605
2021-10-29T00:00:00.000Z,טובלו,1,0,1
2021-10-29T00:00:00.000Z,חוף השנהב,2,0,2
2021-10-29T00:00:00.000Z,זאיר,2,0,2
2021-10-29T00:00:00.000Z,הרפ הדומיניקנית,2,0,2
2021-10-29T00:00:00.000Z,הממלכה המאוחדת,507,177,684
2021-10-29T00:00:00.000Z,הונגריה,271,10,281
2021-10-29T00:00:00.000Z,הולנד,175,25,200
2021-10-29T00:00:00.000Z,הודו,45,4,49
2021-10-29T00:00:00.000Z,סאו טומה ופרינציפה,3,0,3
2021-10-29T00:00:00.000Z,איחוד האמירויות הערב,296,37,333
2021-10-30T00:00:00.000Z,טנזניה,8,1,9
2021-10-30T00:00:00.000Z,רוסיה,4,10,14
2021-10-30T00:00:00.000Z,קפריסין,562,34,596
2021-10-30T00:00:00.000Z,קניה,7,1,8
2021-10-30T00:00:00.000Z,קנדה,3,3,6
2021-10-30T00:00:00.000Z,קירג'זסטאן,1,0,1
2021-10-30T00:00:00.000Z,קזחסטאן,2,0,2
2021-10-30T00:00:00.000Z,קוריאה הדרומית,3,2,5
2021-10-30T00:00:00.000Z,קולומביה,5,12,17
2021-10-30T00:00:00.000Z,קובה,2,0,2
2021-10-30T00:00:00.000Z,צרפת,269,78,347
2021-10-30T00:00:00.000Z,צכיה,203,7,210
2021-10-30T00:00:00.000Z,צ'ילה,0,1,1
2021-10-30T00:00:00.000Z,פרו,5,3,8
2021-10-30T00:00:00.000Z,פנמה,2,0,2
2021-10-30T00:00:00.000Z,פינלנד,4,3,7
2021-10-30T00:00:00.000Z,פיליפינים,0,1,1
2021-10-30T00:00:00.000Z,פורטוגל,23,2,25
2021-10-30T00:00:00.000Z,פולינזיה הצרפתית,0,4,4
2021-10-30T00:00:00.000Z,פולין,149,6,155
2021-10-30T00:00:00.000Z,ערב הסעודית,25,0,25
2021-10-30T00:00:00.000Z,סרי לנקה (צילון),2,1,3
2021-10-30T00:00:00.000Z,סרביה,3,2,5
2021-10-30T00:00:00.000Z,ספרד,24,2,26
2021-10-30T00:00:00.000Z,סנגל,3,0,3
2021-10-30T00:00:00.000Z,סלובניה,1,0,1
2021-10-30T00:00:00.000Z,סינגפור,5,3,8
2021-10-30T00:00:00.000Z,סין,0,6,6
2021-10-30T00:00:00.000Z,נמיביה,2,3,5
2021-10-30T00:00:00.000Z,ניגריה,8,0,8
2021-10-30T00:00:00.000Z,נורבגיה,5,12,17
2021-10-30T00:00:00.000Z,מרוקו,6,1,7
2021-10-30T00:00:00.000Z,מקסיקו,9,0,9
2021-10-30T00:00:00.000Z,מצרים,1460,131,1591
2021-10-30T00:00:00.000Z,מלדיבים,6,0,6
2021-10-30T00:00:00.000Z,מלאווי,1,0,1
2021-10-30T00:00:00.000Z,מונטנגרו,1,0,1
2021-10-30T00:00:00.000Z,מולדובה,9,0,9
2021-10-30T00:00:00.000Z,מוזמביק,2,0,2
2021-10-30T00:00:00.000Z,מאוריציוס,1,0,1
2021-10-30T00:00:00.000Z,ליטא,3,1,4
2021-10-30T00:00:00.000Z,ליבריה,0,1,1
2021-10-30T00:00:00.000Z,לטביה,18,7,25
2021-10-30T00:00:00.000Z,לוכסמבורג,3,0,3
2021-10-30T00:00:00.000Z,כלל המדינות,8473,3969,12442
2021-10-30T00:00:00.000Z,ירדן,135,5,140
2021-10-30T00:00:00.000Z,יפן,0,1,1
2021-10-30T00:00:00.000Z,יוון,542,23,565
2021-10-30T00:00:00.000Z,קרואטיה,5,2,7
2021-10-30T00:00:00.000Z,טיוואן,0,1,1
2021-10-30T00:00:00.000Z,טוגו,6,1,7
2021-10-30T00:00:00.000Z,חוף השנהב,2,0,2
2021-10-30T00:00:00.000Z,זמביה,1,0,1
2021-10-30T00:00:00.000Z,הממלכה המאוחדת,333,99,432
2021-10-30T00:00:00.000Z,הונגריה,333,23,356
2021-10-30T00:00:00.000Z,הונג קונג,0,2,2
2021-10-30T00:00:00.000Z,הולנד,209,19,228
2021-10-30T00:00:00.000Z,הודו,15,3,18
2021-10-30T00:00:00.000Z,דרום אפריקה,23,5,28
2021-10-30T00:00:00.000Z,דנמרק,8,1,9
2021-10-30T00:00:00.000Z,גרמניה,210,59,269
2021-10-30T00:00:00.000Z,גינאה המשוונית,3,0,3
2021-10-30T00:00:00.000Z,גאנה,1,0,1
2021-10-30T00:00:00.000Z,גאורגיה,133,23,156
2021-10-30T00:00:00.000Z,ברזיל,0,3,3
2021-10-30T00:00:00.000Z,בליז,1,0,1
2021-10-30T00:00:00.000Z,בלגיה,10,5,15
2021-10-30T00:00:00.000Z,בילורוסיה,1,0,1
2021-10-30T00:00:00.000Z,בורקינה פאסו,0,1,1
2021-10-30T00:00:00.000Z,בוסניה הרצגובינה,2,1,3
2021-10-30T00:00:00.000Z,בולגריה,156,15,171
2021-10-30T00:00:00.000Z,אתיופיה,26,15,41
2021-10-30T00:00:00.000Z,ארצות הברית,611,374,985
2021-10-30T00:00:00.000Z,ארמניה,2,0,2
2021-10-30T00:00:00.000Z,ארגנטינה,0,2,2
2021-10-30T00:00:00.000Z,אקואדור,1,0,1
2021-10-30T00:00:00.000Z,אלבניה,1,6,7
2021-10-30T00:00:00.000Z,אירלנד,6,1,7
2021-10-30T00:00:00.000Z,איסלנד,1,0,1
2021-10-30T00:00:00.000Z,איי קומורו,1,0,1
2021-10-30T00:00:00.000Z,איי סיישל,8,0,8
2021-10-30T00:00:00.000Z,איי טורקס וקייקוס,3,0,3
2021-10-30T00:00:00.000Z,איטליה,334,63,397
2021-10-30T00:00:00.000Z,אוקראינה,208,42,250
2021-10-30T00:00:00.000Z,אוסטריה,357,22,379
2021-10-30T00:00:00.000Z,אוזבקיסטן,4,7,11
2021-10-30T00:00:00.000Z,אוגנדה,3,0,3
2021-10-30T00:00:00.000Z,רואנדה,0,1,1
2021-10-30T00:00:00.000Z,רומניה,186,28,214
2021-10-30T00:00:00.000Z,איחוד האמירויות הערב,143,45,188
2021-10-30T00:00:00.000Z,תורכמניסטאן,0,1,1
2021-10-30T00:00:00.000Z,תורכיה,1312,321,1633
2021-10-30T00:00:00.000Z,תוניסיה,4,0,4
2021-10-30T00:00:00.000Z,תאילנד,1,0,1
2021-10-30T00:00:00.000Z,שוויץ,48,9,57
2021-10-30T00:00:00.000Z,שוודיה,4,2,6
2021-10-31T00:00:00.000Z,קניה,1,0,1
2021-10-31T00:00:00.000Z,קרואטיה,2,1,3
2021-10-31T00:00:00.000Z,קפריסין,625,34,659
2021-10-31T00:00:00.000Z,אוסטרליה,2,5,7
2021-10-31T00:00:00.000Z,קנדה,58,76,134
2021-10-31T00:00:00.000Z,קמרון,1,0,1
2021-10-31T00:00:00.000Z,קזחסטאן,1,2,3
2021-10-31T00:00:00.000Z,קוריאה הדרומית,5,18,23
2021-10-31T00:00:00.000Z,קוסטה ריקה,4,3,7
2021-10-31T00:00:00.000Z,קולומביה,1,1,2
2021-10-31T00:00:00.000Z,צרפת,607,2584,3191
2021-10-31T00:00:00.000Z,צכיה,449,23,472
2021-10-31T00:00:00.000Z,צ'ילה,1,0,1
2021-10-31T00:00:00.000Z,פרו,3,3,6
2021-10-31T00:00:00.000Z,פנמה,2,0,2
2021-10-31T00:00:00.000Z,פינלנד,2,4,6
2021-10-31T00:00:00.000Z,פיליפינים,1,2,3
2021-10-31T00:00:00.000Z,פורטוגל,149,11,160
2021-10-31T00:00:00.000Z,פולינזיה הצרפתית,2,0,2
2021-10-31T00:00:00.000Z,פולין,219,35,254
2021-10-31T00:00:00.000Z,עירק,1,6,7
2021-10-31T00:00:00.000Z,עומן,0,1,1
2021-10-31T00:00:00.000Z,סרי לנקה (צילון),4,6,10
2021-10-31T00:00:00.000Z,סרביה,6,0,6
2021-10-31T00:00:00.000Z,ספרד,493,72,565
2021-10-31T00:00:00.000Z,סלובניה,3,0,3
2021-10-31T00:00:00.000Z,סינגפור,2,1,3
2021-10-31T00:00:00.000Z,סין,0,6,6
2021-10-31T00:00:00.000Z,נפאל,6,3,9
2021-10-31T00:00:00.000Z,ניגריה,1,0,1
2021-10-31T00:00:00.000Z,נורבגיה,0,2,2
2021-10-31T00:00:00.000Z,מרוקו,83,10,93
2021-10-31T00:00:00.000Z,מקסיקו,1,1,2
2021-10-31T00:00:00.000Z,מקדוניה,2,0,2
2021-10-31T00:00:00.000Z,מצרים,1247,138,1385
2021-10-31T00:00:00.000Z,מלטה,3,0,3
2021-10-31T00:00:00.000Z,מלזיה,1,0,1
2021-10-31T00:00:00.000Z,מלדיבים,21,1,22
2021-10-31T00:00:00.000Z,מיאנמר (בורמה),0,1,1
2021-10-31T00:00:00.000Z,מונטנגרו,96,3,99
2021-10-31T00:00:00.000Z,אוסטריה,521,48,569
2021-10-31T00:00:00.000Z,אוזבקיסטן,3,4,7
2021-10-31T00:00:00.000Z,אוגנדה,5,0,5
2021-10-31T00:00:00.000Z,אבחזיסטאן,2,0,2
2021-10-31T00:00:00.000Z,תורכמניסטאן,2,0,2
2021-10-31T00:00:00.000Z,איחוד האמירויות הערב,697,117,814
2021-10-31T00:00:00.000Z,תורכיה,1485,365,1850
2021-10-31T00:00:00.000Z,מולדובה,104,44,148
2021-10-31T00:00:00.000Z,מאוריציוס,3,0,3
2021-10-31T00:00:00.000Z,ליטא,69,11,80
2021-10-31T00:00:00.000Z,לטביה,1,0,1
2021-10-31T00:00:00.000Z,לוכסמבורג,3,0,3
2021-10-31T00:00:00.000Z,כלל המדינות,15757,8699,24456
2021-10-31T00:00:00.000Z,ירדן,329,48,377
2021-10-31T00:00:00.000Z,יפן,2,6,8
2021-10-31T00:00:00.000Z,יוון,890,53,943
2021-10-31T00:00:00.000Z,טנזניה,0,1,1
2021-10-31T00:00:00.000Z,טובלו,0,1,1
2021-10-31T00:00:00.000Z,זמביה,0,1,1
2021-10-31T00:00:00.000Z,הרפ הדומיניקנית,0,1,1
2021-10-31T00:00:00.000Z,הממלכה המאוחדת,572,211,783
2021-10-31T00:00:00.000Z,הונגריה,897,54,951
2021-10-31T00:00:00.000Z,הולנד,396,47,443
2021-10-31T00:00:00.000Z,הודו,16,10,26
2021-10-31T00:00:00.000Z,דרום אפריקה,1,5,6
2021-10-31T00:00:00.000Z,דנמרק,60,22,82
2021-10-31T00:00:00.000Z,גרמניה,542,163,705
2021-10-31T00:00:00.000Z,גמביה,0,8,8
2021-10-31T00:00:00.000Z,גויאנה הצרפתית,1,0,1
2021-10-31T00:00:00.000Z,גויאנה,0,1,1
2021-10-31T00:00:00.000Z,גווטאמלה,3,0,3
2021-10-31T00:00:00.000Z,גבון,0,1,1
2021-10-31T00:00:00.000Z,גאנה,0,1,1
2021-10-31T00:00:00.000Z,גאורגיה,980,60,1040
2021-10-31T00:00:00.000Z,ברזיל,9,12,21
2021-10-31T00:00:00.000Z,בלגיה,75,54,129
2021-10-31T00:00:00.000Z,בילורוסיה,96,30,126
2021-10-31T00:00:00.000Z,בחריין,4,0,4
2021-10-31T00:00:00.000Z,בוליביה,2,0,2
2021-10-31T00:00:00.000Z,בולגריה,130,5,135
2021-10-31T00:00:00.000Z,ארצות הברית,797,625,1422
2021-10-31T00:00:00.000Z,ארמניה,2,1,3
2021-10-31T00:00:00.000Z,ארגנטינה,17,2,19
2021-10-31T00:00:00.000Z,אפגניסטן,0,1,1
2021-10-31T00:00:00.000Z,אסטוניה,4,0,4
2021-10-31T00:00:00.000Z,אנגולה,4,1,5
2021-10-31T00:00:00.000Z,אלבניה,2,0,2
2021-10-31T00:00:00.000Z,אירלנד,10,3,13
2021-10-31T00:00:00.000Z,איסלנד,0,3,3
2021-10-31T00:00:00.000Z,איי טורקס וקייקוס,7,0,7
2021-10-31T00:00:00.000Z,תוניסיה,0,1,1
2021-10-31T00:00:00.000Z,תאילנד,5,0,5
2021-10-31T00:00:00.000Z,שוויץ,262,111,373
2021-10-31T00:00:00.000Z,שוודיה,16,26,42
2021-10-31T00:00:00.000Z,רוסיה,170,163,333
2021-10-31T00:00:00.000Z,רומניה,161,4,165
2021-10-31T00:00:00.000Z,רואנדה,0,4,4
2021-10-31T00:00:00.000Z,איי גילברט ואליס,0,2,2
2021-10-31T00:00:00.000Z,איטליה,1032,116,1148
2021-10-31T00:00:00.000Z,אזרביג'אן,55,17,72
2021-10-31T00:00:00.000Z,אורגוואי,1,2,3
2021-10-31T00:00:00.000Z,אוקראינה,325,86,411
2021-11-01T00:00:00.000Z,תאילנד,2,1,3
2021-11-01T00:00:00.000Z,הולנד,310,69,379
2021-11-01T00:00:00.000Z,הודו,66,74,140
2021-11-01T00:00:00.000Z,דרום סודאן,0,1,1
2021-11-01T00:00:00.000Z,דרום אפריקה,7,13,20
2021-11-01T00:00:00.000Z,דנמרק,12,6,18
2021-11-01T00:00:00.000Z,גרמניה,532,251,783
2021-11-01T00:00:00.000Z,אבחזיסטאן,0,2,2
2021-11-01T00:00:00.000Z,אוגנדה,2,1,3
2021-11-01T00:00:00.000Z,אוזבקיסטן,6,5,11
2021-11-01T00:00:00.000Z,אוסטריה,641,61,702
2021-11-01T00:00:00.000Z,אוסטרליה,5,5,10
2021-11-01T00:00:00.000Z,איחוד האמירויות הערב,416,61,477
2021-11-01T00:00:00.000Z,תימן,1,0,1
2021-11-01T00:00:00.000Z,תורכמניסטאן,4,1,5
2021-11-01T00:00:00.000Z,תורכיה,1381,371,1752
2021-11-01T00:00:00.000Z,תוניסיה,6,1,7
2021-11-01T00:00:00.000Z,אקואדור,0,2,2
2021-11-01T00:00:00.000Z,שוויץ,135,123,258
2021-11-01T00:00:00.000Z,שוודיה,6,24,30
2021-11-01T00:00:00.000Z,רוסיה,219,370,589
2021-11-01T00:00:00.000Z,רומניה,246,25,271
2021-11-01T00:00:00.000Z,רואנדה,0,1,1
2021-11-01T00:00:00.000Z,קרואטיה,7,0,7
2021-11-01T00:00:00.000Z,קפריסין,395,60,455
2021-11-01T00:00:00.000Z,קניה,9,29,38
2021-11-01T00:00:00.000Z,קנדה,77,87,164
2021-11-01T00:00:00.000Z,קטר,1,0,1
2021-11-01T00:00:00.000Z,קזחסטאן,1,1,2
2021-11-01T00:00:00.000Z,קוריאה הדרומית,1,1,2
2021-11-01T00:00:00.000Z,קוסטה ריקה,3,0,3
2021-11-01T00:00:00.000Z,קוסובו,0,1,1
2021-11-01T00:00:00.000Z,קולומביה,4,8,12
2021-11-01T00:00:00.000Z,צרפת,744,429,1173
2021-11-01T00:00:00.000Z,צכיה,539,21,560
2021-11-01T00:00:00.000Z,צ'ילה,0,1,1
2021-11-01T00:00:00.000Z,פרו,4,0,4
2021-11-01T00:00:00.000Z,פנמה,1,4,5
2021-11-01T00:00:00.000Z,פינלנד,3,25,28
2021-11-01T00:00:00.000Z,פיליפינים,1,1,2
2021-11-01T00:00:00.000Z,פורטוגל,129,23,152
2021-11-01T00:00:00.000Z,פולין,264,35,299
2021-11-01T00:00:00.000Z,ערב הסעודית,2,0,2
2021-11-01T00:00:00.000Z,סרי לנקה (צילון),2,2,4
2021-11-01T00:00:00.000Z,סרביה,11,1,12
2021-11-01T00:00:00.000Z,ספרד,404,74,478
2021-11-01T00:00:00.000Z,סלובניה,0,1,1
2021-11-01T00:00:00.000Z,נמיביה,1,2,3
2021-11-01T00:00:00.000Z,ניגריה,2,3,5
2021-11-01T00:00:00.000Z,נורבגיה,3,0,3
2021-11-01T00:00:00.000Z,מרוקו,105,7,112
2021-11-01T00:00:00.000Z,מקסיקו,14,19,33
2021-11-01T00:00:00.000Z,מקדוניה,1,1,2
2021-11-01T00:00:00.000Z,מצרים,557,57,614
2021-11-01T00:00:00.000Z,מלטה,0,1,1
2021-11-01T00:00:00.000Z,מלדיבים,18,2,20
2021-11-01T00:00:00.000Z,מוזמביק,1,0,1
2021-11-01T00:00:00.000Z,ליטא,3,0,3
2021-11-01T00:00:00.000Z,לטביה,0,1,1
2021-11-01T00:00:00.000Z,כלל המדינות,13890,7227,21117
2021-11-01T00:00:00.000Z,ירדן,27,23,50
2021-11-01T00:00:00.000Z,יפן,0,26,26
2021-11-01T00:00:00.000Z,יוון,720,36,756
2021-11-01T00:00:00.000Z,טרינידד וטובגו,2,0,2
2021-11-01T00:00:00.000Z,טנזניה,0,1,1
2021-11-01T00:00:00.000Z,זמביה,1,0,1
2021-11-01T00:00:00.000Z,זימבאבווה,0,1,1
2021-11-01T00:00:00.000Z,הרפ הדומיניקנית,2,0,2
2021-11-01T00:00:00.000Z,הממלכה המאוחדת,866,350,1216
2021-11-01T00:00:00.000Z,הונדורס,1,0,1
2021-11-01T00:00:00.000Z,הונגריה,641,69,710
2021-11-01T00:00:00.000Z,אוקראינה,533,204,737
2021-11-01T00:00:00.000Z,אורגוואי,1,2,3
2021-11-01T00:00:00.000Z,אזרביג'אן,52,2,54
2021-11-01T00:00:00.000Z,איטליה,766,122,888
2021-11-01T00:00:00.000Z,איי פאלקלנד,1,0,1
2021-11-01T00:00:00.000Z,איסלנד,5,0,5
2021-11-01T00:00:00.000Z,אירלנד,7,9,16
2021-11-01T00:00:00.000Z,אלבניה,4,0,4
2021-11-01T00:00:00.000Z,אנגולה,3,0,3
2021-11-01T00:00:00.000Z,אנדורה,1,5,6
2021-11-01T00:00:00.000Z,אסטוניה,0,1,1
2021-11-01T00:00:00.000Z,גויאנה הצרפתית,1,0,1
2021-11-01T00:00:00.000Z,גאנה,1,1,2
2021-11-01T00:00:00.000Z,גאורגיה,479,25,504
2021-11-01T00:00:00.000Z,ברזיל,15,4,19
2021-11-01T00:00:00.000Z,בלגיה,185,198,383
2021-11-01T00:00:00.000Z,בחריין,62,2,64
2021-11-01T00:00:00.000Z,בולגריה,247,60,307
2021-11-01T00:00:00.000Z,אתיופיה,18,20,38
2021-11-01T00:00:00.000Z,ארצות הברית,1130,1018,2148
2021-11-01T00:00:00.000Z,ארמניה,3,5,8
2021-11-02T00:00:00.000Z,קפריסין,147,21,168
2021-11-02T00:00:00.000Z,קולומביה,3,13,16
2021-11-02T00:00:00.000Z,קוסובו,1,0,1
2021-11-02T00:00:00.000Z,מולדובה,4,8,12
2021-11-02T00:00:00.000Z,מלדיבים,4,2,6
2021-11-02T00:00:00.000Z,מלטה,3,1,4
2021-11-02T00:00:00.000Z,מצרים,205,35,240
2021-11-02T00:00:00.000Z,מקדוניה,1,0,1
2021-11-02T00:00:00.000Z,מקסיקו,3,8,11
2021-11-02T00:00:00.000Z,מרוקו,133,4,137
2021-11-02T00:00:00.000Z,נורבגיה,3,4,7
2021-11-02T00:00:00.000Z,סינגפור,0,2,2
2021-11-02T00:00:00.000Z,סלובניה,0,2,2
2021-11-02T00:00:00.000Z,סלובקיה,3,0,3
2021-11-02T00:00:00.000Z,ספרד,236,61,297
2021-11-02T00:00:00.000Z,סרביה,2,2,4
2021-11-02T00:00:00.000Z,סרי לנקה (צילון),2,1,3
2021-11-02T00:00:00.000Z,עומן,0,1,1
2021-11-02T00:00:00.000Z,ערב הסעודית,0,2,2
2021-11-02T00:00:00.000Z,קוריאה הדרומית,1,0,1
2021-11-02T00:00:00.000Z,קזחסטאן,0,5,5
2021-11-02T00:00:00.000Z,קטר,0,1,1
2021-11-02T00:00:00.000Z,קנדה,57,110,167
2021-11-02T00:00:00.000Z,קניה,4,27,31
2021-11-02T00:00:00.000Z,מונטנגרו,0,1,1
2021-11-02T00:00:00.000Z,רומניה,135,65,200
2021-11-02T00:00:00.000Z,רוסיה,107,108,215
2021-11-02T00:00:00.000Z,שוודיה,10,14,24
2021-11-02T00:00:00.000Z,שוויץ,61,24,85
2021-11-02T00:00:00.000Z,תאילנד,62,200,262
2021-11-02T00:00:00.000Z,תוניסיה,2,0,2
2021-11-02T00:00:00.000Z,תורכיה,1329,498,1827
2021-11-02T00:00:00.000Z,תימן,1,0,1
2021-11-02T00:00:00.000Z,פולין,187,53,240
2021-11-02T00:00:00.000Z,פורטוגל,10,3,13
2021-11-02T00:00:00.000Z,פינלנד,10,12,22
2021-11-02T00:00:00.000Z,פנמה,2,0,2
2021-11-02T00:00:00.000Z,פרו,5,2,7
2021-11-02T00:00:00.000Z,מאלי,1,0,1
2021-11-02T00:00:00.000Z,מאוריציוס,1,0,1
2021-11-02T00:00:00.000Z,ליטא,31,41,72
2021-11-02T00:00:00.000Z,לטביה,15,19,34
2021-11-02T00:00:00.000Z,לוכסמבורג,1,1,2
2021-11-02T00:00:00.000Z,כלל המדינות,9452,6347,15799
2021-11-02T00:00:00.000Z,ירדן,40,140,180
2021-11-02T00:00:00.000Z,יפן,2,0,2
2021-11-02T00:00:00.000Z,יוון,243,50,293
2021-11-02T00:00:00.000Z,טרינידד וטובגו,1,0,1
2021-11-02T00:00:00.000Z,טנזניה,2,0,2
2021-11-02T00:00:00.000Z,הממלכה המאוחדת,488,227,715
2021-11-02T00:00:00.000Z,הונגריה,328,47,375
2021-11-02T00:00:00.000Z,הולנד,362,110,472
2021-11-02T00:00:00.000Z,הודו,8,16,24
2021-11-02T00:00:00.000Z,דרום סודאן,1,0,1
2021-11-02T00:00:00.000Z,דרום אפריקה,13,28,41
2021-11-02T00:00:00.000Z,דנמרק,9,7,16
2021-11-02T00:00:00.000Z,גרמניה,388,229,617
2021-11-02T00:00:00.000Z,איי טורקס וקייקוס,2,0,2
2021-11-02T00:00:00.000Z,איטליה,384,79,463
2021-11-02T00:00:00.000Z,אזרביג'אן,1,0,1
2021-11-02T00:00:00.000Z,אוקראינה,68,64,132
2021-11-02T00:00:00.000Z,אוסטרליה,1,2,3
2021-11-02T00:00:00.000Z,אוסטריה,428,55,483
2021-11-02T00:00:00.000Z,אוזבקיסטן,75,64,139
2021-11-02T00:00:00.000Z,אוגנדה,2,32,34
2021-11-02T00:00:00.000Z,גויאנה הצרפתית,1,0,1
2021-11-02T00:00:00.000Z,גאנה,2,3,5
2021-11-02T00:00:00.000Z,גאורגיה,146,22,168
2021-11-02T00:00:00.000Z,ברזיל,10,10,20
2021-11-02T00:00:00.000Z,בלגיה,199,93,292
2021-11-02T00:00:00.000Z,בילורוסיה,6,1,7
2021-11-02T00:00:00.000Z,בוסניה הרצגובינה,1,0,1
2021-11-02T00:00:00.000Z,בולגריה,0,6,6
2021-11-02T00:00:00.000Z,בוטן,2,7,9
2021-11-02T00:00:00.000Z,אתיופיה,15,10,25
2021-11-02T00:00:00.000Z,ארצות הברית,1319,1058,2377
2021-11-02T00:00:00.000Z,ארמניה,2,0,2
2021-11-02T00:00:00.000Z,ארגנטינה,10,9,19
2021-11-02T00:00:00.000Z,אסטוניה,2,1,3
2021-11-02T00:00:00.000Z,אנטיגואה וברבודה,1,1,2
2021-11-02T00:00:00.000Z,אלבניה,1,0,1
2021-11-02T00:00:00.000Z,אירלנד,8,5,13
2021-11-02T00:00:00.000Z,איי קייפ וורדה,0,3,3
2021-11-02T00:00:00.000Z,איחוד האמירויות הערב,278,38,316
2021-11-02T00:00:00.000Z,צ'ילה,2,7,9
2021-11-02T00:00:00.000Z,צכיה,351,16,367
2021-11-02T00:00:00.000Z,צרפת,765,574,1339
2021-11-02T00:00:00.000Z,איסלנד,1,0,1
2021-11-03T00:00:00.000Z,ארמניה,1,0,1
2021-11-03T00:00:00.000Z,אקואדור,4,5,9
2021-11-03T00:00:00.000Z,אסטוניה,2,2,4
2021-11-03T00:00:00.000Z,אנדורה,1,0,1
2021-11-03T00:00:00.000Z,אנגולה,1,0,1
2021-11-03T00:00:00.000Z,אירלנד,9,5,14
2021-11-03T00:00:00.000Z,איסלנד,3,2,5
2021-11-03T00:00:00.000Z,איי סיישל,67,2,69
2021-11-03T00:00:00.000Z,איי גילברט ואליס,1,0,1
2021-11-03T00:00:00.000Z,איטליה,390,138,528
2021-11-03T00:00:00.000Z,ארצות הברית,968,868,1836
2021-11-03T00:00:00.000Z,אתיופיה,15,10,25
2021-11-03T00:00:00.000Z,בוטן,1,0,1
2021-11-03T00:00:00.000Z,בוטסואנה,1,1,2
2021-11-03T00:00:00.000Z,בולגריה,83,26,109
2021-11-03T00:00:00.000Z,בוסניה הרצגובינה,6,1,7
2021-11-03T00:00:00.000Z,בילורוסיה,3,0,3
2021-11-03T00:00:00.000Z,בלגיה,26,21,47
2021-11-03T00:00:00.000Z,ברזיל,6,10,16
2021-11-03T00:00:00.000Z,גאורגיה,45,13,58
2021-11-03T00:00:00.000Z,גאנה,3,1,4
2021-11-03T00:00:00.000Z,גרמניה,288,212,500
2021-11-03T00:00:00.000Z,דנמרק,9,1,10
2021-11-03T00:00:00.000Z,דרום אפריקה,14,5,19
2021-11-03T00:00:00.000Z,הודו,22,2,24
2021-11-03T00:00:00.000Z,הולנד,81,44,125
2021-11-03T00:00:00.000Z,הונגריה,187,39,226
2021-11-03T00:00:00.000Z,הממלכה המאוחדת,513,259,772
2021-11-03T00:00:00.000Z,הרפ הדומיניקנית,0,1,1
2021-11-03T00:00:00.000Z,ויטנאם,1,0,1
2021-11-03T00:00:00.000Z,ונצואלה,0,3,3
2021-11-03T00:00:00.000Z,זימבאבווה,4,0,4
2021-11-03T00:00:00.000Z,זמביה,4,0,4
2021-11-03T00:00:00.000Z,טנזניה,137,7,144
2021-11-03T00:00:00.000Z,יוון,142,44,186
2021-11-03T00:00:00.000Z,יפן,1,1,2
2021-11-03T00:00:00.000Z,ירדן,103,28,131
2021-11-03T00:00:00.000Z,כלל המדינות,7543,5763,13306
2021-11-03T00:00:00.000Z,לוכסמבורג,1,0,1
2021-11-03T00:00:00.000Z,לטביה,0,1,1
2021-11-03T00:00:00.000Z,ליטא,1,0,1
2021-11-03T00:00:00.000Z,מאוריציוס,2,0,2
2021-11-03T00:00:00.000Z,מולדובה,1,0,1
2021-11-03T00:00:00.000Z,מונטנגרו,67,2,69
2021-11-03T00:00:00.000Z,מלדיבים,22,9,31
2021-11-03T00:00:00.000Z,מלטה,4,15,19
2021-11-03T00:00:00.000Z,מצרים,244,52,296
2021-11-03T00:00:00.000Z,ארגנטינה,10,6,16
2021-11-03T00:00:00.000Z,מרוקו,50,11,61
2021-11-03T00:00:00.000Z,נורבגיה,4,4,8
2021-11-03T00:00:00.000Z,ניגריה,8,1,9
2021-11-03T00:00:00.000Z,סין,1,15,16
2021-11-03T00:00:00.000Z,סינגפור,1,9,10
2021-11-03T00:00:00.000Z,סלובניה,0,2,2
2021-11-03T00:00:00.000Z,סלובקיה,0,1,1
2021-11-03T00:00:00.000Z,סנגל,1,0,1
2021-11-03T00:00:00.000Z,ספרד,170,54,224
2021-11-03T00:00:00.000Z,סרביה,12,7,19
2021-11-03T00:00:00.000Z,סרי לנקה (צילון),2,12,14
2021-11-03T00:00:00.000Z,פולין,62,14,76
2021-11-03T00:00:00.000Z,פורטוגל,13,2,15
2021-11-03T00:00:00.000Z,פיליפינים,0,3,3
2021-11-03T00:00:00.000Z,פינלנד,7,3,10
2021-11-03T00:00:00.000Z,פנמה,0,4,4
2021-11-03T00:00:00.000Z,פרגוואי,0,1,1
2021-11-03T00:00:00.000Z,פרו,3,5,8
2021-11-03T00:00:00.000Z,צ'ילה,0,1,1
2021-11-03T00:00:00.000Z,צכיה,174,24,198
2021-11-03T00:00:00.000Z,צרפת,544,487,1031
2021-11-03T00:00:00.000Z,קולומביה,2,6,8
2021-11-03T00:00:00.000Z,קוסובו,1,0,1
2021-11-03T00:00:00.000Z,קוסטה ריקה,6,5,11
2021-11-03T00:00:00.000Z,קוריאה הדרומית,4,3,7
2021-11-03T00:00:00.000Z,קירג'זסטאן,1,0,1
2021-11-03T00:00:00.000Z,קנדה,64,109,173
2021-11-03T00:00:00.000Z,קניה,6,51,57
2021-11-03T00:00:00.000Z,קפריסין,229,41,270
2021-11-03T00:00:00.000Z,קרואטיה,8,0,8
2021-11-03T00:00:00.000Z,רומניה,86,25,111
2021-11-03T00:00:00.000Z,רוסיה,129,145,274
2021-11-03T00:00:00.000Z,שוודיה,6,13,19
2021-11-03T00:00:00.000Z,שוויץ,103,63,166
2021-11-03T00:00:00.000Z,תאילנד,3,1,4
2021-11-03T00:00:00.000Z,תורכיה,864,293,1157
2021-11-03T00:00:00.000Z,תימן,1,0,1
2021-11-03T00:00:00.000Z,אזרביג'אן,1,0,1
2021-11-03T00:00:00.000Z,אורגוואי,1,0,1
2021-11-03T00:00:00.000Z,אוקראינה,350,234,584
2021-11-03T00:00:00.000Z,אוסטרליה,0,28,28
2021-11-03T00:00:00.000Z,אוסטריה,145,54,199
2021-11-03T00:00:00.000Z,אוזבקיסטן,11,15,26
2021-11-03T00:00:00.000Z,אוגנדה,2,2,4
2021-11-03T00:00:00.000Z,אבחזיסטאן,8,4,12
2021-11-03T00:00:00.000Z,איחוד האמירויות הערב,271,76,347
2021-11-03T00:00:00.000Z,מקסיקו,7,7,14
2021-11-04T00:00:00.000Z,שוודיה,4,8,12
2021-11-04T00:00:00.000Z,גאורגיה,621,76,697
2021-11-04T00:00:00.000Z,גאנה,4,3,7
2021-11-04T00:00:00.000Z,איחוד האמירויות הערב,584,63,647
2021-11-04T00:00:00.000Z,פורטו ריקו,0,3,3
2021-11-04T00:00:00.000Z,אוגנדה,8,1,9
2021-11-04T00:00:00.000Z,אוזבקיסטן,3,9,12
2021-11-04T00:00:00.000Z,שוויץ,92,38,130
2021-11-04T00:00:00.000Z,תאילנד,3,0,3
2021-11-04T00:00:00.000Z,תוניסיה,0,1,1
2021-11-04T00:00:00.000Z,תורכיה,1239,440,1679
2021-11-04T00:00:00.000Z,תורכמניסטאן,3,1,4
2021-11-04T00:00:00.000Z,אוסטריה,333,56,389
2021-11-04T00:00:00.000Z,אוסטרליה,1,10,11
2021-11-04T00:00:00.000Z,אוקראינה,215,212,427
2021-11-04T00:00:00.000Z,אזרביג'אן,59,4,63
2021-11-04T00:00:00.000Z,איטליה,824,193,1017
2021-11-04T00:00:00.000Z,איי טורקס וקייקוס,4,0,4
2021-11-04T00:00:00.000Z,איסלנד,1,0,1
2021-11-04T00:00:00.000Z,אירלנד,12,7,19
2021-11-04T00:00:00.000Z,אלבניה,3,1,4
2021-11-04T00:00:00.000Z,אנגולה,4,0,4
2021-11-04T00:00:00.000Z,אסטוניה,1,0,1
2021-11-04T00:00:00.000Z,אקואדור,0,2,2
2021-11-04T00:00:00.000Z,ארגנטינה,4,35,39
2021-11-04T00:00:00.000Z,ארמניה,1,0,1
2021-11-04T00:00:00.000Z,ארצות הברית,1036,985,2021
2021-11-04T00:00:00.000Z,אתיופיה,37,24,61
2021-11-04T00:00:00.000Z,רומניה,53,15,68
2021-11-04T00:00:00.000Z,רואנדה,1,0,1
2021-11-04T00:00:00.000Z,קפריסין,359,69,428
2021-11-04T00:00:00.000Z,קניה,16,1,17
2021-11-04T00:00:00.000Z,קנדה,15,20,35
2021-11-04T00:00:00.000Z,קירג'זסטאן,2,2,4
2021-11-04T00:00:00.000Z,קטר,2,0,2
2021-11-04T00:00:00.000Z,קזחסטאן,1,1,2
2021-11-04T00:00:00.000Z,קוריאה הדרומית,8,2,10
2021-11-04T00:00:00.000Z,קוסטה ריקה,4,1,5
2021-11-04T00:00:00.000Z,קוסובו,1,0,1
2021-11-04T00:00:00.000Z,קולומביה,3,5,8
2021-11-04T00:00:00.000Z,צרפת,524,543,1067
2021-11-04T00:00:00.000Z,צכיה,316,28,344
2021-11-04T00:00:00.000Z,פרו,9,4,13
2021-11-04T00:00:00.000Z,פנמה,4,4,8
2021-11-04T00:00:00.000Z,פינלנד,11,9,20
2021-11-04T00:00:00.000Z,פיליפינים,2,16,18
2021-11-04T00:00:00.000Z,פורטוגל,278,26,304
2021-11-04T00:00:00.000Z,בולגריה,76,13,89
2021-11-04T00:00:00.000Z,פולין,149,48,197
2021-11-04T00:00:00.000Z,גבון,1,0,1
2021-11-04T00:00:00.000Z,עירק,0,1,1
2021-11-04T00:00:00.000Z,סרי לנקה (צילון),2,2,4
2021-11-04T00:00:00.000Z,סרביה,10,2,12
2021-11-04T00:00:00.000Z,ספרד,269,45,314
2021-11-04T00:00:00.000Z,סלובקיה,0,2,2
2021-11-04T00:00:00.000Z,סלובניה,1,0,1
2021-11-04T00:00:00.000Z,סינגפור,0,1,1
2021-11-04T00:00:00.000Z,סין,2,21,23
2021-11-04T00:00:00.000Z,נפאל,1,0,1
2021-11-04T00:00:00.000Z,נמיביה,22,0,22
2021-11-04T00:00:00.000Z,ניו זילנד,0,2,2
2021-11-04T00:00:00.000Z,ניגריה,1,1,2
2021-11-04T00:00:00.000Z,בוסניה הרצגובינה,2,0,2
2021-11-04T00:00:00.000Z,בחריין,14,10,24
2021-11-04T00:00:00.000Z,בילורוסיה,74,40,114
2021-11-04T00:00:00.000Z,בלגיה,55,95,150
2021-11-04T00:00:00.000Z,בנין (דהומי),1,13,14
2021-11-04T00:00:00.000Z,ברזיל,9,13,22
2021-11-04T00:00:00.000Z,רוסיה,156,184,340
2021-11-04T00:00:00.000Z,ניגר,1,0,1
2021-11-04T00:00:00.000Z,נורבגיה,5,86,91
2021-11-04T00:00:00.000Z,מרוקו,174,7,181
2021-11-04T00:00:00.000Z,מקסיקו,14,17,31
2021-11-04T00:00:00.000Z,מקדוניה,2,0,2
2021-11-04T00:00:00.000Z,מצרים,273,50,323
2021-11-04T00:00:00.000Z,מלדיבים,5,4,9
2021-11-04T00:00:00.000Z,מלאווי,1,0,1
2021-11-04T00:00:00.000Z,מונטנגרו,69,1,70
2021-11-04T00:00:00.000Z,מולדובה,60,48,108
2021-11-04T00:00:00.000Z,ליטא,34,18,52
2021-11-04T00:00:00.000Z,לוכסמבורג,0,2,2
2021-11-04T00:00:00.000Z,כלל המדינות,11709,6918,18627
2021-11-04T00:00:00.000Z,ירדן,100,39,139
2021-11-04T00:00:00.000Z,יפן,0,2,2
2021-11-04T00:00:00.000Z,יוון,272,37,309
2021-11-04T00:00:00.000Z,טנזניה,9,0,9
2021-11-04T00:00:00.000Z,טוגו,1,0,1
2021-11-04T00:00:00.000Z,טג'יקיסטאן,1,0,1
2021-11-04T00:00:00.000Z,זמביה,7,3,10
2021-11-04T00:00:00.000Z,ונצואלה,1,1,2
2021-11-04T00:00:00.000Z,הרפ הדומיניקנית,0,1,1
2021-11-04T00:00:00.000Z,הממלכה המאוחדת,480,362,842
2021-11-04T00:00:00.000Z,הונדורס,1,0,1
2021-11-04T00:00:00.000Z,הונגריה,605,80,685
2021-11-04T00:00:00.000Z,הונג קונג,2,6,8
2021-11-04T00:00:00.000Z,הולנד,323,155,478
2021-11-04T00:00:00.000Z,הודו,27,7,34
2021-11-04T00:00:00.000Z,דרום סודאן,0,1,1
2021-11-04T00:00:00.000Z,דרום אפריקה,29,23,52
2021-11-04T00:00:00.000Z,דנמרק,14,18,32
2021-11-04T00:00:00.000Z,דומיניקה,3,0,3
2021-11-04T00:00:00.000Z,גרמניה,346,194,540
2021-11-04T00:00:00.000Z,גינאה המשוונית,0,1,1
2021-11-04T00:00:00.000Z,גיברלטר,1,0,1
2021-11-04T00:00:00.000Z,גויאנה הצרפתית,1,0,1
2021-11-04T00:00:00.000Z,ערב הסעודית,2,1,3
2021-11-05T00:00:00.000Z,איחוד האמירויות הערב,171,33,204
2021-11-05T00:00:00.000Z,קוריאה הדרומית,2,2,4
2021-11-05T00:00:00.000Z,קוסטה ריקה,9,3,12
2021-11-05T00:00:00.000Z,קולומביה,0,3,3
2021-11-05T00:00:00.000Z,צרפת,385,290,675
2021-11-05T00:00:00.000Z,צכיה,626,32,658
2021-11-05T00:00:00.000Z,פרו,1,0,1
2021-11-05T00:00:00.000Z,פרגוואי,1,0,1
2021-11-05T00:00:00.000Z,פנמה,3,1,4
2021-11-05T00:00:00.000Z,פינלנד,8,4,12
2021-11-05T00:00:00.000Z,פיליפינים,2,1,3
2021-11-05T00:00:00.000Z,פורטוגל,34,6,40
2021-11-05T00:00:00.000Z,פולין,265,98,363
2021-11-05T00:00:00.000Z,ערב הסעודית,1,0,1
2021-11-05T00:00:00.000Z,סרי לנקה (צילון),0,2,2
2021-11-05T00:00:00.000Z,סרביה,6,4,10
2021-11-05T00:00:00.000Z,ספרד,378,67,445
2021-11-05T00:00:00.000Z,סינגפור,0,1,1
2021-11-05T00:00:00.000Z,סין,1,1,2
2021-11-05T00:00:00.000Z,נפאל,1,3,4
2021-11-05T00:00:00.000Z,ניגריה,6,1,7
2021-11-05T00:00:00.000Z,נורבגיה,4,6,10
2021-11-05T00:00:00.000Z,מרוקו,101,16,117
2021-11-05T00:00:00.000Z,מקסיקו,8,4,12
2021-11-05T00:00:00.000Z,מקדוניה,1,0,1
2021-11-05T00:00:00.000Z,תורכמניסטאן,1,0,1
2021-11-05T00:00:00.000Z,תורכיה,1034,324,1358
2021-11-05T00:00:00.000Z,תוניסיה,1,0,1
2021-11-05T00:00:00.000Z,תאילנד,90,12,102
2021-11-05T00:00:00.000Z,שוויץ,222,123,345
2021-11-05T00:00:00.000Z,שוודיה,6,7,13
2021-11-05T00:00:00.000Z,רוסיה,127,83,210
2021-11-05T00:00:00.000Z,רומניה,157,42,199
2021-11-05T00:00:00.000Z,קרואטיה,1,1,2
2021-11-05T00:00:00.000Z,קפריסין,182,50,232
2021-11-05T00:00:00.000Z,קניה,3,1,4
2021-11-05T00:00:00.000Z,קנדה,103,109,212
2021-11-05T00:00:00.000Z,קירג'זסטאן,1,0,1
2021-11-05T00:00:00.000Z,מצרים,226,39,265
2021-11-05T00:00:00.000Z,מלטה,3,2,5
2021-11-05T00:00:00.000Z,מלדיבים,4,1,5
2021-11-05T00:00:00.000Z,מונקו,0,1,1
2021-11-05T00:00:00.000Z,מונטנגרו,4,0,4
2021-11-05T00:00:00.000Z,מולדובה,1,0,1
2021-11-05T00:00:00.000Z,ליטא,7,2,9
2021-11-05T00:00:00.000Z,קזחסטאן,1,1,2
2021-11-05T00:00:00.000Z,לוכסמבורג,5,2,7
2021-11-05T00:00:00.000Z,כלל המדינות,10701,4995,15696
2021-11-05T00:00:00.000Z,ירדן,1,3,4
2021-11-05T00:00:00.000Z,יפן,0,3,3
2021-11-05T00:00:00.000Z,יוון,401,44,445
2021-11-05T00:00:00.000Z,טנזניה,1,2,3
2021-11-05T00:00:00.000Z,טיוואן,0,1,1
2021-11-05T00:00:00.000Z,טוגו,1,0,1
2021-11-05T00:00:00.000Z,חוף השנהב,2,0,2
2021-11-05T00:00:00.000Z,ונצואלה,0,1,1
2021-11-05T00:00:00.000Z,ויטנאם,1,0,1
2021-11-05T00:00:00.000Z,הממלכה המאוחדת,489,233,722
2021-11-05T00:00:00.000Z,הונגריה,579,47,626
2021-11-05T00:00:00.000Z,הולנד,411,64,475
2021-11-05T00:00:00.000Z,הודו,24,2,26
2021-11-05T00:00:00.000Z,דרום אפריקה,3,2,5
2021-11-05T00:00:00.000Z,דנמרק,8,6,14
2021-11-05T00:00:00.000Z,גרמניה,721,306,1027
2021-11-05T00:00:00.000Z,גמביה,1,0,1
2021-11-05T00:00:00.000Z,גינאה,5,0,5
2021-11-05T00:00:00.000Z,גווטאמלה,2,0,2
2021-11-05T00:00:00.000Z,גאורגיה,140,20,160
2021-11-05T00:00:00.000Z,ברזיל,11,12,23
2021-11-05T00:00:00.000Z,בלגיה,93,62,155
2021-11-05T00:00:00.000Z,בילורוסיה,1,1,2
2021-11-05T00:00:00.000Z,בוסניה הרצגובינה,2,0,2
2021-11-05T00:00:00.000Z,בולגריה,199,21,220
2021-11-05T00:00:00.000Z,ארצות הברית,1222,659,1881
2021-11-05T00:00:00.000Z,ארמניה,1,1,2
2021-11-05T00:00:00.000Z,ארגנטינה,4,4,8
2021-11-05T00:00:00.000Z,אקואדור,4,1,5
2021-11-05T00:00:00.000Z,אסטוניה,1,0,1
2021-11-05T00:00:00.000Z,אנגולה,4,0,4
2021-11-05T00:00:00.000Z,אלבניה,3,3,6
2021-11-05T00:00:00.000Z,אירלנד,15,6,21
2021-11-05T00:00:00.000Z,איי סיישל,2,0,2
2021-11-05T00:00:00.000Z,איי טורקס וקייקוס,3,0,3
2021-11-05T00:00:00.000Z,איטליה,580,72,652
2021-11-05T00:00:00.000Z,אזרביג'אן,71,3,74
2021-11-05T00:00:00.000Z,אורגוואי,0,1,1
2021-11-05T00:00:00.000Z,אוקראינה,288,262,550
2021-11-05T00:00:00.000Z,אוסטרליה,1,3,4
2021-11-05T00:00:00.000Z,אוסטריה,521,90,611
2021-11-05T00:00:00.000Z,אוזבקיסטן,7,6,13
2021-11-05T00:00:00.000Z,אוגנדה,4,0,4
2021-11-05T00:00:00.000Z,לטביה,2,6,8
2021-11-06T00:00:00.000Z,אוזבקיסטן,2,9,11
2021-11-06T00:00:00.000Z,תורכמניסטאן,1,1,2
2021-11-06T00:00:00.000Z,איחוד האמירויות הערב,259,49,308
2021-11-06T00:00:00.000Z,תוניסיה,2,0,2
2021-11-06T00:00:00.000Z,תאילנד,3,1,4
2021-11-06T00:00:00.000Z,שוויץ,41,22,63
2021-11-06T00:00:00.000Z,שוודיה,7,9,16
2021-11-06T00:00:00.000Z,רפ מרכז אפריקנית,1,0,1
2021-11-06T00:00:00.000Z,רוסיה,3,5,8
2021-11-06T00:00:00.000Z,רומניה,211,64,275
2021-11-06T00:00:00.000Z,רואנדה,1,0,1
2021-11-06T00:00:00.000Z,קרואטיה,1,8,9
2021-11-06T00:00:00.000Z,קפריסין,521,51,572
2021-11-06T00:00:00.000Z,קניה,6,3,9
2021-11-06T00:00:00.000Z,קנדה,9,11,20
2021-11-06T00:00:00.000Z,קמבודיה,0,15,15
2021-11-06T00:00:00.000Z,קזחסטאן,2,0,2
2021-11-06T00:00:00.000Z,קוריאה הדרומית,0,6,6
2021-11-06T00:00:00.000Z,קוסטה ריקה,5,0,5
2021-11-06T00:00:00.000Z,קונגו,1,0,1
2021-11-06T00:00:00.000Z,קולומביה,2,8,10
2021-11-06T00:00:00.000Z,קובה,0,2,2
2021-11-06T00:00:00.000Z,צרפת,393,328,721
2021-11-06T00:00:00.000Z,צכיה,494,17,511
2021-11-06T00:00:00.000Z,צ'ילה,2,0,2
2021-11-06T00:00:00.000Z,פרו,2,0,2
2021-11-06T00:00:00.000Z,פנמה,1,2,3
2021-11-06T00:00:00.000Z,פינלנד,13,8,21
2021-11-06T00:00:00.000Z,פיליפינים,0,2,2
2021-11-06T00:00:00.000Z,פורטוגל,124,21,145
2021-11-06T00:00:00.000Z,פולינזיה הצרפתית,1,0,1
2021-11-06T00:00:00.000Z,פולין,193,25,218
2021-11-06T00:00:00.000Z,ערב הסעודית,1,0,1
2021-11-06T00:00:00.000Z,סרי לנקה (צילון),0,1,1
2021-11-06T00:00:00.000Z,סרביה,2,0,2
2021-11-06T00:00:00.000Z,ספרד,239,47,286
2021-11-06T00:00:00.000Z,סנגל,1,0,1
2021-11-06T00:00:00.000Z,סינגפור,0,2,2
2021-11-06T00:00:00.000Z,סין,0,1,1
2021-11-06T00:00:00.000Z,נפאל,3,0,3
2021-11-06T00:00:00.000Z,ניגריה,4,0,4
2021-11-06T00:00:00.000Z,נורבגיה,10,6,16
2021-11-06T00:00:00.000Z,מרוקו,1,1,2
2021-11-06T00:00:00.000Z,מקסיקו,5,3,8
2021-11-06T00:00:00.000Z,מקדוניה,1,0,1
2021-11-06T00:00:00.000Z,מצרים,1219,99,1318
2021-11-06T00:00:00.000Z,מלטה,109,6,115
2021-11-06T00:00:00.000Z,מלדיבים,8,0,8
2021-11-06T00:00:00.000Z,מלאווי,0,5,5
2021-11-06T00:00:00.000Z,מוזמביק,3,0,3
2021-11-06T00:00:00.000Z,ליטא,41,34,75
2021-11-06T00:00:00.000Z,לטביה,24,26,50
2021-11-06T00:00:00.000Z,כלל המדינות,9141,4279,13420
2021-11-06T00:00:00.000Z,ירדן,14,7,21
2021-11-06T00:00:00.000Z,יפן,0,5,5
2021-11-06T00:00:00.000Z,יוון,224,23,247
2021-11-06T00:00:00.000Z,טנזניה,14,0,14
2021-11-06T00:00:00.000Z,חוף השנהב,1,0,1
2021-11-06T00:00:00.000Z,זמביה,1,1,2
2021-11-06T00:00:00.000Z,זימבאבווה,1,0,1
2021-11-06T00:00:00.000Z,זאיר,1,0,1
2021-11-06T00:00:00.000Z,ויטנאם,0,2,2
2021-11-06T00:00:00.000Z,הרפ הדומיניקנית,0,21,21
2021-11-06T00:00:00.000Z,הממלכה המאוחדת,384,199,583
2021-11-06T00:00:00.000Z,הונגריה,292,18,310
2021-11-06T00:00:00.000Z,הונג קונג,0,196,196
2021-11-06T00:00:00.000Z,הולנד,223,21,244
2021-11-06T00:00:00.000Z,הודו,16,18,34
2021-11-06T00:00:00.000Z,דרום סודאן,1,0,1
2021-11-06T00:00:00.000Z,דרום אפריקה,19,14,33
2021-11-06T00:00:00.000Z,דנמרק,21,11,32
2021-11-06T00:00:00.000Z,גרמניה,281,135,416
2021-11-06T00:00:00.000Z,גויאנה הצרפתית,1,0,1
2021-11-06T00:00:00.000Z,גאנה,5,2,7
2021-11-06T00:00:00.000Z,גאורגיה,226,27,253
2021-11-06T00:00:00.000Z,ברזיל,5,5,10
2021-11-06T00:00:00.000Z,בלגיה,64,53,117
2021-11-06T00:00:00.000Z,בחריין,10,3,13
2021-11-06T00:00:00.000Z,בוסניה הרצגובינה,1,0,1
2021-11-06T00:00:00.000Z,בולגריה,6,1,7
2021-11-06T00:00:00.000Z,אתיופיה,26,8,34
2021-11-06T00:00:00.000Z,ארצות הברית,544,634,1178
2021-11-06T00:00:00.000Z,ארמניה,2,0,2
2021-11-06T00:00:00.000Z,ארגנטינה,2,2,4
2021-11-06T00:00:00.000Z,אסטוניה,1,4,5
2021-11-06T00:00:00.000Z,אלבניה,3,0,3
2021-11-06T00:00:00.000Z,אל סלבדור,0,2,2
2021-11-06T00:00:00.000Z,אירלנד,13,5,18
2021-11-06T00:00:00.000Z,איי סיישל,2,0,2
2021-11-06T00:00:00.000Z,איטליה,1085,115,1200
2021-11-06T00:00:00.000Z,אזרביג'אן,4,0,4
2021-11-06T00:00:00.000Z,אורגוואי,1,0,1
2021-11-06T00:00:00.000Z,אוקראינה,126,93,219
2021-11-06T00:00:00.000Z,אוסטרליה,9,0,9
2021-11-06T00:00:00.000Z,אוסטריה,205,21,226
2021-11-06T00:00:00.000Z,אבחזיסטאן,1,0,1
2021-11-06T00:00:00.000Z,אוגנדה,9,1,10
2021-11-06T00:00:00.000Z,תורכיה,979,272,1251
2021-11-07T00:00:00.000Z,דנמרק,23,23,46
2021-11-07T00:00:00.000Z,גרמניה,479,250,729
2021-11-07T00:00:00.000Z,גאורגיה,661,39,700
2021-11-07T00:00:00.000Z,ברזיל,12,14,26
2021-11-07T00:00:00.000Z,בנין (דהומי),0,2,2
2021-11-07T00:00:00.000Z,בליז,1,0,1
2021-11-07T00:00:00.000Z,בלגיה,53,63,116
2021-11-07T00:00:00.000Z,בילורוסיה,108,63,171
2021-11-07T00:00:00.000Z,בוסניה הרצגובינה,2,0,2
2021-11-07T00:00:00.000Z,בוליביה,1,2,3
2021-11-07T00:00:00.000Z,בולגריה,116,8,124
2021-11-07T00:00:00.000Z,בוטן,1,0,1
2021-11-07T00:00:00.000Z,אתיופיה,14,34,48
2021-11-07T00:00:00.000Z,ארצות הברית,637,710,1347
2021-11-07T00:00:00.000Z,ארמניה,1,0,1
2021-11-07T00:00:00.000Z,ארגנטינה,4,6,10
2021-11-07T00:00:00.000Z,אקואדור,1,0,1
2021-11-07T00:00:00.000Z,אפגניסטן,1,0,1
2021-11-07T00:00:00.000Z,אסטוניה,0,5,5
2021-11-07T00:00:00.000Z,אנדורה,0,1,1
2021-11-07T00:00:00.000Z,אנגולה,4,0,4
2021-11-07T00:00:00.000Z,אלבניה,3,1,4
2021-11-07T00:00:00.000Z,אירלנד,6,5,11
2021-11-07T00:00:00.000Z,קמבודיה,0,1,1
2021-11-07T00:00:00.000Z,תורכמניסטאן,5,1,6
2021-11-07T00:00:00.000Z,תורכיה,1693,421,2114
2021-11-07T00:00:00.000Z,תאילנד,4,1,5
2021-11-07T00:00:00.000Z,שוויץ,282,156,438
2021-11-07T00:00:00.000Z,שוודיה,29,33,62
2021-11-07T00:00:00.000Z,רוסיה,127,103,230
2021-11-07T00:00:00.000Z,רומניה,84,6,90
2021-11-07T00:00:00.000Z,קנדה,54,95,149
2021-11-07T00:00:00.000Z,קמרון,2,0,2
2021-11-07T00:00:00.000Z,קירג'זסטאן,3,0,3
2021-11-07T00:00:00.000Z,קזחסטאן,6,1,7
2021-11-07T00:00:00.000Z,איחוד האמירויות הערב,746,93,839
2021-11-07T00:00:00.000Z,רואנדה,1,0,1
2021-11-07T00:00:00.000Z,קרואטיה,2,4,6
2021-11-07T00:00:00.000Z,קפריסין,658,76,734
2021-11-07T00:00:00.000Z,קניה,1,0,1
2021-11-07T00:00:00.000Z,אבחזיסטאן,8,4,12
2021-11-07T00:00:00.000Z,אוגנדה,4,1,5
2021-11-07T00:00:00.000Z,אוזבקיסטן,11,4,15
2021-11-07T00:00:00.000Z,אוסטריה,386,63,449
2021-11-07T00:00:00.000Z,קוריאה הדרומית,4,10,14
2021-11-07T00:00:00.000Z,קוסטה ריקה,2,3,5
2021-11-07T00:00:00.000Z,קוסובו,1,0,1
2021-11-07T00:00:00.000Z,קולומביה,2,2,4
2021-11-07T00:00:00.000Z,צרפת,708,507,1215
2021-11-07T00:00:00.000Z,אוסטרליה,6,13,19
2021-11-07T00:00:00.000Z,אוקראינה,268,132,400
2021-11-07T00:00:00.000Z,אורגוואי,3,6,9
2021-11-07T00:00:00.000Z,אזרביג'אן,29,17,46
2021-11-07T00:00:00.000Z,איטליה,1030,110,1140
2021-11-07T00:00:00.000Z,איי טורקס וקייקוס,3,0,3
2021-11-07T00:00:00.000Z,איי סיישל,4,0,4
2021-11-07T00:00:00.000Z,איסלנד,1,2,3
2021-11-07T00:00:00.000Z,צכיה,877,27,904
2021-11-07T00:00:00.000Z,צ'ילה,2,0,2
2021-11-07T00:00:00.000Z,פרו,2,1,3
2021-11-07T00:00:00.000Z,פינלנד,2,0,2
2021-11-07T00:00:00.000Z,פיליפינים,0,9,9
2021-11-07T00:00:00.000Z,פורטוגל,82,21,103
2021-11-07T00:00:00.000Z,פורטו ריקו,0,10,10
2021-11-07T00:00:00.000Z,פולינזיה הצרפתית,1,0,1
2021-11-07T00:00:00.000Z,פולין,447,87,534
2021-11-07T00:00:00.000Z,פאפואה,2,0,2
2021-11-07T00:00:00.000Z,עומן,2,1,3
2021-11-07T00:00:00.000Z,סרי לנקה (צילון),3,3,6
2021-11-07T00:00:00.000Z,סרביה,6,17,23
2021-11-07T00:00:00.000Z,ספרד,594,150,744
2021-11-07T00:00:00.000Z,סלובקיה,0,10,10
2021-11-07T00:00:00.000Z,סינגפור,3,6,9
2021-11-07T00:00:00.000Z,נפאל,2,2,4
2021-11-07T00:00:00.000Z,ניגריה,2,5,7
2021-11-07T00:00:00.000Z,נורבגיה,3,13,16
2021-11-07T00:00:00.000Z,מרוקו,61,8,69
2021-11-07T00:00:00.000Z,מקסיקו,7,5,12
2021-11-07T00:00:00.000Z,מקאו,1,0,1
2021-11-07T00:00:00.000Z,מצרים,1047,130,1177
2021-11-07T00:00:00.000Z,מלדיבים,14,2,16
2021-11-07T00:00:00.000Z,מונטנגרו,84,3,87
2021-11-07T00:00:00.000Z,מולדובה,50,41,91
2021-11-07T00:00:00.000Z,מאלי,0,1,1
2021-11-07T00:00:00.000Z,מאוריציוס,1,1,2
2021-11-07T00:00:00.000Z,ליטא,57,14,71
2021-11-07T00:00:00.000Z,לטביה,4,0,4
2021-11-07T00:00:00.000Z,לוכסמבורג,0,2,2
2021-11-07T00:00:00.000Z,לבנון,0,1,1
2021-11-07T00:00:00.000Z,כלל המדינות,15850,6683,22533
2021-11-07T00:00:00.000Z,ירדן,544,140,684
2021-11-07T00:00:00.000Z,יפן,1,1,2
2021-11-07T00:00:00.000Z,יוון,699,56,755
2021-11-07T00:00:00.000Z,טנזניה,3,0,3
2021-11-07T00:00:00.000Z,טיוואן,0,2,2
2021-11-07T00:00:00.000Z,טוגו,1,0,1
2021-11-07T00:00:00.000Z,חוף השנהב,3,0,3
2021-11-07T00:00:00.000Z,זימבאבווה,1,0,1
2021-11-07T00:00:00.000Z,זאיר,1,0,1
2021-11-07T00:00:00.000Z,ונצואלה,0,1,1
2021-11-07T00:00:00.000Z,ויטנאם,4,0,4
2021-11-07T00:00:00.000Z,הרפ הדומיניקנית,7,5,12
2021-11-07T00:00:00.000Z,הממלכה המאוחדת,493,292,785
2021-11-07T00:00:00.000Z,הונגריה,819,65,884
2021-11-07T00:00:00.000Z,הולנד,403,80,483
2021-11-07T00:00:00.000Z,הודו,2,10,12
2021-11-07T00:00:00.000Z,דרום אפריקה,6,7,13
2021-11-08T00:00:00.000Z,לטביה,17,4,21
2021-11-08T00:00:00.000Z,קוסטה ריקה,1,2,3
2021-11-08T00:00:00.000Z,כלל המדינות,14530,6408,20938
2021-11-08T00:00:00.000Z,כווית,0,1,1
2021-11-08T00:00:00.000Z,ירדן,77,40,117
2021-11-08T00:00:00.000Z,יפן,1,0,1
2021-11-08T00:00:00.000Z,יוון,797,52,849
2021-11-08T00:00:00.000Z,טיוואן,1,0,1
2021-11-08T00:00:00.000Z,טג'יקיסטאן,1,0,1
2021-11-08T00:00:00.000Z,זמביה,2,0,2
2021-11-08T00:00:00.000Z,זאיר,1,0,1
2021-11-08T00:00:00.000Z,ויטנאם,1,0,1
2021-11-08T00:00:00.000Z,הרפ הדומיניקנית,1,2,3
2021-11-08T00:00:00.000Z,הממלכה המאוחדת,974,322,1296
2021-11-08T00:00:00.000Z,הונגריה,680,73,753
2021-11-08T00:00:00.000Z,הולנד,418,70,488
2021-11-08T00:00:00.000Z,הודו,17,4,21
2021-11-08T00:00:00.000Z,דרום אפריקה,17,25,42
2021-11-08T00:00:00.000Z,דנמרק,17,14,31
2021-11-08T00:00:00.000Z,גרמניה,665,256,921
2021-11-08T00:00:00.000Z,גויאנה הצרפתית,1,0,1
2021-11-08T00:00:00.000Z,גווטאמלה,0,7,7
2021-11-08T00:00:00.000Z,גואדאלופ,0,1,1
2021-11-08T00:00:00.000Z,גאנה,2,2,4
2021-11-08T00:00:00.000Z,גאורגיה,429,35,464
2021-11-08T00:00:00.000Z,ברזיל,10,34,44
2021-11-08T00:00:00.000Z,בלגיה,184,103,287
2021-11-08T00:00:00.000Z,בילורוסיה,1,0,1
2021-11-08T00:00:00.000Z,בחריין,23,0,23
2021-11-08T00:00:00.000Z,בורונדי,1,0,1
2021-11-08T00:00:00.000Z,בוסניה הרצגובינה,0,2,2
2021-11-08T00:00:00.000Z,בוליביה,2,0,2
2021-11-08T00:00:00.000Z,בולגריה,274,27,301
2021-11-08T00:00:00.000Z,בוטסואנה,2,0,2
2021-11-08T00:00:00.000Z,בהמס,1,1,2
2021-11-08T00:00:00.000Z,אתיופיה,17,9,26
2021-11-08T00:00:00.000Z,ארצות הברית,1047,1101,2148
2021-11-08T00:00:00.000Z,ארמניה,9,1,10
2021-11-08T00:00:00.000Z,ארגנטינה,3,2,5
2021-11-08T00:00:00.000Z,אסטוניה,0,4,4
2021-11-08T00:00:00.000Z,אנגולה,7,0,7
2021-11-08T00:00:00.000Z,אלבניה,1,5,6
2021-11-08T00:00:00.000Z,אירלנד,1,8,9
2021-11-08T00:00:00.000Z,איסלנד,6,0,6
2021-11-08T00:00:00.000Z,איי סיישל,9,0,9
2021-11-08T00:00:00.000Z,איטליה,1055,132,1187
2021-11-08T00:00:00.000Z,אזרביג'אן,73,10,83
2021-11-08T00:00:00.000Z,אורגוואי,1,1,2
2021-11-08T00:00:00.000Z,אוקראינה,524,270,794
2021-11-08T00:00:00.000Z,אוסטרליה,8,5,13
2021-11-08T00:00:00.000Z,אוסטריה,660,81,741
2021-11-08T00:00:00.000Z,אוזבקיסטן,6,5,11
2021-11-08T00:00:00.000Z,אוגנדה,6,1,7
2021-11-08T00:00:00.000Z,אבחזיסטאן,1,0,1
2021-11-08T00:00:00.000Z,קזחסטאן,5,0,5
2021-11-08T00:00:00.000Z,קנדה,59,122,181
2021-11-08T00:00:00.000Z,קניה,11,0,11
2021-11-08T00:00:00.000Z,קפריסין,356,88,444
2021-11-08T00:00:00.000Z,קרואטיה,1,4,5
2021-11-08T00:00:00.000Z,רואנדה,3,0,3
2021-11-08T00:00:00.000Z,רומניה,284,33,317
2021-11-08T00:00:00.000Z,רוסיה,124,170,294
2021-11-08T00:00:00.000Z,שוודיה,16,10,26
2021-11-08T00:00:00.000Z,שוויץ,144,89,233
2021-11-08T00:00:00.000Z,תאילנד,40,5,45
2021-11-08T00:00:00.000Z,תוניסיה,0,1,1
2021-11-08T00:00:00.000Z,תורכיה,1157,332,1489
2021-11-08T00:00:00.000Z,תימן,0,1,1
2021-11-08T00:00:00.000Z,קוריאה הדרומית,4,0,4
2021-11-08T00:00:00.000Z,איחוד האמירויות הערב,470,44,514
2021-11-08T00:00:00.000Z,קולומביה,1,1,2
2021-11-08T00:00:00.000Z,צרפת,789,387,1176
2021-11-08T00:00:00.000Z,צכיה,556,21,577
2021-11-08T00:00:00.000Z,צ'ילה,3,3,6
2021-11-08T00:00:00.000Z,פרו,0,1,1
2021-11-08T00:00:00.000Z,פנמה,0,5,5
2021-11-08T00:00:00.000Z,פינלנד,8,5,13
2021-11-08T00:00:00.000Z,פיליפינים,0,2,2
2021-11-08T00:00:00.000Z,פורטוגל,168,5,173
2021-11-08T00:00:00.000Z,פורטו ריקו,0,46,46
2021-11-08T00:00:00.000Z,פולין,348,41,389
2021-11-08T00:00:00.000Z,ערב הסעודית,2,0,2
2021-11-08T00:00:00.000Z,סרי לנקה (צילון),3,0,3
2021-11-08T00:00:00.000Z,סרביה,7,5,12
2021-11-08T00:00:00.000Z,ספרד,442,161,603
2021-11-08T00:00:00.000Z,סנגל,1,0,1
2021-11-08T00:00:00.000Z,סלובניה,0,1,1
2021-11-08T00:00:00.000Z,סין,1,0,1
2021-11-08T00:00:00.000Z,נפאל,5,2,7
2021-11-08T00:00:00.000Z,ניו זילנד,0,1,1
2021-11-08T00:00:00.000Z,ניגריה,5,2,7
2021-11-08T00:00:00.000Z,נורבגיה,6,4,10
2021-11-08T00:00:00.000Z,מרוקו,36,5,41
2021-11-08T00:00:00.000Z,מקסיקו,7,23,30
2021-11-08T00:00:00.000Z,מקדוניה,2,0,2
2021-11-08T00:00:00.000Z,מצרים,372,40,412
2021-11-08T00:00:00.000Z,מלטה,2,0,2
2021-11-08T00:00:00.000Z,מלדיבים,15,1,16
2021-11-08T00:00:00.000Z,ליטא,3,0,3
2021-11-08T00:00:00.000Z,לוכסמבורג,0,3,3
2021-11-09T00:00:00.000Z,לטביה,17,39,56
2021-11-09T00:00:00.000Z,יפן,1,1,2
2021-11-09T00:00:00.000Z,חוף השנהב,1,0,1
2021-11-09T00:00:00.000Z,זמביה,1,1,2
2021-11-09T00:00:00.000Z,הרפ הדומיניקנית,1,0,1
2021-11-09T00:00:00.000Z,הממלכה המאוחדת,590,283,873
2021-11-09T00:00:00.000Z,הונגריה,399,68,467
2021-11-09T00:00:00.000Z,הולנד,418,78,496
2021-11-09T00:00:00.000Z,הודו,53,50,103
2021-11-09T00:00:00.000Z,דרום סודאן,0,1,1
2021-11-09T00:00:00.000Z,דרום אפריקה,13,11,24
2021-11-09T00:00:00.000Z,דנמרק,19,15,34
2021-11-09T00:00:00.000Z,גרמניה,407,142,549
2021-11-09T00:00:00.000Z,גאנה,0,1,1
2021-11-09T00:00:00.000Z,גאורגיה,117,27,144
2021-11-09T00:00:00.000Z,ברזיל,13,19,32
2021-11-09T00:00:00.000Z,בלגיה,82,108,190
2021-11-09T00:00:00.000Z,בילורוסיה,7,1,8
2021-11-09T00:00:00.000Z,בוסניה הרצגובינה,1,0,1
2021-11-09T00:00:00.000Z,בולגריה,1,0,1
2021-11-09T00:00:00.000Z,אתיופיה,18,8,26
2021-11-09T00:00:00.000Z,ארצות הברית,829,971,1800
2021-11-09T00:00:00.000Z,ארמניה,1,0,1
2021-11-09T00:00:00.000Z,ארגנטינה,7,16,23
2021-11-09T00:00:00.000Z,אפגניסטן,2,1,3
2021-11-09T00:00:00.000Z,אסטוניה,3,1,4
2021-11-09T00:00:00.000Z,אנגולה,2,0,2
2021-11-09T00:00:00.000Z,אלבניה,2,0,2
2021-11-09T00:00:00.000Z,אל סלבדור,0,1,1
2021-11-09T00:00:00.000Z,אירלנד,8,4,12
2021-11-09T00:00:00.000Z,איסלנד,4,0,4
2021-11-09T00:00:00.000Z,איי סיישל,3,3,6
2021-11-09T00:00:00.000Z,איי טורקס וקייקוס,2,1,3
2021-11-09T00:00:00.000Z,איטליה,653,65,718
2021-11-09T00:00:00.000Z,אזרביג'אן,1,13,14
2021-11-09T00:00:00.000Z,אורגוואי,2,0,2
2021-11-09T00:00:00.000Z,אוקראינה,90,96,186
2021-11-09T00:00:00.000Z,אוסטרליה,2,0,2
2021-11-09T00:00:00.000Z,אוסטריה,363,59,422
2021-11-09T00:00:00.000Z,אוזבקיסטן,70,41,111
2021-11-09T00:00:00.000Z,אוגנדה,7,4,11
2021-11-09T00:00:00.000Z,אבחזיסטאן,2,2,4
2021-11-09T00:00:00.000Z,ירדן,55,20,75
2021-11-09T00:00:00.000Z,כלל המדינות,10235,5784,16019
2021-11-09T00:00:00.000Z,לוכסמבורג,1,4,5
2021-11-09T00:00:00.000Z,טנזניה,4,0,4
2021-11-09T00:00:00.000Z,ליטא,54,24,78
2021-11-09T00:00:00.000Z,מאוריציוס,4,0,4
2021-11-09T00:00:00.000Z,מוזמביק,1,0,1
2021-11-09T00:00:00.000Z,מולדובה,27,101,128
2021-11-09T00:00:00.000Z,מלדיבים,2,3,5
2021-11-09T00:00:00.000Z,מלטה,4,1,5
2021-11-09T00:00:00.000Z,מצרים,48,5,53
2021-11-09T00:00:00.000Z,מקסיקו,11,5,16
2021-11-09T00:00:00.000Z,מרוקו,148,8,156
2021-11-09T00:00:00.000Z,נורבגיה,7,1,8
2021-11-09T00:00:00.000Z,ניגריה,4,0,4
2021-11-09T00:00:00.000Z,נמיביה,0,1,1
2021-11-09T00:00:00.000Z,נפאל,1,2,3
2021-11-09T00:00:00.000Z,סינגפור,2,0,2
2021-11-09T00:00:00.000Z,סלובניה,0,1,1
2021-11-09T00:00:00.000Z,ספרד,304,33,337
2021-11-09T00:00:00.000Z,סרביה,6,5,11
2021-11-09T00:00:00.000Z,סרי לנקה (צילון),5,0,5
2021-11-09T00:00:00.000Z,עירק,1,0,1
2021-11-09T00:00:00.000Z,פולין,183,55,238
2021-11-09T00:00:00.000Z,פורטוגל,54,28,82
2021-11-09T00:00:00.000Z,יוון,339,35,374
2021-11-09T00:00:00.000Z,תורכיה,1131,380,1511
2021-11-09T00:00:00.000Z,תוניסיה,7,1,8
2021-11-09T00:00:00.000Z,שוויץ,55,34,89
2021-11-09T00:00:00.000Z,שוודיה,9,2,11
2021-11-09T00:00:00.000Z,רוסיה,100,119,219
2021-11-09T00:00:00.000Z,רומניה,66,14,80
2021-11-09T00:00:00.000Z,קרואטיה,4,1,5
2021-11-09T00:00:00.000Z,קפריסין,128,41,169
2021-11-09T00:00:00.000Z,קניה,9,1,10
2021-11-09T00:00:00.000Z,קנדה,53,97,150
2021-11-09T00:00:00.000Z,קמרון,0,1,1
2021-11-09T00:00:00.000Z,קזחסטאן,1,4,5
2021-11-09T00:00:00.000Z,קוסטה ריקה,3,1,4
2021-11-09T00:00:00.000Z,קולומביה,1,6,7
2021-11-09T00:00:00.000Z,צרפת,750,654,1404
2021-11-09T00:00:00.000Z,איחוד האמירויות הערב,352,57,409
2021-11-09T00:00:00.000Z,צכיה,398,19,417
2021-11-09T00:00:00.000Z,צ'ילה,2,7,9
2021-11-09T00:00:00.000Z,צאד,1,0,1
2021-11-09T00:00:00.000Z,פרו,0,4,4
2021-11-09T00:00:00.000Z,פינלנד,7,7,14
2021-11-09T00:00:00.000Z,פיליפינים,1,2,3
2021-11-10T00:00:00.000Z,יפן,0,5,5
2021-11-10T00:00:00.000Z,יוון,193,38,231
2021-11-10T00:00:00.000Z,טנזניה,9,0,9
2021-11-10T00:00:00.000Z,טובלו,2,0,2
2021-11-10T00:00:00.000Z,חוף השנהב,1,0,1
2021-11-10T00:00:00.000Z,זאיר,0,1,1
2021-11-10T00:00:00.000Z,ונצואלה,0,1,1
2021-11-10T00:00:00.000Z,ויטנאם,0,1,1
2021-11-10T00:00:00.000Z,תורכיה,733,264,997
2021-11-10T00:00:00.000Z,תאילנד,19,106,125
2021-11-10T00:00:00.000Z,שוויץ,95,67,162
2021-11-10T00:00:00.000Z,שוודיה,16,9,25
2021-11-10T00:00:00.000Z,רוסיה,73,65,138
2021-11-10T00:00:00.000Z,רומניה,96,36,132
2021-11-10T00:00:00.000Z,רואנדה,0,1,1
2021-11-10T00:00:00.000Z,קפריסין,233,43,276
2021-11-10T00:00:00.000Z,קניה,3,0,3
2021-11-10T00:00:00.000Z,קנדה,50,87,137
2021-11-10T00:00:00.000Z,קמרון,1,0,1
2021-11-10T00:00:00.000Z,קזחסטאן,3,0,3
2021-11-10T00:00:00.000Z,קוריאה הדרומית,3,19,22
2021-11-10T00:00:00.000Z,קוסטה ריקה,2,3,5
2021-11-10T00:00:00.000Z,קולומביה,3,7,10
2021-11-10T00:00:00.000Z,צרפת,375,748,1123
2021-11-10T00:00:00.000Z,צכיה,185,12,197
2021-11-10T00:00:00.000Z,פרו,2,7,9
2021-11-10T00:00:00.000Z,פרגוואי,1,0,1
2021-11-10T00:00:00.000Z,פנמה,1,3,4
2021-11-10T00:00:00.000Z,פינלנד,5,4,9
2021-11-10T00:00:00.000Z,פיליפינים,0,27,27
2021-11-10T00:00:00.000Z,פורטוגל,51,28,79
2021-11-10T00:00:00.000Z,פורטו ריקו,0,2,2
2021-11-10T00:00:00.000Z,בוסניה הרצגובינה,2,1,3
2021-11-10T00:00:00.000Z,בולגריה,83,27,110
2021-11-10T00:00:00.000Z,אתיופיה,11,4,15
2021-11-10T00:00:00.000Z,ארצות הברית,703,1080,1783
2021-11-10T00:00:00.000Z,ארמניה,2,0,2
2021-11-10T00:00:00.000Z,ארגנטינה,2,8,10
2021-11-10T00:00:00.000Z,אקואדור,2,0,2
2021-11-10T00:00:00.000Z,אסטוניה,1,1,2
2021-11-10T00:00:00.000Z,אנגולה,4,0,4
2021-11-10T00:00:00.000Z,אלבניה,2,0,2
2021-11-10T00:00:00.000Z,אל סלבדור,1,0,1
2021-11-10T00:00:00.000Z,אירלנד,4,2,6
2021-11-10T00:00:00.000Z,איסלנד,3,2,5
2021-11-10T00:00:00.000Z,איי סיישל,70,8,78
2021-11-10T00:00:00.000Z,איטליה,562,109,671
2021-11-10T00:00:00.000Z,פולין,60,10,70
2021-11-10T00:00:00.000Z,אוקראינה,232,246,478
2021-11-10T00:00:00.000Z,אוסטרליה,1,26,27
2021-11-10T00:00:00.000Z,אוסטריה,177,45,222
2021-11-10T00:00:00.000Z,אוזבקיסטן,1,2,3
2021-11-10T00:00:00.000Z,אוגנדה,6,1,7
2021-11-10T00:00:00.000Z,הרפ הדומיניקנית,1,0,1
2021-11-10T00:00:00.000Z,הממלכה המאוחדת,357,219,576
2021-11-10T00:00:00.000Z,הונגריה,234,83,317
2021-11-10T00:00:00.000Z,הולנד,182,56,238
2021-11-10T00:00:00.000Z,הודו,17,4,21
2021-11-10T00:00:00.000Z,דרום אפריקה,12,52,64
2021-11-10T00:00:00.000Z,דנמרק,3,9,12
2021-11-10T00:00:00.000Z,גרמניה,393,200,593
2021-11-10T00:00:00.000Z,גיברלטר,2,0,2
2021-11-10T00:00:00.000Z,גואדאלופ,0,1,1
2021-11-10T00:00:00.000Z,גאנה,0,2,2
2021-11-10T00:00:00.000Z,גאורגיה,57,1,58
2021-11-10T00:00:00.000Z,ברזיל,13,17,30
2021-11-10T00:00:00.000Z,בלגיה,16,16,32
2021-11-10T00:00:00.000Z,סרי לנקה (צילון),0,8,8
2021-11-10T00:00:00.000Z,סרביה,6,5,11
2021-11-10T00:00:00.000Z,ספרד,82,57,139
2021-11-10T00:00:00.000Z,סלובקיה,0,2,2
2021-11-10T00:00:00.000Z,סלובניה,1,0,1
2021-11-10T00:00:00.000Z,סינגפור,0,1,1
2021-11-10T00:00:00.000Z,סין,0,3,3
2021-11-10T00:00:00.000Z,סיירה ליאונה,1,0,1
2021-11-10T00:00:00.000Z,נפאל,2,2,4
2021-11-10T00:00:00.000Z,ניגריה,0,1,1
2021-11-10T00:00:00.000Z,נורבגיה,6,5,11
2021-11-10T00:00:00.000Z,מרוקו,87,4,91
2021-11-10T00:00:00.000Z,מקסיקו,4,11,15
2021-11-10T00:00:00.000Z,מצרים,312,44,356
2021-11-10T00:00:00.000Z,איחוד האמירויות הערב,454,94,548
2021-11-10T00:00:00.000Z,מלטה,86,14,100
2021-11-10T00:00:00.000Z,מלדיבים,14,0,14
2021-11-10T00:00:00.000Z,מונקו,1,0,1
2021-11-10T00:00:00.000Z,מונטנגרו,0,3,3
2021-11-10T00:00:00.000Z,מוזמביק,3,1,4
2021-11-10T00:00:00.000Z,מאלי,2,0,2
2021-11-10T00:00:00.000Z,כלל המדינות,7823,6328,14151
2021-11-10T00:00:00.000Z,ירדן,47,24,71
2021-11-10T00:00:00.000Z,אזרביג'אן,2,0,2
2021-11-11T00:00:00.000Z,מקדוניה,2,1,3
2021-11-11T00:00:00.000Z,מלדיבים,10,0,10
2021-11-11T00:00:00.000Z,מונטנגרו,95,5,100
2021-11-11T00:00:00.000Z,מולדובה,72,24,96
2021-11-11T00:00:00.000Z,מאוריציוס,7,0,7
2021-11-11T00:00:00.000Z,ליטא,1,1,2
2021-11-11T00:00:00.000Z,לטביה,4,0,4
2021-11-11T00:00:00.000Z,כלל המדינות,7353,5457,12810
2021-11-11T00:00:00.000Z,ירדן,74,31,105
2021-11-11T00:00:00.000Z,יוון,179,25,204
2021-11-11T00:00:00.000Z,טנזניה,9,1,10
2021-11-11T00:00:00.000Z,חוף השנהב,0,2,2
2021-11-11T00:00:00.000Z,זמביה,3,0,3
2021-11-11T00:00:00.000Z,זימבאבווה,2,0,2
2021-11-11T00:00:00.000Z,זאיר,1,1,2
2021-11-11T00:00:00.000Z,הרפ הדומיניקנית,2,1,3
2021-11-11T00:00:00.000Z,הממלכה המאוחדת,127,213,340
2021-11-11T00:00:00.000Z,הונגריה,370,62,432
2021-11-11T00:00:00.000Z,הונג קונג,3,8,11
2021-11-11T00:00:00.000Z,הולנד,162,59,221
2021-11-11T00:00:00.000Z,הודו,13,2,15
2021-11-11T00:00:00.000Z,דרום אפריקה,14,28,42
2021-11-11T00:00:00.000Z,דנמרק,7,9,16
2021-11-11T00:00:00.000Z,גרמניה,301,189,490
2021-11-11T00:00:00.000Z,גינאה המשוונית,1,0,1
2021-11-11T00:00:00.000Z,גויאנה הצרפתית,2,0,2
2021-11-11T00:00:00.000Z,גאנה,2,6,8
2021-11-11T00:00:00.000Z,גאורגיה,431,36,467
2021-11-11T00:00:00.000Z,ברזיל,2,22,24
2021-11-11T00:00:00.000Z,בנגלדש,3,0,3
2021-11-11T00:00:00.000Z,בליז,1,0,1
2021-11-11T00:00:00.000Z,בלגיה,23,74,97
2021-11-11T00:00:00.000Z,בחריין,17,5,22
2021-11-11T00:00:00.000Z,בורקינה פאסו,2,0,2
2021-11-11T00:00:00.000Z,בוסניה הרצגובינה,2,2,4
2021-11-11T00:00:00.000Z,בולגריה,67,8,75
2021-11-11T00:00:00.000Z,בוטסואנה,4,0,4
2021-11-11T00:00:00.000Z,אתיופיה,42,17,59
2021-11-11T00:00:00.000Z,ארצות הברית,786,762,1548
2021-11-11T00:00:00.000Z,ארגנטינה,7,14,21
2021-11-11T00:00:00.000Z,אסטוניה,1,0,1
2021-11-11T00:00:00.000Z,אנגולה,1,0,1
2021-11-11T00:00:00.000Z,אלבניה,2,15,17
2021-11-11T00:00:00.000Z,אירלנד,1,3,4
2021-11-11T00:00:00.000Z,איי סיישל,1,1,2
2021-11-11T00:00:00.000Z,איי טורקס וקייקוס,2,0,2
2021-11-11T00:00:00.000Z,מצרים,241,48,289
2021-11-11T00:00:00.000Z,אזרביג'אן,32,20,52
2021-11-11T00:00:00.000Z,אורגוואי,1,0,1
2021-11-11T00:00:00.000Z,אוקראינה,82,89,171
2021-11-11T00:00:00.000Z,אוסטרליה,3,14,17
2021-11-11T00:00:00.000Z,אוסטריה,352,89,441
2021-11-11T00:00:00.000Z,אוזבקיסטן,2,3,5
2021-11-11T00:00:00.000Z,אוגנדה,15,3,18
2021-11-11T00:00:00.000Z,אבחזיסטאן,4,1,5
2021-11-11T00:00:00.000Z,מקסיקו,6,9,15
2021-11-11T00:00:00.000Z,מרוקו,102,9,111
2021-11-11T00:00:00.000Z,נורבגיה,3,6,9
2021-11-11T00:00:00.000Z,ניגריה,4,3,7
2021-11-11T00:00:00.000Z,נמיביה,2,1,3
2021-11-11T00:00:00.000Z,נפאל,0,2,2
2021-11-11T00:00:00.000Z,סין,1,37,38
2021-11-11T00:00:00.000Z,סינגפור,1,0,1
2021-11-11T00:00:00.000Z,סלובקיה,0,2,2
2021-11-11T00:00:00.000Z,איחוד האמירויות הערב,197,44,241
2021-11-11T00:00:00.000Z,ספרד,82,32,114
2021-11-11T00:00:00.000Z,סרביה,5,0,5
2021-11-11T00:00:00.000Z,סרי לנקה (צילון),4,3,7
2021-11-11T00:00:00.000Z,פולין,164,46,210
2021-11-11T00:00:00.000Z,פורטוגל,111,23,134
2021-11-11T00:00:00.000Z,פיליפינים,1,3,4
2021-11-11T00:00:00.000Z,פינלנד,4,2,6
2021-11-11T00:00:00.000Z,פנמה,2,1,3
2021-11-11T00:00:00.000Z,פרו,3,1,4
2021-11-11T00:00:00.000Z,צאד,2,0,2
2021-11-11T00:00:00.000Z,צ'ילה,1,1,2
2021-11-11T00:00:00.000Z,צכיה,222,22,244
2021-11-11T00:00:00.000Z,צרפת,260,640,900
2021-11-11T00:00:00.000Z,קולומביה,3,2,5
2021-11-11T00:00:00.000Z,קוסטה ריקה,5,5,10
2021-11-11T00:00:00.000Z,קוריאה הדרומית,0,1,1
2021-11-11T00:00:00.000Z,קזחסטאן,1,1,2
2021-11-11T00:00:00.000Z,קלדוניה החדשה,0,2,2
2021-11-11T00:00:00.000Z,קנדה,12,31,43
2021-11-11T00:00:00.000Z,קניה,15,2,17
2021-11-11T00:00:00.000Z,קפריסין,151,38,189
2021-11-11T00:00:00.000Z,קרואטיה,0,1,1
2021-11-11T00:00:00.000Z,רוסיה,80,121,201
2021-11-11T00:00:00.000Z,שוודיה,8,14,22
2021-11-11T00:00:00.000Z,שוויץ,94,58,152
2021-11-11T00:00:00.000Z,תאילנד,0,2,2
2021-11-11T00:00:00.000Z,תורכיה,810,304,1114
2021-11-11T00:00:00.000Z,תימן,0,1,1
2021-11-11T00:00:00.000Z,איטליה,713,190,903
