date,visited_country,vaccination_ind,none_vaccination_ind,sum_arrival
2021-05-01T00:00:00.000Z,ליטא,2,2,4
2021-05-01T00:00:00.000Z,סאו טומה ופרינציפה,1,0,1
2021-05-01T00:00:00.000Z,אוגנדה,4,0,4
2021-05-01T00:00:00.000Z,אוסטריה,17,21,38
2021-05-01T00:00:00.000Z,אוסטרליה,1,5,6
2021-05-01T00:00:00.000Z,אוקראינה,121,55,176
2021-05-01T00:00:00.000Z,אזרביג'אן,4,0,4
2021-05-01T00:00:00.000Z,איטליה,15,19,34
2021-05-01T00:00:00.000Z,אירלנד,0,17,17
2021-05-01T00:00:00.000Z,אנגולה,2,0,2
2021-05-01T00:00:00.000Z,אקואדור,0,2,2
2021-05-01T00:00:00.000Z,ארמניה,12,0,12
2021-05-01T00:00:00.000Z,ארצות הברית,417,374,791
2021-05-01T00:00:00.000Z,אתיופיה,41,19,60
2021-05-01T00:00:00.000Z,בוטסואנה,1,0,1
2021-05-01T00:00:00.000Z,בוסניה הרצגובינה,3,0,3
2021-05-01T00:00:00.000Z,בילורוסיה,1,0,1
2021-05-01T00:00:00.000Z,בלגיה,2,9,11
2021-05-01T00:00:00.000Z,ברזיל,5,5,10
2021-05-01T00:00:00.000Z,גאורגיה,8,0,8
2021-05-01T00:00:00.000Z,גאנה,3,0,3
2021-05-01T00:00:00.000Z,גווטאמלה,4,0,4
2021-05-01T00:00:00.000Z,גינאה,0,1,1
2021-05-01T00:00:00.000Z,גרמניה,157,115,272
2021-05-01T00:00:00.000Z,דנמרק,6,3,9
2021-05-01T00:00:00.000Z,דרום אפריקה,11,8,19
2021-05-01T00:00:00.000Z,דרום סודאן,1,0,1
2021-05-01T00:00:00.000Z,הולנד,6,17,23
2021-05-01T00:00:00.000Z,הונג קונג,0,6,6
2021-05-01T00:00:00.000Z,הונגריה,0,2,2
2021-05-01T00:00:00.000Z,הממלכה המאוחדת,17,41,58
2021-05-01T00:00:00.000Z,הרפ הדומיניקנית,4,0,4
2021-05-01T00:00:00.000Z,זאיר,7,1,8
2021-05-01T00:00:00.000Z,זימבאבווה,2,0,2
2021-05-01T00:00:00.000Z,זמביה,4,0,4
2021-05-01T00:00:00.000Z,חוף השנהב,5,0,5
2021-05-01T00:00:00.000Z,טנזניה,9,2,11
2021-05-01T00:00:00.000Z,יוון,16,0,16
2021-05-01T00:00:00.000Z,יפן,1,9,10
2021-05-01T00:00:00.000Z,כלל המדינות,3607,1696,5303
2021-05-01T00:00:00.000Z,לוכסמבורג,1,0,1
2021-05-01T00:00:00.000Z,לטביה,2,2,4
2021-05-01T00:00:00.000Z,איחוד האמירויות הערב,303,60,363
2021-05-01T00:00:00.000Z,לסוטו,1,0,1
2021-05-01T00:00:00.000Z,מולדובה,25,62,87
2021-05-01T00:00:00.000Z,מונטנגרו,2,0,2
2021-05-01T00:00:00.000Z,מלדיבים,10,1,11
2021-05-01T00:00:00.000Z,מלטה,1,6,7
2021-05-01T00:00:00.000Z,מצרים,736,44,780
2021-05-01T00:00:00.000Z,מקסיקו,16,11,27
2021-05-01T00:00:00.000Z,מרוקו,1,6,7
2021-05-01T00:00:00.000Z,נורבגיה,0,1,1
2021-05-01T00:00:00.000Z,ניגריה,3,0,3
2021-05-01T00:00:00.000Z,ניו זילנד,0,1,1
2021-05-01T00:00:00.000Z,נפאל,4,0,4
2021-05-01T00:00:00.000Z,סין,0,3,3
2021-05-01T00:00:00.000Z,סינגפור,0,2,2
2021-05-01T00:00:00.000Z,סלובניה,1,0,1
2021-05-01T00:00:00.000Z,ספרד,13,4,17
2021-05-01T00:00:00.000Z,סרביה,0,4,4
2021-05-01T00:00:00.000Z,סרי לנקה (צילון),0,2,2
2021-05-01T00:00:00.000Z,פולין,29,8,37
2021-05-01T00:00:00.000Z,פורטו ריקו,1,0,1
2021-05-01T00:00:00.000Z,פורטוגל,7,4,11
2021-05-01T00:00:00.000Z,פיליפינים,0,14,14
2021-05-01T00:00:00.000Z,פינלנד,1,4,5
2021-05-01T00:00:00.000Z,צכיה,2,7,9
2021-05-01T00:00:00.000Z,צרפת,34,39,73
2021-05-01T00:00:00.000Z,קולומביה,3,0,3
2021-05-01T00:00:00.000Z,קוסטה ריקה,2,1,3
2021-05-01T00:00:00.000Z,קוריאה הדרומית,3,0,3
2021-05-01T00:00:00.000Z,קזחסטאן,0,1,1
2021-05-01T00:00:00.000Z,קנדה,3,8,11
2021-05-01T00:00:00.000Z,קניה,5,2,7
2021-05-01T00:00:00.000Z,קפריסין,150,23,173
2021-05-01T00:00:00.000Z,קרואטיה,9,0,9
2021-05-01T00:00:00.000Z,רואנדה,3,2,5
2021-05-01T00:00:00.000Z,רומניה,1,2,3
2021-05-01T00:00:00.000Z,רוסיה,3,4,7
2021-05-01T00:00:00.000Z,שוודיה,3,2,5
2021-05-01T00:00:00.000Z,שוויץ,3,2,5
2021-05-01T00:00:00.000Z,תאילנד,1,0,1
2021-05-01T00:00:00.000Z,תורכיה,208,87,295
2021-05-01T00:00:00.000Z,תורכמניסטאן,1,0,1
2021-05-02T00:00:00.000Z,תורכיה,229,83,312
2021-05-02T00:00:00.000Z,תורכמניסטאן,1,0,1
2021-05-02T00:00:00.000Z,צ'ילה,0,2,2
2021-05-02T00:00:00.000Z,איחוד האמירויות הערב,310,34,344
2021-05-02T00:00:00.000Z,פרו,0,2,2
2021-05-02T00:00:00.000Z,פינלנד,0,1,1
2021-05-02T00:00:00.000Z,פיליפינים,0,7,7
2021-05-02T00:00:00.000Z,פורטוגל,5,3,8
2021-05-02T00:00:00.000Z,פולין,13,12,25
2021-05-02T00:00:00.000Z,ערב הסעודית,0,1,1
2021-05-02T00:00:00.000Z,עירק,0,1,1
2021-05-02T00:00:00.000Z,צכיה,2,0,2
2021-05-02T00:00:00.000Z,צרפת,90,148,238
2021-05-02T00:00:00.000Z,קולומביה,1,1,2
2021-05-02T00:00:00.000Z,קוסטה ריקה,3,4,7
2021-05-02T00:00:00.000Z,קוריאה הדרומית,5,1,6
2021-05-02T00:00:00.000Z,קזחסטאן,0,1,1
2021-05-02T00:00:00.000Z,קירג'זסטאן,2,0,2
2021-05-02T00:00:00.000Z,קנדה,13,86,99
2021-05-02T00:00:00.000Z,קניה,0,1,1
2021-05-02T00:00:00.000Z,קפריסין,164,22,186
2021-05-02T00:00:00.000Z,קרואטיה,23,3,26
2021-05-02T00:00:00.000Z,רומניה,47,16,63
2021-05-02T00:00:00.000Z,רוסיה,71,91,162
2021-05-02T00:00:00.000Z,שוודיה,1,1,2
2021-05-02T00:00:00.000Z,שוויץ,59,55,114
2021-05-02T00:00:00.000Z,תאילנד,1,10,11
2021-05-02T00:00:00.000Z,תוניסיה,1,0,1
2021-05-02T00:00:00.000Z,סרי לנקה (צילון),1,2,3
2021-05-02T00:00:00.000Z,סרביה,1,3,4
2021-05-02T00:00:00.000Z,ספרד,5,8,13
2021-05-02T00:00:00.000Z,נפאל,4,0,4
2021-05-02T00:00:00.000Z,ניגריה,1,0,1
2021-05-02T00:00:00.000Z,נורבגיה,0,2,2
2021-05-02T00:00:00.000Z,מקסיקו,25,10,35
2021-05-02T00:00:00.000Z,מצרים,592,29,621
2021-05-02T00:00:00.000Z,מלטה,1,0,1
2021-05-02T00:00:00.000Z,מלדיבים,22,0,22
2021-05-02T00:00:00.000Z,לטביה,0,1,1
2021-05-02T00:00:00.000Z,לוכסמבורג,1,1,2
2021-05-02T00:00:00.000Z,כלל המדינות,4106,3036,7142
2021-05-02T00:00:00.000Z,ירדן,36,41,77
2021-05-02T00:00:00.000Z,יפן,0,1,1
2021-05-02T00:00:00.000Z,יוון,101,9,110
2021-05-02T00:00:00.000Z,טיוואן,2,1,3
2021-05-02T00:00:00.000Z,חוף השנהב,1,0,1
2021-05-02T00:00:00.000Z,ונצואלה,0,1,1
2021-05-02T00:00:00.000Z,הרפ הדומיניקנית,2,0,2
2021-05-02T00:00:00.000Z,הממלכה המאוחדת,57,143,200
2021-05-02T00:00:00.000Z,הונגריה,0,1,1
2021-05-02T00:00:00.000Z,הולנד,42,45,87
2021-05-02T00:00:00.000Z,דנמרק,2,0,2
2021-05-02T00:00:00.000Z,גרמניה,85,132,217
2021-05-02T00:00:00.000Z,גאורגיה,472,25,497
2021-05-02T00:00:00.000Z,ברזיל,1,3,4
2021-05-02T00:00:00.000Z,בלגיה,2,7,9
2021-05-02T00:00:00.000Z,בילורוסיה,99,28,127
2021-05-02T00:00:00.000Z,בולגריה,166,10,176
2021-05-02T00:00:00.000Z,ארצות הברית,274,255,529
2021-05-02T00:00:00.000Z,אירלנד,0,4,4
2021-05-02T00:00:00.000Z,איסלנד,3,0,3
2021-05-02T00:00:00.000Z,אינדונזיה,0,2,2
2021-05-02T00:00:00.000Z,איי סיישל,108,7,115
2021-05-02T00:00:00.000Z,איטליה,8,8,16
2021-05-02T00:00:00.000Z,אזרביג'אן,7,5,12
2021-05-02T00:00:00.000Z,אוקראינה,276,131,407
2021-05-02T00:00:00.000Z,אוסטריה,15,9,24
2021-05-02T00:00:00.000Z,אוזבקיסטן,4,12,16
2021-05-02T00:00:00.000Z,אוגנדה,0,2,2
2021-05-03T00:00:00.000Z,אלבניה,0,1,1
2021-05-03T00:00:00.000Z,קניה,5,0,5
2021-05-03T00:00:00.000Z,תורכיה,47,27,74
2021-05-03T00:00:00.000Z,תוניסיה,1,0,1
2021-05-03T00:00:00.000Z,תאילנד,1,2,3
2021-05-03T00:00:00.000Z,שוויץ,33,40,73
2021-05-03T00:00:00.000Z,שוודיה,2,1,3
2021-05-03T00:00:00.000Z,רוסיה,157,297,454
2021-05-03T00:00:00.000Z,רומניה,39,15,54
2021-05-03T00:00:00.000Z,רואנדה,6,2,8
2021-05-03T00:00:00.000Z,קרואטיה,13,2,15
2021-05-03T00:00:00.000Z,קפריסין,102,17,119
2021-05-03T00:00:00.000Z,איחוד האמירויות הערב,319,45,364
2021-05-03T00:00:00.000Z,קנדה,3,2,5
2021-05-03T00:00:00.000Z,קירג'זסטאן,1,0,1
2021-05-03T00:00:00.000Z,קזחסטאן,0,1,1
2021-05-03T00:00:00.000Z,קוריאה הדרומית,1,0,1
2021-05-03T00:00:00.000Z,קוסטה ריקה,10,3,13
2021-05-03T00:00:00.000Z,קולומביה,1,2,3
2021-05-03T00:00:00.000Z,קובה,5,0,5
2021-05-03T00:00:00.000Z,צרפת,183,276,459
2021-05-03T00:00:00.000Z,צכיה,1,1,2
2021-05-03T00:00:00.000Z,צ'ילה,1,5,6
2021-05-03T00:00:00.000Z,פרו,1,0,1
2021-05-03T00:00:00.000Z,פרגוואי,2,0,2
2021-05-03T00:00:00.000Z,פנמה,1,3,4
2021-05-03T00:00:00.000Z,פיליפינים,0,9,9
2021-05-03T00:00:00.000Z,פורטוגל,4,6,10
2021-05-03T00:00:00.000Z,פולין,10,4,14
2021-05-03T00:00:00.000Z,סרביה,2,1,3
2021-05-03T00:00:00.000Z,ספרד,59,50,109
2021-05-03T00:00:00.000Z,סנגל,0,1,1
2021-05-03T00:00:00.000Z,סינגפור,1,0,1
2021-05-03T00:00:00.000Z,סיירה ליאונה,0,2,2
2021-05-03T00:00:00.000Z,סוריה,0,3,3
2021-05-03T00:00:00.000Z,נפאל,2,2,4
2021-05-03T00:00:00.000Z,ניגריה,3,1,4
2021-05-03T00:00:00.000Z,נורבגיה,0,3,3
2021-05-03T00:00:00.000Z,מרוקו,1,2,3
2021-05-03T00:00:00.000Z,מקסיקו,7,6,13
2021-05-03T00:00:00.000Z,מצרים,463,26,489
2021-05-03T00:00:00.000Z,מלטה,1,0,1
2021-05-03T00:00:00.000Z,מלדיבים,11,1,12
2021-05-03T00:00:00.000Z,מונטנגרו,17,0,17
2021-05-03T00:00:00.000Z,ליטא,4,0,4
2021-05-03T00:00:00.000Z,לוכסמבורג,1,0,1
2021-05-03T00:00:00.000Z,כלל המדינות,4030,3138,7168
2021-05-03T00:00:00.000Z,ירדן,27,18,45
2021-05-03T00:00:00.000Z,יוון,44,10,54
2021-05-03T00:00:00.000Z,טנזניה,2,2,4
2021-05-03T00:00:00.000Z,חוף השנהב,2,0,2
2021-05-03T00:00:00.000Z,הרפ הדומיניקנית,1,0,1
2021-05-03T00:00:00.000Z,הממלכה המאוחדת,32,74,106
2021-05-03T00:00:00.000Z,הונגריה,39,22,61
2021-05-03T00:00:00.000Z,הונג קונג,0,1,1
2021-05-03T00:00:00.000Z,הולנד,33,16,49
2021-05-03T00:00:00.000Z,הודו,89,144,233
2021-05-03T00:00:00.000Z,דרום אפריקה,11,8,19
2021-05-03T00:00:00.000Z,דנמרק,3,3,6
2021-05-03T00:00:00.000Z,גרמניה,80,64,144
2021-05-03T00:00:00.000Z,גאנה,4,0,4
2021-05-03T00:00:00.000Z,גאורגיה,266,15,281
2021-05-03T00:00:00.000Z,ברזיל,5,5,10
2021-05-03T00:00:00.000Z,בלגיה,3,6,9
2021-05-03T00:00:00.000Z,בילורוסיה,2,0,2
2021-05-03T00:00:00.000Z,בוסניה הרצגובינה,1,0,1
2021-05-03T00:00:00.000Z,בוליביה,2,0,2
2021-05-03T00:00:00.000Z,בולגריה,194,10,204
2021-05-03T00:00:00.000Z,בוטסואנה,0,1,1
2021-05-03T00:00:00.000Z,אתיופיה,25,5,30
2021-05-03T00:00:00.000Z,ארצות הברית,656,643,1299
2021-05-03T00:00:00.000Z,ארגנטינה,3,0,3
2021-05-03T00:00:00.000Z,אקואדור,0,2,2
2021-05-03T00:00:00.000Z,אוגנדה,6,0,6
2021-05-03T00:00:00.000Z,אירלנד,0,1,1
2021-05-03T00:00:00.000Z,איסלנד,5,0,5
2021-05-03T00:00:00.000Z,אינדונזיה,1,0,1
2021-05-03T00:00:00.000Z,איי סיישל,145,5,150
2021-05-03T00:00:00.000Z,איטליה,21,15,36
2021-05-03T00:00:00.000Z,אורגוואי,1,3,4
2021-05-03T00:00:00.000Z,אוקראינה,23,28,51
2021-05-03T00:00:00.000Z,אוסטרליה,0,2,2
2021-05-03T00:00:00.000Z,אוסטריה,62,50,112
2021-05-04T00:00:00.000Z,מאלי,2,0,2
2021-05-04T00:00:00.000Z,איחוד האמירויות הערב,151,16,167
2021-05-04T00:00:00.000Z,תוניסיה,0,2,2
2021-05-04T00:00:00.000Z,תאילנד,2,2,4
2021-05-04T00:00:00.000Z,שוויץ,11,0,11
2021-05-04T00:00:00.000Z,רוסיה,37,21,58
2021-05-04T00:00:00.000Z,רומניה,25,19,44
2021-05-04T00:00:00.000Z,קרואטיה,0,2,2
2021-05-04T00:00:00.000Z,קניה,2,0,2
2021-05-04T00:00:00.000Z,קזחסטאן,1,2,3
2021-05-04T00:00:00.000Z,קוריאה הדרומית,0,2,2
2021-05-04T00:00:00.000Z,קוסטה ריקה,8,7,15
2021-05-04T00:00:00.000Z,קולומביה,1,6,7
2021-05-04T00:00:00.000Z,צרפת,85,147,232
2021-05-04T00:00:00.000Z,צ'ילה,0,2,2
2021-05-04T00:00:00.000Z,פרו,2,1,3
2021-05-04T00:00:00.000Z,פנמה,1,1,2
2021-05-04T00:00:00.000Z,פינלנד,0,6,6
2021-05-04T00:00:00.000Z,פיליפינים,0,2,2
2021-05-04T00:00:00.000Z,עומן,1,1,2
2021-05-04T00:00:00.000Z,סרביה,0,2,2
2021-05-04T00:00:00.000Z,ספרד,22,20,42
2021-05-04T00:00:00.000Z,סלובניה,1,0,1
2021-05-04T00:00:00.000Z,נפאל,1,1,2
2021-05-04T00:00:00.000Z,ניגריה,1,1,2
2021-05-04T00:00:00.000Z,מרוקו,8,1,9
2021-05-04T00:00:00.000Z,מקסיקו,5,7,12
2021-05-04T00:00:00.000Z,מצרים,348,71,419
2021-05-04T00:00:00.000Z,מלטה,1,0,1
2021-05-04T00:00:00.000Z,מלדיבים,193,20,213
2021-05-04T00:00:00.000Z,מולדובה,1,0,1
2021-05-04T00:00:00.000Z,תורכיה,20,25,45
2021-05-04T00:00:00.000Z,לטביה,4,2,6
2021-05-04T00:00:00.000Z,לבנון,10,0,10
2021-05-04T00:00:00.000Z,כלל המדינות,2070,2140,4210
2021-05-04T00:00:00.000Z,ירדן,32,24,56
2021-05-04T00:00:00.000Z,יוון,44,10,54
2021-05-04T00:00:00.000Z,חוף השנהב,1,0,1
2021-05-04T00:00:00.000Z,זמביה,2,0,2
2021-05-04T00:00:00.000Z,הממלכה המאוחדת,53,68,121
2021-05-04T00:00:00.000Z,הונגריה,35,13,48
2021-05-04T00:00:00.000Z,דרום אפריקה,10,2,12
2021-05-04T00:00:00.000Z,דנמרק,3,3,6
2021-05-04T00:00:00.000Z,גרמניה,70,75,145
2021-05-04T00:00:00.000Z,גווטאמלה,1,0,1
2021-05-04T00:00:00.000Z,גאורגיה,5,0,5
2021-05-04T00:00:00.000Z,ברזיל,3,7,10
2021-05-04T00:00:00.000Z,בילורוסיה,48,15,63
2021-05-04T00:00:00.000Z,בורונדי,1,0,1
2021-05-04T00:00:00.000Z,בולגריה,2,0,2
2021-05-04T00:00:00.000Z,אתיופיה,6,9,15
2021-05-04T00:00:00.000Z,ארצות הברית,364,321,685
2021-05-04T00:00:00.000Z,ארגנטינה,6,11,17
2021-05-04T00:00:00.000Z,אקואדור,0,1,1
2021-05-04T00:00:00.000Z,אירלנד,0,1,1
2021-05-04T00:00:00.000Z,איי סיישל,0,1,1
2021-05-04T00:00:00.000Z,איטליה,6,9,15
2021-05-04T00:00:00.000Z,אזרביג'אן,1,1,2
2021-05-04T00:00:00.000Z,אורגוואי,1,0,1
2021-05-04T00:00:00.000Z,אוקראינה,80,51,131
2021-05-04T00:00:00.000Z,אוסטריה,4,2,6
2021-05-04T00:00:00.000Z,אוזבקיסטן,4,20,24
2021-05-04T00:00:00.000Z,אוגנדה,0,2,2
2021-05-05T00:00:00.000Z,איחוד האמירויות הערב,193,32,225
2021-05-05T00:00:00.000Z,תורכיה,39,21,60
2021-05-05T00:00:00.000Z,תאילנד,1,3,4
2021-05-05T00:00:00.000Z,שוויץ,6,10,16
2021-05-05T00:00:00.000Z,שוודיה,1,5,6
2021-05-05T00:00:00.000Z,רוסיה,69,86,155
2021-05-05T00:00:00.000Z,רומניה,39,28,67
2021-05-05T00:00:00.000Z,קרואטיה,6,3,9
2021-05-05T00:00:00.000Z,קפריסין,72,10,82
2021-05-05T00:00:00.000Z,קניה,3,4,7
2021-05-05T00:00:00.000Z,קנדה,6,87,93
2021-05-05T00:00:00.000Z,קירג'זסטאן,1,0,1
2021-05-05T00:00:00.000Z,קזחסטאן,3,1,4
2021-05-05T00:00:00.000Z,קוסטה ריקה,14,3,17
2021-05-05T00:00:00.000Z,צרפת,79,200,279
2021-05-05T00:00:00.000Z,צכיה,3,1,4
2021-05-05T00:00:00.000Z,פנמה,1,0,1
2021-05-05T00:00:00.000Z,פינלנד,3,0,3
2021-05-05T00:00:00.000Z,פיליפינים,1,2,3
2021-05-05T00:00:00.000Z,פורטוגל,1,8,9
2021-05-05T00:00:00.000Z,פולין,28,12,40
2021-05-05T00:00:00.000Z,ערב הסעודית,0,1,1
2021-05-05T00:00:00.000Z,סרי לנקה (צילון),0,1,1
2021-05-05T00:00:00.000Z,סרביה,3,6,9
2021-05-05T00:00:00.000Z,ספרד,2,5,7
2021-05-05T00:00:00.000Z,סינגפור,0,1,1
2021-05-05T00:00:00.000Z,סין,0,17,17
2021-05-05T00:00:00.000Z,נפאל,2,2,4
2021-05-05T00:00:00.000Z,ניו זילנד,1,1,2
2021-05-05T00:00:00.000Z,ניגריה,2,1,3
2021-05-05T00:00:00.000Z,נורבגיה,0,1,1
2021-05-05T00:00:00.000Z,מקסיקו,41,6,47
2021-05-05T00:00:00.000Z,מצרים,280,46,326
2021-05-05T00:00:00.000Z,מלטה,6,0,6
2021-05-05T00:00:00.000Z,מלדיבים,14,0,14
2021-05-05T00:00:00.000Z,מולדובה,1,0,1
2021-05-05T00:00:00.000Z,מוזמביק,1,0,1
2021-05-05T00:00:00.000Z,ליטא,4,0,4
2021-05-05T00:00:00.000Z,כלל המדינות,2425,2873,5298
2021-05-05T00:00:00.000Z,ירדן,27,31,58
2021-05-05T00:00:00.000Z,יוון,46,2,48
2021-05-05T00:00:00.000Z,טנזניה,5,0,5
2021-05-05T00:00:00.000Z,טיוואן,1,8,9
2021-05-05T00:00:00.000Z,זמביה,1,0,1
2021-05-05T00:00:00.000Z,זימבאבווה,1,0,1
2021-05-05T00:00:00.000Z,ונצואלה,0,3,3
2021-05-05T00:00:00.000Z,הממלכה המאוחדת,10,30,40
2021-05-05T00:00:00.000Z,הולנד,39,31,70
2021-05-05T00:00:00.000Z,האנטילים ההולנדים,2,0,2
2021-05-05T00:00:00.000Z,דרום אפריקה,14,6,20
2021-05-05T00:00:00.000Z,דנמרק,3,1,4
2021-05-05T00:00:00.000Z,גרמניה,79,109,188
2021-05-05T00:00:00.000Z,גווטאמלה,0,1,1
2021-05-05T00:00:00.000Z,גאורגיה,78,4,82
2021-05-05T00:00:00.000Z,ברזיל,0,2,2
2021-05-05T00:00:00.000Z,בלגיה,3,6,9
2021-05-05T00:00:00.000Z,בולגריה,2,0,2
2021-05-05T00:00:00.000Z,בוטסואנה,0,2,2
2021-05-05T00:00:00.000Z,אתיופיה,19,14,33
2021-05-05T00:00:00.000Z,ארצות הברית,550,715,1265
2021-05-05T00:00:00.000Z,ארגנטינה,0,4,4
2021-05-05T00:00:00.000Z,אסטוניה,1,3,4
2021-05-05T00:00:00.000Z,איסלנד,6,0,6
2021-05-05T00:00:00.000Z,איי סיישל,109,14,123
2021-05-05T00:00:00.000Z,איי ווליס ופוטונה,1,0,1
2021-05-05T00:00:00.000Z,איטליה,23,16,39
2021-05-05T00:00:00.000Z,אזרביג'אן,11,0,11
2021-05-05T00:00:00.000Z,אוקראינה,38,31,69
2021-05-05T00:00:00.000Z,אוסטרליה,0,13,13
2021-05-05T00:00:00.000Z,אוסטריה,23,27,50
2021-05-05T00:00:00.000Z,אוזבקיסטן,2,0,2
2021-05-05T00:00:00.000Z,אוגנדה,1,0,1
2021-05-06T00:00:00.000Z,טנזניה,3,0,3
2021-05-06T00:00:00.000Z,קמרון,3,1,4
2021-05-06T00:00:00.000Z,ירדן,49,41,90
2021-05-06T00:00:00.000Z,כלל המדינות,3615,3582,7197
2021-05-06T00:00:00.000Z,לבנון,1,1,2
2021-05-06T00:00:00.000Z,ליטא,3,2,5
2021-05-06T00:00:00.000Z,לסוטו,1,0,1
2021-05-06T00:00:00.000Z,מאלי,1,1,2
2021-05-06T00:00:00.000Z,מדגסקר,0,2,2
2021-05-06T00:00:00.000Z,מוזמביק,1,0,1
2021-05-06T00:00:00.000Z,מולדובה,26,78,104
2021-05-06T00:00:00.000Z,מלדיבים,15,0,15
2021-05-06T00:00:00.000Z,מצרים,362,24,386
2021-05-06T00:00:00.000Z,מקסיקו,7,3,10
2021-05-06T00:00:00.000Z,נורבגיה,0,3,3
2021-05-06T00:00:00.000Z,ניגריה,4,0,4
2021-05-06T00:00:00.000Z,נפאל,7,4,11
2021-05-06T00:00:00.000Z,סוריה,0,4,4
2021-05-06T00:00:00.000Z,סיירה ליאונה,0,1,1
2021-05-06T00:00:00.000Z,סין,0,6,6
2021-05-06T00:00:00.000Z,סינגפור,2,0,2
2021-05-06T00:00:00.000Z,סלובניה,2,0,2
2021-05-06T00:00:00.000Z,סנגל,4,0,4
2021-05-06T00:00:00.000Z,ספרד,24,17,41
2021-05-06T00:00:00.000Z,סרביה,1,0,1
2021-05-06T00:00:00.000Z,סרי לנקה (צילון),1,0,1
2021-05-06T00:00:00.000Z,ערב הסעודית,2,1,3
2021-05-06T00:00:00.000Z,פולין,6,1,7
2021-05-06T00:00:00.000Z,פורטוגל,7,0,7
2021-05-06T00:00:00.000Z,פיליפינים,1,12,13
2021-05-06T00:00:00.000Z,פינלנד,2,1,3
2021-05-06T00:00:00.000Z,פנמה,5,4,9
2021-05-06T00:00:00.000Z,פרו,1,2,3
2021-05-06T00:00:00.000Z,צכיה,0,1,1
2021-05-06T00:00:00.000Z,צרפת,140,189,329
2021-05-06T00:00:00.000Z,קולומביה,5,6,11
2021-05-06T00:00:00.000Z,קוסטה ריקה,6,1,7
2021-05-06T00:00:00.000Z,קוריאה הדרומית,1,0,1
2021-05-06T00:00:00.000Z,קזחסטאן,4,1,5
2021-05-06T00:00:00.000Z,קטר,2,1,3
2021-05-06T00:00:00.000Z,קירג'זסטאן,0,1,1
2021-05-06T00:00:00.000Z,איחוד האמירויות הערב,391,37,428
2021-05-06T00:00:00.000Z,קנדה,4,1,5
2021-05-06T00:00:00.000Z,קניה,2,2,4
2021-05-06T00:00:00.000Z,קפריסין,209,9,218
2021-05-06T00:00:00.000Z,קרואטיה,5,2,7
2021-05-06T00:00:00.000Z,רואנדה,2,0,2
2021-05-06T00:00:00.000Z,רומניה,34,12,46
2021-05-06T00:00:00.000Z,רוסיה,47,93,140
2021-05-06T00:00:00.000Z,שוודיה,2,1,3
2021-05-06T00:00:00.000Z,שוויץ,23,35,58
2021-05-06T00:00:00.000Z,תאילנד,7,268,275
2021-05-06T00:00:00.000Z,תורכיה,48,30,78
2021-05-06T00:00:00.000Z,טיוואן,3,1,4
2021-05-06T00:00:00.000Z,חוף השנהב,8,2,10
2021-05-06T00:00:00.000Z,זמביה,1,0,1
2021-05-06T00:00:00.000Z,זימבאבווה,2,0,2
2021-05-06T00:00:00.000Z,זאיר,0,1,1
2021-05-06T00:00:00.000Z,הרפ הדומיניקנית,0,1,1
2021-05-06T00:00:00.000Z,הממלכה המאוחדת,76,123,199
2021-05-06T00:00:00.000Z,הונגריה,1,0,1
2021-05-06T00:00:00.000Z,הולנד,3,1,4
2021-05-06T00:00:00.000Z,דרום אפריקה,8,7,15
2021-05-06T00:00:00.000Z,דנמרק,4,7,11
2021-05-06T00:00:00.000Z,גרמניה,112,85,197
2021-05-06T00:00:00.000Z,גווטאמלה,0,1,1
2021-05-06T00:00:00.000Z,גבון,1,0,1
2021-05-06T00:00:00.000Z,גאנה,8,1,9
2021-05-06T00:00:00.000Z,גאורגיה,240,28,268
2021-05-06T00:00:00.000Z,ברזיל,8,3,11
2021-05-06T00:00:00.000Z,בלגיה,44,44,88
2021-05-06T00:00:00.000Z,בילורוסיה,103,36,139
2021-05-06T00:00:00.000Z,בולגריה,20,4,24
2021-05-06T00:00:00.000Z,אתיופיה,40,15,55
2021-05-06T00:00:00.000Z,ארצות הברית,474,494,968
2021-05-06T00:00:00.000Z,ארמניה,0,1,1
2021-05-06T00:00:00.000Z,ארגנטינה,8,22,30
2021-05-06T00:00:00.000Z,אסטוניה,3,0,3
2021-05-06T00:00:00.000Z,אנגולה,2,1,3
2021-05-06T00:00:00.000Z,אלבניה,4,0,4
2021-05-06T00:00:00.000Z,אירלנד,2,4,6
2021-05-06T00:00:00.000Z,איי סיישל,95,5,100
2021-05-06T00:00:00.000Z,איטליה,13,8,21
2021-05-06T00:00:00.000Z,אזרביג'אן,28,0,28
2021-05-06T00:00:00.000Z,אורגוואי,1,2,3
2021-05-06T00:00:00.000Z,אוקראינה,66,59,125
2021-05-06T00:00:00.000Z,אוסטרליה,1,2,3
2021-05-06T00:00:00.000Z,אוסטריה,20,13,33
2021-05-06T00:00:00.000Z,אוזבקיסטן,7,5,12
2021-05-06T00:00:00.000Z,אוגנדה,5,1,6
2021-05-06T00:00:00.000Z,יוון,74,4,78
2021-05-07T00:00:00.000Z,תאילנד,4,5,9
2021-05-07T00:00:00.000Z,אזרביג'אן,1,0,1
2021-05-07T00:00:00.000Z,שוודיה,1,3,4
2021-05-07T00:00:00.000Z,רוסיה,169,130,299
2021-05-07T00:00:00.000Z,רומניה,1,0,1
2021-05-07T00:00:00.000Z,קפריסין,79,18,97
2021-05-07T00:00:00.000Z,קנדה,5,42,47
2021-05-07T00:00:00.000Z,קטר,0,1,1
2021-05-07T00:00:00.000Z,קזחסטאן,3,4,7
2021-05-07T00:00:00.000Z,קוריאה הדרומית,1,0,1
2021-05-07T00:00:00.000Z,קוסטה ריקה,5,1,6
2021-05-07T00:00:00.000Z,קולומביה,1,1,2
2021-05-07T00:00:00.000Z,צרפת,88,193,281
2021-05-07T00:00:00.000Z,צכיה,7,0,7
2021-05-07T00:00:00.000Z,פרו,0,1,1
2021-05-07T00:00:00.000Z,פנמה,2,4,6
2021-05-07T00:00:00.000Z,פינלנד,2,6,8
2021-05-07T00:00:00.000Z,פורטוגל,13,4,17
2021-05-07T00:00:00.000Z,פולין,44,6,50
2021-05-07T00:00:00.000Z,סרביה,2,3,5
2021-05-07T00:00:00.000Z,ספרד,19,7,26
2021-05-07T00:00:00.000Z,סלובניה,0,1,1
2021-05-07T00:00:00.000Z,סוריה,0,6,6
2021-05-07T00:00:00.000Z,נפאל,3,1,4
2021-05-07T00:00:00.000Z,ניו זילנד,2,0,2
2021-05-07T00:00:00.000Z,נורבגיה,0,2,2
2021-05-07T00:00:00.000Z,מרוקו,5,0,5
2021-05-07T00:00:00.000Z,מקסיקו,14,7,21
2021-05-07T00:00:00.000Z,מצרים,274,25,299
2021-05-07T00:00:00.000Z,מלטה,5,0,5
2021-05-07T00:00:00.000Z,מלדיבים,8,0,8
2021-05-07T00:00:00.000Z,מונטנגרו,27,2,29
2021-05-07T00:00:00.000Z,מולדובה,1,1,2
2021-05-07T00:00:00.000Z,ליטא,2,2,4
2021-05-07T00:00:00.000Z,לטביה,2,4,6
2021-05-07T00:00:00.000Z,כלל המדינות,2988,3261,6249
2021-05-07T00:00:00.000Z,יוון,86,6,92
2021-05-07T00:00:00.000Z,הרפ הדומיניקנית,1,0,1
2021-05-07T00:00:00.000Z,הממלכה המאוחדת,26,58,84
2021-05-07T00:00:00.000Z,הונגריה,56,19,75
2021-05-07T00:00:00.000Z,הולנד,33,22,55
2021-05-07T00:00:00.000Z,הודו,0,1,1
2021-05-07T00:00:00.000Z,דנמרק,1,0,1
2021-05-07T00:00:00.000Z,גרמניה,87,60,147
2021-05-07T00:00:00.000Z,גאורגיה,197,28,225
2021-05-07T00:00:00.000Z,ברזיל,1,4,5
2021-05-07T00:00:00.000Z,בלגיה,0,6,6
2021-05-07T00:00:00.000Z,בילורוסיה,4,1,5
2021-05-07T00:00:00.000Z,בחריין,0,1,1
2021-05-07T00:00:00.000Z,בולגריה,103,17,120
2021-05-07T00:00:00.000Z,ארצות הברית,784,568,1352
2021-05-07T00:00:00.000Z,ארמניה,1,0,1
2021-05-07T00:00:00.000Z,אסטוניה,1,2,3
2021-05-07T00:00:00.000Z,אנגולה,1,0,1
2021-05-07T00:00:00.000Z,אלבניה,2,1,3
2021-05-07T00:00:00.000Z,איסלנד,2,0,2
2021-05-07T00:00:00.000Z,אינדונזיה,1,0,1
2021-05-07T00:00:00.000Z,איי סיישל,1,0,1
2021-05-07T00:00:00.000Z,איטליה,38,14,52
2021-05-07T00:00:00.000Z,תורכיה,11,9,20
2021-05-07T00:00:00.000Z,אוקראינה,42,18,60
2021-05-07T00:00:00.000Z,אוסטרליה,0,2,2
2021-05-07T00:00:00.000Z,אוסטריה,44,22,66
2021-05-07T00:00:00.000Z,אוזבקיסטן,3,0,3
2021-05-07T00:00:00.000Z,איחוד האמירויות הערב,181,14,195
2021-05-07T00:00:00.000Z,שוויץ,76,39,115
2021-05-08T00:00:00.000Z,שוויץ,5,3,8
2021-05-08T00:00:00.000Z,חוף השנהב,1,0,1
2021-05-08T00:00:00.000Z,רפ מרכז אפריקנית,1,0,1
2021-05-08T00:00:00.000Z,רומניה,40,17,57
2021-05-08T00:00:00.000Z,קרואטיה,2,3,5
2021-05-08T00:00:00.000Z,קפריסין,86,9,95
2021-05-08T00:00:00.000Z,קניה,6,2,8
2021-05-08T00:00:00.000Z,קנדה,0,1,1
2021-05-08T00:00:00.000Z,קזחסטאן,1,0,1
2021-05-08T00:00:00.000Z,קוריאה הדרומית,2,4,6
2021-05-08T00:00:00.000Z,קוסטה ריקה,1,2,3
2021-05-08T00:00:00.000Z,צרפת,18,59,77
2021-05-08T00:00:00.000Z,צכיה,3,3,6
2021-05-08T00:00:00.000Z,פינלנד,3,4,7
2021-05-08T00:00:00.000Z,פיליפינים,0,6,6
2021-05-08T00:00:00.000Z,פורטוגל,11,8,19
2021-05-08T00:00:00.000Z,פולין,14,4,18
2021-05-08T00:00:00.000Z,סרביה,1,0,1
2021-05-08T00:00:00.000Z,ספרד,1,4,5
2021-05-08T00:00:00.000Z,סנגל,1,0,1
2021-05-08T00:00:00.000Z,סינגפור,1,0,1
2021-05-08T00:00:00.000Z,סין,0,5,5
2021-05-08T00:00:00.000Z,נמיביה,2,0,2
2021-05-08T00:00:00.000Z,ניו זילנד,0,1,1
2021-05-08T00:00:00.000Z,ניגריה,6,3,9
2021-05-08T00:00:00.000Z,מקסיקו,1,3,4
2021-05-08T00:00:00.000Z,מצרים,523,20,543
2021-05-08T00:00:00.000Z,מלדיבים,3,0,3
2021-05-08T00:00:00.000Z,מלאווי,1,0,1
2021-05-08T00:00:00.000Z,מוזמביק,2,0,2
2021-05-08T00:00:00.000Z,לסוטו,1,0,1
2021-05-08T00:00:00.000Z,לטביה,1,0,1
2021-05-08T00:00:00.000Z,לבנון,0,1,1
2021-05-08T00:00:00.000Z,כלל המדינות,1626,1095,2721
2021-05-08T00:00:00.000Z,ירדן,1,0,1
2021-05-08T00:00:00.000Z,יפן,0,2,2
2021-05-08T00:00:00.000Z,יוון,4,4,8
2021-05-08T00:00:00.000Z,טנזניה,0,1,1
2021-05-08T00:00:00.000Z,תאילנד,0,4,4
2021-05-08T00:00:00.000Z,זמביה,4,0,4
2021-05-08T00:00:00.000Z,זאיר,2,0,2
2021-05-08T00:00:00.000Z,הרפ הדומיניקנית,2,0,2
2021-05-08T00:00:00.000Z,הממלכה המאוחדת,15,14,29
2021-05-08T00:00:00.000Z,הונגריה,1,0,1
2021-05-08T00:00:00.000Z,האנטילים ההולנדים,1,0,1
2021-05-08T00:00:00.000Z,דרום אפריקה,6,3,9
2021-05-08T00:00:00.000Z,דנמרק,3,2,5
2021-05-08T00:00:00.000Z,גרמניה,81,104,185
2021-05-08T00:00:00.000Z,גינאה,1,0,1
2021-05-08T00:00:00.000Z,גאנה,4,0,4
2021-05-08T00:00:00.000Z,גאורגיה,2,0,2
2021-05-08T00:00:00.000Z,ברזיל,2,1,3
2021-05-08T00:00:00.000Z,בלגיה,1,7,8
2021-05-08T00:00:00.000Z,בילורוסיה,1,0,1
2021-05-08T00:00:00.000Z,אתיופיה,30,6,36
2021-05-08T00:00:00.000Z,ארצות הברית,286,457,743
2021-05-08T00:00:00.000Z,ארגנטינה,1,0,1
2021-05-08T00:00:00.000Z,אסטוניה,2,0,2
2021-05-08T00:00:00.000Z,אנגולה,1,0,1
2021-05-08T00:00:00.000Z,אירלנד,2,5,7
2021-05-08T00:00:00.000Z,איי סיישל,60,4,64
2021-05-08T00:00:00.000Z,איטליה,17,5,22
2021-05-08T00:00:00.000Z,אורגוואי,1,0,1
2021-05-08T00:00:00.000Z,אוקראינה,61,20,81
2021-05-08T00:00:00.000Z,אוסטרליה,0,1,1
2021-05-08T00:00:00.000Z,אוסטריה,20,20,40
2021-05-08T00:00:00.000Z,אוזבקיסטן,1,1,2
2021-05-08T00:00:00.000Z,אוגנדה,7,0,7
2021-05-08T00:00:00.000Z,תורכיה,10,17,27
2021-05-08T00:00:00.000Z,איחוד האמירויות הערב,152,23,175
2021-05-08T00:00:00.000Z,שוודיה,1,2,3
2021-05-09T00:00:00.000Z,כלל המדינות,4148,3709,7857
2021-05-09T00:00:00.000Z,שוויץ,22,30,52
2021-05-09T00:00:00.000Z,רומניה,49,20,69
2021-05-09T00:00:00.000Z,קרואטיה,2,0,2
2021-05-09T00:00:00.000Z,קפריסין,158,30,188
2021-05-09T00:00:00.000Z,קניה,2,0,2
2021-05-09T00:00:00.000Z,קנדה,0,18,18
2021-05-09T00:00:00.000Z,קירג'זסטאן,0,1,1
2021-05-09T00:00:00.000Z,קוריאה הדרומית,6,6,12
2021-05-09T00:00:00.000Z,קוסטה ריקה,3,0,3
2021-05-09T00:00:00.000Z,קולומביה,1,0,1
2021-05-09T00:00:00.000Z,צרפת,104,208,312
2021-05-09T00:00:00.000Z,צכיה,2,0,2
2021-05-09T00:00:00.000Z,פרו,1,0,1
2021-05-09T00:00:00.000Z,פינלנד,4,1,5
2021-05-09T00:00:00.000Z,פיליפינים,1,9,10
2021-05-09T00:00:00.000Z,פורטוגל,11,2,13
2021-05-09T00:00:00.000Z,פורטו ריקו,1,0,1
2021-05-09T00:00:00.000Z,פולין,34,9,43
2021-05-09T00:00:00.000Z,ערב הסעודית,0,2,2
2021-05-09T00:00:00.000Z,סרי לנקה (צילון),1,1,2
2021-05-09T00:00:00.000Z,סרביה,12,6,18
2021-05-09T00:00:00.000Z,ספרד,1,11,12
2021-05-09T00:00:00.000Z,סינגפור,1,0,1
2021-05-09T00:00:00.000Z,ניגריה,1,0,1
2021-05-09T00:00:00.000Z,נורבגיה,1,0,1
2021-05-09T00:00:00.000Z,מרוקו,0,2,2
2021-05-09T00:00:00.000Z,מקסיקו,12,2,14
2021-05-09T00:00:00.000Z,מצרים,706,25,731
2021-05-09T00:00:00.000Z,מלדיבים,11,2,13
2021-05-09T00:00:00.000Z,מונקו,1,0,1
2021-05-09T00:00:00.000Z,מונטנגרו,4,1,5
2021-05-09T00:00:00.000Z,מולדובה,8,2,10
2021-05-09T00:00:00.000Z,ליטא,2,0,2
2021-05-09T00:00:00.000Z,לטביה,1,0,1
2021-05-09T00:00:00.000Z,לוכסמבורג,0,1,1
2021-05-09T00:00:00.000Z,רוסיה,75,50,125
2021-05-09T00:00:00.000Z,אל סלבדור,1,0,1
2021-05-09T00:00:00.000Z,אנגולה,1,0,1
2021-05-09T00:00:00.000Z,ארצות הברית,304,325,629
2021-05-09T00:00:00.000Z,אירלנד,1,0,1
2021-05-09T00:00:00.000Z,איסלנד,6,0,6
2021-05-09T00:00:00.000Z,אינדונזיה,0,3,3
2021-05-09T00:00:00.000Z,איי סיישל,134,10,144
2021-05-09T00:00:00.000Z,איטליה,22,23,45
2021-05-09T00:00:00.000Z,אזרביג'אן,12,6,18
2021-05-09T00:00:00.000Z,אוקראינה,53,20,73
2021-05-09T00:00:00.000Z,אוסטרליה,1,4,5
2021-05-09T00:00:00.000Z,אוסטריה,14,13,27
2021-05-09T00:00:00.000Z,אוזבקיסטן,8,4,12
2021-05-09T00:00:00.000Z,אוגנדה,0,1,1
2021-05-09T00:00:00.000Z,בולגריה,120,3,123
2021-05-09T00:00:00.000Z,ירדן,66,53,119
2021-05-09T00:00:00.000Z,יפן,0,1,1
2021-05-09T00:00:00.000Z,יוון,221,19,240
2021-05-09T00:00:00.000Z,טיוואן,1,0,1
2021-05-09T00:00:00.000Z,ויטנאם,0,1,1
2021-05-09T00:00:00.000Z,הממלכה המאוחדת,58,142,200
2021-05-09T00:00:00.000Z,הולנד,49,65,114
2021-05-09T00:00:00.000Z,דרום אפריקה,10,71,81
2021-05-09T00:00:00.000Z,דנמרק,1,4,5
2021-05-09T00:00:00.000Z,גרמניה,90,144,234
2021-05-09T00:00:00.000Z,גאנה,3,1,4
2021-05-09T00:00:00.000Z,גאורגיה,383,24,407
2021-05-09T00:00:00.000Z,ברזיל,2,0,2
2021-05-09T00:00:00.000Z,בלגיה,1,5,6
2021-05-09T00:00:00.000Z,בילורוסיה,194,16,210
2021-05-09T00:00:00.000Z,איחוד האמירויות הערב,219,33,252
2021-05-09T00:00:00.000Z,תאילנד,0,2,2
2021-05-09T00:00:00.000Z,תורכיה,56,29,85
2021-05-09T00:00:00.000Z,בחריין,0,1,1
2021-05-09T00:00:00.000Z,שוודיה,4,3,7
2021-05-10T00:00:00.000Z,תוניסיה,1,0,1
2021-05-10T00:00:00.000Z,תאילנד,1,0,1
2021-05-10T00:00:00.000Z,שוויץ,41,37,78
2021-05-10T00:00:00.000Z,שוודיה,1,3,4
2021-05-10T00:00:00.000Z,רוסיה,177,239,416
2021-05-10T00:00:00.000Z,רומניה,41,27,68
2021-05-10T00:00:00.000Z,רואנדה,3,0,3
2021-05-10T00:00:00.000Z,קרואטיה,6,1,7
2021-05-10T00:00:00.000Z,קפריסין,77,6,83
2021-05-10T00:00:00.000Z,קניה,12,0,12
2021-05-10T00:00:00.000Z,קנדה,0,6,6
2021-05-10T00:00:00.000Z,קטר,1,1,2
2021-05-10T00:00:00.000Z,קוסטה ריקה,3,2,5
2021-05-10T00:00:00.000Z,אוגנדה,4,1,5
2021-05-10T00:00:00.000Z,אזרביג'אן,14,0,14
2021-05-10T00:00:00.000Z,איחוד האמירויות הערב,234,20,254
2021-05-10T00:00:00.000Z,אוסטריה,49,39,88
2021-05-10T00:00:00.000Z,אוסטרליה,1,7,8
2021-05-10T00:00:00.000Z,אוקראינה,49,25,74
2021-05-10T00:00:00.000Z,אורגוואי,1,0,1
2021-05-10T00:00:00.000Z,תורכיה,31,16,47
2021-05-10T00:00:00.000Z,קולומביה,1,6,7
2021-05-10T00:00:00.000Z,צרפת,150,262,412
2021-05-10T00:00:00.000Z,צכיה,3,6,9
2021-05-10T00:00:00.000Z,צ'ילה,0,5,5
2021-05-10T00:00:00.000Z,פרו,0,2,2
2021-05-10T00:00:00.000Z,פנמה,2,9,11
2021-05-10T00:00:00.000Z,פינלנד,0,3,3
2021-05-10T00:00:00.000Z,פיליפינים,0,10,10
2021-05-10T00:00:00.000Z,פורטוגל,14,8,22
2021-05-10T00:00:00.000Z,פולין,5,4,9
2021-05-10T00:00:00.000Z,ערב הסעודית,3,1,4
2021-05-10T00:00:00.000Z,סרביה,4,0,4
2021-05-10T00:00:00.000Z,ספרד,22,34,56
2021-05-10T00:00:00.000Z,סן מרינו,2,1,3
2021-05-10T00:00:00.000Z,סלובניה,5,0,5
2021-05-10T00:00:00.000Z,סינגפור,0,2,2
2021-05-10T00:00:00.000Z,סין,1,0,1
2021-05-10T00:00:00.000Z,ניגריה,4,2,6
2021-05-10T00:00:00.000Z,מקסיקו,8,9,17
2021-05-10T00:00:00.000Z,מקדוניה,5,0,5
2021-05-10T00:00:00.000Z,מצרים,446,15,461
2021-05-10T00:00:00.000Z,מלטה,0,1,1
2021-05-10T00:00:00.000Z,מלדיבים,23,0,23
2021-05-10T00:00:00.000Z,ליטא,3,0,3
2021-05-10T00:00:00.000Z,לטביה,0,1,1
2021-05-10T00:00:00.000Z,לוכסמבורג,1,0,1
2021-05-10T00:00:00.000Z,כלל המדינות,4239,3765,8004
2021-05-10T00:00:00.000Z,ירדן,62,30,92
2021-05-10T00:00:00.000Z,יפן,0,1,1
2021-05-10T00:00:00.000Z,יוון,255,13,268
2021-05-10T00:00:00.000Z,טנזניה,7,0,7
2021-05-10T00:00:00.000Z,טיוואן,2,2,4
2021-05-10T00:00:00.000Z,טג'יקיסטאן,2,0,2
2021-05-10T00:00:00.000Z,זמביה,4,1,5
2021-05-10T00:00:00.000Z,הממלכה המאוחדת,47,96,143
2021-05-10T00:00:00.000Z,הונדורס,1,1,2
2021-05-10T00:00:00.000Z,הונגריה,48,15,63
2021-05-10T00:00:00.000Z,הונג קונג,0,4,4
2021-05-10T00:00:00.000Z,הולנד,37,24,61
2021-05-10T00:00:00.000Z,הודו,33,31,64
2021-05-10T00:00:00.000Z,האנטילים ההולנדים,0,1,1
2021-05-10T00:00:00.000Z,דרום סודאן,1,0,1
2021-05-10T00:00:00.000Z,דרום אפריקה,8,3,11
2021-05-10T00:00:00.000Z,דנמרק,0,2,2
2021-05-10T00:00:00.000Z,גרמניה,73,93,166
2021-05-10T00:00:00.000Z,גאנה,5,4,9
2021-05-10T00:00:00.000Z,גאורגיה,214,14,228
2021-05-10T00:00:00.000Z,ברזיל,1,1,2
2021-05-10T00:00:00.000Z,בלגיה,12,13,25
2021-05-10T00:00:00.000Z,בילורוסיה,0,1,1
2021-05-10T00:00:00.000Z,בוסניה הרצגובינה,1,0,1
2021-05-10T00:00:00.000Z,בוליביה,1,0,1
2021-05-10T00:00:00.000Z,בולגריה,267,20,287
2021-05-10T00:00:00.000Z,בוטסואנה,2,0,2
2021-05-10T00:00:00.000Z,אתיופיה,32,9,41
2021-05-10T00:00:00.000Z,ארצות הברית,708,872,1580
2021-05-10T00:00:00.000Z,ארמניה,3,0,3
2021-05-10T00:00:00.000Z,ארגנטינה,4,1,5
2021-05-10T00:00:00.000Z,אקואדור,1,0,1
2021-05-10T00:00:00.000Z,אסטוניה,0,5,5
2021-05-10T00:00:00.000Z,אלבניה,1,1,2
2021-05-10T00:00:00.000Z,איי סיישל,147,6,153
2021-05-10T00:00:00.000Z,איי ווליס ופוטונה,1,0,1
2021-05-10T00:00:00.000Z,איטליה,26,18,44
2021-05-10T00:00:00.000Z,אוזבקיסטן,3,2,5
2021-05-11T00:00:00.000Z,איחוד האמירויות הערב,170,20,190
2021-05-11T00:00:00.000Z,תורכיה,22,15,37
2021-05-11T00:00:00.000Z,תאילנד,6,1,7
2021-05-11T00:00:00.000Z,שוויץ,10,4,14
2021-05-11T00:00:00.000Z,שוודיה,2,3,5
2021-05-11T00:00:00.000Z,רוסיה,29,26,55
2021-05-11T00:00:00.000Z,רומניה,25,11,36
2021-05-11T00:00:00.000Z,קרואטיה,2,0,2
2021-05-11T00:00:00.000Z,קפריסין,53,14,67
2021-05-11T00:00:00.000Z,קניה,4,1,5
2021-05-11T00:00:00.000Z,קנדה,1,4,5
2021-05-11T00:00:00.000Z,קמרון,1,1,2
2021-05-11T00:00:00.000Z,קירג'זסטאן,0,1,1
2021-05-11T00:00:00.000Z,קזחסטאן,3,0,3
2021-05-11T00:00:00.000Z,קוריאה הדרומית,0,6,6
2021-05-11T00:00:00.000Z,קוסטה ריקה,3,0,3
2021-05-11T00:00:00.000Z,צרפת,102,182,284
2021-05-11T00:00:00.000Z,פיליפינים,1,3,4
2021-05-11T00:00:00.000Z,פורטוגל,2,0,2
2021-05-11T00:00:00.000Z,פולין,1,0,1
2021-05-11T00:00:00.000Z,ערב הסעודית,0,1,1
2021-05-11T00:00:00.000Z,עירק,0,2,2
2021-05-11T00:00:00.000Z,סרביה,6,0,6
2021-05-11T00:00:00.000Z,ספרד,16,18,34
2021-05-11T00:00:00.000Z,ניגריה,2,0,2
2021-05-11T00:00:00.000Z,מקסיקו,3,0,3
2021-05-11T00:00:00.000Z,מצרים,347,27,374
2021-05-11T00:00:00.000Z,מלטה,1,0,1
2021-05-11T00:00:00.000Z,מלדיבים,10,3,13
2021-05-11T00:00:00.000Z,מולדובה,39,41,80
2021-05-11T00:00:00.000Z,ליטא,1,2,3
2021-05-11T00:00:00.000Z,ליבריה,1,0,1
2021-05-11T00:00:00.000Z,לטביה,4,2,6
2021-05-11T00:00:00.000Z,כלל המדינות,2111,2508,4619
2021-05-11T00:00:00.000Z,ירדן,59,26,85
2021-05-11T00:00:00.000Z,יפן,0,1,1
2021-05-11T00:00:00.000Z,יוון,89,65,154
2021-05-11T00:00:00.000Z,זימבאבווה,1,1,2
2021-05-11T00:00:00.000Z,זאיר,1,0,1
2021-05-11T00:00:00.000Z,הממלכה המאוחדת,27,58,85
2021-05-11T00:00:00.000Z,הונגריה,37,34,71
2021-05-11T00:00:00.000Z,הונג קונג,0,1,1
2021-05-11T00:00:00.000Z,הולנד,1,0,1
2021-05-11T00:00:00.000Z,דרום אפריקה,12,3,15
2021-05-11T00:00:00.000Z,דנמרק,2,0,2
2021-05-11T00:00:00.000Z,גרמניה,36,58,94
2021-05-11T00:00:00.000Z,גאנה,4,0,4
2021-05-11T00:00:00.000Z,גאורגיה,60,8,68
2021-05-11T00:00:00.000Z,ברזיל,7,2,9
2021-05-11T00:00:00.000Z,בלגיה,2,3,5
2021-05-11T00:00:00.000Z,בילורוסיה,71,16,87
2021-05-11T00:00:00.000Z,בחריין,0,2,2
2021-05-11T00:00:00.000Z,בוליביה,0,1,1
2021-05-11T00:00:00.000Z,בולגריה,23,1,24
2021-05-11T00:00:00.000Z,בהמס,1,0,1
2021-05-11T00:00:00.000Z,אתיופיה,24,4,28
2021-05-11T00:00:00.000Z,ארצות הברית,378,398,776
2021-05-11T00:00:00.000Z,ארגנטינה,4,9,13
2021-05-11T00:00:00.000Z,אקואדור,6,2,8
2021-05-11T00:00:00.000Z,אסטוניה,0,1,1
2021-05-11T00:00:00.000Z,אנטיגואה וברבודה,2,0,2
2021-05-11T00:00:00.000Z,אנגולה,1,0,1
2021-05-11T00:00:00.000Z,אלבניה,1,0,1
2021-05-11T00:00:00.000Z,אירלנד,2,1,3
2021-05-11T00:00:00.000Z,איי הבתולה,0,2,2
2021-05-11T00:00:00.000Z,איטליה,1,0,1
2021-05-11T00:00:00.000Z,אזרביג'אן,9,2,11
2021-05-11T00:00:00.000Z,אורגוואי,0,3,3
2021-05-11T00:00:00.000Z,אוקראינה,13,18,31
2021-05-11T00:00:00.000Z,אוסטריה,5,1,6
2021-05-11T00:00:00.000Z,אוזבקיסטן,5,26,31
2021-05-11T00:00:00.000Z,אוגנדה,7,1,8
2021-05-12T00:00:00.000Z,ירדן,5,11,16
2021-05-12T00:00:00.000Z,אוזבקיסטן,4,12,16
2021-05-12T00:00:00.000Z,תאילנד,0,5,5
2021-05-12T00:00:00.000Z,שוויץ,3,9,12
2021-05-12T00:00:00.000Z,רוסיה,3,0,3
2021-05-12T00:00:00.000Z,רומניה,64,15,79
2021-05-12T00:00:00.000Z,רואנדה,2,0,2
2021-05-12T00:00:00.000Z,קפריסין,74,10,84
2021-05-12T00:00:00.000Z,קניה,7,0,7
2021-05-12T00:00:00.000Z,קנדה,0,4,4
2021-05-12T00:00:00.000Z,קטר,1,0,1
2021-05-12T00:00:00.000Z,קוריאה הדרומית,3,2,5
2021-05-12T00:00:00.000Z,קוסובו,2,0,2
2021-05-12T00:00:00.000Z,צרפת,91,158,249
2021-05-12T00:00:00.000Z,צכיה,1,0,1
2021-05-12T00:00:00.000Z,פינלנד,0,2,2
2021-05-12T00:00:00.000Z,פיליפינים,0,4,4
2021-05-12T00:00:00.000Z,פורטוגל,1,0,1
2021-05-12T00:00:00.000Z,פולין,35,6,41
2021-05-12T00:00:00.000Z,סרי לנקה (צילון),2,1,3
2021-05-12T00:00:00.000Z,סרביה,1,1,2
2021-05-12T00:00:00.000Z,ספרד,1,1,2
2021-05-12T00:00:00.000Z,סלובניה,1,0,1
2021-05-12T00:00:00.000Z,סינגפור,0,5,5
2021-05-12T00:00:00.000Z,סין,1,30,31
2021-05-12T00:00:00.000Z,ניגריה,3,1,4
2021-05-12T00:00:00.000Z,מקסיקו,6,7,13
2021-05-12T00:00:00.000Z,מצרים,235,17,252
2021-05-12T00:00:00.000Z,מלדיבים,6,2,8
2021-05-12T00:00:00.000Z,מונטנגרו,24,1,25
2021-05-12T00:00:00.000Z,מולדובה,0,2,2
2021-05-12T00:00:00.000Z,ליבריה,0,1,1
2021-05-12T00:00:00.000Z,לבנון,0,1,1
2021-05-12T00:00:00.000Z,כלל המדינות,2023,1738,3761
2021-05-12T00:00:00.000Z,תורכיה,14,13,27
2021-05-12T00:00:00.000Z,יפן,0,1,1
2021-05-12T00:00:00.000Z,יוון,81,4,85
2021-05-12T00:00:00.000Z,טיוואן,1,3,4
2021-05-12T00:00:00.000Z,זמביה,1,0,1
2021-05-12T00:00:00.000Z,זימבאבווה,0,1,1
2021-05-12T00:00:00.000Z,זאיר,1,0,1
2021-05-12T00:00:00.000Z,ונצואלה,2,1,3
2021-05-12T00:00:00.000Z,הממלכה המאוחדת,46,130,176
2021-05-12T00:00:00.000Z,הונגריה,1,0,1
2021-05-12T00:00:00.000Z,הולנד,1,1,2
2021-05-12T00:00:00.000Z,דרום אפריקה,6,1,7
2021-05-12T00:00:00.000Z,גרמניה,45,49,94
2021-05-12T00:00:00.000Z,גאנה,1,0,1
2021-05-12T00:00:00.000Z,גאורגיה,34,1,35
2021-05-12T00:00:00.000Z,ברבדוס,1,0,1
2021-05-12T00:00:00.000Z,בלגיה,3,28,31
2021-05-12T00:00:00.000Z,בילורוסיה,3,2,5
2021-05-12T00:00:00.000Z,בולגריה,1,2,3
2021-05-12T00:00:00.000Z,בוטסואנה,3,0,3
2021-05-12T00:00:00.000Z,אתיופיה,14,7,21
2021-05-12T00:00:00.000Z,ארצות הברית,442,434,876
2021-05-12T00:00:00.000Z,ארגנטינה,1,4,5
2021-05-12T00:00:00.000Z,אנגולה,1,0,1
2021-05-12T00:00:00.000Z,אלבניה,1,0,1
2021-05-12T00:00:00.000Z,אירלנד,2,0,2
2021-05-12T00:00:00.000Z,איי סיישל,88,4,92
2021-05-12T00:00:00.000Z,איטליה,10,7,17
2021-05-12T00:00:00.000Z,אזרביג'אן,1,1,2
2021-05-12T00:00:00.000Z,אוקראינה,26,30,56
2021-05-12T00:00:00.000Z,אוסטרליה,0,7,7
2021-05-12T00:00:00.000Z,אוסטריה,1,0,1
2021-05-12T00:00:00.000Z,אוגנדה,1,0,1
2021-05-12T00:00:00.000Z,איחוד האמירויות הערב,122,27,149
2021-05-13T00:00:00.000Z,איחוד האמירויות הערב,112,17,129
2021-05-13T00:00:00.000Z,תורכיה,1,5,6
2021-05-13T00:00:00.000Z,תאילנד,5,268,273
2021-05-13T00:00:00.000Z,שוויץ,61,43,104
2021-05-13T00:00:00.000Z,שוודיה,1,0,1
2021-05-13T00:00:00.000Z,רוסיה,56,70,126
2021-05-13T00:00:00.000Z,רומניה,4,0,4
2021-05-13T00:00:00.000Z,רואנדה,5,0,5
2021-05-13T00:00:00.000Z,קרואטיה,1,1,2
2021-05-13T00:00:00.000Z,אוגנדה,2,0,2
2021-05-13T00:00:00.000Z,אוזבקיסטן,0,1,1
2021-05-13T00:00:00.000Z,אוסטריה,10,5,15
2021-05-13T00:00:00.000Z,אוסטרליה,0,2,2
2021-05-13T00:00:00.000Z,אוקראינה,1,0,1
2021-05-13T00:00:00.000Z,איטליה,13,3,16
2021-05-13T00:00:00.000Z,איי סיישל,21,1,22
2021-05-13T00:00:00.000Z,ארגנטינה,2,0,2
2021-05-13T00:00:00.000Z,ארצות הברית,333,440,773
2021-05-13T00:00:00.000Z,אתיופיה,38,6,44
2021-05-13T00:00:00.000Z,בוטסואנה,3,0,3
2021-05-13T00:00:00.000Z,בולגריה,107,4,111
2021-05-13T00:00:00.000Z,בלגיה,52,94,146
2021-05-13T00:00:00.000Z,גאורגיה,238,13,251
2021-05-13T00:00:00.000Z,גאנה,4,0,4
2021-05-13T00:00:00.000Z,גרמניה,40,9,49
2021-05-13T00:00:00.000Z,דרום אפריקה,14,4,18
2021-05-13T00:00:00.000Z,הולנד,3,0,3
2021-05-13T00:00:00.000Z,הונגריה,1,0,1
2021-05-13T00:00:00.000Z,הממלכה המאוחדת,37,43,80
2021-05-13T00:00:00.000Z,זימבאבווה,4,0,4
2021-05-13T00:00:00.000Z,זמביה,8,1,9
2021-05-13T00:00:00.000Z,טוגו,1,0,1
2021-05-13T00:00:00.000Z,טיוואן,0,1,1
2021-05-13T00:00:00.000Z,טנזניה,2,0,2
2021-05-13T00:00:00.000Z,יוון,137,13,150
2021-05-13T00:00:00.000Z,ירדן,6,11,17
2021-05-13T00:00:00.000Z,כלל המדינות,2443,1660,4103
2021-05-13T00:00:00.000Z,לטביה,1,0,1
2021-05-13T00:00:00.000Z,ליטא,2,0,2
2021-05-13T00:00:00.000Z,מדגסקר,0,2,2
2021-05-13T00:00:00.000Z,מלדיבים,8,3,11
2021-05-13T00:00:00.000Z,מצרים,210,29,239
2021-05-13T00:00:00.000Z,מקסיקו,5,1,6
2021-05-13T00:00:00.000Z,מרוקו,1,5,6
2021-05-13T00:00:00.000Z,ניגריה,5,0,5
2021-05-13T00:00:00.000Z,סוריה,0,3,3
2021-05-13T00:00:00.000Z,ספרד,4,0,4
2021-05-13T00:00:00.000Z,פולין,8,0,8
2021-05-13T00:00:00.000Z,פורטוגל,6,0,6
2021-05-13T00:00:00.000Z,פיליפינים,0,19,19
2021-05-13T00:00:00.000Z,פרו,1,0,1
2021-05-13T00:00:00.000Z,צ'ילה,0,1,1
2021-05-13T00:00:00.000Z,צרפת,107,87,194
2021-05-13T00:00:00.000Z,קונגו,1,0,1
2021-05-13T00:00:00.000Z,קוסובו,1,0,1
2021-05-13T00:00:00.000Z,קוריאה הדרומית,3,1,4
2021-05-13T00:00:00.000Z,קזחסטאן,0,1,1
2021-05-13T00:00:00.000Z,קמרון,1,0,1
2021-05-13T00:00:00.000Z,קנדה,4,13,17
2021-05-13T00:00:00.000Z,קניה,5,1,6
2021-05-13T00:00:00.000Z,קפריסין,117,10,127
2021-05-14T00:00:00.000Z,כלל המדינות,3272,1481,4753
2021-05-14T00:00:00.000Z,תורכיה,15,2,17
2021-05-14T00:00:00.000Z,שוודיה,2,0,2
2021-05-14T00:00:00.000Z,רוסיה,86,46,132
2021-05-14T00:00:00.000Z,רומניה,7,0,7
2021-05-14T00:00:00.000Z,קרואטיה,1,0,1
2021-05-14T00:00:00.000Z,קפריסין,74,5,79
2021-05-14T00:00:00.000Z,קניה,1,3,4
2021-05-14T00:00:00.000Z,קנדה,0,10,10
2021-05-14T00:00:00.000Z,קטר,1,0,1
2021-05-14T00:00:00.000Z,קזחסטאן,1,0,1
2021-05-14T00:00:00.000Z,קוריאה הדרומית,9,0,9
2021-05-14T00:00:00.000Z,קוסטה ריקה,7,4,11
2021-05-14T00:00:00.000Z,צרפת,185,187,372
2021-05-14T00:00:00.000Z,צכיה,8,0,8
2021-05-14T00:00:00.000Z,צ'ילה,0,1,1
2021-05-14T00:00:00.000Z,פרו,1,0,1
2021-05-14T00:00:00.000Z,פנמה,3,1,4
2021-05-14T00:00:00.000Z,פיליפינים,0,6,6
2021-05-14T00:00:00.000Z,פורטוגל,2,2,4
2021-05-14T00:00:00.000Z,פולין,11,3,14
2021-05-14T00:00:00.000Z,ערב הסעודית,2,0,2
2021-05-14T00:00:00.000Z,סרביה,48,5,53
2021-05-14T00:00:00.000Z,ספרד,10,1,11
2021-05-14T00:00:00.000Z,סינגפור,1,0,1
2021-05-14T00:00:00.000Z,סין,1,97,98
2021-05-14T00:00:00.000Z,סוריה,0,2,2
2021-05-14T00:00:00.000Z,ניגריה,3,0,3
2021-05-14T00:00:00.000Z,מרוקו,0,1,1
2021-05-14T00:00:00.000Z,מקסיקו,8,1,9
2021-05-14T00:00:00.000Z,מצרים,137,39,176
2021-05-14T00:00:00.000Z,מלטה,1,0,1
2021-05-14T00:00:00.000Z,מונקו,2,0,2
2021-05-14T00:00:00.000Z,מונטנגרו,24,4,28
2021-05-14T00:00:00.000Z,מולדובה,1,0,1
2021-05-14T00:00:00.000Z,לטביה,1,0,1
2021-05-14T00:00:00.000Z,לבנון,0,9,9
2021-05-14T00:00:00.000Z,שוויץ,2,0,2
2021-05-14T00:00:00.000Z,יוון,185,7,192
2021-05-14T00:00:00.000Z,טוגו,7,0,7
2021-05-14T00:00:00.000Z,חוף השנהב,3,0,3
2021-05-14T00:00:00.000Z,הרפ הדומיניקנית,0,1,1
2021-05-14T00:00:00.000Z,הממלכה המאוחדת,51,179,230
2021-05-14T00:00:00.000Z,הונגריה,19,5,24
2021-05-14T00:00:00.000Z,הונג קונג,0,1,1
2021-05-14T00:00:00.000Z,הולנד,15,0,15
2021-05-14T00:00:00.000Z,הודו,3,1,4
2021-05-14T00:00:00.000Z,דנמרק,3,0,3
2021-05-14T00:00:00.000Z,גרמניה,53,16,69
2021-05-14T00:00:00.000Z,גאנה,1,0,1
2021-05-14T00:00:00.000Z,גאורגיה,269,34,303
2021-05-14T00:00:00.000Z,ברזיל,0,4,4
2021-05-14T00:00:00.000Z,בלגיה,0,2,2
2021-05-14T00:00:00.000Z,בילורוסיה,65,15,80
2021-05-14T00:00:00.000Z,בוסניה הרצגובינה,1,0,1
2021-05-14T00:00:00.000Z,בולגריה,108,12,120
2021-05-14T00:00:00.000Z,אתיופיה,1,0,1
2021-05-14T00:00:00.000Z,ארצות הברית,709,401,1110
2021-05-14T00:00:00.000Z,ארמניה,1,0,1
2021-05-14T00:00:00.000Z,ארגנטינה,1,0,1
2021-05-14T00:00:00.000Z,אנגולה,0,1,1
2021-05-14T00:00:00.000Z,אלבניה,3,0,3
2021-05-14T00:00:00.000Z,אירלנד,2,0,2
2021-05-14T00:00:00.000Z,איי סיישל,141,6,147
2021-05-14T00:00:00.000Z,איטליה,16,2,18
2021-05-14T00:00:00.000Z,אזרביג'אן,0,1,1
2021-05-14T00:00:00.000Z,אורגוואי,1,0,1
2021-05-14T00:00:00.000Z,אוקראינה,2,2,4
2021-05-14T00:00:00.000Z,אוסטרליה,0,1,1
2021-05-14T00:00:00.000Z,אוסטריה,7,3,10
2021-05-14T00:00:00.000Z,אוזבקיסטן,1,0,1
2021-05-14T00:00:00.000Z,אוגנדה,1,0,1
2021-05-14T00:00:00.000Z,תאילנד,0,6,6
2021-05-14T00:00:00.000Z,איחוד האמירויות הערב,213,32,245
2021-05-15T00:00:00.000Z,קפריסין,6,1,7
2021-05-15T00:00:00.000Z,קונגו,1,0,1
2021-05-15T00:00:00.000Z,פיליפינים,0,2,2
2021-05-15T00:00:00.000Z,עירק,1,0,1
2021-05-15T00:00:00.000Z,ספרד,0,1,1
2021-05-15T00:00:00.000Z,סינגפור,1,0,1
2021-05-15T00:00:00.000Z,נמיביה,0,1,1
2021-05-15T00:00:00.000Z,מצרים,261,112,373
2021-05-15T00:00:00.000Z,מלדיבים,0,1,1
2021-05-15T00:00:00.000Z,כלל המדינות,699,214,913
2021-05-15T00:00:00.000Z,יוון,57,7,64
2021-05-15T00:00:00.000Z,טנזניה,0,2,2
2021-05-15T00:00:00.000Z,זמביה,1,2,3
2021-05-15T00:00:00.000Z,דרום אפריקה,7,0,7
2021-05-15T00:00:00.000Z,גאנה,0,1,1
2021-05-15T00:00:00.000Z,אתיופיה,15,4,19
2021-05-15T00:00:00.000Z,ארצות הברית,0,1,1
2021-05-15T00:00:00.000Z,איטליה,4,0,4
2021-05-15T00:00:00.000Z,אוקראינה,0,2,2
2021-05-15T00:00:00.000Z,תאילנד,0,4,4
2021-05-15T00:00:00.000Z,שוודיה,0,1,1
2021-05-15T00:00:00.000Z,איחוד האמירויות הערב,39,31,70
2021-05-15T00:00:00.000Z,תורכיה,16,6,22
2021-05-16T00:00:00.000Z,רוסיה,87,45,132
2021-05-16T00:00:00.000Z,קפריסין,406,31,437
2021-05-16T00:00:00.000Z,קניה,1,0,1
2021-05-16T00:00:00.000Z,קיריבטי,2,0,2
2021-05-16T00:00:00.000Z,קוריאה הדרומית,2,1,3
2021-05-16T00:00:00.000Z,צרפת,204,125,329
2021-05-16T00:00:00.000Z,פיליפינים,0,5,5
2021-05-16T00:00:00.000Z,פורטוגל,1,0,1
2021-05-16T00:00:00.000Z,פולין,7,0,7
2021-05-16T00:00:00.000Z,סרביה,2,0,2
2021-05-16T00:00:00.000Z,ספרד,0,2,2
2021-05-16T00:00:00.000Z,סינגפור,0,1,1
2021-05-16T00:00:00.000Z,סט וינסנט,1,0,1
2021-05-16T00:00:00.000Z,ניגריה,1,0,1
2021-05-16T00:00:00.000Z,מקסיקו,2,0,2
2021-05-16T00:00:00.000Z,מצרים,461,223,684
2021-05-16T00:00:00.000Z,מלדיבים,11,0,11
2021-05-16T00:00:00.000Z,ליטא,3,0,3
2021-05-16T00:00:00.000Z,לטביה,1,0,1
2021-05-16T00:00:00.000Z,לוכסמבורג,0,1,1
2021-05-16T00:00:00.000Z,לבנון,0,1,1
2021-05-16T00:00:00.000Z,לאוס,0,1,1
2021-05-16T00:00:00.000Z,כלל המדינות,4273,2217,6490
2021-05-16T00:00:00.000Z,ירדן,85,55,140
2021-05-16T00:00:00.000Z,יוון,553,51,604
2021-05-16T00:00:00.000Z,רומניה,3,0,3
2021-05-16T00:00:00.000Z,ויטנאם,0,2,2
2021-05-16T00:00:00.000Z,הממלכה המאוחדת,2,11,13
2021-05-16T00:00:00.000Z,הונגריה,4,1,5
2021-05-16T00:00:00.000Z,הולנד,154,42,196
2021-05-16T00:00:00.000Z,הודו,6,4,10
2021-05-16T00:00:00.000Z,דנמרק,1,0,1
2021-05-16T00:00:00.000Z,גרמניה,4,0,4
2021-05-16T00:00:00.000Z,גינאה,1,0,1
2021-05-16T00:00:00.000Z,גאורגיה,462,66,528
2021-05-16T00:00:00.000Z,בלגיה,0,45,45
2021-05-16T00:00:00.000Z,בוליביה,2,0,2
2021-05-16T00:00:00.000Z,בולגריה,108,6,114
2021-05-16T00:00:00.000Z,ארצות הברית,372,105,477
2021-05-16T00:00:00.000Z,ארגנטינה,2,0,2
2021-05-16T00:00:00.000Z,אקואדור,0,1,1
2021-05-16T00:00:00.000Z,איי סיישל,52,2,54
2021-05-16T00:00:00.000Z,איטליה,3,0,3
2021-05-16T00:00:00.000Z,אוקראינה,3,0,3
2021-05-16T00:00:00.000Z,אוסטרליה,0,3,3
2021-05-16T00:00:00.000Z,אוזבקיסטן,2,0,2
2021-05-16T00:00:00.000Z,שוויץ,3,0,3
2021-05-16T00:00:00.000Z,תאילנד,2,1,3
2021-05-16T00:00:00.000Z,תורכיה,3,6,9
2021-05-16T00:00:00.000Z,איחוד האמירויות הערב,371,83,454
2021-05-16T00:00:00.000Z,טיוואן,1,0,1
2021-05-17T00:00:00.000Z,קניה,3,0,3
2021-05-17T00:00:00.000Z,קפריסין,279,21,300
2021-05-17T00:00:00.000Z,ראוניון,1,0,1
2021-05-17T00:00:00.000Z,רואנדה,1,0,1
2021-05-17T00:00:00.000Z,רוסיה,2,1,3
2021-05-17T00:00:00.000Z,תאילנד,1,0,1
2021-05-17T00:00:00.000Z,תורכיה,6,3,9
2021-05-17T00:00:00.000Z,מוזמביק,3,0,3
2021-05-17T00:00:00.000Z,אוגנדה,0,1,1
2021-05-17T00:00:00.000Z,אוזבקיסטן,1,0,1
2021-05-17T00:00:00.000Z,אוקראינה,0,1,1
2021-05-17T00:00:00.000Z,אנגולה,1,0,1
2021-05-17T00:00:00.000Z,ארצות הברית,2,0,2
2021-05-17T00:00:00.000Z,אתיופיה,26,8,34
2021-05-17T00:00:00.000Z,גאורגיה,318,15,333
2021-05-17T00:00:00.000Z,גאנה,4,2,6
2021-05-17T00:00:00.000Z,גרמניה,1,1,2
2021-05-17T00:00:00.000Z,דרום אפריקה,4,2,6
2021-05-17T00:00:00.000Z,הונגריה,1,0,1
2021-05-17T00:00:00.000Z,זמביה,1,0,1
2021-05-17T00:00:00.000Z,יוון,355,30,385
2021-05-17T00:00:00.000Z,ירדן,103,45,148
2021-05-17T00:00:00.000Z,כלל המדינות,2736,1288,4024
2021-05-17T00:00:00.000Z,לבנון,0,8,8
2021-05-17T00:00:00.000Z,איחוד האמירויות הערב,719,195,914
2021-05-17T00:00:00.000Z,מלדיבים,16,0,16
2021-05-17T00:00:00.000Z,מצרים,439,132,571
2021-05-17T00:00:00.000Z,מרוקו,1,0,1
2021-05-17T00:00:00.000Z,ניגריה,0,1,1
2021-05-17T00:00:00.000Z,ערב הסעודית,4,0,4
2021-05-17T00:00:00.000Z,פיליפינים,1,12,13
2021-05-17T00:00:00.000Z,קנדה,0,2,2
2021-05-18T00:00:00.000Z,דנמרק,1,0,1
2021-05-18T00:00:00.000Z,תורכיה,23,18,41
2021-05-18T00:00:00.000Z,שוויץ,5,0,5
2021-05-18T00:00:00.000Z,שוודיה,4,0,4
2021-05-18T00:00:00.000Z,רוסיה,170,90,260
2021-05-18T00:00:00.000Z,רומניה,19,5,24
2021-05-18T00:00:00.000Z,קפריסין,559,73,632
2021-05-18T00:00:00.000Z,קניה,1,0,1
2021-05-18T00:00:00.000Z,קוסטה ריקה,1,0,1
2021-05-18T00:00:00.000Z,קולומביה,1,0,1
2021-05-18T00:00:00.000Z,צרפת,110,50,160
2021-05-18T00:00:00.000Z,פינלנד,1,0,1
2021-05-18T00:00:00.000Z,סרביה,3,0,3
2021-05-18T00:00:00.000Z,ספרד,5,0,5
2021-05-18T00:00:00.000Z,מצרים,413,112,525
2021-05-18T00:00:00.000Z,מלדיבים,2,0,2
2021-05-18T00:00:00.000Z,מונטנגרו,17,1,18
2021-05-18T00:00:00.000Z,מולדובה,69,32,101
2021-05-18T00:00:00.000Z,כלל המדינות,6560,1816,8376
2021-05-18T00:00:00.000Z,ירדן,29,28,57
2021-05-18T00:00:00.000Z,יוון,1443,176,1619
2021-05-18T00:00:00.000Z,טנזניה,2,0,2
2021-05-18T00:00:00.000Z,הממלכה המאוחדת,59,59,118
2021-05-18T00:00:00.000Z,הולנד,2,0,2
2021-05-18T00:00:00.000Z,דרום אפריקה,1,1,2
2021-05-18T00:00:00.000Z,תאילנד,0,1,1
2021-05-18T00:00:00.000Z,גרנדה,1,0,1
2021-05-18T00:00:00.000Z,גרמניה,6,0,6
2021-05-18T00:00:00.000Z,גינאה,1,0,1
2021-05-18T00:00:00.000Z,גווטאמלה,1,0,1
2021-05-18T00:00:00.000Z,גאנה,3,1,4
2021-05-18T00:00:00.000Z,גאורגיה,894,56,950
2021-05-18T00:00:00.000Z,בלגיה,0,1,1
2021-05-18T00:00:00.000Z,בילורוסיה,123,15,138
2021-05-18T00:00:00.000Z,בוליביה,1,0,1
2021-05-18T00:00:00.000Z,בולגריה,363,21,384
2021-05-18T00:00:00.000Z,בהמס,1,0,1
2021-05-18T00:00:00.000Z,אתיופיה,13,0,13
2021-05-18T00:00:00.000Z,ארצות הברית,374,119,493
2021-05-18T00:00:00.000Z,ארמניה,2,1,3
2021-05-18T00:00:00.000Z,ארגנטינה,2,3,5
2021-05-18T00:00:00.000Z,אנגולה,0,1,1
2021-05-18T00:00:00.000Z,אלבניה,78,3,81
2021-05-18T00:00:00.000Z,איי סיישל,131,5,136
2021-05-18T00:00:00.000Z,איטליה,4,0,4
2021-05-18T00:00:00.000Z,אוסטרליה,1,0,1
2021-05-18T00:00:00.000Z,אוסטריה,1,0,1
2021-05-18T00:00:00.000Z,אוזבקיסטן,4,1,5
2021-05-18T00:00:00.000Z,איחוד האמירויות הערב,571,114,685
2021-05-19T00:00:00.000Z,יפן,1,0,1
2021-05-19T00:00:00.000Z,תאילנד,2,0,2
2021-05-19T00:00:00.000Z,שוויץ,5,1,6
2021-05-19T00:00:00.000Z,שוודיה,4,0,4
2021-05-19T00:00:00.000Z,רוסיה,4,1,5
2021-05-19T00:00:00.000Z,רומניה,7,2,9
2021-05-19T00:00:00.000Z,רואנדה,2,0,2
2021-05-19T00:00:00.000Z,קרואטיה,2,0,2
2021-05-19T00:00:00.000Z,קפריסין,263,73,336
2021-05-19T00:00:00.000Z,קניה,0,1,1
2021-05-19T00:00:00.000Z,קנדה,0,1,1
2021-05-19T00:00:00.000Z,קיריבטי,2,0,2
2021-05-19T00:00:00.000Z,קזחסטאן,1,0,1
2021-05-19T00:00:00.000Z,קוריאה הדרומית,1,0,1
2021-05-19T00:00:00.000Z,צרפת,219,212,431
2021-05-19T00:00:00.000Z,פרו,1,1,2
2021-05-19T00:00:00.000Z,פינלנד,0,1,1
2021-05-19T00:00:00.000Z,פורטוגל,7,0,7
2021-05-19T00:00:00.000Z,פולינזיה הצרפתית,1,0,1
2021-05-19T00:00:00.000Z,פולין,45,4,49
2021-05-19T00:00:00.000Z,ירדן,16,26,42
2021-05-19T00:00:00.000Z,איחוד האמירויות הערב,797,243,1040
2021-05-19T00:00:00.000Z,אוגנדה,1,1,2
2021-05-19T00:00:00.000Z,אוסטריה,33,19,52
2021-05-19T00:00:00.000Z,אוסטרליה,0,1,1
2021-05-19T00:00:00.000Z,אוקראינה,70,47,117
2021-05-19T00:00:00.000Z,איטליה,8,3,11
2021-05-19T00:00:00.000Z,איסלנד,2,0,2
2021-05-19T00:00:00.000Z,ערב הסעודית,3,2,5
2021-05-19T00:00:00.000Z,סרביה,72,18,90
2021-05-19T00:00:00.000Z,ספרד,3,5,8
2021-05-19T00:00:00.000Z,ניגריה,0,1,1
2021-05-19T00:00:00.000Z,מקסיקו,1,1,2
2021-05-19T00:00:00.000Z,מצרים,252,91,343
2021-05-19T00:00:00.000Z,אירלנד,0,1,1
2021-05-19T00:00:00.000Z,ארצות הברית,364,189,553
2021-05-19T00:00:00.000Z,אתיופיה,17,6,23
2021-05-19T00:00:00.000Z,בולגריה,2,0,2
2021-05-19T00:00:00.000Z,בילורוסיה,3,3,6
2021-05-19T00:00:00.000Z,מלדיבים,22,3,25
2021-05-19T00:00:00.000Z,מונטנגרו,126,4,130
2021-05-19T00:00:00.000Z,מולדובה,16,3,19
2021-05-19T00:00:00.000Z,מוזמביק,2,0,2
2021-05-19T00:00:00.000Z,ליטא,1,0,1
2021-05-19T00:00:00.000Z,כלל המדינות,4240,2202,6442
2021-05-19T00:00:00.000Z,הונגריה,3,1,4
2021-05-19T00:00:00.000Z,הממלכה המאוחדת,31,123,154
2021-05-19T00:00:00.000Z,זימבאבווה,1,0,1
2021-05-19T00:00:00.000Z,טיוואן,1,0,1
2021-05-19T00:00:00.000Z,טנזניה,9,0,9
2021-05-19T00:00:00.000Z,הולנד,41,26,67
2021-05-19T00:00:00.000Z,דרום סודאן,1,0,1
2021-05-19T00:00:00.000Z,דרום אפריקה,3,0,3
2021-05-19T00:00:00.000Z,דנמרק,5,0,5
2021-05-19T00:00:00.000Z,יוון,450,60,510
2021-05-19T00:00:00.000Z,בלגיה,1,0,1
2021-05-19T00:00:00.000Z,גאורגיה,275,27,302
2021-05-19T00:00:00.000Z,גאנה,1,1,2
2021-05-19T00:00:00.000Z,גינאה החדשה,0,1,1
2021-05-19T00:00:00.000Z,גרמניה,206,71,277
2021-05-19T00:00:00.000Z,תורכיה,6,5,11
2021-05-20T00:00:00.000Z,לבנון,0,4,4
2021-05-20T00:00:00.000Z,אורגוואי,0,1,1
2021-05-20T00:00:00.000Z,תאילנד,11,246,257
2021-05-20T00:00:00.000Z,שוויץ,84,46,130
2021-05-20T00:00:00.000Z,שוודיה,0,2,2
2021-05-20T00:00:00.000Z,רפ מרכז אפריקנית,0,1,1
2021-05-20T00:00:00.000Z,רוסיה,137,114,251
2021-05-20T00:00:00.000Z,רומניה,5,0,5
2021-05-20T00:00:00.000Z,קפריסין,289,76,365
2021-05-20T00:00:00.000Z,קניה,7,1,8
2021-05-20T00:00:00.000Z,קנדה,1,2,3
2021-05-20T00:00:00.000Z,קמרון,0,1,1
2021-05-20T00:00:00.000Z,קוריאה הדרומית,3,0,3
2021-05-20T00:00:00.000Z,קוסטה ריקה,1,0,1
2021-05-20T00:00:00.000Z,צרפת,88,82,170
2021-05-20T00:00:00.000Z,צכיה,2,0,2
2021-05-20T00:00:00.000Z,פיליפינים,0,2,2
2021-05-20T00:00:00.000Z,פורטוגל,1,0,1
2021-05-20T00:00:00.000Z,פולין,0,3,3
2021-05-20T00:00:00.000Z,סרביה,3,0,3
2021-05-20T00:00:00.000Z,ספרד,1,7,8
2021-05-20T00:00:00.000Z,סוריה,1,6,7
2021-05-20T00:00:00.000Z,ניו זילנד,3,0,3
2021-05-20T00:00:00.000Z,ניגריה,4,2,6
2021-05-20T00:00:00.000Z,נורבגיה,0,1,1
2021-05-20T00:00:00.000Z,מרוקו,0,1,1
2021-05-20T00:00:00.000Z,מקדוניה,2,0,2
2021-05-20T00:00:00.000Z,מצרים,296,100,396
2021-05-20T00:00:00.000Z,מלטה,1,0,1
2021-05-20T00:00:00.000Z,מלדיבים,11,1,12
2021-05-20T00:00:00.000Z,מלאווי,0,1,1
2021-05-20T00:00:00.000Z,מולדובה,44,32,76
2021-05-20T00:00:00.000Z,ליטא,3,0,3
2021-05-20T00:00:00.000Z,איחוד האמירויות הערב,392,124,516
2021-05-20T00:00:00.000Z,כלל המדינות,4709,3335,8044
2021-05-20T00:00:00.000Z,ירדן,48,27,75
2021-05-20T00:00:00.000Z,יוון,713,91,804
2021-05-20T00:00:00.000Z,טנזניה,3,1,4
2021-05-20T00:00:00.000Z,טיוואן,0,1,1
2021-05-20T00:00:00.000Z,טוגו,2,0,2
2021-05-20T00:00:00.000Z,זאיר,3,0,3
2021-05-20T00:00:00.000Z,הרפ הדומיניקנית,1,0,1
2021-05-20T00:00:00.000Z,הממלכה המאוחדת,94,167,261
2021-05-20T00:00:00.000Z,הולנד,1,1,2
2021-05-20T00:00:00.000Z,הודו,1,0,1
2021-05-20T00:00:00.000Z,דרום אפריקה,4,1,5
2021-05-20T00:00:00.000Z,דנמרק,1,0,1
2021-05-20T00:00:00.000Z,גרמניה,11,2,13
2021-05-20T00:00:00.000Z,גאורגיה,345,61,406
2021-05-20T00:00:00.000Z,ברמודה,1,0,1
2021-05-20T00:00:00.000Z,ברזיל,2,0,2
2021-05-20T00:00:00.000Z,בלגיה,49,66,115
2021-05-20T00:00:00.000Z,בילורוסיה,87,50,137
2021-05-20T00:00:00.000Z,בוסניה הרצגובינה,1,0,1
2021-05-20T00:00:00.000Z,בולגריה,281,42,323
2021-05-20T00:00:00.000Z,בהמס,2,0,2
2021-05-20T00:00:00.000Z,אתיופיה,14,3,17
2021-05-20T00:00:00.000Z,ארצות הברית,436,472,908
2021-05-20T00:00:00.000Z,אנגולה,0,2,2
2021-05-20T00:00:00.000Z,איי סיישל,262,18,280
2021-05-20T00:00:00.000Z,איטליה,5,0,5
2021-05-20T00:00:00.000Z,תורכיה,16,9,25
2021-05-20T00:00:00.000Z,אוקראינה,4,6,10
2021-05-20T00:00:00.000Z,אוסטרליה,1,0,1
2021-05-20T00:00:00.000Z,אוזבקיסטן,2,0,2
2021-05-20T00:00:00.000Z,אוגנדה,4,0,4
2021-05-20T00:00:00.000Z,תוניסיה,0,1,1
2021-05-21T00:00:00.000Z,איחוד האמירויות הערב,578,136,714
2021-05-21T00:00:00.000Z,תורכמניסטאן,0,1,1
2021-05-21T00:00:00.000Z,תורכיה,35,24,59
2021-05-21T00:00:00.000Z,תוניסיה,0,4,4
2021-05-21T00:00:00.000Z,תאילנד,1,2,3
2021-05-21T00:00:00.000Z,רוסיה,163,83,246
2021-05-21T00:00:00.000Z,רומניה,7,5,12
2021-05-21T00:00:00.000Z,קרואטיה,3,0,3
2021-05-21T00:00:00.000Z,קפריסין,66,16,82
2021-05-21T00:00:00.000Z,קניה,0,1,1
2021-05-21T00:00:00.000Z,קירג'זסטאן,1,0,1
2021-05-21T00:00:00.000Z,קזחסטאן,1,0,1
2021-05-21T00:00:00.000Z,קוריאה הדרומית,1,1,2
2021-05-21T00:00:00.000Z,קוסטה ריקה,1,2,3
2021-05-21T00:00:00.000Z,קולומביה,2,0,2
2021-05-21T00:00:00.000Z,צרפת,126,146,272
2021-05-21T00:00:00.000Z,פרו,1,0,1
2021-05-21T00:00:00.000Z,פנמה,1,0,1
2021-05-21T00:00:00.000Z,פיליפינים,3,5,8
2021-05-21T00:00:00.000Z,פורטוגל,1,0,1
2021-05-21T00:00:00.000Z,פולין,33,33,66
2021-05-21T00:00:00.000Z,ערב הסעודית,0,1,1
2021-05-21T00:00:00.000Z,סרי לנקה (צילון),2,2,4
2021-05-21T00:00:00.000Z,סרביה,6,3,9
2021-05-21T00:00:00.000Z,ספרד,7,3,10
2021-05-21T00:00:00.000Z,סין,6,106,112
2021-05-21T00:00:00.000Z,ניו זילנד,1,1,2
2021-05-21T00:00:00.000Z,נורבגיה,0,1,1
2021-05-21T00:00:00.000Z,מרוקו,0,2,2
2021-05-21T00:00:00.000Z,מקסיקו,1,1,2
2021-05-21T00:00:00.000Z,מקדוניה,0,1,1
2021-05-21T00:00:00.000Z,מצרים,211,101,312
2021-05-21T00:00:00.000Z,מלדיבים,10,0,10
2021-05-21T00:00:00.000Z,מונטנגרו,76,6,82
2021-05-21T00:00:00.000Z,מולדובה,3,0,3
2021-05-21T00:00:00.000Z,כלל המדינות,3686,1662,5348
2021-05-21T00:00:00.000Z,ירדן,2,0,2
2021-05-21T00:00:00.000Z,יוון,356,42,398
2021-05-21T00:00:00.000Z,טנזניה,2,0,2
2021-05-21T00:00:00.000Z,חוף השנהב,1,0,1
2021-05-21T00:00:00.000Z,הרפ הדומיניקנית,0,2,2
2021-05-21T00:00:00.000Z,הממלכה המאוחדת,21,56,77
2021-05-21T00:00:00.000Z,הונגריה,4,1,5
2021-05-21T00:00:00.000Z,הולנד,0,2,2
2021-05-21T00:00:00.000Z,דנמרק,1,1,2
2021-05-21T00:00:00.000Z,גרמניה,6,4,10
2021-05-21T00:00:00.000Z,גווטאמלה,1,0,1
2021-05-21T00:00:00.000Z,גאורגיה,402,47,449
2021-05-21T00:00:00.000Z,בילורוסיה,15,9,24
2021-05-21T00:00:00.000Z,בוסניה הרצגובינה,1,0,1
2021-05-21T00:00:00.000Z,בולגריה,4,11,15
2021-05-21T00:00:00.000Z,אתיופיה,1,0,1
2021-05-21T00:00:00.000Z,ארצות הברית,650,474,1124
2021-05-21T00:00:00.000Z,ארמניה,94,3,97
2021-05-21T00:00:00.000Z,איי סיישל,1,0,1
2021-05-21T00:00:00.000Z,איטליה,10,2,12
2021-05-21T00:00:00.000Z,אורגוואי,0,1,1
2021-05-21T00:00:00.000Z,אוקראינה,33,34,67
2021-05-21T00:00:00.000Z,אוסטריה,0,3,3
2021-05-21T00:00:00.000Z,אוזבקיסטן,5,6,11
2021-05-22T00:00:00.000Z,איחוד האמירויות הערב,171,54,225
2021-05-22T00:00:00.000Z,סרי לנקה (צילון),2,0,2
2021-05-22T00:00:00.000Z,תורכיה,60,20,80
2021-05-22T00:00:00.000Z,שוויץ,1,0,1
2021-05-22T00:00:00.000Z,שוודיה,1,0,1
2021-05-22T00:00:00.000Z,רוסיה,3,1,4
2021-05-22T00:00:00.000Z,רומניה,1,0,1
2021-05-22T00:00:00.000Z,רואנדה,6,2,8
2021-05-22T00:00:00.000Z,קפריסין,307,29,336
2021-05-22T00:00:00.000Z,קניה,3,2,5
2021-05-22T00:00:00.000Z,קזחסטאן,0,2,2
2021-05-22T00:00:00.000Z,קוריאה הדרומית,1,0,1
2021-05-22T00:00:00.000Z,קוסטה ריקה,1,0,1
2021-05-22T00:00:00.000Z,קונגו,0,3,3
2021-05-22T00:00:00.000Z,קולומביה,1,0,1
2021-05-22T00:00:00.000Z,צרפת,1,2,3
2021-05-22T00:00:00.000Z,צכיה,2,3,5
2021-05-22T00:00:00.000Z,פיליפינים,2,7,9
2021-05-22T00:00:00.000Z,פורטוגל,2,0,2
2021-05-22T00:00:00.000Z,עירק,1,0,1
2021-05-22T00:00:00.000Z,אוגנדה,1,0,1
2021-05-22T00:00:00.000Z,אוזבקיסטן,4,1,5
2021-05-22T00:00:00.000Z,אוסטריה,6,0,6
2021-05-22T00:00:00.000Z,אוקראינה,4,1,5
2021-05-22T00:00:00.000Z,איטליה,8,3,11
2021-05-22T00:00:00.000Z,איי סיישל,50,2,52
2021-05-22T00:00:00.000Z,ארמניה,1,0,1
2021-05-22T00:00:00.000Z,ארצות הברית,166,109,275
2021-05-22T00:00:00.000Z,אתיופיה,35,12,47
2021-05-22T00:00:00.000Z,בולגריה,5,0,5
2021-05-22T00:00:00.000Z,בחריין,0,1,1
2021-05-22T00:00:00.000Z,ברזיל,0,2,2
2021-05-22T00:00:00.000Z,גאורגיה,94,20,114
2021-05-22T00:00:00.000Z,גאנה,5,0,5
2021-05-22T00:00:00.000Z,גרמניה,6,3,9
2021-05-22T00:00:00.000Z,דנמרק,4,1,5
2021-05-22T00:00:00.000Z,דרום אפריקה,8,3,11
2021-05-22T00:00:00.000Z,הונגריה,1,0,1
2021-05-22T00:00:00.000Z,הממלכה המאוחדת,0,1,1
2021-05-22T00:00:00.000Z,הרפ הדומיניקנית,1,0,1
2021-05-22T00:00:00.000Z,זימבאבווה,1,0,1
2021-05-22T00:00:00.000Z,זמביה,0,3,3
2021-05-22T00:00:00.000Z,טיוואן,0,2,2
2021-05-22T00:00:00.000Z,טנזניה,1,1,2
2021-05-22T00:00:00.000Z,יוון,260,25,285
2021-05-22T00:00:00.000Z,יפן,1,0,1
2021-05-22T00:00:00.000Z,ירדן,0,1,1
2021-05-22T00:00:00.000Z,כלל המדינות,1726,572,2298
2021-05-22T00:00:00.000Z,ליבריה,1,0,1
2021-05-22T00:00:00.000Z,מאלי,2,0,2
2021-05-22T00:00:00.000Z,מולדובה,0,2,2
2021-05-22T00:00:00.000Z,מלאווי,2,0,2
2021-05-22T00:00:00.000Z,מלדיבים,32,4,36
2021-05-22T00:00:00.000Z,מצרים,269,115,384
2021-05-22T00:00:00.000Z,מקסיקו,0,1,1
2021-05-22T00:00:00.000Z,ניגריה,6,0,6
2021-05-22T00:00:00.000Z,סיירה ליאונה,1,0,1
2021-05-22T00:00:00.000Z,ספרד,0,1,1
2021-05-23T00:00:00.000Z,קנדה,17,77,94
2021-05-23T00:00:00.000Z,מצרים,319,122,441
2021-05-23T00:00:00.000Z,מקדוניה,1,0,1
2021-05-23T00:00:00.000Z,מקסיקו,5,3,8
2021-05-23T00:00:00.000Z,מרוקו,2,0,2
2021-05-23T00:00:00.000Z,ניגריה,6,1,7
2021-05-23T00:00:00.000Z,סט וינסנט,2,1,3
2021-05-23T00:00:00.000Z,סין,0,1,1
2021-05-23T00:00:00.000Z,סינגפור,2,0,2
2021-05-23T00:00:00.000Z,ספרד,4,5,9
2021-05-23T00:00:00.000Z,סרביה,6,0,6
2021-05-23T00:00:00.000Z,סרי לנקה (צילון),0,1,1
2021-05-23T00:00:00.000Z,עירק,0,7,7
2021-05-23T00:00:00.000Z,ערב הסעודית,0,1,1
2021-05-23T00:00:00.000Z,פולין,38,8,46
2021-05-23T00:00:00.000Z,פורטו ריקו,2,1,3
2021-05-23T00:00:00.000Z,פורטוגל,9,5,14
2021-05-23T00:00:00.000Z,פיליפינים,1,2,3
2021-05-23T00:00:00.000Z,פינלנד,1,0,1
2021-05-23T00:00:00.000Z,צרפת,86,106,192
2021-05-23T00:00:00.000Z,קולומביה,1,0,1
2021-05-23T00:00:00.000Z,קוסטה ריקה,4,5,9
2021-05-23T00:00:00.000Z,קוריאה הדרומית,0,2,2
2021-05-23T00:00:00.000Z,איי סיישל,42,3,45
2021-05-23T00:00:00.000Z,קניה,0,1,1
2021-05-23T00:00:00.000Z,קפריסין,338,55,393
2021-05-23T00:00:00.000Z,רואנדה,1,0,1
2021-05-23T00:00:00.000Z,רומניה,111,33,144
2021-05-23T00:00:00.000Z,רוסיה,140,117,257
2021-05-23T00:00:00.000Z,שוודיה,3,0,3
2021-05-23T00:00:00.000Z,שוויץ,1,3,4
2021-05-23T00:00:00.000Z,תאילנד,2,2,4
2021-05-23T00:00:00.000Z,תורכיה,70,27,97
2021-05-23T00:00:00.000Z,אוזבקיסטן,3,2,5
2021-05-23T00:00:00.000Z,אוסטריה,32,40,72
2021-05-23T00:00:00.000Z,אוסטרליה,0,5,5
2021-05-23T00:00:00.000Z,אוקראינה,8,7,15
2021-05-23T00:00:00.000Z,אזרביג'אן,2,0,2
2021-05-23T00:00:00.000Z,איטליה,17,11,28
2021-05-23T00:00:00.000Z,איחוד האמירויות הערב,467,100,567
2021-05-23T00:00:00.000Z,איסלנד,4,0,4
2021-05-23T00:00:00.000Z,ארגנטינה,1,0,1
2021-05-23T00:00:00.000Z,ארמניה,1,0,1
2021-05-23T00:00:00.000Z,ארצות הברית,536,458,994
2021-05-23T00:00:00.000Z,בולגריה,161,12,173
2021-05-23T00:00:00.000Z,בוליביה,1,0,1
2021-05-23T00:00:00.000Z,בוסניה הרצגובינה,0,1,1
2021-05-23T00:00:00.000Z,בחריין,1,0,1
2021-05-23T00:00:00.000Z,בילורוסיה,116,28,144
2021-05-23T00:00:00.000Z,בלגיה,4,6,10
2021-05-23T00:00:00.000Z,גאורגיה,514,38,552
2021-05-23T00:00:00.000Z,גווטאמלה,1,0,1
2021-05-23T00:00:00.000Z,גויאנה הצרפתית,1,1,2
2021-05-23T00:00:00.000Z,גרמניה,118,69,187
2021-05-23T00:00:00.000Z,דנמרק,1,4,5
2021-05-23T00:00:00.000Z,הולנד,121,58,179
2021-05-23T00:00:00.000Z,הונגריה,7,0,7
2021-05-23T00:00:00.000Z,הממלכה המאוחדת,116,238,354
2021-05-23T00:00:00.000Z,חוף השנהב,0,1,1
2021-05-23T00:00:00.000Z,טיוואן,0,1,1
2021-05-23T00:00:00.000Z,טנזניה,0,2,2
2021-05-23T00:00:00.000Z,יוון,776,60,836
2021-05-23T00:00:00.000Z,יפן,1,0,1
2021-05-23T00:00:00.000Z,ירדן,91,50,141
2021-05-23T00:00:00.000Z,כלל המדינות,5617,3809,9426
2021-05-23T00:00:00.000Z,לוכסמבורג,0,3,3
2021-05-23T00:00:00.000Z,לטביה,2,1,3
2021-05-23T00:00:00.000Z,ליטא,2,2,4
2021-05-23T00:00:00.000Z,מאלי,1,0,1
2021-05-23T00:00:00.000Z,מולדובה,41,25,66
2021-05-23T00:00:00.000Z,מלדיבים,15,1,16
2021-05-23T00:00:00.000Z,מלטה,2,0,2
2021-05-24T00:00:00.000Z,מאלי,0,2,2
2021-05-24T00:00:00.000Z,אירלנד,2,4,6
2021-05-24T00:00:00.000Z,תוניסיה,0,4,4
2021-05-24T00:00:00.000Z,תאילנד,0,3,3
2021-05-24T00:00:00.000Z,שוויץ,70,43,113
2021-05-24T00:00:00.000Z,שוודיה,5,2,7
2021-05-24T00:00:00.000Z,רוסיה,168,195,363
2021-05-24T00:00:00.000Z,קרואטיה,6,2,8
2021-05-24T00:00:00.000Z,קפריסין,155,70,225
2021-05-24T00:00:00.000Z,קניה,1,0,1
2021-05-24T00:00:00.000Z,קנדה,0,3,3
2021-05-24T00:00:00.000Z,קלדוניה החדשה,0,1,1
2021-05-24T00:00:00.000Z,קטר,1,0,1
2021-05-24T00:00:00.000Z,קזחסטאן,1,0,1
2021-05-24T00:00:00.000Z,קוריאה הדרומית,1,0,1
2021-05-24T00:00:00.000Z,קוסטה ריקה,7,4,11
2021-05-24T00:00:00.000Z,קולומביה,4,7,11
2021-05-24T00:00:00.000Z,קובה,1,0,1
2021-05-24T00:00:00.000Z,צרפת,154,256,410
2021-05-24T00:00:00.000Z,צכיה,1,2,3
2021-05-24T00:00:00.000Z,פנמה,3,7,10
2021-05-24T00:00:00.000Z,פינלנד,2,1,3
2021-05-24T00:00:00.000Z,פיליפינים,0,8,8
2021-05-24T00:00:00.000Z,פורטוגל,12,2,14
2021-05-24T00:00:00.000Z,פורטו ריקו,0,2,2
2021-05-24T00:00:00.000Z,פולין,15,8,23
2021-05-24T00:00:00.000Z,סרי לנקה (צילון),1,0,1
2021-05-24T00:00:00.000Z,סרביה,3,2,5
2021-05-24T00:00:00.000Z,ספרד,12,9,21
2021-05-24T00:00:00.000Z,סנגל,2,0,2
2021-05-24T00:00:00.000Z,סן מרינו,0,1,1
2021-05-24T00:00:00.000Z,סינגפור,2,1,3
2021-05-24T00:00:00.000Z,סין,0,3,3
2021-05-24T00:00:00.000Z,סוריה,1,216,217
2021-05-24T00:00:00.000Z,נמיביה,8,0,8
2021-05-24T00:00:00.000Z,ניגריה,6,1,7
2021-05-24T00:00:00.000Z,נורבגיה,1,3,4
2021-05-24T00:00:00.000Z,מרוקו,1,6,7
2021-05-24T00:00:00.000Z,מקסיקו,2,8,10
2021-05-24T00:00:00.000Z,מקדוניה,1,0,1
2021-05-24T00:00:00.000Z,מצרים,149,97,246
2021-05-24T00:00:00.000Z,מלטה,3,2,5
2021-05-24T00:00:00.000Z,מלדיבים,16,0,16
2021-05-24T00:00:00.000Z,מונטנגרו,26,6,32
2021-05-24T00:00:00.000Z,תורכיה,35,32,67
2021-05-24T00:00:00.000Z,מאוריציוס,3,0,3
2021-05-24T00:00:00.000Z,ליטא,6,2,8
2021-05-24T00:00:00.000Z,לטביה,3,0,3
2021-05-24T00:00:00.000Z,כלל המדינות,4484,5008,9492
2021-05-24T00:00:00.000Z,ירדן,46,40,86
2021-05-24T00:00:00.000Z,יפן,1,0,1
2021-05-24T00:00:00.000Z,יוון,540,88,628
2021-05-24T00:00:00.000Z,טנזניה,3,2,5
2021-05-24T00:00:00.000Z,טיוואן,0,1,1
2021-05-24T00:00:00.000Z,זאיר,3,1,4
2021-05-24T00:00:00.000Z,הממלכה המאוחדת,101,221,322
2021-05-24T00:00:00.000Z,הונדורס,1,0,1
2021-05-24T00:00:00.000Z,הונגריה,1,0,1
2021-05-24T00:00:00.000Z,הולנד,21,20,41
2021-05-24T00:00:00.000Z,הודו,12,12,24
2021-05-24T00:00:00.000Z,דרום אפריקה,7,2,9
2021-05-24T00:00:00.000Z,דנמרק,1,3,4
2021-05-24T00:00:00.000Z,גרמניה,151,133,284
2021-05-24T00:00:00.000Z,גמייקה,0,3,3
2021-05-24T00:00:00.000Z,גיברלטר,1,0,1
2021-05-24T00:00:00.000Z,גויאנה הצרפתית,1,0,1
2021-05-24T00:00:00.000Z,גווטאמלה,1,1,2
2021-05-24T00:00:00.000Z,גאנה,0,2,2
2021-05-24T00:00:00.000Z,גאורגיה,355,57,412
2021-05-24T00:00:00.000Z,ברזיל,3,3,6
2021-05-24T00:00:00.000Z,בלגיה,26,77,103
2021-05-24T00:00:00.000Z,בילורוסיה,2,19,21
2021-05-24T00:00:00.000Z,בולגריה,154,45,199
2021-05-24T00:00:00.000Z,אתיופיה,33,12,45
2021-05-24T00:00:00.000Z,ארצות הברית,764,1286,2050
2021-05-24T00:00:00.000Z,ארמניה,1,0,1
2021-05-24T00:00:00.000Z,ארגנטינה,0,4,4
2021-05-24T00:00:00.000Z,אלבניה,56,5,61
2021-05-24T00:00:00.000Z,אל סלבדור,1,0,1
2021-05-24T00:00:00.000Z,איסלנד,6,0,6
2021-05-24T00:00:00.000Z,איי סיישל,35,8,43
2021-05-24T00:00:00.000Z,אוסטריה,38,35,73
2021-05-24T00:00:00.000Z,אוזבקיסטן,11,74,85
2021-05-24T00:00:00.000Z,אוסטרליה,1,3,4
2021-05-24T00:00:00.000Z,אוקראינה,55,93,148
2021-05-24T00:00:00.000Z,אורגוואי,2,2,4
2021-05-24T00:00:00.000Z,אזרביג'אן,1,0,1
2021-05-24T00:00:00.000Z,איטליה,25,9,34
2021-05-24T00:00:00.000Z,איחוד האמירויות הערב,259,96,355
2021-05-25T00:00:00.000Z,רוסיה,40,58,98
2021-05-25T00:00:00.000Z,רומניה,41,31,72
2021-05-25T00:00:00.000Z,קרואטיה,3,1,4
2021-05-25T00:00:00.000Z,קפריסין,105,19,124
2021-05-25T00:00:00.000Z,קניה,1,0,1
2021-05-25T00:00:00.000Z,קנדה,0,4,4
2021-05-25T00:00:00.000Z,קמרון,1,0,1
2021-05-25T00:00:00.000Z,קזחסטאן,3,0,3
2021-05-25T00:00:00.000Z,קולומביה,0,4,4
2021-05-25T00:00:00.000Z,צרפת,166,170,336
2021-05-25T00:00:00.000Z,צ'ילה,0,2,2
2021-05-25T00:00:00.000Z,פנמה,1,0,1
2021-05-25T00:00:00.000Z,פינלנד,1,4,5
2021-05-25T00:00:00.000Z,פיליפינים,2,0,2
2021-05-25T00:00:00.000Z,פורטוגל,4,0,4
2021-05-25T00:00:00.000Z,פולין,5,0,5
2021-05-25T00:00:00.000Z,עירק,0,6,6
2021-05-25T00:00:00.000Z,סרביה,8,2,10
2021-05-25T00:00:00.000Z,ספרד,12,8,20
2021-05-25T00:00:00.000Z,סנגל,1,0,1
2021-05-25T00:00:00.000Z,סוריה,0,4,4
2021-05-25T00:00:00.000Z,ניו זילנד,0,1,1
2021-05-25T00:00:00.000Z,ניגריה,2,1,3
2021-05-25T00:00:00.000Z,נורבגיה,1,0,1
2021-05-25T00:00:00.000Z,מרוקו,3,1,4
2021-05-25T00:00:00.000Z,מקסיקו,2,10,12
2021-05-25T00:00:00.000Z,מצרים,148,79,227
2021-05-25T00:00:00.000Z,מלדיבים,8,0,8
2021-05-25T00:00:00.000Z,מונטנגרו,0,2,2
2021-05-25T00:00:00.000Z,מולדובה,46,23,69
2021-05-25T00:00:00.000Z,ליטא,2,0,2
2021-05-25T00:00:00.000Z,לטביה,4,4,8
2021-05-25T00:00:00.000Z,כלל המדינות,2663,3085,5748
2021-05-25T00:00:00.000Z,ירדן,24,15,39
2021-05-25T00:00:00.000Z,יפן,5,2,7
2021-05-25T00:00:00.000Z,יוון,207,23,230
2021-05-25T00:00:00.000Z,טנזניה,2,0,2
2021-05-25T00:00:00.000Z,זאיר,1,0,1
2021-05-25T00:00:00.000Z,הרפ הדומיניקנית,3,0,3
2021-05-25T00:00:00.000Z,הממלכה המאוחדת,113,309,422
2021-05-25T00:00:00.000Z,הונגריה,41,42,83
2021-05-25T00:00:00.000Z,הונג קונג,0,1,1
2021-05-25T00:00:00.000Z,הולנד,11,33,44
2021-05-25T00:00:00.000Z,הודו,2,0,2
2021-05-25T00:00:00.000Z,דרום סודאן,1,0,1
2021-05-25T00:00:00.000Z,דרום אפריקה,3,1,4
2021-05-25T00:00:00.000Z,דנמרק,1,5,6
2021-05-25T00:00:00.000Z,גרמניה,142,98,240
2021-05-25T00:00:00.000Z,גיברלטר,0,1,1
2021-05-25T00:00:00.000Z,גאנה,1,1,2
2021-05-25T00:00:00.000Z,גאורגיה,93,30,123
2021-05-25T00:00:00.000Z,ברזיל,3,7,10
2021-05-25T00:00:00.000Z,אזרביג'אן,2,2,4
2021-05-25T00:00:00.000Z,אוקראינה,11,6,17
2021-05-25T00:00:00.000Z,אוסטריה,3,9,12
2021-05-25T00:00:00.000Z,אוזבקיסטן,0,1,1
2021-05-25T00:00:00.000Z,אוגנדה,0,1,1
2021-05-25T00:00:00.000Z,אירלנד,0,3,3
2021-05-25T00:00:00.000Z,איטליה,21,13,34
2021-05-25T00:00:00.000Z,תורכיה,46,37,83
2021-05-25T00:00:00.000Z,תאילנד,2,0,2
2021-05-25T00:00:00.000Z,שוויץ,10,14,24
2021-05-25T00:00:00.000Z,איחוד האמירויות הערב,132,45,177
2021-05-25T00:00:00.000Z,שוודיה,3,2,5
2021-05-25T00:00:00.000Z,בלגיה,4,9,13
2021-05-25T00:00:00.000Z,בילורוסיה,126,35,161
2021-05-25T00:00:00.000Z,בולגריה,68,4,72
2021-05-25T00:00:00.000Z,אתיופיה,15,10,25
2021-05-25T00:00:00.000Z,ארצות הברית,391,629,1020
2021-05-25T00:00:00.000Z,ארגנטינה,0,6,6
2021-05-25T00:00:00.000Z,איי קייפ וורדה,1,0,1
2021-05-26T00:00:00.000Z,צ'ילה,0,3,3
2021-05-26T00:00:00.000Z,צכיה,2,15,17
2021-05-26T00:00:00.000Z,צרפת,172,274,446
2021-05-26T00:00:00.000Z,קולומביה,0,10,10
2021-05-26T00:00:00.000Z,קוסטה ריקה,10,2,12
2021-05-26T00:00:00.000Z,קוריאה הדרומית,0,4,4
2021-05-26T00:00:00.000Z,קזחסטאן,0,1,1
2021-05-26T00:00:00.000Z,קיריבטי,0,1,1
2021-05-26T00:00:00.000Z,קנדה,23,112,135
2021-05-26T00:00:00.000Z,קניה,5,1,6
2021-05-26T00:00:00.000Z,קפריסין,111,68,179
2021-05-26T00:00:00.000Z,קרואטיה,3,3,6
2021-05-26T00:00:00.000Z,ראוניון,1,0,1
2021-05-26T00:00:00.000Z,רואנדה,1,0,1
2021-05-26T00:00:00.000Z,רומניה,60,30,90
2021-05-26T00:00:00.000Z,רוסיה,66,62,128
2021-05-26T00:00:00.000Z,שוודיה,1,1,2
2021-05-26T00:00:00.000Z,שוויץ,2,9,11
2021-05-26T00:00:00.000Z,תאילנד,0,7,7
2021-05-26T00:00:00.000Z,תוניסיה,0,1,1
2021-05-26T00:00:00.000Z,תורכיה,60,35,95
2021-05-26T00:00:00.000Z,תורכמניסטאן,1,0,1
2021-05-26T00:00:00.000Z,איחוד האמירויות הערב,194,93,287
2021-05-26T00:00:00.000Z,אוזבקיסטן,4,5,9
2021-05-26T00:00:00.000Z,אוסטריה,28,26,54
2021-05-26T00:00:00.000Z,אוסטרליה,2,8,10
2021-05-26T00:00:00.000Z,אוקראינה,72,96,168
2021-05-26T00:00:00.000Z,אורגוואי,0,1,1
2021-05-26T00:00:00.000Z,אזרביג'אן,5,2,7
2021-05-26T00:00:00.000Z,איטליה,32,20,52
2021-05-26T00:00:00.000Z,איי סיישל,31,10,41
2021-05-26T00:00:00.000Z,אינדונזיה,2,0,2
2021-05-26T00:00:00.000Z,אנגולה,1,3,4
2021-05-26T00:00:00.000Z,אסטוניה,3,0,3
2021-05-26T00:00:00.000Z,אקואדור,0,4,4
2021-05-26T00:00:00.000Z,ארגנטינה,9,20,29
2021-05-26T00:00:00.000Z,ארמניה,4,0,4
2021-05-26T00:00:00.000Z,ארצות הברית,625,1001,1626
2021-05-26T00:00:00.000Z,אתיופיה,15,5,20
2021-05-26T00:00:00.000Z,בוטסואנה,2,0,2
2021-05-26T00:00:00.000Z,בולגריה,41,19,60
2021-05-26T00:00:00.000Z,בילורוסיה,1,0,1
2021-05-26T00:00:00.000Z,בלגיה,1,3,4
2021-05-26T00:00:00.000Z,ברזיל,1,7,8
2021-05-26T00:00:00.000Z,גאורגיה,183,31,214
2021-05-26T00:00:00.000Z,גאנה,3,1,4
2021-05-26T00:00:00.000Z,גינאה המשוונית,0,1,1
2021-05-26T00:00:00.000Z,גרמניה,49,56,105
2021-05-26T00:00:00.000Z,דנמרק,2,1,3
2021-05-26T00:00:00.000Z,דרום אפריקה,5,2,7
2021-05-26T00:00:00.000Z,הודו,4,0,4
2021-05-26T00:00:00.000Z,הולנד,10,5,15
2021-05-26T00:00:00.000Z,הונגריה,2,1,3
2021-05-26T00:00:00.000Z,הונדורס,0,1,1
2021-05-26T00:00:00.000Z,הממלכה המאוחדת,106,223,329
2021-05-26T00:00:00.000Z,הרפ הדומיניקנית,2,2,4
2021-05-26T00:00:00.000Z,טג'יקיסטאן,2,0,2
2021-05-26T00:00:00.000Z,טיוואן,1,2,3
2021-05-26T00:00:00.000Z,טנזניה,3,1,4
2021-05-26T00:00:00.000Z,יוון,231,49,280
2021-05-26T00:00:00.000Z,יפן,0,1,1
2021-05-26T00:00:00.000Z,ירדן,18,18,36
2021-05-26T00:00:00.000Z,כלל המדינות,3213,4188,7401
2021-05-26T00:00:00.000Z,לוב,2,0,2
2021-05-26T00:00:00.000Z,ליבריה,0,2,2
2021-05-26T00:00:00.000Z,מולדובה,3,0,3
2021-05-26T00:00:00.000Z,מונטנגרו,48,7,55
2021-05-26T00:00:00.000Z,מלדיבים,5,0,5
2021-05-26T00:00:00.000Z,מלטה,2,0,2
2021-05-26T00:00:00.000Z,מצרים,125,40,165
2021-05-26T00:00:00.000Z,מקסיקו,20,8,28
2021-05-26T00:00:00.000Z,מרוקו,28,5,33
2021-05-26T00:00:00.000Z,ניגריה,1,4,5
2021-05-26T00:00:00.000Z,ניו זילנד,1,1,2
2021-05-26T00:00:00.000Z,סיירה ליאונה,1,0,1
2021-05-26T00:00:00.000Z,סין,5,20,25
2021-05-26T00:00:00.000Z,סינגפור,1,4,5
2021-05-26T00:00:00.000Z,סנגל,2,0,2
2021-05-26T00:00:00.000Z,ספרד,43,66,109
2021-05-26T00:00:00.000Z,סרביה,0,7,7
2021-05-26T00:00:00.000Z,סרי לנקה (צילון),1,0,1
2021-05-26T00:00:00.000Z,ערב הסעודית,0,1,1
2021-05-26T00:00:00.000Z,פולין,49,11,60
2021-05-26T00:00:00.000Z,פורטוגל,1,0,1
2021-05-26T00:00:00.000Z,פיליפינים,2,0,2
2021-05-26T00:00:00.000Z,פינלנד,0,5,5
2021-05-26T00:00:00.000Z,פנמה,0,1,1
2021-05-26T00:00:00.000Z,פרגוואי,1,0,1
2021-05-26T00:00:00.000Z,פרו,3,2,5
2021-05-27T00:00:00.000Z,אירלנד,2,4,6
2021-05-27T00:00:00.000Z,ניגריה,8,7,15
2021-05-27T00:00:00.000Z,יפן,0,5,5
2021-05-27T00:00:00.000Z,ירדן,53,72,125
2021-05-27T00:00:00.000Z,כלל המדינות,4534,5342,9876
2021-05-27T00:00:00.000Z,לבנון,0,8,8
2021-05-27T00:00:00.000Z,לטביה,8,4,12
2021-05-27T00:00:00.000Z,ליטא,0,1,1
2021-05-27T00:00:00.000Z,מוזמביק,1,0,1
2021-05-27T00:00:00.000Z,מולדובה,51,31,82
2021-05-27T00:00:00.000Z,מונקו,1,0,1
2021-05-27T00:00:00.000Z,מלדיבים,2,1,3
2021-05-27T00:00:00.000Z,מלטה,7,0,7
2021-05-27T00:00:00.000Z,מצרים,215,109,324
2021-05-27T00:00:00.000Z,מקדוניה,1,1,2
2021-05-27T00:00:00.000Z,מקסיקו,0,6,6
2021-05-27T00:00:00.000Z,מרוקו,3,0,3
2021-05-27T00:00:00.000Z,נורבגיה,0,1,1
2021-05-27T00:00:00.000Z,ניו זילנד,0,3,3
2021-05-27T00:00:00.000Z,נמיביה,3,1,4
2021-05-27T00:00:00.000Z,סווזילנד,2,0,2
2021-05-27T00:00:00.000Z,ספרד,3,4,7
2021-05-27T00:00:00.000Z,סרביה,2,1,3
2021-05-27T00:00:00.000Z,סרי לנקה (צילון),1,2,3
2021-05-27T00:00:00.000Z,ערב הסעודית,1,0,1
2021-05-27T00:00:00.000Z,פולין,8,6,14
2021-05-27T00:00:00.000Z,פורטוגל,9,2,11
2021-05-27T00:00:00.000Z,פיליפינים,1,12,13
2021-05-27T00:00:00.000Z,פינלנד,2,1,3
2021-05-27T00:00:00.000Z,פנמה,1,3,4
2021-05-27T00:00:00.000Z,פרו,1,0,1
2021-05-27T00:00:00.000Z,צאד,1,0,1
2021-05-27T00:00:00.000Z,צ'ילה,2,6,8
2021-05-27T00:00:00.000Z,צכיה,7,13,20
2021-05-27T00:00:00.000Z,צרפת,144,160,304
2021-05-27T00:00:00.000Z,קולומביה,6,2,8
2021-05-27T00:00:00.000Z,קוסטה ריקה,1,0,1
2021-05-27T00:00:00.000Z,קזחסטאן,1,0,1
2021-05-27T00:00:00.000Z,קטר,1,0,1
2021-05-27T00:00:00.000Z,קירג'זסטאן,1,2,3
2021-05-27T00:00:00.000Z,קנדה,2,5,7
2021-05-27T00:00:00.000Z,קניה,6,0,6
2021-05-27T00:00:00.000Z,קפריסין,250,88,338
2021-05-27T00:00:00.000Z,רואנדה,3,1,4
2021-05-27T00:00:00.000Z,רומניה,61,31,92
2021-05-27T00:00:00.000Z,רוסיה,53,91,144
2021-05-27T00:00:00.000Z,איחוד האמירויות הערב,308,108,416
2021-05-27T00:00:00.000Z,שוודיה,1,7,8
2021-05-27T00:00:00.000Z,שוויץ,47,49,96
2021-05-27T00:00:00.000Z,תאילנד,13,267,280
2021-05-27T00:00:00.000Z,תורכיה,73,55,128
2021-05-27T00:00:00.000Z,טנזניה,4,1,5
2021-05-27T00:00:00.000Z,חוף השנהב,0,1,1
2021-05-27T00:00:00.000Z,זמביה,2,1,3
2021-05-27T00:00:00.000Z,זאיר,4,0,4
2021-05-27T00:00:00.000Z,הרפ הדומיניקנית,2,0,2
2021-05-27T00:00:00.000Z,הממלכה המאוחדת,155,320,475
2021-05-27T00:00:00.000Z,הונגריה,2,1,3
2021-05-27T00:00:00.000Z,הולנד,5,4,9
2021-05-27T00:00:00.000Z,הודו,4,0,4
2021-05-27T00:00:00.000Z,דרום אפריקה,4,14,18
2021-05-27T00:00:00.000Z,דנמרק,5,9,14
2021-05-27T00:00:00.000Z,גרנדה,1,0,1
2021-05-27T00:00:00.000Z,גרמניה,97,71,168
2021-05-27T00:00:00.000Z,גינאה המשוונית,0,1,1
2021-05-27T00:00:00.000Z,גויאנה הצרפתית,1,0,1
2021-05-27T00:00:00.000Z,גאנה,4,1,5
2021-05-27T00:00:00.000Z,גאורגיה,370,66,436
2021-05-27T00:00:00.000Z,ברזיל,4,6,10
2021-05-27T00:00:00.000Z,בלגיה,73,79,152
2021-05-27T00:00:00.000Z,בילורוסיה,77,28,105
2021-05-27T00:00:00.000Z,בחריין,4,2,6
2021-05-27T00:00:00.000Z,אוגנדה,4,0,4
2021-05-27T00:00:00.000Z,אוזבקיסטן,5,5,10
2021-05-27T00:00:00.000Z,אוסטריה,26,19,45
2021-05-27T00:00:00.000Z,אוסטרליה,1,6,7
2021-05-27T00:00:00.000Z,אוקראינה,49,141,190
2021-05-27T00:00:00.000Z,אזרביג'אן,6,2,8
2021-05-27T00:00:00.000Z,איטליה,26,10,36
2021-05-27T00:00:00.000Z,איי סיישל,125,3,128
2021-05-27T00:00:00.000Z,אינדונזיה,1,0,1
2021-05-27T00:00:00.000Z,איסלנד,10,0,10
2021-05-27T00:00:00.000Z,בורונדי,0,2,2
2021-05-27T00:00:00.000Z,אלבניה,6,0,6
2021-05-27T00:00:00.000Z,אנגולה,1,0,1
2021-05-27T00:00:00.000Z,אסטוניה,4,0,4
2021-05-27T00:00:00.000Z,ארגנטינה,2,22,24
2021-05-27T00:00:00.000Z,ארצות הברית,457,953,1410
2021-05-27T00:00:00.000Z,אתיופיה,35,11,46
2021-05-27T00:00:00.000Z,בולגריה,148,33,181
2021-05-27T00:00:00.000Z,בוליביה,0,1,1
2021-05-27T00:00:00.000Z,בוסניה הרצגובינה,1,1,2
2021-05-27T00:00:00.000Z,יוון,574,82,656
2021-05-28T00:00:00.000Z,אוסטריה,54,30,84
2021-05-28T00:00:00.000Z,תורכיה,80,66,146
2021-05-28T00:00:00.000Z,תוניסיה,2,1,3
2021-05-28T00:00:00.000Z,תאילנד,7,0,7
2021-05-28T00:00:00.000Z,שוויץ,56,42,98
2021-05-28T00:00:00.000Z,שוודיה,1,0,1
2021-05-28T00:00:00.000Z,רוסיה,154,125,279
2021-05-28T00:00:00.000Z,רומניה,4,1,5
2021-05-28T00:00:00.000Z,קרואטיה,2,1,3
2021-05-28T00:00:00.000Z,קפריסין,88,26,114
2021-05-28T00:00:00.000Z,קוריאה הדרומית,3,0,3
2021-05-28T00:00:00.000Z,קוסטה ריקה,12,3,15
2021-05-28T00:00:00.000Z,קולומביה,2,6,8
2021-05-28T00:00:00.000Z,צרפת,149,178,327
2021-05-28T00:00:00.000Z,צכיה,8,1,9
2021-05-28T00:00:00.000Z,צ'ילה,1,2,3
2021-05-28T00:00:00.000Z,פרו,1,1,2
2021-05-28T00:00:00.000Z,פנמה,4,6,10
2021-05-28T00:00:00.000Z,פיליפינים,1,3,4
2021-05-28T00:00:00.000Z,פורטוגל,12,5,17
2021-05-28T00:00:00.000Z,פולין,62,17,79
2021-05-28T00:00:00.000Z,סרי לנקה (צילון),1,1,2
2021-05-28T00:00:00.000Z,סרביה,10,1,11
2021-05-28T00:00:00.000Z,ספרד,42,31,73
2021-05-28T00:00:00.000Z,סינגפור,10,0,10
2021-05-28T00:00:00.000Z,איחוד האמירויות הערב,323,85,408
2021-05-28T00:00:00.000Z,סין,1,77,78
2021-05-28T00:00:00.000Z,סוריה,0,1,1
2021-05-28T00:00:00.000Z,נפאל,1,0,1
2021-05-28T00:00:00.000Z,ניגריה,1,0,1
2021-05-28T00:00:00.000Z,נורבגיה,0,1,1
2021-05-28T00:00:00.000Z,מרוקו,1,2,3
2021-05-28T00:00:00.000Z,מקסיקו,8,7,15
2021-05-28T00:00:00.000Z,מצרים,117,59,176
2021-05-28T00:00:00.000Z,מלדיבים,9,3,12
2021-05-28T00:00:00.000Z,תורכמניסטאן,2,3,5
2021-05-28T00:00:00.000Z,מולדובה,1,0,1
2021-05-28T00:00:00.000Z,ליטא,8,0,8
2021-05-28T00:00:00.000Z,לטביה,1,1,2
2021-05-28T00:00:00.000Z,לוכסמבורג,0,1,1
2021-05-28T00:00:00.000Z,כלל המדינות,3541,2654,6195
2021-05-28T00:00:00.000Z,יוון,239,38,277
2021-05-28T00:00:00.000Z,הרפ הדומיניקנית,2,0,2
2021-05-28T00:00:00.000Z,הממלכה המאוחדת,63,164,227
2021-05-28T00:00:00.000Z,הונדורס,1,0,1
2021-05-28T00:00:00.000Z,הונגריה,55,20,75
2021-05-28T00:00:00.000Z,הולנד,37,21,58
2021-05-28T00:00:00.000Z,דנמרק,2,0,2
2021-05-28T00:00:00.000Z,דומיניקה,0,1,1
2021-05-28T00:00:00.000Z,גרמניה,78,39,117
2021-05-28T00:00:00.000Z,גמביה,0,3,3
2021-05-28T00:00:00.000Z,גווטאמלה,0,2,2
2021-05-28T00:00:00.000Z,גאורגיה,416,122,538
2021-05-28T00:00:00.000Z,ברזיל,1,3,4
2021-05-28T00:00:00.000Z,בלגיה,4,5,9
2021-05-28T00:00:00.000Z,בורקינה פאסו,1,0,1
2021-05-28T00:00:00.000Z,בוסניה הרצגובינה,1,0,1
2021-05-28T00:00:00.000Z,בולגריה,108,30,138
2021-05-28T00:00:00.000Z,אתיופיה,1,0,1
2021-05-28T00:00:00.000Z,ארצות הברית,656,786,1442
2021-05-28T00:00:00.000Z,אנגולה,3,0,3
2021-05-28T00:00:00.000Z,אלבניה,1,0,1
2021-05-28T00:00:00.000Z,אירלנד,1,0,1
2021-05-28T00:00:00.000Z,איסלנד,2,0,2
2021-05-28T00:00:00.000Z,אינדונזיה,2,1,3
2021-05-28T00:00:00.000Z,איי טורקס וקייקוס,1,0,1
2021-05-28T00:00:00.000Z,איי ווליס ופוטונה,0,3,3
2021-05-28T00:00:00.000Z,איטליה,19,12,31
2021-05-28T00:00:00.000Z,אורגוואי,1,0,1
2021-05-28T00:00:00.000Z,אוקראינה,8,6,14
2021-05-28T00:00:00.000Z,אוסטרליה,0,3,3
2021-05-28T00:00:00.000Z,מונטנגרו,33,5,38
2021-05-29T00:00:00.000Z,קניה,5,2,7
2021-05-29T00:00:00.000Z,קפריסין,454,23,477
2021-05-29T00:00:00.000Z,קרואטיה,7,0,7
2021-05-29T00:00:00.000Z,רואנדה,10,3,13
2021-05-29T00:00:00.000Z,רומניה,66,22,88
2021-05-29T00:00:00.000Z,רוסיה,5,6,11
2021-05-29T00:00:00.000Z,שוודיה,0,3,3
2021-05-29T00:00:00.000Z,שוויץ,3,1,4
2021-05-29T00:00:00.000Z,תאילנד,2,8,10
2021-05-29T00:00:00.000Z,תורכיה,67,20,87
2021-05-29T00:00:00.000Z,בלגיה,7,1,8
2021-05-29T00:00:00.000Z,איחוד האמירויות הערב,54,7,61
2021-05-29T00:00:00.000Z,גאורגיה,51,9,60
2021-05-29T00:00:00.000Z,גאנה,4,1,5
2021-05-29T00:00:00.000Z,אוגנדה,2,0,2
2021-05-29T00:00:00.000Z,אוסטריה,21,9,30
2021-05-29T00:00:00.000Z,אוסטרליה,0,4,4
2021-05-29T00:00:00.000Z,אוקראינה,1,5,6
2021-05-29T00:00:00.000Z,אורגוואי,3,6,9
2021-05-29T00:00:00.000Z,איטליה,34,15,49
2021-05-29T00:00:00.000Z,איי סיישל,4,0,4
2021-05-29T00:00:00.000Z,איסלנד,9,0,9
2021-05-29T00:00:00.000Z,אירלנד,2,7,9
2021-05-29T00:00:00.000Z,אל סלבדור,0,2,2
2021-05-29T00:00:00.000Z,אסטוניה,1,0,1
2021-05-29T00:00:00.000Z,ארגנטינה,3,1,4
2021-05-29T00:00:00.000Z,ארמניה,0,1,1
2021-05-29T00:00:00.000Z,ארצות הברית,245,544,789
2021-05-29T00:00:00.000Z,אתיופיה,34,10,44
2021-05-29T00:00:00.000Z,בוטסואנה,1,0,1
2021-05-29T00:00:00.000Z,בולגריה,1,0,1
2021-05-29T00:00:00.000Z,בוסניה הרצגובינה,4,4,8
2021-05-29T00:00:00.000Z,בחריין,1,0,1
2021-05-29T00:00:00.000Z,גרמניה,93,72,165
2021-05-29T00:00:00.000Z,דנמרק,16,1,17
2021-05-29T00:00:00.000Z,דרום אפריקה,3,3,6
2021-05-29T00:00:00.000Z,הולנד,21,22,43
2021-05-29T00:00:00.000Z,הונג קונג,0,1,1
2021-05-29T00:00:00.000Z,הממלכה המאוחדת,46,62,108
2021-05-29T00:00:00.000Z,הרפ הדומיניקנית,3,0,3
2021-05-29T00:00:00.000Z,זאיר,1,1,2
2021-05-29T00:00:00.000Z,זמביה,3,0,3
2021-05-29T00:00:00.000Z,חוף השנהב,1,0,1
2021-05-29T00:00:00.000Z,טיוואן,0,1,1
2021-05-29T00:00:00.000Z,יוון,344,11,355
2021-05-29T00:00:00.000Z,יפן,0,1,1
2021-05-29T00:00:00.000Z,כלל המדינות,2352,1335,3687
2021-05-29T00:00:00.000Z,לוכסמבורג,1,1,2
2021-05-29T00:00:00.000Z,ליטא,3,1,4
2021-05-29T00:00:00.000Z,מונטנגרו,1,0,1
2021-05-29T00:00:00.000Z,מלאווי,1,0,1
2021-05-29T00:00:00.000Z,מלדיבים,4,0,4
2021-05-29T00:00:00.000Z,מלטה,1,0,1
2021-05-29T00:00:00.000Z,מצרים,400,50,450
2021-05-29T00:00:00.000Z,מקסיקו,3,7,10
2021-05-29T00:00:00.000Z,מרוקו,1,0,1
2021-05-29T00:00:00.000Z,נורבגיה,0,2,2
2021-05-29T00:00:00.000Z,ניגריה,3,4,7
2021-05-29T00:00:00.000Z,ניו זילנד,0,1,1
2021-05-29T00:00:00.000Z,נמיביה,2,0,2
2021-05-29T00:00:00.000Z,סין,4,0,4
2021-05-29T00:00:00.000Z,ברזיל,1,0,1
2021-05-29T00:00:00.000Z,סלובניה,3,0,3
2021-05-29T00:00:00.000Z,סנגל,2,0,2
2021-05-29T00:00:00.000Z,ספרד,22,14,36
2021-05-29T00:00:00.000Z,סרביה,2,2,4
2021-05-29T00:00:00.000Z,סרי לנקה (צילון),1,1,2
2021-05-29T00:00:00.000Z,פולין,14,4,18
2021-05-29T00:00:00.000Z,פורטוגל,10,5,15
2021-05-29T00:00:00.000Z,פיליפינים,2,0,2
2021-05-29T00:00:00.000Z,פינלנד,8,0,8
2021-05-29T00:00:00.000Z,פרו,0,1,1
2021-05-29T00:00:00.000Z,צכיה,2,0,2
2021-05-29T00:00:00.000Z,צרפת,34,36,70
2021-05-29T00:00:00.000Z,קולומביה,0,2,2
2021-05-29T00:00:00.000Z,קוסטה ריקה,3,0,3
2021-05-29T00:00:00.000Z,קזחסטאן,0,5,5
2021-05-29T00:00:00.000Z,קמבודיה,0,1,1
2021-05-29T00:00:00.000Z,קנדה,1,2,3
2021-05-30T00:00:00.000Z,נורבגיה,0,1,1
2021-05-30T00:00:00.000Z,אינדונזיה,0,1,1
2021-05-30T00:00:00.000Z,אוגנדה,2,1,3
2021-05-30T00:00:00.000Z,אוזבקיסטן,1,0,1
2021-05-30T00:00:00.000Z,אוסטריה,40,17,57
2021-05-30T00:00:00.000Z,אוסטרליה,0,1,1
2021-05-30T00:00:00.000Z,אוקראינה,80,26,106
2021-05-30T00:00:00.000Z,אזרביג'אן,2,0,2
2021-05-30T00:00:00.000Z,איטליה,24,6,30
2021-05-30T00:00:00.000Z,איי סיישל,131,13,144
2021-05-30T00:00:00.000Z,תורכיה,135,52,187
2021-05-30T00:00:00.000Z,תוניסיה,1,0,1
2021-05-30T00:00:00.000Z,תאילנד,1,11,12
2021-05-30T00:00:00.000Z,שוויץ,32,22,54
2021-05-30T00:00:00.000Z,שוודיה,1,4,5
2021-05-30T00:00:00.000Z,רוסיה,161,164,325
2021-05-30T00:00:00.000Z,רומניה,64,26,90
2021-05-30T00:00:00.000Z,רואנדה,1,0,1
2021-05-30T00:00:00.000Z,קרואטיה,3,1,4
2021-05-30T00:00:00.000Z,קפריסין,586,62,648
2021-05-30T00:00:00.000Z,קנדה,8,75,83
2021-05-30T00:00:00.000Z,קמרון,2,1,3
2021-05-30T00:00:00.000Z,קירג'זסטאן,3,1,4
2021-05-30T00:00:00.000Z,קוריאה הדרומית,2,2,4
2021-05-30T00:00:00.000Z,קוסטה ריקה,3,5,8
2021-05-30T00:00:00.000Z,צרפת,151,166,317
2021-05-30T00:00:00.000Z,צכיה,4,2,6
2021-05-30T00:00:00.000Z,פיליפינים,2,17,19
2021-05-30T00:00:00.000Z,פורטוגל,17,1,18
2021-05-30T00:00:00.000Z,פולין,42,8,50
2021-05-30T00:00:00.000Z,ערב הסעודית,2,0,2
2021-05-30T00:00:00.000Z,סרביה,8,3,11
2021-05-30T00:00:00.000Z,ספרד,12,4,16
2021-05-30T00:00:00.000Z,סינגפור,0,2,2
2021-05-30T00:00:00.000Z,סוריה,0,5,5
2021-05-30T00:00:00.000Z,ניגריה,1,0,1
2021-05-30T00:00:00.000Z,איחוד האמירויות הערב,371,48,419
2021-05-30T00:00:00.000Z,מקסיקו,9,6,15
2021-05-30T00:00:00.000Z,מקדוניה,2,0,2
2021-05-30T00:00:00.000Z,מצרים,461,59,520
2021-05-30T00:00:00.000Z,מלזיה,0,1,1
2021-05-30T00:00:00.000Z,מלדיבים,8,3,11
2021-05-30T00:00:00.000Z,מונקו,1,0,1
2021-05-30T00:00:00.000Z,מולדובה,74,47,121
2021-05-30T00:00:00.000Z,לטביה,2,2,4
2021-05-30T00:00:00.000Z,לבנון,0,3,3
2021-05-30T00:00:00.000Z,כלל המדינות,6400,3964,10364
2021-05-30T00:00:00.000Z,ירדן,119,46,165
2021-05-30T00:00:00.000Z,יפן,0,1,1
2021-05-30T00:00:00.000Z,יוון,1236,65,1301
2021-05-30T00:00:00.000Z,טיוואן,2,0,2
2021-05-30T00:00:00.000Z,ונצואלה,0,1,1
2021-05-30T00:00:00.000Z,ויטנאם,0,5,5
2021-05-30T00:00:00.000Z,הרפ הדומיניקנית,0,1,1
2021-05-30T00:00:00.000Z,הממלכה המאוחדת,228,201,429
2021-05-30T00:00:00.000Z,הונגריה,3,2,5
2021-05-30T00:00:00.000Z,הולנד,75,47,122
2021-05-30T00:00:00.000Z,האנטילים ההולנדים,1,0,1
2021-05-30T00:00:00.000Z,דרום אפריקה,1,0,1
2021-05-30T00:00:00.000Z,דנמרק,4,3,7
2021-05-30T00:00:00.000Z,גרמניה,56,30,86
2021-05-30T00:00:00.000Z,גאורגיה,421,9,430
2021-05-30T00:00:00.000Z,ברזיל,3,1,4
2021-05-30T00:00:00.000Z,בלגיה,6,12,18
2021-05-30T00:00:00.000Z,בילורוסיה,130,17,147
2021-05-30T00:00:00.000Z,בוסניה הרצגובינה,0,1,1
2021-05-30T00:00:00.000Z,בולגריה,208,4,212
2021-05-30T00:00:00.000Z,ארצות הברית,348,462,810
2021-05-30T00:00:00.000Z,ארגנטינה,0,1,1
2021-05-30T00:00:00.000Z,אסטוניה,2,0,2
2021-05-30T00:00:00.000Z,אנגולה,0,1,1
2021-05-30T00:00:00.000Z,אלבניה,0,4,4
2021-05-30T00:00:00.000Z,אירלנד,2,1,3
2021-05-31T00:00:00.000Z,צרפת,241,212,453
2021-05-31T00:00:00.000Z,קולומביה,3,5,8
2021-05-31T00:00:00.000Z,קוסובו,1,0,1
2021-05-31T00:00:00.000Z,קוריאה הדרומית,1,6,7
2021-05-31T00:00:00.000Z,קזחסטאן,2,1,3
2021-05-31T00:00:00.000Z,קטר,0,1,1
2021-05-31T00:00:00.000Z,קירג'זסטאן,11,3,14
2021-05-31T00:00:00.000Z,איחוד האמירויות הערב,348,42,390
2021-05-31T00:00:00.000Z,תאילנד,3,0,3
2021-05-31T00:00:00.000Z,אוגנדה,6,1,7
2021-05-31T00:00:00.000Z,קניה,2,2,4
2021-05-31T00:00:00.000Z,קפריסין,339,46,385
2021-05-31T00:00:00.000Z,קרואטיה,72,17,89
2021-05-31T00:00:00.000Z,רואנדה,4,0,4
2021-05-31T00:00:00.000Z,רומניה,30,20,50
2021-05-31T00:00:00.000Z,רוסיה,212,159,371
2021-05-31T00:00:00.000Z,שוודיה,2,3,5
2021-05-31T00:00:00.000Z,שוויץ,38,38,76
2021-05-31T00:00:00.000Z,תורכיה,45,21,66
2021-05-31T00:00:00.000Z,תורכמניסטאן,2,2,4
2021-05-31T00:00:00.000Z,אוזבקיסטן,14,59,73
2021-05-31T00:00:00.000Z,אוסטריה,92,45,137
2021-05-31T00:00:00.000Z,אוסטרליה,0,2,2
2021-05-31T00:00:00.000Z,אוקראינה,94,84,178
2021-05-31T00:00:00.000Z,אזרביג'אן,2,1,3
2021-05-31T00:00:00.000Z,איטליה,33,14,47
2021-05-31T00:00:00.000Z,איי טורקס וקייקוס,0,2,2
2021-05-31T00:00:00.000Z,איי סיישל,67,4,71
2021-05-31T00:00:00.000Z,אירלנד,3,1,4
2021-05-31T00:00:00.000Z,אלבניה,3,1,4
2021-05-31T00:00:00.000Z,אנגולה,1,0,1
2021-05-31T00:00:00.000Z,אסטוניה,0,2,2
2021-05-31T00:00:00.000Z,ארגנטינה,0,2,2
2021-05-31T00:00:00.000Z,ארמניה,2,2,4
2021-05-31T00:00:00.000Z,ארצות הברית,765,1125,1890
2021-05-31T00:00:00.000Z,אתיופיה,29,8,37
2021-05-31T00:00:00.000Z,בוטסואנה,1,0,1
2021-05-31T00:00:00.000Z,בולגריה,286,25,311
2021-05-31T00:00:00.000Z,בוליביה,2,1,3
2021-05-31T00:00:00.000Z,בלגיה,44,96,140
2021-05-31T00:00:00.000Z,ברזיל,2,5,7
2021-05-31T00:00:00.000Z,ברמודה,0,1,1
2021-05-31T00:00:00.000Z,גאורגיה,599,50,649
2021-05-31T00:00:00.000Z,גיברלטר,0,1,1
2021-05-31T00:00:00.000Z,גמייקה,2,2,4
2021-05-31T00:00:00.000Z,גרמניה,143,80,223
2021-05-31T00:00:00.000Z,דנמרק,2,3,5
2021-05-31T00:00:00.000Z,דרום אפריקה,6,3,9
2021-05-31T00:00:00.000Z,הודו,33,28,61
2021-05-31T00:00:00.000Z,הולנד,42,25,67
2021-05-31T00:00:00.000Z,הונג קונג,0,4,4
2021-05-31T00:00:00.000Z,הונגריה,58,21,79
2021-05-31T00:00:00.000Z,הממלכה המאוחדת,196,193,389
2021-05-31T00:00:00.000Z,הרפ הדומיניקנית,1,0,1
2021-05-31T00:00:00.000Z,זאיר,1,2,3
2021-05-31T00:00:00.000Z,זמביה,4,1,5
2021-05-31T00:00:00.000Z,חוף השנהב,2,0,2
2021-05-31T00:00:00.000Z,טיוואן,0,2,2
2021-05-31T00:00:00.000Z,טנזניה,12,1,13
2021-05-31T00:00:00.000Z,יוון,1039,42,1081
2021-05-31T00:00:00.000Z,יפן,1,1,2
2021-05-31T00:00:00.000Z,ירדן,93,58,151
2021-05-31T00:00:00.000Z,כלל המדינות,6678,4698,11376
2021-05-31T00:00:00.000Z,לוכסמבורג,10,0,10
2021-05-31T00:00:00.000Z,לטביה,2,1,3
2021-05-31T00:00:00.000Z,ליטא,18,0,18
2021-05-31T00:00:00.000Z,לסוטו,2,0,2
2021-05-31T00:00:00.000Z,מוזמביק,2,0,2
2021-05-31T00:00:00.000Z,מולדובה,0,5,5
2021-05-31T00:00:00.000Z,מונטנגרו,30,6,36
2021-05-31T00:00:00.000Z,מלדיבים,8,0,8
2021-05-31T00:00:00.000Z,מלטה,3,0,3
2021-05-31T00:00:00.000Z,מצרים,355,57,412
2021-05-31T00:00:00.000Z,מקסיקו,2,4,6
2021-05-31T00:00:00.000Z,מרוקו,1,2,3
2021-05-31T00:00:00.000Z,נורבגיה,0,1,1
2021-05-31T00:00:00.000Z,ניגריה,3,7,10
2021-05-31T00:00:00.000Z,ניו זילנד,1,0,1
2021-05-31T00:00:00.000Z,סווזילנד,1,0,1
2021-05-31T00:00:00.000Z,סוריה,1,7,8
2021-05-31T00:00:00.000Z,סין,0,1,1
2021-05-31T00:00:00.000Z,ספרד,71,26,97
2021-05-31T00:00:00.000Z,סרביה,10,1,11
2021-05-31T00:00:00.000Z,סרי לנקה (צילון),2,0,2
2021-05-31T00:00:00.000Z,פולין,6,4,10
2021-05-31T00:00:00.000Z,פורטוגל,15,6,21
2021-05-31T00:00:00.000Z,פיליפינים,0,18,18
2021-05-31T00:00:00.000Z,פינלנד,2,1,3
2021-05-31T00:00:00.000Z,פנמה,3,2,5
2021-05-31T00:00:00.000Z,צ'ילה,2,1,3
2021-05-31T00:00:00.000Z,צכיה,3,1,4
2021-05-31T00:00:00.000Z,קנדה,5,13,18
2021-06-01T00:00:00.000Z,רוסיה,30,47,77
2021-06-01T00:00:00.000Z,שוויץ,7,3,10
2021-06-01T00:00:00.000Z,תאילנד,6,2,8
2021-06-01T00:00:00.000Z,תוניסיה,1,0,1
2021-06-01T00:00:00.000Z,תורכיה,40,28,68
2021-06-01T00:00:00.000Z,מקסיקו,4,5,9
2021-06-01T00:00:00.000Z,סלובניה,0,1,1
2021-06-01T00:00:00.000Z,סנגל,1,0,1
2021-06-01T00:00:00.000Z,ספרד,49,46,95
2021-06-01T00:00:00.000Z,מצרים,258,27,285
2021-06-01T00:00:00.000Z,מולדובה,54,65,119
2021-06-01T00:00:00.000Z,מוזמביק,1,2,3
2021-06-01T00:00:00.000Z,ליטא,8,0,8
2021-06-01T00:00:00.000Z,כלל המדינות,3583,3092,6675
2021-06-01T00:00:00.000Z,ירדן,55,36,91
2021-06-01T00:00:00.000Z,יוון,353,25,378
2021-06-01T00:00:00.000Z,טיוואן,1,0,1
2021-06-01T00:00:00.000Z,חוף השנהב,1,1,2
2021-06-01T00:00:00.000Z,זמביה,1,0,1
2021-06-01T00:00:00.000Z,זאיר,0,1,1
2021-06-01T00:00:00.000Z,הממלכה המאוחדת,193,210,403
2021-06-01T00:00:00.000Z,הולנד,23,14,37
2021-06-01T00:00:00.000Z,דרום אפריקה,5,5,10
2021-06-01T00:00:00.000Z,דנמרק,4,4,8
2021-06-01T00:00:00.000Z,גרמניה,194,105,299
2021-06-01T00:00:00.000Z,גינאה המשוונית,3,0,3
2021-06-01T00:00:00.000Z,גינאה,1,1,2
2021-06-01T00:00:00.000Z,גאנה,0,1,1
2021-06-01T00:00:00.000Z,גאורגיה,240,12,252
2021-06-01T00:00:00.000Z,ברזיל,3,6,9
2021-06-01T00:00:00.000Z,ברבדוס,0,1,1
2021-06-01T00:00:00.000Z,בלגיה,0,8,8
2021-06-01T00:00:00.000Z,בילורוסיה,40,27,67
2021-06-01T00:00:00.000Z,בוליביה,0,1,1
2021-06-01T00:00:00.000Z,בולגריה,71,1,72
2021-06-01T00:00:00.000Z,אתיופיה,19,7,26
2021-06-01T00:00:00.000Z,ארצות הברית,534,587,1121
2021-06-01T00:00:00.000Z,ארמניה,1,0,1
2021-06-01T00:00:00.000Z,ארגנטינה,5,6,11
2021-06-01T00:00:00.000Z,אקואדור,2,6,8
2021-06-01T00:00:00.000Z,אנגולה,1,1,2
2021-06-01T00:00:00.000Z,אלבניה,1,0,1
2021-06-01T00:00:00.000Z,אירלנד,3,0,3
2021-06-01T00:00:00.000Z,איסלנד,8,2,10
2021-06-01T00:00:00.000Z,איטליה,49,34,83
2021-06-01T00:00:00.000Z,אזרביג'אן,1,0,1
2021-06-01T00:00:00.000Z,אורגוואי,0,4,4
2021-06-01T00:00:00.000Z,אוקראינה,100,59,159
2021-06-01T00:00:00.000Z,אוסטריה,6,4,10
2021-06-01T00:00:00.000Z,אוזבקיסטן,2,2,4
2021-06-01T00:00:00.000Z,אוגנדה,2,0,2
2021-06-01T00:00:00.000Z,איחוד האמירויות הערב,289,44,333
2021-06-01T00:00:00.000Z,סרביה,4,2,6
2021-06-01T00:00:00.000Z,פולין,28,6,34
2021-06-01T00:00:00.000Z,פורטוגל,15,4,19
2021-06-01T00:00:00.000Z,פיליפינים,0,2,2
2021-06-01T00:00:00.000Z,פינלנד,2,0,2
2021-06-01T00:00:00.000Z,פנמה,0,1,1
2021-06-01T00:00:00.000Z,פרו,0,3,3
2021-06-01T00:00:00.000Z,צרפת,98,104,202
2021-06-01T00:00:00.000Z,קולומביה,0,3,3
2021-06-01T00:00:00.000Z,קוסטה ריקה,6,9,15
2021-06-01T00:00:00.000Z,קוריאה הדרומית,2,0,2
2021-06-01T00:00:00.000Z,ניגריה,1,2,3
2021-06-01T00:00:00.000Z,קזחסטאן,0,1,1
2021-06-01T00:00:00.000Z,קנדה,0,5,5
2021-06-01T00:00:00.000Z,קניה,9,4,13
2021-06-01T00:00:00.000Z,קפריסין,127,10,137
2021-06-01T00:00:00.000Z,קרואטיה,2,0,2
2021-06-02T00:00:00.000Z,הממלכה המאוחדת,146,226,372
2021-06-02T00:00:00.000Z,פינלנד,3,0,3
2021-06-02T00:00:00.000Z,פרו,0,1,1
2021-06-02T00:00:00.000Z,צכיה,3,1,4
2021-06-02T00:00:00.000Z,צרפת,185,280,465
2021-06-02T00:00:00.000Z,קולומביה,2,1,3
2021-06-02T00:00:00.000Z,קוסטה ריקה,7,8,15
2021-06-02T00:00:00.000Z,קוריאה הדרומית,1,5,6
2021-06-02T00:00:00.000Z,קזחסטאן,0,2,2
2021-06-02T00:00:00.000Z,קטר,1,0,1
2021-06-02T00:00:00.000Z,קנדה,12,86,98
2021-06-02T00:00:00.000Z,קניה,3,1,4
2021-06-02T00:00:00.000Z,קפריסין,148,24,172
2021-06-02T00:00:00.000Z,קרואטיה,6,3,9
2021-06-02T00:00:00.000Z,רומניה,60,30,90
2021-06-02T00:00:00.000Z,רוסיה,2,7,9
2021-06-02T00:00:00.000Z,שוודיה,1,5,6
2021-06-02T00:00:00.000Z,שוויץ,42,45,87
2021-06-02T00:00:00.000Z,תאילנד,3,7,10
2021-06-02T00:00:00.000Z,סלובניה,3,1,4
2021-06-02T00:00:00.000Z,סינגפור,0,21,21
2021-06-02T00:00:00.000Z,סין,3,16,19
2021-06-02T00:00:00.000Z,ניגריה,0,1,1
2021-06-02T00:00:00.000Z,נורבגיה,0,1,1
2021-06-02T00:00:00.000Z,מרוקו,1,2,3
2021-06-02T00:00:00.000Z,מקסיקו,7,5,12
2021-06-02T00:00:00.000Z,מקדוניה,2,0,2
2021-06-02T00:00:00.000Z,מצרים,145,12,157
2021-06-02T00:00:00.000Z,מלטה,3,0,3
2021-06-02T00:00:00.000Z,מלדיבים,15,1,16
2021-06-02T00:00:00.000Z,מונטנגרו,33,0,33
2021-06-02T00:00:00.000Z,ליטא,1,0,1
2021-06-02T00:00:00.000Z,לטביה,0,1,1
2021-06-02T00:00:00.000Z,כלל המדינות,3635,4474,8109
2021-06-02T00:00:00.000Z,ירדן,39,36,75
2021-06-02T00:00:00.000Z,יפן,1,0,1
2021-06-02T00:00:00.000Z,יוון,309,22,331
2021-06-02T00:00:00.000Z,טנזניה,0,1,1
2021-06-02T00:00:00.000Z,טיוואן,1,3,4
2021-06-02T00:00:00.000Z,זימבאבווה,2,0,2
2021-06-02T00:00:00.000Z,זאיר,0,1,1
2021-06-02T00:00:00.000Z,ונצואלה,1,0,1
2021-06-02T00:00:00.000Z,ויטנאם,0,1,1
2021-06-02T00:00:00.000Z,הרפ הדומיניקנית,0,1,1
2021-06-02T00:00:00.000Z,פרגוואי,4,0,4
2021-06-02T00:00:00.000Z,הונגריה,45,30,75
2021-06-02T00:00:00.000Z,הונג קונג,0,5,5
2021-06-02T00:00:00.000Z,הולנד,56,31,87
2021-06-02T00:00:00.000Z,דרום סודאן,0,1,1
2021-06-02T00:00:00.000Z,דרום אפריקה,2,1,3
2021-06-02T00:00:00.000Z,דנמרק,6,4,10
2021-06-02T00:00:00.000Z,גרמניה,125,89,214
2021-06-02T00:00:00.000Z,גויאנה הצרפתית,0,3,3
2021-06-02T00:00:00.000Z,גאנה,1,0,1
2021-06-02T00:00:00.000Z,גאורגיה,139,19,158
2021-06-02T00:00:00.000Z,ברזיל,1,6,7
2021-06-02T00:00:00.000Z,בלגיה,1,4,5
2021-06-02T00:00:00.000Z,בילורוסיה,19,12,31
2021-06-02T00:00:00.000Z,בוליביה,1,2,3
2021-06-02T00:00:00.000Z,בולגריה,105,28,133
2021-06-02T00:00:00.000Z,בוטסואנה,3,0,3
2021-06-02T00:00:00.000Z,אתיופיה,15,8,23
2021-06-02T00:00:00.000Z,ארצות הברית,605,1273,1878
2021-06-02T00:00:00.000Z,ארגנטינה,9,4,13
2021-06-02T00:00:00.000Z,פיליפינים,2,2,4
2021-06-02T00:00:00.000Z,פורטוגל,8,2,10
2021-06-02T00:00:00.000Z,פולין,79,21,100
2021-06-02T00:00:00.000Z,תוניסיה,3,0,3
2021-06-02T00:00:00.000Z,תורכיה,115,28,143
2021-06-02T00:00:00.000Z,תורכמניסטאן,1,0,1
2021-06-02T00:00:00.000Z,איחוד האמירויות הערב,239,38,277
2021-06-02T00:00:00.000Z,ערב הסעודית,0,6,6
2021-06-02T00:00:00.000Z,סרי לנקה (צילון),1,0,1
2021-06-02T00:00:00.000Z,סרביה,5,3,8
2021-06-02T00:00:00.000Z,ספרד,53,27,80
2021-06-02T00:00:00.000Z,אסטוניה,1,0,1
2021-06-02T00:00:00.000Z,אנגולה,2,0,2
2021-06-02T00:00:00.000Z,אלבניה,3,0,3
2021-06-02T00:00:00.000Z,אירלנד,0,4,4
2021-06-02T00:00:00.000Z,אינדונזיה,0,1,1
2021-06-02T00:00:00.000Z,איי סיישל,38,5,43
2021-06-02T00:00:00.000Z,איטליה,45,15,60
2021-06-02T00:00:00.000Z,אזרביג'אן,3,1,4
2021-06-02T00:00:00.000Z,אוקראינה,35,32,67
2021-06-02T00:00:00.000Z,אוסטרליה,1,4,5
2021-06-02T00:00:00.000Z,אוסטריה,57,35,92
2021-06-02T00:00:00.000Z,אוזבקיסטן,1,0,1
2021-06-02T00:00:00.000Z,פנמה,0,1,1
2021-06-03T00:00:00.000Z,אוגנדה,4,0,4
2021-06-03T00:00:00.000Z,מלדיבים,1,1,2
2021-06-03T00:00:00.000Z,תורכמניסטאן,5,0,5
2021-06-03T00:00:00.000Z,תורכיה,78,36,114
2021-06-03T00:00:00.000Z,תאילנד,4,2,6
2021-06-03T00:00:00.000Z,שוויץ,50,25,75
2021-06-03T00:00:00.000Z,שוודיה,5,5,10
2021-06-03T00:00:00.000Z,רוסיה,147,118,265
2021-06-03T00:00:00.000Z,רומניה,37,9,46
2021-06-03T00:00:00.000Z,רואנדה,12,1,13
2021-06-03T00:00:00.000Z,ראוניון,1,0,1
2021-06-03T00:00:00.000Z,קרואטיה,4,1,5
2021-06-03T00:00:00.000Z,קפריסין,250,35,285
2021-06-03T00:00:00.000Z,קניה,4,0,4
2021-06-03T00:00:00.000Z,קנדה,0,4,4
2021-06-03T00:00:00.000Z,קמרון,3,0,3
2021-06-03T00:00:00.000Z,קוריאה הדרומית,4,0,4
2021-06-03T00:00:00.000Z,קוסובו,1,0,1
2021-06-03T00:00:00.000Z,קולומביה,0,2,2
2021-06-03T00:00:00.000Z,צרפת,139,144,283
2021-06-03T00:00:00.000Z,צכיה,26,7,33
2021-06-03T00:00:00.000Z,צ'ילה,0,6,6
2021-06-03T00:00:00.000Z,פרו,4,3,7
2021-06-03T00:00:00.000Z,פנמה,2,4,6
2021-06-03T00:00:00.000Z,פינלנד,4,1,5
2021-06-03T00:00:00.000Z,פיליפינים,0,8,8
2021-06-03T00:00:00.000Z,פורטוגל,9,2,11
2021-06-03T00:00:00.000Z,פולין,20,1,21
2021-06-03T00:00:00.000Z,עירק,0,2,2
2021-06-03T00:00:00.000Z,סרביה,3,0,3
2021-06-03T00:00:00.000Z,ספרד,38,16,54
2021-06-03T00:00:00.000Z,סין,1,5,6
2021-06-03T00:00:00.000Z,נמיביה,1,2,3
2021-06-03T00:00:00.000Z,ניגריה,5,5,10
2021-06-03T00:00:00.000Z,נורבגיה,0,2,2
2021-06-03T00:00:00.000Z,מרוקו,0,2,2
2021-06-03T00:00:00.000Z,מקסיקו,0,3,3
2021-06-03T00:00:00.000Z,מקדוניה,4,0,4
2021-06-03T00:00:00.000Z,מצרים,270,48,318
2021-06-03T00:00:00.000Z,איחוד האמירויות הערב,287,43,330
2021-06-03T00:00:00.000Z,מולדובה,68,42,110
2021-06-03T00:00:00.000Z,לבנון,0,1,1
2021-06-03T00:00:00.000Z,כלל המדינות,6029,4607,10636
2021-06-03T00:00:00.000Z,ירדן,77,59,136
2021-06-03T00:00:00.000Z,יפן,0,2,2
2021-06-03T00:00:00.000Z,יוון,697,67,764
2021-06-03T00:00:00.000Z,טנזניה,6,0,6
2021-06-03T00:00:00.000Z,טיוואן,2,0,2
2021-06-03T00:00:00.000Z,טוגו,1,0,1
2021-06-03T00:00:00.000Z,חוף השנהב,4,0,4
2021-06-03T00:00:00.000Z,זמביה,4,0,4
2021-06-03T00:00:00.000Z,ונואטו,0,1,1
2021-06-03T00:00:00.000Z,הממלכה המאוחדת,206,185,391
2021-06-03T00:00:00.000Z,הונגריה,51,34,85
2021-06-03T00:00:00.000Z,הונג קונג,1,0,1
2021-06-03T00:00:00.000Z,הולנד,11,3,14
2021-06-03T00:00:00.000Z,הודו,2,3,5
2021-06-03T00:00:00.000Z,דרום אפריקה,3,8,11
2021-06-03T00:00:00.000Z,דנמרק,4,3,7
2021-06-03T00:00:00.000Z,גרמניה,112,51,163
2021-06-03T00:00:00.000Z,גינאה המשוונית,2,1,3
2021-06-03T00:00:00.000Z,גינאה,1,0,1
2021-06-03T00:00:00.000Z,גויאנה הצרפתית,1,0,1
2021-06-03T00:00:00.000Z,גווטאמלה,1,0,1
2021-06-03T00:00:00.000Z,גאנה,1,1,2
2021-06-03T00:00:00.000Z,גאורגיה,481,24,505
2021-06-03T00:00:00.000Z,ברזיל,3,3,6
2021-06-03T00:00:00.000Z,בלגיה,76,66,142
2021-06-03T00:00:00.000Z,בילורוסיה,48,21,69
2021-06-03T00:00:00.000Z,בוסניה הרצגובינה,7,6,13
2021-06-03T00:00:00.000Z,בוליביה,3,0,3
2021-06-03T00:00:00.000Z,בולגריה,169,3,172
2021-06-03T00:00:00.000Z,אתיופיה,12,6,18
2021-06-03T00:00:00.000Z,ארצות הברית,498,749,1247
2021-06-03T00:00:00.000Z,ארגנטינה,2,16,18
2021-06-03T00:00:00.000Z,אנגולה,1,1,2
2021-06-03T00:00:00.000Z,אירלנד,3,0,3
2021-06-03T00:00:00.000Z,איסלנד,16,0,16
2021-06-03T00:00:00.000Z,איי סיישל,59,6,65
2021-06-03T00:00:00.000Z,איי טורקס וקייקוס,1,0,1
2021-06-03T00:00:00.000Z,איטליה,13,9,22
2021-06-03T00:00:00.000Z,אזרביג'אן,15,3,18
2021-06-03T00:00:00.000Z,אוקראינה,50,49,99
2021-06-03T00:00:00.000Z,אוסטרליה,1,0,1
2021-06-03T00:00:00.000Z,אוסטריה,30,23,53
2021-06-03T00:00:00.000Z,אוזבקיסטן,3,1,4
2021-06-04T00:00:00.000Z,לטביה,1,3,4
2021-06-04T00:00:00.000Z,איחוד האמירויות הערב,364,25,389
2021-06-04T00:00:00.000Z,תורכיה,84,41,125
2021-06-04T00:00:00.000Z,תוניסיה,2,0,2
2021-06-04T00:00:00.000Z,שוויץ,62,23,85
2021-06-04T00:00:00.000Z,שוודיה,4,1,5
2021-06-04T00:00:00.000Z,רוסיה,129,74,203
2021-06-04T00:00:00.000Z,רומניה,60,18,78
2021-06-04T00:00:00.000Z,קרואטיה,5,0,5
2021-06-04T00:00:00.000Z,קפריסין,119,13,132
2021-06-04T00:00:00.000Z,קניה,8,1,9
2021-06-04T00:00:00.000Z,קנדה,5,46,51
2021-06-04T00:00:00.000Z,קוריאה הדרומית,1,1,2
2021-06-04T00:00:00.000Z,קוסטה ריקה,5,1,6
2021-06-04T00:00:00.000Z,קולומביה,3,3,6
2021-06-04T00:00:00.000Z,צרפת,218,148,366
2021-06-04T00:00:00.000Z,צכיה,8,0,8
2021-06-04T00:00:00.000Z,צ'ילה,0,1,1
2021-06-04T00:00:00.000Z,פרו,2,0,2
2021-06-04T00:00:00.000Z,פינלנד,7,1,8
2021-06-04T00:00:00.000Z,פורטוגל,12,10,22
2021-06-04T00:00:00.000Z,פולין,63,14,77
2021-06-04T00:00:00.000Z,סרי לנקה (צילון),3,0,3
2021-06-04T00:00:00.000Z,סרביה,15,1,16
2021-06-04T00:00:00.000Z,ספרד,55,25,80
2021-06-04T00:00:00.000Z,סנגל,1,0,1
2021-06-04T00:00:00.000Z,סמואה,1,0,1
2021-06-04T00:00:00.000Z,סלובניה,2,1,3
2021-06-04T00:00:00.000Z,סוריה,0,1,1
2021-06-04T00:00:00.000Z,נפאל,1,0,1
2021-06-04T00:00:00.000Z,ניו זילנד,1,1,2
2021-06-04T00:00:00.000Z,ניגריה,4,3,7
2021-06-04T00:00:00.000Z,נורבגיה,0,2,2
2021-06-04T00:00:00.000Z,מרוקו,1,5,6
2021-06-04T00:00:00.000Z,מקסיקו,4,3,7
2021-06-04T00:00:00.000Z,מקדוניה,2,0,2
2021-06-04T00:00:00.000Z,מצרים,243,39,282
2021-06-04T00:00:00.000Z,מלדיבים,7,0,7
2021-06-04T00:00:00.000Z,מונטנגרו,25,1,26
2021-06-04T00:00:00.000Z,ליטא,9,5,14
2021-06-04T00:00:00.000Z,תורכמניסטאן,4,0,4
2021-06-04T00:00:00.000Z,לוכסמבורג,1,0,1
2021-06-04T00:00:00.000Z,כלל המדינות,4475,2961,7436
2021-06-04T00:00:00.000Z,ירדן,0,12,12
2021-06-04T00:00:00.000Z,יפן,0,4,4
2021-06-04T00:00:00.000Z,יוון,428,45,473
2021-06-04T00:00:00.000Z,טנזניה,1,0,1
2021-06-04T00:00:00.000Z,זמביה,1,0,1
2021-06-04T00:00:00.000Z,זאיר,1,0,1
2021-06-04T00:00:00.000Z,ונצואלה,0,1,1
2021-06-04T00:00:00.000Z,ויטנאם,0,3,3
2021-06-04T00:00:00.000Z,הממלכה המאוחדת,114,86,200
2021-06-04T00:00:00.000Z,הונגריה,9,1,10
2021-06-04T00:00:00.000Z,הולנד,58,32,90
2021-06-04T00:00:00.000Z,דנמרק,3,1,4
2021-06-04T00:00:00.000Z,גרמניה,168,121,289
2021-06-04T00:00:00.000Z,גמייקה,0,1,1
2021-06-04T00:00:00.000Z,גווטאמלה,0,2,2
2021-06-04T00:00:00.000Z,גאנה,2,0,2
2021-06-04T00:00:00.000Z,גאורגיה,316,29,345
2021-06-04T00:00:00.000Z,ברמודה,1,0,1
2021-06-04T00:00:00.000Z,בלגיה,3,2,5
2021-06-04T00:00:00.000Z,בילורוסיה,4,0,4
2021-06-04T00:00:00.000Z,בוסניה הרצגובינה,9,0,9
2021-06-04T00:00:00.000Z,בוליביה,1,2,3
2021-06-04T00:00:00.000Z,בולגריה,157,39,196
2021-06-04T00:00:00.000Z,ארצות הברית,746,637,1383
2021-06-04T00:00:00.000Z,ארגנטינה,2,3,5
2021-06-04T00:00:00.000Z,אסטוניה,0,2,2
2021-06-04T00:00:00.000Z,אנגולה,3,0,3
2021-06-04T00:00:00.000Z,אירלנד,1,4,5
2021-06-04T00:00:00.000Z,אינדונזיה,0,1,1
2021-06-04T00:00:00.000Z,איטליה,50,42,92
2021-06-04T00:00:00.000Z,אזרביג'אן,8,2,10
2021-06-04T00:00:00.000Z,אורגוואי,0,6,6
2021-06-04T00:00:00.000Z,אוקראינה,47,29,76
2021-06-04T00:00:00.000Z,אוסטרליה,0,13,13
2021-06-04T00:00:00.000Z,אוסטריה,131,39,170
2021-06-04T00:00:00.000Z,אוזבקיסטן,2,0,2
2021-06-04T00:00:00.000Z,אוגנדה,2,0,2
2021-06-05T00:00:00.000Z,זאיר,2,0,2
2021-06-05T00:00:00.000Z,זימבאבווה,2,0,2
2021-06-05T00:00:00.000Z,זמביה,6,0,6
2021-06-05T00:00:00.000Z,חוף השנהב,6,0,6
2021-06-05T00:00:00.000Z,טיוואן,3,8,11
2021-06-05T00:00:00.000Z,טנזניה,4,1,5
2021-06-05T00:00:00.000Z,יוון,421,32,453
2021-06-05T00:00:00.000Z,יפן,0,5,5
2021-06-05T00:00:00.000Z,כלל המדינות,2812,1610,4422
2021-06-05T00:00:00.000Z,לטביה,3,0,3
2021-06-05T00:00:00.000Z,מולדובה,1,0,1
2021-06-05T00:00:00.000Z,מלאווי,1,0,1
2021-06-05T00:00:00.000Z,מלדיבים,3,1,4
2021-06-05T00:00:00.000Z,מצרים,476,52,528
2021-06-05T00:00:00.000Z,מקסיקו,2,0,2
2021-06-05T00:00:00.000Z,נורבגיה,0,2,2
2021-06-05T00:00:00.000Z,ניגריה,2,0,2
2021-06-05T00:00:00.000Z,סווזילנד,1,0,1
2021-06-05T00:00:00.000Z,סין,2,16,18
2021-06-05T00:00:00.000Z,סינגפור,0,4,4
2021-06-05T00:00:00.000Z,אוגנדה,1,0,1
2021-06-05T00:00:00.000Z,איחוד האמירויות הערב,167,14,181
2021-06-05T00:00:00.000Z,אוזבקיסטן,1,2,3
2021-06-05T00:00:00.000Z,אוסטריה,25,20,45
2021-06-05T00:00:00.000Z,אוסטרליה,1,1,2
2021-06-05T00:00:00.000Z,אזרביג'אן,3,0,3
2021-06-05T00:00:00.000Z,איטליה,24,12,36
2021-06-05T00:00:00.000Z,איי טורקס וקייקוס,0,1,1
2021-06-05T00:00:00.000Z,איי סיישל,1,0,1
2021-06-05T00:00:00.000Z,איסלנד,9,0,9
2021-06-05T00:00:00.000Z,אלבניה,3,0,3
2021-06-05T00:00:00.000Z,אקואדור,1,1,2
2021-06-05T00:00:00.000Z,ארמניה,3,0,3
2021-06-05T00:00:00.000Z,ארצות הברית,322,702,1024
2021-06-05T00:00:00.000Z,אתיופיה,23,5,28
2021-06-05T00:00:00.000Z,בולגריה,1,1,2
2021-06-05T00:00:00.000Z,בורונדי,0,1,1
2021-06-05T00:00:00.000Z,בורקינה פאסו,2,0,2
2021-06-05T00:00:00.000Z,גאורגיה,79,10,89
2021-06-05T00:00:00.000Z,גווטאמלה,0,1,1
2021-06-05T00:00:00.000Z,גינאה,1,0,1
2021-06-05T00:00:00.000Z,גרמניה,94,55,149
2021-06-05T00:00:00.000Z,דנמרק,5,1,6
2021-06-05T00:00:00.000Z,דרום אפריקה,5,5,10
2021-06-05T00:00:00.000Z,הולנד,42,25,67
2021-06-05T00:00:00.000Z,הונג קונג,0,1,1
2021-06-05T00:00:00.000Z,הונגריה,5,11,16
2021-06-05T00:00:00.000Z,הממלכה המאוחדת,47,51,98
2021-06-05T00:00:00.000Z,הרפ הדומיניקנית,2,0,2
2021-06-05T00:00:00.000Z,תורכמניסטאן,2,0,2
2021-06-05T00:00:00.000Z,תורכיה,130,41,171
2021-06-05T00:00:00.000Z,תאילנד,1,0,1
2021-06-05T00:00:00.000Z,שוויץ,24,12,36
2021-06-05T00:00:00.000Z,שוודיה,1,4,5
2021-06-05T00:00:00.000Z,רוסיה,1,0,1
2021-06-05T00:00:00.000Z,רומניה,78,34,112
2021-06-05T00:00:00.000Z,רואנדה,5,0,5
2021-06-05T00:00:00.000Z,קרואטיה,4,1,5
2021-06-05T00:00:00.000Z,קפריסין,386,29,415
2021-06-05T00:00:00.000Z,קניה,7,1,8
2021-06-05T00:00:00.000Z,קנדה,0,2,2
2021-06-05T00:00:00.000Z,קמרון,2,0,2
2021-06-05T00:00:00.000Z,קמבודיה,0,1,1
2021-06-05T00:00:00.000Z,קטר,1,0,1
2021-06-05T00:00:00.000Z,קוריאה הדרומית,3,0,3
2021-06-05T00:00:00.000Z,קוסטה ריקה,0,2,2
2021-06-05T00:00:00.000Z,צרפת,28,41,69
2021-06-05T00:00:00.000Z,צ'ילה,0,3,3
2021-06-05T00:00:00.000Z,צאד,1,0,1
2021-06-05T00:00:00.000Z,פרו,1,1,2
2021-06-05T00:00:00.000Z,פיליפינים,0,14,14
2021-06-05T00:00:00.000Z,פורטוגל,8,0,8
2021-06-05T00:00:00.000Z,פולין,80,3,83
2021-06-05T00:00:00.000Z,עירק,2,0,2
2021-06-05T00:00:00.000Z,סרי לנקה (צילון),1,0,1
2021-06-05T00:00:00.000Z,סרביה,8,4,12
2021-06-05T00:00:00.000Z,ספרד,12,7,19
2021-06-05T00:00:00.000Z,סלובניה,2,0,2
2021-06-06T00:00:00.000Z,ליטא,1,1,2
2021-06-06T00:00:00.000Z,איחוד האמירויות הערב,243,52,295
2021-06-06T00:00:00.000Z,תאילנד,3,3,6
2021-06-06T00:00:00.000Z,שוויץ,40,14,54
2021-06-06T00:00:00.000Z,שוודיה,5,4,9
2021-06-06T00:00:00.000Z,רוסיה,42,56,98
2021-06-06T00:00:00.000Z,רומניה,121,10,131
2021-06-06T00:00:00.000Z,קרואטיה,3,0,3
2021-06-06T00:00:00.000Z,קפריסין,618,31,649
2021-06-06T00:00:00.000Z,קניה,1,0,1
2021-06-06T00:00:00.000Z,קנדה,3,52,55
2021-06-06T00:00:00.000Z,קטר,0,1,1
2021-06-06T00:00:00.000Z,קזחסטאן,0,1,1
2021-06-06T00:00:00.000Z,קוריאה הדרומית,5,8,13
2021-06-06T00:00:00.000Z,קוסטה ריקה,3,9,12
2021-06-06T00:00:00.000Z,קולומביה,1,1,2
2021-06-06T00:00:00.000Z,צרפת,173,237,410
2021-06-06T00:00:00.000Z,צכיה,12,1,13
2021-06-06T00:00:00.000Z,פרו,1,1,2
2021-06-06T00:00:00.000Z,פרגוואי,1,0,1
2021-06-06T00:00:00.000Z,פנמה,2,0,2
2021-06-06T00:00:00.000Z,פינלנד,3,0,3
2021-06-06T00:00:00.000Z,פורטוגל,21,2,23
2021-06-06T00:00:00.000Z,פולין,42,10,52
2021-06-06T00:00:00.000Z,סרביה,0,6,6
2021-06-06T00:00:00.000Z,ספרד,15,3,18
2021-06-06T00:00:00.000Z,סלובניה,7,0,7
2021-06-06T00:00:00.000Z,סין,0,1,1
2021-06-06T00:00:00.000Z,נורבגיה,1,0,1
2021-06-06T00:00:00.000Z,מקסיקו,1,3,4
2021-06-06T00:00:00.000Z,מקדוניה,0,1,1
2021-06-06T00:00:00.000Z,מצרים,683,58,741
2021-06-06T00:00:00.000Z,מלדיבים,9,1,10
2021-06-06T00:00:00.000Z,מונטנגרו,1,0,1
2021-06-06T00:00:00.000Z,מולדובה,81,42,123
2021-06-06T00:00:00.000Z,תורכיה,161,56,217
2021-06-06T00:00:00.000Z,לוכסמבורג,1,0,1
2021-06-06T00:00:00.000Z,כלל המדינות,8198,4126,12324
2021-06-06T00:00:00.000Z,ירדן,104,38,142
2021-06-06T00:00:00.000Z,יוון,2418,88,2506
2021-06-06T00:00:00.000Z,חוף השנהב,3,3,6
2021-06-06T00:00:00.000Z,הממלכה המאוחדת,339,217,556
2021-06-06T00:00:00.000Z,הולנד,69,28,97
2021-06-06T00:00:00.000Z,דרום אפריקה,2,0,2
2021-06-06T00:00:00.000Z,דנמרק,8,4,12
2021-06-06T00:00:00.000Z,גרמניה,146,127,273
2021-06-06T00:00:00.000Z,גווטאמלה,0,1,1
2021-06-06T00:00:00.000Z,גאנה,1,0,1
2021-06-06T00:00:00.000Z,גאורגיה,583,26,609
2021-06-06T00:00:00.000Z,ברזיל,0,2,2
2021-06-06T00:00:00.000Z,בלגיה,46,71,117
2021-06-06T00:00:00.000Z,בילורוסיה,135,17,152
2021-06-06T00:00:00.000Z,בוסניה הרצגובינה,2,0,2
2021-06-06T00:00:00.000Z,בוליביה,3,0,3
2021-06-06T00:00:00.000Z,בולגריה,402,12,414
2021-06-06T00:00:00.000Z,ארצות הברית,400,600,1000
2021-06-06T00:00:00.000Z,ארגנטינה,1,0,1
2021-06-06T00:00:00.000Z,אסטוניה,2,0,2
2021-06-06T00:00:00.000Z,אנגליה,1,0,1
2021-06-06T00:00:00.000Z,אירלנד,2,5,7
2021-06-06T00:00:00.000Z,איסלנד,1,0,1
2021-06-06T00:00:00.000Z,איי סיישל,72,0,72
2021-06-06T00:00:00.000Z,איטליה,24,14,38
2021-06-06T00:00:00.000Z,אזרביג'אן,2,4,6
2021-06-06T00:00:00.000Z,אורגוואי,1,0,1
2021-06-06T00:00:00.000Z,אוקראינה,71,72,143
2021-06-06T00:00:00.000Z,אוסטרליה,2,1,3
2021-06-06T00:00:00.000Z,אוסטריה,53,8,61
2021-06-06T00:00:00.000Z,אוגנדה,0,2,2
2021-06-06T00:00:00.000Z,תורכמניסטאן,2,0,2
2021-06-07T00:00:00.000Z,קנדה,1,4,5
2021-06-07T00:00:00.000Z,תורכיה,116,26,142
2021-06-07T00:00:00.000Z,תוניסיה,1,0,1
2021-06-07T00:00:00.000Z,תאילנד,0,3,3
2021-06-07T00:00:00.000Z,שוויץ,64,49,113
2021-06-07T00:00:00.000Z,שוודיה,5,1,6
2021-06-07T00:00:00.000Z,רוסיה,194,130,324
2021-06-07T00:00:00.000Z,רומניה,112,18,130
2021-06-07T00:00:00.000Z,רואנדה,1,2,3
2021-06-07T00:00:00.000Z,קרואטיה,6,4,10
2021-06-07T00:00:00.000Z,קפריסין,424,17,441
2021-06-07T00:00:00.000Z,קניה,6,2,8
2021-06-07T00:00:00.000Z,בילורוסיה,1,0,1
2021-06-07T00:00:00.000Z,קזחסטאן,1,1,2
2021-06-07T00:00:00.000Z,קוסטה ריקה,6,0,6
2021-06-07T00:00:00.000Z,קונגו,3,0,3
2021-06-07T00:00:00.000Z,קולומביה,0,2,2
2021-06-07T00:00:00.000Z,קובה,1,0,1
2021-06-07T00:00:00.000Z,צרפת,222,211,433
2021-06-07T00:00:00.000Z,צכיה,1,0,1
2021-06-07T00:00:00.000Z,צ'ילה,2,15,17
2021-06-07T00:00:00.000Z,פנמה,0,5,5
2021-06-07T00:00:00.000Z,פינלנד,9,1,10
2021-06-07T00:00:00.000Z,פיליפינים,0,28,28
2021-06-07T00:00:00.000Z,פורטוגל,13,4,17
2021-06-07T00:00:00.000Z,פולין,38,9,47
2021-06-07T00:00:00.000Z,סרי לנקה (צילון),2,0,2
2021-06-07T00:00:00.000Z,סרביה,15,1,16
2021-06-07T00:00:00.000Z,ספרד,160,52,212
2021-06-07T00:00:00.000Z,סנגל,1,0,1
2021-06-07T00:00:00.000Z,סלובניה,11,0,11
2021-06-07T00:00:00.000Z,נמיביה,1,0,1
2021-06-07T00:00:00.000Z,ניו זילנד,0,1,1
2021-06-07T00:00:00.000Z,ניגריה,1,6,7
2021-06-07T00:00:00.000Z,נורבגיה,1,0,1
2021-06-07T00:00:00.000Z,מרוקו,2,0,2
2021-06-07T00:00:00.000Z,מקסיקו,4,1,5
2021-06-07T00:00:00.000Z,מצרים,448,51,499
2021-06-07T00:00:00.000Z,מלטה,1,0,1
2021-06-07T00:00:00.000Z,מלדיבים,8,1,9
2021-06-07T00:00:00.000Z,מונקו,0,1,1
2021-06-07T00:00:00.000Z,מונטנגרו,131,2,133
2021-06-07T00:00:00.000Z,ליטא,2,1,3
2021-06-07T00:00:00.000Z,לטביה,2,0,2
2021-06-07T00:00:00.000Z,לוכסמבורג,2,1,3
2021-06-07T00:00:00.000Z,כלל המדינות,7872,4486,12358
2021-06-07T00:00:00.000Z,כווית,0,3,3
2021-06-07T00:00:00.000Z,ירדן,44,29,73
2021-06-07T00:00:00.000Z,יוון,1252,53,1305
2021-06-07T00:00:00.000Z,טנזניה,1,15,16
2021-06-07T00:00:00.000Z,טיוואן,0,2,2
2021-06-07T00:00:00.000Z,זמביה,1,0,1
2021-06-07T00:00:00.000Z,זאיר,1,0,1
2021-06-07T00:00:00.000Z,הרפ הדומיניקנית,1,0,1
2021-06-07T00:00:00.000Z,הממלכה המאוחדת,353,212,565
2021-06-07T00:00:00.000Z,הונגריה,53,18,71
2021-06-07T00:00:00.000Z,הונג קונג,0,1,1
2021-06-07T00:00:00.000Z,הולנד,86,15,101
2021-06-07T00:00:00.000Z,הודו,15,14,29
2021-06-07T00:00:00.000Z,דרום סודאן,1,0,1
2021-06-07T00:00:00.000Z,דרום אפריקה,1,2,3
2021-06-07T00:00:00.000Z,דנמרק,7,2,9
2021-06-07T00:00:00.000Z,גרמניה,227,98,325
2021-06-07T00:00:00.000Z,גווטאמלה,0,1,1
2021-06-07T00:00:00.000Z,גאנה,3,7,10
2021-06-07T00:00:00.000Z,גאורגיה,545,49,594
2021-06-07T00:00:00.000Z,ברזיל,1,5,6
2021-06-07T00:00:00.000Z,בלגיה,4,7,11
2021-06-07T00:00:00.000Z,בחריין,0,1,1
2021-06-07T00:00:00.000Z,בורקינה פאסו,1,0,1
2021-06-07T00:00:00.000Z,בוסניה הרצגובינה,0,3,3
2021-06-07T00:00:00.000Z,בוליביה,4,1,5
2021-06-07T00:00:00.000Z,בולגריה,289,16,305
2021-06-07T00:00:00.000Z,אתיופיה,24,15,39
2021-06-07T00:00:00.000Z,ארצות הברית,1057,1078,2135
2021-06-07T00:00:00.000Z,ארמניה,2,0,2
2021-06-07T00:00:00.000Z,ארגנטינה,0,2,2
2021-06-07T00:00:00.000Z,אקואדור,0,9,9
2021-06-07T00:00:00.000Z,אנגולה,1,0,1
2021-06-07T00:00:00.000Z,אלבניה,2,0,2
2021-06-07T00:00:00.000Z,אירלנד,1,0,1
2021-06-07T00:00:00.000Z,איסלנד,25,0,25
2021-06-07T00:00:00.000Z,איי סיישל,40,6,46
2021-06-07T00:00:00.000Z,איי טורקס וקייקוס,1,0,1
2021-06-07T00:00:00.000Z,איטליה,117,59,176
2021-06-07T00:00:00.000Z,אזרביג'אן,3,3,6
2021-06-07T00:00:00.000Z,אורגוואי,1,0,1
2021-06-07T00:00:00.000Z,אוקראינה,33,36,69
2021-06-07T00:00:00.000Z,אוסטרליה,2,0,2
2021-06-07T00:00:00.000Z,אוסטריה,195,35,230
2021-06-07T00:00:00.000Z,אוזבקיסטן,28,61,89
2021-06-07T00:00:00.000Z,אוגנדה,2,5,7
2021-06-07T00:00:00.000Z,תורכמניסטאן,1,0,1
2021-06-07T00:00:00.000Z,איחוד האמירויות הערב,536,46,582
2021-06-08T00:00:00.000Z,יוון,437,31,468
2021-06-08T00:00:00.000Z,טנזניה,2,0,2
2021-06-08T00:00:00.000Z,זמביה,1,0,1
2021-06-08T00:00:00.000Z,זימבאבווה,1,0,1
2021-06-08T00:00:00.000Z,הרפ הדומיניקנית,2,0,2
2021-06-08T00:00:00.000Z,הממלכה המאוחדת,201,177,378
2021-06-08T00:00:00.000Z,הונגריה,4,2,6
2021-06-08T00:00:00.000Z,הולנד,88,19,107
2021-06-08T00:00:00.000Z,דרום אפריקה,1,2,3
2021-06-08T00:00:00.000Z,דנמרק,9,1,10
2021-06-08T00:00:00.000Z,דומיניקה,2,0,2
2021-06-08T00:00:00.000Z,גרמניה,151,73,224
2021-06-08T00:00:00.000Z,גאנה,5,1,6
2021-06-08T00:00:00.000Z,גאורגיה,202,10,212
2021-06-08T00:00:00.000Z,ברזיל,3,17,20
2021-06-08T00:00:00.000Z,בולגריה,64,3,67
2021-06-08T00:00:00.000Z,בלגיה,8,10,18
2021-06-08T00:00:00.000Z,בילורוסיה,76,54,130
2021-06-08T00:00:00.000Z,בוליביה,2,0,2
2021-06-08T00:00:00.000Z,תורכיה,115,42,157
2021-06-08T00:00:00.000Z,תאילנד,3,3,6
2021-06-08T00:00:00.000Z,שוויץ,2,6,8
2021-06-08T00:00:00.000Z,שוודיה,4,1,5
2021-06-08T00:00:00.000Z,רוסיה,33,28,61
2021-06-08T00:00:00.000Z,רומניה,1,0,1
2021-06-08T00:00:00.000Z,רואנדה,4,0,4
2021-06-08T00:00:00.000Z,קרואטיה,0,1,1
2021-06-08T00:00:00.000Z,קפריסין,235,20,255
2021-06-08T00:00:00.000Z,קניה,3,0,3
2021-06-08T00:00:00.000Z,קנדה,1,3,4
2021-06-08T00:00:00.000Z,קמרון,1,0,1
2021-06-08T00:00:00.000Z,קטר,0,1,1
2021-06-08T00:00:00.000Z,קזחסטאן,3,1,4
2021-06-08T00:00:00.000Z,קוריאה הדרומית,5,2,7
2021-06-08T00:00:00.000Z,קוסטה ריקה,1,0,1
2021-06-08T00:00:00.000Z,צרפת,165,199,364
2021-06-08T00:00:00.000Z,צכיה,3,0,3
2021-06-08T00:00:00.000Z,פנמה,1,1,2
2021-06-08T00:00:00.000Z,פיליפינים,0,1,1
2021-06-08T00:00:00.000Z,פורטוגל,3,0,3
2021-06-08T00:00:00.000Z,פולין,105,18,123
2021-06-08T00:00:00.000Z,סרי לנקה (צילון),2,0,2
2021-06-08T00:00:00.000Z,סרביה,13,0,13
2021-06-08T00:00:00.000Z,ספרד,6,1,7
2021-06-08T00:00:00.000Z,סינגפור,0,1,1
2021-06-08T00:00:00.000Z,ניגריה,1,0,1
2021-06-08T00:00:00.000Z,נורבגיה,0,1,1
2021-06-08T00:00:00.000Z,מרוקו,3,2,5
2021-06-08T00:00:00.000Z,מקסיקו,2,2,4
2021-06-08T00:00:00.000Z,מצרים,284,25,309
2021-06-08T00:00:00.000Z,מלדיבים,11,0,11
2021-06-08T00:00:00.000Z,מונטנגרו,1,0,1
2021-06-08T00:00:00.000Z,מולדובה,81,45,126
2021-06-08T00:00:00.000Z,ליטא,9,1,10
2021-06-08T00:00:00.000Z,לטביה,3,1,4
2021-06-08T00:00:00.000Z,אתיופיה,11,3,14
2021-06-08T00:00:00.000Z,ארצות הברית,671,781,1452
2021-06-08T00:00:00.000Z,ארמניה,0,1,1
2021-06-08T00:00:00.000Z,ארגנטינה,3,1,4
2021-06-08T00:00:00.000Z,אנגולה,0,1,1
2021-06-08T00:00:00.000Z,אלבניה,3,0,3
2021-06-08T00:00:00.000Z,אירלנד,0,4,4
2021-06-08T00:00:00.000Z,איטליה,70,18,88
2021-06-08T00:00:00.000Z,אזרביג'אן,2,7,9
2021-06-08T00:00:00.000Z,אורגוואי,5,0,5
2021-06-08T00:00:00.000Z,אוקראינה,45,61,106
2021-06-08T00:00:00.000Z,אוסטריה,4,3,7
2021-06-08T00:00:00.000Z,אוזבקיסטן,1,0,1
2021-06-08T00:00:00.000Z,כלל המדינות,3927,3350,7277
2021-06-08T00:00:00.000Z,ירדן,22,32,54
2021-06-08T00:00:00.000Z,איחוד האמירויות הערב,225,34,259
2021-06-09T00:00:00.000Z,רואנדה,4,1,5
2021-06-09T00:00:00.000Z,בילורוסיה,15,23,38
2021-06-09T00:00:00.000Z,ברזיל,1,6,7
2021-06-09T00:00:00.000Z,גאורגיה,256,28,284
2021-06-09T00:00:00.000Z,גאנה,3,0,3
2021-06-09T00:00:00.000Z,גבון,1,0,1
2021-06-09T00:00:00.000Z,מלדיבים,11,1,12
2021-06-09T00:00:00.000Z,מצרים,224,10,234
2021-06-09T00:00:00.000Z,מקדוניה,2,0,2
2021-06-09T00:00:00.000Z,מקסיקו,8,7,15
2021-06-09T00:00:00.000Z,מרוקו,2,0,2
2021-06-09T00:00:00.000Z,נורבגיה,1,2,3
2021-06-09T00:00:00.000Z,ניגריה,4,1,5
2021-06-09T00:00:00.000Z,סוריה,2,6,8
2021-06-09T00:00:00.000Z,סט וינסנט,1,0,1
2021-06-09T00:00:00.000Z,איחוד האמירויות הערב,201,36,237
2021-06-09T00:00:00.000Z,בוסניה הרצגובינה,1,1,2
2021-06-09T00:00:00.000Z,בוליביה,2,0,2
2021-06-09T00:00:00.000Z,בולגריה,194,30,224
2021-06-09T00:00:00.000Z,סין,5,14,19
2021-06-09T00:00:00.000Z,סלובניה,0,1,1
2021-06-09T00:00:00.000Z,ספרד,119,50,169
2021-06-09T00:00:00.000Z,סרביה,2,0,2
2021-06-09T00:00:00.000Z,ערב הסעודית,2,2,4
2021-06-09T00:00:00.000Z,פולין,153,19,172
2021-06-09T00:00:00.000Z,פורטוגל,16,1,17
2021-06-09T00:00:00.000Z,פינלנד,5,0,5
2021-06-09T00:00:00.000Z,פנמה,1,0,1
2021-06-09T00:00:00.000Z,פרו,0,1,1
2021-06-09T00:00:00.000Z,צכיה,2,3,5
2021-06-09T00:00:00.000Z,צרפת,121,211,332
2021-06-09T00:00:00.000Z,קולומביה,1,7,8
2021-06-09T00:00:00.000Z,קוסטה ריקה,15,3,18
2021-06-09T00:00:00.000Z,קוריאה הדרומית,3,0,3
2021-06-09T00:00:00.000Z,קזחסטאן,0,1,1
2021-06-09T00:00:00.000Z,קטר,3,0,3
2021-06-09T00:00:00.000Z,קירג'זסטאן,1,0,1
2021-06-09T00:00:00.000Z,קנדה,4,78,82
2021-06-09T00:00:00.000Z,קניה,2,3,5
2021-06-09T00:00:00.000Z,קפריסין,172,29,201
2021-06-09T00:00:00.000Z,קרואטיה,2,1,3
2021-06-09T00:00:00.000Z,בלגיה,5,15,20
2021-06-09T00:00:00.000Z,רומניה,4,1,5
2021-06-09T00:00:00.000Z,רוסיה,45,29,74
2021-06-09T00:00:00.000Z,שוודיה,6,2,8
2021-06-09T00:00:00.000Z,שוויץ,81,31,112
2021-06-09T00:00:00.000Z,תאילנד,4,3,7
2021-06-09T00:00:00.000Z,תורכיה,171,54,225
2021-06-09T00:00:00.000Z,אתיופיה,25,1,26
2021-06-09T00:00:00.000Z,ארצות הברית,781,1338,2119
2021-06-09T00:00:00.000Z,אנגולה,1,0,1
2021-06-09T00:00:00.000Z,אלבניה,0,1,1
2021-06-09T00:00:00.000Z,אל סלבדור,3,1,4
2021-06-09T00:00:00.000Z,אירלנד,1,1,2
2021-06-09T00:00:00.000Z,איי סיישל,78,6,84
2021-06-09T00:00:00.000Z,איטליה,30,16,46
2021-06-09T00:00:00.000Z,אזרביג'אן,1,0,1
2021-06-09T00:00:00.000Z,אוקראינה,27,35,62
2021-06-09T00:00:00.000Z,אוסטרליה,0,3,3
2021-06-09T00:00:00.000Z,אוסטריה,57,36,93
2021-06-09T00:00:00.000Z,אוזבקיסטן,2,0,2
2021-06-09T00:00:00.000Z,גווטאמלה,2,2,4
2021-06-09T00:00:00.000Z,מונטנגרו,96,0,96
2021-06-09T00:00:00.000Z,מונגוליה,1,0,1
2021-06-09T00:00:00.000Z,ליטא,1,0,1
2021-06-09T00:00:00.000Z,כלל המדינות,4885,4536,9421
2021-06-09T00:00:00.000Z,ירדן,51,30,81
2021-06-09T00:00:00.000Z,יוון,566,37,603
2021-06-09T00:00:00.000Z,טנזניה,5,1,6
2021-06-09T00:00:00.000Z,טיוואן,1,0,1
2021-06-09T00:00:00.000Z,זמביה,1,0,1
2021-06-09T00:00:00.000Z,זימבאבווה,0,1,1
2021-06-09T00:00:00.000Z,ונצואלה,2,11,13
2021-06-09T00:00:00.000Z,הרפ הדומיניקנית,2,2,4
2021-06-09T00:00:00.000Z,הממלכה המאוחדת,183,197,380
2021-06-09T00:00:00.000Z,הונגריה,66,21,87
2021-06-09T00:00:00.000Z,הונג קונג,0,3,3
2021-06-09T00:00:00.000Z,הולנד,70,14,84
2021-06-09T00:00:00.000Z,דרום אפריקה,0,6,6
2021-06-09T00:00:00.000Z,דנמרק,6,5,11
2021-06-09T00:00:00.000Z,גרמניה,136,69,205
2021-06-10T00:00:00.000Z,הולנד,21,4,25
2021-06-10T00:00:00.000Z,מולדובה,73,63,136
2021-06-10T00:00:00.000Z,מונטנגרו,0,1,1
2021-06-10T00:00:00.000Z,מלדיבים,4,0,4
2021-06-10T00:00:00.000Z,מלטה,1,0,1
2021-06-10T00:00:00.000Z,מצרים,349,70,419
2021-06-10T00:00:00.000Z,אוזבקיסטן,1,5,6
2021-06-10T00:00:00.000Z,אוגנדה,6,0,6
2021-06-10T00:00:00.000Z,הודו,2,0,2
2021-06-10T00:00:00.000Z,דנמרק,5,1,6
2021-06-10T00:00:00.000Z,גרמניה,173,51,224
2021-06-10T00:00:00.000Z,מקסיקו,2,2,4
2021-06-10T00:00:00.000Z,מרוקו,1,0,1
2021-06-10T00:00:00.000Z,ניגריה,4,0,4
2021-06-10T00:00:00.000Z,נמיביה,2,0,2
2021-06-10T00:00:00.000Z,איחוד האמירויות הערב,231,51,282
2021-06-10T00:00:00.000Z,סווזילנד,1,0,1
2021-06-10T00:00:00.000Z,סין,0,8,8
2021-06-10T00:00:00.000Z,סלובניה,1,0,1
2021-06-10T00:00:00.000Z,ספרד,58,24,82
2021-06-10T00:00:00.000Z,סרביה,4,3,7
2021-06-10T00:00:00.000Z,פולין,18,17,35
2021-06-10T00:00:00.000Z,פורטוגל,10,1,11
2021-06-10T00:00:00.000Z,פיליפינים,4,8,12
2021-06-10T00:00:00.000Z,פנמה,6,6,12
2021-06-10T00:00:00.000Z,פרו,0,1,1
2021-06-10T00:00:00.000Z,צ'ילה,2,4,6
2021-06-10T00:00:00.000Z,צכיה,22,11,33
2021-06-10T00:00:00.000Z,צרפת,268,227,495
2021-06-10T00:00:00.000Z,קובה,0,1,1
2021-06-10T00:00:00.000Z,קולומביה,5,3,8
2021-06-10T00:00:00.000Z,קוסטה ריקה,1,1,2
2021-06-10T00:00:00.000Z,קוריאה הדרומית,1,0,1
2021-06-10T00:00:00.000Z,קטר,0,2,2
2021-06-10T00:00:00.000Z,קירג'זסטאן,0,1,1
2021-06-10T00:00:00.000Z,קמרון,2,0,2
2021-06-10T00:00:00.000Z,קנדה,3,13,16
2021-06-10T00:00:00.000Z,קניה,7,10,17
2021-06-10T00:00:00.000Z,קפריסין,439,64,503
2021-06-10T00:00:00.000Z,קרואטיה,9,0,9
2021-06-10T00:00:00.000Z,רואנדה,4,1,5
2021-06-10T00:00:00.000Z,רומניה,196,27,223
2021-06-10T00:00:00.000Z,רוסיה,95,116,211
2021-06-10T00:00:00.000Z,שוודיה,5,2,7
2021-06-10T00:00:00.000Z,שוויץ,74,43,117
2021-06-10T00:00:00.000Z,תאילנד,8,267,275
2021-06-10T00:00:00.000Z,תורכיה,135,49,184
2021-06-10T00:00:00.000Z,תורכמניסטאן,8,0,8
2021-06-10T00:00:00.000Z,גינאה המשוונית,6,0,6
2021-06-10T00:00:00.000Z,גאנה,1,6,7
2021-06-10T00:00:00.000Z,גאורגיה,507,46,553
2021-06-10T00:00:00.000Z,ברזיל,2,4,6
2021-06-10T00:00:00.000Z,בלגיה,136,123,259
2021-06-10T00:00:00.000Z,בילורוסיה,45,25,70
2021-06-10T00:00:00.000Z,בוסניה הרצגובינה,1,0,1
2021-06-10T00:00:00.000Z,בולגריה,253,15,268
2021-06-10T00:00:00.000Z,אתיופיה,21,8,29
2021-06-10T00:00:00.000Z,ארצות הברית,729,1115,1844
2021-06-10T00:00:00.000Z,ארגנטינה,4,20,24
2021-06-10T00:00:00.000Z,אסטוניה,1,0,1
2021-06-10T00:00:00.000Z,אנגולה,3,0,3
2021-06-10T00:00:00.000Z,איסלנד,25,3,28
2021-06-10T00:00:00.000Z,אינדונזיה,1,0,1
2021-06-10T00:00:00.000Z,איטליה,72,27,99
2021-06-10T00:00:00.000Z,אזרביג'אן,20,4,24
2021-06-10T00:00:00.000Z,דרום אפריקה,0,7,7
2021-06-10T00:00:00.000Z,אורגוואי,2,0,2
2021-06-10T00:00:00.000Z,אוקראינה,70,98,168
2021-06-10T00:00:00.000Z,אוסטרליה,1,0,1
2021-06-10T00:00:00.000Z,אוסטריה,42,22,64
2021-06-10T00:00:00.000Z,הונגריה,55,22,77
2021-06-10T00:00:00.000Z,הממלכה המאוחדת,295,277,572
2021-06-10T00:00:00.000Z,הרפ הדומיניקנית,0,1,1
2021-06-10T00:00:00.000Z,זימבאבווה,1,0,1
2021-06-10T00:00:00.000Z,זמביה,4,0,4
2021-06-10T00:00:00.000Z,חוף השנהב,10,0,10
2021-06-10T00:00:00.000Z,טיוואן,0,1,1
2021-06-10T00:00:00.000Z,טנזניה,0,4,4
2021-06-10T00:00:00.000Z,יוון,1663,107,1770
2021-06-10T00:00:00.000Z,יפן,0,5,5
2021-06-10T00:00:00.000Z,ירדן,79,46,125
2021-06-10T00:00:00.000Z,כלל המדינות,7708,5531,13239
2021-06-10T00:00:00.000Z,ליטא,10,0,10
2021-06-11T00:00:00.000Z,גרמניה,255,89,344
2021-06-11T00:00:00.000Z,גווטאמלה,0,1,1
2021-06-11T00:00:00.000Z,תוניסיה,2,0,2
2021-06-11T00:00:00.000Z,תאילנד,1,0,1
2021-06-11T00:00:00.000Z,שוויץ,124,51,175
2021-06-11T00:00:00.000Z,שוודיה,6,2,8
2021-06-11T00:00:00.000Z,רוסיה,98,86,184
2021-06-11T00:00:00.000Z,רומניה,68,15,83
2021-06-11T00:00:00.000Z,קרואטיה,11,0,11
2021-06-11T00:00:00.000Z,קפריסין,272,39,311
2021-06-11T00:00:00.000Z,קניה,1,0,1
2021-06-11T00:00:00.000Z,קנדה,11,34,45
2021-06-11T00:00:00.000Z,קטר,0,2,2
2021-06-11T00:00:00.000Z,קזחסטאן,0,2,2
2021-06-11T00:00:00.000Z,קוריאה הדרומית,4,4,8
2021-06-11T00:00:00.000Z,קוסטה ריקה,7,2,9
2021-06-11T00:00:00.000Z,קולומביה,4,3,7
2021-06-11T00:00:00.000Z,צרפת,232,191,423
2021-06-11T00:00:00.000Z,צכיה,6,0,6
2021-06-11T00:00:00.000Z,פרו,1,0,1
2021-06-11T00:00:00.000Z,פנמה,0,1,1
2021-06-11T00:00:00.000Z,פינלנד,1,2,3
2021-06-11T00:00:00.000Z,פיליפינים,1,0,1
2021-06-11T00:00:00.000Z,פורטוגל,19,3,22
2021-06-11T00:00:00.000Z,פורטו ריקו,0,3,3
2021-06-11T00:00:00.000Z,פולין,79,6,85
2021-06-11T00:00:00.000Z,סרביה,14,2,16
2021-06-11T00:00:00.000Z,ספרד,115,20,135
2021-06-11T00:00:00.000Z,סלובניה,1,0,1
2021-06-11T00:00:00.000Z,סין,8,107,115
2021-06-11T00:00:00.000Z,איחוד האמירויות הערב,215,33,248
2021-06-11T00:00:00.000Z,גאנה,0,1,1
2021-06-11T00:00:00.000Z,נפאל,2,1,3
2021-06-11T00:00:00.000Z,ניגריה,4,0,4
2021-06-11T00:00:00.000Z,נורבגיה,1,1,2
2021-06-11T00:00:00.000Z,מרוקו,9,4,13
2021-06-11T00:00:00.000Z,מקסיקו,3,3,6
2021-06-11T00:00:00.000Z,מצרים,232,27,259
2021-06-11T00:00:00.000Z,מלטה,0,2,2
2021-06-11T00:00:00.000Z,מלדיבים,14,2,16
2021-06-11T00:00:00.000Z,מונטנגרו,84,0,84
2021-06-11T00:00:00.000Z,מולדובה,2,0,2
2021-06-11T00:00:00.000Z,ליטא,16,4,20
2021-06-11T00:00:00.000Z,לטביה,1,7,8
2021-06-11T00:00:00.000Z,לוכסמבורג,0,1,1
2021-06-11T00:00:00.000Z,כלל המדינות,5789,3562,9351
2021-06-11T00:00:00.000Z,ירדן,0,10,10
2021-06-11T00:00:00.000Z,יפן,1,3,4
2021-06-11T00:00:00.000Z,יוון,856,75,931
2021-06-11T00:00:00.000Z,טוגו,2,0,2
2021-06-11T00:00:00.000Z,חוף השנהב,2,0,2
2021-06-11T00:00:00.000Z,הממלכה המאוחדת,210,137,347
2021-06-11T00:00:00.000Z,הונגריה,73,21,94
2021-06-11T00:00:00.000Z,הולנד,59,23,82
2021-06-11T00:00:00.000Z,הודו,1,0,1
2021-06-11T00:00:00.000Z,האיטי,1,0,1
2021-06-11T00:00:00.000Z,דנמרק,12,1,13
2021-06-11T00:00:00.000Z,תורכמניסטאן,2,0,2
2021-06-11T00:00:00.000Z,גאורגיה,370,39,409
2021-06-11T00:00:00.000Z,ברזיל,1,2,3
2021-06-11T00:00:00.000Z,בלגיה,7,3,10
2021-06-11T00:00:00.000Z,בילורוסיה,4,0,4
2021-06-11T00:00:00.000Z,בולגריה,158,18,176
2021-06-11T00:00:00.000Z,אתיופיה,1,0,1
2021-06-11T00:00:00.000Z,ארצות הברית,972,943,1915
2021-06-11T00:00:00.000Z,ארמניה,2,0,2
2021-06-11T00:00:00.000Z,ארגנטינה,0,2,2
2021-06-11T00:00:00.000Z,אנגולה,2,1,3
2021-06-11T00:00:00.000Z,אלגיריה,2,0,2
2021-06-11T00:00:00.000Z,אלבניה,1,1,2
2021-06-11T00:00:00.000Z,אירלנד,6,5,11
2021-06-11T00:00:00.000Z,איי פיגי,0,1,1
2021-06-11T00:00:00.000Z,איטליה,180,64,244
2021-06-11T00:00:00.000Z,אזרביג'אן,18,0,18
2021-06-11T00:00:00.000Z,אורגוואי,0,2,2
2021-06-11T00:00:00.000Z,אוקראינה,3,6,9
2021-06-11T00:00:00.000Z,אוסטרליה,1,4,5
2021-06-11T00:00:00.000Z,תורכיה,113,31,144
2021-06-11T00:00:00.000Z,אוסטריה,118,15,133
2021-06-11T00:00:00.000Z,אוזבקיסטן,3,0,3
2021-06-12T00:00:00.000Z,קוסובו,1,0,1
2021-06-12T00:00:00.000Z,דנמרק,6,5,11
2021-06-12T00:00:00.000Z,הולנד,56,9,65
2021-06-12T00:00:00.000Z,הונגריה,1,5,6
2021-06-12T00:00:00.000Z,הממלכה המאוחדת,37,50,87
2021-06-12T00:00:00.000Z,זאיר,1,0,1
2021-06-12T00:00:00.000Z,זימבאבווה,0,2,2
2021-06-12T00:00:00.000Z,זמביה,2,1,3
2021-06-12T00:00:00.000Z,חוף השנהב,10,0,10
2021-06-12T00:00:00.000Z,טוגו,1,0,1
2021-06-12T00:00:00.000Z,טיוואן,1,7,8
2021-06-12T00:00:00.000Z,טנזניה,4,0,4
2021-06-12T00:00:00.000Z,יוון,470,30,500
2021-06-12T00:00:00.000Z,יפן,1,0,1
2021-06-12T00:00:00.000Z,כלל המדינות,3368,1681,5049
2021-06-12T00:00:00.000Z,לטביה,1,0,1
2021-06-12T00:00:00.000Z,ליטא,2,0,2
2021-06-12T00:00:00.000Z,מולדובה,1,1,2
2021-06-12T00:00:00.000Z,מלדיבים,14,3,17
2021-06-12T00:00:00.000Z,מצרים,635,71,706
2021-06-12T00:00:00.000Z,מקדוניה,1,0,1
2021-06-12T00:00:00.000Z,מקסיקו,2,0,2
2021-06-12T00:00:00.000Z,נורבגיה,0,6,6
2021-06-12T00:00:00.000Z,ניגריה,4,0,4
2021-06-12T00:00:00.000Z,נמיביה,3,0,3
2021-06-12T00:00:00.000Z,נפאל,2,2,4
2021-06-12T00:00:00.000Z,סינגפור,0,6,6
2021-06-12T00:00:00.000Z,סלובקיה,1,0,1
2021-06-12T00:00:00.000Z,ספרד,14,5,19
2021-06-12T00:00:00.000Z,סרביה,7,1,8
2021-06-12T00:00:00.000Z,פולין,103,9,112
2021-06-12T00:00:00.000Z,פורטוגל,13,0,13
2021-06-12T00:00:00.000Z,פיליפינים,2,1,3
2021-06-12T00:00:00.000Z,פינלנד,1,5,6
2021-06-12T00:00:00.000Z,פנמה,2,0,2
2021-06-12T00:00:00.000Z,צכיה,1,0,1
2021-06-12T00:00:00.000Z,צרפת,7,5,12
2021-06-12T00:00:00.000Z,דרום אפריקה,7,13,20
2021-06-12T00:00:00.000Z,קוסטה ריקה,1,1,2
2021-06-12T00:00:00.000Z,קוריאה הדרומית,6,6,12
2021-06-12T00:00:00.000Z,קזחסטאן,0,2,2
2021-06-12T00:00:00.000Z,קנדה,1,1,2
2021-06-12T00:00:00.000Z,קניה,7,1,8
2021-06-12T00:00:00.000Z,קפריסין,378,36,414
2021-06-12T00:00:00.000Z,קרואטיה,23,0,23
2021-06-12T00:00:00.000Z,רואנדה,13,0,13
2021-06-12T00:00:00.000Z,רומניה,136,28,164
2021-06-12T00:00:00.000Z,שוודיה,5,2,7
2021-06-12T00:00:00.000Z,שוויץ,33,5,38
2021-06-12T00:00:00.000Z,תאילנד,4,7,11
2021-06-12T00:00:00.000Z,תורכיה,221,45,266
2021-06-12T00:00:00.000Z,תורכמניסטאן,8,0,8
2021-06-12T00:00:00.000Z,דומיניקה,1,0,1
2021-06-12T00:00:00.000Z,גרמניה,155,64,219
2021-06-12T00:00:00.000Z,גאנה,3,0,3
2021-06-12T00:00:00.000Z,גאורגיה,63,10,73
2021-06-12T00:00:00.000Z,בלגיה,1,0,1
2021-06-12T00:00:00.000Z,בוסניה הרצגובינה,2,1,3
2021-06-12T00:00:00.000Z,בולגריה,0,2,2
2021-06-12T00:00:00.000Z,אתיופיה,20,9,29
2021-06-12T00:00:00.000Z,ארצות הברית,481,854,1335
2021-06-12T00:00:00.000Z,ארמניה,1,1,2
2021-06-12T00:00:00.000Z,אקואדור,1,0,1
2021-06-12T00:00:00.000Z,אסטוניה,1,0,1
2021-06-12T00:00:00.000Z,אירלנד,6,0,6
2021-06-12T00:00:00.000Z,איסלנד,31,0,31
2021-06-12T00:00:00.000Z,אינדונזיה,1,0,1
2021-06-12T00:00:00.000Z,איי גילברט ואליס,0,1,1
2021-06-12T00:00:00.000Z,איטליה,30,7,37
2021-06-12T00:00:00.000Z,אוקראינה,1,1,2
2021-06-12T00:00:00.000Z,אוסטריה,36,17,53
2021-06-12T00:00:00.000Z,אוזבקיסטן,3,5,8
2021-06-12T00:00:00.000Z,אוגנדה,2,0,2
2021-06-12T00:00:00.000Z,איחוד האמירויות הערב,54,19,73
2021-06-12T00:00:00.000Z,גבון,1,1,2
2021-06-13T00:00:00.000Z,אירלנד,1,1,2
2021-06-13T00:00:00.000Z,אלבניה,1,0,1
2021-06-13T00:00:00.000Z,ארגנטינה,1,2,3
2021-06-13T00:00:00.000Z,ארצות הברית,536,714,1250
2021-06-13T00:00:00.000Z,בולגריה,553,27,580
2021-06-13T00:00:00.000Z,בוסניה הרצגובינה,2,0,2
2021-06-13T00:00:00.000Z,בילורוסיה,127,25,152
2021-06-13T00:00:00.000Z,בלגיה,51,70,121
2021-06-13T00:00:00.000Z,ברזיל,0,1,1
2021-06-13T00:00:00.000Z,גאורגיה,595,35,630
2021-06-13T00:00:00.000Z,גאנה,1,4,5
2021-06-13T00:00:00.000Z,לטביה,1,0,1
2021-06-13T00:00:00.000Z,ליטא,6,20,26
2021-06-13T00:00:00.000Z,מאוריציוס,1,1,2
2021-06-13T00:00:00.000Z,מאלי,2,0,2
2021-06-13T00:00:00.000Z,מולדובה,310,71,381
2021-06-13T00:00:00.000Z,מלדיבים,7,0,7
2021-06-13T00:00:00.000Z,מצרים,1045,110,1155
2021-06-13T00:00:00.000Z,מקדוניה,1,0,1
2021-06-13T00:00:00.000Z,מקסיקו,0,3,3
2021-06-13T00:00:00.000Z,מרטיניק,0,1,1
2021-06-13T00:00:00.000Z,ניגריה,3,0,3
2021-06-13T00:00:00.000Z,נפאל,1,0,1
2021-06-13T00:00:00.000Z,סינגפור,0,2,2
2021-06-13T00:00:00.000Z,סלובניה,1,0,1
2021-06-13T00:00:00.000Z,ספרד,13,5,18
2021-06-13T00:00:00.000Z,ערב הסעודית,0,1,1
2021-06-13T00:00:00.000Z,פולין,73,59,132
2021-06-13T00:00:00.000Z,פורטוגל,22,6,28
2021-06-13T00:00:00.000Z,פיליפינים,2,23,25
2021-06-13T00:00:00.000Z,פינלנד,2,0,2
2021-06-13T00:00:00.000Z,צכיה,39,5,44
2021-06-13T00:00:00.000Z,גבון,1,0,1
2021-06-13T00:00:00.000Z,קולומביה,0,2,2
2021-06-13T00:00:00.000Z,קוסטה ריקה,6,1,7
2021-06-13T00:00:00.000Z,קוריאה הדרומית,0,8,8
2021-06-13T00:00:00.000Z,קזחסטאן,1,0,1
2021-06-13T00:00:00.000Z,קנדה,10,61,71
2021-06-13T00:00:00.000Z,קפריסין,954,29,983
2021-06-13T00:00:00.000Z,קרואטיה,6,3,9
2021-06-13T00:00:00.000Z,ראוניון,0,2,2
2021-06-13T00:00:00.000Z,רומניה,98,19,117
2021-06-13T00:00:00.000Z,רוסיה,36,85,121
2021-06-13T00:00:00.000Z,שוודיה,4,4,8
2021-06-13T00:00:00.000Z,שוויץ,75,52,127
2021-06-13T00:00:00.000Z,תאילנד,1,1,2
2021-06-13T00:00:00.000Z,תוניסיה,1,1,2
2021-06-13T00:00:00.000Z,תורכיה,140,46,186
2021-06-13T00:00:00.000Z,תורכמניסטאן,4,0,4
2021-06-13T00:00:00.000Z,גויאנה הצרפתית,1,0,1
2021-06-13T00:00:00.000Z,גרמניה,280,138,418
2021-06-13T00:00:00.000Z,דנמרק,4,3,7
2021-06-13T00:00:00.000Z,דרום אפריקה,4,2,6
2021-06-13T00:00:00.000Z,הולנד,108,31,139
2021-06-13T00:00:00.000Z,הונגריה,53,22,75
2021-06-13T00:00:00.000Z,הממלכה המאוחדת,291,262,553
2021-06-13T00:00:00.000Z,חוף השנהב,0,5,5
2021-06-13T00:00:00.000Z,טיוואן,1,0,1
2021-06-13T00:00:00.000Z,איחוד האמירויות הערב,318,40,358
2021-06-13T00:00:00.000Z,יוון,2546,92,2638
2021-06-13T00:00:00.000Z,יפן,0,2,2
2021-06-13T00:00:00.000Z,ירדן,122,65,187
2021-06-13T00:00:00.000Z,כלל המדינות,10417,4883,15300
2021-06-13T00:00:00.000Z,סרביה,4,1,5
2021-06-13T00:00:00.000Z,אוזבקיסטן,1,1,2
2021-06-13T00:00:00.000Z,אוסטריה,112,33,145
2021-06-13T00:00:00.000Z,אוסטרליה,0,3,3
2021-06-13T00:00:00.000Z,אוקראינה,77,91,168
2021-06-13T00:00:00.000Z,אורגוואי,2,0,2
2021-06-13T00:00:00.000Z,אזרביג'אן,5,1,6
2021-06-13T00:00:00.000Z,איטליה,177,30,207
2021-06-13T00:00:00.000Z,איי סיישל,124,10,134
2021-06-13T00:00:00.000Z,איסלנד,1,0,1
2021-06-13T00:00:00.000Z,צרפת,224,256,480
2021-06-14T00:00:00.000Z,צכיה,7,0,7
2021-06-14T00:00:00.000Z,צרפת,298,216,514
2021-06-14T00:00:00.000Z,קולומביה,2,6,8
2021-06-14T00:00:00.000Z,קוסטה ריקה,0,4,4
2021-06-14T00:00:00.000Z,קוריאה הדרומית,0,1,1
2021-06-14T00:00:00.000Z,קזחסטאן,2,4,6
2021-06-14T00:00:00.000Z,קמרון,1,0,1
2021-06-14T00:00:00.000Z,קנדה,0,9,9
2021-06-14T00:00:00.000Z,קניה,3,4,7
2021-06-14T00:00:00.000Z,קפריסין,496,44,540
2021-06-14T00:00:00.000Z,קרואטיה,16,0,16
2021-06-14T00:00:00.000Z,רואנדה,8,0,8
2021-06-14T00:00:00.000Z,רומניה,206,25,231
2021-06-14T00:00:00.000Z,רוסיה,165,125,290
2021-06-14T00:00:00.000Z,שוודיה,10,7,17
2021-06-14T00:00:00.000Z,שוויץ,93,41,134
2021-06-14T00:00:00.000Z,תאילנד,1,0,1
2021-06-14T00:00:00.000Z,תוניסיה,7,3,10
2021-06-14T00:00:00.000Z,תורכיה,153,49,202
2021-06-14T00:00:00.000Z,תורכמניסטאן,16,6,22
2021-06-14T00:00:00.000Z,הממלכה המאוחדת,318,203,521
2021-06-14T00:00:00.000Z,הונג קונג,0,3,3
2021-06-14T00:00:00.000Z,ויטנאם,0,7,7
2021-06-14T00:00:00.000Z,זאיר,1,0,1
2021-06-14T00:00:00.000Z,זימבאבווה,3,0,3
2021-06-14T00:00:00.000Z,זמביה,4,1,5
2021-06-14T00:00:00.000Z,טובלו,0,1,1
2021-06-14T00:00:00.000Z,איחוד האמירויות הערב,314,38,352
2021-06-14T00:00:00.000Z,טוגו,1,0,1
2021-06-14T00:00:00.000Z,טיוואן,0,15,15
2021-06-14T00:00:00.000Z,טנזניה,0,2,2
2021-06-14T00:00:00.000Z,יוון,1708,86,1794
2021-06-14T00:00:00.000Z,ירדן,34,29,63
2021-06-14T00:00:00.000Z,כלל המדינות,9291,5397,14688
2021-06-14T00:00:00.000Z,ליטא,6,4,10
2021-06-14T00:00:00.000Z,מאלי,0,1,1
2021-06-14T00:00:00.000Z,מוזמביק,1,0,1
2021-06-14T00:00:00.000Z,מולדובה,66,24,90
2021-06-14T00:00:00.000Z,מונטנגרו,142,2,144
2021-06-14T00:00:00.000Z,מלדיבים,11,1,12
2021-06-14T00:00:00.000Z,מלטה,0,2,2
2021-06-14T00:00:00.000Z,מצרים,567,64,631
2021-06-14T00:00:00.000Z,מקדוניה,2,0,2
2021-06-14T00:00:00.000Z,מקסיקו,0,7,7
2021-06-14T00:00:00.000Z,נורבגיה,0,8,8
2021-06-14T00:00:00.000Z,ניגריה,5,4,9
2021-06-14T00:00:00.000Z,סוריה,2,32,34
2021-06-14T00:00:00.000Z,סינגפור,0,4,4
2021-06-14T00:00:00.000Z,סלובניה,2,0,2
2021-06-14T00:00:00.000Z,ספרד,219,47,266
2021-06-14T00:00:00.000Z,סרביה,7,2,9
2021-06-14T00:00:00.000Z,סרי לנקה (צילון),0,3,3
2021-06-14T00:00:00.000Z,פולין,51,13,64
2021-06-14T00:00:00.000Z,פולינזיה הצרפתית,1,0,1
2021-06-14T00:00:00.000Z,פורטוגל,25,10,35
2021-06-14T00:00:00.000Z,הולנד,152,33,185
2021-06-14T00:00:00.000Z,הודו,30,12,42
2021-06-14T00:00:00.000Z,האנטילים ההולנדים,1,0,1
2021-06-14T00:00:00.000Z,דרום אפריקה,5,5,10
2021-06-14T00:00:00.000Z,דנמרק,11,3,14
2021-06-14T00:00:00.000Z,גרמניה,229,99,328
2021-06-14T00:00:00.000Z,גויאנה הצרפתית,0,1,1
2021-06-14T00:00:00.000Z,גאנה,2,0,2
2021-06-14T00:00:00.000Z,גאורגיה,660,51,711
2021-06-14T00:00:00.000Z,ברזיל,3,4,7
2021-06-14T00:00:00.000Z,בלגיה,7,3,10
2021-06-14T00:00:00.000Z,בילורוסיה,5,1,6
2021-06-14T00:00:00.000Z,בוסניה הרצגובינה,3,0,3
2021-06-14T00:00:00.000Z,הונגריה,39,20,59
2021-06-14T00:00:00.000Z,בולגריה,380,14,394
2021-06-14T00:00:00.000Z,בוטסואנה,2,0,2
2021-06-14T00:00:00.000Z,אתיופיה,16,8,24
2021-06-14T00:00:00.000Z,ארצות הברית,1062,1557,2619
2021-06-14T00:00:00.000Z,ארמניה,4,0,4
2021-06-14T00:00:00.000Z,ארגנטינה,1,4,5
2021-06-14T00:00:00.000Z,אקואדור,2,0,2
2021-06-14T00:00:00.000Z,אסטוניה,1,1,2
2021-06-14T00:00:00.000Z,אנדורה,1,0,1
2021-06-14T00:00:00.000Z,אנגולה,1,1,2
2021-06-14T00:00:00.000Z,אלבניה,2,1,3
2021-06-14T00:00:00.000Z,אירלנד,6,1,7
2021-06-14T00:00:00.000Z,איסלנד,21,0,21
2021-06-14T00:00:00.000Z,אינדונזיה,1,0,1
2021-06-14T00:00:00.000Z,איטליה,222,59,281
2021-06-14T00:00:00.000Z,אזרביג'אן,1,0,1
2021-06-14T00:00:00.000Z,אוקראינה,60,50,110
2021-06-14T00:00:00.000Z,אוסטרליה,1,2,3
2021-06-14T00:00:00.000Z,אוסטריה,182,38,220
2021-06-14T00:00:00.000Z,אוזבקיסטן,45,57,102
2021-06-14T00:00:00.000Z,אוגנדה,4,0,4
2021-06-14T00:00:00.000Z,פיליפינים,0,5,5
2021-06-14T00:00:00.000Z,פינלנד,3,0,3
2021-06-14T00:00:00.000Z,פנמה,1,15,16
2021-06-14T00:00:00.000Z,פרו,0,3,3
2021-06-14T00:00:00.000Z,צ'ילה,0,2,2
2021-06-14T00:00:00.000Z,הרפ הדומיניקנית,3,0,3
2021-06-15T00:00:00.000Z,דרום סודאן,1,0,1
2021-06-15T00:00:00.000Z,הונג קונג,1,0,1
2021-06-15T00:00:00.000Z,הונגריה,34,25,59
2021-06-15T00:00:00.000Z,הממלכה המאוחדת,214,165,379
2021-06-15T00:00:00.000Z,הרפ הדומיניקנית,1,0,1
2021-06-15T00:00:00.000Z,חוף השנהב,1,0,1
2021-06-15T00:00:00.000Z,טנזניה,1,0,1
2021-06-15T00:00:00.000Z,יוון,703,45,748
2021-06-15T00:00:00.000Z,ירדן,43,36,79
2021-06-15T00:00:00.000Z,כלל המדינות,5291,4044,9335
2021-06-15T00:00:00.000Z,לטביה,5,7,12
2021-06-15T00:00:00.000Z,ליטא,10,0,10
2021-06-15T00:00:00.000Z,מוזמביק,0,1,1
2021-06-15T00:00:00.000Z,מולדובה,244,94,338
2021-06-15T00:00:00.000Z,מלדיבים,14,2,16
2021-06-15T00:00:00.000Z,מצרים,241,36,277
2021-06-15T00:00:00.000Z,מקסיקו,2,5,7
2021-06-15T00:00:00.000Z,נורבגיה,1,1,2
2021-06-15T00:00:00.000Z,ניגריה,2,1,3
2021-06-15T00:00:00.000Z,ניו זילנד,0,1,1
2021-06-15T00:00:00.000Z,נמיביה,1,0,1
2021-06-15T00:00:00.000Z,סוריה,1,4,5
2021-06-15T00:00:00.000Z,סינגפור,0,3,3
2021-06-15T00:00:00.000Z,איחוד האמירויות הערב,184,20,204
2021-06-15T00:00:00.000Z,סלובניה,7,1,8
2021-06-15T00:00:00.000Z,ספרד,40,10,50
2021-06-15T00:00:00.000Z,סרביה,15,0,15
2021-06-15T00:00:00.000Z,סרי לנקה (צילון),0,3,3
2021-06-15T00:00:00.000Z,ערב הסעודית,0,1,1
2021-06-15T00:00:00.000Z,פולין,98,21,119
2021-06-15T00:00:00.000Z,פורטוגל,20,3,23
2021-06-15T00:00:00.000Z,פיליפינים,1,4,5
2021-06-15T00:00:00.000Z,פינלנד,1,0,1
2021-06-15T00:00:00.000Z,פנמה,0,5,5
2021-06-15T00:00:00.000Z,צ'ילה,2,2,4
2021-06-15T00:00:00.000Z,צכיה,10,6,16
2021-06-15T00:00:00.000Z,צרפת,211,195,406
2021-06-15T00:00:00.000Z,קולומביה,1,0,1
2021-06-15T00:00:00.000Z,קונגו,1,0,1
2021-06-15T00:00:00.000Z,הולנד,75,10,85
2021-06-15T00:00:00.000Z,קוריאה הדרומית,0,5,5
2021-06-15T00:00:00.000Z,קזחסטאן,2,0,2
2021-06-15T00:00:00.000Z,קנדה,1,0,1
2021-06-15T00:00:00.000Z,קניה,5,0,5
2021-06-15T00:00:00.000Z,קפריסין,348,45,393
2021-06-15T00:00:00.000Z,קרואטיה,1,1,2
2021-06-15T00:00:00.000Z,רואנדה,2,0,2
2021-06-15T00:00:00.000Z,רומניה,2,0,2
2021-06-15T00:00:00.000Z,רוסיה,1,2,3
2021-06-15T00:00:00.000Z,שוודיה,2,0,2
2021-06-15T00:00:00.000Z,שוויץ,4,2,6
2021-06-15T00:00:00.000Z,תוניסיה,0,3,3
2021-06-15T00:00:00.000Z,תורכיה,181,65,246
2021-06-15T00:00:00.000Z,אוסטריה,0,2,2
2021-06-15T00:00:00.000Z,דרום אפריקה,0,3,3
2021-06-15T00:00:00.000Z,דנמרק,10,1,11
2021-06-15T00:00:00.000Z,גרנדה,2,0,2
2021-06-15T00:00:00.000Z,גרמניה,207,108,315
2021-06-15T00:00:00.000Z,גווטאמלה,1,1,2
2021-06-15T00:00:00.000Z,גאנה,0,1,1
2021-06-15T00:00:00.000Z,גאורגיה,194,18,212
2021-06-15T00:00:00.000Z,ברזיל,3,7,10
2021-06-15T00:00:00.000Z,בלגיה,57,54,111
2021-06-15T00:00:00.000Z,בילורוסיה,70,16,86
2021-06-15T00:00:00.000Z,בולגריה,148,27,175
2021-06-15T00:00:00.000Z,בהמס,0,1,1
2021-06-15T00:00:00.000Z,אתיופיה,11,4,15
2021-06-15T00:00:00.000Z,ארצות הברית,1031,1097,2128
2021-06-15T00:00:00.000Z,ארגנטינה,1,4,5
2021-06-15T00:00:00.000Z,אסטוניה,2,0,2
2021-06-15T00:00:00.000Z,אנגולה,0,1,1
2021-06-15T00:00:00.000Z,אלבניה,2,1,3
2021-06-15T00:00:00.000Z,אירלנד,1,1,2
2021-06-15T00:00:00.000Z,איסלנד,2,0,2
2021-06-15T00:00:00.000Z,איי קייפ וורדה,1,0,1
2021-06-15T00:00:00.000Z,איי סיישל,10,0,10
2021-06-15T00:00:00.000Z,איטליה,77,17,94
2021-06-15T00:00:00.000Z,אזרביג'אן,5,0,5
2021-06-15T00:00:00.000Z,אוקראינה,52,32,84
2021-06-15T00:00:00.000Z,קוסטה ריקה,0,4,4
2021-06-16T00:00:00.000Z,ונצואלה,0,4,4
2021-06-16T00:00:00.000Z,הממלכה המאוחדת,165,158,323
2021-06-16T00:00:00.000Z,הונגריה,83,21,104
2021-06-16T00:00:00.000Z,הולנד,121,37,158
2021-06-16T00:00:00.000Z,דרום אפריקה,1,8,9
2021-06-16T00:00:00.000Z,דנמרק,9,4,13
2021-06-16T00:00:00.000Z,גרמניה,168,91,259
2021-06-16T00:00:00.000Z,גיברלטר,1,0,1
2021-06-16T00:00:00.000Z,גאנה,7,8,15
2021-06-16T00:00:00.000Z,גאורגיה,212,34,246
2021-06-16T00:00:00.000Z,ברזיל,2,4,6
2021-06-16T00:00:00.000Z,בלגיה,35,44,79
2021-06-16T00:00:00.000Z,בילורוסיה,23,20,43
2021-06-16T00:00:00.000Z,בורונדי,1,0,1
2021-06-16T00:00:00.000Z,בוסניה הרצגובינה,2,0,2
2021-06-16T00:00:00.000Z,בוליביה,1,0,1
2021-06-16T00:00:00.000Z,בולגריה,111,10,121
2021-06-16T00:00:00.000Z,בוטסואנה,1,2,3
2021-06-16T00:00:00.000Z,אתיופיה,24,3,27
2021-06-16T00:00:00.000Z,ארצות הברית,656,1101,1757
2021-06-16T00:00:00.000Z,ארמניה,1,0,1
2021-06-16T00:00:00.000Z,אריתראה,1,0,1
2021-06-16T00:00:00.000Z,אירלנד,0,3,3
2021-06-16T00:00:00.000Z,אינדונזיה,1,0,1
2021-06-16T00:00:00.000Z,איי סיישל,92,6,98
2021-06-16T00:00:00.000Z,איטליה,40,9,49
2021-06-16T00:00:00.000Z,אזרביג'אן,1,0,1
2021-06-16T00:00:00.000Z,אורגוואי,1,0,1
2021-06-16T00:00:00.000Z,אוקראינה,55,60,115
2021-06-16T00:00:00.000Z,אוסטרליה,0,5,5
2021-06-16T00:00:00.000Z,אוסטריה,128,41,169
2021-06-16T00:00:00.000Z,אוזבקיסטן,3,2,5
2021-06-16T00:00:00.000Z,איחוד האמירויות הערב,168,31,199
2021-06-16T00:00:00.000Z,קפריסין,181,35,216
2021-06-16T00:00:00.000Z,מלדיבים,3,0,3
2021-06-16T00:00:00.000Z,מלאווי,1,1,2
2021-06-16T00:00:00.000Z,מונטנגרו,62,2,64
2021-06-16T00:00:00.000Z,מולדובה,7,4,11
2021-06-16T00:00:00.000Z,מוזמביק,1,0,1
2021-06-16T00:00:00.000Z,מאלי,0,1,1
2021-06-16T00:00:00.000Z,ליטא,4,1,5
2021-06-16T00:00:00.000Z,לבנון,0,1,1
2021-06-16T00:00:00.000Z,כלל המדינות,5369,5457,10826
2021-06-16T00:00:00.000Z,ירדן,64,39,103
2021-06-16T00:00:00.000Z,תורכמניסטאן,4,0,4
2021-06-16T00:00:00.000Z,תורכיה,153,63,216
2021-06-16T00:00:00.000Z,תאילנד,4,294,298
2021-06-16T00:00:00.000Z,שוויץ,71,19,90
2021-06-16T00:00:00.000Z,שוודיה,9,0,9
2021-06-16T00:00:00.000Z,רוסיה,57,35,92
2021-06-16T00:00:00.000Z,רומניה,221,60,281
2021-06-16T00:00:00.000Z,רואנדה,2,4,6
2021-06-16T00:00:00.000Z,קרואטיה,5,0,5
2021-06-16T00:00:00.000Z,יפן,0,5,5
2021-06-16T00:00:00.000Z,קניה,6,6,12
2021-06-16T00:00:00.000Z,קנדה,11,82,93
2021-06-16T00:00:00.000Z,קירג'זסטאן,3,0,3
2021-06-16T00:00:00.000Z,קטר,0,1,1
2021-06-16T00:00:00.000Z,קזחסטאן,1,0,1
2021-06-16T00:00:00.000Z,קוריאה הדרומית,0,5,5
2021-06-16T00:00:00.000Z,קוסטה ריקה,4,1,5
2021-06-16T00:00:00.000Z,קולומביה,0,1,1
2021-06-16T00:00:00.000Z,צרפת,244,233,477
2021-06-16T00:00:00.000Z,צכיה,0,1,1
2021-06-16T00:00:00.000Z,פרגוואי,0,1,1
2021-06-16T00:00:00.000Z,פינלנד,8,3,11
2021-06-16T00:00:00.000Z,פיליפינים,1,2,3
2021-06-16T00:00:00.000Z,פורטוגל,7,0,7
2021-06-16T00:00:00.000Z,פולין,95,20,115
2021-06-16T00:00:00.000Z,עירק,3,4,7
2021-06-16T00:00:00.000Z,סרי לנקה (צילון),1,2,3
2021-06-16T00:00:00.000Z,סרביה,1,3,4
2021-06-16T00:00:00.000Z,ספרד,74,20,94
2021-06-16T00:00:00.000Z,סנגל,2,0,2
2021-06-16T00:00:00.000Z,סלובניה,6,0,6
2021-06-16T00:00:00.000Z,סינגפור,1,3,4
2021-06-16T00:00:00.000Z,סין,2,24,26
2021-06-16T00:00:00.000Z,סוריה,1,5,6
2021-06-16T00:00:00.000Z,ניגריה,6,0,6
2021-06-16T00:00:00.000Z,נורבגיה,0,2,2
2021-06-16T00:00:00.000Z,מרוקו,3,1,4
2021-06-16T00:00:00.000Z,מקסיקו,4,3,7
2021-06-16T00:00:00.000Z,מצרים,207,48,255
2021-06-16T00:00:00.000Z,יוון,540,42,582
2021-06-17T00:00:00.000Z,לטביה,5,0,5
2021-06-17T00:00:00.000Z,הונגריה,69,26,95
2021-06-17T00:00:00.000Z,דרום אפריקה,1,3,4
2021-06-17T00:00:00.000Z,דנמרק,7,11,18
2021-06-17T00:00:00.000Z,גרנדה,1,0,1
2021-06-17T00:00:00.000Z,גרמניה,255,73,328
2021-06-17T00:00:00.000Z,גינאה המשוונית,1,0,1
2021-06-17T00:00:00.000Z,גיברלטר,1,0,1
2021-06-17T00:00:00.000Z,גבון,2,0,2
2021-06-17T00:00:00.000Z,גאנה,4,2,6
2021-06-17T00:00:00.000Z,גאורגיה,544,41,585
2021-06-17T00:00:00.000Z,ברזיל,1,0,1
2021-06-17T00:00:00.000Z,בלגיה,33,35,68
2021-06-17T00:00:00.000Z,בילורוסיה,61,18,79
2021-06-17T00:00:00.000Z,בחריין,0,1,1
2021-06-17T00:00:00.000Z,בולגריה,324,20,344
2021-06-17T00:00:00.000Z,אתיופיה,36,15,51
2021-06-17T00:00:00.000Z,ארצות הברית,877,1842,2719
2021-06-17T00:00:00.000Z,ארמניה,1,1,2
2021-06-17T00:00:00.000Z,ארגנטינה,0,2,2
2021-06-17T00:00:00.000Z,אקואדור,2,0,2
2021-06-17T00:00:00.000Z,אנגולה,1,2,3
2021-06-17T00:00:00.000Z,אלבניה,3,1,4
2021-06-17T00:00:00.000Z,איסלנד,38,0,38
2021-06-17T00:00:00.000Z,איטליה,193,65,258
2021-06-17T00:00:00.000Z,אזרביג'אן,7,2,9
2021-06-17T00:00:00.000Z,אוקראינה,123,345,468
2021-06-17T00:00:00.000Z,אוסטריה,142,32,174
2021-06-17T00:00:00.000Z,אוזבקיסטן,1,0,1
2021-06-17T00:00:00.000Z,אוגנדה,8,0,8
2021-06-17T00:00:00.000Z,הונדורס,1,0,1
2021-06-17T00:00:00.000Z,הממלכה המאוחדת,257,230,487
2021-06-17T00:00:00.000Z,הרפ הדומיניקנית,4,0,4
2021-06-17T00:00:00.000Z,זאיר,1,0,1
2021-06-17T00:00:00.000Z,זימבאבווה,1,0,1
2021-06-17T00:00:00.000Z,זמביה,2,0,2
2021-06-17T00:00:00.000Z,חוף השנהב,6,0,6
2021-06-17T00:00:00.000Z,טג'יקיסטאן,2,0,2
2021-06-17T00:00:00.000Z,טיוואן,2,6,8
2021-06-17T00:00:00.000Z,טנזניה,7,2,9
2021-06-17T00:00:00.000Z,יוון,1791,119,1910
2021-06-17T00:00:00.000Z,ירדן,69,67,136
2021-06-17T00:00:00.000Z,כלל המדינות,8331,6549,14880
2021-06-17T00:00:00.000Z,לבנון,0,9,9
2021-06-17T00:00:00.000Z,הולנד,13,4,17
2021-06-17T00:00:00.000Z,ליטא,5,0,5
2021-06-17T00:00:00.000Z,מאלי,0,1,1
2021-06-17T00:00:00.000Z,מולדובה,84,36,120
2021-06-17T00:00:00.000Z,מצרים,335,65,400
2021-06-17T00:00:00.000Z,מקדוניה,2,0,2
2021-06-17T00:00:00.000Z,מקסיקו,2,3,5
2021-06-17T00:00:00.000Z,מרוקו,8,0,8
2021-06-17T00:00:00.000Z,נורבגיה,0,2,2
2021-06-17T00:00:00.000Z,ניגריה,5,9,14
2021-06-17T00:00:00.000Z,נמיביה,4,0,4
2021-06-17T00:00:00.000Z,נפאל,1,0,1
2021-06-17T00:00:00.000Z,ספרד,80,33,113
2021-06-17T00:00:00.000Z,סרביה,5,1,6
2021-06-17T00:00:00.000Z,ערב הסעודית,1,0,1
2021-06-17T00:00:00.000Z,פולין,10,1,11
2021-06-17T00:00:00.000Z,פורטוגל,18,3,21
2021-06-17T00:00:00.000Z,פיליפינים,0,21,21
2021-06-17T00:00:00.000Z,פינלנד,3,3,6
2021-06-17T00:00:00.000Z,פנמה,2,17,19
2021-06-17T00:00:00.000Z,פקיסטן,1,0,1
2021-06-17T00:00:00.000Z,צ'ילה,0,2,2
2021-06-17T00:00:00.000Z,צכיה,86,23,109
2021-06-17T00:00:00.000Z,צרפת,317,222,539
2021-06-17T00:00:00.000Z,קולומביה,4,6,10
2021-06-17T00:00:00.000Z,קונגו,2,0,2
2021-06-17T00:00:00.000Z,קוסובו,1,0,1
2021-06-17T00:00:00.000Z,קוסטה ריקה,2,1,3
2021-06-17T00:00:00.000Z,קזחסטאן,1,0,1
2021-06-17T00:00:00.000Z,קירג'זסטאן,11,4,15
2021-06-17T00:00:00.000Z,קנדה,0,4,4
2021-06-17T00:00:00.000Z,קניה,1,0,1
2021-06-17T00:00:00.000Z,קפריסין,487,73,560
2021-06-17T00:00:00.000Z,קרואטיה,5,0,5
2021-06-17T00:00:00.000Z,רואנדה,4,0,4
2021-06-17T00:00:00.000Z,רומניה,39,14,53
2021-06-17T00:00:00.000Z,רוסיה,73,123,196
2021-06-17T00:00:00.000Z,שוודיה,11,6,17
2021-06-17T00:00:00.000Z,שוויץ,94,39,133
2021-06-17T00:00:00.000Z,תאילנד,0,1,1
2021-06-17T00:00:00.000Z,תורכיה,276,81,357
2021-06-17T00:00:00.000Z,תורכמניסטאן,7,1,8
2021-06-17T00:00:00.000Z,איחוד האמירויות הערב,190,19,209
2021-06-17T00:00:00.000Z,הונג קונג,0,2,2
2021-06-18T00:00:00.000Z,קירג'זסטאן,2,1,3
2021-06-18T00:00:00.000Z,קזחסטאן,2,5,7
2021-06-18T00:00:00.000Z,קוריאה הדרומית,3,1,4
2021-06-18T00:00:00.000Z,קוסטה ריקה,7,4,11
2021-06-18T00:00:00.000Z,קוסובו,1,0,1
2021-06-18T00:00:00.000Z,צרפת,271,145,416
2021-06-18T00:00:00.000Z,ליטא,3,0,3
2021-06-18T00:00:00.000Z,תורכמניסטאן,12,0,12
2021-06-18T00:00:00.000Z,תורכיה,398,80,478
2021-06-18T00:00:00.000Z,שוויץ,125,32,157
2021-06-18T00:00:00.000Z,שוודיה,4,7,11
2021-06-18T00:00:00.000Z,רוסיה,92,75,167
2021-06-18T00:00:00.000Z,רומניה,155,30,185
2021-06-18T00:00:00.000Z,קרואטיה,12,2,14
2021-06-18T00:00:00.000Z,אוזבקיסטן,2,0,2
2021-06-18T00:00:00.000Z,איחוד האמירויות הערב,218,34,252
2021-06-18T00:00:00.000Z,קפריסין,244,50,294
2021-06-18T00:00:00.000Z,צכיה,9,0,9
2021-06-18T00:00:00.000Z,פרו,1,0,1
2021-06-18T00:00:00.000Z,פנמה,2,2,4
2021-06-18T00:00:00.000Z,פיליפינים,1,3,4
2021-06-18T00:00:00.000Z,פורטוגל,29,3,32
2021-06-18T00:00:00.000Z,פולין,163,43,206
2021-06-18T00:00:00.000Z,סרי לנקה (צילון),2,3,5
2021-06-18T00:00:00.000Z,סרביה,13,4,17
2021-06-18T00:00:00.000Z,ספרד,114,34,148
2021-06-18T00:00:00.000Z,סלובניה,0,1,1
2021-06-18T00:00:00.000Z,סינגפור,1,0,1
2021-06-18T00:00:00.000Z,נפאל,0,2,2
2021-06-18T00:00:00.000Z,ניגריה,1,5,6
2021-06-18T00:00:00.000Z,נורבגיה,1,4,5
2021-06-18T00:00:00.000Z,מרוקו,4,1,5
2021-06-18T00:00:00.000Z,מקסיקו,4,3,7
2021-06-18T00:00:00.000Z,מקדוניה,1,0,1
2021-06-18T00:00:00.000Z,מצרים,250,54,304
2021-06-18T00:00:00.000Z,מלטה,1,0,1
2021-06-18T00:00:00.000Z,מלדיבים,16,0,16
2021-06-18T00:00:00.000Z,מונטנגרו,111,10,121
2021-06-18T00:00:00.000Z,מולדובה,24,5,29
2021-06-18T00:00:00.000Z,מאוריציוס,3,0,3
2021-06-18T00:00:00.000Z,קנדה,12,59,71
2021-06-18T00:00:00.000Z,לטביה,4,0,4
2021-06-18T00:00:00.000Z,לוכסמבורג,1,0,1
2021-06-18T00:00:00.000Z,כלל המדינות,7335,4079,11414
2021-06-18T00:00:00.000Z,ירדן,0,18,18
2021-06-18T00:00:00.000Z,יפן,1,5,6
2021-06-18T00:00:00.000Z,יוון,1110,66,1176
2021-06-18T00:00:00.000Z,טנזניה,4,0,4
2021-06-18T00:00:00.000Z,זימבאבווה,1,0,1
2021-06-18T00:00:00.000Z,ונצואלה,0,2,2
2021-06-18T00:00:00.000Z,הממלכה המאוחדת,236,136,372
2021-06-18T00:00:00.000Z,הונגריה,108,15,123
2021-06-18T00:00:00.000Z,הונג קונג,0,7,7
2021-06-18T00:00:00.000Z,הולנד,169,46,215
2021-06-18T00:00:00.000Z,הודו,1,2,3
2021-06-18T00:00:00.000Z,דנמרק,6,4,10
2021-06-18T00:00:00.000Z,גרמניה,262,103,365
2021-06-18T00:00:00.000Z,גינאה החדשה,1,0,1
2021-06-18T00:00:00.000Z,גווטאמלה,1,0,1
2021-06-18T00:00:00.000Z,גאורגיה,494,48,542
2021-06-18T00:00:00.000Z,ברמודה,2,0,2
2021-06-18T00:00:00.000Z,ברזיל,1,1,2
2021-06-18T00:00:00.000Z,בלגיה,80,41,121
2021-06-18T00:00:00.000Z,בחריין,2,0,2
2021-06-18T00:00:00.000Z,בוסניה הרצגובינה,2,0,2
2021-06-18T00:00:00.000Z,בולגריה,162,19,181
2021-06-18T00:00:00.000Z,ארצות הברית,1075,1219,2294
2021-06-18T00:00:00.000Z,ארמניה,4,0,4
2021-06-18T00:00:00.000Z,אריתראה,1,0,1
2021-06-18T00:00:00.000Z,אקואדור,0,1,1
2021-06-18T00:00:00.000Z,אסטוניה,1,3,4
2021-06-18T00:00:00.000Z,אנגולה,4,0,4
2021-06-18T00:00:00.000Z,אלגיריה,2,0,2
2021-06-18T00:00:00.000Z,אלבניה,1,0,1
2021-06-18T00:00:00.000Z,אירלנד,3,1,4
2021-06-18T00:00:00.000Z,איסלנד,9,1,10
2021-06-18T00:00:00.000Z,אינדונזיה,2,0,2
2021-06-18T00:00:00.000Z,איי סיישל,1,0,1
2021-06-18T00:00:00.000Z,איי טורקס וקייקוס,2,1,3
2021-06-18T00:00:00.000Z,איטליה,208,63,271
2021-06-18T00:00:00.000Z,אזרביג'אן,17,1,18
2021-06-18T00:00:00.000Z,אורגוואי,0,3,3
2021-06-18T00:00:00.000Z,אוקראינה,30,30,60
2021-06-18T00:00:00.000Z,אוסטרליה,2,2,4
2021-06-18T00:00:00.000Z,אוסטריה,168,20,188
2021-06-19T00:00:00.000Z,לטביה,1,0,1
2021-06-19T00:00:00.000Z,איחוד האמירויות הערב,16,9,25
2021-06-19T00:00:00.000Z,תורכיה,457,120,577
2021-06-19T00:00:00.000Z,תאילנד,0,5,5
2021-06-19T00:00:00.000Z,שוויץ,38,13,51
2021-06-19T00:00:00.000Z,שוודיה,6,5,11
2021-06-19T00:00:00.000Z,רומניה,102,9,111
2021-06-19T00:00:00.000Z,רואנדה,2,0,2
2021-06-19T00:00:00.000Z,קרואטיה,8,0,8
2021-06-19T00:00:00.000Z,קפריסין,319,16,335
2021-06-19T00:00:00.000Z,קניה,5,1,6
2021-06-19T00:00:00.000Z,קנדה,0,4,4
2021-06-19T00:00:00.000Z,קמרון,0,2,2
2021-06-19T00:00:00.000Z,קזחסטאן,3,2,5
2021-06-19T00:00:00.000Z,קוריאה הדרומית,3,0,3
2021-06-19T00:00:00.000Z,קוסטה ריקה,3,2,5
2021-06-19T00:00:00.000Z,קולומביה,3,1,4
2021-06-19T00:00:00.000Z,צרפת,69,39,108
2021-06-19T00:00:00.000Z,צ'ילה,1,0,1
2021-06-19T00:00:00.000Z,פרו,0,5,5
2021-06-19T00:00:00.000Z,פנמה,1,0,1
2021-06-19T00:00:00.000Z,פינלנד,6,1,7
2021-06-19T00:00:00.000Z,פיליפינים,1,14,15
2021-06-19T00:00:00.000Z,פורטוגל,16,4,20
2021-06-19T00:00:00.000Z,פולין,107,11,118
2021-06-19T00:00:00.000Z,סרי לנקה (צילון),0,1,1
2021-06-19T00:00:00.000Z,סרביה,7,2,9
2021-06-19T00:00:00.000Z,ספרד,36,9,45
2021-06-19T00:00:00.000Z,סלובניה,3,0,3
2021-06-19T00:00:00.000Z,סינגפור,0,5,5
2021-06-19T00:00:00.000Z,נמיביה,2,0,2
2021-06-19T00:00:00.000Z,ניו זילנד,1,0,1
2021-06-19T00:00:00.000Z,ניגריה,13,0,13
2021-06-19T00:00:00.000Z,נורבגיה,0,2,2
2021-06-19T00:00:00.000Z,מרוקו,0,1,1
2021-06-19T00:00:00.000Z,מקסיקו,1,3,4
2021-06-19T00:00:00.000Z,מצרים,737,56,793
2021-06-19T00:00:00.000Z,מלדיבים,9,0,9
2021-06-19T00:00:00.000Z,מונטנגרו,1,2,3
2021-06-19T00:00:00.000Z,מולדובה,6,1,7
2021-06-19T00:00:00.000Z,מוזמביק,5,0,5
2021-06-19T00:00:00.000Z,ליטא,13,2,15
2021-06-19T00:00:00.000Z,תורכמניסטאן,4,2,6
2021-06-19T00:00:00.000Z,לוכסמבורג,1,0,1
2021-06-19T00:00:00.000Z,כלל המדינות,4276,2480,6756
2021-06-19T00:00:00.000Z,ירדן,0,8,8
2021-06-19T00:00:00.000Z,יוון,818,30,848
2021-06-19T00:00:00.000Z,טנזניה,5,3,8
2021-06-19T00:00:00.000Z,טיוואן,1,0,1
2021-06-19T00:00:00.000Z,טוגו,1,0,1
2021-06-19T00:00:00.000Z,חוף השנהב,2,2,4
2021-06-19T00:00:00.000Z,זמביה,3,4,7
2021-06-19T00:00:00.000Z,זימבאבווה,1,0,1
2021-06-19T00:00:00.000Z,הממלכה המאוחדת,55,59,114
2021-06-19T00:00:00.000Z,הונגריה,2,0,2
2021-06-19T00:00:00.000Z,הונג קונג,0,1,1
2021-06-19T00:00:00.000Z,הולנד,86,21,107
2021-06-19T00:00:00.000Z,הודו,0,1,1
2021-06-19T00:00:00.000Z,האנטילים ההולנדים,2,0,2
2021-06-19T00:00:00.000Z,דרום סודאן,1,0,1
2021-06-19T00:00:00.000Z,דרום אפריקה,1,7,8
2021-06-19T00:00:00.000Z,דנמרק,18,4,22
2021-06-19T00:00:00.000Z,גרמניה,182,51,233
2021-06-19T00:00:00.000Z,גאנה,3,3,6
2021-06-19T00:00:00.000Z,גאורגיה,79,14,93
2021-06-19T00:00:00.000Z,בלגיה,4,2,6
2021-06-19T00:00:00.000Z,בילורוסיה,1,0,1
2021-06-19T00:00:00.000Z,בורונדי,1,0,1
2021-06-19T00:00:00.000Z,בולגריה,5,0,5
2021-06-19T00:00:00.000Z,אתיופיה,14,10,24
2021-06-19T00:00:00.000Z,ארצות הברית,443,994,1437
2021-06-19T00:00:00.000Z,ארגנטינה,0,1,1
2021-06-19T00:00:00.000Z,אקואדור,0,1,1
2021-06-19T00:00:00.000Z,אסטוניה,1,2,3
2021-06-19T00:00:00.000Z,אלבניה,0,1,1
2021-06-19T00:00:00.000Z,אירלנד,0,3,3
2021-06-19T00:00:00.000Z,איסלנד,54,0,54
2021-06-19T00:00:00.000Z,איטליה,41,12,53
2021-06-19T00:00:00.000Z,אזרביג'אן,14,0,14
2021-06-19T00:00:00.000Z,אוקראינה,3,1,4
2021-06-19T00:00:00.000Z,אוסטרליה,2,0,2
2021-06-19T00:00:00.000Z,אוסטריה,161,18,179
2021-06-19T00:00:00.000Z,אוזבקיסטן,1,4,5
2021-06-19T00:00:00.000Z,אוגנדה,2,0,2
2021-06-20T00:00:00.000Z,איי קייפ וורדה,1,0,1
2021-06-20T00:00:00.000Z,איי סיישל,132,9,141
2021-06-20T00:00:00.000Z,איי טורקס וקייקוס,2,0,2
2021-06-20T00:00:00.000Z,בלגיה,57,44,101
2021-06-20T00:00:00.000Z,איחוד האמירויות הערב,212,41,253
2021-06-20T00:00:00.000Z,איטליה,169,32,201
2021-06-20T00:00:00.000Z,אזרביג'אן,1,3,4
2021-06-20T00:00:00.000Z,אורגוואי,0,2,2
2021-06-20T00:00:00.000Z,אוקראינה,235,157,392
2021-06-20T00:00:00.000Z,אוסטרליה,1,6,7
2021-06-20T00:00:00.000Z,אוסטריה,238,15,253
2021-06-20T00:00:00.000Z,אוזבקיסטן,1,0,1
2021-06-20T00:00:00.000Z,ברזיל,2,2,4
2021-06-20T00:00:00.000Z,בוסניה הרצגובינה,5,2,7
2021-06-20T00:00:00.000Z,בולגריה,549,28,577
2021-06-20T00:00:00.000Z,ארצות הברית,495,785,1280
2021-06-20T00:00:00.000Z,ארמניה,2,2,4
2021-06-20T00:00:00.000Z,אנטיגואה וברבודה,2,0,2
2021-06-20T00:00:00.000Z,אירלנד,0,1,1
2021-06-20T00:00:00.000Z,איסלנד,14,0,14
2021-06-20T00:00:00.000Z,תורכמניסטאן,9,1,10
2021-06-20T00:00:00.000Z,תורכיה,830,167,997
2021-06-20T00:00:00.000Z,תאילנד,1,6,7
2021-06-20T00:00:00.000Z,שוויץ,99,56,155
2021-06-20T00:00:00.000Z,שוודיה,7,1,8
2021-06-20T00:00:00.000Z,רוסיה,88,98,186
2021-06-20T00:00:00.000Z,רומניה,9,3,12
2021-06-20T00:00:00.000Z,קרואטיה,13,0,13
2021-06-20T00:00:00.000Z,קפריסין,746,36,782
2021-06-20T00:00:00.000Z,קנדה,9,110,119
2021-06-20T00:00:00.000Z,קזחסטאן,0,8,8
2021-06-20T00:00:00.000Z,קוריאה הדרומית,1,0,1
2021-06-20T00:00:00.000Z,קוסטה ריקה,3,2,5
2021-06-20T00:00:00.000Z,צרפת,281,235,516
2021-06-20T00:00:00.000Z,צכיה,73,6,79
2021-06-20T00:00:00.000Z,פנמה,2,0,2
2021-06-20T00:00:00.000Z,פינלנד,1,1,2
2021-06-20T00:00:00.000Z,פיליפינים,0,7,7
2021-06-20T00:00:00.000Z,פורטוגל,21,1,22
2021-06-20T00:00:00.000Z,פולין,48,1,49
2021-06-20T00:00:00.000Z,סרביה,1,0,1
2021-06-20T00:00:00.000Z,ספרד,80,30,110
2021-06-20T00:00:00.000Z,סנגל,2,0,2
2021-06-20T00:00:00.000Z,סלובניה,0,3,3
2021-06-20T00:00:00.000Z,סינגפור,0,7,7
2021-06-20T00:00:00.000Z,סין,0,1,1
2021-06-20T00:00:00.000Z,ניגריה,0,4,4
2021-06-20T00:00:00.000Z,נורבגיה,1,0,1
2021-06-20T00:00:00.000Z,מרוקו,0,1,1
2021-06-20T00:00:00.000Z,מקסיקו,2,1,3
2021-06-20T00:00:00.000Z,מצרים,935,94,1029
2021-06-20T00:00:00.000Z,מלדיבים,7,1,8
2021-06-20T00:00:00.000Z,מונטנגרו,2,0,2
2021-06-20T00:00:00.000Z,מולדובה,132,74,206
2021-06-20T00:00:00.000Z,מאוריציוס,1,0,1
2021-06-20T00:00:00.000Z,ליטא,2,3,5
2021-06-20T00:00:00.000Z,כלל המדינות,11847,5039,16886
2021-06-20T00:00:00.000Z,ירדן,124,52,176
2021-06-20T00:00:00.000Z,יפן,1,9,10
2021-06-20T00:00:00.000Z,יוון,3182,119,3301
2021-06-20T00:00:00.000Z,טנזניה,1,0,1
2021-06-20T00:00:00.000Z,טיוואן,1,0,1
2021-06-20T00:00:00.000Z,ונצואלה,0,1,1
2021-06-20T00:00:00.000Z,ויטנאם,0,2,2
2021-06-20T00:00:00.000Z,הממלכה המאוחדת,318,336,654
2021-06-20T00:00:00.000Z,הונגריה,197,44,241
2021-06-20T00:00:00.000Z,הונג קונג,1,1,2
2021-06-20T00:00:00.000Z,הולנד,154,26,180
2021-06-20T00:00:00.000Z,דרום אפריקה,1,0,1
2021-06-20T00:00:00.000Z,דנמרק,14,6,20
2021-06-20T00:00:00.000Z,גרמניה,288,118,406
2021-06-20T00:00:00.000Z,גיברלטר,1,0,1
2021-06-20T00:00:00.000Z,גווטאמלה,1,0,1
2021-06-20T00:00:00.000Z,גאנה,2,0,2
2021-06-20T00:00:00.000Z,גאורגיה,652,18,670
2021-06-20T00:00:00.000Z,בילורוסיה,140,16,156
2021-06-21T00:00:00.000Z,ליטא,18,1,19
2021-06-21T00:00:00.000Z,איי טורקס וקייקוס,7,0,7
2021-06-21T00:00:00.000Z,אוגנדה,1,1,2
2021-06-21T00:00:00.000Z,אוזבקיסטן,25,73,98
2021-06-21T00:00:00.000Z,אוסטריה,201,38,239
2021-06-21T00:00:00.000Z,אוסטרליה,0,1,1
2021-06-21T00:00:00.000Z,אוקראינה,126,86,212
2021-06-21T00:00:00.000Z,אורגוואי,1,1,2
2021-06-21T00:00:00.000Z,אזרביג'אן,1,0,1
2021-06-21T00:00:00.000Z,איטליה,327,66,393
2021-06-21T00:00:00.000Z,איי סיישל,14,4,18
2021-06-21T00:00:00.000Z,איסלנד,26,0,26
2021-06-21T00:00:00.000Z,אירלנד,3,1,4
2021-06-21T00:00:00.000Z,אלבניה,40,0,40
2021-06-21T00:00:00.000Z,אסטוניה,0,1,1
2021-06-21T00:00:00.000Z,אקואדור,2,1,3
2021-06-21T00:00:00.000Z,ארגנטינה,1,0,1
2021-06-21T00:00:00.000Z,ארצות הברית,868,1506,2374
2021-06-21T00:00:00.000Z,אתיופיה,29,42,71
2021-06-21T00:00:00.000Z,בוטסואנה,1,0,1
2021-06-21T00:00:00.000Z,בולגריה,336,13,349
2021-06-21T00:00:00.000Z,בוסניה הרצגובינה,13,2,15
2021-06-21T00:00:00.000Z,בלגיה,54,43,97
2021-06-21T00:00:00.000Z,ברזיל,0,3,3
2021-06-21T00:00:00.000Z,גאורגיה,685,40,725
2021-06-21T00:00:00.000Z,גאנה,5,8,13
2021-06-21T00:00:00.000Z,גווטאמלה,1,0,1
2021-06-21T00:00:00.000Z,גרמניה,303,189,492
2021-06-21T00:00:00.000Z,גרנדה,1,0,1
2021-06-21T00:00:00.000Z,דנמרק,7,0,7
2021-06-21T00:00:00.000Z,דרום אפריקה,1,7,8
2021-06-21T00:00:00.000Z,דרום סודאן,2,0,2
2021-06-21T00:00:00.000Z,הודו,40,10,50
2021-06-21T00:00:00.000Z,הולנד,246,34,280
2021-06-21T00:00:00.000Z,הונג קונג,3,0,3
2021-06-21T00:00:00.000Z,הונגריה,98,16,114
2021-06-21T00:00:00.000Z,הונדורס,1,6,7
2021-06-21T00:00:00.000Z,הממלכה המאוחדת,327,215,542
2021-06-21T00:00:00.000Z,הרפ הדומיניקנית,2,0,2
2021-06-21T00:00:00.000Z,זאיר,1,0,1
2021-06-21T00:00:00.000Z,זימבאבווה,18,0,18
2021-06-21T00:00:00.000Z,טיוואן,0,2,2
2021-06-21T00:00:00.000Z,טנזניה,5,0,5
2021-06-21T00:00:00.000Z,יוון,2329,90,2419
2021-06-21T00:00:00.000Z,ירדן,80,69,149
2021-06-21T00:00:00.000Z,כלל המדינות,10749,5778,16527
2021-06-21T00:00:00.000Z,לוכסמבורג,1,0,1
2021-06-21T00:00:00.000Z,איחוד האמירויות הערב,412,45,457
2021-06-21T00:00:00.000Z,מוזמביק,2,0,2
2021-06-21T00:00:00.000Z,מונטנגרו,142,7,149
2021-06-21T00:00:00.000Z,מונקו,1,0,1
2021-06-21T00:00:00.000Z,מלדיבים,24,0,24
2021-06-21T00:00:00.000Z,מצרים,635,68,703
2021-06-21T00:00:00.000Z,מקדוניה,1,0,1
2021-06-21T00:00:00.000Z,מקסיקו,5,12,17
2021-06-21T00:00:00.000Z,מרוקו,3,3,6
2021-06-21T00:00:00.000Z,נורבגיה,0,2,2
2021-06-21T00:00:00.000Z,ניגר,0,1,1
2021-06-21T00:00:00.000Z,ניגריה,6,2,8
2021-06-21T00:00:00.000Z,ניו זילנד,0,1,1
2021-06-21T00:00:00.000Z,ניקרגואה,1,0,1
2021-06-21T00:00:00.000Z,סוריה,0,1,1
2021-06-21T00:00:00.000Z,סין,1,0,1
2021-06-21T00:00:00.000Z,סינגפור,0,11,11
2021-06-21T00:00:00.000Z,ספרד,283,52,335
2021-06-21T00:00:00.000Z,סרביה,7,2,9
2021-06-21T00:00:00.000Z,סרי לנקה (צילון),2,3,5
2021-06-21T00:00:00.000Z,פולין,41,19,60
2021-06-21T00:00:00.000Z,פורטוגל,16,10,26
2021-06-21T00:00:00.000Z,פיליפינים,1,5,6
2021-06-21T00:00:00.000Z,פינלנד,2,3,5
2021-06-21T00:00:00.000Z,פנמה,3,15,18
2021-06-21T00:00:00.000Z,פרגוואי,0,1,1
2021-06-21T00:00:00.000Z,פרו,3,2,5
2021-06-21T00:00:00.000Z,צ'ילה,1,3,4
2021-06-21T00:00:00.000Z,צכיה,7,1,8
2021-06-21T00:00:00.000Z,צרפת,384,210,594
2021-06-21T00:00:00.000Z,קובה,0,4,4
2021-06-21T00:00:00.000Z,קולומביה,7,2,9
2021-06-21T00:00:00.000Z,קוסטה ריקה,4,1,5
2021-06-21T00:00:00.000Z,קזחסטאן,0,2,2
2021-06-21T00:00:00.000Z,קירג'זסטאן,1,0,1
2021-06-21T00:00:00.000Z,קמרון,1,0,1
2021-06-21T00:00:00.000Z,קנדה,1,7,8
2021-06-21T00:00:00.000Z,קניה,9,13,22
2021-06-21T00:00:00.000Z,קפריסין,520,45,565
2021-06-21T00:00:00.000Z,קרואטיה,10,5,15
2021-06-21T00:00:00.000Z,רואנדה,2,0,2
2021-06-21T00:00:00.000Z,רומניה,265,49,314
2021-06-21T00:00:00.000Z,רוסיה,76,96,172
2021-06-21T00:00:00.000Z,שוודיה,7,0,7
2021-06-21T00:00:00.000Z,שוויץ,108,29,137
2021-06-21T00:00:00.000Z,תאילנד,1,1,2
2021-06-21T00:00:00.000Z,תורכיה,295,63,358
2021-06-21T00:00:00.000Z,תורכמניסטאן,12,1,13
2021-06-22T00:00:00.000Z,עירק,2,2,4
2021-06-22T00:00:00.000Z,סרי לנקה (צילון),0,3,3
2021-06-22T00:00:00.000Z,סרביה,1,0,1
2021-06-22T00:00:00.000Z,ספרד,48,40,88
2021-06-22T00:00:00.000Z,סלובניה,3,0,3
2021-06-22T00:00:00.000Z,סוריה,6,0,6
2021-06-22T00:00:00.000Z,ניגריה,2,4,6
2021-06-22T00:00:00.000Z,נורבגיה,0,1,1
2021-06-22T00:00:00.000Z,מרוקו,0,3,3
2021-06-22T00:00:00.000Z,מקסיקו,1,12,13
2021-06-22T00:00:00.000Z,מצרים,327,45,372
2021-06-22T00:00:00.000Z,מלדיבים,6,0,6
2021-06-22T00:00:00.000Z,מולדובה,65,38,103
2021-06-22T00:00:00.000Z,ליטא,8,1,9
2021-06-22T00:00:00.000Z,לטביה,20,24,44
2021-06-22T00:00:00.000Z,לבנון,0,1,1
2021-06-22T00:00:00.000Z,כלל המדינות,6065,4876,10941
2021-06-22T00:00:00.000Z,ירדן,36,22,58
2021-06-22T00:00:00.000Z,יפן,1,1,2
2021-06-22T00:00:00.000Z,יוון,979,77,1056
2021-06-22T00:00:00.000Z,טנזניה,1,3,4
2021-06-22T00:00:00.000Z,טוגו,1,0,1
2021-06-22T00:00:00.000Z,זמביה,0,5,5
2021-06-22T00:00:00.000Z,ויטנאם,3,0,3
2021-06-22T00:00:00.000Z,הרפ הדומיניקנית,3,0,3
2021-06-22T00:00:00.000Z,הממלכה המאוחדת,177,195,372
2021-06-22T00:00:00.000Z,הונדורס,0,24,24
2021-06-22T00:00:00.000Z,הונגריה,45,18,63
2021-06-22T00:00:00.000Z,הולנד,106,10,116
2021-06-22T00:00:00.000Z,האנטילים ההולנדים,1,0,1
2021-06-22T00:00:00.000Z,דרום סודאן,1,0,1
2021-06-22T00:00:00.000Z,דרום אפריקה,1,2,3
2021-06-22T00:00:00.000Z,דנמרק,2,0,2
2021-06-22T00:00:00.000Z,גרמניה,327,65,392
2021-06-22T00:00:00.000Z,גאורגיה,222,14,236
2021-06-22T00:00:00.000Z,ברזיל,2,21,23
2021-06-22T00:00:00.000Z,בלגיה,71,61,132
2021-06-22T00:00:00.000Z,בילורוסיה,67,67,134
2021-06-22T00:00:00.000Z,בוסניה הרצגובינה,2,1,3
2021-06-22T00:00:00.000Z,בוליביה,1,0,1
2021-06-22T00:00:00.000Z,בולגריה,219,12,231
2021-06-22T00:00:00.000Z,אתיופיה,6,6,12
2021-06-22T00:00:00.000Z,ארצות הברית,779,1351,2130
2021-06-22T00:00:00.000Z,ארמניה,1,0,1
2021-06-22T00:00:00.000Z,ארגנטינה,2,10,12
2021-06-22T00:00:00.000Z,אסטוניה,4,2,6
2021-06-22T00:00:00.000Z,אלבניה,3,0,3
2021-06-22T00:00:00.000Z,אירלנד,0,1,1
2021-06-22T00:00:00.000Z,קרואטיה,16,0,16
2021-06-22T00:00:00.000Z,קנדה,0,3,3
2021-06-22T00:00:00.000Z,איחוד האמירויות הערב,105,18,123
2021-06-22T00:00:00.000Z,רומניה,3,0,3
2021-06-22T00:00:00.000Z,אזרביג'אן,1,6,7
2021-06-22T00:00:00.000Z,אורגוואי,2,3,5
2021-06-22T00:00:00.000Z,אוקראינה,75,54,129
2021-06-22T00:00:00.000Z,אוסטריה,6,2,8
2021-06-22T00:00:00.000Z,אוגנדה,1,0,1
2021-06-22T00:00:00.000Z,רוסיה,14,33,47
2021-06-22T00:00:00.000Z,שוודיה,0,6,6
2021-06-22T00:00:00.000Z,שוויץ,9,4,13
2021-06-22T00:00:00.000Z,תאילנד,0,2,2
2021-06-22T00:00:00.000Z,תוניסיה,2,0,2
2021-06-22T00:00:00.000Z,תורכיה,597,189,786
2021-06-22T00:00:00.000Z,תורכמניסטאן,2,3,5
2021-06-22T00:00:00.000Z,קפריסין,351,30,381
2021-06-22T00:00:00.000Z,קמרון,1,0,1
2021-06-22T00:00:00.000Z,קירג'זסטאן,4,0,4
2021-06-22T00:00:00.000Z,קוריאה הדרומית,1,0,1
2021-06-22T00:00:00.000Z,קוסטה ריקה,13,1,14
2021-06-22T00:00:00.000Z,קולומביה,0,1,1
2021-06-22T00:00:00.000Z,צרפת,287,143,430
2021-06-22T00:00:00.000Z,צכיה,3,0,3
2021-06-22T00:00:00.000Z,קניה,2,3,5
2021-06-22T00:00:00.000Z,צ'ילה,0,28,28
2021-06-22T00:00:00.000Z,פנמה,3,0,3
2021-06-22T00:00:00.000Z,פינלנד,1,0,1
2021-06-22T00:00:00.000Z,פיליפינים,0,19,19
2021-06-22T00:00:00.000Z,פורטוגל,11,6,17
2021-06-22T00:00:00.000Z,פולין,152,40,192
2021-06-22T00:00:00.000Z,איטליה,99,12,111
2021-06-22T00:00:00.000Z,איי הבתולה,0,2,2
2021-06-22T00:00:00.000Z,איסלנד,25,0,25
2021-06-23T00:00:00.000Z,תוניסיה,3,2,5
2021-06-23T00:00:00.000Z,אורגוואי,0,1,1
2021-06-23T00:00:00.000Z,איחוד האמירויות הערב,153,26,179
2021-06-23T00:00:00.000Z,תורכמניסטאן,9,6,15
2021-06-23T00:00:00.000Z,תורכיה,542,272,814
2021-06-23T00:00:00.000Z,תאילנד,0,3,3
2021-06-23T00:00:00.000Z,שוויץ,115,31,146
2021-06-23T00:00:00.000Z,שוודיה,7,2,9
2021-06-23T00:00:00.000Z,רוסיה,50,42,92
2021-06-23T00:00:00.000Z,רומניה,250,59,309
2021-06-23T00:00:00.000Z,רואנדה,1,0,1
2021-06-23T00:00:00.000Z,קרואטיה,2,0,2
2021-06-23T00:00:00.000Z,קפריסין,340,29,369
2021-06-23T00:00:00.000Z,קניה,5,0,5
2021-06-23T00:00:00.000Z,קנדה,23,112,135
2021-06-23T00:00:00.000Z,קזחסטאן,1,2,3
2021-06-23T00:00:00.000Z,קוריאה הדרומית,1,12,13
2021-06-23T00:00:00.000Z,קוסטה ריקה,5,0,5
2021-06-23T00:00:00.000Z,קוסובו,1,0,1
2021-06-23T00:00:00.000Z,קולומביה,1,0,1
2021-06-23T00:00:00.000Z,צרפת,228,196,424
2021-06-23T00:00:00.000Z,צכיה,5,4,9
2021-06-23T00:00:00.000Z,פרגוואי,3,0,3
2021-06-23T00:00:00.000Z,פנמה,8,0,8
2021-06-23T00:00:00.000Z,פינלנד,10,5,15
2021-06-23T00:00:00.000Z,פיליפינים,0,3,3
2021-06-23T00:00:00.000Z,פורטוגל,5,5,10
2021-06-23T00:00:00.000Z,פולין,78,12,90
2021-06-23T00:00:00.000Z,ערב הסעודית,0,1,1
2021-06-23T00:00:00.000Z,סרביה,3,2,5
2021-06-23T00:00:00.000Z,ספרד,81,25,106
2021-06-23T00:00:00.000Z,סלובניה,5,1,6
2021-06-23T00:00:00.000Z,סינגפור,2,5,7
2021-06-23T00:00:00.000Z,סין,4,12,16
2021-06-23T00:00:00.000Z,נפאל,2,0,2
2021-06-23T00:00:00.000Z,ניגריה,8,0,8
2021-06-23T00:00:00.000Z,מרוקו,4,5,9
2021-06-23T00:00:00.000Z,מקסיקו,3,5,8
2021-06-23T00:00:00.000Z,מקדוניה,2,0,2
2021-06-23T00:00:00.000Z,מצרים,211,63,274
2021-06-23T00:00:00.000Z,מלדיבים,24,3,27
2021-06-23T00:00:00.000Z,מונטנגרו,171,2,173
2021-06-23T00:00:00.000Z,לטביה,2,0,2
2021-06-23T00:00:00.000Z,לוכסמבורג,0,2,2
2021-06-23T00:00:00.000Z,כלל המדינות,6071,5902,11973
2021-06-23T00:00:00.000Z,ירדן,98,37,135
2021-06-23T00:00:00.000Z,יוון,552,45,597
2021-06-23T00:00:00.000Z,טנזניה,142,2,144
2021-06-23T00:00:00.000Z,זמביה,0,1,1
2021-06-23T00:00:00.000Z,זימבאבווה,0,1,1
2021-06-23T00:00:00.000Z,ונצואלה,0,2,2
2021-06-23T00:00:00.000Z,ויטנאם,0,1,1
2021-06-23T00:00:00.000Z,הרפ הדומיניקנית,2,0,2
2021-06-23T00:00:00.000Z,הממלכה המאוחדת,217,241,458
2021-06-23T00:00:00.000Z,הונגריה,63,28,91
2021-06-23T00:00:00.000Z,הונג קונג,1,3,4
2021-06-23T00:00:00.000Z,הולנד,102,29,131
2021-06-23T00:00:00.000Z,האנטילים ההולנדים,2,0,2
2021-06-23T00:00:00.000Z,דרום אפריקה,3,1,4
2021-06-23T00:00:00.000Z,דנמרק,4,4,8
2021-06-23T00:00:00.000Z,גרנדה,1,0,1
2021-06-23T00:00:00.000Z,גרמניה,208,93,301
2021-06-23T00:00:00.000Z,גאנה,2,10,12
2021-06-23T00:00:00.000Z,גאורגיה,228,19,247
2021-06-23T00:00:00.000Z,ברזיל,1,12,13
2021-06-23T00:00:00.000Z,בלגיה,3,2,5
2021-06-23T00:00:00.000Z,בילורוסיה,29,14,43
2021-06-23T00:00:00.000Z,בוליביה,1,0,1
2021-06-23T00:00:00.000Z,בולגריה,160,27,187
2021-06-23T00:00:00.000Z,אתיופיה,10,2,12
2021-06-23T00:00:00.000Z,ארצות הברית,773,1462,2235
2021-06-23T00:00:00.000Z,ארמניה,1,0,1
2021-06-23T00:00:00.000Z,אלבניה,2,1,3
2021-06-23T00:00:00.000Z,איסלנד,1,0,1
2021-06-23T00:00:00.000Z,אוגנדה,4,4,8
2021-06-23T00:00:00.000Z,אוזבקיסטן,1,1,2
2021-06-23T00:00:00.000Z,אוסטריה,171,44,215
2021-06-23T00:00:00.000Z,אוסטרליה,2,2,4
2021-06-23T00:00:00.000Z,אוקראינה,119,321,440
2021-06-23T00:00:00.000Z,איי סיישל,39,2,41
2021-06-23T00:00:00.000Z,אזרביג'אן,3,4,7
2021-06-23T00:00:00.000Z,איטליה,54,15,69
2021-06-24T00:00:00.000Z,אזרביג'אן,5,1,6
2021-06-24T00:00:00.000Z,איחוד האמירויות הערב,125,26,151
2021-06-24T00:00:00.000Z,תאילנד,4,264,268
2021-06-24T00:00:00.000Z,שוויץ,75,32,107
2021-06-24T00:00:00.000Z,שוודיה,10,6,16
2021-06-24T00:00:00.000Z,רוסיה,68,133,201
2021-06-24T00:00:00.000Z,רומניה,58,17,75
2021-06-24T00:00:00.000Z,רואנדה,1,1,2
2021-06-24T00:00:00.000Z,קרואטיה,7,1,8
2021-06-24T00:00:00.000Z,קפריסין,606,132,738
2021-06-24T00:00:00.000Z,קניה,19,2,21
2021-06-24T00:00:00.000Z,קנדה,0,2,2
2021-06-24T00:00:00.000Z,קמרון,0,1,1
2021-06-24T00:00:00.000Z,קירג'זסטאן,3,0,3
2021-06-24T00:00:00.000Z,קזחסטאן,5,4,9
2021-06-24T00:00:00.000Z,קוריאה הדרומית,1,0,1
2021-06-24T00:00:00.000Z,קוסטה ריקה,4,1,5
2021-06-24T00:00:00.000Z,קונגו,2,0,2
2021-06-24T00:00:00.000Z,קולומביה,0,7,7
2021-06-24T00:00:00.000Z,צרפת,420,234,654
2021-06-24T00:00:00.000Z,צכיה,78,16,94
2021-06-24T00:00:00.000Z,פרו,8,2,10
2021-06-24T00:00:00.000Z,פנמה,1,5,6
2021-06-24T00:00:00.000Z,פלאו,1,0,1
2021-06-24T00:00:00.000Z,פינלנד,2,2,4
2021-06-24T00:00:00.000Z,פיליפינים,0,26,26
2021-06-24T00:00:00.000Z,פורטוגל,12,8,20
2021-06-24T00:00:00.000Z,פולין,70,8,78
2021-06-24T00:00:00.000Z,ערב הסעודית,1,0,1
2021-06-24T00:00:00.000Z,סרביה,12,3,15
2021-06-24T00:00:00.000Z,ספרד,133,44,177
2021-06-24T00:00:00.000Z,סלובניה,2,0,2
2021-06-24T00:00:00.000Z,סין,1,1,2
2021-06-24T00:00:00.000Z,סווזילנד,1,0,1
2021-06-24T00:00:00.000Z,סודן,0,1,1
2021-06-24T00:00:00.000Z,ניו זילנד,1,0,1
2021-06-24T00:00:00.000Z,ניגריה,7,6,13
2021-06-24T00:00:00.000Z,ניגר,1,1,2
2021-06-24T00:00:00.000Z,מרוקו,7,1,8
2021-06-24T00:00:00.000Z,מקסיקו,1,3,4
2021-06-24T00:00:00.000Z,מצרים,348,54,402
2021-06-24T00:00:00.000Z,מלטה,0,1,1
2021-06-24T00:00:00.000Z,מלדיבים,25,2,27
2021-06-24T00:00:00.000Z,מולדובה,93,71,164
2021-06-24T00:00:00.000Z,מאלי,0,2,2
2021-06-24T00:00:00.000Z,ליטא,8,0,8
2021-06-24T00:00:00.000Z,לבנון,0,1,1
2021-06-24T00:00:00.000Z,כלל המדינות,10079,7203,17282
2021-06-24T00:00:00.000Z,ירדן,59,73,132
2021-06-24T00:00:00.000Z,יוון,2135,172,2307
2021-06-24T00:00:00.000Z,טנזניה,7,1,8
2021-06-24T00:00:00.000Z,טיוואן,1,0,1
2021-06-24T00:00:00.000Z,טוגו,3,0,3
2021-06-24T00:00:00.000Z,טג'יקיסטאן,2,0,2
2021-06-24T00:00:00.000Z,חוף השנהב,4,1,5
2021-06-24T00:00:00.000Z,זאיר,1,0,1
2021-06-24T00:00:00.000Z,הרפ הדומיניקנית,2,0,2
2021-06-24T00:00:00.000Z,הממלכה המאוחדת,321,257,578
2021-06-24T00:00:00.000Z,הונגריה,241,15,256
2021-06-24T00:00:00.000Z,הונג קונג,1,0,1
2021-06-24T00:00:00.000Z,הולנד,78,30,108
2021-06-24T00:00:00.000Z,האיטי,1,0,1
2021-06-24T00:00:00.000Z,דרום אפריקה,4,13,17
2021-06-24T00:00:00.000Z,דנמרק,9,4,13
2021-06-24T00:00:00.000Z,גרמניה,180,82,262
2021-06-24T00:00:00.000Z,גינאה המשוונית,1,1,2
2021-06-24T00:00:00.000Z,גויאנה הצרפתית,1,0,1
2021-06-24T00:00:00.000Z,גווטאמלה,1,2,3
2021-06-24T00:00:00.000Z,גבון,2,0,2
2021-06-24T00:00:00.000Z,גאנה,7,5,12
2021-06-24T00:00:00.000Z,גאורגיה,799,43,842
2021-06-24T00:00:00.000Z,ברזיל,3,0,3
2021-06-24T00:00:00.000Z,בלגיה,58,79,137
2021-06-24T00:00:00.000Z,בילורוסיה,58,31,89
2021-06-24T00:00:00.000Z,בוסניה הרצגובינה,2,0,2
2021-06-24T00:00:00.000Z,בוליביה,2,0,2
2021-06-24T00:00:00.000Z,בולגריה,440,25,465
2021-06-24T00:00:00.000Z,אתיופיה,23,3,26
2021-06-24T00:00:00.000Z,ארצות הברית,830,1417,2247
2021-06-24T00:00:00.000Z,ארמניה,3,3,6
2021-06-24T00:00:00.000Z,ארגנטינה,2,3,5
2021-06-24T00:00:00.000Z,אלבניה,59,6,65
2021-06-24T00:00:00.000Z,אל סלבדור,1,0,1
2021-06-24T00:00:00.000Z,אירלנד,1,0,1
2021-06-24T00:00:00.000Z,איסלנד,39,0,39
2021-06-24T00:00:00.000Z,איי טורקס וקייקוס,2,1,3
2021-06-24T00:00:00.000Z,איטליה,280,59,339
2021-06-24T00:00:00.000Z,תורכיה,692,228,920
2021-06-24T00:00:00.000Z,אוקראינה,175,232,407
2021-06-24T00:00:00.000Z,אוסטרליה,1,1,2
2021-06-24T00:00:00.000Z,אוסטריה,188,48,236
2021-06-24T00:00:00.000Z,אוזבקיסטן,2,1,3
2021-06-24T00:00:00.000Z,אוגנדה,7,0,7
2021-06-24T00:00:00.000Z,תורכמניסטאן,4,0,4
2021-06-25T00:00:00.000Z,ליטא,27,5,32
2021-06-25T00:00:00.000Z,תורכיה,874,237,1111
2021-06-25T00:00:00.000Z,שוויץ,150,52,202
2021-06-25T00:00:00.000Z,שוודיה,4,4,8
2021-06-25T00:00:00.000Z,רוסיה,109,49,158
2021-06-25T00:00:00.000Z,רומניה,191,66,257
2021-06-25T00:00:00.000Z,קרואטיה,16,1,17
2021-06-25T00:00:00.000Z,קפריסין,513,107,620
2021-06-25T00:00:00.000Z,קנדה,16,60,76
2021-06-25T00:00:00.000Z,קטר,1,0,1
2021-06-25T00:00:00.000Z,קוריאה הדרומית,1,0,1
2021-06-25T00:00:00.000Z,קוסטה ריקה,5,5,10
2021-06-25T00:00:00.000Z,קולומביה,1,0,1
2021-06-25T00:00:00.000Z,צרפת,231,75,306
2021-06-25T00:00:00.000Z,צכיה,5,4,9
2021-06-25T00:00:00.000Z,פרו,0,1,1
2021-06-25T00:00:00.000Z,פינלנד,5,4,9
2021-06-25T00:00:00.000Z,פיליפינים,0,1,1
2021-06-25T00:00:00.000Z,פורטוגל,27,1,28
2021-06-25T00:00:00.000Z,פולין,109,37,146
2021-06-25T00:00:00.000Z,סרביה,22,8,30
2021-06-25T00:00:00.000Z,ספרד,119,33,152
2021-06-25T00:00:00.000Z,סנגל,2,0,2
2021-06-25T00:00:00.000Z,סלובניה,5,0,5
2021-06-25T00:00:00.000Z,סין,8,196,204
2021-06-25T00:00:00.000Z,סוריה,3,1,4
2021-06-25T00:00:00.000Z,סודן,1,0,1
2021-06-25T00:00:00.000Z,נפאל,1,2,3
2021-06-25T00:00:00.000Z,ניו זילנד,0,1,1
2021-06-25T00:00:00.000Z,ניגריה,10,0,10
2021-06-25T00:00:00.000Z,נורבגיה,0,1,1
2021-06-25T00:00:00.000Z,מרוקו,8,0,8
2021-06-25T00:00:00.000Z,תורכמניסטאן,5,2,7
2021-06-25T00:00:00.000Z,מקדוניה,0,1,1
2021-06-25T00:00:00.000Z,מצרים,239,49,288
2021-06-25T00:00:00.000Z,מלטה,2,0,2
2021-06-25T00:00:00.000Z,מלדיבים,25,2,27
2021-06-25T00:00:00.000Z,מונטנגרו,119,9,128
2021-06-25T00:00:00.000Z,מאלי,2,0,2
2021-06-25T00:00:00.000Z,מאוריציוס,6,0,6
2021-06-25T00:00:00.000Z,תאילנד,2,13,15
2021-06-25T00:00:00.000Z,לטביה,1,0,1
2021-06-25T00:00:00.000Z,כלל המדינות,9905,4723,14628
2021-06-25T00:00:00.000Z,ירדן,0,12,12
2021-06-25T00:00:00.000Z,יוון,1465,117,1582
2021-06-25T00:00:00.000Z,טנזניה,2,0,2
2021-06-25T00:00:00.000Z,ונצואלה,1,1,2
2021-06-25T00:00:00.000Z,הרפ הדומיניקנית,3,0,3
2021-06-25T00:00:00.000Z,הממלכה המאוחדת,244,142,386
2021-06-25T00:00:00.000Z,הונגריה,428,30,458
2021-06-25T00:00:00.000Z,הולנד,225,30,255
2021-06-25T00:00:00.000Z,הודו,4,0,4
2021-06-25T00:00:00.000Z,דנמרק,11,4,15
2021-06-25T00:00:00.000Z,גרמניה,396,127,523
2021-06-25T00:00:00.000Z,גמביה,2,0,2
2021-06-25T00:00:00.000Z,גווטאמלה,1,0,1
2021-06-25T00:00:00.000Z,גאנה,4,0,4
2021-06-25T00:00:00.000Z,גאורגיה,845,72,917
2021-06-25T00:00:00.000Z,ברזיל,0,1,1
2021-06-25T00:00:00.000Z,בלגיה,102,38,140
2021-06-25T00:00:00.000Z,בילורוסיה,31,15,46
2021-06-25T00:00:00.000Z,בוסניה הרצגובינה,1,0,1
2021-06-25T00:00:00.000Z,בולגריה,172,15,187
2021-06-25T00:00:00.000Z,ארצות הברית,1103,1131,2234
2021-06-25T00:00:00.000Z,ארמניה,3,5,8
2021-06-25T00:00:00.000Z,אנגולה,2,0,2
2021-06-25T00:00:00.000Z,אל סלבדור,1,1,2
2021-06-25T00:00:00.000Z,אירלנד,1,0,1
2021-06-25T00:00:00.000Z,איסלנד,19,0,19
2021-06-25T00:00:00.000Z,איי סיישל,1,0,1
2021-06-25T00:00:00.000Z,איי טורקס וקייקוס,0,1,1
2021-06-25T00:00:00.000Z,איטליה,271,38,309
2021-06-25T00:00:00.000Z,אזרביג'אן,5,0,5
2021-06-25T00:00:00.000Z,אורגוואי,0,9,9
2021-06-25T00:00:00.000Z,אוקראינה,145,120,265
2021-06-25T00:00:00.000Z,אוסטרליה,1,3,4
2021-06-25T00:00:00.000Z,אוסטריה,364,41,405
2021-06-25T00:00:00.000Z,אוזבקיסטן,2,0,2
2021-06-25T00:00:00.000Z,איחוד האמירויות הערב,222,23,245
2021-06-25T00:00:00.000Z,מקסיקו,5,0,5
2021-06-26T00:00:00.000Z,תורכיה,660,96,756
2021-06-26T00:00:00.000Z,תאילנד,3,0,3
2021-06-26T00:00:00.000Z,שוויץ,46,11,57
2021-06-26T00:00:00.000Z,שוודיה,5,8,13
2021-06-26T00:00:00.000Z,רוסיה,4,2,6
2021-06-26T00:00:00.000Z,רומניה,122,21,143
2021-06-26T00:00:00.000Z,רואנדה,2,1,3
2021-06-26T00:00:00.000Z,קרואטיה,8,0,8
2021-06-26T00:00:00.000Z,קפריסין,293,28,321
2021-06-26T00:00:00.000Z,איחוד האמירויות הערב,88,25,113
2021-06-26T00:00:00.000Z,אוגנדה,0,3,3
2021-06-26T00:00:00.000Z,תורכמניסטאן,6,2,8
2021-06-26T00:00:00.000Z,קניה,8,8,16
2021-06-26T00:00:00.000Z,קנדה,0,2,2
2021-06-26T00:00:00.000Z,קמרון,0,1,1
2021-06-26T00:00:00.000Z,קוריאה הדרומית,2,4,6
2021-06-26T00:00:00.000Z,קוסטה ריקה,3,11,14
2021-06-26T00:00:00.000Z,קולומביה,0,1,1
2021-06-26T00:00:00.000Z,צרפת,93,24,117
2021-06-26T00:00:00.000Z,צכיה,4,5,9
2021-06-26T00:00:00.000Z,פנמה,1,0,1
2021-06-26T00:00:00.000Z,פינלנד,4,1,5
2021-06-26T00:00:00.000Z,פיליפינים,1,7,8
2021-06-26T00:00:00.000Z,פורטוגל,25,1,26
2021-06-26T00:00:00.000Z,פורטו ריקו,0,3,3
2021-06-26T00:00:00.000Z,פולין,123,10,133
2021-06-26T00:00:00.000Z,סרביה,3,2,5
2021-06-26T00:00:00.000Z,ספרד,8,3,11
2021-06-26T00:00:00.000Z,סינגפור,1,9,10
2021-06-26T00:00:00.000Z,סין,0,5,5
2021-06-26T00:00:00.000Z,נמיביה,0,4,4
2021-06-26T00:00:00.000Z,ניגריה,4,14,18
2021-06-26T00:00:00.000Z,נורבגיה,0,6,6
2021-06-26T00:00:00.000Z,מרוקו,2,0,2
2021-06-26T00:00:00.000Z,מצרים,593,96,689
2021-06-26T00:00:00.000Z,מלדיבים,20,2,22
2021-06-26T00:00:00.000Z,מונטנגרו,2,0,2
2021-06-26T00:00:00.000Z,מאלי,2,0,2
2021-06-26T00:00:00.000Z,ליטא,15,1,16
2021-06-26T00:00:00.000Z,לטביה,3,1,4
2021-06-26T00:00:00.000Z,לוכסמבורג,2,8,10
2021-06-26T00:00:00.000Z,כלל המדינות,4959,2846,7805
2021-06-26T00:00:00.000Z,ירדן,0,8,8
2021-06-26T00:00:00.000Z,יפן,1,2,3
2021-06-26T00:00:00.000Z,יוון,982,55,1037
2021-06-26T00:00:00.000Z,טנזניה,2,4,6
2021-06-26T00:00:00.000Z,חוף השנהב,3,2,5
2021-06-26T00:00:00.000Z,זמביה,2,0,2
2021-06-26T00:00:00.000Z,זאיר,1,0,1
2021-06-26T00:00:00.000Z,הרפ הדומיניקנית,2,0,2
2021-06-26T00:00:00.000Z,הממלכה המאוחדת,46,49,95
2021-06-26T00:00:00.000Z,הונג קונג,0,2,2
2021-06-26T00:00:00.000Z,הולנד,181,17,198
2021-06-26T00:00:00.000Z,דרום סודאן,2,0,2
2021-06-26T00:00:00.000Z,דרום אפריקה,0,14,14
2021-06-26T00:00:00.000Z,דנמרק,6,9,15
2021-06-26T00:00:00.000Z,גרמניה,200,70,270
2021-06-26T00:00:00.000Z,גאנה,7,5,12
2021-06-26T00:00:00.000Z,גאורגיה,128,7,135
2021-06-26T00:00:00.000Z,בלגיה,2,2,4
2021-06-26T00:00:00.000Z,בורקינה פאסו,1,0,1
2021-06-26T00:00:00.000Z,בוסניה הרצגובינה,1,0,1
2021-06-26T00:00:00.000Z,בולגריה,6,0,6
2021-06-26T00:00:00.000Z,אתיופיה,29,10,39
2021-06-26T00:00:00.000Z,ארצות הברית,448,965,1413
2021-06-26T00:00:00.000Z,ארמניה,4,1,5
2021-06-26T00:00:00.000Z,ארגנטינה,1,0,1
2021-06-26T00:00:00.000Z,אנגולה,1,0,1
2021-06-26T00:00:00.000Z,אלבניה,1,0,1
2021-06-26T00:00:00.000Z,אל סלבדור,0,1,1
2021-06-26T00:00:00.000Z,אירלנד,4,7,11
2021-06-26T00:00:00.000Z,איסלנד,67,2,69
2021-06-26T00:00:00.000Z,איי סיישל,2,0,2
2021-06-26T00:00:00.000Z,איי מרשל,1,0,1
2021-06-26T00:00:00.000Z,איטליה,57,12,69
2021-06-26T00:00:00.000Z,אזרביג'אן,6,0,6
2021-06-26T00:00:00.000Z,אוקראינה,4,2,6
2021-06-26T00:00:00.000Z,אוסטרליה,0,1,1
2021-06-26T00:00:00.000Z,אוסטריה,211,32,243
2021-06-26T00:00:00.000Z,הונגריה,84,5,89
2021-06-27T00:00:00.000Z,קזחסטאן,2,0,2
2021-06-27T00:00:00.000Z,דרום אפריקה,0,6,6
2021-06-27T00:00:00.000Z,קטר,3,0,3
2021-06-27T00:00:00.000Z,קירג'זסטאן,4,1,5
2021-06-27T00:00:00.000Z,קמבודיה,1,0,1
2021-06-27T00:00:00.000Z,קנדה,9,95,104
2021-06-27T00:00:00.000Z,קפריסין,1072,80,1152
2021-06-27T00:00:00.000Z,קרואטיה,12,1,13
2021-06-27T00:00:00.000Z,רומניה,7,2,9
2021-06-27T00:00:00.000Z,רוסיה,73,140,213
2021-06-27T00:00:00.000Z,שוודיה,4,12,16
2021-06-27T00:00:00.000Z,שוויץ,155,50,205
2021-06-27T00:00:00.000Z,תאילנד,0,1,1
2021-06-27T00:00:00.000Z,תורכיה,1309,385,1694
2021-06-27T00:00:00.000Z,תורכמניסטאן,17,2,19
2021-06-27T00:00:00.000Z,דנמרק,18,3,21
2021-06-27T00:00:00.000Z,איחוד האמירויות הערב,167,39,206
2021-06-27T00:00:00.000Z,הודו,0,1,1
2021-06-27T00:00:00.000Z,הולנד,257,31,288
2021-06-27T00:00:00.000Z,הונג קונג,2,1,3
2021-06-27T00:00:00.000Z,הונגריה,256,44,300
2021-06-27T00:00:00.000Z,הממלכה המאוחדת,372,206,578
2021-06-27T00:00:00.000Z,הרפ הדומיניקנית,2,0,2
2021-06-27T00:00:00.000Z,חוף השנהב,1,0,1
2021-06-27T00:00:00.000Z,טנזניה,2,0,2
2021-06-27T00:00:00.000Z,יוון,3189,153,3342
2021-06-27T00:00:00.000Z,יפן,0,1,1
2021-06-27T00:00:00.000Z,ירדן,140,44,184
2021-06-27T00:00:00.000Z,כלל המדינות,13406,5865,19271
2021-06-27T00:00:00.000Z,לוכסמבורג,0,1,1
2021-06-27T00:00:00.000Z,לטביה,3,1,4
2021-06-27T00:00:00.000Z,ליטא,3,2,5
2021-06-27T00:00:00.000Z,מוזמביק,2,0,2
2021-06-27T00:00:00.000Z,מולדובה,74,33,107
2021-06-27T00:00:00.000Z,מונטנגרו,6,0,6
2021-06-27T00:00:00.000Z,מלדיבים,15,4,19
2021-06-27T00:00:00.000Z,מלטה,1,0,1
2021-06-27T00:00:00.000Z,מצרים,1016,110,1126
2021-06-27T00:00:00.000Z,מקדוניה,2,0,2
2021-06-27T00:00:00.000Z,מקסיקו,1,1,2
2021-06-27T00:00:00.000Z,מרוקו,3,1,4
2021-06-27T00:00:00.000Z,נורבגיה,1,3,4
2021-06-27T00:00:00.000Z,ניגריה,3,0,3
2021-06-27T00:00:00.000Z,נפאל,0,4,4
2021-06-27T00:00:00.000Z,סיירה ליאונה,2,0,2
2021-06-27T00:00:00.000Z,גרמניה,304,107,411
2021-06-27T00:00:00.000Z,סינגפור,0,1,1
2021-06-27T00:00:00.000Z,סלובניה,6,0,6
2021-06-27T00:00:00.000Z,סנגל,2,0,2
2021-06-27T00:00:00.000Z,ספרד,95,29,124
2021-06-27T00:00:00.000Z,סרביה,7,0,7
2021-06-27T00:00:00.000Z,ערב הסעודית,0,2,2
2021-06-27T00:00:00.000Z,פולין,63,3,66
2021-06-27T00:00:00.000Z,גווטאמלה,2,0,2
2021-06-27T00:00:00.000Z,גאורגיה,743,39,782
2021-06-27T00:00:00.000Z,ברזיל,2,8,10
2021-06-27T00:00:00.000Z,בלגיה,68,42,110
2021-06-27T00:00:00.000Z,בילורוסיה,117,25,142
2021-06-27T00:00:00.000Z,בחריין,0,1,1
2021-06-27T00:00:00.000Z,בוסניה הרצגובינה,1,0,1
2021-06-27T00:00:00.000Z,בוליביה,3,0,3
2021-06-27T00:00:00.000Z,בולגריה,668,32,700
2021-06-27T00:00:00.000Z,אתיופיה,1,0,1
2021-06-27T00:00:00.000Z,ארצות הברית,500,896,1396
2021-06-27T00:00:00.000Z,ארמניה,0,1,1
2021-06-27T00:00:00.000Z,ארגנטינה,1,1,2
2021-06-27T00:00:00.000Z,אלבניה,1,0,1
2021-06-27T00:00:00.000Z,אירלנד,3,6,9
2021-06-27T00:00:00.000Z,איסלנד,11,2,13
2021-06-27T00:00:00.000Z,אינדונזיה,2,0,2
2021-06-27T00:00:00.000Z,איי סיישל,100,8,108
2021-06-27T00:00:00.000Z,איי טורקס וקייקוס,2,1,3
2021-06-27T00:00:00.000Z,איטליה,176,16,192
2021-06-27T00:00:00.000Z,אזרביג'אן,5,1,6
2021-06-27T00:00:00.000Z,אורגוואי,2,2,4
2021-06-27T00:00:00.000Z,אוקראינה,347,139,486
2021-06-27T00:00:00.000Z,אוסטרליה,0,2,2
2021-06-27T00:00:00.000Z,אוסטריה,139,13,152
2021-06-27T00:00:00.000Z,אוזבקיסטן,3,4,7
2021-06-27T00:00:00.000Z,אוגנדה,0,1,1
2021-06-27T00:00:00.000Z,פורטוגל,23,2,25
2021-06-27T00:00:00.000Z,פיליפינים,1,6,7
2021-06-27T00:00:00.000Z,פינלנד,5,0,5
2021-06-27T00:00:00.000Z,פנמה,7,0,7
2021-06-27T00:00:00.000Z,צכיה,133,21,154
2021-06-27T00:00:00.000Z,צרפת,376,260,636
2021-06-27T00:00:00.000Z,קוסטה ריקה,8,1,9
2021-06-27T00:00:00.000Z,קוריאה הדרומית,4,1,5
2021-06-28T00:00:00.000Z,אוגנדה,1,0,1
2021-06-28T00:00:00.000Z,קרואטיה,7,6,13
2021-06-28T00:00:00.000Z,תורכיה,661,208,869
2021-06-28T00:00:00.000Z,תוניסיה,0,2,2
2021-06-28T00:00:00.000Z,תאילנד,1,1,2
2021-06-28T00:00:00.000Z,שוויץ,122,38,160
2021-06-28T00:00:00.000Z,שוודיה,7,1,8
2021-06-28T00:00:00.000Z,רוסיה,108,75,183
2021-06-28T00:00:00.000Z,רומניה,409,54,463
2021-06-28T00:00:00.000Z,רואנדה,1,1,2
2021-06-28T00:00:00.000Z,קפריסין,627,69,696
2021-06-28T00:00:00.000Z,קניה,0,1,1
2021-06-28T00:00:00.000Z,קנדה,1,1,2
2021-06-28T00:00:00.000Z,קירג'זסטאן,1,0,1
2021-06-28T00:00:00.000Z,קזחסטאן,0,3,3
2021-06-28T00:00:00.000Z,קוסטה ריקה,4,2,6
2021-06-28T00:00:00.000Z,קונגו,2,0,2
2021-06-28T00:00:00.000Z,קולומביה,7,5,12
2021-06-28T00:00:00.000Z,קובה,0,7,7
2021-06-28T00:00:00.000Z,צרפת,387,177,564
2021-06-28T00:00:00.000Z,צכיה,11,0,11
2021-06-28T00:00:00.000Z,פנמה,1,11,12
2021-06-28T00:00:00.000Z,פינלנד,4,5,9
2021-06-28T00:00:00.000Z,פיליפינים,0,17,17
2021-06-28T00:00:00.000Z,פורטוגל,19,2,21
2021-06-28T00:00:00.000Z,פולין,51,16,67
2021-06-28T00:00:00.000Z,עירק,0,4,4
2021-06-28T00:00:00.000Z,סרי לנקה (צילון),1,3,4
2021-06-28T00:00:00.000Z,סרביה,6,2,8
2021-06-28T00:00:00.000Z,ספרד,260,49,309
2021-06-28T00:00:00.000Z,סלובניה,10,16,26
2021-06-28T00:00:00.000Z,סינגפור,3,4,7
2021-06-28T00:00:00.000Z,סין,0,4,4
2021-06-28T00:00:00.000Z,סוריה,0,2,2
2021-06-28T00:00:00.000Z,נמיביה,4,1,5
2021-06-28T00:00:00.000Z,ניגריה,1,1,2
2021-06-28T00:00:00.000Z,מרוקו,3,2,5
2021-06-28T00:00:00.000Z,מקסיקו,0,5,5
2021-06-28T00:00:00.000Z,מצרים,573,81,654
2021-06-28T00:00:00.000Z,מלטה,1,0,1
2021-06-28T00:00:00.000Z,מלדיבים,22,0,22
2021-06-28T00:00:00.000Z,מונטנגרו,236,14,250
2021-06-28T00:00:00.000Z,מולדובה,4,3,7
2021-06-28T00:00:00.000Z,מוזמביק,0,1,1
2021-06-28T00:00:00.000Z,מאלי,2,0,2
2021-06-28T00:00:00.000Z,מאוריציוס,1,0,1
2021-06-28T00:00:00.000Z,ליטא,10,2,12
2021-06-28T00:00:00.000Z,לבנון,0,2,2
2021-06-28T00:00:00.000Z,כלל המדינות,12231,6736,18967
2021-06-28T00:00:00.000Z,ירדן,30,42,72
2021-06-28T00:00:00.000Z,יפן,1,2,3
2021-06-28T00:00:00.000Z,יוון,2580,152,2732
2021-06-28T00:00:00.000Z,טנזניה,8,1,9
2021-06-28T00:00:00.000Z,טיוואן,0,2,2
2021-06-28T00:00:00.000Z,זאיר,2,5,7
2021-06-28T00:00:00.000Z,הרפ הדומיניקנית,2,0,2
2021-06-28T00:00:00.000Z,הממלכה המאוחדת,360,175,535
2021-06-28T00:00:00.000Z,הונגריה,253,15,268
2021-06-28T00:00:00.000Z,הונג קונג,0,1,1
2021-06-28T00:00:00.000Z,הולנד,274,37,311
2021-06-28T00:00:00.000Z,הודו,34,17,51
2021-06-28T00:00:00.000Z,דרום אפריקה,5,3,8
2021-06-28T00:00:00.000Z,דנמרק,15,14,29
2021-06-28T00:00:00.000Z,גרמניה,334,188,522
2021-06-28T00:00:00.000Z,גאנה,0,5,5
2021-06-28T00:00:00.000Z,גאורגיה,906,44,950
2021-06-28T00:00:00.000Z,ברזיל,0,2,2
2021-06-28T00:00:00.000Z,בלגיה,35,49,84
2021-06-28T00:00:00.000Z,בולגריה,249,11,260
2021-06-28T00:00:00.000Z,בוטסואנה,2,0,2
2021-06-28T00:00:00.000Z,אתיופיה,19,16,35
2021-06-28T00:00:00.000Z,ארצות הברית,781,1643,2424
2021-06-28T00:00:00.000Z,ארמניה,4,0,4
2021-06-28T00:00:00.000Z,ארגנטינה,1,0,1
2021-06-28T00:00:00.000Z,אקואדור,0,3,3
2021-06-28T00:00:00.000Z,אסטוניה,1,0,1
2021-06-28T00:00:00.000Z,אלבניה,1,0,1
2021-06-28T00:00:00.000Z,אירלנד,4,5,9
2021-06-28T00:00:00.000Z,איסלנד,35,6,41
2021-06-28T00:00:00.000Z,איי סיישל,38,2,40
2021-06-28T00:00:00.000Z,איי טורקס וקייקוס,2,2,4
2021-06-28T00:00:00.000Z,איטליה,347,59,406
2021-06-28T00:00:00.000Z,אזרביג'אן,3,6,9
2021-06-28T00:00:00.000Z,אורגוואי,6,0,6
2021-06-28T00:00:00.000Z,אוקראינה,347,185,532
2021-06-28T00:00:00.000Z,אוסטרליה,0,1,1
2021-06-28T00:00:00.000Z,אוסטריה,370,44,414
2021-06-28T00:00:00.000Z,אוזבקיסטן,44,64,108
2021-06-28T00:00:00.000Z,תורכמניסטאן,4,0,4
2021-06-28T00:00:00.000Z,איחוד האמירויות הערב,217,35,252
2021-06-29T00:00:00.000Z,מולדובה,71,37,108
2021-06-29T00:00:00.000Z,תורכיה,793,300,1093
2021-06-29T00:00:00.000Z,שוודיה,9,1,10
2021-06-29T00:00:00.000Z,רוסיה,49,62,111
2021-06-29T00:00:00.000Z,רומניה,6,2,8
2021-06-29T00:00:00.000Z,רואנדה,1,1,2
2021-06-29T00:00:00.000Z,קרואטיה,5,2,7
2021-06-29T00:00:00.000Z,קפריסין,459,62,521
2021-06-29T00:00:00.000Z,קניה,8,1,9
2021-06-29T00:00:00.000Z,קנדה,10,125,135
2021-06-29T00:00:00.000Z,קמרון,0,1,1
2021-06-29T00:00:00.000Z,קירג'זסטאן,5,0,5
2021-06-29T00:00:00.000Z,קזחסטאן,1,4,5
2021-06-29T00:00:00.000Z,קוריאה הדרומית,1,6,7
2021-06-29T00:00:00.000Z,קוסטה ריקה,2,0,2
2021-06-29T00:00:00.000Z,קוסובו,2,1,3
2021-06-29T00:00:00.000Z,קולומביה,1,6,7
2021-06-29T00:00:00.000Z,צרפת,242,136,378
2021-06-29T00:00:00.000Z,צכיה,10,0,10
2021-06-29T00:00:00.000Z,צ'ילה,0,1,1
2021-06-29T00:00:00.000Z,פרו,3,0,3
2021-06-29T00:00:00.000Z,איחוד האמירויות הערב,13,10,23
2021-06-29T00:00:00.000Z,תורכמניסטאן,2,0,2
2021-06-29T00:00:00.000Z,פרגוואי,0,1,1
2021-06-29T00:00:00.000Z,פינלנד,2,0,2
2021-06-29T00:00:00.000Z,פיליפינים,2,4,6
2021-06-29T00:00:00.000Z,פורטוגל,4,2,6
2021-06-29T00:00:00.000Z,פולין,185,16,201
2021-06-29T00:00:00.000Z,סרביה,20,3,23
2021-06-29T00:00:00.000Z,ספרד,101,21,122
2021-06-29T00:00:00.000Z,סינגפור,0,1,1
2021-06-29T00:00:00.000Z,סין,0,1,1
2021-06-29T00:00:00.000Z,סווזילנד,3,0,3
2021-06-29T00:00:00.000Z,נמיביה,2,0,2
2021-06-29T00:00:00.000Z,ניגריה,1,0,1
2021-06-29T00:00:00.000Z,ניגר,0,1,1
2021-06-29T00:00:00.000Z,נורבגיה,0,6,6
2021-06-29T00:00:00.000Z,מרוקו,0,3,3
2021-06-29T00:00:00.000Z,מקסיקו,1,5,6
2021-06-29T00:00:00.000Z,מצרים,408,76,484
2021-06-29T00:00:00.000Z,מלדיבים,4,2,6
2021-06-29T00:00:00.000Z,מלאווי,1,0,1
2021-06-29T00:00:00.000Z,מונטנגרו,3,0,3
2021-06-29T00:00:00.000Z,שוויץ,7,0,7
2021-06-29T00:00:00.000Z,מאלי,1,0,1
2021-06-29T00:00:00.000Z,ליטא,15,2,17
2021-06-29T00:00:00.000Z,לטביה,22,10,32
2021-06-29T00:00:00.000Z,לוכסמבורג,3,2,5
2021-06-29T00:00:00.000Z,כלל המדינות,7760,5808,13568
2021-06-29T00:00:00.000Z,ירדן,38,35,73
2021-06-29T00:00:00.000Z,יפן,1,0,1
2021-06-29T00:00:00.000Z,יוון,1212,112,1324
2021-06-29T00:00:00.000Z,טנזניה,13,0,13
2021-06-29T00:00:00.000Z,חוף השנהב,2,0,2
2021-06-29T00:00:00.000Z,זמביה,1,2,3
2021-06-29T00:00:00.000Z,זימבאבווה,1,0,1
2021-06-29T00:00:00.000Z,הממלכה המאוחדת,330,213,543
2021-06-29T00:00:00.000Z,הונגריה,232,21,253
2021-06-29T00:00:00.000Z,הולנד,258,15,273
2021-06-29T00:00:00.000Z,דרום אפריקה,2,0,2
2021-06-29T00:00:00.000Z,דנמרק,5,6,11
2021-06-29T00:00:00.000Z,דומיניקה,0,1,1
2021-06-29T00:00:00.000Z,גרמניה,341,161,502
2021-06-29T00:00:00.000Z,גויאנה הצרפתית,1,0,1
2021-06-29T00:00:00.000Z,גאנה,2,6,8
2021-06-29T00:00:00.000Z,גאורגיה,418,16,434
2021-06-29T00:00:00.000Z,ברזיל,3,3,6
2021-06-29T00:00:00.000Z,בליז,1,1,2
2021-06-29T00:00:00.000Z,בלגיה,94,55,149
2021-06-29T00:00:00.000Z,בילורוסיה,73,18,91
2021-06-29T00:00:00.000Z,בולגריה,333,24,357
2021-06-29T00:00:00.000Z,אתיופיה,16,10,26
2021-06-29T00:00:00.000Z,ארצות הברית,666,1668,2334
2021-06-29T00:00:00.000Z,ארמניה,0,1,1
2021-06-29T00:00:00.000Z,אסטוניה,3,0,3
2021-06-29T00:00:00.000Z,אנגולה,1,0,1
2021-06-29T00:00:00.000Z,אלבניה,37,3,40
2021-06-29T00:00:00.000Z,אירלנד,1,2,3
2021-06-29T00:00:00.000Z,איסלנד,53,3,56
2021-06-29T00:00:00.000Z,איי טורקס וקייקוס,3,1,4
2021-06-29T00:00:00.000Z,איטליה,156,32,188
2021-06-29T00:00:00.000Z,אזרביג'אן,1,1,2
2021-06-29T00:00:00.000Z,אורגוואי,0,1,1
2021-06-29T00:00:00.000Z,אוקראינה,186,70,256
2021-06-29T00:00:00.000Z,אוסטרליה,1,0,1
2021-06-29T00:00:00.000Z,אוסטריה,9,0,9
2021-06-30T00:00:00.000Z,איחוד האמירויות הערב,211,45,256
2021-06-30T00:00:00.000Z,בולגריה,151,31,182
2021-06-30T00:00:00.000Z,תורכמניסטאן,12,0,12
2021-06-30T00:00:00.000Z,תורכיה,860,280,1140
2021-06-30T00:00:00.000Z,תוניסיה,1,0,1
2021-06-30T00:00:00.000Z,תאילנד,5,11,16
2021-06-30T00:00:00.000Z,שוויץ,130,52,182
2021-06-30T00:00:00.000Z,שוודיה,4,5,9
2021-06-30T00:00:00.000Z,רוסיה,54,36,90
2021-06-30T00:00:00.000Z,רומניה,396,89,485
2021-06-30T00:00:00.000Z,קרואטיה,13,5,18
2021-06-30T00:00:00.000Z,קפריסין,326,36,362
2021-06-30T00:00:00.000Z,קניה,3,4,7
2021-06-30T00:00:00.000Z,קנדה,15,152,167
2021-06-30T00:00:00.000Z,קירג'זסטאן,16,6,22
2021-06-30T00:00:00.000Z,קזחסטאן,3,2,5
2021-06-30T00:00:00.000Z,קוריאה הדרומית,1,1,2
2021-06-30T00:00:00.000Z,קוסטה ריקה,4,1,5
2021-06-30T00:00:00.000Z,קונגו,1,0,1
2021-06-30T00:00:00.000Z,קולומביה,1,2,3
2021-06-30T00:00:00.000Z,צרפת,293,295,588
2021-06-30T00:00:00.000Z,צכיה,2,3,5
2021-06-30T00:00:00.000Z,פרו,2,0,2
2021-06-30T00:00:00.000Z,פרגוואי,20,4,24
2021-06-30T00:00:00.000Z,פנמה,0,1,1
2021-06-30T00:00:00.000Z,פינלנד,4,0,4
2021-06-30T00:00:00.000Z,פיליפינים,1,1,2
2021-06-30T00:00:00.000Z,פורטוגל,30,5,35
2021-06-30T00:00:00.000Z,פולין,61,14,75
2021-06-30T00:00:00.000Z,סרי לנקה (צילון),1,1,2
2021-06-30T00:00:00.000Z,סרביה,3,3,6
2021-06-30T00:00:00.000Z,ספרד,85,52,137
2021-06-30T00:00:00.000Z,סלובניה,2,0,2
2021-06-30T00:00:00.000Z,סינגפור,0,1,1
2021-06-30T00:00:00.000Z,סין,0,12,12
2021-06-30T00:00:00.000Z,סיירה ליאונה,1,3,4
2021-06-30T00:00:00.000Z,סוריה,1,0,1
2021-06-30T00:00:00.000Z,ניגריה,2,0,2
2021-06-30T00:00:00.000Z,נורבגיה,1,3,4
2021-06-30T00:00:00.000Z,מרוקו,1,0,1
2021-06-30T00:00:00.000Z,מקסיקו,3,3,6
2021-06-30T00:00:00.000Z,מקדוניה,4,0,4
2021-06-30T00:00:00.000Z,מצרים,311,57,368
2021-06-30T00:00:00.000Z,מלטה,1,5,6
2021-06-30T00:00:00.000Z,מלדיבים,60,2,62
2021-06-30T00:00:00.000Z,מונטנגרו,171,4,175
2021-06-30T00:00:00.000Z,מולדובה,0,2,2
2021-06-30T00:00:00.000Z,לטביה,1,0,1
2021-06-30T00:00:00.000Z,לבנון,0,12,12
2021-06-30T00:00:00.000Z,כלל המדינות,7801,6534,14335
2021-06-30T00:00:00.000Z,כווית,0,1,1
2021-06-30T00:00:00.000Z,ירדן,39,33,72
2021-06-30T00:00:00.000Z,יפן,0,2,2
2021-06-30T00:00:00.000Z,יוון,798,74,872
2021-06-30T00:00:00.000Z,טנזניה,134,6,140
2021-06-30T00:00:00.000Z,טיוואן,0,2,2
2021-06-30T00:00:00.000Z,חוף השנהב,0,1,1
2021-06-30T00:00:00.000Z,ונצואלה,1,1,2
2021-06-30T00:00:00.000Z,הממלכה המאוחדת,223,166,389
2021-06-30T00:00:00.000Z,הונגריה,135,17,152
2021-06-30T00:00:00.000Z,הונג קונג,1,1,2
2021-06-30T00:00:00.000Z,הולנד,218,44,262
2021-06-30T00:00:00.000Z,דרום אפריקה,2,9,11
2021-06-30T00:00:00.000Z,דנמרק,8,2,10
2021-06-30T00:00:00.000Z,גרמניה,308,185,493
2021-06-30T00:00:00.000Z,גווטאמלה,2,0,2
2021-06-30T00:00:00.000Z,גאנה,4,3,7
2021-06-30T00:00:00.000Z,גאורגיה,334,43,377
2021-06-30T00:00:00.000Z,ברזיל,1,2,3
2021-06-30T00:00:00.000Z,בלגיה,39,73,112
2021-06-30T00:00:00.000Z,בילורוסיה,37,26,63
2021-06-30T00:00:00.000Z,בוסניה הרצגובינה,2,0,2
2021-06-30T00:00:00.000Z,אתיופיה,14,32,46
2021-06-30T00:00:00.000Z,ארצות הברית,766,1769,2535
2021-06-30T00:00:00.000Z,ארמניה,2,1,3
2021-06-30T00:00:00.000Z,ארגנטינה,0,1,1
2021-06-30T00:00:00.000Z,אפגניסטן,0,1,1
2021-06-30T00:00:00.000Z,אסטוניה,1,1,2
2021-06-30T00:00:00.000Z,אנגולה,1,0,1
2021-06-30T00:00:00.000Z,אירלנד,0,2,2
2021-06-30T00:00:00.000Z,איסלנד,1,0,1
2021-06-30T00:00:00.000Z,איי סיישל,44,4,48
2021-06-30T00:00:00.000Z,איי גילברט ואליס,0,1,1
2021-06-30T00:00:00.000Z,איטליה,46,10,56
2021-06-30T00:00:00.000Z,אזרביג'אן,10,3,13
2021-06-30T00:00:00.000Z,אורגוואי,0,6,6
2021-06-30T00:00:00.000Z,אוקראינה,225,105,330
2021-06-30T00:00:00.000Z,אוסטרליה,5,12,17
2021-06-30T00:00:00.000Z,אוסטריה,229,39,268
2021-06-30T00:00:00.000Z,אוזבקיסטן,1,1,2
2021-06-30T00:00:00.000Z,אוגנדה,0,12,12
2021-07-01T00:00:00.000Z,אוקראינה,189,121,310
2021-07-01T00:00:00.000Z,גינאה המשוונית,0,2,2
2021-07-01T00:00:00.000Z,דנמרק,17,6,23
2021-07-01T00:00:00.000Z,דרום אפריקה,2,19,21
2021-07-01T00:00:00.000Z,האיטי,1,0,1
2021-07-01T00:00:00.000Z,הודו,1,4,5
2021-07-01T00:00:00.000Z,הולנד,96,25,121
2021-07-01T00:00:00.000Z,הונג קונג,1,0,1
2021-07-01T00:00:00.000Z,הונגריה,132,60,192
2021-07-01T00:00:00.000Z,הממלכה המאוחדת,270,196,466
2021-07-01T00:00:00.000Z,זמביה,6,2,8
2021-07-01T00:00:00.000Z,חוף השנהב,2,0,2
2021-07-01T00:00:00.000Z,טוגו,0,1,1
2021-07-01T00:00:00.000Z,טנזניה,8,4,12
2021-07-01T00:00:00.000Z,יוון,1984,170,2154
2021-07-01T00:00:00.000Z,ירדן,69,59,128
2021-07-01T00:00:00.000Z,כלל המדינות,10540,7306,17846
2021-07-01T00:00:00.000Z,לבנון,2,0,2
2021-07-01T00:00:00.000Z,לטביה,1,3,4
2021-07-01T00:00:00.000Z,ליטא,70,34,104
2021-07-01T00:00:00.000Z,לסוטו,0,1,1
2021-07-01T00:00:00.000Z,מולדובה,105,62,167
2021-07-01T00:00:00.000Z,מלדיבים,26,3,29
2021-07-01T00:00:00.000Z,מלטה,3,0,3
2021-07-01T00:00:00.000Z,מצרים,367,113,480
2021-07-01T00:00:00.000Z,מקסיקו,1,3,4
2021-07-01T00:00:00.000Z,מרוקו,11,3,14
2021-07-01T00:00:00.000Z,נורבגיה,0,4,4
2021-07-01T00:00:00.000Z,ניגריה,6,3,9
2021-07-01T00:00:00.000Z,סוריה,2,12,14
2021-07-01T00:00:00.000Z,סין,3,1,4
2021-07-01T00:00:00.000Z,סינגפור,1,0,1
2021-07-01T00:00:00.000Z,סלובניה,4,0,4
2021-07-01T00:00:00.000Z,סלובקיה,1,0,1
2021-07-01T00:00:00.000Z,סנגל,0,1,1
2021-07-01T00:00:00.000Z,ספרד,154,60,214
2021-07-01T00:00:00.000Z,סרביה,7,13,20
2021-07-01T00:00:00.000Z,סרי לנקה (צילון),1,0,1
2021-07-01T00:00:00.000Z,פולין,48,3,51
2021-07-01T00:00:00.000Z,פורטוגל,9,3,12
2021-07-01T00:00:00.000Z,פיליפינים,0,13,13
2021-07-01T00:00:00.000Z,פינלנד,4,2,6
2021-07-01T00:00:00.000Z,פנמה,1,4,5
2021-07-01T00:00:00.000Z,פרו,6,0,6
2021-07-01T00:00:00.000Z,צ'ילה,0,8,8
2021-07-01T00:00:00.000Z,צכיה,113,31,144
2021-07-01T00:00:00.000Z,צרפת,305,280,585
2021-07-01T00:00:00.000Z,קולומביה,5,13,18
2021-07-01T00:00:00.000Z,קוסובו,1,0,1
2021-07-01T00:00:00.000Z,קוסטה ריקה,1,5,6
2021-07-01T00:00:00.000Z,קוריאה הדרומית,5,1,6
2021-07-01T00:00:00.000Z,קזחסטאן,1,1,2
2021-07-01T00:00:00.000Z,קטר,0,4,4
2021-07-01T00:00:00.000Z,קירג'זסטאן,3,0,3
2021-07-01T00:00:00.000Z,קמרון,1,0,1
2021-07-01T00:00:00.000Z,קנדה,1,10,11
2021-07-01T00:00:00.000Z,קניה,30,2,32
2021-07-01T00:00:00.000Z,קפריסין,464,116,580
2021-07-01T00:00:00.000Z,קרואטיה,8,1,9
2021-07-01T00:00:00.000Z,רואנדה,4,0,4
2021-07-01T00:00:00.000Z,רומניה,189,69,258
2021-07-01T00:00:00.000Z,רוסיה,31,43,74
2021-07-01T00:00:00.000Z,שוודיה,10,0,10
2021-07-01T00:00:00.000Z,שוויץ,133,82,215
2021-07-01T00:00:00.000Z,תאילנד,0,6,6
2021-07-01T00:00:00.000Z,תורכיה,1061,385,1446
2021-07-01T00:00:00.000Z,תורכמניסטאן,14,5,19
2021-07-01T00:00:00.000Z,גינאה,3,0,3
2021-07-01T00:00:00.000Z,גווטאמלה,2,0,2
2021-07-01T00:00:00.000Z,גבון,1,0,1
2021-07-01T00:00:00.000Z,גאנה,3,1,4
2021-07-01T00:00:00.000Z,גאורגיה,825,84,909
2021-07-01T00:00:00.000Z,ברזיל,2,3,5
2021-07-01T00:00:00.000Z,בלגיה,21,65,86
2021-07-01T00:00:00.000Z,בילורוסיה,47,18,65
2021-07-01T00:00:00.000Z,בחריין,4,1,5
2021-07-01T00:00:00.000Z,בוסניה הרצגובינה,2,0,2
2021-07-01T00:00:00.000Z,בוליביה,1,0,1
2021-07-01T00:00:00.000Z,בולגריה,498,67,565
2021-07-01T00:00:00.000Z,בוטסואנה,2,0,2
2021-07-01T00:00:00.000Z,אתיופיה,25,8,33
2021-07-01T00:00:00.000Z,ארצות הברית,948,1852,2800
2021-07-01T00:00:00.000Z,ארמניה,4,0,4
2021-07-01T00:00:00.000Z,אנגולה,1,1,2
2021-07-01T00:00:00.000Z,אלבניה,29,1,30
2021-07-01T00:00:00.000Z,אירלנד,1,9,10
2021-07-01T00:00:00.000Z,איסלנד,46,1,47
2021-07-01T00:00:00.000Z,איי סיישל,4,3,7
2021-07-01T00:00:00.000Z,איטליה,292,46,338
2021-07-01T00:00:00.000Z,אזרביג'אן,20,11,31
2021-07-01T00:00:00.000Z,גרנדה,1,0,1
2021-07-01T00:00:00.000Z,אוסטרליה,7,2,9
2021-07-01T00:00:00.000Z,אוסטריה,248,75,323
2021-07-01T00:00:00.000Z,אוזבקיסטן,4,0,4
2021-07-01T00:00:00.000Z,אוגנדה,1,0,1
2021-07-01T00:00:00.000Z,איחוד האמירויות הערב,253,45,298
2021-07-01T00:00:00.000Z,גרמניה,243,142,385
2021-07-02T00:00:00.000Z,ירדן,0,24,24
2021-07-02T00:00:00.000Z,תוניסיה,1,0,1
2021-07-02T00:00:00.000Z,שוויץ,143,111,254
2021-07-02T00:00:00.000Z,שוודיה,4,6,10
2021-07-02T00:00:00.000Z,רוסיה,107,71,178
2021-07-02T00:00:00.000Z,רומניה,214,44,258
2021-07-02T00:00:00.000Z,קרואטיה,2,0,2
2021-07-02T00:00:00.000Z,קפריסין,413,68,481
2021-07-02T00:00:00.000Z,קניה,3,2,5
2021-07-02T00:00:00.000Z,קנדה,17,142,159
2021-07-02T00:00:00.000Z,קירג'זסטאן,13,0,13
2021-07-02T00:00:00.000Z,קטר,3,0,3
2021-07-02T00:00:00.000Z,קוריאה הדרומית,1,0,1
2021-07-02T00:00:00.000Z,קוסטה ריקה,24,5,29
2021-07-02T00:00:00.000Z,קולומביה,3,5,8
2021-07-02T00:00:00.000Z,צרפת,346,197,543
2021-07-02T00:00:00.000Z,צכיה,13,6,19
2021-07-02T00:00:00.000Z,פרו,0,1,1
2021-07-02T00:00:00.000Z,פנמה,4,2,6
2021-07-02T00:00:00.000Z,פינלנד,13,42,55
2021-07-02T00:00:00.000Z,פיליפינים,0,7,7
2021-07-02T00:00:00.000Z,פורטוגל,30,5,35
2021-07-02T00:00:00.000Z,פולין,80,31,111
2021-07-02T00:00:00.000Z,סרי לנקה (צילון),1,5,6
2021-07-02T00:00:00.000Z,סרביה,7,9,16
2021-07-02T00:00:00.000Z,ספרד,213,63,276
2021-07-02T00:00:00.000Z,סינגפור,6,3,9
2021-07-02T00:00:00.000Z,סוריה,0,1,1
2021-07-02T00:00:00.000Z,ניגריה,2,0,2
2021-07-02T00:00:00.000Z,נורבגיה,0,8,8
2021-07-02T00:00:00.000Z,מרוקו,5,3,8
2021-07-02T00:00:00.000Z,מקסיקו,1,11,12
2021-07-02T00:00:00.000Z,מצרים,227,73,300
2021-07-02T00:00:00.000Z,מלטה,1,0,1
2021-07-02T00:00:00.000Z,מלדיבים,13,10,23
2021-07-02T00:00:00.000Z,מונקו,2,0,2
2021-07-02T00:00:00.000Z,מונטנגרו,148,7,155
2021-07-02T00:00:00.000Z,מולדובה,2,5,7
2021-07-02T00:00:00.000Z,ליטא,8,2,10
2021-07-02T00:00:00.000Z,לוכסמבורג,1,4,5
2021-07-02T00:00:00.000Z,כלל המדינות,8665,5125,13790
2021-07-02T00:00:00.000Z,תאילנד,1,3,4
2021-07-02T00:00:00.000Z,יפן,0,1,1
2021-07-02T00:00:00.000Z,יוון,1353,101,1454
2021-07-02T00:00:00.000Z,טנזניה,1,1,2
2021-07-02T00:00:00.000Z,חוף השנהב,2,0,2
2021-07-02T00:00:00.000Z,הרפ הדומיניקנית,1,0,1
2021-07-02T00:00:00.000Z,הממלכה המאוחדת,208,121,329
2021-07-02T00:00:00.000Z,הונגריה,110,21,131
2021-07-02T00:00:00.000Z,הולנד,113,22,135
2021-07-02T00:00:00.000Z,הודו,1,0,1
2021-07-02T00:00:00.000Z,דנמרק,14,8,22
2021-07-02T00:00:00.000Z,גרמניה,422,161,583
2021-07-02T00:00:00.000Z,גמייקה,0,6,6
2021-07-02T00:00:00.000Z,גווטאמלה,2,0,2
2021-07-02T00:00:00.000Z,גאנה,1,1,2
2021-07-02T00:00:00.000Z,גאורגיה,722,52,774
2021-07-02T00:00:00.000Z,ברזיל,1,0,1
2021-07-02T00:00:00.000Z,בלגיה,107,76,183
2021-07-02T00:00:00.000Z,בילורוסיה,44,10,54
2021-07-02T00:00:00.000Z,בוסניה הרצגובינה,2,0,2
2021-07-02T00:00:00.000Z,בוליביה,1,0,1
2021-07-02T00:00:00.000Z,בולגריה,174,30,204
2021-07-02T00:00:00.000Z,אתיופיה,1,0,1
2021-07-02T00:00:00.000Z,ארצות הברית,913,1273,2186
2021-07-02T00:00:00.000Z,ארמניה,15,1,16
2021-07-02T00:00:00.000Z,ארגנטינה,0,1,1
2021-07-02T00:00:00.000Z,אקואדור,0,3,3
2021-07-02T00:00:00.000Z,אסטוניה,4,2,6
2021-07-02T00:00:00.000Z,אנגולה,2,0,2
2021-07-02T00:00:00.000Z,אלגיריה,0,1,1
2021-07-02T00:00:00.000Z,אירלנד,1,4,5
2021-07-02T00:00:00.000Z,איסלנד,14,1,15
2021-07-02T00:00:00.000Z,איטליה,281,47,328
2021-07-02T00:00:00.000Z,אזרביג'אן,1,3,4
2021-07-02T00:00:00.000Z,אורגוואי,3,2,5
2021-07-02T00:00:00.000Z,אוקראינה,320,153,473
2021-07-02T00:00:00.000Z,אוסטרליה,0,2,2
2021-07-02T00:00:00.000Z,אוסטריה,184,23,207
2021-07-02T00:00:00.000Z,אוזבקיסטן,3,1,4
2021-07-02T00:00:00.000Z,תורכיה,708,243,951
2021-07-02T00:00:00.000Z,תורכמניסטאן,4,0,4
2021-07-02T00:00:00.000Z,איחוד האמירויות הערב,88,20,108
2021-07-03T00:00:00.000Z,תאילנד,0,4,4
2021-07-03T00:00:00.000Z,שוויץ,66,33,99
2021-07-03T00:00:00.000Z,שוודיה,9,6,15
2021-07-03T00:00:00.000Z,רפ מרכז אפריקנית,0,1,1
2021-07-03T00:00:00.000Z,רוסיה,0,1,1
2021-07-03T00:00:00.000Z,רומניה,79,16,95
2021-07-03T00:00:00.000Z,רואנדה,2,1,3
2021-07-03T00:00:00.000Z,קרואטיה,20,6,26
2021-07-03T00:00:00.000Z,קפריסין,328,27,355
2021-07-03T00:00:00.000Z,קניה,8,0,8
2021-07-03T00:00:00.000Z,קירג'זסטאן,33,0,33
2021-07-03T00:00:00.000Z,קטר,0,1,1
2021-07-03T00:00:00.000Z,קוריאה הדרומית,4,0,4
2021-07-03T00:00:00.000Z,קוסטה ריקה,1,0,1
2021-07-03T00:00:00.000Z,קולומביה,0,5,5
2021-07-03T00:00:00.000Z,צרפת,91,92,183
2021-07-03T00:00:00.000Z,צכיה,8,0,8
2021-07-03T00:00:00.000Z,פנמה,1,0,1
2021-07-03T00:00:00.000Z,פינלנד,1,0,1
2021-07-03T00:00:00.000Z,פיליפינים,2,0,2
2021-07-03T00:00:00.000Z,פורטוגל,38,2,40
2021-07-03T00:00:00.000Z,פולין,122,21,143
2021-07-03T00:00:00.000Z,סרביה,6,2,8
2021-07-03T00:00:00.000Z,ספרד,22,9,31
2021-07-03T00:00:00.000Z,סלובניה,2,0,2
2021-07-03T00:00:00.000Z,סינגפור,4,7,11
2021-07-03T00:00:00.000Z,סין,0,3,3
2021-07-03T00:00:00.000Z,ניו זילנד,0,2,2
2021-07-03T00:00:00.000Z,ניגריה,2,4,6
2021-07-03T00:00:00.000Z,נורבגיה,0,9,9
2021-07-03T00:00:00.000Z,מרוקו,2,0,2
2021-07-03T00:00:00.000Z,מקסיקו,2,4,6
2021-07-03T00:00:00.000Z,מצרים,612,49,661
2021-07-03T00:00:00.000Z,אוסטריה,149,40,189
2021-07-03T00:00:00.000Z,אוסטרליה,0,4,4
2021-07-03T00:00:00.000Z,אוקראינה,132,55,187
2021-07-03T00:00:00.000Z,מלטה,3,3,6
2021-07-03T00:00:00.000Z,מלדיבים,12,0,12
2021-07-03T00:00:00.000Z,מונטנגרו,16,0,16
2021-07-03T00:00:00.000Z,מולדובה,40,39,79
2021-07-03T00:00:00.000Z,אוזבקיסטן,2,3,5
2021-07-03T00:00:00.000Z,לטביה,24,5,29
2021-07-03T00:00:00.000Z,לוכסמבורג,1,0,1
2021-07-03T00:00:00.000Z,כלל המדינות,5684,3473,9157
2021-07-03T00:00:00.000Z,ירדן,0,4,4
2021-07-03T00:00:00.000Z,יוון,1232,79,1311
2021-07-03T00:00:00.000Z,טנזניה,13,3,16
2021-07-03T00:00:00.000Z,ליטא,15,1,16
2021-07-03T00:00:00.000Z,תורכיה,1052,289,1341
2021-07-03T00:00:00.000Z,איחוד האמירויות הערב,69,15,84
2021-07-03T00:00:00.000Z,אזרביג'אן,9,4,13
2021-07-03T00:00:00.000Z,איטליה,115,44,159
2021-07-03T00:00:00.000Z,איי סיישל,2,0,2
2021-07-03T00:00:00.000Z,איסלנד,27,0,27
2021-07-03T00:00:00.000Z,אירלנד,1,4,5
2021-07-03T00:00:00.000Z,אנגולה,1,0,1
2021-07-03T00:00:00.000Z,אסטוניה,2,1,3
2021-07-03T00:00:00.000Z,ארמניה,2,0,2
2021-07-03T00:00:00.000Z,ארצות הברית,339,898,1237
2021-07-03T00:00:00.000Z,אתיופיה,15,11,26
2021-07-03T00:00:00.000Z,בולגריה,1,0,1
2021-07-03T00:00:00.000Z,ברזיל,0,3,3
2021-07-03T00:00:00.000Z,גאורגיה,7,0,7
2021-07-03T00:00:00.000Z,גאנה,4,0,4
2021-07-03T00:00:00.000Z,גווטאמלה,2,0,2
2021-07-03T00:00:00.000Z,גינאה,0,2,2
2021-07-03T00:00:00.000Z,גרמניה,272,134,406
2021-07-03T00:00:00.000Z,דנמרק,11,10,21
2021-07-03T00:00:00.000Z,דרום אפריקה,5,7,12
2021-07-03T00:00:00.000Z,הולנד,187,31,218
2021-07-03T00:00:00.000Z,הונג קונג,0,2,2
2021-07-03T00:00:00.000Z,הונגריה,64,23,87
2021-07-03T00:00:00.000Z,הונדורס,0,1,1
2021-07-03T00:00:00.000Z,הממלכה המאוחדת,84,84,168
2021-07-03T00:00:00.000Z,זאיר,2,1,3
2021-07-03T00:00:00.000Z,חוף השנהב,4,0,4
2021-07-03T00:00:00.000Z,טיוואן,0,1,1
2021-07-04T00:00:00.000Z,נורבגיה,3,0,3
2021-07-04T00:00:00.000Z,איי סיישל,73,9,82
2021-07-04T00:00:00.000Z,אוקראינה,421,244,665
2021-07-04T00:00:00.000Z,אוסטרליה,0,8,8
2021-07-04T00:00:00.000Z,אוסטריה,102,42,144
2021-07-04T00:00:00.000Z,אוגנדה,2,1,3
2021-07-04T00:00:00.000Z,איחוד האמירויות הערב,93,32,125
2021-07-04T00:00:00.000Z,אזרביג'אן,8,6,14
2021-07-04T00:00:00.000Z,איטליה,364,89,453
2021-07-04T00:00:00.000Z,איי טורקס וקייקוס,2,2,4
2021-07-04T00:00:00.000Z,איסלנד,36,1,37
2021-07-04T00:00:00.000Z,תורכמניסטאן,1,0,1
2021-07-04T00:00:00.000Z,תורכיה,1026,320,1346
2021-07-04T00:00:00.000Z,תאילנד,1,12,13
2021-07-04T00:00:00.000Z,שוויץ,169,189,358
2021-07-04T00:00:00.000Z,שוודיה,8,11,19
2021-07-04T00:00:00.000Z,רוסיה,34,71,105
2021-07-04T00:00:00.000Z,רומניה,430,32,462
2021-07-04T00:00:00.000Z,רואנדה,2,0,2
2021-07-04T00:00:00.000Z,קרואטיה,22,4,26
2021-07-04T00:00:00.000Z,קפריסין,1161,65,1226
2021-07-04T00:00:00.000Z,קניה,1,3,4
2021-07-04T00:00:00.000Z,קנדה,16,146,162
2021-07-04T00:00:00.000Z,קטר,1,1,2
2021-07-04T00:00:00.000Z,קזחסטאן,1,2,3
2021-07-04T00:00:00.000Z,קוריאה הדרומית,9,6,15
2021-07-04T00:00:00.000Z,קוסטה ריקה,6,0,6
2021-07-04T00:00:00.000Z,קולומביה,1,0,1
2021-07-04T00:00:00.000Z,צרפת,366,289,655
2021-07-04T00:00:00.000Z,צכיה,49,9,58
2021-07-04T00:00:00.000Z,צ'ילה,0,2,2
2021-07-04T00:00:00.000Z,פרו,0,4,4
2021-07-04T00:00:00.000Z,פנמה,1,0,1
2021-07-04T00:00:00.000Z,פינלנד,2,0,2
2021-07-04T00:00:00.000Z,פיליפינים,2,13,15
2021-07-04T00:00:00.000Z,פורטוגל,33,7,40
2021-07-04T00:00:00.000Z,פורטו ריקו,0,1,1
2021-07-04T00:00:00.000Z,פולין,47,9,56
2021-07-04T00:00:00.000Z,סרי לנקה (צילון),1,0,1
2021-07-04T00:00:00.000Z,ספרד,166,45,211
2021-07-04T00:00:00.000Z,סלובקיה,1,9,10
2021-07-04T00:00:00.000Z,סין,1,0,1
2021-07-04T00:00:00.000Z,נפאל,1,0,1
2021-07-04T00:00:00.000Z,ניו זילנד,0,2,2
2021-07-04T00:00:00.000Z,ניגריה,3,3,6
2021-07-04T00:00:00.000Z,אורגוואי,0,5,5
2021-07-04T00:00:00.000Z,מרוקו,0,20,20
2021-07-04T00:00:00.000Z,מקסיקו,2,5,7
2021-07-04T00:00:00.000Z,מצרים,761,96,857
2021-07-04T00:00:00.000Z,מלטה,8,0,8
2021-07-04T00:00:00.000Z,מלדיבים,14,3,17
2021-07-04T00:00:00.000Z,מונטנגרו,0,1,1
2021-07-04T00:00:00.000Z,מולדובה,75,39,114
2021-07-04T00:00:00.000Z,מאלי,2,0,2
2021-07-04T00:00:00.000Z,מאוריציוס,1,0,1
2021-07-04T00:00:00.000Z,ליטא,1,0,1
2021-07-04T00:00:00.000Z,לוכסמבורג,0,1,1
2021-07-04T00:00:00.000Z,לבנון,0,6,6
2021-07-04T00:00:00.000Z,כלל המדינות,13233,6407,19640
2021-07-04T00:00:00.000Z,ירדן,123,76,199
2021-07-04T00:00:00.000Z,יפן,2,2,4
2021-07-04T00:00:00.000Z,יוון,3258,205,3463
2021-07-04T00:00:00.000Z,טנזניה,1,0,1
2021-07-04T00:00:00.000Z,טיוואן,1,0,1
2021-07-04T00:00:00.000Z,זמביה,1,0,1
2021-07-04T00:00:00.000Z,זימבאבווה,0,1,1
2021-07-04T00:00:00.000Z,זאיר,1,0,1
2021-07-04T00:00:00.000Z,ונצואלה,2,0,2
2021-07-04T00:00:00.000Z,הממלכה המאוחדת,319,177,496
2021-07-04T00:00:00.000Z,הונגריה,103,80,183
2021-07-04T00:00:00.000Z,הולנד,203,53,256
2021-07-04T00:00:00.000Z,דרום אפריקה,4,2,6
2021-07-04T00:00:00.000Z,דנמרק,4,3,7
2021-07-04T00:00:00.000Z,גרמניה,352,204,556
2021-07-04T00:00:00.000Z,גאנה,1,4,5
2021-07-04T00:00:00.000Z,גאורגיה,1018,59,1077
2021-07-04T00:00:00.000Z,ברזיל,4,6,10
2021-07-04T00:00:00.000Z,בלגיה,27,33,60
2021-07-04T00:00:00.000Z,בילורוסיה,120,24,144
2021-07-04T00:00:00.000Z,בוליביה,5,0,5
2021-07-04T00:00:00.000Z,בולגריה,513,31,544
2021-07-04T00:00:00.000Z,בוטסואנה,1,0,1
2021-07-04T00:00:00.000Z,בהמס,1,0,1
2021-07-04T00:00:00.000Z,אתיופיה,7,2,9
2021-07-04T00:00:00.000Z,ארצות הברית,471,845,1316
2021-07-04T00:00:00.000Z,ארמניה,1,0,1
2021-07-04T00:00:00.000Z,ארגנטינה,0,1,1
2021-07-04T00:00:00.000Z,אסטוניה,1,0,1
2021-07-04T00:00:00.000Z,אלבניה,46,1,47
2021-07-04T00:00:00.000Z,אירלנד,3,10,13
2021-07-05T00:00:00.000Z,דרום אפריקה,4,1,5
2021-07-05T00:00:00.000Z,הודו,17,14,31
2021-07-05T00:00:00.000Z,אירלנד,2,14,16
2021-07-05T00:00:00.000Z,הונגריה,58,51,109
2021-07-05T00:00:00.000Z,הממלכה המאוחדת,258,188,446
2021-07-05T00:00:00.000Z,הרפ הדומיניקנית,2,0,2
2021-07-05T00:00:00.000Z,ויטנאם,0,2,2
2021-07-05T00:00:00.000Z,זאיר,1,0,1
2021-07-05T00:00:00.000Z,איחוד האמירויות הערב,59,33,92
2021-07-05T00:00:00.000Z,אזרביג'אן,13,1,14
2021-07-05T00:00:00.000Z,אורגוואי,0,3,3
2021-07-05T00:00:00.000Z,אוקראינה,386,173,559
2021-07-05T00:00:00.000Z,אוסטרליה,3,7,10
2021-07-05T00:00:00.000Z,אוסטריה,371,45,416
2021-07-05T00:00:00.000Z,אוזבקיסטן,30,50,80
2021-07-05T00:00:00.000Z,אוגנדה,0,1,1
2021-07-05T00:00:00.000Z,אסטוניה,2,1,3
2021-07-05T00:00:00.000Z,אלבניה,2,0,2
2021-07-05T00:00:00.000Z,איסלנד,59,5,64
2021-07-05T00:00:00.000Z,איי טורקס וקייקוס,2,0,2
2021-07-05T00:00:00.000Z,איי גילברט ואליס,0,1,1
2021-07-05T00:00:00.000Z,איטליה,407,82,489
2021-07-05T00:00:00.000Z,תורכמניסטאן,1,1,2
2021-07-05T00:00:00.000Z,תורכיה,862,334,1196
2021-07-05T00:00:00.000Z,תאילנד,0,8,8
2021-07-05T00:00:00.000Z,שוויץ,134,92,226
2021-07-05T00:00:00.000Z,שוודיה,8,6,14
2021-07-05T00:00:00.000Z,רוסיה,93,178,271
2021-07-05T00:00:00.000Z,רומניה,312,42,354
2021-07-05T00:00:00.000Z,קרואטיה,28,1,29
2021-07-05T00:00:00.000Z,קפריסין,789,84,873
2021-07-05T00:00:00.000Z,קניה,1,0,1
2021-07-05T00:00:00.000Z,קנדה,5,8,13
2021-07-05T00:00:00.000Z,קירג'זסטאן,0,1,1
2021-07-05T00:00:00.000Z,קזחסטאן,0,4,4
2021-07-05T00:00:00.000Z,קוריאה הצפונית,3,2,5
2021-07-05T00:00:00.000Z,קוריאה הדרומית,1,0,1
2021-07-05T00:00:00.000Z,קוסטה ריקה,8,7,15
2021-07-05T00:00:00.000Z,קוסובו,1,0,1
2021-07-05T00:00:00.000Z,קולומביה,7,2,9
2021-07-05T00:00:00.000Z,קובה,1,0,1
2021-07-05T00:00:00.000Z,צרפת,310,247,557
2021-07-05T00:00:00.000Z,צכיה,82,33,115
2021-07-05T00:00:00.000Z,פרו,0,2,2
2021-07-05T00:00:00.000Z,פנמה,6,6,12
2021-07-05T00:00:00.000Z,פינלנד,4,1,5
2021-07-05T00:00:00.000Z,פיליפינים,0,1,1
2021-07-05T00:00:00.000Z,פורטוגל,50,26,76
2021-07-05T00:00:00.000Z,פולינזיה הצרפתית,1,0,1
2021-07-05T00:00:00.000Z,פולין,57,7,64
2021-07-05T00:00:00.000Z,סרי לנקה (צילון),1,0,1
2021-07-05T00:00:00.000Z,סרביה,31,13,44
2021-07-05T00:00:00.000Z,ספרד,258,50,308
2021-07-05T00:00:00.000Z,סנגל,2,0,2
2021-07-05T00:00:00.000Z,סלובניה,8,0,8
2021-07-05T00:00:00.000Z,סינגפור,2,8,10
2021-07-05T00:00:00.000Z,סין,0,3,3
2021-07-05T00:00:00.000Z,ניגריה,2,0,2
2021-07-05T00:00:00.000Z,נורבגיה,0,3,3
2021-07-05T00:00:00.000Z,מרוקו,2,0,2
2021-07-05T00:00:00.000Z,מקסיקו,1,7,8
2021-07-05T00:00:00.000Z,מקדוניה,1,0,1
2021-07-05T00:00:00.000Z,מצרים,515,87,602
2021-07-05T00:00:00.000Z,מלטה,10,5,15
2021-07-05T00:00:00.000Z,מלדיבים,23,0,23
2021-07-05T00:00:00.000Z,מונקו,1,0,1
2021-07-05T00:00:00.000Z,מונטנגרו,106,8,114
2021-07-05T00:00:00.000Z,מולדובה,4,0,4
2021-07-05T00:00:00.000Z,מוזמביק,3,0,3
2021-07-05T00:00:00.000Z,מאוריציוס,1,0,1
2021-07-05T00:00:00.000Z,ליטא,3,1,4
2021-07-05T00:00:00.000Z,כלל המדינות,11330,7151,18481
2021-07-05T00:00:00.000Z,ירדן,36,36,72
2021-07-05T00:00:00.000Z,יפן,1,0,1
2021-07-05T00:00:00.000Z,יוון,2330,150,2480
2021-07-05T00:00:00.000Z,טנזניה,7,1,8
2021-07-05T00:00:00.000Z,חוף השנהב,1,0,1
2021-07-05T00:00:00.000Z,אקואדור,4,2,6
2021-07-05T00:00:00.000Z,ארגנטינה,1,2,3
2021-07-05T00:00:00.000Z,ארמניה,7,2,9
2021-07-05T00:00:00.000Z,ארצות הברית,672,1652,2324
2021-07-05T00:00:00.000Z,אתיופיה,14,13,27
2021-07-05T00:00:00.000Z,בולגריה,504,32,536
2021-07-05T00:00:00.000Z,בוליביה,2,0,2
2021-07-05T00:00:00.000Z,בוסניה הרצגובינה,2,0,2
2021-07-05T00:00:00.000Z,בילורוסיה,47,15,62
2021-07-05T00:00:00.000Z,בלגיה,88,84,172
2021-07-05T00:00:00.000Z,ברזיל,1,1,2
2021-07-05T00:00:00.000Z,גאורגיה,744,85,829
2021-07-05T00:00:00.000Z,גווטאמלה,1,0,1
2021-07-05T00:00:00.000Z,גויאנה הצרפתית,1,0,1
2021-07-05T00:00:00.000Z,גרמניה,310,138,448
2021-07-05T00:00:00.000Z,דנמרק,17,3,20
2021-07-05T00:00:00.000Z,הולנד,122,25,147
2021-07-06T00:00:00.000Z,רפ מרכז אפריקנית,1,0,1
2021-07-06T00:00:00.000Z,רוסיה,17,49,66
2021-07-06T00:00:00.000Z,רומניה,146,38,184
2021-07-06T00:00:00.000Z,רואנדה,2,0,2
2021-07-06T00:00:00.000Z,קרואטיה,12,1,13
2021-07-06T00:00:00.000Z,קפריסין,509,67,576
2021-07-06T00:00:00.000Z,קניה,1,0,1
2021-07-06T00:00:00.000Z,קנדה,0,5,5
2021-07-06T00:00:00.000Z,קירג'זסטאן,5,0,5
2021-07-06T00:00:00.000Z,קזחסטאן,2,1,3
2021-07-06T00:00:00.000Z,קוריאה הדרומית,1,1,2
2021-07-06T00:00:00.000Z,קוסטה ריקה,2,0,2
2021-07-06T00:00:00.000Z,צרפת,269,275,544
2021-07-06T00:00:00.000Z,צכיה,81,25,106
2021-07-06T00:00:00.000Z,צ'ילה,2,0,2
2021-07-06T00:00:00.000Z,פרו,3,1,4
2021-07-06T00:00:00.000Z,פנמה,4,7,11
2021-07-06T00:00:00.000Z,פינלנד,1,0,1
2021-07-06T00:00:00.000Z,פיליפינים,2,12,14
2021-07-06T00:00:00.000Z,פורטוגל,14,5,19
2021-07-06T00:00:00.000Z,פולין,168,30,198
2021-07-06T00:00:00.000Z,סרי לנקה (צילון),0,1,1
2021-07-06T00:00:00.000Z,סרביה,15,1,16
2021-07-06T00:00:00.000Z,ספרד,190,71,261
2021-07-06T00:00:00.000Z,סלובניה,1,1,2
2021-07-06T00:00:00.000Z,ניגריה,1,2,3
2021-07-06T00:00:00.000Z,נורבגיה,0,1,1
2021-07-06T00:00:00.000Z,מרוקו,4,0,4
2021-07-06T00:00:00.000Z,מקסיקו,1,4,5
2021-07-06T00:00:00.000Z,מצרים,432,112,544
2021-07-06T00:00:00.000Z,מלטה,1,1,2
2021-07-06T00:00:00.000Z,מלדיבים,6,4,10
2021-07-06T00:00:00.000Z,מולדובה,0,1,1
2021-07-06T00:00:00.000Z,מאלי,2,0,2
2021-07-06T00:00:00.000Z,ליטא,7,2,9
2021-07-06T00:00:00.000Z,לטביה,25,10,35
2021-07-06T00:00:00.000Z,כלל המדינות,8677,6519,15196
2021-07-06T00:00:00.000Z,ירדן,46,55,101
2021-07-06T00:00:00.000Z,יוון,1611,147,1758
2021-07-06T00:00:00.000Z,טנזניה,1,1,2
2021-07-06T00:00:00.000Z,חוף השנהב,0,1,1
2021-07-06T00:00:00.000Z,זמביה,2,0,2
2021-07-06T00:00:00.000Z,זאיר,0,4,4
2021-07-06T00:00:00.000Z,הרפ הדומיניקנית,1,0,1
2021-07-06T00:00:00.000Z,הממלכה המאוחדת,287,187,474
2021-07-06T00:00:00.000Z,הונגריה,103,52,155
2021-07-06T00:00:00.000Z,הונג קונג,0,2,2
2021-07-06T00:00:00.000Z,הולנד,223,64,287
2021-07-06T00:00:00.000Z,דרום אפריקה,1,0,1
2021-07-06T00:00:00.000Z,דנמרק,22,8,30
2021-07-06T00:00:00.000Z,גרמניה,379,119,498
2021-07-06T00:00:00.000Z,גיברלטר,0,3,3
2021-07-06T00:00:00.000Z,גויאנה הצרפתית,1,0,1
2021-07-06T00:00:00.000Z,גווטאמלה,0,2,2
2021-07-06T00:00:00.000Z,גאנה,2,0,2
2021-07-06T00:00:00.000Z,גאורגיה,352,28,380
2021-07-06T00:00:00.000Z,ברזיל,2,11,13
2021-07-06T00:00:00.000Z,בלגיה,3,3,6
2021-07-06T00:00:00.000Z,בילורוסיה,49,4,53
2021-07-06T00:00:00.000Z,בולגריה,335,30,365
2021-07-06T00:00:00.000Z,אתיופיה,5,5,10
2021-07-06T00:00:00.000Z,ארצות הברית,628,1760,2388
2021-07-06T00:00:00.000Z,ארמניה,1,0,1
2021-07-06T00:00:00.000Z,ארגנטינה,4,2,6
2021-07-06T00:00:00.000Z,אסטוניה,3,0,3
2021-07-06T00:00:00.000Z,אלבניה,39,0,39
2021-07-06T00:00:00.000Z,אירלנד,3,2,5
2021-07-06T00:00:00.000Z,איסלנד,66,1,67
2021-07-06T00:00:00.000Z,איי סיישל,2,4,6
2021-07-06T00:00:00.000Z,איטליה,217,46,263
2021-07-06T00:00:00.000Z,אזרביג'אן,14,1,15
2021-07-06T00:00:00.000Z,אורגוואי,1,1,2
2021-07-06T00:00:00.000Z,אוקראינה,184,113,297
2021-07-06T00:00:00.000Z,אוסטרליה,2,0,2
2021-07-06T00:00:00.000Z,אוסטריה,206,51,257
2021-07-06T00:00:00.000Z,אוזבקיסטן,2,0,2
2021-07-06T00:00:00.000Z,איחוד האמירויות הערב,67,16,83
2021-07-06T00:00:00.000Z,תורכמניסטאן,2,0,2
2021-07-06T00:00:00.000Z,תורכיה,980,485,1465
2021-07-06T00:00:00.000Z,תוניסיה,1,0,1
2021-07-06T00:00:00.000Z,שוויץ,108,46,154
2021-07-06T00:00:00.000Z,שוודיה,9,6,15
2021-07-07T00:00:00.000Z,בולגריה,205,21,226
2021-07-07T00:00:00.000Z,איחוד האמירויות הערב,83,39,122
2021-07-07T00:00:00.000Z,תורכמניסטאן,7,2,9
2021-07-07T00:00:00.000Z,תורכיה,915,319,1234
2021-07-07T00:00:00.000Z,תאילנד,9,7,16
2021-07-07T00:00:00.000Z,שוויץ,106,30,136
2021-07-07T00:00:00.000Z,שוודיה,6,7,13
2021-07-07T00:00:00.000Z,רוסיה,40,20,60
2021-07-07T00:00:00.000Z,רומניה,298,78,376
2021-07-07T00:00:00.000Z,קרואטיה,8,2,10
2021-07-07T00:00:00.000Z,קפריסין,377,68,445
2021-07-07T00:00:00.000Z,קניה,2,0,2
2021-07-07T00:00:00.000Z,קנדה,11,156,167
2021-07-07T00:00:00.000Z,קמרון,0,3,3
2021-07-07T00:00:00.000Z,קירג'זסטאן,3,0,3
2021-07-07T00:00:00.000Z,קזחסטאן,3,2,5
2021-07-07T00:00:00.000Z,קוריאה הדרומית,1,0,1
2021-07-07T00:00:00.000Z,קוסטה ריקה,8,1,9
2021-07-07T00:00:00.000Z,קולומביה,1,1,2
2021-07-07T00:00:00.000Z,צרפת,349,489,838
2021-07-07T00:00:00.000Z,צכיה,27,6,33
2021-07-07T00:00:00.000Z,פרו,7,4,11
2021-07-07T00:00:00.000Z,פרגוואי,0,1,1
2021-07-07T00:00:00.000Z,פנמה,1,0,1
2021-07-07T00:00:00.000Z,איטליה,260,48,308
2021-07-07T00:00:00.000Z,אזרביג'אן,19,0,19
2021-07-07T00:00:00.000Z,אורגוואי,0,1,1
2021-07-07T00:00:00.000Z,אוקראינה,257,190,447
2021-07-07T00:00:00.000Z,אוסטרליה,4,18,22
2021-07-07T00:00:00.000Z,אוסטריה,212,44,256
2021-07-07T00:00:00.000Z,אוזבקיסטן,5,0,5
2021-07-07T00:00:00.000Z,אוגנדה,1,0,1
2021-07-07T00:00:00.000Z,אבחזיסטאן,2,0,2
2021-07-07T00:00:00.000Z,פינלנד,4,0,4
2021-07-07T00:00:00.000Z,פיליפינים,2,11,13
2021-07-07T00:00:00.000Z,פורטוגל,39,33,72
2021-07-07T00:00:00.000Z,פולין,61,8,69
2021-07-07T00:00:00.000Z,סרי לנקה (צילון),3,4,7
2021-07-07T00:00:00.000Z,סרביה,25,7,32
2021-07-07T00:00:00.000Z,ספרד,106,36,142
2021-07-07T00:00:00.000Z,סנגל,1,0,1
2021-07-07T00:00:00.000Z,סלובקיה,2,0,2
2021-07-07T00:00:00.000Z,סלובניה,74,11,85
2021-07-07T00:00:00.000Z,סינגפור,0,9,9
2021-07-07T00:00:00.000Z,סין,3,10,13
2021-07-07T00:00:00.000Z,סוריה,1,6,7
2021-07-07T00:00:00.000Z,ניו זילנד,1,0,1
2021-07-07T00:00:00.000Z,ניגריה,7,0,7
2021-07-07T00:00:00.000Z,נורבגיה,1,5,6
2021-07-07T00:00:00.000Z,מרוקו,6,4,10
2021-07-07T00:00:00.000Z,מקסיקו,5,8,13
2021-07-07T00:00:00.000Z,מקדוניה,1,1,2
2021-07-07T00:00:00.000Z,מצרים,442,168,610
2021-07-07T00:00:00.000Z,מלטה,4,0,4
2021-07-07T00:00:00.000Z,מלדיבים,12,0,12
2021-07-07T00:00:00.000Z,מונטנגרו,190,4,194
2021-07-07T00:00:00.000Z,מולדובה,53,21,74
2021-07-07T00:00:00.000Z,מדגסקר,1,0,1
2021-07-07T00:00:00.000Z,מאוריציוס,0,1,1
2021-07-07T00:00:00.000Z,ליבריה,1,0,1
2021-07-07T00:00:00.000Z,לוכסמבורג,3,0,3
2021-07-07T00:00:00.000Z,כלל המדינות,7748,6813,14561
2021-07-07T00:00:00.000Z,ירדן,67,40,107
2021-07-07T00:00:00.000Z,יפן,0,4,4
2021-07-07T00:00:00.000Z,יוון,814,92,906
2021-07-07T00:00:00.000Z,טנזניה,88,4,92
2021-07-07T00:00:00.000Z,טיוואן,0,1,1
2021-07-07T00:00:00.000Z,טג'יקיסטאן,3,0,3
2021-07-07T00:00:00.000Z,חוף השנהב,1,1,2
2021-07-07T00:00:00.000Z,זמביה,2,0,2
2021-07-07T00:00:00.000Z,זימבאבווה,0,1,1
2021-07-07T00:00:00.000Z,ונצואלה,1,11,12
2021-07-07T00:00:00.000Z,הממלכה המאוחדת,171,133,304
2021-07-07T00:00:00.000Z,הונגריה,54,54,108
2021-07-07T00:00:00.000Z,הונג קונג,0,4,4
2021-07-07T00:00:00.000Z,הולנד,175,79,254
2021-07-07T00:00:00.000Z,דרום אפריקה,3,8,11
2021-07-07T00:00:00.000Z,דנמרק,12,6,18
2021-07-07T00:00:00.000Z,גרמניה,377,173,550
2021-07-07T00:00:00.000Z,גווטאמלה,2,0,2
2021-07-07T00:00:00.000Z,גאנה,2,0,2
2021-07-07T00:00:00.000Z,גאורגיה,290,43,333
2021-07-07T00:00:00.000Z,ברזיל,1,6,7
2021-07-07T00:00:00.000Z,בלגיה,45,53,98
2021-07-07T00:00:00.000Z,בילורוסיה,27,13,40
2021-07-07T00:00:00.000Z,איי סיישל,93,8,101
2021-07-07T00:00:00.000Z,אינדונזיה,1,0,1
2021-07-07T00:00:00.000Z,אירלנד,1,0,1
2021-07-07T00:00:00.000Z,אסטוניה,2,1,3
2021-07-07T00:00:00.000Z,אקואדור,1,0,1
2021-07-07T00:00:00.000Z,ארגנטינה,2,0,2
2021-07-07T00:00:00.000Z,ארמניה,2,1,3
2021-07-07T00:00:00.000Z,ארצות הברית,498,1441,1939
2021-07-07T00:00:00.000Z,אתיופיה,12,1,13
2021-07-07T00:00:00.000Z,בוטסואנה,1,0,1
2021-07-07T00:00:00.000Z,בחריין,2,0,2
2021-07-07T00:00:00.000Z,בוסניה הרצגובינה,3,0,3
2021-07-08T00:00:00.000Z,הולנד,171,50,221
2021-07-08T00:00:00.000Z,גאורגיה,775,90,865
2021-07-08T00:00:00.000Z,קובה,1,0,1
2021-07-08T00:00:00.000Z,צרפת,400,333,733
2021-07-08T00:00:00.000Z,צכיה,44,5,49
2021-07-08T00:00:00.000Z,צ'ילה,1,3,4
2021-07-08T00:00:00.000Z,צאד,1,0,1
2021-07-08T00:00:00.000Z,פרו,0,1,1
2021-07-08T00:00:00.000Z,פנמה,6,12,18
2021-07-08T00:00:00.000Z,פינלנד,1,0,1
2021-07-08T00:00:00.000Z,פיליפינים,0,10,10
2021-07-08T00:00:00.000Z,פורטוגל,11,0,11
2021-07-08T00:00:00.000Z,פולין,104,24,128
2021-07-08T00:00:00.000Z,סרביה,1,0,1
2021-07-08T00:00:00.000Z,ספרד,243,55,298
2021-07-08T00:00:00.000Z,סנגל,1,0,1
2021-07-08T00:00:00.000Z,סלובניה,4,0,4
2021-07-08T00:00:00.000Z,סינגפור,1,0,1
2021-07-08T00:00:00.000Z,סין,0,2,2
2021-07-08T00:00:00.000Z,סוריה,1,1,2
2021-07-08T00:00:00.000Z,ניגריה,3,1,4
2021-07-08T00:00:00.000Z,נורבגיה,2,0,2
2021-07-08T00:00:00.000Z,מרוקו,5,8,13
2021-07-08T00:00:00.000Z,מקסיקו,5,6,11
2021-07-08T00:00:00.000Z,מצרים,525,169,694
2021-07-08T00:00:00.000Z,מלטה,1,0,1
2021-07-08T00:00:00.000Z,מלדיבים,14,3,17
2021-07-08T00:00:00.000Z,מולדובה,78,33,111
2021-07-08T00:00:00.000Z,מאוריציוס,1,0,1
2021-07-08T00:00:00.000Z,לסוטו,1,0,1
2021-07-08T00:00:00.000Z,ליטא,38,7,45
2021-07-08T00:00:00.000Z,לטביה,2,1,3
2021-07-08T00:00:00.000Z,לבנון,0,1,1
2021-07-08T00:00:00.000Z,כלל המדינות,11971,8172,20143
2021-07-08T00:00:00.000Z,ירדן,144,62,206
2021-07-08T00:00:00.000Z,יפן,0,1,1
2021-07-08T00:00:00.000Z,יוון,2426,293,2719
2021-07-08T00:00:00.000Z,טנזניה,13,2,15
2021-07-08T00:00:00.000Z,טיוואן,0,4,4
2021-07-08T00:00:00.000Z,חוף השנהב,0,1,1
2021-07-08T00:00:00.000Z,זמביה,6,1,7
2021-07-08T00:00:00.000Z,זאיר,2,1,3
2021-07-08T00:00:00.000Z,ויטנאם,1,1,2
2021-07-08T00:00:00.000Z,הרפ הדומיניקנית,1,0,1
2021-07-08T00:00:00.000Z,הממלכה המאוחדת,488,255,743
2021-07-08T00:00:00.000Z,הונגריה,86,60,146
2021-07-08T00:00:00.000Z,קולומביה,2,11,13
2021-07-08T00:00:00.000Z,רוסיה,87,127,214
2021-07-08T00:00:00.000Z,שוודיה,3,6,9
2021-07-08T00:00:00.000Z,שוויץ,163,87,250
2021-07-08T00:00:00.000Z,תאילנד,4,257,261
2021-07-08T00:00:00.000Z,תורכיה,1118,447,1565
2021-07-08T00:00:00.000Z,תורכמניסטאן,13,8,21
2021-07-08T00:00:00.000Z,אוגנדה,3,0,3
2021-07-08T00:00:00.000Z,אוזבקיסטן,4,2,6
2021-07-08T00:00:00.000Z,אוסטריה,140,56,196
2021-07-08T00:00:00.000Z,אוסטרליה,0,3,3
2021-07-08T00:00:00.000Z,אוקראינה,300,174,474
2021-07-08T00:00:00.000Z,אורגוואי,2,0,2
2021-07-08T00:00:00.000Z,אזרביג'אן,6,2,8
2021-07-08T00:00:00.000Z,איטליה,366,86,452
2021-07-08T00:00:00.000Z,איי גילברט ואליס,0,1,1
2021-07-08T00:00:00.000Z,איי טורקס וקייקוס,3,0,3
2021-07-08T00:00:00.000Z,איסלנד,67,1,68
2021-07-08T00:00:00.000Z,אירלנד,5,9,14
2021-07-08T00:00:00.000Z,אלבניה,43,2,45
2021-07-08T00:00:00.000Z,אסטוניה,1,0,1
2021-07-08T00:00:00.000Z,ארמניה,3,4,7
2021-07-08T00:00:00.000Z,ארצות הברית,818,1765,2583
2021-07-08T00:00:00.000Z,אתיופיה,28,7,35
2021-07-08T00:00:00.000Z,בולגריה,420,58,478
2021-07-08T00:00:00.000Z,בוליביה,1,1,2
2021-07-08T00:00:00.000Z,בילורוסיה,52,53,105
2021-07-08T00:00:00.000Z,בלגיה,48,22,70
2021-07-08T00:00:00.000Z,ברזיל,5,11,16
2021-07-08T00:00:00.000Z,רומניה,203,42,245
2021-07-08T00:00:00.000Z,רואנדה,2,0,2
2021-07-08T00:00:00.000Z,קרואטיה,2,2,4
2021-07-08T00:00:00.000Z,קפריסין,707,156,863
2021-07-08T00:00:00.000Z,קניה,2,1,3
2021-07-08T00:00:00.000Z,קנדה,2,6,8
2021-07-08T00:00:00.000Z,קמרון,1,1,2
2021-07-08T00:00:00.000Z,קירג'זסטאן,7,0,7
2021-07-08T00:00:00.000Z,קזחסטאן,6,1,7
2021-07-08T00:00:00.000Z,קוריאה הדרומית,8,0,8
2021-07-08T00:00:00.000Z,קוסטה ריקה,2,2,4
2021-07-08T00:00:00.000Z,קוסובו,1,0,1
2021-07-08T00:00:00.000Z,קונגו,0,1,1
2021-07-08T00:00:00.000Z,גרמניה,316,118,434
2021-07-08T00:00:00.000Z,דנמרק,26,9,35
2021-07-08T00:00:00.000Z,גווטאמלה,1,0,1
2021-07-08T00:00:00.000Z,איחוד האמירויות הערב,180,31,211
2021-07-08T00:00:00.000Z,דרום אפריקה,1,2,3
2021-07-09T00:00:00.000Z,איחוד האמירויות הערב,63,9,72
2021-07-09T00:00:00.000Z,תורכמניסטאן,16,6,22
2021-07-09T00:00:00.000Z,תורכיה,980,378,1358
2021-07-09T00:00:00.000Z,תאילנד,2,2,4
2021-07-09T00:00:00.000Z,שוויץ,375,93,468
2021-07-09T00:00:00.000Z,שוודיה,13,6,19
2021-07-09T00:00:00.000Z,רוסיה,40,29,69
2021-07-09T00:00:00.000Z,רומניה,272,58,330
2021-07-09T00:00:00.000Z,קרואטיה,26,4,30
2021-07-09T00:00:00.000Z,קפריסין,597,115,712
2021-07-09T00:00:00.000Z,קניה,3,0,3
2021-07-09T00:00:00.000Z,קנדה,9,114,123
2021-07-09T00:00:00.000Z,קירג'זסטאן,12,0,12
2021-07-09T00:00:00.000Z,קזחסטאן,0,2,2
2021-07-09T00:00:00.000Z,קוריאה הדרומית,2,1,3
2021-07-09T00:00:00.000Z,קוסטה ריקה,7,0,7
2021-07-09T00:00:00.000Z,קולומביה,1,3,4
2021-07-09T00:00:00.000Z,צרפת,343,237,580
2021-07-09T00:00:00.000Z,צכיה,108,21,129
2021-07-09T00:00:00.000Z,פרו,1,0,1
2021-07-09T00:00:00.000Z,פרגוואי,0,1,1
2021-07-09T00:00:00.000Z,פנמה,4,3,7
2021-07-09T00:00:00.000Z,פינלנד,15,8,23
2021-07-09T00:00:00.000Z,פיליפינים,2,3,5
2021-07-09T00:00:00.000Z,פורטוגל,26,4,30
2021-07-09T00:00:00.000Z,פולין,141,8,149
2021-07-09T00:00:00.000Z,סרי לנקה (צילון),2,0,2
2021-07-09T00:00:00.000Z,סרביה,57,9,66
2021-07-09T00:00:00.000Z,ספרד,238,31,269
2021-07-09T00:00:00.000Z,סלובקיה,2,0,2
2021-07-09T00:00:00.000Z,סלובניה,4,0,4
2021-07-09T00:00:00.000Z,סינגפור,0,7,7
2021-07-09T00:00:00.000Z,סין,1,5,6
2021-07-09T00:00:00.000Z,סורינם,1,0,1
2021-07-09T00:00:00.000Z,נפאל,0,1,1
2021-07-09T00:00:00.000Z,ניגריה,4,0,4
2021-07-09T00:00:00.000Z,נורבגיה,0,7,7
2021-07-09T00:00:00.000Z,מרוקו,5,0,5
2021-07-09T00:00:00.000Z,מקסיקו,1,1,2
2021-07-09T00:00:00.000Z,מקדוניה,2,0,2
2021-07-09T00:00:00.000Z,מצרים,513,206,719
2021-07-09T00:00:00.000Z,מלטה,4,0,4
2021-07-09T00:00:00.000Z,מלדיבים,19,2,21
2021-07-09T00:00:00.000Z,מונטנגרו,77,12,89
2021-07-09T00:00:00.000Z,מולדובה,0,1,1
2021-07-09T00:00:00.000Z,ליטא,3,0,3
2021-07-09T00:00:00.000Z,לוכסמבורג,0,2,2
2021-07-09T00:00:00.000Z,כלל המדינות,10814,5420,16234
2021-07-09T00:00:00.000Z,ירדן,0,21,21
2021-07-09T00:00:00.000Z,יפן,1,2,3
2021-07-09T00:00:00.000Z,יוון,1825,195,2020
2021-07-09T00:00:00.000Z,טנזניה,3,0,3
2021-07-09T00:00:00.000Z,חוף השנהב,1,0,1
2021-07-09T00:00:00.000Z,הרפ הדומיניקנית,0,2,2
2021-07-09T00:00:00.000Z,הממלכה המאוחדת,355,104,459
2021-07-09T00:00:00.000Z,הונגריה,92,64,156
2021-07-09T00:00:00.000Z,הולנד,197,89,286
2021-07-09T00:00:00.000Z,הודו,1,0,1
2021-07-09T00:00:00.000Z,דנמרק,14,9,23
2021-07-09T00:00:00.000Z,גרמניה,398,126,524
2021-07-09T00:00:00.000Z,גאנה,4,1,5
2021-07-09T00:00:00.000Z,גאורגיה,809,83,892
2021-07-09T00:00:00.000Z,ברזיל,1,0,1
2021-07-09T00:00:00.000Z,בלגיה,131,55,186
2021-07-09T00:00:00.000Z,בילורוסיה,46,18,64
2021-07-09T00:00:00.000Z,בחריין,2,1,3
2021-07-09T00:00:00.000Z,בולגריה,226,24,250
2021-07-09T00:00:00.000Z,ארצות הברית,884,1107,1991
2021-07-09T00:00:00.000Z,ארמניה,3,0,3
2021-07-09T00:00:00.000Z,אסטוניה,7,0,7
2021-07-09T00:00:00.000Z,אנגולה,6,0,6
2021-07-09T00:00:00.000Z,אירלנד,5,5,10
2021-07-09T00:00:00.000Z,איסלנד,20,4,24
2021-07-09T00:00:00.000Z,אינדונזיה,0,1,1
2021-07-09T00:00:00.000Z,איי סיישל,0,1,1
2021-07-09T00:00:00.000Z,איי טורקס וקייקוס,1,0,1
2021-07-09T00:00:00.000Z,איטליה,292,54,346
2021-07-09T00:00:00.000Z,אזרביג'אן,5,0,5
2021-07-09T00:00:00.000Z,אורגוואי,0,2,2
2021-07-09T00:00:00.000Z,אוקראינה,320,158,478
2021-07-09T00:00:00.000Z,אוסטרליה,1,0,1
2021-07-09T00:00:00.000Z,אוסטריה,503,49,552
2021-07-09T00:00:00.000Z,אוזבקיסטן,2,0,2
2021-07-10T00:00:00.000Z,נורבגיה,0,4,4
2021-07-10T00:00:00.000Z,תורכיה,1211,344,1555
2021-07-10T00:00:00.000Z,מונטנגרו,89,7,96
2021-07-10T00:00:00.000Z,מונגוליה,1,0,1
2021-07-10T00:00:00.000Z,מולדובה,48,18,66
2021-07-10T00:00:00.000Z,מוזמביק,1,0,1
2021-07-10T00:00:00.000Z,מאלי,3,0,3
2021-07-10T00:00:00.000Z,מאוריציוס,1,0,1
2021-07-10T00:00:00.000Z,ליטא,3,3,6
2021-07-10T00:00:00.000Z,לטביה,30,11,41
2021-07-10T00:00:00.000Z,כלל המדינות,7278,3826,11104
2021-07-10T00:00:00.000Z,ירדן,2,15,17
2021-07-10T00:00:00.000Z,יוון,1280,92,1372
2021-07-10T00:00:00.000Z,טנזניה,13,0,13
2021-07-10T00:00:00.000Z,חוף השנהב,0,1,1
2021-07-10T00:00:00.000Z,זמביה,1,0,1
2021-07-10T00:00:00.000Z,זימבאבווה,2,0,2
2021-07-10T00:00:00.000Z,זאיר,3,0,3
2021-07-10T00:00:00.000Z,הרפ הדומיניקנית,0,1,1
2021-07-10T00:00:00.000Z,הממלכה המאוחדת,144,82,226
2021-07-10T00:00:00.000Z,הונגריה,86,52,138
2021-07-10T00:00:00.000Z,הולנד,177,33,210
2021-07-10T00:00:00.000Z,דרום אפריקה,1,1,2
2021-07-10T00:00:00.000Z,דנמרק,11,9,20
2021-07-10T00:00:00.000Z,גרמניה,180,128,308
2021-07-10T00:00:00.000Z,גבון,1,0,1
2021-07-10T00:00:00.000Z,גאנה,10,2,12
2021-07-10T00:00:00.000Z,גאורגיה,95,9,104
2021-07-10T00:00:00.000Z,ברזיל,0,3,3
2021-07-10T00:00:00.000Z,ברוניי,0,1,1
2021-07-10T00:00:00.000Z,בלגיה,0,1,1
2021-07-10T00:00:00.000Z,בוסניה הרצגובינה,1,0,1
2021-07-10T00:00:00.000Z,בולגריה,67,2,69
2021-07-10T00:00:00.000Z,אתיופיה,27,12,39
2021-07-10T00:00:00.000Z,ארצות הברית,355,838,1193
2021-07-10T00:00:00.000Z,ארמניה,1,2,3
2021-07-10T00:00:00.000Z,אסטוניה,1,0,1
2021-07-10T00:00:00.000Z,אלבניה,3,2,5
2021-07-10T00:00:00.000Z,אירלנד,1,2,3
2021-07-10T00:00:00.000Z,איסלנד,40,6,46
2021-07-10T00:00:00.000Z,איי סיישל,14,1,15
2021-07-10T00:00:00.000Z,איטליה,228,46,274
2021-07-10T00:00:00.000Z,אזרביג'אן,5,1,6
2021-07-10T00:00:00.000Z,אוקראינה,196,42,238
2021-07-10T00:00:00.000Z,אוסטריה,202,33,235
2021-07-10T00:00:00.000Z,אוזבקיסטן,1,0,1
2021-07-10T00:00:00.000Z,תוניסיה,1,0,1
2021-07-10T00:00:00.000Z,שוויץ,105,27,132
2021-07-10T00:00:00.000Z,שוודיה,2,3,5
2021-07-10T00:00:00.000Z,רוסיה,3,2,5
2021-07-10T00:00:00.000Z,רומניה,346,155,501
2021-07-10T00:00:00.000Z,רואנדה,0,2,2
2021-07-10T00:00:00.000Z,קרואטיה,12,3,15
2021-07-10T00:00:00.000Z,קפריסין,500,38,538
2021-07-10T00:00:00.000Z,קניה,6,4,10
2021-07-10T00:00:00.000Z,קנדה,2,8,10
2021-07-10T00:00:00.000Z,קמרון,3,0,3
2021-07-10T00:00:00.000Z,קזחסטאן,1,0,1
2021-07-10T00:00:00.000Z,קוריאה הדרומית,5,3,8
2021-07-10T00:00:00.000Z,קולומביה,0,2,2
2021-07-10T00:00:00.000Z,צרפת,107,59,166
2021-07-10T00:00:00.000Z,צכיה,4,2,6
2021-07-10T00:00:00.000Z,צאד,3,0,3
2021-07-10T00:00:00.000Z,פרו,0,1,1
2021-07-10T00:00:00.000Z,פנמה,1,0,1
2021-07-10T00:00:00.000Z,פינלנד,2,2,4
2021-07-10T00:00:00.000Z,פיליפינים,0,6,6
2021-07-10T00:00:00.000Z,פורטוגל,16,0,16
2021-07-10T00:00:00.000Z,פולין,125,26,151
2021-07-10T00:00:00.000Z,פאפואה,2,1,3
2021-07-10T00:00:00.000Z,סרביה,39,2,41
2021-07-10T00:00:00.000Z,ספרד,24,15,39
2021-07-10T00:00:00.000Z,מצרים,1021,146,1167
2021-07-10T00:00:00.000Z,מלטה,2,0,2
2021-07-10T00:00:00.000Z,איחוד האמירויות הערב,44,4,48
2021-07-10T00:00:00.000Z,תורכמניסטאן,28,2,30
2021-07-10T00:00:00.000Z,סלובניה,1,0,1
2021-07-10T00:00:00.000Z,סינגפור,2,1,3
2021-07-10T00:00:00.000Z,סין,1,0,1
2021-07-10T00:00:00.000Z,ניו זילנד,1,0,1
2021-07-10T00:00:00.000Z,ניגריה,1,0,1
2021-07-10T00:00:00.000Z,מלדיבים,18,1,19
2021-07-11T00:00:00.000Z,נפאל,0,2,2
2021-07-11T00:00:00.000Z,מלטה,2,0,2
2021-07-11T00:00:00.000Z,מלדיבים,23,7,30
2021-07-11T00:00:00.000Z,מונקו,3,0,3
2021-07-11T00:00:00.000Z,מונטנגרו,5,0,5
2021-07-11T00:00:00.000Z,מולדובה,74,23,97
2021-07-11T00:00:00.000Z,מאוריציוס,1,0,1
2021-07-11T00:00:00.000Z,ליטא,46,10,56
2021-07-11T00:00:00.000Z,לטביה,1,0,1
2021-07-11T00:00:00.000Z,כלל המדינות,13786,6985,20771
2021-07-11T00:00:00.000Z,ירדן,221,95,316
2021-07-11T00:00:00.000Z,יפן,0,3,3
2021-07-11T00:00:00.000Z,יוון,2994,228,3222
2021-07-11T00:00:00.000Z,הממלכה המאוחדת,385,242,627
2021-07-11T00:00:00.000Z,הונגריה,76,73,149
2021-07-11T00:00:00.000Z,הונג קונג,0,1,1
2021-07-11T00:00:00.000Z,הולנד,249,104,353
2021-07-11T00:00:00.000Z,איסלנד,35,0,35
2021-07-11T00:00:00.000Z,אירלנד,1,8,9
2021-07-11T00:00:00.000Z,אלבניה,28,6,34
2021-07-11T00:00:00.000Z,אלגיריה,1,0,1
2021-07-11T00:00:00.000Z,אנגולה,3,0,3
2021-07-11T00:00:00.000Z,אסטוניה,3,0,3
2021-07-11T00:00:00.000Z,ארגנטינה,4,4,8
2021-07-11T00:00:00.000Z,ארמניה,0,2,2
2021-07-11T00:00:00.000Z,ארצות הברית,454,637,1091
2021-07-11T00:00:00.000Z,בהמס,0,1,1
2021-07-11T00:00:00.000Z,בולגריה,606,47,653
2021-07-11T00:00:00.000Z,בוסניה הרצגובינה,2,0,2
2021-07-11T00:00:00.000Z,בילורוסיה,114,57,171
2021-07-11T00:00:00.000Z,בלגיה,20,30,50
2021-07-11T00:00:00.000Z,ברזיל,1,3,4
2021-07-11T00:00:00.000Z,גאורגיה,861,74,935
2021-07-11T00:00:00.000Z,גאנה,4,0,4
2021-07-11T00:00:00.000Z,גינאה המשוונית,0,17,17
2021-07-11T00:00:00.000Z,גרמניה,371,131,502
2021-07-11T00:00:00.000Z,דנמרק,7,4,11
2021-07-11T00:00:00.000Z,מקדוניה,5,9,14
2021-07-11T00:00:00.000Z,מקסיקו,1,2,3
2021-07-11T00:00:00.000Z,מרוקו,2,0,2
2021-07-11T00:00:00.000Z,נורבגיה,1,6,7
2021-07-11T00:00:00.000Z,ניגריה,2,0,2
2021-07-11T00:00:00.000Z,מצרים,1125,180,1305
2021-07-11T00:00:00.000Z,איחוד האמירויות הערב,80,25,105
2021-07-11T00:00:00.000Z,סוריה,2,2,4
2021-07-11T00:00:00.000Z,איי סיישל,3,0,3
2021-07-11T00:00:00.000Z,איי טורקס וקייקוס,5,0,5
2021-07-11T00:00:00.000Z,איי גילברט ואליס,1,0,1
2021-07-11T00:00:00.000Z,איטליה,387,62,449
2021-07-11T00:00:00.000Z,אזרביג'אן,21,11,32
2021-07-11T00:00:00.000Z,אורגוואי,0,2,2
2021-07-11T00:00:00.000Z,אוקראינה,432,232,664
2021-07-11T00:00:00.000Z,אוסטרליה,2,2,4
2021-07-11T00:00:00.000Z,אוסטריה,95,15,110
2021-07-11T00:00:00.000Z,אוזבקיסטן,7,4,11
2021-07-11T00:00:00.000Z,סלובניה,8,0,8
2021-07-11T00:00:00.000Z,ספרד,263,60,323
2021-07-11T00:00:00.000Z,סרביה,8,1,9
2021-07-11T00:00:00.000Z,פאפואה,1,0,1
2021-07-11T00:00:00.000Z,פולין,70,7,77
2021-07-11T00:00:00.000Z,פורטוגל,24,1,25
2021-07-11T00:00:00.000Z,פיליפינים,2,12,14
2021-07-11T00:00:00.000Z,פינלנד,2,0,2
2021-07-11T00:00:00.000Z,פנמה,4,2,6
2021-07-11T00:00:00.000Z,פרו,1,1,2
2021-07-11T00:00:00.000Z,צכיה,85,22,107
2021-07-11T00:00:00.000Z,צרפת,597,424,1021
2021-07-11T00:00:00.000Z,קובה,1,0,1
2021-07-11T00:00:00.000Z,קוסטה ריקה,11,1,12
2021-07-11T00:00:00.000Z,קוריאה הדרומית,4,5,9
2021-07-11T00:00:00.000Z,קזחסטאן,2,2,4
2021-07-11T00:00:00.000Z,קירג'זסטאן,15,1,16
2021-07-11T00:00:00.000Z,קנדה,12,135,147
2021-07-11T00:00:00.000Z,קפריסין,950,104,1054
2021-07-11T00:00:00.000Z,קרואטיה,8,3,11
2021-07-11T00:00:00.000Z,רומניה,282,77,359
2021-07-11T00:00:00.000Z,רוסיה,51,98,149
2021-07-11T00:00:00.000Z,שוודיה,11,11,22
2021-07-11T00:00:00.000Z,שוויץ,235,159,394
2021-07-11T00:00:00.000Z,תאילנד,56,26,82
2021-07-11T00:00:00.000Z,תוניסיה,0,1,1
2021-07-11T00:00:00.000Z,תורכיה,1371,513,1884
2021-07-11T00:00:00.000Z,תורכמניסטאן,2,1,3
2021-07-11T00:00:00.000Z,מלזיה,1,0,1
2021-07-12T00:00:00.000Z,ערב הסעודית,0,4,4
2021-07-12T00:00:00.000Z,סרביה,52,10,62
2021-07-12T00:00:00.000Z,ספרד,150,29,179
2021-07-12T00:00:00.000Z,סין,1,2,3
2021-07-12T00:00:00.000Z,סוריה,1,10,11
2021-07-12T00:00:00.000Z,ניגריה,8,0,8
2021-07-12T00:00:00.000Z,נורבגיה,1,4,5
2021-07-12T00:00:00.000Z,מרוקו,2,2,4
2021-07-12T00:00:00.000Z,מקסיקו,2,4,6
2021-07-12T00:00:00.000Z,מצרים,633,109,742
2021-07-12T00:00:00.000Z,מלדיבים,15,1,16
2021-07-12T00:00:00.000Z,מונטנגרו,158,4,162
2021-07-12T00:00:00.000Z,מולדובה,1,0,1
2021-07-12T00:00:00.000Z,ליטא,3,2,5
2021-07-12T00:00:00.000Z,לטביה,2,0,2
2021-07-12T00:00:00.000Z,כלל המדינות,12410,7299,19709
2021-07-12T00:00:00.000Z,ירדן,93,46,139
2021-07-12T00:00:00.000Z,יפן,2,1,3
2021-07-12T00:00:00.000Z,יוון,2407,178,2585
2021-07-12T00:00:00.000Z,טנזניה,11,0,11
2021-07-12T00:00:00.000Z,טיוואן,1,0,1
2021-07-12T00:00:00.000Z,חוף השנהב,1,0,1
2021-07-12T00:00:00.000Z,זמביה,2,0,2
2021-07-12T00:00:00.000Z,ויטנאם,0,1,1
2021-07-12T00:00:00.000Z,הרפ הדומיניקנית,3,0,3
2021-07-12T00:00:00.000Z,הממלכה המאוחדת,430,142,572
2021-07-12T00:00:00.000Z,הונדורס,1,0,1
2021-07-12T00:00:00.000Z,הונגריה,79,16,95
2021-07-12T00:00:00.000Z,הולנד,101,29,130
2021-07-12T00:00:00.000Z,הודו,9,5,14
2021-07-12T00:00:00.000Z,דרום אפריקה,1,9,10
2021-07-12T00:00:00.000Z,דנמרק,14,1,15
2021-07-12T00:00:00.000Z,גרמניה,322,116,438
2021-07-12T00:00:00.000Z,גיברלטר,0,5,5
2021-07-12T00:00:00.000Z,גאנה,7,2,9
2021-07-12T00:00:00.000Z,גאורגיה,638,73,711
2021-07-12T00:00:00.000Z,ברזיל,0,2,2
2021-07-12T00:00:00.000Z,בלגיה,75,74,149
2021-07-12T00:00:00.000Z,בילורוסיה,3,2,5
2021-07-12T00:00:00.000Z,בחריין,0,4,4
2021-07-12T00:00:00.000Z,בולגריה,433,60,493
2021-07-12T00:00:00.000Z,בוטסואנה,0,7,7
2021-07-12T00:00:00.000Z,בהמס,1,0,1
2021-07-12T00:00:00.000Z,אתיופיה,18,23,41
2021-07-12T00:00:00.000Z,ארצות הברית,706,1410,2116
2021-07-12T00:00:00.000Z,אקואדור,3,0,3
2021-07-12T00:00:00.000Z,אנדורה,1,0,1
2021-07-12T00:00:00.000Z,אלבניה,1,2,3
2021-07-12T00:00:00.000Z,אירלנד,3,7,10
2021-07-12T00:00:00.000Z,איסלנד,63,0,63
2021-07-12T00:00:00.000Z,אינדונזיה,3,3,6
2021-07-12T00:00:00.000Z,איי סיישל,11,4,15
2021-07-12T00:00:00.000Z,איטליה,470,61,531
2021-07-12T00:00:00.000Z,אזרביג'אן,0,3,3
2021-07-12T00:00:00.000Z,אוקראינה,464,245,709
2021-07-12T00:00:00.000Z,אוסטריה,558,80,638
2021-07-12T00:00:00.000Z,אוזבקיסטן,70,107,177
2021-07-12T00:00:00.000Z,אבחזיסטאן,1,0,1
2021-07-12T00:00:00.000Z,איחוד האמירויות הערב,45,11,56
2021-07-12T00:00:00.000Z,תורכמניסטאן,5,3,8
2021-07-12T00:00:00.000Z,תורכיה,1409,568,1977
2021-07-12T00:00:00.000Z,תאילנד,2,0,2
2021-07-12T00:00:00.000Z,שוויץ,231,75,306
2021-07-12T00:00:00.000Z,שוודיה,7,8,15
2021-07-12T00:00:00.000Z,רוסיה,32,37,69
2021-07-12T00:00:00.000Z,רומניה,420,69,489
2021-07-12T00:00:00.000Z,רואנדה,3,0,3
2021-07-12T00:00:00.000Z,קרואטיה,9,3,12
2021-07-12T00:00:00.000Z,קפריסין,668,58,726
2021-07-12T00:00:00.000Z,קניה,7,13,20
2021-07-12T00:00:00.000Z,קנדה,3,20,23
2021-07-12T00:00:00.000Z,קירג'זסטאן,2,1,3
2021-07-12T00:00:00.000Z,קטר,1,0,1
2021-07-12T00:00:00.000Z,קזחסטאן,1,0,1
2021-07-12T00:00:00.000Z,קוריאה הדרומית,0,1,1
2021-07-12T00:00:00.000Z,קוסטה ריקה,8,1,9
2021-07-12T00:00:00.000Z,קולומביה,2,3,5
2021-07-12T00:00:00.000Z,צרפת,257,252,509
2021-07-12T00:00:00.000Z,צכיה,196,14,210
2021-07-12T00:00:00.000Z,צ'ילה,3,1,4
2021-07-12T00:00:00.000Z,פרו,1,0,1
2021-07-12T00:00:00.000Z,פנמה,4,7,11
2021-07-12T00:00:00.000Z,פינלנד,1,0,1
2021-07-12T00:00:00.000Z,פיליפינים,1,10,11
2021-07-12T00:00:00.000Z,פורטוגל,99,13,112
2021-07-12T00:00:00.000Z,פולין,57,14,71
2021-07-13T00:00:00.000Z,כלל המדינות,9979,6182,16161
2021-07-13T00:00:00.000Z,איחוד האמירויות הערב,38,11,49
2021-07-13T00:00:00.000Z,אוזבקיסטן,0,3,3
2021-07-13T00:00:00.000Z,אוסטריה,231,69,300
2021-07-13T00:00:00.000Z,אוסטרליה,5,3,8
2021-07-13T00:00:00.000Z,אוקראינה,276,156,432
2021-07-13T00:00:00.000Z,אורגוואי,0,3,3
2021-07-13T00:00:00.000Z,אזרביג'אן,5,0,5
2021-07-13T00:00:00.000Z,איטליה,269,40,309
2021-07-13T00:00:00.000Z,איי טורקס וקייקוס,1,0,1
2021-07-13T00:00:00.000Z,איי סיישל,4,5,9
2021-07-13T00:00:00.000Z,איסלנד,92,3,95
2021-07-13T00:00:00.000Z,אלבניה,92,2,94
2021-07-13T00:00:00.000Z,אנגולה,1,0,1
2021-07-13T00:00:00.000Z,אסטוניה,22,4,26
2021-07-13T00:00:00.000Z,אפגניסטן,3,0,3
2021-07-13T00:00:00.000Z,אקואדור,1,1,2
2021-07-13T00:00:00.000Z,ארמניה,2,2,4
2021-07-13T00:00:00.000Z,ארצות הברית,604,950,1554
2021-07-13T00:00:00.000Z,אתיופיה,6,10,16
2021-07-13T00:00:00.000Z,בולגריה,328,28,356
2021-07-13T00:00:00.000Z,בוסניה הרצגובינה,3,5,8
2021-07-13T00:00:00.000Z,בילורוסיה,2,0,2
2021-07-13T00:00:00.000Z,בלגיה,3,6,9
2021-07-13T00:00:00.000Z,ברזיל,0,2,2
2021-07-13T00:00:00.000Z,גאורגיה,337,40,377
2021-07-13T00:00:00.000Z,גאנה,1,1,2
2021-07-13T00:00:00.000Z,גווטאמלה,1,0,1
2021-07-13T00:00:00.000Z,גרמניה,405,102,507
2021-07-13T00:00:00.000Z,דנמרק,6,3,9
2021-07-13T00:00:00.000Z,דרום אפריקה,3,8,11
2021-07-13T00:00:00.000Z,הולנד,303,39,342
2021-07-13T00:00:00.000Z,הונג קונג,3,12,15
2021-07-13T00:00:00.000Z,הונגריה,125,49,174
2021-07-13T00:00:00.000Z,הממלכה המאוחדת,616,194,810
2021-07-13T00:00:00.000Z,הרפ הדומיניקנית,1,0,1
2021-07-13T00:00:00.000Z,זאיר,1,1,2
2021-07-13T00:00:00.000Z,טנזניה,8,0,8
2021-07-13T00:00:00.000Z,יוון,1849,124,1973
2021-07-13T00:00:00.000Z,ירדן,75,51,126
2021-07-13T00:00:00.000Z,אוגנדה,0,1,1
2021-07-13T00:00:00.000Z,לטביה,36,10,46
2021-07-13T00:00:00.000Z,ליטא,3,0,3
2021-07-13T00:00:00.000Z,מוזמביק,2,0,2
2021-07-13T00:00:00.000Z,מולדובה,57,15,72
2021-07-13T00:00:00.000Z,מלדיבים,20,7,27
2021-07-13T00:00:00.000Z,מלטה,4,0,4
2021-07-13T00:00:00.000Z,מצרים,477,82,559
2021-07-13T00:00:00.000Z,מקסיקו,5,5,10
2021-07-13T00:00:00.000Z,מרוקו,1,1,2
2021-07-13T00:00:00.000Z,ניגריה,7,0,7
2021-07-13T00:00:00.000Z,ניו זילנד,0,4,4
2021-07-13T00:00:00.000Z,סין,0,3,3
2021-07-13T00:00:00.000Z,סלובניה,1,0,1
2021-07-13T00:00:00.000Z,ספרד,229,41,270
2021-07-13T00:00:00.000Z,סרביה,67,9,76
2021-07-13T00:00:00.000Z,סרי לנקה (צילון),0,1,1
2021-07-13T00:00:00.000Z,פולין,152,16,168
2021-07-13T00:00:00.000Z,פורטוגל,18,9,27
2021-07-13T00:00:00.000Z,פיליפינים,1,2,3
2021-07-13T00:00:00.000Z,פינלנד,1,3,4
2021-07-13T00:00:00.000Z,פנמה,4,11,15
2021-07-13T00:00:00.000Z,צכיה,174,6,180
2021-07-13T00:00:00.000Z,צרפת,316,230,546
2021-07-13T00:00:00.000Z,קולומביה,1,4,5
2021-07-13T00:00:00.000Z,קוסובו,1,2,3
2021-07-13T00:00:00.000Z,קוסטה ריקה,9,0,9
2021-07-13T00:00:00.000Z,קוריאה הדרומית,1,0,1
2021-07-13T00:00:00.000Z,קזחסטאן,1,1,2
2021-07-13T00:00:00.000Z,קנדה,6,118,124
2021-07-13T00:00:00.000Z,קניה,6,0,6
2021-07-13T00:00:00.000Z,קפריסין,573,85,658
2021-07-13T00:00:00.000Z,קרואטיה,10,3,13
2021-07-13T00:00:00.000Z,רומניה,225,89,314
2021-07-13T00:00:00.000Z,רוסיה,14,15,29
2021-07-13T00:00:00.000Z,רפ מרכז אפריקנית,3,0,3
2021-07-13T00:00:00.000Z,שוודיה,5,6,11
2021-07-13T00:00:00.000Z,שוויץ,154,65,219
2021-07-13T00:00:00.000Z,תאילנד,10,223,233
2021-07-13T00:00:00.000Z,תורכיה,928,412,1340
2021-07-13T00:00:00.000Z,תורכמניסטאן,12,5,17
2021-07-14T00:00:00.000Z,רוסיה,34,40,74
2021-07-14T00:00:00.000Z,שוודיה,6,5,11
2021-07-14T00:00:00.000Z,שוויץ,104,63,167
2021-07-14T00:00:00.000Z,תאילנד,2,4,6
2021-07-14T00:00:00.000Z,תורכיה,944,442,1386
2021-07-14T00:00:00.000Z,תורכמניסטאן,12,4,16
2021-07-14T00:00:00.000Z,דרום אפריקה,1,2,3
2021-07-14T00:00:00.000Z,האנטילים ההולנדים,2,0,2
2021-07-14T00:00:00.000Z,הודו,0,9,9
2021-07-14T00:00:00.000Z,הולנד,303,91,394
2021-07-14T00:00:00.000Z,הונגריה,60,44,104
2021-07-14T00:00:00.000Z,הממלכה המאוחדת,198,148,346
2021-07-14T00:00:00.000Z,ונצואלה,0,8,8
2021-07-14T00:00:00.000Z,איחוד האמירויות הערב,90,26,116
2021-07-14T00:00:00.000Z,טנזניה,101,6,107
2021-07-14T00:00:00.000Z,יוון,1220,126,1346
2021-07-14T00:00:00.000Z,יפן,0,4,4
2021-07-14T00:00:00.000Z,זמביה,2,0,2
2021-07-14T00:00:00.000Z,אוגנדה,3,0,3
2021-07-14T00:00:00.000Z,אוזבקיסטן,2,2,4
2021-07-14T00:00:00.000Z,אוסטריה,242,54,296
2021-07-14T00:00:00.000Z,אוסטרליה,1,16,17
2021-07-14T00:00:00.000Z,אוקראינה,375,219,594
2021-07-14T00:00:00.000Z,אורגוואי,1,1,2
2021-07-14T00:00:00.000Z,אזרביג'אן,10,3,13
2021-07-14T00:00:00.000Z,איטליה,348,87,435
2021-07-14T00:00:00.000Z,איי סיישל,68,7,75
2021-07-14T00:00:00.000Z,אינדונזיה,2,0,2
2021-07-14T00:00:00.000Z,איסלנד,19,1,20
2021-07-14T00:00:00.000Z,אירלנד,6,2,8
2021-07-14T00:00:00.000Z,אלבניה,1,0,1
2021-07-14T00:00:00.000Z,אסטוניה,2,0,2
2021-07-14T00:00:00.000Z,ארגנטינה,2,2,4
2021-07-14T00:00:00.000Z,ארמניה,1,0,1
2021-07-14T00:00:00.000Z,ארצות הברית,720,1172,1892
2021-07-14T00:00:00.000Z,אתיופיה,7,1,8
2021-07-14T00:00:00.000Z,בוטסואנה,1,0,1
2021-07-14T00:00:00.000Z,בולגריה,242,32,274
2021-07-14T00:00:00.000Z,בילורוסיה,108,54,162
2021-07-14T00:00:00.000Z,בלגיה,89,52,141
2021-07-14T00:00:00.000Z,ברזיל,2,5,7
2021-07-14T00:00:00.000Z,גאורגיה,295,48,343
2021-07-14T00:00:00.000Z,גאנה,3,1,4
2021-07-14T00:00:00.000Z,גרמניה,356,134,490
2021-07-14T00:00:00.000Z,דנמרק,18,12,30
2021-07-14T00:00:00.000Z,ירדן,93,64,157
2021-07-14T00:00:00.000Z,כלל המדינות,9260,7308,16568
2021-07-14T00:00:00.000Z,ליבריה,0,1,1
2021-07-14T00:00:00.000Z,מונטנגרו,135,5,140
2021-07-14T00:00:00.000Z,מיאנמר (בורמה),0,1,1
2021-07-14T00:00:00.000Z,מלדיבים,3,0,3
2021-07-14T00:00:00.000Z,מלטה,8,0,8
2021-07-14T00:00:00.000Z,מצרים,411,92,503
2021-07-14T00:00:00.000Z,מקדוניה,1,0,1
2021-07-14T00:00:00.000Z,מקסיקו,1,10,11
2021-07-14T00:00:00.000Z,מרוקו,3,1,4
2021-07-14T00:00:00.000Z,נורבגיה,1,4,5
2021-07-14T00:00:00.000Z,ניגריה,1,0,1
2021-07-14T00:00:00.000Z,סין,3,32,35
2021-07-14T00:00:00.000Z,סינגפור,1,1,2
2021-07-14T00:00:00.000Z,סלובניה,118,19,137
2021-07-14T00:00:00.000Z,סלובקיה,1,0,1
2021-07-14T00:00:00.000Z,ספרד,132,37,169
2021-07-14T00:00:00.000Z,סרביה,58,7,65
2021-07-14T00:00:00.000Z,סרי לנקה (צילון),0,2,2
2021-07-14T00:00:00.000Z,ערב הסעודית,0,1,1
2021-07-14T00:00:00.000Z,פולין,80,8,88
2021-07-14T00:00:00.000Z,פורטו ריקו,0,4,4
2021-07-14T00:00:00.000Z,פורטוגל,108,24,132
2021-07-14T00:00:00.000Z,פיליפינים,0,8,8
2021-07-14T00:00:00.000Z,פינלנד,0,2,2
2021-07-14T00:00:00.000Z,פנמה,0,2,2
2021-07-14T00:00:00.000Z,פרגוואי,1,1,2
2021-07-14T00:00:00.000Z,פרו,1,7,8
2021-07-14T00:00:00.000Z,צכיה,57,5,62
2021-07-14T00:00:00.000Z,צרפת,512,517,1029
2021-07-14T00:00:00.000Z,קוסובו,1,1,2
2021-07-14T00:00:00.000Z,קוסטה ריקה,13,0,13
2021-07-14T00:00:00.000Z,קזחסטאן,6,4,10
2021-07-14T00:00:00.000Z,קירג'זסטאן,14,1,15
2021-07-14T00:00:00.000Z,קמבודיה,0,10,10
2021-07-14T00:00:00.000Z,קנדה,16,148,164
2021-07-14T00:00:00.000Z,קניה,3,2,5
2021-07-14T00:00:00.000Z,קפריסין,352,79,431
2021-07-14T00:00:00.000Z,קרואטיה,16,12,28
2021-07-14T00:00:00.000Z,רומניה,352,166,518
2021-07-15T00:00:00.000Z,יפן,1,1,2
2021-07-15T00:00:00.000Z,תורכמניסטאן,11,8,19
2021-07-15T00:00:00.000Z,תוניסיה,1,0,1
2021-07-15T00:00:00.000Z,תאילנד,30,36,66
2021-07-15T00:00:00.000Z,שוויץ,163,91,254
2021-07-15T00:00:00.000Z,שוודיה,16,6,22
2021-07-15T00:00:00.000Z,רוסיה,72,136,208
2021-07-15T00:00:00.000Z,רומניה,202,73,275
2021-07-15T00:00:00.000Z,רואנדה,2,0,2
2021-07-15T00:00:00.000Z,קרואטיה,4,0,4
2021-07-15T00:00:00.000Z,קפריסין,486,108,594
2021-07-15T00:00:00.000Z,קניה,6,0,6
2021-07-15T00:00:00.000Z,קנדה,4,11,15
2021-07-15T00:00:00.000Z,קמרון,1,0,1
2021-07-15T00:00:00.000Z,קירג'זסטאן,34,2,36
2021-07-15T00:00:00.000Z,קזחסטאן,56,6,62
2021-07-15T00:00:00.000Z,קוסטה ריקה,8,1,9
2021-07-15T00:00:00.000Z,קולומביה,2,11,13
2021-07-15T00:00:00.000Z,צרפת,511,365,876
2021-07-15T00:00:00.000Z,צכיה,53,13,66
2021-07-15T00:00:00.000Z,צ'ילה,1,0,1
2021-07-15T00:00:00.000Z,צאד,3,0,3
2021-07-15T00:00:00.000Z,פרו,4,0,4
2021-07-15T00:00:00.000Z,פנמה,9,32,41
2021-07-15T00:00:00.000Z,פינלנד,4,0,4
2021-07-15T00:00:00.000Z,פיליפינים,0,15,15
2021-07-15T00:00:00.000Z,פורטוגל,15,6,21
2021-07-15T00:00:00.000Z,פולין,97,40,137
2021-07-15T00:00:00.000Z,סרביה,3,3,6
2021-07-15T00:00:00.000Z,ספרד,285,82,367
2021-07-15T00:00:00.000Z,סינגפור,1,0,1
2021-07-15T00:00:00.000Z,סין,0,5,5
2021-07-15T00:00:00.000Z,סוריה,6,6,12
2021-07-15T00:00:00.000Z,נפאל,1,0,1
2021-07-15T00:00:00.000Z,נמיביה,4,0,4
2021-07-15T00:00:00.000Z,ניגריה,2,2,4
2021-07-15T00:00:00.000Z,מרוקו,7,11,18
2021-07-15T00:00:00.000Z,מקסיקו,0,3,3
2021-07-15T00:00:00.000Z,מקדוניה,2,0,2
2021-07-15T00:00:00.000Z,מצרים,478,141,619
2021-07-15T00:00:00.000Z,מלטה,3,1,4
2021-07-15T00:00:00.000Z,מלדיבים,8,1,9
2021-07-15T00:00:00.000Z,מונטנגרו,3,0,3
2021-07-15T00:00:00.000Z,מולדובה,107,46,153
2021-07-15T00:00:00.000Z,מוזמביק,2,0,2
2021-07-15T00:00:00.000Z,לסוטו,1,0,1
2021-07-15T00:00:00.000Z,ליטא,85,5,90
2021-07-15T00:00:00.000Z,לטביה,2,0,2
2021-07-15T00:00:00.000Z,כלל המדינות,11638,8959,20597
2021-07-15T00:00:00.000Z,ירדן,286,114,400
2021-07-15T00:00:00.000Z,תורכיה,1011,384,1395
2021-07-15T00:00:00.000Z,יוון,2240,260,2500
2021-07-15T00:00:00.000Z,טנזניה,7,0,7
2021-07-15T00:00:00.000Z,טיוואן,1,3,4
2021-07-15T00:00:00.000Z,חוף השנהב,3,0,3
2021-07-15T00:00:00.000Z,זמביה,10,6,16
2021-07-15T00:00:00.000Z,זימבאבווה,1,0,1
2021-07-15T00:00:00.000Z,זאיר,3,0,3
2021-07-15T00:00:00.000Z,הרפ הדומיניקנית,2,0,2
2021-07-15T00:00:00.000Z,הממלכה המאוחדת,302,407,709
2021-07-15T00:00:00.000Z,הונגריה,175,96,271
2021-07-15T00:00:00.000Z,הולנד,143,47,190
2021-07-15T00:00:00.000Z,הודו,1,0,1
2021-07-15T00:00:00.000Z,האנטילים ההולנדים,3,1,4
2021-07-15T00:00:00.000Z,דרום סודאן,1,0,1
2021-07-15T00:00:00.000Z,דרום אפריקה,1,3,4
2021-07-15T00:00:00.000Z,דנמרק,10,18,28
2021-07-15T00:00:00.000Z,דומיניקה,1,0,1
2021-07-15T00:00:00.000Z,גרמניה,292,136,428
2021-07-15T00:00:00.000Z,גווטאמלה,3,0,3
2021-07-15T00:00:00.000Z,גאנה,2,1,3
2021-07-15T00:00:00.000Z,גאורגיה,764,96,860
2021-07-15T00:00:00.000Z,ברזיל,1,3,4
2021-07-15T00:00:00.000Z,בלגיה,33,47,80
2021-07-15T00:00:00.000Z,בחריין,7,0,7
2021-07-15T00:00:00.000Z,בוליביה,3,0,3
2021-07-15T00:00:00.000Z,בולגריה,456,57,513
2021-07-15T00:00:00.000Z,בוטסואנה,1,0,1
2021-07-15T00:00:00.000Z,אתיופיה,32,4,36
2021-07-15T00:00:00.000Z,ארצות הברית,763,1365,2128
2021-07-15T00:00:00.000Z,ארמניה,4,4,8
2021-07-15T00:00:00.000Z,ארגנטינה,1,55,56
2021-07-15T00:00:00.000Z,אקואדור,2,1,3
2021-07-15T00:00:00.000Z,אסטוניה,1,1,2
2021-07-15T00:00:00.000Z,אנגולה,1,0,1
2021-07-15T00:00:00.000Z,אלגיריה,0,1,1
2021-07-15T00:00:00.000Z,אלבניה,33,5,38
2021-07-15T00:00:00.000Z,אירלנד,2,3,5
2021-07-15T00:00:00.000Z,איסלנד,112,2,114
2021-07-15T00:00:00.000Z,איי סיישל,2,0,2
2021-07-15T00:00:00.000Z,איי טורקס וקייקוס,2,0,2
2021-07-15T00:00:00.000Z,איי גילברט ואליס,1,0,1
2021-07-15T00:00:00.000Z,איטליה,373,93,466
2021-07-15T00:00:00.000Z,אזרביג'אן,10,0,10
2021-07-15T00:00:00.000Z,אורגוואי,0,2,2
2021-07-15T00:00:00.000Z,אוקראינה,265,165,430
2021-07-15T00:00:00.000Z,אוסטרליה,1,0,1
2021-07-15T00:00:00.000Z,אוסטריה,107,35,142
2021-07-15T00:00:00.000Z,אוזבקיסטן,5,3,8
2021-07-15T00:00:00.000Z,אוגנדה,1,0,1
2021-07-15T00:00:00.000Z,איחוד האמירויות הערב,198,50,248
2021-07-16T00:00:00.000Z,צרפת,231,145,376
2021-07-16T00:00:00.000Z,קולומביה,0,1,1
2021-07-16T00:00:00.000Z,קוסטה ריקה,18,1,19
2021-07-16T00:00:00.000Z,קזחסטאן,2,2,4
2021-07-16T00:00:00.000Z,קירג'זסטאן,1,0,1
2021-07-16T00:00:00.000Z,קנדה,20,135,155
2021-07-16T00:00:00.000Z,קניה,1,1,2
2021-07-16T00:00:00.000Z,קפריסין,447,69,516
2021-07-16T00:00:00.000Z,קרואטיה,18,5,23
2021-07-16T00:00:00.000Z,רומניה,298,64,362
2021-07-16T00:00:00.000Z,רוסיה,46,23,69
2021-07-16T00:00:00.000Z,שוודיה,12,3,15
2021-07-16T00:00:00.000Z,שוויץ,337,139,476
2021-07-16T00:00:00.000Z,תאילנד,1,0,1
2021-07-16T00:00:00.000Z,תורכיה,1080,370,1450
2021-07-16T00:00:00.000Z,תורכמניסטאן,7,2,9
2021-07-16T00:00:00.000Z,אבחזיסטאן,1,0,1
2021-07-16T00:00:00.000Z,אוזבקיסטן,5,1,6
2021-07-16T00:00:00.000Z,אוסטריה,401,73,474
2021-07-16T00:00:00.000Z,אוסטרליה,0,2,2
2021-07-16T00:00:00.000Z,אוקראינה,427,171,598
2021-07-16T00:00:00.000Z,אורגוואי,4,2,6
2021-07-16T00:00:00.000Z,אזרביג'אן,17,2,19
2021-07-16T00:00:00.000Z,איטליה,287,53,340
2021-07-16T00:00:00.000Z,איי טורקס וקייקוס,4,3,7
2021-07-16T00:00:00.000Z,איסלנד,7,0,7
2021-07-16T00:00:00.000Z,אירלנד,2,9,11
2021-07-16T00:00:00.000Z,אלבניה,5,0,5
2021-07-16T00:00:00.000Z,אנגולה,2,0,2
2021-07-16T00:00:00.000Z,ארגנטינה,1,0,1
2021-07-16T00:00:00.000Z,ארמניה,2,0,2
2021-07-16T00:00:00.000Z,ארצות הברית,1103,1148,2251
2021-07-16T00:00:00.000Z,בולגריה,261,47,308
2021-07-16T00:00:00.000Z,בוליביה,1,0,1
2021-07-16T00:00:00.000Z,בוסניה הרצגובינה,3,0,3
2021-07-16T00:00:00.000Z,בורקינה פאסו,1,0,1
2021-07-16T00:00:00.000Z,בלגיה,84,46,130
2021-07-16T00:00:00.000Z,ברזיל,3,5,8
2021-07-16T00:00:00.000Z,גאורגיה,313,52,365
2021-07-16T00:00:00.000Z,גויאנה הצרפתית,1,0,1
2021-07-16T00:00:00.000Z,גינאה,1,0,1
2021-07-16T00:00:00.000Z,גמייקה,1,0,1
2021-07-16T00:00:00.000Z,גרמניה,461,168,629
2021-07-16T00:00:00.000Z,דנמרק,9,4,13
2021-07-16T00:00:00.000Z,הולנד,218,96,314
2021-07-16T00:00:00.000Z,הונגריה,66,33,99
2021-07-16T00:00:00.000Z,הממלכה המאוחדת,211,193,404
2021-07-16T00:00:00.000Z,ונצואלה,0,3,3
2021-07-16T00:00:00.000Z,חוף השנהב,4,0,4
2021-07-16T00:00:00.000Z,טיוואן,0,1,1
2021-07-16T00:00:00.000Z,טנזניה,1,0,1
2021-07-16T00:00:00.000Z,יוון,1978,190,2168
2021-07-16T00:00:00.000Z,יפן,0,10,10
2021-07-16T00:00:00.000Z,ירדן,0,43,43
2021-07-16T00:00:00.000Z,כלל המדינות,10745,6539,17284
2021-07-16T00:00:00.000Z,איחוד האמירויות הערב,24,17,41
2021-07-16T00:00:00.000Z,לטביה,1,0,1
2021-07-16T00:00:00.000Z,מולדובה,4,1,5
2021-07-16T00:00:00.000Z,מונטנגרו,177,6,183
2021-07-16T00:00:00.000Z,מלדיבים,22,5,27
2021-07-16T00:00:00.000Z,מלטה,10,0,10
2021-07-16T00:00:00.000Z,מצרים,470,170,640
2021-07-16T00:00:00.000Z,מקדוניה,3,0,3
2021-07-16T00:00:00.000Z,מקסיקו,2,2,4
2021-07-16T00:00:00.000Z,מרוקו,5,7,12
2021-07-16T00:00:00.000Z,נורבגיה,2,1,3
2021-07-16T00:00:00.000Z,ניגריה,11,5,16
2021-07-16T00:00:00.000Z,נפאל,1,2,3
2021-07-16T00:00:00.000Z,סין,0,7,7
2021-07-16T00:00:00.000Z,ספרד,256,61,317
2021-07-16T00:00:00.000Z,סרביה,65,8,73
2021-07-16T00:00:00.000Z,סרי לנקה (צילון),1,1,2
2021-07-16T00:00:00.000Z,עירק,1,0,1
2021-07-16T00:00:00.000Z,פולין,177,7,184
2021-07-16T00:00:00.000Z,פורטוגל,25,5,30
2021-07-16T00:00:00.000Z,פיליפינים,1,2,3
2021-07-16T00:00:00.000Z,פינלנד,56,20,76
2021-07-16T00:00:00.000Z,פנמה,3,0,3
2021-07-16T00:00:00.000Z,פרגוואי,0,1,1
2021-07-16T00:00:00.000Z,פרו,1,0,1
2021-07-16T00:00:00.000Z,צ'ילה,4,0,4
2021-07-16T00:00:00.000Z,צכיה,182,34,216
2021-07-16T00:00:00.000Z,לוכסמבורג,3,3,6
2021-07-17T00:00:00.000Z,אסטוניה,7,2,9
2021-07-17T00:00:00.000Z,ארמניה,2,4,6
2021-07-17T00:00:00.000Z,ארצות הברית,483,859,1342
2021-07-17T00:00:00.000Z,אתיופיה,29,4,33
2021-07-17T00:00:00.000Z,בולגריה,94,15,109
2021-07-17T00:00:00.000Z,בוסניה הרצגובינה,4,3,7
2021-07-17T00:00:00.000Z,ברזיל,0,1,1
2021-07-17T00:00:00.000Z,גאורגיה,112,20,132
2021-07-17T00:00:00.000Z,גאנה,11,3,14
2021-07-17T00:00:00.000Z,גמייקה,0,1,1
2021-07-17T00:00:00.000Z,גרמניה,275,153,428
2021-07-17T00:00:00.000Z,דנמרק,23,9,32
2021-07-17T00:00:00.000Z,דרום אפריקה,2,12,14
2021-07-17T00:00:00.000Z,דרום סודאן,1,0,1
2021-07-17T00:00:00.000Z,האנטילים ההולנדים,3,1,4
2021-07-17T00:00:00.000Z,הולנד,186,44,230
2021-07-17T00:00:00.000Z,הונג קונג,0,1,1
2021-07-17T00:00:00.000Z,הונגריה,72,16,88
2021-07-17T00:00:00.000Z,הממלכה המאוחדת,81,126,207
2021-07-17T00:00:00.000Z,הרפ הדומיניקנית,1,1,2
2021-07-17T00:00:00.000Z,חוף השנהב,1,2,3
2021-07-17T00:00:00.000Z,טנזניה,11,2,13
2021-07-17T00:00:00.000Z,יוון,1396,123,1519
2021-07-17T00:00:00.000Z,יפן,1,0,1
2021-07-17T00:00:00.000Z,ירדן,0,24,24
2021-07-17T00:00:00.000Z,כלל המדינות,7143,4639,11782
2021-07-17T00:00:00.000Z,לוכסמבורג,1,2,3
2021-07-17T00:00:00.000Z,לטביה,60,10,70
2021-07-17T00:00:00.000Z,ליטא,4,1,5
2021-07-17T00:00:00.000Z,לסוטו,1,0,1
2021-07-17T00:00:00.000Z,מולדובה,54,50,104
2021-07-17T00:00:00.000Z,מונטנגרו,80,3,83
2021-07-17T00:00:00.000Z,מלאווי,1,0,1
2021-07-17T00:00:00.000Z,מלדיבים,7,2,9
2021-07-17T00:00:00.000Z,מצרים,641,165,806
2021-07-17T00:00:00.000Z,מרוקו,0,1,1
2021-07-17T00:00:00.000Z,נורבגיה,1,5,6
2021-07-17T00:00:00.000Z,ניגריה,7,3,10
2021-07-17T00:00:00.000Z,נמיביה,19,0,19
2021-07-17T00:00:00.000Z,סין,1,4,5
2021-07-17T00:00:00.000Z,סינגפור,2,6,8
2021-07-17T00:00:00.000Z,סלובניה,4,0,4
2021-07-17T00:00:00.000Z,סלובקיה,3,0,3
2021-07-17T00:00:00.000Z,ספרד,34,17,51
2021-07-17T00:00:00.000Z,סרביה,42,3,45
2021-07-17T00:00:00.000Z,סרי לנקה (צילון),1,0,1
2021-07-17T00:00:00.000Z,ערב הסעודית,1,0,1
2021-07-17T00:00:00.000Z,פולין,165,18,183
2021-07-17T00:00:00.000Z,פורטוגל,26,4,30
2021-07-17T00:00:00.000Z,פיליפינים,0,14,14
2021-07-17T00:00:00.000Z,פינלנד,9,10,19
2021-07-17T00:00:00.000Z,פרו,3,1,4
2021-07-17T00:00:00.000Z,צכיה,3,11,14
2021-07-17T00:00:00.000Z,צרפת,118,59,177
2021-07-17T00:00:00.000Z,קולומביה,2,4,6
2021-07-17T00:00:00.000Z,קוריאה הדרומית,0,4,4
2021-07-17T00:00:00.000Z,קזחסטאן,1,0,1
2021-07-17T00:00:00.000Z,קטר,0,2,2
2021-07-17T00:00:00.000Z,קנדה,1,5,6
2021-07-17T00:00:00.000Z,קניה,11,1,12
2021-07-17T00:00:00.000Z,קפריסין,502,58,560
2021-07-17T00:00:00.000Z,קרואטיה,24,3,27
2021-07-17T00:00:00.000Z,רואנדה,2,2,4
2021-07-17T00:00:00.000Z,רומניה,305,77,382
2021-07-17T00:00:00.000Z,רוסיה,1,0,1
2021-07-17T00:00:00.000Z,שוודיה,4,8,12
2021-07-17T00:00:00.000Z,שוויץ,86,40,126
2021-07-17T00:00:00.000Z,תורכיה,1072,444,1516
2021-07-17T00:00:00.000Z,תורכמניסטאן,8,2,10
2021-07-17T00:00:00.000Z,אוזבקיסטן,0,5,5
2021-07-17T00:00:00.000Z,אוסטריה,215,28,243
2021-07-17T00:00:00.000Z,אוסטרליה,1,1,2
2021-07-17T00:00:00.000Z,אוקראינה,175,48,223
2021-07-17T00:00:00.000Z,אזרביג'אן,4,1,5
2021-07-17T00:00:00.000Z,איטליה,280,70,350
2021-07-17T00:00:00.000Z,איסלנד,65,0,65
2021-07-17T00:00:00.000Z,אירלנד,0,2,2
2021-07-17T00:00:00.000Z,אנגולה,2,0,2
2021-07-17T00:00:00.000Z,איחוד האמירויות הערב,15,11,26
2021-07-18T00:00:00.000Z,ארמניה,1,0,1
2021-07-18T00:00:00.000Z,פיליפינים,1,0,1
2021-07-18T00:00:00.000Z,פולין,55,2,57
2021-07-18T00:00:00.000Z,עירק,1,0,1
2021-07-18T00:00:00.000Z,עומן,0,1,1
2021-07-18T00:00:00.000Z,סרביה,3,0,3
2021-07-18T00:00:00.000Z,ספרד,275,94,369
2021-07-18T00:00:00.000Z,סלובניה,2,0,2
2021-07-18T00:00:00.000Z,סינגפור,0,1,1
2021-07-18T00:00:00.000Z,ניגריה,4,1,5
2021-07-18T00:00:00.000Z,ניגר,0,1,1
2021-07-18T00:00:00.000Z,נורבגיה,0,3,3
2021-07-18T00:00:00.000Z,מרוקו,5,0,5
2021-07-18T00:00:00.000Z,מקדוניה,0,2,2
2021-07-18T00:00:00.000Z,מצרים,529,119,648
2021-07-18T00:00:00.000Z,מלטה,1,0,1
2021-07-18T00:00:00.000Z,מלדיבים,29,2,31
2021-07-18T00:00:00.000Z,מונטנגרו,1,0,1
2021-07-18T00:00:00.000Z,מולדובה,116,71,187
2021-07-18T00:00:00.000Z,מאלי,3,1,4
2021-07-18T00:00:00.000Z,ליטא,66,6,72
2021-07-18T00:00:00.000Z,לבנון,0,2,2
2021-07-18T00:00:00.000Z,כלל המדינות,12455,7892,20347
2021-07-18T00:00:00.000Z,ירדן,261,130,391
2021-07-18T00:00:00.000Z,אבחזיסטאן,1,0,1
2021-07-18T00:00:00.000Z,אוזבקיסטן,2,1,3
2021-07-18T00:00:00.000Z,אוסטריה,169,19,188
2021-07-18T00:00:00.000Z,אוסטרליה,3,6,9
2021-07-18T00:00:00.000Z,אוקראינה,389,163,552
2021-07-18T00:00:00.000Z,אורגוואי,2,4,6
2021-07-18T00:00:00.000Z,אזרביג'אן,29,24,53
2021-07-18T00:00:00.000Z,איטליה,458,78,536
2021-07-18T00:00:00.000Z,איי טורקס וקייקוס,7,1,8
2021-07-18T00:00:00.000Z,איסלנד,38,1,39
2021-07-18T00:00:00.000Z,אירלנד,3,1,4
2021-07-18T00:00:00.000Z,אלבניה,56,10,66
2021-07-18T00:00:00.000Z,אסטוניה,10,3,13
2021-07-18T00:00:00.000Z,ארגנטינה,0,1,1
2021-07-18T00:00:00.000Z,פורטוגל,12,0,12
2021-07-18T00:00:00.000Z,ארצות הברית,460,593,1053
2021-07-18T00:00:00.000Z,בולגריה,518,30,548
2021-07-18T00:00:00.000Z,בוסניה הרצגובינה,13,0,13
2021-07-18T00:00:00.000Z,בחריין,0,2,2
2021-07-18T00:00:00.000Z,בילורוסיה,115,32,147
2021-07-18T00:00:00.000Z,בלגיה,47,35,82
2021-07-18T00:00:00.000Z,ברזיל,2,3,5
2021-07-18T00:00:00.000Z,גאורגיה,749,103,852
2021-07-18T00:00:00.000Z,גאנה,0,8,8
2021-07-18T00:00:00.000Z,גווטאמלה,0,1,1
2021-07-18T00:00:00.000Z,גרמניה,323,243,566
2021-07-18T00:00:00.000Z,דנמרק,19,6,25
2021-07-18T00:00:00.000Z,דרום אפריקה,2,5,7
2021-07-18T00:00:00.000Z,האנטילים ההולנדים,1,3,4
2021-07-18T00:00:00.000Z,יפן,1,4,5
2021-07-18T00:00:00.000Z,הולנד,92,53,145
2021-07-18T00:00:00.000Z,הונגריה,60,12,72
2021-07-18T00:00:00.000Z,איחוד האמירויות הערב,38,26,64
2021-07-18T00:00:00.000Z,תורכמניסטאן,2,0,2
2021-07-18T00:00:00.000Z,תורכיה,1274,535,1809
2021-07-18T00:00:00.000Z,תאילנד,97,10,107
2021-07-18T00:00:00.000Z,שוויץ,240,117,357
2021-07-18T00:00:00.000Z,שוודיה,8,11,19
2021-07-18T00:00:00.000Z,רוסיה,28,28,56
2021-07-18T00:00:00.000Z,רומניה,221,16,237
2021-07-18T00:00:00.000Z,רואנדה,1,4,5
2021-07-18T00:00:00.000Z,ראוניון,1,0,1
2021-07-18T00:00:00.000Z,קרואטיה,5,1,6
2021-07-18T00:00:00.000Z,קפריסין,964,92,1056
2021-07-18T00:00:00.000Z,קנדה,14,117,131
2021-07-18T00:00:00.000Z,קמרון,1,0,1
2021-07-18T00:00:00.000Z,קירג'זסטאן,5,0,5
2021-07-18T00:00:00.000Z,קזחסטאן,0,7,7
2021-07-18T00:00:00.000Z,קוריאה הדרומית,4,7,11
2021-07-18T00:00:00.000Z,קוסטה ריקה,6,0,6
2021-07-18T00:00:00.000Z,צרפת,429,275,704
2021-07-18T00:00:00.000Z,צכיה,72,4,76
2021-07-18T00:00:00.000Z,צ'ילה,0,1,1
2021-07-18T00:00:00.000Z,פרו,2,2,4
2021-07-18T00:00:00.000Z,פנמה,0,1,1
2021-07-18T00:00:00.000Z,פינלנד,3,0,3
2021-07-18T00:00:00.000Z,הממלכה המאוחדת,281,270,551
2021-07-18T00:00:00.000Z,הרפ הדומיניקנית,2,0,2
2021-07-18T00:00:00.000Z,יוון,2912,191,3103
2021-07-19T00:00:00.000Z,ספרד,210,51,261
2021-07-19T00:00:00.000Z,מקדוניה,5,0,5
2021-07-19T00:00:00.000Z,אוסטריה,446,74,520
2021-07-19T00:00:00.000Z,אוסטרליה,0,2,2
2021-07-19T00:00:00.000Z,אוקראינה,399,143,542
2021-07-19T00:00:00.000Z,אורגוואי,0,1,1
2021-07-19T00:00:00.000Z,אזרביג'אן,3,1,4
2021-07-19T00:00:00.000Z,איטליה,519,86,605
2021-07-19T00:00:00.000Z,איי גילברט ואליס,1,0,1
2021-07-19T00:00:00.000Z,איי סיישל,1,0,1
2021-07-19T00:00:00.000Z,אינדונזיה,0,1,1
2021-07-19T00:00:00.000Z,איסלנד,79,2,81
2021-07-19T00:00:00.000Z,אירלנד,0,3,3
2021-07-19T00:00:00.000Z,אלבניה,1,0,1
2021-07-19T00:00:00.000Z,אנגולה,3,0,3
2021-07-19T00:00:00.000Z,אסטוניה,2,0,2
2021-07-19T00:00:00.000Z,אקואדור,2,0,2
2021-07-19T00:00:00.000Z,ארמניה,3,1,4
2021-07-19T00:00:00.000Z,ארצות הברית,661,1004,1665
2021-07-19T00:00:00.000Z,אתיופיה,15,9,24
2021-07-19T00:00:00.000Z,בוטסואנה,2,0,2
2021-07-19T00:00:00.000Z,בולגריה,467,43,510
2021-07-19T00:00:00.000Z,בלגיה,34,34,68
2021-07-19T00:00:00.000Z,ברזיל,1,12,13
2021-07-19T00:00:00.000Z,גאורגיה,646,59,705
2021-07-19T00:00:00.000Z,גאנה,1,7,8
2021-07-19T00:00:00.000Z,גרמניה,386,140,526
2021-07-19T00:00:00.000Z,דנמרק,23,3,26
2021-07-19T00:00:00.000Z,דרום אפריקה,1,1,2
2021-07-19T00:00:00.000Z,האנטילים ההולנדים,1,0,1
2021-07-19T00:00:00.000Z,הודו,17,11,28
2021-07-19T00:00:00.000Z,הולנד,335,86,421
2021-07-19T00:00:00.000Z,הונג קונג,1,2,3
2021-07-19T00:00:00.000Z,מצרים,290,79,369
2021-07-19T00:00:00.000Z,מלטה,2,0,2
2021-07-19T00:00:00.000Z,מלדיבים,49,1,50
2021-07-19T00:00:00.000Z,איחוד האמירויות הערב,33,14,47
2021-07-19T00:00:00.000Z,מונטנגרו,86,3,89
2021-07-19T00:00:00.000Z,מולדובה,0,1,1
2021-07-19T00:00:00.000Z,מאלי,1,0,1
2021-07-19T00:00:00.000Z,ליטא,5,1,6
2021-07-19T00:00:00.000Z,לטביה,0,1,1
2021-07-19T00:00:00.000Z,לוכסמבורג,0,5,5
2021-07-19T00:00:00.000Z,כלל המדינות,11550,6293,17843
2021-07-19T00:00:00.000Z,ירדן,97,54,151
2021-07-19T00:00:00.000Z,יפן,1,2,3
2021-07-19T00:00:00.000Z,יוון,2449,189,2638
2021-07-19T00:00:00.000Z,טנזניה,4,1,5
2021-07-19T00:00:00.000Z,טיוואן,0,1,1
2021-07-19T00:00:00.000Z,טוגו,1,0,1
2021-07-19T00:00:00.000Z,זמביה,1,0,1
2021-07-19T00:00:00.000Z,זאיר,2,0,2
2021-07-19T00:00:00.000Z,הממלכה המאוחדת,159,200,359
2021-07-19T00:00:00.000Z,הונגריה,71,18,89
2021-07-19T00:00:00.000Z,מקסיקו,0,1,1
2021-07-19T00:00:00.000Z,מרוקו,3,3,6
2021-07-19T00:00:00.000Z,נורבגיה,0,2,2
2021-07-19T00:00:00.000Z,ניגריה,6,1,7
2021-07-19T00:00:00.000Z,סין,1,2,3
2021-07-19T00:00:00.000Z,סינגפור,0,5,5
2021-07-19T00:00:00.000Z,סלובקיה,0,1,1
2021-07-19T00:00:00.000Z,סנגל,1,0,1
2021-07-19T00:00:00.000Z,אוזבקיסטן,11,6,17
2021-07-19T00:00:00.000Z,סרביה,60,8,68
2021-07-19T00:00:00.000Z,סרי לנקה (צילון),0,2,2
2021-07-19T00:00:00.000Z,פולין,102,10,112
2021-07-19T00:00:00.000Z,פורטוגל,114,12,126
2021-07-19T00:00:00.000Z,תורכמניסטאן,10,9,19
2021-07-19T00:00:00.000Z,תורכיה,898,330,1228
2021-07-19T00:00:00.000Z,שוויץ,162,57,219
2021-07-19T00:00:00.000Z,שוודיה,14,3,17
2021-07-19T00:00:00.000Z,רוסיה,69,83,152
2021-07-19T00:00:00.000Z,רומניה,375,53,428
2021-07-19T00:00:00.000Z,רואנדה,3,0,3
2021-07-19T00:00:00.000Z,קרואטיה,33,2,35
2021-07-19T00:00:00.000Z,קפריסין,670,104,774
2021-07-19T00:00:00.000Z,קניה,4,0,4
2021-07-19T00:00:00.000Z,קנדה,2,5,7
2021-07-19T00:00:00.000Z,קירג'זסטאן,0,1,1
2021-07-19T00:00:00.000Z,קזחסטאן,1,4,5
2021-07-19T00:00:00.000Z,קוריאה הדרומית,0,1,1
2021-07-19T00:00:00.000Z,קוסטה ריקה,8,2,10
2021-07-19T00:00:00.000Z,קולומביה,2,3,5
2021-07-19T00:00:00.000Z,צרפת,440,365,805
2021-07-19T00:00:00.000Z,צכיה,195,16,211
2021-07-19T00:00:00.000Z,צאד,1,0,1
2021-07-19T00:00:00.000Z,פרו,1,1,2
2021-07-19T00:00:00.000Z,פנמה,11,8,19
2021-07-19T00:00:00.000Z,פינלנד,6,1,7
2021-07-19T00:00:00.000Z,פיליפינים,3,17,20
2021-07-20T00:00:00.000Z,הונגריה,68,31,99
2021-07-20T00:00:00.000Z,סלובקיה,1,0,1
2021-07-20T00:00:00.000Z,סרביה,45,5,50
2021-07-20T00:00:00.000Z,סרי לנקה (צילון),0,11,11
2021-07-20T00:00:00.000Z,עירק,2,2,4
2021-07-20T00:00:00.000Z,פאפואה,2,0,2
2021-07-20T00:00:00.000Z,פולין,302,25,327
2021-07-20T00:00:00.000Z,פולינזיה הצרפתית,1,0,1
2021-07-20T00:00:00.000Z,פורטוגל,67,10,77
2021-07-20T00:00:00.000Z,פיליפינים,3,11,14
2021-07-20T00:00:00.000Z,פינלנד,0,3,3
2021-07-20T00:00:00.000Z,פנמה,4,9,13
2021-07-20T00:00:00.000Z,פרו,4,0,4
2021-07-20T00:00:00.000Z,אבחזיסטאן,2,0,2
2021-07-20T00:00:00.000Z,אוזבקיסטן,3,4,7
2021-07-20T00:00:00.000Z,אוסטריה,236,49,285
2021-07-20T00:00:00.000Z,אוסטרליה,2,0,2
2021-07-20T00:00:00.000Z,אוקראינה,223,96,319
2021-07-20T00:00:00.000Z,אורגוואי,2,8,10
2021-07-20T00:00:00.000Z,אזרביג'אן,6,2,8
2021-07-20T00:00:00.000Z,איטליה,283,80,363
2021-07-20T00:00:00.000Z,איי סיישל,2,1,3
2021-07-20T00:00:00.000Z,איסלנד,60,0,60
2021-07-20T00:00:00.000Z,אירלנד,2,2,4
2021-07-20T00:00:00.000Z,אל סלבדור,2,0,2
2021-07-20T00:00:00.000Z,אלבניה,30,4,34
2021-07-20T00:00:00.000Z,אנגולה,1,0,1
2021-07-20T00:00:00.000Z,אסטוניה,2,0,2
2021-07-20T00:00:00.000Z,אקואדור,0,1,1
2021-07-20T00:00:00.000Z,ארגנטינה,2,18,20
2021-07-20T00:00:00.000Z,ארמניה,2,1,3
2021-07-20T00:00:00.000Z,ארצות הברית,593,1212,1805
2021-07-20T00:00:00.000Z,אתיופיה,12,1,13
2021-07-20T00:00:00.000Z,בוטסואנה,1,0,1
2021-07-20T00:00:00.000Z,בולגריה,207,31,238
2021-07-20T00:00:00.000Z,בוסניה הרצגובינה,1,1,2
2021-07-20T00:00:00.000Z,בורקינה פאסו,1,0,1
2021-07-20T00:00:00.000Z,בחריין,0,1,1
2021-07-20T00:00:00.000Z,בלגיה,37,40,77
2021-07-20T00:00:00.000Z,ברזיל,0,13,13
2021-07-20T00:00:00.000Z,גאורגיה,324,55,379
2021-07-20T00:00:00.000Z,גאנה,3,0,3
2021-07-20T00:00:00.000Z,גווטאמלה,0,3,3
2021-07-20T00:00:00.000Z,גיברלטר,0,2,2
2021-07-20T00:00:00.000Z,גינאה,1,0,1
2021-07-20T00:00:00.000Z,גרמניה,415,115,530
2021-07-20T00:00:00.000Z,דנמרק,14,3,17
2021-07-20T00:00:00.000Z,דרום אפריקה,1,5,6
2021-07-20T00:00:00.000Z,הולנד,238,41,279
2021-07-20T00:00:00.000Z,ספרד,253,123,376
2021-07-20T00:00:00.000Z,הונדורס,2,0,2
2021-07-20T00:00:00.000Z,הממלכה המאוחדת,245,460,705
2021-07-20T00:00:00.000Z,הרפ הדומיניקנית,5,0,5
2021-07-20T00:00:00.000Z,ונצואלה,0,2,2
2021-07-20T00:00:00.000Z,זאיר,0,1,1
2021-07-20T00:00:00.000Z,חוף השנהב,3,0,3
2021-07-20T00:00:00.000Z,טוגו,1,0,1
2021-07-20T00:00:00.000Z,טנזניה,4,1,5
2021-07-20T00:00:00.000Z,יוון,1965,166,2131
2021-07-20T00:00:00.000Z,יפן,1,1,2
2021-07-20T00:00:00.000Z,ירדן,34,8,42
2021-07-20T00:00:00.000Z,כלל המדינות,8492,4266,12758
2021-07-20T00:00:00.000Z,לטביה,44,13,57
2021-07-20T00:00:00.000Z,ליבריה,0,5,5
2021-07-20T00:00:00.000Z,ליטא,8,0,8
2021-07-20T00:00:00.000Z,מולדובה,74,48,122
2021-07-20T00:00:00.000Z,מונטנגרו,9,0,9
2021-07-20T00:00:00.000Z,מלדיבים,20,3,23
2021-07-20T00:00:00.000Z,מלטה,4,0,4
2021-07-20T00:00:00.000Z,מצרים,0,1,1
2021-07-20T00:00:00.000Z,מקסיקו,1,43,44
2021-07-20T00:00:00.000Z,נורבגיה,0,1,1
2021-07-20T00:00:00.000Z,ניגריה,5,1,6
2021-07-20T00:00:00.000Z,נפאל,1,0,1
2021-07-20T00:00:00.000Z,סיירה ליאונה,0,1,1
2021-07-20T00:00:00.000Z,סין,1,0,1
2021-07-20T00:00:00.000Z,סלובניה,3,0,3
2021-07-20T00:00:00.000Z,צכיה,65,6,71
2021-07-20T00:00:00.000Z,צרפת,275,245,520
2021-07-20T00:00:00.000Z,קולומביה,2,1,3
2021-07-20T00:00:00.000Z,קוסובו,1,0,1
2021-07-20T00:00:00.000Z,קוסטה ריקה,2,4,6
2021-07-20T00:00:00.000Z,קוריאה הדרומית,1,0,1
2021-07-20T00:00:00.000Z,קטר,0,1,1
2021-07-20T00:00:00.000Z,קירג'זסטאן,13,0,13
2021-07-20T00:00:00.000Z,קמרון,3,2,5
2021-07-20T00:00:00.000Z,קנדה,2,10,12
2021-07-20T00:00:00.000Z,קניה,2,6,8
2021-07-20T00:00:00.000Z,קפריסין,427,81,508
2021-07-20T00:00:00.000Z,קרואטיה,17,2,19
2021-07-20T00:00:00.000Z,רואנדה,2,1,3
2021-07-20T00:00:00.000Z,רומניה,247,47,294
2021-07-20T00:00:00.000Z,רוסיה,22,74,96
2021-07-20T00:00:00.000Z,איחוד האמירויות הערב,12,10,22
2021-07-20T00:00:00.000Z,שוודיה,6,4,10
2021-07-20T00:00:00.000Z,שוויץ,166,127,293
2021-07-20T00:00:00.000Z,תאילנד,23,13,36
2021-07-20T00:00:00.000Z,תורכיה,500,245,745
2021-07-21T00:00:00.000Z,רומניה,232,41,273
2021-07-21T00:00:00.000Z,רוסיה,41,32,73
2021-07-21T00:00:00.000Z,שוודיה,2,5,7
2021-07-21T00:00:00.000Z,שוויץ,114,109,223
2021-07-21T00:00:00.000Z,תאילנד,5,0,5
2021-07-21T00:00:00.000Z,תוניסיה,1,0,1
2021-07-21T00:00:00.000Z,תורכיה,1085,582,1667
2021-07-21T00:00:00.000Z,תורכמניסטאן,13,12,25
2021-07-21T00:00:00.000Z,טנזניה,133,10,143
2021-07-21T00:00:00.000Z,אוגנדה,3,0,3
2021-07-21T00:00:00.000Z,אוזבקיסטן,7,7,14
2021-07-21T00:00:00.000Z,אוסטריה,221,58,279
2021-07-21T00:00:00.000Z,אוסטרליה,4,6,10
2021-07-21T00:00:00.000Z,אוקראינה,384,167,551
2021-07-21T00:00:00.000Z,אורגוואי,0,1,1
2021-07-21T00:00:00.000Z,אזרביג'אן,8,0,8
2021-07-21T00:00:00.000Z,איטליה,409,109,518
2021-07-21T00:00:00.000Z,איי טורקס וקייקוס,2,2,4
2021-07-21T00:00:00.000Z,איי סיישל,26,1,27
2021-07-21T00:00:00.000Z,איסלנד,9,1,10
2021-07-21T00:00:00.000Z,אירלנד,1,0,1
2021-07-21T00:00:00.000Z,אלבניה,5,2,7
2021-07-21T00:00:00.000Z,אנגולה,3,0,3
2021-07-21T00:00:00.000Z,אסטוניה,15,1,16
2021-07-21T00:00:00.000Z,אקואדור,2,1,3
2021-07-21T00:00:00.000Z,ארגנטינה,1,1,2
2021-07-21T00:00:00.000Z,ארמניה,1,0,1
2021-07-21T00:00:00.000Z,ארצות הברית,599,1507,2106
2021-07-21T00:00:00.000Z,אתיופיה,17,3,20
2021-07-21T00:00:00.000Z,בוטסואנה,10,0,10
2021-07-21T00:00:00.000Z,בולגריה,297,38,335
2021-07-21T00:00:00.000Z,בורקינה פאסו,1,0,1
2021-07-21T00:00:00.000Z,בילורוסיה,85,28,113
2021-07-21T00:00:00.000Z,בלגיה,65,116,181
2021-07-21T00:00:00.000Z,ברזיל,3,10,13
2021-07-21T00:00:00.000Z,גאורגיה,364,64,428
2021-07-21T00:00:00.000Z,גאנה,3,2,5
2021-07-21T00:00:00.000Z,גיברלטר,0,5,5
2021-07-21T00:00:00.000Z,גמביה,0,1,1
2021-07-21T00:00:00.000Z,גרמניה,384,185,569
2021-07-21T00:00:00.000Z,דנמרק,8,11,19
2021-07-21T00:00:00.000Z,דרום אפריקה,2,13,15
2021-07-21T00:00:00.000Z,דרום סודאן,2,0,2
2021-07-21T00:00:00.000Z,הולנד,174,122,296
2021-07-21T00:00:00.000Z,הונג קונג,0,2,2
2021-07-21T00:00:00.000Z,הונגריה,40,21,61
2021-07-21T00:00:00.000Z,הממלכה המאוחדת,216,465,681
2021-07-21T00:00:00.000Z,ויטנאם,1,3,4
2021-07-21T00:00:00.000Z,ונצואלה,0,3,3
2021-07-21T00:00:00.000Z,זאיר,1,0,1
2021-07-21T00:00:00.000Z,טיוואן,0,1,1
2021-07-21T00:00:00.000Z,איחוד האמירויות הערב,11,18,29
2021-07-21T00:00:00.000Z,יוון,1050,83,1133
2021-07-21T00:00:00.000Z,יפן,1,2,3
2021-07-21T00:00:00.000Z,ירדן,44,35,79
2021-07-21T00:00:00.000Z,כלל המדינות,8690,7551,16241
2021-07-21T00:00:00.000Z,לבנון,0,2,2
2021-07-21T00:00:00.000Z,ליבריה,1,0,1
2021-07-21T00:00:00.000Z,ליטא,2,0,2
2021-07-21T00:00:00.000Z,מולדובה,0,1,1
2021-07-21T00:00:00.000Z,מונטנגרו,133,4,137
2021-07-21T00:00:00.000Z,מלדיבים,14,2,16
2021-07-21T00:00:00.000Z,מלטה,3,0,3
2021-07-21T00:00:00.000Z,מצרים,233,105,338
2021-07-21T00:00:00.000Z,מקסיקו,5,2,7
2021-07-21T00:00:00.000Z,מרוקו,2,2,4
2021-07-21T00:00:00.000Z,נורבגיה,1,0,1
2021-07-21T00:00:00.000Z,ניגריה,5,0,5
2021-07-21T00:00:00.000Z,סוריה,1,1,2
2021-07-21T00:00:00.000Z,סיירה ליאונה,0,1,1
2021-07-21T00:00:00.000Z,סין,5,35,40
2021-07-21T00:00:00.000Z,סינגפור,1,0,1
2021-07-21T00:00:00.000Z,סלובניה,76,8,84
2021-07-21T00:00:00.000Z,ספרד,107,38,145
2021-07-21T00:00:00.000Z,סרביה,9,6,15
2021-07-21T00:00:00.000Z,סרי לנקה (צילון),4,0,4
2021-07-21T00:00:00.000Z,פולין,79,5,84
2021-07-21T00:00:00.000Z,פורטוגל,119,25,144
2021-07-21T00:00:00.000Z,פיליפינים,1,3,4
2021-07-21T00:00:00.000Z,פינלנד,10,0,10
2021-07-21T00:00:00.000Z,פנמה,0,2,2
2021-07-21T00:00:00.000Z,פרו,2,1,3
2021-07-21T00:00:00.000Z,צכיה,153,4,157
2021-07-21T00:00:00.000Z,צרפת,469,620,1089
2021-07-21T00:00:00.000Z,קוסטה ריקה,9,2,11
2021-07-21T00:00:00.000Z,קוריאה הדרומית,2,10,12
2021-07-21T00:00:00.000Z,קזחסטאן,0,4,4
2021-07-21T00:00:00.000Z,קירג'זסטאן,1,0,1
2021-07-21T00:00:00.000Z,קנדה,23,149,172
2021-07-21T00:00:00.000Z,קניה,5,0,5
2021-07-21T00:00:00.000Z,קפריסין,417,104,521
2021-07-21T00:00:00.000Z,קרואטיה,13,3,16
2021-07-21T00:00:00.000Z,רואנדה,1,0,1
2021-07-22T00:00:00.000Z,טנזניה,7,1,8
2021-07-22T00:00:00.000Z,אוגנדה,4,1,5
2021-07-22T00:00:00.000Z,תורכיה,2491,1227,3718
2021-07-22T00:00:00.000Z,תאילנד,36,34,70
2021-07-22T00:00:00.000Z,שוויץ,141,62,203
2021-07-22T00:00:00.000Z,שוודיה,5,9,14
2021-07-22T00:00:00.000Z,רומניה,193,47,240
2021-07-22T00:00:00.000Z,קרואטיה,2,1,3
2021-07-22T00:00:00.000Z,קפריסין,1232,274,1506
2021-07-22T00:00:00.000Z,קניה,18,0,18
2021-07-22T00:00:00.000Z,קנדה,2,15,17
2021-07-22T00:00:00.000Z,קמרון,1,0,1
2021-07-22T00:00:00.000Z,קירג'זסטאן,2,1,3
2021-07-22T00:00:00.000Z,קזחסטאן,2,2,4
2021-07-22T00:00:00.000Z,קוריאה הדרומית,7,0,7
2021-07-22T00:00:00.000Z,קוסטה ריקה,5,0,5
2021-07-22T00:00:00.000Z,קונגו,2,0,2
2021-07-22T00:00:00.000Z,קולומביה,1,12,13
2021-07-22T00:00:00.000Z,צרפת,408,426,834
2021-07-22T00:00:00.000Z,צכיה,73,10,83
2021-07-22T00:00:00.000Z,צ'ילה,0,4,4
2021-07-22T00:00:00.000Z,פרו,0,2,2
2021-07-22T00:00:00.000Z,פנמה,10,8,18
2021-07-22T00:00:00.000Z,פינלנד,5,0,5
2021-07-22T00:00:00.000Z,פיליפינים,2,6,8
2021-07-22T00:00:00.000Z,פורטוגל,23,5,28
2021-07-22T00:00:00.000Z,פולין,135,16,151
2021-07-22T00:00:00.000Z,סרביה,4,2,6
2021-07-22T00:00:00.000Z,ספרד,381,136,517
2021-07-22T00:00:00.000Z,סינגפור,0,1,1
2021-07-22T00:00:00.000Z,סין,1,0,1
2021-07-22T00:00:00.000Z,ניו זילנד,0,1,1
2021-07-22T00:00:00.000Z,ניגריה,2,2,4
2021-07-22T00:00:00.000Z,נורבגיה,0,2,2
2021-07-22T00:00:00.000Z,מרוקו,3,0,3
2021-07-22T00:00:00.000Z,מקסיקו,1,5,6
2021-07-22T00:00:00.000Z,מצרים,520,361,881
2021-07-22T00:00:00.000Z,מלדיבים,7,2,9
2021-07-22T00:00:00.000Z,מונטנגרו,1,0,1
2021-07-22T00:00:00.000Z,מולדובה,89,58,147
2021-07-22T00:00:00.000Z,לסוטו,0,1,1
2021-07-22T00:00:00.000Z,ליטא,68,12,80
2021-07-22T00:00:00.000Z,לבנון,0,9,9
2021-07-22T00:00:00.000Z,כלל המדינות,14408,9948,24356
2021-07-22T00:00:00.000Z,ירדן,486,228,714
2021-07-22T00:00:00.000Z,יפן,0,1,1
2021-07-22T00:00:00.000Z,יוון,2169,329,2498
2021-07-22T00:00:00.000Z,תורכמניסטאן,11,4,15
2021-07-22T00:00:00.000Z,טיוואן,1,0,1
2021-07-22T00:00:00.000Z,טוגו,3,0,3
2021-07-22T00:00:00.000Z,חוף השנהב,1,0,1
2021-07-22T00:00:00.000Z,הרפ הדומיניקנית,4,4,8
2021-07-22T00:00:00.000Z,הממלכה המאוחדת,567,1076,1643
2021-07-22T00:00:00.000Z,הונגריה,94,67,161
2021-07-22T00:00:00.000Z,הולנד,249,65,314
2021-07-22T00:00:00.000Z,הודו,2,0,2
2021-07-22T00:00:00.000Z,האנטילים ההולנדים,2,1,3
2021-07-22T00:00:00.000Z,דרום אפריקה,4,11,15
2021-07-22T00:00:00.000Z,דנמרק,6,9,15
2021-07-22T00:00:00.000Z,גרמניה,342,145,487
2021-07-22T00:00:00.000Z,גמייקה,1,0,1
2021-07-22T00:00:00.000Z,גינאה המשוונית,1,0,1
2021-07-22T00:00:00.000Z,גיברלטר,3,2,5
2021-07-22T00:00:00.000Z,גויאנה הצרפתית,0,3,3
2021-07-22T00:00:00.000Z,גווטאמלה,1,0,1
2021-07-22T00:00:00.000Z,גבון,1,0,1
2021-07-22T00:00:00.000Z,גאנה,2,3,5
2021-07-22T00:00:00.000Z,גאורגיה,1128,162,1290
2021-07-22T00:00:00.000Z,ברזיל,4,11,15
2021-07-22T00:00:00.000Z,בלגיה,36,86,122
2021-07-22T00:00:00.000Z,איחוד האמירויות הערב,24,5,29
2021-07-22T00:00:00.000Z,בורקינה פאסו,1,0,1
2021-07-22T00:00:00.000Z,בוסניה הרצגובינה,0,2,2
2021-07-22T00:00:00.000Z,בוליביה,5,0,5
2021-07-22T00:00:00.000Z,בולגריה,517,88,605
2021-07-22T00:00:00.000Z,אתיופיה,17,7,24
2021-07-22T00:00:00.000Z,ארצות הברית,771,1357,2128
2021-07-22T00:00:00.000Z,ארמניה,8,9,17
2021-07-22T00:00:00.000Z,ארגנטינה,3,15,18
2021-07-22T00:00:00.000Z,אסטוניה,1,0,1
2021-07-22T00:00:00.000Z,אנטיגואה וברבודה,0,1,1
2021-07-22T00:00:00.000Z,אלבניה,37,2,39
2021-07-22T00:00:00.000Z,אירלנד,0,4,4
2021-07-22T00:00:00.000Z,איסלנד,122,1,123
2021-07-22T00:00:00.000Z,אינדונזיה,0,2,2
2021-07-22T00:00:00.000Z,איי קוק,1,0,1
2021-07-22T00:00:00.000Z,איי סיישל,3,0,3
2021-07-22T00:00:00.000Z,איטליה,390,118,508
2021-07-22T00:00:00.000Z,אזרביג'אן,15,1,16
2021-07-22T00:00:00.000Z,אורגוואי,1,0,1
2021-07-22T00:00:00.000Z,אוקראינה,348,161,509
2021-07-22T00:00:00.000Z,אוסטרליה,1,4,5
2021-07-22T00:00:00.000Z,אוסטריה,132,87,219
2021-07-22T00:00:00.000Z,אוזבקיסטן,4,0,4
2021-07-22T00:00:00.000Z,רוסיה,49,98,147
2021-07-23T00:00:00.000Z,צכיה,215,27,242
2021-07-23T00:00:00.000Z,צרפת,373,213,586
2021-07-23T00:00:00.000Z,קובה,0,1,1
2021-07-23T00:00:00.000Z,קולומביה,3,1,4
2021-07-23T00:00:00.000Z,קוסטה ריקה,4,1,5
2021-07-23T00:00:00.000Z,קוריאה הדרומית,4,0,4
2021-07-23T00:00:00.000Z,קזחסטאן,4,3,7
2021-07-23T00:00:00.000Z,קירג'זסטאן,21,0,21
2021-07-23T00:00:00.000Z,קנדה,27,98,125
2021-07-23T00:00:00.000Z,קניה,4,0,4
2021-07-23T00:00:00.000Z,קפריסין,291,119,410
2021-07-23T00:00:00.000Z,קרואטיה,14,3,17
2021-07-23T00:00:00.000Z,רומניה,378,73,451
2021-07-23T00:00:00.000Z,רוסיה,46,25,71
2021-07-23T00:00:00.000Z,שוודיה,11,9,20
2021-07-23T00:00:00.000Z,שוויץ,332,111,443
2021-07-23T00:00:00.000Z,איסלנד,15,0,15
2021-07-23T00:00:00.000Z,תאילנד,0,3,3
2021-07-23T00:00:00.000Z,תורכיה,1990,1062,3052
2021-07-23T00:00:00.000Z,תורכמניסטאן,15,17,32
2021-07-23T00:00:00.000Z,תימן,1,0,1
2021-07-23T00:00:00.000Z,איי סיישל,1,2,3
2021-07-23T00:00:00.000Z,אירלנד,6,7,13
2021-07-23T00:00:00.000Z,אל סלבדור,3,0,3
2021-07-23T00:00:00.000Z,אלבניה,2,1,3
2021-07-23T00:00:00.000Z,אנגולה,6,0,6
2021-07-23T00:00:00.000Z,אנדורה,0,4,4
2021-07-23T00:00:00.000Z,אסטוניה,8,4,12
2021-07-23T00:00:00.000Z,אקואדור,1,0,1
2021-07-23T00:00:00.000Z,ארמניה,2,0,2
2021-07-23T00:00:00.000Z,ארצות הברית,1058,968,2026
2021-07-23T00:00:00.000Z,בולגריה,412,83,495
2021-07-23T00:00:00.000Z,בוסניה הרצגובינה,7,4,11
2021-07-23T00:00:00.000Z,בורקינה פאסו,1,0,1
2021-07-23T00:00:00.000Z,בילורוסיה,49,21,70
2021-07-23T00:00:00.000Z,בלגיה,71,55,126
2021-07-23T00:00:00.000Z,ברזיל,0,6,6
2021-07-23T00:00:00.000Z,גאורגיה,454,110,564
2021-07-23T00:00:00.000Z,גווטאמלה,4,0,4
2021-07-23T00:00:00.000Z,גינאה החדשה,1,0,1
2021-07-23T00:00:00.000Z,גמייקה,1,0,1
2021-07-23T00:00:00.000Z,גרמניה,520,209,729
2021-07-23T00:00:00.000Z,דנמרק,14,4,18
2021-07-23T00:00:00.000Z,האנטילים ההולנדים,2,2,4
2021-07-23T00:00:00.000Z,הודו,3,1,4
2021-07-23T00:00:00.000Z,הולנד,238,64,302
2021-07-23T00:00:00.000Z,הונגריה,199,35,234
2021-07-23T00:00:00.000Z,הונדורס,1,0,1
2021-07-23T00:00:00.000Z,הממלכה המאוחדת,102,190,292
2021-07-23T00:00:00.000Z,הרפ הדומיניקנית,1,0,1
2021-07-23T00:00:00.000Z,זאיר,2,0,2
2021-07-23T00:00:00.000Z,חוף השנהב,1,0,1
2021-07-23T00:00:00.000Z,טוגו,8,0,8
2021-07-23T00:00:00.000Z,טיוואן,1,0,1
2021-07-23T00:00:00.000Z,טנזניה,1,0,1
2021-07-23T00:00:00.000Z,יוון,2379,377,2756
2021-07-23T00:00:00.000Z,יפן,1,2,3
2021-07-23T00:00:00.000Z,ירדן,4,42,46
2021-07-23T00:00:00.000Z,כלל המדינות,13834,7337,21171
2021-07-23T00:00:00.000Z,לוכסמבורג,0,1,1
2021-07-23T00:00:00.000Z,לטביה,6,0,6
2021-07-23T00:00:00.000Z,ליטא,10,2,12
2021-07-23T00:00:00.000Z,מאוריציוס,1,1,2
2021-07-23T00:00:00.000Z,מולדובה,48,26,74
2021-07-23T00:00:00.000Z,מונגוליה,2,0,2
2021-07-23T00:00:00.000Z,מונטנגרו,167,14,181
2021-07-23T00:00:00.000Z,מונקו,1,0,1
2021-07-23T00:00:00.000Z,מלדיבים,14,3,17
2021-07-23T00:00:00.000Z,מלטה,1,2,3
2021-07-23T00:00:00.000Z,מצרים,1284,868,2152
2021-07-23T00:00:00.000Z,מקדוניה,2,0,2
2021-07-23T00:00:00.000Z,מקסיקו,2,0,2
2021-07-23T00:00:00.000Z,מרוקו,5,0,5
2021-07-23T00:00:00.000Z,נורבגיה,1,2,3
2021-07-23T00:00:00.000Z,איחוד האמירויות הערב,13,10,23
2021-07-23T00:00:00.000Z,ניגריה,2,2,4
2021-07-23T00:00:00.000Z,נפאל,1,0,1
2021-07-23T00:00:00.000Z,סין,0,5,5
2021-07-23T00:00:00.000Z,סינגפור,2,0,2
2021-07-23T00:00:00.000Z,סלובניה,4,2,6
2021-07-23T00:00:00.000Z,איי טורקס וקייקוס,6,2,8
2021-07-23T00:00:00.000Z,איטליה,560,107,667
2021-07-23T00:00:00.000Z,אזרביג'אן,53,6,59
2021-07-23T00:00:00.000Z,אורגוואי,3,0,3
2021-07-23T00:00:00.000Z,אוקראינה,435,162,597
2021-07-23T00:00:00.000Z,אוסטרליה,1,0,1
2021-07-23T00:00:00.000Z,אוסטריה,499,72,571
2021-07-23T00:00:00.000Z,אוזבקיסטן,7,4,11
2021-07-23T00:00:00.000Z,סלובקיה,1,0,1
2021-07-23T00:00:00.000Z,ספרד,230,36,266
2021-07-23T00:00:00.000Z,סרביה,182,17,199
2021-07-23T00:00:00.000Z,סרי לנקה (צילון),1,3,4
2021-07-23T00:00:00.000Z,פולין,97,14,111
2021-07-23T00:00:00.000Z,פורטוגל,16,0,16
2021-07-23T00:00:00.000Z,פיליפינים,7,5,12
2021-07-23T00:00:00.000Z,פינלנד,63,15,78
2021-07-23T00:00:00.000Z,פנמה,1,0,1
2021-07-23T00:00:00.000Z,פרו,1,0,1
2021-07-24T00:00:00.000Z,אסטוניה,7,0,7
2021-07-24T00:00:00.000Z,בוסניה הרצגובינה,9,3,12
2021-07-24T00:00:00.000Z,בורקינה פאסו,1,0,1
2021-07-24T00:00:00.000Z,בלגיה,3,0,3
2021-07-24T00:00:00.000Z,בנין (דהומי),1,0,1
2021-07-24T00:00:00.000Z,גאורגיה,154,43,197
2021-07-24T00:00:00.000Z,אירלנד,4,4,8
2021-07-24T00:00:00.000Z,איסלנד,66,1,67
2021-07-24T00:00:00.000Z,איי סיישל,1,0,1
2021-07-24T00:00:00.000Z,איי טורקס וקייקוס,4,2,6
2021-07-24T00:00:00.000Z,איטליה,250,61,311
2021-07-24T00:00:00.000Z,אזרביג'אן,1,4,5
2021-07-24T00:00:00.000Z,אוקראינה,239,53,292
2021-07-24T00:00:00.000Z,אוסטרליה,1,0,1
2021-07-24T00:00:00.000Z,אוסטריה,254,51,305
2021-07-24T00:00:00.000Z,אוזבקיסטן,4,3,7
2021-07-24T00:00:00.000Z,אוגנדה,7,1,8
2021-07-24T00:00:00.000Z,אבחזיסטאן,2,3,5
2021-07-24T00:00:00.000Z,גאנה,1,4,5
2021-07-24T00:00:00.000Z,גבון,1,0,1
2021-07-24T00:00:00.000Z,גרמניה,270,106,376
2021-07-24T00:00:00.000Z,דנמרק,12,9,21
2021-07-24T00:00:00.000Z,דרום אפריקה,0,6,6
2021-07-24T00:00:00.000Z,האנטילים ההולנדים,5,5,10
2021-07-24T00:00:00.000Z,תורכמניסטאן,27,10,37
2021-07-24T00:00:00.000Z,תורכיה,2789,1550,4339
2021-07-24T00:00:00.000Z,תאילנד,4,1,5
2021-07-24T00:00:00.000Z,שוויץ,112,44,156
2021-07-24T00:00:00.000Z,שוודיה,14,2,16
2021-07-24T00:00:00.000Z,רוסיה,2,1,3
2021-07-24T00:00:00.000Z,רומניה,346,71,417
2021-07-24T00:00:00.000Z,רואנדה,4,0,4
2021-07-24T00:00:00.000Z,קרואטיה,18,0,18
2021-07-24T00:00:00.000Z,קפריסין,261,79,340
2021-07-24T00:00:00.000Z,איחוד האמירויות הערב,67,29,96
2021-07-24T00:00:00.000Z,קניה,3,2,5
2021-07-24T00:00:00.000Z,קנדה,11,45,56
2021-07-24T00:00:00.000Z,קמרון,2,0,2
2021-07-24T00:00:00.000Z,קירג'זסטאן,15,0,15
2021-07-24T00:00:00.000Z,קזחסטאן,0,1,1
2021-07-24T00:00:00.000Z,הולנד,231,45,276
2021-07-24T00:00:00.000Z,הונג קונג,0,1,1
2021-07-24T00:00:00.000Z,הונגריה,70,29,99
2021-07-24T00:00:00.000Z,הממלכה המאוחדת,70,120,190
2021-07-24T00:00:00.000Z,הרפ הדומיניקנית,1,1,2
2021-07-24T00:00:00.000Z,חוף השנהב,1,1,2
2021-07-24T00:00:00.000Z,טוגו,3,0,3
2021-07-24T00:00:00.000Z,טיוואן,1,1,2
2021-07-24T00:00:00.000Z,טנזניה,9,1,10
2021-07-24T00:00:00.000Z,יוון,1836,280,2116
2021-07-24T00:00:00.000Z,ירדן,6,18,24
2021-07-24T00:00:00.000Z,כלל המדינות,10130,6571,16701
2021-07-24T00:00:00.000Z,לוכסמבורג,0,4,4
2021-07-24T00:00:00.000Z,לטביה,57,5,62
2021-07-24T00:00:00.000Z,ליטא,5,4,9
2021-07-24T00:00:00.000Z,מאלי,1,0,1
2021-07-24T00:00:00.000Z,מונטנגרו,119,15,134
2021-07-24T00:00:00.000Z,מונקו,1,0,1
2021-07-24T00:00:00.000Z,מלדיבים,48,11,59
2021-07-24T00:00:00.000Z,מלטה,2,0,2
2021-07-24T00:00:00.000Z,מצרים,1309,842,2151
2021-07-24T00:00:00.000Z,מקדוניה,4,1,5
2021-07-24T00:00:00.000Z,מקסיקו,0,1,1
2021-07-24T00:00:00.000Z,מרוקו,1,0,1
2021-07-24T00:00:00.000Z,נורבגיה,1,0,1
2021-07-24T00:00:00.000Z,ניגריה,5,6,11
2021-07-24T00:00:00.000Z,סין,1,4,5
2021-07-24T00:00:00.000Z,סינגפור,2,5,7
2021-07-24T00:00:00.000Z,סלובניה,12,8,20
2021-07-24T00:00:00.000Z,סלובקיה,1,0,1
2021-07-24T00:00:00.000Z,ספרד,8,6,14
2021-07-24T00:00:00.000Z,סרביה,0,1,1
2021-07-24T00:00:00.000Z,סרי לנקה (צילון),0,2,2
2021-07-24T00:00:00.000Z,פולין,160,24,184
2021-07-24T00:00:00.000Z,פולינזיה הצרפתית,1,0,1
2021-07-24T00:00:00.000Z,פורטוגל,26,3,29
2021-07-24T00:00:00.000Z,פיליפינים,0,9,9
2021-07-24T00:00:00.000Z,פינלנד,3,1,4
2021-07-24T00:00:00.000Z,פנמה,0,1,1
2021-07-24T00:00:00.000Z,פרו,1,1,2
2021-07-24T00:00:00.000Z,צכיה,8,3,11
2021-07-24T00:00:00.000Z,צרפת,184,95,279
2021-07-24T00:00:00.000Z,קוסטה ריקה,4,1,5
2021-07-24T00:00:00.000Z,קוריאה הדרומית,2,0,2
2021-07-24T00:00:00.000Z,אלבניה,1,0,1
2021-07-24T00:00:00.000Z,אריתראה,1,0,1
2021-07-24T00:00:00.000Z,ארמניה,9,1,10
2021-07-24T00:00:00.000Z,ארצות הברית,481,749,1230
2021-07-24T00:00:00.000Z,אתיופיה,15,8,23
2021-07-24T00:00:00.000Z,בולגריה,102,26,128
2021-07-24T00:00:00.000Z,בוליביה,1,0,1
2021-07-25T00:00:00.000Z,רפ מרכז אפריקנית,3,0,3
2021-07-25T00:00:00.000Z,רומניה,223,41,264
2021-07-25T00:00:00.000Z,קפריסין,570,185,755
2021-07-25T00:00:00.000Z,קניה,0,1,1
2021-07-25T00:00:00.000Z,קנדה,5,77,82
2021-07-25T00:00:00.000Z,קמרון,1,0,1
2021-07-25T00:00:00.000Z,קירג'זסטאן,6,0,6
2021-07-25T00:00:00.000Z,קטר,0,2,2
2021-07-25T00:00:00.000Z,קזחסטאן,5,2,7
2021-07-25T00:00:00.000Z,קוריאה הדרומית,3,5,8
2021-07-25T00:00:00.000Z,קוסטה ריקה,2,0,2
2021-07-25T00:00:00.000Z,קולומביה,0,1,1
2021-07-25T00:00:00.000Z,קובה,1,0,1
2021-07-25T00:00:00.000Z,צרפת,678,475,1153
2021-07-25T00:00:00.000Z,צכיה,171,35,206
2021-07-25T00:00:00.000Z,פרו,1,0,1
2021-07-25T00:00:00.000Z,פרגוואי,1,0,1
2021-07-25T00:00:00.000Z,פנמה,1,0,1
2021-07-25T00:00:00.000Z,פינלנד,1,2,3
2021-07-25T00:00:00.000Z,פיליפינים,1,5,6
2021-07-25T00:00:00.000Z,פורטוגל,18,2,20
2021-07-25T00:00:00.000Z,פולין,64,7,71
2021-07-25T00:00:00.000Z,עירק,0,1,1
2021-07-25T00:00:00.000Z,ספרד,128,24,152
2021-07-25T00:00:00.000Z,סלובניה,0,1,1
2021-07-25T00:00:00.000Z,סינגפור,3,4,7
2021-07-25T00:00:00.000Z,סין,0,1,1
2021-07-25T00:00:00.000Z,ניו זילנד,0,2,2
2021-07-25T00:00:00.000Z,ניגריה,1,0,1
2021-07-25T00:00:00.000Z,נורבגיה,2,0,2
2021-07-25T00:00:00.000Z,מרוקו,5,1,6
2021-07-25T00:00:00.000Z,מקסיקו,5,5,10
2021-07-25T00:00:00.000Z,מצרים,745,448,1193
2021-07-25T00:00:00.000Z,מלדיבים,48,8,56
2021-07-25T00:00:00.000Z,מונקו,0,1,1
2021-07-25T00:00:00.000Z,מולדובה,101,46,147
2021-07-25T00:00:00.000Z,מאלי,8,1,9
2021-07-25T00:00:00.000Z,ליטא,95,8,103
2021-07-25T00:00:00.000Z,לטביה,3,0,3
2021-07-25T00:00:00.000Z,לוכסמבורג,0,5,5
2021-07-25T00:00:00.000Z,לבנון,3,2,5
2021-07-25T00:00:00.000Z,כלל המדינות,16825,9515,26340
2021-07-25T00:00:00.000Z,ירדן,1222,701,1923
2021-07-25T00:00:00.000Z,יוון,3421,418,3839
2021-07-25T00:00:00.000Z,טיוואן,1,0,1
2021-07-25T00:00:00.000Z,טוגו,1,0,1
2021-07-25T00:00:00.000Z,ונצואלה,0,1,1
2021-07-25T00:00:00.000Z,הממלכה המאוחדת,133,264,397
2021-07-25T00:00:00.000Z,הונגריה,139,39,178
2021-07-25T00:00:00.000Z,הונג קונג,1,1,2
2021-07-25T00:00:00.000Z,הולנד,325,120,445
2021-07-25T00:00:00.000Z,הודו,0,1,1
2021-07-25T00:00:00.000Z,דנמרק,14,5,19
2021-07-25T00:00:00.000Z,גרמניה,500,219,719
2021-07-25T00:00:00.000Z,גאורגיה,577,156,733
2021-07-25T00:00:00.000Z,ברזיל,0,2,2
2021-07-25T00:00:00.000Z,בנין (דהומי),1,0,1
2021-07-25T00:00:00.000Z,בלגיה,56,63,119
2021-07-25T00:00:00.000Z,בילורוסיה,74,57,131
2021-07-25T00:00:00.000Z,בוסניה הרצגובינה,8,8,16
2021-07-25T00:00:00.000Z,בוליביה,1,0,1
2021-07-25T00:00:00.000Z,בולגריה,749,96,845
2021-07-25T00:00:00.000Z,בהמס,2,1,3
2021-07-25T00:00:00.000Z,ארצות הברית,628,641,1269
2021-07-25T00:00:00.000Z,ארמניה,1,0,1
2021-07-25T00:00:00.000Z,ארגנטינה,0,1,1
2021-07-25T00:00:00.000Z,אסטוניה,7,0,7
2021-07-25T00:00:00.000Z,אלבניה,85,9,94
2021-07-25T00:00:00.000Z,אירלנד,4,0,4
2021-07-25T00:00:00.000Z,איסלנד,63,1,64
2021-07-25T00:00:00.000Z,אינדונזיה,1,0,1
2021-07-25T00:00:00.000Z,איי סיישל,1,1,2
2021-07-25T00:00:00.000Z,איי טורקס וקייקוס,2,2,4
2021-07-25T00:00:00.000Z,איטליה,632,100,732
2021-07-25T00:00:00.000Z,אזרביג'אן,59,10,69
2021-07-25T00:00:00.000Z,אורגוואי,7,1,8
2021-07-25T00:00:00.000Z,אוקראינה,489,181,670
2021-07-25T00:00:00.000Z,אוסטרליה,1,14,15
2021-07-25T00:00:00.000Z,אוסטריה,184,52,236
2021-07-25T00:00:00.000Z,אוזבקיסטן,6,0,6
2021-07-25T00:00:00.000Z,אבחזיסטאן,1,0,1
2021-07-25T00:00:00.000Z,שוודיה,12,17,29
2021-07-25T00:00:00.000Z,איחוד האמירויות הערב,66,37,103
2021-07-25T00:00:00.000Z,שוויץ,336,131,467
2021-07-25T00:00:00.000Z,תאילנד,66,15,81
2021-07-25T00:00:00.000Z,תורכיה,3012,1639,4651
2021-07-25T00:00:00.000Z,תורכמניסטאן,29,10,39
2021-07-25T00:00:00.000Z,קרואטיה,12,3,15
2021-07-25T00:00:00.000Z,רוסיה,18,77,95
2021-07-26T00:00:00.000Z,קפריסין,215,62,277
2021-07-26T00:00:00.000Z,רוסיה,57,112,169
2021-07-26T00:00:00.000Z,קוריאה הדרומית,0,1,1
2021-07-26T00:00:00.000Z,קוסטה ריקה,12,1,13
2021-07-26T00:00:00.000Z,קולומביה,5,1,6
2021-07-26T00:00:00.000Z,צרפת,538,364,902
2021-07-26T00:00:00.000Z,צכיה,277,60,337
2021-07-26T00:00:00.000Z,פרו,2,1,3
2021-07-26T00:00:00.000Z,פנמה,2,2,4
2021-07-26T00:00:00.000Z,פינלנד,4,3,7
2021-07-26T00:00:00.000Z,פיליפינים,1,14,15
2021-07-26T00:00:00.000Z,פורטוגל,153,20,173
2021-07-26T00:00:00.000Z,פורטו ריקו,0,1,1
2021-07-26T00:00:00.000Z,פולין,109,9,118
2021-07-26T00:00:00.000Z,סרביה,90,12,102
2021-07-26T00:00:00.000Z,ספרד,43,10,53
2021-07-26T00:00:00.000Z,סינגפור,0,1,1
2021-07-26T00:00:00.000Z,סוריה,1,5,6
2021-07-26T00:00:00.000Z,ניגריה,1,0,1
2021-07-26T00:00:00.000Z,נורבגיה,1,0,1
2021-07-26T00:00:00.000Z,מרוקו,12,2,14
2021-07-26T00:00:00.000Z,מקסיקו,2,1,3
2021-07-26T00:00:00.000Z,מצרים,603,374,977
2021-07-26T00:00:00.000Z,מלטה,0,1,1
2021-07-26T00:00:00.000Z,מלדיבים,38,2,40
2021-07-26T00:00:00.000Z,מונטנגרו,151,28,179
2021-07-26T00:00:00.000Z,מולדובה,3,3,6
2021-07-26T00:00:00.000Z,מאלי,4,3,7
2021-07-26T00:00:00.000Z,ליטא,2,0,2
2021-07-26T00:00:00.000Z,לטביה,7,0,7
2021-07-26T00:00:00.000Z,לוכסמבורג,1,0,1
2021-07-26T00:00:00.000Z,כלל המדינות,14757,9847,24604
2021-07-26T00:00:00.000Z,ירדן,294,155,449
2021-07-26T00:00:00.000Z,יפן,0,2,2
2021-07-26T00:00:00.000Z,יוון,2731,276,3007
2021-07-26T00:00:00.000Z,טנזניה,24,0,24
2021-07-26T00:00:00.000Z,טג'יקיסטאן,1,0,1
2021-07-26T00:00:00.000Z,זמביה,1,4,5
2021-07-26T00:00:00.000Z,זאיר,0,1,1
2021-07-26T00:00:00.000Z,ויטנאם,0,4,4
2021-07-26T00:00:00.000Z,הממלכה המאוחדת,246,319,565
2021-07-26T00:00:00.000Z,הונגריה,47,4,51
2021-07-26T00:00:00.000Z,הונג קונג,1,0,1
2021-07-26T00:00:00.000Z,הולנד,150,58,208
2021-07-26T00:00:00.000Z,הודו,18,39,57
2021-07-26T00:00:00.000Z,דרום אפריקה,1,2,3
2021-07-26T00:00:00.000Z,דנמרק,7,6,13
2021-07-26T00:00:00.000Z,גרנדה,1,1,2
2021-07-26T00:00:00.000Z,גרמניה,390,175,565
2021-07-26T00:00:00.000Z,גיברלטר,2,4,6
2021-07-26T00:00:00.000Z,גווטאמלה,1,0,1
2021-07-26T00:00:00.000Z,גאנה,1,0,1
2021-07-26T00:00:00.000Z,גאורגיה,748,181,929
2021-07-26T00:00:00.000Z,ברזיל,1,6,7
2021-07-26T00:00:00.000Z,בנין (דהומי),0,1,1
2021-07-26T00:00:00.000Z,בלגיה,122,122,244
2021-07-26T00:00:00.000Z,בילורוסיה,5,16,21
2021-07-26T00:00:00.000Z,בוסניה הרצגובינה,5,0,5
2021-07-26T00:00:00.000Z,בוליביה,1,1,2
2021-07-26T00:00:00.000Z,בולגריה,633,95,728
2021-07-26T00:00:00.000Z,בוטסואנה,1,0,1
2021-07-26T00:00:00.000Z,אתיופיה,17,9,26
2021-07-26T00:00:00.000Z,ארצות הברית,899,1627,2526
2021-07-26T00:00:00.000Z,ארמניה,8,0,8
2021-07-26T00:00:00.000Z,אקואדור,1,2,3
2021-07-26T00:00:00.000Z,אסטוניה,3,0,3
2021-07-26T00:00:00.000Z,אנדורה,1,0,1
2021-07-26T00:00:00.000Z,אנגולה,3,0,3
2021-07-26T00:00:00.000Z,אירלנד,5,2,7
2021-07-26T00:00:00.000Z,איסלנד,304,9,313
2021-07-26T00:00:00.000Z,איי טורקס וקייקוס,2,2,4
2021-07-26T00:00:00.000Z,איטליה,612,97,709
2021-07-26T00:00:00.000Z,אזרביג'אן,1,5,6
2021-07-26T00:00:00.000Z,אורגוואי,3,0,3
2021-07-26T00:00:00.000Z,אוקראינה,566,209,775
2021-07-26T00:00:00.000Z,אוסטרליה,3,5,8
2021-07-26T00:00:00.000Z,אוסטריה,517,115,632
2021-07-26T00:00:00.000Z,אוזבקיסטן,8,6,14
2021-07-26T00:00:00.000Z,שוודיה,4,3,7
2021-07-26T00:00:00.000Z,שוויץ,264,130,394
2021-07-26T00:00:00.000Z,תאילנד,2,8,10
2021-07-26T00:00:00.000Z,תורכיה,2320,1333,3653
2021-07-26T00:00:00.000Z,איחוד האמירויות הערב,23,5,28
2021-07-26T00:00:00.000Z,קנדה,3,10,13
2021-07-26T00:00:00.000Z,רומניה,425,65,490
2021-07-26T00:00:00.000Z,תורכמניסטאן,51,16,67
2021-07-26T00:00:00.000Z,קרואטיה,17,2,19
2021-07-26T00:00:00.000Z,קירג'זסטאן,2,1,3
2021-07-26T00:00:00.000Z,קזחסטאן,1,0,1
2021-07-27T00:00:00.000Z,הולנד,237,31,268
2021-07-27T00:00:00.000Z,קניה,6,1,7
2021-07-27T00:00:00.000Z,קפריסין,207,107,314
2021-07-27T00:00:00.000Z,קוריאה הדרומית,2,4,6
2021-07-27T00:00:00.000Z,קוסטה ריקה,5,0,5
2021-07-27T00:00:00.000Z,קוסובו,0,4,4
2021-07-27T00:00:00.000Z,קולומביה,1,0,1
2021-07-27T00:00:00.000Z,צרפת,469,313,782
2021-07-27T00:00:00.000Z,צכיה,168,40,208
2021-07-27T00:00:00.000Z,צ'ילה,1,2,3
2021-07-27T00:00:00.000Z,פרו,12,5,17
2021-07-27T00:00:00.000Z,פנמה,5,1,6
2021-07-27T00:00:00.000Z,פינלנד,3,6,9
2021-07-27T00:00:00.000Z,פיליפינים,2,1,3
2021-07-27T00:00:00.000Z,פורטוגל,16,3,19
2021-07-27T00:00:00.000Z,פולין,227,45,272
2021-07-27T00:00:00.000Z,ערב הסעודית,0,1,1
2021-07-27T00:00:00.000Z,סרי לנקה (צילון),2,1,3
2021-07-27T00:00:00.000Z,סרביה,124,30,154
2021-07-27T00:00:00.000Z,ספרד,101,26,127
2021-07-27T00:00:00.000Z,סנגל,1,0,1
2021-07-27T00:00:00.000Z,סלובניה,1,0,1
2021-07-27T00:00:00.000Z,סינגפור,1,0,1
2021-07-27T00:00:00.000Z,סין,0,4,4
2021-07-27T00:00:00.000Z,סוריה,5,2,7
2021-07-27T00:00:00.000Z,ניו זילנד,0,1,1
2021-07-27T00:00:00.000Z,ניגריה,4,0,4
2021-07-27T00:00:00.000Z,מרוקו,8,0,8
2021-07-27T00:00:00.000Z,מקסיקו,1,2,3
2021-07-27T00:00:00.000Z,מצרים,492,321,813
2021-07-27T00:00:00.000Z,מלטה,2,4,6
2021-07-27T00:00:00.000Z,מלדיבים,11,5,16
2021-07-27T00:00:00.000Z,מונטנגרו,2,2,4
2021-07-27T00:00:00.000Z,מולדובה,59,22,81
2021-07-27T00:00:00.000Z,ליטא,4,0,4
2021-07-27T00:00:00.000Z,לטביה,70,12,82
2021-07-27T00:00:00.000Z,כלל המדינות,12050,8218,20268
2021-07-27T00:00:00.000Z,ירדן,148,120,268
2021-07-27T00:00:00.000Z,יפן,5,1,6
2021-07-27T00:00:00.000Z,יוון,2119,264,2383
2021-07-27T00:00:00.000Z,טנזניה,3,0,3
2021-07-27T00:00:00.000Z,חוף השנהב,2,0,2
2021-07-27T00:00:00.000Z,הרפ הדומיניקנית,3,0,3
2021-07-27T00:00:00.000Z,הממלכה המאוחדת,179,300,479
2021-07-27T00:00:00.000Z,הונגריה,80,39,119
2021-07-27T00:00:00.000Z,הונג קונג,5,28,33
2021-07-27T00:00:00.000Z,קנדה,52,179,231
2021-07-27T00:00:00.000Z,הודו,1,0,1
2021-07-27T00:00:00.000Z,האנטילים ההולנדים,1,0,1
2021-07-27T00:00:00.000Z,דרום אפריקה,2,1,3
2021-07-27T00:00:00.000Z,דנמרק,29,8,37
2021-07-27T00:00:00.000Z,גרמניה,499,138,637
2021-07-27T00:00:00.000Z,גמביה,3,0,3
2021-07-27T00:00:00.000Z,גינאה,1,0,1
2021-07-27T00:00:00.000Z,גויאנה הצרפתית,1,0,1
2021-07-27T00:00:00.000Z,גווטאמלה,2,0,2
2021-07-27T00:00:00.000Z,גאנה,2,0,2
2021-07-27T00:00:00.000Z,גאורגיה,406,96,502
2021-07-27T00:00:00.000Z,בלגיה,4,8,12
2021-07-27T00:00:00.000Z,בילורוסיה,1,0,1
2021-07-27T00:00:00.000Z,בוסניה הרצגובינה,32,10,42
2021-07-27T00:00:00.000Z,בולגריה,470,74,544
2021-07-27T00:00:00.000Z,אתיופיה,19,5,24
2021-07-27T00:00:00.000Z,ארצות הברית,768,1026,1794
2021-07-27T00:00:00.000Z,ארמניה,1,0,1
2021-07-27T00:00:00.000Z,ארגנטינה,3,2,5
2021-07-27T00:00:00.000Z,אקואדור,3,1,4
2021-07-27T00:00:00.000Z,אסטוניה,8,2,10
2021-07-27T00:00:00.000Z,אנגולה,1,0,1
2021-07-27T00:00:00.000Z,אלבניה,114,5,119
2021-07-27T00:00:00.000Z,אירלנד,5,1,6
2021-07-27T00:00:00.000Z,איסלנד,82,0,82
2021-07-27T00:00:00.000Z,איי סיישל,3,2,5
2021-07-27T00:00:00.000Z,איי טורקס וקייקוס,1,0,1
2021-07-27T00:00:00.000Z,איטליה,412,114,526
2021-07-27T00:00:00.000Z,אזרביג'אן,11,54,65
2021-07-27T00:00:00.000Z,אורגוואי,6,1,7
2021-07-27T00:00:00.000Z,אוקראינה,317,201,518
2021-07-27T00:00:00.000Z,אוסטרליה,2,2,4
2021-07-27T00:00:00.000Z,אוסטריה,284,62,346
2021-07-27T00:00:00.000Z,אוזבקיסטן,1,4,5
2021-07-27T00:00:00.000Z,קרואטיה,18,8,26
2021-07-27T00:00:00.000Z,רומניה,306,76,382
2021-07-27T00:00:00.000Z,רוסיה,19,29,48
2021-07-27T00:00:00.000Z,איחוד האמירויות הערב,29,19,48
2021-07-27T00:00:00.000Z,רפ מרכז אפריקנית,1,0,1
2021-07-27T00:00:00.000Z,שוודיה,11,5,16
2021-07-27T00:00:00.000Z,שוויץ,165,91,256
2021-07-27T00:00:00.000Z,תאילנד,37,7,44
2021-07-27T00:00:00.000Z,תוניסיה,2,0,2
2021-07-27T00:00:00.000Z,תורכיה,2295,1209,3504
2021-07-27T00:00:00.000Z,תורכמניסטאן,26,10,36
2021-07-27T00:00:00.000Z,קזחסטאן,0,4,4
2021-07-28T00:00:00.000Z,קניה,12,3,15
2021-07-28T00:00:00.000Z,קנדה,13,66,79
2021-07-28T00:00:00.000Z,קמרון,0,1,1
2021-07-28T00:00:00.000Z,קזחסטאן,6,7,13
2021-07-28T00:00:00.000Z,קוריאה הדרומית,2,1,3
2021-07-28T00:00:00.000Z,קוסטה ריקה,7,0,7
2021-07-28T00:00:00.000Z,קולומביה,0,1,1
2021-07-28T00:00:00.000Z,צרפת,632,523,1155
2021-07-28T00:00:00.000Z,צכיה,103,13,116
2021-07-28T00:00:00.000Z,פרגוואי,2,0,2
2021-07-28T00:00:00.000Z,פנמה,0,1,1
2021-07-28T00:00:00.000Z,פינלנד,0,4,4
2021-07-28T00:00:00.000Z,פיליפינים,1,47,48
2021-07-28T00:00:00.000Z,פורטוגל,141,39,180
2021-07-28T00:00:00.000Z,פולינזיה הצרפתית,0,1,1
2021-07-28T00:00:00.000Z,פולין,62,33,95
2021-07-28T00:00:00.000Z,סרי לנקה (צילון),0,11,11
2021-07-28T00:00:00.000Z,סרביה,14,2,16
2021-07-28T00:00:00.000Z,ספרד,13,12,25
2021-07-28T00:00:00.000Z,סנגל,1,0,1
2021-07-28T00:00:00.000Z,סלובניה,125,10,135
2021-07-28T00:00:00.000Z,סינגפור,6,14,20
2021-07-28T00:00:00.000Z,סין,6,73,79
2021-07-28T00:00:00.000Z,סוריה,5,0,5
2021-07-28T00:00:00.000Z,ניגריה,2,0,2
2021-07-28T00:00:00.000Z,נורבגיה,3,0,3
2021-07-28T00:00:00.000Z,מרוקו,4,0,4
2021-07-28T00:00:00.000Z,מקסיקו,0,1,1
2021-07-28T00:00:00.000Z,מקדוניה,2,1,3
2021-07-28T00:00:00.000Z,מצרים,565,411,976
2021-07-28T00:00:00.000Z,מלטה,2,0,2
2021-07-28T00:00:00.000Z,מלדיבים,31,6,37
2021-07-28T00:00:00.000Z,מונקו,1,3,4
2021-07-28T00:00:00.000Z,מונטנגרו,164,9,173
2021-07-28T00:00:00.000Z,מולדובה,0,2,2
2021-07-28T00:00:00.000Z,מוזמביק,1,0,1
2021-07-28T00:00:00.000Z,ליטא,3,0,3
2021-07-28T00:00:00.000Z,לטביה,1,1,2
2021-07-28T00:00:00.000Z,לוכסמבורג,1,1,2
2021-07-28T00:00:00.000Z,כלל המדינות,12491,9706,22197
2021-07-28T00:00:00.000Z,ירדן,177,116,293
2021-07-28T00:00:00.000Z,יפן,8,7,15
2021-07-28T00:00:00.000Z,יוון,1350,166,1516
2021-07-28T00:00:00.000Z,טנזניה,141,12,153
2021-07-28T00:00:00.000Z,טיוואן,0,1,1
2021-07-28T00:00:00.000Z,טונגה,0,1,1
2021-07-28T00:00:00.000Z,טוגו,0,1,1
2021-07-28T00:00:00.000Z,חוף השנהב,1,0,1
2021-07-28T00:00:00.000Z,זמביה,1,0,1
2021-07-28T00:00:00.000Z,זאיר,2,0,2
2021-07-28T00:00:00.000Z,ונצואלה,2,17,19
2021-07-28T00:00:00.000Z,הממלכה המאוחדת,250,376,626
2021-07-28T00:00:00.000Z,הונגריה,89,56,145
2021-07-28T00:00:00.000Z,הונג קונג,0,1,1
2021-07-28T00:00:00.000Z,הולנד,378,100,478
2021-07-28T00:00:00.000Z,הודו,3,0,3
2021-07-28T00:00:00.000Z,דרום סודאן,1,0,1
2021-07-28T00:00:00.000Z,דרום אפריקה,2,64,66
2021-07-28T00:00:00.000Z,דנמרק,13,19,32
2021-07-28T00:00:00.000Z,גרמניה,447,243,690
2021-07-28T00:00:00.000Z,גמביה,1,0,1
2021-07-28T00:00:00.000Z,גווטאמלה,2,0,2
2021-07-28T00:00:00.000Z,גאנה,3,0,3
2021-07-28T00:00:00.000Z,גאורגיה,421,168,589
2021-07-28T00:00:00.000Z,ברזיל,2,1,3
2021-07-28T00:00:00.000Z,בלגיה,36,61,97
2021-07-28T00:00:00.000Z,בילורוסיה,58,38,96
2021-07-28T00:00:00.000Z,בוסניה הרצגובינה,1,3,4
2021-07-28T00:00:00.000Z,בולגריה,523,147,670
2021-07-28T00:00:00.000Z,אתיופיה,15,21,36
2021-07-28T00:00:00.000Z,ארצות הברית,878,1331,2209
2021-07-28T00:00:00.000Z,ארמניה,3,0,3
2021-07-28T00:00:00.000Z,ארגנטינה,1,2,3
2021-07-28T00:00:00.000Z,אקואדור,1,0,1
2021-07-28T00:00:00.000Z,אנגולה,1,1,2
2021-07-28T00:00:00.000Z,אירלנד,2,7,9
2021-07-28T00:00:00.000Z,איסלנד,57,0,57
2021-07-28T00:00:00.000Z,איי טורקס וקייקוס,3,0,3
2021-07-28T00:00:00.000Z,איי גילברט ואליס,0,1,1
2021-07-28T00:00:00.000Z,איטליה,791,220,1011
2021-07-28T00:00:00.000Z,אזרביג'אן,5,0,5
2021-07-28T00:00:00.000Z,אורגוואי,1,0,1
2021-07-28T00:00:00.000Z,אוקראינה,548,246,794
2021-07-28T00:00:00.000Z,תורכמניסטאן,38,24,62
2021-07-28T00:00:00.000Z,אבחזיסטאן,2,2,4
2021-07-28T00:00:00.000Z,אוזבקיסטן,4,0,4
2021-07-28T00:00:00.000Z,אוסטריה,383,90,473
2021-07-28T00:00:00.000Z,אוסטרליה,1,18,19
2021-07-28T00:00:00.000Z,תורכיה,1944,1115,3059
2021-07-28T00:00:00.000Z,איחוד האמירויות הערב,25,21,46
2021-07-28T00:00:00.000Z,תוניסיה,1,0,1
2021-07-28T00:00:00.000Z,תאילנד,8,0,8
2021-07-28T00:00:00.000Z,שוויץ,341,172,513
2021-07-28T00:00:00.000Z,שוודיה,9,8,17
2021-07-28T00:00:00.000Z,רוסיה,39,51,90
2021-07-28T00:00:00.000Z,רומניה,397,121,518
2021-07-28T00:00:00.000Z,רואנדה,19,0,19
2021-07-28T00:00:00.000Z,קרואטיה,21,4,25
2021-07-28T00:00:00.000Z,קפריסין,221,84,305
2021-07-29T00:00:00.000Z,ניו זילנד,0,1,1
2021-07-29T00:00:00.000Z,אנגולה,1,0,1
2021-07-29T00:00:00.000Z,אפגניסטן,1,0,1
2021-07-29T00:00:00.000Z,אקואדור,2,0,2
2021-07-29T00:00:00.000Z,ארגנטינה,1,11,12
2021-07-29T00:00:00.000Z,ארמניה,63,4,67
2021-07-29T00:00:00.000Z,ארצות הברית,1085,1415,2500
2021-07-29T00:00:00.000Z,אתיופיה,35,9,44
2021-07-29T00:00:00.000Z,בולגריה,788,77,865
2021-07-29T00:00:00.000Z,בוסניה הרצגובינה,17,12,29
2021-07-29T00:00:00.000Z,בחריין,3,1,4
2021-07-29T00:00:00.000Z,בילורוסיה,0,1,1
2021-07-29T00:00:00.000Z,בלגיה,63,83,146
2021-07-29T00:00:00.000Z,ברזיל,7,2,9
2021-07-29T00:00:00.000Z,גאורגיה,714,201,915
2021-07-29T00:00:00.000Z,גאנה,5,0,5
2021-07-29T00:00:00.000Z,גויאנה הצרפתית,0,1,1
2021-07-29T00:00:00.000Z,גיברלטר,0,1,1
2021-07-29T00:00:00.000Z,גינאה,1,0,1
2021-07-29T00:00:00.000Z,גמייקה,0,4,4
2021-07-29T00:00:00.000Z,גרמניה,432,184,616
2021-07-29T00:00:00.000Z,דנמרק,25,14,39
2021-07-29T00:00:00.000Z,דרום אפריקה,0,6,6
2021-07-29T00:00:00.000Z,דרום סודאן,1,0,1
2021-07-29T00:00:00.000Z,האנטילים ההולנדים,1,0,1
2021-07-29T00:00:00.000Z,הולנד,125,38,163
2021-07-29T00:00:00.000Z,הונגריה,146,98,244
2021-07-29T00:00:00.000Z,הממלכה המאוחדת,468,1030,1498
2021-07-29T00:00:00.000Z,הרפ הדומיניקנית,5,0,5
2021-07-29T00:00:00.000Z,זימבאבווה,0,1,1
2021-07-29T00:00:00.000Z,זמביה,1,0,1
2021-07-29T00:00:00.000Z,חוף השנהב,5,0,5
2021-07-29T00:00:00.000Z,טונגה,1,0,1
2021-07-29T00:00:00.000Z,טנזניה,24,0,24
2021-07-29T00:00:00.000Z,יוון,2817,464,3281
2021-07-29T00:00:00.000Z,יפן,7,1,8
2021-07-29T00:00:00.000Z,ירדן,421,221,642
2021-07-29T00:00:00.000Z,כלל המדינות,15068,11128,26196
2021-07-29T00:00:00.000Z,לבנון,0,13,13
2021-07-29T00:00:00.000Z,לוב,2,0,2
2021-07-29T00:00:00.000Z,לוכסמבורג,1,0,1
2021-07-29T00:00:00.000Z,ליטא,88,4,92
2021-07-29T00:00:00.000Z,מוזמביק,2,0,2
2021-07-29T00:00:00.000Z,מולדובה,117,66,183
2021-07-29T00:00:00.000Z,מונגוליה,1,0,1
2021-07-29T00:00:00.000Z,מונטנגרו,2,0,2
2021-07-29T00:00:00.000Z,מיאנמר (בורמה),1,1,2
2021-07-29T00:00:00.000Z,מלאווי,1,0,1
2021-07-29T00:00:00.000Z,מלדיבים,24,5,29
2021-07-29T00:00:00.000Z,מצרים,660,296,956
2021-07-29T00:00:00.000Z,מקדוניה,5,0,5
2021-07-29T00:00:00.000Z,מקסיקו,0,3,3
2021-07-29T00:00:00.000Z,מרוקו,98,9,107
2021-07-29T00:00:00.000Z,נורבגיה,1,0,1
2021-07-29T00:00:00.000Z,ניגריה,9,2,11
2021-07-29T00:00:00.000Z,אסטוניה,1,0,1
2021-07-29T00:00:00.000Z,ניקרגואה,1,0,1
2021-07-29T00:00:00.000Z,סווזילנד,1,0,1
2021-07-29T00:00:00.000Z,סין,1,3,4
2021-07-29T00:00:00.000Z,סינגפור,0,1,1
2021-07-29T00:00:00.000Z,סלובקיה,2,0,2
2021-07-29T00:00:00.000Z,סנגל,1,0,1
2021-07-29T00:00:00.000Z,ספרד,123,72,195
2021-07-29T00:00:00.000Z,סרביה,98,34,132
2021-07-29T00:00:00.000Z,סרי לנקה (צילון),0,1,1
2021-07-29T00:00:00.000Z,אלבניה,61,6,67
2021-07-29T00:00:00.000Z,אירלנד,5,1,6
2021-07-29T00:00:00.000Z,איסלנד,148,2,150
2021-07-29T00:00:00.000Z,איי סיישל,4,0,4
2021-07-29T00:00:00.000Z,איי טורקס וקייקוס,13,3,16
2021-07-29T00:00:00.000Z,איטליה,440,180,620
2021-07-29T00:00:00.000Z,אוגנדה,1,0,1
2021-07-29T00:00:00.000Z,אוזבקיסטן,3,1,4
2021-07-29T00:00:00.000Z,איחוד האמירויות הערב,82,31,113
2021-07-29T00:00:00.000Z,אוסטריה,183,64,247
2021-07-29T00:00:00.000Z,ערב הסעודית,0,2,2
2021-07-29T00:00:00.000Z,פולין,137,59,196
2021-07-29T00:00:00.000Z,פולינזיה הצרפתית,0,2,2
2021-07-29T00:00:00.000Z,פורטוגל,26,6,32
2021-07-29T00:00:00.000Z,פיליפינים,0,16,16
2021-07-29T00:00:00.000Z,פינלנד,2,2,4
2021-07-29T00:00:00.000Z,פנמה,9,18,27
2021-07-29T00:00:00.000Z,פרו,5,0,5
2021-07-29T00:00:00.000Z,צאד,1,0,1
2021-07-29T00:00:00.000Z,אוסטרליה,0,10,10
2021-07-29T00:00:00.000Z,אוקראינה,449,429,878
2021-07-29T00:00:00.000Z,אורגוואי,1,0,1
2021-07-29T00:00:00.000Z,אזרביג'אן,58,4,62
2021-07-29T00:00:00.000Z,תורכמניסטאן,17,3,20
2021-07-29T00:00:00.000Z,תורכיה,1989,1002,2991
2021-07-29T00:00:00.000Z,תאילנד,90,44,134
2021-07-29T00:00:00.000Z,שוויץ,229,162,391
2021-07-29T00:00:00.000Z,שוודיה,8,3,11
2021-07-29T00:00:00.000Z,רוסיה,66,144,210
2021-07-29T00:00:00.000Z,רומניה,276,71,347
2021-07-29T00:00:00.000Z,קרואטיה,7,3,10
2021-07-29T00:00:00.000Z,קפריסין,419,191,610
2021-07-29T00:00:00.000Z,קניה,16,4,20
2021-07-29T00:00:00.000Z,קנדה,2,10,12
2021-07-29T00:00:00.000Z,קמרון,1,0,1
2021-07-29T00:00:00.000Z,קירג'זסטאן,3,0,3
2021-07-29T00:00:00.000Z,קטר,5,0,5
2021-07-29T00:00:00.000Z,קוריאה הדרומית,1,0,1
2021-07-29T00:00:00.000Z,קוסטה ריקה,7,0,7
2021-07-29T00:00:00.000Z,קוסובו,5,0,5
2021-07-29T00:00:00.000Z,קונגו,2,0,2
2021-07-29T00:00:00.000Z,קולומביה,6,4,10
2021-07-29T00:00:00.000Z,צרפת,608,562,1170
2021-07-29T00:00:00.000Z,צכיה,107,39,146
2021-07-29T00:00:00.000Z,צ'ילה,1,3,4
2021-07-30T00:00:00.000Z,ניגריה,5,0,5
2021-07-30T00:00:00.000Z,נורבגיה,1,3,4
2021-07-30T00:00:00.000Z,מרוקו,8,0,8
2021-07-30T00:00:00.000Z,מקסיקו,1,0,1
2021-07-30T00:00:00.000Z,מקדוניה,1,0,1
2021-07-30T00:00:00.000Z,מצרים,634,347,981
2021-07-30T00:00:00.000Z,מלדיבים,74,25,99
2021-07-30T00:00:00.000Z,מונקו,1,1,2
2021-07-30T00:00:00.000Z,מונטנגרו,250,19,269
2021-07-30T00:00:00.000Z,מאלי,3,0,3
2021-07-30T00:00:00.000Z,לטביה,6,0,6
2021-07-30T00:00:00.000Z,כלל המדינות,12571,7401,19972
2021-07-30T00:00:00.000Z,ירדן,6,37,43
2021-07-30T00:00:00.000Z,יפן,6,5,11
2021-07-30T00:00:00.000Z,יוון,2123,334,2457
2021-07-30T00:00:00.000Z,טנזניה,3,0,3
2021-07-30T00:00:00.000Z,חוף השנהב,1,0,1
2021-07-30T00:00:00.000Z,זאיר,1,0,1
2021-07-30T00:00:00.000Z,הרפ הדומיניקנית,1,0,1
2021-07-30T00:00:00.000Z,הממלכה המאוחדת,199,278,477
2021-07-30T00:00:00.000Z,הונגריה,88,37,125
2021-07-30T00:00:00.000Z,הונג קונג,1,7,8
2021-07-30T00:00:00.000Z,הולנד,228,70,298
2021-07-30T00:00:00.000Z,דנמרק,26,9,35
2021-07-30T00:00:00.000Z,תורכמניסטאן,21,10,31
2021-07-30T00:00:00.000Z,גרמניה,519,205,724
2021-07-30T00:00:00.000Z,גמייקה,1,0,1
2021-07-30T00:00:00.000Z,גמביה,0,1,1
2021-07-30T00:00:00.000Z,גינאה המשוונית,1,0,1
2021-07-30T00:00:00.000Z,גיברלטר,1,2,3
2021-07-30T00:00:00.000Z,גווטאמלה,5,1,6
2021-07-30T00:00:00.000Z,גאנה,2,0,2
2021-07-30T00:00:00.000Z,גאורגיה,469,93,562
2021-07-30T00:00:00.000Z,ברבדוס,0,5,5
2021-07-30T00:00:00.000Z,בליז,1,0,1
2021-07-30T00:00:00.000Z,בלגיה,85,60,145
2021-07-30T00:00:00.000Z,בוסניה הרצגובינה,3,1,4
2021-07-30T00:00:00.000Z,בולגריה,488,80,568
2021-07-30T00:00:00.000Z,בהמס,2,0,2
2021-07-30T00:00:00.000Z,אתיופיה,4,2,6
2021-07-30T00:00:00.000Z,ארצות הברית,1208,1022,2230
2021-07-30T00:00:00.000Z,ארמניה,2,3,5
2021-07-30T00:00:00.000Z,ארגנטינה,0,3,3
2021-07-30T00:00:00.000Z,אסטוניה,8,0,8
2021-07-30T00:00:00.000Z,אנדורה,1,0,1
2021-07-30T00:00:00.000Z,אנגולה,3,0,3
2021-07-30T00:00:00.000Z,אירלנד,15,1,16
2021-07-30T00:00:00.000Z,איסלנד,23,2,25
2021-07-30T00:00:00.000Z,איי טורקס וקייקוס,2,2,4
2021-07-30T00:00:00.000Z,איי גילברט ואליס,2,0,2
2021-07-30T00:00:00.000Z,איחוד האמירויות הערב,10,3,13
2021-07-30T00:00:00.000Z,איטליה,640,154,794
2021-07-30T00:00:00.000Z,אזרביג'אן,12,2,14
2021-07-30T00:00:00.000Z,אורגוואי,2,1,3
2021-07-30T00:00:00.000Z,אוקראינה,414,205,619
2021-07-30T00:00:00.000Z,אוסטרליה,9,4,13
2021-07-30T00:00:00.000Z,אוסטריה,582,163,745
2021-07-30T00:00:00.000Z,תורכיה,1351,686,2037
2021-07-30T00:00:00.000Z,תוניסיה,1,0,1
2021-07-30T00:00:00.000Z,תאילנד,0,1,1
2021-07-30T00:00:00.000Z,שוויץ,442,177,619
2021-07-30T00:00:00.000Z,שוודיה,8,6,14
2021-07-30T00:00:00.000Z,רוסיה,45,26,71
2021-07-30T00:00:00.000Z,רומניה,449,71,520
2021-07-30T00:00:00.000Z,קרואטיה,18,10,28
2021-07-30T00:00:00.000Z,קפריסין,256,128,384
2021-07-30T00:00:00.000Z,קניה,0,1,1
2021-07-30T00:00:00.000Z,קנדה,48,90,138
2021-07-30T00:00:00.000Z,קירג'זסטאן,2,0,2
2021-07-30T00:00:00.000Z,קזחסטאן,10,1,11
2021-07-30T00:00:00.000Z,קוריאה הדרומית,9,5,14
2021-07-30T00:00:00.000Z,קוסטה ריקה,8,1,9
2021-07-30T00:00:00.000Z,קולומביה,1,0,1
2021-07-30T00:00:00.000Z,צרפת,337,273,610
2021-07-30T00:00:00.000Z,צכיה,283,39,322
2021-07-30T00:00:00.000Z,פרו,1,0,1
2021-07-30T00:00:00.000Z,פנמה,7,0,7
2021-07-30T00:00:00.000Z,פינלנד,61,20,81
2021-07-30T00:00:00.000Z,פיליפינים,0,4,4
2021-07-30T00:00:00.000Z,פורטוגל,17,2,19
2021-07-30T00:00:00.000Z,פולין,79,3,82
2021-07-30T00:00:00.000Z,סרביה,92,9,101
2021-07-30T00:00:00.000Z,ספרד,69,34,103
2021-07-30T00:00:00.000Z,סלובניה,6,3,9
2021-07-30T00:00:00.000Z,סינגפור,1,0,1
2021-07-30T00:00:00.000Z,סין,12,229,241
2021-07-30T00:00:00.000Z,נפאל,0,3,3
2021-07-30T00:00:00.000Z,דומיניקה,1,0,1
2021-07-31T00:00:00.000Z,אתיופיה,15,10,25
2021-07-31T00:00:00.000Z,בולגריה,138,19,157
2021-07-31T00:00:00.000Z,בוסניה הרצגובינה,7,0,7
2021-07-31T00:00:00.000Z,בורקינה פאסו,2,0,2
2021-07-31T00:00:00.000Z,בחריין,1,0,1
2021-07-31T00:00:00.000Z,בלגיה,12,4,16
2021-07-31T00:00:00.000Z,ברזיל,0,3,3
2021-07-31T00:00:00.000Z,אבחזיסטאן,1,1,2
2021-07-31T00:00:00.000Z,איחוד האמירויות הערב,40,18,58
2021-07-31T00:00:00.000Z,גאורגיה,67,9,76
2021-07-31T00:00:00.000Z,גאנה,3,0,3
2021-07-31T00:00:00.000Z,גבון,2,0,2
2021-07-31T00:00:00.000Z,גווטאמלה,1,0,1
2021-07-31T00:00:00.000Z,גינאה,1,0,1
2021-07-31T00:00:00.000Z,גינאה המשוונית,0,1,1
2021-07-31T00:00:00.000Z,גרמניה,306,106,412
2021-07-31T00:00:00.000Z,גרנדה,0,1,1
2021-07-31T00:00:00.000Z,דנמרק,17,9,26
2021-07-31T00:00:00.000Z,דרום אפריקה,1,2,3
2021-07-31T00:00:00.000Z,הולנד,170,34,204
2021-07-31T00:00:00.000Z,הונגריה,84,39,123
2021-07-31T00:00:00.000Z,הממלכה המאוחדת,48,61,109
2021-07-31T00:00:00.000Z,הרפ הדומיניקנית,6,0,6
2021-07-31T00:00:00.000Z,ויטנאם,1,0,1
2021-07-31T00:00:00.000Z,חוף השנהב,4,0,4
2021-07-31T00:00:00.000Z,טנזניה,33,3,36
2021-07-31T00:00:00.000Z,יוון,1559,186,1745
2021-07-31T00:00:00.000Z,יפן,4,1,5
2021-07-31T00:00:00.000Z,ירדן,4,21,25
2021-07-31T00:00:00.000Z,כלל המדינות,8968,5747,14715
2021-07-31T00:00:00.000Z,לטביה,67,21,88
2021-07-31T00:00:00.000Z,ליטא,15,1,16
2021-07-31T00:00:00.000Z,מאלי,5,0,5
2021-07-31T00:00:00.000Z,מוזמביק,1,0,1
2021-07-31T00:00:00.000Z,מולדובה,44,24,68
2021-07-31T00:00:00.000Z,מונטנגרו,166,8,174
2021-07-31T00:00:00.000Z,מונקו,2,0,2
2021-07-31T00:00:00.000Z,מלדיבים,74,8,82
2021-07-31T00:00:00.000Z,מלטה,1,5,6
2021-07-31T00:00:00.000Z,מצרים,950,466,1416
2021-07-31T00:00:00.000Z,מקסיקו,2,5,7
2021-07-31T00:00:00.000Z,מרוקו,7,2,9
2021-07-31T00:00:00.000Z,ניגר,0,1,1
2021-07-31T00:00:00.000Z,ניגריה,8,3,11
2021-07-31T00:00:00.000Z,ניו זילנד,1,0,1
2021-07-31T00:00:00.000Z,נמיביה,4,1,5
2021-07-31T00:00:00.000Z,סין,0,4,4
2021-07-31T00:00:00.000Z,סינגפור,1,5,6
2021-07-31T00:00:00.000Z,סלובניה,4,4,8
2021-07-31T00:00:00.000Z,סלובקיה,1,0,1
2021-07-31T00:00:00.000Z,ספרד,12,3,15
2021-07-31T00:00:00.000Z,סרביה,49,16,65
2021-07-31T00:00:00.000Z,סרי לנקה (צילון),1,0,1
2021-07-31T00:00:00.000Z,פולין,145,21,166
2021-07-31T00:00:00.000Z,פורטוגל,20,2,22
2021-07-31T00:00:00.000Z,פיליפינים,2,23,25
2021-07-31T00:00:00.000Z,פינלנד,19,10,29
2021-07-31T00:00:00.000Z,פנמה,0,1,1
2021-07-31T00:00:00.000Z,פרו,1,1,2
2021-07-31T00:00:00.000Z,צ'ילה,4,0,4
2021-07-31T00:00:00.000Z,צכיה,7,0,7
2021-07-31T00:00:00.000Z,צרפת,297,259,556
2021-07-31T00:00:00.000Z,קולומביה,0,2,2
2021-07-31T00:00:00.000Z,קוריאה הדרומית,1,2,3
2021-07-31T00:00:00.000Z,קזחסטאן,3,4,7
2021-07-31T00:00:00.000Z,קטר,1,3,4
2021-07-31T00:00:00.000Z,קירג'זסטאן,4,0,4
2021-07-31T00:00:00.000Z,קמבודיה,0,1,1
2021-07-31T00:00:00.000Z,קנדה,13,68,81
2021-07-31T00:00:00.000Z,קניה,11,4,15
2021-07-31T00:00:00.000Z,קפריסין,123,30,153
2021-07-31T00:00:00.000Z,קרואטיה,16,3,19
2021-07-31T00:00:00.000Z,רואנדה,2,0,2
2021-07-31T00:00:00.000Z,רומניה,424,104,528
2021-07-31T00:00:00.000Z,רוסיה,1,2,3
2021-07-31T00:00:00.000Z,שוודיה,11,6,17
2021-07-31T00:00:00.000Z,שוויץ,107,23,130
2021-07-31T00:00:00.000Z,תאילנד,5,0,5
2021-07-31T00:00:00.000Z,תורכיה,1756,882,2638
2021-07-31T00:00:00.000Z,תורכמניסטאן,10,4,14
2021-07-31T00:00:00.000Z,ארצות הברית,626,841,1467
2021-07-31T00:00:00.000Z,ארמניה,5,2,7
2021-07-31T00:00:00.000Z,אקואדור,1,0,1
2021-07-31T00:00:00.000Z,אלבניה,1,0,1
2021-07-31T00:00:00.000Z,אירלנד,3,6,9
2021-07-31T00:00:00.000Z,איסלנד,71,1,72
2021-07-31T00:00:00.000Z,איי סיישל,2,0,2
2021-07-31T00:00:00.000Z,איי טורקס וקייקוס,1,0,1
2021-07-31T00:00:00.000Z,איטליה,368,117,485
2021-07-31T00:00:00.000Z,בוטסואנה,3,0,3
2021-07-31T00:00:00.000Z,אוקראינה,349,109,458
2021-07-31T00:00:00.000Z,אוסטרליה,1,6,7
2021-07-31T00:00:00.000Z,אוסטריה,250,34,284
2021-07-31T00:00:00.000Z,אוזבקיסטן,2,0,2
2021-07-31T00:00:00.000Z,אזרביג'אן,1,0,1
2021-08-01T00:00:00.000Z,איחוד האמירויות הערב,32,12,44
2021-08-01T00:00:00.000Z,תורכמניסטאן,8,5,13
2021-08-01T00:00:00.000Z,תורכיה,1711,957,2668
2021-08-01T00:00:00.000Z,תוניסיה,4,0,4
2021-08-01T00:00:00.000Z,תאילנד,74,22,96
2021-08-01T00:00:00.000Z,שוויץ,373,257,630
2021-08-01T00:00:00.000Z,שוודיה,16,2,18
2021-08-01T00:00:00.000Z,רוסיה,29,77,106
2021-08-01T00:00:00.000Z,רומניה,273,45,318
2021-08-01T00:00:00.000Z,קרואטיה,7,4,11
2021-08-01T00:00:00.000Z,קפריסין,244,124,368
2021-08-01T00:00:00.000Z,קנדה,19,62,81
2021-08-01T00:00:00.000Z,קירג'זסטאן,0,1,1
2021-08-01T00:00:00.000Z,קזחסטאן,11,14,25
2021-08-01T00:00:00.000Z,קוריאה הדרומית,4,5,9
2021-08-01T00:00:00.000Z,קוסטה ריקה,3,5,8
2021-08-01T00:00:00.000Z,קוסובו,0,1,1
2021-08-01T00:00:00.000Z,קולומביה,2,1,3
2021-08-01T00:00:00.000Z,צרפת,710,772,1482
2021-08-01T00:00:00.000Z,צכיה,144,37,181
2021-08-01T00:00:00.000Z,צ'ילה,0,4,4
2021-08-01T00:00:00.000Z,פנמה,1,0,1
2021-08-01T00:00:00.000Z,פינלנד,4,1,5
2021-08-01T00:00:00.000Z,פיליפינים,4,5,9
2021-08-01T00:00:00.000Z,פורטוגל,22,2,24
2021-08-01T00:00:00.000Z,פולין,59,8,67
2021-08-01T00:00:00.000Z,סרביה,4,5,9
2021-08-01T00:00:00.000Z,ספרד,26,30,56
2021-08-01T00:00:00.000Z,סינגפור,0,11,11
2021-08-01T00:00:00.000Z,נפאל,0,1,1
2021-08-01T00:00:00.000Z,ניקרגואה,1,0,1
2021-08-01T00:00:00.000Z,ניו זילנד,1,2,3
2021-08-01T00:00:00.000Z,ניגריה,5,1,6
2021-08-01T00:00:00.000Z,נורבגיה,1,3,4
2021-08-01T00:00:00.000Z,מרוקו,1,2,3
2021-08-01T00:00:00.000Z,מקאו,0,1,1
2021-08-01T00:00:00.000Z,מצרים,845,289,1134
2021-08-01T00:00:00.000Z,מלטה,1,0,1
2021-08-01T00:00:00.000Z,מלזיה,0,2,2
2021-08-01T00:00:00.000Z,מלדיבים,15,4,19
2021-08-01T00:00:00.000Z,מונטנגרו,11,2,13
2021-08-01T00:00:00.000Z,מולדובה,78,41,119
2021-08-01T00:00:00.000Z,תימן,1,0,1
2021-08-01T00:00:00.000Z,לטביה,2,0,2
2021-08-01T00:00:00.000Z,לוכסמבורג,0,4,4
2021-08-01T00:00:00.000Z,כלל המדינות,13373,9181,22554
2021-08-01T00:00:00.000Z,ירדן,700,273,973
2021-08-01T00:00:00.000Z,יפן,5,8,13
2021-08-01T00:00:00.000Z,יוון,2583,362,2945
2021-08-01T00:00:00.000Z,טנזניה,1,0,1
2021-08-01T00:00:00.000Z,חוף השנהב,1,0,1
2021-08-01T00:00:00.000Z,ונצואלה,2,0,2
2021-08-01T00:00:00.000Z,הממלכה המאוחדת,181,181,362
2021-08-01T00:00:00.000Z,הונגריה,111,49,160
2021-08-01T00:00:00.000Z,הולנד,236,98,334
2021-08-01T00:00:00.000Z,הודו,1,0,1
2021-08-01T00:00:00.000Z,דרום אפריקה,1,2,3
2021-08-01T00:00:00.000Z,דנמרק,28,7,35
2021-08-01T00:00:00.000Z,גרמניה,385,250,635
2021-08-01T00:00:00.000Z,גמייקה,1,0,1
2021-08-01T00:00:00.000Z,גאנה,1,1,2
2021-08-01T00:00:00.000Z,גאורגיה,298,91,389
2021-08-01T00:00:00.000Z,ברזיל,1,0,1
2021-08-01T00:00:00.000Z,בלגיה,45,68,113
2021-08-01T00:00:00.000Z,בילורוסיה,79,40,119
2021-08-01T00:00:00.000Z,בוסניה הרצגובינה,4,1,5
2021-08-01T00:00:00.000Z,בוליביה,2,0,2
2021-08-01T00:00:00.000Z,בולגריה,759,65,824
2021-08-01T00:00:00.000Z,ארצות הברית,724,794,1518
2021-08-01T00:00:00.000Z,ארמניה,4,3,7
2021-08-01T00:00:00.000Z,ארגנטינה,0,8,8
2021-08-01T00:00:00.000Z,אסטוניה,4,21,25
2021-08-01T00:00:00.000Z,אנדורה,1,0,1
2021-08-01T00:00:00.000Z,אלבניה,77,3,80
2021-08-01T00:00:00.000Z,אירלנד,7,7,14
2021-08-01T00:00:00.000Z,איסלנד,63,5,68
2021-08-01T00:00:00.000Z,איי גילברט ואליס,1,1,2
2021-08-01T00:00:00.000Z,איטליה,561,139,700
2021-08-01T00:00:00.000Z,אזרביג'אן,77,23,100
2021-08-01T00:00:00.000Z,אורגוואי,0,3,3
2021-08-01T00:00:00.000Z,אוקראינה,502,235,737
2021-08-01T00:00:00.000Z,אוסטרליה,0,7,7
2021-08-01T00:00:00.000Z,אוסטריה,200,98,298
2021-08-01T00:00:00.000Z,אוזבקיסטן,3,1,4
2021-08-01T00:00:00.000Z,ליטא,91,29,120
2021-08-02T00:00:00.000Z,איחוד האמירויות הערב,26,19,45
2021-08-02T00:00:00.000Z,אסטוניה,1,0,1
2021-08-02T00:00:00.000Z,תימן,2,1,3
2021-08-02T00:00:00.000Z,תורכמניסטאן,14,1,15
2021-08-02T00:00:00.000Z,תורכיה,1361,612,1973
2021-08-02T00:00:00.000Z,תוניסיה,0,1,1
2021-08-02T00:00:00.000Z,שוויץ,361,296,657
2021-08-02T00:00:00.000Z,שוודיה,4,2,6
2021-08-02T00:00:00.000Z,רוסיה,38,109,147
2021-08-02T00:00:00.000Z,רומניה,506,90,596
2021-08-02T00:00:00.000Z,רואנדה,1,0,1
2021-08-02T00:00:00.000Z,קרואטיה,4,4,8
2021-08-02T00:00:00.000Z,קפריסין,65,40,105
2021-08-02T00:00:00.000Z,קניה,10,1,11
2021-08-02T00:00:00.000Z,קנדה,50,222,272
2021-08-02T00:00:00.000Z,קירג'זסטאן,2,0,2
2021-08-02T00:00:00.000Z,קזחסטאן,9,4,13
2021-08-02T00:00:00.000Z,קוסטה ריקה,8,1,9
2021-08-02T00:00:00.000Z,קוסובו,0,1,1
2021-08-02T00:00:00.000Z,קונגו,0,1,1
2021-08-02T00:00:00.000Z,קובה,0,1,1
2021-08-02T00:00:00.000Z,צרפת,468,646,1114
2021-08-02T00:00:00.000Z,צכיה,182,48,230
2021-08-02T00:00:00.000Z,צ'ילה,0,2,2
2021-08-02T00:00:00.000Z,פרו,4,0,4
2021-08-02T00:00:00.000Z,פנמה,3,0,3
2021-08-02T00:00:00.000Z,פינלנד,1,2,3
2021-08-02T00:00:00.000Z,פיליפינים,1,2,3
2021-08-02T00:00:00.000Z,פורטוגל,126,29,155
2021-08-02T00:00:00.000Z,פולין,349,58,407
2021-08-02T00:00:00.000Z,פאפואה,0,1,1
2021-08-02T00:00:00.000Z,עירק,0,4,4
2021-08-02T00:00:00.000Z,עומן,0,1,1
2021-08-02T00:00:00.000Z,סרי לנקה (צילון),5,2,7
2021-08-02T00:00:00.000Z,סרביה,77,21,98
2021-08-02T00:00:00.000Z,ספרד,90,37,127
2021-08-02T00:00:00.000Z,סלובניה,3,0,3
2021-08-02T00:00:00.000Z,סינגפור,1,3,4
2021-08-02T00:00:00.000Z,סין,1,6,7
2021-08-02T00:00:00.000Z,סיירה ליאונה,0,1,1
2021-08-02T00:00:00.000Z,סוריה,5,5,10
2021-08-02T00:00:00.000Z,ניגריה,6,1,7
2021-08-02T00:00:00.000Z,מרוקו,24,13,37
2021-08-02T00:00:00.000Z,מקסיקו,0,20,20
2021-08-02T00:00:00.000Z,מצרים,589,223,812
2021-08-02T00:00:00.000Z,מלטה,3,0,3
2021-08-02T00:00:00.000Z,מלדיבים,25,2,27
2021-08-02T00:00:00.000Z,מונטנגרו,128,8,136
2021-08-02T00:00:00.000Z,ליטא,3,0,3
2021-08-02T00:00:00.000Z,לטביה,0,1,1
2021-08-02T00:00:00.000Z,לבנון,0,1,1
2021-08-02T00:00:00.000Z,כלל המדינות,12662,10292,22954
2021-08-02T00:00:00.000Z,ירדן,217,164,381
2021-08-02T00:00:00.000Z,יפן,41,4,45
2021-08-02T00:00:00.000Z,יוון,1861,282,2143
2021-08-02T00:00:00.000Z,טנזניה,3,0,3
2021-08-02T00:00:00.000Z,טיוואן,0,1,1
2021-08-02T00:00:00.000Z,חוף השנהב,1,0,1
2021-08-02T00:00:00.000Z,הממלכה המאוחדת,165,161,326
2021-08-02T00:00:00.000Z,הונגריה,94,26,120
2021-08-02T00:00:00.000Z,אבחזיסטאן,1,0,1
2021-08-02T00:00:00.000Z,אוזבקיסטן,1,2,3
2021-08-02T00:00:00.000Z,אוסטריה,538,218,756
2021-08-02T00:00:00.000Z,אוסטרליה,4,9,13
2021-08-02T00:00:00.000Z,אוקראינה,494,262,756
2021-08-02T00:00:00.000Z,אורגוואי,3,2,5
2021-08-02T00:00:00.000Z,אזרביג'אן,18,1,19
2021-08-02T00:00:00.000Z,איטליה,740,175,915
2021-08-02T00:00:00.000Z,איי טורקס וקייקוס,6,0,6
2021-08-02T00:00:00.000Z,איסלנד,69,5,74
2021-08-02T00:00:00.000Z,אירלנד,9,1,10
2021-08-02T00:00:00.000Z,אלבניה,0,1,1
2021-08-02T00:00:00.000Z,אנגולה,0,1,1
2021-08-02T00:00:00.000Z,סאו טומה ופרינציפה,2,0,2
2021-08-02T00:00:00.000Z,ארמניה,7,0,7
2021-08-02T00:00:00.000Z,ארצות הברית,1078,2003,3081
2021-08-02T00:00:00.000Z,אתיופיה,19,4,23
2021-08-02T00:00:00.000Z,בולגריה,686,84,770
2021-08-02T00:00:00.000Z,בוסניה הרצגובינה,13,3,16
2021-08-02T00:00:00.000Z,בחריין,0,1,1
2021-08-02T00:00:00.000Z,בלגיה,106,166,272
2021-08-02T00:00:00.000Z,ברזיל,2,20,22
2021-08-02T00:00:00.000Z,גאורגיה,258,53,311
2021-08-02T00:00:00.000Z,גאנה,1,0,1
2021-08-02T00:00:00.000Z,גרמניה,524,253,777
2021-08-02T00:00:00.000Z,גרנדה,4,3,7
2021-08-02T00:00:00.000Z,דנמרק,2,10,12
2021-08-02T00:00:00.000Z,דרום אפריקה,2,3,5
2021-08-02T00:00:00.000Z,האנטילים ההולנדים,0,1,1
2021-08-02T00:00:00.000Z,הודו,11,58,69
2021-08-02T00:00:00.000Z,הולנד,225,76,301
2021-08-02T00:00:00.000Z,הונג קונג,0,1,1
2021-08-03T00:00:00.000Z,לטביה,61,7,68
2021-08-03T00:00:00.000Z,תורכמניסטאן,11,1,12
2021-08-03T00:00:00.000Z,שוויץ,293,244,537
2021-08-03T00:00:00.000Z,שוודיה,24,14,38
2021-08-03T00:00:00.000Z,רוסיה,22,45,67
2021-08-03T00:00:00.000Z,רומניה,204,56,260
2021-08-03T00:00:00.000Z,קרואטיה,11,3,14
2021-08-03T00:00:00.000Z,קפריסין,91,28,119
2021-08-03T00:00:00.000Z,קניה,6,1,7
2021-08-03T00:00:00.000Z,קנדה,31,97,128
2021-08-03T00:00:00.000Z,קטר,1,0,1
2021-08-03T00:00:00.000Z,קזחסטאן,0,2,2
2021-08-03T00:00:00.000Z,קוסטה ריקה,6,1,7
2021-08-03T00:00:00.000Z,קוסובו,0,1,1
2021-08-03T00:00:00.000Z,קונגו,1,0,1
2021-08-03T00:00:00.000Z,קולומביה,2,0,2
2021-08-03T00:00:00.000Z,קובה,0,1,1
2021-08-03T00:00:00.000Z,צרפת,594,714,1308
2021-08-03T00:00:00.000Z,צכיה,70,10,80
2021-08-03T00:00:00.000Z,צ'ילה,0,1,1
2021-08-03T00:00:00.000Z,פרו,2,4,6
2021-08-03T00:00:00.000Z,פנמה,7,5,12
2021-08-03T00:00:00.000Z,פינלנד,7,3,10
2021-08-03T00:00:00.000Z,פיליפינים,0,5,5
2021-08-03T00:00:00.000Z,פורטוגל,22,2,24
2021-08-03T00:00:00.000Z,פולין,154,46,200
2021-08-03T00:00:00.000Z,עירק,0,8,8
2021-08-03T00:00:00.000Z,סרביה,72,12,84
2021-08-03T00:00:00.000Z,ספרד,73,52,125
2021-08-03T00:00:00.000Z,סלובקיה,6,1,7
2021-08-03T00:00:00.000Z,סלובניה,4,2,6
2021-08-03T00:00:00.000Z,סין,2,12,14
2021-08-03T00:00:00.000Z,נפאל,0,2,2
2021-08-03T00:00:00.000Z,ניקרגואה,1,0,1
2021-08-03T00:00:00.000Z,ניו זילנד,0,1,1
2021-08-03T00:00:00.000Z,ניגריה,3,0,3
2021-08-03T00:00:00.000Z,נורבגיה,2,0,2
2021-08-03T00:00:00.000Z,מרוקו,9,5,14
2021-08-03T00:00:00.000Z,מקסיקו,0,5,5
2021-08-03T00:00:00.000Z,מצרים,496,269,765
2021-08-03T00:00:00.000Z,מלטה,0,7,7
2021-08-03T00:00:00.000Z,מלדיבים,11,1,12
2021-08-03T00:00:00.000Z,מונקו,1,0,1
2021-08-03T00:00:00.000Z,מונטנגרו,1,1,2
2021-08-03T00:00:00.000Z,מולדובה,65,19,84
2021-08-03T00:00:00.000Z,מוזמביק,2,0,2
2021-08-03T00:00:00.000Z,מאלי,3,0,3
2021-08-03T00:00:00.000Z,לסוטו,1,0,1
2021-08-03T00:00:00.000Z,ליטא,12,0,12
2021-08-03T00:00:00.000Z,תאילנד,4,1,5
2021-08-03T00:00:00.000Z,לבנון,1,1,2
2021-08-03T00:00:00.000Z,כלל המדינות,9690,7791,17481
2021-08-03T00:00:00.000Z,ירדן,159,63,222
2021-08-03T00:00:00.000Z,יפן,14,6,20
2021-08-03T00:00:00.000Z,יוון,1248,182,1430
2021-08-03T00:00:00.000Z,טנזניה,19,2,21
2021-08-03T00:00:00.000Z,חוף השנהב,3,0,3
2021-08-03T00:00:00.000Z,זאיר,2,0,2
2021-08-03T00:00:00.000Z,הרפ הדומיניקנית,7,0,7
2021-08-03T00:00:00.000Z,הממלכה המאוחדת,178,175,353
2021-08-03T00:00:00.000Z,הונגריה,150,62,212
2021-08-03T00:00:00.000Z,הונג קונג,4,16,20
2021-08-03T00:00:00.000Z,הולנד,238,40,278
2021-08-03T00:00:00.000Z,דרום אפריקה,1,6,7
2021-08-03T00:00:00.000Z,דנמרק,21,33,54
2021-08-03T00:00:00.000Z,גרמניה,537,185,722
2021-08-03T00:00:00.000Z,גינאה,0,1,1
2021-08-03T00:00:00.000Z,גיברלטר,2,2,4
2021-08-03T00:00:00.000Z,גווטאמלה,2,0,2
2021-08-03T00:00:00.000Z,גאנה,1,0,1
2021-08-03T00:00:00.000Z,גאורגיה,164,48,212
2021-08-03T00:00:00.000Z,ברזיל,0,6,6
2021-08-03T00:00:00.000Z,בלגיה,14,10,24
2021-08-03T00:00:00.000Z,בורקינה פאסו,1,0,1
2021-08-03T00:00:00.000Z,בוסניה הרצגובינה,14,13,27
2021-08-03T00:00:00.000Z,בוליביה,2,4,6
2021-08-03T00:00:00.000Z,בולגריה,460,65,525
2021-08-03T00:00:00.000Z,בהמס,1,0,1
2021-08-03T00:00:00.000Z,אתיופיה,15,6,21
2021-08-03T00:00:00.000Z,ארצות הברית,1028,1331,2359
2021-08-03T00:00:00.000Z,ארמניה,2,6,8
2021-08-03T00:00:00.000Z,ארגנטינה,1,1,2
2021-08-03T00:00:00.000Z,אקואדור,3,6,9
2021-08-03T00:00:00.000Z,אסטוניה,8,5,13
2021-08-03T00:00:00.000Z,אנטיגואה וברבודה,1,0,1
2021-08-03T00:00:00.000Z,אנגולה,1,0,1
2021-08-03T00:00:00.000Z,אלבניה,72,11,83
2021-08-03T00:00:00.000Z,אירלנד,9,3,12
2021-08-03T00:00:00.000Z,איסלנד,356,3,359
2021-08-03T00:00:00.000Z,איטליה,404,130,534
2021-08-03T00:00:00.000Z,אזרביג'אן,4,1,5
2021-08-03T00:00:00.000Z,אורגוואי,8,6,14
2021-08-03T00:00:00.000Z,אוקראינה,298,193,491
2021-08-03T00:00:00.000Z,אוסטרליה,0,3,3
2021-08-03T00:00:00.000Z,אוסטריה,296,109,405
2021-08-03T00:00:00.000Z,אוזבקיסטן,2,0,2
2021-08-03T00:00:00.000Z,איחוד האמירויות הערב,19,19,38
2021-08-03T00:00:00.000Z,תורכיה,954,449,1403
2021-08-04T00:00:00.000Z,תורכיה,1207,576,1783
2021-08-04T00:00:00.000Z,תוניסיה,2,2,4
2021-08-04T00:00:00.000Z,תאילנד,2,1,3
2021-08-04T00:00:00.000Z,שוויץ,504,404,908
2021-08-04T00:00:00.000Z,שוודיה,8,10,18
2021-08-04T00:00:00.000Z,רוסיה,28,45,73
2021-08-04T00:00:00.000Z,רומניה,571,133,704
2021-08-04T00:00:00.000Z,רואנדה,2,0,2
2021-08-04T00:00:00.000Z,קרואטיה,15,4,19
2021-08-04T00:00:00.000Z,קפריסין,68,34,102
2021-08-04T00:00:00.000Z,קניה,3,2,5
2021-08-04T00:00:00.000Z,קנדה,41,136,177
2021-08-04T00:00:00.000Z,קירג'זסטאן,2,1,3
2021-08-04T00:00:00.000Z,קזחסטאן,6,3,9
2021-08-04T00:00:00.000Z,קוריאה הדרומית,0,3,3
2021-08-04T00:00:00.000Z,קוסטה ריקה,6,0,6
2021-08-04T00:00:00.000Z,קולומביה,1,2,3
2021-08-04T00:00:00.000Z,צרפת,647,852,1499
2021-08-04T00:00:00.000Z,צכיה,80,16,96
2021-08-04T00:00:00.000Z,צ'ילה,0,2,2
2021-08-04T00:00:00.000Z,פרו,6,3,9
2021-08-04T00:00:00.000Z,פרגוואי,14,0,14
2021-08-04T00:00:00.000Z,פנמה,3,7,10
2021-08-04T00:00:00.000Z,פינלנד,30,17,47
2021-08-04T00:00:00.000Z,פיליפינים,1,73,74
2021-08-04T00:00:00.000Z,פורטוגל,6,0,6
2021-08-04T00:00:00.000Z,פולין,50,14,64
2021-08-04T00:00:00.000Z,סרביה,45,15,60
2021-08-04T00:00:00.000Z,ספרד,4,2,6
2021-08-04T00:00:00.000Z,סנגל,0,3,3
2021-08-04T00:00:00.000Z,סלובקיה,1,0,1
2021-08-04T00:00:00.000Z,סלובניה,137,14,151
2021-08-04T00:00:00.000Z,סינגפור,0,4,4
2021-08-04T00:00:00.000Z,סין,1,38,39
2021-08-04T00:00:00.000Z,סיירה ליאונה,0,1,1
2021-08-04T00:00:00.000Z,סורינם,1,0,1
2021-08-04T00:00:00.000Z,סוריה,2,2,4
2021-08-04T00:00:00.000Z,ניגריה,4,1,5
2021-08-04T00:00:00.000Z,נורבגיה,4,3,7
2021-08-04T00:00:00.000Z,מרוקו,0,1,1
2021-08-04T00:00:00.000Z,מקסיקו,5,6,11
2021-08-04T00:00:00.000Z,מקדוניה,1,0,1
2021-08-04T00:00:00.000Z,מצרים,469,159,628
2021-08-04T00:00:00.000Z,מלטה,11,17,28
2021-08-04T00:00:00.000Z,מלדיבים,28,4,32
2021-08-04T00:00:00.000Z,מלאווי,0,1,1
2021-08-04T00:00:00.000Z,מונטנגרו,144,7,151
2021-08-04T00:00:00.000Z,מולדובה,0,1,1
2021-08-04T00:00:00.000Z,מאלי,0,1,1
2021-08-04T00:00:00.000Z,ליטא,1,0,1
2021-08-04T00:00:00.000Z,לוכסמבורג,0,1,1
2021-08-04T00:00:00.000Z,כלל המדינות,11432,9494,20926
2021-08-04T00:00:00.000Z,כווית,1,0,1
2021-08-04T00:00:00.000Z,ירדן,199,63,262
2021-08-04T00:00:00.000Z,יפן,1,4,5
2021-08-04T00:00:00.000Z,יוון,890,216,1106
2021-08-04T00:00:00.000Z,טנזניה,142,9,151
2021-08-04T00:00:00.000Z,טיוואן,0,2,2
2021-08-04T00:00:00.000Z,זאיר,1,0,1
2021-08-04T00:00:00.000Z,אבחזיסטאן,1,1,2
2021-08-04T00:00:00.000Z,אוזבקיסטן,0,2,2
2021-08-04T00:00:00.000Z,אוסטריה,467,206,673
2021-08-04T00:00:00.000Z,אוסטרליה,2,13,15
2021-08-04T00:00:00.000Z,אוקראינה,483,305,788
2021-08-04T00:00:00.000Z,אורגוואי,4,0,4
2021-08-04T00:00:00.000Z,איחוד האמירויות הערב,36,36,72
2021-08-04T00:00:00.000Z,אוגנדה,2,0,2
2021-08-04T00:00:00.000Z,ונצואלה,1,1,2
2021-08-04T00:00:00.000Z,ויטנאם,0,4,4
2021-08-04T00:00:00.000Z,הממלכה המאוחדת,200,215,415
2021-08-04T00:00:00.000Z,הונגריה,157,128,285
2021-08-04T00:00:00.000Z,הונג קונג,0,5,5
2021-08-04T00:00:00.000Z,הולנד,250,99,349
2021-08-04T00:00:00.000Z,דרום סודאן,1,0,1
2021-08-04T00:00:00.000Z,דרום אפריקה,0,1,1
2021-08-04T00:00:00.000Z,דנמרק,16,20,36
2021-08-04T00:00:00.000Z,גרמניה,514,314,828
2021-08-04T00:00:00.000Z,גיברלטר,3,0,3
2021-08-04T00:00:00.000Z,גאנה,2,1,3
2021-08-04T00:00:00.000Z,גאורגיה,132,52,184
2021-08-04T00:00:00.000Z,ברזיל,1,0,1
2021-08-04T00:00:00.000Z,בלגיה,120,156,276
2021-08-04T00:00:00.000Z,בילורוסיה,43,16,59
2021-08-04T00:00:00.000Z,בורקינה פאסו,2,0,2
2021-08-04T00:00:00.000Z,בוסניה הרצגובינה,3,0,3
2021-08-04T00:00:00.000Z,בוליביה,1,0,1
2021-08-04T00:00:00.000Z,בולגריה,413,47,460
2021-08-04T00:00:00.000Z,בוטסואנה,1,1,2
2021-08-04T00:00:00.000Z,אתיופיה,18,6,24
2021-08-04T00:00:00.000Z,ארצות הברית,1314,1893,3207
2021-08-04T00:00:00.000Z,ארמניה,4,3,7
2021-08-04T00:00:00.000Z,אזרביג'אן,3,0,3
2021-08-04T00:00:00.000Z,איטליה,517,187,704
2021-08-04T00:00:00.000Z,איסלנד,231,5,236
2021-08-04T00:00:00.000Z,אירלנד,6,3,9
2021-08-04T00:00:00.000Z,אלבניה,1,0,1
2021-08-04T00:00:00.000Z,אנגולה,2,0,2
2021-08-04T00:00:00.000Z,אסטוניה,3,0,3
2021-08-04T00:00:00.000Z,אקואדור,1,0,1
2021-08-04T00:00:00.000Z,תורכמניסטאן,16,5,21
2021-08-05T00:00:00.000Z,אוגנדה,5,0,5
2021-08-05T00:00:00.000Z,תורכמניסטאן,4,7,11
2021-08-05T00:00:00.000Z,תוניסיה,1,0,1
2021-08-05T00:00:00.000Z,תאילנד,100,42,142
2021-08-05T00:00:00.000Z,שוויץ,342,307,649
2021-08-05T00:00:00.000Z,שוודיה,9,6,15
2021-08-05T00:00:00.000Z,רוסיה,25,98,123
2021-08-05T00:00:00.000Z,רומניה,270,59,329
2021-08-05T00:00:00.000Z,רואנדה,1,0,1
2021-08-05T00:00:00.000Z,קרואטיה,5,6,11
2021-08-05T00:00:00.000Z,קפריסין,156,85,241
2021-08-05T00:00:00.000Z,קניה,7,2,9
2021-08-05T00:00:00.000Z,קנדה,54,118,172
2021-08-05T00:00:00.000Z,קמרון,2,0,2
2021-08-05T00:00:00.000Z,קירג'זסטאן,1,0,1
2021-08-05T00:00:00.000Z,קוסטה ריקה,19,9,28
2021-08-05T00:00:00.000Z,קולומביה,5,1,6
2021-08-05T00:00:00.000Z,קובה,1,0,1
2021-08-05T00:00:00.000Z,צרפת,531,582,1113
2021-08-05T00:00:00.000Z,צכיה,80,15,95
2021-08-05T00:00:00.000Z,צ'ילה,1,1,2
2021-08-05T00:00:00.000Z,פרו,5,2,7
2021-08-05T00:00:00.000Z,פרגוואי,1,2,3
2021-08-05T00:00:00.000Z,פנמה,3,10,13
2021-08-05T00:00:00.000Z,פינלנד,1,0,1
2021-08-05T00:00:00.000Z,פיליפינים,1,10,11
2021-08-05T00:00:00.000Z,פורטוגל,144,35,179
2021-08-05T00:00:00.000Z,פולין,35,29,64
2021-08-05T00:00:00.000Z,עירק,1,0,1
2021-08-05T00:00:00.000Z,סרי לנקה (צילון),0,2,2
2021-08-05T00:00:00.000Z,סרביה,11,9,20
2021-08-05T00:00:00.000Z,ספרד,111,56,167
2021-08-05T00:00:00.000Z,סלובניה,7,1,8
2021-08-05T00:00:00.000Z,סינגפור,1,0,1
2021-08-05T00:00:00.000Z,סין,0,1,1
2021-08-05T00:00:00.000Z,סיירה ליאונה,1,0,1
2021-08-05T00:00:00.000Z,סוריה,0,1,1
2021-08-05T00:00:00.000Z,נמיביה,1,2,3
2021-08-05T00:00:00.000Z,ניקרגואה,2,0,2
2021-08-05T00:00:00.000Z,ניגריה,4,1,5
2021-08-05T00:00:00.000Z,נורבגיה,3,1,4
2021-08-05T00:00:00.000Z,מרוקו,11,3,14
2021-08-05T00:00:00.000Z,מצרים,616,222,838
2021-08-05T00:00:00.000Z,מלדיבים,33,1,34
2021-08-05T00:00:00.000Z,מולדובה,120,60,180
2021-08-05T00:00:00.000Z,ליטא,112,8,120
2021-08-05T00:00:00.000Z,לטביה,3,0,3
2021-08-05T00:00:00.000Z,לוכסמבורג,3,0,3
2021-08-05T00:00:00.000Z,לבנון,0,1,1
2021-08-05T00:00:00.000Z,כלל המדינות,11979,10167,22146
2021-08-05T00:00:00.000Z,ירדן,516,249,765
2021-08-05T00:00:00.000Z,יפן,9,1,10
2021-08-05T00:00:00.000Z,יוון,1993,443,2436
2021-08-05T00:00:00.000Z,טנזניה,20,6,26
2021-08-05T00:00:00.000Z,טיוואן,0,1,1
2021-08-05T00:00:00.000Z,חוף השנהב,0,5,5
2021-08-05T00:00:00.000Z,זאיר,2,0,2
2021-08-05T00:00:00.000Z,הרפ הדומיניקנית,9,3,12
2021-08-05T00:00:00.000Z,הממלכה המאוחדת,226,172,398
2021-08-05T00:00:00.000Z,הונגריה,157,121,278
2021-08-05T00:00:00.000Z,הונג קונג,1,0,1
2021-08-05T00:00:00.000Z,הולנד,248,108,356
2021-08-05T00:00:00.000Z,דרום סודאן,2,0,2
2021-08-05T00:00:00.000Z,דרום אפריקה,1,8,9
2021-08-05T00:00:00.000Z,דנמרק,14,5,19
2021-08-05T00:00:00.000Z,גרמניה,288,131,419
2021-08-05T00:00:00.000Z,גיברלטר,1,1,2
2021-08-05T00:00:00.000Z,גווטאמלה,4,1,5
2021-08-05T00:00:00.000Z,גבון,1,0,1
2021-08-05T00:00:00.000Z,גאנה,4,4,8
2021-08-05T00:00:00.000Z,גאורגיה,84,22,106
2021-08-05T00:00:00.000Z,ברזיל,4,5,9
2021-08-05T00:00:00.000Z,בלגיה,67,100,167
2021-08-05T00:00:00.000Z,בילורוסיה,0,1,1
2021-08-05T00:00:00.000Z,בחריין,2,0,2
2021-08-05T00:00:00.000Z,בוסניה הרצגובינה,4,3,7
2021-08-05T00:00:00.000Z,בולגריה,558,105,663
2021-08-05T00:00:00.000Z,אתיופיה,26,17,43
2021-08-05T00:00:00.000Z,ארצות הברית,1585,2136,3721
2021-08-05T00:00:00.000Z,ארמניה,54,15,69
2021-08-05T00:00:00.000Z,ארגנטינה,1,13,14
2021-08-05T00:00:00.000Z,אקואדור,3,0,3
2021-08-05T00:00:00.000Z,אסטוניה,3,0,3
2021-08-05T00:00:00.000Z,אנגולה,2,0,2
2021-08-05T00:00:00.000Z,אל סלבדור,0,1,1
2021-08-05T00:00:00.000Z,אירלנד,9,4,13
2021-08-05T00:00:00.000Z,איסלנד,143,2,145
2021-08-05T00:00:00.000Z,איי סיישל,5,4,9
2021-08-05T00:00:00.000Z,איי גילברט ואליס,2,0,2
2021-08-05T00:00:00.000Z,איטליה,552,225,777
2021-08-05T00:00:00.000Z,אזרביג'אן,60,20,80
2021-08-05T00:00:00.000Z,אוקראינה,459,240,699
2021-08-05T00:00:00.000Z,אוסטרליה,7,5,12
2021-08-05T00:00:00.000Z,אוסטריה,248,167,415
2021-08-05T00:00:00.000Z,אוזבקיסטן,2,2,4
2021-08-05T00:00:00.000Z,תורכיה,896,561,1457
2021-08-05T00:00:00.000Z,אבחזיסטאן,1,0,1
2021-08-05T00:00:00.000Z,איחוד האמירויות הערב,20,4,24
2021-08-06T00:00:00.000Z,לטביה,4,0,4
2021-08-06T00:00:00.000Z,תורכיה,636,291,927
2021-08-06T00:00:00.000Z,שוויץ,573,344,917
2021-08-06T00:00:00.000Z,שוודיה,11,12,23
2021-08-06T00:00:00.000Z,רוסיה,50,51,101
2021-08-06T00:00:00.000Z,רומניה,437,103,540
2021-08-06T00:00:00.000Z,רואנדה,0,1,1
2021-08-06T00:00:00.000Z,קרואטיה,19,3,22
2021-08-06T00:00:00.000Z,קפריסין,34,19,53
2021-08-06T00:00:00.000Z,קניה,0,2,2
2021-08-06T00:00:00.000Z,קנדה,55,81,136
2021-08-06T00:00:00.000Z,קמרון,1,0,1
2021-08-06T00:00:00.000Z,קירג'זסטאן,6,1,7
2021-08-06T00:00:00.000Z,קטר,6,0,6
2021-08-06T00:00:00.000Z,קזחסטאן,4,0,4
2021-08-06T00:00:00.000Z,קוריאה הדרומית,3,0,3
2021-08-06T00:00:00.000Z,קוסטה ריקה,5,6,11
2021-08-06T00:00:00.000Z,קולומביה,6,0,6
2021-08-06T00:00:00.000Z,צרפת,433,336,769
2021-08-06T00:00:00.000Z,צכיה,246,51,297
2021-08-06T00:00:00.000Z,פרו,3,0,3
2021-08-06T00:00:00.000Z,פרגוואי,0,1,1
2021-08-06T00:00:00.000Z,פנמה,1,0,1
2021-08-06T00:00:00.000Z,פינלנד,36,17,53
2021-08-06T00:00:00.000Z,פיליפינים,1,5,6
2021-08-06T00:00:00.000Z,פורטוגל,10,0,10
2021-08-06T00:00:00.000Z,פורטו ריקו,0,1,1
2021-08-06T00:00:00.000Z,פולין,242,48,290
2021-08-06T00:00:00.000Z,סרי לנקה (צילון),3,5,8
2021-08-06T00:00:00.000Z,סרביה,83,20,103
2021-08-06T00:00:00.000Z,ספרד,11,7,18
2021-08-06T00:00:00.000Z,סלובקיה,2,0,2
2021-08-06T00:00:00.000Z,סלובניה,8,0,8
2021-08-06T00:00:00.000Z,סינגפור,0,7,7
2021-08-06T00:00:00.000Z,סין,0,1,1
2021-08-06T00:00:00.000Z,סודן,1,0,1
2021-08-06T00:00:00.000Z,נפאל,0,1,1
2021-08-06T00:00:00.000Z,נורבגיה,1,0,1
2021-08-06T00:00:00.000Z,מרוקו,45,50,95
2021-08-06T00:00:00.000Z,מקסיקו,0,3,3
2021-08-06T00:00:00.000Z,מצרים,776,319,1095
2021-08-06T00:00:00.000Z,מלדיבים,22,0,22
2021-08-06T00:00:00.000Z,מונטנגרו,159,12,171
2021-08-06T00:00:00.000Z,מולדובה,49,26,75
2021-08-06T00:00:00.000Z,מאלי,1,0,1
2021-08-06T00:00:00.000Z,ליטא,6,1,7
2021-08-06T00:00:00.000Z,תוניסיה,2,4,6
2021-08-06T00:00:00.000Z,כלל המדינות,11157,6308,17465
2021-08-06T00:00:00.000Z,ירדן,1,6,7
2021-08-06T00:00:00.000Z,יפן,12,4,16
2021-08-06T00:00:00.000Z,יוון,1487,229,1716
2021-08-06T00:00:00.000Z,טנזניה,0,1,1
2021-08-06T00:00:00.000Z,טיוואן,1,5,6
2021-08-06T00:00:00.000Z,זאיר,1,0,1
2021-08-06T00:00:00.000Z,ונצואלה,0,1,1
2021-08-06T00:00:00.000Z,הרפ הדומיניקנית,1,0,1
2021-08-06T00:00:00.000Z,הממלכה המאוחדת,50,61,111
2021-08-06T00:00:00.000Z,הונגריה,78,56,134
2021-08-06T00:00:00.000Z,הולנד,194,60,254
2021-08-06T00:00:00.000Z,דרום אפריקה,0,1,1
2021-08-06T00:00:00.000Z,דנמרק,5,2,7
2021-08-06T00:00:00.000Z,גרמניה,650,284,934
2021-08-06T00:00:00.000Z,גיברלטר,4,3,7
2021-08-06T00:00:00.000Z,גויאנה הצרפתית,0,3,3
2021-08-06T00:00:00.000Z,גווטאמלה,5,0,5
2021-08-06T00:00:00.000Z,גאנה,1,0,1
2021-08-06T00:00:00.000Z,גאורגיה,92,10,102
2021-08-06T00:00:00.000Z,ברזיל,0,1,1
2021-08-06T00:00:00.000Z,בלגיה,84,70,154
2021-08-06T00:00:00.000Z,בילורוסיה,1,0,1
2021-08-06T00:00:00.000Z,בוסניה הרצגובינה,10,9,19
2021-08-06T00:00:00.000Z,בוליביה,2,0,2
2021-08-06T00:00:00.000Z,בולגריה,505,89,594
2021-08-06T00:00:00.000Z,בהמס,0,2,2
2021-08-06T00:00:00.000Z,ארצות הברית,1313,1171,2484
2021-08-06T00:00:00.000Z,ארגנטינה,0,1,1
2021-08-06T00:00:00.000Z,אקואדור,2,1,3
2021-08-06T00:00:00.000Z,אסטוניה,10,0,10
2021-08-06T00:00:00.000Z,אנגולה,1,0,1
2021-08-06T00:00:00.000Z,תורכמניסטאן,5,0,5
2021-08-06T00:00:00.000Z,איחוד האמירויות הערב,23,11,34
2021-08-06T00:00:00.000Z,אירן,1,0,1
2021-08-06T00:00:00.000Z,אירלנד,18,2,20
2021-08-06T00:00:00.000Z,אוגנדה,0,1,1
2021-08-06T00:00:00.000Z,אוסטריה,652,173,825
2021-08-06T00:00:00.000Z,אוסטרליה,4,6,10
2021-08-06T00:00:00.000Z,אוקראינה,450,214,664
2021-08-06T00:00:00.000Z,אורגוואי,5,0,5
2021-08-06T00:00:00.000Z,אזרביג'אן,5,2,7
2021-08-06T00:00:00.000Z,איטליה,498,134,632
2021-08-06T00:00:00.000Z,איי טורקס וקייקוס,2,1,3
2021-08-06T00:00:00.000Z,איי סיישל,4,0,4
2021-08-06T00:00:00.000Z,איסלנד,55,0,55
2021-08-07T00:00:00.000Z,אסטוניה,10,0,10
2021-08-07T00:00:00.000Z,אנדורה,2,0,2
2021-08-07T00:00:00.000Z,אנגולה,1,0,1
2021-08-07T00:00:00.000Z,גינאה,2,0,2
2021-08-07T00:00:00.000Z,אלבניה,3,0,3
2021-08-07T00:00:00.000Z,אירלנד,8,3,11
2021-08-07T00:00:00.000Z,איסלנד,47,1,48
2021-08-07T00:00:00.000Z,גאנה,7,5,12
2021-08-07T00:00:00.000Z,גרמניה,194,75,269
2021-08-07T00:00:00.000Z,דנמרק,10,7,17
2021-08-07T00:00:00.000Z,דרום אפריקה,1,4,5
2021-08-07T00:00:00.000Z,הודו,1,0,1
2021-08-07T00:00:00.000Z,הולנד,186,19,205
2021-08-07T00:00:00.000Z,הונגריה,61,28,89
2021-08-07T00:00:00.000Z,הממלכה המאוחדת,11,34,45
2021-08-07T00:00:00.000Z,הרפ הדומיניקנית,4,0,4
2021-08-07T00:00:00.000Z,איי טורקס וקייקוס,2,0,2
2021-08-07T00:00:00.000Z,איטליה,120,50,170
2021-08-07T00:00:00.000Z,איחוד האמירויות הערב,14,3,17
2021-08-07T00:00:00.000Z,אזרביג'אן,11,0,11
2021-08-07T00:00:00.000Z,אוקראינה,202,79,281
2021-08-07T00:00:00.000Z,ויטנאם,1,0,1
2021-08-07T00:00:00.000Z,זאיר,3,1,4
2021-08-07T00:00:00.000Z,זימבאבווה,1,1,2
2021-08-07T00:00:00.000Z,זמביה,4,1,5
2021-08-07T00:00:00.000Z,חוף השנהב,4,1,5
2021-08-07T00:00:00.000Z,טג'יקיסטאן,2,0,2
2021-08-07T00:00:00.000Z,טוגו,4,0,4
2021-08-07T00:00:00.000Z,טיוואן,0,1,1
2021-08-07T00:00:00.000Z,טנזניה,20,0,20
2021-08-07T00:00:00.000Z,יוון,865,119,984
2021-08-07T00:00:00.000Z,יפן,4,1,5
2021-08-07T00:00:00.000Z,ירדן,6,3,9
2021-08-07T00:00:00.000Z,כלל המדינות,5832,3876,9708
2021-08-07T00:00:00.000Z,לוכסמבורג,0,1,1
2021-08-07T00:00:00.000Z,לטביה,77,14,91
2021-08-07T00:00:00.000Z,ליטא,3,0,3
2021-08-07T00:00:00.000Z,מוזמביק,1,0,1
2021-08-07T00:00:00.000Z,גאורגיה,47,10,57
2021-08-07T00:00:00.000Z,מונקו,2,1,3
2021-08-07T00:00:00.000Z,מלדיבים,16,4,20
2021-08-07T00:00:00.000Z,מצרים,849,286,1135
2021-08-07T00:00:00.000Z,מרוקו,2,0,2
2021-08-07T00:00:00.000Z,נורבגיה,1,4,5
2021-08-07T00:00:00.000Z,ניגריה,3,1,4
2021-08-07T00:00:00.000Z,סין,0,1,1
2021-08-07T00:00:00.000Z,סינגפור,5,4,9
2021-08-07T00:00:00.000Z,סלובניה,0,2,2
2021-08-07T00:00:00.000Z,סנגל,0,1,1
2021-08-07T00:00:00.000Z,ספרד,4,4,8
2021-08-07T00:00:00.000Z,סרביה,53,10,63
2021-08-07T00:00:00.000Z,סרי לנקה (צילון),0,1,1
2021-08-07T00:00:00.000Z,פולין,168,24,192
2021-08-07T00:00:00.000Z,פורטוגל,19,4,23
2021-08-07T00:00:00.000Z,פיליפינים,0,10,10
2021-08-07T00:00:00.000Z,פינלנד,10,4,14
2021-08-07T00:00:00.000Z,פנמה,1,1,2
2021-08-07T00:00:00.000Z,פרו,2,0,2
2021-08-07T00:00:00.000Z,צ'ילה,1,6,7
2021-08-07T00:00:00.000Z,צכיה,4,2,6
2021-08-07T00:00:00.000Z,צרפת,307,188,495
2021-08-07T00:00:00.000Z,קולומביה,0,3,3
2021-08-07T00:00:00.000Z,קונגו,1,0,1
2021-08-07T00:00:00.000Z,קוסטה ריקה,5,1,6
2021-08-07T00:00:00.000Z,קוריאה הדרומית,4,4,8
2021-08-07T00:00:00.000Z,קמבודיה,0,1,1
2021-08-07T00:00:00.000Z,קמרון,1,1,2
2021-08-07T00:00:00.000Z,קנדה,28,48,76
2021-08-07T00:00:00.000Z,קפריסין,23,15,38
2021-08-07T00:00:00.000Z,קרואטיה,25,3,28
2021-08-07T00:00:00.000Z,רואנדה,7,1,8
2021-08-07T00:00:00.000Z,רומניה,479,106,585
2021-08-07T00:00:00.000Z,רוסיה,3,0,3
2021-08-07T00:00:00.000Z,שוודיה,10,2,12
2021-08-07T00:00:00.000Z,שוויץ,119,32,151
2021-08-07T00:00:00.000Z,תאילנד,2,0,2
2021-08-07T00:00:00.000Z,תוניסיה,0,1,1
2021-08-07T00:00:00.000Z,תורכיה,364,166,530
2021-08-07T00:00:00.000Z,תורכמניסטאן,5,0,5
2021-08-07T00:00:00.000Z,אוסטרליה,0,2,2
2021-08-07T00:00:00.000Z,אוסטריה,214,45,259
2021-08-07T00:00:00.000Z,אוזבקיסטן,2,0,2
2021-08-07T00:00:00.000Z,גווטאמלה,2,0,2
2021-08-07T00:00:00.000Z,בלגיה,6,3,9
2021-08-07T00:00:00.000Z,בוסניה הרצגובינה,11,7,18
2021-08-07T00:00:00.000Z,בולגריה,128,21,149
2021-08-07T00:00:00.000Z,אתיופיה,20,7,27
2021-08-07T00:00:00.000Z,ארצות הברית,690,822,1512
2021-08-07T00:00:00.000Z,ארמניה,4,0,4
2021-08-07T00:00:00.000Z,מונטנגרו,5,1,6
2021-08-08T00:00:00.000Z,תורכמניסטאן,0,4,4
2021-08-08T00:00:00.000Z,אוזבקיסטן,1,0,1
2021-08-08T00:00:00.000Z,אוסטריה,77,285,362
2021-08-08T00:00:00.000Z,אוסטרליה,1,16,17
2021-08-08T00:00:00.000Z,אוקראינה,245,604,849
2021-08-08T00:00:00.000Z,אורגוואי,0,4,4
2021-08-08T00:00:00.000Z,אזרביג'אן,31,80,111
2021-08-08T00:00:00.000Z,איטליה,202,768,970
2021-08-08T00:00:00.000Z,איי סיישל,0,1,1
2021-08-08T00:00:00.000Z,איסלנד,14,56,70
2021-08-08T00:00:00.000Z,אירלנד,2,6,8
2021-08-08T00:00:00.000Z,אנדורה,0,2,2
2021-08-08T00:00:00.000Z,אסטוניה,7,20,27
2021-08-08T00:00:00.000Z,ארגנטינה,0,2,2
2021-08-08T00:00:00.000Z,ארצות הברית,236,1845,2081
2021-08-08T00:00:00.000Z,בהמס,0,3,3
2021-08-08T00:00:00.000Z,בולגריה,223,539,762
2021-08-08T00:00:00.000Z,בוליביה,1,1,2
2021-08-08T00:00:00.000Z,בוסניה הרצגובינה,1,3,4
2021-08-08T00:00:00.000Z,בחריין,2,2,4
2021-08-08T00:00:00.000Z,בילורוסיה,0,9,9
2021-08-08T00:00:00.000Z,בלגיה,27,161,188
2021-08-08T00:00:00.000Z,גאורגיה,14,64,78
2021-08-08T00:00:00.000Z,גאנה,2,0,2
2021-08-08T00:00:00.000Z,גווטאמלה,0,1,1
2021-08-08T00:00:00.000Z,גרמניה,118,572,690
2021-08-08T00:00:00.000Z,דומיניקה,0,1,1
2021-08-08T00:00:00.000Z,דנמרק,6,36,42
2021-08-08T00:00:00.000Z,דרום אפריקה,0,1,1
2021-08-08T00:00:00.000Z,הודו,1,3,4
2021-08-08T00:00:00.000Z,הולנד,63,283,346
2021-08-08T00:00:00.000Z,הונגריה,19,99,118
2021-08-08T00:00:00.000Z,הממלכה המאוחדת,56,405,461
2021-08-08T00:00:00.000Z,הרפ הדומיניקנית,0,1,1
2021-08-08T00:00:00.000Z,טנזניה,0,1,1
2021-08-08T00:00:00.000Z,יוון,625,1943,2568
2021-08-08T00:00:00.000Z,יפן,1,9,10
2021-08-08T00:00:00.000Z,ירדן,219,834,1053
2021-08-08T00:00:00.000Z,כלל המדינות,3593,16807,20400
2021-08-08T00:00:00.000Z,לוכסמבורג,0,5,5
2021-08-08T00:00:00.000Z,לטביה,0,1,1
2021-08-08T00:00:00.000Z,איחוד האמירויות הערב,11,43,54
2021-08-08T00:00:00.000Z,מדגסקר,0,1,1
2021-08-08T00:00:00.000Z,מולדובה,34,128,162
2021-08-08T00:00:00.000Z,מונטנגרו,0,3,3
2021-08-08T00:00:00.000Z,מלדיבים,9,22,31
2021-08-08T00:00:00.000Z,מלטה,1,2,3
2021-08-08T00:00:00.000Z,מצרים,393,1155,1548
2021-08-08T00:00:00.000Z,מקסיקו,0,4,4
2021-08-08T00:00:00.000Z,מרוקו,0,4,4
2021-08-08T00:00:00.000Z,נורבגיה,9,16,25
2021-08-08T00:00:00.000Z,ניגריה,1,3,4
2021-08-08T00:00:00.000Z,נפאל,0,1,1
2021-08-08T00:00:00.000Z,סין,0,2,2
2021-08-08T00:00:00.000Z,סינגפור,0,1,1
2021-08-08T00:00:00.000Z,סלובניה,0,2,2
2021-08-08T00:00:00.000Z,סלובקיה,2,0,2
2021-08-08T00:00:00.000Z,ספרד,12,41,53
2021-08-08T00:00:00.000Z,סרביה,0,5,5
2021-08-08T00:00:00.000Z,עומן,0,1,1
2021-08-08T00:00:00.000Z,פולין,9,62,71
2021-08-08T00:00:00.000Z,פורטו ריקו,0,2,2
2021-08-08T00:00:00.000Z,פורטוגל,3,27,30
2021-08-08T00:00:00.000Z,פיליפינים,0,6,6
2021-08-08T00:00:00.000Z,פינלנד,2,4,6
2021-08-08T00:00:00.000Z,צכיה,40,107,147
2021-08-08T00:00:00.000Z,צרפת,231,1347,1578
2021-08-08T00:00:00.000Z,קולומביה,0,5,5
2021-08-08T00:00:00.000Z,קוסובו,0,1,1
2021-08-08T00:00:00.000Z,קוסטה ריקה,0,7,7
2021-08-08T00:00:00.000Z,קוריאה הדרומית,3,5,8
2021-08-08T00:00:00.000Z,קזחסטאן,0,3,3
2021-08-08T00:00:00.000Z,קנדה,2,67,69
2021-08-08T00:00:00.000Z,קפריסין,15,83,98
2021-08-08T00:00:00.000Z,קרואטיה,7,18,25
2021-08-08T00:00:00.000Z,רומניה,120,303,423
2021-08-08T00:00:00.000Z,רוסיה,9,76,85
2021-08-08T00:00:00.000Z,שוודיה,7,10,17
2021-08-08T00:00:00.000Z,שוויץ,115,514,629
2021-08-08T00:00:00.000Z,תאילנד,21,107,128
2021-08-08T00:00:00.000Z,תוניסיה,1,3,4
2021-08-08T00:00:00.000Z,תורכיה,94,312,406
2021-08-08T00:00:00.000Z,ליטא,14,107,121
2021-08-09T00:00:00.000Z,קנדה,50,261,311
2021-08-09T00:00:00.000Z,קניה,0,9,9
2021-08-09T00:00:00.000Z,קפריסין,4,21,25
2021-08-09T00:00:00.000Z,קרואטיה,5,29,34
2021-08-09T00:00:00.000Z,רואנדה,1,4,5
2021-08-09T00:00:00.000Z,איחוד האמירויות הערב,11,28,39
2021-08-09T00:00:00.000Z,רוסיה,4,52,56
2021-08-09T00:00:00.000Z,שוודיה,6,15,21
2021-08-09T00:00:00.000Z,שוויץ,160,603,763
2021-08-09T00:00:00.000Z,תאילנד,0,1,1
2021-08-09T00:00:00.000Z,תורכיה,121,501,622
2021-08-09T00:00:00.000Z,תורכמניסטאן,3,18,21
2021-08-09T00:00:00.000Z,ספרד,11,32,43
2021-08-09T00:00:00.000Z,סנגל,1,0,1
2021-08-09T00:00:00.000Z,סלובניה,0,1,1
2021-08-09T00:00:00.000Z,סינגפור,0,1,1
2021-08-09T00:00:00.000Z,סין,0,1,1
2021-08-09T00:00:00.000Z,סורינם,1,0,1
2021-08-09T00:00:00.000Z,סוריה,1,0,1
2021-08-09T00:00:00.000Z,נמיביה,0,3,3
2021-08-09T00:00:00.000Z,ניגריה,1,8,9
2021-08-09T00:00:00.000Z,נורבגיה,1,4,5
2021-08-09T00:00:00.000Z,מרוקו,5,7,12
2021-08-09T00:00:00.000Z,מקסיקו,0,3,3
2021-08-09T00:00:00.000Z,מצרים,202,661,863
2021-08-09T00:00:00.000Z,מלדיבים,19,64,83
2021-08-09T00:00:00.000Z,מונטנגרו,43,111,154
2021-08-09T00:00:00.000Z,מולדובה,0,10,10
2021-08-09T00:00:00.000Z,מאלי,0,2,2
2021-08-09T00:00:00.000Z,ליטא,0,9,9
2021-08-09T00:00:00.000Z,לטביה,3,7,10
2021-08-09T00:00:00.000Z,לוכסמבורג,0,1,1
2021-08-09T00:00:00.000Z,לבנון,0,1,1
2021-08-09T00:00:00.000Z,כלל המדינות,3791,18314,22105
2021-08-09T00:00:00.000Z,ירדן,143,429,572
2021-08-09T00:00:00.000Z,יפן,3,10,13
2021-08-09T00:00:00.000Z,יוון,431,1335,1766
2021-08-09T00:00:00.000Z,טנזניה,28,183,211
2021-08-09T00:00:00.000Z,טג'יקיסטאן,0,10,10
2021-08-09T00:00:00.000Z,זימבאבווה,0,1,1
2021-08-09T00:00:00.000Z,זאיר,0,1,1
2021-08-09T00:00:00.000Z,הרפ הדומיניקנית,1,1,2
2021-08-09T00:00:00.000Z,הממלכה המאוחדת,42,283,325
2021-08-09T00:00:00.000Z,הונגריה,12,89,101
2021-08-09T00:00:00.000Z,הולנד,98,290,388
2021-08-09T00:00:00.000Z,הודו,2,74,76
2021-08-09T00:00:00.000Z,דרום אפריקה,2,8,10
2021-08-09T00:00:00.000Z,דנמרק,9,17,26
2021-08-09T00:00:00.000Z,דומיניקה,1,1,2
2021-08-09T00:00:00.000Z,גרמניה,233,781,1014
2021-08-09T00:00:00.000Z,גמביה,0,1,1
2021-08-09T00:00:00.000Z,גווטאמלה,0,1,1
2021-08-09T00:00:00.000Z,גאנה,0,1,1
2021-08-09T00:00:00.000Z,גאורגיה,31,122,153
2021-08-09T00:00:00.000Z,ברזיל,3,3,6
2021-08-09T00:00:00.000Z,בלגיה,53,218,271
2021-08-09T00:00:00.000Z,בילורוסיה,18,64,82
2021-08-09T00:00:00.000Z,בורקינה פאסו,0,2,2
2021-08-09T00:00:00.000Z,בוסניה הרצגובינה,4,22,26
2021-08-09T00:00:00.000Z,בולגריה,197,658,855
2021-08-09T00:00:00.000Z,בוטסואנה,1,8,9
2021-08-09T00:00:00.000Z,בהמס,1,0,1
2021-08-09T00:00:00.000Z,אתיופיה,9,21,30
2021-08-09T00:00:00.000Z,ארצות הברית,599,3666,4265
2021-08-09T00:00:00.000Z,ארמניה,1,5,6
2021-08-09T00:00:00.000Z,אקואדור,0,2,2
2021-08-09T00:00:00.000Z,אסטוניה,6,31,37
2021-08-09T00:00:00.000Z,אלבניה,2,9,11
2021-08-09T00:00:00.000Z,אירלנד,0,5,5
2021-08-09T00:00:00.000Z,איסלנד,7,43,50
2021-08-09T00:00:00.000Z,איטליה,129,535,664
2021-08-09T00:00:00.000Z,אזרביג'אן,0,5,5
2021-08-09T00:00:00.000Z,אורגוואי,3,11,14
2021-08-09T00:00:00.000Z,אוקראינה,200,684,884
2021-08-09T00:00:00.000Z,אוסטרליה,0,5,5
2021-08-09T00:00:00.000Z,אוסטריה,125,576,701
2021-08-09T00:00:00.000Z,אוזבקיסטן,1,2,3
2021-08-09T00:00:00.000Z,אוגנדה,3,4,7
2021-08-09T00:00:00.000Z,סרביה,29,103,132
2021-08-09T00:00:00.000Z,פאפואה,0,1,1
2021-08-09T00:00:00.000Z,פולין,53,209,262
2021-08-09T00:00:00.000Z,פורטוגל,34,152,186
2021-08-09T00:00:00.000Z,פיליפינים,0,6,6
2021-08-09T00:00:00.000Z,פינלנד,3,6,9
2021-08-09T00:00:00.000Z,פנמה,5,7,12
2021-08-09T00:00:00.000Z,פרגוואי,0,5,5
2021-08-09T00:00:00.000Z,פרו,2,1,3
2021-08-09T00:00:00.000Z,צכיה,73,237,310
2021-08-09T00:00:00.000Z,צרפת,189,1003,1192
2021-08-09T00:00:00.000Z,קולומביה,1,2,3
2021-08-09T00:00:00.000Z,קוסטה ריקה,5,12,17
2021-08-09T00:00:00.000Z,קוריאה הדרומית,0,1,1
2021-08-09T00:00:00.000Z,קזחסטאן,0,18,18
2021-08-09T00:00:00.000Z,קטר,0,2,2
2021-08-09T00:00:00.000Z,רומניה,142,334,476
2021-08-10T00:00:00.000Z,אזרביג'אן,3,12,15
2021-08-10T00:00:00.000Z,איטליה,148,586,734
2021-08-10T00:00:00.000Z,איסלנד,35,248,283
2021-08-10T00:00:00.000Z,אירלנד,1,5,6
2021-08-10T00:00:00.000Z,אלבניה,0,2,2
2021-08-10T00:00:00.000Z,אנגולה,1,7,8
2021-08-10T00:00:00.000Z,אסטוניה,5,51,56
2021-08-10T00:00:00.000Z,אקואדור,0,7,7
2021-08-10T00:00:00.000Z,ארגנטינה,0,1,1
2021-08-10T00:00:00.000Z,ארמניה,2,3,5
2021-08-10T00:00:00.000Z,רומניה,55,226,281
2021-08-10T00:00:00.000Z,רוסיה,14,63,77
2021-08-10T00:00:00.000Z,רפ מרכז אפריקנית,0,1,1
2021-08-10T00:00:00.000Z,שוודיה,2,17,19
2021-08-10T00:00:00.000Z,שוויץ,63,269,332
2021-08-10T00:00:00.000Z,תורכיה,84,258,342
2021-08-10T00:00:00.000Z,תורכמניסטאן,3,10,13
2021-08-10T00:00:00.000Z,ארצות הברית,418,2825,3243
2021-08-10T00:00:00.000Z,אתיופיה,2,19,21
2021-08-10T00:00:00.000Z,בולגריה,150,435,585
2021-08-10T00:00:00.000Z,בוסניה הרצגובינה,0,9,9
2021-08-10T00:00:00.000Z,בורקינה פאסו,0,1,1
2021-08-10T00:00:00.000Z,בחריין,0,2,2
2021-08-10T00:00:00.000Z,בלגיה,0,7,7
2021-08-10T00:00:00.000Z,בליז,0,1,1
2021-08-10T00:00:00.000Z,גווטאמלה,0,2,2
2021-08-10T00:00:00.000Z,גיברלטר,1,0,1
2021-08-10T00:00:00.000Z,גרמניה,171,765,936
2021-08-10T00:00:00.000Z,דנמרק,9,30,39
2021-08-10T00:00:00.000Z,דרום אפריקה,0,3,3
2021-08-10T00:00:00.000Z,הולנד,120,259,379
2021-08-10T00:00:00.000Z,הונג קונג,2,32,34
2021-08-10T00:00:00.000Z,הונגריה,36,98,134
2021-08-10T00:00:00.000Z,הממלכה המאוחדת,22,195,217
2021-08-10T00:00:00.000Z,הרפ הדומיניקנית,0,2,2
2021-08-10T00:00:00.000Z,זאיר,0,5,5
2021-08-10T00:00:00.000Z,חוף השנהב,0,1,1
2021-08-10T00:00:00.000Z,טנזניה,5,13,18
2021-08-10T00:00:00.000Z,יוון,501,1871,2372
2021-08-10T00:00:00.000Z,יפן,6,25,31
2021-08-10T00:00:00.000Z,ירדן,0,27,27
2021-08-10T00:00:00.000Z,כלל המדינות,3096,16104,19200
2021-08-10T00:00:00.000Z,לבנון,0,1,1
2021-08-10T00:00:00.000Z,לטביה,11,54,65
2021-08-10T00:00:00.000Z,ליטא,0,2,2
2021-08-10T00:00:00.000Z,מולדובה,0,74,74
2021-08-10T00:00:00.000Z,מונטנגרו,0,1,1
2021-08-10T00:00:00.000Z,מונקו,1,0,1
2021-08-10T00:00:00.000Z,מיאנמר (בורמה),0,1,1
2021-08-10T00:00:00.000Z,מלדיבים,15,51,66
2021-08-10T00:00:00.000Z,מלטה,1,4,5
2021-08-10T00:00:00.000Z,מצרים,402,1416,1818
2021-08-10T00:00:00.000Z,מקדוניה,0,2,2
2021-08-10T00:00:00.000Z,מקסיקו,0,11,11
2021-08-10T00:00:00.000Z,מרוקו,1,8,9
2021-08-10T00:00:00.000Z,נורבגיה,0,2,2
2021-08-10T00:00:00.000Z,ניגריה,0,3,3
2021-08-10T00:00:00.000Z,ניו זילנד,0,1,1
2021-08-10T00:00:00.000Z,נמיביה,0,2,2
2021-08-10T00:00:00.000Z,סוריה,1,2,3
2021-08-10T00:00:00.000Z,סין,1,30,31
2021-08-10T00:00:00.000Z,סלובניה,0,3,3
2021-08-10T00:00:00.000Z,ספרד,3,44,47
2021-08-10T00:00:00.000Z,סרביה,1,3,4
2021-08-10T00:00:00.000Z,פולין,52,187,239
2021-08-10T00:00:00.000Z,פורטוגל,12,20,32
2021-08-10T00:00:00.000Z,פינלנד,1,3,4
2021-08-10T00:00:00.000Z,פנמה,13,16,29
2021-08-10T00:00:00.000Z,פרו,0,4,4
2021-08-10T00:00:00.000Z,צ'ילה,0,2,2
2021-08-10T00:00:00.000Z,צכיה,52,143,195
2021-08-10T00:00:00.000Z,צרפת,224,1274,1498
2021-08-10T00:00:00.000Z,קובה,0,2,2
2021-08-10T00:00:00.000Z,קולומביה,1,3,4
2021-08-10T00:00:00.000Z,קוסטה ריקה,3,7,10
2021-08-10T00:00:00.000Z,קוריאה הדרומית,1,4,5
2021-08-10T00:00:00.000Z,קזחסטאן,2,5,7
2021-08-10T00:00:00.000Z,קטר,0,1,1
2021-08-10T00:00:00.000Z,קירג'זסטאן,1,5,6
2021-08-10T00:00:00.000Z,קנדה,20,125,145
2021-08-10T00:00:00.000Z,קניה,1,9,10
2021-08-10T00:00:00.000Z,קפריסין,8,16,24
2021-08-10T00:00:00.000Z,קרואטיה,1,13,14
2021-08-10T00:00:00.000Z,אבחזיסטאן,0,4,4
2021-08-10T00:00:00.000Z,אוגנדה,0,5,5
2021-08-10T00:00:00.000Z,אוזבקיסטן,0,4,4
2021-08-10T00:00:00.000Z,רואנדה,0,3,3
2021-08-10T00:00:00.000Z,אוסטרליה,1,11,12
2021-08-10T00:00:00.000Z,אוקראינה,148,598,746
2021-08-10T00:00:00.000Z,אורגוואי,0,2,2
2021-08-10T00:00:00.000Z,איחוד האמירויות הערב,5,26,31
2021-08-10T00:00:00.000Z,אוסטריה,42,224,266
2021-08-11T00:00:00.000Z,שוודיה,3,12,15
2021-08-11T00:00:00.000Z,שוויץ,133,439,572
2021-08-11T00:00:00.000Z,תאילנד,3,3,6
2021-08-11T00:00:00.000Z,תוניסיה,0,1,1
2021-08-11T00:00:00.000Z,תורכיה,66,228,294
2021-08-11T00:00:00.000Z,תורכמניסטאן,1,23,24
2021-08-11T00:00:00.000Z,אתיופיה,4,12,16
2021-08-11T00:00:00.000Z,בהמס,0,1,1
2021-08-11T00:00:00.000Z,בוטסואנה,0,8,8
2021-08-11T00:00:00.000Z,בולגריה,111,270,381
2021-08-11T00:00:00.000Z,אוסטרליה,10,45,55
2021-08-11T00:00:00.000Z,איחוד האמירויות הערב,11,39,50
2021-08-11T00:00:00.000Z,אוסטריה,118,411,529
2021-08-11T00:00:00.000Z,אוזבקיסטן,0,5,5
2021-08-11T00:00:00.000Z,אוגנדה,0,1,1
2021-08-11T00:00:00.000Z,אוקראינה,185,518,703
2021-08-11T00:00:00.000Z,אזרביג'אן,1,0,1
2021-08-11T00:00:00.000Z,איטליה,127,422,549
2021-08-11T00:00:00.000Z,אינדונזיה,0,1,1
2021-08-11T00:00:00.000Z,איסלנד,29,200,229
2021-08-11T00:00:00.000Z,אירלנד,5,16,21
2021-08-11T00:00:00.000Z,אל סלבדור,0,1,1
2021-08-11T00:00:00.000Z,אלבניה,0,7,7
2021-08-11T00:00:00.000Z,אנגולה,2,4,6
2021-08-11T00:00:00.000Z,אסטוניה,14,60,74
2021-08-11T00:00:00.000Z,אקואדור,0,1,1
2021-08-11T00:00:00.000Z,ארמניה,4,11,15
2021-08-11T00:00:00.000Z,בוסניה הרצגובינה,1,0,1
2021-08-11T00:00:00.000Z,בחריין,1,0,1
2021-08-11T00:00:00.000Z,בילורוסיה,22,84,106
2021-08-11T00:00:00.000Z,בלגיה,11,145,156
2021-08-11T00:00:00.000Z,בנגלדש,0,1,1
2021-08-11T00:00:00.000Z,גאורגיה,0,3,3
2021-08-11T00:00:00.000Z,גאנה,0,1,1
2021-08-11T00:00:00.000Z,גיברלטר,0,5,5
2021-08-11T00:00:00.000Z,גרמניה,65,304,369
2021-08-11T00:00:00.000Z,דנמרק,9,17,26
2021-08-11T00:00:00.000Z,דרום אפריקה,0,2,2
2021-08-11T00:00:00.000Z,האנטילים ההולנדים,0,1,1
2021-08-11T00:00:00.000Z,הולנד,62,200,262
2021-08-11T00:00:00.000Z,הונג קונג,0,1,1
2021-08-11T00:00:00.000Z,הונגריה,22,109,131
2021-08-11T00:00:00.000Z,הממלכה המאוחדת,29,224,253
2021-08-11T00:00:00.000Z,ויטנאם,0,1,1
2021-08-11T00:00:00.000Z,ונצואלה,0,10,10
2021-08-11T00:00:00.000Z,זאיר,0,3,3
2021-08-11T00:00:00.000Z,זימבאבווה,0,1,1
2021-08-11T00:00:00.000Z,טג'יקיסטאן,2,3,5
2021-08-11T00:00:00.000Z,טנזניה,47,104,151
2021-08-11T00:00:00.000Z,ארצות הברית,332,2141,2473
2021-08-11T00:00:00.000Z,יפן,10,35,45
2021-08-11T00:00:00.000Z,ירדן,97,469,566
2021-08-11T00:00:00.000Z,כלל המדינות,2423,12293,14716
2021-08-11T00:00:00.000Z,לבנון,0,9,9
2021-08-11T00:00:00.000Z,ליטא,1,6,7
2021-08-11T00:00:00.000Z,מאלי,0,1,1
2021-08-11T00:00:00.000Z,מוזמביק,0,1,1
2021-08-11T00:00:00.000Z,מולדובה,20,61,81
2021-08-11T00:00:00.000Z,מונטנגרו,41,133,174
2021-08-11T00:00:00.000Z,מונקו,0,13,13
2021-08-11T00:00:00.000Z,מלדיבים,21,48,69
2021-08-11T00:00:00.000Z,מלטה,0,4,4
2021-08-11T00:00:00.000Z,מצרים,79,176,255
2021-08-11T00:00:00.000Z,מקדוניה,0,5,5
2021-08-11T00:00:00.000Z,מקסיקו,1,4,5
2021-08-11T00:00:00.000Z,מרוקו,1,8,9
2021-08-11T00:00:00.000Z,נורבגיה,4,6,10
2021-08-11T00:00:00.000Z,ניגריה,0,2,2
2021-08-11T00:00:00.000Z,סין,0,11,11
2021-08-11T00:00:00.000Z,סינגפור,1,9,10
2021-08-11T00:00:00.000Z,סלובניה,39,146,185
2021-08-11T00:00:00.000Z,ספרד,2,4,6
2021-08-11T00:00:00.000Z,סרביה,1,1,2
2021-08-11T00:00:00.000Z,סרי לנקה (צילון),0,3,3
2021-08-11T00:00:00.000Z,עירק,4,7,11
2021-08-11T00:00:00.000Z,פולין,32,118,150
2021-08-11T00:00:00.000Z,פורטוגל,0,30,30
2021-08-11T00:00:00.000Z,פיליפינים,0,49,49
2021-08-11T00:00:00.000Z,פינלנד,21,82,103
2021-08-11T00:00:00.000Z,פנמה,0,9,9
2021-08-11T00:00:00.000Z,פרגוואי,3,8,11
2021-08-11T00:00:00.000Z,פרו,1,5,6
2021-08-11T00:00:00.000Z,צכיה,25,62,87
2021-08-11T00:00:00.000Z,צרפת,129,739,868
2021-08-11T00:00:00.000Z,קולומביה,1,0,1
2021-08-11T00:00:00.000Z,קוסטה ריקה,6,17,23
2021-08-11T00:00:00.000Z,קזחסטאן,1,0,1
2021-08-11T00:00:00.000Z,קטר,0,1,1
2021-08-11T00:00:00.000Z,קירג'זסטאן,1,0,1
2021-08-11T00:00:00.000Z,קנדה,9,114,123
2021-08-11T00:00:00.000Z,קניה,2,8,10
2021-08-11T00:00:00.000Z,קפריסין,5,33,38
2021-08-11T00:00:00.000Z,קרואטיה,3,23,26
2021-08-11T00:00:00.000Z,רומניה,141,545,686
2021-08-11T00:00:00.000Z,רוסיה,10,78,88
2021-08-11T00:00:00.000Z,יוון,134,340,474
2021-08-12T00:00:00.000Z,הולנד,38,116,154
2021-08-12T00:00:00.000Z,תורכיה,57,190,247
2021-08-12T00:00:00.000Z,תאילנד,0,1,1
2021-08-12T00:00:00.000Z,שוויץ,69,291,360
2021-08-12T00:00:00.000Z,שוודיה,4,27,31
2021-08-12T00:00:00.000Z,רוסיה,16,116,132
2021-08-12T00:00:00.000Z,רומניה,43,211,254
2021-08-12T00:00:00.000Z,רואנדה,0,1,1
2021-08-12T00:00:00.000Z,איחוד האמירויות הערב,15,35,50
2021-08-12T00:00:00.000Z,ארמניה,8,31,39
2021-08-12T00:00:00.000Z,ארגנטינה,0,5,5
2021-08-12T00:00:00.000Z,אקואדור,0,3,3
2021-08-12T00:00:00.000Z,אסטוניה,0,5,5
2021-08-12T00:00:00.000Z,אלבניה,1,6,7
2021-08-12T00:00:00.000Z,אירלנד,2,4,6
2021-08-12T00:00:00.000Z,איסלנד,19,116,135
2021-08-12T00:00:00.000Z,איי גילברט ואליס,2,1,3
2021-08-12T00:00:00.000Z,איטליה,112,353,465
2021-08-12T00:00:00.000Z,אזרביג'אן,49,120,169
2021-08-12T00:00:00.000Z,אורגוואי,0,3,3
2021-08-12T00:00:00.000Z,אוקראינה,160,427,587
2021-08-12T00:00:00.000Z,אוסטרליה,2,11,13
2021-08-12T00:00:00.000Z,אוסטריה,87,341,428
2021-08-12T00:00:00.000Z,אוזבקיסטן,3,1,4
2021-08-12T00:00:00.000Z,אוגנדה,1,1,2
2021-08-12T00:00:00.000Z,ארצות הברית,254,1499,1753
2021-08-12T00:00:00.000Z,אתיופיה,9,17,26
2021-08-12T00:00:00.000Z,בולגריה,84,237,321
2021-08-12T00:00:00.000Z,בוסניה הרצגובינה,7,48,55
2021-08-12T00:00:00.000Z,בורקינה פאסו,0,2,2
2021-08-12T00:00:00.000Z,בלגיה,22,130,152
2021-08-12T00:00:00.000Z,ברזיל,2,8,10
2021-08-12T00:00:00.000Z,גאורגיה,42,165,207
2021-08-12T00:00:00.000Z,גאנה,2,3,5
2021-08-12T00:00:00.000Z,גיברלטר,0,9,9
2021-08-12T00:00:00.000Z,קרואטיה,4,25,29
2021-08-12T00:00:00.000Z,קפריסין,6,50,56
2021-08-12T00:00:00.000Z,קניה,1,10,11
2021-08-12T00:00:00.000Z,קנדה,5,95,100
2021-08-12T00:00:00.000Z,קמרון,1,1,2
2021-08-12T00:00:00.000Z,קירג'זסטאן,0,6,6
2021-08-12T00:00:00.000Z,קטר,1,6,7
2021-08-12T00:00:00.000Z,קזחסטאן,1,1,2
2021-08-12T00:00:00.000Z,קוריאה הדרומית,0,4,4
2021-08-12T00:00:00.000Z,קוסטה ריקה,5,13,18
2021-08-12T00:00:00.000Z,קונגו,0,1,1
2021-08-12T00:00:00.000Z,קולומביה,3,5,8
2021-08-12T00:00:00.000Z,צרפת,122,529,651
2021-08-12T00:00:00.000Z,צכיה,16,56,72
2021-08-12T00:00:00.000Z,צ'ילה,0,2,2
2021-08-12T00:00:00.000Z,פרו,2,6,8
2021-08-12T00:00:00.000Z,פנמה,4,33,37
2021-08-12T00:00:00.000Z,פינלנד,2,2,4
2021-08-12T00:00:00.000Z,פיליפינים,0,28,28
2021-08-12T00:00:00.000Z,פורטוגל,40,172,212
2021-08-12T00:00:00.000Z,פולינזיה הצרפתית,1,1,2
2021-08-12T00:00:00.000Z,פולין,11,50,61
2021-08-12T00:00:00.000Z,ערב הסעודית,0,1,1
2021-08-12T00:00:00.000Z,עומן,0,1,1
2021-08-12T00:00:00.000Z,סרי לנקה (צילון),0,4,4
2021-08-12T00:00:00.000Z,סרביה,35,122,157
2021-08-12T00:00:00.000Z,ספרד,9,73,82
2021-08-12T00:00:00.000Z,סלובקיה,0,4,4
2021-08-12T00:00:00.000Z,סינגפור,0,3,3
2021-08-12T00:00:00.000Z,סוריה,4,5,9
2021-08-12T00:00:00.000Z,נפאל,0,1,1
2021-08-12T00:00:00.000Z,ניקרגואה,1,0,1
2021-08-12T00:00:00.000Z,ניגריה,1,7,8
2021-08-12T00:00:00.000Z,נורבגיה,0,4,4
2021-08-12T00:00:00.000Z,מרוקו,19,68,87
2021-08-12T00:00:00.000Z,מקסיקו,0,1,1
2021-08-12T00:00:00.000Z,מקדוניה,0,1,1
2021-08-12T00:00:00.000Z,מצרים,136,384,520
2021-08-12T00:00:00.000Z,מלטה,1,3,4
2021-08-12T00:00:00.000Z,מלדיבים,13,22,35
2021-08-12T00:00:00.000Z,מלאווי,0,2,2
2021-08-12T00:00:00.000Z,מונטנגרו,3,15,18
2021-08-12T00:00:00.000Z,מולדובה,47,150,197
2021-08-12T00:00:00.000Z,מוזמביק,0,2,2
2021-08-12T00:00:00.000Z,ליטא,10,99,109
2021-08-12T00:00:00.000Z,לוכסמבורג,0,4,4
2021-08-12T00:00:00.000Z,לבנון,0,3,3
2021-08-12T00:00:00.000Z,כלל המדינות,2445,13148,15593
2021-08-12T00:00:00.000Z,ירדן,213,1046,1259
2021-08-12T00:00:00.000Z,יפן,0,5,5
2021-08-12T00:00:00.000Z,יוון,264,851,1115
2021-08-12T00:00:00.000Z,טנזניה,0,11,11
2021-08-12T00:00:00.000Z,חוף השנהב,0,1,1
2021-08-12T00:00:00.000Z,זמביה,1,1,2
2021-08-12T00:00:00.000Z,זאיר,0,3,3
2021-08-12T00:00:00.000Z,הרפ הדומיניקנית,5,5,10
2021-08-12T00:00:00.000Z,הממלכה המאוחדת,61,291,352
2021-08-12T00:00:00.000Z,הונדורס,0,2,2
2021-08-12T00:00:00.000Z,הונגריה,45,160,205
2021-08-12T00:00:00.000Z,תורכמניסטאן,1,5,6
2021-08-12T00:00:00.000Z,הודו,1,0,1
2021-08-12T00:00:00.000Z,דרום סודאן,0,1,1
2021-08-12T00:00:00.000Z,דרום אפריקה,1,8,9
2021-08-12T00:00:00.000Z,דנמרק,9,33,42
2021-08-12T00:00:00.000Z,דומיניקה,0,1,1
2021-08-12T00:00:00.000Z,גרמניה,62,307,369
2021-08-12T00:00:00.000Z,גמייקה,0,1,1
2021-08-12T00:00:00.000Z,גינאה המשוונית,0,1,1
2021-08-13T00:00:00.000Z,פורטו ריקו,0,1,1
2021-08-13T00:00:00.000Z,דנמרק,9,67,76
2021-08-13T00:00:00.000Z,גאנה,0,1,1
2021-08-13T00:00:00.000Z,גאורגיה,0,4,4
2021-08-13T00:00:00.000Z,ברזיל,0,1,1
2021-08-13T00:00:00.000Z,בליז,1,4,5
2021-08-13T00:00:00.000Z,בלגיה,23,138,161
2021-08-13T00:00:00.000Z,בחריין,0,1,1
2021-08-13T00:00:00.000Z,בורונדי,0,1,1
2021-08-13T00:00:00.000Z,בוסניה הרצגובינה,9,41,50
2021-08-13T00:00:00.000Z,הולנד,52,143,195
2021-08-13T00:00:00.000Z,הונגריה,27,81,108
2021-08-13T00:00:00.000Z,הונדורס,1,0,1
2021-08-13T00:00:00.000Z,הממלכה המאוחדת,0,1,1
2021-08-13T00:00:00.000Z,ונצואלה,0,3,3
2021-08-13T00:00:00.000Z,זאיר,0,1,1
2021-08-13T00:00:00.000Z,חוף השנהב,0,1,1
2021-08-13T00:00:00.000Z,טנזניה,0,2,2
2021-08-13T00:00:00.000Z,יוון,146,690,836
2021-08-13T00:00:00.000Z,יפן,2,3,5
2021-08-13T00:00:00.000Z,ירדן,7,57,64
2021-08-13T00:00:00.000Z,כלל המדינות,2092,10640,12732
2021-08-13T00:00:00.000Z,לטביה,0,8,8
2021-08-13T00:00:00.000Z,ליטא,1,2,3
2021-08-13T00:00:00.000Z,מאלי,1,2,3
2021-08-13T00:00:00.000Z,מוזמביק,1,1,2
2021-08-13T00:00:00.000Z,מולדובה,1,20,21
2021-08-13T00:00:00.000Z,מונטנגרו,46,127,173
2021-08-13T00:00:00.000Z,מלדיבים,8,30,38
2021-08-13T00:00:00.000Z,מלטה,0,7,7
2021-08-13T00:00:00.000Z,מצרים,129,511,640
2021-08-13T00:00:00.000Z,מקדוניה,0,1,1
2021-08-13T00:00:00.000Z,מרוקו,12,85,97
2021-08-13T00:00:00.000Z,נורבגיה,0,2,2
2021-08-13T00:00:00.000Z,ניגריה,1,11,12
2021-08-13T00:00:00.000Z,ניקרגואה,1,0,1
2021-08-13T00:00:00.000Z,סין,2,1,3
2021-08-13T00:00:00.000Z,סינגפור,1,0,1
2021-08-13T00:00:00.000Z,סלובניה,1,5,6
2021-08-13T00:00:00.000Z,סנגל,0,2,2
2021-08-13T00:00:00.000Z,ספרד,2,6,8
2021-08-13T00:00:00.000Z,סרביה,71,209,280
2021-08-13T00:00:00.000Z,פולין,47,200,247
2021-08-13T00:00:00.000Z,גרמניה,99,533,632
2021-08-13T00:00:00.000Z,פורטוגל,5,30,35
2021-08-13T00:00:00.000Z,פיליפינים,0,7,7
2021-08-13T00:00:00.000Z,פינלנד,25,95,120
2021-08-13T00:00:00.000Z,פנמה,1,7,8
2021-08-13T00:00:00.000Z,פרגוואי,0,1,1
2021-08-13T00:00:00.000Z,פרו,1,2,3
2021-08-13T00:00:00.000Z,צכיה,53,160,213
2021-08-13T00:00:00.000Z,צרפת,50,232,282
2021-08-13T00:00:00.000Z,קוסטה ריקה,2,10,12
2021-08-13T00:00:00.000Z,קוריאה הדרומית,3,11,14
2021-08-13T00:00:00.000Z,קזחסטאן,0,8,8
2021-08-13T00:00:00.000Z,קטר,0,2,2
2021-08-13T00:00:00.000Z,קירג'זסטאן,2,6,8
2021-08-13T00:00:00.000Z,קנדה,7,122,129
2021-08-13T00:00:00.000Z,קניה,0,1,1
2021-08-13T00:00:00.000Z,קפריסין,6,25,31
2021-08-13T00:00:00.000Z,קרואטיה,4,26,30
2021-08-13T00:00:00.000Z,רואנדה,0,1,1
2021-08-13T00:00:00.000Z,רומניה,155,491,646
2021-08-13T00:00:00.000Z,רוסיה,18,65,83
2021-08-13T00:00:00.000Z,שוודיה,6,28,34
2021-08-13T00:00:00.000Z,שוויץ,153,634,787
2021-08-13T00:00:00.000Z,תורכיה,71,165,236
2021-08-13T00:00:00.000Z,תורכמניסטאן,2,10,12
2021-08-13T00:00:00.000Z,בולגריה,48,203,251
2021-08-13T00:00:00.000Z,בהמס,0,1,1
2021-08-13T00:00:00.000Z,אתיופיה,1,1,2
2021-08-13T00:00:00.000Z,ארצות הברית,230,1330,1560
2021-08-13T00:00:00.000Z,ארמניה,1,2,3
2021-08-13T00:00:00.000Z,ארגנטינה,0,7,7
2021-08-13T00:00:00.000Z,אקואדור,0,2,2
2021-08-13T00:00:00.000Z,אסטוניה,1,5,6
2021-08-13T00:00:00.000Z,אלבניה,0,4,4
2021-08-13T00:00:00.000Z,אירלנד,2,16,18
2021-08-13T00:00:00.000Z,איסלנד,2,8,10
2021-08-13T00:00:00.000Z,איטליה,120,418,538
2021-08-13T00:00:00.000Z,אזרביג'אן,2,4,6
2021-08-13T00:00:00.000Z,אוקראינה,140,477,617
2021-08-13T00:00:00.000Z,אוסטרליה,0,1,1
2021-08-13T00:00:00.000Z,אוסטריה,123,571,694
2021-08-13T00:00:00.000Z,אוזבקיסטן,1,0,1
2021-08-13T00:00:00.000Z,איחוד האמירויות הערב,11,27,38
2021-08-14T00:00:00.000Z,פיליפינים,0,2,2
2021-08-14T00:00:00.000Z,פינלנד,1,11,12
2021-08-14T00:00:00.000Z,פנמה,0,9,9
2021-08-14T00:00:00.000Z,פרו,2,1,3
2021-08-14T00:00:00.000Z,צכיה,2,0,2
2021-08-14T00:00:00.000Z,צרפת,25,161,186
2021-08-14T00:00:00.000Z,קולומביה,2,11,13
2021-08-14T00:00:00.000Z,קונגו,0,1,1
2021-08-14T00:00:00.000Z,קוסובו,1,1,2
2021-08-14T00:00:00.000Z,קוסטה ריקה,5,26,31
2021-08-14T00:00:00.000Z,קוריאה הדרומית,1,3,4
2021-08-14T00:00:00.000Z,קזחסטאן,0,2,2
2021-08-14T00:00:00.000Z,קטר,0,1,1
2021-08-14T00:00:00.000Z,קנדה,4,94,98
2021-08-14T00:00:00.000Z,קניה,1,18,19
2021-08-14T00:00:00.000Z,קפריסין,4,34,38
2021-08-14T00:00:00.000Z,קרואטיה,5,26,31
2021-08-14T00:00:00.000Z,רומניה,189,702,891
2021-08-14T00:00:00.000Z,רוסיה,0,2,2
2021-08-14T00:00:00.000Z,שוודיה,4,20,24
2021-08-14T00:00:00.000Z,שוויץ,37,158,195
2021-08-14T00:00:00.000Z,תורכיה,47,172,219
2021-08-14T00:00:00.000Z,תורכמניסטאן,1,5,6
2021-08-14T00:00:00.000Z,איסלנד,10,62,72
2021-08-14T00:00:00.000Z,איחוד האמירויות הערב,3,21,24
2021-08-14T00:00:00.000Z,נפאל,0,1,1
2021-08-14T00:00:00.000Z,סין,0,8,8
2021-08-14T00:00:00.000Z,סינגפור,0,3,3
2021-08-14T00:00:00.000Z,סלובניה,2,5,7
2021-08-14T00:00:00.000Z,ספרד,9,21,30
2021-08-14T00:00:00.000Z,סרביה,1,3,4
2021-08-14T00:00:00.000Z,סרי לנקה (צילון),0,2,2
2021-08-14T00:00:00.000Z,פולין,41,165,206
2021-08-14T00:00:00.000Z,ניקרגואה,0,3,3
2021-08-14T00:00:00.000Z,ניגריה,0,6,6
2021-08-14T00:00:00.000Z,נורבגיה,1,2,3
2021-08-14T00:00:00.000Z,מרוקו,2,8,10
2021-08-14T00:00:00.000Z,מקסיקו,1,0,1
2021-08-14T00:00:00.000Z,אוגנדה,0,1,1
2021-08-14T00:00:00.000Z,אוסטריה,68,353,421
2021-08-14T00:00:00.000Z,אוסטרליה,1,6,7
2021-08-14T00:00:00.000Z,אוקראינה,80,191,271
2021-08-14T00:00:00.000Z,אורגוואי,0,4,4
2021-08-14T00:00:00.000Z,אזרביג'אן,0,3,3
2021-08-14T00:00:00.000Z,איטליה,47,178,225
2021-08-14T00:00:00.000Z,איי סיישל,0,5,5
2021-08-14T00:00:00.000Z,פורטוגל,17,38,55
2021-08-14T00:00:00.000Z,אירלנד,2,5,7
2021-08-14T00:00:00.000Z,אלבניה,2,6,8
2021-08-14T00:00:00.000Z,אסטוניה,2,7,9
2021-08-14T00:00:00.000Z,ארמניה,0,4,4
2021-08-14T00:00:00.000Z,ארצות הברית,126,868,994
2021-08-14T00:00:00.000Z,אתיופיה,5,14,19
2021-08-14T00:00:00.000Z,בולגריה,21,114,135
2021-08-14T00:00:00.000Z,בוסניה הרצגובינה,2,21,23
2021-08-14T00:00:00.000Z,בלגיה,3,12,15
2021-08-14T00:00:00.000Z,גאורגיה,11,60,71
2021-08-14T00:00:00.000Z,גאנה,2,2,4
2021-08-14T00:00:00.000Z,גווטאמלה,0,7,7
2021-08-14T00:00:00.000Z,גרמניה,41,168,209
2021-08-14T00:00:00.000Z,דנמרק,2,20,22
2021-08-14T00:00:00.000Z,דרום אפריקה,0,2,2
2021-08-14T00:00:00.000Z,דרום סודאן,1,0,1
2021-08-14T00:00:00.000Z,הודו,0,1,1
2021-08-14T00:00:00.000Z,הולנד,26,98,124
2021-08-14T00:00:00.000Z,הונג קונג,0,1,1
2021-08-14T00:00:00.000Z,הונגריה,22,95,117
2021-08-14T00:00:00.000Z,הונדורס,0,1,1
2021-08-14T00:00:00.000Z,הממלכה המאוחדת,1,30,31
2021-08-14T00:00:00.000Z,הרפ הדומיניקנית,4,9,13
2021-08-14T00:00:00.000Z,חוף השנהב,0,1,1
2021-08-14T00:00:00.000Z,טוגו,0,1,1
2021-08-14T00:00:00.000Z,טנזניה,4,20,24
2021-08-14T00:00:00.000Z,יוון,132,445,577
2021-08-14T00:00:00.000Z,יפן,0,2,2
2021-08-14T00:00:00.000Z,ירדן,7,58,65
2021-08-14T00:00:00.000Z,כלל המדינות,1300,7020,8320
2021-08-14T00:00:00.000Z,לוכסמבורג,0,1,1
2021-08-14T00:00:00.000Z,לטביה,10,51,61
2021-08-14T00:00:00.000Z,ליטא,4,16,20
2021-08-14T00:00:00.000Z,מוזמביק,0,1,1
2021-08-14T00:00:00.000Z,מולדובה,19,53,72
2021-08-14T00:00:00.000Z,מונטנגרו,1,1,2
2021-08-14T00:00:00.000Z,מלדיבים,5,27,32
2021-08-14T00:00:00.000Z,מלטה,1,1,2
2021-08-14T00:00:00.000Z,מצרים,131,426,557
2021-08-15T00:00:00.000Z,בולגריה,98,315,413
2021-08-15T00:00:00.000Z,תורכמניסטאן,3,11,14
2021-08-15T00:00:00.000Z,תאילנד,33,172,205
2021-08-15T00:00:00.000Z,שוויץ,146,619,765
2021-08-15T00:00:00.000Z,שוודיה,5,33,38
2021-08-15T00:00:00.000Z,רוסיה,15,173,188
2021-08-15T00:00:00.000Z,אקואדור,0,2,2
2021-08-15T00:00:00.000Z,אסטוניה,2,11,13
2021-08-15T00:00:00.000Z,אנדורה,0,1,1
2021-08-15T00:00:00.000Z,אלבניה,4,5,9
2021-08-15T00:00:00.000Z,אל סלבדור,0,1,1
2021-08-15T00:00:00.000Z,אירלנד,5,23,28
2021-08-15T00:00:00.000Z,איסלנד,9,21,30
2021-08-15T00:00:00.000Z,איטליה,113,418,531
2021-08-15T00:00:00.000Z,אזרביג'אן,52,99,151
2021-08-15T00:00:00.000Z,אוקראינה,166,519,685
2021-08-15T00:00:00.000Z,אוסטרליה,2,6,8
2021-08-15T00:00:00.000Z,אוסטריה,105,407,512
2021-08-15T00:00:00.000Z,אוזבקיסטן,0,4,4
2021-08-15T00:00:00.000Z,אוגנדה,1,4,5
2021-08-15T00:00:00.000Z,איחוד האמירויות הערב,10,50,60
2021-08-15T00:00:00.000Z,ארגנטינה,0,2,2
2021-08-15T00:00:00.000Z,ארמניה,0,2,2
2021-08-15T00:00:00.000Z,ארצות הברית,147,993,1140
2021-08-15T00:00:00.000Z,אתיופיה,8,13,21
2021-08-15T00:00:00.000Z,בהמס,0,3,3
2021-08-15T00:00:00.000Z,תורכיה,32,171,203
2021-08-15T00:00:00.000Z,בוסניה הרצגובינה,17,62,79
2021-08-15T00:00:00.000Z,בחריין,0,2,2
2021-08-15T00:00:00.000Z,בילורוסיה,16,116,132
2021-08-15T00:00:00.000Z,רומניה,228,597,825
2021-08-15T00:00:00.000Z,רואנדה,1,0,1
2021-08-15T00:00:00.000Z,קרואטיה,17,64,81
2021-08-15T00:00:00.000Z,קפריסין,9,47,56
2021-08-15T00:00:00.000Z,קניה,1,4,5
2021-08-15T00:00:00.000Z,קנדה,7,123,130
2021-08-15T00:00:00.000Z,קמרון,0,1,1
2021-08-15T00:00:00.000Z,קזחסטאן,3,19,22
2021-08-15T00:00:00.000Z,קוריאה הדרומית,4,6,10
2021-08-15T00:00:00.000Z,קוסטה ריקה,2,8,10
2021-08-15T00:00:00.000Z,קונגו,1,0,1
2021-08-15T00:00:00.000Z,קולומביה,0,1,1
2021-08-15T00:00:00.000Z,צרפת,171,790,961
2021-08-15T00:00:00.000Z,צכיה,33,95,128
2021-08-15T00:00:00.000Z,פרו,3,6,9
2021-08-15T00:00:00.000Z,פנמה,0,2,2
2021-08-15T00:00:00.000Z,פינלנד,3,6,9
2021-08-15T00:00:00.000Z,פיליפינים,1,2,3
2021-08-15T00:00:00.000Z,פורטוגל,37,153,190
2021-08-15T00:00:00.000Z,פולין,49,176,225
2021-08-15T00:00:00.000Z,סרי לנקה (צילון),0,1,1
2021-08-15T00:00:00.000Z,סרביה,39,156,195
2021-08-15T00:00:00.000Z,ספרד,3,7,10
2021-08-15T00:00:00.000Z,סנגל,2,2,4
2021-08-15T00:00:00.000Z,סלובניה,1,3,4
2021-08-15T00:00:00.000Z,סינגפור,0,5,5
2021-08-15T00:00:00.000Z,סין,0,1,1
2021-08-15T00:00:00.000Z,ניו זילנד,0,1,1
2021-08-15T00:00:00.000Z,ניגריה,2,7,9
2021-08-15T00:00:00.000Z,נורבגיה,0,16,16
2021-08-15T00:00:00.000Z,מרוקו,0,22,22
2021-08-15T00:00:00.000Z,מקסיקו,0,2,2
2021-08-15T00:00:00.000Z,מקדוניה,1,1,2
2021-08-15T00:00:00.000Z,מצרים,211,772,983
2021-08-15T00:00:00.000Z,מלטה,1,2,3
2021-08-15T00:00:00.000Z,מלדיבים,5,31,36
2021-08-15T00:00:00.000Z,מונקו,3,5,8
2021-08-15T00:00:00.000Z,מונטנגרו,87,245,332
2021-08-15T00:00:00.000Z,מונגוליה,0,1,1
2021-08-15T00:00:00.000Z,מולדובה,55,163,218
2021-08-15T00:00:00.000Z,ליטא,13,120,133
2021-08-15T00:00:00.000Z,לטביה,1,3,4
2021-08-15T00:00:00.000Z,כלל המדינות,3314,16326,19640
2021-08-15T00:00:00.000Z,ירדן,449,2274,2723
2021-08-15T00:00:00.000Z,יפן,0,2,2
2021-08-15T00:00:00.000Z,יוון,262,1017,1279
2021-08-15T00:00:00.000Z,טנזניה,1,13,14
2021-08-15T00:00:00.000Z,זאיר,0,1,1
2021-08-15T00:00:00.000Z,ויטנאם,0,4,4
2021-08-15T00:00:00.000Z,הרפ הדומיניקנית,0,6,6
2021-08-15T00:00:00.000Z,הממלכה המאוחדת,45,368,413
2021-08-15T00:00:00.000Z,הונגריה,51,209,260
2021-08-15T00:00:00.000Z,הולנד,78,258,336
2021-08-15T00:00:00.000Z,הודו,0,1,1
2021-08-15T00:00:00.000Z,האנטילים ההולנדים,0,2,2
2021-08-15T00:00:00.000Z,דנמרק,11,68,79
2021-08-15T00:00:00.000Z,דומיניקה,1,0,1
2021-08-15T00:00:00.000Z,גרנדה,1,0,1
2021-08-15T00:00:00.000Z,גרמניה,98,436,534
2021-08-15T00:00:00.000Z,גיברלטר,0,1,1
2021-08-15T00:00:00.000Z,גויאנה הצרפתית,0,1,1
2021-08-15T00:00:00.000Z,גואם,0,1,1
2021-08-15T00:00:00.000Z,גאנה,5,5,10
2021-08-15T00:00:00.000Z,גאורגיה,10,48,58
2021-08-15T00:00:00.000Z,בלגיה,35,164,199
2021-08-16T00:00:00.000Z,לטביה,0,2,2
2021-08-16T00:00:00.000Z,בוסניה הרצגובינה,0,3,3
2021-08-16T00:00:00.000Z,בולגריה,49,222,271
2021-08-16T00:00:00.000Z,אתיופיה,7,15,22
2021-08-16T00:00:00.000Z,ארצות הברית,368,2230,2598
2021-08-16T00:00:00.000Z,ארמניה,3,5,8
2021-08-16T00:00:00.000Z,ארגנטינה,2,1,3
2021-08-16T00:00:00.000Z,אקואדור,0,2,2
2021-08-16T00:00:00.000Z,אסטוניה,1,0,1
2021-08-16T00:00:00.000Z,רומניה,51,164,215
2021-08-16T00:00:00.000Z,קרואטיה,9,21,30
2021-08-16T00:00:00.000Z,קפריסין,4,29,33
2021-08-16T00:00:00.000Z,קניה,0,2,2
2021-08-16T00:00:00.000Z,קנדה,25,105,130
2021-08-16T00:00:00.000Z,קזחסטאן,2,0,2
2021-08-16T00:00:00.000Z,קוריאה הדרומית,0,3,3
2021-08-16T00:00:00.000Z,קוסטה ריקה,5,1,6
2021-08-16T00:00:00.000Z,קולומביה,1,0,1
2021-08-16T00:00:00.000Z,קובה,0,2,2
2021-08-16T00:00:00.000Z,צרפת,132,615,747
2021-08-16T00:00:00.000Z,צכיה,85,286,371
2021-08-16T00:00:00.000Z,צ'ילה,1,2,3
2021-08-16T00:00:00.000Z,פרו,3,4,7
2021-08-16T00:00:00.000Z,פרגוואי,1,0,1
2021-08-16T00:00:00.000Z,פנמה,1,25,26
2021-08-16T00:00:00.000Z,פינלנד,5,16,21
2021-08-16T00:00:00.000Z,פיליפינים,0,4,4
2021-08-16T00:00:00.000Z,פורטוגל,11,33,44
2021-08-16T00:00:00.000Z,פולין,63,164,227
2021-08-16T00:00:00.000Z,עירק,0,2,2
2021-08-16T00:00:00.000Z,סרביה,28,116,144
2021-08-16T00:00:00.000Z,ספרד,10,30,40
2021-08-16T00:00:00.000Z,סלובניה,0,4,4
2021-08-16T00:00:00.000Z,סינגפור,0,1,1
2021-08-16T00:00:00.000Z,סין,1,0,1
2021-08-16T00:00:00.000Z,סוריה,1,2,3
2021-08-16T00:00:00.000Z,נמיביה,0,1,1
2021-08-16T00:00:00.000Z,ניקרגואה,0,2,2
2021-08-16T00:00:00.000Z,ניגריה,0,1,1
2021-08-16T00:00:00.000Z,נורבגיה,2,1,3
2021-08-16T00:00:00.000Z,מרוקו,2,14,16
2021-08-16T00:00:00.000Z,מקסיקו,0,6,6
2021-08-16T00:00:00.000Z,מקאו,0,1,1
2021-08-16T00:00:00.000Z,מצרים,181,694,875
2021-08-16T00:00:00.000Z,מלטה,0,1,1
2021-08-16T00:00:00.000Z,מלדיבים,10,24,34
2021-08-16T00:00:00.000Z,מונקו,1,0,1
2021-08-16T00:00:00.000Z,מונטנגרו,20,74,94
2021-08-16T00:00:00.000Z,מולדובה,0,2,2
2021-08-16T00:00:00.000Z,מוזמביק,0,1,1
2021-08-16T00:00:00.000Z,ליטא,3,17,20
2021-08-16T00:00:00.000Z,בוליביה,0,1,1
2021-08-16T00:00:00.000Z,לוכסמבורג,0,2,2
2021-08-16T00:00:00.000Z,כלל המדינות,2455,12434,14889
2021-08-16T00:00:00.000Z,ירדן,52,215,267
2021-08-16T00:00:00.000Z,יפן,0,3,3
2021-08-16T00:00:00.000Z,יוון,161,597,758
2021-08-16T00:00:00.000Z,טנזניה,42,104,146
2021-08-16T00:00:00.000Z,טג'יקיסטאן,0,2,2
2021-08-16T00:00:00.000Z,חוף השנהב,1,0,1
2021-08-16T00:00:00.000Z,זמביה,1,0,1
2021-08-16T00:00:00.000Z,ויטנאם,0,4,4
2021-08-16T00:00:00.000Z,הרפ הדומיניקנית,2,13,15
2021-08-16T00:00:00.000Z,הממלכה המאוחדת,81,382,463
2021-08-16T00:00:00.000Z,הונדורס,1,1,2
2021-08-16T00:00:00.000Z,הונגריה,29,104,133
2021-08-16T00:00:00.000Z,הונג קונג,1,0,1
2021-08-16T00:00:00.000Z,הולנד,22,73,95
2021-08-16T00:00:00.000Z,אנגולה,2,0,2
2021-08-16T00:00:00.000Z,איחוד האמירויות הערב,20,28,48
2021-08-16T00:00:00.000Z,בורונדי,0,1,1
2021-08-16T00:00:00.000Z,בלגיה,29,158,187
2021-08-16T00:00:00.000Z,ברזיל,0,5,5
2021-08-16T00:00:00.000Z,גאורגיה,18,70,88
2021-08-16T00:00:00.000Z,גאנה,2,3,5
2021-08-16T00:00:00.000Z,גווטאמלה,0,4,4
2021-08-16T00:00:00.000Z,גמביה,0,1,1
2021-08-16T00:00:00.000Z,רוסיה,9,67,76
2021-08-16T00:00:00.000Z,שוודיה,2,23,25
2021-08-16T00:00:00.000Z,שוויץ,91,348,439
2021-08-16T00:00:00.000Z,תאילנד,5,2,7
2021-08-16T00:00:00.000Z,תורכיה,51,174,225
2021-08-16T00:00:00.000Z,תימן,0,1,1
2021-08-16T00:00:00.000Z,אלבניה,1,4,5
2021-08-16T00:00:00.000Z,אירלנד,0,8,8
2021-08-16T00:00:00.000Z,איסלנד,17,47,64
2021-08-16T00:00:00.000Z,איי סיישל,0,2,2
2021-08-16T00:00:00.000Z,איי גילברט ואליס,4,1,5
2021-08-16T00:00:00.000Z,איטליה,81,352,433
2021-08-16T00:00:00.000Z,אזרביג'אן,0,1,1
2021-08-16T00:00:00.000Z,אורגוואי,0,4,4
2021-08-16T00:00:00.000Z,אוקראינה,140,442,582
2021-08-16T00:00:00.000Z,אוסטרליה,3,5,8
2021-08-16T00:00:00.000Z,אוסטריה,120,414,534
2021-08-16T00:00:00.000Z,אוזבקיסטן,0,1,1
2021-08-16T00:00:00.000Z,אוגנדה,0,8,8
2021-08-16T00:00:00.000Z,אבחזיסטאן,1,0,1
2021-08-16T00:00:00.000Z,גרמניה,169,535,704
2021-08-16T00:00:00.000Z,דנמרק,6,15,21
2021-08-16T00:00:00.000Z,דרום אפריקה,1,9,10
2021-08-16T00:00:00.000Z,דרום סודאן,0,1,1
2021-08-16T00:00:00.000Z,הודו,3,68,71
2021-08-17T00:00:00.000Z,אנגולה,0,4,4
2021-08-17T00:00:00.000Z,אנדורה,0,1,1
2021-08-17T00:00:00.000Z,אסטוניה,0,1,1
2021-08-17T00:00:00.000Z,אקואדור,0,1,1
2021-08-17T00:00:00.000Z,ארגנטינה,0,5,5
2021-08-17T00:00:00.000Z,ארמניה,4,7,11
2021-08-17T00:00:00.000Z,ארצות הברית,256,1986,2242
2021-08-17T00:00:00.000Z,אתיופיה,5,11,16
2021-08-17T00:00:00.000Z,בהמס,0,1,1
2021-08-17T00:00:00.000Z,בולגריה,4,116,120
2021-08-17T00:00:00.000Z,בלגיה,1,6,7
2021-08-17T00:00:00.000Z,ברזיל,1,5,6
2021-08-17T00:00:00.000Z,גאורגיה,2,1,3
2021-08-17T00:00:00.000Z,גאנה,2,8,10
2021-08-17T00:00:00.000Z,גווטאמלה,0,3,3
2021-08-17T00:00:00.000Z,גיברלטר,0,10,10
2021-08-17T00:00:00.000Z,גרמניה,59,300,359
2021-08-17T00:00:00.000Z,דנמרק,3,15,18
2021-08-17T00:00:00.000Z,דרום אפריקה,0,7,7
2021-08-17T00:00:00.000Z,האנטילים ההולנדים,0,1,1
2021-08-17T00:00:00.000Z,הולנד,56,99,155
2021-08-17T00:00:00.000Z,הונג קונג,1,25,26
2021-08-17T00:00:00.000Z,הונגריה,25,233,258
2021-08-17T00:00:00.000Z,הממלכה המאוחדת,37,311,348
2021-08-17T00:00:00.000Z,זמביה,3,4,7
2021-08-17T00:00:00.000Z,טוגו,0,1,1
2021-08-17T00:00:00.000Z,טנזניה,5,10,15
2021-08-17T00:00:00.000Z,יוון,105,553,658
2021-08-17T00:00:00.000Z,יפן,0,1,1
2021-08-17T00:00:00.000Z,ירדן,56,205,261
2021-08-17T00:00:00.000Z,כלל המדינות,1587,10874,12461
2021-08-17T00:00:00.000Z,לבנון,0,4,4
2021-08-17T00:00:00.000Z,לוכסמבורג,1,0,1
2021-08-17T00:00:00.000Z,לטביה,18,66,84
2021-08-17T00:00:00.000Z,ליטא,0,2,2
2021-08-17T00:00:00.000Z,מולדובה,4,171,175
2021-08-17T00:00:00.000Z,מונטנגרו,9,21,30
2021-08-17T00:00:00.000Z,מלדיבים,7,6,13
2021-08-17T00:00:00.000Z,מצרים,133,433,566
2021-08-17T00:00:00.000Z,מקדוניה,0,1,1
2021-08-17T00:00:00.000Z,מקסיקו,0,4,4
2021-08-17T00:00:00.000Z,מרוקו,1,14,15
2021-08-17T00:00:00.000Z,נורבגיה,2,2,4
2021-08-17T00:00:00.000Z,ניגריה,0,1,1
2021-08-17T00:00:00.000Z,ניו זילנד,4,6,10
2021-08-17T00:00:00.000Z,נפאל,2,2,4
2021-08-17T00:00:00.000Z,סיירה ליאונה,0,1,1
2021-08-17T00:00:00.000Z,סין,13,47,60
2021-08-17T00:00:00.000Z,סלובניה,1,2,3
2021-08-17T00:00:00.000Z,סלובקיה,1,2,3
2021-08-17T00:00:00.000Z,ספרד,4,44,48
2021-08-17T00:00:00.000Z,סרביה,3,26,29
2021-08-17T00:00:00.000Z,פולין,9,110,119
2021-08-17T00:00:00.000Z,פורטוגל,1,17,18
2021-08-17T00:00:00.000Z,פיליפינים,0,18,18
2021-08-17T00:00:00.000Z,פינלנד,13,33,46
2021-08-17T00:00:00.000Z,פנמה,0,31,31
2021-08-17T00:00:00.000Z,צ'ילה,0,6,6
2021-08-17T00:00:00.000Z,איחוד האמירויות הערב,9,30,39
2021-08-17T00:00:00.000Z,צכיה,25,121,146
2021-08-17T00:00:00.000Z,צרפת,82,485,567
2021-08-17T00:00:00.000Z,קולומביה,0,4,4
2021-08-17T00:00:00.000Z,קונגו,0,1,1
2021-08-17T00:00:00.000Z,קוסובו,1,0,1
2021-08-17T00:00:00.000Z,קוסטה ריקה,1,14,15
2021-08-17T00:00:00.000Z,קוריאה הדרומית,1,8,9
2021-08-17T00:00:00.000Z,קנדה,25,248,273
2021-08-17T00:00:00.000Z,קניה,2,3,5
2021-08-17T00:00:00.000Z,קפריסין,2,19,21
2021-08-17T00:00:00.000Z,קרואטיה,4,22,26
2021-08-17T00:00:00.000Z,ראוניון,0,1,1
2021-08-17T00:00:00.000Z,רואנדה,0,3,3
2021-08-17T00:00:00.000Z,רומניה,89,290,379
2021-08-17T00:00:00.000Z,רוסיה,9,101,110
2021-08-17T00:00:00.000Z,שוודיה,3,21,24
2021-08-17T00:00:00.000Z,שוויץ,49,210,259
2021-08-17T00:00:00.000Z,תאילנד,36,105,141
2021-08-17T00:00:00.000Z,תוניסיה,2,8,10
2021-08-17T00:00:00.000Z,תורכיה,22,107,129
2021-08-17T00:00:00.000Z,תורכמניסטאן,0,1,1
2021-08-17T00:00:00.000Z,אבחזיסטאן,0,2,2
2021-08-17T00:00:00.000Z,אוזבקיסטן,0,4,4
2021-08-17T00:00:00.000Z,אוסטריה,66,408,474
2021-08-17T00:00:00.000Z,אוסטרליה,1,11,12
2021-08-17T00:00:00.000Z,אוקראינה,68,374,442
2021-08-17T00:00:00.000Z,אורגוואי,0,6,6
2021-08-17T00:00:00.000Z,אזרביג'אן,0,2,2
2021-08-17T00:00:00.000Z,איטליה,32,126,158
2021-08-17T00:00:00.000Z,איסלנד,77,185,262
2021-08-17T00:00:00.000Z,אירלנד,0,12,12
2021-08-17T00:00:00.000Z,אלבניה,6,2,8
2021-08-18T00:00:00.000Z,מלטה,1,2,3
2021-08-18T00:00:00.000Z,פרגוואי,1,0,1
2021-08-18T00:00:00.000Z,אוזבקיסטן,1,6,7
2021-08-18T00:00:00.000Z,אוסטריה,169,608,777
2021-08-18T00:00:00.000Z,אוסטרליה,0,15,15
2021-08-18T00:00:00.000Z,אוקראינה,159,581,740
2021-08-18T00:00:00.000Z,אזרביג'אן,2,3,5
2021-08-18T00:00:00.000Z,איטליה,81,331,412
2021-08-18T00:00:00.000Z,איסלנד,13,31,44
2021-08-18T00:00:00.000Z,אלבניה,0,5,5
2021-08-18T00:00:00.000Z,אנגולה,0,1,1
2021-08-18T00:00:00.000Z,אסטוניה,0,5,5
2021-08-18T00:00:00.000Z,ארמניה,3,3,6
2021-08-18T00:00:00.000Z,ארצות הברית,260,2094,2354
2021-08-18T00:00:00.000Z,אתיופיה,4,16,20
2021-08-18T00:00:00.000Z,בולגריה,34,137,171
2021-08-18T00:00:00.000Z,בוסניה הרצגובינה,17,84,101
2021-08-18T00:00:00.000Z,בורקינה פאסו,0,1,1
2021-08-18T00:00:00.000Z,בילורוסיה,9,60,69
2021-08-18T00:00:00.000Z,בלגיה,15,82,97
2021-08-18T00:00:00.000Z,ברזיל,0,2,2
2021-08-18T00:00:00.000Z,גאנה,1,0,1
2021-08-18T00:00:00.000Z,גרמניה,82,360,442
2021-08-18T00:00:00.000Z,דנמרק,3,22,25
2021-08-18T00:00:00.000Z,דרום אפריקה,0,8,8
2021-08-18T00:00:00.000Z,הודו,0,3,3
2021-08-18T00:00:00.000Z,הולנד,62,220,282
2021-08-18T00:00:00.000Z,הונג קונג,0,2,2
2021-08-18T00:00:00.000Z,הונגריה,58,156,214
2021-08-18T00:00:00.000Z,הממלכה המאוחדת,13,137,150
2021-08-18T00:00:00.000Z,זמביה,0,4,4
2021-08-18T00:00:00.000Z,טיוואן,0,5,5
2021-08-18T00:00:00.000Z,טנזניה,30,128,158
2021-08-18T00:00:00.000Z,יוון,79,295,374
2021-08-18T00:00:00.000Z,יפן,0,1,1
2021-08-18T00:00:00.000Z,ירדן,56,237,293
2021-08-18T00:00:00.000Z,כלל המדינות,1999,11250,13249
2021-08-18T00:00:00.000Z,ליטא,0,2,2
2021-08-18T00:00:00.000Z,מאלי,1,3,4
2021-08-18T00:00:00.000Z,מונטנגרו,35,90,125
2021-08-18T00:00:00.000Z,מלאווי,0,1,1
2021-08-18T00:00:00.000Z,מלדיבים,5,37,42
2021-08-18T00:00:00.000Z,אוגנדה,0,2,2
2021-08-18T00:00:00.000Z,מצרים,137,465,602
2021-08-18T00:00:00.000Z,מקדוניה,0,4,4
2021-08-18T00:00:00.000Z,מקסיקו,2,6,8
2021-08-18T00:00:00.000Z,מרוקו,1,8,9
2021-08-18T00:00:00.000Z,נורבגיה,0,2,2
2021-08-18T00:00:00.000Z,ניגריה,2,2,4
2021-08-18T00:00:00.000Z,סוריה,1,4,5
2021-08-18T00:00:00.000Z,סין,2,1,3
2021-08-18T00:00:00.000Z,סינגפור,1,4,5
2021-08-18T00:00:00.000Z,סלובניה,40,112,152
2021-08-18T00:00:00.000Z,סלובקיה,0,2,2
2021-08-18T00:00:00.000Z,ספרד,1,8,9
2021-08-18T00:00:00.000Z,סרביה,21,68,89
2021-08-18T00:00:00.000Z,סרי לנקה (צילון),0,7,7
2021-08-18T00:00:00.000Z,פולין,11,56,67
2021-08-18T00:00:00.000Z,פורטוגל,2,23,25
2021-08-18T00:00:00.000Z,פיליפינים,0,68,68
2021-08-18T00:00:00.000Z,פינלנד,26,70,96
2021-08-18T00:00:00.000Z,איחוד האמירויות הערב,10,42,52
2021-08-18T00:00:00.000Z,פנמה,0,6,6
2021-08-18T00:00:00.000Z,תורכיה,25,91,116
2021-08-18T00:00:00.000Z,תוניסיה,0,2,2
2021-08-18T00:00:00.000Z,תאילנד,0,2,2
2021-08-18T00:00:00.000Z,שוויץ,97,293,390
2021-08-18T00:00:00.000Z,שוודיה,2,10,12
2021-08-18T00:00:00.000Z,רוסיה,21,87,108
2021-08-18T00:00:00.000Z,רומניה,89,292,381
2021-08-18T00:00:00.000Z,רואנדה,0,1,1
2021-08-18T00:00:00.000Z,קרואטיה,16,43,59
2021-08-18T00:00:00.000Z,קפריסין,5,63,68
2021-08-18T00:00:00.000Z,קניה,5,7,12
2021-08-18T00:00:00.000Z,קנדה,16,127,143
2021-08-18T00:00:00.000Z,קירג'זסטאן,1,0,1
2021-08-18T00:00:00.000Z,קזחסטאן,2,12,14
2021-08-18T00:00:00.000Z,קוריאה הדרומית,1,0,1
2021-08-18T00:00:00.000Z,קוסטה ריקה,0,15,15
2021-08-18T00:00:00.000Z,קונגו,1,0,1
2021-08-18T00:00:00.000Z,קולומביה,1,0,1
2021-08-18T00:00:00.000Z,צרפת,104,575,679
2021-08-18T00:00:00.000Z,צכיה,13,39,52
2021-08-18T00:00:00.000Z,פרו,2,5,7
2021-08-19T00:00:00.000Z,פולינזיה הצרפתית,0,5,5
2021-08-19T00:00:00.000Z,פורטוגל,46,118,164
2021-08-19T00:00:00.000Z,פיליפינים,0,7,7
2021-08-19T00:00:00.000Z,פינלנד,3,12,15
2021-08-19T00:00:00.000Z,סרי לנקה (צילון),0,1,1
2021-08-19T00:00:00.000Z,פנמה,3,8,11
2021-08-19T00:00:00.000Z,פרגוואי,5,4,9
2021-08-19T00:00:00.000Z,אוגנדה,0,2,2
2021-08-19T00:00:00.000Z,אוסטריה,118,493,611
2021-08-19T00:00:00.000Z,אוסטרליה,1,10,11
2021-08-19T00:00:00.000Z,אוקראינה,203,698,901
2021-08-19T00:00:00.000Z,אורגוואי,0,2,2
2021-08-19T00:00:00.000Z,אזרביג'אן,57,120,177
2021-08-19T00:00:00.000Z,איטליה,93,371,464
2021-08-19T00:00:00.000Z,איי סיישל,6,7,13
2021-08-19T00:00:00.000Z,איסלנד,257,260,517
2021-08-19T00:00:00.000Z,אירלנד,4,6,10
2021-08-19T00:00:00.000Z,אלבניה,0,1,1
2021-08-19T00:00:00.000Z,אקואדור,0,2,2
2021-08-19T00:00:00.000Z,ארגנטינה,2,28,30
2021-08-19T00:00:00.000Z,ארמניה,17,40,57
2021-08-19T00:00:00.000Z,ארצות הברית,367,2317,2684
2021-08-19T00:00:00.000Z,אתיופיה,12,40,52
2021-08-19T00:00:00.000Z,בהמס,0,1,1
2021-08-19T00:00:00.000Z,בולגריה,30,81,111
2021-08-19T00:00:00.000Z,בוסניה הרצגובינה,7,38,45
2021-08-19T00:00:00.000Z,בלגיה,10,54,64
2021-08-19T00:00:00.000Z,ברזיל,1,11,12
2021-08-19T00:00:00.000Z,גאורגיה,32,127,159
2021-08-19T00:00:00.000Z,גאנה,2,2,4
2021-08-19T00:00:00.000Z,גווטאמלה,0,1,1
2021-08-19T00:00:00.000Z,גיברלטר,0,1,1
2021-08-19T00:00:00.000Z,גינאה המשוונית,1,0,1
2021-08-19T00:00:00.000Z,גמייקה,1,0,1
2021-08-19T00:00:00.000Z,גרמניה,83,314,397
2021-08-19T00:00:00.000Z,דומיניקה,0,1,1
2021-08-19T00:00:00.000Z,דנמרק,13,89,102
2021-08-19T00:00:00.000Z,דרום אפריקה,3,10,13
2021-08-19T00:00:00.000Z,דרום סודאן,0,1,1
2021-08-19T00:00:00.000Z,הודו,2,3,5
2021-08-19T00:00:00.000Z,הולנד,42,119,161
2021-08-19T00:00:00.000Z,הונג קונג,0,1,1
2021-08-19T00:00:00.000Z,הונגריה,102,320,422
2021-08-19T00:00:00.000Z,הממלכה המאוחדת,40,372,412
2021-08-19T00:00:00.000Z,הרפ הדומיניקנית,2,13,15
2021-08-19T00:00:00.000Z,זאיר,0,1,1
2021-08-19T00:00:00.000Z,זמביה,0,2,2
2021-08-19T00:00:00.000Z,חוף השנהב,0,4,4
2021-08-19T00:00:00.000Z,טג'יקיסטאן,0,3,3
2021-08-19T00:00:00.000Z,טיוואן,0,1,1
2021-08-19T00:00:00.000Z,טנזניה,6,22,28
2021-08-19T00:00:00.000Z,יוון,244,884,1128
2021-08-19T00:00:00.000Z,יפן,0,2,2
2021-08-19T00:00:00.000Z,ירדן,148,607,755
2021-08-19T00:00:00.000Z,כלל המדינות,2950,13873,16823
2021-08-19T00:00:00.000Z,לטביה,2,5,7
2021-08-19T00:00:00.000Z,ליטא,29,79,108
2021-08-19T00:00:00.000Z,מאלי,0,2,2
2021-08-19T00:00:00.000Z,מולדובה,58,166,224
2021-08-19T00:00:00.000Z,מונטנגרו,54,137,191
2021-08-19T00:00:00.000Z,מונקו,0,1,1
2021-08-19T00:00:00.000Z,מזרח טימור,1,1,2
2021-08-19T00:00:00.000Z,מלדיבים,6,21,27
2021-08-19T00:00:00.000Z,מצרים,190,567,757
2021-08-19T00:00:00.000Z,מקסיקו,0,4,4
2021-08-19T00:00:00.000Z,מרוקו,39,106,145
2021-08-19T00:00:00.000Z,נורבגיה,0,4,4
2021-08-19T00:00:00.000Z,ניגריה,1,9,10
2021-08-19T00:00:00.000Z,סין,0,1,1
2021-08-19T00:00:00.000Z,סלובניה,0,6,6
2021-08-19T00:00:00.000Z,ספרד,13,75,88
2021-08-19T00:00:00.000Z,פרו,2,8,10
2021-08-19T00:00:00.000Z,צ'ילה,0,5,5
2021-08-19T00:00:00.000Z,צכיה,67,154,221
2021-08-19T00:00:00.000Z,צרפת,119,540,659
2021-08-19T00:00:00.000Z,קולומביה,5,8,13
2021-08-19T00:00:00.000Z,קוסטה ריקה,2,14,16
2021-08-19T00:00:00.000Z,קוריאה הדרומית,2,0,2
2021-08-19T00:00:00.000Z,קזחסטאן,3,2,5
2021-08-19T00:00:00.000Z,קירג'זסטאן,1,0,1
2021-08-19T00:00:00.000Z,קנדה,24,101,125
2021-08-19T00:00:00.000Z,קניה,10,14,24
2021-08-19T00:00:00.000Z,קפריסין,8,38,46
2021-08-19T00:00:00.000Z,קרואטיה,4,4,8
2021-08-19T00:00:00.000Z,רואנדה,0,1,1
2021-08-19T00:00:00.000Z,רומניה,44,162,206
2021-08-19T00:00:00.000Z,רוסיה,17,115,132
2021-08-19T00:00:00.000Z,שוודיה,9,67,76
2021-08-19T00:00:00.000Z,שוויץ,51,201,252
2021-08-19T00:00:00.000Z,תורכיה,15,80,95
2021-08-19T00:00:00.000Z,סרביה,4,4,8
2021-08-19T00:00:00.000Z,פולין,20,38,58
2021-08-19T00:00:00.000Z,איחוד האמירויות הערב,8,54,62
2021-08-20T00:00:00.000Z,רוסיה,19,113,132
2021-08-20T00:00:00.000Z,בילורוסיה,7,58,65
2021-08-20T00:00:00.000Z,שוויץ,99,399,498
2021-08-20T00:00:00.000Z,תאילנד,0,4,4
2021-08-20T00:00:00.000Z,תורכיה,20,99,119
2021-08-20T00:00:00.000Z,בלגיה,17,78,95
2021-08-20T00:00:00.000Z,ברזיל,1,0,1
2021-08-20T00:00:00.000Z,גאורגיה,0,4,4
2021-08-20T00:00:00.000Z,גינאה המשוונית,1,0,1
2021-08-20T00:00:00.000Z,גרמניה,121,545,666
2021-08-20T00:00:00.000Z,גרנדה,1,0,1
2021-08-20T00:00:00.000Z,דנמרק,3,34,37
2021-08-20T00:00:00.000Z,הודו,0,1,1
2021-08-20T00:00:00.000Z,הולנד,44,176,220
2021-08-20T00:00:00.000Z,הונג קונג,0,1,1
2021-08-20T00:00:00.000Z,הונגריה,62,193,255
2021-08-20T00:00:00.000Z,הממלכה המאוחדת,8,67,75
2021-08-20T00:00:00.000Z,הרפ הדומיניקנית,2,10,12
2021-08-20T00:00:00.000Z,ויטנאם,0,3,3
2021-08-20T00:00:00.000Z,ונואטו,0,1,1
2021-08-20T00:00:00.000Z,ונצואלה,0,3,3
2021-08-20T00:00:00.000Z,טנזניה,0,1,1
2021-08-20T00:00:00.000Z,יוון,115,517,632
2021-08-20T00:00:00.000Z,יפן,0,3,3
2021-08-20T00:00:00.000Z,ירדן,1,9,10
2021-08-20T00:00:00.000Z,כלל המדינות,2428,11383,13811
2021-08-20T00:00:00.000Z,לטביה,0,18,18
2021-08-20T00:00:00.000Z,ליטא,3,9,12
2021-08-20T00:00:00.000Z,מולדובה,32,82,114
2021-08-20T00:00:00.000Z,מונטנגרו,38,86,124
2021-08-20T00:00:00.000Z,מונקו,1,5,6
2021-08-20T00:00:00.000Z,מיאנמר (בורמה),0,1,1
2021-08-20T00:00:00.000Z,מלדיבים,8,27,35
2021-08-20T00:00:00.000Z,מלטה,0,1,1
2021-08-20T00:00:00.000Z,מצרים,150,628,778
2021-08-20T00:00:00.000Z,מקדוניה,4,8,12
2021-08-20T00:00:00.000Z,מקסיקו,0,2,2
2021-08-20T00:00:00.000Z,שוודיה,9,19,28
2021-08-20T00:00:00.000Z,אבחזיסטאן,0,1,1
2021-08-20T00:00:00.000Z,אוזבקיסטן,0,28,28
2021-08-20T00:00:00.000Z,אוסטריה,226,946,1172
2021-08-20T00:00:00.000Z,אוסטרליה,0,6,6
2021-08-20T00:00:00.000Z,אוקראינה,183,462,645
2021-08-20T00:00:00.000Z,אורגוואי,1,0,1
2021-08-20T00:00:00.000Z,אזרביג'אן,4,43,47
2021-08-20T00:00:00.000Z,איטליה,90,278,368
2021-08-20T00:00:00.000Z,איי סיישל,1,1,2
2021-08-20T00:00:00.000Z,אינדונזיה,0,1,1
2021-08-20T00:00:00.000Z,איסלנד,6,23,29
2021-08-20T00:00:00.000Z,אירלנד,1,1,2
2021-08-20T00:00:00.000Z,אסטוניה,1,4,5
2021-08-20T00:00:00.000Z,אקואדור,1,0,1
2021-08-20T00:00:00.000Z,ארמניה,6,7,13
2021-08-20T00:00:00.000Z,ארצות הברית,402,1893,2295
2021-08-20T00:00:00.000Z,אתיופיה,0,1,1
2021-08-20T00:00:00.000Z,מרוקו,7,12,19
2021-08-20T00:00:00.000Z,נורבגיה,0,5,5
2021-08-20T00:00:00.000Z,בולגריה,32,127,159
2021-08-20T00:00:00.000Z,איחוד האמירויות הערב,14,26,40
2021-08-20T00:00:00.000Z,בוסניה הרצגובינה,16,35,51
2021-08-20T00:00:00.000Z,בורקינה פאסו,0,2,2
2021-08-20T00:00:00.000Z,ניגריה,0,3,3
2021-08-20T00:00:00.000Z,סין,0,5,5
2021-08-20T00:00:00.000Z,סינגפור,0,3,3
2021-08-20T00:00:00.000Z,סלובניה,5,13,18
2021-08-20T00:00:00.000Z,סלובקיה,0,1,1
2021-08-20T00:00:00.000Z,סנגל,1,0,1
2021-08-20T00:00:00.000Z,ספרד,1,9,10
2021-08-20T00:00:00.000Z,סרביה,51,176,227
2021-08-20T00:00:00.000Z,סרי לנקה (צילון),0,2,2
2021-08-20T00:00:00.000Z,פולין,36,94,130
2021-08-20T00:00:00.000Z,פורטוגל,16,22,38
2021-08-20T00:00:00.000Z,פיליפינים,3,8,11
2021-08-20T00:00:00.000Z,פינלנד,25,78,103
2021-08-20T00:00:00.000Z,פנמה,0,1,1
2021-08-20T00:00:00.000Z,פרגוואי,1,1,2
2021-08-20T00:00:00.000Z,פרו,0,1,1
2021-08-20T00:00:00.000Z,צכיה,148,436,584
2021-08-20T00:00:00.000Z,צרפת,84,304,388
2021-08-20T00:00:00.000Z,קולומביה,1,3,4
2021-08-20T00:00:00.000Z,קוסטה ריקה,1,4,5
2021-08-20T00:00:00.000Z,קוריאה הדרומית,1,5,6
2021-08-20T00:00:00.000Z,קזחסטאן,2,12,14
2021-08-20T00:00:00.000Z,קטר,0,4,4
2021-08-20T00:00:00.000Z,קירג'זסטאן,1,3,4
2021-08-20T00:00:00.000Z,קנדה,10,86,96
2021-08-20T00:00:00.000Z,קניה,1,0,1
2021-08-20T00:00:00.000Z,קפריסין,7,26,33
2021-08-20T00:00:00.000Z,קרואטיה,2,37,39
2021-08-20T00:00:00.000Z,רואנדה,0,1,1
2021-08-20T00:00:00.000Z,רומניה,113,343,456
2021-08-21T00:00:00.000Z,פולין,36,141,177
2021-08-21T00:00:00.000Z,ברזיל,0,1,1
2021-08-21T00:00:00.000Z,בולגריה,23,76,99
2021-08-21T00:00:00.000Z,אתיופיה,8,23,31
2021-08-21T00:00:00.000Z,ארצות הברית,136,959,1095
2021-08-21T00:00:00.000Z,ארמניה,0,2,2
2021-08-21T00:00:00.000Z,ארגנטינה,0,1,1
2021-08-21T00:00:00.000Z,אסטוניה,1,7,8
2021-08-21T00:00:00.000Z,אלבניה,2,4,6
2021-08-21T00:00:00.000Z,אל סלבדור,1,0,1
2021-08-21T00:00:00.000Z,אירלנד,3,6,9
2021-08-21T00:00:00.000Z,איסלנד,21,34,55
2021-08-21T00:00:00.000Z,איטליה,34,147,181
2021-08-21T00:00:00.000Z,אזרביג'אן,2,6,8
2021-08-21T00:00:00.000Z,אורגוואי,2,3,5
2021-08-21T00:00:00.000Z,אוקראינה,78,204,282
2021-08-21T00:00:00.000Z,אוסטרליה,2,4,6
2021-08-21T00:00:00.000Z,אוסטריה,116,520,636
2021-08-21T00:00:00.000Z,אוזבקיסטן,0,2,2
2021-08-21T00:00:00.000Z,אוגנדה,1,4,5
2021-08-21T00:00:00.000Z,תורכיה,15,58,73
2021-08-21T00:00:00.000Z,תאילנד,1,1,2
2021-08-21T00:00:00.000Z,שוויץ,42,126,168
2021-08-21T00:00:00.000Z,שוודיה,5,19,24
2021-08-21T00:00:00.000Z,רוסיה,3,4,7
2021-08-21T00:00:00.000Z,רומניה,62,262,324
2021-08-21T00:00:00.000Z,רואנדה,0,1,1
2021-08-21T00:00:00.000Z,קרואטיה,5,4,9
2021-08-21T00:00:00.000Z,קפריסין,9,26,35
2021-08-21T00:00:00.000Z,קניה,3,4,7
2021-08-21T00:00:00.000Z,קנדה,1,45,46
2021-08-21T00:00:00.000Z,קמרון,0,1,1
2021-08-21T00:00:00.000Z,קירג'זסטאן,0,1,1
2021-08-21T00:00:00.000Z,קטר,0,1,1
2021-08-21T00:00:00.000Z,קוריאה הדרומית,2,8,10
2021-08-21T00:00:00.000Z,קוסטה ריקה,1,3,4
2021-08-21T00:00:00.000Z,צרפת,63,260,323
2021-08-21T00:00:00.000Z,צכיה,46,180,226
2021-08-21T00:00:00.000Z,פרו,0,4,4
2021-08-21T00:00:00.000Z,פרגוואי,0,5,5
2021-08-21T00:00:00.000Z,פנמה,1,0,1
2021-08-21T00:00:00.000Z,פינלנד,0,9,9
2021-08-21T00:00:00.000Z,פיליפינים,0,2,2
2021-08-21T00:00:00.000Z,פורטוגל,7,23,30
2021-08-21T00:00:00.000Z,איחוד האמירויות הערב,14,22,36
2021-08-21T00:00:00.000Z,סרי לנקה (צילון),2,6,8
2021-08-21T00:00:00.000Z,סרביה,0,2,2
2021-08-21T00:00:00.000Z,ספרד,2,13,15
2021-08-21T00:00:00.000Z,סנגל,1,1,2
2021-08-21T00:00:00.000Z,סלובניה,3,5,8
2021-08-21T00:00:00.000Z,סינגפור,0,2,2
2021-08-21T00:00:00.000Z,סין,0,62,62
2021-08-21T00:00:00.000Z,בלגיה,3,7,10
2021-08-21T00:00:00.000Z,נורבגיה,0,1,1
2021-08-21T00:00:00.000Z,מרוקו,2,5,7
2021-08-21T00:00:00.000Z,מקסיקו,0,1,1
2021-08-21T00:00:00.000Z,מקדוניה,0,2,2
2021-08-21T00:00:00.000Z,מצרים,133,525,658
2021-08-21T00:00:00.000Z,מלטה,0,2,2
2021-08-21T00:00:00.000Z,מלדיבים,6,14,20
2021-08-21T00:00:00.000Z,מונקו,3,3,6
2021-08-21T00:00:00.000Z,מולדובה,3,1,4
2021-08-21T00:00:00.000Z,מאלי,1,1,2
2021-08-21T00:00:00.000Z,מאוריציוס,0,1,1
2021-08-21T00:00:00.000Z,ליטא,3,21,24
2021-08-21T00:00:00.000Z,לטביה,7,40,47
2021-08-21T00:00:00.000Z,לוכסמבורג,1,4,5
2021-08-21T00:00:00.000Z,כלל המדינות,1278,6923,8201
2021-08-21T00:00:00.000Z,ירדן,1,0,1
2021-08-21T00:00:00.000Z,יפן,1,4,5
2021-08-21T00:00:00.000Z,יוון,110,350,460
2021-08-21T00:00:00.000Z,טנזניה,5,11,16
2021-08-21T00:00:00.000Z,טוגו,0,2,2
2021-08-21T00:00:00.000Z,חוף השנהב,0,1,1
2021-08-21T00:00:00.000Z,זמביה,0,1,1
2021-08-21T00:00:00.000Z,זימבאבווה,0,2,2
2021-08-21T00:00:00.000Z,זאיר,0,1,1
2021-08-21T00:00:00.000Z,הרפ הדומיניקנית,0,2,2
2021-08-21T00:00:00.000Z,הממלכה המאוחדת,9,73,82
2021-08-21T00:00:00.000Z,הונגריה,79,306,385
2021-08-21T00:00:00.000Z,הולנד,30,119,149
2021-08-21T00:00:00.000Z,הודו,1,9,10
2021-08-21T00:00:00.000Z,דרום אפריקה,0,2,2
2021-08-21T00:00:00.000Z,דנמרק,5,18,23
2021-08-21T00:00:00.000Z,גרמניה,44,176,220
2021-08-21T00:00:00.000Z,גבון,0,1,1
2021-08-21T00:00:00.000Z,גאנה,0,1,1
2021-08-21T00:00:00.000Z,גאורגיה,1,6,7
2021-08-21T00:00:00.000Z,בוסניה הרצגובינה,1,4,5
2021-08-22T00:00:00.000Z,קוריאה הדרומית,2,11,13
2021-08-22T00:00:00.000Z,קזחסטאן,1,1,2
2021-08-22T00:00:00.000Z,קטר,0,1,1
2021-08-22T00:00:00.000Z,קירג'זסטאן,1,0,1
2021-08-22T00:00:00.000Z,קנדה,5,86,91
2021-08-22T00:00:00.000Z,קפריסין,21,63,84
2021-08-22T00:00:00.000Z,קרואטיה,3,25,28
2021-08-22T00:00:00.000Z,גווטאמלה,1,1,2
2021-08-22T00:00:00.000Z,גרמניה,100,339,439
2021-08-22T00:00:00.000Z,דנמרק,9,55,64
2021-08-22T00:00:00.000Z,הודו,1,5,6
2021-08-22T00:00:00.000Z,הולנד,67,207,274
2021-08-22T00:00:00.000Z,הונגריה,183,431,614
2021-08-22T00:00:00.000Z,הממלכה המאוחדת,46,293,339
2021-08-22T00:00:00.000Z,טרינידד וטובגו,0,1,1
2021-08-22T00:00:00.000Z,יוון,245,896,1141
2021-08-22T00:00:00.000Z,יפן,0,6,6
2021-08-22T00:00:00.000Z,ירדן,173,606,779
2021-08-22T00:00:00.000Z,כלל המדינות,2854,12578,15432
2021-08-22T00:00:00.000Z,לוכסמבורג,0,1,1
2021-08-22T00:00:00.000Z,ליטא,21,100,121
2021-08-22T00:00:00.000Z,מולדובה,62,200,262
2021-08-22T00:00:00.000Z,מונטנגרו,60,129,189
2021-08-22T00:00:00.000Z,מונקו,0,8,8
2021-08-22T00:00:00.000Z,מלדיבים,10,19,29
2021-08-22T00:00:00.000Z,רומניה,86,203,289
2021-08-22T00:00:00.000Z,רוסיה,29,221,250
2021-08-22T00:00:00.000Z,שוודיה,13,76,89
2021-08-22T00:00:00.000Z,שוויץ,93,395,488
2021-08-22T00:00:00.000Z,תאילנד,0,3,3
2021-08-22T00:00:00.000Z,תורכיה,28,89,117
2021-08-22T00:00:00.000Z,מלטה,0,6,6
2021-08-22T00:00:00.000Z,אוגנדה,1,1,2
2021-08-22T00:00:00.000Z,אוזבקיסטן,2,5,7
2021-08-22T00:00:00.000Z,גויאנה הצרפתית,2,0,2
2021-08-22T00:00:00.000Z,אוסטרליה,3,21,24
2021-08-22T00:00:00.000Z,אוקראינה,155,477,632
2021-08-22T00:00:00.000Z,אזרביג'אן,34,102,136
2021-08-22T00:00:00.000Z,איטליה,121,419,540
2021-08-22T00:00:00.000Z,איי קיימן,0,2,2
2021-08-22T00:00:00.000Z,איסלנד,15,16,31
2021-08-22T00:00:00.000Z,אירלנד,0,4,4
2021-08-22T00:00:00.000Z,אלבניה,0,4,4
2021-08-22T00:00:00.000Z,אסטוניה,2,4,6
2021-08-22T00:00:00.000Z,ארמניה,1,3,4
2021-08-22T00:00:00.000Z,ארצות הברית,246,1391,1637
2021-08-22T00:00:00.000Z,בולגריה,34,114,148
2021-08-22T00:00:00.000Z,מצרים,198,618,816
2021-08-22T00:00:00.000Z,מקסיקו,0,5,5
2021-08-22T00:00:00.000Z,מרוקו,2,13,15
2021-08-22T00:00:00.000Z,נורבגיה,0,8,8
2021-08-22T00:00:00.000Z,ניגריה,0,4,4
2021-08-22T00:00:00.000Z,נפאל,1,2,3
2021-08-22T00:00:00.000Z,סודן,0,2,2
2021-08-22T00:00:00.000Z,סומליה,0,1,1
2021-08-22T00:00:00.000Z,סוריה,2,3,5
2021-08-22T00:00:00.000Z,סלובניה,0,9,9
2021-08-22T00:00:00.000Z,ספרד,3,13,16
2021-08-22T00:00:00.000Z,סרביה,2,4,6
2021-08-22T00:00:00.000Z,סרי לנקה (צילון),0,1,1
2021-08-22T00:00:00.000Z,עומן,0,1,1
2021-08-22T00:00:00.000Z,פולין,20,58,78
2021-08-22T00:00:00.000Z,פורטוגל,8,13,21
2021-08-22T00:00:00.000Z,פיליפינים,0,25,25
2021-08-22T00:00:00.000Z,גאורגיה,29,128,157
2021-08-22T00:00:00.000Z,ברזיל,1,0,1
2021-08-22T00:00:00.000Z,בלגיה,20,90,110
2021-08-22T00:00:00.000Z,בילורוסיה,11,77,88
2021-08-22T00:00:00.000Z,בוסניה הרצגובינה,3,24,27
2021-08-22T00:00:00.000Z,פינלנד,4,7,11
2021-08-22T00:00:00.000Z,פנמה,1,1,2
2021-08-22T00:00:00.000Z,איחוד האמירויות הערב,14,40,54
2021-08-22T00:00:00.000Z,פרגוואי,2,1,3
2021-08-22T00:00:00.000Z,פרו,2,9,11
2021-08-22T00:00:00.000Z,צ'ילה,0,1,1
2021-08-22T00:00:00.000Z,צכיה,194,501,695
2021-08-22T00:00:00.000Z,צרפת,153,669,822
2021-08-22T00:00:00.000Z,קולומביה,1,4,5
2021-08-22T00:00:00.000Z,קוסטה ריקה,2,5,7
2021-08-22T00:00:00.000Z,אוסטריה,108,404,512
2021-08-23T00:00:00.000Z,תימן,0,1,1
2021-08-23T00:00:00.000Z,תורכיה,24,130,154
2021-08-23T00:00:00.000Z,שוויץ,96,280,376
2021-08-23T00:00:00.000Z,שוודיה,8,27,35
2021-08-23T00:00:00.000Z,רוסיה,30,111,141
2021-08-23T00:00:00.000Z,רומניה,68,182,250
2021-08-23T00:00:00.000Z,רואנדה,0,1,1
2021-08-23T00:00:00.000Z,קרואטיה,19,33,52
2021-08-23T00:00:00.000Z,קפריסין,16,38,54
2021-08-23T00:00:00.000Z,קניה,8,8,16
2021-08-23T00:00:00.000Z,קנדה,29,244,273
2021-08-23T00:00:00.000Z,קמרון,0,1,1
2021-08-23T00:00:00.000Z,קטר,0,1,1
2021-08-23T00:00:00.000Z,קזחסטאן,0,4,4
2021-08-23T00:00:00.000Z,קוסטה ריקה,10,26,36
2021-08-23T00:00:00.000Z,קוסובו,0,3,3
2021-08-23T00:00:00.000Z,קונגו,0,1,1
2021-08-23T00:00:00.000Z,קולומביה,0,2,2
2021-08-23T00:00:00.000Z,צרפת,127,561,688
2021-08-23T00:00:00.000Z,צכיה,184,458,642
2021-08-23T00:00:00.000Z,צ'ילה,0,12,12
2021-08-23T00:00:00.000Z,פרו,3,3,6
2021-08-23T00:00:00.000Z,פרגוואי,1,0,1
2021-08-23T00:00:00.000Z,פנמה,0,6,6
2021-08-23T00:00:00.000Z,פינלנד,4,25,29
2021-08-23T00:00:00.000Z,פיליפינים,1,2,3
2021-08-23T00:00:00.000Z,פורטוגל,49,98,147
2021-08-23T00:00:00.000Z,פולין,47,118,165
2021-08-23T00:00:00.000Z,סרי לנקה (צילון),0,3,3
2021-08-23T00:00:00.000Z,סרביה,48,160,208
2021-08-23T00:00:00.000Z,ספרד,10,45,55
2021-08-23T00:00:00.000Z,סלובניה,0,1,1
2021-08-23T00:00:00.000Z,סינגפור,0,1,1
2021-08-23T00:00:00.000Z,סין,0,1,1
2021-08-23T00:00:00.000Z,ניגריה,0,5,5
2021-08-23T00:00:00.000Z,נורבגיה,0,5,5
2021-08-23T00:00:00.000Z,מרוקו,2,2,4
2021-08-23T00:00:00.000Z,מקסיקו,1,5,6
2021-08-23T00:00:00.000Z,מקדוניה,1,0,1
2021-08-23T00:00:00.000Z,מקאו,2,3,5
2021-08-23T00:00:00.000Z,מצרים,149,460,609
2021-08-23T00:00:00.000Z,מלדיבים,10,25,35
2021-08-23T00:00:00.000Z,מונקו,3,6,9
2021-08-23T00:00:00.000Z,מונטנגרו,30,81,111
2021-08-23T00:00:00.000Z,מולדובה,38,67,105
2021-08-23T00:00:00.000Z,ליטא,1,8,9
2021-08-23T00:00:00.000Z,ליבריה,0,2,2
2021-08-23T00:00:00.000Z,לטביה,0,3,3
2021-08-23T00:00:00.000Z,לוכסמבורג,2,5,7
2021-08-23T00:00:00.000Z,כלל המדינות,2827,13627,16454
2021-08-23T00:00:00.000Z,ירדן,62,411,473
2021-08-23T00:00:00.000Z,יפן,0,2,2
2021-08-23T00:00:00.000Z,יוון,77,386,463
2021-08-23T00:00:00.000Z,טנזניה,35,75,110
2021-08-23T00:00:00.000Z,טיוואן,0,2,2
2021-08-23T00:00:00.000Z,טג'יקיסטאן,10,8,18
2021-08-23T00:00:00.000Z,זמביה,1,0,1
2021-08-23T00:00:00.000Z,זאיר,0,1,1
2021-08-23T00:00:00.000Z,הממלכה המאוחדת,59,363,422
2021-08-23T00:00:00.000Z,הונגריה,100,219,319
2021-08-23T00:00:00.000Z,הונג קונג,0,1,1
2021-08-23T00:00:00.000Z,הולנד,28,93,121
2021-08-23T00:00:00.000Z,הודו,18,139,157
2021-08-23T00:00:00.000Z,דרום סודאן,0,2,2
2021-08-23T00:00:00.000Z,דרום אפריקה,1,10,11
2021-08-23T00:00:00.000Z,דנמרק,9,20,29
2021-08-23T00:00:00.000Z,גרמניה,105,418,523
2021-08-23T00:00:00.000Z,גווטאמלה,0,3,3
2021-08-23T00:00:00.000Z,גאנה,0,1,1
2021-08-23T00:00:00.000Z,גאורגיה,0,1,1
2021-08-23T00:00:00.000Z,ברזיל,0,45,45
2021-08-23T00:00:00.000Z,בלגיה,40,166,206
2021-08-23T00:00:00.000Z,בוסניה הרצגובינה,18,58,76
2021-08-23T00:00:00.000Z,בולגריה,34,126,160
2021-08-23T00:00:00.000Z,בוטסואנה,0,2,2
2021-08-23T00:00:00.000Z,אתיופיה,13,29,42
2021-08-23T00:00:00.000Z,ארצות הברית,435,3126,3561
2021-08-23T00:00:00.000Z,ארמניה,1,0,1
2021-08-23T00:00:00.000Z,ארגנטינה,4,13,17
2021-08-23T00:00:00.000Z,אקואדור,1,6,7
2021-08-23T00:00:00.000Z,אסטוניה,2,8,10
2021-08-23T00:00:00.000Z,אלבניה,2,7,9
2021-08-23T00:00:00.000Z,אירלנד,1,4,5
2021-08-23T00:00:00.000Z,איסלנד,50,44,94
2021-08-23T00:00:00.000Z,איי סיישל,12,53,65
2021-08-23T00:00:00.000Z,איי גילברט ואליס,0,2,2
2021-08-23T00:00:00.000Z,איטליה,98,342,440
2021-08-23T00:00:00.000Z,אזרביג'אן,0,5,5
2021-08-23T00:00:00.000Z,אורגוואי,2,13,15
2021-08-23T00:00:00.000Z,אוקראינה,117,423,540
2021-08-23T00:00:00.000Z,אוסטרליה,5,9,14
2021-08-23T00:00:00.000Z,אוסטריה,259,780,1039
2021-08-23T00:00:00.000Z,אוזבקיסטן,0,5,5
2021-08-23T00:00:00.000Z,תורכמניסטאן,0,1,1
2021-08-23T00:00:00.000Z,איחוד האמירויות הערב,11,25,36
2021-08-23T00:00:00.000Z,אוגנדה,2,5,7
2021-08-24T00:00:00.000Z,תוניסיה,2,7,9
2021-08-24T00:00:00.000Z,שוויץ,36,171,207
2021-08-24T00:00:00.000Z,תורכיה,22,70,92
2021-08-24T00:00:00.000Z,איחוד האמירויות הערב,18,31,49
2021-08-24T00:00:00.000Z,שוודיה,11,23,34
2021-08-24T00:00:00.000Z,רוסיה,34,110,144
2021-08-24T00:00:00.000Z,רומניה,43,123,166
2021-08-24T00:00:00.000Z,רואנדה,0,1,1
2021-08-24T00:00:00.000Z,קרואטיה,5,15,20
2021-08-24T00:00:00.000Z,קפריסין,24,83,107
2021-08-24T00:00:00.000Z,קניה,13,24,37
2021-08-24T00:00:00.000Z,קנדה,21,142,163
2021-08-24T00:00:00.000Z,קמרון,3,1,4
2021-08-24T00:00:00.000Z,קירג'זסטאן,1,0,1
2021-08-24T00:00:00.000Z,קזחסטאן,0,28,28
2021-08-24T00:00:00.000Z,קוסטה ריקה,1,9,10
2021-08-24T00:00:00.000Z,קוסובו,0,1,1
2021-08-24T00:00:00.000Z,קולומביה,1,2,3
2021-08-24T00:00:00.000Z,קובה,2,0,2
2021-08-24T00:00:00.000Z,צרפת,131,464,595
2021-08-24T00:00:00.000Z,צכיה,147,448,595
2021-08-24T00:00:00.000Z,פרו,2,2,4
2021-08-24T00:00:00.000Z,פרגוואי,0,4,4
2021-08-24T00:00:00.000Z,פנמה,2,6,8
2021-08-24T00:00:00.000Z,פינלנד,4,14,18
2021-08-24T00:00:00.000Z,פיליפינים,0,4,4
2021-08-24T00:00:00.000Z,פורטוגל,7,18,25
2021-08-24T00:00:00.000Z,פולין,43,119,162
2021-08-24T00:00:00.000Z,סרי לנקה (צילון),0,2,2
2021-08-24T00:00:00.000Z,סרביה,0,2,2
2021-08-24T00:00:00.000Z,ספרד,2,4,6
2021-08-24T00:00:00.000Z,סלובניה,2,3,5
2021-08-24T00:00:00.000Z,סינגפור,1,1,2
2021-08-24T00:00:00.000Z,סין,0,5,5
2021-08-24T00:00:00.000Z,סיירה ליאונה,0,1,1
2021-08-24T00:00:00.000Z,סוריה,1,2,3
2021-08-24T00:00:00.000Z,נמיביה,0,1,1
2021-08-24T00:00:00.000Z,ניגריה,0,1,1
2021-08-24T00:00:00.000Z,נורבגיה,0,11,11
2021-08-24T00:00:00.000Z,מרטיניק,0,1,1
2021-08-24T00:00:00.000Z,מרוקו,4,8,12
2021-08-24T00:00:00.000Z,מקסיקו,0,6,6
2021-08-24T00:00:00.000Z,מצרים,109,401,510
2021-08-24T00:00:00.000Z,מלדיבים,7,24,31
2021-08-24T00:00:00.000Z,מונטנגרו,2,6,8
2021-08-24T00:00:00.000Z,תאילנד,26,146,172
2021-08-24T00:00:00.000Z,מאלי,1,1,2
2021-08-24T00:00:00.000Z,ליטא,8,3,11
2021-08-24T00:00:00.000Z,לטביה,6,55,61
2021-08-24T00:00:00.000Z,כלל המדינות,2140,10491,12631
2021-08-24T00:00:00.000Z,ירדן,48,120,168
2021-08-24T00:00:00.000Z,יפן,1,1,2
2021-08-24T00:00:00.000Z,יוון,156,458,614
2021-08-24T00:00:00.000Z,טנזניה,4,17,21
2021-08-24T00:00:00.000Z,טוגו,1,2,3
2021-08-24T00:00:00.000Z,חוף השנהב,2,2,4
2021-08-24T00:00:00.000Z,זמביה,0,1,1
2021-08-24T00:00:00.000Z,הממלכה המאוחדת,45,189,234
2021-08-24T00:00:00.000Z,הונגריה,109,384,493
2021-08-24T00:00:00.000Z,הונג קונג,2,20,22
2021-08-24T00:00:00.000Z,הולנד,51,125,176
2021-08-24T00:00:00.000Z,הודו,1,3,4
2021-08-24T00:00:00.000Z,דרום אפריקה,6,13,19
2021-08-24T00:00:00.000Z,דנמרק,9,44,53
2021-08-24T00:00:00.000Z,גרמניה,78,282,360
2021-08-24T00:00:00.000Z,גיבוטי,0,1,1
2021-08-24T00:00:00.000Z,גאנה,1,4,5
2021-08-24T00:00:00.000Z,גאורגיה,0,1,1
2021-08-24T00:00:00.000Z,ברזיל,0,12,12
2021-08-24T00:00:00.000Z,בלגיה,2,4,6
2021-08-24T00:00:00.000Z,בוסניה הרצגובינה,2,12,14
2021-08-24T00:00:00.000Z,בולגריה,15,48,63
2021-08-24T00:00:00.000Z,אתיופיה,8,26,34
2021-08-24T00:00:00.000Z,ארצות הברית,334,2451,2785
2021-08-24T00:00:00.000Z,ארמניה,6,4,10
2021-08-24T00:00:00.000Z,ארגנטינה,0,3,3
2021-08-24T00:00:00.000Z,אקואדור,0,1,1
2021-08-24T00:00:00.000Z,אסטוניה,0,8,8
2021-08-24T00:00:00.000Z,אנגולה,1,2,3
2021-08-24T00:00:00.000Z,אלגיריה,0,1,1
2021-08-24T00:00:00.000Z,אלבניה,1,0,1
2021-08-24T00:00:00.000Z,אירלנד,0,4,4
2021-08-24T00:00:00.000Z,איסלנד,23,43,66
2021-08-24T00:00:00.000Z,איי גילברט ואליס,0,1,1
2021-08-24T00:00:00.000Z,איטליה,32,149,181
2021-08-24T00:00:00.000Z,אורגוואי,1,7,8
2021-08-24T00:00:00.000Z,אוקראינה,76,277,353
2021-08-24T00:00:00.000Z,אוסטרליה,0,7,7
2021-08-24T00:00:00.000Z,אוסטריה,159,567,726
2021-08-24T00:00:00.000Z,אוזבקיסטן,3,118,121
2021-08-24T00:00:00.000Z,מולדובה,42,89,131
2021-08-25T00:00:00.000Z,איי שלמה הבריטיים,0,2,2
2021-08-25T00:00:00.000Z,איי סיישל,0,2,2
2021-08-25T00:00:00.000Z,איי הבתולה,0,2,2
2021-08-25T00:00:00.000Z,איטליה,109,319,428
2021-08-25T00:00:00.000Z,אזרביג'אן,0,57,57
2021-08-25T00:00:00.000Z,אוקראינה,169,598,767
2021-08-25T00:00:00.000Z,אוסטרליה,1,25,26
2021-08-25T00:00:00.000Z,אוסטריה,259,709,968
2021-08-25T00:00:00.000Z,אוזבקיסטן,3,15,18
2021-08-25T00:00:00.000Z,אוגנדה,4,13,17
2021-08-25T00:00:00.000Z,פיליפינים,0,32,32
2021-08-25T00:00:00.000Z,פורטוגל,9,44,53
2021-08-25T00:00:00.000Z,פולין,23,39,62
2021-08-25T00:00:00.000Z,עירק,0,2,2
2021-08-25T00:00:00.000Z,סרי לנקה (צילון),3,17,20
2021-08-25T00:00:00.000Z,סרביה,29,61,90
2021-08-25T00:00:00.000Z,ספרד,4,4,8
2021-08-25T00:00:00.000Z,סנגל,1,1,2
2021-08-25T00:00:00.000Z,סלובניה,44,87,131
2021-08-25T00:00:00.000Z,סינגפור,0,2,2
2021-08-25T00:00:00.000Z,סין,0,2,2
2021-08-25T00:00:00.000Z,סורינם,1,0,1
2021-08-25T00:00:00.000Z,סוריה,1,3,4
2021-08-25T00:00:00.000Z,סומליה,0,2,2
2021-08-25T00:00:00.000Z,ניגריה,1,5,6
2021-08-25T00:00:00.000Z,ניגר,1,4,5
2021-08-25T00:00:00.000Z,נורבגיה,1,8,9
2021-08-25T00:00:00.000Z,מרוקו,1,0,1
2021-08-25T00:00:00.000Z,מקסיקו,1,2,3
2021-08-25T00:00:00.000Z,מקדוניה,0,7,7
2021-08-25T00:00:00.000Z,מצרים,102,281,383
2021-08-25T00:00:00.000Z,מלטה,0,1,1
2021-08-25T00:00:00.000Z,מלדיבים,11,24,35
2021-08-25T00:00:00.000Z,מלאווי,1,2,3
2021-08-25T00:00:00.000Z,מונקו,0,2,2
2021-08-25T00:00:00.000Z,מונטנגרו,59,79,138
2021-08-25T00:00:00.000Z,מולדובה,4,14,18
2021-08-25T00:00:00.000Z,פינלנד,21,86,107
2021-08-25T00:00:00.000Z,פנמה,1,0,1
2021-08-25T00:00:00.000Z,פרגוואי,1,12,13
2021-08-25T00:00:00.000Z,פרו,1,5,6
2021-08-25T00:00:00.000Z,צכיה,131,351,482
2021-08-25T00:00:00.000Z,צרפת,184,645,829
2021-08-25T00:00:00.000Z,קוסטה ריקה,0,2,2
2021-08-25T00:00:00.000Z,קוריאה הדרומית,4,2,6
2021-08-25T00:00:00.000Z,קזחסטאן,0,1,1
2021-08-25T00:00:00.000Z,קירג'זסטאן,1,0,1
2021-08-25T00:00:00.000Z,קמרון,0,1,1
2021-08-25T00:00:00.000Z,קנדה,24,143,167
2021-08-25T00:00:00.000Z,קניה,0,1,1
2021-08-25T00:00:00.000Z,קפריסין,14,27,41
2021-08-25T00:00:00.000Z,קרואטיה,8,24,32
2021-08-25T00:00:00.000Z,רואנדה,2,0,2
2021-08-25T00:00:00.000Z,רומניה,45,162,207
2021-08-25T00:00:00.000Z,רוסיה,21,108,129
2021-08-25T00:00:00.000Z,שוודיה,3,2,5
2021-08-25T00:00:00.000Z,שוויץ,72,242,314
2021-08-25T00:00:00.000Z,תאילנד,1,2,3
2021-08-25T00:00:00.000Z,תורכיה,7,45,52
2021-08-25T00:00:00.000Z,מוזמביק,1,1,2
2021-08-25T00:00:00.000Z,ליטא,0,4,4
2021-08-25T00:00:00.000Z,לוכסמבורג,1,1,2
2021-08-25T00:00:00.000Z,כלל המדינות,2511,11068,13579
2021-08-25T00:00:00.000Z,ירדן,47,164,211
2021-08-25T00:00:00.000Z,יפן,0,2,2
2021-08-25T00:00:00.000Z,יוון,52,186,238
2021-08-25T00:00:00.000Z,טנזניה,47,99,146
2021-08-25T00:00:00.000Z,טיוואן,1,0,1
2021-08-25T00:00:00.000Z,זמביה,0,2,2
2021-08-25T00:00:00.000Z,זימבאבווה,0,4,4
2021-08-25T00:00:00.000Z,ונצואלה,0,20,20
2021-08-25T00:00:00.000Z,הממלכה המאוחדת,16,152,168
2021-08-25T00:00:00.000Z,הונגריה,69,227,296
2021-08-25T00:00:00.000Z,הונג קונג,1,0,1
2021-08-25T00:00:00.000Z,הולנד,60,153,213
2021-08-25T00:00:00.000Z,הודו,0,3,3
2021-08-25T00:00:00.000Z,האנטילים ההולנדים,0,1,1
2021-08-25T00:00:00.000Z,דרום אפריקה,4,53,57
2021-08-25T00:00:00.000Z,דנמרק,3,12,15
2021-08-25T00:00:00.000Z,דומיניקה,1,0,1
2021-08-25T00:00:00.000Z,גרמניה,99,292,391
2021-08-25T00:00:00.000Z,גאנה,0,13,13
2021-08-25T00:00:00.000Z,גאורגיה,0,1,1
2021-08-25T00:00:00.000Z,ברזיל,0,2,2
2021-08-25T00:00:00.000Z,בלגיה,17,61,78
2021-08-25T00:00:00.000Z,בילורוסיה,16,83,99
2021-08-25T00:00:00.000Z,בוסניה הרצגובינה,7,26,33
2021-08-25T00:00:00.000Z,בולגריה,20,98,118
2021-08-25T00:00:00.000Z,בוטסואנה,0,1,1
2021-08-25T00:00:00.000Z,אתיופיה,14,47,61
2021-08-25T00:00:00.000Z,ארצות הברית,400,2431,2831
2021-08-25T00:00:00.000Z,ארמניה,0,1,1
2021-08-25T00:00:00.000Z,אקואדור,1,1,2
2021-08-25T00:00:00.000Z,אסטוניה,2,5,7
2021-08-25T00:00:00.000Z,אנגולה,0,3,3
2021-08-25T00:00:00.000Z,אלבניה,1,2,3
2021-08-25T00:00:00.000Z,אירלנד,4,4,8
2021-08-25T00:00:00.000Z,איסלנד,9,1,10
2021-08-25T00:00:00.000Z,איחוד האמירויות הערב,13,59,72
2021-08-26T00:00:00.000Z,פיליפינים,0,16,16
2021-08-26T00:00:00.000Z,הממלכה המאוחדת,85,274,359
2021-08-26T00:00:00.000Z,אוזבקיסטן,1,74,75
2021-08-26T00:00:00.000Z,אוסטריה,301,629,930
2021-08-26T00:00:00.000Z,אוסטרליה,0,10,10
2021-08-26T00:00:00.000Z,אוקראינה,190,476,666
2021-08-26T00:00:00.000Z,אורגוואי,2,10,12
2021-08-26T00:00:00.000Z,אזרביג'אן,48,80,128
2021-08-26T00:00:00.000Z,איטליה,79,193,272
2021-08-26T00:00:00.000Z,איי נורפולק,1,1,2
2021-08-26T00:00:00.000Z,איי סיישל,4,6,10
2021-08-26T00:00:00.000Z,איסלנד,58,60,118
2021-08-26T00:00:00.000Z,אירלנד,0,5,5
2021-08-26T00:00:00.000Z,אלבניה,0,1,1
2021-08-26T00:00:00.000Z,אנגולה,3,2,5
2021-08-26T00:00:00.000Z,ארגנטינה,2,40,42
2021-08-26T00:00:00.000Z,ארמניה,19,44,63
2021-08-26T00:00:00.000Z,ארצות הברית,419,2122,2541
2021-08-26T00:00:00.000Z,אתיופיה,11,16,27
2021-08-26T00:00:00.000Z,בולגריה,7,23,30
2021-08-26T00:00:00.000Z,בוסניה הרצגובינה,8,20,28
2021-08-26T00:00:00.000Z,בורקינה פאסו,0,1,1
2021-08-26T00:00:00.000Z,בילורוסיה,1,0,1
2021-08-26T00:00:00.000Z,בלגיה,16,58,74
2021-08-26T00:00:00.000Z,תורכיה,22,74,96
2021-08-26T00:00:00.000Z,תאילנד,33,226,259
2021-08-26T00:00:00.000Z,שוויץ,42,128,170
2021-08-26T00:00:00.000Z,שוודיה,8,13,21
2021-08-26T00:00:00.000Z,רוסיה,21,90,111
2021-08-26T00:00:00.000Z,רומניה,57,129,186
2021-08-26T00:00:00.000Z,רואנדה,1,5,6
2021-08-26T00:00:00.000Z,קרואטיה,5,11,16
2021-08-26T00:00:00.000Z,קפריסין,16,80,96
2021-08-26T00:00:00.000Z,קניה,0,5,5
2021-08-26T00:00:00.000Z,קנדה,14,112,126
2021-08-26T00:00:00.000Z,קמרון,2,2,4
2021-08-26T00:00:00.000Z,קירג'זסטאן,1,5,6
2021-08-26T00:00:00.000Z,קטר,5,2,7
2021-08-26T00:00:00.000Z,קזחסטאן,0,1,1
2021-08-26T00:00:00.000Z,קוריאה הדרומית,0,3,3
2021-08-26T00:00:00.000Z,קוסטה ריקה,2,2,4
2021-08-26T00:00:00.000Z,קולומביה,4,12,16
2021-08-26T00:00:00.000Z,צרפת,103,419,522
2021-08-26T00:00:00.000Z,צכיה,193,380,573
2021-08-26T00:00:00.000Z,פרו,1,7,8
2021-08-26T00:00:00.000Z,פרגוואי,0,2,2
2021-08-26T00:00:00.000Z,פנמה,1,5,6
2021-08-26T00:00:00.000Z,פינלנד,2,8,10
2021-08-26T00:00:00.000Z,אוגנדה,1,1,2
2021-08-26T00:00:00.000Z,פורטוגל,28,122,150
2021-08-26T00:00:00.000Z,פולין,23,33,56
2021-08-26T00:00:00.000Z,עירק,0,1,1
2021-08-26T00:00:00.000Z,סרביה,0,5,5
2021-08-26T00:00:00.000Z,ספרד,8,33,41
2021-08-26T00:00:00.000Z,סנגל,2,0,2
2021-08-26T00:00:00.000Z,סין,1,0,1
2021-08-26T00:00:00.000Z,סוריה,1,2,3
2021-08-26T00:00:00.000Z,ניו זילנד,0,1,1
2021-08-26T00:00:00.000Z,ניגריה,0,3,3
2021-08-26T00:00:00.000Z,נורבגיה,0,8,8
2021-08-26T00:00:00.000Z,מרוקו,49,93,142
2021-08-26T00:00:00.000Z,מקסיקו,1,7,8
2021-08-26T00:00:00.000Z,מקדוניה,0,1,1
2021-08-26T00:00:00.000Z,מצרים,102,284,386
2021-08-26T00:00:00.000Z,מלדיבים,3,18,21
2021-08-26T00:00:00.000Z,מונקו,2,0,2
2021-08-26T00:00:00.000Z,מונטנגרו,55,54,109
2021-08-26T00:00:00.000Z,מולדובה,101,178,279
2021-08-26T00:00:00.000Z,מוזמביק,1,0,1
2021-08-26T00:00:00.000Z,מאלי,0,4,4
2021-08-26T00:00:00.000Z,ליטא,46,80,126
2021-08-26T00:00:00.000Z,ליבריה,0,1,1
2021-08-26T00:00:00.000Z,לטביה,0,1,1
2021-08-26T00:00:00.000Z,לבנון,0,1,1
2021-08-26T00:00:00.000Z,כלל המדינות,3121,11561,14682
2021-08-26T00:00:00.000Z,ירדן,123,301,424
2021-08-26T00:00:00.000Z,יפן,2,4,6
2021-08-26T00:00:00.000Z,יוון,147,542,689
2021-08-26T00:00:00.000Z,טנזניה,6,16,22
2021-08-26T00:00:00.000Z,טיוואן,0,2,2
2021-08-26T00:00:00.000Z,טג'יקיסטאן,1,1,2
2021-08-26T00:00:00.000Z,חוף השנהב,2,2,4
2021-08-26T00:00:00.000Z,זמביה,2,2,4
2021-08-26T00:00:00.000Z,זאיר,1,2,3
2021-08-26T00:00:00.000Z,הרפ הדומיניקנית,0,1,1
2021-08-26T00:00:00.000Z,הונגריה,167,387,554
2021-08-26T00:00:00.000Z,הולנד,71,182,253
2021-08-26T00:00:00.000Z,הודו,0,2,2
2021-08-26T00:00:00.000Z,דרום סודאן,0,1,1
2021-08-26T00:00:00.000Z,דרום אפריקה,9,17,26
2021-08-26T00:00:00.000Z,דנמרק,27,96,123
2021-08-26T00:00:00.000Z,גרמניה,79,229,308
2021-08-26T00:00:00.000Z,גווטאמלה,0,4,4
2021-08-26T00:00:00.000Z,גאנה,1,3,4
2021-08-26T00:00:00.000Z,גאורגיה,29,140,169
2021-08-26T00:00:00.000Z,ברזיל,3,5,8
2021-08-26T00:00:00.000Z,איחוד האמירויות הערב,21,42,63
2021-08-27T00:00:00.000Z,פרו,0,2,2
2021-08-27T00:00:00.000Z,פנמה,2,6,8
2021-08-27T00:00:00.000Z,פינלנד,30,57,87
2021-08-27T00:00:00.000Z,פיליפינים,0,5,5
2021-08-27T00:00:00.000Z,פורטוגל,8,22,30
2021-08-27T00:00:00.000Z,פולין,31,92,123
2021-08-27T00:00:00.000Z,עירק,0,18,18
2021-08-27T00:00:00.000Z,סרי לנקה (צילון),0,3,3
2021-08-27T00:00:00.000Z,סרביה,12,43,55
2021-08-27T00:00:00.000Z,ספרד,6,30,36
2021-08-27T00:00:00.000Z,סלובניה,1,1,2
2021-08-27T00:00:00.000Z,סינגפור,1,11,12
2021-08-27T00:00:00.000Z,סין,5,195,200
2021-08-27T00:00:00.000Z,נפאל,1,0,1
2021-08-27T00:00:00.000Z,ניו זילנד,0,1,1
2021-08-27T00:00:00.000Z,ניגריה,1,1,2
2021-08-27T00:00:00.000Z,נורבגיה,0,2,2
2021-08-27T00:00:00.000Z,מרוקו,3,4,7
2021-08-27T00:00:00.000Z,מקסיקו,0,1,1
2021-08-27T00:00:00.000Z,קוסטה ריקה,3,24,27
2021-08-27T00:00:00.000Z,אוזבקיסטן,1,4,5
2021-08-27T00:00:00.000Z,אוסטריה,365,716,1081
2021-08-27T00:00:00.000Z,אוסטרליה,1,3,4
2021-08-27T00:00:00.000Z,אוקראינה,141,427,568
2021-08-27T00:00:00.000Z,אזרביג'אן,0,6,6
2021-08-27T00:00:00.000Z,איטליה,90,230,320
2021-08-27T00:00:00.000Z,איי טורקס וקייקוס,0,5,5
2021-08-27T00:00:00.000Z,אינדונזיה,0,1,1
2021-08-27T00:00:00.000Z,איסלנד,15,17,32
2021-08-27T00:00:00.000Z,אירלנד,0,7,7
2021-08-27T00:00:00.000Z,אל סלבדור,0,4,4
2021-08-27T00:00:00.000Z,אלבניה,0,2,2
2021-08-27T00:00:00.000Z,אסטוניה,3,13,16
2021-08-27T00:00:00.000Z,אקואדור,0,2,2
2021-08-27T00:00:00.000Z,ארגנטינה,2,15,17
2021-08-27T00:00:00.000Z,ארמניה,0,5,5
2021-08-27T00:00:00.000Z,ארצות הברית,394,1784,2178
2021-08-27T00:00:00.000Z,אתיופיה,0,1,1
2021-08-27T00:00:00.000Z,בולגריה,9,65,74
2021-08-27T00:00:00.000Z,בוסניה הרצגובינה,3,15,18
2021-08-27T00:00:00.000Z,בילורוסיה,15,59,74
2021-08-27T00:00:00.000Z,קוריאה הדרומית,0,5,5
2021-08-27T00:00:00.000Z,קזחסטאן,4,7,11
2021-08-27T00:00:00.000Z,קטר,3,1,4
2021-08-27T00:00:00.000Z,קירג'זסטאן,0,1,1
2021-08-27T00:00:00.000Z,מצרים,132,308,440
2021-08-27T00:00:00.000Z,קנדה,24,114,138
2021-08-27T00:00:00.000Z,קפריסין,41,73,114
2021-08-27T00:00:00.000Z,קרואטיה,6,17,23
2021-08-27T00:00:00.000Z,רומניה,70,190,260
2021-08-27T00:00:00.000Z,רוסיה,33,158,191
2021-08-27T00:00:00.000Z,שוודיה,4,6,10
2021-08-27T00:00:00.000Z,שוויץ,126,304,430
2021-08-27T00:00:00.000Z,תורכיה,22,62,84
2021-08-27T00:00:00.000Z,תורכמניסטאן,0,1,1
2021-08-27T00:00:00.000Z,בלגיה,2,11,13
2021-08-27T00:00:00.000Z,ברזיל,0,3,3
2021-08-27T00:00:00.000Z,גווטאמלה,1,4,5
2021-08-27T00:00:00.000Z,גיברלטר,0,1,1
2021-08-27T00:00:00.000Z,גרמניה,124,355,479
2021-08-27T00:00:00.000Z,דנמרק,10,15,25
2021-08-27T00:00:00.000Z,הודו,1,4,5
2021-08-27T00:00:00.000Z,הולנד,35,81,116
2021-08-27T00:00:00.000Z,הונג קונג,0,2,2
2021-08-27T00:00:00.000Z,הונגריה,159,330,489
2021-08-27T00:00:00.000Z,הונדורס,0,1,1
2021-08-27T00:00:00.000Z,הממלכה המאוחדת,31,121,152
2021-08-27T00:00:00.000Z,הרפ הדומיניקנית,1,7,8
2021-08-27T00:00:00.000Z,ויטנאם,0,2,2
2021-08-27T00:00:00.000Z,חוף השנהב,0,2,2
2021-08-27T00:00:00.000Z,טיוואן,0,4,4
2021-08-27T00:00:00.000Z,יוון,88,219,307
2021-08-27T00:00:00.000Z,יפן,0,2,2
2021-08-27T00:00:00.000Z,ירדן,2,3,5
2021-08-27T00:00:00.000Z,כלל המדינות,2618,9181,11799
2021-08-27T00:00:00.000Z,קולומביה,2,3,5
2021-08-27T00:00:00.000Z,צרפת,48,185,233
2021-08-27T00:00:00.000Z,מלטה,1,0,1
2021-08-27T00:00:00.000Z,איחוד האמירויות הערב,18,39,57
2021-08-27T00:00:00.000Z,צכיה,236,452,688
2021-08-27T00:00:00.000Z,לוכסמבורג,3,2,5
2021-08-27T00:00:00.000Z,לטביה,1,9,10
2021-08-27T00:00:00.000Z,ליטא,4,18,22
2021-08-27T00:00:00.000Z,מאוריציוס,0,1,1
2021-08-27T00:00:00.000Z,מאלי,0,3,3
2021-08-27T00:00:00.000Z,מולדובה,23,73,96
2021-08-27T00:00:00.000Z,מונטנגרו,32,52,84
2021-08-27T00:00:00.000Z,מונקו,2,0,2
2021-08-27T00:00:00.000Z,מלדיבים,9,9,18
2021-08-28T00:00:00.000Z,איי סיישל,0,3,3
2021-08-28T00:00:00.000Z,איחוד האמירויות הערב,14,40,54
2021-08-28T00:00:00.000Z,תורכיה,8,40,48
2021-08-28T00:00:00.000Z,תאילנד,1,2,3
2021-08-28T00:00:00.000Z,שוויץ,55,98,153
2021-08-28T00:00:00.000Z,שוודיה,2,9,11
2021-08-28T00:00:00.000Z,רוסיה,0,10,10
2021-08-28T00:00:00.000Z,רומניה,60,179,239
2021-08-28T00:00:00.000Z,רואנדה,0,3,3
2021-08-28T00:00:00.000Z,קרואטיה,13,14,27
2021-08-28T00:00:00.000Z,קפריסין,10,26,36
2021-08-28T00:00:00.000Z,קניה,6,6,12
2021-08-28T00:00:00.000Z,קנדה,18,61,79
2021-08-28T00:00:00.000Z,קמרון,1,1,2
2021-08-28T00:00:00.000Z,קירג'זסטאן,0,1,1
2021-08-28T00:00:00.000Z,קוריאה הדרומית,2,4,6
2021-08-28T00:00:00.000Z,קוסטה ריקה,4,6,10
2021-08-28T00:00:00.000Z,קולומביה,2,6,8
2021-08-28T00:00:00.000Z,צרפת,55,144,199
2021-08-28T00:00:00.000Z,צכיה,129,189,318
2021-08-28T00:00:00.000Z,פרו,3,2,5
2021-08-28T00:00:00.000Z,פרגוואי,0,7,7
2021-08-28T00:00:00.000Z,פנמה,1,6,7
2021-08-28T00:00:00.000Z,פינלנד,3,3,6
2021-08-28T00:00:00.000Z,פיליפינים,0,5,5
2021-08-28T00:00:00.000Z,פורטוגל,12,17,29
2021-08-28T00:00:00.000Z,פולין,33,64,97
2021-08-28T00:00:00.000Z,עירק,0,1,1
2021-08-28T00:00:00.000Z,סרי לנקה (צילון),0,9,9
2021-08-28T00:00:00.000Z,סרביה,3,0,3
2021-08-28T00:00:00.000Z,ספרד,0,13,13
2021-08-28T00:00:00.000Z,סלובניה,4,9,13
2021-08-28T00:00:00.000Z,סינגפור,0,2,2
2021-08-28T00:00:00.000Z,סין,0,1,1
2021-08-28T00:00:00.000Z,ניו זילנד,0,2,2
2021-08-28T00:00:00.000Z,ניגריה,2,13,15
2021-08-28T00:00:00.000Z,נורבגיה,0,2,2
2021-08-28T00:00:00.000Z,מרוקו,2,6,8
2021-08-28T00:00:00.000Z,מקסיקו,0,1,1
2021-08-28T00:00:00.000Z,זאיר,0,1,1
2021-08-28T00:00:00.000Z,אבחזיסטאן,0,1,1
2021-08-28T00:00:00.000Z,אוגנדה,1,5,6
2021-08-28T00:00:00.000Z,אוזבקיסטן,0,2,2
2021-08-28T00:00:00.000Z,אוסטריה,213,450,663
2021-08-28T00:00:00.000Z,אוסטרליה,1,7,8
2021-08-28T00:00:00.000Z,אוקראינה,59,198,257
2021-08-28T00:00:00.000Z,אורגוואי,1,3,4
2021-08-28T00:00:00.000Z,אזרביג'אן,1,1,2
2021-08-28T00:00:00.000Z,איטליה,34,82,116
2021-08-28T00:00:00.000Z,זמביה,0,2,2
2021-08-28T00:00:00.000Z,איסלנד,14,29,43
2021-08-28T00:00:00.000Z,אירלנד,1,4,5
2021-08-28T00:00:00.000Z,אלבניה,4,1,5
2021-08-28T00:00:00.000Z,אנגולה,0,1,1
2021-08-28T00:00:00.000Z,אסטוניה,1,1,2
2021-08-28T00:00:00.000Z,ארגנטינה,0,1,1
2021-08-28T00:00:00.000Z,ארצות הברית,181,795,976
2021-08-28T00:00:00.000Z,אתיופיה,14,36,50
2021-08-28T00:00:00.000Z,בולגריה,4,46,50
2021-08-28T00:00:00.000Z,בוסניה הרצגובינה,3,8,11
2021-08-28T00:00:00.000Z,בחריין,0,1,1
2021-08-28T00:00:00.000Z,בילורוסיה,1,0,1
2021-08-28T00:00:00.000Z,בלגיה,0,2,2
2021-08-28T00:00:00.000Z,ברזיל,0,3,3
2021-08-28T00:00:00.000Z,גאורגיה,1,0,1
2021-08-28T00:00:00.000Z,גאנה,1,5,6
2021-08-28T00:00:00.000Z,גבון,0,1,1
2021-08-28T00:00:00.000Z,גווטאמלה,1,2,3
2021-08-28T00:00:00.000Z,גינאה,0,1,1
2021-08-28T00:00:00.000Z,גמייקה,1,0,1
2021-08-28T00:00:00.000Z,גרמניה,46,117,163
2021-08-28T00:00:00.000Z,דנמרק,11,23,34
2021-08-28T00:00:00.000Z,דרום אפריקה,4,18,22
2021-08-28T00:00:00.000Z,דרום סודאן,0,1,1
2021-08-28T00:00:00.000Z,הודו,4,4,8
2021-08-28T00:00:00.000Z,הולנד,28,79,107
2021-08-28T00:00:00.000Z,הונגריה,148,262,410
2021-08-28T00:00:00.000Z,מקדוניה,0,1,1
2021-08-28T00:00:00.000Z,מקאו,0,1,1
2021-08-28T00:00:00.000Z,מצרים,100,217,317
2021-08-28T00:00:00.000Z,מלדיבים,3,12,15
2021-08-28T00:00:00.000Z,מלאווי,0,1,1
2021-08-28T00:00:00.000Z,מונטנגרו,0,3,3
2021-08-28T00:00:00.000Z,מולדובה,0,1,1
2021-08-28T00:00:00.000Z,מוזמביק,2,1,3
2021-08-28T00:00:00.000Z,מאלי,0,2,2
2021-08-28T00:00:00.000Z,לסוטו,1,0,1
2021-08-28T00:00:00.000Z,ליטא,3,13,16
2021-08-28T00:00:00.000Z,לטביה,11,66,77
2021-08-28T00:00:00.000Z,לוכסמבורג,0,1,1
2021-08-28T00:00:00.000Z,כלל המדינות,1524,5204,6728
2021-08-28T00:00:00.000Z,ירדן,0,2,2
2021-08-28T00:00:00.000Z,יפן,0,1,1
2021-08-28T00:00:00.000Z,יוון,93,197,290
2021-08-28T00:00:00.000Z,טנזניה,4,7,11
2021-08-28T00:00:00.000Z,טיוואן,0,4,4
2021-08-28T00:00:00.000Z,טוגו,0,3,3
2021-08-28T00:00:00.000Z,חוף השנהב,2,1,3
2021-08-28T00:00:00.000Z,הממלכה המאוחדת,9,33,42
2021-08-29T00:00:00.000Z,סרי לנקה (צילון),2,1,3
2021-08-29T00:00:00.000Z,איחוד האמירויות הערב,15,50,65
2021-08-29T00:00:00.000Z,פורטו ריקו,0,2,2
2021-08-29T00:00:00.000Z,פורטוגל,6,22,28
2021-08-29T00:00:00.000Z,פיליפינים,0,14,14
2021-08-29T00:00:00.000Z,פינלנד,0,1,1
2021-08-29T00:00:00.000Z,פנמה,2,0,2
2021-08-29T00:00:00.000Z,פרו,1,0,1
2021-08-29T00:00:00.000Z,צ'ילה,0,2,2
2021-08-29T00:00:00.000Z,צכיה,222,365,587
2021-08-29T00:00:00.000Z,צרפת,211,625,836
2021-08-29T00:00:00.000Z,קולומביה,0,5,5
2021-08-29T00:00:00.000Z,קוסטה ריקה,0,15,15
2021-08-29T00:00:00.000Z,קוריאה הדרומית,2,7,9
2021-08-29T00:00:00.000Z,קזחסטאן,1,9,10
2021-08-29T00:00:00.000Z,קטר,0,1,1
2021-08-29T00:00:00.000Z,קירג'זסטאן,1,2,3
2021-08-29T00:00:00.000Z,קנדה,9,56,65
2021-08-29T00:00:00.000Z,קניה,0,2,2
2021-08-29T00:00:00.000Z,קפריסין,31,66,97
2021-08-29T00:00:00.000Z,קרואטיה,4,12,16
2021-08-29T00:00:00.000Z,רומניה,31,74,105
2021-08-29T00:00:00.000Z,רוסיה,45,198,243
2021-08-29T00:00:00.000Z,שוודיה,26,75,101
2021-08-29T00:00:00.000Z,שוויץ,49,188,237
2021-08-29T00:00:00.000Z,תאילנד,3,6,9
2021-08-29T00:00:00.000Z,תורכיה,9,47,56
2021-08-29T00:00:00.000Z,תורכמניסטאן,2,0,2
2021-08-29T00:00:00.000Z,פולין,15,40,55
2021-08-29T00:00:00.000Z,אוזבקיסטן,3,2,5
2021-08-29T00:00:00.000Z,אוסטריה,307,554,861
2021-08-29T00:00:00.000Z,אוסטרליה,3,25,28
2021-08-29T00:00:00.000Z,אוקראינה,181,587,768
2021-08-29T00:00:00.000Z,אזרביג'אן,46,113,159
2021-08-29T00:00:00.000Z,איטליה,113,282,395
2021-08-29T00:00:00.000Z,איסלנד,14,26,40
2021-08-29T00:00:00.000Z,אירלנד,3,7,10
2021-08-29T00:00:00.000Z,אנדורה,0,1,1
2021-08-29T00:00:00.000Z,אסטוניה,1,9,10
2021-08-29T00:00:00.000Z,ארגנטינה,0,6,6
2021-08-29T00:00:00.000Z,ארמניה,1,2,3
2021-08-29T00:00:00.000Z,ארצות הברית,257,919,1176
2021-08-29T00:00:00.000Z,בולגריה,12,54,66
2021-08-29T00:00:00.000Z,בוסניה הרצגובינה,2,8,10
2021-08-29T00:00:00.000Z,בילורוסיה,18,118,136
2021-08-29T00:00:00.000Z,בלגיה,21,66,87
2021-08-29T00:00:00.000Z,ברזיל,0,1,1
2021-08-29T00:00:00.000Z,גאורגיה,9,44,53
2021-08-29T00:00:00.000Z,גווטאמלה,0,1,1
2021-08-29T00:00:00.000Z,גמייקה,0,1,1
2021-08-29T00:00:00.000Z,גרמניה,95,262,357
2021-08-29T00:00:00.000Z,דנמרק,25,68,93
2021-08-29T00:00:00.000Z,דרום אפריקה,0,1,1
2021-08-29T00:00:00.000Z,הודו,6,10,16
2021-08-29T00:00:00.000Z,הולנד,44,120,164
2021-08-29T00:00:00.000Z,הונגריה,276,459,735
2021-08-29T00:00:00.000Z,הונדורס,1,1,2
2021-08-29T00:00:00.000Z,הממלכה המאוחדת,84,272,356
2021-08-29T00:00:00.000Z,הרפ הדומיניקנית,0,14,14
2021-08-29T00:00:00.000Z,ויטנאם,0,1,1
2021-08-29T00:00:00.000Z,ונצואלה,0,1,1
2021-08-29T00:00:00.000Z,חוף השנהב,1,3,4
2021-08-29T00:00:00.000Z,טנזניה,0,1,1
2021-08-29T00:00:00.000Z,יוון,226,529,755
2021-08-29T00:00:00.000Z,ירדן,95,267,362
2021-08-29T00:00:00.000Z,כלל המדינות,3012,10003,13015
2021-08-29T00:00:00.000Z,לוכסמבורג,0,2,2
2021-08-29T00:00:00.000Z,לטביה,0,2,2
2021-08-29T00:00:00.000Z,ליטא,35,47,82
2021-08-29T00:00:00.000Z,מאלי,0,2,2
2021-08-29T00:00:00.000Z,מולדובה,72,215,287
2021-08-29T00:00:00.000Z,מונטנגרו,2,0,2
2021-08-29T00:00:00.000Z,מונקו,0,2,2
2021-08-29T00:00:00.000Z,מלדיבים,6,15,21
2021-08-29T00:00:00.000Z,מצרים,115,268,383
2021-08-29T00:00:00.000Z,מקדוניה,0,1,1
2021-08-29T00:00:00.000Z,מקסיקו,2,1,3
2021-08-29T00:00:00.000Z,מרוקו,1,11,12
2021-08-29T00:00:00.000Z,נורבגיה,2,4,6
2021-08-29T00:00:00.000Z,ניגריה,3,3,6
2021-08-29T00:00:00.000Z,סין,0,1,1
2021-08-29T00:00:00.000Z,סינגפור,1,6,7
2021-08-29T00:00:00.000Z,סלובניה,0,1,1
2021-08-29T00:00:00.000Z,סלובקיה,0,1,1
2021-08-29T00:00:00.000Z,סנגל,0,1,1
2021-08-29T00:00:00.000Z,ספרד,4,8,12
2021-08-29T00:00:00.000Z,סרביה,0,2,2
2021-08-30T00:00:00.000Z,אוסטריה,566,944,1510
2021-08-30T00:00:00.000Z,תורכיה,18,46,64
2021-08-30T00:00:00.000Z,תאילנד,0,8,8
2021-08-30T00:00:00.000Z,שוויץ,102,177,279
2021-08-30T00:00:00.000Z,שוודיה,4,10,14
2021-08-30T00:00:00.000Z,רוסיה,39,138,177
2021-08-30T00:00:00.000Z,רומניה,52,91,143
2021-08-30T00:00:00.000Z,רואנדה,1,2,3
2021-08-30T00:00:00.000Z,קרואטיה,4,14,18
2021-08-30T00:00:00.000Z,קפריסין,14,31,45
2021-08-30T00:00:00.000Z,קניה,5,4,9
2021-08-30T00:00:00.000Z,קנדה,20,117,137
2021-08-30T00:00:00.000Z,קלדוניה החדשה,0,1,1
2021-08-30T00:00:00.000Z,קירג'זסטאן,1,0,1
2021-08-30T00:00:00.000Z,קזחסטאן,2,3,5
2021-08-30T00:00:00.000Z,קוריאה הדרומית,0,1,1
2021-08-30T00:00:00.000Z,קוסטה ריקה,2,13,15
2021-08-30T00:00:00.000Z,קולומביה,4,4,8
2021-08-30T00:00:00.000Z,קובה,0,2,2
2021-08-30T00:00:00.000Z,צרפת,132,392,524
2021-08-30T00:00:00.000Z,צכיה,161,269,430
2021-08-30T00:00:00.000Z,צ'ילה,0,3,3
2021-08-30T00:00:00.000Z,פרו,0,2,2
2021-08-30T00:00:00.000Z,פנמה,2,7,9
2021-08-30T00:00:00.000Z,פינלנד,2,7,9
2021-08-30T00:00:00.000Z,פיליפינים,0,2,2
2021-08-30T00:00:00.000Z,פורטוגל,43,95,138
2021-08-30T00:00:00.000Z,פורטו ריקו,0,1,1
2021-08-30T00:00:00.000Z,פולין,25,63,88
2021-08-30T00:00:00.000Z,סרביה,26,61,87
2021-08-30T00:00:00.000Z,ספרד,1,35,36
2021-08-30T00:00:00.000Z,סינגפור,1,3,4
2021-08-30T00:00:00.000Z,סוריה,1,4,5
2021-08-30T00:00:00.000Z,נמיביה,0,1,1
2021-08-30T00:00:00.000Z,ניקרגואה,0,2,2
2021-08-30T00:00:00.000Z,ניו זילנד,0,2,2
2021-08-30T00:00:00.000Z,ניגריה,0,3,3
2021-08-30T00:00:00.000Z,איחוד האמירויות הערב,19,30,49
2021-08-30T00:00:00.000Z,אבחזיסטאן,0,1,1
2021-08-30T00:00:00.000Z,נורבגיה,1,5,6
2021-08-30T00:00:00.000Z,מרוקו,4,4,8
2021-08-30T00:00:00.000Z,מקסיקו,0,3,3
2021-08-30T00:00:00.000Z,מקאו,0,2,2
2021-08-30T00:00:00.000Z,מצרים,80,215,295
2021-08-30T00:00:00.000Z,מלטה,1,0,1
2021-08-30T00:00:00.000Z,מלדיבים,4,11,15
2021-08-30T00:00:00.000Z,מונטנגרו,38,45,83
2021-08-30T00:00:00.000Z,מולדובה,61,52,113
2021-08-30T00:00:00.000Z,מאלי,2,6,8
2021-08-30T00:00:00.000Z,ליטא,5,3,8
2021-08-30T00:00:00.000Z,לטביה,0,9,9
2021-08-30T00:00:00.000Z,כלל המדינות,3063,10482,13545
2021-08-30T00:00:00.000Z,ירדן,29,225,254
2021-08-30T00:00:00.000Z,יפן,0,3,3
2021-08-30T00:00:00.000Z,יוון,115,173,288
2021-08-30T00:00:00.000Z,טנזניה,4,20,24
2021-08-30T00:00:00.000Z,טיוואן,0,3,3
2021-08-30T00:00:00.000Z,טוגו,0,1,1
2021-08-30T00:00:00.000Z,טג'יקיסטאן,0,2,2
2021-08-30T00:00:00.000Z,זמביה,0,4,4
2021-08-30T00:00:00.000Z,זימבאבווה,1,0,1
2021-08-30T00:00:00.000Z,זאיר,0,1,1
2021-08-30T00:00:00.000Z,הממלכה המאוחדת,75,283,358
2021-08-30T00:00:00.000Z,הונגריה,124,200,324
2021-08-30T00:00:00.000Z,הולנד,50,75,125
2021-08-30T00:00:00.000Z,הודו,6,188,194
2021-08-30T00:00:00.000Z,דרום אפריקה,2,18,20
2021-08-30T00:00:00.000Z,דנמרק,11,10,21
2021-08-30T00:00:00.000Z,דומיניקה,0,1,1
2021-08-30T00:00:00.000Z,גרמניה,106,218,324
2021-08-30T00:00:00.000Z,גמביה,0,1,1
2021-08-30T00:00:00.000Z,גיברלטר,0,1,1
2021-08-30T00:00:00.000Z,גווטאמלה,0,1,1
2021-08-30T00:00:00.000Z,גאנה,3,5,8
2021-08-30T00:00:00.000Z,גאורגיה,19,44,63
2021-08-30T00:00:00.000Z,ברזיל,2,6,8
2021-08-30T00:00:00.000Z,בליז,1,1,2
2021-08-30T00:00:00.000Z,בלגיה,52,103,155
2021-08-30T00:00:00.000Z,בילורוסיה,12,82,94
2021-08-30T00:00:00.000Z,בוסניה הרצגובינה,14,15,29
2021-08-30T00:00:00.000Z,בולגריה,19,77,96
2021-08-30T00:00:00.000Z,בוטסואנה,1,0,1
2021-08-30T00:00:00.000Z,אתיופיה,18,28,46
2021-08-30T00:00:00.000Z,ארצות הברית,493,2261,2754
2021-08-30T00:00:00.000Z,ארמניה,1,3,4
2021-08-30T00:00:00.000Z,ארגנטינה,0,1,1
2021-08-30T00:00:00.000Z,אקואדור,1,0,1
2021-08-30T00:00:00.000Z,אסטוניה,2,9,11
2021-08-30T00:00:00.000Z,אנגולה,0,2,2
2021-08-30T00:00:00.000Z,אלבניה,1,0,1
2021-08-30T00:00:00.000Z,אל סלבדור,0,1,1
2021-08-30T00:00:00.000Z,אירלנד,0,4,4
2021-08-30T00:00:00.000Z,איסלנד,47,34,81
2021-08-30T00:00:00.000Z,אינדונזיה,0,1,1
2021-08-30T00:00:00.000Z,איי גילברט ואליס,0,1,1
2021-08-30T00:00:00.000Z,איטליה,67,180,247
2021-08-30T00:00:00.000Z,אזרביג'אן,1,5,6
2021-08-30T00:00:00.000Z,אורגוואי,0,1,1
2021-08-30T00:00:00.000Z,אוקראינה,116,568,684
2021-08-30T00:00:00.000Z,אוסטרליה,3,11,14
2021-08-30T00:00:00.000Z,תוניסיה,0,3,3
2021-08-30T00:00:00.000Z,אוזבקיסטן,1,28,29
2021-08-30T00:00:00.000Z,אוגנדה,2,0,2
2021-08-31T00:00:00.000Z,חוף השנהב,1,0,1
2021-08-31T00:00:00.000Z,איחוד האמירויות הערב,7,28,35
2021-08-31T00:00:00.000Z,תוניסיה,0,1,1
2021-08-31T00:00:00.000Z,תאילנד,5,257,262
2021-08-31T00:00:00.000Z,שוויץ,39,129,168
2021-08-31T00:00:00.000Z,שוודיה,4,8,12
2021-08-31T00:00:00.000Z,רפ מרכז אפריקנית,0,1,1
2021-08-31T00:00:00.000Z,קולומביה,0,11,11
2021-08-31T00:00:00.000Z,אבחזיסטאן,0,1,1
2021-08-31T00:00:00.000Z,אוגנדה,1,3,4
2021-08-31T00:00:00.000Z,אוזבקיסטן,0,13,13
2021-08-31T00:00:00.000Z,אוסטריה,110,343,453
2021-08-31T00:00:00.000Z,אוסטרליה,3,8,11
2021-08-31T00:00:00.000Z,אוקראינה,26,360,386
2021-08-31T00:00:00.000Z,אורגוואי,0,5,5
2021-08-31T00:00:00.000Z,אזרביג'אן,2,3,5
2021-08-31T00:00:00.000Z,איטליה,25,86,111
2021-08-31T00:00:00.000Z,איי גילברט ואליס,0,2,2
2021-08-31T00:00:00.000Z,איי סיישל,0,3,3
2021-08-31T00:00:00.000Z,איסלנד,47,13,60
2021-08-31T00:00:00.000Z,אירלנד,1,7,8
2021-08-31T00:00:00.000Z,אלגיריה,0,1,1
2021-08-31T00:00:00.000Z,אנגולה,0,7,7
2021-08-31T00:00:00.000Z,אסטוניה,0,1,1
2021-08-31T00:00:00.000Z,אקואדור,0,4,4
2021-08-31T00:00:00.000Z,ארגנטינה,1,14,15
2021-08-31T00:00:00.000Z,ארמניה,1,2,3
2021-08-31T00:00:00.000Z,ארצות הברית,198,1451,1649
2021-08-31T00:00:00.000Z,אתיופיה,3,39,42
2021-08-31T00:00:00.000Z,בולגריה,6,72,78
2021-08-31T00:00:00.000Z,בוסניה הרצגובינה,5,9,14
2021-08-31T00:00:00.000Z,בחריין,1,3,4
2021-08-31T00:00:00.000Z,בלגיה,1,9,10
2021-08-31T00:00:00.000Z,בליז,0,1,1
2021-08-31T00:00:00.000Z,ברזיל,0,2,2
2021-08-31T00:00:00.000Z,גאורגיה,0,3,3
2021-08-31T00:00:00.000Z,גאנה,1,0,1
2021-08-31T00:00:00.000Z,גווטאמלה,1,6,7
2021-08-31T00:00:00.000Z,גיברלטר,0,1,1
2021-08-31T00:00:00.000Z,גרמניה,33,239,272
2021-08-31T00:00:00.000Z,דנמרק,3,14,17
2021-08-31T00:00:00.000Z,דרום אפריקה,6,26,32
2021-08-31T00:00:00.000Z,הולנד,22,100,122
2021-08-31T00:00:00.000Z,הונג קונג,0,28,28
2021-08-31T00:00:00.000Z,הונגריה,167,361,528
2021-08-31T00:00:00.000Z,הונדורס,0,1,1
2021-08-31T00:00:00.000Z,הממלכה המאוחדת,14,72,86
2021-08-31T00:00:00.000Z,ונצואלה,0,10,10
2021-08-31T00:00:00.000Z,זמביה,0,4,4
2021-08-31T00:00:00.000Z,תורכיה,11,56,67
2021-08-31T00:00:00.000Z,טוגו,1,0,1
2021-08-31T00:00:00.000Z,טנזניה,0,13,13
2021-08-31T00:00:00.000Z,יוון,67,278,345
2021-08-31T00:00:00.000Z,יפן,2,15,17
2021-08-31T00:00:00.000Z,ירדן,19,91,110
2021-08-31T00:00:00.000Z,כלל המדינות,1544,8290,9834
2021-08-31T00:00:00.000Z,לבנון,0,2,2
2021-08-31T00:00:00.000Z,לטביה,7,50,57
2021-08-31T00:00:00.000Z,ליטא,2,5,7
2021-08-31T00:00:00.000Z,מאלי,1,2,3
2021-08-31T00:00:00.000Z,מוזמביק,0,1,1
2021-08-31T00:00:00.000Z,מולדובה,24,175,199
2021-08-31T00:00:00.000Z,מונטנגרו,0,3,3
2021-08-31T00:00:00.000Z,מלדיבים,0,38,38
2021-08-31T00:00:00.000Z,מצרים,25,181,206
2021-08-31T00:00:00.000Z,מקסיקו,1,3,4
2021-08-31T00:00:00.000Z,מרוקו,2,7,9
2021-08-31T00:00:00.000Z,נורבגיה,0,2,2
2021-08-31T00:00:00.000Z,ניגר,0,1,1
2021-08-31T00:00:00.000Z,ניגריה,2,3,5
2021-08-31T00:00:00.000Z,סין,14,20,34
2021-08-31T00:00:00.000Z,סלובניה,2,3,5
2021-08-31T00:00:00.000Z,ספרד,2,35,37
2021-08-31T00:00:00.000Z,סרביה,1,19,20
2021-08-31T00:00:00.000Z,סרי לנקה (צילון),0,1,1
2021-08-31T00:00:00.000Z,עומן,0,1,1
2021-08-31T00:00:00.000Z,ערב הסעודית,34,61,95
2021-08-31T00:00:00.000Z,פולין,60,123,183
2021-08-31T00:00:00.000Z,פורטו ריקו,0,1,1
2021-08-31T00:00:00.000Z,פורטוגל,2,17,19
2021-08-31T00:00:00.000Z,פיליפינים,0,5,5
2021-08-31T00:00:00.000Z,פינלנד,0,5,5
2021-08-31T00:00:00.000Z,פנמה,0,10,10
2021-08-31T00:00:00.000Z,פרגוואי,0,4,4
2021-08-31T00:00:00.000Z,פרו,1,3,4
2021-08-31T00:00:00.000Z,צכיה,215,360,575
2021-08-31T00:00:00.000Z,רוסיה,16,238,254
2021-08-31T00:00:00.000Z,רומניה,20,97,117
2021-08-31T00:00:00.000Z,רואנדה,0,1,1
2021-08-31T00:00:00.000Z,קרואטיה,1,37,38
2021-08-31T00:00:00.000Z,קפריסין,4,23,27
2021-08-31T00:00:00.000Z,קניה,2,19,21
2021-08-31T00:00:00.000Z,קנדה,19,99,118
2021-08-31T00:00:00.000Z,קמרון,0,1,1
2021-08-31T00:00:00.000Z,קוריאה הדרומית,0,3,3
2021-08-31T00:00:00.000Z,קוסטה ריקה,4,12,16
2021-08-31T00:00:00.000Z,קוסובו,0,1,1
2021-08-31T00:00:00.000Z,צרפת,73,328,401
2021-09-01T00:00:00.000Z,אוזבקיסטן,0,17,17
2021-09-01T00:00:00.000Z,איחוד האמירויות הערב,9,42,51
2021-09-01T00:00:00.000Z,תורכיה,3,35,38
2021-09-01T00:00:00.000Z,תוניסיה,0,1,1
2021-09-01T00:00:00.000Z,תאילנד,0,2,2
2021-09-01T00:00:00.000Z,שוויץ,27,64,91
2021-09-01T00:00:00.000Z,שוודיה,1,8,9
2021-09-01T00:00:00.000Z,רוסיה,12,248,260
2021-09-01T00:00:00.000Z,רומניה,26,91,117
2021-09-01T00:00:00.000Z,קרואטיה,4,8,12
2021-09-01T00:00:00.000Z,קפריסין,4,36,40
2021-09-01T00:00:00.000Z,קניה,1,3,4
2021-09-01T00:00:00.000Z,קנדה,9,129,138
2021-09-01T00:00:00.000Z,קזחסטאן,2,85,87
2021-09-01T00:00:00.000Z,קוריאה הדרומית,0,4,4
2021-09-01T00:00:00.000Z,קוסטה ריקה,0,7,7
2021-09-01T00:00:00.000Z,קולומביה,2,2,4
2021-09-01T00:00:00.000Z,צרפת,65,404,469
2021-09-01T00:00:00.000Z,צכיה,152,198,350
2021-09-01T00:00:00.000Z,פרו,0,5,5
2021-09-01T00:00:00.000Z,פנמה,0,1,1
2021-09-01T00:00:00.000Z,פינלנד,13,51,64
2021-09-01T00:00:00.000Z,פיליפינים,0,45,45
2021-09-01T00:00:00.000Z,פורטוגל,7,26,33
2021-09-01T00:00:00.000Z,פולין,48,74,122
2021-09-01T00:00:00.000Z,סרי לנקה (צילון),2,10,12
2021-09-01T00:00:00.000Z,סרביה,0,3,3
2021-09-01T00:00:00.000Z,ספרד,1,13,14
2021-09-01T00:00:00.000Z,סלובקיה,0,1,1
2021-09-01T00:00:00.000Z,סלובניה,2,6,8
2021-09-01T00:00:00.000Z,סינגפור,1,13,14
2021-09-01T00:00:00.000Z,סוריה,3,5,8
2021-09-01T00:00:00.000Z,סודן,0,1,1
2021-09-01T00:00:00.000Z,ניקרגואה,1,0,1
2021-09-01T00:00:00.000Z,ניו זילנד,1,1,2
2021-09-01T00:00:00.000Z,ניגריה,1,5,6
2021-09-01T00:00:00.000Z,נורבגיה,0,9,9
2021-09-01T00:00:00.000Z,מרוקו,0,6,6
2021-09-01T00:00:00.000Z,מקסיקו,1,1,2
2021-09-01T00:00:00.000Z,מקדוניה,0,2,2
2021-09-01T00:00:00.000Z,מצרים,16,92,108
2021-09-01T00:00:00.000Z,מלטה,0,1,1
2021-09-01T00:00:00.000Z,מלדיבים,1,23,24
2021-09-01T00:00:00.000Z,מונטנגרו,4,24,28
2021-09-01T00:00:00.000Z,מולדובה,1,1,2
2021-09-01T00:00:00.000Z,מאלי,0,2,2
2021-09-01T00:00:00.000Z,ליטא,1,1,2
2021-09-01T00:00:00.000Z,לוכסמבורג,1,1,2
2021-09-01T00:00:00.000Z,כלל המדינות,1289,7829,9118
2021-09-01T00:00:00.000Z,ירדן,29,98,127
2021-09-01T00:00:00.000Z,יפן,0,7,7
2021-09-01T00:00:00.000Z,יוון,28,97,125
2021-09-01T00:00:00.000Z,טנזניה,4,14,18
2021-09-01T00:00:00.000Z,טיוואן,0,3,3
2021-09-01T00:00:00.000Z,זמביה,0,1,1
2021-09-01T00:00:00.000Z,ונצואלה,0,2,2
2021-09-01T00:00:00.000Z,הרפ הדומיניקנית,0,3,3
2021-09-01T00:00:00.000Z,הממלכה המאוחדת,20,148,168
2021-09-01T00:00:00.000Z,הונגריה,132,224,356
2021-09-01T00:00:00.000Z,הולנד,13,87,100
2021-09-01T00:00:00.000Z,הודו,0,3,3
2021-09-01T00:00:00.000Z,דרום סודאן,1,1,2
2021-09-01T00:00:00.000Z,דרום אפריקה,0,11,11
2021-09-01T00:00:00.000Z,דנמרק,5,7,12
2021-09-01T00:00:00.000Z,גרמניה,29,198,227
2021-09-01T00:00:00.000Z,גמייקה,0,2,2
2021-09-01T00:00:00.000Z,גווטאמלה,0,3,3
2021-09-01T00:00:00.000Z,גבון,1,0,1
2021-09-01T00:00:00.000Z,גאנה,2,2,4
2021-09-01T00:00:00.000Z,גאורגיה,0,1,1
2021-09-01T00:00:00.000Z,ברזיל,0,3,3
2021-09-01T00:00:00.000Z,ברבדוס,0,1,1
2021-09-01T00:00:00.000Z,בלגיה,2,13,15
2021-09-01T00:00:00.000Z,בילורוסיה,6,87,93
2021-09-01T00:00:00.000Z,בורקינה פאסו,0,1,1
2021-09-01T00:00:00.000Z,בוסניה הרצגובינה,1,10,11
2021-09-01T00:00:00.000Z,בולגריה,4,20,24
2021-09-01T00:00:00.000Z,אתיופיה,2,30,32
2021-09-01T00:00:00.000Z,ארצות הברית,220,1693,1913
2021-09-01T00:00:00.000Z,ארמניה,0,3,3
2021-09-01T00:00:00.000Z,אקואדור,0,1,1
2021-09-01T00:00:00.000Z,אסטוניה,1,6,7
2021-09-01T00:00:00.000Z,אירלנד,6,4,10
2021-09-01T00:00:00.000Z,איסלנד,26,9,35
2021-09-01T00:00:00.000Z,איטליה,21,104,125
2021-09-01T00:00:00.000Z,אזרביג'אן,1,1,2
2021-09-01T00:00:00.000Z,אורגוואי,0,2,2
2021-09-01T00:00:00.000Z,אוקראינה,74,663,737
2021-09-01T00:00:00.000Z,אוסטרליה,0,15,15
2021-09-01T00:00:00.000Z,אוסטריה,78,194,272
2021-09-02T00:00:00.000Z,הממלכה המאוחדת,42,443,485
2021-09-02T00:00:00.000Z,תוניסיה,0,1,1
2021-09-02T00:00:00.000Z,תורכיה,4,60,64
2021-09-02T00:00:00.000Z,שוויץ,34,72,106
2021-09-02T00:00:00.000Z,שוודיה,6,31,37
2021-09-02T00:00:00.000Z,איחוד האמירויות הערב,6,35,41
2021-09-02T00:00:00.000Z,רוסיה,20,173,193
2021-09-02T00:00:00.000Z,רומניה,24,42,66
2021-09-02T00:00:00.000Z,קרואטיה,2,10,12
2021-09-02T00:00:00.000Z,קפריסין,14,50,64
2021-09-02T00:00:00.000Z,קניה,1,6,7
2021-09-02T00:00:00.000Z,קנדה,9,257,266
2021-09-02T00:00:00.000Z,קמרון,0,1,1
2021-09-02T00:00:00.000Z,קוריאה הדרומית,0,4,4
2021-09-02T00:00:00.000Z,קוסטה ריקה,1,4,5
2021-09-02T00:00:00.000Z,קולומביה,0,17,17
2021-09-02T00:00:00.000Z,צרפת,92,458,550
2021-09-02T00:00:00.000Z,צכיה,58,110,168
2021-09-02T00:00:00.000Z,צ'ילה,0,2,2
2021-09-02T00:00:00.000Z,צאד,1,0,1
2021-09-02T00:00:00.000Z,פרו,1,5,6
2021-09-02T00:00:00.000Z,פרגוואי,1,0,1
2021-09-02T00:00:00.000Z,פנמה,0,7,7
2021-09-02T00:00:00.000Z,פינלנד,0,1,1
2021-09-02T00:00:00.000Z,פיליפינים,0,2,2
2021-09-02T00:00:00.000Z,פורטוגל,35,104,139
2021-09-02T00:00:00.000Z,פולין,37,69,106
2021-09-02T00:00:00.000Z,עירק,0,1,1
2021-09-02T00:00:00.000Z,סרי לנקה (צילון),0,2,2
2021-09-02T00:00:00.000Z,סרביה,3,7,10
2021-09-02T00:00:00.000Z,ספרד,4,72,76
2021-09-02T00:00:00.000Z,סלובקיה,0,5,5
2021-09-02T00:00:00.000Z,סלובניה,0,1,1
2021-09-02T00:00:00.000Z,סוריה,1,9,10
2021-09-02T00:00:00.000Z,סודן,1,0,1
2021-09-02T00:00:00.000Z,נמיביה,0,3,3
2021-09-02T00:00:00.000Z,ניגריה,1,5,6
2021-09-02T00:00:00.000Z,נורבגיה,1,14,15
2021-09-02T00:00:00.000Z,מרטיניק,1,0,1
2021-09-02T00:00:00.000Z,מרוקו,16,79,95
2021-09-02T00:00:00.000Z,מצרים,25,117,142
2021-09-02T00:00:00.000Z,מלטה,0,2,2
2021-09-02T00:00:00.000Z,מלדיבים,0,9,9
2021-09-02T00:00:00.000Z,מולדובה,31,170,201
2021-09-02T00:00:00.000Z,מאלי,1,2,3
2021-09-02T00:00:00.000Z,ליטא,33,74,107
2021-09-02T00:00:00.000Z,לטביה,7,0,7
2021-09-02T00:00:00.000Z,כלל המדינות,1800,9787,11587
2021-09-02T00:00:00.000Z,ירדן,34,98,132
2021-09-02T00:00:00.000Z,יפן,1,15,16
2021-09-02T00:00:00.000Z,יוון,66,175,241
2021-09-02T00:00:00.000Z,טנזניה,4,13,17
2021-09-02T00:00:00.000Z,טוגו,1,1,2
2021-09-02T00:00:00.000Z,זמביה,1,3,4
2021-09-02T00:00:00.000Z,זאיר,0,2,2
2021-09-02T00:00:00.000Z,ונצואלה,0,1,1
2021-09-02T00:00:00.000Z,הרפ הדומיניקנית,0,3,3
2021-09-02T00:00:00.000Z,הונגריה,195,280,475
2021-09-02T00:00:00.000Z,הונג קונג,1,0,1
2021-09-02T00:00:00.000Z,הולנד,20,109,129
2021-09-02T00:00:00.000Z,הודו,2,6,8
2021-09-02T00:00:00.000Z,דרום סודאן,0,1,1
2021-09-02T00:00:00.000Z,דרום אפריקה,1,18,19
2021-09-02T00:00:00.000Z,דנמרק,17,73,90
2021-09-02T00:00:00.000Z,דומיניקה,2,0,2
2021-09-02T00:00:00.000Z,גרמניה,55,180,235
2021-09-02T00:00:00.000Z,גמייקה,0,2,2
2021-09-02T00:00:00.000Z,גינאה המשוונית,0,2,2
2021-09-02T00:00:00.000Z,גווטאמלה,0,1,1
2021-09-02T00:00:00.000Z,גאורגיה,9,58,67
2021-09-02T00:00:00.000Z,ברזיל,1,3,4
2021-09-02T00:00:00.000Z,בנין (דהומי),0,1,1
2021-09-02T00:00:00.000Z,בנגלדש,0,1,1
2021-09-02T00:00:00.000Z,בליז,0,1,1
2021-09-02T00:00:00.000Z,בלגיה,13,99,112
2021-09-02T00:00:00.000Z,בחריין,6,3,9
2021-09-02T00:00:00.000Z,בוסניה הרצגובינה,0,1,1
2021-09-02T00:00:00.000Z,בולגריה,3,5,8
2021-09-02T00:00:00.000Z,בהמס,0,1,1
2021-09-02T00:00:00.000Z,אתיופיה,4,32,36
2021-09-02T00:00:00.000Z,ארצות הברית,129,2028,2157
2021-09-02T00:00:00.000Z,ארמניה,0,2,2
2021-09-02T00:00:00.000Z,ארגנטינה,0,45,45
2021-09-02T00:00:00.000Z,אקואדור,0,2,2
2021-09-02T00:00:00.000Z,אנגולה,0,4,4
2021-09-02T00:00:00.000Z,אל סלבדור,0,1,1
2021-09-02T00:00:00.000Z,אירלנד,1,3,4
2021-09-02T00:00:00.000Z,איסלנד,29,29,58
2021-09-02T00:00:00.000Z,אינדונזיה,0,1,1
2021-09-02T00:00:00.000Z,איי סיישל,8,46,54
2021-09-02T00:00:00.000Z,איטליה,71,157,228
2021-09-02T00:00:00.000Z,אזרביג'אן,15,72,87
2021-09-02T00:00:00.000Z,אורגוואי,1,4,5
2021-09-02T00:00:00.000Z,אוקראינה,76,447,523
2021-09-02T00:00:00.000Z,אוסטרליה,0,2,2
2021-09-02T00:00:00.000Z,אוסטריה,103,229,332
2021-09-02T00:00:00.000Z,אוזבקיסטן,1,23,24
2021-09-03T00:00:00.000Z,רוסיה,70,298,368
2021-09-03T00:00:00.000Z,הודו,2,3,5
2021-09-03T00:00:00.000Z,מצרים,65,118,183
2021-09-03T00:00:00.000Z,מלטה,1,0,1
2021-09-03T00:00:00.000Z,מלדיבים,2,11,13
2021-09-03T00:00:00.000Z,מונטנגרו,29,60,89
2021-09-03T00:00:00.000Z,מולדובה,22,65,87
2021-09-03T00:00:00.000Z,ליטא,0,3,3
2021-09-03T00:00:00.000Z,לטביה,1,2,3
2021-09-03T00:00:00.000Z,כלל המדינות,2572,8259,10831
2021-09-03T00:00:00.000Z,ירדן,2,3,5
2021-09-03T00:00:00.000Z,יפן,2,8,10
2021-09-03T00:00:00.000Z,יוון,124,196,320
2021-09-03T00:00:00.000Z,טיוואן,0,1,1
2021-09-03T00:00:00.000Z,ונצואלה,0,5,5
2021-09-03T00:00:00.000Z,מרוקו,4,6,10
2021-09-03T00:00:00.000Z,נורבגיה,0,6,6
2021-09-03T00:00:00.000Z,ניגריה,1,4,5
2021-09-03T00:00:00.000Z,ניו זילנד,1,2,3
2021-09-03T00:00:00.000Z,נפאל,0,1,1
2021-09-03T00:00:00.000Z,סינגפור,1,8,9
2021-09-03T00:00:00.000Z,סלובקיה,3,5,8
2021-09-03T00:00:00.000Z,סנגל,1,2,3
2021-09-03T00:00:00.000Z,ספרד,9,28,37
2021-09-03T00:00:00.000Z,סרביה,0,7,7
2021-09-03T00:00:00.000Z,סרי לנקה (צילון),0,1,1
2021-09-03T00:00:00.000Z,ערב הסעודית,1,0,1
2021-09-03T00:00:00.000Z,פולין,70,94,164
2021-09-03T00:00:00.000Z,פורטוגל,6,10,16
2021-09-03T00:00:00.000Z,פיליפינים,0,5,5
2021-09-03T00:00:00.000Z,פינלנד,23,39,62
2021-09-03T00:00:00.000Z,פנמה,1,6,7
2021-09-03T00:00:00.000Z,פרגוואי,0,1,1
2021-09-03T00:00:00.000Z,צכיה,201,230,431
2021-09-03T00:00:00.000Z,צרפת,98,260,358
2021-09-03T00:00:00.000Z,קוסובו,0,1,1
2021-09-03T00:00:00.000Z,קוסטה ריקה,3,32,35
2021-09-03T00:00:00.000Z,קוריאה הדרומית,1,0,1
2021-09-03T00:00:00.000Z,קזחסטאן,5,11,16
2021-09-03T00:00:00.000Z,קטר,2,0,2
2021-09-03T00:00:00.000Z,קירג'זסטאן,0,1,1
2021-09-03T00:00:00.000Z,קנדה,36,214,250
2021-09-03T00:00:00.000Z,קפריסין,31,57,88
2021-09-03T00:00:00.000Z,קרואטיה,4,7,11
2021-09-03T00:00:00.000Z,רומניה,44,65,109
2021-09-03T00:00:00.000Z,מקדוניה,1,0,1
2021-09-03T00:00:00.000Z,שוודיה,3,6,9
2021-09-03T00:00:00.000Z,שוויץ,126,246,372
2021-09-03T00:00:00.000Z,תאילנד,23,114,137
2021-09-03T00:00:00.000Z,תוניסיה,0,2,2
2021-09-03T00:00:00.000Z,תורכיה,11,61,72
2021-09-03T00:00:00.000Z,ויטנאם,0,2,2
2021-09-03T00:00:00.000Z,מקסיקו,1,0,1
2021-09-03T00:00:00.000Z,הרפ הדומיניקנית,1,3,4
2021-09-03T00:00:00.000Z,איחוד האמירויות הערב,25,24,49
2021-09-03T00:00:00.000Z,הממלכה המאוחדת,32,385,417
2021-09-03T00:00:00.000Z,הונגריה,157,287,444
2021-09-03T00:00:00.000Z,הולנד,50,115,165
2021-09-03T00:00:00.000Z,אבחזיסטאן,1,1,2
2021-09-03T00:00:00.000Z,אוזבקיסטן,1,2,3
2021-09-03T00:00:00.000Z,אוסטריה,182,246,428
2021-09-03T00:00:00.000Z,אוסטרליה,1,3,4
2021-09-03T00:00:00.000Z,אוקראינה,126,387,513
2021-09-03T00:00:00.000Z,אורגוואי,1,8,9
2021-09-03T00:00:00.000Z,אזרביג'אן,1,0,1
2021-09-03T00:00:00.000Z,איטליה,99,150,249
2021-09-03T00:00:00.000Z,איסלנד,3,8,11
2021-09-03T00:00:00.000Z,אירלנד,1,6,7
2021-09-03T00:00:00.000Z,אל סלבדור,0,1,1
2021-09-03T00:00:00.000Z,אנגולה,0,1,1
2021-09-03T00:00:00.000Z,אסטוניה,0,2,2
2021-09-03T00:00:00.000Z,אקואדור,1,3,4
2021-09-03T00:00:00.000Z,ארגנטינה,0,8,8
2021-09-03T00:00:00.000Z,ארמניה,3,15,18
2021-09-03T00:00:00.000Z,ארצות הברית,368,1848,2216
2021-09-03T00:00:00.000Z,בהמס,1,2,3
2021-09-03T00:00:00.000Z,בולגריה,8,51,59
2021-09-03T00:00:00.000Z,בוליביה,1,0,1
2021-09-03T00:00:00.000Z,בוסניה הרצגובינה,1,4,5
2021-09-03T00:00:00.000Z,בחריין,1,5,6
2021-09-03T00:00:00.000Z,בילורוסיה,33,59,92
2021-09-03T00:00:00.000Z,בלגיה,36,144,180
2021-09-03T00:00:00.000Z,ברזיל,1,1,2
2021-09-03T00:00:00.000Z,גאורגיה,2,22,24
2021-09-03T00:00:00.000Z,גווטאמלה,1,1,2
2021-09-03T00:00:00.000Z,גיברלטר,1,3,4
2021-09-03T00:00:00.000Z,גרמניה,136,241,377
2021-09-03T00:00:00.000Z,גרנדה,0,1,1
2021-09-03T00:00:00.000Z,דומיניקה,2,0,2
2021-09-03T00:00:00.000Z,דנמרק,6,21,27
2021-09-04T00:00:00.000Z,טוגו,1,3,4
2021-09-04T00:00:00.000Z,אוגנדה,2,0,2
2021-09-04T00:00:00.000Z,איחוד האמירויות הערב,8,14,22
2021-09-04T00:00:00.000Z,אוסטריה,83,90,173
2021-09-04T00:00:00.000Z,אוקראינה,50,111,161
2021-09-04T00:00:00.000Z,איטליה,44,69,113
2021-09-04T00:00:00.000Z,טנזניה,2,6,8
2021-09-04T00:00:00.000Z,יוון,61,81,142
2021-09-04T00:00:00.000Z,יפן,0,1,1
2021-09-04T00:00:00.000Z,ירדן,4,4,8
2021-09-04T00:00:00.000Z,כלל המדינות,1215,3935,5150
2021-09-04T00:00:00.000Z,לוכסמבורג,0,3,3
2021-09-04T00:00:00.000Z,לטביה,13,31,44
2021-09-04T00:00:00.000Z,ליטא,0,2,2
2021-09-04T00:00:00.000Z,מאוריציוס,2,0,2
2021-09-04T00:00:00.000Z,מונטנגרו,2,2,4
2021-09-04T00:00:00.000Z,מלאווי,1,182,183
2021-09-04T00:00:00.000Z,מלדיבים,3,4,7
2021-09-04T00:00:00.000Z,מצרים,97,133,230
2021-09-04T00:00:00.000Z,מקאו,0,1,1
2021-09-04T00:00:00.000Z,מקסיקו,0,1,1
2021-09-04T00:00:00.000Z,איי סיישל,0,2,2
2021-09-04T00:00:00.000Z,נורבגיה,0,1,1
2021-09-04T00:00:00.000Z,ניגריה,2,2,4
2021-09-04T00:00:00.000Z,סינגפור,0,1,1
2021-09-04T00:00:00.000Z,סלובניה,3,1,4
2021-09-04T00:00:00.000Z,ספרד,1,8,9
2021-09-04T00:00:00.000Z,סרי לנקה (צילון),1,11,12
2021-09-04T00:00:00.000Z,פולין,62,58,120
2021-09-04T00:00:00.000Z,פורטו ריקו,1,0,1
2021-09-04T00:00:00.000Z,פורטוגל,4,12,16
2021-09-04T00:00:00.000Z,פיליפינים,0,5,5
2021-09-04T00:00:00.000Z,פינלנד,2,5,7
2021-09-04T00:00:00.000Z,פנמה,0,4,4
2021-09-04T00:00:00.000Z,פרגוואי,1,1,2
2021-09-04T00:00:00.000Z,פרו,1,3,4
2021-09-04T00:00:00.000Z,צכיה,76,88,164
2021-09-04T00:00:00.000Z,צרפת,54,118,172
2021-09-04T00:00:00.000Z,קובה,0,1,1
2021-09-04T00:00:00.000Z,קולומביה,3,12,15
2021-09-04T00:00:00.000Z,קוסטה ריקה,0,8,8
2021-09-04T00:00:00.000Z,קוריאה הדרומית,0,1,1
2021-09-04T00:00:00.000Z,קזחסטאן,0,1,1
2021-09-04T00:00:00.000Z,קמרון,0,4,4
2021-09-04T00:00:00.000Z,קנדה,7,64,71
2021-09-04T00:00:00.000Z,קניה,3,2,5
2021-09-04T00:00:00.000Z,קפריסין,31,40,71
2021-09-04T00:00:00.000Z,קרואטיה,2,8,10
2021-09-04T00:00:00.000Z,רואנדה,2,1,3
2021-09-04T00:00:00.000Z,רומניה,67,110,177
2021-09-04T00:00:00.000Z,רוסיה,1,18,19
2021-09-04T00:00:00.000Z,שוודיה,0,4,4
2021-09-04T00:00:00.000Z,שוויץ,16,18,34
2021-09-04T00:00:00.000Z,תאילנד,2,1,3
2021-09-04T00:00:00.000Z,תורכיה,5,30,35
2021-09-04T00:00:00.000Z,איסלנד,8,15,23
2021-09-04T00:00:00.000Z,אירלנד,3,5,8
2021-09-04T00:00:00.000Z,אלבניה,0,2,2
2021-09-04T00:00:00.000Z,אנגולה,1,0,1
2021-09-04T00:00:00.000Z,אסטוניה,1,3,4
2021-09-04T00:00:00.000Z,ארגנטינה,1,7,8
2021-09-04T00:00:00.000Z,ארמניה,1,3,4
2021-09-04T00:00:00.000Z,ארצות הברית,150,652,802
2021-09-04T00:00:00.000Z,אתיופיה,10,19,29
2021-09-04T00:00:00.000Z,בוטסואנה,1,0,1
2021-09-04T00:00:00.000Z,בולגריה,1,1,2
2021-09-04T00:00:00.000Z,בוסניה הרצגובינה,2,4,6
2021-09-04T00:00:00.000Z,בילורוסיה,0,1,1
2021-09-04T00:00:00.000Z,בלגיה,2,4,6
2021-09-04T00:00:00.000Z,ברזיל,0,4,4
2021-09-04T00:00:00.000Z,גאורגיה,2,4,6
2021-09-04T00:00:00.000Z,גאנה,1,7,8
2021-09-04T00:00:00.000Z,גבון,2,1,3
2021-09-04T00:00:00.000Z,גרמניה,48,80,128
2021-09-04T00:00:00.000Z,דנמרק,1,3,4
2021-09-04T00:00:00.000Z,דרום אפריקה,1,12,13
2021-09-04T00:00:00.000Z,דרום סודאן,0,1,1
2021-09-04T00:00:00.000Z,הודו,1,2,3
2021-09-04T00:00:00.000Z,הולנד,21,69,90
2021-09-04T00:00:00.000Z,הונגריה,152,213,365
2021-09-04T00:00:00.000Z,הממלכה המאוחדת,26,74,100
2021-09-04T00:00:00.000Z,הרפ הדומיניקנית,1,1,2
2021-09-04T00:00:00.000Z,זאיר,2,1,3
2021-09-04T00:00:00.000Z,זימבאבווה,0,1,1
2021-09-04T00:00:00.000Z,זמביה,2,2,4
2021-09-04T00:00:00.000Z,חוף השנהב,0,1,1
2021-09-04T00:00:00.000Z,מרוקו,0,8,8
2021-09-04T00:00:00.000Z,טג'יקיסטאן,0,1,1
2021-09-05T00:00:00.000Z,יוון,268,312,580
2021-09-05T00:00:00.000Z,לוכסמבורג,1,3,4
2021-09-05T00:00:00.000Z,לטביה,2,1,3
2021-09-05T00:00:00.000Z,ליטא,49,47,96
2021-09-05T00:00:00.000Z,מאלי,1,0,1
2021-09-05T00:00:00.000Z,מולדובה,51,155,206
2021-09-05T00:00:00.000Z,מונגוליה,0,1,1
2021-09-05T00:00:00.000Z,מונטנגרו,1,0,1
2021-09-05T00:00:00.000Z,מלדיבים,8,9,17
2021-09-05T00:00:00.000Z,מלטה,2,2,4
2021-09-05T00:00:00.000Z,מצרים,119,142,261
2021-09-05T00:00:00.000Z,מקסיקו,0,2,2
2021-09-05T00:00:00.000Z,מרוקו,0,5,5
2021-09-05T00:00:00.000Z,נורבגיה,2,3,5
2021-09-05T00:00:00.000Z,ניגריה,2,0,2
2021-09-05T00:00:00.000Z,נפאל,0,1,1
2021-09-05T00:00:00.000Z,סין,0,3,3
2021-09-05T00:00:00.000Z,סן מרינו,0,3,3
2021-09-05T00:00:00.000Z,סנגל,1,1,2
2021-09-05T00:00:00.000Z,ספרד,0,12,12
2021-09-05T00:00:00.000Z,סרביה,1,1,2
2021-09-05T00:00:00.000Z,סרי לנקה (צילון),5,8,13
2021-09-05T00:00:00.000Z,פולין,61,83,144
2021-09-05T00:00:00.000Z,פורטוגל,21,32,53
2021-09-05T00:00:00.000Z,פיליפינים,0,15,15
2021-09-05T00:00:00.000Z,פינלנד,1,1,2
2021-09-05T00:00:00.000Z,פנמה,1,5,6
2021-09-05T00:00:00.000Z,פרגוואי,0,1,1
2021-09-05T00:00:00.000Z,פרו,0,2,2
2021-09-05T00:00:00.000Z,צכיה,212,250,462
2021-09-05T00:00:00.000Z,צרפת,165,561,726
2021-09-05T00:00:00.000Z,קולומביה,0,7,7
2021-09-05T00:00:00.000Z,קוסטה ריקה,2,14,16
2021-09-05T00:00:00.000Z,קוריאה הדרומית,2,9,11
2021-09-05T00:00:00.000Z,קזחסטאן,0,6,6
2021-09-05T00:00:00.000Z,קירג'זסטאן,2,3,5
2021-09-05T00:00:00.000Z,קנדה,11,71,82
2021-09-05T00:00:00.000Z,קניה,0,1,1
2021-09-05T00:00:00.000Z,גאורגיה,18,58,76
2021-09-05T00:00:00.000Z,קפריסין,73,80,153
2021-09-05T00:00:00.000Z,קרואטיה,1,8,9
2021-09-05T00:00:00.000Z,רומניה,47,30,77
2021-09-05T00:00:00.000Z,רוסיה,40,262,302
2021-09-05T00:00:00.000Z,שוודיה,7,12,19
2021-09-05T00:00:00.000Z,שוויץ,70,192,262
2021-09-05T00:00:00.000Z,תאילנד,0,1,1
2021-09-05T00:00:00.000Z,תוניסיה,0,1,1
2021-09-05T00:00:00.000Z,תורכיה,5,50,55
2021-09-05T00:00:00.000Z,ברזיל,0,5,5
2021-09-05T00:00:00.000Z,בלגיה,23,154,177
2021-09-05T00:00:00.000Z,בילורוסיה,25,129,154
2021-09-05T00:00:00.000Z,בחריין,2,1,3
2021-09-05T00:00:00.000Z,בוסניה הרצגובינה,12,19,31
2021-09-05T00:00:00.000Z,בולגריה,7,43,50
2021-09-05T00:00:00.000Z,ארצות הברית,214,1101,1315
2021-09-05T00:00:00.000Z,ארמניה,2,5,7
2021-09-05T00:00:00.000Z,ארגנטינה,0,3,3
2021-09-05T00:00:00.000Z,אסטוניה,0,3,3
2021-09-05T00:00:00.000Z,אלבניה,0,1,1
2021-09-05T00:00:00.000Z,אירלנד,0,9,9
2021-09-05T00:00:00.000Z,איסלנד,18,12,30
2021-09-05T00:00:00.000Z,איי טורקס וקייקוס,0,1,1
2021-09-05T00:00:00.000Z,איטליה,122,252,374
2021-09-05T00:00:00.000Z,אזרביג'אן,29,73,102
2021-09-05T00:00:00.000Z,אורגוואי,0,2,2
2021-09-05T00:00:00.000Z,אוקראינה,140,415,555
2021-09-05T00:00:00.000Z,אוסטרליה,1,9,10
2021-09-05T00:00:00.000Z,אוסטריה,161,158,319
2021-09-05T00:00:00.000Z,אוזבקיסטן,0,2,2
2021-09-05T00:00:00.000Z,אבחזיסטאן,1,0,1
2021-09-05T00:00:00.000Z,יפן,1,25,26
2021-09-05T00:00:00.000Z,טנזניה,0,2,2
2021-09-05T00:00:00.000Z,חוף השנהב,0,1,1
2021-09-05T00:00:00.000Z,ויטנאם,0,2,2
2021-09-05T00:00:00.000Z,הרפ הדומיניקנית,0,3,3
2021-09-05T00:00:00.000Z,הממלכה המאוחדת,74,521,595
2021-09-05T00:00:00.000Z,הונגריה,268,347,615
2021-09-05T00:00:00.000Z,הונג קונג,0,1,1
2021-09-05T00:00:00.000Z,הולנד,60,163,223
2021-09-05T00:00:00.000Z,הודו,2,3,5
2021-09-05T00:00:00.000Z,דרום סודאן,0,1,1
2021-09-05T00:00:00.000Z,דנמרק,21,48,69
2021-09-05T00:00:00.000Z,גרמניה,101,223,324
2021-09-05T00:00:00.000Z,גאנה,0,2,2
2021-09-05T00:00:00.000Z,ירדן,51,93,144
2021-09-05T00:00:00.000Z,כלל המדינות,2960,8805,11765
2021-09-05T00:00:00.000Z,לבנון,0,1,1
2021-09-05T00:00:00.000Z,איחוד האמירויות הערב,23,48,71
2021-09-06T00:00:00.000Z,קונגו,0,1,1
2021-09-06T00:00:00.000Z,אוסטרליה,0,12,12
2021-09-06T00:00:00.000Z,איחוד האמירויות הערב,18,30,48
2021-09-06T00:00:00.000Z,אוגנדה,3,2,5
2021-09-06T00:00:00.000Z,קוסטה ריקה,5,12,17
2021-09-06T00:00:00.000Z,קזחסטאן,3,3,6
2021-09-06T00:00:00.000Z,קירג'זסטאן,1,1,2
2021-09-06T00:00:00.000Z,קנדה,10,108,118
2021-09-06T00:00:00.000Z,קניה,2,5,7
2021-09-06T00:00:00.000Z,קפריסין,23,29,52
2021-09-06T00:00:00.000Z,קרואטיה,0,2,2
2021-09-06T00:00:00.000Z,רואנדה,0,1,1
2021-09-06T00:00:00.000Z,רומניה,36,34,70
2021-09-06T00:00:00.000Z,רוסיה,68,244,312
2021-09-06T00:00:00.000Z,שוודיה,0,1,1
2021-09-06T00:00:00.000Z,שוויץ,38,62,100
2021-09-06T00:00:00.000Z,תאילנד,17,58,75
2021-09-06T00:00:00.000Z,תוניסיה,1,0,1
2021-09-06T00:00:00.000Z,תורכיה,1,29,30
2021-09-06T00:00:00.000Z,קולומביה,0,6,6
2021-09-06T00:00:00.000Z,צרפת,86,187,273
2021-09-06T00:00:00.000Z,צכיה,151,164,315
2021-09-06T00:00:00.000Z,צ'ילה,0,3,3
2021-09-06T00:00:00.000Z,צאד,2,0,2
2021-09-06T00:00:00.000Z,פרו,0,12,12
2021-09-06T00:00:00.000Z,פרגוואי,0,1,1
2021-09-06T00:00:00.000Z,פנמה,0,3,3
2021-09-06T00:00:00.000Z,פינלנד,1,5,6
2021-09-06T00:00:00.000Z,פיליפינים,0,4,4
2021-09-06T00:00:00.000Z,פורטוגל,41,68,109
2021-09-06T00:00:00.000Z,פולין,80,75,155
2021-09-06T00:00:00.000Z,עירק,0,3,3
2021-09-06T00:00:00.000Z,סרביה,1,5,6
2021-09-06T00:00:00.000Z,ספרד,9,31,40
2021-09-06T00:00:00.000Z,סנגל,1,0,1
2021-09-06T00:00:00.000Z,סלובקיה,2,4,6
2021-09-06T00:00:00.000Z,סלובניה,2,0,2
2021-09-06T00:00:00.000Z,סינגפור,0,2,2
2021-09-06T00:00:00.000Z,סוריה,3,7,10
2021-09-06T00:00:00.000Z,ניקרגואה,0,1,1
2021-09-06T00:00:00.000Z,ניגריה,3,1,4
2021-09-06T00:00:00.000Z,מרוקו,4,4,8
2021-09-06T00:00:00.000Z,מקסיקו,0,2,2
2021-09-06T00:00:00.000Z,מצרים,80,105,185
2021-09-06T00:00:00.000Z,אוסטריה,129,145,274
2021-09-06T00:00:00.000Z,מונטנגרו,12,13,25
2021-09-06T00:00:00.000Z,מולדובה,0,2,2
2021-09-06T00:00:00.000Z,מאלי,2,0,2
2021-09-06T00:00:00.000Z,ליטא,4,5,9
2021-09-06T00:00:00.000Z,לוכסמבורג,0,2,2
2021-09-06T00:00:00.000Z,כלל המדינות,2027,6528,8555
2021-09-06T00:00:00.000Z,ירדן,42,63,105
2021-09-06T00:00:00.000Z,יפן,9,12,21
2021-09-06T00:00:00.000Z,יוון,105,134,239
2021-09-06T00:00:00.000Z,טנזניה,8,25,33
2021-09-06T00:00:00.000Z,זמביה,1,2,3
2021-09-06T00:00:00.000Z,זאיר,0,4,4
2021-09-06T00:00:00.000Z,הרפ הדומיניקנית,0,4,4
2021-09-06T00:00:00.000Z,הממלכה המאוחדת,36,402,438
2021-09-06T00:00:00.000Z,הונגריה,84,100,184
2021-09-06T00:00:00.000Z,הולנד,39,47,86
2021-09-06T00:00:00.000Z,הודו,3,87,90
2021-09-06T00:00:00.000Z,דרום אפריקה,3,21,24
2021-09-06T00:00:00.000Z,דנמרק,2,2,4
2021-09-06T00:00:00.000Z,גרמניה,98,140,238
2021-09-06T00:00:00.000Z,גווטאמלה,1,0,1
2021-09-06T00:00:00.000Z,גאנה,2,7,9
2021-09-06T00:00:00.000Z,גאורגיה,4,4,8
2021-09-06T00:00:00.000Z,ברזיל,2,4,6
2021-09-06T00:00:00.000Z,בלגיה,4,19,23
2021-09-06T00:00:00.000Z,בילורוסיה,16,42,58
2021-09-06T00:00:00.000Z,בורונדי,0,1,1
2021-09-06T00:00:00.000Z,בוסניה הרצגובינה,0,2,2
2021-09-06T00:00:00.000Z,בולגריה,6,17,23
2021-09-06T00:00:00.000Z,בוטסואנה,0,1,1
2021-09-06T00:00:00.000Z,אתיופיה,11,18,29
2021-09-06T00:00:00.000Z,ארצות הברית,263,1136,1399
2021-09-06T00:00:00.000Z,ארמניה,0,1,1
2021-09-06T00:00:00.000Z,אקואדור,2,1,3
2021-09-06T00:00:00.000Z,אסטוניה,1,0,1
2021-09-06T00:00:00.000Z,אנדורה,0,2,2
2021-09-06T00:00:00.000Z,אלבניה,3,6,9
2021-09-06T00:00:00.000Z,אירלנד,5,3,8
2021-09-06T00:00:00.000Z,איסלנד,3,8,11
2021-09-06T00:00:00.000Z,איטליה,63,126,189
2021-09-06T00:00:00.000Z,אזרביג'אן,0,2,2
2021-09-06T00:00:00.000Z,אורגוואי,0,2,2
2021-09-06T00:00:00.000Z,אוקראינה,153,359,512
2021-09-06T00:00:00.000Z,אוזבקיסטן,11,132,143
2021-09-06T00:00:00.000Z,מלדיבים,2,7,9
2021-09-07T00:00:00.000Z,טנזניה,0,2,2
2021-09-07T00:00:00.000Z,טיוואן,0,1,1
2021-09-07T00:00:00.000Z,טוגו,0,1,1
2021-09-07T00:00:00.000Z,זמביה,1,1,2
2021-09-07T00:00:00.000Z,ונצואלה,0,3,3
2021-09-07T00:00:00.000Z,הממלכה המאוחדת,9,14,23
2021-09-07T00:00:00.000Z,הונגריה,129,152,281
2021-09-07T00:00:00.000Z,הונג קונג,2,14,16
2021-09-07T00:00:00.000Z,הולנד,18,30,48
2021-09-07T00:00:00.000Z,הודו,0,4,4
2021-09-07T00:00:00.000Z,דרום אפריקה,1,0,1
2021-09-07T00:00:00.000Z,דנמרק,0,4,4
2021-09-07T00:00:00.000Z,גרמניה,53,88,141
2021-09-07T00:00:00.000Z,גאורגיה,1,0,1
2021-09-07T00:00:00.000Z,ברזיל,0,2,2
2021-09-07T00:00:00.000Z,בלגיה,7,0,7
2021-09-07T00:00:00.000Z,בוסניה הרצגובינה,4,3,7
2021-09-07T00:00:00.000Z,בולגריה,0,1,1
2021-09-07T00:00:00.000Z,בהמס,1,0,1
2021-09-07T00:00:00.000Z,אתיופיה,2,3,5
2021-09-07T00:00:00.000Z,ארצות הברית,30,137,167
2021-09-07T00:00:00.000Z,ארמניה,0,1,1
2021-09-07T00:00:00.000Z,ארגנטינה,0,9,9
2021-09-07T00:00:00.000Z,אקואדור,0,1,1
2021-09-07T00:00:00.000Z,אסטוניה,0,2,2
2021-09-07T00:00:00.000Z,אלבניה,1,0,1
2021-09-07T00:00:00.000Z,אירלנד,1,2,3
2021-09-07T00:00:00.000Z,איסלנד,6,11,17
2021-09-07T00:00:00.000Z,איי סיישל,0,4,4
2021-09-07T00:00:00.000Z,איטליה,55,52,107
2021-09-07T00:00:00.000Z,אוקראינה,47,164,211
2021-09-07T00:00:00.000Z,אוסטרליה,0,1,1
2021-09-07T00:00:00.000Z,שוויץ,20,33,53
2021-09-07T00:00:00.000Z,אוסטריה,26,34,60
2021-09-07T00:00:00.000Z,אוזבקיסטן,0,3,3
2021-09-07T00:00:00.000Z,אוגנדה,0,1,1
2021-09-07T00:00:00.000Z,תורכיה,1,13,14
2021-09-07T00:00:00.000Z,תורכמניסטאן,1,0,1
2021-09-07T00:00:00.000Z,שוודיה,0,5,5
2021-09-07T00:00:00.000Z,רוסיה,47,166,213
2021-09-07T00:00:00.000Z,רומניה,30,29,59
2021-09-07T00:00:00.000Z,איחוד האמירויות הערב,13,16,29
2021-09-07T00:00:00.000Z,רואנדה,0,1,1
2021-09-07T00:00:00.000Z,קרואטיה,0,3,3
2021-09-07T00:00:00.000Z,קפריסין,3,5,8
2021-09-07T00:00:00.000Z,קניה,1,0,1
2021-09-07T00:00:00.000Z,קנדה,5,28,33
2021-09-07T00:00:00.000Z,קמרון,0,1,1
2021-09-07T00:00:00.000Z,קירג'זסטאן,1,1,2
2021-09-07T00:00:00.000Z,קזחסטאן,0,3,3
2021-09-07T00:00:00.000Z,קוריאה הדרומית,0,1,1
2021-09-07T00:00:00.000Z,קוסטה ריקה,1,11,12
2021-09-07T00:00:00.000Z,קוסובו,0,3,3
2021-09-07T00:00:00.000Z,צרפת,22,34,56
2021-09-07T00:00:00.000Z,צכיה,55,51,106
2021-09-07T00:00:00.000Z,פרו,0,3,3
2021-09-07T00:00:00.000Z,פנמה,1,2,3
2021-09-07T00:00:00.000Z,פיליפינים,0,11,11
2021-09-07T00:00:00.000Z,פורטוגל,3,9,12
2021-09-07T00:00:00.000Z,פולין,30,32,62
2021-09-07T00:00:00.000Z,ערב הסעודית,1,1,2
2021-09-07T00:00:00.000Z,סרי לנקה (צילון),0,1,1
2021-09-07T00:00:00.000Z,סרביה,1,4,5
2021-09-07T00:00:00.000Z,ספרד,3,3,6
2021-09-07T00:00:00.000Z,סלובקיה,2,0,2
2021-09-07T00:00:00.000Z,סלובניה,0,1,1
2021-09-07T00:00:00.000Z,סין,10,42,52
2021-09-07T00:00:00.000Z,נפאל,0,1,1
2021-09-07T00:00:00.000Z,ניו זילנד,0,3,3
2021-09-07T00:00:00.000Z,מרוקו,1,4,5
2021-09-07T00:00:00.000Z,מצרים,92,88,180
2021-09-07T00:00:00.000Z,מלדיבים,1,10,11
2021-09-07T00:00:00.000Z,מלאווי,0,1,1
2021-09-07T00:00:00.000Z,מונטנגרו,0,4,4
2021-09-07T00:00:00.000Z,מולדובה,26,45,71
2021-09-07T00:00:00.000Z,ליטא,0,4,4
2021-09-07T00:00:00.000Z,לטביה,9,16,25
2021-09-07T00:00:00.000Z,כלל המדינות,978,3122,4100
2021-09-07T00:00:00.000Z,ירדן,2,4,6
2021-09-07T00:00:00.000Z,יפן,0,4,4
2021-09-07T00:00:00.000Z,יוון,150,92,242
2021-09-08T00:00:00.000Z,ניגריה,0,1,1
2021-09-08T00:00:00.000Z,איסלנד,3,1,4
2021-09-08T00:00:00.000Z,אלבניה,1,0,1
2021-09-08T00:00:00.000Z,אסטוניה,2,1,3
2021-09-08T00:00:00.000Z,ארמניה,0,8,8
2021-09-08T00:00:00.000Z,ארצות הברית,94,253,347
2021-09-08T00:00:00.000Z,אתיופיה,1,9,10
2021-09-08T00:00:00.000Z,בולגריה,5,14,19
2021-09-08T00:00:00.000Z,בוסניה הרצגובינה,7,3,10
2021-09-08T00:00:00.000Z,בלגיה,1,2,3
2021-09-08T00:00:00.000Z,ברזיל,0,2,2
2021-09-08T00:00:00.000Z,גאורגיה,19,19,38
2021-09-08T00:00:00.000Z,גאנה,0,4,4
2021-09-08T00:00:00.000Z,גווטאמלה,1,2,3
2021-09-08T00:00:00.000Z,גיברלטר,0,1,1
2021-09-08T00:00:00.000Z,גרמניה,70,93,163
2021-09-08T00:00:00.000Z,דנמרק,10,5,15
2021-09-08T00:00:00.000Z,הולנד,57,39,96
2021-09-08T00:00:00.000Z,הונגריה,192,146,338
2021-09-08T00:00:00.000Z,הממלכה המאוחדת,20,30,50
2021-09-08T00:00:00.000Z,זאיר,0,1,1
2021-09-08T00:00:00.000Z,זמביה,0,1,1
2021-09-08T00:00:00.000Z,טיוואן,0,2,2
2021-09-08T00:00:00.000Z,טנזניה,1,15,16
2021-09-08T00:00:00.000Z,יוון,97,76,173
2021-09-08T00:00:00.000Z,יפן,1,4,5
2021-09-08T00:00:00.000Z,ירדן,19,31,50
2021-09-08T00:00:00.000Z,כלל המדינות,1964,3860,5824
2021-09-08T00:00:00.000Z,ליבריה,0,1,1
2021-09-08T00:00:00.000Z,מוזמביק,0,3,3
2021-09-08T00:00:00.000Z,מולדובה,0,1,1
2021-09-08T00:00:00.000Z,מונטנגרו,0,3,3
2021-09-08T00:00:00.000Z,מלדיבים,9,18,27
2021-09-08T00:00:00.000Z,מצרים,245,147,392
2021-09-08T00:00:00.000Z,מקדוניה,1,1,2
2021-09-08T00:00:00.000Z,מרוקו,0,1,1
2021-09-08T00:00:00.000Z,אירלנד,2,2,4
2021-09-08T00:00:00.000Z,סינגפור,0,2,2
2021-09-08T00:00:00.000Z,סלובניה,0,1,1
2021-09-08T00:00:00.000Z,ספרד,7,4,11
2021-09-08T00:00:00.000Z,סרביה,1,1,2
2021-09-08T00:00:00.000Z,סרי לנקה (צילון),0,1,1
2021-09-08T00:00:00.000Z,ערב הסעודית,1,1,2
2021-09-08T00:00:00.000Z,פולין,44,20,64
2021-09-08T00:00:00.000Z,איי סיישל,25,15,40
2021-09-08T00:00:00.000Z,איטליה,53,67,120
2021-09-08T00:00:00.000Z,אזרביג'אן,0,2,2
2021-09-08T00:00:00.000Z,אוקראינה,118,260,378
2021-09-08T00:00:00.000Z,אוסטרליה,0,3,3
2021-09-08T00:00:00.000Z,אוסטריה,152,108,260
2021-09-08T00:00:00.000Z,אוזבקיסטן,0,5,5
2021-09-08T00:00:00.000Z,פורטוגל,15,14,29
2021-09-08T00:00:00.000Z,פינלנד,22,25,47
2021-09-08T00:00:00.000Z,פרו,0,4,4
2021-09-08T00:00:00.000Z,צכיה,219,113,332
2021-09-08T00:00:00.000Z,צרפת,51,79,130
2021-09-08T00:00:00.000Z,קולומביה,0,1,1
2021-09-08T00:00:00.000Z,קוסטה ריקה,0,18,18
2021-09-08T00:00:00.000Z,קוריאה הדרומית,0,1,1
2021-09-08T00:00:00.000Z,קזחסטאן,2,3,5
2021-09-08T00:00:00.000Z,קנדה,11,29,40
2021-09-08T00:00:00.000Z,קניה,1,5,6
2021-09-08T00:00:00.000Z,קפריסין,103,30,133
2021-09-08T00:00:00.000Z,קרואטיה,7,12,19
2021-09-08T00:00:00.000Z,ראוניון,0,1,1
2021-09-08T00:00:00.000Z,איחוד האמירויות הערב,27,25,52
2021-09-08T00:00:00.000Z,רומניה,120,55,175
2021-09-08T00:00:00.000Z,רוסיה,27,109,136
2021-09-08T00:00:00.000Z,שוודיה,1,4,5
2021-09-08T00:00:00.000Z,שוויץ,18,16,34
2021-09-08T00:00:00.000Z,תאילנד,0,4,4
2021-09-08T00:00:00.000Z,תורכיה,4,15,19
2021-09-09T00:00:00.000Z,ניו זילנד,2,2,4
2021-09-09T00:00:00.000Z,ניגריה,1,4,5
2021-09-09T00:00:00.000Z,נורבגיה,0,3,3
2021-09-09T00:00:00.000Z,מרוקו,1,2,3
2021-09-09T00:00:00.000Z,מצרים,219,148,367
2021-09-09T00:00:00.000Z,מלדיבים,14,11,25
2021-09-09T00:00:00.000Z,מולדובה,90,441,531
2021-09-09T00:00:00.000Z,מאלי,3,1,4
2021-09-09T00:00:00.000Z,לסוטו,0,1,1
2021-09-09T00:00:00.000Z,ליטא,55,25,80
2021-09-09T00:00:00.000Z,לבנון,0,3,3
2021-09-09T00:00:00.000Z,כלל המדינות,6350,15015,21365
2021-09-09T00:00:00.000Z,ירדן,231,195,426
2021-09-09T00:00:00.000Z,יפן,0,5,5
2021-09-09T00:00:00.000Z,יוון,377,211,588
2021-09-09T00:00:00.000Z,טנזניה,3,4,7
2021-09-09T00:00:00.000Z,טג'יקיסטאן,0,1,1
2021-09-09T00:00:00.000Z,זימבאבווה,0,2,2
2021-09-09T00:00:00.000Z,הרפ הדומיניקנית,2,0,2
2021-09-09T00:00:00.000Z,הממלכה המאוחדת,150,274,424
2021-09-09T00:00:00.000Z,הונדורס,0,1,1
2021-09-09T00:00:00.000Z,הונגריה,285,313,598
2021-09-09T00:00:00.000Z,הולנד,59,81,140
2021-09-09T00:00:00.000Z,הודו,4,7,11
2021-09-09T00:00:00.000Z,דרום אפריקה,3,9,12
2021-09-09T00:00:00.000Z,דנמרק,40,30,70
2021-09-09T00:00:00.000Z,דומיניקה,0,2,2
2021-09-09T00:00:00.000Z,גרמניה,130,157,287
2021-09-09T00:00:00.000Z,גינאה המשוונית,0,1,1
2021-09-09T00:00:00.000Z,גינאה,0,1,1
2021-09-09T00:00:00.000Z,גיברלטר,0,1,1
2021-09-09T00:00:00.000Z,גווטאמלה,0,2,2
2021-09-09T00:00:00.000Z,גאנה,0,1,1
2021-09-09T00:00:00.000Z,גאורגיה,125,57,182
2021-09-09T00:00:00.000Z,ברזיל,0,2,2
2021-09-09T00:00:00.000Z,בלגיה,22,67,89
2021-09-09T00:00:00.000Z,בילורוסיה,39,101,140
2021-09-09T00:00:00.000Z,בוסניה הרצגובינה,1,6,7
2021-09-09T00:00:00.000Z,אתיופיה,1,8,9
2021-09-09T00:00:00.000Z,ארצות הברית,184,545,729
2021-09-09T00:00:00.000Z,ארמניה,12,14,26
2021-09-09T00:00:00.000Z,רומניה,116,79,195
2021-09-09T00:00:00.000Z,קפריסין,174,111,285
2021-09-09T00:00:00.000Z,קניה,1,0,1
2021-09-09T00:00:00.000Z,קנדה,14,42,56
2021-09-09T00:00:00.000Z,קירג'זסטאן,1,2,3
2021-09-09T00:00:00.000Z,קזחסטאן,1,3,4
2021-09-09T00:00:00.000Z,קוריאה הדרומית,0,4,4
2021-09-09T00:00:00.000Z,קולומביה,0,8,8
2021-09-09T00:00:00.000Z,תורכיה,12,68,80
2021-09-09T00:00:00.000Z,תאילנד,0,1,1
2021-09-09T00:00:00.000Z,קובה,0,1,1
2021-09-09T00:00:00.000Z,צרפת,183,378,561
2021-09-09T00:00:00.000Z,צכיה,192,133,325
2021-09-09T00:00:00.000Z,צ'ילה,0,1,1
2021-09-09T00:00:00.000Z,פרו,0,9,9
2021-09-09T00:00:00.000Z,פנמה,0,1,1
2021-09-09T00:00:00.000Z,פינלנד,0,1,1
2021-09-09T00:00:00.000Z,פיליפינים,0,14,14
2021-09-09T00:00:00.000Z,פורטוגל,19,22,41
2021-09-09T00:00:00.000Z,פולין,111,112,223
2021-09-09T00:00:00.000Z,ערב הסעודית,2,0,2
2021-09-09T00:00:00.000Z,עומן,1,0,1
2021-09-09T00:00:00.000Z,סרי לנקה (צילון),0,1,1
2021-09-09T00:00:00.000Z,סרביה,5,7,12
2021-09-09T00:00:00.000Z,שוויץ,50,36,86
2021-09-09T00:00:00.000Z,שוודיה,7,18,25
2021-09-09T00:00:00.000Z,קרואטיה,1,2,3
2021-09-09T00:00:00.000Z,רוסיה,43,120,163
2021-09-09T00:00:00.000Z,איחוד האמירויות הערב,25,27,52
2021-09-09T00:00:00.000Z,ספרד,19,38,57
2021-09-09T00:00:00.000Z,סנגל,0,1,1
2021-09-09T00:00:00.000Z,סלובקיה,0,3,3
2021-09-09T00:00:00.000Z,סין,1,9,10
2021-09-09T00:00:00.000Z,סט וינסנט,1,3,4
2021-09-09T00:00:00.000Z,סוריה,1,4,5
2021-09-09T00:00:00.000Z,נמיביה,0,2,2
2021-09-09T00:00:00.000Z,ארגנטינה,0,2,2
2021-09-09T00:00:00.000Z,אסטוניה,1,0,1
2021-09-09T00:00:00.000Z,אלבניה,0,1,1
2021-09-09T00:00:00.000Z,אירלנד,3,2,5
2021-09-09T00:00:00.000Z,איסלנד,15,25,40
2021-09-09T00:00:00.000Z,איי קוק,1,1,2
2021-09-09T00:00:00.000Z,איי סיישל,0,2,2
2021-09-09T00:00:00.000Z,איטליה,145,151,296
2021-09-09T00:00:00.000Z,אזרביג'אן,24,45,69
2021-09-09T00:00:00.000Z,אורגוואי,0,2,2
2021-09-09T00:00:00.000Z,אוקראינה,2599,8075,10674
2021-09-09T00:00:00.000Z,אוסטרליה,0,5,5
2021-09-09T00:00:00.000Z,אוסטריה,111,118,229
2021-09-09T00:00:00.000Z,אוזבקיסטן,0,3,3
2021-09-10T00:00:00.000Z,מולדובה,44,62,106
2021-09-10T00:00:00.000Z,גווטאמלה,0,2,2
2021-09-10T00:00:00.000Z,תורכמניסטאן,0,1,1
2021-09-10T00:00:00.000Z,תורכיה,20,68,88
2021-09-10T00:00:00.000Z,תאילנד,0,3,3
2021-09-10T00:00:00.000Z,שוויץ,149,87,236
2021-09-10T00:00:00.000Z,שוודיה,2,2,4
2021-09-10T00:00:00.000Z,רוסיה,124,234,358
2021-09-10T00:00:00.000Z,רומניה,54,72,126
2021-09-10T00:00:00.000Z,קרואטיה,6,5,11
2021-09-10T00:00:00.000Z,קפריסין,85,31,116
2021-09-10T00:00:00.000Z,קניה,1,0,1
2021-09-10T00:00:00.000Z,קנדה,30,111,141
2021-09-10T00:00:00.000Z,קטר,0,2,2
2021-09-10T00:00:00.000Z,קזחסטאן,0,3,3
2021-09-10T00:00:00.000Z,קוריאה הדרומית,0,1,1
2021-09-10T00:00:00.000Z,קוסטה ריקה,6,40,46
2021-09-10T00:00:00.000Z,קולומביה,0,4,4
2021-09-10T00:00:00.000Z,צרפת,95,144,239
2021-09-10T00:00:00.000Z,צכיה,355,214,569
2021-09-10T00:00:00.000Z,פרו,1,8,9
2021-09-10T00:00:00.000Z,פרגוואי,0,8,8
2021-09-10T00:00:00.000Z,פנמה,2,1,3
2021-09-10T00:00:00.000Z,פינלנד,48,36,84
2021-09-10T00:00:00.000Z,פורטוגל,6,5,11
2021-09-10T00:00:00.000Z,פולין,182,217,399
2021-09-10T00:00:00.000Z,ערב הסעודית,0,3,3
2021-09-10T00:00:00.000Z,סרי לנקה (צילון),0,2,2
2021-09-10T00:00:00.000Z,סרביה,0,2,2
2021-09-10T00:00:00.000Z,ספרד,46,39,85
2021-09-10T00:00:00.000Z,סלובקיה,92,48,140
2021-09-10T00:00:00.000Z,סלובניה,4,1,5
2021-09-10T00:00:00.000Z,סינגפור,0,3,3
2021-09-10T00:00:00.000Z,סין,8,10,18
2021-09-10T00:00:00.000Z,סוריה,3,2,5
2021-09-10T00:00:00.000Z,נפאל,0,1,1
2021-09-10T00:00:00.000Z,ניו זילנד,0,1,1
2021-09-10T00:00:00.000Z,ניגריה,0,1,1
2021-09-10T00:00:00.000Z,נורבגיה,0,1,1
2021-09-10T00:00:00.000Z,מרוקו,0,5,5
2021-09-10T00:00:00.000Z,מצרים,324,225,549
2021-09-10T00:00:00.000Z,מלטה,0,1,1
2021-09-10T00:00:00.000Z,מלדיבים,38,24,62
2021-09-10T00:00:00.000Z,מונטנגרו,134,32,166
2021-09-10T00:00:00.000Z,איחוד האמירויות הערב,47,33,80
2021-09-10T00:00:00.000Z,מאלי,0,2,2
2021-09-10T00:00:00.000Z,ליטא,0,2,2
2021-09-10T00:00:00.000Z,לטביה,3,0,3
2021-09-10T00:00:00.000Z,כלל המדינות,5570,11914,17484
2021-09-10T00:00:00.000Z,ירדן,1,5,6
2021-09-10T00:00:00.000Z,יפן,0,2,2
2021-09-10T00:00:00.000Z,יוון,409,232,641
2021-09-10T00:00:00.000Z,חוף השנהב,1,0,1
2021-09-10T00:00:00.000Z,ונצואלה,0,8,8
2021-09-10T00:00:00.000Z,ויטנאם,0,1,1
2021-09-10T00:00:00.000Z,הרפ הדומיניקנית,0,3,3
2021-09-10T00:00:00.000Z,הממלכה המאוחדת,73,116,189
2021-09-10T00:00:00.000Z,הונגריה,428,297,725
2021-09-10T00:00:00.000Z,הונג קונג,0,1,1
2021-09-10T00:00:00.000Z,הולנד,43,50,93
2021-09-10T00:00:00.000Z,הודו,0,3,3
2021-09-10T00:00:00.000Z,דרום אפריקה,0,1,1
2021-09-10T00:00:00.000Z,דנמרק,4,5,9
2021-09-10T00:00:00.000Z,גרמניה,164,114,278
2021-09-10T00:00:00.000Z,גאנה,1,0,1
2021-09-10T00:00:00.000Z,גאורגיה,11,29,40
2021-09-10T00:00:00.000Z,ברזיל,0,9,9
2021-09-10T00:00:00.000Z,בלגיה,2,11,13
2021-09-10T00:00:00.000Z,בוסניה הרצגובינה,8,3,11
2021-09-10T00:00:00.000Z,בולגריה,11,46,57
2021-09-10T00:00:00.000Z,בוטסואנה,1,0,1
2021-09-10T00:00:00.000Z,ארצות הברית,408,1355,1763
2021-09-10T00:00:00.000Z,ארמניה,2,2,4
2021-09-10T00:00:00.000Z,ארגנטינה,0,6,6
2021-09-10T00:00:00.000Z,אקואדור,0,3,3
2021-09-10T00:00:00.000Z,אסטוניה,0,2,2
2021-09-10T00:00:00.000Z,אלבניה,1,0,1
2021-09-10T00:00:00.000Z,אירלנד,5,1,6
2021-09-10T00:00:00.000Z,איסלנד,5,6,11
2021-09-10T00:00:00.000Z,אינדונזיה,0,2,2
2021-09-10T00:00:00.000Z,איטליה,223,184,407
2021-09-10T00:00:00.000Z,אזרביג'אן,1,0,1
2021-09-10T00:00:00.000Z,אורגוואי,1,2,3
2021-09-10T00:00:00.000Z,אוקראינה,1140,5453,6593
2021-09-10T00:00:00.000Z,אוסטרליה,2,8,10
2021-09-10T00:00:00.000Z,אוסטריה,415,301,716
2021-09-10T00:00:00.000Z,אוזבקיסטן,0,1,1
2021-09-10T00:00:00.000Z,אבחזיסטאן,0,1,1
2021-09-11T00:00:00.000Z,איחוד האמירויות הערב,58,33,91
2021-09-11T00:00:00.000Z,הונגריה,375,159,534
2021-09-11T00:00:00.000Z,תורכיה,9,32,41
2021-09-11T00:00:00.000Z,תאילנד,0,1,1
2021-09-11T00:00:00.000Z,שוויץ,82,23,105
2021-09-11T00:00:00.000Z,שוודיה,6,15,21
2021-09-11T00:00:00.000Z,רוסיה,5,6,11
2021-09-11T00:00:00.000Z,רומניה,279,94,373
2021-09-11T00:00:00.000Z,רואנדה,0,1,1
2021-09-11T00:00:00.000Z,קרואטיה,8,2,10
2021-09-11T00:00:00.000Z,קפריסין,198,62,260
2021-09-11T00:00:00.000Z,קניה,3,3,6
2021-09-11T00:00:00.000Z,קנדה,29,75,104
2021-09-11T00:00:00.000Z,קזחסטאן,0,1,1
2021-09-11T00:00:00.000Z,קוסטה ריקה,1,3,4
2021-09-11T00:00:00.000Z,קולומביה,0,2,2
2021-09-11T00:00:00.000Z,קובה,0,1,1
2021-09-11T00:00:00.000Z,צרפת,280,170,450
2021-09-11T00:00:00.000Z,צכיה,548,180,728
2021-09-11T00:00:00.000Z,פרו,0,10,10
2021-09-11T00:00:00.000Z,פנמה,0,10,10
2021-09-11T00:00:00.000Z,פינלנד,3,1,4
2021-09-11T00:00:00.000Z,פיליפינים,1,0,1
2021-09-11T00:00:00.000Z,פורטוגל,9,9,18
2021-09-11T00:00:00.000Z,פולין,188,69,257
2021-09-11T00:00:00.000Z,סרי לנקה (צילון),0,5,5
2021-09-11T00:00:00.000Z,סרביה,5,5,10
2021-09-11T00:00:00.000Z,ספרד,11,16,27
2021-09-11T00:00:00.000Z,סלובקיה,55,20,75
2021-09-11T00:00:00.000Z,סלובניה,0,4,4
2021-09-11T00:00:00.000Z,סין,0,1,1
2021-09-11T00:00:00.000Z,אוגנדה,0,2,2
2021-09-11T00:00:00.000Z,אוסטריה,306,87,393
2021-09-11T00:00:00.000Z,אוסטרליה,0,1,1
2021-09-11T00:00:00.000Z,אוקראינה,218,260,478
2021-09-11T00:00:00.000Z,אזרביג'אן,2,2,4
2021-09-11T00:00:00.000Z,איטליה,251,97,348
2021-09-11T00:00:00.000Z,איסלנד,18,11,29
2021-09-11T00:00:00.000Z,אירן,0,1,1
2021-09-11T00:00:00.000Z,אלבניה,1,0,1
2021-09-11T00:00:00.000Z,אנגולה,3,0,3
2021-09-11T00:00:00.000Z,אסטוניה,3,0,3
2021-09-11T00:00:00.000Z,אקואדור,0,7,7
2021-09-11T00:00:00.000Z,ארמניה,0,3,3
2021-09-11T00:00:00.000Z,ארצות הברית,263,540,803
2021-09-11T00:00:00.000Z,אתיופיה,6,8,14
2021-09-11T00:00:00.000Z,בהמס,0,1,1
2021-09-11T00:00:00.000Z,בולגריה,0,6,6
2021-09-11T00:00:00.000Z,בוסניה הרצגובינה,3,2,5
2021-09-11T00:00:00.000Z,בחריין,0,1,1
2021-09-11T00:00:00.000Z,בלגיה,5,5,10
2021-09-11T00:00:00.000Z,גאורגיה,32,37,69
2021-09-11T00:00:00.000Z,גאנה,1,1,2
2021-09-11T00:00:00.000Z,גווטאמלה,0,1,1
2021-09-11T00:00:00.000Z,גרמניה,223,137,360
2021-09-11T00:00:00.000Z,דנמרק,8,3,11
2021-09-11T00:00:00.000Z,דרום אפריקה,5,21,26
2021-09-11T00:00:00.000Z,הודו,1,0,1
2021-09-11T00:00:00.000Z,הולנד,85,74,159
2021-09-11T00:00:00.000Z,הונג קונג,1,0,1
2021-09-11T00:00:00.000Z,נמיביה,0,1,1
2021-09-11T00:00:00.000Z,הונדורס,1,0,1
2021-09-11T00:00:00.000Z,הממלכה המאוחדת,93,94,187
2021-09-11T00:00:00.000Z,הרפ הדומיניקנית,0,3,3
2021-09-11T00:00:00.000Z,זאיר,0,1,1
2021-09-11T00:00:00.000Z,זמביה,2,1,3
2021-09-11T00:00:00.000Z,טג'יקיסטאן,0,2,2
2021-09-11T00:00:00.000Z,טנזניה,3,15,18
2021-09-11T00:00:00.000Z,יוון,510,171,681
2021-09-11T00:00:00.000Z,יפן,0,4,4
2021-09-11T00:00:00.000Z,ירדן,1,2,3
2021-09-11T00:00:00.000Z,כלל המדינות,5113,4353,9466
2021-09-11T00:00:00.000Z,לוכסמבורג,1,1,2
2021-09-11T00:00:00.000Z,לטביה,26,19,45
2021-09-11T00:00:00.000Z,ליטא,8,4,12
2021-09-11T00:00:00.000Z,מאוריציוס,1,2,3
2021-09-11T00:00:00.000Z,מאלי,2,0,2
2021-09-11T00:00:00.000Z,מונטנגרו,1,4,5
2021-09-11T00:00:00.000Z,מונקו,0,2,2
2021-09-11T00:00:00.000Z,מלדיבים,34,18,52
2021-09-11T00:00:00.000Z,מלטה,2,0,2
2021-09-11T00:00:00.000Z,מצרים,709,338,1047
2021-09-11T00:00:00.000Z,מקסיקו,0,4,4
2021-09-11T00:00:00.000Z,מרוקו,0,4,4
2021-09-11T00:00:00.000Z,נורבגיה,1,3,4
2021-09-11T00:00:00.000Z,ניגריה,1,2,3
2021-09-11T00:00:00.000Z,ניו זילנד,0,2,2
2021-09-12T00:00:00.000Z,כלל המדינות,6483,9531,16014
2021-09-12T00:00:00.000Z,תורכיה,15,67,82
2021-09-12T00:00:00.000Z,שוויץ,249,230,479
2021-09-12T00:00:00.000Z,שוודיה,8,10,18
2021-09-12T00:00:00.000Z,רוסיה,64,219,283
2021-09-12T00:00:00.000Z,רומניה,153,67,220
2021-09-12T00:00:00.000Z,רואנדה,0,2,2
2021-09-12T00:00:00.000Z,קרואטיה,17,14,31
2021-09-12T00:00:00.000Z,קפריסין,224,82,306
2021-09-12T00:00:00.000Z,קנדה,26,75,101
2021-09-12T00:00:00.000Z,קירג'זסטאן,0,2,2
2021-09-12T00:00:00.000Z,קזחסטאן,1,6,7
2021-09-12T00:00:00.000Z,קוריאה הדרומית,2,2,4
2021-09-12T00:00:00.000Z,קוסטה ריקה,1,22,23
2021-09-12T00:00:00.000Z,קולומביה,0,5,5
2021-09-12T00:00:00.000Z,צרפת,324,537,861
2021-09-12T00:00:00.000Z,צכיה,285,128,413
2021-09-12T00:00:00.000Z,פרו,0,2,2
2021-09-12T00:00:00.000Z,פרגוואי,0,1,1
2021-09-12T00:00:00.000Z,פנמה,0,3,3
2021-09-12T00:00:00.000Z,פיליפינים,0,4,4
2021-09-12T00:00:00.000Z,פורטוגל,65,54,119
2021-09-12T00:00:00.000Z,פולין,106,66,172
2021-09-12T00:00:00.000Z,סרי לנקה (צילון),0,3,3
2021-09-12T00:00:00.000Z,סרביה,3,8,11
2021-09-12T00:00:00.000Z,ספרד,42,49,91
2021-09-12T00:00:00.000Z,סלובקיה,1,2,3
2021-09-12T00:00:00.000Z,סלובניה,3,2,5
2021-09-12T00:00:00.000Z,סינגפור,2,3,5
2021-09-12T00:00:00.000Z,סיירה ליאונה,0,1,1
2021-09-12T00:00:00.000Z,סוריה,3,1,4
2021-09-12T00:00:00.000Z,ניגריה,1,1,2
2021-09-12T00:00:00.000Z,נורבגיה,3,1,4
2021-09-12T00:00:00.000Z,מרוקו,4,5,9
2021-09-12T00:00:00.000Z,מקסיקו,0,1,1
2021-09-12T00:00:00.000Z,מקאו,1,0,1
2021-09-12T00:00:00.000Z,מצרים,352,228,580
2021-09-12T00:00:00.000Z,מלטה,1,1,2
2021-09-12T00:00:00.000Z,מלדיבים,31,26,57
2021-09-12T00:00:00.000Z,מונטנגרו,1,0,1
2021-09-12T00:00:00.000Z,מולדובה,64,191,255
2021-09-12T00:00:00.000Z,מוזמביק,1,2,3
2021-09-12T00:00:00.000Z,מאלי,0,2,2
2021-09-12T00:00:00.000Z,ליטא,78,53,131
2021-09-12T00:00:00.000Z,לטביה,2,2,4
2021-09-12T00:00:00.000Z,לוכסמבורג,0,1,1
2021-09-12T00:00:00.000Z,לבנון,0,2,2
2021-09-12T00:00:00.000Z,תאילנד,28,234,262
2021-09-12T00:00:00.000Z,ירדן,167,130,297
2021-09-12T00:00:00.000Z,יפן,0,2,2
2021-09-12T00:00:00.000Z,יוון,955,464,1419
2021-09-12T00:00:00.000Z,טנזניה,0,4,4
2021-09-12T00:00:00.000Z,ונצואלה,0,5,5
2021-09-12T00:00:00.000Z,הרפ הדומיניקנית,7,2,9
2021-09-12T00:00:00.000Z,הממלכה המאוחדת,203,446,649
2021-09-12T00:00:00.000Z,הונדורס,1,0,1
2021-09-12T00:00:00.000Z,הונגריה,369,225,594
2021-09-12T00:00:00.000Z,הונג קונג,0,2,2
2021-09-12T00:00:00.000Z,הולנד,109,146,255
2021-09-12T00:00:00.000Z,הודו,1,3,4
2021-09-12T00:00:00.000Z,דרום אפריקה,0,2,2
2021-09-12T00:00:00.000Z,דנמרק,43,43,86
2021-09-12T00:00:00.000Z,גרנדה,1,0,1
2021-09-12T00:00:00.000Z,גרמניה,271,240,511
2021-09-12T00:00:00.000Z,גויאנה הצרפתית,1,0,1
2021-09-12T00:00:00.000Z,גווטאמלה,0,2,2
2021-09-12T00:00:00.000Z,גאנה,0,1,1
2021-09-12T00:00:00.000Z,גאורגיה,298,100,398
2021-09-12T00:00:00.000Z,ברזיל,0,4,4
2021-09-12T00:00:00.000Z,בלגיה,23,71,94
2021-09-12T00:00:00.000Z,בילורוסיה,36,79,115
2021-09-12T00:00:00.000Z,בחריין,1,0,1
2021-09-12T00:00:00.000Z,בוסניה הרצגובינה,9,2,11
2021-09-12T00:00:00.000Z,בולגריה,0,35,35
2021-09-12T00:00:00.000Z,בהמס,2,0,2
2021-09-12T00:00:00.000Z,ארצות הברית,264,624,888
2021-09-12T00:00:00.000Z,ארמניה,0,2,2
2021-09-12T00:00:00.000Z,ארגנטינה,1,13,14
2021-09-12T00:00:00.000Z,אקואדור,0,1,1
2021-09-12T00:00:00.000Z,אסטוניה,7,5,12
2021-09-12T00:00:00.000Z,אלבניה,1,1,2
2021-09-12T00:00:00.000Z,אירלנד,2,4,6
2021-09-12T00:00:00.000Z,איסלנד,30,18,48
2021-09-12T00:00:00.000Z,איי סיישל,41,19,60
2021-09-12T00:00:00.000Z,איי טורקס וקייקוס,0,2,2
2021-09-12T00:00:00.000Z,איטליה,385,233,618
2021-09-12T00:00:00.000Z,אזרביג'אן,43,44,87
2021-09-12T00:00:00.000Z,אורגוואי,0,6,6
2021-09-12T00:00:00.000Z,אוקראינה,310,1444,1754
2021-09-12T00:00:00.000Z,אוסטרליה,0,18,18
2021-09-12T00:00:00.000Z,אוסטריה,299,142,441
2021-09-12T00:00:00.000Z,אוזבקיסטן,0,1,1
2021-09-12T00:00:00.000Z,איחוד האמירויות הערב,42,57,99
2021-09-13T00:00:00.000Z,איחוד האמירויות הערב,50,38,88
2021-09-13T00:00:00.000Z,תורכיה,10,73,83
2021-09-13T00:00:00.000Z,תאילנד,1,1,2
2021-09-13T00:00:00.000Z,שוויץ,109,94,203
2021-09-13T00:00:00.000Z,שוודיה,4,4,8
2021-09-13T00:00:00.000Z,רפ מרכז אפריקנית,0,1,1
2021-09-13T00:00:00.000Z,רוסיה,94,281,375
2021-09-13T00:00:00.000Z,רומניה,193,164,357
2021-09-13T00:00:00.000Z,רואנדה,2,4,6
2021-09-13T00:00:00.000Z,קרואטיה,3,13,16
2021-09-13T00:00:00.000Z,קפריסין,96,56,152
2021-09-13T00:00:00.000Z,קניה,1,4,5
2021-09-13T00:00:00.000Z,קנדה,17,338,355
2021-09-13T00:00:00.000Z,קירג'זסטאן,0,2,2
2021-09-13T00:00:00.000Z,קזחסטאן,0,5,5
2021-09-13T00:00:00.000Z,קוסטה ריקה,0,7,7
2021-09-13T00:00:00.000Z,קולומביה,0,5,5
2021-09-13T00:00:00.000Z,קובה,0,1,1
2021-09-13T00:00:00.000Z,צרפת,251,421,672
2021-09-13T00:00:00.000Z,צכיה,301,177,478
2021-09-13T00:00:00.000Z,פרו,1,5,6
2021-09-13T00:00:00.000Z,פנמה,0,27,27
2021-09-13T00:00:00.000Z,פינלנד,2,1,3
2021-09-13T00:00:00.000Z,פיליפינים,0,2,2
2021-09-13T00:00:00.000Z,ספרד,44,48,92
2021-09-13T00:00:00.000Z,סלובקיה,42,20,62
2021-09-13T00:00:00.000Z,סוריה,0,5,5
2021-09-13T00:00:00.000Z,נמיביה,0,2,2
2021-09-13T00:00:00.000Z,ניגריה,2,3,5
2021-09-13T00:00:00.000Z,נורבגיה,0,3,3
2021-09-13T00:00:00.000Z,מרוקו,2,1,3
2021-09-13T00:00:00.000Z,מקסיקו,0,18,18
2021-09-13T00:00:00.000Z,מצרים,192,123,315
2021-09-13T00:00:00.000Z,מלטה,1,0,1
2021-09-13T00:00:00.000Z,מלזיה,1,0,1
2021-09-13T00:00:00.000Z,מלדיבים,32,21,53
2021-09-13T00:00:00.000Z,מלאווי,0,1,1
2021-09-13T00:00:00.000Z,מונקו,3,3,6
2021-09-13T00:00:00.000Z,מונטנגרו,56,17,73
2021-09-13T00:00:00.000Z,מוזמביק,1,1,2
2021-09-13T00:00:00.000Z,מאלי,3,0,3
2021-09-13T00:00:00.000Z,ליטא,1,1,2
2021-09-13T00:00:00.000Z,לטביה,1,0,1
2021-09-13T00:00:00.000Z,לוכסמבורג,5,9,14
2021-09-13T00:00:00.000Z,לבנון,0,1,1
2021-09-13T00:00:00.000Z,כלל המדינות,4289,10367,14656
2021-09-13T00:00:00.000Z,פורטוגל,8,16,24
2021-09-13T00:00:00.000Z,פולין,220,216,436
2021-09-13T00:00:00.000Z,סרי לנקה (צילון),1,1,2
2021-09-13T00:00:00.000Z,סרביה,1,1,2
2021-09-13T00:00:00.000Z,אוגנדה,0,7,7
2021-09-13T00:00:00.000Z,ירדן,32,140,172
2021-09-13T00:00:00.000Z,יפן,0,2,2
2021-09-13T00:00:00.000Z,יוון,255,238,493
2021-09-13T00:00:00.000Z,טנזניה,5,9,14
2021-09-13T00:00:00.000Z,חוף השנהב,2,1,3
2021-09-13T00:00:00.000Z,זמביה,2,2,4
2021-09-13T00:00:00.000Z,זימבאבווה,0,1,1
2021-09-13T00:00:00.000Z,הרפ הדומיניקנית,1,0,1
2021-09-13T00:00:00.000Z,הממלכה המאוחדת,184,624,808
2021-09-13T00:00:00.000Z,הונדורס,3,0,3
2021-09-13T00:00:00.000Z,הונגריה,263,213,476
2021-09-13T00:00:00.000Z,הונג קונג,0,2,2
2021-09-13T00:00:00.000Z,הולנד,12,24,36
2021-09-13T00:00:00.000Z,הודו,4,108,112
2021-09-13T00:00:00.000Z,דרום אפריקה,14,34,48
2021-09-13T00:00:00.000Z,דנמרק,3,7,10
2021-09-13T00:00:00.000Z,דומיניקה,0,1,1
2021-09-13T00:00:00.000Z,גרמניה,230,214,444
2021-09-13T00:00:00.000Z,גיברלטר,1,0,1
2021-09-13T00:00:00.000Z,גווטאמלה,1,5,6
2021-09-13T00:00:00.000Z,גאנה,3,0,3
2021-09-13T00:00:00.000Z,גאורגיה,14,22,36
2021-09-13T00:00:00.000Z,ברזיל,0,6,6
2021-09-13T00:00:00.000Z,בלגיה,39,184,223
2021-09-13T00:00:00.000Z,בילורוסיה,0,2,2
2021-09-13T00:00:00.000Z,בוסניה הרצגובינה,6,9,15
2021-09-13T00:00:00.000Z,בולגריה,1,28,29
2021-09-13T00:00:00.000Z,בוטסואנה,2,0,2
2021-09-13T00:00:00.000Z,אתיופיה,6,21,27
2021-09-13T00:00:00.000Z,ארצות הברית,258,2114,2372
2021-09-13T00:00:00.000Z,ארמניה,1,17,18
2021-09-13T00:00:00.000Z,ארגנטינה,0,5,5
2021-09-13T00:00:00.000Z,אסטוניה,0,3,3
2021-09-13T00:00:00.000Z,אל סלבדור,0,1,1
2021-09-13T00:00:00.000Z,אירלנד,3,4,7
2021-09-13T00:00:00.000Z,איסלנד,19,6,25
2021-09-13T00:00:00.000Z,איטליה,240,154,394
2021-09-13T00:00:00.000Z,אזרביג'אן,0,21,21
2021-09-13T00:00:00.000Z,אורגוואי,0,5,5
2021-09-13T00:00:00.000Z,אוקראינה,131,1240,1371
2021-09-13T00:00:00.000Z,אוסטרליה,0,6,6
2021-09-13T00:00:00.000Z,אוסטריה,381,212,593
2021-09-13T00:00:00.000Z,אוזבקיסטן,6,63,69
2021-09-14T00:00:00.000Z,לוכסמבורג,1,0,1
2021-09-14T00:00:00.000Z,איחוד האמירויות הערב,121,61,182
2021-09-14T00:00:00.000Z,תורכיה,11,75,86
2021-09-14T00:00:00.000Z,תוניסיה,0,3,3
2021-09-14T00:00:00.000Z,שוויץ,98,114,212
2021-09-14T00:00:00.000Z,שוודיה,6,6,12
2021-09-14T00:00:00.000Z,רוסיה,110,378,488
2021-09-14T00:00:00.000Z,רומניה,140,73,213
2021-09-14T00:00:00.000Z,רואנדה,1,0,1
2021-09-14T00:00:00.000Z,קרואטיה,4,10,14
2021-09-14T00:00:00.000Z,קפריסין,127,69,196
2021-09-14T00:00:00.000Z,קניה,6,5,11
2021-09-14T00:00:00.000Z,קנדה,15,137,152
2021-09-14T00:00:00.000Z,קירג'זסטאן,0,1,1
2021-09-14T00:00:00.000Z,קטר,1,0,1
2021-09-14T00:00:00.000Z,קזחסטאן,1,0,1
2021-09-14T00:00:00.000Z,קוריאה הדרומית,0,3,3
2021-09-14T00:00:00.000Z,קוסטה ריקה,3,18,21
2021-09-14T00:00:00.000Z,קולומביה,1,15,16
2021-09-14T00:00:00.000Z,צרפת,203,448,651
2021-09-14T00:00:00.000Z,צכיה,352,222,574
2021-09-14T00:00:00.000Z,פרו,1,10,11
2021-09-14T00:00:00.000Z,פרגוואי,0,1,1
2021-09-14T00:00:00.000Z,פנמה,2,34,36
2021-09-14T00:00:00.000Z,פינלנד,1,2,3
2021-09-14T00:00:00.000Z,פיליפינים,0,22,22
2021-09-14T00:00:00.000Z,פורטוגל,11,10,21
2021-09-14T00:00:00.000Z,פולין,111,122,233
2021-09-14T00:00:00.000Z,עירק,1,1,2
2021-09-14T00:00:00.000Z,סרי לנקה (צילון),1,6,7
2021-09-14T00:00:00.000Z,סרביה,5,2,7
2021-09-14T00:00:00.000Z,ספרד,80,56,136
2021-09-14T00:00:00.000Z,סלובקיה,4,0,4
2021-09-14T00:00:00.000Z,סלובניה,0,2,2
2021-09-14T00:00:00.000Z,סין,0,3,3
2021-09-14T00:00:00.000Z,ניגריה,5,3,8
2021-09-14T00:00:00.000Z,נורבגיה,1,2,3
2021-09-14T00:00:00.000Z,מרוקו,24,29,53
2021-09-14T00:00:00.000Z,מקסיקו,0,15,15
2021-09-14T00:00:00.000Z,מקדוניה,1,0,1
2021-09-14T00:00:00.000Z,מצרים,308,294,602
2021-09-14T00:00:00.000Z,מלדיבים,9,29,38
2021-09-14T00:00:00.000Z,מונקו,0,1,1
2021-09-14T00:00:00.000Z,מונטנגרו,20,12,32
2021-09-14T00:00:00.000Z,מולדובה,17,108,125
2021-09-14T00:00:00.000Z,מאלי,0,2,2
2021-09-14T00:00:00.000Z,ליטא,4,5,9
2021-09-14T00:00:00.000Z,לטביה,13,23,36
2021-09-14T00:00:00.000Z,תורכמניסטאן,0,1,1
2021-09-14T00:00:00.000Z,לבנון,0,1,1
2021-09-14T00:00:00.000Z,כלל המדינות,4877,10127,15004
2021-09-14T00:00:00.000Z,ירדן,46,56,102
2021-09-14T00:00:00.000Z,יוון,718,388,1106
2021-09-14T00:00:00.000Z,טנזניה,7,16,23
2021-09-14T00:00:00.000Z,טוגו,0,2,2
2021-09-14T00:00:00.000Z,חוף השנהב,3,2,5
2021-09-14T00:00:00.000Z,זאיר,2,1,3
2021-09-14T00:00:00.000Z,הרפ הדומיניקנית,2,4,6
2021-09-14T00:00:00.000Z,הממלכה המאוחדת,142,459,601
2021-09-14T00:00:00.000Z,הונגריה,343,197,540
2021-09-14T00:00:00.000Z,הונג קונג,2,11,13
2021-09-14T00:00:00.000Z,הולנד,35,109,144
2021-09-14T00:00:00.000Z,הודו,1,5,6
2021-09-14T00:00:00.000Z,דרום אפריקה,3,19,22
2021-09-14T00:00:00.000Z,דנמרק,4,13,17
2021-09-14T00:00:00.000Z,גרמניה,208,194,402
2021-09-14T00:00:00.000Z,גווטאמלה,0,3,3
2021-09-14T00:00:00.000Z,גאנה,0,8,8
2021-09-14T00:00:00.000Z,גאורגיה,74,56,130
2021-09-14T00:00:00.000Z,ברזיל,2,6,8
2021-09-14T00:00:00.000Z,בלגיה,7,80,87
2021-09-14T00:00:00.000Z,בילורוסיה,46,118,164
2021-09-14T00:00:00.000Z,בחריין,1,0,1
2021-09-14T00:00:00.000Z,בוסניה הרצגובינה,2,7,9
2021-09-14T00:00:00.000Z,בולגריה,4,4,8
2021-09-14T00:00:00.000Z,אתיופיה,9,32,41
2021-09-14T00:00:00.000Z,ארצות הברית,281,1831,2112
2021-09-14T00:00:00.000Z,ארמניה,0,7,7
2021-09-14T00:00:00.000Z,ארגנטינה,0,28,28
2021-09-14T00:00:00.000Z,אקואדור,1,5,6
2021-09-14T00:00:00.000Z,אסטוניה,1,4,5
2021-09-14T00:00:00.000Z,אנטיגואה וברבודה,0,2,2
2021-09-14T00:00:00.000Z,אנגולה,0,1,1
2021-09-14T00:00:00.000Z,אלבניה,1,2,3
2021-09-14T00:00:00.000Z,אירלנד,3,8,11
2021-09-14T00:00:00.000Z,איסלנד,39,18,57
2021-09-14T00:00:00.000Z,איי פאלקלנד,0,1,1
2021-09-14T00:00:00.000Z,איי סיישל,0,1,1
2021-09-14T00:00:00.000Z,איטליה,340,188,528
2021-09-14T00:00:00.000Z,אזרביג'אן,5,6,11
2021-09-14T00:00:00.000Z,אורגוואי,0,3,3
2021-09-14T00:00:00.000Z,אוקראינה,94,975,1069
2021-09-14T00:00:00.000Z,אוסטרליה,0,4,4
2021-09-14T00:00:00.000Z,אוסטריה,248,168,416
2021-09-14T00:00:00.000Z,אוזבקיסטן,2,3,5
2021-09-14T00:00:00.000Z,אוגנדה,0,2,2
2021-09-14T00:00:00.000Z,אבחזיסטאן,0,1,1
2021-09-15T00:00:00.000Z,אלבניה,3,2,5
2021-09-15T00:00:00.000Z,אל סלבדור,1,0,1
2021-09-15T00:00:00.000Z,אירלנד,0,1,1
2021-09-15T00:00:00.000Z,איסלנד,1,5,6
2021-09-15T00:00:00.000Z,איטליה,141,91,232
2021-09-15T00:00:00.000Z,אזרביג'אן,3,2,5
2021-09-15T00:00:00.000Z,אוקראינה,141,596,737
2021-09-15T00:00:00.000Z,אוסטרליה,1,5,6
2021-09-15T00:00:00.000Z,אוסטריה,284,159,443
2021-09-15T00:00:00.000Z,אוזבקיסטן,2,1,3
2021-09-15T00:00:00.000Z,תורכיה,10,27,37
2021-09-15T00:00:00.000Z,שוויץ,87,63,150
2021-09-15T00:00:00.000Z,שוודיה,3,6,9
2021-09-15T00:00:00.000Z,רוסיה,60,96,156
2021-09-15T00:00:00.000Z,רומניה,181,131,312
2021-09-15T00:00:00.000Z,איחוד האמירויות הערב,37,34,71
2021-09-15T00:00:00.000Z,קרואטיה,8,5,13
2021-09-15T00:00:00.000Z,קפריסין,113,75,188
2021-09-15T00:00:00.000Z,קניה,1,0,1
2021-09-15T00:00:00.000Z,קנדה,21,65,86
2021-09-15T00:00:00.000Z,קזחסטאן,0,4,4
2021-09-15T00:00:00.000Z,קוריאה הדרומית,1,8,9
2021-09-15T00:00:00.000Z,קוסטה ריקה,0,7,7
2021-09-15T00:00:00.000Z,צרפת,154,269,423
2021-09-15T00:00:00.000Z,צכיה,89,56,145
2021-09-15T00:00:00.000Z,פרו,2,4,6
2021-09-15T00:00:00.000Z,פנמה,2,13,15
2021-09-15T00:00:00.000Z,פינלנד,4,0,4
2021-09-15T00:00:00.000Z,פיליפינים,0,5,5
2021-09-15T00:00:00.000Z,פורטוגל,22,8,30
2021-09-15T00:00:00.000Z,פולין,84,37,121
2021-09-15T00:00:00.000Z,סרי לנקה (צילון),0,4,4
2021-09-15T00:00:00.000Z,סרביה,3,6,9
2021-09-15T00:00:00.000Z,ספרד,12,8,20
2021-09-15T00:00:00.000Z,סלובקיה,0,1,1
2021-09-15T00:00:00.000Z,סלובניה,4,2,6
2021-09-15T00:00:00.000Z,סין,0,3,3
2021-09-15T00:00:00.000Z,ניגריה,2,4,6
2021-09-15T00:00:00.000Z,נורבגיה,0,2,2
2021-09-15T00:00:00.000Z,מרוקו,6,0,6
2021-09-15T00:00:00.000Z,מצרים,128,119,247
2021-09-15T00:00:00.000Z,מלדיבים,22,15,37
2021-09-15T00:00:00.000Z,מונקו,0,2,2
2021-09-15T00:00:00.000Z,מונטנגרו,1,1,2
2021-09-15T00:00:00.000Z,לטביה,1,0,1
2021-09-15T00:00:00.000Z,כלל המדינות,3113,5034,8147
2021-09-15T00:00:00.000Z,ירדן,46,62,108
2021-09-15T00:00:00.000Z,יוון,272,175,447
2021-09-15T00:00:00.000Z,טיוואן,0,1,1
2021-09-15T00:00:00.000Z,חוף השנהב,1,0,1
2021-09-15T00:00:00.000Z,הממלכה המאוחדת,74,209,283
2021-09-15T00:00:00.000Z,הונגריה,214,166,380
2021-09-15T00:00:00.000Z,הולנד,41,53,94
2021-09-15T00:00:00.000Z,דרום אפריקה,0,6,6
2021-09-15T00:00:00.000Z,דנמרק,7,10,17
2021-09-15T00:00:00.000Z,גרמניה,95,89,184
2021-09-15T00:00:00.000Z,גמייקה,0,1,1
2021-09-15T00:00:00.000Z,גווטאמלה,0,1,1
2021-09-15T00:00:00.000Z,גאורגיה,20,39,59
2021-09-15T00:00:00.000Z,ברזיל,1,0,1
2021-09-15T00:00:00.000Z,בלגיה,36,134,170
2021-09-15T00:00:00.000Z,בוסניה הרצגובינה,2,8,10
2021-09-15T00:00:00.000Z,בולגריה,9,14,23
2021-09-15T00:00:00.000Z,ארצות הברית,384,887,1271
2021-09-15T00:00:00.000Z,ארמניה,0,4,4
2021-09-15T00:00:00.000Z,אסטוניה,1,0,1
2021-09-15T00:00:00.000Z,תאילנד,0,5,5
2021-09-16T00:00:00.000Z,כלל המדינות,9,9,18
2021-09-17T00:00:00.000Z,רומניה,233,179,412
2021-09-17T00:00:00.000Z,רוסיה,108,246,354
2021-09-17T00:00:00.000Z,שוודיה,8,22,30
2021-09-17T00:00:00.000Z,שוויץ,175,139,314
2021-09-17T00:00:00.000Z,תאילנד,41,64,105
2021-09-17T00:00:00.000Z,תורכיה,12,113,125
2021-09-17T00:00:00.000Z,קפריסין,200,101,301
2021-09-17T00:00:00.000Z,איחוד האמירויות הערב,62,74,136
2021-09-17T00:00:00.000Z,קניה,0,2,2
2021-09-17T00:00:00.000Z,קנדה,31,73,104
2021-09-17T00:00:00.000Z,קירג'זסטאן,5,6,11
2021-09-17T00:00:00.000Z,קטר,1,0,1
2021-09-17T00:00:00.000Z,קזחסטאן,1,3,4
2021-09-17T00:00:00.000Z,קוריאה הדרומית,3,3,6
2021-09-17T00:00:00.000Z,קוסטה ריקה,0,13,13
2021-09-17T00:00:00.000Z,קולומביה,0,6,6
2021-09-17T00:00:00.000Z,צרפת,259,287,546
2021-09-17T00:00:00.000Z,צכיה,351,109,460
2021-09-17T00:00:00.000Z,פרו,0,5,5
2021-09-17T00:00:00.000Z,פנמה,0,12,12
2021-09-17T00:00:00.000Z,פינלנד,48,35,83
2021-09-17T00:00:00.000Z,פיליפינים,0,3,3
2021-09-17T00:00:00.000Z,פורטוגל,48,35,83
2021-09-17T00:00:00.000Z,פולין,242,122,364
2021-09-17T00:00:00.000Z,ערב הסעודית,0,4,4
2021-09-17T00:00:00.000Z,סרי לנקה (צילון),0,6,6
2021-09-17T00:00:00.000Z,סרביה,2,1,3
2021-09-17T00:00:00.000Z,ספרד,149,103,252
2021-09-17T00:00:00.000Z,סלובקיה,115,25,140
2021-09-17T00:00:00.000Z,סלובניה,7,2,9
2021-09-17T00:00:00.000Z,סינגפור,0,5,5
2021-09-17T00:00:00.000Z,סין,0,6,6
2021-09-17T00:00:00.000Z,נפאל,0,2,2
2021-09-17T00:00:00.000Z,נורבגיה,1,8,9
2021-09-17T00:00:00.000Z,מרוקו,2,3,5
2021-09-17T00:00:00.000Z,מקסיקו,0,2,2
2021-09-17T00:00:00.000Z,מצרים,684,577,1261
2021-09-17T00:00:00.000Z,מלטה,1,0,1
2021-09-17T00:00:00.000Z,מלדיבים,22,23,45
2021-09-17T00:00:00.000Z,מונקו,1,0,1
2021-09-17T00:00:00.000Z,מונטנגרו,102,53,155
2021-09-17T00:00:00.000Z,מונגוליה,1,0,1
2021-09-17T00:00:00.000Z,מולדובה,49,163,212
2021-09-17T00:00:00.000Z,ליטא,3,3,6
2021-09-17T00:00:00.000Z,לטביה,1,0,1
2021-09-17T00:00:00.000Z,כלל המדינות,7331,8144,15475
2021-09-17T00:00:00.000Z,ירדן,7,5,12
2021-09-17T00:00:00.000Z,יפן,0,1,1
2021-09-17T00:00:00.000Z,יוון,1096,522,1618
2021-09-17T00:00:00.000Z,טנזניה,0,4,4
2021-09-17T00:00:00.000Z,זאיר,1,0,1
2021-09-17T00:00:00.000Z,הרפ הדומיניקנית,2,1,3
2021-09-17T00:00:00.000Z,הממלכה המאוחדת,187,208,395
2021-09-17T00:00:00.000Z,הונגריה,404,207,611
2021-09-17T00:00:00.000Z,הולנד,35,55,90
2021-09-17T00:00:00.000Z,הודו,1,4,5
2021-09-17T00:00:00.000Z,דרום אפריקה,1,1,2
2021-09-17T00:00:00.000Z,דנמרק,76,46,122
2021-09-17T00:00:00.000Z,גרמניה,288,232,520
2021-09-17T00:00:00.000Z,גאורגיה,85,106,191
2021-09-17T00:00:00.000Z,ברזיל,1,3,4
2021-09-17T00:00:00.000Z,בלגיה,47,79,126
2021-09-17T00:00:00.000Z,בילורוסיה,36,74,110
2021-09-17T00:00:00.000Z,בחריין,2,1,3
2021-09-17T00:00:00.000Z,בורקינה פאסו,1,0,1
2021-09-17T00:00:00.000Z,בוסניה הרצגובינה,13,26,39
2021-09-17T00:00:00.000Z,בולגריה,6,34,40
2021-09-17T00:00:00.000Z,אתיופיה,0,1,1
2021-09-17T00:00:00.000Z,ארצות הברית,393,477,870
2021-09-17T00:00:00.000Z,ארמניה,3,4,7
2021-09-17T00:00:00.000Z,ארגנטינה,1,3,4
2021-09-17T00:00:00.000Z,אקואדור,0,4,4
2021-09-17T00:00:00.000Z,אסטוניה,0,1,1
2021-09-17T00:00:00.000Z,אנגולה,1,0,1
2021-09-17T00:00:00.000Z,אלבניה,3,2,5
2021-09-17T00:00:00.000Z,אל סלבדור,0,1,1
2021-09-17T00:00:00.000Z,אירלנד,7,10,17
2021-09-17T00:00:00.000Z,איסלנד,24,6,30
2021-09-17T00:00:00.000Z,איי פיגי,0,2,2
2021-09-17T00:00:00.000Z,איי סיישל,60,26,86
2021-09-17T00:00:00.000Z,איטליה,390,193,583
2021-09-17T00:00:00.000Z,אזרביג'אן,1,3,4
2021-09-17T00:00:00.000Z,אורגוואי,2,0,2
2021-09-17T00:00:00.000Z,אוקראינה,237,435,672
2021-09-17T00:00:00.000Z,אוסטרליה,3,2,5
2021-09-17T00:00:00.000Z,אוסטריה,570,299,869
2021-09-17T00:00:00.000Z,אוזבקיסטן,1,2,3
2021-09-17T00:00:00.000Z,אבחזיסטאן,0,1,1
2021-09-17T00:00:00.000Z,קרואטיה,6,9,15
2021-09-18T00:00:00.000Z,דנמרק,12,2,14
2021-09-18T00:00:00.000Z,דרום סודאן,1,0,1
2021-09-18T00:00:00.000Z,תורכיה,8,26,34
2021-09-18T00:00:00.000Z,שוויץ,66,32,98
2021-09-18T00:00:00.000Z,שוודיה,2,11,13
2021-09-18T00:00:00.000Z,רוסיה,22,35,57
2021-09-18T00:00:00.000Z,רומניה,409,154,563
2021-09-18T00:00:00.000Z,רואנדה,3,2,5
2021-09-18T00:00:00.000Z,קרואטיה,19,3,22
2021-09-18T00:00:00.000Z,קפריסין,245,116,361
2021-09-18T00:00:00.000Z,קניה,8,1,9
2021-09-18T00:00:00.000Z,קנדה,41,82,123
2021-09-18T00:00:00.000Z,קמרון,0,1,1
2021-09-18T00:00:00.000Z,קזחסטאן,0,1,1
2021-09-18T00:00:00.000Z,קוריאה הדרומית,1,0,1
2021-09-18T00:00:00.000Z,קוסטה ריקה,9,25,34
2021-09-18T00:00:00.000Z,קולומביה,0,1,1
2021-09-18T00:00:00.000Z,קובה,0,1,1
2021-09-18T00:00:00.000Z,אוגנדה,0,6,6
2021-09-18T00:00:00.000Z,אוזבקיסטן,3,3,6
2021-09-18T00:00:00.000Z,אוסטריה,406,172,578
2021-09-18T00:00:00.000Z,אוסטרליה,0,2,2
2021-09-18T00:00:00.000Z,אוקראינה,182,189,371
2021-09-18T00:00:00.000Z,אורגוואי,0,1,1
2021-09-18T00:00:00.000Z,אזרביג'אן,6,3,9
2021-09-18T00:00:00.000Z,איטליה,380,137,517
2021-09-18T00:00:00.000Z,איי סיישל,8,9,17
2021-09-18T00:00:00.000Z,איסלנד,76,20,96
2021-09-18T00:00:00.000Z,אירלנד,7,2,9
2021-09-18T00:00:00.000Z,אנגולה,4,1,5
2021-09-18T00:00:00.000Z,אסטוניה,4,10,14
2021-09-18T00:00:00.000Z,ארגנטינה,1,4,5
2021-09-18T00:00:00.000Z,ארצות הברית,520,708,1228
2021-09-18T00:00:00.000Z,אתיופיה,13,38,51
2021-09-18T00:00:00.000Z,בהמס,1,0,1
2021-09-18T00:00:00.000Z,בולגריה,2,1,3
2021-09-18T00:00:00.000Z,בוסניה הרצגובינה,0,2,2
2021-09-18T00:00:00.000Z,בילורוסיה,2,0,2
2021-09-18T00:00:00.000Z,בלגיה,6,7,13
2021-09-18T00:00:00.000Z,ברזיל,1,2,3
2021-09-18T00:00:00.000Z,גאורגיה,110,63,173
2021-09-18T00:00:00.000Z,גאנה,1,4,5
2021-09-18T00:00:00.000Z,גווטאמלה,1,2,3
2021-09-18T00:00:00.000Z,גויאנה,0,1,1
2021-09-18T00:00:00.000Z,גינאה,0,1,1
2021-09-18T00:00:00.000Z,גרמניה,266,140,406
2021-09-18T00:00:00.000Z,איחוד האמירויות הערב,82,94,176
2021-09-18T00:00:00.000Z,דרום אפריקה,5,11,16
2021-09-18T00:00:00.000Z,צרפת,419,221,640
2021-09-18T00:00:00.000Z,הולנד,92,100,192
2021-09-18T00:00:00.000Z,הונגריה,350,119,469
2021-09-18T00:00:00.000Z,הממלכה המאוחדת,241,190,431
2021-09-18T00:00:00.000Z,הרפ הדומיניקנית,1,7,8
2021-09-18T00:00:00.000Z,ונצואלה,0,1,1
2021-09-18T00:00:00.000Z,זאיר,1,0,1
2021-09-18T00:00:00.000Z,זימבאבווה,0,2,2
2021-09-18T00:00:00.000Z,זמביה,0,4,4
2021-09-18T00:00:00.000Z,טוגו,0,3,3
2021-09-18T00:00:00.000Z,טנזניה,20,3,23
2021-09-18T00:00:00.000Z,יוון,928,298,1226
2021-09-18T00:00:00.000Z,ירדן,2,10,12
2021-09-18T00:00:00.000Z,כלל המדינות,7239,5812,13051
2021-09-18T00:00:00.000Z,לבנון,0,1,1
2021-09-18T00:00:00.000Z,לטביה,38,23,61
2021-09-18T00:00:00.000Z,ליטא,4,6,10
2021-09-18T00:00:00.000Z,מאוריציוס,0,1,1
2021-09-18T00:00:00.000Z,מאלי,0,3,3
2021-09-18T00:00:00.000Z,מונטנגרו,0,1,1
2021-09-18T00:00:00.000Z,מונקו,0,1,1
2021-09-18T00:00:00.000Z,מלאווי,0,2,2
2021-09-18T00:00:00.000Z,מלדיבים,40,25,65
2021-09-18T00:00:00.000Z,מצרים,1185,869,2054
2021-09-18T00:00:00.000Z,מקסיקו,0,2,2
2021-09-18T00:00:00.000Z,מרוקו,0,3,3
2021-09-18T00:00:00.000Z,נורבגיה,1,2,3
2021-09-18T00:00:00.000Z,ניגריה,0,12,12
2021-09-18T00:00:00.000Z,נמיביה,2,1,3
2021-09-18T00:00:00.000Z,סיירה ליאונה,1,0,1
2021-09-18T00:00:00.000Z,סין,0,2,2
2021-09-18T00:00:00.000Z,סינגפור,1,1,2
2021-09-18T00:00:00.000Z,סלובניה,16,4,20
2021-09-18T00:00:00.000Z,סנגל,4,2,6
2021-09-18T00:00:00.000Z,ספרד,52,23,75
2021-09-18T00:00:00.000Z,סרביה,10,20,30
2021-09-18T00:00:00.000Z,סרי לנקה (צילון),4,4,8
2021-09-18T00:00:00.000Z,ערב הסעודית,0,3,3
2021-09-18T00:00:00.000Z,פולין,167,61,228
2021-09-18T00:00:00.000Z,פורטוגל,22,10,32
2021-09-18T00:00:00.000Z,פיליפינים,0,16,16
2021-09-18T00:00:00.000Z,פינלנד,7,2,9
2021-09-18T00:00:00.000Z,פנמה,1,2,3
2021-09-18T00:00:00.000Z,פרו,3,9,12
2021-09-18T00:00:00.000Z,צכיה,460,138,598
2021-09-19T00:00:00.000Z,צ'ילה,0,2,2
2021-09-19T00:00:00.000Z,צכיה,455,152,607
2021-09-19T00:00:00.000Z,צרפת,346,855,1201
2021-09-19T00:00:00.000Z,קולומביה,6,7,13
2021-09-19T00:00:00.000Z,קוסובו,1,0,1
2021-09-19T00:00:00.000Z,קוסטה ריקה,3,6,9
2021-09-19T00:00:00.000Z,קוריאה הדרומית,5,3,8
2021-09-19T00:00:00.000Z,קזחסטאן,1,6,7
2021-09-19T00:00:00.000Z,קירג'זסטאן,2,2,4
2021-09-19T00:00:00.000Z,קלדוניה החדשה,1,0,1
2021-09-19T00:00:00.000Z,קנדה,31,150,181
2021-09-19T00:00:00.000Z,קפריסין,276,134,410
2021-09-19T00:00:00.000Z,קרואטיה,12,5,17
2021-09-19T00:00:00.000Z,רומניה,185,84,269
2021-09-19T00:00:00.000Z,רוסיה,90,284,374
2021-09-19T00:00:00.000Z,שוודיה,11,6,17
2021-09-19T00:00:00.000Z,שוויץ,258,276,534
2021-09-19T00:00:00.000Z,תאילנד,1,2,3
2021-09-19T00:00:00.000Z,תוניסיה,0,5,5
2021-09-19T00:00:00.000Z,תורכיה,24,60,84
2021-09-19T00:00:00.000Z,איחוד האמירויות הערב,99,112,211
2021-09-19T00:00:00.000Z,אוגנדה,0,1,1
2021-09-19T00:00:00.000Z,אוזבקיסטן,5,2,7
2021-09-19T00:00:00.000Z,אוסטריה,592,285,877
2021-09-19T00:00:00.000Z,אוסטרליה,3,10,13
2021-09-19T00:00:00.000Z,אוקראינה,287,618,905
2021-09-19T00:00:00.000Z,אורגוואי,1,12,13
2021-09-19T00:00:00.000Z,אזרביג'אן,76,59,135
2021-09-19T00:00:00.000Z,איטליה,592,298,890
2021-09-19T00:00:00.000Z,איי סיישל,110,29,139
2021-09-19T00:00:00.000Z,איי פיגי,1,0,1
2021-09-19T00:00:00.000Z,אינדונזיה,0,3,3
2021-09-19T00:00:00.000Z,איסלנד,42,15,57
2021-09-19T00:00:00.000Z,אירלנד,18,11,29
2021-09-19T00:00:00.000Z,אירן,0,1,1
2021-09-19T00:00:00.000Z,אלבניה,2,2,4
2021-09-19T00:00:00.000Z,אנגולה,0,1,1
2021-09-19T00:00:00.000Z,אנטיגואה וברבודה,0,1,1
2021-09-19T00:00:00.000Z,אקואדור,1,1,2
2021-09-19T00:00:00.000Z,ארגנטינה,6,13,19
2021-09-19T00:00:00.000Z,ארמניה,2,0,2
2021-09-19T00:00:00.000Z,ארצות הברית,350,1298,1648
2021-09-19T00:00:00.000Z,בוטסואנה,0,4,4
2021-09-19T00:00:00.000Z,בולגריה,4,30,34
2021-09-19T00:00:00.000Z,בוליביה,2,2,4
2021-09-19T00:00:00.000Z,בוסניה הרצגובינה,15,15,30
2021-09-19T00:00:00.000Z,בחריין,0,1,1
2021-09-19T00:00:00.000Z,בילורוסיה,62,104,166
2021-09-19T00:00:00.000Z,בלגיה,19,156,175
2021-09-19T00:00:00.000Z,בנגלדש,1,0,1
2021-09-19T00:00:00.000Z,ברזיל,2,21,23
2021-09-19T00:00:00.000Z,גאורגיה,453,282,735
2021-09-19T00:00:00.000Z,גווטאמלה,0,2,2
2021-09-19T00:00:00.000Z,גויאנה,1,3,4
2021-09-19T00:00:00.000Z,גויאנה הצרפתית,1,1,2
2021-09-19T00:00:00.000Z,גרמניה,361,332,693
2021-09-19T00:00:00.000Z,דנמרק,81,59,140
2021-09-19T00:00:00.000Z,דרום אפריקה,2,7,9
2021-09-19T00:00:00.000Z,הודו,5,11,16
2021-09-19T00:00:00.000Z,הולנד,103,174,277
2021-09-19T00:00:00.000Z,הונגריה,577,300,877
2021-09-19T00:00:00.000Z,הממלכה המאוחדת,230,537,767
2021-09-19T00:00:00.000Z,הרפ הדומיניקנית,7,9,16
2021-09-19T00:00:00.000Z,ונצואלה,0,1,1
2021-09-19T00:00:00.000Z,יוון,1685,773,2458
2021-09-19T00:00:00.000Z,יפן,0,4,4
2021-09-19T00:00:00.000Z,ירדן,507,439,946
2021-09-19T00:00:00.000Z,כלל המדינות,9868,11590,21458
2021-09-19T00:00:00.000Z,לוכסמבורג,1,0,1
2021-09-19T00:00:00.000Z,לטביה,2,1,3
2021-09-19T00:00:00.000Z,ליטא,85,50,135
2021-09-19T00:00:00.000Z,מולדובה,81,127,208
2021-09-19T00:00:00.000Z,מונטנגרו,138,29,167
2021-09-19T00:00:00.000Z,מונקו,1,0,1
2021-09-19T00:00:00.000Z,מלדיבים,23,20,43
2021-09-19T00:00:00.000Z,מלטה,1,3,4
2021-09-19T00:00:00.000Z,מצרים,582,505,1087
2021-09-19T00:00:00.000Z,מקדוניה,0,1,1
2021-09-19T00:00:00.000Z,מרוקו,8,10,18
2021-09-19T00:00:00.000Z,נורבגיה,1,0,1
2021-09-19T00:00:00.000Z,ניגריה,2,1,3
2021-09-19T00:00:00.000Z,ניקרגואה,0,1,1
2021-09-19T00:00:00.000Z,נפאל,1,0,1
2021-09-19T00:00:00.000Z,סלובניה,1,0,1
2021-09-19T00:00:00.000Z,סלובקיה,1,3,4
2021-09-19T00:00:00.000Z,סנגל,0,1,1
2021-09-19T00:00:00.000Z,ספרד,204,105,309
2021-09-19T00:00:00.000Z,סרביה,2,15,17
2021-09-19T00:00:00.000Z,סרי לנקה (צילון),1,1,2
2021-09-19T00:00:00.000Z,פולין,171,108,279
2021-09-19T00:00:00.000Z,פורטוגל,45,21,66
2021-09-19T00:00:00.000Z,פיליפינים,0,12,12
2021-09-19T00:00:00.000Z,פינלנד,3,8,11
2021-09-19T00:00:00.000Z,פנמה,0,7,7
2021-09-19T00:00:00.000Z,פרו,0,1,1
2021-09-20T00:00:00.000Z,יפן,0,1,1
2021-09-20T00:00:00.000Z,קולומביה,3,6,9
2021-09-20T00:00:00.000Z,תורכיה,15,59,74
2021-09-20T00:00:00.000Z,תאילנד,67,90,157
2021-09-20T00:00:00.000Z,שוויץ,172,126,298
2021-09-20T00:00:00.000Z,שוודיה,6,9,15
2021-09-20T00:00:00.000Z,רוסיה,174,321,495
2021-09-20T00:00:00.000Z,רומניה,253,159,412
2021-09-20T00:00:00.000Z,רואנדה,0,5,5
2021-09-20T00:00:00.000Z,קרואטיה,9,11,20
2021-09-20T00:00:00.000Z,קפריסין,185,110,295
2021-09-20T00:00:00.000Z,קניה,5,1,6
2021-09-20T00:00:00.000Z,קנדה,52,197,249
2021-09-20T00:00:00.000Z,קמרון,1,0,1
2021-09-20T00:00:00.000Z,קירג'זסטאן,1,1,2
2021-09-20T00:00:00.000Z,קזחסטאן,5,1,6
2021-09-20T00:00:00.000Z,קוריאה הדרומית,0,11,11
2021-09-20T00:00:00.000Z,צ'ילה,0,4,4
2021-09-20T00:00:00.000Z,פרו,0,16,16
2021-09-20T00:00:00.000Z,פנמה,0,23,23
2021-09-20T00:00:00.000Z,פינלנד,8,4,12
2021-09-20T00:00:00.000Z,פיליפינים,0,2,2
2021-09-20T00:00:00.000Z,פורטוגל,39,67,106
2021-09-20T00:00:00.000Z,פורטו ריקו,0,1,1
2021-09-20T00:00:00.000Z,פולין,296,161,457
2021-09-20T00:00:00.000Z,פאפואה,2,2,4
2021-09-20T00:00:00.000Z,סרי לנקה (צילון),0,1,1
2021-09-20T00:00:00.000Z,סרביה,1,3,4
2021-09-20T00:00:00.000Z,ספרד,271,106,377
2021-09-20T00:00:00.000Z,סלובקיה,58,17,75
2021-09-20T00:00:00.000Z,סינגפור,0,1,1
2021-09-20T00:00:00.000Z,סוריה,0,1,1
2021-09-20T00:00:00.000Z,ניגריה,2,3,5
2021-09-20T00:00:00.000Z,נורבגיה,1,3,4
2021-09-20T00:00:00.000Z,מרוקו,36,87,123
2021-09-20T00:00:00.000Z,מקסיקו,0,1,1
2021-09-20T00:00:00.000Z,מצרים,454,370,824
2021-09-20T00:00:00.000Z,מלדיבים,36,25,61
2021-09-20T00:00:00.000Z,מלאווי,1,0,1
2021-09-20T00:00:00.000Z,מונקו,0,1,1
2021-09-20T00:00:00.000Z,מונטנגרו,128,56,184
2021-09-20T00:00:00.000Z,מולדובה,2,4,6
2021-09-20T00:00:00.000Z,מאוריציוס,1,0,1
2021-09-20T00:00:00.000Z,ליטא,12,3,15
2021-09-20T00:00:00.000Z,ליבריה,0,3,3
2021-09-20T00:00:00.000Z,לטביה,4,4,8
2021-09-20T00:00:00.000Z,לוכסמבורג,1,2,3
2021-09-20T00:00:00.000Z,כלל המדינות,9181,10294,19475
2021-09-20T00:00:00.000Z,ירדן,72,81,153
2021-09-20T00:00:00.000Z,צכיה,462,125,587
2021-09-20T00:00:00.000Z,יוון,1303,602,1905
2021-09-20T00:00:00.000Z,טנזניה,8,6,14
2021-09-20T00:00:00.000Z,טיוואן,0,1,1
2021-09-20T00:00:00.000Z,טוגו,0,2,2
2021-09-20T00:00:00.000Z,זמביה,1,0,1
2021-09-20T00:00:00.000Z,זאיר,0,3,3
2021-09-20T00:00:00.000Z,הרפ הדומיניקנית,2,3,5
2021-09-20T00:00:00.000Z,הממלכה המאוחדת,316,648,964
2021-09-20T00:00:00.000Z,הונגריה,338,145,483
2021-09-20T00:00:00.000Z,הולנד,21,43,64
2021-09-20T00:00:00.000Z,הודו,11,80,91
2021-09-20T00:00:00.000Z,האנטילים ההולנדים,0,1,1
2021-09-20T00:00:00.000Z,דרום אפריקה,16,47,63
2021-09-20T00:00:00.000Z,דנמרק,4,7,11
2021-09-20T00:00:00.000Z,דומיניקה,0,2,2
2021-09-20T00:00:00.000Z,גרמניה,370,254,624
2021-09-20T00:00:00.000Z,גיברלטר,0,3,3
2021-09-20T00:00:00.000Z,גווטאמלה,0,8,8
2021-09-20T00:00:00.000Z,גאנה,0,2,2
2021-09-20T00:00:00.000Z,גאורגיה,128,84,212
2021-09-20T00:00:00.000Z,ברזיל,1,70,71
2021-09-20T00:00:00.000Z,בלגיה,47,111,158
2021-09-20T00:00:00.000Z,בילורוסיה,0,1,1
2021-09-20T00:00:00.000Z,בוסניה הרצגובינה,12,10,22
2021-09-20T00:00:00.000Z,בולגריה,10,17,27
2021-09-20T00:00:00.000Z,אתיופיה,11,31,42
2021-09-20T00:00:00.000Z,ארצות הברית,743,1747,2490
2021-09-20T00:00:00.000Z,ארמניה,2,8,10
2021-09-20T00:00:00.000Z,ארגנטינה,0,3,3
2021-09-20T00:00:00.000Z,אקואדור,0,7,7
2021-09-20T00:00:00.000Z,אסטוניה,6,1,7
2021-09-20T00:00:00.000Z,אנטיגואה וברבודה,0,1,1
2021-09-20T00:00:00.000Z,אנגולה,0,1,1
2021-09-20T00:00:00.000Z,אלבניה,2,4,6
2021-09-20T00:00:00.000Z,אירלנד,11,8,19
2021-09-20T00:00:00.000Z,איסלנד,36,20,56
2021-09-20T00:00:00.000Z,איי סיישל,21,10,31
2021-09-20T00:00:00.000Z,איטליה,641,322,963
2021-09-20T00:00:00.000Z,אזרביג'אן,3,2,5
2021-09-20T00:00:00.000Z,אורגוואי,0,2,2
2021-09-20T00:00:00.000Z,אוקראינה,292,530,822
2021-09-20T00:00:00.000Z,אוסטרליה,2,1,3
2021-09-20T00:00:00.000Z,אוסטריה,864,428,1292
2021-09-20T00:00:00.000Z,אוזבקיסטן,20,67,87
2021-09-20T00:00:00.000Z,אוגנדה,1,2,3
2021-09-20T00:00:00.000Z,קוסטה ריקה,13,35,48
2021-09-20T00:00:00.000Z,קוסובו,7,8,15
2021-09-20T00:00:00.000Z,איחוד האמירויות הערב,84,78,162
2021-09-20T00:00:00.000Z,צרפת,442,450,892
2021-09-21T00:00:00.000Z,רומניה,215,64,279
2021-09-21T00:00:00.000Z,רוסיה,162,244,406
2021-09-21T00:00:00.000Z,שוודיה,3,8,11
2021-09-21T00:00:00.000Z,שוויץ,158,71,229
2021-09-21T00:00:00.000Z,תאילנד,0,2,2
2021-09-21T00:00:00.000Z,תורכיה,25,48,73
2021-09-21T00:00:00.000Z,איחוד האמירויות הערב,62,45,107
2021-09-21T00:00:00.000Z,אוגנדה,2,3,5
2021-09-21T00:00:00.000Z,אוזבקיסטן,4,0,4
2021-09-21T00:00:00.000Z,אוסטריה,320,157,477
2021-09-21T00:00:00.000Z,אוסטרליה,2,3,5
2021-09-21T00:00:00.000Z,אוקראינה,183,129,312
2021-09-21T00:00:00.000Z,אורגוואי,5,6,11
2021-09-21T00:00:00.000Z,אזרביג'אן,8,6,14
2021-09-21T00:00:00.000Z,איטליה,336,154,490
2021-09-21T00:00:00.000Z,איי סיישל,90,65,155
2021-09-21T00:00:00.000Z,איסלנד,57,10,67
2021-09-21T00:00:00.000Z,אירלנד,7,5,12
2021-09-21T00:00:00.000Z,אל סלבדור,0,1,1
2021-09-21T00:00:00.000Z,אלבניה,2,0,2
2021-09-21T00:00:00.000Z,אנגולה,0,1,1
2021-09-21T00:00:00.000Z,אסטוניה,8,2,10
2021-09-21T00:00:00.000Z,ארגנטינה,6,34,40
2021-09-21T00:00:00.000Z,ארמניה,3,7,10
2021-09-21T00:00:00.000Z,ארצות הברית,517,530,1047
2021-09-21T00:00:00.000Z,אתיופיה,2,21,23
2021-09-21T00:00:00.000Z,בולגריה,2,0,2
2021-09-21T00:00:00.000Z,בוסניה הרצגובינה,20,17,37
2021-09-21T00:00:00.000Z,בלגיה,11,6,17
2021-09-21T00:00:00.000Z,בנין (דהומי),1,0,1
2021-09-21T00:00:00.000Z,ברזיל,1,6,7
2021-09-21T00:00:00.000Z,גאורגיה,212,88,300
2021-09-21T00:00:00.000Z,גווטאמלה,1,5,6
2021-09-21T00:00:00.000Z,גויאנה הצרפתית,2,2,4
2021-09-21T00:00:00.000Z,גיברלטר,1,0,1
2021-09-21T00:00:00.000Z,גרמניה,203,101,304
2021-09-21T00:00:00.000Z,דומיניקה,0,2,2
2021-09-21T00:00:00.000Z,דנמרק,20,5,25
2021-09-21T00:00:00.000Z,דרום אפריקה,5,3,8
2021-09-21T00:00:00.000Z,הודו,0,1,1
2021-09-21T00:00:00.000Z,הולנד,35,42,77
2021-09-21T00:00:00.000Z,הונג קונג,0,29,29
2021-09-21T00:00:00.000Z,הונגריה,397,200,597
2021-09-21T00:00:00.000Z,הונדורס,1,0,1
2021-09-21T00:00:00.000Z,הממלכה המאוחדת,148,113,261
2021-09-21T00:00:00.000Z,הרפ הדומיניקנית,9,3,12
2021-09-21T00:00:00.000Z,זימבאבווה,0,1,1
2021-09-21T00:00:00.000Z,חוף השנהב,0,1,1
2021-09-21T00:00:00.000Z,טנזניה,4,4,8
2021-09-21T00:00:00.000Z,יוון,886,425,1311
2021-09-21T00:00:00.000Z,יפן,0,4,4
2021-09-21T00:00:00.000Z,ירדן,55,66,121
2021-09-21T00:00:00.000Z,כלל המדינות,6381,5811,12192
2021-09-21T00:00:00.000Z,לטביה,63,26,89
2021-09-21T00:00:00.000Z,ליטא,4,1,5
2021-09-21T00:00:00.000Z,מאלי,0,4,4
2021-09-21T00:00:00.000Z,מולדובה,33,96,129
2021-09-21T00:00:00.000Z,מונגוליה,0,1,1
2021-09-21T00:00:00.000Z,מונטנגרו,1,2,3
2021-09-21T00:00:00.000Z,מלאווי,0,1,1
2021-09-21T00:00:00.000Z,מלדיבים,36,18,54
2021-09-21T00:00:00.000Z,מצרים,735,424,1159
2021-09-21T00:00:00.000Z,מקדוניה,2,0,2
2021-09-21T00:00:00.000Z,מקסיקו,2,4,6
2021-09-21T00:00:00.000Z,מרוקו,4,3,7
2021-09-21T00:00:00.000Z,ניגריה,1,3,4
2021-09-21T00:00:00.000Z,סין,1,69,70
2021-09-21T00:00:00.000Z,סלובניה,3,1,4
2021-09-21T00:00:00.000Z,סלובקיה,0,2,2
2021-09-21T00:00:00.000Z,סנגל,0,1,1
2021-09-21T00:00:00.000Z,ספרד,103,43,146
2021-09-21T00:00:00.000Z,סרביה,8,5,13
2021-09-21T00:00:00.000Z,סרי לנקה (צילון),1,6,7
2021-09-21T00:00:00.000Z,פאפואה,0,1,1
2021-09-21T00:00:00.000Z,פולין,156,66,222
2021-09-21T00:00:00.000Z,פורטוגל,22,17,39
2021-09-21T00:00:00.000Z,פיליפינים,0,2,2
2021-09-21T00:00:00.000Z,פינלנד,0,1,1
2021-09-21T00:00:00.000Z,פנמה,1,6,7
2021-09-21T00:00:00.000Z,פרו,6,16,22
2021-09-21T00:00:00.000Z,צ'ילה,0,1,1
2021-09-21T00:00:00.000Z,צכיה,366,111,477
2021-09-21T00:00:00.000Z,צרפת,282,201,483
2021-09-21T00:00:00.000Z,קולומביה,2,9,11
2021-09-21T00:00:00.000Z,קוסטה ריקה,2,21,23
2021-09-21T00:00:00.000Z,קוריאה הדרומית,1,2,3
2021-09-21T00:00:00.000Z,קזחסטאן,2,2,4
2021-09-21T00:00:00.000Z,קמרון,0,1,1
2021-09-21T00:00:00.000Z,קנדה,53,76,129
2021-09-21T00:00:00.000Z,קניה,1,0,1
2021-09-21T00:00:00.000Z,קפריסין,115,59,174
2021-09-21T00:00:00.000Z,קרואטיה,13,8,21
2021-09-21T00:00:00.000Z,רואנדה,2,1,3
2021-09-22T00:00:00.000Z,ניקרגואה,1,1,2
2021-09-22T00:00:00.000Z,הרפ הדומיניקנית,5,6,11
2021-09-22T00:00:00.000Z,איסלנד,14,2,16
2021-09-22T00:00:00.000Z,אירלנד,7,2,9
2021-09-22T00:00:00.000Z,אלבניה,6,5,11
2021-09-22T00:00:00.000Z,אנגולה,5,3,8
2021-09-22T00:00:00.000Z,אסטוניה,4,3,7
2021-09-22T00:00:00.000Z,אקואדור,2,5,7
2021-09-22T00:00:00.000Z,ארמניה,1,2,3
2021-09-22T00:00:00.000Z,ארצות הברית,868,777,1645
2021-09-22T00:00:00.000Z,אתיופיה,7,35,42
2021-09-22T00:00:00.000Z,בוטסואנה,0,35,35
2021-09-22T00:00:00.000Z,בולגריה,8,33,41
2021-09-22T00:00:00.000Z,בוסניה הרצגובינה,10,8,18
2021-09-22T00:00:00.000Z,בורונדי,0,1,1
2021-09-22T00:00:00.000Z,בילורוסיה,70,100,170
2021-09-22T00:00:00.000Z,בלגיה,7,0,7
2021-09-22T00:00:00.000Z,תורכיה,11,44,55
2021-09-22T00:00:00.000Z,תאילנד,2,11,13
2021-09-22T00:00:00.000Z,שוויץ,236,84,320
2021-09-22T00:00:00.000Z,שוודיה,6,5,11
2021-09-22T00:00:00.000Z,רוסיה,93,243,336
2021-09-22T00:00:00.000Z,רומניה,387,256,643
2021-09-22T00:00:00.000Z,קרואטיה,20,18,38
2021-09-22T00:00:00.000Z,קפריסין,335,178,513
2021-09-22T00:00:00.000Z,קניה,2,6,8
2021-09-22T00:00:00.000Z,קנדה,68,89,157
2021-09-22T00:00:00.000Z,קמרון,0,1,1
2021-09-22T00:00:00.000Z,קזחסטאן,0,2,2
2021-09-22T00:00:00.000Z,קוריאה הדרומית,0,5,5
2021-09-22T00:00:00.000Z,קוסטה ריקה,14,25,39
2021-09-22T00:00:00.000Z,צרפת,493,342,835
2021-09-22T00:00:00.000Z,צכיה,495,160,655
2021-09-22T00:00:00.000Z,פרו,3,7,10
2021-09-22T00:00:00.000Z,פנמה,1,10,11
2021-09-22T00:00:00.000Z,פינלנד,45,24,69
2021-09-22T00:00:00.000Z,פיליפינים,1,3,4
2021-09-22T00:00:00.000Z,פורטוגל,46,55,101
2021-09-22T00:00:00.000Z,פולין,149,73,222
2021-09-22T00:00:00.000Z,סרי לנקה (צילון),3,12,15
2021-09-22T00:00:00.000Z,סרביה,59,34,93
2021-09-22T00:00:00.000Z,ספרד,218,62,280
2021-09-22T00:00:00.000Z,סנגל,0,2,2
2021-09-22T00:00:00.000Z,סלובקיה,85,29,114
2021-09-22T00:00:00.000Z,סלובניה,8,5,13
2021-09-22T00:00:00.000Z,סין,1,0,1
2021-09-22T00:00:00.000Z,סוריה,1,2,3
2021-09-22T00:00:00.000Z,איי סיישל,87,35,122
2021-09-22T00:00:00.000Z,ניגריה,0,1,1
2021-09-22T00:00:00.000Z,נורבגיה,0,5,5
2021-09-22T00:00:00.000Z,מרוקו,11,7,18
2021-09-22T00:00:00.000Z,מקסיקו,0,5,5
2021-09-22T00:00:00.000Z,מקדוניה,1,1,2
2021-09-22T00:00:00.000Z,מצרים,662,514,1176
2021-09-22T00:00:00.000Z,מלדיבים,42,33,75
2021-09-22T00:00:00.000Z,מונטנגרו,117,52,169
2021-09-22T00:00:00.000Z,מוזמביק,1,1,2
2021-09-22T00:00:00.000Z,מאוריציוס,0,4,4
2021-09-22T00:00:00.000Z,ליבריה,0,2,2
2021-09-22T00:00:00.000Z,לטביה,0,1,1
2021-09-22T00:00:00.000Z,לוכסמבורג,1,0,1
2021-09-22T00:00:00.000Z,כלל המדינות,9336,8141,17477
2021-09-22T00:00:00.000Z,ירדן,166,109,275
2021-09-22T00:00:00.000Z,יפן,0,2,2
2021-09-22T00:00:00.000Z,יוון,1268,601,1869
2021-09-22T00:00:00.000Z,טנזניה,8,9,17
2021-09-22T00:00:00.000Z,זימבאבווה,2,1,3
2021-09-22T00:00:00.000Z,ונצואלה,0,1,1
2021-09-22T00:00:00.000Z,ויטנאם,0,3,3
2021-09-22T00:00:00.000Z,הממלכה המאוחדת,414,240,654
2021-09-22T00:00:00.000Z,אזרביג'אן,1,11,12
2021-09-22T00:00:00.000Z,איטליה,450,157,607
2021-09-22T00:00:00.000Z,הונגריה,424,243,667
2021-09-22T00:00:00.000Z,הונג קונג,0,1,1
2021-09-22T00:00:00.000Z,הולנד,61,51,112
2021-09-22T00:00:00.000Z,הודו,3,2,5
2021-09-22T00:00:00.000Z,האנטילים ההולנדים,0,1,1
2021-09-22T00:00:00.000Z,דרום אפריקה,14,17,31
2021-09-22T00:00:00.000Z,דנמרק,13,10,23
2021-09-22T00:00:00.000Z,דומיניקה,2,0,2
2021-09-22T00:00:00.000Z,גרמניה,383,204,587
2021-09-22T00:00:00.000Z,גמייקה,2,0,2
2021-09-22T00:00:00.000Z,גמביה,0,1,1
2021-09-22T00:00:00.000Z,גווטאמלה,2,2,4
2021-09-22T00:00:00.000Z,גאנה,0,2,2
2021-09-22T00:00:00.000Z,ברזיל,0,2,2
2021-09-22T00:00:00.000Z,איחוד האמירויות הערב,112,118,230
2021-09-22T00:00:00.000Z,אורגוואי,1,2,3
2021-09-22T00:00:00.000Z,אוקראינה,323,418,741
2021-09-22T00:00:00.000Z,אוסטרליה,1,6,7
2021-09-22T00:00:00.000Z,אוסטריה,370,177,547
2021-09-22T00:00:00.000Z,אוזבקיסטן,2,2,4
2021-09-22T00:00:00.000Z,אוגנדה,3,2,5
2021-09-22T00:00:00.000Z,גאורגיה,237,161,398
2021-09-23T00:00:00.000Z,הרפ הדומיניקנית,13,3,16
2021-09-23T00:00:00.000Z,הממלכה המאוחדת,346,334,680
2021-09-23T00:00:00.000Z,הונדורס,2,0,2
2021-09-23T00:00:00.000Z,הונגריה,652,281,933
2021-09-23T00:00:00.000Z,הולנד,107,126,233
2021-09-23T00:00:00.000Z,הודו,2,1,3
2021-09-23T00:00:00.000Z,דרום אפריקה,23,15,38
2021-09-23T00:00:00.000Z,דנמרק,106,63,169
2021-09-23T00:00:00.000Z,גרמניה,341,178,519
2021-09-23T00:00:00.000Z,גויאנה הצרפתית,2,0,2
2021-09-23T00:00:00.000Z,גווטאמלה,9,7,16
2021-09-23T00:00:00.000Z,גבון,0,2,2
2021-09-23T00:00:00.000Z,גאנה,1,1,2
2021-09-23T00:00:00.000Z,גאורגיה,517,216,733
2021-09-23T00:00:00.000Z,ברזיל,3,2,5
2021-09-23T00:00:00.000Z,בלגיה,63,92,155
2021-09-23T00:00:00.000Z,בילורוסיה,69,111,180
2021-09-23T00:00:00.000Z,בוסניה הרצגובינה,2,0,2
2021-09-23T00:00:00.000Z,בולגריה,3,0,3
2021-09-23T00:00:00.000Z,אתיופיה,14,30,44
2021-09-23T00:00:00.000Z,ארצות הברית,1106,1376,2482
2021-09-23T00:00:00.000Z,ארמניה,108,39,147
2021-09-23T00:00:00.000Z,ארגנטינה,2,13,15
2021-09-23T00:00:00.000Z,אסטוניה,1,0,1
2021-09-23T00:00:00.000Z,אלבניה,3,3,6
2021-09-23T00:00:00.000Z,אל סלבדור,1,1,2
2021-09-23T00:00:00.000Z,אירלנד,4,7,11
2021-09-23T00:00:00.000Z,איסלנד,95,23,118
2021-09-23T00:00:00.000Z,איי סיישל,10,0,10
2021-09-23T00:00:00.000Z,איטליה,815,381,1196
2021-09-23T00:00:00.000Z,אזרביג'אן,85,55,140
2021-09-23T00:00:00.000Z,אורגוואי,0,4,4
2021-09-23T00:00:00.000Z,אוקראינה,302,342,644
2021-09-23T00:00:00.000Z,אוסטרליה,2,1,3
2021-09-23T00:00:00.000Z,אוסטריה,371,188,559
2021-09-23T00:00:00.000Z,אוזבקיסטן,5,10,15
2021-09-23T00:00:00.000Z,אוגנדה,0,2,2
2021-09-23T00:00:00.000Z,פינלנד,3,2,5
2021-09-23T00:00:00.000Z,פולין,217,73,290
2021-09-23T00:00:00.000Z,סרי לנקה (צילון),0,4,4
2021-09-23T00:00:00.000Z,פורטוגל,52,51,103
2021-09-23T00:00:00.000Z,סרביה,4,5,9
2021-09-23T00:00:00.000Z,ספרד,288,171,459
2021-09-23T00:00:00.000Z,סלובקיה,2,0,2
2021-09-23T00:00:00.000Z,סינגפור,0,1,1
2021-09-23T00:00:00.000Z,סין,0,4,4
2021-09-23T00:00:00.000Z,סוריה,4,1,5
2021-09-23T00:00:00.000Z,נמיביה,2,0,2
2021-09-23T00:00:00.000Z,ניגריה,2,3,5
2021-09-23T00:00:00.000Z,נורבגיה,0,3,3
2021-09-23T00:00:00.000Z,מרוקו,3,8,11
2021-09-23T00:00:00.000Z,מקסיקו,0,1,1
2021-09-23T00:00:00.000Z,מקדוניה,4,0,4
2021-09-23T00:00:00.000Z,מצרים,672,565,1237
2021-09-23T00:00:00.000Z,מלדיבים,42,29,71
2021-09-23T00:00:00.000Z,מונטנגרו,1,0,1
2021-09-23T00:00:00.000Z,מולדובה,58,110,168
2021-09-23T00:00:00.000Z,ליטא,108,56,164
2021-09-23T00:00:00.000Z,לבנון,0,1,1
2021-09-23T00:00:00.000Z,איחוד האמירויות הערב,142,80,222
2021-09-23T00:00:00.000Z,כלל המדינות,11041,10208,21249
2021-09-23T00:00:00.000Z,ירדן,350,236,586
2021-09-23T00:00:00.000Z,יפן,0,3,3
2021-09-23T00:00:00.000Z,יוון,1711,851,2562
2021-09-23T00:00:00.000Z,טנזניה,20,14,34
2021-09-23T00:00:00.000Z,טג'יקיסטאן,3,0,3
2021-09-23T00:00:00.000Z,תורכמניסטאן,0,1,1
2021-09-23T00:00:00.000Z,תורכיה,19,36,55
2021-09-23T00:00:00.000Z,שוויץ,167,114,281
2021-09-23T00:00:00.000Z,שוודיה,13,19,32
2021-09-23T00:00:00.000Z,רוסיה,109,294,403
2021-09-23T00:00:00.000Z,רומניה,123,77,200
2021-09-23T00:00:00.000Z,קרואטיה,1,1,2
2021-09-23T00:00:00.000Z,קפריסין,303,212,515
2021-09-23T00:00:00.000Z,קניה,5,5,10
2021-09-23T00:00:00.000Z,קנדה,73,76,149
2021-09-23T00:00:00.000Z,קירג'זסטאן,2,2,4
2021-09-23T00:00:00.000Z,קטר,1,0,1
2021-09-23T00:00:00.000Z,קזחסטאן,0,1,1
2021-09-23T00:00:00.000Z,קוסטה ריקה,5,25,30
2021-09-23T00:00:00.000Z,קולומביה,6,10,16
2021-09-23T00:00:00.000Z,צרפת,499,570,1069
2021-09-23T00:00:00.000Z,צכיה,356,135,491
2021-09-23T00:00:00.000Z,חוף השנהב,0,3,3
2021-09-23T00:00:00.000Z,צ'ילה,3,0,3
2021-09-23T00:00:00.000Z,פרו,6,29,35
2021-09-23T00:00:00.000Z,פנמה,7,19,26
2021-09-24T00:00:00.000Z,ספרד,423,150,573
2021-09-24T00:00:00.000Z,לוכסמבורג,0,1,1
2021-09-24T00:00:00.000Z,ירדן,0,7,7
2021-09-24T00:00:00.000Z,יוון,1387,585,1972
2021-09-24T00:00:00.000Z,טנזניה,0,4,4
2021-09-24T00:00:00.000Z,זאיר,0,1,1
2021-09-24T00:00:00.000Z,ונצואלה,0,1,1
2021-09-24T00:00:00.000Z,הרפ הדומיניקנית,17,7,24
2021-09-24T00:00:00.000Z,הממלכה המאוחדת,257,231,488
2021-09-24T00:00:00.000Z,הונגריה,389,132,521
2021-09-24T00:00:00.000Z,הולנד,60,55,115
2021-09-24T00:00:00.000Z,הודו,5,4,9
2021-09-24T00:00:00.000Z,דרום אפריקה,0,4,4
2021-09-24T00:00:00.000Z,דנמרק,7,3,10
2021-09-24T00:00:00.000Z,דומיניקה,2,0,2
2021-09-24T00:00:00.000Z,גרמניה,437,189,626
2021-09-24T00:00:00.000Z,גיברלטר,3,5,8
2021-09-24T00:00:00.000Z,גווטאמלה,2,6,8
2021-09-24T00:00:00.000Z,גאורגיה,143,63,206
2021-09-24T00:00:00.000Z,ברזיל,1,6,7
2021-09-24T00:00:00.000Z,בלגיה,18,11,29
2021-09-24T00:00:00.000Z,בילורוסיה,63,59,122
2021-09-24T00:00:00.000Z,בוסניה הרצגובינה,41,36,77
2021-09-24T00:00:00.000Z,בולגריה,10,29,39
2021-09-24T00:00:00.000Z,אתיופיה,2,0,2
2021-09-24T00:00:00.000Z,ארצות הברית,1291,1154,2445
2021-09-24T00:00:00.000Z,ארמניה,6,0,6
2021-09-24T00:00:00.000Z,ארגנטינה,11,18,29
2021-09-24T00:00:00.000Z,אקואדור,4,3,7
2021-09-24T00:00:00.000Z,לטביה,0,2,2
2021-09-24T00:00:00.000Z,ליטא,4,2,6
2021-09-24T00:00:00.000Z,מולדובה,41,85,126
2021-09-24T00:00:00.000Z,מונטנגרו,277,76,353
2021-09-24T00:00:00.000Z,מלדיבים,34,15,49
2021-09-24T00:00:00.000Z,מצרים,863,658,1521
2021-09-24T00:00:00.000Z,מקדוניה,0,1,1
2021-09-24T00:00:00.000Z,מרוקו,8,6,14
2021-09-24T00:00:00.000Z,נורבגיה,3,0,3
2021-09-24T00:00:00.000Z,ניגריה,1,1,2
2021-09-24T00:00:00.000Z,נפאל,1,2,3
2021-09-24T00:00:00.000Z,סין,1,1,2
2021-09-24T00:00:00.000Z,סינגפור,2,5,7
2021-09-24T00:00:00.000Z,סלובקיה,150,51,201
2021-09-24T00:00:00.000Z,כלל המדינות,11553,8324,19877
2021-09-24T00:00:00.000Z,סרביה,5,5,10
2021-09-24T00:00:00.000Z,סרי לנקה (צילון),4,1,5
2021-09-24T00:00:00.000Z,ערב הסעודית,0,2,2
2021-09-24T00:00:00.000Z,פולין,308,99,407
2021-09-24T00:00:00.000Z,פורטוגל,16,11,27
2021-09-24T00:00:00.000Z,פיליפינים,0,3,3
2021-09-24T00:00:00.000Z,פינלנד,91,25,116
2021-09-24T00:00:00.000Z,פנמה,0,12,12
2021-09-24T00:00:00.000Z,פרו,3,9,12
2021-09-24T00:00:00.000Z,צכיה,771,202,973
2021-09-24T00:00:00.000Z,צרפת,378,282,660
2021-09-24T00:00:00.000Z,איחוד האמירויות הערב,162,90,252
2021-09-24T00:00:00.000Z,קובה,0,1,1
2021-09-24T00:00:00.000Z,קולומביה,1,12,13
2021-09-24T00:00:00.000Z,קוסובו,1,0,1
2021-09-24T00:00:00.000Z,קוסטה ריקה,35,57,92
2021-09-24T00:00:00.000Z,קזחסטאן,8,5,13
2021-09-24T00:00:00.000Z,קטר,3,1,4
2021-09-24T00:00:00.000Z,קירג'זסטאן,2,1,3
2021-09-24T00:00:00.000Z,קנדה,75,108,183
2021-09-24T00:00:00.000Z,קניה,2,0,2
2021-09-24T00:00:00.000Z,קפריסין,317,202,519
2021-09-24T00:00:00.000Z,קרואטיה,29,18,47
2021-09-24T00:00:00.000Z,רומניה,337,121,458
2021-09-24T00:00:00.000Z,רוסיה,232,287,519
2021-09-24T00:00:00.000Z,שוודיה,10,1,11
2021-09-24T00:00:00.000Z,שוויץ,291,116,407
2021-09-24T00:00:00.000Z,תאילנד,152,118,270
2021-09-24T00:00:00.000Z,תוניסיה,1,0,1
2021-09-24T00:00:00.000Z,תורכיה,32,61,93
2021-09-24T00:00:00.000Z,תורכמניסטאן,1,0,1
2021-09-24T00:00:00.000Z,אסטוניה,4,0,4
2021-09-24T00:00:00.000Z,אלבניה,3,3,6
2021-09-24T00:00:00.000Z,אוזבקיסטן,3,4,7
2021-09-24T00:00:00.000Z,אוסטריה,1009,378,1387
2021-09-24T00:00:00.000Z,אוסטרליה,5,1,6
2021-09-24T00:00:00.000Z,אוקראינה,373,388,761
2021-09-24T00:00:00.000Z,אורגוואי,0,2,2
2021-09-24T00:00:00.000Z,אזרביג'אן,7,0,7
2021-09-24T00:00:00.000Z,איטליה,461,209,670
2021-09-24T00:00:00.000Z,איי סיישל,0,2,2
2021-09-24T00:00:00.000Z,איסלנד,7,0,7
2021-09-24T00:00:00.000Z,אירלנד,11,2,13
2021-09-25T00:00:00.000Z,אינדונזיה,0,1,1
2021-09-25T00:00:00.000Z,איסלנד,66,15,81
2021-09-25T00:00:00.000Z,אירלנד,8,1,9
2021-09-25T00:00:00.000Z,אל סלבדור,1,1,2
2021-09-25T00:00:00.000Z,אלבניה,4,0,4
2021-09-25T00:00:00.000Z,אנגולה,0,3,3
2021-09-25T00:00:00.000Z,אנדורה,1,0,1
2021-09-25T00:00:00.000Z,אסטוניה,2,2,4
2021-09-25T00:00:00.000Z,אקואדור,0,2,2
2021-09-25T00:00:00.000Z,ארמניה,3,1,4
2021-09-25T00:00:00.000Z,איחוד האמירויות הערב,244,79,323
2021-09-25T00:00:00.000Z,אתיופיה,24,24,48
2021-09-25T00:00:00.000Z,בוטסואנה,1,0,1
2021-09-25T00:00:00.000Z,בוסניה הרצגובינה,2,0,2
2021-09-25T00:00:00.000Z,בחריין,2,1,3
2021-09-25T00:00:00.000Z,בלגיה,3,5,8
2021-09-25T00:00:00.000Z,גאורגיה,295,109,404
2021-09-25T00:00:00.000Z,גאנה,3,3,6
2021-09-25T00:00:00.000Z,גווטאמלה,2,2,4
2021-09-25T00:00:00.000Z,גינאה המשוונית,0,3,3
2021-09-25T00:00:00.000Z,גמייקה,2,1,3
2021-09-25T00:00:00.000Z,גרמניה,361,159,520
2021-09-25T00:00:00.000Z,דנמרק,18,6,24
2021-09-25T00:00:00.000Z,דרום אפריקה,30,29,59
2021-09-25T00:00:00.000Z,הודו,5,4,9
2021-09-25T00:00:00.000Z,הולנד,94,91,185
2021-09-25T00:00:00.000Z,הונגריה,232,97,329
2021-09-25T00:00:00.000Z,הונדורס,3,0,3
2021-09-25T00:00:00.000Z,הממלכה המאוחדת,376,175,551
2021-09-25T00:00:00.000Z,הרפ הדומיניקנית,21,3,24
2021-09-25T00:00:00.000Z,זמביה,1,0,1
2021-09-25T00:00:00.000Z,חוף השנהב,1,0,1
2021-09-25T00:00:00.000Z,טג'יקיסטאן,1,0,1
2021-09-25T00:00:00.000Z,טוגו,1,0,1
2021-09-25T00:00:00.000Z,טיוואן,0,1,1
2021-09-25T00:00:00.000Z,טנזניה,23,11,34
2021-09-25T00:00:00.000Z,יוון,1432,530,1962
2021-09-25T00:00:00.000Z,יפן,0,4,4
2021-09-25T00:00:00.000Z,ירדן,3,4,7
2021-09-25T00:00:00.000Z,כלל המדינות,9958,6345,16303
2021-09-25T00:00:00.000Z,לטביה,69,35,104
2021-09-25T00:00:00.000Z,ליטא,3,4,7
2021-09-25T00:00:00.000Z,מאלי,3,1,4
2021-09-25T00:00:00.000Z,מוזמביק,3,0,3
2021-09-25T00:00:00.000Z,מונטנגרו,1,1,2
2021-09-25T00:00:00.000Z,מלדיבים,62,15,77
2021-09-25T00:00:00.000Z,מצרים,1442,858,2300
2021-09-25T00:00:00.000Z,מקאו,0,1,1
2021-09-25T00:00:00.000Z,מקדוניה,1,0,1
2021-09-25T00:00:00.000Z,מרוקו,1,0,1
2021-09-25T00:00:00.000Z,נורבגיה,0,3,3
2021-09-25T00:00:00.000Z,ניגריה,2,4,6
2021-09-25T00:00:00.000Z,ניו זילנד,0,1,1
2021-09-25T00:00:00.000Z,נמיביה,3,0,3
2021-09-25T00:00:00.000Z,נפאל,1,1,2
2021-09-25T00:00:00.000Z,סט. לוציה,0,1,1
2021-09-25T00:00:00.000Z,סינגפור,0,7,7
2021-09-25T00:00:00.000Z,סלובניה,11,4,15
2021-09-25T00:00:00.000Z,סנגל,0,1,1
2021-09-25T00:00:00.000Z,ספרד,106,32,138
2021-09-25T00:00:00.000Z,סרביה,6,2,8
2021-09-25T00:00:00.000Z,סרי לנקה (צילון),5,1,6
2021-09-25T00:00:00.000Z,פולין,197,66,263
2021-09-25T00:00:00.000Z,פולינזיה הצרפתית,1,0,1
2021-09-25T00:00:00.000Z,פורטוגל,25,16,41
2021-09-25T00:00:00.000Z,פינלנד,3,1,4
2021-09-25T00:00:00.000Z,פנמה,4,10,14
2021-09-25T00:00:00.000Z,פרגוואי,2,0,2
2021-09-25T00:00:00.000Z,פרו,6,6,12
2021-09-25T00:00:00.000Z,צכיה,572,155,727
2021-09-25T00:00:00.000Z,צרפת,481,204,685
2021-09-25T00:00:00.000Z,קולומביה,6,2,8
2021-09-25T00:00:00.000Z,קוסטה ריקה,8,4,12
2021-09-25T00:00:00.000Z,קוריאה הדרומית,0,6,6
2021-09-25T00:00:00.000Z,קזחסטאן,0,1,1
2021-09-25T00:00:00.000Z,קירג'זסטאן,3,0,3
2021-09-25T00:00:00.000Z,קנדה,92,92,184
2021-09-25T00:00:00.000Z,קניה,10,7,17
2021-09-25T00:00:00.000Z,קפריסין,264,162,426
2021-09-25T00:00:00.000Z,קרואטיה,28,10,38
2021-09-25T00:00:00.000Z,רואנדה,1,1,2
2021-09-25T00:00:00.000Z,רומניה,458,205,663
2021-09-25T00:00:00.000Z,רוסיה,35,29,64
2021-09-25T00:00:00.000Z,שוודיה,2,4,6
2021-09-25T00:00:00.000Z,שוויץ,138,43,181
2021-09-25T00:00:00.000Z,תאילנד,0,6,6
2021-09-25T00:00:00.000Z,תורכיה,61,66,127
2021-09-25T00:00:00.000Z,תורכמניסטאן,0,1,1
2021-09-25T00:00:00.000Z,ארצות הברית,1172,809,1981
2021-09-25T00:00:00.000Z,אבחזיסטאן,0,1,1
2021-09-25T00:00:00.000Z,אוגנדה,4,1,5
2021-09-25T00:00:00.000Z,אוזבקיסטן,2,8,10
2021-09-25T00:00:00.000Z,אוסטריה,437,172,609
2021-09-25T00:00:00.000Z,אוסטרליה,2,1,3
2021-09-25T00:00:00.000Z,אוקראינה,177,182,359
2021-09-25T00:00:00.000Z,אזרביג'אן,5,1,6
2021-09-25T00:00:00.000Z,איטליה,577,217,794
2021-09-25T00:00:00.000Z,איי סיישל,16,6,22
2021-09-26T00:00:00.000Z,אוזבקיסטן,0,3,3
2021-09-26T00:00:00.000Z,אקואדור,1,0,1
2021-09-26T00:00:00.000Z,תורכיה,54,66,120
2021-09-26T00:00:00.000Z,תוניסיה,0,6,6
2021-09-26T00:00:00.000Z,תאילנד,2,2,4
2021-09-26T00:00:00.000Z,שוויץ,471,248,719
2021-09-26T00:00:00.000Z,שוודיה,5,14,19
2021-09-26T00:00:00.000Z,רוסיה,149,263,412
2021-09-26T00:00:00.000Z,רומניה,266,77,343
2021-09-26T00:00:00.000Z,ראוניון,1,0,1
2021-09-26T00:00:00.000Z,קרואטיה,29,11,40
2021-09-26T00:00:00.000Z,קפריסין,986,511,1497
2021-09-26T00:00:00.000Z,קניה,1,0,1
2021-09-26T00:00:00.000Z,קנדה,103,78,181
2021-09-26T00:00:00.000Z,קירג'זסטאן,3,3,6
2021-09-26T00:00:00.000Z,קזחסטאן,2,1,3
2021-09-26T00:00:00.000Z,קוריאה הדרומית,3,3,6
2021-09-26T00:00:00.000Z,קוסטה ריקה,28,21,49
2021-09-26T00:00:00.000Z,קולומביה,4,5,9
2021-09-26T00:00:00.000Z,צרפת,645,417,1062
2021-09-26T00:00:00.000Z,צכיה,521,123,644
2021-09-26T00:00:00.000Z,פרו,0,11,11
2021-09-26T00:00:00.000Z,פקיסטן,0,1,1
2021-09-26T00:00:00.000Z,איחוד האמירויות הערב,312,168,480
2021-09-26T00:00:00.000Z,אוגנדה,2,0,2
2021-09-26T00:00:00.000Z,פנמה,2,14,16
2021-09-26T00:00:00.000Z,פינלנד,0,1,1
2021-09-26T00:00:00.000Z,פיליפינים,0,3,3
2021-09-26T00:00:00.000Z,פורטוגל,58,37,95
2021-09-26T00:00:00.000Z,פולינזיה הצרפתית,0,1,1
2021-09-26T00:00:00.000Z,פולין,319,95,414
2021-09-26T00:00:00.000Z,עומן,2,0,2
2021-09-26T00:00:00.000Z,סרי לנקה (צילון),2,1,3
2021-09-26T00:00:00.000Z,סרביה,7,3,10
2021-09-26T00:00:00.000Z,ספרד,329,130,459
2021-09-26T00:00:00.000Z,סן מרינו,1,1,2
2021-09-26T00:00:00.000Z,סלובקיה,2,1,3
2021-09-26T00:00:00.000Z,סינגפור,0,2,2
2021-09-26T00:00:00.000Z,סין,0,1,1
2021-09-26T00:00:00.000Z,סוריה,1,3,4
2021-09-26T00:00:00.000Z,ניגריה,3,2,5
2021-09-26T00:00:00.000Z,נורבגיה,2,10,12
2021-09-26T00:00:00.000Z,מרוקו,15,11,26
2021-09-26T00:00:00.000Z,מקסיקו,0,1,1
2021-09-26T00:00:00.000Z,מקדוניה,2,2,4
2021-09-26T00:00:00.000Z,מצרים,1700,1089,2789
2021-09-26T00:00:00.000Z,מלטה,0,3,3
2021-09-26T00:00:00.000Z,מלדיבים,91,26,117
2021-09-26T00:00:00.000Z,מיאנמר (בורמה),0,2,2
2021-09-26T00:00:00.000Z,מונטנגרו,170,25,195
2021-09-26T00:00:00.000Z,מולדובה,105,148,253
2021-09-26T00:00:00.000Z,מוזמביק,3,2,5
2021-09-26T00:00:00.000Z,ליטא,124,33,157
2021-09-26T00:00:00.000Z,לטביה,2,0,2
2021-09-26T00:00:00.000Z,לוכסמבורג,1,0,1
2021-09-26T00:00:00.000Z,כלל המדינות,18032,11305,29337
2021-09-26T00:00:00.000Z,כווית,1,0,1
2021-09-26T00:00:00.000Z,ירדן,682,484,1166
2021-09-26T00:00:00.000Z,יפן,0,3,3
2021-09-26T00:00:00.000Z,יוון,2586,920,3506
2021-09-26T00:00:00.000Z,טנזניה,1,0,1
2021-09-26T00:00:00.000Z,טובלו,1,0,1
2021-09-26T00:00:00.000Z,חוף השנהב,0,4,4
2021-09-26T00:00:00.000Z,זאיר,1,1,2
2021-09-26T00:00:00.000Z,ויטנאם,0,9,9
2021-09-26T00:00:00.000Z,הרפ הדומיניקנית,54,22,76
2021-09-26T00:00:00.000Z,הממלכה המאוחדת,660,327,987
2021-09-26T00:00:00.000Z,הונדורס,0,2,2
2021-09-26T00:00:00.000Z,הונגריה,869,232,1101
2021-09-26T00:00:00.000Z,הולנד,276,120,396
2021-09-26T00:00:00.000Z,הודו,4,0,4
2021-09-26T00:00:00.000Z,דרום אפריקה,7,10,17
2021-09-26T00:00:00.000Z,דנמרק,147,60,207
2021-09-26T00:00:00.000Z,גרמניה,642,289,931
2021-09-26T00:00:00.000Z,גווטאמלה,0,8,8
2021-09-26T00:00:00.000Z,גאורגיה,867,219,1086
2021-09-26T00:00:00.000Z,ברזיל,1,1,2
2021-09-26T00:00:00.000Z,בלגיה,75,75,150
2021-09-26T00:00:00.000Z,בילורוסיה,106,65,171
2021-09-26T00:00:00.000Z,בולגריה,11,32,43
2021-09-26T00:00:00.000Z,ארצות הברית,1349,1046,2395
2021-09-26T00:00:00.000Z,ארמניה,4,0,4
2021-09-26T00:00:00.000Z,ארגנטינה,6,8,14
2021-09-26T00:00:00.000Z,אסטוניה,0,1,1
2021-09-26T00:00:00.000Z,אנגולה,3,3,6
2021-09-26T00:00:00.000Z,אלבניה,10,3,13
2021-09-26T00:00:00.000Z,אירלנד,28,10,38
2021-09-26T00:00:00.000Z,איסלנד,54,15,69
2021-09-26T00:00:00.000Z,איי סיישל,349,159,508
2021-09-26T00:00:00.000Z,איטליה,767,257,1024
2021-09-26T00:00:00.000Z,אזרביג'אן,110,61,171
2021-09-26T00:00:00.000Z,אורגוואי,1,5,6
2021-09-26T00:00:00.000Z,אוקראינה,481,381,862
2021-09-26T00:00:00.000Z,אוסטרליה,3,7,10
2021-09-26T00:00:00.000Z,אוסטריה,595,191,786
2021-09-26T00:00:00.000Z,תורכמניסטאן,0,1,1
2021-09-27T00:00:00.000Z,ליטא,9,4,13
2021-09-27T00:00:00.000Z,איחוד האמירויות הערב,433,219,652
2021-09-27T00:00:00.000Z,תוניסיה,0,4,4
2021-09-27T00:00:00.000Z,תאילנד,133,87,220
2021-09-27T00:00:00.000Z,שוויץ,392,118,510
2021-09-27T00:00:00.000Z,שוודיה,2,1,3
2021-09-27T00:00:00.000Z,רוסיה,266,253,519
2021-09-27T00:00:00.000Z,רומניה,450,81,531
2021-09-27T00:00:00.000Z,קרואטיה,34,8,42
2021-09-27T00:00:00.000Z,קפריסין,377,160,537
2021-09-27T00:00:00.000Z,קניה,6,5,11
2021-09-27T00:00:00.000Z,קנדה,207,200,407
2021-09-27T00:00:00.000Z,קירג'זסטאן,24,5,29
2021-09-27T00:00:00.000Z,קזחסטאן,1,8,9
2021-09-27T00:00:00.000Z,קוריאה הדרומית,1,0,1
2021-09-27T00:00:00.000Z,קוסטה ריקה,25,19,44
2021-09-27T00:00:00.000Z,קולומביה,8,10,18
2021-09-27T00:00:00.000Z,קובה,2,0,2
2021-09-27T00:00:00.000Z,צרפת,962,350,1312
2021-09-27T00:00:00.000Z,צכיה,994,204,1198
2021-09-27T00:00:00.000Z,צ'ילה,1,5,6
2021-09-27T00:00:00.000Z,פרו,9,13,22
2021-09-27T00:00:00.000Z,פנמה,5,15,20
2021-09-27T00:00:00.000Z,פינלנד,13,6,19
2021-09-27T00:00:00.000Z,פיליפינים,0,1,1
2021-09-27T00:00:00.000Z,פורטוגל,130,60,190
2021-09-27T00:00:00.000Z,פולינזיה הצרפתית,1,0,1
2021-09-27T00:00:00.000Z,פולין,568,159,727
2021-09-27T00:00:00.000Z,סרי לנקה (צילון),4,3,7
2021-09-27T00:00:00.000Z,סרביה,94,31,125
2021-09-27T00:00:00.000Z,ספרד,531,139,670
2021-09-27T00:00:00.000Z,סלובקיה,144,54,198
2021-09-27T00:00:00.000Z,סלובניה,5,0,5
2021-09-27T00:00:00.000Z,סינגפור,0,4,4
2021-09-27T00:00:00.000Z,סומליה,0,1,1
2021-09-27T00:00:00.000Z,נפאל,1,0,1
2021-09-27T00:00:00.000Z,ניקרגואה,1,0,1
2021-09-27T00:00:00.000Z,ניגריה,0,4,4
2021-09-27T00:00:00.000Z,נורבגיה,6,1,7
2021-09-27T00:00:00.000Z,מרוקו,20,12,32
2021-09-27T00:00:00.000Z,מקסיקו,2,3,5
2021-09-27T00:00:00.000Z,מצרים,1859,900,2759
2021-09-27T00:00:00.000Z,מלדיבים,198,69,267
2021-09-27T00:00:00.000Z,מונקו,1,0,1
2021-09-27T00:00:00.000Z,מונטנגרו,428,92,520
2021-09-27T00:00:00.000Z,מולדובה,4,1,5
2021-09-27T00:00:00.000Z,מאלי,4,0,4
2021-09-27T00:00:00.000Z,תורכיה,86,34,120
2021-09-27T00:00:00.000Z,לטביה,2,0,2
2021-09-27T00:00:00.000Z,לוכסמבורג,1,1,2
2021-09-27T00:00:00.000Z,כלל המדינות,19508,10165,29673
2021-09-27T00:00:00.000Z,ירדן,245,126,371
2021-09-27T00:00:00.000Z,יפן,0,2,2
2021-09-27T00:00:00.000Z,יוון,2014,593,2607
2021-09-27T00:00:00.000Z,טנזניה,26,19,45
2021-09-27T00:00:00.000Z,טיוואן,0,1,1
2021-09-27T00:00:00.000Z,זאיר,1,0,1
2021-09-27T00:00:00.000Z,הרפ הדומיניקנית,6,5,11
2021-09-27T00:00:00.000Z,הממלכה המאוחדת,803,382,1185
2021-09-27T00:00:00.000Z,הונגריה,521,140,661
2021-09-27T00:00:00.000Z,הולנד,73,49,122
2021-09-27T00:00:00.000Z,הודו,16,125,141
2021-09-27T00:00:00.000Z,האנטילים ההולנדים,0,1,1
2021-09-27T00:00:00.000Z,דרום אפריקה,21,44,65
2021-09-27T00:00:00.000Z,דנמרק,38,11,49
2021-09-27T00:00:00.000Z,גרנדה,1,0,1
2021-09-27T00:00:00.000Z,גרמניה,762,224,986
2021-09-27T00:00:00.000Z,גווטאמלה,0,5,5
2021-09-27T00:00:00.000Z,גאנה,0,3,3
2021-09-27T00:00:00.000Z,גאורגיה,614,186,800
2021-09-27T00:00:00.000Z,ברזיל,0,2,2
2021-09-27T00:00:00.000Z,בלגיה,79,91,170
2021-09-27T00:00:00.000Z,בורקינה פאסו,2,0,2
2021-09-27T00:00:00.000Z,בוסניה הרצגובינה,20,11,31
2021-09-27T00:00:00.000Z,בולגריה,5,0,5
2021-09-27T00:00:00.000Z,בהמס,0,2,2
2021-09-27T00:00:00.000Z,אתיופיה,10,26,36
2021-09-27T00:00:00.000Z,ארצות הברית,2150,1410,3560
2021-09-27T00:00:00.000Z,ארמניה,10,2,12
2021-09-27T00:00:00.000Z,אקואדור,3,2,5
2021-09-27T00:00:00.000Z,אסטוניה,4,2,6
2021-09-27T00:00:00.000Z,אנגולה,2,1,3
2021-09-27T00:00:00.000Z,אלבניה,1,0,1
2021-09-27T00:00:00.000Z,אירלנד,7,6,13
2021-09-27T00:00:00.000Z,איסלנד,76,4,80
2021-09-27T00:00:00.000Z,איי סיישל,107,29,136
2021-09-27T00:00:00.000Z,איטליה,1123,283,1406
2021-09-27T00:00:00.000Z,אזרביג'אן,44,64,108
2021-09-27T00:00:00.000Z,אורגוואי,3,2,5
2021-09-27T00:00:00.000Z,אוקראינה,513,291,804
2021-09-27T00:00:00.000Z,אוסטרליה,7,5,12
2021-09-27T00:00:00.000Z,אוסטריה,1104,392,1496
2021-09-27T00:00:00.000Z,אוזבקיסטן,49,91,140
2021-09-27T00:00:00.000Z,אוגנדה,1,0,1
2021-09-27T00:00:00.000Z,אבחזיסטאן,2,0,2
2021-09-28T00:00:00.000Z,רואנדה,3,2,5
2021-09-28T00:00:00.000Z,רומניה,369,122,491
2021-09-28T00:00:00.000Z,רוסיה,185,212,397
2021-09-28T00:00:00.000Z,שוודיה,8,4,12
2021-09-28T00:00:00.000Z,שוויץ,250,76,326
2021-09-28T00:00:00.000Z,תאילנד,0,2,2
2021-09-28T00:00:00.000Z,תוניסיה,1,3,4
2021-09-28T00:00:00.000Z,תורכיה,75,42,117
2021-09-28T00:00:00.000Z,בוסניה הרצגובינה,15,7,22
2021-09-28T00:00:00.000Z,בלגיה,12,8,20
2021-09-28T00:00:00.000Z,ברזיל,1,1,2
2021-09-28T00:00:00.000Z,גאורגיה,465,107,572
2021-09-28T00:00:00.000Z,איחוד האמירויות הערב,204,84,288
2021-09-28T00:00:00.000Z,ארצות הברית,1262,539,1801
2021-09-28T00:00:00.000Z,ארמניה,4,0,4
2021-09-28T00:00:00.000Z,ארגנטינה,12,1,13
2021-09-28T00:00:00.000Z,אקואדור,3,0,3
2021-09-28T00:00:00.000Z,אסטוניה,3,3,6
2021-09-28T00:00:00.000Z,אנגולה,0,1,1
2021-09-28T00:00:00.000Z,אלבניה,12,1,13
2021-09-28T00:00:00.000Z,אל סלבדור,0,2,2
2021-09-28T00:00:00.000Z,אירלנד,17,4,21
2021-09-28T00:00:00.000Z,איסלנד,130,13,143
2021-09-28T00:00:00.000Z,איי קייפ וורדה,0,1,1
2021-09-28T00:00:00.000Z,איי סיישל,106,29,135
2021-09-28T00:00:00.000Z,איטליה,738,212,950
2021-09-28T00:00:00.000Z,אזרביג'אן,89,29,118
2021-09-28T00:00:00.000Z,אורגוואי,6,0,6
2021-09-28T00:00:00.000Z,אוקראינה,226,156,382
2021-09-28T00:00:00.000Z,אוסטרליה,0,1,1
2021-09-28T00:00:00.000Z,אוסטריה,496,146,642
2021-09-28T00:00:00.000Z,אוזבקיסטן,3,5,8
2021-09-28T00:00:00.000Z,אוגנדה,0,4,4
2021-09-28T00:00:00.000Z,בילורוסיה,0,1,1
2021-09-28T00:00:00.000Z,גאנה,0,1,1
2021-09-28T00:00:00.000Z,גווטאמלה,2,4,6
2021-09-28T00:00:00.000Z,בולגריה,2,0,2
2021-09-28T00:00:00.000Z,אתיופיה,8,16,24
2021-09-28T00:00:00.000Z,גרמניה,413,165,578
2021-09-28T00:00:00.000Z,דנמרק,29,8,37
2021-09-28T00:00:00.000Z,דרום אפריקה,20,8,28
2021-09-28T00:00:00.000Z,האנטילים ההולנדים,6,0,6
2021-09-28T00:00:00.000Z,הודו,2,3,5
2021-09-28T00:00:00.000Z,הולנד,133,43,176
2021-09-28T00:00:00.000Z,הונג קונג,0,25,25
2021-09-28T00:00:00.000Z,הונגריה,600,155,755
2021-09-28T00:00:00.000Z,הממלכה המאוחדת,223,75,298
2021-09-28T00:00:00.000Z,הרפ הדומיניקנית,25,6,31
2021-09-28T00:00:00.000Z,ויטנאם,0,1,1
2021-09-28T00:00:00.000Z,זימבאבווה,3,0,3
2021-09-28T00:00:00.000Z,חוף השנהב,1,0,1
2021-09-28T00:00:00.000Z,טוגו,0,3,3
2021-09-28T00:00:00.000Z,טנזניה,29,14,43
2021-09-28T00:00:00.000Z,יוון,2330,576,2906
2021-09-28T00:00:00.000Z,ירדן,224,118,342
2021-09-28T00:00:00.000Z,כלל המדינות,14628,7338,21966
2021-09-28T00:00:00.000Z,לטביה,65,19,84
2021-09-28T00:00:00.000Z,ליטא,17,7,24
2021-09-28T00:00:00.000Z,מאלי,1,0,1
2021-09-28T00:00:00.000Z,מולדובה,77,93,170
2021-09-28T00:00:00.000Z,מונטנגרו,8,3,11
2021-09-28T00:00:00.000Z,מלדיבים,81,23,104
2021-09-28T00:00:00.000Z,מלזיה,0,1,1
2021-09-28T00:00:00.000Z,מלטה,3,0,3
2021-09-28T00:00:00.000Z,מצרים,2859,1286,4145
2021-09-28T00:00:00.000Z,מקדוניה,1,1,2
2021-09-28T00:00:00.000Z,מקסיקו,1,3,4
2021-09-28T00:00:00.000Z,מרוקו,13,1,14
2021-09-28T00:00:00.000Z,נורבגיה,3,1,4
2021-09-28T00:00:00.000Z,ניגריה,1,0,1
2021-09-28T00:00:00.000Z,ניו זילנד,0,1,1
2021-09-28T00:00:00.000Z,נמיביה,4,3,7
2021-09-28T00:00:00.000Z,נפאל,3,2,5
2021-09-28T00:00:00.000Z,סין,0,81,81
2021-09-28T00:00:00.000Z,סינגפור,0,1,1
2021-09-28T00:00:00.000Z,סלובניה,13,0,13
2021-09-28T00:00:00.000Z,ספרד,545,144,689
2021-09-28T00:00:00.000Z,סרביה,18,4,22
2021-09-28T00:00:00.000Z,סרי לנקה (צילון),7,1,8
2021-09-28T00:00:00.000Z,ערב הסעודית,2,1,3
2021-09-28T00:00:00.000Z,פולין,246,54,300
2021-09-28T00:00:00.000Z,פורטוגל,49,16,65
2021-09-28T00:00:00.000Z,פיליפינים,0,6,6
2021-09-28T00:00:00.000Z,פינלנד,3,3,6
2021-09-28T00:00:00.000Z,פנמה,11,8,19
2021-09-28T00:00:00.000Z,פרגוואי,2,0,2
2021-09-28T00:00:00.000Z,פרו,19,13,32
2021-09-28T00:00:00.000Z,צכיה,518,123,641
2021-09-28T00:00:00.000Z,צרפת,591,184,775
2021-09-28T00:00:00.000Z,קובה,0,1,1
2021-09-28T00:00:00.000Z,קולומביה,2,6,8
2021-09-28T00:00:00.000Z,קוסטה ריקה,29,38,67
2021-09-28T00:00:00.000Z,קוריאה הדרומית,5,1,6
2021-09-28T00:00:00.000Z,קזחסטאן,0,1,1
2021-09-28T00:00:00.000Z,קירג'זסטאן,8,0,8
2021-09-28T00:00:00.000Z,קמרון,0,2,2
2021-09-28T00:00:00.000Z,קנדה,150,68,218
2021-09-28T00:00:00.000Z,קניה,13,8,21
2021-09-28T00:00:00.000Z,קפריסין,214,107,321
2021-09-28T00:00:00.000Z,קרואטיה,15,3,18
2021-09-29T00:00:00.000Z,סין,0,16,16
2021-09-29T00:00:00.000Z,בילורוסיה,97,67,164
2021-09-29T00:00:00.000Z,איחוד האמירויות הערב,293,135,428
2021-09-29T00:00:00.000Z,תורכמניסטאן,2,0,2
2021-09-29T00:00:00.000Z,תורכיה,42,41,83
2021-09-29T00:00:00.000Z,תאילנד,2,1,3
2021-09-29T00:00:00.000Z,שוויץ,152,47,199
2021-09-29T00:00:00.000Z,שוודיה,1,8,9
2021-09-29T00:00:00.000Z,רוסיה,149,189,338
2021-09-29T00:00:00.000Z,רומניה,435,200,635
2021-09-29T00:00:00.000Z,רואנדה,8,0,8
2021-09-29T00:00:00.000Z,קרואטיה,23,12,35
2021-09-29T00:00:00.000Z,קפריסין,623,324,947
2021-09-29T00:00:00.000Z,קניה,1,6,7
2021-09-29T00:00:00.000Z,קנדה,159,92,251
2021-09-29T00:00:00.000Z,קירג'זסטאן,18,1,19
2021-09-29T00:00:00.000Z,קזחסטאן,2,9,11
2021-09-29T00:00:00.000Z,קוריאה הדרומית,0,3,3
2021-09-29T00:00:00.000Z,קוסטה ריקה,44,39,83
2021-09-29T00:00:00.000Z,קולומביה,2,5,7
2021-09-29T00:00:00.000Z,צרפת,721,348,1069
2021-09-29T00:00:00.000Z,צכיה,725,158,883
2021-09-29T00:00:00.000Z,פרו,16,8,24
2021-09-29T00:00:00.000Z,פנמה,2,1,3
2021-09-29T00:00:00.000Z,פינלנד,55,28,83
2021-09-29T00:00:00.000Z,פיליפינים,0,22,22
2021-09-29T00:00:00.000Z,פורטוגל,66,28,94
2021-09-29T00:00:00.000Z,פורטו ריקו,1,0,1
2021-09-29T00:00:00.000Z,פולין,300,66,366
2021-09-29T00:00:00.000Z,סרי לנקה (צילון),6,2,8
2021-09-29T00:00:00.000Z,סרביה,5,3,8
2021-09-29T00:00:00.000Z,ספרד,391,136,527
2021-09-29T00:00:00.000Z,סלובקיה,175,33,208
2021-09-29T00:00:00.000Z,סלובניה,4,2,6
2021-09-29T00:00:00.000Z,סינגפור,0,5,5
2021-09-29T00:00:00.000Z,סוריה,5,11,16
2021-09-29T00:00:00.000Z,ניגריה,4,5,9
2021-09-29T00:00:00.000Z,נורבגיה,1,10,11
2021-09-29T00:00:00.000Z,מרוקו,10,17,27
2021-09-29T00:00:00.000Z,מקסיקו,0,2,2
2021-09-29T00:00:00.000Z,מקדוניה,1,0,1
2021-09-29T00:00:00.000Z,מצרים,1322,621,1943
2021-09-29T00:00:00.000Z,מלטה,1,0,1
2021-09-29T00:00:00.000Z,מלדיבים,69,25,94
2021-09-29T00:00:00.000Z,מונטנגרו,168,13,181
2021-09-29T00:00:00.000Z,מוזמביק,0,4,4
2021-09-29T00:00:00.000Z,מדגסקר,1,0,1
2021-09-29T00:00:00.000Z,מאלי,1,1,2
2021-09-29T00:00:00.000Z,מאוריציוס,0,3,3
2021-09-29T00:00:00.000Z,ליטא,29,4,33
2021-09-29T00:00:00.000Z,לוכסמבורג,2,0,2
2021-09-29T00:00:00.000Z,כלל המדינות,14715,8427,23142
2021-09-29T00:00:00.000Z,ירדן,112,102,214
2021-09-29T00:00:00.000Z,יפן,1,1,2
2021-09-29T00:00:00.000Z,יוון,1494,448,1942
2021-09-29T00:00:00.000Z,טנזניה,57,24,81
2021-09-29T00:00:00.000Z,טיוואן,0,3,3
2021-09-29T00:00:00.000Z,טג'יקיסטאן,0,1,1
2021-09-29T00:00:00.000Z,חוף השנהב,1,0,1
2021-09-29T00:00:00.000Z,זמביה,7,1,8
2021-09-29T00:00:00.000Z,זימבאבווה,9,0,9
2021-09-29T00:00:00.000Z,זאיר,0,2,2
2021-09-29T00:00:00.000Z,ונצואלה,0,1,1
2021-09-29T00:00:00.000Z,הרפ הדומיניקנית,3,3,6
2021-09-29T00:00:00.000Z,הממלכה המאוחדת,518,203,721
2021-09-29T00:00:00.000Z,הונגריה,433,145,578
2021-09-29T00:00:00.000Z,הונג קונג,0,1,1
2021-09-29T00:00:00.000Z,הולנד,234,91,325
2021-09-29T00:00:00.000Z,הודו,1,2,3
2021-09-29T00:00:00.000Z,דרום סודאן,1,0,1
2021-09-29T00:00:00.000Z,דרום אפריקה,40,12,52
2021-09-29T00:00:00.000Z,דנמרק,24,10,34
2021-09-29T00:00:00.000Z,דומיניקה,3,0,3
2021-09-29T00:00:00.000Z,גרמניה,586,253,839
2021-09-29T00:00:00.000Z,גמייקה,3,0,3
2021-09-29T00:00:00.000Z,גווטאמלה,1,3,4
2021-09-29T00:00:00.000Z,גאנה,0,1,1
2021-09-29T00:00:00.000Z,גאורגיה,354,112,466
2021-09-29T00:00:00.000Z,ברזיל,3,3,6
2021-09-29T00:00:00.000Z,בלגיה,7,8,15
2021-09-29T00:00:00.000Z,בוסניה הרצגובינה,10,5,15
2021-09-29T00:00:00.000Z,בולגריה,14,38,52
2021-09-29T00:00:00.000Z,בוטסואנה,1,0,1
2021-09-29T00:00:00.000Z,אתיופיה,37,26,63
2021-09-29T00:00:00.000Z,ארצות הברית,1605,775,2380
2021-09-29T00:00:00.000Z,ארמניה,4,5,9
2021-09-29T00:00:00.000Z,אקואדור,2,3,5
2021-09-29T00:00:00.000Z,אסטוניה,5,3,8
2021-09-29T00:00:00.000Z,אנגולה,2,2,4
2021-09-29T00:00:00.000Z,אירלנד,19,5,24
2021-09-29T00:00:00.000Z,איסלנד,45,15,60
2021-09-29T00:00:00.000Z,איי סיישל,95,60,155
2021-09-29T00:00:00.000Z,איי טורקס וקייקוס,4,0,4
2021-09-29T00:00:00.000Z,איי גילברט ואליס,2,0,2
2021-09-29T00:00:00.000Z,איטליה,1032,239,1271
2021-09-29T00:00:00.000Z,אזרביג'אן,8,0,8
2021-09-29T00:00:00.000Z,אורגוואי,0,1,1
2021-09-29T00:00:00.000Z,אוקראינה,459,355,814
2021-09-29T00:00:00.000Z,אוסטרליה,2,5,7
2021-09-29T00:00:00.000Z,אוסטריה,735,265,1000
2021-09-29T00:00:00.000Z,אוזבקיסטן,1,7,8
2021-09-29T00:00:00.000Z,אוגנדה,1,1,2
2021-09-30T00:00:00.000Z,לטביה,0,2,2
2021-09-30T00:00:00.000Z,דנמרק,109,55,164
2021-09-30T00:00:00.000Z,תורכיה,36,46,82
2021-09-30T00:00:00.000Z,תוניסיה,0,3,3
2021-09-30T00:00:00.000Z,תאילנד,0,2,2
2021-09-30T00:00:00.000Z,שוויץ,282,157,439
2021-09-30T00:00:00.000Z,שוודיה,15,20,35
2021-09-30T00:00:00.000Z,רוסיה,173,236,409
2021-09-30T00:00:00.000Z,רומניה,295,151,446
2021-09-30T00:00:00.000Z,רואנדה,10,5,15
2021-09-30T00:00:00.000Z,קרואטיה,7,4,11
2021-09-30T00:00:00.000Z,קפריסין,347,145,492
2021-09-30T00:00:00.000Z,קניה,14,6,20
2021-09-30T00:00:00.000Z,קנדה,112,88,200
2021-09-30T00:00:00.000Z,קירג'זסטאן,2,7,9
2021-09-30T00:00:00.000Z,קטר,1,0,1
2021-09-30T00:00:00.000Z,קזחסטאן,0,8,8
2021-09-30T00:00:00.000Z,קוריאה הדרומית,1,4,5
2021-09-30T00:00:00.000Z,קוסטה ריקה,31,20,51
2021-09-30T00:00:00.000Z,קולומביה,12,19,31
2021-09-30T00:00:00.000Z,צרפת,842,633,1475
2021-09-30T00:00:00.000Z,צכיה,634,160,794
2021-09-30T00:00:00.000Z,צ'ילה,1,6,7
2021-09-30T00:00:00.000Z,פרו,9,31,40
2021-09-30T00:00:00.000Z,פרגוואי,1,0,1
2021-09-30T00:00:00.000Z,פנמה,14,19,33
2021-09-30T00:00:00.000Z,פינלנד,4,1,5
2021-09-30T00:00:00.000Z,פיליפינים,0,1,1
2021-09-30T00:00:00.000Z,פורטוגל,102,31,133
2021-09-30T00:00:00.000Z,פולינזיה הצרפתית,0,1,1
2021-09-30T00:00:00.000Z,פולין,281,105,386
2021-09-30T00:00:00.000Z,סרי לנקה (צילון),7,17,24
2021-09-30T00:00:00.000Z,סרביה,2,1,3
2021-09-30T00:00:00.000Z,ספרד,389,143,532
2021-09-30T00:00:00.000Z,סלובקיה,0,2,2
2021-09-30T00:00:00.000Z,סלובניה,1,0,1
2021-09-30T00:00:00.000Z,סינגפור,0,8,8
2021-09-30T00:00:00.000Z,נפאל,1,0,1
2021-09-30T00:00:00.000Z,ניקרגואה,2,0,2
2021-09-30T00:00:00.000Z,ניו זילנד,2,2,4
2021-09-30T00:00:00.000Z,ניגריה,4,6,10
2021-09-30T00:00:00.000Z,נורבגיה,1,4,5
2021-09-30T00:00:00.000Z,מרוקו,271,77,348
2021-09-30T00:00:00.000Z,מקסיקו,2,1,3
2021-09-30T00:00:00.000Z,מקדוניה,3,0,3
2021-09-30T00:00:00.000Z,מקאו,1,0,1
2021-09-30T00:00:00.000Z,מצרים,800,402,1202
2021-09-30T00:00:00.000Z,מלטה,1,0,1
2021-09-30T00:00:00.000Z,מלדיבים,39,16,55
2021-09-30T00:00:00.000Z,מיאנמר (בורמה),0,1,1
2021-09-30T00:00:00.000Z,מונטנגרו,3,3,6
2021-09-30T00:00:00.000Z,מולדובה,84,144,228
2021-09-30T00:00:00.000Z,מאלי,1,1,2
2021-09-30T00:00:00.000Z,ליטא,123,34,157
2021-09-30T00:00:00.000Z,איחוד האמירויות הערב,272,158,430
2021-09-30T00:00:00.000Z,לבנון,0,3,3
2021-09-30T00:00:00.000Z,כלל המדינות,14893,10263,25156
2021-09-30T00:00:00.000Z,ירדן,170,125,295
2021-09-30T00:00:00.000Z,יפן,0,5,5
2021-09-30T00:00:00.000Z,יוון,1912,646,2558
2021-09-30T00:00:00.000Z,טנזניה,274,77,351
2021-09-30T00:00:00.000Z,טג'יקיסטאן,3,0,3
2021-09-30T00:00:00.000Z,חוף השנהב,1,1,2
2021-09-30T00:00:00.000Z,זימבאבווה,1,2,3
2021-09-30T00:00:00.000Z,זאיר,1,1,2
2021-09-30T00:00:00.000Z,הרפ הדומיניקנית,2,0,2
2021-09-30T00:00:00.000Z,הממלכה המאוחדת,635,379,1014
2021-09-30T00:00:00.000Z,הונדורס,0,1,1
2021-09-30T00:00:00.000Z,הונגריה,595,214,809
2021-09-30T00:00:00.000Z,הונג קונג,2,0,2
2021-09-30T00:00:00.000Z,הולנד,303,111,414
2021-09-30T00:00:00.000Z,הודו,3,7,10
2021-09-30T00:00:00.000Z,דרום סודאן,0,1,1
2021-09-30T00:00:00.000Z,דרום אפריקה,38,33,71
2021-09-30T00:00:00.000Z,אוגנדה,5,8,13
2021-09-30T00:00:00.000Z,אוזבקיסטן,5,5,10
2021-09-30T00:00:00.000Z,אוסטריה,354,205,559
2021-09-30T00:00:00.000Z,אוסטרליה,0,1,1
2021-09-30T00:00:00.000Z,אוקראינה,327,373,700
2021-09-30T00:00:00.000Z,אזרביג'אן,77,47,124
2021-09-30T00:00:00.000Z,איטליה,752,260,1012
2021-09-30T00:00:00.000Z,איי סיישל,94,27,121
2021-09-30T00:00:00.000Z,איסלנד,81,25,106
2021-09-30T00:00:00.000Z,אירלנד,15,5,20
2021-09-30T00:00:00.000Z,אל סלבדור,0,1,1
2021-09-30T00:00:00.000Z,אלבניה,123,12,135
2021-09-30T00:00:00.000Z,אנגולה,1,0,1
2021-09-30T00:00:00.000Z,אסטוניה,2,0,2
2021-09-30T00:00:00.000Z,ארגנטינה,6,10,16
2021-09-30T00:00:00.000Z,ארמניה,65,28,93
2021-09-30T00:00:00.000Z,ארצות הברית,1993,1559,3552
2021-09-30T00:00:00.000Z,אתיופיה,29,51,80
2021-09-30T00:00:00.000Z,בהמס,1,0,1
2021-09-30T00:00:00.000Z,בולגריה,5,2,7
2021-09-30T00:00:00.000Z,בוסניה הרצגובינה,6,1,7
2021-09-30T00:00:00.000Z,בורקינה פאסו,1,0,1
2021-09-30T00:00:00.000Z,בחריין,0,3,3
2021-09-30T00:00:00.000Z,בילורוסיה,99,75,174
2021-09-30T00:00:00.000Z,בלגיה,43,88,131
2021-09-30T00:00:00.000Z,ברזיל,4,9,13
2021-09-30T00:00:00.000Z,גאורגיה,669,275,944
2021-09-30T00:00:00.000Z,גאנה,0,3,3
2021-09-30T00:00:00.000Z,גבון,1,0,1
2021-09-30T00:00:00.000Z,גווטאמלה,5,12,17
2021-09-30T00:00:00.000Z,גויאנה,1,0,1
2021-09-30T00:00:00.000Z,גינאה המשוונית,0,1,1
2021-09-30T00:00:00.000Z,גרמניה,305,214,519
2021-10-01T00:00:00.000Z,גאנה,1,0,1
2021-10-01T00:00:00.000Z,הונגריה,373,130,503
2021-10-01T00:00:00.000Z,הממלכה המאוחדת,561,361,922
2021-10-01T00:00:00.000Z,הרפ הדומיניקנית,8,4,12
2021-10-01T00:00:00.000Z,ונצואלה,0,2,2
2021-10-01T00:00:00.000Z,חוף השנהב,0,1,1
2021-10-01T00:00:00.000Z,טוגו,1,0,1
2021-10-01T00:00:00.000Z,טנזניה,1,0,1
2021-10-01T00:00:00.000Z,יוון,793,270,1063
2021-10-01T00:00:00.000Z,יפן,0,5,5
2021-10-01T00:00:00.000Z,סרי לנקה (צילון),8,3,11
2021-10-01T00:00:00.000Z,סרביה,57,22,79
2021-10-01T00:00:00.000Z,ספרד,327,119,446
2021-10-01T00:00:00.000Z,סנגל,1,0,1
2021-10-01T00:00:00.000Z,סלובקיה,163,33,196
2021-10-01T00:00:00.000Z,סלובניה,6,2,8
2021-10-01T00:00:00.000Z,סינגפור,0,3,3
2021-10-01T00:00:00.000Z,סין,0,4,4
2021-10-01T00:00:00.000Z,ניו זילנד,0,4,4
2021-10-01T00:00:00.000Z,ניגריה,0,7,7
2021-10-01T00:00:00.000Z,נורבגיה,6,9,15
2021-10-01T00:00:00.000Z,מרוקו,11,14,25
2021-10-01T00:00:00.000Z,מקסיקו,4,1,5
2021-10-01T00:00:00.000Z,מקדוניה,1,0,1
2021-10-01T00:00:00.000Z,מצרים,785,352,1137
2021-10-01T00:00:00.000Z,מלדיבים,42,11,53
2021-10-01T00:00:00.000Z,מונטנגרו,160,29,189
2021-10-01T00:00:00.000Z,מולדובה,34,78,112
2021-10-01T00:00:00.000Z,ליטא,3,2,5
2021-10-01T00:00:00.000Z,לטביה,2,0,2
2021-10-01T00:00:00.000Z,לוכסמבורג,0,1,1
2021-10-01T00:00:00.000Z,כלל המדינות,12204,8213,20417
2021-10-01T00:00:00.000Z,כווית,1,0,1
2021-10-01T00:00:00.000Z,פורטוגל,35,11,46
2021-10-01T00:00:00.000Z,ירדן,4,3,7
2021-10-01T00:00:00.000Z,אבחזיסטאן,2,3,5
2021-10-01T00:00:00.000Z,אוזבקיסטן,4,6,10
2021-10-01T00:00:00.000Z,פינלנד,37,29,66
2021-10-01T00:00:00.000Z,פנמה,6,10,16
2021-10-01T00:00:00.000Z,פרו,15,8,23
2021-10-01T00:00:00.000Z,צ'ילה,0,1,1
2021-10-01T00:00:00.000Z,צכיה,713,237,950
2021-10-01T00:00:00.000Z,צרפת,532,318,850
2021-10-01T00:00:00.000Z,קולומביה,3,4,7
2021-10-01T00:00:00.000Z,קוסטה ריקה,86,52,138
2021-10-01T00:00:00.000Z,קוריאה הדרומית,0,7,7
2021-10-01T00:00:00.000Z,קזחסטאן,5,26,31
2021-10-01T00:00:00.000Z,קטר,0,1,1
2021-10-01T00:00:00.000Z,קירג'זסטאן,9,4,13
2021-10-01T00:00:00.000Z,קמבודיה,1,0,1
2021-10-01T00:00:00.000Z,קמרון,0,1,1
2021-10-01T00:00:00.000Z,קנדה,156,128,284
2021-10-01T00:00:00.000Z,קניה,3,5,8
2021-10-01T00:00:00.000Z,קפריסין,419,229,648
2021-10-01T00:00:00.000Z,קרואטיה,24,10,34
2021-10-01T00:00:00.000Z,רומניה,186,98,284
2021-10-01T00:00:00.000Z,רוסיה,252,293,545
2021-10-01T00:00:00.000Z,שוודיה,6,10,16
2021-10-01T00:00:00.000Z,שוויץ,241,129,370
2021-10-01T00:00:00.000Z,תאילנד,144,84,228
2021-10-01T00:00:00.000Z,תוניסיה,2,1,3
2021-10-01T00:00:00.000Z,תורכיה,80,66,146
2021-10-01T00:00:00.000Z,אוסטריה,758,284,1042
2021-10-01T00:00:00.000Z,אוסטרליה,1,2,3
2021-10-01T00:00:00.000Z,אוקראינה,341,331,672
2021-10-01T00:00:00.000Z,אורגוואי,3,1,4
2021-10-01T00:00:00.000Z,אזרביג'אן,52,7,59
2021-10-01T00:00:00.000Z,איטליה,740,253,993
2021-10-01T00:00:00.000Z,איסלנד,17,5,22
2021-10-01T00:00:00.000Z,אירלנד,8,4,12
2021-10-01T00:00:00.000Z,אלבניה,5,1,6
2021-10-01T00:00:00.000Z,אסטוניה,1,1,2
2021-10-01T00:00:00.000Z,אפגניסטן,2,0,2
2021-10-01T00:00:00.000Z,אקואדור,11,3,14
2021-10-01T00:00:00.000Z,ארגנטינה,13,12,25
2021-10-01T00:00:00.000Z,ארמניה,7,2,9
2021-10-01T00:00:00.000Z,ארצות הברית,1726,1539,3265
2021-10-01T00:00:00.000Z,בולגריה,2,5,7
2021-10-01T00:00:00.000Z,בוסניה הרצגובינה,18,24,42
2021-10-01T00:00:00.000Z,בחריין,26,2,28
2021-10-01T00:00:00.000Z,בילורוסיה,1,2,3
2021-10-01T00:00:00.000Z,בלגיה,78,96,174
2021-10-01T00:00:00.000Z,ברזיל,2,6,8
2021-10-01T00:00:00.000Z,פולין,205,77,282
2021-10-01T00:00:00.000Z,פיליפינים,1,1,2
2021-10-01T00:00:00.000Z,איחוד האמירויות הערב,88,39,127
2021-10-01T00:00:00.000Z,גאורגיה,284,131,415
2021-10-01T00:00:00.000Z,גווטאמלה,3,3,6
2021-10-01T00:00:00.000Z,גינאה,2,0,2
2021-10-01T00:00:00.000Z,גרמניה,753,266,1019
2021-10-01T00:00:00.000Z,גרנדה,0,1,1
2021-10-01T00:00:00.000Z,דנמרק,28,11,39
2021-10-01T00:00:00.000Z,דרום אפריקה,6,3,9
2021-10-01T00:00:00.000Z,הודו,12,9,21
2021-10-01T00:00:00.000Z,הולנד,167,108,275
2021-10-01T00:00:00.000Z,הונג קונג,0,1,1
2021-10-02T00:00:00.000Z,כלל המדינות,9026,5403,14429
2021-10-02T00:00:00.000Z,תאילנד,3,0,3
2021-10-02T00:00:00.000Z,רוסיה,23,37,60
2021-10-02T00:00:00.000Z,רומניה,508,198,706
2021-10-02T00:00:00.000Z,רואנדה,1,0,1
2021-10-02T00:00:00.000Z,קרואטיה,14,0,14
2021-10-02T00:00:00.000Z,קפריסין,392,188,580
2021-10-02T00:00:00.000Z,קניה,16,2,18
2021-10-02T00:00:00.000Z,קנדה,142,79,221
2021-10-02T00:00:00.000Z,קמרון,0,1,1
2021-10-02T00:00:00.000Z,קירג'זסטאן,3,1,4
2021-10-02T00:00:00.000Z,קוריאה הדרומית,0,18,18
2021-10-02T00:00:00.000Z,קוסטה ריקה,18,24,42
2021-10-02T00:00:00.000Z,קונגו,1,0,1
2021-10-02T00:00:00.000Z,קולומביה,24,13,37
2021-10-02T00:00:00.000Z,צרפת,433,116,549
2021-10-02T00:00:00.000Z,צכיה,546,101,647
2021-10-02T00:00:00.000Z,צאד,0,1,1
2021-10-02T00:00:00.000Z,פרו,10,9,19
2021-10-02T00:00:00.000Z,פקיסטן,0,1,1
2021-10-02T00:00:00.000Z,פנמה,13,16,29
2021-10-02T00:00:00.000Z,פינלנד,4,6,10
2021-10-02T00:00:00.000Z,פיליפינים,0,2,2
2021-10-02T00:00:00.000Z,פורטוגל,23,11,34
2021-10-02T00:00:00.000Z,פורטו ריקו,2,0,2
2021-10-02T00:00:00.000Z,פולין,188,57,245
2021-10-02T00:00:00.000Z,סרי לנקה (צילון),9,8,17
2021-10-02T00:00:00.000Z,סרביה,4,1,5
2021-10-02T00:00:00.000Z,ספרד,45,12,57
2021-10-02T00:00:00.000Z,סלובקיה,0,3,3
2021-10-02T00:00:00.000Z,סלובניה,5,4,9
2021-10-02T00:00:00.000Z,סינגפור,2,1,3
2021-10-02T00:00:00.000Z,סין,2,2,4
2021-10-02T00:00:00.000Z,נפאל,4,0,4
2021-10-02T00:00:00.000Z,נמיביה,0,2,2
2021-10-02T00:00:00.000Z,ניקרגואה,1,0,1
2021-10-02T00:00:00.000Z,ניו זילנד,0,4,4
2021-10-02T00:00:00.000Z,ניגריה,3,5,8
2021-10-02T00:00:00.000Z,נורבגיה,0,9,9
2021-10-02T00:00:00.000Z,מרוקו,2,8,10
2021-10-02T00:00:00.000Z,מקסיקו,4,3,7
2021-10-02T00:00:00.000Z,מקדוניה,1,0,1
2021-10-02T00:00:00.000Z,מצרים,1397,525,1922
2021-10-02T00:00:00.000Z,מלדיבים,33,13,46
2021-10-02T00:00:00.000Z,מונקו,2,0,2
2021-10-02T00:00:00.000Z,מונטנגרו,7,0,7
2021-10-02T00:00:00.000Z,מוזמביק,4,0,4
2021-10-02T00:00:00.000Z,מאוריציוס,1,0,1
2021-10-02T00:00:00.000Z,לסוטו,0,2,2
2021-10-02T00:00:00.000Z,ליטא,6,3,9
2021-10-02T00:00:00.000Z,לטביה,54,28,82
2021-10-02T00:00:00.000Z,לוכסמבורג,1,1,2
2021-10-02T00:00:00.000Z,שוודיה,2,16,18
2021-10-02T00:00:00.000Z,ירדן,7,10,17
2021-10-02T00:00:00.000Z,יפן,0,2,2
2021-10-02T00:00:00.000Z,יוון,819,242,1061
2021-10-02T00:00:00.000Z,טנזניה,30,4,34
2021-10-02T00:00:00.000Z,טיוואן,0,1,1
2021-10-02T00:00:00.000Z,חוף השנהב,3,0,3
2021-10-02T00:00:00.000Z,זמביה,1,0,1
2021-10-02T00:00:00.000Z,זאיר,1,1,2
2021-10-02T00:00:00.000Z,ונצואלה,0,1,1
2021-10-02T00:00:00.000Z,הרפ הדומיניקנית,12,3,15
2021-10-02T00:00:00.000Z,הממלכה המאוחדת,323,112,435
2021-10-02T00:00:00.000Z,הונגריה,250,80,330
2021-10-02T00:00:00.000Z,הונג קונג,0,1,1
2021-10-02T00:00:00.000Z,הולנד,171,73,244
2021-10-02T00:00:00.000Z,הודו,4,3,7
2021-10-02T00:00:00.000Z,האנטילים ההולנדים,1,1,2
2021-10-02T00:00:00.000Z,דרום סודאן,0,1,1
2021-10-02T00:00:00.000Z,דרום אפריקה,45,32,77
2021-10-02T00:00:00.000Z,דנמרק,5,5,10
2021-10-02T00:00:00.000Z,שוויץ,98,30,128
2021-10-02T00:00:00.000Z,תורכיה,38,34,72
2021-10-02T00:00:00.000Z,דומיניקה,2,5,7
2021-10-02T00:00:00.000Z,איחוד האמירויות הערב,156,73,229
2021-10-02T00:00:00.000Z,גרמניה,286,133,419
2021-10-02T00:00:00.000Z,גיברלטר,1,0,1
2021-10-02T00:00:00.000Z,גווטאמלה,4,2,6
2021-10-02T00:00:00.000Z,גבון,0,1,1
2021-10-02T00:00:00.000Z,גאנה,7,6,13
2021-10-02T00:00:00.000Z,גאורגיה,159,97,256
2021-10-02T00:00:00.000Z,ברזיל,0,4,4
2021-10-02T00:00:00.000Z,בלגיה,4,8,12
2021-10-02T00:00:00.000Z,בחריין,0,5,5
2021-10-02T00:00:00.000Z,בוסניה הרצגובינה,12,7,19
2021-10-02T00:00:00.000Z,בולגריה,2,0,2
2021-10-02T00:00:00.000Z,אתיופיה,45,49,94
2021-10-02T00:00:00.000Z,ארצות הברית,1178,728,1906
2021-10-02T00:00:00.000Z,ארמניה,5,4,9
2021-10-02T00:00:00.000Z,אקואדור,1,0,1
2021-10-02T00:00:00.000Z,אסטוניה,19,12,31
2021-10-02T00:00:00.000Z,אלבניה,1,2,3
2021-10-02T00:00:00.000Z,אירלנד,17,16,33
2021-10-02T00:00:00.000Z,איסלנד,72,12,84
2021-10-02T00:00:00.000Z,אינדונזיה,0,1,1
2021-10-02T00:00:00.000Z,איי סיישל,8,0,8
2021-10-02T00:00:00.000Z,איטליה,492,149,641
2021-10-02T00:00:00.000Z,אזרביג'אן,0,1,1
2021-10-02T00:00:00.000Z,אוקראינה,153,197,350
2021-10-02T00:00:00.000Z,אוסטרליה,1,0,1
2021-10-02T00:00:00.000Z,אוסטריה,398,132,530
2021-10-02T00:00:00.000Z,אוזבקיסטן,3,8,11
2021-10-02T00:00:00.000Z,אוגנדה,0,5,5
2021-10-03T00:00:00.000Z,ארמניה,3,1,4
2021-10-03T00:00:00.000Z,ארגנטינה,8,8,16
2021-10-03T00:00:00.000Z,אקואדור,0,2,2
2021-10-03T00:00:00.000Z,אנגולה,3,0,3
2021-10-03T00:00:00.000Z,אירלנד,1,10,11
2021-10-03T00:00:00.000Z,איסלנד,28,4,32
2021-10-03T00:00:00.000Z,איי סיישל,57,20,77
2021-10-03T00:00:00.000Z,איטליה,937,308,1245
2021-10-03T00:00:00.000Z,אזרביג'אן,71,40,111
2021-10-03T00:00:00.000Z,אורגוואי,3,1,4
2021-10-03T00:00:00.000Z,אוקראינה,170,266,436
2021-10-03T00:00:00.000Z,אוסטרליה,1,16,17
2021-10-03T00:00:00.000Z,אוסטריה,318,143,461
2021-10-03T00:00:00.000Z,אוזבקיסטן,7,8,15
2021-10-03T00:00:00.000Z,אוגנדה,3,0,3
2021-10-03T00:00:00.000Z,מולדובה,59,106,165
2021-10-03T00:00:00.000Z,מאלי,4,0,4
2021-10-03T00:00:00.000Z,מלטה,0,1,1
2021-10-03T00:00:00.000Z,מצרים,1340,552,1892
2021-10-03T00:00:00.000Z,מקאו,1,0,1
2021-10-03T00:00:00.000Z,מקסיקו,0,10,10
2021-10-03T00:00:00.000Z,מרוקו,15,9,24
2021-10-03T00:00:00.000Z,נורבגיה,3,10,13
2021-10-03T00:00:00.000Z,ניגריה,0,2,2
2021-10-03T00:00:00.000Z,ניקרגואה,1,0,1
2021-10-03T00:00:00.000Z,נפאל,3,0,3
2021-10-03T00:00:00.000Z,סיירה ליאונה,0,2,2
2021-10-03T00:00:00.000Z,סינגפור,2,3,5
2021-10-03T00:00:00.000Z,ספרד,297,111,408
2021-10-03T00:00:00.000Z,סרביה,15,18,33
2021-10-03T00:00:00.000Z,סרי לנקה (צילון),4,1,5
2021-10-03T00:00:00.000Z,עירק,0,2,2
2021-10-03T00:00:00.000Z,ערב הסעודית,2,1,3
2021-10-03T00:00:00.000Z,פולין,73,10,83
2021-10-03T00:00:00.000Z,פורטוגל,54,26,80
2021-10-03T00:00:00.000Z,פיליפינים,0,11,11
2021-10-03T00:00:00.000Z,ליטא,89,32,121
2021-10-03T00:00:00.000Z,פינלנד,0,1,1
2021-10-03T00:00:00.000Z,פנמה,7,9,16
2021-10-03T00:00:00.000Z,פרו,9,9,18
2021-10-03T00:00:00.000Z,צכיה,426,133,559
2021-10-03T00:00:00.000Z,צרפת,413,456,869
2021-10-03T00:00:00.000Z,קולומביה,9,9,18
2021-10-03T00:00:00.000Z,קוסטה ריקה,35,12,47
2021-10-03T00:00:00.000Z,לטביה,1,0,1
2021-10-03T00:00:00.000Z,איחוד האמירויות הערב,205,146,351
2021-10-03T00:00:00.000Z,כלל המדינות,12419,9574,21993
2021-10-03T00:00:00.000Z,ירדן,195,169,364
2021-10-03T00:00:00.000Z,יפן,1,6,7
2021-10-03T00:00:00.000Z,יוון,1484,404,1888
2021-10-03T00:00:00.000Z,חוף השנהב,2,1,3
2021-10-03T00:00:00.000Z,הרפ הדומיניקנית,24,12,36
2021-10-03T00:00:00.000Z,הממלכה המאוחדת,378,568,946
2021-10-03T00:00:00.000Z,הונגריה,498,160,658
2021-10-03T00:00:00.000Z,הונג קונג,0,2,2
2021-10-03T00:00:00.000Z,הולנד,288,134,422
2021-10-03T00:00:00.000Z,הודו,2,16,18
2021-10-03T00:00:00.000Z,דרום אפריקה,1,8,9
2021-10-03T00:00:00.000Z,דנמרק,73,47,120
2021-10-03T00:00:00.000Z,דומיניקה,0,1,1
2021-10-03T00:00:00.000Z,גרמניה,535,378,913
2021-10-03T00:00:00.000Z,גווטאמלה,3,3,6
2021-10-03T00:00:00.000Z,גאנה,0,3,3
2021-10-03T00:00:00.000Z,גאורגיה,489,182,671
2021-10-03T00:00:00.000Z,מונטנגרו,137,15,152
2021-10-03T00:00:00.000Z,ברזיל,0,4,4
2021-10-03T00:00:00.000Z,בלגיה,48,109,157
2021-10-03T00:00:00.000Z,בילורוסיה,76,85,161
2021-10-03T00:00:00.000Z,בוסניה הרצגובינה,2,2,4
2021-10-03T00:00:00.000Z,בוליביה,1,0,1
2021-10-03T00:00:00.000Z,בולגריה,17,51,68
2021-10-03T00:00:00.000Z,בהמס,2,0,2
2021-10-03T00:00:00.000Z,אתיופיה,1,1,2
2021-10-03T00:00:00.000Z,ארצות הברית,1394,1330,2724
2021-10-03T00:00:00.000Z,תורכיה,33,44,77
2021-10-03T00:00:00.000Z,תאילנד,2,1,3
2021-10-03T00:00:00.000Z,שוויץ,271,265,536
2021-10-03T00:00:00.000Z,שוודיה,2,2,4
2021-10-03T00:00:00.000Z,רוסיה,141,211,352
2021-10-03T00:00:00.000Z,רומניה,209,82,291
2021-10-03T00:00:00.000Z,קרואטיה,8,15,23
2021-10-03T00:00:00.000Z,קפריסין,554,180,734
2021-10-03T00:00:00.000Z,קניה,0,1,1
2021-10-03T00:00:00.000Z,קנדה,107,89,196
2021-10-03T00:00:00.000Z,קירג'זסטאן,1,1,2
2021-10-03T00:00:00.000Z,קטר,0,1,1
2021-10-03T00:00:00.000Z,קזחסטאן,2,0,2
2021-10-03T00:00:00.000Z,מלדיבים,14,13,27
2021-10-03T00:00:00.000Z,קוריאה הדרומית,5,8,13
2021-10-04T00:00:00.000Z,תורכמניסטאן,1,0,1
2021-10-04T00:00:00.000Z,אורגוואי,1,10,11
2021-10-04T00:00:00.000Z,איחוד האמירויות הערב,85,56,141
2021-10-04T00:00:00.000Z,ספרד,338,141,479
2021-10-04T00:00:00.000Z,סרביה,3,0,3
2021-10-04T00:00:00.000Z,סרי לנקה (צילון),2,2,4
2021-10-04T00:00:00.000Z,עירק,0,1,1
2021-10-04T00:00:00.000Z,פולין,223,84,307
2021-10-04T00:00:00.000Z,פורטוגל,97,59,156
2021-10-04T00:00:00.000Z,פיליפינים,0,1,1
2021-10-04T00:00:00.000Z,פינלנד,1,0,1
2021-10-04T00:00:00.000Z,פנמה,6,9,15
2021-10-04T00:00:00.000Z,פרו,5,9,14
2021-10-04T00:00:00.000Z,צ'ילה,1,5,6
2021-10-04T00:00:00.000Z,צכיה,408,77,485
2021-10-04T00:00:00.000Z,צרפת,427,532,959
2021-10-04T00:00:00.000Z,קולומביה,3,5,8
2021-10-04T00:00:00.000Z,קוסטה ריקה,14,12,26
2021-10-04T00:00:00.000Z,קזחסטאן,2,1,3
2021-10-04T00:00:00.000Z,קירג'זסטאן,4,2,6
2021-10-04T00:00:00.000Z,קמרון,0,2,2
2021-10-04T00:00:00.000Z,קנדה,70,135,205
2021-10-04T00:00:00.000Z,קניה,3,4,7
2021-10-04T00:00:00.000Z,קפריסין,343,100,443
2021-10-04T00:00:00.000Z,קרואטיה,15,2,17
2021-10-04T00:00:00.000Z,רואנדה,3,1,4
2021-10-04T00:00:00.000Z,רומניה,342,134,476
2021-10-04T00:00:00.000Z,רוסיה,231,457,688
2021-10-04T00:00:00.000Z,שוודיה,1,3,4
2021-10-04T00:00:00.000Z,שוויץ,144,138,282
2021-10-04T00:00:00.000Z,תאילנד,111,67,178
2021-10-04T00:00:00.000Z,תורכיה,32,97,129
2021-10-04T00:00:00.000Z,סינגפור,3,1,4
2021-10-04T00:00:00.000Z,סין,0,13,13
2021-10-04T00:00:00.000Z,סוריה,0,2,2
2021-10-04T00:00:00.000Z,ניגריה,0,6,6
2021-10-04T00:00:00.000Z,נורבגיה,2,5,7
2021-10-04T00:00:00.000Z,מרוקו,9,11,20
2021-10-04T00:00:00.000Z,מקסיקו,1,12,13
2021-10-04T00:00:00.000Z,מקאו,0,1,1
2021-10-04T00:00:00.000Z,מצרים,782,215,997
2021-10-04T00:00:00.000Z,מלדיבים,71,28,99
2021-10-04T00:00:00.000Z,מונטנגרו,44,13,57
2021-10-04T00:00:00.000Z,מולדובה,0,1,1
2021-10-04T00:00:00.000Z,מוזמביק,2,0,2
2021-10-04T00:00:00.000Z,מאלי,6,3,9
2021-10-04T00:00:00.000Z,ליטא,4,0,4
2021-10-04T00:00:00.000Z,ליבריה,0,1,1
2021-10-04T00:00:00.000Z,לטביה,2,4,6
2021-10-04T00:00:00.000Z,לוכסמבורג,0,2,2
2021-10-04T00:00:00.000Z,כלל המדינות,10003,11315,21318
2021-10-04T00:00:00.000Z,ירדן,60,96,156
2021-10-04T00:00:00.000Z,יפן,1,1,2
2021-10-04T00:00:00.000Z,יוון,628,162,790
2021-10-04T00:00:00.000Z,טנזניה,22,10,32
2021-10-04T00:00:00.000Z,טוגו,0,1,1
2021-10-04T00:00:00.000Z,זמביה,1,3,4
2021-10-04T00:00:00.000Z,זאיר,1,0,1
2021-10-04T00:00:00.000Z,ונצואלה,2,0,2
2021-10-04T00:00:00.000Z,הרפ הדומיניקנית,4,0,4
2021-10-04T00:00:00.000Z,הממלכה המאוחדת,452,733,1185
2021-10-04T00:00:00.000Z,הונדורס,2,0,2
2021-10-04T00:00:00.000Z,הונגריה,332,104,436
2021-10-04T00:00:00.000Z,הונג קונג,0,1,1
2021-10-04T00:00:00.000Z,הולנד,175,80,255
2021-10-04T00:00:00.000Z,הודו,46,162,208
2021-10-04T00:00:00.000Z,דרום אפריקה,18,43,61
2021-10-04T00:00:00.000Z,דנמרק,11,28,39
2021-10-04T00:00:00.000Z,גרמניה,366,233,599
2021-10-04T00:00:00.000Z,גיברלטר,1,0,1
2021-10-04T00:00:00.000Z,גווטאמלה,4,3,7
2021-10-04T00:00:00.000Z,גאנה,2,6,8
2021-10-04T00:00:00.000Z,גאורגיה,336,117,453
2021-10-04T00:00:00.000Z,ברזיל,1,9,10
2021-10-04T00:00:00.000Z,ברבדוס,0,1,1
2021-10-04T00:00:00.000Z,בלגיה,78,227,305
2021-10-04T00:00:00.000Z,בילורוסיה,45,55,100
2021-10-04T00:00:00.000Z,בחריין,34,11,45
2021-10-04T00:00:00.000Z,בוסניה הרצגובינה,10,20,30
2021-10-04T00:00:00.000Z,בולגריה,1,0,1
2021-10-04T00:00:00.000Z,בהמס,0,1,1
2021-10-04T00:00:00.000Z,אתיופיה,26,29,55
2021-10-04T00:00:00.000Z,ארצות הברית,1096,2974,4070
2021-10-04T00:00:00.000Z,ארמניה,1,3,4
2021-10-04T00:00:00.000Z,אריתראה,0,1,1
2021-10-04T00:00:00.000Z,ארגנטינה,0,4,4
2021-10-04T00:00:00.000Z,אקואדור,4,3,7
2021-10-04T00:00:00.000Z,אסטוניה,0,2,2
2021-10-04T00:00:00.000Z,אנגולה,1,2,3
2021-10-04T00:00:00.000Z,אלבניה,9,0,9
2021-10-04T00:00:00.000Z,אל סלבדור,0,1,1
2021-10-04T00:00:00.000Z,אירלנד,2,4,6
2021-10-04T00:00:00.000Z,איסלנד,22,0,22
2021-10-04T00:00:00.000Z,איי טורקס וקייקוס,0,1,1
2021-10-04T00:00:00.000Z,איטליה,651,232,883
2021-10-04T00:00:00.000Z,אזרביג'אן,0,1,1
2021-10-04T00:00:00.000Z,אבחזיסטאן,0,2,2
2021-10-04T00:00:00.000Z,אוקראינה,302,531,833
2021-10-04T00:00:00.000Z,אוסטרליה,3,7,10
2021-10-04T00:00:00.000Z,אוסטריה,716,277,993
2021-10-04T00:00:00.000Z,אוזבקיסטן,44,156,200
2021-10-04T00:00:00.000Z,אוגנדה,0,1,1
2021-10-05T00:00:00.000Z,לבנון,3,3,6
2021-10-05T00:00:00.000Z,איחוד האמירויות הערב,101,57,158
2021-10-05T00:00:00.000Z,שוויץ,132,111,243
2021-10-05T00:00:00.000Z,שוודיה,3,6,9
2021-10-05T00:00:00.000Z,רוסיה,126,329,455
2021-10-05T00:00:00.000Z,רומניה,80,28,108
2021-10-05T00:00:00.000Z,רואנדה,0,6,6
2021-10-05T00:00:00.000Z,קרואטיה,3,1,4
2021-10-05T00:00:00.000Z,קפריסין,187,90,277
2021-10-05T00:00:00.000Z,קניה,3,12,15
2021-10-05T00:00:00.000Z,קנדה,164,275,439
2021-10-05T00:00:00.000Z,קמרון,0,3,3
2021-10-05T00:00:00.000Z,קטר,0,1,1
2021-10-05T00:00:00.000Z,קזחסטאן,1,6,7
2021-10-05T00:00:00.000Z,קוריאה הדרומית,0,1,1
2021-10-05T00:00:00.000Z,קוסטה ריקה,17,21,38
2021-10-05T00:00:00.000Z,קולומביה,8,6,14
2021-10-05T00:00:00.000Z,צרפת,441,602,1043
2021-10-05T00:00:00.000Z,צכיה,283,39,322
2021-10-05T00:00:00.000Z,צ'ילה,0,3,3
2021-10-05T00:00:00.000Z,צאד,0,1,1
2021-10-05T00:00:00.000Z,פרו,12,22,34
2021-10-05T00:00:00.000Z,פרגוואי,0,1,1
2021-10-05T00:00:00.000Z,פנמה,3,14,17
2021-10-05T00:00:00.000Z,פינלנד,1,1,2
2021-10-05T00:00:00.000Z,פיליפינים,0,1,1
2021-10-05T00:00:00.000Z,פורטוגל,22,5,27
2021-10-05T00:00:00.000Z,פולינזיה הצרפתית,2,0,2
2021-10-05T00:00:00.000Z,פולין,156,76,232
2021-10-05T00:00:00.000Z,סרי לנקה (צילון),1,1,2
2021-10-05T00:00:00.000Z,סרביה,4,1,5
2021-10-05T00:00:00.000Z,ספרד,221,103,324
2021-10-05T00:00:00.000Z,סין,0,1,1
2021-10-05T00:00:00.000Z,נפאל,4,3,7
2021-10-05T00:00:00.000Z,ניגריה,1,6,7
2021-10-05T00:00:00.000Z,נורבגיה,1,3,4
2021-10-05T00:00:00.000Z,מרוקו,50,40,90
2021-10-05T00:00:00.000Z,מקסיקו,3,39,42
2021-10-05T00:00:00.000Z,מקדוניה,0,1,1
2021-10-05T00:00:00.000Z,מצרים,623,291,914
2021-10-05T00:00:00.000Z,מלדיבים,8,3,11
2021-10-05T00:00:00.000Z,מונטנגרו,3,0,3
2021-10-05T00:00:00.000Z,מולדובה,20,72,92
2021-10-05T00:00:00.000Z,ליטא,4,1,5
2021-10-05T00:00:00.000Z,לטביה,35,38,73
2021-10-05T00:00:00.000Z,תורכיה,29,72,101
2021-10-05T00:00:00.000Z,כלל המדינות,6670,9461,16131
2021-10-05T00:00:00.000Z,ירדן,32,36,68
2021-10-05T00:00:00.000Z,יפן,0,1,1
2021-10-05T00:00:00.000Z,יוון,576,144,720
2021-10-05T00:00:00.000Z,טנזניה,3,9,12
2021-10-05T00:00:00.000Z,טג'יקיסטאן,1,1,2
2021-10-05T00:00:00.000Z,חוף השנהב,1,0,1
2021-10-05T00:00:00.000Z,זמביה,1,0,1
2021-10-05T00:00:00.000Z,ונצואלה,0,1,1
2021-10-05T00:00:00.000Z,הרפ הדומיניקנית,9,5,14
2021-10-05T00:00:00.000Z,הממלכה המאוחדת,185,465,650
2021-10-05T00:00:00.000Z,הונגריה,332,125,457
2021-10-05T00:00:00.000Z,הולנד,37,30,67
2021-10-05T00:00:00.000Z,הודו,4,4,8
2021-10-05T00:00:00.000Z,דרום אפריקה,21,54,75
2021-10-05T00:00:00.000Z,דנמרק,9,1,10
2021-10-05T00:00:00.000Z,גרנדה,1,0,1
2021-10-05T00:00:00.000Z,גרמניה,339,199,538
2021-10-05T00:00:00.000Z,גווטאמלה,0,2,2
2021-10-05T00:00:00.000Z,גאנה,0,2,2
2021-10-05T00:00:00.000Z,גאורגיה,124,73,197
2021-10-05T00:00:00.000Z,ברזיל,0,4,4
2021-10-05T00:00:00.000Z,ברבדוס,0,1,1
2021-10-05T00:00:00.000Z,בלגיה,6,32,38
2021-10-05T00:00:00.000Z,בילורוסיה,39,47,86
2021-10-05T00:00:00.000Z,בולגריה,1,1,2
2021-10-05T00:00:00.000Z,אתיופיה,21,25,46
2021-10-05T00:00:00.000Z,ארצות הברית,901,2992,3893
2021-10-05T00:00:00.000Z,ארמניה,0,3,3
2021-10-05T00:00:00.000Z,ארגנטינה,12,69,81
2021-10-05T00:00:00.000Z,אקואדור,0,4,4
2021-10-05T00:00:00.000Z,אסטוניה,3,6,9
2021-10-05T00:00:00.000Z,אנגולה,1,3,4
2021-10-05T00:00:00.000Z,אלבניה,5,5,10
2021-10-05T00:00:00.000Z,אל סלבדור,0,1,1
2021-10-05T00:00:00.000Z,אירלנד,7,4,11
2021-10-05T00:00:00.000Z,איסלנד,20,3,23
2021-10-05T00:00:00.000Z,איטליה,218,87,305
2021-10-05T00:00:00.000Z,אזרביג'אן,33,19,52
2021-10-05T00:00:00.000Z,אורגוואי,1,18,19
2021-10-05T00:00:00.000Z,אוקראינה,239,322,561
2021-10-05T00:00:00.000Z,אוסטרליה,3,3,6
2021-10-05T00:00:00.000Z,אוסטריה,290,119,409
2021-10-05T00:00:00.000Z,אוזבקיסטן,3,2,5
2021-10-05T00:00:00.000Z,אוגנדה,0,4,4
2021-10-06T00:00:00.000Z,אוזבקיסטן,0,1,1
2021-10-06T00:00:00.000Z,תורכמניסטאן,1,0,1
2021-10-06T00:00:00.000Z,אוגנדה,1,4,5
2021-10-06T00:00:00.000Z,איחוד האמירויות הערב,151,100,251
2021-10-06T00:00:00.000Z,תורכיה,51,67,118
2021-10-06T00:00:00.000Z,תאילנד,2,4,6
2021-10-06T00:00:00.000Z,שוויץ,80,109,189
2021-10-06T00:00:00.000Z,שוודיה,1,6,7
2021-10-06T00:00:00.000Z,רוסיה,107,199,306
2021-10-06T00:00:00.000Z,רומניה,167,59,226
2021-10-06T00:00:00.000Z,רואנדה,0,1,1
2021-10-06T00:00:00.000Z,קרואטיה,3,2,5
2021-10-06T00:00:00.000Z,קפריסין,302,138,440
2021-10-06T00:00:00.000Z,קניה,1,2,3
2021-10-06T00:00:00.000Z,קנדה,78,140,218
2021-10-06T00:00:00.000Z,קירג'זסטאן,1,1,2
2021-10-06T00:00:00.000Z,קזחסטאן,1,2,3
2021-10-06T00:00:00.000Z,קוריאה הדרומית,0,6,6
2021-10-06T00:00:00.000Z,קוסטה ריקה,21,20,41
2021-10-06T00:00:00.000Z,קוסובו,2,0,2
2021-10-06T00:00:00.000Z,קולומביה,1,2,3
2021-10-06T00:00:00.000Z,צרפת,381,543,924
2021-10-06T00:00:00.000Z,צכיה,218,44,262
2021-10-06T00:00:00.000Z,פרו,2,9,11
2021-10-06T00:00:00.000Z,פנמה,6,26,32
2021-10-06T00:00:00.000Z,פינלנד,24,15,39
2021-10-06T00:00:00.000Z,פיליפינים,0,27,27
2021-10-06T00:00:00.000Z,פורטוגל,40,25,65
2021-10-06T00:00:00.000Z,פולין,73,77,150
2021-10-06T00:00:00.000Z,ערב הסעודית,1,0,1
2021-10-06T00:00:00.000Z,סרי לנקה (צילון),9,10,19
2021-10-06T00:00:00.000Z,סרביה,1,26,27
2021-10-06T00:00:00.000Z,ספרד,178,35,213
2021-10-06T00:00:00.000Z,סינגפור,0,9,9
2021-10-06T00:00:00.000Z,סין,0,8,8
2021-10-06T00:00:00.000Z,סוריה,2,7,9
2021-10-06T00:00:00.000Z,נפאל,2,0,2
2021-10-06T00:00:00.000Z,ניגריה,0,4,4
2021-10-06T00:00:00.000Z,נורבגיה,0,7,7
2021-10-06T00:00:00.000Z,מרוקו,3,10,13
2021-10-06T00:00:00.000Z,מקסיקו,0,9,9
2021-10-06T00:00:00.000Z,מצרים,793,274,1067
2021-10-06T00:00:00.000Z,מלטה,1,1,2
2021-10-06T00:00:00.000Z,מלדיבים,8,5,13
2021-10-06T00:00:00.000Z,מונטנגרו,37,7,44
2021-10-06T00:00:00.000Z,מוזמביק,1,1,2
2021-10-06T00:00:00.000Z,מאוריציוס,1,0,1
2021-10-06T00:00:00.000Z,ליטא,2,1,3
2021-10-06T00:00:00.000Z,ליבריה,0,1,1
2021-10-06T00:00:00.000Z,כלל המדינות,6505,9175,15680
2021-10-06T00:00:00.000Z,ירדן,50,58,108
2021-10-06T00:00:00.000Z,יפן,1,3,4
2021-10-06T00:00:00.000Z,יוון,457,194,651
2021-10-06T00:00:00.000Z,טנזניה,99,22,121
2021-10-06T00:00:00.000Z,טיוואן,0,2,2
2021-10-06T00:00:00.000Z,זאיר,0,1,1
2021-10-06T00:00:00.000Z,ונצואלה,1,6,7
2021-10-06T00:00:00.000Z,הרפ הדומיניקנית,2,0,2
2021-10-06T00:00:00.000Z,הממלכה המאוחדת,242,691,933
2021-10-06T00:00:00.000Z,הונגריה,289,181,470
2021-10-06T00:00:00.000Z,הולנד,109,74,183
2021-10-06T00:00:00.000Z,הודו,0,10,10
2021-10-06T00:00:00.000Z,דרום אפריקה,13,17,30
2021-10-06T00:00:00.000Z,דנמרק,5,2,7
2021-10-06T00:00:00.000Z,דומיניקה,1,0,1
2021-10-06T00:00:00.000Z,גרמניה,272,261,533
2021-10-06T00:00:00.000Z,גויאנה הצרפתית,2,0,2
2021-10-06T00:00:00.000Z,גווטאמלה,0,2,2
2021-10-06T00:00:00.000Z,גבון,0,3,3
2021-10-06T00:00:00.000Z,גאנה,1,1,2
2021-10-06T00:00:00.000Z,גאורגיה,165,74,239
2021-10-06T00:00:00.000Z,ברזיל,8,19,27
2021-10-06T00:00:00.000Z,בלגיה,6,35,41
2021-10-06T00:00:00.000Z,בילורוסיה,20,67,87
2021-10-06T00:00:00.000Z,בחריין,1,0,1
2021-10-06T00:00:00.000Z,בורקינה פאסו,1,0,1
2021-10-06T00:00:00.000Z,בוסניה הרצגובינה,7,15,22
2021-10-06T00:00:00.000Z,בולגריה,20,46,66
2021-10-06T00:00:00.000Z,אתיופיה,15,25,40
2021-10-06T00:00:00.000Z,ארצות הברית,681,2491,3172
2021-10-06T00:00:00.000Z,ארמניה,2,1,3
2021-10-06T00:00:00.000Z,ארגנטינה,0,2,2
2021-10-06T00:00:00.000Z,אקואדור,0,3,3
2021-10-06T00:00:00.000Z,אסטוניה,5,1,6
2021-10-06T00:00:00.000Z,אנגולה,2,0,2
2021-10-06T00:00:00.000Z,אלבניה,0,1,1
2021-10-06T00:00:00.000Z,אירלנד,6,3,9
2021-10-06T00:00:00.000Z,איסלנד,9,1,10
2021-10-06T00:00:00.000Z,איי סיישל,68,13,81
2021-10-06T00:00:00.000Z,איי טורקס וקייקוס,1,0,1
2021-10-06T00:00:00.000Z,איטליה,287,123,410
2021-10-06T00:00:00.000Z,אזרביג'אן,3,2,5
2021-10-06T00:00:00.000Z,אוקראינה,142,306,448
2021-10-06T00:00:00.000Z,אוסטרליה,0,16,16
2021-10-06T00:00:00.000Z,אוסטריה,288,135,423
2021-10-07T00:00:00.000Z,לוכסמבורג,0,1,1
2021-10-07T00:00:00.000Z,אוגנדה,1,0,1
2021-10-07T00:00:00.000Z,תורכיה,75,140,215
2021-10-07T00:00:00.000Z,תוניסיה,0,2,2
2021-10-07T00:00:00.000Z,שוויץ,110,75,185
2021-10-07T00:00:00.000Z,שוודיה,2,14,16
2021-10-07T00:00:00.000Z,רוסיה,121,345,466
2021-10-07T00:00:00.000Z,רומניה,311,135,446
2021-10-07T00:00:00.000Z,רואנדה,2,1,3
2021-10-07T00:00:00.000Z,קרואטיה,0,1,1
2021-10-07T00:00:00.000Z,קפריסין,486,150,636
2021-10-07T00:00:00.000Z,קניה,0,5,5
2021-10-07T00:00:00.000Z,קנדה,76,136,212
2021-10-07T00:00:00.000Z,קמרון,0,1,1
2021-10-07T00:00:00.000Z,קירג'זסטאן,1,0,1
2021-10-07T00:00:00.000Z,קטר,1,2,3
2021-10-07T00:00:00.000Z,קזחסטאן,1,1,2
2021-10-07T00:00:00.000Z,קוריאה הדרומית,1,1,2
2021-10-07T00:00:00.000Z,קוסטה ריקה,10,15,25
2021-10-07T00:00:00.000Z,קוסובו,1,0,1
2021-10-07T00:00:00.000Z,קונגו,1,0,1
2021-10-07T00:00:00.000Z,קולומביה,8,13,21
2021-10-07T00:00:00.000Z,צרפת,500,566,1066
2021-10-07T00:00:00.000Z,צכיה,340,58,398
2021-10-07T00:00:00.000Z,צ'ילה,1,5,6
2021-10-07T00:00:00.000Z,צאד,1,0,1
2021-10-07T00:00:00.000Z,פרו,3,27,30
2021-10-07T00:00:00.000Z,פנמה,4,17,21
2021-10-07T00:00:00.000Z,פינלנד,4,2,6
2021-10-07T00:00:00.000Z,פיליפינים,0,10,10
2021-10-07T00:00:00.000Z,פורטוגל,124,34,158
2021-10-07T00:00:00.000Z,פולין,56,68,124
2021-10-07T00:00:00.000Z,סרי לנקה (צילון),0,3,3
2021-10-07T00:00:00.000Z,סרביה,45,47,92
2021-10-07T00:00:00.000Z,ספרד,296,169,465
2021-10-07T00:00:00.000Z,סלובקיה,1,0,1
2021-10-07T00:00:00.000Z,סינגפור,0,6,6
2021-10-07T00:00:00.000Z,סין,0,115,115
2021-10-07T00:00:00.000Z,נפאל,1,0,1
2021-10-07T00:00:00.000Z,נמיביה,0,3,3
2021-10-07T00:00:00.000Z,ניו זילנד,0,1,1
2021-10-07T00:00:00.000Z,ניגריה,2,6,8
2021-10-07T00:00:00.000Z,נורבגיה,0,1,1
2021-10-07T00:00:00.000Z,מרוקו,67,45,112
2021-10-07T00:00:00.000Z,מקסיקו,5,9,14
2021-10-07T00:00:00.000Z,מצרים,1062,452,1514
2021-10-07T00:00:00.000Z,מלדיבים,13,1,14
2021-10-07T00:00:00.000Z,מונטנגרו,66,14,80
2021-10-07T00:00:00.000Z,מונגוליה,0,1,1
2021-10-07T00:00:00.000Z,מולדובה,42,89,131
2021-10-07T00:00:00.000Z,ליטא,87,28,115
2021-10-07T00:00:00.000Z,לטביה,0,1,1
2021-10-07T00:00:00.000Z,אוזבקיסטן,3,21,24
2021-10-07T00:00:00.000Z,לאוס,1,0,1
2021-10-07T00:00:00.000Z,כלל המדינות,9968,10463,20431
2021-10-07T00:00:00.000Z,ירדן,198,114,312
2021-10-07T00:00:00.000Z,יפן,3,4,7
2021-10-07T00:00:00.000Z,יוון,845,294,1139
2021-10-07T00:00:00.000Z,טנזניה,7,3,10
2021-10-07T00:00:00.000Z,טוגו,3,1,4
2021-10-07T00:00:00.000Z,חוף השנהב,1,1,2
2021-10-07T00:00:00.000Z,זמביה,2,0,2
2021-10-07T00:00:00.000Z,זימבאבווה,1,0,1
2021-10-07T00:00:00.000Z,זאיר,1,1,2
2021-10-07T00:00:00.000Z,ונצואלה,1,1,2
2021-10-07T00:00:00.000Z,ויטנאם,0,1,1
2021-10-07T00:00:00.000Z,הרפ הדומיניקנית,7,2,9
2021-10-07T00:00:00.000Z,הממלכה המאוחדת,340,726,1066
2021-10-07T00:00:00.000Z,הונדורס,0,1,1
2021-10-07T00:00:00.000Z,הונגריה,378,178,556
2021-10-07T00:00:00.000Z,הונג קונג,1,36,37
2021-10-07T00:00:00.000Z,הולנד,336,102,438
2021-10-07T00:00:00.000Z,הודו,6,6,12
2021-10-07T00:00:00.000Z,דרום אפריקה,35,55,90
2021-10-07T00:00:00.000Z,דנמרק,73,58,131
2021-10-07T00:00:00.000Z,גרנדה,0,1,1
2021-10-07T00:00:00.000Z,גרמניה,150,99,249
2021-10-07T00:00:00.000Z,גינאה,0,1,1
2021-10-07T00:00:00.000Z,גיברלטר,1,0,1
2021-10-07T00:00:00.000Z,גווטאמלה,1,6,7
2021-10-07T00:00:00.000Z,גאנה,3,41,44
2021-10-07T00:00:00.000Z,גאורגיה,410,131,541
2021-10-07T00:00:00.000Z,ברזיל,3,25,28
2021-10-07T00:00:00.000Z,בלגיה,34,115,149
2021-10-07T00:00:00.000Z,בילורוסיה,53,87,140
2021-10-07T00:00:00.000Z,בחריין,43,18,61
2021-10-07T00:00:00.000Z,בוסניה הרצגובינה,3,1,4
2021-10-07T00:00:00.000Z,בוטסואנה,2,0,2
2021-10-07T00:00:00.000Z,אתיופיה,23,25,48
2021-10-07T00:00:00.000Z,ארצות הברית,825,2132,2957
2021-10-07T00:00:00.000Z,ארמניה,8,5,13
2021-10-07T00:00:00.000Z,ארגנטינה,4,80,84
2021-10-07T00:00:00.000Z,אקואדור,11,5,16
2021-10-07T00:00:00.000Z,אסטוניה,1,0,1
2021-10-07T00:00:00.000Z,אנגולה,1,0,1
2021-10-07T00:00:00.000Z,אירלנד,4,0,4
2021-10-07T00:00:00.000Z,איסלנד,15,4,19
2021-10-07T00:00:00.000Z,איי סיישל,0,2,2
2021-10-07T00:00:00.000Z,איטליה,606,221,827
2021-10-07T00:00:00.000Z,אזרביג'אן,43,37,80
2021-10-07T00:00:00.000Z,אוקראינה,219,211,430
2021-10-07T00:00:00.000Z,אוסטרליה,0,8,8
2021-10-07T00:00:00.000Z,אוסטריה,371,182,553
2021-10-07T00:00:00.000Z,איחוד האמירויות הערב,195,88,283
2021-10-08T00:00:00.000Z,רומניה,218,70,288
2021-10-08T00:00:00.000Z,קרואטיה,7,0,7
2021-10-08T00:00:00.000Z,קפריסין,349,164,513
2021-10-08T00:00:00.000Z,קניה,1,1,2
2021-10-08T00:00:00.000Z,קנדה,93,112,205
2021-10-08T00:00:00.000Z,קירג'זסטאן,3,3,6
2021-10-08T00:00:00.000Z,קטר,3,1,4
2021-10-08T00:00:00.000Z,איחוד האמירויות הערב,278,87,365
2021-10-08T00:00:00.000Z,קזחסטאן,1,3,4
2021-10-08T00:00:00.000Z,קוריאה הדרומית,3,0,3
2021-10-08T00:00:00.000Z,קוסטה ריקה,29,31,60
2021-10-08T00:00:00.000Z,קוסובו,0,2,2
2021-10-08T00:00:00.000Z,קולומביה,2,4,6
2021-10-08T00:00:00.000Z,צרפת,537,340,877
2021-10-08T00:00:00.000Z,צכיה,355,60,415
2021-10-08T00:00:00.000Z,צ'ילה,0,1,1
2021-10-08T00:00:00.000Z,פרו,0,4,4
2021-10-08T00:00:00.000Z,פנמה,6,8,14
2021-10-08T00:00:00.000Z,פינלנד,39,35,74
2021-10-08T00:00:00.000Z,פיליפינים,0,1,1
2021-10-08T00:00:00.000Z,פורטוגל,22,6,28
2021-10-08T00:00:00.000Z,פורטו ריקו,0,2,2
2021-10-08T00:00:00.000Z,פולין,177,54,231
2021-10-08T00:00:00.000Z,סרי לנקה (צילון),2,1,3
2021-10-08T00:00:00.000Z,סרביה,4,4,8
2021-10-08T00:00:00.000Z,ספרד,387,96,483
2021-10-08T00:00:00.000Z,סנגל,2,0,2
2021-10-08T00:00:00.000Z,סלובניה,8,0,8
2021-10-08T00:00:00.000Z,סינגפור,2,4,6
2021-10-08T00:00:00.000Z,נפאל,0,1,1
2021-10-08T00:00:00.000Z,ניגריה,0,3,3
2021-10-08T00:00:00.000Z,נורבגיה,0,4,4
2021-10-08T00:00:00.000Z,מרוקו,14,5,19
2021-10-08T00:00:00.000Z,מקסיקו,5,6,11
2021-10-08T00:00:00.000Z,מצרים,650,242,892
2021-10-08T00:00:00.000Z,מלטה,7,2,9
2021-10-08T00:00:00.000Z,מלדיבים,23,14,37
2021-10-08T00:00:00.000Z,מיאנמר (בורמה),0,1,1
2021-10-08T00:00:00.000Z,מונקו,1,0,1
2021-10-08T00:00:00.000Z,מונטנגרו,68,7,75
2021-10-08T00:00:00.000Z,ליטא,1,0,1
2021-10-08T00:00:00.000Z,לטביה,6,0,6
2021-10-08T00:00:00.000Z,לוכסמבורג,3,1,4
2021-10-08T00:00:00.000Z,לבנון,0,4,4
2021-10-08T00:00:00.000Z,כלל המדינות,10044,7131,17175
2021-10-08T00:00:00.000Z,ירדן,7,8,15
2021-10-08T00:00:00.000Z,יפן,0,3,3
2021-10-08T00:00:00.000Z,יוון,612,121,733
2021-10-08T00:00:00.000Z,טנזניה,5,0,5
2021-10-08T00:00:00.000Z,טיוואן,1,5,6
2021-10-08T00:00:00.000Z,טוגו,1,0,1
2021-10-08T00:00:00.000Z,חוף השנהב,7,1,8
2021-10-08T00:00:00.000Z,הרפ הדומיניקנית,6,0,6
2021-10-08T00:00:00.000Z,הממלכה המאוחדת,369,380,749
2021-10-08T00:00:00.000Z,הונגריה,286,73,359
2021-10-08T00:00:00.000Z,הולנד,255,102,357
2021-10-08T00:00:00.000Z,הודו,16,3,19
2021-10-08T00:00:00.000Z,דרום אפריקה,5,1,6
2021-10-08T00:00:00.000Z,דנמרק,15,1,16
2021-10-08T00:00:00.000Z,גרמניה,674,331,1005
2021-10-08T00:00:00.000Z,גווטאמלה,3,5,8
2021-10-08T00:00:00.000Z,גאורגיה,323,161,484
2021-10-08T00:00:00.000Z,ברזיל,0,10,10
2021-10-08T00:00:00.000Z,בלגיה,60,120,180
2021-10-08T00:00:00.000Z,בחריין,4,0,4
2021-10-08T00:00:00.000Z,בוסניה הרצגובינה,23,23,46
2021-10-08T00:00:00.000Z,בוליביה,0,1,1
2021-10-08T00:00:00.000Z,בולגריה,6,5,11
2021-10-08T00:00:00.000Z,ארצות הברית,1277,1298,2575
2021-10-08T00:00:00.000Z,ארמניה,4,1,5
2021-10-08T00:00:00.000Z,ארגנטינה,10,26,36
2021-10-08T00:00:00.000Z,אקואדור,7,1,8
2021-10-08T00:00:00.000Z,אסטוניה,6,0,6
2021-10-08T00:00:00.000Z,אנגולה,1,1,2
2021-10-08T00:00:00.000Z,אלבניה,3,0,3
2021-10-08T00:00:00.000Z,אל סלבדור,1,0,1
2021-10-08T00:00:00.000Z,אירלנד,6,1,7
2021-10-08T00:00:00.000Z,איסלנד,1,0,1
2021-10-08T00:00:00.000Z,איטליה,467,115,582
2021-10-08T00:00:00.000Z,אזרביג'אן,29,8,37
2021-10-08T00:00:00.000Z,אורגוואי,1,7,8
2021-10-08T00:00:00.000Z,אוקראינה,252,195,447
2021-10-08T00:00:00.000Z,אוסטרליה,6,1,7
2021-10-08T00:00:00.000Z,אוסטריה,674,227,901
2021-10-08T00:00:00.000Z,אוזבקיסטן,4,6,10
2021-10-08T00:00:00.000Z,תורכמניסטאן,0,1,1
2021-10-08T00:00:00.000Z,תורכיה,121,101,222
2021-10-08T00:00:00.000Z,תאילנד,89,138,227
2021-10-08T00:00:00.000Z,שוויץ,352,194,546
2021-10-08T00:00:00.000Z,שוודיה,3,1,4
2021-10-08T00:00:00.000Z,רוסיה,201,268,469
2021-10-09T00:00:00.000Z,אתיופיה,11,21,32
2021-10-09T00:00:00.000Z,איחוד האמירויות הערב,114,41,155
2021-10-09T00:00:00.000Z,ערב הסעודית,3,0,3
2021-10-09T00:00:00.000Z,פולין,168,58,226
2021-10-09T00:00:00.000Z,פולינזיה הצרפתית,1,0,1
2021-10-09T00:00:00.000Z,פורטוגל,19,6,25
2021-10-09T00:00:00.000Z,פיליפינים,0,2,2
2021-10-09T00:00:00.000Z,פינלנד,6,0,6
2021-10-09T00:00:00.000Z,פנמה,8,7,15
2021-10-09T00:00:00.000Z,פרו,5,2,7
2021-10-09T00:00:00.000Z,צכיה,210,69,279
2021-10-09T00:00:00.000Z,צרפת,211,91,302
2021-10-09T00:00:00.000Z,קולומביה,6,7,13
2021-10-09T00:00:00.000Z,קונגו,1,0,1
2021-10-09T00:00:00.000Z,קוסטה ריקה,8,3,11
2021-10-09T00:00:00.000Z,קוריאה הדרומית,0,3,3
2021-10-09T00:00:00.000Z,קזחסטאן,1,0,1
2021-10-09T00:00:00.000Z,קירג'זסטאן,1,0,1
2021-10-09T00:00:00.000Z,קנדה,74,72,146
2021-10-09T00:00:00.000Z,קניה,3,1,4
2021-10-09T00:00:00.000Z,קפריסין,394,80,474
2021-10-09T00:00:00.000Z,קרואטיה,2,2,4
2021-10-09T00:00:00.000Z,רואנדה,5,7,12
2021-10-09T00:00:00.000Z,רומניה,264,97,361
2021-10-09T00:00:00.000Z,רוסיה,14,17,31
2021-10-09T00:00:00.000Z,שוודיה,1,3,4
2021-10-09T00:00:00.000Z,שוויץ,69,52,121
2021-10-09T00:00:00.000Z,תאילנד,3,1,4
2021-10-09T00:00:00.000Z,תורכיה,213,139,352
2021-10-09T00:00:00.000Z,ספרד,15,9,24
2021-10-09T00:00:00.000Z,סלובניה,6,1,7
2021-10-09T00:00:00.000Z,סינגפור,3,1,4
2021-10-09T00:00:00.000Z,נמיביה,1,0,1
2021-10-09T00:00:00.000Z,אוגנדה,4,1,5
2021-10-09T00:00:00.000Z,אוזבקיסטן,2,3,5
2021-10-09T00:00:00.000Z,אוסטריה,401,67,468
2021-10-09T00:00:00.000Z,אוסטרליה,1,1,2
2021-10-09T00:00:00.000Z,אוקראינה,135,114,249
2021-10-09T00:00:00.000Z,אזרביג'אן,4,0,4
2021-10-09T00:00:00.000Z,איטליה,345,74,419
2021-10-09T00:00:00.000Z,איי סיישל,4,0,4
2021-10-09T00:00:00.000Z,איסלנד,10,3,13
2021-10-09T00:00:00.000Z,אירלנד,4,4,8
2021-10-09T00:00:00.000Z,אלבניה,1,3,4
2021-10-09T00:00:00.000Z,אסטוניה,3,1,4
2021-10-09T00:00:00.000Z,אקואדור,12,4,16
2021-10-09T00:00:00.000Z,ארמניה,3,3,6
2021-10-09T00:00:00.000Z,ארצות הברית,554,455,1009
2021-10-09T00:00:00.000Z,סרי לנקה (צילון),1,2,3
2021-10-09T00:00:00.000Z,בולגריה,2,0,2
2021-10-09T00:00:00.000Z,בוסניה הרצגובינה,2,0,2
2021-10-09T00:00:00.000Z,בלגיה,8,9,17
2021-10-09T00:00:00.000Z,ברזיל,0,2,2
2021-10-09T00:00:00.000Z,גאורגיה,80,27,107
2021-10-09T00:00:00.000Z,גאנה,1,5,6
2021-10-09T00:00:00.000Z,גווטאמלה,1,3,4
2021-10-09T00:00:00.000Z,גינאה,1,0,1
2021-10-09T00:00:00.000Z,גינאה המשוונית,2,0,2
2021-10-09T00:00:00.000Z,גרמניה,150,157,307
2021-10-09T00:00:00.000Z,דומיניקה,2,0,2
2021-10-09T00:00:00.000Z,דנמרק,4,2,6
2021-10-09T00:00:00.000Z,דרום אפריקה,17,14,31
2021-10-09T00:00:00.000Z,האנטילים ההולנדים,1,0,1
2021-10-09T00:00:00.000Z,הודו,14,2,16
2021-10-09T00:00:00.000Z,הולנד,93,29,122
2021-10-09T00:00:00.000Z,הונגריה,241,43,284
2021-10-09T00:00:00.000Z,הונדורס,1,0,1
2021-10-09T00:00:00.000Z,הממלכה המאוחדת,159,133,292
2021-10-09T00:00:00.000Z,זאיר,1,1,2
2021-10-09T00:00:00.000Z,זמביה,1,1,2
2021-10-09T00:00:00.000Z,חוף השנהב,0,2,2
2021-10-09T00:00:00.000Z,טיוואן,0,1,1
2021-10-09T00:00:00.000Z,טנזניה,5,5,10
2021-10-09T00:00:00.000Z,יוון,445,110,555
2021-10-09T00:00:00.000Z,יפן,0,1,1
2021-10-09T00:00:00.000Z,ירדן,3,0,3
2021-10-09T00:00:00.000Z,כלל המדינות,6341,3906,10247
2021-10-09T00:00:00.000Z,לטביה,22,47,69
2021-10-09T00:00:00.000Z,ליטא,3,3,6
2021-10-09T00:00:00.000Z,מאלי,1,1,2
2021-10-09T00:00:00.000Z,מוזמביק,3,0,3
2021-10-09T00:00:00.000Z,מונגוליה,0,1,1
2021-10-09T00:00:00.000Z,מונטנגרו,2,0,2
2021-10-09T00:00:00.000Z,מונקו,1,0,1
2021-10-09T00:00:00.000Z,מלדיבים,27,5,32
2021-10-09T00:00:00.000Z,מלטה,1,0,1
2021-10-09T00:00:00.000Z,מצרים,1479,339,1818
2021-10-09T00:00:00.000Z,מקסיקו,2,4,6
2021-10-09T00:00:00.000Z,מרוקו,4,1,5
2021-10-09T00:00:00.000Z,נורבגיה,0,3,3
2021-10-09T00:00:00.000Z,ניגריה,2,3,5
2021-10-09T00:00:00.000Z,סרביה,0,1,1
2021-10-10T00:00:00.000Z,כלל המדינות,0,61,61
2021-10-10T00:00:00.000Z,הממלכה המאוחדת,0,12,12
2021-10-10T00:00:00.000Z,איטליה,0,5,5
2021-10-10T00:00:00.000Z,אוקראינה,0,2,2
