date,visited_country,vaccination_ind,none_vaccination_ind,sum_arrival
2021-09-13T00:00:00.000Z,לבנון,0,1,1
2021-09-13T00:00:00.000Z,פיליפינים,0,2,2
2021-09-13T00:00:00.000Z,תאילנד,1,1,2
2021-09-13T00:00:00.000Z,שוויץ,139,64,203
2021-09-13T00:00:00.000Z,שוודיה,4,4,8
2021-09-13T00:00:00.000Z,רפ מרכז אפריקנית,0,1,1
2021-09-13T00:00:00.000Z,רוסיה,174,201,375
2021-09-13T00:00:00.000Z,רומניה,293,64,357
2021-09-13T00:00:00.000Z,רואנדה,5,1,6
2021-09-13T00:00:00.000Z,קרואטיה,8,8,16
2021-09-13T00:00:00.000Z,קפריסין,117,35,152
2021-09-13T00:00:00.000Z,קניה,1,4,5
2021-09-13T00:00:00.000Z,קנדה,44,311,355
2021-09-13T00:00:00.000Z,קירג'זסטאן,1,1,2
2021-09-13T00:00:00.000Z,קזחסטאן,3,2,5
2021-09-13T00:00:00.000Z,קוסטה ריקה,2,5,7
2021-09-13T00:00:00.000Z,קולומביה,3,2,5
2021-09-13T00:00:00.000Z,קובה,0,1,1
2021-09-13T00:00:00.000Z,צרפת,359,313,672
2021-09-13T00:00:00.000Z,צכיה,386,92,478
2021-09-13T00:00:00.000Z,פרו,2,4,6
2021-09-13T00:00:00.000Z,איחוד האמירויות הערב,70,18,88
2021-09-13T00:00:00.000Z,פורטוגל,14,10,24
2021-09-13T00:00:00.000Z,פינלנד,3,0,3
2021-09-13T00:00:00.000Z,פולין,311,125,436
2021-09-13T00:00:00.000Z,סרי לנקה (צילון),1,1,2
2021-09-13T00:00:00.000Z,סרביה,1,1,2
2021-09-13T00:00:00.000Z,ספרד,54,38,92
2021-09-13T00:00:00.000Z,סלובקיה,54,8,62
2021-09-13T00:00:00.000Z,סוריה,1,4,5
2021-09-13T00:00:00.000Z,נמיביה,1,1,2
2021-09-13T00:00:00.000Z,ניגריה,2,3,5
2021-09-13T00:00:00.000Z,נורבגיה,0,3,3
2021-09-13T00:00:00.000Z,מרוקו,3,0,3
2021-09-13T00:00:00.000Z,מקסיקו,0,18,18
2021-09-13T00:00:00.000Z,מצרים,248,67,315
2021-09-13T00:00:00.000Z,מלטה,1,0,1
2021-09-13T00:00:00.000Z,מלזיה,1,0,1
2021-09-13T00:00:00.000Z,מלדיבים,47,6,53
2021-09-13T00:00:00.000Z,מלאווי,0,1,1
2021-09-13T00:00:00.000Z,מונקו,5,1,6
2021-09-13T00:00:00.000Z,מונטנגרו,64,9,73
2021-09-13T00:00:00.000Z,מוזמביק,2,0,2
2021-09-13T00:00:00.000Z,מאלי,3,0,3
2021-09-13T00:00:00.000Z,ליטא,2,0,2
2021-09-13T00:00:00.000Z,לטביה,1,0,1
2021-09-13T00:00:00.000Z,לוכסמבורג,9,5,14
2021-09-13T00:00:00.000Z,תורכיה,25,58,83
2021-09-13T00:00:00.000Z,כלל המדינות,6117,8539,14656
2021-09-13T00:00:00.000Z,ירדן,65,107,172
2021-09-13T00:00:00.000Z,יפן,0,2,2
2021-09-13T00:00:00.000Z,יוון,342,151,493
2021-09-13T00:00:00.000Z,טנזניה,9,5,14
2021-09-13T00:00:00.000Z,חוף השנהב,2,1,3
2021-09-13T00:00:00.000Z,זמביה,3,1,4
2021-09-13T00:00:00.000Z,זימבאבווה,0,1,1
2021-09-13T00:00:00.000Z,הרפ הדומיניקנית,1,0,1
2021-09-13T00:00:00.000Z,הממלכה המאוחדת,264,544,808
2021-09-13T00:00:00.000Z,הונדורס,3,0,3
2021-09-13T00:00:00.000Z,הונגריה,362,114,476
2021-09-13T00:00:00.000Z,הונג קונג,0,2,2
2021-09-13T00:00:00.000Z,הולנד,19,17,36
2021-09-13T00:00:00.000Z,הודו,17,95,112
2021-09-13T00:00:00.000Z,דרום אפריקה,17,31,48
2021-09-13T00:00:00.000Z,דנמרק,5,5,10
2021-09-13T00:00:00.000Z,דומיניקה,0,1,1
2021-09-13T00:00:00.000Z,גרמניה,302,142,444
2021-09-13T00:00:00.000Z,גיברלטר,1,0,1
2021-09-13T00:00:00.000Z,גווטאמלה,4,2,6
2021-09-13T00:00:00.000Z,גאנה,3,0,3
2021-09-13T00:00:00.000Z,גאורגיה,19,17,36
2021-09-13T00:00:00.000Z,ברזיל,4,2,6
2021-09-13T00:00:00.000Z,בלגיה,49,174,223
2021-09-13T00:00:00.000Z,בילורוסיה,0,2,2
2021-09-13T00:00:00.000Z,בוסניה הרצגובינה,10,5,15
2021-09-13T00:00:00.000Z,בולגריה,6,23,29
2021-09-13T00:00:00.000Z,בוטסואנה,2,0,2
2021-09-13T00:00:00.000Z,אתיופיה,14,13,27
2021-09-13T00:00:00.000Z,ארצות הברית,482,1890,2372
2021-09-13T00:00:00.000Z,ארמניה,1,17,18
2021-09-13T00:00:00.000Z,ארגנטינה,0,5,5
2021-09-13T00:00:00.000Z,אסטוניה,2,1,3
2021-09-13T00:00:00.000Z,אל סלבדור,0,1,1
2021-09-13T00:00:00.000Z,אירלנד,3,4,7
2021-09-13T00:00:00.000Z,איסלנד,21,4,25
2021-09-13T00:00:00.000Z,איטליה,298,96,394
2021-09-13T00:00:00.000Z,אזרביג'אן,0,21,21
2021-09-13T00:00:00.000Z,אורגוואי,0,5,5
2021-09-13T00:00:00.000Z,אוקראינה,298,1073,1371
2021-09-13T00:00:00.000Z,אוסטרליה,1,5,6
2021-09-13T00:00:00.000Z,אוסטריה,479,114,593
2021-09-13T00:00:00.000Z,פנמה,4,23,27
2021-09-13T00:00:00.000Z,אוגנדה,3,4,7
2021-09-13T00:00:00.000Z,אוזבקיסטן,12,57,69
2021-09-14T00:00:00.000Z,אוגנדה,0,2,2
2021-09-14T00:00:00.000Z,אוזבקיסטן,3,2,5
2021-09-14T00:00:00.000Z,אוסטריה,306,110,416
2021-09-14T00:00:00.000Z,אוסטרליה,0,4,4
2021-09-14T00:00:00.000Z,אוקראינה,224,845,1069
2021-09-14T00:00:00.000Z,אורגוואי,0,3,3
2021-09-14T00:00:00.000Z,אזרביג'אן,7,4,11
2021-09-14T00:00:00.000Z,איטליה,417,111,528
2021-09-14T00:00:00.000Z,איי סיישל,0,1,1
2021-09-14T00:00:00.000Z,איי פאלקלנד,0,1,1
2021-09-14T00:00:00.000Z,איסלנד,42,15,57
2021-09-14T00:00:00.000Z,אירלנד,3,8,11
2021-09-14T00:00:00.000Z,אלבניה,3,0,3
2021-09-14T00:00:00.000Z,אנגולה,1,0,1
2021-09-14T00:00:00.000Z,אנטיגואה וברבודה,0,2,2
2021-09-14T00:00:00.000Z,אסטוניה,1,4,5
2021-09-14T00:00:00.000Z,אקואדור,3,3,6
2021-09-14T00:00:00.000Z,ארגנטינה,0,28,28
2021-09-14T00:00:00.000Z,ארמניה,5,2,7
2021-09-14T00:00:00.000Z,ארצות הברית,471,1641,2112
2021-09-14T00:00:00.000Z,אתיופיה,21,20,41
2021-09-14T00:00:00.000Z,בולגריה,5,3,8
2021-09-14T00:00:00.000Z,בוסניה הרצגובינה,5,4,9
2021-09-14T00:00:00.000Z,בחריין,1,0,1
2021-09-14T00:00:00.000Z,בילורוסיה,84,80,164
2021-09-14T00:00:00.000Z,בלגיה,7,80,87
2021-09-14T00:00:00.000Z,ברזיל,4,4,8
2021-09-14T00:00:00.000Z,גאורגיה,96,34,130
2021-09-14T00:00:00.000Z,גאנה,2,6,8
2021-09-14T00:00:00.000Z,גווטאמלה,2,1,3
2021-09-14T00:00:00.000Z,גרמניה,271,131,402
2021-09-14T00:00:00.000Z,דנמרק,12,5,17
2021-09-14T00:00:00.000Z,דרום אפריקה,7,15,22
2021-09-14T00:00:00.000Z,הודו,1,5,6
2021-09-14T00:00:00.000Z,הולנד,52,92,144
2021-09-14T00:00:00.000Z,איחוד האמירויות הערב,148,34,182
2021-09-14T00:00:00.000Z,הונגריה,434,106,540
2021-09-14T00:00:00.000Z,הממלכה המאוחדת,186,415,601
2021-09-14T00:00:00.000Z,הרפ הדומיניקנית,2,4,6
2021-09-14T00:00:00.000Z,חוף השנהב,4,1,5
2021-09-14T00:00:00.000Z,טוגו,1,1,2
2021-09-14T00:00:00.000Z,טנזניה,12,11,23
2021-09-14T00:00:00.000Z,יוון,869,237,1106
2021-09-14T00:00:00.000Z,ירדן,67,35,102
2021-09-14T00:00:00.000Z,כלל המדינות,6679,8327,15006
2021-09-14T00:00:00.000Z,לבנון,0,1,1
2021-09-14T00:00:00.000Z,לוכסמבורג,1,0,1
2021-09-14T00:00:00.000Z,לטביה,19,17,36
2021-09-14T00:00:00.000Z,ליטא,6,3,9
2021-09-14T00:00:00.000Z,מאלי,1,1,2
2021-09-14T00:00:00.000Z,מולדובה,34,91,125
2021-09-14T00:00:00.000Z,מונטנגרו,22,10,32
2021-09-14T00:00:00.000Z,מונקו,1,0,1
2021-09-14T00:00:00.000Z,מלדיבים,20,18,38
2021-09-14T00:00:00.000Z,מצרים,448,154,602
2021-09-14T00:00:00.000Z,מקדוניה,1,0,1
2021-09-14T00:00:00.000Z,מקסיקו,4,11,15
2021-09-14T00:00:00.000Z,מרוקו,31,22,53
2021-09-14T00:00:00.000Z,נורבגיה,1,2,3
2021-09-14T00:00:00.000Z,ניגריה,6,2,8
2021-09-14T00:00:00.000Z,סין,0,3,3
2021-09-14T00:00:00.000Z,סלובניה,0,2,2
2021-09-14T00:00:00.000Z,סלובקיה,4,0,4
2021-09-14T00:00:00.000Z,ספרד,97,39,136
2021-09-14T00:00:00.000Z,סרביה,6,1,7
2021-09-14T00:00:00.000Z,סרי לנקה (צילון),3,4,7
2021-09-14T00:00:00.000Z,עירק,1,1,2
2021-09-14T00:00:00.000Z,פולין,138,95,233
2021-09-14T00:00:00.000Z,פורטוגל,14,7,21
2021-09-14T00:00:00.000Z,פיליפינים,2,20,22
2021-09-14T00:00:00.000Z,פינלנד,2,1,3
2021-09-14T00:00:00.000Z,פנמה,4,32,36
2021-09-14T00:00:00.000Z,פרגוואי,0,1,1
2021-09-14T00:00:00.000Z,פרו,6,5,11
2021-09-14T00:00:00.000Z,צכיה,453,121,574
2021-09-14T00:00:00.000Z,צרפת,297,354,651
2021-09-14T00:00:00.000Z,קולומביה,4,12,16
2021-09-14T00:00:00.000Z,קוסטה ריקה,9,12,21
2021-09-14T00:00:00.000Z,קוריאה הדרומית,0,3,3
2021-09-14T00:00:00.000Z,קזחסטאן,1,0,1
2021-09-14T00:00:00.000Z,קטר,1,0,1
2021-09-14T00:00:00.000Z,קירג'זסטאן,0,1,1
2021-09-14T00:00:00.000Z,קנדה,27,125,152
2021-09-14T00:00:00.000Z,קניה,8,3,11
2021-09-14T00:00:00.000Z,קפריסין,158,38,196
2021-09-14T00:00:00.000Z,קרואטיה,8,6,14
2021-09-14T00:00:00.000Z,רואנדה,1,0,1
2021-09-14T00:00:00.000Z,רומניה,178,35,213
2021-09-14T00:00:00.000Z,רוסיה,198,290,488
2021-09-14T00:00:00.000Z,שוודיה,6,6,12
2021-09-14T00:00:00.000Z,שוויץ,123,89,212
2021-09-14T00:00:00.000Z,תוניסיה,0,3,3
2021-09-14T00:00:00.000Z,תורכיה,30,56,86
2021-09-14T00:00:00.000Z,תורכמניסטאן,0,1,1
2021-09-14T00:00:00.000Z,זאיר,2,1,3
2021-09-14T00:00:00.000Z,אבחזיסטאן,0,1,1
2021-09-14T00:00:00.000Z,הונג קונג,3,10,13
2021-09-15T00:00:00.000Z,תורכיה,21,16,37
2021-09-15T00:00:00.000Z,שוויץ,108,42,150
2021-09-15T00:00:00.000Z,שוודיה,7,2,9
2021-09-15T00:00:00.000Z,רוסיה,88,68,156
2021-09-15T00:00:00.000Z,רומניה,252,60,312
2021-09-15T00:00:00.000Z,קרואטיה,13,0,13
2021-09-15T00:00:00.000Z,קפריסין,135,53,188
2021-09-15T00:00:00.000Z,קניה,1,0,1
2021-09-15T00:00:00.000Z,קנדה,27,59,86
2021-09-15T00:00:00.000Z,קזחסטאן,0,4,4
2021-09-15T00:00:00.000Z,קוריאה הדרומית,2,7,9
2021-09-15T00:00:00.000Z,קוסטה ריקה,1,6,7
2021-09-15T00:00:00.000Z,צרפת,208,215,423
2021-09-15T00:00:00.000Z,צכיה,112,33,145
2021-09-15T00:00:00.000Z,פרו,2,4,6
2021-09-15T00:00:00.000Z,פנמה,7,8,15
2021-09-15T00:00:00.000Z,פינלנד,4,0,4
2021-09-15T00:00:00.000Z,פיליפינים,0,5,5
2021-09-15T00:00:00.000Z,פורטוגל,24,6,30
2021-09-15T00:00:00.000Z,פולין,95,26,121
2021-09-15T00:00:00.000Z,סרי לנקה (צילון),1,3,4
2021-09-15T00:00:00.000Z,סרביה,7,2,9
2021-09-15T00:00:00.000Z,ספרד,15,5,20
2021-09-15T00:00:00.000Z,סלובקיה,0,1,1
2021-09-15T00:00:00.000Z,סלובניה,6,0,6
2021-09-15T00:00:00.000Z,סין,1,2,3
2021-09-15T00:00:00.000Z,ניגריה,4,2,6
2021-09-15T00:00:00.000Z,נורבגיה,1,1,2
2021-09-15T00:00:00.000Z,מרוקו,6,0,6
2021-09-15T00:00:00.000Z,מצרים,174,73,247
2021-09-15T00:00:00.000Z,מלדיבים,34,3,37
2021-09-15T00:00:00.000Z,מונקו,0,2,2
2021-09-15T00:00:00.000Z,מונטנגרו,1,1,2
2021-09-15T00:00:00.000Z,תאילנד,1,4,5
2021-09-15T00:00:00.000Z,כלל המדינות,4240,3907,8147
2021-09-15T00:00:00.000Z,ירדן,79,29,108
2021-09-15T00:00:00.000Z,יוון,348,99,447
2021-09-15T00:00:00.000Z,טיוואן,0,1,1
2021-09-15T00:00:00.000Z,חוף השנהב,1,0,1
2021-09-15T00:00:00.000Z,הממלכה המאוחדת,96,187,283
2021-09-15T00:00:00.000Z,הונגריה,307,73,380
2021-09-15T00:00:00.000Z,הולנד,57,37,94
2021-09-15T00:00:00.000Z,דרום אפריקה,2,4,6
2021-09-15T00:00:00.000Z,דנמרק,10,7,17
2021-09-15T00:00:00.000Z,גרמניה,125,59,184
2021-09-15T00:00:00.000Z,גמייקה,0,1,1
2021-09-15T00:00:00.000Z,גווטאמלה,0,1,1
2021-09-15T00:00:00.000Z,גאורגיה,33,26,59
2021-09-15T00:00:00.000Z,ברזיל,1,0,1
2021-09-15T00:00:00.000Z,בלגיה,50,120,170
2021-09-15T00:00:00.000Z,בוסניה הרצגובינה,6,4,10
2021-09-15T00:00:00.000Z,בולגריה,10,13,23
2021-09-15T00:00:00.000Z,ארצות הברית,534,737,1271
2021-09-15T00:00:00.000Z,ארמניה,0,4,4
2021-09-15T00:00:00.000Z,אסטוניה,1,0,1
2021-09-15T00:00:00.000Z,אלבניה,4,1,5
2021-09-15T00:00:00.000Z,אל סלבדור,1,0,1
2021-09-15T00:00:00.000Z,אירלנד,1,0,1
2021-09-15T00:00:00.000Z,איסלנד,2,4,6
2021-09-15T00:00:00.000Z,איטליה,179,53,232
2021-09-15T00:00:00.000Z,אזרביג'אן,4,1,5
2021-09-15T00:00:00.000Z,אוקראינה,289,448,737
2021-09-15T00:00:00.000Z,אוסטרליה,1,5,6
2021-09-15T00:00:00.000Z,אוסטריה,342,101,443
2021-09-15T00:00:00.000Z,אוזבקיסטן,3,0,3
2021-09-15T00:00:00.000Z,איחוד האמירויות הערב,52,19,71
2021-09-15T00:00:00.000Z,לטביה,1,0,1
2021-09-16T00:00:00.000Z,כלל המדינות,10,9,19
2021-09-17T00:00:00.000Z,פולין,290,74,364
2021-09-17T00:00:00.000Z,פורטוגל,60,23,83
2021-09-17T00:00:00.000Z,פיליפינים,0,3,3
2021-09-17T00:00:00.000Z,פינלנד,58,25,83
2021-09-17T00:00:00.000Z,פנמה,3,9,12
2021-09-17T00:00:00.000Z,פרו,1,4,5
2021-09-17T00:00:00.000Z,אורגוואי,2,0,2
2021-09-17T00:00:00.000Z,אוקראינה,378,294,672
2021-09-17T00:00:00.000Z,אוסטרליה,3,2,5
2021-09-17T00:00:00.000Z,איחוד האמירויות הערב,98,38,136
2021-09-17T00:00:00.000Z,אוסטריה,682,187,869
2021-09-17T00:00:00.000Z,צכיה,401,59,460
2021-09-17T00:00:00.000Z,צרפת,329,217,546
2021-09-17T00:00:00.000Z,קולומביה,0,6,6
2021-09-17T00:00:00.000Z,קוסטה ריקה,2,11,13
2021-09-17T00:00:00.000Z,קוריאה הדרומית,3,3,6
2021-09-17T00:00:00.000Z,קזחסטאן,2,2,4
2021-09-17T00:00:00.000Z,קטר,1,0,1
2021-09-17T00:00:00.000Z,קירג'זסטאן,5,6,11
2021-09-17T00:00:00.000Z,קנדה,46,58,104
2021-09-17T00:00:00.000Z,קניה,0,2,2
2021-09-17T00:00:00.000Z,קפריסין,245,56,301
2021-09-17T00:00:00.000Z,קרואטיה,7,8,15
2021-09-17T00:00:00.000Z,רומניה,314,98,412
2021-09-17T00:00:00.000Z,רוסיה,181,173,354
2021-09-17T00:00:00.000Z,שוודיה,12,18,30
2021-09-17T00:00:00.000Z,שוויץ,221,93,314
2021-09-17T00:00:00.000Z,תאילנד,58,47,105
2021-09-17T00:00:00.000Z,תורכיה,32,93,125
2021-09-17T00:00:00.000Z,אוזבקיסטן,1,2,3
2021-09-17T00:00:00.000Z,ברזיל,2,2,4
2021-09-17T00:00:00.000Z,אבחזיסטאן,1,0,1
2021-09-17T00:00:00.000Z,גאורגיה,142,49,191
2021-09-17T00:00:00.000Z,גרמניה,359,161,520
2021-09-17T00:00:00.000Z,בילורוסיה,60,50,110
2021-09-17T00:00:00.000Z,בחריין,2,1,3
2021-09-17T00:00:00.000Z,בורקינה פאסו,1,0,1
2021-09-17T00:00:00.000Z,בוסניה הרצגובינה,23,16,39
2021-09-17T00:00:00.000Z,בולגריה,10,30,40
2021-09-17T00:00:00.000Z,אתיופיה,1,0,1
2021-09-17T00:00:00.000Z,ארצות הברית,480,390,870
2021-09-17T00:00:00.000Z,ארמניה,6,1,7
2021-09-17T00:00:00.000Z,ארגנטינה,1,3,4
2021-09-17T00:00:00.000Z,אקואדור,1,3,4
2021-09-17T00:00:00.000Z,אסטוניה,1,0,1
2021-09-17T00:00:00.000Z,אנגולה,1,0,1
2021-09-17T00:00:00.000Z,אלבניה,5,0,5
2021-09-17T00:00:00.000Z,אל סלבדור,1,0,1
2021-09-17T00:00:00.000Z,אירלנד,9,8,17
2021-09-17T00:00:00.000Z,איסלנד,27,3,30
2021-09-17T00:00:00.000Z,בלגיה,68,58,126
2021-09-17T00:00:00.000Z,איי פיגי,2,0,2
2021-09-17T00:00:00.000Z,איי סיישל,71,15,86
2021-09-17T00:00:00.000Z,איטליה,461,122,583
2021-09-17T00:00:00.000Z,אזרביג'אן,3,1,4
2021-09-17T00:00:00.000Z,דנמרק,88,34,122
2021-09-17T00:00:00.000Z,דרום אפריקה,1,1,2
2021-09-17T00:00:00.000Z,הודו,1,4,5
2021-09-17T00:00:00.000Z,הולנד,47,43,90
2021-09-17T00:00:00.000Z,הונגריה,494,117,611
2021-09-17T00:00:00.000Z,הממלכה המאוחדת,215,180,395
2021-09-17T00:00:00.000Z,הרפ הדומיניקנית,2,1,3
2021-09-17T00:00:00.000Z,זאיר,1,0,1
2021-09-17T00:00:00.000Z,טנזניה,4,0,4
2021-09-17T00:00:00.000Z,יוון,1306,312,1618
2021-09-17T00:00:00.000Z,יפן,0,1,1
2021-09-17T00:00:00.000Z,ירדן,9,3,12
2021-09-17T00:00:00.000Z,כלל המדינות,9389,6086,15475
2021-09-17T00:00:00.000Z,לטביה,1,0,1
2021-09-17T00:00:00.000Z,ליטא,3,3,6
2021-09-17T00:00:00.000Z,מולדובה,100,112,212
2021-09-17T00:00:00.000Z,מונגוליה,1,0,1
2021-09-17T00:00:00.000Z,מונטנגרו,119,36,155
2021-09-17T00:00:00.000Z,מונקו,1,0,1
2021-09-17T00:00:00.000Z,מלדיבים,32,13,45
2021-09-17T00:00:00.000Z,מלטה,1,0,1
2021-09-17T00:00:00.000Z,מצרים,968,293,1261
2021-09-17T00:00:00.000Z,מקסיקו,0,2,2
2021-09-17T00:00:00.000Z,מרוקו,4,1,5
2021-09-17T00:00:00.000Z,נורבגיה,1,8,9
2021-09-17T00:00:00.000Z,נפאל,0,2,2
2021-09-17T00:00:00.000Z,סין,3,3,6
2021-09-17T00:00:00.000Z,סינגפור,1,4,5
2021-09-17T00:00:00.000Z,סלובניה,8,1,9
2021-09-17T00:00:00.000Z,סלובקיה,128,12,140
2021-09-17T00:00:00.000Z,ספרד,183,69,252
2021-09-17T00:00:00.000Z,סרביה,2,1,3
2021-09-17T00:00:00.000Z,סרי לנקה (צילון),0,6,6
2021-09-17T00:00:00.000Z,ערב הסעודית,0,4,4
2021-09-18T00:00:00.000Z,כלל המדינות,8932,4121,13053
2021-09-18T00:00:00.000Z,איחוד האמירויות הערב,116,60,176
2021-09-18T00:00:00.000Z,אוגנדה,2,4,6
2021-09-18T00:00:00.000Z,אוזבקיסטן,3,3,6
2021-09-18T00:00:00.000Z,אוסטריה,485,93,578
2021-09-18T00:00:00.000Z,אוסטרליה,0,2,2
2021-09-18T00:00:00.000Z,אוקראינה,258,113,371
2021-09-18T00:00:00.000Z,אורגוואי,1,0,1
2021-09-18T00:00:00.000Z,אזרביג'אן,7,2,9
2021-09-18T00:00:00.000Z,איטליה,445,72,517
2021-09-18T00:00:00.000Z,איי סיישל,9,8,17
2021-09-18T00:00:00.000Z,איסלנד,86,10,96
2021-09-18T00:00:00.000Z,אירלנד,7,2,9
2021-09-18T00:00:00.000Z,אנגולה,5,0,5
2021-09-18T00:00:00.000Z,אסטוניה,5,9,14
2021-09-18T00:00:00.000Z,ארגנטינה,2,3,5
2021-09-18T00:00:00.000Z,ארצות הברית,629,599,1228
2021-09-18T00:00:00.000Z,אתיופיה,26,25,51
2021-09-18T00:00:00.000Z,בהמס,1,0,1
2021-09-18T00:00:00.000Z,בולגריה,2,1,3
2021-09-18T00:00:00.000Z,בוסניה הרצגובינה,0,2,2
2021-09-18T00:00:00.000Z,בילורוסיה,2,0,2
2021-09-18T00:00:00.000Z,בלגיה,9,4,13
2021-09-18T00:00:00.000Z,ברזיל,1,2,3
2021-09-18T00:00:00.000Z,גאורגיה,133,40,173
2021-09-18T00:00:00.000Z,גאנה,2,3,5
2021-09-18T00:00:00.000Z,גווטאמלה,1,2,3
2021-09-18T00:00:00.000Z,גויאנה,1,0,1
2021-09-18T00:00:00.000Z,גינאה,1,0,1
2021-09-18T00:00:00.000Z,תורכיה,11,23,34
2021-09-18T00:00:00.000Z,גרמניה,313,93,406
2021-09-18T00:00:00.000Z,דנמרק,14,0,14
2021-09-18T00:00:00.000Z,דרום אפריקה,5,11,16
2021-09-18T00:00:00.000Z,דרום סודאן,1,0,1
2021-09-18T00:00:00.000Z,הולנד,114,78,192
2021-09-18T00:00:00.000Z,הונגריה,422,47,469
2021-09-18T00:00:00.000Z,הממלכה המאוחדת,306,125,431
2021-09-18T00:00:00.000Z,הרפ הדומיניקנית,2,6,8
2021-09-18T00:00:00.000Z,ונצואלה,0,1,1
2021-09-18T00:00:00.000Z,זאיר,1,0,1
2021-09-18T00:00:00.000Z,זימבאבווה,1,1,2
2021-09-18T00:00:00.000Z,זמביה,2,2,4
2021-09-18T00:00:00.000Z,טוגו,0,3,3
2021-09-18T00:00:00.000Z,טנזניה,23,0,23
2021-09-18T00:00:00.000Z,יוון,1067,159,1226
2021-09-18T00:00:00.000Z,ירדן,9,3,12
2021-09-18T00:00:00.000Z,שוויץ,83,15,98
2021-09-18T00:00:00.000Z,לבנון,0,1,1
2021-09-18T00:00:00.000Z,לטביה,45,16,61
2021-09-18T00:00:00.000Z,ליטא,7,3,10
2021-09-18T00:00:00.000Z,מאוריציוס,0,1,1
2021-09-18T00:00:00.000Z,מאלי,2,1,3
2021-09-18T00:00:00.000Z,מונטנגרו,0,1,1
2021-09-18T00:00:00.000Z,מונקו,0,1,1
2021-09-18T00:00:00.000Z,מלאווי,0,2,2
2021-09-18T00:00:00.000Z,מלדיבים,47,18,65
2021-09-18T00:00:00.000Z,מצרים,1581,473,2054
2021-09-18T00:00:00.000Z,מקסיקו,2,0,2
2021-09-18T00:00:00.000Z,מרוקו,1,2,3
2021-09-18T00:00:00.000Z,נורבגיה,2,1,3
2021-09-18T00:00:00.000Z,שוודיה,3,10,13
2021-09-18T00:00:00.000Z,רוסיה,35,22,57
2021-09-18T00:00:00.000Z,רומניה,491,72,563
2021-09-18T00:00:00.000Z,רואנדה,4,1,5
2021-09-18T00:00:00.000Z,קרואטיה,21,1,22
2021-09-18T00:00:00.000Z,קפריסין,297,64,361
2021-09-18T00:00:00.000Z,קניה,8,1,9
2021-09-18T00:00:00.000Z,קנדה,56,67,123
2021-09-18T00:00:00.000Z,קמרון,0,1,1
2021-09-18T00:00:00.000Z,קזחסטאן,0,1,1
2021-09-18T00:00:00.000Z,קוריאה הדרומית,1,0,1
2021-09-18T00:00:00.000Z,קוסטה ריקה,11,23,34
2021-09-18T00:00:00.000Z,קולומביה,0,1,1
2021-09-18T00:00:00.000Z,קובה,0,1,1
2021-09-18T00:00:00.000Z,צרפת,498,142,640
2021-09-18T00:00:00.000Z,צכיה,542,56,598
2021-09-18T00:00:00.000Z,פרו,5,7,12
2021-09-18T00:00:00.000Z,פנמה,2,1,3
2021-09-18T00:00:00.000Z,פינלנד,8,1,9
2021-09-18T00:00:00.000Z,פיליפינים,0,16,16
2021-09-18T00:00:00.000Z,פורטוגל,26,6,32
2021-09-18T00:00:00.000Z,פולין,195,33,228
2021-09-18T00:00:00.000Z,ערב הסעודית,1,2,3
2021-09-18T00:00:00.000Z,סרי לנקה (צילון),4,4,8
2021-09-18T00:00:00.000Z,סרביה,15,15,30
2021-09-18T00:00:00.000Z,ספרד,63,12,75
2021-09-18T00:00:00.000Z,סנגל,4,2,6
2021-09-18T00:00:00.000Z,סלובניה,19,1,20
2021-09-18T00:00:00.000Z,סינגפור,2,0,2
2021-09-18T00:00:00.000Z,סין,2,0,2
2021-09-18T00:00:00.000Z,סיירה ליאונה,1,0,1
2021-09-18T00:00:00.000Z,נמיביה,2,1,3
2021-09-18T00:00:00.000Z,ניגריה,5,7,12
2021-09-19T00:00:00.000Z,שוויץ,304,230,534
2021-09-19T00:00:00.000Z,תאילנד,3,0,3
2021-09-19T00:00:00.000Z,תוניסיה,0,5,5
2021-09-19T00:00:00.000Z,תורכיה,41,43,84
2021-09-19T00:00:00.000Z,ניקרגואה,0,1,1
2021-09-19T00:00:00.000Z,נפאל,1,0,1
2021-09-19T00:00:00.000Z,סלובניה,1,0,1
2021-09-19T00:00:00.000Z,סלובקיה,1,3,4
2021-09-19T00:00:00.000Z,סנגל,1,0,1
2021-09-19T00:00:00.000Z,ספרד,242,67,309
2021-09-19T00:00:00.000Z,סרביה,5,12,17
2021-09-19T00:00:00.000Z,סרי לנקה (צילון),1,1,2
2021-09-19T00:00:00.000Z,פולין,202,77,279
2021-09-19T00:00:00.000Z,פורטוגל,53,13,66
2021-09-19T00:00:00.000Z,פיליפינים,0,12,12
2021-09-19T00:00:00.000Z,פינלנד,3,8,11
2021-09-19T00:00:00.000Z,פנמה,0,7,7
2021-09-19T00:00:00.000Z,פרו,1,0,1
2021-09-19T00:00:00.000Z,אוגנדה,0,1,1
2021-09-19T00:00:00.000Z,צ'ילה,1,1,2
2021-09-19T00:00:00.000Z,צכיה,532,75,607
2021-09-19T00:00:00.000Z,צרפת,487,714,1201
2021-09-19T00:00:00.000Z,קולומביה,6,7,13
2021-09-19T00:00:00.000Z,קוסובו,1,0,1
2021-09-19T00:00:00.000Z,קוסטה ריקה,4,5,9
2021-09-19T00:00:00.000Z,קוריאה הדרומית,5,3,8
2021-09-19T00:00:00.000Z,קזחסטאן,2,5,7
2021-09-19T00:00:00.000Z,קירג'זסטאן,3,1,4
2021-09-19T00:00:00.000Z,קלדוניה החדשה,1,0,1
2021-09-19T00:00:00.000Z,קנדה,43,138,181
2021-09-19T00:00:00.000Z,קפריסין,325,85,410
2021-09-19T00:00:00.000Z,קרואטיה,14,3,17
2021-09-19T00:00:00.000Z,רומניה,212,57,269
2021-09-19T00:00:00.000Z,איסלנד,48,9,57
2021-09-19T00:00:00.000Z,איחוד האמירויות הערב,148,63,211
2021-09-19T00:00:00.000Z,אינדונזיה,0,3,3
2021-09-19T00:00:00.000Z,איי פיגי,1,0,1
2021-09-19T00:00:00.000Z,איי סיישל,126,13,139
2021-09-19T00:00:00.000Z,איטליה,705,185,890
2021-09-19T00:00:00.000Z,אזרביג'אן,102,33,135
2021-09-19T00:00:00.000Z,אורגוואי,2,11,13
2021-09-19T00:00:00.000Z,אוקראינה,443,462,905
2021-09-19T00:00:00.000Z,אוסטרליה,5,8,13
2021-09-19T00:00:00.000Z,אוסטריה,682,195,877
2021-09-19T00:00:00.000Z,אוזבקיסטן,5,2,7
2021-09-19T00:00:00.000Z,אירלנד,19,10,29
2021-09-19T00:00:00.000Z,אירן,0,1,1
2021-09-19T00:00:00.000Z,אלבניה,2,2,4
2021-09-19T00:00:00.000Z,אנגולה,0,1,1
2021-09-19T00:00:00.000Z,אנטיגואה וברבודה,1,0,1
2021-09-19T00:00:00.000Z,אקואדור,1,1,2
2021-09-19T00:00:00.000Z,ארגנטינה,8,11,19
2021-09-19T00:00:00.000Z,ארמניה,2,0,2
2021-09-19T00:00:00.000Z,ארצות הברית,503,1145,1648
2021-09-19T00:00:00.000Z,בוטסואנה,1,3,4
2021-09-19T00:00:00.000Z,בולגריה,7,27,34
2021-09-19T00:00:00.000Z,בוליביה,3,1,4
2021-09-19T00:00:00.000Z,בוסניה הרצגובינה,19,11,30
2021-09-19T00:00:00.000Z,בחריין,0,1,1
2021-09-19T00:00:00.000Z,בילורוסיה,92,74,166
2021-09-19T00:00:00.000Z,בלגיה,28,147,175
2021-09-19T00:00:00.000Z,בנגלדש,1,0,1
2021-09-19T00:00:00.000Z,ברזיל,6,17,23
2021-09-19T00:00:00.000Z,גאורגיה,602,133,735
2021-09-19T00:00:00.000Z,גווטאמלה,0,2,2
2021-09-19T00:00:00.000Z,גויאנה,4,0,4
2021-09-19T00:00:00.000Z,גויאנה הצרפתית,1,1,2
2021-09-19T00:00:00.000Z,גרמניה,462,231,693
2021-09-19T00:00:00.000Z,דנמרק,99,41,140
2021-09-19T00:00:00.000Z,דרום אפריקה,4,5,9
2021-09-19T00:00:00.000Z,הודו,7,9,16
2021-09-19T00:00:00.000Z,הולנד,135,142,277
2021-09-19T00:00:00.000Z,הונגריה,716,161,877
2021-09-19T00:00:00.000Z,הממלכה המאוחדת,275,492,767
2021-09-19T00:00:00.000Z,הרפ הדומיניקנית,11,5,16
2021-09-19T00:00:00.000Z,ונצואלה,0,1,1
2021-09-19T00:00:00.000Z,יוון,2037,421,2458
2021-09-19T00:00:00.000Z,יפן,0,4,4
2021-09-19T00:00:00.000Z,ירדן,693,253,946
2021-09-19T00:00:00.000Z,כלל המדינות,12482,8977,21459
2021-09-19T00:00:00.000Z,לוכסמבורג,1,0,1
2021-09-19T00:00:00.000Z,לטביה,3,0,3
2021-09-19T00:00:00.000Z,ליטא,99,36,135
2021-09-19T00:00:00.000Z,מולדובה,112,96,208
2021-09-19T00:00:00.000Z,מונטנגרו,150,17,167
2021-09-19T00:00:00.000Z,מונקו,1,0,1
2021-09-19T00:00:00.000Z,מלדיבים,33,10,43
2021-09-19T00:00:00.000Z,מלטה,2,2,4
2021-09-19T00:00:00.000Z,מצרים,795,292,1087
2021-09-19T00:00:00.000Z,מקדוניה,0,1,1
2021-09-19T00:00:00.000Z,מרוקו,10,8,18
2021-09-19T00:00:00.000Z,נורבגיה,1,0,1
2021-09-19T00:00:00.000Z,ניגריה,3,0,3
2021-09-19T00:00:00.000Z,רוסיה,138,236,374
2021-09-19T00:00:00.000Z,שוודיה,12,5,17
2021-09-20T00:00:00.000Z,ברזיל,5,66,71
2021-09-20T00:00:00.000Z,טנזניה,9,5,14
2021-09-20T00:00:00.000Z,איחוד האמירויות הערב,114,48,162
2021-09-20T00:00:00.000Z,תורכיה,27,47,74
2021-09-20T00:00:00.000Z,תאילנד,90,67,157
2021-09-20T00:00:00.000Z,שוויץ,207,91,298
2021-09-20T00:00:00.000Z,שוודיה,7,8,15
2021-09-20T00:00:00.000Z,רוסיה,272,223,495
2021-09-20T00:00:00.000Z,רומניה,326,86,412
2021-09-20T00:00:00.000Z,רואנדה,0,5,5
2021-09-20T00:00:00.000Z,קרואטיה,14,6,20
2021-09-20T00:00:00.000Z,קפריסין,219,76,295
2021-09-20T00:00:00.000Z,קניה,5,1,6
2021-09-20T00:00:00.000Z,קנדה,73,176,249
2021-09-20T00:00:00.000Z,קמרון,1,0,1
2021-09-20T00:00:00.000Z,קירג'זסטאן,1,1,2
2021-09-20T00:00:00.000Z,קזחסטאן,6,0,6
2021-09-20T00:00:00.000Z,קוריאה הדרומית,1,10,11
2021-09-20T00:00:00.000Z,קוסטה ריקה,18,30,48
2021-09-20T00:00:00.000Z,קוסובו,14,1,15
2021-09-20T00:00:00.000Z,קולומביה,5,4,9
2021-09-20T00:00:00.000Z,צרפת,559,333,892
2021-09-20T00:00:00.000Z,צכיה,516,71,587
2021-09-20T00:00:00.000Z,צ'ילה,0,4,4
2021-09-20T00:00:00.000Z,פרו,4,12,16
2021-09-20T00:00:00.000Z,פנמה,3,20,23
2021-09-20T00:00:00.000Z,פינלנד,9,3,12
2021-09-20T00:00:00.000Z,פיליפינים,0,2,2
2021-09-20T00:00:00.000Z,פורטוגל,57,49,106
2021-09-20T00:00:00.000Z,פורטו ריקו,0,1,1
2021-09-20T00:00:00.000Z,פולין,354,103,457
2021-09-20T00:00:00.000Z,פאפואה,2,2,4
2021-09-20T00:00:00.000Z,סרי לנקה (צילון),0,1,1
2021-09-20T00:00:00.000Z,סרביה,1,3,4
2021-09-20T00:00:00.000Z,ספרד,316,61,377
2021-09-20T00:00:00.000Z,סלובקיה,66,9,75
2021-09-20T00:00:00.000Z,סינגפור,1,0,1
2021-09-20T00:00:00.000Z,סוריה,0,1,1
2021-09-20T00:00:00.000Z,ניגריה,3,2,5
2021-09-20T00:00:00.000Z,נורבגיה,2,2,4
2021-09-20T00:00:00.000Z,מרוקו,63,60,123
2021-09-20T00:00:00.000Z,מקסיקו,0,1,1
2021-09-20T00:00:00.000Z,מצרים,570,254,824
2021-09-20T00:00:00.000Z,אוגנדה,2,1,3
2021-09-20T00:00:00.000Z,אוזבקיסטן,23,64,87
2021-09-20T00:00:00.000Z,אוסטריה,1023,269,1292
2021-09-20T00:00:00.000Z,אוסטרליה,2,1,3
2021-09-20T00:00:00.000Z,אוקראינה,457,365,822
2021-09-20T00:00:00.000Z,אורגוואי,0,2,2
2021-09-20T00:00:00.000Z,אזרביג'אן,4,1,5
2021-09-20T00:00:00.000Z,איטליה,764,199,963
2021-09-20T00:00:00.000Z,איי סיישל,24,7,31
2021-09-20T00:00:00.000Z,איסלנד,45,11,56
2021-09-20T00:00:00.000Z,אירלנד,11,8,19
2021-09-20T00:00:00.000Z,אלבניה,3,3,6
2021-09-20T00:00:00.000Z,אנגולה,0,1,1
2021-09-20T00:00:00.000Z,אנטיגואה וברבודה,0,1,1
2021-09-20T00:00:00.000Z,אסטוניה,6,1,7
2021-09-20T00:00:00.000Z,אקואדור,3,4,7
2021-09-20T00:00:00.000Z,ארגנטינה,1,2,3
2021-09-20T00:00:00.000Z,ארמניה,4,6,10
2021-09-20T00:00:00.000Z,ארצות הברית,983,1507,2490
2021-09-20T00:00:00.000Z,אתיופיה,16,26,42
2021-09-20T00:00:00.000Z,בולגריה,12,15,27
2021-09-20T00:00:00.000Z,מלדיבים,50,11,61
2021-09-20T00:00:00.000Z,מלאווי,1,0,1
2021-09-20T00:00:00.000Z,מונקו,0,1,1
2021-09-20T00:00:00.000Z,מונטנגרו,149,35,184
2021-09-20T00:00:00.000Z,מולדובה,3,3,6
2021-09-20T00:00:00.000Z,מאוריציוס,1,0,1
2021-09-20T00:00:00.000Z,ליטא,13,2,15
2021-09-20T00:00:00.000Z,ליבריה,1,2,3
2021-09-20T00:00:00.000Z,לטביה,6,2,8
2021-09-20T00:00:00.000Z,לוכסמבורג,2,1,3
2021-09-20T00:00:00.000Z,כלל המדינות,11479,7997,19476
2021-09-20T00:00:00.000Z,ירדן,104,49,153
2021-09-20T00:00:00.000Z,יפן,0,1,1
2021-09-20T00:00:00.000Z,יוון,1547,358,1905
2021-09-20T00:00:00.000Z,טיוואן,0,1,1
2021-09-20T00:00:00.000Z,טוגו,0,2,2
2021-09-20T00:00:00.000Z,זמביה,1,0,1
2021-09-20T00:00:00.000Z,זאיר,2,1,3
2021-09-20T00:00:00.000Z,הרפ הדומיניקנית,2,3,5
2021-09-20T00:00:00.000Z,הממלכה המאוחדת,388,576,964
2021-09-20T00:00:00.000Z,הונגריה,402,81,483
2021-09-20T00:00:00.000Z,הולנד,28,36,64
2021-09-20T00:00:00.000Z,הודו,12,79,91
2021-09-20T00:00:00.000Z,האנטילים ההולנדים,0,1,1
2021-09-20T00:00:00.000Z,דרום אפריקה,19,44,63
2021-09-20T00:00:00.000Z,דנמרק,8,3,11
2021-09-20T00:00:00.000Z,דומיניקה,0,2,2
2021-09-20T00:00:00.000Z,גרמניה,472,152,624
2021-09-20T00:00:00.000Z,גיברלטר,0,3,3
2021-09-20T00:00:00.000Z,גווטאמלה,2,6,8
2021-09-20T00:00:00.000Z,גאנה,0,2,2
2021-09-20T00:00:00.000Z,גאורגיה,170,42,212
2021-09-20T00:00:00.000Z,בוסניה הרצגובינה,20,2,22
2021-09-20T00:00:00.000Z,בלגיה,65,93,158
2021-09-20T00:00:00.000Z,בילורוסיה,1,0,1
2021-09-21T00:00:00.000Z,הממלכה המאוחדת,197,64,261
2021-09-21T00:00:00.000Z,אוזבקיסטן,4,0,4
2021-09-21T00:00:00.000Z,מולדובה,70,59,129
2021-09-21T00:00:00.000Z,מונגוליה,0,1,1
2021-09-21T00:00:00.000Z,מונטנגרו,3,0,3
2021-09-21T00:00:00.000Z,מלאווי,0,1,1
2021-09-21T00:00:00.000Z,מלדיבים,46,8,54
2021-09-21T00:00:00.000Z,מצרים,914,245,1159
2021-09-21T00:00:00.000Z,מקדוניה,2,0,2
2021-09-21T00:00:00.000Z,מקסיקו,3,3,6
2021-09-21T00:00:00.000Z,מרוקו,5,2,7
2021-09-21T00:00:00.000Z,ניגריה,2,2,4
2021-09-21T00:00:00.000Z,סין,18,52,70
2021-09-21T00:00:00.000Z,סלובניה,4,0,4
2021-09-21T00:00:00.000Z,סלובקיה,0,2,2
2021-09-21T00:00:00.000Z,סנגל,1,0,1
2021-09-21T00:00:00.000Z,ספרד,119,27,146
2021-09-21T00:00:00.000Z,סרביה,8,5,13
2021-09-21T00:00:00.000Z,סרי לנקה (צילון),3,4,7
2021-09-21T00:00:00.000Z,פאפואה,1,0,1
2021-09-21T00:00:00.000Z,פולין,187,35,222
2021-09-21T00:00:00.000Z,פורטוגל,27,12,39
2021-09-21T00:00:00.000Z,תורכיה,32,41,73
2021-09-21T00:00:00.000Z,תאילנד,1,1,2
2021-09-21T00:00:00.000Z,שוויץ,181,48,229
2021-09-21T00:00:00.000Z,שוודיה,5,6,11
2021-09-21T00:00:00.000Z,רוסיה,229,177,406
2021-09-21T00:00:00.000Z,רומניה,256,23,279
2021-09-21T00:00:00.000Z,רואנדה,3,0,3
2021-09-21T00:00:00.000Z,קרואטיה,15,6,21
2021-09-21T00:00:00.000Z,קפריסין,137,37,174
2021-09-21T00:00:00.000Z,קניה,1,0,1
2021-09-21T00:00:00.000Z,קנדה,69,60,129
2021-09-21T00:00:00.000Z,קמרון,0,1,1
2021-09-21T00:00:00.000Z,קזחסטאן,3,1,4
2021-09-21T00:00:00.000Z,קוריאה הדרומית,1,2,3
2021-09-21T00:00:00.000Z,קוסטה ריקה,9,14,23
2021-09-21T00:00:00.000Z,קולומביה,2,9,11
2021-09-21T00:00:00.000Z,צרפת,373,110,483
2021-09-21T00:00:00.000Z,צכיה,427,50,477
2021-09-21T00:00:00.000Z,צ'ילה,0,1,1
2021-09-21T00:00:00.000Z,פיליפינים,1,1,2
2021-09-21T00:00:00.000Z,פינלנד,0,1,1
2021-09-21T00:00:00.000Z,פנמה,1,6,7
2021-09-21T00:00:00.000Z,פרו,10,12,22
2021-09-21T00:00:00.000Z,הרפ הדומיניקנית,9,3,12
2021-09-21T00:00:00.000Z,מאלי,0,4,4
2021-09-21T00:00:00.000Z,הונדורס,1,0,1
2021-09-21T00:00:00.000Z,הונגריה,484,113,597
2021-09-21T00:00:00.000Z,הונג קונג,2,27,29
2021-09-21T00:00:00.000Z,הולנד,47,30,77
2021-09-21T00:00:00.000Z,הודו,0,1,1
2021-09-21T00:00:00.000Z,דרום אפריקה,6,2,8
2021-09-21T00:00:00.000Z,דנמרק,22,3,25
2021-09-21T00:00:00.000Z,דומיניקה,2,0,2
2021-09-21T00:00:00.000Z,גרמניה,241,63,304
2021-09-21T00:00:00.000Z,גיברלטר,1,0,1
2021-09-21T00:00:00.000Z,גויאנה הצרפתית,2,2,4
2021-09-21T00:00:00.000Z,גווטאמלה,3,3,6
2021-09-21T00:00:00.000Z,גאורגיה,261,39,300
2021-09-21T00:00:00.000Z,ברזיל,4,3,7
2021-09-21T00:00:00.000Z,בנין (דהומי),1,0,1
2021-09-21T00:00:00.000Z,בלגיה,13,4,17
2021-09-21T00:00:00.000Z,בוסניה הרצגובינה,34,3,37
2021-09-21T00:00:00.000Z,בולגריה,2,0,2
2021-09-21T00:00:00.000Z,אתיופיה,9,14,23
2021-09-21T00:00:00.000Z,ארצות הברית,626,421,1047
2021-09-21T00:00:00.000Z,ארמניה,7,3,10
2021-09-21T00:00:00.000Z,ארגנטינה,8,32,40
2021-09-21T00:00:00.000Z,אסטוניה,8,2,10
2021-09-21T00:00:00.000Z,אנגולה,1,0,1
2021-09-21T00:00:00.000Z,אלבניה,2,0,2
2021-09-21T00:00:00.000Z,אל סלבדור,0,1,1
2021-09-21T00:00:00.000Z,אירלנד,11,1,12
2021-09-21T00:00:00.000Z,איסלנד,66,1,67
2021-09-21T00:00:00.000Z,איי סיישל,111,44,155
2021-09-21T00:00:00.000Z,איטליה,394,96,490
2021-09-21T00:00:00.000Z,אזרביג'אן,9,5,14
2021-09-21T00:00:00.000Z,אורגוואי,8,3,11
2021-09-21T00:00:00.000Z,אוקראינה,228,84,312
2021-09-21T00:00:00.000Z,אוסטרליה,3,2,5
2021-09-21T00:00:00.000Z,זימבאבווה,0,1,1
2021-09-21T00:00:00.000Z,חוף השנהב,1,0,1
2021-09-21T00:00:00.000Z,טנזניה,6,2,8
2021-09-21T00:00:00.000Z,יוון,1045,266,1311
2021-09-21T00:00:00.000Z,יפן,0,4,4
2021-09-21T00:00:00.000Z,ירדן,83,38,121
2021-09-21T00:00:00.000Z,כלל המדינות,7878,4317,12195
2021-09-21T00:00:00.000Z,לטביה,69,20,89
2021-09-21T00:00:00.000Z,ליטא,5,0,5
2021-09-21T00:00:00.000Z,איחוד האמירויות הערב,87,20,107
2021-09-21T00:00:00.000Z,אוסטריה,372,105,477
2021-09-21T00:00:00.000Z,אוגנדה,3,2,5
2021-09-22T00:00:00.000Z,אנגולה,7,1,8
2021-09-22T00:00:00.000Z,אסטוניה,5,2,7
2021-09-22T00:00:00.000Z,אקואדור,2,5,7
2021-09-22T00:00:00.000Z,ארמניה,1,2,3
2021-09-22T00:00:00.000Z,ארצות הברית,1070,575,1645
2021-09-22T00:00:00.000Z,אתיופיה,8,34,42
2021-09-22T00:00:00.000Z,בוטסואנה,0,35,35
2021-09-22T00:00:00.000Z,בולגריה,19,22,41
2021-09-22T00:00:00.000Z,בוסניה הרצגובינה,13,5,18
2021-09-22T00:00:00.000Z,בורונדי,0,1,1
2021-09-22T00:00:00.000Z,בילורוסיה,94,76,170
2021-09-22T00:00:00.000Z,בלגיה,7,0,7
2021-09-22T00:00:00.000Z,ברזיל,0,2,2
2021-09-22T00:00:00.000Z,גאורגיה,303,95,398
2021-09-22T00:00:00.000Z,גאנה,1,1,2
2021-09-22T00:00:00.000Z,גווטאמלה,3,1,4
2021-09-22T00:00:00.000Z,גמביה,1,0,1
2021-09-22T00:00:00.000Z,גמייקה,2,0,2
2021-09-22T00:00:00.000Z,גרמניה,454,133,587
2021-09-22T00:00:00.000Z,דומיניקה,2,0,2
2021-09-22T00:00:00.000Z,דנמרק,16,7,23
2021-09-22T00:00:00.000Z,דרום אפריקה,19,12,31
2021-09-22T00:00:00.000Z,האנטילים ההולנדים,1,0,1
2021-09-22T00:00:00.000Z,הודו,3,2,5
2021-09-22T00:00:00.000Z,הולנד,68,44,112
2021-09-22T00:00:00.000Z,הונג קונג,0,1,1
2021-09-22T00:00:00.000Z,הונגריה,532,135,667
2021-09-22T00:00:00.000Z,קרואטיה,23,15,38
2021-09-22T00:00:00.000Z,קפריסין,392,121,513
2021-09-22T00:00:00.000Z,קניה,3,5,8
2021-09-22T00:00:00.000Z,קנדה,77,80,157
2021-09-22T00:00:00.000Z,קמרון,0,1,1
2021-09-22T00:00:00.000Z,קזחסטאן,0,2,2
2021-09-22T00:00:00.000Z,קוריאה הדרומית,0,5,5
2021-09-22T00:00:00.000Z,קוסטה ריקה,18,21,39
2021-09-22T00:00:00.000Z,צרפת,621,214,835
2021-09-22T00:00:00.000Z,צכיה,594,61,655
2021-09-22T00:00:00.000Z,פרו,4,6,10
2021-09-22T00:00:00.000Z,פנמה,5,6,11
2021-09-22T00:00:00.000Z,פינלנד,52,17,69
2021-09-22T00:00:00.000Z,פיליפינים,1,3,4
2021-09-22T00:00:00.000Z,פורטוגל,65,36,101
2021-09-22T00:00:00.000Z,פולין,170,52,222
2021-09-22T00:00:00.000Z,סרי לנקה (צילון),12,3,15
2021-09-22T00:00:00.000Z,סרביה,69,24,93
2021-09-22T00:00:00.000Z,ספרד,250,30,280
2021-09-22T00:00:00.000Z,סנגל,0,2,2
2021-09-22T00:00:00.000Z,סלובקיה,102,12,114
2021-09-22T00:00:00.000Z,סלובניה,8,5,13
2021-09-22T00:00:00.000Z,סין,1,0,1
2021-09-22T00:00:00.000Z,סוריה,1,2,3
2021-09-22T00:00:00.000Z,ניקרגואה,1,1,2
2021-09-22T00:00:00.000Z,ניגריה,0,1,1
2021-09-22T00:00:00.000Z,נורבגיה,2,3,5
2021-09-22T00:00:00.000Z,מרוקו,13,5,18
2021-09-22T00:00:00.000Z,מקסיקו,0,5,5
2021-09-22T00:00:00.000Z,מקדוניה,1,1,2
2021-09-22T00:00:00.000Z,מצרים,848,328,1176
2021-09-22T00:00:00.000Z,מלדיבים,52,23,75
2021-09-22T00:00:00.000Z,מונטנגרו,142,27,169
2021-09-22T00:00:00.000Z,מוזמביק,1,1,2
2021-09-22T00:00:00.000Z,מאוריציוס,0,4,4
2021-09-22T00:00:00.000Z,ליבריה,1,1,2
2021-09-22T00:00:00.000Z,לטביה,0,1,1
2021-09-22T00:00:00.000Z,לוכסמבורג,1,0,1
2021-09-22T00:00:00.000Z,כלל המדינות,11519,5961,17480
2021-09-22T00:00:00.000Z,ירדן,213,62,275
2021-09-22T00:00:00.000Z,יפן,1,1,2
2021-09-22T00:00:00.000Z,יוון,1521,348,1869
2021-09-22T00:00:00.000Z,טנזניה,13,4,17
2021-09-22T00:00:00.000Z,זימבאבווה,2,1,3
2021-09-22T00:00:00.000Z,ונצואלה,0,1,1
2021-09-22T00:00:00.000Z,ויטנאם,0,3,3
2021-09-22T00:00:00.000Z,הרפ הדומיניקנית,8,3,11
2021-09-22T00:00:00.000Z,הממלכה המאוחדת,509,145,654
2021-09-22T00:00:00.000Z,אזרביג'אן,7,5,12
2021-09-22T00:00:00.000Z,איחוד האמירויות הערב,164,66,230
2021-09-22T00:00:00.000Z,תורכיה,23,32,55
2021-09-22T00:00:00.000Z,תאילנד,5,8,13
2021-09-22T00:00:00.000Z,שוויץ,262,58,320
2021-09-22T00:00:00.000Z,שוודיה,9,2,11
2021-09-22T00:00:00.000Z,רוסיה,148,188,336
2021-09-22T00:00:00.000Z,אוגנדה,3,2,5
2021-09-22T00:00:00.000Z,אוזבקיסטן,2,2,4
2021-09-22T00:00:00.000Z,אוסטריה,433,114,547
2021-09-22T00:00:00.000Z,אוסטרליה,2,5,7
2021-09-22T00:00:00.000Z,אוקראינה,452,289,741
2021-09-22T00:00:00.000Z,אורגוואי,3,0,3
2021-09-22T00:00:00.000Z,רומניה,497,146,643
2021-09-22T00:00:00.000Z,איטליה,524,83,607
2021-09-22T00:00:00.000Z,איי סיישל,99,23,122
2021-09-22T00:00:00.000Z,איסלנד,15,1,16
2021-09-22T00:00:00.000Z,אירלנד,9,0,9
2021-09-22T00:00:00.000Z,אלבניה,7,4,11
2021-09-23T00:00:00.000Z,גבון,0,2,2
2021-09-23T00:00:00.000Z,בילורוסיה,101,79,180
2021-09-23T00:00:00.000Z,בלגיה,83,72,155
2021-09-23T00:00:00.000Z,בוסניה הרצגובינה,2,0,2
2021-09-23T00:00:00.000Z,בולגריה,3,0,3
2021-09-23T00:00:00.000Z,אתיופיה,25,19,44
2021-09-23T00:00:00.000Z,ארצות הברית,1392,1090,2482
2021-09-23T00:00:00.000Z,ארמניה,127,20,147
2021-09-23T00:00:00.000Z,ארגנטינה,4,11,15
2021-09-23T00:00:00.000Z,אסטוניה,1,0,1
2021-09-23T00:00:00.000Z,אלבניה,3,3,6
2021-09-23T00:00:00.000Z,אל סלבדור,1,1,2
2021-09-23T00:00:00.000Z,אירלנד,9,2,11
2021-09-23T00:00:00.000Z,איסלנד,103,15,118
2021-09-23T00:00:00.000Z,איי סיישל,10,0,10
2021-09-23T00:00:00.000Z,איטליה,980,216,1196
2021-09-23T00:00:00.000Z,אזרביג'אן,106,34,140
2021-09-23T00:00:00.000Z,אורגוואי,0,4,4
2021-09-23T00:00:00.000Z,אוקראינה,420,224,644
2021-09-23T00:00:00.000Z,אוסטרליה,2,1,3
2021-09-23T00:00:00.000Z,אוסטריה,456,103,559
2021-09-23T00:00:00.000Z,אוזבקיסטן,6,9,15
2021-09-23T00:00:00.000Z,אוגנדה,1,1,2
2021-09-23T00:00:00.000Z,גאורגיה,632,101,733
2021-09-23T00:00:00.000Z,גאנה,2,0,2
2021-09-23T00:00:00.000Z,איחוד האמירויות הערב,173,49,222
2021-09-23T00:00:00.000Z,גווטאמלה,11,5,16
2021-09-23T00:00:00.000Z,תורכמניסטאן,0,1,1
2021-09-23T00:00:00.000Z,תורכיה,29,26,55
2021-09-23T00:00:00.000Z,שוויץ,202,79,281
2021-09-23T00:00:00.000Z,שוודיה,15,17,32
2021-09-23T00:00:00.000Z,רוסיה,175,228,403
2021-09-23T00:00:00.000Z,רומניה,154,46,200
2021-09-23T00:00:00.000Z,קרואטיה,2,0,2
2021-09-23T00:00:00.000Z,קפריסין,375,140,515
2021-09-23T00:00:00.000Z,קניה,7,3,10
2021-09-23T00:00:00.000Z,קנדה,87,62,149
2021-09-23T00:00:00.000Z,קירג'זסטאן,3,1,4
2021-09-23T00:00:00.000Z,קטר,1,0,1
2021-09-23T00:00:00.000Z,קזחסטאן,0,1,1
2021-09-23T00:00:00.000Z,קוסטה ריקה,8,22,30
2021-09-23T00:00:00.000Z,קולומביה,8,8,16
2021-09-23T00:00:00.000Z,צרפת,653,416,1069
2021-09-23T00:00:00.000Z,צכיה,424,67,491
2021-09-23T00:00:00.000Z,צ'ילה,3,0,3
2021-09-23T00:00:00.000Z,פרו,11,24,35
2021-09-23T00:00:00.000Z,פנמה,12,14,26
2021-09-23T00:00:00.000Z,פינלנד,5,0,5
2021-09-23T00:00:00.000Z,פורטוגל,67,36,103
2021-09-23T00:00:00.000Z,פולין,246,44,290
2021-09-23T00:00:00.000Z,סרי לנקה (צילון),2,2,4
2021-09-23T00:00:00.000Z,סרביה,4,5,9
2021-09-23T00:00:00.000Z,ספרד,346,113,459
2021-09-23T00:00:00.000Z,סלובקיה,2,0,2
2021-09-23T00:00:00.000Z,סינגפור,0,1,1
2021-09-23T00:00:00.000Z,סין,0,4,4
2021-09-23T00:00:00.000Z,סוריה,4,1,5
2021-09-23T00:00:00.000Z,נמיביה,2,0,2
2021-09-23T00:00:00.000Z,ניגריה,3,2,5
2021-09-23T00:00:00.000Z,נורבגיה,0,3,3
2021-09-23T00:00:00.000Z,מרוקו,6,5,11
2021-09-23T00:00:00.000Z,מקסיקו,0,1,1
2021-09-23T00:00:00.000Z,מקדוניה,4,0,4
2021-09-23T00:00:00.000Z,מצרים,901,336,1237
2021-09-23T00:00:00.000Z,מלדיבים,53,18,71
2021-09-23T00:00:00.000Z,מונטנגרו,1,0,1
2021-09-23T00:00:00.000Z,מולדובה,83,85,168
2021-09-23T00:00:00.000Z,ליטא,127,37,164
2021-09-23T00:00:00.000Z,לבנון,0,1,1
2021-09-23T00:00:00.000Z,כלל המדינות,13704,7547,21251
2021-09-23T00:00:00.000Z,ירדן,449,137,586
2021-09-23T00:00:00.000Z,יפן,2,1,3
2021-09-23T00:00:00.000Z,יוון,2045,517,2562
2021-09-23T00:00:00.000Z,טנזניה,22,12,34
2021-09-23T00:00:00.000Z,טג'יקיסטאן,3,0,3
2021-09-23T00:00:00.000Z,חוף השנהב,1,2,3
2021-09-23T00:00:00.000Z,הרפ הדומיניקנית,13,3,16
2021-09-23T00:00:00.000Z,הממלכה המאוחדת,431,249,680
2021-09-23T00:00:00.000Z,הונדורס,2,0,2
2021-09-23T00:00:00.000Z,הונגריה,779,154,933
2021-09-23T00:00:00.000Z,הולנד,137,96,233
2021-09-23T00:00:00.000Z,הודו,2,1,3
2021-09-23T00:00:00.000Z,דרום אפריקה,26,12,38
2021-09-23T00:00:00.000Z,דנמרק,119,50,169
2021-09-23T00:00:00.000Z,גרמניה,414,105,519
2021-09-23T00:00:00.000Z,גויאנה הצרפתית,2,0,2
2021-09-23T00:00:00.000Z,ברזיל,3,2,5
2021-09-24T00:00:00.000Z,כלל המדינות,13983,5894,19877
2021-09-24T00:00:00.000Z,יוון,1645,327,1972
2021-09-24T00:00:00.000Z,טנזניה,1,3,4
2021-09-24T00:00:00.000Z,אוזבקיסטן,5,2,7
2021-09-24T00:00:00.000Z,אוסטריה,1183,204,1387
2021-09-24T00:00:00.000Z,אוסטרליה,5,1,6
2021-09-24T00:00:00.000Z,אוקראינה,503,258,761
2021-09-24T00:00:00.000Z,אורגוואי,1,1,2
2021-09-24T00:00:00.000Z,אזרביג'אן,7,0,7
2021-09-24T00:00:00.000Z,איטליה,557,113,670
2021-09-24T00:00:00.000Z,איי סיישל,2,0,2
2021-09-24T00:00:00.000Z,איסלנד,7,0,7
2021-09-24T00:00:00.000Z,אירלנד,11,2,13
2021-09-24T00:00:00.000Z,אלבניה,5,1,6
2021-09-24T00:00:00.000Z,אסטוניה,4,0,4
2021-09-24T00:00:00.000Z,אקואדור,4,3,7
2021-09-24T00:00:00.000Z,ארגנטינה,13,16,29
2021-09-24T00:00:00.000Z,ארמניה,6,0,6
2021-09-24T00:00:00.000Z,ארצות הברית,1568,877,2445
2021-09-24T00:00:00.000Z,לוכסמבורג,0,1,1
2021-09-24T00:00:00.000Z,לטביה,0,2,2
2021-09-24T00:00:00.000Z,ליטא,6,0,6
2021-09-24T00:00:00.000Z,מולדובה,66,60,126
2021-09-24T00:00:00.000Z,מונטנגרו,311,42,353
2021-09-24T00:00:00.000Z,מלדיבים,40,9,49
2021-09-24T00:00:00.000Z,מצרים,1111,410,1521
2021-09-24T00:00:00.000Z,מקדוניה,0,1,1
2021-09-24T00:00:00.000Z,מרוקו,10,4,14
2021-09-24T00:00:00.000Z,נורבגיה,3,0,3
2021-09-24T00:00:00.000Z,ניגריה,1,1,2
2021-09-24T00:00:00.000Z,נפאל,1,2,3
2021-09-24T00:00:00.000Z,סין,2,0,2
2021-09-24T00:00:00.000Z,סינגפור,2,5,7
2021-09-24T00:00:00.000Z,סלובקיה,174,27,201
2021-09-24T00:00:00.000Z,ספרד,493,80,573
2021-09-24T00:00:00.000Z,סרביה,8,2,10
2021-09-24T00:00:00.000Z,סרי לנקה (צילון),4,1,5
2021-09-24T00:00:00.000Z,ערב הסעודית,1,1,2
2021-09-24T00:00:00.000Z,פולין,350,57,407
2021-09-24T00:00:00.000Z,פורטוגל,19,8,27
2021-09-24T00:00:00.000Z,פיליפינים,1,2,3
2021-09-24T00:00:00.000Z,פינלנד,97,19,116
2021-09-24T00:00:00.000Z,פנמה,6,6,12
2021-09-24T00:00:00.000Z,ירדן,2,5,7
2021-09-24T00:00:00.000Z,צכיה,877,96,973
2021-09-24T00:00:00.000Z,צרפת,466,194,660
2021-09-24T00:00:00.000Z,קובה,1,0,1
2021-09-24T00:00:00.000Z,קולומביה,2,11,13
2021-09-24T00:00:00.000Z,קוסובו,1,0,1
2021-09-24T00:00:00.000Z,קוסטה ריקה,50,42,92
2021-09-24T00:00:00.000Z,קזחסטאן,11,2,13
2021-09-24T00:00:00.000Z,קטר,4,0,4
2021-09-24T00:00:00.000Z,קירג'זסטאן,3,0,3
2021-09-24T00:00:00.000Z,קנדה,84,99,183
2021-09-24T00:00:00.000Z,קניה,2,0,2
2021-09-24T00:00:00.000Z,קפריסין,396,123,519
2021-09-24T00:00:00.000Z,קרואטיה,35,12,47
2021-09-24T00:00:00.000Z,רומניה,394,64,458
2021-09-24T00:00:00.000Z,רוסיה,309,210,519
2021-09-24T00:00:00.000Z,שוודיה,10,1,11
2021-09-24T00:00:00.000Z,שוויץ,341,66,407
2021-09-24T00:00:00.000Z,תאילנד,184,86,270
2021-09-24T00:00:00.000Z,תוניסיה,1,0,1
2021-09-24T00:00:00.000Z,תורכיה,49,44,93
2021-09-24T00:00:00.000Z,תורכמניסטאן,1,0,1
2021-09-24T00:00:00.000Z,זאיר,1,0,1
2021-09-24T00:00:00.000Z,ונצואלה,0,1,1
2021-09-24T00:00:00.000Z,הרפ הדומיניקנית,19,5,24
2021-09-24T00:00:00.000Z,הממלכה המאוחדת,315,173,488
2021-09-24T00:00:00.000Z,הונגריה,472,49,521
2021-09-24T00:00:00.000Z,הולנד,78,37,115
2021-09-24T00:00:00.000Z,הודו,5,4,9
2021-09-24T00:00:00.000Z,דרום אפריקה,0,4,4
2021-09-24T00:00:00.000Z,דנמרק,8,2,10
2021-09-24T00:00:00.000Z,דומיניקה,2,0,2
2021-09-24T00:00:00.000Z,גרמניה,510,116,626
2021-09-24T00:00:00.000Z,גיברלטר,4,4,8
2021-09-24T00:00:00.000Z,גווטאמלה,3,5,8
2021-09-24T00:00:00.000Z,גאורגיה,169,37,206
2021-09-24T00:00:00.000Z,ברזיל,1,6,7
2021-09-24T00:00:00.000Z,בלגיה,23,6,29
2021-09-24T00:00:00.000Z,בילורוסיה,87,35,122
2021-09-24T00:00:00.000Z,בוסניה הרצגובינה,54,23,77
2021-09-24T00:00:00.000Z,בולגריה,14,25,39
2021-09-24T00:00:00.000Z,אתיופיה,2,0,2
2021-09-24T00:00:00.000Z,איחוד האמירויות הערב,206,46,252
2021-09-24T00:00:00.000Z,פרו,4,8,12
2021-09-25T00:00:00.000Z,קניה,11,6,17
2021-09-25T00:00:00.000Z,קפריסין,316,110,426
2021-09-25T00:00:00.000Z,קרואטיה,33,5,38
2021-09-25T00:00:00.000Z,רואנדה,1,1,2
2021-09-25T00:00:00.000Z,רומניה,565,98,663
2021-09-25T00:00:00.000Z,רוסיה,39,25,64
2021-09-25T00:00:00.000Z,שוודיה,2,4,6
2021-09-25T00:00:00.000Z,שוויץ,161,20,181
2021-09-25T00:00:00.000Z,תאילנד,0,6,6
2021-09-25T00:00:00.000Z,תורכיה,72,55,127
2021-09-25T00:00:00.000Z,תורכמניסטאן,0,1,1
2021-09-25T00:00:00.000Z,איסלנד,71,10,81
2021-09-25T00:00:00.000Z,אירלנד,8,1,9
2021-09-25T00:00:00.000Z,אל סלבדור,1,1,2
2021-09-25T00:00:00.000Z,אלבניה,4,0,4
2021-09-25T00:00:00.000Z,אנגולה,3,0,3
2021-09-25T00:00:00.000Z,אנדורה,1,0,1
2021-09-25T00:00:00.000Z,אסטוניה,2,2,4
2021-09-25T00:00:00.000Z,אקואדור,1,1,2
2021-09-25T00:00:00.000Z,ארמניה,4,0,4
2021-09-25T00:00:00.000Z,ארצות הברית,1401,580,1981
2021-09-25T00:00:00.000Z,אתיופיה,34,14,48
2021-09-25T00:00:00.000Z,בוטסואנה,1,0,1
2021-09-25T00:00:00.000Z,בוסניה הרצגובינה,2,0,2
2021-09-25T00:00:00.000Z,בחריין,2,1,3
2021-09-25T00:00:00.000Z,בלגיה,6,2,8
2021-09-25T00:00:00.000Z,גאורגיה,339,65,404
2021-09-25T00:00:00.000Z,גאנה,3,3,6
2021-09-25T00:00:00.000Z,גווטאמלה,2,2,4
2021-09-25T00:00:00.000Z,גינאה המשוונית,1,2,3
2021-09-25T00:00:00.000Z,גמייקה,2,1,3
2021-09-25T00:00:00.000Z,גרמניה,422,98,520
2021-09-25T00:00:00.000Z,דנמרק,20,4,24
2021-09-25T00:00:00.000Z,דרום אפריקה,39,20,59
2021-09-25T00:00:00.000Z,הודו,5,4,9
2021-09-25T00:00:00.000Z,הולנד,124,61,185
2021-09-25T00:00:00.000Z,הונגריה,284,45,329
2021-09-25T00:00:00.000Z,הונדורס,3,0,3
2021-09-25T00:00:00.000Z,הממלכה המאוחדת,459,92,551
2021-09-25T00:00:00.000Z,הרפ הדומיניקנית,23,1,24
2021-09-25T00:00:00.000Z,זמביה,1,0,1
2021-09-25T00:00:00.000Z,חוף השנהב,1,0,1
2021-09-25T00:00:00.000Z,טג'יקיסטאן,1,0,1
2021-09-25T00:00:00.000Z,טוגו,1,0,1
2021-09-25T00:00:00.000Z,טיוואן,0,1,1
2021-09-25T00:00:00.000Z,טנזניה,29,5,34
2021-09-25T00:00:00.000Z,יוון,1685,277,1962
2021-09-25T00:00:00.000Z,יפן,0,4,4
2021-09-25T00:00:00.000Z,ירדן,3,4,7
2021-09-25T00:00:00.000Z,כלל המדינות,11953,4350,16303
2021-09-25T00:00:00.000Z,לטביה,87,17,104
2021-09-25T00:00:00.000Z,ליטא,4,3,7
2021-09-25T00:00:00.000Z,מאלי,3,1,4
2021-09-25T00:00:00.000Z,מוזמביק,3,0,3
2021-09-25T00:00:00.000Z,מונטנגרו,1,1,2
2021-09-25T00:00:00.000Z,מלדיבים,70,7,77
2021-09-25T00:00:00.000Z,מצרים,1802,498,2300
2021-09-25T00:00:00.000Z,מקאו,0,1,1
2021-09-25T00:00:00.000Z,מקדוניה,1,0,1
2021-09-25T00:00:00.000Z,מרוקו,1,0,1
2021-09-25T00:00:00.000Z,נורבגיה,0,3,3
2021-09-25T00:00:00.000Z,ניגריה,4,2,6
2021-09-25T00:00:00.000Z,ניו זילנד,0,1,1
2021-09-25T00:00:00.000Z,נמיביה,3,0,3
2021-09-25T00:00:00.000Z,נפאל,2,0,2
2021-09-25T00:00:00.000Z,סט. לוציה,1,0,1
2021-09-25T00:00:00.000Z,סינגפור,0,7,7
2021-09-25T00:00:00.000Z,סלובניה,14,1,15
2021-09-25T00:00:00.000Z,סנגל,0,1,1
2021-09-25T00:00:00.000Z,ספרד,120,18,138
2021-09-25T00:00:00.000Z,סרביה,7,1,8
2021-09-25T00:00:00.000Z,סרי לנקה (צילון),5,1,6
2021-09-25T00:00:00.000Z,פולין,233,30,263
2021-09-25T00:00:00.000Z,פולינזיה הצרפתית,1,0,1
2021-09-25T00:00:00.000Z,פורטוגל,31,10,41
2021-09-25T00:00:00.000Z,פינלנד,4,0,4
2021-09-25T00:00:00.000Z,פנמה,8,6,14
2021-09-25T00:00:00.000Z,פרגוואי,2,0,2
2021-09-25T00:00:00.000Z,פרו,11,1,12
2021-09-25T00:00:00.000Z,צכיה,645,82,727
2021-09-25T00:00:00.000Z,צרפת,564,121,685
2021-09-25T00:00:00.000Z,קולומביה,7,1,8
2021-09-25T00:00:00.000Z,קוסטה ריקה,10,2,12
2021-09-25T00:00:00.000Z,קוריאה הדרומית,0,6,6
2021-09-25T00:00:00.000Z,קזחסטאן,1,0,1
2021-09-25T00:00:00.000Z,אוסטריה,515,94,609
2021-09-25T00:00:00.000Z,אוסטרליה,2,1,3
2021-09-25T00:00:00.000Z,איחוד האמירויות הערב,286,37,323
2021-09-25T00:00:00.000Z,אוקראינה,246,113,359
2021-09-25T00:00:00.000Z,אזרביג'אן,5,1,6
2021-09-25T00:00:00.000Z,איטליה,683,111,794
2021-09-25T00:00:00.000Z,איי סיישל,17,5,22
2021-09-25T00:00:00.000Z,אינדונזיה,0,1,1
2021-09-25T00:00:00.000Z,קירג'זסטאן,3,0,3
2021-09-25T00:00:00.000Z,קנדה,114,70,184
2021-09-25T00:00:00.000Z,אוזבקיסטן,2,8,10
2021-09-25T00:00:00.000Z,אוגנדה,4,1,5
2021-09-25T00:00:00.000Z,אבחזיסטאן,1,0,1
2021-09-26T00:00:00.000Z,קפריסין,1232,264,1496
2021-09-26T00:00:00.000Z,אסטוניה,1,0,1
2021-09-26T00:00:00.000Z,אלבניה,11,2,13
2021-09-26T00:00:00.000Z,אירלנד,34,4,38
2021-09-26T00:00:00.000Z,איסלנד,63,6,69
2021-09-26T00:00:00.000Z,איי סיישל,425,83,508
2021-09-26T00:00:00.000Z,איטליה,895,127,1022
2021-09-26T00:00:00.000Z,אזרביג'אן,141,30,171
2021-09-26T00:00:00.000Z,אורגוואי,3,3,6
2021-09-26T00:00:00.000Z,אוקראינה,614,248,862
2021-09-26T00:00:00.000Z,אוסטרליה,3,7,10
2021-09-26T00:00:00.000Z,אוסטריה,686,100,786
2021-09-26T00:00:00.000Z,אוזבקיסטן,0,3,3
2021-09-26T00:00:00.000Z,אוגנדה,2,0,2
2021-09-26T00:00:00.000Z,איחוד האמירויות הערב,384,96,480
2021-09-26T00:00:00.000Z,אקואדור,1,0,1
2021-09-26T00:00:00.000Z,ארגנטינה,8,6,14
2021-09-26T00:00:00.000Z,ארמניה,4,0,4
2021-09-26T00:00:00.000Z,ארצות הברית,1637,747,2384
2021-09-26T00:00:00.000Z,בולגריה,15,28,43
2021-09-26T00:00:00.000Z,בילורוסיה,134,37,171
2021-09-26T00:00:00.000Z,בלגיה,92,58,150
2021-09-26T00:00:00.000Z,ברזיל,1,1,2
2021-09-26T00:00:00.000Z,גאורגיה,991,96,1087
2021-09-26T00:00:00.000Z,גווטאמלה,3,5,8
2021-09-26T00:00:00.000Z,גרמניה,753,181,934
2021-09-26T00:00:00.000Z,דנמרק,169,38,207
2021-09-26T00:00:00.000Z,דרום אפריקה,7,10,17
2021-09-26T00:00:00.000Z,הודו,4,0,4
2021-09-26T00:00:00.000Z,הולנד,329,67,396
2021-09-26T00:00:00.000Z,הונגריה,1011,90,1101
2021-09-26T00:00:00.000Z,הונדורס,0,2,2
2021-09-26T00:00:00.000Z,הממלכה המאוחדת,804,182,986
2021-09-26T00:00:00.000Z,הרפ הדומיניקנית,66,10,76
2021-09-26T00:00:00.000Z,ויטנאם,2,7,9
2021-09-26T00:00:00.000Z,זאיר,2,0,2
2021-09-26T00:00:00.000Z,חוף השנהב,2,2,4
2021-09-26T00:00:00.000Z,טובלו,1,0,1
2021-09-26T00:00:00.000Z,טנזניה,1,0,1
2021-09-26T00:00:00.000Z,יוון,3031,475,3506
2021-09-26T00:00:00.000Z,יפן,1,2,3
2021-09-26T00:00:00.000Z,ירדן,675,185,860
2021-09-26T00:00:00.000Z,כווית,1,0,1
2021-09-26T00:00:00.000Z,כלל המדינות,21854,7494,29348
2021-09-26T00:00:00.000Z,לוכסמבורג,1,0,1
2021-09-26T00:00:00.000Z,לטביה,2,0,2
2021-09-26T00:00:00.000Z,תורכמניסטאן,0,1,1
2021-09-26T00:00:00.000Z,תורכיה,64,52,116
2021-09-26T00:00:00.000Z,תוניסיה,1,5,6
2021-09-26T00:00:00.000Z,תאילנד,2,2,4
2021-09-26T00:00:00.000Z,שוויץ,575,141,716
2021-09-26T00:00:00.000Z,שוודיה,7,12,19
2021-09-26T00:00:00.000Z,רוסיה,216,196,412
2021-09-26T00:00:00.000Z,רומניה,314,27,341
2021-09-26T00:00:00.000Z,ראוניון,1,0,1
2021-09-26T00:00:00.000Z,קרואטיה,33,7,40
2021-09-26T00:00:00.000Z,אנגולה,5,1,6
2021-09-26T00:00:00.000Z,ליטא,140,17,157
2021-09-26T00:00:00.000Z,מוזמביק,3,2,5
2021-09-26T00:00:00.000Z,מולדובה,165,89,254
2021-09-26T00:00:00.000Z,מונטנגרו,185,10,195
2021-09-26T00:00:00.000Z,מיאנמר (בורמה),0,2,2
2021-09-26T00:00:00.000Z,מלדיבים,105,12,117
2021-09-26T00:00:00.000Z,מלטה,0,3,3
2021-09-26T00:00:00.000Z,מצרים,2129,596,2725
2021-09-26T00:00:00.000Z,מקדוניה,2,2,4
2021-09-26T00:00:00.000Z,מקסיקו,0,1,1
2021-09-26T00:00:00.000Z,מרוקו,18,8,26
2021-09-26T00:00:00.000Z,נורבגיה,6,6,12
2021-09-26T00:00:00.000Z,ניגריה,3,2,5
2021-09-26T00:00:00.000Z,סין,1,0,1
2021-09-26T00:00:00.000Z,סינגפור,1,1,2
2021-09-26T00:00:00.000Z,סלובקיה,2,1,3
2021-09-26T00:00:00.000Z,סן מרינו,2,0,2
2021-09-26T00:00:00.000Z,ספרד,396,63,459
2021-09-26T00:00:00.000Z,סרביה,9,1,10
2021-09-26T00:00:00.000Z,סרי לנקה (צילון),2,1,3
2021-09-26T00:00:00.000Z,עומן,2,0,2
2021-09-26T00:00:00.000Z,פולין,376,38,414
2021-09-26T00:00:00.000Z,פולינזיה הצרפתית,0,1,1
2021-09-26T00:00:00.000Z,פורטוגל,67,28,95
2021-09-26T00:00:00.000Z,פיליפינים,0,3,3
2021-09-26T00:00:00.000Z,פינלנד,1,0,1
2021-09-26T00:00:00.000Z,פנמה,4,12,16
2021-09-26T00:00:00.000Z,פקיסטן,0,1,1
2021-09-26T00:00:00.000Z,פרו,0,11,11
2021-09-26T00:00:00.000Z,צכיה,598,45,643
2021-09-26T00:00:00.000Z,צרפת,808,253,1061
2021-09-26T00:00:00.000Z,קולומביה,6,3,9
2021-09-26T00:00:00.000Z,קוסטה ריקה,33,16,49
2021-09-26T00:00:00.000Z,קוריאה הדרומית,4,2,6
2021-09-26T00:00:00.000Z,קזחסטאן,3,0,3
2021-09-26T00:00:00.000Z,קירג'זסטאן,3,3,6
2021-09-26T00:00:00.000Z,קנדה,127,54,181
2021-09-26T00:00:00.000Z,קניה,1,0,1
2021-09-27T00:00:00.000Z,צ'ילה,1,5,6
2021-09-27T00:00:00.000Z,מונקו,1,0,1
2021-09-27T00:00:00.000Z,מצרים,2261,498,2759
2021-09-27T00:00:00.000Z,מקסיקו,2,3,5
2021-09-27T00:00:00.000Z,מרוקו,24,8,32
2021-09-27T00:00:00.000Z,נורבגיה,6,1,7
2021-09-27T00:00:00.000Z,ניגריה,2,2,4
2021-09-27T00:00:00.000Z,ניקרגואה,1,0,1
2021-09-27T00:00:00.000Z,נפאל,1,0,1
2021-09-27T00:00:00.000Z,סומליה,1,0,1
2021-09-27T00:00:00.000Z,סינגפור,2,2,4
2021-09-27T00:00:00.000Z,מונטנגרו,493,27,520
2021-09-27T00:00:00.000Z,מולדובה,4,1,5
2021-09-27T00:00:00.000Z,מאלי,4,0,4
2021-09-27T00:00:00.000Z,ליטא,9,4,13
2021-09-27T00:00:00.000Z,בהמס,0,2,2
2021-09-27T00:00:00.000Z,אתיופיה,25,11,36
2021-09-27T00:00:00.000Z,ארצות הברית,2633,927,3560
2021-09-27T00:00:00.000Z,ארמניה,11,1,12
2021-09-27T00:00:00.000Z,אקואדור,3,2,5
2021-09-27T00:00:00.000Z,אסטוניה,4,2,6
2021-09-27T00:00:00.000Z,אנגולה,3,0,3
2021-09-27T00:00:00.000Z,אלבניה,1,0,1
2021-09-27T00:00:00.000Z,אירלנד,8,5,13
2021-09-27T00:00:00.000Z,איסלנד,78,2,80
2021-09-27T00:00:00.000Z,איי סיישל,121,15,136
2021-09-27T00:00:00.000Z,איטליה,1293,113,1406
2021-09-27T00:00:00.000Z,אזרביג'אן,56,52,108
2021-09-27T00:00:00.000Z,אורגוואי,4,1,5
2021-09-27T00:00:00.000Z,אוקראינה,622,182,804
2021-09-27T00:00:00.000Z,אוסטרליה,8,4,12
2021-09-27T00:00:00.000Z,אוסטריה,1312,184,1496
2021-09-27T00:00:00.000Z,אוזבקיסטן,63,77,140
2021-09-27T00:00:00.000Z,אוגנדה,1,0,1
2021-09-27T00:00:00.000Z,אבחזיסטאן,2,0,2
2021-09-27T00:00:00.000Z,סלובניה,5,0,5
2021-09-27T00:00:00.000Z,סלובקיה,181,17,198
2021-09-27T00:00:00.000Z,ספרד,600,70,670
2021-09-27T00:00:00.000Z,סרביה,105,20,125
2021-09-27T00:00:00.000Z,סרי לנקה (צילון),5,2,7
2021-09-27T00:00:00.000Z,פולין,663,64,727
2021-09-27T00:00:00.000Z,פולינזיה הצרפתית,1,0,1
2021-09-27T00:00:00.000Z,פורטוגל,155,36,191
2021-09-27T00:00:00.000Z,פיליפינים,0,1,1
2021-09-27T00:00:00.000Z,פינלנד,18,1,19
2021-09-27T00:00:00.000Z,פנמה,6,14,20
2021-09-27T00:00:00.000Z,פרו,12,10,22
2021-09-27T00:00:00.000Z,מלדיבים,236,31,267
2021-09-27T00:00:00.000Z,צכיה,1111,87,1198
2021-09-27T00:00:00.000Z,צרפת,1157,155,1312
2021-09-27T00:00:00.000Z,קובה,2,0,2
2021-09-27T00:00:00.000Z,קולומביה,14,4,18
2021-09-27T00:00:00.000Z,קוסטה ריקה,29,15,44
2021-09-27T00:00:00.000Z,קוריאה הדרומית,1,0,1
2021-09-27T00:00:00.000Z,קזחסטאן,3,6,9
2021-09-27T00:00:00.000Z,קירג'זסטאן,27,2,29
2021-09-27T00:00:00.000Z,קנדה,248,159,407
2021-09-27T00:00:00.000Z,קניה,8,3,11
2021-09-27T00:00:00.000Z,קפריסין,443,94,537
2021-09-27T00:00:00.000Z,קרואטיה,40,2,42
2021-09-27T00:00:00.000Z,רומניה,501,30,531
2021-09-27T00:00:00.000Z,רוסיה,340,180,520
2021-09-27T00:00:00.000Z,שוודיה,2,1,3
2021-09-27T00:00:00.000Z,שוויץ,457,53,510
2021-09-27T00:00:00.000Z,תאילנד,166,54,220
2021-09-27T00:00:00.000Z,תוניסיה,1,3,4
2021-09-27T00:00:00.000Z,בולגריה,5,0,5
2021-09-27T00:00:00.000Z,בוסניה הרצגובינה,27,4,31
2021-09-27T00:00:00.000Z,בורקינה פאסו,2,0,2
2021-09-27T00:00:00.000Z,בלגיה,107,63,170
2021-09-27T00:00:00.000Z,ברזיל,0,2,2
2021-09-27T00:00:00.000Z,גאורגיה,709,91,800
2021-09-27T00:00:00.000Z,גאנה,0,3,3
2021-09-27T00:00:00.000Z,גווטאמלה,2,3,5
2021-09-27T00:00:00.000Z,גרמניה,891,95,986
2021-09-27T00:00:00.000Z,גרנדה,1,0,1
2021-09-27T00:00:00.000Z,דנמרק,45,4,49
2021-09-27T00:00:00.000Z,דרום אפריקה,27,38,65
2021-09-27T00:00:00.000Z,האנטילים ההולנדים,0,1,1
2021-09-27T00:00:00.000Z,הודו,26,115,141
2021-09-27T00:00:00.000Z,הולנד,86,36,122
2021-09-27T00:00:00.000Z,הונגריה,609,52,661
2021-09-27T00:00:00.000Z,הממלכה המאוחדת,979,206,1185
2021-09-27T00:00:00.000Z,הרפ הדומיניקנית,7,4,11
2021-09-27T00:00:00.000Z,זאיר,1,0,1
2021-09-27T00:00:00.000Z,טיוואן,0,1,1
2021-09-27T00:00:00.000Z,טנזניה,35,10,45
2021-09-27T00:00:00.000Z,יוון,2358,249,2607
2021-09-27T00:00:00.000Z,יפן,0,2,2
2021-09-27T00:00:00.000Z,ירדן,298,73,371
2021-09-27T00:00:00.000Z,איחוד האמירויות הערב,553,99,652
2021-09-27T00:00:00.000Z,תורכיה,97,23,120
2021-09-27T00:00:00.000Z,כלל המדינות,23214,6468,29682
2021-09-27T00:00:00.000Z,לוכסמבורג,1,1,2
2021-09-27T00:00:00.000Z,לטביה,2,0,2
2021-09-28T00:00:00.000Z,קזחסטאן,0,1,1
2021-09-28T00:00:00.000Z,קוריאה הדרומית,5,1,6
2021-09-28T00:00:00.000Z,קוסטה ריקה,45,22,67
2021-09-28T00:00:00.000Z,קובה,0,1,1
2021-09-28T00:00:00.000Z,צרפת,696,79,775
2021-09-28T00:00:00.000Z,צכיה,595,46,641
2021-09-28T00:00:00.000Z,פרו,23,9,32
2021-09-28T00:00:00.000Z,בלגיה,18,2,20
2021-09-28T00:00:00.000Z,בילורוסיה,0,1,1
2021-09-28T00:00:00.000Z,בוסניה הרצגובינה,16,6,22
2021-09-28T00:00:00.000Z,בולגריה,2,0,2
2021-09-28T00:00:00.000Z,אתיופיה,10,14,24
2021-09-28T00:00:00.000Z,ארצות הברית,1495,307,1802
2021-09-28T00:00:00.000Z,ארמניה,4,0,4
2021-09-28T00:00:00.000Z,ארגנטינה,13,0,13
2021-09-28T00:00:00.000Z,אקואדור,3,0,3
2021-09-28T00:00:00.000Z,אסטוניה,6,0,6
2021-09-28T00:00:00.000Z,אנגולה,1,0,1
2021-09-28T00:00:00.000Z,אלבניה,13,0,13
2021-09-28T00:00:00.000Z,אל סלבדור,2,0,2
2021-09-28T00:00:00.000Z,אירלנד,19,2,21
2021-09-28T00:00:00.000Z,איסלנד,141,2,143
2021-09-28T00:00:00.000Z,איי קייפ וורדה,1,0,1
2021-09-28T00:00:00.000Z,איי סיישל,115,20,135
2021-09-28T00:00:00.000Z,איטליה,863,87,950
2021-09-28T00:00:00.000Z,אזרביג'אן,102,16,118
2021-09-28T00:00:00.000Z,אורגוואי,6,0,6
2021-09-28T00:00:00.000Z,אוקראינה,290,92,382
2021-09-28T00:00:00.000Z,אוסטרליה,1,0,1
2021-09-28T00:00:00.000Z,אוסטריה,587,55,642
2021-09-28T00:00:00.000Z,אוזבקיסטן,5,3,8
2021-09-28T00:00:00.000Z,אוגנדה,1,3,4
2021-09-28T00:00:00.000Z,קולומביה,2,6,8
2021-09-28T00:00:00.000Z,יוון,2644,262,2906
2021-09-28T00:00:00.000Z,טנזניה,37,6,43
2021-09-28T00:00:00.000Z,טוגו,1,2,3
2021-09-28T00:00:00.000Z,חוף השנהב,1,0,1
2021-09-28T00:00:00.000Z,זימבאבווה,3,0,3
2021-09-28T00:00:00.000Z,ויטנאם,0,1,1
2021-09-28T00:00:00.000Z,הרפ הדומיניקנית,25,6,31
2021-09-28T00:00:00.000Z,הממלכה המאוחדת,275,23,298
2021-09-28T00:00:00.000Z,הונגריה,704,51,755
2021-09-28T00:00:00.000Z,הונג קונג,2,23,25
2021-09-28T00:00:00.000Z,הולנד,152,24,176
2021-09-28T00:00:00.000Z,הודו,3,2,5
2021-09-28T00:00:00.000Z,האנטילים ההולנדים,6,0,6
2021-09-28T00:00:00.000Z,דרום אפריקה,23,5,28
2021-09-28T00:00:00.000Z,דנמרק,34,3,37
2021-09-28T00:00:00.000Z,גרמניה,488,90,578
2021-09-28T00:00:00.000Z,גווטאמלה,2,4,6
2021-09-28T00:00:00.000Z,גאנה,0,1,1
2021-09-28T00:00:00.000Z,גאורגיה,530,42,572
2021-09-28T00:00:00.000Z,ברזיל,1,1,2
2021-09-28T00:00:00.000Z,תורכיה,89,28,117
2021-09-28T00:00:00.000Z,תוניסיה,2,2,4
2021-09-28T00:00:00.000Z,תאילנד,0,2,2
2021-09-28T00:00:00.000Z,שוויץ,297,29,326
2021-09-28T00:00:00.000Z,שוודיה,10,2,12
2021-09-28T00:00:00.000Z,רוסיה,242,155,397
2021-09-28T00:00:00.000Z,רומניה,434,57,491
2021-09-28T00:00:00.000Z,רואנדה,4,1,5
2021-09-28T00:00:00.000Z,קרואטיה,18,0,18
2021-09-28T00:00:00.000Z,פרגוואי,2,0,2
2021-09-28T00:00:00.000Z,פנמה,13,6,19
2021-09-28T00:00:00.000Z,פינלנד,4,2,6
2021-09-28T00:00:00.000Z,איחוד האמירויות הערב,243,45,288
2021-09-28T00:00:00.000Z,קפריסין,264,57,321
2021-09-28T00:00:00.000Z,קניה,15,6,21
2021-09-28T00:00:00.000Z,קנדה,180,38,218
2021-09-28T00:00:00.000Z,קמרון,1,1,2
2021-09-28T00:00:00.000Z,קירג'זסטאן,8,0,8
2021-09-28T00:00:00.000Z,ירדן,273,69,342
2021-09-28T00:00:00.000Z,כלל המדינות,17263,4712,21975
2021-09-28T00:00:00.000Z,לטביה,75,9,84
2021-09-28T00:00:00.000Z,ליטא,21,3,24
2021-09-28T00:00:00.000Z,מאלי,1,0,1
2021-09-28T00:00:00.000Z,מולדובה,117,53,170
2021-09-28T00:00:00.000Z,מונטנגרו,10,1,11
2021-09-28T00:00:00.000Z,מלדיבים,97,7,104
2021-09-28T00:00:00.000Z,מלזיה,0,1,1
2021-09-28T00:00:00.000Z,מלטה,3,0,3
2021-09-28T00:00:00.000Z,מצרים,3433,712,4145
2021-09-28T00:00:00.000Z,מקדוניה,1,1,2
2021-09-28T00:00:00.000Z,מקסיקו,1,3,4
2021-09-28T00:00:00.000Z,מרוקו,14,0,14
2021-09-28T00:00:00.000Z,נורבגיה,3,1,4
2021-09-28T00:00:00.000Z,ניגריה,1,0,1
2021-09-28T00:00:00.000Z,ניו זילנד,0,1,1
2021-09-28T00:00:00.000Z,נמיביה,6,1,7
2021-09-28T00:00:00.000Z,נפאל,4,1,5
2021-09-28T00:00:00.000Z,סין,12,69,81
2021-09-28T00:00:00.000Z,סינגפור,0,1,1
2021-09-28T00:00:00.000Z,סלובניה,13,0,13
2021-09-28T00:00:00.000Z,ספרד,625,64,689
2021-09-28T00:00:00.000Z,סרביה,19,3,22
2021-09-28T00:00:00.000Z,סרי לנקה (צילון),8,0,8
2021-09-28T00:00:00.000Z,ערב הסעודית,2,1,3
2021-09-28T00:00:00.000Z,פולין,279,21,300
2021-09-28T00:00:00.000Z,פורטוגל,53,12,65
2021-09-28T00:00:00.000Z,פיליפינים,0,6,6
2021-09-29T00:00:00.000Z,יפן,1,1,2
2021-09-29T00:00:00.000Z,איחוד האמירויות הערב,360,68,428
2021-09-29T00:00:00.000Z,תאילנד,2,1,3
2021-09-29T00:00:00.000Z,תורכיה,61,22,83
2021-09-29T00:00:00.000Z,שוודיה,4,5,9
2021-09-29T00:00:00.000Z,רוסיה,207,131,338
2021-09-29T00:00:00.000Z,רומניה,539,96,635
2021-09-29T00:00:00.000Z,רואנדה,8,0,8
2021-09-29T00:00:00.000Z,קרואטיה,29,6,35
2021-09-29T00:00:00.000Z,קפריסין,761,186,947
2021-09-29T00:00:00.000Z,קניה,4,3,7
2021-09-29T00:00:00.000Z,קנדה,181,70,251
2021-09-29T00:00:00.000Z,קירג'זסטאן,19,0,19
2021-09-29T00:00:00.000Z,קזחסטאן,3,8,11
2021-09-29T00:00:00.000Z,קוריאה הדרומית,0,3,3
2021-09-29T00:00:00.000Z,קוסטה ריקה,57,26,83
2021-09-29T00:00:00.000Z,קולומביה,4,3,7
2021-09-29T00:00:00.000Z,צרפת,904,165,1069
2021-09-29T00:00:00.000Z,צכיה,815,68,883
2021-09-29T00:00:00.000Z,פרו,18,6,24
2021-09-29T00:00:00.000Z,פנמה,2,1,3
2021-09-29T00:00:00.000Z,פינלנד,66,17,83
2021-09-29T00:00:00.000Z,פיליפינים,0,22,22
2021-09-29T00:00:00.000Z,פורטוגל,73,21,94
2021-09-29T00:00:00.000Z,פורטו ריקו,1,0,1
2021-09-29T00:00:00.000Z,פולין,345,21,366
2021-09-29T00:00:00.000Z,סרי לנקה (צילון),6,2,8
2021-09-29T00:00:00.000Z,סרביה,7,1,8
2021-09-29T00:00:00.000Z,ספרד,463,64,527
2021-09-29T00:00:00.000Z,סלובקיה,193,15,208
2021-09-29T00:00:00.000Z,סלובניה,6,0,6
2021-09-29T00:00:00.000Z,סינגפור,0,5,5
2021-09-29T00:00:00.000Z,סין,1,15,16
2021-09-29T00:00:00.000Z,סוריה,6,10,16
2021-09-29T00:00:00.000Z,ניגריה,8,1,9
2021-09-29T00:00:00.000Z,נורבגיה,1,10,11
2021-09-29T00:00:00.000Z,מרוקו,12,15,27
2021-09-29T00:00:00.000Z,מקסיקו,1,1,2
2021-09-29T00:00:00.000Z,מקדוניה,1,0,1
2021-09-29T00:00:00.000Z,מצרים,1600,343,1943
2021-09-29T00:00:00.000Z,מלטה,1,0,1
2021-09-29T00:00:00.000Z,מלדיבים,81,13,94
2021-09-29T00:00:00.000Z,מונטנגרו,178,3,181
2021-09-29T00:00:00.000Z,מוזמביק,1,3,4
2021-09-29T00:00:00.000Z,מדגסקר,1,0,1
2021-09-29T00:00:00.000Z,מאלי,1,1,2
2021-09-29T00:00:00.000Z,מאוריציוס,1,2,3
2021-09-29T00:00:00.000Z,ליטא,31,2,33
2021-09-29T00:00:00.000Z,לוכסמבורג,2,0,2
2021-09-29T00:00:00.000Z,כלל המדינות,17613,5536,23149
2021-09-29T00:00:00.000Z,ירדן,153,61,214
2021-09-29T00:00:00.000Z,שוויץ,178,21,199
2021-09-29T00:00:00.000Z,יוון,1744,198,1942
2021-09-29T00:00:00.000Z,טנזניה,71,10,81
2021-09-29T00:00:00.000Z,טיוואן,0,3,3
2021-09-29T00:00:00.000Z,טג'יקיסטאן,0,1,1
2021-09-29T00:00:00.000Z,חוף השנהב,1,0,1
2021-09-29T00:00:00.000Z,זמביה,7,1,8
2021-09-29T00:00:00.000Z,זימבאבווה,9,0,9
2021-09-29T00:00:00.000Z,זאיר,2,0,2
2021-09-29T00:00:00.000Z,ונצואלה,0,1,1
2021-09-29T00:00:00.000Z,הרפ הדומיניקנית,4,2,6
2021-09-29T00:00:00.000Z,הממלכה המאוחדת,630,91,721
2021-09-29T00:00:00.000Z,הונגריה,529,49,578
2021-09-29T00:00:00.000Z,הונג קונג,0,1,1
2021-09-29T00:00:00.000Z,הולנד,270,55,325
2021-09-29T00:00:00.000Z,הודו,1,2,3
2021-09-29T00:00:00.000Z,דרום סודאן,1,0,1
2021-09-29T00:00:00.000Z,דרום אפריקה,46,6,52
2021-09-29T00:00:00.000Z,דנמרק,30,4,34
2021-09-29T00:00:00.000Z,דומיניקה,3,0,3
2021-09-29T00:00:00.000Z,גרמניה,707,132,839
2021-09-29T00:00:00.000Z,גמייקה,3,0,3
2021-09-29T00:00:00.000Z,גווטאמלה,1,3,4
2021-09-29T00:00:00.000Z,גאנה,0,1,1
2021-09-29T00:00:00.000Z,גאורגיה,413,53,466
2021-09-29T00:00:00.000Z,ברזיל,3,3,6
2021-09-29T00:00:00.000Z,בלגיה,11,4,15
2021-09-29T00:00:00.000Z,בילורוסיה,117,47,164
2021-09-29T00:00:00.000Z,בוסניה הרצגובינה,11,4,15
2021-09-29T00:00:00.000Z,בולגריה,26,26,52
2021-09-29T00:00:00.000Z,בוטסואנה,1,0,1
2021-09-29T00:00:00.000Z,אתיופיה,45,18,63
2021-09-29T00:00:00.000Z,ארצות הברית,1933,447,2380
2021-09-29T00:00:00.000Z,ארמניה,4,5,9
2021-09-29T00:00:00.000Z,אקואדור,3,2,5
2021-09-29T00:00:00.000Z,אסטוניה,6,2,8
2021-09-29T00:00:00.000Z,אנגולה,3,1,4
2021-09-29T00:00:00.000Z,אירלנד,21,3,24
2021-09-29T00:00:00.000Z,איסלנד,57,3,60
2021-09-29T00:00:00.000Z,איי סיישל,113,42,155
2021-09-29T00:00:00.000Z,איי טורקס וקייקוס,4,0,4
2021-09-29T00:00:00.000Z,איי גילברט ואליס,2,0,2
2021-09-29T00:00:00.000Z,איטליה,1183,88,1271
2021-09-29T00:00:00.000Z,אזרביג'אן,8,0,8
2021-09-29T00:00:00.000Z,אורגוואי,0,1,1
2021-09-29T00:00:00.000Z,אוקראינה,584,230,814
2021-09-29T00:00:00.000Z,אוסטרליה,2,5,7
2021-09-29T00:00:00.000Z,אוסטריה,873,127,1000
2021-09-29T00:00:00.000Z,אוזבקיסטן,3,5,8
2021-09-29T00:00:00.000Z,אוגנדה,1,1,2
2021-09-29T00:00:00.000Z,תורכמניסטאן,2,0,2
2021-09-30T00:00:00.000Z,גאנה,1,2,3
2021-09-30T00:00:00.000Z,גאורגיה,804,140,944
2021-09-30T00:00:00.000Z,ברזיל,5,8,13
2021-09-30T00:00:00.000Z,בלגיה,57,74,131
2021-09-30T00:00:00.000Z,בילורוסיה,126,48,174
2021-09-30T00:00:00.000Z,בחריין,0,3,3
2021-09-30T00:00:00.000Z,בורקינה פאסו,1,0,1
2021-09-30T00:00:00.000Z,בוסניה הרצגובינה,6,1,7
2021-09-30T00:00:00.000Z,בולגריה,5,2,7
2021-09-30T00:00:00.000Z,בהמס,1,0,1
2021-09-30T00:00:00.000Z,אתיופיה,55,25,80
2021-09-30T00:00:00.000Z,ארצות הברית,2451,1101,3552
2021-09-30T00:00:00.000Z,ארמניה,84,9,93
2021-09-30T00:00:00.000Z,ארגנטינה,6,10,16
2021-09-30T00:00:00.000Z,אסטוניה,2,0,2
2021-09-30T00:00:00.000Z,אנגולה,1,0,1
2021-09-30T00:00:00.000Z,אלבניה,129,6,135
2021-09-30T00:00:00.000Z,אל סלבדור,1,0,1
2021-09-30T00:00:00.000Z,אירלנד,16,4,20
2021-09-30T00:00:00.000Z,אוגנדה,9,4,13
2021-09-30T00:00:00.000Z,איסלנד,100,6,106
2021-09-30T00:00:00.000Z,איי סיישל,107,14,121
2021-09-30T00:00:00.000Z,אוסטרליה,0,1,1
2021-09-30T00:00:00.000Z,אוזבקיסטן,7,3,10
2021-09-30T00:00:00.000Z,זאיר,1,1,2
2021-09-30T00:00:00.000Z,הרפ הדומיניקנית,2,0,2
2021-09-30T00:00:00.000Z,הממלכה המאוחדת,757,257,1014
2021-09-30T00:00:00.000Z,הונדורס,1,0,1
2021-09-30T00:00:00.000Z,אוסטריה,435,124,559
2021-09-30T00:00:00.000Z,הונגריה,703,106,809
2021-09-30T00:00:00.000Z,הונג קונג,2,0,2
2021-09-30T00:00:00.000Z,הולנד,340,74,414
2021-09-30T00:00:00.000Z,הודו,3,7,10
2021-09-30T00:00:00.000Z,דרום סודאן,0,1,1
2021-09-30T00:00:00.000Z,דרום אפריקה,45,26,71
2021-09-30T00:00:00.000Z,דנמרק,134,30,164
2021-09-30T00:00:00.000Z,גרמניה,375,144,519
2021-09-30T00:00:00.000Z,גינאה המשוונית,1,0,1
2021-09-30T00:00:00.000Z,גויאנה,1,0,1
2021-09-30T00:00:00.000Z,גווטאמלה,8,9,17
2021-09-30T00:00:00.000Z,תורכיה,45,37,82
2021-09-30T00:00:00.000Z,תוניסיה,0,3,3
2021-09-30T00:00:00.000Z,תאילנד,0,2,2
2021-09-30T00:00:00.000Z,שוויץ,351,88,439
2021-09-30T00:00:00.000Z,שוודיה,17,18,35
2021-09-30T00:00:00.000Z,רוסיה,246,163,409
2021-09-30T00:00:00.000Z,רומניה,366,80,446
2021-09-30T00:00:00.000Z,רואנדה,13,2,15
2021-09-30T00:00:00.000Z,קרואטיה,7,4,11
2021-09-30T00:00:00.000Z,קפריסין,412,80,492
2021-09-30T00:00:00.000Z,איחוד האמירויות הערב,351,80,431
2021-09-30T00:00:00.000Z,קנדה,125,75,200
2021-09-30T00:00:00.000Z,קירג'זסטאן,5,4,9
2021-09-30T00:00:00.000Z,קטר,1,0,1
2021-09-30T00:00:00.000Z,קזחסטאן,1,7,8
2021-09-30T00:00:00.000Z,קוריאה הדרומית,3,2,5
2021-09-30T00:00:00.000Z,קוסטה ריקה,37,14,51
2021-09-30T00:00:00.000Z,קולומביה,14,17,31
2021-09-30T00:00:00.000Z,צרפת,1074,401,1475
2021-09-30T00:00:00.000Z,צכיה,723,71,794
2021-09-30T00:00:00.000Z,צ'ילה,1,6,7
2021-09-30T00:00:00.000Z,פרו,14,26,40
2021-09-30T00:00:00.000Z,פרגוואי,1,0,1
2021-09-30T00:00:00.000Z,פנמה,17,16,33
2021-09-30T00:00:00.000Z,פינלנד,5,0,5
2021-09-30T00:00:00.000Z,פיליפינים,0,1,1
2021-09-30T00:00:00.000Z,פורטוגל,117,16,133
2021-09-30T00:00:00.000Z,פולינזיה הצרפתית,0,1,1
2021-09-30T00:00:00.000Z,פולין,332,54,386
2021-09-30T00:00:00.000Z,סרי לנקה (צילון),9,15,24
2021-09-30T00:00:00.000Z,סרביה,3,0,3
2021-09-30T00:00:00.000Z,ספרד,450,82,532
2021-09-30T00:00:00.000Z,סלובקיה,1,1,2
2021-09-30T00:00:00.000Z,סלובניה,1,0,1
2021-09-30T00:00:00.000Z,סינגפור,0,8,8
2021-09-30T00:00:00.000Z,נפאל,1,0,1
2021-09-30T00:00:00.000Z,ניקרגואה,2,0,2
2021-09-30T00:00:00.000Z,ניו זילנד,3,1,4
2021-09-30T00:00:00.000Z,ניגריה,6,4,10
2021-09-30T00:00:00.000Z,נורבגיה,1,4,5
2021-09-30T00:00:00.000Z,מרוקו,312,36,348
2021-09-30T00:00:00.000Z,מקסיקו,2,1,3
2021-09-30T00:00:00.000Z,מקדוניה,3,0,3
2021-09-30T00:00:00.000Z,מקאו,1,0,1
2021-09-30T00:00:00.000Z,מצרים,981,221,1202
2021-09-30T00:00:00.000Z,מלטה,1,0,1
2021-09-30T00:00:00.000Z,מלדיבים,49,6,55
2021-09-30T00:00:00.000Z,מיאנמר (בורמה),0,1,1
2021-09-30T00:00:00.000Z,מונטנגרו,6,0,6
2021-09-30T00:00:00.000Z,מולדובה,130,98,228
2021-09-30T00:00:00.000Z,מאלי,2,0,2
2021-09-30T00:00:00.000Z,ליטא,138,19,157
2021-09-30T00:00:00.000Z,לטביה,2,0,2
2021-09-30T00:00:00.000Z,לבנון,0,3,3
2021-09-30T00:00:00.000Z,כלל המדינות,18049,7119,25168
2021-09-30T00:00:00.000Z,ירדן,211,84,295
2021-09-30T00:00:00.000Z,יפן,1,4,5
2021-09-30T00:00:00.000Z,יוון,2240,318,2558
2021-09-30T00:00:00.000Z,טנזניה,331,20,351
2021-09-30T00:00:00.000Z,טג'יקיסטאן,3,0,3
2021-09-30T00:00:00.000Z,חוף השנהב,2,0,2
2021-09-30T00:00:00.000Z,זימבאבווה,3,0,3
2021-09-30T00:00:00.000Z,אוקראינה,449,251,700
2021-09-30T00:00:00.000Z,אזרביג'אן,95,29,124
2021-09-30T00:00:00.000Z,איטליה,870,142,1012
2021-09-30T00:00:00.000Z,גבון,1,0,1
2021-09-30T00:00:00.000Z,קניה,17,3,20
2021-10-01T00:00:00.000Z,הרפ הדומיניקנית,9,3,12
2021-10-01T00:00:00.000Z,הונגריה,453,50,503
2021-10-01T00:00:00.000Z,הונג קונג,0,1,1
2021-10-01T00:00:00.000Z,הולנד,206,69,275
2021-10-01T00:00:00.000Z,הודו,13,8,21
2021-10-01T00:00:00.000Z,דרום אפריקה,6,3,9
2021-10-01T00:00:00.000Z,דנמרק,32,7,39
2021-10-01T00:00:00.000Z,גרנדה,0,1,1
2021-10-01T00:00:00.000Z,גרמניה,870,149,1019
2021-10-01T00:00:00.000Z,גינאה,2,0,2
2021-10-01T00:00:00.000Z,גווטאמלה,4,2,6
2021-10-01T00:00:00.000Z,גאנה,1,0,1
2021-10-01T00:00:00.000Z,גאורגיה,348,67,415
2021-10-01T00:00:00.000Z,ברזיל,2,6,8
2021-10-01T00:00:00.000Z,בלגיה,102,72,174
2021-10-01T00:00:00.000Z,ונצואלה,0,2,2
2021-10-01T00:00:00.000Z,חוף השנהב,1,0,1
2021-10-01T00:00:00.000Z,טוגו,1,0,1
2021-10-01T00:00:00.000Z,טנזניה,1,0,1
2021-10-01T00:00:00.000Z,יוון,924,139,1063
2021-10-01T00:00:00.000Z,יפן,2,3,5
2021-10-01T00:00:00.000Z,ירדן,5,3,8
2021-10-01T00:00:00.000Z,כווית,1,0,1
2021-10-01T00:00:00.000Z,כלל המדינות,14706,5721,20427
2021-10-01T00:00:00.000Z,לוכסמבורג,1,0,1
2021-10-01T00:00:00.000Z,לטביה,2,0,2
2021-10-01T00:00:00.000Z,ליטא,5,0,5
2021-10-01T00:00:00.000Z,מולדובה,62,50,112
2021-10-01T00:00:00.000Z,מונטנגרו,175,14,189
2021-10-01T00:00:00.000Z,מלדיבים,45,8,53
2021-10-01T00:00:00.000Z,מצרים,933,204,1137
2021-10-01T00:00:00.000Z,מקדוניה,1,0,1
2021-10-01T00:00:00.000Z,מקסיקו,4,1,5
2021-10-01T00:00:00.000Z,מרוקו,17,8,25
2021-10-01T00:00:00.000Z,נורבגיה,6,9,15
2021-10-01T00:00:00.000Z,ניגריה,1,6,7
2021-10-01T00:00:00.000Z,ניו זילנד,0,4,4
2021-10-01T00:00:00.000Z,סין,0,4,4
2021-10-01T00:00:00.000Z,סינגפור,0,3,3
2021-10-01T00:00:00.000Z,סלובניה,6,2,8
2021-10-01T00:00:00.000Z,סלובקיה,186,10,196
2021-10-01T00:00:00.000Z,סנגל,1,0,1
2021-10-01T00:00:00.000Z,ספרד,390,56,446
2021-10-01T00:00:00.000Z,סרביה,66,13,79
2021-10-01T00:00:00.000Z,סרי לנקה (צילון),8,3,11
2021-10-01T00:00:00.000Z,פולין,242,40,282
2021-10-01T00:00:00.000Z,פורטוגל,41,5,46
2021-10-01T00:00:00.000Z,הממלכה המאוחדת,701,221,922
2021-10-01T00:00:00.000Z,פינלנד,44,22,66
2021-10-01T00:00:00.000Z,פנמה,9,7,16
2021-10-01T00:00:00.000Z,פרו,16,7,23
2021-10-01T00:00:00.000Z,צ'ילה,0,1,1
2021-10-01T00:00:00.000Z,צכיה,818,132,950
2021-10-01T00:00:00.000Z,צרפת,664,186,850
2021-10-01T00:00:00.000Z,קולומביה,4,3,7
2021-10-01T00:00:00.000Z,קוסטה ריקה,103,35,138
2021-10-01T00:00:00.000Z,קוריאה הדרומית,0,7,7
2021-10-01T00:00:00.000Z,קזחסטאן,8,23,31
2021-10-01T00:00:00.000Z,קטר,0,1,1
2021-10-01T00:00:00.000Z,קירג'זסטאן,11,2,13
2021-10-01T00:00:00.000Z,קמבודיה,1,0,1
2021-10-01T00:00:00.000Z,קמרון,0,1,1
2021-10-01T00:00:00.000Z,קנדה,172,112,284
2021-10-01T00:00:00.000Z,קניה,6,2,8
2021-10-01T00:00:00.000Z,קפריסין,522,126,648
2021-10-01T00:00:00.000Z,קרואטיה,31,3,34
2021-10-01T00:00:00.000Z,רומניה,242,42,284
2021-10-01T00:00:00.000Z,רוסיה,338,207,545
2021-10-01T00:00:00.000Z,שוודיה,7,9,16
2021-10-01T00:00:00.000Z,שוויץ,287,83,370
2021-10-01T00:00:00.000Z,תאילנד,174,54,228
2021-10-01T00:00:00.000Z,תוניסיה,2,1,3
2021-10-01T00:00:00.000Z,תורכיה,99,47,146
2021-10-01T00:00:00.000Z,אבחזיסטאן,3,2,5
2021-10-01T00:00:00.000Z,איחוד האמירויות הערב,100,27,127
2021-10-01T00:00:00.000Z,בילורוסיה,1,2,3
2021-10-01T00:00:00.000Z,בחריין,28,0,28
2021-10-01T00:00:00.000Z,בוסניה הרצגובינה,25,17,42
2021-10-01T00:00:00.000Z,בולגריה,4,3,7
2021-10-01T00:00:00.000Z,ארצות הברית,2123,1142,3265
2021-10-01T00:00:00.000Z,ארמניה,8,1,9
2021-10-01T00:00:00.000Z,ארגנטינה,14,11,25
2021-10-01T00:00:00.000Z,אקואדור,12,2,14
2021-10-01T00:00:00.000Z,אפגניסטן,2,0,2
2021-10-01T00:00:00.000Z,אסטוניה,1,1,2
2021-10-01T00:00:00.000Z,אלבניה,5,1,6
2021-10-01T00:00:00.000Z,אירלנד,10,2,12
2021-10-01T00:00:00.000Z,איסלנד,19,3,22
2021-10-01T00:00:00.000Z,איטליה,874,119,993
2021-10-01T00:00:00.000Z,אזרביג'אן,57,2,59
2021-10-01T00:00:00.000Z,אורגוואי,3,1,4
2021-10-01T00:00:00.000Z,אוקראינה,458,214,672
2021-10-01T00:00:00.000Z,אוסטרליה,1,2,3
2021-10-01T00:00:00.000Z,אוסטריה,896,146,1042
2021-10-01T00:00:00.000Z,אוזבקיסטן,5,5,10
2021-10-01T00:00:00.000Z,פיליפינים,1,1,2
2021-10-02T00:00:00.000Z,אינדונזיה,0,1,1
2021-10-02T00:00:00.000Z,איי סיישל,8,0,8
2021-10-02T00:00:00.000Z,איטליה,580,62,642
2021-10-02T00:00:00.000Z,אזרביג'אן,0,1,1
2021-10-02T00:00:00.000Z,אוקראינה,224,127,351
2021-10-02T00:00:00.000Z,האנטילים ההולנדים,2,0,2
2021-10-02T00:00:00.000Z,תורכיה,46,27,73
2021-10-02T00:00:00.000Z,תאילנד,3,0,3
2021-10-02T00:00:00.000Z,שוויץ,105,24,129
2021-10-02T00:00:00.000Z,שוודיה,3,15,18
2021-10-02T00:00:00.000Z,רוסיה,29,31,60
2021-10-02T00:00:00.000Z,רומניה,597,112,709
2021-10-02T00:00:00.000Z,רואנדה,1,0,1
2021-10-02T00:00:00.000Z,קרואטיה,13,0,13
2021-10-02T00:00:00.000Z,קפריסין,473,108,581
2021-10-02T00:00:00.000Z,קניה,16,1,17
2021-10-02T00:00:00.000Z,קנדה,173,49,222
2021-10-02T00:00:00.000Z,קמרון,0,1,1
2021-10-02T00:00:00.000Z,קירג'זסטאן,3,1,4
2021-10-02T00:00:00.000Z,קוריאה הדרומית,3,15,18
2021-10-02T00:00:00.000Z,קוסטה ריקה,22,20,42
2021-10-02T00:00:00.000Z,קונגו,1,0,1
2021-10-02T00:00:00.000Z,קולומביה,27,10,37
2021-10-02T00:00:00.000Z,צרפת,488,62,550
2021-10-02T00:00:00.000Z,צכיה,601,45,646
2021-10-02T00:00:00.000Z,צאד,1,0,1
2021-10-02T00:00:00.000Z,פרו,15,4,19
2021-10-02T00:00:00.000Z,פקיסטן,1,0,1
2021-10-02T00:00:00.000Z,פנמה,17,12,29
2021-10-02T00:00:00.000Z,פינלנד,4,6,10
2021-10-02T00:00:00.000Z,פיליפינים,0,2,2
2021-10-02T00:00:00.000Z,פורטוגל,26,8,34
2021-10-02T00:00:00.000Z,פורטו ריקו,2,0,2
2021-10-02T00:00:00.000Z,פולין,223,24,247
2021-10-02T00:00:00.000Z,סרי לנקה (צילון),13,4,17
2021-10-02T00:00:00.000Z,סרביה,4,1,5
2021-10-02T00:00:00.000Z,ספרד,54,3,57
2021-10-02T00:00:00.000Z,סלובקיה,0,3,3
2021-10-02T00:00:00.000Z,סלובניה,8,1,9
2021-10-02T00:00:00.000Z,סינגפור,2,1,3
2021-10-02T00:00:00.000Z,סין,2,2,4
2021-10-02T00:00:00.000Z,נפאל,4,0,4
2021-10-02T00:00:00.000Z,נמיביה,0,2,2
2021-10-02T00:00:00.000Z,ניקרגואה,1,0,1
2021-10-02T00:00:00.000Z,ניו זילנד,0,4,4
2021-10-02T00:00:00.000Z,ניגריה,4,4,8
2021-10-02T00:00:00.000Z,נורבגיה,2,8,10
2021-10-02T00:00:00.000Z,מרוקו,3,7,10
2021-10-02T00:00:00.000Z,מקסיקו,4,3,7
2021-10-02T00:00:00.000Z,מקדוניה,1,0,1
2021-10-02T00:00:00.000Z,מצרים,1605,278,1883
2021-10-02T00:00:00.000Z,מלדיבים,38,8,46
2021-10-02T00:00:00.000Z,מונקו,2,0,2
2021-10-02T00:00:00.000Z,מונטנגרו,7,0,7
2021-10-02T00:00:00.000Z,מוזמביק,4,0,4
2021-10-02T00:00:00.000Z,מאוריציוס,1,0,1
2021-10-02T00:00:00.000Z,לסוטו,0,2,2
2021-10-02T00:00:00.000Z,ליטא,7,2,9
2021-10-02T00:00:00.000Z,אוסטרליה,1,0,1
2021-10-02T00:00:00.000Z,אוסטריה,457,68,525
2021-10-02T00:00:00.000Z,אוזבקיסטן,3,8,11
2021-10-02T00:00:00.000Z,אוגנדה,1,4,5
2021-10-02T00:00:00.000Z,לטביה,64,18,82
2021-10-02T00:00:00.000Z,לוכסמבורג,1,1,2
2021-10-02T00:00:00.000Z,כלל המדינות,10558,3875,14433
2021-10-02T00:00:00.000Z,ירדן,10,6,16
2021-10-02T00:00:00.000Z,יפן,1,1,2
2021-10-02T00:00:00.000Z,יוון,949,116,1065
2021-10-02T00:00:00.000Z,טנזניה,31,3,34
2021-10-02T00:00:00.000Z,טיוואן,1,0,1
2021-10-02T00:00:00.000Z,חוף השנהב,3,0,3
2021-10-02T00:00:00.000Z,זמביה,1,0,1
2021-10-02T00:00:00.000Z,זאיר,1,1,2
2021-10-02T00:00:00.000Z,ונצואלה,0,1,1
2021-10-02T00:00:00.000Z,הרפ הדומיניקנית,13,2,15
2021-10-02T00:00:00.000Z,הממלכה המאוחדת,370,67,437
2021-10-02T00:00:00.000Z,הונגריה,297,33,330
2021-10-02T00:00:00.000Z,הונג קונג,0,1,1
2021-10-02T00:00:00.000Z,הולנד,191,53,244
2021-10-02T00:00:00.000Z,הודו,4,0,4
2021-10-02T00:00:00.000Z,איחוד האמירויות הערב,183,47,230
2021-10-02T00:00:00.000Z,דרום סודאן,0,1,1
2021-10-02T00:00:00.000Z,דרום אפריקה,56,21,77
2021-10-02T00:00:00.000Z,דנמרק,6,4,10
2021-10-02T00:00:00.000Z,דומיניקה,3,4,7
2021-10-02T00:00:00.000Z,גרמניה,323,95,418
2021-10-02T00:00:00.000Z,גיברלטר,1,0,1
2021-10-02T00:00:00.000Z,גווטאמלה,4,2,6
2021-10-02T00:00:00.000Z,גבון,0,1,1
2021-10-02T00:00:00.000Z,גאנה,10,3,13
2021-10-02T00:00:00.000Z,גאורגיה,208,48,256
2021-10-02T00:00:00.000Z,ברזיל,1,3,4
2021-10-02T00:00:00.000Z,בלגיה,5,7,12
2021-10-02T00:00:00.000Z,בחריין,0,5,5
2021-10-02T00:00:00.000Z,בוסניה הרצגובינה,13,3,16
2021-10-02T00:00:00.000Z,בולגריה,2,0,2
2021-10-02T00:00:00.000Z,אתיופיה,58,37,95
2021-10-02T00:00:00.000Z,ארצות הברית,1374,528,1902
2021-10-02T00:00:00.000Z,ארמניה,5,4,9
2021-10-02T00:00:00.000Z,אקואדור,1,0,1
2021-10-02T00:00:00.000Z,אסטוניה,24,7,31
2021-10-02T00:00:00.000Z,אלבניה,1,2,3
2021-10-02T00:00:00.000Z,אירלנד,18,14,32
2021-10-02T00:00:00.000Z,איסלנד,78,6,84
2021-10-03T00:00:00.000Z,פולין,76,5,81
2021-10-03T00:00:00.000Z,איחוד האמירויות הערב,264,88,352
2021-10-03T00:00:00.000Z,אוזבקיסטן,9,6,15
2021-10-03T00:00:00.000Z,אוסטריה,380,79,459
2021-10-03T00:00:00.000Z,אוסטרליה,3,14,17
2021-10-03T00:00:00.000Z,אוקראינה,243,192,435
2021-10-03T00:00:00.000Z,אורגוואי,3,1,4
2021-10-03T00:00:00.000Z,אזרביג'אן,91,20,111
2021-10-03T00:00:00.000Z,איטליה,1085,151,1236
2021-10-03T00:00:00.000Z,איי סיישל,68,9,77
2021-10-03T00:00:00.000Z,איסלנד,31,1,32
2021-10-03T00:00:00.000Z,אירלנד,2,9,11
2021-10-03T00:00:00.000Z,אנגולה,3,0,3
2021-10-03T00:00:00.000Z,אקואדור,0,2,2
2021-10-03T00:00:00.000Z,ארגנטינה,8,8,16
2021-10-03T00:00:00.000Z,ארמניה,2,1,3
2021-10-03T00:00:00.000Z,ארצות הברית,1739,980,2719
2021-10-03T00:00:00.000Z,אתיופיה,1,1,2
2021-10-03T00:00:00.000Z,בהמס,2,0,2
2021-10-03T00:00:00.000Z,בולגריה,21,47,68
2021-10-03T00:00:00.000Z,בוליביה,1,0,1
2021-10-03T00:00:00.000Z,בוסניה הרצגובינה,2,2,4
2021-10-03T00:00:00.000Z,בילורוסיה,96,66,162
2021-10-03T00:00:00.000Z,בלגיה,68,89,157
2021-10-03T00:00:00.000Z,ברזיל,2,2,4
2021-10-03T00:00:00.000Z,גאורגיה,565,109,674
2021-10-03T00:00:00.000Z,גאנה,1,2,3
2021-10-03T00:00:00.000Z,גווטאמלה,4,2,6
2021-10-03T00:00:00.000Z,גרמניה,635,281,916
2021-10-03T00:00:00.000Z,מצרים,1593,269,1862
2021-10-03T00:00:00.000Z,מקאו,1,0,1
2021-10-03T00:00:00.000Z,מקסיקו,0,10,10
2021-10-03T00:00:00.000Z,מרוקו,18,3,21
2021-10-03T00:00:00.000Z,נורבגיה,3,10,13
2021-10-03T00:00:00.000Z,ניגריה,1,1,2
2021-10-03T00:00:00.000Z,ניקרגואה,1,0,1
2021-10-03T00:00:00.000Z,נפאל,3,0,3
2021-10-03T00:00:00.000Z,סיירה ליאונה,0,1,1
2021-10-03T00:00:00.000Z,סינגפור,2,3,5
2021-10-03T00:00:00.000Z,ספרד,347,59,406
2021-10-03T00:00:00.000Z,סרביה,20,14,34
2021-10-03T00:00:00.000Z,סרי לנקה (צילון),5,0,5
2021-10-03T00:00:00.000Z,עירק,0,2,2
2021-10-03T00:00:00.000Z,ערב הסעודית,2,1,3
2021-10-03T00:00:00.000Z,אוגנדה,3,0,3
2021-10-03T00:00:00.000Z,פורטוגל,60,21,81
2021-10-03T00:00:00.000Z,פיליפינים,0,11,11
2021-10-03T00:00:00.000Z,פינלנד,1,0,1
2021-10-03T00:00:00.000Z,פנמה,8,7,15
2021-10-03T00:00:00.000Z,פרו,10,8,18
2021-10-03T00:00:00.000Z,צכיה,489,73,562
2021-10-03T00:00:00.000Z,צרפת,523,345,868
2021-10-03T00:00:00.000Z,קולומביה,13,5,18
2021-10-03T00:00:00.000Z,קוסטה ריקה,38,9,47
2021-10-03T00:00:00.000Z,קוריאה הדרומית,8,5,13
2021-10-03T00:00:00.000Z,קזחסטאן,2,0,2
2021-10-03T00:00:00.000Z,קטר,0,1,1
2021-10-03T00:00:00.000Z,קירג'זסטאן,1,1,2
2021-10-03T00:00:00.000Z,קנדה,120,76,196
2021-10-03T00:00:00.000Z,קניה,0,1,1
2021-10-03T00:00:00.000Z,קפריסין,642,92,734
2021-10-03T00:00:00.000Z,קרואטיה,14,9,23
2021-10-03T00:00:00.000Z,רומניה,252,39,291
2021-10-03T00:00:00.000Z,רוסיה,182,169,351
2021-10-03T00:00:00.000Z,שוודיה,2,2,4
2021-10-03T00:00:00.000Z,שוויץ,339,201,540
2021-10-03T00:00:00.000Z,תאילנד,2,1,3
2021-10-03T00:00:00.000Z,תורכיה,46,37,83
2021-10-03T00:00:00.000Z,מלטה,1,0,1
2021-10-03T00:00:00.000Z,מלדיבים,20,9,29
2021-10-03T00:00:00.000Z,מונטנגרו,150,3,153
2021-10-03T00:00:00.000Z,מולדובה,96,75,171
2021-10-03T00:00:00.000Z,מאלי,4,0,4
2021-10-03T00:00:00.000Z,ליטא,99,22,121
2021-10-03T00:00:00.000Z,לטביה,1,0,1
2021-10-03T00:00:00.000Z,כלל המדינות,14861,7139,22000
2021-10-03T00:00:00.000Z,ירדן,121,69,190
2021-10-03T00:00:00.000Z,יפן,2,5,7
2021-10-03T00:00:00.000Z,יוון,1679,213,1892
2021-10-03T00:00:00.000Z,חוף השנהב,3,0,3
2021-10-03T00:00:00.000Z,הרפ הדומיניקנית,32,5,37
2021-10-03T00:00:00.000Z,הממלכה המאוחדת,512,435,947
2021-10-03T00:00:00.000Z,הונגריה,565,93,658
2021-10-03T00:00:00.000Z,הונג קונג,0,2,2
2021-10-03T00:00:00.000Z,הולנד,333,90,423
2021-10-03T00:00:00.000Z,הודו,2,16,18
2021-10-03T00:00:00.000Z,דרום אפריקה,2,7,9
2021-10-03T00:00:00.000Z,דנמרק,83,38,121
2021-10-03T00:00:00.000Z,דומיניקה,1,0,1
2021-10-04T00:00:00.000Z,קנדה,92,110,202
2021-10-04T00:00:00.000Z,קניה,5,1,6
2021-10-04T00:00:00.000Z,קפריסין,403,43,446
2021-10-04T00:00:00.000Z,קרואטיה,16,1,17
2021-10-04T00:00:00.000Z,רואנדה,4,0,4
2021-10-04T00:00:00.000Z,רומניה,408,71,479
2021-10-04T00:00:00.000Z,אבחזיסטאן,1,1,2
2021-10-04T00:00:00.000Z,שוודיה,1,3,4
2021-10-04T00:00:00.000Z,שוויץ,177,101,278
2021-10-04T00:00:00.000Z,תאילנד,135,44,179
2021-10-04T00:00:00.000Z,תורכיה,49,76,125
2021-10-04T00:00:00.000Z,תורכמניסטאן,1,0,1
2021-10-04T00:00:00.000Z,רוסיה,326,363,689
2021-10-04T00:00:00.000Z,אוגנדה,0,1,1
2021-10-04T00:00:00.000Z,אוזבקיסטן,53,146,199
2021-10-04T00:00:00.000Z,אוסטריה,822,170,992
2021-10-04T00:00:00.000Z,אוסטרליה,6,4,10
2021-10-04T00:00:00.000Z,אוקראינה,496,342,838
2021-10-04T00:00:00.000Z,אורגוואי,4,8,12
2021-10-04T00:00:00.000Z,אזרביג'אן,0,1,1
2021-10-04T00:00:00.000Z,איטליה,759,125,884
2021-10-04T00:00:00.000Z,איי טורקס וקייקוס,0,1,1
2021-10-04T00:00:00.000Z,איסלנד,22,0,22
2021-10-04T00:00:00.000Z,אירלנד,2,4,6
2021-10-04T00:00:00.000Z,אל סלבדור,0,1,1
2021-10-04T00:00:00.000Z,אלבניה,9,0,9
2021-10-04T00:00:00.000Z,אנגולה,3,0,3
2021-10-04T00:00:00.000Z,אסטוניה,1,1,2
2021-10-04T00:00:00.000Z,אקואדור,4,3,7
2021-10-04T00:00:00.000Z,ארגנטינה,0,5,5
2021-10-04T00:00:00.000Z,אריתראה,0,1,1
2021-10-04T00:00:00.000Z,ארמניה,1,3,4
2021-10-04T00:00:00.000Z,ארצות הברית,1730,2365,4095
2021-10-04T00:00:00.000Z,אתיופיה,33,22,55
2021-10-04T00:00:00.000Z,בהמס,0,1,1
2021-10-04T00:00:00.000Z,בולגריה,1,0,1
2021-10-04T00:00:00.000Z,בוסניה הרצגובינה,21,9,30
2021-10-04T00:00:00.000Z,בחריין,37,8,45
2021-10-04T00:00:00.000Z,בילורוסיה,60,41,101
2021-10-04T00:00:00.000Z,בלגיה,124,190,314
2021-10-04T00:00:00.000Z,ברבדוס,1,0,1
2021-10-04T00:00:00.000Z,ברזיל,3,7,10
2021-10-04T00:00:00.000Z,גאורגיה,390,62,452
2021-10-04T00:00:00.000Z,גאנה,4,4,8
2021-10-04T00:00:00.000Z,גווטאמלה,6,1,7
2021-10-04T00:00:00.000Z,גיברלטר,1,0,1
2021-10-04T00:00:00.000Z,גרמניה,445,156,601
2021-10-04T00:00:00.000Z,דנמרק,12,27,39
2021-10-04T00:00:00.000Z,דרום אפריקה,26,35,61
2021-10-04T00:00:00.000Z,הודו,62,147,209
2021-10-04T00:00:00.000Z,הולנד,204,43,247
2021-10-04T00:00:00.000Z,הונג קונג,0,1,1
2021-10-04T00:00:00.000Z,הונגריה,396,42,438
2021-10-04T00:00:00.000Z,הונדורס,2,0,2
2021-10-04T00:00:00.000Z,הממלכה המאוחדת,587,609,1196
2021-10-04T00:00:00.000Z,הרפ הדומיניקנית,4,0,4
2021-10-04T00:00:00.000Z,ונצואלה,2,0,2
2021-10-04T00:00:00.000Z,זאיר,1,0,1
2021-10-04T00:00:00.000Z,זמביה,2,2,4
2021-10-04T00:00:00.000Z,טוגו,0,1,1
2021-10-04T00:00:00.000Z,טנזניה,24,9,33
2021-10-04T00:00:00.000Z,יוון,706,86,792
2021-10-04T00:00:00.000Z,יפן,2,0,2
2021-10-04T00:00:00.000Z,ירדן,54,53,107
2021-10-04T00:00:00.000Z,כלל המדינות,12547,8780,21327
2021-10-04T00:00:00.000Z,לוכסמבורג,0,2,2
2021-10-04T00:00:00.000Z,לטביה,3,3,6
2021-10-04T00:00:00.000Z,ליבריה,0,1,1
2021-10-04T00:00:00.000Z,ליטא,5,0,5
2021-10-04T00:00:00.000Z,מאלי,7,2,9
2021-10-04T00:00:00.000Z,מוזמביק,2,0,2
2021-10-04T00:00:00.000Z,מולדובה,0,1,1
2021-10-04T00:00:00.000Z,מונטנגרו,48,9,57
2021-10-04T00:00:00.000Z,מלדיבים,82,17,99
2021-10-04T00:00:00.000Z,מצרים,876,102,978
2021-10-04T00:00:00.000Z,מקאו,0,1,1
2021-10-04T00:00:00.000Z,מקסיקו,3,13,16
2021-10-04T00:00:00.000Z,מרוקו,11,9,20
2021-10-04T00:00:00.000Z,נורבגיה,3,4,7
2021-10-04T00:00:00.000Z,ניגריה,1,5,6
2021-10-04T00:00:00.000Z,סין,0,13,13
2021-10-04T00:00:00.000Z,סינגפור,3,1,4
2021-10-04T00:00:00.000Z,ספרד,399,79,478
2021-10-04T00:00:00.000Z,סרביה,3,0,3
2021-10-04T00:00:00.000Z,סרי לנקה (צילון),2,2,4
2021-10-04T00:00:00.000Z,עירק,1,0,1
2021-10-04T00:00:00.000Z,פולין,257,50,307
2021-10-04T00:00:00.000Z,פורטוגל,115,41,156
2021-10-04T00:00:00.000Z,פיליפינים,1,0,1
2021-10-04T00:00:00.000Z,פינלנד,1,0,1
2021-10-04T00:00:00.000Z,פנמה,7,8,15
2021-10-04T00:00:00.000Z,פרו,7,7,14
2021-10-04T00:00:00.000Z,צ'ילה,2,4,6
2021-10-04T00:00:00.000Z,צכיה,445,40,485
2021-10-04T00:00:00.000Z,צרפת,569,388,957
2021-10-04T00:00:00.000Z,קולומביה,4,4,8
2021-10-04T00:00:00.000Z,קוסטה ריקה,19,7,26
2021-10-04T00:00:00.000Z,קזחסטאן,2,1,3
2021-10-04T00:00:00.000Z,קירג'זסטאן,5,1,6
2021-10-04T00:00:00.000Z,קמרון,0,2,2
2021-10-04T00:00:00.000Z,איחוד האמירויות הערב,115,26,141
2021-10-05T00:00:00.000Z,קוריאה הדרומית,0,1,1
2021-10-05T00:00:00.000Z,קניה,8,7,15
2021-10-05T00:00:00.000Z,קפריסין,230,44,274
2021-10-05T00:00:00.000Z,קרואטיה,3,1,4
2021-10-05T00:00:00.000Z,רואנדה,0,6,6
2021-10-05T00:00:00.000Z,רומניה,93,15,108
2021-10-05T00:00:00.000Z,רוסיה,186,269,455
2021-10-05T00:00:00.000Z,שוודיה,3,6,9
2021-10-05T00:00:00.000Z,שוויץ,167,79,246
2021-10-05T00:00:00.000Z,קוסטה ריקה,23,15,38
2021-10-05T00:00:00.000Z,קזחסטאן,3,4,7
2021-10-05T00:00:00.000Z,אוקראינה,334,230,564
2021-10-05T00:00:00.000Z,אוסטרליה,3,3,6
2021-10-05T00:00:00.000Z,אוסטריה,341,68,409
2021-10-05T00:00:00.000Z,אוזבקיסטן,4,1,5
2021-10-05T00:00:00.000Z,אוגנדה,0,4,4
2021-10-05T00:00:00.000Z,תורכיה,45,62,107
2021-10-05T00:00:00.000Z,אורגוואי,5,14,19
2021-10-05T00:00:00.000Z,אזרביג'אן,39,13,52
2021-10-05T00:00:00.000Z,איטליה,255,48,303
2021-10-05T00:00:00.000Z,איסלנד,23,0,23
2021-10-05T00:00:00.000Z,אירלנד,9,2,11
2021-10-05T00:00:00.000Z,אל סלבדור,0,1,1
2021-10-05T00:00:00.000Z,אלבניה,7,3,10
2021-10-05T00:00:00.000Z,אנגולה,3,0,3
2021-10-05T00:00:00.000Z,אסטוניה,6,3,9
2021-10-05T00:00:00.000Z,אקואדור,0,4,4
2021-10-05T00:00:00.000Z,איחוד האמירויות הערב,128,30,158
2021-10-05T00:00:00.000Z,קמרון,1,2,3
2021-10-05T00:00:00.000Z,קנדה,208,234,442
2021-10-05T00:00:00.000Z,ארגנטינה,17,64,81
2021-10-05T00:00:00.000Z,ארמניה,0,3,3
2021-10-05T00:00:00.000Z,ארצות הברית,1329,2565,3894
2021-10-05T00:00:00.000Z,אתיופיה,28,18,46
2021-10-05T00:00:00.000Z,בולגריה,2,0,2
2021-10-05T00:00:00.000Z,בילורוסיה,54,32,86
2021-10-05T00:00:00.000Z,בלגיה,9,29,38
2021-10-05T00:00:00.000Z,ברבדוס,1,0,1
2021-10-05T00:00:00.000Z,ברזיל,0,4,4
2021-10-05T00:00:00.000Z,גאורגיה,153,45,198
2021-10-05T00:00:00.000Z,גאנה,0,2,2
2021-10-05T00:00:00.000Z,גווטאמלה,0,2,2
2021-10-05T00:00:00.000Z,גיברלטר,2,2,4
2021-10-05T00:00:00.000Z,גרמניה,397,140,537
2021-10-05T00:00:00.000Z,גרנדה,1,0,1
2021-10-05T00:00:00.000Z,דנמרק,10,0,10
2021-10-05T00:00:00.000Z,דרום אפריקה,35,40,75
2021-10-05T00:00:00.000Z,הודו,5,3,8
2021-10-05T00:00:00.000Z,הולנד,49,18,67
2021-10-05T00:00:00.000Z,קטר,0,1,1
2021-10-05T00:00:00.000Z,הונגריה,400,56,456
2021-10-05T00:00:00.000Z,הממלכה המאוחדת,252,397,649
2021-10-05T00:00:00.000Z,הרפ הדומיניקנית,9,5,14
2021-10-05T00:00:00.000Z,ונצואלה,0,1,1
2021-10-05T00:00:00.000Z,זמביה,1,0,1
2021-10-05T00:00:00.000Z,חוף השנהב,1,0,1
2021-10-05T00:00:00.000Z,טג'יקיסטאן,1,1,2
2021-10-05T00:00:00.000Z,טנזניה,3,9,12
2021-10-05T00:00:00.000Z,יוון,642,84,726
2021-10-05T00:00:00.000Z,יפן,0,1,1
2021-10-05T00:00:00.000Z,ירדן,26,21,47
2021-10-05T00:00:00.000Z,כלל המדינות,8407,7734,16141
2021-10-05T00:00:00.000Z,לטביה,46,28,74
2021-10-05T00:00:00.000Z,ליטא,3,1,4
2021-10-05T00:00:00.000Z,מולדובה,38,55,93
2021-10-05T00:00:00.000Z,מונטנגרו,3,0,3
2021-10-05T00:00:00.000Z,מלדיבים,10,1,11
2021-10-05T00:00:00.000Z,מצרים,712,170,882
2021-10-05T00:00:00.000Z,מקדוניה,0,1,1
2021-10-05T00:00:00.000Z,מקסיקו,10,31,41
2021-10-05T00:00:00.000Z,מרוקו,61,30,91
2021-10-05T00:00:00.000Z,נורבגיה,4,0,4
2021-10-05T00:00:00.000Z,ניגריה,2,5,7
2021-10-05T00:00:00.000Z,נפאל,7,0,7
2021-10-05T00:00:00.000Z,סין,0,1,1
2021-10-05T00:00:00.000Z,ספרד,265,61,326
2021-10-05T00:00:00.000Z,סרביה,4,1,5
2021-10-05T00:00:00.000Z,סרי לנקה (צילון),2,0,2
2021-10-05T00:00:00.000Z,פולין,194,39,233
2021-10-05T00:00:00.000Z,פולינזיה הצרפתית,2,0,2
2021-10-05T00:00:00.000Z,פורטוגל,25,2,27
2021-10-05T00:00:00.000Z,פיליפינים,0,1,1
2021-10-05T00:00:00.000Z,פינלנד,1,1,2
2021-10-05T00:00:00.000Z,פנמה,8,9,17
2021-10-05T00:00:00.000Z,פרגוואי,0,1,1
2021-10-05T00:00:00.000Z,פרו,16,18,34
2021-10-05T00:00:00.000Z,צאד,0,1,1
2021-10-05T00:00:00.000Z,צ'ילה,0,3,3
2021-10-05T00:00:00.000Z,צכיה,300,18,318
2021-10-05T00:00:00.000Z,צרפת,568,471,1039
2021-10-05T00:00:00.000Z,קולומביה,11,3,14
2021-10-06T00:00:00.000Z,ירדן,35,20,55
2021-10-06T00:00:00.000Z,תורכמניסטאן,1,0,1
2021-10-06T00:00:00.000Z,אוזבקיסטן,0,1,1
2021-10-06T00:00:00.000Z,אוסטריה,338,85,423
2021-10-06T00:00:00.000Z,אוסטרליה,0,16,16
2021-10-06T00:00:00.000Z,אוקראינה,201,249,450
2021-10-06T00:00:00.000Z,אזרביג'אן,4,0,4
2021-10-06T00:00:00.000Z,איטליה,335,75,410
2021-10-06T00:00:00.000Z,איי טורקס וקייקוס,1,0,1
2021-10-06T00:00:00.000Z,איי סיישל,73,8,81
2021-10-06T00:00:00.000Z,איסלנד,10,0,10
2021-10-06T00:00:00.000Z,אירלנד,8,1,9
2021-10-06T00:00:00.000Z,אלבניה,0,1,1
2021-10-06T00:00:00.000Z,אנגולה,2,0,2
2021-10-06T00:00:00.000Z,אסטוניה,5,1,6
2021-10-06T00:00:00.000Z,אקואדור,0,3,3
2021-10-06T00:00:00.000Z,ארגנטינה,0,2,2
2021-10-06T00:00:00.000Z,ארמניה,2,1,3
2021-10-06T00:00:00.000Z,ארצות הברית,1070,2122,3192
2021-10-06T00:00:00.000Z,אתיופיה,26,14,40
2021-10-06T00:00:00.000Z,בולגריה,33,31,64
2021-10-06T00:00:00.000Z,בוסניה הרצגובינה,15,7,22
2021-10-06T00:00:00.000Z,בורקינה פאסו,1,0,1
2021-10-06T00:00:00.000Z,בחריין,1,0,1
2021-10-06T00:00:00.000Z,בילורוסיה,28,59,87
2021-10-06T00:00:00.000Z,בלגיה,14,27,41
2021-10-06T00:00:00.000Z,ברזיל,11,16,27
2021-10-06T00:00:00.000Z,גאורגיה,193,45,238
2021-10-06T00:00:00.000Z,גאנה,2,0,2
2021-10-06T00:00:00.000Z,גבון,1,2,3
2021-10-06T00:00:00.000Z,גווטאמלה,1,1,2
2021-10-06T00:00:00.000Z,גויאנה הצרפתית,2,0,2
2021-10-06T00:00:00.000Z,גרמניה,354,182,536
2021-10-06T00:00:00.000Z,דומיניקה,1,0,1
2021-10-06T00:00:00.000Z,דנמרק,6,2,8
2021-10-06T00:00:00.000Z,דרום אפריקה,20,10,30
2021-10-06T00:00:00.000Z,הודו,0,9,9
2021-10-06T00:00:00.000Z,הולנד,133,45,178
2021-10-06T00:00:00.000Z,הונגריה,379,93,472
2021-10-06T00:00:00.000Z,הממלכה המאוחדת,350,597,947
2021-10-06T00:00:00.000Z,הרפ הדומיניקנית,2,0,2
2021-10-06T00:00:00.000Z,ונצואלה,4,3,7
2021-10-06T00:00:00.000Z,זאיר,0,1,1
2021-10-06T00:00:00.000Z,טיוואן,0,2,2
2021-10-06T00:00:00.000Z,טנזניה,113,8,121
2021-10-06T00:00:00.000Z,יוון,538,112,650
2021-10-06T00:00:00.000Z,יפן,1,3,4
2021-10-06T00:00:00.000Z,אוגנדה,3,2,5
2021-10-06T00:00:00.000Z,כלל המדינות,8232,7457,15689
2021-10-06T00:00:00.000Z,ליבריה,1,0,1
2021-10-06T00:00:00.000Z,ליטא,2,0,2
2021-10-06T00:00:00.000Z,מאוריציוס,1,0,1
2021-10-06T00:00:00.000Z,מוזמביק,2,0,2
2021-10-06T00:00:00.000Z,מונטנגרו,41,3,44
2021-10-06T00:00:00.000Z,מלדיבים,8,5,13
2021-10-06T00:00:00.000Z,מלטה,1,1,2
2021-10-06T00:00:00.000Z,מצרים,904,144,1048
2021-10-06T00:00:00.000Z,מקסיקו,1,8,9
2021-10-06T00:00:00.000Z,מרוקו,6,7,13
2021-10-06T00:00:00.000Z,נורבגיה,1,6,7
2021-10-06T00:00:00.000Z,ניגריה,1,3,4
2021-10-06T00:00:00.000Z,נפאל,2,0,2
2021-10-06T00:00:00.000Z,סין,0,8,8
2021-10-06T00:00:00.000Z,סינגפור,0,9,9
2021-10-06T00:00:00.000Z,ספרד,192,20,212
2021-10-06T00:00:00.000Z,סרביה,2,25,27
2021-10-06T00:00:00.000Z,סרי לנקה (צילון),10,10,20
2021-10-06T00:00:00.000Z,ערב הסעודית,1,0,1
2021-10-06T00:00:00.000Z,פולין,112,39,151
2021-10-06T00:00:00.000Z,פורטוגל,42,22,64
2021-10-06T00:00:00.000Z,פיליפינים,1,26,27
2021-10-06T00:00:00.000Z,פינלנד,26,13,39
2021-10-06T00:00:00.000Z,פנמה,8,22,30
2021-10-06T00:00:00.000Z,פרו,5,7,12
2021-10-06T00:00:00.000Z,צכיה,230,32,262
2021-10-06T00:00:00.000Z,צרפת,492,423,915
2021-10-06T00:00:00.000Z,קולומביה,1,2,3
2021-10-06T00:00:00.000Z,קוסובו,2,0,2
2021-10-06T00:00:00.000Z,קוסטה ריקה,24,17,41
2021-10-06T00:00:00.000Z,קוריאה הדרומית,0,6,6
2021-10-06T00:00:00.000Z,קזחסטאן,3,0,3
2021-10-06T00:00:00.000Z,קירג'זסטאן,1,1,2
2021-10-06T00:00:00.000Z,קנדה,98,122,220
2021-10-06T00:00:00.000Z,קניה,2,1,3
2021-10-06T00:00:00.000Z,קפריסין,369,73,442
2021-10-06T00:00:00.000Z,קרואטיה,4,1,5
2021-10-06T00:00:00.000Z,רואנדה,0,1,1
2021-10-06T00:00:00.000Z,רומניה,194,31,225
2021-10-06T00:00:00.000Z,רוסיה,136,170,306
2021-10-06T00:00:00.000Z,שוודיה,1,7,8
2021-10-06T00:00:00.000Z,איחוד האמירויות הערב,188,63,251
2021-10-06T00:00:00.000Z,שוויץ,105,86,191
2021-10-06T00:00:00.000Z,תאילנד,3,3,6
2021-10-06T00:00:00.000Z,תורכיה,69,53,122
2021-10-07T00:00:00.000Z,קנדה,91,121,212
2021-10-07T00:00:00.000Z,רואנדה,3,0,3
2021-10-07T00:00:00.000Z,קרואטיה,0,1,1
2021-10-07T00:00:00.000Z,קפריסין,573,66,639
2021-10-07T00:00:00.000Z,קניה,0,5,5
2021-10-07T00:00:00.000Z,שוויץ,132,52,184
2021-10-07T00:00:00.000Z,קמרון,0,1,1
2021-10-07T00:00:00.000Z,קירג'זסטאן,1,0,1
2021-10-07T00:00:00.000Z,קטר,1,2,3
2021-10-07T00:00:00.000Z,קזחסטאן,1,1,2
2021-10-07T00:00:00.000Z,קוריאה הדרומית,1,1,2
2021-10-07T00:00:00.000Z,קוסטה ריקה,13,12,25
2021-10-07T00:00:00.000Z,קוסובו,1,0,1
2021-10-07T00:00:00.000Z,קונגו,1,0,1
2021-10-07T00:00:00.000Z,קולומביה,15,5,20
2021-10-07T00:00:00.000Z,צרפת,668,398,1066
2021-10-07T00:00:00.000Z,צכיה,374,24,398
2021-10-07T00:00:00.000Z,צ'ילה,1,5,6
2021-10-07T00:00:00.000Z,צאד,1,0,1
2021-10-07T00:00:00.000Z,פרו,6,23,29
2021-10-07T00:00:00.000Z,פנמה,10,11,21
2021-10-07T00:00:00.000Z,פינלנד,4,2,6
2021-10-07T00:00:00.000Z,פיליפינים,1,9,10
2021-10-07T00:00:00.000Z,פורטוגל,135,24,159
2021-10-07T00:00:00.000Z,פולין,88,37,125
2021-10-07T00:00:00.000Z,סרי לנקה (צילון),0,3,3
2021-10-07T00:00:00.000Z,סרביה,53,39,92
2021-10-07T00:00:00.000Z,ספרד,342,124,466
2021-10-07T00:00:00.000Z,סלובקיה,1,0,1
2021-10-07T00:00:00.000Z,סינגפור,1,5,6
2021-10-07T00:00:00.000Z,סין,4,111,115
2021-10-07T00:00:00.000Z,נפאל,1,0,1
2021-10-07T00:00:00.000Z,נמיביה,3,0,3
2021-10-07T00:00:00.000Z,ניו זילנד,0,1,1
2021-10-07T00:00:00.000Z,ניגריה,5,3,8
2021-10-07T00:00:00.000Z,נורבגיה,0,1,1
2021-10-07T00:00:00.000Z,מרוקו,92,20,112
2021-10-07T00:00:00.000Z,מקסיקו,5,9,14
2021-10-07T00:00:00.000Z,מצרים,1275,224,1499
2021-10-07T00:00:00.000Z,מלדיבים,14,0,14
2021-10-07T00:00:00.000Z,מונגוליה,0,1,1
2021-10-07T00:00:00.000Z,מולדובה,74,58,132
2021-10-07T00:00:00.000Z,ליטא,98,17,115
2021-10-07T00:00:00.000Z,לטביה,1,0,1
2021-10-07T00:00:00.000Z,לוכסמבורג,1,0,1
2021-10-07T00:00:00.000Z,לאוס,1,0,1
2021-10-07T00:00:00.000Z,כלל המדינות,12177,8261,20438
2021-10-07T00:00:00.000Z,ירדן,185,43,228
2021-10-07T00:00:00.000Z,יפן,3,4,7
2021-10-07T00:00:00.000Z,יוון,974,165,1139
2021-10-07T00:00:00.000Z,טנזניה,8,2,10
2021-10-07T00:00:00.000Z,טוגו,4,0,4
2021-10-07T00:00:00.000Z,חוף השנהב,2,0,2
2021-10-07T00:00:00.000Z,זמביה,2,0,2
2021-10-07T00:00:00.000Z,זימבאבווה,1,0,1
2021-10-07T00:00:00.000Z,זאיר,2,0,2
2021-10-07T00:00:00.000Z,ונצואלה,2,0,2
2021-10-07T00:00:00.000Z,ויטנאם,0,1,1
2021-10-07T00:00:00.000Z,הרפ הדומיניקנית,8,1,9
2021-10-07T00:00:00.000Z,הממלכה המאוחדת,447,622,1069
2021-10-07T00:00:00.000Z,הונדורס,1,0,1
2021-10-07T00:00:00.000Z,הונגריה,467,88,555
2021-10-07T00:00:00.000Z,תורכיה,103,112,215
2021-10-07T00:00:00.000Z,איחוד האמירויות הערב,236,47,283
2021-10-07T00:00:00.000Z,הונג קונג,2,35,37
2021-10-07T00:00:00.000Z,הולנד,367,76,443
2021-10-07T00:00:00.000Z,הודו,7,5,12
2021-10-07T00:00:00.000Z,דרום אפריקה,52,38,90
2021-10-07T00:00:00.000Z,דנמרק,86,46,132
2021-10-07T00:00:00.000Z,גרנדה,0,1,1
2021-10-07T00:00:00.000Z,גרמניה,166,80,246
2021-10-07T00:00:00.000Z,גינאה,1,0,1
2021-10-07T00:00:00.000Z,גיברלטר,1,0,1
2021-10-07T00:00:00.000Z,גווטאמלה,4,3,7
2021-10-07T00:00:00.000Z,גאנה,3,41,44
2021-10-07T00:00:00.000Z,גאורגיה,475,67,542
2021-10-07T00:00:00.000Z,ברזיל,3,24,27
2021-10-07T00:00:00.000Z,בלגיה,50,99,149
2021-10-07T00:00:00.000Z,בילורוסיה,68,72,140
2021-10-07T00:00:00.000Z,בחריין,48,13,61
2021-10-07T00:00:00.000Z,בוסניה הרצגובינה,3,1,4
2021-10-07T00:00:00.000Z,בוטסואנה,2,0,2
2021-10-07T00:00:00.000Z,אתיופיה,32,16,48
2021-10-07T00:00:00.000Z,ארצות הברית,1161,1809,2970
2021-10-07T00:00:00.000Z,ארמניה,10,3,13
2021-10-07T00:00:00.000Z,ארגנטינה,10,73,83
2021-10-07T00:00:00.000Z,אקואדור,11,3,14
2021-10-07T00:00:00.000Z,אסטוניה,1,0,1
2021-10-07T00:00:00.000Z,אנגולה,1,0,1
2021-10-07T00:00:00.000Z,אירלנד,4,0,4
2021-10-07T00:00:00.000Z,איסלנד,18,1,19
2021-10-07T00:00:00.000Z,איי סיישל,0,2,2
2021-10-07T00:00:00.000Z,איטליה,705,122,827
2021-10-07T00:00:00.000Z,אזרביג'אן,51,29,80
2021-10-07T00:00:00.000Z,שוודיה,8,8,16
2021-10-07T00:00:00.000Z,תוניסיה,1,1,2
2021-10-07T00:00:00.000Z,רוסיה,159,306,465
2021-10-07T00:00:00.000Z,רומניה,369,76,445
2021-10-07T00:00:00.000Z,אוקראינה,289,139,428
2021-10-07T00:00:00.000Z,אוסטרליה,2,6,8
2021-10-07T00:00:00.000Z,אוסטריה,444,108,552
2021-10-07T00:00:00.000Z,אוזבקיסטן,3,21,24
2021-10-07T00:00:00.000Z,אוגנדה,1,0,1
2021-10-07T00:00:00.000Z,מונטנגרו,74,6,80
2021-10-08T00:00:00.000Z,פורטו ריקו,0,2,2
2021-10-08T00:00:00.000Z,פורטוגל,26,2,28
2021-10-08T00:00:00.000Z,פיליפינים,0,1,1
2021-10-08T00:00:00.000Z,פינלנד,44,30,74
2021-10-08T00:00:00.000Z,פנמה,7,7,14
2021-10-08T00:00:00.000Z,פרו,1,3,4
2021-10-08T00:00:00.000Z,צ'ילה,0,1,1
2021-10-08T00:00:00.000Z,צכיה,391,23,414
2021-10-08T00:00:00.000Z,צרפת,645,234,879
2021-10-08T00:00:00.000Z,קולומביה,3,3,6
2021-10-08T00:00:00.000Z,קוסובו,0,2,2
2021-10-08T00:00:00.000Z,קוסטה ריקה,31,25,56
2021-10-08T00:00:00.000Z,קוריאה הדרומית,3,0,3
2021-10-08T00:00:00.000Z,קזחסטאן,2,2,4
2021-10-08T00:00:00.000Z,איחוד האמירויות הערב,319,47,366
2021-10-08T00:00:00.000Z,טוגו,1,0,1
2021-10-08T00:00:00.000Z,חוף השנהב,8,0,8
2021-10-08T00:00:00.000Z,הרפ הדומיניקנית,6,0,6
2021-10-08T00:00:00.000Z,הממלכה המאוחדת,453,299,752
2021-10-08T00:00:00.000Z,הונגריה,327,33,360
2021-10-08T00:00:00.000Z,הולנד,271,85,356
2021-10-08T00:00:00.000Z,הודו,16,3,19
2021-10-08T00:00:00.000Z,דרום אפריקה,5,1,6
2021-10-08T00:00:00.000Z,דנמרק,16,1,17
2021-10-08T00:00:00.000Z,גרמניה,759,247,1006
2021-10-08T00:00:00.000Z,גווטאמלה,3,5,8
2021-10-08T00:00:00.000Z,גאורגיה,412,71,483
2021-10-08T00:00:00.000Z,ברזיל,1,9,10
2021-10-08T00:00:00.000Z,בלגיה,81,99,180
2021-10-08T00:00:00.000Z,בחריין,4,0,4
2021-10-08T00:00:00.000Z,בוסניה הרצגובינה,35,11,46
2021-10-08T00:00:00.000Z,בוליביה,0,1,1
2021-10-08T00:00:00.000Z,בולגריה,7,4,11
2021-10-08T00:00:00.000Z,ארצות הברית,1526,1052,2578
2021-10-08T00:00:00.000Z,ארמניה,4,1,5
2021-10-08T00:00:00.000Z,ארגנטינה,11,25,36
2021-10-08T00:00:00.000Z,אקואדור,7,1,8
2021-10-08T00:00:00.000Z,אסטוניה,6,0,6
2021-10-08T00:00:00.000Z,אנגולה,1,1,2
2021-10-08T00:00:00.000Z,אלבניה,3,0,3
2021-10-08T00:00:00.000Z,אל סלבדור,1,0,1
2021-10-08T00:00:00.000Z,אירלנד,6,1,7
2021-10-08T00:00:00.000Z,איסלנד,1,0,1
2021-10-08T00:00:00.000Z,איטליה,531,51,582
2021-10-08T00:00:00.000Z,אזרביג'אן,35,2,37
2021-10-08T00:00:00.000Z,אורגוואי,2,6,8
2021-10-08T00:00:00.000Z,אוקראינה,333,113,446
2021-10-08T00:00:00.000Z,אוסטרליה,7,0,7
2021-10-08T00:00:00.000Z,אוסטריה,801,100,901
2021-10-08T00:00:00.000Z,אוזבקיסטן,4,6,10
2021-10-08T00:00:00.000Z,קטר,3,1,4
2021-10-08T00:00:00.000Z,קירג'זסטאן,3,3,6
2021-10-08T00:00:00.000Z,קנדה,108,99,207
2021-10-08T00:00:00.000Z,קניה,2,0,2
2021-10-08T00:00:00.000Z,קפריסין,432,80,512
2021-10-08T00:00:00.000Z,קרואטיה,7,0,7
2021-10-08T00:00:00.000Z,רומניה,250,38,288
2021-10-08T00:00:00.000Z,רוסיה,267,202,469
2021-10-08T00:00:00.000Z,שוודיה,3,1,4
2021-10-08T00:00:00.000Z,שוויץ,407,139,546
2021-10-08T00:00:00.000Z,תאילנד,106,121,227
2021-10-08T00:00:00.000Z,תורכיה,155,66,221
2021-10-08T00:00:00.000Z,תורכמניסטאן,1,0,1
2021-10-08T00:00:00.000Z,טיוואן,1,5,6
2021-10-08T00:00:00.000Z,טנזניה,5,0,5
2021-10-08T00:00:00.000Z,יוון,678,58,736
2021-10-08T00:00:00.000Z,יפן,0,3,3
2021-10-08T00:00:00.000Z,ירדן,8,8,16
2021-10-08T00:00:00.000Z,כלל המדינות,11750,5429,17179
2021-10-08T00:00:00.000Z,לוכסמבורג,4,0,4
2021-10-08T00:00:00.000Z,לטביה,6,0,6
2021-10-08T00:00:00.000Z,ליטא,1,0,1
2021-10-08T00:00:00.000Z,מונטנגרו,70,5,75
2021-10-08T00:00:00.000Z,מונקו,1,0,1
2021-10-08T00:00:00.000Z,מיאנמר (בורמה),1,0,1
2021-10-08T00:00:00.000Z,מלדיבים,26,11,37
2021-10-08T00:00:00.000Z,מלטה,7,2,9
2021-10-08T00:00:00.000Z,מצרים,751,132,883
2021-10-08T00:00:00.000Z,מקסיקו,7,4,11
2021-10-08T00:00:00.000Z,מרוקו,15,4,19
2021-10-08T00:00:00.000Z,נורבגיה,1,3,4
2021-10-08T00:00:00.000Z,ניגריה,2,1,3
2021-10-08T00:00:00.000Z,נפאל,0,1,1
2021-10-08T00:00:00.000Z,סינגפור,2,4,6
2021-10-08T00:00:00.000Z,סלובניה,8,0,8
2021-10-08T00:00:00.000Z,סנגל,2,0,2
2021-10-08T00:00:00.000Z,ספרד,426,57,483
2021-10-08T00:00:00.000Z,סרביה,7,1,8
2021-10-08T00:00:00.000Z,סרי לנקה (צילון),2,1,3
2021-10-08T00:00:00.000Z,פולין,207,26,233
2021-10-09T00:00:00.000Z,ליטא,3,3,6
2021-10-09T00:00:00.000Z,איחוד האמירויות הערב,130,24,154
2021-10-09T00:00:00.000Z,אוזבקיסטן,4,1,5
2021-10-09T00:00:00.000Z,אוסטריה,438,35,473
2021-10-09T00:00:00.000Z,אוסטרליה,2,0,2
2021-10-09T00:00:00.000Z,אוקראינה,176,75,251
2021-10-09T00:00:00.000Z,אזרביג'אן,4,0,4
2021-10-09T00:00:00.000Z,איטליה,372,46,418
2021-10-09T00:00:00.000Z,איי סיישל,4,0,4
2021-10-09T00:00:00.000Z,איסלנד,11,2,13
2021-10-09T00:00:00.000Z,אירלנד,4,4,8
2021-10-09T00:00:00.000Z,אלבניה,2,1,3
2021-10-09T00:00:00.000Z,אסטוניה,3,1,4
2021-10-09T00:00:00.000Z,אקואדור,13,3,16
2021-10-09T00:00:00.000Z,ארמניה,4,2,6
2021-10-09T00:00:00.000Z,ארצות הברית,622,385,1007
2021-10-09T00:00:00.000Z,אתיופיה,14,18,32
2021-10-09T00:00:00.000Z,בולגריה,2,0,2
2021-10-09T00:00:00.000Z,בוסניה הרצגובינה,2,0,2
2021-10-09T00:00:00.000Z,בלגיה,9,7,16
2021-10-09T00:00:00.000Z,ברזיל,1,1,2
2021-10-09T00:00:00.000Z,גאורגיה,95,12,107
2021-10-09T00:00:00.000Z,גאנה,4,2,6
2021-10-09T00:00:00.000Z,גווטאמלה,0,3,3
2021-10-09T00:00:00.000Z,גינאה,1,0,1
2021-10-09T00:00:00.000Z,גינאה המשוונית,2,0,2
2021-10-09T00:00:00.000Z,גרמניה,174,136,310
2021-10-09T00:00:00.000Z,דומיניקה,2,0,2
2021-10-09T00:00:00.000Z,דנמרק,4,2,6
2021-10-09T00:00:00.000Z,דרום אפריקה,17,14,31
2021-10-09T00:00:00.000Z,האנטילים ההולנדים,1,0,1
2021-10-09T00:00:00.000Z,הודו,15,1,16
2021-10-09T00:00:00.000Z,הולנד,109,15,124
2021-10-09T00:00:00.000Z,הונגריה,268,19,287
2021-10-09T00:00:00.000Z,הונדורס,1,0,1
2021-10-09T00:00:00.000Z,הממלכה המאוחדת,176,113,289
2021-10-09T00:00:00.000Z,זאיר,2,0,2
2021-10-09T00:00:00.000Z,זמביה,1,1,2
2021-10-09T00:00:00.000Z,חוף השנהב,0,2,2
2021-10-09T00:00:00.000Z,טיוואן,0,1,1
2021-10-09T00:00:00.000Z,טנזניה,8,2,10
2021-10-09T00:00:00.000Z,יוון,504,53,557
2021-10-09T00:00:00.000Z,יפן,0,1,1
2021-10-09T00:00:00.000Z,ירדן,3,0,3
2021-10-09T00:00:00.000Z,כלל המדינות,7191,3066,10257
2021-10-09T00:00:00.000Z,לטביה,27,42,69
2021-10-09T00:00:00.000Z,אוגנדה,4,1,5
2021-10-09T00:00:00.000Z,מאלי,2,0,2
2021-10-09T00:00:00.000Z,מוזמביק,3,0,3
2021-10-09T00:00:00.000Z,מונגוליה,0,1,1
2021-10-09T00:00:00.000Z,מונטנגרו,2,0,2
2021-10-09T00:00:00.000Z,מונקו,1,0,1
2021-10-09T00:00:00.000Z,מלדיבים,31,1,32
2021-10-09T00:00:00.000Z,מלטה,1,0,1
2021-10-09T00:00:00.000Z,מצרים,1651,161,1812
2021-10-09T00:00:00.000Z,מקסיקו,4,2,6
2021-10-09T00:00:00.000Z,מרוקו,4,1,5
2021-10-09T00:00:00.000Z,נורבגיה,1,2,3
2021-10-09T00:00:00.000Z,ניגריה,4,1,5
2021-10-09T00:00:00.000Z,נמיביה,1,0,1
2021-10-09T00:00:00.000Z,סינגפור,3,1,4
2021-10-09T00:00:00.000Z,סלובניה,5,1,6
2021-10-09T00:00:00.000Z,ספרד,14,8,22
2021-10-09T00:00:00.000Z,סרביה,0,1,1
2021-10-09T00:00:00.000Z,סרי לנקה (צילון),1,2,3
2021-10-09T00:00:00.000Z,ערב הסעודית,3,0,3
2021-10-09T00:00:00.000Z,פולין,183,43,226
2021-10-09T00:00:00.000Z,פולינזיה הצרפתית,1,0,1
2021-10-09T00:00:00.000Z,פורטוגל,18,6,24
2021-10-09T00:00:00.000Z,פיליפינים,0,2,2
2021-10-09T00:00:00.000Z,פינלנד,4,0,4
2021-10-09T00:00:00.000Z,פנמה,10,5,15
2021-10-09T00:00:00.000Z,פרו,5,2,7
2021-10-09T00:00:00.000Z,צכיה,229,51,280
2021-10-09T00:00:00.000Z,צרפת,250,52,302
2021-10-09T00:00:00.000Z,קולומביה,7,6,13
2021-10-09T00:00:00.000Z,קונגו,1,0,1
2021-10-09T00:00:00.000Z,קוסטה ריקה,8,1,9
2021-10-09T00:00:00.000Z,קוריאה הדרומית,1,2,3
2021-10-09T00:00:00.000Z,קזחסטאן,1,0,1
2021-10-09T00:00:00.000Z,קירג'זסטאן,1,0,1
2021-10-09T00:00:00.000Z,קנדה,86,62,148
2021-10-09T00:00:00.000Z,קניה,4,0,4
2021-10-09T00:00:00.000Z,קפריסין,443,31,474
2021-10-09T00:00:00.000Z,קרואטיה,3,1,4
2021-10-09T00:00:00.000Z,רואנדה,8,4,12
2021-10-09T00:00:00.000Z,רומניה,297,67,364
2021-10-09T00:00:00.000Z,רוסיה,19,12,31
2021-10-09T00:00:00.000Z,שוודיה,1,3,4
2021-10-09T00:00:00.000Z,שוויץ,77,47,124
2021-10-09T00:00:00.000Z,תאילנד,4,0,4
2021-10-09T00:00:00.000Z,תורכיה,257,93,350
2021-10-10T00:00:00.000Z,רוסיה,153,193,346
2021-10-10T00:00:00.000Z,שוודיה,11,13,24
2021-10-10T00:00:00.000Z,שוויץ,194,144,338
2021-10-10T00:00:00.000Z,תאילנד,9,5,14
2021-10-10T00:00:00.000Z,תוניסיה,0,3,3
2021-10-10T00:00:00.000Z,תורכיה,393,113,506
2021-10-10T00:00:00.000Z,תורכמניסטאן,0,1,1
2021-10-10T00:00:00.000Z,רומניה,264,19,283
2021-10-10T00:00:00.000Z,קפריסין,726,70,796
2021-10-10T00:00:00.000Z,קניה,0,2,2
2021-10-10T00:00:00.000Z,קנדה,56,45,101
2021-10-10T00:00:00.000Z,קמרון,1,0,1
2021-10-10T00:00:00.000Z,קזחסטאן,2,3,5
2021-10-10T00:00:00.000Z,קוריאה הדרומית,5,4,9
2021-10-10T00:00:00.000Z,קוסטה ריקה,18,1,19
2021-10-10T00:00:00.000Z,קולומביה,3,2,5
2021-10-10T00:00:00.000Z,צרפת,435,347,782
2021-10-10T00:00:00.000Z,צכיה,546,34,580
2021-10-10T00:00:00.000Z,צ'ילה,0,2,2
2021-10-10T00:00:00.000Z,פרו,4,4,8
2021-10-10T00:00:00.000Z,פנמה,3,3,6
2021-10-10T00:00:00.000Z,פיליפינים,2,9,11
2021-10-10T00:00:00.000Z,פורטוגל,90,21,111
2021-10-10T00:00:00.000Z,פולין,86,15,101
2021-10-10T00:00:00.000Z,סרי לנקה (צילון),4,8,12
2021-10-10T00:00:00.000Z,סרביה,50,11,61
2021-10-10T00:00:00.000Z,ספרד,368,107,475
2021-10-10T00:00:00.000Z,סלובקיה,0,1,1
2021-10-10T00:00:00.000Z,סלובניה,1,2,3
2021-10-10T00:00:00.000Z,סין,1,1,2
2021-10-10T00:00:00.000Z,נפאל,8,1,9
2021-10-10T00:00:00.000Z,נמיביה,4,0,4
2021-10-10T00:00:00.000Z,ניגריה,3,4,7
2021-10-10T00:00:00.000Z,נורבגיה,5,5,10
2021-10-10T00:00:00.000Z,מרוקו,32,12,44
2021-10-10T00:00:00.000Z,מקסיקו,2,1,3
2021-10-10T00:00:00.000Z,מקאו,0,2,2
2021-10-10T00:00:00.000Z,מצרים,1445,176,1621
2021-10-10T00:00:00.000Z,מלטה,2,0,2
2021-10-10T00:00:00.000Z,מלדיבים,11,0,11
2021-10-10T00:00:00.000Z,מונטנגרו,134,4,138
2021-10-10T00:00:00.000Z,מולדובה,77,65,142
2021-10-10T00:00:00.000Z,מאלי,1,0,1
2021-10-10T00:00:00.000Z,ליטא,101,18,119
2021-10-10T00:00:00.000Z,כלל המדינות,13597,6343,19940
2021-10-10T00:00:00.000Z,ירדן,311,78,389
2021-10-10T00:00:00.000Z,יפן,1,0,1
2021-10-10T00:00:00.000Z,יוון,1256,96,1352
2021-10-10T00:00:00.000Z,טנזניה,2,0,2
2021-10-10T00:00:00.000Z,אבחזיסטאן,0,3,3
2021-10-10T00:00:00.000Z,אוגנדה,2,7,9
2021-10-10T00:00:00.000Z,איחוד האמירויות הערב,276,54,330
2021-10-10T00:00:00.000Z,קרואטיה,16,2,18
2021-10-10T00:00:00.000Z,טוגו,1,0,1
2021-10-10T00:00:00.000Z,ויטנאם,0,7,7
2021-10-10T00:00:00.000Z,הרפ הדומיניקנית,0,5,5
2021-10-10T00:00:00.000Z,הממלכה המאוחדת,383,356,739
2021-10-10T00:00:00.000Z,הונגריה,616,42,658
2021-10-10T00:00:00.000Z,הולנד,342,71,413
2021-10-10T00:00:00.000Z,אוזבקיסטן,4,3,7
2021-10-10T00:00:00.000Z,אוסטריה,446,65,511
2021-10-10T00:00:00.000Z,רואנדה,0,1,1
2021-10-10T00:00:00.000Z,אוסטרליה,3,3,6
2021-10-10T00:00:00.000Z,אוקראינה,278,136,414
2021-10-10T00:00:00.000Z,אורגוואי,1,0,1
2021-10-10T00:00:00.000Z,הודו,8,5,13
2021-10-10T00:00:00.000Z,דרום סודאן,1,0,1
2021-10-10T00:00:00.000Z,דרום אפריקה,3,7,10
2021-10-10T00:00:00.000Z,דנמרק,45,27,72
2021-10-10T00:00:00.000Z,גרמניה,360,264,624
2021-10-10T00:00:00.000Z,גיברלטר,2,0,2
2021-10-10T00:00:00.000Z,גויאנה הצרפתית,3,0,3
2021-10-10T00:00:00.000Z,גויאנה,1,0,1
2021-10-10T00:00:00.000Z,גווטאמלה,2,2,4
2021-10-10T00:00:00.000Z,גאנה,1,5,6
2021-10-10T00:00:00.000Z,גאורגיה,872,81,953
2021-10-10T00:00:00.000Z,ברמודה,0,1,1
2021-10-10T00:00:00.000Z,ברזיל,0,3,3
2021-10-10T00:00:00.000Z,בלגיה,44,101,145
2021-10-10T00:00:00.000Z,בילורוסיה,116,48,164
2021-10-10T00:00:00.000Z,בורקינה פאסו,1,0,1
2021-10-10T00:00:00.000Z,בוסניה הרצגובינה,2,0,2
2021-10-10T00:00:00.000Z,בולגריה,52,51,103
2021-10-10T00:00:00.000Z,ארצות הברית,749,776,1525
2021-10-10T00:00:00.000Z,ארמניה,1,1,2
2021-10-10T00:00:00.000Z,ארגנטינה,12,13,25
2021-10-10T00:00:00.000Z,אקואדור,1,2,3
2021-10-10T00:00:00.000Z,אסטוניה,0,1,1
2021-10-10T00:00:00.000Z,אל סלבדור,1,0,1
2021-10-10T00:00:00.000Z,אירלנד,9,2,11
2021-10-10T00:00:00.000Z,איסלנד,5,0,5
2021-10-10T00:00:00.000Z,איי סיישל,3,0,3
2021-10-10T00:00:00.000Z,איטליה,908,119,1027
2021-10-10T00:00:00.000Z,אזרביג'אן,65,13,78
2021-10-11T00:00:00.000Z,בוטסואנה,1,0,1
2021-10-11T00:00:00.000Z,ספרד,399,112,511
2021-10-11T00:00:00.000Z,סרי לנקה (צילון),0,3,3
2021-10-11T00:00:00.000Z,פולין,192,31,223
2021-10-11T00:00:00.000Z,פורטוגל,117,10,127
2021-10-11T00:00:00.000Z,איחוד האמירויות הערב,145,21,166
2021-10-11T00:00:00.000Z,פיליפינים,1,2,3
2021-10-11T00:00:00.000Z,תורכמניסטאן,3,5,8
2021-10-11T00:00:00.000Z,תורכיה,306,142,448
2021-10-11T00:00:00.000Z,תאילנד,54,185,239
2021-10-11T00:00:00.000Z,שוויץ,128,75,203
2021-10-11T00:00:00.000Z,שוודיה,6,21,27
2021-10-11T00:00:00.000Z,רוסיה,271,288,559
2021-10-11T00:00:00.000Z,רומניה,361,24,385
2021-10-11T00:00:00.000Z,רואנדה,2,0,2
2021-10-11T00:00:00.000Z,קרואטיה,6,1,7
2021-10-11T00:00:00.000Z,קפריסין,430,36,466
2021-10-11T00:00:00.000Z,קניה,3,1,4
2021-10-11T00:00:00.000Z,קנדה,59,87,146
2021-10-11T00:00:00.000Z,קמרון,1,0,1
2021-10-11T00:00:00.000Z,קירג'זסטאן,2,1,3
2021-10-11T00:00:00.000Z,קזחסטאן,2,4,6
2021-10-11T00:00:00.000Z,קוריאה הדרומית,0,4,4
2021-10-11T00:00:00.000Z,קוסטה ריקה,6,4,10
2021-10-11T00:00:00.000Z,קולומביה,7,10,17
2021-10-11T00:00:00.000Z,צרפת,691,307,998
2021-10-11T00:00:00.000Z,צכיה,341,25,366
2021-10-11T00:00:00.000Z,צ'ילה,0,2,2
2021-10-11T00:00:00.000Z,פרו,4,6,10
2021-10-11T00:00:00.000Z,פנמה,11,11,22
2021-10-11T00:00:00.000Z,פינלנד,4,2,6
2021-10-11T00:00:00.000Z,סנגל,2,0,2
2021-10-11T00:00:00.000Z,אבחזיסטאן,0,2,2
2021-10-11T00:00:00.000Z,אוזבקיסטן,125,100,225
2021-10-11T00:00:00.000Z,אוסטריה,817,79,896
2021-10-11T00:00:00.000Z,אוסטרליה,2,2,4
2021-10-11T00:00:00.000Z,אוקראינה,483,231,714
2021-10-11T00:00:00.000Z,אורגוואי,2,4,6
2021-10-11T00:00:00.000Z,אזרביג'אן,64,10,74
2021-10-11T00:00:00.000Z,איטליה,711,88,799
2021-10-11T00:00:00.000Z,אינדונזיה,0,1,1
2021-10-11T00:00:00.000Z,איסלנד,10,0,10
2021-10-11T00:00:00.000Z,אירלנד,6,0,6
2021-10-11T00:00:00.000Z,אלבניה,4,0,4
2021-10-11T00:00:00.000Z,אנגולה,7,0,7
2021-10-11T00:00:00.000Z,אסטוניה,1,0,1
2021-10-11T00:00:00.000Z,אקואדור,1,6,7
2021-10-11T00:00:00.000Z,ארגנטינה,0,1,1
2021-10-11T00:00:00.000Z,ארמניה,2,2,4
2021-10-11T00:00:00.000Z,ארצות הברית,1025,1492,2517
2021-10-11T00:00:00.000Z,אתיופיה,29,29,58
2021-10-11T00:00:00.000Z,סרביה,19,15,34
2021-10-11T00:00:00.000Z,בולגריה,3,2,5
2021-10-11T00:00:00.000Z,בוסניה הרצגובינה,20,14,34
2021-10-11T00:00:00.000Z,בחריין,24,1,25
2021-10-11T00:00:00.000Z,בילורוסיה,1,0,1
2021-10-11T00:00:00.000Z,בלגיה,89,71,160
2021-10-11T00:00:00.000Z,ברזיל,2,16,18
2021-10-11T00:00:00.000Z,גאורגיה,414,45,459
2021-10-11T00:00:00.000Z,גאנה,6,4,10
2021-10-11T00:00:00.000Z,גווטאמלה,1,5,6
2021-10-11T00:00:00.000Z,גויאנה הצרפתית,1,0,1
2021-10-11T00:00:00.000Z,גיברלטר,0,1,1
2021-10-11T00:00:00.000Z,גרמניה,456,144,600
2021-10-11T00:00:00.000Z,דנמרק,5,9,14
2021-10-11T00:00:00.000Z,דרום אפריקה,16,37,53
2021-10-11T00:00:00.000Z,הודו,88,85,173
2021-10-11T00:00:00.000Z,הולנד,240,32,272
2021-10-11T00:00:00.000Z,הונגריה,394,24,418
2021-10-11T00:00:00.000Z,הממלכה המאוחדת,612,515,1127
2021-10-11T00:00:00.000Z,הרפ הדומיניקנית,2,0,2
2021-10-11T00:00:00.000Z,ונצואלה,1,0,1
2021-10-11T00:00:00.000Z,זאיר,2,0,2
2021-10-11T00:00:00.000Z,זימבאבווה,0,2,2
2021-10-11T00:00:00.000Z,זמביה,2,1,3
2021-10-11T00:00:00.000Z,חוף השנהב,1,0,1
2021-10-11T00:00:00.000Z,טובלו,1,0,1
2021-10-11T00:00:00.000Z,טוגו,2,0,2
2021-10-11T00:00:00.000Z,טיוואן,0,1,1
2021-10-11T00:00:00.000Z,טנזניה,19,3,22
2021-10-11T00:00:00.000Z,יוון,824,66,890
2021-10-11T00:00:00.000Z,יפן,0,1,1
2021-10-11T00:00:00.000Z,ירדן,83,49,132
2021-10-11T00:00:00.000Z,כלל המדינות,11992,7425,19417
2021-10-11T00:00:00.000Z,לוכסמבורג,0,4,4
2021-10-11T00:00:00.000Z,לטביה,5,2,7
2021-10-11T00:00:00.000Z,ליטא,8,2,10
2021-10-11T00:00:00.000Z,מאוריציוס,4,1,5
2021-10-11T00:00:00.000Z,מאלי,2,0,2
2021-10-11T00:00:00.000Z,מולדובה,1,42,43
2021-10-11T00:00:00.000Z,מונטנגרו,95,2,97
2021-10-11T00:00:00.000Z,מלדיבים,9,0,9
2021-10-11T00:00:00.000Z,מלטה,2,1,3
2021-10-11T00:00:00.000Z,מצרים,729,98,827
2021-10-11T00:00:00.000Z,מקדוניה,2,0,2
2021-10-11T00:00:00.000Z,מקסיקו,9,10,19
2021-10-11T00:00:00.000Z,מרוקו,5,0,5
2021-10-11T00:00:00.000Z,נורבגיה,2,1,3
2021-10-11T00:00:00.000Z,ניגריה,4,2,6
2021-10-11T00:00:00.000Z,נפאל,24,0,24
2021-10-11T00:00:00.000Z,סין,0,2,2
2021-10-11T00:00:00.000Z,סינגפור,1,1,2
2021-10-11T00:00:00.000Z,סלובקיה,2,0,2
2021-10-12T00:00:00.000Z,גאורגיה,162,36,198
2021-10-12T00:00:00.000Z,ברזיל,1,0,1
2021-10-12T00:00:00.000Z,בלגיה,11,11,22
2021-10-12T00:00:00.000Z,בילורוסיה,2,0,2
2021-10-12T00:00:00.000Z,בוסניה הרצגובינה,1,0,1
2021-10-12T00:00:00.000Z,בולגריה,5,0,5
2021-10-12T00:00:00.000Z,אתיופיה,32,19,51
2021-10-12T00:00:00.000Z,ארצות הברית,889,1075,1964
2021-10-12T00:00:00.000Z,ארמניה,4,1,5
2021-10-12T00:00:00.000Z,ארגנטינה,38,48,86
2021-10-12T00:00:00.000Z,אקואדור,1,1,2
2021-10-12T00:00:00.000Z,אסטוניה,1,0,1
2021-10-12T00:00:00.000Z,הרפ הדומיניקנית,3,4,7
2021-10-12T00:00:00.000Z,איחוד האמירויות הערב,146,23,169
2021-10-12T00:00:00.000Z,רומניה,80,14,94
2021-10-12T00:00:00.000Z,רואנדה,3,0,3
2021-10-12T00:00:00.000Z,רוסיה,165,261,426
2021-10-12T00:00:00.000Z,שוודיה,4,5,9
2021-10-12T00:00:00.000Z,שוויץ,133,48,181
2021-10-12T00:00:00.000Z,תוניסיה,1,0,1
2021-10-12T00:00:00.000Z,תורכיה,442,209,651
2021-10-12T00:00:00.000Z,קרואטיה,5,2,7
2021-10-12T00:00:00.000Z,קפריסין,162,30,192
2021-10-12T00:00:00.000Z,קניה,7,1,8
2021-10-12T00:00:00.000Z,קנדה,120,175,295
2021-10-12T00:00:00.000Z,קמרון,2,0,2
2021-10-12T00:00:00.000Z,קירג'זסטאן,2,0,2
2021-10-12T00:00:00.000Z,קזחסטאן,0,1,1
2021-10-12T00:00:00.000Z,אנגולה,1,0,1
2021-10-12T00:00:00.000Z,אלבניה,3,0,3
2021-10-12T00:00:00.000Z,אירלנד,3,3,6
2021-10-12T00:00:00.000Z,איסלנד,11,1,12
2021-10-12T00:00:00.000Z,איי סיישל,2,4,6
2021-10-12T00:00:00.000Z,איטליה,240,30,270
2021-10-12T00:00:00.000Z,אזרביג'אן,4,0,4
2021-10-12T00:00:00.000Z,אורגוואי,3,3,6
2021-10-12T00:00:00.000Z,אוקראינה,161,90,251
2021-10-12T00:00:00.000Z,אוסטריה,351,43,394
2021-10-12T00:00:00.000Z,אוזבקיסטן,6,3,9
2021-10-12T00:00:00.000Z,אוגנדה,0,1,1
2021-10-12T00:00:00.000Z,אבחזיסטאן,1,0,1
2021-10-12T00:00:00.000Z,קוריאה הדרומית,1,4,5
2021-10-12T00:00:00.000Z,קוסטה ריקה,17,9,26
2021-10-12T00:00:00.000Z,קולומביה,4,3,7
2021-10-12T00:00:00.000Z,צרפת,623,316,939
2021-10-12T00:00:00.000Z,צכיה,289,17,306
2021-10-12T00:00:00.000Z,פרו,5,6,11
2021-10-12T00:00:00.000Z,פרגוואי,1,1,2
2021-10-12T00:00:00.000Z,פנמה,11,9,20
2021-10-12T00:00:00.000Z,פיליפינים,1,1,2
2021-10-12T00:00:00.000Z,פורטוגל,17,2,19
2021-10-12T00:00:00.000Z,פולין,160,21,181
2021-10-12T00:00:00.000Z,עירק,0,4,4
2021-10-12T00:00:00.000Z,סרי לנקה (צילון),2,1,3
2021-10-12T00:00:00.000Z,סרביה,5,0,5
2021-10-12T00:00:00.000Z,ספרד,239,49,288
2021-10-12T00:00:00.000Z,סלובניה,9,0,9
2021-10-12T00:00:00.000Z,סינגפור,0,3,3
2021-10-12T00:00:00.000Z,נפאל,2,0,2
2021-10-12T00:00:00.000Z,נמיביה,0,1,1
2021-10-12T00:00:00.000Z,ניגריה,2,4,6
2021-10-12T00:00:00.000Z,נורבגיה,1,3,4
2021-10-12T00:00:00.000Z,מרוקו,81,15,96
2021-10-12T00:00:00.000Z,מקסיקו,13,11,24
2021-10-12T00:00:00.000Z,מצרים,546,66,612
2021-10-12T00:00:00.000Z,מלטה,1,2,3
2021-10-12T00:00:00.000Z,מלדיבים,25,0,25
2021-10-12T00:00:00.000Z,מלאווי,0,1,1
2021-10-12T00:00:00.000Z,מונטנגרו,5,1,6
2021-10-12T00:00:00.000Z,מולדובה,44,25,69
2021-10-12T00:00:00.000Z,ליכטנשטיין,0,1,1
2021-10-12T00:00:00.000Z,ליטא,6,3,9
2021-10-12T00:00:00.000Z,לטביה,25,16,41
2021-10-12T00:00:00.000Z,כלל המדינות,8005,5439,13444
2021-10-12T00:00:00.000Z,ירדן,58,34,92
2021-10-12T00:00:00.000Z,יוון,543,59,602
2021-10-12T00:00:00.000Z,טרינידד וטובגו,1,0,1
2021-10-12T00:00:00.000Z,טנזניה,12,0,12
2021-10-12T00:00:00.000Z,חוף השנהב,1,1,2
2021-10-12T00:00:00.000Z,זמביה,1,0,1
2021-10-12T00:00:00.000Z,זאיר,0,1,1
2021-10-12T00:00:00.000Z,ונצואלה,1,1,2
2021-10-12T00:00:00.000Z,הממלכה המאוחדת,404,244,648
2021-10-12T00:00:00.000Z,הונגריה,358,36,394
2021-10-12T00:00:00.000Z,הולנד,278,28,306
2021-10-12T00:00:00.000Z,הודו,5,3,8
2021-10-12T00:00:00.000Z,דרום אפריקה,24,18,42
2021-10-12T00:00:00.000Z,דנמרק,7,3,10
2021-10-12T00:00:00.000Z,גרמניה,421,175,596
2021-10-12T00:00:00.000Z,גינאה,1,0,1
2021-10-12T00:00:00.000Z,גווטאמלה,1,1,2
2021-10-12T00:00:00.000Z,גאנה,1,31,32
2021-10-13T00:00:00.000Z,לטביה,3,0,3
2021-10-13T00:00:00.000Z,אבחזיסטאן,2,2,4
2021-10-13T00:00:00.000Z,שוויץ,100,42,142
2021-10-13T00:00:00.000Z,תאילנד,1,1,2
2021-10-13T00:00:00.000Z,תורכיה,431,110,541
2021-10-13T00:00:00.000Z,תורכמניסטאן,2,1,3
2021-10-13T00:00:00.000Z,איחוד האמירויות הערב,269,33,302
2021-10-13T00:00:00.000Z,רוסיה,98,207,305
2021-10-13T00:00:00.000Z,רומניה,222,22,244
2021-10-13T00:00:00.000Z,רואנדה,1,0,1
2021-10-13T00:00:00.000Z,קרואטיה,7,2,9
2021-10-13T00:00:00.000Z,קפריסין,194,48,242
2021-10-13T00:00:00.000Z,קניה,19,3,22
2021-10-13T00:00:00.000Z,קנדה,45,72,117
2021-10-13T00:00:00.000Z,קמרון,1,0,1
2021-10-13T00:00:00.000Z,קירג'זסטאן,1,0,1
2021-10-13T00:00:00.000Z,קטר,0,2,2
2021-10-13T00:00:00.000Z,קזחסטאן,0,2,2
2021-10-13T00:00:00.000Z,קוריאה הדרומית,1,3,4
2021-10-13T00:00:00.000Z,קוסטה ריקה,5,7,12
2021-10-13T00:00:00.000Z,קונגו,1,0,1
2021-10-13T00:00:00.000Z,קולומביה,0,2,2
2021-10-13T00:00:00.000Z,צרפת,439,334,773
2021-10-13T00:00:00.000Z,צכיה,163,18,181
2021-10-13T00:00:00.000Z,פרו,7,5,12
2021-10-13T00:00:00.000Z,פנמה,6,6,12
2021-10-13T00:00:00.000Z,פינלנד,36,22,58
2021-10-13T00:00:00.000Z,פיליפינים,1,15,16
2021-10-13T00:00:00.000Z,פורטוגל,66,10,76
2021-10-13T00:00:00.000Z,פולין,70,8,78
2021-10-13T00:00:00.000Z,ערב הסעודית,4,0,4
2021-10-13T00:00:00.000Z,סרי לנקה (צילון),2,2,4
2021-10-13T00:00:00.000Z,סרביה,6,0,6
2021-10-13T00:00:00.000Z,ספרד,155,22,177
2021-10-13T00:00:00.000Z,סלובניה,4,0,4
2021-10-13T00:00:00.000Z,סינגפור,0,2,2
2021-10-13T00:00:00.000Z,סין,0,14,14
2021-10-13T00:00:00.000Z,נפאל,1,0,1
2021-10-13T00:00:00.000Z,ניו זילנד,0,1,1
2021-10-13T00:00:00.000Z,ניגריה,4,6,10
2021-10-13T00:00:00.000Z,נורבגיה,2,3,5
2021-10-13T00:00:00.000Z,מרוקו,13,1,14
2021-10-13T00:00:00.000Z,מקסיקו,3,5,8
2021-10-13T00:00:00.000Z,מקדוניה,4,1,5
2021-10-13T00:00:00.000Z,מצרים,407,53,460
2021-10-13T00:00:00.000Z,מלדיבים,15,1,16
2021-10-13T00:00:00.000Z,מונטנגרו,101,4,105
2021-10-13T00:00:00.000Z,מולדובה,1,1,2
2021-10-13T00:00:00.000Z,ליטא,1,0,1
2021-10-13T00:00:00.000Z,שוודיה,5,4,9
2021-10-13T00:00:00.000Z,לוכסמבורג,0,1,1
2021-10-13T00:00:00.000Z,כלל המדינות,7525,5817,13342
2021-10-13T00:00:00.000Z,ירדן,25,16,41
2021-10-13T00:00:00.000Z,יפן,0,2,2
2021-10-13T00:00:00.000Z,יוון,370,41,411
2021-10-13T00:00:00.000Z,טנזניה,90,6,96
2021-10-13T00:00:00.000Z,טיוואן,0,3,3
2021-10-13T00:00:00.000Z,זאיר,2,0,2
2021-10-13T00:00:00.000Z,ונצואלה,4,0,4
2021-10-13T00:00:00.000Z,הממלכה המאוחדת,370,298,668
2021-10-13T00:00:00.000Z,הונגריה,366,76,442
2021-10-13T00:00:00.000Z,הונג קונג,3,3,6
2021-10-13T00:00:00.000Z,הולנד,184,48,232
2021-10-13T00:00:00.000Z,הודו,12,97,109
2021-10-13T00:00:00.000Z,האיטי,1,0,1
2021-10-13T00:00:00.000Z,דרום סודאן,2,0,2
2021-10-13T00:00:00.000Z,דרום אפריקה,30,52,82
2021-10-13T00:00:00.000Z,דנמרק,4,6,10
2021-10-13T00:00:00.000Z,גרמניה,460,152,612
2021-10-13T00:00:00.000Z,גמביה,3,0,3
2021-10-13T00:00:00.000Z,גיברלטר,0,1,1
2021-10-13T00:00:00.000Z,גויאנה,1,0,1
2021-10-13T00:00:00.000Z,גאורגיה,93,12,105
2021-10-13T00:00:00.000Z,ברזיל,2,3,5
2021-10-13T00:00:00.000Z,בלגיה,13,12,25
2021-10-13T00:00:00.000Z,בילורוסיה,60,55,115
2021-10-13T00:00:00.000Z,בוסניה הרצגובינה,12,4,16
2021-10-13T00:00:00.000Z,בולגריה,45,41,86
2021-10-13T00:00:00.000Z,בוטסואנה,4,1,5
2021-10-13T00:00:00.000Z,בהמס,1,0,1
2021-10-13T00:00:00.000Z,אתיופיה,22,31,53
2021-10-13T00:00:00.000Z,ארצות הברית,814,983,1797
2021-10-13T00:00:00.000Z,ארמניה,2,1,3
2021-10-13T00:00:00.000Z,אקואדור,0,1,1
2021-10-13T00:00:00.000Z,אסטוניה,3,0,3
2021-10-13T00:00:00.000Z,אלגיריה,0,1,1
2021-10-13T00:00:00.000Z,אלבניה,3,0,3
2021-10-13T00:00:00.000Z,אירלנד,1,0,1
2021-10-13T00:00:00.000Z,איסלנד,3,0,3
2021-10-13T00:00:00.000Z,איי סיישל,109,11,120
2021-10-13T00:00:00.000Z,איי גילברט ואליס,0,1,1
2021-10-13T00:00:00.000Z,איטליה,288,34,322
2021-10-13T00:00:00.000Z,אזרביג'אן,4,0,4
2021-10-13T00:00:00.000Z,אוקראינה,311,268,579
2021-10-13T00:00:00.000Z,אוסטרליה,2,8,10
2021-10-13T00:00:00.000Z,אוסטריה,357,73,430
2021-10-13T00:00:00.000Z,אוזבקיסטן,3,0,3
2021-10-13T00:00:00.000Z,אוגנדה,1,0,1
2021-10-13T00:00:00.000Z,תוניסיה,1,1,2
2021-10-14T00:00:00.000Z,לטביה,0,4,4
2021-10-14T00:00:00.000Z,ליטא,89,10,99
2021-10-14T00:00:00.000Z,מוזמביק,0,1,1
2021-10-14T00:00:00.000Z,מולדובה,78,35,113
2021-10-14T00:00:00.000Z,מונטנגרו,188,0,188
2021-10-14T00:00:00.000Z,מיאנמר (בורמה),0,1,1
2021-10-14T00:00:00.000Z,מלאווי,1,0,1
2021-10-14T00:00:00.000Z,מלדיבים,18,2,20
2021-10-14T00:00:00.000Z,מלטה,2,0,2
2021-10-14T00:00:00.000Z,מצרים,690,122,812
2021-10-14T00:00:00.000Z,מקאו,1,0,1
2021-10-14T00:00:00.000Z,מקדוניה,2,0,2
2021-10-14T00:00:00.000Z,מקסיקו,6,22,28
2021-10-14T00:00:00.000Z,מרוקו,114,18,132
2021-10-14T00:00:00.000Z,נורבגיה,2,5,7
2021-10-14T00:00:00.000Z,ניגריה,2,2,4
2021-10-14T00:00:00.000Z,ניו זילנד,0,2,2
2021-10-14T00:00:00.000Z,נמיביה,1,0,1
2021-10-14T00:00:00.000Z,נפאל,3,0,3
2021-10-14T00:00:00.000Z,סין,2,169,171
2021-10-14T00:00:00.000Z,ספרד,279,63,342
2021-10-14T00:00:00.000Z,סרביה,73,8,81
2021-10-14T00:00:00.000Z,ערב הסעודית,2,0,2
2021-10-14T00:00:00.000Z,פולין,83,16,99
2021-10-14T00:00:00.000Z,פורטוגל,200,36,236
2021-10-14T00:00:00.000Z,פיליפינים,1,3,4
2021-10-14T00:00:00.000Z,גאורגיה,809,90,899
2021-10-14T00:00:00.000Z,פינלנד,5,1,6
2021-10-14T00:00:00.000Z,פנמה,6,12,18
2021-10-14T00:00:00.000Z,פרו,8,6,14
2021-10-14T00:00:00.000Z,צ'ילה,1,0,1
2021-10-14T00:00:00.000Z,צכיה,301,28,329
2021-10-14T00:00:00.000Z,צרפת,630,317,947
2021-10-14T00:00:00.000Z,קולומביה,8,18,26
2021-10-14T00:00:00.000Z,קונגו,1,0,1
2021-10-14T00:00:00.000Z,קוסטה ריקה,7,0,7
2021-10-14T00:00:00.000Z,קוריאה הדרומית,0,5,5
2021-10-14T00:00:00.000Z,קזחסטאן,10,2,12
2021-10-14T00:00:00.000Z,קטר,2,0,2
2021-10-14T00:00:00.000Z,קירג'זסטאן,10,1,11
2021-10-14T00:00:00.000Z,קמרון,1,1,2
2021-10-14T00:00:00.000Z,קנדה,48,98,146
2021-10-14T00:00:00.000Z,איחוד האמירויות הערב,286,61,347
2021-10-14T00:00:00.000Z,קניה,5,0,5
2021-10-14T00:00:00.000Z,קפריסין,443,45,488
2021-10-14T00:00:00.000Z,קרואטיה,8,1,9
2021-10-14T00:00:00.000Z,רואנדה,0,1,1
2021-10-14T00:00:00.000Z,רומניה,165,48,213
2021-10-14T00:00:00.000Z,רוסיה,198,249,447
2021-10-14T00:00:00.000Z,שוודיה,12,11,23
2021-10-14T00:00:00.000Z,שוויץ,119,47,166
2021-10-14T00:00:00.000Z,תאילנד,0,1,1
2021-10-14T00:00:00.000Z,תוניסיה,0,3,3
2021-10-14T00:00:00.000Z,תורכיה,686,216,902
2021-10-14T00:00:00.000Z,תורכמניסטאן,4,2,6
2021-10-14T00:00:00.000Z,ברזיל,3,3,6
2021-10-14T00:00:00.000Z,גאנה,5,2,7
2021-10-14T00:00:00.000Z,גבון,1,0,1
2021-10-14T00:00:00.000Z,גווטאמלה,0,1,1
2021-10-14T00:00:00.000Z,גויאנה,0,1,1
2021-10-14T00:00:00.000Z,גינאה המשוונית,3,3,6
2021-10-14T00:00:00.000Z,גרמניה,212,64,276
2021-10-14T00:00:00.000Z,דנמרק,61,64,125
2021-10-14T00:00:00.000Z,דרום אפריקה,35,26,61
2021-10-14T00:00:00.000Z,דרום סודאן,2,0,2
2021-10-14T00:00:00.000Z,הודו,11,1,12
2021-10-14T00:00:00.000Z,הולנד,243,42,285
2021-10-14T00:00:00.000Z,הונג קונג,2,16,18
2021-10-14T00:00:00.000Z,הונגריה,478,53,531
2021-10-14T00:00:00.000Z,הונדורס,1,0,1
2021-10-14T00:00:00.000Z,הממלכה המאוחדת,349,248,597
2021-10-14T00:00:00.000Z,ונצואלה,0,1,1
2021-10-14T00:00:00.000Z,זאיר,2,0,2
2021-10-14T00:00:00.000Z,זימבאבווה,1,0,1
2021-10-14T00:00:00.000Z,זמביה,1,0,1
2021-10-14T00:00:00.000Z,חוף השנהב,1,0,1
2021-10-14T00:00:00.000Z,טנזניה,17,0,17
2021-10-14T00:00:00.000Z,יוון,615,64,679
2021-10-14T00:00:00.000Z,בילורוסיה,63,45,108
2021-10-14T00:00:00.000Z,בחריין,33,1,34
2021-10-14T00:00:00.000Z,בולגריה,17,8,25
2021-10-14T00:00:00.000Z,אתיופיה,42,19,61
2021-10-14T00:00:00.000Z,ארצות הברית,953,1082,2035
2021-10-14T00:00:00.000Z,ארמניה,1,0,1
2021-10-14T00:00:00.000Z,ארגנטינה,4,31,35
2021-10-14T00:00:00.000Z,אסטוניה,3,0,3
2021-10-14T00:00:00.000Z,אנגולה,1,1,2
2021-10-14T00:00:00.000Z,אלבניה,2,0,2
2021-10-14T00:00:00.000Z,אירלנד,6,2,8
2021-10-14T00:00:00.000Z,איסלנד,11,0,11
2021-10-14T00:00:00.000Z,איי סיישל,2,0,2
2021-10-14T00:00:00.000Z,איי טורקס וקייקוס,1,0,1
2021-10-14T00:00:00.000Z,איטליה,651,94,745
2021-10-14T00:00:00.000Z,אזרביג'אן,48,8,56
2021-10-14T00:00:00.000Z,אוקראינה,195,175,370
2021-10-14T00:00:00.000Z,אוסטרליה,1,5,6
2021-10-14T00:00:00.000Z,אוסטריה,431,60,491
2021-10-14T00:00:00.000Z,אוזבקיסטן,12,1,13
2021-10-14T00:00:00.000Z,אוגנדה,3,0,3
2021-10-14T00:00:00.000Z,יפן,0,1,1
2021-10-14T00:00:00.000Z,ירדן,79,49,128
2021-10-14T00:00:00.000Z,כלל המדינות,11187,6386,17573
2021-10-14T00:00:00.000Z,לוכסמבורג,2,0,2
2021-10-14T00:00:00.000Z,בלגיה,38,49,87
2021-10-15T00:00:00.000Z,מלדיבים,5,2,7
2021-10-15T00:00:00.000Z,תורכיה,537,147,684
2021-10-15T00:00:00.000Z,תאילנד,101,43,144
2021-10-15T00:00:00.000Z,שוויץ,318,124,442
2021-10-15T00:00:00.000Z,שוודיה,10,7,17
2021-10-15T00:00:00.000Z,רוסיה,181,131,312
2021-10-15T00:00:00.000Z,רומניה,276,27,303
2021-10-15T00:00:00.000Z,קרואטיה,17,1,18
2021-10-15T00:00:00.000Z,קפריסין,243,38,281
2021-10-15T00:00:00.000Z,קניה,2,0,2
2021-10-15T00:00:00.000Z,קנדה,83,54,137
2021-10-15T00:00:00.000Z,קמבודיה,0,2,2
2021-10-15T00:00:00.000Z,קטר,2,0,2
2021-10-15T00:00:00.000Z,קזחסטאן,1,1,2
2021-10-15T00:00:00.000Z,קוריאה הדרומית,4,3,7
2021-10-15T00:00:00.000Z,קוסטה ריקה,18,18,36
2021-10-15T00:00:00.000Z,קולומביה,0,1,1
2021-10-15T00:00:00.000Z,צרפת,679,220,899
2021-10-15T00:00:00.000Z,צכיה,431,18,449
2021-10-15T00:00:00.000Z,פרו,6,1,7
2021-10-15T00:00:00.000Z,פנמה,3,1,4
2021-10-15T00:00:00.000Z,פינלנד,44,22,66
2021-10-15T00:00:00.000Z,פיליפינים,1,0,1
2021-10-15T00:00:00.000Z,פורטוגל,49,4,53
2021-10-15T00:00:00.000Z,פולין,245,33,278
2021-10-15T00:00:00.000Z,איחוד האמירויות הערב,290,70,360
2021-10-15T00:00:00.000Z,ערב הסעודית,1,0,1
2021-10-15T00:00:00.000Z,סרי לנקה (צילון),1,2,3
2021-10-15T00:00:00.000Z,סרביה,4,1,5
2021-10-15T00:00:00.000Z,ספרד,407,38,445
2021-10-15T00:00:00.000Z,סלובניה,3,0,3
2021-10-15T00:00:00.000Z,סינגפור,5,0,5
2021-10-15T00:00:00.000Z,נפאל,9,0,9
2021-10-15T00:00:00.000Z,ניגריה,6,0,6
2021-10-15T00:00:00.000Z,נורבגיה,6,1,7
2021-10-15T00:00:00.000Z,מרוקו,15,0,15
2021-10-15T00:00:00.000Z,מקסיקו,22,4,26
2021-10-15T00:00:00.000Z,מקדוניה,1,0,1
2021-10-15T00:00:00.000Z,מצרים,523,72,595
2021-10-15T00:00:00.000Z,מלטה,2,0,2
2021-10-15T00:00:00.000Z,אוגנדה,0,1,1
2021-10-15T00:00:00.000Z,אוזבקיסטן,10,7,17
2021-10-15T00:00:00.000Z,אוסטריה,754,75,829
2021-10-15T00:00:00.000Z,אוסטרליה,5,1,6
2021-10-15T00:00:00.000Z,אוקראינה,319,186,505
2021-10-15T00:00:00.000Z,תורכמניסטאן,1,0,1
2021-10-15T00:00:00.000Z,אזרביג'אן,62,2,64
2021-10-15T00:00:00.000Z,איטליה,526,46,572
2021-10-15T00:00:00.000Z,איי נורפולק,0,3,3
2021-10-15T00:00:00.000Z,איסלנד,4,0,4
2021-10-15T00:00:00.000Z,אירלנד,7,2,9
2021-10-15T00:00:00.000Z,אלבניה,6,0,6
2021-10-15T00:00:00.000Z,אנגולה,2,0,2
2021-10-15T00:00:00.000Z,אסטוניה,4,2,6
2021-10-15T00:00:00.000Z,אקואדור,3,0,3
2021-10-15T00:00:00.000Z,ארגנטינה,4,9,13
2021-10-15T00:00:00.000Z,ארמניה,1,1,2
2021-10-15T00:00:00.000Z,ארצות הברית,1332,736,2068
2021-10-15T00:00:00.000Z,אתיופיה,2,0,2
2021-10-15T00:00:00.000Z,בולגריה,3,0,3
2021-10-15T00:00:00.000Z,בוסניה הרצגובינה,14,7,21
2021-10-15T00:00:00.000Z,בחריין,2,1,3
2021-10-15T00:00:00.000Z,בילורוסיה,1,0,1
2021-10-15T00:00:00.000Z,בלגיה,120,47,167
2021-10-15T00:00:00.000Z,ברזיל,2,9,11
2021-10-15T00:00:00.000Z,גאורגיה,212,49,261
2021-10-15T00:00:00.000Z,גווטאמלה,0,3,3
2021-10-15T00:00:00.000Z,גרמניה,713,168,881
2021-10-15T00:00:00.000Z,דנמרק,13,4,17
2021-10-15T00:00:00.000Z,דרום אפריקה,3,1,4
2021-10-15T00:00:00.000Z,הודו,23,3,26
2021-10-15T00:00:00.000Z,הולנד,259,94,353
2021-10-15T00:00:00.000Z,הונגריה,365,37,402
2021-10-15T00:00:00.000Z,הונדורס,1,0,1
2021-10-15T00:00:00.000Z,הממלכה המאוחדת,438,160,598
2021-10-15T00:00:00.000Z,הרפ הדומיניקנית,0,1,1
2021-10-15T00:00:00.000Z,ויטנאם,0,1,1
2021-10-15T00:00:00.000Z,זאיר,2,0,2
2021-10-15T00:00:00.000Z,חוף השנהב,2,0,2
2021-10-15T00:00:00.000Z,טיוואן,0,2,2
2021-10-15T00:00:00.000Z,טנזניה,4,0,4
2021-10-15T00:00:00.000Z,יוון,495,45,540
2021-10-15T00:00:00.000Z,יפן,0,1,1
2021-10-15T00:00:00.000Z,ירדן,5,2,7
2021-10-15T00:00:00.000Z,כלל המדינות,10995,4439,15434
2021-10-15T00:00:00.000Z,לוכסמבורג,1,0,1
2021-10-15T00:00:00.000Z,לטביה,1,0,1
2021-10-15T00:00:00.000Z,ליטא,3,1,4
2021-10-15T00:00:00.000Z,מאוריציוס,3,0,3
2021-10-15T00:00:00.000Z,מולדובה,32,23,55
2021-10-15T00:00:00.000Z,מונטנגרו,66,5,71
2021-10-15T00:00:00.000Z,אורגוואי,3,1,4
2021-10-16T00:00:00.000Z,ירדן,1,1,2
2021-10-16T00:00:00.000Z,כלל המדינות,7955,2938,10893
2021-10-16T00:00:00.000Z,לוכסמבורג,1,2,3
2021-10-16T00:00:00.000Z,לטביה,9,5,14
2021-10-16T00:00:00.000Z,ליטא,4,0,4
2021-10-16T00:00:00.000Z,מולדובה,0,1,1
2021-10-16T00:00:00.000Z,מונטנגרו,6,0,6
2021-10-16T00:00:00.000Z,מלאווי,2,1,3
2021-10-16T00:00:00.000Z,מלדיבים,13,2,15
2021-10-16T00:00:00.000Z,מלטה,2,0,2
2021-10-16T00:00:00.000Z,מצרים,1671,153,1824
2021-10-16T00:00:00.000Z,מקסיקו,1,1,2
2021-10-16T00:00:00.000Z,מרוקו,8,2,10
2021-10-16T00:00:00.000Z,נורבגיה,5,1,6
2021-10-16T00:00:00.000Z,ניגריה,8,2,10
2021-10-16T00:00:00.000Z,נמיביה,1,0,1
2021-10-16T00:00:00.000Z,נפאל,3,0,3
2021-10-16T00:00:00.000Z,סין,0,1,1
2021-10-16T00:00:00.000Z,סינגפור,11,0,11
2021-10-16T00:00:00.000Z,סלובניה,4,2,6
2021-10-16T00:00:00.000Z,סלובקיה,3,0,3
2021-10-16T00:00:00.000Z,ספרד,21,6,27
2021-10-16T00:00:00.000Z,סרביה,2,11,13
2021-10-16T00:00:00.000Z,סרי לנקה (צילון),2,0,2
2021-10-16T00:00:00.000Z,פולין,166,15,181
2021-10-16T00:00:00.000Z,פורטוגל,18,5,23
2021-10-16T00:00:00.000Z,פיליפינים,0,4,4
2021-10-16T00:00:00.000Z,פינלנד,2,1,3
2021-10-16T00:00:00.000Z,פנמה,5,3,8
2021-10-16T00:00:00.000Z,פרו,6,1,7
2021-10-16T00:00:00.000Z,צ'ילה,0,1,1
2021-10-16T00:00:00.000Z,צכיה,326,7,333
2021-10-16T00:00:00.000Z,צרפת,259,74,333
2021-10-16T00:00:00.000Z,קובה,0,2,2
2021-10-16T00:00:00.000Z,קולומביה,1,2,3
2021-10-16T00:00:00.000Z,קוסטה ריקה,1,1,2
2021-10-16T00:00:00.000Z,קוריאה הדרומית,3,8,11
2021-10-16T00:00:00.000Z,קזחסטאן,1,0,1
2021-10-16T00:00:00.000Z,קטר,0,1,1
2021-10-16T00:00:00.000Z,קמרון,2,0,2
2021-10-16T00:00:00.000Z,קנדה,61,42,103
2021-10-16T00:00:00.000Z,קניה,35,5,40
2021-10-16T00:00:00.000Z,קפריסין,469,36,505
2021-10-16T00:00:00.000Z,קרואטיה,0,1,1
2021-10-16T00:00:00.000Z,רואנדה,3,1,4
2021-10-16T00:00:00.000Z,רומניה,293,30,323
2021-10-16T00:00:00.000Z,רוסיה,14,10,24
2021-10-16T00:00:00.000Z,שוודיה,9,3,12
2021-10-16T00:00:00.000Z,שוויץ,100,17,117
2021-10-16T00:00:00.000Z,תאילנד,1,0,1
2021-10-16T00:00:00.000Z,תוניסיה,0,1,1
2021-10-16T00:00:00.000Z,תורכיה,924,231,1155
2021-10-16T00:00:00.000Z,תורכמניסטאן,2,0,2
2021-10-16T00:00:00.000Z,תימן,2,0,2
2021-10-16T00:00:00.000Z,איחוד האמירויות הערב,223,29,252
2021-10-16T00:00:00.000Z,אוזבקיסטן,5,5,10
2021-10-16T00:00:00.000Z,אוגנדה,2,0,2
2021-10-16T00:00:00.000Z,אסטוניה,4,1,5
2021-10-16T00:00:00.000Z,אלבניה,3,3,6
2021-10-16T00:00:00.000Z,אל סלבדור,1,0,1
2021-10-16T00:00:00.000Z,אירלנד,4,2,6
2021-10-16T00:00:00.000Z,איסלנד,2,0,2
2021-10-16T00:00:00.000Z,איי סיישל,8,0,8
2021-10-16T00:00:00.000Z,איי טורקס וקייקוס,1,0,1
2021-10-16T00:00:00.000Z,איטליה,334,42,376
2021-10-16T00:00:00.000Z,אזרביג'אן,0,1,1
2021-10-16T00:00:00.000Z,אוקראינה,160,72,232
2021-10-16T00:00:00.000Z,אוסטרליה,2,0,2
2021-10-16T00:00:00.000Z,אוסטריה,362,24,386
2021-10-16T00:00:00.000Z,אקואדור,3,0,3
2021-10-16T00:00:00.000Z,ארגנטינה,2,0,2
2021-10-16T00:00:00.000Z,ארמניה,4,5,9
2021-10-16T00:00:00.000Z,ארצות הברית,474,351,825
2021-10-16T00:00:00.000Z,אתיופיה,34,24,58
2021-10-16T00:00:00.000Z,בולגריה,3,0,3
2021-10-16T00:00:00.000Z,בוסניה הרצגובינה,1,2,3
2021-10-16T00:00:00.000Z,בחריין,2,0,2
2021-10-16T00:00:00.000Z,בלגיה,3,2,5
2021-10-16T00:00:00.000Z,בליז,1,0,1
2021-10-16T00:00:00.000Z,ברזיל,0,2,2
2021-10-16T00:00:00.000Z,גאורגיה,107,16,123
2021-10-16T00:00:00.000Z,גאנה,6,1,7
2021-10-16T00:00:00.000Z,גבון,1,0,1
2021-10-16T00:00:00.000Z,גווטאמלה,1,0,1
2021-10-16T00:00:00.000Z,גיברלטר,1,0,1
2021-10-16T00:00:00.000Z,גינאה,1,0,1
2021-10-16T00:00:00.000Z,גמביה,1,0,1
2021-10-16T00:00:00.000Z,גרמניה,106,50,156
2021-10-16T00:00:00.000Z,גרנדה,1,0,1
2021-10-16T00:00:00.000Z,דנמרק,5,11,16
2021-10-16T00:00:00.000Z,דרום אפריקה,16,6,22
2021-10-16T00:00:00.000Z,הודו,5,4,9
2021-10-16T00:00:00.000Z,הולנד,232,68,300
2021-10-16T00:00:00.000Z,הונגריה,256,32,288
2021-10-16T00:00:00.000Z,הונדורס,1,0,1
2021-10-16T00:00:00.000Z,הממלכה המאוחדת,371,158,529
2021-10-16T00:00:00.000Z,הרפ הדומיניקנית,2,0,2
2021-10-16T00:00:00.000Z,זאיר,1,1,2
2021-10-16T00:00:00.000Z,זימבאבווה,5,1,6
2021-10-16T00:00:00.000Z,זמביה,1,0,1
2021-10-16T00:00:00.000Z,טוגו,1,0,1
2021-10-16T00:00:00.000Z,טיוואן,0,1,1
2021-10-16T00:00:00.000Z,טנזניה,12,2,14
2021-10-16T00:00:00.000Z,טרינידד וטובגו,0,1,1
2021-10-16T00:00:00.000Z,יוון,468,26,494
2021-10-16T00:00:00.000Z,יפן,0,1,1
2021-10-16T00:00:00.000Z,אנגולה,2,0,2
2021-10-17T00:00:00.000Z,יפן,0,2,2
2021-10-17T00:00:00.000Z,אבחזיסטאן,6,0,6
2021-10-17T00:00:00.000Z,תורכמניסטאן,2,0,2
2021-10-17T00:00:00.000Z,תורכיה,1218,279,1497
2021-10-17T00:00:00.000Z,תאילנד,1,2,3
2021-10-17T00:00:00.000Z,שוויץ,185,94,279
2021-10-17T00:00:00.000Z,שוודיה,11,11,22
2021-10-17T00:00:00.000Z,רוסיה,151,184,335
2021-10-17T00:00:00.000Z,רומניה,292,13,305
2021-10-17T00:00:00.000Z,קרואטיה,9,1,10
2021-10-17T00:00:00.000Z,קפריסין,860,53,913
2021-10-17T00:00:00.000Z,קנדה,44,61,105
2021-10-17T00:00:00.000Z,קזחסטאן,6,2,8
2021-10-17T00:00:00.000Z,קוריאה הדרומית,6,12,18
2021-10-17T00:00:00.000Z,קוסטה ריקה,3,1,4
2021-10-17T00:00:00.000Z,קולומביה,1,6,7
2021-10-17T00:00:00.000Z,צרפת,602,251,853
2021-10-17T00:00:00.000Z,צכיה,601,22,623
2021-10-17T00:00:00.000Z,פרו,3,2,5
2021-10-17T00:00:00.000Z,פנמה,5,3,8
2021-10-17T00:00:00.000Z,פיליפינים,1,4,5
2021-10-17T00:00:00.000Z,פורטוגל,77,22,99
2021-10-17T00:00:00.000Z,פולין,70,7,77
2021-10-17T00:00:00.000Z,ערב הסעודית,2,0,2
2021-10-17T00:00:00.000Z,סרי לנקה (צילון),0,4,4
2021-10-17T00:00:00.000Z,סרביה,5,0,5
2021-10-17T00:00:00.000Z,איחוד האמירויות הערב,249,45,294
2021-10-17T00:00:00.000Z,ספרד,468,59,527
2021-10-17T00:00:00.000Z,סינגפור,6,0,6
2021-10-17T00:00:00.000Z,סין,0,1,1
2021-10-17T00:00:00.000Z,נפאל,2,0,2
2021-10-17T00:00:00.000Z,ניגריה,2,2,4
2021-10-17T00:00:00.000Z,נורבגיה,2,4,6
2021-10-17T00:00:00.000Z,מרוקו,67,9,76
2021-10-17T00:00:00.000Z,מקסיקו,1,2,3
2021-10-17T00:00:00.000Z,מקדוניה,1,1,2
2021-10-17T00:00:00.000Z,מצרים,1613,166,1779
2021-10-17T00:00:00.000Z,מלזיה,0,1,1
2021-10-17T00:00:00.000Z,מלדיבים,10,1,11
2021-10-17T00:00:00.000Z,מונטנגרו,111,3,114
2021-10-17T00:00:00.000Z,מולדובה,97,39,136
2021-10-17T00:00:00.000Z,מאלי,2,0,2
2021-10-17T00:00:00.000Z,ליטא,103,6,109
2021-10-17T00:00:00.000Z,לוכסמבורג,1,2,3
2021-10-17T00:00:00.000Z,כלל המדינות,15120,5362,20482
2021-10-17T00:00:00.000Z,ירדן,389,107,496
2021-10-17T00:00:00.000Z,תימן,0,1,1
2021-10-17T00:00:00.000Z,יוון,1251,68,1319
2021-10-17T00:00:00.000Z,חוף השנהב,2,0,2
2021-10-17T00:00:00.000Z,זאיר,1,0,1
2021-10-17T00:00:00.000Z,הממלכה המאוחדת,327,151,478
2021-10-17T00:00:00.000Z,הונדורס,0,1,1
2021-10-17T00:00:00.000Z,הונגריה,626,39,665
2021-10-17T00:00:00.000Z,הולנד,311,86,397
2021-10-17T00:00:00.000Z,הודו,4,4,8
2021-10-17T00:00:00.000Z,דרום אפריקה,0,3,3
2021-10-17T00:00:00.000Z,דנמרק,49,51,100
2021-10-17T00:00:00.000Z,גרמניה,332,186,518
2021-10-17T00:00:00.000Z,גמביה,1,0,1
2021-10-17T00:00:00.000Z,גויאנה הצרפתית,3,2,5
2021-10-17T00:00:00.000Z,גווטאמלה,0,2,2
2021-10-17T00:00:00.000Z,גאנה,1,2,3
2021-10-17T00:00:00.000Z,גאורגיה,959,56,1015
2021-10-17T00:00:00.000Z,ברזיל,11,5,16
2021-10-17T00:00:00.000Z,בנין (דהומי),0,1,1
2021-10-17T00:00:00.000Z,בלגיה,44,60,104
2021-10-17T00:00:00.000Z,בילורוסיה,105,63,168
2021-10-17T00:00:00.000Z,בחריין,2,0,2
2021-10-17T00:00:00.000Z,בוסניה הרצגובינה,2,0,2
2021-10-17T00:00:00.000Z,בוליביה,1,1,2
2021-10-17T00:00:00.000Z,בולגריה,192,21,213
2021-10-17T00:00:00.000Z,אתיופיה,0,1,1
2021-10-17T00:00:00.000Z,ארצות הברית,795,594,1389
2021-10-17T00:00:00.000Z,ארמניה,2,0,2
2021-10-17T00:00:00.000Z,ארגנטינה,4,5,9
2021-10-17T00:00:00.000Z,אסטוניה,2,0,2
2021-10-17T00:00:00.000Z,אנגולה,1,0,1
2021-10-17T00:00:00.000Z,אירלנד,10,6,16
2021-10-17T00:00:00.000Z,איסלנד,1,0,1
2021-10-17T00:00:00.000Z,אינדונזיה,0,1,1
2021-10-17T00:00:00.000Z,איי פיגי,0,1,1
2021-10-17T00:00:00.000Z,איי סיישל,5,0,5
2021-10-17T00:00:00.000Z,איי טורקס וקייקוס,0,6,6
2021-10-17T00:00:00.000Z,איי גילברט ואליס,2,0,2
2021-10-17T00:00:00.000Z,איטליה,971,113,1084
2021-10-17T00:00:00.000Z,אזרביג'אן,31,14,45
2021-10-17T00:00:00.000Z,אוקראינה,321,136,457
2021-10-17T00:00:00.000Z,אוסטרליה,1,8,9
2021-10-17T00:00:00.000Z,אוסטריה,551,79,630
2021-10-17T00:00:00.000Z,אוזבקיסטן,9,14,23
2021-10-17T00:00:00.000Z,אוגנדה,6,1,7
2021-10-18T00:00:00.000Z,רומניה,318,16,334
2021-10-18T00:00:00.000Z,קניה,4,3,7
2021-10-18T00:00:00.000Z,קפריסין,425,34,459
2021-10-18T00:00:00.000Z,קרואטיה,12,0,12
2021-10-18T00:00:00.000Z,רואנדה,2,1,3
2021-10-18T00:00:00.000Z,גאורגיה,681,58,739
2021-10-18T00:00:00.000Z,רוסיה,251,289,540
2021-10-18T00:00:00.000Z,שוודיה,6,4,10
2021-10-18T00:00:00.000Z,שוויץ,131,66,197
2021-10-18T00:00:00.000Z,תאילנד,45,200,245
2021-10-18T00:00:00.000Z,תוניסיה,2,2,4
2021-10-18T00:00:00.000Z,תורכיה,1185,326,1511
2021-10-18T00:00:00.000Z,תורכמניסטאן,8,0,8
2021-10-18T00:00:00.000Z,ברזיל,7,10,17
2021-10-18T00:00:00.000Z,אבחזיסטאן,1,5,6
2021-10-18T00:00:00.000Z,אוגנדה,2,2,4
2021-10-18T00:00:00.000Z,אוזבקיסטן,120,101,221
2021-10-18T00:00:00.000Z,אוסטריה,833,43,876
2021-10-18T00:00:00.000Z,אוסטרליה,6,2,8
2021-10-18T00:00:00.000Z,אוקראינה,291,113,404
2021-10-18T00:00:00.000Z,אורגוואי,1,4,5
2021-10-18T00:00:00.000Z,אזרביג'אן,113,3,116
2021-10-18T00:00:00.000Z,איטליה,671,110,781
2021-10-18T00:00:00.000Z,איי גילברט ואליס,1,0,1
2021-10-18T00:00:00.000Z,איי טורקס וקייקוס,1,0,1
2021-10-18T00:00:00.000Z,איסלנד,5,0,5
2021-10-18T00:00:00.000Z,אירלנד,12,10,22
2021-10-18T00:00:00.000Z,אנגולה,1,1,2
2021-10-18T00:00:00.000Z,אסטוניה,1,0,1
2021-10-18T00:00:00.000Z,אקואדור,1,3,4
2021-10-18T00:00:00.000Z,ארמניה,5,0,5
2021-10-18T00:00:00.000Z,ארצות הברית,1103,1248,2351
2021-10-18T00:00:00.000Z,אתיופיה,43,12,55
2021-10-18T00:00:00.000Z,בהמס,0,2,2
2021-10-18T00:00:00.000Z,בולגריה,70,14,84
2021-10-18T00:00:00.000Z,בוסניה הרצגובינה,6,0,6
2021-10-18T00:00:00.000Z,בחריין,47,4,51
2021-10-18T00:00:00.000Z,בנין (דהומי),2,0,2
2021-10-18T00:00:00.000Z,הממלכה המאוחדת,852,378,1230
2021-10-18T00:00:00.000Z,זמביה,1,0,1
2021-10-18T00:00:00.000Z,טג'יקיסטאן,2,0,2
2021-10-18T00:00:00.000Z,טיוואן,0,1,1
2021-10-18T00:00:00.000Z,טנזניה,20,0,20
2021-10-18T00:00:00.000Z,יוון,626,66,692
2021-10-18T00:00:00.000Z,בילורוסיה,6,7,13
2021-10-18T00:00:00.000Z,גאנה,3,5,8
2021-10-18T00:00:00.000Z,גווטאמלה,0,1,1
2021-10-18T00:00:00.000Z,גויאנה הצרפתית,1,0,1
2021-10-18T00:00:00.000Z,גרמניה,506,117,623
2021-10-18T00:00:00.000Z,דנמרק,10,3,13
2021-10-18T00:00:00.000Z,דרום אפריקה,21,19,40
2021-10-18T00:00:00.000Z,הודו,94,77,171
2021-10-18T00:00:00.000Z,הולנד,266,46,312
2021-10-18T00:00:00.000Z,איחוד האמירויות הערב,363,76,439
2021-10-18T00:00:00.000Z,הונגריה,597,25,622
2021-10-18T00:00:00.000Z,הונדורס,2,0,2
2021-10-18T00:00:00.000Z,יפן,0,2,2
2021-10-18T00:00:00.000Z,ירדן,57,45,102
2021-10-18T00:00:00.000Z,כלל המדינות,14121,6587,20708
2021-10-18T00:00:00.000Z,לוכסמבורג,3,2,5
2021-10-18T00:00:00.000Z,ליבריה,0,1,1
2021-10-18T00:00:00.000Z,ליטא,5,8,13
2021-10-18T00:00:00.000Z,לסוטו,1,0,1
2021-10-18T00:00:00.000Z,מאוריציוס,2,0,2
2021-10-18T00:00:00.000Z,מולדובה,3,1,4
2021-10-18T00:00:00.000Z,מונגוליה,0,1,1
2021-10-18T00:00:00.000Z,מונטנגרו,106,1,107
2021-10-18T00:00:00.000Z,מיאנמר (בורמה),2,0,2
2021-10-18T00:00:00.000Z,מלאווי,1,0,1
2021-10-18T00:00:00.000Z,מלדיבים,27,0,27
2021-10-18T00:00:00.000Z,מלטה,1,1,2
2021-10-18T00:00:00.000Z,מצרים,976,228,1204
2021-10-18T00:00:00.000Z,מקסיקו,1,34,35
2021-10-18T00:00:00.000Z,מרוקו,77,21,98
2021-10-18T00:00:00.000Z,נורבגיה,11,4,15
2021-10-18T00:00:00.000Z,ניגריה,3,3,6
2021-10-18T00:00:00.000Z,סיירה ליאונה,0,1,1
2021-10-18T00:00:00.000Z,סין,1,3,4
2021-10-18T00:00:00.000Z,סינגפור,3,2,5
2021-10-18T00:00:00.000Z,סנגל,1,0,1
2021-10-18T00:00:00.000Z,ספרד,305,40,345
2021-10-18T00:00:00.000Z,סרביה,69,7,76
2021-10-18T00:00:00.000Z,סרי לנקה (צילון),1,0,1
2021-10-18T00:00:00.000Z,ערב הסעודית,1,0,1
2021-10-18T00:00:00.000Z,פולין,248,43,291
2021-10-18T00:00:00.000Z,פולינזיה הצרפתית,0,1,1
2021-10-18T00:00:00.000Z,פורטוגל,143,19,162
2021-10-18T00:00:00.000Z,פיליפינים,0,5,5
2021-10-18T00:00:00.000Z,פינלנד,5,0,5
2021-10-18T00:00:00.000Z,פנמה,1,5,6
2021-10-18T00:00:00.000Z,פרו,1,3,4
2021-10-18T00:00:00.000Z,צ'ילה,0,2,2
2021-10-18T00:00:00.000Z,צכיה,383,20,403
2021-10-18T00:00:00.000Z,צרפת,828,240,1068
2021-10-18T00:00:00.000Z,קובה,1,0,1
2021-10-18T00:00:00.000Z,קולומביה,5,6,11
2021-10-18T00:00:00.000Z,קוסטה ריקה,2,0,2
2021-10-18T00:00:00.000Z,קוריאה הדרומית,1,0,1
2021-10-18T00:00:00.000Z,קזחסטאן,1,2,3
2021-10-18T00:00:00.000Z,קטר,2,1,3
2021-10-18T00:00:00.000Z,קנדה,51,62,113
2021-10-18T00:00:00.000Z,בלגיה,94,57,151
2021-10-19T00:00:00.000Z,תורכיה,1446,328,1774
2021-10-19T00:00:00.000Z,תורכמניסטאן,4,3,7
2021-10-19T00:00:00.000Z,תימן,2,0,2
2021-10-19T00:00:00.000Z,זמביה,2,1,3
2021-10-19T00:00:00.000Z,אבחזיסטאן,8,2,10
2021-10-19T00:00:00.000Z,אוזבקיסטן,0,6,6
2021-10-19T00:00:00.000Z,אוסטריה,355,20,375
2021-10-19T00:00:00.000Z,אוסטרליה,2,1,3
2021-10-19T00:00:00.000Z,אוקראינה,248,157,405
2021-10-19T00:00:00.000Z,אורגוואי,3,8,11
2021-10-19T00:00:00.000Z,אזרביג'אן,1,0,1
2021-10-19T00:00:00.000Z,איטליה,230,32,262
2021-10-19T00:00:00.000Z,איי טורקס וקייקוס,2,0,2
2021-10-19T00:00:00.000Z,איסלנד,1,0,1
2021-10-19T00:00:00.000Z,אירלנד,9,2,11
2021-10-19T00:00:00.000Z,אלבניה,0,2,2
2021-10-19T00:00:00.000Z,אנגולה,2,0,2
2021-10-19T00:00:00.000Z,אסטוניה,1,1,2
2021-10-19T00:00:00.000Z,ארגנטינה,29,32,61
2021-10-19T00:00:00.000Z,ארצות הברית,602,766,1368
2021-10-19T00:00:00.000Z,אתיופיה,15,8,23
2021-10-19T00:00:00.000Z,בולגריה,4,1,5
2021-10-19T00:00:00.000Z,בוסניה הרצגובינה,3,1,4
2021-10-19T00:00:00.000Z,בחריין,4,1,5
2021-10-19T00:00:00.000Z,בילורוסיה,1,0,1
2021-10-19T00:00:00.000Z,בלגיה,16,12,28
2021-10-19T00:00:00.000Z,ברזיל,6,12,18
2021-10-19T00:00:00.000Z,גאורגיה,206,40,246
2021-10-19T00:00:00.000Z,גבון,2,0,2
2021-10-19T00:00:00.000Z,גווטאמלה,0,2,2
2021-10-19T00:00:00.000Z,גרמניה,314,96,410
2021-10-19T00:00:00.000Z,דנמרק,12,2,14
2021-10-19T00:00:00.000Z,דרום אפריקה,11,12,23
2021-10-19T00:00:00.000Z,הודו,8,2,10
2021-10-19T00:00:00.000Z,הולנד,329,30,359
2021-10-19T00:00:00.000Z,הונגריה,232,13,245
2021-10-19T00:00:00.000Z,הממלכה המאוחדת,341,188,529
2021-10-19T00:00:00.000Z,ונצואלה,0,2,2
2021-10-19T00:00:00.000Z,זאיר,1,0,1
2021-10-19T00:00:00.000Z,זימבאבווה,0,1,1
2021-10-19T00:00:00.000Z,איחוד האמירויות הערב,331,57,388
2021-10-19T00:00:00.000Z,טוגו,1,1,2
2021-10-19T00:00:00.000Z,טנזניה,0,1,1
2021-10-19T00:00:00.000Z,יוון,518,45,563
2021-10-19T00:00:00.000Z,ירדן,99,47,146
2021-10-19T00:00:00.000Z,כלל המדינות,9451,5172,14623
2021-10-19T00:00:00.000Z,לטביה,23,40,63
2021-10-19T00:00:00.000Z,ליטא,6,0,6
2021-10-19T00:00:00.000Z,מולדובה,76,39,115
2021-10-19T00:00:00.000Z,מונטנגרו,8,2,10
2021-10-19T00:00:00.000Z,מונקו,1,1,2
2021-10-19T00:00:00.000Z,מלדיבים,6,2,8
2021-10-19T00:00:00.000Z,מלטה,1,0,1
2021-10-19T00:00:00.000Z,מצרים,821,212,1033
2021-10-19T00:00:00.000Z,מקאו,1,0,1
2021-10-19T00:00:00.000Z,מקדוניה,0,1,1
2021-10-19T00:00:00.000Z,מקסיקו,9,7,16
2021-10-19T00:00:00.000Z,מרוקו,147,13,160
2021-10-19T00:00:00.000Z,נורבגיה,1,0,1
2021-10-19T00:00:00.000Z,ניגריה,1,0,1
2021-10-19T00:00:00.000Z,סינגפור,0,6,6
2021-10-19T00:00:00.000Z,סלובניה,2,0,2
2021-10-19T00:00:00.000Z,סלובקיה,2,0,2
2021-10-19T00:00:00.000Z,ספרד,313,76,389
2021-10-19T00:00:00.000Z,סרביה,10,7,17
2021-10-19T00:00:00.000Z,סרי לנקה (צילון),7,1,8
2021-10-19T00:00:00.000Z,ערב הסעודית,0,1,1
2021-10-19T00:00:00.000Z,פולין,220,51,271
2021-10-19T00:00:00.000Z,פורטוגל,16,13,29
2021-10-19T00:00:00.000Z,פיליפינים,0,1,1
2021-10-19T00:00:00.000Z,פנמה,4,9,13
2021-10-19T00:00:00.000Z,פרו,3,6,9
2021-10-19T00:00:00.000Z,צכיה,308,58,366
2021-10-19T00:00:00.000Z,צרפת,707,260,967
2021-10-19T00:00:00.000Z,קובה,0,1,1
2021-10-19T00:00:00.000Z,קולומביה,1,3,4
2021-10-19T00:00:00.000Z,קוסטה ריקה,3,8,11
2021-10-19T00:00:00.000Z,קוריאה הדרומית,5,2,7
2021-10-19T00:00:00.000Z,קזחסטאן,1,7,8
2021-10-19T00:00:00.000Z,קנדה,135,145,280
2021-10-19T00:00:00.000Z,קניה,0,2,2
2021-10-19T00:00:00.000Z,קפריסין,211,26,237
2021-10-19T00:00:00.000Z,קרואטיה,2,2,4
2021-10-19T00:00:00.000Z,רואנדה,0,1,1
2021-10-19T00:00:00.000Z,רומניה,88,8,96
2021-10-19T00:00:00.000Z,רוסיה,173,249,422
2021-10-19T00:00:00.000Z,רפ מרכז אפריקנית,1,0,1
2021-10-19T00:00:00.000Z,שוודיה,7,5,12
2021-10-19T00:00:00.000Z,שוויץ,138,54,192
2021-10-19T00:00:00.000Z,תאילנד,0,1,1
2021-10-19T00:00:00.000Z,תוניסיה,4,0,4
2021-10-20T00:00:00.000Z,מקדוניה,1,0,1
2021-10-20T00:00:00.000Z,לוכסמבורג,1,2,3
2021-10-20T00:00:00.000Z,לטביה,1,0,1
2021-10-20T00:00:00.000Z,מונטנגרו,131,6,137
2021-10-20T00:00:00.000Z,מלדיבים,12,4,16
2021-10-20T00:00:00.000Z,מלטה,2,0,2
2021-10-20T00:00:00.000Z,מצרים,392,73,465
2021-10-20T00:00:00.000Z,צרפת,511,296,807
2021-10-20T00:00:00.000Z,מקסיקו,7,18,25
2021-10-20T00:00:00.000Z,מרוקו,6,2,8
2021-10-20T00:00:00.000Z,נורבגיה,4,5,9
2021-10-20T00:00:00.000Z,ניגריה,1,1,2
2021-10-20T00:00:00.000Z,ניקרגואה,1,1,2
2021-10-20T00:00:00.000Z,נפאל,1,0,1
2021-10-20T00:00:00.000Z,סין,0,7,7
2021-10-20T00:00:00.000Z,סינגפור,1,3,4
2021-10-20T00:00:00.000Z,סלובניה,0,4,4
2021-10-20T00:00:00.000Z,ספרד,231,18,249
2021-10-20T00:00:00.000Z,סרביה,5,0,5
2021-10-20T00:00:00.000Z,סרי לנקה (צילון),1,6,7
2021-10-20T00:00:00.000Z,פולין,63,8,71
2021-10-20T00:00:00.000Z,פורטוגל,80,12,92
2021-10-20T00:00:00.000Z,קולומביה,1,1,2
2021-10-20T00:00:00.000Z,קוסטה ריקה,2,5,7
2021-10-20T00:00:00.000Z,קוריאה הדרומית,3,3,6
2021-10-20T00:00:00.000Z,קזחסטאן,1,2,3
2021-10-20T00:00:00.000Z,קמרון,1,0,1
2021-10-20T00:00:00.000Z,קנדה,54,58,112
2021-10-20T00:00:00.000Z,קניה,7,0,7
2021-10-20T00:00:00.000Z,קפריסין,211,32,243
2021-10-20T00:00:00.000Z,קרואטיה,5,1,6
2021-10-20T00:00:00.000Z,רואנדה,1,0,1
2021-10-20T00:00:00.000Z,רומניה,203,15,218
2021-10-20T00:00:00.000Z,רוסיה,92,213,305
2021-10-20T00:00:00.000Z,שוודיה,8,6,14
2021-10-20T00:00:00.000Z,שוויץ,86,23,109
2021-10-20T00:00:00.000Z,תאילנד,6,3,9
2021-10-20T00:00:00.000Z,תוניסיה,0,2,2
2021-10-20T00:00:00.000Z,תורכיה,1075,302,1377
2021-10-20T00:00:00.000Z,תורכמניסטאן,2,0,2
2021-10-20T00:00:00.000Z,ברזיל,2,15,17
2021-10-20T00:00:00.000Z,סאו טומה ופרינציפה,1,0,1
2021-10-20T00:00:00.000Z,בלגיה,10,11,21
2021-10-20T00:00:00.000Z,בילורוסיה,4,1,5
2021-10-20T00:00:00.000Z,בוסניה הרצגובינה,6,1,7
2021-10-20T00:00:00.000Z,בולגריה,137,45,182
2021-10-20T00:00:00.000Z,בהמס,1,0,1
2021-10-20T00:00:00.000Z,איחוד האמירויות הערב,414,41,455
2021-10-20T00:00:00.000Z,פיליפינים,1,31,32
2021-10-20T00:00:00.000Z,פינלנד,17,13,30
2021-10-20T00:00:00.000Z,פנמה,2,4,6
2021-10-20T00:00:00.000Z,פרגוואי,2,1,3
2021-10-20T00:00:00.000Z,פרו,1,4,5
2021-10-20T00:00:00.000Z,צכיה,280,18,298
2021-10-20T00:00:00.000Z,אתיופיה,17,9,26
2021-10-20T00:00:00.000Z,ארצות הברית,740,826,1566
2021-10-20T00:00:00.000Z,ארמניה,4,0,4
2021-10-20T00:00:00.000Z,אקואדור,1,0,1
2021-10-20T00:00:00.000Z,אסטוניה,3,1,4
2021-10-20T00:00:00.000Z,אנגולה,2,0,2
2021-10-20T00:00:00.000Z,אלבניה,2,2,4
2021-10-20T00:00:00.000Z,אל סלבדור,1,1,2
2021-10-20T00:00:00.000Z,אירלנד,11,1,12
2021-10-20T00:00:00.000Z,איסלנד,2,0,2
2021-10-20T00:00:00.000Z,איי סיישל,87,6,93
2021-10-20T00:00:00.000Z,איי טורקס וקייקוס,1,0,1
2021-10-20T00:00:00.000Z,גאורגיה,165,17,182
2021-10-20T00:00:00.000Z,גאנה,2,1,3
2021-10-20T00:00:00.000Z,גויאנה הצרפתית,0,1,1
2021-10-20T00:00:00.000Z,גרמניה,329,159,488
2021-10-20T00:00:00.000Z,דנמרק,2,0,2
2021-10-20T00:00:00.000Z,דרום אפריקה,15,7,22
2021-10-20T00:00:00.000Z,דרום סודאן,3,0,3
2021-10-20T00:00:00.000Z,הודו,10,10,20
2021-10-20T00:00:00.000Z,הולנד,150,27,177
2021-10-20T00:00:00.000Z,הונגריה,417,58,475
2021-10-20T00:00:00.000Z,הונדורס,1,0,1
2021-10-20T00:00:00.000Z,איטליה,350,45,395
2021-10-20T00:00:00.000Z,אזרביג'אן,4,1,5
2021-10-20T00:00:00.000Z,אוקראינה,286,129,415
2021-10-20T00:00:00.000Z,אוסטרליה,0,6,6
2021-10-20T00:00:00.000Z,אוסטריה,347,59,406
2021-10-20T00:00:00.000Z,אוזבקיסטן,5,4,9
2021-10-20T00:00:00.000Z,אוגנדה,1,0,1
2021-10-20T00:00:00.000Z,אבחזיסטאן,7,2,9
2021-10-20T00:00:00.000Z,הממלכה המאוחדת,381,189,570
2021-10-20T00:00:00.000Z,ויטנאם,0,1,1
2021-10-20T00:00:00.000Z,זימבאבווה,2,1,3
2021-10-20T00:00:00.000Z,זמביה,1,1,2
2021-10-20T00:00:00.000Z,טג'יקיסטאן,0,1,1
2021-10-20T00:00:00.000Z,טנזניה,57,5,62
2021-10-20T00:00:00.000Z,יוון,357,58,415
2021-10-20T00:00:00.000Z,יפן,0,1,1
2021-10-20T00:00:00.000Z,ירדן,55,26,81
2021-10-20T00:00:00.000Z,כלל המדינות,8476,4818,13294
2021-10-21T00:00:00.000Z,קניה,11,19,30
2021-10-21T00:00:00.000Z,ניקרגואה,0,1,1
2021-10-21T00:00:00.000Z,קמרון,1,0,1
2021-10-21T00:00:00.000Z,קירג'זסטאן,9,2,11
2021-10-21T00:00:00.000Z,קטר,0,1,1
2021-10-21T00:00:00.000Z,קזחסטאן,0,3,3
2021-10-21T00:00:00.000Z,קוריאה הדרומית,3,1,4
2021-10-21T00:00:00.000Z,קוסטה ריקה,1,3,4
2021-10-21T00:00:00.000Z,קולומביה,1,22,23
2021-10-21T00:00:00.000Z,צרפת,774,378,1152
2021-10-21T00:00:00.000Z,צכיה,428,28,456
2021-10-21T00:00:00.000Z,צ'ילה,4,8,12
2021-10-21T00:00:00.000Z,פרו,2,10,12
2021-10-21T00:00:00.000Z,פרגוואי,1,1,2
2021-10-21T00:00:00.000Z,פנמה,4,6,10
2021-10-21T00:00:00.000Z,פינלנד,3,0,3
2021-10-21T00:00:00.000Z,פיליפינים,0,4,4
2021-10-21T00:00:00.000Z,פורטוגל,246,22,268
2021-10-21T00:00:00.000Z,פולין,73,11,84
2021-10-21T00:00:00.000Z,סרביה,13,5,18
2021-10-21T00:00:00.000Z,ספרד,369,47,416
2021-10-21T00:00:00.000Z,סלובקיה,0,1,1
2021-10-21T00:00:00.000Z,סלובניה,1,0,1
2021-10-21T00:00:00.000Z,סין,3,144,147
2021-10-21T00:00:00.000Z,קפריסין,308,28,336
2021-10-21T00:00:00.000Z,קרואטיה,6,2,8
2021-10-21T00:00:00.000Z,ניו זילנד,0,2,2
2021-10-21T00:00:00.000Z,ניגריה,5,3,8
2021-10-21T00:00:00.000Z,מרוקו,110,16,126
2021-10-21T00:00:00.000Z,מקסיקו,5,8,13
2021-10-21T00:00:00.000Z,מקדוניה,2,0,2
2021-10-21T00:00:00.000Z,מצרים,541,106,647
2021-10-21T00:00:00.000Z,מלטה,1,1,2
2021-10-21T00:00:00.000Z,מלדיבים,11,6,17
2021-10-21T00:00:00.000Z,מלאווי,2,0,2
2021-10-21T00:00:00.000Z,מונטנגרו,174,0,174
2021-10-21T00:00:00.000Z,מולדובה,91,38,129
2021-10-21T00:00:00.000Z,ליטא,90,13,103
2021-10-21T00:00:00.000Z,ליבריה,1,0,1
2021-10-21T00:00:00.000Z,לטביה,2,1,3
2021-10-21T00:00:00.000Z,כלל המדינות,12507,6229,18736
2021-10-21T00:00:00.000Z,ירדן,127,44,171
2021-10-21T00:00:00.000Z,יפן,0,3,3
2021-10-21T00:00:00.000Z,יוון,630,83,713
2021-10-21T00:00:00.000Z,טנזניה,14,2,16
2021-10-21T00:00:00.000Z,טוגו,1,0,1
2021-10-21T00:00:00.000Z,טג'יקיסטאן,1,1,2
2021-10-21T00:00:00.000Z,חוף השנהב,2,0,2
2021-10-21T00:00:00.000Z,זמביה,6,0,6
2021-10-21T00:00:00.000Z,זימבאבווה,1,0,1
2021-10-21T00:00:00.000Z,זאיר,0,1,1
2021-10-21T00:00:00.000Z,ונצואלה,0,1,1
2021-10-21T00:00:00.000Z,הרפ הדומיניקנית,2,0,2
2021-10-21T00:00:00.000Z,רואנדה,1,0,1
2021-10-21T00:00:00.000Z,רומניה,196,35,231
2021-10-21T00:00:00.000Z,רוסיה,176,249,425
2021-10-21T00:00:00.000Z,שוודיה,11,48,59
2021-10-21T00:00:00.000Z,שוויץ,123,24,147
2021-10-21T00:00:00.000Z,תורכיה,1366,386,1752
2021-10-21T00:00:00.000Z,תורכמניסטאן,1,1,2
2021-10-21T00:00:00.000Z,תימן,0,1,1
2021-10-21T00:00:00.000Z,הממלכה המאוחדת,431,240,671
2021-10-21T00:00:00.000Z,הונדורס,1,0,1
2021-10-21T00:00:00.000Z,הונגריה,543,47,590
2021-10-21T00:00:00.000Z,הונג קונג,1,12,13
2021-10-21T00:00:00.000Z,הולנד,249,49,298
2021-10-21T00:00:00.000Z,הודו,43,7,50
2021-10-21T00:00:00.000Z,דרום סודאן,1,0,1
2021-10-21T00:00:00.000Z,דרום אפריקה,23,25,48
2021-10-21T00:00:00.000Z,דנמרק,78,52,130
2021-10-21T00:00:00.000Z,גרמניה,65,44,109
2021-10-21T00:00:00.000Z,גינאה המשוונית,1,1,2
2021-10-21T00:00:00.000Z,גווטאמלה,5,1,6
2021-10-21T00:00:00.000Z,גאנה,4,0,4
2021-10-21T00:00:00.000Z,גאורגיה,707,54,761
2021-10-21T00:00:00.000Z,ברזיל,9,6,15
2021-10-21T00:00:00.000Z,בלגיה,38,47,85
2021-10-21T00:00:00.000Z,בילורוסיה,56,60,116
2021-10-21T00:00:00.000Z,בחריין,31,2,33
2021-10-21T00:00:00.000Z,בורקינה פאסו,2,0,2
2021-10-21T00:00:00.000Z,בולגריה,137,14,151
2021-10-21T00:00:00.000Z,אתיופיה,37,33,70
2021-10-21T00:00:00.000Z,ארצות הברית,1237,1063,2300
2021-10-21T00:00:00.000Z,ארמניה,5,1,6
2021-10-21T00:00:00.000Z,אריתראה,1,0,1
2021-10-21T00:00:00.000Z,ארגנטינה,11,33,44
2021-10-21T00:00:00.000Z,אסטוניה,1,1,2
2021-10-21T00:00:00.000Z,אנגולה,1,0,1
2021-10-21T00:00:00.000Z,אירלנד,6,5,11
2021-10-21T00:00:00.000Z,איסלנד,6,2,8
2021-10-21T00:00:00.000Z,איי סיישל,2,0,2
2021-10-21T00:00:00.000Z,איי טורקס וקייקוס,3,0,3
2021-10-21T00:00:00.000Z,איי הבתולה,1,0,1
2021-10-21T00:00:00.000Z,איטליה,589,91,680
2021-10-21T00:00:00.000Z,אזרביג'אן,65,22,87
2021-10-21T00:00:00.000Z,אוקראינה,204,109,313
2021-10-21T00:00:00.000Z,אוסטרליה,0,7,7
2021-10-21T00:00:00.000Z,אוסטריה,486,51,537
2021-10-21T00:00:00.000Z,אוזבקיסטן,2,1,3
2021-10-21T00:00:00.000Z,אוגנדה,1,2,3
2021-10-21T00:00:00.000Z,אבחזיסטאן,7,1,8
2021-10-21T00:00:00.000Z,נפאל,1,2,3
2021-10-21T00:00:00.000Z,קנדה,73,58,131
2021-10-21T00:00:00.000Z,איחוד האמירויות הערב,485,61,546
2021-10-22T00:00:00.000Z,נורבגיה,6,0,6
2021-10-22T00:00:00.000Z,הממלכה המאוחדת,594,281,875
2021-10-22T00:00:00.000Z,הולנד,263,58,321
2021-10-22T00:00:00.000Z,הודו,40,4,44
2021-10-22T00:00:00.000Z,דרום אפריקה,8,0,8
2021-10-22T00:00:00.000Z,דנמרק,19,2,21
2021-10-22T00:00:00.000Z,גרנדה,1,0,1
2021-10-22T00:00:00.000Z,גרמניה,677,159,836
2021-10-22T00:00:00.000Z,גויאנה,1,0,1
2021-10-22T00:00:00.000Z,גווטאמלה,1,1,2
2021-10-22T00:00:00.000Z,גאנה,1,0,1
2021-10-22T00:00:00.000Z,גאורגיה,358,60,418
2021-10-22T00:00:00.000Z,איחוד האמירויות הערב,361,81,442
2021-10-22T00:00:00.000Z,ונצואלה,0,1,1
2021-10-22T00:00:00.000Z,חוף השנהב,3,0,3
2021-10-22T00:00:00.000Z,קוסטה ריקה,9,8,17
2021-10-22T00:00:00.000Z,קוריאה הדרומית,20,2,22
2021-10-22T00:00:00.000Z,קזחסטאן,5,0,5
2021-10-22T00:00:00.000Z,קטר,1,0,1
2021-10-22T00:00:00.000Z,קנדה,75,74,149
2021-10-22T00:00:00.000Z,קניה,2,1,3
2021-10-22T00:00:00.000Z,קפריסין,355,72,427
2021-10-22T00:00:00.000Z,קרואטיה,5,2,7
2021-10-22T00:00:00.000Z,רואנדה,1,0,1
2021-10-22T00:00:00.000Z,רומניה,205,23,228
2021-10-22T00:00:00.000Z,רוסיה,207,100,307
2021-10-22T00:00:00.000Z,שוודיה,14,4,18
2021-10-22T00:00:00.000Z,שוויץ,342,113,455
2021-10-22T00:00:00.000Z,תאילנד,99,26,125
2021-10-22T00:00:00.000Z,תוניסיה,1,0,1
2021-10-22T00:00:00.000Z,תורכיה,1156,345,1501
2021-10-22T00:00:00.000Z,תורכמניסטאן,4,1,5
2021-10-22T00:00:00.000Z,טיוואן,1,0,1
2021-10-22T00:00:00.000Z,טנזניה,1,0,1
2021-10-22T00:00:00.000Z,יוון,529,39,568
2021-10-22T00:00:00.000Z,יפן,0,2,2
2021-10-22T00:00:00.000Z,ירדן,0,7,7
2021-10-22T00:00:00.000Z,כלל המדינות,12153,4465,16618
2021-10-22T00:00:00.000Z,לוכסמבורג,2,3,5
2021-10-22T00:00:00.000Z,לטביה,2,0,2
2021-10-22T00:00:00.000Z,ליטא,1,0,1
2021-10-22T00:00:00.000Z,מאוריציוס,2,0,2
2021-10-22T00:00:00.000Z,מולדובה,4,0,4
2021-10-22T00:00:00.000Z,מונטנגרו,72,1,73
2021-10-22T00:00:00.000Z,מלדיבים,14,0,14
2021-10-22T00:00:00.000Z,מלטה,3,2,5
2021-10-22T00:00:00.000Z,מצרים,422,90,512
2021-10-22T00:00:00.000Z,מקדוניה,3,0,3
2021-10-22T00:00:00.000Z,מקסיקו,16,10,26
2021-10-22T00:00:00.000Z,מרוקו,66,0,66
2021-10-22T00:00:00.000Z,הונגריה,315,32,347
2021-10-22T00:00:00.000Z,ניגריה,2,0,2
2021-10-22T00:00:00.000Z,ניו זילנד,0,1,1
2021-10-22T00:00:00.000Z,ניקרגואה,1,0,1
2021-10-22T00:00:00.000Z,נפאל,12,1,13
2021-10-22T00:00:00.000Z,סינגפור,12,0,12
2021-10-22T00:00:00.000Z,סלובניה,2,0,2
2021-10-22T00:00:00.000Z,סלובקיה,36,2,38
2021-10-22T00:00:00.000Z,ספרד,467,29,496
2021-10-22T00:00:00.000Z,סרביה,62,9,71
2021-10-22T00:00:00.000Z,סרי לנקה (צילון),5,3,8
2021-10-22T00:00:00.000Z,פולין,209,7,216
2021-10-22T00:00:00.000Z,פורטוגל,43,2,45
2021-10-22T00:00:00.000Z,פיליפינים,0,1,1
2021-10-22T00:00:00.000Z,פינלנד,54,6,60
2021-10-22T00:00:00.000Z,פנמה,3,6,9
2021-10-22T00:00:00.000Z,פרגוואי,2,1,3
2021-10-22T00:00:00.000Z,פרו,0,1,1
2021-10-22T00:00:00.000Z,צ'ילה,1,0,1
2021-10-22T00:00:00.000Z,צכיה,322,19,341
2021-10-22T00:00:00.000Z,צרפת,750,210,960
2021-10-22T00:00:00.000Z,קולומביה,3,6,9
2021-10-22T00:00:00.000Z,ברזיל,8,3,11
2021-10-22T00:00:00.000Z,בלגיה,84,67,151
2021-10-22T00:00:00.000Z,בילורוסיה,3,0,3
2021-10-22T00:00:00.000Z,בחריין,0,1,1
2021-10-22T00:00:00.000Z,בוסניה הרצגובינה,7,6,13
2021-10-22T00:00:00.000Z,בולגריה,4,0,4
2021-10-22T00:00:00.000Z,אתיופיה,1,0,1
2021-10-22T00:00:00.000Z,ארצות הברית,1209,595,1804
2021-10-22T00:00:00.000Z,ארמניה,4,0,4
2021-10-22T00:00:00.000Z,ארגנטינה,8,2,10
2021-10-22T00:00:00.000Z,אקואדור,2,6,8
2021-10-22T00:00:00.000Z,אסטוניה,2,0,2
2021-10-22T00:00:00.000Z,אנגולה,11,2,13
2021-10-22T00:00:00.000Z,אלבניה,2,0,2
2021-10-22T00:00:00.000Z,אירלנד,30,11,41
2021-10-22T00:00:00.000Z,איסלנד,4,0,4
2021-10-22T00:00:00.000Z,איי ווליס ופוטונה,1,0,1
2021-10-22T00:00:00.000Z,איי גילברט ואליס,2,0,2
2021-10-22T00:00:00.000Z,איטליה,579,45,624
2021-10-22T00:00:00.000Z,אזרביג'אן,95,10,105
2021-10-22T00:00:00.000Z,אורגוואי,0,2,2
2021-10-22T00:00:00.000Z,אוקראינה,370,167,537
2021-10-22T00:00:00.000Z,אוסטרליה,0,2,2
2021-10-22T00:00:00.000Z,אוסטריה,725,87,812
2021-10-22T00:00:00.000Z,אוזבקיסטן,10,5,15
2021-10-22T00:00:00.000Z,אוגנדה,3,1,4
2021-10-22T00:00:00.000Z,אבחזיסטאן,1,1,2
2021-10-22T00:00:00.000Z,זאיר,0,1,1
2021-10-23T00:00:00.000Z,רואנדה,5,16,21
2021-10-23T00:00:00.000Z,רומניה,218,29,247
2021-10-23T00:00:00.000Z,רוסיה,18,15,33
2021-10-23T00:00:00.000Z,שוודיה,3,6,9
2021-10-23T00:00:00.000Z,שוויץ,82,8,90
2021-10-23T00:00:00.000Z,תאילנד,4,3,7
2021-10-23T00:00:00.000Z,תורכיה,1256,295,1551
2021-10-23T00:00:00.000Z,תורכמניסטאן,1,1,2
2021-10-23T00:00:00.000Z,אבחזיסטאן,4,2,6
2021-10-23T00:00:00.000Z,אוגנדה,1,38,39
2021-10-23T00:00:00.000Z,אוזבקיסטן,3,9,12
2021-10-23T00:00:00.000Z,אוסטריה,344,41,385
2021-10-23T00:00:00.000Z,אוסטרליה,2,5,7
2021-10-23T00:00:00.000Z,אוקראינה,210,61,271
2021-10-23T00:00:00.000Z,אזרביג'אן,3,0,3
2021-10-23T00:00:00.000Z,איטליה,320,29,349
2021-10-23T00:00:00.000Z,איי גילברט ואליס,1,0,1
2021-10-23T00:00:00.000Z,איי טורקס וקייקוס,1,0,1
2021-10-23T00:00:00.000Z,איי סיישל,2,0,2
2021-10-23T00:00:00.000Z,איסלנד,11,0,11
2021-10-23T00:00:00.000Z,אירלנד,5,2,7
2021-10-23T00:00:00.000Z,אלבניה,3,0,3
2021-10-23T00:00:00.000Z,אסטוניה,4,0,4
2021-10-23T00:00:00.000Z,אקואדור,2,4,6
2021-10-23T00:00:00.000Z,ארמניה,5,1,6
2021-10-23T00:00:00.000Z,ארצות הברית,514,438,952
2021-10-23T00:00:00.000Z,איחוד האמירויות הערב,189,32,221
2021-10-23T00:00:00.000Z,בילורוסיה,1,1,2
2021-10-23T00:00:00.000Z,בלגיה,2,1,3
2021-10-23T00:00:00.000Z,בנין (דהומי),1,0,1
2021-10-23T00:00:00.000Z,ברזיל,1,0,1
2021-10-23T00:00:00.000Z,גאורגיה,125,18,143
2021-10-23T00:00:00.000Z,גאנה,4,2,6
2021-10-23T00:00:00.000Z,גבון,1,0,1
2021-10-23T00:00:00.000Z,גויאנה הצרפתית,1,0,1
2021-10-23T00:00:00.000Z,אתיופיה,35,19,54
2021-10-23T00:00:00.000Z,דנמרק,1,4,5
2021-10-23T00:00:00.000Z,דרום אפריקה,13,11,24
2021-10-23T00:00:00.000Z,הודו,12,2,14
2021-10-23T00:00:00.000Z,הולנד,279,28,307
2021-10-23T00:00:00.000Z,הונגריה,221,22,243
2021-10-23T00:00:00.000Z,הממלכה המאוחדת,120,89,209
2021-10-23T00:00:00.000Z,הרפ הדומיניקנית,3,0,3
2021-10-23T00:00:00.000Z,ויטנאם,0,270,270
2021-10-23T00:00:00.000Z,זאיר,0,10,10
2021-10-23T00:00:00.000Z,זימבאבווה,2,0,2
2021-10-23T00:00:00.000Z,זמביה,8,0,8
2021-10-23T00:00:00.000Z,חוף השנהב,1,0,1
2021-10-23T00:00:00.000Z,טנזניה,7,1,8
2021-10-23T00:00:00.000Z,יוון,538,24,562
2021-10-23T00:00:00.000Z,יפן,0,1,1
2021-10-23T00:00:00.000Z,ירדן,2,3,5
2021-10-23T00:00:00.000Z,כלל המדינות,7965,3380,11345
2021-10-23T00:00:00.000Z,לטביה,30,15,45
2021-10-23T00:00:00.000Z,ליטא,2,0,2
2021-10-23T00:00:00.000Z,מאוריציוס,1,1,2
2021-10-23T00:00:00.000Z,מולדובה,1,1,2
2021-10-23T00:00:00.000Z,מונקו,1,0,1
2021-10-23T00:00:00.000Z,מלדיבים,7,0,7
2021-10-23T00:00:00.000Z,מלטה,2,0,2
2021-10-23T00:00:00.000Z,מצרים,1507,144,1651
2021-10-23T00:00:00.000Z,מקדוניה,0,2,2
2021-10-23T00:00:00.000Z,מקסיקו,3,0,3
2021-10-23T00:00:00.000Z,מרוקו,3,0,3
2021-10-23T00:00:00.000Z,נורבגיה,11,2,13
2021-10-23T00:00:00.000Z,ניגריה,5,5,10
2021-10-23T00:00:00.000Z,ניקרגואה,1,1,2
2021-10-23T00:00:00.000Z,נפאל,1,2,3
2021-10-23T00:00:00.000Z,סיירה ליאונה,1,0,1
2021-10-23T00:00:00.000Z,סינגפור,6,0,6
2021-10-23T00:00:00.000Z,סלובקיה,0,1,1
2021-10-23T00:00:00.000Z,סנגל,0,1,1
2021-10-23T00:00:00.000Z,ספרד,21,4,25
2021-10-23T00:00:00.000Z,סרביה,1,0,1
2021-10-23T00:00:00.000Z,פולין,150,13,163
2021-10-23T00:00:00.000Z,פורטו ריקו,0,1,1
2021-10-23T00:00:00.000Z,פורטוגל,29,5,34
2021-10-23T00:00:00.000Z,פיליפינים,1,1,2
2021-10-23T00:00:00.000Z,פינלנד,18,2,20
2021-10-23T00:00:00.000Z,פנמה,1,0,1
2021-10-23T00:00:00.000Z,פרו,2,0,2
2021-10-23T00:00:00.000Z,צכיה,338,31,369
2021-10-23T00:00:00.000Z,צרפת,268,85,353
2021-10-23T00:00:00.000Z,קולומביה,3,2,5
2021-10-23T00:00:00.000Z,קוסטה ריקה,0,4,4
2021-10-23T00:00:00.000Z,קוריאה הדרומית,18,0,18
2021-10-23T00:00:00.000Z,קזחסטאן,4,0,4
2021-10-23T00:00:00.000Z,קטר,0,1,1
2021-10-23T00:00:00.000Z,קמרון,1,0,1
2021-10-23T00:00:00.000Z,קנדה,53,48,101
2021-10-23T00:00:00.000Z,קניה,8,2,10
2021-10-23T00:00:00.000Z,קפריסין,416,24,440
2021-10-23T00:00:00.000Z,קרואטיה,1,0,1
2021-10-23T00:00:00.000Z,גרמניה,170,65,235
2021-10-24T00:00:00.000Z,אוסטרליה,1,13,14
2021-10-24T00:00:00.000Z,תורכיה,1566,466,2032
2021-10-24T00:00:00.000Z,תוניסיה,3,1,4
2021-10-24T00:00:00.000Z,שוויץ,207,72,279
2021-10-24T00:00:00.000Z,שוודיה,15,15,30
2021-10-24T00:00:00.000Z,רוסיה,225,177,402
2021-10-24T00:00:00.000Z,רומניה,253,20,273
2021-10-24T00:00:00.000Z,קרואטיה,16,2,18
2021-10-24T00:00:00.000Z,קפריסין,989,53,1042
2021-10-24T00:00:00.000Z,קנדה,55,54,109
2021-10-24T00:00:00.000Z,קטר,1,1,2
2021-10-24T00:00:00.000Z,קזחסטאן,1,10,11
2021-10-24T00:00:00.000Z,קוריאה הדרומית,19,7,26
2021-10-24T00:00:00.000Z,קוסטה ריקה,2,1,3
2021-10-24T00:00:00.000Z,קולומביה,1,1,2
2021-10-24T00:00:00.000Z,צרפת,469,341,810
2021-10-24T00:00:00.000Z,צכיה,442,19,461
2021-10-24T00:00:00.000Z,צ'ילה,1,0,1
2021-10-24T00:00:00.000Z,פרו,1,1,2
2021-10-24T00:00:00.000Z,פנמה,2,1,3
2021-10-24T00:00:00.000Z,פינלנד,5,1,6
2021-10-24T00:00:00.000Z,פיליפינים,2,7,9
2021-10-24T00:00:00.000Z,פורטוגל,110,10,120
2021-10-24T00:00:00.000Z,פולין,96,3,99
2021-10-24T00:00:00.000Z,סרי לנקה (צילון),1,2,3
2021-10-24T00:00:00.000Z,סרביה,3,0,3
2021-10-24T00:00:00.000Z,ספרד,333,50,383
2021-10-24T00:00:00.000Z,סנגל,1,0,1
2021-10-24T00:00:00.000Z,סלובניה,0,1,1
2021-10-24T00:00:00.000Z,סינגפור,0,5,5
2021-10-24T00:00:00.000Z,סין,1,0,1
2021-10-24T00:00:00.000Z,סיירה ליאונה,0,1,1
2021-10-24T00:00:00.000Z,נפאל,1,0,1
2021-10-24T00:00:00.000Z,נורבגיה,3,3,6
2021-10-24T00:00:00.000Z,מרוקו,74,17,91
2021-10-24T00:00:00.000Z,מקסיקו,5,5,10
2021-10-24T00:00:00.000Z,מקדוניה,2,1,3
2021-10-24T00:00:00.000Z,מקאו,1,0,1
2021-10-24T00:00:00.000Z,מצרים,1432,176,1608
2021-10-24T00:00:00.000Z,מלטה,4,0,4
2021-10-24T00:00:00.000Z,מלדיבים,22,1,23
2021-10-24T00:00:00.000Z,מונטנגרו,140,7,147
2021-10-24T00:00:00.000Z,איחוד האמירויות הערב,516,74,590
2021-10-24T00:00:00.000Z,אבחזיסטאן,7,3,10
2021-10-24T00:00:00.000Z,אוגנדה,1,0,1
2021-10-24T00:00:00.000Z,אוזבקיסטן,5,11,16
2021-10-24T00:00:00.000Z,אוסטריה,470,64,534
2021-10-24T00:00:00.000Z,תורכמניסטאן,2,2,4
2021-10-24T00:00:00.000Z,אוקראינה,298,107,405
2021-10-24T00:00:00.000Z,מולדובה,94,48,142
2021-10-24T00:00:00.000Z,ליטא,108,19,127
2021-10-24T00:00:00.000Z,לוכסמבורג,1,1,2
2021-10-24T00:00:00.000Z,לאוס,2,0,2
2021-10-24T00:00:00.000Z,כלל המדינות,16330,5730,22060
2021-10-24T00:00:00.000Z,ירדן,537,75,612
2021-10-24T00:00:00.000Z,יפן,1,1,2
2021-10-24T00:00:00.000Z,יוון,1241,83,1324
2021-10-24T00:00:00.000Z,חוף השנהב,1,0,1
2021-10-24T00:00:00.000Z,הרפ הדומיניקנית,2,0,2
2021-10-24T00:00:00.000Z,הממלכה המאוחדת,511,212,723
2021-10-24T00:00:00.000Z,הונדורס,1,0,1
2021-10-24T00:00:00.000Z,הונגריה,850,47,897
2021-10-24T00:00:00.000Z,הולנד,362,57,419
2021-10-24T00:00:00.000Z,הודו,23,9,32
2021-10-24T00:00:00.000Z,דרום אפריקה,2,7,9
2021-10-24T00:00:00.000Z,דנמרק,53,21,74
2021-10-24T00:00:00.000Z,גרנדה,0,5,5
2021-10-24T00:00:00.000Z,גרמניה,439,196,635
2021-10-24T00:00:00.000Z,גאנה,2,0,2
2021-10-24T00:00:00.000Z,גאורגיה,869,55,924
2021-10-24T00:00:00.000Z,ברזיל,3,3,6
2021-10-24T00:00:00.000Z,בלגיה,38,37,75
2021-10-24T00:00:00.000Z,בילורוסיה,104,60,164
2021-10-24T00:00:00.000Z,בחריין,1,0,1
2021-10-24T00:00:00.000Z,בוסניה הרצגובינה,2,0,2
2021-10-24T00:00:00.000Z,בוליביה,0,1,1
2021-10-24T00:00:00.000Z,בולגריה,400,33,433
2021-10-24T00:00:00.000Z,בהמס,3,0,3
2021-10-24T00:00:00.000Z,ארצות הברית,795,496,1291
2021-10-24T00:00:00.000Z,ארמניה,1,0,1
2021-10-24T00:00:00.000Z,ארגנטינה,14,6,20
2021-10-24T00:00:00.000Z,אקואדור,1,1,2
2021-10-24T00:00:00.000Z,אסטוניה,0,2,2
2021-10-24T00:00:00.000Z,אנגולה,0,1,1
2021-10-24T00:00:00.000Z,אלבניה,2,4,6
2021-10-24T00:00:00.000Z,אירלנד,19,2,21
2021-10-24T00:00:00.000Z,איסלנד,1,0,1
2021-10-24T00:00:00.000Z,איי סיישל,1,1,2
2021-10-24T00:00:00.000Z,איי טורקס וקייקוס,1,0,1
2021-10-24T00:00:00.000Z,איטליה,1126,117,1243
2021-10-24T00:00:00.000Z,אזרביג'אן,119,18,137
2021-10-24T00:00:00.000Z,אורגוואי,5,2,7
2021-10-25T00:00:00.000Z,מאוריציוס,2,0,2
2021-10-25T00:00:00.000Z,בחריין,58,4,62
2021-10-25T00:00:00.000Z,ברזיל,16,26,42
2021-10-25T00:00:00.000Z,גאורגיה,719,34,753
2021-10-25T00:00:00.000Z,גאנה,0,1,1
2021-10-25T00:00:00.000Z,גווטאמלה,0,1,1
2021-10-25T00:00:00.000Z,תורכמניסטאן,1,0,1
2021-10-25T00:00:00.000Z,תורכיה,1442,342,1784
2021-10-25T00:00:00.000Z,תוניסיה,4,1,5
2021-10-25T00:00:00.000Z,תאילנד,62,208,270
2021-10-25T00:00:00.000Z,שוויץ,164,66,230
2021-10-25T00:00:00.000Z,שוודיה,9,8,17
2021-10-25T00:00:00.000Z,רוסיה,207,241,448
2021-10-25T00:00:00.000Z,רומניה,281,26,307
2021-10-25T00:00:00.000Z,רואנדה,1,0,1
2021-10-25T00:00:00.000Z,קרואטיה,3,3,6
2021-10-25T00:00:00.000Z,קפריסין,408,25,433
2021-10-25T00:00:00.000Z,קניה,3,2,5
2021-10-25T00:00:00.000Z,קנדה,13,14,27
2021-10-25T00:00:00.000Z,קמרון,1,1,2
2021-10-25T00:00:00.000Z,קירג'זסטאן,1,0,1
2021-10-25T00:00:00.000Z,קטר,0,2,2
2021-10-25T00:00:00.000Z,קזחסטאן,5,4,9
2021-10-25T00:00:00.000Z,קוריאה הדרומית,3,2,5
2021-10-25T00:00:00.000Z,קוסטה ריקה,1,5,6
2021-10-25T00:00:00.000Z,קולומביה,3,5,8
2021-10-25T00:00:00.000Z,צרפת,850,310,1160
2021-10-25T00:00:00.000Z,צכיה,463,21,484
2021-10-25T00:00:00.000Z,צ'ילה,5,0,5
2021-10-25T00:00:00.000Z,פרו,2,2,4
2021-10-25T00:00:00.000Z,פנמה,1,2,3
2021-10-25T00:00:00.000Z,פינלנד,12,4,16
2021-10-25T00:00:00.000Z,פיליפינים,0,9,9
2021-10-25T00:00:00.000Z,פורטוגל,179,11,190
2021-10-25T00:00:00.000Z,פולין,241,22,263
2021-10-25T00:00:00.000Z,סרי לנקה (צילון),1,0,1
2021-10-25T00:00:00.000Z,סרביה,3,0,3
2021-10-25T00:00:00.000Z,ספרד,571,61,632
2021-10-25T00:00:00.000Z,סינגפור,0,4,4
2021-10-25T00:00:00.000Z,סין,0,2,2
2021-10-25T00:00:00.000Z,ניקרגואה,0,1,1
2021-10-25T00:00:00.000Z,נורבגיה,12,4,16
2021-10-25T00:00:00.000Z,מרוקו,43,4,47
2021-10-25T00:00:00.000Z,מקסיקו,10,5,15
2021-10-25T00:00:00.000Z,מצרים,659,88,747
2021-10-25T00:00:00.000Z,מלטה,1,1,2
2021-10-25T00:00:00.000Z,מלדיבים,27,5,32
2021-10-25T00:00:00.000Z,מונטנגרו,99,10,109
2021-10-25T00:00:00.000Z,בלגיה,89,32,121
2021-10-25T00:00:00.000Z,ליטא,4,22,26
2021-10-25T00:00:00.000Z,לטביה,1,0,1
2021-10-25T00:00:00.000Z,כלל המדינות,14317,5928,20245
2021-10-25T00:00:00.000Z,ירדן,63,16,79
2021-10-25T00:00:00.000Z,יפן,0,2,2
2021-10-25T00:00:00.000Z,יוון,652,29,681
2021-10-25T00:00:00.000Z,אבחזיסטאן,2,1,3
2021-10-25T00:00:00.000Z,אוגנדה,2,0,2
2021-10-25T00:00:00.000Z,אוזבקיסטן,115,108,223
2021-10-25T00:00:00.000Z,אוסטריה,832,72,904
2021-10-25T00:00:00.000Z,אוסטרליה,2,3,5
2021-10-25T00:00:00.000Z,אוקראינה,491,205,696
2021-10-25T00:00:00.000Z,אורגוואי,1,0,1
2021-10-25T00:00:00.000Z,אזרביג'אן,107,7,114
2021-10-25T00:00:00.000Z,איטליה,793,79,872
2021-10-25T00:00:00.000Z,איי גילברט ואליס,0,1,1
2021-10-25T00:00:00.000Z,איי קוק,0,1,1
2021-10-25T00:00:00.000Z,איסלנד,6,0,6
2021-10-25T00:00:00.000Z,אירלנד,6,1,7
2021-10-25T00:00:00.000Z,אלבניה,0,3,3
2021-10-25T00:00:00.000Z,אנגולה,6,0,6
2021-10-25T00:00:00.000Z,אסטוניה,1,2,3
2021-10-25T00:00:00.000Z,אקואדור,2,0,2
2021-10-25T00:00:00.000Z,ארגנטינה,0,5,5
2021-10-25T00:00:00.000Z,ארמניה,1,3,4
2021-10-25T00:00:00.000Z,ארצות הברית,1075,913,1988
2021-10-25T00:00:00.000Z,אתיופיה,42,17,59
2021-10-25T00:00:00.000Z,בוטן,6,3,9
2021-10-25T00:00:00.000Z,בולגריה,92,14,106
2021-10-25T00:00:00.000Z,בוסניה הרצגובינה,23,0,23
2021-10-25T00:00:00.000Z,טנזניה,5,0,5
2021-10-25T00:00:00.000Z,טיוואן,0,1,1
2021-10-25T00:00:00.000Z,זמביה,2,1,3
2021-10-25T00:00:00.000Z,זאיר,1,6,7
2021-10-25T00:00:00.000Z,ונצואלה,0,2,2
2021-10-25T00:00:00.000Z,ויטנאם,0,6,6
2021-10-25T00:00:00.000Z,הרפ הדומיניקנית,0,1,1
2021-10-25T00:00:00.000Z,הממלכה המאוחדת,831,223,1054
2021-10-25T00:00:00.000Z,הונגריה,339,15,354
2021-10-25T00:00:00.000Z,הונג קונג,6,1,7
2021-10-25T00:00:00.000Z,הולנד,314,28,342
2021-10-25T00:00:00.000Z,דרום אפריקה,21,25,46
2021-10-25T00:00:00.000Z,דרום סודאן,1,0,1
2021-10-25T00:00:00.000Z,הודו,63,99,162
2021-10-25T00:00:00.000Z,איחוד האמירויות הערב,328,49,377
2021-10-25T00:00:00.000Z,גרמניה,508,111,619
2021-10-25T00:00:00.000Z,דנמרק,19,12,31
2021-10-26T00:00:00.000Z,יפן,3,0,3
2021-10-26T00:00:00.000Z,ירדן,33,21,54
2021-10-26T00:00:00.000Z,כלל המדינות,8788,5344,14132
2021-10-26T00:00:00.000Z,לטביה,24,23,47
2021-10-26T00:00:00.000Z,ליטא,3,0,3
2021-10-26T00:00:00.000Z,מולדובה,39,14,53
2021-10-26T00:00:00.000Z,מונטנגרו,1,0,1
2021-10-26T00:00:00.000Z,מלדיבים,15,4,19
2021-10-26T00:00:00.000Z,מצרים,367,69,436
2021-10-26T00:00:00.000Z,מקדוניה,3,0,3
2021-10-26T00:00:00.000Z,מקסיקו,10,12,22
2021-10-26T00:00:00.000Z,מרוקו,178,11,189
2021-10-26T00:00:00.000Z,נאורו,1,0,1
2021-10-26T00:00:00.000Z,נורבגיה,3,2,5
2021-10-26T00:00:00.000Z,ניגריה,2,1,3
2021-10-26T00:00:00.000Z,ניו זילנד,0,1,1
2021-10-26T00:00:00.000Z,סינגפור,0,2,2
2021-10-26T00:00:00.000Z,סלובניה,4,0,4
2021-10-26T00:00:00.000Z,ספרד,332,52,384
2021-10-26T00:00:00.000Z,סרביה,147,8,155
2021-10-26T00:00:00.000Z,פולין,183,29,212
2021-10-26T00:00:00.000Z,פולינזיה הצרפתית,1,0,1
2021-10-26T00:00:00.000Z,פורטוגל,19,1,20
2021-10-26T00:00:00.000Z,פינלנד,0,1,1
2021-10-26T00:00:00.000Z,פנמה,5,3,8
2021-10-26T00:00:00.000Z,פרו,1,4,5
2021-10-26T00:00:00.000Z,צ'ילה,2,0,2
2021-10-26T00:00:00.000Z,צכיה,384,18,402
2021-10-26T00:00:00.000Z,צרפת,780,349,1129
2021-10-26T00:00:00.000Z,קולומביה,2,0,2
2021-10-26T00:00:00.000Z,קוסטה ריקה,0,1,1
2021-10-26T00:00:00.000Z,קוריאה הדרומית,1,0,1
2021-10-26T00:00:00.000Z,קזחסטאן,1,5,6
2021-10-26T00:00:00.000Z,קמרון,0,1,1
2021-10-26T00:00:00.000Z,קנדה,146,159,305
2021-10-26T00:00:00.000Z,קניה,4,1,5
2021-10-26T00:00:00.000Z,קפריסין,151,21,172
2021-10-26T00:00:00.000Z,קרואטיה,1,3,4
2021-10-26T00:00:00.000Z,רואנדה,1,1,2
2021-10-26T00:00:00.000Z,רומניה,27,1,28
2021-10-26T00:00:00.000Z,רוסיה,189,279,468
2021-10-26T00:00:00.000Z,שוודיה,1,3,4
2021-10-26T00:00:00.000Z,שוויץ,122,36,158
2021-10-26T00:00:00.000Z,תאילנד,1,0,1
2021-10-26T00:00:00.000Z,תורכיה,1134,542,1676
2021-10-26T00:00:00.000Z,תורכמניסטאן,1,1,2
2021-10-26T00:00:00.000Z,הרפ הדומיניקנית,1,0,1
2021-10-26T00:00:00.000Z,אבחזיסטאן,1,1,2
2021-10-26T00:00:00.000Z,אוגנדה,4,38,42
2021-10-26T00:00:00.000Z,אוזבקיסטן,5,18,23
2021-10-26T00:00:00.000Z,אוסטריה,331,49,380
2021-10-26T00:00:00.000Z,אוסטרליה,0,2,2
2021-10-26T00:00:00.000Z,אוקראינה,180,108,288
2021-10-26T00:00:00.000Z,אורגוואי,3,1,4
2021-10-26T00:00:00.000Z,אזרביג'אן,5,0,5
2021-10-26T00:00:00.000Z,איטליה,342,27,369
2021-10-26T00:00:00.000Z,איי סיישל,0,3,3
2021-10-26T00:00:00.000Z,אינדונזיה,0,1,1
2021-10-26T00:00:00.000Z,אירלנד,10,3,13
2021-10-26T00:00:00.000Z,אלגיריה,2,0,2
2021-10-26T00:00:00.000Z,אנגולה,2,1,3
2021-10-26T00:00:00.000Z,אסטוניה,3,4,7
2021-10-26T00:00:00.000Z,ארגנטינה,20,34,54
2021-10-26T00:00:00.000Z,ארמניה,0,1,1
2021-10-26T00:00:00.000Z,ארצות הברית,634,473,1107
2021-10-26T00:00:00.000Z,אתיופיה,19,6,25
2021-10-26T00:00:00.000Z,בהמס,2,0,2
2021-10-26T00:00:00.000Z,בולגריה,8,0,8
2021-10-26T00:00:00.000Z,בוסניה הרצגובינה,2,1,3
2021-10-26T00:00:00.000Z,בלגיה,8,13,21
2021-10-26T00:00:00.000Z,ברזיל,4,1,5
2021-10-26T00:00:00.000Z,גאורגיה,176,32,208
2021-10-26T00:00:00.000Z,גאנה,1,11,12
2021-10-26T00:00:00.000Z,גיברלטר,0,1,1
2021-10-26T00:00:00.000Z,גרמניה,331,90,421
2021-10-26T00:00:00.000Z,דנמרק,5,4,9
2021-10-26T00:00:00.000Z,דרום אפריקה,22,6,28
2021-10-26T00:00:00.000Z,הודו,14,2,16
2021-10-26T00:00:00.000Z,הולנד,321,23,344
2021-10-26T00:00:00.000Z,הונגריה,267,21,288
2021-10-26T00:00:00.000Z,הממלכה המאוחדת,492,192,684
2021-10-26T00:00:00.000Z,איחוד האמירויות הערב,293,37,330
2021-10-26T00:00:00.000Z,ונצואלה,0,7,7
2021-10-26T00:00:00.000Z,זאיר,0,5,5
2021-10-26T00:00:00.000Z,זמביה,16,0,16
2021-10-26T00:00:00.000Z,חוף השנהב,7,0,7
2021-10-26T00:00:00.000Z,יוון,415,63,478
2021-10-27T00:00:00.000Z,טנזניה,80,8,88
2021-10-27T00:00:00.000Z,תורכמניסטאן,4,4,8
2021-10-27T00:00:00.000Z,תאילנד,6,0,6
2021-10-27T00:00:00.000Z,שוויץ,70,24,94
2021-10-27T00:00:00.000Z,שוודיה,2,4,6
2021-10-27T00:00:00.000Z,רוסיה,127,210,337
2021-10-27T00:00:00.000Z,רומניה,237,36,273
2021-10-27T00:00:00.000Z,רואנדה,1,0,1
2021-10-27T00:00:00.000Z,קרואטיה,3,0,3
2021-10-27T00:00:00.000Z,קפריסין,200,37,237
2021-10-27T00:00:00.000Z,קניה,8,0,8
2021-10-27T00:00:00.000Z,קנדה,52,79,131
2021-10-27T00:00:00.000Z,קירג'זסטאן,2,2,4
2021-10-27T00:00:00.000Z,קטר,2,0,2
2021-10-27T00:00:00.000Z,קזחסטאן,0,3,3
2021-10-27T00:00:00.000Z,קוריאה הדרומית,4,6,10
2021-10-27T00:00:00.000Z,קוסטה ריקה,2,0,2
2021-10-27T00:00:00.000Z,קוסובו,1,0,1
2021-10-27T00:00:00.000Z,קולומביה,2,2,4
2021-10-27T00:00:00.000Z,צרפת,515,476,991
2021-10-27T00:00:00.000Z,צכיה,186,14,200
2021-10-27T00:00:00.000Z,פרו,0,2,2
2021-10-27T00:00:00.000Z,פנמה,8,12,20
2021-10-27T00:00:00.000Z,פינלנד,25,9,34
2021-10-27T00:00:00.000Z,פיליפינים,2,16,18
2021-10-27T00:00:00.000Z,פורטוגל,100,18,118
2021-10-27T00:00:00.000Z,פולין,83,11,94
2021-10-27T00:00:00.000Z,סרי לנקה (צילון),4,1,5
2021-10-27T00:00:00.000Z,סרביה,8,1,9
2021-10-27T00:00:00.000Z,ספרד,29,13,42
2021-10-27T00:00:00.000Z,סין,0,7,7
2021-10-27T00:00:00.000Z,נפאל,1,2,3
2021-10-27T00:00:00.000Z,ניגריה,2,3,5
2021-10-27T00:00:00.000Z,נורבגיה,3,4,7
2021-10-27T00:00:00.000Z,מרוקו,62,3,65
2021-10-27T00:00:00.000Z,מקסיקו,8,5,13
2021-10-27T00:00:00.000Z,מצרים,265,49,314
2021-10-27T00:00:00.000Z,מלטה,35,1,36
2021-10-27T00:00:00.000Z,מלדיבים,37,11,48
2021-10-27T00:00:00.000Z,מונטנגרו,101,2,103
2021-10-27T00:00:00.000Z,מאוריציוס,2,0,2
2021-10-27T00:00:00.000Z,לוכסמבורג,3,2,5
2021-10-27T00:00:00.000Z,כלל המדינות,8601,5849,14450
2021-10-27T00:00:00.000Z,ירדן,55,26,81
2021-10-27T00:00:00.000Z,יפן,0,4,4
2021-10-27T00:00:00.000Z,יוון,322,34,356
2021-10-27T00:00:00.000Z,תוניסיה,2,9,11
2021-10-27T00:00:00.000Z,זמביה,1,0,1
2021-10-27T00:00:00.000Z,זאיר,2,0,2
2021-10-27T00:00:00.000Z,ונצואלה,2,6,8
2021-10-27T00:00:00.000Z,הממלכה המאוחדת,421,211,632
2021-10-27T00:00:00.000Z,הונגריה,455,37,492
2021-10-27T00:00:00.000Z,הולנד,150,42,192
2021-10-27T00:00:00.000Z,הודו,13,17,30
2021-10-27T00:00:00.000Z,דרום אפריקה,25,13,38
2021-10-27T00:00:00.000Z,דנמרק,8,2,10
2021-10-27T00:00:00.000Z,גרנדה,0,5,5
2021-10-27T00:00:00.000Z,גרמניה,407,199,606
2021-10-27T00:00:00.000Z,גיברלטר,4,1,5
2021-10-27T00:00:00.000Z,גאנה,1,0,1
2021-10-27T00:00:00.000Z,גאורגיה,115,23,138
2021-10-27T00:00:00.000Z,ברזיל,6,6,12
2021-10-27T00:00:00.000Z,בלגיה,17,8,25
2021-10-27T00:00:00.000Z,בילורוסיה,4,1,5
2021-10-27T00:00:00.000Z,בוסניה הרצגובינה,2,0,2
2021-10-27T00:00:00.000Z,בולגריה,201,33,234
2021-10-27T00:00:00.000Z,בוטסואנה,1,0,1
2021-10-27T00:00:00.000Z,אתיופיה,11,6,17
2021-10-27T00:00:00.000Z,ארצות הברית,993,797,1790
2021-10-27T00:00:00.000Z,ארמניה,11,0,11
2021-10-27T00:00:00.000Z,ארגנטינה,0,1,1
2021-10-27T00:00:00.000Z,אקואדור,4,1,5
2021-10-27T00:00:00.000Z,אסטוניה,1,0,1
2021-10-27T00:00:00.000Z,אנגולה,0,1,1
2021-10-27T00:00:00.000Z,אלבניה,2,0,2
2021-10-27T00:00:00.000Z,אירלנד,6,3,9
2021-10-27T00:00:00.000Z,איסלנד,3,0,3
2021-10-27T00:00:00.000Z,אינדונזיה,1,0,1
2021-10-27T00:00:00.000Z,איי סיישל,87,9,96
2021-10-27T00:00:00.000Z,איי טורקס וקייקוס,7,3,10
2021-10-27T00:00:00.000Z,איי גילברט ואליס,0,1,1
2021-10-27T00:00:00.000Z,איטליה,457,51,508
2021-10-27T00:00:00.000Z,אזרביג'אן,10,0,10
2021-10-27T00:00:00.000Z,אורגוואי,0,1,1
2021-10-27T00:00:00.000Z,אוקראינה,334,163,497
2021-10-27T00:00:00.000Z,אוסטרליה,2,10,12
2021-10-27T00:00:00.000Z,אוסטריה,266,45,311
2021-10-27T00:00:00.000Z,אוזבקיסטן,1,17,18
2021-10-27T00:00:00.000Z,אוגנדה,3,2,5
2021-10-27T00:00:00.000Z,אבחזיסטאן,0,1,1
2021-10-27T00:00:00.000Z,איחוד האמירויות הערב,140,36,176
2021-10-27T00:00:00.000Z,תורכיה,1180,485,1665
2021-10-28T00:00:00.000Z,תורכיה,1244,396,1640
2021-10-28T00:00:00.000Z,תאילנד,1,6,7
2021-10-28T00:00:00.000Z,שוויץ,115,31,146
2021-10-28T00:00:00.000Z,שוודיה,11,5,16
2021-10-28T00:00:00.000Z,רוסיה,251,178,429
2021-10-28T00:00:00.000Z,דנמרק,62,21,83
2021-10-28T00:00:00.000Z,איחוד האמירויות הערב,542,92,634
2021-10-28T00:00:00.000Z,קמרון,1,0,1
2021-10-28T00:00:00.000Z,קנדה,12,9,21
2021-10-28T00:00:00.000Z,קניה,7,6,13
2021-10-28T00:00:00.000Z,קפריסין,452,67,519
2021-10-28T00:00:00.000Z,קרואטיה,3,1,4
2021-10-28T00:00:00.000Z,רואנדה,4,0,4
2021-10-28T00:00:00.000Z,רומניה,120,29,149
2021-10-28T00:00:00.000Z,קזחסטאן,2,14,16
2021-10-28T00:00:00.000Z,קוריאה הדרומית,1,3,4
2021-10-28T00:00:00.000Z,קוסטה ריקה,4,1,5
2021-10-28T00:00:00.000Z,קונגו,2,0,2
2021-10-28T00:00:00.000Z,קולומביה,3,11,14
2021-10-28T00:00:00.000Z,צרפת,698,394,1092
2021-10-28T00:00:00.000Z,צכיה,228,17,245
2021-10-28T00:00:00.000Z,צ'ילה,3,7,10
2021-10-28T00:00:00.000Z,אבחזיסטאן,4,1,5
2021-10-28T00:00:00.000Z,אוגנדה,7,1,8
2021-10-28T00:00:00.000Z,אוזבקיסטן,6,10,16
2021-10-28T00:00:00.000Z,אוסטריה,419,58,477
2021-10-28T00:00:00.000Z,אוסטרליה,3,1,4
2021-10-28T00:00:00.000Z,אוקראינה,189,103,292
2021-10-28T00:00:00.000Z,אורגוואי,1,2,3
2021-10-28T00:00:00.000Z,אזרביג'אן,91,6,97
2021-10-28T00:00:00.000Z,איטליה,596,70,666
2021-10-28T00:00:00.000Z,איי טורקס וקייקוס,6,2,8
2021-10-28T00:00:00.000Z,איי סיישל,0,1,1
2021-10-28T00:00:00.000Z,איסלנד,5,0,5
2021-10-28T00:00:00.000Z,אירלנד,10,3,13
2021-10-28T00:00:00.000Z,אנגולה,2,2,4
2021-10-28T00:00:00.000Z,אסטוניה,4,0,4
2021-10-28T00:00:00.000Z,אפגניסטן,0,2,2
2021-10-28T00:00:00.000Z,אקואדור,1,0,1
2021-10-28T00:00:00.000Z,ארגנטינה,7,15,22
2021-10-28T00:00:00.000Z,ארמניה,3,2,5
2021-10-28T00:00:00.000Z,ארצות הברית,1050,988,2038
2021-10-28T00:00:00.000Z,אתיופיה,45,17,62
2021-10-28T00:00:00.000Z,בולגריה,115,11,126
2021-10-28T00:00:00.000Z,בחריין,22,8,30
2021-10-28T00:00:00.000Z,בילורוסיה,71,79,150
2021-10-28T00:00:00.000Z,בלגיה,15,13,28
2021-10-28T00:00:00.000Z,בליז,0,1,1
2021-10-28T00:00:00.000Z,ברזיל,11,18,29
2021-10-28T00:00:00.000Z,גאורגיה,670,57,727
2021-10-28T00:00:00.000Z,גאנה,3,1,4
2021-10-28T00:00:00.000Z,גווטאמלה,3,1,4
2021-10-28T00:00:00.000Z,גינאה המשוונית,1,0,1
2021-10-28T00:00:00.000Z,גרמניה,202,66,268
2021-10-28T00:00:00.000Z,תורכמניסטאן,1,2,3
2021-10-28T00:00:00.000Z,דרום אפריקה,28,12,40
2021-10-28T00:00:00.000Z,הודו,20,5,25
2021-10-28T00:00:00.000Z,הולנד,201,50,251
2021-10-28T00:00:00.000Z,הונג קונג,4,16,20
2021-10-28T00:00:00.000Z,הונגריה,570,48,618
2021-10-28T00:00:00.000Z,הממלכה המאוחדת,422,218,640
2021-10-28T00:00:00.000Z,הרפ הדומיניקנית,2,0,2
2021-10-28T00:00:00.000Z,זאיר,2,0,2
2021-10-28T00:00:00.000Z,זמביה,3,10,13
2021-10-28T00:00:00.000Z,חוף השנהב,3,0,3
2021-10-28T00:00:00.000Z,טג'יקיסטאן,3,0,3
2021-10-28T00:00:00.000Z,טוגו,1,0,1
2021-10-28T00:00:00.000Z,טנזניה,8,0,8
2021-10-28T00:00:00.000Z,יוון,607,67,674
2021-10-28T00:00:00.000Z,יפן,1,0,1
2021-10-28T00:00:00.000Z,ירדן,257,57,314
2021-10-28T00:00:00.000Z,כלל המדינות,11940,6587,18527
2021-10-28T00:00:00.000Z,לטביה,2,0,2
2021-10-28T00:00:00.000Z,ליטא,88,22,110
2021-10-28T00:00:00.000Z,מולדובה,55,35,90
2021-10-28T00:00:00.000Z,מונטנגרו,155,1,156
2021-10-28T00:00:00.000Z,מלאווי,1,0,1
2021-10-28T00:00:00.000Z,מלדיבים,12,4,16
2021-10-28T00:00:00.000Z,מצרים,479,90,569
2021-10-28T00:00:00.000Z,מקדוניה,2,0,2
2021-10-28T00:00:00.000Z,מקסיקו,12,21,33
2021-10-28T00:00:00.000Z,מרוקו,124,11,135
2021-10-28T00:00:00.000Z,נורבגיה,7,2,9
2021-10-28T00:00:00.000Z,ניגריה,8,3,11
2021-10-28T00:00:00.000Z,נפאל,4,0,4
2021-10-28T00:00:00.000Z,סין,1,137,138
2021-10-28T00:00:00.000Z,סינגפור,9,0,9
2021-10-28T00:00:00.000Z,סלובניה,1,0,1
2021-10-28T00:00:00.000Z,ספרד,254,59,313
2021-10-28T00:00:00.000Z,סרביה,15,1,16
2021-10-28T00:00:00.000Z,סרי לנקה (צילון),0,1,1
2021-10-28T00:00:00.000Z,ערב הסעודית,1,1,2
2021-10-28T00:00:00.000Z,פולין,95,16,111
2021-10-28T00:00:00.000Z,פורטוגל,257,26,283
2021-10-28T00:00:00.000Z,פיליפינים,2,5,7
2021-10-28T00:00:00.000Z,פינלנד,13,3,16
2021-10-28T00:00:00.000Z,פנמה,3,8,11
2021-10-28T00:00:00.000Z,פרו,1,2,3
2021-10-29T00:00:00.000Z,דומיניקה,2,0,2
2021-10-29T00:00:00.000Z,תורכמניסטאן,2,0,2
2021-10-29T00:00:00.000Z,תאילנד,124,29,153
2021-10-29T00:00:00.000Z,שוויץ,314,75,389
2021-10-29T00:00:00.000Z,שוודיה,18,4,22
2021-10-29T00:00:00.000Z,רוסיה,190,141,331
2021-10-29T00:00:00.000Z,רומניה,162,28,190
2021-10-29T00:00:00.000Z,קרואטיה,17,0,17
2021-10-29T00:00:00.000Z,קפריסין,209,23,232
2021-10-29T00:00:00.000Z,קניה,4,0,4
2021-10-29T00:00:00.000Z,קנדה,101,61,162
2021-10-29T00:00:00.000Z,קמרון,2,1,3
2021-10-29T00:00:00.000Z,קירג'זסטאן,3,0,3
2021-10-29T00:00:00.000Z,קטר,1,0,1
2021-10-29T00:00:00.000Z,קזחסטאן,1,6,7
2021-10-29T00:00:00.000Z,איחוד האמירויות הערב,296,37,333
2021-10-29T00:00:00.000Z,סאו טומה ופרינציפה,3,0,3
2021-10-29T00:00:00.000Z,קוריאה הדרומית,9,3,12
2021-10-29T00:00:00.000Z,קוסטה ריקה,5,5,10
2021-10-29T00:00:00.000Z,אוזבקיסטן,8,14,22
2021-10-29T00:00:00.000Z,אוסטריה,671,49,720
2021-10-29T00:00:00.000Z,אוסטרליה,2,0,2
2021-10-29T00:00:00.000Z,אוקראינה,364,161,525
2021-10-29T00:00:00.000Z,אורגוואי,1,1,2
2021-10-29T00:00:00.000Z,אזרביג'אן,111,6,117
2021-10-29T00:00:00.000Z,איטליה,598,62,660
2021-10-29T00:00:00.000Z,איי טורקס וקייקוס,0,2,2
2021-10-29T00:00:00.000Z,איי סיישל,2,0,2
2021-10-29T00:00:00.000Z,איסלנד,1,0,1
2021-10-29T00:00:00.000Z,אירלנד,6,8,14
2021-10-29T00:00:00.000Z,אלבניה,2,0,2
2021-10-29T00:00:00.000Z,אנגולה,1,0,1
2021-10-29T00:00:00.000Z,אנדורה,1,1,2
2021-10-29T00:00:00.000Z,אסטוניה,2,3,5
2021-10-29T00:00:00.000Z,אקואדור,4,2,6
2021-10-29T00:00:00.000Z,ארגנטינה,8,7,15
2021-10-29T00:00:00.000Z,ארמניה,11,1,12
2021-10-29T00:00:00.000Z,ארצות הברית,1355,551,1906
2021-10-29T00:00:00.000Z,אתיופיה,2,0,2
2021-10-29T00:00:00.000Z,בולגריה,5,3,8
2021-10-29T00:00:00.000Z,בוסניה הרצגובינה,2,6,8
2021-10-29T00:00:00.000Z,בורקינה פאסו,1,0,1
2021-10-29T00:00:00.000Z,בילורוסיה,1,0,1
2021-10-29T00:00:00.000Z,בלגיה,155,86,241
2021-10-29T00:00:00.000Z,בליז,1,0,1
2021-10-29T00:00:00.000Z,ברזיל,9,0,9
2021-10-29T00:00:00.000Z,גאורגיה,385,75,460
2021-10-29T00:00:00.000Z,גאנה,1,0,1
2021-10-29T00:00:00.000Z,גמביה,1,0,1
2021-10-29T00:00:00.000Z,גרמניה,753,149,902
2021-10-29T00:00:00.000Z,גרנדה,1,0,1
2021-10-29T00:00:00.000Z,תורכיה,841,265,1106
2021-10-29T00:00:00.000Z,דנמרק,12,2,14
2021-10-29T00:00:00.000Z,דרום אפריקה,3,0,3
2021-10-29T00:00:00.000Z,הודו,45,4,49
2021-10-29T00:00:00.000Z,הולנד,175,25,200
2021-10-29T00:00:00.000Z,הונגריה,271,10,281
2021-10-29T00:00:00.000Z,הממלכה המאוחדת,507,177,684
2021-10-29T00:00:00.000Z,הרפ הדומיניקנית,2,0,2
2021-10-29T00:00:00.000Z,זאיר,2,0,2
2021-10-29T00:00:00.000Z,חוף השנהב,2,0,2
2021-10-29T00:00:00.000Z,טובלו,1,0,1
2021-10-29T00:00:00.000Z,יוון,564,41,605
2021-10-29T00:00:00.000Z,יפן,0,1,1
2021-10-29T00:00:00.000Z,ירדן,7,2,9
2021-10-29T00:00:00.000Z,כלל המדינות,11483,5040,16523
2021-10-29T00:00:00.000Z,לבנון,5,0,5
2021-10-29T00:00:00.000Z,לוכסמבורג,5,0,5
2021-10-29T00:00:00.000Z,ליטא,6,0,6
2021-10-29T00:00:00.000Z,מאוריציוס,3,0,3
2021-10-29T00:00:00.000Z,מולדובה,3,1,4
2021-10-29T00:00:00.000Z,מונטנגרו,61,8,69
2021-10-29T00:00:00.000Z,מלדיבים,8,0,8
2021-10-29T00:00:00.000Z,מלטה,7,0,7
2021-10-29T00:00:00.000Z,מצרים,295,54,349
2021-10-29T00:00:00.000Z,מקדוניה,13,8,21
2021-10-29T00:00:00.000Z,מקסיקו,12,6,18
2021-10-29T00:00:00.000Z,מרוקו,132,10,142
2021-10-29T00:00:00.000Z,נורבגיה,5,0,5
2021-10-29T00:00:00.000Z,ניגריה,3,0,3
2021-10-29T00:00:00.000Z,ניו זילנד,0,7,7
2021-10-29T00:00:00.000Z,נפאל,4,1,5
2021-10-29T00:00:00.000Z,סיירה ליאונה,0,1,1
2021-10-29T00:00:00.000Z,סין,0,1,1
2021-10-29T00:00:00.000Z,סינגפור,5,5,10
2021-10-29T00:00:00.000Z,סלובניה,5,0,5
2021-10-29T00:00:00.000Z,סלובקיה,3,0,3
2021-10-29T00:00:00.000Z,סנגל,1,0,1
2021-10-29T00:00:00.000Z,ספרד,611,63,674
2021-10-29T00:00:00.000Z,סרביה,11,3,14
2021-10-29T00:00:00.000Z,סרי לנקה (צילון),2,1,3
2021-10-29T00:00:00.000Z,ערב הסעודית,1,0,1
2021-10-29T00:00:00.000Z,פולין,222,30,252
2021-10-29T00:00:00.000Z,פורטוגל,39,9,48
2021-10-29T00:00:00.000Z,פיליפינים,2,10,12
2021-10-29T00:00:00.000Z,פינלנד,31,14,45
2021-10-29T00:00:00.000Z,פנמה,2,0,2
2021-10-29T00:00:00.000Z,צאד,1,0,1
2021-10-29T00:00:00.000Z,צ'ילה,0,6,6
2021-10-29T00:00:00.000Z,צכיה,371,27,398
2021-10-29T00:00:00.000Z,צרפת,684,273,957
2021-10-29T00:00:00.000Z,קולומביה,5,1,6
2021-10-30T00:00:00.000Z,ארמניה,2,0,2
2021-10-30T00:00:00.000Z,ארצות הברית,611,374,985
2021-10-30T00:00:00.000Z,אתיופיה,26,15,41
2021-10-30T00:00:00.000Z,בולגריה,156,15,171
2021-10-30T00:00:00.000Z,בוסניה הרצגובינה,2,1,3
2021-10-30T00:00:00.000Z,בורקינה פאסו,0,1,1
2021-10-30T00:00:00.000Z,בילורוסיה,1,0,1
2021-10-30T00:00:00.000Z,בלגיה,10,5,15
2021-10-30T00:00:00.000Z,בליז,1,0,1
2021-10-30T00:00:00.000Z,ברזיל,0,3,3
2021-10-30T00:00:00.000Z,גאורגיה,133,23,156
2021-10-30T00:00:00.000Z,גאנה,1,0,1
2021-10-30T00:00:00.000Z,גינאה המשוונית,3,0,3
2021-10-30T00:00:00.000Z,גרמניה,210,59,269
2021-10-30T00:00:00.000Z,דנמרק,8,1,9
2021-10-30T00:00:00.000Z,דרום אפריקה,23,5,28
2021-10-30T00:00:00.000Z,הודו,15,3,18
2021-10-30T00:00:00.000Z,הולנד,209,19,228
2021-10-30T00:00:00.000Z,הונג קונג,0,2,2
2021-10-30T00:00:00.000Z,הונגריה,333,23,356
2021-10-30T00:00:00.000Z,הממלכה המאוחדת,333,99,432
2021-10-30T00:00:00.000Z,זמביה,1,0,1
2021-10-30T00:00:00.000Z,חוף השנהב,2,0,2
2021-10-30T00:00:00.000Z,טוגו,6,1,7
2021-10-30T00:00:00.000Z,טיוואן,0,1,1
2021-10-30T00:00:00.000Z,טנזניה,8,1,9
2021-10-30T00:00:00.000Z,יוון,542,23,565
2021-10-30T00:00:00.000Z,יפן,0,1,1
2021-10-30T00:00:00.000Z,ירדן,135,5,140
2021-10-30T00:00:00.000Z,כלל המדינות,8473,3969,12442
2021-10-30T00:00:00.000Z,לוכסמבורג,3,0,3
2021-10-30T00:00:00.000Z,לטביה,18,7,25
2021-10-30T00:00:00.000Z,ליבריה,0,1,1
2021-10-30T00:00:00.000Z,צכיה,203,7,210
2021-10-30T00:00:00.000Z,צרפת,269,78,347
2021-10-30T00:00:00.000Z,קובה,2,0,2
2021-10-30T00:00:00.000Z,קולומביה,5,12,17
2021-10-30T00:00:00.000Z,קוריאה הדרומית,3,2,5
2021-10-30T00:00:00.000Z,קזחסטאן,2,0,2
2021-10-30T00:00:00.000Z,קירג'זסטאן,1,0,1
2021-10-30T00:00:00.000Z,קנדה,3,3,6
2021-10-30T00:00:00.000Z,קניה,7,1,8
2021-10-30T00:00:00.000Z,קפריסין,562,34,596
2021-10-30T00:00:00.000Z,קרואטיה,5,2,7
2021-10-30T00:00:00.000Z,רואנדה,0,1,1
2021-10-30T00:00:00.000Z,רומניה,186,28,214
2021-10-30T00:00:00.000Z,רוסיה,4,10,14
2021-10-30T00:00:00.000Z,שוודיה,4,2,6
2021-10-30T00:00:00.000Z,שוויץ,48,9,57
2021-10-30T00:00:00.000Z,ליטא,3,1,4
2021-10-30T00:00:00.000Z,תוניסיה,4,0,4
2021-10-30T00:00:00.000Z,תורכיה,1311,322,1633
2021-10-30T00:00:00.000Z,תורכמניסטאן,0,1,1
2021-10-30T00:00:00.000Z,תאילנד,1,0,1
2021-10-30T00:00:00.000Z,איחוד האמירויות הערב,143,45,188
2021-10-30T00:00:00.000Z,אוגנדה,3,0,3
2021-10-30T00:00:00.000Z,אוזבקיסטן,4,7,11
2021-10-30T00:00:00.000Z,אוסטריה,357,22,379
2021-10-30T00:00:00.000Z,אוקראינה,208,42,250
2021-10-30T00:00:00.000Z,איטליה,334,63,397
2021-10-30T00:00:00.000Z,איי טורקס וקייקוס,3,0,3
2021-10-30T00:00:00.000Z,איי סיישל,8,0,8
2021-10-30T00:00:00.000Z,איי קומורו,1,0,1
2021-10-30T00:00:00.000Z,איסלנד,1,0,1
2021-10-30T00:00:00.000Z,אירלנד,6,1,7
2021-10-30T00:00:00.000Z,אלבניה,1,6,7
2021-10-30T00:00:00.000Z,אקואדור,1,0,1
2021-10-30T00:00:00.000Z,ארגנטינה,0,2,2
2021-10-30T00:00:00.000Z,מאוריציוס,1,0,1
2021-10-30T00:00:00.000Z,מוזמביק,2,0,2
2021-10-30T00:00:00.000Z,מולדובה,9,0,9
2021-10-30T00:00:00.000Z,מונטנגרו,1,0,1
2021-10-30T00:00:00.000Z,מלאווי,1,0,1
2021-10-30T00:00:00.000Z,מלדיבים,6,0,6
2021-10-30T00:00:00.000Z,מצרים,1461,130,1591
2021-10-30T00:00:00.000Z,מקסיקו,9,0,9
2021-10-30T00:00:00.000Z,מרוקו,6,1,7
2021-10-30T00:00:00.000Z,נורבגיה,5,12,17
2021-10-30T00:00:00.000Z,ניגריה,8,0,8
2021-10-30T00:00:00.000Z,נמיביה,2,3,5
2021-10-30T00:00:00.000Z,סין,0,6,6
2021-10-30T00:00:00.000Z,סינגפור,5,3,8
2021-10-30T00:00:00.000Z,סלובניה,1,0,1
2021-10-30T00:00:00.000Z,סנגל,3,0,3
2021-10-30T00:00:00.000Z,ספרד,24,2,26
2021-10-30T00:00:00.000Z,סרביה,3,2,5
2021-10-30T00:00:00.000Z,סרי לנקה (צילון),2,1,3
2021-10-30T00:00:00.000Z,ערב הסעודית,25,0,25
2021-10-30T00:00:00.000Z,פולין,149,6,155
2021-10-30T00:00:00.000Z,פולינזיה הצרפתית,0,4,4
2021-10-30T00:00:00.000Z,פורטוגל,23,2,25
2021-10-30T00:00:00.000Z,פיליפינים,0,1,1
2021-10-30T00:00:00.000Z,פינלנד,4,3,7
2021-10-30T00:00:00.000Z,פנמה,2,0,2
2021-10-30T00:00:00.000Z,פרו,5,3,8
2021-10-30T00:00:00.000Z,צ'ילה,0,1,1
2021-10-31T00:00:00.000Z,ליטא,69,11,80
2021-10-31T00:00:00.000Z,מאוריציוס,3,0,3
2021-10-31T00:00:00.000Z,אבחזיסטאן,2,0,2
2021-10-31T00:00:00.000Z,אוגנדה,5,0,5
2021-10-31T00:00:00.000Z,אוזבקיסטן,3,4,7
2021-10-31T00:00:00.000Z,אוסטריה,521,48,569
2021-10-31T00:00:00.000Z,אוסטרליה,2,5,7
2021-10-31T00:00:00.000Z,אוקראינה,325,86,411
2021-10-31T00:00:00.000Z,אורגוואי,1,2,3
2021-10-31T00:00:00.000Z,אזרביג'אן,55,17,72
2021-10-31T00:00:00.000Z,איטליה,1032,116,1148
2021-10-31T00:00:00.000Z,איי גילברט ואליס,0,2,2
2021-10-31T00:00:00.000Z,איי טורקס וקייקוס,7,0,7
2021-10-31T00:00:00.000Z,איסלנד,0,3,3
2021-10-31T00:00:00.000Z,אירלנד,10,3,13
2021-10-31T00:00:00.000Z,אלבניה,2,0,2
2021-10-31T00:00:00.000Z,אנגולה,4,1,5
2021-10-31T00:00:00.000Z,אסטוניה,4,0,4
2021-10-31T00:00:00.000Z,אפגניסטן,0,1,1
2021-10-31T00:00:00.000Z,ארגנטינה,17,2,19
2021-10-31T00:00:00.000Z,ארמניה,2,1,3
2021-10-31T00:00:00.000Z,ארצות הברית,797,625,1422
2021-10-31T00:00:00.000Z,בולגריה,130,5,135
2021-10-31T00:00:00.000Z,בוליביה,2,0,2
2021-10-31T00:00:00.000Z,בחריין,4,0,4
2021-10-31T00:00:00.000Z,בילורוסיה,96,30,126
2021-10-31T00:00:00.000Z,בלגיה,75,54,129
2021-10-31T00:00:00.000Z,ברזיל,9,12,21
2021-10-31T00:00:00.000Z,גאורגיה,980,60,1040
2021-10-31T00:00:00.000Z,גאנה,0,1,1
2021-10-31T00:00:00.000Z,גבון,0,1,1
2021-10-31T00:00:00.000Z,גווטאמלה,3,0,3
2021-10-31T00:00:00.000Z,גויאנה,0,1,1
2021-10-31T00:00:00.000Z,גויאנה הצרפתית,1,0,1
2021-10-31T00:00:00.000Z,גמביה,0,8,8
2021-10-31T00:00:00.000Z,גרמניה,542,163,705
2021-10-31T00:00:00.000Z,דנמרק,60,22,82
2021-10-31T00:00:00.000Z,דרום אפריקה,1,5,6
2021-10-31T00:00:00.000Z,הודו,16,10,26
2021-10-31T00:00:00.000Z,הולנד,396,47,443
2021-10-31T00:00:00.000Z,הונגריה,897,54,951
2021-10-31T00:00:00.000Z,הממלכה המאוחדת,572,211,783
2021-10-31T00:00:00.000Z,הרפ הדומיניקנית,0,1,1
2021-10-31T00:00:00.000Z,זמביה,0,1,1
2021-10-31T00:00:00.000Z,טובלו,0,1,1
2021-10-31T00:00:00.000Z,טנזניה,0,1,1
2021-10-31T00:00:00.000Z,יוון,890,53,943
2021-10-31T00:00:00.000Z,יפן,2,6,8
2021-10-31T00:00:00.000Z,ירדן,329,48,377
2021-10-31T00:00:00.000Z,כלל המדינות,15756,8700,24456
2021-10-31T00:00:00.000Z,לוכסמבורג,3,0,3
2021-10-31T00:00:00.000Z,לטביה,1,0,1
2021-10-31T00:00:00.000Z,מולדובה,104,44,148
2021-10-31T00:00:00.000Z,מונטנגרו,96,3,99
2021-10-31T00:00:00.000Z,מיאנמר (בורמה),0,1,1
2021-10-31T00:00:00.000Z,מלדיבים,21,1,22
2021-10-31T00:00:00.000Z,מלזיה,1,0,1
2021-10-31T00:00:00.000Z,מלטה,3,0,3
2021-10-31T00:00:00.000Z,מצרים,1247,138,1385
2021-10-31T00:00:00.000Z,מקדוניה,2,0,2
2021-10-31T00:00:00.000Z,מקסיקו,1,1,2
2021-10-31T00:00:00.000Z,מרוקו,83,10,93
2021-10-31T00:00:00.000Z,נורבגיה,0,2,2
2021-10-31T00:00:00.000Z,ניגריה,1,0,1
2021-10-31T00:00:00.000Z,נפאל,6,3,9
2021-10-31T00:00:00.000Z,סין,0,6,6
2021-10-31T00:00:00.000Z,סינגפור,2,1,3
2021-10-31T00:00:00.000Z,סלובניה,3,0,3
2021-10-31T00:00:00.000Z,ספרד,493,72,565
2021-10-31T00:00:00.000Z,סרביה,6,0,6
2021-10-31T00:00:00.000Z,סרי לנקה (צילון),4,6,10
2021-10-31T00:00:00.000Z,עומן,0,1,1
2021-10-31T00:00:00.000Z,עירק,1,6,7
2021-10-31T00:00:00.000Z,פולין,219,35,254
2021-10-31T00:00:00.000Z,פולינזיה הצרפתית,2,0,2
2021-10-31T00:00:00.000Z,פורטוגל,149,11,160
2021-10-31T00:00:00.000Z,פיליפינים,1,2,3
2021-10-31T00:00:00.000Z,פינלנד,2,4,6
2021-10-31T00:00:00.000Z,פנמה,2,0,2
2021-10-31T00:00:00.000Z,פרו,3,3,6
2021-10-31T00:00:00.000Z,צ'ילה,1,0,1
2021-10-31T00:00:00.000Z,צכיה,449,23,472
2021-10-31T00:00:00.000Z,צרפת,607,2584,3191
2021-10-31T00:00:00.000Z,קולומביה,1,1,2
2021-10-31T00:00:00.000Z,קוסטה ריקה,4,3,7
2021-10-31T00:00:00.000Z,קוריאה הדרומית,5,18,23
2021-10-31T00:00:00.000Z,קזחסטאן,1,2,3
2021-10-31T00:00:00.000Z,קמרון,1,0,1
2021-10-31T00:00:00.000Z,קנדה,58,76,134
2021-10-31T00:00:00.000Z,קניה,1,0,1
2021-10-31T00:00:00.000Z,קפריסין,625,34,659
2021-10-31T00:00:00.000Z,קרואטיה,2,1,3
2021-10-31T00:00:00.000Z,איחוד האמירויות הערב,697,117,814
2021-10-31T00:00:00.000Z,רואנדה,0,4,4
2021-10-31T00:00:00.000Z,רומניה,161,4,165
2021-10-31T00:00:00.000Z,רוסיה,170,163,333
2021-10-31T00:00:00.000Z,שוודיה,16,26,42
2021-10-31T00:00:00.000Z,שוויץ,261,112,373
2021-10-31T00:00:00.000Z,תאילנד,5,0,5
2021-10-31T00:00:00.000Z,תוניסיה,0,1,1
2021-10-31T00:00:00.000Z,תורכיה,1485,365,1850
2021-10-31T00:00:00.000Z,תורכמניסטאן,2,0,2
2021-11-01T00:00:00.000Z,אנגולה,3,0,3
2021-11-01T00:00:00.000Z,תימן,1,0,1
2021-11-01T00:00:00.000Z,לטביה,0,1,1
2021-11-01T00:00:00.000Z,ליטא,3,0,3
2021-11-01T00:00:00.000Z,מוזמביק,1,0,1
2021-11-01T00:00:00.000Z,מלדיבים,18,2,20
2021-11-01T00:00:00.000Z,מלטה,0,1,1
2021-11-01T00:00:00.000Z,מצרים,557,57,614
2021-11-01T00:00:00.000Z,מקדוניה,1,1,2
2021-11-01T00:00:00.000Z,מקסיקו,14,19,33
2021-11-01T00:00:00.000Z,מרוקו,105,7,112
2021-11-01T00:00:00.000Z,נורבגיה,3,0,3
2021-11-01T00:00:00.000Z,ניגריה,2,3,5
2021-11-01T00:00:00.000Z,נמיביה,1,2,3
2021-11-01T00:00:00.000Z,סלובניה,0,1,1
2021-11-01T00:00:00.000Z,ספרד,404,74,478
2021-11-01T00:00:00.000Z,סרביה,11,1,12
2021-11-01T00:00:00.000Z,סרי לנקה (צילון),2,2,4
2021-11-01T00:00:00.000Z,ערב הסעודית,2,0,2
2021-11-01T00:00:00.000Z,פולין,264,35,299
2021-11-01T00:00:00.000Z,פורטוגל,129,23,152
2021-11-01T00:00:00.000Z,פיליפינים,1,1,2
2021-11-01T00:00:00.000Z,פינלנד,3,25,28
2021-11-01T00:00:00.000Z,פנמה,1,4,5
2021-11-01T00:00:00.000Z,פרו,4,0,4
2021-11-01T00:00:00.000Z,צ'ילה,0,1,1
2021-11-01T00:00:00.000Z,צכיה,539,21,560
2021-11-01T00:00:00.000Z,צרפת,744,429,1173
2021-11-01T00:00:00.000Z,קולומביה,4,8,12
2021-11-01T00:00:00.000Z,קוסובו,0,1,1
2021-11-01T00:00:00.000Z,קוסטה ריקה,3,0,3
2021-11-01T00:00:00.000Z,קוריאה הדרומית,1,1,2
2021-11-01T00:00:00.000Z,קזחסטאן,1,1,2
2021-11-01T00:00:00.000Z,אבחזיסטאן,0,2,2
2021-11-01T00:00:00.000Z,אוגנדה,2,1,3
2021-11-01T00:00:00.000Z,אוזבקיסטן,6,5,11
2021-11-01T00:00:00.000Z,אוסטריה,641,61,702
2021-11-01T00:00:00.000Z,אוסטרליה,5,5,10
2021-11-01T00:00:00.000Z,אוקראינה,533,204,737
2021-11-01T00:00:00.000Z,אורגוואי,1,2,3
2021-11-01T00:00:00.000Z,אזרביג'אן,52,2,54
2021-11-01T00:00:00.000Z,איטליה,766,122,888
2021-11-01T00:00:00.000Z,איי פאלקלנד,1,0,1
2021-11-01T00:00:00.000Z,איסלנד,5,0,5
2021-11-01T00:00:00.000Z,אירלנד,7,9,16
2021-11-01T00:00:00.000Z,אלבניה,4,0,4
2021-11-01T00:00:00.000Z,כלל המדינות,13889,7228,21117
2021-11-01T00:00:00.000Z,אנדורה,1,5,6
2021-11-01T00:00:00.000Z,אסטוניה,0,1,1
2021-11-01T00:00:00.000Z,אקואדור,0,2,2
2021-11-01T00:00:00.000Z,ארמניה,3,5,8
2021-11-01T00:00:00.000Z,ארצות הברית,1131,1017,2148
2021-11-01T00:00:00.000Z,תורכמניסטאן,4,1,5
2021-11-01T00:00:00.000Z,תורכיה,1381,371,1752
2021-11-01T00:00:00.000Z,תוניסיה,6,1,7
2021-11-01T00:00:00.000Z,תאילנד,2,1,3
2021-11-01T00:00:00.000Z,שוויץ,135,123,258
2021-11-01T00:00:00.000Z,שוודיה,6,24,30
2021-11-01T00:00:00.000Z,רוסיה,219,370,589
2021-11-01T00:00:00.000Z,רומניה,246,25,271
2021-11-01T00:00:00.000Z,רואנדה,0,1,1
2021-11-01T00:00:00.000Z,קרואטיה,7,0,7
2021-11-01T00:00:00.000Z,קפריסין,395,60,455
2021-11-01T00:00:00.000Z,קניה,9,29,38
2021-11-01T00:00:00.000Z,קנדה,77,87,164
2021-11-01T00:00:00.000Z,קטר,1,0,1
2021-11-01T00:00:00.000Z,איחוד האמירויות הערב,416,61,477
2021-11-01T00:00:00.000Z,אתיופיה,18,20,38
2021-11-01T00:00:00.000Z,ירדן,27,23,50
2021-11-01T00:00:00.000Z,יפן,0,26,26
2021-11-01T00:00:00.000Z,יוון,720,36,756
2021-11-01T00:00:00.000Z,טרינידד וטובגו,2,0,2
2021-11-01T00:00:00.000Z,טנזניה,0,1,1
2021-11-01T00:00:00.000Z,זמביה,1,0,1
2021-11-01T00:00:00.000Z,זימבאבווה,0,1,1
2021-11-01T00:00:00.000Z,הרפ הדומיניקנית,2,0,2
2021-11-01T00:00:00.000Z,הממלכה המאוחדת,865,351,1216
2021-11-01T00:00:00.000Z,הונדורס,1,0,1
2021-11-01T00:00:00.000Z,הונגריה,641,69,710
2021-11-01T00:00:00.000Z,הולנד,310,69,379
2021-11-01T00:00:00.000Z,הודו,66,74,140
2021-11-01T00:00:00.000Z,דרום סודאן,0,1,1
2021-11-01T00:00:00.000Z,דרום אפריקה,7,13,20
2021-11-01T00:00:00.000Z,דנמרק,12,6,18
2021-11-01T00:00:00.000Z,גרמניה,531,252,783
2021-11-01T00:00:00.000Z,גויאנה הצרפתית,1,0,1
2021-11-01T00:00:00.000Z,גאנה,1,1,2
2021-11-01T00:00:00.000Z,גאורגיה,479,25,504
2021-11-01T00:00:00.000Z,ברזיל,15,4,19
2021-11-01T00:00:00.000Z,בלגיה,185,198,383
2021-11-01T00:00:00.000Z,בחריין,62,2,64
2021-11-01T00:00:00.000Z,בולגריה,247,60,307
2021-11-02T00:00:00.000Z,בוסניה הרצגובינה,1,0,1
2021-11-02T00:00:00.000Z,בילורוסיה,6,1,7
2021-11-02T00:00:00.000Z,בלגיה,199,93,292
2021-11-02T00:00:00.000Z,ברזיל,10,10,20
2021-11-02T00:00:00.000Z,גאורגיה,146,22,168
2021-11-02T00:00:00.000Z,גאנה,2,3,5
2021-11-02T00:00:00.000Z,גויאנה הצרפתית,1,0,1
2021-11-02T00:00:00.000Z,גרמניה,388,229,617
2021-11-02T00:00:00.000Z,דנמרק,9,7,16
2021-11-02T00:00:00.000Z,דרום אפריקה,13,28,41
2021-11-02T00:00:00.000Z,דרום סודאן,1,0,1
2021-11-02T00:00:00.000Z,הודו,8,16,24
2021-11-02T00:00:00.000Z,הולנד,362,110,472
2021-11-02T00:00:00.000Z,הונגריה,328,47,375
2021-11-02T00:00:00.000Z,הממלכה המאוחדת,488,227,715
2021-11-02T00:00:00.000Z,טנזניה,2,0,2
2021-11-02T00:00:00.000Z,טרינידד וטובגו,1,0,1
2021-11-02T00:00:00.000Z,יוון,243,50,293
2021-11-02T00:00:00.000Z,יפן,2,0,2
2021-11-02T00:00:00.000Z,רוסיה,107,108,215
2021-11-02T00:00:00.000Z,שוודיה,10,14,24
2021-11-02T00:00:00.000Z,שוויץ,61,24,85
2021-11-02T00:00:00.000Z,תאילנד,62,200,262
2021-11-02T00:00:00.000Z,תוניסיה,2,0,2
2021-11-02T00:00:00.000Z,תורכיה,1329,498,1827
2021-11-02T00:00:00.000Z,תימן,1,0,1
2021-11-02T00:00:00.000Z,ירדן,40,140,180
2021-11-02T00:00:00.000Z,כלל המדינות,9447,6352,15799
2021-11-02T00:00:00.000Z,לוכסמבורג,1,1,2
2021-11-02T00:00:00.000Z,לטביה,15,19,34
2021-11-02T00:00:00.000Z,אזרביג'אן,1,0,1
2021-11-02T00:00:00.000Z,אוקראינה,68,64,132
2021-11-02T00:00:00.000Z,אוסטרליה,1,2,3
2021-11-02T00:00:00.000Z,אוסטריה,428,55,483
2021-11-02T00:00:00.000Z,אוזבקיסטן,75,64,139
2021-11-02T00:00:00.000Z,אוגנדה,2,32,34
2021-11-02T00:00:00.000Z,קפריסין,147,21,168
2021-11-02T00:00:00.000Z,קניה,4,27,31
2021-11-02T00:00:00.000Z,קנדה,57,110,167
2021-11-02T00:00:00.000Z,קטר,0,1,1
2021-11-02T00:00:00.000Z,קזחסטאן,0,5,5
2021-11-02T00:00:00.000Z,קוריאה הדרומית,1,0,1
2021-11-02T00:00:00.000Z,קוסובו,1,0,1
2021-11-02T00:00:00.000Z,קולומביה,3,13,16
2021-11-02T00:00:00.000Z,צרפת,763,576,1339
2021-11-02T00:00:00.000Z,איי טורקס וקייקוס,2,0,2
2021-11-02T00:00:00.000Z,צכיה,351,16,367
2021-11-02T00:00:00.000Z,צ'ילה,2,7,9
2021-11-02T00:00:00.000Z,פרו,5,2,7
2021-11-02T00:00:00.000Z,פנמה,2,0,2
2021-11-02T00:00:00.000Z,פינלנד,10,12,22
2021-11-02T00:00:00.000Z,פורטוגל,10,3,13
2021-11-02T00:00:00.000Z,פולין,187,53,240
2021-11-02T00:00:00.000Z,ערב הסעודית,0,2,2
2021-11-02T00:00:00.000Z,עומן,0,1,1
2021-11-02T00:00:00.000Z,סרי לנקה (צילון),2,1,3
2021-11-02T00:00:00.000Z,סרביה,2,2,4
2021-11-02T00:00:00.000Z,ספרד,236,61,297
2021-11-02T00:00:00.000Z,סלובקיה,3,0,3
2021-11-02T00:00:00.000Z,סלובניה,0,2,2
2021-11-02T00:00:00.000Z,סינגפור,0,2,2
2021-11-02T00:00:00.000Z,איחוד האמירויות הערב,278,38,316
2021-11-02T00:00:00.000Z,נורבגיה,3,4,7
2021-11-02T00:00:00.000Z,מרוקו,133,4,137
2021-11-02T00:00:00.000Z,מקסיקו,3,8,11
2021-11-02T00:00:00.000Z,מקדוניה,1,0,1
2021-11-02T00:00:00.000Z,מצרים,205,35,240
2021-11-02T00:00:00.000Z,מלטה,3,1,4
2021-11-02T00:00:00.000Z,מלדיבים,4,2,6
2021-11-02T00:00:00.000Z,מונטנגרו,0,1,1
2021-11-02T00:00:00.000Z,מולדובה,4,8,12
2021-11-02T00:00:00.000Z,מאלי,1,0,1
2021-11-02T00:00:00.000Z,מאוריציוס,1,0,1
2021-11-02T00:00:00.000Z,ליטא,31,41,72
2021-11-02T00:00:00.000Z,איטליה,384,79,463
2021-11-02T00:00:00.000Z,איי קייפ וורדה,0,3,3
2021-11-02T00:00:00.000Z,איסלנד,1,0,1
2021-11-02T00:00:00.000Z,אירלנד,8,5,13
2021-11-02T00:00:00.000Z,אלבניה,1,0,1
2021-11-02T00:00:00.000Z,אנטיגואה וברבודה,1,1,2
2021-11-02T00:00:00.000Z,אסטוניה,2,1,3
2021-11-02T00:00:00.000Z,ארגנטינה,10,9,19
2021-11-02T00:00:00.000Z,ארמניה,2,0,2
2021-11-02T00:00:00.000Z,ארצות הברית,1316,1061,2377
2021-11-02T00:00:00.000Z,אתיופיה,15,10,25
2021-11-02T00:00:00.000Z,בוטן,2,7,9
2021-11-02T00:00:00.000Z,בולגריה,0,6,6
2021-11-02T00:00:00.000Z,רומניה,135,65,200
2021-11-03T00:00:00.000Z,איחוד האמירויות הערב,271,76,347
2021-11-03T00:00:00.000Z,רוסיה,129,145,274
2021-11-03T00:00:00.000Z,רומניה,86,25,111
2021-11-03T00:00:00.000Z,קרואטיה,8,0,8
2021-11-03T00:00:00.000Z,קפריסין,229,41,270
2021-11-03T00:00:00.000Z,קניה,6,51,57
2021-11-03T00:00:00.000Z,קנדה,64,109,173
2021-11-03T00:00:00.000Z,קירג'זסטאן,1,0,1
2021-11-03T00:00:00.000Z,קוריאה הדרומית,4,3,7
2021-11-03T00:00:00.000Z,קוסטה ריקה,6,5,11
2021-11-03T00:00:00.000Z,קוסובו,1,0,1
2021-11-03T00:00:00.000Z,קולומביה,2,6,8
2021-11-03T00:00:00.000Z,צרפת,544,487,1031
2021-11-03T00:00:00.000Z,צכיה,174,24,198
2021-11-03T00:00:00.000Z,צ'ילה,0,1,1
2021-11-03T00:00:00.000Z,פרו,3,5,8
2021-11-03T00:00:00.000Z,פרגוואי,0,1,1
2021-11-03T00:00:00.000Z,פנמה,0,4,4
2021-11-03T00:00:00.000Z,פינלנד,7,3,10
2021-11-03T00:00:00.000Z,פיליפינים,0,3,3
2021-11-03T00:00:00.000Z,פורטוגל,13,2,15
2021-11-03T00:00:00.000Z,פולין,62,14,76
2021-11-03T00:00:00.000Z,סרי לנקה (צילון),2,12,14
2021-11-03T00:00:00.000Z,סרביה,12,7,19
2021-11-03T00:00:00.000Z,ספרד,170,54,224
2021-11-03T00:00:00.000Z,סנגל,1,0,1
2021-11-03T00:00:00.000Z,סלובקיה,0,1,1
2021-11-03T00:00:00.000Z,סלובניה,0,2,2
2021-11-03T00:00:00.000Z,סינגפור,1,9,10
2021-11-03T00:00:00.000Z,סין,1,15,16
2021-11-03T00:00:00.000Z,ניגריה,8,1,9
2021-11-03T00:00:00.000Z,נורבגיה,4,4,8
2021-11-03T00:00:00.000Z,מרוקו,50,11,61
2021-11-03T00:00:00.000Z,מקסיקו,7,7,14
2021-11-03T00:00:00.000Z,מצרים,244,52,296
2021-11-03T00:00:00.000Z,מלטה,4,15,19
2021-11-03T00:00:00.000Z,מלדיבים,22,9,31
2021-11-03T00:00:00.000Z,מונטנגרו,67,2,69
2021-11-03T00:00:00.000Z,מולדובה,1,0,1
2021-11-03T00:00:00.000Z,מאוריציוס,2,0,2
2021-11-03T00:00:00.000Z,ליטא,1,0,1
2021-11-03T00:00:00.000Z,לטביה,0,1,1
2021-11-03T00:00:00.000Z,לוכסמבורג,1,0,1
2021-11-03T00:00:00.000Z,כלל המדינות,7543,5763,13306
2021-11-03T00:00:00.000Z,ירדן,103,28,131
2021-11-03T00:00:00.000Z,יפן,1,1,2
2021-11-03T00:00:00.000Z,יוון,142,44,186
2021-11-03T00:00:00.000Z,שוודיה,6,13,19
2021-11-03T00:00:00.000Z,זמביה,4,0,4
2021-11-03T00:00:00.000Z,זימבאבווה,4,0,4
2021-11-03T00:00:00.000Z,שוויץ,103,63,166
2021-11-03T00:00:00.000Z,ונצואלה,0,3,3
2021-11-03T00:00:00.000Z,ויטנאם,1,0,1
2021-11-03T00:00:00.000Z,הרפ הדומיניקנית,0,1,1
2021-11-03T00:00:00.000Z,הממלכה המאוחדת,513,259,772
2021-11-03T00:00:00.000Z,הונגריה,187,39,226
2021-11-03T00:00:00.000Z,הולנד,81,44,125
2021-11-03T00:00:00.000Z,הודו,22,2,24
2021-11-03T00:00:00.000Z,דרום אפריקה,14,5,19
2021-11-03T00:00:00.000Z,דנמרק,9,1,10
2021-11-03T00:00:00.000Z,גרמניה,288,212,500
2021-11-03T00:00:00.000Z,גאנה,3,1,4
2021-11-03T00:00:00.000Z,גאורגיה,45,13,58
2021-11-03T00:00:00.000Z,ברזיל,6,10,16
2021-11-03T00:00:00.000Z,בלגיה,26,21,47
2021-11-03T00:00:00.000Z,בילורוסיה,3,0,3
2021-11-03T00:00:00.000Z,בוסניה הרצגובינה,6,1,7
2021-11-03T00:00:00.000Z,בולגריה,83,26,109
2021-11-03T00:00:00.000Z,בוטסואנה,1,1,2
2021-11-03T00:00:00.000Z,בוטן,1,0,1
2021-11-03T00:00:00.000Z,אתיופיה,15,10,25
2021-11-03T00:00:00.000Z,ארצות הברית,968,868,1836
2021-11-03T00:00:00.000Z,ארמניה,1,0,1
2021-11-03T00:00:00.000Z,ארגנטינה,10,6,16
2021-11-03T00:00:00.000Z,אקואדור,4,5,9
2021-11-03T00:00:00.000Z,אסטוניה,2,2,4
2021-11-03T00:00:00.000Z,אנדורה,1,0,1
2021-11-03T00:00:00.000Z,אנגולה,1,0,1
2021-11-03T00:00:00.000Z,אירלנד,9,5,14
2021-11-03T00:00:00.000Z,איסלנד,3,2,5
2021-11-03T00:00:00.000Z,איי סיישל,67,2,69
2021-11-03T00:00:00.000Z,איי גילברט ואליס,1,0,1
2021-11-03T00:00:00.000Z,איטליה,390,138,528
2021-11-03T00:00:00.000Z,אזרביג'אן,1,0,1
2021-11-03T00:00:00.000Z,אורגוואי,1,0,1
2021-11-03T00:00:00.000Z,אוקראינה,350,234,584
2021-11-03T00:00:00.000Z,אוסטרליה,0,28,28
2021-11-03T00:00:00.000Z,אוסטריה,145,54,199
2021-11-03T00:00:00.000Z,אוזבקיסטן,11,15,26
2021-11-03T00:00:00.000Z,אוגנדה,2,2,4
2021-11-03T00:00:00.000Z,אבחזיסטאן,8,4,12
2021-11-03T00:00:00.000Z,תאילנד,3,1,4
2021-11-03T00:00:00.000Z,תורכיה,864,293,1157
2021-11-03T00:00:00.000Z,תימן,1,0,1
2021-11-03T00:00:00.000Z,טנזניה,137,7,144
2021-11-04T00:00:00.000Z,בילורוסיה,74,40,114
2021-11-04T00:00:00.000Z,בחריין,14,10,24
2021-11-04T00:00:00.000Z,בוסניה הרצגובינה,2,0,2
2021-11-04T00:00:00.000Z,בולגריה,76,13,89
2021-11-04T00:00:00.000Z,אתיופיה,37,24,61
2021-11-04T00:00:00.000Z,ארצות הברית,1037,985,2022
2021-11-04T00:00:00.000Z,ארמניה,1,0,1
2021-11-04T00:00:00.000Z,ארגנטינה,4,35,39
2021-11-04T00:00:00.000Z,אקואדור,0,2,2
2021-11-04T00:00:00.000Z,אסטוניה,1,0,1
2021-11-04T00:00:00.000Z,אנגולה,4,0,4
2021-11-04T00:00:00.000Z,אלבניה,3,1,4
2021-11-04T00:00:00.000Z,אירלנד,12,7,19
2021-11-04T00:00:00.000Z,איסלנד,1,0,1
2021-11-04T00:00:00.000Z,איי טורקס וקייקוס,4,0,4
2021-11-04T00:00:00.000Z,דרום אפריקה,29,23,52
2021-11-04T00:00:00.000Z,איטליה,824,193,1017
2021-11-04T00:00:00.000Z,אזרביג'אן,59,4,63
2021-11-04T00:00:00.000Z,אוקראינה,215,212,427
2021-11-04T00:00:00.000Z,דרום סודאן,0,1,1
2021-11-04T00:00:00.000Z,הודו,27,7,34
2021-11-04T00:00:00.000Z,דומיניקה,3,0,3
2021-11-04T00:00:00.000Z,תורכמניסטאן,3,1,4
2021-11-04T00:00:00.000Z,תורכיה,1239,440,1679
2021-11-04T00:00:00.000Z,תוניסיה,0,1,1
2021-11-04T00:00:00.000Z,תאילנד,3,0,3
2021-11-04T00:00:00.000Z,שוויץ,92,38,130
2021-11-04T00:00:00.000Z,שוודיה,4,8,12
2021-11-04T00:00:00.000Z,רוסיה,156,184,340
2021-11-04T00:00:00.000Z,רומניה,53,15,68
2021-11-04T00:00:00.000Z,רואנדה,1,0,1
2021-11-04T00:00:00.000Z,קפריסין,359,69,428
2021-11-04T00:00:00.000Z,קניה,16,1,17
2021-11-04T00:00:00.000Z,קנדה,15,20,35
2021-11-04T00:00:00.000Z,קירג'זסטאן,2,2,4
2021-11-04T00:00:00.000Z,קטר,2,0,2
2021-11-04T00:00:00.000Z,קזחסטאן,1,1,2
2021-11-04T00:00:00.000Z,קוריאה הדרומית,8,2,10
2021-11-04T00:00:00.000Z,קוסטה ריקה,4,1,5
2021-11-04T00:00:00.000Z,קוסובו,1,0,1
2021-11-04T00:00:00.000Z,קולומביה,3,5,8
2021-11-04T00:00:00.000Z,צרפת,524,543,1067
2021-11-04T00:00:00.000Z,צכיה,316,28,344
2021-11-04T00:00:00.000Z,פרו,8,5,13
2021-11-04T00:00:00.000Z,פנמה,4,4,8
2021-11-04T00:00:00.000Z,פינלנד,11,9,20
2021-11-04T00:00:00.000Z,פיליפינים,2,16,18
2021-11-04T00:00:00.000Z,פורטוגל,278,26,304
2021-11-04T00:00:00.000Z,פורטו ריקו,0,3,3
2021-11-04T00:00:00.000Z,פולין,149,48,197
2021-11-04T00:00:00.000Z,ערב הסעודית,2,1,3
2021-11-04T00:00:00.000Z,עירק,0,1,1
2021-11-04T00:00:00.000Z,סרי לנקה (צילון),2,2,4
2021-11-04T00:00:00.000Z,סרביה,10,2,12
2021-11-04T00:00:00.000Z,ספרד,269,45,314
2021-11-04T00:00:00.000Z,סלובקיה,0,2,2
2021-11-04T00:00:00.000Z,סלובניה,1,0,1
2021-11-04T00:00:00.000Z,סינגפור,0,1,1
2021-11-04T00:00:00.000Z,סין,2,21,23
2021-11-04T00:00:00.000Z,נפאל,1,0,1
2021-11-04T00:00:00.000Z,נמיביה,22,0,22
2021-11-04T00:00:00.000Z,ניו זילנד,0,2,2
2021-11-04T00:00:00.000Z,ניגריה,1,1,2
2021-11-04T00:00:00.000Z,ניגר,1,0,1
2021-11-04T00:00:00.000Z,נורבגיה,5,86,91
2021-11-04T00:00:00.000Z,מרוקו,174,7,181
2021-11-04T00:00:00.000Z,מקסיקו,14,17,31
2021-11-04T00:00:00.000Z,מקדוניה,2,0,2
2021-11-04T00:00:00.000Z,מצרים,272,50,322
2021-11-04T00:00:00.000Z,מלדיבים,5,4,9
2021-11-04T00:00:00.000Z,מלאווי,1,0,1
2021-11-04T00:00:00.000Z,מונטנגרו,69,1,70
2021-11-04T00:00:00.000Z,מולדובה,60,48,108
2021-11-04T00:00:00.000Z,ליטא,34,18,52
2021-11-04T00:00:00.000Z,לוכסמבורג,0,2,2
2021-11-04T00:00:00.000Z,כלל המדינות,11706,6921,18627
2021-11-04T00:00:00.000Z,ירדן,101,39,140
2021-11-04T00:00:00.000Z,יפן,0,2,2
2021-11-04T00:00:00.000Z,יוון,272,37,309
2021-11-04T00:00:00.000Z,טנזניה,9,0,9
2021-11-04T00:00:00.000Z,טוגו,1,0,1
2021-11-04T00:00:00.000Z,טג'יקיסטאן,1,0,1
2021-11-04T00:00:00.000Z,זמביה,7,3,10
2021-11-04T00:00:00.000Z,ונצואלה,1,1,2
2021-11-04T00:00:00.000Z,הרפ הדומיניקנית,0,1,1
2021-11-04T00:00:00.000Z,איחוד האמירויות הערב,584,63,647
2021-11-04T00:00:00.000Z,הממלכה המאוחדת,479,362,841
2021-11-04T00:00:00.000Z,אוסטרליה,1,10,11
2021-11-04T00:00:00.000Z,אוסטריה,333,56,389
2021-11-04T00:00:00.000Z,אוזבקיסטן,3,9,12
2021-11-04T00:00:00.000Z,אוגנדה,8,1,9
2021-11-04T00:00:00.000Z,הונדורס,1,0,1
2021-11-04T00:00:00.000Z,הונגריה,605,80,685
2021-11-04T00:00:00.000Z,הונג קונג,2,6,8
2021-11-04T00:00:00.000Z,הולנד,323,155,478
2021-11-04T00:00:00.000Z,גרמניה,346,194,540
2021-11-04T00:00:00.000Z,גינאה המשוונית,0,1,1
2021-11-04T00:00:00.000Z,גיברלטר,1,0,1
2021-11-04T00:00:00.000Z,גויאנה הצרפתית,1,0,1
2021-11-04T00:00:00.000Z,גבון,1,0,1
2021-11-04T00:00:00.000Z,גאנה,4,3,7
2021-11-04T00:00:00.000Z,גאורגיה,621,76,697
2021-11-04T00:00:00.000Z,ברזיל,9,13,22
2021-11-04T00:00:00.000Z,בנין (דהומי),1,13,14
2021-11-04T00:00:00.000Z,בלגיה,55,95,150
2021-11-04T00:00:00.000Z,דנמרק,14,18,32
2021-11-05T00:00:00.000Z,יפן,0,3,3
2021-11-05T00:00:00.000Z,כלל המדינות,10698,4998,15696
2021-11-05T00:00:00.000Z,לוכסמבורג,5,2,7
2021-11-05T00:00:00.000Z,לטביה,2,6,8
2021-11-05T00:00:00.000Z,ליטא,7,2,9
2021-11-05T00:00:00.000Z,מולדובה,1,0,1
2021-11-05T00:00:00.000Z,מונטנגרו,4,0,4
2021-11-05T00:00:00.000Z,מונקו,0,1,1
2021-11-05T00:00:00.000Z,מלדיבים,4,1,5
2021-11-05T00:00:00.000Z,מלטה,3,2,5
2021-11-05T00:00:00.000Z,מצרים,226,39,265
2021-11-05T00:00:00.000Z,מקדוניה,1,0,1
2021-11-05T00:00:00.000Z,מקסיקו,8,4,12
2021-11-05T00:00:00.000Z,מרוקו,101,16,117
2021-11-05T00:00:00.000Z,נורבגיה,4,6,10
2021-11-05T00:00:00.000Z,ניגריה,6,1,7
2021-11-05T00:00:00.000Z,נפאל,1,3,4
2021-11-05T00:00:00.000Z,סין,1,1,2
2021-11-05T00:00:00.000Z,סינגפור,0,1,1
2021-11-05T00:00:00.000Z,ספרד,378,67,445
2021-11-05T00:00:00.000Z,סרביה,6,4,10
2021-11-05T00:00:00.000Z,סרי לנקה (צילון),0,2,2
2021-11-05T00:00:00.000Z,ערב הסעודית,1,0,1
2021-11-05T00:00:00.000Z,פולין,265,98,363
2021-11-05T00:00:00.000Z,פורטוגל,34,6,40
2021-11-05T00:00:00.000Z,פיליפינים,2,1,3
2021-11-05T00:00:00.000Z,פינלנד,8,4,12
2021-11-05T00:00:00.000Z,פנמה,3,1,4
2021-11-05T00:00:00.000Z,פרגוואי,1,0,1
2021-11-05T00:00:00.000Z,פרו,1,0,1
2021-11-05T00:00:00.000Z,צכיה,626,32,658
2021-11-05T00:00:00.000Z,צרפת,383,292,675
2021-11-05T00:00:00.000Z,קולומביה,0,3,3
2021-11-05T00:00:00.000Z,קוסטה ריקה,9,3,12
2021-11-05T00:00:00.000Z,קוריאה הדרומית,2,2,4
2021-11-05T00:00:00.000Z,קזחסטאן,1,1,2
2021-11-05T00:00:00.000Z,קירג'זסטאן,1,0,1
2021-11-05T00:00:00.000Z,קנדה,103,109,212
2021-11-05T00:00:00.000Z,קניה,3,1,4
2021-11-05T00:00:00.000Z,קפריסין,182,50,232
2021-11-05T00:00:00.000Z,קרואטיה,1,1,2
2021-11-05T00:00:00.000Z,רומניה,157,42,199
2021-11-05T00:00:00.000Z,רוסיה,127,83,210
2021-11-05T00:00:00.000Z,שוודיה,6,7,13
2021-11-05T00:00:00.000Z,שוויץ,222,123,345
2021-11-05T00:00:00.000Z,ירדן,1,3,4
2021-11-05T00:00:00.000Z,תוניסיה,1,0,1
2021-11-05T00:00:00.000Z,תורכיה,1034,324,1358
2021-11-05T00:00:00.000Z,תורכמניסטאן,1,0,1
2021-11-05T00:00:00.000Z,איחוד האמירויות הערב,171,33,204
2021-11-05T00:00:00.000Z,יוון,401,44,445
2021-11-05T00:00:00.000Z,טנזניה,1,2,3
2021-11-05T00:00:00.000Z,טיוואן,0,1,1
2021-11-05T00:00:00.000Z,טוגו,1,0,1
2021-11-05T00:00:00.000Z,חוף השנהב,2,0,2
2021-11-05T00:00:00.000Z,ונצואלה,0,1,1
2021-11-05T00:00:00.000Z,ויטנאם,1,0,1
2021-11-05T00:00:00.000Z,הממלכה המאוחדת,489,233,722
2021-11-05T00:00:00.000Z,הונגריה,579,47,626
2021-11-05T00:00:00.000Z,הולנד,411,64,475
2021-11-05T00:00:00.000Z,הודו,24,2,26
2021-11-05T00:00:00.000Z,דרום אפריקה,3,2,5
2021-11-05T00:00:00.000Z,דנמרק,8,6,14
2021-11-05T00:00:00.000Z,גרמניה,721,306,1027
2021-11-05T00:00:00.000Z,גמביה,1,0,1
2021-11-05T00:00:00.000Z,גינאה,5,0,5
2021-11-05T00:00:00.000Z,גווטאמלה,2,0,2
2021-11-05T00:00:00.000Z,גאורגיה,140,20,160
2021-11-05T00:00:00.000Z,ברזיל,11,12,23
2021-11-05T00:00:00.000Z,בלגיה,93,62,155
2021-11-05T00:00:00.000Z,בילורוסיה,1,1,2
2021-11-05T00:00:00.000Z,בוסניה הרצגובינה,2,0,2
2021-11-05T00:00:00.000Z,בולגריה,199,21,220
2021-11-05T00:00:00.000Z,ארצות הברית,1222,659,1881
2021-11-05T00:00:00.000Z,ארמניה,1,1,2
2021-11-05T00:00:00.000Z,ארגנטינה,4,4,8
2021-11-05T00:00:00.000Z,אקואדור,4,1,5
2021-11-05T00:00:00.000Z,אסטוניה,1,0,1
2021-11-05T00:00:00.000Z,אנגולה,4,0,4
2021-11-05T00:00:00.000Z,אלבניה,3,3,6
2021-11-05T00:00:00.000Z,אירלנד,15,6,21
2021-11-05T00:00:00.000Z,איי סיישל,2,0,2
2021-11-05T00:00:00.000Z,איי טורקס וקייקוס,3,0,3
2021-11-05T00:00:00.000Z,איטליה,580,72,652
2021-11-05T00:00:00.000Z,אזרביג'אן,71,3,74
2021-11-05T00:00:00.000Z,אורגוואי,0,1,1
2021-11-05T00:00:00.000Z,אוקראינה,288,262,550
2021-11-05T00:00:00.000Z,אוסטרליה,1,3,4
2021-11-05T00:00:00.000Z,אוסטריה,520,91,611
2021-11-05T00:00:00.000Z,אוזבקיסטן,7,6,13
2021-11-05T00:00:00.000Z,אוגנדה,4,0,4
2021-11-05T00:00:00.000Z,תאילנד,90,12,102
2021-11-06T00:00:00.000Z,ארצות הברית,544,634,1178
2021-11-06T00:00:00.000Z,תורכמניסטאן,1,1,2
2021-11-06T00:00:00.000Z,תורכיה,979,272,1251
2021-11-06T00:00:00.000Z,תוניסיה,2,0,2
2021-11-06T00:00:00.000Z,תאילנד,3,1,4
2021-11-06T00:00:00.000Z,שוויץ,41,22,63
2021-11-06T00:00:00.000Z,שוודיה,7,9,16
2021-11-06T00:00:00.000Z,רפ מרכז אפריקנית,1,0,1
2021-11-06T00:00:00.000Z,רוסיה,3,5,8
2021-11-06T00:00:00.000Z,רומניה,211,64,275
2021-11-06T00:00:00.000Z,רואנדה,1,0,1
2021-11-06T00:00:00.000Z,קרואטיה,1,8,9
2021-11-06T00:00:00.000Z,קפריסין,521,51,572
2021-11-06T00:00:00.000Z,קניה,6,3,9
2021-11-06T00:00:00.000Z,קנדה,9,11,20
2021-11-06T00:00:00.000Z,קמבודיה,0,15,15
2021-11-06T00:00:00.000Z,קזחסטאן,2,0,2
2021-11-06T00:00:00.000Z,קוריאה הדרומית,0,6,6
2021-11-06T00:00:00.000Z,קוסטה ריקה,5,0,5
2021-11-06T00:00:00.000Z,קונגו,1,0,1
2021-11-06T00:00:00.000Z,קולומביה,2,8,10
2021-11-06T00:00:00.000Z,קובה,0,2,2
2021-11-06T00:00:00.000Z,צרפת,393,328,721
2021-11-06T00:00:00.000Z,צכיה,494,17,511
2021-11-06T00:00:00.000Z,צ'ילה,2,0,2
2021-11-06T00:00:00.000Z,פרו,2,0,2
2021-11-06T00:00:00.000Z,פנמה,1,2,3
2021-11-06T00:00:00.000Z,פינלנד,13,8,21
2021-11-06T00:00:00.000Z,פיליפינים,0,2,2
2021-11-06T00:00:00.000Z,פורטוגל,124,21,145
2021-11-06T00:00:00.000Z,פולינזיה הצרפתית,1,0,1
2021-11-06T00:00:00.000Z,פולין,193,25,218
2021-11-06T00:00:00.000Z,ערב הסעודית,1,0,1
2021-11-06T00:00:00.000Z,סרי לנקה (צילון),0,1,1
2021-11-06T00:00:00.000Z,אבחזיסטאן,1,0,1
2021-11-06T00:00:00.000Z,אוגנדה,9,1,10
2021-11-06T00:00:00.000Z,אוזבקיסטן,2,9,11
2021-11-06T00:00:00.000Z,אוסטריה,205,21,226
2021-11-06T00:00:00.000Z,אוסטרליה,9,0,9
2021-11-06T00:00:00.000Z,אוקראינה,126,93,219
2021-11-06T00:00:00.000Z,אורגוואי,1,0,1
2021-11-06T00:00:00.000Z,אזרביג'אן,4,0,4
2021-11-06T00:00:00.000Z,איטליה,1085,115,1200
2021-11-06T00:00:00.000Z,איי סיישל,2,0,2
2021-11-06T00:00:00.000Z,אירלנד,13,5,18
2021-11-06T00:00:00.000Z,אל סלבדור,0,2,2
2021-11-06T00:00:00.000Z,אלבניה,3,0,3
2021-11-06T00:00:00.000Z,אסטוניה,1,4,5
2021-11-06T00:00:00.000Z,ארגנטינה,2,2,4
2021-11-06T00:00:00.000Z,ארמניה,2,0,2
2021-11-06T00:00:00.000Z,איחוד האמירויות הערב,259,49,308
2021-11-06T00:00:00.000Z,אתיופיה,26,8,34
2021-11-06T00:00:00.000Z,בולגריה,6,1,7
2021-11-06T00:00:00.000Z,בוסניה הרצגובינה,1,0,1
2021-11-06T00:00:00.000Z,בחריין,10,3,13
2021-11-06T00:00:00.000Z,בלגיה,64,53,117
2021-11-06T00:00:00.000Z,ברזיל,5,5,10
2021-11-06T00:00:00.000Z,גאורגיה,226,27,253
2021-11-06T00:00:00.000Z,גאנה,5,2,7
2021-11-06T00:00:00.000Z,גויאנה הצרפתית,1,0,1
2021-11-06T00:00:00.000Z,גרמניה,281,135,416
2021-11-06T00:00:00.000Z,דנמרק,21,11,32
2021-11-06T00:00:00.000Z,דרום אפריקה,19,14,33
2021-11-06T00:00:00.000Z,דרום סודאן,1,0,1
2021-11-06T00:00:00.000Z,הודו,16,18,34
2021-11-06T00:00:00.000Z,הולנד,223,21,244
2021-11-06T00:00:00.000Z,הונג קונג,0,196,196
2021-11-06T00:00:00.000Z,הונגריה,292,18,310
2021-11-06T00:00:00.000Z,הממלכה המאוחדת,384,199,583
2021-11-06T00:00:00.000Z,הרפ הדומיניקנית,0,21,21
2021-11-06T00:00:00.000Z,ויטנאם,0,2,2
2021-11-06T00:00:00.000Z,זאיר,1,0,1
2021-11-06T00:00:00.000Z,זימבאבווה,1,0,1
2021-11-06T00:00:00.000Z,זמביה,1,1,2
2021-11-06T00:00:00.000Z,חוף השנהב,1,0,1
2021-11-06T00:00:00.000Z,טנזניה,14,0,14
2021-11-06T00:00:00.000Z,יוון,224,23,247
2021-11-06T00:00:00.000Z,יפן,0,5,5
2021-11-06T00:00:00.000Z,ירדן,14,7,21
2021-11-06T00:00:00.000Z,כלל המדינות,9141,4279,13420
2021-11-06T00:00:00.000Z,לטביה,24,26,50
2021-11-06T00:00:00.000Z,ליטא,41,34,75
2021-11-06T00:00:00.000Z,מוזמביק,3,0,3
2021-11-06T00:00:00.000Z,מלאווי,0,5,5
2021-11-06T00:00:00.000Z,מלדיבים,8,0,8
2021-11-06T00:00:00.000Z,מלטה,109,6,115
2021-11-06T00:00:00.000Z,מצרים,1219,99,1318
2021-11-06T00:00:00.000Z,מקדוניה,1,0,1
2021-11-06T00:00:00.000Z,מקסיקו,5,3,8
2021-11-06T00:00:00.000Z,מרוקו,1,1,2
2021-11-06T00:00:00.000Z,נורבגיה,10,6,16
2021-11-06T00:00:00.000Z,ניגריה,4,0,4
2021-11-06T00:00:00.000Z,נפאל,3,0,3
2021-11-06T00:00:00.000Z,סין,0,1,1
2021-11-06T00:00:00.000Z,סינגפור,0,2,2
2021-11-06T00:00:00.000Z,סנגל,1,0,1
2021-11-06T00:00:00.000Z,ספרד,239,47,286
2021-11-06T00:00:00.000Z,סרביה,2,0,2
2021-11-07T00:00:00.000Z,ירדן,544,140,684
2021-11-07T00:00:00.000Z,ארצות הברית,637,710,1347
2021-11-07T00:00:00.000Z,שוויץ,282,156,438
2021-11-07T00:00:00.000Z,שוודיה,28,34,62
2021-11-07T00:00:00.000Z,רוסיה,127,103,230
2021-11-07T00:00:00.000Z,רומניה,84,6,90
2021-11-07T00:00:00.000Z,רואנדה,1,0,1
2021-11-07T00:00:00.000Z,קרואטיה,2,4,6
2021-11-07T00:00:00.000Z,קפריסין,658,76,734
2021-11-07T00:00:00.000Z,קניה,1,0,1
2021-11-07T00:00:00.000Z,קנדה,54,95,149
2021-11-07T00:00:00.000Z,קמרון,2,0,2
2021-11-07T00:00:00.000Z,קמבודיה,0,1,1
2021-11-07T00:00:00.000Z,קירג'זסטאן,3,0,3
2021-11-07T00:00:00.000Z,קזחסטאן,6,1,7
2021-11-07T00:00:00.000Z,קוריאה הדרומית,4,10,14
2021-11-07T00:00:00.000Z,קוסטה ריקה,2,3,5
2021-11-07T00:00:00.000Z,קוסובו,1,0,1
2021-11-07T00:00:00.000Z,קולומביה,2,2,4
2021-11-07T00:00:00.000Z,צרפת,708,507,1215
2021-11-07T00:00:00.000Z,צכיה,877,27,904
2021-11-07T00:00:00.000Z,צ'ילה,2,0,2
2021-11-07T00:00:00.000Z,פרו,2,1,3
2021-11-07T00:00:00.000Z,פינלנד,2,0,2
2021-11-07T00:00:00.000Z,פיליפינים,0,9,9
2021-11-07T00:00:00.000Z,פורטוגל,82,21,103
2021-11-07T00:00:00.000Z,פורטו ריקו,0,10,10
2021-11-07T00:00:00.000Z,פולינזיה הצרפתית,1,0,1
2021-11-07T00:00:00.000Z,פולין,447,87,534
2021-11-07T00:00:00.000Z,פאפואה,2,0,2
2021-11-07T00:00:00.000Z,עומן,2,1,3
2021-11-07T00:00:00.000Z,סרי לנקה (צילון),3,3,6
2021-11-07T00:00:00.000Z,סרביה,6,17,23
2021-11-07T00:00:00.000Z,ספרד,594,150,744
2021-11-07T00:00:00.000Z,סלובקיה,0,10,10
2021-11-07T00:00:00.000Z,סינגפור,3,6,9
2021-11-07T00:00:00.000Z,נפאל,2,2,4
2021-11-07T00:00:00.000Z,ניגריה,2,5,7
2021-11-07T00:00:00.000Z,נורבגיה,3,13,16
2021-11-07T00:00:00.000Z,מרוקו,61,8,69
2021-11-07T00:00:00.000Z,מקסיקו,7,5,12
2021-11-07T00:00:00.000Z,מקאו,1,0,1
2021-11-07T00:00:00.000Z,מצרים,1047,130,1177
2021-11-07T00:00:00.000Z,מלדיבים,14,2,16
2021-11-07T00:00:00.000Z,מונטנגרו,84,3,87
2021-11-07T00:00:00.000Z,מולדובה,50,41,91
2021-11-07T00:00:00.000Z,מאלי,0,1,1
2021-11-07T00:00:00.000Z,מאוריציוס,1,1,2
2021-11-07T00:00:00.000Z,ליטא,57,14,71
2021-11-07T00:00:00.000Z,לטביה,4,0,4
2021-11-07T00:00:00.000Z,לוכסמבורג,0,2,2
2021-11-07T00:00:00.000Z,לבנון,0,1,1
2021-11-07T00:00:00.000Z,כלל המדינות,15847,6685,22532
2021-11-07T00:00:00.000Z,תאילנד,4,1,5
2021-11-07T00:00:00.000Z,יפן,1,1,2
2021-11-07T00:00:00.000Z,יוון,699,56,755
2021-11-07T00:00:00.000Z,טנזניה,3,0,3
2021-11-07T00:00:00.000Z,טיוואן,0,2,2
2021-11-07T00:00:00.000Z,טוגו,1,0,1
2021-11-07T00:00:00.000Z,חוף השנהב,3,0,3
2021-11-07T00:00:00.000Z,זימבאבווה,1,0,1
2021-11-07T00:00:00.000Z,זאיר,1,0,1
2021-11-07T00:00:00.000Z,ונצואלה,0,1,1
2021-11-07T00:00:00.000Z,ויטנאם,4,0,4
2021-11-07T00:00:00.000Z,הרפ הדומיניקנית,7,5,12
2021-11-07T00:00:00.000Z,הממלכה המאוחדת,493,292,785
2021-11-07T00:00:00.000Z,הונגריה,819,65,884
2021-11-07T00:00:00.000Z,הולנד,403,80,483
2021-11-07T00:00:00.000Z,הודו,2,10,12
2021-11-07T00:00:00.000Z,דרום אפריקה,6,7,13
2021-11-07T00:00:00.000Z,דנמרק,23,23,46
2021-11-07T00:00:00.000Z,גרמניה,479,250,729
2021-11-07T00:00:00.000Z,גאורגיה,661,38,699
2021-11-07T00:00:00.000Z,ברזיל,12,14,26
2021-11-07T00:00:00.000Z,בנין (דהומי),0,2,2
2021-11-07T00:00:00.000Z,בליז,1,0,1
2021-11-07T00:00:00.000Z,בלגיה,53,63,116
2021-11-07T00:00:00.000Z,בילורוסיה,108,63,171
2021-11-07T00:00:00.000Z,בוסניה הרצגובינה,2,0,2
2021-11-07T00:00:00.000Z,בוליביה,1,2,3
2021-11-07T00:00:00.000Z,בולגריה,116,8,124
2021-11-07T00:00:00.000Z,בוטן,1,0,1
2021-11-07T00:00:00.000Z,אתיופיה,13,35,48
2021-11-07T00:00:00.000Z,תורכיה,1693,421,2114
2021-11-07T00:00:00.000Z,ארמניה,1,0,1
2021-11-07T00:00:00.000Z,ארגנטינה,4,6,10
2021-11-07T00:00:00.000Z,אקואדור,1,0,1
2021-11-07T00:00:00.000Z,אפגניסטן,1,0,1
2021-11-07T00:00:00.000Z,אסטוניה,0,5,5
2021-11-07T00:00:00.000Z,אנדורה,0,1,1
2021-11-07T00:00:00.000Z,אנגולה,4,0,4
2021-11-07T00:00:00.000Z,אלבניה,3,1,4
2021-11-07T00:00:00.000Z,אירלנד,6,5,11
2021-11-07T00:00:00.000Z,איסלנד,1,2,3
2021-11-07T00:00:00.000Z,איי סיישל,4,0,4
2021-11-07T00:00:00.000Z,איי טורקס וקייקוס,3,0,3
2021-11-07T00:00:00.000Z,איטליה,1030,110,1140
2021-11-07T00:00:00.000Z,אזרביג'אן,29,17,46
2021-11-07T00:00:00.000Z,אורגוואי,3,6,9
2021-11-07T00:00:00.000Z,אוקראינה,268,132,400
2021-11-07T00:00:00.000Z,אוסטרליה,6,13,19
2021-11-07T00:00:00.000Z,אוסטריה,386,63,449
2021-11-07T00:00:00.000Z,אוזבקיסטן,11,4,15
2021-11-07T00:00:00.000Z,אוגנדה,4,1,5
2021-11-07T00:00:00.000Z,אבחזיסטאן,8,4,12
2021-11-07T00:00:00.000Z,תורכמניסטאן,5,1,6
2021-11-07T00:00:00.000Z,איחוד האמירויות הערב,745,94,839
2021-11-08T00:00:00.000Z,פנמה,0,5,5
2021-11-08T00:00:00.000Z,פינלנד,8,5,13
2021-11-08T00:00:00.000Z,פיליפינים,0,2,2
2021-11-08T00:00:00.000Z,פורטוגל,167,6,173
2021-11-08T00:00:00.000Z,פורטו ריקו,0,46,46
2021-11-08T00:00:00.000Z,פולין,348,41,389
2021-11-08T00:00:00.000Z,ערב הסעודית,2,0,2
2021-11-08T00:00:00.000Z,הממלכה המאוחדת,974,322,1296
2021-11-08T00:00:00.000Z,קרואטיה,1,4,5
2021-11-08T00:00:00.000Z,קפריסין,356,88,444
2021-11-08T00:00:00.000Z,קניה,11,0,11
2021-11-08T00:00:00.000Z,קנדה,59,122,181
2021-11-08T00:00:00.000Z,קזחסטאן,5,0,5
2021-11-08T00:00:00.000Z,קוריאה הדרומית,4,0,4
2021-11-08T00:00:00.000Z,קוסטה ריקה,1,2,3
2021-11-08T00:00:00.000Z,קולומביה,1,1,2
2021-11-08T00:00:00.000Z,צרפת,788,388,1176
2021-11-08T00:00:00.000Z,צכיה,557,21,578
2021-11-08T00:00:00.000Z,תימן,0,1,1
2021-11-08T00:00:00.000Z,תורכיה,1157,332,1489
2021-11-08T00:00:00.000Z,תוניסיה,0,1,1
2021-11-08T00:00:00.000Z,אבחזיסטאן,1,0,1
2021-11-08T00:00:00.000Z,אוגנדה,6,1,7
2021-11-08T00:00:00.000Z,אוזבקיסטן,6,5,11
2021-11-08T00:00:00.000Z,אוסטריה,659,81,740
2021-11-08T00:00:00.000Z,אוסטרליה,8,5,13
2021-11-08T00:00:00.000Z,אוקראינה,524,270,794
2021-11-08T00:00:00.000Z,אורגוואי,1,1,2
2021-11-08T00:00:00.000Z,אזרביג'אן,73,10,83
2021-11-08T00:00:00.000Z,איטליה,1053,133,1186
2021-11-08T00:00:00.000Z,איי סיישל,9,0,9
2021-11-08T00:00:00.000Z,איסלנד,6,0,6
2021-11-08T00:00:00.000Z,אירלנד,1,8,9
2021-11-08T00:00:00.000Z,אלבניה,1,5,6
2021-11-08T00:00:00.000Z,אנגולה,7,0,7
2021-11-08T00:00:00.000Z,אסטוניה,0,4,4
2021-11-08T00:00:00.000Z,ארגנטינה,3,2,5
2021-11-08T00:00:00.000Z,ארמניה,9,1,10
2021-11-08T00:00:00.000Z,ארצות הברית,1045,1103,2148
2021-11-08T00:00:00.000Z,אתיופיה,17,9,26
2021-11-08T00:00:00.000Z,בהמס,1,1,2
2021-11-08T00:00:00.000Z,בוטסואנה,2,0,2
2021-11-08T00:00:00.000Z,בולגריה,274,27,301
2021-11-08T00:00:00.000Z,בוליביה,2,0,2
2021-11-08T00:00:00.000Z,בוסניה הרצגובינה,0,2,2
2021-11-08T00:00:00.000Z,בורונדי,1,0,1
2021-11-08T00:00:00.000Z,בחריין,23,0,23
2021-11-08T00:00:00.000Z,בילורוסיה,1,0,1
2021-11-08T00:00:00.000Z,בלגיה,183,104,287
2021-11-08T00:00:00.000Z,ברזיל,10,34,44
2021-11-08T00:00:00.000Z,גאורגיה,429,34,463
2021-11-08T00:00:00.000Z,גאנה,2,2,4
2021-11-08T00:00:00.000Z,גואדאלופ,0,1,1
2021-11-08T00:00:00.000Z,גווטאמלה,0,7,7
2021-11-08T00:00:00.000Z,גויאנה הצרפתית,1,0,1
2021-11-08T00:00:00.000Z,גרמניה,665,256,921
2021-11-08T00:00:00.000Z,דנמרק,17,14,31
2021-11-08T00:00:00.000Z,דרום אפריקה,17,25,42
2021-11-08T00:00:00.000Z,הודו,17,4,21
2021-11-08T00:00:00.000Z,הולנד,418,70,488
2021-11-08T00:00:00.000Z,הונגריה,680,73,753
2021-11-08T00:00:00.000Z,צ'ילה,3,3,6
2021-11-08T00:00:00.000Z,הרפ הדומיניקנית,1,2,3
2021-11-08T00:00:00.000Z,ויטנאם,1,0,1
2021-11-08T00:00:00.000Z,זאיר,1,0,1
2021-11-08T00:00:00.000Z,זמביה,2,0,2
2021-11-08T00:00:00.000Z,טג'יקיסטאן,1,0,1
2021-11-08T00:00:00.000Z,טיוואן,1,0,1
2021-11-08T00:00:00.000Z,יוון,797,52,849
2021-11-08T00:00:00.000Z,יפן,1,0,1
2021-11-08T00:00:00.000Z,ירדן,77,40,117
2021-11-08T00:00:00.000Z,כווית,0,1,1
2021-11-08T00:00:00.000Z,כלל המדינות,14523,6414,20937
2021-11-08T00:00:00.000Z,לוכסמבורג,0,3,3
2021-11-08T00:00:00.000Z,לטביה,17,4,21
2021-11-08T00:00:00.000Z,ליטא,3,0,3
2021-11-08T00:00:00.000Z,מלדיבים,15,1,16
2021-11-08T00:00:00.000Z,מלטה,2,0,2
2021-11-08T00:00:00.000Z,מצרים,372,40,412
2021-11-08T00:00:00.000Z,מקדוניה,2,0,2
2021-11-08T00:00:00.000Z,מקסיקו,7,23,30
2021-11-08T00:00:00.000Z,מרוקו,36,5,41
2021-11-08T00:00:00.000Z,נורבגיה,6,4,10
2021-11-08T00:00:00.000Z,ניגריה,5,2,7
2021-11-08T00:00:00.000Z,ניו זילנד,0,1,1
2021-11-08T00:00:00.000Z,נפאל,5,2,7
2021-11-08T00:00:00.000Z,סין,1,0,1
2021-11-08T00:00:00.000Z,סלובניה,0,1,1
2021-11-08T00:00:00.000Z,סנגל,1,0,1
2021-11-08T00:00:00.000Z,ספרד,442,161,603
2021-11-08T00:00:00.000Z,סרביה,7,5,12
2021-11-08T00:00:00.000Z,סרי לנקה (צילון),3,0,3
2021-11-08T00:00:00.000Z,איחוד האמירויות הערב,469,45,514
2021-11-08T00:00:00.000Z,פרו,0,1,1
2021-11-08T00:00:00.000Z,תאילנד,40,5,45
2021-11-08T00:00:00.000Z,שוויץ,144,89,233
2021-11-08T00:00:00.000Z,שוודיה,16,10,26
2021-11-08T00:00:00.000Z,רוסיה,124,170,294
2021-11-08T00:00:00.000Z,רומניה,284,33,317
2021-11-08T00:00:00.000Z,רואנדה,3,0,3
2021-11-09T00:00:00.000Z,מולדובה,27,100,127
2021-11-09T00:00:00.000Z,מלדיבים,2,3,5
2021-11-09T00:00:00.000Z,מלטה,4,1,5
2021-11-09T00:00:00.000Z,מצרים,47,3,50
2021-11-09T00:00:00.000Z,מקסיקו,11,5,16
2021-11-09T00:00:00.000Z,מרוקו,148,8,156
2021-11-09T00:00:00.000Z,נורבגיה,7,1,8
2021-11-09T00:00:00.000Z,ניגריה,4,0,4
2021-11-09T00:00:00.000Z,נמיביה,0,1,1
2021-11-09T00:00:00.000Z,נפאל,1,2,3
2021-11-09T00:00:00.000Z,סינגפור,2,0,2
2021-11-09T00:00:00.000Z,סלובניה,0,1,1
2021-11-09T00:00:00.000Z,ספרד,304,33,337
2021-11-09T00:00:00.000Z,סרביה,6,5,11
2021-11-09T00:00:00.000Z,סרי לנקה (צילון),5,0,5
2021-11-09T00:00:00.000Z,עירק,1,0,1
2021-11-09T00:00:00.000Z,פולין,183,55,238
2021-11-09T00:00:00.000Z,פורטוגל,54,28,82
2021-11-09T00:00:00.000Z,פיליפינים,1,2,3
2021-11-09T00:00:00.000Z,פינלנד,7,7,14
2021-11-09T00:00:00.000Z,פרו,0,4,4
2021-11-09T00:00:00.000Z,צאד,1,0,1
2021-11-09T00:00:00.000Z,צ'ילה,2,7,9
2021-11-09T00:00:00.000Z,צכיה,398,19,417
2021-11-09T00:00:00.000Z,צרפת,749,655,1404
2021-11-09T00:00:00.000Z,קולומביה,1,6,7
2021-11-09T00:00:00.000Z,קוסטה ריקה,3,1,4
2021-11-09T00:00:00.000Z,קזחסטאן,1,4,5
2021-11-09T00:00:00.000Z,קמרון,0,1,1
2021-11-09T00:00:00.000Z,קנדה,52,98,150
2021-11-09T00:00:00.000Z,קניה,9,1,10
2021-11-09T00:00:00.000Z,קפריסין,128,41,169
2021-11-09T00:00:00.000Z,קרואטיה,4,1,5
2021-11-09T00:00:00.000Z,רומניה,66,14,80
2021-11-09T00:00:00.000Z,רוסיה,100,119,219
2021-11-09T00:00:00.000Z,שוודיה,9,2,11
2021-11-09T00:00:00.000Z,שוויץ,55,34,89
2021-11-09T00:00:00.000Z,תוניסיה,7,1,8
2021-11-09T00:00:00.000Z,תורכיה,1131,380,1511
2021-11-09T00:00:00.000Z,דנמרק,19,15,34
2021-11-09T00:00:00.000Z,דרום אפריקה,13,11,24
2021-11-09T00:00:00.000Z,דרום סודאן,0,1,1
2021-11-09T00:00:00.000Z,הודו,53,50,103
2021-11-09T00:00:00.000Z,הולנד,418,78,496
2021-11-09T00:00:00.000Z,הונגריה,399,68,467
2021-11-09T00:00:00.000Z,הממלכה המאוחדת,590,283,873
2021-11-09T00:00:00.000Z,הרפ הדומיניקנית,1,0,1
2021-11-09T00:00:00.000Z,זמביה,1,1,2
2021-11-09T00:00:00.000Z,חוף השנהב,1,0,1
2021-11-09T00:00:00.000Z,טנזניה,4,0,4
2021-11-09T00:00:00.000Z,יוון,339,35,374
2021-11-09T00:00:00.000Z,גאורגיה,116,28,144
2021-11-09T00:00:00.000Z,ברזיל,13,19,32
2021-11-09T00:00:00.000Z,איחוד האמירויות הערב,352,57,409
2021-11-09T00:00:00.000Z,יפן,1,1,2
2021-11-09T00:00:00.000Z,ירדן,55,20,75
2021-11-09T00:00:00.000Z,כלל המדינות,10231,5788,16019
2021-11-09T00:00:00.000Z,לוכסמבורג,1,4,5
2021-11-09T00:00:00.000Z,לטביה,17,39,56
2021-11-09T00:00:00.000Z,ליטא,54,24,78
2021-11-09T00:00:00.000Z,מאוריציוס,4,0,4
2021-11-09T00:00:00.000Z,מוזמביק,1,0,1
2021-11-09T00:00:00.000Z,גאנה,0,1,1
2021-11-09T00:00:00.000Z,בלגיה,82,108,190
2021-11-09T00:00:00.000Z,בילורוסיה,7,1,8
2021-11-09T00:00:00.000Z,בוסניה הרצגובינה,1,0,1
2021-11-09T00:00:00.000Z,בולגריה,1,0,1
2021-11-09T00:00:00.000Z,אתיופיה,18,8,26
2021-11-09T00:00:00.000Z,ארצות הברית,829,971,1800
2021-11-09T00:00:00.000Z,ארמניה,1,0,1
2021-11-09T00:00:00.000Z,ארגנטינה,7,16,23
2021-11-09T00:00:00.000Z,אפגניסטן,2,1,3
2021-11-09T00:00:00.000Z,אסטוניה,3,1,4
2021-11-09T00:00:00.000Z,אנגולה,2,0,2
2021-11-09T00:00:00.000Z,אלבניה,2,0,2
2021-11-09T00:00:00.000Z,אל סלבדור,0,1,1
2021-11-09T00:00:00.000Z,אירלנד,8,4,12
2021-11-09T00:00:00.000Z,איסלנד,4,0,4
2021-11-09T00:00:00.000Z,איי סיישל,3,3,6
2021-11-09T00:00:00.000Z,איי טורקס וקייקוס,2,1,3
2021-11-09T00:00:00.000Z,איטליה,653,65,718
2021-11-09T00:00:00.000Z,אזרביג'אן,1,13,14
2021-11-09T00:00:00.000Z,אורגוואי,2,0,2
2021-11-09T00:00:00.000Z,אוקראינה,90,95,185
2021-11-09T00:00:00.000Z,אוסטרליה,2,0,2
2021-11-09T00:00:00.000Z,אוסטריה,363,59,422
2021-11-09T00:00:00.000Z,אוזבקיסטן,70,41,111
2021-11-09T00:00:00.000Z,אוגנדה,7,4,11
2021-11-09T00:00:00.000Z,אבחזיסטאן,2,2,4
2021-11-09T00:00:00.000Z,גרמניה,407,142,549
2021-11-10T00:00:00.000Z,טובלו,2,0,2
2021-11-10T00:00:00.000Z,איחוד האמירויות הערב,452,94,546
2021-11-10T00:00:00.000Z,תורכיה,727,264,991
2021-11-10T00:00:00.000Z,תאילנד,19,106,125
2021-11-10T00:00:00.000Z,שוויץ,95,67,162
2021-11-10T00:00:00.000Z,שוודיה,16,9,25
2021-11-10T00:00:00.000Z,רוסיה,73,65,138
2021-11-10T00:00:00.000Z,רומניה,96,36,132
2021-11-10T00:00:00.000Z,רואנדה,0,1,1
2021-11-10T00:00:00.000Z,קפריסין,233,43,276
2021-11-10T00:00:00.000Z,קניה,3,0,3
2021-11-10T00:00:00.000Z,קנדה,50,87,137
2021-11-10T00:00:00.000Z,קמרון,1,0,1
2021-11-10T00:00:00.000Z,קזחסטאן,3,0,3
2021-11-10T00:00:00.000Z,קוריאה הדרומית,3,19,22
2021-11-10T00:00:00.000Z,קוסטה ריקה,2,3,5
2021-11-10T00:00:00.000Z,קולומביה,3,7,10
2021-11-10T00:00:00.000Z,צרפת,375,747,1122
2021-11-10T00:00:00.000Z,צכיה,185,12,197
2021-11-10T00:00:00.000Z,פרו,2,7,9
2021-11-10T00:00:00.000Z,פרגוואי,1,0,1
2021-11-10T00:00:00.000Z,פנמה,1,3,4
2021-11-10T00:00:00.000Z,פינלנד,5,4,9
2021-11-10T00:00:00.000Z,פיליפינים,0,27,27
2021-11-10T00:00:00.000Z,פורטוגל,51,28,79
2021-11-10T00:00:00.000Z,פורטו ריקו,0,2,2
2021-11-10T00:00:00.000Z,פולין,60,10,70
2021-11-10T00:00:00.000Z,סרי לנקה (צילון),0,8,8
2021-11-10T00:00:00.000Z,סרביה,6,5,11
2021-11-10T00:00:00.000Z,ספרד,82,57,139
2021-11-10T00:00:00.000Z,סלובקיה,0,2,2
2021-11-10T00:00:00.000Z,סלובניה,1,0,1
2021-11-10T00:00:00.000Z,סינגפור,0,1,1
2021-11-10T00:00:00.000Z,סין,0,3,3
2021-11-10T00:00:00.000Z,סיירה ליאונה,1,0,1
2021-11-10T00:00:00.000Z,נפאל,2,2,4
2021-11-10T00:00:00.000Z,ניגריה,0,1,1
2021-11-10T00:00:00.000Z,נורבגיה,6,5,11
2021-11-10T00:00:00.000Z,מרוקו,87,4,91
2021-11-10T00:00:00.000Z,אוגנדה,6,1,7
2021-11-10T00:00:00.000Z,אוזבקיסטן,1,2,3
2021-11-10T00:00:00.000Z,אוסטריה,177,45,222
2021-11-10T00:00:00.000Z,אוסטרליה,1,26,27
2021-11-10T00:00:00.000Z,אוקראינה,233,245,478
2021-11-10T00:00:00.000Z,אזרביג'אן,2,0,2
2021-11-10T00:00:00.000Z,איטליה,563,109,672
2021-11-10T00:00:00.000Z,איי סיישל,70,8,78
2021-11-10T00:00:00.000Z,איסלנד,3,2,5
2021-11-10T00:00:00.000Z,אירלנד,4,2,6
2021-11-10T00:00:00.000Z,אל סלבדור,1,0,1
2021-11-10T00:00:00.000Z,אלבניה,2,0,2
2021-11-10T00:00:00.000Z,אנגולה,4,0,4
2021-11-10T00:00:00.000Z,אסטוניה,1,1,2
2021-11-10T00:00:00.000Z,אקואדור,2,0,2
2021-11-10T00:00:00.000Z,ארגנטינה,2,8,10
2021-11-10T00:00:00.000Z,ארמניה,2,0,2
2021-11-10T00:00:00.000Z,ארצות הברית,702,1081,1783
2021-11-10T00:00:00.000Z,אתיופיה,11,4,15
2021-11-10T00:00:00.000Z,בולגריה,83,27,110
2021-11-10T00:00:00.000Z,בוסניה הרצגובינה,2,1,3
2021-11-10T00:00:00.000Z,בלגיה,16,16,32
2021-11-10T00:00:00.000Z,ברזיל,13,17,30
2021-11-10T00:00:00.000Z,גאורגיה,57,1,58
2021-11-10T00:00:00.000Z,גאנה,0,2,2
2021-11-10T00:00:00.000Z,גואדאלופ,0,1,1
2021-11-10T00:00:00.000Z,גיברלטר,2,0,2
2021-11-10T00:00:00.000Z,גרמניה,392,201,593
2021-11-10T00:00:00.000Z,דנמרק,3,9,12
2021-11-10T00:00:00.000Z,דרום אפריקה,12,52,64
2021-11-10T00:00:00.000Z,הודו,17,4,21
2021-11-10T00:00:00.000Z,הולנד,182,56,238
2021-11-10T00:00:00.000Z,הונגריה,234,83,317
2021-11-10T00:00:00.000Z,הממלכה המאוחדת,356,220,576
2021-11-10T00:00:00.000Z,הרפ הדומיניקנית,1,0,1
2021-11-10T00:00:00.000Z,ויטנאם,0,1,1
2021-11-10T00:00:00.000Z,ונצואלה,0,1,1
2021-11-10T00:00:00.000Z,זאיר,0,1,1
2021-11-10T00:00:00.000Z,חוף השנהב,1,0,1
2021-11-10T00:00:00.000Z,מקסיקו,4,11,15
2021-11-10T00:00:00.000Z,טנזניה,9,0,9
2021-11-10T00:00:00.000Z,יוון,192,39,231
2021-11-10T00:00:00.000Z,יפן,0,5,5
2021-11-10T00:00:00.000Z,ירדן,47,24,71
2021-11-10T00:00:00.000Z,כלל המדינות,7818,6329,14147
2021-11-10T00:00:00.000Z,מאלי,2,0,2
2021-11-10T00:00:00.000Z,מוזמביק,3,1,4
2021-11-10T00:00:00.000Z,מונטנגרו,0,3,3
2021-11-10T00:00:00.000Z,מונקו,1,0,1
2021-11-10T00:00:00.000Z,מלדיבים,14,0,14
2021-11-10T00:00:00.000Z,מלטה,86,14,100
2021-11-10T00:00:00.000Z,מצרים,311,44,355
2021-11-11T00:00:00.000Z,כלל המדינות,1703,775,2478
2021-11-11T00:00:00.000Z,זאיר,0,1,1
2021-11-11T00:00:00.000Z,תורכיה,268,68,336
2021-11-11T00:00:00.000Z,שוויץ,71,21,92
2021-11-11T00:00:00.000Z,שוודיה,6,4,10
2021-11-11T00:00:00.000Z,רוסיה,1,1,2
2021-11-11T00:00:00.000Z,קרואטיה,0,1,1
2021-11-11T00:00:00.000Z,קפריסין,2,0,2
2021-11-11T00:00:00.000Z,קניה,12,1,13
2021-11-11T00:00:00.000Z,קלדוניה החדשה,0,2,2
2021-11-11T00:00:00.000Z,קוריאה הדרומית,0,1,1
2021-11-11T00:00:00.000Z,קוסטה ריקה,3,4,7
2021-11-11T00:00:00.000Z,קולומביה,4,1,5
2021-11-11T00:00:00.000Z,צרפת,118,145,263
2021-11-11T00:00:00.000Z,צכיה,49,5,54
2021-11-11T00:00:00.000Z,צ'ילה,1,0,1
2021-11-11T00:00:00.000Z,צאד,2,0,2
2021-11-11T00:00:00.000Z,פרו,3,1,4
2021-11-11T00:00:00.000Z,פנמה,2,1,3
2021-11-11T00:00:00.000Z,פינלנד,2,2,4
2021-11-11T00:00:00.000Z,פורטוגל,109,21,130
2021-11-11T00:00:00.000Z,פולין,101,16,117
2021-11-11T00:00:00.000Z,סרביה,3,0,3
2021-11-11T00:00:00.000Z,ספרד,77,31,108
2021-11-11T00:00:00.000Z,נמיביה,0,1,1
2021-11-11T00:00:00.000Z,ניגריה,2,3,5
2021-11-11T00:00:00.000Z,נורבגיה,2,3,5
2021-11-11T00:00:00.000Z,מרוקו,13,0,13
2021-11-11T00:00:00.000Z,מקסיקו,2,2,4
2021-11-11T00:00:00.000Z,מקדוניה,2,1,3
2021-11-11T00:00:00.000Z,מונטנגרו,0,1,1
2021-11-11T00:00:00.000Z,מאוריציוס,4,0,4
2021-11-11T00:00:00.000Z,ליטא,0,1,1
2021-11-11T00:00:00.000Z,תימן,0,1,1
2021-11-11T00:00:00.000Z,ירדן,0,1,1
2021-11-11T00:00:00.000Z,יוון,72,9,81
2021-11-11T00:00:00.000Z,טנזניה,7,1,8
2021-11-11T00:00:00.000Z,חוף השנהב,0,1,1
2021-11-11T00:00:00.000Z,הממלכה המאוחדת,78,57,135
2021-11-11T00:00:00.000Z,הונגריה,3,0,3
2021-11-11T00:00:00.000Z,הולנד,52,34,86
2021-11-11T00:00:00.000Z,הודו,1,0,1
2021-11-11T00:00:00.000Z,דרום אפריקה,7,5,12
2021-11-11T00:00:00.000Z,דנמרק,6,3,9
2021-11-11T00:00:00.000Z,גרמניה,68,20,88
2021-11-11T00:00:00.000Z,גינאה המשוונית,1,0,1
2021-11-11T00:00:00.000Z,גאנה,1,6,7
2021-11-11T00:00:00.000Z,גאורגיה,142,12,154
2021-11-11T00:00:00.000Z,ברזיל,2,10,12
2021-11-11T00:00:00.000Z,בלגיה,2,4,6
2021-11-11T00:00:00.000Z,בוסניה הרצגובינה,0,2,2
2021-11-11T00:00:00.000Z,בולגריה,5,0,5
2021-11-11T00:00:00.000Z,בוטסואנה,2,0,2
2021-11-11T00:00:00.000Z,אתיופיה,42,17,59
2021-11-11T00:00:00.000Z,ארצות הברית,5,8,13
2021-11-11T00:00:00.000Z,ארגנטינה,4,12,16
2021-11-11T00:00:00.000Z,אירלנד,1,3,4
2021-11-11T00:00:00.000Z,איי סיישל,1,1,2
2021-11-11T00:00:00.000Z,איטליה,10,3,13
2021-11-11T00:00:00.000Z,אורגוואי,1,0,1
2021-11-11T00:00:00.000Z,אוקראינה,24,40,64
2021-11-11T00:00:00.000Z,אוסטרליה,1,0,1
2021-11-11T00:00:00.000Z,אוסטריה,128,27,155
2021-11-11T00:00:00.000Z,אוגנדה,1,0,1
2021-11-11T00:00:00.000Z,זמביה,2,0,2
2021-11-11T00:00:00.000Z,איחוד האמירויות הערב,21,16,37
2021-11-11T00:00:00.000Z,הרפ הדומיניקנית,0,1,1
