date,visited_country,vaccination_ind,none_vaccination_ind,sum_arrival
2021-05-01T00:00:00.000Z,צרפת,34,39,73
2021-05-01T00:00:00.000Z,גינאה,0,1,1
2021-05-01T00:00:00.000Z,דרום אפריקה,11,8,19
2021-05-01T00:00:00.000Z,דרום סודאן,1,0,1
2021-05-01T00:00:00.000Z,הולנד,6,17,23
2021-05-01T00:00:00.000Z,הונג קונג,0,6,6
2021-05-01T00:00:00.000Z,הונגריה,0,2,2
2021-05-01T00:00:00.000Z,הממלכה המאוחדת,17,41,58
2021-05-01T00:00:00.000Z,הרפ הדומיניקנית,4,0,4
2021-05-01T00:00:00.000Z,זאיר,7,1,8
2021-05-01T00:00:00.000Z,זימבאבווה,2,0,2
2021-05-01T00:00:00.000Z,זמביה,4,0,4
2021-05-01T00:00:00.000Z,חוף השנהב,5,0,5
2021-05-01T00:00:00.000Z,טנזניה,9,2,11
2021-05-01T00:00:00.000Z,תורכמניסטאן,1,0,1
2021-05-01T00:00:00.000Z,תורכיה,208,87,295
2021-05-01T00:00:00.000Z,תאילנד,1,0,1
2021-05-01T00:00:00.000Z,שוויץ,3,2,5
2021-05-01T00:00:00.000Z,שוודיה,3,2,5
2021-05-01T00:00:00.000Z,רוסיה,3,4,7
2021-05-01T00:00:00.000Z,רומניה,1,2,3
2021-05-01T00:00:00.000Z,רואנדה,3,2,5
2021-05-01T00:00:00.000Z,קרואטיה,9,0,9
2021-05-01T00:00:00.000Z,קפריסין,150,23,173
2021-05-01T00:00:00.000Z,גווטאמלה,4,0,4
2021-05-01T00:00:00.000Z,גאנה,3,0,3
2021-05-01T00:00:00.000Z,גאורגיה,8,0,8
2021-05-01T00:00:00.000Z,ברזיל,5,5,10
2021-05-01T00:00:00.000Z,בלגיה,2,9,11
2021-05-01T00:00:00.000Z,בילורוסיה,1,0,1
2021-05-01T00:00:00.000Z,בוסניה הרצגובינה,3,0,3
2021-05-01T00:00:00.000Z,בוטסואנה,1,0,1
2021-05-01T00:00:00.000Z,אתיופיה,41,19,60
2021-05-01T00:00:00.000Z,ארצות הברית,417,374,791
2021-05-01T00:00:00.000Z,ארמניה,12,0,12
2021-05-01T00:00:00.000Z,אקואדור,0,2,2
2021-05-01T00:00:00.000Z,קניה,5,2,7
2021-05-01T00:00:00.000Z,קנדה,3,8,11
2021-05-01T00:00:00.000Z,קזחסטאן,0,1,1
2021-05-01T00:00:00.000Z,קוריאה הדרומית,3,0,3
2021-05-01T00:00:00.000Z,קוסטה ריקה,2,1,3
2021-05-01T00:00:00.000Z,קולומביה,3,0,3
2021-05-01T00:00:00.000Z,דנמרק,6,3,9
2021-05-01T00:00:00.000Z,צכיה,2,7,9
2021-05-01T00:00:00.000Z,פינלנד,1,4,5
2021-05-01T00:00:00.000Z,פיליפינים,0,14,14
2021-05-01T00:00:00.000Z,פורטוגל,7,4,11
2021-05-01T00:00:00.000Z,פורטו ריקו,1,0,1
2021-05-01T00:00:00.000Z,פולין,29,8,37
2021-05-01T00:00:00.000Z,סרי לנקה (צילון),0,2,2
2021-05-01T00:00:00.000Z,סרביה,0,4,4
2021-05-01T00:00:00.000Z,ספרד,13,4,17
2021-05-01T00:00:00.000Z,סלובניה,1,0,1
2021-05-01T00:00:00.000Z,סינגפור,0,2,2
2021-05-01T00:00:00.000Z,סין,0,3,3
2021-05-01T00:00:00.000Z,נפאל,4,0,4
2021-05-01T00:00:00.000Z,ניו זילנד,0,1,1
2021-05-01T00:00:00.000Z,ניגריה,3,0,3
2021-05-01T00:00:00.000Z,נורבגיה,0,1,1
2021-05-01T00:00:00.000Z,אנגולה,2,0,2
2021-05-01T00:00:00.000Z,אירלנד,0,17,17
2021-05-01T00:00:00.000Z,איטליה,15,19,34
2021-05-01T00:00:00.000Z,אזרביג'אן,4,0,4
2021-05-01T00:00:00.000Z,אוקראינה,121,55,176
2021-05-01T00:00:00.000Z,אוסטרליה,1,5,6
2021-05-01T00:00:00.000Z,אוסטריה,17,21,38
2021-05-01T00:00:00.000Z,אוגנדה,4,0,4
2021-05-01T00:00:00.000Z,גרמניה,157,115,272
2021-05-01T00:00:00.000Z,יוון,16,0,16
2021-05-01T00:00:00.000Z,יפן,1,9,10
2021-05-01T00:00:00.000Z,כלל המדינות,3607,1696,5303
2021-05-01T00:00:00.000Z,לוכסמבורג,1,0,1
2021-05-01T00:00:00.000Z,לטביה,2,2,4
2021-05-01T00:00:00.000Z,ליטא,2,2,4
2021-05-01T00:00:00.000Z,לסוטו,1,0,1
2021-05-01T00:00:00.000Z,מולדובה,25,62,87
2021-05-01T00:00:00.000Z,מונטנגרו,2,0,2
2021-05-01T00:00:00.000Z,מלדיבים,10,1,11
2021-05-01T00:00:00.000Z,מלטה,1,6,7
2021-05-01T00:00:00.000Z,מצרים,736,44,780
2021-05-01T00:00:00.000Z,מקסיקו,16,11,27
2021-05-01T00:00:00.000Z,מרוקו,1,6,7
2021-05-01T00:00:00.000Z,סאו טומה ופרינציפה,1,0,1
2021-05-01T00:00:00.000Z,איחוד האמירויות הערב,303,60,363
2021-05-02T00:00:00.000Z,קולומביה,1,1,2
2021-05-02T00:00:00.000Z,צרפת,90,148,238
2021-05-02T00:00:00.000Z,צכיה,2,0,2
2021-05-02T00:00:00.000Z,צ'ילה,0,2,2
2021-05-02T00:00:00.000Z,פרו,0,2,2
2021-05-02T00:00:00.000Z,פינלנד,0,1,1
2021-05-02T00:00:00.000Z,פיליפינים,0,7,7
2021-05-02T00:00:00.000Z,פורטוגל,5,3,8
2021-05-02T00:00:00.000Z,פולין,13,12,25
2021-05-02T00:00:00.000Z,ערב הסעודית,0,1,1
2021-05-02T00:00:00.000Z,עירק,0,1,1
2021-05-02T00:00:00.000Z,סרי לנקה (צילון),1,2,3
2021-05-02T00:00:00.000Z,סרביה,1,3,4
2021-05-02T00:00:00.000Z,ספרד,5,8,13
2021-05-02T00:00:00.000Z,נפאל,4,0,4
2021-05-02T00:00:00.000Z,ניגריה,1,0,1
2021-05-02T00:00:00.000Z,נורבגיה,0,2,2
2021-05-02T00:00:00.000Z,מקסיקו,25,10,35
2021-05-02T00:00:00.000Z,מצרים,592,29,621
2021-05-02T00:00:00.000Z,מלטה,1,0,1
2021-05-02T00:00:00.000Z,מלדיבים,22,0,22
2021-05-02T00:00:00.000Z,לטביה,0,1,1
2021-05-02T00:00:00.000Z,לוכסמבורג,1,1,2
2021-05-02T00:00:00.000Z,כלל המדינות,4106,1878,5984
2021-05-02T00:00:00.000Z,ירדן,36,41,77
2021-05-02T00:00:00.000Z,יפן,0,1,1
2021-05-02T00:00:00.000Z,יוון,101,9,110
2021-05-02T00:00:00.000Z,טיוואן,2,1,3
2021-05-02T00:00:00.000Z,חוף השנהב,1,0,1
2021-05-02T00:00:00.000Z,ונצואלה,0,1,1
2021-05-02T00:00:00.000Z,הרפ הדומיניקנית,2,0,2
2021-05-02T00:00:00.000Z,הממלכה המאוחדת,57,143,200
2021-05-02T00:00:00.000Z,הונגריה,0,1,1
2021-05-02T00:00:00.000Z,הולנד,42,45,87
2021-05-02T00:00:00.000Z,דנמרק,2,0,2
2021-05-02T00:00:00.000Z,גרמניה,85,132,217
2021-05-02T00:00:00.000Z,גאורגיה,472,25,497
2021-05-02T00:00:00.000Z,ברזיל,1,3,4
2021-05-02T00:00:00.000Z,בלגיה,2,7,9
2021-05-02T00:00:00.000Z,בילורוסיה,99,28,127
2021-05-02T00:00:00.000Z,בולגריה,166,10,176
2021-05-02T00:00:00.000Z,ארצות הברית,274,255,529
2021-05-02T00:00:00.000Z,תורכמניסטאן,1,0,1
2021-05-02T00:00:00.000Z,תורכיה,229,83,312
2021-05-02T00:00:00.000Z,תוניסיה,1,0,1
2021-05-02T00:00:00.000Z,תאילנד,1,10,11
2021-05-02T00:00:00.000Z,שוויץ,59,55,114
2021-05-02T00:00:00.000Z,שוודיה,1,1,2
2021-05-02T00:00:00.000Z,רוסיה,71,91,162
2021-05-02T00:00:00.000Z,רומניה,47,16,63
2021-05-02T00:00:00.000Z,איחוד האמירויות הערב,310,34,344
2021-05-02T00:00:00.000Z,קפריסין,164,22,186
2021-05-02T00:00:00.000Z,קניה,0,1,1
2021-05-02T00:00:00.000Z,קנדה,13,86,99
2021-05-02T00:00:00.000Z,קירג'זסטאן,2,0,2
2021-05-02T00:00:00.000Z,קזחסטאן,0,1,1
2021-05-02T00:00:00.000Z,אירלנד,0,4,4
2021-05-02T00:00:00.000Z,איסלנד,3,0,3
2021-05-02T00:00:00.000Z,אינדונזיה,0,2,2
2021-05-02T00:00:00.000Z,איי סיישל,108,7,115
2021-05-02T00:00:00.000Z,איטליה,8,8,16
2021-05-02T00:00:00.000Z,אזרביג'אן,7,5,12
2021-05-02T00:00:00.000Z,אוקראינה,276,131,407
2021-05-02T00:00:00.000Z,אוסטריה,15,9,24
2021-05-02T00:00:00.000Z,אוזבקיסטן,4,12,16
2021-05-02T00:00:00.000Z,אוגנדה,0,2,2
2021-05-02T00:00:00.000Z,קוריאה הדרומית,5,1,6
2021-05-02T00:00:00.000Z,קוסטה ריקה,3,4,7
2021-05-02T00:00:00.000Z,קרואטיה,23,3,26
2021-05-03T00:00:00.000Z,אלבניה,0,1,1
2021-05-03T00:00:00.000Z,אקואדור,0,2,2
2021-05-03T00:00:00.000Z,ארגנטינה,3,0,3
2021-05-03T00:00:00.000Z,ארצות הברית,656,643,1299
2021-05-03T00:00:00.000Z,אתיופיה,25,5,30
2021-05-03T00:00:00.000Z,פנמה,1,3,4
2021-05-03T00:00:00.000Z,אוגנדה,6,0,6
2021-05-03T00:00:00.000Z,אוסטריה,62,50,112
2021-05-03T00:00:00.000Z,אוסטרליה,0,2,2
2021-05-03T00:00:00.000Z,אוקראינה,23,28,51
2021-05-03T00:00:00.000Z,אורגוואי,1,3,4
2021-05-03T00:00:00.000Z,איטליה,21,15,36
2021-05-03T00:00:00.000Z,איי סיישל,145,5,150
2021-05-03T00:00:00.000Z,תורכיה,47,27,74
2021-05-03T00:00:00.000Z,תוניסיה,1,0,1
2021-05-03T00:00:00.000Z,תאילנד,1,2,3
2021-05-03T00:00:00.000Z,שוויץ,33,40,73
2021-05-03T00:00:00.000Z,שוודיה,2,1,3
2021-05-03T00:00:00.000Z,רוסיה,157,297,454
2021-05-03T00:00:00.000Z,רומניה,39,15,54
2021-05-03T00:00:00.000Z,רואנדה,6,2,8
2021-05-03T00:00:00.000Z,קרואטיה,13,2,15
2021-05-03T00:00:00.000Z,קפריסין,102,17,119
2021-05-03T00:00:00.000Z,קניה,5,0,5
2021-05-03T00:00:00.000Z,קנדה,3,2,5
2021-05-03T00:00:00.000Z,קירג'זסטאן,1,0,1
2021-05-03T00:00:00.000Z,קזחסטאן,0,1,1
2021-05-03T00:00:00.000Z,קוריאה הדרומית,1,0,1
2021-05-03T00:00:00.000Z,קוסטה ריקה,10,3,13
2021-05-03T00:00:00.000Z,קולומביה,1,2,3
2021-05-03T00:00:00.000Z,קובה,5,0,5
2021-05-03T00:00:00.000Z,צרפת,183,276,459
2021-05-03T00:00:00.000Z,צכיה,1,1,2
2021-05-03T00:00:00.000Z,צ'ילה,1,5,6
2021-05-03T00:00:00.000Z,פרו,1,0,1
2021-05-03T00:00:00.000Z,פרגוואי,2,0,2
2021-05-03T00:00:00.000Z,פיליפינים,0,9,9
2021-05-03T00:00:00.000Z,אינדונזיה,1,0,1
2021-05-03T00:00:00.000Z,איסלנד,5,0,5
2021-05-03T00:00:00.000Z,אירלנד,0,1,1
2021-05-03T00:00:00.000Z,איחוד האמירויות הערב,319,45,364
2021-05-03T00:00:00.000Z,פורטוגל,4,6,10
2021-05-03T00:00:00.000Z,פולין,10,4,14
2021-05-03T00:00:00.000Z,סרביה,2,1,3
2021-05-03T00:00:00.000Z,ספרד,59,50,109
2021-05-03T00:00:00.000Z,סנגל,0,1,1
2021-05-03T00:00:00.000Z,סינגפור,1,0,1
2021-05-03T00:00:00.000Z,סיירה ליאונה,0,2,2
2021-05-03T00:00:00.000Z,סוריה,0,3,3
2021-05-03T00:00:00.000Z,נפאל,2,2,4
2021-05-03T00:00:00.000Z,ניגריה,3,1,4
2021-05-03T00:00:00.000Z,נורבגיה,0,3,3
2021-05-03T00:00:00.000Z,מרוקו,1,2,3
2021-05-03T00:00:00.000Z,מקסיקו,7,6,13
2021-05-03T00:00:00.000Z,מצרים,463,26,489
2021-05-03T00:00:00.000Z,מלטה,1,0,1
2021-05-03T00:00:00.000Z,מלדיבים,11,1,12
2021-05-03T00:00:00.000Z,מונטנגרו,17,0,17
2021-05-03T00:00:00.000Z,ליטא,4,0,4
2021-05-03T00:00:00.000Z,לוכסמבורג,1,0,1
2021-05-03T00:00:00.000Z,כלל המדינות,4030,2504,6534
2021-05-03T00:00:00.000Z,ירדן,27,18,45
2021-05-03T00:00:00.000Z,יוון,44,10,54
2021-05-03T00:00:00.000Z,טנזניה,2,2,4
2021-05-03T00:00:00.000Z,חוף השנהב,2,0,2
2021-05-03T00:00:00.000Z,בוטסואנה,0,1,1
2021-05-03T00:00:00.000Z,בולגריה,194,10,204
2021-05-03T00:00:00.000Z,בוליביה,2,0,2
2021-05-03T00:00:00.000Z,בוסניה הרצגובינה,1,0,1
2021-05-03T00:00:00.000Z,בילורוסיה,2,0,2
2021-05-03T00:00:00.000Z,בלגיה,3,6,9
2021-05-03T00:00:00.000Z,ברזיל,5,5,10
2021-05-03T00:00:00.000Z,גאורגיה,266,15,281
2021-05-03T00:00:00.000Z,גאנה,4,0,4
2021-05-03T00:00:00.000Z,גרמניה,80,64,144
2021-05-03T00:00:00.000Z,דנמרק,3,3,6
2021-05-03T00:00:00.000Z,דרום אפריקה,11,8,19
2021-05-03T00:00:00.000Z,הודו,89,144,233
2021-05-03T00:00:00.000Z,הולנד,33,16,49
2021-05-03T00:00:00.000Z,הונג קונג,0,1,1
2021-05-03T00:00:00.000Z,הונגריה,39,22,61
2021-05-03T00:00:00.000Z,הממלכה המאוחדת,32,74,106
2021-05-03T00:00:00.000Z,הרפ הדומיניקנית,1,0,1
2021-05-04T00:00:00.000Z,מאלי,2,0,2
2021-05-04T00:00:00.000Z,מקסיקו,5,7,12
2021-05-04T00:00:00.000Z,תורכיה,20,25,45
2021-05-04T00:00:00.000Z,תוניסיה,0,2,2
2021-05-04T00:00:00.000Z,תאילנד,2,2,4
2021-05-04T00:00:00.000Z,שוויץ,11,0,11
2021-05-04T00:00:00.000Z,רוסיה,37,21,58
2021-05-04T00:00:00.000Z,רומניה,25,19,44
2021-05-04T00:00:00.000Z,קרואטיה,0,2,2
2021-05-04T00:00:00.000Z,קניה,2,0,2
2021-05-04T00:00:00.000Z,קזחסטאן,1,2,3
2021-05-04T00:00:00.000Z,קוריאה הדרומית,0,2,2
2021-05-04T00:00:00.000Z,קוסטה ריקה,8,7,15
2021-05-04T00:00:00.000Z,קולומביה,1,6,7
2021-05-04T00:00:00.000Z,צרפת,85,147,232
2021-05-04T00:00:00.000Z,צ'ילה,0,2,2
2021-05-04T00:00:00.000Z,פרו,2,1,3
2021-05-04T00:00:00.000Z,פנמה,1,1,2
2021-05-04T00:00:00.000Z,פינלנד,0,6,6
2021-05-04T00:00:00.000Z,פיליפינים,0,2,2
2021-05-04T00:00:00.000Z,עומן,1,1,2
2021-05-04T00:00:00.000Z,סרביה,0,2,2
2021-05-04T00:00:00.000Z,ספרד,22,20,42
2021-05-04T00:00:00.000Z,סלובניה,1,0,1
2021-05-04T00:00:00.000Z,נפאל,1,1,2
2021-05-04T00:00:00.000Z,ניגריה,1,1,2
2021-05-04T00:00:00.000Z,מרוקו,8,1,9
2021-05-04T00:00:00.000Z,מצרים,348,71,419
2021-05-04T00:00:00.000Z,מלטה,1,0,1
2021-05-04T00:00:00.000Z,מלדיבים,193,20,213
2021-05-04T00:00:00.000Z,מולדובה,1,0,1
2021-05-04T00:00:00.000Z,איחוד האמירויות הערב,151,16,167
2021-05-04T00:00:00.000Z,לטביה,4,2,6
2021-05-04T00:00:00.000Z,לבנון,10,0,10
2021-05-04T00:00:00.000Z,כלל המדינות,2070,1348,3418
2021-05-04T00:00:00.000Z,ירדן,32,24,56
2021-05-04T00:00:00.000Z,יוון,44,10,54
2021-05-04T00:00:00.000Z,חוף השנהב,1,0,1
2021-05-04T00:00:00.000Z,זמביה,2,0,2
2021-05-04T00:00:00.000Z,הממלכה המאוחדת,53,68,121
2021-05-04T00:00:00.000Z,הונגריה,35,13,48
2021-05-04T00:00:00.000Z,דרום אפריקה,10,2,12
2021-05-04T00:00:00.000Z,דנמרק,3,3,6
2021-05-04T00:00:00.000Z,גרמניה,70,74,144
2021-05-04T00:00:00.000Z,גווטאמלה,1,0,1
2021-05-04T00:00:00.000Z,גאורגיה,5,0,5
2021-05-04T00:00:00.000Z,ברזיל,3,7,10
2021-05-04T00:00:00.000Z,בילורוסיה,48,15,63
2021-05-04T00:00:00.000Z,בורונדי,1,0,1
2021-05-04T00:00:00.000Z,בולגריה,2,0,2
2021-05-04T00:00:00.000Z,אתיופיה,6,9,15
2021-05-04T00:00:00.000Z,ארצות הברית,364,321,685
2021-05-04T00:00:00.000Z,ארגנטינה,6,11,17
2021-05-04T00:00:00.000Z,אקואדור,0,1,1
2021-05-04T00:00:00.000Z,אירלנד,0,1,1
2021-05-04T00:00:00.000Z,איי סיישל,0,1,1
2021-05-04T00:00:00.000Z,איטליה,6,9,15
2021-05-04T00:00:00.000Z,אזרביג'אן,1,1,2
2021-05-04T00:00:00.000Z,אורגוואי,1,0,1
2021-05-04T00:00:00.000Z,אוקראינה,80,51,131
2021-05-04T00:00:00.000Z,אוסטריה,4,2,6
2021-05-04T00:00:00.000Z,אוזבקיסטן,4,20,24
2021-05-04T00:00:00.000Z,אוגנדה,0,2,2
2021-05-05T00:00:00.000Z,ונצואלה,0,3,3
2021-05-05T00:00:00.000Z,זימבאבווה,1,0,1
2021-05-05T00:00:00.000Z,זמביה,1,0,1
2021-05-05T00:00:00.000Z,טיוואן,1,8,9
2021-05-05T00:00:00.000Z,אוסטרליה,0,13,13
2021-05-05T00:00:00.000Z,טנזניה,5,0,5
2021-05-05T00:00:00.000Z,יוון,46,2,48
2021-05-05T00:00:00.000Z,ירדן,27,31,58
2021-05-05T00:00:00.000Z,כלל המדינות,2425,2049,4474
2021-05-05T00:00:00.000Z,ליטא,4,0,4
2021-05-05T00:00:00.000Z,מוזמביק,1,0,1
2021-05-05T00:00:00.000Z,מולדובה,1,0,1
2021-05-05T00:00:00.000Z,מלדיבים,14,0,14
2021-05-05T00:00:00.000Z,מלטה,6,0,6
2021-05-05T00:00:00.000Z,איחוד האמירויות הערב,193,31,224
2021-05-05T00:00:00.000Z,אזרביג'אן,11,0,11
2021-05-05T00:00:00.000Z,איי ווליס ופוטונה,1,0,1
2021-05-05T00:00:00.000Z,מצרים,280,46,326
2021-05-05T00:00:00.000Z,מקסיקו,41,6,47
2021-05-05T00:00:00.000Z,איטליה,23,16,39
2021-05-05T00:00:00.000Z,אוסטריה,23,27,50
2021-05-05T00:00:00.000Z,אוזבקיסטן,2,0,2
2021-05-05T00:00:00.000Z,אוגנדה,1,0,1
2021-05-05T00:00:00.000Z,איי סיישל,109,14,123
2021-05-05T00:00:00.000Z,איסלנד,6,0,6
2021-05-05T00:00:00.000Z,אסטוניה,1,3,4
2021-05-05T00:00:00.000Z,ארגנטינה,0,4,4
2021-05-05T00:00:00.000Z,ארצות הברית,550,715,1265
2021-05-05T00:00:00.000Z,אתיופיה,19,14,33
2021-05-05T00:00:00.000Z,בוטסואנה,0,2,2
2021-05-05T00:00:00.000Z,בולגריה,2,0,2
2021-05-05T00:00:00.000Z,בלגיה,3,6,9
2021-05-05T00:00:00.000Z,ברזיל,0,2,2
2021-05-05T00:00:00.000Z,גאורגיה,78,4,82
2021-05-05T00:00:00.000Z,גווטאמלה,0,1,1
2021-05-05T00:00:00.000Z,גרמניה,79,109,188
2021-05-05T00:00:00.000Z,דנמרק,3,1,4
2021-05-05T00:00:00.000Z,דרום אפריקה,14,6,20
2021-05-05T00:00:00.000Z,האנטילים ההולנדים,2,0,2
2021-05-05T00:00:00.000Z,הולנד,39,31,70
2021-05-05T00:00:00.000Z,הממלכה המאוחדת,10,30,40
2021-05-05T00:00:00.000Z,תורכיה,39,21,60
2021-05-05T00:00:00.000Z,תאילנד,1,3,4
2021-05-05T00:00:00.000Z,שוויץ,6,10,16
2021-05-05T00:00:00.000Z,שוודיה,1,5,6
2021-05-05T00:00:00.000Z,נורבגיה,0,1,1
2021-05-05T00:00:00.000Z,ניגריה,2,1,3
2021-05-05T00:00:00.000Z,ניו זילנד,1,1,2
2021-05-05T00:00:00.000Z,אוקראינה,38,31,69
2021-05-05T00:00:00.000Z,נפאל,2,2,4
2021-05-05T00:00:00.000Z,סין,0,17,17
2021-05-05T00:00:00.000Z,סינגפור,0,1,1
2021-05-05T00:00:00.000Z,ספרד,2,5,7
2021-05-05T00:00:00.000Z,סרביה,3,6,9
2021-05-05T00:00:00.000Z,סרי לנקה (צילון),0,1,1
2021-05-05T00:00:00.000Z,ערב הסעודית,0,1,1
2021-05-05T00:00:00.000Z,פולין,28,12,40
2021-05-05T00:00:00.000Z,פורטוגל,1,8,9
2021-05-05T00:00:00.000Z,פיליפינים,1,2,3
2021-05-05T00:00:00.000Z,פינלנד,3,0,3
2021-05-05T00:00:00.000Z,פנמה,1,0,1
2021-05-05T00:00:00.000Z,צכיה,3,1,4
2021-05-05T00:00:00.000Z,צרפת,79,200,279
2021-05-05T00:00:00.000Z,קוסטה ריקה,14,3,17
2021-05-05T00:00:00.000Z,קזחסטאן,3,1,4
2021-05-05T00:00:00.000Z,קירג'זסטאן,1,0,1
2021-05-05T00:00:00.000Z,קנדה,6,87,93
2021-05-05T00:00:00.000Z,קניה,3,4,7
2021-05-05T00:00:00.000Z,קפריסין,72,10,82
2021-05-05T00:00:00.000Z,קרואטיה,6,3,9
2021-05-05T00:00:00.000Z,רומניה,39,28,67
2021-05-05T00:00:00.000Z,רוסיה,69,86,155
2021-05-06T00:00:00.000Z,סוריה,0,4,4
2021-05-06T00:00:00.000Z,נפאל,7,4,11
2021-05-06T00:00:00.000Z,ניגריה,4,0,4
2021-05-06T00:00:00.000Z,נורבגיה,0,3,3
2021-05-06T00:00:00.000Z,מקסיקו,7,3,10
2021-05-06T00:00:00.000Z,מצרים,362,24,386
2021-05-06T00:00:00.000Z,מלדיבים,15,0,15
2021-05-06T00:00:00.000Z,מולדובה,26,78,104
2021-05-06T00:00:00.000Z,מוזמביק,1,0,1
2021-05-06T00:00:00.000Z,מדגסקר,0,2,2
2021-05-06T00:00:00.000Z,מאלי,1,1,2
2021-05-06T00:00:00.000Z,לסוטו,1,0,1
2021-05-06T00:00:00.000Z,קניה,2,2,4
2021-05-06T00:00:00.000Z,לבנון,1,1,2
2021-05-06T00:00:00.000Z,כלל המדינות,3615,2279,5894
2021-05-06T00:00:00.000Z,ירדן,49,41,90
2021-05-06T00:00:00.000Z,יוון,74,4,78
2021-05-06T00:00:00.000Z,טנזניה,3,0,3
2021-05-06T00:00:00.000Z,טיוואן,3,1,4
2021-05-06T00:00:00.000Z,חוף השנהב,8,2,10
2021-05-06T00:00:00.000Z,זמביה,1,0,1
2021-05-06T00:00:00.000Z,קנדה,4,1,5
2021-05-06T00:00:00.000Z,קמרון,3,1,4
2021-05-06T00:00:00.000Z,ליטא,3,2,5
2021-05-06T00:00:00.000Z,תורכיה,48,29,77
2021-05-06T00:00:00.000Z,תאילנד,7,268,275
2021-05-06T00:00:00.000Z,שוויץ,23,35,58
2021-05-06T00:00:00.000Z,שוודיה,2,1,3
2021-05-06T00:00:00.000Z,קירג'זסטאן,0,1,1
2021-05-06T00:00:00.000Z,קטר,2,1,3
2021-05-06T00:00:00.000Z,קזחסטאן,4,1,5
2021-05-06T00:00:00.000Z,קוריאה הדרומית,1,0,1
2021-05-06T00:00:00.000Z,קוסטה ריקה,6,1,7
2021-05-06T00:00:00.000Z,זימבאבווה,2,0,2
2021-05-06T00:00:00.000Z,זאיר,0,1,1
2021-05-06T00:00:00.000Z,הרפ הדומיניקנית,0,1,1
2021-05-06T00:00:00.000Z,הממלכה המאוחדת,76,123,199
2021-05-06T00:00:00.000Z,הונגריה,1,0,1
2021-05-06T00:00:00.000Z,הולנד,3,1,4
2021-05-06T00:00:00.000Z,דרום אפריקה,8,7,15
2021-05-06T00:00:00.000Z,דנמרק,4,7,11
2021-05-06T00:00:00.000Z,גרמניה,112,85,197
2021-05-06T00:00:00.000Z,גווטאמלה,0,1,1
2021-05-06T00:00:00.000Z,גבון,1,0,1
2021-05-06T00:00:00.000Z,גאנה,8,1,9
2021-05-06T00:00:00.000Z,גאורגיה,240,28,268
2021-05-06T00:00:00.000Z,קולומביה,5,6,11
2021-05-06T00:00:00.000Z,ברזיל,8,3,11
2021-05-06T00:00:00.000Z,בלגיה,44,44,88
2021-05-06T00:00:00.000Z,בילורוסיה,103,36,139
2021-05-06T00:00:00.000Z,בולגריה,20,4,24
2021-05-06T00:00:00.000Z,אתיופיה,40,15,55
2021-05-06T00:00:00.000Z,ארצות הברית,474,494,968
2021-05-06T00:00:00.000Z,ארמניה,0,1,1
2021-05-06T00:00:00.000Z,ארגנטינה,8,22,30
2021-05-06T00:00:00.000Z,אסטוניה,3,0,3
2021-05-06T00:00:00.000Z,אנגולה,2,1,3
2021-05-06T00:00:00.000Z,אלבניה,4,0,4
2021-05-06T00:00:00.000Z,אירלנד,2,4,6
2021-05-06T00:00:00.000Z,איי סיישל,95,5,100
2021-05-06T00:00:00.000Z,איטליה,13,8,21
2021-05-06T00:00:00.000Z,אזרביג'אן,28,0,28
2021-05-06T00:00:00.000Z,אורגוואי,1,2,3
2021-05-06T00:00:00.000Z,אוקראינה,66,59,125
2021-05-06T00:00:00.000Z,אוסטרליה,1,2,3
2021-05-06T00:00:00.000Z,אוסטריה,20,13,33
2021-05-06T00:00:00.000Z,אוזבקיסטן,7,5,12
2021-05-06T00:00:00.000Z,אוגנדה,5,1,6
2021-05-06T00:00:00.000Z,איחוד האמירויות הערב,391,37,428
2021-05-06T00:00:00.000Z,רוסיה,47,93,140
2021-05-06T00:00:00.000Z,רומניה,34,12,46
2021-05-06T00:00:00.000Z,צרפת,140,189,329
2021-05-06T00:00:00.000Z,צכיה,0,1,1
2021-05-06T00:00:00.000Z,פרו,1,2,3
2021-05-06T00:00:00.000Z,פנמה,5,4,9
2021-05-06T00:00:00.000Z,פינלנד,2,1,3
2021-05-06T00:00:00.000Z,רואנדה,2,0,2
2021-05-06T00:00:00.000Z,פיליפינים,1,12,13
2021-05-06T00:00:00.000Z,פורטוגל,7,0,7
2021-05-06T00:00:00.000Z,פולין,6,1,7
2021-05-06T00:00:00.000Z,ערב הסעודית,2,1,3
2021-05-06T00:00:00.000Z,סרי לנקה (צילון),1,0,1
2021-05-06T00:00:00.000Z,סרביה,1,0,1
2021-05-06T00:00:00.000Z,ספרד,24,17,41
2021-05-06T00:00:00.000Z,סנגל,4,0,4
2021-05-06T00:00:00.000Z,קרואטיה,5,2,7
2021-05-06T00:00:00.000Z,קפריסין,209,9,218
2021-05-06T00:00:00.000Z,סלובניה,2,0,2
2021-05-06T00:00:00.000Z,סינגפור,2,0,2
2021-05-06T00:00:00.000Z,סין,0,6,6
2021-05-06T00:00:00.000Z,סיירה ליאונה,0,1,1
2021-05-07T00:00:00.000Z,תאילנד,4,5,9
2021-05-07T00:00:00.000Z,גרמניה,87,60,147
2021-05-07T00:00:00.000Z,אוסטריה,44,22,66
2021-05-07T00:00:00.000Z,אוסטרליה,0,2,2
2021-05-07T00:00:00.000Z,אוקראינה,42,18,60
2021-05-07T00:00:00.000Z,אזרביג'אן,1,0,1
2021-05-07T00:00:00.000Z,איטליה,38,14,52
2021-05-07T00:00:00.000Z,איי סיישל,1,0,1
2021-05-07T00:00:00.000Z,אינדונזיה,1,0,1
2021-05-07T00:00:00.000Z,איסלנד,2,0,2
2021-05-07T00:00:00.000Z,אלבניה,2,1,3
2021-05-07T00:00:00.000Z,אנגולה,1,0,1
2021-05-07T00:00:00.000Z,אסטוניה,1,2,3
2021-05-07T00:00:00.000Z,ארמניה,1,0,1
2021-05-07T00:00:00.000Z,ארצות הברית,784,568,1352
2021-05-07T00:00:00.000Z,בולגריה,103,17,120
2021-05-07T00:00:00.000Z,בחריין,0,1,1
2021-05-07T00:00:00.000Z,בילורוסיה,4,1,5
2021-05-07T00:00:00.000Z,בלגיה,0,6,6
2021-05-07T00:00:00.000Z,ברזיל,1,4,5
2021-05-07T00:00:00.000Z,גאורגיה,197,28,225
2021-05-07T00:00:00.000Z,צרפת,88,193,281
2021-05-07T00:00:00.000Z,קולומביה,1,1,2
2021-05-07T00:00:00.000Z,קוסטה ריקה,5,1,6
2021-05-07T00:00:00.000Z,קוריאה הדרומית,1,0,1
2021-05-07T00:00:00.000Z,קזחסטאן,3,4,7
2021-05-07T00:00:00.000Z,קטר,0,1,1
2021-05-07T00:00:00.000Z,קנדה,5,42,47
2021-05-07T00:00:00.000Z,קפריסין,79,18,97
2021-05-07T00:00:00.000Z,רומניה,1,0,1
2021-05-07T00:00:00.000Z,רוסיה,169,130,299
2021-05-07T00:00:00.000Z,שוודיה,1,3,4
2021-05-07T00:00:00.000Z,שוויץ,76,39,115
2021-05-07T00:00:00.000Z,אוזבקיסטן,3,0,3
2021-05-07T00:00:00.000Z,תורכיה,11,9,20
2021-05-07T00:00:00.000Z,איחוד האמירויות הערב,181,14,195
2021-05-07T00:00:00.000Z,צכיה,7,0,7
2021-05-07T00:00:00.000Z,פרו,0,1,1
2021-05-07T00:00:00.000Z,פנמה,2,4,6
2021-05-07T00:00:00.000Z,פינלנד,2,6,8
2021-05-07T00:00:00.000Z,פורטוגל,13,4,17
2021-05-07T00:00:00.000Z,פולין,44,6,50
2021-05-07T00:00:00.000Z,סרביה,2,3,5
2021-05-07T00:00:00.000Z,ספרד,19,7,26
2021-05-07T00:00:00.000Z,סלובניה,0,1,1
2021-05-07T00:00:00.000Z,סוריה,0,6,6
2021-05-07T00:00:00.000Z,נפאל,3,1,4
2021-05-07T00:00:00.000Z,ניו זילנד,2,0,2
2021-05-07T00:00:00.000Z,נורבגיה,0,2,2
2021-05-07T00:00:00.000Z,מרוקו,5,0,5
2021-05-07T00:00:00.000Z,מקסיקו,14,7,21
2021-05-07T00:00:00.000Z,מצרים,274,25,299
2021-05-07T00:00:00.000Z,מלטה,5,0,5
2021-05-07T00:00:00.000Z,מלדיבים,8,0,8
2021-05-07T00:00:00.000Z,מונטנגרו,27,2,29
2021-05-07T00:00:00.000Z,מולדובה,1,1,2
2021-05-07T00:00:00.000Z,ליטא,2,2,4
2021-05-07T00:00:00.000Z,לטביה,2,4,6
2021-05-07T00:00:00.000Z,כלל המדינות,2988,3261,6249
2021-05-07T00:00:00.000Z,יוון,86,6,92
2021-05-07T00:00:00.000Z,הרפ הדומיניקנית,1,0,1
2021-05-07T00:00:00.000Z,הממלכה המאוחדת,26,58,84
2021-05-07T00:00:00.000Z,הונגריה,56,19,75
2021-05-07T00:00:00.000Z,הולנד,33,22,55
2021-05-07T00:00:00.000Z,הודו,0,1,1
2021-05-07T00:00:00.000Z,דנמרק,1,0,1
2021-05-08T00:00:00.000Z,לבנון,0,1,1
2021-05-08T00:00:00.000Z,לטביה,1,0,1
2021-05-08T00:00:00.000Z,קפריסין,86,9,95
2021-05-08T00:00:00.000Z,כלל המדינות,1626,1095,2721
2021-05-08T00:00:00.000Z,ירדן,1,0,1
2021-05-08T00:00:00.000Z,יפן,0,2,2
2021-05-08T00:00:00.000Z,יוון,4,4,8
2021-05-08T00:00:00.000Z,טנזניה,0,1,1
2021-05-08T00:00:00.000Z,חוף השנהב,1,0,1
2021-05-08T00:00:00.000Z,זמביה,4,0,4
2021-05-08T00:00:00.000Z,זאיר,2,0,2
2021-05-08T00:00:00.000Z,הרפ הדומיניקנית,2,0,2
2021-05-08T00:00:00.000Z,הממלכה המאוחדת,15,14,29
2021-05-08T00:00:00.000Z,הונגריה,1,0,1
2021-05-08T00:00:00.000Z,האנטילים ההולנדים,1,0,1
2021-05-08T00:00:00.000Z,דרום אפריקה,6,3,9
2021-05-08T00:00:00.000Z,דנמרק,3,2,5
2021-05-08T00:00:00.000Z,גרמניה,81,104,185
2021-05-08T00:00:00.000Z,גינאה,1,0,1
2021-05-08T00:00:00.000Z,גאנה,4,0,4
2021-05-08T00:00:00.000Z,גאורגיה,2,0,2
2021-05-08T00:00:00.000Z,בלגיה,1,7,8
2021-05-08T00:00:00.000Z,בילורוסיה,1,0,1
2021-05-08T00:00:00.000Z,אתיופיה,30,6,36
2021-05-08T00:00:00.000Z,ארצות הברית,286,457,743
2021-05-08T00:00:00.000Z,ארגנטינה,1,0,1
2021-05-08T00:00:00.000Z,אסטוניה,2,0,2
2021-05-08T00:00:00.000Z,אנגולה,1,0,1
2021-05-08T00:00:00.000Z,אירלנד,2,5,7
2021-05-08T00:00:00.000Z,איי סיישל,60,4,64
2021-05-08T00:00:00.000Z,איטליה,17,5,22
2021-05-08T00:00:00.000Z,אורגוואי,1,0,1
2021-05-08T00:00:00.000Z,אוקראינה,61,20,81
2021-05-08T00:00:00.000Z,אוסטרליה,0,1,1
2021-05-08T00:00:00.000Z,אוסטריה,20,20,40
2021-05-08T00:00:00.000Z,אוזבקיסטן,1,1,2
2021-05-08T00:00:00.000Z,אוגנדה,7,0,7
2021-05-08T00:00:00.000Z,פינלנד,3,4,7
2021-05-08T00:00:00.000Z,איחוד האמירויות הערב,152,23,175
2021-05-08T00:00:00.000Z,פיליפינים,0,6,6
2021-05-08T00:00:00.000Z,פורטוגל,11,8,19
2021-05-08T00:00:00.000Z,פולין,14,4,18
2021-05-08T00:00:00.000Z,סרביה,1,0,1
2021-05-08T00:00:00.000Z,ספרד,1,4,5
2021-05-08T00:00:00.000Z,סנגל,1,0,1
2021-05-08T00:00:00.000Z,סינגפור,1,0,1
2021-05-08T00:00:00.000Z,סין,0,5,5
2021-05-08T00:00:00.000Z,נמיביה,2,0,2
2021-05-08T00:00:00.000Z,ניו זילנד,0,1,1
2021-05-08T00:00:00.000Z,ניגריה,6,3,9
2021-05-08T00:00:00.000Z,מקסיקו,1,3,4
2021-05-08T00:00:00.000Z,מצרים,523,20,543
2021-05-08T00:00:00.000Z,מלדיבים,3,0,3
2021-05-08T00:00:00.000Z,מלאווי,1,0,1
2021-05-08T00:00:00.000Z,מוזמביק,2,0,2
2021-05-08T00:00:00.000Z,שוודיה,1,2,3
2021-05-08T00:00:00.000Z,שוויץ,5,3,8
2021-05-08T00:00:00.000Z,תאילנד,0,4,4
2021-05-08T00:00:00.000Z,תורכיה,10,17,27
2021-05-08T00:00:00.000Z,קניה,6,2,8
2021-05-08T00:00:00.000Z,קרואטיה,2,3,5
2021-05-08T00:00:00.000Z,רומניה,40,17,57
2021-05-08T00:00:00.000Z,רפ מרכז אפריקנית,1,0,1
2021-05-08T00:00:00.000Z,קנדה,0,1,1
2021-05-08T00:00:00.000Z,קזחסטאן,1,0,1
2021-05-08T00:00:00.000Z,קוריאה הדרומית,2,4,6
2021-05-08T00:00:00.000Z,קוסטה ריקה,1,2,3
2021-05-08T00:00:00.000Z,צרפת,18,59,77
2021-05-08T00:00:00.000Z,צכיה,3,3,6
2021-05-08T00:00:00.000Z,לסוטו,1,0,1
2021-05-08T00:00:00.000Z,ברזיל,2,1,3
2021-05-09T00:00:00.000Z,פינלנד,4,1,5
2021-05-09T00:00:00.000Z,פרו,1,0,1
2021-05-09T00:00:00.000Z,צכיה,2,0,2
2021-05-09T00:00:00.000Z,צרפת,104,208,312
2021-05-09T00:00:00.000Z,קולומביה,1,0,1
2021-05-09T00:00:00.000Z,קוסטה ריקה,3,0,3
2021-05-09T00:00:00.000Z,קוריאה הדרומית,6,6,12
2021-05-09T00:00:00.000Z,קירג'זסטאן,0,1,1
2021-05-09T00:00:00.000Z,קנדה,0,18,18
2021-05-09T00:00:00.000Z,קניה,2,0,2
2021-05-09T00:00:00.000Z,קפריסין,158,30,188
2021-05-09T00:00:00.000Z,קרואטיה,2,0,2
2021-05-09T00:00:00.000Z,רומניה,49,20,69
2021-05-09T00:00:00.000Z,רוסיה,75,50,125
2021-05-09T00:00:00.000Z,שוודיה,4,3,7
2021-05-09T00:00:00.000Z,שוויץ,22,30,52
2021-05-09T00:00:00.000Z,תאילנד,0,2,2
2021-05-09T00:00:00.000Z,תורכיה,56,29,85
2021-05-09T00:00:00.000Z,סינגפור,1,0,1
2021-05-09T00:00:00.000Z,ספרד,1,11,12
2021-05-09T00:00:00.000Z,סרביה,12,6,18
2021-05-09T00:00:00.000Z,סרי לנקה (צילון),1,1,2
2021-05-09T00:00:00.000Z,איחוד האמירויות הערב,219,33,252
2021-05-09T00:00:00.000Z,איטליה,22,23,45
2021-05-09T00:00:00.000Z,איי סיישל,134,10,144
2021-05-09T00:00:00.000Z,אינדונזיה,0,3,3
2021-05-09T00:00:00.000Z,איסלנד,6,0,6
2021-05-09T00:00:00.000Z,אירלנד,1,0,1
2021-05-09T00:00:00.000Z,אל סלבדור,1,0,1
2021-05-09T00:00:00.000Z,אנגולה,1,0,1
2021-05-09T00:00:00.000Z,ארצות הברית,304,325,629
2021-05-09T00:00:00.000Z,בולגריה,120,3,123
2021-05-09T00:00:00.000Z,בחריין,0,1,1
2021-05-09T00:00:00.000Z,בילורוסיה,194,16,210
2021-05-09T00:00:00.000Z,בלגיה,1,5,6
2021-05-09T00:00:00.000Z,ברזיל,2,0,2
2021-05-09T00:00:00.000Z,גאורגיה,383,24,407
2021-05-09T00:00:00.000Z,גאנה,3,1,4
2021-05-09T00:00:00.000Z,גרמניה,90,144,234
2021-05-09T00:00:00.000Z,דנמרק,1,4,5
2021-05-09T00:00:00.000Z,דרום אפריקה,10,71,81
2021-05-09T00:00:00.000Z,הולנד,49,65,114
2021-05-09T00:00:00.000Z,הממלכה המאוחדת,58,142,200
2021-05-09T00:00:00.000Z,ויטנאם,0,1,1
2021-05-09T00:00:00.000Z,טיוואן,1,0,1
2021-05-09T00:00:00.000Z,יוון,221,19,240
2021-05-09T00:00:00.000Z,יפן,0,1,1
2021-05-09T00:00:00.000Z,ירדן,66,53,119
2021-05-09T00:00:00.000Z,כלל המדינות,4148,1945,6093
2021-05-09T00:00:00.000Z,לוכסמבורג,0,1,1
2021-05-09T00:00:00.000Z,לטביה,1,0,1
2021-05-09T00:00:00.000Z,ליטא,2,0,2
2021-05-09T00:00:00.000Z,מולדובה,8,2,10
2021-05-09T00:00:00.000Z,מונטנגרו,4,1,5
2021-05-09T00:00:00.000Z,מונקו,1,0,1
2021-05-09T00:00:00.000Z,מלדיבים,11,2,13
2021-05-09T00:00:00.000Z,מצרים,706,25,731
2021-05-09T00:00:00.000Z,אוסטרליה,1,4,5
2021-05-09T00:00:00.000Z,אוסטריה,14,13,27
2021-05-09T00:00:00.000Z,אוזבקיסטן,8,4,12
2021-05-09T00:00:00.000Z,אוגנדה,0,1,1
2021-05-09T00:00:00.000Z,אוקראינה,53,20,73
2021-05-09T00:00:00.000Z,אזרביג'אן,12,6,18
2021-05-09T00:00:00.000Z,מקסיקו,12,2,14
2021-05-09T00:00:00.000Z,מרוקו,0,2,2
2021-05-09T00:00:00.000Z,נורבגיה,1,0,1
2021-05-09T00:00:00.000Z,ניגריה,1,0,1
2021-05-09T00:00:00.000Z,ערב הסעודית,0,2,2
2021-05-09T00:00:00.000Z,פולין,34,9,43
2021-05-09T00:00:00.000Z,פורטו ריקו,1,0,1
2021-05-09T00:00:00.000Z,פורטוגל,11,2,13
2021-05-09T00:00:00.000Z,פיליפינים,1,9,10
2021-05-10T00:00:00.000Z,הונג קונג,0,4,4
2021-05-10T00:00:00.000Z,איחוד האמירויות הערב,234,20,254
2021-05-10T00:00:00.000Z,מלטה,0,1,1
2021-05-10T00:00:00.000Z,מצרים,446,15,461
2021-05-10T00:00:00.000Z,מקדוניה,5,0,5
2021-05-10T00:00:00.000Z,מקסיקו,8,9,17
2021-05-10T00:00:00.000Z,ניגריה,4,2,6
2021-05-10T00:00:00.000Z,סין,1,0,1
2021-05-10T00:00:00.000Z,סינגפור,0,2,2
2021-05-10T00:00:00.000Z,סלובניה,5,0,5
2021-05-10T00:00:00.000Z,סן מרינו,2,1,3
2021-05-10T00:00:00.000Z,ספרד,22,34,56
2021-05-10T00:00:00.000Z,סרביה,4,0,4
2021-05-10T00:00:00.000Z,ערב הסעודית,3,1,4
2021-05-10T00:00:00.000Z,פולין,5,4,9
2021-05-10T00:00:00.000Z,פורטוגל,14,8,22
2021-05-10T00:00:00.000Z,פיליפינים,0,10,10
2021-05-10T00:00:00.000Z,פינלנד,0,3,3
2021-05-10T00:00:00.000Z,פנמה,2,9,11
2021-05-10T00:00:00.000Z,פרו,0,2,2
2021-05-10T00:00:00.000Z,צ'ילה,0,5,5
2021-05-10T00:00:00.000Z,צכיה,3,6,9
2021-05-10T00:00:00.000Z,צרפת,150,262,412
2021-05-10T00:00:00.000Z,קולומביה,1,6,7
2021-05-10T00:00:00.000Z,קוסטה ריקה,3,2,5
2021-05-10T00:00:00.000Z,קטר,1,1,2
2021-05-10T00:00:00.000Z,קנדה,0,6,6
2021-05-10T00:00:00.000Z,קניה,12,0,12
2021-05-10T00:00:00.000Z,קפריסין,77,6,83
2021-05-10T00:00:00.000Z,קרואטיה,6,1,7
2021-05-10T00:00:00.000Z,רואנדה,3,0,3
2021-05-10T00:00:00.000Z,רומניה,41,27,68
2021-05-10T00:00:00.000Z,רוסיה,177,239,416
2021-05-10T00:00:00.000Z,שוודיה,1,3,4
2021-05-10T00:00:00.000Z,שוויץ,41,37,78
2021-05-10T00:00:00.000Z,מלדיבים,23,0,23
2021-05-10T00:00:00.000Z,ליטא,3,0,3
2021-05-10T00:00:00.000Z,לטביה,0,1,1
2021-05-10T00:00:00.000Z,לוכסמבורג,1,0,1
2021-05-10T00:00:00.000Z,כלל המדינות,4239,2780,7019
2021-05-10T00:00:00.000Z,ירדן,62,30,92
2021-05-10T00:00:00.000Z,יפן,0,1,1
2021-05-10T00:00:00.000Z,יוון,255,13,268
2021-05-10T00:00:00.000Z,טנזניה,7,0,7
2021-05-10T00:00:00.000Z,טיוואן,2,2,4
2021-05-10T00:00:00.000Z,טג'יקיסטאן,2,0,2
2021-05-10T00:00:00.000Z,זמביה,4,1,5
2021-05-10T00:00:00.000Z,הממלכה המאוחדת,47,95,142
2021-05-10T00:00:00.000Z,הונדורס,1,1,2
2021-05-10T00:00:00.000Z,הונגריה,48,15,63
2021-05-10T00:00:00.000Z,הולנד,37,24,61
2021-05-10T00:00:00.000Z,הודו,33,31,64
2021-05-10T00:00:00.000Z,האנטילים ההולנדים,0,1,1
2021-05-10T00:00:00.000Z,דרום סודאן,1,0,1
2021-05-10T00:00:00.000Z,דרום אפריקה,8,3,11
2021-05-10T00:00:00.000Z,דנמרק,0,2,2
2021-05-10T00:00:00.000Z,גרמניה,73,93,166
2021-05-10T00:00:00.000Z,גאנה,5,4,9
2021-05-10T00:00:00.000Z,גאורגיה,214,14,228
2021-05-10T00:00:00.000Z,ברזיל,1,1,2
2021-05-10T00:00:00.000Z,בלגיה,12,13,25
2021-05-10T00:00:00.000Z,בילורוסיה,0,1,1
2021-05-10T00:00:00.000Z,בוסניה הרצגובינה,1,0,1
2021-05-10T00:00:00.000Z,בוליביה,1,0,1
2021-05-10T00:00:00.000Z,בולגריה,267,20,287
2021-05-10T00:00:00.000Z,בוטסואנה,2,0,2
2021-05-10T00:00:00.000Z,אתיופיה,32,9,41
2021-05-10T00:00:00.000Z,ארצות הברית,708,872,1580
2021-05-10T00:00:00.000Z,ארמניה,3,0,3
2021-05-10T00:00:00.000Z,ארגנטינה,4,1,5
2021-05-10T00:00:00.000Z,אקואדור,1,0,1
2021-05-10T00:00:00.000Z,אסטוניה,0,5,5
2021-05-10T00:00:00.000Z,אלבניה,1,1,2
2021-05-10T00:00:00.000Z,איי סיישל,147,6,153
2021-05-10T00:00:00.000Z,איי ווליס ופוטונה,1,0,1
2021-05-10T00:00:00.000Z,איטליה,26,18,44
2021-05-10T00:00:00.000Z,אזרביג'אן,14,0,14
2021-05-10T00:00:00.000Z,אורגוואי,1,0,1
2021-05-10T00:00:00.000Z,אוקראינה,49,24,73
2021-05-10T00:00:00.000Z,אוסטרליה,1,7,8
2021-05-10T00:00:00.000Z,אוסטריה,49,39,88
2021-05-10T00:00:00.000Z,אוזבקיסטן,3,2,5
2021-05-10T00:00:00.000Z,אוגנדה,4,1,5
2021-05-10T00:00:00.000Z,תאילנד,1,0,1
2021-05-10T00:00:00.000Z,תוניסיה,1,0,1
2021-05-10T00:00:00.000Z,תורכיה,31,16,47
2021-05-11T00:00:00.000Z,אוגנדה,7,1,8
2021-05-11T00:00:00.000Z,בולגריה,23,1,24
2021-05-11T00:00:00.000Z,בחריין,0,2,2
2021-05-11T00:00:00.000Z,בילורוסיה,71,16,87
2021-05-11T00:00:00.000Z,בלגיה,2,3,5
2021-05-11T00:00:00.000Z,ברזיל,7,2,9
2021-05-11T00:00:00.000Z,גאורגיה,60,8,68
2021-05-11T00:00:00.000Z,גאנה,4,0,4
2021-05-11T00:00:00.000Z,בהמס,1,0,1
2021-05-11T00:00:00.000Z,אתיופיה,24,4,28
2021-05-11T00:00:00.000Z,ארצות הברית,378,397,775
2021-05-11T00:00:00.000Z,גרמניה,36,58,94
2021-05-11T00:00:00.000Z,דנמרק,2,0,2
2021-05-11T00:00:00.000Z,דרום אפריקה,12,3,15
2021-05-11T00:00:00.000Z,הולנד,1,0,1
2021-05-11T00:00:00.000Z,הונג קונג,0,1,1
2021-05-11T00:00:00.000Z,הונגריה,37,34,71
2021-05-11T00:00:00.000Z,הממלכה המאוחדת,27,58,85
2021-05-11T00:00:00.000Z,זאיר,1,0,1
2021-05-11T00:00:00.000Z,זימבאבווה,1,1,2
2021-05-11T00:00:00.000Z,יוון,89,65,154
2021-05-11T00:00:00.000Z,יפן,0,1,1
2021-05-11T00:00:00.000Z,ירדן,59,26,85
2021-05-11T00:00:00.000Z,כלל המדינות,2111,1475,3586
2021-05-11T00:00:00.000Z,לטביה,4,2,6
2021-05-11T00:00:00.000Z,ליבריה,1,0,1
2021-05-11T00:00:00.000Z,ליטא,1,2,3
2021-05-11T00:00:00.000Z,איחוד האמירויות הערב,170,20,190
2021-05-11T00:00:00.000Z,מלדיבים,10,3,13
2021-05-11T00:00:00.000Z,מלטה,1,0,1
2021-05-11T00:00:00.000Z,מצרים,347,27,374
2021-05-11T00:00:00.000Z,מקסיקו,3,0,3
2021-05-11T00:00:00.000Z,ניגריה,2,0,2
2021-05-11T00:00:00.000Z,ספרד,16,18,34
2021-05-11T00:00:00.000Z,סרביה,6,0,6
2021-05-11T00:00:00.000Z,עירק,0,2,2
2021-05-11T00:00:00.000Z,ערב הסעודית,0,1,1
2021-05-11T00:00:00.000Z,פולין,1,0,1
2021-05-11T00:00:00.000Z,פורטוגל,2,0,2
2021-05-11T00:00:00.000Z,פיליפינים,1,3,4
2021-05-11T00:00:00.000Z,צרפת,102,182,284
2021-05-11T00:00:00.000Z,קוסטה ריקה,3,0,3
2021-05-11T00:00:00.000Z,קוריאה הדרומית,0,6,6
2021-05-11T00:00:00.000Z,קזחסטאן,3,0,3
2021-05-11T00:00:00.000Z,קירג'זסטאן,0,1,1
2021-05-11T00:00:00.000Z,קמרון,1,1,2
2021-05-11T00:00:00.000Z,קנדה,1,4,5
2021-05-11T00:00:00.000Z,קניה,4,1,5
2021-05-11T00:00:00.000Z,קפריסין,53,14,67
2021-05-11T00:00:00.000Z,קרואטיה,2,0,2
2021-05-11T00:00:00.000Z,רומניה,25,11,36
2021-05-11T00:00:00.000Z,רוסיה,29,26,55
2021-05-11T00:00:00.000Z,שוודיה,2,3,5
2021-05-11T00:00:00.000Z,שוויץ,10,4,14
2021-05-11T00:00:00.000Z,תאילנד,6,1,7
2021-05-11T00:00:00.000Z,תורכיה,22,15,37
2021-05-11T00:00:00.000Z,ארגנטינה,4,9,13
2021-05-11T00:00:00.000Z,אקואדור,6,2,8
2021-05-11T00:00:00.000Z,אסטוניה,0,1,1
2021-05-11T00:00:00.000Z,אנטיגואה וברבודה,2,0,2
2021-05-11T00:00:00.000Z,אנגולה,1,0,1
2021-05-11T00:00:00.000Z,אלבניה,1,0,1
2021-05-11T00:00:00.000Z,אירלנד,2,1,3
2021-05-11T00:00:00.000Z,איי הבתולה,0,2,2
2021-05-11T00:00:00.000Z,איטליה,1,0,1
2021-05-11T00:00:00.000Z,אזרביג'אן,9,2,11
2021-05-11T00:00:00.000Z,אורגוואי,0,3,3
2021-05-11T00:00:00.000Z,אוקראינה,13,18,31
2021-05-11T00:00:00.000Z,אוסטריה,5,1,6
2021-05-11T00:00:00.000Z,אוזבקיסטן,5,26,31
2021-05-11T00:00:00.000Z,בוליביה,0,1,1
2021-05-11T00:00:00.000Z,מולדובה,39,41,80
2021-05-12T00:00:00.000Z,תורכיה,14,13,27
2021-05-12T00:00:00.000Z,שוויץ,3,9,12
2021-05-12T00:00:00.000Z,רוסיה,3,0,3
2021-05-12T00:00:00.000Z,רומניה,64,15,79
2021-05-12T00:00:00.000Z,רואנדה,2,0,2
2021-05-12T00:00:00.000Z,קפריסין,74,10,84
2021-05-12T00:00:00.000Z,קניה,7,0,7
2021-05-12T00:00:00.000Z,קנדה,0,4,4
2021-05-12T00:00:00.000Z,קטר,1,0,1
2021-05-12T00:00:00.000Z,קוריאה הדרומית,3,2,5
2021-05-12T00:00:00.000Z,קוסובו,2,0,2
2021-05-12T00:00:00.000Z,צרפת,91,158,249
2021-05-12T00:00:00.000Z,צכיה,1,0,1
2021-05-12T00:00:00.000Z,פינלנד,0,2,2
2021-05-12T00:00:00.000Z,פיליפינים,0,4,4
2021-05-12T00:00:00.000Z,פורטוגל,1,0,1
2021-05-12T00:00:00.000Z,פולין,35,6,41
2021-05-12T00:00:00.000Z,סרי לנקה (צילון),2,1,3
2021-05-12T00:00:00.000Z,סרביה,1,1,2
2021-05-12T00:00:00.000Z,ספרד,1,1,2
2021-05-12T00:00:00.000Z,סלובניה,1,0,1
2021-05-12T00:00:00.000Z,סינגפור,0,5,5
2021-05-12T00:00:00.000Z,סין,1,30,31
2021-05-12T00:00:00.000Z,ניגריה,3,1,4
2021-05-12T00:00:00.000Z,מקסיקו,6,7,13
2021-05-12T00:00:00.000Z,מצרים,235,17,252
2021-05-12T00:00:00.000Z,מלדיבים,6,2,8
2021-05-12T00:00:00.000Z,מונטנגרו,24,1,25
2021-05-12T00:00:00.000Z,מולדובה,0,2,2
2021-05-12T00:00:00.000Z,ליבריה,0,1,1
2021-05-12T00:00:00.000Z,לבנון,0,1,1
2021-05-12T00:00:00.000Z,כלל המדינות,2023,1265,3288
2021-05-12T00:00:00.000Z,ירדן,5,11,16
2021-05-12T00:00:00.000Z,תאילנד,0,5,5
2021-05-12T00:00:00.000Z,יוון,81,4,85
2021-05-12T00:00:00.000Z,טיוואן,1,3,4
2021-05-12T00:00:00.000Z,זמביה,1,0,1
2021-05-12T00:00:00.000Z,זימבאבווה,0,1,1
2021-05-12T00:00:00.000Z,זאיר,1,0,1
2021-05-12T00:00:00.000Z,ונצואלה,2,1,3
2021-05-12T00:00:00.000Z,הממלכה המאוחדת,46,130,176
2021-05-12T00:00:00.000Z,הונגריה,1,0,1
2021-05-12T00:00:00.000Z,הולנד,1,1,2
2021-05-12T00:00:00.000Z,דרום אפריקה,6,1,7
2021-05-12T00:00:00.000Z,גרמניה,45,49,94
2021-05-12T00:00:00.000Z,גאנה,1,0,1
2021-05-12T00:00:00.000Z,גאורגיה,34,1,35
2021-05-12T00:00:00.000Z,ברבדוס,1,0,1
2021-05-12T00:00:00.000Z,בלגיה,3,28,31
2021-05-12T00:00:00.000Z,בילורוסיה,3,2,5
2021-05-12T00:00:00.000Z,בולגריה,1,2,3
2021-05-12T00:00:00.000Z,בוטסואנה,3,0,3
2021-05-12T00:00:00.000Z,אתיופיה,14,7,21
2021-05-12T00:00:00.000Z,ארצות הברית,442,434,876
2021-05-12T00:00:00.000Z,ארגנטינה,1,4,5
2021-05-12T00:00:00.000Z,אנגולה,1,0,1
2021-05-12T00:00:00.000Z,אלבניה,1,0,1
2021-05-12T00:00:00.000Z,אירלנד,2,0,2
2021-05-12T00:00:00.000Z,איי סיישל,88,4,92
2021-05-12T00:00:00.000Z,איטליה,10,7,17
2021-05-12T00:00:00.000Z,אזרביג'אן,1,1,2
2021-05-12T00:00:00.000Z,אוקראינה,26,30,56
2021-05-12T00:00:00.000Z,אוסטרליה,0,7,7
2021-05-12T00:00:00.000Z,אוסטריה,1,0,1
2021-05-12T00:00:00.000Z,אוזבקיסטן,4,12,16
2021-05-12T00:00:00.000Z,איחוד האמירויות הערב,122,27,149
2021-05-12T00:00:00.000Z,אוגנדה,1,0,1
2021-05-12T00:00:00.000Z,יפן,0,1,1
2021-05-13T00:00:00.000Z,טיוואן,0,1,1
2021-05-13T00:00:00.000Z,טנזניה,2,0,2
2021-05-13T00:00:00.000Z,יוון,137,13,150
2021-05-13T00:00:00.000Z,ירדן,6,11,17
2021-05-13T00:00:00.000Z,כלל המדינות,2443,1432,3875
2021-05-13T00:00:00.000Z,לטביה,1,0,1
2021-05-13T00:00:00.000Z,ליטא,2,0,2
2021-05-13T00:00:00.000Z,מדגסקר,0,2,2
2021-05-13T00:00:00.000Z,בלגיה,52,94,146
2021-05-13T00:00:00.000Z,מלדיבים,8,3,11
2021-05-13T00:00:00.000Z,מצרים,210,29,239
2021-05-13T00:00:00.000Z,מקסיקו,5,1,6
2021-05-13T00:00:00.000Z,מרוקו,1,5,6
2021-05-13T00:00:00.000Z,ניגריה,5,0,5
2021-05-13T00:00:00.000Z,סוריה,0,3,3
2021-05-13T00:00:00.000Z,ספרד,4,0,4
2021-05-13T00:00:00.000Z,פולין,8,0,8
2021-05-13T00:00:00.000Z,פורטוגל,6,0,6
2021-05-13T00:00:00.000Z,פיליפינים,0,19,19
2021-05-13T00:00:00.000Z,פרו,1,0,1
2021-05-13T00:00:00.000Z,צ'ילה,0,1,1
2021-05-13T00:00:00.000Z,צרפת,107,87,194
2021-05-13T00:00:00.000Z,קונגו,1,0,1
2021-05-13T00:00:00.000Z,קוסובו,1,0,1
2021-05-13T00:00:00.000Z,קוריאה הדרומית,3,1,4
2021-05-13T00:00:00.000Z,קזחסטאן,0,1,1
2021-05-13T00:00:00.000Z,קמרון,1,0,1
2021-05-13T00:00:00.000Z,קנדה,4,13,17
2021-05-13T00:00:00.000Z,קניה,5,1,6
2021-05-13T00:00:00.000Z,קפריסין,117,10,127
2021-05-13T00:00:00.000Z,קרואטיה,1,1,2
2021-05-13T00:00:00.000Z,רואנדה,5,0,5
2021-05-13T00:00:00.000Z,רומניה,4,0,4
2021-05-13T00:00:00.000Z,רוסיה,56,70,126
2021-05-13T00:00:00.000Z,שוודיה,1,0,1
2021-05-13T00:00:00.000Z,בוטסואנה,3,0,3
2021-05-13T00:00:00.000Z,אתיופיה,38,6,44
2021-05-13T00:00:00.000Z,ארצות הברית,333,440,773
2021-05-13T00:00:00.000Z,ארגנטינה,2,0,2
2021-05-13T00:00:00.000Z,איי סיישל,21,1,22
2021-05-13T00:00:00.000Z,איטליה,13,3,16
2021-05-13T00:00:00.000Z,אוקראינה,1,0,1
2021-05-13T00:00:00.000Z,אוסטרליה,0,2,2
2021-05-13T00:00:00.000Z,אוסטריה,10,5,15
2021-05-13T00:00:00.000Z,אוזבקיסטן,0,1,1
2021-05-13T00:00:00.000Z,אוגנדה,2,0,2
2021-05-13T00:00:00.000Z,שוויץ,61,43,104
2021-05-13T00:00:00.000Z,תאילנד,5,268,273
2021-05-13T00:00:00.000Z,תורכיה,1,5,6
2021-05-13T00:00:00.000Z,בולגריה,107,4,111
2021-05-13T00:00:00.000Z,גאורגיה,238,13,251
2021-05-13T00:00:00.000Z,גאנה,4,0,4
2021-05-13T00:00:00.000Z,גרמניה,40,9,49
2021-05-13T00:00:00.000Z,דרום אפריקה,14,4,18
2021-05-13T00:00:00.000Z,הולנד,3,0,3
2021-05-13T00:00:00.000Z,הונגריה,1,0,1
2021-05-13T00:00:00.000Z,הממלכה המאוחדת,37,43,80
2021-05-13T00:00:00.000Z,איחוד האמירויות הערב,112,17,129
2021-05-13T00:00:00.000Z,זימבאבווה,4,0,4
2021-05-13T00:00:00.000Z,זמביה,8,1,9
2021-05-13T00:00:00.000Z,טוגו,1,0,1
2021-05-14T00:00:00.000Z,צרפת,185,187,372
2021-05-14T00:00:00.000Z,פרו,1,0,1
2021-05-14T00:00:00.000Z,פורטוגל,2,2,4
2021-05-14T00:00:00.000Z,פולין,11,3,14
2021-05-14T00:00:00.000Z,ערב הסעודית,2,0,2
2021-05-14T00:00:00.000Z,סרביה,48,5,53
2021-05-14T00:00:00.000Z,ספרד,10,1,11
2021-05-14T00:00:00.000Z,סינגפור,1,0,1
2021-05-14T00:00:00.000Z,סין,1,97,98
2021-05-14T00:00:00.000Z,סוריה,0,2,2
2021-05-14T00:00:00.000Z,ניגריה,3,0,3
2021-05-14T00:00:00.000Z,מרוקו,0,1,1
2021-05-14T00:00:00.000Z,מקסיקו,8,1,9
2021-05-14T00:00:00.000Z,מצרים,137,39,176
2021-05-14T00:00:00.000Z,מלטה,1,0,1
2021-05-14T00:00:00.000Z,מונקו,2,0,2
2021-05-14T00:00:00.000Z,מונטנגרו,24,4,28
2021-05-14T00:00:00.000Z,מולדובה,1,0,1
2021-05-14T00:00:00.000Z,לטביה,1,0,1
2021-05-14T00:00:00.000Z,לבנון,0,9,9
2021-05-14T00:00:00.000Z,כלל המדינות,3272,1481,4753
2021-05-14T00:00:00.000Z,יוון,185,7,192
2021-05-14T00:00:00.000Z,תורכיה,15,2,17
2021-05-14T00:00:00.000Z,תאילנד,0,6,6
2021-05-14T00:00:00.000Z,שוויץ,2,0,2
2021-05-14T00:00:00.000Z,שוודיה,2,0,2
2021-05-14T00:00:00.000Z,רוסיה,86,46,132
2021-05-14T00:00:00.000Z,רומניה,7,0,7
2021-05-14T00:00:00.000Z,קרואטיה,1,0,1
2021-05-14T00:00:00.000Z,קפריסין,74,5,79
2021-05-14T00:00:00.000Z,קניה,1,3,4
2021-05-14T00:00:00.000Z,קנדה,0,10,10
2021-05-14T00:00:00.000Z,קטר,1,0,1
2021-05-14T00:00:00.000Z,קזחסטאן,1,0,1
2021-05-14T00:00:00.000Z,קוריאה הדרומית,9,0,9
2021-05-14T00:00:00.000Z,קוסטה ריקה,7,4,11
2021-05-14T00:00:00.000Z,איחוד האמירויות הערב,213,32,245
2021-05-14T00:00:00.000Z,פיליפינים,0,6,6
2021-05-14T00:00:00.000Z,צכיה,8,0,8
2021-05-14T00:00:00.000Z,צ'ילה,0,1,1
2021-05-14T00:00:00.000Z,טוגו,7,0,7
2021-05-14T00:00:00.000Z,חוף השנהב,3,0,3
2021-05-14T00:00:00.000Z,הרפ הדומיניקנית,0,1,1
2021-05-14T00:00:00.000Z,הממלכה המאוחדת,51,179,230
2021-05-14T00:00:00.000Z,הונגריה,19,5,24
2021-05-14T00:00:00.000Z,הונג קונג,0,1,1
2021-05-14T00:00:00.000Z,הולנד,15,0,15
2021-05-14T00:00:00.000Z,הודו,3,1,4
2021-05-14T00:00:00.000Z,דנמרק,3,0,3
2021-05-14T00:00:00.000Z,גרמניה,53,16,69
2021-05-14T00:00:00.000Z,גאנה,1,0,1
2021-05-14T00:00:00.000Z,גאורגיה,269,34,303
2021-05-14T00:00:00.000Z,ברזיל,0,4,4
2021-05-14T00:00:00.000Z,בלגיה,0,2,2
2021-05-14T00:00:00.000Z,בילורוסיה,65,15,80
2021-05-14T00:00:00.000Z,בוסניה הרצגובינה,1,0,1
2021-05-14T00:00:00.000Z,בולגריה,108,12,120
2021-05-14T00:00:00.000Z,אתיופיה,1,0,1
2021-05-14T00:00:00.000Z,ארצות הברית,709,401,1110
2021-05-14T00:00:00.000Z,ארמניה,1,0,1
2021-05-14T00:00:00.000Z,ארגנטינה,1,0,1
2021-05-14T00:00:00.000Z,אנגולה,0,1,1
2021-05-14T00:00:00.000Z,אלבניה,3,0,3
2021-05-14T00:00:00.000Z,אירלנד,2,0,2
2021-05-14T00:00:00.000Z,איי סיישל,141,6,147
2021-05-14T00:00:00.000Z,איטליה,16,2,18
2021-05-14T00:00:00.000Z,אזרביג'אן,0,1,1
2021-05-14T00:00:00.000Z,אורגוואי,1,0,1
2021-05-14T00:00:00.000Z,אוקראינה,2,2,4
2021-05-14T00:00:00.000Z,אוסטרליה,0,1,1
2021-05-14T00:00:00.000Z,אוסטריה,7,3,10
2021-05-14T00:00:00.000Z,אוזבקיסטן,1,0,1
2021-05-14T00:00:00.000Z,אוגנדה,1,0,1
2021-05-14T00:00:00.000Z,פנמה,3,1,4
2021-05-15T00:00:00.000Z,כלל המדינות,699,213,912
2021-05-15T00:00:00.000Z,תורכיה,16,6,22
2021-05-15T00:00:00.000Z,תאילנד,0,4,4
2021-05-15T00:00:00.000Z,שוודיה,0,1,1
2021-05-15T00:00:00.000Z,קפריסין,6,1,7
2021-05-15T00:00:00.000Z,קונגו,1,0,1
2021-05-15T00:00:00.000Z,פיליפינים,0,2,2
2021-05-15T00:00:00.000Z,אוקראינה,0,2,2
2021-05-15T00:00:00.000Z,איטליה,4,0,4
2021-05-15T00:00:00.000Z,ארצות הברית,0,1,1
2021-05-15T00:00:00.000Z,אתיופיה,15,4,19
2021-05-15T00:00:00.000Z,גאנה,0,1,1
2021-05-15T00:00:00.000Z,דרום אפריקה,7,0,7
2021-05-15T00:00:00.000Z,זמביה,1,2,3
2021-05-15T00:00:00.000Z,טנזניה,0,2,2
2021-05-15T00:00:00.000Z,יוון,57,7,64
2021-05-15T00:00:00.000Z,איחוד האמירויות הערב,39,31,70
2021-05-15T00:00:00.000Z,מלדיבים,0,1,1
2021-05-15T00:00:00.000Z,מצרים,261,112,373
2021-05-15T00:00:00.000Z,נמיביה,0,1,1
2021-05-15T00:00:00.000Z,סינגפור,1,0,1
2021-05-15T00:00:00.000Z,ספרד,0,1,1
2021-05-15T00:00:00.000Z,עירק,1,0,1
2021-05-16T00:00:00.000Z,כלל המדינות,4273,1175,5448
2021-05-16T00:00:00.000Z,תורכיה,3,6,9
2021-05-16T00:00:00.000Z,רוסיה,87,45,132
2021-05-16T00:00:00.000Z,רומניה,3,0,3
2021-05-16T00:00:00.000Z,קפריסין,406,31,437
2021-05-16T00:00:00.000Z,קניה,1,0,1
2021-05-16T00:00:00.000Z,קיריבטי,2,0,2
2021-05-16T00:00:00.000Z,קוריאה הדרומית,2,1,3
2021-05-16T00:00:00.000Z,צרפת,204,125,329
2021-05-16T00:00:00.000Z,פיליפינים,0,5,5
2021-05-16T00:00:00.000Z,פורטוגל,1,0,1
2021-05-16T00:00:00.000Z,פולין,7,0,7
2021-05-16T00:00:00.000Z,סרביה,2,0,2
2021-05-16T00:00:00.000Z,ספרד,0,2,2
2021-05-16T00:00:00.000Z,סינגפור,0,1,1
2021-05-16T00:00:00.000Z,סט וינסנט,1,0,1
2021-05-16T00:00:00.000Z,ניגריה,1,0,1
2021-05-16T00:00:00.000Z,מקסיקו,2,0,2
2021-05-16T00:00:00.000Z,מצרים,461,223,684
2021-05-16T00:00:00.000Z,מלדיבים,11,0,11
2021-05-16T00:00:00.000Z,ליטא,3,0,3
2021-05-16T00:00:00.000Z,לטביה,1,0,1
2021-05-16T00:00:00.000Z,לוכסמבורג,0,1,1
2021-05-16T00:00:00.000Z,לבנון,0,1,1
2021-05-16T00:00:00.000Z,לאוס,0,1,1
2021-05-16T00:00:00.000Z,שוויץ,3,0,3
2021-05-16T00:00:00.000Z,ירדן,85,52,137
2021-05-16T00:00:00.000Z,יוון,553,51,604
2021-05-16T00:00:00.000Z,טיוואן,1,0,1
2021-05-16T00:00:00.000Z,ויטנאם,0,2,2
2021-05-16T00:00:00.000Z,הממלכה המאוחדת,2,11,13
2021-05-16T00:00:00.000Z,הונגריה,4,1,5
2021-05-16T00:00:00.000Z,הולנד,154,42,196
2021-05-16T00:00:00.000Z,הודו,6,4,10
2021-05-16T00:00:00.000Z,דנמרק,1,0,1
2021-05-16T00:00:00.000Z,גרמניה,4,0,4
2021-05-16T00:00:00.000Z,גינאה,1,0,1
2021-05-16T00:00:00.000Z,גאורגיה,462,66,528
2021-05-16T00:00:00.000Z,בלגיה,0,45,45
2021-05-16T00:00:00.000Z,בוליביה,2,0,2
2021-05-16T00:00:00.000Z,בולגריה,108,6,114
2021-05-16T00:00:00.000Z,תאילנד,2,1,3
2021-05-16T00:00:00.000Z,ארצות הברית,372,105,477
2021-05-16T00:00:00.000Z,ארגנטינה,2,0,2
2021-05-16T00:00:00.000Z,איחוד האמירויות הערב,371,83,454
2021-05-16T00:00:00.000Z,אקואדור,0,1,1
2021-05-16T00:00:00.000Z,איי סיישל,52,2,54
2021-05-16T00:00:00.000Z,איטליה,3,0,3
2021-05-16T00:00:00.000Z,אוקראינה,3,0,3
2021-05-16T00:00:00.000Z,אוסטרליה,0,3,3
2021-05-16T00:00:00.000Z,אוזבקיסטן,2,0,2
2021-05-17T00:00:00.000Z,מלדיבים,16,0,16
2021-05-17T00:00:00.000Z,מוזמביק,3,0,3
2021-05-17T00:00:00.000Z,לבנון,0,8,8
2021-05-17T00:00:00.000Z,כלל המדינות,2736,587,3323
2021-05-17T00:00:00.000Z,ירדן,103,45,148
2021-05-17T00:00:00.000Z,יוון,355,30,385
2021-05-17T00:00:00.000Z,זמביה,1,0,1
2021-05-17T00:00:00.000Z,הונגריה,1,0,1
2021-05-17T00:00:00.000Z,דרום אפריקה,4,2,6
2021-05-17T00:00:00.000Z,גרמניה,1,1,2
2021-05-17T00:00:00.000Z,גאנה,4,2,6
2021-05-17T00:00:00.000Z,גאורגיה,318,15,333
2021-05-17T00:00:00.000Z,אתיופיה,26,8,34
2021-05-17T00:00:00.000Z,ארצות הברית,2,0,2
2021-05-17T00:00:00.000Z,אנגולה,1,0,1
2021-05-17T00:00:00.000Z,אוקראינה,0,1,1
2021-05-17T00:00:00.000Z,אוזבקיסטן,1,0,1
2021-05-17T00:00:00.000Z,אוגנדה,0,1,1
2021-05-17T00:00:00.000Z,פיליפינים,1,12,13
2021-05-17T00:00:00.000Z,איחוד האמירויות הערב,719,195,914
2021-05-17T00:00:00.000Z,ערב הסעודית,4,0,4
2021-05-17T00:00:00.000Z,ניגריה,0,1,1
2021-05-17T00:00:00.000Z,מרוקו,1,0,1
2021-05-17T00:00:00.000Z,מצרים,439,132,571
2021-05-17T00:00:00.000Z,תורכיה,6,3,9
2021-05-17T00:00:00.000Z,תאילנד,1,0,1
2021-05-17T00:00:00.000Z,רוסיה,2,1,3
2021-05-17T00:00:00.000Z,רואנדה,1,0,1
2021-05-17T00:00:00.000Z,ראוניון,1,0,1
2021-05-17T00:00:00.000Z,קפריסין,279,21,300
2021-05-17T00:00:00.000Z,קניה,3,0,3
2021-05-17T00:00:00.000Z,קנדה,0,2,2
2021-05-18T00:00:00.000Z,מלדיבים,2,0,2
2021-05-18T00:00:00.000Z,דרום אפריקה,1,1,2
2021-05-18T00:00:00.000Z,דנמרק,1,0,1
2021-05-18T00:00:00.000Z,גרנדה,1,0,1
2021-05-18T00:00:00.000Z,גרמניה,6,0,6
2021-05-18T00:00:00.000Z,גינאה,1,0,1
2021-05-18T00:00:00.000Z,גווטאמלה,1,0,1
2021-05-18T00:00:00.000Z,גאנה,3,1,4
2021-05-18T00:00:00.000Z,גאורגיה,894,56,950
2021-05-18T00:00:00.000Z,איחוד האמירויות הערב,571,114,685
2021-05-18T00:00:00.000Z,תורכיה,23,18,41
2021-05-18T00:00:00.000Z,תאילנד,0,1,1
2021-05-18T00:00:00.000Z,שוויץ,5,0,5
2021-05-18T00:00:00.000Z,שוודיה,4,0,4
2021-05-18T00:00:00.000Z,רוסיה,170,90,260
2021-05-18T00:00:00.000Z,רומניה,19,5,24
2021-05-18T00:00:00.000Z,קפריסין,559,73,632
2021-05-18T00:00:00.000Z,קניה,1,0,1
2021-05-18T00:00:00.000Z,קוסטה ריקה,1,0,1
2021-05-18T00:00:00.000Z,קולומביה,1,0,1
2021-05-18T00:00:00.000Z,צרפת,110,50,160
2021-05-18T00:00:00.000Z,פינלנד,1,0,1
2021-05-18T00:00:00.000Z,סרביה,3,0,3
2021-05-18T00:00:00.000Z,ספרד,5,0,5
2021-05-18T00:00:00.000Z,בלגיה,0,1,1
2021-05-18T00:00:00.000Z,בילורוסיה,123,15,138
2021-05-18T00:00:00.000Z,בוליביה,1,0,1
2021-05-18T00:00:00.000Z,בולגריה,363,21,384
2021-05-18T00:00:00.000Z,בהמס,1,0,1
2021-05-18T00:00:00.000Z,אתיופיה,13,0,13
2021-05-18T00:00:00.000Z,ארצות הברית,374,118,492
2021-05-18T00:00:00.000Z,ארמניה,2,1,3
2021-05-18T00:00:00.000Z,ארגנטינה,2,3,5
2021-05-18T00:00:00.000Z,אנגולה,0,1,1
2021-05-18T00:00:00.000Z,אלבניה,78,3,81
2021-05-18T00:00:00.000Z,איי סיישל,131,5,136
2021-05-18T00:00:00.000Z,איטליה,4,0,4
2021-05-18T00:00:00.000Z,אוסטרליה,1,0,1
2021-05-18T00:00:00.000Z,אוסטריה,1,0,1
2021-05-18T00:00:00.000Z,אוזבקיסטן,4,1,5
2021-05-18T00:00:00.000Z,מצרים,413,112,525
2021-05-18T00:00:00.000Z,מונטנגרו,17,1,18
2021-05-18T00:00:00.000Z,מולדובה,69,32,101
2021-05-18T00:00:00.000Z,כלל המדינות,6560,1196,7756
2021-05-18T00:00:00.000Z,ירדן,29,28,57
2021-05-18T00:00:00.000Z,יוון,1443,176,1619
2021-05-18T00:00:00.000Z,טנזניה,2,0,2
2021-05-18T00:00:00.000Z,הממלכה המאוחדת,59,59,118
2021-05-18T00:00:00.000Z,הולנד,2,0,2
2021-05-19T00:00:00.000Z,ליטא,1,0,1
2021-05-19T00:00:00.000Z,איחוד האמירויות הערב,797,243,1040
2021-05-19T00:00:00.000Z,שוויץ,5,1,6
2021-05-19T00:00:00.000Z,שוודיה,4,0,4
2021-05-19T00:00:00.000Z,רוסיה,4,1,5
2021-05-19T00:00:00.000Z,רומניה,7,2,9
2021-05-19T00:00:00.000Z,רואנדה,2,0,2
2021-05-19T00:00:00.000Z,קרואטיה,2,0,2
2021-05-19T00:00:00.000Z,קפריסין,263,73,336
2021-05-19T00:00:00.000Z,קניה,0,1,1
2021-05-19T00:00:00.000Z,קנדה,0,1,1
2021-05-19T00:00:00.000Z,קיריבטי,2,0,2
2021-05-19T00:00:00.000Z,קזחסטאן,1,0,1
2021-05-19T00:00:00.000Z,קוריאה הדרומית,1,0,1
2021-05-19T00:00:00.000Z,צרפת,219,212,431
2021-05-19T00:00:00.000Z,פרו,1,1,2
2021-05-19T00:00:00.000Z,פינלנד,0,1,1
2021-05-19T00:00:00.000Z,פורטוגל,7,0,7
2021-05-19T00:00:00.000Z,פולינזיה הצרפתית,1,0,1
2021-05-19T00:00:00.000Z,פולין,45,4,49
2021-05-19T00:00:00.000Z,ערב הסעודית,3,2,5
2021-05-19T00:00:00.000Z,סרביה,72,18,90
2021-05-19T00:00:00.000Z,ספרד,3,5,8
2021-05-19T00:00:00.000Z,ניגריה,0,1,1
2021-05-19T00:00:00.000Z,מקסיקו,1,1,2
2021-05-19T00:00:00.000Z,מצרים,252,91,343
2021-05-19T00:00:00.000Z,מלדיבים,22,3,25
2021-05-19T00:00:00.000Z,מונטנגרו,126,4,130
2021-05-19T00:00:00.000Z,מולדובה,16,3,19
2021-05-19T00:00:00.000Z,מוזמביק,2,0,2
2021-05-19T00:00:00.000Z,תאילנד,2,0,2
2021-05-19T00:00:00.000Z,כלל המדינות,4240,1453,5693
2021-05-19T00:00:00.000Z,ירדן,16,26,42
2021-05-19T00:00:00.000Z,יפן,1,0,1
2021-05-19T00:00:00.000Z,יוון,450,60,510
2021-05-19T00:00:00.000Z,טנזניה,9,0,9
2021-05-19T00:00:00.000Z,טיוואן,1,0,1
2021-05-19T00:00:00.000Z,זימבאבווה,1,0,1
2021-05-19T00:00:00.000Z,הממלכה המאוחדת,31,123,154
2021-05-19T00:00:00.000Z,הונגריה,3,1,4
2021-05-19T00:00:00.000Z,הולנד,41,26,67
2021-05-19T00:00:00.000Z,דרום סודאן,1,0,1
2021-05-19T00:00:00.000Z,דרום אפריקה,3,0,3
2021-05-19T00:00:00.000Z,דנמרק,5,0,5
2021-05-19T00:00:00.000Z,גרמניה,206,71,277
2021-05-19T00:00:00.000Z,גינאה החדשה,0,1,1
2021-05-19T00:00:00.000Z,גאנה,1,1,2
2021-05-19T00:00:00.000Z,גאורגיה,275,27,302
2021-05-19T00:00:00.000Z,בלגיה,1,0,1
2021-05-19T00:00:00.000Z,בילורוסיה,3,3,6
2021-05-19T00:00:00.000Z,בולגריה,2,0,2
2021-05-19T00:00:00.000Z,אתיופיה,17,6,23
2021-05-19T00:00:00.000Z,ארצות הברית,364,189,553
2021-05-19T00:00:00.000Z,אירלנד,0,1,1
2021-05-19T00:00:00.000Z,איסלנד,2,0,2
2021-05-19T00:00:00.000Z,איטליה,8,3,11
2021-05-19T00:00:00.000Z,אוקראינה,70,47,117
2021-05-19T00:00:00.000Z,אוסטרליה,0,1,1
2021-05-19T00:00:00.000Z,אוסטריה,33,19,52
2021-05-19T00:00:00.000Z,אוגנדה,1,1,2
2021-05-19T00:00:00.000Z,תורכיה,6,5,11
2021-05-20T00:00:00.000Z,תורכיה,16,9,25
2021-05-20T00:00:00.000Z,תוניסיה,0,1,1
2021-05-20T00:00:00.000Z,תאילנד,11,246,257
2021-05-20T00:00:00.000Z,קמרון,0,1,1
2021-05-20T00:00:00.000Z,שוודיה,0,2,2
2021-05-20T00:00:00.000Z,רפ מרכז אפריקנית,0,1,1
2021-05-20T00:00:00.000Z,רוסיה,137,114,251
2021-05-20T00:00:00.000Z,רומניה,5,0,5
2021-05-20T00:00:00.000Z,קפריסין,289,76,365
2021-05-20T00:00:00.000Z,קניה,7,1,8
2021-05-20T00:00:00.000Z,קנדה,1,2,3
2021-05-20T00:00:00.000Z,קוריאה הדרומית,3,0,3
2021-05-20T00:00:00.000Z,קוסטה ריקה,1,0,1
2021-05-20T00:00:00.000Z,צרפת,88,82,170
2021-05-20T00:00:00.000Z,צכיה,2,0,2
2021-05-20T00:00:00.000Z,פיליפינים,0,2,2
2021-05-20T00:00:00.000Z,פורטוגל,1,0,1
2021-05-20T00:00:00.000Z,פולין,0,3,3
2021-05-20T00:00:00.000Z,סרביה,3,0,3
2021-05-20T00:00:00.000Z,ספרד,1,7,8
2021-05-20T00:00:00.000Z,סוריה,1,6,7
2021-05-20T00:00:00.000Z,ניו זילנד,3,0,3
2021-05-20T00:00:00.000Z,ניגריה,4,2,6
2021-05-20T00:00:00.000Z,נורבגיה,0,1,1
2021-05-20T00:00:00.000Z,מרוקו,0,1,1
2021-05-20T00:00:00.000Z,מקדוניה,2,0,2
2021-05-20T00:00:00.000Z,מצרים,296,100,396
2021-05-20T00:00:00.000Z,מלטה,1,0,1
2021-05-20T00:00:00.000Z,מלדיבים,11,1,12
2021-05-20T00:00:00.000Z,מלאווי,0,1,1
2021-05-20T00:00:00.000Z,מולדובה,44,32,76
2021-05-20T00:00:00.000Z,ליטא,3,0,3
2021-05-20T00:00:00.000Z,לבנון,0,4,4
2021-05-20T00:00:00.000Z,כלל המדינות,4709,2192,6901
2021-05-20T00:00:00.000Z,ירדן,48,27,75
2021-05-20T00:00:00.000Z,יוון,713,91,804
2021-05-20T00:00:00.000Z,טנזניה,3,1,4
2021-05-20T00:00:00.000Z,טיוואן,0,1,1
2021-05-20T00:00:00.000Z,טוגו,2,0,2
2021-05-20T00:00:00.000Z,זאיר,3,0,3
2021-05-20T00:00:00.000Z,הרפ הדומיניקנית,1,0,1
2021-05-20T00:00:00.000Z,הממלכה המאוחדת,94,167,261
2021-05-20T00:00:00.000Z,הולנד,1,1,2
2021-05-20T00:00:00.000Z,הודו,1,0,1
2021-05-20T00:00:00.000Z,דרום אפריקה,4,1,5
2021-05-20T00:00:00.000Z,דנמרק,1,0,1
2021-05-20T00:00:00.000Z,גרמניה,11,2,13
2021-05-20T00:00:00.000Z,גאורגיה,345,61,406
2021-05-20T00:00:00.000Z,ברמודה,1,0,1
2021-05-20T00:00:00.000Z,ברזיל,2,0,2
2021-05-20T00:00:00.000Z,בלגיה,49,66,115
2021-05-20T00:00:00.000Z,בילורוסיה,87,50,137
2021-05-20T00:00:00.000Z,בוסניה הרצגובינה,1,0,1
2021-05-20T00:00:00.000Z,בולגריה,281,42,323
2021-05-20T00:00:00.000Z,בהמס,2,0,2
2021-05-20T00:00:00.000Z,אתיופיה,14,3,17
2021-05-20T00:00:00.000Z,ארצות הברית,436,472,908
2021-05-20T00:00:00.000Z,אנגולה,0,2,2
2021-05-20T00:00:00.000Z,איי סיישל,262,18,280
2021-05-20T00:00:00.000Z,איטליה,5,0,5
2021-05-20T00:00:00.000Z,אורגוואי,0,1,1
2021-05-20T00:00:00.000Z,אוקראינה,4,6,10
2021-05-20T00:00:00.000Z,אוסטרליה,1,0,1
2021-05-20T00:00:00.000Z,אוזבקיסטן,2,0,2
2021-05-20T00:00:00.000Z,אוגנדה,4,0,4
2021-05-20T00:00:00.000Z,איחוד האמירויות הערב,392,124,516
2021-05-20T00:00:00.000Z,שוויץ,84,46,130
2021-05-21T00:00:00.000Z,דנמרק,1,1,2
2021-05-21T00:00:00.000Z,הולנד,0,2,2
2021-05-21T00:00:00.000Z,הונגריה,4,1,5
2021-05-21T00:00:00.000Z,הממלכה המאוחדת,21,56,77
2021-05-21T00:00:00.000Z,הרפ הדומיניקנית,0,2,2
2021-05-21T00:00:00.000Z,חוף השנהב,1,0,1
2021-05-21T00:00:00.000Z,טנזניה,2,0,2
2021-05-21T00:00:00.000Z,סרביה,6,3,9
2021-05-21T00:00:00.000Z,אוסטריה,0,3,3
2021-05-21T00:00:00.000Z,אוקראינה,33,34,67
2021-05-21T00:00:00.000Z,אורגוואי,0,1,1
2021-05-21T00:00:00.000Z,איטליה,10,2,12
2021-05-21T00:00:00.000Z,אוזבקיסטן,5,6,11
2021-05-21T00:00:00.000Z,איי סיישל,1,0,1
2021-05-21T00:00:00.000Z,ארמניה,94,3,97
2021-05-21T00:00:00.000Z,ארצות הברית,650,474,1124
2021-05-21T00:00:00.000Z,אתיופיה,1,0,1
2021-05-21T00:00:00.000Z,בולגריה,4,11,15
2021-05-21T00:00:00.000Z,בוסניה הרצגובינה,1,0,1
2021-05-21T00:00:00.000Z,בילורוסיה,15,9,24
2021-05-21T00:00:00.000Z,גאורגיה,402,47,449
2021-05-21T00:00:00.000Z,תורכמניסטאן,0,1,1
2021-05-21T00:00:00.000Z,תורכיה,35,20,55
2021-05-21T00:00:00.000Z,תוניסיה,0,4,4
2021-05-21T00:00:00.000Z,תאילנד,1,2,3
2021-05-21T00:00:00.000Z,רוסיה,163,83,246
2021-05-21T00:00:00.000Z,רומניה,7,5,12
2021-05-21T00:00:00.000Z,קרואטיה,3,0,3
2021-05-21T00:00:00.000Z,קפריסין,66,16,82
2021-05-21T00:00:00.000Z,קניה,0,1,1
2021-05-21T00:00:00.000Z,קירג'זסטאן,1,0,1
2021-05-21T00:00:00.000Z,קזחסטאן,1,0,1
2021-05-21T00:00:00.000Z,קוריאה הדרומית,1,1,2
2021-05-21T00:00:00.000Z,קוסטה ריקה,1,2,3
2021-05-21T00:00:00.000Z,קולומביה,2,0,2
2021-05-21T00:00:00.000Z,צרפת,126,146,272
2021-05-21T00:00:00.000Z,פרו,1,0,1
2021-05-21T00:00:00.000Z,איחוד האמירויות הערב,578,136,714
2021-05-21T00:00:00.000Z,גווטאמלה,1,0,1
2021-05-21T00:00:00.000Z,גרמניה,6,4,10
2021-05-21T00:00:00.000Z,פנמה,1,0,1
2021-05-21T00:00:00.000Z,פיליפינים,3,5,8
2021-05-21T00:00:00.000Z,פורטוגל,1,0,1
2021-05-21T00:00:00.000Z,פולין,33,33,66
2021-05-21T00:00:00.000Z,ערב הסעודית,0,1,1
2021-05-21T00:00:00.000Z,סרי לנקה (צילון),2,2,4
2021-05-21T00:00:00.000Z,יוון,356,42,398
2021-05-21T00:00:00.000Z,ירדן,2,0,2
2021-05-21T00:00:00.000Z,כלל המדינות,3686,1658,5344
2021-05-21T00:00:00.000Z,מולדובה,3,0,3
2021-05-21T00:00:00.000Z,מונטנגרו,76,6,82
2021-05-21T00:00:00.000Z,מלדיבים,10,0,10
2021-05-21T00:00:00.000Z,מצרים,211,101,312
2021-05-21T00:00:00.000Z,מקדוניה,0,1,1
2021-05-21T00:00:00.000Z,מקסיקו,1,1,2
2021-05-21T00:00:00.000Z,מרוקו,0,2,2
2021-05-21T00:00:00.000Z,נורבגיה,0,1,1
2021-05-21T00:00:00.000Z,ניו זילנד,1,1,2
2021-05-21T00:00:00.000Z,סין,6,106,112
2021-05-21T00:00:00.000Z,ספרד,7,3,10
2021-05-22T00:00:00.000Z,בולגריה,5,0,5
2021-05-22T00:00:00.000Z,אתיופיה,35,12,47
2021-05-22T00:00:00.000Z,ארצות הברית,166,109,275
2021-05-22T00:00:00.000Z,ארמניה,1,0,1
2021-05-22T00:00:00.000Z,איי סיישל,50,2,52
2021-05-22T00:00:00.000Z,איטליה,8,3,11
2021-05-22T00:00:00.000Z,אוקראינה,4,1,5
2021-05-22T00:00:00.000Z,אוסטריה,6,0,6
2021-05-22T00:00:00.000Z,אוזבקיסטן,4,1,5
2021-05-22T00:00:00.000Z,אוגנדה,1,0,1
2021-05-22T00:00:00.000Z,צרפת,1,2,3
2021-05-22T00:00:00.000Z,קפריסין,307,29,336
2021-05-22T00:00:00.000Z,רואנדה,6,2,8
2021-05-22T00:00:00.000Z,רומניה,1,0,1
2021-05-22T00:00:00.000Z,פיליפינים,2,7,9
2021-05-22T00:00:00.000Z,פורטוגל,2,0,2
2021-05-22T00:00:00.000Z,עירק,1,0,1
2021-05-22T00:00:00.000Z,סרי לנקה (צילון),2,0,2
2021-05-22T00:00:00.000Z,ספרד,0,1,1
2021-05-22T00:00:00.000Z,סיירה ליאונה,1,0,1
2021-05-22T00:00:00.000Z,ניגריה,6,0,6
2021-05-22T00:00:00.000Z,מקסיקו,0,1,1
2021-05-22T00:00:00.000Z,מצרים,269,115,384
2021-05-22T00:00:00.000Z,מלדיבים,32,4,36
2021-05-22T00:00:00.000Z,מלאווי,2,0,2
2021-05-22T00:00:00.000Z,מולדובה,0,2,2
2021-05-22T00:00:00.000Z,מאלי,2,0,2
2021-05-22T00:00:00.000Z,ליבריה,1,0,1
2021-05-22T00:00:00.000Z,כלל המדינות,1726,572,2298
2021-05-22T00:00:00.000Z,ירדן,0,1,1
2021-05-22T00:00:00.000Z,יפן,1,0,1
2021-05-22T00:00:00.000Z,יוון,260,25,285
2021-05-22T00:00:00.000Z,טנזניה,1,1,2
2021-05-22T00:00:00.000Z,איחוד האמירויות הערב,171,54,225
2021-05-22T00:00:00.000Z,טיוואן,0,2,2
2021-05-22T00:00:00.000Z,זמביה,0,3,3
2021-05-22T00:00:00.000Z,זימבאבווה,1,0,1
2021-05-22T00:00:00.000Z,קולומביה,1,0,1
2021-05-22T00:00:00.000Z,הממלכה המאוחדת,0,1,1
2021-05-22T00:00:00.000Z,הונגריה,1,0,1
2021-05-22T00:00:00.000Z,דרום אפריקה,8,3,11
2021-05-22T00:00:00.000Z,דנמרק,4,1,5
2021-05-22T00:00:00.000Z,גרמניה,6,3,9
2021-05-22T00:00:00.000Z,גאנה,5,0,5
2021-05-22T00:00:00.000Z,גאורגיה,94,20,114
2021-05-22T00:00:00.000Z,ברזיל,0,2,2
2021-05-22T00:00:00.000Z,בחריין,0,1,1
2021-05-22T00:00:00.000Z,רוסיה,3,1,4
2021-05-22T00:00:00.000Z,שוודיה,1,0,1
2021-05-22T00:00:00.000Z,שוויץ,1,0,1
2021-05-22T00:00:00.000Z,תורכיה,60,20,80
2021-05-22T00:00:00.000Z,צכיה,2,3,5
2021-05-22T00:00:00.000Z,קונגו,0,3,3
2021-05-22T00:00:00.000Z,קוסטה ריקה,1,0,1
2021-05-22T00:00:00.000Z,קוריאה הדרומית,1,0,1
2021-05-22T00:00:00.000Z,קזחסטאן,0,2,2
2021-05-22T00:00:00.000Z,קניה,3,2,5
2021-05-22T00:00:00.000Z,הרפ הדומיניקנית,1,0,1
2021-05-23T00:00:00.000Z,הונגריה,7,0,7
2021-05-23T00:00:00.000Z,הולנד,121,58,179
2021-05-23T00:00:00.000Z,דנמרק,1,4,5
2021-05-23T00:00:00.000Z,גרמניה,118,69,187
2021-05-23T00:00:00.000Z,גויאנה הצרפתית,1,1,2
2021-05-23T00:00:00.000Z,גווטאמלה,1,0,1
2021-05-23T00:00:00.000Z,גאורגיה,514,38,552
2021-05-23T00:00:00.000Z,בלגיה,4,6,10
2021-05-23T00:00:00.000Z,בילורוסיה,116,28,144
2021-05-23T00:00:00.000Z,בחריין,1,0,1
2021-05-23T00:00:00.000Z,בוסניה הרצגובינה,0,1,1
2021-05-23T00:00:00.000Z,בוליביה,1,0,1
2021-05-23T00:00:00.000Z,בולגריה,161,12,173
2021-05-23T00:00:00.000Z,ארצות הברית,536,458,994
2021-05-23T00:00:00.000Z,ארמניה,1,0,1
2021-05-23T00:00:00.000Z,ארגנטינה,1,0,1
2021-05-23T00:00:00.000Z,איסלנד,4,0,4
2021-05-23T00:00:00.000Z,איי סיישל,42,3,45
2021-05-23T00:00:00.000Z,איטליה,17,11,28
2021-05-23T00:00:00.000Z,אזרביג'אן,2,0,2
2021-05-23T00:00:00.000Z,אוקראינה,8,7,15
2021-05-23T00:00:00.000Z,אוסטרליה,0,5,5
2021-05-23T00:00:00.000Z,אוסטריה,32,40,72
2021-05-23T00:00:00.000Z,אוזבקיסטן,3,2,5
2021-05-23T00:00:00.000Z,תורכיה,70,27,97
2021-05-23T00:00:00.000Z,תאילנד,2,2,4
2021-05-23T00:00:00.000Z,שוויץ,1,3,4
2021-05-23T00:00:00.000Z,שוודיה,3,0,3
2021-05-23T00:00:00.000Z,רוסיה,140,117,257
2021-05-23T00:00:00.000Z,רומניה,111,33,144
2021-05-23T00:00:00.000Z,רואנדה,1,0,1
2021-05-23T00:00:00.000Z,קפריסין,338,55,393
2021-05-23T00:00:00.000Z,קניה,0,1,1
2021-05-23T00:00:00.000Z,קנדה,17,77,94
2021-05-23T00:00:00.000Z,קוריאה הדרומית,0,2,2
2021-05-23T00:00:00.000Z,קוסטה ריקה,4,5,9
2021-05-23T00:00:00.000Z,קולומביה,1,0,1
2021-05-23T00:00:00.000Z,צרפת,86,106,192
2021-05-23T00:00:00.000Z,פינלנד,1,0,1
2021-05-23T00:00:00.000Z,פיליפינים,1,2,3
2021-05-23T00:00:00.000Z,פורטוגל,9,5,14
2021-05-23T00:00:00.000Z,פורטו ריקו,2,1,3
2021-05-23T00:00:00.000Z,פולין,38,8,46
2021-05-23T00:00:00.000Z,ערב הסעודית,0,1,1
2021-05-23T00:00:00.000Z,עירק,0,7,7
2021-05-23T00:00:00.000Z,סרי לנקה (צילון),0,1,1
2021-05-23T00:00:00.000Z,איחוד האמירויות הערב,466,100,566
2021-05-23T00:00:00.000Z,סרביה,6,0,6
2021-05-23T00:00:00.000Z,ספרד,4,5,9
2021-05-23T00:00:00.000Z,סינגפור,2,0,2
2021-05-23T00:00:00.000Z,סין,0,1,1
2021-05-23T00:00:00.000Z,סט וינסנט,2,1,3
2021-05-23T00:00:00.000Z,ניגריה,6,1,7
2021-05-23T00:00:00.000Z,מרוקו,2,0,2
2021-05-23T00:00:00.000Z,מקסיקו,5,3,8
2021-05-23T00:00:00.000Z,מקדוניה,1,0,1
2021-05-23T00:00:00.000Z,מצרים,319,122,441
2021-05-23T00:00:00.000Z,מלטה,2,0,2
2021-05-23T00:00:00.000Z,מלדיבים,15,1,16
2021-05-23T00:00:00.000Z,מולדובה,41,25,66
2021-05-23T00:00:00.000Z,מאלי,1,0,1
2021-05-23T00:00:00.000Z,ליטא,2,2,4
2021-05-23T00:00:00.000Z,לטביה,2,1,3
2021-05-23T00:00:00.000Z,לוכסמבורג,0,3,3
2021-05-23T00:00:00.000Z,כלל המדינות,5616,2229,7845
2021-05-23T00:00:00.000Z,ירדן,91,50,141
2021-05-23T00:00:00.000Z,יפן,1,0,1
2021-05-23T00:00:00.000Z,יוון,776,60,836
2021-05-23T00:00:00.000Z,טנזניה,0,2,2
2021-05-23T00:00:00.000Z,טיוואן,0,1,1
2021-05-23T00:00:00.000Z,חוף השנהב,0,1,1
2021-05-23T00:00:00.000Z,הממלכה המאוחדת,116,238,354
2021-05-24T00:00:00.000Z,גרמניה,151,133,284
2021-05-24T00:00:00.000Z,קובה,1,0,1
2021-05-24T00:00:00.000Z,תוניסיה,0,4,4
2021-05-24T00:00:00.000Z,תאילנד,0,3,3
2021-05-24T00:00:00.000Z,שוויץ,70,43,113
2021-05-24T00:00:00.000Z,שוודיה,5,2,7
2021-05-24T00:00:00.000Z,רוסיה,168,195,363
2021-05-24T00:00:00.000Z,קרואטיה,6,2,8
2021-05-24T00:00:00.000Z,קפריסין,155,70,225
2021-05-24T00:00:00.000Z,קניה,1,0,1
2021-05-24T00:00:00.000Z,קנדה,0,3,3
2021-05-24T00:00:00.000Z,קלדוניה החדשה,0,1,1
2021-05-24T00:00:00.000Z,קטר,1,0,1
2021-05-24T00:00:00.000Z,קזחסטאן,1,0,1
2021-05-24T00:00:00.000Z,קוריאה הדרומית,1,0,1
2021-05-24T00:00:00.000Z,קוסטה ריקה,7,4,11
2021-05-24T00:00:00.000Z,קולומביה,4,7,11
2021-05-24T00:00:00.000Z,איחוד האמירויות הערב,259,96,355
2021-05-24T00:00:00.000Z,ארצות הברית,764,1286,2050
2021-05-24T00:00:00.000Z,אתיופיה,33,12,45
2021-05-24T00:00:00.000Z,בולגריה,154,45,199
2021-05-24T00:00:00.000Z,בילורוסיה,2,19,21
2021-05-24T00:00:00.000Z,בלגיה,26,77,103
2021-05-24T00:00:00.000Z,ברזיל,3,3,6
2021-05-24T00:00:00.000Z,גאורגיה,355,57,412
2021-05-24T00:00:00.000Z,גאנה,0,2,2
2021-05-24T00:00:00.000Z,גווטאמלה,1,1,2
2021-05-24T00:00:00.000Z,גויאנה הצרפתית,1,0,1
2021-05-24T00:00:00.000Z,ארמניה,1,0,1
2021-05-24T00:00:00.000Z,ארגנטינה,0,4,4
2021-05-24T00:00:00.000Z,אלבניה,56,5,61
2021-05-24T00:00:00.000Z,אל סלבדור,1,0,1
2021-05-24T00:00:00.000Z,אירלנד,2,4,6
2021-05-24T00:00:00.000Z,איסלנד,6,0,6
2021-05-24T00:00:00.000Z,איי סיישל,35,8,43
2021-05-24T00:00:00.000Z,איטליה,25,9,34
2021-05-24T00:00:00.000Z,אזרביג'אן,1,0,1
2021-05-24T00:00:00.000Z,אורגוואי,2,2,4
2021-05-24T00:00:00.000Z,אוקראינה,55,93,148
2021-05-24T00:00:00.000Z,אוסטרליה,1,3,4
2021-05-24T00:00:00.000Z,אוסטריה,38,35,73
2021-05-24T00:00:00.000Z,אוזבקיסטן,11,74,85
2021-05-24T00:00:00.000Z,גיברלטר,1,0,1
2021-05-24T00:00:00.000Z,גמייקה,0,3,3
2021-05-24T00:00:00.000Z,תורכיה,35,32,67
2021-05-24T00:00:00.000Z,דנמרק,1,3,4
2021-05-24T00:00:00.000Z,דרום אפריקה,7,2,9
2021-05-24T00:00:00.000Z,הודו,12,12,24
2021-05-24T00:00:00.000Z,הולנד,21,20,41
2021-05-24T00:00:00.000Z,הונגריה,1,0,1
2021-05-24T00:00:00.000Z,הונדורס,1,0,1
2021-05-24T00:00:00.000Z,הממלכה המאוחדת,101,221,322
2021-05-24T00:00:00.000Z,זאיר,3,1,4
2021-05-24T00:00:00.000Z,טיוואן,0,1,1
2021-05-24T00:00:00.000Z,טנזניה,3,2,5
2021-05-24T00:00:00.000Z,יוון,540,88,628
2021-05-24T00:00:00.000Z,יפן,1,0,1
2021-05-24T00:00:00.000Z,ירדן,46,40,86
2021-05-24T00:00:00.000Z,כלל המדינות,4484,4040,8524
2021-05-24T00:00:00.000Z,לטביה,3,0,3
2021-05-24T00:00:00.000Z,ליטא,6,2,8
2021-05-24T00:00:00.000Z,מאוריציוס,3,0,3
2021-05-24T00:00:00.000Z,מאלי,0,2,2
2021-05-24T00:00:00.000Z,מונטנגרו,26,6,32
2021-05-24T00:00:00.000Z,מלדיבים,16,0,16
2021-05-24T00:00:00.000Z,מלטה,3,2,5
2021-05-24T00:00:00.000Z,מצרים,149,97,246
2021-05-24T00:00:00.000Z,מקדוניה,1,0,1
2021-05-24T00:00:00.000Z,מקסיקו,2,8,10
2021-05-24T00:00:00.000Z,מרוקו,1,6,7
2021-05-24T00:00:00.000Z,נורבגיה,1,3,4
2021-05-24T00:00:00.000Z,ניגריה,6,1,7
2021-05-24T00:00:00.000Z,נמיביה,8,0,8
2021-05-24T00:00:00.000Z,סוריה,1,216,217
2021-05-24T00:00:00.000Z,סין,0,3,3
2021-05-24T00:00:00.000Z,סינגפור,2,1,3
2021-05-24T00:00:00.000Z,סן מרינו,0,1,1
2021-05-24T00:00:00.000Z,סנגל,2,0,2
2021-05-24T00:00:00.000Z,ספרד,12,9,21
2021-05-24T00:00:00.000Z,סרביה,3,2,5
2021-05-24T00:00:00.000Z,סרי לנקה (צילון),1,0,1
2021-05-24T00:00:00.000Z,פולין,15,8,23
2021-05-24T00:00:00.000Z,פורטו ריקו,0,2,2
2021-05-24T00:00:00.000Z,פורטוגל,12,2,14
2021-05-24T00:00:00.000Z,פיליפינים,0,8,8
2021-05-24T00:00:00.000Z,פינלנד,2,1,3
2021-05-24T00:00:00.000Z,פנמה,3,7,10
2021-05-24T00:00:00.000Z,צכיה,1,2,3
2021-05-24T00:00:00.000Z,צרפת,154,256,410
2021-05-25T00:00:00.000Z,הממלכה המאוחדת,113,309,422
2021-05-25T00:00:00.000Z,הונגריה,41,42,83
2021-05-25T00:00:00.000Z,הונג קונג,0,1,1
2021-05-25T00:00:00.000Z,הולנד,11,33,44
2021-05-25T00:00:00.000Z,הודו,2,0,2
2021-05-25T00:00:00.000Z,דרום סודאן,1,0,1
2021-05-25T00:00:00.000Z,דרום אפריקה,3,1,4
2021-05-25T00:00:00.000Z,דנמרק,1,5,6
2021-05-25T00:00:00.000Z,גרמניה,142,98,240
2021-05-25T00:00:00.000Z,גיברלטר,0,1,1
2021-05-25T00:00:00.000Z,גאנה,1,1,2
2021-05-25T00:00:00.000Z,גאורגיה,93,30,123
2021-05-25T00:00:00.000Z,ברזיל,3,7,10
2021-05-25T00:00:00.000Z,בלגיה,4,9,13
2021-05-25T00:00:00.000Z,בילורוסיה,126,35,161
2021-05-25T00:00:00.000Z,בולגריה,68,4,72
2021-05-25T00:00:00.000Z,אתיופיה,15,10,25
2021-05-25T00:00:00.000Z,ארצות הברית,391,629,1020
2021-05-25T00:00:00.000Z,ארגנטינה,0,6,6
2021-05-25T00:00:00.000Z,אירלנד,0,3,3
2021-05-25T00:00:00.000Z,איי קייפ וורדה,1,0,1
2021-05-25T00:00:00.000Z,איטליה,21,13,34
2021-05-25T00:00:00.000Z,אזרביג'אן,2,2,4
2021-05-25T00:00:00.000Z,אוקראינה,11,6,17
2021-05-25T00:00:00.000Z,אוסטריה,3,9,12
2021-05-25T00:00:00.000Z,ליטא,2,0,2
2021-05-25T00:00:00.000Z,איחוד האמירויות הערב,132,45,177
2021-05-25T00:00:00.000Z,אוזבקיסטן,0,1,1
2021-05-25T00:00:00.000Z,תורכיה,46,37,83
2021-05-25T00:00:00.000Z,תאילנד,2,0,2
2021-05-25T00:00:00.000Z,שוויץ,10,14,24
2021-05-25T00:00:00.000Z,שוודיה,3,2,5
2021-05-25T00:00:00.000Z,רוסיה,40,58,98
2021-05-25T00:00:00.000Z,רומניה,41,31,72
2021-05-25T00:00:00.000Z,קרואטיה,3,1,4
2021-05-25T00:00:00.000Z,קפריסין,105,19,124
2021-05-25T00:00:00.000Z,קניה,1,0,1
2021-05-25T00:00:00.000Z,קנדה,0,4,4
2021-05-25T00:00:00.000Z,קמרון,1,0,1
2021-05-25T00:00:00.000Z,קזחסטאן,3,0,3
2021-05-25T00:00:00.000Z,קולומביה,0,4,4
2021-05-25T00:00:00.000Z,צרפת,166,170,336
2021-05-25T00:00:00.000Z,צ'ילה,0,2,2
2021-05-25T00:00:00.000Z,פנמה,1,0,1
2021-05-25T00:00:00.000Z,פינלנד,1,4,5
2021-05-25T00:00:00.000Z,פיליפינים,2,0,2
2021-05-25T00:00:00.000Z,פורטוגל,4,0,4
2021-05-25T00:00:00.000Z,פולין,5,0,5
2021-05-25T00:00:00.000Z,עירק,0,6,6
2021-05-25T00:00:00.000Z,סרביה,8,2,10
2021-05-25T00:00:00.000Z,ספרד,12,8,20
2021-05-25T00:00:00.000Z,סנגל,1,0,1
2021-05-25T00:00:00.000Z,סוריה,0,4,4
2021-05-25T00:00:00.000Z,ניו זילנד,0,1,1
2021-05-25T00:00:00.000Z,ניגריה,2,1,3
2021-05-25T00:00:00.000Z,נורבגיה,1,0,1
2021-05-25T00:00:00.000Z,מרוקו,3,1,4
2021-05-25T00:00:00.000Z,מקסיקו,2,10,12
2021-05-25T00:00:00.000Z,מצרים,148,79,227
2021-05-25T00:00:00.000Z,מלדיבים,8,0,8
2021-05-25T00:00:00.000Z,מונטנגרו,0,2,2
2021-05-25T00:00:00.000Z,מולדובה,46,23,69
2021-05-25T00:00:00.000Z,אוגנדה,0,1,1
2021-05-25T00:00:00.000Z,לטביה,4,4,8
2021-05-25T00:00:00.000Z,כלל המדינות,2663,2280,4943
2021-05-25T00:00:00.000Z,ירדן,24,15,39
2021-05-25T00:00:00.000Z,יפן,5,2,7
2021-05-25T00:00:00.000Z,יוון,207,23,230
2021-05-25T00:00:00.000Z,טנזניה,2,0,2
2021-05-25T00:00:00.000Z,זאיר,1,0,1
2021-05-25T00:00:00.000Z,הרפ הדומיניקנית,3,0,3
2021-05-26T00:00:00.000Z,מולדובה,3,0,3
2021-05-26T00:00:00.000Z,דנמרק,2,1,3
2021-05-26T00:00:00.000Z,צכיה,2,15,17
2021-05-26T00:00:00.000Z,צ'ילה,0,3,3
2021-05-26T00:00:00.000Z,פרו,3,2,5
2021-05-26T00:00:00.000Z,פרגוואי,1,0,1
2021-05-26T00:00:00.000Z,פנמה,0,1,1
2021-05-26T00:00:00.000Z,פינלנד,0,5,5
2021-05-26T00:00:00.000Z,פיליפינים,2,0,2
2021-05-26T00:00:00.000Z,פורטוגל,1,0,1
2021-05-26T00:00:00.000Z,פולין,49,11,60
2021-05-26T00:00:00.000Z,ערב הסעודית,0,1,1
2021-05-26T00:00:00.000Z,סרי לנקה (צילון),1,0,1
2021-05-26T00:00:00.000Z,סרביה,0,7,7
2021-05-26T00:00:00.000Z,ספרד,43,66,109
2021-05-26T00:00:00.000Z,סנגל,2,0,2
2021-05-26T00:00:00.000Z,סינגפור,1,4,5
2021-05-26T00:00:00.000Z,סין,5,20,25
2021-05-26T00:00:00.000Z,דרום אפריקה,5,2,7
2021-05-26T00:00:00.000Z,הודו,4,0,4
2021-05-26T00:00:00.000Z,הולנד,10,5,15
2021-05-26T00:00:00.000Z,הונגריה,2,1,3
2021-05-26T00:00:00.000Z,הונדורס,0,1,1
2021-05-26T00:00:00.000Z,הממלכה המאוחדת,106,223,329
2021-05-26T00:00:00.000Z,איחוד האמירויות הערב,194,93,287
2021-05-26T00:00:00.000Z,סיירה ליאונה,1,0,1
2021-05-26T00:00:00.000Z,ניו זילנד,1,1,2
2021-05-26T00:00:00.000Z,הרפ הדומיניקנית,2,2,4
2021-05-26T00:00:00.000Z,טג'יקיסטאן,2,0,2
2021-05-26T00:00:00.000Z,טיוואן,1,2,3
2021-05-26T00:00:00.000Z,טנזניה,3,1,4
2021-05-26T00:00:00.000Z,יוון,231,49,280
2021-05-26T00:00:00.000Z,ניגריה,1,4,5
2021-05-26T00:00:00.000Z,מרוקו,28,5,33
2021-05-26T00:00:00.000Z,מקסיקו,20,8,28
2021-05-26T00:00:00.000Z,מצרים,125,40,165
2021-05-26T00:00:00.000Z,מלטה,2,0,2
2021-05-26T00:00:00.000Z,מלדיבים,5,0,5
2021-05-26T00:00:00.000Z,מונטנגרו,48,7,55
2021-05-26T00:00:00.000Z,קולומביה,0,10,10
2021-05-26T00:00:00.000Z,קוסטה ריקה,10,2,12
2021-05-26T00:00:00.000Z,קוריאה הדרומית,0,4,4
2021-05-26T00:00:00.000Z,קזחסטאן,0,1,1
2021-05-26T00:00:00.000Z,קיריבטי,0,1,1
2021-05-26T00:00:00.000Z,קנדה,23,112,135
2021-05-26T00:00:00.000Z,קניה,5,1,6
2021-05-26T00:00:00.000Z,קפריסין,111,68,179
2021-05-26T00:00:00.000Z,קרואטיה,3,3,6
2021-05-26T00:00:00.000Z,ראוניון,1,0,1
2021-05-26T00:00:00.000Z,רואנדה,1,0,1
2021-05-26T00:00:00.000Z,רומניה,60,30,90
2021-05-26T00:00:00.000Z,רוסיה,66,62,128
2021-05-26T00:00:00.000Z,שוודיה,1,1,2
2021-05-26T00:00:00.000Z,ליבריה,0,2,2
2021-05-26T00:00:00.000Z,שוויץ,2,9,11
2021-05-26T00:00:00.000Z,תאילנד,0,7,7
2021-05-26T00:00:00.000Z,תוניסיה,0,1,1
2021-05-26T00:00:00.000Z,תורכיה,60,35,95
2021-05-26T00:00:00.000Z,תורכמניסטאן,1,0,1
2021-05-26T00:00:00.000Z,צרפת,172,274,446
2021-05-26T00:00:00.000Z,לוב,2,0,2
2021-05-26T00:00:00.000Z,כלל המדינות,3213,3195,6408
2021-05-26T00:00:00.000Z,אוזבקיסטן,4,5,9
2021-05-26T00:00:00.000Z,אוסטריה,28,26,54
2021-05-26T00:00:00.000Z,אוסטרליה,2,8,10
2021-05-26T00:00:00.000Z,אוקראינה,72,96,168
2021-05-26T00:00:00.000Z,אורגוואי,0,1,1
2021-05-26T00:00:00.000Z,אזרביג'אן,5,2,7
2021-05-26T00:00:00.000Z,איטליה,32,20,52
2021-05-26T00:00:00.000Z,איי סיישל,31,10,41
2021-05-26T00:00:00.000Z,אינדונזיה,2,0,2
2021-05-26T00:00:00.000Z,אנגולה,1,3,4
2021-05-26T00:00:00.000Z,אסטוניה,3,0,3
2021-05-26T00:00:00.000Z,אקואדור,0,4,4
2021-05-26T00:00:00.000Z,ארגנטינה,9,20,29
2021-05-26T00:00:00.000Z,ארמניה,4,0,4
2021-05-26T00:00:00.000Z,ארצות הברית,625,1001,1626
2021-05-26T00:00:00.000Z,אתיופיה,15,5,20
2021-05-26T00:00:00.000Z,בוטסואנה,2,0,2
2021-05-26T00:00:00.000Z,בולגריה,41,19,60
2021-05-26T00:00:00.000Z,בילורוסיה,1,0,1
2021-05-26T00:00:00.000Z,בלגיה,1,3,4
2021-05-26T00:00:00.000Z,ברזיל,1,7,8
2021-05-26T00:00:00.000Z,גאורגיה,183,31,214
2021-05-26T00:00:00.000Z,גאנה,3,1,4
2021-05-26T00:00:00.000Z,גינאה המשוונית,0,1,1
2021-05-26T00:00:00.000Z,גרמניה,49,56,105
2021-05-26T00:00:00.000Z,יפן,0,1,1
2021-05-26T00:00:00.000Z,ירדן,18,18,36
2021-05-27T00:00:00.000Z,דרום אפריקה,4,14,18
2021-05-27T00:00:00.000Z,ארצות הברית,457,953,1410
2021-05-27T00:00:00.000Z,איחוד האמירויות הערב,308,108,416
2021-05-27T00:00:00.000Z,תורכיה,73,55,128
2021-05-27T00:00:00.000Z,תאילנד,13,267,280
2021-05-27T00:00:00.000Z,שוויץ,47,49,96
2021-05-27T00:00:00.000Z,שוודיה,1,7,8
2021-05-27T00:00:00.000Z,רוסיה,53,91,144
2021-05-27T00:00:00.000Z,רומניה,61,31,92
2021-05-27T00:00:00.000Z,רואנדה,3,1,4
2021-05-27T00:00:00.000Z,קפריסין,250,88,338
2021-05-27T00:00:00.000Z,קניה,6,0,6
2021-05-27T00:00:00.000Z,קנדה,2,5,7
2021-05-27T00:00:00.000Z,קירג'זסטאן,1,2,3
2021-05-27T00:00:00.000Z,קטר,1,0,1
2021-05-27T00:00:00.000Z,קזחסטאן,1,0,1
2021-05-27T00:00:00.000Z,קוסטה ריקה,1,0,1
2021-05-27T00:00:00.000Z,קולומביה,6,2,8
2021-05-27T00:00:00.000Z,צרפת,144,160,304
2021-05-27T00:00:00.000Z,צכיה,7,13,20
2021-05-27T00:00:00.000Z,צ'ילה,2,6,8
2021-05-27T00:00:00.000Z,צאד,1,0,1
2021-05-27T00:00:00.000Z,פרו,1,0,1
2021-05-27T00:00:00.000Z,פנמה,1,3,4
2021-05-27T00:00:00.000Z,פינלנד,2,1,3
2021-05-27T00:00:00.000Z,פיליפינים,1,12,13
2021-05-27T00:00:00.000Z,פורטוגל,9,2,11
2021-05-27T00:00:00.000Z,פולין,8,6,14
2021-05-27T00:00:00.000Z,ערב הסעודית,1,0,1
2021-05-27T00:00:00.000Z,סרי לנקה (צילון),1,2,3
2021-05-27T00:00:00.000Z,סרביה,2,1,3
2021-05-27T00:00:00.000Z,ספרד,3,4,7
2021-05-27T00:00:00.000Z,סווזילנד,2,0,2
2021-05-27T00:00:00.000Z,נמיביה,3,1,4
2021-05-27T00:00:00.000Z,ניו זילנד,0,3,3
2021-05-27T00:00:00.000Z,ניגריה,8,7,15
2021-05-27T00:00:00.000Z,נורבגיה,0,1,1
2021-05-27T00:00:00.000Z,מרוקו,3,0,3
2021-05-27T00:00:00.000Z,מקסיקו,0,6,6
2021-05-27T00:00:00.000Z,מקדוניה,1,1,2
2021-05-27T00:00:00.000Z,מצרים,215,109,324
2021-05-27T00:00:00.000Z,מלטה,7,0,7
2021-05-27T00:00:00.000Z,אוגנדה,4,0,4
2021-05-27T00:00:00.000Z,אוזבקיסטן,5,5,10
2021-05-27T00:00:00.000Z,אוסטריה,26,19,45
2021-05-27T00:00:00.000Z,אוסטרליה,1,6,7
2021-05-27T00:00:00.000Z,אוקראינה,49,141,190
2021-05-27T00:00:00.000Z,אזרביג'אן,6,2,8
2021-05-27T00:00:00.000Z,איטליה,26,10,36
2021-05-27T00:00:00.000Z,איי סיישל,125,3,128
2021-05-27T00:00:00.000Z,אינדונזיה,1,0,1
2021-05-27T00:00:00.000Z,איסלנד,10,0,10
2021-05-27T00:00:00.000Z,אירלנד,2,4,6
2021-05-27T00:00:00.000Z,אלבניה,6,0,6
2021-05-27T00:00:00.000Z,אנגולה,1,0,1
2021-05-27T00:00:00.000Z,אסטוניה,4,0,4
2021-05-27T00:00:00.000Z,ארגנטינה,2,22,24
2021-05-27T00:00:00.000Z,אתיופיה,35,11,46
2021-05-27T00:00:00.000Z,בולגריה,148,33,181
2021-05-27T00:00:00.000Z,בוליביה,0,1,1
2021-05-27T00:00:00.000Z,בוסניה הרצגובינה,1,1,2
2021-05-27T00:00:00.000Z,בורונדי,0,2,2
2021-05-27T00:00:00.000Z,בחריין,4,2,6
2021-05-27T00:00:00.000Z,בילורוסיה,77,28,105
2021-05-27T00:00:00.000Z,בלגיה,73,79,152
2021-05-27T00:00:00.000Z,ברזיל,4,6,10
2021-05-27T00:00:00.000Z,גאורגיה,370,66,436
2021-05-27T00:00:00.000Z,גאנה,4,1,5
2021-05-27T00:00:00.000Z,גויאנה הצרפתית,1,0,1
2021-05-27T00:00:00.000Z,גינאה המשוונית,0,1,1
2021-05-27T00:00:00.000Z,גרמניה,97,71,168
2021-05-27T00:00:00.000Z,גרנדה,1,0,1
2021-05-27T00:00:00.000Z,דנמרק,5,9,14
2021-05-27T00:00:00.000Z,הודו,4,0,4
2021-05-27T00:00:00.000Z,הולנד,5,4,9
2021-05-27T00:00:00.000Z,הונגריה,2,1,3
2021-05-27T00:00:00.000Z,הממלכה המאוחדת,155,320,475
2021-05-27T00:00:00.000Z,הרפ הדומיניקנית,2,0,2
2021-05-27T00:00:00.000Z,זאיר,4,0,4
2021-05-27T00:00:00.000Z,זמביה,2,1,3
2021-05-27T00:00:00.000Z,חוף השנהב,0,1,1
2021-05-27T00:00:00.000Z,טנזניה,4,1,5
2021-05-27T00:00:00.000Z,יוון,574,82,656
2021-05-27T00:00:00.000Z,יפן,0,5,5
2021-05-27T00:00:00.000Z,ירדן,53,72,125
2021-05-27T00:00:00.000Z,כלל המדינות,4534,3726,8260
2021-05-27T00:00:00.000Z,לבנון,0,8,8
2021-05-27T00:00:00.000Z,לטביה,8,4,12
2021-05-27T00:00:00.000Z,ליטא,0,1,1
2021-05-27T00:00:00.000Z,מוזמביק,1,0,1
2021-05-27T00:00:00.000Z,מולדובה,51,31,82
2021-05-27T00:00:00.000Z,מונקו,1,0,1
2021-05-27T00:00:00.000Z,מלדיבים,2,1,3
2021-05-28T00:00:00.000Z,דנמרק,2,0,2
2021-05-28T00:00:00.000Z,פנמה,4,6,10
2021-05-28T00:00:00.000Z,צכיה,8,1,9
2021-05-28T00:00:00.000Z,צרפת,149,178,327
2021-05-28T00:00:00.000Z,קולומביה,2,6,8
2021-05-28T00:00:00.000Z,קוסטה ריקה,12,3,15
2021-05-28T00:00:00.000Z,קוריאה הדרומית,3,0,3
2021-05-28T00:00:00.000Z,קפריסין,88,26,114
2021-05-28T00:00:00.000Z,פיליפינים,1,3,4
2021-05-28T00:00:00.000Z,פורטוגל,12,5,17
2021-05-28T00:00:00.000Z,פולין,62,17,79
2021-05-28T00:00:00.000Z,סרי לנקה (צילון),1,1,2
2021-05-28T00:00:00.000Z,סרביה,10,1,11
2021-05-28T00:00:00.000Z,ספרד,42,31,73
2021-05-28T00:00:00.000Z,סינגפור,10,0,10
2021-05-28T00:00:00.000Z,סין,1,77,78
2021-05-28T00:00:00.000Z,סוריה,0,1,1
2021-05-28T00:00:00.000Z,נפאל,1,0,1
2021-05-28T00:00:00.000Z,ניגריה,1,0,1
2021-05-28T00:00:00.000Z,נורבגיה,0,1,1
2021-05-28T00:00:00.000Z,מרוקו,1,2,3
2021-05-28T00:00:00.000Z,מקסיקו,8,7,15
2021-05-28T00:00:00.000Z,מצרים,117,59,176
2021-05-28T00:00:00.000Z,מלדיבים,9,3,12
2021-05-28T00:00:00.000Z,מונטנגרו,33,5,38
2021-05-28T00:00:00.000Z,מולדובה,1,0,1
2021-05-28T00:00:00.000Z,ליטא,8,0,8
2021-05-28T00:00:00.000Z,לטביה,1,1,2
2021-05-28T00:00:00.000Z,לוכסמבורג,0,1,1
2021-05-28T00:00:00.000Z,כלל המדינות,3541,2654,6195
2021-05-28T00:00:00.000Z,יוון,239,38,277
2021-05-28T00:00:00.000Z,הרפ הדומיניקנית,2,0,2
2021-05-28T00:00:00.000Z,הממלכה המאוחדת,63,164,227
2021-05-28T00:00:00.000Z,הונדורס,1,0,1
2021-05-28T00:00:00.000Z,הונגריה,55,20,75
2021-05-28T00:00:00.000Z,הולנד,37,21,58
2021-05-28T00:00:00.000Z,צ'ילה,1,2,3
2021-05-28T00:00:00.000Z,דומיניקה,0,1,1
2021-05-28T00:00:00.000Z,גרמניה,78,39,117
2021-05-28T00:00:00.000Z,גמביה,0,3,3
2021-05-28T00:00:00.000Z,גווטאמלה,0,2,2
2021-05-28T00:00:00.000Z,גאורגיה,416,122,538
2021-05-28T00:00:00.000Z,ברזיל,1,3,4
2021-05-28T00:00:00.000Z,בלגיה,4,5,9
2021-05-28T00:00:00.000Z,בורקינה פאסו,1,0,1
2021-05-28T00:00:00.000Z,בוסניה הרצגובינה,1,0,1
2021-05-28T00:00:00.000Z,בולגריה,108,30,138
2021-05-28T00:00:00.000Z,אתיופיה,1,0,1
2021-05-28T00:00:00.000Z,ארצות הברית,656,786,1442
2021-05-28T00:00:00.000Z,אנגולה,3,0,3
2021-05-28T00:00:00.000Z,אלבניה,1,0,1
2021-05-28T00:00:00.000Z,אירלנד,1,0,1
2021-05-28T00:00:00.000Z,איסלנד,2,0,2
2021-05-28T00:00:00.000Z,אינדונזיה,2,1,3
2021-05-28T00:00:00.000Z,איי טורקס וקייקוס,1,0,1
2021-05-28T00:00:00.000Z,איי ווליס ופוטונה,0,3,3
2021-05-28T00:00:00.000Z,איטליה,19,12,31
2021-05-28T00:00:00.000Z,אורגוואי,1,0,1
2021-05-28T00:00:00.000Z,אוקראינה,8,6,14
2021-05-28T00:00:00.000Z,תורכמניסטאן,2,3,5
2021-05-28T00:00:00.000Z,תורכיה,80,66,146
2021-05-28T00:00:00.000Z,תוניסיה,2,1,3
2021-05-28T00:00:00.000Z,תאילנד,7,0,7
2021-05-28T00:00:00.000Z,שוויץ,56,42,98
2021-05-28T00:00:00.000Z,שוודיה,1,0,1
2021-05-28T00:00:00.000Z,רוסיה,154,125,279
2021-05-28T00:00:00.000Z,רומניה,4,1,5
2021-05-28T00:00:00.000Z,קרואטיה,2,1,3
2021-05-28T00:00:00.000Z,אוסטרליה,0,3,3
2021-05-28T00:00:00.000Z,אוסטריה,54,30,84
2021-05-28T00:00:00.000Z,פרו,1,1,2
2021-05-28T00:00:00.000Z,איחוד האמירויות הערב,323,85,408
2021-05-29T00:00:00.000Z,תורכיה,67,20,87
2021-05-29T00:00:00.000Z,תאילנד,2,8,10
2021-05-29T00:00:00.000Z,שוויץ,3,1,4
2021-05-29T00:00:00.000Z,אוגנדה,2,0,2
2021-05-29T00:00:00.000Z,רוסיה,5,6,11
2021-05-29T00:00:00.000Z,רומניה,66,22,88
2021-05-29T00:00:00.000Z,רואנדה,10,3,13
2021-05-29T00:00:00.000Z,קרואטיה,7,0,7
2021-05-29T00:00:00.000Z,קפריסין,454,23,477
2021-05-29T00:00:00.000Z,קניה,5,2,7
2021-05-29T00:00:00.000Z,קנדה,1,2,3
2021-05-29T00:00:00.000Z,קמבודיה,0,1,1
2021-05-29T00:00:00.000Z,קזחסטאן,0,5,5
2021-05-29T00:00:00.000Z,קוסטה ריקה,3,0,3
2021-05-29T00:00:00.000Z,קולומביה,0,2,2
2021-05-29T00:00:00.000Z,צרפת,34,36,70
2021-05-29T00:00:00.000Z,צכיה,2,0,2
2021-05-29T00:00:00.000Z,פרו,0,1,1
2021-05-29T00:00:00.000Z,פינלנד,8,0,8
2021-05-29T00:00:00.000Z,פיליפינים,2,0,2
2021-05-29T00:00:00.000Z,פורטוגל,10,5,15
2021-05-29T00:00:00.000Z,פולין,14,4,18
2021-05-29T00:00:00.000Z,סרי לנקה (צילון),1,1,2
2021-05-29T00:00:00.000Z,סרביה,2,2,4
2021-05-29T00:00:00.000Z,ספרד,22,14,36
2021-05-29T00:00:00.000Z,סנגל,2,0,2
2021-05-29T00:00:00.000Z,סלובניה,3,0,3
2021-05-29T00:00:00.000Z,סין,4,0,4
2021-05-29T00:00:00.000Z,נמיביה,2,0,2
2021-05-29T00:00:00.000Z,ניו זילנד,0,1,1
2021-05-29T00:00:00.000Z,ניגריה,3,4,7
2021-05-29T00:00:00.000Z,נורבגיה,0,2,2
2021-05-29T00:00:00.000Z,מרוקו,1,0,1
2021-05-29T00:00:00.000Z,מקסיקו,3,7,10
2021-05-29T00:00:00.000Z,מצרים,400,50,450
2021-05-29T00:00:00.000Z,מלטה,1,0,1
2021-05-29T00:00:00.000Z,מלדיבים,4,0,4
2021-05-29T00:00:00.000Z,מלאווי,1,0,1
2021-05-29T00:00:00.000Z,מונטנגרו,1,0,1
2021-05-29T00:00:00.000Z,איחוד האמירויות הערב,54,7,61
2021-05-29T00:00:00.000Z,ליטא,3,1,4
2021-05-29T00:00:00.000Z,לוכסמבורג,1,1,2
2021-05-29T00:00:00.000Z,כלל המדינות,2352,1333,3685
2021-05-29T00:00:00.000Z,יפן,0,1,1
2021-05-29T00:00:00.000Z,יוון,344,11,355
2021-05-29T00:00:00.000Z,טיוואן,0,1,1
2021-05-29T00:00:00.000Z,חוף השנהב,1,0,1
2021-05-29T00:00:00.000Z,זמביה,3,0,3
2021-05-29T00:00:00.000Z,זאיר,1,1,2
2021-05-29T00:00:00.000Z,הרפ הדומיניקנית,3,0,3
2021-05-29T00:00:00.000Z,הממלכה המאוחדת,46,62,108
2021-05-29T00:00:00.000Z,הונג קונג,0,1,1
2021-05-29T00:00:00.000Z,הולנד,21,22,43
2021-05-29T00:00:00.000Z,דרום אפריקה,3,3,6
2021-05-29T00:00:00.000Z,דנמרק,16,1,17
2021-05-29T00:00:00.000Z,גרמניה,93,72,165
2021-05-29T00:00:00.000Z,גאנה,4,1,5
2021-05-29T00:00:00.000Z,גאורגיה,51,9,60
2021-05-29T00:00:00.000Z,ברזיל,1,0,1
2021-05-29T00:00:00.000Z,בלגיה,7,1,8
2021-05-29T00:00:00.000Z,בחריין,1,0,1
2021-05-29T00:00:00.000Z,בוסניה הרצגובינה,4,4,8
2021-05-29T00:00:00.000Z,בולגריה,1,0,1
2021-05-29T00:00:00.000Z,בוטסואנה,1,0,1
2021-05-29T00:00:00.000Z,אתיופיה,34,10,44
2021-05-29T00:00:00.000Z,ארצות הברית,245,544,789
2021-05-29T00:00:00.000Z,ארמניה,0,1,1
2021-05-29T00:00:00.000Z,ארגנטינה,3,1,4
2021-05-29T00:00:00.000Z,אסטוניה,1,0,1
2021-05-29T00:00:00.000Z,אל סלבדור,0,2,2
2021-05-29T00:00:00.000Z,אירלנד,2,7,9
2021-05-29T00:00:00.000Z,איסלנד,9,0,9
2021-05-29T00:00:00.000Z,איי סיישל,4,0,4
2021-05-29T00:00:00.000Z,איטליה,34,15,49
2021-05-29T00:00:00.000Z,אורגוואי,3,6,9
2021-05-29T00:00:00.000Z,אוקראינה,1,5,6
2021-05-29T00:00:00.000Z,אוסטרליה,0,4,4
2021-05-29T00:00:00.000Z,אוסטריה,21,9,30
2021-05-29T00:00:00.000Z,שוודיה,0,3,3
2021-05-30T00:00:00.000Z,לטביה,2,2,4
2021-05-30T00:00:00.000Z,אנגולה,0,1,1
2021-05-30T00:00:00.000Z,אסטוניה,2,0,2
2021-05-30T00:00:00.000Z,ארגנטינה,0,1,1
2021-05-30T00:00:00.000Z,ארצות הברית,348,462,810
2021-05-30T00:00:00.000Z,בולגריה,208,4,212
2021-05-30T00:00:00.000Z,בוסניה הרצגובינה,0,1,1
2021-05-30T00:00:00.000Z,בילורוסיה,130,17,147
2021-05-30T00:00:00.000Z,קמרון,2,1,3
2021-05-30T00:00:00.000Z,אוזבקיסטן,1,0,1
2021-05-30T00:00:00.000Z,אוסטריה,40,17,57
2021-05-30T00:00:00.000Z,אוסטרליה,0,1,1
2021-05-30T00:00:00.000Z,אוקראינה,80,26,106
2021-05-30T00:00:00.000Z,אזרביג'אן,2,0,2
2021-05-30T00:00:00.000Z,איטליה,24,6,30
2021-05-30T00:00:00.000Z,איי סיישל,131,13,144
2021-05-30T00:00:00.000Z,אינדונזיה,0,1,1
2021-05-30T00:00:00.000Z,אירלנד,2,1,3
2021-05-30T00:00:00.000Z,אוגנדה,2,1,3
2021-05-30T00:00:00.000Z,גאורגיה,421,9,430
2021-05-30T00:00:00.000Z,גרמניה,56,30,86
2021-05-30T00:00:00.000Z,דנמרק,4,3,7
2021-05-30T00:00:00.000Z,דרום אפריקה,1,0,1
2021-05-30T00:00:00.000Z,האנטילים ההולנדים,1,0,1
2021-05-30T00:00:00.000Z,הולנד,75,47,122
2021-05-30T00:00:00.000Z,הונגריה,3,2,5
2021-05-30T00:00:00.000Z,הממלכה המאוחדת,228,201,429
2021-05-30T00:00:00.000Z,הרפ הדומיניקנית,0,1,1
2021-05-30T00:00:00.000Z,ויטנאם,0,5,5
2021-05-30T00:00:00.000Z,ונצואלה,0,1,1
2021-05-30T00:00:00.000Z,טיוואן,2,0,2
2021-05-30T00:00:00.000Z,יוון,1236,65,1301
2021-05-30T00:00:00.000Z,יפן,0,1,1
2021-05-30T00:00:00.000Z,ירדן,119,46,165
2021-05-30T00:00:00.000Z,אלבניה,0,4,4
2021-05-30T00:00:00.000Z,בלגיה,6,12,18
2021-05-30T00:00:00.000Z,ברזיל,3,1,4
2021-05-30T00:00:00.000Z,מולדובה,74,47,121
2021-05-30T00:00:00.000Z,מונקו,1,0,1
2021-05-30T00:00:00.000Z,מלדיבים,8,3,11
2021-05-30T00:00:00.000Z,מלזיה,0,1,1
2021-05-30T00:00:00.000Z,מצרים,461,59,520
2021-05-30T00:00:00.000Z,מקדוניה,2,0,2
2021-05-30T00:00:00.000Z,מקסיקו,9,6,15
2021-05-30T00:00:00.000Z,נורבגיה,0,1,1
2021-05-30T00:00:00.000Z,ניגריה,1,0,1
2021-05-30T00:00:00.000Z,סוריה,0,5,5
2021-05-30T00:00:00.000Z,סינגפור,0,2,2
2021-05-30T00:00:00.000Z,ספרד,12,4,16
2021-05-30T00:00:00.000Z,סרביה,8,3,11
2021-05-30T00:00:00.000Z,ערב הסעודית,2,0,2
2021-05-30T00:00:00.000Z,פולין,42,8,50
2021-05-30T00:00:00.000Z,פורטוגל,17,1,18
2021-05-30T00:00:00.000Z,פיליפינים,2,17,19
2021-05-30T00:00:00.000Z,צכיה,4,2,6
2021-05-30T00:00:00.000Z,צרפת,151,166,317
2021-05-30T00:00:00.000Z,קוסטה ריקה,3,5,8
2021-05-30T00:00:00.000Z,קוריאה הדרומית,2,2,4
2021-05-30T00:00:00.000Z,קירג'זסטאן,3,1,4
2021-05-30T00:00:00.000Z,איחוד האמירויות הערב,371,48,419
2021-05-30T00:00:00.000Z,כלל המדינות,6400,2297,8697
2021-05-30T00:00:00.000Z,לבנון,0,3,3
2021-05-30T00:00:00.000Z,תורכיה,135,52,187
2021-05-30T00:00:00.000Z,תוניסיה,1,0,1
2021-05-30T00:00:00.000Z,תאילנד,1,11,12
2021-05-30T00:00:00.000Z,שוויץ,32,22,54
2021-05-30T00:00:00.000Z,שוודיה,1,4,5
2021-05-30T00:00:00.000Z,רוסיה,161,164,325
2021-05-30T00:00:00.000Z,רומניה,64,26,90
2021-05-30T00:00:00.000Z,רואנדה,1,0,1
2021-05-30T00:00:00.000Z,קרואטיה,3,1,4
2021-05-30T00:00:00.000Z,קפריסין,586,62,648
2021-05-30T00:00:00.000Z,קנדה,8,75,83
2021-05-31T00:00:00.000Z,כלל המדינות,6677,3501,10178
2021-05-31T00:00:00.000Z,תאילנד,3,0,3
2021-05-31T00:00:00.000Z,תורכיה,45,21,66
2021-05-31T00:00:00.000Z,תורכמניסטאן,2,2,4
2021-05-31T00:00:00.000Z,קרואטיה,72,17,89
2021-05-31T00:00:00.000Z,לטביה,2,1,3
2021-05-31T00:00:00.000Z,ליטא,18,0,18
2021-05-31T00:00:00.000Z,לסוטו,2,0,2
2021-05-31T00:00:00.000Z,מוזמביק,2,0,2
2021-05-31T00:00:00.000Z,לוכסמבורג,10,0,10
2021-05-31T00:00:00.000Z,מולדובה,0,5,5
2021-05-31T00:00:00.000Z,מונטנגרו,30,6,36
2021-05-31T00:00:00.000Z,מלדיבים,8,0,8
2021-05-31T00:00:00.000Z,מלטה,3,0,3
2021-05-31T00:00:00.000Z,מצרים,355,57,412
2021-05-31T00:00:00.000Z,איחוד האמירויות הערב,348,42,390
2021-05-31T00:00:00.000Z,מקסיקו,2,4,6
2021-05-31T00:00:00.000Z,מרוקו,1,2,3
2021-05-31T00:00:00.000Z,נורבגיה,0,1,1
2021-05-31T00:00:00.000Z,ניגריה,3,7,10
2021-05-31T00:00:00.000Z,ניו זילנד,1,0,1
2021-05-31T00:00:00.000Z,סווזילנד,1,0,1
2021-05-31T00:00:00.000Z,רואנדה,4,0,4
2021-05-31T00:00:00.000Z,רומניה,30,20,50
2021-05-31T00:00:00.000Z,ירדן,93,57,150
2021-05-31T00:00:00.000Z,יפן,1,1,2
2021-05-31T00:00:00.000Z,יוון,1039,42,1081
2021-05-31T00:00:00.000Z,טנזניה,12,1,13
2021-05-31T00:00:00.000Z,טיוואן,0,2,2
2021-05-31T00:00:00.000Z,חוף השנהב,2,0,2
2021-05-31T00:00:00.000Z,זמביה,4,1,5
2021-05-31T00:00:00.000Z,זאיר,1,2,3
2021-05-31T00:00:00.000Z,הרפ הדומיניקנית,1,0,1
2021-05-31T00:00:00.000Z,הממלכה המאוחדת,196,193,389
2021-05-31T00:00:00.000Z,הונגריה,58,21,79
2021-05-31T00:00:00.000Z,הונג קונג,0,4,4
2021-05-31T00:00:00.000Z,הולנד,42,25,67
2021-05-31T00:00:00.000Z,הודו,33,28,61
2021-05-31T00:00:00.000Z,דרום אפריקה,6,3,9
2021-05-31T00:00:00.000Z,דנמרק,2,3,5
2021-05-31T00:00:00.000Z,גרמניה,143,80,223
2021-05-31T00:00:00.000Z,גמייקה,2,2,4
2021-05-31T00:00:00.000Z,סוריה,1,7,8
2021-05-31T00:00:00.000Z,סין,0,1,1
2021-05-31T00:00:00.000Z,ספרד,71,26,97
2021-05-31T00:00:00.000Z,סרביה,10,1,11
2021-05-31T00:00:00.000Z,סרי לנקה (צילון),2,0,2
2021-05-31T00:00:00.000Z,פולין,6,4,10
2021-05-31T00:00:00.000Z,פורטוגל,15,6,21
2021-05-31T00:00:00.000Z,פיליפינים,0,18,18
2021-05-31T00:00:00.000Z,פינלנד,2,1,3
2021-05-31T00:00:00.000Z,פנמה,3,2,5
2021-05-31T00:00:00.000Z,צ'ילה,2,1,3
2021-05-31T00:00:00.000Z,צכיה,3,1,4
2021-05-31T00:00:00.000Z,צרפת,241,212,453
2021-05-31T00:00:00.000Z,קולומביה,3,5,8
2021-05-31T00:00:00.000Z,קוסובו,1,0,1
2021-05-31T00:00:00.000Z,קוריאה הדרומית,1,6,7
2021-05-31T00:00:00.000Z,קזחסטאן,2,1,3
2021-05-31T00:00:00.000Z,קטר,0,1,1
2021-05-31T00:00:00.000Z,קירג'זסטאן,11,3,14
2021-05-31T00:00:00.000Z,קנדה,5,13,18
2021-05-31T00:00:00.000Z,קניה,2,2,4
2021-05-31T00:00:00.000Z,קפריסין,339,46,385
2021-05-31T00:00:00.000Z,איי טורקס וקייקוס,0,2,2
2021-05-31T00:00:00.000Z,איטליה,33,14,47
2021-05-31T00:00:00.000Z,אזרביג'אן,2,1,3
2021-05-31T00:00:00.000Z,אוקראינה,94,84,178
2021-05-31T00:00:00.000Z,אוסטרליה,0,2,2
2021-05-31T00:00:00.000Z,אוסטריה,92,45,137
2021-05-31T00:00:00.000Z,אוזבקיסטן,14,59,73
2021-05-31T00:00:00.000Z,אוגנדה,6,1,7
2021-05-31T00:00:00.000Z,גיברלטר,0,1,1
2021-05-31T00:00:00.000Z,גאורגיה,599,50,649
2021-05-31T00:00:00.000Z,ברמודה,0,1,1
2021-05-31T00:00:00.000Z,ברזיל,2,5,7
2021-05-31T00:00:00.000Z,בלגיה,44,96,140
2021-05-31T00:00:00.000Z,בוליביה,2,1,3
2021-05-31T00:00:00.000Z,בולגריה,286,25,311
2021-05-31T00:00:00.000Z,בוטסואנה,1,0,1
2021-05-31T00:00:00.000Z,אתיופיה,29,8,37
2021-05-31T00:00:00.000Z,ארצות הברית,765,1125,1890
2021-05-31T00:00:00.000Z,ארמניה,2,2,4
2021-05-31T00:00:00.000Z,ארגנטינה,0,2,2
2021-05-31T00:00:00.000Z,אסטוניה,0,2,2
2021-05-31T00:00:00.000Z,אנגולה,1,0,1
2021-05-31T00:00:00.000Z,אלבניה,3,1,4
2021-05-31T00:00:00.000Z,אירלנד,3,1,4
2021-05-31T00:00:00.000Z,איי סיישל,67,4,71
2021-05-31T00:00:00.000Z,רוסיה,212,159,371
2021-05-31T00:00:00.000Z,שוודיה,2,3,5
2021-05-31T00:00:00.000Z,שוויץ,38,38,76
2021-06-01T00:00:00.000Z,פיליפינים,0,2,2
2021-06-01T00:00:00.000Z,סנגל,1,0,1
2021-06-01T00:00:00.000Z,איחוד האמירויות הערב,289,44,333
2021-06-01T00:00:00.000Z,אוגנדה,2,0,2
2021-06-01T00:00:00.000Z,אוזבקיסטן,2,2,4
2021-06-01T00:00:00.000Z,אוסטריה,6,4,10
2021-06-01T00:00:00.000Z,אוקראינה,100,59,159
2021-06-01T00:00:00.000Z,אורגוואי,0,4,4
2021-06-01T00:00:00.000Z,אזרביג'אן,1,0,1
2021-06-01T00:00:00.000Z,איטליה,49,34,83
2021-06-01T00:00:00.000Z,איסלנד,8,2,10
2021-06-01T00:00:00.000Z,אירלנד,3,0,3
2021-06-01T00:00:00.000Z,אלבניה,1,0,1
2021-06-01T00:00:00.000Z,אנגולה,1,1,2
2021-06-01T00:00:00.000Z,אקואדור,2,6,8
2021-06-01T00:00:00.000Z,ארגנטינה,5,6,11
2021-06-01T00:00:00.000Z,ארמניה,1,0,1
2021-06-01T00:00:00.000Z,ארצות הברית,534,587,1121
2021-06-01T00:00:00.000Z,אתיופיה,19,7,26
2021-06-01T00:00:00.000Z,תוניסיה,1,0,1
2021-06-01T00:00:00.000Z,תאילנד,6,2,8
2021-06-01T00:00:00.000Z,שוויץ,7,3,10
2021-06-01T00:00:00.000Z,רוסיה,30,47,77
2021-06-01T00:00:00.000Z,קרואטיה,2,0,2
2021-06-01T00:00:00.000Z,קפריסין,127,10,137
2021-06-01T00:00:00.000Z,קניה,9,4,13
2021-06-01T00:00:00.000Z,קנדה,0,5,5
2021-06-01T00:00:00.000Z,קזחסטאן,0,1,1
2021-06-01T00:00:00.000Z,קוריאה הדרומית,2,0,2
2021-06-01T00:00:00.000Z,קוסטה ריקה,6,9,15
2021-06-01T00:00:00.000Z,קולומביה,0,3,3
2021-06-01T00:00:00.000Z,צרפת,98,104,202
2021-06-01T00:00:00.000Z,פרו,0,3,3
2021-06-01T00:00:00.000Z,פנמה,0,1,1
2021-06-01T00:00:00.000Z,פינלנד,2,0,2
2021-06-01T00:00:00.000Z,תורכיה,40,28,68
2021-06-01T00:00:00.000Z,פורטוגל,15,4,19
2021-06-01T00:00:00.000Z,פולין,28,6,34
2021-06-01T00:00:00.000Z,סרביה,4,2,6
2021-06-01T00:00:00.000Z,ספרד,49,46,95
2021-06-01T00:00:00.000Z,בולגריה,71,1,72
2021-06-01T00:00:00.000Z,בוליביה,0,1,1
2021-06-01T00:00:00.000Z,בילורוסיה,40,27,67
2021-06-01T00:00:00.000Z,בלגיה,0,8,8
2021-06-01T00:00:00.000Z,ברבדוס,0,1,1
2021-06-01T00:00:00.000Z,ברזיל,3,6,9
2021-06-01T00:00:00.000Z,גאורגיה,240,12,252
2021-06-01T00:00:00.000Z,גאנה,0,1,1
2021-06-01T00:00:00.000Z,גינאה,1,1,2
2021-06-01T00:00:00.000Z,גינאה המשוונית,3,0,3
2021-06-01T00:00:00.000Z,גרמניה,194,105,299
2021-06-01T00:00:00.000Z,דנמרק,4,4,8
2021-06-01T00:00:00.000Z,דרום אפריקה,5,5,10
2021-06-01T00:00:00.000Z,הולנד,23,14,37
2021-06-01T00:00:00.000Z,הממלכה המאוחדת,193,210,403
2021-06-01T00:00:00.000Z,זאיר,0,1,1
2021-06-01T00:00:00.000Z,זמביה,1,0,1
2021-06-01T00:00:00.000Z,חוף השנהב,1,1,2
2021-06-01T00:00:00.000Z,טיוואן,1,0,1
2021-06-01T00:00:00.000Z,יוון,353,25,378
2021-06-01T00:00:00.000Z,ירדן,55,36,91
2021-06-01T00:00:00.000Z,כלל המדינות,3583,2069,5652
2021-06-01T00:00:00.000Z,ליטא,8,0,8
2021-06-01T00:00:00.000Z,מוזמביק,1,2,3
2021-06-01T00:00:00.000Z,מולדובה,54,65,119
2021-06-01T00:00:00.000Z,מצרים,258,27,285
2021-06-01T00:00:00.000Z,מקסיקו,4,5,9
2021-06-01T00:00:00.000Z,ניגריה,1,2,3
2021-06-01T00:00:00.000Z,סלובניה,0,1,1
2021-06-02T00:00:00.000Z,דרום אפריקה,2,1,3
2021-06-02T00:00:00.000Z,צכיה,3,1,4
2021-06-02T00:00:00.000Z,צרפת,185,280,465
2021-06-02T00:00:00.000Z,קולומביה,2,1,3
2021-06-02T00:00:00.000Z,קוסטה ריקה,7,8,15
2021-06-02T00:00:00.000Z,קוריאה הדרומית,1,5,6
2021-06-02T00:00:00.000Z,קזחסטאן,0,2,2
2021-06-02T00:00:00.000Z,קטר,1,0,1
2021-06-02T00:00:00.000Z,קנדה,12,86,98
2021-06-02T00:00:00.000Z,קניה,3,1,4
2021-06-02T00:00:00.000Z,קפריסין,148,24,172
2021-06-02T00:00:00.000Z,קרואטיה,6,3,9
2021-06-02T00:00:00.000Z,רומניה,60,30,90
2021-06-02T00:00:00.000Z,רוסיה,2,7,9
2021-06-02T00:00:00.000Z,שוודיה,1,5,6
2021-06-02T00:00:00.000Z,שוויץ,42,45,87
2021-06-02T00:00:00.000Z,תאילנד,3,7,10
2021-06-02T00:00:00.000Z,תוניסיה,3,0,3
2021-06-02T00:00:00.000Z,תורכיה,115,28,143
2021-06-02T00:00:00.000Z,תורכמניסטאן,1,0,1
2021-06-02T00:00:00.000Z,הונג קונג,0,5,5
2021-06-02T00:00:00.000Z,הונגריה,45,30,75
2021-06-02T00:00:00.000Z,הממלכה המאוחדת,146,226,372
2021-06-02T00:00:00.000Z,הרפ הדומיניקנית,0,1,1
2021-06-02T00:00:00.000Z,ויטנאם,0,1,1
2021-06-02T00:00:00.000Z,ונצואלה,1,0,1
2021-06-02T00:00:00.000Z,זאיר,0,1,1
2021-06-02T00:00:00.000Z,זימבאבווה,2,0,2
2021-06-02T00:00:00.000Z,טיוואן,1,3,4
2021-06-02T00:00:00.000Z,טנזניה,0,1,1
2021-06-02T00:00:00.000Z,יוון,309,22,331
2021-06-02T00:00:00.000Z,יפן,1,0,1
2021-06-02T00:00:00.000Z,ירדן,39,36,75
2021-06-02T00:00:00.000Z,כלל המדינות,3634,3207,6841
2021-06-02T00:00:00.000Z,לטביה,0,1,1
2021-06-02T00:00:00.000Z,ליטא,1,0,1
2021-06-02T00:00:00.000Z,מונטנגרו,33,0,33
2021-06-02T00:00:00.000Z,מלדיבים,15,1,16
2021-06-02T00:00:00.000Z,מלטה,3,0,3
2021-06-02T00:00:00.000Z,מקדוניה,2,0,2
2021-06-02T00:00:00.000Z,איחוד האמירויות הערב,239,38,277
2021-06-02T00:00:00.000Z,הולנד,56,31,87
2021-06-02T00:00:00.000Z,מצרים,145,12,157
2021-06-02T00:00:00.000Z,מקסיקו,7,5,12
2021-06-02T00:00:00.000Z,מרוקו,1,2,3
2021-06-02T00:00:00.000Z,נורבגיה,0,1,1
2021-06-02T00:00:00.000Z,ניגריה,0,1,1
2021-06-02T00:00:00.000Z,סין,3,16,19
2021-06-02T00:00:00.000Z,סינגפור,0,21,21
2021-06-02T00:00:00.000Z,סלובניה,3,1,4
2021-06-02T00:00:00.000Z,ספרד,53,26,79
2021-06-02T00:00:00.000Z,סרביה,5,3,8
2021-06-02T00:00:00.000Z,דרום סודאן,0,1,1
2021-06-02T00:00:00.000Z,סרי לנקה (צילון),1,0,1
2021-06-02T00:00:00.000Z,ערב הסעודית,0,6,6
2021-06-02T00:00:00.000Z,פולין,79,21,100
2021-06-02T00:00:00.000Z,פורטוגל,8,2,10
2021-06-02T00:00:00.000Z,פיליפינים,2,2,4
2021-06-02T00:00:00.000Z,דנמרק,6,4,10
2021-06-02T00:00:00.000Z,גרמניה,125,89,214
2021-06-02T00:00:00.000Z,גויאנה הצרפתית,0,3,3
2021-06-02T00:00:00.000Z,גאנה,1,0,1
2021-06-02T00:00:00.000Z,גאורגיה,139,19,158
2021-06-02T00:00:00.000Z,ברזיל,1,6,7
2021-06-02T00:00:00.000Z,בלגיה,1,4,5
2021-06-02T00:00:00.000Z,בילורוסיה,19,12,31
2021-06-02T00:00:00.000Z,בוליביה,1,2,3
2021-06-02T00:00:00.000Z,בולגריה,105,28,133
2021-06-02T00:00:00.000Z,בוטסואנה,3,0,3
2021-06-02T00:00:00.000Z,אתיופיה,15,8,23
2021-06-02T00:00:00.000Z,ארצות הברית,605,1273,1878
2021-06-02T00:00:00.000Z,ארגנטינה,9,4,13
2021-06-02T00:00:00.000Z,אסטוניה,1,0,1
2021-06-02T00:00:00.000Z,אנגולה,2,0,2
2021-06-02T00:00:00.000Z,אלבניה,3,0,3
2021-06-02T00:00:00.000Z,אירלנד,0,4,4
2021-06-02T00:00:00.000Z,אינדונזיה,0,1,1
2021-06-02T00:00:00.000Z,איי סיישל,38,5,43
2021-06-02T00:00:00.000Z,איטליה,45,15,60
2021-06-02T00:00:00.000Z,אזרביג'אן,3,1,4
2021-06-02T00:00:00.000Z,אוקראינה,35,32,67
2021-06-02T00:00:00.000Z,אוסטרליה,1,4,5
2021-06-02T00:00:00.000Z,אוסטריה,57,35,92
2021-06-02T00:00:00.000Z,אוזבקיסטן,1,0,1
2021-06-02T00:00:00.000Z,פינלנד,3,0,3
2021-06-02T00:00:00.000Z,פנמה,0,1,1
2021-06-02T00:00:00.000Z,פרגוואי,4,0,4
2021-06-02T00:00:00.000Z,פרו,0,1,1
2021-06-03T00:00:00.000Z,גאורגיה,481,24,505
2021-06-03T00:00:00.000Z,נמיביה,1,2,3
2021-06-03T00:00:00.000Z,נורבגיה,0,2,2
2021-06-03T00:00:00.000Z,מרוקו,0,2,2
2021-06-03T00:00:00.000Z,מקסיקו,0,3,3
2021-06-03T00:00:00.000Z,מצרים,270,48,318
2021-06-03T00:00:00.000Z,מלדיבים,1,1,2
2021-06-03T00:00:00.000Z,מולדובה,68,42,110
2021-06-03T00:00:00.000Z,לבנון,0,1,1
2021-06-03T00:00:00.000Z,כלל המדינות,6029,2880,8909
2021-06-03T00:00:00.000Z,ירדן,77,59,136
2021-06-03T00:00:00.000Z,יפן,0,2,2
2021-06-03T00:00:00.000Z,יוון,697,67,764
2021-06-03T00:00:00.000Z,טנזניה,6,0,6
2021-06-03T00:00:00.000Z,אנגולה,1,1,2
2021-06-03T00:00:00.000Z,אירלנד,3,0,3
2021-06-03T00:00:00.000Z,איסלנד,16,0,16
2021-06-03T00:00:00.000Z,איי סיישל,59,6,65
2021-06-03T00:00:00.000Z,איי טורקס וקייקוס,1,0,1
2021-06-03T00:00:00.000Z,איטליה,13,9,22
2021-06-03T00:00:00.000Z,אזרביג'אן,15,3,18
2021-06-03T00:00:00.000Z,אוקראינה,50,49,99
2021-06-03T00:00:00.000Z,אוסטרליה,1,0,1
2021-06-03T00:00:00.000Z,אוסטריה,30,23,53
2021-06-03T00:00:00.000Z,אוזבקיסטן,3,1,4
2021-06-03T00:00:00.000Z,אוגנדה,4,0,4
2021-06-03T00:00:00.000Z,טיוואן,2,0,2
2021-06-03T00:00:00.000Z,טוגו,1,0,1
2021-06-03T00:00:00.000Z,שוודיה,5,5,10
2021-06-03T00:00:00.000Z,שוויץ,50,25,75
2021-06-03T00:00:00.000Z,תאילנד,4,2,6
2021-06-03T00:00:00.000Z,תורכיה,78,36,114
2021-06-03T00:00:00.000Z,תורכמניסטאן,5,0,5
2021-06-03T00:00:00.000Z,איחוד האמירויות הערב,287,43,330
2021-06-03T00:00:00.000Z,ארגנטינה,2,16,18
2021-06-03T00:00:00.000Z,ארצות הברית,498,749,1247
2021-06-03T00:00:00.000Z,אתיופיה,12,6,18
2021-06-03T00:00:00.000Z,בולגריה,169,3,172
2021-06-03T00:00:00.000Z,בוליביה,3,0,3
2021-06-03T00:00:00.000Z,בוסניה הרצגובינה,7,6,13
2021-06-03T00:00:00.000Z,בילורוסיה,48,21,69
2021-06-03T00:00:00.000Z,בלגיה,76,66,142
2021-06-03T00:00:00.000Z,ברזיל,3,3,6
2021-06-03T00:00:00.000Z,ניגריה,5,5,10
2021-06-03T00:00:00.000Z,גאנה,1,1,2
2021-06-03T00:00:00.000Z,גווטאמלה,1,0,1
2021-06-03T00:00:00.000Z,גויאנה הצרפתית,1,0,1
2021-06-03T00:00:00.000Z,גינאה,1,0,1
2021-06-03T00:00:00.000Z,גינאה המשוונית,2,1,3
2021-06-03T00:00:00.000Z,גרמניה,112,51,163
2021-06-03T00:00:00.000Z,דנמרק,4,3,7
2021-06-03T00:00:00.000Z,דרום אפריקה,3,8,11
2021-06-03T00:00:00.000Z,הודו,2,3,5
2021-06-03T00:00:00.000Z,הולנד,11,3,14
2021-06-03T00:00:00.000Z,הונג קונג,1,0,1
2021-06-03T00:00:00.000Z,הונגריה,51,34,85
2021-06-03T00:00:00.000Z,הממלכה המאוחדת,206,185,391
2021-06-03T00:00:00.000Z,ונואטו,0,1,1
2021-06-03T00:00:00.000Z,זמביה,4,0,4
2021-06-03T00:00:00.000Z,חוף השנהב,4,0,4
2021-06-03T00:00:00.000Z,סין,1,5,6
2021-06-03T00:00:00.000Z,ספרד,38,16,54
2021-06-03T00:00:00.000Z,סרביה,3,0,3
2021-06-03T00:00:00.000Z,עירק,0,2,2
2021-06-03T00:00:00.000Z,פולין,20,1,21
2021-06-03T00:00:00.000Z,פורטוגל,9,2,11
2021-06-03T00:00:00.000Z,פיליפינים,0,8,8
2021-06-03T00:00:00.000Z,פינלנד,4,1,5
2021-06-03T00:00:00.000Z,פנמה,2,4,6
2021-06-03T00:00:00.000Z,פרו,4,3,7
2021-06-03T00:00:00.000Z,צ'ילה,0,6,6
2021-06-03T00:00:00.000Z,צכיה,26,7,33
2021-06-03T00:00:00.000Z,צרפת,139,144,283
2021-06-03T00:00:00.000Z,קולומביה,0,2,2
2021-06-03T00:00:00.000Z,קוסובו,1,0,1
2021-06-03T00:00:00.000Z,קוריאה הדרומית,4,0,4
2021-06-03T00:00:00.000Z,קמרון,3,0,3
2021-06-03T00:00:00.000Z,קנדה,0,4,4
2021-06-03T00:00:00.000Z,קניה,4,0,4
2021-06-03T00:00:00.000Z,קפריסין,250,35,285
2021-06-03T00:00:00.000Z,קרואטיה,4,1,5
2021-06-03T00:00:00.000Z,ראוניון,1,0,1
2021-06-03T00:00:00.000Z,רואנדה,12,1,13
2021-06-03T00:00:00.000Z,רומניה,37,9,46
2021-06-03T00:00:00.000Z,רוסיה,147,118,265
2021-06-03T00:00:00.000Z,מקדוניה,4,0,4
2021-06-04T00:00:00.000Z,מקדוניה,2,0,2
2021-06-04T00:00:00.000Z,מצרים,243,39,282
2021-06-04T00:00:00.000Z,מלדיבים,7,0,7
2021-06-04T00:00:00.000Z,מונטנגרו,25,1,26
2021-06-04T00:00:00.000Z,ליטא,9,5,14
2021-06-04T00:00:00.000Z,לטביה,1,3,4
2021-06-04T00:00:00.000Z,לוכסמבורג,1,0,1
2021-06-04T00:00:00.000Z,כלל המדינות,4475,2232,6707
2021-06-04T00:00:00.000Z,יפן,0,4,4
2021-06-04T00:00:00.000Z,יוון,428,45,473
2021-06-04T00:00:00.000Z,טנזניה,1,0,1
2021-06-04T00:00:00.000Z,זמביה,1,0,1
2021-06-04T00:00:00.000Z,זאיר,1,0,1
2021-06-04T00:00:00.000Z,ונצואלה,0,1,1
2021-06-04T00:00:00.000Z,ויטנאם,0,3,3
2021-06-04T00:00:00.000Z,הממלכה המאוחדת,114,86,200
2021-06-04T00:00:00.000Z,הונגריה,9,1,10
2021-06-04T00:00:00.000Z,הולנד,58,32,90
2021-06-04T00:00:00.000Z,דנמרק,3,1,4
2021-06-04T00:00:00.000Z,גרמניה,168,121,289
2021-06-04T00:00:00.000Z,גמייקה,0,1,1
2021-06-04T00:00:00.000Z,גווטאמלה,0,2,2
2021-06-04T00:00:00.000Z,גאנה,2,0,2
2021-06-04T00:00:00.000Z,גאורגיה,316,29,345
2021-06-04T00:00:00.000Z,ברמודה,1,0,1
2021-06-04T00:00:00.000Z,בלגיה,3,2,5
2021-06-04T00:00:00.000Z,בילורוסיה,4,0,4
2021-06-04T00:00:00.000Z,בוסניה הרצגובינה,9,0,9
2021-06-04T00:00:00.000Z,בוליביה,1,2,3
2021-06-04T00:00:00.000Z,בולגריה,157,39,196
2021-06-04T00:00:00.000Z,ארצות הברית,746,636,1382
2021-06-04T00:00:00.000Z,ארגנטינה,2,3,5
2021-06-04T00:00:00.000Z,אסטוניה,0,2,2
2021-06-04T00:00:00.000Z,אנגולה,3,0,3
2021-06-04T00:00:00.000Z,אירלנד,1,4,5
2021-06-04T00:00:00.000Z,אינדונזיה,0,1,1
2021-06-04T00:00:00.000Z,איטליה,50,42,92
2021-06-04T00:00:00.000Z,אזרביג'אן,8,2,10
2021-06-04T00:00:00.000Z,אורגוואי,0,6,6
2021-06-04T00:00:00.000Z,אוקראינה,47,29,76
2021-06-04T00:00:00.000Z,אוסטרליה,0,13,13
2021-06-04T00:00:00.000Z,אוסטריה,131,39,170
2021-06-04T00:00:00.000Z,ירדן,0,12,12
2021-06-04T00:00:00.000Z,איחוד האמירויות הערב,364,25,389
2021-06-04T00:00:00.000Z,תורכמניסטאן,4,0,4
2021-06-04T00:00:00.000Z,תורכיה,84,41,125
2021-06-04T00:00:00.000Z,תוניסיה,2,0,2
2021-06-04T00:00:00.000Z,שוויץ,62,23,85
2021-06-04T00:00:00.000Z,שוודיה,4,1,5
2021-06-04T00:00:00.000Z,רוסיה,129,74,203
2021-06-04T00:00:00.000Z,רומניה,60,18,78
2021-06-04T00:00:00.000Z,קרואטיה,5,0,5
2021-06-04T00:00:00.000Z,קפריסין,119,13,132
2021-06-04T00:00:00.000Z,אוזבקיסטן,2,0,2
2021-06-04T00:00:00.000Z,אוגנדה,2,0,2
2021-06-04T00:00:00.000Z,קניה,8,1,9
2021-06-04T00:00:00.000Z,קנדה,5,46,51
2021-06-04T00:00:00.000Z,קוריאה הדרומית,1,1,2
2021-06-04T00:00:00.000Z,קוסטה ריקה,5,1,6
2021-06-04T00:00:00.000Z,קולומביה,3,3,6
2021-06-04T00:00:00.000Z,צרפת,218,148,366
2021-06-04T00:00:00.000Z,צכיה,8,0,8
2021-06-04T00:00:00.000Z,צ'ילה,0,1,1
2021-06-04T00:00:00.000Z,פרו,2,0,2
2021-06-04T00:00:00.000Z,פינלנד,7,1,8
2021-06-04T00:00:00.000Z,פורטוגל,12,10,22
2021-06-04T00:00:00.000Z,פולין,63,14,77
2021-06-04T00:00:00.000Z,סרי לנקה (צילון),3,0,3
2021-06-04T00:00:00.000Z,סרביה,15,1,16
2021-06-04T00:00:00.000Z,ספרד,55,25,80
2021-06-04T00:00:00.000Z,סנגל,1,0,1
2021-06-04T00:00:00.000Z,סמואה,1,0,1
2021-06-04T00:00:00.000Z,סלובניה,2,1,3
2021-06-04T00:00:00.000Z,סוריה,0,1,1
2021-06-04T00:00:00.000Z,נפאל,1,0,1
2021-06-04T00:00:00.000Z,ניו זילנד,1,1,2
2021-06-04T00:00:00.000Z,ניגריה,4,3,7
2021-06-04T00:00:00.000Z,נורבגיה,0,2,2
2021-06-04T00:00:00.000Z,מרוקו,1,5,6
2021-06-04T00:00:00.000Z,מקסיקו,4,3,7
2021-06-05T00:00:00.000Z,צרפת,28,41,69
2021-06-05T00:00:00.000Z,תורכמניסטאן,2,0,2
2021-06-05T00:00:00.000Z,תורכיה,130,41,171
2021-06-05T00:00:00.000Z,תאילנד,1,0,1
2021-06-05T00:00:00.000Z,שוויץ,24,12,36
2021-06-05T00:00:00.000Z,שוודיה,1,4,5
2021-06-05T00:00:00.000Z,רוסיה,1,0,1
2021-06-05T00:00:00.000Z,רומניה,78,34,112
2021-06-05T00:00:00.000Z,רואנדה,5,0,5
2021-06-05T00:00:00.000Z,קרואטיה,4,1,5
2021-06-05T00:00:00.000Z,קפריסין,386,29,415
2021-06-05T00:00:00.000Z,קניה,7,1,8
2021-06-05T00:00:00.000Z,קנדה,0,2,2
2021-06-05T00:00:00.000Z,אוגנדה,1,0,1
2021-06-05T00:00:00.000Z,אוזבקיסטן,1,2,3
2021-06-05T00:00:00.000Z,אוסטריה,25,20,45
2021-06-05T00:00:00.000Z,אוסטרליה,1,1,2
2021-06-05T00:00:00.000Z,אזרביג'אן,3,0,3
2021-06-05T00:00:00.000Z,איטליה,24,12,36
2021-06-05T00:00:00.000Z,איי טורקס וקייקוס,0,1,1
2021-06-05T00:00:00.000Z,איי סיישל,1,0,1
2021-06-05T00:00:00.000Z,איסלנד,9,0,9
2021-06-05T00:00:00.000Z,אלבניה,3,0,3
2021-06-05T00:00:00.000Z,אקואדור,1,1,2
2021-06-05T00:00:00.000Z,ארמניה,3,0,3
2021-06-05T00:00:00.000Z,ארצות הברית,322,702,1024
2021-06-05T00:00:00.000Z,אתיופיה,23,5,28
2021-06-05T00:00:00.000Z,בולגריה,1,1,2
2021-06-05T00:00:00.000Z,בורונדי,0,1,1
2021-06-05T00:00:00.000Z,בורקינה פאסו,2,0,2
2021-06-05T00:00:00.000Z,גאורגיה,79,10,89
2021-06-05T00:00:00.000Z,גווטאמלה,0,1,1
2021-06-05T00:00:00.000Z,גינאה,1,0,1
2021-06-05T00:00:00.000Z,גרמניה,94,55,149
2021-06-05T00:00:00.000Z,דנמרק,5,1,6
2021-06-05T00:00:00.000Z,דרום אפריקה,5,5,10
2021-06-05T00:00:00.000Z,הולנד,42,25,67
2021-06-05T00:00:00.000Z,הונג קונג,0,1,1
2021-06-05T00:00:00.000Z,הונגריה,5,11,16
2021-06-05T00:00:00.000Z,הממלכה המאוחדת,47,51,98
2021-06-05T00:00:00.000Z,הרפ הדומיניקנית,2,0,2
2021-06-05T00:00:00.000Z,זאיר,2,0,2
2021-06-05T00:00:00.000Z,זימבאבווה,2,0,2
2021-06-05T00:00:00.000Z,זמביה,6,0,6
2021-06-05T00:00:00.000Z,חוף השנהב,6,0,6
2021-06-05T00:00:00.000Z,טיוואן,3,8,11
2021-06-05T00:00:00.000Z,טנזניה,4,1,5
2021-06-05T00:00:00.000Z,יוון,421,32,453
2021-06-05T00:00:00.000Z,יפן,0,5,5
2021-06-05T00:00:00.000Z,כלל המדינות,2812,1610,4422
2021-06-05T00:00:00.000Z,לטביה,3,0,3
2021-06-05T00:00:00.000Z,מולדובה,1,0,1
2021-06-05T00:00:00.000Z,מלאווי,1,0,1
2021-06-05T00:00:00.000Z,מלדיבים,3,1,4
2021-06-05T00:00:00.000Z,מצרים,476,52,528
2021-06-05T00:00:00.000Z,מקסיקו,2,0,2
2021-06-05T00:00:00.000Z,נורבגיה,0,2,2
2021-06-05T00:00:00.000Z,ניגריה,2,0,2
2021-06-05T00:00:00.000Z,סווזילנד,1,0,1
2021-06-05T00:00:00.000Z,סין,2,16,18
2021-06-05T00:00:00.000Z,סינגפור,0,4,4
2021-06-05T00:00:00.000Z,סלובניה,2,0,2
2021-06-05T00:00:00.000Z,ספרד,12,7,19
2021-06-05T00:00:00.000Z,סרביה,8,4,12
2021-06-05T00:00:00.000Z,סרי לנקה (צילון),1,0,1
2021-06-05T00:00:00.000Z,איחוד האמירויות הערב,167,14,181
2021-06-05T00:00:00.000Z,קמרון,2,0,2
2021-06-05T00:00:00.000Z,עירק,2,0,2
2021-06-05T00:00:00.000Z,פולין,80,3,83
2021-06-05T00:00:00.000Z,פורטוגל,8,0,8
2021-06-05T00:00:00.000Z,פיליפינים,0,14,14
2021-06-05T00:00:00.000Z,פרו,1,1,2
2021-06-05T00:00:00.000Z,צאד,1,0,1
2021-06-05T00:00:00.000Z,צ'ילה,0,3,3
2021-06-05T00:00:00.000Z,קמבודיה,0,1,1
2021-06-05T00:00:00.000Z,קוסטה ריקה,0,2,2
2021-06-05T00:00:00.000Z,קוריאה הדרומית,3,0,3
2021-06-05T00:00:00.000Z,קטר,1,0,1
2021-06-06T00:00:00.000Z,דנמרק,8,4,12
2021-06-06T00:00:00.000Z,רומניה,121,10,131
2021-06-06T00:00:00.000Z,תורכמניסטאן,2,0,2
2021-06-06T00:00:00.000Z,תורכיה,161,56,217
2021-06-06T00:00:00.000Z,קוריאה הדרומית,5,8,13
2021-06-06T00:00:00.000Z,קוסטה ריקה,3,9,12
2021-06-06T00:00:00.000Z,קולומביה,1,1,2
2021-06-06T00:00:00.000Z,צרפת,173,237,410
2021-06-06T00:00:00.000Z,צכיה,12,1,13
2021-06-06T00:00:00.000Z,פרו,1,1,2
2021-06-06T00:00:00.000Z,פרגוואי,1,0,1
2021-06-06T00:00:00.000Z,פנמה,2,0,2
2021-06-06T00:00:00.000Z,פינלנד,3,0,3
2021-06-06T00:00:00.000Z,פורטוגל,21,2,23
2021-06-06T00:00:00.000Z,פולין,42,10,52
2021-06-06T00:00:00.000Z,סרביה,0,6,6
2021-06-06T00:00:00.000Z,ספרד,15,3,18
2021-06-06T00:00:00.000Z,סלובניה,7,0,7
2021-06-06T00:00:00.000Z,סין,0,1,1
2021-06-06T00:00:00.000Z,נורבגיה,1,0,1
2021-06-06T00:00:00.000Z,מקסיקו,1,3,4
2021-06-06T00:00:00.000Z,מקדוניה,0,1,1
2021-06-06T00:00:00.000Z,מצרים,683,58,741
2021-06-06T00:00:00.000Z,מלדיבים,9,1,10
2021-06-06T00:00:00.000Z,מונטנגרו,1,0,1
2021-06-06T00:00:00.000Z,מולדובה,81,42,123
2021-06-06T00:00:00.000Z,ליטא,1,1,2
2021-06-06T00:00:00.000Z,לוכסמבורג,1,0,1
2021-06-06T00:00:00.000Z,כלל המדינות,8197,2578,10775
2021-06-06T00:00:00.000Z,ירדן,104,38,142
2021-06-06T00:00:00.000Z,יוון,2418,88,2506
2021-06-06T00:00:00.000Z,חוף השנהב,3,3,6
2021-06-06T00:00:00.000Z,הממלכה המאוחדת,339,217,556
2021-06-06T00:00:00.000Z,הולנד,69,28,97
2021-06-06T00:00:00.000Z,דרום אפריקה,2,0,2
2021-06-06T00:00:00.000Z,איחוד האמירויות הערב,243,52,295
2021-06-06T00:00:00.000Z,גרמניה,146,127,273
2021-06-06T00:00:00.000Z,גווטאמלה,0,1,1
2021-06-06T00:00:00.000Z,גאנה,1,0,1
2021-06-06T00:00:00.000Z,גאורגיה,583,26,609
2021-06-06T00:00:00.000Z,ברזיל,0,2,2
2021-06-06T00:00:00.000Z,בלגיה,46,71,117
2021-06-06T00:00:00.000Z,בילורוסיה,135,17,152
2021-06-06T00:00:00.000Z,בוסניה הרצגובינה,2,0,2
2021-06-06T00:00:00.000Z,בוליביה,3,0,3
2021-06-06T00:00:00.000Z,בולגריה,402,12,414
2021-06-06T00:00:00.000Z,ארצות הברית,400,599,999
2021-06-06T00:00:00.000Z,ארגנטינה,1,0,1
2021-06-06T00:00:00.000Z,אסטוניה,2,0,2
2021-06-06T00:00:00.000Z,אנגליה,1,0,1
2021-06-06T00:00:00.000Z,אירלנד,2,5,7
2021-06-06T00:00:00.000Z,איסלנד,1,0,1
2021-06-06T00:00:00.000Z,איי סיישל,72,0,72
2021-06-06T00:00:00.000Z,איטליה,24,14,38
2021-06-06T00:00:00.000Z,אזרביג'אן,2,4,6
2021-06-06T00:00:00.000Z,אורגוואי,1,0,1
2021-06-06T00:00:00.000Z,אוקראינה,71,72,143
2021-06-06T00:00:00.000Z,אוסטרליה,2,1,3
2021-06-06T00:00:00.000Z,אוסטריה,53,8,61
2021-06-06T00:00:00.000Z,אוגנדה,0,2,2
2021-06-06T00:00:00.000Z,תאילנד,3,3,6
2021-06-06T00:00:00.000Z,שוויץ,40,14,54
2021-06-06T00:00:00.000Z,שוודיה,5,4,9
2021-06-06T00:00:00.000Z,קזחסטאן,0,1,1
2021-06-06T00:00:00.000Z,קטר,0,1,1
2021-06-06T00:00:00.000Z,קנדה,3,52,55
2021-06-06T00:00:00.000Z,קניה,1,0,1
2021-06-06T00:00:00.000Z,קפריסין,618,31,649
2021-06-06T00:00:00.000Z,קרואטיה,3,0,3
2021-06-06T00:00:00.000Z,רוסיה,42,56,98
2021-06-07T00:00:00.000Z,דרום אפריקה,1,2,3
2021-06-07T00:00:00.000Z,דרום סודאן,1,0,1
2021-06-07T00:00:00.000Z,הודו,15,14,29
2021-06-07T00:00:00.000Z,הולנד,86,15,101
2021-06-07T00:00:00.000Z,הונג קונג,0,1,1
2021-06-07T00:00:00.000Z,הונגריה,53,18,71
2021-06-07T00:00:00.000Z,הממלכה המאוחדת,353,212,565
2021-06-07T00:00:00.000Z,הרפ הדומיניקנית,1,0,1
2021-06-07T00:00:00.000Z,זאיר,1,0,1
2021-06-07T00:00:00.000Z,זמביה,1,0,1
2021-06-07T00:00:00.000Z,טיוואן,0,2,2
2021-06-07T00:00:00.000Z,טנזניה,1,15,16
2021-06-07T00:00:00.000Z,יוון,1252,53,1305
2021-06-07T00:00:00.000Z,ירדן,44,29,73
2021-06-07T00:00:00.000Z,כווית,0,3,3
2021-06-07T00:00:00.000Z,כלל המדינות,7872,3202,11074
2021-06-07T00:00:00.000Z,לוכסמבורג,2,1,3
2021-06-07T00:00:00.000Z,לטביה,2,0,2
2021-06-07T00:00:00.000Z,ליטא,2,1,3
2021-06-07T00:00:00.000Z,מונטנגרו,131,2,133
2021-06-07T00:00:00.000Z,מונקו,0,1,1
2021-06-07T00:00:00.000Z,מלדיבים,8,1,9
2021-06-07T00:00:00.000Z,מלטה,1,0,1
2021-06-07T00:00:00.000Z,מצרים,448,51,499
2021-06-07T00:00:00.000Z,מקסיקו,4,1,5
2021-06-07T00:00:00.000Z,מרוקו,2,0,2
2021-06-07T00:00:00.000Z,נורבגיה,1,0,1
2021-06-07T00:00:00.000Z,ניגריה,1,6,7
2021-06-07T00:00:00.000Z,ניו זילנד,0,1,1
2021-06-07T00:00:00.000Z,נמיביה,1,0,1
2021-06-07T00:00:00.000Z,איחוד האמירויות הערב,536,46,582
2021-06-07T00:00:00.000Z,סלובניה,11,0,11
2021-06-07T00:00:00.000Z,סנגל,1,0,1
2021-06-07T00:00:00.000Z,ספרד,160,52,212
2021-06-07T00:00:00.000Z,סרביה,15,1,16
2021-06-07T00:00:00.000Z,סרי לנקה (צילון),2,0,2
2021-06-07T00:00:00.000Z,פולין,38,9,47
2021-06-07T00:00:00.000Z,פורטוגל,13,4,17
2021-06-07T00:00:00.000Z,פיליפינים,0,28,28
2021-06-07T00:00:00.000Z,פינלנד,9,1,10
2021-06-07T00:00:00.000Z,פנמה,0,5,5
2021-06-07T00:00:00.000Z,אוסטרליה,2,0,2
2021-06-07T00:00:00.000Z,אוסטריה,195,35,230
2021-06-07T00:00:00.000Z,אוזבקיסטן,28,61,89
2021-06-07T00:00:00.000Z,אוגנדה,2,5,7
2021-06-07T00:00:00.000Z,אורגוואי,1,0,1
2021-06-07T00:00:00.000Z,תורכמניסטאן,1,0,1
2021-06-07T00:00:00.000Z,תורכיה,116,26,142
2021-06-07T00:00:00.000Z,תוניסיה,1,0,1
2021-06-07T00:00:00.000Z,תאילנד,0,3,3
2021-06-07T00:00:00.000Z,שוויץ,64,49,113
2021-06-07T00:00:00.000Z,שוודיה,5,1,6
2021-06-07T00:00:00.000Z,רוסיה,194,130,324
2021-06-07T00:00:00.000Z,רומניה,112,18,130
2021-06-07T00:00:00.000Z,רואנדה,1,2,3
2021-06-07T00:00:00.000Z,קרואטיה,6,4,10
2021-06-07T00:00:00.000Z,קפריסין,424,17,441
2021-06-07T00:00:00.000Z,קניה,6,2,8
2021-06-07T00:00:00.000Z,קנדה,1,4,5
2021-06-07T00:00:00.000Z,קזחסטאן,1,1,2
2021-06-07T00:00:00.000Z,קוסטה ריקה,6,0,6
2021-06-07T00:00:00.000Z,קונגו,3,0,3
2021-06-07T00:00:00.000Z,קולומביה,0,2,2
2021-06-07T00:00:00.000Z,קובה,1,0,1
2021-06-07T00:00:00.000Z,צרפת,222,211,433
2021-06-07T00:00:00.000Z,צכיה,1,0,1
2021-06-07T00:00:00.000Z,צ'ילה,2,15,17
2021-06-07T00:00:00.000Z,בורקינה פאסו,1,0,1
2021-06-07T00:00:00.000Z,בחריין,0,1,1
2021-06-07T00:00:00.000Z,בילורוסיה,1,0,1
2021-06-07T00:00:00.000Z,בלגיה,4,7,11
2021-06-07T00:00:00.000Z,ברזיל,1,5,6
2021-06-07T00:00:00.000Z,גאורגיה,545,49,594
2021-06-07T00:00:00.000Z,גאנה,3,7,10
2021-06-07T00:00:00.000Z,גווטאמלה,0,1,1
2021-06-07T00:00:00.000Z,גרמניה,227,98,325
2021-06-07T00:00:00.000Z,דנמרק,7,2,9
2021-06-07T00:00:00.000Z,בוסניה הרצגובינה,0,3,3
2021-06-07T00:00:00.000Z,בוליביה,4,1,5
2021-06-07T00:00:00.000Z,בולגריה,289,16,305
2021-06-07T00:00:00.000Z,אתיופיה,24,15,39
2021-06-07T00:00:00.000Z,ארצות הברית,1057,1078,2135
2021-06-07T00:00:00.000Z,ארמניה,2,0,2
2021-06-07T00:00:00.000Z,ארגנטינה,0,2,2
2021-06-07T00:00:00.000Z,אקואדור,0,9,9
2021-06-07T00:00:00.000Z,אנגולה,1,0,1
2021-06-07T00:00:00.000Z,אלבניה,2,0,2
2021-06-07T00:00:00.000Z,אירלנד,1,0,1
2021-06-07T00:00:00.000Z,איסלנד,25,0,25
2021-06-07T00:00:00.000Z,איי סיישל,40,6,46
2021-06-07T00:00:00.000Z,איי טורקס וקייקוס,1,0,1
2021-06-07T00:00:00.000Z,איטליה,117,59,176
2021-06-07T00:00:00.000Z,אזרביג'אן,3,3,6
2021-06-07T00:00:00.000Z,אוקראינה,33,36,69
2021-06-08T00:00:00.000Z,בלגיה,8,10,18
2021-06-08T00:00:00.000Z,מרוקו,3,2,5
2021-06-08T00:00:00.000Z,שוויץ,2,6,8
2021-06-08T00:00:00.000Z,שוודיה,4,1,5
2021-06-08T00:00:00.000Z,רוסיה,33,28,61
2021-06-08T00:00:00.000Z,רומניה,1,0,1
2021-06-08T00:00:00.000Z,רואנדה,4,0,4
2021-06-08T00:00:00.000Z,קרואטיה,0,1,1
2021-06-08T00:00:00.000Z,קפריסין,235,20,255
2021-06-08T00:00:00.000Z,קניה,3,0,3
2021-06-08T00:00:00.000Z,קנדה,1,3,4
2021-06-08T00:00:00.000Z,מקסיקו,2,2,4
2021-06-08T00:00:00.000Z,מצרים,284,25,309
2021-06-08T00:00:00.000Z,מלדיבים,11,0,11
2021-06-08T00:00:00.000Z,מונטנגרו,1,0,1
2021-06-08T00:00:00.000Z,מולדובה,81,45,126
2021-06-08T00:00:00.000Z,ליטא,9,1,10
2021-06-08T00:00:00.000Z,לטביה,3,1,4
2021-06-08T00:00:00.000Z,כלל המדינות,3927,2168,6095
2021-06-08T00:00:00.000Z,ירדן,22,32,54
2021-06-08T00:00:00.000Z,יוון,437,31,468
2021-06-08T00:00:00.000Z,טנזניה,2,0,2
2021-06-08T00:00:00.000Z,זמביה,1,0,1
2021-06-08T00:00:00.000Z,זימבאבווה,1,0,1
2021-06-08T00:00:00.000Z,הרפ הדומיניקנית,2,0,2
2021-06-08T00:00:00.000Z,הממלכה המאוחדת,201,177,378
2021-06-08T00:00:00.000Z,הונגריה,4,2,6
2021-06-08T00:00:00.000Z,הולנד,88,19,107
2021-06-08T00:00:00.000Z,דרום אפריקה,1,2,3
2021-06-08T00:00:00.000Z,דנמרק,9,1,10
2021-06-08T00:00:00.000Z,דומיניקה,2,0,2
2021-06-08T00:00:00.000Z,גרמניה,151,73,224
2021-06-08T00:00:00.000Z,גאנה,5,1,6
2021-06-08T00:00:00.000Z,גאורגיה,202,10,212
2021-06-08T00:00:00.000Z,ברזיל,3,17,20
2021-06-08T00:00:00.000Z,תאילנד,3,3,6
2021-06-08T00:00:00.000Z,בילורוסיה,76,54,130
2021-06-08T00:00:00.000Z,בוליביה,2,0,2
2021-06-08T00:00:00.000Z,בולגריה,64,3,67
2021-06-08T00:00:00.000Z,אתיופיה,11,3,14
2021-06-08T00:00:00.000Z,ארצות הברית,671,780,1451
2021-06-08T00:00:00.000Z,ארמניה,0,1,1
2021-06-08T00:00:00.000Z,ארגנטינה,3,1,4
2021-06-08T00:00:00.000Z,אנגולה,0,1,1
2021-06-08T00:00:00.000Z,אלבניה,3,0,3
2021-06-08T00:00:00.000Z,אירלנד,0,4,4
2021-06-08T00:00:00.000Z,איטליה,70,18,88
2021-06-08T00:00:00.000Z,אזרביג'אן,2,7,9
2021-06-08T00:00:00.000Z,אורגוואי,5,0,5
2021-06-08T00:00:00.000Z,אוקראינה,45,61,106
2021-06-08T00:00:00.000Z,אוסטריה,4,3,7
2021-06-08T00:00:00.000Z,איחוד האמירויות הערב,225,34,259
2021-06-08T00:00:00.000Z,נורבגיה,0,1,1
2021-06-08T00:00:00.000Z,אוזבקיסטן,1,0,1
2021-06-08T00:00:00.000Z,קמרון,1,0,1
2021-06-08T00:00:00.000Z,קטר,0,1,1
2021-06-08T00:00:00.000Z,קזחסטאן,3,1,4
2021-06-08T00:00:00.000Z,קוריאה הדרומית,5,2,7
2021-06-08T00:00:00.000Z,קוסטה ריקה,1,0,1
2021-06-08T00:00:00.000Z,צרפת,165,199,364
2021-06-08T00:00:00.000Z,צכיה,3,0,3
2021-06-08T00:00:00.000Z,פנמה,1,1,2
2021-06-08T00:00:00.000Z,פיליפינים,0,1,1
2021-06-08T00:00:00.000Z,פורטוגל,3,0,3
2021-06-08T00:00:00.000Z,פולין,105,18,123
2021-06-08T00:00:00.000Z,סרי לנקה (צילון),2,0,2
2021-06-08T00:00:00.000Z,סרביה,13,0,13
2021-06-08T00:00:00.000Z,ספרד,6,1,7
2021-06-08T00:00:00.000Z,סינגפור,0,1,1
2021-06-08T00:00:00.000Z,ניגריה,1,0,1
2021-06-08T00:00:00.000Z,תורכיה,115,42,157
2021-06-09T00:00:00.000Z,קוסטה ריקה,15,3,18
2021-06-09T00:00:00.000Z,קולומביה,1,7,8
2021-06-09T00:00:00.000Z,צרפת,121,211,332
2021-06-09T00:00:00.000Z,צכיה,2,3,5
2021-06-09T00:00:00.000Z,אלבניה,0,1,1
2021-06-09T00:00:00.000Z,איחוד האמירויות הערב,201,36,237
2021-06-09T00:00:00.000Z,תורכיה,171,54,225
2021-06-09T00:00:00.000Z,תאילנד,4,3,7
2021-06-09T00:00:00.000Z,שוויץ,81,31,112
2021-06-09T00:00:00.000Z,שוודיה,6,2,8
2021-06-09T00:00:00.000Z,רוסיה,45,29,74
2021-06-09T00:00:00.000Z,רומניה,4,1,5
2021-06-09T00:00:00.000Z,רואנדה,4,1,5
2021-06-09T00:00:00.000Z,קרואטיה,2,1,3
2021-06-09T00:00:00.000Z,קפריסין,172,29,201
2021-06-09T00:00:00.000Z,קניה,2,3,5
2021-06-09T00:00:00.000Z,קנדה,4,78,82
2021-06-09T00:00:00.000Z,קירג'זסטאן,1,0,1
2021-06-09T00:00:00.000Z,קטר,3,0,3
2021-06-09T00:00:00.000Z,קזחסטאן,0,1,1
2021-06-09T00:00:00.000Z,פרו,0,1,1
2021-06-09T00:00:00.000Z,פנמה,1,0,1
2021-06-09T00:00:00.000Z,פינלנד,5,0,5
2021-06-09T00:00:00.000Z,פורטוגל,16,1,17
2021-06-09T00:00:00.000Z,פולין,153,19,172
2021-06-09T00:00:00.000Z,ערב הסעודית,2,2,4
2021-06-09T00:00:00.000Z,סרביה,2,0,2
2021-06-09T00:00:00.000Z,ספרד,119,50,169
2021-06-09T00:00:00.000Z,סלובניה,0,1,1
2021-06-09T00:00:00.000Z,סין,5,14,19
2021-06-09T00:00:00.000Z,סט וינסנט,1,0,1
2021-06-09T00:00:00.000Z,סוריה,2,6,8
2021-06-09T00:00:00.000Z,ניגריה,4,1,5
2021-06-09T00:00:00.000Z,נורבגיה,1,2,3
2021-06-09T00:00:00.000Z,מרוקו,2,0,2
2021-06-09T00:00:00.000Z,מקסיקו,8,7,15
2021-06-09T00:00:00.000Z,מקדוניה,2,0,2
2021-06-09T00:00:00.000Z,מצרים,224,10,234
2021-06-09T00:00:00.000Z,מלדיבים,11,1,12
2021-06-09T00:00:00.000Z,אוזבקיסטן,2,0,2
2021-06-09T00:00:00.000Z,אוסטריה,57,36,93
2021-06-09T00:00:00.000Z,אוסטרליה,0,3,3
2021-06-09T00:00:00.000Z,אוקראינה,27,35,62
2021-06-09T00:00:00.000Z,אזרביג'אן,1,0,1
2021-06-09T00:00:00.000Z,איטליה,30,16,46
2021-06-09T00:00:00.000Z,איי סיישל,78,6,84
2021-06-09T00:00:00.000Z,קוריאה הדרומית,3,0,3
2021-06-09T00:00:00.000Z,אל סלבדור,3,1,4
2021-06-09T00:00:00.000Z,אנגולה,1,0,1
2021-06-09T00:00:00.000Z,ארצות הברית,781,1338,2119
2021-06-09T00:00:00.000Z,אתיופיה,25,1,26
2021-06-09T00:00:00.000Z,בולגריה,194,30,224
2021-06-09T00:00:00.000Z,בוליביה,2,0,2
2021-06-09T00:00:00.000Z,בוסניה הרצגובינה,1,1,2
2021-06-09T00:00:00.000Z,בילורוסיה,15,23,38
2021-06-09T00:00:00.000Z,בלגיה,5,15,20
2021-06-09T00:00:00.000Z,ברזיל,1,6,7
2021-06-09T00:00:00.000Z,גאורגיה,256,28,284
2021-06-09T00:00:00.000Z,גאנה,3,0,3
2021-06-09T00:00:00.000Z,גבון,1,0,1
2021-06-09T00:00:00.000Z,גווטאמלה,2,2,4
2021-06-09T00:00:00.000Z,גרמניה,136,69,205
2021-06-09T00:00:00.000Z,דנמרק,6,5,11
2021-06-09T00:00:00.000Z,דרום אפריקה,0,6,6
2021-06-09T00:00:00.000Z,הולנד,70,14,84
2021-06-09T00:00:00.000Z,הונג קונג,0,3,3
2021-06-09T00:00:00.000Z,הונגריה,66,21,87
2021-06-09T00:00:00.000Z,הממלכה המאוחדת,183,197,380
2021-06-09T00:00:00.000Z,הרפ הדומיניקנית,2,2,4
2021-06-09T00:00:00.000Z,ונצואלה,2,11,13
2021-06-09T00:00:00.000Z,זימבאבווה,0,1,1
2021-06-09T00:00:00.000Z,זמביה,1,0,1
2021-06-09T00:00:00.000Z,טיוואן,1,0,1
2021-06-09T00:00:00.000Z,טנזניה,5,1,6
2021-06-09T00:00:00.000Z,יוון,566,37,603
2021-06-09T00:00:00.000Z,ירדן,51,30,81
2021-06-09T00:00:00.000Z,כלל המדינות,4884,3169,8053
2021-06-09T00:00:00.000Z,ליטא,1,0,1
2021-06-09T00:00:00.000Z,מונגוליה,1,0,1
2021-06-09T00:00:00.000Z,מונטנגרו,96,0,96
2021-06-09T00:00:00.000Z,אירלנד,1,1,2
2021-06-10T00:00:00.000Z,תורכמניסטאן,8,0,8
2021-06-10T00:00:00.000Z,תאילנד,8,267,275
2021-06-10T00:00:00.000Z,שוויץ,74,43,117
2021-06-10T00:00:00.000Z,שוודיה,5,2,7
2021-06-10T00:00:00.000Z,רוסיה,95,116,211
2021-06-10T00:00:00.000Z,רומניה,196,27,223
2021-06-10T00:00:00.000Z,רואנדה,4,1,5
2021-06-10T00:00:00.000Z,קרואטיה,9,0,9
2021-06-10T00:00:00.000Z,קפריסין,439,64,503
2021-06-10T00:00:00.000Z,קניה,7,10,17
2021-06-10T00:00:00.000Z,קנדה,3,13,16
2021-06-10T00:00:00.000Z,קמרון,2,0,2
2021-06-10T00:00:00.000Z,קירג'זסטאן,0,1,1
2021-06-10T00:00:00.000Z,קטר,0,2,2
2021-06-10T00:00:00.000Z,קוריאה הדרומית,1,0,1
2021-06-10T00:00:00.000Z,קוסטה ריקה,1,1,2
2021-06-10T00:00:00.000Z,קולומביה,5,3,8
2021-06-10T00:00:00.000Z,קובה,0,1,1
2021-06-10T00:00:00.000Z,אוגנדה,6,0,6
2021-06-10T00:00:00.000Z,אוזבקיסטן,1,5,6
2021-06-10T00:00:00.000Z,אוסטריה,42,22,64
2021-06-10T00:00:00.000Z,אוסטרליה,1,0,1
2021-06-10T00:00:00.000Z,אוקראינה,70,98,168
2021-06-10T00:00:00.000Z,אורגוואי,2,0,2
2021-06-10T00:00:00.000Z,אזרביג'אן,20,4,24
2021-06-10T00:00:00.000Z,איטליה,72,27,99
2021-06-10T00:00:00.000Z,אינדונזיה,1,0,1
2021-06-10T00:00:00.000Z,איסלנד,25,3,28
2021-06-10T00:00:00.000Z,אנגולה,3,0,3
2021-06-10T00:00:00.000Z,אסטוניה,1,0,1
2021-06-10T00:00:00.000Z,ארגנטינה,4,20,24
2021-06-10T00:00:00.000Z,ארצות הברית,729,1115,1844
2021-06-10T00:00:00.000Z,אתיופיה,21,8,29
2021-06-10T00:00:00.000Z,בולגריה,253,15,268
2021-06-10T00:00:00.000Z,בוסניה הרצגובינה,1,0,1
2021-06-10T00:00:00.000Z,בילורוסיה,45,25,70
2021-06-10T00:00:00.000Z,בלגיה,136,123,259
2021-06-10T00:00:00.000Z,ברזיל,2,4,6
2021-06-10T00:00:00.000Z,גאורגיה,507,46,553
2021-06-10T00:00:00.000Z,איחוד האמירויות הערב,231,51,282
2021-06-10T00:00:00.000Z,גאנה,1,6,7
2021-06-10T00:00:00.000Z,תורכיה,135,49,184
2021-06-10T00:00:00.000Z,גרמניה,173,51,224
2021-06-10T00:00:00.000Z,דנמרק,5,1,6
2021-06-10T00:00:00.000Z,דרום אפריקה,0,7,7
2021-06-10T00:00:00.000Z,הודו,2,0,2
2021-06-10T00:00:00.000Z,הולנד,21,4,25
2021-06-10T00:00:00.000Z,הונגריה,55,22,77
2021-06-10T00:00:00.000Z,הממלכה המאוחדת,295,277,572
2021-06-10T00:00:00.000Z,הרפ הדומיניקנית,0,1,1
2021-06-10T00:00:00.000Z,זימבאבווה,1,0,1
2021-06-10T00:00:00.000Z,זמביה,4,0,4
2021-06-10T00:00:00.000Z,חוף השנהב,10,0,10
2021-06-10T00:00:00.000Z,טיוואן,0,1,1
2021-06-10T00:00:00.000Z,טנזניה,0,4,4
2021-06-10T00:00:00.000Z,יוון,1663,107,1770
2021-06-10T00:00:00.000Z,יפן,0,5,5
2021-06-10T00:00:00.000Z,ירדן,79,46,125
2021-06-10T00:00:00.000Z,כלל המדינות,7708,3775,11483
2021-06-10T00:00:00.000Z,ליטא,10,0,10
2021-06-10T00:00:00.000Z,מולדובה,73,63,136
2021-06-10T00:00:00.000Z,מונטנגרו,0,1,1
2021-06-10T00:00:00.000Z,מלדיבים,4,0,4
2021-06-10T00:00:00.000Z,מלטה,1,0,1
2021-06-10T00:00:00.000Z,מצרים,349,70,419
2021-06-10T00:00:00.000Z,מקסיקו,2,2,4
2021-06-10T00:00:00.000Z,מרוקו,1,0,1
2021-06-10T00:00:00.000Z,ניגריה,4,0,4
2021-06-10T00:00:00.000Z,נמיביה,2,0,2
2021-06-10T00:00:00.000Z,סווזילנד,1,0,1
2021-06-10T00:00:00.000Z,סין,0,8,8
2021-06-10T00:00:00.000Z,סלובניה,1,0,1
2021-06-10T00:00:00.000Z,ספרד,58,24,82
2021-06-10T00:00:00.000Z,סרביה,4,3,7
2021-06-10T00:00:00.000Z,פולין,18,17,35
2021-06-10T00:00:00.000Z,פורטוגל,10,1,11
2021-06-10T00:00:00.000Z,פיליפינים,4,8,12
2021-06-10T00:00:00.000Z,פנמה,6,6,12
2021-06-10T00:00:00.000Z,פרו,0,1,1
2021-06-10T00:00:00.000Z,צ'ילה,2,4,6
2021-06-10T00:00:00.000Z,צכיה,22,11,33
2021-06-10T00:00:00.000Z,צרפת,268,227,495
2021-06-10T00:00:00.000Z,גינאה המשוונית,6,0,6
2021-06-11T00:00:00.000Z,איטליה,180,64,244
2021-06-11T00:00:00.000Z,אזרביג'אן,18,0,18
2021-06-11T00:00:00.000Z,אורגוואי,0,2,2
2021-06-11T00:00:00.000Z,אוקראינה,3,6,9
2021-06-11T00:00:00.000Z,אוסטרליה,1,4,5
2021-06-11T00:00:00.000Z,אוסטריה,118,15,133
2021-06-11T00:00:00.000Z,אוזבקיסטן,3,0,3
2021-06-11T00:00:00.000Z,צכיה,6,0,6
2021-06-11T00:00:00.000Z,קולומביה,4,3,7
2021-06-11T00:00:00.000Z,קוסטה ריקה,7,2,9
2021-06-11T00:00:00.000Z,קוריאה הדרומית,4,4,8
2021-06-11T00:00:00.000Z,קזחסטאן,0,2,2
2021-06-11T00:00:00.000Z,קטר,0,2,2
2021-06-11T00:00:00.000Z,קנדה,11,34,45
2021-06-11T00:00:00.000Z,פיליפינים,1,0,1
2021-06-11T00:00:00.000Z,פורטוגל,19,3,22
2021-06-11T00:00:00.000Z,קניה,1,0,1
2021-06-11T00:00:00.000Z,אתיופיה,1,0,1
2021-06-11T00:00:00.000Z,ארצות הברית,972,943,1915
2021-06-11T00:00:00.000Z,ארמניה,2,0,2
2021-06-11T00:00:00.000Z,פולין,79,6,85
2021-06-11T00:00:00.000Z,סרביה,14,2,16
2021-06-11T00:00:00.000Z,ספרד,115,20,135
2021-06-11T00:00:00.000Z,סלובניה,1,0,1
2021-06-11T00:00:00.000Z,סין,8,107,115
2021-06-11T00:00:00.000Z,נפאל,2,1,3
2021-06-11T00:00:00.000Z,ניגריה,4,0,4
2021-06-11T00:00:00.000Z,נורבגיה,1,1,2
2021-06-11T00:00:00.000Z,מרוקו,9,4,13
2021-06-11T00:00:00.000Z,מקסיקו,3,3,6
2021-06-11T00:00:00.000Z,מצרים,232,27,259
2021-06-11T00:00:00.000Z,מלטה,0,2,2
2021-06-11T00:00:00.000Z,מלדיבים,14,2,16
2021-06-11T00:00:00.000Z,איחוד האמירויות הערב,215,33,248
2021-06-11T00:00:00.000Z,מונטנגרו,84,0,84
2021-06-11T00:00:00.000Z,מולדובה,2,0,2
2021-06-11T00:00:00.000Z,ליטא,16,4,20
2021-06-11T00:00:00.000Z,לטביה,1,7,8
2021-06-11T00:00:00.000Z,צרפת,232,191,423
2021-06-11T00:00:00.000Z,לוכסמבורג,0,1,1
2021-06-11T00:00:00.000Z,פורטו ריקו,0,3,3
2021-06-11T00:00:00.000Z,כלל המדינות,5789,2657,8446
2021-06-11T00:00:00.000Z,ירדן,0,10,10
2021-06-11T00:00:00.000Z,יפן,1,3,4
2021-06-11T00:00:00.000Z,יוון,856,75,931
2021-06-11T00:00:00.000Z,טוגו,2,0,2
2021-06-11T00:00:00.000Z,חוף השנהב,2,0,2
2021-06-11T00:00:00.000Z,הממלכה המאוחדת,210,137,347
2021-06-11T00:00:00.000Z,הונגריה,73,21,94
2021-06-11T00:00:00.000Z,הולנד,59,23,82
2021-06-11T00:00:00.000Z,הודו,1,0,1
2021-06-11T00:00:00.000Z,האיטי,1,0,1
2021-06-11T00:00:00.000Z,דנמרק,12,1,13
2021-06-11T00:00:00.000Z,גרמניה,255,89,344
2021-06-11T00:00:00.000Z,גווטאמלה,0,1,1
2021-06-11T00:00:00.000Z,גאנה,0,1,1
2021-06-11T00:00:00.000Z,גאורגיה,370,39,409
2021-06-11T00:00:00.000Z,ברזיל,1,2,3
2021-06-11T00:00:00.000Z,בלגיה,7,3,10
2021-06-11T00:00:00.000Z,פרו,1,0,1
2021-06-11T00:00:00.000Z,תורכמניסטאן,2,0,2
2021-06-11T00:00:00.000Z,תורכיה,113,31,144
2021-06-11T00:00:00.000Z,תוניסיה,2,0,2
2021-06-11T00:00:00.000Z,תאילנד,1,0,1
2021-06-11T00:00:00.000Z,שוויץ,124,51,175
2021-06-11T00:00:00.000Z,שוודיה,6,2,8
2021-06-11T00:00:00.000Z,רוסיה,98,86,184
2021-06-11T00:00:00.000Z,רומניה,68,15,83
2021-06-11T00:00:00.000Z,קרואטיה,11,0,11
2021-06-11T00:00:00.000Z,קפריסין,272,39,311
2021-06-11T00:00:00.000Z,פנמה,0,1,1
2021-06-11T00:00:00.000Z,פינלנד,1,2,3
2021-06-11T00:00:00.000Z,בולגריה,158,18,176
2021-06-11T00:00:00.000Z,ארגנטינה,0,2,2
2021-06-11T00:00:00.000Z,אנגולה,2,1,3
2021-06-11T00:00:00.000Z,אלגיריה,2,0,2
2021-06-11T00:00:00.000Z,אלבניה,1,1,2
2021-06-11T00:00:00.000Z,אירלנד,6,5,11
2021-06-11T00:00:00.000Z,איי פיגי,0,1,1
2021-06-11T00:00:00.000Z,בילורוסיה,4,0,4
2021-06-12T00:00:00.000Z,איחוד האמירויות הערב,54,19,73
2021-06-12T00:00:00.000Z,מקסיקו,2,0,2
2021-06-12T00:00:00.000Z,מקדוניה,1,0,1
2021-06-12T00:00:00.000Z,מצרים,635,71,706
2021-06-12T00:00:00.000Z,מלדיבים,14,3,17
2021-06-12T00:00:00.000Z,מולדובה,1,1,2
2021-06-12T00:00:00.000Z,ליטא,2,0,2
2021-06-12T00:00:00.000Z,לטביה,1,0,1
2021-06-12T00:00:00.000Z,כלל המדינות,3368,1681,5049
2021-06-12T00:00:00.000Z,יפן,1,0,1
2021-06-12T00:00:00.000Z,יוון,470,30,500
2021-06-12T00:00:00.000Z,טנזניה,4,0,4
2021-06-12T00:00:00.000Z,טיוואן,1,7,8
2021-06-12T00:00:00.000Z,טוגו,1,0,1
2021-06-12T00:00:00.000Z,חוף השנהב,10,0,10
2021-06-12T00:00:00.000Z,זמביה,2,1,3
2021-06-12T00:00:00.000Z,אוגנדה,2,0,2
2021-06-12T00:00:00.000Z,אוזבקיסטן,3,5,8
2021-06-12T00:00:00.000Z,אוסטריה,36,17,53
2021-06-12T00:00:00.000Z,אוקראינה,1,1,2
2021-06-12T00:00:00.000Z,איטליה,30,7,37
2021-06-12T00:00:00.000Z,איי גילברט ואליס,0,1,1
2021-06-12T00:00:00.000Z,אינדונזיה,1,0,1
2021-06-12T00:00:00.000Z,איסלנד,31,0,31
2021-06-12T00:00:00.000Z,אירלנד,6,0,6
2021-06-12T00:00:00.000Z,אסטוניה,1,0,1
2021-06-12T00:00:00.000Z,אקואדור,1,0,1
2021-06-12T00:00:00.000Z,ארמניה,1,1,2
2021-06-12T00:00:00.000Z,ארצות הברית,481,854,1335
2021-06-12T00:00:00.000Z,ניגריה,4,0,4
2021-06-12T00:00:00.000Z,נמיביה,3,0,3
2021-06-12T00:00:00.000Z,נפאל,2,2,4
2021-06-12T00:00:00.000Z,סינגפור,0,6,6
2021-06-12T00:00:00.000Z,סלובקיה,1,0,1
2021-06-12T00:00:00.000Z,ספרד,14,5,19
2021-06-12T00:00:00.000Z,סרביה,7,1,8
2021-06-12T00:00:00.000Z,פולין,103,9,112
2021-06-12T00:00:00.000Z,נורבגיה,0,6,6
2021-06-12T00:00:00.000Z,פיליפינים,2,1,3
2021-06-12T00:00:00.000Z,פינלנד,1,5,6
2021-06-12T00:00:00.000Z,פנמה,2,0,2
2021-06-12T00:00:00.000Z,צכיה,1,0,1
2021-06-12T00:00:00.000Z,צרפת,7,5,12
2021-06-12T00:00:00.000Z,קוסובו,1,0,1
2021-06-12T00:00:00.000Z,קוסטה ריקה,1,1,2
2021-06-12T00:00:00.000Z,קוריאה הדרומית,6,6,12
2021-06-12T00:00:00.000Z,קזחסטאן,0,2,2
2021-06-12T00:00:00.000Z,קנדה,1,1,2
2021-06-12T00:00:00.000Z,קניה,7,1,8
2021-06-12T00:00:00.000Z,קפריסין,378,36,414
2021-06-12T00:00:00.000Z,קרואטיה,23,0,23
2021-06-12T00:00:00.000Z,רואנדה,13,0,13
2021-06-12T00:00:00.000Z,רומניה,136,28,164
2021-06-12T00:00:00.000Z,שוודיה,5,2,7
2021-06-12T00:00:00.000Z,שוויץ,33,5,38
2021-06-12T00:00:00.000Z,תאילנד,4,7,11
2021-06-12T00:00:00.000Z,תורכיה,221,45,266
2021-06-12T00:00:00.000Z,תורכמניסטאן,8,0,8
2021-06-12T00:00:00.000Z,אתיופיה,20,9,29
2021-06-12T00:00:00.000Z,בולגריה,0,2,2
2021-06-12T00:00:00.000Z,בוסניה הרצגובינה,2,1,3
2021-06-12T00:00:00.000Z,בלגיה,1,0,1
2021-06-12T00:00:00.000Z,גאורגיה,63,10,73
2021-06-12T00:00:00.000Z,גאנה,3,0,3
2021-06-12T00:00:00.000Z,גבון,1,1,2
2021-06-12T00:00:00.000Z,גרמניה,155,64,219
2021-06-12T00:00:00.000Z,דומיניקה,1,0,1
2021-06-12T00:00:00.000Z,דנמרק,6,5,11
2021-06-12T00:00:00.000Z,דרום אפריקה,7,13,20
2021-06-12T00:00:00.000Z,הולנד,56,9,65
2021-06-12T00:00:00.000Z,הונגריה,1,5,6
2021-06-12T00:00:00.000Z,הממלכה המאוחדת,37,50,87
2021-06-12T00:00:00.000Z,זאיר,1,0,1
2021-06-12T00:00:00.000Z,זימבאבווה,0,2,2
2021-06-12T00:00:00.000Z,פורטוגל,13,0,13
2021-06-13T00:00:00.000Z,הולנד,108,31,139
2021-06-13T00:00:00.000Z,דרום אפריקה,4,2,6
2021-06-13T00:00:00.000Z,דנמרק,4,3,7
2021-06-13T00:00:00.000Z,גרמניה,280,138,418
2021-06-13T00:00:00.000Z,גויאנה הצרפתית,1,0,1
2021-06-13T00:00:00.000Z,גבון,1,0,1
2021-06-13T00:00:00.000Z,גאנה,1,4,5
2021-06-13T00:00:00.000Z,גאורגיה,595,35,630
2021-06-13T00:00:00.000Z,ברזיל,0,1,1
2021-06-13T00:00:00.000Z,בלגיה,51,70,121
2021-06-13T00:00:00.000Z,בילורוסיה,127,25,152
2021-06-13T00:00:00.000Z,בוסניה הרצגובינה,2,0,2
2021-06-13T00:00:00.000Z,בולגריה,553,27,580
2021-06-13T00:00:00.000Z,ארצות הברית,536,714,1250
2021-06-13T00:00:00.000Z,ארגנטינה,1,2,3
2021-06-13T00:00:00.000Z,אלבניה,1,0,1
2021-06-13T00:00:00.000Z,אירלנד,1,1,2
2021-06-13T00:00:00.000Z,איסלנד,1,0,1
2021-06-13T00:00:00.000Z,איי סיישל,124,10,134
2021-06-13T00:00:00.000Z,רוסיה,36,85,121
2021-06-13T00:00:00.000Z,לטביה,1,0,1
2021-06-13T00:00:00.000Z,תורכמניסטאן,4,0,4
2021-06-13T00:00:00.000Z,תורכיה,140,46,186
2021-06-13T00:00:00.000Z,תוניסיה,1,1,2
2021-06-13T00:00:00.000Z,איחוד האמירויות הערב,318,40,358
2021-06-13T00:00:00.000Z,תאילנד,1,1,2
2021-06-13T00:00:00.000Z,שוויץ,75,52,127
2021-06-13T00:00:00.000Z,רומניה,98,19,117
2021-06-13T00:00:00.000Z,ראוניון,0,2,2
2021-06-13T00:00:00.000Z,קרואטיה,6,3,9
2021-06-13T00:00:00.000Z,קפריסין,954,29,983
2021-06-13T00:00:00.000Z,קנדה,10,61,71
2021-06-13T00:00:00.000Z,קזחסטאן,1,0,1
2021-06-13T00:00:00.000Z,אוזבקיסטן,1,1,2
2021-06-13T00:00:00.000Z,אוסטריה,112,33,145
2021-06-13T00:00:00.000Z,אוסטרליה,0,3,3
2021-06-13T00:00:00.000Z,אוקראינה,77,91,168
2021-06-13T00:00:00.000Z,אורגוואי,2,0,2
2021-06-13T00:00:00.000Z,אזרביג'אן,5,1,6
2021-06-13T00:00:00.000Z,איטליה,177,30,207
2021-06-13T00:00:00.000Z,קוריאה הדרומית,0,8,8
2021-06-13T00:00:00.000Z,קוסטה ריקה,6,1,7
2021-06-13T00:00:00.000Z,קולומביה,0,2,2
2021-06-13T00:00:00.000Z,צרפת,224,256,480
2021-06-13T00:00:00.000Z,צכיה,39,5,44
2021-06-13T00:00:00.000Z,פינלנד,2,0,2
2021-06-13T00:00:00.000Z,פיליפינים,2,23,25
2021-06-13T00:00:00.000Z,פורטוגל,22,6,28
2021-06-13T00:00:00.000Z,פולין,73,59,132
2021-06-13T00:00:00.000Z,ערב הסעודית,0,1,1
2021-06-13T00:00:00.000Z,סרביה,4,1,5
2021-06-13T00:00:00.000Z,ספרד,13,5,18
2021-06-13T00:00:00.000Z,סלובניה,1,0,1
2021-06-13T00:00:00.000Z,סינגפור,0,2,2
2021-06-13T00:00:00.000Z,נפאל,1,0,1
2021-06-13T00:00:00.000Z,ניגריה,3,0,3
2021-06-13T00:00:00.000Z,מרטיניק,0,1,1
2021-06-13T00:00:00.000Z,מקסיקו,0,3,3
2021-06-13T00:00:00.000Z,מקדוניה,1,0,1
2021-06-13T00:00:00.000Z,מצרים,1045,110,1155
2021-06-13T00:00:00.000Z,מלדיבים,7,0,7
2021-06-13T00:00:00.000Z,מולדובה,310,71,381
2021-06-13T00:00:00.000Z,מאלי,2,0,2
2021-06-13T00:00:00.000Z,מאוריציוס,1,1,2
2021-06-13T00:00:00.000Z,ליטא,6,20,26
2021-06-13T00:00:00.000Z,שוודיה,4,4,8
2021-06-13T00:00:00.000Z,כלל המדינות,10416,3108,13524
2021-06-13T00:00:00.000Z,ירדן,122,64,186
2021-06-13T00:00:00.000Z,יפן,0,2,2
2021-06-13T00:00:00.000Z,יוון,2546,92,2638
2021-06-13T00:00:00.000Z,טיוואן,1,0,1
2021-06-13T00:00:00.000Z,חוף השנהב,0,5,5
2021-06-13T00:00:00.000Z,הממלכה המאוחדת,291,262,553
2021-06-13T00:00:00.000Z,הונגריה,53,22,75
2021-06-14T00:00:00.000Z,יוון,1708,86,1794
2021-06-14T00:00:00.000Z,קזחסטאן,2,4,6
2021-06-14T00:00:00.000Z,ארגנטינה,1,4,5
2021-06-14T00:00:00.000Z,ארמניה,4,0,4
2021-06-14T00:00:00.000Z,ארצות הברית,1062,1557,2619
2021-06-14T00:00:00.000Z,אתיופיה,16,8,24
2021-06-14T00:00:00.000Z,בוטסואנה,2,0,2
2021-06-14T00:00:00.000Z,בולגריה,380,14,394
2021-06-14T00:00:00.000Z,אוגנדה,4,0,4
2021-06-14T00:00:00.000Z,אוזבקיסטן,45,57,102
2021-06-14T00:00:00.000Z,אוסטריה,182,38,220
2021-06-14T00:00:00.000Z,אוסטרליה,1,2,3
2021-06-14T00:00:00.000Z,אוקראינה,60,50,110
2021-06-14T00:00:00.000Z,אזרביג'אן,1,0,1
2021-06-14T00:00:00.000Z,איטליה,222,59,281
2021-06-14T00:00:00.000Z,אינדונזיה,1,0,1
2021-06-14T00:00:00.000Z,איסלנד,21,0,21
2021-06-14T00:00:00.000Z,אירלנד,6,1,7
2021-06-14T00:00:00.000Z,אלבניה,2,1,3
2021-06-14T00:00:00.000Z,אנגולה,1,1,2
2021-06-14T00:00:00.000Z,אנדורה,1,0,1
2021-06-14T00:00:00.000Z,אסטוניה,1,1,2
2021-06-14T00:00:00.000Z,בוסניה הרצגובינה,3,0,3
2021-06-14T00:00:00.000Z,בילורוסיה,5,1,6
2021-06-14T00:00:00.000Z,איחוד האמירויות הערב,314,38,352
2021-06-14T00:00:00.000Z,בלגיה,7,3,10
2021-06-14T00:00:00.000Z,ברזיל,3,4,7
2021-06-14T00:00:00.000Z,גאורגיה,660,51,711
2021-06-14T00:00:00.000Z,גאנה,2,0,2
2021-06-14T00:00:00.000Z,גויאנה הצרפתית,0,1,1
2021-06-14T00:00:00.000Z,גרמניה,229,99,328
2021-06-14T00:00:00.000Z,דנמרק,11,3,14
2021-06-14T00:00:00.000Z,דרום אפריקה,5,5,10
2021-06-14T00:00:00.000Z,האנטילים ההולנדים,1,0,1
2021-06-14T00:00:00.000Z,הודו,30,12,42
2021-06-14T00:00:00.000Z,הולנד,152,33,185
2021-06-14T00:00:00.000Z,הונג קונג,0,3,3
2021-06-14T00:00:00.000Z,הונגריה,39,20,59
2021-06-14T00:00:00.000Z,הממלכה המאוחדת,318,203,521
2021-06-14T00:00:00.000Z,הרפ הדומיניקנית,3,0,3
2021-06-14T00:00:00.000Z,ויטנאם,0,7,7
2021-06-14T00:00:00.000Z,זאיר,1,0,1
2021-06-14T00:00:00.000Z,זימבאבווה,3,0,3
2021-06-14T00:00:00.000Z,זמביה,4,1,5
2021-06-14T00:00:00.000Z,טובלו,0,1,1
2021-06-14T00:00:00.000Z,טוגו,1,0,1
2021-06-14T00:00:00.000Z,טיוואן,0,15,15
2021-06-14T00:00:00.000Z,טנזניה,0,2,2
2021-06-14T00:00:00.000Z,אקואדור,2,0,2
2021-06-14T00:00:00.000Z,ירדן,34,28,62
2021-06-14T00:00:00.000Z,תורכמניסטאן,16,6,22
2021-06-14T00:00:00.000Z,תורכיה,153,49,202
2021-06-14T00:00:00.000Z,תוניסיה,7,3,10
2021-06-14T00:00:00.000Z,תאילנד,1,0,1
2021-06-14T00:00:00.000Z,שוויץ,93,41,134
2021-06-14T00:00:00.000Z,שוודיה,10,7,17
2021-06-14T00:00:00.000Z,רוסיה,165,125,290
2021-06-14T00:00:00.000Z,רומניה,206,25,231
2021-06-14T00:00:00.000Z,רואנדה,8,0,8
2021-06-14T00:00:00.000Z,קרואטיה,16,0,16
2021-06-14T00:00:00.000Z,קפריסין,496,44,540
2021-06-14T00:00:00.000Z,קניה,3,4,7
2021-06-14T00:00:00.000Z,כלל המדינות,9291,3866,13157
2021-06-14T00:00:00.000Z,קנדה,0,9,9
2021-06-14T00:00:00.000Z,ליטא,6,4,10
2021-06-14T00:00:00.000Z,קמרון,1,0,1
2021-06-14T00:00:00.000Z,מאלי,0,1,1
2021-06-14T00:00:00.000Z,מוזמביק,1,0,1
2021-06-14T00:00:00.000Z,מולדובה,66,24,90
2021-06-14T00:00:00.000Z,מונטנגרו,142,2,144
2021-06-14T00:00:00.000Z,מלדיבים,11,1,12
2021-06-14T00:00:00.000Z,מלטה,0,2,2
2021-06-14T00:00:00.000Z,מצרים,567,64,631
2021-06-14T00:00:00.000Z,מקדוניה,2,0,2
2021-06-14T00:00:00.000Z,מקסיקו,0,7,7
2021-06-14T00:00:00.000Z,נורבגיה,0,8,8
2021-06-14T00:00:00.000Z,ניגריה,5,4,9
2021-06-14T00:00:00.000Z,סוריה,2,32,34
2021-06-14T00:00:00.000Z,סינגפור,0,4,4
2021-06-14T00:00:00.000Z,סלובניה,2,0,2
2021-06-14T00:00:00.000Z,ספרד,219,47,266
2021-06-14T00:00:00.000Z,סרביה,7,2,9
2021-06-14T00:00:00.000Z,סרי לנקה (צילון),0,3,3
2021-06-14T00:00:00.000Z,פולין,51,13,64
2021-06-14T00:00:00.000Z,פולינזיה הצרפתית,1,0,1
2021-06-14T00:00:00.000Z,פורטוגל,25,10,35
2021-06-14T00:00:00.000Z,פיליפינים,0,5,5
2021-06-14T00:00:00.000Z,פינלנד,3,0,3
2021-06-14T00:00:00.000Z,פנמה,1,15,16
2021-06-14T00:00:00.000Z,פרו,0,3,3
2021-06-14T00:00:00.000Z,צ'ילה,0,2,2
2021-06-14T00:00:00.000Z,צכיה,7,0,7
2021-06-14T00:00:00.000Z,צרפת,298,216,514
2021-06-14T00:00:00.000Z,קולומביה,2,6,8
2021-06-14T00:00:00.000Z,קוסטה ריקה,0,4,4
2021-06-14T00:00:00.000Z,קוריאה הדרומית,0,1,1
2021-06-15T00:00:00.000Z,מצרים,241,36,277
2021-06-15T00:00:00.000Z,מקסיקו,2,5,7
2021-06-15T00:00:00.000Z,נורבגיה,1,1,2
2021-06-15T00:00:00.000Z,קולומביה,1,0,1
2021-06-15T00:00:00.000Z,ניו זילנד,0,1,1
2021-06-15T00:00:00.000Z,קונגו,1,0,1
2021-06-15T00:00:00.000Z,מלדיבים,14,2,16
2021-06-15T00:00:00.000Z,מולדובה,244,94,338
2021-06-15T00:00:00.000Z,מוזמביק,0,1,1
2021-06-15T00:00:00.000Z,ליטא,10,0,10
2021-06-15T00:00:00.000Z,לטביה,5,7,12
2021-06-15T00:00:00.000Z,כלל המדינות,5291,2720,8011
2021-06-15T00:00:00.000Z,ירדן,43,36,79
2021-06-15T00:00:00.000Z,יוון,703,45,748
2021-06-15T00:00:00.000Z,טנזניה,1,0,1
2021-06-15T00:00:00.000Z,חוף השנהב,1,0,1
2021-06-15T00:00:00.000Z,הרפ הדומיניקנית,1,0,1
2021-06-15T00:00:00.000Z,הממלכה המאוחדת,214,165,379
2021-06-15T00:00:00.000Z,הונגריה,34,25,59
2021-06-15T00:00:00.000Z,הונג קונג,1,0,1
2021-06-15T00:00:00.000Z,הולנד,75,10,85
2021-06-15T00:00:00.000Z,דרום סודאן,1,0,1
2021-06-15T00:00:00.000Z,דרום אפריקה,0,3,3
2021-06-15T00:00:00.000Z,דנמרק,10,1,11
2021-06-15T00:00:00.000Z,גרנדה,2,0,2
2021-06-15T00:00:00.000Z,גרמניה,207,108,315
2021-06-15T00:00:00.000Z,גווטאמלה,1,1,2
2021-06-15T00:00:00.000Z,גאנה,0,1,1
2021-06-15T00:00:00.000Z,גאורגיה,194,18,212
2021-06-15T00:00:00.000Z,ברזיל,3,7,10
2021-06-15T00:00:00.000Z,בלגיה,57,54,111
2021-06-15T00:00:00.000Z,בילורוסיה,70,16,86
2021-06-15T00:00:00.000Z,בולגריה,148,27,175
2021-06-15T00:00:00.000Z,בהמס,0,1,1
2021-06-15T00:00:00.000Z,אתיופיה,11,4,15
2021-06-15T00:00:00.000Z,ארצות הברית,1031,1097,2128
2021-06-15T00:00:00.000Z,ארגנטינה,1,4,5
2021-06-15T00:00:00.000Z,אסטוניה,2,0,2
2021-06-15T00:00:00.000Z,אנגולה,0,1,1
2021-06-15T00:00:00.000Z,אלבניה,2,1,3
2021-06-15T00:00:00.000Z,אירלנד,1,1,2
2021-06-15T00:00:00.000Z,איסלנד,2,0,2
2021-06-15T00:00:00.000Z,איי קייפ וורדה,1,0,1
2021-06-15T00:00:00.000Z,איי סיישל,10,0,10
2021-06-15T00:00:00.000Z,איטליה,77,17,94
2021-06-15T00:00:00.000Z,אזרביג'אן,5,0,5
2021-06-15T00:00:00.000Z,אוקראינה,52,32,84
2021-06-15T00:00:00.000Z,אוסטריה,0,2,2
2021-06-15T00:00:00.000Z,קוסטה ריקה,0,4,4
2021-06-15T00:00:00.000Z,קוריאה הדרומית,0,5,5
2021-06-15T00:00:00.000Z,קזחסטאן,2,0,2
2021-06-15T00:00:00.000Z,קנדה,1,0,1
2021-06-15T00:00:00.000Z,קניה,5,0,5
2021-06-15T00:00:00.000Z,קפריסין,348,45,393
2021-06-15T00:00:00.000Z,קרואטיה,1,1,2
2021-06-15T00:00:00.000Z,רואנדה,2,0,2
2021-06-15T00:00:00.000Z,רומניה,2,0,2
2021-06-15T00:00:00.000Z,רוסיה,1,2,3
2021-06-15T00:00:00.000Z,שוודיה,2,0,2
2021-06-15T00:00:00.000Z,שוויץ,4,2,6
2021-06-15T00:00:00.000Z,תוניסיה,0,3,3
2021-06-15T00:00:00.000Z,תורכיה,181,65,246
2021-06-15T00:00:00.000Z,נמיביה,1,0,1
2021-06-15T00:00:00.000Z,סוריה,1,4,5
2021-06-15T00:00:00.000Z,סינגפור,0,3,3
2021-06-15T00:00:00.000Z,סלובניה,7,1,8
2021-06-15T00:00:00.000Z,ספרד,40,10,50
2021-06-15T00:00:00.000Z,ניגריה,2,1,3
2021-06-15T00:00:00.000Z,סרביה,15,0,15
2021-06-15T00:00:00.000Z,סרי לנקה (צילון),0,3,3
2021-06-15T00:00:00.000Z,ערב הסעודית,0,1,1
2021-06-15T00:00:00.000Z,פולין,98,21,119
2021-06-15T00:00:00.000Z,פורטוגל,20,3,23
2021-06-15T00:00:00.000Z,פיליפינים,1,4,5
2021-06-15T00:00:00.000Z,פינלנד,1,0,1
2021-06-15T00:00:00.000Z,פנמה,0,5,5
2021-06-15T00:00:00.000Z,צ'ילה,2,2,4
2021-06-15T00:00:00.000Z,צכיה,10,6,16
2021-06-15T00:00:00.000Z,צרפת,211,195,406
2021-06-15T00:00:00.000Z,איחוד האמירויות הערב,184,20,204
2021-06-16T00:00:00.000Z,מלאווי,1,1,2
2021-06-16T00:00:00.000Z,מונטנגרו,62,2,64
2021-06-16T00:00:00.000Z,סרביה,1,3,4
2021-06-16T00:00:00.000Z,סרי לנקה (צילון),1,2,3
2021-06-16T00:00:00.000Z,עירק,3,4,7
2021-06-16T00:00:00.000Z,פולין,95,20,115
2021-06-16T00:00:00.000Z,פורטוגל,7,0,7
2021-06-16T00:00:00.000Z,פיליפינים,1,2,3
2021-06-16T00:00:00.000Z,פינלנד,8,3,11
2021-06-16T00:00:00.000Z,פרגוואי,0,1,1
2021-06-16T00:00:00.000Z,צכיה,0,1,1
2021-06-16T00:00:00.000Z,צרפת,244,233,477
2021-06-16T00:00:00.000Z,קולומביה,0,1,1
2021-06-16T00:00:00.000Z,קוסטה ריקה,4,1,5
2021-06-16T00:00:00.000Z,קוריאה הדרומית,0,5,5
2021-06-16T00:00:00.000Z,קזחסטאן,1,0,1
2021-06-16T00:00:00.000Z,קטר,0,1,1
2021-06-16T00:00:00.000Z,קירג'זסטאן,3,0,3
2021-06-16T00:00:00.000Z,קנדה,11,82,93
2021-06-16T00:00:00.000Z,קניה,6,6,12
2021-06-16T00:00:00.000Z,קפריסין,181,35,216
2021-06-16T00:00:00.000Z,קרואטיה,5,0,5
2021-06-16T00:00:00.000Z,רואנדה,2,4,6
2021-06-16T00:00:00.000Z,רומניה,221,60,281
2021-06-16T00:00:00.000Z,רוסיה,57,35,92
2021-06-16T00:00:00.000Z,שוודיה,9,0,9
2021-06-16T00:00:00.000Z,שוויץ,71,19,90
2021-06-16T00:00:00.000Z,תאילנד,4,294,298
2021-06-16T00:00:00.000Z,תורכיה,153,63,216
2021-06-16T00:00:00.000Z,תורכמניסטאן,4,0,4
2021-06-16T00:00:00.000Z,בולגריה,111,10,121
2021-06-16T00:00:00.000Z,בוליביה,1,0,1
2021-06-16T00:00:00.000Z,בוסניה הרצגובינה,2,0,2
2021-06-16T00:00:00.000Z,בורונדי,1,0,1
2021-06-16T00:00:00.000Z,מוזמביק,1,0,1
2021-06-16T00:00:00.000Z,מולדובה,7,4,11
2021-06-16T00:00:00.000Z,בילורוסיה,23,20,43
2021-06-16T00:00:00.000Z,בלגיה,35,44,79
2021-06-16T00:00:00.000Z,ברזיל,2,4,6
2021-06-16T00:00:00.000Z,גאורגיה,212,34,246
2021-06-16T00:00:00.000Z,גאנה,7,8,15
2021-06-16T00:00:00.000Z,גיברלטר,1,0,1
2021-06-16T00:00:00.000Z,גרמניה,168,91,259
2021-06-16T00:00:00.000Z,דנמרק,9,4,13
2021-06-16T00:00:00.000Z,דרום אפריקה,1,8,9
2021-06-16T00:00:00.000Z,הולנד,121,37,158
2021-06-16T00:00:00.000Z,הונגריה,83,21,104
2021-06-16T00:00:00.000Z,הממלכה המאוחדת,165,158,323
2021-06-16T00:00:00.000Z,ונצואלה,0,4,4
2021-06-16T00:00:00.000Z,יוון,540,42,582
2021-06-16T00:00:00.000Z,יפן,0,5,5
2021-06-16T00:00:00.000Z,ירדן,64,39,103
2021-06-16T00:00:00.000Z,כלל המדינות,5368,3887,9255
2021-06-16T00:00:00.000Z,לבנון,0,1,1
2021-06-16T00:00:00.000Z,ליטא,4,1,5
2021-06-16T00:00:00.000Z,מאלי,0,1,1
2021-06-16T00:00:00.000Z,מלדיבים,3,0,3
2021-06-16T00:00:00.000Z,איחוד האמירויות הערב,168,31,199
2021-06-16T00:00:00.000Z,ספרד,74,20,94
2021-06-16T00:00:00.000Z,סנגל,2,0,2
2021-06-16T00:00:00.000Z,סלובניה,6,0,6
2021-06-16T00:00:00.000Z,סינגפור,1,3,4
2021-06-16T00:00:00.000Z,סין,2,24,26
2021-06-16T00:00:00.000Z,סוריה,1,5,6
2021-06-16T00:00:00.000Z,ניגריה,6,0,6
2021-06-16T00:00:00.000Z,אתיופיה,24,3,27
2021-06-16T00:00:00.000Z,ארצות הברית,656,1101,1757
2021-06-16T00:00:00.000Z,ארמניה,1,0,1
2021-06-16T00:00:00.000Z,אריתראה,1,0,1
2021-06-16T00:00:00.000Z,אירלנד,0,3,3
2021-06-16T00:00:00.000Z,אינדונזיה,1,0,1
2021-06-16T00:00:00.000Z,איי סיישל,92,6,98
2021-06-16T00:00:00.000Z,איטליה,40,9,49
2021-06-16T00:00:00.000Z,אזרביג'אן,1,0,1
2021-06-16T00:00:00.000Z,אורגוואי,1,0,1
2021-06-16T00:00:00.000Z,אוקראינה,55,60,115
2021-06-16T00:00:00.000Z,אוסטרליה,0,5,5
2021-06-16T00:00:00.000Z,אוסטריה,128,41,169
2021-06-16T00:00:00.000Z,אוזבקיסטן,3,2,5
2021-06-16T00:00:00.000Z,מצרים,207,48,255
2021-06-16T00:00:00.000Z,מקסיקו,4,3,7
2021-06-16T00:00:00.000Z,מרוקו,3,1,4
2021-06-16T00:00:00.000Z,נורבגיה,0,2,2
2021-06-16T00:00:00.000Z,בוטסואנה,1,2,3
2021-06-17T00:00:00.000Z,חוף השנהב,6,0,6
2021-06-17T00:00:00.000Z,רוסיה,73,123,196
2021-06-17T00:00:00.000Z,שוודיה,11,6,17
2021-06-17T00:00:00.000Z,קרואטיה,5,0,5
2021-06-17T00:00:00.000Z,קפריסין,487,73,560
2021-06-17T00:00:00.000Z,קניה,1,0,1
2021-06-17T00:00:00.000Z,קנדה,0,4,4
2021-06-17T00:00:00.000Z,קירג'זסטאן,11,4,15
2021-06-17T00:00:00.000Z,קזחסטאן,1,0,1
2021-06-17T00:00:00.000Z,קוסטה ריקה,2,1,3
2021-06-17T00:00:00.000Z,קוסובו,1,0,1
2021-06-17T00:00:00.000Z,קונגו,2,0,2
2021-06-17T00:00:00.000Z,קולומביה,4,6,10
2021-06-17T00:00:00.000Z,צרפת,317,222,539
2021-06-17T00:00:00.000Z,צכיה,86,23,109
2021-06-17T00:00:00.000Z,צ'ילה,0,2,2
2021-06-17T00:00:00.000Z,פקיסטן,1,0,1
2021-06-17T00:00:00.000Z,פנמה,2,17,19
2021-06-17T00:00:00.000Z,פינלנד,3,3,6
2021-06-17T00:00:00.000Z,פיליפינים,0,21,21
2021-06-17T00:00:00.000Z,פורטוגל,18,3,21
2021-06-17T00:00:00.000Z,פולין,10,1,11
2021-06-17T00:00:00.000Z,ערב הסעודית,1,0,1
2021-06-17T00:00:00.000Z,סרביה,5,1,6
2021-06-17T00:00:00.000Z,ספרד,80,33,113
2021-06-17T00:00:00.000Z,נפאל,1,0,1
2021-06-17T00:00:00.000Z,נמיביה,4,0,4
2021-06-17T00:00:00.000Z,ניגריה,5,9,14
2021-06-17T00:00:00.000Z,נורבגיה,0,2,2
2021-06-17T00:00:00.000Z,מרוקו,8,0,8
2021-06-17T00:00:00.000Z,מקסיקו,2,3,5
2021-06-17T00:00:00.000Z,מקדוניה,2,0,2
2021-06-17T00:00:00.000Z,מצרים,335,65,400
2021-06-17T00:00:00.000Z,מולדובה,84,36,120
2021-06-17T00:00:00.000Z,מאלי,0,1,1
2021-06-17T00:00:00.000Z,ליטא,5,0,5
2021-06-17T00:00:00.000Z,לטביה,5,0,5
2021-06-17T00:00:00.000Z,לבנון,0,9,9
2021-06-17T00:00:00.000Z,כלל המדינות,8331,4544,12875
2021-06-17T00:00:00.000Z,ירדן,69,67,136
2021-06-17T00:00:00.000Z,יוון,1791,119,1910
2021-06-17T00:00:00.000Z,טנזניה,7,2,9
2021-06-17T00:00:00.000Z,טיוואן,2,6,8
2021-06-17T00:00:00.000Z,טג'יקיסטאן,2,0,2
2021-06-17T00:00:00.000Z,רומניה,39,14,53
2021-06-17T00:00:00.000Z,זמביה,2,0,2
2021-06-17T00:00:00.000Z,זימבאבווה,1,0,1
2021-06-17T00:00:00.000Z,זאיר,1,0,1
2021-06-17T00:00:00.000Z,הרפ הדומיניקנית,4,0,4
2021-06-17T00:00:00.000Z,הממלכה המאוחדת,257,230,487
2021-06-17T00:00:00.000Z,הונדורס,1,0,1
2021-06-17T00:00:00.000Z,הונגריה,69,26,95
2021-06-17T00:00:00.000Z,הונג קונג,0,2,2
2021-06-17T00:00:00.000Z,הולנד,13,4,17
2021-06-17T00:00:00.000Z,דרום אפריקה,1,3,4
2021-06-17T00:00:00.000Z,דנמרק,7,11,18
2021-06-17T00:00:00.000Z,גרנדה,1,0,1
2021-06-17T00:00:00.000Z,גרמניה,255,73,328
2021-06-17T00:00:00.000Z,גינאה המשוונית,1,0,1
2021-06-17T00:00:00.000Z,גיברלטר,1,0,1
2021-06-17T00:00:00.000Z,גבון,2,0,2
2021-06-17T00:00:00.000Z,גאנה,4,2,6
2021-06-17T00:00:00.000Z,גאורגיה,544,41,585
2021-06-17T00:00:00.000Z,ברזיל,1,0,1
2021-06-17T00:00:00.000Z,בלגיה,33,35,68
2021-06-17T00:00:00.000Z,בילורוסיה,61,18,79
2021-06-17T00:00:00.000Z,בחריין,0,1,1
2021-06-17T00:00:00.000Z,בולגריה,324,20,344
2021-06-17T00:00:00.000Z,אתיופיה,36,15,51
2021-06-17T00:00:00.000Z,ארצות הברית,877,1842,2719
2021-06-17T00:00:00.000Z,ארמניה,1,1,2
2021-06-17T00:00:00.000Z,ארגנטינה,0,2,2
2021-06-17T00:00:00.000Z,אקואדור,2,0,2
2021-06-17T00:00:00.000Z,אנגולה,1,2,3
2021-06-17T00:00:00.000Z,אלבניה,3,1,4
2021-06-17T00:00:00.000Z,איסלנד,38,0,38
2021-06-17T00:00:00.000Z,איטליה,193,65,258
2021-06-17T00:00:00.000Z,אזרביג'אן,7,2,9
2021-06-17T00:00:00.000Z,אוקראינה,123,345,468
2021-06-17T00:00:00.000Z,אוסטריה,142,32,174
2021-06-17T00:00:00.000Z,אוזבקיסטן,1,0,1
2021-06-17T00:00:00.000Z,אוגנדה,8,0,8
2021-06-17T00:00:00.000Z,שוויץ,94,39,133
2021-06-17T00:00:00.000Z,תאילנד,0,1,1
2021-06-17T00:00:00.000Z,תורכיה,276,81,357
2021-06-17T00:00:00.000Z,תורכמניסטאן,7,1,8
2021-06-17T00:00:00.000Z,איחוד האמירויות הערב,190,19,209
2021-06-17T00:00:00.000Z,רואנדה,4,0,4
2021-06-18T00:00:00.000Z,אלגיריה,2,0,2
2021-06-18T00:00:00.000Z,אלבניה,1,0,1
2021-06-18T00:00:00.000Z,אירלנד,3,1,4
2021-06-18T00:00:00.000Z,איסלנד,9,1,10
2021-06-18T00:00:00.000Z,אינדונזיה,2,0,2
2021-06-18T00:00:00.000Z,איי סיישל,1,0,1
2021-06-18T00:00:00.000Z,איי טורקס וקייקוס,2,1,3
2021-06-18T00:00:00.000Z,איטליה,208,63,271
2021-06-18T00:00:00.000Z,אזרביג'אן,17,1,18
2021-06-18T00:00:00.000Z,אורגוואי,0,3,3
2021-06-18T00:00:00.000Z,אוקראינה,30,30,60
2021-06-18T00:00:00.000Z,אוסטרליה,2,2,4
2021-06-18T00:00:00.000Z,אוסטריה,168,20,188
2021-06-18T00:00:00.000Z,אוזבקיסטן,2,0,2
2021-06-18T00:00:00.000Z,רומניה,155,30,185
2021-06-18T00:00:00.000Z,רוסיה,92,75,167
2021-06-18T00:00:00.000Z,שוודיה,4,7,11
2021-06-18T00:00:00.000Z,שוויץ,125,32,157
2021-06-18T00:00:00.000Z,תורכיה,398,80,478
2021-06-18T00:00:00.000Z,תורכמניסטאן,12,0,12
2021-06-18T00:00:00.000Z,סינגפור,1,0,1
2021-06-18T00:00:00.000Z,ברמודה,2,0,2
2021-06-18T00:00:00.000Z,גאורגיה,494,48,542
2021-06-18T00:00:00.000Z,גווטאמלה,1,0,1
2021-06-18T00:00:00.000Z,גינאה החדשה,1,0,1
2021-06-18T00:00:00.000Z,גרמניה,262,103,365
2021-06-18T00:00:00.000Z,דנמרק,6,4,10
2021-06-18T00:00:00.000Z,הודו,1,2,3
2021-06-18T00:00:00.000Z,הולנד,169,46,215
2021-06-18T00:00:00.000Z,הונג קונג,0,7,7
2021-06-18T00:00:00.000Z,הונגריה,108,15,123
2021-06-18T00:00:00.000Z,הממלכה המאוחדת,236,136,372
2021-06-18T00:00:00.000Z,ונצואלה,0,2,2
2021-06-18T00:00:00.000Z,זימבאבווה,1,0,1
2021-06-18T00:00:00.000Z,טנזניה,4,0,4
2021-06-18T00:00:00.000Z,יוון,1110,66,1176
2021-06-18T00:00:00.000Z,יפן,1,5,6
2021-06-18T00:00:00.000Z,ירדן,0,18,18
2021-06-18T00:00:00.000Z,כלל המדינות,7335,3094,10429
2021-06-18T00:00:00.000Z,לוכסמבורג,1,0,1
2021-06-18T00:00:00.000Z,לטביה,4,0,4
2021-06-18T00:00:00.000Z,ליטא,3,0,3
2021-06-18T00:00:00.000Z,מאוריציוס,3,0,3
2021-06-18T00:00:00.000Z,מולדובה,24,5,29
2021-06-18T00:00:00.000Z,מונטנגרו,111,10,121
2021-06-18T00:00:00.000Z,מלדיבים,16,0,16
2021-06-18T00:00:00.000Z,איחוד האמירויות הערב,218,34,252
2021-06-18T00:00:00.000Z,מלטה,1,0,1
2021-06-18T00:00:00.000Z,מצרים,250,54,304
2021-06-18T00:00:00.000Z,מקדוניה,1,0,1
2021-06-18T00:00:00.000Z,מקסיקו,4,3,7
2021-06-18T00:00:00.000Z,מרוקו,4,1,5
2021-06-18T00:00:00.000Z,נורבגיה,1,4,5
2021-06-18T00:00:00.000Z,ניגריה,1,5,6
2021-06-18T00:00:00.000Z,נפאל,0,2,2
2021-06-18T00:00:00.000Z,סלובניה,0,1,1
2021-06-18T00:00:00.000Z,ספרד,114,34,148
2021-06-18T00:00:00.000Z,סרביה,13,4,17
2021-06-18T00:00:00.000Z,סרי לנקה (צילון),2,3,5
2021-06-18T00:00:00.000Z,פולין,163,43,206
2021-06-18T00:00:00.000Z,פורטוגל,29,3,32
2021-06-18T00:00:00.000Z,פיליפינים,1,3,4
2021-06-18T00:00:00.000Z,פנמה,2,2,4
2021-06-18T00:00:00.000Z,פרו,1,0,1
2021-06-18T00:00:00.000Z,צכיה,9,0,9
2021-06-18T00:00:00.000Z,צרפת,271,145,416
2021-06-18T00:00:00.000Z,קוסובו,1,0,1
2021-06-18T00:00:00.000Z,קוסטה ריקה,7,4,11
2021-06-18T00:00:00.000Z,קוריאה הדרומית,3,1,4
2021-06-18T00:00:00.000Z,קזחסטאן,2,5,7
2021-06-18T00:00:00.000Z,קירג'זסטאן,2,1,3
2021-06-18T00:00:00.000Z,קנדה,12,59,71
2021-06-18T00:00:00.000Z,קפריסין,244,50,294
2021-06-18T00:00:00.000Z,קרואטיה,12,2,14
2021-06-18T00:00:00.000Z,ברזיל,1,1,2
2021-06-18T00:00:00.000Z,בלגיה,80,41,121
2021-06-18T00:00:00.000Z,בחריין,2,0,2
2021-06-18T00:00:00.000Z,בוסניה הרצגובינה,2,0,2
2021-06-18T00:00:00.000Z,בולגריה,162,19,181
2021-06-18T00:00:00.000Z,ארצות הברית,1075,1219,2294
2021-06-18T00:00:00.000Z,ארמניה,4,0,4
2021-06-18T00:00:00.000Z,אריתראה,1,0,1
2021-06-18T00:00:00.000Z,אקואדור,0,1,1
2021-06-18T00:00:00.000Z,אסטוניה,1,3,4
2021-06-18T00:00:00.000Z,אנגולה,4,0,4
2021-06-19T00:00:00.000Z,תורכיה,457,120,577
2021-06-19T00:00:00.000Z,הממלכה המאוחדת,55,59,114
2021-06-19T00:00:00.000Z,זמביה,3,4,7
2021-06-19T00:00:00.000Z,חוף השנהב,2,2,4
2021-06-19T00:00:00.000Z,טוגו,1,0,1
2021-06-19T00:00:00.000Z,טיוואן,1,0,1
2021-06-19T00:00:00.000Z,טנזניה,5,3,8
2021-06-19T00:00:00.000Z,יוון,818,30,848
2021-06-19T00:00:00.000Z,ירדן,0,8,8
2021-06-19T00:00:00.000Z,כלל המדינות,4276,1965,6241
2021-06-19T00:00:00.000Z,לוכסמבורג,1,0,1
2021-06-19T00:00:00.000Z,לטביה,1,0,1
2021-06-19T00:00:00.000Z,ליטא,13,2,15
2021-06-19T00:00:00.000Z,מוזמביק,5,0,5
2021-06-19T00:00:00.000Z,מולדובה,6,1,7
2021-06-19T00:00:00.000Z,מונטנגרו,1,2,3
2021-06-19T00:00:00.000Z,מלדיבים,9,0,9
2021-06-19T00:00:00.000Z,מצרים,737,56,793
2021-06-19T00:00:00.000Z,מקסיקו,1,3,4
2021-06-19T00:00:00.000Z,מרוקו,0,1,1
2021-06-19T00:00:00.000Z,נורבגיה,0,2,2
2021-06-19T00:00:00.000Z,ניגריה,13,0,13
2021-06-19T00:00:00.000Z,ניו זילנד,1,0,1
2021-06-19T00:00:00.000Z,נמיביה,2,0,2
2021-06-19T00:00:00.000Z,סינגפור,0,5,5
2021-06-19T00:00:00.000Z,סלובניה,3,0,3
2021-06-19T00:00:00.000Z,ספרד,36,9,45
2021-06-19T00:00:00.000Z,סרביה,7,2,9
2021-06-19T00:00:00.000Z,סרי לנקה (צילון),0,1,1
2021-06-19T00:00:00.000Z,פולין,107,11,118
2021-06-19T00:00:00.000Z,פורטוגל,16,4,20
2021-06-19T00:00:00.000Z,פיליפינים,1,14,15
2021-06-19T00:00:00.000Z,פינלנד,6,1,7
2021-06-19T00:00:00.000Z,פנמה,1,0,1
2021-06-19T00:00:00.000Z,פרו,0,5,5
2021-06-19T00:00:00.000Z,צ'ילה,1,0,1
2021-06-19T00:00:00.000Z,צרפת,69,39,108
2021-06-19T00:00:00.000Z,קולומביה,3,1,4
2021-06-19T00:00:00.000Z,הונגריה,2,0,2
2021-06-19T00:00:00.000Z,איחוד האמירויות הערב,16,9,25
2021-06-19T00:00:00.000Z,הונג קונג,0,1,1
2021-06-19T00:00:00.000Z,תורכמניסטאן,4,2,6
2021-06-19T00:00:00.000Z,זימבאבווה,1,0,1
2021-06-19T00:00:00.000Z,תאילנד,0,5,5
2021-06-19T00:00:00.000Z,שוויץ,38,13,51
2021-06-19T00:00:00.000Z,שוודיה,6,5,11
2021-06-19T00:00:00.000Z,רומניה,102,9,111
2021-06-19T00:00:00.000Z,רואנדה,2,0,2
2021-06-19T00:00:00.000Z,קרואטיה,8,0,8
2021-06-19T00:00:00.000Z,קפריסין,319,16,335
2021-06-19T00:00:00.000Z,קניה,5,1,6
2021-06-19T00:00:00.000Z,קנדה,0,4,4
2021-06-19T00:00:00.000Z,קמרון,0,2,2
2021-06-19T00:00:00.000Z,קזחסטאן,3,2,5
2021-06-19T00:00:00.000Z,קוריאה הדרומית,3,0,3
2021-06-19T00:00:00.000Z,קוסטה ריקה,3,2,5
2021-06-19T00:00:00.000Z,הולנד,86,21,107
2021-06-19T00:00:00.000Z,אוגנדה,2,0,2
2021-06-19T00:00:00.000Z,אוזבקיסטן,1,4,5
2021-06-19T00:00:00.000Z,אוסטריה,161,18,179
2021-06-19T00:00:00.000Z,אוסטרליה,2,0,2
2021-06-19T00:00:00.000Z,אוקראינה,3,1,4
2021-06-19T00:00:00.000Z,אזרביג'אן,14,0,14
2021-06-19T00:00:00.000Z,איטליה,41,12,53
2021-06-19T00:00:00.000Z,איסלנד,54,0,54
2021-06-19T00:00:00.000Z,אירלנד,0,3,3
2021-06-19T00:00:00.000Z,אלבניה,0,1,1
2021-06-19T00:00:00.000Z,אסטוניה,1,2,3
2021-06-19T00:00:00.000Z,אקואדור,0,1,1
2021-06-19T00:00:00.000Z,ארגנטינה,0,1,1
2021-06-19T00:00:00.000Z,ארצות הברית,443,994,1437
2021-06-19T00:00:00.000Z,אתיופיה,14,10,24
2021-06-19T00:00:00.000Z,בולגריה,5,0,5
2021-06-19T00:00:00.000Z,בורונדי,1,0,1
2021-06-19T00:00:00.000Z,בילורוסיה,1,0,1
2021-06-19T00:00:00.000Z,בלגיה,4,2,6
2021-06-19T00:00:00.000Z,גאורגיה,79,14,93
2021-06-19T00:00:00.000Z,גאנה,3,3,6
2021-06-19T00:00:00.000Z,גרמניה,182,51,233
2021-06-19T00:00:00.000Z,דנמרק,18,4,22
2021-06-19T00:00:00.000Z,דרום אפריקה,1,7,8
2021-06-19T00:00:00.000Z,דרום סודאן,1,0,1
2021-06-19T00:00:00.000Z,האנטילים ההולנדים,2,0,2
2021-06-19T00:00:00.000Z,הודו,0,1,1
2021-06-20T00:00:00.000Z,מצרים,935,94,1029
2021-06-20T00:00:00.000Z,מקסיקו,2,1,3
2021-06-20T00:00:00.000Z,מרוקו,0,1,1
2021-06-20T00:00:00.000Z,נורבגיה,1,0,1
2021-06-20T00:00:00.000Z,ניגריה,0,4,4
2021-06-20T00:00:00.000Z,סין,0,1,1
2021-06-20T00:00:00.000Z,סינגפור,0,7,7
2021-06-20T00:00:00.000Z,סלובניה,0,3,3
2021-06-20T00:00:00.000Z,סנגל,2,0,2
2021-06-20T00:00:00.000Z,ספרד,80,30,110
2021-06-20T00:00:00.000Z,סרביה,1,0,1
2021-06-20T00:00:00.000Z,שוודיה,7,1,8
2021-06-20T00:00:00.000Z,איחוד האמירויות הערב,212,41,253
2021-06-20T00:00:00.000Z,אוזבקיסטן,1,0,1
2021-06-20T00:00:00.000Z,פולין,48,1,49
2021-06-20T00:00:00.000Z,פורטוגל,21,1,22
2021-06-20T00:00:00.000Z,פיליפינים,0,7,7
2021-06-20T00:00:00.000Z,פינלנד,1,1,2
2021-06-20T00:00:00.000Z,פנמה,2,0,2
2021-06-20T00:00:00.000Z,צכיה,73,6,79
2021-06-20T00:00:00.000Z,צרפת,281,235,516
2021-06-20T00:00:00.000Z,קוסטה ריקה,3,2,5
2021-06-20T00:00:00.000Z,קוריאה הדרומית,1,0,1
2021-06-20T00:00:00.000Z,קזחסטאן,0,8,8
2021-06-20T00:00:00.000Z,קנדה,9,110,119
2021-06-20T00:00:00.000Z,אוסטריה,238,15,253
2021-06-20T00:00:00.000Z,אוסטרליה,1,6,7
2021-06-20T00:00:00.000Z,אוקראינה,235,157,392
2021-06-20T00:00:00.000Z,אורגוואי,0,2,2
2021-06-20T00:00:00.000Z,אזרביג'אן,1,3,4
2021-06-20T00:00:00.000Z,איטליה,169,32,201
2021-06-20T00:00:00.000Z,איי טורקס וקייקוס,2,0,2
2021-06-20T00:00:00.000Z,איי סיישל,132,9,141
2021-06-20T00:00:00.000Z,איי קייפ וורדה,1,0,1
2021-06-20T00:00:00.000Z,איסלנד,14,0,14
2021-06-20T00:00:00.000Z,אירלנד,0,1,1
2021-06-20T00:00:00.000Z,אנטיגואה וברבודה,2,0,2
2021-06-20T00:00:00.000Z,ארמניה,2,2,4
2021-06-20T00:00:00.000Z,ארצות הברית,495,785,1280
2021-06-20T00:00:00.000Z,קפריסין,746,36,782
2021-06-20T00:00:00.000Z,קרואטיה,13,0,13
2021-06-20T00:00:00.000Z,רומניה,9,3,12
2021-06-20T00:00:00.000Z,בולגריה,549,28,577
2021-06-20T00:00:00.000Z,רוסיה,88,98,186
2021-06-20T00:00:00.000Z,בוסניה הרצגובינה,5,2,7
2021-06-20T00:00:00.000Z,שוויץ,99,56,155
2021-06-20T00:00:00.000Z,תאילנד,1,6,7
2021-06-20T00:00:00.000Z,תורכיה,830,167,997
2021-06-20T00:00:00.000Z,תורכמניסטאן,9,1,10
2021-06-20T00:00:00.000Z,בילורוסיה,140,16,156
2021-06-20T00:00:00.000Z,בלגיה,57,44,101
2021-06-20T00:00:00.000Z,ברזיל,2,2,4
2021-06-20T00:00:00.000Z,גאורגיה,652,18,670
2021-06-20T00:00:00.000Z,גאנה,2,0,2
2021-06-20T00:00:00.000Z,גווטאמלה,1,0,1
2021-06-20T00:00:00.000Z,גיברלטר,1,0,1
2021-06-20T00:00:00.000Z,גרמניה,288,118,406
2021-06-20T00:00:00.000Z,דנמרק,14,6,20
2021-06-20T00:00:00.000Z,דרום אפריקה,1,0,1
2021-06-20T00:00:00.000Z,הולנד,154,26,180
2021-06-20T00:00:00.000Z,הונג קונג,1,1,2
2021-06-20T00:00:00.000Z,הונגריה,197,44,241
2021-06-20T00:00:00.000Z,הממלכה המאוחדת,318,336,654
2021-06-20T00:00:00.000Z,ויטנאם,0,2,2
2021-06-20T00:00:00.000Z,ונצואלה,0,1,1
2021-06-20T00:00:00.000Z,טיוואן,1,0,1
2021-06-20T00:00:00.000Z,טנזניה,1,0,1
2021-06-20T00:00:00.000Z,יוון,3182,118,3300
2021-06-20T00:00:00.000Z,יפן,1,9,10
2021-06-20T00:00:00.000Z,ירדן,124,52,176
2021-06-20T00:00:00.000Z,כלל המדינות,11847,3419,15266
2021-06-20T00:00:00.000Z,ליטא,2,3,5
2021-06-20T00:00:00.000Z,מאוריציוס,1,0,1
2021-06-20T00:00:00.000Z,מולדובה,132,74,206
2021-06-20T00:00:00.000Z,מונטנגרו,2,0,2
2021-06-20T00:00:00.000Z,מלדיבים,7,1,8
2021-06-21T00:00:00.000Z,איסלנד,26,0,26
2021-06-21T00:00:00.000Z,נורבגיה,0,2,2
2021-06-21T00:00:00.000Z,תורכמניסטאן,12,1,13
2021-06-21T00:00:00.000Z,תורכיה,295,63,358
2021-06-21T00:00:00.000Z,מרוקו,3,3,6
2021-06-21T00:00:00.000Z,מקסיקו,5,12,17
2021-06-21T00:00:00.000Z,מקדוניה,1,0,1
2021-06-21T00:00:00.000Z,מצרים,635,68,703
2021-06-21T00:00:00.000Z,מלדיבים,24,0,24
2021-06-21T00:00:00.000Z,מונקו,1,0,1
2021-06-21T00:00:00.000Z,מונטנגרו,142,7,149
2021-06-21T00:00:00.000Z,מוזמביק,2,0,2
2021-06-21T00:00:00.000Z,ליטא,18,1,19
2021-06-21T00:00:00.000Z,לוכסמבורג,1,0,1
2021-06-21T00:00:00.000Z,כלל המדינות,10749,4094,14843
2021-06-21T00:00:00.000Z,ירדן,80,68,148
2021-06-21T00:00:00.000Z,יוון,2329,90,2419
2021-06-21T00:00:00.000Z,טנזניה,5,0,5
2021-06-21T00:00:00.000Z,טיוואן,0,2,2
2021-06-21T00:00:00.000Z,זימבאבווה,18,0,18
2021-06-21T00:00:00.000Z,זאיר,1,0,1
2021-06-21T00:00:00.000Z,הרפ הדומיניקנית,2,0,2
2021-06-21T00:00:00.000Z,הממלכה המאוחדת,327,215,542
2021-06-21T00:00:00.000Z,הונדורס,1,6,7
2021-06-21T00:00:00.000Z,הונגריה,98,16,114
2021-06-21T00:00:00.000Z,הונג קונג,3,0,3
2021-06-21T00:00:00.000Z,הולנד,246,34,280
2021-06-21T00:00:00.000Z,הודו,40,10,50
2021-06-21T00:00:00.000Z,דרום סודאן,2,0,2
2021-06-21T00:00:00.000Z,דרום אפריקה,1,7,8
2021-06-21T00:00:00.000Z,דנמרק,7,0,7
2021-06-21T00:00:00.000Z,גרנדה,1,0,1
2021-06-21T00:00:00.000Z,גרמניה,303,189,492
2021-06-21T00:00:00.000Z,גווטאמלה,1,0,1
2021-06-21T00:00:00.000Z,גאנה,5,8,13
2021-06-21T00:00:00.000Z,גאורגיה,685,40,725
2021-06-21T00:00:00.000Z,ברזיל,0,3,3
2021-06-21T00:00:00.000Z,בלגיה,54,43,97
2021-06-21T00:00:00.000Z,בוסניה הרצגובינה,13,2,15
2021-06-21T00:00:00.000Z,בולגריה,336,13,349
2021-06-21T00:00:00.000Z,בוטסואנה,1,0,1
2021-06-21T00:00:00.000Z,אתיופיה,29,42,71
2021-06-21T00:00:00.000Z,ארצות הברית,868,1506,2374
2021-06-21T00:00:00.000Z,ארגנטינה,1,0,1
2021-06-21T00:00:00.000Z,אקואדור,2,1,3
2021-06-21T00:00:00.000Z,אסטוניה,0,1,1
2021-06-21T00:00:00.000Z,אלבניה,40,0,40
2021-06-21T00:00:00.000Z,אירלנד,3,1,4
2021-06-21T00:00:00.000Z,איחוד האמירויות הערב,412,45,457
2021-06-21T00:00:00.000Z,איי סיישל,14,4,18
2021-06-21T00:00:00.000Z,איי טורקס וקייקוס,7,0,7
2021-06-21T00:00:00.000Z,איטליה,327,66,393
2021-06-21T00:00:00.000Z,אזרביג'אן,1,0,1
2021-06-21T00:00:00.000Z,אורגוואי,1,1,2
2021-06-21T00:00:00.000Z,אוקראינה,126,86,212
2021-06-21T00:00:00.000Z,אוסטרליה,0,1,1
2021-06-21T00:00:00.000Z,אוסטריה,201,38,239
2021-06-21T00:00:00.000Z,אוזבקיסטן,25,73,98
2021-06-21T00:00:00.000Z,אוגנדה,1,1,2
2021-06-21T00:00:00.000Z,תאילנד,1,1,2
2021-06-21T00:00:00.000Z,שוויץ,108,29,137
2021-06-21T00:00:00.000Z,שוודיה,7,0,7
2021-06-21T00:00:00.000Z,רוסיה,76,96,172
2021-06-21T00:00:00.000Z,רומניה,265,49,314
2021-06-21T00:00:00.000Z,רואנדה,2,0,2
2021-06-21T00:00:00.000Z,קרואטיה,10,5,15
2021-06-21T00:00:00.000Z,קפריסין,520,45,565
2021-06-21T00:00:00.000Z,קניה,9,13,22
2021-06-21T00:00:00.000Z,קנדה,1,7,8
2021-06-21T00:00:00.000Z,קמרון,1,0,1
2021-06-21T00:00:00.000Z,קירג'זסטאן,1,0,1
2021-06-21T00:00:00.000Z,קזחסטאן,0,2,2
2021-06-21T00:00:00.000Z,קוסטה ריקה,4,1,5
2021-06-21T00:00:00.000Z,קולומביה,7,2,9
2021-06-21T00:00:00.000Z,קובה,0,4,4
2021-06-21T00:00:00.000Z,צרפת,384,210,594
2021-06-21T00:00:00.000Z,צכיה,7,1,8
2021-06-21T00:00:00.000Z,צ'ילה,1,3,4
2021-06-21T00:00:00.000Z,פרו,3,2,5
2021-06-21T00:00:00.000Z,פרגוואי,0,1,1
2021-06-21T00:00:00.000Z,פנמה,3,15,18
2021-06-21T00:00:00.000Z,פינלנד,2,3,5
2021-06-21T00:00:00.000Z,פיליפינים,1,5,6
2021-06-21T00:00:00.000Z,פורטוגל,16,10,26
2021-06-21T00:00:00.000Z,פולין,41,19,60
2021-06-21T00:00:00.000Z,סרי לנקה (צילון),2,3,5
2021-06-21T00:00:00.000Z,סרביה,7,2,9
2021-06-21T00:00:00.000Z,ספרד,283,52,335
2021-06-21T00:00:00.000Z,סינגפור,0,11,11
2021-06-21T00:00:00.000Z,סין,1,0,1
2021-06-21T00:00:00.000Z,סוריה,0,1,1
2021-06-21T00:00:00.000Z,ניקרגואה,1,0,1
2021-06-21T00:00:00.000Z,ניו זילנד,0,1,1
2021-06-21T00:00:00.000Z,ניגריה,6,2,8
2021-06-21T00:00:00.000Z,ניגר,0,1,1
2021-06-22T00:00:00.000Z,הממלכה המאוחדת,177,195,372
2021-06-22T00:00:00.000Z,הולנד,106,10,116
2021-06-22T00:00:00.000Z,הונגריה,45,18,63
2021-06-22T00:00:00.000Z,הונדורס,0,24,24
2021-06-22T00:00:00.000Z,הרפ הדומיניקנית,3,0,3
2021-06-22T00:00:00.000Z,זמביה,0,5,5
2021-06-22T00:00:00.000Z,טוגו,1,0,1
2021-06-22T00:00:00.000Z,טנזניה,1,3,4
2021-06-22T00:00:00.000Z,יוון,979,77,1056
2021-06-22T00:00:00.000Z,יפן,1,1,2
2021-06-22T00:00:00.000Z,ירדן,36,22,58
2021-06-22T00:00:00.000Z,כלל המדינות,6064,3329,9393
2021-06-22T00:00:00.000Z,לבנון,0,1,1
2021-06-22T00:00:00.000Z,לטביה,20,24,44
2021-06-22T00:00:00.000Z,ליטא,8,1,9
2021-06-22T00:00:00.000Z,מולדובה,65,38,103
2021-06-22T00:00:00.000Z,מלדיבים,6,0,6
2021-06-22T00:00:00.000Z,מצרים,327,45,372
2021-06-22T00:00:00.000Z,מקסיקו,1,12,13
2021-06-22T00:00:00.000Z,מרוקו,0,3,3
2021-06-22T00:00:00.000Z,נורבגיה,0,1,1
2021-06-22T00:00:00.000Z,ניגריה,2,4,6
2021-06-22T00:00:00.000Z,סוריה,6,0,6
2021-06-22T00:00:00.000Z,אוגנדה,1,0,1
2021-06-22T00:00:00.000Z,אוסטריה,6,2,8
2021-06-22T00:00:00.000Z,אוקראינה,75,54,129
2021-06-22T00:00:00.000Z,אורגוואי,2,3,5
2021-06-22T00:00:00.000Z,אזרביג'אן,1,6,7
2021-06-22T00:00:00.000Z,איטליה,99,12,111
2021-06-22T00:00:00.000Z,סלובניה,3,0,3
2021-06-22T00:00:00.000Z,ספרד,48,40,88
2021-06-22T00:00:00.000Z,סרביה,1,0,1
2021-06-22T00:00:00.000Z,תורכמניסטאן,2,3,5
2021-06-22T00:00:00.000Z,תורכיה,597,189,786
2021-06-22T00:00:00.000Z,תוניסיה,2,0,2
2021-06-22T00:00:00.000Z,תאילנד,0,2,2
2021-06-22T00:00:00.000Z,שוויץ,9,4,13
2021-06-22T00:00:00.000Z,שוודיה,0,6,6
2021-06-22T00:00:00.000Z,רוסיה,14,33,47
2021-06-22T00:00:00.000Z,רומניה,3,0,3
2021-06-22T00:00:00.000Z,קרואטיה,16,0,16
2021-06-22T00:00:00.000Z,קפריסין,351,30,381
2021-06-22T00:00:00.000Z,קניה,2,3,5
2021-06-22T00:00:00.000Z,קנדה,0,3,3
2021-06-22T00:00:00.000Z,קמרון,1,0,1
2021-06-22T00:00:00.000Z,סרי לנקה (צילון),0,3,3
2021-06-22T00:00:00.000Z,עירק,2,2,4
2021-06-22T00:00:00.000Z,פולין,152,40,192
2021-06-22T00:00:00.000Z,פורטוגל,11,6,17
2021-06-22T00:00:00.000Z,איי הבתולה,0,2,2
2021-06-22T00:00:00.000Z,איסלנד,25,0,25
2021-06-22T00:00:00.000Z,אירלנד,0,1,1
2021-06-22T00:00:00.000Z,אלבניה,3,0,3
2021-06-22T00:00:00.000Z,אסטוניה,4,2,6
2021-06-22T00:00:00.000Z,ארגנטינה,2,10,12
2021-06-22T00:00:00.000Z,ארמניה,1,0,1
2021-06-22T00:00:00.000Z,ארצות הברית,779,1351,2130
2021-06-22T00:00:00.000Z,ויטנאם,3,0,3
2021-06-22T00:00:00.000Z,אתיופיה,6,6,12
2021-06-22T00:00:00.000Z,בולגריה,219,12,231
2021-06-22T00:00:00.000Z,פיליפינים,0,19,19
2021-06-22T00:00:00.000Z,פינלנד,1,0,1
2021-06-22T00:00:00.000Z,פנמה,3,0,3
2021-06-22T00:00:00.000Z,צ'ילה,0,28,28
2021-06-22T00:00:00.000Z,צכיה,3,0,3
2021-06-22T00:00:00.000Z,צרפת,287,143,430
2021-06-22T00:00:00.000Z,קולומביה,0,1,1
2021-06-22T00:00:00.000Z,קוסטה ריקה,13,1,14
2021-06-22T00:00:00.000Z,קוריאה הדרומית,1,0,1
2021-06-22T00:00:00.000Z,קירג'זסטאן,4,0,4
2021-06-22T00:00:00.000Z,בוליביה,1,0,1
2021-06-22T00:00:00.000Z,בוסניה הרצגובינה,2,1,3
2021-06-22T00:00:00.000Z,בילורוסיה,67,67,134
2021-06-22T00:00:00.000Z,בלגיה,71,61,132
2021-06-22T00:00:00.000Z,ברזיל,2,21,23
2021-06-22T00:00:00.000Z,גאורגיה,222,14,236
2021-06-22T00:00:00.000Z,גרמניה,327,65,392
2021-06-22T00:00:00.000Z,איחוד האמירויות הערב,105,18,123
2021-06-22T00:00:00.000Z,דנמרק,2,0,2
2021-06-22T00:00:00.000Z,דרום אפריקה,1,2,3
2021-06-22T00:00:00.000Z,דרום סודאן,1,0,1
2021-06-22T00:00:00.000Z,האנטילים ההולנדים,1,0,1
2021-06-23T00:00:00.000Z,פינלנד,10,4,14
2021-06-23T00:00:00.000Z,גאנה,2,10,12
2021-06-23T00:00:00.000Z,איחוד האמירויות הערב,153,26,179
2021-06-23T00:00:00.000Z,סרביה,3,2,5
2021-06-23T00:00:00.000Z,ספרד,81,25,106
2021-06-23T00:00:00.000Z,סלובניה,5,1,6
2021-06-23T00:00:00.000Z,סינגפור,2,5,7
2021-06-23T00:00:00.000Z,סין,4,12,16
2021-06-23T00:00:00.000Z,נפאל,2,0,2
2021-06-23T00:00:00.000Z,ניגריה,8,0,8
2021-06-23T00:00:00.000Z,מרוקו,4,5,9
2021-06-23T00:00:00.000Z,מקסיקו,3,5,8
2021-06-23T00:00:00.000Z,מקדוניה,2,0,2
2021-06-23T00:00:00.000Z,מצרים,211,63,274
2021-06-23T00:00:00.000Z,מלדיבים,24,3,27
2021-06-23T00:00:00.000Z,מונטנגרו,171,2,173
2021-06-23T00:00:00.000Z,לטביה,2,0,2
2021-06-23T00:00:00.000Z,לוכסמבורג,0,2,2
2021-06-23T00:00:00.000Z,כלל המדינות,6068,4067,10135
2021-06-23T00:00:00.000Z,ירדן,98,37,135
2021-06-23T00:00:00.000Z,יוון,552,45,597
2021-06-23T00:00:00.000Z,טנזניה,142,2,144
2021-06-23T00:00:00.000Z,זמביה,0,1,1
2021-06-23T00:00:00.000Z,זימבאבווה,0,1,1
2021-06-23T00:00:00.000Z,ונצואלה,0,2,2
2021-06-23T00:00:00.000Z,ויטנאם,0,1,1
2021-06-23T00:00:00.000Z,הרפ הדומיניקנית,2,0,2
2021-06-23T00:00:00.000Z,הממלכה המאוחדת,217,241,458
2021-06-23T00:00:00.000Z,הונגריה,63,28,91
2021-06-23T00:00:00.000Z,הונג קונג,1,3,4
2021-06-23T00:00:00.000Z,הולנד,102,29,131
2021-06-23T00:00:00.000Z,האנטילים ההולנדים,2,0,2
2021-06-23T00:00:00.000Z,דרום אפריקה,3,1,4
2021-06-23T00:00:00.000Z,דנמרק,4,4,8
2021-06-23T00:00:00.000Z,גרנדה,1,0,1
2021-06-23T00:00:00.000Z,גרמניה,208,93,301
2021-06-23T00:00:00.000Z,אוגנדה,4,4,8
2021-06-23T00:00:00.000Z,אוזבקיסטן,1,1,2
2021-06-23T00:00:00.000Z,אוסטריה,171,44,215
2021-06-23T00:00:00.000Z,אוסטרליה,2,2,4
2021-06-23T00:00:00.000Z,אוקראינה,119,321,440
2021-06-23T00:00:00.000Z,אורגוואי,0,1,1
2021-06-23T00:00:00.000Z,אזרביג'אן,3,4,7
2021-06-23T00:00:00.000Z,איטליה,54,15,69
2021-06-23T00:00:00.000Z,איי סיישל,39,2,41
2021-06-23T00:00:00.000Z,איסלנד,1,0,1
2021-06-23T00:00:00.000Z,אלבניה,2,1,3
2021-06-23T00:00:00.000Z,ארמניה,1,0,1
2021-06-23T00:00:00.000Z,ארצות הברית,773,1462,2235
2021-06-23T00:00:00.000Z,אתיופיה,10,2,12
2021-06-23T00:00:00.000Z,בולגריה,160,27,187
2021-06-23T00:00:00.000Z,בוליביה,1,0,1
2021-06-23T00:00:00.000Z,בילורוסיה,29,14,43
2021-06-23T00:00:00.000Z,בלגיה,3,2,5
2021-06-23T00:00:00.000Z,ברזיל,1,12,13
2021-06-23T00:00:00.000Z,גאורגיה,228,19,247
2021-06-23T00:00:00.000Z,ערב הסעודית,0,1,1
2021-06-23T00:00:00.000Z,פולין,78,12,90
2021-06-23T00:00:00.000Z,פורטוגל,5,5,10
2021-06-23T00:00:00.000Z,פיליפינים,0,3,3
2021-06-23T00:00:00.000Z,פנמה,8,0,8
2021-06-23T00:00:00.000Z,פרגוואי,3,0,3
2021-06-23T00:00:00.000Z,צכיה,5,4,9
2021-06-23T00:00:00.000Z,צרפת,228,196,424
2021-06-23T00:00:00.000Z,קולומביה,1,0,1
2021-06-23T00:00:00.000Z,קוסובו,1,0,1
2021-06-23T00:00:00.000Z,תורכמניסטאן,9,6,15
2021-06-23T00:00:00.000Z,תורכיה,542,272,814
2021-06-23T00:00:00.000Z,תוניסיה,3,2,5
2021-06-23T00:00:00.000Z,תאילנד,0,3,3
2021-06-23T00:00:00.000Z,שוויץ,115,31,146
2021-06-23T00:00:00.000Z,שוודיה,7,2,9
2021-06-23T00:00:00.000Z,רוסיה,50,42,92
2021-06-23T00:00:00.000Z,רומניה,250,59,309
2021-06-23T00:00:00.000Z,רואנדה,1,0,1
2021-06-23T00:00:00.000Z,קרואטיה,2,0,2
2021-06-23T00:00:00.000Z,קפריסין,340,29,369
2021-06-23T00:00:00.000Z,קניה,5,0,5
2021-06-23T00:00:00.000Z,קנדה,23,112,135
2021-06-23T00:00:00.000Z,קזחסטאן,1,2,3
2021-06-23T00:00:00.000Z,קוריאה הדרומית,1,12,13
2021-06-23T00:00:00.000Z,קוסטה ריקה,5,0,5
2021-06-24T00:00:00.000Z,פורטוגל,12,8,20
2021-06-24T00:00:00.000Z,דנמרק,9,4,13
2021-06-24T00:00:00.000Z,גינאה המשוונית,1,1,2
2021-06-24T00:00:00.000Z,גויאנה הצרפתית,1,0,1
2021-06-24T00:00:00.000Z,גווטאמלה,1,2,3
2021-06-24T00:00:00.000Z,גבון,2,0,2
2021-06-24T00:00:00.000Z,איחוד האמירויות הערב,125,26,151
2021-06-24T00:00:00.000Z,גאנה,7,5,12
2021-06-24T00:00:00.000Z,גאורגיה,799,43,842
2021-06-24T00:00:00.000Z,ברזיל,3,0,3
2021-06-24T00:00:00.000Z,בלגיה,58,79,137
2021-06-24T00:00:00.000Z,דרום אפריקה,4,13,17
2021-06-24T00:00:00.000Z,האיטי,1,0,1
2021-06-24T00:00:00.000Z,הולנד,78,30,108
2021-06-24T00:00:00.000Z,הונג קונג,1,0,1
2021-06-24T00:00:00.000Z,הונגריה,241,15,256
2021-06-24T00:00:00.000Z,הממלכה המאוחדת,321,257,578
2021-06-24T00:00:00.000Z,הרפ הדומיניקנית,2,0,2
2021-06-24T00:00:00.000Z,זאיר,1,0,1
2021-06-24T00:00:00.000Z,חוף השנהב,4,1,5
2021-06-24T00:00:00.000Z,טג'יקיסטאן,2,0,2
2021-06-24T00:00:00.000Z,טוגו,3,0,3
2021-06-24T00:00:00.000Z,טיוואן,1,0,1
2021-06-24T00:00:00.000Z,טנזניה,7,1,8
2021-06-24T00:00:00.000Z,יוון,2135,172,2307
2021-06-24T00:00:00.000Z,ירדן,59,73,132
2021-06-24T00:00:00.000Z,כלל המדינות,10078,4740,14818
2021-06-24T00:00:00.000Z,לבנון,0,1,1
2021-06-24T00:00:00.000Z,ליטא,8,0,8
2021-06-24T00:00:00.000Z,מאלי,0,2,2
2021-06-24T00:00:00.000Z,מולדובה,93,71,164
2021-06-24T00:00:00.000Z,מלדיבים,25,2,27
2021-06-24T00:00:00.000Z,מלטה,0,1,1
2021-06-24T00:00:00.000Z,מצרים,348,54,402
2021-06-24T00:00:00.000Z,מקסיקו,1,3,4
2021-06-24T00:00:00.000Z,מרוקו,7,1,8
2021-06-24T00:00:00.000Z,ניגר,1,1,2
2021-06-24T00:00:00.000Z,ניגריה,7,6,13
2021-06-24T00:00:00.000Z,ניו זילנד,1,0,1
2021-06-24T00:00:00.000Z,סודן,0,1,1
2021-06-24T00:00:00.000Z,סווזילנד,1,0,1
2021-06-24T00:00:00.000Z,סין,1,1,2
2021-06-24T00:00:00.000Z,סלובניה,2,0,2
2021-06-24T00:00:00.000Z,ספרד,133,44,177
2021-06-24T00:00:00.000Z,סרביה,12,3,15
2021-06-24T00:00:00.000Z,ערב הסעודית,1,0,1
2021-06-24T00:00:00.000Z,פולין,70,8,78
2021-06-24T00:00:00.000Z,גרמניה,180,82,262
2021-06-24T00:00:00.000Z,פיליפינים,0,26,26
2021-06-24T00:00:00.000Z,פינלנד,2,2,4
2021-06-24T00:00:00.000Z,פלאו,1,0,1
2021-06-24T00:00:00.000Z,פנמה,1,5,6
2021-06-24T00:00:00.000Z,פרו,8,2,10
2021-06-24T00:00:00.000Z,בילורוסיה,58,31,89
2021-06-24T00:00:00.000Z,בוסניה הרצגובינה,2,0,2
2021-06-24T00:00:00.000Z,בוליביה,2,0,2
2021-06-24T00:00:00.000Z,בולגריה,440,25,465
2021-06-24T00:00:00.000Z,אתיופיה,23,3,26
2021-06-24T00:00:00.000Z,ארצות הברית,830,1416,2246
2021-06-24T00:00:00.000Z,ארמניה,3,3,6
2021-06-24T00:00:00.000Z,ארגנטינה,2,3,5
2021-06-24T00:00:00.000Z,אלבניה,59,6,65
2021-06-24T00:00:00.000Z,אל סלבדור,1,0,1
2021-06-24T00:00:00.000Z,אירלנד,1,0,1
2021-06-24T00:00:00.000Z,איסלנד,39,0,39
2021-06-24T00:00:00.000Z,איי טורקס וקייקוס,2,1,3
2021-06-24T00:00:00.000Z,איטליה,280,59,339
2021-06-24T00:00:00.000Z,אזרביג'אן,5,1,6
2021-06-24T00:00:00.000Z,אוקראינה,175,232,407
2021-06-24T00:00:00.000Z,אוסטרליה,1,1,2
2021-06-24T00:00:00.000Z,אוסטריה,188,48,236
2021-06-24T00:00:00.000Z,אוזבקיסטן,2,1,3
2021-06-24T00:00:00.000Z,אוגנדה,7,0,7
2021-06-24T00:00:00.000Z,תורכמניסטאן,4,0,4
2021-06-24T00:00:00.000Z,תורכיה,692,228,920
2021-06-24T00:00:00.000Z,תאילנד,4,264,268
2021-06-24T00:00:00.000Z,שוויץ,75,32,107
2021-06-24T00:00:00.000Z,שוודיה,10,6,16
2021-06-24T00:00:00.000Z,רוסיה,68,133,201
2021-06-24T00:00:00.000Z,רומניה,58,17,75
2021-06-24T00:00:00.000Z,רואנדה,1,1,2
2021-06-24T00:00:00.000Z,קרואטיה,7,1,8
2021-06-24T00:00:00.000Z,קפריסין,606,132,738
2021-06-24T00:00:00.000Z,קניה,19,2,21
2021-06-24T00:00:00.000Z,קנדה,0,2,2
2021-06-24T00:00:00.000Z,קמרון,0,1,1
2021-06-24T00:00:00.000Z,קירג'זסטאן,3,0,3
2021-06-24T00:00:00.000Z,קזחסטאן,5,4,9
2021-06-24T00:00:00.000Z,קוריאה הדרומית,1,0,1
2021-06-24T00:00:00.000Z,קוסטה ריקה,4,1,5
2021-06-24T00:00:00.000Z,קונגו,2,0,2
2021-06-24T00:00:00.000Z,קולומביה,0,7,7
2021-06-24T00:00:00.000Z,צרפת,420,234,654
2021-06-24T00:00:00.000Z,צכיה,78,16,94
2021-06-25T00:00:00.000Z,טנזניה,2,0,2
2021-06-25T00:00:00.000Z,יוון,1465,117,1582
2021-06-25T00:00:00.000Z,ירדן,0,12,12
2021-06-25T00:00:00.000Z,כלל המדינות,9905,3588,13493
2021-06-25T00:00:00.000Z,לטביה,1,0,1
2021-06-25T00:00:00.000Z,ליטא,27,5,32
2021-06-25T00:00:00.000Z,מאוריציוס,6,0,6
2021-06-25T00:00:00.000Z,מאלי,2,0,2
2021-06-25T00:00:00.000Z,מונטנגרו,119,9,128
2021-06-25T00:00:00.000Z,מלדיבים,25,2,27
2021-06-25T00:00:00.000Z,מלטה,2,0,2
2021-06-25T00:00:00.000Z,מצרים,239,49,288
2021-06-25T00:00:00.000Z,מקדוניה,0,1,1
2021-06-25T00:00:00.000Z,מקסיקו,5,0,5
2021-06-25T00:00:00.000Z,מרוקו,8,0,8
2021-06-25T00:00:00.000Z,נורבגיה,0,1,1
2021-06-25T00:00:00.000Z,ניגריה,10,0,10
2021-06-25T00:00:00.000Z,ניו זילנד,0,1,1
2021-06-25T00:00:00.000Z,נפאל,1,2,3
2021-06-25T00:00:00.000Z,סודן,1,0,1
2021-06-25T00:00:00.000Z,סוריה,3,1,4
2021-06-25T00:00:00.000Z,סין,8,196,204
2021-06-25T00:00:00.000Z,סלובניה,5,0,5
2021-06-25T00:00:00.000Z,סנגל,2,0,2
2021-06-25T00:00:00.000Z,ספרד,119,33,152
2021-06-25T00:00:00.000Z,סרביה,22,8,30
2021-06-25T00:00:00.000Z,פולין,109,37,146
2021-06-25T00:00:00.000Z,פורטוגל,27,1,28
2021-06-25T00:00:00.000Z,פיליפינים,0,1,1
2021-06-25T00:00:00.000Z,פינלנד,5,4,9
2021-06-25T00:00:00.000Z,פרו,0,1,1
2021-06-25T00:00:00.000Z,צכיה,5,4,9
2021-06-25T00:00:00.000Z,צרפת,231,75,306
2021-06-25T00:00:00.000Z,קולומביה,1,0,1
2021-06-25T00:00:00.000Z,קוסטה ריקה,5,5,10
2021-06-25T00:00:00.000Z,קוריאה הדרומית,1,0,1
2021-06-25T00:00:00.000Z,קטר,1,0,1
2021-06-25T00:00:00.000Z,קנדה,16,60,76
2021-06-25T00:00:00.000Z,תורכמניסטאן,5,2,7
2021-06-25T00:00:00.000Z,איחוד האמירויות הערב,222,23,245
2021-06-25T00:00:00.000Z,קפריסין,513,107,620
2021-06-25T00:00:00.000Z,קרואטיה,16,1,17
2021-06-25T00:00:00.000Z,רומניה,191,66,257
2021-06-25T00:00:00.000Z,רוסיה,109,49,158
2021-06-25T00:00:00.000Z,שוודיה,4,4,8
2021-06-25T00:00:00.000Z,שוויץ,150,52,202
2021-06-25T00:00:00.000Z,תאילנד,2,13,15
2021-06-25T00:00:00.000Z,אוזבקיסטן,2,0,2
2021-06-25T00:00:00.000Z,אוסטריה,364,41,405
2021-06-25T00:00:00.000Z,אוסטרליה,1,3,4
2021-06-25T00:00:00.000Z,אוקראינה,145,120,265
2021-06-25T00:00:00.000Z,אורגוואי,0,9,9
2021-06-25T00:00:00.000Z,אזרביג'אן,5,0,5
2021-06-25T00:00:00.000Z,איטליה,271,38,309
2021-06-25T00:00:00.000Z,איי טורקס וקייקוס,0,1,1
2021-06-25T00:00:00.000Z,איי סיישל,1,0,1
2021-06-25T00:00:00.000Z,איסלנד,19,0,19
2021-06-25T00:00:00.000Z,אירלנד,1,0,1
2021-06-25T00:00:00.000Z,אל סלבדור,1,1,2
2021-06-25T00:00:00.000Z,אנגולה,2,0,2
2021-06-25T00:00:00.000Z,ארמניה,3,5,8
2021-06-25T00:00:00.000Z,ארצות הברית,1103,1131,2234
2021-06-25T00:00:00.000Z,בולגריה,172,15,187
2021-06-25T00:00:00.000Z,בוסניה הרצגובינה,1,0,1
2021-06-25T00:00:00.000Z,בילורוסיה,31,15,46
2021-06-25T00:00:00.000Z,בלגיה,102,38,140
2021-06-25T00:00:00.000Z,ברזיל,0,1,1
2021-06-25T00:00:00.000Z,גאורגיה,845,72,917
2021-06-25T00:00:00.000Z,גאנה,4,0,4
2021-06-25T00:00:00.000Z,גווטאמלה,1,0,1
2021-06-25T00:00:00.000Z,גמביה,2,0,2
2021-06-25T00:00:00.000Z,תורכיה,874,237,1111
2021-06-25T00:00:00.000Z,דנמרק,11,4,15
2021-06-25T00:00:00.000Z,הודו,4,0,4
2021-06-25T00:00:00.000Z,הולנד,225,30,255
2021-06-25T00:00:00.000Z,הונגריה,428,30,458
2021-06-25T00:00:00.000Z,הממלכה המאוחדת,244,142,386
2021-06-25T00:00:00.000Z,הרפ הדומיניקנית,3,0,3
2021-06-25T00:00:00.000Z,ונצואלה,1,1,2
2021-06-25T00:00:00.000Z,גרמניה,396,127,523
2021-06-26T00:00:00.000Z,איחוד האמירויות הערב,88,25,113
2021-06-26T00:00:00.000Z,תורכיה,660,96,756
2021-06-26T00:00:00.000Z,תאילנד,3,0,3
2021-06-26T00:00:00.000Z,שוויץ,46,11,57
2021-06-26T00:00:00.000Z,שוודיה,5,8,13
2021-06-26T00:00:00.000Z,רוסיה,4,2,6
2021-06-26T00:00:00.000Z,רומניה,122,21,143
2021-06-26T00:00:00.000Z,רואנדה,2,1,3
2021-06-26T00:00:00.000Z,קרואטיה,8,0,8
2021-06-26T00:00:00.000Z,קפריסין,293,28,321
2021-06-26T00:00:00.000Z,קניה,8,8,16
2021-06-26T00:00:00.000Z,קנדה,0,2,2
2021-06-26T00:00:00.000Z,קמרון,0,1,1
2021-06-26T00:00:00.000Z,קוריאה הדרומית,2,4,6
2021-06-26T00:00:00.000Z,קוסטה ריקה,3,11,14
2021-06-26T00:00:00.000Z,קולומביה,0,1,1
2021-06-26T00:00:00.000Z,צרפת,93,24,117
2021-06-26T00:00:00.000Z,צכיה,4,5,9
2021-06-26T00:00:00.000Z,פנמה,1,0,1
2021-06-26T00:00:00.000Z,פינלנד,4,1,5
2021-06-26T00:00:00.000Z,פיליפינים,1,7,8
2021-06-26T00:00:00.000Z,פורטוגל,25,1,26
2021-06-26T00:00:00.000Z,פורטו ריקו,0,3,3
2021-06-26T00:00:00.000Z,פולין,123,10,133
2021-06-26T00:00:00.000Z,סרביה,3,2,5
2021-06-26T00:00:00.000Z,ספרד,8,3,11
2021-06-26T00:00:00.000Z,סינגפור,1,9,10
2021-06-26T00:00:00.000Z,סין,0,5,5
2021-06-26T00:00:00.000Z,נמיביה,0,4,4
2021-06-26T00:00:00.000Z,ניגריה,4,14,18
2021-06-26T00:00:00.000Z,נורבגיה,0,6,6
2021-06-26T00:00:00.000Z,מרוקו,2,0,2
2021-06-26T00:00:00.000Z,מצרים,593,96,689
2021-06-26T00:00:00.000Z,מלדיבים,20,2,22
2021-06-26T00:00:00.000Z,מונטנגרו,2,0,2
2021-06-26T00:00:00.000Z,מאלי,2,0,2
2021-06-26T00:00:00.000Z,ליטא,15,1,16
2021-06-26T00:00:00.000Z,לטביה,3,1,4
2021-06-26T00:00:00.000Z,לוכסמבורג,2,8,10
2021-06-26T00:00:00.000Z,תורכמניסטאן,6,2,8
2021-06-26T00:00:00.000Z,ירדן,0,8,8
2021-06-26T00:00:00.000Z,יפן,1,2,3
2021-06-26T00:00:00.000Z,יוון,982,55,1037
2021-06-26T00:00:00.000Z,טנזניה,2,4,6
2021-06-26T00:00:00.000Z,חוף השנהב,3,2,5
2021-06-26T00:00:00.000Z,זמביה,2,0,2
2021-06-26T00:00:00.000Z,זאיר,1,0,1
2021-06-26T00:00:00.000Z,הרפ הדומיניקנית,2,0,2
2021-06-26T00:00:00.000Z,הממלכה המאוחדת,46,49,95
2021-06-26T00:00:00.000Z,הונגריה,84,5,89
2021-06-26T00:00:00.000Z,הונג קונג,0,2,2
2021-06-26T00:00:00.000Z,הולנד,181,17,198
2021-06-26T00:00:00.000Z,דרום סודאן,2,0,2
2021-06-26T00:00:00.000Z,דרום אפריקה,0,14,14
2021-06-26T00:00:00.000Z,דנמרק,6,9,15
2021-06-26T00:00:00.000Z,גרמניה,200,70,270
2021-06-26T00:00:00.000Z,גאנה,7,5,12
2021-06-26T00:00:00.000Z,גאורגיה,128,7,135
2021-06-26T00:00:00.000Z,בלגיה,2,2,4
2021-06-26T00:00:00.000Z,בורקינה פאסו,1,0,1
2021-06-26T00:00:00.000Z,בוסניה הרצגובינה,1,0,1
2021-06-26T00:00:00.000Z,בולגריה,6,0,6
2021-06-26T00:00:00.000Z,אתיופיה,29,10,39
2021-06-26T00:00:00.000Z,ארצות הברית,448,965,1413
2021-06-26T00:00:00.000Z,ארמניה,4,1,5
2021-06-26T00:00:00.000Z,ארגנטינה,1,0,1
2021-06-26T00:00:00.000Z,אנגולה,1,0,1
2021-06-26T00:00:00.000Z,אלבניה,1,0,1
2021-06-26T00:00:00.000Z,אל סלבדור,0,1,1
2021-06-26T00:00:00.000Z,אירלנד,4,7,11
2021-06-26T00:00:00.000Z,איסלנד,67,2,69
2021-06-26T00:00:00.000Z,איי סיישל,2,0,2
2021-06-26T00:00:00.000Z,איי מרשל,1,0,1
2021-06-26T00:00:00.000Z,איטליה,57,12,69
2021-06-26T00:00:00.000Z,אזרביג'אן,6,0,6
2021-06-26T00:00:00.000Z,אוקראינה,4,2,6
2021-06-26T00:00:00.000Z,אוסטרליה,0,1,1
2021-06-26T00:00:00.000Z,אוסטריה,211,32,243
2021-06-26T00:00:00.000Z,אוגנדה,0,3,3
2021-06-26T00:00:00.000Z,כלל המדינות,4959,2089,7048
2021-06-27T00:00:00.000Z,ליטא,3,2,5
2021-06-27T00:00:00.000Z,לטביה,3,1,4
2021-06-27T00:00:00.000Z,לוכסמבורג,0,1,1
2021-06-27T00:00:00.000Z,כלל המדינות,13405,4010,17415
2021-06-27T00:00:00.000Z,ירדן,140,44,184
2021-06-27T00:00:00.000Z,יפן,0,1,1
2021-06-27T00:00:00.000Z,יוון,3189,153,3342
2021-06-27T00:00:00.000Z,טנזניה,2,0,2
2021-06-27T00:00:00.000Z,חוף השנהב,1,0,1
2021-06-27T00:00:00.000Z,הרפ הדומיניקנית,2,0,2
2021-06-27T00:00:00.000Z,הממלכה המאוחדת,372,206,578
2021-06-27T00:00:00.000Z,הונגריה,256,44,300
2021-06-27T00:00:00.000Z,הונג קונג,2,1,3
2021-06-27T00:00:00.000Z,הולנד,257,31,288
2021-06-27T00:00:00.000Z,הודו,0,1,1
2021-06-27T00:00:00.000Z,דרום אפריקה,0,6,6
2021-06-27T00:00:00.000Z,דנמרק,18,3,21
2021-06-27T00:00:00.000Z,קירג'זסטאן,4,1,5
2021-06-27T00:00:00.000Z,קמבודיה,1,0,1
2021-06-27T00:00:00.000Z,קנדה,9,95,104
2021-06-27T00:00:00.000Z,קפריסין,1072,80,1152
2021-06-27T00:00:00.000Z,קרואטיה,12,1,13
2021-06-27T00:00:00.000Z,רומניה,7,2,9
2021-06-27T00:00:00.000Z,רוסיה,73,140,213
2021-06-27T00:00:00.000Z,שוודיה,4,12,16
2021-06-27T00:00:00.000Z,שוויץ,155,50,205
2021-06-27T00:00:00.000Z,תאילנד,0,1,1
2021-06-27T00:00:00.000Z,תורכיה,1309,385,1694
2021-06-27T00:00:00.000Z,תורכמניסטאן,17,2,19
2021-06-27T00:00:00.000Z,גרמניה,304,107,411
2021-06-27T00:00:00.000Z,גווטאמלה,2,0,2
2021-06-27T00:00:00.000Z,גאורגיה,743,39,782
2021-06-27T00:00:00.000Z,ברזיל,2,8,10
2021-06-27T00:00:00.000Z,בלגיה,68,42,110
2021-06-27T00:00:00.000Z,בילורוסיה,117,25,142
2021-06-27T00:00:00.000Z,בחריין,0,1,1
2021-06-27T00:00:00.000Z,בוסניה הרצגובינה,1,0,1
2021-06-27T00:00:00.000Z,בוליביה,3,0,3
2021-06-27T00:00:00.000Z,פיליפינים,1,6,7
2021-06-27T00:00:00.000Z,פינלנד,5,0,5
2021-06-27T00:00:00.000Z,פנמה,7,0,7
2021-06-27T00:00:00.000Z,איחוד האמירויות הערב,167,39,206
2021-06-27T00:00:00.000Z,סיירה ליאונה,2,0,2
2021-06-27T00:00:00.000Z,סלובניה,6,0,6
2021-06-27T00:00:00.000Z,סנגל,2,0,2
2021-06-27T00:00:00.000Z,ספרד,95,29,124
2021-06-27T00:00:00.000Z,צכיה,133,21,154
2021-06-27T00:00:00.000Z,צרפת,376,260,636
2021-06-27T00:00:00.000Z,קוסטה ריקה,8,1,9
2021-06-27T00:00:00.000Z,קוריאה הדרומית,4,1,5
2021-06-27T00:00:00.000Z,קזחסטאן,2,0,2
2021-06-27T00:00:00.000Z,סינגפור,0,1,1
2021-06-27T00:00:00.000Z,קטר,3,0,3
2021-06-27T00:00:00.000Z,סרביה,7,0,7
2021-06-27T00:00:00.000Z,ערב הסעודית,0,2,2
2021-06-27T00:00:00.000Z,אוקראינה,347,139,486
2021-06-27T00:00:00.000Z,פולין,63,3,66
2021-06-27T00:00:00.000Z,פורטוגל,23,2,25
2021-06-27T00:00:00.000Z,נפאל,0,4,4
2021-06-27T00:00:00.000Z,ניגריה,3,0,3
2021-06-27T00:00:00.000Z,נורבגיה,1,3,4
2021-06-27T00:00:00.000Z,מרוקו,3,1,4
2021-06-27T00:00:00.000Z,מקסיקו,1,1,2
2021-06-27T00:00:00.000Z,מקדוניה,2,0,2
2021-06-27T00:00:00.000Z,מצרים,1016,110,1126
2021-06-27T00:00:00.000Z,מלטה,1,0,1
2021-06-27T00:00:00.000Z,מלדיבים,15,4,19
2021-06-27T00:00:00.000Z,מונטנגרו,6,0,6
2021-06-27T00:00:00.000Z,מולדובה,74,33,107
2021-06-27T00:00:00.000Z,אוגנדה,0,1,1
2021-06-27T00:00:00.000Z,אוזבקיסטן,3,4,7
2021-06-27T00:00:00.000Z,אוסטריה,139,13,152
2021-06-27T00:00:00.000Z,בולגריה,668,32,700
2021-06-27T00:00:00.000Z,אתיופיה,1,0,1
2021-06-27T00:00:00.000Z,ארצות הברית,500,896,1396
2021-06-27T00:00:00.000Z,ארמניה,0,1,1
2021-06-27T00:00:00.000Z,ארגנטינה,1,1,2
2021-06-27T00:00:00.000Z,אלבניה,1,0,1
2021-06-27T00:00:00.000Z,אירלנד,3,6,9
2021-06-27T00:00:00.000Z,איסלנד,11,2,13
2021-06-27T00:00:00.000Z,אינדונזיה,2,0,2
2021-06-27T00:00:00.000Z,איי סיישל,100,8,108
2021-06-27T00:00:00.000Z,איי טורקס וקייקוס,2,1,3
2021-06-27T00:00:00.000Z,איטליה,176,16,192
2021-06-27T00:00:00.000Z,אזרביג'אן,5,1,6
2021-06-27T00:00:00.000Z,אורגוואי,2,2,4
2021-06-27T00:00:00.000Z,מוזמביק,2,0,2
2021-06-27T00:00:00.000Z,אוסטרליה,0,2,2
2021-06-28T00:00:00.000Z,איי סיישל,38,2,40
2021-06-28T00:00:00.000Z,הממלכה המאוחדת,360,175,535
2021-06-28T00:00:00.000Z,איחוד האמירויות הערב,217,35,252
2021-06-28T00:00:00.000Z,הרפ הדומיניקנית,2,0,2
2021-06-28T00:00:00.000Z,זאיר,2,5,7
2021-06-28T00:00:00.000Z,טיוואן,0,2,2
2021-06-28T00:00:00.000Z,טנזניה,8,1,9
2021-06-28T00:00:00.000Z,יוון,2580,152,2732
2021-06-28T00:00:00.000Z,יפן,1,2,3
2021-06-28T00:00:00.000Z,ירדן,30,42,72
2021-06-28T00:00:00.000Z,כלל המדינות,12230,4669,16899
2021-06-28T00:00:00.000Z,לבנון,0,2,2
2021-06-28T00:00:00.000Z,ליטא,10,2,12
2021-06-28T00:00:00.000Z,מאוריציוס,1,0,1
2021-06-28T00:00:00.000Z,מאלי,2,0,2
2021-06-28T00:00:00.000Z,מוזמביק,0,1,1
2021-06-28T00:00:00.000Z,מולדובה,4,3,7
2021-06-28T00:00:00.000Z,מונטנגרו,236,14,250
2021-06-28T00:00:00.000Z,מלדיבים,22,0,22
2021-06-28T00:00:00.000Z,מלטה,1,0,1
2021-06-28T00:00:00.000Z,מצרים,573,81,654
2021-06-28T00:00:00.000Z,מקסיקו,0,5,5
2021-06-28T00:00:00.000Z,מרוקו,3,2,5
2021-06-28T00:00:00.000Z,ניגריה,1,1,2
2021-06-28T00:00:00.000Z,נמיביה,4,1,5
2021-06-28T00:00:00.000Z,סוריה,0,2,2
2021-06-28T00:00:00.000Z,סין,0,4,4
2021-06-28T00:00:00.000Z,סינגפור,3,4,7
2021-06-28T00:00:00.000Z,סלובניה,10,16,26
2021-06-28T00:00:00.000Z,ספרד,260,49,309
2021-06-28T00:00:00.000Z,סרביה,6,2,8
2021-06-28T00:00:00.000Z,סרי לנקה (צילון),1,3,4
2021-06-28T00:00:00.000Z,עירק,0,4,4
2021-06-28T00:00:00.000Z,פולין,51,16,67
2021-06-28T00:00:00.000Z,פורטוגל,19,2,21
2021-06-28T00:00:00.000Z,פיליפינים,0,17,17
2021-06-28T00:00:00.000Z,פינלנד,4,5,9
2021-06-28T00:00:00.000Z,פנמה,1,11,12
2021-06-28T00:00:00.000Z,צכיה,11,0,11
2021-06-28T00:00:00.000Z,צרפת,387,177,564
2021-06-28T00:00:00.000Z,קובה,0,7,7
2021-06-28T00:00:00.000Z,קולומביה,7,5,12
2021-06-28T00:00:00.000Z,קונגו,2,0,2
2021-06-28T00:00:00.000Z,קוסטה ריקה,4,2,6
2021-06-28T00:00:00.000Z,קזחסטאן,0,3,3
2021-06-28T00:00:00.000Z,קירג'זסטאן,1,0,1
2021-06-28T00:00:00.000Z,קנדה,1,1,2
2021-06-28T00:00:00.000Z,קניה,0,1,1
2021-06-28T00:00:00.000Z,קפריסין,627,69,696
2021-06-28T00:00:00.000Z,קרואטיה,7,6,13
2021-06-28T00:00:00.000Z,רואנדה,1,1,2
2021-06-28T00:00:00.000Z,רומניה,409,54,463
2021-06-28T00:00:00.000Z,רוסיה,108,75,183
2021-06-28T00:00:00.000Z,שוודיה,7,1,8
2021-06-28T00:00:00.000Z,שוויץ,122,38,160
2021-06-28T00:00:00.000Z,תאילנד,1,1,2
2021-06-28T00:00:00.000Z,תוניסיה,0,2,2
2021-06-28T00:00:00.000Z,תורכיה,661,208,869
2021-06-28T00:00:00.000Z,תורכמניסטאן,4,0,4
2021-06-28T00:00:00.000Z,הונגריה,253,15,268
2021-06-28T00:00:00.000Z,הונג קונג,0,1,1
2021-06-28T00:00:00.000Z,הולנד,274,37,311
2021-06-28T00:00:00.000Z,הודו,34,17,51
2021-06-28T00:00:00.000Z,דרום אפריקה,5,3,8
2021-06-28T00:00:00.000Z,דנמרק,15,14,29
2021-06-28T00:00:00.000Z,גרמניה,334,188,522
2021-06-28T00:00:00.000Z,גאנה,0,5,5
2021-06-28T00:00:00.000Z,גאורגיה,906,44,950
2021-06-28T00:00:00.000Z,ברזיל,0,2,2
2021-06-28T00:00:00.000Z,בלגיה,35,49,84
2021-06-28T00:00:00.000Z,בולגריה,249,11,260
2021-06-28T00:00:00.000Z,בוטסואנה,2,0,2
2021-06-28T00:00:00.000Z,אתיופיה,19,16,35
2021-06-28T00:00:00.000Z,ארצות הברית,781,1643,2424
2021-06-28T00:00:00.000Z,ארמניה,4,0,4
2021-06-28T00:00:00.000Z,ארגנטינה,1,0,1
2021-06-28T00:00:00.000Z,אקואדור,0,3,3
2021-06-28T00:00:00.000Z,אסטוניה,1,0,1
2021-06-28T00:00:00.000Z,אוגנדה,1,0,1
2021-06-28T00:00:00.000Z,אוזבקיסטן,44,64,108
2021-06-28T00:00:00.000Z,אוסטריה,370,44,414
2021-06-28T00:00:00.000Z,אוסטרליה,0,1,1
2021-06-28T00:00:00.000Z,אוקראינה,347,185,532
2021-06-28T00:00:00.000Z,אורגוואי,6,0,6
2021-06-28T00:00:00.000Z,אזרביג'אן,3,6,9
2021-06-28T00:00:00.000Z,איטליה,347,59,406
2021-06-28T00:00:00.000Z,איי טורקס וקייקוס,2,2,4
2021-06-28T00:00:00.000Z,אלבניה,1,0,1
2021-06-28T00:00:00.000Z,איסלנד,35,6,41
2021-06-28T00:00:00.000Z,אירלנד,4,5,9
2021-06-29T00:00:00.000Z,מונטנגרו,3,0,3
2021-06-29T00:00:00.000Z,אירלנד,1,2,3
2021-06-29T00:00:00.000Z,תורכמניסטאן,2,0,2
2021-06-29T00:00:00.000Z,תורכיה,793,300,1093
2021-06-29T00:00:00.000Z,שוויץ,7,0,7
2021-06-29T00:00:00.000Z,שוודיה,9,1,10
2021-06-29T00:00:00.000Z,רוסיה,49,62,111
2021-06-29T00:00:00.000Z,רומניה,6,2,8
2021-06-29T00:00:00.000Z,רואנדה,1,1,2
2021-06-29T00:00:00.000Z,קרואטיה,5,2,7
2021-06-29T00:00:00.000Z,קפריסין,459,62,521
2021-06-29T00:00:00.000Z,קניה,8,1,9
2021-06-29T00:00:00.000Z,קנדה,10,125,135
2021-06-29T00:00:00.000Z,קמרון,0,1,1
2021-06-29T00:00:00.000Z,קירג'זסטאן,5,0,5
2021-06-29T00:00:00.000Z,קזחסטאן,1,4,5
2021-06-29T00:00:00.000Z,קוריאה הדרומית,1,6,7
2021-06-29T00:00:00.000Z,קוסטה ריקה,2,0,2
2021-06-29T00:00:00.000Z,קוסובו,2,1,3
2021-06-29T00:00:00.000Z,קולומביה,1,6,7
2021-06-29T00:00:00.000Z,צרפת,242,136,378
2021-06-29T00:00:00.000Z,צכיה,10,0,10
2021-06-29T00:00:00.000Z,צ'ילה,0,1,1
2021-06-29T00:00:00.000Z,פרו,3,0,3
2021-06-29T00:00:00.000Z,פרגוואי,0,1,1
2021-06-29T00:00:00.000Z,פינלנד,2,0,2
2021-06-29T00:00:00.000Z,פיליפינים,2,4,6
2021-06-29T00:00:00.000Z,פורטוגל,4,2,6
2021-06-29T00:00:00.000Z,פולין,185,16,201
2021-06-29T00:00:00.000Z,סרביה,20,3,23
2021-06-29T00:00:00.000Z,ספרד,101,21,122
2021-06-29T00:00:00.000Z,סינגפור,0,1,1
2021-06-29T00:00:00.000Z,סין,0,1,1
2021-06-29T00:00:00.000Z,סווזילנד,3,0,3
2021-06-29T00:00:00.000Z,נמיביה,2,0,2
2021-06-29T00:00:00.000Z,ניגריה,1,0,1
2021-06-29T00:00:00.000Z,ניגר,0,1,1
2021-06-29T00:00:00.000Z,נורבגיה,0,6,6
2021-06-29T00:00:00.000Z,מרוקו,0,3,3
2021-06-29T00:00:00.000Z,מקסיקו,1,5,6
2021-06-29T00:00:00.000Z,מצרים,408,76,484
2021-06-29T00:00:00.000Z,מלדיבים,4,2,6
2021-06-29T00:00:00.000Z,מלאווי,1,0,1
2021-06-29T00:00:00.000Z,אוסטריה,9,0,9
2021-06-29T00:00:00.000Z,מולדובה,71,37,108
2021-06-29T00:00:00.000Z,מאלי,1,0,1
2021-06-29T00:00:00.000Z,ליטא,15,2,17
2021-06-29T00:00:00.000Z,לטביה,22,10,32
2021-06-29T00:00:00.000Z,לוכסמבורג,3,2,5
2021-06-29T00:00:00.000Z,כלל המדינות,7759,4200,11959
2021-06-29T00:00:00.000Z,ירדן,38,35,73
2021-06-29T00:00:00.000Z,יפן,1,0,1
2021-06-29T00:00:00.000Z,יוון,1212,112,1324
2021-06-29T00:00:00.000Z,טנזניה,13,0,13
2021-06-29T00:00:00.000Z,חוף השנהב,2,0,2
2021-06-29T00:00:00.000Z,זמביה,1,2,3
2021-06-29T00:00:00.000Z,זימבאבווה,1,0,1
2021-06-29T00:00:00.000Z,הממלכה המאוחדת,330,213,543
2021-06-29T00:00:00.000Z,הונגריה,232,21,253
2021-06-29T00:00:00.000Z,הולנד,258,15,273
2021-06-29T00:00:00.000Z,דרום אפריקה,2,0,2
2021-06-29T00:00:00.000Z,דנמרק,5,6,11
2021-06-29T00:00:00.000Z,דומיניקה,0,1,1
2021-06-29T00:00:00.000Z,גרמניה,341,161,502
2021-06-29T00:00:00.000Z,גויאנה הצרפתית,1,0,1
2021-06-29T00:00:00.000Z,גאנה,2,6,8
2021-06-29T00:00:00.000Z,גאורגיה,418,16,434
2021-06-29T00:00:00.000Z,ברזיל,3,3,6
2021-06-29T00:00:00.000Z,בליז,1,1,2
2021-06-29T00:00:00.000Z,בלגיה,94,55,149
2021-06-29T00:00:00.000Z,בילורוסיה,73,18,91
2021-06-29T00:00:00.000Z,בולגריה,333,24,357
2021-06-29T00:00:00.000Z,אתיופיה,16,10,26
2021-06-29T00:00:00.000Z,ארצות הברית,666,1668,2334
2021-06-29T00:00:00.000Z,ארמניה,0,1,1
2021-06-29T00:00:00.000Z,אסטוניה,3,0,3
2021-06-29T00:00:00.000Z,אנגולה,1,0,1
2021-06-29T00:00:00.000Z,איחוד האמירויות הערב,13,10,23
2021-06-29T00:00:00.000Z,אלבניה,37,3,40
2021-06-29T00:00:00.000Z,איי טורקס וקייקוס,3,1,4
2021-06-29T00:00:00.000Z,איטליה,156,32,188
2021-06-29T00:00:00.000Z,אזרביג'אן,1,1,2
2021-06-29T00:00:00.000Z,אורגוואי,0,1,1
2021-06-29T00:00:00.000Z,אוקראינה,186,70,256
2021-06-29T00:00:00.000Z,אוסטרליה,1,0,1
2021-06-29T00:00:00.000Z,איסלנד,53,3,56
2021-06-30T00:00:00.000Z,איסלנד,1,0,1
2021-06-30T00:00:00.000Z,איי סיישל,44,4,48
2021-06-30T00:00:00.000Z,איי גילברט ואליס,0,1,1
2021-06-30T00:00:00.000Z,איטליה,46,10,56
2021-06-30T00:00:00.000Z,אזרביג'אן,10,3,13
2021-06-30T00:00:00.000Z,אורגוואי,0,6,6
2021-06-30T00:00:00.000Z,אוקראינה,225,104,329
2021-06-30T00:00:00.000Z,קוסטה ריקה,4,1,5
2021-06-30T00:00:00.000Z,קוריאה הדרומית,1,1,2
2021-06-30T00:00:00.000Z,קזחסטאן,3,2,5
2021-06-30T00:00:00.000Z,קירג'זסטאן,16,6,22
2021-06-30T00:00:00.000Z,קנדה,15,152,167
2021-06-30T00:00:00.000Z,קניה,3,4,7
2021-06-30T00:00:00.000Z,קפריסין,326,36,362
2021-06-30T00:00:00.000Z,קרואטיה,13,5,18
2021-06-30T00:00:00.000Z,רומניה,396,89,485
2021-06-30T00:00:00.000Z,רוסיה,54,36,90
2021-06-30T00:00:00.000Z,שוודיה,4,5,9
2021-06-30T00:00:00.000Z,שוויץ,130,52,182
2021-06-30T00:00:00.000Z,תאילנד,5,11,16
2021-06-30T00:00:00.000Z,תוניסיה,1,0,1
2021-06-30T00:00:00.000Z,תורכיה,860,279,1139
2021-06-30T00:00:00.000Z,תורכמניסטאן,12,0,12
2021-06-30T00:00:00.000Z,איחוד האמירויות הערב,211,45,256
2021-06-30T00:00:00.000Z,פולין,61,14,75
2021-06-30T00:00:00.000Z,פיליפינים,1,1,2
2021-06-30T00:00:00.000Z,פינלנד,4,0,4
2021-06-30T00:00:00.000Z,אוגנדה,0,12,12
2021-06-30T00:00:00.000Z,אוזבקיסטן,1,1,2
2021-06-30T00:00:00.000Z,אוסטריה,229,39,268
2021-06-30T00:00:00.000Z,אוסטרליה,5,12,17
2021-06-30T00:00:00.000Z,פנמה,0,1,1
2021-06-30T00:00:00.000Z,פרגוואי,20,4,24
2021-06-30T00:00:00.000Z,פרו,2,0,2
2021-06-30T00:00:00.000Z,צכיה,2,3,5
2021-06-30T00:00:00.000Z,צרפת,293,295,588
2021-06-30T00:00:00.000Z,פורטוגל,30,5,35
2021-06-30T00:00:00.000Z,קולומביה,1,2,3
2021-06-30T00:00:00.000Z,קונגו,1,0,1
2021-06-30T00:00:00.000Z,סרי לנקה (צילון),1,1,2
2021-06-30T00:00:00.000Z,סרביה,3,3,6
2021-06-30T00:00:00.000Z,ספרד,85,52,137
2021-06-30T00:00:00.000Z,סלובניה,2,0,2
2021-06-30T00:00:00.000Z,סינגפור,0,1,1
2021-06-30T00:00:00.000Z,סין,0,12,12
2021-06-30T00:00:00.000Z,סיירה ליאונה,1,3,4
2021-06-30T00:00:00.000Z,סוריה,1,0,1
2021-06-30T00:00:00.000Z,ניגריה,2,0,2
2021-06-30T00:00:00.000Z,נורבגיה,1,3,4
2021-06-30T00:00:00.000Z,מרוקו,1,0,1
2021-06-30T00:00:00.000Z,מקסיקו,3,3,6
2021-06-30T00:00:00.000Z,מקדוניה,4,0,4
2021-06-30T00:00:00.000Z,מצרים,311,57,368
2021-06-30T00:00:00.000Z,מלטה,1,5,6
2021-06-30T00:00:00.000Z,מלדיבים,60,2,62
2021-06-30T00:00:00.000Z,מונטנגרו,171,4,175
2021-06-30T00:00:00.000Z,מולדובה,0,2,2
2021-06-30T00:00:00.000Z,לטביה,1,0,1
2021-06-30T00:00:00.000Z,לבנון,0,12,12
2021-06-30T00:00:00.000Z,כלל המדינות,7800,4586,12386
2021-06-30T00:00:00.000Z,כווית,0,1,1
2021-06-30T00:00:00.000Z,ירדן,39,33,72
2021-06-30T00:00:00.000Z,יפן,0,2,2
2021-06-30T00:00:00.000Z,יוון,798,74,872
2021-06-30T00:00:00.000Z,טנזניה,134,6,140
2021-06-30T00:00:00.000Z,טיוואן,0,2,2
2021-06-30T00:00:00.000Z,חוף השנהב,0,1,1
2021-06-30T00:00:00.000Z,ונצואלה,1,1,2
2021-06-30T00:00:00.000Z,הממלכה המאוחדת,223,166,389
2021-06-30T00:00:00.000Z,הונגריה,135,17,152
2021-06-30T00:00:00.000Z,הונג קונג,1,1,2
2021-06-30T00:00:00.000Z,הולנד,218,44,262
2021-06-30T00:00:00.000Z,דרום אפריקה,2,9,11
2021-06-30T00:00:00.000Z,דנמרק,8,2,10
2021-06-30T00:00:00.000Z,גרמניה,308,185,493
2021-06-30T00:00:00.000Z,גווטאמלה,2,0,2
2021-06-30T00:00:00.000Z,גאנה,4,3,7
2021-06-30T00:00:00.000Z,גאורגיה,334,43,377
2021-06-30T00:00:00.000Z,ברזיל,1,2,3
2021-06-30T00:00:00.000Z,בלגיה,39,73,112
2021-06-30T00:00:00.000Z,בילורוסיה,37,26,63
2021-06-30T00:00:00.000Z,בוסניה הרצגובינה,2,0,2
2021-06-30T00:00:00.000Z,בולגריה,151,31,182
2021-06-30T00:00:00.000Z,אתיופיה,14,32,46
2021-06-30T00:00:00.000Z,ארצות הברית,766,1769,2535
2021-06-30T00:00:00.000Z,ארמניה,2,1,3
2021-06-30T00:00:00.000Z,ארגנטינה,0,1,1
2021-06-30T00:00:00.000Z,אפגניסטן,0,1,1
2021-06-30T00:00:00.000Z,אסטוניה,1,1,2
2021-06-30T00:00:00.000Z,אנגולה,1,0,1
2021-06-30T00:00:00.000Z,אירלנד,0,2,2
2021-07-01T00:00:00.000Z,לטביה,1,3,4
2021-07-01T00:00:00.000Z,סרי לנקה (צילון),1,0,1
2021-07-01T00:00:00.000Z,פורטוגל,9,3,12
2021-07-01T00:00:00.000Z,פיליפינים,0,13,13
2021-07-01T00:00:00.000Z,פינלנד,4,2,6
2021-07-01T00:00:00.000Z,פנמה,1,4,5
2021-07-01T00:00:00.000Z,פרו,6,0,6
2021-07-01T00:00:00.000Z,צ'ילה,0,8,8
2021-07-01T00:00:00.000Z,צכיה,113,31,144
2021-07-01T00:00:00.000Z,צרפת,305,280,585
2021-07-01T00:00:00.000Z,קולומביה,5,13,18
2021-07-01T00:00:00.000Z,קוסובו,1,0,1
2021-07-01T00:00:00.000Z,קוסטה ריקה,1,5,6
2021-07-01T00:00:00.000Z,קוריאה הדרומית,5,1,6
2021-07-01T00:00:00.000Z,קזחסטאן,1,1,2
2021-07-01T00:00:00.000Z,קטר,0,4,4
2021-07-01T00:00:00.000Z,קירג'זסטאן,3,0,3
2021-07-01T00:00:00.000Z,קמרון,1,0,1
2021-07-01T00:00:00.000Z,קנדה,1,10,11
2021-07-01T00:00:00.000Z,קניה,30,2,32
2021-07-01T00:00:00.000Z,קפריסין,464,116,580
2021-07-01T00:00:00.000Z,קרואטיה,8,1,9
2021-07-01T00:00:00.000Z,רואנדה,4,0,4
2021-07-01T00:00:00.000Z,רומניה,189,69,258
2021-07-01T00:00:00.000Z,רוסיה,31,43,74
2021-07-01T00:00:00.000Z,שוודיה,10,0,10
2021-07-01T00:00:00.000Z,שוויץ,133,82,215
2021-07-01T00:00:00.000Z,תאילנד,0,6,6
2021-07-01T00:00:00.000Z,תורכיה,1061,385,1446
2021-07-01T00:00:00.000Z,תורכמניסטאן,14,5,19
2021-07-01T00:00:00.000Z,סרביה,7,13,20
2021-07-01T00:00:00.000Z,ספרד,154,60,214
2021-07-01T00:00:00.000Z,סנגל,0,1,1
2021-07-01T00:00:00.000Z,סלובקיה,1,0,1
2021-07-01T00:00:00.000Z,סלובניה,4,0,4
2021-07-01T00:00:00.000Z,סינגפור,1,0,1
2021-07-01T00:00:00.000Z,סין,3,1,4
2021-07-01T00:00:00.000Z,סוריה,2,12,14
2021-07-01T00:00:00.000Z,ניגריה,6,3,9
2021-07-01T00:00:00.000Z,נורבגיה,0,4,4
2021-07-01T00:00:00.000Z,מרוקו,11,3,14
2021-07-01T00:00:00.000Z,מקסיקו,1,3,4
2021-07-01T00:00:00.000Z,מצרים,367,113,480
2021-07-01T00:00:00.000Z,מלטה,3,0,3
2021-07-01T00:00:00.000Z,מלדיבים,26,3,29
2021-07-01T00:00:00.000Z,מולדובה,105,62,167
2021-07-01T00:00:00.000Z,לסוטו,0,1,1
2021-07-01T00:00:00.000Z,ליטא,70,34,104
2021-07-01T00:00:00.000Z,איחוד האמירויות הערב,253,45,298
2021-07-01T00:00:00.000Z,לבנון,2,0,2
2021-07-01T00:00:00.000Z,כלל המדינות,10540,5179,15719
2021-07-01T00:00:00.000Z,ירדן,69,59,128
2021-07-01T00:00:00.000Z,יוון,1984,170,2154
2021-07-01T00:00:00.000Z,טנזניה,8,4,12
2021-07-01T00:00:00.000Z,טוגו,0,1,1
2021-07-01T00:00:00.000Z,חוף השנהב,2,0,2
2021-07-01T00:00:00.000Z,זמביה,6,2,8
2021-07-01T00:00:00.000Z,הממלכה המאוחדת,270,196,466
2021-07-01T00:00:00.000Z,הונגריה,132,60,192
2021-07-01T00:00:00.000Z,הונג קונג,1,0,1
2021-07-01T00:00:00.000Z,הולנד,96,25,121
2021-07-01T00:00:00.000Z,הודו,1,4,5
2021-07-01T00:00:00.000Z,האיטי,1,0,1
2021-07-01T00:00:00.000Z,דרום אפריקה,2,19,21
2021-07-01T00:00:00.000Z,דנמרק,17,6,23
2021-07-01T00:00:00.000Z,גרנדה,1,0,1
2021-07-01T00:00:00.000Z,גרמניה,243,142,385
2021-07-01T00:00:00.000Z,גינאה המשוונית,0,2,2
2021-07-01T00:00:00.000Z,גינאה,3,0,3
2021-07-01T00:00:00.000Z,גווטאמלה,2,0,2
2021-07-01T00:00:00.000Z,גבון,1,0,1
2021-07-01T00:00:00.000Z,גאנה,3,1,4
2021-07-01T00:00:00.000Z,גאורגיה,825,84,909
2021-07-01T00:00:00.000Z,ברזיל,2,3,5
2021-07-01T00:00:00.000Z,בלגיה,21,65,86
2021-07-01T00:00:00.000Z,בילורוסיה,47,18,65
2021-07-01T00:00:00.000Z,בחריין,4,1,5
2021-07-01T00:00:00.000Z,בוסניה הרצגובינה,2,0,2
2021-07-01T00:00:00.000Z,פולין,48,3,51
2021-07-01T00:00:00.000Z,אוגנדה,1,0,1
2021-07-01T00:00:00.000Z,אוזבקיסטן,4,0,4
2021-07-01T00:00:00.000Z,אוסטריה,248,75,323
2021-07-01T00:00:00.000Z,אוסטרליה,7,2,9
2021-07-01T00:00:00.000Z,אוקראינה,189,119,308
2021-07-01T00:00:00.000Z,אזרביג'אן,20,11,31
2021-07-01T00:00:00.000Z,איטליה,292,46,338
2021-07-01T00:00:00.000Z,איי סיישל,4,3,7
2021-07-01T00:00:00.000Z,איסלנד,46,1,47
2021-07-01T00:00:00.000Z,אירלנד,1,9,10
2021-07-01T00:00:00.000Z,אלבניה,29,1,30
2021-07-01T00:00:00.000Z,אנגולה,1,1,2
2021-07-01T00:00:00.000Z,ארמניה,4,0,4
2021-07-01T00:00:00.000Z,ארצות הברית,948,1852,2800
2021-07-01T00:00:00.000Z,אתיופיה,25,8,33
2021-07-01T00:00:00.000Z,בוטסואנה,2,0,2
2021-07-01T00:00:00.000Z,בולגריה,498,67,565
2021-07-01T00:00:00.000Z,בוליביה,1,0,1
2021-07-02T00:00:00.000Z,בוליביה,1,0,1
2021-07-02T00:00:00.000Z,בוסניה הרצגובינה,2,0,2
2021-07-02T00:00:00.000Z,בילורוסיה,44,10,54
2021-07-02T00:00:00.000Z,בלגיה,107,74,181
2021-07-02T00:00:00.000Z,ברזיל,1,0,1
2021-07-02T00:00:00.000Z,גאורגיה,722,52,774
2021-07-02T00:00:00.000Z,גאנה,1,1,2
2021-07-02T00:00:00.000Z,גווטאמלה,2,0,2
2021-07-02T00:00:00.000Z,גמייקה,0,6,6
2021-07-02T00:00:00.000Z,גרמניה,422,161,583
2021-07-02T00:00:00.000Z,דנמרק,14,8,22
2021-07-02T00:00:00.000Z,הודו,1,0,1
2021-07-02T00:00:00.000Z,הולנד,113,22,135
2021-07-02T00:00:00.000Z,הונגריה,110,21,131
2021-07-02T00:00:00.000Z,מקסיקו,1,11,12
2021-07-02T00:00:00.000Z,הממלכה המאוחדת,208,121,329
2021-07-02T00:00:00.000Z,הרפ הדומיניקנית,1,0,1
2021-07-02T00:00:00.000Z,חוף השנהב,2,0,2
2021-07-02T00:00:00.000Z,טנזניה,1,1,2
2021-07-02T00:00:00.000Z,יוון,1353,101,1454
2021-07-02T00:00:00.000Z,יפן,0,1,1
2021-07-02T00:00:00.000Z,ירדן,0,23,23
2021-07-02T00:00:00.000Z,כלל המדינות,8665,3858,12523
2021-07-02T00:00:00.000Z,לוכסמבורג,1,4,5
2021-07-02T00:00:00.000Z,ליטא,8,2,10
2021-07-02T00:00:00.000Z,מולדובה,2,5,7
2021-07-02T00:00:00.000Z,מונטנגרו,148,7,155
2021-07-02T00:00:00.000Z,מונקו,2,0,2
2021-07-02T00:00:00.000Z,מלדיבים,13,10,23
2021-07-02T00:00:00.000Z,מלטה,1,0,1
2021-07-02T00:00:00.000Z,מצרים,227,73,300
2021-07-02T00:00:00.000Z,איחוד האמירויות הערב,88,20,108
2021-07-02T00:00:00.000Z,מרוקו,5,3,8
2021-07-02T00:00:00.000Z,נורבגיה,0,8,8
2021-07-02T00:00:00.000Z,ניגריה,2,0,2
2021-07-02T00:00:00.000Z,סוריה,0,1,1
2021-07-02T00:00:00.000Z,סינגפור,6,3,9
2021-07-02T00:00:00.000Z,ספרד,213,63,276
2021-07-02T00:00:00.000Z,סרביה,7,9,16
2021-07-02T00:00:00.000Z,סרי לנקה (צילון),1,5,6
2021-07-02T00:00:00.000Z,פולין,80,31,111
2021-07-02T00:00:00.000Z,פורטוגל,30,5,35
2021-07-02T00:00:00.000Z,פיליפינים,0,7,7
2021-07-02T00:00:00.000Z,פינלנד,13,42,55
2021-07-02T00:00:00.000Z,פנמה,4,2,6
2021-07-02T00:00:00.000Z,פרו,0,1,1
2021-07-02T00:00:00.000Z,צכיה,13,6,19
2021-07-02T00:00:00.000Z,צרפת,346,197,543
2021-07-02T00:00:00.000Z,קולומביה,3,5,8
2021-07-02T00:00:00.000Z,קוסטה ריקה,24,5,29
2021-07-02T00:00:00.000Z,קוריאה הדרומית,1,0,1
2021-07-02T00:00:00.000Z,קטר,3,0,3
2021-07-02T00:00:00.000Z,קירג'זסטאן,13,0,13
2021-07-02T00:00:00.000Z,קנדה,17,142,159
2021-07-02T00:00:00.000Z,קניה,3,2,5
2021-07-02T00:00:00.000Z,קפריסין,413,68,481
2021-07-02T00:00:00.000Z,קרואטיה,2,0,2
2021-07-02T00:00:00.000Z,רומניה,214,44,258
2021-07-02T00:00:00.000Z,רוסיה,107,71,178
2021-07-02T00:00:00.000Z,שוודיה,4,6,10
2021-07-02T00:00:00.000Z,שוויץ,143,111,254
2021-07-02T00:00:00.000Z,תאילנד,1,3,4
2021-07-02T00:00:00.000Z,תוניסיה,1,0,1
2021-07-02T00:00:00.000Z,תורכיה,708,243,951
2021-07-02T00:00:00.000Z,תורכמניסטאן,4,0,4
2021-07-02T00:00:00.000Z,אוזבקיסטן,3,1,4
2021-07-02T00:00:00.000Z,אוסטריה,184,23,207
2021-07-02T00:00:00.000Z,אוסטרליה,0,2,2
2021-07-02T00:00:00.000Z,אוקראינה,320,153,473
2021-07-02T00:00:00.000Z,אורגוואי,3,2,5
2021-07-02T00:00:00.000Z,אזרביג'אן,1,3,4
2021-07-02T00:00:00.000Z,איטליה,281,47,328
2021-07-02T00:00:00.000Z,איסלנד,14,1,15
2021-07-02T00:00:00.000Z,אירלנד,1,4,5
2021-07-02T00:00:00.000Z,אלגיריה,0,1,1
2021-07-02T00:00:00.000Z,אנגולה,2,0,2
2021-07-02T00:00:00.000Z,אסטוניה,4,2,6
2021-07-02T00:00:00.000Z,אקואדור,0,3,3
2021-07-02T00:00:00.000Z,ארגנטינה,0,1,1
2021-07-02T00:00:00.000Z,ארמניה,15,1,16
2021-07-02T00:00:00.000Z,ארצות הברית,913,1273,2186
2021-07-02T00:00:00.000Z,אתיופיה,1,0,1
2021-07-02T00:00:00.000Z,בולגריה,174,30,204
2021-07-03T00:00:00.000Z,ליטא,15,1,16
2021-07-03T00:00:00.000Z,תורכיה,1052,289,1341
2021-07-03T00:00:00.000Z,שוויץ,66,33,99
2021-07-03T00:00:00.000Z,שוודיה,9,6,15
2021-07-03T00:00:00.000Z,רפ מרכז אפריקנית,0,1,1
2021-07-03T00:00:00.000Z,רוסיה,0,1,1
2021-07-03T00:00:00.000Z,רומניה,79,16,95
2021-07-03T00:00:00.000Z,רואנדה,2,1,3
2021-07-03T00:00:00.000Z,קרואטיה,20,6,26
2021-07-03T00:00:00.000Z,קפריסין,328,27,355
2021-07-03T00:00:00.000Z,קניה,8,0,8
2021-07-03T00:00:00.000Z,קירג'זסטאן,33,0,33
2021-07-03T00:00:00.000Z,קטר,0,1,1
2021-07-03T00:00:00.000Z,קוריאה הדרומית,4,0,4
2021-07-03T00:00:00.000Z,קוסטה ריקה,1,0,1
2021-07-03T00:00:00.000Z,קולומביה,0,5,5
2021-07-03T00:00:00.000Z,צרפת,91,92,183
2021-07-03T00:00:00.000Z,צכיה,8,0,8
2021-07-03T00:00:00.000Z,פנמה,1,0,1
2021-07-03T00:00:00.000Z,פינלנד,1,0,1
2021-07-03T00:00:00.000Z,פיליפינים,2,0,2
2021-07-03T00:00:00.000Z,פורטוגל,38,2,40
2021-07-03T00:00:00.000Z,פולין,122,21,143
2021-07-03T00:00:00.000Z,סרביה,6,2,8
2021-07-03T00:00:00.000Z,ספרד,22,9,31
2021-07-03T00:00:00.000Z,סלובניה,2,0,2
2021-07-03T00:00:00.000Z,סינגפור,4,7,11
2021-07-03T00:00:00.000Z,סין,0,3,3
2021-07-03T00:00:00.000Z,ניו זילנד,0,2,2
2021-07-03T00:00:00.000Z,ניגריה,2,4,6
2021-07-03T00:00:00.000Z,נורבגיה,0,9,9
2021-07-03T00:00:00.000Z,מרוקו,2,0,2
2021-07-03T00:00:00.000Z,מקסיקו,2,4,6
2021-07-03T00:00:00.000Z,מצרים,612,49,661
2021-07-03T00:00:00.000Z,מלטה,3,3,6
2021-07-03T00:00:00.000Z,מלדיבים,12,0,12
2021-07-03T00:00:00.000Z,מונטנגרו,16,0,16
2021-07-03T00:00:00.000Z,מולדובה,40,39,79
2021-07-03T00:00:00.000Z,תאילנד,0,4,4
2021-07-03T00:00:00.000Z,לטביה,24,5,29
2021-07-03T00:00:00.000Z,לוכסמבורג,1,0,1
2021-07-03T00:00:00.000Z,כלל המדינות,5684,2519,8203
2021-07-03T00:00:00.000Z,ירדן,0,4,4
2021-07-03T00:00:00.000Z,יוון,1232,79,1311
2021-07-03T00:00:00.000Z,טנזניה,13,3,16
2021-07-03T00:00:00.000Z,טיוואן,0,1,1
2021-07-03T00:00:00.000Z,חוף השנהב,4,0,4
2021-07-03T00:00:00.000Z,זאיר,2,1,3
2021-07-03T00:00:00.000Z,הממלכה המאוחדת,84,84,168
2021-07-03T00:00:00.000Z,הונדורס,0,1,1
2021-07-03T00:00:00.000Z,הונגריה,64,23,87
2021-07-03T00:00:00.000Z,הונג קונג,0,2,2
2021-07-03T00:00:00.000Z,הולנד,187,31,218
2021-07-03T00:00:00.000Z,דרום אפריקה,5,7,12
2021-07-03T00:00:00.000Z,דנמרק,11,10,21
2021-07-03T00:00:00.000Z,גרמניה,272,134,406
2021-07-03T00:00:00.000Z,גינאה,0,2,2
2021-07-03T00:00:00.000Z,גווטאמלה,2,0,2
2021-07-03T00:00:00.000Z,גאנה,4,0,4
2021-07-03T00:00:00.000Z,גאורגיה,7,0,7
2021-07-03T00:00:00.000Z,ברזיל,0,3,3
2021-07-03T00:00:00.000Z,בולגריה,1,0,1
2021-07-03T00:00:00.000Z,אתיופיה,15,11,26
2021-07-03T00:00:00.000Z,ארצות הברית,339,898,1237
2021-07-03T00:00:00.000Z,ארמניה,2,0,2
2021-07-03T00:00:00.000Z,אסטוניה,2,1,3
2021-07-03T00:00:00.000Z,אנגולה,1,0,1
2021-07-03T00:00:00.000Z,אירלנד,1,4,5
2021-07-03T00:00:00.000Z,איסלנד,27,0,27
2021-07-03T00:00:00.000Z,איי סיישל,2,0,2
2021-07-03T00:00:00.000Z,איטליה,115,44,159
2021-07-03T00:00:00.000Z,אזרביג'אן,9,4,13
2021-07-03T00:00:00.000Z,אוקראינה,132,55,187
2021-07-03T00:00:00.000Z,אוסטרליה,0,4,4
2021-07-03T00:00:00.000Z,אוסטריה,149,40,189
2021-07-03T00:00:00.000Z,אוזבקיסטן,2,3,5
2021-07-03T00:00:00.000Z,איחוד האמירויות הערב,69,15,84
2021-07-04T00:00:00.000Z,אירלנד,3,10,13
2021-07-04T00:00:00.000Z,אלבניה,46,1,47
2021-07-04T00:00:00.000Z,אסטוניה,1,0,1
2021-07-04T00:00:00.000Z,ארגנטינה,0,1,1
2021-07-04T00:00:00.000Z,ארמניה,1,0,1
2021-07-04T00:00:00.000Z,ארצות הברית,471,845,1316
2021-07-04T00:00:00.000Z,אתיופיה,7,2,9
2021-07-04T00:00:00.000Z,בהמס,1,0,1
2021-07-04T00:00:00.000Z,בוטסואנה,1,0,1
2021-07-04T00:00:00.000Z,בולגריה,513,31,544
2021-07-04T00:00:00.000Z,בוליביה,5,0,5
2021-07-04T00:00:00.000Z,בילורוסיה,120,24,144
2021-07-04T00:00:00.000Z,סרי לנקה (צילון),1,0,1
2021-07-04T00:00:00.000Z,פולין,47,9,56
2021-07-04T00:00:00.000Z,פורטו ריקו,0,1,1
2021-07-04T00:00:00.000Z,פורטוגל,33,7,40
2021-07-04T00:00:00.000Z,פיליפינים,2,13,15
2021-07-04T00:00:00.000Z,פינלנד,2,0,2
2021-07-04T00:00:00.000Z,פנמה,1,0,1
2021-07-04T00:00:00.000Z,פרו,0,4,4
2021-07-04T00:00:00.000Z,איחוד האמירויות הערב,93,32,125
2021-07-04T00:00:00.000Z,צ'ילה,0,2,2
2021-07-04T00:00:00.000Z,צכיה,49,9,58
2021-07-04T00:00:00.000Z,צרפת,366,289,655
2021-07-04T00:00:00.000Z,קולומביה,1,0,1
2021-07-04T00:00:00.000Z,קוסטה ריקה,6,0,6
2021-07-04T00:00:00.000Z,קוריאה הדרומית,9,6,15
2021-07-04T00:00:00.000Z,קזחסטאן,1,2,3
2021-07-04T00:00:00.000Z,קטר,1,1,2
2021-07-04T00:00:00.000Z,קנדה,16,146,162
2021-07-04T00:00:00.000Z,קניה,1,3,4
2021-07-04T00:00:00.000Z,קפריסין,1161,65,1226
2021-07-04T00:00:00.000Z,קרואטיה,22,4,26
2021-07-04T00:00:00.000Z,רואנדה,2,0,2
2021-07-04T00:00:00.000Z,רומניה,430,32,462
2021-07-04T00:00:00.000Z,רוסיה,34,71,105
2021-07-04T00:00:00.000Z,שוודיה,8,11,19
2021-07-04T00:00:00.000Z,שוויץ,169,189,358
2021-07-04T00:00:00.000Z,תאילנד,1,12,13
2021-07-04T00:00:00.000Z,תורכיה,1026,320,1346
2021-07-04T00:00:00.000Z,תורכמניסטאן,1,0,1
2021-07-04T00:00:00.000Z,בלגיה,27,33,60
2021-07-04T00:00:00.000Z,ברזיל,4,6,10
2021-07-04T00:00:00.000Z,גאורגיה,1018,59,1077
2021-07-04T00:00:00.000Z,גאנה,1,4,5
2021-07-04T00:00:00.000Z,גרמניה,352,204,556
2021-07-04T00:00:00.000Z,דנמרק,4,3,7
2021-07-04T00:00:00.000Z,דרום אפריקה,4,2,6
2021-07-04T00:00:00.000Z,הולנד,203,53,256
2021-07-04T00:00:00.000Z,הונגריה,103,80,183
2021-07-04T00:00:00.000Z,הממלכה המאוחדת,319,177,496
2021-07-04T00:00:00.000Z,ונצואלה,2,0,2
2021-07-04T00:00:00.000Z,זאיר,1,0,1
2021-07-04T00:00:00.000Z,זימבאבווה,0,1,1
2021-07-04T00:00:00.000Z,זמביה,1,0,1
2021-07-04T00:00:00.000Z,טיוואן,1,0,1
2021-07-04T00:00:00.000Z,טנזניה,1,0,1
2021-07-04T00:00:00.000Z,יוון,3258,205,3463
2021-07-04T00:00:00.000Z,יפן,2,2,4
2021-07-04T00:00:00.000Z,ירדן,123,76,199
2021-07-04T00:00:00.000Z,כלל המדינות,13233,4353,17586
2021-07-04T00:00:00.000Z,לבנון,0,6,6
2021-07-04T00:00:00.000Z,לוכסמבורג,0,1,1
2021-07-04T00:00:00.000Z,ליטא,1,0,1
2021-07-04T00:00:00.000Z,מאוריציוס,1,0,1
2021-07-04T00:00:00.000Z,מאלי,2,0,2
2021-07-04T00:00:00.000Z,מולדובה,75,39,114
2021-07-04T00:00:00.000Z,מונטנגרו,0,1,1
2021-07-04T00:00:00.000Z,מלדיבים,14,3,17
2021-07-04T00:00:00.000Z,מלטה,8,0,8
2021-07-04T00:00:00.000Z,מצרים,761,96,857
2021-07-04T00:00:00.000Z,מקסיקו,2,5,7
2021-07-04T00:00:00.000Z,מרוקו,0,20,20
2021-07-04T00:00:00.000Z,נורבגיה,3,0,3
2021-07-04T00:00:00.000Z,ניגריה,3,3,6
2021-07-04T00:00:00.000Z,ניו זילנד,0,2,2
2021-07-04T00:00:00.000Z,נפאל,1,0,1
2021-07-04T00:00:00.000Z,סין,1,0,1
2021-07-04T00:00:00.000Z,סלובקיה,1,9,10
2021-07-04T00:00:00.000Z,ספרד,166,45,211
2021-07-04T00:00:00.000Z,אוגנדה,2,1,3
2021-07-04T00:00:00.000Z,אוסטריה,102,42,144
2021-07-04T00:00:00.000Z,אוסטרליה,0,8,8
2021-07-04T00:00:00.000Z,אוקראינה,421,244,665
2021-07-04T00:00:00.000Z,אורגוואי,0,5,5
2021-07-04T00:00:00.000Z,אזרביג'אן,8,6,14
2021-07-04T00:00:00.000Z,איטליה,364,89,453
2021-07-04T00:00:00.000Z,איי טורקס וקייקוס,2,2,4
2021-07-04T00:00:00.000Z,איי סיישל,73,9,82
2021-07-04T00:00:00.000Z,איסלנד,36,1,37
2021-07-05T00:00:00.000Z,מוזמביק,3,0,3
2021-07-05T00:00:00.000Z,כלל המדינות,11330,4934,16264
2021-07-05T00:00:00.000Z,אוזבקיסטן,30,50,80
2021-07-05T00:00:00.000Z,אוסטריה,371,45,416
2021-07-05T00:00:00.000Z,אוסטרליה,3,7,10
2021-07-05T00:00:00.000Z,אוקראינה,386,173,559
2021-07-05T00:00:00.000Z,אורגוואי,0,3,3
2021-07-05T00:00:00.000Z,אזרביג'אן,13,1,14
2021-07-05T00:00:00.000Z,איטליה,407,82,489
2021-07-05T00:00:00.000Z,איי גילברט ואליס,0,1,1
2021-07-05T00:00:00.000Z,איי טורקס וקייקוס,2,0,2
2021-07-05T00:00:00.000Z,איסלנד,59,5,64
2021-07-05T00:00:00.000Z,אירלנד,2,14,16
2021-07-05T00:00:00.000Z,אלבניה,2,0,2
2021-07-05T00:00:00.000Z,אסטוניה,2,1,3
2021-07-05T00:00:00.000Z,אקואדור,4,2,6
2021-07-05T00:00:00.000Z,ארגנטינה,1,2,3
2021-07-05T00:00:00.000Z,ארמניה,7,2,9
2021-07-05T00:00:00.000Z,ארצות הברית,672,1652,2324
2021-07-05T00:00:00.000Z,אתיופיה,14,13,27
2021-07-05T00:00:00.000Z,בולגריה,504,32,536
2021-07-05T00:00:00.000Z,בוליביה,2,0,2
2021-07-05T00:00:00.000Z,בוסניה הרצגובינה,2,0,2
2021-07-05T00:00:00.000Z,בילורוסיה,47,15,62
2021-07-05T00:00:00.000Z,בלגיה,88,84,172
2021-07-05T00:00:00.000Z,ברזיל,1,1,2
2021-07-05T00:00:00.000Z,גאורגיה,744,85,829
2021-07-05T00:00:00.000Z,גווטאמלה,1,0,1
2021-07-05T00:00:00.000Z,גויאנה הצרפתית,1,0,1
2021-07-05T00:00:00.000Z,גרמניה,310,138,448
2021-07-05T00:00:00.000Z,דנמרק,17,3,20
2021-07-05T00:00:00.000Z,דרום אפריקה,4,1,5
2021-07-05T00:00:00.000Z,הודו,17,14,31
2021-07-05T00:00:00.000Z,הולנד,122,25,147
2021-07-05T00:00:00.000Z,הונגריה,58,51,109
2021-07-05T00:00:00.000Z,הממלכה המאוחדת,258,188,446
2021-07-05T00:00:00.000Z,הרפ הדומיניקנית,2,0,2
2021-07-05T00:00:00.000Z,ויטנאם,0,2,2
2021-07-05T00:00:00.000Z,זאיר,1,0,1
2021-07-05T00:00:00.000Z,חוף השנהב,1,0,1
2021-07-05T00:00:00.000Z,טנזניה,7,1,8
2021-07-05T00:00:00.000Z,יוון,2330,150,2480
2021-07-05T00:00:00.000Z,איחוד האמירויות הערב,59,33,92
2021-07-05T00:00:00.000Z,יפן,1,0,1
2021-07-05T00:00:00.000Z,ירדן,36,36,72
2021-07-05T00:00:00.000Z,ליטא,3,1,4
2021-07-05T00:00:00.000Z,מאוריציוס,1,0,1
2021-07-05T00:00:00.000Z,אוגנדה,0,1,1
2021-07-05T00:00:00.000Z,מולדובה,4,0,4
2021-07-05T00:00:00.000Z,מונטנגרו,106,8,114
2021-07-05T00:00:00.000Z,מונקו,1,0,1
2021-07-05T00:00:00.000Z,מלדיבים,23,0,23
2021-07-05T00:00:00.000Z,מלטה,10,5,15
2021-07-05T00:00:00.000Z,מצרים,515,87,602
2021-07-05T00:00:00.000Z,מקדוניה,1,0,1
2021-07-05T00:00:00.000Z,מקסיקו,1,7,8
2021-07-05T00:00:00.000Z,מרוקו,2,0,2
2021-07-05T00:00:00.000Z,נורבגיה,0,3,3
2021-07-05T00:00:00.000Z,ניגריה,2,0,2
2021-07-05T00:00:00.000Z,סין,0,3,3
2021-07-05T00:00:00.000Z,סינגפור,2,8,10
2021-07-05T00:00:00.000Z,קנדה,5,8,13
2021-07-05T00:00:00.000Z,קירג'זסטאן,0,1,1
2021-07-05T00:00:00.000Z,קזחסטאן,0,4,4
2021-07-05T00:00:00.000Z,קוריאה הצפונית,3,2,5
2021-07-05T00:00:00.000Z,קוריאה הדרומית,1,0,1
2021-07-05T00:00:00.000Z,קוסטה ריקה,8,7,15
2021-07-05T00:00:00.000Z,קוסובו,1,0,1
2021-07-05T00:00:00.000Z,קולומביה,7,2,9
2021-07-05T00:00:00.000Z,קובה,1,0,1
2021-07-05T00:00:00.000Z,צרפת,310,247,557
2021-07-05T00:00:00.000Z,צכיה,82,33,115
2021-07-05T00:00:00.000Z,פרו,0,2,2
2021-07-05T00:00:00.000Z,פנמה,6,6,12
2021-07-05T00:00:00.000Z,פינלנד,4,1,5
2021-07-05T00:00:00.000Z,פיליפינים,0,1,1
2021-07-05T00:00:00.000Z,פורטוגל,50,26,76
2021-07-05T00:00:00.000Z,פולינזיה הצרפתית,1,0,1
2021-07-05T00:00:00.000Z,פולין,57,7,64
2021-07-05T00:00:00.000Z,סרי לנקה (צילון),1,0,1
2021-07-05T00:00:00.000Z,סרביה,31,13,44
2021-07-05T00:00:00.000Z,ספרד,258,50,308
2021-07-05T00:00:00.000Z,סנגל,2,0,2
2021-07-05T00:00:00.000Z,סלובניה,8,0,8
2021-07-05T00:00:00.000Z,קניה,1,0,1
2021-07-05T00:00:00.000Z,קפריסין,789,84,873
2021-07-05T00:00:00.000Z,קרואטיה,28,1,29
2021-07-05T00:00:00.000Z,רומניה,312,42,354
2021-07-05T00:00:00.000Z,רוסיה,93,178,271
2021-07-05T00:00:00.000Z,שוודיה,8,6,14
2021-07-05T00:00:00.000Z,שוויץ,134,92,226
2021-07-05T00:00:00.000Z,תאילנד,0,8,8
2021-07-05T00:00:00.000Z,תורכיה,862,334,1196
2021-07-05T00:00:00.000Z,תורכמניסטאן,1,1,2
2021-07-06T00:00:00.000Z,פורטוגל,14,5,19
2021-07-06T00:00:00.000Z,פיליפינים,2,12,14
2021-07-06T00:00:00.000Z,פינלנד,1,0,1
2021-07-06T00:00:00.000Z,פנמה,4,7,11
2021-07-06T00:00:00.000Z,פרו,3,1,4
2021-07-06T00:00:00.000Z,צ'ילה,2,0,2
2021-07-06T00:00:00.000Z,צכיה,81,25,106
2021-07-06T00:00:00.000Z,צרפת,269,275,544
2021-07-06T00:00:00.000Z,איחוד האמירויות הערב,67,16,83
2021-07-06T00:00:00.000Z,גאנה,2,0,2
2021-07-06T00:00:00.000Z,קוסטה ריקה,2,0,2
2021-07-06T00:00:00.000Z,קוריאה הדרומית,1,1,2
2021-07-06T00:00:00.000Z,גווטאמלה,0,2,2
2021-07-06T00:00:00.000Z,קזחסטאן,2,1,3
2021-07-06T00:00:00.000Z,קירג'זסטאן,5,0,5
2021-07-06T00:00:00.000Z,קנדה,0,5,5
2021-07-06T00:00:00.000Z,קניה,1,0,1
2021-07-06T00:00:00.000Z,ברזיל,2,11,13
2021-07-06T00:00:00.000Z,בלגיה,3,3,6
2021-07-06T00:00:00.000Z,בילורוסיה,49,4,53
2021-07-06T00:00:00.000Z,בולגריה,335,30,365
2021-07-06T00:00:00.000Z,אתיופיה,5,5,10
2021-07-06T00:00:00.000Z,ארצות הברית,628,1760,2388
2021-07-06T00:00:00.000Z,ארמניה,1,0,1
2021-07-06T00:00:00.000Z,ארגנטינה,4,2,6
2021-07-06T00:00:00.000Z,אסטוניה,3,0,3
2021-07-06T00:00:00.000Z,אלבניה,39,0,39
2021-07-06T00:00:00.000Z,אירלנד,3,2,5
2021-07-06T00:00:00.000Z,איסלנד,66,1,67
2021-07-06T00:00:00.000Z,איי סיישל,2,4,6
2021-07-06T00:00:00.000Z,איטליה,217,46,263
2021-07-06T00:00:00.000Z,אזרביג'אן,14,1,15
2021-07-06T00:00:00.000Z,אורגוואי,1,1,2
2021-07-06T00:00:00.000Z,אוקראינה,184,113,297
2021-07-06T00:00:00.000Z,אוסטרליה,2,0,2
2021-07-06T00:00:00.000Z,אוסטריה,206,51,257
2021-07-06T00:00:00.000Z,אוזבקיסטן,2,0,2
2021-07-06T00:00:00.000Z,קפריסין,509,67,576
2021-07-06T00:00:00.000Z,קרואטיה,12,1,13
2021-07-06T00:00:00.000Z,רואנדה,2,0,2
2021-07-06T00:00:00.000Z,רומניה,146,38,184
2021-07-06T00:00:00.000Z,רוסיה,17,49,66
2021-07-06T00:00:00.000Z,רפ מרכז אפריקנית,1,0,1
2021-07-06T00:00:00.000Z,שוודיה,9,6,15
2021-07-06T00:00:00.000Z,שוויץ,108,46,154
2021-07-06T00:00:00.000Z,תוניסיה,1,0,1
2021-07-06T00:00:00.000Z,תורכיה,980,481,1461
2021-07-06T00:00:00.000Z,תורכמניסטאן,2,0,2
2021-07-06T00:00:00.000Z,גאורגיה,352,28,380
2021-07-06T00:00:00.000Z,גויאנה הצרפתית,1,0,1
2021-07-06T00:00:00.000Z,גיברלטר,0,3,3
2021-07-06T00:00:00.000Z,גרמניה,379,119,498
2021-07-06T00:00:00.000Z,דנמרק,22,8,30
2021-07-06T00:00:00.000Z,דרום אפריקה,1,0,1
2021-07-06T00:00:00.000Z,הולנד,223,64,287
2021-07-06T00:00:00.000Z,הונג קונג,0,2,2
2021-07-06T00:00:00.000Z,הונגריה,103,52,155
2021-07-06T00:00:00.000Z,הממלכה המאוחדת,287,187,474
2021-07-06T00:00:00.000Z,הרפ הדומיניקנית,1,0,1
2021-07-06T00:00:00.000Z,זאיר,0,4,4
2021-07-06T00:00:00.000Z,זמביה,2,0,2
2021-07-06T00:00:00.000Z,חוף השנהב,0,1,1
2021-07-06T00:00:00.000Z,טנזניה,1,1,2
2021-07-06T00:00:00.000Z,יוון,1611,147,1758
2021-07-06T00:00:00.000Z,ירדן,46,55,101
2021-07-06T00:00:00.000Z,כלל המדינות,8676,4617,13293
2021-07-06T00:00:00.000Z,לטביה,25,10,35
2021-07-06T00:00:00.000Z,ליטא,7,2,9
2021-07-06T00:00:00.000Z,מאלי,2,0,2
2021-07-06T00:00:00.000Z,מולדובה,0,1,1
2021-07-06T00:00:00.000Z,מלדיבים,6,4,10
2021-07-06T00:00:00.000Z,מלטה,1,1,2
2021-07-06T00:00:00.000Z,מצרים,432,112,544
2021-07-06T00:00:00.000Z,מקסיקו,1,4,5
2021-07-06T00:00:00.000Z,מרוקו,4,0,4
2021-07-06T00:00:00.000Z,נורבגיה,0,1,1
2021-07-06T00:00:00.000Z,ניגריה,1,2,3
2021-07-06T00:00:00.000Z,סלובניה,1,1,2
2021-07-06T00:00:00.000Z,ספרד,190,71,261
2021-07-06T00:00:00.000Z,סרביה,15,1,16
2021-07-06T00:00:00.000Z,סרי לנקה (צילון),0,1,1
2021-07-06T00:00:00.000Z,פולין,168,30,198
2021-07-07T00:00:00.000Z,שוויץ,106,30,136
2021-07-07T00:00:00.000Z,אוסטריה,212,44,256
2021-07-07T00:00:00.000Z,אוסטרליה,4,18,22
2021-07-07T00:00:00.000Z,אוקראינה,257,190,447
2021-07-07T00:00:00.000Z,אורגוואי,0,1,1
2021-07-07T00:00:00.000Z,אזרביג'אן,19,0,19
2021-07-07T00:00:00.000Z,פולין,61,8,69
2021-07-07T00:00:00.000Z,איטליה,260,48,308
2021-07-07T00:00:00.000Z,איי סיישל,93,8,101
2021-07-07T00:00:00.000Z,אינדונזיה,1,0,1
2021-07-07T00:00:00.000Z,אירלנד,1,0,1
2021-07-07T00:00:00.000Z,אסטוניה,2,1,3
2021-07-07T00:00:00.000Z,אקואדור,1,0,1
2021-07-07T00:00:00.000Z,ארגנטינה,2,0,2
2021-07-07T00:00:00.000Z,ארמניה,2,1,3
2021-07-07T00:00:00.000Z,ארצות הברית,498,1441,1939
2021-07-07T00:00:00.000Z,אתיופיה,12,1,13
2021-07-07T00:00:00.000Z,בוטסואנה,1,0,1
2021-07-07T00:00:00.000Z,בולגריה,205,21,226
2021-07-07T00:00:00.000Z,בוסניה הרצגובינה,3,0,3
2021-07-07T00:00:00.000Z,בחריין,2,0,2
2021-07-07T00:00:00.000Z,בילורוסיה,27,13,40
2021-07-07T00:00:00.000Z,בלגיה,45,53,98
2021-07-07T00:00:00.000Z,ברזיל,1,6,7
2021-07-07T00:00:00.000Z,גאורגיה,290,43,333
2021-07-07T00:00:00.000Z,גאנה,2,0,2
2021-07-07T00:00:00.000Z,גווטאמלה,2,0,2
2021-07-07T00:00:00.000Z,גרמניה,377,173,550
2021-07-07T00:00:00.000Z,דנמרק,12,6,18
2021-07-07T00:00:00.000Z,דרום אפריקה,3,8,11
2021-07-07T00:00:00.000Z,הולנד,175,79,254
2021-07-07T00:00:00.000Z,הונג קונג,0,4,4
2021-07-07T00:00:00.000Z,הונגריה,54,54,108
2021-07-07T00:00:00.000Z,הממלכה המאוחדת,171,133,304
2021-07-07T00:00:00.000Z,ונצואלה,1,11,12
2021-07-07T00:00:00.000Z,זימבאבווה,0,1,1
2021-07-07T00:00:00.000Z,זמביה,2,0,2
2021-07-07T00:00:00.000Z,חוף השנהב,1,1,2
2021-07-07T00:00:00.000Z,טג'יקיסטאן,3,0,3
2021-07-07T00:00:00.000Z,טיוואן,0,1,1
2021-07-07T00:00:00.000Z,טנזניה,88,4,92
2021-07-07T00:00:00.000Z,יוון,814,91,905
2021-07-07T00:00:00.000Z,יפן,0,4,4
2021-07-07T00:00:00.000Z,ירדן,67,40,107
2021-07-07T00:00:00.000Z,כלל המדינות,7748,4699,12447
2021-07-07T00:00:00.000Z,לוכסמבורג,3,0,3
2021-07-07T00:00:00.000Z,ליבריה,1,0,1
2021-07-07T00:00:00.000Z,מאוריציוס,0,1,1
2021-07-07T00:00:00.000Z,מדגסקר,1,0,1
2021-07-07T00:00:00.000Z,מולדובה,53,21,74
2021-07-07T00:00:00.000Z,מונטנגרו,190,4,194
2021-07-07T00:00:00.000Z,מלדיבים,12,0,12
2021-07-07T00:00:00.000Z,מלטה,4,0,4
2021-07-07T00:00:00.000Z,מצרים,442,168,610
2021-07-07T00:00:00.000Z,מקדוניה,1,1,2
2021-07-07T00:00:00.000Z,מקסיקו,5,8,13
2021-07-07T00:00:00.000Z,מרוקו,6,4,10
2021-07-07T00:00:00.000Z,נורבגיה,1,5,6
2021-07-07T00:00:00.000Z,ניגריה,7,0,7
2021-07-07T00:00:00.000Z,ניו זילנד,1,0,1
2021-07-07T00:00:00.000Z,סוריה,1,6,7
2021-07-07T00:00:00.000Z,סין,3,10,13
2021-07-07T00:00:00.000Z,סינגפור,0,9,9
2021-07-07T00:00:00.000Z,סלובניה,74,11,85
2021-07-07T00:00:00.000Z,סלובקיה,2,0,2
2021-07-07T00:00:00.000Z,פורטוגל,39,33,72
2021-07-07T00:00:00.000Z,פיליפינים,2,11,13
2021-07-07T00:00:00.000Z,פינלנד,4,0,4
2021-07-07T00:00:00.000Z,פנמה,1,0,1
2021-07-07T00:00:00.000Z,פרגוואי,0,1,1
2021-07-07T00:00:00.000Z,פרו,7,4,11
2021-07-07T00:00:00.000Z,צכיה,27,6,33
2021-07-07T00:00:00.000Z,צרפת,349,489,838
2021-07-07T00:00:00.000Z,קולומביה,1,1,2
2021-07-07T00:00:00.000Z,קוסטה ריקה,8,1,9
2021-07-07T00:00:00.000Z,קוריאה הדרומית,1,0,1
2021-07-07T00:00:00.000Z,קזחסטאן,3,2,5
2021-07-07T00:00:00.000Z,קירג'זסטאן,3,0,3
2021-07-07T00:00:00.000Z,סנגל,1,0,1
2021-07-07T00:00:00.000Z,ספרד,106,36,142
2021-07-07T00:00:00.000Z,סרביה,25,7,32
2021-07-07T00:00:00.000Z,סרי לנקה (צילון),3,4,7
2021-07-07T00:00:00.000Z,אוזבקיסטן,5,0,5
2021-07-07T00:00:00.000Z,אוגנדה,1,0,1
2021-07-07T00:00:00.000Z,איחוד האמירויות הערב,83,39,122
2021-07-07T00:00:00.000Z,אבחזיסטאן,2,0,2
2021-07-07T00:00:00.000Z,תורכמניסטאן,7,2,9
2021-07-07T00:00:00.000Z,קמרון,0,3,3
2021-07-07T00:00:00.000Z,קנדה,11,156,167
2021-07-07T00:00:00.000Z,קניה,2,0,2
2021-07-07T00:00:00.000Z,קפריסין,377,68,445
2021-07-07T00:00:00.000Z,קרואטיה,8,2,10
2021-07-07T00:00:00.000Z,רומניה,298,78,376
2021-07-07T00:00:00.000Z,רוסיה,40,20,60
2021-07-07T00:00:00.000Z,שוודיה,6,7,13
2021-07-07T00:00:00.000Z,תורכיה,915,318,1233
2021-07-07T00:00:00.000Z,תאילנד,9,7,16
2021-07-08T00:00:00.000Z,קוסטה ריקה,2,2,4
2021-07-08T00:00:00.000Z,צאד,1,0,1
2021-07-08T00:00:00.000Z,לבנון,0,1,1
2021-07-08T00:00:00.000Z,לטביה,2,1,3
2021-07-08T00:00:00.000Z,איחוד האמירויות הערב,180,31,211
2021-07-08T00:00:00.000Z,פנמה,6,12,18
2021-07-08T00:00:00.000Z,בולגריה,420,58,478
2021-07-08T00:00:00.000Z,אתיופיה,28,7,35
2021-07-08T00:00:00.000Z,ארצות הברית,818,1765,2583
2021-07-08T00:00:00.000Z,ארמניה,3,4,7
2021-07-08T00:00:00.000Z,אסטוניה,1,0,1
2021-07-08T00:00:00.000Z,אלבניה,43,2,45
2021-07-08T00:00:00.000Z,אירלנד,5,9,14
2021-07-08T00:00:00.000Z,איסלנד,67,1,68
2021-07-08T00:00:00.000Z,איי טורקס וקייקוס,3,0,3
2021-07-08T00:00:00.000Z,איי גילברט ואליס,0,1,1
2021-07-08T00:00:00.000Z,איטליה,366,86,452
2021-07-08T00:00:00.000Z,אזרביג'אן,6,2,8
2021-07-08T00:00:00.000Z,אורגוואי,2,0,2
2021-07-08T00:00:00.000Z,אוקראינה,300,174,474
2021-07-08T00:00:00.000Z,אוסטרליה,0,3,3
2021-07-08T00:00:00.000Z,אוסטריה,140,56,196
2021-07-08T00:00:00.000Z,אוזבקיסטן,4,2,6
2021-07-08T00:00:00.000Z,אוגנדה,3,0,3
2021-07-08T00:00:00.000Z,פינלנד,1,0,1
2021-07-08T00:00:00.000Z,פיליפינים,0,10,10
2021-07-08T00:00:00.000Z,פורטוגל,11,0,11
2021-07-08T00:00:00.000Z,פולין,104,24,128
2021-07-08T00:00:00.000Z,סרביה,1,0,1
2021-07-08T00:00:00.000Z,ספרד,243,55,298
2021-07-08T00:00:00.000Z,סנגל,1,0,1
2021-07-08T00:00:00.000Z,תורכמניסטאן,13,8,21
2021-07-08T00:00:00.000Z,תורכיה,1118,447,1565
2021-07-08T00:00:00.000Z,תאילנד,4,257,261
2021-07-08T00:00:00.000Z,שוויץ,163,87,250
2021-07-08T00:00:00.000Z,שוודיה,3,6,9
2021-07-08T00:00:00.000Z,רוסיה,87,127,214
2021-07-08T00:00:00.000Z,רומניה,203,42,245
2021-07-08T00:00:00.000Z,רואנדה,2,0,2
2021-07-08T00:00:00.000Z,קרואטיה,2,2,4
2021-07-08T00:00:00.000Z,קפריסין,707,156,863
2021-07-08T00:00:00.000Z,קניה,2,1,3
2021-07-08T00:00:00.000Z,קנדה,2,6,8
2021-07-08T00:00:00.000Z,קמרון,1,1,2
2021-07-08T00:00:00.000Z,קירג'זסטאן,7,0,7
2021-07-08T00:00:00.000Z,קזחסטאן,6,1,7
2021-07-08T00:00:00.000Z,קוריאה הדרומית,8,0,8
2021-07-08T00:00:00.000Z,פרו,0,1,1
2021-07-08T00:00:00.000Z,קוסובו,1,0,1
2021-07-08T00:00:00.000Z,קונגו,0,1,1
2021-07-08T00:00:00.000Z,קולומביה,2,11,13
2021-07-08T00:00:00.000Z,בוליביה,1,1,2
2021-07-08T00:00:00.000Z,בילורוסיה,52,53,105
2021-07-08T00:00:00.000Z,בלגיה,48,22,70
2021-07-08T00:00:00.000Z,ברזיל,5,11,16
2021-07-08T00:00:00.000Z,גאורגיה,775,90,865
2021-07-08T00:00:00.000Z,גווטאמלה,1,0,1
2021-07-08T00:00:00.000Z,גרמניה,316,118,434
2021-07-08T00:00:00.000Z,דנמרק,26,9,35
2021-07-08T00:00:00.000Z,דרום אפריקה,1,2,3
2021-07-08T00:00:00.000Z,סלובניה,4,0,4
2021-07-08T00:00:00.000Z,סינגפור,1,0,1
2021-07-08T00:00:00.000Z,סין,0,2,2
2021-07-08T00:00:00.000Z,סוריה,1,1,2
2021-07-08T00:00:00.000Z,ניגריה,3,1,4
2021-07-08T00:00:00.000Z,נורבגיה,2,0,2
2021-07-08T00:00:00.000Z,מרוקו,5,8,13
2021-07-08T00:00:00.000Z,מקסיקו,5,6,11
2021-07-08T00:00:00.000Z,מצרים,525,169,694
2021-07-08T00:00:00.000Z,מלטה,1,0,1
2021-07-08T00:00:00.000Z,מלדיבים,14,3,17
2021-07-08T00:00:00.000Z,מולדובה,78,33,111
2021-07-08T00:00:00.000Z,מאוריציוס,1,0,1
2021-07-08T00:00:00.000Z,לסוטו,1,0,1
2021-07-08T00:00:00.000Z,ליטא,38,7,45
2021-07-08T00:00:00.000Z,הולנד,171,50,221
2021-07-08T00:00:00.000Z,הונגריה,86,60,146
2021-07-08T00:00:00.000Z,הממלכה המאוחדת,488,255,743
2021-07-08T00:00:00.000Z,הרפ הדומיניקנית,1,0,1
2021-07-08T00:00:00.000Z,ויטנאם,1,1,2
2021-07-08T00:00:00.000Z,זאיר,2,1,3
2021-07-08T00:00:00.000Z,זמביה,6,1,7
2021-07-08T00:00:00.000Z,חוף השנהב,0,1,1
2021-07-08T00:00:00.000Z,טיוואן,0,4,4
2021-07-08T00:00:00.000Z,טנזניה,13,2,15
2021-07-08T00:00:00.000Z,יוון,2426,293,2719
2021-07-08T00:00:00.000Z,יפן,0,1,1
2021-07-08T00:00:00.000Z,ירדן,144,62,206
2021-07-08T00:00:00.000Z,כלל המדינות,11970,5745,17715
2021-07-08T00:00:00.000Z,קובה,1,0,1
2021-07-08T00:00:00.000Z,צרפת,400,333,733
2021-07-08T00:00:00.000Z,צכיה,44,5,49
2021-07-08T00:00:00.000Z,צ'ילה,1,3,4
2021-07-09T00:00:00.000Z,נפאל,0,1,1
2021-07-09T00:00:00.000Z,כלל המדינות,10814,4036,14850
2021-07-09T00:00:00.000Z,ירדן,0,21,21
2021-07-09T00:00:00.000Z,יפן,1,2,3
2021-07-09T00:00:00.000Z,יוון,1825,195,2020
2021-07-09T00:00:00.000Z,טנזניה,3,0,3
2021-07-09T00:00:00.000Z,חוף השנהב,1,0,1
2021-07-09T00:00:00.000Z,הרפ הדומיניקנית,0,2,2
2021-07-09T00:00:00.000Z,הממלכה המאוחדת,355,104,459
2021-07-09T00:00:00.000Z,הונגריה,92,64,156
2021-07-09T00:00:00.000Z,הולנד,197,89,286
2021-07-09T00:00:00.000Z,הודו,1,0,1
2021-07-09T00:00:00.000Z,דנמרק,14,9,23
2021-07-09T00:00:00.000Z,גרמניה,398,125,523
2021-07-09T00:00:00.000Z,גאנה,4,1,5
2021-07-09T00:00:00.000Z,גאורגיה,809,83,892
2021-07-09T00:00:00.000Z,אוקראינה,320,158,478
2021-07-09T00:00:00.000Z,אוסטרליה,1,0,1
2021-07-09T00:00:00.000Z,אוסטריה,503,49,552
2021-07-09T00:00:00.000Z,אוזבקיסטן,2,0,2
2021-07-09T00:00:00.000Z,ברזיל,1,0,1
2021-07-09T00:00:00.000Z,בלגיה,131,55,186
2021-07-09T00:00:00.000Z,בילורוסיה,46,18,64
2021-07-09T00:00:00.000Z,בחריין,2,1,3
2021-07-09T00:00:00.000Z,בולגריה,226,24,250
2021-07-09T00:00:00.000Z,ארצות הברית,884,1107,1991
2021-07-09T00:00:00.000Z,ארמניה,3,0,3
2021-07-09T00:00:00.000Z,אסטוניה,7,0,7
2021-07-09T00:00:00.000Z,אנגולה,6,0,6
2021-07-09T00:00:00.000Z,אירלנד,5,5,10
2021-07-09T00:00:00.000Z,איסלנד,20,4,24
2021-07-09T00:00:00.000Z,אינדונזיה,0,1,1
2021-07-09T00:00:00.000Z,איי סיישל,0,1,1
2021-07-09T00:00:00.000Z,איי טורקס וקייקוס,1,0,1
2021-07-09T00:00:00.000Z,איטליה,292,54,346
2021-07-09T00:00:00.000Z,תורכמניסטאן,16,6,22
2021-07-09T00:00:00.000Z,תורכיה,980,377,1357
2021-07-09T00:00:00.000Z,תאילנד,2,2,4
2021-07-09T00:00:00.000Z,אזרביג'אן,5,0,5
2021-07-09T00:00:00.000Z,שוויץ,375,93,468
2021-07-09T00:00:00.000Z,שוודיה,13,6,19
2021-07-09T00:00:00.000Z,רוסיה,40,29,69
2021-07-09T00:00:00.000Z,רומניה,272,58,330
2021-07-09T00:00:00.000Z,קרואטיה,26,4,30
2021-07-09T00:00:00.000Z,קפריסין,597,115,712
2021-07-09T00:00:00.000Z,קניה,3,0,3
2021-07-09T00:00:00.000Z,קנדה,9,114,123
2021-07-09T00:00:00.000Z,קירג'זסטאן,12,0,12
2021-07-09T00:00:00.000Z,קזחסטאן,0,2,2
2021-07-09T00:00:00.000Z,קוריאה הדרומית,2,1,3
2021-07-09T00:00:00.000Z,קוסטה ריקה,7,0,7
2021-07-09T00:00:00.000Z,קולומביה,1,3,4
2021-07-09T00:00:00.000Z,צרפת,343,237,580
2021-07-09T00:00:00.000Z,צכיה,108,21,129
2021-07-09T00:00:00.000Z,פרו,1,0,1
2021-07-09T00:00:00.000Z,פרגוואי,0,1,1
2021-07-09T00:00:00.000Z,פנמה,4,3,7
2021-07-09T00:00:00.000Z,פינלנד,15,8,23
2021-07-09T00:00:00.000Z,פיליפינים,2,3,5
2021-07-09T00:00:00.000Z,פורטוגל,26,4,30
2021-07-09T00:00:00.000Z,פולין,141,8,149
2021-07-09T00:00:00.000Z,סרי לנקה (צילון),2,0,2
2021-07-09T00:00:00.000Z,סרביה,57,9,66
2021-07-09T00:00:00.000Z,ספרד,238,31,269
2021-07-09T00:00:00.000Z,סלובקיה,2,0,2
2021-07-09T00:00:00.000Z,סלובניה,4,0,4
2021-07-09T00:00:00.000Z,סינגפור,0,7,7
2021-07-09T00:00:00.000Z,סין,1,5,6
2021-07-09T00:00:00.000Z,סורינם,1,0,1
2021-07-09T00:00:00.000Z,אורגוואי,0,2,2
2021-07-09T00:00:00.000Z,איחוד האמירויות הערב,63,9,72
2021-07-09T00:00:00.000Z,ניגריה,4,0,4
2021-07-09T00:00:00.000Z,נורבגיה,0,7,7
2021-07-09T00:00:00.000Z,מרוקו,5,0,5
2021-07-09T00:00:00.000Z,מקסיקו,1,1,2
2021-07-09T00:00:00.000Z,מקדוניה,2,0,2
2021-07-09T00:00:00.000Z,מצרים,513,206,719
2021-07-09T00:00:00.000Z,מלטה,4,0,4
2021-07-09T00:00:00.000Z,מלדיבים,19,2,21
2021-07-09T00:00:00.000Z,מונטנגרו,77,12,89
2021-07-09T00:00:00.000Z,מולדובה,0,1,1
2021-07-09T00:00:00.000Z,ליטא,3,0,3
2021-07-09T00:00:00.000Z,לוכסמבורג,0,2,2
2021-07-10T00:00:00.000Z,פרו,0,1,1
2021-07-10T00:00:00.000Z,הממלכה המאוחדת,144,82,226
2021-07-10T00:00:00.000Z,איחוד האמירויות הערב,44,4,48
2021-07-10T00:00:00.000Z,נורבגיה,0,4,4
2021-07-10T00:00:00.000Z,מצרים,1021,146,1167
2021-07-10T00:00:00.000Z,מלטה,2,0,2
2021-07-10T00:00:00.000Z,מלדיבים,18,1,19
2021-07-10T00:00:00.000Z,מונטנגרו,89,7,96
2021-07-10T00:00:00.000Z,מונגוליה,1,0,1
2021-07-10T00:00:00.000Z,מולדובה,48,18,66
2021-07-10T00:00:00.000Z,מוזמביק,1,0,1
2021-07-10T00:00:00.000Z,מאלי,3,0,3
2021-07-10T00:00:00.000Z,מאוריציוס,1,0,1
2021-07-10T00:00:00.000Z,ליטא,3,3,6
2021-07-10T00:00:00.000Z,לטביה,30,11,41
2021-07-10T00:00:00.000Z,כלל המדינות,7278,2751,10029
2021-07-10T00:00:00.000Z,ירדן,2,14,16
2021-07-10T00:00:00.000Z,יוון,1280,92,1372
2021-07-10T00:00:00.000Z,טנזניה,13,0,13
2021-07-10T00:00:00.000Z,חוף השנהב,0,1,1
2021-07-10T00:00:00.000Z,זמביה,1,0,1
2021-07-10T00:00:00.000Z,זימבאבווה,2,0,2
2021-07-10T00:00:00.000Z,זאיר,3,0,3
2021-07-10T00:00:00.000Z,אוזבקיסטן,1,0,1
2021-07-10T00:00:00.000Z,אוסטריה,202,33,235
2021-07-10T00:00:00.000Z,אוקראינה,196,42,238
2021-07-10T00:00:00.000Z,אזרביג'אן,5,1,6
2021-07-10T00:00:00.000Z,איטליה,228,46,274
2021-07-10T00:00:00.000Z,ניגריה,1,0,1
2021-07-10T00:00:00.000Z,ניו זילנד,1,0,1
2021-07-10T00:00:00.000Z,סין,1,0,1
2021-07-10T00:00:00.000Z,סינגפור,2,1,3
2021-07-10T00:00:00.000Z,סלובניה,1,0,1
2021-07-10T00:00:00.000Z,ספרד,24,12,36
2021-07-10T00:00:00.000Z,סרביה,39,2,41
2021-07-10T00:00:00.000Z,פאפואה,2,1,3
2021-07-10T00:00:00.000Z,פולין,125,26,151
2021-07-10T00:00:00.000Z,פורטוגל,16,0,16
2021-07-10T00:00:00.000Z,פיליפינים,0,6,6
2021-07-10T00:00:00.000Z,פינלנד,2,2,4
2021-07-10T00:00:00.000Z,פנמה,1,0,1
2021-07-10T00:00:00.000Z,הונגריה,86,52,138
2021-07-10T00:00:00.000Z,צאד,3,0,3
2021-07-10T00:00:00.000Z,צכיה,4,2,6
2021-07-10T00:00:00.000Z,צרפת,107,59,166
2021-07-10T00:00:00.000Z,קולומביה,0,2,2
2021-07-10T00:00:00.000Z,קוריאה הדרומית,5,3,8
2021-07-10T00:00:00.000Z,קזחסטאן,1,0,1
2021-07-10T00:00:00.000Z,קמרון,3,0,3
2021-07-10T00:00:00.000Z,קנדה,2,8,10
2021-07-10T00:00:00.000Z,קניה,6,4,10
2021-07-10T00:00:00.000Z,קפריסין,500,38,538
2021-07-10T00:00:00.000Z,קרואטיה,12,3,15
2021-07-10T00:00:00.000Z,רואנדה,0,2,2
2021-07-10T00:00:00.000Z,רומניה,346,155,501
2021-07-10T00:00:00.000Z,רוסיה,3,2,5
2021-07-10T00:00:00.000Z,שוודיה,2,3,5
2021-07-10T00:00:00.000Z,שוויץ,105,27,132
2021-07-10T00:00:00.000Z,תוניסיה,1,0,1
2021-07-10T00:00:00.000Z,תורכיה,1211,344,1555
2021-07-10T00:00:00.000Z,תורכמניסטאן,28,2,30
2021-07-10T00:00:00.000Z,איי סיישל,14,1,15
2021-07-10T00:00:00.000Z,איסלנד,40,6,46
2021-07-10T00:00:00.000Z,אירלנד,1,2,3
2021-07-10T00:00:00.000Z,אלבניה,3,2,5
2021-07-10T00:00:00.000Z,אסטוניה,1,0,1
2021-07-10T00:00:00.000Z,ארמניה,1,2,3
2021-07-10T00:00:00.000Z,ארצות הברית,355,837,1192
2021-07-10T00:00:00.000Z,אתיופיה,27,12,39
2021-07-10T00:00:00.000Z,בולגריה,67,2,69
2021-07-10T00:00:00.000Z,בוסניה הרצגובינה,1,0,1
2021-07-10T00:00:00.000Z,בלגיה,0,1,1
2021-07-10T00:00:00.000Z,ברוניי,0,1,1
2021-07-10T00:00:00.000Z,ברזיל,0,3,3
2021-07-10T00:00:00.000Z,גאורגיה,95,9,104
2021-07-10T00:00:00.000Z,גאנה,10,2,12
2021-07-10T00:00:00.000Z,גבון,1,0,1
2021-07-10T00:00:00.000Z,גרמניה,180,128,308
2021-07-10T00:00:00.000Z,דנמרק,11,9,20
2021-07-10T00:00:00.000Z,דרום אפריקה,1,1,2
2021-07-10T00:00:00.000Z,הולנד,177,33,210
2021-07-10T00:00:00.000Z,הרפ הדומיניקנית,0,1,1
2021-07-11T00:00:00.000Z,רומניה,282,77,359
2021-07-11T00:00:00.000Z,קרואטיה,8,3,11
2021-07-11T00:00:00.000Z,קפריסין,950,104,1054
2021-07-11T00:00:00.000Z,קנדה,12,135,147
2021-07-11T00:00:00.000Z,קירג'זסטאן,15,1,16
2021-07-11T00:00:00.000Z,קזחסטאן,2,2,4
2021-07-11T00:00:00.000Z,קוריאה הדרומית,4,5,9
2021-07-11T00:00:00.000Z,קוסטה ריקה,11,1,12
2021-07-11T00:00:00.000Z,קובה,1,0,1
2021-07-11T00:00:00.000Z,צרפת,597,424,1021
2021-07-11T00:00:00.000Z,צכיה,85,22,107
2021-07-11T00:00:00.000Z,הממלכה המאוחדת,385,242,627
2021-07-11T00:00:00.000Z,הונגריה,76,73,149
2021-07-11T00:00:00.000Z,הונג קונג,0,1,1
2021-07-11T00:00:00.000Z,הולנד,249,104,353
2021-07-11T00:00:00.000Z,דנמרק,7,4,11
2021-07-11T00:00:00.000Z,גרמניה,371,131,502
2021-07-11T00:00:00.000Z,גינאה המשוונית,0,17,17
2021-07-11T00:00:00.000Z,פרו,1,1,2
2021-07-11T00:00:00.000Z,ברזיל,1,3,4
2021-07-11T00:00:00.000Z,בלגיה,20,30,50
2021-07-11T00:00:00.000Z,בילורוסיה,114,57,171
2021-07-11T00:00:00.000Z,בוסניה הרצגובינה,2,0,2
2021-07-11T00:00:00.000Z,בולגריה,606,47,653
2021-07-11T00:00:00.000Z,בהמס,0,1,1
2021-07-11T00:00:00.000Z,ארצות הברית,454,636,1090
2021-07-11T00:00:00.000Z,ארמניה,0,2,2
2021-07-11T00:00:00.000Z,ארגנטינה,4,4,8
2021-07-11T00:00:00.000Z,אסטוניה,3,0,3
2021-07-11T00:00:00.000Z,אנגולה,3,0,3
2021-07-11T00:00:00.000Z,אלגיריה,1,0,1
2021-07-11T00:00:00.000Z,אלבניה,28,6,34
2021-07-11T00:00:00.000Z,אירלנד,1,8,9
2021-07-11T00:00:00.000Z,איסלנד,35,0,35
2021-07-11T00:00:00.000Z,איי סיישל,3,0,3
2021-07-11T00:00:00.000Z,איי טורקס וקייקוס,5,0,5
2021-07-11T00:00:00.000Z,איי גילברט ואליס,1,0,1
2021-07-11T00:00:00.000Z,איטליה,387,62,449
2021-07-11T00:00:00.000Z,אזרביג'אן,21,11,32
2021-07-11T00:00:00.000Z,אורגוואי,0,2,2
2021-07-11T00:00:00.000Z,אוקראינה,432,232,664
2021-07-11T00:00:00.000Z,אוסטרליה,2,2,4
2021-07-11T00:00:00.000Z,אוסטריה,95,15,110
2021-07-11T00:00:00.000Z,אוזבקיסטן,7,4,11
2021-07-11T00:00:00.000Z,פנמה,4,2,6
2021-07-11T00:00:00.000Z,פינלנד,2,0,2
2021-07-11T00:00:00.000Z,פיליפינים,2,12,14
2021-07-11T00:00:00.000Z,פורטוגל,24,1,25
2021-07-11T00:00:00.000Z,פולין,70,7,77
2021-07-11T00:00:00.000Z,פאפואה,1,0,1
2021-07-11T00:00:00.000Z,סרביה,8,1,9
2021-07-11T00:00:00.000Z,ספרד,263,60,323
2021-07-11T00:00:00.000Z,סלובניה,8,0,8
2021-07-11T00:00:00.000Z,סוריה,2,2,4
2021-07-11T00:00:00.000Z,נפאל,0,2,2
2021-07-11T00:00:00.000Z,ניגריה,2,0,2
2021-07-11T00:00:00.000Z,נורבגיה,1,6,7
2021-07-11T00:00:00.000Z,מרוקו,2,0,2
2021-07-11T00:00:00.000Z,מקסיקו,1,2,3
2021-07-11T00:00:00.000Z,מקדוניה,5,9,14
2021-07-11T00:00:00.000Z,מצרים,1125,180,1305
2021-07-11T00:00:00.000Z,מלטה,2,0,2
2021-07-11T00:00:00.000Z,מלזיה,1,0,1
2021-07-11T00:00:00.000Z,מלדיבים,23,7,30
2021-07-11T00:00:00.000Z,מונקו,3,0,3
2021-07-11T00:00:00.000Z,מונטנגרו,5,0,5
2021-07-11T00:00:00.000Z,מולדובה,74,23,97
2021-07-11T00:00:00.000Z,מאוריציוס,1,0,1
2021-07-11T00:00:00.000Z,ליטא,46,10,56
2021-07-11T00:00:00.000Z,לטביה,1,0,1
2021-07-11T00:00:00.000Z,כלל המדינות,13786,4594,18380
2021-07-11T00:00:00.000Z,ירדן,221,91,312
2021-07-11T00:00:00.000Z,איחוד האמירויות הערב,80,25,105
2021-07-11T00:00:00.000Z,גאורגיה,861,74,935
2021-07-11T00:00:00.000Z,יפן,0,3,3
2021-07-11T00:00:00.000Z,יוון,2994,228,3222
2021-07-11T00:00:00.000Z,גאנה,4,0,4
2021-07-11T00:00:00.000Z,תורכמניסטאן,2,1,3
2021-07-11T00:00:00.000Z,תורכיה,1371,513,1884
2021-07-11T00:00:00.000Z,תוניסיה,0,1,1
2021-07-11T00:00:00.000Z,תאילנד,56,26,82
2021-07-11T00:00:00.000Z,שוויץ,235,159,394
2021-07-11T00:00:00.000Z,שוודיה,11,11,22
2021-07-11T00:00:00.000Z,רוסיה,51,98,149
2021-07-12T00:00:00.000Z,יוון,2407,178,2585
2021-07-12T00:00:00.000Z,תורכיה,1409,568,1977
2021-07-12T00:00:00.000Z,שוויץ,231,75,306
2021-07-12T00:00:00.000Z,שוודיה,7,8,15
2021-07-12T00:00:00.000Z,רוסיה,32,37,69
2021-07-12T00:00:00.000Z,רומניה,420,69,489
2021-07-12T00:00:00.000Z,רואנדה,3,0,3
2021-07-12T00:00:00.000Z,קרואטיה,9,3,12
2021-07-12T00:00:00.000Z,קפריסין,668,58,726
2021-07-12T00:00:00.000Z,קניה,7,13,20
2021-07-12T00:00:00.000Z,קנדה,3,20,23
2021-07-12T00:00:00.000Z,קירג'זסטאן,2,1,3
2021-07-12T00:00:00.000Z,קטר,1,0,1
2021-07-12T00:00:00.000Z,קזחסטאן,1,0,1
2021-07-12T00:00:00.000Z,קוריאה הדרומית,0,1,1
2021-07-12T00:00:00.000Z,קוסטה ריקה,8,1,9
2021-07-12T00:00:00.000Z,קולומביה,2,3,5
2021-07-12T00:00:00.000Z,צרפת,257,252,509
2021-07-12T00:00:00.000Z,צכיה,196,14,210
2021-07-12T00:00:00.000Z,צ'ילה,3,1,4
2021-07-12T00:00:00.000Z,פרו,1,0,1
2021-07-12T00:00:00.000Z,פנמה,4,7,11
2021-07-12T00:00:00.000Z,פינלנד,1,0,1
2021-07-12T00:00:00.000Z,פיליפינים,1,10,11
2021-07-12T00:00:00.000Z,פורטוגל,99,13,112
2021-07-12T00:00:00.000Z,פולין,57,14,71
2021-07-12T00:00:00.000Z,ערב הסעודית,0,4,4
2021-07-12T00:00:00.000Z,ספרד,150,29,179
2021-07-12T00:00:00.000Z,סין,1,2,3
2021-07-12T00:00:00.000Z,סוריה,1,10,11
2021-07-12T00:00:00.000Z,ניגריה,8,0,8
2021-07-12T00:00:00.000Z,נורבגיה,1,4,5
2021-07-12T00:00:00.000Z,מרוקו,2,2,4
2021-07-12T00:00:00.000Z,מקסיקו,2,4,6
2021-07-12T00:00:00.000Z,מצרים,633,109,742
2021-07-12T00:00:00.000Z,מלדיבים,15,1,16
2021-07-12T00:00:00.000Z,מונטנגרו,158,4,162
2021-07-12T00:00:00.000Z,מולדובה,1,0,1
2021-07-12T00:00:00.000Z,ליטא,3,2,5
2021-07-12T00:00:00.000Z,לטביה,2,0,2
2021-07-12T00:00:00.000Z,כלל המדינות,12409,4746,17155
2021-07-12T00:00:00.000Z,ירדן,93,46,139
2021-07-12T00:00:00.000Z,יפן,2,1,3
2021-07-12T00:00:00.000Z,תאילנד,2,0,2
2021-07-12T00:00:00.000Z,טנזניה,11,0,11
2021-07-12T00:00:00.000Z,טיוואן,1,0,1
2021-07-12T00:00:00.000Z,חוף השנהב,1,0,1
2021-07-12T00:00:00.000Z,זמביה,2,0,2
2021-07-12T00:00:00.000Z,ויטנאם,0,1,1
2021-07-12T00:00:00.000Z,הרפ הדומיניקנית,3,0,3
2021-07-12T00:00:00.000Z,הממלכה המאוחדת,430,142,572
2021-07-12T00:00:00.000Z,הונדורס,1,0,1
2021-07-12T00:00:00.000Z,הונגריה,79,16,95
2021-07-12T00:00:00.000Z,הולנד,101,29,130
2021-07-12T00:00:00.000Z,הודו,9,5,14
2021-07-12T00:00:00.000Z,דרום אפריקה,1,9,10
2021-07-12T00:00:00.000Z,דנמרק,14,1,15
2021-07-12T00:00:00.000Z,גרמניה,322,116,438
2021-07-12T00:00:00.000Z,תורכמניסטאן,5,3,8
2021-07-12T00:00:00.000Z,גיברלטר,0,5,5
2021-07-12T00:00:00.000Z,גאנה,7,2,9
2021-07-12T00:00:00.000Z,גאורגיה,638,73,711
2021-07-12T00:00:00.000Z,ברזיל,0,2,2
2021-07-12T00:00:00.000Z,בלגיה,75,74,149
2021-07-12T00:00:00.000Z,בילורוסיה,3,2,5
2021-07-12T00:00:00.000Z,בחריין,0,4,4
2021-07-12T00:00:00.000Z,בולגריה,433,60,493
2021-07-12T00:00:00.000Z,בוטסואנה,0,7,7
2021-07-12T00:00:00.000Z,בהמס,1,0,1
2021-07-12T00:00:00.000Z,אתיופיה,18,23,41
2021-07-12T00:00:00.000Z,ארצות הברית,706,1410,2116
2021-07-12T00:00:00.000Z,אקואדור,3,0,3
2021-07-12T00:00:00.000Z,אנדורה,1,0,1
2021-07-12T00:00:00.000Z,אלבניה,1,2,3
2021-07-12T00:00:00.000Z,אירלנד,3,7,10
2021-07-12T00:00:00.000Z,איסלנד,63,0,63
2021-07-12T00:00:00.000Z,אינדונזיה,3,3,6
2021-07-12T00:00:00.000Z,איי סיישל,11,4,15
2021-07-12T00:00:00.000Z,איטליה,470,61,531
2021-07-12T00:00:00.000Z,אזרביג'אן,0,3,3
2021-07-12T00:00:00.000Z,אוקראינה,464,245,709
2021-07-12T00:00:00.000Z,אוסטריה,558,80,638
2021-07-12T00:00:00.000Z,אוזבקיסטן,70,107,177
2021-07-12T00:00:00.000Z,אבחזיסטאן,1,0,1
2021-07-12T00:00:00.000Z,איחוד האמירויות הערב,45,11,56
2021-07-12T00:00:00.000Z,סרביה,52,10,62
2021-07-13T00:00:00.000Z,שוודיה,5,6,11
2021-07-13T00:00:00.000Z,שוויץ,154,65,219
2021-07-13T00:00:00.000Z,תאילנד,10,223,233
2021-07-13T00:00:00.000Z,תורכיה,928,412,1340
2021-07-13T00:00:00.000Z,תורכמניסטאן,12,5,17
2021-07-13T00:00:00.000Z,מלדיבים,20,7,27
2021-07-13T00:00:00.000Z,אוגנדה,0,1,1
2021-07-13T00:00:00.000Z,אוזבקיסטן,0,3,3
2021-07-13T00:00:00.000Z,אוסטריה,231,69,300
2021-07-13T00:00:00.000Z,אוסטרליה,5,3,8
2021-07-13T00:00:00.000Z,אוקראינה,276,156,432
2021-07-13T00:00:00.000Z,אורגוואי,0,3,3
2021-07-13T00:00:00.000Z,אזרביג'אן,5,0,5
2021-07-13T00:00:00.000Z,איטליה,269,40,309
2021-07-13T00:00:00.000Z,איי טורקס וקייקוס,1,0,1
2021-07-13T00:00:00.000Z,איי סיישל,4,5,9
2021-07-13T00:00:00.000Z,איסלנד,92,3,95
2021-07-13T00:00:00.000Z,אלבניה,92,2,94
2021-07-13T00:00:00.000Z,אנגולה,1,0,1
2021-07-13T00:00:00.000Z,אסטוניה,22,4,26
2021-07-13T00:00:00.000Z,אפגניסטן,3,0,3
2021-07-13T00:00:00.000Z,אקואדור,1,1,2
2021-07-13T00:00:00.000Z,ארמניה,2,2,4
2021-07-13T00:00:00.000Z,ארצות הברית,604,950,1554
2021-07-13T00:00:00.000Z,אתיופיה,6,10,16
2021-07-13T00:00:00.000Z,בולגריה,328,28,356
2021-07-13T00:00:00.000Z,בוסניה הרצגובינה,3,5,8
2021-07-13T00:00:00.000Z,בילורוסיה,2,0,2
2021-07-13T00:00:00.000Z,בלגיה,3,6,9
2021-07-13T00:00:00.000Z,ברזיל,0,2,2
2021-07-13T00:00:00.000Z,גאורגיה,337,40,377
2021-07-13T00:00:00.000Z,גאנה,1,1,2
2021-07-13T00:00:00.000Z,גווטאמלה,1,0,1
2021-07-13T00:00:00.000Z,גרמניה,405,102,507
2021-07-13T00:00:00.000Z,דנמרק,6,3,9
2021-07-13T00:00:00.000Z,דרום אפריקה,3,8,11
2021-07-13T00:00:00.000Z,הולנד,303,39,342
2021-07-13T00:00:00.000Z,הונג קונג,3,12,15
2021-07-13T00:00:00.000Z,הונגריה,125,49,174
2021-07-13T00:00:00.000Z,הממלכה המאוחדת,616,194,810
2021-07-13T00:00:00.000Z,הרפ הדומיניקנית,1,0,1
2021-07-13T00:00:00.000Z,זאיר,1,1,2
2021-07-13T00:00:00.000Z,טנזניה,8,0,8
2021-07-13T00:00:00.000Z,יוון,1849,124,1973
2021-07-13T00:00:00.000Z,ירדן,75,48,123
2021-07-13T00:00:00.000Z,כלל המדינות,9979,3972,13951
2021-07-13T00:00:00.000Z,לטביה,36,10,46
2021-07-13T00:00:00.000Z,ליטא,3,0,3
2021-07-13T00:00:00.000Z,מוזמביק,2,0,2
2021-07-13T00:00:00.000Z,מולדובה,57,15,72
2021-07-13T00:00:00.000Z,איחוד האמירויות הערב,38,11,49
2021-07-13T00:00:00.000Z,מלטה,4,0,4
2021-07-13T00:00:00.000Z,מצרים,477,82,559
2021-07-13T00:00:00.000Z,מקסיקו,5,5,10
2021-07-13T00:00:00.000Z,מרוקו,1,1,2
2021-07-13T00:00:00.000Z,ניגריה,7,0,7
2021-07-13T00:00:00.000Z,ניו זילנד,0,4,4
2021-07-13T00:00:00.000Z,סין,0,3,3
2021-07-13T00:00:00.000Z,סלובניה,1,0,1
2021-07-13T00:00:00.000Z,ספרד,229,41,270
2021-07-13T00:00:00.000Z,סרביה,67,9,76
2021-07-13T00:00:00.000Z,סרי לנקה (צילון),0,1,1
2021-07-13T00:00:00.000Z,פולין,152,16,168
2021-07-13T00:00:00.000Z,פורטוגל,18,9,27
2021-07-13T00:00:00.000Z,פיליפינים,1,2,3
2021-07-13T00:00:00.000Z,פינלנד,1,3,4
2021-07-13T00:00:00.000Z,פנמה,4,11,15
2021-07-13T00:00:00.000Z,צכיה,174,6,180
2021-07-13T00:00:00.000Z,צרפת,316,230,546
2021-07-13T00:00:00.000Z,קולומביה,1,4,5
2021-07-13T00:00:00.000Z,קוסובו,1,2,3
2021-07-13T00:00:00.000Z,קוסטה ריקה,9,0,9
2021-07-13T00:00:00.000Z,קוריאה הדרומית,1,0,1
2021-07-13T00:00:00.000Z,קזחסטאן,1,1,2
2021-07-13T00:00:00.000Z,קנדה,6,118,124
2021-07-13T00:00:00.000Z,קניה,6,0,6
2021-07-13T00:00:00.000Z,קפריסין,573,85,658
2021-07-13T00:00:00.000Z,קרואטיה,10,3,13
2021-07-13T00:00:00.000Z,רומניה,225,89,314
2021-07-13T00:00:00.000Z,רוסיה,14,15,29
2021-07-13T00:00:00.000Z,רפ מרכז אפריקנית,3,0,3
2021-07-14T00:00:00.000Z,גרמניה,356,134,490
2021-07-14T00:00:00.000Z,תורכמניסטאן,12,4,16
2021-07-14T00:00:00.000Z,תאילנד,2,4,6
2021-07-14T00:00:00.000Z,שוויץ,104,63,167
2021-07-14T00:00:00.000Z,שוודיה,6,5,11
2021-07-14T00:00:00.000Z,רוסיה,34,40,74
2021-07-14T00:00:00.000Z,רומניה,352,166,518
2021-07-14T00:00:00.000Z,איחוד האמירויות הערב,90,23,113
2021-07-14T00:00:00.000Z,אוגנדה,3,0,3
2021-07-14T00:00:00.000Z,אוזבקיסטן,2,2,4
2021-07-14T00:00:00.000Z,אוסטריה,242,54,296
2021-07-14T00:00:00.000Z,אוסטרליה,1,16,17
2021-07-14T00:00:00.000Z,אוקראינה,375,219,594
2021-07-14T00:00:00.000Z,אורגוואי,1,1,2
2021-07-14T00:00:00.000Z,אזרביג'אן,10,3,13
2021-07-14T00:00:00.000Z,קרואטיה,16,12,28
2021-07-14T00:00:00.000Z,קפריסין,352,79,431
2021-07-14T00:00:00.000Z,קניה,3,2,5
2021-07-14T00:00:00.000Z,קנדה,16,148,164
2021-07-14T00:00:00.000Z,קמבודיה,0,10,10
2021-07-14T00:00:00.000Z,קירג'זסטאן,14,1,15
2021-07-14T00:00:00.000Z,קזחסטאן,6,4,10
2021-07-14T00:00:00.000Z,קוסטה ריקה,13,0,13
2021-07-14T00:00:00.000Z,קוסובו,1,1,2
2021-07-14T00:00:00.000Z,צרפת,512,517,1029
2021-07-14T00:00:00.000Z,צכיה,57,5,62
2021-07-14T00:00:00.000Z,פרו,1,7,8
2021-07-14T00:00:00.000Z,פרגוואי,1,1,2
2021-07-14T00:00:00.000Z,פנמה,0,2,2
2021-07-14T00:00:00.000Z,פינלנד,0,2,2
2021-07-14T00:00:00.000Z,פיליפינים,0,8,8
2021-07-14T00:00:00.000Z,פורטוגל,108,24,132
2021-07-14T00:00:00.000Z,פורטו ריקו,0,4,4
2021-07-14T00:00:00.000Z,פולין,80,8,88
2021-07-14T00:00:00.000Z,ערב הסעודית,0,1,1
2021-07-14T00:00:00.000Z,סרי לנקה (צילון),0,2,2
2021-07-14T00:00:00.000Z,איטליה,348,87,435
2021-07-14T00:00:00.000Z,איי סיישל,68,7,75
2021-07-14T00:00:00.000Z,אינדונזיה,2,0,2
2021-07-14T00:00:00.000Z,איסלנד,19,1,20
2021-07-14T00:00:00.000Z,אירלנד,6,2,8
2021-07-14T00:00:00.000Z,אלבניה,1,0,1
2021-07-14T00:00:00.000Z,אסטוניה,2,0,2
2021-07-14T00:00:00.000Z,ארגנטינה,2,2,4
2021-07-14T00:00:00.000Z,ארמניה,1,0,1
2021-07-14T00:00:00.000Z,ארצות הברית,720,1172,1892
2021-07-14T00:00:00.000Z,אתיופיה,7,1,8
2021-07-14T00:00:00.000Z,בוטסואנה,1,0,1
2021-07-14T00:00:00.000Z,בולגריה,242,32,274
2021-07-14T00:00:00.000Z,בילורוסיה,108,54,162
2021-07-14T00:00:00.000Z,בלגיה,89,52,141
2021-07-14T00:00:00.000Z,ברזיל,2,5,7
2021-07-14T00:00:00.000Z,גאורגיה,295,48,343
2021-07-14T00:00:00.000Z,גאנה,3,1,4
2021-07-14T00:00:00.000Z,תורכיה,944,442,1386
2021-07-14T00:00:00.000Z,דנמרק,18,12,30
2021-07-14T00:00:00.000Z,דרום אפריקה,1,2,3
2021-07-14T00:00:00.000Z,האנטילים ההולנדים,2,0,2
2021-07-14T00:00:00.000Z,הודו,0,9,9
2021-07-14T00:00:00.000Z,הולנד,303,91,394
2021-07-14T00:00:00.000Z,הונגריה,60,44,104
2021-07-14T00:00:00.000Z,הממלכה המאוחדת,198,148,346
2021-07-14T00:00:00.000Z,ונצואלה,0,8,8
2021-07-14T00:00:00.000Z,זמביה,2,0,2
2021-07-14T00:00:00.000Z,טנזניה,101,6,107
2021-07-14T00:00:00.000Z,יוון,1220,126,1346
2021-07-14T00:00:00.000Z,יפן,0,4,4
2021-07-14T00:00:00.000Z,ירדן,93,64,157
2021-07-14T00:00:00.000Z,כלל המדינות,9259,4809,14068
2021-07-14T00:00:00.000Z,ליבריה,0,1,1
2021-07-14T00:00:00.000Z,מונטנגרו,135,5,140
2021-07-14T00:00:00.000Z,מיאנמר (בורמה),0,1,1
2021-07-14T00:00:00.000Z,מלדיבים,3,0,3
2021-07-14T00:00:00.000Z,מלטה,8,0,8
2021-07-14T00:00:00.000Z,מצרים,411,92,503
2021-07-14T00:00:00.000Z,מקדוניה,1,0,1
2021-07-14T00:00:00.000Z,מקסיקו,1,10,11
2021-07-14T00:00:00.000Z,מרוקו,3,1,4
2021-07-14T00:00:00.000Z,נורבגיה,1,4,5
2021-07-14T00:00:00.000Z,ניגריה,1,0,1
2021-07-14T00:00:00.000Z,סין,3,32,35
2021-07-14T00:00:00.000Z,סינגפור,1,1,2
2021-07-14T00:00:00.000Z,סלובניה,118,19,137
2021-07-14T00:00:00.000Z,סלובקיה,1,0,1
2021-07-14T00:00:00.000Z,ספרד,132,37,169
2021-07-14T00:00:00.000Z,סרביה,58,7,65
2021-07-15T00:00:00.000Z,קנדה,4,11,15
2021-07-15T00:00:00.000Z,איטליה,373,93,466
2021-07-15T00:00:00.000Z,אורגוואי,0,2,2
2021-07-15T00:00:00.000Z,אוקראינה,265,165,430
2021-07-15T00:00:00.000Z,אוסטרליה,1,0,1
2021-07-15T00:00:00.000Z,אוסטריה,107,35,142
2021-07-15T00:00:00.000Z,אוזבקיסטן,5,3,8
2021-07-15T00:00:00.000Z,אוגנדה,1,0,1
2021-07-15T00:00:00.000Z,איחוד האמירויות הערב,198,50,248
2021-07-15T00:00:00.000Z,מלדיבים,8,1,9
2021-07-15T00:00:00.000Z,מלטה,3,1,4
2021-07-15T00:00:00.000Z,מצרים,478,141,619
2021-07-15T00:00:00.000Z,מקדוניה,2,0,2
2021-07-15T00:00:00.000Z,מקסיקו,0,3,3
2021-07-15T00:00:00.000Z,מרוקו,7,11,18
2021-07-15T00:00:00.000Z,ניגריה,2,2,4
2021-07-15T00:00:00.000Z,נמיביה,4,0,4
2021-07-15T00:00:00.000Z,נפאל,1,0,1
2021-07-15T00:00:00.000Z,סוריה,6,6,12
2021-07-15T00:00:00.000Z,סין,0,5,5
2021-07-15T00:00:00.000Z,סינגפור,1,0,1
2021-07-15T00:00:00.000Z,ספרד,285,82,367
2021-07-15T00:00:00.000Z,סרביה,3,3,6
2021-07-15T00:00:00.000Z,פולין,97,40,137
2021-07-15T00:00:00.000Z,פורטוגל,15,6,21
2021-07-15T00:00:00.000Z,פיליפינים,0,15,15
2021-07-15T00:00:00.000Z,פינלנד,4,0,4
2021-07-15T00:00:00.000Z,פנמה,9,32,41
2021-07-15T00:00:00.000Z,פרו,4,0,4
2021-07-15T00:00:00.000Z,צאד,3,0,3
2021-07-15T00:00:00.000Z,צ'ילה,1,0,1
2021-07-15T00:00:00.000Z,צכיה,53,13,66
2021-07-15T00:00:00.000Z,צרפת,511,365,876
2021-07-15T00:00:00.000Z,קולומביה,2,11,13
2021-07-15T00:00:00.000Z,קוסטה ריקה,8,1,9
2021-07-15T00:00:00.000Z,קזחסטאן,56,6,62
2021-07-15T00:00:00.000Z,קירג'זסטאן,34,2,36
2021-07-15T00:00:00.000Z,קמרון,1,0,1
2021-07-15T00:00:00.000Z,אזרביג'אן,10,0,10
2021-07-15T00:00:00.000Z,קניה,6,0,6
2021-07-15T00:00:00.000Z,קפריסין,486,108,594
2021-07-15T00:00:00.000Z,קרואטיה,4,0,4
2021-07-15T00:00:00.000Z,רואנדה,2,0,2
2021-07-15T00:00:00.000Z,רומניה,202,73,275
2021-07-15T00:00:00.000Z,רוסיה,72,136,208
2021-07-15T00:00:00.000Z,שוודיה,16,6,22
2021-07-15T00:00:00.000Z,שוויץ,163,91,254
2021-07-15T00:00:00.000Z,תאילנד,30,36,66
2021-07-15T00:00:00.000Z,תוניסיה,1,0,1
2021-07-15T00:00:00.000Z,איי גילברט ואליס,1,0,1
2021-07-15T00:00:00.000Z,איי טורקס וקייקוס,2,0,2
2021-07-15T00:00:00.000Z,איי סיישל,2,0,2
2021-07-15T00:00:00.000Z,איסלנד,112,2,114
2021-07-15T00:00:00.000Z,אירלנד,2,3,5
2021-07-15T00:00:00.000Z,אלבניה,33,5,38
2021-07-15T00:00:00.000Z,אלגיריה,0,1,1
2021-07-15T00:00:00.000Z,אנגולה,1,0,1
2021-07-15T00:00:00.000Z,אסטוניה,1,1,2
2021-07-15T00:00:00.000Z,אקואדור,2,1,3
2021-07-15T00:00:00.000Z,ארגנטינה,1,55,56
2021-07-15T00:00:00.000Z,ארמניה,4,4,8
2021-07-15T00:00:00.000Z,ארצות הברית,763,1365,2128
2021-07-15T00:00:00.000Z,אתיופיה,32,4,36
2021-07-15T00:00:00.000Z,בוטסואנה,1,0,1
2021-07-15T00:00:00.000Z,בולגריה,456,57,513
2021-07-15T00:00:00.000Z,בוליביה,3,0,3
2021-07-15T00:00:00.000Z,בחריין,7,0,7
2021-07-15T00:00:00.000Z,בלגיה,33,47,80
2021-07-15T00:00:00.000Z,תורכיה,1011,384,1395
2021-07-15T00:00:00.000Z,תורכמניסטאן,11,8,19
2021-07-15T00:00:00.000Z,מונטנגרו,3,0,3
2021-07-15T00:00:00.000Z,מולדובה,107,46,153
2021-07-15T00:00:00.000Z,מוזמביק,2,0,2
2021-07-15T00:00:00.000Z,לסוטו,1,0,1
2021-07-15T00:00:00.000Z,ליטא,85,5,90
2021-07-15T00:00:00.000Z,לטביה,2,0,2
2021-07-15T00:00:00.000Z,כלל המדינות,11638,5543,17181
2021-07-15T00:00:00.000Z,ירדן,286,114,400
2021-07-15T00:00:00.000Z,יפן,1,1,2
2021-07-15T00:00:00.000Z,יוון,2240,260,2500
2021-07-15T00:00:00.000Z,טנזניה,7,0,7
2021-07-15T00:00:00.000Z,טיוואן,1,3,4
2021-07-15T00:00:00.000Z,חוף השנהב,3,0,3
2021-07-15T00:00:00.000Z,זמביה,10,6,16
2021-07-15T00:00:00.000Z,זימבאבווה,1,0,1
2021-07-15T00:00:00.000Z,זאיר,3,0,3
2021-07-15T00:00:00.000Z,הרפ הדומיניקנית,2,0,2
2021-07-15T00:00:00.000Z,ברזיל,1,3,4
2021-07-15T00:00:00.000Z,גאורגיה,764,96,860
2021-07-15T00:00:00.000Z,גאנה,2,1,3
2021-07-15T00:00:00.000Z,גווטאמלה,3,0,3
2021-07-15T00:00:00.000Z,גרמניה,292,136,428
2021-07-15T00:00:00.000Z,דומיניקה,1,0,1
2021-07-15T00:00:00.000Z,דנמרק,10,18,28
2021-07-15T00:00:00.000Z,דרום אפריקה,1,3,4
2021-07-15T00:00:00.000Z,דרום סודאן,1,0,1
2021-07-15T00:00:00.000Z,הממלכה המאוחדת,302,407,709
2021-07-15T00:00:00.000Z,הונגריה,175,96,271
2021-07-15T00:00:00.000Z,הולנד,143,47,190
2021-07-15T00:00:00.000Z,הודו,1,0,1
2021-07-15T00:00:00.000Z,האנטילים ההולנדים,3,1,4
2021-07-16T00:00:00.000Z,צ'ילה,4,0,4
2021-07-16T00:00:00.000Z,איחוד האמירויות הערב,24,17,41
2021-07-16T00:00:00.000Z,גינאה,1,0,1
2021-07-16T00:00:00.000Z,גמייקה,1,0,1
2021-07-16T00:00:00.000Z,גרמניה,461,168,629
2021-07-16T00:00:00.000Z,דנמרק,9,4,13
2021-07-16T00:00:00.000Z,הולנד,218,96,314
2021-07-16T00:00:00.000Z,הונגריה,66,33,99
2021-07-16T00:00:00.000Z,הממלכה המאוחדת,211,193,404
2021-07-16T00:00:00.000Z,ונצואלה,0,3,3
2021-07-16T00:00:00.000Z,חוף השנהב,4,0,4
2021-07-16T00:00:00.000Z,טיוואן,0,1,1
2021-07-16T00:00:00.000Z,טנזניה,1,0,1
2021-07-16T00:00:00.000Z,יוון,1978,190,2168
2021-07-16T00:00:00.000Z,יפן,0,10,10
2021-07-16T00:00:00.000Z,ירדן,0,43,43
2021-07-16T00:00:00.000Z,כלל המדינות,10744,4237,14981
2021-07-16T00:00:00.000Z,לוכסמבורג,3,3,6
2021-07-16T00:00:00.000Z,לטביה,1,0,1
2021-07-16T00:00:00.000Z,מולדובה,4,1,5
2021-07-16T00:00:00.000Z,מונטנגרו,177,6,183
2021-07-16T00:00:00.000Z,מלדיבים,22,5,27
2021-07-16T00:00:00.000Z,מלטה,10,0,10
2021-07-16T00:00:00.000Z,מצרים,470,170,640
2021-07-16T00:00:00.000Z,מקדוניה,3,0,3
2021-07-16T00:00:00.000Z,מקסיקו,2,2,4
2021-07-16T00:00:00.000Z,מרוקו,5,7,12
2021-07-16T00:00:00.000Z,נורבגיה,2,1,3
2021-07-16T00:00:00.000Z,ניגריה,11,5,16
2021-07-16T00:00:00.000Z,נפאל,1,2,3
2021-07-16T00:00:00.000Z,סין,0,7,7
2021-07-16T00:00:00.000Z,ספרד,256,60,316
2021-07-16T00:00:00.000Z,סרביה,65,8,73
2021-07-16T00:00:00.000Z,סרי לנקה (צילון),1,1,2
2021-07-16T00:00:00.000Z,עירק,1,0,1
2021-07-16T00:00:00.000Z,פולין,177,7,184
2021-07-16T00:00:00.000Z,פורטוגל,25,5,30
2021-07-16T00:00:00.000Z,פיליפינים,1,2,3
2021-07-16T00:00:00.000Z,פינלנד,56,20,76
2021-07-16T00:00:00.000Z,פנמה,3,0,3
2021-07-16T00:00:00.000Z,פרגוואי,0,1,1
2021-07-16T00:00:00.000Z,פרו,1,0,1
2021-07-16T00:00:00.000Z,גויאנה הצרפתית,1,0,1
2021-07-16T00:00:00.000Z,צכיה,182,34,216
2021-07-16T00:00:00.000Z,צרפת,231,145,376
2021-07-16T00:00:00.000Z,ברזיל,3,5,8
2021-07-16T00:00:00.000Z,בלגיה,84,46,130
2021-07-16T00:00:00.000Z,בורקינה פאסו,1,0,1
2021-07-16T00:00:00.000Z,בוסניה הרצגובינה,3,0,3
2021-07-16T00:00:00.000Z,בוליביה,1,0,1
2021-07-16T00:00:00.000Z,בולגריה,261,47,308
2021-07-16T00:00:00.000Z,ארצות הברית,1103,1148,2251
2021-07-16T00:00:00.000Z,ארמניה,2,0,2
2021-07-16T00:00:00.000Z,ארגנטינה,1,0,1
2021-07-16T00:00:00.000Z,אנגולה,2,0,2
2021-07-16T00:00:00.000Z,אלבניה,5,0,5
2021-07-16T00:00:00.000Z,אירלנד,2,9,11
2021-07-16T00:00:00.000Z,איסלנד,7,0,7
2021-07-16T00:00:00.000Z,איי טורקס וקייקוס,4,3,7
2021-07-16T00:00:00.000Z,איטליה,287,53,340
2021-07-16T00:00:00.000Z,אזרביג'אן,17,2,19
2021-07-16T00:00:00.000Z,אורגוואי,4,2,6
2021-07-16T00:00:00.000Z,אוקראינה,427,171,598
2021-07-16T00:00:00.000Z,אוסטרליה,0,2,2
2021-07-16T00:00:00.000Z,אוסטריה,401,73,474
2021-07-16T00:00:00.000Z,אוזבקיסטן,5,1,6
2021-07-16T00:00:00.000Z,אבחזיסטאן,1,0,1
2021-07-16T00:00:00.000Z,גאורגיה,313,52,365
2021-07-16T00:00:00.000Z,קולומביה,0,1,1
2021-07-16T00:00:00.000Z,קוסטה ריקה,18,1,19
2021-07-16T00:00:00.000Z,קזחסטאן,2,2,4
2021-07-16T00:00:00.000Z,קירג'זסטאן,1,0,1
2021-07-16T00:00:00.000Z,קנדה,20,135,155
2021-07-16T00:00:00.000Z,קניה,1,1,2
2021-07-16T00:00:00.000Z,קפריסין,447,69,516
2021-07-16T00:00:00.000Z,קרואטיה,18,5,23
2021-07-16T00:00:00.000Z,רומניה,298,64,362
2021-07-16T00:00:00.000Z,רוסיה,46,23,69
2021-07-16T00:00:00.000Z,שוודיה,12,3,15
2021-07-16T00:00:00.000Z,שוויץ,337,139,476
2021-07-16T00:00:00.000Z,תאילנד,1,0,1
2021-07-16T00:00:00.000Z,תורכיה,1080,369,1449
2021-07-16T00:00:00.000Z,תורכמניסטאן,7,2,9
2021-07-17T00:00:00.000Z,קולומביה,2,4,6
2021-07-17T00:00:00.000Z,פרו,3,1,4
2021-07-17T00:00:00.000Z,פינלנד,9,10,19
2021-07-17T00:00:00.000Z,פיליפינים,0,14,14
2021-07-17T00:00:00.000Z,פורטוגל,26,4,30
2021-07-17T00:00:00.000Z,פולין,165,18,183
2021-07-17T00:00:00.000Z,ערב הסעודית,1,0,1
2021-07-17T00:00:00.000Z,סרי לנקה (צילון),1,0,1
2021-07-17T00:00:00.000Z,סרביה,42,3,45
2021-07-17T00:00:00.000Z,ספרד,34,17,51
2021-07-17T00:00:00.000Z,סלובקיה,3,0,3
2021-07-17T00:00:00.000Z,סלובניה,4,0,4
2021-07-17T00:00:00.000Z,סינגפור,2,6,8
2021-07-17T00:00:00.000Z,סין,1,4,5
2021-07-17T00:00:00.000Z,נמיביה,19,0,19
2021-07-17T00:00:00.000Z,ניגריה,7,3,10
2021-07-17T00:00:00.000Z,נורבגיה,1,5,6
2021-07-17T00:00:00.000Z,מרוקו,0,1,1
2021-07-17T00:00:00.000Z,מצרים,641,165,806
2021-07-17T00:00:00.000Z,מלדיבים,7,2,9
2021-07-17T00:00:00.000Z,מלאווי,1,0,1
2021-07-17T00:00:00.000Z,מונטנגרו,80,3,83
2021-07-17T00:00:00.000Z,מולדובה,54,50,104
2021-07-17T00:00:00.000Z,לסוטו,1,0,1
2021-07-17T00:00:00.000Z,ליטא,4,1,5
2021-07-17T00:00:00.000Z,לטביה,60,10,70
2021-07-17T00:00:00.000Z,לוכסמבורג,1,2,3
2021-07-17T00:00:00.000Z,כלל המדינות,7142,3067,10209
2021-07-17T00:00:00.000Z,ירדן,0,24,24
2021-07-17T00:00:00.000Z,יפן,1,0,1
2021-07-17T00:00:00.000Z,יוון,1396,123,1519
2021-07-17T00:00:00.000Z,טנזניה,11,2,13
2021-07-17T00:00:00.000Z,חוף השנהב,1,2,3
2021-07-17T00:00:00.000Z,הרפ הדומיניקנית,1,1,2
2021-07-17T00:00:00.000Z,הממלכה המאוחדת,81,126,207
2021-07-17T00:00:00.000Z,הונגריה,72,16,88
2021-07-17T00:00:00.000Z,הונג קונג,0,1,1
2021-07-17T00:00:00.000Z,הולנד,186,44,230
2021-07-17T00:00:00.000Z,האנטילים ההולנדים,3,1,4
2021-07-17T00:00:00.000Z,דרום סודאן,1,0,1
2021-07-17T00:00:00.000Z,דרום אפריקה,2,12,14
2021-07-17T00:00:00.000Z,דנמרק,23,9,32
2021-07-17T00:00:00.000Z,גרמניה,275,153,428
2021-07-17T00:00:00.000Z,גמייקה,0,1,1
2021-07-17T00:00:00.000Z,גאנה,11,3,14
2021-07-17T00:00:00.000Z,גאורגיה,112,20,132
2021-07-17T00:00:00.000Z,ברזיל,0,1,1
2021-07-17T00:00:00.000Z,בוסניה הרצגובינה,4,3,7
2021-07-17T00:00:00.000Z,בולגריה,94,15,109
2021-07-17T00:00:00.000Z,אתיופיה,29,4,33
2021-07-17T00:00:00.000Z,ארצות הברית,483,859,1342
2021-07-17T00:00:00.000Z,ארמניה,2,4,6
2021-07-17T00:00:00.000Z,אסטוניה,7,2,9
2021-07-17T00:00:00.000Z,אנגולה,2,0,2
2021-07-17T00:00:00.000Z,אירלנד,0,2,2
2021-07-17T00:00:00.000Z,איסלנד,65,0,65
2021-07-17T00:00:00.000Z,איטליה,280,70,350
2021-07-17T00:00:00.000Z,אזרביג'אן,4,1,5
2021-07-17T00:00:00.000Z,אוקראינה,175,48,223
2021-07-17T00:00:00.000Z,אוסטרליה,1,1,2
2021-07-17T00:00:00.000Z,אוסטריה,215,28,243
2021-07-17T00:00:00.000Z,אוזבקיסטן,0,5,5
2021-07-17T00:00:00.000Z,תורכמניסטאן,8,2,10
2021-07-17T00:00:00.000Z,תורכיה,1072,444,1516
2021-07-17T00:00:00.000Z,שוויץ,86,40,126
2021-07-17T00:00:00.000Z,שוודיה,4,8,12
2021-07-17T00:00:00.000Z,רוסיה,1,0,1
2021-07-17T00:00:00.000Z,רומניה,305,77,382
2021-07-17T00:00:00.000Z,רואנדה,2,2,4
2021-07-17T00:00:00.000Z,קרואטיה,24,3,27
2021-07-17T00:00:00.000Z,קפריסין,502,58,560
2021-07-17T00:00:00.000Z,קניה,11,1,12
2021-07-17T00:00:00.000Z,קנדה,1,5,6
2021-07-17T00:00:00.000Z,קטר,0,2,2
2021-07-17T00:00:00.000Z,קזחסטאן,1,0,1
2021-07-17T00:00:00.000Z,קוריאה הדרומית,0,4,4
2021-07-17T00:00:00.000Z,צרפת,118,59,177
2021-07-17T00:00:00.000Z,צכיה,3,11,14
2021-07-17T00:00:00.000Z,איחוד האמירויות הערב,15,11,26
2021-07-18T00:00:00.000Z,פיליפינים,1,0,1
2021-07-18T00:00:00.000Z,פינלנד,3,0,3
2021-07-18T00:00:00.000Z,ניגריה,4,1,5
2021-07-18T00:00:00.000Z,פנמה,0,1,1
2021-07-18T00:00:00.000Z,פרו,2,2,4
2021-07-18T00:00:00.000Z,צ'ילה,0,1,1
2021-07-18T00:00:00.000Z,צכיה,72,4,76
2021-07-18T00:00:00.000Z,צרפת,429,275,704
2021-07-18T00:00:00.000Z,קוסטה ריקה,6,0,6
2021-07-18T00:00:00.000Z,קוריאה הדרומית,4,7,11
2021-07-18T00:00:00.000Z,איטליה,458,78,536
2021-07-18T00:00:00.000Z,איי טורקס וקייקוס,7,1,8
2021-07-18T00:00:00.000Z,איסלנד,38,1,39
2021-07-18T00:00:00.000Z,אירלנד,3,1,4
2021-07-18T00:00:00.000Z,אלבניה,56,10,66
2021-07-18T00:00:00.000Z,אסטוניה,10,3,13
2021-07-18T00:00:00.000Z,אזרביג'אן,29,24,53
2021-07-18T00:00:00.000Z,אורגוואי,2,4,6
2021-07-18T00:00:00.000Z,אוקראינה,389,163,552
2021-07-18T00:00:00.000Z,אוסטרליה,3,6,9
2021-07-18T00:00:00.000Z,אוסטריה,169,19,188
2021-07-18T00:00:00.000Z,אוזבקיסטן,2,1,3
2021-07-18T00:00:00.000Z,קזחסטאן,0,7,7
2021-07-18T00:00:00.000Z,קירג'זסטאן,5,0,5
2021-07-18T00:00:00.000Z,קמרון,1,0,1
2021-07-18T00:00:00.000Z,תורכמניסטאן,2,0,2
2021-07-18T00:00:00.000Z,תורכיה,1274,534,1808
2021-07-18T00:00:00.000Z,תאילנד,97,10,107
2021-07-18T00:00:00.000Z,שוויץ,240,117,357
2021-07-18T00:00:00.000Z,שוודיה,8,11,19
2021-07-18T00:00:00.000Z,רוסיה,28,28,56
2021-07-18T00:00:00.000Z,רומניה,221,16,237
2021-07-18T00:00:00.000Z,רואנדה,1,4,5
2021-07-18T00:00:00.000Z,קנדה,14,115,129
2021-07-18T00:00:00.000Z,קפריסין,964,92,1056
2021-07-18T00:00:00.000Z,קרואטיה,5,1,6
2021-07-18T00:00:00.000Z,ראוניון,1,0,1
2021-07-18T00:00:00.000Z,נורבגיה,0,3,3
2021-07-18T00:00:00.000Z,מרוקו,5,0,5
2021-07-18T00:00:00.000Z,מקדוניה,0,2,2
2021-07-18T00:00:00.000Z,מצרים,529,119,648
2021-07-18T00:00:00.000Z,מלטה,1,0,1
2021-07-18T00:00:00.000Z,ניגר,0,1,1
2021-07-18T00:00:00.000Z,סינגפור,0,1,1
2021-07-18T00:00:00.000Z,סלובניה,2,0,2
2021-07-18T00:00:00.000Z,ספרד,275,94,369
2021-07-18T00:00:00.000Z,סרביה,3,0,3
2021-07-18T00:00:00.000Z,הרפ הדומיניקנית,2,0,2
2021-07-18T00:00:00.000Z,יוון,2912,191,3103
2021-07-18T00:00:00.000Z,יפן,1,4,5
2021-07-18T00:00:00.000Z,ירדן,261,129,390
2021-07-18T00:00:00.000Z,כלל המדינות,12455,4199,16654
2021-07-18T00:00:00.000Z,הממלכה המאוחדת,281,270,551
2021-07-18T00:00:00.000Z,הונגריה,60,12,72
2021-07-18T00:00:00.000Z,הולנד,92,53,145
2021-07-18T00:00:00.000Z,האנטילים ההולנדים,1,3,4
2021-07-18T00:00:00.000Z,דרום אפריקה,2,5,7
2021-07-18T00:00:00.000Z,דנמרק,19,6,25
2021-07-18T00:00:00.000Z,גרמניה,323,243,566
2021-07-18T00:00:00.000Z,גווטאמלה,0,1,1
2021-07-18T00:00:00.000Z,גאנה,0,8,8
2021-07-18T00:00:00.000Z,גאורגיה,749,102,851
2021-07-18T00:00:00.000Z,ברזיל,2,3,5
2021-07-18T00:00:00.000Z,בלגיה,47,35,82
2021-07-18T00:00:00.000Z,בילורוסיה,115,32,147
2021-07-18T00:00:00.000Z,בחריין,0,2,2
2021-07-18T00:00:00.000Z,לבנון,0,2,2
2021-07-18T00:00:00.000Z,ליטא,66,6,72
2021-07-18T00:00:00.000Z,מאלי,3,1,4
2021-07-18T00:00:00.000Z,אבחזיסטאן,1,0,1
2021-07-18T00:00:00.000Z,עירק,1,0,1
2021-07-18T00:00:00.000Z,פולין,55,2,57
2021-07-18T00:00:00.000Z,פורטוגל,12,0,12
2021-07-18T00:00:00.000Z,מולדובה,116,71,187
2021-07-18T00:00:00.000Z,מונטנגרו,1,0,1
2021-07-18T00:00:00.000Z,מלדיבים,29,2,31
2021-07-18T00:00:00.000Z,בוסניה הרצגובינה,13,0,13
2021-07-18T00:00:00.000Z,בולגריה,518,30,548
2021-07-18T00:00:00.000Z,ארצות הברית,460,593,1053
2021-07-18T00:00:00.000Z,ארמניה,1,0,1
2021-07-18T00:00:00.000Z,ארגנטינה,0,1,1
2021-07-18T00:00:00.000Z,איחוד האמירויות הערב,38,26,64
2021-07-19T00:00:00.000Z,יפן,1,2,3
2021-07-19T00:00:00.000Z,יוון,2449,189,2638
2021-07-19T00:00:00.000Z,טנזניה,4,1,5
2021-07-19T00:00:00.000Z,טיוואן,0,1,1
2021-07-19T00:00:00.000Z,טוגו,1,0,1
2021-07-19T00:00:00.000Z,זמביה,1,0,1
2021-07-19T00:00:00.000Z,זאיר,2,0,2
2021-07-19T00:00:00.000Z,הממלכה המאוחדת,159,200,359
2021-07-19T00:00:00.000Z,הונגריה,71,18,89
2021-07-19T00:00:00.000Z,הונג קונג,1,2,3
2021-07-19T00:00:00.000Z,הולנד,335,86,421
2021-07-19T00:00:00.000Z,הודו,17,11,28
2021-07-19T00:00:00.000Z,צרפת,440,365,805
2021-07-19T00:00:00.000Z,דרום אפריקה,1,1,2
2021-07-19T00:00:00.000Z,דנמרק,23,3,26
2021-07-19T00:00:00.000Z,גרמניה,386,140,526
2021-07-19T00:00:00.000Z,גאנה,1,7,8
2021-07-19T00:00:00.000Z,גאורגיה,646,59,705
2021-07-19T00:00:00.000Z,ברזיל,1,12,13
2021-07-19T00:00:00.000Z,בלגיה,34,34,68
2021-07-19T00:00:00.000Z,בולגריה,467,43,510
2021-07-19T00:00:00.000Z,בוטסואנה,2,0,2
2021-07-19T00:00:00.000Z,אתיופיה,15,9,24
2021-07-19T00:00:00.000Z,ארצות הברית,661,1004,1665
2021-07-19T00:00:00.000Z,ארמניה,3,1,4
2021-07-19T00:00:00.000Z,אקואדור,2,0,2
2021-07-19T00:00:00.000Z,אסטוניה,2,0,2
2021-07-19T00:00:00.000Z,אנגולה,3,0,3
2021-07-19T00:00:00.000Z,אלבניה,1,0,1
2021-07-19T00:00:00.000Z,אירלנד,0,3,3
2021-07-19T00:00:00.000Z,איסלנד,79,2,81
2021-07-19T00:00:00.000Z,אינדונזיה,0,1,1
2021-07-19T00:00:00.000Z,איי סיישל,1,0,1
2021-07-19T00:00:00.000Z,איי גילברט ואליס,1,0,1
2021-07-19T00:00:00.000Z,איטליה,519,86,605
2021-07-19T00:00:00.000Z,אזרביג'אן,3,1,4
2021-07-19T00:00:00.000Z,אורגוואי,0,1,1
2021-07-19T00:00:00.000Z,אוקראינה,399,143,542
2021-07-19T00:00:00.000Z,אוסטרליה,0,2,2
2021-07-19T00:00:00.000Z,אוסטריה,446,74,520
2021-07-19T00:00:00.000Z,אוזבקיסטן,11,6,17
2021-07-19T00:00:00.000Z,קולומביה,2,3,5
2021-07-19T00:00:00.000Z,קוסטה ריקה,8,2,10
2021-07-19T00:00:00.000Z,קוריאה הדרומית,0,1,1
2021-07-19T00:00:00.000Z,קזחסטאן,1,4,5
2021-07-19T00:00:00.000Z,קירג'זסטאן,0,1,1
2021-07-19T00:00:00.000Z,קנדה,2,5,7
2021-07-19T00:00:00.000Z,קניה,4,0,4
2021-07-19T00:00:00.000Z,קפריסין,670,102,772
2021-07-19T00:00:00.000Z,קרואטיה,33,2,35
2021-07-19T00:00:00.000Z,רואנדה,3,0,3
2021-07-19T00:00:00.000Z,רומניה,375,52,427
2021-07-19T00:00:00.000Z,רוסיה,69,83,152
2021-07-19T00:00:00.000Z,שוודיה,14,3,17
2021-07-19T00:00:00.000Z,שוויץ,162,57,219
2021-07-19T00:00:00.000Z,תורכיה,898,330,1228
2021-07-19T00:00:00.000Z,תורכמניסטאן,10,9,19
2021-07-19T00:00:00.000Z,האנטילים ההולנדים,1,0,1
2021-07-19T00:00:00.000Z,סרביה,60,8,68
2021-07-19T00:00:00.000Z,סרי לנקה (צילון),0,2,2
2021-07-19T00:00:00.000Z,פולין,102,10,112
2021-07-19T00:00:00.000Z,פורטוגל,114,12,126
2021-07-19T00:00:00.000Z,פיליפינים,3,17,20
2021-07-19T00:00:00.000Z,פינלנד,6,1,7
2021-07-19T00:00:00.000Z,פנמה,11,8,19
2021-07-19T00:00:00.000Z,פרו,1,1,2
2021-07-19T00:00:00.000Z,צאד,1,0,1
2021-07-19T00:00:00.000Z,צכיה,195,16,211
2021-07-19T00:00:00.000Z,ספרד,210,51,261
2021-07-19T00:00:00.000Z,סנגל,1,0,1
2021-07-19T00:00:00.000Z,סלובקיה,0,1,1
2021-07-19T00:00:00.000Z,סינגפור,0,5,5
2021-07-19T00:00:00.000Z,סין,1,2,3
2021-07-19T00:00:00.000Z,ניגריה,6,1,7
2021-07-19T00:00:00.000Z,נורבגיה,0,2,2
2021-07-19T00:00:00.000Z,מרוקו,3,3,6
2021-07-19T00:00:00.000Z,מקסיקו,0,1,1
2021-07-19T00:00:00.000Z,מקדוניה,5,0,5
2021-07-19T00:00:00.000Z,מצרים,290,79,369
2021-07-19T00:00:00.000Z,מלטה,2,0,2
2021-07-19T00:00:00.000Z,מלדיבים,49,1,50
2021-07-19T00:00:00.000Z,מונטנגרו,86,3,89
2021-07-19T00:00:00.000Z,מולדובה,0,1,1
2021-07-19T00:00:00.000Z,מאלי,1,0,1
2021-07-19T00:00:00.000Z,ליטא,5,1,6
2021-07-19T00:00:00.000Z,לטביה,0,1,1
2021-07-19T00:00:00.000Z,לוכסמבורג,0,5,5
2021-07-19T00:00:00.000Z,כלל המדינות,11550,4066,15616
2021-07-19T00:00:00.000Z,איחוד האמירויות הערב,33,14,47
2021-07-19T00:00:00.000Z,ירדן,97,54,151
2021-07-20T00:00:00.000Z,ליטא,8,0,8
2021-07-20T00:00:00.000Z,איחוד האמירויות הערב,12,10,22
2021-07-20T00:00:00.000Z,אל סלבדור,2,0,2
2021-07-20T00:00:00.000Z,קולומביה,2,1,3
2021-07-20T00:00:00.000Z,קוסובו,1,0,1
2021-07-20T00:00:00.000Z,קוסטה ריקה,2,4,6
2021-07-20T00:00:00.000Z,אירלנד,2,2,4
2021-07-20T00:00:00.000Z,איסלנד,60,0,60
2021-07-20T00:00:00.000Z,איי סיישל,2,1,3
2021-07-20T00:00:00.000Z,איטליה,283,80,363
2021-07-20T00:00:00.000Z,אזרביג'אן,6,2,8
2021-07-20T00:00:00.000Z,אורגוואי,2,8,10
2021-07-20T00:00:00.000Z,אוקראינה,223,96,319
2021-07-20T00:00:00.000Z,אוסטרליה,2,0,2
2021-07-20T00:00:00.000Z,אוסטריה,236,49,285
2021-07-20T00:00:00.000Z,אוזבקיסטן,3,4,7
2021-07-20T00:00:00.000Z,אבחזיסטאן,2,0,2
2021-07-20T00:00:00.000Z,אלבניה,30,4,34
2021-07-20T00:00:00.000Z,אנגולה,1,0,1
2021-07-20T00:00:00.000Z,אסטוניה,2,0,2
2021-07-20T00:00:00.000Z,אקואדור,0,1,1
2021-07-20T00:00:00.000Z,ארגנטינה,2,18,20
2021-07-20T00:00:00.000Z,ארמניה,2,1,3
2021-07-20T00:00:00.000Z,ארצות הברית,593,1212,1805
2021-07-20T00:00:00.000Z,אתיופיה,12,1,13
2021-07-20T00:00:00.000Z,בוטסואנה,1,0,1
2021-07-20T00:00:00.000Z,בולגריה,207,31,238
2021-07-20T00:00:00.000Z,בוסניה הרצגובינה,1,1,2
2021-07-20T00:00:00.000Z,בורקינה פאסו,1,0,1
2021-07-20T00:00:00.000Z,בחריין,0,1,1
2021-07-20T00:00:00.000Z,בלגיה,37,40,77
2021-07-20T00:00:00.000Z,ברזיל,0,13,13
2021-07-20T00:00:00.000Z,גאורגיה,324,55,379
2021-07-20T00:00:00.000Z,גאנה,3,0,3
2021-07-20T00:00:00.000Z,גווטאמלה,0,3,3
2021-07-20T00:00:00.000Z,גיברלטר,0,2,2
2021-07-20T00:00:00.000Z,גינאה,1,0,1
2021-07-20T00:00:00.000Z,גרמניה,415,115,530
2021-07-20T00:00:00.000Z,דנמרק,14,3,17
2021-07-20T00:00:00.000Z,דרום אפריקה,1,5,6
2021-07-20T00:00:00.000Z,הולנד,238,41,279
2021-07-20T00:00:00.000Z,הונגריה,68,31,99
2021-07-20T00:00:00.000Z,הונדורס,2,0,2
2021-07-20T00:00:00.000Z,הממלכה המאוחדת,245,460,705
2021-07-20T00:00:00.000Z,הרפ הדומיניקנית,5,0,5
2021-07-20T00:00:00.000Z,ונצואלה,0,2,2
2021-07-20T00:00:00.000Z,זאיר,0,1,1
2021-07-20T00:00:00.000Z,חוף השנהב,3,0,3
2021-07-20T00:00:00.000Z,טוגו,1,0,1
2021-07-20T00:00:00.000Z,טנזניה,4,1,5
2021-07-20T00:00:00.000Z,יוון,1965,166,2131
2021-07-20T00:00:00.000Z,יפן,1,1,2
2021-07-20T00:00:00.000Z,ירדן,34,8,42
2021-07-20T00:00:00.000Z,כלל המדינות,8492,4265,12757
2021-07-20T00:00:00.000Z,קוריאה הדרומית,1,0,1
2021-07-20T00:00:00.000Z,קטר,0,1,1
2021-07-20T00:00:00.000Z,קירג'זסטאן,13,0,13
2021-07-20T00:00:00.000Z,קמרון,3,2,5
2021-07-20T00:00:00.000Z,קנדה,2,10,12
2021-07-20T00:00:00.000Z,קניה,2,6,8
2021-07-20T00:00:00.000Z,קפריסין,427,81,508
2021-07-20T00:00:00.000Z,קרואטיה,17,2,19
2021-07-20T00:00:00.000Z,רואנדה,2,1,3
2021-07-20T00:00:00.000Z,רומניה,247,47,294
2021-07-20T00:00:00.000Z,רוסיה,22,74,96
2021-07-20T00:00:00.000Z,שוודיה,6,4,10
2021-07-20T00:00:00.000Z,שוויץ,166,127,293
2021-07-20T00:00:00.000Z,תאילנד,23,13,36
2021-07-20T00:00:00.000Z,תורכיה,500,244,744
2021-07-20T00:00:00.000Z,צכיה,65,6,71
2021-07-20T00:00:00.000Z,פרו,4,0,4
2021-07-20T00:00:00.000Z,פנמה,4,9,13
2021-07-20T00:00:00.000Z,פינלנד,0,3,3
2021-07-20T00:00:00.000Z,פיליפינים,3,11,14
2021-07-20T00:00:00.000Z,פורטוגל,67,10,77
2021-07-20T00:00:00.000Z,פולינזיה הצרפתית,1,0,1
2021-07-20T00:00:00.000Z,פולין,302,25,327
2021-07-20T00:00:00.000Z,פאפואה,2,0,2
2021-07-20T00:00:00.000Z,עירק,2,2,4
2021-07-20T00:00:00.000Z,סרי לנקה (צילון),0,11,11
2021-07-20T00:00:00.000Z,סרביה,45,5,50
2021-07-20T00:00:00.000Z,ספרד,253,123,376
2021-07-20T00:00:00.000Z,סלובקיה,1,0,1
2021-07-20T00:00:00.000Z,סלובניה,3,0,3
2021-07-20T00:00:00.000Z,סין,1,0,1
2021-07-20T00:00:00.000Z,סיירה ליאונה,0,1,1
2021-07-20T00:00:00.000Z,נפאל,1,0,1
2021-07-20T00:00:00.000Z,ניגריה,5,1,6
2021-07-20T00:00:00.000Z,נורבגיה,0,1,1
2021-07-20T00:00:00.000Z,מקסיקו,1,43,44
2021-07-20T00:00:00.000Z,מצרים,0,1,1
2021-07-20T00:00:00.000Z,מלטה,4,0,4
2021-07-20T00:00:00.000Z,מלדיבים,20,3,23
2021-07-20T00:00:00.000Z,מונטנגרו,9,0,9
2021-07-20T00:00:00.000Z,מולדובה,74,48,122
2021-07-20T00:00:00.000Z,צרפת,275,245,520
2021-07-20T00:00:00.000Z,ליבריה,0,5,5
2021-07-20T00:00:00.000Z,לטביה,44,13,57
2021-07-21T00:00:00.000Z,כלל המדינות,8690,5745,14435
2021-07-21T00:00:00.000Z,מקסיקו,5,2,7
2021-07-21T00:00:00.000Z,נורבגיה,1,0,1
2021-07-21T00:00:00.000Z,ניגריה,5,0,5
2021-07-21T00:00:00.000Z,סוריה,1,1,2
2021-07-21T00:00:00.000Z,סיירה ליאונה,0,1,1
2021-07-21T00:00:00.000Z,סין,5,35,40
2021-07-21T00:00:00.000Z,סינגפור,1,0,1
2021-07-21T00:00:00.000Z,סלובניה,76,8,84
2021-07-21T00:00:00.000Z,ספרד,107,38,145
2021-07-21T00:00:00.000Z,סרביה,9,6,15
2021-07-21T00:00:00.000Z,סרי לנקה (צילון),4,0,4
2021-07-21T00:00:00.000Z,פולין,79,5,84
2021-07-21T00:00:00.000Z,פורטוגל,119,25,144
2021-07-21T00:00:00.000Z,פיליפינים,1,3,4
2021-07-21T00:00:00.000Z,פינלנד,10,0,10
2021-07-21T00:00:00.000Z,פנמה,0,2,2
2021-07-21T00:00:00.000Z,פרו,2,1,3
2021-07-21T00:00:00.000Z,צכיה,153,4,157
2021-07-21T00:00:00.000Z,צרפת,469,620,1089
2021-07-21T00:00:00.000Z,קוסטה ריקה,9,2,11
2021-07-21T00:00:00.000Z,קוריאה הדרומית,2,10,12
2021-07-21T00:00:00.000Z,קזחסטאן,0,4,4
2021-07-21T00:00:00.000Z,קירג'זסטאן,1,0,1
2021-07-21T00:00:00.000Z,קנדה,23,149,172
2021-07-21T00:00:00.000Z,קניה,5,0,5
2021-07-21T00:00:00.000Z,קפריסין,417,104,521
2021-07-21T00:00:00.000Z,קרואטיה,13,3,16
2021-07-21T00:00:00.000Z,רואנדה,1,0,1
2021-07-21T00:00:00.000Z,רומניה,232,41,273
2021-07-21T00:00:00.000Z,רוסיה,41,32,73
2021-07-21T00:00:00.000Z,שוודיה,2,5,7
2021-07-21T00:00:00.000Z,שוויץ,114,109,223
2021-07-21T00:00:00.000Z,תאילנד,5,0,5
2021-07-21T00:00:00.000Z,תוניסיה,1,0,1
2021-07-21T00:00:00.000Z,תורכיה,1085,582,1667
2021-07-21T00:00:00.000Z,תורכמניסטאן,13,12,25
2021-07-21T00:00:00.000Z,איחוד האמירויות הערב,11,18,29
2021-07-21T00:00:00.000Z,מצרים,233,105,338
2021-07-21T00:00:00.000Z,מלטה,3,0,3
2021-07-21T00:00:00.000Z,מלדיבים,14,2,16
2021-07-21T00:00:00.000Z,מונטנגרו,133,4,137
2021-07-21T00:00:00.000Z,מולדובה,0,1,1
2021-07-21T00:00:00.000Z,ליטא,2,0,2
2021-07-21T00:00:00.000Z,ליבריה,1,0,1
2021-07-21T00:00:00.000Z,לבנון,0,2,2
2021-07-21T00:00:00.000Z,מרוקו,2,2,4
2021-07-21T00:00:00.000Z,ירדן,44,35,79
2021-07-21T00:00:00.000Z,יפן,1,2,3
2021-07-21T00:00:00.000Z,יוון,1050,83,1133
2021-07-21T00:00:00.000Z,טנזניה,133,10,143
2021-07-21T00:00:00.000Z,טיוואן,0,1,1
2021-07-21T00:00:00.000Z,זאיר,1,0,1
2021-07-21T00:00:00.000Z,ונצואלה,0,3,3
2021-07-21T00:00:00.000Z,ויטנאם,1,3,4
2021-07-21T00:00:00.000Z,הממלכה המאוחדת,216,465,681
2021-07-21T00:00:00.000Z,הונגריה,40,21,61
2021-07-21T00:00:00.000Z,הונג קונג,0,2,2
2021-07-21T00:00:00.000Z,הולנד,174,122,296
2021-07-21T00:00:00.000Z,דרום סודאן,2,0,2
2021-07-21T00:00:00.000Z,דרום אפריקה,2,13,15
2021-07-21T00:00:00.000Z,דנמרק,8,11,19
2021-07-21T00:00:00.000Z,גרמניה,384,185,569
2021-07-21T00:00:00.000Z,גמביה,0,1,1
2021-07-21T00:00:00.000Z,גיברלטר,0,5,5
2021-07-21T00:00:00.000Z,גאנה,3,2,5
2021-07-21T00:00:00.000Z,גאורגיה,364,64,428
2021-07-21T00:00:00.000Z,ברזיל,3,10,13
2021-07-21T00:00:00.000Z,בלגיה,65,116,181
2021-07-21T00:00:00.000Z,בילורוסיה,85,28,113
2021-07-21T00:00:00.000Z,בורקינה פאסו,1,0,1
2021-07-21T00:00:00.000Z,בולגריה,297,38,335
2021-07-21T00:00:00.000Z,בוטסואנה,10,0,10
2021-07-21T00:00:00.000Z,אתיופיה,17,3,20
2021-07-21T00:00:00.000Z,ארצות הברית,599,1507,2106
2021-07-21T00:00:00.000Z,ארמניה,1,0,1
2021-07-21T00:00:00.000Z,ארגנטינה,1,1,2
2021-07-21T00:00:00.000Z,אקואדור,2,1,3
2021-07-21T00:00:00.000Z,אסטוניה,15,1,16
2021-07-21T00:00:00.000Z,אנגולה,3,0,3
2021-07-21T00:00:00.000Z,אלבניה,5,2,7
2021-07-21T00:00:00.000Z,אירלנד,1,0,1
2021-07-21T00:00:00.000Z,איסלנד,9,1,10
2021-07-21T00:00:00.000Z,איי סיישל,26,1,27
2021-07-21T00:00:00.000Z,איי טורקס וקייקוס,2,2,4
2021-07-21T00:00:00.000Z,איטליה,409,109,518
2021-07-21T00:00:00.000Z,אזרביג'אן,8,0,8
2021-07-21T00:00:00.000Z,אורגוואי,0,1,1
2021-07-21T00:00:00.000Z,אוקראינה,384,167,551
2021-07-21T00:00:00.000Z,אוסטרליה,4,6,10
2021-07-21T00:00:00.000Z,אוסטריה,221,58,279
2021-07-21T00:00:00.000Z,אוזבקיסטן,7,7,14
2021-07-21T00:00:00.000Z,אוגנדה,3,0,3
2021-07-22T00:00:00.000Z,יפן,0,1,1
2021-07-22T00:00:00.000Z,תורכמניסטאן,11,4,15
2021-07-22T00:00:00.000Z,תורכיה,2491,1213,3704
2021-07-22T00:00:00.000Z,תאילנד,36,34,70
2021-07-22T00:00:00.000Z,שוויץ,141,62,203
2021-07-22T00:00:00.000Z,שוודיה,5,9,14
2021-07-22T00:00:00.000Z,רוסיה,49,98,147
2021-07-22T00:00:00.000Z,רומניה,193,47,240
2021-07-22T00:00:00.000Z,קרואטיה,2,1,3
2021-07-22T00:00:00.000Z,קפריסין,1232,274,1506
2021-07-22T00:00:00.000Z,קניה,18,0,18
2021-07-22T00:00:00.000Z,קנדה,2,15,17
2021-07-22T00:00:00.000Z,קמרון,1,0,1
2021-07-22T00:00:00.000Z,קירג'זסטאן,2,1,3
2021-07-22T00:00:00.000Z,קזחסטאן,2,2,4
2021-07-22T00:00:00.000Z,קוריאה הדרומית,7,0,7
2021-07-22T00:00:00.000Z,קוסטה ריקה,5,0,5
2021-07-22T00:00:00.000Z,קונגו,2,0,2
2021-07-22T00:00:00.000Z,קולומביה,1,12,13
2021-07-22T00:00:00.000Z,צרפת,408,426,834
2021-07-22T00:00:00.000Z,צכיה,73,10,83
2021-07-22T00:00:00.000Z,צ'ילה,0,4,4
2021-07-22T00:00:00.000Z,פרו,0,2,2
2021-07-22T00:00:00.000Z,פנמה,10,8,18
2021-07-22T00:00:00.000Z,פינלנד,5,0,5
2021-07-22T00:00:00.000Z,פיליפינים,2,6,8
2021-07-22T00:00:00.000Z,פורטוגל,23,5,28
2021-07-22T00:00:00.000Z,פולין,135,16,151
2021-07-22T00:00:00.000Z,סרביה,4,2,6
2021-07-22T00:00:00.000Z,ספרד,381,136,517
2021-07-22T00:00:00.000Z,סינגפור,0,1,1
2021-07-22T00:00:00.000Z,סין,1,0,1
2021-07-22T00:00:00.000Z,ניו זילנד,0,1,1
2021-07-22T00:00:00.000Z,ניגריה,2,2,4
2021-07-22T00:00:00.000Z,נורבגיה,0,2,2
2021-07-22T00:00:00.000Z,מרוקו,3,0,3
2021-07-22T00:00:00.000Z,מקסיקו,1,5,6
2021-07-22T00:00:00.000Z,מצרים,520,361,881
2021-07-22T00:00:00.000Z,מלדיבים,7,2,9
2021-07-22T00:00:00.000Z,מונטנגרו,1,0,1
2021-07-22T00:00:00.000Z,מולדובה,89,58,147
2021-07-22T00:00:00.000Z,לסוטו,0,1,1
2021-07-22T00:00:00.000Z,ליטא,68,12,80
2021-07-22T00:00:00.000Z,לבנון,0,9,9
2021-07-22T00:00:00.000Z,כלל המדינות,14406,7636,22042
2021-07-22T00:00:00.000Z,ירדן,486,228,714
2021-07-22T00:00:00.000Z,איחוד האמירויות הערב,24,5,29
2021-07-22T00:00:00.000Z,יוון,2169,329,2498
2021-07-22T00:00:00.000Z,טנזניה,7,1,8
2021-07-22T00:00:00.000Z,טיוואן,1,0,1
2021-07-22T00:00:00.000Z,טוגו,3,0,3
2021-07-22T00:00:00.000Z,חוף השנהב,1,0,1
2021-07-22T00:00:00.000Z,הרפ הדומיניקנית,4,4,8
2021-07-22T00:00:00.000Z,הממלכה המאוחדת,567,1073,1640
2021-07-22T00:00:00.000Z,הונגריה,94,67,161
2021-07-22T00:00:00.000Z,הולנד,249,65,314
2021-07-22T00:00:00.000Z,הודו,2,0,2
2021-07-22T00:00:00.000Z,האנטילים ההולנדים,2,1,3
2021-07-22T00:00:00.000Z,דרום אפריקה,4,11,15
2021-07-22T00:00:00.000Z,דנמרק,6,9,15
2021-07-22T00:00:00.000Z,גרמניה,342,145,487
2021-07-22T00:00:00.000Z,גמייקה,1,0,1
2021-07-22T00:00:00.000Z,גינאה המשוונית,1,0,1
2021-07-22T00:00:00.000Z,גיברלטר,3,2,5
2021-07-22T00:00:00.000Z,גויאנה הצרפתית,0,3,3
2021-07-22T00:00:00.000Z,גווטאמלה,1,0,1
2021-07-22T00:00:00.000Z,גבון,1,0,1
2021-07-22T00:00:00.000Z,גאנה,2,3,5
2021-07-22T00:00:00.000Z,גאורגיה,1128,162,1290
2021-07-22T00:00:00.000Z,ברזיל,4,11,15
2021-07-22T00:00:00.000Z,בלגיה,36,86,122
2021-07-22T00:00:00.000Z,בורקינה פאסו,1,0,1
2021-07-22T00:00:00.000Z,בוסניה הרצגובינה,0,2,2
2021-07-22T00:00:00.000Z,בוליביה,5,0,5
2021-07-22T00:00:00.000Z,בולגריה,517,88,605
2021-07-22T00:00:00.000Z,אתיופיה,17,7,24
2021-07-22T00:00:00.000Z,ארצות הברית,771,1357,2128
2021-07-22T00:00:00.000Z,ארמניה,8,9,17
2021-07-22T00:00:00.000Z,ארגנטינה,3,15,18
2021-07-22T00:00:00.000Z,אסטוניה,1,0,1
2021-07-22T00:00:00.000Z,אנטיגואה וברבודה,0,1,1
2021-07-22T00:00:00.000Z,אלבניה,37,2,39
2021-07-22T00:00:00.000Z,אירלנד,0,4,4
2021-07-22T00:00:00.000Z,איסלנד,122,1,123
2021-07-22T00:00:00.000Z,אינדונזיה,0,2,2
2021-07-22T00:00:00.000Z,איי קוק,1,0,1
2021-07-22T00:00:00.000Z,איי סיישל,3,0,3
2021-07-22T00:00:00.000Z,איטליה,390,118,508
2021-07-22T00:00:00.000Z,אזרביג'אן,15,1,16
2021-07-22T00:00:00.000Z,אורגוואי,1,0,1
2021-07-22T00:00:00.000Z,אוקראינה,348,161,509
2021-07-22T00:00:00.000Z,אוסטרליה,1,4,5
2021-07-22T00:00:00.000Z,אוסטריה,132,87,219
2021-07-22T00:00:00.000Z,אוזבקיסטן,4,0,4
2021-07-22T00:00:00.000Z,אוגנדה,4,1,5
2021-07-23T00:00:00.000Z,אורגוואי,3,0,3
2021-07-23T00:00:00.000Z,תימן,1,0,1
2021-07-23T00:00:00.000Z,תורכיה,1990,1062,3052
2021-07-23T00:00:00.000Z,תאילנד,0,3,3
2021-07-23T00:00:00.000Z,שוויץ,332,111,443
2021-07-23T00:00:00.000Z,שוודיה,11,9,20
2021-07-23T00:00:00.000Z,רוסיה,46,25,71
2021-07-23T00:00:00.000Z,רומניה,378,73,451
2021-07-23T00:00:00.000Z,קרואטיה,14,3,17
2021-07-23T00:00:00.000Z,קפריסין,291,119,410
2021-07-23T00:00:00.000Z,קניה,4,0,4
2021-07-23T00:00:00.000Z,קנדה,27,98,125
2021-07-23T00:00:00.000Z,קירג'זסטאן,21,0,21
2021-07-23T00:00:00.000Z,קזחסטאן,4,3,7
2021-07-23T00:00:00.000Z,קוריאה הדרומית,4,0,4
2021-07-23T00:00:00.000Z,קוסטה ריקה,4,1,5
2021-07-23T00:00:00.000Z,קולומביה,3,1,4
2021-07-23T00:00:00.000Z,קובה,0,1,1
2021-07-23T00:00:00.000Z,צרפת,373,213,586
2021-07-23T00:00:00.000Z,צכיה,215,27,242
2021-07-23T00:00:00.000Z,פרו,1,0,1
2021-07-23T00:00:00.000Z,פנמה,1,0,1
2021-07-23T00:00:00.000Z,אוזבקיסטן,7,4,11
2021-07-23T00:00:00.000Z,איחוד האמירויות הערב,13,10,23
2021-07-23T00:00:00.000Z,פינלנד,63,15,78
2021-07-23T00:00:00.000Z,פיליפינים,7,5,12
2021-07-23T00:00:00.000Z,פורטוגל,16,0,16
2021-07-23T00:00:00.000Z,פולין,97,14,111
2021-07-23T00:00:00.000Z,סרי לנקה (צילון),1,3,4
2021-07-23T00:00:00.000Z,סרביה,182,17,199
2021-07-23T00:00:00.000Z,ספרד,230,36,266
2021-07-23T00:00:00.000Z,סלובקיה,1,0,1
2021-07-23T00:00:00.000Z,סלובניה,4,2,6
2021-07-23T00:00:00.000Z,סינגפור,2,0,2
2021-07-23T00:00:00.000Z,סין,0,5,5
2021-07-23T00:00:00.000Z,נפאל,1,0,1
2021-07-23T00:00:00.000Z,ניגריה,2,2,4
2021-07-23T00:00:00.000Z,נורבגיה,1,2,3
2021-07-23T00:00:00.000Z,מרוקו,5,0,5
2021-07-23T00:00:00.000Z,מקסיקו,2,0,2
2021-07-23T00:00:00.000Z,מקדוניה,2,0,2
2021-07-23T00:00:00.000Z,מצרים,1284,868,2152
2021-07-23T00:00:00.000Z,מלטה,1,2,3
2021-07-23T00:00:00.000Z,מלדיבים,14,3,17
2021-07-23T00:00:00.000Z,מונקו,1,0,1
2021-07-23T00:00:00.000Z,מונטנגרו,167,14,181
2021-07-23T00:00:00.000Z,מונגוליה,2,0,2
2021-07-23T00:00:00.000Z,מולדובה,48,26,74
2021-07-23T00:00:00.000Z,מאוריציוס,1,1,2
2021-07-23T00:00:00.000Z,ליטא,10,2,12
2021-07-23T00:00:00.000Z,לטביה,6,0,6
2021-07-23T00:00:00.000Z,לוכסמבורג,0,1,1
2021-07-23T00:00:00.000Z,כלל המדינות,13833,5895,19728
2021-07-23T00:00:00.000Z,ירדן,4,41,45
2021-07-23T00:00:00.000Z,יפן,1,2,3
2021-07-23T00:00:00.000Z,יוון,2379,377,2756
2021-07-23T00:00:00.000Z,טנזניה,1,0,1
2021-07-23T00:00:00.000Z,טיוואן,1,0,1
2021-07-23T00:00:00.000Z,טוגו,8,0,8
2021-07-23T00:00:00.000Z,חוף השנהב,1,0,1
2021-07-23T00:00:00.000Z,זאיר,2,0,2
2021-07-23T00:00:00.000Z,הרפ הדומיניקנית,1,0,1
2021-07-23T00:00:00.000Z,הממלכה המאוחדת,102,190,292
2021-07-23T00:00:00.000Z,הונדורס,1,0,1
2021-07-23T00:00:00.000Z,הונגריה,199,35,234
2021-07-23T00:00:00.000Z,הולנד,238,64,302
2021-07-23T00:00:00.000Z,הודו,3,1,4
2021-07-23T00:00:00.000Z,האנטילים ההולנדים,2,2,4
2021-07-23T00:00:00.000Z,דנמרק,14,4,18
2021-07-23T00:00:00.000Z,גרמניה,520,208,728
2021-07-23T00:00:00.000Z,גמייקה,1,0,1
2021-07-23T00:00:00.000Z,גינאה החדשה,1,0,1
2021-07-23T00:00:00.000Z,גווטאמלה,4,0,4
2021-07-23T00:00:00.000Z,גאורגיה,454,110,564
2021-07-23T00:00:00.000Z,ברזיל,0,6,6
2021-07-23T00:00:00.000Z,בלגיה,71,55,126
2021-07-23T00:00:00.000Z,בילורוסיה,49,21,70
2021-07-23T00:00:00.000Z,בורקינה פאסו,1,0,1
2021-07-23T00:00:00.000Z,בוסניה הרצגובינה,7,4,11
2021-07-23T00:00:00.000Z,בולגריה,412,83,495
2021-07-23T00:00:00.000Z,ארצות הברית,1058,968,2026
2021-07-23T00:00:00.000Z,ארמניה,2,0,2
2021-07-23T00:00:00.000Z,אקואדור,1,0,1
2021-07-23T00:00:00.000Z,אסטוניה,8,4,12
2021-07-23T00:00:00.000Z,אנדורה,0,4,4
2021-07-23T00:00:00.000Z,אנגולה,6,0,6
2021-07-23T00:00:00.000Z,אלבניה,2,1,3
2021-07-23T00:00:00.000Z,אל סלבדור,3,0,3
2021-07-23T00:00:00.000Z,אירלנד,6,7,13
2021-07-23T00:00:00.000Z,איסלנד,15,0,15
2021-07-23T00:00:00.000Z,איי סיישל,1,2,3
2021-07-23T00:00:00.000Z,איי טורקס וקייקוס,6,2,8
2021-07-23T00:00:00.000Z,איטליה,560,107,667
2021-07-23T00:00:00.000Z,אזרביג'אן,53,6,59
2021-07-23T00:00:00.000Z,תורכמניסטאן,15,17,32
2021-07-23T00:00:00.000Z,אוקראינה,435,162,597
2021-07-23T00:00:00.000Z,אוסטרליה,1,0,1
2021-07-23T00:00:00.000Z,אוסטריה,499,72,571
2021-07-24T00:00:00.000Z,ליטא,5,4,9
2021-07-24T00:00:00.000Z,איחוד האמירויות הערב,67,29,96
2021-07-24T00:00:00.000Z,תורכיה,2789,1545,4334
2021-07-24T00:00:00.000Z,תאילנד,4,1,5
2021-07-24T00:00:00.000Z,שוויץ,112,44,156
2021-07-24T00:00:00.000Z,שוודיה,14,2,16
2021-07-24T00:00:00.000Z,רוסיה,2,1,3
2021-07-24T00:00:00.000Z,רומניה,346,71,417
2021-07-24T00:00:00.000Z,רואנדה,4,0,4
2021-07-24T00:00:00.000Z,קרואטיה,18,0,18
2021-07-24T00:00:00.000Z,קפריסין,261,79,340
2021-07-24T00:00:00.000Z,קניה,3,2,5
2021-07-24T00:00:00.000Z,קנדה,11,45,56
2021-07-24T00:00:00.000Z,קמרון,2,0,2
2021-07-24T00:00:00.000Z,קירג'זסטאן,15,0,15
2021-07-24T00:00:00.000Z,קזחסטאן,0,1,1
2021-07-24T00:00:00.000Z,קוריאה הדרומית,2,0,2
2021-07-24T00:00:00.000Z,קוסטה ריקה,4,1,5
2021-07-24T00:00:00.000Z,צרפת,184,95,279
2021-07-24T00:00:00.000Z,צכיה,8,3,11
2021-07-24T00:00:00.000Z,פרו,1,1,2
2021-07-24T00:00:00.000Z,פנמה,0,1,1
2021-07-24T00:00:00.000Z,פינלנד,3,1,4
2021-07-24T00:00:00.000Z,פיליפינים,0,9,9
2021-07-24T00:00:00.000Z,פורטוגל,26,3,29
2021-07-24T00:00:00.000Z,פולינזיה הצרפתית,1,0,1
2021-07-24T00:00:00.000Z,פולין,160,24,184
2021-07-24T00:00:00.000Z,סרי לנקה (צילון),0,2,2
2021-07-24T00:00:00.000Z,סרביה,0,1,1
2021-07-24T00:00:00.000Z,ספרד,8,6,14
2021-07-24T00:00:00.000Z,סלובקיה,1,0,1
2021-07-24T00:00:00.000Z,סלובניה,12,8,20
2021-07-24T00:00:00.000Z,סינגפור,2,5,7
2021-07-24T00:00:00.000Z,סין,1,4,5
2021-07-24T00:00:00.000Z,ניגריה,5,6,11
2021-07-24T00:00:00.000Z,נורבגיה,1,0,1
2021-07-24T00:00:00.000Z,מרוקו,1,0,1
2021-07-24T00:00:00.000Z,מקסיקו,0,1,1
2021-07-24T00:00:00.000Z,מקדוניה,4,1,5
2021-07-24T00:00:00.000Z,מצרים,1309,842,2151
2021-07-24T00:00:00.000Z,מלטה,2,0,2
2021-07-24T00:00:00.000Z,מלדיבים,48,11,59
2021-07-24T00:00:00.000Z,מונקו,1,0,1
2021-07-24T00:00:00.000Z,מונטנגרו,119,15,134
2021-07-24T00:00:00.000Z,מאלי,1,0,1
2021-07-24T00:00:00.000Z,תורכמניסטאן,27,10,37
2021-07-24T00:00:00.000Z,לטביה,57,5,62
2021-07-24T00:00:00.000Z,לוכסמבורג,0,4,4
2021-07-24T00:00:00.000Z,כלל המדינות,10128,4940,15068
2021-07-24T00:00:00.000Z,ירדן,6,18,24
2021-07-24T00:00:00.000Z,יוון,1836,280,2116
2021-07-24T00:00:00.000Z,טנזניה,9,1,10
2021-07-24T00:00:00.000Z,טיוואן,1,1,2
2021-07-24T00:00:00.000Z,טוגו,3,0,3
2021-07-24T00:00:00.000Z,חוף השנהב,1,1,2
2021-07-24T00:00:00.000Z,הרפ הדומיניקנית,1,1,2
2021-07-24T00:00:00.000Z,הממלכה המאוחדת,70,120,190
2021-07-24T00:00:00.000Z,הונגריה,70,29,99
2021-07-24T00:00:00.000Z,הונג קונג,0,1,1
2021-07-24T00:00:00.000Z,הולנד,231,45,276
2021-07-24T00:00:00.000Z,האנטילים ההולנדים,5,5,10
2021-07-24T00:00:00.000Z,דרום אפריקה,0,6,6
2021-07-24T00:00:00.000Z,דנמרק,12,9,21
2021-07-24T00:00:00.000Z,גרמניה,270,106,376
2021-07-24T00:00:00.000Z,גבון,1,0,1
2021-07-24T00:00:00.000Z,גאנה,1,4,5
2021-07-24T00:00:00.000Z,גאורגיה,154,43,197
2021-07-24T00:00:00.000Z,בנין (דהומי),1,0,1
2021-07-24T00:00:00.000Z,בלגיה,3,0,3
2021-07-24T00:00:00.000Z,בורקינה פאסו,1,0,1
2021-07-24T00:00:00.000Z,בוסניה הרצגובינה,9,3,12
2021-07-24T00:00:00.000Z,בוליביה,1,0,1
2021-07-24T00:00:00.000Z,בולגריה,102,26,128
2021-07-24T00:00:00.000Z,אתיופיה,15,8,23
2021-07-24T00:00:00.000Z,ארצות הברית,481,748,1229
2021-07-24T00:00:00.000Z,ארמניה,9,1,10
2021-07-24T00:00:00.000Z,אריתראה,1,0,1
2021-07-24T00:00:00.000Z,אסטוניה,7,0,7
2021-07-24T00:00:00.000Z,אלבניה,1,0,1
2021-07-24T00:00:00.000Z,אירלנד,4,4,8
2021-07-24T00:00:00.000Z,איסלנד,66,1,67
2021-07-24T00:00:00.000Z,איי סיישל,1,0,1
2021-07-24T00:00:00.000Z,איי טורקס וקייקוס,4,2,6
2021-07-24T00:00:00.000Z,איטליה,250,61,311
2021-07-24T00:00:00.000Z,אזרביג'אן,1,4,5
2021-07-24T00:00:00.000Z,אוקראינה,239,53,292
2021-07-24T00:00:00.000Z,אוסטרליה,1,0,1
2021-07-24T00:00:00.000Z,אוסטריה,254,51,305
2021-07-24T00:00:00.000Z,אוזבקיסטן,4,3,7
2021-07-24T00:00:00.000Z,אוגנדה,7,1,8
2021-07-24T00:00:00.000Z,אבחזיסטאן,2,3,5
2021-07-25T00:00:00.000Z,אבחזיסטאן,1,0,1
2021-07-25T00:00:00.000Z,אוזבקיסטן,6,0,6
2021-07-25T00:00:00.000Z,אוסטריה,184,52,236
2021-07-25T00:00:00.000Z,אוסטרליה,1,14,15
2021-07-25T00:00:00.000Z,אוקראינה,489,181,670
2021-07-25T00:00:00.000Z,אורגוואי,7,1,8
2021-07-25T00:00:00.000Z,אזרביג'אן,59,10,69
2021-07-25T00:00:00.000Z,איטליה,632,99,731
2021-07-25T00:00:00.000Z,איי טורקס וקייקוס,2,2,4
2021-07-25T00:00:00.000Z,איי סיישל,1,1,2
2021-07-25T00:00:00.000Z,אינדונזיה,1,0,1
2021-07-25T00:00:00.000Z,ארצות הברית,628,639,1267
2021-07-25T00:00:00.000Z,אלבניה,85,9,94
2021-07-25T00:00:00.000Z,בהמס,2,1,3
2021-07-25T00:00:00.000Z,בולגריה,749,96,845
2021-07-25T00:00:00.000Z,בוליביה,1,0,1
2021-07-25T00:00:00.000Z,בוסניה הרצגובינה,8,8,16
2021-07-25T00:00:00.000Z,בילורוסיה,74,57,131
2021-07-25T00:00:00.000Z,בלגיה,56,63,119
2021-07-25T00:00:00.000Z,בנין (דהומי),1,0,1
2021-07-25T00:00:00.000Z,איסלנד,63,1,64
2021-07-25T00:00:00.000Z,איחוד האמירויות הערב,66,37,103
2021-07-25T00:00:00.000Z,ארגנטינה,0,1,1
2021-07-25T00:00:00.000Z,אסטוניה,7,0,7
2021-07-25T00:00:00.000Z,ברזיל,0,2,2
2021-07-25T00:00:00.000Z,גאורגיה,577,156,733
2021-07-25T00:00:00.000Z,גרמניה,500,219,719
2021-07-25T00:00:00.000Z,דנמרק,14,5,19
2021-07-25T00:00:00.000Z,הודו,0,1,1
2021-07-25T00:00:00.000Z,ארמניה,1,0,1
2021-07-25T00:00:00.000Z,הולנד,325,120,445
2021-07-25T00:00:00.000Z,הונג קונג,1,1,2
2021-07-25T00:00:00.000Z,הונגריה,139,39,178
2021-07-25T00:00:00.000Z,הממלכה המאוחדת,133,264,397
2021-07-25T00:00:00.000Z,אירלנד,4,0,4
2021-07-25T00:00:00.000Z,ונצואלה,0,1,1
2021-07-25T00:00:00.000Z,טוגו,1,0,1
2021-07-25T00:00:00.000Z,טיוואן,1,0,1
2021-07-25T00:00:00.000Z,יוון,3421,418,3839
2021-07-25T00:00:00.000Z,ירדן,1222,700,1922
2021-07-25T00:00:00.000Z,כלל המדינות,16825,7114,23939
2021-07-25T00:00:00.000Z,לבנון,3,2,5
2021-07-25T00:00:00.000Z,לוכסמבורג,0,5,5
2021-07-25T00:00:00.000Z,לטביה,3,0,3
2021-07-25T00:00:00.000Z,ליטא,95,8,103
2021-07-25T00:00:00.000Z,מאלי,8,1,9
2021-07-25T00:00:00.000Z,מולדובה,101,46,147
2021-07-25T00:00:00.000Z,מונקו,0,1,1
2021-07-25T00:00:00.000Z,מלדיבים,48,8,56
2021-07-25T00:00:00.000Z,מצרים,745,448,1193
2021-07-25T00:00:00.000Z,מקסיקו,5,5,10
2021-07-25T00:00:00.000Z,מרוקו,5,1,6
2021-07-25T00:00:00.000Z,נורבגיה,2,0,2
2021-07-25T00:00:00.000Z,ניגריה,1,0,1
2021-07-25T00:00:00.000Z,ניו זילנד,0,2,2
2021-07-25T00:00:00.000Z,סין,0,1,1
2021-07-25T00:00:00.000Z,סינגפור,3,4,7
2021-07-25T00:00:00.000Z,סלובניה,0,1,1
2021-07-25T00:00:00.000Z,ספרד,128,24,152
2021-07-25T00:00:00.000Z,עירק,0,1,1
2021-07-25T00:00:00.000Z,פולין,64,7,71
2021-07-25T00:00:00.000Z,פורטוגל,18,2,20
2021-07-25T00:00:00.000Z,פיליפינים,1,5,6
2021-07-25T00:00:00.000Z,פינלנד,1,2,3
2021-07-25T00:00:00.000Z,פנמה,1,0,1
2021-07-25T00:00:00.000Z,פרגוואי,1,0,1
2021-07-25T00:00:00.000Z,פרו,1,0,1
2021-07-25T00:00:00.000Z,צכיה,171,35,206
2021-07-25T00:00:00.000Z,צרפת,678,475,1153
2021-07-25T00:00:00.000Z,קובה,1,0,1
2021-07-25T00:00:00.000Z,קולומביה,0,1,1
2021-07-25T00:00:00.000Z,קוסטה ריקה,2,0,2
2021-07-25T00:00:00.000Z,קוריאה הדרומית,3,5,8
2021-07-25T00:00:00.000Z,קזחסטאן,5,2,7
2021-07-25T00:00:00.000Z,קטר,0,2,2
2021-07-25T00:00:00.000Z,קירג'זסטאן,6,0,6
2021-07-25T00:00:00.000Z,קמרון,1,0,1
2021-07-25T00:00:00.000Z,קנדה,5,77,82
2021-07-25T00:00:00.000Z,קניה,0,1,1
2021-07-25T00:00:00.000Z,קפריסין,570,185,755
2021-07-25T00:00:00.000Z,קרואטיה,12,3,15
2021-07-25T00:00:00.000Z,רומניה,223,41,264
2021-07-25T00:00:00.000Z,רוסיה,18,77,95
2021-07-25T00:00:00.000Z,רפ מרכז אפריקנית,3,0,3
2021-07-25T00:00:00.000Z,שוודיה,12,17,29
2021-07-25T00:00:00.000Z,שוויץ,336,131,467
2021-07-25T00:00:00.000Z,תאילנד,66,15,81
2021-07-25T00:00:00.000Z,תורכיה,3012,1639,4651
2021-07-25T00:00:00.000Z,תורכמניסטאן,29,10,39
2021-07-26T00:00:00.000Z,יוון,2731,276,3007
2021-07-26T00:00:00.000Z,תורכמניסטאן,51,16,67
2021-07-26T00:00:00.000Z,תאילנד,2,8,10
2021-07-26T00:00:00.000Z,שוויץ,264,130,394
2021-07-26T00:00:00.000Z,שוודיה,4,3,7
2021-07-26T00:00:00.000Z,רוסיה,57,112,169
2021-07-26T00:00:00.000Z,רומניה,425,65,490
2021-07-26T00:00:00.000Z,קרואטיה,17,2,19
2021-07-26T00:00:00.000Z,קפריסין,215,62,277
2021-07-26T00:00:00.000Z,קנדה,3,10,13
2021-07-26T00:00:00.000Z,קירג'זסטאן,2,1,3
2021-07-26T00:00:00.000Z,קזחסטאן,1,0,1
2021-07-26T00:00:00.000Z,קוריאה הדרומית,0,1,1
2021-07-26T00:00:00.000Z,קוסטה ריקה,12,1,13
2021-07-26T00:00:00.000Z,קולומביה,5,1,6
2021-07-26T00:00:00.000Z,צרפת,538,362,900
2021-07-26T00:00:00.000Z,צכיה,277,60,337
2021-07-26T00:00:00.000Z,פרו,2,1,3
2021-07-26T00:00:00.000Z,פנמה,2,2,4
2021-07-26T00:00:00.000Z,פינלנד,4,3,7
2021-07-26T00:00:00.000Z,פיליפינים,1,14,15
2021-07-26T00:00:00.000Z,פורטוגל,153,20,173
2021-07-26T00:00:00.000Z,פורטו ריקו,0,1,1
2021-07-26T00:00:00.000Z,פולין,109,9,118
2021-07-26T00:00:00.000Z,סרביה,90,12,102
2021-07-26T00:00:00.000Z,ספרד,43,10,53
2021-07-26T00:00:00.000Z,סינגפור,0,1,1
2021-07-26T00:00:00.000Z,סוריה,1,5,6
2021-07-26T00:00:00.000Z,ניגריה,1,0,1
2021-07-26T00:00:00.000Z,נורבגיה,1,0,1
2021-07-26T00:00:00.000Z,מרוקו,12,2,14
2021-07-26T00:00:00.000Z,מקסיקו,2,1,3
2021-07-26T00:00:00.000Z,מצרים,603,374,977
2021-07-26T00:00:00.000Z,מלטה,0,1,1
2021-07-26T00:00:00.000Z,מלדיבים,38,2,40
2021-07-26T00:00:00.000Z,מונטנגרו,151,28,179
2021-07-26T00:00:00.000Z,מולדובה,3,3,6
2021-07-26T00:00:00.000Z,מאלי,4,3,7
2021-07-26T00:00:00.000Z,ליטא,2,0,2
2021-07-26T00:00:00.000Z,לטביה,7,0,7
2021-07-26T00:00:00.000Z,לוכסמבורג,1,0,1
2021-07-26T00:00:00.000Z,כלל המדינות,14756,7067,21823
2021-07-26T00:00:00.000Z,ירדן,294,154,448
2021-07-26T00:00:00.000Z,יפן,0,2,2
2021-07-26T00:00:00.000Z,תורכיה,2320,1329,3649
2021-07-26T00:00:00.000Z,טנזניה,24,0,24
2021-07-26T00:00:00.000Z,טג'יקיסטאן,1,0,1
2021-07-26T00:00:00.000Z,זמביה,1,4,5
2021-07-26T00:00:00.000Z,זאיר,0,1,1
2021-07-26T00:00:00.000Z,ויטנאם,0,4,4
2021-07-26T00:00:00.000Z,הממלכה המאוחדת,246,319,565
2021-07-26T00:00:00.000Z,הונגריה,47,4,51
2021-07-26T00:00:00.000Z,הונג קונג,1,0,1
2021-07-26T00:00:00.000Z,הולנד,150,58,208
2021-07-26T00:00:00.000Z,הודו,18,39,57
2021-07-26T00:00:00.000Z,דרום אפריקה,1,2,3
2021-07-26T00:00:00.000Z,דנמרק,7,6,13
2021-07-26T00:00:00.000Z,גרנדה,1,1,2
2021-07-26T00:00:00.000Z,גיברלטר,2,4,6
2021-07-26T00:00:00.000Z,גווטאמלה,1,0,1
2021-07-26T00:00:00.000Z,גאנה,1,0,1
2021-07-26T00:00:00.000Z,ארמניה,8,0,8
2021-07-26T00:00:00.000Z,אקואדור,1,2,3
2021-07-26T00:00:00.000Z,אסטוניה,3,0,3
2021-07-26T00:00:00.000Z,אנדורה,1,0,1
2021-07-26T00:00:00.000Z,אנגולה,3,0,3
2021-07-26T00:00:00.000Z,אירלנד,5,2,7
2021-07-26T00:00:00.000Z,איסלנד,304,9,313
2021-07-26T00:00:00.000Z,איי טורקס וקייקוס,2,2,4
2021-07-26T00:00:00.000Z,איטליה,612,97,709
2021-07-26T00:00:00.000Z,אזרביג'אן,1,5,6
2021-07-26T00:00:00.000Z,אורגוואי,3,0,3
2021-07-26T00:00:00.000Z,אוקראינה,566,209,775
2021-07-26T00:00:00.000Z,אוסטרליה,3,5,8
2021-07-26T00:00:00.000Z,אוסטריה,517,115,632
2021-07-26T00:00:00.000Z,אוזבקיסטן,8,6,14
2021-07-26T00:00:00.000Z,גאורגיה,748,181,929
2021-07-26T00:00:00.000Z,ברזיל,1,6,7
2021-07-26T00:00:00.000Z,בנין (דהומי),0,1,1
2021-07-26T00:00:00.000Z,בלגיה,122,122,244
2021-07-26T00:00:00.000Z,בילורוסיה,5,16,21
2021-07-26T00:00:00.000Z,בוסניה הרצגובינה,5,0,5
2021-07-26T00:00:00.000Z,בוליביה,1,1,2
2021-07-26T00:00:00.000Z,בולגריה,633,93,726
2021-07-26T00:00:00.000Z,בוטסואנה,1,0,1
2021-07-26T00:00:00.000Z,אתיופיה,17,9,26
2021-07-26T00:00:00.000Z,ארצות הברית,899,1627,2526
2021-07-26T00:00:00.000Z,איחוד האמירויות הערב,23,5,28
2021-07-26T00:00:00.000Z,גרמניה,390,175,565
2021-07-27T00:00:00.000Z,גויאנה הצרפתית,1,0,1
2021-07-27T00:00:00.000Z,גווטאמלה,2,0,2
2021-07-27T00:00:00.000Z,גאנה,2,0,2
2021-07-27T00:00:00.000Z,גאורגיה,406,96,502
2021-07-27T00:00:00.000Z,בלגיה,4,8,12
2021-07-27T00:00:00.000Z,בילורוסיה,1,0,1
2021-07-27T00:00:00.000Z,בוסניה הרצגובינה,32,10,42
2021-07-27T00:00:00.000Z,בולגריה,470,74,544
2021-07-27T00:00:00.000Z,הודו,1,0,1
2021-07-27T00:00:00.000Z,הולנד,237,31,268
2021-07-27T00:00:00.000Z,הונג קונג,5,28,33
2021-07-27T00:00:00.000Z,הונגריה,80,39,119
2021-07-27T00:00:00.000Z,הממלכה המאוחדת,179,300,479
2021-07-27T00:00:00.000Z,הרפ הדומיניקנית,3,0,3
2021-07-27T00:00:00.000Z,חוף השנהב,2,0,2
2021-07-27T00:00:00.000Z,טנזניה,3,0,3
2021-07-27T00:00:00.000Z,יוון,2119,264,2383
2021-07-27T00:00:00.000Z,יפן,5,1,6
2021-07-27T00:00:00.000Z,ירדן,148,119,267
2021-07-27T00:00:00.000Z,כלל המדינות,12048,5814,17862
2021-07-27T00:00:00.000Z,לטביה,70,12,82
2021-07-27T00:00:00.000Z,ליטא,4,0,4
2021-07-27T00:00:00.000Z,מולדובה,59,22,81
2021-07-27T00:00:00.000Z,מונטנגרו,2,2,4
2021-07-27T00:00:00.000Z,מלדיבים,11,5,16
2021-07-27T00:00:00.000Z,מלטה,2,4,6
2021-07-27T00:00:00.000Z,מצרים,492,321,813
2021-07-27T00:00:00.000Z,מקסיקו,1,2,3
2021-07-27T00:00:00.000Z,מרוקו,8,0,8
2021-07-27T00:00:00.000Z,ניגריה,4,0,4
2021-07-27T00:00:00.000Z,ניו זילנד,0,1,1
2021-07-27T00:00:00.000Z,סוריה,5,2,7
2021-07-27T00:00:00.000Z,סין,0,4,4
2021-07-27T00:00:00.000Z,סינגפור,1,0,1
2021-07-27T00:00:00.000Z,סלובניה,1,0,1
2021-07-27T00:00:00.000Z,סנגל,1,0,1
2021-07-27T00:00:00.000Z,ספרד,101,26,127
2021-07-27T00:00:00.000Z,סרביה,124,30,154
2021-07-27T00:00:00.000Z,סרי לנקה (צילון),2,1,3
2021-07-27T00:00:00.000Z,ערב הסעודית,0,1,1
2021-07-27T00:00:00.000Z,פולין,227,45,272
2021-07-27T00:00:00.000Z,פורטוגל,16,3,19
2021-07-27T00:00:00.000Z,פיליפינים,2,1,3
2021-07-27T00:00:00.000Z,פינלנד,3,6,9
2021-07-27T00:00:00.000Z,פנמה,5,1,6
2021-07-27T00:00:00.000Z,פרו,12,5,17
2021-07-27T00:00:00.000Z,צ'ילה,1,2,3
2021-07-27T00:00:00.000Z,צכיה,168,40,208
2021-07-27T00:00:00.000Z,צרפת,469,313,782
2021-07-27T00:00:00.000Z,קולומביה,1,0,1
2021-07-27T00:00:00.000Z,קוסובו,0,4,4
2021-07-27T00:00:00.000Z,קוסטה ריקה,5,0,5
2021-07-27T00:00:00.000Z,קוריאה הדרומית,2,4,6
2021-07-27T00:00:00.000Z,קזחסטאן,0,4,4
2021-07-27T00:00:00.000Z,קנדה,52,179,231
2021-07-27T00:00:00.000Z,קניה,6,1,7
2021-07-27T00:00:00.000Z,קפריסין,207,107,314
2021-07-27T00:00:00.000Z,קרואטיה,18,8,26
2021-07-27T00:00:00.000Z,רומניה,306,76,382
2021-07-27T00:00:00.000Z,רוסיה,19,29,48
2021-07-27T00:00:00.000Z,רפ מרכז אפריקנית,1,0,1
2021-07-27T00:00:00.000Z,שוודיה,11,5,16
2021-07-27T00:00:00.000Z,שוויץ,165,91,256
2021-07-27T00:00:00.000Z,תאילנד,37,7,44
2021-07-27T00:00:00.000Z,תוניסיה,2,0,2
2021-07-27T00:00:00.000Z,איחוד האמירויות הערב,29,19,48
2021-07-27T00:00:00.000Z,תורכיה,2295,1209,3504
2021-07-27T00:00:00.000Z,תורכמניסטאן,26,10,36
2021-07-27T00:00:00.000Z,אתיופיה,19,5,24
2021-07-27T00:00:00.000Z,ארצות הברית,768,1026,1794
2021-07-27T00:00:00.000Z,ארמניה,1,0,1
2021-07-27T00:00:00.000Z,ארגנטינה,3,2,5
2021-07-27T00:00:00.000Z,אקואדור,3,1,4
2021-07-27T00:00:00.000Z,אסטוניה,8,2,10
2021-07-27T00:00:00.000Z,אנגולה,1,0,1
2021-07-27T00:00:00.000Z,אלבניה,114,5,119
2021-07-27T00:00:00.000Z,אירלנד,5,1,6
2021-07-27T00:00:00.000Z,איסלנד,82,0,82
2021-07-27T00:00:00.000Z,איי סיישל,3,2,5
2021-07-27T00:00:00.000Z,איי טורקס וקייקוס,1,0,1
2021-07-27T00:00:00.000Z,איטליה,412,114,526
2021-07-27T00:00:00.000Z,אזרביג'אן,11,54,65
2021-07-27T00:00:00.000Z,אורגוואי,6,1,7
2021-07-27T00:00:00.000Z,אוקראינה,317,201,518
2021-07-27T00:00:00.000Z,אוסטרליה,2,2,4
2021-07-27T00:00:00.000Z,אוסטריה,284,62,346
2021-07-27T00:00:00.000Z,אוזבקיסטן,1,4,5
2021-07-27T00:00:00.000Z,האנטילים ההולנדים,1,0,1
2021-07-27T00:00:00.000Z,דנמרק,29,8,37
2021-07-27T00:00:00.000Z,גרמניה,499,138,637
2021-07-27T00:00:00.000Z,גמביה,3,0,3
2021-07-27T00:00:00.000Z,גינאה,1,0,1
2021-07-27T00:00:00.000Z,דרום אפריקה,2,1,3
2021-07-28T00:00:00.000Z,כלל המדינות,12489,7281,19770
2021-07-28T00:00:00.000Z,תאילנד,8,0,8
2021-07-28T00:00:00.000Z,שוויץ,341,172,513
2021-07-28T00:00:00.000Z,שוודיה,9,8,17
2021-07-28T00:00:00.000Z,רוסיה,39,51,90
2021-07-28T00:00:00.000Z,רומניה,397,121,518
2021-07-28T00:00:00.000Z,רואנדה,19,0,19
2021-07-28T00:00:00.000Z,קרואטיה,21,4,25
2021-07-28T00:00:00.000Z,קפריסין,221,84,305
2021-07-28T00:00:00.000Z,קניה,12,3,15
2021-07-28T00:00:00.000Z,קנדה,13,66,79
2021-07-28T00:00:00.000Z,צרפת,632,523,1155
2021-07-28T00:00:00.000Z,צכיה,103,13,116
2021-07-28T00:00:00.000Z,פרגוואי,2,0,2
2021-07-28T00:00:00.000Z,פנמה,0,1,1
2021-07-28T00:00:00.000Z,פינלנד,0,4,4
2021-07-28T00:00:00.000Z,פיליפינים,1,47,48
2021-07-28T00:00:00.000Z,פורטוגל,141,39,180
2021-07-28T00:00:00.000Z,פולינזיה הצרפתית,0,1,1
2021-07-28T00:00:00.000Z,פולין,62,33,95
2021-07-28T00:00:00.000Z,סרי לנקה (צילון),0,11,11
2021-07-28T00:00:00.000Z,סרביה,14,2,16
2021-07-28T00:00:00.000Z,ספרד,13,12,25
2021-07-28T00:00:00.000Z,סנגל,1,0,1
2021-07-28T00:00:00.000Z,סלובניה,125,10,135
2021-07-28T00:00:00.000Z,סינגפור,6,14,20
2021-07-28T00:00:00.000Z,סין,6,73,79
2021-07-28T00:00:00.000Z,סוריה,5,0,5
2021-07-28T00:00:00.000Z,ניגריה,2,0,2
2021-07-28T00:00:00.000Z,נורבגיה,3,0,3
2021-07-28T00:00:00.000Z,מרוקו,4,0,4
2021-07-28T00:00:00.000Z,מקסיקו,0,1,1
2021-07-28T00:00:00.000Z,מקדוניה,2,1,3
2021-07-28T00:00:00.000Z,מצרים,565,411,976
2021-07-28T00:00:00.000Z,מלטה,2,0,2
2021-07-28T00:00:00.000Z,מלדיבים,31,6,37
2021-07-28T00:00:00.000Z,מונקו,1,3,4
2021-07-28T00:00:00.000Z,מונטנגרו,164,9,173
2021-07-28T00:00:00.000Z,מולדובה,0,2,2
2021-07-28T00:00:00.000Z,מוזמביק,1,0,1
2021-07-28T00:00:00.000Z,ליטא,3,0,3
2021-07-28T00:00:00.000Z,לטביה,1,1,2
2021-07-28T00:00:00.000Z,לוכסמבורג,1,1,2
2021-07-28T00:00:00.000Z,חוף השנהב,1,0,1
2021-07-28T00:00:00.000Z,זמביה,1,0,1
2021-07-28T00:00:00.000Z,זאיר,2,0,2
2021-07-28T00:00:00.000Z,ונצואלה,2,17,19
2021-07-28T00:00:00.000Z,הממלכה המאוחדת,250,376,626
2021-07-28T00:00:00.000Z,קולומביה,0,1,1
2021-07-28T00:00:00.000Z,תוניסיה,1,0,1
2021-07-28T00:00:00.000Z,קוריאה הדרומית,2,1,3
2021-07-28T00:00:00.000Z,קזחסטאן,6,7,13
2021-07-28T00:00:00.000Z,קמרון,0,1,1
2021-07-28T00:00:00.000Z,הונגריה,89,56,145
2021-07-28T00:00:00.000Z,הונג קונג,0,1,1
2021-07-28T00:00:00.000Z,הולנד,378,100,478
2021-07-28T00:00:00.000Z,הודו,3,0,3
2021-07-28T00:00:00.000Z,דרום סודאן,1,0,1
2021-07-28T00:00:00.000Z,דרום אפריקה,2,64,66
2021-07-28T00:00:00.000Z,דנמרק,13,19,32
2021-07-28T00:00:00.000Z,גרמניה,447,243,690
2021-07-28T00:00:00.000Z,גמביה,1,0,1
2021-07-28T00:00:00.000Z,גווטאמלה,2,0,2
2021-07-28T00:00:00.000Z,גאנה,3,0,3
2021-07-28T00:00:00.000Z,גאורגיה,421,168,589
2021-07-28T00:00:00.000Z,ברזיל,2,1,3
2021-07-28T00:00:00.000Z,בלגיה,36,61,97
2021-07-28T00:00:00.000Z,בילורוסיה,58,38,96
2021-07-28T00:00:00.000Z,בוסניה הרצגובינה,1,3,4
2021-07-28T00:00:00.000Z,בולגריה,523,147,670
2021-07-28T00:00:00.000Z,אתיופיה,15,21,36
2021-07-28T00:00:00.000Z,ארצות הברית,878,1331,2209
2021-07-28T00:00:00.000Z,ארמניה,3,0,3
2021-07-28T00:00:00.000Z,ארגנטינה,1,2,3
2021-07-28T00:00:00.000Z,אקואדור,1,0,1
2021-07-28T00:00:00.000Z,אנגולה,1,1,2
2021-07-28T00:00:00.000Z,אירלנד,2,7,9
2021-07-28T00:00:00.000Z,איסלנד,57,0,57
2021-07-28T00:00:00.000Z,איי טורקס וקייקוס,3,0,3
2021-07-28T00:00:00.000Z,איי גילברט ואליס,0,1,1
2021-07-28T00:00:00.000Z,איטליה,791,220,1011
2021-07-28T00:00:00.000Z,אזרביג'אן,5,0,5
2021-07-28T00:00:00.000Z,אורגוואי,1,0,1
2021-07-28T00:00:00.000Z,אוקראינה,548,246,794
2021-07-28T00:00:00.000Z,אוסטרליה,1,18,19
2021-07-28T00:00:00.000Z,אוסטריה,383,90,473
2021-07-28T00:00:00.000Z,אוזבקיסטן,4,0,4
2021-07-28T00:00:00.000Z,אבחזיסטאן,2,2,4
2021-07-28T00:00:00.000Z,תורכיה,1944,1110,3054
2021-07-28T00:00:00.000Z,תורכמניסטאן,38,24,62
2021-07-28T00:00:00.000Z,איחוד האמירויות הערב,25,21,46
2021-07-28T00:00:00.000Z,טוגו,0,1,1
2021-07-28T00:00:00.000Z,טונגה,0,1,1
2021-07-28T00:00:00.000Z,טיוואן,0,1,1
2021-07-28T00:00:00.000Z,טנזניה,141,12,153
2021-07-28T00:00:00.000Z,יוון,1350,166,1516
2021-07-28T00:00:00.000Z,יפן,8,7,15
2021-07-28T00:00:00.000Z,ירדן,177,116,293
2021-07-28T00:00:00.000Z,קוסטה ריקה,7,0,7
2021-07-29T00:00:00.000Z,קנדה,2,10,12
2021-07-29T00:00:00.000Z,קמרון,1,0,1
2021-07-29T00:00:00.000Z,קירג'זסטאן,3,0,3
2021-07-29T00:00:00.000Z,קטר,5,0,5
2021-07-29T00:00:00.000Z,קוריאה הדרומית,1,0,1
2021-07-29T00:00:00.000Z,קוסטה ריקה,7,0,7
2021-07-29T00:00:00.000Z,קוסובו,5,0,5
2021-07-29T00:00:00.000Z,קונגו,2,0,2
2021-07-29T00:00:00.000Z,קולומביה,6,4,10
2021-07-29T00:00:00.000Z,צרפת,608,562,1170
2021-07-29T00:00:00.000Z,צכיה,107,39,146
2021-07-29T00:00:00.000Z,צ'ילה,1,3,4
2021-07-29T00:00:00.000Z,צאד,1,0,1
2021-07-29T00:00:00.000Z,פרו,5,0,5
2021-07-29T00:00:00.000Z,פנמה,9,18,27
2021-07-29T00:00:00.000Z,פינלנד,2,2,4
2021-07-29T00:00:00.000Z,פיליפינים,0,16,16
2021-07-29T00:00:00.000Z,פורטוגל,26,6,32
2021-07-29T00:00:00.000Z,פולינזיה הצרפתית,0,2,2
2021-07-29T00:00:00.000Z,פולין,137,59,196
2021-07-29T00:00:00.000Z,ערב הסעודית,0,2,2
2021-07-29T00:00:00.000Z,סרי לנקה (צילון),0,1,1
2021-07-29T00:00:00.000Z,סרביה,98,34,132
2021-07-29T00:00:00.000Z,ספרד,123,72,195
2021-07-29T00:00:00.000Z,סנגל,1,0,1
2021-07-29T00:00:00.000Z,סלובקיה,2,0,2
2021-07-29T00:00:00.000Z,סינגפור,0,1,1
2021-07-29T00:00:00.000Z,סין,1,3,4
2021-07-29T00:00:00.000Z,סווזילנד,1,0,1
2021-07-29T00:00:00.000Z,ניקרגואה,1,0,1
2021-07-29T00:00:00.000Z,ניו זילנד,0,1,1
2021-07-29T00:00:00.000Z,ניגריה,9,2,11
2021-07-29T00:00:00.000Z,נורבגיה,1,0,1
2021-07-29T00:00:00.000Z,מרוקו,98,9,107
2021-07-29T00:00:00.000Z,מקסיקו,0,3,3
2021-07-29T00:00:00.000Z,מקדוניה,5,0,5
2021-07-29T00:00:00.000Z,מצרים,660,296,956
2021-07-29T00:00:00.000Z,מלדיבים,24,5,29
2021-07-29T00:00:00.000Z,מלאווי,1,0,1
2021-07-29T00:00:00.000Z,מיאנמר (בורמה),1,1,2
2021-07-29T00:00:00.000Z,מונטנגרו,2,0,2
2021-07-29T00:00:00.000Z,מונגוליה,1,0,1
2021-07-29T00:00:00.000Z,מולדובה,117,66,183
2021-07-29T00:00:00.000Z,מוזמביק,2,0,2
2021-07-29T00:00:00.000Z,ליטא,88,4,92
2021-07-29T00:00:00.000Z,לוכסמבורג,1,0,1
2021-07-29T00:00:00.000Z,לוב,2,0,2
2021-07-29T00:00:00.000Z,לבנון,0,13,13
2021-07-29T00:00:00.000Z,כלל המדינות,15066,8197,23263
2021-07-29T00:00:00.000Z,ירדן,421,219,640
2021-07-29T00:00:00.000Z,יפן,7,1,8
2021-07-29T00:00:00.000Z,יוון,2817,463,3280
2021-07-29T00:00:00.000Z,טנזניה,24,0,24
2021-07-29T00:00:00.000Z,טונגה,1,0,1
2021-07-29T00:00:00.000Z,חוף השנהב,5,0,5
2021-07-29T00:00:00.000Z,זמביה,1,0,1
2021-07-29T00:00:00.000Z,זימבאבווה,0,1,1
2021-07-29T00:00:00.000Z,הרפ הדומיניקנית,5,0,5
2021-07-29T00:00:00.000Z,הממלכה המאוחדת,468,1030,1498
2021-07-29T00:00:00.000Z,הונגריה,146,98,244
2021-07-29T00:00:00.000Z,הולנד,125,38,163
2021-07-29T00:00:00.000Z,האנטילים ההולנדים,1,0,1
2021-07-29T00:00:00.000Z,דרום סודאן,1,0,1
2021-07-29T00:00:00.000Z,דרום אפריקה,0,6,6
2021-07-29T00:00:00.000Z,דנמרק,25,14,39
2021-07-29T00:00:00.000Z,גרמניה,432,183,615
2021-07-29T00:00:00.000Z,גמייקה,0,4,4
2021-07-29T00:00:00.000Z,גינאה,1,0,1
2021-07-29T00:00:00.000Z,תורכמניסטאן,17,3,20
2021-07-29T00:00:00.000Z,גיברלטר,0,1,1
2021-07-29T00:00:00.000Z,גויאנה הצרפתית,0,1,1
2021-07-29T00:00:00.000Z,גאנה,5,0,5
2021-07-29T00:00:00.000Z,איחוד האמירויות הערב,82,31,113
2021-07-29T00:00:00.000Z,תורכיה,1989,1001,2990
2021-07-29T00:00:00.000Z,גאורגיה,714,201,915
2021-07-29T00:00:00.000Z,ברזיל,7,2,9
2021-07-29T00:00:00.000Z,בלגיה,63,83,146
2021-07-29T00:00:00.000Z,בילורוסיה,0,1,1
2021-07-29T00:00:00.000Z,בחריין,3,1,4
2021-07-29T00:00:00.000Z,בוסניה הרצגובינה,17,12,29
2021-07-29T00:00:00.000Z,בולגריה,788,76,864
2021-07-29T00:00:00.000Z,אתיופיה,35,9,44
2021-07-29T00:00:00.000Z,ארצות הברית,1085,1415,2500
2021-07-29T00:00:00.000Z,תאילנד,90,44,134
2021-07-29T00:00:00.000Z,שוויץ,229,162,391
2021-07-29T00:00:00.000Z,שוודיה,8,3,11
2021-07-29T00:00:00.000Z,רוסיה,66,144,210
2021-07-29T00:00:00.000Z,רומניה,276,71,347
2021-07-29T00:00:00.000Z,קרואטיה,7,3,10
2021-07-29T00:00:00.000Z,קפריסין,419,191,610
2021-07-29T00:00:00.000Z,קניה,16,4,20
2021-07-29T00:00:00.000Z,ארמניה,63,4,67
2021-07-29T00:00:00.000Z,ארגנטינה,1,11,12
2021-07-29T00:00:00.000Z,אקואדור,2,0,2
2021-07-29T00:00:00.000Z,אפגניסטן,1,0,1
2021-07-29T00:00:00.000Z,אסטוניה,1,0,1
2021-07-29T00:00:00.000Z,אנגולה,1,0,1
2021-07-29T00:00:00.000Z,אלבניה,61,6,67
2021-07-29T00:00:00.000Z,אירלנד,5,1,6
2021-07-29T00:00:00.000Z,איסלנד,148,2,150
2021-07-29T00:00:00.000Z,איי סיישל,4,0,4
2021-07-29T00:00:00.000Z,איי טורקס וקייקוס,13,3,16
2021-07-29T00:00:00.000Z,איטליה,440,179,619
2021-07-29T00:00:00.000Z,אוגנדה,1,0,1
2021-07-29T00:00:00.000Z,אוזבקיסטן,3,1,4
2021-07-29T00:00:00.000Z,אוסטריה,183,64,247
2021-07-29T00:00:00.000Z,אוסטרליה,0,10,10
2021-07-29T00:00:00.000Z,אוקראינה,449,429,878
2021-07-29T00:00:00.000Z,אורגוואי,1,0,1
2021-07-29T00:00:00.000Z,אזרביג'אן,58,4,62
2021-07-30T00:00:00.000Z,הונגריה,88,37,125
2021-07-30T00:00:00.000Z,תורכמניסטאן,21,10,31
2021-07-30T00:00:00.000Z,תוניסיה,1,0,1
2021-07-30T00:00:00.000Z,תאילנד,0,1,1
2021-07-30T00:00:00.000Z,שוויץ,442,177,619
2021-07-30T00:00:00.000Z,שוודיה,8,6,14
2021-07-30T00:00:00.000Z,רוסיה,45,26,71
2021-07-30T00:00:00.000Z,רומניה,449,71,520
2021-07-30T00:00:00.000Z,קרואטיה,18,10,28
2021-07-30T00:00:00.000Z,קפריסין,256,128,384
2021-07-30T00:00:00.000Z,קניה,0,1,1
2021-07-30T00:00:00.000Z,קנדה,48,90,138
2021-07-30T00:00:00.000Z,פנמה,7,0,7
2021-07-30T00:00:00.000Z,פרו,1,0,1
2021-07-30T00:00:00.000Z,צכיה,283,39,322
2021-07-30T00:00:00.000Z,צרפת,337,273,610
2021-07-30T00:00:00.000Z,קולומביה,1,0,1
2021-07-30T00:00:00.000Z,קוסטה ריקה,8,1,9
2021-07-30T00:00:00.000Z,קוריאה הדרומית,9,5,14
2021-07-30T00:00:00.000Z,קזחסטאן,10,1,11
2021-07-30T00:00:00.000Z,קירג'זסטאן,2,0,2
2021-07-30T00:00:00.000Z,איחוד האמירויות הערב,10,3,13
2021-07-30T00:00:00.000Z,אוסטריה,582,163,745
2021-07-30T00:00:00.000Z,אוסטרליה,9,4,13
2021-07-30T00:00:00.000Z,אוקראינה,414,205,619
2021-07-30T00:00:00.000Z,אורגוואי,2,1,3
2021-07-30T00:00:00.000Z,אזרביג'אן,12,2,14
2021-07-30T00:00:00.000Z,איטליה,640,154,794
2021-07-30T00:00:00.000Z,איי גילברט ואליס,2,0,2
2021-07-30T00:00:00.000Z,איי טורקס וקייקוס,2,2,4
2021-07-30T00:00:00.000Z,איסלנד,23,2,25
2021-07-30T00:00:00.000Z,אירלנד,15,1,16
2021-07-30T00:00:00.000Z,אנגולה,3,0,3
2021-07-30T00:00:00.000Z,אנדורה,1,0,1
2021-07-30T00:00:00.000Z,אסטוניה,8,0,8
2021-07-30T00:00:00.000Z,ארגנטינה,0,3,3
2021-07-30T00:00:00.000Z,ארמניה,2,3,5
2021-07-30T00:00:00.000Z,ארצות הברית,1208,1020,2228
2021-07-30T00:00:00.000Z,אתיופיה,4,2,6
2021-07-30T00:00:00.000Z,בהמס,2,0,2
2021-07-30T00:00:00.000Z,בולגריה,488,80,568
2021-07-30T00:00:00.000Z,בוסניה הרצגובינה,3,1,4
2021-07-30T00:00:00.000Z,בלגיה,85,60,145
2021-07-30T00:00:00.000Z,בליז,1,0,1
2021-07-30T00:00:00.000Z,ברבדוס,0,5,5
2021-07-30T00:00:00.000Z,גאורגיה,469,93,562
2021-07-30T00:00:00.000Z,גאנה,2,0,2
2021-07-30T00:00:00.000Z,גווטאמלה,5,1,6
2021-07-30T00:00:00.000Z,גיברלטר,1,2,3
2021-07-30T00:00:00.000Z,גינאה המשוונית,1,0,1
2021-07-30T00:00:00.000Z,גמביה,0,1,1
2021-07-30T00:00:00.000Z,גמייקה,1,0,1
2021-07-30T00:00:00.000Z,גרמניה,519,204,723
2021-07-30T00:00:00.000Z,דומיניקה,1,0,1
2021-07-30T00:00:00.000Z,דנמרק,26,9,35
2021-07-30T00:00:00.000Z,הולנד,228,70,298
2021-07-30T00:00:00.000Z,הונג קונג,1,7,8
2021-07-30T00:00:00.000Z,תורכיה,1351,686,2037
2021-07-30T00:00:00.000Z,הממלכה המאוחדת,199,278,477
2021-07-30T00:00:00.000Z,הרפ הדומיניקנית,1,0,1
2021-07-30T00:00:00.000Z,זאיר,1,0,1
2021-07-30T00:00:00.000Z,חוף השנהב,1,0,1
2021-07-30T00:00:00.000Z,טנזניה,3,0,3
2021-07-30T00:00:00.000Z,יוון,2123,334,2457
2021-07-30T00:00:00.000Z,יפן,6,5,11
2021-07-30T00:00:00.000Z,ירדן,6,37,43
2021-07-30T00:00:00.000Z,כלל המדינות,12571,5493,18064
2021-07-30T00:00:00.000Z,לטביה,6,0,6
2021-07-30T00:00:00.000Z,מאלי,3,0,3
2021-07-30T00:00:00.000Z,מונטנגרו,250,19,269
2021-07-30T00:00:00.000Z,מונקו,1,1,2
2021-07-30T00:00:00.000Z,מלדיבים,74,25,99
2021-07-30T00:00:00.000Z,מצרים,634,347,981
2021-07-30T00:00:00.000Z,מקדוניה,1,0,1
2021-07-30T00:00:00.000Z,מקסיקו,1,0,1
2021-07-30T00:00:00.000Z,מרוקו,8,0,8
2021-07-30T00:00:00.000Z,נורבגיה,1,3,4
2021-07-30T00:00:00.000Z,ניגריה,5,0,5
2021-07-30T00:00:00.000Z,נפאל,0,3,3
2021-07-30T00:00:00.000Z,סין,12,229,241
2021-07-30T00:00:00.000Z,סינגפור,1,0,1
2021-07-30T00:00:00.000Z,סלובניה,6,3,9
2021-07-30T00:00:00.000Z,ספרד,69,33,102
2021-07-30T00:00:00.000Z,סרביה,92,9,101
2021-07-30T00:00:00.000Z,פולין,79,3,82
2021-07-30T00:00:00.000Z,פורטוגל,17,2,19
2021-07-30T00:00:00.000Z,פיליפינים,0,4,4
2021-07-30T00:00:00.000Z,פינלנד,61,20,81
2021-07-31T00:00:00.000Z,איטליה,368,117,485
2021-07-31T00:00:00.000Z,שוויץ,107,23,130
2021-07-31T00:00:00.000Z,שוודיה,11,6,17
2021-07-31T00:00:00.000Z,רוסיה,1,2,3
2021-07-31T00:00:00.000Z,רומניה,424,104,528
2021-07-31T00:00:00.000Z,רואנדה,2,0,2
2021-07-31T00:00:00.000Z,קרואטיה,16,3,19
2021-07-31T00:00:00.000Z,קפריסין,123,30,153
2021-07-31T00:00:00.000Z,קניה,11,4,15
2021-07-31T00:00:00.000Z,קנדה,13,68,81
2021-07-31T00:00:00.000Z,קמבודיה,0,1,1
2021-07-31T00:00:00.000Z,קירג'זסטאן,4,0,4
2021-07-31T00:00:00.000Z,קטר,1,3,4
2021-07-31T00:00:00.000Z,קזחסטאן,3,4,7
2021-07-31T00:00:00.000Z,קוריאה הדרומית,1,2,3
2021-07-31T00:00:00.000Z,קולומביה,0,2,2
2021-07-31T00:00:00.000Z,צרפת,297,256,553
2021-07-31T00:00:00.000Z,צכיה,7,0,7
2021-07-31T00:00:00.000Z,צ'ילה,4,0,4
2021-07-31T00:00:00.000Z,פרו,1,1,2
2021-07-31T00:00:00.000Z,פנמה,0,1,1
2021-07-31T00:00:00.000Z,פינלנד,19,10,29
2021-07-31T00:00:00.000Z,פיליפינים,2,23,25
2021-07-31T00:00:00.000Z,פורטוגל,20,2,22
2021-07-31T00:00:00.000Z,פולין,145,21,166
2021-07-31T00:00:00.000Z,סרי לנקה (צילון),1,0,1
2021-07-31T00:00:00.000Z,סרביה,49,16,65
2021-07-31T00:00:00.000Z,ספרד,12,3,15
2021-07-31T00:00:00.000Z,סלובקיה,1,0,1
2021-07-31T00:00:00.000Z,סלובניה,4,4,8
2021-07-31T00:00:00.000Z,סינגפור,1,5,6
2021-07-31T00:00:00.000Z,סין,0,4,4
2021-07-31T00:00:00.000Z,נמיביה,4,1,5
2021-07-31T00:00:00.000Z,ניו זילנד,1,0,1
2021-07-31T00:00:00.000Z,ניגריה,8,3,11
2021-07-31T00:00:00.000Z,ניגר,0,1,1
2021-07-31T00:00:00.000Z,מרוקו,7,2,9
2021-07-31T00:00:00.000Z,מקסיקו,2,5,7
2021-07-31T00:00:00.000Z,מצרים,950,466,1416
2021-07-31T00:00:00.000Z,מלטה,1,5,6
2021-07-31T00:00:00.000Z,מלדיבים,74,8,82
2021-07-31T00:00:00.000Z,מונקו,2,0,2
2021-07-31T00:00:00.000Z,מונטנגרו,166,8,174
2021-07-31T00:00:00.000Z,מולדובה,44,24,68
2021-07-31T00:00:00.000Z,מוזמביק,1,0,1
2021-07-31T00:00:00.000Z,מאלי,5,0,5
2021-07-31T00:00:00.000Z,ליטא,15,1,16
2021-07-31T00:00:00.000Z,אבחזיסטאן,1,1,2
2021-07-31T00:00:00.000Z,אוזבקיסטן,2,0,2
2021-07-31T00:00:00.000Z,לטביה,67,21,88
2021-07-31T00:00:00.000Z,כלל המדינות,8966,4212,13178
2021-07-31T00:00:00.000Z,ירדן,4,21,25
2021-07-31T00:00:00.000Z,יפן,4,1,5
2021-07-31T00:00:00.000Z,יוון,1559,186,1745
2021-07-31T00:00:00.000Z,טנזניה,33,3,36
2021-07-31T00:00:00.000Z,חוף השנהב,4,0,4
2021-07-31T00:00:00.000Z,ויטנאם,1,0,1
2021-07-31T00:00:00.000Z,הרפ הדומיניקנית,6,0,6
2021-07-31T00:00:00.000Z,הממלכה המאוחדת,48,61,109
2021-07-31T00:00:00.000Z,הונגריה,84,39,123
2021-07-31T00:00:00.000Z,הולנד,170,34,204
2021-07-31T00:00:00.000Z,תאילנד,5,0,5
2021-07-31T00:00:00.000Z,תורכיה,1756,880,2636
2021-07-31T00:00:00.000Z,תורכמניסטאן,10,4,14
2021-07-31T00:00:00.000Z,איחוד האמירויות הערב,40,18,58
2021-07-31T00:00:00.000Z,דרום אפריקה,1,2,3
2021-07-31T00:00:00.000Z,דנמרק,17,9,26
2021-07-31T00:00:00.000Z,גרנדה,0,1,1
2021-07-31T00:00:00.000Z,גרמניה,306,106,412
2021-07-31T00:00:00.000Z,גינאה המשוונית,0,1,1
2021-07-31T00:00:00.000Z,גינאה,1,0,1
2021-07-31T00:00:00.000Z,גווטאמלה,1,0,1
2021-07-31T00:00:00.000Z,גבון,2,0,2
2021-07-31T00:00:00.000Z,גאנה,3,0,3
2021-07-31T00:00:00.000Z,גאורגיה,67,9,76
2021-07-31T00:00:00.000Z,ברזיל,0,3,3
2021-07-31T00:00:00.000Z,בלגיה,12,4,16
2021-07-31T00:00:00.000Z,בחריין,1,0,1
2021-07-31T00:00:00.000Z,בורקינה פאסו,2,0,2
2021-07-31T00:00:00.000Z,בוסניה הרצגובינה,7,0,7
2021-07-31T00:00:00.000Z,בולגריה,138,19,157
2021-07-31T00:00:00.000Z,בוטסואנה,3,0,3
2021-07-31T00:00:00.000Z,אתיופיה,15,10,25
2021-07-31T00:00:00.000Z,ארצות הברית,626,838,1464
2021-07-31T00:00:00.000Z,ארמניה,5,2,7
2021-07-31T00:00:00.000Z,אקואדור,1,0,1
2021-07-31T00:00:00.000Z,אוסטריה,250,34,284
2021-07-31T00:00:00.000Z,אוסטרליה,1,6,7
2021-07-31T00:00:00.000Z,אוקראינה,349,109,458
2021-07-31T00:00:00.000Z,אזרביג'אן,1,0,1
2021-07-31T00:00:00.000Z,אלבניה,1,0,1
2021-07-31T00:00:00.000Z,איי טורקס וקייקוס,1,0,1
2021-07-31T00:00:00.000Z,איי סיישל,2,0,2
2021-07-31T00:00:00.000Z,איסלנד,71,1,72
2021-07-31T00:00:00.000Z,אירלנד,3,6,9
2021-08-01T00:00:00.000Z,תוניסיה,4,0,4
2021-08-01T00:00:00.000Z,ניגריה,5,1,6
2021-08-01T00:00:00.000Z,אוסטריה,200,98,298
2021-08-01T00:00:00.000Z,אוסטרליה,0,7,7
2021-08-01T00:00:00.000Z,אוקראינה,502,235,737
2021-08-01T00:00:00.000Z,אורגוואי,0,3,3
2021-08-01T00:00:00.000Z,אזרביג'אן,77,23,100
2021-08-01T00:00:00.000Z,איטליה,561,139,700
2021-08-01T00:00:00.000Z,איי גילברט ואליס,1,1,2
2021-08-01T00:00:00.000Z,איסלנד,63,5,68
2021-08-01T00:00:00.000Z,אירלנד,7,7,14
2021-08-01T00:00:00.000Z,אלבניה,77,3,80
2021-08-01T00:00:00.000Z,אנדורה,1,0,1
2021-08-01T00:00:00.000Z,אסטוניה,4,21,25
2021-08-01T00:00:00.000Z,ארגנטינה,0,8,8
2021-08-01T00:00:00.000Z,ארמניה,4,3,7
2021-08-01T00:00:00.000Z,ארצות הברית,724,790,1514
2021-08-01T00:00:00.000Z,בולגריה,759,65,824
2021-08-01T00:00:00.000Z,בוליביה,2,0,2
2021-08-01T00:00:00.000Z,בוסניה הרצגובינה,4,1,5
2021-08-01T00:00:00.000Z,בילורוסיה,79,40,119
2021-08-01T00:00:00.000Z,בלגיה,45,68,113
2021-08-01T00:00:00.000Z,איחוד האמירויות הערב,32,12,44
2021-08-01T00:00:00.000Z,ברזיל,1,0,1
2021-08-01T00:00:00.000Z,גאורגיה,298,91,389
2021-08-01T00:00:00.000Z,גאנה,1,1,2
2021-08-01T00:00:00.000Z,גמייקה,1,0,1
2021-08-01T00:00:00.000Z,גרמניה,385,250,635
2021-08-01T00:00:00.000Z,דנמרק,28,7,35
2021-08-01T00:00:00.000Z,דרום אפריקה,1,2,3
2021-08-01T00:00:00.000Z,הודו,1,0,1
2021-08-01T00:00:00.000Z,הולנד,236,98,334
2021-08-01T00:00:00.000Z,הונגריה,111,49,160
2021-08-01T00:00:00.000Z,הממלכה המאוחדת,181,181,362
2021-08-01T00:00:00.000Z,ונצואלה,2,0,2
2021-08-01T00:00:00.000Z,חוף השנהב,1,0,1
2021-08-01T00:00:00.000Z,טנזניה,1,0,1
2021-08-01T00:00:00.000Z,יוון,2583,362,2945
2021-08-01T00:00:00.000Z,יפן,5,8,13
2021-08-01T00:00:00.000Z,תימן,1,0,1
2021-08-01T00:00:00.000Z,תורכמניסטאן,8,5,13
2021-08-01T00:00:00.000Z,תורכיה,1711,952,2663
2021-08-01T00:00:00.000Z,אוזבקיסטן,3,1,4
2021-08-01T00:00:00.000Z,תאילנד,74,22,96
2021-08-01T00:00:00.000Z,שוויץ,373,257,630
2021-08-01T00:00:00.000Z,שוודיה,16,2,18
2021-08-01T00:00:00.000Z,רוסיה,29,77,106
2021-08-01T00:00:00.000Z,רומניה,273,45,318
2021-08-01T00:00:00.000Z,קרואטיה,7,4,11
2021-08-01T00:00:00.000Z,קפריסין,244,124,368
2021-08-01T00:00:00.000Z,קנדה,19,62,81
2021-08-01T00:00:00.000Z,קירג'זסטאן,0,1,1
2021-08-01T00:00:00.000Z,קזחסטאן,11,14,25
2021-08-01T00:00:00.000Z,קוריאה הדרומית,4,5,9
2021-08-01T00:00:00.000Z,קוסטה ריקה,3,5,8
2021-08-01T00:00:00.000Z,קוסובו,0,1,1
2021-08-01T00:00:00.000Z,קולומביה,2,1,3
2021-08-01T00:00:00.000Z,צרפת,710,772,1482
2021-08-01T00:00:00.000Z,צכיה,144,37,181
2021-08-01T00:00:00.000Z,צ'ילה,0,4,4
2021-08-01T00:00:00.000Z,פנמה,1,0,1
2021-08-01T00:00:00.000Z,פינלנד,4,1,5
2021-08-01T00:00:00.000Z,פיליפינים,4,5,9
2021-08-01T00:00:00.000Z,פורטוגל,22,2,24
2021-08-01T00:00:00.000Z,פולין,59,8,67
2021-08-01T00:00:00.000Z,סרביה,4,5,9
2021-08-01T00:00:00.000Z,ספרד,26,30,56
2021-08-01T00:00:00.000Z,סינגפור,0,11,11
2021-08-01T00:00:00.000Z,נפאל,0,1,1
2021-08-01T00:00:00.000Z,ניקרגואה,1,0,1
2021-08-01T00:00:00.000Z,ירדן,700,273,973
2021-08-01T00:00:00.000Z,כלל המדינות,13372,6393,19765
2021-08-01T00:00:00.000Z,לוכסמבורג,0,4,4
2021-08-01T00:00:00.000Z,לטביה,2,0,2
2021-08-01T00:00:00.000Z,ליטא,91,29,120
2021-08-01T00:00:00.000Z,מולדובה,78,41,119
2021-08-01T00:00:00.000Z,מונטנגרו,11,2,13
2021-08-01T00:00:00.000Z,מלדיבים,15,4,19
2021-08-01T00:00:00.000Z,מלזיה,0,2,2
2021-08-01T00:00:00.000Z,מלטה,1,0,1
2021-08-01T00:00:00.000Z,מצרים,845,289,1134
2021-08-01T00:00:00.000Z,מקאו,0,1,1
2021-08-01T00:00:00.000Z,מרוקו,1,2,3
2021-08-01T00:00:00.000Z,נורבגיה,1,3,4
2021-08-01T00:00:00.000Z,ניו זילנד,1,2,3
2021-08-02T00:00:00.000Z,סרביה,77,21,98
2021-08-02T00:00:00.000Z,סרי לנקה (צילון),5,2,7
2021-08-02T00:00:00.000Z,עומן,0,1,1
2021-08-02T00:00:00.000Z,עירק,0,4,4
2021-08-02T00:00:00.000Z,פאפואה,0,1,1
2021-08-02T00:00:00.000Z,פולין,349,58,407
2021-08-02T00:00:00.000Z,פורטוגל,126,29,155
2021-08-02T00:00:00.000Z,פיליפינים,1,2,3
2021-08-02T00:00:00.000Z,פינלנד,1,2,3
2021-08-02T00:00:00.000Z,פנמה,3,0,3
2021-08-02T00:00:00.000Z,פרו,4,0,4
2021-08-02T00:00:00.000Z,צ'ילה,0,2,2
2021-08-02T00:00:00.000Z,צכיה,182,48,230
2021-08-02T00:00:00.000Z,צרפת,468,646,1114
2021-08-02T00:00:00.000Z,קובה,0,1,1
2021-08-02T00:00:00.000Z,קונגו,0,1,1
2021-08-02T00:00:00.000Z,קוסובו,0,1,1
2021-08-02T00:00:00.000Z,קוסטה ריקה,8,1,9
2021-08-02T00:00:00.000Z,קזחסטאן,9,4,13
2021-08-02T00:00:00.000Z,קירג'זסטאן,2,0,2
2021-08-02T00:00:00.000Z,קנדה,50,222,272
2021-08-02T00:00:00.000Z,קניה,10,1,11
2021-08-02T00:00:00.000Z,קפריסין,65,40,105
2021-08-02T00:00:00.000Z,קרואטיה,4,4,8
2021-08-02T00:00:00.000Z,רואנדה,1,0,1
2021-08-02T00:00:00.000Z,רומניה,506,90,596
2021-08-02T00:00:00.000Z,רוסיה,38,109,147
2021-08-02T00:00:00.000Z,שוודיה,4,2,6
2021-08-02T00:00:00.000Z,שוויץ,361,296,657
2021-08-02T00:00:00.000Z,תוניסיה,0,1,1
2021-08-02T00:00:00.000Z,תורכיה,1361,612,1973
2021-08-02T00:00:00.000Z,תורכמניסטאן,14,1,15
2021-08-02T00:00:00.000Z,תימן,2,1,3
2021-08-02T00:00:00.000Z,אתיופיה,19,4,23
2021-08-02T00:00:00.000Z,בולגריה,686,84,770
2021-08-02T00:00:00.000Z,בוסניה הרצגובינה,13,3,16
2021-08-02T00:00:00.000Z,בחריין,0,1,1
2021-08-02T00:00:00.000Z,בלגיה,106,166,272
2021-08-02T00:00:00.000Z,ברזיל,2,20,22
2021-08-02T00:00:00.000Z,גאורגיה,258,53,311
2021-08-02T00:00:00.000Z,ארצות הברית,1078,2003,3081
2021-08-02T00:00:00.000Z,ארמניה,7,0,7
2021-08-02T00:00:00.000Z,אסטוניה,1,0,1
2021-08-02T00:00:00.000Z,אנגולה,0,1,1
2021-08-02T00:00:00.000Z,אלבניה,0,1,1
2021-08-02T00:00:00.000Z,אירלנד,9,1,10
2021-08-02T00:00:00.000Z,איסלנד,69,5,74
2021-08-02T00:00:00.000Z,איי טורקס וקייקוס,6,0,6
2021-08-02T00:00:00.000Z,איטליה,740,175,915
2021-08-02T00:00:00.000Z,אזרביג'אן,18,1,19
2021-08-02T00:00:00.000Z,אורגוואי,3,2,5
2021-08-02T00:00:00.000Z,אוקראינה,494,262,756
2021-08-02T00:00:00.000Z,אוסטרליה,4,9,13
2021-08-02T00:00:00.000Z,אוסטריה,538,218,756
2021-08-02T00:00:00.000Z,אוזבקיסטן,1,2,3
2021-08-02T00:00:00.000Z,אבחזיסטאן,1,0,1
2021-08-02T00:00:00.000Z,גאנה,1,0,1
2021-08-02T00:00:00.000Z,איחוד האמירויות הערב,26,19,45
2021-08-02T00:00:00.000Z,סאו טומה ופרינציפה,2,0,2
2021-08-02T00:00:00.000Z,גרמניה,524,253,777
2021-08-02T00:00:00.000Z,גרנדה,4,3,7
2021-08-02T00:00:00.000Z,דנמרק,2,10,12
2021-08-02T00:00:00.000Z,דרום אפריקה,2,3,5
2021-08-02T00:00:00.000Z,האנטילים ההולנדים,0,1,1
2021-08-02T00:00:00.000Z,הודו,11,58,69
2021-08-02T00:00:00.000Z,הולנד,225,76,301
2021-08-02T00:00:00.000Z,הונג קונג,0,1,1
2021-08-02T00:00:00.000Z,הונגריה,94,26,120
2021-08-02T00:00:00.000Z,הממלכה המאוחדת,165,161,326
2021-08-02T00:00:00.000Z,חוף השנהב,1,0,1
2021-08-02T00:00:00.000Z,טיוואן,0,1,1
2021-08-02T00:00:00.000Z,טנזניה,3,0,3
2021-08-02T00:00:00.000Z,יוון,1861,282,2143
2021-08-02T00:00:00.000Z,יפן,41,4,45
2021-08-02T00:00:00.000Z,ירדן,217,164,381
2021-08-02T00:00:00.000Z,כלל המדינות,12657,7373,20030
2021-08-02T00:00:00.000Z,לבנון,0,1,1
2021-08-02T00:00:00.000Z,לטביה,0,1,1
2021-08-02T00:00:00.000Z,ליטא,3,0,3
2021-08-02T00:00:00.000Z,מונטנגרו,128,8,136
2021-08-02T00:00:00.000Z,מלדיבים,25,2,27
2021-08-02T00:00:00.000Z,מלטה,3,0,3
2021-08-02T00:00:00.000Z,מצרים,589,223,812
2021-08-02T00:00:00.000Z,מקסיקו,0,20,20
2021-08-02T00:00:00.000Z,מרוקו,24,13,37
2021-08-02T00:00:00.000Z,ניגריה,6,1,7
2021-08-02T00:00:00.000Z,סוריה,5,5,10
2021-08-02T00:00:00.000Z,סיירה ליאונה,0,1,1
2021-08-02T00:00:00.000Z,סין,1,6,7
2021-08-02T00:00:00.000Z,סינגפור,1,3,4
2021-08-02T00:00:00.000Z,סלובניה,3,0,3
2021-08-02T00:00:00.000Z,ספרד,90,37,127
2021-08-03T00:00:00.000Z,לסוטו,1,0,1
2021-08-03T00:00:00.000Z,איחוד האמירויות הערב,19,19,38
2021-08-03T00:00:00.000Z,תורכיה,954,449,1403
2021-08-03T00:00:00.000Z,תאילנד,4,1,5
2021-08-03T00:00:00.000Z,שוויץ,293,244,537
2021-08-03T00:00:00.000Z,שוודיה,24,14,38
2021-08-03T00:00:00.000Z,רוסיה,22,45,67
2021-08-03T00:00:00.000Z,רומניה,204,56,260
2021-08-03T00:00:00.000Z,קרואטיה,11,3,14
2021-08-03T00:00:00.000Z,קפריסין,91,28,119
2021-08-03T00:00:00.000Z,קניה,6,1,7
2021-08-03T00:00:00.000Z,קנדה,31,97,128
2021-08-03T00:00:00.000Z,קטר,1,0,1
2021-08-03T00:00:00.000Z,קזחסטאן,0,2,2
2021-08-03T00:00:00.000Z,קוסטה ריקה,6,1,7
2021-08-03T00:00:00.000Z,קוסובו,0,1,1
2021-08-03T00:00:00.000Z,קונגו,1,0,1
2021-08-03T00:00:00.000Z,קולומביה,2,0,2
2021-08-03T00:00:00.000Z,קובה,0,1,1
2021-08-03T00:00:00.000Z,צרפת,594,714,1308
2021-08-03T00:00:00.000Z,צכיה,70,10,80
2021-08-03T00:00:00.000Z,צ'ילה,0,1,1
2021-08-03T00:00:00.000Z,פרו,2,4,6
2021-08-03T00:00:00.000Z,פנמה,7,5,12
2021-08-03T00:00:00.000Z,פינלנד,7,3,10
2021-08-03T00:00:00.000Z,פיליפינים,0,5,5
2021-08-03T00:00:00.000Z,פורטוגל,22,2,24
2021-08-03T00:00:00.000Z,פולין,154,46,200
2021-08-03T00:00:00.000Z,עירק,0,8,8
2021-08-03T00:00:00.000Z,סרביה,72,12,84
2021-08-03T00:00:00.000Z,ספרד,73,52,125
2021-08-03T00:00:00.000Z,סלובקיה,6,1,7
2021-08-03T00:00:00.000Z,סלובניה,4,2,6
2021-08-03T00:00:00.000Z,סין,2,12,14
2021-08-03T00:00:00.000Z,נפאל,0,2,2
2021-08-03T00:00:00.000Z,ניקרגואה,1,0,1
2021-08-03T00:00:00.000Z,ניו זילנד,0,1,1
2021-08-03T00:00:00.000Z,ניגריה,3,0,3
2021-08-03T00:00:00.000Z,נורבגיה,2,0,2
2021-08-03T00:00:00.000Z,מרוקו,9,5,14
2021-08-03T00:00:00.000Z,מקסיקו,0,5,5
2021-08-03T00:00:00.000Z,מצרים,496,269,765
2021-08-03T00:00:00.000Z,מלטה,0,7,7
2021-08-03T00:00:00.000Z,מלדיבים,11,1,12
2021-08-03T00:00:00.000Z,מונקו,1,0,1
2021-08-03T00:00:00.000Z,מונטנגרו,1,1,2
2021-08-03T00:00:00.000Z,מולדובה,65,19,84
2021-08-03T00:00:00.000Z,מוזמביק,2,0,2
2021-08-03T00:00:00.000Z,מאלי,3,0,3
2021-08-03T00:00:00.000Z,תורכמניסטאן,11,1,12
2021-08-03T00:00:00.000Z,ליטא,12,0,12
2021-08-03T00:00:00.000Z,לטביה,61,7,68
2021-08-03T00:00:00.000Z,לבנון,1,1,2
2021-08-03T00:00:00.000Z,כלל המדינות,9689,5619,15308
2021-08-03T00:00:00.000Z,ירדן,159,62,221
2021-08-03T00:00:00.000Z,יפן,14,6,20
2021-08-03T00:00:00.000Z,יוון,1248,182,1430
2021-08-03T00:00:00.000Z,טנזניה,19,2,21
2021-08-03T00:00:00.000Z,חוף השנהב,3,0,3
2021-08-03T00:00:00.000Z,זאיר,2,0,2
2021-08-03T00:00:00.000Z,הרפ הדומיניקנית,7,0,7
2021-08-03T00:00:00.000Z,הממלכה המאוחדת,178,175,353
2021-08-03T00:00:00.000Z,הונגריה,150,62,212
2021-08-03T00:00:00.000Z,הונג קונג,4,16,20
2021-08-03T00:00:00.000Z,הולנד,238,40,278
2021-08-03T00:00:00.000Z,דרום אפריקה,1,6,7
2021-08-03T00:00:00.000Z,דנמרק,21,33,54
2021-08-03T00:00:00.000Z,גרמניה,537,185,722
2021-08-03T00:00:00.000Z,גינאה,0,1,1
2021-08-03T00:00:00.000Z,גיברלטר,2,2,4
2021-08-03T00:00:00.000Z,גווטאמלה,2,0,2
2021-08-03T00:00:00.000Z,גאנה,1,0,1
2021-08-03T00:00:00.000Z,גאורגיה,164,48,212
2021-08-03T00:00:00.000Z,ברזיל,0,6,6
2021-08-03T00:00:00.000Z,בלגיה,14,10,24
2021-08-03T00:00:00.000Z,בורקינה פאסו,1,0,1
2021-08-03T00:00:00.000Z,בוסניה הרצגובינה,14,13,27
2021-08-03T00:00:00.000Z,בוליביה,2,4,6
2021-08-03T00:00:00.000Z,בולגריה,460,65,525
2021-08-03T00:00:00.000Z,בהמס,1,0,1
2021-08-03T00:00:00.000Z,אתיופיה,15,6,21
2021-08-03T00:00:00.000Z,ארצות הברית,1028,1331,2359
2021-08-03T00:00:00.000Z,ארמניה,2,6,8
2021-08-03T00:00:00.000Z,ארגנטינה,1,1,2
2021-08-03T00:00:00.000Z,אקואדור,3,6,9
2021-08-03T00:00:00.000Z,אסטוניה,8,5,13
2021-08-03T00:00:00.000Z,אנטיגואה וברבודה,1,0,1
2021-08-03T00:00:00.000Z,אנגולה,1,0,1
2021-08-03T00:00:00.000Z,אלבניה,72,11,83
2021-08-03T00:00:00.000Z,אירלנד,9,3,12
2021-08-03T00:00:00.000Z,איסלנד,356,3,359
2021-08-03T00:00:00.000Z,איטליה,404,130,534
2021-08-03T00:00:00.000Z,אזרביג'אן,4,1,5
2021-08-03T00:00:00.000Z,אורגוואי,8,6,14
2021-08-03T00:00:00.000Z,אוקראינה,298,193,491
2021-08-03T00:00:00.000Z,אוסטרליה,0,3,3
2021-08-03T00:00:00.000Z,אוסטריה,296,109,405
2021-08-03T00:00:00.000Z,אוזבקיסטן,2,0,2
2021-08-04T00:00:00.000Z,איטליה,517,187,704
2021-08-04T00:00:00.000Z,תורכמניסטאן,16,5,21
2021-08-04T00:00:00.000Z,תורכיה,1207,575,1782
2021-08-04T00:00:00.000Z,תוניסיה,2,2,4
2021-08-04T00:00:00.000Z,תאילנד,2,1,3
2021-08-04T00:00:00.000Z,שוויץ,504,404,908
2021-08-04T00:00:00.000Z,שוודיה,8,10,18
2021-08-04T00:00:00.000Z,רוסיה,28,45,73
2021-08-04T00:00:00.000Z,רומניה,571,133,704
2021-08-04T00:00:00.000Z,רואנדה,2,0,2
2021-08-04T00:00:00.000Z,קרואטיה,15,4,19
2021-08-04T00:00:00.000Z,קפריסין,68,34,102
2021-08-04T00:00:00.000Z,קניה,3,2,5
2021-08-04T00:00:00.000Z,קנדה,41,136,177
2021-08-04T00:00:00.000Z,קירג'זסטאן,2,1,3
2021-08-04T00:00:00.000Z,קזחסטאן,6,3,9
2021-08-04T00:00:00.000Z,קוריאה הדרומית,0,3,3
2021-08-04T00:00:00.000Z,קוסטה ריקה,6,0,6
2021-08-04T00:00:00.000Z,קולומביה,1,2,3
2021-08-04T00:00:00.000Z,צרפת,647,852,1499
2021-08-04T00:00:00.000Z,צכיה,80,16,96
2021-08-04T00:00:00.000Z,צ'ילה,0,2,2
2021-08-04T00:00:00.000Z,פרו,6,3,9
2021-08-04T00:00:00.000Z,פרגוואי,14,0,14
2021-08-04T00:00:00.000Z,פנמה,3,7,10
2021-08-04T00:00:00.000Z,פינלנד,30,17,47
2021-08-04T00:00:00.000Z,פיליפינים,1,73,74
2021-08-04T00:00:00.000Z,פורטוגל,6,0,6
2021-08-04T00:00:00.000Z,פולין,50,14,64
2021-08-04T00:00:00.000Z,סרביה,45,15,60
2021-08-04T00:00:00.000Z,ספרד,4,2,6
2021-08-04T00:00:00.000Z,סנגל,0,3,3
2021-08-04T00:00:00.000Z,סלובקיה,1,0,1
2021-08-04T00:00:00.000Z,סלובניה,137,14,151
2021-08-04T00:00:00.000Z,סינגפור,0,4,4
2021-08-04T00:00:00.000Z,סין,1,38,39
2021-08-04T00:00:00.000Z,סיירה ליאונה,0,1,1
2021-08-04T00:00:00.000Z,סורינם,1,0,1
2021-08-04T00:00:00.000Z,סוריה,2,2,4
2021-08-04T00:00:00.000Z,ניגריה,4,1,5
2021-08-04T00:00:00.000Z,נורבגיה,4,3,7
2021-08-04T00:00:00.000Z,מרוקו,0,1,1
2021-08-04T00:00:00.000Z,מקסיקו,5,6,11
2021-08-04T00:00:00.000Z,מקדוניה,1,0,1
2021-08-04T00:00:00.000Z,מצרים,469,159,628
2021-08-04T00:00:00.000Z,מלטה,11,17,28
2021-08-04T00:00:00.000Z,מלדיבים,28,4,32
2021-08-04T00:00:00.000Z,מלאווי,0,1,1
2021-08-04T00:00:00.000Z,מונטנגרו,144,7,151
2021-08-04T00:00:00.000Z,מאלי,0,1,1
2021-08-04T00:00:00.000Z,ליטא,1,0,1
2021-08-04T00:00:00.000Z,לוכסמבורג,0,1,1
2021-08-04T00:00:00.000Z,כלל המדינות,11430,7548,18978
2021-08-04T00:00:00.000Z,כווית,1,0,1
2021-08-04T00:00:00.000Z,ירדן,199,62,261
2021-08-04T00:00:00.000Z,יפן,1,4,5
2021-08-04T00:00:00.000Z,יוון,890,216,1106
2021-08-04T00:00:00.000Z,טנזניה,142,9,151
2021-08-04T00:00:00.000Z,טיוואן,0,2,2
2021-08-04T00:00:00.000Z,זאיר,1,0,1
2021-08-04T00:00:00.000Z,ונצואלה,1,1,2
2021-08-04T00:00:00.000Z,ויטנאם,0,4,4
2021-08-04T00:00:00.000Z,הממלכה המאוחדת,200,215,415
2021-08-04T00:00:00.000Z,הונגריה,157,128,285
2021-08-04T00:00:00.000Z,הונג קונג,0,5,5
2021-08-04T00:00:00.000Z,הולנד,250,99,349
2021-08-04T00:00:00.000Z,דרום סודאן,1,0,1
2021-08-04T00:00:00.000Z,דרום אפריקה,0,1,1
2021-08-04T00:00:00.000Z,דנמרק,16,20,36
2021-08-04T00:00:00.000Z,גרמניה,514,314,828
2021-08-04T00:00:00.000Z,גיברלטר,3,0,3
2021-08-04T00:00:00.000Z,גאנה,2,1,3
2021-08-04T00:00:00.000Z,גאורגיה,132,52,184
2021-08-04T00:00:00.000Z,ברזיל,1,0,1
2021-08-04T00:00:00.000Z,בלגיה,120,156,276
2021-08-04T00:00:00.000Z,בילורוסיה,43,16,59
2021-08-04T00:00:00.000Z,בורקינה פאסו,2,0,2
2021-08-04T00:00:00.000Z,בוסניה הרצגובינה,3,0,3
2021-08-04T00:00:00.000Z,בוליביה,1,0,1
2021-08-04T00:00:00.000Z,בולגריה,413,47,460
2021-08-04T00:00:00.000Z,בוטסואנה,1,1,2
2021-08-04T00:00:00.000Z,אתיופיה,18,6,24
2021-08-04T00:00:00.000Z,ארצות הברית,1314,1893,3207
2021-08-04T00:00:00.000Z,ארמניה,4,3,7
2021-08-04T00:00:00.000Z,אקואדור,1,0,1
2021-08-04T00:00:00.000Z,אסטוניה,3,0,3
2021-08-04T00:00:00.000Z,אנגולה,2,0,2
2021-08-04T00:00:00.000Z,אלבניה,1,0,1
2021-08-04T00:00:00.000Z,אירלנד,6,3,9
2021-08-04T00:00:00.000Z,איסלנד,231,5,236
2021-08-04T00:00:00.000Z,אזרביג'אן,3,0,3
2021-08-04T00:00:00.000Z,אורגוואי,4,0,4
2021-08-04T00:00:00.000Z,אוקראינה,483,305,788
2021-08-04T00:00:00.000Z,אוסטרליה,2,13,15
2021-08-04T00:00:00.000Z,אוסטריה,467,206,673
2021-08-04T00:00:00.000Z,אוזבקיסטן,0,2,2
2021-08-04T00:00:00.000Z,אוגנדה,2,0,2
2021-08-04T00:00:00.000Z,אבחזיסטאן,1,1,2
2021-08-04T00:00:00.000Z,מולדובה,0,1,1
2021-08-04T00:00:00.000Z,איחוד האמירויות הערב,36,36,72
2021-08-05T00:00:00.000Z,לבנון,0,1,1
2021-08-05T00:00:00.000Z,שוודיה,9,6,15
2021-08-05T00:00:00.000Z,בלגיה,67,100,167
2021-08-05T00:00:00.000Z,בילורוסיה,0,1,1
2021-08-05T00:00:00.000Z,בחריין,2,0,2
2021-08-05T00:00:00.000Z,בוסניה הרצגובינה,4,3,7
2021-08-05T00:00:00.000Z,בולגריה,558,105,663
2021-08-05T00:00:00.000Z,אתיופיה,26,17,43
2021-08-05T00:00:00.000Z,ארצות הברית,1585,2136,3721
2021-08-05T00:00:00.000Z,ארמניה,54,15,69
2021-08-05T00:00:00.000Z,ארגנטינה,1,13,14
2021-08-05T00:00:00.000Z,אקואדור,3,0,3
2021-08-05T00:00:00.000Z,אסטוניה,3,0,3
2021-08-05T00:00:00.000Z,אנגולה,2,0,2
2021-08-05T00:00:00.000Z,אל סלבדור,0,1,1
2021-08-05T00:00:00.000Z,אירלנד,9,4,13
2021-08-05T00:00:00.000Z,איסלנד,143,2,145
2021-08-05T00:00:00.000Z,איי סיישל,5,4,9
2021-08-05T00:00:00.000Z,איי גילברט ואליס,2,0,2
2021-08-05T00:00:00.000Z,איטליה,552,225,777
2021-08-05T00:00:00.000Z,אזרביג'אן,60,20,80
2021-08-05T00:00:00.000Z,אוקראינה,459,239,698
2021-08-05T00:00:00.000Z,איחוד האמירויות הערב,20,4,24
2021-08-05T00:00:00.000Z,אוסטרליה,7,5,12
2021-08-05T00:00:00.000Z,אוסטריה,248,167,415
2021-08-05T00:00:00.000Z,אוזבקיסטן,2,2,4
2021-08-05T00:00:00.000Z,אוגנדה,5,0,5
2021-08-05T00:00:00.000Z,אבחזיסטאן,1,0,1
2021-08-05T00:00:00.000Z,גאנה,4,4,8
2021-08-05T00:00:00.000Z,גבון,1,0,1
2021-08-05T00:00:00.000Z,גווטאמלה,4,1,5
2021-08-05T00:00:00.000Z,גיברלטר,1,1,2
2021-08-05T00:00:00.000Z,גרמניה,288,131,419
2021-08-05T00:00:00.000Z,דנמרק,14,5,19
2021-08-05T00:00:00.000Z,דרום אפריקה,1,8,9
2021-08-05T00:00:00.000Z,דרום סודאן,2,0,2
2021-08-05T00:00:00.000Z,הולנד,248,108,356
2021-08-05T00:00:00.000Z,הונג קונג,1,0,1
2021-08-05T00:00:00.000Z,הונגריה,157,121,278
2021-08-05T00:00:00.000Z,הממלכה המאוחדת,226,172,398
2021-08-05T00:00:00.000Z,הרפ הדומיניקנית,9,3,12
2021-08-05T00:00:00.000Z,זאיר,2,0,2
2021-08-05T00:00:00.000Z,חוף השנהב,0,5,5
2021-08-05T00:00:00.000Z,טיוואן,0,1,1
2021-08-05T00:00:00.000Z,טנזניה,20,6,26
2021-08-05T00:00:00.000Z,יוון,1993,443,2436
2021-08-05T00:00:00.000Z,יפן,9,1,10
2021-08-05T00:00:00.000Z,ירדן,516,249,765
2021-08-05T00:00:00.000Z,כלל המדינות,11978,7565,19543
2021-08-05T00:00:00.000Z,ברזיל,4,5,9
2021-08-05T00:00:00.000Z,לוכסמבורג,3,0,3
2021-08-05T00:00:00.000Z,לטביה,3,0,3
2021-08-05T00:00:00.000Z,ליטא,112,7,119
2021-08-05T00:00:00.000Z,מולדובה,120,60,180
2021-08-05T00:00:00.000Z,מלדיבים,33,1,34
2021-08-05T00:00:00.000Z,מצרים,616,222,838
2021-08-05T00:00:00.000Z,מרוקו,11,3,14
2021-08-05T00:00:00.000Z,נורבגיה,3,1,4
2021-08-05T00:00:00.000Z,ניגריה,4,1,5
2021-08-05T00:00:00.000Z,ניקרגואה,2,0,2
2021-08-05T00:00:00.000Z,נמיביה,1,2,3
2021-08-05T00:00:00.000Z,סוריה,0,1,1
2021-08-05T00:00:00.000Z,סיירה ליאונה,1,0,1
2021-08-05T00:00:00.000Z,סין,0,1,1
2021-08-05T00:00:00.000Z,סינגפור,1,0,1
2021-08-05T00:00:00.000Z,סלובניה,7,1,8
2021-08-05T00:00:00.000Z,ספרד,111,56,167
2021-08-05T00:00:00.000Z,סרביה,11,9,20
2021-08-05T00:00:00.000Z,סרי לנקה (צילון),0,2,2
2021-08-05T00:00:00.000Z,עירק,1,0,1
2021-08-05T00:00:00.000Z,פולין,35,29,64
2021-08-05T00:00:00.000Z,פורטוגל,144,35,179
2021-08-05T00:00:00.000Z,פיליפינים,1,10,11
2021-08-05T00:00:00.000Z,פינלנד,1,0,1
2021-08-05T00:00:00.000Z,פנמה,3,10,13
2021-08-05T00:00:00.000Z,פרגוואי,1,2,3
2021-08-05T00:00:00.000Z,פרו,5,2,7
2021-08-05T00:00:00.000Z,צ'ילה,1,1,2
2021-08-05T00:00:00.000Z,צכיה,80,15,95
2021-08-05T00:00:00.000Z,צרפת,531,582,1113
2021-08-05T00:00:00.000Z,קובה,1,0,1
2021-08-05T00:00:00.000Z,קולומביה,5,1,6
2021-08-05T00:00:00.000Z,קוסטה ריקה,19,9,28
2021-08-05T00:00:00.000Z,קירג'זסטאן,1,0,1
2021-08-05T00:00:00.000Z,קמרון,2,0,2
2021-08-05T00:00:00.000Z,קנדה,54,118,172
2021-08-05T00:00:00.000Z,קניה,7,2,9
2021-08-05T00:00:00.000Z,קפריסין,156,85,241
2021-08-05T00:00:00.000Z,קרואטיה,5,6,11
2021-08-05T00:00:00.000Z,רואנדה,1,0,1
2021-08-05T00:00:00.000Z,רומניה,270,59,329
2021-08-05T00:00:00.000Z,רוסיה,25,98,123
2021-08-05T00:00:00.000Z,גאורגיה,84,22,106
2021-08-05T00:00:00.000Z,שוויץ,342,307,649
2021-08-05T00:00:00.000Z,תאילנד,100,42,142
2021-08-05T00:00:00.000Z,תוניסיה,1,0,1
2021-08-05T00:00:00.000Z,תורכיה,896,561,1457
2021-08-05T00:00:00.000Z,תורכמניסטאן,4,7,11
2021-08-06T00:00:00.000Z,ארצות הברית,1313,1171,2484
2021-08-06T00:00:00.000Z,תורכמניסטאן,5,0,5
2021-08-06T00:00:00.000Z,איחוד האמירויות הערב,23,11,34
2021-08-06T00:00:00.000Z,תורכיה,636,291,927
2021-08-06T00:00:00.000Z,תוניסיה,2,4,6
2021-08-06T00:00:00.000Z,שוויץ,573,344,917
2021-08-06T00:00:00.000Z,שוודיה,11,12,23
2021-08-06T00:00:00.000Z,רוסיה,50,51,101
2021-08-06T00:00:00.000Z,רומניה,437,103,540
2021-08-06T00:00:00.000Z,רואנדה,0,1,1
2021-08-06T00:00:00.000Z,קרואטיה,19,3,22
2021-08-06T00:00:00.000Z,קפריסין,34,19,53
2021-08-06T00:00:00.000Z,קניה,0,2,2
2021-08-06T00:00:00.000Z,קנדה,55,81,136
2021-08-06T00:00:00.000Z,קמרון,1,0,1
2021-08-06T00:00:00.000Z,קירג'זסטאן,6,1,7
2021-08-06T00:00:00.000Z,קטר,6,0,6
2021-08-06T00:00:00.000Z,קזחסטאן,4,0,4
2021-08-06T00:00:00.000Z,קוריאה הדרומית,3,0,3
2021-08-06T00:00:00.000Z,קוסטה ריקה,5,6,11
2021-08-06T00:00:00.000Z,קולומביה,6,0,6
2021-08-06T00:00:00.000Z,צרפת,433,336,769
2021-08-06T00:00:00.000Z,צכיה,246,51,297
2021-08-06T00:00:00.000Z,פרו,3,0,3
2021-08-06T00:00:00.000Z,פרגוואי,0,1,1
2021-08-06T00:00:00.000Z,פנמה,1,0,1
2021-08-06T00:00:00.000Z,פינלנד,36,17,53
2021-08-06T00:00:00.000Z,פיליפינים,1,5,6
2021-08-06T00:00:00.000Z,פורטוגל,10,0,10
2021-08-06T00:00:00.000Z,פורטו ריקו,0,1,1
2021-08-06T00:00:00.000Z,פולין,242,48,290
2021-08-06T00:00:00.000Z,סרי לנקה (צילון),3,5,8
2021-08-06T00:00:00.000Z,סרביה,83,20,103
2021-08-06T00:00:00.000Z,ספרד,11,7,18
2021-08-06T00:00:00.000Z,סלובקיה,2,0,2
2021-08-06T00:00:00.000Z,סלובניה,8,0,8
2021-08-06T00:00:00.000Z,סינגפור,0,7,7
2021-08-06T00:00:00.000Z,סין,0,1,1
2021-08-06T00:00:00.000Z,סודן,1,0,1
2021-08-06T00:00:00.000Z,נפאל,0,1,1
2021-08-06T00:00:00.000Z,נורבגיה,1,0,1
2021-08-06T00:00:00.000Z,מרוקו,45,50,95
2021-08-06T00:00:00.000Z,מקסיקו,0,3,3
2021-08-06T00:00:00.000Z,מצרים,776,319,1095
2021-08-06T00:00:00.000Z,מלדיבים,22,0,22
2021-08-06T00:00:00.000Z,מונטנגרו,159,12,171
2021-08-06T00:00:00.000Z,מולדובה,49,26,75
2021-08-06T00:00:00.000Z,מאלי,1,0,1
2021-08-06T00:00:00.000Z,ליטא,6,1,7
2021-08-06T00:00:00.000Z,לטביה,4,0,4
2021-08-06T00:00:00.000Z,כלל המדינות,11157,5041,16198
2021-08-06T00:00:00.000Z,ירדן,1,6,7
2021-08-06T00:00:00.000Z,יפן,12,4,16
2021-08-06T00:00:00.000Z,יוון,1487,229,1716
2021-08-06T00:00:00.000Z,טנזניה,0,1,1
2021-08-06T00:00:00.000Z,טיוואן,1,5,6
2021-08-06T00:00:00.000Z,זאיר,1,0,1
2021-08-06T00:00:00.000Z,ונצואלה,0,1,1
2021-08-06T00:00:00.000Z,הרפ הדומיניקנית,1,0,1
2021-08-06T00:00:00.000Z,הממלכה המאוחדת,50,61,111
2021-08-06T00:00:00.000Z,הונגריה,78,56,134
2021-08-06T00:00:00.000Z,הולנד,194,60,254
2021-08-06T00:00:00.000Z,דרום אפריקה,0,1,1
2021-08-06T00:00:00.000Z,דנמרק,5,2,7
2021-08-06T00:00:00.000Z,גרמניה,650,284,934
2021-08-06T00:00:00.000Z,גיברלטר,4,3,7
2021-08-06T00:00:00.000Z,גויאנה הצרפתית,0,3,3
2021-08-06T00:00:00.000Z,גווטאמלה,5,0,5
2021-08-06T00:00:00.000Z,גאנה,1,0,1
2021-08-06T00:00:00.000Z,גאורגיה,92,10,102
2021-08-06T00:00:00.000Z,ברזיל,0,1,1
2021-08-06T00:00:00.000Z,בלגיה,84,70,154
2021-08-06T00:00:00.000Z,בילורוסיה,1,0,1
2021-08-06T00:00:00.000Z,אוגנדה,0,1,1
2021-08-06T00:00:00.000Z,אוסטריה,652,173,825
2021-08-06T00:00:00.000Z,אוסטרליה,4,6,10
2021-08-06T00:00:00.000Z,אוקראינה,450,214,664
2021-08-06T00:00:00.000Z,אורגוואי,5,0,5
2021-08-06T00:00:00.000Z,אזרביג'אן,5,2,7
2021-08-06T00:00:00.000Z,איטליה,498,134,632
2021-08-06T00:00:00.000Z,איי טורקס וקייקוס,2,1,3
2021-08-06T00:00:00.000Z,איי סיישל,4,0,4
2021-08-06T00:00:00.000Z,איסלנד,55,0,55
2021-08-06T00:00:00.000Z,אירלנד,18,2,20
2021-08-06T00:00:00.000Z,אירן,1,0,1
2021-08-06T00:00:00.000Z,אנגולה,1,0,1
2021-08-06T00:00:00.000Z,אסטוניה,10,0,10
2021-08-06T00:00:00.000Z,אקואדור,2,1,3
2021-08-06T00:00:00.000Z,ארגנטינה,0,1,1
2021-08-06T00:00:00.000Z,בהמס,0,2,2
2021-08-06T00:00:00.000Z,בולגריה,505,89,594
2021-08-06T00:00:00.000Z,בוליביה,2,0,2
2021-08-06T00:00:00.000Z,בוסניה הרצגובינה,10,9,19
2021-08-07T00:00:00.000Z,קונגו,1,0,1
2021-08-07T00:00:00.000Z,קוסטה ריקה,5,1,6
2021-08-07T00:00:00.000Z,קוריאה הדרומית,4,4,8
2021-08-07T00:00:00.000Z,קמבודיה,0,1,1
2021-08-07T00:00:00.000Z,קמרון,1,1,2
2021-08-07T00:00:00.000Z,קנדה,28,48,76
2021-08-07T00:00:00.000Z,קפריסין,23,15,38
2021-08-07T00:00:00.000Z,קרואטיה,25,3,28
2021-08-07T00:00:00.000Z,רואנדה,7,1,8
2021-08-07T00:00:00.000Z,רומניה,479,106,585
2021-08-07T00:00:00.000Z,רוסיה,3,0,3
2021-08-07T00:00:00.000Z,שוודיה,10,2,12
2021-08-07T00:00:00.000Z,שוויץ,119,32,151
2021-08-07T00:00:00.000Z,תאילנד,2,0,2
2021-08-07T00:00:00.000Z,תוניסיה,0,1,1
2021-08-07T00:00:00.000Z,תורכיה,364,166,530
2021-08-07T00:00:00.000Z,סינגפור,5,4,9
2021-08-07T00:00:00.000Z,סין,0,1,1
2021-08-07T00:00:00.000Z,ניגריה,3,1,4
2021-08-07T00:00:00.000Z,נורבגיה,1,4,5
2021-08-07T00:00:00.000Z,אוקראינה,202,79,281
2021-08-07T00:00:00.000Z,איטליה,120,50,170
2021-08-07T00:00:00.000Z,איי טורקס וקייקוס,2,0,2
2021-08-07T00:00:00.000Z,איסלנד,47,1,48
2021-08-07T00:00:00.000Z,אירלנד,8,3,11
2021-08-07T00:00:00.000Z,אלבניה,3,0,3
2021-08-07T00:00:00.000Z,אנגולה,1,0,1
2021-08-07T00:00:00.000Z,אנדורה,2,0,2
2021-08-07T00:00:00.000Z,מרוקו,2,0,2
2021-08-07T00:00:00.000Z,מצרים,849,286,1135
2021-08-07T00:00:00.000Z,מלדיבים,16,4,20
2021-08-07T00:00:00.000Z,מונקו,2,1,3
2021-08-07T00:00:00.000Z,מונטנגרו,5,1,6
2021-08-07T00:00:00.000Z,מוזמביק,1,0,1
2021-08-07T00:00:00.000Z,ליטא,3,0,3
2021-08-07T00:00:00.000Z,לטביה,77,14,91
2021-08-07T00:00:00.000Z,לוכסמבורג,0,1,1
2021-08-07T00:00:00.000Z,כלל המדינות,5832,2750,8582
2021-08-07T00:00:00.000Z,ירדן,6,3,9
2021-08-07T00:00:00.000Z,יפן,4,1,5
2021-08-07T00:00:00.000Z,יוון,865,119,984
2021-08-07T00:00:00.000Z,טנזניה,20,0,20
2021-08-07T00:00:00.000Z,אוסטרליה,0,2,2
2021-08-07T00:00:00.000Z,טיוואן,0,1,1
2021-08-07T00:00:00.000Z,טוגו,4,0,4
2021-08-07T00:00:00.000Z,איחוד האמירויות הערב,14,3,17
2021-08-07T00:00:00.000Z,טג'יקיסטאן,2,0,2
2021-08-07T00:00:00.000Z,חוף השנהב,4,1,5
2021-08-07T00:00:00.000Z,זמביה,4,1,5
2021-08-07T00:00:00.000Z,זימבאבווה,1,1,2
2021-08-07T00:00:00.000Z,זאיר,3,1,4
2021-08-07T00:00:00.000Z,ויטנאם,1,0,1
2021-08-07T00:00:00.000Z,הרפ הדומיניקנית,4,0,4
2021-08-07T00:00:00.000Z,הממלכה המאוחדת,11,34,45
2021-08-07T00:00:00.000Z,אוסטריה,214,45,259
2021-08-07T00:00:00.000Z,אסטוניה,10,0,10
2021-08-07T00:00:00.000Z,ארמניה,4,0,4
2021-08-07T00:00:00.000Z,ארצות הברית,690,822,1512
2021-08-07T00:00:00.000Z,אתיופיה,20,7,27
2021-08-07T00:00:00.000Z,בולגריה,128,21,149
2021-08-07T00:00:00.000Z,בוסניה הרצגובינה,11,7,18
2021-08-07T00:00:00.000Z,בלגיה,6,3,9
2021-08-07T00:00:00.000Z,גאורגיה,47,10,57
2021-08-07T00:00:00.000Z,אוזבקיסטן,2,0,2
2021-08-07T00:00:00.000Z,גאנה,7,5,12
2021-08-07T00:00:00.000Z,גווטאמלה,2,0,2
2021-08-07T00:00:00.000Z,תורכמניסטאן,5,0,5
2021-08-07T00:00:00.000Z,גינאה,2,0,2
2021-08-07T00:00:00.000Z,גרמניה,194,75,269
2021-08-07T00:00:00.000Z,דנמרק,10,7,17
2021-08-07T00:00:00.000Z,דרום אפריקה,1,4,5
2021-08-07T00:00:00.000Z,הודו,1,0,1
2021-08-07T00:00:00.000Z,צכיה,4,2,6
2021-08-07T00:00:00.000Z,הולנד,186,19,205
2021-08-07T00:00:00.000Z,צ'ילה,1,6,7
2021-08-07T00:00:00.000Z,פרו,2,0,2
2021-08-07T00:00:00.000Z,פנמה,1,1,2
2021-08-07T00:00:00.000Z,הונגריה,61,28,89
2021-08-07T00:00:00.000Z,פינלנד,10,4,14
2021-08-07T00:00:00.000Z,פיליפינים,0,10,10
2021-08-07T00:00:00.000Z,פורטוגל,19,4,23
2021-08-07T00:00:00.000Z,פולין,168,24,192
2021-08-07T00:00:00.000Z,סרי לנקה (צילון),0,1,1
2021-08-07T00:00:00.000Z,סרביה,53,10,63
2021-08-07T00:00:00.000Z,אזרביג'אן,11,0,11
2021-08-07T00:00:00.000Z,ספרד,4,4,8
2021-08-07T00:00:00.000Z,סנגל,0,1,1
2021-08-07T00:00:00.000Z,סלובניה,0,2,2
2021-08-07T00:00:00.000Z,קולומביה,0,3,3
2021-08-07T00:00:00.000Z,צרפת,307,188,495
2021-08-08T00:00:00.000Z,פורטו ריקו,0,2,2
2021-08-08T00:00:00.000Z,מלטה,1,2,3
2021-08-08T00:00:00.000Z,מצרים,393,1155,1548
2021-08-08T00:00:00.000Z,מקסיקו,0,4,4
2021-08-08T00:00:00.000Z,מרוקו,0,4,4
2021-08-08T00:00:00.000Z,נורבגיה,9,16,25
2021-08-08T00:00:00.000Z,ניגריה,1,3,4
2021-08-08T00:00:00.000Z,נפאל,0,1,1
2021-08-08T00:00:00.000Z,סין,0,2,2
2021-08-08T00:00:00.000Z,סינגפור,0,1,1
2021-08-08T00:00:00.000Z,סלובניה,0,2,2
2021-08-08T00:00:00.000Z,סלובקיה,2,0,2
2021-08-08T00:00:00.000Z,ספרד,12,41,53
2021-08-08T00:00:00.000Z,סרביה,0,5,5
2021-08-08T00:00:00.000Z,עומן,0,1,1
2021-08-08T00:00:00.000Z,פולין,9,62,71
2021-08-08T00:00:00.000Z,מדגסקר,0,1,1
2021-08-08T00:00:00.000Z,ליטא,14,107,121
2021-08-08T00:00:00.000Z,לטביה,0,1,1
2021-08-08T00:00:00.000Z,לוכסמבורג,0,5,5
2021-08-08T00:00:00.000Z,כלל המדינות,3592,14643,18235
2021-08-08T00:00:00.000Z,ירדן,219,834,1053
2021-08-08T00:00:00.000Z,יפן,1,9,10
2021-08-08T00:00:00.000Z,יוון,625,1943,2568
2021-08-08T00:00:00.000Z,טנזניה,0,1,1
2021-08-08T00:00:00.000Z,הרפ הדומיניקנית,0,1,1
2021-08-08T00:00:00.000Z,הממלכה המאוחדת,56,405,461
2021-08-08T00:00:00.000Z,הונגריה,19,99,118
2021-08-08T00:00:00.000Z,הולנד,63,283,346
2021-08-08T00:00:00.000Z,הודו,1,3,4
2021-08-08T00:00:00.000Z,דרום אפריקה,0,1,1
2021-08-08T00:00:00.000Z,דנמרק,6,36,42
2021-08-08T00:00:00.000Z,דומיניקה,0,1,1
2021-08-08T00:00:00.000Z,גרמניה,118,572,690
2021-08-08T00:00:00.000Z,פיליפינים,0,6,6
2021-08-08T00:00:00.000Z,פינלנד,2,4,6
2021-08-08T00:00:00.000Z,צכיה,40,107,147
2021-08-08T00:00:00.000Z,צרפת,231,1347,1578
2021-08-08T00:00:00.000Z,קולומביה,0,5,5
2021-08-08T00:00:00.000Z,קוסובו,0,1,1
2021-08-08T00:00:00.000Z,קוסטה ריקה,0,7,7
2021-08-08T00:00:00.000Z,מלדיבים,9,22,31
2021-08-08T00:00:00.000Z,קזחסטאן,0,3,3
2021-08-08T00:00:00.000Z,קנדה,2,67,69
2021-08-08T00:00:00.000Z,קפריסין,15,83,98
2021-08-08T00:00:00.000Z,קרואטיה,7,18,25
2021-08-08T00:00:00.000Z,רומניה,120,303,423
2021-08-08T00:00:00.000Z,רוסיה,9,76,85
2021-08-08T00:00:00.000Z,שוודיה,7,10,17
2021-08-08T00:00:00.000Z,שוויץ,115,514,629
2021-08-08T00:00:00.000Z,תאילנד,21,107,128
2021-08-08T00:00:00.000Z,תוניסיה,1,3,4
2021-08-08T00:00:00.000Z,תורכיה,94,311,405
2021-08-08T00:00:00.000Z,תורכמניסטאן,0,4,4
2021-08-08T00:00:00.000Z,גווטאמלה,0,1,1
2021-08-08T00:00:00.000Z,גאנה,2,0,2
2021-08-08T00:00:00.000Z,גאורגיה,14,64,78
2021-08-08T00:00:00.000Z,בלגיה,27,161,188
2021-08-08T00:00:00.000Z,איחוד האמירויות הערב,11,43,54
2021-08-08T00:00:00.000Z,בילורוסיה,0,9,9
2021-08-08T00:00:00.000Z,בחריין,2,2,4
2021-08-08T00:00:00.000Z,בוסניה הרצגובינה,1,3,4
2021-08-08T00:00:00.000Z,בוליביה,1,1,2
2021-08-08T00:00:00.000Z,בולגריה,223,539,762
2021-08-08T00:00:00.000Z,בהמס,0,3,3
2021-08-08T00:00:00.000Z,ארצות הברית,236,1845,2081
2021-08-08T00:00:00.000Z,ארגנטינה,0,2,2
2021-08-08T00:00:00.000Z,אסטוניה,7,20,27
2021-08-08T00:00:00.000Z,אנדורה,0,2,2
2021-08-08T00:00:00.000Z,אירלנד,2,6,8
2021-08-08T00:00:00.000Z,איסלנד,14,56,70
2021-08-08T00:00:00.000Z,איי סיישל,0,1,1
2021-08-08T00:00:00.000Z,איטליה,202,768,970
2021-08-08T00:00:00.000Z,אזרביג'אן,31,80,111
2021-08-08T00:00:00.000Z,אורגוואי,0,4,4
2021-08-08T00:00:00.000Z,אוקראינה,245,604,849
2021-08-08T00:00:00.000Z,אוסטרליה,1,16,17
2021-08-08T00:00:00.000Z,אוסטריה,77,285,362
2021-08-08T00:00:00.000Z,אוזבקיסטן,1,0,1
2021-08-08T00:00:00.000Z,מולדובה,34,128,162
2021-08-08T00:00:00.000Z,מונטנגרו,0,3,3
2021-08-08T00:00:00.000Z,פורטוגל,3,27,30
2021-08-08T00:00:00.000Z,קוריאה הדרומית,3,5,8
2021-08-09T00:00:00.000Z,איטליה,129,535,664
2021-08-09T00:00:00.000Z,אזרביג'אן,0,5,5
2021-08-09T00:00:00.000Z,אורגוואי,3,11,14
2021-08-09T00:00:00.000Z,אוקראינה,200,684,884
2021-08-09T00:00:00.000Z,אוסטרליה,0,5,5
2021-08-09T00:00:00.000Z,אוסטריה,125,576,701
2021-08-09T00:00:00.000Z,איחוד האמירויות הערב,11,28,39
2021-08-09T00:00:00.000Z,אוזבקיסטן,1,2,3
2021-08-09T00:00:00.000Z,אוגנדה,3,4,7
2021-08-09T00:00:00.000Z,אתיופיה,9,21,30
2021-08-09T00:00:00.000Z,ארמניה,1,5,6
2021-08-09T00:00:00.000Z,אקואדור,0,2,2
2021-08-09T00:00:00.000Z,תורכמניסטאן,3,18,21
2021-08-09T00:00:00.000Z,תורכיה,121,501,622
2021-08-09T00:00:00.000Z,אסטוניה,6,31,37
2021-08-09T00:00:00.000Z,אלבניה,2,9,11
2021-08-09T00:00:00.000Z,אירלנד,0,5,5
2021-08-09T00:00:00.000Z,איסלנד,7,43,50
2021-08-09T00:00:00.000Z,בהמס,1,0,1
2021-08-09T00:00:00.000Z,בוטסואנה,1,8,9
2021-08-09T00:00:00.000Z,בולגריה,197,658,855
2021-08-09T00:00:00.000Z,בוסניה הרצגובינה,4,22,26
2021-08-09T00:00:00.000Z,בורקינה פאסו,0,2,2
2021-08-09T00:00:00.000Z,בילורוסיה,18,64,82
2021-08-09T00:00:00.000Z,בלגיה,53,218,271
2021-08-09T00:00:00.000Z,ברזיל,3,3,6
2021-08-09T00:00:00.000Z,גאורגיה,31,122,153
2021-08-09T00:00:00.000Z,גאנה,0,1,1
2021-08-09T00:00:00.000Z,גווטאמלה,0,1,1
2021-08-09T00:00:00.000Z,גמביה,0,1,1
2021-08-09T00:00:00.000Z,גרמניה,233,780,1013
2021-08-09T00:00:00.000Z,דומיניקה,1,1,2
2021-08-09T00:00:00.000Z,דנמרק,9,17,26
2021-08-09T00:00:00.000Z,דרום אפריקה,2,8,10
2021-08-09T00:00:00.000Z,הודו,2,74,76
2021-08-09T00:00:00.000Z,הולנד,98,290,388
2021-08-09T00:00:00.000Z,הונגריה,12,89,101
2021-08-09T00:00:00.000Z,הממלכה המאוחדת,42,283,325
2021-08-09T00:00:00.000Z,הרפ הדומיניקנית,1,1,2
2021-08-09T00:00:00.000Z,זאיר,0,1,1
2021-08-09T00:00:00.000Z,זימבאבווה,0,1,1
2021-08-09T00:00:00.000Z,טג'יקיסטאן,0,10,10
2021-08-09T00:00:00.000Z,טנזניה,28,183,211
2021-08-09T00:00:00.000Z,יוון,431,1335,1766
2021-08-09T00:00:00.000Z,יפן,3,10,13
2021-08-09T00:00:00.000Z,ירדן,143,429,572
2021-08-09T00:00:00.000Z,כלל המדינות,3790,16164,19954
2021-08-09T00:00:00.000Z,לבנון,0,1,1
2021-08-09T00:00:00.000Z,לוכסמבורג,0,1,1
2021-08-09T00:00:00.000Z,לטביה,3,7,10
2021-08-09T00:00:00.000Z,ליטא,0,9,9
2021-08-09T00:00:00.000Z,ארצות הברית,599,3665,4264
2021-08-09T00:00:00.000Z,מולדובה,0,10,10
2021-08-09T00:00:00.000Z,מונטנגרו,43,111,154
2021-08-09T00:00:00.000Z,מלדיבים,19,64,83
2021-08-09T00:00:00.000Z,מצרים,202,661,863
2021-08-09T00:00:00.000Z,מקסיקו,0,3,3
2021-08-09T00:00:00.000Z,מרוקו,5,7,12
2021-08-09T00:00:00.000Z,נורבגיה,1,4,5
2021-08-09T00:00:00.000Z,ניגריה,1,8,9
2021-08-09T00:00:00.000Z,נמיביה,0,3,3
2021-08-09T00:00:00.000Z,סוריה,1,0,1
2021-08-09T00:00:00.000Z,סורינם,1,0,1
2021-08-09T00:00:00.000Z,סין,0,1,1
2021-08-09T00:00:00.000Z,סינגפור,0,1,1
2021-08-09T00:00:00.000Z,סלובניה,0,1,1
2021-08-09T00:00:00.000Z,סנגל,1,0,1
2021-08-09T00:00:00.000Z,ספרד,11,32,43
2021-08-09T00:00:00.000Z,סרביה,29,103,132
2021-08-09T00:00:00.000Z,פאפואה,0,1,1
2021-08-09T00:00:00.000Z,פולין,53,209,262
2021-08-09T00:00:00.000Z,פורטוגל,34,152,186
2021-08-09T00:00:00.000Z,פיליפינים,0,6,6
2021-08-09T00:00:00.000Z,פינלנד,3,6,9
2021-08-09T00:00:00.000Z,פנמה,5,7,12
2021-08-09T00:00:00.000Z,פרגוואי,0,5,5
2021-08-09T00:00:00.000Z,פרו,2,1,3
2021-08-09T00:00:00.000Z,צכיה,73,237,310
2021-08-09T00:00:00.000Z,צרפת,189,1003,1192
2021-08-09T00:00:00.000Z,קולומביה,1,2,3
2021-08-09T00:00:00.000Z,קוסטה ריקה,5,12,17
2021-08-09T00:00:00.000Z,קוריאה הדרומית,0,1,1
2021-08-09T00:00:00.000Z,קזחסטאן,0,18,18
2021-08-09T00:00:00.000Z,קטר,0,2,2
2021-08-09T00:00:00.000Z,קנדה,50,261,311
2021-08-09T00:00:00.000Z,קניה,0,9,9
2021-08-09T00:00:00.000Z,קפריסין,4,21,25
2021-08-09T00:00:00.000Z,קרואטיה,5,29,34
2021-08-09T00:00:00.000Z,רואנדה,1,4,5
2021-08-09T00:00:00.000Z,רומניה,142,334,476
2021-08-09T00:00:00.000Z,רוסיה,4,52,56
2021-08-09T00:00:00.000Z,שוודיה,6,15,21
2021-08-09T00:00:00.000Z,שוויץ,160,603,763
2021-08-09T00:00:00.000Z,תאילנד,0,1,1
2021-08-09T00:00:00.000Z,מאלי,0,2,2
2021-08-10T00:00:00.000Z,הונגריה,36,98,134
2021-08-10T00:00:00.000Z,הרפ הדומיניקנית,0,2,2
2021-08-10T00:00:00.000Z,זאיר,0,5,5
2021-08-10T00:00:00.000Z,חוף השנהב,0,1,1
2021-08-10T00:00:00.000Z,טנזניה,5,13,18
2021-08-10T00:00:00.000Z,יוון,501,1871,2372
2021-08-10T00:00:00.000Z,יפן,6,25,31
2021-08-10T00:00:00.000Z,ירדן,0,26,26
2021-08-10T00:00:00.000Z,כלל המדינות,3095,14121,17216
2021-08-10T00:00:00.000Z,לבנון,0,1,1
2021-08-10T00:00:00.000Z,לטביה,11,54,65
2021-08-10T00:00:00.000Z,ליטא,0,2,2
2021-08-10T00:00:00.000Z,מולדובה,0,74,74
2021-08-10T00:00:00.000Z,מונטנגרו,0,1,1
2021-08-10T00:00:00.000Z,מונקו,1,0,1
2021-08-10T00:00:00.000Z,מיאנמר (בורמה),0,1,1
2021-08-10T00:00:00.000Z,מלדיבים,15,51,66
2021-08-10T00:00:00.000Z,מלטה,1,4,5
2021-08-10T00:00:00.000Z,מצרים,402,1416,1818
2021-08-10T00:00:00.000Z,מקדוניה,0,2,2
2021-08-10T00:00:00.000Z,מקסיקו,0,11,11
2021-08-10T00:00:00.000Z,איחוד האמירויות הערב,5,26,31
2021-08-10T00:00:00.000Z,מרוקו,1,8,9
2021-08-10T00:00:00.000Z,נורבגיה,0,2,2
2021-08-10T00:00:00.000Z,ניגריה,0,3,3
2021-08-10T00:00:00.000Z,ניו זילנד,0,1,1
2021-08-10T00:00:00.000Z,נמיביה,0,2,2
2021-08-10T00:00:00.000Z,סוריה,1,2,3
2021-08-10T00:00:00.000Z,סין,1,30,31
2021-08-10T00:00:00.000Z,סלובניה,0,3,3
2021-08-10T00:00:00.000Z,ספרד,3,44,47
2021-08-10T00:00:00.000Z,סרביה,1,3,4
2021-08-10T00:00:00.000Z,פולין,52,187,239
2021-08-10T00:00:00.000Z,פורטוגל,12,20,32
2021-08-10T00:00:00.000Z,פינלנד,1,3,4
2021-08-10T00:00:00.000Z,פנמה,13,16,29
2021-08-10T00:00:00.000Z,פרו,0,4,4
2021-08-10T00:00:00.000Z,צ'ילה,0,2,2
2021-08-10T00:00:00.000Z,צכיה,52,143,195
2021-08-10T00:00:00.000Z,צרפת,224,1274,1498
2021-08-10T00:00:00.000Z,קובה,0,2,2
2021-08-10T00:00:00.000Z,קולומביה,1,3,4
2021-08-10T00:00:00.000Z,קוסטה ריקה,3,7,10
2021-08-10T00:00:00.000Z,קוריאה הדרומית,1,4,5
2021-08-10T00:00:00.000Z,קזחסטאן,2,5,7
2021-08-10T00:00:00.000Z,הממלכה המאוחדת,22,195,217
2021-08-10T00:00:00.000Z,קירג'זסטאן,1,5,6
2021-08-10T00:00:00.000Z,קנדה,20,125,145
2021-08-10T00:00:00.000Z,קניה,1,9,10
2021-08-10T00:00:00.000Z,קפריסין,8,16,24
2021-08-10T00:00:00.000Z,קרואטיה,1,13,14
2021-08-10T00:00:00.000Z,רואנדה,0,3,3
2021-08-10T00:00:00.000Z,רומניה,55,226,281
2021-08-10T00:00:00.000Z,רוסיה,14,63,77
2021-08-10T00:00:00.000Z,רפ מרכז אפריקנית,0,1,1
2021-08-10T00:00:00.000Z,שוודיה,2,17,19
2021-08-10T00:00:00.000Z,שוויץ,63,269,332
2021-08-10T00:00:00.000Z,תורכיה,84,257,341
2021-08-10T00:00:00.000Z,תורכמניסטאן,3,10,13
2021-08-10T00:00:00.000Z,הונג קונג,2,32,34
2021-08-10T00:00:00.000Z,הולנד,120,259,379
2021-08-10T00:00:00.000Z,דרום אפריקה,0,3,3
2021-08-10T00:00:00.000Z,דנמרק,9,30,39
2021-08-10T00:00:00.000Z,גרמניה,171,763,934
2021-08-10T00:00:00.000Z,גיברלטר,1,0,1
2021-08-10T00:00:00.000Z,גווטאמלה,0,2,2
2021-08-10T00:00:00.000Z,בליז,0,1,1
2021-08-10T00:00:00.000Z,בלגיה,0,7,7
2021-08-10T00:00:00.000Z,בחריין,0,2,2
2021-08-10T00:00:00.000Z,בורקינה פאסו,0,1,1
2021-08-10T00:00:00.000Z,בוסניה הרצגובינה,0,9,9
2021-08-10T00:00:00.000Z,בולגריה,150,435,585
2021-08-10T00:00:00.000Z,אתיופיה,2,19,21
2021-08-10T00:00:00.000Z,ארצות הברית,418,2825,3243
2021-08-10T00:00:00.000Z,ארמניה,2,3,5
2021-08-10T00:00:00.000Z,ארגנטינה,0,1,1
2021-08-10T00:00:00.000Z,אקואדור,0,7,7
2021-08-10T00:00:00.000Z,אסטוניה,5,51,56
2021-08-10T00:00:00.000Z,אנגולה,1,7,8
2021-08-10T00:00:00.000Z,אלבניה,0,2,2
2021-08-10T00:00:00.000Z,אירלנד,1,5,6
2021-08-10T00:00:00.000Z,איסלנד,35,248,283
2021-08-10T00:00:00.000Z,איטליה,148,586,734
2021-08-10T00:00:00.000Z,אזרביג'אן,3,12,15
2021-08-10T00:00:00.000Z,אורגוואי,0,2,2
2021-08-10T00:00:00.000Z,אוקראינה,148,598,746
2021-08-10T00:00:00.000Z,אוסטרליה,1,11,12
2021-08-10T00:00:00.000Z,אוסטריה,42,224,266
2021-08-10T00:00:00.000Z,אוזבקיסטן,0,4,4
2021-08-10T00:00:00.000Z,אוגנדה,0,5,5
2021-08-10T00:00:00.000Z,אבחזיסטאן,0,4,4
2021-08-10T00:00:00.000Z,קטר,0,1,1
2021-08-11T00:00:00.000Z,בהמס,0,1,1
2021-08-11T00:00:00.000Z,בוטסואנה,0,8,8
2021-08-11T00:00:00.000Z,בולגריה,111,270,381
2021-08-11T00:00:00.000Z,בוסניה הרצגובינה,1,0,1
2021-08-11T00:00:00.000Z,בחריין,1,0,1
2021-08-11T00:00:00.000Z,בילורוסיה,22,84,106
2021-08-11T00:00:00.000Z,מולדובה,20,61,81
2021-08-11T00:00:00.000Z,מונטנגרו,41,133,174
2021-08-11T00:00:00.000Z,מונקו,0,13,13
2021-08-11T00:00:00.000Z,מלדיבים,21,48,69
2021-08-11T00:00:00.000Z,מלטה,0,4,4
2021-08-11T00:00:00.000Z,מצרים,79,176,255
2021-08-11T00:00:00.000Z,מקדוניה,0,5,5
2021-08-11T00:00:00.000Z,מקסיקו,1,4,5
2021-08-11T00:00:00.000Z,מרוקו,1,8,9
2021-08-11T00:00:00.000Z,ניגריה,0,2,2
2021-08-11T00:00:00.000Z,סין,0,11,11
2021-08-11T00:00:00.000Z,סינגפור,1,9,10
2021-08-11T00:00:00.000Z,סלובניה,39,146,185
2021-08-11T00:00:00.000Z,ספרד,2,4,6
2021-08-11T00:00:00.000Z,סרביה,1,1,2
2021-08-11T00:00:00.000Z,סרי לנקה (צילון),0,3,3
2021-08-11T00:00:00.000Z,עירק,4,7,11
2021-08-11T00:00:00.000Z,איחוד האמירויות הערב,11,39,50
2021-08-11T00:00:00.000Z,פולין,32,118,150
2021-08-11T00:00:00.000Z,פורטוגל,0,30,30
2021-08-11T00:00:00.000Z,פיליפינים,0,49,49
2021-08-11T00:00:00.000Z,פינלנד,21,82,103
2021-08-11T00:00:00.000Z,פנמה,0,9,9
2021-08-11T00:00:00.000Z,פרגוואי,3,8,11
2021-08-11T00:00:00.000Z,פרו,1,5,6
2021-08-11T00:00:00.000Z,צכיה,25,62,87
2021-08-11T00:00:00.000Z,צרפת,129,739,868
2021-08-11T00:00:00.000Z,קולומביה,1,0,1
2021-08-11T00:00:00.000Z,קוסטה ריקה,6,17,23
2021-08-11T00:00:00.000Z,קזחסטאן,1,0,1
2021-08-11T00:00:00.000Z,קטר,0,1,1
2021-08-11T00:00:00.000Z,קירג'זסטאן,1,0,1
2021-08-11T00:00:00.000Z,קנדה,9,114,123
2021-08-11T00:00:00.000Z,קניה,2,8,10
2021-08-11T00:00:00.000Z,קפריסין,5,33,38
2021-08-11T00:00:00.000Z,קרואטיה,3,23,26
2021-08-11T00:00:00.000Z,רומניה,141,545,686
2021-08-11T00:00:00.000Z,רוסיה,10,78,88
2021-08-11T00:00:00.000Z,שוודיה,3,12,15
2021-08-11T00:00:00.000Z,שוויץ,133,439,572
2021-08-11T00:00:00.000Z,תאילנד,3,3,6
2021-08-11T00:00:00.000Z,תוניסיה,0,1,1
2021-08-11T00:00:00.000Z,תורכיה,66,228,294
2021-08-11T00:00:00.000Z,תורכמניסטאן,1,23,24
2021-08-11T00:00:00.000Z,בלגיה,11,145,156
2021-08-11T00:00:00.000Z,בנגלדש,0,1,1
2021-08-11T00:00:00.000Z,גאורגיה,0,3,3
2021-08-11T00:00:00.000Z,גאנה,0,1,1
2021-08-11T00:00:00.000Z,גיברלטר,0,5,5
2021-08-11T00:00:00.000Z,גרמניה,65,302,367
2021-08-11T00:00:00.000Z,דנמרק,9,17,26
2021-08-11T00:00:00.000Z,דרום אפריקה,0,2,2
2021-08-11T00:00:00.000Z,האנטילים ההולנדים,0,1,1
2021-08-11T00:00:00.000Z,הולנד,62,200,262
2021-08-11T00:00:00.000Z,הונג קונג,0,1,1
2021-08-11T00:00:00.000Z,הונגריה,22,109,131
2021-08-11T00:00:00.000Z,הממלכה המאוחדת,29,224,253
2021-08-11T00:00:00.000Z,ויטנאם,0,1,1
2021-08-11T00:00:00.000Z,ונצואלה,0,10,10
2021-08-11T00:00:00.000Z,זאיר,0,3,3
2021-08-11T00:00:00.000Z,זימבאבווה,0,1,1
2021-08-11T00:00:00.000Z,טג'יקיסטאן,2,3,5
2021-08-11T00:00:00.000Z,טנזניה,47,104,151
2021-08-11T00:00:00.000Z,יוון,134,340,474
2021-08-11T00:00:00.000Z,יפן,10,35,45
2021-08-11T00:00:00.000Z,ירדן,97,469,566
2021-08-11T00:00:00.000Z,כלל המדינות,2423,10529,12952
2021-08-11T00:00:00.000Z,לבנון,0,9,9
2021-08-11T00:00:00.000Z,ליטא,1,6,7
2021-08-11T00:00:00.000Z,מאלי,0,1,1
2021-08-11T00:00:00.000Z,מוזמביק,0,1,1
2021-08-11T00:00:00.000Z,נורבגיה,4,6,10
2021-08-11T00:00:00.000Z,אוגנדה,0,1,1
2021-08-11T00:00:00.000Z,אוזבקיסטן,0,5,5
2021-08-11T00:00:00.000Z,אוסטריה,118,411,529
2021-08-11T00:00:00.000Z,אוסטרליה,10,45,55
2021-08-11T00:00:00.000Z,אוקראינה,185,518,703
2021-08-11T00:00:00.000Z,אזרביג'אן,1,0,1
2021-08-11T00:00:00.000Z,איטליה,127,422,549
2021-08-11T00:00:00.000Z,אינדונזיה,0,1,1
2021-08-11T00:00:00.000Z,איסלנד,29,200,229
2021-08-11T00:00:00.000Z,אירלנד,5,16,21
2021-08-11T00:00:00.000Z,אל סלבדור,0,1,1
2021-08-11T00:00:00.000Z,אלבניה,0,7,7
2021-08-11T00:00:00.000Z,אנגולה,2,4,6
2021-08-11T00:00:00.000Z,אסטוניה,14,60,74
2021-08-11T00:00:00.000Z,אקואדור,0,1,1
2021-08-11T00:00:00.000Z,ארמניה,4,11,15
2021-08-11T00:00:00.000Z,ארצות הברית,332,2140,2472
2021-08-11T00:00:00.000Z,אתיופיה,4,12,16
2021-08-12T00:00:00.000Z,איסלנד,19,116,135
2021-08-12T00:00:00.000Z,תורכמניסטאן,1,5,6
2021-08-12T00:00:00.000Z,תורכיה,57,187,244
2021-08-12T00:00:00.000Z,תאילנד,0,1,1
2021-08-12T00:00:00.000Z,שוויץ,69,291,360
2021-08-12T00:00:00.000Z,שוודיה,4,27,31
2021-08-12T00:00:00.000Z,רוסיה,16,116,132
2021-08-12T00:00:00.000Z,רומניה,43,211,254
2021-08-12T00:00:00.000Z,רואנדה,0,1,1
2021-08-12T00:00:00.000Z,קרואטיה,4,25,29
2021-08-12T00:00:00.000Z,קפריסין,6,50,56
2021-08-12T00:00:00.000Z,קניה,1,10,11
2021-08-12T00:00:00.000Z,קנדה,5,95,100
2021-08-12T00:00:00.000Z,קמרון,1,1,2
2021-08-12T00:00:00.000Z,קירג'זסטאן,0,6,6
2021-08-12T00:00:00.000Z,קטר,1,6,7
2021-08-12T00:00:00.000Z,קזחסטאן,1,1,2
2021-08-12T00:00:00.000Z,קוריאה הדרומית,0,4,4
2021-08-12T00:00:00.000Z,קוסטה ריקה,5,13,18
2021-08-12T00:00:00.000Z,קונגו,0,1,1
2021-08-12T00:00:00.000Z,קולומביה,3,5,8
2021-08-12T00:00:00.000Z,צרפת,122,529,651
2021-08-12T00:00:00.000Z,צכיה,16,56,72
2021-08-12T00:00:00.000Z,צ'ילה,0,2,2
2021-08-12T00:00:00.000Z,פרו,2,6,8
2021-08-12T00:00:00.000Z,פנמה,4,33,37
2021-08-12T00:00:00.000Z,פינלנד,2,2,4
2021-08-12T00:00:00.000Z,פיליפינים,0,28,28
2021-08-12T00:00:00.000Z,פורטוגל,40,172,212
2021-08-12T00:00:00.000Z,פולינזיה הצרפתית,1,1,2
2021-08-12T00:00:00.000Z,פולין,11,50,61
2021-08-12T00:00:00.000Z,ערב הסעודית,0,1,1
2021-08-12T00:00:00.000Z,עומן,0,1,1
2021-08-12T00:00:00.000Z,איחוד האמירויות הערב,15,35,50
2021-08-12T00:00:00.000Z,סרי לנקה (צילון),0,4,4
2021-08-12T00:00:00.000Z,סרביה,35,122,157
2021-08-12T00:00:00.000Z,ספרד,9,73,82
2021-08-12T00:00:00.000Z,סלובקיה,0,4,4
2021-08-12T00:00:00.000Z,סינגפור,0,3,3
2021-08-12T00:00:00.000Z,סוריה,4,5,9
2021-08-12T00:00:00.000Z,נפאל,0,1,1
2021-08-12T00:00:00.000Z,ניקרגואה,1,0,1
2021-08-12T00:00:00.000Z,ניגריה,1,7,8
2021-08-12T00:00:00.000Z,נורבגיה,0,4,4
2021-08-12T00:00:00.000Z,מרוקו,19,68,87
2021-08-12T00:00:00.000Z,מקסיקו,0,1,1
2021-08-12T00:00:00.000Z,מקדוניה,0,1,1
2021-08-12T00:00:00.000Z,מצרים,136,384,520
2021-08-12T00:00:00.000Z,מלטה,1,3,4
2021-08-12T00:00:00.000Z,מלדיבים,13,22,35
2021-08-12T00:00:00.000Z,מלאווי,0,2,2
2021-08-12T00:00:00.000Z,מונטנגרו,3,15,18
2021-08-12T00:00:00.000Z,מולדובה,47,150,197
2021-08-12T00:00:00.000Z,מוזמביק,0,2,2
2021-08-12T00:00:00.000Z,ליטא,10,99,109
2021-08-12T00:00:00.000Z,לוכסמבורג,0,4,4
2021-08-12T00:00:00.000Z,לבנון,0,3,3
2021-08-12T00:00:00.000Z,כלל המדינות,2444,10421,12865
2021-08-12T00:00:00.000Z,ירדן,213,1041,1254
2021-08-12T00:00:00.000Z,יפן,0,5,5
2021-08-12T00:00:00.000Z,יוון,264,851,1115
2021-08-12T00:00:00.000Z,טנזניה,0,11,11
2021-08-12T00:00:00.000Z,חוף השנהב,0,1,1
2021-08-12T00:00:00.000Z,זמביה,1,1,2
2021-08-12T00:00:00.000Z,זאיר,0,3,3
2021-08-12T00:00:00.000Z,הרפ הדומיניקנית,5,5,10
2021-08-12T00:00:00.000Z,הממלכה המאוחדת,61,291,352
2021-08-12T00:00:00.000Z,הונדורס,0,2,2
2021-08-12T00:00:00.000Z,הונגריה,45,160,205
2021-08-12T00:00:00.000Z,הולנד,38,116,154
2021-08-12T00:00:00.000Z,הודו,1,0,1
2021-08-12T00:00:00.000Z,דרום סודאן,0,1,1
2021-08-12T00:00:00.000Z,דרום אפריקה,1,8,9
2021-08-12T00:00:00.000Z,דנמרק,9,33,42
2021-08-12T00:00:00.000Z,דומיניקה,0,1,1
2021-08-12T00:00:00.000Z,גרמניה,62,307,369
2021-08-12T00:00:00.000Z,גמייקה,0,1,1
2021-08-12T00:00:00.000Z,גינאה המשוונית,0,1,1
2021-08-12T00:00:00.000Z,גיברלטר,0,9,9
2021-08-12T00:00:00.000Z,גאנה,2,3,5
2021-08-12T00:00:00.000Z,גאורגיה,42,165,207
2021-08-12T00:00:00.000Z,ברזיל,2,8,10
2021-08-12T00:00:00.000Z,בלגיה,22,130,152
2021-08-12T00:00:00.000Z,בורקינה פאסו,0,2,2
2021-08-12T00:00:00.000Z,בוסניה הרצגובינה,7,48,55
2021-08-12T00:00:00.000Z,אוגנדה,1,1,2
2021-08-12T00:00:00.000Z,אוזבקיסטן,3,1,4
2021-08-12T00:00:00.000Z,אוסטריה,87,341,428
2021-08-12T00:00:00.000Z,אוסטרליה,2,11,13
2021-08-12T00:00:00.000Z,אוקראינה,160,427,587
2021-08-12T00:00:00.000Z,אורגוואי,0,3,3
2021-08-12T00:00:00.000Z,אזרביג'אן,49,120,169
2021-08-12T00:00:00.000Z,איטליה,112,353,465
2021-08-12T00:00:00.000Z,איי גילברט ואליס,2,1,3
2021-08-12T00:00:00.000Z,בולגריה,84,237,321
2021-08-12T00:00:00.000Z,אירלנד,2,4,6
2021-08-12T00:00:00.000Z,אלבניה,1,6,7
2021-08-12T00:00:00.000Z,אסטוניה,0,5,5
2021-08-12T00:00:00.000Z,אקואדור,0,3,3
2021-08-12T00:00:00.000Z,ארגנטינה,0,5,5
2021-08-12T00:00:00.000Z,ארמניה,8,31,39
2021-08-12T00:00:00.000Z,ארצות הברית,254,1499,1753
2021-08-12T00:00:00.000Z,אתיופיה,9,17,26
2021-08-13T00:00:00.000Z,מאלי,1,2,3
2021-08-13T00:00:00.000Z,אוזבקיסטן,1,0,1
2021-08-13T00:00:00.000Z,תורכיה,71,165,236
2021-08-13T00:00:00.000Z,שוויץ,153,633,786
2021-08-13T00:00:00.000Z,שוודיה,6,28,34
2021-08-13T00:00:00.000Z,רוסיה,18,65,83
2021-08-13T00:00:00.000Z,רומניה,155,491,646
2021-08-13T00:00:00.000Z,רואנדה,0,1,1
2021-08-13T00:00:00.000Z,קרואטיה,4,26,30
2021-08-13T00:00:00.000Z,קפריסין,6,25,31
2021-08-13T00:00:00.000Z,קניה,0,1,1
2021-08-13T00:00:00.000Z,קנדה,7,122,129
2021-08-13T00:00:00.000Z,קירג'זסטאן,2,6,8
2021-08-13T00:00:00.000Z,קטר,0,2,2
2021-08-13T00:00:00.000Z,קזחסטאן,0,8,8
2021-08-13T00:00:00.000Z,קוריאה הדרומית,3,11,14
2021-08-13T00:00:00.000Z,קוסטה ריקה,2,10,12
2021-08-13T00:00:00.000Z,צרפת,49,233,282
2021-08-13T00:00:00.000Z,צכיה,53,160,213
2021-08-13T00:00:00.000Z,פרו,1,2,3
2021-08-13T00:00:00.000Z,פרגוואי,0,1,1
2021-08-13T00:00:00.000Z,פנמה,1,7,8
2021-08-13T00:00:00.000Z,פינלנד,24,96,120
2021-08-13T00:00:00.000Z,פיליפינים,0,7,7
2021-08-13T00:00:00.000Z,פורטוגל,5,30,35
2021-08-13T00:00:00.000Z,פורטו ריקו,0,1,1
2021-08-13T00:00:00.000Z,פולין,47,200,247
2021-08-13T00:00:00.000Z,סרביה,71,207,278
2021-08-13T00:00:00.000Z,ספרד,2,6,8
2021-08-13T00:00:00.000Z,סנגל,0,2,2
2021-08-13T00:00:00.000Z,סלובניה,1,5,6
2021-08-13T00:00:00.000Z,סינגפור,1,0,1
2021-08-13T00:00:00.000Z,ניקרגואה,1,0,1
2021-08-13T00:00:00.000Z,ניגריה,1,11,12
2021-08-13T00:00:00.000Z,נורבגיה,0,2,2
2021-08-13T00:00:00.000Z,מרוקו,12,85,97
2021-08-13T00:00:00.000Z,מקדוניה,0,1,1
2021-08-13T00:00:00.000Z,מצרים,129,511,640
2021-08-13T00:00:00.000Z,מלטה,0,7,7
2021-08-13T00:00:00.000Z,מלדיבים,8,30,38
2021-08-13T00:00:00.000Z,מונטנגרו,46,127,173
2021-08-13T00:00:00.000Z,מולדובה,1,20,21
2021-08-13T00:00:00.000Z,מוזמביק,1,1,2
2021-08-13T00:00:00.000Z,תורכמניסטאן,2,10,12
2021-08-13T00:00:00.000Z,ליטא,1,2,3
2021-08-13T00:00:00.000Z,לטביה,0,8,8
2021-08-13T00:00:00.000Z,כלל המדינות,2089,8975,11064
2021-08-13T00:00:00.000Z,ירדן,7,56,63
2021-08-13T00:00:00.000Z,יפן,2,3,5
2021-08-13T00:00:00.000Z,יוון,146,690,836
2021-08-13T00:00:00.000Z,טנזניה,0,2,2
2021-08-13T00:00:00.000Z,חוף השנהב,0,1,1
2021-08-13T00:00:00.000Z,איחוד האמירויות הערב,11,27,38
2021-08-13T00:00:00.000Z,זאיר,0,1,1
2021-08-13T00:00:00.000Z,ונצואלה,0,3,3
2021-08-13T00:00:00.000Z,הממלכה המאוחדת,0,1,1
2021-08-13T00:00:00.000Z,הונדורס,1,0,1
2021-08-13T00:00:00.000Z,הונגריה,27,81,108
2021-08-13T00:00:00.000Z,הולנד,52,143,195
2021-08-13T00:00:00.000Z,דנמרק,9,67,76
2021-08-13T00:00:00.000Z,גרמניה,99,533,632
2021-08-13T00:00:00.000Z,גאנה,0,1,1
2021-08-13T00:00:00.000Z,גאורגיה,0,4,4
2021-08-13T00:00:00.000Z,ברזיל,0,1,1
2021-08-13T00:00:00.000Z,בליז,1,4,5
2021-08-13T00:00:00.000Z,בלגיה,23,138,161
2021-08-13T00:00:00.000Z,בחריין,0,1,1
2021-08-13T00:00:00.000Z,בורונדי,0,1,1
2021-08-13T00:00:00.000Z,בוסניה הרצגובינה,9,41,50
2021-08-13T00:00:00.000Z,בולגריה,48,203,251
2021-08-13T00:00:00.000Z,בהמס,0,1,1
2021-08-13T00:00:00.000Z,אתיופיה,1,1,2
2021-08-13T00:00:00.000Z,ארצות הברית,229,1331,1560
2021-08-13T00:00:00.000Z,ארמניה,1,2,3
2021-08-13T00:00:00.000Z,ארגנטינה,0,7,7
2021-08-13T00:00:00.000Z,אקואדור,0,2,2
2021-08-13T00:00:00.000Z,אסטוניה,1,5,6
2021-08-13T00:00:00.000Z,אלבניה,0,4,4
2021-08-13T00:00:00.000Z,אירלנד,2,16,18
2021-08-13T00:00:00.000Z,איסלנד,2,8,10
2021-08-13T00:00:00.000Z,איטליה,120,418,538
2021-08-13T00:00:00.000Z,אזרביג'אן,2,4,6
2021-08-13T00:00:00.000Z,אוקראינה,140,477,617
2021-08-13T00:00:00.000Z,אוסטרליה,0,1,1
2021-08-13T00:00:00.000Z,אוסטריה,123,571,694
2021-08-13T00:00:00.000Z,סין,2,1,3
2021-08-14T00:00:00.000Z,דרום סודאן,1,0,1
2021-08-14T00:00:00.000Z,דרום אפריקה,0,2,2
2021-08-14T00:00:00.000Z,דנמרק,6,16,22
2021-08-14T00:00:00.000Z,גרמניה,92,117,209
2021-08-14T00:00:00.000Z,גווטאמלה,4,3,7
2021-08-14T00:00:00.000Z,גאנה,4,0,4
2021-08-14T00:00:00.000Z,גאורגיה,31,40,71
2021-08-14T00:00:00.000Z,בלגיה,7,8,15
2021-08-14T00:00:00.000Z,בוסניה הרצגובינה,12,11,23
2021-08-14T00:00:00.000Z,בולגריה,64,71,135
2021-08-14T00:00:00.000Z,אתיופיה,13,6,19
2021-08-14T00:00:00.000Z,ארצות הברית,326,666,992
2021-08-14T00:00:00.000Z,ארמניה,2,2,4
2021-08-14T00:00:00.000Z,אסטוניה,3,6,9
2021-08-14T00:00:00.000Z,אלבניה,5,3,8
2021-08-14T00:00:00.000Z,אירלנד,5,2,7
2021-08-14T00:00:00.000Z,איסלנד,34,38,72
2021-08-14T00:00:00.000Z,איי סיישל,2,3,5
2021-08-14T00:00:00.000Z,איטליה,113,112,225
2021-08-14T00:00:00.000Z,אזרביג'אן,1,2,3
2021-08-14T00:00:00.000Z,אורגוואי,0,4,4
2021-08-14T00:00:00.000Z,אוקראינה,155,116,271
2021-08-14T00:00:00.000Z,אוסטרליה,1,6,7
2021-08-14T00:00:00.000Z,אוסטריה,213,208,421
2021-08-14T00:00:00.000Z,אוגנדה,0,1,1
2021-08-14T00:00:00.000Z,סלובניה,4,3,7
2021-08-14T00:00:00.000Z,סינגפור,0,3,3
2021-08-14T00:00:00.000Z,סין,0,8,8
2021-08-14T00:00:00.000Z,נפאל,1,0,1
2021-08-14T00:00:00.000Z,ניקרגואה,1,2,3
2021-08-14T00:00:00.000Z,ניגריה,2,4,6
2021-08-14T00:00:00.000Z,נורבגיה,1,2,3
2021-08-14T00:00:00.000Z,מלדיבים,15,17,32
2021-08-14T00:00:00.000Z,מרוקו,5,5,10
2021-08-14T00:00:00.000Z,מקסיקו,1,0,1
2021-08-14T00:00:00.000Z,מצרים,283,274,557
2021-08-14T00:00:00.000Z,מלטה,1,1,2
2021-08-14T00:00:00.000Z,סרי לנקה (צילון),0,2,2
2021-08-14T00:00:00.000Z,פולין,112,94,206
2021-08-14T00:00:00.000Z,פורטוגל,37,18,55
2021-08-14T00:00:00.000Z,פיליפינים,0,2,2
2021-08-14T00:00:00.000Z,פינלנד,4,8,12
2021-08-14T00:00:00.000Z,פנמה,1,8,9
2021-08-14T00:00:00.000Z,פרו,3,0,3
2021-08-14T00:00:00.000Z,צכיה,2,0,2
2021-08-14T00:00:00.000Z,צרפת,94,92,186
2021-08-14T00:00:00.000Z,קולומביה,5,3,8
2021-08-14T00:00:00.000Z,קונגו,0,1,1
2021-08-14T00:00:00.000Z,קוסובו,1,1,2
2021-08-14T00:00:00.000Z,קוסטה ריקה,19,12,31
2021-08-14T00:00:00.000Z,איחוד האמירויות הערב,10,14,24
2021-08-14T00:00:00.000Z,קוריאה הדרומית,3,1,4
2021-08-14T00:00:00.000Z,קזחסטאן,2,0,2
2021-08-14T00:00:00.000Z,קטר,0,1,1
2021-08-14T00:00:00.000Z,קנדה,14,84,98
2021-08-14T00:00:00.000Z,קניה,4,15,19
2021-08-14T00:00:00.000Z,קפריסין,14,24,38
2021-08-14T00:00:00.000Z,קרואטיה,18,13,31
2021-08-14T00:00:00.000Z,רומניה,506,385,891
2021-08-14T00:00:00.000Z,רוסיה,0,2,2
2021-08-14T00:00:00.000Z,שוודיה,7,17,24
2021-08-14T00:00:00.000Z,שוויץ,98,97,195
2021-08-14T00:00:00.000Z,תורכיה,97,122,219
2021-08-14T00:00:00.000Z,תורכמניסטאן,5,1,6
2021-08-14T00:00:00.000Z,סרביה,1,3,4
2021-08-14T00:00:00.000Z,מונטנגרו,1,1,2
2021-08-14T00:00:00.000Z,מולדובה,28,44,72
2021-08-14T00:00:00.000Z,מוזמביק,1,0,1
2021-08-14T00:00:00.000Z,ליטא,8,12,20
2021-08-14T00:00:00.000Z,לטביה,29,32,61
2021-08-14T00:00:00.000Z,לוכסמבורג,1,0,1
2021-08-14T00:00:00.000Z,כלל המדינות,3269,3727,6996
2021-08-14T00:00:00.000Z,ירדן,12,46,58
2021-08-14T00:00:00.000Z,יפן,0,2,2
2021-08-14T00:00:00.000Z,יוון,334,243,577
2021-08-14T00:00:00.000Z,טנזניה,14,10,24
2021-08-14T00:00:00.000Z,טוגו,1,0,1
2021-08-14T00:00:00.000Z,חוף השנהב,1,0,1
2021-08-14T00:00:00.000Z,הרפ הדומיניקנית,12,1,13
2021-08-14T00:00:00.000Z,הממלכה המאוחדת,11,20,31
2021-08-14T00:00:00.000Z,הונדורס,0,1,1
2021-08-14T00:00:00.000Z,הונגריה,59,58,117
2021-08-14T00:00:00.000Z,הונג קונג,0,1,1
2021-08-14T00:00:00.000Z,הולנד,69,55,124
2021-08-14T00:00:00.000Z,הודו,1,0,1
2021-08-14T00:00:00.000Z,ספרד,19,16,35
2021-08-15T00:00:00.000Z,בלגיה,84,115,199
2021-08-15T00:00:00.000Z,בילורוסיה,42,90,132
2021-08-15T00:00:00.000Z,בחריין,1,1,2
2021-08-15T00:00:00.000Z,בוסניה הרצגובינה,41,38,79
2021-08-15T00:00:00.000Z,בולגריה,234,179,413
2021-08-15T00:00:00.000Z,בהמס,1,2,3
2021-08-15T00:00:00.000Z,אתיופיה,13,8,21
2021-08-15T00:00:00.000Z,ארצות הברית,379,759,1138
2021-08-15T00:00:00.000Z,ארמניה,0,2,2
2021-08-15T00:00:00.000Z,ארגנטינה,0,2,2
2021-08-15T00:00:00.000Z,אקואדור,0,2,2
2021-08-15T00:00:00.000Z,תורכמניסטאן,3,11,14
2021-08-15T00:00:00.000Z,תורכיה,109,94,203
2021-08-15T00:00:00.000Z,תאילנד,83,122,205
2021-08-15T00:00:00.000Z,ניו זילנד,0,1,1
2021-08-15T00:00:00.000Z,סין,0,1,1
2021-08-15T00:00:00.000Z,סינגפור,0,5,5
2021-08-15T00:00:00.000Z,סלובניה,2,2,4
2021-08-15T00:00:00.000Z,סנגל,3,1,4
2021-08-15T00:00:00.000Z,ספרד,6,4,10
2021-08-15T00:00:00.000Z,סרביה,116,79,195
2021-08-15T00:00:00.000Z,סרי לנקה (צילון),0,1,1
2021-08-15T00:00:00.000Z,פולין,127,98,225
2021-08-15T00:00:00.000Z,פורטוגל,95,95,190
2021-08-15T00:00:00.000Z,פיליפינים,1,2,3
2021-08-15T00:00:00.000Z,פינלנד,3,4,7
2021-08-15T00:00:00.000Z,פנמה,2,0,2
2021-08-15T00:00:00.000Z,פרו,8,1,9
2021-08-15T00:00:00.000Z,צכיה,72,56,128
2021-08-15T00:00:00.000Z,צרפת,428,534,962
2021-08-15T00:00:00.000Z,קולומביה,0,1,1
2021-08-15T00:00:00.000Z,קונגו,1,0,1
2021-08-15T00:00:00.000Z,קוסטה ריקה,4,6,10
2021-08-15T00:00:00.000Z,קוריאה הדרומית,7,3,10
2021-08-15T00:00:00.000Z,קזחסטאן,7,15,22
2021-08-15T00:00:00.000Z,קמרון,1,0,1
2021-08-15T00:00:00.000Z,קנדה,15,115,130
2021-08-15T00:00:00.000Z,קניה,3,2,5
2021-08-15T00:00:00.000Z,קפריסין,25,31,56
2021-08-15T00:00:00.000Z,קרואטיה,43,38,81
2021-08-15T00:00:00.000Z,רואנדה,1,0,1
2021-08-15T00:00:00.000Z,רומניה,502,323,825
2021-08-15T00:00:00.000Z,רוסיה,35,153,188
2021-08-15T00:00:00.000Z,שוודיה,16,22,38
2021-08-15T00:00:00.000Z,שוויץ,368,395,763
2021-08-15T00:00:00.000Z,אסטוניה,3,10,13
2021-08-15T00:00:00.000Z,אנדורה,0,1,1
2021-08-15T00:00:00.000Z,אלבניה,4,5,9
2021-08-15T00:00:00.000Z,אל סלבדור,0,1,1
2021-08-15T00:00:00.000Z,אירלנד,12,16,28
2021-08-15T00:00:00.000Z,איסלנד,14,16,30
2021-08-15T00:00:00.000Z,איטליה,292,239,531
2021-08-15T00:00:00.000Z,אזרביג'אן,92,59,151
2021-08-15T00:00:00.000Z,אוקראינה,317,368,685
2021-08-15T00:00:00.000Z,אוסטרליה,2,6,8
2021-08-15T00:00:00.000Z,איחוד האמירויות הערב,29,31,60
2021-08-15T00:00:00.000Z,אוסטריה,255,257,512
2021-08-15T00:00:00.000Z,ניגריה,6,3,9
2021-08-15T00:00:00.000Z,מרוקו,6,16,22
2021-08-15T00:00:00.000Z,מקסיקו,0,2,2
2021-08-15T00:00:00.000Z,מקדוניה,1,1,2
2021-08-15T00:00:00.000Z,מצרים,530,453,983
2021-08-15T00:00:00.000Z,מלטה,1,2,3
2021-08-15T00:00:00.000Z,מלדיבים,20,16,36
2021-08-15T00:00:00.000Z,מונקו,6,2,8
2021-08-15T00:00:00.000Z,מונטנגרו,201,131,332
2021-08-15T00:00:00.000Z,מונגוליה,0,1,1
2021-08-15T00:00:00.000Z,מולדובה,88,130,218
2021-08-15T00:00:00.000Z,ליטא,54,79,133
2021-08-15T00:00:00.000Z,לטביה,4,0,4
2021-08-15T00:00:00.000Z,כלל המדינות,8096,9272,17368
2021-08-15T00:00:00.000Z,ירדן,1147,1575,2722
2021-08-15T00:00:00.000Z,יפן,1,1,2
2021-08-15T00:00:00.000Z,יוון,667,612,1279
2021-08-15T00:00:00.000Z,טנזניה,7,7,14
2021-08-15T00:00:00.000Z,זאיר,1,0,1
2021-08-15T00:00:00.000Z,ויטנאם,0,4,4
2021-08-15T00:00:00.000Z,הרפ הדומיניקנית,4,2,6
2021-08-15T00:00:00.000Z,הממלכה המאוחדת,163,249,412
2021-08-15T00:00:00.000Z,הונגריה,150,110,260
2021-08-15T00:00:00.000Z,הולנד,182,155,337
2021-08-15T00:00:00.000Z,הודו,0,1,1
2021-08-15T00:00:00.000Z,האנטילים ההולנדים,1,1,2
2021-08-15T00:00:00.000Z,דנמרק,37,42,79
2021-08-15T00:00:00.000Z,דומיניקה,1,0,1
2021-08-15T00:00:00.000Z,גרנדה,1,0,1
2021-08-15T00:00:00.000Z,גרמניה,228,307,535
2021-08-15T00:00:00.000Z,גיברלטר,1,0,1
2021-08-15T00:00:00.000Z,גויאנה הצרפתית,0,1,1
2021-08-15T00:00:00.000Z,גואם,0,1,1
2021-08-15T00:00:00.000Z,גאנה,9,1,10
2021-08-15T00:00:00.000Z,אוגנדה,3,2,5
2021-08-15T00:00:00.000Z,אוזבקיסטן,1,3,4
2021-08-15T00:00:00.000Z,נורבגיה,8,8,16
2021-08-15T00:00:00.000Z,גאורגיה,20,38,58
2021-08-16T00:00:00.000Z,מונקו,1,0,1
2021-08-16T00:00:00.000Z,אורגוואי,1,3,4
2021-08-16T00:00:00.000Z,אוגנדה,2,6,8
2021-08-16T00:00:00.000Z,אוזבקיסטן,0,1,1
2021-08-16T00:00:00.000Z,אוסטריה,294,239,533
2021-08-16T00:00:00.000Z,איחוד האמירויות הערב,28,20,48
2021-08-16T00:00:00.000Z,אוסטרליה,3,5,8
2021-08-16T00:00:00.000Z,אוקראינה,274,308,582
2021-08-16T00:00:00.000Z,תימן,0,1,1
2021-08-16T00:00:00.000Z,תורכיה,95,130,225
2021-08-16T00:00:00.000Z,תאילנד,6,1,7
2021-08-16T00:00:00.000Z,שוויץ,205,234,439
2021-08-16T00:00:00.000Z,שוודיה,11,14,25
2021-08-16T00:00:00.000Z,רוסיה,13,63,76
2021-08-16T00:00:00.000Z,רומניה,108,107,215
2021-08-16T00:00:00.000Z,קרואטיה,20,10,30
2021-08-16T00:00:00.000Z,קפריסין,16,17,33
2021-08-16T00:00:00.000Z,קניה,0,2,2
2021-08-16T00:00:00.000Z,קנדה,38,96,134
2021-08-16T00:00:00.000Z,קזחסטאן,2,0,2
2021-08-16T00:00:00.000Z,קוריאה הדרומית,0,3,3
2021-08-16T00:00:00.000Z,קוסטה ריקה,5,1,6
2021-08-16T00:00:00.000Z,קולומביה,1,0,1
2021-08-16T00:00:00.000Z,קובה,0,2,2
2021-08-16T00:00:00.000Z,צרפת,318,429,747
2021-08-16T00:00:00.000Z,צכיה,207,164,371
2021-08-16T00:00:00.000Z,צ'ילה,1,2,3
2021-08-16T00:00:00.000Z,פרו,4,3,7
2021-08-16T00:00:00.000Z,פרגוואי,1,0,1
2021-08-16T00:00:00.000Z,פנמה,4,22,26
2021-08-16T00:00:00.000Z,פינלנד,9,12,21
2021-08-16T00:00:00.000Z,פיליפינים,0,4,4
2021-08-16T00:00:00.000Z,פורטוגל,26,18,44
2021-08-16T00:00:00.000Z,פולין,143,84,227
2021-08-16T00:00:00.000Z,עירק,0,2,2
2021-08-16T00:00:00.000Z,סרביה,74,70,144
2021-08-16T00:00:00.000Z,ספרד,20,20,40
2021-08-16T00:00:00.000Z,סלובניה,1,3,4
2021-08-16T00:00:00.000Z,סינגפור,0,1,1
2021-08-16T00:00:00.000Z,סין,1,0,1
2021-08-16T00:00:00.000Z,סוריה,1,2,3
2021-08-16T00:00:00.000Z,נמיביה,1,0,1
2021-08-16T00:00:00.000Z,ניקרגואה,2,0,2
2021-08-16T00:00:00.000Z,ניגריה,0,1,1
2021-08-16T00:00:00.000Z,נורבגיה,2,1,3
2021-08-16T00:00:00.000Z,מרוקו,4,12,16
2021-08-16T00:00:00.000Z,מקסיקו,0,6,6
2021-08-16T00:00:00.000Z,מקאו,0,1,1
2021-08-16T00:00:00.000Z,מצרים,394,481,875
2021-08-16T00:00:00.000Z,מלטה,0,1,1
2021-08-16T00:00:00.000Z,מלדיבים,27,7,34
2021-08-16T00:00:00.000Z,אבחזיסטאן,1,0,1
2021-08-16T00:00:00.000Z,מונטנגרו,44,50,94
2021-08-16T00:00:00.000Z,מולדובה,0,2,2
2021-08-16T00:00:00.000Z,מוזמביק,1,0,1
2021-08-16T00:00:00.000Z,ליטא,13,7,20
2021-08-16T00:00:00.000Z,לטביה,0,2,2
2021-08-16T00:00:00.000Z,לוכסמבורג,2,0,2
2021-08-16T00:00:00.000Z,כלל המדינות,5527,7449,12976
2021-08-16T00:00:00.000Z,ירדן,128,139,267
2021-08-16T00:00:00.000Z,יפן,1,2,3
2021-08-16T00:00:00.000Z,יוון,415,341,756
2021-08-16T00:00:00.000Z,טנזניה,91,55,146
2021-08-16T00:00:00.000Z,טג'יקיסטאן,0,2,2
2021-08-16T00:00:00.000Z,חוף השנהב,1,0,1
2021-08-16T00:00:00.000Z,זמביה,1,0,1
2021-08-16T00:00:00.000Z,ויטנאם,0,4,4
2021-08-16T00:00:00.000Z,הרפ הדומיניקנית,3,8,11
2021-08-16T00:00:00.000Z,הממלכה המאוחדת,146,317,463
2021-08-16T00:00:00.000Z,הונדורס,2,0,2
2021-08-16T00:00:00.000Z,הונגריה,75,59,134
2021-08-16T00:00:00.000Z,הונג קונג,1,0,1
2021-08-16T00:00:00.000Z,הולנד,49,46,95
2021-08-16T00:00:00.000Z,הודו,9,62,71
2021-08-16T00:00:00.000Z,דרום סודאן,0,1,1
2021-08-16T00:00:00.000Z,דרום אפריקה,4,6,10
2021-08-16T00:00:00.000Z,דנמרק,10,11,21
2021-08-16T00:00:00.000Z,גרמניה,383,327,710
2021-08-16T00:00:00.000Z,גמביה,0,1,1
2021-08-16T00:00:00.000Z,גווטאמלה,0,4,4
2021-08-16T00:00:00.000Z,גאנה,5,0,5
2021-08-16T00:00:00.000Z,גאורגיה,26,62,88
2021-08-16T00:00:00.000Z,ברזיל,0,5,5
2021-08-16T00:00:00.000Z,בלגיה,59,128,187
2021-08-16T00:00:00.000Z,בורונדי,1,0,1
2021-08-16T00:00:00.000Z,בוסניה הרצגובינה,1,2,3
2021-08-16T00:00:00.000Z,בוליביה,0,1,1
2021-08-16T00:00:00.000Z,בולגריה,121,150,271
2021-08-16T00:00:00.000Z,אתיופיה,13,9,22
2021-08-16T00:00:00.000Z,ארצות הברית,852,1744,2596
2021-08-16T00:00:00.000Z,ארמניה,4,4,8
2021-08-16T00:00:00.000Z,ארגנטינה,2,1,3
2021-08-16T00:00:00.000Z,אקואדור,1,1,2
2021-08-16T00:00:00.000Z,אסטוניה,1,0,1
2021-08-16T00:00:00.000Z,אנגולה,2,0,2
2021-08-16T00:00:00.000Z,אלבניה,1,4,5
2021-08-16T00:00:00.000Z,אירלנד,2,6,8
2021-08-16T00:00:00.000Z,איסלנד,28,34,62
2021-08-16T00:00:00.000Z,איי סיישל,0,2,2
2021-08-16T00:00:00.000Z,איי גילברט ואליס,4,1,5
2021-08-16T00:00:00.000Z,איטליה,210,219,429
2021-08-16T00:00:00.000Z,אזרביג'אן,0,1,1
2021-08-17T00:00:00.000Z,דנמרק,6,12,18
2021-08-17T00:00:00.000Z,גרמניה,191,168,359
2021-08-17T00:00:00.000Z,גיברלטר,3,7,10
2021-08-17T00:00:00.000Z,גווטאמלה,0,3,3
2021-08-17T00:00:00.000Z,גאנה,2,8,10
2021-08-17T00:00:00.000Z,גאורגיה,3,0,3
2021-08-17T00:00:00.000Z,ברזיל,2,4,6
2021-08-17T00:00:00.000Z,בלגיה,1,6,7
2021-08-17T00:00:00.000Z,בולגריה,53,67,120
2021-08-17T00:00:00.000Z,בהמס,0,1,1
2021-08-17T00:00:00.000Z,אתיופיה,7,9,16
2021-08-17T00:00:00.000Z,ארצות הברית,616,1626,2242
2021-08-17T00:00:00.000Z,ארמניה,5,6,11
2021-08-17T00:00:00.000Z,ארגנטינה,3,2,5
2021-08-17T00:00:00.000Z,אקואדור,1,0,1
2021-08-17T00:00:00.000Z,אסטוניה,0,1,1
2021-08-17T00:00:00.000Z,אנדורה,1,0,1
2021-08-17T00:00:00.000Z,אנגולה,0,4,4
2021-08-17T00:00:00.000Z,אלבניה,7,1,8
2021-08-17T00:00:00.000Z,אירלנד,2,10,12
2021-08-17T00:00:00.000Z,איסלנד,141,121,262
2021-08-17T00:00:00.000Z,איטליה,86,72,158
2021-08-17T00:00:00.000Z,אזרביג'אן,1,1,2
2021-08-17T00:00:00.000Z,אורגוואי,2,4,6
2021-08-17T00:00:00.000Z,אוקראינה,199,244,443
2021-08-17T00:00:00.000Z,אוסטרליה,3,9,12
2021-08-17T00:00:00.000Z,אוסטריה,230,246,476
2021-08-17T00:00:00.000Z,אוזבקיסטן,0,4,4
2021-08-17T00:00:00.000Z,אבחזיסטאן,1,1,2
2021-08-17T00:00:00.000Z,לבנון,0,4,4
2021-08-17T00:00:00.000Z,לוכסמבורג,1,0,1
2021-08-17T00:00:00.000Z,ירדן,121,140,261
2021-08-17T00:00:00.000Z,קוסובו,1,0,1
2021-08-17T00:00:00.000Z,קוסטה ריקה,9,6,15
2021-08-17T00:00:00.000Z,קוריאה הדרומית,3,6,9
2021-08-17T00:00:00.000Z,קנדה,53,220,273
2021-08-17T00:00:00.000Z,קניה,4,1,5
2021-08-17T00:00:00.000Z,קפריסין,10,11,21
2021-08-17T00:00:00.000Z,קרואטיה,16,10,26
2021-08-17T00:00:00.000Z,ראוניון,0,1,1
2021-08-17T00:00:00.000Z,רואנדה,1,2,3
2021-08-17T00:00:00.000Z,רומניה,216,161,377
2021-08-17T00:00:00.000Z,רוסיה,17,93,110
2021-08-17T00:00:00.000Z,שוודיה,12,12,24
2021-08-17T00:00:00.000Z,שוויץ,120,139,259
2021-08-17T00:00:00.000Z,תאילנד,72,69,141
2021-08-17T00:00:00.000Z,תוניסיה,2,8,10
2021-08-17T00:00:00.000Z,תורכיה,57,72,129
2021-08-17T00:00:00.000Z,תורכמניסטאן,1,0,1
2021-08-17T00:00:00.000Z,כלל המדינות,4190,6242,10432
2021-08-17T00:00:00.000Z,יוון,335,322,657
2021-08-17T00:00:00.000Z,טנזניה,12,3,15
2021-08-17T00:00:00.000Z,טוגו,0,1,1
2021-08-17T00:00:00.000Z,איחוד האמירויות הערב,22,18,40
2021-08-17T00:00:00.000Z,זמביה,3,4,7
2021-08-17T00:00:00.000Z,קונגו,0,1,1
2021-08-17T00:00:00.000Z,קולומביה,1,3,4
2021-08-17T00:00:00.000Z,צרפת,214,353,567
2021-08-17T00:00:00.000Z,הממלכה המאוחדת,95,253,348
2021-08-17T00:00:00.000Z,הונגריה,135,123,258
2021-08-17T00:00:00.000Z,לטביה,34,50,84
2021-08-17T00:00:00.000Z,ליטא,1,1,2
2021-08-17T00:00:00.000Z,הונג קונג,3,23,26
2021-08-17T00:00:00.000Z,מולדובה,39,135,174
2021-08-17T00:00:00.000Z,מונטנגרו,19,11,30
2021-08-17T00:00:00.000Z,מלדיבים,11,2,13
2021-08-17T00:00:00.000Z,מצרים,270,296,566
2021-08-17T00:00:00.000Z,מקדוניה,0,1,1
2021-08-17T00:00:00.000Z,מקסיקו,1,3,4
2021-08-17T00:00:00.000Z,מרוקו,11,4,15
2021-08-17T00:00:00.000Z,נורבגיה,2,2,4
2021-08-17T00:00:00.000Z,ניגריה,0,1,1
2021-08-17T00:00:00.000Z,ניו זילנד,6,4,10
2021-08-17T00:00:00.000Z,נפאל,2,2,4
2021-08-17T00:00:00.000Z,סיירה ליאונה,0,1,1
2021-08-17T00:00:00.000Z,סין,18,42,60
2021-08-17T00:00:00.000Z,סלובניה,2,1,3
2021-08-17T00:00:00.000Z,סלובקיה,1,2,3
2021-08-17T00:00:00.000Z,ספרד,19,29,48
2021-08-17T00:00:00.000Z,סרביה,12,17,29
2021-08-17T00:00:00.000Z,פולין,61,58,119
2021-08-17T00:00:00.000Z,פורטוגל,8,10,18
2021-08-17T00:00:00.000Z,פיליפינים,1,17,18
2021-08-17T00:00:00.000Z,פינלנד,26,20,46
2021-08-17T00:00:00.000Z,יפן,0,1,1
2021-08-17T00:00:00.000Z,צ'ילה,0,6,6
2021-08-17T00:00:00.000Z,צכיה,80,66,146
2021-08-17T00:00:00.000Z,הולנד,106,49,155
2021-08-17T00:00:00.000Z,האנטילים ההולנדים,0,1,1
2021-08-17T00:00:00.000Z,דרום אפריקה,0,7,7
2021-08-17T00:00:00.000Z,פנמה,6,25,31
2021-08-18T00:00:00.000Z,קוסטה ריקה,5,10,15
2021-08-18T00:00:00.000Z,קונגו,1,0,1
2021-08-18T00:00:00.000Z,קולומביה,1,0,1
2021-08-18T00:00:00.000Z,צרפת,233,446,679
2021-08-18T00:00:00.000Z,צכיה,31,21,52
2021-08-18T00:00:00.000Z,פרו,2,5,7
2021-08-18T00:00:00.000Z,פרגוואי,1,0,1
2021-08-18T00:00:00.000Z,אוגנדה,1,1,2
2021-08-18T00:00:00.000Z,אוזבקיסטן,3,4,7
2021-08-18T00:00:00.000Z,אוסטריה,413,364,777
2021-08-18T00:00:00.000Z,אוסטרליה,1,14,15
2021-08-18T00:00:00.000Z,אוקראינה,289,451,740
2021-08-18T00:00:00.000Z,אזרביג'אן,3,2,5
2021-08-18T00:00:00.000Z,איטליה,212,200,412
2021-08-18T00:00:00.000Z,איסלנד,25,19,44
2021-08-18T00:00:00.000Z,אלבניה,2,3,5
2021-08-18T00:00:00.000Z,אנגולה,0,1,1
2021-08-18T00:00:00.000Z,אסטוניה,0,5,5
2021-08-18T00:00:00.000Z,ארמניה,6,0,6
2021-08-18T00:00:00.000Z,ארצות הברית,654,1700,2354
2021-08-18T00:00:00.000Z,אתיופיה,10,10,20
2021-08-18T00:00:00.000Z,בולגריה,82,89,171
2021-08-18T00:00:00.000Z,בוסניה הרצגובינה,39,61,100
2021-08-18T00:00:00.000Z,איחוד האמירויות הערב,23,29,52
2021-08-18T00:00:00.000Z,פנמה,2,4,6
2021-08-18T00:00:00.000Z,פינלנד,49,47,96
2021-08-18T00:00:00.000Z,פיליפינים,0,68,68
2021-08-18T00:00:00.000Z,פורטוגל,12,13,25
2021-08-18T00:00:00.000Z,פולין,37,30,67
2021-08-18T00:00:00.000Z,סרי לנקה (צילון),0,7,7
2021-08-18T00:00:00.000Z,תוניסיה,0,2,2
2021-08-18T00:00:00.000Z,מונטנגרו,58,67,125
2021-08-18T00:00:00.000Z,מאלי,2,2,4
2021-08-18T00:00:00.000Z,ליטא,0,2,2
2021-08-18T00:00:00.000Z,סרביה,51,38,89
2021-08-18T00:00:00.000Z,ספרד,3,6,9
2021-08-18T00:00:00.000Z,סלובקיה,0,2,2
2021-08-18T00:00:00.000Z,סלובניה,89,63,152
2021-08-18T00:00:00.000Z,סינגפור,2,3,5
2021-08-18T00:00:00.000Z,סין,2,1,3
2021-08-18T00:00:00.000Z,סוריה,1,4,5
2021-08-18T00:00:00.000Z,ניגריה,3,1,4
2021-08-18T00:00:00.000Z,נורבגיה,0,2,2
2021-08-18T00:00:00.000Z,מרוקו,6,3,9
2021-08-18T00:00:00.000Z,מקסיקו,2,6,8
2021-08-18T00:00:00.000Z,מקדוניה,2,2,4
2021-08-18T00:00:00.000Z,מצרים,277,325,602
2021-08-18T00:00:00.000Z,מלטה,2,1,3
2021-08-18T00:00:00.000Z,מלדיבים,19,23,42
2021-08-18T00:00:00.000Z,מלאווי,0,1,1
2021-08-18T00:00:00.000Z,כלל המדינות,4504,6774,11278
2021-08-18T00:00:00.000Z,ירדן,138,155,293
2021-08-18T00:00:00.000Z,יפן,0,1,1
2021-08-18T00:00:00.000Z,יוון,173,201,374
2021-08-18T00:00:00.000Z,טנזניה,91,67,158
2021-08-18T00:00:00.000Z,טיוואן,1,4,5
2021-08-18T00:00:00.000Z,זמביה,0,4,4
2021-08-18T00:00:00.000Z,הממלכה המאוחדת,32,118,150
2021-08-18T00:00:00.000Z,הונגריה,113,101,214
2021-08-18T00:00:00.000Z,הונג קונג,0,2,2
2021-08-18T00:00:00.000Z,הולנד,133,149,282
2021-08-18T00:00:00.000Z,הודו,1,2,3
2021-08-18T00:00:00.000Z,דרום אפריקה,0,8,8
2021-08-18T00:00:00.000Z,דנמרק,6,19,25
2021-08-18T00:00:00.000Z,גרמניה,189,253,442
2021-08-18T00:00:00.000Z,גאנה,1,0,1
2021-08-18T00:00:00.000Z,ברזיל,0,2,2
2021-08-18T00:00:00.000Z,בלגיה,34,63,97
2021-08-18T00:00:00.000Z,בילורוסיה,28,41,69
2021-08-18T00:00:00.000Z,בורקינה פאסו,0,1,1
2021-08-18T00:00:00.000Z,תאילנד,0,2,2
2021-08-18T00:00:00.000Z,שוויץ,190,200,390
2021-08-18T00:00:00.000Z,שוודיה,5,7,12
2021-08-18T00:00:00.000Z,רוסיה,35,73,108
2021-08-18T00:00:00.000Z,רומניה,203,177,380
2021-08-18T00:00:00.000Z,רואנדה,0,1,1
2021-08-18T00:00:00.000Z,קרואטיה,33,26,59
2021-08-18T00:00:00.000Z,קפריסין,7,61,68
2021-08-18T00:00:00.000Z,קוריאה הדרומית,1,0,1
2021-08-18T00:00:00.000Z,קניה,8,4,12
2021-08-18T00:00:00.000Z,קנדה,35,108,143
2021-08-18T00:00:00.000Z,קירג'זסטאן,1,0,1
2021-08-18T00:00:00.000Z,קזחסטאן,3,11,14
2021-08-18T00:00:00.000Z,תורכיה,48,69,117
2021-08-19T00:00:00.000Z,נורבגיה,0,4,4
2021-08-19T00:00:00.000Z,דרום אפריקה,4,9,13
2021-08-19T00:00:00.000Z,מונקו,1,0,1
2021-08-19T00:00:00.000Z,מונטנגרו,107,84,191
2021-08-19T00:00:00.000Z,מולדובה,93,131,224
2021-08-19T00:00:00.000Z,מאלי,2,0,2
2021-08-19T00:00:00.000Z,אוגנדה,0,2,2
2021-08-19T00:00:00.000Z,אוסטריה,294,322,616
2021-08-19T00:00:00.000Z,אוסטרליה,2,9,11
2021-08-19T00:00:00.000Z,אוקראינה,341,560,901
2021-08-19T00:00:00.000Z,אורגוואי,2,0,2
2021-08-19T00:00:00.000Z,אזרביג'אן,101,76,177
2021-08-19T00:00:00.000Z,איטליה,238,224,462
2021-08-19T00:00:00.000Z,איי סיישל,9,4,13
2021-08-19T00:00:00.000Z,איסלנד,327,190,517
2021-08-19T00:00:00.000Z,תורכיה,31,63,94
2021-08-19T00:00:00.000Z,שוויץ,123,129,252
2021-08-19T00:00:00.000Z,שוודיה,20,56,76
2021-08-19T00:00:00.000Z,רוסיה,38,94,132
2021-08-19T00:00:00.000Z,רומניה,94,112,206
2021-08-19T00:00:00.000Z,רואנדה,0,1,1
2021-08-19T00:00:00.000Z,קרואטיה,4,2,6
2021-08-19T00:00:00.000Z,קפריסין,18,28,46
2021-08-19T00:00:00.000Z,קניה,17,7,24
2021-08-19T00:00:00.000Z,קנדה,39,86,125
2021-08-19T00:00:00.000Z,קירג'זסטאן,1,0,1
2021-08-19T00:00:00.000Z,קזחסטאן,3,2,5
2021-08-19T00:00:00.000Z,קוריאה הדרומית,2,0,2
2021-08-19T00:00:00.000Z,קוסטה ריקה,6,10,16
2021-08-19T00:00:00.000Z,קולומביה,8,5,13
2021-08-19T00:00:00.000Z,צרפת,254,405,659
2021-08-19T00:00:00.000Z,צכיה,135,86,221
2021-08-19T00:00:00.000Z,צ'ילה,0,5,5
2021-08-19T00:00:00.000Z,פרו,5,5,10
2021-08-19T00:00:00.000Z,פרגוואי,8,1,9
2021-08-19T00:00:00.000Z,פנמה,4,7,11
2021-08-19T00:00:00.000Z,פינלנד,6,9,15
2021-08-19T00:00:00.000Z,פיליפינים,0,7,7
2021-08-19T00:00:00.000Z,פורטוגל,96,68,164
2021-08-19T00:00:00.000Z,פולינזיה הצרפתית,0,5,5
2021-08-19T00:00:00.000Z,פולין,37,21,58
2021-08-19T00:00:00.000Z,סרי לנקה (צילון),0,1,1
2021-08-19T00:00:00.000Z,סרביה,6,2,8
2021-08-19T00:00:00.000Z,ספרד,32,56,88
2021-08-19T00:00:00.000Z,סלובניה,0,2,2
2021-08-19T00:00:00.000Z,סין,0,1,1
2021-08-19T00:00:00.000Z,ניגריה,2,8,10
2021-08-19T00:00:00.000Z,איחוד האמירויות הערב,27,35,62
2021-08-19T00:00:00.000Z,מרוקו,70,75,145
2021-08-19T00:00:00.000Z,מקסיקו,0,4,4
2021-08-19T00:00:00.000Z,מצרים,400,357,757
2021-08-19T00:00:00.000Z,אירלנד,5,5,10
2021-08-19T00:00:00.000Z,אלבניה,0,1,1
2021-08-19T00:00:00.000Z,אקואדור,0,2,2
2021-08-19T00:00:00.000Z,ארגנטינה,3,27,30
2021-08-19T00:00:00.000Z,ארמניה,23,34,57
2021-08-19T00:00:00.000Z,ארצות הברית,874,1810,2684
2021-08-19T00:00:00.000Z,אתיופיה,23,29,52
2021-08-19T00:00:00.000Z,בהמס,0,1,1
2021-08-19T00:00:00.000Z,בולגריה,53,58,111
2021-08-19T00:00:00.000Z,בוסניה הרצגובינה,27,20,47
2021-08-19T00:00:00.000Z,בלגיה,22,42,64
2021-08-19T00:00:00.000Z,ברזיל,2,10,12
2021-08-19T00:00:00.000Z,גאורגיה,62,97,159
2021-08-19T00:00:00.000Z,גאנה,3,1,4
2021-08-19T00:00:00.000Z,גווטאמלה,1,0,1
2021-08-19T00:00:00.000Z,גיברלטר,0,1,1
2021-08-19T00:00:00.000Z,גינאה המשוונית,1,0,1
2021-08-19T00:00:00.000Z,גמייקה,1,0,1
2021-08-19T00:00:00.000Z,גרמניה,187,210,397
2021-08-19T00:00:00.000Z,דומיניקה,1,0,1
2021-08-19T00:00:00.000Z,דנמרק,33,69,102
2021-08-19T00:00:00.000Z,מלדיבים,16,9,25
2021-08-19T00:00:00.000Z,מזרח טימור,2,0,2
2021-08-19T00:00:00.000Z,ליטא,56,52,108
2021-08-19T00:00:00.000Z,לטביה,4,3,7
2021-08-19T00:00:00.000Z,כלל המדינות,6181,8330,14511
2021-08-19T00:00:00.000Z,ירדן,334,421,755
2021-08-19T00:00:00.000Z,יפן,0,2,2
2021-08-19T00:00:00.000Z,יוון,549,579,1128
2021-08-19T00:00:00.000Z,טנזניה,17,11,28
2021-08-19T00:00:00.000Z,טיוואן,1,0,1
2021-08-19T00:00:00.000Z,טג'יקיסטאן,0,3,3
2021-08-19T00:00:00.000Z,חוף השנהב,1,4,5
2021-08-19T00:00:00.000Z,זמביה,2,0,2
2021-08-19T00:00:00.000Z,זאיר,0,1,1
2021-08-19T00:00:00.000Z,הרפ הדומיניקנית,6,9,15
2021-08-19T00:00:00.000Z,הממלכה המאוחדת,94,318,412
2021-08-19T00:00:00.000Z,הונגריה,217,205,422
2021-08-19T00:00:00.000Z,הונג קונג,0,1,1
2021-08-19T00:00:00.000Z,הולנד,90,69,159
2021-08-19T00:00:00.000Z,הודו,2,3,5
2021-08-19T00:00:00.000Z,דרום סודאן,0,1,1
2021-08-20T00:00:00.000Z,קוריאה הדרומית,2,4,6
2021-08-20T00:00:00.000Z,תאילנד,1,3,4
2021-08-20T00:00:00.000Z,תורכיה,44,75,119
2021-08-20T00:00:00.000Z,ברזיל,1,0,1
2021-08-20T00:00:00.000Z,גאורגיה,2,2,4
2021-08-20T00:00:00.000Z,גינאה המשוונית,1,0,1
2021-08-20T00:00:00.000Z,גרמניה,280,386,666
2021-08-20T00:00:00.000Z,קניה,1,0,1
2021-08-20T00:00:00.000Z,קפריסין,12,21,33
2021-08-20T00:00:00.000Z,קרואטיה,23,16,39
2021-08-20T00:00:00.000Z,הממלכה המאוחדת,14,61,75
2021-08-20T00:00:00.000Z,איחוד האמירויות הערב,26,14,40
2021-08-20T00:00:00.000Z,גרנדה,1,0,1
2021-08-20T00:00:00.000Z,דנמרק,17,20,37
2021-08-20T00:00:00.000Z,הודו,0,1,1
2021-08-20T00:00:00.000Z,הולנד,98,120,218
2021-08-20T00:00:00.000Z,הונג קונג,0,1,1
2021-08-20T00:00:00.000Z,הונגריה,127,128,255
2021-08-20T00:00:00.000Z,קטר,0,4,4
2021-08-20T00:00:00.000Z,בילורוסיה,16,49,65
2021-08-20T00:00:00.000Z,בורקינה פאסו,1,1,2
2021-08-20T00:00:00.000Z,בוסניה הרצגובינה,29,22,51
2021-08-20T00:00:00.000Z,בולגריה,72,87,159
2021-08-20T00:00:00.000Z,אתיופיה,0,1,1
2021-08-20T00:00:00.000Z,ארצות הברית,904,1390,2294
2021-08-20T00:00:00.000Z,ארמניה,9,4,13
2021-08-20T00:00:00.000Z,אקואדור,1,0,1
2021-08-20T00:00:00.000Z,אסטוניה,1,4,5
2021-08-20T00:00:00.000Z,אירלנד,1,1,2
2021-08-20T00:00:00.000Z,איסלנד,17,12,29
2021-08-20T00:00:00.000Z,אינדונזיה,0,1,1
2021-08-20T00:00:00.000Z,איי סיישל,1,1,2
2021-08-20T00:00:00.000Z,איטליה,207,160,367
2021-08-20T00:00:00.000Z,אזרביג'אן,18,29,47
2021-08-20T00:00:00.000Z,אורגוואי,1,0,1
2021-08-20T00:00:00.000Z,אוקראינה,349,296,645
2021-08-20T00:00:00.000Z,אוסטרליה,0,6,6
2021-08-20T00:00:00.000Z,אוסטריה,565,607,1172
2021-08-20T00:00:00.000Z,אוזבקיסטן,0,28,28
2021-08-20T00:00:00.000Z,אבחזיסטאן,0,1,1
2021-08-20T00:00:00.000Z,הרפ הדומיניקנית,8,4,12
2021-08-20T00:00:00.000Z,ויטנאם,0,3,3
2021-08-20T00:00:00.000Z,ונואטו,0,1,1
2021-08-20T00:00:00.000Z,ונצואלה,1,2,3
2021-08-20T00:00:00.000Z,טנזניה,0,1,1
2021-08-20T00:00:00.000Z,יוון,272,360,632
2021-08-20T00:00:00.000Z,יפן,0,3,3
2021-08-20T00:00:00.000Z,ירדן,3,7,10
2021-08-20T00:00:00.000Z,כלל המדינות,5442,6777,12219
2021-08-20T00:00:00.000Z,לטביה,13,5,18
2021-08-20T00:00:00.000Z,ליטא,6,6,12
2021-08-20T00:00:00.000Z,מולדובה,54,60,114
2021-08-20T00:00:00.000Z,מונטנגרו,69,55,124
2021-08-20T00:00:00.000Z,מונקו,5,1,6
2021-08-20T00:00:00.000Z,מיאנמר (בורמה),0,1,1
2021-08-20T00:00:00.000Z,מלדיבים,27,8,35
2021-08-20T00:00:00.000Z,מלטה,1,0,1
2021-08-20T00:00:00.000Z,מצרים,318,460,778
2021-08-20T00:00:00.000Z,מקדוניה,11,1,12
2021-08-20T00:00:00.000Z,מקסיקו,1,1,2
2021-08-20T00:00:00.000Z,מרוקו,10,9,19
2021-08-20T00:00:00.000Z,נורבגיה,3,2,5
2021-08-20T00:00:00.000Z,ניגריה,0,3,3
2021-08-20T00:00:00.000Z,סין,0,5,5
2021-08-20T00:00:00.000Z,סינגפור,0,3,3
2021-08-20T00:00:00.000Z,סלובניה,13,5,18
2021-08-20T00:00:00.000Z,סלובקיה,1,0,1
2021-08-20T00:00:00.000Z,סנגל,1,0,1
2021-08-20T00:00:00.000Z,ספרד,4,6,10
2021-08-20T00:00:00.000Z,סרביה,116,111,227
2021-08-20T00:00:00.000Z,סרי לנקה (צילון),1,1,2
2021-08-20T00:00:00.000Z,פולין,81,49,130
2021-08-20T00:00:00.000Z,פורטוגל,22,16,38
2021-08-20T00:00:00.000Z,פיליפינים,5,6,11
2021-08-20T00:00:00.000Z,פינלנד,49,54,103
2021-08-20T00:00:00.000Z,פנמה,0,1,1
2021-08-20T00:00:00.000Z,פרגוואי,1,1,2
2021-08-20T00:00:00.000Z,פרו,0,1,1
2021-08-20T00:00:00.000Z,צכיה,335,249,584
2021-08-20T00:00:00.000Z,צרפת,160,229,389
2021-08-20T00:00:00.000Z,קולומביה,1,3,4
2021-08-20T00:00:00.000Z,קוסטה ריקה,3,2,5
2021-08-20T00:00:00.000Z,קזחסטאן,8,6,14
2021-08-20T00:00:00.000Z,קירג'זסטאן,1,3,4
2021-08-20T00:00:00.000Z,קנדה,28,68,96
2021-08-20T00:00:00.000Z,בלגיה,32,63,95
2021-08-20T00:00:00.000Z,רואנדה,0,1,1
2021-08-20T00:00:00.000Z,רומניה,232,224,456
2021-08-20T00:00:00.000Z,רוסיה,40,92,132
2021-08-20T00:00:00.000Z,שוודיה,17,11,28
2021-08-20T00:00:00.000Z,שוויץ,229,269,498
2021-08-21T00:00:00.000Z,גאורגיה,1,6,7
2021-08-21T00:00:00.000Z,מאוריציוס,0,1,1
2021-08-21T00:00:00.000Z,בוסניה הרצגובינה,1,4,5
2021-08-21T00:00:00.000Z,בולגריה,44,55,99
2021-08-21T00:00:00.000Z,אתיופיה,15,16,31
2021-08-21T00:00:00.000Z,ארצות הברית,344,749,1093
2021-08-21T00:00:00.000Z,ארמניה,1,1,2
2021-08-21T00:00:00.000Z,ארגנטינה,0,1,1
2021-08-21T00:00:00.000Z,אסטוניה,1,7,8
2021-08-21T00:00:00.000Z,אלבניה,2,4,6
2021-08-21T00:00:00.000Z,אל סלבדור,1,0,1
2021-08-21T00:00:00.000Z,אירלנד,6,3,9
2021-08-21T00:00:00.000Z,איסלנד,29,26,55
2021-08-21T00:00:00.000Z,איטליה,81,100,181
2021-08-21T00:00:00.000Z,אזרביג'אן,6,2,8
2021-08-21T00:00:00.000Z,אורגוואי,2,3,5
2021-08-21T00:00:00.000Z,אוקראינה,151,131,282
2021-08-21T00:00:00.000Z,אוסטרליה,3,3,6
2021-08-21T00:00:00.000Z,אוסטריה,295,340,635
2021-08-21T00:00:00.000Z,אוזבקיסטן,0,2,2
2021-08-21T00:00:00.000Z,אוגנדה,5,0,5
2021-08-21T00:00:00.000Z,ברזיל,0,1,1
2021-08-21T00:00:00.000Z,מאלי,2,0,2
2021-08-21T00:00:00.000Z,מולדובה,4,0,4
2021-08-21T00:00:00.000Z,מונקו,5,1,6
2021-08-21T00:00:00.000Z,מלדיבים,12,8,20
2021-08-21T00:00:00.000Z,מלטה,0,2,2
2021-08-21T00:00:00.000Z,מצרים,290,368,658
2021-08-21T00:00:00.000Z,מקדוניה,0,2,2
2021-08-21T00:00:00.000Z,מקסיקו,0,1,1
2021-08-21T00:00:00.000Z,מרוקו,2,5,7
2021-08-21T00:00:00.000Z,נורבגיה,0,1,1
2021-08-21T00:00:00.000Z,סין,0,62,62
2021-08-21T00:00:00.000Z,סינגפור,1,1,2
2021-08-21T00:00:00.000Z,סלובניה,6,2,8
2021-08-21T00:00:00.000Z,סנגל,1,1,2
2021-08-21T00:00:00.000Z,ספרד,5,10,15
2021-08-21T00:00:00.000Z,סרביה,0,2,2
2021-08-21T00:00:00.000Z,סרי לנקה (צילון),3,5,8
2021-08-21T00:00:00.000Z,פולין,83,94,177
2021-08-21T00:00:00.000Z,פורטוגל,17,13,30
2021-08-21T00:00:00.000Z,פיליפינים,0,2,2
2021-08-21T00:00:00.000Z,פינלנד,2,7,9
2021-08-21T00:00:00.000Z,פנמה,1,0,1
2021-08-21T00:00:00.000Z,פרגוואי,2,3,5
2021-08-21T00:00:00.000Z,פרו,0,4,4
2021-08-21T00:00:00.000Z,צכיה,113,113,226
2021-08-21T00:00:00.000Z,צרפת,159,164,323
2021-08-21T00:00:00.000Z,קוסטה ריקה,1,3,4
2021-08-21T00:00:00.000Z,קוריאה הדרומית,5,5,10
2021-08-21T00:00:00.000Z,גאנה,1,0,1
2021-08-21T00:00:00.000Z,גבון,0,1,1
2021-08-21T00:00:00.000Z,גרמניה,92,127,219
2021-08-21T00:00:00.000Z,דנמרק,9,14,23
2021-08-21T00:00:00.000Z,דרום אפריקה,0,2,2
2021-08-21T00:00:00.000Z,הודו,3,7,10
2021-08-21T00:00:00.000Z,הולנד,78,71,149
2021-08-21T00:00:00.000Z,הונגריה,194,191,385
2021-08-21T00:00:00.000Z,הממלכה המאוחדת,24,58,82
2021-08-21T00:00:00.000Z,הרפ הדומיניקנית,1,1,2
2021-08-21T00:00:00.000Z,זאיר,1,0,1
2021-08-21T00:00:00.000Z,זימבאבווה,0,2,2
2021-08-21T00:00:00.000Z,זמביה,0,1,1
2021-08-21T00:00:00.000Z,חוף השנהב,0,1,1
2021-08-21T00:00:00.000Z,טוגו,1,1,2
2021-08-21T00:00:00.000Z,טנזניה,7,9,16
2021-08-21T00:00:00.000Z,יוון,220,239,459
2021-08-21T00:00:00.000Z,יפן,2,3,5
2021-08-21T00:00:00.000Z,ירדן,1,0,1
2021-08-21T00:00:00.000Z,כלל המדינות,2868,3954,6822
2021-08-21T00:00:00.000Z,לוכסמבורג,1,4,5
2021-08-21T00:00:00.000Z,לטביה,22,25,47
2021-08-21T00:00:00.000Z,ליטא,11,13,24
2021-08-21T00:00:00.000Z,קטר,0,1,1
2021-08-21T00:00:00.000Z,קירג'זסטאן,0,1,1
2021-08-21T00:00:00.000Z,קמרון,0,1,1
2021-08-21T00:00:00.000Z,קנדה,6,40,46
2021-08-21T00:00:00.000Z,קניה,3,4,7
2021-08-21T00:00:00.000Z,קפריסין,14,17,31
2021-08-21T00:00:00.000Z,קרואטיה,7,2,9
2021-08-21T00:00:00.000Z,רואנדה,0,1,1
2021-08-21T00:00:00.000Z,רומניה,151,173,324
2021-08-21T00:00:00.000Z,רוסיה,4,3,7
2021-08-21T00:00:00.000Z,שוודיה,10,14,24
2021-08-21T00:00:00.000Z,בלגיה,5,5,10
2021-08-21T00:00:00.000Z,שוויץ,88,80,168
2021-08-21T00:00:00.000Z,תאילנד,1,1,2
2021-08-21T00:00:00.000Z,תורכיה,28,43,71
2021-08-21T00:00:00.000Z,איחוד האמירויות הערב,24,12,36
2021-08-22T00:00:00.000Z,פנמה,1,1,2
2021-08-22T00:00:00.000Z,לוכסמבורג,0,1,1
2021-08-22T00:00:00.000Z,ירדן,347,432,779
2021-08-22T00:00:00.000Z,יפן,1,5,6
2021-08-22T00:00:00.000Z,יוון,560,578,1138
2021-08-22T00:00:00.000Z,טרינידד וטובגו,1,0,1
2021-08-22T00:00:00.000Z,הממלכה המאוחדת,88,251,339
2021-08-22T00:00:00.000Z,הונגריה,370,244,614
2021-08-22T00:00:00.000Z,הולנד,124,149,273
2021-08-22T00:00:00.000Z,הודו,1,5,6
2021-08-22T00:00:00.000Z,דנמרק,22,43,65
2021-08-22T00:00:00.000Z,גרמניה,192,246,438
2021-08-22T00:00:00.000Z,גויאנה הצרפתית,2,0,2
2021-08-22T00:00:00.000Z,גווטאמלה,1,1,2
2021-08-22T00:00:00.000Z,גאורגיה,56,101,157
2021-08-22T00:00:00.000Z,ברזיל,1,0,1
2021-08-22T00:00:00.000Z,בלגיה,35,75,110
2021-08-22T00:00:00.000Z,בילורוסיה,23,65,88
2021-08-22T00:00:00.000Z,בוסניה הרצגובינה,13,14,27
2021-08-22T00:00:00.000Z,בולגריה,61,87,148
2021-08-22T00:00:00.000Z,ארצות הברית,600,1039,1639
2021-08-22T00:00:00.000Z,ארמניה,2,2,4
2021-08-22T00:00:00.000Z,אסטוניה,4,2,6
2021-08-22T00:00:00.000Z,אלבניה,1,3,4
2021-08-22T00:00:00.000Z,אירלנד,2,2,4
2021-08-22T00:00:00.000Z,איסלנד,18,13,31
2021-08-22T00:00:00.000Z,איטליה,245,297,542
2021-08-22T00:00:00.000Z,אזרביג'אן,65,71,136
2021-08-22T00:00:00.000Z,אוקראינה,289,343,632
2021-08-22T00:00:00.000Z,אוסטרליה,4,20,24
2021-08-22T00:00:00.000Z,ליטא,43,78,121
2021-08-22T00:00:00.000Z,איחוד האמירויות הערב,30,24,54
2021-08-22T00:00:00.000Z,קרואטיה,11,17,28
2021-08-22T00:00:00.000Z,קפריסין,36,48,84
2021-08-22T00:00:00.000Z,קנדה,26,65,91
2021-08-22T00:00:00.000Z,קטר,0,1,1
2021-08-22T00:00:00.000Z,צ'ילה,0,1,1
2021-08-22T00:00:00.000Z,פרו,6,5,11
2021-08-22T00:00:00.000Z,פרגוואי,2,1,3
2021-08-22T00:00:00.000Z,כלל המדינות,5983,7529,13512
2021-08-22T00:00:00.000Z,פינלנד,7,4,11
2021-08-22T00:00:00.000Z,פיליפינים,0,25,25
2021-08-22T00:00:00.000Z,פורטוגל,14,7,21
2021-08-22T00:00:00.000Z,פולין,50,28,78
2021-08-22T00:00:00.000Z,עומן,0,1,1
2021-08-22T00:00:00.000Z,סרי לנקה (צילון),0,1,1
2021-08-22T00:00:00.000Z,סרביה,4,2,6
2021-08-22T00:00:00.000Z,ספרד,6,10,16
2021-08-22T00:00:00.000Z,סלובניה,0,9,9
2021-08-22T00:00:00.000Z,סוריה,3,2,5
2021-08-22T00:00:00.000Z,סומליה,0,1,1
2021-08-22T00:00:00.000Z,סודן,0,2,2
2021-08-22T00:00:00.000Z,נפאל,2,1,3
2021-08-22T00:00:00.000Z,ניגריה,0,4,4
2021-08-22T00:00:00.000Z,נורבגיה,1,7,8
2021-08-22T00:00:00.000Z,מרוקו,5,10,15
2021-08-22T00:00:00.000Z,מקסיקו,0,5,5
2021-08-22T00:00:00.000Z,מצרים,407,409,816
2021-08-22T00:00:00.000Z,מלטה,0,6,6
2021-08-22T00:00:00.000Z,מלדיבים,20,9,29
2021-08-22T00:00:00.000Z,מונקו,3,5,8
2021-08-22T00:00:00.000Z,מונטנגרו,123,66,189
2021-08-22T00:00:00.000Z,מולדובה,107,154,261
2021-08-22T00:00:00.000Z,קזחסטאן,1,1,2
2021-08-22T00:00:00.000Z,קוריאה הדרומית,3,10,13
2021-08-22T00:00:00.000Z,קוסטה ריקה,4,3,7
2021-08-22T00:00:00.000Z,קולומביה,1,4,5
2021-08-22T00:00:00.000Z,צרפת,360,465,825
2021-08-22T00:00:00.000Z,צכיה,403,291,694
2021-08-22T00:00:00.000Z,רומניה,184,105,289
2021-08-22T00:00:00.000Z,רוסיה,49,201,250
2021-08-22T00:00:00.000Z,שוודיה,34,55,89
2021-08-22T00:00:00.000Z,שוויץ,205,281,486
2021-08-22T00:00:00.000Z,תאילנד,0,3,3
2021-08-22T00:00:00.000Z,אוסטריה,242,270,512
2021-08-22T00:00:00.000Z,אוזבקיסטן,4,3,7
2021-08-22T00:00:00.000Z,אוגנדה,1,1,2
2021-08-22T00:00:00.000Z,תורכיה,49,68,117
2021-08-22T00:00:00.000Z,קירג'זסטאן,1,0,1
2021-08-23T00:00:00.000Z,תימן,0,1,1
2021-08-23T00:00:00.000Z,תורכמניסטאן,0,1,1
2021-08-23T00:00:00.000Z,תורכיה,74,76,150
2021-08-23T00:00:00.000Z,שוויץ,187,188,375
2021-08-23T00:00:00.000Z,שוודיה,19,16,35
2021-08-23T00:00:00.000Z,רוסיה,41,100,141
2021-08-23T00:00:00.000Z,רומניה,128,122,250
2021-08-23T00:00:00.000Z,רואנדה,0,1,1
2021-08-23T00:00:00.000Z,קרואטיה,32,20,52
2021-08-23T00:00:00.000Z,קפריסין,28,26,54
2021-08-23T00:00:00.000Z,קניה,9,7,16
2021-08-23T00:00:00.000Z,קנדה,48,225,273
2021-08-23T00:00:00.000Z,קמרון,1,0,1
2021-08-23T00:00:00.000Z,קטר,1,0,1
2021-08-23T00:00:00.000Z,קזחסטאן,2,2,4
2021-08-23T00:00:00.000Z,קוסטה ריקה,22,12,34
2021-08-23T00:00:00.000Z,קוסובו,1,2,3
2021-08-23T00:00:00.000Z,קונגו,0,1,1
2021-08-23T00:00:00.000Z,קולומביה,1,1,2
2021-08-23T00:00:00.000Z,איחוד האמירויות הערב,17,19,36
2021-08-23T00:00:00.000Z,צכיה,385,257,642
2021-08-23T00:00:00.000Z,צ'ילה,0,12,12
2021-08-23T00:00:00.000Z,פרו,5,1,6
2021-08-23T00:00:00.000Z,פרגוואי,1,0,1
2021-08-23T00:00:00.000Z,פנמה,0,6,6
2021-08-23T00:00:00.000Z,פינלנד,21,8,29
2021-08-23T00:00:00.000Z,פיליפינים,1,2,3
2021-08-23T00:00:00.000Z,פורטוגל,87,60,147
2021-08-23T00:00:00.000Z,פולין,87,81,168
2021-08-23T00:00:00.000Z,סרי לנקה (צילון),0,3,3
2021-08-23T00:00:00.000Z,סרביה,98,110,208
2021-08-23T00:00:00.000Z,ספרד,21,34,55
2021-08-23T00:00:00.000Z,סלובניה,0,1,1
2021-08-23T00:00:00.000Z,סינגפור,0,1,1
2021-08-23T00:00:00.000Z,סין,0,1,1
2021-08-23T00:00:00.000Z,ניגריה,1,4,5
2021-08-23T00:00:00.000Z,נורבגיה,1,4,5
2021-08-23T00:00:00.000Z,מרוקו,2,2,4
2021-08-23T00:00:00.000Z,מקסיקו,3,3,6
2021-08-23T00:00:00.000Z,מקדוניה,1,0,1
2021-08-23T00:00:00.000Z,מקאו,3,2,5
2021-08-23T00:00:00.000Z,מצרים,317,292,609
2021-08-23T00:00:00.000Z,מלדיבים,20,15,35
2021-08-23T00:00:00.000Z,מונקו,6,3,9
2021-08-23T00:00:00.000Z,מונטנגרו,62,49,111
2021-08-23T00:00:00.000Z,מולדובה,62,43,105
2021-08-23T00:00:00.000Z,ליטא,7,2,9
2021-08-23T00:00:00.000Z,ליבריה,2,0,2
2021-08-23T00:00:00.000Z,לטביה,0,3,3
2021-08-23T00:00:00.000Z,לוכסמבורג,2,5,7
2021-08-23T00:00:00.000Z,כלל המדינות,5852,8768,14620
2021-08-23T00:00:00.000Z,ירדן,148,325,473
2021-08-23T00:00:00.000Z,יפן,0,2,2
2021-08-23T00:00:00.000Z,יוון,195,268,463
2021-08-23T00:00:00.000Z,טנזניה,65,45,110
2021-08-23T00:00:00.000Z,טיוואן,0,2,2
2021-08-23T00:00:00.000Z,טג'יקיסטאן,11,7,18
2021-08-23T00:00:00.000Z,זמביה,1,0,1
2021-08-23T00:00:00.000Z,זאיר,0,1,1
2021-08-23T00:00:00.000Z,צרפת,290,398,688
2021-08-23T00:00:00.000Z,הממלכה המאוחדת,117,305,422
2021-08-23T00:00:00.000Z,הונגריה,208,111,319
2021-08-23T00:00:00.000Z,הונג קונג,0,1,1
2021-08-23T00:00:00.000Z,הולנד,61,60,121
2021-08-23T00:00:00.000Z,הודו,30,127,157
2021-08-23T00:00:00.000Z,דרום סודאן,0,2,2
2021-08-23T00:00:00.000Z,דרום אפריקה,3,8,11
2021-08-23T00:00:00.000Z,דנמרק,13,16,29
2021-08-23T00:00:00.000Z,גרמניה,223,302,525
2021-08-23T00:00:00.000Z,גווטאמלה,0,3,3
2021-08-23T00:00:00.000Z,גאנה,0,1,1
2021-08-23T00:00:00.000Z,גאורגיה,0,1,1
2021-08-23T00:00:00.000Z,ברזיל,3,42,45
2021-08-23T00:00:00.000Z,בלגיה,73,133,206
2021-08-23T00:00:00.000Z,בוסניה הרצגובינה,39,37,76
2021-08-23T00:00:00.000Z,בולגריה,67,93,160
2021-08-23T00:00:00.000Z,אוגנדה,5,2,7
2021-08-23T00:00:00.000Z,אוזבקיסטן,0,5,5
2021-08-23T00:00:00.000Z,אוסטריה,553,482,1035
2021-08-23T00:00:00.000Z,אוסטרליה,7,7,14
2021-08-23T00:00:00.000Z,אוקראינה,246,294,540
2021-08-23T00:00:00.000Z,אורגוואי,5,10,15
2021-08-23T00:00:00.000Z,אזרביג'אן,3,2,5
2021-08-23T00:00:00.000Z,איטליה,209,231,440
2021-08-23T00:00:00.000Z,איי גילברט ואליס,2,0,2
2021-08-23T00:00:00.000Z,איי סיישל,32,33,65
2021-08-23T00:00:00.000Z,איסלנד,54,40,94
2021-08-23T00:00:00.000Z,אירלנד,2,3,5
2021-08-23T00:00:00.000Z,אלבניה,3,6,9
2021-08-23T00:00:00.000Z,אסטוניה,3,7,10
2021-08-23T00:00:00.000Z,אקואדור,4,3,7
2021-08-23T00:00:00.000Z,ארגנטינה,9,8,17
2021-08-23T00:00:00.000Z,ארמניה,1,0,1
2021-08-23T00:00:00.000Z,ארצות הברית,897,2662,3559
2021-08-23T00:00:00.000Z,אתיופיה,23,19,42
2021-08-23T00:00:00.000Z,בוטסואנה,1,1,2
2021-08-24T00:00:00.000Z,תורכיה,42,50,92
2021-08-24T00:00:00.000Z,קוסובו,1,0,1
2021-08-24T00:00:00.000Z,תאילנד,68,104,172
2021-08-24T00:00:00.000Z,שוויץ,84,114,198
2021-08-24T00:00:00.000Z,שוודיה,16,18,34
2021-08-24T00:00:00.000Z,רוסיה,54,90,144
2021-08-24T00:00:00.000Z,רומניה,92,74,166
2021-08-24T00:00:00.000Z,רואנדה,0,1,1
2021-08-24T00:00:00.000Z,קרואטיה,13,6,19
2021-08-24T00:00:00.000Z,קפריסין,47,60,107
2021-08-24T00:00:00.000Z,קניה,22,15,37
2021-08-24T00:00:00.000Z,קנדה,43,120,163
2021-08-24T00:00:00.000Z,קמרון,4,0,4
2021-08-24T00:00:00.000Z,קירג'זסטאן,1,0,1
2021-08-24T00:00:00.000Z,קזחסטאן,4,24,28
2021-08-24T00:00:00.000Z,קוסטה ריקה,3,7,10
2021-08-24T00:00:00.000Z,קולומביה,3,0,3
2021-08-24T00:00:00.000Z,צרפת,261,336,597
2021-08-24T00:00:00.000Z,צכיה,339,257,596
2021-08-24T00:00:00.000Z,פרו,2,2,4
2021-08-24T00:00:00.000Z,פרגוואי,0,4,4
2021-08-24T00:00:00.000Z,פנמה,7,1,8
2021-08-24T00:00:00.000Z,פינלנד,12,6,18
2021-08-24T00:00:00.000Z,פיליפינים,0,4,4
2021-08-24T00:00:00.000Z,פורטוגל,13,12,25
2021-08-24T00:00:00.000Z,פולין,88,74,162
2021-08-24T00:00:00.000Z,סרי לנקה (צילון),0,2,2
2021-08-24T00:00:00.000Z,סרביה,1,1,2
2021-08-24T00:00:00.000Z,ספרד,4,2,6
2021-08-24T00:00:00.000Z,סלובניה,2,3,5
2021-08-24T00:00:00.000Z,סינגפור,1,1,2
2021-08-24T00:00:00.000Z,סין,1,4,5
2021-08-24T00:00:00.000Z,סיירה ליאונה,0,1,1
2021-08-24T00:00:00.000Z,סוריה,1,2,3
2021-08-24T00:00:00.000Z,נמיביה,0,1,1
2021-08-24T00:00:00.000Z,ניגריה,1,0,1
2021-08-24T00:00:00.000Z,נורבגיה,3,8,11
2021-08-24T00:00:00.000Z,מרטיניק,0,1,1
2021-08-24T00:00:00.000Z,מרוקו,7,5,12
2021-08-24T00:00:00.000Z,מקסיקו,2,4,6
2021-08-24T00:00:00.000Z,מצרים,244,266,510
2021-08-24T00:00:00.000Z,מלדיבים,15,16,31
2021-08-24T00:00:00.000Z,מונטנגרו,4,4,8
2021-08-24T00:00:00.000Z,מולדובה,61,70,131
2021-08-24T00:00:00.000Z,מאלי,2,0,2
2021-08-24T00:00:00.000Z,ליטא,11,0,11
2021-08-24T00:00:00.000Z,לטביה,16,45,61
2021-08-24T00:00:00.000Z,כלל המדינות,4442,6727,11169
2021-08-24T00:00:00.000Z,ירדן,92,76,168
2021-08-24T00:00:00.000Z,יפן,1,1,2
2021-08-24T00:00:00.000Z,יוון,306,309,615
2021-08-24T00:00:00.000Z,טנזניה,12,9,21
2021-08-24T00:00:00.000Z,טוגו,2,1,3
2021-08-24T00:00:00.000Z,חוף השנהב,3,1,4
2021-08-24T00:00:00.000Z,זמביה,1,0,1
2021-08-24T00:00:00.000Z,הממלכה המאוחדת,83,150,233
2021-08-24T00:00:00.000Z,הונגריה,254,239,493
2021-08-24T00:00:00.000Z,הונג קונג,5,17,22
2021-08-24T00:00:00.000Z,הולנד,95,81,176
2021-08-24T00:00:00.000Z,הודו,3,1,4
2021-08-24T00:00:00.000Z,דרום אפריקה,7,12,19
2021-08-24T00:00:00.000Z,דנמרק,22,31,53
2021-08-24T00:00:00.000Z,גרמניה,162,198,360
2021-08-24T00:00:00.000Z,גיבוטי,1,0,1
2021-08-24T00:00:00.000Z,גאנה,2,3,5
2021-08-24T00:00:00.000Z,גאורגיה,0,1,1
2021-08-24T00:00:00.000Z,ברזיל,0,12,12
2021-08-24T00:00:00.000Z,בלגיה,3,3,6
2021-08-24T00:00:00.000Z,בוסניה הרצגובינה,6,8,14
2021-08-24T00:00:00.000Z,בולגריה,25,38,63
2021-08-24T00:00:00.000Z,אתיופיה,17,17,34
2021-08-24T00:00:00.000Z,ארצות הברית,691,2093,2784
2021-08-24T00:00:00.000Z,ארמניה,7,3,10
2021-08-24T00:00:00.000Z,ארגנטינה,0,3,3
2021-08-24T00:00:00.000Z,אקואדור,0,1,1
2021-08-24T00:00:00.000Z,אסטוניה,1,7,8
2021-08-24T00:00:00.000Z,אנגולה,1,2,3
2021-08-24T00:00:00.000Z,אלגיריה,1,0,1
2021-08-24T00:00:00.000Z,אלבניה,1,0,1
2021-08-24T00:00:00.000Z,אירלנד,1,3,4
2021-08-24T00:00:00.000Z,איסלנד,34,32,66
2021-08-24T00:00:00.000Z,איי גילברט ואליס,0,1,1
2021-08-24T00:00:00.000Z,איטליה,72,110,182
2021-08-24T00:00:00.000Z,אורגוואי,3,5,8
2021-08-24T00:00:00.000Z,אוקראינה,150,203,353
2021-08-24T00:00:00.000Z,אוסטרליה,3,4,7
2021-08-24T00:00:00.000Z,אוסטריה,371,353,724
2021-08-24T00:00:00.000Z,אוזבקיסטן,5,116,121
2021-08-24T00:00:00.000Z,תוניסיה,7,2,9
2021-08-24T00:00:00.000Z,איחוד האמירויות הערב,29,20,49
2021-08-25T00:00:00.000Z,מלדיבים,21,14,35
2021-08-25T00:00:00.000Z,שוויץ,139,176,315
2021-08-25T00:00:00.000Z,רומניה,97,110,207
2021-08-25T00:00:00.000Z,רואנדה,2,0,2
2021-08-25T00:00:00.000Z,קרואטיה,16,16,32
2021-08-25T00:00:00.000Z,קפריסין,21,20,41
2021-08-25T00:00:00.000Z,קניה,0,1,1
2021-08-25T00:00:00.000Z,קנדה,35,132,167
2021-08-25T00:00:00.000Z,קמרון,0,1,1
2021-08-25T00:00:00.000Z,קירג'זסטאן,1,0,1
2021-08-25T00:00:00.000Z,קזחסטאן,0,1,1
2021-08-25T00:00:00.000Z,קוריאה הדרומית,5,1,6
2021-08-25T00:00:00.000Z,קוסטה ריקה,1,1,2
2021-08-25T00:00:00.000Z,צרפת,328,500,828
2021-08-25T00:00:00.000Z,צכיה,284,198,482
2021-08-25T00:00:00.000Z,פרו,2,4,6
2021-08-25T00:00:00.000Z,פרגוואי,5,8,13
2021-08-25T00:00:00.000Z,פנמה,1,0,1
2021-08-25T00:00:00.000Z,פינלנד,45,62,107
2021-08-25T00:00:00.000Z,פיליפינים,0,32,32
2021-08-25T00:00:00.000Z,פורטוגל,24,29,53
2021-08-25T00:00:00.000Z,פולין,36,26,62
2021-08-25T00:00:00.000Z,עירק,0,2,2
2021-08-25T00:00:00.000Z,סרי לנקה (צילון),4,16,20
2021-08-25T00:00:00.000Z,סרביה,50,40,90
2021-08-25T00:00:00.000Z,ספרד,5,3,8
2021-08-25T00:00:00.000Z,סנגל,1,1,2
2021-08-25T00:00:00.000Z,סלובניה,78,52,130
2021-08-25T00:00:00.000Z,סינגפור,0,2,2
2021-08-25T00:00:00.000Z,ארמניה,1,0,1
2021-08-25T00:00:00.000Z,איחוד האמירויות הערב,38,34,72
2021-08-25T00:00:00.000Z,תאילנד,1,2,3
2021-08-25T00:00:00.000Z,סין,0,2,2
2021-08-25T00:00:00.000Z,סורינם,1,0,1
2021-08-25T00:00:00.000Z,סוריה,2,2,4
2021-08-25T00:00:00.000Z,אקואדור,2,0,2
2021-08-25T00:00:00.000Z,אסטוניה,6,1,7
2021-08-25T00:00:00.000Z,אנגולה,0,3,3
2021-08-25T00:00:00.000Z,אלבניה,1,2,3
2021-08-25T00:00:00.000Z,אירלנד,5,3,8
2021-08-25T00:00:00.000Z,סומליה,0,2,2
2021-08-25T00:00:00.000Z,ניגריה,1,5,6
2021-08-25T00:00:00.000Z,ניגר,1,4,5
2021-08-25T00:00:00.000Z,נורבגיה,1,8,9
2021-08-25T00:00:00.000Z,מרוקו,1,0,1
2021-08-25T00:00:00.000Z,מקסיקו,1,2,3
2021-08-25T00:00:00.000Z,מקדוניה,0,7,7
2021-08-25T00:00:00.000Z,מצרים,192,191,383
2021-08-25T00:00:00.000Z,מלטה,1,0,1
2021-08-25T00:00:00.000Z,רוסיה,34,95,129
2021-08-25T00:00:00.000Z,מלאווי,1,2,3
2021-08-25T00:00:00.000Z,מונקו,0,2,2
2021-08-25T00:00:00.000Z,מונטנגרו,90,48,138
2021-08-25T00:00:00.000Z,מולדובה,8,10,18
2021-08-25T00:00:00.000Z,מוזמביק,1,1,2
2021-08-25T00:00:00.000Z,ליטא,1,3,4
2021-08-25T00:00:00.000Z,לוכסמבורג,1,1,2
2021-08-25T00:00:00.000Z,כלל המדינות,4949,7066,12015
2021-08-25T00:00:00.000Z,ירדן,102,109,211
2021-08-25T00:00:00.000Z,יפן,0,2,2
2021-08-25T00:00:00.000Z,יוון,115,123,238
2021-08-25T00:00:00.000Z,טנזניה,96,50,146
2021-08-25T00:00:00.000Z,טיוואן,1,0,1
2021-08-25T00:00:00.000Z,זמביה,0,2,2
2021-08-25T00:00:00.000Z,זימבאבווה,0,4,4
2021-08-25T00:00:00.000Z,ונצואלה,0,20,20
2021-08-25T00:00:00.000Z,הממלכה המאוחדת,36,132,168
2021-08-25T00:00:00.000Z,הונגריה,144,152,296
2021-08-25T00:00:00.000Z,הונג קונג,1,0,1
2021-08-25T00:00:00.000Z,הולנד,113,100,213
2021-08-25T00:00:00.000Z,הודו,1,2,3
2021-08-25T00:00:00.000Z,איסלנד,10,0,10
2021-08-25T00:00:00.000Z,איי שלמה הבריטיים,1,1,2
2021-08-25T00:00:00.000Z,איי סיישל,1,1,2
2021-08-25T00:00:00.000Z,איי הבתולה,2,0,2
2021-08-25T00:00:00.000Z,איטליה,209,218,427
2021-08-25T00:00:00.000Z,אזרביג'אן,1,56,57
2021-08-25T00:00:00.000Z,אוקראינה,327,440,767
2021-08-25T00:00:00.000Z,אוסטרליה,5,21,26
2021-08-25T00:00:00.000Z,אוסטריה,526,443,969
2021-08-25T00:00:00.000Z,אוזבקיסטן,5,13,18
2021-08-25T00:00:00.000Z,אוגנדה,9,8,17
2021-08-25T00:00:00.000Z,תורכיה,18,34,52
2021-08-25T00:00:00.000Z,האנטילים ההולנדים,0,1,1
2021-08-25T00:00:00.000Z,דרום אפריקה,7,50,57
2021-08-25T00:00:00.000Z,דנמרק,5,10,15
2021-08-25T00:00:00.000Z,דומיניקה,1,0,1
2021-08-25T00:00:00.000Z,גרמניה,185,206,391
2021-08-25T00:00:00.000Z,שוודיה,3,2,5
2021-08-25T00:00:00.000Z,גאנה,2,11,13
2021-08-25T00:00:00.000Z,גאורגיה,0,1,1
2021-08-25T00:00:00.000Z,ברזיל,1,1,2
2021-08-25T00:00:00.000Z,בלגיה,29,49,78
2021-08-25T00:00:00.000Z,בילורוסיה,30,69,99
2021-08-25T00:00:00.000Z,בוסניה הרצגובינה,22,11,33
2021-08-25T00:00:00.000Z,בולגריה,45,73,118
2021-08-25T00:00:00.000Z,בוטסואנה,0,1,1
2021-08-25T00:00:00.000Z,אתיופיה,26,35,61
2021-08-25T00:00:00.000Z,ארצות הברית,850,1981,2831
2021-08-26T00:00:00.000Z,קזחסטאן,1,0,1
2021-08-26T00:00:00.000Z,קוריאה הדרומית,0,3,3
2021-08-26T00:00:00.000Z,קוסטה ריקה,3,1,4
2021-08-26T00:00:00.000Z,קולומביה,6,10,16
2021-08-26T00:00:00.000Z,איחוד האמירויות הערב,32,31,63
2021-08-26T00:00:00.000Z,תורכיה,45,51,96
2021-08-26T00:00:00.000Z,תאילנד,55,204,259
2021-08-26T00:00:00.000Z,שוויץ,78,92,170
2021-08-26T00:00:00.000Z,שוודיה,13,8,21
2021-08-26T00:00:00.000Z,צרפת,213,309,522
2021-08-26T00:00:00.000Z,צכיה,356,217,573
2021-08-26T00:00:00.000Z,פרו,4,4,8
2021-08-26T00:00:00.000Z,פרגוואי,1,1,2
2021-08-26T00:00:00.000Z,פנמה,3,3,6
2021-08-26T00:00:00.000Z,פינלנד,3,7,10
2021-08-26T00:00:00.000Z,פיליפינים,1,15,16
2021-08-26T00:00:00.000Z,פורטוגל,80,70,150
2021-08-26T00:00:00.000Z,פולין,33,23,56
2021-08-26T00:00:00.000Z,עירק,0,1,1
2021-08-26T00:00:00.000Z,סרביה,5,0,5
2021-08-26T00:00:00.000Z,ספרד,16,25,41
2021-08-26T00:00:00.000Z,סנגל,2,0,2
2021-08-26T00:00:00.000Z,סין,1,0,1
2021-08-26T00:00:00.000Z,סוריה,1,2,3
2021-08-26T00:00:00.000Z,ניו זילנד,1,0,1
2021-08-26T00:00:00.000Z,ניגריה,1,2,3
2021-08-26T00:00:00.000Z,נורבגיה,2,6,8
2021-08-26T00:00:00.000Z,מרוקו,82,60,142
2021-08-26T00:00:00.000Z,מקסיקו,1,7,8
2021-08-26T00:00:00.000Z,מקדוניה,1,0,1
2021-08-26T00:00:00.000Z,מצרים,196,190,386
2021-08-26T00:00:00.000Z,מלדיבים,9,12,21
2021-08-26T00:00:00.000Z,מונקו,2,0,2
2021-08-26T00:00:00.000Z,מונטנגרו,82,27,109
2021-08-26T00:00:00.000Z,מולדובה,128,151,279
2021-08-26T00:00:00.000Z,מוזמביק,1,0,1
2021-08-26T00:00:00.000Z,מאלי,3,1,4
2021-08-26T00:00:00.000Z,ליטא,65,62,127
2021-08-26T00:00:00.000Z,אוגנדה,2,0,2
2021-08-26T00:00:00.000Z,אוזבקיסטן,1,74,75
2021-08-26T00:00:00.000Z,אוסטריה,543,386,929
2021-08-26T00:00:00.000Z,אוסטרליה,0,10,10
2021-08-26T00:00:00.000Z,אוקראינה,315,351,666
2021-08-26T00:00:00.000Z,רוסיה,37,74,111
2021-08-26T00:00:00.000Z,אזרביג'אן,71,57,128
2021-08-26T00:00:00.000Z,איטליה,134,138,272
2021-08-26T00:00:00.000Z,איי נורפולק,1,1,2
2021-08-26T00:00:00.000Z,איי סיישל,6,4,10
2021-08-26T00:00:00.000Z,איסלנד,85,33,118
2021-08-26T00:00:00.000Z,אירלנד,1,4,5
2021-08-26T00:00:00.000Z,אלבניה,0,1,1
2021-08-26T00:00:00.000Z,אנגולה,3,2,5
2021-08-26T00:00:00.000Z,ארגנטינה,8,34,42
2021-08-26T00:00:00.000Z,ארמניה,35,28,63
2021-08-26T00:00:00.000Z,ארצות הברית,879,1662,2541
2021-08-26T00:00:00.000Z,אתיופיה,17,9,26
2021-08-26T00:00:00.000Z,בולגריה,11,19,30
2021-08-26T00:00:00.000Z,בוסניה הרצגובינה,22,6,28
2021-08-26T00:00:00.000Z,בורקינה פאסו,0,1,1
2021-08-26T00:00:00.000Z,בילורוסיה,1,0,1
2021-08-26T00:00:00.000Z,בלגיה,24,50,74
2021-08-26T00:00:00.000Z,ברזיל,5,3,8
2021-08-26T00:00:00.000Z,גאורגיה,69,100,169
2021-08-26T00:00:00.000Z,רומניה,104,82,186
2021-08-26T00:00:00.000Z,רואנדה,2,4,6
2021-08-26T00:00:00.000Z,קרואטיה,9,7,16
2021-08-26T00:00:00.000Z,קפריסין,36,60,96
2021-08-26T00:00:00.000Z,קניה,1,4,5
2021-08-26T00:00:00.000Z,קנדה,25,101,126
2021-08-26T00:00:00.000Z,קמרון,2,2,4
2021-08-26T00:00:00.000Z,קירג'זסטאן,1,5,6
2021-08-26T00:00:00.000Z,אורגוואי,7,5,12
2021-08-26T00:00:00.000Z,קטר,6,1,7
2021-08-26T00:00:00.000Z,ליבריה,0,1,1
2021-08-26T00:00:00.000Z,לבנון,0,1,1
2021-08-26T00:00:00.000Z,כלל המדינות,5741,7134,12875
2021-08-26T00:00:00.000Z,ירדן,215,209,424
2021-08-26T00:00:00.000Z,יפן,3,3,6
2021-08-26T00:00:00.000Z,יוון,322,367,689
2021-08-26T00:00:00.000Z,טנזניה,13,9,22
2021-08-26T00:00:00.000Z,טיוואן,0,2,2
2021-08-26T00:00:00.000Z,טג'יקיסטאן,2,0,2
2021-08-26T00:00:00.000Z,חוף השנהב,3,1,4
2021-08-26T00:00:00.000Z,זמביה,3,1,4
2021-08-26T00:00:00.000Z,זאיר,1,2,3
2021-08-26T00:00:00.000Z,הרפ הדומיניקנית,0,1,1
2021-08-26T00:00:00.000Z,הממלכה המאוחדת,127,232,359
2021-08-26T00:00:00.000Z,הונגריה,307,247,554
2021-08-26T00:00:00.000Z,הולנד,125,128,253
2021-08-26T00:00:00.000Z,הודו,0,2,2
2021-08-26T00:00:00.000Z,גאנה,3,1,4
2021-08-26T00:00:00.000Z,גבון,1,0,1
2021-08-26T00:00:00.000Z,גווטאמלה,3,1,4
2021-08-26T00:00:00.000Z,גרמניה,130,179,309
2021-08-26T00:00:00.000Z,דנמרק,57,66,123
2021-08-26T00:00:00.000Z,דרום אפריקה,11,15,26
2021-08-26T00:00:00.000Z,דרום סודאן,1,0,1
2021-08-27T00:00:00.000Z,סלובניה,2,0,2
2021-08-27T00:00:00.000Z,אלבניה,0,2,2
2021-08-27T00:00:00.000Z,אקואדור,0,2,2
2021-08-27T00:00:00.000Z,ארגנטינה,7,8,15
2021-08-27T00:00:00.000Z,ארמניה,0,5,5
2021-08-27T00:00:00.000Z,ארצות הברית,758,1419,2177
2021-08-27T00:00:00.000Z,אתיופיה,0,1,1
2021-08-27T00:00:00.000Z,בולגריה,16,58,74
2021-08-27T00:00:00.000Z,בוסניה הרצגובינה,9,9,18
2021-08-27T00:00:00.000Z,בילורוסיה,32,42,74
2021-08-27T00:00:00.000Z,בלגיה,4,9,13
2021-08-27T00:00:00.000Z,ברזיל,0,3,3
2021-08-27T00:00:00.000Z,גווטאמלה,3,2,5
2021-08-27T00:00:00.000Z,גיברלטר,0,1,1
2021-08-27T00:00:00.000Z,גרמניה,233,247,480
2021-08-27T00:00:00.000Z,דנמרק,15,10,25
2021-08-27T00:00:00.000Z,הודו,1,4,5
2021-08-27T00:00:00.000Z,תורכמניסטאן,1,0,1
2021-08-27T00:00:00.000Z,תורכיה,34,51,85
2021-08-27T00:00:00.000Z,שוויץ,217,213,430
2021-08-27T00:00:00.000Z,שוודיה,7,3,10
2021-08-27T00:00:00.000Z,רוסיה,63,128,191
2021-08-27T00:00:00.000Z,רומניה,135,126,261
2021-08-27T00:00:00.000Z,קרואטיה,11,11,22
2021-08-27T00:00:00.000Z,קפריסין,73,41,114
2021-08-27T00:00:00.000Z,קנדה,51,87,138
2021-08-27T00:00:00.000Z,קירג'זסטאן,1,0,1
2021-08-27T00:00:00.000Z,קטר,3,1,4
2021-08-27T00:00:00.000Z,קזחסטאן,5,6,11
2021-08-27T00:00:00.000Z,קוריאה הדרומית,0,5,5
2021-08-27T00:00:00.000Z,קוסטה ריקה,12,15,27
2021-08-27T00:00:00.000Z,קולומביה,2,3,5
2021-08-27T00:00:00.000Z,צרפת,122,111,233
2021-08-27T00:00:00.000Z,צכיה,395,292,687
2021-08-27T00:00:00.000Z,פרו,1,1,2
2021-08-27T00:00:00.000Z,פנמה,6,2,8
2021-08-27T00:00:00.000Z,פינלנד,49,38,87
2021-08-27T00:00:00.000Z,פיליפינים,0,5,5
2021-08-27T00:00:00.000Z,פורטוגל,22,8,30
2021-08-27T00:00:00.000Z,פולין,61,62,123
2021-08-27T00:00:00.000Z,עירק,0,18,18
2021-08-27T00:00:00.000Z,סרי לנקה (צילון),0,3,3
2021-08-27T00:00:00.000Z,סרביה,25,30,55
2021-08-27T00:00:00.000Z,ספרד,14,22,36
2021-08-27T00:00:00.000Z,אסטוניה,7,9,16
2021-08-27T00:00:00.000Z,סינגפור,1,11,12
2021-08-27T00:00:00.000Z,סין,13,187,200
2021-08-27T00:00:00.000Z,נפאל,1,0,1
2021-08-27T00:00:00.000Z,ניו זילנד,0,1,1
2021-08-27T00:00:00.000Z,ניגריה,2,0,2
2021-08-27T00:00:00.000Z,נורבגיה,0,2,2
2021-08-27T00:00:00.000Z,מקסיקו,0,1,1
2021-08-27T00:00:00.000Z,מצרים,234,206,440
2021-08-27T00:00:00.000Z,מלטה,1,0,1
2021-08-27T00:00:00.000Z,מלדיבים,13,5,18
2021-08-27T00:00:00.000Z,מונקו,2,0,2
2021-08-27T00:00:00.000Z,מונטנגרו,52,32,84
2021-08-27T00:00:00.000Z,מולדובה,49,47,96
2021-08-27T00:00:00.000Z,מאלי,1,2,3
2021-08-27T00:00:00.000Z,מאוריציוס,1,0,1
2021-08-27T00:00:00.000Z,ליטא,8,14,22
2021-08-27T00:00:00.000Z,לטביה,3,7,10
2021-08-27T00:00:00.000Z,לוכסמבורג,3,2,5
2021-08-27T00:00:00.000Z,כלל המדינות,4903,5652,10555
2021-08-27T00:00:00.000Z,ירדן,3,2,5
2021-08-27T00:00:00.000Z,יפן,0,2,2
2021-08-27T00:00:00.000Z,יוון,162,145,307
2021-08-27T00:00:00.000Z,טיוואן,0,4,4
2021-08-27T00:00:00.000Z,חוף השנהב,1,1,2
2021-08-27T00:00:00.000Z,ויטנאם,2,0,2
2021-08-27T00:00:00.000Z,הרפ הדומיניקנית,3,5,8
2021-08-27T00:00:00.000Z,הממלכה המאוחדת,59,94,153
2021-08-27T00:00:00.000Z,הונגריה,286,203,489
2021-08-27T00:00:00.000Z,הונג קונג,0,2,2
2021-08-27T00:00:00.000Z,הולנד,67,50,117
2021-08-27T00:00:00.000Z,אזרביג'אן,4,2,6
2021-08-27T00:00:00.000Z,אוקראינה,278,290,568
2021-08-27T00:00:00.000Z,אוסטרליה,2,2,4
2021-08-27T00:00:00.000Z,אוסטריה,629,451,1080
2021-08-27T00:00:00.000Z,אוזבקיסטן,2,3,5
2021-08-27T00:00:00.000Z,איחוד האמירויות הערב,39,18,57
2021-08-27T00:00:00.000Z,אל סלבדור,0,4,4
2021-08-27T00:00:00.000Z,אירלנד,0,7,7
2021-08-27T00:00:00.000Z,איסלנד,21,11,32
2021-08-27T00:00:00.000Z,אינדונזיה,0,1,1
2021-08-27T00:00:00.000Z,איי טורקס וקייקוס,3,2,5
2021-08-27T00:00:00.000Z,איטליה,180,140,320
2021-08-27T00:00:00.000Z,מרוקו,4,3,7
2021-08-28T00:00:00.000Z,גאורגיה,1,0,1
2021-08-28T00:00:00.000Z,גאנה,5,1,6
2021-08-28T00:00:00.000Z,גבון,1,0,1
2021-08-28T00:00:00.000Z,גווטאמלה,2,1,3
2021-08-28T00:00:00.000Z,גינאה,0,1,1
2021-08-28T00:00:00.000Z,גמייקה,1,0,1
2021-08-28T00:00:00.000Z,גרמניה,73,90,163
2021-08-28T00:00:00.000Z,דנמרק,16,18,34
2021-08-28T00:00:00.000Z,דרום אפריקה,6,16,22
2021-08-28T00:00:00.000Z,דרום סודאן,0,1,1
2021-08-28T00:00:00.000Z,הודו,7,1,8
2021-08-28T00:00:00.000Z,הולנד,56,50,106
2021-08-28T00:00:00.000Z,הונגריה,251,159,410
2021-08-28T00:00:00.000Z,הממלכה המאוחדת,16,26,42
2021-08-28T00:00:00.000Z,זאיר,0,1,1
2021-08-28T00:00:00.000Z,זמביה,0,2,2
2021-08-28T00:00:00.000Z,חוף השנהב,2,1,3
2021-08-28T00:00:00.000Z,טוגו,0,3,3
2021-08-28T00:00:00.000Z,טיוואן,0,4,4
2021-08-28T00:00:00.000Z,טנזניה,9,2,11
2021-08-28T00:00:00.000Z,יוון,158,132,290
2021-08-28T00:00:00.000Z,יפן,1,0,1
2021-08-28T00:00:00.000Z,ירדן,1,1,2
2021-08-28T00:00:00.000Z,כלל המדינות,2713,3017,5730
2021-08-28T00:00:00.000Z,לוכסמבורג,0,1,1
2021-08-28T00:00:00.000Z,לטביה,37,40,77
2021-08-28T00:00:00.000Z,ליטא,5,11,16
2021-08-28T00:00:00.000Z,לסוטו,1,0,1
2021-08-28T00:00:00.000Z,מאלי,1,1,2
2021-08-28T00:00:00.000Z,מוזמביק,2,1,3
2021-08-28T00:00:00.000Z,מולדובה,1,0,1
2021-08-28T00:00:00.000Z,מונטנגרו,2,1,3
2021-08-28T00:00:00.000Z,מלאווי,0,1,1
2021-08-28T00:00:00.000Z,מלדיבים,6,9,15
2021-08-28T00:00:00.000Z,מצרים,168,149,317
2021-08-28T00:00:00.000Z,מקאו,0,1,1
2021-08-28T00:00:00.000Z,מקדוניה,0,1,1
2021-08-28T00:00:00.000Z,מקסיקו,0,1,1
2021-08-28T00:00:00.000Z,מרוקו,4,4,8
2021-08-28T00:00:00.000Z,רוסיה,3,7,10
2021-08-28T00:00:00.000Z,רומניה,117,122,239
2021-08-28T00:00:00.000Z,רואנדה,2,1,3
2021-08-28T00:00:00.000Z,קרואטיה,17,10,27
2021-08-28T00:00:00.000Z,קפריסין,19,17,36
2021-08-28T00:00:00.000Z,קניה,8,4,12
2021-08-28T00:00:00.000Z,קנדה,29,52,81
2021-08-28T00:00:00.000Z,קמרון,1,1,2
2021-08-28T00:00:00.000Z,קירג'זסטאן,1,0,1
2021-08-28T00:00:00.000Z,קוריאה הדרומית,3,3,6
2021-08-28T00:00:00.000Z,קוסטה ריקה,5,5,10
2021-08-28T00:00:00.000Z,קולומביה,3,5,8
2021-08-28T00:00:00.000Z,צרפת,97,100,197
2021-08-28T00:00:00.000Z,צכיה,213,105,318
2021-08-28T00:00:00.000Z,פרו,5,0,5
2021-08-28T00:00:00.000Z,פרגוואי,3,4,7
2021-08-28T00:00:00.000Z,פנמה,3,4,7
2021-08-28T00:00:00.000Z,פינלנד,5,1,6
2021-08-28T00:00:00.000Z,פיליפינים,0,5,5
2021-08-28T00:00:00.000Z,איחוד האמירויות הערב,31,23,54
2021-08-28T00:00:00.000Z,פורטוגל,17,12,29
2021-08-28T00:00:00.000Z,פולין,50,47,97
2021-08-28T00:00:00.000Z,עירק,0,1,1
2021-08-28T00:00:00.000Z,סרי לנקה (צילון),0,9,9
2021-08-28T00:00:00.000Z,סרביה,3,0,3
2021-08-28T00:00:00.000Z,ספרד,3,10,13
2021-08-28T00:00:00.000Z,סלובניה,5,8,13
2021-08-28T00:00:00.000Z,סינגפור,0,2,2
2021-08-28T00:00:00.000Z,סין,0,1,1
2021-08-28T00:00:00.000Z,ניו זילנד,0,2,2
2021-08-28T00:00:00.000Z,ניגריה,4,11,15
2021-08-28T00:00:00.000Z,נורבגיה,0,2,2
2021-08-28T00:00:00.000Z,תורכיה,19,31,50
2021-08-28T00:00:00.000Z,תאילנד,2,1,3
2021-08-28T00:00:00.000Z,שוויץ,88,67,155
2021-08-28T00:00:00.000Z,שוודיה,7,4,11
2021-08-28T00:00:00.000Z,אבחזיסטאן,0,1,1
2021-08-28T00:00:00.000Z,אוגנדה,2,4,6
2021-08-28T00:00:00.000Z,אוזבקיסטן,1,1,2
2021-08-28T00:00:00.000Z,אוסטריה,364,299,663
2021-08-28T00:00:00.000Z,אוסטרליה,2,6,8
2021-08-28T00:00:00.000Z,אוקראינה,124,133,257
2021-08-28T00:00:00.000Z,אורגוואי,1,3,4
2021-08-28T00:00:00.000Z,אזרביג'אן,1,1,2
2021-08-28T00:00:00.000Z,איטליה,59,57,116
2021-08-28T00:00:00.000Z,איי סיישל,1,2,3
2021-08-28T00:00:00.000Z,איסלנד,23,20,43
2021-08-28T00:00:00.000Z,אירלנד,3,2,5
2021-08-28T00:00:00.000Z,אלבניה,5,0,5
2021-08-28T00:00:00.000Z,אנגולה,0,1,1
2021-08-28T00:00:00.000Z,אסטוניה,2,0,2
2021-08-28T00:00:00.000Z,ארגנטינה,0,1,1
2021-08-28T00:00:00.000Z,ארצות הברית,347,626,973
2021-08-28T00:00:00.000Z,אתיופיה,25,25,50
2021-08-28T00:00:00.000Z,בולגריה,14,36,50
2021-08-28T00:00:00.000Z,בוסניה הרצגובינה,3,7,10
2021-08-28T00:00:00.000Z,בחריין,0,1,1
2021-08-28T00:00:00.000Z,בילורוסיה,1,0,1
2021-08-28T00:00:00.000Z,בלגיה,0,2,2
2021-08-28T00:00:00.000Z,ברזיל,0,3,3
2021-08-29T00:00:00.000Z,הונדורס,1,1,2
2021-08-29T00:00:00.000Z,מצרים,212,171,383
2021-08-29T00:00:00.000Z,מקדוניה,0,1,1
2021-08-29T00:00:00.000Z,מקסיקו,2,1,3
2021-08-29T00:00:00.000Z,מרוקו,5,7,12
2021-08-29T00:00:00.000Z,נורבגיה,2,4,6
2021-08-29T00:00:00.000Z,ניגריה,3,3,6
2021-08-29T00:00:00.000Z,סין,1,0,1
2021-08-29T00:00:00.000Z,סינגפור,2,5,7
2021-08-29T00:00:00.000Z,סלובניה,1,0,1
2021-08-29T00:00:00.000Z,סלובקיה,0,1,1
2021-08-29T00:00:00.000Z,סנגל,0,1,1
2021-08-29T00:00:00.000Z,ספרד,8,4,12
2021-08-29T00:00:00.000Z,סרביה,0,2,2
2021-08-29T00:00:00.000Z,אסטוניה,9,1,10
2021-08-29T00:00:00.000Z,אנדורה,0,1,1
2021-08-29T00:00:00.000Z,אירלנד,5,5,10
2021-08-29T00:00:00.000Z,איסלנד,22,18,40
2021-08-29T00:00:00.000Z,איטליה,207,188,395
2021-08-29T00:00:00.000Z,אזרביג'אן,93,66,159
2021-08-29T00:00:00.000Z,אוקראינה,327,441,768
2021-08-29T00:00:00.000Z,אוסטרליה,3,25,28
2021-08-29T00:00:00.000Z,אוסטריה,506,355,861
2021-08-29T00:00:00.000Z,אוזבקיסטן,3,2,5
2021-08-29T00:00:00.000Z,מלדיבים,14,7,21
2021-08-29T00:00:00.000Z,איחוד האמירויות הערב,25,40,65
2021-08-29T00:00:00.000Z,תורכמניסטאן,2,0,2
2021-08-29T00:00:00.000Z,תורכיה,19,38,57
2021-08-29T00:00:00.000Z,תאילנד,5,4,9
2021-08-29T00:00:00.000Z,שוויץ,107,130,237
2021-08-29T00:00:00.000Z,מונקו,0,2,2
2021-08-29T00:00:00.000Z,מונטנגרו,2,0,2
2021-08-29T00:00:00.000Z,מונגוליה,0,1,1
2021-08-29T00:00:00.000Z,מולדובה,115,171,286
2021-08-29T00:00:00.000Z,מאלי,1,1,2
2021-08-29T00:00:00.000Z,ליטא,58,24,82
2021-08-29T00:00:00.000Z,לטביה,1,1,2
2021-08-29T00:00:00.000Z,לוכסמבורג,0,2,2
2021-08-29T00:00:00.000Z,כלל המדינות,5315,5883,11198
2021-08-29T00:00:00.000Z,ירדן,172,190,362
2021-08-29T00:00:00.000Z,יוון,408,347,755
2021-08-29T00:00:00.000Z,טנזניה,0,1,1
2021-08-29T00:00:00.000Z,סרי לנקה (צילון),2,1,3
2021-08-29T00:00:00.000Z,פולין,25,30,55
2021-08-29T00:00:00.000Z,פורטו ריקו,1,1,2
2021-08-29T00:00:00.000Z,פורטוגל,12,16,28
2021-08-29T00:00:00.000Z,פיליפינים,0,14,14
2021-08-29T00:00:00.000Z,פינלנד,1,0,1
2021-08-29T00:00:00.000Z,פנמה,2,0,2
2021-08-29T00:00:00.000Z,פרו,1,0,1
2021-08-29T00:00:00.000Z,צ'ילה,0,2,2
2021-08-29T00:00:00.000Z,צכיה,407,180,587
2021-08-29T00:00:00.000Z,צרפת,383,453,836
2021-08-29T00:00:00.000Z,קולומביה,0,5,5
2021-08-29T00:00:00.000Z,קוסטה ריקה,5,10,15
2021-08-29T00:00:00.000Z,קוריאה הדרומית,2,7,9
2021-08-29T00:00:00.000Z,קזחסטאן,3,7,10
2021-08-29T00:00:00.000Z,קטר,0,1,1
2021-08-29T00:00:00.000Z,קירג'זסטאן,2,1,3
2021-08-29T00:00:00.000Z,קנדה,18,47,65
2021-08-29T00:00:00.000Z,קניה,1,1,2
2021-08-29T00:00:00.000Z,קפריסין,64,33,97
2021-08-29T00:00:00.000Z,קרואטיה,6,10,16
2021-08-29T00:00:00.000Z,רומניה,58,47,105
2021-08-29T00:00:00.000Z,רוסיה,84,159,243
2021-08-29T00:00:00.000Z,שוודיה,43,58,101
2021-08-29T00:00:00.000Z,הונגריה,444,290,734
2021-08-29T00:00:00.000Z,הולנד,82,82,164
2021-08-29T00:00:00.000Z,הודו,9,7,16
2021-08-29T00:00:00.000Z,דרום אפריקה,0,1,1
2021-08-29T00:00:00.000Z,דנמרק,38,55,93
2021-08-29T00:00:00.000Z,גרמניה,160,197,357
2021-08-29T00:00:00.000Z,גמייקה,0,1,1
2021-08-29T00:00:00.000Z,גווטאמלה,0,1,1
2021-08-29T00:00:00.000Z,גאורגיה,22,31,53
2021-08-29T00:00:00.000Z,ברזיל,0,1,1
2021-08-29T00:00:00.000Z,בלגיה,33,54,87
2021-08-29T00:00:00.000Z,בילורוסיה,29,107,136
2021-08-29T00:00:00.000Z,בוסניה הרצגובינה,4,6,10
2021-08-29T00:00:00.000Z,בולגריה,25,41,66
2021-08-29T00:00:00.000Z,ארצות הברית,453,722,1175
2021-08-29T00:00:00.000Z,ארמניה,2,1,3
2021-08-29T00:00:00.000Z,ארגנטינה,0,6,6
2021-08-29T00:00:00.000Z,חוף השנהב,2,2,4
2021-08-29T00:00:00.000Z,ונצואלה,0,1,1
2021-08-29T00:00:00.000Z,ויטנאם,0,1,1
2021-08-29T00:00:00.000Z,הרפ הדומיניקנית,5,9,14
2021-08-29T00:00:00.000Z,הממלכה המאוחדת,134,222,356
2021-08-30T00:00:00.000Z,אסטוניה,6,5,11
2021-08-30T00:00:00.000Z,איחוד האמירויות הערב,30,19,49
2021-08-30T00:00:00.000Z,תאילנד,1,7,8
2021-08-30T00:00:00.000Z,שוויץ,143,133,276
2021-08-30T00:00:00.000Z,שוודיה,7,7,14
2021-08-30T00:00:00.000Z,רוסיה,63,114,177
2021-08-30T00:00:00.000Z,רומניה,88,55,143
2021-08-30T00:00:00.000Z,מקאו,2,0,2
2021-08-30T00:00:00.000Z,מצרים,163,132,295
2021-08-30T00:00:00.000Z,מלטה,1,0,1
2021-08-30T00:00:00.000Z,מלדיבים,9,6,15
2021-08-30T00:00:00.000Z,מונטנגרו,48,35,83
2021-08-30T00:00:00.000Z,מולדובה,75,38,113
2021-08-30T00:00:00.000Z,מאלי,3,5,8
2021-08-30T00:00:00.000Z,ליטא,5,3,8
2021-08-30T00:00:00.000Z,לטביה,5,4,9
2021-08-30T00:00:00.000Z,כלל המדינות,5158,6713,11871
2021-08-30T00:00:00.000Z,ירדן,75,179,254
2021-08-30T00:00:00.000Z,יפן,0,3,3
2021-08-30T00:00:00.000Z,יוון,169,119,288
2021-08-30T00:00:00.000Z,טנזניה,15,9,24
2021-08-30T00:00:00.000Z,טיוואן,0,3,3
2021-08-30T00:00:00.000Z,טוגו,0,1,1
2021-08-30T00:00:00.000Z,טג'יקיסטאן,2,0,2
2021-08-30T00:00:00.000Z,זמביה,2,2,4
2021-08-30T00:00:00.000Z,זימבאבווה,1,0,1
2021-08-30T00:00:00.000Z,זאיר,0,1,1
2021-08-30T00:00:00.000Z,הממלכה המאוחדת,122,236,358
2021-08-30T00:00:00.000Z,הונגריה,213,110,323
2021-08-30T00:00:00.000Z,הולנד,67,58,125
2021-08-30T00:00:00.000Z,הודו,17,177,194
2021-08-30T00:00:00.000Z,דרום אפריקה,6,14,20
2021-08-30T00:00:00.000Z,דנמרק,12,9,21
2021-08-30T00:00:00.000Z,דומיניקה,0,1,1
2021-08-30T00:00:00.000Z,גרמניה,167,157,324
2021-08-30T00:00:00.000Z,גמביה,0,1,1
2021-08-30T00:00:00.000Z,גיברלטר,0,1,1
2021-08-30T00:00:00.000Z,גווטאמלה,0,1,1
2021-08-30T00:00:00.000Z,גאנה,7,1,8
2021-08-30T00:00:00.000Z,גאורגיה,28,35,63
2021-08-30T00:00:00.000Z,ברזיל,3,5,8
2021-08-30T00:00:00.000Z,בליז,2,0,2
2021-08-30T00:00:00.000Z,בלגיה,76,79,155
2021-08-30T00:00:00.000Z,בילורוסיה,37,57,94
2021-08-30T00:00:00.000Z,בוסניה הרצגובינה,18,11,29
2021-08-30T00:00:00.000Z,בולגריה,36,60,96
2021-08-30T00:00:00.000Z,בוטסואנה,1,0,1
2021-08-30T00:00:00.000Z,אתיופיה,28,16,44
2021-08-30T00:00:00.000Z,ארצות הברית,904,1849,2753
2021-08-30T00:00:00.000Z,ארמניה,2,2,4
2021-08-30T00:00:00.000Z,ארגנטינה,0,1,1
2021-08-30T00:00:00.000Z,אקואדור,1,0,1
2021-08-30T00:00:00.000Z,תוניסיה,0,3,3
2021-08-30T00:00:00.000Z,אנגולה,0,2,2
2021-08-30T00:00:00.000Z,אלבניה,1,0,1
2021-08-30T00:00:00.000Z,אל סלבדור,0,1,1
2021-08-30T00:00:00.000Z,אירלנד,2,2,4
2021-08-30T00:00:00.000Z,איסלנד,52,29,81
2021-08-30T00:00:00.000Z,אינדונזיה,0,1,1
2021-08-30T00:00:00.000Z,איי גילברט ואליס,0,1,1
2021-08-30T00:00:00.000Z,איטליה,143,104,247
2021-08-30T00:00:00.000Z,אזרביג'אן,4,2,6
2021-08-30T00:00:00.000Z,אורגוואי,0,1,1
2021-08-30T00:00:00.000Z,אוקראינה,201,483,684
2021-08-30T00:00:00.000Z,אוסטרליה,3,11,14
2021-08-30T00:00:00.000Z,אוסטריה,924,586,1510
2021-08-30T00:00:00.000Z,אוזבקיסטן,1,28,29
2021-08-30T00:00:00.000Z,אוגנדה,2,0,2
2021-08-30T00:00:00.000Z,אבחזיסטאן,0,1,1
2021-08-30T00:00:00.000Z,תורכיה,30,34,64
2021-08-30T00:00:00.000Z,רואנדה,1,2,3
2021-08-30T00:00:00.000Z,קרואטיה,7,11,18
2021-08-30T00:00:00.000Z,קפריסין,20,25,45
2021-08-30T00:00:00.000Z,קניה,5,4,9
2021-08-30T00:00:00.000Z,קנדה,30,107,137
2021-08-30T00:00:00.000Z,קלדוניה החדשה,0,1,1
2021-08-30T00:00:00.000Z,קירג'זסטאן,1,0,1
2021-08-30T00:00:00.000Z,קזחסטאן,3,2,5
2021-08-30T00:00:00.000Z,קוריאה הדרומית,0,1,1
2021-08-30T00:00:00.000Z,קוסטה ריקה,5,10,15
2021-08-30T00:00:00.000Z,קולומביה,6,2,8
2021-08-30T00:00:00.000Z,קובה,1,1,2
2021-08-30T00:00:00.000Z,צרפת,240,284,524
2021-08-30T00:00:00.000Z,צכיה,265,168,433
2021-08-30T00:00:00.000Z,צ'ילה,2,1,3
2021-08-30T00:00:00.000Z,פרו,0,2,2
2021-08-30T00:00:00.000Z,פנמה,4,5,9
2021-08-30T00:00:00.000Z,פינלנד,4,5,9
2021-08-30T00:00:00.000Z,פיליפינים,0,2,2
2021-08-30T00:00:00.000Z,פורטוגל,82,56,138
2021-08-30T00:00:00.000Z,פורטו ריקו,0,1,1
2021-08-30T00:00:00.000Z,פולין,39,50,89
2021-08-30T00:00:00.000Z,סרביה,39,48,87
2021-08-30T00:00:00.000Z,ספרד,10,26,36
2021-08-30T00:00:00.000Z,סינגפור,2,2,4
2021-08-30T00:00:00.000Z,סוריה,1,4,5
2021-08-30T00:00:00.000Z,נמיביה,0,1,1
2021-08-30T00:00:00.000Z,ניקרגואה,0,2,2
2021-08-30T00:00:00.000Z,ניו זילנד,0,2,2
2021-08-30T00:00:00.000Z,ניגריה,0,3,3
2021-08-30T00:00:00.000Z,נורבגיה,1,5,6
2021-08-30T00:00:00.000Z,מרוקו,4,4,8
2021-08-30T00:00:00.000Z,מקסיקו,0,3,3
2021-08-31T00:00:00.000Z,סרי לנקה (צילון),0,1,1
2021-08-31T00:00:00.000Z,סין,17,17,34
2021-08-31T00:00:00.000Z,ניגריה,4,1,5
2021-08-31T00:00:00.000Z,ניגר,1,0,1
2021-08-31T00:00:00.000Z,נורבגיה,0,2,2
2021-08-31T00:00:00.000Z,מרוקו,5,4,9
2021-08-31T00:00:00.000Z,מקסיקו,2,2,4
2021-08-31T00:00:00.000Z,מצרים,115,91,206
2021-08-31T00:00:00.000Z,מלדיבים,28,10,38
2021-08-31T00:00:00.000Z,מונטנגרו,2,1,3
2021-08-31T00:00:00.000Z,מולדובה,71,128,199
2021-08-31T00:00:00.000Z,מוזמביק,0,1,1
2021-08-31T00:00:00.000Z,מאלי,2,1,3
2021-08-31T00:00:00.000Z,ליטא,3,4,7
2021-08-31T00:00:00.000Z,לטביה,15,42,57
2021-08-31T00:00:00.000Z,לבנון,0,2,2
2021-08-31T00:00:00.000Z,כלל המדינות,3741,4710,8451
2021-08-31T00:00:00.000Z,ירדן,57,53,110
2021-08-31T00:00:00.000Z,יפן,9,8,17
2021-08-31T00:00:00.000Z,יוון,178,167,345
2021-08-31T00:00:00.000Z,טנזניה,8,5,13
2021-08-31T00:00:00.000Z,טוגו,1,0,1
2021-08-31T00:00:00.000Z,חוף השנהב,1,0,1
2021-08-31T00:00:00.000Z,זמביה,1,3,4
2021-08-31T00:00:00.000Z,ונצואלה,0,10,10
2021-08-31T00:00:00.000Z,הממלכה המאוחדת,26,60,86
2021-08-31T00:00:00.000Z,הונדורס,0,1,1
2021-08-31T00:00:00.000Z,הונגריה,321,207,528
2021-08-31T00:00:00.000Z,הונג קונג,2,26,28
2021-08-31T00:00:00.000Z,הולנד,72,50,122
2021-08-31T00:00:00.000Z,דרום אפריקה,17,15,32
2021-08-31T00:00:00.000Z,דנמרק,8,9,17
2021-08-31T00:00:00.000Z,גרמניה,99,173,272
2021-08-31T00:00:00.000Z,גיברלטר,1,0,1
2021-08-31T00:00:00.000Z,גאנה,1,0,1
2021-08-31T00:00:00.000Z,גאורגיה,3,0,3
2021-08-31T00:00:00.000Z,ברזיל,1,1,2
2021-08-31T00:00:00.000Z,בליז,0,1,1
2021-08-31T00:00:00.000Z,בלגיה,5,5,10
2021-08-31T00:00:00.000Z,בחריין,1,3,4
2021-08-31T00:00:00.000Z,בוסניה הרצגובינה,8,6,14
2021-08-31T00:00:00.000Z,בולגריה,27,51,78
2021-08-31T00:00:00.000Z,תורכיה,32,35,67
2021-08-31T00:00:00.000Z,תוניסיה,1,0,1
2021-08-31T00:00:00.000Z,תאילנד,24,238,262
2021-08-31T00:00:00.000Z,שוויץ,96,72,168
2021-08-31T00:00:00.000Z,שוודיה,9,3,12
2021-08-31T00:00:00.000Z,רפ מרכז אפריקנית,0,1,1
2021-08-31T00:00:00.000Z,רוסיה,93,161,254
2021-08-31T00:00:00.000Z,רומניה,60,57,117
2021-08-31T00:00:00.000Z,רואנדה,0,1,1
2021-08-31T00:00:00.000Z,קרואטיה,22,16,38
2021-08-31T00:00:00.000Z,קפריסין,7,20,27
2021-08-31T00:00:00.000Z,קניה,12,9,21
2021-08-31T00:00:00.000Z,קנדה,40,78,118
2021-08-31T00:00:00.000Z,קמרון,1,0,1
2021-08-31T00:00:00.000Z,קוריאה הדרומית,0,3,3
2021-08-31T00:00:00.000Z,אתיופיה,16,26,42
2021-08-31T00:00:00.000Z,קוסטה ריקה,10,6,16
2021-08-31T00:00:00.000Z,קוסובו,1,0,1
2021-08-31T00:00:00.000Z,קולומביה,4,7,11
2021-08-31T00:00:00.000Z,צרפת,181,220,401
2021-08-31T00:00:00.000Z,צכיה,399,176,575
2021-08-31T00:00:00.000Z,פרו,2,2,4
2021-08-31T00:00:00.000Z,פרגוואי,2,2,4
2021-08-31T00:00:00.000Z,פנמה,6,4,10
2021-08-31T00:00:00.000Z,פינלנד,3,2,5
2021-08-31T00:00:00.000Z,פיליפינים,1,4,5
2021-08-31T00:00:00.000Z,פורטוגל,13,6,19
2021-08-31T00:00:00.000Z,פורטו ריקו,1,0,1
2021-08-31T00:00:00.000Z,פולין,107,76,183
2021-08-31T00:00:00.000Z,ערב הסעודית,64,31,95
2021-08-31T00:00:00.000Z,עומן,1,0,1
2021-08-31T00:00:00.000Z,גווטאמלה,3,4,7
2021-08-31T00:00:00.000Z,סרביה,6,14,20
2021-08-31T00:00:00.000Z,ספרד,17,20,37
2021-08-31T00:00:00.000Z,איחוד האמירויות הערב,20,15,35
2021-08-31T00:00:00.000Z,סלובניה,4,1,5
2021-08-31T00:00:00.000Z,ארצות הברית,546,1102,1648
2021-08-31T00:00:00.000Z,ארמניה,3,0,3
2021-08-31T00:00:00.000Z,ארגנטינה,1,14,15
2021-08-31T00:00:00.000Z,אקואדור,0,4,4
2021-08-31T00:00:00.000Z,אסטוניה,0,1,1
2021-08-31T00:00:00.000Z,אנגולה,3,4,7
2021-08-31T00:00:00.000Z,אלגיריה,0,1,1
2021-08-31T00:00:00.000Z,אבחזיסטאן,1,0,1
2021-08-31T00:00:00.000Z,אוגנדה,2,2,4
2021-08-31T00:00:00.000Z,אוזבקיסטן,0,13,13
2021-08-31T00:00:00.000Z,אוסטריה,258,195,453
2021-08-31T00:00:00.000Z,אוסטרליה,3,8,11
2021-08-31T00:00:00.000Z,אוקראינה,132,254,386
2021-08-31T00:00:00.000Z,אורגוואי,1,4,5
2021-08-31T00:00:00.000Z,אזרביג'אן,3,2,5
2021-08-31T00:00:00.000Z,איטליה,63,48,111
2021-08-31T00:00:00.000Z,איי גילברט ואליס,0,2,2
2021-08-31T00:00:00.000Z,איי סיישל,0,3,3
2021-08-31T00:00:00.000Z,איסלנד,48,12,60
2021-08-31T00:00:00.000Z,אירלנד,2,6,8
2021-09-01T00:00:00.000Z,בולגריה,10,14,24
2021-09-01T00:00:00.000Z,אתיופיה,18,14,32
2021-09-01T00:00:00.000Z,ארצות הברית,586,1325,1911
2021-09-01T00:00:00.000Z,ארמניה,3,0,3
2021-09-01T00:00:00.000Z,אקואדור,0,1,1
2021-09-01T00:00:00.000Z,אסטוניה,2,5,7
2021-09-01T00:00:00.000Z,אירלנד,6,4,10
2021-09-01T00:00:00.000Z,איסלנד,32,3,35
2021-09-01T00:00:00.000Z,איטליה,63,62,125
2021-09-01T00:00:00.000Z,אזרביג'אן,1,1,2
2021-09-01T00:00:00.000Z,אורגוואי,1,1,2
2021-09-01T00:00:00.000Z,גאנה,2,2,4
2021-09-01T00:00:00.000Z,אוקראינה,287,450,737
2021-09-01T00:00:00.000Z,אוסטרליה,1,14,15
2021-09-01T00:00:00.000Z,אוסטריה,175,97,272
2021-09-01T00:00:00.000Z,אוזבקיסטן,1,16,17
2021-09-01T00:00:00.000Z,ונצואלה,0,2,2
2021-09-01T00:00:00.000Z,זמביה,0,1,1
2021-09-01T00:00:00.000Z,טיוואן,0,3,3
2021-09-01T00:00:00.000Z,טנזניה,11,7,18
2021-09-01T00:00:00.000Z,יוון,71,54,125
2021-09-01T00:00:00.000Z,יפן,1,6,7
2021-09-01T00:00:00.000Z,ירדן,50,76,126
2021-09-01T00:00:00.000Z,כלל המדינות,2917,4665,7582
2021-09-01T00:00:00.000Z,לוכסמבורג,1,1,2
2021-09-01T00:00:00.000Z,ליטא,1,1,2
2021-09-01T00:00:00.000Z,פולין,73,49,122
2021-09-01T00:00:00.000Z,סלובניה,3,5,8
2021-09-01T00:00:00.000Z,סינגפור,2,12,14
2021-09-01T00:00:00.000Z,סוריה,3,5,8
2021-09-01T00:00:00.000Z,גאורגיה,0,1,1
2021-09-01T00:00:00.000Z,סודן,1,0,1
2021-09-01T00:00:00.000Z,ניקרגואה,1,0,1
2021-09-01T00:00:00.000Z,ניו זילנד,2,0,2
2021-09-01T00:00:00.000Z,ניגריה,4,2,6
2021-09-01T00:00:00.000Z,נורבגיה,3,6,9
2021-09-01T00:00:00.000Z,מרוקו,3,3,6
2021-09-01T00:00:00.000Z,מאלי,2,0,2
2021-09-01T00:00:00.000Z,איחוד האמירויות הערב,27,24,51
2021-09-01T00:00:00.000Z,מקסיקו,1,1,2
2021-09-01T00:00:00.000Z,מקדוניה,2,0,2
2021-09-01T00:00:00.000Z,מולדובה,1,1,2
2021-09-01T00:00:00.000Z,מצרים,55,53,108
2021-09-01T00:00:00.000Z,גבון,1,0,1
2021-09-01T00:00:00.000Z,גווטאמלה,1,2,3
2021-09-01T00:00:00.000Z,גמייקה,0,2,2
2021-09-01T00:00:00.000Z,גרמניה,73,154,227
2021-09-01T00:00:00.000Z,דנמרק,8,4,12
2021-09-01T00:00:00.000Z,דרום אפריקה,2,9,11
2021-09-01T00:00:00.000Z,מלטה,1,0,1
2021-09-01T00:00:00.000Z,מלדיבים,11,13,24
2021-09-01T00:00:00.000Z,מונטנגרו,19,9,28
2021-09-01T00:00:00.000Z,ספרד,4,10,14
2021-09-01T00:00:00.000Z,סרביה,2,1,3
2021-09-01T00:00:00.000Z,סרי לנקה (צילון),5,7,12
2021-09-01T00:00:00.000Z,פורטוגל,9,24,33
2021-09-01T00:00:00.000Z,פיליפינים,0,45,45
2021-09-01T00:00:00.000Z,פינלנד,34,30,64
2021-09-01T00:00:00.000Z,פנמה,0,1,1
2021-09-01T00:00:00.000Z,פרו,2,3,5
2021-09-01T00:00:00.000Z,צכיה,244,106,350
2021-09-01T00:00:00.000Z,צרפת,162,307,469
2021-09-01T00:00:00.000Z,קולומביה,3,1,4
2021-09-01T00:00:00.000Z,קוסטה ריקה,1,6,7
2021-09-01T00:00:00.000Z,קוריאה הדרומית,0,4,4
2021-09-01T00:00:00.000Z,קזחסטאן,7,80,87
2021-09-01T00:00:00.000Z,קנדה,19,119,138
2021-09-01T00:00:00.000Z,קניה,2,2,4
2021-09-01T00:00:00.000Z,קפריסין,14,26,40
2021-09-01T00:00:00.000Z,קרואטיה,7,5,12
2021-09-01T00:00:00.000Z,רומניה,59,58,117
2021-09-01T00:00:00.000Z,רוסיה,54,206,260
2021-09-01T00:00:00.000Z,שוודיה,2,7,9
2021-09-01T00:00:00.000Z,שוויץ,61,30,91
2021-09-01T00:00:00.000Z,תאילנד,2,0,2
2021-09-01T00:00:00.000Z,תוניסיה,1,0,1
2021-09-01T00:00:00.000Z,תורכיה,9,30,39
2021-09-01T00:00:00.000Z,דרום סודאן,2,0,2
2021-09-01T00:00:00.000Z,הודו,0,3,3
2021-09-01T00:00:00.000Z,הולנד,40,60,100
2021-09-01T00:00:00.000Z,הונגריה,208,148,356
2021-09-01T00:00:00.000Z,הממלכה המאוחדת,40,128,168
2021-09-01T00:00:00.000Z,סלובקיה,0,1,1
2021-09-01T00:00:00.000Z,הרפ הדומיניקנית,3,0,3
2021-09-01T00:00:00.000Z,ברזיל,0,3,3
2021-09-01T00:00:00.000Z,ברבדוס,0,1,1
2021-09-01T00:00:00.000Z,בלגיה,6,9,15
2021-09-01T00:00:00.000Z,בילורוסיה,21,72,93
2021-09-01T00:00:00.000Z,בורקינה פאסו,1,0,1
2021-09-01T00:00:00.000Z,בוסניה הרצגובינה,8,3,11
2021-09-02T00:00:00.000Z,צאד,1,0,1
2021-09-02T00:00:00.000Z,דנמרק,27,63,90
2021-09-02T00:00:00.000Z,דרום סודאן,1,0,1
2021-09-02T00:00:00.000Z,הודו,2,6,8
2021-09-02T00:00:00.000Z,הולנד,67,62,129
2021-09-02T00:00:00.000Z,הונג קונג,1,0,1
2021-09-02T00:00:00.000Z,הונגריה,288,187,475
2021-09-02T00:00:00.000Z,הממלכה המאוחדת,75,410,485
2021-09-02T00:00:00.000Z,הרפ הדומיניקנית,3,0,3
2021-09-02T00:00:00.000Z,ונצואלה,0,1,1
2021-09-02T00:00:00.000Z,זאיר,0,2,2
2021-09-02T00:00:00.000Z,איחוד האמירויות הערב,17,24,41
2021-09-02T00:00:00.000Z,דומיניקה,2,0,2
2021-09-02T00:00:00.000Z,גרמניה,95,140,235
2021-09-02T00:00:00.000Z,זמביה,3,1,4
2021-09-02T00:00:00.000Z,טוגו,1,1,2
2021-09-02T00:00:00.000Z,טנזניה,8,9,17
2021-09-02T00:00:00.000Z,יוון,130,111,241
2021-09-02T00:00:00.000Z,יפן,4,12,16
2021-09-02T00:00:00.000Z,ירדן,67,65,132
2021-09-02T00:00:00.000Z,כלל המדינות,3446,6250,9696
2021-09-02T00:00:00.000Z,לטביה,7,0,7
2021-09-02T00:00:00.000Z,ליטא,51,56,107
2021-09-02T00:00:00.000Z,מאלי,1,2,3
2021-09-02T00:00:00.000Z,מולדובה,75,126,201
2021-09-02T00:00:00.000Z,מלדיבים,5,4,9
2021-09-02T00:00:00.000Z,מלטה,0,2,2
2021-09-02T00:00:00.000Z,מצרים,75,67,142
2021-09-02T00:00:00.000Z,מרוקו,37,58,95
2021-09-02T00:00:00.000Z,מרטיניק,1,0,1
2021-09-02T00:00:00.000Z,נורבגיה,7,8,15
2021-09-02T00:00:00.000Z,ניגריה,3,3,6
2021-09-02T00:00:00.000Z,נמיביה,1,2,3
2021-09-02T00:00:00.000Z,סודן,1,0,1
2021-09-02T00:00:00.000Z,סוריה,4,6,10
2021-09-02T00:00:00.000Z,סלובניה,1,0,1
2021-09-02T00:00:00.000Z,סלובקיה,1,4,5
2021-09-02T00:00:00.000Z,ספרד,18,58,76
2021-09-02T00:00:00.000Z,סרביה,4,6,10
2021-09-02T00:00:00.000Z,סרי לנקה (צילון),0,2,2
2021-09-02T00:00:00.000Z,עירק,0,1,1
2021-09-02T00:00:00.000Z,פולין,52,54,106
2021-09-02T00:00:00.000Z,פורטוגל,74,65,139
2021-09-02T00:00:00.000Z,פיליפינים,0,2,2
2021-09-02T00:00:00.000Z,פינלנד,0,1,1
2021-09-02T00:00:00.000Z,פנמה,4,3,7
2021-09-02T00:00:00.000Z,פרגוואי,1,0,1
2021-09-02T00:00:00.000Z,פרו,4,2,6
2021-09-02T00:00:00.000Z,דרום אפריקה,4,15,19
2021-09-02T00:00:00.000Z,צ'ילה,0,2,2
2021-09-02T00:00:00.000Z,צכיה,97,71,168
2021-09-02T00:00:00.000Z,צרפת,193,357,550
2021-09-02T00:00:00.000Z,קולומביה,3,14,17
2021-09-02T00:00:00.000Z,קוסטה ריקה,3,2,5
2021-09-02T00:00:00.000Z,קוריאה הדרומית,1,3,4
2021-09-02T00:00:00.000Z,קמרון,1,0,1
2021-09-02T00:00:00.000Z,קנדה,12,254,266
2021-09-02T00:00:00.000Z,קניה,1,6,7
2021-09-02T00:00:00.000Z,קפריסין,32,32,64
2021-09-02T00:00:00.000Z,קרואטיה,4,8,12
2021-09-02T00:00:00.000Z,רומניה,37,29,66
2021-09-02T00:00:00.000Z,רוסיה,65,128,193
2021-09-02T00:00:00.000Z,שוודיה,8,29,37
2021-09-02T00:00:00.000Z,שוויץ,54,52,106
2021-09-02T00:00:00.000Z,תוניסיה,1,0,1
2021-09-02T00:00:00.000Z,תורכיה,15,49,64
2021-09-02T00:00:00.000Z,אוזבקיסטן,2,22,24
2021-09-02T00:00:00.000Z,אוסטריה,185,147,332
2021-09-02T00:00:00.000Z,אוסטרליה,0,2,2
2021-09-02T00:00:00.000Z,אוקראינה,226,297,523
2021-09-02T00:00:00.000Z,אורגוואי,1,4,5
2021-09-02T00:00:00.000Z,אזרביג'אן,42,45,87
2021-09-02T00:00:00.000Z,איטליה,121,107,228
2021-09-02T00:00:00.000Z,איי סיישל,31,23,54
2021-09-02T00:00:00.000Z,אינדונזיה,0,1,1
2021-09-02T00:00:00.000Z,איסלנד,40,18,58
2021-09-02T00:00:00.000Z,אירלנד,3,1,4
2021-09-02T00:00:00.000Z,אל סלבדור,0,1,1
2021-09-02T00:00:00.000Z,אנגולה,0,4,4
2021-09-02T00:00:00.000Z,אקואדור,1,1,2
2021-09-02T00:00:00.000Z,ארגנטינה,3,42,45
2021-09-02T00:00:00.000Z,ארמניה,0,2,2
2021-09-02T00:00:00.000Z,ארצות הברית,331,1826,2157
2021-09-02T00:00:00.000Z,אתיופיה,14,22,36
2021-09-02T00:00:00.000Z,בהמס,1,0,1
2021-09-02T00:00:00.000Z,בולגריה,4,4,8
2021-09-02T00:00:00.000Z,בוסניה הרצגובינה,0,1,1
2021-09-02T00:00:00.000Z,בחריין,6,3,9
2021-09-02T00:00:00.000Z,בלגיה,26,86,112
2021-09-02T00:00:00.000Z,בליז,0,1,1
2021-09-02T00:00:00.000Z,בנין (דהומי),1,0,1
2021-09-02T00:00:00.000Z,ברזיל,1,3,4
2021-09-02T00:00:00.000Z,גאורגיה,26,41,67
2021-09-02T00:00:00.000Z,גווטאמלה,0,1,1
2021-09-02T00:00:00.000Z,גינאה המשוונית,1,1,2
2021-09-02T00:00:00.000Z,גמייקה,1,1,2
2021-09-03T00:00:00.000Z,סלובקיה,4,4,8
2021-09-03T00:00:00.000Z,סנגל,2,1,3
2021-09-03T00:00:00.000Z,ספרד,20,17,37
2021-09-03T00:00:00.000Z,סרביה,3,4,7
2021-09-03T00:00:00.000Z,סרי לנקה (צילון),0,1,1
2021-09-03T00:00:00.000Z,ערב הסעודית,1,0,1
2021-09-03T00:00:00.000Z,פולין,106,58,164
2021-09-03T00:00:00.000Z,פורטוגל,11,5,16
2021-09-03T00:00:00.000Z,פיליפינים,1,4,5
2021-09-03T00:00:00.000Z,פינלנד,28,34,62
2021-09-03T00:00:00.000Z,פנמה,2,5,7
2021-09-03T00:00:00.000Z,פרגוואי,0,1,1
2021-09-03T00:00:00.000Z,צכיה,287,144,431
2021-09-03T00:00:00.000Z,צרפת,180,178,358
2021-09-03T00:00:00.000Z,קוסובו,0,1,1
2021-09-03T00:00:00.000Z,קוסטה ריקה,15,20,35
2021-09-03T00:00:00.000Z,כלל המדינות,4105,5532,9637
2021-09-03T00:00:00.000Z,קוריאה הדרומית,1,0,1
2021-09-03T00:00:00.000Z,קזחסטאן,6,10,16
2021-09-03T00:00:00.000Z,קטר,2,0,2
2021-09-03T00:00:00.000Z,קירג'זסטאן,1,0,1
2021-09-03T00:00:00.000Z,קנדה,57,193,250
2021-09-03T00:00:00.000Z,קפריסין,53,35,88
2021-09-03T00:00:00.000Z,קרואטיה,7,4,11
2021-09-03T00:00:00.000Z,רומניה,62,47,109
2021-09-03T00:00:00.000Z,רוסיה,127,241,368
2021-09-03T00:00:00.000Z,שוודיה,3,6,9
2021-09-03T00:00:00.000Z,שוויץ,176,196,372
2021-09-03T00:00:00.000Z,יוון,190,130,320
2021-09-03T00:00:00.000Z,לטביה,2,1,3
2021-09-03T00:00:00.000Z,אל סלבדור,1,0,1
2021-09-03T00:00:00.000Z,אירלנד,3,4,7
2021-09-03T00:00:00.000Z,איסלנד,5,6,11
2021-09-03T00:00:00.000Z,איטליה,138,111,249
2021-09-03T00:00:00.000Z,אזרביג'אן,1,0,1
2021-09-03T00:00:00.000Z,אורגוואי,3,6,9
2021-09-03T00:00:00.000Z,אוקראינה,225,288,513
2021-09-03T00:00:00.000Z,אוסטרליה,1,3,4
2021-09-03T00:00:00.000Z,אוסטריה,261,167,428
2021-09-03T00:00:00.000Z,אוזבקיסטן,1,2,3
2021-09-03T00:00:00.000Z,אבחזיסטאן,2,0,2
2021-09-03T00:00:00.000Z,ירדן,2,3,5
2021-09-03T00:00:00.000Z,יפן,3,7,10
2021-09-03T00:00:00.000Z,ליטא,0,3,3
2021-09-03T00:00:00.000Z,מולדובה,32,55,87
2021-09-03T00:00:00.000Z,מונטנגרו,65,24,89
2021-09-03T00:00:00.000Z,מלדיבים,7,6,13
2021-09-03T00:00:00.000Z,אנגולה,1,0,1
2021-09-03T00:00:00.000Z,אסטוניה,0,2,2
2021-09-03T00:00:00.000Z,אקואדור,2,2,4
2021-09-03T00:00:00.000Z,ארגנטינה,0,8,8
2021-09-03T00:00:00.000Z,ארמניה,11,7,18
2021-09-03T00:00:00.000Z,ארצות הברית,600,1616,2216
2021-09-03T00:00:00.000Z,בהמס,3,0,3
2021-09-03T00:00:00.000Z,בולגריה,19,40,59
2021-09-03T00:00:00.000Z,בוליביה,1,0,1
2021-09-03T00:00:00.000Z,בוסניה הרצגובינה,3,2,5
2021-09-03T00:00:00.000Z,תאילנד,63,74,137
2021-09-03T00:00:00.000Z,תוניסיה,0,2,2
2021-09-03T00:00:00.000Z,תורכיה,34,38,72
2021-09-03T00:00:00.000Z,מלטה,1,0,1
2021-09-03T00:00:00.000Z,מצרים,116,67,183
2021-09-03T00:00:00.000Z,מקדוניה,1,0,1
2021-09-03T00:00:00.000Z,מקסיקו,1,0,1
2021-09-03T00:00:00.000Z,מרוקו,6,4,10
2021-09-03T00:00:00.000Z,נורבגיה,1,5,6
2021-09-03T00:00:00.000Z,הונגריה,254,190,444
2021-09-03T00:00:00.000Z,הולנד,80,85,165
2021-09-03T00:00:00.000Z,הודו,2,3,5
2021-09-03T00:00:00.000Z,דנמרק,14,13,27
2021-09-03T00:00:00.000Z,דומיניקה,2,0,2
2021-09-03T00:00:00.000Z,גרנדה,1,0,1
2021-09-03T00:00:00.000Z,גרמניה,191,186,377
2021-09-03T00:00:00.000Z,גיברלטר,1,3,4
2021-09-03T00:00:00.000Z,גווטאמלה,1,1,2
2021-09-03T00:00:00.000Z,גאורגיה,10,14,24
2021-09-03T00:00:00.000Z,ברזיל,1,1,2
2021-09-03T00:00:00.000Z,איחוד האמירויות הערב,35,14,49
2021-09-03T00:00:00.000Z,בלגיה,52,128,180
2021-09-03T00:00:00.000Z,טיוואן,0,1,1
2021-09-03T00:00:00.000Z,ונצואלה,0,5,5
2021-09-03T00:00:00.000Z,בילורוסיה,46,46,92
2021-09-03T00:00:00.000Z,בחריין,3,3,6
2021-09-03T00:00:00.000Z,ויטנאם,1,1,2
2021-09-03T00:00:00.000Z,הרפ הדומיניקנית,1,3,4
2021-09-03T00:00:00.000Z,הממלכה המאוחדת,59,358,417
2021-09-03T00:00:00.000Z,ניגריה,4,1,5
2021-09-03T00:00:00.000Z,ניו זילנד,1,2,3
2021-09-03T00:00:00.000Z,נפאל,0,1,1
2021-09-03T00:00:00.000Z,סינגפור,2,7,9
2021-09-04T00:00:00.000Z,לטביה,18,26,44
2021-09-04T00:00:00.000Z,ארצות הברית,254,548,802
2021-09-04T00:00:00.000Z,אוסטריה,117,56,173
2021-09-04T00:00:00.000Z,אוקראינה,78,83,161
2021-09-04T00:00:00.000Z,איטליה,70,43,113
2021-09-04T00:00:00.000Z,איי סיישל,0,2,2
2021-09-04T00:00:00.000Z,איסלנד,15,8,23
2021-09-04T00:00:00.000Z,אירלנד,3,5,8
2021-09-04T00:00:00.000Z,אלבניה,1,1,2
2021-09-04T00:00:00.000Z,אנגולה,1,0,1
2021-09-04T00:00:00.000Z,אסטוניה,2,2,4
2021-09-04T00:00:00.000Z,ארגנטינה,1,7,8
2021-09-04T00:00:00.000Z,ארמניה,1,3,4
2021-09-04T00:00:00.000Z,אתיופיה,15,14,29
2021-09-04T00:00:00.000Z,בוטסואנה,1,0,1
2021-09-04T00:00:00.000Z,בולגריה,2,0,2
2021-09-04T00:00:00.000Z,בוסניה הרצגובינה,4,2,6
2021-09-04T00:00:00.000Z,בילורוסיה,0,1,1
2021-09-04T00:00:00.000Z,בלגיה,3,3,6
2021-09-04T00:00:00.000Z,ברזיל,0,4,4
2021-09-04T00:00:00.000Z,גאורגיה,2,4,6
2021-09-04T00:00:00.000Z,גאנה,3,5,8
2021-09-04T00:00:00.000Z,גבון,2,1,3
2021-09-04T00:00:00.000Z,גרמניה,65,63,128
2021-09-04T00:00:00.000Z,דנמרק,2,2,4
2021-09-04T00:00:00.000Z,דרום אפריקה,2,11,13
2021-09-04T00:00:00.000Z,דרום סודאן,1,0,1
2021-09-04T00:00:00.000Z,הודו,1,2,3
2021-09-04T00:00:00.000Z,הולנד,31,59,90
2021-09-04T00:00:00.000Z,הונגריה,224,141,365
2021-09-04T00:00:00.000Z,הממלכה המאוחדת,36,64,100
2021-09-04T00:00:00.000Z,הרפ הדומיניקנית,1,1,2
2021-09-04T00:00:00.000Z,זאיר,2,1,3
2021-09-04T00:00:00.000Z,זימבאבווה,0,1,1
2021-09-04T00:00:00.000Z,זמביה,2,2,4
2021-09-04T00:00:00.000Z,חוף השנהב,1,0,1
2021-09-04T00:00:00.000Z,טג'יקיסטאן,1,0,1
2021-09-04T00:00:00.000Z,טוגו,1,3,4
2021-09-04T00:00:00.000Z,טנזניה,3,5,8
2021-09-04T00:00:00.000Z,יוון,90,52,142
2021-09-04T00:00:00.000Z,יפן,0,1,1
2021-09-04T00:00:00.000Z,ירדן,7,1,8
2021-09-04T00:00:00.000Z,כלל המדינות,1824,2307,4131
2021-09-04T00:00:00.000Z,לוכסמבורג,1,2,3
2021-09-04T00:00:00.000Z,אוגנדה,2,0,2
2021-09-04T00:00:00.000Z,ליטא,0,2,2
2021-09-04T00:00:00.000Z,מאוריציוס,2,0,2
2021-09-04T00:00:00.000Z,מונטנגרו,3,1,4
2021-09-04T00:00:00.000Z,מלאווי,1,182,183
2021-09-04T00:00:00.000Z,מלדיבים,5,2,7
2021-09-04T00:00:00.000Z,מצרים,155,75,230
2021-09-04T00:00:00.000Z,מקאו,0,1,1
2021-09-04T00:00:00.000Z,מקסיקו,0,1,1
2021-09-04T00:00:00.000Z,מרוקו,1,7,8
2021-09-04T00:00:00.000Z,נורבגיה,0,1,1
2021-09-04T00:00:00.000Z,ניגריה,3,1,4
2021-09-04T00:00:00.000Z,סינגפור,0,1,1
2021-09-04T00:00:00.000Z,סלובניה,4,0,4
2021-09-04T00:00:00.000Z,ספרד,2,7,9
2021-09-04T00:00:00.000Z,סרי לנקה (צילון),1,11,12
2021-09-04T00:00:00.000Z,פולין,76,44,120
2021-09-04T00:00:00.000Z,איחוד האמירויות הערב,12,10,22
2021-09-04T00:00:00.000Z,פורטו ריקו,1,0,1
2021-09-04T00:00:00.000Z,פורטוגל,6,10,16
2021-09-04T00:00:00.000Z,פיליפינים,1,4,5
2021-09-04T00:00:00.000Z,פינלנד,3,4,7
2021-09-04T00:00:00.000Z,פנמה,2,2,4
2021-09-04T00:00:00.000Z,פרגוואי,2,0,2
2021-09-04T00:00:00.000Z,פרו,3,1,4
2021-09-04T00:00:00.000Z,צכיה,98,66,164
2021-09-04T00:00:00.000Z,צרפת,86,86,172
2021-09-04T00:00:00.000Z,קובה,0,1,1
2021-09-04T00:00:00.000Z,קולומביה,4,11,15
2021-09-04T00:00:00.000Z,קוסטה ריקה,1,7,8
2021-09-04T00:00:00.000Z,קוריאה הדרומית,0,1,1
2021-09-04T00:00:00.000Z,קזחסטאן,0,1,1
2021-09-04T00:00:00.000Z,קמרון,0,4,4
2021-09-04T00:00:00.000Z,קנדה,9,62,71
2021-09-04T00:00:00.000Z,קניה,4,1,5
2021-09-04T00:00:00.000Z,קפריסין,51,20,71
2021-09-04T00:00:00.000Z,קרואטיה,4,6,10
2021-09-04T00:00:00.000Z,רואנדה,3,0,3
2021-09-04T00:00:00.000Z,רומניה,96,81,177
2021-09-04T00:00:00.000Z,רוסיה,7,12,19
2021-09-04T00:00:00.000Z,שוודיה,1,3,4
2021-09-04T00:00:00.000Z,שוויץ,23,10,33
2021-09-04T00:00:00.000Z,תאילנד,2,1,3
2021-09-04T00:00:00.000Z,תורכיה,17,18,35
2021-09-05T00:00:00.000Z,איי טורקס וקייקוס,0,1,1
2021-09-05T00:00:00.000Z,ברזיל,2,3,5
2021-09-05T00:00:00.000Z,גאורגיה,29,47,76
2021-09-05T00:00:00.000Z,גאנה,1,1,2
2021-09-05T00:00:00.000Z,גרמניה,140,184,324
2021-09-05T00:00:00.000Z,דנמרק,29,40,69
2021-09-05T00:00:00.000Z,דרום סודאן,0,1,1
2021-09-05T00:00:00.000Z,הודו,4,1,5
2021-09-05T00:00:00.000Z,הולנד,90,133,223
2021-09-05T00:00:00.000Z,הונג קונג,1,0,1
2021-09-05T00:00:00.000Z,הונגריה,391,224,615
2021-09-05T00:00:00.000Z,הממלכה המאוחדת,120,475,595
2021-09-05T00:00:00.000Z,הרפ הדומיניקנית,0,3,3
2021-09-05T00:00:00.000Z,ויטנאם,0,2,2
2021-09-05T00:00:00.000Z,חוף השנהב,1,0,1
2021-09-05T00:00:00.000Z,טנזניה,2,0,2
2021-09-05T00:00:00.000Z,יוון,384,196,580
2021-09-05T00:00:00.000Z,יפן,14,12,26
2021-09-05T00:00:00.000Z,ירדן,79,65,144
2021-09-05T00:00:00.000Z,כלל המדינות,4449,5669,10118
2021-09-05T00:00:00.000Z,לבנון,0,1,1
2021-09-05T00:00:00.000Z,לוכסמבורג,2,2,4
2021-09-05T00:00:00.000Z,לטביה,3,0,3
2021-09-05T00:00:00.000Z,ליטא,62,34,96
2021-09-05T00:00:00.000Z,מאלי,1,0,1
2021-09-05T00:00:00.000Z,מולדובה,80,126,206
2021-09-05T00:00:00.000Z,מונגוליה,0,1,1
2021-09-05T00:00:00.000Z,מונטנגרו,1,0,1
2021-09-05T00:00:00.000Z,מלדיבים,11,6,17
2021-09-05T00:00:00.000Z,מלטה,3,1,4
2021-09-05T00:00:00.000Z,מצרים,178,83,261
2021-09-05T00:00:00.000Z,מקסיקו,0,2,2
2021-09-05T00:00:00.000Z,מרוקו,0,5,5
2021-09-05T00:00:00.000Z,נורבגיה,2,3,5
2021-09-05T00:00:00.000Z,ניגריה,2,0,2
2021-09-05T00:00:00.000Z,נפאל,0,1,1
2021-09-05T00:00:00.000Z,סין,1,2,3
2021-09-05T00:00:00.000Z,סן מרינו,2,1,3
2021-09-05T00:00:00.000Z,סנגל,1,1,2
2021-09-05T00:00:00.000Z,ספרד,2,10,12
2021-09-05T00:00:00.000Z,סרביה,2,0,2
2021-09-05T00:00:00.000Z,סרי לנקה (צילון),9,4,13
2021-09-05T00:00:00.000Z,פולין,83,61,144
2021-09-05T00:00:00.000Z,פורטוגל,31,22,53
2021-09-05T00:00:00.000Z,פיליפינים,2,13,15
2021-09-05T00:00:00.000Z,פינלנד,1,1,2
2021-09-05T00:00:00.000Z,פנמה,3,3,6
2021-09-05T00:00:00.000Z,פרגוואי,0,1,1
2021-09-05T00:00:00.000Z,פרו,0,2,2
2021-09-05T00:00:00.000Z,צכיה,308,154,462
2021-09-05T00:00:00.000Z,צרפת,269,457,726
2021-09-05T00:00:00.000Z,קולומביה,1,6,7
2021-09-05T00:00:00.000Z,קוסטה ריקה,8,8,16
2021-09-05T00:00:00.000Z,קוריאה הדרומית,4,7,11
2021-09-05T00:00:00.000Z,קזחסטאן,2,4,6
2021-09-05T00:00:00.000Z,קירג'זסטאן,2,3,5
2021-09-05T00:00:00.000Z,קנדה,16,66,82
2021-09-05T00:00:00.000Z,קניה,1,0,1
2021-09-05T00:00:00.000Z,קפריסין,109,44,153
2021-09-05T00:00:00.000Z,קרואטיה,3,6,9
2021-09-05T00:00:00.000Z,רומניה,62,15,77
2021-09-05T00:00:00.000Z,איטליה,213,161,374
2021-09-05T00:00:00.000Z,אזרביג'אן,50,52,102
2021-09-05T00:00:00.000Z,אורגוואי,0,2,2
2021-09-05T00:00:00.000Z,אוקראינה,228,327,555
2021-09-05T00:00:00.000Z,אוסטרליה,2,8,10
2021-09-05T00:00:00.000Z,אוסטריה,204,115,319
2021-09-05T00:00:00.000Z,אוזבקיסטן,0,2,2
2021-09-05T00:00:00.000Z,אבחזיסטאן,1,0,1
2021-09-05T00:00:00.000Z,רוסיה,64,238,302
2021-09-05T00:00:00.000Z,שוודיה,9,10,19
2021-09-05T00:00:00.000Z,שוויץ,111,151,262
2021-09-05T00:00:00.000Z,תאילנד,0,1,1
2021-09-05T00:00:00.000Z,תוניסיה,0,1,1
2021-09-05T00:00:00.000Z,תורכיה,19,36,55
2021-09-05T00:00:00.000Z,איחוד האמירויות הערב,38,33,71
2021-09-05T00:00:00.000Z,בוסניה הרצגובינה,19,12,31
2021-09-05T00:00:00.000Z,בולגריה,14,36,50
2021-09-05T00:00:00.000Z,ארצות הברית,337,978,1315
2021-09-05T00:00:00.000Z,ארמניה,2,5,7
2021-09-05T00:00:00.000Z,ארגנטינה,0,3,3
2021-09-05T00:00:00.000Z,אסטוניה,1,2,3
2021-09-05T00:00:00.000Z,אלבניה,0,1,1
2021-09-05T00:00:00.000Z,אירלנד,4,5,9
2021-09-05T00:00:00.000Z,איסלנד,21,9,30
2021-09-05T00:00:00.000Z,בחריין,2,1,3
2021-09-05T00:00:00.000Z,בילורוסיה,47,107,154
2021-09-05T00:00:00.000Z,בלגיה,34,143,177
2021-09-06T00:00:00.000Z,שוויץ,55,45,100
2021-09-06T00:00:00.000Z,תאילנד,29,46,75
2021-09-06T00:00:00.000Z,תוניסיה,1,0,1
2021-09-06T00:00:00.000Z,תורכיה,13,17,30
2021-09-06T00:00:00.000Z,אנדורה,0,2,2
2021-09-06T00:00:00.000Z,אלבניה,7,2,9
2021-09-06T00:00:00.000Z,אירלנד,6,2,8
2021-09-06T00:00:00.000Z,איסלנד,3,8,11
2021-09-06T00:00:00.000Z,איטליה,109,80,189
2021-09-06T00:00:00.000Z,אזרביג'אן,0,2,2
2021-09-06T00:00:00.000Z,אורגוואי,0,2,2
2021-09-06T00:00:00.000Z,אוקראינה,251,261,512
2021-09-06T00:00:00.000Z,אוסטרליה,1,11,12
2021-09-06T00:00:00.000Z,אוסטריה,187,87,274
2021-09-06T00:00:00.000Z,אוזבקיסטן,18,125,143
2021-09-06T00:00:00.000Z,אוגנדה,4,1,5
2021-09-06T00:00:00.000Z,אקואדור,2,1,3
2021-09-06T00:00:00.000Z,ארמניה,0,1,1
2021-09-06T00:00:00.000Z,ארצות הברית,451,948,1399
2021-09-06T00:00:00.000Z,אתיופיה,14,15,29
2021-09-06T00:00:00.000Z,בוטסואנה,0,1,1
2021-09-06T00:00:00.000Z,בולגריה,10,13,23
2021-09-06T00:00:00.000Z,בוסניה הרצגובינה,2,0,2
2021-09-06T00:00:00.000Z,בורונדי,0,1,1
2021-09-06T00:00:00.000Z,בילורוסיה,22,36,58
2021-09-06T00:00:00.000Z,בלגיה,5,18,23
2021-09-06T00:00:00.000Z,ברזיל,2,4,6
2021-09-06T00:00:00.000Z,גאורגיה,8,0,8
2021-09-06T00:00:00.000Z,גאנה,6,3,9
2021-09-06T00:00:00.000Z,גווטאמלה,1,0,1
2021-09-06T00:00:00.000Z,גרמניה,146,92,238
2021-09-06T00:00:00.000Z,דנמרק,2,2,4
2021-09-06T00:00:00.000Z,דרום אפריקה,3,21,24
2021-09-06T00:00:00.000Z,הודו,6,84,90
2021-09-06T00:00:00.000Z,הולנד,53,33,86
2021-09-06T00:00:00.000Z,הונגריה,124,60,184
2021-09-06T00:00:00.000Z,הממלכה המאוחדת,52,386,438
2021-09-06T00:00:00.000Z,הרפ הדומיניקנית,2,2,4
2021-09-06T00:00:00.000Z,זאיר,0,4,4
2021-09-06T00:00:00.000Z,זמביה,1,2,3
2021-09-06T00:00:00.000Z,טנזניה,18,15,33
2021-09-06T00:00:00.000Z,יוון,164,75,239
2021-09-06T00:00:00.000Z,יפן,9,12,21
2021-09-06T00:00:00.000Z,ירדן,54,51,105
2021-09-06T00:00:00.000Z,כלל המדינות,3166,3989,7155
2021-09-06T00:00:00.000Z,לוכסמבורג,0,2,2
2021-09-06T00:00:00.000Z,ליטא,4,5,9
2021-09-06T00:00:00.000Z,מאלי,2,0,2
2021-09-06T00:00:00.000Z,מולדובה,1,1,2
2021-09-06T00:00:00.000Z,מונטנגרו,17,8,25
2021-09-06T00:00:00.000Z,מלדיבים,4,5,9
2021-09-06T00:00:00.000Z,מצרים,126,59,185
2021-09-06T00:00:00.000Z,מקסיקו,0,2,2
2021-09-06T00:00:00.000Z,מרוקו,4,4,8
2021-09-06T00:00:00.000Z,ניגריה,4,0,4
2021-09-06T00:00:00.000Z,ניקרגואה,0,1,1
2021-09-06T00:00:00.000Z,סוריה,3,7,10
2021-09-06T00:00:00.000Z,סינגפור,1,1,2
2021-09-06T00:00:00.000Z,סלובניה,2,0,2
2021-09-06T00:00:00.000Z,סלובקיה,2,4,6
2021-09-06T00:00:00.000Z,סנגל,1,0,1
2021-09-06T00:00:00.000Z,ספרד,15,25,40
2021-09-06T00:00:00.000Z,סרביה,1,5,6
2021-09-06T00:00:00.000Z,עירק,2,1,3
2021-09-06T00:00:00.000Z,פולין,116,39,155
2021-09-06T00:00:00.000Z,פורטוגל,63,46,109
2021-09-06T00:00:00.000Z,פיליפינים,0,4,4
2021-09-06T00:00:00.000Z,פינלנד,1,5,6
2021-09-06T00:00:00.000Z,פנמה,0,3,3
2021-09-06T00:00:00.000Z,פרגוואי,0,1,1
2021-09-06T00:00:00.000Z,אסטוניה,1,0,1
2021-09-06T00:00:00.000Z,צאד,2,0,2
2021-09-06T00:00:00.000Z,צ'ילה,0,3,3
2021-09-06T00:00:00.000Z,צכיה,217,98,315
2021-09-06T00:00:00.000Z,צרפת,138,135,273
2021-09-06T00:00:00.000Z,קולומביה,5,1,6
2021-09-06T00:00:00.000Z,קונגו,0,1,1
2021-09-06T00:00:00.000Z,קוסטה ריקה,11,6,17
2021-09-06T00:00:00.000Z,קזחסטאן,4,2,6
2021-09-06T00:00:00.000Z,קירג'זסטאן,1,1,2
2021-09-06T00:00:00.000Z,קנדה,14,104,118
2021-09-06T00:00:00.000Z,איחוד האמירויות הערב,29,19,48
2021-09-06T00:00:00.000Z,קניה,4,3,7
2021-09-06T00:00:00.000Z,קפריסין,32,20,52
2021-09-06T00:00:00.000Z,קרואטיה,1,1,2
2021-09-06T00:00:00.000Z,רואנדה,1,0,1
2021-09-06T00:00:00.000Z,רומניה,51,19,70
2021-09-06T00:00:00.000Z,רוסיה,115,197,312
2021-09-06T00:00:00.000Z,שוודיה,1,0,1
2021-09-06T00:00:00.000Z,פרו,5,7,12
2021-09-07T00:00:00.000Z,איחוד האמירויות הערב,19,10,29
2021-09-07T00:00:00.000Z,אוזבקיסטן,0,3,3
2021-09-07T00:00:00.000Z,אוסטריה,39,21,60
2021-09-07T00:00:00.000Z,אוסטרליה,0,1,1
2021-09-07T00:00:00.000Z,אוקראינה,85,126,211
2021-09-07T00:00:00.000Z,איטליה,76,31,107
2021-09-07T00:00:00.000Z,איי סיישל,0,4,4
2021-09-07T00:00:00.000Z,איסלנד,11,6,17
2021-09-07T00:00:00.000Z,אירלנד,2,1,3
2021-09-07T00:00:00.000Z,אלבניה,1,0,1
2021-09-07T00:00:00.000Z,אסטוניה,0,2,2
2021-09-07T00:00:00.000Z,אקואדור,0,1,1
2021-09-07T00:00:00.000Z,ארגנטינה,0,9,9
2021-09-07T00:00:00.000Z,ארמניה,0,1,1
2021-09-07T00:00:00.000Z,ארצות הברית,57,110,167
2021-09-07T00:00:00.000Z,אתיופיה,4,1,5
2021-09-07T00:00:00.000Z,בהמס,1,0,1
2021-09-07T00:00:00.000Z,בולגריה,0,1,1
2021-09-07T00:00:00.000Z,בוסניה הרצגובינה,6,1,7
2021-09-07T00:00:00.000Z,בלגיה,7,0,7
2021-09-07T00:00:00.000Z,ברזיל,0,2,2
2021-09-07T00:00:00.000Z,גאורגיה,1,0,1
2021-09-07T00:00:00.000Z,גרמניה,75,66,141
2021-09-07T00:00:00.000Z,דנמרק,1,3,4
2021-09-07T00:00:00.000Z,דרום אפריקה,1,0,1
2021-09-07T00:00:00.000Z,הודו,1,3,4
2021-09-07T00:00:00.000Z,הולנד,24,24,48
2021-09-07T00:00:00.000Z,הונג קונג,5,11,16
2021-09-07T00:00:00.000Z,הונגריה,177,104,281
2021-09-07T00:00:00.000Z,הממלכה המאוחדת,11,12,23
2021-09-07T00:00:00.000Z,ונצואלה,0,3,3
2021-09-07T00:00:00.000Z,זמביה,1,1,2
2021-09-07T00:00:00.000Z,טוגו,0,1,1
2021-09-07T00:00:00.000Z,טיוואן,0,1,1
2021-09-07T00:00:00.000Z,טנזניה,0,2,2
2021-09-07T00:00:00.000Z,יוון,190,52,242
2021-09-07T00:00:00.000Z,יפן,0,4,4
2021-09-07T00:00:00.000Z,ירדן,2,4,6
2021-09-07T00:00:00.000Z,כלל המדינות,1435,1392,2827
2021-09-07T00:00:00.000Z,לטביה,12,13,25
2021-09-07T00:00:00.000Z,אוגנדה,1,0,1
2021-09-07T00:00:00.000Z,מולדובה,34,37,71
2021-09-07T00:00:00.000Z,מונטנגרו,3,1,4
2021-09-07T00:00:00.000Z,מלאווי,0,1,1
2021-09-07T00:00:00.000Z,מלדיבים,5,6,11
2021-09-07T00:00:00.000Z,מצרים,134,46,180
2021-09-07T00:00:00.000Z,מרוקו,3,2,5
2021-09-07T00:00:00.000Z,ניו זילנד,0,3,3
2021-09-07T00:00:00.000Z,נפאל,0,1,1
2021-09-07T00:00:00.000Z,סין,22,30,52
2021-09-07T00:00:00.000Z,סלובניה,1,0,1
2021-09-07T00:00:00.000Z,סלובקיה,2,0,2
2021-09-07T00:00:00.000Z,ספרד,4,2,6
2021-09-07T00:00:00.000Z,סרביה,3,2,5
2021-09-07T00:00:00.000Z,סרי לנקה (צילון),0,1,1
2021-09-07T00:00:00.000Z,ערב הסעודית,2,0,2
2021-09-07T00:00:00.000Z,פולין,39,23,62
2021-09-07T00:00:00.000Z,פורטוגל,4,8,12
2021-09-07T00:00:00.000Z,פיליפינים,0,11,11
2021-09-07T00:00:00.000Z,פנמה,2,1,3
2021-09-07T00:00:00.000Z,פרו,0,3,3
2021-09-07T00:00:00.000Z,צכיה,70,36,106
2021-09-07T00:00:00.000Z,צרפת,30,26,56
2021-09-07T00:00:00.000Z,קוסובו,0,3,3
2021-09-07T00:00:00.000Z,קוסטה ריקה,3,9,12
2021-09-07T00:00:00.000Z,קוריאה הדרומית,1,0,1
2021-09-07T00:00:00.000Z,קזחסטאן,0,3,3
2021-09-07T00:00:00.000Z,קירג'זסטאן,1,1,2
2021-09-07T00:00:00.000Z,קמרון,1,0,1
2021-09-07T00:00:00.000Z,קנדה,7,26,33
2021-09-07T00:00:00.000Z,קניה,1,0,1
2021-09-07T00:00:00.000Z,קפריסין,5,3,8
2021-09-07T00:00:00.000Z,קרואטיה,1,2,3
2021-09-07T00:00:00.000Z,רואנדה,0,1,1
2021-09-07T00:00:00.000Z,רומניה,36,23,59
2021-09-07T00:00:00.000Z,רוסיה,83,130,213
2021-09-07T00:00:00.000Z,שוודיה,0,5,5
2021-09-07T00:00:00.000Z,שוויץ,27,26,53
2021-09-07T00:00:00.000Z,תורכיה,8,6,14
2021-09-07T00:00:00.000Z,תורכמניסטאן,1,0,1
2021-09-07T00:00:00.000Z,ליטא,0,4,4
2021-09-08T00:00:00.000Z,ניגריה,0,1,1
2021-09-08T00:00:00.000Z,מרוקו,0,1,1
2021-09-08T00:00:00.000Z,מקדוניה,2,0,2
2021-09-08T00:00:00.000Z,מצרים,313,79,392
2021-09-08T00:00:00.000Z,איחוד האמירויות הערב,37,15,52
2021-09-08T00:00:00.000Z,אזרביג'אן,2,0,2
2021-09-08T00:00:00.000Z,מונטנגרו,1,2,3
2021-09-08T00:00:00.000Z,מולדובה,0,1,1
2021-09-08T00:00:00.000Z,מוזמביק,0,3,3
2021-09-08T00:00:00.000Z,ליבריה,0,1,1
2021-09-08T00:00:00.000Z,כלל המדינות,2574,1812,4386
2021-09-08T00:00:00.000Z,ירדן,26,24,50
2021-09-08T00:00:00.000Z,יפן,1,4,5
2021-09-08T00:00:00.000Z,יוון,132,41,173
2021-09-08T00:00:00.000Z,טנזניה,5,11,16
2021-09-08T00:00:00.000Z,טיוואן,0,2,2
2021-09-08T00:00:00.000Z,זמביה,1,0,1
2021-09-08T00:00:00.000Z,זאיר,0,1,1
2021-09-08T00:00:00.000Z,הממלכה המאוחדת,25,25,50
2021-09-08T00:00:00.000Z,הונגריה,254,84,338
2021-09-08T00:00:00.000Z,הולנד,71,25,96
2021-09-08T00:00:00.000Z,דנמרק,13,2,15
2021-09-08T00:00:00.000Z,גרמניה,87,76,163
2021-09-08T00:00:00.000Z,גיברלטר,0,1,1
2021-09-08T00:00:00.000Z,גווטאמלה,1,2,3
2021-09-08T00:00:00.000Z,גאנה,3,1,4
2021-09-08T00:00:00.000Z,גאורגיה,21,17,38
2021-09-08T00:00:00.000Z,ברזיל,0,2,2
2021-09-08T00:00:00.000Z,בלגיה,2,1,3
2021-09-08T00:00:00.000Z,בוסניה הרצגובינה,8,2,10
2021-09-08T00:00:00.000Z,בולגריה,8,11,19
2021-09-08T00:00:00.000Z,אתיופיה,3,7,10
2021-09-08T00:00:00.000Z,ארצות הברית,130,217,347
2021-09-08T00:00:00.000Z,ארמניה,2,6,8
2021-09-08T00:00:00.000Z,אסטוניה,2,1,3
2021-09-08T00:00:00.000Z,איטליה,74,46,120
2021-09-08T00:00:00.000Z,איי סיישל,34,6,40
2021-09-08T00:00:00.000Z,איסלנד,3,1,4
2021-09-08T00:00:00.000Z,אירלנד,2,2,4
2021-09-08T00:00:00.000Z,אלבניה,1,0,1
2021-09-08T00:00:00.000Z,מלדיבים,13,14,27
2021-09-08T00:00:00.000Z,אוזבקיסטן,0,5,5
2021-09-08T00:00:00.000Z,אוסטריה,189,71,260
2021-09-08T00:00:00.000Z,אוסטרליה,0,3,3
2021-09-08T00:00:00.000Z,אוקראינה,176,202,378
2021-09-08T00:00:00.000Z,תורכיה,11,8,19
2021-09-08T00:00:00.000Z,תאילנד,3,1,4
2021-09-08T00:00:00.000Z,שוויץ,23,11,34
2021-09-08T00:00:00.000Z,שוודיה,2,3,5
2021-09-08T00:00:00.000Z,רוסיה,34,102,136
2021-09-08T00:00:00.000Z,רומניה,139,36,175
2021-09-08T00:00:00.000Z,ראוניון,0,1,1
2021-09-08T00:00:00.000Z,קרואטיה,10,9,19
2021-09-08T00:00:00.000Z,קפריסין,116,17,133
2021-09-08T00:00:00.000Z,קניה,3,3,6
2021-09-08T00:00:00.000Z,קנדה,14,26,40
2021-09-08T00:00:00.000Z,קזחסטאן,2,3,5
2021-09-08T00:00:00.000Z,קוריאה הדרומית,0,1,1
2021-09-08T00:00:00.000Z,קוסטה ריקה,3,15,18
2021-09-08T00:00:00.000Z,קולומביה,0,1,1
2021-09-08T00:00:00.000Z,צרפת,79,51,130
2021-09-08T00:00:00.000Z,צכיה,274,58,332
2021-09-08T00:00:00.000Z,פרו,0,4,4
2021-09-08T00:00:00.000Z,פינלנד,25,22,47
2021-09-08T00:00:00.000Z,פורטוגל,20,9,29
2021-09-08T00:00:00.000Z,פולין,53,11,64
2021-09-08T00:00:00.000Z,ערב הסעודית,1,1,2
2021-09-08T00:00:00.000Z,סרי לנקה (צילון),0,1,1
2021-09-08T00:00:00.000Z,סרביה,2,0,2
2021-09-08T00:00:00.000Z,ספרד,8,3,11
2021-09-08T00:00:00.000Z,סלובניה,0,1,1
2021-09-08T00:00:00.000Z,סינגפור,0,2,2
2021-09-09T00:00:00.000Z,זימבאבווה,0,2,2
2021-09-09T00:00:00.000Z,גווטאמלה,1,1,2
2021-09-09T00:00:00.000Z,תורכיה,24,56,80
2021-09-09T00:00:00.000Z,תאילנד,0,1,1
2021-09-09T00:00:00.000Z,שוויץ,55,31,86
2021-09-09T00:00:00.000Z,שוודיה,10,15,25
2021-09-09T00:00:00.000Z,רוסיה,63,100,163
2021-09-09T00:00:00.000Z,רומניה,145,50,195
2021-09-09T00:00:00.000Z,קרואטיה,2,1,3
2021-09-09T00:00:00.000Z,קפריסין,203,82,285
2021-09-09T00:00:00.000Z,קניה,1,0,1
2021-09-09T00:00:00.000Z,קנדה,20,36,56
2021-09-09T00:00:00.000Z,קירג'זסטאן,2,1,3
2021-09-09T00:00:00.000Z,קזחסטאן,2,2,4
2021-09-09T00:00:00.000Z,קוריאה הדרומית,0,4,4
2021-09-09T00:00:00.000Z,קולומביה,2,6,8
2021-09-09T00:00:00.000Z,קובה,0,1,1
2021-09-09T00:00:00.000Z,צרפת,249,312,561
2021-09-09T00:00:00.000Z,צכיה,248,77,325
2021-09-09T00:00:00.000Z,צ'ילה,0,1,1
2021-09-09T00:00:00.000Z,פרו,0,9,9
2021-09-09T00:00:00.000Z,פנמה,0,1,1
2021-09-09T00:00:00.000Z,פינלנד,1,0,1
2021-09-09T00:00:00.000Z,פיליפינים,0,14,14
2021-09-09T00:00:00.000Z,פורטוגל,27,14,41
2021-09-09T00:00:00.000Z,פולין,146,77,223
2021-09-09T00:00:00.000Z,גאורגיה,148,34,182
2021-09-09T00:00:00.000Z,ברזיל,0,2,2
2021-09-09T00:00:00.000Z,בלגיה,35,54,89
2021-09-09T00:00:00.000Z,בילורוסיה,61,79,140
2021-09-09T00:00:00.000Z,בוסניה הרצגובינה,3,4,7
2021-09-09T00:00:00.000Z,אתיופיה,4,5,9
2021-09-09T00:00:00.000Z,ארצות הברית,265,464,729
2021-09-09T00:00:00.000Z,ארמניה,15,11,26
2021-09-09T00:00:00.000Z,ארגנטינה,0,2,2
2021-09-09T00:00:00.000Z,אסטוניה,1,0,1
2021-09-09T00:00:00.000Z,אלבניה,1,0,1
2021-09-09T00:00:00.000Z,אירלנד,3,2,5
2021-09-09T00:00:00.000Z,איסלנד,27,13,40
2021-09-09T00:00:00.000Z,איי קוק,1,1,2
2021-09-09T00:00:00.000Z,איי סיישל,0,2,2
2021-09-09T00:00:00.000Z,איטליה,198,98,296
2021-09-09T00:00:00.000Z,אזרביג'אן,34,35,69
2021-09-09T00:00:00.000Z,אורגוואי,1,1,2
2021-09-09T00:00:00.000Z,אוקראינה,3773,6901,10674
2021-09-09T00:00:00.000Z,אוסטרליה,0,5,5
2021-09-09T00:00:00.000Z,אוסטריה,132,97,229
2021-09-09T00:00:00.000Z,אוזבקיסטן,0,3,3
2021-09-09T00:00:00.000Z,ערב הסעודית,2,0,2
2021-09-09T00:00:00.000Z,עומן,1,0,1
2021-09-09T00:00:00.000Z,סרי לנקה (צילון),0,1,1
2021-09-09T00:00:00.000Z,סרביה,8,4,12
2021-09-09T00:00:00.000Z,ספרד,28,29,57
2021-09-09T00:00:00.000Z,סנגל,0,1,1
2021-09-09T00:00:00.000Z,סלובקיה,0,3,3
2021-09-09T00:00:00.000Z,סין,2,8,10
2021-09-09T00:00:00.000Z,סט וינסנט,2,2,4
2021-09-09T00:00:00.000Z,סוריה,1,4,5
2021-09-09T00:00:00.000Z,נמיביה,0,2,2
2021-09-09T00:00:00.000Z,ניו זילנד,3,1,4
2021-09-09T00:00:00.000Z,ניגריה,3,2,5
2021-09-09T00:00:00.000Z,נורבגיה,0,3,3
2021-09-09T00:00:00.000Z,מרוקו,1,2,3
2021-09-09T00:00:00.000Z,מצרים,277,90,367
2021-09-09T00:00:00.000Z,מלדיבים,18,7,25
2021-09-09T00:00:00.000Z,מולדובה,140,391,531
2021-09-09T00:00:00.000Z,מאלי,3,1,4
2021-09-09T00:00:00.000Z,לסוטו,0,1,1
2021-09-09T00:00:00.000Z,ליטא,63,17,80
2021-09-09T00:00:00.000Z,לבנון,0,3,3
2021-09-09T00:00:00.000Z,גאנה,1,0,1
2021-09-09T00:00:00.000Z,כלל המדינות,8641,11095,19736
2021-09-09T00:00:00.000Z,ירדן,296,130,426
2021-09-09T00:00:00.000Z,יפן,1,4,5
2021-09-09T00:00:00.000Z,יוון,462,126,588
2021-09-09T00:00:00.000Z,איחוד האמירויות הערב,30,22,52
2021-09-09T00:00:00.000Z,גיברלטר,1,0,1
2021-09-09T00:00:00.000Z,גינאה,0,1,1
2021-09-09T00:00:00.000Z,גינאה המשוונית,1,0,1
2021-09-09T00:00:00.000Z,גרמניה,162,125,287
2021-09-09T00:00:00.000Z,דומיניקה,0,2,2
2021-09-09T00:00:00.000Z,דנמרק,51,19,70
2021-09-09T00:00:00.000Z,דרום אפריקה,3,9,12
2021-09-09T00:00:00.000Z,הודו,7,4,11
2021-09-09T00:00:00.000Z,הולנד,78,62,140
2021-09-09T00:00:00.000Z,הונגריה,360,238,598
2021-09-09T00:00:00.000Z,הונדורס,0,1,1
2021-09-09T00:00:00.000Z,הממלכה המאוחדת,180,244,424
2021-09-09T00:00:00.000Z,הרפ הדומיניקנית,2,0,2
2021-09-09T00:00:00.000Z,טנזניה,4,3,7
2021-09-09T00:00:00.000Z,טג'יקיסטאן,0,1,1
2021-09-10T00:00:00.000Z,הולנד,56,37,93
2021-09-10T00:00:00.000Z,קוסטה ריקה,14,32,46
2021-09-10T00:00:00.000Z,אבחזיסטאן,0,1,1
2021-09-10T00:00:00.000Z,אוזבקיסטן,0,1,1
2021-09-10T00:00:00.000Z,אוסטריה,509,207,716
2021-09-10T00:00:00.000Z,אוסטרליה,3,7,10
2021-09-10T00:00:00.000Z,אוקראינה,1649,4944,6593
2021-09-10T00:00:00.000Z,אורגוואי,1,2,3
2021-09-10T00:00:00.000Z,אזרביג'אן,1,0,1
2021-09-10T00:00:00.000Z,איטליה,286,121,407
2021-09-10T00:00:00.000Z,אינדונזיה,0,2,2
2021-09-10T00:00:00.000Z,איסלנד,6,5,11
2021-09-10T00:00:00.000Z,אירלנד,5,1,6
2021-09-10T00:00:00.000Z,אלבניה,1,0,1
2021-09-10T00:00:00.000Z,אסטוניה,2,0,2
2021-09-10T00:00:00.000Z,אקואדור,2,1,3
2021-09-10T00:00:00.000Z,ארגנטינה,0,6,6
2021-09-10T00:00:00.000Z,ארמניה,2,2,4
2021-09-10T00:00:00.000Z,ארצות הברית,584,1179,1763
2021-09-10T00:00:00.000Z,בוטסואנה,1,0,1
2021-09-10T00:00:00.000Z,בולגריה,22,35,57
2021-09-10T00:00:00.000Z,בוסניה הרצגובינה,9,2,11
2021-09-10T00:00:00.000Z,בלגיה,3,10,13
2021-09-10T00:00:00.000Z,ברזיל,1,8,9
2021-09-10T00:00:00.000Z,גאורגיה,15,25,40
2021-09-10T00:00:00.000Z,גאנה,1,0,1
2021-09-10T00:00:00.000Z,גווטאמלה,0,2,2
2021-09-10T00:00:00.000Z,גרמניה,190,88,278
2021-09-10T00:00:00.000Z,קזחסטאן,1,2,3
2021-09-10T00:00:00.000Z,קטר,0,2,2
2021-09-10T00:00:00.000Z,קנדה,43,98,141
2021-09-10T00:00:00.000Z,קניה,1,0,1
2021-09-10T00:00:00.000Z,קפריסין,96,20,116
2021-09-10T00:00:00.000Z,קרואטיה,6,5,11
2021-09-10T00:00:00.000Z,רומניה,62,64,126
2021-09-10T00:00:00.000Z,רוסיה,167,191,358
2021-09-10T00:00:00.000Z,שוודיה,2,2,4
2021-09-10T00:00:00.000Z,שוויץ,171,65,236
2021-09-10T00:00:00.000Z,תאילנד,0,3,3
2021-09-10T00:00:00.000Z,תורכיה,40,48,88
2021-09-10T00:00:00.000Z,תורכמניסטאן,0,1,1
2021-09-10T00:00:00.000Z,דנמרק,7,2,9
2021-09-10T00:00:00.000Z,דרום אפריקה,0,1,1
2021-09-10T00:00:00.000Z,הודו,0,3,3
2021-09-10T00:00:00.000Z,איחוד האמירויות הערב,60,20,80
2021-09-10T00:00:00.000Z,הונג קונג,0,1,1
2021-09-10T00:00:00.000Z,הונגריה,510,215,725
2021-09-10T00:00:00.000Z,הממלכה המאוחדת,87,102,189
2021-09-10T00:00:00.000Z,הרפ הדומיניקנית,1,2,3
2021-09-10T00:00:00.000Z,ויטנאם,0,1,1
2021-09-10T00:00:00.000Z,ונצואלה,1,7,8
2021-09-10T00:00:00.000Z,חוף השנהב,1,0,1
2021-09-10T00:00:00.000Z,יוון,491,150,641
2021-09-10T00:00:00.000Z,יפן,0,2,2
2021-09-10T00:00:00.000Z,ירדן,2,4,6
2021-09-10T00:00:00.000Z,כלל המדינות,7175,9090,16265
2021-09-10T00:00:00.000Z,לטביה,3,0,3
2021-09-10T00:00:00.000Z,ליטא,0,2,2
2021-09-10T00:00:00.000Z,מאלי,0,2,2
2021-09-10T00:00:00.000Z,מולדובה,51,55,106
2021-09-10T00:00:00.000Z,מונטנגרו,151,15,166
2021-09-10T00:00:00.000Z,מלדיבים,48,14,62
2021-09-10T00:00:00.000Z,מלטה,0,1,1
2021-09-10T00:00:00.000Z,מצרים,395,154,549
2021-09-10T00:00:00.000Z,מרוקו,1,4,5
2021-09-10T00:00:00.000Z,נורבגיה,0,1,1
2021-09-10T00:00:00.000Z,ניגריה,0,1,1
2021-09-10T00:00:00.000Z,ניו זילנד,0,1,1
2021-09-10T00:00:00.000Z,נפאל,0,1,1
2021-09-10T00:00:00.000Z,סוריה,3,2,5
2021-09-10T00:00:00.000Z,סין,11,7,18
2021-09-10T00:00:00.000Z,סינגפור,0,3,3
2021-09-10T00:00:00.000Z,סלובניה,5,0,5
2021-09-10T00:00:00.000Z,סלובקיה,112,28,140
2021-09-10T00:00:00.000Z,ספרד,52,33,85
2021-09-10T00:00:00.000Z,סרביה,0,2,2
2021-09-10T00:00:00.000Z,סרי לנקה (צילון),0,2,2
2021-09-10T00:00:00.000Z,ערב הסעודית,0,3,3
2021-09-10T00:00:00.000Z,פולין,226,173,399
2021-09-10T00:00:00.000Z,פורטוגל,6,5,11
2021-09-10T00:00:00.000Z,פינלנד,52,32,84
2021-09-10T00:00:00.000Z,פנמה,2,1,3
2021-09-10T00:00:00.000Z,פרגוואי,0,8,8
2021-09-10T00:00:00.000Z,פרו,4,5,9
2021-09-10T00:00:00.000Z,צכיה,423,146,569
2021-09-10T00:00:00.000Z,צרפת,128,111,239
2021-09-10T00:00:00.000Z,קולומביה,0,4,4
2021-09-10T00:00:00.000Z,קוריאה הדרומית,1,0,1
2021-09-11T00:00:00.000Z,מונטנגרו,2,3,5
2021-09-11T00:00:00.000Z,מונקו,0,2,2
2021-09-11T00:00:00.000Z,מלדיבים,38,14,52
2021-09-11T00:00:00.000Z,מלטה,2,0,2
2021-09-11T00:00:00.000Z,מצרים,850,197,1047
2021-09-11T00:00:00.000Z,מקסיקו,0,4,4
2021-09-11T00:00:00.000Z,מרוקו,2,2,4
2021-09-11T00:00:00.000Z,נורבגיה,2,2,4
2021-09-11T00:00:00.000Z,ניגריה,2,1,3
2021-09-11T00:00:00.000Z,ניו זילנד,0,2,2
2021-09-11T00:00:00.000Z,נמיביה,0,1,1
2021-09-11T00:00:00.000Z,סין,0,1,1
2021-09-11T00:00:00.000Z,סלובניה,2,2,4
2021-09-11T00:00:00.000Z,סלובקיה,63,12,75
2021-09-11T00:00:00.000Z,ספרד,17,10,27
2021-09-11T00:00:00.000Z,סרביה,6,4,10
2021-09-11T00:00:00.000Z,סרי לנקה (צילון),0,5,5
2021-09-11T00:00:00.000Z,פולין,224,33,257
2021-09-11T00:00:00.000Z,פורטוגל,10,8,18
2021-09-11T00:00:00.000Z,פיליפינים,1,0,1
2021-09-11T00:00:00.000Z,פינלנד,3,1,4
2021-09-11T00:00:00.000Z,פנמה,3,7,10
2021-09-11T00:00:00.000Z,פרו,3,7,10
2021-09-11T00:00:00.000Z,צכיה,643,85,728
2021-09-11T00:00:00.000Z,צרפת,340,110,450
2021-09-11T00:00:00.000Z,קובה,1,0,1
2021-09-11T00:00:00.000Z,קולומביה,0,2,2
2021-09-11T00:00:00.000Z,קוסטה ריקה,2,2,4
2021-09-11T00:00:00.000Z,קזחסטאן,0,1,1
2021-09-11T00:00:00.000Z,קנדה,40,64,104
2021-09-11T00:00:00.000Z,קניה,3,3,6
2021-09-11T00:00:00.000Z,קפריסין,232,28,260
2021-09-11T00:00:00.000Z,קרואטיה,8,2,10
2021-09-11T00:00:00.000Z,רואנדה,0,1,1
2021-09-11T00:00:00.000Z,רומניה,318,55,373
2021-09-11T00:00:00.000Z,רוסיה,8,3,11
2021-09-11T00:00:00.000Z,שוודיה,7,14,21
2021-09-11T00:00:00.000Z,שוויץ,88,17,105
2021-09-11T00:00:00.000Z,תאילנד,0,1,1
2021-09-11T00:00:00.000Z,תורכיה,25,16,41
2021-09-11T00:00:00.000Z,אוגנדה,1,1,2
2021-09-11T00:00:00.000Z,אוקראינה,300,178,478
2021-09-11T00:00:00.000Z,אוסטריה,344,49,393
2021-09-11T00:00:00.000Z,אזרביג'אן,3,1,4
2021-09-11T00:00:00.000Z,איטליה,283,63,346
2021-09-11T00:00:00.000Z,איסלנד,22,7,29
2021-09-11T00:00:00.000Z,אירן,0,1,1
2021-09-11T00:00:00.000Z,אלבניה,1,0,1
2021-09-11T00:00:00.000Z,אנגולה,3,0,3
2021-09-11T00:00:00.000Z,אסטוניה,3,0,3
2021-09-11T00:00:00.000Z,אקואדור,3,4,7
2021-09-11T00:00:00.000Z,ארמניה,1,2,3
2021-09-11T00:00:00.000Z,ארצות הברית,352,450,802
2021-09-11T00:00:00.000Z,אתיופיה,6,8,14
2021-09-11T00:00:00.000Z,בהמס,1,0,1
2021-09-11T00:00:00.000Z,בולגריה,1,5,6
2021-09-11T00:00:00.000Z,בוסניה הרצגובינה,4,1,5
2021-09-11T00:00:00.000Z,בחריין,0,1,1
2021-09-11T00:00:00.000Z,בלגיה,6,4,10
2021-09-11T00:00:00.000Z,גאורגיה,42,27,69
2021-09-11T00:00:00.000Z,גאנה,1,1,2
2021-09-11T00:00:00.000Z,גווטאמלה,0,1,1
2021-09-11T00:00:00.000Z,גרמניה,271,89,360
2021-09-11T00:00:00.000Z,דנמרק,11,0,11
2021-09-11T00:00:00.000Z,דרום אפריקה,8,18,26
2021-09-11T00:00:00.000Z,הודו,1,0,1
2021-09-11T00:00:00.000Z,איחוד האמירויות הערב,70,21,91
2021-09-11T00:00:00.000Z,הולנד,101,58,159
2021-09-11T00:00:00.000Z,הונג קונג,1,0,1
2021-09-11T00:00:00.000Z,הונגריה,433,101,534
2021-09-11T00:00:00.000Z,הונדורס,1,0,1
2021-09-11T00:00:00.000Z,הממלכה המאוחדת,127,60,187
2021-09-11T00:00:00.000Z,הרפ הדומיניקנית,2,1,3
2021-09-11T00:00:00.000Z,זאיר,1,0,1
2021-09-11T00:00:00.000Z,זמביה,2,1,3
2021-09-11T00:00:00.000Z,טג'יקיסטאן,0,2,2
2021-09-11T00:00:00.000Z,טנזניה,8,10,18
2021-09-11T00:00:00.000Z,יוון,574,107,681
2021-09-11T00:00:00.000Z,יפן,0,4,4
2021-09-11T00:00:00.000Z,ירדן,2,1,3
2021-09-11T00:00:00.000Z,כלל המדינות,6143,2368,8511
2021-09-11T00:00:00.000Z,לוכסמבורג,1,1,2
2021-09-11T00:00:00.000Z,לטביה,32,13,45
2021-09-11T00:00:00.000Z,ליטא,11,1,12
2021-09-11T00:00:00.000Z,מאוריציוס,3,0,3
2021-09-11T00:00:00.000Z,מאלי,2,0,2
2021-09-11T00:00:00.000Z,אוסטרליה,0,1,1
2021-09-12T00:00:00.000Z,אוקראינה,511,1243,1754
2021-09-12T00:00:00.000Z,תאילנד,39,223,262
2021-09-12T00:00:00.000Z,שוודיה,11,7,18
2021-09-12T00:00:00.000Z,רוסיה,97,186,283
2021-09-12T00:00:00.000Z,רומניה,177,43,220
2021-09-12T00:00:00.000Z,רואנדה,0,2,2
2021-09-12T00:00:00.000Z,קרואטיה,23,8,31
2021-09-12T00:00:00.000Z,קפריסין,256,50,306
2021-09-12T00:00:00.000Z,קנדה,32,69,101
2021-09-12T00:00:00.000Z,קירג'זסטאן,0,2,2
2021-09-12T00:00:00.000Z,קזחסטאן,4,3,7
2021-09-12T00:00:00.000Z,קוריאה הדרומית,2,2,4
2021-09-12T00:00:00.000Z,קוסטה ריקה,6,17,23
2021-09-12T00:00:00.000Z,קולומביה,1,4,5
2021-09-12T00:00:00.000Z,צרפת,435,426,861
2021-09-12T00:00:00.000Z,צכיה,352,61,413
2021-09-12T00:00:00.000Z,פרו,0,2,2
2021-09-12T00:00:00.000Z,פרגוואי,0,1,1
2021-09-12T00:00:00.000Z,פנמה,1,2,3
2021-09-12T00:00:00.000Z,פיליפינים,0,4,4
2021-09-12T00:00:00.000Z,פורטוגל,77,42,119
2021-09-12T00:00:00.000Z,פולין,136,36,172
2021-09-12T00:00:00.000Z,סרי לנקה (צילון),1,2,3
2021-09-12T00:00:00.000Z,סרביה,6,5,11
2021-09-12T00:00:00.000Z,ספרד,50,41,91
2021-09-12T00:00:00.000Z,סלובקיה,1,2,3
2021-09-12T00:00:00.000Z,סלובניה,4,1,5
2021-09-12T00:00:00.000Z,סינגפור,2,3,5
2021-09-12T00:00:00.000Z,סיירה ליאונה,0,1,1
2021-09-12T00:00:00.000Z,סוריה,3,1,4
2021-09-12T00:00:00.000Z,ניגריה,1,1,2
2021-09-12T00:00:00.000Z,נורבגיה,3,1,4
2021-09-12T00:00:00.000Z,מרוקו,5,4,9
2021-09-12T00:00:00.000Z,מקסיקו,0,1,1
2021-09-12T00:00:00.000Z,מקאו,1,0,1
2021-09-12T00:00:00.000Z,מצרים,473,107,580
2021-09-12T00:00:00.000Z,מלטה,1,1,2
2021-09-12T00:00:00.000Z,מלדיבים,44,13,57
2021-09-12T00:00:00.000Z,מונטנגרו,1,0,1
2021-09-12T00:00:00.000Z,מולדובה,105,150,255
2021-09-12T00:00:00.000Z,איסלנד,35,13,48
2021-09-12T00:00:00.000Z,איי סיישל,53,7,60
2021-09-12T00:00:00.000Z,איי טורקס וקייקוס,1,1,2
2021-09-12T00:00:00.000Z,איטליה,464,154,618
2021-09-12T00:00:00.000Z,אזרביג'אן,53,34,87
2021-09-12T00:00:00.000Z,אורגוואי,0,6,6
2021-09-12T00:00:00.000Z,שוויץ,296,183,479
2021-09-12T00:00:00.000Z,אוסטרליה,1,17,18
2021-09-12T00:00:00.000Z,אוסטריה,361,80,441
2021-09-12T00:00:00.000Z,אוזבקיסטן,1,0,1
2021-09-12T00:00:00.000Z,מוזמביק,2,1,3
2021-09-12T00:00:00.000Z,מאלי,1,1,2
2021-09-12T00:00:00.000Z,ליטא,94,37,131
2021-09-12T00:00:00.000Z,לטביה,4,0,4
2021-09-12T00:00:00.000Z,לוכסמבורג,0,1,1
2021-09-12T00:00:00.000Z,לבנון,0,2,2
2021-09-12T00:00:00.000Z,כלל המדינות,8202,6143,14345
2021-09-12T00:00:00.000Z,ירדן,217,80,297
2021-09-12T00:00:00.000Z,יפן,0,2,2
2021-09-12T00:00:00.000Z,יוון,1117,302,1419
2021-09-12T00:00:00.000Z,טנזניה,1,3,4
2021-09-12T00:00:00.000Z,ונצואלה,0,5,5
2021-09-12T00:00:00.000Z,הרפ הדומיניקנית,7,2,9
2021-09-12T00:00:00.000Z,הממלכה המאוחדת,264,385,649
2021-09-12T00:00:00.000Z,הונדורס,1,0,1
2021-09-12T00:00:00.000Z,הונגריה,460,134,594
2021-09-12T00:00:00.000Z,הונג קונג,0,2,2
2021-09-12T00:00:00.000Z,הולנד,127,128,255
2021-09-12T00:00:00.000Z,הודו,1,3,4
2021-09-12T00:00:00.000Z,דרום אפריקה,0,2,2
2021-09-12T00:00:00.000Z,דנמרק,47,39,86
2021-09-12T00:00:00.000Z,גרנדה,1,0,1
2021-09-12T00:00:00.000Z,גרמניה,326,185,511
2021-09-12T00:00:00.000Z,גויאנה הצרפתית,1,0,1
2021-09-12T00:00:00.000Z,גווטאמלה,2,0,2
2021-09-12T00:00:00.000Z,גאנה,0,1,1
2021-09-12T00:00:00.000Z,גאורגיה,346,52,398
2021-09-12T00:00:00.000Z,ברזיל,2,2,4
2021-09-12T00:00:00.000Z,איחוד האמירויות הערב,60,39,99
2021-09-12T00:00:00.000Z,בלגיה,33,61,94
2021-09-12T00:00:00.000Z,בילורוסיה,58,57,115
2021-09-12T00:00:00.000Z,בחריין,1,0,1
2021-09-12T00:00:00.000Z,בוסניה הרצגובינה,11,0,11
2021-09-12T00:00:00.000Z,בולגריה,4,31,35
2021-09-12T00:00:00.000Z,בהמס,2,0,2
2021-09-12T00:00:00.000Z,ארצות הברית,356,532,888
2021-09-12T00:00:00.000Z,ארמניה,0,2,2
2021-09-12T00:00:00.000Z,ארגנטינה,1,13,14
2021-09-12T00:00:00.000Z,אקואדור,1,0,1
2021-09-12T00:00:00.000Z,אסטוניה,7,5,12
2021-09-12T00:00:00.000Z,אלבניה,2,0,2
2021-09-12T00:00:00.000Z,אירלנד,2,4,6
2021-09-12T00:00:00.000Z,תורכיה,30,52,82
2021-09-13T00:00:00.000Z,ארמניה,1,17,18
2021-09-13T00:00:00.000Z,ארגנטינה,0,5,5
2021-09-13T00:00:00.000Z,אסטוניה,2,1,3
2021-09-13T00:00:00.000Z,אל סלבדור,0,1,1
2021-09-13T00:00:00.000Z,אירלנד,3,4,7
2021-09-13T00:00:00.000Z,איסלנד,21,4,25
2021-09-13T00:00:00.000Z,איטליה,298,96,394
2021-09-13T00:00:00.000Z,אזרביג'אן,0,21,21
2021-09-13T00:00:00.000Z,אורגוואי,0,5,5
2021-09-13T00:00:00.000Z,אוקראינה,298,1073,1371
2021-09-13T00:00:00.000Z,תורכיה,25,58,83
2021-09-13T00:00:00.000Z,תאילנד,1,1,2
2021-09-13T00:00:00.000Z,שוויץ,139,64,203
2021-09-13T00:00:00.000Z,שוודיה,4,4,8
2021-09-13T00:00:00.000Z,רפ מרכז אפריקנית,0,1,1
2021-09-13T00:00:00.000Z,רוסיה,174,201,375
2021-09-13T00:00:00.000Z,רומניה,293,64,357
2021-09-13T00:00:00.000Z,רואנדה,5,1,6
2021-09-13T00:00:00.000Z,קרואטיה,8,8,16
2021-09-13T00:00:00.000Z,קפריסין,117,35,152
2021-09-13T00:00:00.000Z,קניה,1,4,5
2021-09-13T00:00:00.000Z,קנדה,44,311,355
2021-09-13T00:00:00.000Z,קירג'זסטאן,1,1,2
2021-09-13T00:00:00.000Z,קזחסטאן,3,2,5
2021-09-13T00:00:00.000Z,קוסטה ריקה,2,5,7
2021-09-13T00:00:00.000Z,קולומביה,3,2,5
2021-09-13T00:00:00.000Z,קובה,0,1,1
2021-09-13T00:00:00.000Z,צרפת,359,313,672
2021-09-13T00:00:00.000Z,צכיה,386,92,478
2021-09-13T00:00:00.000Z,פרו,2,4,6
2021-09-13T00:00:00.000Z,פנמה,4,23,27
2021-09-13T00:00:00.000Z,פינלנד,3,0,3
2021-09-13T00:00:00.000Z,פיליפינים,0,2,2
2021-09-13T00:00:00.000Z,פורטוגל,14,10,24
2021-09-13T00:00:00.000Z,פולין,311,125,436
2021-09-13T00:00:00.000Z,סרי לנקה (צילון),1,1,2
2021-09-13T00:00:00.000Z,סרביה,1,1,2
2021-09-13T00:00:00.000Z,ספרד,54,38,92
2021-09-13T00:00:00.000Z,סלובקיה,54,8,62
2021-09-13T00:00:00.000Z,סוריה,1,4,5
2021-09-13T00:00:00.000Z,נמיביה,1,1,2
2021-09-13T00:00:00.000Z,ניגריה,2,3,5
2021-09-13T00:00:00.000Z,נורבגיה,0,3,3
2021-09-13T00:00:00.000Z,מרוקו,3,0,3
2021-09-13T00:00:00.000Z,מקסיקו,0,18,18
2021-09-13T00:00:00.000Z,מצרים,248,67,315
2021-09-13T00:00:00.000Z,מלטה,1,0,1
2021-09-13T00:00:00.000Z,מלזיה,1,0,1
2021-09-13T00:00:00.000Z,מלאווי,0,1,1
2021-09-13T00:00:00.000Z,אוסטרליה,1,5,6
2021-09-13T00:00:00.000Z,אוסטריה,479,114,593
2021-09-13T00:00:00.000Z,אוזבקיסטן,12,57,69
2021-09-13T00:00:00.000Z,אוגנדה,3,4,7
2021-09-13T00:00:00.000Z,כלל המדינות,6104,7076,13180
2021-09-13T00:00:00.000Z,מונקו,5,1,6
2021-09-13T00:00:00.000Z,מונטנגרו,64,9,73
2021-09-13T00:00:00.000Z,מוזמביק,2,0,2
2021-09-13T00:00:00.000Z,מאלי,3,0,3
2021-09-13T00:00:00.000Z,ליטא,2,0,2
2021-09-13T00:00:00.000Z,לטביה,1,0,1
2021-09-13T00:00:00.000Z,לוכסמבורג,9,5,14
2021-09-13T00:00:00.000Z,לבנון,0,1,1
2021-09-13T00:00:00.000Z,ירדן,65,107,172
2021-09-13T00:00:00.000Z,יפן,0,2,2
2021-09-13T00:00:00.000Z,יוון,342,151,493
2021-09-13T00:00:00.000Z,טנזניה,9,5,14
2021-09-13T00:00:00.000Z,חוף השנהב,2,1,3
2021-09-13T00:00:00.000Z,זמביה,3,1,4
2021-09-13T00:00:00.000Z,זימבאבווה,0,1,1
2021-09-13T00:00:00.000Z,הרפ הדומיניקנית,1,0,1
2021-09-13T00:00:00.000Z,הממלכה המאוחדת,264,544,808
2021-09-13T00:00:00.000Z,הונדורס,3,0,3
2021-09-13T00:00:00.000Z,הונגריה,362,114,476
2021-09-13T00:00:00.000Z,הונג קונג,0,2,2
2021-09-13T00:00:00.000Z,הולנד,19,17,36
2021-09-13T00:00:00.000Z,הודו,17,95,112
2021-09-13T00:00:00.000Z,דרום אפריקה,17,31,48
2021-09-13T00:00:00.000Z,איחוד האמירויות הערב,70,18,88
2021-09-13T00:00:00.000Z,דנמרק,5,5,10
2021-09-13T00:00:00.000Z,דומיניקה,0,1,1
2021-09-13T00:00:00.000Z,גרמניה,302,142,444
2021-09-13T00:00:00.000Z,גיברלטר,1,0,1
2021-09-13T00:00:00.000Z,גווטאמלה,4,2,6
2021-09-13T00:00:00.000Z,גאנה,3,0,3
2021-09-13T00:00:00.000Z,גאורגיה,19,17,36
2021-09-13T00:00:00.000Z,ברזיל,4,2,6
2021-09-13T00:00:00.000Z,בלגיה,49,174,223
2021-09-13T00:00:00.000Z,בילורוסיה,0,2,2
2021-09-13T00:00:00.000Z,בוסניה הרצגובינה,10,5,15
2021-09-13T00:00:00.000Z,בולגריה,6,23,29
2021-09-13T00:00:00.000Z,בוטסואנה,2,0,2
2021-09-13T00:00:00.000Z,אתיופיה,14,13,27
2021-09-13T00:00:00.000Z,ארצות הברית,482,1890,2372
2021-09-13T00:00:00.000Z,מלדיבים,47,6,53
2021-09-14T00:00:00.000Z,ירדן,35,29,64
2021-09-14T00:00:00.000Z,לבנון,0,1,1
2021-09-14T00:00:00.000Z,לוכסמבורג,1,0,1
2021-09-14T00:00:00.000Z,לטביה,19,17,36
2021-09-14T00:00:00.000Z,ליטא,4,3,7
2021-09-14T00:00:00.000Z,מאלי,1,1,2
2021-09-14T00:00:00.000Z,מולדובה,37,84,121
2021-09-14T00:00:00.000Z,מונטנגרו,22,10,32
2021-09-14T00:00:00.000Z,מונקו,1,0,1
2021-09-14T00:00:00.000Z,מלדיבים,20,17,37
2021-09-14T00:00:00.000Z,מצרים,445,139,584
2021-09-14T00:00:00.000Z,יוון,858,230,1088
2021-09-14T00:00:00.000Z,טנזניה,12,10,22
2021-09-14T00:00:00.000Z,טוגו,1,0,1
2021-09-14T00:00:00.000Z,חוף השנהב,4,1,5
2021-09-14T00:00:00.000Z,זאיר,2,1,3
2021-09-14T00:00:00.000Z,הרפ הדומיניקנית,2,4,6
2021-09-14T00:00:00.000Z,הממלכה המאוחדת,186,390,576
2021-09-14T00:00:00.000Z,הונגריה,424,114,538
2021-09-14T00:00:00.000Z,הונג קונג,4,9,13
2021-09-14T00:00:00.000Z,הולנד,56,76,132
2021-09-14T00:00:00.000Z,הודו,1,5,6
2021-09-14T00:00:00.000Z,דרום אפריקה,6,8,14
2021-09-14T00:00:00.000Z,דנמרק,7,5,12
2021-09-14T00:00:00.000Z,גרמניה,270,119,389
2021-09-14T00:00:00.000Z,גווטאמלה,2,1,3
2021-09-14T00:00:00.000Z,גאנה,2,6,8
2021-09-14T00:00:00.000Z,איחוד האמירויות הערב,147,33,180
2021-09-14T00:00:00.000Z,גאורגיה,96,31,127
2021-09-14T00:00:00.000Z,ברזיל,3,3,6
2021-09-14T00:00:00.000Z,בלגיה,7,79,86
2021-09-14T00:00:00.000Z,בילורוסיה,86,77,163
2021-09-14T00:00:00.000Z,בחריין,1,0,1
2021-09-14T00:00:00.000Z,בוסניה הרצגובינה,5,4,9
2021-09-14T00:00:00.000Z,בולגריה,5,3,8
2021-09-14T00:00:00.000Z,אתיופיה,21,20,41
2021-09-14T00:00:00.000Z,ארצות הברית,464,1476,1940
2021-09-14T00:00:00.000Z,ארמניה,5,0,5
2021-09-14T00:00:00.000Z,ארגנטינה,0,27,27
2021-09-14T00:00:00.000Z,אקואדור,3,3,6
2021-09-14T00:00:00.000Z,אסטוניה,1,4,5
2021-09-14T00:00:00.000Z,אנטיגואה וברבודה,0,2,2
2021-09-14T00:00:00.000Z,אנגולה,1,0,1
2021-09-14T00:00:00.000Z,אלבניה,3,0,3
2021-09-14T00:00:00.000Z,אירלנד,4,7,11
2021-09-14T00:00:00.000Z,איסלנד,42,15,57
2021-09-14T00:00:00.000Z,איי פאלקלנד,0,1,1
2021-09-14T00:00:00.000Z,כלל המדינות,6717,6571,13288
2021-09-14T00:00:00.000Z,איטליה,411,104,515
2021-09-14T00:00:00.000Z,אזרביג'אן,7,4,11
2021-09-14T00:00:00.000Z,אורגוואי,0,1,1
2021-09-14T00:00:00.000Z,אוקראינה,241,797,1038
2021-09-14T00:00:00.000Z,אוסטרליה,0,3,3
2021-09-14T00:00:00.000Z,אוסטריה,299,93,392
2021-09-14T00:00:00.000Z,אוזבקיסטן,3,1,4
2021-09-14T00:00:00.000Z,אוגנדה,0,2,2
2021-09-14T00:00:00.000Z,מקדוניה,1,0,1
2021-09-14T00:00:00.000Z,מקסיקו,4,9,13
2021-09-14T00:00:00.000Z,מרוקו,31,22,53
2021-09-14T00:00:00.000Z,נורבגיה,1,1,2
2021-09-14T00:00:00.000Z,ניגריה,6,2,8
2021-09-14T00:00:00.000Z,סין,0,3,3
2021-09-14T00:00:00.000Z,סלובניה,0,2,2
2021-09-14T00:00:00.000Z,סלובקיה,4,0,4
2021-09-14T00:00:00.000Z,ספרד,96,38,134
2021-09-14T00:00:00.000Z,סרביה,6,1,7
2021-09-14T00:00:00.000Z,סרי לנקה (צילון),3,4,7
2021-09-14T00:00:00.000Z,עירק,1,1,2
2021-09-14T00:00:00.000Z,פולין,128,89,217
2021-09-14T00:00:00.000Z,פורטוגל,14,7,21
2021-09-14T00:00:00.000Z,פיליפינים,2,20,22
2021-09-14T00:00:00.000Z,פינלנד,2,1,3
2021-09-14T00:00:00.000Z,פנמה,4,32,36
2021-09-14T00:00:00.000Z,פרגוואי,0,1,1
2021-09-14T00:00:00.000Z,פרו,5,3,8
2021-09-14T00:00:00.000Z,צכיה,436,106,542
2021-09-14T00:00:00.000Z,צרפת,300,322,622
2021-09-14T00:00:00.000Z,קולומביה,4,12,16
2021-09-14T00:00:00.000Z,קוסטה ריקה,9,11,20
2021-09-14T00:00:00.000Z,קוריאה הדרומית,0,3,3
2021-09-14T00:00:00.000Z,קזחסטאן,1,0,1
2021-09-14T00:00:00.000Z,קטר,1,0,1
2021-09-14T00:00:00.000Z,קירג'זסטאן,0,1,1
2021-09-14T00:00:00.000Z,קנדה,28,100,128
2021-09-14T00:00:00.000Z,קניה,8,3,11
2021-09-14T00:00:00.000Z,קפריסין,157,37,194
2021-09-14T00:00:00.000Z,קרואטיה,9,5,14
2021-09-14T00:00:00.000Z,רואנדה,1,0,1
2021-09-14T00:00:00.000Z,רומניה,175,29,204
2021-09-14T00:00:00.000Z,רוסיה,198,277,475
2021-09-14T00:00:00.000Z,שוודיה,4,4,8
2021-09-14T00:00:00.000Z,שוויץ,122,76,198
2021-09-14T00:00:00.000Z,תוניסיה,0,3,3
2021-09-14T00:00:00.000Z,תורכיה,28,57,85
2021-09-14T00:00:00.000Z,תורכמניסטאן,0,1,1
2021-09-14T00:00:00.000Z,איי סיישל,0,1,1
2021-09-15T00:00:00.000Z,ארצות הברית,514,649,1163
2021-09-15T00:00:00.000Z,ארמניה,0,4,4
2021-09-15T00:00:00.000Z,אסטוניה,1,0,1
2021-09-15T00:00:00.000Z,אלבניה,4,1,5
2021-09-15T00:00:00.000Z,אל סלבדור,1,0,1
2021-09-15T00:00:00.000Z,אירלנד,1,0,1
2021-09-15T00:00:00.000Z,איסלנד,2,4,6
2021-09-15T00:00:00.000Z,ניגריה,4,1,5
2021-09-15T00:00:00.000Z,מרוקו,6,0,6
2021-09-15T00:00:00.000Z,מצרים,163,61,224
2021-09-15T00:00:00.000Z,מלדיבים,33,3,36
2021-09-15T00:00:00.000Z,מונקו,0,2,2
2021-09-15T00:00:00.000Z,מונטנגרו,1,1,2
2021-09-15T00:00:00.000Z,לטביה,1,0,1
2021-09-15T00:00:00.000Z,כלל המדינות,4265,3008,7273
2021-09-15T00:00:00.000Z,ירדן,28,16,44
2021-09-15T00:00:00.000Z,סין,1,2,3
2021-09-15T00:00:00.000Z,נורבגיה,1,1,2
2021-09-15T00:00:00.000Z,סלובקיה,0,1,1
2021-09-15T00:00:00.000Z,ספרד,11,5,16
2021-09-15T00:00:00.000Z,סרביה,7,1,8
2021-09-15T00:00:00.000Z,סרי לנקה (צילון),1,3,4
2021-09-15T00:00:00.000Z,פולין,94,25,119
2021-09-15T00:00:00.000Z,פורטוגל,24,6,30
2021-09-15T00:00:00.000Z,פיליפינים,0,5,5
2021-09-15T00:00:00.000Z,פינלנד,4,0,4
2021-09-15T00:00:00.000Z,פנמה,7,7,14
2021-09-15T00:00:00.000Z,פרו,1,4,5
2021-09-15T00:00:00.000Z,צכיה,112,34,146
2021-09-15T00:00:00.000Z,צרפת,210,172,382
2021-09-15T00:00:00.000Z,קוסטה ריקה,1,6,7
2021-09-15T00:00:00.000Z,קוריאה הדרומית,3,6,9
2021-09-15T00:00:00.000Z,קזחסטאן,0,4,4
2021-09-15T00:00:00.000Z,קנדה,27,51,78
2021-09-15T00:00:00.000Z,קניה,1,0,1
2021-09-15T00:00:00.000Z,קפריסין,135,53,188
2021-09-15T00:00:00.000Z,קרואטיה,12,0,12
2021-09-15T00:00:00.000Z,רומניה,250,54,304
2021-09-15T00:00:00.000Z,רוסיה,88,65,153
2021-09-15T00:00:00.000Z,שוודיה,7,2,9
2021-09-15T00:00:00.000Z,שוויץ,111,32,143
2021-09-15T00:00:00.000Z,אוזבקיסטן,3,0,3
2021-09-15T00:00:00.000Z,אוסטריה,341,100,441
2021-09-15T00:00:00.000Z,אוסטרליה,1,3,4
2021-09-15T00:00:00.000Z,אוקראינה,291,424,715
2021-09-15T00:00:00.000Z,אזרביג'אן,4,1,5
2021-09-15T00:00:00.000Z,איטליה,180,51,231
2021-09-15T00:00:00.000Z,תאילנד,1,4,5
2021-09-15T00:00:00.000Z,תורכיה,21,18,39
2021-09-15T00:00:00.000Z,יוון,349,94,443
2021-09-15T00:00:00.000Z,טיוואן,0,1,1
2021-09-15T00:00:00.000Z,חוף השנהב,1,0,1
2021-09-15T00:00:00.000Z,הממלכה המאוחדת,95,167,262
2021-09-15T00:00:00.000Z,הונגריה,305,72,377
2021-09-15T00:00:00.000Z,הולנד,56,31,87
2021-09-15T00:00:00.000Z,דרום אפריקה,2,3,5
2021-09-15T00:00:00.000Z,דנמרק,10,6,16
2021-09-15T00:00:00.000Z,גרמניה,125,55,180
2021-09-15T00:00:00.000Z,גמייקה,0,1,1
2021-09-15T00:00:00.000Z,גווטאמלה,0,1,1
2021-09-15T00:00:00.000Z,גאורגיה,34,25,59
2021-09-15T00:00:00.000Z,ברזיל,1,0,1
2021-09-15T00:00:00.000Z,בלגיה,49,115,164
2021-09-15T00:00:00.000Z,איחוד האמירויות הערב,52,18,70
2021-09-15T00:00:00.000Z,בוסניה הרצגובינה,4,3,7
2021-09-15T00:00:00.000Z,בולגריה,10,13,23
2021-09-15T00:00:00.000Z,סלובניה,6,0,6
2021-09-16T00:00:00.000Z,כלל המדינות,10,10,20
2021-09-17T00:00:00.000Z,בלגיה,68,51,119
2021-09-17T00:00:00.000Z,בילורוסיה,60,48,108
2021-09-17T00:00:00.000Z,בחריין,0,1,1
2021-09-17T00:00:00.000Z,בורקינה פאסו,1,0,1
2021-09-17T00:00:00.000Z,בוסניה הרצגובינה,22,16,38
2021-09-17T00:00:00.000Z,בולגריה,10,30,40
2021-09-17T00:00:00.000Z,אתיופיה,1,0,1
2021-09-17T00:00:00.000Z,ארצות הברית,477,290,767
2021-09-17T00:00:00.000Z,ארמניה,6,1,7
2021-09-17T00:00:00.000Z,ארגנטינה,1,2,3
2021-09-17T00:00:00.000Z,אקואדור,1,3,4
2021-09-17T00:00:00.000Z,אסטוניה,1,0,1
2021-09-17T00:00:00.000Z,אנגולה,1,0,1
2021-09-17T00:00:00.000Z,אלבניה,5,0,5
2021-09-17T00:00:00.000Z,אל סלבדור,1,0,1
2021-09-17T00:00:00.000Z,אירלנד,9,7,16
2021-09-17T00:00:00.000Z,איסלנד,27,3,30
2021-09-17T00:00:00.000Z,איי פיגי,2,0,2
2021-09-17T00:00:00.000Z,איי סיישל,69,15,84
2021-09-17T00:00:00.000Z,איטליה,452,114,566
2021-09-17T00:00:00.000Z,אזרביג'אן,3,1,4
2021-09-17T00:00:00.000Z,אורגוואי,2,0,2
2021-09-17T00:00:00.000Z,אוקראינה,381,285,666
2021-09-17T00:00:00.000Z,אוסטרליה,3,1,4
2021-09-17T00:00:00.000Z,אוסטריה,650,179,829
2021-09-17T00:00:00.000Z,אוזבקיסטן,1,2,3
2021-09-17T00:00:00.000Z,אבחזיסטאן,1,0,1
2021-09-17T00:00:00.000Z,הרפ הדומיניקנית,3,0,3
2021-09-17T00:00:00.000Z,הממלכה המאוחדת,207,129,336
2021-09-17T00:00:00.000Z,הונגריה,488,108,596
2021-09-17T00:00:00.000Z,הונג קונג,1,0,1
2021-09-17T00:00:00.000Z,הולנד,48,34,82
2021-09-17T00:00:00.000Z,הודו,1,4,5
2021-09-17T00:00:00.000Z,דרום אפריקה,1,1,2
2021-09-17T00:00:00.000Z,שוודיה,12,15,27
2021-09-17T00:00:00.000Z,רוסיה,182,163,345
2021-09-17T00:00:00.000Z,רומניה,309,92,401
2021-09-17T00:00:00.000Z,קרואטיה,7,8,15
2021-09-17T00:00:00.000Z,קפריסין,233,51,284
2021-09-17T00:00:00.000Z,קניה,0,2,2
2021-09-17T00:00:00.000Z,קנדה,44,47,91
2021-09-17T00:00:00.000Z,קירג'זסטאן,5,6,11
2021-09-17T00:00:00.000Z,קטר,1,0,1
2021-09-17T00:00:00.000Z,קזחסטאן,2,2,4
2021-09-17T00:00:00.000Z,קוריאה הדרומית,3,3,6
2021-09-17T00:00:00.000Z,איחוד האמירויות הערב,98,31,129
2021-09-17T00:00:00.000Z,קוסטה ריקה,1,9,10
2021-09-17T00:00:00.000Z,תורכיה,28,94,122
2021-09-17T00:00:00.000Z,תאילנד,60,45,105
2021-09-17T00:00:00.000Z,שוויץ,213,75,288
2021-09-17T00:00:00.000Z,קולומביה,0,6,6
2021-09-17T00:00:00.000Z,צרפת,321,166,487
2021-09-17T00:00:00.000Z,צכיה,392,56,448
2021-09-17T00:00:00.000Z,פרו,1,4,5
2021-09-17T00:00:00.000Z,פנמה,3,9,12
2021-09-17T00:00:00.000Z,פינלנד,56,25,81
2021-09-17T00:00:00.000Z,פיליפינים,0,3,3
2021-09-17T00:00:00.000Z,פורטוגל,59,21,80
2021-09-17T00:00:00.000Z,פולין,282,72,354
2021-09-17T00:00:00.000Z,ערב הסעודית,2,2,4
2021-09-17T00:00:00.000Z,סרי לנקה (צילון),0,6,6
2021-09-17T00:00:00.000Z,סרביה,2,1,3
2021-09-17T00:00:00.000Z,ספרד,179,51,230
2021-09-17T00:00:00.000Z,סלובקיה,118,9,127
2021-09-17T00:00:00.000Z,סלובניה,9,2,11
2021-09-17T00:00:00.000Z,סינגפור,1,2,3
2021-09-17T00:00:00.000Z,סין,2,2,4
2021-09-17T00:00:00.000Z,נפאל,0,2,2
2021-09-17T00:00:00.000Z,נורבגיה,1,6,7
2021-09-17T00:00:00.000Z,מרוקו,4,1,5
2021-09-17T00:00:00.000Z,מקסיקו,0,2,2
2021-09-17T00:00:00.000Z,מצרים,940,270,1210
2021-09-17T00:00:00.000Z,מלטה,1,0,1
2021-09-17T00:00:00.000Z,מלדיבים,31,13,44
2021-09-17T00:00:00.000Z,מונקו,1,0,1
2021-09-17T00:00:00.000Z,מונטנגרו,117,36,153
2021-09-17T00:00:00.000Z,מונגוליה,1,0,1
2021-09-17T00:00:00.000Z,מולדובה,100,105,205
2021-09-17T00:00:00.000Z,ליטא,3,3,6
2021-09-17T00:00:00.000Z,לטביה,1,0,1
2021-09-17T00:00:00.000Z,כלל המדינות,9427,4289,13716
2021-09-17T00:00:00.000Z,ירדן,9,3,12
2021-09-17T00:00:00.000Z,יוון,1293,298,1591
2021-09-17T00:00:00.000Z,טנזניה,4,0,4
2021-09-17T00:00:00.000Z,זאיר,1,0,1
2021-09-17T00:00:00.000Z,דנמרק,88,33,121
2021-09-17T00:00:00.000Z,גרמניה,355,133,488
2021-09-17T00:00:00.000Z,גאורגיה,142,45,187
2021-09-17T00:00:00.000Z,ברזיל,2,2,4
2021-09-18T00:00:00.000Z,נורבגיה,2,1,3
2021-09-18T00:00:00.000Z,ניגריה,4,7,11
2021-09-18T00:00:00.000Z,פינלנד,8,1,9
2021-09-18T00:00:00.000Z,פנמה,2,1,3
2021-09-18T00:00:00.000Z,פרו,5,6,11
2021-09-18T00:00:00.000Z,צכיה,519,51,570
2021-09-18T00:00:00.000Z,צרפת,491,124,615
2021-09-18T00:00:00.000Z,קולומביה,0,1,1
2021-09-18T00:00:00.000Z,קוסטה ריקה,9,22,31
2021-09-18T00:00:00.000Z,קוריאה הדרומית,1,0,1
2021-09-18T00:00:00.000Z,קנדה,56,53,109
2021-09-18T00:00:00.000Z,קניה,8,1,9
2021-09-18T00:00:00.000Z,קפריסין,282,62,344
2021-09-18T00:00:00.000Z,קרואטיה,21,1,22
2021-09-18T00:00:00.000Z,רואנדה,4,1,5
2021-09-18T00:00:00.000Z,רומניה,481,67,548
2021-09-18T00:00:00.000Z,רוסיה,35,21,56
2021-09-18T00:00:00.000Z,שוודיה,2,8,10
2021-09-18T00:00:00.000Z,שוויץ,78,14,92
2021-09-18T00:00:00.000Z,תורכיה,9,23,32
2021-09-18T00:00:00.000Z,איחוד האמירויות הערב,117,57,174
2021-09-18T00:00:00.000Z,אוגנדה,2,4,6
2021-09-18T00:00:00.000Z,אוזבקיסטן,3,3,6
2021-09-18T00:00:00.000Z,אוסטריה,470,87,557
2021-09-18T00:00:00.000Z,אוסטרליה,0,2,2
2021-09-18T00:00:00.000Z,אוקראינה,252,112,364
2021-09-18T00:00:00.000Z,אורגוואי,1,0,1
2021-09-18T00:00:00.000Z,אזרביג'אן,7,2,9
2021-09-18T00:00:00.000Z,איטליה,441,68,509
2021-09-18T00:00:00.000Z,איי סיישל,9,8,17
2021-09-18T00:00:00.000Z,איסלנד,84,10,94
2021-09-18T00:00:00.000Z,אירלנד,8,1,9
2021-09-18T00:00:00.000Z,פולין,194,31,225
2021-09-18T00:00:00.000Z,אנגולה,4,0,4
2021-09-18T00:00:00.000Z,סרי לנקה (צילון),4,4,8
2021-09-18T00:00:00.000Z,ערב הסעודית,1,2,3
2021-09-18T00:00:00.000Z,סרביה,15,13,28
2021-09-18T00:00:00.000Z,ספרד,63,10,73
2021-09-18T00:00:00.000Z,סנגל,4,0,4
2021-09-18T00:00:00.000Z,סלובניה,19,1,20
2021-09-18T00:00:00.000Z,סינגפור,2,0,2
2021-09-18T00:00:00.000Z,סין,2,0,2
2021-09-18T00:00:00.000Z,סיירה ליאונה,1,0,1
2021-09-18T00:00:00.000Z,נמיביה,2,1,3
2021-09-18T00:00:00.000Z,פורטוגל,26,6,32
2021-09-18T00:00:00.000Z,פיליפינים,0,16,16
2021-09-18T00:00:00.000Z,מרוקו,1,2,3
2021-09-18T00:00:00.000Z,מקסיקו,2,0,2
2021-09-18T00:00:00.000Z,מצרים,1558,446,2004
2021-09-18T00:00:00.000Z,מלדיבים,47,18,65
2021-09-18T00:00:00.000Z,מלאווי,0,2,2
2021-09-18T00:00:00.000Z,מונקו,0,1,1
2021-09-18T00:00:00.000Z,מונטנגרו,0,1,1
2021-09-18T00:00:00.000Z,מאלי,2,1,3
2021-09-18T00:00:00.000Z,מאוריציוס,0,1,1
2021-09-18T00:00:00.000Z,ליטא,7,3,10
2021-09-18T00:00:00.000Z,לטביה,45,16,61
2021-09-18T00:00:00.000Z,לבנון,0,1,1
2021-09-18T00:00:00.000Z,כלל המדינות,8953,3079,12032
2021-09-18T00:00:00.000Z,ירדן,8,3,11
2021-09-18T00:00:00.000Z,יוון,1056,154,1210
2021-09-18T00:00:00.000Z,טנזניה,22,0,22
2021-09-18T00:00:00.000Z,טוגו,0,3,3
2021-09-18T00:00:00.000Z,זמביה,2,2,4
2021-09-18T00:00:00.000Z,זימבאבווה,1,1,2
2021-09-18T00:00:00.000Z,זאיר,1,0,1
2021-09-18T00:00:00.000Z,ונצואלה,0,1,1
2021-09-18T00:00:00.000Z,הרפ הדומיניקנית,2,6,8
2021-09-18T00:00:00.000Z,הממלכה המאוחדת,302,96,398
2021-09-18T00:00:00.000Z,הונגריה,420,42,462
2021-09-18T00:00:00.000Z,הולנד,114,57,171
2021-09-18T00:00:00.000Z,דרום סודאן,1,0,1
2021-09-18T00:00:00.000Z,דרום אפריקה,5,10,15
2021-09-18T00:00:00.000Z,דנמרק,13,0,13
2021-09-18T00:00:00.000Z,גרמניה,311,75,386
2021-09-18T00:00:00.000Z,גינאה,1,0,1
2021-09-18T00:00:00.000Z,גויאנה,1,0,1
2021-09-18T00:00:00.000Z,גווטאמלה,1,2,3
2021-09-18T00:00:00.000Z,גאנה,2,2,4
2021-09-18T00:00:00.000Z,גאורגיה,134,38,172
2021-09-18T00:00:00.000Z,ברזיל,1,2,3
2021-09-18T00:00:00.000Z,בלגיה,9,2,11
2021-09-18T00:00:00.000Z,בילורוסיה,2,0,2
2021-09-18T00:00:00.000Z,בוסניה הרצגובינה,0,2,2
2021-09-18T00:00:00.000Z,בולגריה,1,1,2
2021-09-18T00:00:00.000Z,בהמס,1,0,1
2021-09-18T00:00:00.000Z,אתיופיה,26,24,50
2021-09-18T00:00:00.000Z,ארצות הברית,614,449,1063
2021-09-18T00:00:00.000Z,ארגנטינה,1,2,3
2021-09-18T00:00:00.000Z,אסטוניה,5,9,14
2021-09-19T00:00:00.000Z,קלדוניה החדשה,1,0,1
2021-09-19T00:00:00.000Z,קנדה,42,113,155
2021-09-19T00:00:00.000Z,קפריסין,323,79,402
2021-09-19T00:00:00.000Z,קרואטיה,14,2,16
2021-09-19T00:00:00.000Z,רומניה,211,55,266
2021-09-19T00:00:00.000Z,רוסיה,134,225,359
2021-09-19T00:00:00.000Z,שוודיה,12,3,15
2021-09-19T00:00:00.000Z,שוויץ,296,185,481
2021-09-19T00:00:00.000Z,תאילנד,3,0,3
2021-09-19T00:00:00.000Z,תוניסיה,0,5,5
2021-09-19T00:00:00.000Z,תורכיה,37,38,75
2021-09-19T00:00:00.000Z,מצרים,772,268,1040
2021-09-19T00:00:00.000Z,מלטה,2,1,3
2021-09-19T00:00:00.000Z,מלדיבים,31,10,41
2021-09-19T00:00:00.000Z,מונקו,1,0,1
2021-09-19T00:00:00.000Z,מונטנגרו,148,17,165
2021-09-19T00:00:00.000Z,מולדובה,113,93,206
2021-09-19T00:00:00.000Z,ליטא,98,33,131
2021-09-19T00:00:00.000Z,לטביה,3,0,3
2021-09-19T00:00:00.000Z,לוכסמבורג,1,0,1
2021-09-19T00:00:00.000Z,כלל המדינות,12552,7269,19821
2021-09-19T00:00:00.000Z,ירדן,517,181,698
2021-09-19T00:00:00.000Z,יפן,0,4,4
2021-09-19T00:00:00.000Z,יוון,2014,398,2412
2021-09-19T00:00:00.000Z,אוגנדה,0,1,1
2021-09-19T00:00:00.000Z,אוזבקיסטן,5,2,7
2021-09-19T00:00:00.000Z,אוסטריה,661,182,843
2021-09-19T00:00:00.000Z,אוסטרליה,5,6,11
2021-09-19T00:00:00.000Z,אוקראינה,441,435,876
2021-09-19T00:00:00.000Z,אורגוואי,1,11,12
2021-09-19T00:00:00.000Z,אזרביג'אן,103,31,134
2021-09-19T00:00:00.000Z,איטליה,688,169,857
2021-09-19T00:00:00.000Z,איי סיישל,123,13,136
2021-09-19T00:00:00.000Z,איי פיגי,1,0,1
2021-09-19T00:00:00.000Z,אינדונזיה,0,3,3
2021-09-19T00:00:00.000Z,איסלנד,47,9,56
2021-09-19T00:00:00.000Z,אירלנד,19,10,29
2021-09-19T00:00:00.000Z,אירן,0,1,1
2021-09-19T00:00:00.000Z,אלבניה,2,2,4
2021-09-19T00:00:00.000Z,ונצואלה,0,1,1
2021-09-19T00:00:00.000Z,הרפ הדומיניקנית,11,5,16
2021-09-19T00:00:00.000Z,הממלכה המאוחדת,265,435,700
2021-09-19T00:00:00.000Z,הונגריה,692,152,844
2021-09-19T00:00:00.000Z,הולנד,135,100,235
2021-09-19T00:00:00.000Z,הודו,8,7,15
2021-09-19T00:00:00.000Z,דרום אפריקה,3,1,4
2021-09-19T00:00:00.000Z,איחוד האמירויות הערב,145,59,204
2021-09-19T00:00:00.000Z,מקדוניה,0,1,1
2021-09-19T00:00:00.000Z,דנמרק,97,36,133
2021-09-19T00:00:00.000Z,גרמניה,456,184,640
2021-09-19T00:00:00.000Z,גויאנה הצרפתית,1,1,2
2021-09-19T00:00:00.000Z,גויאנה,4,0,4
2021-09-19T00:00:00.000Z,גווטאמלה,0,1,1
2021-09-19T00:00:00.000Z,גאורגיה,592,125,717
2021-09-19T00:00:00.000Z,ברזיל,9,12,21
2021-09-19T00:00:00.000Z,בנגלדש,1,0,1
2021-09-19T00:00:00.000Z,בלגיה,27,118,145
2021-09-19T00:00:00.000Z,בילורוסיה,93,72,165
2021-09-19T00:00:00.000Z,בחריין,0,1,1
2021-09-19T00:00:00.000Z,בוסניה הרצגובינה,19,11,30
2021-09-19T00:00:00.000Z,בוליביה,3,1,4
2021-09-19T00:00:00.000Z,בולגריה,5,27,32
2021-09-19T00:00:00.000Z,בוטסואנה,1,3,4
2021-09-19T00:00:00.000Z,ארצות הברית,491,830,1321
2021-09-19T00:00:00.000Z,ארמניה,2,0,2
2021-09-19T00:00:00.000Z,ארגנטינה,8,8,16
2021-09-19T00:00:00.000Z,אקואדור,2,0,2
2021-09-19T00:00:00.000Z,אנטיגואה וברבודה,1,0,1
2021-09-19T00:00:00.000Z,אנגולה,0,1,1
2021-09-19T00:00:00.000Z,מרוקו,10,7,17
2021-09-19T00:00:00.000Z,נורבגיה,1,0,1
2021-09-19T00:00:00.000Z,ניגריה,3,0,3
2021-09-19T00:00:00.000Z,ניקרגואה,0,1,1
2021-09-19T00:00:00.000Z,נפאל,1,0,1
2021-09-19T00:00:00.000Z,סלובניה,1,0,1
2021-09-19T00:00:00.000Z,סלובקיה,1,3,4
2021-09-19T00:00:00.000Z,סנגל,1,0,1
2021-09-19T00:00:00.000Z,ספרד,238,58,296
2021-09-19T00:00:00.000Z,סרביה,5,12,17
2021-09-19T00:00:00.000Z,סרי לנקה (צילון),1,1,2
2021-09-19T00:00:00.000Z,פולין,193,73,266
2021-09-19T00:00:00.000Z,פורטוגל,50,14,64
2021-09-19T00:00:00.000Z,פיליפינים,0,11,11
2021-09-19T00:00:00.000Z,פינלנד,3,8,11
2021-09-19T00:00:00.000Z,פנמה,0,7,7
2021-09-19T00:00:00.000Z,פרו,1,0,1
2021-09-19T00:00:00.000Z,צ'ילה,1,0,1
2021-09-19T00:00:00.000Z,צכיה,506,73,579
2021-09-19T00:00:00.000Z,צרפת,457,476,933
2021-09-19T00:00:00.000Z,קולומביה,6,7,13
2021-09-19T00:00:00.000Z,קוסובו,1,0,1
2021-09-19T00:00:00.000Z,קוסטה ריקה,4,4,8
2021-09-19T00:00:00.000Z,קוריאה הדרומית,5,2,7
2021-09-19T00:00:00.000Z,קזחסטאן,2,5,7
2021-09-19T00:00:00.000Z,קירג'זסטאן,3,1,4
2021-09-20T00:00:00.000Z,ירדן,63,34,97
2021-09-20T00:00:00.000Z,תורכיה,25,49,74
2021-09-20T00:00:00.000Z,שוודיה,7,5,12
2021-09-20T00:00:00.000Z,רוסיה,272,212,484
2021-09-20T00:00:00.000Z,רומניה,323,84,407
2021-09-20T00:00:00.000Z,רואנדה,0,4,4
2021-09-20T00:00:00.000Z,קרואטיה,14,5,19
2021-09-20T00:00:00.000Z,קפריסין,214,73,287
2021-09-20T00:00:00.000Z,קניה,5,1,6
2021-09-20T00:00:00.000Z,קנדה,70,126,196
2021-09-20T00:00:00.000Z,קמרון,1,0,1
2021-09-20T00:00:00.000Z,קירג'זסטאן,1,1,2
2021-09-20T00:00:00.000Z,קזחסטאן,6,0,6
2021-09-20T00:00:00.000Z,קוריאה הדרומית,1,10,11
2021-09-20T00:00:00.000Z,קוסטה ריקה,17,28,45
2021-09-20T00:00:00.000Z,קוסובו,12,0,12
2021-09-20T00:00:00.000Z,קולומביה,4,4,8
2021-09-20T00:00:00.000Z,צרפת,551,270,821
2021-09-20T00:00:00.000Z,צכיה,487,67,554
2021-09-20T00:00:00.000Z,צ'ילה,0,1,1
2021-09-20T00:00:00.000Z,פרו,2,10,12
2021-09-20T00:00:00.000Z,פנמה,3,16,19
2021-09-20T00:00:00.000Z,פינלנד,9,3,12
2021-09-20T00:00:00.000Z,פיליפינים,0,2,2
2021-09-20T00:00:00.000Z,פורטוגל,51,46,97
2021-09-20T00:00:00.000Z,פולין,339,100,439
2021-09-20T00:00:00.000Z,פאפואה,2,2,4
2021-09-20T00:00:00.000Z,סרי לנקה (צילון),0,1,1
2021-09-20T00:00:00.000Z,סרביה,1,2,3
2021-09-20T00:00:00.000Z,ספרד,306,51,357
2021-09-20T00:00:00.000Z,סלובקיה,66,9,75
2021-09-20T00:00:00.000Z,סינגפור,1,0,1
2021-09-20T00:00:00.000Z,ניגריה,3,2,5
2021-09-20T00:00:00.000Z,נורבגיה,2,1,3
2021-09-20T00:00:00.000Z,מרוקו,59,52,111
2021-09-20T00:00:00.000Z,מקסיקו,0,1,1
2021-09-20T00:00:00.000Z,מצרים,556,230,786
2021-09-20T00:00:00.000Z,מלדיבים,50,11,61
2021-09-20T00:00:00.000Z,מלאווי,1,0,1
2021-09-20T00:00:00.000Z,מונטנגרו,138,31,169
2021-09-20T00:00:00.000Z,מולדובה,3,3,6
2021-09-20T00:00:00.000Z,מאוריציוס,1,0,1
2021-09-20T00:00:00.000Z,ליטא,13,2,15
2021-09-20T00:00:00.000Z,ליבריה,1,2,3
2021-09-20T00:00:00.000Z,לטביה,6,2,8
2021-09-20T00:00:00.000Z,לוכסמבורג,2,0,2
2021-09-20T00:00:00.000Z,כלל המדינות,11559,6634,18193
2021-09-20T00:00:00.000Z,שוויץ,202,82,284
2021-09-20T00:00:00.000Z,יפן,0,1,1
2021-09-20T00:00:00.000Z,יוון,1521,340,1861
2021-09-20T00:00:00.000Z,טנזניה,6,4,10
2021-09-20T00:00:00.000Z,טיוואן,0,1,1
2021-09-20T00:00:00.000Z,טוגו,0,2,2
2021-09-20T00:00:00.000Z,זמביה,1,0,1
2021-09-20T00:00:00.000Z,זאיר,2,0,2
2021-09-20T00:00:00.000Z,הרפ הדומיניקנית,0,3,3
2021-09-20T00:00:00.000Z,הממלכה המאוחדת,384,472,856
2021-09-20T00:00:00.000Z,הונגריה,389,82,471
2021-09-20T00:00:00.000Z,הולנד,29,31,60
2021-09-20T00:00:00.000Z,הודו,18,69,87
2021-09-20T00:00:00.000Z,האנטילים ההולנדים,0,1,1
2021-09-20T00:00:00.000Z,דרום אפריקה,17,32,49
2021-09-20T00:00:00.000Z,דנמרק,8,3,11
2021-09-20T00:00:00.000Z,גרמניה,467,121,588
2021-09-20T00:00:00.000Z,גיברלטר,0,3,3
2021-09-20T00:00:00.000Z,גווטאמלה,2,6,8
2021-09-20T00:00:00.000Z,גאנה,0,2,2
2021-09-20T00:00:00.000Z,גאורגיה,168,41,209
2021-09-20T00:00:00.000Z,ברזיל,5,66,71
2021-09-20T00:00:00.000Z,בלגיה,64,79,143
2021-09-20T00:00:00.000Z,בילורוסיה,1,0,1
2021-09-20T00:00:00.000Z,בוסניה הרצגובינה,20,2,22
2021-09-20T00:00:00.000Z,איחוד האמירויות הערב,115,45,160
2021-09-20T00:00:00.000Z,בולגריה,12,15,27
2021-09-20T00:00:00.000Z,אתיופיה,16,27,43
2021-09-20T00:00:00.000Z,ארצות הברית,972,1231,2203
2021-09-20T00:00:00.000Z,ארמניה,4,6,10
2021-09-20T00:00:00.000Z,אקואדור,3,4,7
2021-09-20T00:00:00.000Z,אסטוניה,6,1,7
2021-09-20T00:00:00.000Z,אנטיגואה וברבודה,0,1,1
2021-09-20T00:00:00.000Z,אנגולה,0,1,1
2021-09-20T00:00:00.000Z,אלבניה,3,3,6
2021-09-20T00:00:00.000Z,אירלנד,10,8,18
2021-09-20T00:00:00.000Z,איסלנד,45,10,55
2021-09-20T00:00:00.000Z,איי סיישל,24,6,30
2021-09-20T00:00:00.000Z,איטליה,751,177,928
2021-09-20T00:00:00.000Z,אזרביג'אן,3,1,4
2021-09-20T00:00:00.000Z,אורגוואי,0,2,2
2021-09-20T00:00:00.000Z,אוקראינה,447,342,789
2021-09-20T00:00:00.000Z,אוסטרליה,2,1,3
2021-09-20T00:00:00.000Z,אוסטריה,980,253,1233
2021-09-20T00:00:00.000Z,אוזבקיסטן,24,62,86
2021-09-20T00:00:00.000Z,אוגנדה,2,1,3
2021-09-20T00:00:00.000Z,תאילנד,92,61,153
2021-09-21T00:00:00.000Z,מקסיקו,3,3,6
2021-09-21T00:00:00.000Z,מרוקו,5,2,7
2021-09-21T00:00:00.000Z,ניגריה,2,2,4
2021-09-21T00:00:00.000Z,סין,18,52,70
2021-09-21T00:00:00.000Z,סלובניה,4,0,4
2021-09-21T00:00:00.000Z,סלובקיה,0,2,2
2021-09-21T00:00:00.000Z,סנגל,1,0,1
2021-09-21T00:00:00.000Z,ספרד,118,26,144
2021-09-21T00:00:00.000Z,סרביה,8,5,13
2021-09-21T00:00:00.000Z,סרי לנקה (צילון),3,4,7
2021-09-21T00:00:00.000Z,פאפואה,1,0,1
2021-09-21T00:00:00.000Z,פולין,181,35,216
2021-09-21T00:00:00.000Z,פורטוגל,27,12,39
2021-09-21T00:00:00.000Z,פיליפינים,1,1,2
2021-09-21T00:00:00.000Z,פינלנד,0,1,1
2021-09-21T00:00:00.000Z,פנמה,1,6,7
2021-09-21T00:00:00.000Z,פרו,9,8,17
2021-09-21T00:00:00.000Z,צכיה,429,44,473
2021-09-21T00:00:00.000Z,צרפת,369,96,465
2021-09-21T00:00:00.000Z,קולומביה,2,9,11
2021-09-21T00:00:00.000Z,קוסטה ריקה,9,12,21
2021-09-21T00:00:00.000Z,קוריאה הדרומית,1,2,3
2021-09-21T00:00:00.000Z,קזחסטאן,3,1,4
2021-09-21T00:00:00.000Z,קמרון,0,1,1
2021-09-21T00:00:00.000Z,קנדה,69,51,120
2021-09-21T00:00:00.000Z,קניה,1,0,1
2021-09-21T00:00:00.000Z,קפריסין,134,37,171
2021-09-21T00:00:00.000Z,קרואטיה,15,5,20
2021-09-21T00:00:00.000Z,רואנדה,3,0,3
2021-09-21T00:00:00.000Z,רומניה,249,22,271
2021-09-21T00:00:00.000Z,רוסיה,227,166,393
2021-09-21T00:00:00.000Z,שוודיה,5,6,11
2021-09-21T00:00:00.000Z,שוויץ,177,42,219
2021-09-21T00:00:00.000Z,תורכיה,28,39,67
2021-09-21T00:00:00.000Z,ארמניה,7,3,10
2021-09-21T00:00:00.000Z,ארצות הברית,612,348,960
2021-09-21T00:00:00.000Z,אתיופיה,9,14,23
2021-09-21T00:00:00.000Z,בולגריה,1,0,1
2021-09-21T00:00:00.000Z,בוסניה הרצגובינה,34,2,36
2021-09-21T00:00:00.000Z,בלגיה,13,3,16
2021-09-21T00:00:00.000Z,בנין (דהומי),1,0,1
2021-09-21T00:00:00.000Z,ברזיל,4,3,7
2021-09-21T00:00:00.000Z,גאורגיה,260,39,299
2021-09-21T00:00:00.000Z,גווטאמלה,3,2,5
2021-09-21T00:00:00.000Z,גויאנה הצרפתית,2,2,4
2021-09-21T00:00:00.000Z,גיברלטר,1,0,1
2021-09-21T00:00:00.000Z,גרמניה,241,51,292
2021-09-21T00:00:00.000Z,דנמרק,21,2,23
2021-09-21T00:00:00.000Z,דרום אפריקה,6,2,8
2021-09-21T00:00:00.000Z,הודו,0,1,1
2021-09-21T00:00:00.000Z,הולנד,45,24,69
2021-09-21T00:00:00.000Z,הונג קונג,3,26,29
2021-09-21T00:00:00.000Z,איחוד האמירויות הערב,88,18,106
2021-09-21T00:00:00.000Z,הונגריה,482,111,593
2021-09-21T00:00:00.000Z,הונדורס,1,0,1
2021-09-21T00:00:00.000Z,הממלכה המאוחדת,194,48,242
2021-09-21T00:00:00.000Z,הרפ הדומיניקנית,9,3,12
2021-09-21T00:00:00.000Z,זימבאבווה,0,1,1
2021-09-21T00:00:00.000Z,חוף השנהב,1,0,1
2021-09-21T00:00:00.000Z,טנזניה,6,2,8
2021-09-21T00:00:00.000Z,יוון,1031,258,1289
2021-09-21T00:00:00.000Z,יפן,0,4,4
2021-09-21T00:00:00.000Z,ירדן,61,29,90
2021-09-21T00:00:00.000Z,כלל המדינות,7906,2970,10876
2021-09-21T00:00:00.000Z,לטביה,70,17,87
2021-09-21T00:00:00.000Z,ליטא,4,0,4
2021-09-21T00:00:00.000Z,מאלי,0,4,4
2021-09-21T00:00:00.000Z,מולדובה,73,53,126
2021-09-21T00:00:00.000Z,מונגוליה,0,1,1
2021-09-21T00:00:00.000Z,מונטנגרו,3,0,3
2021-09-21T00:00:00.000Z,מלאווי,0,1,1
2021-09-21T00:00:00.000Z,מלדיבים,44,7,51
2021-09-21T00:00:00.000Z,מצרים,900,232,1132
2021-09-21T00:00:00.000Z,מקדוניה,2,0,2
2021-09-21T00:00:00.000Z,אוגנדה,3,2,5
2021-09-21T00:00:00.000Z,אוזבקיסטן,4,0,4
2021-09-21T00:00:00.000Z,אוסטריה,358,104,462
2021-09-21T00:00:00.000Z,אוסטרליה,3,2,5
2021-09-21T00:00:00.000Z,אוקראינה,227,78,305
2021-09-21T00:00:00.000Z,אורגוואי,8,4,12
2021-09-21T00:00:00.000Z,אזרביג'אן,9,4,13
2021-09-21T00:00:00.000Z,איטליה,389,85,474
2021-09-21T00:00:00.000Z,איי סיישל,114,40,154
2021-09-21T00:00:00.000Z,איסלנד,66,1,67
2021-09-21T00:00:00.000Z,אירלנד,11,1,12
2021-09-21T00:00:00.000Z,אל סלבדור,0,1,1
2021-09-21T00:00:00.000Z,אלבניה,2,0,2
2021-09-21T00:00:00.000Z,אנגולה,1,0,1
2021-09-21T00:00:00.000Z,אסטוניה,8,2,10
2021-09-21T00:00:00.000Z,ארגנטינה,8,31,39
2021-09-22T00:00:00.000Z,גמייקה,2,0,2
2021-09-22T00:00:00.000Z,אירלנד,9,0,9
2021-09-22T00:00:00.000Z,אלבניה,7,4,11
2021-09-22T00:00:00.000Z,הונג קונג,0,1,1
2021-09-22T00:00:00.000Z,הונגריה,533,128,661
2021-09-22T00:00:00.000Z,הממלכה המאוחדת,509,112,621
2021-09-22T00:00:00.000Z,הרפ הדומיניקנית,8,3,11
2021-09-22T00:00:00.000Z,ויטנאם,0,3,3
2021-09-22T00:00:00.000Z,ונצואלה,0,1,1
2021-09-22T00:00:00.000Z,זימבאבווה,2,0,2
2021-09-22T00:00:00.000Z,טנזניה,13,4,17
2021-09-22T00:00:00.000Z,יוון,1509,336,1845
2021-09-22T00:00:00.000Z,יפן,1,0,1
2021-09-22T00:00:00.000Z,ירדן,156,42,198
2021-09-22T00:00:00.000Z,כלל המדינות,11572,4321,15893
2021-09-22T00:00:00.000Z,לוכסמבורג,1,0,1
2021-09-22T00:00:00.000Z,לטביה,0,1,1
2021-09-22T00:00:00.000Z,ליבריה,1,1,2
2021-09-22T00:00:00.000Z,מאוריציוס,0,4,4
2021-09-22T00:00:00.000Z,מוזמביק,1,1,2
2021-09-22T00:00:00.000Z,מונטנגרו,138,26,164
2021-09-22T00:00:00.000Z,מלדיבים,52,22,74
2021-09-22T00:00:00.000Z,מצרים,780,285,1065
2021-09-22T00:00:00.000Z,מקדוניה,1,0,1
2021-09-22T00:00:00.000Z,מקסיקו,0,5,5
2021-09-22T00:00:00.000Z,מרוקו,13,5,18
2021-09-22T00:00:00.000Z,נורבגיה,2,1,3
2021-09-22T00:00:00.000Z,ניגריה,0,1,1
2021-09-22T00:00:00.000Z,הולנד,65,36,101
2021-09-22T00:00:00.000Z,הודו,3,2,5
2021-09-22T00:00:00.000Z,האנטילים ההולנדים,1,0,1
2021-09-22T00:00:00.000Z,דרום אפריקה,19,11,30
2021-09-22T00:00:00.000Z,דנמרק,16,5,21
2021-09-22T00:00:00.000Z,דומיניקה,2,0,2
2021-09-22T00:00:00.000Z,גרמניה,454,102,556
2021-09-22T00:00:00.000Z,אנגולה,7,1,8
2021-09-22T00:00:00.000Z,גמביה,1,0,1
2021-09-22T00:00:00.000Z,גווטאמלה,3,1,4
2021-09-22T00:00:00.000Z,גאנה,1,1,2
2021-09-22T00:00:00.000Z,גאורגיה,307,90,397
2021-09-22T00:00:00.000Z,ברזיל,0,2,2
2021-09-22T00:00:00.000Z,בלגיה,6,0,6
2021-09-22T00:00:00.000Z,בילורוסיה,95,73,168
2021-09-22T00:00:00.000Z,בורונדי,0,1,1
2021-09-22T00:00:00.000Z,בוסניה הרצגובינה,13,4,17
2021-09-22T00:00:00.000Z,אסטוניה,5,2,7
2021-09-22T00:00:00.000Z,ניקרגואה,1,1,2
2021-09-22T00:00:00.000Z,סין,1,0,1
2021-09-22T00:00:00.000Z,סלובניה,8,5,13
2021-09-22T00:00:00.000Z,סלובקיה,100,12,112
2021-09-22T00:00:00.000Z,סנגל,0,2,2
2021-09-22T00:00:00.000Z,ספרד,248,26,274
2021-09-22T00:00:00.000Z,סרביה,69,23,92
2021-09-22T00:00:00.000Z,סרי לנקה (צילון),12,3,15
2021-09-22T00:00:00.000Z,פולין,171,51,222
2021-09-22T00:00:00.000Z,פורטוגל,65,34,99
2021-09-22T00:00:00.000Z,פיליפינים,1,4,5
2021-09-22T00:00:00.000Z,פינלנד,54,13,67
2021-09-22T00:00:00.000Z,פנמה,5,4,9
2021-09-22T00:00:00.000Z,פרו,4,5,9
2021-09-22T00:00:00.000Z,צכיה,591,61,652
2021-09-22T00:00:00.000Z,צרפת,618,179,797
2021-09-22T00:00:00.000Z,קוסטה ריקה,18,15,33
2021-09-22T00:00:00.000Z,קוריאה הדרומית,0,1,1
2021-09-22T00:00:00.000Z,קזחסטאן,0,2,2
2021-09-22T00:00:00.000Z,קנדה,75,58,133
2021-09-22T00:00:00.000Z,קניה,3,4,7
2021-09-22T00:00:00.000Z,קפריסין,392,109,501
2021-09-22T00:00:00.000Z,קרואטיה,24,15,39
2021-09-22T00:00:00.000Z,רומניה,492,131,623
2021-09-22T00:00:00.000Z,רוסיה,146,172,318
2021-09-22T00:00:00.000Z,שוודיה,9,2,11
2021-09-22T00:00:00.000Z,שוויץ,264,48,312
2021-09-22T00:00:00.000Z,תאילנד,5,8,13
2021-09-22T00:00:00.000Z,תורכיה,18,30,48
2021-09-22T00:00:00.000Z,אקואדור,2,4,6
2021-09-22T00:00:00.000Z,ארמניה,1,2,3
2021-09-22T00:00:00.000Z,ארצות הברית,1059,479,1538
2021-09-22T00:00:00.000Z,אתיופיה,8,34,42
2021-09-22T00:00:00.000Z,בוטסואנה,0,35,35
2021-09-22T00:00:00.000Z,בולגריה,17,22,39
2021-09-22T00:00:00.000Z,איחוד האמירויות הערב,169,61,230
2021-09-22T00:00:00.000Z,אוגנדה,3,2,5
2021-09-22T00:00:00.000Z,אוזבקיסטן,2,2,4
2021-09-22T00:00:00.000Z,אוסטריה,430,113,543
2021-09-22T00:00:00.000Z,אוסטרליה,1,1,2
2021-09-22T00:00:00.000Z,אוקראינה,455,276,731
2021-09-22T00:00:00.000Z,אורגוואי,3,0,3
2021-09-22T00:00:00.000Z,אזרביג'אן,5,5,10
2021-09-22T00:00:00.000Z,איטליה,526,76,602
2021-09-22T00:00:00.000Z,איי סיישל,99,23,122
2021-09-22T00:00:00.000Z,איסלנד,15,1,16
2021-09-23T00:00:00.000Z,הרפ הדומיניקנית,13,2,15
2021-09-23T00:00:00.000Z,תורכיה,19,26,45
2021-09-23T00:00:00.000Z,תורכמניסטאן,0,2,2
2021-09-23T00:00:00.000Z,סרי לנקה (צילון),2,2,4
2021-09-23T00:00:00.000Z,פולין,241,44,285
2021-09-23T00:00:00.000Z,פורטוגל,64,35,99
2021-09-23T00:00:00.000Z,פינלנד,5,0,5
2021-09-23T00:00:00.000Z,פנמה,12,12,24
2021-09-23T00:00:00.000Z,פרו,9,24,33
2021-09-23T00:00:00.000Z,הממלכה המאוחדת,420,217,637
2021-09-23T00:00:00.000Z,הונדורס,2,0,2
2021-09-23T00:00:00.000Z,הונגריה,775,144,919
2021-09-23T00:00:00.000Z,הולנד,136,78,214
2021-09-23T00:00:00.000Z,הודו,2,1,3
2021-09-23T00:00:00.000Z,דרום אפריקה,23,10,33
2021-09-23T00:00:00.000Z,דנמרק,120,43,163
2021-09-23T00:00:00.000Z,גרמניה,414,90,504
2021-09-23T00:00:00.000Z,גויאנה הצרפתית,2,0,2
2021-09-23T00:00:00.000Z,גווטאמלה,11,5,16
2021-09-23T00:00:00.000Z,גבון,0,2,2
2021-09-23T00:00:00.000Z,גאנה,2,0,2
2021-09-23T00:00:00.000Z,גאורגיה,629,100,729
2021-09-23T00:00:00.000Z,ברזיל,3,2,5
2021-09-23T00:00:00.000Z,בלגיה,81,60,141
2021-09-23T00:00:00.000Z,בילורוסיה,101,73,174
2021-09-23T00:00:00.000Z,בוסניה הרצגובינה,2,0,2
2021-09-23T00:00:00.000Z,אתיופיה,25,19,44
2021-09-23T00:00:00.000Z,ארצות הברית,1360,915,2275
2021-09-23T00:00:00.000Z,צ'ילה,3,0,3
2021-09-23T00:00:00.000Z,צכיה,419,64,483
2021-09-23T00:00:00.000Z,צרפת,657,325,982
2021-09-23T00:00:00.000Z,קולומביה,9,6,15
2021-09-23T00:00:00.000Z,קזחסטאן,0,1,1
2021-09-23T00:00:00.000Z,קטר,1,0,1
2021-09-23T00:00:00.000Z,קוסטה ריקה,8,18,26
2021-09-23T00:00:00.000Z,טג'יקיסטאן,3,0,3
2021-09-23T00:00:00.000Z,טנזניה,22,12,34
2021-09-23T00:00:00.000Z,יוון,2042,499,2541
2021-09-23T00:00:00.000Z,יפן,2,1,3
2021-09-23T00:00:00.000Z,ירדן,373,96,469
2021-09-23T00:00:00.000Z,כלל המדינות,13757,5716,19473
2021-09-23T00:00:00.000Z,ליטא,128,36,164
2021-09-23T00:00:00.000Z,מולדובה,85,81,166
2021-09-23T00:00:00.000Z,מונטנגרו,1,0,1
2021-09-23T00:00:00.000Z,מלדיבים,53,16,69
2021-09-23T00:00:00.000Z,מצרים,833,300,1133
2021-09-23T00:00:00.000Z,מקדוניה,4,0,4
2021-09-23T00:00:00.000Z,מקסיקו,0,1,1
2021-09-23T00:00:00.000Z,מרוקו,6,5,11
2021-09-23T00:00:00.000Z,נורבגיה,0,2,2
2021-09-23T00:00:00.000Z,ניגריה,3,2,5
2021-09-23T00:00:00.000Z,נמיביה,2,0,2
2021-09-23T00:00:00.000Z,סין,0,4,4
2021-09-23T00:00:00.000Z,סלובקיה,2,0,2
2021-09-23T00:00:00.000Z,ספרד,336,103,439
2021-09-23T00:00:00.000Z,סרביה,4,5,9
2021-09-23T00:00:00.000Z,ארמניה,126,20,146
2021-09-23T00:00:00.000Z,ארגנטינה,4,7,11
2021-09-23T00:00:00.000Z,אסטוניה,1,0,1
2021-09-23T00:00:00.000Z,אלבניה,4,2,6
2021-09-23T00:00:00.000Z,אל סלבדור,1,1,2
2021-09-23T00:00:00.000Z,אירלנד,9,2,11
2021-09-23T00:00:00.000Z,איסלנד,102,15,117
2021-09-23T00:00:00.000Z,איי סיישל,10,0,10
2021-09-23T00:00:00.000Z,איטליה,981,195,1176
2021-09-23T00:00:00.000Z,אזרביג'אן,109,28,137
2021-09-23T00:00:00.000Z,אורגוואי,0,4,4
2021-09-23T00:00:00.000Z,אוקראינה,417,206,623
2021-09-23T00:00:00.000Z,אוסטרליה,2,1,3
2021-09-23T00:00:00.000Z,אוסטריה,436,101,537
2021-09-23T00:00:00.000Z,אוזבקיסטן,6,8,14
2021-09-23T00:00:00.000Z,אוגנדה,1,1,2
2021-09-23T00:00:00.000Z,חוף השנהב,1,2,3
2021-09-23T00:00:00.000Z,קירג'זסטאן,3,1,4
2021-09-23T00:00:00.000Z,קנדה,85,58,143
2021-09-23T00:00:00.000Z,קניה,7,3,10
2021-09-23T00:00:00.000Z,קפריסין,370,132,502
2021-09-23T00:00:00.000Z,קרואטיה,2,0,2
2021-09-23T00:00:00.000Z,רומניה,153,44,197
2021-09-23T00:00:00.000Z,רוסיה,173,216,389
2021-09-23T00:00:00.000Z,שוודיה,15,16,31
2021-09-23T00:00:00.000Z,שוויץ,198,75,273
2021-09-23T00:00:00.000Z,איחוד האמירויות הערב,173,46,219
2021-09-24T00:00:00.000Z,מולדובה,70,53,123
2021-09-24T00:00:00.000Z,סין,2,0,2
2021-09-24T00:00:00.000Z,תורכמניסטאן,1,0,1
2021-09-24T00:00:00.000Z,תורכיה,28,41,69
2021-09-24T00:00:00.000Z,תוניסיה,1,0,1
2021-09-24T00:00:00.000Z,תאילנד,179,83,262
2021-09-24T00:00:00.000Z,שוויץ,343,57,400
2021-09-24T00:00:00.000Z,שוודיה,10,1,11
2021-09-24T00:00:00.000Z,רוסיה,310,194,504
2021-09-24T00:00:00.000Z,רומניה,389,58,447
2021-09-24T00:00:00.000Z,קרואטיה,35,12,47
2021-09-24T00:00:00.000Z,קפריסין,389,116,505
2021-09-24T00:00:00.000Z,קניה,2,0,2
2021-09-24T00:00:00.000Z,קנדה,84,68,152
2021-09-24T00:00:00.000Z,קירג'זסטאן,3,0,3
2021-09-24T00:00:00.000Z,קטר,4,0,4
2021-09-24T00:00:00.000Z,קזחסטאן,11,1,12
2021-09-24T00:00:00.000Z,קוסטה ריקה,50,37,87
2021-09-24T00:00:00.000Z,קוסובו,1,0,1
2021-09-24T00:00:00.000Z,קולומביה,2,10,12
2021-09-24T00:00:00.000Z,קובה,1,0,1
2021-09-24T00:00:00.000Z,צרפת,461,148,609
2021-09-24T00:00:00.000Z,צכיה,831,89,920
2021-09-24T00:00:00.000Z,פרו,4,7,11
2021-09-24T00:00:00.000Z,פנמה,4,5,9
2021-09-24T00:00:00.000Z,פינלנד,97,10,107
2021-09-24T00:00:00.000Z,פיליפינים,0,2,2
2021-09-24T00:00:00.000Z,פורטוגל,19,8,27
2021-09-24T00:00:00.000Z,פולין,330,53,383
2021-09-24T00:00:00.000Z,ערב הסעודית,1,1,2
2021-09-24T00:00:00.000Z,סרי לנקה (צילון),4,1,5
2021-09-24T00:00:00.000Z,סרביה,6,2,8
2021-09-24T00:00:00.000Z,ספרד,491,66,557
2021-09-24T00:00:00.000Z,סלובקיה,158,25,183
2021-09-24T00:00:00.000Z,סלובניה,1,0,1
2021-09-24T00:00:00.000Z,סינגפור,2,2,4
2021-09-24T00:00:00.000Z,נפאל,1,2,3
2021-09-24T00:00:00.000Z,ניגריה,1,1,2
2021-09-24T00:00:00.000Z,נורבגיה,3,0,3
2021-09-24T00:00:00.000Z,מרוקו,10,4,14
2021-09-24T00:00:00.000Z,מקדוניה,0,1,1
2021-09-24T00:00:00.000Z,מצרים,1074,356,1430
2021-09-24T00:00:00.000Z,מלדיבים,40,9,49
2021-09-24T00:00:00.000Z,מונטנגרו,309,40,349
2021-09-24T00:00:00.000Z,איחוד האמירויות הערב,209,39,248
2021-09-24T00:00:00.000Z,ליטא,4,0,4
2021-09-24T00:00:00.000Z,לטביה,0,2,2
2021-09-24T00:00:00.000Z,לוכסמבורג,0,1,1
2021-09-24T00:00:00.000Z,כלל המדינות,14056,4556,18612
2021-09-24T00:00:00.000Z,ירדן,2,4,6
2021-09-24T00:00:00.000Z,יוון,1640,311,1951
2021-09-24T00:00:00.000Z,טנזניה,1,3,4
2021-09-24T00:00:00.000Z,זאיר,1,0,1
2021-09-24T00:00:00.000Z,ונצואלה,0,1,1
2021-09-24T00:00:00.000Z,הרפ הדומיניקנית,19,5,24
2021-09-24T00:00:00.000Z,הממלכה המאוחדת,315,130,445
2021-09-24T00:00:00.000Z,הונגריה,466,42,508
2021-09-24T00:00:00.000Z,הולנד,80,27,107
2021-09-24T00:00:00.000Z,הודו,5,4,9
2021-09-24T00:00:00.000Z,דרום אפריקה,0,2,2
2021-09-24T00:00:00.000Z,דנמרק,6,0,6
2021-09-24T00:00:00.000Z,דומיניקה,2,0,2
2021-09-24T00:00:00.000Z,גרמניה,505,91,596
2021-09-24T00:00:00.000Z,גיברלטר,4,1,5
2021-09-24T00:00:00.000Z,גווטאמלה,3,3,6
2021-09-24T00:00:00.000Z,גאורגיה,167,37,204
2021-09-24T00:00:00.000Z,ברזיל,2,5,7
2021-09-24T00:00:00.000Z,בלגיה,20,6,26
2021-09-24T00:00:00.000Z,בילורוסיה,87,33,120
2021-09-24T00:00:00.000Z,בוסניה הרצגובינה,53,23,76
2021-09-24T00:00:00.000Z,בולגריה,10,24,34
2021-09-24T00:00:00.000Z,אתיופיה,2,0,2
2021-09-24T00:00:00.000Z,ארצות הברית,1550,744,2294
2021-09-24T00:00:00.000Z,ארמניה,6,0,6
2021-09-24T00:00:00.000Z,ארגנטינה,13,11,24
2021-09-24T00:00:00.000Z,אקואדור,4,3,7
2021-09-24T00:00:00.000Z,אסטוניה,4,0,4
2021-09-24T00:00:00.000Z,אלבניה,5,1,6
2021-09-24T00:00:00.000Z,אירלנד,11,2,13
2021-09-24T00:00:00.000Z,איסלנד,6,0,6
2021-09-24T00:00:00.000Z,איי סיישל,2,0,2
2021-09-24T00:00:00.000Z,איטליה,549,106,655
2021-09-24T00:00:00.000Z,אזרביג'אן,7,0,7
2021-09-24T00:00:00.000Z,אורגוואי,1,1,2
2021-09-24T00:00:00.000Z,אוקראינה,499,253,752
2021-09-24T00:00:00.000Z,אוסטרליה,2,1,3
2021-09-24T00:00:00.000Z,אוסטריה,1132,190,1322
2021-09-24T00:00:00.000Z,אוזבקיסטן,5,2,7
2021-09-25T00:00:00.000Z,אוקראינה,243,106,349
2021-09-25T00:00:00.000Z,אזרביג'אן,5,1,6
2021-09-25T00:00:00.000Z,איטליה,675,98,773
2021-09-25T00:00:00.000Z,איי סיישל,17,5,22
2021-09-25T00:00:00.000Z,איחוד האמירויות הערב,286,34,320
2021-09-25T00:00:00.000Z,איסלנד,71,10,81
2021-09-25T00:00:00.000Z,אירלנד,8,1,9
2021-09-25T00:00:00.000Z,אל סלבדור,1,1,2
2021-09-25T00:00:00.000Z,אלבניה,4,0,4
2021-09-25T00:00:00.000Z,אנגולה,3,0,3
2021-09-25T00:00:00.000Z,דרום אפריקה,39,16,55
2021-09-25T00:00:00.000Z,אנדורה,1,0,1
2021-09-25T00:00:00.000Z,אסטוניה,2,1,3
2021-09-25T00:00:00.000Z,אקואדור,1,1,2
2021-09-25T00:00:00.000Z,ארמניה,4,0,4
2021-09-25T00:00:00.000Z,ארצות הברית,1384,448,1832
2021-09-25T00:00:00.000Z,אתיופיה,35,13,48
2021-09-25T00:00:00.000Z,בוטסואנה,1,0,1
2021-09-25T00:00:00.000Z,בוסניה הרצגובינה,2,0,2
2021-09-25T00:00:00.000Z,בחריין,2,1,3
2021-09-25T00:00:00.000Z,בלגיה,6,2,8
2021-09-25T00:00:00.000Z,גאורגיה,340,61,401
2021-09-25T00:00:00.000Z,גאנה,3,3,6
2021-09-25T00:00:00.000Z,גווטאמלה,2,2,4
2021-09-25T00:00:00.000Z,גינאה המשוונית,0,2,2
2021-09-25T00:00:00.000Z,גמייקה,2,1,3
2021-09-25T00:00:00.000Z,גרמניה,417,85,502
2021-09-25T00:00:00.000Z,דנמרק,20,3,23
2021-09-25T00:00:00.000Z,אוסטרליה,3,0,3
2021-09-25T00:00:00.000Z,מקדוניה,1,0,1
2021-09-25T00:00:00.000Z,מקאו,0,1,1
2021-09-25T00:00:00.000Z,מצרים,1793,466,2259
2021-09-25T00:00:00.000Z,מלדיבים,70,7,77
2021-09-25T00:00:00.000Z,מונטנגרו,1,1,2
2021-09-25T00:00:00.000Z,מוזמביק,3,0,3
2021-09-25T00:00:00.000Z,מאלי,3,1,4
2021-09-25T00:00:00.000Z,ליטא,4,3,7
2021-09-25T00:00:00.000Z,לטביה,87,16,103
2021-09-25T00:00:00.000Z,כלל המדינות,11997,3251,15248
2021-09-25T00:00:00.000Z,ירדן,1,3,4
2021-09-25T00:00:00.000Z,יפן,0,4,4
2021-09-25T00:00:00.000Z,יוון,1682,264,1946
2021-09-25T00:00:00.000Z,טנזניה,29,5,34
2021-09-25T00:00:00.000Z,טיוואן,0,1,1
2021-09-25T00:00:00.000Z,טוגו,1,0,1
2021-09-25T00:00:00.000Z,טג'יקיסטאן,1,0,1
2021-09-25T00:00:00.000Z,חוף השנהב,1,0,1
2021-09-25T00:00:00.000Z,זמביה,1,0,1
2021-09-25T00:00:00.000Z,הרפ הדומיניקנית,23,1,24
2021-09-25T00:00:00.000Z,הממלכה המאוחדת,450,62,512
2021-09-25T00:00:00.000Z,הונדורס,3,0,3
2021-09-25T00:00:00.000Z,הונגריה,281,39,320
2021-09-25T00:00:00.000Z,הולנד,121,50,171
2021-09-25T00:00:00.000Z,הודו,6,3,9
2021-09-25T00:00:00.000Z,אבחזיסטאן,1,0,1
2021-09-25T00:00:00.000Z,אוגנדה,4,1,5
2021-09-25T00:00:00.000Z,אוזבקיסטן,3,7,10
2021-09-25T00:00:00.000Z,אוסטריה,486,90,576
2021-09-25T00:00:00.000Z,תורכמניסטאן,0,1,1
2021-09-25T00:00:00.000Z,תורכיה,30,52,82
2021-09-25T00:00:00.000Z,תאילנד,0,6,6
2021-09-25T00:00:00.000Z,שוויץ,159,14,173
2021-09-25T00:00:00.000Z,שוודיה,2,4,6
2021-09-25T00:00:00.000Z,רוסיה,40,21,61
2021-09-25T00:00:00.000Z,רומניה,559,90,649
2021-09-25T00:00:00.000Z,רואנדה,1,0,1
2021-09-25T00:00:00.000Z,קרואטיה,32,4,36
2021-09-25T00:00:00.000Z,קפריסין,308,107,415
2021-09-25T00:00:00.000Z,קניה,11,5,16
2021-09-25T00:00:00.000Z,קנדה,114,54,168
2021-09-25T00:00:00.000Z,קירג'זסטאן,3,0,3
2021-09-25T00:00:00.000Z,קזחסטאן,1,0,1
2021-09-25T00:00:00.000Z,קוריאה הדרומית,0,6,6
2021-09-25T00:00:00.000Z,קוסטה ריקה,10,1,11
2021-09-25T00:00:00.000Z,קולומביה,7,1,8
2021-09-25T00:00:00.000Z,צרפת,561,105,666
2021-09-25T00:00:00.000Z,צכיה,624,78,702
2021-09-25T00:00:00.000Z,צ'ילה,2,0,2
2021-09-25T00:00:00.000Z,פרו,10,1,11
2021-09-25T00:00:00.000Z,פרגוואי,2,0,2
2021-09-25T00:00:00.000Z,פנמה,8,6,14
2021-09-25T00:00:00.000Z,פינלנד,4,0,4
2021-09-25T00:00:00.000Z,פורטוגל,31,5,36
2021-09-25T00:00:00.000Z,פולינזיה הצרפתית,2,0,2
2021-09-25T00:00:00.000Z,פולין,217,26,243
2021-09-25T00:00:00.000Z,סרי לנקה (צילון),5,0,5
2021-09-25T00:00:00.000Z,סרביה,7,1,8
2021-09-25T00:00:00.000Z,ספרד,120,18,138
2021-09-25T00:00:00.000Z,סנגל,0,1,1
2021-09-25T00:00:00.000Z,סלובניה,14,1,15
2021-09-25T00:00:00.000Z,סינגפור,0,2,2
2021-09-25T00:00:00.000Z,סט. לוציה,1,0,1
2021-09-25T00:00:00.000Z,נפאל,2,0,2
2021-09-25T00:00:00.000Z,נמיביה,3,0,3
2021-09-25T00:00:00.000Z,ניגריה,4,2,6
2021-09-25T00:00:00.000Z,נורבגיה,0,3,3
2021-09-25T00:00:00.000Z,מרוקו,1,0,1
2021-09-26T00:00:00.000Z,ארגנטינה,8,4,12
2021-09-26T00:00:00.000Z,אקואדור,1,0,1
2021-09-26T00:00:00.000Z,אסטוניה,1,0,1
2021-09-26T00:00:00.000Z,אנגולה,5,1,6
2021-09-26T00:00:00.000Z,אלבניה,11,2,13
2021-09-26T00:00:00.000Z,אירלנד,34,4,38
2021-09-26T00:00:00.000Z,איסלנד,63,6,69
2021-09-26T00:00:00.000Z,איי סיישל,426,81,507
2021-09-26T00:00:00.000Z,איטליה,894,122,1016
2021-09-26T00:00:00.000Z,אזרביג'אן,139,27,166
2021-09-26T00:00:00.000Z,צרפת,802,200,1002
2021-09-26T00:00:00.000Z,קולומביה,6,3,9
2021-09-26T00:00:00.000Z,קוסטה ריקה,33,15,48
2021-09-26T00:00:00.000Z,קוריאה הדרומית,4,2,6
2021-09-26T00:00:00.000Z,קזחסטאן,3,0,3
2021-09-26T00:00:00.000Z,קירג'זסטאן,3,3,6
2021-09-26T00:00:00.000Z,קנדה,126,46,172
2021-09-26T00:00:00.000Z,קניה,1,0,1
2021-09-26T00:00:00.000Z,קפריסין,1235,257,1492
2021-09-26T00:00:00.000Z,קרואטיה,33,7,40
2021-09-26T00:00:00.000Z,ראוניון,1,0,1
2021-09-26T00:00:00.000Z,רומניה,312,25,337
2021-09-26T00:00:00.000Z,רוסיה,215,187,402
2021-09-26T00:00:00.000Z,שוודיה,7,10,17
2021-09-26T00:00:00.000Z,שוויץ,572,125,697
2021-09-26T00:00:00.000Z,תאילנד,2,1,3
2021-09-26T00:00:00.000Z,תוניסיה,1,5,6
2021-09-26T00:00:00.000Z,תורכיה,33,50,83
2021-09-26T00:00:00.000Z,תורכמניסטאן,0,1,1
2021-09-26T00:00:00.000Z,אורגוואי,3,3,6
2021-09-26T00:00:00.000Z,אוקראינה,615,241,856
2021-09-26T00:00:00.000Z,אוסטרליה,3,4,7
2021-09-26T00:00:00.000Z,אוסטריה,675,97,772
2021-09-26T00:00:00.000Z,אוזבקיסטן,0,3,3
2021-09-26T00:00:00.000Z,אוגנדה,2,0,2
2021-09-26T00:00:00.000Z,הונדורס,0,2,2
2021-09-26T00:00:00.000Z,הממלכה המאוחדת,796,160,956
2021-09-26T00:00:00.000Z,הרפ הדומיניקנית,66,10,76
2021-09-26T00:00:00.000Z,ויטנאם,2,7,9
2021-09-26T00:00:00.000Z,חוף השנהב,2,2,4
2021-09-26T00:00:00.000Z,טובלו,1,0,1
2021-09-26T00:00:00.000Z,טנזניה,1,0,1
2021-09-26T00:00:00.000Z,יוון,3009,463,3472
2021-09-26T00:00:00.000Z,יפן,1,2,3
2021-09-26T00:00:00.000Z,ירדן,669,179,848
2021-09-26T00:00:00.000Z,כווית,1,0,1
2021-09-26T00:00:00.000Z,כלל המדינות,21863,5632,27495
2021-09-26T00:00:00.000Z,לוכסמבורג,1,0,1
2021-09-26T00:00:00.000Z,לטביה,2,0,2
2021-09-26T00:00:00.000Z,ליטא,140,17,157
2021-09-26T00:00:00.000Z,מוזמביק,3,2,5
2021-09-26T00:00:00.000Z,מולדובה,167,85,252
2021-09-26T00:00:00.000Z,מונטנגרו,185,10,195
2021-09-26T00:00:00.000Z,מיאנמר (בורמה),0,2,2
2021-09-26T00:00:00.000Z,מלדיבים,105,12,117
2021-09-26T00:00:00.000Z,מלטה,0,3,3
2021-09-26T00:00:00.000Z,מצרים,2111,578,2689
2021-09-26T00:00:00.000Z,מקדוניה,2,2,4
2021-09-26T00:00:00.000Z,מקסיקו,0,1,1
2021-09-26T00:00:00.000Z,מרוקו,18,8,26
2021-09-26T00:00:00.000Z,נורבגיה,6,2,8
2021-09-26T00:00:00.000Z,ניגריה,3,2,5
2021-09-26T00:00:00.000Z,סין,1,0,1
2021-09-26T00:00:00.000Z,סלובקיה,2,1,3
2021-09-26T00:00:00.000Z,סן מרינו,2,0,2
2021-09-26T00:00:00.000Z,ספרד,393,54,447
2021-09-26T00:00:00.000Z,סרביה,9,1,10
2021-09-26T00:00:00.000Z,סרי לנקה (צילון),2,1,3
2021-09-26T00:00:00.000Z,עומן,2,0,2
2021-09-26T00:00:00.000Z,פולין,371,38,409
2021-09-26T00:00:00.000Z,פולינזיה הצרפתית,0,1,1
2021-09-26T00:00:00.000Z,פורטוגל,67,24,91
2021-09-26T00:00:00.000Z,פיליפינים,0,3,3
2021-09-26T00:00:00.000Z,פינלנד,1,0,1
2021-09-26T00:00:00.000Z,פנמה,5,9,14
2021-09-26T00:00:00.000Z,פקיסטן,0,1,1
2021-09-26T00:00:00.000Z,פרו,0,7,7
2021-09-26T00:00:00.000Z,צכיה,598,43,641
2021-09-26T00:00:00.000Z,הודו,4,0,4
2021-09-26T00:00:00.000Z,דרום אפריקה,7,7,14
2021-09-26T00:00:00.000Z,דנמרק,169,35,204
2021-09-26T00:00:00.000Z,גרמניה,743,151,894
2021-09-26T00:00:00.000Z,גווטאמלה,2,2,4
2021-09-26T00:00:00.000Z,גאורגיה,986,93,1079
2021-09-26T00:00:00.000Z,ברזיל,0,1,1
2021-09-26T00:00:00.000Z,בלגיה,92,40,132
2021-09-26T00:00:00.000Z,איחוד האמירויות הערב,382,92,474
2021-09-26T00:00:00.000Z,הונגריה,1008,88,1096
2021-09-26T00:00:00.000Z,הולנד,323,57,380
2021-09-26T00:00:00.000Z,בילורוסיה,134,36,170
2021-09-26T00:00:00.000Z,בולגריה,12,27,39
2021-09-26T00:00:00.000Z,ארצות הברית,1616,629,2245
2021-09-26T00:00:00.000Z,ארמניה,4,0,4
2021-09-27T00:00:00.000Z,מאלי,4,0,4
2021-09-27T00:00:00.000Z,גאורגיה,711,69,780
2021-09-27T00:00:00.000Z,אוגנדה,1,0,1
2021-09-27T00:00:00.000Z,אוזבקיסטן,64,76,140
2021-09-27T00:00:00.000Z,אוסטריה,1293,168,1461
2021-09-27T00:00:00.000Z,אוסטרליה,6,2,8
2021-09-27T00:00:00.000Z,אוקראינה,625,174,799
2021-09-27T00:00:00.000Z,אורגוואי,4,0,4
2021-09-27T00:00:00.000Z,אזרביג'אן,59,49,108
2021-09-27T00:00:00.000Z,איטליה,1299,99,1398
2021-09-27T00:00:00.000Z,איי סיישל,120,15,135
2021-09-27T00:00:00.000Z,איסלנד,77,2,79
2021-09-27T00:00:00.000Z,אירלנד,8,5,13
2021-09-27T00:00:00.000Z,אלבניה,1,0,1
2021-09-27T00:00:00.000Z,אנגולה,3,0,3
2021-09-27T00:00:00.000Z,אסטוניה,4,2,6
2021-09-27T00:00:00.000Z,אקואדור,3,2,5
2021-09-27T00:00:00.000Z,ארמניה,11,1,12
2021-09-27T00:00:00.000Z,ארצות הברית,2621,777,3398
2021-09-27T00:00:00.000Z,אתיופיה,25,10,35
2021-09-27T00:00:00.000Z,בוסניה הרצגובינה,27,4,31
2021-09-27T00:00:00.000Z,בורקינה פאסו,2,0,2
2021-09-27T00:00:00.000Z,בלגיה,108,52,160
2021-09-27T00:00:00.000Z,גאנה,0,3,3
2021-09-27T00:00:00.000Z,גווטאמלה,2,4,6
2021-09-27T00:00:00.000Z,גרמניה,892,71,963
2021-09-27T00:00:00.000Z,גרנדה,1,0,1
2021-09-27T00:00:00.000Z,דנמרק,46,4,50
2021-09-27T00:00:00.000Z,דרום אפריקה,29,20,49
2021-09-27T00:00:00.000Z,האנטילים ההולנדים,0,1,1
2021-09-27T00:00:00.000Z,הודו,38,99,137
2021-09-27T00:00:00.000Z,הולנד,82,27,109
2021-09-27T00:00:00.000Z,הונגריה,612,48,660
2021-09-27T00:00:00.000Z,הממלכה המאוחדת,985,158,1143
2021-09-27T00:00:00.000Z,הרפ הדומיניקנית,7,4,11
2021-09-27T00:00:00.000Z,זאיר,1,0,1
2021-09-27T00:00:00.000Z,טיוואן,0,1,1
2021-09-27T00:00:00.000Z,טנזניה,35,8,43
2021-09-27T00:00:00.000Z,יוון,2352,219,2571
2021-09-27T00:00:00.000Z,יפן,0,2,2
2021-09-27T00:00:00.000Z,ירדן,247,55,302
2021-09-27T00:00:00.000Z,כלל המדינות,23328,4862,28190
2021-09-27T00:00:00.000Z,לוכסמבורג,1,1,2
2021-09-27T00:00:00.000Z,לטביה,2,0,2
2021-09-27T00:00:00.000Z,ליטא,8,3,11
2021-09-27T00:00:00.000Z,אבחזיסטאן,2,0,2
2021-09-27T00:00:00.000Z,מולדובה,4,1,5
2021-09-27T00:00:00.000Z,מונטנגרו,492,24,516
2021-09-27T00:00:00.000Z,מונקו,1,0,1
2021-09-27T00:00:00.000Z,מלדיבים,235,28,263
2021-09-27T00:00:00.000Z,מצרים,2216,470,2686
2021-09-27T00:00:00.000Z,מקסיקו,2,3,5
2021-09-27T00:00:00.000Z,מרוקו,23,8,31
2021-09-27T00:00:00.000Z,נורבגיה,6,0,6
2021-09-27T00:00:00.000Z,ניגריה,2,2,4
2021-09-27T00:00:00.000Z,ניקרגואה,1,0,1
2021-09-27T00:00:00.000Z,נפאל,1,0,1
2021-09-27T00:00:00.000Z,סינגפור,1,0,1
2021-09-27T00:00:00.000Z,סלובניה,5,0,5
2021-09-27T00:00:00.000Z,סלובקיה,188,16,204
2021-09-27T00:00:00.000Z,ספרד,600,60,660
2021-09-27T00:00:00.000Z,סרביה,104,18,122
2021-09-27T00:00:00.000Z,סרי לנקה (צילון),5,2,7
2021-09-27T00:00:00.000Z,פולין,664,60,724
2021-09-27T00:00:00.000Z,פולינזיה הצרפתית,1,0,1
2021-09-27T00:00:00.000Z,פורטוגל,152,35,187
2021-09-27T00:00:00.000Z,פיליפינים,1,0,1
2021-09-27T00:00:00.000Z,פינלנד,18,1,19
2021-09-27T00:00:00.000Z,פנמה,6,11,17
2021-09-27T00:00:00.000Z,פרו,12,10,22
2021-09-27T00:00:00.000Z,צ'ילה,1,4,5
2021-09-27T00:00:00.000Z,צכיה,1101,86,1187
2021-09-27T00:00:00.000Z,צרפת,1152,132,1284
2021-09-27T00:00:00.000Z,קובה,2,0,2
2021-09-27T00:00:00.000Z,איחוד האמירויות הערב,548,92,640
2021-09-27T00:00:00.000Z,תורכיה,45,21,66
2021-09-27T00:00:00.000Z,תוניסיה,1,3,4
2021-09-27T00:00:00.000Z,תאילנד,167,51,218
2021-09-27T00:00:00.000Z,שוויץ,459,47,506
2021-09-27T00:00:00.000Z,שוודיה,2,1,3
2021-09-27T00:00:00.000Z,רוסיה,340,170,510
2021-09-27T00:00:00.000Z,רומניה,497,28,525
2021-09-27T00:00:00.000Z,קרואטיה,40,2,42
2021-09-27T00:00:00.000Z,קפריסין,455,86,541
2021-09-27T00:00:00.000Z,קניה,8,3,11
2021-09-27T00:00:00.000Z,קנדה,246,108,354
2021-09-27T00:00:00.000Z,קירג'זסטאן,27,2,29
2021-09-27T00:00:00.000Z,קזחסטאן,3,5,8
2021-09-27T00:00:00.000Z,קוריאה הדרומית,1,0,1
2021-09-27T00:00:00.000Z,קוסטה ריקה,29,12,41
2021-09-27T00:00:00.000Z,קולומביה,14,4,18
2021-09-28T00:00:00.000Z,מרוקו,14,0,14
2021-09-28T00:00:00.000Z,נורבגיה,3,1,4
2021-09-28T00:00:00.000Z,ניגריה,1,0,1
2021-09-28T00:00:00.000Z,ניו זילנד,0,1,1
2021-09-28T00:00:00.000Z,נמיביה,7,0,7
2021-09-28T00:00:00.000Z,נפאל,4,0,4
2021-09-28T00:00:00.000Z,סין,10,69,79
2021-09-28T00:00:00.000Z,סלובניה,13,0,13
2021-09-28T00:00:00.000Z,ספרד,620,60,680
2021-09-28T00:00:00.000Z,סרביה,19,3,22
2021-09-28T00:00:00.000Z,סרי לנקה (צילון),8,0,8
2021-09-28T00:00:00.000Z,ערב הסעודית,2,1,3
2021-09-28T00:00:00.000Z,פולין,282,20,302
2021-09-28T00:00:00.000Z,פורטוגל,53,10,63
2021-09-28T00:00:00.000Z,פיליפינים,0,5,5
2021-09-28T00:00:00.000Z,פינלנד,4,2,6
2021-09-28T00:00:00.000Z,פנמה,13,6,19
2021-09-28T00:00:00.000Z,פרגוואי,2,0,2
2021-09-28T00:00:00.000Z,פרו,22,6,28
2021-09-28T00:00:00.000Z,צכיה,589,45,634
2021-09-28T00:00:00.000Z,צרפת,696,68,764
2021-09-28T00:00:00.000Z,קובה,0,1,1
2021-09-28T00:00:00.000Z,קולומביה,2,5,7
2021-09-28T00:00:00.000Z,קוסטה ריקה,43,18,61
2021-09-28T00:00:00.000Z,קוריאה הדרומית,5,0,5
2021-09-28T00:00:00.000Z,קזחסטאן,0,1,1
2021-09-28T00:00:00.000Z,קירג'זסטאן,8,0,8
2021-09-28T00:00:00.000Z,קמרון,1,1,2
2021-09-28T00:00:00.000Z,קנדה,179,31,210
2021-09-28T00:00:00.000Z,קניה,16,5,21
2021-09-28T00:00:00.000Z,קפריסין,272,46,318
2021-09-28T00:00:00.000Z,קרואטיה,18,0,18
2021-09-28T00:00:00.000Z,רואנדה,4,1,5
2021-09-28T00:00:00.000Z,רומניה,435,49,484
2021-09-28T00:00:00.000Z,רוסיה,242,141,383
2021-09-28T00:00:00.000Z,שוודיה,10,2,12
2021-09-28T00:00:00.000Z,שוויץ,297,21,318
2021-09-28T00:00:00.000Z,תאילנד,0,2,2
2021-09-28T00:00:00.000Z,תוניסיה,2,2,4
2021-09-28T00:00:00.000Z,תורכיה,36,25,61
2021-09-28T00:00:00.000Z,הודו,3,2,5
2021-09-28T00:00:00.000Z,הולנד,153,20,173
2021-09-28T00:00:00.000Z,הונג קונג,4,23,27
2021-09-28T00:00:00.000Z,הונגריה,697,45,742
2021-09-28T00:00:00.000Z,הממלכה המאוחדת,274,19,293
2021-09-28T00:00:00.000Z,הרפ הדומיניקנית,25,5,30
2021-09-28T00:00:00.000Z,ויטנאם,1,0,1
2021-09-28T00:00:00.000Z,זימבאבווה,3,0,3
2021-09-28T00:00:00.000Z,איחוד האמירויות הערב,239,41,280
2021-09-28T00:00:00.000Z,חוף השנהב,1,0,1
2021-09-28T00:00:00.000Z,טוגו,1,0,1
2021-09-28T00:00:00.000Z,טנזניה,37,6,43
2021-09-28T00:00:00.000Z,יוון,2634,244,2878
2021-09-28T00:00:00.000Z,ירדן,221,48,269
2021-09-28T00:00:00.000Z,כלל המדינות,17311,3203,20514
2021-09-28T00:00:00.000Z,לטביה,75,8,83
2021-09-28T00:00:00.000Z,ליטא,21,3,24
2021-09-28T00:00:00.000Z,מאלי,1,0,1
2021-09-28T00:00:00.000Z,מולדובה,122,47,169
2021-09-28T00:00:00.000Z,מונטנגרו,10,1,11
2021-09-28T00:00:00.000Z,מלדיבים,97,7,104
2021-09-28T00:00:00.000Z,מלזיה,1,0,1
2021-09-28T00:00:00.000Z,מלטה,3,0,3
2021-09-28T00:00:00.000Z,מצרים,3393,672,4065
2021-09-28T00:00:00.000Z,מקדוניה,1,1,2
2021-09-28T00:00:00.000Z,מקסיקו,1,2,3
2021-09-28T00:00:00.000Z,אוגנדה,1,2,3
2021-09-28T00:00:00.000Z,אוזבקיסטן,5,3,8
2021-09-28T00:00:00.000Z,אוסטריה,565,53,618
2021-09-28T00:00:00.000Z,אוסטרליה,1,0,1
2021-09-28T00:00:00.000Z,אוקראינה,292,87,379
2021-09-28T00:00:00.000Z,האנטילים ההולנדים,6,0,6
2021-09-28T00:00:00.000Z,אזרביג'אן,102,16,118
2021-09-28T00:00:00.000Z,איטליה,863,81,944
2021-09-28T00:00:00.000Z,איי סיישל,115,20,135
2021-09-28T00:00:00.000Z,איי קייפ וורדה,1,0,1
2021-09-28T00:00:00.000Z,איסלנד,140,2,142
2021-09-28T00:00:00.000Z,אירלנד,19,2,21
2021-09-28T00:00:00.000Z,אל סלבדור,2,0,2
2021-09-28T00:00:00.000Z,אלבניה,12,0,12
2021-09-28T00:00:00.000Z,אנגולה,1,0,1
2021-09-28T00:00:00.000Z,אסטוניה,6,0,6
2021-09-28T00:00:00.000Z,אקואדור,3,0,3
2021-09-28T00:00:00.000Z,ארגנטינה,12,0,12
2021-09-28T00:00:00.000Z,ארמניה,4,0,4
2021-09-28T00:00:00.000Z,ארצות הברית,1493,244,1737
2021-09-28T00:00:00.000Z,אתיופיה,10,14,24
2021-09-28T00:00:00.000Z,בוסניה הרצגובינה,16,4,20
2021-09-28T00:00:00.000Z,בילורוסיה,0,1,1
2021-09-28T00:00:00.000Z,בלגיה,18,2,20
2021-09-28T00:00:00.000Z,ברזיל,1,1,2
2021-09-28T00:00:00.000Z,גאורגיה,528,38,566
2021-09-28T00:00:00.000Z,גווטאמלה,2,4,6
2021-09-28T00:00:00.000Z,גרמניה,487,72,559
2021-09-28T00:00:00.000Z,דנמרק,34,1,35
2021-09-28T00:00:00.000Z,דרום אפריקה,23,5,28
2021-09-28T00:00:00.000Z,אורגוואי,6,0,6
2021-09-29T00:00:00.000Z,כלל המדינות,17684,3795,21479
2021-09-29T00:00:00.000Z,אוזבקיסטן,3,5,8
2021-09-29T00:00:00.000Z,אוסטריה,856,116,972
2021-09-29T00:00:00.000Z,אוסטרליה,2,3,5
2021-09-29T00:00:00.000Z,אוקראינה,588,210,798
2021-09-29T00:00:00.000Z,אורגוואי,0,1,1
2021-09-29T00:00:00.000Z,אזרביג'אן,8,0,8
2021-09-29T00:00:00.000Z,איטליה,1177,75,1252
2021-09-29T00:00:00.000Z,איי טורקס וקייקוס,4,0,4
2021-09-29T00:00:00.000Z,איי סיישל,112,37,149
2021-09-29T00:00:00.000Z,איסלנד,55,3,58
2021-09-29T00:00:00.000Z,אירלנד,21,2,23
2021-09-29T00:00:00.000Z,אנגולה,4,0,4
2021-09-29T00:00:00.000Z,אסטוניה,6,2,8
2021-09-29T00:00:00.000Z,אקואדור,3,2,5
2021-09-29T00:00:00.000Z,ארמניה,4,5,9
2021-09-29T00:00:00.000Z,ארצות הברית,1923,336,2259
2021-09-29T00:00:00.000Z,אתיופיה,45,17,62
2021-09-29T00:00:00.000Z,בוטסואנה,1,0,1
2021-09-29T00:00:00.000Z,בולגריה,15,24,39
2021-09-29T00:00:00.000Z,בוסניה הרצגובינה,11,4,15
2021-09-29T00:00:00.000Z,בילורוסיה,116,47,163
2021-09-29T00:00:00.000Z,בלגיה,11,4,15
2021-09-29T00:00:00.000Z,ברזיל,1,1,2
2021-09-29T00:00:00.000Z,גאורגיה,411,50,461
2021-09-29T00:00:00.000Z,גאנה,0,1,1
2021-09-29T00:00:00.000Z,גווטאמלה,1,3,4
2021-09-29T00:00:00.000Z,גמייקה,3,0,3
2021-09-29T00:00:00.000Z,גרמניה,699,107,806
2021-09-29T00:00:00.000Z,דומיניקה,3,0,3
2021-09-29T00:00:00.000Z,דנמרק,30,4,34
2021-09-29T00:00:00.000Z,דרום אפריקה,46,5,51
2021-09-29T00:00:00.000Z,דרום סודאן,1,0,1
2021-09-29T00:00:00.000Z,הודו,1,2,3
2021-09-29T00:00:00.000Z,הולנד,268,43,311
2021-09-29T00:00:00.000Z,הונג קונג,0,1,1
2021-09-29T00:00:00.000Z,הונגריה,529,39,568
2021-09-29T00:00:00.000Z,הממלכה המאוחדת,634,70,704
2021-09-29T00:00:00.000Z,הרפ הדומיניקנית,4,2,6
2021-09-29T00:00:00.000Z,ונצואלה,0,1,1
2021-09-29T00:00:00.000Z,זאיר,2,0,2
2021-09-29T00:00:00.000Z,זימבאבווה,9,0,9
2021-09-29T00:00:00.000Z,זמביה,7,1,8
2021-09-29T00:00:00.000Z,חוף השנהב,1,0,1
2021-09-29T00:00:00.000Z,טג'יקיסטאן,0,1,1
2021-09-29T00:00:00.000Z,טיוואן,0,3,3
2021-09-29T00:00:00.000Z,טנזניה,70,10,80
2021-09-29T00:00:00.000Z,יוון,1748,184,1932
2021-09-29T00:00:00.000Z,יפן,1,1,2
2021-09-29T00:00:00.000Z,ירדן,89,39,128
2021-09-29T00:00:00.000Z,אוגנדה,1,0,1
2021-09-29T00:00:00.000Z,תורכמניסטאן,2,0,2
2021-09-29T00:00:00.000Z,תורכיה,28,21,49
2021-09-29T00:00:00.000Z,תאילנד,2,1,3
2021-09-29T00:00:00.000Z,שוויץ,177,15,192
2021-09-29T00:00:00.000Z,שוודיה,3,4,7
2021-09-29T00:00:00.000Z,רוסיה,208,126,334
2021-09-29T00:00:00.000Z,רומניה,538,90,628
2021-09-29T00:00:00.000Z,רואנדה,8,0,8
2021-09-29T00:00:00.000Z,קרואטיה,29,6,35
2021-09-29T00:00:00.000Z,קפריסין,767,180,947
2021-09-29T00:00:00.000Z,קניה,4,3,7
2021-09-29T00:00:00.000Z,קנדה,179,47,226
2021-09-29T00:00:00.000Z,קירג'זסטאן,19,0,19
2021-09-29T00:00:00.000Z,קזחסטאן,3,7,10
2021-09-29T00:00:00.000Z,קוריאה הדרומית,0,3,3
2021-09-29T00:00:00.000Z,קוסטה ריקה,55,16,71
2021-09-29T00:00:00.000Z,קולומביה,3,3,6
2021-09-29T00:00:00.000Z,צרפת,899,128,1027
2021-09-29T00:00:00.000Z,צכיה,808,64,872
2021-09-29T00:00:00.000Z,פרו,18,6,24
2021-09-29T00:00:00.000Z,פנמה,1,1,2
2021-09-29T00:00:00.000Z,פינלנד,66,12,78
2021-09-29T00:00:00.000Z,פיליפינים,0,22,22
2021-09-29T00:00:00.000Z,פורטוגל,71,14,85
2021-09-29T00:00:00.000Z,פורטו ריקו,1,0,1
2021-09-29T00:00:00.000Z,פולינזיה הצרפתית,0,1,1
2021-09-29T00:00:00.000Z,פולין,348,17,365
2021-09-29T00:00:00.000Z,סרי לנקה (צילון),6,2,8
2021-09-29T00:00:00.000Z,סרביה,7,1,8
2021-09-29T00:00:00.000Z,ספרד,466,57,523
2021-09-29T00:00:00.000Z,סלובקיה,199,15,214
2021-09-29T00:00:00.000Z,סלובניה,4,0,4
2021-09-29T00:00:00.000Z,סינגפור,0,2,2
2021-09-29T00:00:00.000Z,סין,1,12,13
2021-09-29T00:00:00.000Z,ניגריה,7,1,8
2021-09-29T00:00:00.000Z,נורבגיה,1,10,11
2021-09-29T00:00:00.000Z,מרוקו,13,13,26
2021-09-29T00:00:00.000Z,מקסיקו,1,1,2
2021-09-29T00:00:00.000Z,מקדוניה,1,0,1
2021-09-29T00:00:00.000Z,מצרים,1578,315,1893
2021-09-29T00:00:00.000Z,מלטה,1,0,1
2021-09-29T00:00:00.000Z,מלדיבים,81,13,94
2021-09-29T00:00:00.000Z,מונטנגרו,178,3,181
2021-09-29T00:00:00.000Z,מוזמביק,1,3,4
2021-09-29T00:00:00.000Z,מדגסקר,1,0,1
2021-09-29T00:00:00.000Z,מאלי,1,1,2
2021-09-29T00:00:00.000Z,מאוריציוס,1,2,3
2021-09-29T00:00:00.000Z,ליטא,31,2,33
2021-09-29T00:00:00.000Z,לוכסמבורג,2,0,2
2021-09-29T00:00:00.000Z,איחוד האמירויות הערב,360,56,416
2021-09-30T00:00:00.000Z,כלל המדינות,18139,5302,23441
2021-09-30T00:00:00.000Z,ירדן,123,59,182
2021-09-30T00:00:00.000Z,יפן,1,3,4
2021-09-30T00:00:00.000Z,יוון,2231,297,2528
2021-09-30T00:00:00.000Z,הונגריה,705,97,802
2021-09-30T00:00:00.000Z,הונג קונג,2,0,2
2021-09-30T00:00:00.000Z,הולנד,337,59,396
2021-09-30T00:00:00.000Z,איחוד האמירויות הערב,344,75,419
2021-09-30T00:00:00.000Z,קנדה,126,47,173
2021-09-30T00:00:00.000Z,הודו,3,7,10
2021-09-30T00:00:00.000Z,קניה,17,2,19
2021-09-30T00:00:00.000Z,קפריסין,416,69,485
2021-09-30T00:00:00.000Z,קרואטיה,7,4,11
2021-09-30T00:00:00.000Z,רואנדה,13,2,15
2021-09-30T00:00:00.000Z,רומניה,368,65,433
2021-09-30T00:00:00.000Z,רוסיה,246,155,401
2021-09-30T00:00:00.000Z,שוודיה,15,8,23
2021-09-30T00:00:00.000Z,שוויץ,351,71,422
2021-09-30T00:00:00.000Z,תאילנד,0,2,2
2021-09-30T00:00:00.000Z,תוניסיה,0,3,3
2021-09-30T00:00:00.000Z,תורכיה,23,32,55
2021-09-30T00:00:00.000Z,ספרד,447,76,523
2021-09-30T00:00:00.000Z,סרי לנקה (צילון),9,15,24
2021-09-30T00:00:00.000Z,פולין,333,52,385
2021-09-30T00:00:00.000Z,פולינזיה הצרפתית,0,1,1
2021-09-30T00:00:00.000Z,פורטוגל,116,14,130
2021-09-30T00:00:00.000Z,פיליפינים,0,1,1
2021-09-30T00:00:00.000Z,פינלנד,5,0,5
2021-09-30T00:00:00.000Z,פנמה,17,14,31
2021-09-30T00:00:00.000Z,פרגוואי,1,0,1
2021-09-30T00:00:00.000Z,פרו,13,25,38
2021-09-30T00:00:00.000Z,צ'ילה,1,6,7
2021-09-30T00:00:00.000Z,צכיה,723,70,793
2021-09-30T00:00:00.000Z,צרפת,1071,301,1372
2021-09-30T00:00:00.000Z,קולומביה,14,16,30
2021-09-30T00:00:00.000Z,קוסטה ריקה,35,13,48
2021-09-30T00:00:00.000Z,קוריאה הדרומית,3,2,5
2021-09-30T00:00:00.000Z,קזחסטאן,0,7,7
2021-09-30T00:00:00.000Z,קטר,1,0,1
2021-09-30T00:00:00.000Z,קירג'זסטאן,5,4,9
2021-09-30T00:00:00.000Z,סלובקיה,1,1,2
2021-09-30T00:00:00.000Z,סלובניה,1,0,1
2021-09-30T00:00:00.000Z,סינגפור,0,5,5
2021-09-30T00:00:00.000Z,נפאל,1,0,1
2021-09-30T00:00:00.000Z,ניקרגואה,2,0,2
2021-09-30T00:00:00.000Z,ניו זילנד,3,1,4
2021-09-30T00:00:00.000Z,ניגריה,6,3,9
2021-09-30T00:00:00.000Z,נורבגיה,1,2,3
2021-09-30T00:00:00.000Z,מרוקו,308,36,344
2021-09-30T00:00:00.000Z,מקסיקו,2,0,2
2021-09-30T00:00:00.000Z,מקדוניה,3,0,3
2021-09-30T00:00:00.000Z,מקאו,1,0,1
2021-09-30T00:00:00.000Z,מצרים,949,199,1148
2021-09-30T00:00:00.000Z,מלטה,1,0,1
2021-09-30T00:00:00.000Z,מלדיבים,49,6,55
2021-09-30T00:00:00.000Z,מונטנגרו,5,0,5
2021-09-30T00:00:00.000Z,מולדובה,131,93,224
2021-09-30T00:00:00.000Z,מאלי,2,0,2
2021-09-30T00:00:00.000Z,ליטא,138,16,154
2021-09-30T00:00:00.000Z,לטביה,2,0,2
2021-09-30T00:00:00.000Z,דרום סודאן,0,1,1
2021-09-30T00:00:00.000Z,דרום אפריקה,46,23,69
2021-09-30T00:00:00.000Z,דנמרק,130,20,150
2021-09-30T00:00:00.000Z,גרמניה,376,111,487
2021-09-30T00:00:00.000Z,הממלכה המאוחדת,751,201,952
2021-09-30T00:00:00.000Z,טנזניה,331,18,349
2021-09-30T00:00:00.000Z,טג'יקיסטאן,3,0,3
2021-09-30T00:00:00.000Z,חוף השנהב,2,0,2
2021-09-30T00:00:00.000Z,זימבאבווה,3,0,3
2021-09-30T00:00:00.000Z,זאיר,1,1,2
2021-09-30T00:00:00.000Z,הרפ הדומיניקנית,2,0,2
2021-09-30T00:00:00.000Z,גינאה המשוונית,1,0,1
2021-09-30T00:00:00.000Z,גויאנה,1,0,1
2021-09-30T00:00:00.000Z,גווטאמלה,8,9,17
2021-09-30T00:00:00.000Z,גבון,1,0,1
2021-09-30T00:00:00.000Z,גאנה,1,2,3
2021-09-30T00:00:00.000Z,גאורגיה,801,136,937
2021-09-30T00:00:00.000Z,ברזיל,0,8,8
2021-09-30T00:00:00.000Z,בלגיה,60,65,125
2021-09-30T00:00:00.000Z,בילורוסיה,128,45,173
2021-09-30T00:00:00.000Z,בחריין,0,3,3
2021-09-30T00:00:00.000Z,בורקינה פאסו,1,0,1
2021-09-30T00:00:00.000Z,בוסניה הרצגובינה,6,1,7
2021-09-30T00:00:00.000Z,בולגריה,0,1,1
2021-09-30T00:00:00.000Z,בהמס,1,0,1
2021-09-30T00:00:00.000Z,אתיופיה,53,26,79
2021-09-30T00:00:00.000Z,אוגנדה,9,4,13
2021-09-30T00:00:00.000Z,אוזבקיסטן,7,3,10
2021-09-30T00:00:00.000Z,אוסטריה,437,110,547
2021-09-30T00:00:00.000Z,אוסטרליה,0,1,1
2021-09-30T00:00:00.000Z,אוקראינה,452,231,683
2021-09-30T00:00:00.000Z,אזרביג'אן,94,27,121
2021-09-30T00:00:00.000Z,איטליה,867,122,989
2021-09-30T00:00:00.000Z,איי סיישל,107,14,121
2021-09-30T00:00:00.000Z,איסלנד,99,5,104
2021-09-30T00:00:00.000Z,אירלנד,15,3,18
2021-09-30T00:00:00.000Z,אל סלבדור,1,0,1
2021-09-30T00:00:00.000Z,סרביה,3,0,3
2021-09-30T00:00:00.000Z,אנגולה,1,0,1
2021-09-30T00:00:00.000Z,אסטוניה,2,0,2
2021-09-30T00:00:00.000Z,ארגנטינה,6,10,16
2021-09-30T00:00:00.000Z,ארמניה,85,8,93
2021-09-30T00:00:00.000Z,ארצות הברית,2436,878,3314
2021-09-30T00:00:00.000Z,אלבניה,128,6,134
2021-10-01T00:00:00.000Z,תורכיה,32,38,70
2021-10-01T00:00:00.000Z,תאילנד,176,50,226
2021-10-01T00:00:00.000Z,שוויץ,282,69,351
2021-10-01T00:00:00.000Z,שוודיה,7,6,13
2021-10-01T00:00:00.000Z,רוסיה,338,184,522
2021-10-01T00:00:00.000Z,רומניה,238,38,276
2021-10-01T00:00:00.000Z,קרואטיה,29,3,32
2021-10-01T00:00:00.000Z,הונגריה,453,46,499
2021-10-01T00:00:00.000Z,הונג קונג,0,1,1
2021-10-01T00:00:00.000Z,הולנד,205,53,258
2021-10-01T00:00:00.000Z,מלדיבים,45,8,53
2021-10-01T00:00:00.000Z,מצרים,911,186,1097
2021-10-01T00:00:00.000Z,מקדוניה,1,0,1
2021-10-01T00:00:00.000Z,מקסיקו,4,0,4
2021-10-01T00:00:00.000Z,מרוקו,17,7,24
2021-10-01T00:00:00.000Z,נורבגיה,6,9,15
2021-10-01T00:00:00.000Z,ניגריה,1,2,3
2021-10-01T00:00:00.000Z,ניו זילנד,0,4,4
2021-10-01T00:00:00.000Z,סין,0,3,3
2021-10-01T00:00:00.000Z,סינגפור,0,1,1
2021-10-01T00:00:00.000Z,גינאה,2,0,2
2021-10-01T00:00:00.000Z,גווטאמלה,4,1,5
2021-10-01T00:00:00.000Z,גאנה,1,0,1
2021-10-01T00:00:00.000Z,גאורגיה,346,61,407
2021-10-01T00:00:00.000Z,ברזיל,0,2,2
2021-10-01T00:00:00.000Z,בלגיה,102,64,166
2021-10-01T00:00:00.000Z,בילורוסיה,1,2,3
2021-10-01T00:00:00.000Z,בחריין,29,0,29
2021-10-01T00:00:00.000Z,בוסניה הרצגובינה,25,17,42
2021-10-01T00:00:00.000Z,בולגריה,0,3,3
2021-10-01T00:00:00.000Z,ארצות הברית,2130,930,3060
2021-10-01T00:00:00.000Z,ארמניה,8,1,9
2021-10-01T00:00:00.000Z,ארגנטינה,14,6,20
2021-10-01T00:00:00.000Z,אקואדור,9,2,11
2021-10-01T00:00:00.000Z,אפגניסטן,2,0,2
2021-10-01T00:00:00.000Z,אסטוניה,1,1,2
2021-10-01T00:00:00.000Z,אלבניה,5,1,6
2021-10-01T00:00:00.000Z,אירלנד,10,1,11
2021-10-01T00:00:00.000Z,איסלנד,19,3,22
2021-10-01T00:00:00.000Z,איטליה,864,104,968
2021-10-01T00:00:00.000Z,אזרביג'אן,56,2,58
2021-10-01T00:00:00.000Z,אורגוואי,3,0,3
2021-10-01T00:00:00.000Z,אוקראינה,460,191,651
2021-10-01T00:00:00.000Z,אוסטרליה,1,0,1
2021-10-01T00:00:00.000Z,אוסטריה,890,136,1026
2021-10-01T00:00:00.000Z,אוזבקיסטן,5,5,10
2021-10-01T00:00:00.000Z,אבחזיסטאן,2,2,4
2021-10-01T00:00:00.000Z,איחוד האמירויות הערב,101,22,123
2021-10-01T00:00:00.000Z,גרמניה,874,110,984
2021-10-01T00:00:00.000Z,דנמרק,28,6,34
2021-10-01T00:00:00.000Z,הממלכה המאוחדת,699,180,879
2021-10-01T00:00:00.000Z,הרפ הדומיניקנית,9,3,12
2021-10-01T00:00:00.000Z,ונצואלה,0,2,2
2021-10-01T00:00:00.000Z,חוף השנהב,1,0,1
2021-10-01T00:00:00.000Z,טוגו,1,0,1
2021-10-01T00:00:00.000Z,יוון,927,129,1056
2021-10-01T00:00:00.000Z,יפן,2,3,5
2021-10-01T00:00:00.000Z,ירדן,5,0,5
2021-10-01T00:00:00.000Z,כווית,1,0,1
2021-10-01T00:00:00.000Z,כלל המדינות,14789,4428,19217
2021-10-01T00:00:00.000Z,לוכסמבורג,1,0,1
2021-10-01T00:00:00.000Z,לטביה,2,0,2
2021-10-01T00:00:00.000Z,ליטא,4,0,4
2021-10-01T00:00:00.000Z,מולדובה,64,46,110
2021-10-01T00:00:00.000Z,מונטנגרו,175,14,189
2021-10-01T00:00:00.000Z,ספרד,387,44,431
2021-10-01T00:00:00.000Z,סנגל,1,0,1
2021-10-01T00:00:00.000Z,סלובקיה,188,8,196
2021-10-01T00:00:00.000Z,דרום אפריקה,6,1,7
2021-10-01T00:00:00.000Z,הודו,13,3,16
2021-10-01T00:00:00.000Z,סלובניה,6,2,8
2021-10-01T00:00:00.000Z,סרביה,65,12,77
2021-10-01T00:00:00.000Z,סרי לנקה (צילון),8,3,11
2021-10-01T00:00:00.000Z,פולין,239,35,274
2021-10-01T00:00:00.000Z,פורטוגל,42,4,46
2021-10-01T00:00:00.000Z,פיליפינים,1,1,2
2021-10-01T00:00:00.000Z,פינלנד,45,18,63
2021-10-01T00:00:00.000Z,פנמה,8,6,14
2021-10-01T00:00:00.000Z,פרו,16,7,23
2021-10-01T00:00:00.000Z,צ'ילה,2,0,2
2021-10-01T00:00:00.000Z,צכיה,819,127,946
2021-10-01T00:00:00.000Z,צרפת,653,140,793
2021-10-01T00:00:00.000Z,קולומביה,4,3,7
2021-10-01T00:00:00.000Z,קוסטה ריקה,100,29,129
2021-10-01T00:00:00.000Z,קוריאה הדרומית,0,6,6
2021-10-01T00:00:00.000Z,קזחסטאן,8,3,11
2021-10-01T00:00:00.000Z,קטר,0,1,1
2021-10-01T00:00:00.000Z,קירג'זסטאן,11,2,13
2021-10-01T00:00:00.000Z,קמבודיה,1,0,1
2021-10-01T00:00:00.000Z,קמרון,0,1,1
2021-10-01T00:00:00.000Z,קנדה,166,84,250
2021-10-01T00:00:00.000Z,קניה,6,2,8
2021-10-01T00:00:00.000Z,קפריסין,530,120,650
2021-10-01T00:00:00.000Z,תוניסיה,2,1,3
2021-10-02T00:00:00.000Z,סרי לנקה (צילון),13,4,17
2021-10-02T00:00:00.000Z,מוזמביק,4,0,4
2021-10-02T00:00:00.000Z,מונטנגרו,7,0,7
2021-10-02T00:00:00.000Z,ליטא,7,1,8
2021-10-02T00:00:00.000Z,לטביה,64,17,81
2021-10-02T00:00:00.000Z,לוכסמבורג,1,0,1
2021-10-02T00:00:00.000Z,כלל המדינות,10558,2714,13272
2021-10-02T00:00:00.000Z,ירדן,10,6,16
2021-10-02T00:00:00.000Z,יפן,1,0,1
2021-10-02T00:00:00.000Z,יוון,946,109,1055
2021-10-02T00:00:00.000Z,טנזניה,31,3,34
2021-10-02T00:00:00.000Z,חוף השנהב,3,0,3
2021-10-02T00:00:00.000Z,זמביה,1,0,1
2021-10-02T00:00:00.000Z,זאיר,1,1,2
2021-10-02T00:00:00.000Z,הרפ הדומיניקנית,13,2,15
2021-10-02T00:00:00.000Z,הממלכה המאוחדת,369,38,407
2021-10-02T00:00:00.000Z,הונגריה,296,30,326
2021-10-02T00:00:00.000Z,הונג קונג,0,1,1
2021-10-02T00:00:00.000Z,הולנד,191,49,240
2021-10-02T00:00:00.000Z,הודו,4,0,4
2021-10-02T00:00:00.000Z,האנטילים ההולנדים,2,0,2
2021-10-02T00:00:00.000Z,דרום סודאן,0,1,1
2021-10-02T00:00:00.000Z,דרום אפריקה,55,16,71
2021-10-02T00:00:00.000Z,דנמרק,5,1,6
2021-10-02T00:00:00.000Z,דומיניקה,3,2,5
2021-10-02T00:00:00.000Z,גרמניה,318,80,398
2021-10-02T00:00:00.000Z,גיברלטר,1,0,1
2021-10-02T00:00:00.000Z,גווטאמלה,4,1,5
2021-10-02T00:00:00.000Z,גבון,0,1,1
2021-10-02T00:00:00.000Z,גאנה,10,3,13
2021-10-02T00:00:00.000Z,גאורגיה,207,47,254
2021-10-02T00:00:00.000Z,מונקו,2,0,2
2021-10-02T00:00:00.000Z,מלדיבים,38,6,44
2021-10-02T00:00:00.000Z,מצרים,1599,267,1866
2021-10-02T00:00:00.000Z,מקדוניה,1,0,1
2021-10-02T00:00:00.000Z,מקסיקו,4,2,6
2021-10-02T00:00:00.000Z,מרוקו,4,0,4
2021-10-02T00:00:00.000Z,נורבגיה,2,4,6
2021-10-02T00:00:00.000Z,ניגריה,4,4,8
2021-10-02T00:00:00.000Z,ניו זילנד,0,4,4
2021-10-02T00:00:00.000Z,ניקרגואה,1,0,1
2021-10-02T00:00:00.000Z,נמיביה,0,2,2
2021-10-02T00:00:00.000Z,נפאל,4,0,4
2021-10-02T00:00:00.000Z,סין,2,2,4
2021-10-02T00:00:00.000Z,סינגפור,2,1,3
2021-10-02T00:00:00.000Z,סלובניה,8,1,9
2021-10-02T00:00:00.000Z,סלובקיה,0,3,3
2021-10-02T00:00:00.000Z,ספרד,53,2,55
2021-10-02T00:00:00.000Z,סרביה,4,1,5
2021-10-02T00:00:00.000Z,מאוריציוס,1,0,1
2021-10-02T00:00:00.000Z,פולין,223,22,245
2021-10-02T00:00:00.000Z,פורטו ריקו,2,0,2
2021-10-02T00:00:00.000Z,פורטוגל,25,7,32
2021-10-02T00:00:00.000Z,אקואדור,1,0,1
2021-10-02T00:00:00.000Z,אסטוניה,24,7,31
2021-10-02T00:00:00.000Z,פיליפינים,0,2,2
2021-10-02T00:00:00.000Z,אלבניה,1,1,2
2021-10-02T00:00:00.000Z,אירלנד,18,5,23
2021-10-02T00:00:00.000Z,איסלנד,78,5,83
2021-10-02T00:00:00.000Z,איי סיישל,8,0,8
2021-10-02T00:00:00.000Z,איטליה,574,55,629
2021-10-02T00:00:00.000Z,אזרביג'אן,0,1,1
2021-10-02T00:00:00.000Z,אוקראינה,220,120,340
2021-10-02T00:00:00.000Z,אוסטרליה,1,0,1
2021-10-02T00:00:00.000Z,אוסטריה,445,67,512
2021-10-02T00:00:00.000Z,אוזבקיסטן,5,6,11
2021-10-02T00:00:00.000Z,אוגנדה,1,4,5
2021-10-02T00:00:00.000Z,פינלנד,4,6,10
2021-10-02T00:00:00.000Z,פנמה,17,12,29
2021-10-02T00:00:00.000Z,פקיסטן,1,0,1
2021-10-02T00:00:00.000Z,פרו,14,4,18
2021-10-02T00:00:00.000Z,צאד,1,0,1
2021-10-02T00:00:00.000Z,צכיה,601,41,642
2021-10-02T00:00:00.000Z,צרפת,480,49,529
2021-10-02T00:00:00.000Z,קולומביה,27,10,37
2021-10-02T00:00:00.000Z,קונגו,1,0,1
2021-10-02T00:00:00.000Z,קוסטה ריקה,22,19,41
2021-10-02T00:00:00.000Z,קוריאה הדרומית,3,11,14
2021-10-02T00:00:00.000Z,קירג'זסטאן,3,1,4
2021-10-02T00:00:00.000Z,קנדה,171,42,213
2021-10-02T00:00:00.000Z,קניה,17,0,17
2021-10-02T00:00:00.000Z,קפריסין,469,106,575
2021-10-02T00:00:00.000Z,קרואטיה,13,0,13
2021-10-02T00:00:00.000Z,רואנדה,1,0,1
2021-10-02T00:00:00.000Z,רומניה,588,102,690
2021-10-02T00:00:00.000Z,רוסיה,29,24,53
2021-10-02T00:00:00.000Z,שוודיה,2,12,14
2021-10-02T00:00:00.000Z,ברזיל,1,3,4
2021-10-02T00:00:00.000Z,ארמניה,5,4,9
2021-10-02T00:00:00.000Z,שוויץ,109,16,125
2021-10-02T00:00:00.000Z,תאילנד,3,0,3
2021-10-02T00:00:00.000Z,ארצות הברית,1346,408,1754
2021-10-02T00:00:00.000Z,אתיופיה,57,30,87
2021-10-02T00:00:00.000Z,תורכיה,25,24,49
2021-10-02T00:00:00.000Z,איחוד האמירויות הערב,178,40,218
2021-10-02T00:00:00.000Z,בוסניה הרצגובינה,13,3,16
2021-10-02T00:00:00.000Z,בחריין,0,5,5
2021-10-02T00:00:00.000Z,בלגיה,5,6,11
2021-10-02T00:00:00.000Z,לסוטו,0,2,2
2021-10-03T00:00:00.000Z,מונטנגרו,148,3,151
2021-10-03T00:00:00.000Z,מולדובה,96,63,159
2021-10-03T00:00:00.000Z,מאלי,4,0,4
2021-10-03T00:00:00.000Z,ליטא,98,17,115
2021-10-03T00:00:00.000Z,לטביה,1,0,1
2021-10-03T00:00:00.000Z,כלל המדינות,14880,5413,20293
2021-10-03T00:00:00.000Z,ירדן,121,68,189
2021-10-03T00:00:00.000Z,יפן,1,5,6
2021-10-03T00:00:00.000Z,יוון,1672,198,1870
2021-10-03T00:00:00.000Z,חוף השנהב,3,0,3
2021-10-03T00:00:00.000Z,הרפ הדומיניקנית,29,5,34
2021-10-03T00:00:00.000Z,הממלכה המאוחדת,505,366,871
2021-10-03T00:00:00.000Z,הונגריה,562,78,640
2021-10-03T00:00:00.000Z,הונג קונג,0,2,2
2021-10-03T00:00:00.000Z,הולנד,326,69,395
2021-10-03T00:00:00.000Z,הודו,3,9,12
2021-10-03T00:00:00.000Z,דרום אפריקה,2,3,5
2021-10-03T00:00:00.000Z,דנמרק,82,19,101
2021-10-03T00:00:00.000Z,דומיניקה,1,0,1
2021-10-03T00:00:00.000Z,גרמניה,621,220,841
2021-10-03T00:00:00.000Z,גווטאמלה,3,2,5
2021-10-03T00:00:00.000Z,גאנה,1,2,3
2021-10-03T00:00:00.000Z,גאורגיה,560,106,666
2021-10-03T00:00:00.000Z,ברזיל,0,1,1
2021-10-03T00:00:00.000Z,בלגיה,66,75,141
2021-10-03T00:00:00.000Z,בילורוסיה,96,64,160
2021-10-03T00:00:00.000Z,בוסניה הרצגובינה,2,2,4
2021-10-03T00:00:00.000Z,בוליביה,1,0,1
2021-10-03T00:00:00.000Z,בולגריה,13,45,58
2021-10-03T00:00:00.000Z,בהמס,2,0,2
2021-10-03T00:00:00.000Z,איחוד האמירויות הערב,262,77,339
2021-10-03T00:00:00.000Z,ארצות הברית,1711,799,2510
2021-10-03T00:00:00.000Z,ארמניה,2,1,3
2021-10-03T00:00:00.000Z,ארגנטינה,8,4,12
2021-10-03T00:00:00.000Z,אקואדור,0,2,2
2021-10-03T00:00:00.000Z,אנגולה,3,0,3
2021-10-03T00:00:00.000Z,אירלנד,2,7,9
2021-10-03T00:00:00.000Z,איסלנד,31,1,32
2021-10-03T00:00:00.000Z,איי סיישל,68,9,77
2021-10-03T00:00:00.000Z,איטליה,1074,123,1197
2021-10-03T00:00:00.000Z,אזרביג'אן,91,18,109
2021-10-03T00:00:00.000Z,אורגוואי,3,1,4
2021-10-03T00:00:00.000Z,אוקראינה,239,187,426
2021-10-03T00:00:00.000Z,אוסטרליה,3,13,16
2021-10-03T00:00:00.000Z,אוסטריה,377,77,454
2021-10-03T00:00:00.000Z,אוזבקיסטן,10,6,16
2021-10-03T00:00:00.000Z,אוגנדה,3,0,3
2021-10-03T00:00:00.000Z,אתיופיה,1,1,2
2021-10-03T00:00:00.000Z,תורכיה,13,29,42
2021-10-03T00:00:00.000Z,תאילנד,2,0,2
2021-10-03T00:00:00.000Z,שוויץ,337,152,489
2021-10-03T00:00:00.000Z,שוודיה,2,2,4
2021-10-03T00:00:00.000Z,רוסיה,182,157,339
2021-10-03T00:00:00.000Z,רומניה,252,30,282
2021-10-03T00:00:00.000Z,קרואטיה,13,9,22
2021-10-03T00:00:00.000Z,קפריסין,639,80,719
2021-10-03T00:00:00.000Z,קנדה,120,55,175
2021-10-03T00:00:00.000Z,קירג'זסטאן,1,1,2
2021-10-03T00:00:00.000Z,קטר,0,1,1
2021-10-03T00:00:00.000Z,קזחסטאן,2,0,2
2021-10-03T00:00:00.000Z,קוריאה הדרומית,8,5,13
2021-10-03T00:00:00.000Z,קוסטה ריקה,38,8,46
2021-10-03T00:00:00.000Z,קולומביה,13,5,18
2021-10-03T00:00:00.000Z,צרפת,508,257,765
2021-10-03T00:00:00.000Z,צכיה,485,60,545
2021-10-03T00:00:00.000Z,פרו,10,7,17
2021-10-03T00:00:00.000Z,פנמה,7,5,12
2021-10-03T00:00:00.000Z,פיליפינים,0,11,11
2021-10-03T00:00:00.000Z,פורטוגל,59,16,75
2021-10-03T00:00:00.000Z,פולין,78,5,83
2021-10-03T00:00:00.000Z,ערב הסעודית,2,1,3
2021-10-03T00:00:00.000Z,עירק,0,2,2
2021-10-03T00:00:00.000Z,סרי לנקה (צילון),5,0,5
2021-10-03T00:00:00.000Z,סרביה,19,11,30
2021-10-03T00:00:00.000Z,ספרד,345,46,391
2021-10-03T00:00:00.000Z,סינגפור,2,3,5
2021-10-03T00:00:00.000Z,נפאל,3,0,3
2021-10-03T00:00:00.000Z,ניקרגואה,1,0,1
2021-10-03T00:00:00.000Z,ניגריה,1,1,2
2021-10-03T00:00:00.000Z,נורבגיה,4,4,8
2021-10-03T00:00:00.000Z,מרוקו,18,3,21
2021-10-03T00:00:00.000Z,מקסיקו,0,9,9
2021-10-03T00:00:00.000Z,מקאו,1,0,1
2021-10-03T00:00:00.000Z,מצרים,1589,258,1847
2021-10-03T00:00:00.000Z,מלטה,1,0,1
2021-10-03T00:00:00.000Z,מלדיבים,20,5,25
2021-10-04T00:00:00.000Z,הולנד,198,37,235
2021-10-04T00:00:00.000Z,תאילנד,134,41,175
2021-10-04T00:00:00.000Z,תורכיה,7,71,78
2021-10-04T00:00:00.000Z,תורכמניסטאן,1,0,1
2021-10-04T00:00:00.000Z,איחוד האמירויות הערב,114,24,138
2021-10-04T00:00:00.000Z,שוויץ,177,77,254
2021-10-04T00:00:00.000Z,שוודיה,1,3,4
2021-10-04T00:00:00.000Z,רוסיה,320,331,651
2021-10-04T00:00:00.000Z,רומניה,399,57,456
2021-10-04T00:00:00.000Z,רואנדה,4,0,4
2021-10-04T00:00:00.000Z,קרואטיה,16,1,17
2021-10-04T00:00:00.000Z,קפריסין,398,18,416
2021-10-04T00:00:00.000Z,קניה,5,1,6
2021-10-04T00:00:00.000Z,קנדה,91,87,178
2021-10-04T00:00:00.000Z,קמרון,0,2,2
2021-10-04T00:00:00.000Z,קירג'זסטאן,3,1,4
2021-10-04T00:00:00.000Z,קזחסטאן,2,1,3
2021-10-04T00:00:00.000Z,קוסטה ריקה,17,7,24
2021-10-04T00:00:00.000Z,קולומביה,4,3,7
2021-10-04T00:00:00.000Z,צרפת,551,316,867
2021-10-04T00:00:00.000Z,צכיה,438,25,463
2021-10-04T00:00:00.000Z,צ'ילה,2,4,6
2021-10-04T00:00:00.000Z,פרו,7,6,13
2021-10-04T00:00:00.000Z,פנמה,7,6,13
2021-10-04T00:00:00.000Z,פינלנד,1,0,1
2021-10-04T00:00:00.000Z,פיליפינים,1,0,1
2021-10-04T00:00:00.000Z,פורטוגל,115,40,155
2021-10-04T00:00:00.000Z,פולין,255,32,287
2021-10-04T00:00:00.000Z,סרי לנקה (צילון),2,2,4
2021-10-04T00:00:00.000Z,סרביה,3,0,3
2021-10-04T00:00:00.000Z,ספרד,396,72,468
2021-10-04T00:00:00.000Z,סינגפור,3,1,4
2021-10-04T00:00:00.000Z,סין,0,13,13
2021-10-04T00:00:00.000Z,ניגריה,1,5,6
2021-10-04T00:00:00.000Z,נורבגיה,1,2,3
2021-10-04T00:00:00.000Z,מרוקו,9,9,18
2021-10-04T00:00:00.000Z,מקסיקו,3,10,13
2021-10-04T00:00:00.000Z,מקאו,0,1,1
2021-10-04T00:00:00.000Z,מצרים,869,99,968
2021-10-04T00:00:00.000Z,מלדיבים,82,17,99
2021-10-04T00:00:00.000Z,מונטנגרו,47,9,56
2021-10-04T00:00:00.000Z,מולדובה,0,1,1
2021-10-04T00:00:00.000Z,מוזמביק,2,0,2
2021-10-04T00:00:00.000Z,מאלי,7,2,9
2021-10-04T00:00:00.000Z,ליטא,4,0,4
2021-10-04T00:00:00.000Z,ליבריה,0,1,1
2021-10-04T00:00:00.000Z,לטביה,3,3,6
2021-10-04T00:00:00.000Z,לוכסמבורג,0,2,2
2021-10-04T00:00:00.000Z,כלל המדינות,12604,7095,19699
2021-10-04T00:00:00.000Z,ירדן,54,52,106
2021-10-04T00:00:00.000Z,יפן,2,0,2
2021-10-04T00:00:00.000Z,יוון,703,80,783
2021-10-04T00:00:00.000Z,טנזניה,24,9,33
2021-10-04T00:00:00.000Z,טוגו,0,1,1
2021-10-04T00:00:00.000Z,זמביה,2,2,4
2021-10-04T00:00:00.000Z,אבחזיסטאן,1,1,2
2021-10-04T00:00:00.000Z,אוגנדה,0,1,1
2021-10-04T00:00:00.000Z,אוזבקיסטן,55,142,197
2021-10-04T00:00:00.000Z,אוסטריה,816,131,947
2021-10-04T00:00:00.000Z,אוסטרליה,5,2,7
2021-10-04T00:00:00.000Z,אוקראינה,490,326,816
2021-10-04T00:00:00.000Z,אורגוואי,4,5,9
2021-10-04T00:00:00.000Z,אזרביג'אן,0,1,1
2021-10-04T00:00:00.000Z,איטליה,747,105,852
2021-10-04T00:00:00.000Z,איי טורקס וקייקוס,0,1,1
2021-10-04T00:00:00.000Z,איסלנד,22,0,22
2021-10-04T00:00:00.000Z,אירלנד,2,1,3
2021-10-04T00:00:00.000Z,אל סלבדור,0,1,1
2021-10-04T00:00:00.000Z,אלבניה,9,0,9
2021-10-04T00:00:00.000Z,אנגולה,3,0,3
2021-10-04T00:00:00.000Z,אסטוניה,1,1,2
2021-10-04T00:00:00.000Z,אקואדור,4,2,6
2021-10-04T00:00:00.000Z,ארגנטינה,0,4,4
2021-10-04T00:00:00.000Z,אריתראה,0,1,1
2021-10-04T00:00:00.000Z,ארמניה,1,3,4
2021-10-04T00:00:00.000Z,ארצות הברית,1685,2109,3794
2021-10-04T00:00:00.000Z,אתיופיה,32,19,51
2021-10-04T00:00:00.000Z,בהמס,0,1,1
2021-10-04T00:00:00.000Z,בולגריה,1,0,1
2021-10-04T00:00:00.000Z,בוסניה הרצגובינה,17,9,26
2021-10-04T00:00:00.000Z,בחריין,37,5,42
2021-10-04T00:00:00.000Z,בילורוסיה,59,39,98
2021-10-04T00:00:00.000Z,בלגיה,123,181,304
2021-10-04T00:00:00.000Z,ברבדוס,1,0,1
2021-10-04T00:00:00.000Z,ברזיל,1,7,8
2021-10-04T00:00:00.000Z,גאורגיה,388,61,449
2021-10-04T00:00:00.000Z,גאנה,4,3,7
2021-10-04T00:00:00.000Z,גווטאמלה,5,1,6
2021-10-04T00:00:00.000Z,גויאנה הצרפתית,0,1,1
2021-10-04T00:00:00.000Z,גיברלטר,1,0,1
2021-10-04T00:00:00.000Z,גרמניה,428,115,543
2021-10-04T00:00:00.000Z,דנמרק,12,27,39
2021-10-04T00:00:00.000Z,דרום אפריקה,27,23,50
2021-10-04T00:00:00.000Z,הודו,96,89,185
2021-10-04T00:00:00.000Z,זאיר,1,0,1
2021-10-04T00:00:00.000Z,הונג קונג,0,1,1
2021-10-04T00:00:00.000Z,הונגריה,391,39,430
2021-10-04T00:00:00.000Z,הונדורס,2,0,2
2021-10-04T00:00:00.000Z,הממלכה המאוחדת,577,561,1138
2021-10-04T00:00:00.000Z,הרפ הדומיניקנית,4,0,4
2021-10-04T00:00:00.000Z,ונצואלה,2,0,2
2021-10-05T00:00:00.000Z,כלל המדינות,8402,6336,14738
2021-10-05T00:00:00.000Z,הונגריה,397,49,446
2021-10-05T00:00:00.000Z,שוויץ,163,64,227
2021-10-05T00:00:00.000Z,שוודיה,3,4,7
2021-10-05T00:00:00.000Z,רוסיה,183,238,421
2021-10-05T00:00:00.000Z,רומניה,90,12,102
2021-10-05T00:00:00.000Z,רואנדה,0,6,6
2021-10-05T00:00:00.000Z,קרואטיה,3,1,4
2021-10-05T00:00:00.000Z,קפריסין,227,40,267
2021-10-05T00:00:00.000Z,קניה,6,5,11
2021-10-05T00:00:00.000Z,קנדה,200,190,390
2021-10-05T00:00:00.000Z,קמרון,1,1,2
2021-10-05T00:00:00.000Z,קטר,0,1,1
2021-10-05T00:00:00.000Z,קזחסטאן,3,2,5
2021-10-05T00:00:00.000Z,קוסטה ריקה,22,13,35
2021-10-05T00:00:00.000Z,קולומביה,11,3,14
2021-10-05T00:00:00.000Z,צרפת,546,383,929
2021-10-05T00:00:00.000Z,צכיה,299,17,316
2021-10-05T00:00:00.000Z,צ'ילה,0,2,2
2021-10-05T00:00:00.000Z,צאד,0,1,1
2021-10-05T00:00:00.000Z,פרו,15,17,32
2021-10-05T00:00:00.000Z,פרגוואי,0,1,1
2021-10-05T00:00:00.000Z,פנמה,7,9,16
2021-10-05T00:00:00.000Z,פינלנד,1,0,1
2021-10-05T00:00:00.000Z,פיליפינים,0,1,1
2021-10-05T00:00:00.000Z,פורטוגל,24,2,26
2021-10-05T00:00:00.000Z,פולינזיה הצרפתית,2,0,2
2021-10-05T00:00:00.000Z,פולין,189,37,226
2021-10-05T00:00:00.000Z,סרי לנקה (צילון),2,0,2
2021-10-05T00:00:00.000Z,סרביה,4,1,5
2021-10-05T00:00:00.000Z,ספרד,262,53,315
2021-10-05T00:00:00.000Z,סין,0,1,1
2021-10-05T00:00:00.000Z,נפאל,6,0,6
2021-10-05T00:00:00.000Z,ניגריה,2,5,7
2021-10-05T00:00:00.000Z,נורבגיה,4,0,4
2021-10-05T00:00:00.000Z,מרוקו,60,28,88
2021-10-05T00:00:00.000Z,מקסיקו,8,27,35
2021-10-05T00:00:00.000Z,מקדוניה,0,1,1
2021-10-05T00:00:00.000Z,מצרים,708,150,858
2021-10-05T00:00:00.000Z,מלדיבים,10,1,11
2021-10-05T00:00:00.000Z,מונטנגרו,3,0,3
2021-10-05T00:00:00.000Z,מולדובה,39,51,90
2021-10-05T00:00:00.000Z,ליטא,3,0,3
2021-10-05T00:00:00.000Z,לטביה,46,25,71
2021-10-05T00:00:00.000Z,תורכיה,24,60,84
2021-10-05T00:00:00.000Z,ירדן,26,20,46
2021-10-05T00:00:00.000Z,יפן,0,1,1
2021-10-05T00:00:00.000Z,יוון,637,77,714
2021-10-05T00:00:00.000Z,טנזניה,3,9,12
2021-10-05T00:00:00.000Z,טג'יקיסטאן,1,1,2
2021-10-05T00:00:00.000Z,חוף השנהב,1,0,1
2021-10-05T00:00:00.000Z,הודו,5,3,8
2021-10-05T00:00:00.000Z,דרום אפריקה,36,28,64
2021-10-05T00:00:00.000Z,דנמרק,10,0,10
2021-10-05T00:00:00.000Z,גרנדה,1,0,1
2021-10-05T00:00:00.000Z,גרמניה,391,103,494
2021-10-05T00:00:00.000Z,גווטאמלה,0,1,1
2021-10-05T00:00:00.000Z,גאנה,0,2,2
2021-10-05T00:00:00.000Z,גאורגיה,153,40,193
2021-10-05T00:00:00.000Z,ברזיל,0,3,3
2021-10-05T00:00:00.000Z,ברבדוס,1,0,1
2021-10-05T00:00:00.000Z,בלגיה,9,26,35
2021-10-05T00:00:00.000Z,בילורוסיה,53,31,84
2021-10-05T00:00:00.000Z,אתיופיה,28,18,46
2021-10-05T00:00:00.000Z,ארצות הברית,1309,2347,3656
2021-10-05T00:00:00.000Z,ארמניה,0,1,1
2021-10-05T00:00:00.000Z,ארגנטינה,17,58,75
2021-10-05T00:00:00.000Z,אקואדור,0,4,4
2021-10-05T00:00:00.000Z,אסטוניה,6,3,9
2021-10-05T00:00:00.000Z,אנגולה,3,0,3
2021-10-05T00:00:00.000Z,אלבניה,7,1,8
2021-10-05T00:00:00.000Z,אל סלבדור,0,1,1
2021-10-05T00:00:00.000Z,אירלנד,8,2,10
2021-10-05T00:00:00.000Z,איסלנד,23,0,23
2021-10-05T00:00:00.000Z,איטליה,250,38,288
2021-10-05T00:00:00.000Z,אזרביג'אן,38,11,49
2021-10-05T00:00:00.000Z,אורגוואי,5,15,20
2021-10-05T00:00:00.000Z,אוקראינה,330,210,540
2021-10-05T00:00:00.000Z,אוסטרליה,2,3,5
2021-10-05T00:00:00.000Z,אוסטריה,337,60,397
2021-10-05T00:00:00.000Z,אוזבקיסטן,4,1,5
2021-10-05T00:00:00.000Z,אוגנדה,0,4,4
2021-10-05T00:00:00.000Z,הונג קונג,0,1,1
2021-10-05T00:00:00.000Z,איחוד האמירויות הערב,126,26,152
2021-10-05T00:00:00.000Z,זמביה,1,0,1
2021-10-05T00:00:00.000Z,הרפ הדומיניקנית,9,4,13
2021-10-05T00:00:00.000Z,הממלכה המאוחדת,245,360,605
2021-10-05T00:00:00.000Z,הולנד,46,15,61
2021-10-06T00:00:00.000Z,רוסיה,134,152,286
2021-10-06T00:00:00.000Z,רומניה,190,25,215
2021-10-06T00:00:00.000Z,רואנדה,0,1,1
2021-10-06T00:00:00.000Z,קרואטיה,4,1,5
2021-10-06T00:00:00.000Z,קפריסין,365,59,424
2021-10-06T00:00:00.000Z,קניה,2,1,3
2021-10-06T00:00:00.000Z,קנדה,96,94,190
2021-10-06T00:00:00.000Z,קירג'זסטאן,1,1,2
2021-10-06T00:00:00.000Z,קזחסטאן,3,0,3
2021-10-06T00:00:00.000Z,קוריאה הדרומית,0,5,5
2021-10-06T00:00:00.000Z,קוסטה ריקה,23,15,38
2021-10-06T00:00:00.000Z,קוסובו,2,0,2
2021-10-06T00:00:00.000Z,קולומביה,1,2,3
2021-10-06T00:00:00.000Z,צרפת,459,322,781
2021-10-06T00:00:00.000Z,צכיה,229,29,258
2021-10-06T00:00:00.000Z,פרו,4,5,9
2021-10-06T00:00:00.000Z,פנמה,7,16,23
2021-10-06T00:00:00.000Z,פינלנד,26,8,34
2021-10-06T00:00:00.000Z,פיליפינים,1,24,25
2021-10-06T00:00:00.000Z,פורטוגל,42,15,57
2021-10-06T00:00:00.000Z,פולין,106,36,142
2021-10-06T00:00:00.000Z,ערב הסעודית,1,0,1
2021-10-06T00:00:00.000Z,סרי לנקה (צילון),11,9,20
2021-10-06T00:00:00.000Z,סרביה,1,24,25
2021-10-06T00:00:00.000Z,ספרד,192,16,208
2021-10-06T00:00:00.000Z,סינגפור,0,4,4
2021-10-06T00:00:00.000Z,סין,0,8,8
2021-10-06T00:00:00.000Z,נפאל,2,0,2
2021-10-06T00:00:00.000Z,ניגריה,1,3,4
2021-10-06T00:00:00.000Z,נורבגיה,1,4,5
2021-10-06T00:00:00.000Z,מרוקו,6,3,9
2021-10-06T00:00:00.000Z,מקסיקו,0,6,6
2021-10-06T00:00:00.000Z,מצרים,899,128,1027
2021-10-06T00:00:00.000Z,מלטה,1,0,1
2021-10-06T00:00:00.000Z,מלדיבים,8,5,13
2021-10-06T00:00:00.000Z,מונטנגרו,41,1,42
2021-10-06T00:00:00.000Z,מוזמביק,2,0,2
2021-10-06T00:00:00.000Z,מאוריציוס,1,0,1
2021-10-06T00:00:00.000Z,ליטא,2,0,2
2021-10-06T00:00:00.000Z,ליבריה,1,0,1
2021-10-06T00:00:00.000Z,כלל המדינות,8241,5936,14177
2021-10-06T00:00:00.000Z,ירדן,35,19,54
2021-10-06T00:00:00.000Z,יפן,1,1,2
2021-10-06T00:00:00.000Z,יוון,534,102,636
2021-10-06T00:00:00.000Z,טנזניה,112,8,120
2021-10-06T00:00:00.000Z,טיוואן,0,1,1
2021-10-06T00:00:00.000Z,זאיר,0,1,1
2021-10-06T00:00:00.000Z,ונצואלה,4,3,7
2021-10-06T00:00:00.000Z,הרפ הדומיניקנית,2,0,2
2021-10-06T00:00:00.000Z,הממלכה המאוחדת,337,540,877
2021-10-06T00:00:00.000Z,הונגריה,370,82,452
2021-10-06T00:00:00.000Z,הולנד,130,26,156
2021-10-06T00:00:00.000Z,הודו,0,9,9
2021-10-06T00:00:00.000Z,דרום אפריקה,20,6,26
2021-10-06T00:00:00.000Z,דנמרק,6,1,7
2021-10-06T00:00:00.000Z,דומיניקה,1,0,1
2021-10-06T00:00:00.000Z,גרמניה,346,113,459
2021-10-06T00:00:00.000Z,גויאנה הצרפתית,2,0,2
2021-10-06T00:00:00.000Z,גווטאמלה,1,0,1
2021-10-06T00:00:00.000Z,גבון,1,2,3
2021-10-06T00:00:00.000Z,גאנה,2,0,2
2021-10-06T00:00:00.000Z,גאורגיה,192,41,233
2021-10-06T00:00:00.000Z,ברזיל,9,15,24
2021-10-06T00:00:00.000Z,בלגיה,14,23,37
2021-10-06T00:00:00.000Z,בילורוסיה,27,52,79
2021-10-06T00:00:00.000Z,בחריין,1,0,1
2021-10-06T00:00:00.000Z,בורקינה פאסו,1,0,1
2021-10-06T00:00:00.000Z,בוסניה הרצגובינה,14,7,21
2021-10-06T00:00:00.000Z,בולגריה,30,29,59
2021-10-06T00:00:00.000Z,אתיופיה,26,14,40
2021-10-06T00:00:00.000Z,ארצות הברית,1031,1785,2816
2021-10-06T00:00:00.000Z,ארמניה,2,1,3
2021-10-06T00:00:00.000Z,ארגנטינה,0,2,2
2021-10-06T00:00:00.000Z,אקואדור,0,3,3
2021-10-06T00:00:00.000Z,אסטוניה,5,1,6
2021-10-06T00:00:00.000Z,אנגולה,2,0,2
2021-10-06T00:00:00.000Z,אלבניה,0,1,1
2021-10-06T00:00:00.000Z,אירלנד,8,0,8
2021-10-06T00:00:00.000Z,איסלנד,10,0,10
2021-10-06T00:00:00.000Z,איי סיישל,73,8,81
2021-10-06T00:00:00.000Z,איי טורקס וקייקוס,1,0,1
2021-10-06T00:00:00.000Z,איטליה,331,60,391
2021-10-06T00:00:00.000Z,אזרביג'אן,4,0,4
2021-10-06T00:00:00.000Z,אוקראינה,195,226,421
2021-10-06T00:00:00.000Z,אוסטרליה,0,11,11
2021-10-06T00:00:00.000Z,אוסטריה,333,75,408
2021-10-06T00:00:00.000Z,אוזבקיסטן,0,1,1
2021-10-06T00:00:00.000Z,אוגנדה,3,1,4
2021-10-06T00:00:00.000Z,איחוד האמירויות הערב,185,55,240
2021-10-06T00:00:00.000Z,תורכמניסטאן,1,0,1
2021-10-06T00:00:00.000Z,תורכיה,66,46,112
2021-10-06T00:00:00.000Z,תאילנד,3,3,6
2021-10-06T00:00:00.000Z,שוויץ,98,67,165
2021-10-06T00:00:00.000Z,שוודיה,1,3,4
2021-10-07T00:00:00.000Z,אוסטרליה,1,1,2
2021-10-07T00:00:00.000Z,רואנדה,3,0,3
2021-10-07T00:00:00.000Z,קפריסין,562,62,624
2021-10-07T00:00:00.000Z,קניה,0,5,5
2021-10-07T00:00:00.000Z,קנדה,91,94,185
2021-10-07T00:00:00.000Z,קמרון,0,1,1
2021-10-07T00:00:00.000Z,קירג'זסטאן,1,0,1
2021-10-07T00:00:00.000Z,קטר,1,0,1
2021-10-07T00:00:00.000Z,קזחסטאן,1,1,2
2021-10-07T00:00:00.000Z,קוריאה הדרומית,1,0,1
2021-10-07T00:00:00.000Z,קוסטה ריקה,13,10,23
2021-10-07T00:00:00.000Z,קוסובו,1,0,1
2021-10-07T00:00:00.000Z,קונגו,1,0,1
2021-10-07T00:00:00.000Z,קולומביה,15,4,19
2021-10-07T00:00:00.000Z,צרפת,645,315,960
2021-10-07T00:00:00.000Z,צכיה,370,22,392
2021-10-07T00:00:00.000Z,צ'ילה,1,4,5
2021-10-07T00:00:00.000Z,צאד,1,0,1
2021-10-07T00:00:00.000Z,פרו,5,19,24
2021-10-07T00:00:00.000Z,פנמה,8,10,18
2021-10-07T00:00:00.000Z,פינלנד,4,2,6
2021-10-07T00:00:00.000Z,פיליפינים,2,9,11
2021-10-07T00:00:00.000Z,פורטוגל,135,19,154
2021-10-07T00:00:00.000Z,פולין,82,22,104
2021-10-07T00:00:00.000Z,סרי לנקה (צילון),0,3,3
2021-10-07T00:00:00.000Z,סרביה,52,38,90
2021-10-07T00:00:00.000Z,ספרד,335,94,429
2021-10-07T00:00:00.000Z,סלובקיה,1,0,1
2021-10-07T00:00:00.000Z,סינגפור,0,3,3
2021-10-07T00:00:00.000Z,סין,4,111,115
2021-10-07T00:00:00.000Z,נפאל,1,0,1
2021-10-07T00:00:00.000Z,נמיביה,3,0,3
2021-10-07T00:00:00.000Z,ניו זילנד,0,1,1
2021-10-07T00:00:00.000Z,ניגריה,5,3,8
2021-10-07T00:00:00.000Z,מרוקו,90,17,107
2021-10-07T00:00:00.000Z,מקסיקו,5,9,14
2021-10-07T00:00:00.000Z,מצרים,1261,205,1466
2021-10-07T00:00:00.000Z,מלדיבים,14,0,14
2021-10-07T00:00:00.000Z,מונטנגרו,72,6,78
2021-10-07T00:00:00.000Z,מולדובה,75,53,128
2021-10-07T00:00:00.000Z,ליטא,94,16,110
2021-10-07T00:00:00.000Z,לאוס,1,0,1
2021-10-07T00:00:00.000Z,כלל המדינות,12181,6536,18717
2021-10-07T00:00:00.000Z,רומניה,365,67,432
2021-10-07T00:00:00.000Z,רוסיה,158,281,439
2021-10-07T00:00:00.000Z,שוודיה,7,5,12
2021-10-07T00:00:00.000Z,ירדן,181,40,221
2021-10-07T00:00:00.000Z,אוגנדה,1,0,1
2021-10-07T00:00:00.000Z,אוזבקיסטן,3,21,24
2021-10-07T00:00:00.000Z,אוסטריה,440,100,540
2021-10-07T00:00:00.000Z,קרואטיה,0,1,1
2021-10-07T00:00:00.000Z,אוקראינה,282,129,411
2021-10-07T00:00:00.000Z,אזרביג'אן,50,29,79
2021-10-07T00:00:00.000Z,איטליה,700,114,814
2021-10-07T00:00:00.000Z,איי סיישל,0,2,2
2021-10-07T00:00:00.000Z,איסלנד,17,1,18
2021-10-07T00:00:00.000Z,אירלנד,4,0,4
2021-10-07T00:00:00.000Z,אנגולה,1,0,1
2021-10-07T00:00:00.000Z,אסטוניה,1,0,1
2021-10-07T00:00:00.000Z,אקואדור,13,3,16
2021-10-07T00:00:00.000Z,ארגנטינה,7,72,79
2021-10-07T00:00:00.000Z,ארמניה,11,2,13
2021-10-07T00:00:00.000Z,ארצות הברית,1123,1538,2661
2021-10-07T00:00:00.000Z,אתיופיה,32,15,47
2021-10-07T00:00:00.000Z,בוטסואנה,2,0,2
2021-10-07T00:00:00.000Z,בוסניה הרצגובינה,3,1,4
2021-10-07T00:00:00.000Z,בחריין,48,13,61
2021-10-07T00:00:00.000Z,בילורוסיה,68,68,136
2021-10-07T00:00:00.000Z,בלגיה,46,79,125
2021-10-07T00:00:00.000Z,ברזיל,3,21,24
2021-10-07T00:00:00.000Z,גאורגיה,470,64,534
2021-10-07T00:00:00.000Z,גאנה,3,41,44
2021-10-07T00:00:00.000Z,גווטאמלה,4,3,7
2021-10-07T00:00:00.000Z,גיברלטר,1,0,1
2021-10-07T00:00:00.000Z,גינאה,1,0,1
2021-10-07T00:00:00.000Z,גרמניה,165,64,229
2021-10-07T00:00:00.000Z,גרנדה,0,1,1
2021-10-07T00:00:00.000Z,דנמרק,84,29,113
2021-10-07T00:00:00.000Z,דרום אפריקה,51,34,85
2021-10-07T00:00:00.000Z,הודו,7,5,12
2021-10-07T00:00:00.000Z,הולנד,359,59,418
2021-10-07T00:00:00.000Z,הונג קונג,1,36,37
2021-10-07T00:00:00.000Z,הונגריה,457,83,540
2021-10-07T00:00:00.000Z,הונדורס,1,0,1
2021-10-07T00:00:00.000Z,הממלכה המאוחדת,436,547,983
2021-10-07T00:00:00.000Z,הרפ הדומיניקנית,8,0,8
2021-10-07T00:00:00.000Z,ויטנאם,0,1,1
2021-10-07T00:00:00.000Z,ונצואלה,2,0,2
2021-10-07T00:00:00.000Z,זאיר,1,0,1
2021-10-07T00:00:00.000Z,זימבאבווה,1,0,1
2021-10-07T00:00:00.000Z,זמביה,2,0,2
2021-10-07T00:00:00.000Z,חוף השנהב,2,0,2
2021-10-07T00:00:00.000Z,טוגו,4,0,4
2021-10-07T00:00:00.000Z,טנזניה,8,2,10
2021-10-07T00:00:00.000Z,יוון,960,154,1114
2021-10-07T00:00:00.000Z,שוויץ,127,40,167
2021-10-07T00:00:00.000Z,תוניסיה,1,1,2
2021-10-07T00:00:00.000Z,תורכיה,102,101,203
2021-10-07T00:00:00.000Z,איחוד האמירויות הערב,235,41,276
2021-10-07T00:00:00.000Z,יפן,3,1,4
2021-10-08T00:00:00.000Z,טיוואן,1,4,5
2021-10-08T00:00:00.000Z,טנזניה,5,0,5
2021-10-08T00:00:00.000Z,יוון,673,46,719
2021-10-08T00:00:00.000Z,ארמניה,4,1,5
2021-10-08T00:00:00.000Z,יפן,0,2,2
2021-10-08T00:00:00.000Z,ירדן,8,7,15
2021-10-08T00:00:00.000Z,כלל המדינות,11749,4132,15881
2021-10-08T00:00:00.000Z,לוכסמבורג,4,0,4
2021-10-08T00:00:00.000Z,לטביה,6,0,6
2021-10-08T00:00:00.000Z,ליטא,1,0,1
2021-10-08T00:00:00.000Z,מונטנגרו,70,5,75
2021-10-08T00:00:00.000Z,מונקו,1,0,1
2021-10-08T00:00:00.000Z,מיאנמר (בורמה),1,0,1
2021-10-08T00:00:00.000Z,ספרד,421,53,474
2021-10-08T00:00:00.000Z,סרביה,7,1,8
2021-10-08T00:00:00.000Z,סרי לנקה (צילון),2,1,3
2021-10-08T00:00:00.000Z,פולין,205,23,228
2021-10-08T00:00:00.000Z,פורטו ריקו,0,2,2
2021-10-08T00:00:00.000Z,פורטוגל,27,2,29
2021-10-08T00:00:00.000Z,פיליפינים,0,1,1
2021-10-08T00:00:00.000Z,פינלנד,42,21,63
2021-10-08T00:00:00.000Z,פנמה,7,5,12
2021-10-08T00:00:00.000Z,פרו,1,1,2
2021-10-08T00:00:00.000Z,צ'ילה,0,1,1
2021-10-08T00:00:00.000Z,צכיה,384,21,405
2021-10-08T00:00:00.000Z,צרפת,632,175,807
2021-10-08T00:00:00.000Z,קולומביה,2,2,4
2021-10-08T00:00:00.000Z,קוסובו,0,2,2
2021-10-08T00:00:00.000Z,קוסטה ריקה,30,19,49
2021-10-08T00:00:00.000Z,קוריאה הדרומית,3,0,3
2021-10-08T00:00:00.000Z,קזחסטאן,2,2,4
2021-10-08T00:00:00.000Z,קטר,3,1,4
2021-10-08T00:00:00.000Z,קירג'זסטאן,3,3,6
2021-10-08T00:00:00.000Z,קנדה,106,55,161
2021-10-08T00:00:00.000Z,קניה,2,0,2
2021-10-08T00:00:00.000Z,קפריסין,426,64,490
2021-10-08T00:00:00.000Z,קרואטיה,7,0,7
2021-10-08T00:00:00.000Z,רומניה,248,31,279
2021-10-08T00:00:00.000Z,מלדיבים,26,9,35
2021-10-08T00:00:00.000Z,מלטה,7,1,8
2021-10-08T00:00:00.000Z,מצרים,746,124,870
2021-10-08T00:00:00.000Z,מקסיקו,7,4,11
2021-10-08T00:00:00.000Z,מרוקו,14,4,18
2021-10-08T00:00:00.000Z,נורבגיה,0,3,3
2021-10-08T00:00:00.000Z,ניגריה,2,1,3
2021-10-08T00:00:00.000Z,ארצות הברית,1500,801,2301
2021-10-08T00:00:00.000Z,נפאל,0,1,1
2021-10-08T00:00:00.000Z,סינגפור,2,2,4
2021-10-08T00:00:00.000Z,אקואדור,7,1,8
2021-10-08T00:00:00.000Z,אסטוניה,6,0,6
2021-10-08T00:00:00.000Z,אנגולה,1,1,2
2021-10-08T00:00:00.000Z,אלבניה,3,0,3
2021-10-08T00:00:00.000Z,אל סלבדור,1,0,1
2021-10-08T00:00:00.000Z,אירלנד,6,1,7
2021-10-08T00:00:00.000Z,איסלנד,1,0,1
2021-10-08T00:00:00.000Z,איטליה,520,42,562
2021-10-08T00:00:00.000Z,תאילנד,104,119,223
2021-10-08T00:00:00.000Z,אזרביג'אן,33,2,35
2021-10-08T00:00:00.000Z,אורגוואי,2,5,7
2021-10-08T00:00:00.000Z,אוקראינה,328,103,431
2021-10-08T00:00:00.000Z,אוסטרליה,7,0,7
2021-10-08T00:00:00.000Z,איחוד האמירויות הערב,314,43,357
2021-10-08T00:00:00.000Z,אוסטריה,790,91,881
2021-10-08T00:00:00.000Z,אוזבקיסטן,4,5,9
2021-10-08T00:00:00.000Z,סלובניה,8,0,8
2021-10-08T00:00:00.000Z,סנגל,2,0,2
2021-10-08T00:00:00.000Z,ארגנטינה,11,19,30
2021-10-08T00:00:00.000Z,בולגריה,7,4,11
2021-10-08T00:00:00.000Z,בוליביה,0,1,1
2021-10-08T00:00:00.000Z,בוסניה הרצגובינה,34,11,45
2021-10-08T00:00:00.000Z,בחריין,4,0,4
2021-10-08T00:00:00.000Z,בלגיה,75,88,163
2021-10-08T00:00:00.000Z,ברזיל,1,3,4
2021-10-08T00:00:00.000Z,גאורגיה,407,69,476
2021-10-08T00:00:00.000Z,גווטאמלה,3,4,7
2021-10-08T00:00:00.000Z,גרמניה,750,168,918
2021-10-08T00:00:00.000Z,דנמרק,16,0,16
2021-10-08T00:00:00.000Z,תורכמניסטאן,1,0,1
2021-10-08T00:00:00.000Z,תורכיה,151,60,211
2021-10-08T00:00:00.000Z,דרום אפריקה,5,0,5
2021-10-08T00:00:00.000Z,הודו,16,2,18
2021-10-08T00:00:00.000Z,רוסיה,264,181,445
2021-10-08T00:00:00.000Z,שוודיה,3,0,3
2021-10-08T00:00:00.000Z,שוויץ,402,106,508
2021-10-08T00:00:00.000Z,הולנד,271,63,334
2021-10-08T00:00:00.000Z,הונגריה,324,28,352
2021-10-08T00:00:00.000Z,הממלכה המאוחדת,435,240,675
2021-10-08T00:00:00.000Z,הרפ הדומיניקנית,6,0,6
2021-10-08T00:00:00.000Z,חוף השנהב,8,0,8
2021-10-08T00:00:00.000Z,טוגו,1,0,1
2021-10-09T00:00:00.000Z,לטביה,27,39,66
2021-10-09T00:00:00.000Z,תורכיה,254,87,341
2021-10-09T00:00:00.000Z,שוויץ,73,23,96
2021-10-09T00:00:00.000Z,שוודיה,1,3,4
2021-10-09T00:00:00.000Z,רוסיה,18,10,28
2021-10-09T00:00:00.000Z,רומניה,293,53,346
2021-10-09T00:00:00.000Z,רואנדה,8,4,12
2021-10-09T00:00:00.000Z,קרואטיה,3,1,4
2021-10-09T00:00:00.000Z,קפריסין,438,21,459
2021-10-09T00:00:00.000Z,קניה,4,0,4
2021-10-09T00:00:00.000Z,קנדה,84,47,131
2021-10-09T00:00:00.000Z,קירג'זסטאן,1,0,1
2021-10-09T00:00:00.000Z,קזחסטאן,1,0,1
2021-10-09T00:00:00.000Z,קוריאה הדרומית,1,1,2
2021-10-09T00:00:00.000Z,קוסטה ריקה,8,1,9
2021-10-09T00:00:00.000Z,קונגו,1,0,1
2021-10-09T00:00:00.000Z,קולומביה,7,6,13
2021-10-09T00:00:00.000Z,צרפת,248,33,281
2021-10-09T00:00:00.000Z,צכיה,227,50,277
2021-10-09T00:00:00.000Z,פרו,5,2,7
2021-10-09T00:00:00.000Z,פנמה,10,2,12
2021-10-09T00:00:00.000Z,פינלנד,4,0,4
2021-10-09T00:00:00.000Z,פיליפינים,0,2,2
2021-10-09T00:00:00.000Z,פורטוגל,18,5,23
2021-10-09T00:00:00.000Z,פולינזיה הצרפתית,1,0,1
2021-10-09T00:00:00.000Z,פולין,182,37,219
2021-10-09T00:00:00.000Z,ערב הסעודית,3,0,3
2021-10-09T00:00:00.000Z,סרי לנקה (צילון),1,2,3
2021-10-09T00:00:00.000Z,סרביה,0,1,1
2021-10-09T00:00:00.000Z,ספרד,14,8,22
2021-10-09T00:00:00.000Z,סלובניה,5,0,5
2021-10-09T00:00:00.000Z,סינגפור,3,1,4
2021-10-09T00:00:00.000Z,נמיביה,1,0,1
2021-10-09T00:00:00.000Z,ניגריה,4,1,5
2021-10-09T00:00:00.000Z,נורבגיה,1,1,2
2021-10-09T00:00:00.000Z,מרוקו,4,1,5
2021-10-09T00:00:00.000Z,מקסיקו,2,2,4
2021-10-09T00:00:00.000Z,מצרים,1632,128,1760
2021-10-09T00:00:00.000Z,מלטה,1,0,1
2021-10-09T00:00:00.000Z,מלדיבים,30,1,31
2021-10-09T00:00:00.000Z,מונטנגרו,2,0,2
2021-10-09T00:00:00.000Z,מונגוליה,0,1,1
2021-10-09T00:00:00.000Z,מוזמביק,3,0,3
2021-10-09T00:00:00.000Z,מאלי,2,0,2
2021-10-09T00:00:00.000Z,ליטא,3,2,5
2021-10-09T00:00:00.000Z,תאילנד,4,0,4
2021-10-09T00:00:00.000Z,כלל המדינות,7183,2030,9213
2021-10-09T00:00:00.000Z,ירדן,3,0,3
2021-10-09T00:00:00.000Z,יפן,0,1,1
2021-10-09T00:00:00.000Z,יוון,498,48,546
2021-10-09T00:00:00.000Z,טנזניה,8,2,10
2021-10-09T00:00:00.000Z,טיוואן,0,1,1
2021-10-09T00:00:00.000Z,חוף השנהב,0,2,2
2021-10-09T00:00:00.000Z,זמביה,1,1,2
2021-10-09T00:00:00.000Z,זאיר,2,0,2
2021-10-09T00:00:00.000Z,הממלכה המאוחדת,176,75,251
2021-10-09T00:00:00.000Z,הונדורס,1,0,1
2021-10-09T00:00:00.000Z,הונגריה,266,15,281
2021-10-09T00:00:00.000Z,הולנד,108,7,115
2021-10-09T00:00:00.000Z,הודו,15,1,16
2021-10-09T00:00:00.000Z,האנטילים ההולנדים,1,0,1
2021-10-09T00:00:00.000Z,דרום אפריקה,17,5,22
2021-10-09T00:00:00.000Z,דנמרק,4,0,4
2021-10-09T00:00:00.000Z,דומיניקה,2,0,2
2021-10-09T00:00:00.000Z,גרמניה,171,83,254
2021-10-09T00:00:00.000Z,גינאה המשוונית,2,0,2
2021-10-09T00:00:00.000Z,גינאה,1,0,1
2021-10-09T00:00:00.000Z,גווטאמלה,0,3,3
2021-10-09T00:00:00.000Z,גאנה,4,2,6
2021-10-09T00:00:00.000Z,גאורגיה,94,12,106
2021-10-09T00:00:00.000Z,ברזיל,1,0,1
2021-10-09T00:00:00.000Z,בלגיה,9,7,16
2021-10-09T00:00:00.000Z,בוסניה הרצגובינה,2,0,2
2021-10-09T00:00:00.000Z,בולגריה,2,0,2
2021-10-09T00:00:00.000Z,אתיופיה,14,17,31
2021-10-09T00:00:00.000Z,ארצות הברית,606,235,841
2021-10-09T00:00:00.000Z,ארמניה,4,2,6
2021-10-09T00:00:00.000Z,אקואדור,13,3,16
2021-10-09T00:00:00.000Z,אסטוניה,3,1,4
2021-10-09T00:00:00.000Z,אלבניה,2,1,3
2021-10-09T00:00:00.000Z,אירלנד,4,0,4
2021-10-09T00:00:00.000Z,איסלנד,11,2,13
2021-10-09T00:00:00.000Z,איי סיישל,4,0,4
2021-10-09T00:00:00.000Z,איטליה,373,40,413
2021-10-09T00:00:00.000Z,אזרביג'אן,4,0,4
2021-10-09T00:00:00.000Z,אוקראינה,174,67,241
2021-10-09T00:00:00.000Z,אוסטרליה,2,0,2
2021-10-09T00:00:00.000Z,אוסטריה,438,26,464
2021-10-09T00:00:00.000Z,אוזבקיסטן,4,0,4
2021-10-09T00:00:00.000Z,אוגנדה,4,1,5
2021-10-09T00:00:00.000Z,איחוד האמירויות הערב,129,22,151
2021-10-10T00:00:00.000Z,תורכמניסטאן,0,1,1
2021-10-10T00:00:00.000Z,תורכיה,384,98,482
2021-10-10T00:00:00.000Z,תוניסיה,0,3,3
2021-10-10T00:00:00.000Z,תאילנד,9,5,14
2021-10-10T00:00:00.000Z,שוויץ,189,93,282
2021-10-10T00:00:00.000Z,שוודיה,11,7,18
2021-10-10T00:00:00.000Z,רוסיה,149,162,311
2021-10-10T00:00:00.000Z,רומניה,262,16,278
2021-10-10T00:00:00.000Z,רואנדה,0,1,1
2021-10-10T00:00:00.000Z,קרואטיה,16,2,18
2021-10-10T00:00:00.000Z,קפריסין,722,54,776
2021-10-10T00:00:00.000Z,קנדה,54,24,78
2021-10-10T00:00:00.000Z,קמרון,1,0,1
2021-10-10T00:00:00.000Z,קזחסטאן,2,3,5
2021-10-10T00:00:00.000Z,קוריאה הדרומית,5,3,8
2021-10-10T00:00:00.000Z,קוסטה ריקה,16,0,16
2021-10-10T00:00:00.000Z,קולומביה,3,2,5
2021-10-10T00:00:00.000Z,צרפת,415,288,703
2021-10-10T00:00:00.000Z,צכיה,542,30,572
2021-10-10T00:00:00.000Z,פרו,4,4,8
2021-10-10T00:00:00.000Z,פנמה,3,2,5
2021-10-10T00:00:00.000Z,פיליפינים,2,9,11
2021-10-10T00:00:00.000Z,פורטוגל,89,13,102
2021-10-10T00:00:00.000Z,פולין,85,12,97
2021-10-10T00:00:00.000Z,סרי לנקה (צילון),4,8,12
2021-10-10T00:00:00.000Z,סרביה,49,6,55
2021-10-10T00:00:00.000Z,ספרד,364,94,458
2021-10-10T00:00:00.000Z,סלובקיה,0,1,1
2021-10-10T00:00:00.000Z,סלובניה,1,1,2
2021-10-10T00:00:00.000Z,סין,0,1,1
2021-10-10T00:00:00.000Z,נפאל,8,1,9
2021-10-10T00:00:00.000Z,נמיביה,4,0,4
2021-10-10T00:00:00.000Z,ניגריה,2,0,2
2021-10-10T00:00:00.000Z,נורבגיה,5,2,7
2021-10-10T00:00:00.000Z,מרוקו,32,8,40
2021-10-10T00:00:00.000Z,מקסיקו,2,1,3
2021-10-10T00:00:00.000Z,מקאו,0,2,2
2021-10-10T00:00:00.000Z,מצרים,1437,160,1597
2021-10-10T00:00:00.000Z,מלטה,2,0,2
2021-10-10T00:00:00.000Z,מלדיבים,11,0,11
2021-10-10T00:00:00.000Z,אבחזיסטאן,0,3,3
2021-10-10T00:00:00.000Z,אוגנדה,2,4,6
2021-10-10T00:00:00.000Z,אוזבקיסטן,4,3,7
2021-10-10T00:00:00.000Z,אוסטריה,442,58,500
2021-10-10T00:00:00.000Z,אוסטרליה,4,1,5
2021-10-10T00:00:00.000Z,אוקראינה,274,119,393
2021-10-10T00:00:00.000Z,אורגוואי,1,0,1
2021-10-10T00:00:00.000Z,אזרביג'אן,64,9,73
2021-10-10T00:00:00.000Z,איטליה,897,97,994
2021-10-10T00:00:00.000Z,איי סיישל,3,0,3
2021-10-10T00:00:00.000Z,איסלנד,5,0,5
2021-10-10T00:00:00.000Z,אירלנד,9,1,10
2021-10-10T00:00:00.000Z,אל סלבדור,1,0,1
2021-10-10T00:00:00.000Z,אסטוניה,0,1,1
2021-10-10T00:00:00.000Z,אקואדור,1,1,2
2021-10-10T00:00:00.000Z,ארגנטינה,10,4,14
2021-10-10T00:00:00.000Z,ארמניה,1,1,2
2021-10-10T00:00:00.000Z,ארצות הברית,723,573,1296
2021-10-10T00:00:00.000Z,בולגריה,50,46,96
2021-10-10T00:00:00.000Z,בוסניה הרצגובינה,2,0,2
2021-10-10T00:00:00.000Z,בורקינה פאסו,1,0,1
2021-10-10T00:00:00.000Z,בילורוסיה,114,39,153
2021-10-10T00:00:00.000Z,בלגיה,42,74,116
2021-10-10T00:00:00.000Z,ברזיל,0,2,2
2021-10-10T00:00:00.000Z,ברמודה,0,1,1
2021-10-10T00:00:00.000Z,גאורגיה,866,64,930
2021-10-10T00:00:00.000Z,גאנה,1,2,3
2021-10-10T00:00:00.000Z,גווטאמלה,2,2,4
2021-10-10T00:00:00.000Z,גויאנה,1,0,1
2021-10-10T00:00:00.000Z,גויאנה הצרפתית,3,0,3
2021-10-10T00:00:00.000Z,גיברלטר,3,0,3
2021-10-10T00:00:00.000Z,דנמרק,43,12,55
2021-10-10T00:00:00.000Z,דרום אפריקה,3,6,9
2021-10-10T00:00:00.000Z,דרום סודאן,1,0,1
2021-10-10T00:00:00.000Z,הודו,8,3,11
2021-10-10T00:00:00.000Z,איחוד האמירויות הערב,275,49,324
2021-10-10T00:00:00.000Z,גרמניה,355,173,528
2021-10-10T00:00:00.000Z,מונטנגרו,134,2,136
2021-10-10T00:00:00.000Z,מולדובה,75,63,138
2021-10-10T00:00:00.000Z,מאלי,1,0,1
2021-10-10T00:00:00.000Z,ליטא,101,16,117
2021-10-10T00:00:00.000Z,כלל המדינות,13580,4647,18227
2021-10-10T00:00:00.000Z,ירדן,305,77,382
2021-10-10T00:00:00.000Z,יפן,1,0,1
2021-10-10T00:00:00.000Z,יוון,1242,91,1333
2021-10-10T00:00:00.000Z,טנזניה,2,0,2
2021-10-10T00:00:00.000Z,טוגו,1,0,1
2021-10-10T00:00:00.000Z,הרפ הדומיניקנית,0,5,5
2021-10-10T00:00:00.000Z,הממלכה המאוחדת,375,286,661
2021-10-10T00:00:00.000Z,הונגריה,613,31,644
2021-10-10T00:00:00.000Z,הולנד,340,50,390
2021-10-11T00:00:00.000Z,אוקראינה,471,211,682
2021-10-11T00:00:00.000Z,איחוד האמירויות הערב,140,19,159
2021-10-11T00:00:00.000Z,סרי לנקה (צילון),0,3,3
2021-10-11T00:00:00.000Z,סרביה,16,13,29
2021-10-11T00:00:00.000Z,אבחזיסטאן,0,2,2
2021-10-11T00:00:00.000Z,ספרד,396,109,505
2021-10-11T00:00:00.000Z,סנגל,2,0,2
2021-10-11T00:00:00.000Z,סלובקיה,2,0,2
2021-10-11T00:00:00.000Z,סינגפור,1,0,1
2021-10-11T00:00:00.000Z,סין,0,2,2
2021-10-11T00:00:00.000Z,נפאל,24,0,24
2021-10-11T00:00:00.000Z,ניגריה,4,2,6
2021-10-11T00:00:00.000Z,נורבגיה,2,1,3
2021-10-11T00:00:00.000Z,מרוקו,5,0,5
2021-10-11T00:00:00.000Z,מקסיקו,9,10,19
2021-10-11T00:00:00.000Z,מקדוניה,2,0,2
2021-10-11T00:00:00.000Z,מצרים,722,89,811
2021-10-11T00:00:00.000Z,מלטה,2,1,3
2021-10-11T00:00:00.000Z,מלדיבים,9,0,9
2021-10-11T00:00:00.000Z,מונטנגרו,94,1,95
2021-10-11T00:00:00.000Z,מולדובה,1,42,43
2021-10-11T00:00:00.000Z,מאלי,2,0,2
2021-10-11T00:00:00.000Z,מאוריציוס,4,1,5
2021-10-11T00:00:00.000Z,ליטא,8,2,10
2021-10-11T00:00:00.000Z,לטביה,5,2,7
2021-10-11T00:00:00.000Z,לוכסמבורג,0,4,4
2021-10-11T00:00:00.000Z,כלל המדינות,11984,5814,17798
2021-10-11T00:00:00.000Z,ירדן,82,47,129
2021-10-11T00:00:00.000Z,יוון,820,62,882
2021-10-11T00:00:00.000Z,טנזניה,19,3,22
2021-10-11T00:00:00.000Z,טיוואן,0,1,1
2021-10-11T00:00:00.000Z,טוגו,2,0,2
2021-10-11T00:00:00.000Z,טובלו,1,0,1
2021-10-11T00:00:00.000Z,חוף השנהב,1,0,1
2021-10-11T00:00:00.000Z,זמביה,2,1,3
2021-10-11T00:00:00.000Z,זאיר,2,0,2
2021-10-11T00:00:00.000Z,תורכמניסטאן,3,4,7
2021-10-11T00:00:00.000Z,תורכיה,300,129,429
2021-10-11T00:00:00.000Z,תאילנד,54,181,235
2021-10-11T00:00:00.000Z,שוויץ,127,51,178
2021-10-11T00:00:00.000Z,שוודיה,6,19,25
2021-10-11T00:00:00.000Z,רוסיה,266,252,518
2021-10-11T00:00:00.000Z,רומניה,356,21,377
2021-10-11T00:00:00.000Z,רואנדה,2,0,2
2021-10-11T00:00:00.000Z,קרואטיה,6,0,6
2021-10-11T00:00:00.000Z,קפריסין,424,33,457
2021-10-11T00:00:00.000Z,קניה,3,1,4
2021-10-11T00:00:00.000Z,קנדה,55,58,113
2021-10-11T00:00:00.000Z,קמרון,1,0,1
2021-10-11T00:00:00.000Z,קירג'זסטאן,1,1,2
2021-10-11T00:00:00.000Z,קזחסטאן,2,4,6
2021-10-11T00:00:00.000Z,קוריאה הדרומית,0,4,4
2021-10-11T00:00:00.000Z,קוסטה ריקה,7,3,10
2021-10-11T00:00:00.000Z,קולומביה,7,9,16
2021-10-11T00:00:00.000Z,צרפת,683,282,965
2021-10-11T00:00:00.000Z,צכיה,337,22,359
2021-10-11T00:00:00.000Z,פרו,4,6,10
2021-10-11T00:00:00.000Z,פנמה,11,9,20
2021-10-11T00:00:00.000Z,פינלנד,4,2,6
2021-10-11T00:00:00.000Z,פיליפינים,1,2,3
2021-10-11T00:00:00.000Z,פורטוגל,117,10,127
2021-10-11T00:00:00.000Z,ונצואלה,1,0,1
2021-10-11T00:00:00.000Z,הרפ הדומיניקנית,2,0,2
2021-10-11T00:00:00.000Z,הממלכה המאוחדת,603,430,1033
2021-10-11T00:00:00.000Z,הונגריה,391,20,411
2021-10-11T00:00:00.000Z,הולנד,234,24,258
2021-10-11T00:00:00.000Z,הודו,88,79,167
2021-10-11T00:00:00.000Z,דרום אפריקה,14,27,41
2021-10-11T00:00:00.000Z,דנמרק,5,5,10
2021-10-11T00:00:00.000Z,גרמניה,450,105,555
2021-10-11T00:00:00.000Z,גיברלטר,0,1,1
2021-10-11T00:00:00.000Z,גווטאמלה,1,3,4
2021-10-11T00:00:00.000Z,גאנה,5,4,9
2021-10-11T00:00:00.000Z,גאורגיה,411,40,451
2021-10-11T00:00:00.000Z,ברזיל,2,13,15
2021-10-11T00:00:00.000Z,בלגיה,84,52,136
2021-10-11T00:00:00.000Z,בילורוסיה,1,0,1
2021-10-11T00:00:00.000Z,בחריין,24,1,25
2021-10-11T00:00:00.000Z,בוסניה הרצגובינה,19,14,33
2021-10-11T00:00:00.000Z,בולגריה,3,2,5
2021-10-11T00:00:00.000Z,בוטסואנה,1,0,1
2021-10-11T00:00:00.000Z,אתיופיה,27,29,56
2021-10-11T00:00:00.000Z,ארצות הברית,992,1258,2250
2021-10-11T00:00:00.000Z,ארמניה,2,2,4
2021-10-11T00:00:00.000Z,ארגנטינה,0,1,1
2021-10-11T00:00:00.000Z,אקואדור,1,6,7
2021-10-11T00:00:00.000Z,אסטוניה,1,0,1
2021-10-11T00:00:00.000Z,אנגולה,7,0,7
2021-10-11T00:00:00.000Z,אלבניה,4,0,4
2021-10-11T00:00:00.000Z,אירלנד,6,0,6
2021-10-11T00:00:00.000Z,איסלנד,10,0,10
2021-10-11T00:00:00.000Z,אינדונזיה,0,1,1
2021-10-11T00:00:00.000Z,איטליה,703,80,783
2021-10-11T00:00:00.000Z,אזרביג'אן,62,8,70
2021-10-11T00:00:00.000Z,אורגוואי,0,2,2
2021-10-11T00:00:00.000Z,פולין,191,27,218
2021-10-11T00:00:00.000Z,אוסטרליה,4,1,5
2021-10-11T00:00:00.000Z,אוסטריה,810,68,878
2021-10-11T00:00:00.000Z,אוזבקיסטן,121,96,217
2021-10-12T00:00:00.000Z,לטביה,25,16,41
2021-10-12T00:00:00.000Z,אבחזיסטאן,1,0,1
2021-10-12T00:00:00.000Z,תוניסיה,1,0,1
2021-10-12T00:00:00.000Z,שוויץ,133,48,181
2021-10-12T00:00:00.000Z,שוודיה,4,5,9
2021-10-12T00:00:00.000Z,רוסיה,165,261,426
2021-10-12T00:00:00.000Z,רומניה,80,14,94
2021-10-12T00:00:00.000Z,רואנדה,3,0,3
2021-10-12T00:00:00.000Z,קרואטיה,5,2,7
2021-10-12T00:00:00.000Z,קפריסין,162,30,192
2021-10-12T00:00:00.000Z,קניה,7,1,8
2021-10-12T00:00:00.000Z,קנדה,120,175,295
2021-10-12T00:00:00.000Z,קמרון,2,0,2
2021-10-12T00:00:00.000Z,קירג'זסטאן,2,0,2
2021-10-12T00:00:00.000Z,קזחסטאן,0,1,1
2021-10-12T00:00:00.000Z,קוריאה הדרומית,1,4,5
2021-10-12T00:00:00.000Z,קוסטה ריקה,17,9,26
2021-10-12T00:00:00.000Z,קולומביה,4,3,7
2021-10-12T00:00:00.000Z,צרפת,623,316,939
2021-10-12T00:00:00.000Z,צכיה,289,17,306
2021-10-12T00:00:00.000Z,פרו,5,6,11
2021-10-12T00:00:00.000Z,פרגוואי,1,1,2
2021-10-12T00:00:00.000Z,פנמה,11,9,20
2021-10-12T00:00:00.000Z,פיליפינים,1,1,2
2021-10-12T00:00:00.000Z,פורטוגל,17,2,19
2021-10-12T00:00:00.000Z,פולין,160,21,181
2021-10-12T00:00:00.000Z,עירק,0,4,4
2021-10-12T00:00:00.000Z,סרי לנקה (צילון),2,1,3
2021-10-12T00:00:00.000Z,סרביה,5,0,5
2021-10-12T00:00:00.000Z,ספרד,239,49,288
2021-10-12T00:00:00.000Z,סלובניה,9,0,9
2021-10-12T00:00:00.000Z,סינגפור,0,3,3
2021-10-12T00:00:00.000Z,נפאל,2,0,2
2021-10-12T00:00:00.000Z,נמיביה,0,1,1
2021-10-12T00:00:00.000Z,ניגריה,2,4,6
2021-10-12T00:00:00.000Z,נורבגיה,1,3,4
2021-10-12T00:00:00.000Z,מרוקו,81,15,96
2021-10-12T00:00:00.000Z,מקסיקו,13,11,24
2021-10-12T00:00:00.000Z,מצרים,546,66,612
2021-10-12T00:00:00.000Z,מלטה,1,2,3
2021-10-12T00:00:00.000Z,מלדיבים,25,0,25
2021-10-12T00:00:00.000Z,מלאווי,0,1,1
2021-10-12T00:00:00.000Z,מונטנגרו,5,1,6
2021-10-12T00:00:00.000Z,מולדובה,44,25,69
2021-10-12T00:00:00.000Z,ליכטנשטיין,0,1,1
2021-10-12T00:00:00.000Z,ליטא,6,3,9
2021-10-12T00:00:00.000Z,תורכיה,442,208,650
2021-10-12T00:00:00.000Z,כלל המדינות,7991,3987,11978
2021-10-12T00:00:00.000Z,ירדן,58,34,92
2021-10-12T00:00:00.000Z,יוון,543,59,602
2021-10-12T00:00:00.000Z,טרינידד וטובגו,1,0,1
2021-10-12T00:00:00.000Z,טנזניה,12,0,12
2021-10-12T00:00:00.000Z,חוף השנהב,1,1,2
2021-10-12T00:00:00.000Z,זמביה,1,0,1
2021-10-12T00:00:00.000Z,זאיר,0,1,1
2021-10-12T00:00:00.000Z,ונצואלה,1,1,2
2021-10-12T00:00:00.000Z,הרפ הדומיניקנית,3,4,7
2021-10-12T00:00:00.000Z,הממלכה המאוחדת,404,244,648
2021-10-12T00:00:00.000Z,הונגריה,358,36,394
2021-10-12T00:00:00.000Z,הולנד,278,28,306
2021-10-12T00:00:00.000Z,הודו,5,3,8
2021-10-12T00:00:00.000Z,דרום אפריקה,24,18,42
2021-10-12T00:00:00.000Z,דנמרק,7,3,10
2021-10-12T00:00:00.000Z,גרמניה,421,175,596
2021-10-12T00:00:00.000Z,גינאה,1,0,1
2021-10-12T00:00:00.000Z,גווטאמלה,1,1,2
2021-10-12T00:00:00.000Z,גאנה,1,31,32
2021-10-12T00:00:00.000Z,גאורגיה,162,35,197
2021-10-12T00:00:00.000Z,ברזיל,1,0,1
2021-10-12T00:00:00.000Z,בלגיה,11,11,22
2021-10-12T00:00:00.000Z,בילורוסיה,2,0,2
2021-10-12T00:00:00.000Z,בוסניה הרצגובינה,1,0,1
2021-10-12T00:00:00.000Z,בולגריה,5,0,5
2021-10-12T00:00:00.000Z,אתיופיה,32,19,51
2021-10-12T00:00:00.000Z,ארצות הברית,889,1075,1964
2021-10-12T00:00:00.000Z,ארמניה,4,1,5
2021-10-12T00:00:00.000Z,ארגנטינה,37,49,86
2021-10-12T00:00:00.000Z,אקואדור,1,1,2
2021-10-12T00:00:00.000Z,אסטוניה,1,0,1
2021-10-12T00:00:00.000Z,אנגולה,1,0,1
2021-10-12T00:00:00.000Z,אלבניה,3,0,3
2021-10-12T00:00:00.000Z,אירלנד,3,3,6
2021-10-12T00:00:00.000Z,איסלנד,11,1,12
2021-10-12T00:00:00.000Z,איי סיישל,2,4,6
2021-10-12T00:00:00.000Z,איטליה,240,30,270
2021-10-12T00:00:00.000Z,אזרביג'אן,4,0,4
2021-10-12T00:00:00.000Z,אורגוואי,3,3,6
2021-10-12T00:00:00.000Z,אוקראינה,161,90,251
2021-10-12T00:00:00.000Z,אוסטריה,351,43,394
2021-10-12T00:00:00.000Z,אוזבקיסטן,6,3,9
2021-10-12T00:00:00.000Z,אוגנדה,0,1,1
2021-10-12T00:00:00.000Z,איחוד האמירויות הערב,146,23,169
2021-10-13T00:00:00.000Z,הודו,12,97,109
2021-10-13T00:00:00.000Z,הולנד,184,50,234
2021-10-13T00:00:00.000Z,הונג קונג,1,0,1
2021-10-13T00:00:00.000Z,הונגריה,366,76,442
2021-10-13T00:00:00.000Z,הממלכה המאוחדת,370,298,668
2021-10-13T00:00:00.000Z,ונצואלה,4,0,4
2021-10-13T00:00:00.000Z,זאיר,2,0,2
2021-10-13T00:00:00.000Z,טיוואן,0,3,3
2021-10-13T00:00:00.000Z,טנזניה,90,6,96
2021-10-13T00:00:00.000Z,יוון,370,41,411
2021-10-13T00:00:00.000Z,יפן,0,2,2
2021-10-13T00:00:00.000Z,ירדן,25,14,39
2021-10-13T00:00:00.000Z,כלל המדינות,7506,4324,11830
2021-10-13T00:00:00.000Z,לוכסמבורג,0,1,1
2021-10-13T00:00:00.000Z,לטביה,3,0,3
2021-10-13T00:00:00.000Z,ליטא,1,0,1
2021-10-13T00:00:00.000Z,מולדובה,1,1,2
2021-10-13T00:00:00.000Z,מונטנגרו,101,4,105
2021-10-13T00:00:00.000Z,מלדיבים,15,1,16
2021-10-13T00:00:00.000Z,מצרים,407,53,460
2021-10-13T00:00:00.000Z,מקדוניה,4,1,5
2021-10-13T00:00:00.000Z,מקסיקו,3,5,8
2021-10-13T00:00:00.000Z,איחוד האמירויות הערב,269,32,301
2021-10-13T00:00:00.000Z,מרוקו,13,1,14
2021-10-13T00:00:00.000Z,גמביה,3,0,3
2021-10-13T00:00:00.000Z,נורבגיה,2,3,5
2021-10-13T00:00:00.000Z,ניגריה,4,6,10
2021-10-13T00:00:00.000Z,ניו זילנד,0,1,1
2021-10-13T00:00:00.000Z,נפאל,1,0,1
2021-10-13T00:00:00.000Z,סין,0,14,14
2021-10-13T00:00:00.000Z,סינגפור,0,2,2
2021-10-13T00:00:00.000Z,סלובניה,4,0,4
2021-10-13T00:00:00.000Z,אזרביג'אן,4,0,4
2021-10-13T00:00:00.000Z,איטליה,288,34,322
2021-10-13T00:00:00.000Z,איי גילברט ואליס,0,1,1
2021-10-13T00:00:00.000Z,איי סיישל,109,11,120
2021-10-13T00:00:00.000Z,איסלנד,3,0,3
2021-10-13T00:00:00.000Z,אירלנד,1,0,1
2021-10-13T00:00:00.000Z,אלבניה,3,0,3
2021-10-13T00:00:00.000Z,אלגיריה,0,1,1
2021-10-13T00:00:00.000Z,אסטוניה,3,0,3
2021-10-13T00:00:00.000Z,אקואדור,0,1,1
2021-10-13T00:00:00.000Z,ארמניה,2,1,3
2021-10-13T00:00:00.000Z,ארצות הברית,816,976,1792
2021-10-13T00:00:00.000Z,אתיופיה,22,31,53
2021-10-13T00:00:00.000Z,בהמס,1,0,1
2021-10-13T00:00:00.000Z,בוטסואנה,4,1,5
2021-10-13T00:00:00.000Z,בולגריה,45,41,86
2021-10-13T00:00:00.000Z,בוסניה הרצגובינה,11,4,15
2021-10-13T00:00:00.000Z,בילורוסיה,60,55,115
2021-10-13T00:00:00.000Z,בלגיה,13,10,23
2021-10-13T00:00:00.000Z,ברזיל,2,3,5
2021-10-13T00:00:00.000Z,גאורגיה,93,12,105
2021-10-13T00:00:00.000Z,גויאנה,1,0,1
2021-10-13T00:00:00.000Z,ספרד,155,22,177
2021-10-13T00:00:00.000Z,סרביה,6,0,6
2021-10-13T00:00:00.000Z,סרי לנקה (צילון),2,2,4
2021-10-13T00:00:00.000Z,ערב הסעודית,4,0,4
2021-10-13T00:00:00.000Z,פולין,70,8,78
2021-10-13T00:00:00.000Z,פורטוגל,66,10,76
2021-10-13T00:00:00.000Z,פיליפינים,1,15,16
2021-10-13T00:00:00.000Z,פינלנד,36,22,58
2021-10-13T00:00:00.000Z,פנמה,6,6,12
2021-10-13T00:00:00.000Z,פרו,7,5,12
2021-10-13T00:00:00.000Z,צכיה,163,18,181
2021-10-13T00:00:00.000Z,צרפת,441,332,773
2021-10-13T00:00:00.000Z,קולומביה,0,2,2
2021-10-13T00:00:00.000Z,קונגו,1,0,1
2021-10-13T00:00:00.000Z,קוסטה ריקה,5,7,12
2021-10-13T00:00:00.000Z,קוריאה הדרומית,1,3,4
2021-10-13T00:00:00.000Z,קזחסטאן,0,2,2
2021-10-13T00:00:00.000Z,קירג'זסטאן,1,0,1
2021-10-13T00:00:00.000Z,קמרון,1,0,1
2021-10-13T00:00:00.000Z,קנדה,45,72,117
2021-10-13T00:00:00.000Z,קניה,19,3,22
2021-10-13T00:00:00.000Z,קפריסין,194,48,242
2021-10-13T00:00:00.000Z,קרואטיה,7,2,9
2021-10-13T00:00:00.000Z,רואנדה,1,0,1
2021-10-13T00:00:00.000Z,רומניה,222,22,244
2021-10-13T00:00:00.000Z,רוסיה,98,207,305
2021-10-13T00:00:00.000Z,שוודיה,5,4,9
2021-10-13T00:00:00.000Z,שוויץ,99,42,141
2021-10-13T00:00:00.000Z,תאילנד,1,1,2
2021-10-13T00:00:00.000Z,תוניסיה,1,1,2
2021-10-13T00:00:00.000Z,תורכיה,431,109,540
2021-10-13T00:00:00.000Z,תורכמניסטאן,2,1,3
2021-10-13T00:00:00.000Z,גיברלטר,0,1,1
2021-10-13T00:00:00.000Z,גרמניה,460,153,613
2021-10-13T00:00:00.000Z,דנמרק,4,6,10
2021-10-13T00:00:00.000Z,דרום אפריקה,30,52,82
2021-10-13T00:00:00.000Z,דרום סודאן,2,0,2
2021-10-13T00:00:00.000Z,האיטי,1,0,1
2021-10-13T00:00:00.000Z,אבחזיסטאן,2,2,4
2021-10-13T00:00:00.000Z,אוגנדה,1,0,1
2021-10-13T00:00:00.000Z,אוזבקיסטן,3,0,3
2021-10-13T00:00:00.000Z,אוסטריה,357,73,430
2021-10-13T00:00:00.000Z,אוסטרליה,2,8,10
2021-10-13T00:00:00.000Z,אוקראינה,311,268,579
2021-10-14T00:00:00.000Z,אוסטריה,430,59,489
2021-10-14T00:00:00.000Z,אוסטרליה,1,5,6
2021-10-14T00:00:00.000Z,אוקראינה,195,175,370
2021-10-14T00:00:00.000Z,אזרביג'אן,48,8,56
2021-10-14T00:00:00.000Z,איטליה,651,93,744
2021-10-14T00:00:00.000Z,איי טורקס וקייקוס,1,0,1
2021-10-14T00:00:00.000Z,איי סיישל,2,0,2
2021-10-14T00:00:00.000Z,איסלנד,11,0,11
2021-10-14T00:00:00.000Z,אירלנד,6,2,8
2021-10-14T00:00:00.000Z,אלבניה,2,0,2
2021-10-14T00:00:00.000Z,אנגולה,1,1,2
2021-10-14T00:00:00.000Z,אסטוניה,3,0,3
2021-10-14T00:00:00.000Z,ארגנטינה,4,31,35
2021-10-14T00:00:00.000Z,ארמניה,1,0,1
2021-10-14T00:00:00.000Z,ארצות הברית,954,1076,2030
2021-10-14T00:00:00.000Z,אתיופיה,42,18,60
2021-10-14T00:00:00.000Z,בולגריה,17,9,26
2021-10-14T00:00:00.000Z,בחריין,33,1,34
2021-10-14T00:00:00.000Z,בילורוסיה,63,45,108
2021-10-14T00:00:00.000Z,בלגיה,38,49,87
2021-10-14T00:00:00.000Z,ברזיל,3,3,6
2021-10-14T00:00:00.000Z,גאורגיה,809,89,898
2021-10-14T00:00:00.000Z,גאנה,5,2,7
2021-10-14T00:00:00.000Z,גבון,1,0,1
2021-10-14T00:00:00.000Z,גווטאמלה,0,1,1
2021-10-14T00:00:00.000Z,גויאנה,0,1,1
2021-10-14T00:00:00.000Z,גינאה המשוונית,4,2,6
2021-10-14T00:00:00.000Z,גרמניה,212,64,276
2021-10-14T00:00:00.000Z,דנמרק,61,64,125
2021-10-14T00:00:00.000Z,דרום אפריקה,35,26,61
2021-10-14T00:00:00.000Z,דרום סודאן,2,0,2
2021-10-14T00:00:00.000Z,הודו,11,1,12
2021-10-14T00:00:00.000Z,הולנד,243,42,285
2021-10-14T00:00:00.000Z,הונג קונג,2,16,18
2021-10-14T00:00:00.000Z,הונגריה,479,52,531
2021-10-14T00:00:00.000Z,הונדורס,1,0,1
2021-10-14T00:00:00.000Z,הממלכה המאוחדת,349,247,596
2021-10-14T00:00:00.000Z,ונצואלה,0,1,1
2021-10-14T00:00:00.000Z,זאיר,2,0,2
2021-10-14T00:00:00.000Z,זימבאבווה,1,0,1
2021-10-14T00:00:00.000Z,זמביה,1,0,1
2021-10-14T00:00:00.000Z,חוף השנהב,1,0,1
2021-10-14T00:00:00.000Z,טנזניה,17,0,17
2021-10-14T00:00:00.000Z,יוון,615,64,679
2021-10-14T00:00:00.000Z,יפן,0,1,1
2021-10-14T00:00:00.000Z,איחוד האמירויות הערב,285,61,346
2021-10-14T00:00:00.000Z,כלל המדינות,11170,4663,15833
2021-10-14T00:00:00.000Z,לוכסמבורג,2,0,2
2021-10-14T00:00:00.000Z,לטביה,0,4,4
2021-10-14T00:00:00.000Z,ליטא,89,10,99
2021-10-14T00:00:00.000Z,מוזמביק,0,1,1
2021-10-14T00:00:00.000Z,מולדובה,78,35,113
2021-10-14T00:00:00.000Z,מונטנגרו,188,0,188
2021-10-14T00:00:00.000Z,מיאנמר (בורמה),0,1,1
2021-10-14T00:00:00.000Z,מלאווי,1,0,1
2021-10-14T00:00:00.000Z,מלדיבים,18,2,20
2021-10-14T00:00:00.000Z,מלטה,2,0,2
2021-10-14T00:00:00.000Z,מצרים,690,122,812
2021-10-14T00:00:00.000Z,מקאו,1,0,1
2021-10-14T00:00:00.000Z,מקדוניה,2,0,2
2021-10-14T00:00:00.000Z,מקסיקו,6,22,28
2021-10-14T00:00:00.000Z,מרוקו,114,18,132
2021-10-14T00:00:00.000Z,נורבגיה,2,5,7
2021-10-14T00:00:00.000Z,ניגריה,2,2,4
2021-10-14T00:00:00.000Z,ניו זילנד,0,2,2
2021-10-14T00:00:00.000Z,נמיביה,1,0,1
2021-10-14T00:00:00.000Z,נפאל,3,0,3
2021-10-14T00:00:00.000Z,סין,2,169,171
2021-10-14T00:00:00.000Z,ספרד,279,63,342
2021-10-14T00:00:00.000Z,סרביה,73,8,81
2021-10-14T00:00:00.000Z,ערב הסעודית,2,0,2
2021-10-14T00:00:00.000Z,פולין,80,16,96
2021-10-14T00:00:00.000Z,פורטוגל,200,36,236
2021-10-14T00:00:00.000Z,פיליפינים,1,3,4
2021-10-14T00:00:00.000Z,פינלנד,5,1,6
2021-10-14T00:00:00.000Z,פנמה,6,12,18
2021-10-14T00:00:00.000Z,פרו,8,6,14
2021-10-14T00:00:00.000Z,קולומביה,8,18,26
2021-10-14T00:00:00.000Z,קונגו,1,0,1
2021-10-14T00:00:00.000Z,קוסטה ריקה,7,0,7
2021-10-14T00:00:00.000Z,קוריאה הדרומית,0,5,5
2021-10-14T00:00:00.000Z,קזחסטאן,10,2,12
2021-10-14T00:00:00.000Z,קטר,2,0,2
2021-10-14T00:00:00.000Z,קירג'זסטאן,10,1,11
2021-10-14T00:00:00.000Z,קמרון,1,1,2
2021-10-14T00:00:00.000Z,קנדה,49,96,145
2021-10-14T00:00:00.000Z,קניה,5,0,5
2021-10-14T00:00:00.000Z,קפריסין,443,45,488
2021-10-14T00:00:00.000Z,קרואטיה,8,1,9
2021-10-14T00:00:00.000Z,רואנדה,0,1,1
2021-10-14T00:00:00.000Z,רומניה,163,48,211
2021-10-14T00:00:00.000Z,רוסיה,198,249,447
2021-10-14T00:00:00.000Z,שוודיה,12,11,23
2021-10-14T00:00:00.000Z,שוויץ,120,47,167
2021-10-14T00:00:00.000Z,תאילנד,0,1,1
2021-10-14T00:00:00.000Z,תוניסיה,0,3,3
2021-10-14T00:00:00.000Z,תורכיה,689,212,901
2021-10-14T00:00:00.000Z,תורכמניסטאן,6,2,8
2021-10-14T00:00:00.000Z,צ'ילה,1,0,1
2021-10-14T00:00:00.000Z,צכיה,302,28,330
2021-10-14T00:00:00.000Z,צרפת,630,317,947
2021-10-14T00:00:00.000Z,ירדן,79,49,128
2021-10-14T00:00:00.000Z,אוגנדה,3,0,3
2021-10-14T00:00:00.000Z,אוזבקיסטן,11,1,12
2021-10-15T00:00:00.000Z,הודו,25,3,28
2021-10-15T00:00:00.000Z,פולין,244,32,276
2021-10-15T00:00:00.000Z,פיליפינים,1,0,1
2021-10-15T00:00:00.000Z,פינלנד,44,22,66
2021-10-15T00:00:00.000Z,פנמה,3,1,4
2021-10-15T00:00:00.000Z,פרו,6,1,7
2021-10-15T00:00:00.000Z,צכיה,430,17,447
2021-10-15T00:00:00.000Z,צרפת,679,220,899
2021-10-15T00:00:00.000Z,קולומביה,0,1,1
2021-10-15T00:00:00.000Z,קוסטה ריקה,18,18,36
2021-10-15T00:00:00.000Z,ערב הסעודית,1,0,1
2021-10-15T00:00:00.000Z,סרי לנקה (צילון),1,2,3
2021-10-15T00:00:00.000Z,סרביה,4,1,5
2021-10-15T00:00:00.000Z,ספרד,407,37,444
2021-10-15T00:00:00.000Z,סלובניה,3,0,3
2021-10-15T00:00:00.000Z,סינגפור,5,0,5
2021-10-15T00:00:00.000Z,נפאל,9,0,9
2021-10-15T00:00:00.000Z,ניגריה,6,0,6
2021-10-15T00:00:00.000Z,נורבגיה,6,1,7
2021-10-15T00:00:00.000Z,מרוקו,15,0,15
2021-10-15T00:00:00.000Z,מקסיקו,21,4,25
2021-10-15T00:00:00.000Z,מקדוניה,1,0,1
2021-10-15T00:00:00.000Z,מצרים,523,72,595
2021-10-15T00:00:00.000Z,מלטה,2,0,2
2021-10-15T00:00:00.000Z,מלדיבים,5,2,7
2021-10-15T00:00:00.000Z,מונטנגרו,66,5,71
2021-10-15T00:00:00.000Z,מולדובה,32,23,55
2021-10-15T00:00:00.000Z,מאוריציוס,3,0,3
2021-10-15T00:00:00.000Z,ליטא,3,1,4
2021-10-15T00:00:00.000Z,לטביה,1,0,1
2021-10-15T00:00:00.000Z,לוכסמבורג,1,0,1
2021-10-15T00:00:00.000Z,כלל המדינות,10986,3227,14213
2021-10-15T00:00:00.000Z,ירדן,5,2,7
2021-10-15T00:00:00.000Z,יפן,0,1,1
2021-10-15T00:00:00.000Z,יוון,497,45,542
2021-10-15T00:00:00.000Z,טנזניה,4,0,4
2021-10-15T00:00:00.000Z,טיוואן,0,2,2
2021-10-15T00:00:00.000Z,חוף השנהב,2,0,2
2021-10-15T00:00:00.000Z,זאיר,2,0,2
2021-10-15T00:00:00.000Z,ויטנאם,0,1,1
2021-10-15T00:00:00.000Z,הרפ הדומיניקנית,0,1,1
2021-10-15T00:00:00.000Z,הממלכה המאוחדת,438,154,592
2021-10-15T00:00:00.000Z,הונדורס,1,0,1
2021-10-15T00:00:00.000Z,הונגריה,363,38,401
2021-10-15T00:00:00.000Z,הולנד,259,94,353
2021-10-15T00:00:00.000Z,פורטוגל,49,4,53
2021-10-15T00:00:00.000Z,דרום אפריקה,3,1,4
2021-10-15T00:00:00.000Z,דנמרק,13,4,17
2021-10-15T00:00:00.000Z,גרמניה,714,170,884
2021-10-15T00:00:00.000Z,גווטאמלה,0,3,3
2021-10-15T00:00:00.000Z,גאורגיה,212,49,261
2021-10-15T00:00:00.000Z,ברזיל,2,7,9
2021-10-15T00:00:00.000Z,בלגיה,120,46,166
2021-10-15T00:00:00.000Z,בילורוסיה,1,0,1
2021-10-15T00:00:00.000Z,בחריין,2,1,3
2021-10-15T00:00:00.000Z,בוסניה הרצגובינה,14,7,21
2021-10-15T00:00:00.000Z,בולגריה,3,0,3
2021-10-15T00:00:00.000Z,אתיופיה,2,0,2
2021-10-15T00:00:00.000Z,ארצות הברית,1333,735,2068
2021-10-15T00:00:00.000Z,ארמניה,1,1,2
2021-10-15T00:00:00.000Z,ארגנטינה,4,8,12
2021-10-15T00:00:00.000Z,אקואדור,3,0,3
2021-10-15T00:00:00.000Z,אסטוניה,4,2,6
2021-10-15T00:00:00.000Z,איחוד האמירויות הערב,288,66,354
2021-10-15T00:00:00.000Z,אנגולה,2,0,2
2021-10-15T00:00:00.000Z,אלבניה,5,0,5
2021-10-15T00:00:00.000Z,אירלנד,7,2,9
2021-10-15T00:00:00.000Z,איסלנד,4,0,4
2021-10-15T00:00:00.000Z,איי נורפולק,0,3,3
2021-10-15T00:00:00.000Z,איטליה,524,46,570
2021-10-15T00:00:00.000Z,אזרביג'אן,62,2,64
2021-10-15T00:00:00.000Z,אורגוואי,3,1,4
2021-10-15T00:00:00.000Z,אוקראינה,319,185,504
2021-10-15T00:00:00.000Z,אוסטרליה,5,1,6
2021-10-15T00:00:00.000Z,אוסטריה,753,71,824
2021-10-15T00:00:00.000Z,אוזבקיסטן,10,7,17
2021-10-15T00:00:00.000Z,תורכמניסטאן,1,0,1
2021-10-15T00:00:00.000Z,תורכיה,538,145,683
2021-10-15T00:00:00.000Z,תאילנד,101,43,144
2021-10-15T00:00:00.000Z,שוויץ,319,122,441
2021-10-15T00:00:00.000Z,שוודיה,10,7,17
2021-10-15T00:00:00.000Z,רוסיה,181,131,312
2021-10-15T00:00:00.000Z,רומניה,276,27,303
2021-10-15T00:00:00.000Z,קרואטיה,17,1,18
2021-10-15T00:00:00.000Z,קפריסין,243,38,281
2021-10-15T00:00:00.000Z,קניה,2,0,2
2021-10-15T00:00:00.000Z,קנדה,83,54,137
2021-10-15T00:00:00.000Z,קמבודיה,0,2,2
2021-10-15T00:00:00.000Z,קטר,2,0,2
2021-10-15T00:00:00.000Z,קזחסטאן,1,1,2
2021-10-15T00:00:00.000Z,קוריאה הדרומית,4,3,7
2021-10-16T00:00:00.000Z,תימן,2,0,2
2021-10-16T00:00:00.000Z,תורכמניסטאן,1,0,1
2021-10-16T00:00:00.000Z,תורכיה,925,228,1153
2021-10-16T00:00:00.000Z,תוניסיה,0,1,1
2021-10-16T00:00:00.000Z,תאילנד,1,0,1
2021-10-16T00:00:00.000Z,שוויץ,98,17,115
2021-10-16T00:00:00.000Z,שוודיה,9,3,12
2021-10-16T00:00:00.000Z,רוסיה,14,10,24
2021-10-16T00:00:00.000Z,רומניה,295,29,324
2021-10-16T00:00:00.000Z,רואנדה,3,1,4
2021-10-16T00:00:00.000Z,קרואטיה,0,1,1
2021-10-16T00:00:00.000Z,קפריסין,469,36,505
2021-10-16T00:00:00.000Z,קניה,35,5,40
2021-10-16T00:00:00.000Z,קנדה,61,42,103
2021-10-16T00:00:00.000Z,קמרון,2,0,2
2021-10-16T00:00:00.000Z,קטר,0,1,1
2021-10-16T00:00:00.000Z,קזחסטאן,1,0,1
2021-10-16T00:00:00.000Z,קוריאה הדרומית,3,8,11
2021-10-16T00:00:00.000Z,קוסטה ריקה,1,1,2
2021-10-16T00:00:00.000Z,קולומביה,1,2,3
2021-10-16T00:00:00.000Z,קובה,0,2,2
2021-10-16T00:00:00.000Z,צרפת,259,74,333
2021-10-16T00:00:00.000Z,צכיה,326,7,333
2021-10-16T00:00:00.000Z,צ'ילה,0,1,1
2021-10-16T00:00:00.000Z,פרו,6,1,7
2021-10-16T00:00:00.000Z,פנמה,5,3,8
2021-10-16T00:00:00.000Z,פינלנד,2,1,3
2021-10-16T00:00:00.000Z,פיליפינים,0,4,4
2021-10-16T00:00:00.000Z,פורטוגל,18,5,23
2021-10-16T00:00:00.000Z,פולין,166,15,181
2021-10-16T00:00:00.000Z,סרי לנקה (צילון),2,0,2
2021-10-16T00:00:00.000Z,סרביה,2,11,13
2021-10-16T00:00:00.000Z,ספרד,19,5,24
2021-10-16T00:00:00.000Z,סלובקיה,3,0,3
2021-10-16T00:00:00.000Z,סלובניה,4,2,6
2021-10-16T00:00:00.000Z,סינגפור,11,0,11
2021-10-16T00:00:00.000Z,סין,0,1,1
2021-10-16T00:00:00.000Z,נפאל,3,0,3
2021-10-16T00:00:00.000Z,נמיביה,1,0,1
2021-10-16T00:00:00.000Z,ניגריה,8,2,10
2021-10-16T00:00:00.000Z,נורבגיה,5,1,6
2021-10-16T00:00:00.000Z,מרוקו,8,2,10
2021-10-16T00:00:00.000Z,מקסיקו,1,1,2
2021-10-16T00:00:00.000Z,מצרים,1671,153,1824
2021-10-16T00:00:00.000Z,מלטה,2,0,2
2021-10-16T00:00:00.000Z,מלדיבים,13,2,15
2021-10-16T00:00:00.000Z,מלאווי,2,1,3
2021-10-16T00:00:00.000Z,מונטנגרו,6,0,6
2021-10-16T00:00:00.000Z,מולדובה,0,1,1
2021-10-16T00:00:00.000Z,ליטא,4,0,4
2021-10-16T00:00:00.000Z,לטביה,9,5,14
2021-10-16T00:00:00.000Z,לוכסמבורג,1,2,3
2021-10-16T00:00:00.000Z,אנגולה,2,0,2
2021-10-16T00:00:00.000Z,ירדן,1,0,1
2021-10-16T00:00:00.000Z,יפן,0,1,1
2021-10-16T00:00:00.000Z,יוון,471,26,497
2021-10-16T00:00:00.000Z,טרינידד וטובגו,0,1,1
2021-10-16T00:00:00.000Z,טנזניה,12,1,13
2021-10-16T00:00:00.000Z,טיוואן,0,1,1
2021-10-16T00:00:00.000Z,טוגו,1,0,1
2021-10-16T00:00:00.000Z,זמביה,1,0,1
2021-10-16T00:00:00.000Z,זימבאבווה,5,1,6
2021-10-16T00:00:00.000Z,זאיר,1,1,2
2021-10-16T00:00:00.000Z,הרפ הדומיניקנית,2,0,2
2021-10-16T00:00:00.000Z,הממלכה המאוחדת,371,156,527
2021-10-16T00:00:00.000Z,הונדורס,1,0,1
2021-10-16T00:00:00.000Z,הונגריה,255,32,287
2021-10-16T00:00:00.000Z,הולנד,232,68,300
2021-10-16T00:00:00.000Z,הודו,5,4,9
2021-10-16T00:00:00.000Z,דרום אפריקה,16,6,22
2021-10-16T00:00:00.000Z,דנמרק,5,11,16
2021-10-16T00:00:00.000Z,גרנדה,1,0,1
2021-10-16T00:00:00.000Z,גרמניה,108,50,158
2021-10-16T00:00:00.000Z,גמביה,1,0,1
2021-10-16T00:00:00.000Z,גינאה,1,0,1
2021-10-16T00:00:00.000Z,גיברלטר,1,0,1
2021-10-16T00:00:00.000Z,גווטאמלה,1,0,1
2021-10-16T00:00:00.000Z,גבון,1,0,1
2021-10-16T00:00:00.000Z,גאנה,6,1,7
2021-10-16T00:00:00.000Z,גאורגיה,106,16,122
2021-10-16T00:00:00.000Z,ברזיל,0,2,2
2021-10-16T00:00:00.000Z,בליז,1,0,1
2021-10-16T00:00:00.000Z,בלגיה,3,2,5
2021-10-16T00:00:00.000Z,בחריין,2,0,2
2021-10-16T00:00:00.000Z,בוסניה הרצגובינה,1,2,3
2021-10-16T00:00:00.000Z,בולגריה,3,0,3
2021-10-16T00:00:00.000Z,אתיופיה,34,25,59
2021-10-16T00:00:00.000Z,ארצות הברית,475,347,822
2021-10-16T00:00:00.000Z,ארמניה,4,5,9
2021-10-16T00:00:00.000Z,ארגנטינה,2,0,2
2021-10-16T00:00:00.000Z,אירלנד,4,2,6
2021-10-16T00:00:00.000Z,אל סלבדור,1,0,1
2021-10-16T00:00:00.000Z,אלבניה,3,3,6
2021-10-16T00:00:00.000Z,אוגנדה,2,0,2
2021-10-16T00:00:00.000Z,אוזבקיסטן,5,5,10
2021-10-16T00:00:00.000Z,אוסטריה,362,24,386
2021-10-16T00:00:00.000Z,כלל המדינות,7944,1975,9919
2021-10-16T00:00:00.000Z,איחוד האמירויות הערב,221,29,250
2021-10-16T00:00:00.000Z,אוסטרליה,2,0,2
2021-10-16T00:00:00.000Z,אוקראינה,160,72,232
2021-10-16T00:00:00.000Z,אזרביג'אן,0,1,1
2021-10-16T00:00:00.000Z,איטליה,331,42,373
2021-10-16T00:00:00.000Z,איי טורקס וקייקוס,1,0,1
2021-10-16T00:00:00.000Z,איי סיישל,8,0,8
2021-10-16T00:00:00.000Z,איסלנד,2,0,2
2021-10-16T00:00:00.000Z,אקואדור,3,0,3
2021-10-16T00:00:00.000Z,אסטוניה,4,1,5
2021-10-17T00:00:00.000Z,כלל המדינות,15111,3846,18957
2021-10-17T00:00:00.000Z,בולגריה,192,21,213
2021-10-17T00:00:00.000Z,פיליפינים,1,4,5
2021-10-17T00:00:00.000Z,פנמה,5,3,8
2021-10-17T00:00:00.000Z,פרו,3,2,5
2021-10-17T00:00:00.000Z,צכיה,601,22,623
2021-10-17T00:00:00.000Z,צרפת,604,249,853
2021-10-17T00:00:00.000Z,קולומביה,1,6,7
2021-10-17T00:00:00.000Z,קוסטה ריקה,3,1,4
2021-10-17T00:00:00.000Z,קוריאה הדרומית,6,12,18
2021-10-17T00:00:00.000Z,איחוד האמירויות הערב,249,44,293
2021-10-17T00:00:00.000Z,פולין,69,6,75
2021-10-17T00:00:00.000Z,ערב הסעודית,2,0,2
2021-10-17T00:00:00.000Z,סרי לנקה (צילון),0,4,4
2021-10-17T00:00:00.000Z,תימן,0,1,1
2021-10-17T00:00:00.000Z,תורכמניסטאן,2,0,2
2021-10-17T00:00:00.000Z,תורכיה,1216,275,1491
2021-10-17T00:00:00.000Z,תאילנד,1,2,3
2021-10-17T00:00:00.000Z,שוויץ,185,93,278
2021-10-17T00:00:00.000Z,שוודיה,11,11,22
2021-10-17T00:00:00.000Z,רוסיה,151,184,335
2021-10-17T00:00:00.000Z,רומניה,290,13,303
2021-10-17T00:00:00.000Z,קרואטיה,11,1,12
2021-10-17T00:00:00.000Z,קפריסין,860,53,913
2021-10-17T00:00:00.000Z,קנדה,44,61,105
2021-10-17T00:00:00.000Z,קזחסטאן,6,2,8
2021-10-17T00:00:00.000Z,סרביה,5,0,5
2021-10-17T00:00:00.000Z,ספרד,468,59,527
2021-10-17T00:00:00.000Z,סינגפור,6,0,6
2021-10-17T00:00:00.000Z,סין,0,1,1
2021-10-17T00:00:00.000Z,נפאל,2,0,2
2021-10-17T00:00:00.000Z,ניגריה,2,2,4
2021-10-17T00:00:00.000Z,נורבגיה,2,4,6
2021-10-17T00:00:00.000Z,מרוקו,67,9,76
2021-10-17T00:00:00.000Z,מקסיקו,1,2,3
2021-10-17T00:00:00.000Z,מקדוניה,1,1,2
2021-10-17T00:00:00.000Z,מצרים,1613,166,1779
2021-10-17T00:00:00.000Z,מלזיה,0,1,1
2021-10-17T00:00:00.000Z,מלדיבים,10,1,11
2021-10-17T00:00:00.000Z,מונטנגרו,111,3,114
2021-10-17T00:00:00.000Z,מולדובה,97,39,136
2021-10-17T00:00:00.000Z,מאלי,2,0,2
2021-10-17T00:00:00.000Z,ליטא,103,6,109
2021-10-17T00:00:00.000Z,לוכסמבורג,1,2,3
2021-10-17T00:00:00.000Z,פורטוגל,77,22,99
2021-10-17T00:00:00.000Z,ירדן,389,107,496
2021-10-17T00:00:00.000Z,יפן,0,2,2
2021-10-17T00:00:00.000Z,יוון,1251,68,1319
2021-10-17T00:00:00.000Z,חוף השנהב,2,0,2
2021-10-17T00:00:00.000Z,זאיר,1,0,1
2021-10-17T00:00:00.000Z,הממלכה המאוחדת,327,151,478
2021-10-17T00:00:00.000Z,הונדורס,0,1,1
2021-10-17T00:00:00.000Z,הונגריה,626,39,665
2021-10-17T00:00:00.000Z,הולנד,311,86,397
2021-10-17T00:00:00.000Z,הודו,4,4,8
2021-10-17T00:00:00.000Z,דרום אפריקה,0,3,3
2021-10-17T00:00:00.000Z,דנמרק,49,51,100
2021-10-17T00:00:00.000Z,גרמניה,332,186,518
2021-10-17T00:00:00.000Z,גמביה,1,0,1
2021-10-17T00:00:00.000Z,גויאנה הצרפתית,3,2,5
2021-10-17T00:00:00.000Z,גווטאמלה,0,2,2
2021-10-17T00:00:00.000Z,גאנה,1,2,3
2021-10-17T00:00:00.000Z,גאורגיה,959,56,1015
2021-10-17T00:00:00.000Z,ברזיל,11,5,16
2021-10-17T00:00:00.000Z,בנין (דהומי),0,1,1
2021-10-17T00:00:00.000Z,בלגיה,47,59,106
2021-10-17T00:00:00.000Z,בילורוסיה,105,63,168
2021-10-17T00:00:00.000Z,בחריין,2,0,2
2021-10-17T00:00:00.000Z,בוסניה הרצגובינה,2,0,2
2021-10-17T00:00:00.000Z,אבחזיסטאן,6,0,6
2021-10-17T00:00:00.000Z,אוגנדה,6,1,7
2021-10-17T00:00:00.000Z,אוזבקיסטן,9,14,23
2021-10-17T00:00:00.000Z,אוסטריה,551,79,630
2021-10-17T00:00:00.000Z,אוסטרליה,1,8,9
2021-10-17T00:00:00.000Z,אוקראינה,322,135,457
2021-10-17T00:00:00.000Z,אזרביג'אן,31,14,45
2021-10-17T00:00:00.000Z,איטליה,974,111,1085
2021-10-17T00:00:00.000Z,איי טורקס וקייקוס,0,6,6
2021-10-17T00:00:00.000Z,איי סיישל,5,0,5
2021-10-17T00:00:00.000Z,איי פיגי,0,1,1
2021-10-17T00:00:00.000Z,אינדונזיה,0,1,1
2021-10-17T00:00:00.000Z,אירלנד,10,6,16
2021-10-17T00:00:00.000Z,אנגולה,1,0,1
2021-10-17T00:00:00.000Z,אסטוניה,2,0,2
2021-10-17T00:00:00.000Z,ארגנטינה,4,5,9
2021-10-17T00:00:00.000Z,ארמניה,2,0,2
2021-10-17T00:00:00.000Z,ארצות הברית,796,588,1384
2021-10-17T00:00:00.000Z,אתיופיה,0,1,1
2021-10-17T00:00:00.000Z,בוליביה,1,1,2
2021-10-18T00:00:00.000Z,גווטאמלה,0,1,1
2021-10-18T00:00:00.000Z,גויאנה הצרפתית,1,0,1
2021-10-18T00:00:00.000Z,גרמניה,508,117,625
2021-10-18T00:00:00.000Z,דנמרק,10,3,13
2021-10-18T00:00:00.000Z,דרום אפריקה,21,19,40
2021-10-18T00:00:00.000Z,הודו,94,77,171
2021-10-18T00:00:00.000Z,הולנד,267,46,313
2021-10-18T00:00:00.000Z,הונגריה,597,25,622
2021-10-18T00:00:00.000Z,הונדורס,2,0,2
2021-10-18T00:00:00.000Z,הממלכה המאוחדת,856,369,1225
2021-10-18T00:00:00.000Z,זמביה,1,0,1
2021-10-18T00:00:00.000Z,טג'יקיסטאן,2,0,2
2021-10-18T00:00:00.000Z,טיוואן,0,1,1
2021-10-18T00:00:00.000Z,טנזניה,20,0,20
2021-10-18T00:00:00.000Z,אוגנדה,2,2,4
2021-10-18T00:00:00.000Z,אבחזיסטאן,1,5,6
2021-10-18T00:00:00.000Z,אקואדור,1,3,4
2021-10-18T00:00:00.000Z,אירלנד,12,10,22
2021-10-18T00:00:00.000Z,איסלנד,5,0,5
2021-10-18T00:00:00.000Z,איי טורקס וקייקוס,1,0,1
2021-10-18T00:00:00.000Z,איי גילברט ואליס,1,0,1
2021-10-18T00:00:00.000Z,איטליה,671,109,780
2021-10-18T00:00:00.000Z,תורכמניסטאן,8,0,8
2021-10-18T00:00:00.000Z,תורכיה,1184,327,1511
2021-10-18T00:00:00.000Z,תוניסיה,2,2,4
2021-10-18T00:00:00.000Z,תאילנד,45,200,245
2021-10-18T00:00:00.000Z,שוויץ,133,63,196
2021-10-18T00:00:00.000Z,שוודיה,6,4,10
2021-10-18T00:00:00.000Z,רוסיה,251,289,540
2021-10-18T00:00:00.000Z,רומניה,318,16,334
2021-10-18T00:00:00.000Z,רואנדה,2,1,3
2021-10-18T00:00:00.000Z,קרואטיה,12,0,12
2021-10-18T00:00:00.000Z,קפריסין,424,34,458
2021-10-18T00:00:00.000Z,קניה,4,3,7
2021-10-18T00:00:00.000Z,קנדה,51,62,113
2021-10-18T00:00:00.000Z,קטר,2,1,3
2021-10-18T00:00:00.000Z,קזחסטאן,1,2,3
2021-10-18T00:00:00.000Z,קוריאה הדרומית,1,0,1
2021-10-18T00:00:00.000Z,קוסטה ריקה,2,0,2
2021-10-18T00:00:00.000Z,קולומביה,5,6,11
2021-10-18T00:00:00.000Z,קובה,1,0,1
2021-10-18T00:00:00.000Z,צרפת,827,240,1067
2021-10-18T00:00:00.000Z,צכיה,383,20,403
2021-10-18T00:00:00.000Z,אסטוניה,1,0,1
2021-10-18T00:00:00.000Z,צ'ילה,0,2,2
2021-10-18T00:00:00.000Z,פרו,1,3,4
2021-10-18T00:00:00.000Z,פנמה,1,5,6
2021-10-18T00:00:00.000Z,פינלנד,5,0,5
2021-10-18T00:00:00.000Z,פיליפינים,0,5,5
2021-10-18T00:00:00.000Z,פורטוגל,143,19,162
2021-10-18T00:00:00.000Z,פולינזיה הצרפתית,0,1,1
2021-10-18T00:00:00.000Z,פולין,248,43,291
2021-10-18T00:00:00.000Z,ערב הסעודית,1,0,1
2021-10-18T00:00:00.000Z,סרי לנקה (צילון),1,0,1
2021-10-18T00:00:00.000Z,סרביה,69,7,76
2021-10-18T00:00:00.000Z,אנגולה,1,1,2
2021-10-18T00:00:00.000Z,ספרד,303,40,343
2021-10-18T00:00:00.000Z,סנגל,1,0,1
2021-10-18T00:00:00.000Z,סינגפור,3,2,5
2021-10-18T00:00:00.000Z,איחוד האמירויות הערב,362,75,437
2021-10-18T00:00:00.000Z,סין,1,3,4
2021-10-18T00:00:00.000Z,סיירה ליאונה,0,1,1
2021-10-18T00:00:00.000Z,ניגריה,3,3,6
2021-10-18T00:00:00.000Z,נורבגיה,12,3,15
2021-10-18T00:00:00.000Z,מרוקו,77,21,98
2021-10-18T00:00:00.000Z,מקסיקו,1,34,35
2021-10-18T00:00:00.000Z,מצרים,976,228,1204
2021-10-18T00:00:00.000Z,מלטה,1,1,2
2021-10-18T00:00:00.000Z,מלדיבים,27,0,27
2021-10-18T00:00:00.000Z,מלאווי,1,0,1
2021-10-18T00:00:00.000Z,מיאנמר (בורמה),2,0,2
2021-10-18T00:00:00.000Z,מונטנגרו,106,1,107
2021-10-18T00:00:00.000Z,מונגוליה,0,1,1
2021-10-18T00:00:00.000Z,מולדובה,3,1,4
2021-10-18T00:00:00.000Z,מאוריציוס,2,0,2
2021-10-18T00:00:00.000Z,לסוטו,1,0,1
2021-10-18T00:00:00.000Z,ליטא,5,8,13
2021-10-18T00:00:00.000Z,ליבריה,0,1,1
2021-10-18T00:00:00.000Z,לוכסמבורג,3,2,5
2021-10-18T00:00:00.000Z,כלל המדינות,14117,5011,19128
2021-10-18T00:00:00.000Z,ירדן,57,45,102
2021-10-18T00:00:00.000Z,יפן,0,2,2
2021-10-18T00:00:00.000Z,יוון,627,66,693
2021-10-18T00:00:00.000Z,אזרביג'אן,113,3,116
2021-10-18T00:00:00.000Z,אורגוואי,1,4,5
2021-10-18T00:00:00.000Z,אוקראינה,291,113,404
2021-10-18T00:00:00.000Z,אוסטרליה,6,2,8
2021-10-18T00:00:00.000Z,אוסטריה,832,43,875
2021-10-18T00:00:00.000Z,אוזבקיסטן,120,101,221
2021-10-18T00:00:00.000Z,ארמניה,6,0,6
2021-10-18T00:00:00.000Z,ארצות הברית,1108,1240,2348
2021-10-18T00:00:00.000Z,אתיופיה,43,12,55
2021-10-18T00:00:00.000Z,בהמס,0,2,2
2021-10-18T00:00:00.000Z,בולגריה,70,14,84
2021-10-18T00:00:00.000Z,בוסניה הרצגובינה,6,0,6
2021-10-18T00:00:00.000Z,בחריין,47,4,51
2021-10-18T00:00:00.000Z,בילורוסיה,6,7,13
2021-10-18T00:00:00.000Z,בלגיה,94,57,151
2021-10-18T00:00:00.000Z,בנין (דהומי),2,0,2
2021-10-18T00:00:00.000Z,ברזיל,7,10,17
2021-10-18T00:00:00.000Z,גאורגיה,681,58,739
2021-10-18T00:00:00.000Z,גאנה,3,5,8
2021-10-19T00:00:00.000Z,לטביה,23,40,63
2021-10-19T00:00:00.000Z,תורכמניסטאן,4,3,7
2021-10-19T00:00:00.000Z,תוניסיה,4,0,4
2021-10-19T00:00:00.000Z,תאילנד,0,1,1
2021-10-19T00:00:00.000Z,שוויץ,138,54,192
2021-10-19T00:00:00.000Z,שוודיה,7,5,12
2021-10-19T00:00:00.000Z,רפ מרכז אפריקנית,1,0,1
2021-10-19T00:00:00.000Z,רוסיה,173,249,422
2021-10-19T00:00:00.000Z,רומניה,88,8,96
2021-10-19T00:00:00.000Z,רואנדה,0,1,1
2021-10-19T00:00:00.000Z,קרואטיה,3,2,5
2021-10-19T00:00:00.000Z,קפריסין,211,26,237
2021-10-19T00:00:00.000Z,קניה,0,2,2
2021-10-19T00:00:00.000Z,קנדה,135,145,280
2021-10-19T00:00:00.000Z,קזחסטאן,1,7,8
2021-10-19T00:00:00.000Z,קוריאה הדרומית,5,2,7
2021-10-19T00:00:00.000Z,קוסטה ריקה,3,7,10
2021-10-19T00:00:00.000Z,קולומביה,1,3,4
2021-10-19T00:00:00.000Z,קובה,0,1,1
2021-10-19T00:00:00.000Z,צרפת,707,260,967
2021-10-19T00:00:00.000Z,צכיה,309,57,366
2021-10-19T00:00:00.000Z,פרו,3,6,9
2021-10-19T00:00:00.000Z,פנמה,4,9,13
2021-10-19T00:00:00.000Z,פיליפינים,0,1,1
2021-10-19T00:00:00.000Z,פורטוגל,16,13,29
2021-10-19T00:00:00.000Z,פולין,220,52,272
2021-10-19T00:00:00.000Z,ערב הסעודית,0,1,1
2021-10-19T00:00:00.000Z,סרי לנקה (צילון),7,1,8
2021-10-19T00:00:00.000Z,סרביה,10,7,17
2021-10-19T00:00:00.000Z,ספרד,311,75,386
2021-10-19T00:00:00.000Z,סלובקיה,2,0,2
2021-10-19T00:00:00.000Z,סלובניה,2,0,2
2021-10-19T00:00:00.000Z,סינגפור,0,6,6
2021-10-19T00:00:00.000Z,ניגריה,1,0,1
2021-10-19T00:00:00.000Z,נורבגיה,1,0,1
2021-10-19T00:00:00.000Z,מרוקו,147,13,160
2021-10-19T00:00:00.000Z,מקסיקו,9,6,15
2021-10-19T00:00:00.000Z,מקדוניה,0,1,1
2021-10-19T00:00:00.000Z,מקאו,1,0,1
2021-10-19T00:00:00.000Z,מצרים,821,212,1033
2021-10-19T00:00:00.000Z,מלטה,1,0,1
2021-10-19T00:00:00.000Z,מלדיבים,6,2,8
2021-10-19T00:00:00.000Z,מונקו,1,1,2
2021-10-19T00:00:00.000Z,מונטנגרו,8,2,10
2021-10-19T00:00:00.000Z,מולדובה,76,39,115
2021-10-19T00:00:00.000Z,ליטא,6,0,6
2021-10-19T00:00:00.000Z,תורכיה,1446,326,1772
2021-10-19T00:00:00.000Z,כלל המדינות,9449,3816,13265
2021-10-19T00:00:00.000Z,ירדן,99,47,146
2021-10-19T00:00:00.000Z,יוון,518,45,563
2021-10-19T00:00:00.000Z,טנזניה,0,1,1
2021-10-19T00:00:00.000Z,טוגו,1,1,2
2021-10-19T00:00:00.000Z,זמביה,2,1,3
2021-10-19T00:00:00.000Z,זימבאבווה,0,1,1
2021-10-19T00:00:00.000Z,זאיר,1,0,1
2021-10-19T00:00:00.000Z,ונצואלה,0,2,2
2021-10-19T00:00:00.000Z,הממלכה המאוחדת,341,188,529
2021-10-19T00:00:00.000Z,הונגריה,232,13,245
2021-10-19T00:00:00.000Z,הולנד,329,31,360
2021-10-19T00:00:00.000Z,הודו,8,2,10
2021-10-19T00:00:00.000Z,דרום אפריקה,11,12,23
2021-10-19T00:00:00.000Z,דנמרק,12,2,14
2021-10-19T00:00:00.000Z,גרמניה,317,94,411
2021-10-19T00:00:00.000Z,גווטאמלה,0,2,2
2021-10-19T00:00:00.000Z,גבון,2,0,2
2021-10-19T00:00:00.000Z,גאורגיה,206,40,246
2021-10-19T00:00:00.000Z,ברזיל,6,12,18
2021-10-19T00:00:00.000Z,בלגיה,16,12,28
2021-10-19T00:00:00.000Z,בילורוסיה,1,0,1
2021-10-19T00:00:00.000Z,בחריין,4,1,5
2021-10-19T00:00:00.000Z,בוסניה הרצגובינה,3,1,4
2021-10-19T00:00:00.000Z,בולגריה,4,1,5
2021-10-19T00:00:00.000Z,אתיופיה,15,8,23
2021-10-19T00:00:00.000Z,ארצות הברית,604,766,1370
2021-10-19T00:00:00.000Z,ארגנטינה,29,32,61
2021-10-19T00:00:00.000Z,אסטוניה,1,1,2
2021-10-19T00:00:00.000Z,אנגולה,2,0,2
2021-10-19T00:00:00.000Z,אלבניה,0,2,2
2021-10-19T00:00:00.000Z,אירלנד,9,2,11
2021-10-19T00:00:00.000Z,איסלנד,1,0,1
2021-10-19T00:00:00.000Z,איי טורקס וקייקוס,2,0,2
2021-10-19T00:00:00.000Z,איטליה,229,33,262
2021-10-19T00:00:00.000Z,אזרביג'אן,1,0,1
2021-10-19T00:00:00.000Z,אורגוואי,3,7,10
2021-10-19T00:00:00.000Z,אוקראינה,249,155,404
2021-10-19T00:00:00.000Z,אוסטרליה,2,1,3
2021-10-19T00:00:00.000Z,אוסטריה,356,19,375
2021-10-19T00:00:00.000Z,אוזבקיסטן,0,6,6
2021-10-19T00:00:00.000Z,אבחזיסטאן,8,2,10
2021-10-19T00:00:00.000Z,איחוד האמירויות הערב,331,57,388
2021-10-19T00:00:00.000Z,תימן,2,0,2
2021-10-20T00:00:00.000Z,כלל המדינות,8476,3469,11945
2021-10-20T00:00:00.000Z,תוניסיה,0,2,2
2021-10-20T00:00:00.000Z,תאילנד,6,3,9
2021-10-20T00:00:00.000Z,שוויץ,86,23,109
2021-10-20T00:00:00.000Z,שוודיה,8,6,14
2021-10-20T00:00:00.000Z,רוסיה,92,213,305
2021-10-20T00:00:00.000Z,רומניה,203,15,218
2021-10-20T00:00:00.000Z,רואנדה,1,0,1
2021-10-20T00:00:00.000Z,קרואטיה,5,1,6
2021-10-20T00:00:00.000Z,קפריסין,212,32,244
2021-10-20T00:00:00.000Z,קניה,7,0,7
2021-10-20T00:00:00.000Z,קנדה,54,58,112
2021-10-20T00:00:00.000Z,קמרון,1,0,1
2021-10-20T00:00:00.000Z,קזחסטאן,1,2,3
2021-10-20T00:00:00.000Z,קוריאה הדרומית,3,3,6
2021-10-20T00:00:00.000Z,קוסטה ריקה,2,5,7
2021-10-20T00:00:00.000Z,קולומביה,2,0,2
2021-10-20T00:00:00.000Z,צרפת,514,291,805
2021-10-20T00:00:00.000Z,צכיה,278,17,295
2021-10-20T00:00:00.000Z,פרו,1,4,5
2021-10-20T00:00:00.000Z,פרגוואי,2,1,3
2021-10-20T00:00:00.000Z,פנמה,2,4,6
2021-10-20T00:00:00.000Z,פינלנד,17,13,30
2021-10-20T00:00:00.000Z,פיליפינים,3,29,32
2021-10-20T00:00:00.000Z,פורטוגל,80,12,92
2021-10-20T00:00:00.000Z,פולין,63,8,71
2021-10-20T00:00:00.000Z,סרי לנקה (צילון),1,6,7
2021-10-20T00:00:00.000Z,סרביה,5,0,5
2021-10-20T00:00:00.000Z,ספרד,231,18,249
2021-10-20T00:00:00.000Z,סלובניה,0,4,4
2021-10-20T00:00:00.000Z,סינגפור,1,3,4
2021-10-20T00:00:00.000Z,סין,0,7,7
2021-10-20T00:00:00.000Z,נפאל,1,0,1
2021-10-20T00:00:00.000Z,ניקרגואה,1,1,2
2021-10-20T00:00:00.000Z,ניגריה,1,1,2
2021-10-20T00:00:00.000Z,נורבגיה,4,5,9
2021-10-20T00:00:00.000Z,מרוקו,6,2,8
2021-10-20T00:00:00.000Z,סאו טומה ופרינציפה,1,0,1
2021-10-20T00:00:00.000Z,איחוד האמירויות הערב,410,39,449
2021-10-20T00:00:00.000Z,מקסיקו,7,18,25
2021-10-20T00:00:00.000Z,אבחזיסטאן,7,2,9
2021-10-20T00:00:00.000Z,אוגנדה,1,0,1
2021-10-20T00:00:00.000Z,אוזבקיסטן,5,4,9
2021-10-20T00:00:00.000Z,אוסטריה,348,58,406
2021-10-20T00:00:00.000Z,אוסטרליה,0,6,6
2021-10-20T00:00:00.000Z,אוקראינה,287,127,414
2021-10-20T00:00:00.000Z,אזרביג'אן,4,1,5
2021-10-20T00:00:00.000Z,איטליה,350,43,393
2021-10-20T00:00:00.000Z,איי טורקס וקייקוס,1,0,1
2021-10-20T00:00:00.000Z,איי סיישל,87,6,93
2021-10-20T00:00:00.000Z,איסלנד,2,0,2
2021-10-20T00:00:00.000Z,אירלנד,11,1,12
2021-10-20T00:00:00.000Z,אל סלבדור,1,1,2
2021-10-20T00:00:00.000Z,אלבניה,2,2,4
2021-10-20T00:00:00.000Z,אנגולה,2,0,2
2021-10-20T00:00:00.000Z,אסטוניה,3,1,4
2021-10-20T00:00:00.000Z,בלגיה,10,11,21
2021-10-20T00:00:00.000Z,בילורוסיה,4,1,5
2021-10-20T00:00:00.000Z,בוסניה הרצגובינה,6,1,7
2021-10-20T00:00:00.000Z,בולגריה,137,45,182
2021-10-20T00:00:00.000Z,בהמס,1,0,1
2021-10-20T00:00:00.000Z,אתיופיה,17,9,26
2021-10-20T00:00:00.000Z,ארצות הברית,740,826,1566
2021-10-20T00:00:00.000Z,ארמניה,4,0,4
2021-10-20T00:00:00.000Z,אקואדור,1,0,1
2021-10-20T00:00:00.000Z,תורכמניסטאן,2,0,2
2021-10-20T00:00:00.000Z,מקדוניה,1,0,1
2021-10-20T00:00:00.000Z,מצרים,392,73,465
2021-10-20T00:00:00.000Z,מלטה,2,0,2
2021-10-20T00:00:00.000Z,מלדיבים,12,4,16
2021-10-20T00:00:00.000Z,מונטנגרו,130,6,136
2021-10-20T00:00:00.000Z,לטביה,1,0,1
2021-10-20T00:00:00.000Z,לוכסמבורג,1,2,3
2021-10-20T00:00:00.000Z,תורכיה,1078,299,1377
2021-10-20T00:00:00.000Z,ירדן,55,27,82
2021-10-20T00:00:00.000Z,יפן,0,1,1
2021-10-20T00:00:00.000Z,יוון,356,58,414
2021-10-20T00:00:00.000Z,טנזניה,57,5,62
2021-10-20T00:00:00.000Z,טג'יקיסטאן,0,1,1
2021-10-20T00:00:00.000Z,זמביה,1,1,2
2021-10-20T00:00:00.000Z,זימבאבווה,2,1,3
2021-10-20T00:00:00.000Z,ויטנאם,0,1,1
2021-10-20T00:00:00.000Z,הממלכה המאוחדת,380,189,569
2021-10-20T00:00:00.000Z,הונדורס,1,0,1
2021-10-20T00:00:00.000Z,הונגריה,418,57,475
2021-10-20T00:00:00.000Z,הולנד,150,27,177
2021-10-20T00:00:00.000Z,הודו,11,9,20
2021-10-20T00:00:00.000Z,דרום סודאן,3,0,3
2021-10-20T00:00:00.000Z,דרום אפריקה,15,7,22
2021-10-20T00:00:00.000Z,דנמרק,2,0,2
2021-10-20T00:00:00.000Z,גרמניה,331,156,487
2021-10-20T00:00:00.000Z,גויאנה הצרפתית,0,1,1
2021-10-20T00:00:00.000Z,גאנה,2,1,3
2021-10-20T00:00:00.000Z,גאורגיה,165,17,182
2021-10-20T00:00:00.000Z,ברזיל,2,15,17
2021-10-21T00:00:00.000Z,גאנה,4,0,4
2021-10-21T00:00:00.000Z,ספרד,371,49,420
2021-10-21T00:00:00.000Z,תימן,0,1,1
2021-10-21T00:00:00.000Z,תורכמניסטאן,1,1,2
2021-10-21T00:00:00.000Z,תורכיה,1361,384,1745
2021-10-21T00:00:00.000Z,שוויץ,123,24,147
2021-10-21T00:00:00.000Z,שוודיה,11,48,59
2021-10-21T00:00:00.000Z,רוסיה,176,249,425
2021-10-21T00:00:00.000Z,רומניה,196,35,231
2021-10-21T00:00:00.000Z,רואנדה,1,0,1
2021-10-21T00:00:00.000Z,קרואטיה,6,2,8
2021-10-21T00:00:00.000Z,קפריסין,309,27,336
2021-10-21T00:00:00.000Z,קניה,12,18,30
2021-10-21T00:00:00.000Z,קנדה,73,58,131
2021-10-21T00:00:00.000Z,קמרון,1,0,1
2021-10-21T00:00:00.000Z,קירג'זסטאן,9,2,11
2021-10-21T00:00:00.000Z,קטר,0,1,1
2021-10-21T00:00:00.000Z,קזחסטאן,0,3,3
2021-10-21T00:00:00.000Z,קוריאה הדרומית,3,1,4
2021-10-21T00:00:00.000Z,קוסטה ריקה,1,3,4
2021-10-21T00:00:00.000Z,קולומביה,1,22,23
2021-10-21T00:00:00.000Z,צרפת,777,375,1152
2021-10-21T00:00:00.000Z,צכיה,430,28,458
2021-10-21T00:00:00.000Z,צ'ילה,4,8,12
2021-10-21T00:00:00.000Z,פרו,2,10,12
2021-10-21T00:00:00.000Z,אבחזיסטאן,7,1,8
2021-10-21T00:00:00.000Z,אוגנדה,1,2,3
2021-10-21T00:00:00.000Z,אוזבקיסטן,2,1,3
2021-10-21T00:00:00.000Z,אוסטריה,487,50,537
2021-10-21T00:00:00.000Z,אוסטרליה,0,7,7
2021-10-21T00:00:00.000Z,אוקראינה,205,108,313
2021-10-21T00:00:00.000Z,אזרביג'אן,66,21,87
2021-10-21T00:00:00.000Z,איטליה,588,89,677
2021-10-21T00:00:00.000Z,איי הבתולה,1,0,1
2021-10-21T00:00:00.000Z,איי טורקס וקייקוס,3,0,3
2021-10-21T00:00:00.000Z,איי סיישל,2,0,2
2021-10-21T00:00:00.000Z,איסלנד,6,2,8
2021-10-21T00:00:00.000Z,אירלנד,6,5,11
2021-10-21T00:00:00.000Z,אנגולה,1,0,1
2021-10-21T00:00:00.000Z,אסטוניה,1,1,2
2021-10-21T00:00:00.000Z,ארגנטינה,9,31,40
2021-10-21T00:00:00.000Z,אריתראה,1,0,1
2021-10-21T00:00:00.000Z,ארמניה,5,1,6
2021-10-21T00:00:00.000Z,ארצות הברית,1243,1058,2301
2021-10-21T00:00:00.000Z,אתיופיה,37,33,70
2021-10-21T00:00:00.000Z,בולגריה,137,14,151
2021-10-21T00:00:00.000Z,בורקינה פאסו,2,0,2
2021-10-21T00:00:00.000Z,בחריין,31,2,33
2021-10-21T00:00:00.000Z,בילורוסיה,56,60,116
2021-10-21T00:00:00.000Z,בלגיה,38,47,85
2021-10-21T00:00:00.000Z,ברזיל,9,6,15
2021-10-21T00:00:00.000Z,גאורגיה,708,53,761
2021-10-21T00:00:00.000Z,איחוד האמירויות הערב,479,60,539
2021-10-21T00:00:00.000Z,גווטאמלה,5,1,6
2021-10-21T00:00:00.000Z,גינאה המשוונית,1,1,2
2021-10-21T00:00:00.000Z,גרמניה,66,43,109
2021-10-21T00:00:00.000Z,דנמרק,78,52,130
2021-10-21T00:00:00.000Z,דרום אפריקה,23,25,48
2021-10-21T00:00:00.000Z,דרום סודאן,1,0,1
2021-10-21T00:00:00.000Z,הודו,43,7,50
2021-10-21T00:00:00.000Z,הולנד,249,49,298
2021-10-21T00:00:00.000Z,הונג קונג,1,12,13
2021-10-21T00:00:00.000Z,הונגריה,544,46,590
2021-10-21T00:00:00.000Z,הונדורס,1,0,1
2021-10-21T00:00:00.000Z,הממלכה המאוחדת,429,239,668
2021-10-21T00:00:00.000Z,הרפ הדומיניקנית,2,0,2
2021-10-21T00:00:00.000Z,ונצואלה,0,1,1
2021-10-21T00:00:00.000Z,זאיר,0,1,1
2021-10-21T00:00:00.000Z,זימבאבווה,1,0,1
2021-10-21T00:00:00.000Z,זמביה,6,0,6
2021-10-21T00:00:00.000Z,חוף השנהב,2,0,2
2021-10-21T00:00:00.000Z,טג'יקיסטאן,1,1,2
2021-10-21T00:00:00.000Z,טוגו,1,0,1
2021-10-21T00:00:00.000Z,טנזניה,14,2,16
2021-10-21T00:00:00.000Z,יוון,630,84,714
2021-10-21T00:00:00.000Z,יפן,0,3,3
2021-10-21T00:00:00.000Z,ירדן,127,44,171
2021-10-21T00:00:00.000Z,כלל המדינות,12513,4656,17169
2021-10-21T00:00:00.000Z,לטביה,2,1,3
2021-10-21T00:00:00.000Z,ליבריה,1,0,1
2021-10-21T00:00:00.000Z,ליטא,90,13,103
2021-10-21T00:00:00.000Z,מולדובה,91,38,129
2021-10-21T00:00:00.000Z,מונטנגרו,174,0,174
2021-10-21T00:00:00.000Z,מלאווי,2,0,2
2021-10-21T00:00:00.000Z,מלדיבים,11,6,17
2021-10-21T00:00:00.000Z,מלטה,1,1,2
2021-10-21T00:00:00.000Z,מצרים,541,106,647
2021-10-21T00:00:00.000Z,מקדוניה,2,0,2
2021-10-21T00:00:00.000Z,מקסיקו,5,8,13
2021-10-21T00:00:00.000Z,מרוקו,110,16,126
2021-10-21T00:00:00.000Z,ניגריה,5,3,8
2021-10-21T00:00:00.000Z,ניו זילנד,0,2,2
2021-10-21T00:00:00.000Z,ניקרגואה,1,0,1
2021-10-21T00:00:00.000Z,נפאל,1,1,2
2021-10-21T00:00:00.000Z,סין,3,144,147
2021-10-21T00:00:00.000Z,סלובניה,1,0,1
2021-10-21T00:00:00.000Z,סלובקיה,0,1,1
2021-10-21T00:00:00.000Z,פרגוואי,1,1,2
2021-10-21T00:00:00.000Z,פנמה,4,6,10
2021-10-21T00:00:00.000Z,פינלנד,3,0,3
2021-10-21T00:00:00.000Z,פיליפינים,0,4,4
2021-10-21T00:00:00.000Z,פורטוגל,246,22,268
2021-10-21T00:00:00.000Z,פולין,73,11,84
2021-10-21T00:00:00.000Z,סרביה,13,5,18
2021-10-22T00:00:00.000Z,ירדן,0,7,7
2021-10-22T00:00:00.000Z,ניגריה,2,0,2
2021-10-22T00:00:00.000Z,ניו זילנד,0,1,1
2021-10-22T00:00:00.000Z,ניקרגואה,1,0,1
2021-10-22T00:00:00.000Z,נפאל,12,1,13
2021-10-22T00:00:00.000Z,סינגפור,12,0,12
2021-10-22T00:00:00.000Z,סלובניה,2,0,2
2021-10-22T00:00:00.000Z,סלובקיה,35,2,37
2021-10-22T00:00:00.000Z,ספרד,468,29,497
2021-10-22T00:00:00.000Z,סרביה,62,8,70
2021-10-22T00:00:00.000Z,סרי לנקה (צילון),5,4,9
2021-10-22T00:00:00.000Z,רוסיה,205,100,305
2021-10-22T00:00:00.000Z,שוודיה,14,4,18
2021-10-22T00:00:00.000Z,שוויץ,341,113,454
2021-10-22T00:00:00.000Z,תאילנד,99,26,125
2021-10-22T00:00:00.000Z,תוניסיה,1,0,1
2021-10-22T00:00:00.000Z,תורכיה,1159,341,1500
2021-10-22T00:00:00.000Z,תורכמניסטאן,4,1,5
2021-10-22T00:00:00.000Z,פולין,210,7,217
2021-10-22T00:00:00.000Z,פורטוגל,43,2,45
2021-10-22T00:00:00.000Z,פיליפינים,0,1,1
2021-10-22T00:00:00.000Z,פינלנד,54,6,60
2021-10-22T00:00:00.000Z,יפן,0,2,2
2021-10-22T00:00:00.000Z,יוון,532,38,570
2021-10-22T00:00:00.000Z,טנזניה,1,0,1
2021-10-22T00:00:00.000Z,טיוואן,1,0,1
2021-10-22T00:00:00.000Z,חוף השנהב,3,0,3
2021-10-22T00:00:00.000Z,זאיר,0,1,1
2021-10-22T00:00:00.000Z,ונצואלה,0,1,1
2021-10-22T00:00:00.000Z,הממלכה המאוחדת,592,281,873
2021-10-22T00:00:00.000Z,הונגריה,314,32,346
2021-10-22T00:00:00.000Z,הולנד,264,57,321
2021-10-22T00:00:00.000Z,הודו,41,4,45
2021-10-22T00:00:00.000Z,דרום אפריקה,8,0,8
2021-10-22T00:00:00.000Z,דנמרק,19,2,21
2021-10-22T00:00:00.000Z,גרנדה,1,0,1
2021-10-22T00:00:00.000Z,גרמניה,680,158,838
2021-10-22T00:00:00.000Z,גויאנה,1,0,1
2021-10-22T00:00:00.000Z,גווטאמלה,1,1,2
2021-10-22T00:00:00.000Z,גאנה,1,0,1
2021-10-22T00:00:00.000Z,גאורגיה,358,59,417
2021-10-22T00:00:00.000Z,ברזיל,8,3,11
2021-10-22T00:00:00.000Z,פנמה,3,6,9
2021-10-22T00:00:00.000Z,פרגוואי,2,0,2
2021-10-22T00:00:00.000Z,כלל המדינות,12154,3408,15562
2021-10-22T00:00:00.000Z,פרו,0,1,1
2021-10-22T00:00:00.000Z,צ'ילה,1,0,1
2021-10-22T00:00:00.000Z,צכיה,316,17,333
2021-10-22T00:00:00.000Z,בלגיה,83,65,148
2021-10-22T00:00:00.000Z,בילורוסיה,2,0,2
2021-10-22T00:00:00.000Z,בוסניה הרצגובינה,7,6,13
2021-10-22T00:00:00.000Z,בולגריה,4,0,4
2021-10-22T00:00:00.000Z,אתיופיה,1,0,1
2021-10-22T00:00:00.000Z,ארצות הברית,1211,591,1802
2021-10-22T00:00:00.000Z,ארמניה,4,0,4
2021-10-22T00:00:00.000Z,ארגנטינה,8,2,10
2021-10-22T00:00:00.000Z,אקואדור,2,6,8
2021-10-22T00:00:00.000Z,אסטוניה,2,0,2
2021-10-22T00:00:00.000Z,קולומביה,3,6,9
2021-10-22T00:00:00.000Z,איחוד האמירויות הערב,349,77,426
2021-10-22T00:00:00.000Z,אנגולה,11,2,13
2021-10-22T00:00:00.000Z,אלבניה,2,0,2
2021-10-22T00:00:00.000Z,אירלנד,30,11,41
2021-10-22T00:00:00.000Z,איסלנד,4,0,4
2021-10-22T00:00:00.000Z,איי ווליס ופוטונה,1,0,1
2021-10-22T00:00:00.000Z,איי גילברט ואליס,2,0,2
2021-10-22T00:00:00.000Z,איטליה,579,44,623
2021-10-22T00:00:00.000Z,אזרביג'אן,97,10,107
2021-10-22T00:00:00.000Z,אורגוואי,0,2,2
2021-10-22T00:00:00.000Z,צרפת,753,207,960
2021-10-22T00:00:00.000Z,אוקראינה,368,167,535
2021-10-22T00:00:00.000Z,אוסטרליה,0,2,2
2021-10-22T00:00:00.000Z,אוסטריה,722,86,808
2021-10-22T00:00:00.000Z,אוזבקיסטן,10,5,15
2021-10-22T00:00:00.000Z,אוגנדה,3,1,4
2021-10-22T00:00:00.000Z,אבחזיסטאן,1,1,2
2021-10-22T00:00:00.000Z,קוסטה ריקה,9,8,17
2021-10-22T00:00:00.000Z,קוריאה הדרומית,20,2,22
2021-10-22T00:00:00.000Z,קזחסטאן,5,0,5
2021-10-22T00:00:00.000Z,קטר,1,0,1
2021-10-22T00:00:00.000Z,קנדה,76,73,149
2021-10-22T00:00:00.000Z,קניה,2,1,3
2021-10-22T00:00:00.000Z,קפריסין,353,70,423
2021-10-22T00:00:00.000Z,קרואטיה,5,2,7
2021-10-22T00:00:00.000Z,רואנדה,1,0,1
2021-10-22T00:00:00.000Z,רומניה,205,23,228
2021-10-22T00:00:00.000Z,לוכסמבורג,2,3,5
2021-10-22T00:00:00.000Z,לטביה,2,0,2
2021-10-22T00:00:00.000Z,ליטא,1,0,1
2021-10-22T00:00:00.000Z,מאוריציוס,2,0,2
2021-10-22T00:00:00.000Z,מולדובה,4,0,4
2021-10-22T00:00:00.000Z,מונטנגרו,72,1,73
2021-10-22T00:00:00.000Z,מלדיבים,13,0,13
2021-10-22T00:00:00.000Z,מלטה,3,2,5
2021-10-22T00:00:00.000Z,מצרים,422,90,512
2021-10-22T00:00:00.000Z,מקדוניה,3,0,3
2021-10-22T00:00:00.000Z,מקסיקו,16,9,25
2021-10-22T00:00:00.000Z,מרוקו,66,0,66
2021-10-22T00:00:00.000Z,נורבגיה,5,0,5
2021-10-23T00:00:00.000Z,הונגריה,221,22,243
2021-10-23T00:00:00.000Z,קוסטה ריקה,0,4,4
2021-10-23T00:00:00.000Z,צרפת,268,85,353
2021-10-23T00:00:00.000Z,צכיה,338,31,369
2021-10-23T00:00:00.000Z,פרו,2,0,2
2021-10-23T00:00:00.000Z,פנמה,1,0,1
2021-10-23T00:00:00.000Z,פינלנד,18,2,20
2021-10-23T00:00:00.000Z,פיליפינים,1,2,3
2021-10-23T00:00:00.000Z,קטר,0,1,1
2021-10-23T00:00:00.000Z,קזחסטאן,4,0,4
2021-10-23T00:00:00.000Z,קוריאה הדרומית,18,0,18
2021-10-23T00:00:00.000Z,פורטוגל,29,5,34
2021-10-23T00:00:00.000Z,פורטו ריקו,0,1,1
2021-10-23T00:00:00.000Z,פולין,150,13,163
2021-10-23T00:00:00.000Z,סרביה,1,0,1
2021-10-23T00:00:00.000Z,ספרד,21,4,25
2021-10-23T00:00:00.000Z,סנגל,0,1,1
2021-10-23T00:00:00.000Z,סלובקיה,0,1,1
2021-10-23T00:00:00.000Z,סינגפור,6,0,6
2021-10-23T00:00:00.000Z,סיירה ליאונה,1,0,1
2021-10-23T00:00:00.000Z,נפאל,1,2,3
2021-10-23T00:00:00.000Z,ניקרגואה,1,1,2
2021-10-23T00:00:00.000Z,ניגריה,5,5,10
2021-10-23T00:00:00.000Z,נורבגיה,11,2,13
2021-10-23T00:00:00.000Z,מרוקו,3,0,3
2021-10-23T00:00:00.000Z,מקסיקו,3,0,3
2021-10-23T00:00:00.000Z,מקדוניה,0,2,2
2021-10-23T00:00:00.000Z,מצרים,1507,144,1651
2021-10-23T00:00:00.000Z,מלטה,2,0,2
2021-10-23T00:00:00.000Z,מלדיבים,7,0,7
2021-10-23T00:00:00.000Z,מונקו,1,0,1
2021-10-23T00:00:00.000Z,מולדובה,1,1,2
2021-10-23T00:00:00.000Z,מאוריציוס,1,1,2
2021-10-23T00:00:00.000Z,ליטא,2,0,2
2021-10-23T00:00:00.000Z,לטביה,30,15,45
2021-10-23T00:00:00.000Z,כלל המדינות,7963,2405,10368
2021-10-23T00:00:00.000Z,ירדן,2,3,5
2021-10-23T00:00:00.000Z,יפן,0,1,1
2021-10-23T00:00:00.000Z,יוון,538,24,562
2021-10-23T00:00:00.000Z,טנזניה,7,1,8
2021-10-23T00:00:00.000Z,חוף השנהב,1,0,1
2021-10-23T00:00:00.000Z,זמביה,8,0,8
2021-10-23T00:00:00.000Z,זימבאבווה,2,0,2
2021-10-23T00:00:00.000Z,זאיר,0,10,10
2021-10-23T00:00:00.000Z,ויטנאם,0,270,270
2021-10-23T00:00:00.000Z,הרפ הדומיניקנית,3,0,3
2021-10-23T00:00:00.000Z,הממלכה המאוחדת,121,88,209
2021-10-23T00:00:00.000Z,קולומביה,3,2,5
2021-10-23T00:00:00.000Z,הולנד,279,28,307
2021-10-23T00:00:00.000Z,דרום אפריקה,14,10,24
2021-10-23T00:00:00.000Z,דנמרק,1,4,5
2021-10-23T00:00:00.000Z,גרמניה,170,65,235
2021-10-23T00:00:00.000Z,גויאנה הצרפתית,1,0,1
2021-10-23T00:00:00.000Z,גבון,1,0,1
2021-10-23T00:00:00.000Z,גאנה,4,2,6
2021-10-23T00:00:00.000Z,גאורגיה,125,18,143
2021-10-23T00:00:00.000Z,ברזיל,1,0,1
2021-10-23T00:00:00.000Z,בנין (דהומי),1,0,1
2021-10-23T00:00:00.000Z,בלגיה,2,1,3
2021-10-23T00:00:00.000Z,בילורוסיה,1,1,2
2021-10-23T00:00:00.000Z,אתיופיה,35,19,54
2021-10-23T00:00:00.000Z,ארצות הברית,514,437,951
2021-10-23T00:00:00.000Z,ארמניה,5,1,6
2021-10-23T00:00:00.000Z,אקואדור,2,4,6
2021-10-23T00:00:00.000Z,אסטוניה,4,0,4
2021-10-23T00:00:00.000Z,אלבניה,3,0,3
2021-10-23T00:00:00.000Z,אירלנד,5,2,7
2021-10-23T00:00:00.000Z,איסלנד,11,0,11
2021-10-23T00:00:00.000Z,איי סיישל,2,0,2
2021-10-23T00:00:00.000Z,איי טורקס וקייקוס,1,0,1
2021-10-23T00:00:00.000Z,איי גילברט ואליס,1,0,1
2021-10-23T00:00:00.000Z,איטליה,320,27,347
2021-10-23T00:00:00.000Z,אזרביג'אן,3,0,3
2021-10-23T00:00:00.000Z,אוקראינה,210,61,271
2021-10-23T00:00:00.000Z,אוסטרליה,2,5,7
2021-10-23T00:00:00.000Z,אוסטריה,344,40,384
2021-10-23T00:00:00.000Z,אוזבקיסטן,3,9,12
2021-10-23T00:00:00.000Z,אוגנדה,1,38,39
2021-10-23T00:00:00.000Z,אבחזיסטאן,4,2,6
2021-10-23T00:00:00.000Z,קמרון,1,0,1
2021-10-23T00:00:00.000Z,קנדה,54,47,101
2021-10-23T00:00:00.000Z,קניה,8,2,10
2021-10-23T00:00:00.000Z,קפריסין,416,24,440
2021-10-23T00:00:00.000Z,קרואטיה,1,0,1
2021-10-23T00:00:00.000Z,רואנדה,5,16,21
2021-10-23T00:00:00.000Z,רומניה,218,29,247
2021-10-23T00:00:00.000Z,רוסיה,18,15,33
2021-10-23T00:00:00.000Z,שוודיה,3,6,9
2021-10-23T00:00:00.000Z,שוויץ,82,8,90
2021-10-23T00:00:00.000Z,תאילנד,4,3,7
2021-10-23T00:00:00.000Z,תורכיה,1256,292,1548
2021-10-23T00:00:00.000Z,תורכמניסטאן,1,1,2
2021-10-23T00:00:00.000Z,איחוד האמירויות הערב,189,30,219
2021-10-23T00:00:00.000Z,הודו,12,2,14
2021-10-24T00:00:00.000Z,שוודיה,15,15,30
2021-10-24T00:00:00.000Z,שוויץ,207,72,279
2021-10-24T00:00:00.000Z,תוניסיה,3,1,4
2021-10-24T00:00:00.000Z,תורכיה,1565,457,2022
2021-10-24T00:00:00.000Z,תורכמניסטאן,2,2,4
2021-10-24T00:00:00.000Z,ספרד,332,50,382
2021-10-24T00:00:00.000Z,סנגל,1,0,1
2021-10-24T00:00:00.000Z,סלובניה,0,1,1
2021-10-24T00:00:00.000Z,סינגפור,0,5,5
2021-10-24T00:00:00.000Z,סין,1,0,1
2021-10-24T00:00:00.000Z,סיירה ליאונה,0,1,1
2021-10-24T00:00:00.000Z,נפאל,1,0,1
2021-10-24T00:00:00.000Z,נורבגיה,3,3,6
2021-10-24T00:00:00.000Z,מרוקו,73,17,90
2021-10-24T00:00:00.000Z,מקסיקו,5,5,10
2021-10-24T00:00:00.000Z,מקדוניה,2,1,3
2021-10-24T00:00:00.000Z,מקאו,1,0,1
2021-10-24T00:00:00.000Z,מצרים,1433,173,1606
2021-10-24T00:00:00.000Z,מלטה,4,0,4
2021-10-24T00:00:00.000Z,מלדיבים,22,1,23
2021-10-24T00:00:00.000Z,מונטנגרו,140,7,147
2021-10-24T00:00:00.000Z,מולדובה,94,48,142
2021-10-24T00:00:00.000Z,ליטא,110,17,127
2021-10-24T00:00:00.000Z,לוכסמבורג,1,1,2
2021-10-24T00:00:00.000Z,לאוס,2,0,2
2021-10-24T00:00:00.000Z,כלל המדינות,16332,4011,20343
2021-10-24T00:00:00.000Z,ירדן,537,75,612
2021-10-24T00:00:00.000Z,יפן,1,1,2
2021-10-24T00:00:00.000Z,יוון,1242,81,1323
2021-10-24T00:00:00.000Z,חוף השנהב,1,0,1
2021-10-24T00:00:00.000Z,הרפ הדומיניקנית,2,0,2
2021-10-24T00:00:00.000Z,הממלכה המאוחדת,511,211,722
2021-10-24T00:00:00.000Z,הונדורס,1,0,1
2021-10-24T00:00:00.000Z,הונגריה,851,46,897
2021-10-24T00:00:00.000Z,הולנד,362,57,419
2021-10-24T00:00:00.000Z,הודו,24,8,32
2021-10-24T00:00:00.000Z,דרום אפריקה,2,7,9
2021-10-24T00:00:00.000Z,דנמרק,53,21,74
2021-10-24T00:00:00.000Z,גרנדה,0,5,5
2021-10-24T00:00:00.000Z,גרמניה,439,194,633
2021-10-24T00:00:00.000Z,גאנה,2,0,2
2021-10-24T00:00:00.000Z,גאורגיה,874,50,924
2021-10-24T00:00:00.000Z,ברזיל,3,3,6
2021-10-24T00:00:00.000Z,בלגיה,39,36,75
2021-10-24T00:00:00.000Z,בילורוסיה,104,60,164
2021-10-24T00:00:00.000Z,בחריין,1,0,1
2021-10-24T00:00:00.000Z,בוסניה הרצגובינה,2,0,2
2021-10-24T00:00:00.000Z,בוליביה,0,1,1
2021-10-24T00:00:00.000Z,בולגריה,400,33,433
2021-10-24T00:00:00.000Z,בהמס,3,0,3
2021-10-24T00:00:00.000Z,ארצות הברית,800,491,1291
2021-10-24T00:00:00.000Z,ארמניה,1,0,1
2021-10-24T00:00:00.000Z,ארגנטינה,15,5,20
2021-10-24T00:00:00.000Z,אקואדור,1,1,2
2021-10-24T00:00:00.000Z,אסטוניה,0,2,2
2021-10-24T00:00:00.000Z,אנגולה,0,1,1
2021-10-24T00:00:00.000Z,אלבניה,2,4,6
2021-10-24T00:00:00.000Z,אירלנד,19,2,21
2021-10-24T00:00:00.000Z,איסלנד,1,0,1
2021-10-24T00:00:00.000Z,איי סיישל,1,1,2
2021-10-24T00:00:00.000Z,איי טורקס וקייקוס,1,0,1
2021-10-24T00:00:00.000Z,איטליה,1126,117,1243
2021-10-24T00:00:00.000Z,אזרביג'אן,119,18,137
2021-10-24T00:00:00.000Z,אורגוואי,5,2,7
2021-10-24T00:00:00.000Z,אוקראינה,297,108,405
2021-10-24T00:00:00.000Z,אוסטרליה,1,13,14
2021-10-24T00:00:00.000Z,אוסטריה,470,64,534
2021-10-24T00:00:00.000Z,אוזבקיסטן,5,11,16
2021-10-24T00:00:00.000Z,אוגנדה,1,0,1
2021-10-24T00:00:00.000Z,אבחזיסטאן,7,3,10
2021-10-24T00:00:00.000Z,איחוד האמירויות הערב,517,73,590
2021-10-24T00:00:00.000Z,רומניה,253,20,273
2021-10-24T00:00:00.000Z,קרואטיה,16,2,18
2021-10-24T00:00:00.000Z,קפריסין,989,53,1042
2021-10-24T00:00:00.000Z,קנדה,55,54,109
2021-10-24T00:00:00.000Z,קטר,1,1,2
2021-10-24T00:00:00.000Z,קזחסטאן,1,10,11
2021-10-24T00:00:00.000Z,קוריאה הדרומית,19,7,26
2021-10-24T00:00:00.000Z,קוסטה ריקה,2,1,3
2021-10-24T00:00:00.000Z,קולומביה,1,1,2
2021-10-24T00:00:00.000Z,צרפת,469,341,810
2021-10-24T00:00:00.000Z,צכיה,442,19,461
2021-10-24T00:00:00.000Z,צ'ילה,1,0,1
2021-10-24T00:00:00.000Z,פרו,1,1,2
2021-10-24T00:00:00.000Z,פנמה,2,1,3
2021-10-24T00:00:00.000Z,פינלנד,5,1,6
2021-10-24T00:00:00.000Z,פיליפינים,2,7,9
2021-10-24T00:00:00.000Z,פורטוגל,110,10,120
2021-10-24T00:00:00.000Z,פולין,96,3,99
2021-10-24T00:00:00.000Z,סרי לנקה (צילון),1,2,3
2021-10-24T00:00:00.000Z,סרביה,3,0,3
2021-10-24T00:00:00.000Z,רוסיה,225,177,402
2021-10-25T00:00:00.000Z,יפן,0,2,2
2021-10-25T00:00:00.000Z,צ'ילה,5,0,5
2021-10-25T00:00:00.000Z,צרפת,851,309,1160
2021-10-25T00:00:00.000Z,קולומביה,3,5,8
2021-10-25T00:00:00.000Z,קוסטה ריקה,1,5,6
2021-10-25T00:00:00.000Z,קוריאה הדרומית,3,2,5
2021-10-25T00:00:00.000Z,קזחסטאן,5,4,9
2021-10-25T00:00:00.000Z,קטר,0,2,2
2021-10-25T00:00:00.000Z,קירג'זסטאן,1,0,1
2021-10-25T00:00:00.000Z,קמרון,1,1,2
2021-10-25T00:00:00.000Z,קנדה,13,14,27
2021-10-25T00:00:00.000Z,קניה,3,2,5
2021-10-25T00:00:00.000Z,קפריסין,408,25,433
2021-10-25T00:00:00.000Z,קרואטיה,3,3,6
2021-10-25T00:00:00.000Z,רואנדה,1,0,1
2021-10-25T00:00:00.000Z,רומניה,281,26,307
2021-10-25T00:00:00.000Z,רוסיה,207,241,448
2021-10-25T00:00:00.000Z,שוודיה,9,8,17
2021-10-25T00:00:00.000Z,שוויץ,164,66,230
2021-10-25T00:00:00.000Z,תאילנד,62,208,270
2021-10-25T00:00:00.000Z,תוניסיה,4,1,5
2021-10-25T00:00:00.000Z,תורכיה,1446,329,1775
2021-10-25T00:00:00.000Z,תורכמניסטאן,1,0,1
2021-10-25T00:00:00.000Z,איחוד האמירויות הערב,328,49,377
2021-10-25T00:00:00.000Z,פרו,2,2,4
2021-10-25T00:00:00.000Z,פנמה,1,2,3
2021-10-25T00:00:00.000Z,פינלנד,13,3,16
2021-10-25T00:00:00.000Z,פיליפינים,0,9,9
2021-10-25T00:00:00.000Z,פורטוגל,179,11,190
2021-10-25T00:00:00.000Z,פולין,241,22,263
2021-10-25T00:00:00.000Z,סרי לנקה (צילון),1,0,1
2021-10-25T00:00:00.000Z,סרביה,3,0,3
2021-10-25T00:00:00.000Z,ספרד,573,58,631
2021-10-25T00:00:00.000Z,סינגפור,0,4,4
2021-10-25T00:00:00.000Z,סין,0,2,2
2021-10-25T00:00:00.000Z,ניקרגואה,0,1,1
2021-10-25T00:00:00.000Z,נורבגיה,12,4,16
2021-10-25T00:00:00.000Z,מרוקו,43,4,47
2021-10-25T00:00:00.000Z,מקסיקו,10,5,15
2021-10-25T00:00:00.000Z,מצרים,659,88,747
2021-10-25T00:00:00.000Z,מלטה,1,1,2
2021-10-25T00:00:00.000Z,מלדיבים,27,5,32
2021-10-25T00:00:00.000Z,מונטנגרו,99,10,109
2021-10-25T00:00:00.000Z,מאוריציוס,2,0,2
2021-10-25T00:00:00.000Z,ליטא,4,22,26
2021-10-25T00:00:00.000Z,לטביה,1,0,1
2021-10-25T00:00:00.000Z,כלל המדינות,14324,4324,18648
2021-10-25T00:00:00.000Z,ירדן,63,16,79
2021-10-25T00:00:00.000Z,צכיה,463,21,484
2021-10-25T00:00:00.000Z,יוון,652,29,681
2021-10-25T00:00:00.000Z,טנזניה,5,0,5
2021-10-25T00:00:00.000Z,טיוואן,0,1,1
2021-10-25T00:00:00.000Z,זמביה,2,1,3
2021-10-25T00:00:00.000Z,זאיר,1,6,7
2021-10-25T00:00:00.000Z,ונצואלה,0,2,2
2021-10-25T00:00:00.000Z,ויטנאם,0,6,6
2021-10-25T00:00:00.000Z,הרפ הדומיניקנית,0,1,1
2021-10-25T00:00:00.000Z,הממלכה המאוחדת,833,221,1054
2021-10-25T00:00:00.000Z,הונגריה,339,15,354
2021-10-25T00:00:00.000Z,הונג קונג,6,1,7
2021-10-25T00:00:00.000Z,הולנד,314,28,342
2021-10-25T00:00:00.000Z,הודו,65,97,162
2021-10-25T00:00:00.000Z,דרום סודאן,1,0,1
2021-10-25T00:00:00.000Z,דרום אפריקה,21,25,46
2021-10-25T00:00:00.000Z,דנמרק,19,12,31
2021-10-25T00:00:00.000Z,גרמניה,508,111,619
2021-10-25T00:00:00.000Z,גווטאמלה,0,1,1
2021-10-25T00:00:00.000Z,גאנה,1,0,1
2021-10-25T00:00:00.000Z,גאורגיה,719,34,753
2021-10-25T00:00:00.000Z,ברזיל,17,25,42
2021-10-25T00:00:00.000Z,בחריין,58,4,62
2021-10-25T00:00:00.000Z,בוסניה הרצגובינה,23,0,23
2021-10-25T00:00:00.000Z,בולגריה,92,14,106
2021-10-25T00:00:00.000Z,בוטן,6,3,9
2021-10-25T00:00:00.000Z,אתיופיה,42,17,59
2021-10-25T00:00:00.000Z,ארצות הברית,1078,909,1987
2021-10-25T00:00:00.000Z,ארמניה,1,3,4
2021-10-25T00:00:00.000Z,ארגנטינה,0,5,5
2021-10-25T00:00:00.000Z,אקואדור,2,0,2
2021-10-25T00:00:00.000Z,אסטוניה,1,2,3
2021-10-25T00:00:00.000Z,אנגולה,6,0,6
2021-10-25T00:00:00.000Z,אלבניה,0,3,3
2021-10-25T00:00:00.000Z,אירלנד,6,1,7
2021-10-25T00:00:00.000Z,איסלנד,6,0,6
2021-10-25T00:00:00.000Z,איי קוק,0,1,1
2021-10-25T00:00:00.000Z,איי גילברט ואליס,0,1,1
2021-10-25T00:00:00.000Z,איטליה,793,79,872
2021-10-25T00:00:00.000Z,אזרביג'אן,107,7,114
2021-10-25T00:00:00.000Z,אורגוואי,1,0,1
2021-10-25T00:00:00.000Z,אוקראינה,493,203,696
2021-10-25T00:00:00.000Z,אוסטרליה,3,2,5
2021-10-25T00:00:00.000Z,אוסטריה,832,72,904
2021-10-25T00:00:00.000Z,אוזבקיסטן,115,108,223
2021-10-25T00:00:00.000Z,אוגנדה,2,0,2
2021-10-25T00:00:00.000Z,אבחזיסטאן,2,1,3
2021-10-25T00:00:00.000Z,בלגיה,89,32,121
2021-10-26T00:00:00.000Z,אירלנד,10,3,13
2021-10-26T00:00:00.000Z,אינדונזיה,0,1,1
2021-10-26T00:00:00.000Z,איי סיישל,0,3,3
2021-10-26T00:00:00.000Z,איטליה,342,26,368
2021-10-26T00:00:00.000Z,אזרביג'אן,5,0,5
2021-10-26T00:00:00.000Z,אורגוואי,3,1,4
2021-10-26T00:00:00.000Z,אוקראינה,180,108,288
2021-10-26T00:00:00.000Z,אוסטרליה,0,2,2
2021-10-26T00:00:00.000Z,אוסטריה,331,49,380
2021-10-26T00:00:00.000Z,אוזבקיסטן,5,18,23
2021-10-26T00:00:00.000Z,אוגנדה,4,38,42
2021-10-26T00:00:00.000Z,אבחזיסטאן,1,1,2
2021-10-26T00:00:00.000Z,פרו,1,4,5
2021-10-26T00:00:00.000Z,צ'ילה,2,0,2
2021-10-26T00:00:00.000Z,צכיה,384,18,402
2021-10-26T00:00:00.000Z,צרפת,782,347,1129
2021-10-26T00:00:00.000Z,קולומביה,2,0,2
2021-10-26T00:00:00.000Z,קוסטה ריקה,0,1,1
2021-10-26T00:00:00.000Z,קוריאה הדרומית,1,0,1
2021-10-26T00:00:00.000Z,קזחסטאן,1,5,6
2021-10-26T00:00:00.000Z,קמרון,0,1,1
2021-10-26T00:00:00.000Z,קנדה,146,159,305
2021-10-26T00:00:00.000Z,קניה,4,1,5
2021-10-26T00:00:00.000Z,קפריסין,151,21,172
2021-10-26T00:00:00.000Z,קרואטיה,1,3,4
2021-10-26T00:00:00.000Z,רואנדה,1,1,2
2021-10-26T00:00:00.000Z,רומניה,27,1,28
2021-10-26T00:00:00.000Z,רוסיה,189,279,468
2021-10-26T00:00:00.000Z,שוודיה,1,3,4
2021-10-26T00:00:00.000Z,שוויץ,122,36,158
2021-10-26T00:00:00.000Z,תאילנד,1,0,1
2021-10-26T00:00:00.000Z,תורכיה,1136,520,1656
2021-10-26T00:00:00.000Z,תורכמניסטאן,1,1,2
2021-10-26T00:00:00.000Z,דרום אפריקה,22,6,28
2021-10-26T00:00:00.000Z,הודו,14,2,16
2021-10-26T00:00:00.000Z,הולנד,321,23,344
2021-10-26T00:00:00.000Z,הונגריה,269,20,289
2021-10-26T00:00:00.000Z,הממלכה המאוחדת,492,192,684
2021-10-26T00:00:00.000Z,הרפ הדומיניקנית,1,0,1
2021-10-26T00:00:00.000Z,ונצואלה,0,7,7
2021-10-26T00:00:00.000Z,זאיר,0,5,5
2021-10-26T00:00:00.000Z,זמביה,16,0,16
2021-10-26T00:00:00.000Z,חוף השנהב,7,0,7
2021-10-26T00:00:00.000Z,יוון,414,63,477
2021-10-26T00:00:00.000Z,יפן,3,0,3
2021-10-26T00:00:00.000Z,ירדן,33,21,54
2021-10-26T00:00:00.000Z,כלל המדינות,8786,3588,12374
2021-10-26T00:00:00.000Z,איחוד האמירויות הערב,294,36,330
2021-10-26T00:00:00.000Z,לטביה,24,23,47
2021-10-26T00:00:00.000Z,ליטא,3,0,3
2021-10-26T00:00:00.000Z,מולדובה,39,14,53
2021-10-26T00:00:00.000Z,מונטנגרו,1,0,1
2021-10-26T00:00:00.000Z,מלדיבים,15,4,19
2021-10-26T00:00:00.000Z,מצרים,367,69,436
2021-10-26T00:00:00.000Z,מקדוניה,3,0,3
2021-10-26T00:00:00.000Z,מקסיקו,10,12,22
2021-10-26T00:00:00.000Z,מרוקו,178,11,189
2021-10-26T00:00:00.000Z,נאורו,1,0,1
2021-10-26T00:00:00.000Z,נורבגיה,3,2,5
2021-10-26T00:00:00.000Z,ניגריה,2,1,3
2021-10-26T00:00:00.000Z,ניו זילנד,0,1,1
2021-10-26T00:00:00.000Z,דנמרק,5,4,9
2021-10-26T00:00:00.000Z,גרמניה,332,89,421
2021-10-26T00:00:00.000Z,גיברלטר,0,1,1
2021-10-26T00:00:00.000Z,גאנה,1,11,12
2021-10-26T00:00:00.000Z,גאורגיה,176,32,208
2021-10-26T00:00:00.000Z,ברזיל,4,1,5
2021-10-26T00:00:00.000Z,בלגיה,8,13,21
2021-10-26T00:00:00.000Z,בוסניה הרצגובינה,2,1,3
2021-10-26T00:00:00.000Z,בולגריה,8,0,8
2021-10-26T00:00:00.000Z,בהמס,2,0,2
2021-10-26T00:00:00.000Z,אתיופיה,19,6,25
2021-10-26T00:00:00.000Z,ארצות הברית,636,471,1107
2021-10-26T00:00:00.000Z,ארמניה,0,1,1
2021-10-26T00:00:00.000Z,ארגנטינה,21,33,54
2021-10-26T00:00:00.000Z,אסטוניה,3,4,7
2021-10-26T00:00:00.000Z,אנגולה,2,1,3
2021-10-26T00:00:00.000Z,אלגיריה,2,0,2
2021-10-26T00:00:00.000Z,סינגפור,0,2,2
2021-10-26T00:00:00.000Z,סלובניה,4,0,4
2021-10-26T00:00:00.000Z,ספרד,332,50,382
2021-10-26T00:00:00.000Z,סרביה,147,8,155
2021-10-26T00:00:00.000Z,פולין,183,29,212
2021-10-26T00:00:00.000Z,פולינזיה הצרפתית,1,0,1
2021-10-26T00:00:00.000Z,פורטוגל,19,1,20
2021-10-26T00:00:00.000Z,פינלנד,0,1,1
2021-10-26T00:00:00.000Z,פנמה,5,3,8
2021-10-27T00:00:00.000Z,רוסיה,127,210,337
2021-10-27T00:00:00.000Z,איחוד האמירויות הערב,140,35,175
2021-10-27T00:00:00.000Z,אוגנדה,3,2,5
2021-10-27T00:00:00.000Z,אוזבקיסטן,1,17,18
2021-10-27T00:00:00.000Z,אוסטריה,266,45,311
2021-10-27T00:00:00.000Z,אוסטרליה,2,10,12
2021-10-27T00:00:00.000Z,אוקראינה,334,163,497
2021-10-27T00:00:00.000Z,אורגוואי,0,1,1
2021-10-27T00:00:00.000Z,אזרביג'אן,10,0,10
2021-10-27T00:00:00.000Z,איטליה,457,51,508
2021-10-27T00:00:00.000Z,איי גילברט ואליס,0,1,1
2021-10-27T00:00:00.000Z,איי טורקס וקייקוס,7,3,10
2021-10-27T00:00:00.000Z,איי סיישל,87,9,96
2021-10-27T00:00:00.000Z,אינדונזיה,1,0,1
2021-10-27T00:00:00.000Z,איסלנד,3,0,3
2021-10-27T00:00:00.000Z,אירלנד,6,3,9
2021-10-27T00:00:00.000Z,אלבניה,2,0,2
2021-10-27T00:00:00.000Z,אנגולה,0,1,1
2021-10-27T00:00:00.000Z,אסטוניה,1,0,1
2021-10-27T00:00:00.000Z,אקואדור,4,1,5
2021-10-27T00:00:00.000Z,ארגנטינה,0,1,1
2021-10-27T00:00:00.000Z,ארמניה,11,0,11
2021-10-27T00:00:00.000Z,ארצות הברית,993,796,1789
2021-10-27T00:00:00.000Z,אתיופיה,11,6,17
2021-10-27T00:00:00.000Z,בוטסואנה,1,0,1
2021-10-27T00:00:00.000Z,בולגריה,201,33,234
2021-10-27T00:00:00.000Z,בוסניה הרצגובינה,2,0,2
2021-10-27T00:00:00.000Z,בילורוסיה,4,1,5
2021-10-27T00:00:00.000Z,בלגיה,17,8,25
2021-10-27T00:00:00.000Z,ברזיל,6,6,12
2021-10-27T00:00:00.000Z,גאורגיה,115,23,138
2021-10-27T00:00:00.000Z,גאנה,1,0,1
2021-10-27T00:00:00.000Z,גיברלטר,4,1,5
2021-10-27T00:00:00.000Z,גרמניה,407,197,604
2021-10-27T00:00:00.000Z,גרנדה,0,5,5
2021-10-27T00:00:00.000Z,דנמרק,8,2,10
2021-10-27T00:00:00.000Z,דרום אפריקה,25,13,38
2021-10-27T00:00:00.000Z,הודו,13,17,30
2021-10-27T00:00:00.000Z,הולנד,150,42,192
2021-10-27T00:00:00.000Z,הונגריה,455,35,490
2021-10-27T00:00:00.000Z,תורכמניסטאן,4,4,8
2021-10-27T00:00:00.000Z,תורכיה,1180,480,1660
2021-10-27T00:00:00.000Z,תוניסיה,2,9,11
2021-10-27T00:00:00.000Z,תאילנד,6,0,6
2021-10-27T00:00:00.000Z,שוויץ,70,24,94
2021-10-27T00:00:00.000Z,שוודיה,2,4,6
2021-10-27T00:00:00.000Z,אבחזיסטאן,0,1,1
2021-10-27T00:00:00.000Z,רומניה,238,35,273
2021-10-27T00:00:00.000Z,רואנדה,1,0,1
2021-10-27T00:00:00.000Z,קרואטיה,3,0,3
2021-10-27T00:00:00.000Z,קפריסין,200,37,237
2021-10-27T00:00:00.000Z,קניה,8,0,8
2021-10-27T00:00:00.000Z,קנדה,52,79,131
2021-10-27T00:00:00.000Z,קירג'זסטאן,2,2,4
2021-10-27T00:00:00.000Z,קטר,2,0,2
2021-10-27T00:00:00.000Z,קזחסטאן,0,3,3
2021-10-27T00:00:00.000Z,קוריאה הדרומית,4,6,10
2021-10-27T00:00:00.000Z,קוסטה ריקה,2,0,2
2021-10-27T00:00:00.000Z,קוסובו,1,0,1
2021-10-27T00:00:00.000Z,קולומביה,2,2,4
2021-10-27T00:00:00.000Z,צרפת,520,471,991
2021-10-27T00:00:00.000Z,צכיה,186,14,200
2021-10-27T00:00:00.000Z,פרו,0,2,2
2021-10-27T00:00:00.000Z,פנמה,8,12,20
2021-10-27T00:00:00.000Z,פינלנד,25,9,34
2021-10-27T00:00:00.000Z,פיליפינים,2,16,18
2021-10-27T00:00:00.000Z,פורטוגל,100,18,118
2021-10-27T00:00:00.000Z,פולין,84,10,94
2021-10-27T00:00:00.000Z,סרי לנקה (צילון),4,1,5
2021-10-27T00:00:00.000Z,סרביה,8,1,9
2021-10-27T00:00:00.000Z,ספרד,29,13,42
2021-10-27T00:00:00.000Z,סין,0,7,7
2021-10-27T00:00:00.000Z,נפאל,1,2,3
2021-10-27T00:00:00.000Z,ניגריה,2,3,5
2021-10-27T00:00:00.000Z,נורבגיה,3,4,7
2021-10-27T00:00:00.000Z,מרוקו,62,3,65
2021-10-27T00:00:00.000Z,מקסיקו,8,5,13
2021-10-27T00:00:00.000Z,מצרים,265,49,314
2021-10-27T00:00:00.000Z,מלטה,35,1,36
2021-10-27T00:00:00.000Z,מלדיבים,38,10,48
2021-10-27T00:00:00.000Z,מונטנגרו,101,2,103
2021-10-27T00:00:00.000Z,מאוריציוס,2,0,2
2021-10-27T00:00:00.000Z,לוכסמבורג,3,2,5
2021-10-27T00:00:00.000Z,כלל המדינות,8597,3955,12552
2021-10-27T00:00:00.000Z,ירדן,55,26,81
2021-10-27T00:00:00.000Z,יפן,0,4,4
2021-10-27T00:00:00.000Z,יוון,322,33,355
2021-10-27T00:00:00.000Z,טנזניה,80,8,88
2021-10-27T00:00:00.000Z,זמביה,1,0,1
2021-10-27T00:00:00.000Z,זאיר,2,0,2
2021-10-27T00:00:00.000Z,ונצואלה,2,6,8
2021-10-27T00:00:00.000Z,הממלכה המאוחדת,424,208,632
2021-10-28T00:00:00.000Z,חוף השנהב,3,0,3
2021-10-28T00:00:00.000Z,זמביה,3,10,13
2021-10-28T00:00:00.000Z,זאיר,2,0,2
2021-10-28T00:00:00.000Z,הרפ הדומיניקנית,2,0,2
2021-10-28T00:00:00.000Z,הממלכה המאוחדת,425,215,640
2021-10-28T00:00:00.000Z,הונגריה,572,46,618
2021-10-28T00:00:00.000Z,הונג קונג,4,16,20
2021-10-28T00:00:00.000Z,הולנד,200,51,251
2021-10-28T00:00:00.000Z,הודו,20,5,25
2021-10-28T00:00:00.000Z,דרום אפריקה,28,12,40
2021-10-28T00:00:00.000Z,דנמרק,62,21,83
2021-10-28T00:00:00.000Z,גרמניה,203,63,266
2021-10-28T00:00:00.000Z,גינאה המשוונית,1,0,1
2021-10-28T00:00:00.000Z,גווטאמלה,3,1,4
2021-10-28T00:00:00.000Z,גאנה,3,1,4
2021-10-28T00:00:00.000Z,גאורגיה,671,56,727
2021-10-28T00:00:00.000Z,ברזיל,11,18,29
2021-10-28T00:00:00.000Z,בליז,0,1,1
2021-10-28T00:00:00.000Z,בלגיה,15,13,28
2021-10-28T00:00:00.000Z,בילורוסיה,73,78,151
2021-10-28T00:00:00.000Z,בחריין,22,8,30
2021-10-28T00:00:00.000Z,בולגריה,115,11,126
2021-10-28T00:00:00.000Z,אתיופיה,45,17,62
2021-10-28T00:00:00.000Z,ארצות הברית,1055,982,2037
2021-10-28T00:00:00.000Z,ארמניה,3,2,5
2021-10-28T00:00:00.000Z,ארגנטינה,7,15,22
2021-10-28T00:00:00.000Z,אקואדור,1,0,1
2021-10-28T00:00:00.000Z,אפגניסטן,0,2,2
2021-10-28T00:00:00.000Z,אסטוניה,4,0,4
2021-10-28T00:00:00.000Z,אנגולה,2,2,4
2021-10-28T00:00:00.000Z,אירלנד,11,2,13
2021-10-28T00:00:00.000Z,איסלנד,5,0,5
2021-10-28T00:00:00.000Z,איי סיישל,0,1,1
2021-10-28T00:00:00.000Z,איי טורקס וקייקוס,6,2,8
2021-10-28T00:00:00.000Z,איטליה,597,69,666
2021-10-28T00:00:00.000Z,אזרביג'אן,91,6,97
2021-10-28T00:00:00.000Z,אורגוואי,1,2,3
2021-10-28T00:00:00.000Z,אוקראינה,189,102,291
2021-10-28T00:00:00.000Z,אוסטרליה,3,1,4
2021-10-28T00:00:00.000Z,אוסטריה,420,57,477
2021-10-28T00:00:00.000Z,אוזבקיסטן,6,10,16
2021-10-28T00:00:00.000Z,אוגנדה,7,1,8
2021-10-28T00:00:00.000Z,אבחזיסטאן,4,1,5
2021-10-28T00:00:00.000Z,איחוד האמירויות הערב,543,88,631
2021-10-28T00:00:00.000Z,קפריסין,453,65,518
2021-10-28T00:00:00.000Z,רוסיה,251,177,428
2021-10-28T00:00:00.000Z,שוודיה,11,5,16
2021-10-28T00:00:00.000Z,שוויץ,115,31,146
2021-10-28T00:00:00.000Z,תאילנד,1,6,7
2021-10-28T00:00:00.000Z,תורכיה,1244,382,1626
2021-10-28T00:00:00.000Z,תורכמניסטאן,1,2,3
2021-10-28T00:00:00.000Z,קניה,7,6,13
2021-10-28T00:00:00.000Z,רואנדה,4,0,4
2021-10-28T00:00:00.000Z,רומניה,120,29,149
2021-10-28T00:00:00.000Z,קרואטיה,4,0,4
2021-10-28T00:00:00.000Z,קנדה,12,9,21
2021-10-28T00:00:00.000Z,קמרון,1,0,1
2021-10-28T00:00:00.000Z,קזחסטאן,2,14,16
2021-10-28T00:00:00.000Z,קוריאה הדרומית,1,3,4
2021-10-28T00:00:00.000Z,קוסטה ריקה,4,1,5
2021-10-28T00:00:00.000Z,קונגו,2,0,2
2021-10-28T00:00:00.000Z,קולומביה,3,11,14
2021-10-28T00:00:00.000Z,צרפת,701,391,1092
2021-10-28T00:00:00.000Z,צכיה,228,17,245
2021-10-28T00:00:00.000Z,צ'ילה,3,7,10
2021-10-28T00:00:00.000Z,פרו,1,2,3
2021-10-28T00:00:00.000Z,פנמה,3,8,11
2021-10-28T00:00:00.000Z,פינלנד,13,3,16
2021-10-28T00:00:00.000Z,פיליפינים,2,5,7
2021-10-28T00:00:00.000Z,פורטוגל,257,26,283
2021-10-28T00:00:00.000Z,פולין,95,16,111
2021-10-28T00:00:00.000Z,ערב הסעודית,1,1,2
2021-10-28T00:00:00.000Z,סרי לנקה (צילון),0,1,1
2021-10-28T00:00:00.000Z,סרביה,15,1,16
2021-10-28T00:00:00.000Z,ספרד,255,57,312
2021-10-28T00:00:00.000Z,סלובניה,1,0,1
2021-10-28T00:00:00.000Z,סינגפור,9,0,9
2021-10-28T00:00:00.000Z,סין,1,137,138
2021-10-28T00:00:00.000Z,נפאל,4,0,4
2021-10-28T00:00:00.000Z,ניגריה,8,3,11
2021-10-28T00:00:00.000Z,נורבגיה,7,2,9
2021-10-28T00:00:00.000Z,מרוקו,124,11,135
2021-10-28T00:00:00.000Z,מקסיקו,12,21,33
2021-10-28T00:00:00.000Z,מקדוניה,2,0,2
2021-10-28T00:00:00.000Z,מצרים,478,86,564
2021-10-28T00:00:00.000Z,מלדיבים,12,4,16
2021-10-28T00:00:00.000Z,מלאווי,1,0,1
2021-10-28T00:00:00.000Z,מונטנגרו,155,1,156
2021-10-28T00:00:00.000Z,מולדובה,55,35,90
2021-10-28T00:00:00.000Z,ליטא,88,22,110
2021-10-28T00:00:00.000Z,לטביה,2,0,2
2021-10-28T00:00:00.000Z,כלל המדינות,11952,4343,16295
2021-10-28T00:00:00.000Z,ירדן,258,56,314
2021-10-28T00:00:00.000Z,יפן,1,0,1
2021-10-28T00:00:00.000Z,יוון,607,66,673
2021-10-28T00:00:00.000Z,טנזניה,8,0,8
2021-10-28T00:00:00.000Z,טוגו,1,0,1
2021-10-28T00:00:00.000Z,טג'יקיסטאן,3,0,3
2021-10-29T00:00:00.000Z,מולדובה,3,1,4
2021-10-29T00:00:00.000Z,יפן,0,1,1
2021-10-29T00:00:00.000Z,טובלו,1,0,1
2021-10-29T00:00:00.000Z,חוף השנהב,2,0,2
2021-10-29T00:00:00.000Z,זאיר,2,0,2
2021-10-29T00:00:00.000Z,הרפ הדומיניקנית,2,0,2
2021-10-29T00:00:00.000Z,הממלכה המאוחדת,507,176,683
2021-10-29T00:00:00.000Z,הונגריה,271,10,281
2021-10-29T00:00:00.000Z,הולנד,175,25,200
2021-10-29T00:00:00.000Z,הודו,45,4,49
2021-10-29T00:00:00.000Z,דרום אפריקה,3,0,3
2021-10-29T00:00:00.000Z,דנמרק,12,2,14
2021-10-29T00:00:00.000Z,דומיניקה,2,0,2
2021-10-29T00:00:00.000Z,גרנדה,1,0,1
2021-10-29T00:00:00.000Z,גרמניה,754,146,900
2021-10-29T00:00:00.000Z,גמביה,1,0,1
2021-10-29T00:00:00.000Z,גאנה,1,0,1
2021-10-29T00:00:00.000Z,גאורגיה,385,75,460
2021-10-29T00:00:00.000Z,ברזיל,9,0,9
2021-10-29T00:00:00.000Z,בליז,1,0,1
2021-10-29T00:00:00.000Z,בלגיה,156,85,241
2021-10-29T00:00:00.000Z,בילורוסיה,1,0,1
2021-10-29T00:00:00.000Z,בורקינה פאסו,1,0,1
2021-10-29T00:00:00.000Z,בוסניה הרצגובינה,2,6,8
2021-10-29T00:00:00.000Z,בולגריה,5,3,8
2021-10-29T00:00:00.000Z,אתיופיה,2,0,2
2021-10-29T00:00:00.000Z,ארצות הברית,1357,549,1906
2021-10-29T00:00:00.000Z,ארמניה,11,1,12
2021-10-29T00:00:00.000Z,ארגנטינה,8,7,15
2021-10-29T00:00:00.000Z,אקואדור,4,2,6
2021-10-29T00:00:00.000Z,אסטוניה,2,3,5
2021-10-29T00:00:00.000Z,אנדורה,1,1,2
2021-10-29T00:00:00.000Z,אנגולה,1,0,1
2021-10-29T00:00:00.000Z,אלבניה,2,0,2
2021-10-29T00:00:00.000Z,אירלנד,7,7,14
2021-10-29T00:00:00.000Z,איסלנד,1,0,1
2021-10-29T00:00:00.000Z,איי סיישל,2,0,2
2021-10-29T00:00:00.000Z,איי טורקס וקייקוס,0,2,2
2021-10-29T00:00:00.000Z,איטליה,598,59,657
2021-10-29T00:00:00.000Z,אזרביג'אן,111,6,117
2021-10-29T00:00:00.000Z,אורגוואי,1,1,2
2021-10-29T00:00:00.000Z,אוקראינה,366,158,524
2021-10-29T00:00:00.000Z,אוסטרליה,2,0,2
2021-10-29T00:00:00.000Z,אוסטריה,671,49,720
2021-10-29T00:00:00.000Z,אוזבקיסטן,8,14,22
2021-10-29T00:00:00.000Z,ירדן,7,2,9
2021-10-29T00:00:00.000Z,כלל המדינות,11487,3060,14547
2021-10-29T00:00:00.000Z,לבנון,5,0,5
2021-10-29T00:00:00.000Z,לוכסמבורג,5,0,5
2021-10-29T00:00:00.000Z,ליטא,6,0,6
2021-10-29T00:00:00.000Z,מאוריציוס,3,0,3
2021-10-29T00:00:00.000Z,יוון,565,40,605
2021-10-29T00:00:00.000Z,מונטנגרו,61,8,69
2021-10-29T00:00:00.000Z,מלדיבים,8,0,8
2021-10-29T00:00:00.000Z,מלטה,7,0,7
2021-10-29T00:00:00.000Z,מצרים,295,54,349
2021-10-29T00:00:00.000Z,מקדוניה,13,8,21
2021-10-29T00:00:00.000Z,מקסיקו,12,6,18
2021-10-29T00:00:00.000Z,מרוקו,132,10,142
2021-10-29T00:00:00.000Z,נורבגיה,5,0,5
2021-10-29T00:00:00.000Z,ניגריה,3,0,3
2021-10-29T00:00:00.000Z,ניו זילנד,0,7,7
2021-10-29T00:00:00.000Z,נפאל,4,1,5
2021-10-29T00:00:00.000Z,סיירה ליאונה,0,1,1
2021-10-29T00:00:00.000Z,סין,0,1,1
2021-10-29T00:00:00.000Z,סינגפור,5,5,10
2021-10-29T00:00:00.000Z,סלובניה,5,0,5
2021-10-29T00:00:00.000Z,סלובקיה,3,0,3
2021-10-29T00:00:00.000Z,סנגל,1,0,1
2021-10-29T00:00:00.000Z,ספרד,614,60,674
2021-10-29T00:00:00.000Z,סרביה,11,3,14
2021-10-29T00:00:00.000Z,סרי לנקה (צילון),2,1,3
2021-10-29T00:00:00.000Z,ערב הסעודית,1,0,1
2021-10-29T00:00:00.000Z,פולין,222,29,251
2021-10-29T00:00:00.000Z,פורטוגל,39,9,48
2021-10-29T00:00:00.000Z,פיליפינים,2,10,12
2021-10-29T00:00:00.000Z,פינלנד,31,14,45
2021-10-29T00:00:00.000Z,פנמה,2,0,2
2021-10-29T00:00:00.000Z,צאד,1,0,1
2021-10-29T00:00:00.000Z,צ'ילה,0,6,6
2021-10-29T00:00:00.000Z,צכיה,371,27,398
2021-10-29T00:00:00.000Z,צרפת,686,271,957
2021-10-29T00:00:00.000Z,קולומביה,5,1,6
2021-10-29T00:00:00.000Z,קוסטה ריקה,5,5,10
2021-10-29T00:00:00.000Z,קוריאה הדרומית,9,3,12
2021-10-29T00:00:00.000Z,קזחסטאן,1,6,7
2021-10-29T00:00:00.000Z,קטר,1,0,1
2021-10-29T00:00:00.000Z,קירג'זסטאן,3,0,3
2021-10-29T00:00:00.000Z,קנדה,101,61,162
2021-10-29T00:00:00.000Z,קניה,4,0,4
2021-10-29T00:00:00.000Z,קפריסין,209,21,230
2021-10-29T00:00:00.000Z,קרואטיה,17,0,17
2021-10-29T00:00:00.000Z,רומניה,162,28,190
2021-10-29T00:00:00.000Z,רוסיה,191,140,331
2021-10-29T00:00:00.000Z,שוודיה,18,4,22
2021-10-29T00:00:00.000Z,שוויץ,316,73,389
2021-10-29T00:00:00.000Z,תאילנד,124,29,153
2021-10-29T00:00:00.000Z,תורכיה,843,244,1087
2021-10-29T00:00:00.000Z,איחוד האמירויות הערב,299,33,332
2021-10-29T00:00:00.000Z,סאו טומה ופרינציפה,3,0,3
2021-10-29T00:00:00.000Z,תורכמניסטאן,2,0,2
2021-10-29T00:00:00.000Z,קמרון,2,1,3
2021-10-30T00:00:00.000Z,רומניה,186,28,214
2021-10-30T00:00:00.000Z,רואנדה,0,1,1
2021-10-30T00:00:00.000Z,קרואטיה,5,2,7
2021-10-30T00:00:00.000Z,צכיה,203,7,210
2021-10-30T00:00:00.000Z,תורכיה,1312,311,1623
2021-10-30T00:00:00.000Z,פרו,5,3,8
2021-10-30T00:00:00.000Z,פנמה,2,0,2
2021-10-30T00:00:00.000Z,פינלנד,4,3,7
2021-10-30T00:00:00.000Z,פיליפינים,0,1,1
2021-10-30T00:00:00.000Z,פורטוגל,23,2,25
2021-10-30T00:00:00.000Z,לוכסמבורג,3,0,3
2021-10-30T00:00:00.000Z,כלל המדינות,8464,1916,10380
2021-10-30T00:00:00.000Z,ירדן,135,5,140
2021-10-30T00:00:00.000Z,יפן,0,1,1
2021-10-30T00:00:00.000Z,יוון,542,23,565
2021-10-30T00:00:00.000Z,טנזניה,8,1,9
2021-10-30T00:00:00.000Z,טיוואן,0,1,1
2021-10-30T00:00:00.000Z,טוגו,6,1,7
2021-10-30T00:00:00.000Z,חוף השנהב,2,0,2
2021-10-30T00:00:00.000Z,זמביה,1,0,1
2021-10-30T00:00:00.000Z,הממלכה המאוחדת,332,100,432
2021-10-30T00:00:00.000Z,הונגריה,333,23,356
2021-10-30T00:00:00.000Z,הונג קונג,0,2,2
2021-10-30T00:00:00.000Z,הולנד,209,19,228
2021-10-30T00:00:00.000Z,הודו,15,3,18
2021-10-30T00:00:00.000Z,דרום אפריקה,23,5,28
2021-10-30T00:00:00.000Z,דנמרק,8,1,9
2021-10-30T00:00:00.000Z,גרמניה,210,59,269
2021-10-30T00:00:00.000Z,גינאה המשוונית,3,0,3
2021-10-30T00:00:00.000Z,גאנה,1,0,1
2021-10-30T00:00:00.000Z,גאורגיה,133,22,155
2021-10-30T00:00:00.000Z,ברזיל,0,3,3
2021-10-30T00:00:00.000Z,בליז,1,0,1
2021-10-30T00:00:00.000Z,בלגיה,10,5,15
2021-10-30T00:00:00.000Z,בילורוסיה,1,0,1
2021-10-30T00:00:00.000Z,בורקינה פאסו,0,1,1
2021-10-30T00:00:00.000Z,בוסניה הרצגובינה,2,1,3
2021-10-30T00:00:00.000Z,בולגריה,156,15,171
2021-10-30T00:00:00.000Z,אתיופיה,26,15,41
2021-10-30T00:00:00.000Z,ארצות הברית,613,371,984
2021-10-30T00:00:00.000Z,ארמניה,2,0,2
2021-10-30T00:00:00.000Z,ארגנטינה,0,2,2
2021-10-30T00:00:00.000Z,תוניסיה,4,0,4
2021-10-30T00:00:00.000Z,אלבניה,1,6,7
2021-10-30T00:00:00.000Z,אירלנד,6,1,7
2021-10-30T00:00:00.000Z,איסלנד,1,0,1
2021-10-30T00:00:00.000Z,איי קומורו,1,0,1
2021-10-30T00:00:00.000Z,איי סיישל,8,0,8
2021-10-30T00:00:00.000Z,איי טורקס וקייקוס,3,0,3
2021-10-30T00:00:00.000Z,איטליה,334,63,397
2021-10-30T00:00:00.000Z,אוקראינה,208,42,250
2021-10-30T00:00:00.000Z,אוסטריה,358,21,379
2021-10-30T00:00:00.000Z,אוזבקיסטן,4,7,11
2021-10-30T00:00:00.000Z,אוגנדה,3,0,3
2021-10-30T00:00:00.000Z,פולינזיה הצרפתית,0,4,4
2021-10-30T00:00:00.000Z,פולין,149,6,155
2021-10-30T00:00:00.000Z,ערב הסעודית,25,0,25
2021-10-30T00:00:00.000Z,סרי לנקה (צילון),2,1,3
2021-10-30T00:00:00.000Z,סרביה,4,1,5
2021-10-30T00:00:00.000Z,ספרד,24,1,25
2021-10-30T00:00:00.000Z,סנגל,3,0,3
2021-10-30T00:00:00.000Z,סלובניה,1,0,1
2021-10-30T00:00:00.000Z,סינגפור,5,3,8
2021-10-30T00:00:00.000Z,סין,0,6,6
2021-10-30T00:00:00.000Z,נמיביה,2,3,5
2021-10-30T00:00:00.000Z,ניגריה,8,0,8
2021-10-30T00:00:00.000Z,נורבגיה,5,12,17
2021-10-30T00:00:00.000Z,מרוקו,6,1,7
2021-10-30T00:00:00.000Z,מקסיקו,9,0,9
2021-10-30T00:00:00.000Z,מצרים,1460,131,1591
2021-10-30T00:00:00.000Z,מלדיבים,6,0,6
2021-10-30T00:00:00.000Z,מלאווי,1,0,1
2021-10-30T00:00:00.000Z,מונטנגרו,1,0,1
2021-10-30T00:00:00.000Z,מולדובה,9,0,9
2021-10-30T00:00:00.000Z,מוזמביק,2,0,2
2021-10-30T00:00:00.000Z,מאוריציוס,1,0,1
2021-10-30T00:00:00.000Z,ליטא,3,1,4
2021-10-30T00:00:00.000Z,ליבריה,0,1,1
2021-10-30T00:00:00.000Z,לטביה,18,7,25
2021-10-30T00:00:00.000Z,צרפת,269,78,347
2021-10-30T00:00:00.000Z,קובה,2,0,2
2021-10-30T00:00:00.000Z,קולומביה,5,12,17
2021-10-30T00:00:00.000Z,קוריאה הדרומית,3,2,5
2021-10-30T00:00:00.000Z,קזחסטאן,2,0,2
2021-10-30T00:00:00.000Z,קירג'זסטאן,1,0,1
2021-10-30T00:00:00.000Z,קנדה,3,3,6
2021-10-30T00:00:00.000Z,קניה,7,1,8
2021-10-30T00:00:00.000Z,קפריסין,562,34,596
2021-10-30T00:00:00.000Z,צ'ילה,0,1,1
2021-10-30T00:00:00.000Z,איחוד האמירויות הערב,143,31,174
2021-10-30T00:00:00.000Z,תאילנד,1,0,1
2021-10-30T00:00:00.000Z,שוויץ,48,9,57
2021-10-30T00:00:00.000Z,שוודיה,4,2,6
2021-10-30T00:00:00.000Z,רוסיה,4,10,14
2021-10-30T00:00:00.000Z,אקואדור,1,0,1
2021-10-31T00:00:00.000Z,מקסיקו,2,0,2
2021-10-31T00:00:00.000Z,מצרים,1246,138,1384
2021-10-31T00:00:00.000Z,מלטה,3,0,3
2021-10-31T00:00:00.000Z,מלזיה,1,0,1
2021-10-31T00:00:00.000Z,מלדיבים,21,1,22
2021-10-31T00:00:00.000Z,מיאנמר (בורמה),0,1,1
2021-10-31T00:00:00.000Z,מונטנגרו,96,3,99
2021-10-31T00:00:00.000Z,מולדובה,104,44,148
2021-10-31T00:00:00.000Z,מאוריציוס,3,0,3
2021-10-31T00:00:00.000Z,ליטא,69,11,80
2021-10-31T00:00:00.000Z,לטביה,1,0,1
2021-10-31T00:00:00.000Z,לוכסמבורג,3,0,3
2021-10-31T00:00:00.000Z,כלל המדינות,15745,6389,22134
2021-10-31T00:00:00.000Z,ירדן,330,47,377
2021-10-31T00:00:00.000Z,יפן,1,7,8
2021-10-31T00:00:00.000Z,יוון,890,53,943
2021-10-31T00:00:00.000Z,טנזניה,0,1,1
2021-10-31T00:00:00.000Z,טובלו,0,1,1
2021-10-31T00:00:00.000Z,זמביה,0,1,1
2021-10-31T00:00:00.000Z,הרפ הדומיניקנית,0,1,1
2021-10-31T00:00:00.000Z,מרוקו,83,10,93
2021-10-31T00:00:00.000Z,נורבגיה,0,2,2
2021-10-31T00:00:00.000Z,ניגריה,1,0,1
2021-10-31T00:00:00.000Z,נפאל,6,3,9
2021-10-31T00:00:00.000Z,סין,0,6,6
2021-10-31T00:00:00.000Z,איחוד האמירויות הערב,697,110,807
2021-10-31T00:00:00.000Z,תורכמניסטאן,2,0,2
2021-10-31T00:00:00.000Z,תורכיה,1484,353,1837
2021-10-31T00:00:00.000Z,הממלכה המאוחדת,573,210,783
2021-10-31T00:00:00.000Z,הונגריה,897,53,950
2021-10-31T00:00:00.000Z,הולנד,396,47,443
2021-10-31T00:00:00.000Z,הודו,16,10,26
2021-10-31T00:00:00.000Z,דרום אפריקה,1,5,6
2021-10-31T00:00:00.000Z,תוניסיה,0,1,1
2021-10-31T00:00:00.000Z,תאילנד,6,0,6
2021-10-31T00:00:00.000Z,שוויץ,262,111,373
2021-10-31T00:00:00.000Z,שוודיה,16,26,42
2021-10-31T00:00:00.000Z,רוסיה,170,163,333
2021-10-31T00:00:00.000Z,רומניה,161,4,165
2021-10-31T00:00:00.000Z,רואנדה,0,4,4
2021-10-31T00:00:00.000Z,קרואטיה,2,1,3
2021-10-31T00:00:00.000Z,קפריסין,625,34,659
2021-10-31T00:00:00.000Z,קניה,1,0,1
2021-10-31T00:00:00.000Z,קנדה,58,76,134
2021-10-31T00:00:00.000Z,קמרון,1,0,1
2021-10-31T00:00:00.000Z,קזחסטאן,1,2,3
2021-10-31T00:00:00.000Z,קוריאה הדרומית,5,18,23
2021-10-31T00:00:00.000Z,קוסטה ריקה,4,3,7
2021-10-31T00:00:00.000Z,קולומביה,1,1,2
2021-10-31T00:00:00.000Z,צרפת,607,2584,3191
2021-10-31T00:00:00.000Z,צכיה,450,22,472
2021-10-31T00:00:00.000Z,צ'ילה,1,0,1
2021-10-31T00:00:00.000Z,פרו,3,3,6
2021-10-31T00:00:00.000Z,פנמה,2,0,2
2021-10-31T00:00:00.000Z,פינלנד,2,4,6
2021-10-31T00:00:00.000Z,פיליפינים,1,2,3
2021-10-31T00:00:00.000Z,ארצות הברית,798,624,1422
2021-10-31T00:00:00.000Z,בולגריה,130,5,135
2021-10-31T00:00:00.000Z,בוליביה,2,0,2
2021-10-31T00:00:00.000Z,בחריין,4,0,4
2021-10-31T00:00:00.000Z,בילורוסיה,97,29,126
2021-10-31T00:00:00.000Z,בלגיה,75,54,129
2021-10-31T00:00:00.000Z,ברזיל,9,12,21
2021-10-31T00:00:00.000Z,גאורגיה,981,59,1040
2021-10-31T00:00:00.000Z,גאנה,0,1,1
2021-10-31T00:00:00.000Z,גבון,1,0,1
2021-10-31T00:00:00.000Z,גווטאמלה,3,0,3
2021-10-31T00:00:00.000Z,גויאנה,0,1,1
2021-10-31T00:00:00.000Z,גויאנה הצרפתית,1,0,1
2021-10-31T00:00:00.000Z,גמביה,0,8,8
2021-10-31T00:00:00.000Z,גרמניה,543,162,705
2021-10-31T00:00:00.000Z,דנמרק,60,22,82
2021-10-31T00:00:00.000Z,פורטוגל,149,11,160
2021-10-31T00:00:00.000Z,פולינזיה הצרפתית,2,0,2
2021-10-31T00:00:00.000Z,סינגפור,2,1,3
2021-10-31T00:00:00.000Z,פולין,220,34,254
2021-10-31T00:00:00.000Z,עירק,1,6,7
2021-10-31T00:00:00.000Z,עומן,0,1,1
2021-10-31T00:00:00.000Z,סרי לנקה (צילון),4,6,10
2021-10-31T00:00:00.000Z,סרביה,6,0,6
2021-10-31T00:00:00.000Z,ספרד,493,72,565
2021-10-31T00:00:00.000Z,סלובניה,3,0,3
2021-10-31T00:00:00.000Z,ארמניה,2,1,3
2021-10-31T00:00:00.000Z,ארגנטינה,17,2,19
2021-10-31T00:00:00.000Z,אפגניסטן,0,1,1
2021-10-31T00:00:00.000Z,אסטוניה,4,0,4
2021-10-31T00:00:00.000Z,אנגולה,4,1,5
2021-10-31T00:00:00.000Z,אלבניה,2,0,2
2021-10-31T00:00:00.000Z,אירלנד,10,3,13
2021-10-31T00:00:00.000Z,איסלנד,0,3,3
2021-10-31T00:00:00.000Z,איי טורקס וקייקוס,7,0,7
2021-10-31T00:00:00.000Z,איי גילברט ואליס,0,2,2
2021-10-31T00:00:00.000Z,איטליה,1032,116,1148
2021-10-31T00:00:00.000Z,אזרביג'אן,55,17,72
2021-10-31T00:00:00.000Z,אורגוואי,1,2,3
2021-10-31T00:00:00.000Z,אוקראינה,325,86,411
2021-10-31T00:00:00.000Z,אוסטרליה,2,5,7
2021-10-31T00:00:00.000Z,אוסטריה,522,47,569
2021-10-31T00:00:00.000Z,אוזבקיסטן,3,4,7
2021-10-31T00:00:00.000Z,אוגנדה,5,0,5
2021-10-31T00:00:00.000Z,אבחזיסטאן,2,0,2
2021-10-31T00:00:00.000Z,מקדוניה,2,0,2
2021-11-01T00:00:00.000Z,גאורגיה,480,24,504
2021-11-01T00:00:00.000Z,פולין,266,33,299
2021-11-01T00:00:00.000Z,גויאנה הצרפתית,1,0,1
2021-11-01T00:00:00.000Z,גרמניה,535,247,782
2021-11-01T00:00:00.000Z,דנמרק,12,6,18
2021-11-01T00:00:00.000Z,דרום אפריקה,7,13,20
2021-11-01T00:00:00.000Z,דרום סודאן,0,1,1
2021-11-01T00:00:00.000Z,הודו,66,74,140
2021-11-01T00:00:00.000Z,הולנד,310,69,379
2021-11-01T00:00:00.000Z,הונגריה,642,66,708
2021-11-01T00:00:00.000Z,הונדורס,1,0,1
2021-11-01T00:00:00.000Z,הממלכה המאוחדת,869,346,1215
2021-11-01T00:00:00.000Z,הרפ הדומיניקנית,2,0,2
2021-11-01T00:00:00.000Z,זימבאבווה,0,1,1
2021-11-01T00:00:00.000Z,זמביה,1,0,1
2021-11-01T00:00:00.000Z,טנזניה,0,1,1
2021-11-01T00:00:00.000Z,טרינידד וטובגו,2,0,2
2021-11-01T00:00:00.000Z,יוון,720,36,756
2021-11-01T00:00:00.000Z,יפן,0,26,26
2021-11-01T00:00:00.000Z,ירדן,28,22,50
2021-11-01T00:00:00.000Z,כלל המדינות,13896,5160,19056
2021-11-01T00:00:00.000Z,לטביה,0,1,1
2021-11-01T00:00:00.000Z,ליטא,3,0,3
2021-11-01T00:00:00.000Z,מוזמביק,1,0,1
2021-11-01T00:00:00.000Z,מלדיבים,18,2,20
2021-11-01T00:00:00.000Z,מלטה,0,1,1
2021-11-01T00:00:00.000Z,מצרים,558,56,614
2021-11-01T00:00:00.000Z,מקדוניה,1,1,2
2021-11-01T00:00:00.000Z,מקסיקו,14,19,33
2021-11-01T00:00:00.000Z,מרוקו,105,7,112
2021-11-01T00:00:00.000Z,נורבגיה,3,0,3
2021-11-01T00:00:00.000Z,ניגריה,2,3,5
2021-11-01T00:00:00.000Z,נמיביה,1,2,3
2021-11-01T00:00:00.000Z,סלובניה,0,1,1
2021-11-01T00:00:00.000Z,ספרד,405,73,478
2021-11-01T00:00:00.000Z,סרביה,11,1,12
2021-11-01T00:00:00.000Z,סרי לנקה (צילון),2,2,4
2021-11-01T00:00:00.000Z,ערב הסעודית,2,0,2
2021-11-01T00:00:00.000Z,ברזיל,15,4,19
2021-11-01T00:00:00.000Z,פורטוגל,129,23,152
2021-11-01T00:00:00.000Z,פיליפינים,1,1,2
2021-11-01T00:00:00.000Z,פינלנד,3,25,28
2021-11-01T00:00:00.000Z,פנמה,1,4,5
2021-11-01T00:00:00.000Z,פרו,4,0,4
2021-11-01T00:00:00.000Z,צ'ילה,0,1,1
2021-11-01T00:00:00.000Z,צכיה,540,20,560
2021-11-01T00:00:00.000Z,צרפת,746,426,1172
2021-11-01T00:00:00.000Z,קולומביה,4,8,12
2021-11-01T00:00:00.000Z,קוסובו,0,1,1
2021-11-01T00:00:00.000Z,קוסטה ריקה,3,0,3
2021-11-01T00:00:00.000Z,קוריאה הדרומית,1,1,2
2021-11-01T00:00:00.000Z,קזחסטאן,1,1,2
2021-11-01T00:00:00.000Z,קטר,1,0,1
2021-11-01T00:00:00.000Z,קנדה,77,87,164
2021-11-01T00:00:00.000Z,קניה,9,29,38
2021-11-01T00:00:00.000Z,קפריסין,395,60,455
2021-11-01T00:00:00.000Z,קרואטיה,7,0,7
2021-11-01T00:00:00.000Z,רואנדה,0,1,1
2021-11-01T00:00:00.000Z,רומניה,246,22,268
2021-11-01T00:00:00.000Z,רוסיה,220,369,589
2021-11-01T00:00:00.000Z,שוודיה,7,23,30
2021-11-01T00:00:00.000Z,שוויץ,135,118,253
2021-11-01T00:00:00.000Z,תאילנד,2,1,3
2021-11-01T00:00:00.000Z,תוניסיה,5,2,7
2021-11-01T00:00:00.000Z,תורכיה,1381,370,1751
2021-11-01T00:00:00.000Z,תורכמניסטאן,4,1,5
2021-11-01T00:00:00.000Z,תימן,1,0,1
2021-11-01T00:00:00.000Z,בלגיה,186,196,382
2021-11-01T00:00:00.000Z,בחריין,62,2,64
2021-11-01T00:00:00.000Z,בולגריה,248,59,307
2021-11-01T00:00:00.000Z,אתיופיה,18,20,38
2021-11-01T00:00:00.000Z,ארצות הברית,1131,1014,2145
2021-11-01T00:00:00.000Z,ארמניה,3,5,8
2021-11-01T00:00:00.000Z,אקואדור,0,2,2
2021-11-01T00:00:00.000Z,אסטוניה,0,1,1
2021-11-01T00:00:00.000Z,אנדורה,1,5,6
2021-11-01T00:00:00.000Z,אנגולה,3,0,3
2021-11-01T00:00:00.000Z,אלבניה,4,0,4
2021-11-01T00:00:00.000Z,אירלנד,7,9,16
2021-11-01T00:00:00.000Z,איסלנד,5,0,5
2021-11-01T00:00:00.000Z,איי פאלקלנד,1,0,1
2021-11-01T00:00:00.000Z,איטליה,767,121,888
2021-11-01T00:00:00.000Z,אזרביג'אן,52,2,54
2021-11-01T00:00:00.000Z,איחוד האמירויות הערב,417,58,475
2021-11-01T00:00:00.000Z,אבחזיסטאן,0,2,2
2021-11-01T00:00:00.000Z,אוגנדה,2,1,3
2021-11-01T00:00:00.000Z,אוזבקיסטן,6,5,11
2021-11-01T00:00:00.000Z,אוסטריה,641,61,702
2021-11-01T00:00:00.000Z,אוסטרליה,5,5,10
2021-11-01T00:00:00.000Z,אוקראינה,536,201,737
2021-11-01T00:00:00.000Z,גאנה,1,1,2
2021-11-01T00:00:00.000Z,אורגוואי,1,2,3
2021-11-02T00:00:00.000Z,אוסטרליה,1,2,3
2021-11-02T00:00:00.000Z,דנמרק,9,7,16
2021-11-02T00:00:00.000Z,גויאנה הצרפתית,1,0,1
2021-11-02T00:00:00.000Z,גאנה,2,3,5
2021-11-02T00:00:00.000Z,גאורגיה,146,22,168
2021-11-02T00:00:00.000Z,ברזיל,11,9,20
2021-11-02T00:00:00.000Z,בלגיה,199,93,292
2021-11-02T00:00:00.000Z,בילורוסיה,6,1,7
2021-11-02T00:00:00.000Z,בוסניה הרצגובינה,1,0,1
2021-11-02T00:00:00.000Z,בולגריה,0,6,6
2021-11-02T00:00:00.000Z,בוטן,2,7,9
2021-11-02T00:00:00.000Z,אתיופיה,15,10,25
2021-11-02T00:00:00.000Z,ארצות הברית,1323,1054,2377
2021-11-02T00:00:00.000Z,ארמניה,2,0,2
2021-11-02T00:00:00.000Z,ארגנטינה,10,9,19
2021-11-02T00:00:00.000Z,אסטוניה,2,1,3
2021-11-02T00:00:00.000Z,אנטיגואה וברבודה,1,1,2
2021-11-02T00:00:00.000Z,אלבניה,1,0,1
2021-11-02T00:00:00.000Z,אירלנד,8,5,13
2021-11-02T00:00:00.000Z,איסלנד,1,0,1
2021-11-02T00:00:00.000Z,איי קייפ וורדה,0,3,3
2021-11-02T00:00:00.000Z,איי טורקס וקייקוס,2,0,2
2021-11-02T00:00:00.000Z,איטליה,384,79,463
2021-11-02T00:00:00.000Z,אזרביג'אן,1,0,1
2021-11-02T00:00:00.000Z,דרום אפריקה,13,28,41
2021-11-02T00:00:00.000Z,הודו,8,16,24
2021-11-02T00:00:00.000Z,הולנד,363,109,472
2021-11-02T00:00:00.000Z,הונגריה,329,46,375
2021-11-02T00:00:00.000Z,הממלכה המאוחדת,490,225,715
2021-11-02T00:00:00.000Z,טנזניה,2,0,2
2021-11-02T00:00:00.000Z,טרינידד וטובגו,1,0,1
2021-11-02T00:00:00.000Z,תימן,1,0,1
2021-11-02T00:00:00.000Z,תורכיה,1328,490,1818
2021-11-02T00:00:00.000Z,תוניסיה,2,0,2
2021-11-02T00:00:00.000Z,תאילנד,62,200,262
2021-11-02T00:00:00.000Z,שוויץ,62,23,85
2021-11-02T00:00:00.000Z,שוודיה,10,14,24
2021-11-02T00:00:00.000Z,רוסיה,107,108,215
2021-11-02T00:00:00.000Z,רומניה,135,65,200
2021-11-02T00:00:00.000Z,קפריסין,147,21,168
2021-11-02T00:00:00.000Z,קניה,4,27,31
2021-11-02T00:00:00.000Z,אוגנדה,2,32,34
2021-11-02T00:00:00.000Z,אוזבקיסטן,75,64,139
2021-11-02T00:00:00.000Z,אוסטריה,429,54,483
2021-11-02T00:00:00.000Z,גרמניה,391,226,617
2021-11-02T00:00:00.000Z,אוקראינה,68,64,132
2021-11-02T00:00:00.000Z,קנדה,58,109,167
2021-11-02T00:00:00.000Z,קטר,0,1,1
2021-11-02T00:00:00.000Z,קזחסטאן,0,5,5
2021-11-02T00:00:00.000Z,קוריאה הדרומית,1,0,1
2021-11-02T00:00:00.000Z,קוסובו,1,0,1
2021-11-02T00:00:00.000Z,קולומביה,5,11,16
2021-11-02T00:00:00.000Z,צרפת,767,572,1339
2021-11-02T00:00:00.000Z,צכיה,351,16,367
2021-11-02T00:00:00.000Z,צ'ילה,2,7,9
2021-11-02T00:00:00.000Z,פרו,5,2,7
2021-11-02T00:00:00.000Z,פנמה,2,0,2
2021-11-02T00:00:00.000Z,פינלנד,10,12,22
2021-11-02T00:00:00.000Z,פורטוגל,10,3,13
2021-11-02T00:00:00.000Z,פולין,190,50,240
2021-11-02T00:00:00.000Z,ערב הסעודית,0,2,2
2021-11-02T00:00:00.000Z,עומן,0,1,1
2021-11-02T00:00:00.000Z,סרי לנקה (צילון),2,1,3
2021-11-02T00:00:00.000Z,סרביה,2,2,4
2021-11-02T00:00:00.000Z,ספרד,236,61,297
2021-11-02T00:00:00.000Z,סלובקיה,3,0,3
2021-11-02T00:00:00.000Z,סלובניה,0,2,2
2021-11-02T00:00:00.000Z,סינגפור,0,2,2
2021-11-02T00:00:00.000Z,נורבגיה,3,4,7
2021-11-02T00:00:00.000Z,מרוקו,133,4,137
2021-11-02T00:00:00.000Z,מקסיקו,3,8,11
2021-11-02T00:00:00.000Z,מקדוניה,1,0,1
2021-11-02T00:00:00.000Z,מצרים,205,35,240
2021-11-02T00:00:00.000Z,מלטה,3,1,4
2021-11-02T00:00:00.000Z,מלדיבים,4,2,6
2021-11-02T00:00:00.000Z,מונטנגרו,0,1,1
2021-11-02T00:00:00.000Z,מולדובה,4,8,12
2021-11-02T00:00:00.000Z,מאלי,1,0,1
2021-11-02T00:00:00.000Z,מאוריציוס,1,0,1
2021-11-02T00:00:00.000Z,ליטא,31,41,72
2021-11-02T00:00:00.000Z,איחוד האמירויות הערב,278,38,316
2021-11-02T00:00:00.000Z,יוון,243,50,293
2021-11-02T00:00:00.000Z,לטביה,15,19,34
2021-11-02T00:00:00.000Z,לוכסמבורג,1,1,2
2021-11-02T00:00:00.000Z,כלל המדינות,9468,4906,14374
2021-11-02T00:00:00.000Z,ירדן,41,139,180
2021-11-02T00:00:00.000Z,יפן,2,0,2
2021-11-02T00:00:00.000Z,דרום סודאן,1,0,1
2021-11-03T00:00:00.000Z,פרגוואי,0,1,1
2021-11-03T00:00:00.000Z,פרו,3,5,8
2021-11-03T00:00:00.000Z,צ'ילה,0,1,1
2021-11-03T00:00:00.000Z,צכיה,174,24,198
2021-11-03T00:00:00.000Z,צרפת,548,483,1031
2021-11-03T00:00:00.000Z,קולומביה,2,6,8
2021-11-03T00:00:00.000Z,קוסובו,1,0,1
2021-11-03T00:00:00.000Z,קוסטה ריקה,6,5,11
2021-11-03T00:00:00.000Z,קוריאה הדרומית,4,3,7
2021-11-03T00:00:00.000Z,קירג'זסטאן,1,0,1
2021-11-03T00:00:00.000Z,קנדה,66,107,173
2021-11-03T00:00:00.000Z,קניה,6,51,57
2021-11-03T00:00:00.000Z,קפריסין,229,41,270
2021-11-03T00:00:00.000Z,קרואטיה,8,0,8
2021-11-03T00:00:00.000Z,רומניה,86,25,111
2021-11-03T00:00:00.000Z,רוסיה,130,144,274
2021-11-03T00:00:00.000Z,שוודיה,6,13,19
2021-11-03T00:00:00.000Z,שוויץ,103,63,166
2021-11-03T00:00:00.000Z,תאילנד,3,1,4
2021-11-03T00:00:00.000Z,תורכיה,863,288,1151
2021-11-03T00:00:00.000Z,תימן,1,0,1
2021-11-03T00:00:00.000Z,אבחזיסטאן,8,4,12
2021-11-03T00:00:00.000Z,אוגנדה,2,2,4
2021-11-03T00:00:00.000Z,אוזבקיסטן,11,15,26
2021-11-03T00:00:00.000Z,אוסטריה,145,54,199
2021-11-03T00:00:00.000Z,אוסטרליה,0,28,28
2021-11-03T00:00:00.000Z,אוקראינה,352,232,584
2021-11-03T00:00:00.000Z,אורגוואי,1,0,1
2021-11-03T00:00:00.000Z,אזרביג'אן,1,0,1
2021-11-03T00:00:00.000Z,איטליה,390,138,528
2021-11-03T00:00:00.000Z,איחוד האמירויות הערב,271,70,341
2021-11-03T00:00:00.000Z,איי גילברט ואליס,1,0,1
2021-11-03T00:00:00.000Z,איי סיישל,67,2,69
2021-11-03T00:00:00.000Z,איסלנד,3,2,5
2021-11-03T00:00:00.000Z,אירלנד,9,5,14
2021-11-03T00:00:00.000Z,אנגולה,1,0,1
2021-11-03T00:00:00.000Z,אנדורה,1,0,1
2021-11-03T00:00:00.000Z,אסטוניה,2,2,4
2021-11-03T00:00:00.000Z,אקואדור,4,5,9
2021-11-03T00:00:00.000Z,ארגנטינה,10,6,16
2021-11-03T00:00:00.000Z,ארמניה,1,0,1
2021-11-03T00:00:00.000Z,ארצות הברית,975,861,1836
2021-11-03T00:00:00.000Z,אתיופיה,15,10,25
2021-11-03T00:00:00.000Z,בוטן,1,0,1
2021-11-03T00:00:00.000Z,בוטסואנה,1,1,2
2021-11-03T00:00:00.000Z,בולגריה,83,26,109
2021-11-03T00:00:00.000Z,בוסניה הרצגובינה,6,1,7
2021-11-03T00:00:00.000Z,בילורוסיה,3,0,3
2021-11-03T00:00:00.000Z,בלגיה,26,21,47
2021-11-03T00:00:00.000Z,ברזיל,6,10,16
2021-11-03T00:00:00.000Z,גאורגיה,45,13,58
2021-11-03T00:00:00.000Z,גאנה,4,0,4
2021-11-03T00:00:00.000Z,גרמניה,293,205,498
2021-11-03T00:00:00.000Z,דנמרק,9,1,10
2021-11-03T00:00:00.000Z,דרום אפריקה,14,5,19
2021-11-03T00:00:00.000Z,הודו,22,2,24
2021-11-03T00:00:00.000Z,הולנד,81,44,125
2021-11-03T00:00:00.000Z,הונגריה,187,39,226
2021-11-03T00:00:00.000Z,הממלכה המאוחדת,517,255,772
2021-11-03T00:00:00.000Z,הרפ הדומיניקנית,0,1,1
2021-11-03T00:00:00.000Z,ויטנאם,1,0,1
2021-11-03T00:00:00.000Z,ונצואלה,0,3,3
2021-11-03T00:00:00.000Z,זימבאבווה,4,0,4
2021-11-03T00:00:00.000Z,זמביה,4,0,4
2021-11-03T00:00:00.000Z,טנזניה,137,6,143
2021-11-03T00:00:00.000Z,יוון,142,44,186
2021-11-03T00:00:00.000Z,יפן,1,1,2
2021-11-03T00:00:00.000Z,ירדן,103,28,131
2021-11-03T00:00:00.000Z,כלל המדינות,7566,4306,11872
2021-11-03T00:00:00.000Z,לוכסמבורג,1,0,1
2021-11-03T00:00:00.000Z,לטביה,0,1,1
2021-11-03T00:00:00.000Z,ליטא,1,0,1
2021-11-03T00:00:00.000Z,מאוריציוס,2,0,2
2021-11-03T00:00:00.000Z,מולדובה,1,0,1
2021-11-03T00:00:00.000Z,מונטנגרו,67,2,69
2021-11-03T00:00:00.000Z,מלדיבים,22,9,31
2021-11-03T00:00:00.000Z,מלטה,4,15,19
2021-11-03T00:00:00.000Z,מצרים,244,52,296
2021-11-03T00:00:00.000Z,מקסיקו,9,5,14
2021-11-03T00:00:00.000Z,מרוקו,50,11,61
2021-11-03T00:00:00.000Z,נורבגיה,4,4,8
2021-11-03T00:00:00.000Z,ניגריה,8,1,9
2021-11-03T00:00:00.000Z,סין,1,15,16
2021-11-03T00:00:00.000Z,סינגפור,1,9,10
2021-11-03T00:00:00.000Z,סלובניה,0,2,2
2021-11-03T00:00:00.000Z,סלובקיה,0,1,1
2021-11-03T00:00:00.000Z,סנגל,1,0,1
2021-11-03T00:00:00.000Z,ספרד,170,54,224
2021-11-03T00:00:00.000Z,סרביה,12,7,19
2021-11-03T00:00:00.000Z,סרי לנקה (צילון),4,10,14
2021-11-03T00:00:00.000Z,פולין,62,14,76
2021-11-03T00:00:00.000Z,פורטוגל,13,2,15
2021-11-03T00:00:00.000Z,פיליפינים,0,3,3
2021-11-03T00:00:00.000Z,פינלנד,7,3,10
2021-11-03T00:00:00.000Z,פנמה,0,4,4
2021-11-04T00:00:00.000Z,לוכסמבורג,0,2,2
2021-11-04T00:00:00.000Z,אוגנדה,8,1,9
2021-11-04T00:00:00.000Z,תורכיה,1239,433,1672
2021-11-04T00:00:00.000Z,תוניסיה,0,1,1
2021-11-04T00:00:00.000Z,תאילנד,3,0,3
2021-11-04T00:00:00.000Z,שוויץ,92,38,130
2021-11-04T00:00:00.000Z,שוודיה,4,8,12
2021-11-04T00:00:00.000Z,רוסיה,158,182,340
2021-11-04T00:00:00.000Z,רומניה,53,15,68
2021-11-04T00:00:00.000Z,רואנדה,1,0,1
2021-11-04T00:00:00.000Z,קפריסין,360,68,428
2021-11-04T00:00:00.000Z,קניה,16,1,17
2021-11-04T00:00:00.000Z,קנדה,15,20,35
2021-11-04T00:00:00.000Z,קירג'זסטאן,2,2,4
2021-11-04T00:00:00.000Z,קטר,2,0,2
2021-11-04T00:00:00.000Z,קזחסטאן,1,1,2
2021-11-04T00:00:00.000Z,קוריאה הדרומית,8,2,10
2021-11-04T00:00:00.000Z,קוסטה ריקה,4,1,5
2021-11-04T00:00:00.000Z,קוסובו,1,0,1
2021-11-04T00:00:00.000Z,קולומביה,3,5,8
2021-11-04T00:00:00.000Z,צרפת,526,540,1066
2021-11-04T00:00:00.000Z,צכיה,317,27,344
2021-11-04T00:00:00.000Z,פרו,9,4,13
2021-11-04T00:00:00.000Z,פנמה,4,4,8
2021-11-04T00:00:00.000Z,פינלנד,11,9,20
2021-11-04T00:00:00.000Z,פיליפינים,2,16,18
2021-11-04T00:00:00.000Z,פורטוגל,278,26,304
2021-11-04T00:00:00.000Z,פורטו ריקו,0,3,3
2021-11-04T00:00:00.000Z,פולין,149,48,197
2021-11-04T00:00:00.000Z,ערב הסעודית,2,1,3
2021-11-04T00:00:00.000Z,עירק,0,1,1
2021-11-04T00:00:00.000Z,סרי לנקה (צילון),2,2,4
2021-11-04T00:00:00.000Z,סרביה,10,2,12
2021-11-04T00:00:00.000Z,ספרד,270,43,313
2021-11-04T00:00:00.000Z,סלובקיה,0,2,2
2021-11-04T00:00:00.000Z,סלובניה,1,0,1
2021-11-04T00:00:00.000Z,סינגפור,0,1,1
2021-11-04T00:00:00.000Z,סין,2,21,23
2021-11-04T00:00:00.000Z,נפאל,1,0,1
2021-11-04T00:00:00.000Z,נמיביה,22,0,22
2021-11-04T00:00:00.000Z,ניו זילנד,0,2,2
2021-11-04T00:00:00.000Z,ניגריה,1,1,2
2021-11-04T00:00:00.000Z,ניגר,1,0,1
2021-11-04T00:00:00.000Z,נורבגיה,5,86,91
2021-11-04T00:00:00.000Z,מרוקו,174,7,181
2021-11-04T00:00:00.000Z,מקסיקו,14,17,31
2021-11-04T00:00:00.000Z,מקדוניה,2,0,2
2021-11-04T00:00:00.000Z,מצרים,274,47,321
2021-11-04T00:00:00.000Z,מלטה,1,0,1
2021-11-04T00:00:00.000Z,מלדיבים,5,4,9
2021-11-04T00:00:00.000Z,מלאווי,1,0,1
2021-11-04T00:00:00.000Z,מונטנגרו,69,1,70
2021-11-04T00:00:00.000Z,מולדובה,60,48,108
2021-11-04T00:00:00.000Z,ליטא,35,17,52
2021-11-04T00:00:00.000Z,תורכמניסטאן,3,1,4
2021-11-04T00:00:00.000Z,כלל המדינות,11733,5188,16921
2021-11-04T00:00:00.000Z,ירדן,101,39,140
2021-11-04T00:00:00.000Z,יפן,0,2,2
2021-11-04T00:00:00.000Z,יוון,272,37,309
2021-11-04T00:00:00.000Z,טנזניה,9,0,9
2021-11-04T00:00:00.000Z,טוגו,1,0,1
2021-11-04T00:00:00.000Z,טג'יקיסטאן,1,0,1
2021-11-04T00:00:00.000Z,זמביה,7,3,10
2021-11-04T00:00:00.000Z,ונצואלה,1,1,2
2021-11-04T00:00:00.000Z,הרפ הדומיניקנית,0,1,1
2021-11-04T00:00:00.000Z,הממלכה המאוחדת,479,361,840
2021-11-04T00:00:00.000Z,הונדורס,1,0,1
2021-11-04T00:00:00.000Z,הונגריה,606,79,685
2021-11-04T00:00:00.000Z,הונג קונג,2,6,8
2021-11-04T00:00:00.000Z,הולנד,326,152,478
2021-11-04T00:00:00.000Z,הודו,28,6,34
2021-11-04T00:00:00.000Z,דרום סודאן,0,1,1
2021-11-04T00:00:00.000Z,דרום אפריקה,30,22,52
2021-11-04T00:00:00.000Z,דנמרק,15,17,32
2021-11-04T00:00:00.000Z,דומיניקה,3,0,3
2021-11-04T00:00:00.000Z,גרמניה,351,189,540
2021-11-04T00:00:00.000Z,גינאה המשוונית,0,1,1
2021-11-04T00:00:00.000Z,גיברלטר,1,0,1
2021-11-04T00:00:00.000Z,גויאנה הצרפתית,1,0,1
2021-11-04T00:00:00.000Z,גבון,1,0,1
2021-11-04T00:00:00.000Z,איחוד האמירויות הערב,584,63,647
2021-11-04T00:00:00.000Z,גאנה,4,3,7
2021-11-04T00:00:00.000Z,גאורגיה,621,76,697
2021-11-04T00:00:00.000Z,ברזיל,9,13,22
2021-11-04T00:00:00.000Z,בנין (דהומי),1,13,14
2021-11-04T00:00:00.000Z,בלגיה,57,88,145
2021-11-04T00:00:00.000Z,בילורוסיה,75,39,114
2021-11-04T00:00:00.000Z,בחריין,14,10,24
2021-11-04T00:00:00.000Z,בוסניה הרצגובינה,2,0,2
2021-11-04T00:00:00.000Z,בולגריה,76,13,89
2021-11-04T00:00:00.000Z,אתיופיה,37,24,61
2021-11-04T00:00:00.000Z,ארצות הברית,1042,980,2022
2021-11-04T00:00:00.000Z,ארמניה,1,0,1
2021-11-04T00:00:00.000Z,ארגנטינה,4,35,39
2021-11-04T00:00:00.000Z,אקואדור,0,2,2
2021-11-04T00:00:00.000Z,אסטוניה,1,0,1
2021-11-04T00:00:00.000Z,אנגולה,4,0,4
2021-11-04T00:00:00.000Z,אלבניה,3,1,4
2021-11-04T00:00:00.000Z,אירלנד,12,7,19
2021-11-04T00:00:00.000Z,איסלנד,1,0,1
2021-11-04T00:00:00.000Z,איי טורקס וקייקוס,4,0,4
2021-11-04T00:00:00.000Z,איטליה,827,190,1017
2021-11-04T00:00:00.000Z,אזרביג'אן,59,4,63
2021-11-04T00:00:00.000Z,אוקראינה,215,212,427
2021-11-04T00:00:00.000Z,אוסטרליה,1,10,11
2021-11-04T00:00:00.000Z,אוסטריה,333,56,389
2021-11-04T00:00:00.000Z,אוזבקיסטן,3,9,12
2021-11-05T00:00:00.000Z,איטליה,581,70,651
2021-11-05T00:00:00.000Z,ארגנטינה,4,4,8
2021-11-05T00:00:00.000Z,ארמניה,1,1,2
2021-11-05T00:00:00.000Z,ארצות הברית,1225,655,1880
2021-11-05T00:00:00.000Z,בולגריה,199,21,220
2021-11-05T00:00:00.000Z,בוסניה הרצגובינה,2,0,2
2021-11-05T00:00:00.000Z,בילורוסיה,1,1,2
2021-11-05T00:00:00.000Z,בלגיה,92,63,155
2021-11-05T00:00:00.000Z,ברזיל,11,12,23
2021-11-05T00:00:00.000Z,גאורגיה,140,20,160
2021-11-05T00:00:00.000Z,גווטאמלה,2,0,2
2021-11-05T00:00:00.000Z,גינאה,5,0,5
2021-11-05T00:00:00.000Z,גמביה,1,0,1
2021-11-05T00:00:00.000Z,גרמניה,725,302,1027
2021-11-05T00:00:00.000Z,דנמרק,9,5,14
2021-11-05T00:00:00.000Z,דרום אפריקה,4,1,5
2021-11-05T00:00:00.000Z,הודו,24,2,26
2021-11-05T00:00:00.000Z,הולנד,413,62,475
2021-11-05T00:00:00.000Z,הונגריה,579,46,625
2021-11-05T00:00:00.000Z,הממלכה המאוחדת,493,230,723
2021-11-05T00:00:00.000Z,ויטנאם,1,0,1
2021-11-05T00:00:00.000Z,ונצואלה,0,1,1
2021-11-05T00:00:00.000Z,חוף השנהב,2,0,2
2021-11-05T00:00:00.000Z,טוגו,1,0,1
2021-11-05T00:00:00.000Z,טיוואן,0,1,1
2021-11-05T00:00:00.000Z,קוסטה ריקה,9,3,12
2021-11-05T00:00:00.000Z,קוריאה הדרומית,2,2,4
2021-11-05T00:00:00.000Z,קזחסטאן,1,1,2
2021-11-05T00:00:00.000Z,קירג'זסטאן,1,0,1
2021-11-05T00:00:00.000Z,פנמה,3,1,4
2021-11-05T00:00:00.000Z,פינלנד,8,4,12
2021-11-05T00:00:00.000Z,פיליפינים,2,1,3
2021-11-05T00:00:00.000Z,פורטוגל,34,6,40
2021-11-05T00:00:00.000Z,פולין,265,98,363
2021-11-05T00:00:00.000Z,ערב הסעודית,1,0,1
2021-11-05T00:00:00.000Z,סרי לנקה (צילון),0,2,2
2021-11-05T00:00:00.000Z,סרביה,6,4,10
2021-11-05T00:00:00.000Z,ספרד,379,65,444
2021-11-05T00:00:00.000Z,סינגפור,0,1,1
2021-11-05T00:00:00.000Z,סין,1,1,2
2021-11-05T00:00:00.000Z,נפאל,1,3,4
2021-11-05T00:00:00.000Z,ניגריה,6,1,7
2021-11-05T00:00:00.000Z,נורבגיה,4,6,10
2021-11-05T00:00:00.000Z,מרוקו,101,16,117
2021-11-05T00:00:00.000Z,מקסיקו,8,4,12
2021-11-05T00:00:00.000Z,מקדוניה,1,0,1
2021-11-05T00:00:00.000Z,מצרים,226,39,265
2021-11-05T00:00:00.000Z,מלטה,3,2,5
2021-11-05T00:00:00.000Z,מלדיבים,4,1,5
2021-11-05T00:00:00.000Z,מונקו,0,1,1
2021-11-05T00:00:00.000Z,מונטנגרו,4,0,4
2021-11-05T00:00:00.000Z,מולדובה,1,0,1
2021-11-05T00:00:00.000Z,ליטא,7,2,9
2021-11-05T00:00:00.000Z,לטביה,2,6,8
2021-11-05T00:00:00.000Z,לוכסמבורג,5,2,7
2021-11-05T00:00:00.000Z,כלל המדינות,10711,3744,14455
2021-11-05T00:00:00.000Z,איחוד האמירויות הערב,171,33,204
2021-11-05T00:00:00.000Z,ירדן,1,3,4
2021-11-05T00:00:00.000Z,יפן,0,3,3
2021-11-05T00:00:00.000Z,אוסטריה,521,88,609
2021-11-05T00:00:00.000Z,אוזבקיסטן,7,6,13
2021-11-05T00:00:00.000Z,אוגנדה,4,0,4
2021-11-05T00:00:00.000Z,קנדה,104,108,212
2021-11-05T00:00:00.000Z,קניה,3,1,4
2021-11-05T00:00:00.000Z,קפריסין,183,48,231
2021-11-05T00:00:00.000Z,קרואטיה,1,1,2
2021-11-05T00:00:00.000Z,פרו,1,0,1
2021-11-05T00:00:00.000Z,צכיה,626,31,657
2021-11-05T00:00:00.000Z,צרפת,385,290,675
2021-11-05T00:00:00.000Z,קולומביה,0,3,3
2021-11-05T00:00:00.000Z,יוון,401,44,445
2021-11-05T00:00:00.000Z,טנזניה,1,2,3
2021-11-05T00:00:00.000Z,אוסטרליה,1,3,4
2021-11-05T00:00:00.000Z,אוקראינה,289,261,550
2021-11-05T00:00:00.000Z,אורגוואי,0,1,1
2021-11-05T00:00:00.000Z,אזרביג'אן,71,3,74
2021-11-05T00:00:00.000Z,פרגוואי,1,0,1
2021-11-05T00:00:00.000Z,איי טורקס וקייקוס,3,0,3
2021-11-05T00:00:00.000Z,איי סיישל,2,0,2
2021-11-05T00:00:00.000Z,אירלנד,15,6,21
2021-11-05T00:00:00.000Z,אלבניה,5,1,6
2021-11-05T00:00:00.000Z,אנגולה,4,0,4
2021-11-05T00:00:00.000Z,אסטוניה,1,0,1
2021-11-05T00:00:00.000Z,אקואדור,4,1,5
2021-11-05T00:00:00.000Z,תורכמניסטאן,1,0,1
2021-11-05T00:00:00.000Z,תורכיה,1031,306,1337
2021-11-05T00:00:00.000Z,תוניסיה,1,0,1
2021-11-05T00:00:00.000Z,תאילנד,90,12,102
2021-11-05T00:00:00.000Z,שוויץ,225,120,345
2021-11-05T00:00:00.000Z,שוודיה,6,7,13
2021-11-05T00:00:00.000Z,רוסיה,127,83,210
2021-11-05T00:00:00.000Z,רומניה,157,42,199
2021-11-06T00:00:00.000Z,קניה,6,3,9
2021-11-06T00:00:00.000Z,ויטנאם,0,2,2
2021-11-06T00:00:00.000Z,איטליה,1088,113,1201
2021-11-06T00:00:00.000Z,אזרביג'אן,4,0,4
2021-11-06T00:00:00.000Z,איחוד האמירויות הערב,259,38,297
2021-11-06T00:00:00.000Z,זאיר,1,0,1
2021-11-06T00:00:00.000Z,זימבאבווה,1,0,1
2021-11-06T00:00:00.000Z,זמביה,1,1,2
2021-11-06T00:00:00.000Z,חוף השנהב,1,0,1
2021-11-06T00:00:00.000Z,טנזניה,14,0,14
2021-11-06T00:00:00.000Z,יוון,224,23,247
2021-11-06T00:00:00.000Z,יפן,0,5,5
2021-11-06T00:00:00.000Z,ירדן,14,7,21
2021-11-06T00:00:00.000Z,כלל המדינות,9144,3155,12299
2021-11-06T00:00:00.000Z,לטביה,24,26,50
2021-11-06T00:00:00.000Z,ליטא,41,34,75
2021-11-06T00:00:00.000Z,מוזמביק,3,0,3
2021-11-06T00:00:00.000Z,מלאווי,0,5,5
2021-11-06T00:00:00.000Z,מלדיבים,8,0,8
2021-11-06T00:00:00.000Z,מלטה,109,5,114
2021-11-06T00:00:00.000Z,מצרים,1220,98,1318
2021-11-06T00:00:00.000Z,מקדוניה,1,0,1
2021-11-06T00:00:00.000Z,מקסיקו,5,3,8
2021-11-06T00:00:00.000Z,מרוקו,1,1,2
2021-11-06T00:00:00.000Z,נורבגיה,10,6,16
2021-11-06T00:00:00.000Z,ניגריה,4,0,4
2021-11-06T00:00:00.000Z,נפאל,3,0,3
2021-11-06T00:00:00.000Z,סין,0,1,1
2021-11-06T00:00:00.000Z,סינגפור,0,2,2
2021-11-06T00:00:00.000Z,סנגל,1,0,1
2021-11-06T00:00:00.000Z,ספרד,239,47,286
2021-11-06T00:00:00.000Z,סרביה,2,0,2
2021-11-06T00:00:00.000Z,סרי לנקה (צילון),0,1,1
2021-11-06T00:00:00.000Z,ערב הסעודית,1,0,1
2021-11-06T00:00:00.000Z,פולין,193,25,218
2021-11-06T00:00:00.000Z,פולינזיה הצרפתית,1,0,1
2021-11-06T00:00:00.000Z,פורטוגל,124,21,145
2021-11-06T00:00:00.000Z,פיליפינים,0,2,2
2021-11-06T00:00:00.000Z,פינלנד,13,8,21
2021-11-06T00:00:00.000Z,אורגוואי,1,0,1
2021-11-06T00:00:00.000Z,אוקראינה,126,93,219
2021-11-06T00:00:00.000Z,אוסטרליה,9,0,9
2021-11-06T00:00:00.000Z,אוסטריה,205,21,226
2021-11-06T00:00:00.000Z,אוזבקיסטן,2,9,11
2021-11-06T00:00:00.000Z,אוגנדה,9,1,10
2021-11-06T00:00:00.000Z,אבחזיסטאן,1,0,1
2021-11-06T00:00:00.000Z,גרמניה,283,133,416
2021-11-06T00:00:00.000Z,גויאנה הצרפתית,1,0,1
2021-11-06T00:00:00.000Z,גאנה,5,2,7
2021-11-06T00:00:00.000Z,גאורגיה,226,27,253
2021-11-06T00:00:00.000Z,ברזיל,5,5,10
2021-11-06T00:00:00.000Z,בלגיה,64,53,117
2021-11-06T00:00:00.000Z,בחריין,10,3,13
2021-11-06T00:00:00.000Z,בוסניה הרצגובינה,1,0,1
2021-11-06T00:00:00.000Z,בולגריה,6,1,7
2021-11-06T00:00:00.000Z,אתיופיה,26,8,34
2021-11-06T00:00:00.000Z,ארצות הברית,549,627,1176
2021-11-06T00:00:00.000Z,ארמניה,2,0,2
2021-11-06T00:00:00.000Z,ארגנטינה,3,1,4
2021-11-06T00:00:00.000Z,אסטוניה,1,4,5
2021-11-06T00:00:00.000Z,תורכמניסטאן,1,1,2
2021-11-06T00:00:00.000Z,תורכיה,976,261,1237
2021-11-06T00:00:00.000Z,אלבניה,3,0,3
2021-11-06T00:00:00.000Z,אל סלבדור,0,2,2
2021-11-06T00:00:00.000Z,אירלנד,13,5,18
2021-11-06T00:00:00.000Z,איי סיישל,2,0,2
2021-11-06T00:00:00.000Z,דנמרק,21,11,32
2021-11-06T00:00:00.000Z,דרום אפריקה,19,14,33
2021-11-06T00:00:00.000Z,דרום סודאן,1,0,1
2021-11-06T00:00:00.000Z,הודו,16,18,34
2021-11-06T00:00:00.000Z,הולנד,222,21,243
2021-11-06T00:00:00.000Z,הונג קונג,0,196,196
2021-11-06T00:00:00.000Z,הונגריה,293,18,311
2021-11-06T00:00:00.000Z,הממלכה המאוחדת,385,198,583
2021-11-06T00:00:00.000Z,הרפ הדומיניקנית,0,21,21
2021-11-06T00:00:00.000Z,פנמה,1,2,3
2021-11-06T00:00:00.000Z,פרו,2,0,2
2021-11-06T00:00:00.000Z,צ'ילה,2,0,2
2021-11-06T00:00:00.000Z,צכיה,494,17,511
2021-11-06T00:00:00.000Z,צרפת,396,325,721
2021-11-06T00:00:00.000Z,קובה,0,2,2
2021-11-06T00:00:00.000Z,קולומביה,2,8,10
2021-11-06T00:00:00.000Z,קונגו,1,0,1
2021-11-06T00:00:00.000Z,קוסטה ריקה,5,0,5
2021-11-06T00:00:00.000Z,קוריאה הדרומית,0,6,6
2021-11-06T00:00:00.000Z,קזחסטאן,2,0,2
2021-11-06T00:00:00.000Z,קמבודיה,0,15,15
2021-11-06T00:00:00.000Z,קנדה,9,11,20
2021-11-06T00:00:00.000Z,תוניסיה,2,0,2
2021-11-06T00:00:00.000Z,תאילנד,3,1,4
2021-11-06T00:00:00.000Z,שוויץ,41,22,63
2021-11-06T00:00:00.000Z,שוודיה,7,9,16
2021-11-06T00:00:00.000Z,רפ מרכז אפריקנית,1,0,1
2021-11-06T00:00:00.000Z,רוסיה,3,5,8
2021-11-06T00:00:00.000Z,רומניה,213,62,275
2021-11-06T00:00:00.000Z,רואנדה,1,0,1
2021-11-06T00:00:00.000Z,קרואטיה,1,8,9
2021-11-06T00:00:00.000Z,קפריסין,521,51,572
2021-11-07T00:00:00.000Z,איי טורקס וקייקוס,3,0,3
2021-11-07T00:00:00.000Z,תורכמניסטאן,5,1,6
2021-11-07T00:00:00.000Z,מונטנגרו,84,3,87
2021-11-07T00:00:00.000Z,מולדובה,50,41,91
2021-11-07T00:00:00.000Z,מאלי,0,1,1
2021-11-07T00:00:00.000Z,מאוריציוס,1,1,2
2021-11-07T00:00:00.000Z,ליטא,58,13,71
2021-11-07T00:00:00.000Z,לטביה,4,0,4
2021-11-07T00:00:00.000Z,לוכסמבורג,0,2,2
2021-11-07T00:00:00.000Z,לבנון,0,1,1
2021-11-07T00:00:00.000Z,כלל המדינות,15861,5009,20870
2021-11-07T00:00:00.000Z,ירדן,544,140,684
2021-11-07T00:00:00.000Z,יפן,1,1,2
2021-11-07T00:00:00.000Z,יוון,699,56,755
2021-11-07T00:00:00.000Z,טנזניה,3,0,3
2021-11-07T00:00:00.000Z,טיוואן,0,2,2
2021-11-07T00:00:00.000Z,טוגו,1,0,1
2021-11-07T00:00:00.000Z,חוף השנהב,3,0,3
2021-11-07T00:00:00.000Z,זימבאבווה,1,0,1
2021-11-07T00:00:00.000Z,זאיר,1,0,1
2021-11-07T00:00:00.000Z,ונצואלה,0,1,1
2021-11-07T00:00:00.000Z,ויטנאם,4,0,4
2021-11-07T00:00:00.000Z,הרפ הדומיניקנית,7,5,12
2021-11-07T00:00:00.000Z,הממלכה המאוחדת,498,287,785
2021-11-07T00:00:00.000Z,הונגריה,820,64,884
2021-11-07T00:00:00.000Z,הולנד,403,80,483
2021-11-07T00:00:00.000Z,הודו,2,10,12
2021-11-07T00:00:00.000Z,דרום אפריקה,6,7,13
2021-11-07T00:00:00.000Z,דנמרק,23,23,46
2021-11-07T00:00:00.000Z,גרמניה,481,248,729
2021-11-07T00:00:00.000Z,גאורגיה,661,38,699
2021-11-07T00:00:00.000Z,ברזיל,12,14,26
2021-11-07T00:00:00.000Z,בנין (דהומי),0,2,2
2021-11-07T00:00:00.000Z,בליז,1,0,1
2021-11-07T00:00:00.000Z,בלגיה,53,63,116
2021-11-07T00:00:00.000Z,בילורוסיה,108,63,171
2021-11-07T00:00:00.000Z,בוסניה הרצגובינה,2,0,2
2021-11-07T00:00:00.000Z,בוליביה,1,2,3
2021-11-07T00:00:00.000Z,בולגריה,116,8,124
2021-11-07T00:00:00.000Z,בוטן,1,0,1
2021-11-07T00:00:00.000Z,אתיופיה,14,34,48
2021-11-07T00:00:00.000Z,ארצות הברית,642,701,1343
2021-11-07T00:00:00.000Z,ארמניה,1,0,1
2021-11-07T00:00:00.000Z,ארגנטינה,4,6,10
2021-11-07T00:00:00.000Z,אקואדור,1,0,1
2021-11-07T00:00:00.000Z,אפגניסטן,1,0,1
2021-11-07T00:00:00.000Z,אסטוניה,0,5,5
2021-11-07T00:00:00.000Z,אנדורה,0,1,1
2021-11-07T00:00:00.000Z,אנגולה,4,0,4
2021-11-07T00:00:00.000Z,אלבניה,3,1,4
2021-11-07T00:00:00.000Z,אירלנד,6,5,11
2021-11-07T00:00:00.000Z,איסלנד,1,2,3
2021-11-07T00:00:00.000Z,איי סיישל,4,0,4
2021-11-07T00:00:00.000Z,מלדיבים,14,2,16
2021-11-07T00:00:00.000Z,איטליה,1037,103,1140
2021-11-07T00:00:00.000Z,אזרביג'אן,29,17,46
2021-11-07T00:00:00.000Z,אורגוואי,3,6,9
2021-11-07T00:00:00.000Z,אוקראינה,268,132,400
2021-11-07T00:00:00.000Z,אוסטרליה,6,13,19
2021-11-07T00:00:00.000Z,אוסטריה,386,61,447
2021-11-07T00:00:00.000Z,אוזבקיסטן,11,4,15
2021-11-07T00:00:00.000Z,אוגנדה,4,1,5
2021-11-07T00:00:00.000Z,אבחזיסטאן,8,4,12
2021-11-07T00:00:00.000Z,מצרים,1046,129,1175
2021-11-07T00:00:00.000Z,מקאו,1,0,1
2021-11-07T00:00:00.000Z,איחוד האמירויות הערב,747,92,839
2021-11-07T00:00:00.000Z,מקסיקו,7,5,12
2021-11-07T00:00:00.000Z,מרוקו,61,8,69
2021-11-07T00:00:00.000Z,נורבגיה,3,13,16
2021-11-07T00:00:00.000Z,ניגריה,2,5,7
2021-11-07T00:00:00.000Z,נפאל,2,2,4
2021-11-07T00:00:00.000Z,סינגפור,3,6,9
2021-11-07T00:00:00.000Z,סלובקיה,0,10,10
2021-11-07T00:00:00.000Z,ספרד,594,150,744
2021-11-07T00:00:00.000Z,סרביה,6,17,23
2021-11-07T00:00:00.000Z,סרי לנקה (צילון),4,2,6
2021-11-07T00:00:00.000Z,עומן,2,1,3
2021-11-07T00:00:00.000Z,פאפואה,2,0,2
2021-11-07T00:00:00.000Z,פולין,448,86,534
2021-11-07T00:00:00.000Z,פולינזיה הצרפתית,1,0,1
2021-11-07T00:00:00.000Z,פורטו ריקו,0,10,10
2021-11-07T00:00:00.000Z,פורטוגל,82,21,103
2021-11-07T00:00:00.000Z,פיליפינים,0,9,9
2021-11-07T00:00:00.000Z,פינלנד,2,0,2
2021-11-07T00:00:00.000Z,פרו,2,1,3
2021-11-07T00:00:00.000Z,צ'ילה,2,0,2
2021-11-07T00:00:00.000Z,צכיה,878,26,904
2021-11-07T00:00:00.000Z,צרפת,711,504,1215
2021-11-07T00:00:00.000Z,קולומביה,2,2,4
2021-11-07T00:00:00.000Z,קוסובו,1,0,1
2021-11-07T00:00:00.000Z,קוסטה ריקה,2,3,5
2021-11-07T00:00:00.000Z,קוריאה הדרומית,4,10,14
2021-11-07T00:00:00.000Z,קזחסטאן,6,1,7
2021-11-07T00:00:00.000Z,קירג'זסטאן,3,0,3
2021-11-07T00:00:00.000Z,קמבודיה,0,1,1
2021-11-07T00:00:00.000Z,קמרון,2,0,2
2021-11-07T00:00:00.000Z,קנדה,55,94,149
2021-11-07T00:00:00.000Z,קניה,1,0,1
2021-11-07T00:00:00.000Z,קפריסין,660,73,733
2021-11-07T00:00:00.000Z,קרואטיה,2,4,6
2021-11-07T00:00:00.000Z,רואנדה,1,0,1
2021-11-07T00:00:00.000Z,רומניה,84,6,90
2021-11-07T00:00:00.000Z,רוסיה,127,103,230
2021-11-07T00:00:00.000Z,שוודיה,30,32,62
2021-11-07T00:00:00.000Z,שוויץ,283,155,438
2021-11-07T00:00:00.000Z,תאילנד,4,1,5
2021-11-07T00:00:00.000Z,תורכיה,1690,409,2099
2021-11-08T00:00:00.000Z,מלדיבים,15,1,16
2021-11-08T00:00:00.000Z,ליטא,3,0,3
2021-11-08T00:00:00.000Z,לטביה,17,4,21
2021-11-08T00:00:00.000Z,לוכסמבורג,0,3,3
2021-11-08T00:00:00.000Z,כלל המדינות,14544,4896,19440
2021-11-08T00:00:00.000Z,כווית,0,1,1
2021-11-08T00:00:00.000Z,ירדן,77,40,117
2021-11-08T00:00:00.000Z,יפן,1,0,1
2021-11-08T00:00:00.000Z,יוון,797,52,849
2021-11-08T00:00:00.000Z,טיוואן,1,0,1
2021-11-08T00:00:00.000Z,טג'יקיסטאן,1,0,1
2021-11-08T00:00:00.000Z,זמביה,2,0,2
2021-11-08T00:00:00.000Z,זאיר,1,0,1
2021-11-08T00:00:00.000Z,ויטנאם,1,0,1
2021-11-08T00:00:00.000Z,הרפ הדומיניקנית,1,2,3
2021-11-08T00:00:00.000Z,הממלכה המאוחדת,979,316,1295
2021-11-08T00:00:00.000Z,הונגריה,680,73,753
2021-11-08T00:00:00.000Z,הולנד,418,69,487
2021-11-08T00:00:00.000Z,הודו,17,4,21
2021-11-08T00:00:00.000Z,דרום אפריקה,17,25,42
2021-11-08T00:00:00.000Z,דנמרק,17,14,31
2021-11-08T00:00:00.000Z,גרמניה,667,254,921
2021-11-08T00:00:00.000Z,גויאנה הצרפתית,1,0,1
2021-11-08T00:00:00.000Z,גווטאמלה,0,7,7
2021-11-08T00:00:00.000Z,גואדאלופ,0,1,1
2021-11-08T00:00:00.000Z,גאנה,2,2,4
2021-11-08T00:00:00.000Z,גאורגיה,431,32,463
2021-11-08T00:00:00.000Z,ברזיל,10,34,44
2021-11-08T00:00:00.000Z,בלגיה,185,102,287
2021-11-08T00:00:00.000Z,בילורוסיה,1,0,1
2021-11-08T00:00:00.000Z,בחריין,23,0,23
2021-11-08T00:00:00.000Z,בורונדי,1,0,1
2021-11-08T00:00:00.000Z,בוסניה הרצגובינה,0,2,2
2021-11-08T00:00:00.000Z,בוליביה,2,0,2
2021-11-08T00:00:00.000Z,בולגריה,276,25,301
2021-11-08T00:00:00.000Z,בוטסואנה,2,0,2
2021-11-08T00:00:00.000Z,בהמס,1,1,2
2021-11-08T00:00:00.000Z,אתיופיה,17,9,26
2021-11-08T00:00:00.000Z,ארצות הברית,1053,1095,2148
2021-11-08T00:00:00.000Z,ארמניה,9,1,10
2021-11-08T00:00:00.000Z,ארגנטינה,3,2,5
2021-11-08T00:00:00.000Z,תימן,0,1,1
2021-11-08T00:00:00.000Z,אנגולה,7,0,7
2021-11-08T00:00:00.000Z,אלבניה,1,5,6
2021-11-08T00:00:00.000Z,אירלנד,1,8,9
2021-11-08T00:00:00.000Z,איסלנד,6,0,6
2021-11-08T00:00:00.000Z,איי סיישל,9,0,9
2021-11-08T00:00:00.000Z,איטליה,1056,131,1187
2021-11-08T00:00:00.000Z,אזרביג'אן,73,10,83
2021-11-08T00:00:00.000Z,אורגוואי,1,1,2
2021-11-08T00:00:00.000Z,אוקראינה,524,270,794
2021-11-08T00:00:00.000Z,אוסטרליה,8,5,13
2021-11-08T00:00:00.000Z,אוסטריה,660,81,741
2021-11-08T00:00:00.000Z,אוזבקיסטן,6,5,11
2021-11-08T00:00:00.000Z,אוגנדה,6,1,7
2021-11-08T00:00:00.000Z,אבחזיסטאן,1,0,1
2021-11-08T00:00:00.000Z,איחוד האמירויות הערב,472,40,512
2021-11-08T00:00:00.000Z,תורכיה,1160,318,1478
2021-11-08T00:00:00.000Z,תוניסיה,0,1,1
2021-11-08T00:00:00.000Z,תאילנד,40,5,45
2021-11-08T00:00:00.000Z,שוויץ,144,85,229
2021-11-08T00:00:00.000Z,שוודיה,16,10,26
2021-11-08T00:00:00.000Z,רוסיה,124,170,294
2021-11-08T00:00:00.000Z,רומניה,284,33,317
2021-11-08T00:00:00.000Z,רואנדה,3,0,3
2021-11-08T00:00:00.000Z,קרואטיה,1,4,5
2021-11-08T00:00:00.000Z,קפריסין,356,88,444
2021-11-08T00:00:00.000Z,קניה,11,0,11
2021-11-08T00:00:00.000Z,קנדה,60,121,181
2021-11-08T00:00:00.000Z,קזחסטאן,5,0,5
2021-11-08T00:00:00.000Z,קוריאה הדרומית,4,0,4
2021-11-08T00:00:00.000Z,קוסטה ריקה,1,2,3
2021-11-08T00:00:00.000Z,קולומביה,1,1,2
2021-11-08T00:00:00.000Z,צרפת,791,386,1177
2021-11-08T00:00:00.000Z,צכיה,556,21,577
2021-11-08T00:00:00.000Z,צ'ילה,3,3,6
2021-11-08T00:00:00.000Z,פרו,0,1,1
2021-11-08T00:00:00.000Z,פנמה,0,5,5
2021-11-08T00:00:00.000Z,פינלנד,8,5,13
2021-11-08T00:00:00.000Z,פיליפינים,0,2,2
2021-11-08T00:00:00.000Z,פורטוגל,169,4,173
2021-11-08T00:00:00.000Z,פורטו ריקו,0,46,46
2021-11-08T00:00:00.000Z,פולין,348,41,389
2021-11-08T00:00:00.000Z,ערב הסעודית,2,0,2
2021-11-08T00:00:00.000Z,סרי לנקה (צילון),3,0,3
2021-11-08T00:00:00.000Z,סרביה,7,5,12
2021-11-08T00:00:00.000Z,ספרד,442,161,603
2021-11-08T00:00:00.000Z,סנגל,1,0,1
2021-11-08T00:00:00.000Z,סלובניה,0,1,1
2021-11-08T00:00:00.000Z,סין,1,0,1
2021-11-08T00:00:00.000Z,נפאל,5,2,7
2021-11-08T00:00:00.000Z,ניו זילנד,0,1,1
2021-11-08T00:00:00.000Z,ניגריה,5,2,7
2021-11-08T00:00:00.000Z,נורבגיה,6,4,10
2021-11-08T00:00:00.000Z,מרוקו,36,5,41
2021-11-08T00:00:00.000Z,אסטוניה,0,4,4
2021-11-08T00:00:00.000Z,מקדוניה,2,0,2
2021-11-08T00:00:00.000Z,מצרים,372,40,412
2021-11-08T00:00:00.000Z,מלטה,2,0,2
2021-11-08T00:00:00.000Z,מקסיקו,7,23,30
2021-11-09T00:00:00.000Z,מרוקו,148,8,156
2021-11-09T00:00:00.000Z,מקסיקו,11,5,16
2021-11-09T00:00:00.000Z,מצרים,52,5,57
2021-11-09T00:00:00.000Z,מלטה,4,1,5
2021-11-09T00:00:00.000Z,מלדיבים,2,3,5
2021-11-09T00:00:00.000Z,מולדובה,27,101,128
2021-11-09T00:00:00.000Z,מוזמביק,1,0,1
2021-11-09T00:00:00.000Z,מאוריציוס,4,0,4
2021-11-09T00:00:00.000Z,ליטא,54,24,78
2021-11-09T00:00:00.000Z,לטביה,17,39,56
2021-11-09T00:00:00.000Z,לוכסמבורג,1,4,5
2021-11-09T00:00:00.000Z,כלל המדינות,10255,4603,14858
2021-11-09T00:00:00.000Z,ירדן,55,20,75
2021-11-09T00:00:00.000Z,יפן,1,1,2
2021-11-09T00:00:00.000Z,יוון,339,35,374
2021-11-09T00:00:00.000Z,טנזניה,4,0,4
2021-11-09T00:00:00.000Z,חוף השנהב,1,0,1
2021-11-09T00:00:00.000Z,זמביה,1,1,2
2021-11-09T00:00:00.000Z,הרפ הדומיניקנית,1,0,1
2021-11-09T00:00:00.000Z,הממלכה המאוחדת,596,279,875
2021-11-09T00:00:00.000Z,הונגריה,399,68,467
2021-11-09T00:00:00.000Z,הולנד,417,79,496
2021-11-09T00:00:00.000Z,הודו,53,50,103
2021-11-09T00:00:00.000Z,דרום סודאן,0,1,1
2021-11-09T00:00:00.000Z,דרום אפריקה,13,11,24
2021-11-09T00:00:00.000Z,דנמרק,19,15,34
2021-11-09T00:00:00.000Z,גרמניה,411,138,549
2021-11-09T00:00:00.000Z,גאנה,0,1,1
2021-11-09T00:00:00.000Z,גאורגיה,117,26,143
2021-11-09T00:00:00.000Z,אבחזיסטאן,2,2,4
2021-11-09T00:00:00.000Z,תורכיה,1126,364,1490
2021-11-09T00:00:00.000Z,איחוד האמירויות הערב,354,53,407
2021-11-09T00:00:00.000Z,תוניסיה,7,1,8
2021-11-09T00:00:00.000Z,שוויץ,56,33,89
2021-11-09T00:00:00.000Z,שוודיה,9,2,11
2021-11-09T00:00:00.000Z,רוסיה,100,119,219
2021-11-09T00:00:00.000Z,רומניה,66,14,80
2021-11-09T00:00:00.000Z,קרואטיה,4,1,5
2021-11-09T00:00:00.000Z,קפריסין,130,39,169
2021-11-09T00:00:00.000Z,קניה,9,1,10
2021-11-09T00:00:00.000Z,קנדה,54,96,150
2021-11-09T00:00:00.000Z,קמרון,0,1,1
2021-11-09T00:00:00.000Z,קזחסטאן,1,4,5
2021-11-09T00:00:00.000Z,קוסטה ריקה,3,1,4
2021-11-09T00:00:00.000Z,קולומביה,1,6,7
2021-11-09T00:00:00.000Z,צרפת,756,647,1403
2021-11-09T00:00:00.000Z,צכיה,398,19,417
2021-11-09T00:00:00.000Z,צ'ילה,2,7,9
2021-11-09T00:00:00.000Z,צאד,1,0,1
2021-11-09T00:00:00.000Z,פרו,0,4,4
2021-11-09T00:00:00.000Z,פינלנד,7,7,14
2021-11-09T00:00:00.000Z,פיליפינים,1,2,3
2021-11-09T00:00:00.000Z,פורטוגל,54,28,82
2021-11-09T00:00:00.000Z,פולין,183,55,238
2021-11-09T00:00:00.000Z,עירק,1,0,1
2021-11-09T00:00:00.000Z,סרי לנקה (צילון),5,0,5
2021-11-09T00:00:00.000Z,סרביה,6,5,11
2021-11-09T00:00:00.000Z,ספרד,303,33,336
2021-11-09T00:00:00.000Z,סלובניה,0,1,1
2021-11-09T00:00:00.000Z,סינגפור,2,0,2
2021-11-09T00:00:00.000Z,נפאל,1,2,3
2021-11-09T00:00:00.000Z,נמיביה,0,1,1
2021-11-09T00:00:00.000Z,ניגריה,4,0,4
2021-11-09T00:00:00.000Z,נורבגיה,7,1,8
2021-11-09T00:00:00.000Z,ברזיל,13,19,32
2021-11-09T00:00:00.000Z,בלגיה,83,107,190
2021-11-09T00:00:00.000Z,בילורוסיה,7,1,8
2021-11-09T00:00:00.000Z,בוסניה הרצגובינה,1,0,1
2021-11-09T00:00:00.000Z,בולגריה,1,0,1
2021-11-09T00:00:00.000Z,אתיופיה,18,8,26
2021-11-09T00:00:00.000Z,ארצות הברית,839,961,1800
2021-11-09T00:00:00.000Z,ארמניה,1,0,1
2021-11-09T00:00:00.000Z,ארגנטינה,7,16,23
2021-11-09T00:00:00.000Z,אפגניסטן,2,1,3
2021-11-09T00:00:00.000Z,אסטוניה,3,1,4
2021-11-09T00:00:00.000Z,אנגולה,2,0,2
2021-11-09T00:00:00.000Z,אלבניה,2,0,2
2021-11-09T00:00:00.000Z,אל סלבדור,0,1,1
2021-11-09T00:00:00.000Z,אירלנד,8,4,12
2021-11-09T00:00:00.000Z,איסלנד,4,0,4
2021-11-09T00:00:00.000Z,איי סיישל,3,3,6
2021-11-09T00:00:00.000Z,איי טורקס וקייקוס,2,1,3
2021-11-09T00:00:00.000Z,איטליה,655,64,719
2021-11-09T00:00:00.000Z,אזרביג'אן,1,13,14
2021-11-09T00:00:00.000Z,אורגוואי,2,0,2
2021-11-09T00:00:00.000Z,אוקראינה,90,96,186
2021-11-09T00:00:00.000Z,אוסטרליה,2,0,2
2021-11-09T00:00:00.000Z,אוסטריה,364,58,422
2021-11-09T00:00:00.000Z,אוזבקיסטן,70,41,111
2021-11-09T00:00:00.000Z,אוגנדה,7,4,11
2021-11-10T00:00:00.000Z,קנדה,50,84,134
2021-11-10T00:00:00.000Z,קניה,3,0,3
2021-11-10T00:00:00.000Z,קפריסין,233,43,276
2021-11-10T00:00:00.000Z,דרום אפריקה,12,52,64
2021-11-10T00:00:00.000Z,הודו,17,4,21
2021-11-10T00:00:00.000Z,הולנד,181,57,238
2021-11-10T00:00:00.000Z,הונגריה,236,81,317
2021-11-10T00:00:00.000Z,הממלכה המאוחדת,361,213,574
2021-11-10T00:00:00.000Z,הרפ הדומיניקנית,1,0,1
2021-11-10T00:00:00.000Z,ויטנאם,0,1,1
2021-11-10T00:00:00.000Z,ונצואלה,0,1,1
2021-11-10T00:00:00.000Z,זאיר,0,1,1
2021-11-10T00:00:00.000Z,חוף השנהב,1,0,1
2021-11-10T00:00:00.000Z,טובלו,2,0,2
2021-11-10T00:00:00.000Z,טנזניה,9,0,9
2021-11-10T00:00:00.000Z,יוון,193,38,231
2021-11-10T00:00:00.000Z,יפן,0,5,5
2021-11-10T00:00:00.000Z,ירדן,47,24,71
2021-11-10T00:00:00.000Z,כלל המדינות,7861,4845,12706
2021-11-10T00:00:00.000Z,מאלי,2,0,2
2021-11-10T00:00:00.000Z,מוזמביק,3,1,4
2021-11-10T00:00:00.000Z,מונטנגרו,0,3,3
2021-11-10T00:00:00.000Z,מונקו,1,0,1
2021-11-10T00:00:00.000Z,איחוד האמירויות הערב,453,87,540
2021-11-10T00:00:00.000Z,מלדיבים,14,0,14
2021-11-10T00:00:00.000Z,מלטה,87,13,100
2021-11-10T00:00:00.000Z,פרגוואי,1,0,1
2021-11-10T00:00:00.000Z,פרו,3,6,9
2021-11-10T00:00:00.000Z,צכיה,184,13,197
2021-11-10T00:00:00.000Z,צרפת,383,740,1123
2021-11-10T00:00:00.000Z,קולומביה,3,7,10
2021-11-10T00:00:00.000Z,קוסטה ריקה,2,3,5
2021-11-10T00:00:00.000Z,קוריאה הדרומית,3,19,22
2021-11-10T00:00:00.000Z,קזחסטאן,3,0,3
2021-11-10T00:00:00.000Z,קמרון,1,0,1
2021-11-10T00:00:00.000Z,רואנדה,0,1,1
2021-11-10T00:00:00.000Z,רומניה,96,36,132
2021-11-10T00:00:00.000Z,רוסיה,73,65,138
2021-11-10T00:00:00.000Z,אוזבקיסטן,1,2,3
2021-11-10T00:00:00.000Z,אוסטריה,178,44,222
2021-11-10T00:00:00.000Z,מצרים,316,45,361
2021-11-10T00:00:00.000Z,מקסיקו,4,11,15
2021-11-10T00:00:00.000Z,מרוקו,87,4,91
2021-11-10T00:00:00.000Z,נורבגיה,7,4,11
2021-11-10T00:00:00.000Z,ניגריה,0,1,1
2021-11-10T00:00:00.000Z,נפאל,2,2,4
2021-11-10T00:00:00.000Z,סיירה ליאונה,1,0,1
2021-11-10T00:00:00.000Z,סין,0,4,4
2021-11-10T00:00:00.000Z,סינגפור,0,1,1
2021-11-10T00:00:00.000Z,סלובניה,1,0,1
2021-11-10T00:00:00.000Z,סלובקיה,0,2,2
2021-11-10T00:00:00.000Z,אוסטרליה,2,25,27
2021-11-10T00:00:00.000Z,אוקראינה,232,246,478
2021-11-10T00:00:00.000Z,אזרביג'אן,3,0,3
2021-11-10T00:00:00.000Z,איטליה,564,107,671
2021-11-10T00:00:00.000Z,איי סיישל,70,8,78
2021-11-10T00:00:00.000Z,איסלנד,3,2,5
2021-11-10T00:00:00.000Z,אירלנד,4,2,6
2021-11-10T00:00:00.000Z,אל סלבדור,1,0,1
2021-11-10T00:00:00.000Z,אלבניה,2,0,2
2021-11-10T00:00:00.000Z,אנגולה,4,0,4
2021-11-10T00:00:00.000Z,אסטוניה,1,1,2
2021-11-10T00:00:00.000Z,אקואדור,2,0,2
2021-11-10T00:00:00.000Z,ארגנטינה,2,8,10
2021-11-10T00:00:00.000Z,ארמניה,2,0,2
2021-11-10T00:00:00.000Z,ארצות הברית,715,1062,1777
2021-11-10T00:00:00.000Z,אתיופיה,12,3,15
2021-11-10T00:00:00.000Z,בולגריה,83,27,110
2021-11-10T00:00:00.000Z,בוסניה הרצגובינה,2,1,3
2021-11-10T00:00:00.000Z,בלגיה,16,16,32
2021-11-10T00:00:00.000Z,ברזיל,14,16,30
2021-11-10T00:00:00.000Z,גאורגיה,57,1,58
2021-11-10T00:00:00.000Z,גאנה,0,2,2
2021-11-10T00:00:00.000Z,גואדאלופ,0,1,1
2021-11-10T00:00:00.000Z,גיברלטר,2,0,2
2021-11-10T00:00:00.000Z,גרמניה,397,196,593
2021-11-10T00:00:00.000Z,דנמרק,3,9,12
2021-11-10T00:00:00.000Z,פיליפינים,0,27,27
2021-11-10T00:00:00.000Z,פינלנד,5,4,9
2021-11-10T00:00:00.000Z,פנמה,1,3,4
2021-11-10T00:00:00.000Z,שוודיה,16,9,25
2021-11-10T00:00:00.000Z,שוויץ,98,64,162
2021-11-10T00:00:00.000Z,תאילנד,21,104,125
2021-11-10T00:00:00.000Z,תורכיה,739,261,1000
2021-11-10T00:00:00.000Z,פורטוגל,51,28,79
2021-11-10T00:00:00.000Z,פולין,60,10,70
2021-11-10T00:00:00.000Z,סרי לנקה (צילון),0,8,8
2021-11-10T00:00:00.000Z,סרביה,6,5,11
2021-11-10T00:00:00.000Z,אוגנדה,6,1,7
2021-11-10T00:00:00.000Z,ספרד,82,53,135
2021-11-10T00:00:00.000Z,פורטו ריקו,0,2,2
2021-11-11T00:00:00.000Z,כלל המדינות,12485,6121,18606
2021-11-11T00:00:00.000Z,תימן,0,1,1
2021-11-11T00:00:00.000Z,תורכיה,1504,467,1971
2021-11-11T00:00:00.000Z,תאילנד,0,2,2
2021-11-11T00:00:00.000Z,שוויץ,98,57,155
2021-11-11T00:00:00.000Z,שוודיה,14,18,32
2021-11-11T00:00:00.000Z,רוסיה,132,182,314
2021-11-11T00:00:00.000Z,רומניה,2,0,2
2021-11-11T00:00:00.000Z,קרואטיה,0,2,2
2021-11-11T00:00:00.000Z,קפריסין,446,82,528
2021-11-11T00:00:00.000Z,איחוד האמירויות הערב,886,76,962
2021-11-11T00:00:00.000Z,קניה,15,3,18
2021-11-11T00:00:00.000Z,קנדה,17,30,47
2021-11-11T00:00:00.000Z,קמרון,1,0,1
2021-11-11T00:00:00.000Z,קלדוניה החדשה,0,2,2
2021-11-11T00:00:00.000Z,קירג'זסטאן,0,1,1
2021-11-11T00:00:00.000Z,קזחסטאן,1,1,2
2021-11-11T00:00:00.000Z,קוריאה הדרומית,0,1,1
2021-11-11T00:00:00.000Z,קוסטה ריקה,8,8,16
2021-11-11T00:00:00.000Z,קולומביה,4,4,8
2021-11-11T00:00:00.000Z,צרפת,542,870,1412
2021-11-11T00:00:00.000Z,צכיה,373,26,399
2021-11-11T00:00:00.000Z,צ'ילה,4,3,7
2021-11-11T00:00:00.000Z,צאד,2,0,2
2021-11-11T00:00:00.000Z,פרו,4,1,5
2021-11-11T00:00:00.000Z,פרגוואי,1,0,1
2021-11-11T00:00:00.000Z,פנמה,3,2,5
2021-11-11T00:00:00.000Z,פינלנד,4,8,12
2021-11-11T00:00:00.000Z,פיליפינים,2,3,5
2021-11-11T00:00:00.000Z,פורטוגל,201,31,232
2021-11-11T00:00:00.000Z,פולין,203,92,295
2021-11-11T00:00:00.000Z,עירק,1,0,1
2021-11-11T00:00:00.000Z,סרי לנקה (צילון),5,3,8
2021-11-11T00:00:00.000Z,סרביה,6,0,6
2021-11-11T00:00:00.000Z,ספרד,334,168,502
2021-11-11T00:00:00.000Z,סנגל,1,0,1
2021-11-11T00:00:00.000Z,סלובקיה,0,2,2
2021-11-11T00:00:00.000Z,סינגפור,1,0,1
2021-11-11T00:00:00.000Z,סין,1,37,38
2021-11-11T00:00:00.000Z,נפאל,1,3,4
2021-11-11T00:00:00.000Z,נמיביה,2,1,3
2021-11-11T00:00:00.000Z,ניגריה,4,3,7
2021-11-11T00:00:00.000Z,נורבגיה,5,6,11
2021-11-11T00:00:00.000Z,מרוקו,103,10,113
2021-11-11T00:00:00.000Z,מקסיקו,9,15,24
2021-11-11T00:00:00.000Z,מקדוניה,2,1,3
2021-11-11T00:00:00.000Z,מצרים,274,58,332
2021-11-11T00:00:00.000Z,מלדיבים,10,0,10
2021-11-11T00:00:00.000Z,מונטנגרו,95,5,100
2021-11-11T00:00:00.000Z,מונגוליה,2,0,2
2021-11-11T00:00:00.000Z,מולדובה,72,24,96
2021-11-11T00:00:00.000Z,מאוריציוס,7,0,7
2021-11-11T00:00:00.000Z,ליטא,55,22,77
2021-11-11T00:00:00.000Z,לטביה,7,0,7
2021-11-11T00:00:00.000Z,תורכמניסטאן,1,2,3
2021-11-11T00:00:00.000Z,ירדן,76,31,107
2021-11-11T00:00:00.000Z,יוון,256,46,302
2021-11-11T00:00:00.000Z,טנזניה,9,1,10
2021-11-11T00:00:00.000Z,טיוואן,1,0,1
2021-11-11T00:00:00.000Z,חוף השנהב,1,2,3
2021-11-11T00:00:00.000Z,זמביה,3,0,3
2021-11-11T00:00:00.000Z,זימבאבווה,2,0,2
2021-11-11T00:00:00.000Z,זאיר,1,1,2
2021-11-11T00:00:00.000Z,הרפ הדומיניקנית,3,1,4
2021-11-11T00:00:00.000Z,הממלכה המאוחדת,467,432,899
2021-11-11T00:00:00.000Z,הונגריה,644,84,728
2021-11-11T00:00:00.000Z,הונג קונג,6,7,13
2021-11-11T00:00:00.000Z,הולנד,396,128,524
2021-11-11T00:00:00.000Z,הודו,21,2,23
2021-11-11T00:00:00.000Z,דרום אפריקה,16,26,42
2021-11-11T00:00:00.000Z,דנמרק,12,10,22
2021-11-11T00:00:00.000Z,גרמניה,310,195,505
2021-11-11T00:00:00.000Z,גינאה המשוונית,1,0,1
2021-11-11T00:00:00.000Z,גויאנה הצרפתית,6,0,6
2021-11-11T00:00:00.000Z,גאנה,2,6,8
2021-11-11T00:00:00.000Z,גאורגיה,659,74,733
2021-11-11T00:00:00.000Z,ברזיל,9,24,33
2021-11-11T00:00:00.000Z,בנגלדש,3,0,3
2021-11-11T00:00:00.000Z,בליז,1,0,1
2021-11-11T00:00:00.000Z,בלגיה,69,157,226
2021-11-11T00:00:00.000Z,בילורוסיה,2,0,2
2021-11-11T00:00:00.000Z,בחריין,17,5,22
2021-11-11T00:00:00.000Z,בורקינה פאסו,2,0,2
2021-11-11T00:00:00.000Z,בוסניה הרצגובינה,5,2,7
2021-11-11T00:00:00.000Z,בולגריה,107,13,120
2021-11-11T00:00:00.000Z,בוטסואנה,4,0,4
2021-11-11T00:00:00.000Z,בהמס,1,0,1
2021-11-11T00:00:00.000Z,אתיופיה,42,18,60
2021-11-11T00:00:00.000Z,ארצות הברית,1220,1252,2472
2021-11-11T00:00:00.000Z,ארגנטינה,9,14,23
2021-11-11T00:00:00.000Z,אקואדור,0,2,2
2021-11-11T00:00:00.000Z,אסטוניה,1,0,1
2021-11-11T00:00:00.000Z,אנגולה,2,0,2
2021-11-11T00:00:00.000Z,אלבניה,2,15,17
2021-11-11T00:00:00.000Z,אירלנד,1,3,4
2021-11-11T00:00:00.000Z,אינדונזיה,2,0,2
2021-11-11T00:00:00.000Z,איי סיישל,1,1,2
2021-11-11T00:00:00.000Z,איי טורקס וקייקוס,2,0,2
2021-11-11T00:00:00.000Z,איטליה,1114,223,1337
2021-11-11T00:00:00.000Z,אזרביג'אן,32,20,52
2021-11-11T00:00:00.000Z,אורגוואי,1,0,1
2021-11-11T00:00:00.000Z,אוקראינה,155,150,305
2021-11-11T00:00:00.000Z,אוסטרליה,4,15,19
2021-11-11T00:00:00.000Z,אוסטריה,353,88,441
2021-11-11T00:00:00.000Z,אוזבקיסטן,11,5,16
2021-11-11T00:00:00.000Z,אוגנדה,15,40,55
2021-11-11T00:00:00.000Z,אבחזיסטאן,5,1,6
2021-11-11T00:00:00.000Z,ערב הסעודית,0,2,2
2021-11-12T00:00:00.000Z,מרוקו,266,23,289
2021-11-12T00:00:00.000Z,מקסיקו,23,14,37
2021-11-12T00:00:00.000Z,מצרים,250,40,290
2021-11-12T00:00:00.000Z,מלטה,17,1,18
2021-11-12T00:00:00.000Z,מלדיבים,10,0,10
2021-11-12T00:00:00.000Z,מונטנגרו,1,0,1
2021-11-12T00:00:00.000Z,מולדובה,5,0,5
2021-11-12T00:00:00.000Z,ליטא,9,0,9
2021-11-12T00:00:00.000Z,איחוד האמירויות הערב,281,53,334
2021-11-12T00:00:00.000Z,ליבריה,1,0,1
2021-11-12T00:00:00.000Z,לטביה,2,1,3
2021-11-12T00:00:00.000Z,אבחזיסטאן,3,0,3
2021-11-12T00:00:00.000Z,אוגנדה,4,1,5
2021-11-12T00:00:00.000Z,אוזבקיסטן,12,7,19
2021-11-12T00:00:00.000Z,אוסטריה,492,75,567
2021-11-12T00:00:00.000Z,אוסטרליה,3,0,3
2021-11-12T00:00:00.000Z,אוקראינה,294,166,460
2021-11-12T00:00:00.000Z,אורגוואי,0,1,1
2021-11-12T00:00:00.000Z,אזרביג'אן,86,4,90
2021-11-12T00:00:00.000Z,איטליה,649,55,704
2021-11-12T00:00:00.000Z,איי סיישל,2,0,2
2021-11-12T00:00:00.000Z,איסלנד,1,0,1
2021-11-12T00:00:00.000Z,אירלנד,8,5,13
2021-11-12T00:00:00.000Z,אלבניה,6,2,8
2021-11-12T00:00:00.000Z,אנגולה,5,0,5
2021-11-12T00:00:00.000Z,אסטוניה,1,1,2
2021-11-12T00:00:00.000Z,אקואדור,0,2,2
2021-11-12T00:00:00.000Z,ארגנטינה,12,5,17
2021-11-12T00:00:00.000Z,ארמניה,1,1,2
2021-11-12T00:00:00.000Z,לוכסמבורג,1,1,2
2021-11-12T00:00:00.000Z,כלל המדינות,10941,3496,14437
2021-11-12T00:00:00.000Z,ירדן,2,12,14
2021-11-12T00:00:00.000Z,ארצות הברית,1194,613,1807
2021-11-12T00:00:00.000Z,יפן,1,1,2
2021-11-12T00:00:00.000Z,יוון,520,60,580
2021-11-12T00:00:00.000Z,טיוואן,1,1,2
2021-11-12T00:00:00.000Z,חוף השנהב,3,0,3
2021-11-12T00:00:00.000Z,ונצואלה,0,1,1
2021-11-12T00:00:00.000Z,הרפ הדומיניקנית,6,0,6
2021-11-12T00:00:00.000Z,הממלכה המאוחדת,547,216,763
2021-11-12T00:00:00.000Z,הונגריה,551,59,610
2021-11-12T00:00:00.000Z,תורכיה,1067,272,1339
2021-11-12T00:00:00.000Z,תאילנד,65,11,76
2021-11-12T00:00:00.000Z,שוויץ,231,109,340
2021-11-12T00:00:00.000Z,שוודיה,15,7,22
2021-11-12T00:00:00.000Z,רוסיה,125,106,231
2021-11-12T00:00:00.000Z,רומניה,155,35,190
2021-11-12T00:00:00.000Z,קרואטיה,13,0,13
2021-11-12T00:00:00.000Z,קפריסין,165,36,201
2021-11-12T00:00:00.000Z,קניה,1,2,3
2021-11-12T00:00:00.000Z,קנדה,62,103,165
2021-11-12T00:00:00.000Z,קמרון,1,0,1
2021-11-12T00:00:00.000Z,קירג'זסטאן,1,0,1
2021-11-12T00:00:00.000Z,קטר,1,0,1
2021-11-12T00:00:00.000Z,קזחסטאן,1,5,6
2021-11-12T00:00:00.000Z,הולנד,256,44,300
2021-11-12T00:00:00.000Z,הודו,43,5,48
2021-11-12T00:00:00.000Z,דרום אפריקה,6,3,9
2021-11-12T00:00:00.000Z,דנמרק,24,7,31
2021-11-12T00:00:00.000Z,גרמניה,805,309,1114
2021-11-12T00:00:00.000Z,גמייקה,1,0,1
2021-11-12T00:00:00.000Z,גאנה,3,0,3
2021-11-12T00:00:00.000Z,גאורגיה,328,45,373
2021-11-12T00:00:00.000Z,ברזיל,29,8,37
2021-11-12T00:00:00.000Z,בלגיה,73,50,123
2021-11-12T00:00:00.000Z,בילורוסיה,3,2,5
2021-11-12T00:00:00.000Z,בחריין,90,3,93
2021-11-12T00:00:00.000Z,בולגריה,108,27,135
2021-11-12T00:00:00.000Z,בוטסואנה,1,0,1
2021-11-12T00:00:00.000Z,בהמס,2,0,2
2021-11-12T00:00:00.000Z,צרפת,357,289,646
2021-11-12T00:00:00.000Z,צכיה,182,8,190
2021-11-12T00:00:00.000Z,צ'ילה,3,5,8
2021-11-12T00:00:00.000Z,פרו,0,1,1
2021-11-12T00:00:00.000Z,פנמה,1,3,4
2021-11-12T00:00:00.000Z,פינלנד,22,1,23
2021-11-12T00:00:00.000Z,פיליפינים,0,2,2
2021-11-12T00:00:00.000Z,פורטוגל,34,5,39
2021-11-12T00:00:00.000Z,פולין,188,68,256
2021-11-12T00:00:00.000Z,סרי לנקה (צילון),4,1,5
2021-11-12T00:00:00.000Z,סרביה,26,0,26
2021-11-12T00:00:00.000Z,ספרד,381,51,432
2021-11-12T00:00:00.000Z,תורכמניסטאן,2,0,2
2021-11-12T00:00:00.000Z,קוריאה הדרומית,4,3,7
2021-11-12T00:00:00.000Z,קוסטה ריקה,5,1,6
2021-11-12T00:00:00.000Z,סלובקיה,1,2,3
2021-11-12T00:00:00.000Z,סלובניה,4,0,4
2021-11-12T00:00:00.000Z,סינגפור,11,7,18
2021-11-12T00:00:00.000Z,סין,0,14,14
2021-11-12T00:00:00.000Z,סודן,0,1,1
2021-11-12T00:00:00.000Z,קולומביה,4,3,7
2021-11-12T00:00:00.000Z,נפאל,3,3,6
2021-11-12T00:00:00.000Z,ניגריה,3,0,3
2021-11-12T00:00:00.000Z,נורבגיה,13,5,18
2021-11-13T00:00:00.000Z,מלדיבים,9,1,10
2021-11-13T00:00:00.000Z,מקסיקו,11,4,15
2021-11-13T00:00:00.000Z,אבחזיסטאן,4,1,5
2021-11-13T00:00:00.000Z,אוגנדה,1,1,2
2021-11-13T00:00:00.000Z,תימן,4,0,4
2021-11-13T00:00:00.000Z,תורכמניסטאן,1,0,1
2021-11-13T00:00:00.000Z,תורכיה,1246,315,1561
2021-11-13T00:00:00.000Z,תאילנד,4,0,4
2021-11-13T00:00:00.000Z,שוויץ,33,19,52
2021-11-13T00:00:00.000Z,שוודיה,4,14,18
2021-11-13T00:00:00.000Z,רוסיה,4,4,8
2021-11-13T00:00:00.000Z,רומניה,164,24,188
2021-11-13T00:00:00.000Z,רואנדה,1,0,1
2021-11-13T00:00:00.000Z,קרואטיה,4,3,7
2021-11-13T00:00:00.000Z,קפריסין,531,84,615
2021-11-13T00:00:00.000Z,קניה,9,1,10
2021-11-13T00:00:00.000Z,קנדה,18,12,30
2021-11-13T00:00:00.000Z,קירג'זסטאן,1,0,1
2021-11-13T00:00:00.000Z,קטר,0,1,1
2021-11-13T00:00:00.000Z,קזחסטאן,1,2,3
2021-11-13T00:00:00.000Z,קוריאה הדרומית,2,3,5
2021-11-13T00:00:00.000Z,קוסטה ריקה,0,1,1
2021-11-13T00:00:00.000Z,קונגו,1,0,1
2021-11-13T00:00:00.000Z,קולומביה,3,32,35
2021-11-13T00:00:00.000Z,צרפת,444,230,674
2021-11-13T00:00:00.000Z,צכיה,275,55,330
2021-11-13T00:00:00.000Z,פרו,3,3,6
2021-11-13T00:00:00.000Z,פנמה,3,1,4
2021-11-13T00:00:00.000Z,פינלנד,11,3,14
2021-11-13T00:00:00.000Z,פיליפינים,0,2,2
2021-11-13T00:00:00.000Z,פורטוגל,121,21,142
2021-11-13T00:00:00.000Z,פורטו ריקו,0,2,2
2021-11-13T00:00:00.000Z,פולין,152,32,184
2021-11-13T00:00:00.000Z,פאפואה,1,0,1
2021-11-13T00:00:00.000Z,סרי לנקה (צילון),14,5,19
2021-11-13T00:00:00.000Z,סרביה,2,1,3
2021-11-13T00:00:00.000Z,ספרד,166,37,203
2021-11-13T00:00:00.000Z,סנגל,2,0,2
2021-11-13T00:00:00.000Z,סלובקיה,1,0,1
2021-11-13T00:00:00.000Z,סלובניה,2,0,2
2021-11-13T00:00:00.000Z,סינגפור,2,1,3
2021-11-13T00:00:00.000Z,סין,0,1,1
2021-11-13T00:00:00.000Z,סווזילנד,2,0,2
2021-11-13T00:00:00.000Z,נפאל,4,1,5
2021-11-13T00:00:00.000Z,ניו זילנד,0,1,1
2021-11-13T00:00:00.000Z,ניגריה,7,8,15
2021-11-13T00:00:00.000Z,נורבגיה,5,2,7
2021-11-13T00:00:00.000Z,מרוקו,2,1,3
2021-11-13T00:00:00.000Z,אוזבקיסטן,7,12,19
2021-11-13T00:00:00.000Z,מקאו,1,0,1
2021-11-13T00:00:00.000Z,מצרים,1359,125,1484
2021-11-13T00:00:00.000Z,מלטה,145,10,155
2021-11-13T00:00:00.000Z,איחוד האמירויות הערב,199,42,241
2021-11-13T00:00:00.000Z,מונגוליה,0,2,2
2021-11-13T00:00:00.000Z,מוזמביק,1,0,1
2021-11-13T00:00:00.000Z,מאוריציוס,1,0,1
2021-11-13T00:00:00.000Z,ליטא,45,27,72
2021-11-13T00:00:00.000Z,לטביה,17,6,23
2021-11-13T00:00:00.000Z,לוכסמבורג,0,1,1
2021-11-13T00:00:00.000Z,כלל המדינות,9368,2914,12282
2021-11-13T00:00:00.000Z,ירדן,24,15,39
2021-11-13T00:00:00.000Z,יפן,0,1,1
2021-11-13T00:00:00.000Z,יוון,246,22,268
2021-11-13T00:00:00.000Z,טנזניה,2,0,2
2021-11-13T00:00:00.000Z,טיוואן,1,0,1
2021-11-13T00:00:00.000Z,חוף השנהב,1,0,1
2021-11-13T00:00:00.000Z,זמביה,6,0,6
2021-11-13T00:00:00.000Z,הרפ הדומיניקנית,4,0,4
2021-11-13T00:00:00.000Z,הממלכה המאוחדת,341,177,518
2021-11-13T00:00:00.000Z,הונדורס,0,1,1
2021-11-13T00:00:00.000Z,הונגריה,316,22,338
2021-11-13T00:00:00.000Z,הולנד,310,84,394
2021-11-13T00:00:00.000Z,הודו,61,37,98
2021-11-13T00:00:00.000Z,דרום אפריקה,7,7,14
2021-11-13T00:00:00.000Z,דנמרק,13,15,28
2021-11-13T00:00:00.000Z,דומיניקה,1,0,1
2021-11-13T00:00:00.000Z,גרמניה,322,144,466
2021-11-13T00:00:00.000Z,גמביה,0,1,1
2021-11-13T00:00:00.000Z,גינאה המשוונית,0,1,1
2021-11-13T00:00:00.000Z,גויאנה הצרפתית,1,0,1
2021-11-13T00:00:00.000Z,גאנה,1,0,1
2021-11-13T00:00:00.000Z,גאורגיה,154,10,164
2021-11-13T00:00:00.000Z,ברזיל,12,20,32
2021-11-13T00:00:00.000Z,בליז,0,1,1
2021-11-13T00:00:00.000Z,בלגיה,55,39,94
2021-11-13T00:00:00.000Z,בוסניה הרצגובינה,2,1,3
2021-11-13T00:00:00.000Z,בולגריה,1,0,1
2021-11-13T00:00:00.000Z,אתיופיה,22,13,35
2021-11-13T00:00:00.000Z,ארצות הברית,592,467,1059
2021-11-13T00:00:00.000Z,ארמניה,1,0,1
2021-11-13T00:00:00.000Z,ארגנטינה,2,5,7
2021-11-13T00:00:00.000Z,אקואדור,1,0,1
2021-11-13T00:00:00.000Z,אסטוניה,2,5,7
2021-11-13T00:00:00.000Z,אנגולה,1,0,1
2021-11-13T00:00:00.000Z,אלבניה,1,0,1
2021-11-13T00:00:00.000Z,אירלנד,7,3,10
2021-11-13T00:00:00.000Z,איי סיישל,2,0,2
2021-11-13T00:00:00.000Z,איי טורקס וקייקוס,2,0,2
2021-11-13T00:00:00.000Z,איטליה,1081,124,1205
2021-11-13T00:00:00.000Z,אזרביג'אן,3,1,4
2021-11-13T00:00:00.000Z,אורגוואי,1,2,3
2021-11-13T00:00:00.000Z,אוקראינה,137,93,230
2021-11-13T00:00:00.000Z,אוסטרליה,3,6,9
2021-11-13T00:00:00.000Z,אוסטריה,229,45,274
2021-11-14T00:00:00.000Z,תאילנד,5,7,12
2021-11-14T00:00:00.000Z,תורכיה,1665,353,2018
2021-11-14T00:00:00.000Z,תורכמניסטאן,3,2,5
2021-11-14T00:00:00.000Z,תימן,1,0,1
2021-11-14T00:00:00.000Z,איחוד האמירויות הערב,1053,85,1138
2021-11-14T00:00:00.000Z,גאנה,2,0,2
2021-11-14T00:00:00.000Z,ערב הסעודית,3,2,5
2021-11-14T00:00:00.000Z,פולין,418,72,490
2021-11-14T00:00:00.000Z,פורטוגל,106,28,134
2021-11-14T00:00:00.000Z,פיליפינים,3,2,5
2021-11-14T00:00:00.000Z,פינלנד,3,2,5
2021-11-14T00:00:00.000Z,פנמה,2,1,3
2021-11-14T00:00:00.000Z,פרגוואי,1,0,1
2021-11-14T00:00:00.000Z,אבחזיסטאן,8,4,12
2021-11-14T00:00:00.000Z,אוגנדה,3,1,4
2021-11-14T00:00:00.000Z,אוזבקיסטן,9,4,13
2021-11-14T00:00:00.000Z,אוסטריה,402,75,477
2021-11-14T00:00:00.000Z,אוסטרליה,9,9,18
2021-11-14T00:00:00.000Z,אוקראינה,333,170,503
2021-11-14T00:00:00.000Z,אורגוואי,5,0,5
2021-11-14T00:00:00.000Z,אזרביג'אן,64,41,105
2021-11-14T00:00:00.000Z,איטליה,1115,123,1238
2021-11-14T00:00:00.000Z,איי טורקס וקייקוס,2,0,2
2021-11-14T00:00:00.000Z,איי סיישל,4,0,4
2021-11-14T00:00:00.000Z,איסלנד,4,1,5
2021-11-14T00:00:00.000Z,אירלנד,6,7,13
2021-11-14T00:00:00.000Z,אלבניה,3,2,5
2021-11-14T00:00:00.000Z,אנגולה,4,0,4
2021-11-14T00:00:00.000Z,אנטיגואה וברבודה,0,1,1
2021-11-14T00:00:00.000Z,אסטוניה,1,0,1
2021-11-14T00:00:00.000Z,ארגנטינה,6,4,10
2021-11-14T00:00:00.000Z,ארמניה,2,0,2
2021-11-14T00:00:00.000Z,ארצות הברית,756,730,1486
2021-11-14T00:00:00.000Z,אתיופיה,18,9,27
2021-11-14T00:00:00.000Z,בולגריה,134,5,139
2021-11-14T00:00:00.000Z,בוליביה,1,0,1
2021-11-14T00:00:00.000Z,בחריין,0,1,1
2021-11-14T00:00:00.000Z,בילורוסיה,96,65,161
2021-11-14T00:00:00.000Z,בלגיה,41,66,107
2021-11-14T00:00:00.000Z,ברזיל,7,6,13
2021-11-14T00:00:00.000Z,גאורגיה,756,59,815
2021-11-14T00:00:00.000Z,פרו,4,0,4
2021-11-14T00:00:00.000Z,גווטאמלה,0,2,2
2021-11-14T00:00:00.000Z,גויאנה,2,4,6
2021-11-14T00:00:00.000Z,גויאנה הצרפתית,3,0,3
2021-11-14T00:00:00.000Z,גיברלטר,0,1,1
2021-11-14T00:00:00.000Z,גמייקה,0,1,1
2021-11-14T00:00:00.000Z,גרמניה,527,335,862
2021-11-14T00:00:00.000Z,גרנדה,1,0,1
2021-11-14T00:00:00.000Z,דנמרק,13,14,27
2021-11-14T00:00:00.000Z,דרום אפריקה,6,8,14
2021-11-14T00:00:00.000Z,האנטילים ההולנדים,0,3,3
2021-11-14T00:00:00.000Z,הודו,33,13,46
2021-11-14T00:00:00.000Z,הולנד,403,76,479
2021-11-14T00:00:00.000Z,הונגריה,808,89,897
2021-11-14T00:00:00.000Z,הונדורס,0,1,1
2021-11-14T00:00:00.000Z,הממלכה המאוחדת,583,294,877
2021-11-14T00:00:00.000Z,הרפ הדומיניקנית,2,0,2
2021-11-14T00:00:00.000Z,ויטנאם,1,0,1
2021-11-14T00:00:00.000Z,ונצואלה,0,2,2
2021-11-14T00:00:00.000Z,זאיר,1,0,1
2021-11-14T00:00:00.000Z,זימבאבווה,1,0,1
2021-11-14T00:00:00.000Z,טיוואן,0,1,1
2021-11-14T00:00:00.000Z,יוון,708,66,774
2021-11-14T00:00:00.000Z,ירדן,369,122,491
2021-11-14T00:00:00.000Z,כלל המדינות,16015,4885,20900
2021-11-14T00:00:00.000Z,לוכסמבורג,0,1,1
2021-11-14T00:00:00.000Z,לטביה,0,3,3
2021-11-14T00:00:00.000Z,ליטא,107,11,118
2021-11-14T00:00:00.000Z,מוזמביק,0,1,1
2021-11-14T00:00:00.000Z,מולדובה,102,46,148
2021-11-14T00:00:00.000Z,מונטנגרו,171,19,190
2021-11-14T00:00:00.000Z,מונקו,2,0,2
2021-11-14T00:00:00.000Z,מלדיבים,7,1,8
2021-11-14T00:00:00.000Z,מלטה,17,1,18
2021-11-14T00:00:00.000Z,מצרים,796,75,871
2021-11-14T00:00:00.000Z,מקסיקו,10,3,13
2021-11-14T00:00:00.000Z,מרוקו,120,47,167
2021-11-14T00:00:00.000Z,נורבגיה,10,8,18
2021-11-14T00:00:00.000Z,ניגריה,3,11,14
2021-11-14T00:00:00.000Z,נמיביה,0,13,13
2021-11-14T00:00:00.000Z,נפאל,12,8,20
2021-11-14T00:00:00.000Z,סינגפור,0,3,3
2021-11-14T00:00:00.000Z,סנגל,1,0,1
2021-11-14T00:00:00.000Z,ספרד,555,172,727
2021-11-14T00:00:00.000Z,סרביה,7,8,15
2021-11-14T00:00:00.000Z,סרי לנקה (צילון),4,7,11
2021-11-14T00:00:00.000Z,עומן,1,0,1
2021-11-14T00:00:00.000Z,צ'ילה,2,1,3
2021-11-14T00:00:00.000Z,צכיה,406,27,433
2021-11-14T00:00:00.000Z,צרפת,950,417,1367
2021-11-14T00:00:00.000Z,קובה,1,0,1
2021-11-14T00:00:00.000Z,קולומביה,3,10,13
2021-11-14T00:00:00.000Z,קונגו,1,0,1
2021-11-14T00:00:00.000Z,קוסובו,0,1,1
2021-11-14T00:00:00.000Z,קוריאה הדרומית,2,10,12
2021-11-14T00:00:00.000Z,קזחסטאן,1,2,3
2021-11-14T00:00:00.000Z,קירג'זסטאן,1,0,1
2021-11-14T00:00:00.000Z,קנדה,27,58,85
2021-11-14T00:00:00.000Z,קניה,2,2,4
2021-11-14T00:00:00.000Z,קפריסין,638,58,696
2021-11-14T00:00:00.000Z,קרואטיה,0,1,1
2021-11-14T00:00:00.000Z,ראוניון,1,0,1
2021-11-14T00:00:00.000Z,רואנדה,3,0,3
2021-11-14T00:00:00.000Z,רומניה,83,23,106
2021-11-14T00:00:00.000Z,רוסיה,130,133,263
2021-11-14T00:00:00.000Z,שוודיה,8,39,47
2021-11-14T00:00:00.000Z,שוויץ,206,165,371
2021-11-15T00:00:00.000Z,כלל המדינות,15060,5523,20583
2021-11-15T00:00:00.000Z,רוסיה,101,364,465
2021-11-15T00:00:00.000Z,נפאל,13,1,14
2021-11-15T00:00:00.000Z,סין,2,8,10
2021-11-15T00:00:00.000Z,סינגפור,0,10,10
2021-11-15T00:00:00.000Z,סלובניה,1,0,1
2021-11-15T00:00:00.000Z,סלובקיה,2,0,2
2021-11-15T00:00:00.000Z,סנגל,0,8,8
2021-11-15T00:00:00.000Z,ספרד,475,72,547
2021-11-15T00:00:00.000Z,סרביה,3,2,5
2021-11-15T00:00:00.000Z,סרי לנקה (צילון),3,0,3
2021-11-15T00:00:00.000Z,פולין,340,56,396
2021-11-15T00:00:00.000Z,פולינזיה הצרפתית,1,0,1
2021-11-15T00:00:00.000Z,פורטוגל,158,35,193
2021-11-15T00:00:00.000Z,פיליפינים,1,3,4
2021-11-15T00:00:00.000Z,פינלנד,6,7,13
2021-11-15T00:00:00.000Z,פנמה,1,1,2
2021-11-15T00:00:00.000Z,פקיסטן,2,0,2
2021-11-15T00:00:00.000Z,פרו,3,0,3
2021-11-15T00:00:00.000Z,צ'ילה,0,3,3
2021-11-15T00:00:00.000Z,צכיה,583,23,606
2021-11-15T00:00:00.000Z,צרפת,759,330,1089
2021-11-15T00:00:00.000Z,קולומביה,3,5,8
2021-11-15T00:00:00.000Z,קוסובו,0,5,5
2021-11-15T00:00:00.000Z,קוריאה הדרומית,3,4,7
2021-11-15T00:00:00.000Z,קזחסטאן,3,2,5
2021-11-15T00:00:00.000Z,קירג'זסטאן,3,0,3
2021-11-15T00:00:00.000Z,קנדה,54,109,163
2021-11-15T00:00:00.000Z,קניה,8,28,36
2021-11-15T00:00:00.000Z,קפריסין,407,72,479
2021-11-15T00:00:00.000Z,תורכמניסטאן,2,0,2
2021-11-15T00:00:00.000Z,תורכיה,1450,395,1845
2021-11-15T00:00:00.000Z,תוניסיה,1,0,1
2021-11-15T00:00:00.000Z,תאילנד,76,7,83
2021-11-15T00:00:00.000Z,שוויץ,81,75,156
2021-11-15T00:00:00.000Z,רואנדה,0,94,94
2021-11-15T00:00:00.000Z,רומניה,202,67,269
2021-11-15T00:00:00.000Z,איחוד האמירויות הערב,620,95,715
2021-11-15T00:00:00.000Z,ניגריה,2,1,3
2021-11-15T00:00:00.000Z,נורבגיה,7,90,97
2021-11-15T00:00:00.000Z,מרוקו,121,31,152
2021-11-15T00:00:00.000Z,מקסיקו,12,19,31
2021-11-15T00:00:00.000Z,מקדוניה,0,5,5
2021-11-15T00:00:00.000Z,מצרים,429,101,530
2021-11-15T00:00:00.000Z,מלדיבים,4,0,4
2021-11-15T00:00:00.000Z,מונטנגרו,5,0,5
2021-11-15T00:00:00.000Z,מולדובה,0,1,1
2021-11-15T00:00:00.000Z,מאוריציוס,0,1,1
2021-11-15T00:00:00.000Z,לוכסמבורג,1,4,5
2021-11-15T00:00:00.000Z,לבנון,0,1,1
2021-11-15T00:00:00.000Z,ניו זילנד,0,1,1
2021-11-15T00:00:00.000Z,ירדן,74,42,116
2021-11-15T00:00:00.000Z,יפן,0,3,3
2021-11-15T00:00:00.000Z,יוון,907,70,977
2021-11-15T00:00:00.000Z,טנזניה,4,16,20
2021-11-15T00:00:00.000Z,טג'יקיסטאן,3,0,3
2021-11-15T00:00:00.000Z,חוף השנהב,0,1,1
2021-11-15T00:00:00.000Z,הרפ הדומיניקנית,8,0,8
2021-11-15T00:00:00.000Z,הממלכה המאוחדת,888,337,1225
2021-11-15T00:00:00.000Z,הונדורס,2,0,2
2021-11-15T00:00:00.000Z,הונגריה,656,43,699
2021-11-15T00:00:00.000Z,הונג קונג,3,0,3
2021-11-15T00:00:00.000Z,הולנד,443,52,495
2021-11-15T00:00:00.000Z,הודו,59,3,62
2021-11-15T00:00:00.000Z,דרום אפריקה,22,22,44
2021-11-15T00:00:00.000Z,דנמרק,14,10,24
2021-11-15T00:00:00.000Z,גרמניה,588,234,822
2021-11-15T00:00:00.000Z,גמייקה,0,1,1
2021-11-15T00:00:00.000Z,גווטאמלה,0,3,3
2021-11-15T00:00:00.000Z,גאנה,3,3,6
2021-11-15T00:00:00.000Z,גאורגיה,449,44,493
2021-11-15T00:00:00.000Z,ברזיל,23,12,35
2021-11-15T00:00:00.000Z,בלגיה,140,66,206
2021-11-15T00:00:00.000Z,בילורוסיה,3,0,3
2021-11-15T00:00:00.000Z,בחריין,81,1,82
2021-11-15T00:00:00.000Z,בורקינה פאסו,0,5,5
2021-11-15T00:00:00.000Z,בוסניה הרצגובינה,0,1,1
2021-11-15T00:00:00.000Z,בולגריה,298,35,333
2021-11-15T00:00:00.000Z,בוטסואנה,2,0,2
2021-11-15T00:00:00.000Z,אתיופיה,17,14,31
2021-11-15T00:00:00.000Z,ארצות הברית,1250,1244,2494
2021-11-15T00:00:00.000Z,ארגנטינה,7,7,14
2021-11-15T00:00:00.000Z,אקואדור,11,0,11
2021-11-15T00:00:00.000Z,אסטוניה,2,0,2
2021-11-15T00:00:00.000Z,אנגולה,5,0,5
2021-11-15T00:00:00.000Z,אלגיריה,0,1,1
2021-11-15T00:00:00.000Z,אלבניה,3,0,3
2021-11-15T00:00:00.000Z,אירלנד,2,13,15
2021-11-15T00:00:00.000Z,איסלנד,2,0,2
2021-11-15T00:00:00.000Z,איי סיישל,30,1,31
2021-11-15T00:00:00.000Z,איי טורקס וקייקוס,1,0,1
2021-11-15T00:00:00.000Z,איטליה,1002,113,1115
2021-11-15T00:00:00.000Z,אזרביג'אן,2,1,3
2021-11-15T00:00:00.000Z,אורגוואי,2,4,6
2021-11-15T00:00:00.000Z,אוקראינה,289,171,460
2021-11-15T00:00:00.000Z,אוסטרליה,10,28,38
2021-11-15T00:00:00.000Z,אוסטריה,649,54,703
2021-11-15T00:00:00.000Z,אוזבקיסטן,12,3,15
2021-11-15T00:00:00.000Z,אוגנדה,4,1,5
2021-11-15T00:00:00.000Z,אבחזיסטאן,1,1,2
2021-11-15T00:00:00.000Z,שוודיה,9,14,23
2021-11-16T00:00:00.000Z,הרפ הדומיניקנית,3,0,3
2021-11-16T00:00:00.000Z,הממלכה המאוחדת,468,299,767
2021-11-16T00:00:00.000Z,הונגריה,431,55,486
2021-11-16T00:00:00.000Z,הונג קונג,2,0,2
2021-11-16T00:00:00.000Z,הולנד,400,61,461
2021-11-16T00:00:00.000Z,הודו,114,51,165
2021-11-16T00:00:00.000Z,דרום אפריקה,14,17,31
2021-11-16T00:00:00.000Z,דנמרק,16,20,36
2021-11-16T00:00:00.000Z,גרנדה,2,0,2
2021-11-16T00:00:00.000Z,גרמניה,423,129,552
2021-11-16T00:00:00.000Z,גווטאמלה,1,1,2
2021-11-16T00:00:00.000Z,גאנה,2,3,5
2021-11-16T00:00:00.000Z,גאורגיה,166,36,202
2021-11-16T00:00:00.000Z,ברזיל,7,22,29
2021-11-16T00:00:00.000Z,בלגיה,101,72,173
2021-11-16T00:00:00.000Z,בילורוסיה,1,0,1
2021-11-16T00:00:00.000Z,בחריין,0,1,1
2021-11-16T00:00:00.000Z,איחוד האמירויות הערב,456,65,521
2021-11-16T00:00:00.000Z,בורקינה פאסו,1,0,1
2021-11-16T00:00:00.000Z,בוסניה הרצגובינה,1,0,1
2021-11-16T00:00:00.000Z,אתיופיה,19,10,29
2021-11-16T00:00:00.000Z,ארצות הברית,945,883,1828
2021-11-16T00:00:00.000Z,ארגנטינה,12,9,21
2021-11-16T00:00:00.000Z,אסטוניה,2,1,3
2021-11-16T00:00:00.000Z,אנגולה,4,5,9
2021-11-16T00:00:00.000Z,אלבניה,1,0,1
2021-11-16T00:00:00.000Z,אירלנד,5,3,8
2021-11-16T00:00:00.000Z,איסלנד,4,0,4
2021-11-16T00:00:00.000Z,איי סיישל,1,0,1
2021-11-16T00:00:00.000Z,איטליה,676,74,750
2021-11-16T00:00:00.000Z,אזרביג'אן,10,0,10
2021-11-16T00:00:00.000Z,מלדיבים,7,6,13
2021-11-16T00:00:00.000Z,מלטה,2,0,2
2021-11-16T00:00:00.000Z,מצרים,219,44,263
2021-11-16T00:00:00.000Z,מקדוניה,2,0,2
2021-11-16T00:00:00.000Z,מקסיקו,8,7,15
2021-11-16T00:00:00.000Z,מרוקו,117,6,123
2021-11-16T00:00:00.000Z,נורבגיה,1,28,29
2021-11-16T00:00:00.000Z,נפאל,7,2,9
2021-11-16T00:00:00.000Z,סינגפור,0,2,2
2021-11-16T00:00:00.000Z,סלובניה,0,2,2
2021-11-16T00:00:00.000Z,סלובקיה,2,1,3
2021-11-16T00:00:00.000Z,סנגל,1,0,1
2021-11-16T00:00:00.000Z,ספרד,158,10,168
2021-11-16T00:00:00.000Z,סרביה,9,4,13
2021-11-16T00:00:00.000Z,סרי לנקה (צילון),3,0,3
2021-11-16T00:00:00.000Z,פולין,165,48,213
2021-11-16T00:00:00.000Z,פולינזיה הצרפתית,1,0,1
2021-11-16T00:00:00.000Z,פורטוגל,24,8,32
2021-11-16T00:00:00.000Z,פיליפינים,2,1,3
2021-11-16T00:00:00.000Z,פינלנד,6,1,7
2021-11-16T00:00:00.000Z,פנמה,2,4,6
2021-11-16T00:00:00.000Z,פרו,2,1,3
2021-11-16T00:00:00.000Z,צ'ילה,0,1,1
2021-11-16T00:00:00.000Z,צכיה,261,15,276
2021-11-16T00:00:00.000Z,צרפת,653,422,1075
2021-11-16T00:00:00.000Z,קולומביה,0,4,4
2021-11-16T00:00:00.000Z,קוסטה ריקה,2,0,2
2021-11-16T00:00:00.000Z,קוריאה הדרומית,1,1,2
2021-11-16T00:00:00.000Z,קזחסטאן,1,1,2
2021-11-16T00:00:00.000Z,קטר,3,1,4
2021-11-16T00:00:00.000Z,קמבודיה,0,1,1
2021-11-16T00:00:00.000Z,קנדה,58,91,149
2021-11-16T00:00:00.000Z,קניה,5,0,5
2021-11-16T00:00:00.000Z,קפריסין,189,46,235
2021-11-16T00:00:00.000Z,קרואטיה,0,2,2
2021-11-16T00:00:00.000Z,רואנדה,1,2,3
2021-11-16T00:00:00.000Z,רומניה,129,29,158
2021-11-16T00:00:00.000Z,אורגוואי,3,1,4
2021-11-16T00:00:00.000Z,אוקראינה,184,140,324
2021-11-16T00:00:00.000Z,אוסטרליה,5,6,11
2021-11-16T00:00:00.000Z,אוסטריה,358,59,417
2021-11-16T00:00:00.000Z,אוזבקיסטן,106,111,217
2021-11-16T00:00:00.000Z,אוגנדה,1,1,2
2021-11-16T00:00:00.000Z,אבחזיסטאן,3,3,6
2021-11-16T00:00:00.000Z,רוסיה,87,96,183
2021-11-16T00:00:00.000Z,שוודיה,6,11,17
2021-11-16T00:00:00.000Z,שוויץ,67,35,102
2021-11-16T00:00:00.000Z,תאילנד,2,0,2
2021-11-16T00:00:00.000Z,תוניסיה,2,0,2
2021-11-16T00:00:00.000Z,תורכיה,1389,460,1849
2021-11-16T00:00:00.000Z,תורכמניסטאן,3,0,3
2021-11-16T00:00:00.000Z,תימן,1,0,1
2021-11-16T00:00:00.000Z,מונקו,0,23,23
2021-11-16T00:00:00.000Z,מולדובה,4,1,5
2021-11-16T00:00:00.000Z,מאוריציוס,2,0,2
2021-11-16T00:00:00.000Z,ליטא,66,33,99
2021-11-16T00:00:00.000Z,לטביה,8,30,38
2021-11-16T00:00:00.000Z,לוכסמבורג,2,1,3
2021-11-16T00:00:00.000Z,כלל המדינות,9705,4176,13881
2021-11-16T00:00:00.000Z,ירדן,69,47,116
2021-11-16T00:00:00.000Z,יפן,0,1,1
2021-11-16T00:00:00.000Z,יוון,366,41,407
2021-11-16T00:00:00.000Z,טנזניה,3,3,6
2021-11-16T00:00:00.000Z,טוגו,0,1,1
2021-11-16T00:00:00.000Z,חוף השנהב,1,1,2
2021-11-16T00:00:00.000Z,זאיר,1,0,1
2021-11-17T00:00:00.000Z,ליטא,5,1,6
2021-11-17T00:00:00.000Z,אוקראינה,235,207,442
2021-11-17T00:00:00.000Z,תורכמניסטאן,1,1,2
2021-11-17T00:00:00.000Z,תורכיה,1228,443,1671
2021-11-17T00:00:00.000Z,תאילנד,52,147,199
2021-11-17T00:00:00.000Z,שוויץ,86,53,139
2021-11-17T00:00:00.000Z,שוודיה,7,16,23
2021-11-17T00:00:00.000Z,רוסיה,99,91,190
2021-11-17T00:00:00.000Z,רומניה,116,58,174
2021-11-17T00:00:00.000Z,קרואטיה,4,0,4
2021-11-17T00:00:00.000Z,קפריסין,238,42,280
2021-11-17T00:00:00.000Z,קניה,2,0,2
2021-11-17T00:00:00.000Z,קנדה,58,127,185
2021-11-17T00:00:00.000Z,קמרון,1,1,2
2021-11-17T00:00:00.000Z,קירג'זסטאן,0,3,3
2021-11-17T00:00:00.000Z,קזחסטאן,1,0,1
2021-11-17T00:00:00.000Z,קוריאה הדרומית,5,9,14
2021-11-17T00:00:00.000Z,קוסטה ריקה,6,5,11
2021-11-17T00:00:00.000Z,קוסובו,2,3,5
2021-11-17T00:00:00.000Z,קולומביה,0,5,5
2021-11-17T00:00:00.000Z,צרפת,397,397,794
2021-11-17T00:00:00.000Z,צכיה,194,23,217
2021-11-17T00:00:00.000Z,פרו,4,1,5
2021-11-17T00:00:00.000Z,פרגוואי,0,2,2
2021-11-17T00:00:00.000Z,פנמה,3,2,5
2021-11-17T00:00:00.000Z,פינלנד,1,25,26
2021-11-17T00:00:00.000Z,פיליפינים,4,38,42
2021-11-17T00:00:00.000Z,פורטוגל,109,23,132
2021-11-17T00:00:00.000Z,פולין,51,20,71
2021-11-17T00:00:00.000Z,ערב הסעודית,2,0,2
2021-11-17T00:00:00.000Z,עומן,0,1,1
2021-11-17T00:00:00.000Z,סרי לנקה (צילון),4,1,5
2021-11-17T00:00:00.000Z,סרביה,11,3,14
2021-11-17T00:00:00.000Z,ספרד,312,140,452
2021-11-17T00:00:00.000Z,סנגל,1,0,1
2021-11-17T00:00:00.000Z,סלובניה,0,1,1
2021-11-17T00:00:00.000Z,סינגפור,3,10,13
2021-11-17T00:00:00.000Z,סין,1,28,29
2021-11-17T00:00:00.000Z,נפאל,3,0,3
2021-11-17T00:00:00.000Z,ניגריה,3,4,7
2021-11-17T00:00:00.000Z,נורבגיה,9,6,15
2021-11-17T00:00:00.000Z,מרוקו,70,59,129
2021-11-17T00:00:00.000Z,מקסיקו,13,12,25
2021-11-17T00:00:00.000Z,מצרים,144,29,173
2021-11-17T00:00:00.000Z,מלטה,106,17,123
2021-11-17T00:00:00.000Z,מלזיה,0,1,1
2021-11-17T00:00:00.000Z,מלדיבים,15,2,17
2021-11-17T00:00:00.000Z,מונטנגרו,2,0,2
2021-11-17T00:00:00.000Z,מדגסקר,0,1,1
2021-11-17T00:00:00.000Z,מאוריציוס,69,0,69
2021-11-17T00:00:00.000Z,תימן,0,1,1
2021-11-17T00:00:00.000Z,לוכסמבורג,0,1,1
2021-11-17T00:00:00.000Z,כלל המדינות,8764,4994,13758
2021-11-17T00:00:00.000Z,ירדן,57,37,94
2021-11-17T00:00:00.000Z,יפן,0,4,4
2021-11-17T00:00:00.000Z,יוון,150,47,197
2021-11-17T00:00:00.000Z,טרינידד וטובגו,2,0,2
2021-11-17T00:00:00.000Z,טנזניה,6,0,6
2021-11-17T00:00:00.000Z,טיוואן,1,0,1
2021-11-17T00:00:00.000Z,טוגו,1,0,1
2021-11-17T00:00:00.000Z,חוף השנהב,2,0,2
2021-11-17T00:00:00.000Z,זמביה,0,1,1
2021-11-17T00:00:00.000Z,ויטנאם,0,7,7
2021-11-17T00:00:00.000Z,הרפ הדומיניקנית,3,1,4
2021-11-17T00:00:00.000Z,הממלכה המאוחדת,329,347,676
2021-11-17T00:00:00.000Z,הונגריה,308,35,343
2021-11-17T00:00:00.000Z,הולנד,187,61,248
2021-11-17T00:00:00.000Z,הודו,18,0,18
2021-11-17T00:00:00.000Z,דרום אפריקה,13,4,17
2021-11-17T00:00:00.000Z,דנמרק,5,11,16
2021-11-17T00:00:00.000Z,גרנדה,0,1,1
2021-11-17T00:00:00.000Z,גרמניה,417,215,632
2021-11-17T00:00:00.000Z,גאנה,0,2,2
2021-11-17T00:00:00.000Z,גאורגיה,47,13,60
2021-11-17T00:00:00.000Z,ברזיל,29,19,48
2021-11-17T00:00:00.000Z,בלגיה,17,31,48
2021-11-17T00:00:00.000Z,בילורוסיה,0,3,3
2021-11-17T00:00:00.000Z,בחריין,1,0,1
2021-11-17T00:00:00.000Z,בוסניה הרצגובינה,20,2,22
2021-11-17T00:00:00.000Z,בולגריה,65,26,91
2021-11-17T00:00:00.000Z,אתיופיה,11,9,20
2021-11-17T00:00:00.000Z,ארצות הברית,791,1075,1866
2021-11-17T00:00:00.000Z,ארמניה,2,1,3
2021-11-17T00:00:00.000Z,ארגנטינה,8,8,16
2021-11-17T00:00:00.000Z,אקואדור,2,0,2
2021-11-17T00:00:00.000Z,אנדורה,1,2,3
2021-11-17T00:00:00.000Z,אנגולה,3,1,4
2021-11-17T00:00:00.000Z,אלבניה,3,0,3
2021-11-17T00:00:00.000Z,אירלנד,6,5,11
2021-11-17T00:00:00.000Z,איסלנד,0,1,1
2021-11-17T00:00:00.000Z,אינדונזיה,1,0,1
2021-11-17T00:00:00.000Z,איי סיישל,62,1,63
2021-11-17T00:00:00.000Z,איי גילברט ואליס,0,2,2
2021-11-17T00:00:00.000Z,איטליה,670,117,787
2021-11-17T00:00:00.000Z,אזרביג'אן,3,0,3
2021-11-17T00:00:00.000Z,אורגוואי,17,4,21
2021-11-17T00:00:00.000Z,אוסטרליה,8,35,43
2021-11-17T00:00:00.000Z,אוסטריה,211,99,310
2021-11-17T00:00:00.000Z,אוזבקיסטן,5,7,12
2021-11-17T00:00:00.000Z,אבחזיסטאן,17,5,22
2021-11-17T00:00:00.000Z,איחוד האמירויות הערב,785,89,874
2021-11-18T00:00:00.000Z,גרמניה,489,238,727
2021-11-18T00:00:00.000Z,גמביה,0,1,1
2021-11-18T00:00:00.000Z,דרום אפריקה,14,32,46
2021-11-18T00:00:00.000Z,גינאה המשוונית,2,2,4
2021-11-18T00:00:00.000Z,גינאה,0,2,2
2021-11-18T00:00:00.000Z,גאנה,0,1,1
2021-11-18T00:00:00.000Z,מצרים,303,79,382
2021-11-18T00:00:00.000Z,אבחזיסטאן,3,1,4
2021-11-18T00:00:00.000Z,אוגנדה,7,4,11
2021-11-18T00:00:00.000Z,אוזבקיסטן,4,14,18
2021-11-18T00:00:00.000Z,אוסטריה,368,100,468
2021-11-18T00:00:00.000Z,אוסטרליה,7,10,17
2021-11-18T00:00:00.000Z,אוקראינה,195,157,352
2021-11-18T00:00:00.000Z,אזרביג'אן,50,22,72
2021-11-18T00:00:00.000Z,איטליה,1144,187,1331
2021-11-18T00:00:00.000Z,איי סיישל,6,0,6
2021-11-18T00:00:00.000Z,אינדונזיה,0,2,2
2021-11-18T00:00:00.000Z,איסלנד,4,1,5
2021-11-18T00:00:00.000Z,אירלנד,26,7,33
2021-11-18T00:00:00.000Z,אלבניה,10,2,12
2021-11-18T00:00:00.000Z,תורכמניסטאן,4,0,4
2021-11-18T00:00:00.000Z,תורכיה,1711,535,2246
2021-11-18T00:00:00.000Z,תוניסיה,6,3,9
2021-11-18T00:00:00.000Z,תאילנד,0,1,1
2021-11-18T00:00:00.000Z,שוויץ,94,53,147
2021-11-18T00:00:00.000Z,שוודיה,19,5,24
2021-11-18T00:00:00.000Z,רוסיה,102,149,251
2021-11-18T00:00:00.000Z,רומניה,2,1,3
2021-11-18T00:00:00.000Z,רואנדה,1,0,1
2021-11-18T00:00:00.000Z,קרואטיה,2,0,2
2021-11-18T00:00:00.000Z,קפריסין,460,78,538
2021-11-18T00:00:00.000Z,קניה,7,2,9
2021-11-18T00:00:00.000Z,קנדה,10,29,39
2021-11-18T00:00:00.000Z,קמרון,1,0,1
2021-11-18T00:00:00.000Z,קטר,1,0,1
2021-11-18T00:00:00.000Z,קזחסטאן,4,6,10
2021-11-18T00:00:00.000Z,קוריאה הדרומית,0,2,2
2021-11-18T00:00:00.000Z,קולומביה,3,2,5
2021-11-18T00:00:00.000Z,צרפת,584,486,1070
2021-11-18T00:00:00.000Z,צכיה,416,29,445
2021-11-18T00:00:00.000Z,צ'ילה,0,4,4
2021-11-18T00:00:00.000Z,פרו,1,1,2
2021-11-18T00:00:00.000Z,פרגוואי,2,0,2
2021-11-18T00:00:00.000Z,פנמה,4,3,7
2021-11-18T00:00:00.000Z,פינלנד,8,2,10
2021-11-18T00:00:00.000Z,פיליפינים,9,6,15
2021-11-18T00:00:00.000Z,פורטוגל,247,38,285
2021-11-18T00:00:00.000Z,פולין,210,68,278
2021-11-18T00:00:00.000Z,סרי לנקה (צילון),10,5,15
2021-11-18T00:00:00.000Z,סרביה,14,2,16
2021-11-18T00:00:00.000Z,ספרד,37,13,50
2021-11-18T00:00:00.000Z,סנגל,3,2,5
2021-11-18T00:00:00.000Z,סלובניה,3,0,3
2021-11-18T00:00:00.000Z,סינגפור,4,2,6
2021-11-18T00:00:00.000Z,סין,12,55,67
2021-11-18T00:00:00.000Z,נפאל,20,0,20
2021-11-18T00:00:00.000Z,ניו זילנד,0,5,5
2021-11-18T00:00:00.000Z,ניגריה,0,1,1
2021-11-18T00:00:00.000Z,נורבגיה,14,6,20
2021-11-18T00:00:00.000Z,דנמרק,18,13,31
2021-11-18T00:00:00.000Z,איחוד האמירויות הערב,1369,81,1450
2021-11-18T00:00:00.000Z,מרוקו,142,11,153
2021-11-18T00:00:00.000Z,מקסיקו,6,10,16
2021-11-18T00:00:00.000Z,אנגולה,2,1,3
2021-11-18T00:00:00.000Z,אסטוניה,2,6,8
2021-11-18T00:00:00.000Z,ארגנטינה,4,20,24
2021-11-18T00:00:00.000Z,ארמניה,1,0,1
2021-11-18T00:00:00.000Z,ארצות הברית,1296,1509,2805
2021-11-18T00:00:00.000Z,אתיופיה,21,7,28
2021-11-18T00:00:00.000Z,בולגריה,101,21,122
2021-11-18T00:00:00.000Z,בוסניה הרצגובינה,5,0,5
2021-11-18T00:00:00.000Z,בורקינה פאסו,1,0,1
2021-11-18T00:00:00.000Z,בחריין,30,0,30
2021-11-18T00:00:00.000Z,בילורוסיה,37,55,92
2021-11-18T00:00:00.000Z,בלגיה,94,127,221
2021-11-18T00:00:00.000Z,בליז,0,2,2
2021-11-18T00:00:00.000Z,ברזיל,19,22,41
2021-11-18T00:00:00.000Z,גאורגיה,665,89,754
2021-11-18T00:00:00.000Z,הודו,71,5,76
2021-11-18T00:00:00.000Z,הולנד,412,134,546
2021-11-18T00:00:00.000Z,הונג קונג,4,15,19
2021-11-18T00:00:00.000Z,הונגריה,710,78,788
2021-11-18T00:00:00.000Z,הונדורס,2,0,2
2021-11-18T00:00:00.000Z,הממלכה המאוחדת,470,421,891
2021-11-18T00:00:00.000Z,הרפ הדומיניקנית,2,0,2
2021-11-18T00:00:00.000Z,ויטנאם,0,1,1
2021-11-18T00:00:00.000Z,זמביה,5,0,5
2021-11-18T00:00:00.000Z,חוף השנהב,2,0,2
2021-11-18T00:00:00.000Z,טונגה,0,2,2
2021-11-18T00:00:00.000Z,טיוואן,2,0,2
2021-11-18T00:00:00.000Z,טנזניה,5,0,5
2021-11-18T00:00:00.000Z,יוון,287,41,328
2021-11-18T00:00:00.000Z,יפן,1,0,1
2021-11-18T00:00:00.000Z,ירדן,162,67,229
2021-11-18T00:00:00.000Z,כווית,1,0,1
2021-11-18T00:00:00.000Z,כלל המדינות,13937,6013,19950
2021-11-18T00:00:00.000Z,לוכסמבורג,3,0,3
2021-11-18T00:00:00.000Z,ליטא,3,1,4
2021-11-18T00:00:00.000Z,מאוריציוס,23,0,23
2021-11-18T00:00:00.000Z,מולדובה,90,72,162
2021-11-18T00:00:00.000Z,מונטנגרו,3,0,3
2021-11-18T00:00:00.000Z,מזרח טימור,0,1,1
2021-11-18T00:00:00.000Z,מלדיבים,6,0,6
2021-11-18T00:00:00.000Z,מלטה,18,0,18
2021-11-19T00:00:00.000Z,גווטאמלה,1,5,6
2021-11-19T00:00:00.000Z,פיליפינים,4,2,6
2021-11-19T00:00:00.000Z,פורטוגל,28,7,35
2021-11-19T00:00:00.000Z,פולין,225,65,290
2021-11-19T00:00:00.000Z,ערב הסעודית,0,1,1
2021-11-19T00:00:00.000Z,סרי לנקה (צילון),10,0,10
2021-11-19T00:00:00.000Z,סרביה,8,0,8
2021-11-19T00:00:00.000Z,ספרד,691,116,807
2021-11-19T00:00:00.000Z,סנגל,1,2,3
2021-11-19T00:00:00.000Z,סלובניה,2,1,3
2021-11-19T00:00:00.000Z,סינגפור,19,12,31
2021-11-19T00:00:00.000Z,סט. לוציה,0,1,1
2021-11-19T00:00:00.000Z,צרפת,381,176,557
2021-11-19T00:00:00.000Z,קולומביה,3,3,6
2021-11-19T00:00:00.000Z,קוסטה ריקה,7,5,12
2021-11-19T00:00:00.000Z,קוריאה הדרומית,10,9,19
2021-11-19T00:00:00.000Z,קזחסטאן,1,1,2
2021-11-19T00:00:00.000Z,אוגנדה,2,1,3
2021-11-19T00:00:00.000Z,אוזבקיסטן,5,0,5
2021-11-19T00:00:00.000Z,אוסטריה,477,61,538
2021-11-19T00:00:00.000Z,אוסטרליה,4,6,10
2021-11-19T00:00:00.000Z,אוקראינה,276,201,477
2021-11-19T00:00:00.000Z,אורגוואי,1,1,2
2021-11-19T00:00:00.000Z,אזרביג'אן,3,2,5
2021-11-19T00:00:00.000Z,איטליה,606,52,658
2021-11-19T00:00:00.000Z,איי גילברט ואליס,0,1,1
2021-11-19T00:00:00.000Z,איי טורקס וקייקוס,0,1,1
2021-11-19T00:00:00.000Z,אירלנד,18,5,23
2021-11-19T00:00:00.000Z,אלבניה,2,0,2
2021-11-19T00:00:00.000Z,אנגולה,4,0,4
2021-11-19T00:00:00.000Z,אסטוניה,4,1,5
2021-11-19T00:00:00.000Z,אקואדור,3,11,14
2021-11-19T00:00:00.000Z,ארגנטינה,8,17,25
2021-11-19T00:00:00.000Z,ארצות הברית,1510,868,2378
2021-11-19T00:00:00.000Z,בולגריה,99,19,118
2021-11-19T00:00:00.000Z,בוליביה,2,0,2
2021-11-19T00:00:00.000Z,בוסניה הרצגובינה,1,0,1
2021-11-19T00:00:00.000Z,בחריין,2,0,2
2021-11-19T00:00:00.000Z,בלגיה,122,40,162
2021-11-19T00:00:00.000Z,בנין (דהומי),1,0,1
2021-11-19T00:00:00.000Z,ברבדוס,0,1,1
2021-11-19T00:00:00.000Z,ברזיל,22,5,27
2021-11-19T00:00:00.000Z,גאורגיה,305,61,366
2021-11-19T00:00:00.000Z,גאנה,5,0,5
2021-11-19T00:00:00.000Z,קירג'זסטאן,1,0,1
2021-11-19T00:00:00.000Z,גויאנה הצרפתית,1,0,1
2021-11-19T00:00:00.000Z,גיבוטי,1,0,1
2021-11-19T00:00:00.000Z,גמביה,2,0,2
2021-11-19T00:00:00.000Z,גרמניה,1055,253,1308
2021-11-19T00:00:00.000Z,דומיניקה,0,1,1
2021-11-19T00:00:00.000Z,דנמרק,25,10,35
2021-11-19T00:00:00.000Z,דרום אפריקה,9,6,15
2021-11-19T00:00:00.000Z,האנטילים ההולנדים,0,1,1
2021-11-19T00:00:00.000Z,הודו,42,0,42
2021-11-19T00:00:00.000Z,קנדה,69,115,184
2021-11-19T00:00:00.000Z,קניה,6,1,7
2021-11-19T00:00:00.000Z,איחוד האמירויות הערב,488,41,529
2021-11-19T00:00:00.000Z,קפריסין,212,35,247
2021-11-19T00:00:00.000Z,קרואטיה,4,1,5
2021-11-19T00:00:00.000Z,רומניה,194,47,241
2021-11-19T00:00:00.000Z,רוסיה,104,92,196
2021-11-19T00:00:00.000Z,שוודיה,6,3,9
2021-11-19T00:00:00.000Z,שוויץ,268,85,353
2021-11-19T00:00:00.000Z,תאילנד,145,25,170
2021-11-19T00:00:00.000Z,תורכיה,1054,231,1285
2021-11-19T00:00:00.000Z,תורכמניסטאן,3,2,5
2021-11-19T00:00:00.000Z,נפאל,4,5,9
2021-11-19T00:00:00.000Z,ניגריה,10,0,10
2021-11-19T00:00:00.000Z,נורבגיה,15,6,21
2021-11-19T00:00:00.000Z,מרוקו,206,4,210
2021-11-19T00:00:00.000Z,מקסיקו,12,12,24
2021-11-19T00:00:00.000Z,מצרים,256,43,299
2021-11-19T00:00:00.000Z,מלטה,84,5,89
2021-11-19T00:00:00.000Z,מלזיה,0,2,2
2021-11-19T00:00:00.000Z,מלדיבים,9,1,10
2021-11-19T00:00:00.000Z,מונטנגרו,1,0,1
2021-11-19T00:00:00.000Z,מולדובה,2,4,6
2021-11-19T00:00:00.000Z,ליטא,14,0,14
2021-11-19T00:00:00.000Z,לטביה,2,1,3
2021-11-19T00:00:00.000Z,לוכסמבורג,3,1,4
2021-11-19T00:00:00.000Z,כלל המדינות,11920,3668,15588
2021-11-19T00:00:00.000Z,ירדן,34,18,52
2021-11-19T00:00:00.000Z,יפן,0,5,5
2021-11-19T00:00:00.000Z,יוון,423,69,492
2021-11-19T00:00:00.000Z,טנזניה,3,0,3
2021-11-19T00:00:00.000Z,חוף השנהב,4,0,4
2021-11-19T00:00:00.000Z,זאיר,3,0,3
2021-11-19T00:00:00.000Z,ונצואלה,0,2,2
2021-11-19T00:00:00.000Z,ויטנאם,1,0,1
2021-11-19T00:00:00.000Z,הרפ הדומיניקנית,1,6,7
2021-11-19T00:00:00.000Z,הממלכה המאוחדת,576,190,766
2021-11-19T00:00:00.000Z,הונדורס,1,17,18
2021-11-19T00:00:00.000Z,הונגריה,547,58,605
2021-11-19T00:00:00.000Z,הונג קונג,1,1,2
2021-11-19T00:00:00.000Z,הולנד,263,63,326
2021-11-19T00:00:00.000Z,צכיה,311,21,332
2021-11-19T00:00:00.000Z,צ'ילה,4,5,9
2021-11-19T00:00:00.000Z,צאד,1,0,1
2021-11-19T00:00:00.000Z,פרו,0,3,3
2021-11-19T00:00:00.000Z,פנמה,1,3,4
2021-11-19T00:00:00.000Z,פינלנד,0,6,6
2021-11-20T00:00:00.000Z,לוכסמבורג,1,0,1
2021-11-20T00:00:00.000Z,אבחזיסטאן,6,0,6
2021-11-20T00:00:00.000Z,תורכמניסטאן,13,3,16
2021-11-20T00:00:00.000Z,תורכיה,1358,364,1722
2021-11-20T00:00:00.000Z,תוניסיה,0,3,3
2021-11-20T00:00:00.000Z,תאילנד,1,6,7
2021-11-20T00:00:00.000Z,שוויץ,79,28,107
2021-11-20T00:00:00.000Z,שוודיה,10,16,26
2021-11-20T00:00:00.000Z,רוסיה,11,6,17
2021-11-20T00:00:00.000Z,רומניה,215,33,248
2021-11-20T00:00:00.000Z,רואנדה,8,0,8
2021-11-20T00:00:00.000Z,קרואטיה,2,2,4
2021-11-20T00:00:00.000Z,קפריסין,576,60,636
2021-11-20T00:00:00.000Z,קניה,16,18,34
2021-11-20T00:00:00.000Z,קנדה,4,10,14
2021-11-20T00:00:00.000Z,קמרון,0,1,1
2021-11-20T00:00:00.000Z,קטר,0,1,1
2021-11-20T00:00:00.000Z,קזחסטאן,0,2,2
2021-11-20T00:00:00.000Z,קוריאה הדרומית,4,16,20
2021-11-20T00:00:00.000Z,קוסטה ריקה,3,0,3
2021-11-20T00:00:00.000Z,קונגו,0,3,3
2021-11-20T00:00:00.000Z,קולומביה,2,1,3
2021-11-20T00:00:00.000Z,צרפת,314,233,547
2021-11-20T00:00:00.000Z,צכיה,264,10,274
2021-11-20T00:00:00.000Z,צ'ילה,1,0,1
2021-11-20T00:00:00.000Z,פרו,5,5,10
2021-11-20T00:00:00.000Z,פנמה,2,4,6
2021-11-20T00:00:00.000Z,פינלנד,0,13,13
2021-11-20T00:00:00.000Z,פיליפינים,1,5,6
2021-11-20T00:00:00.000Z,פורטוגל,123,20,143
2021-11-20T00:00:00.000Z,פולין,150,22,172
2021-11-20T00:00:00.000Z,ערב הסעודית,1,1,2
2021-11-20T00:00:00.000Z,סרי לנקה (צילון),6,1,7
2021-11-20T00:00:00.000Z,סרביה,1,3,4
2021-11-20T00:00:00.000Z,ספרד,160,46,206
2021-11-20T00:00:00.000Z,סנגל,1,0,1
2021-11-20T00:00:00.000Z,סלובניה,1,0,1
2021-11-20T00:00:00.000Z,סינגפור,5,12,17
2021-11-20T00:00:00.000Z,סין,0,2,2
2021-11-20T00:00:00.000Z,איחוד האמירויות הערב,444,72,516
2021-11-20T00:00:00.000Z,סווזילנד,1,0,1
2021-11-20T00:00:00.000Z,נפאל,5,3,8
2021-11-20T00:00:00.000Z,נמיביה,2,3,5
2021-11-20T00:00:00.000Z,ניקרגואה,0,2,2
2021-11-20T00:00:00.000Z,ניו זילנד,0,1,1
2021-11-20T00:00:00.000Z,ניגריה,6,4,10
2021-11-20T00:00:00.000Z,נורבגיה,6,10,16
2021-11-20T00:00:00.000Z,מרוקו,16,0,16
2021-11-20T00:00:00.000Z,מקסיקו,13,6,19
2021-11-20T00:00:00.000Z,מצרים,846,85,931
2021-11-20T00:00:00.000Z,מלטה,170,10,180
2021-11-20T00:00:00.000Z,מלדיבים,10,1,11
2021-11-20T00:00:00.000Z,מלאווי,0,1,1
2021-11-20T00:00:00.000Z,מוזמביק,0,2,2
2021-11-20T00:00:00.000Z,ליטא,66,42,108
2021-11-20T00:00:00.000Z,ליבריה,1,0,1
2021-11-20T00:00:00.000Z,לטביה,35,20,55
2021-11-20T00:00:00.000Z,תימן,0,1,1
2021-11-20T00:00:00.000Z,לאוס,0,1,1
2021-11-20T00:00:00.000Z,כלל המדינות,9812,3345,13157
2021-11-20T00:00:00.000Z,כווית,2,0,2
2021-11-20T00:00:00.000Z,ירדן,42,11,53
2021-11-20T00:00:00.000Z,יפן,0,2,2
2021-11-20T00:00:00.000Z,יוון,281,33,314
2021-11-20T00:00:00.000Z,טנזניה,7,7,14
2021-11-20T00:00:00.000Z,חוף השנהב,1,0,1
2021-11-20T00:00:00.000Z,זמביה,0,22,22
2021-11-20T00:00:00.000Z,זימבאבווה,2,0,2
2021-11-20T00:00:00.000Z,זאיר,0,1,1
2021-11-20T00:00:00.000Z,ויטנאם,0,1,1
2021-11-20T00:00:00.000Z,הרפ הדומיניקנית,2,0,2
2021-11-20T00:00:00.000Z,הממלכה המאוחדת,364,192,556
2021-11-20T00:00:00.000Z,הונדורס,1,1,2
2021-11-20T00:00:00.000Z,הונגריה,318,11,329
2021-11-20T00:00:00.000Z,הונג קונג,0,1,1
2021-11-20T00:00:00.000Z,הולנד,193,63,256
2021-11-20T00:00:00.000Z,הודו,91,56,147
2021-11-20T00:00:00.000Z,דרום סודאן,0,1,1
2021-11-20T00:00:00.000Z,דרום אפריקה,16,14,30
2021-11-20T00:00:00.000Z,דנמרק,18,35,53
2021-11-20T00:00:00.000Z,גרמניה,399,175,574
2021-11-20T00:00:00.000Z,גמייקה,0,1,1
2021-11-20T00:00:00.000Z,גווטאמלה,2,0,2
2021-11-20T00:00:00.000Z,גואם,0,1,1
2021-11-20T00:00:00.000Z,גבון,2,0,2
2021-11-20T00:00:00.000Z,גאנה,6,1,7
2021-11-20T00:00:00.000Z,גאורגיה,252,20,272
2021-11-20T00:00:00.000Z,ברזיל,6,9,15
2021-11-20T00:00:00.000Z,בליז,0,1,1
2021-11-20T00:00:00.000Z,בלגיה,79,34,113
2021-11-20T00:00:00.000Z,בחריין,3,0,3
2021-11-20T00:00:00.000Z,בורקינה פאסו,1,2,3
2021-11-20T00:00:00.000Z,בוסניה הרצגובינה,1,0,1
2021-11-20T00:00:00.000Z,בוליביה,0,1,1
2021-11-20T00:00:00.000Z,בולגריה,2,0,2
2021-11-20T00:00:00.000Z,אתיופיה,38,13,51
2021-11-20T00:00:00.000Z,ארצות הברית,769,753,1522
2021-11-20T00:00:00.000Z,ארמניה,2,1,3
2021-11-20T00:00:00.000Z,ארגנטינה,7,1,8
2021-11-20T00:00:00.000Z,אקואדור,3,4,7
2021-11-20T00:00:00.000Z,אסטוניה,1,2,3
2021-11-20T00:00:00.000Z,אנגולה,6,0,6
2021-11-20T00:00:00.000Z,אלבניה,0,3,3
2021-11-20T00:00:00.000Z,אירלנד,6,7,13
2021-11-20T00:00:00.000Z,איי סיישל,6,0,6
2021-11-20T00:00:00.000Z,איי נורפולק,2,0,2
2021-11-20T00:00:00.000Z,איטליה,1139,119,1258
2021-11-20T00:00:00.000Z,אזרביג'אן,3,1,4
2021-11-20T00:00:00.000Z,אוקראינה,137,121,258
2021-11-20T00:00:00.000Z,אוסטרליה,5,4,9
2021-11-20T00:00:00.000Z,אוסטריה,247,36,283
2021-11-20T00:00:00.000Z,אוזבקיסטן,9,2,11
2021-11-20T00:00:00.000Z,אוגנדה,6,2,8
2021-11-21T00:00:00.000Z,אוקראינה,1,3,4
2021-11-21T00:00:00.000Z,ניגריה,2,3,5
2021-11-21T00:00:00.000Z,נורבגיה,0,2,2
2021-11-21T00:00:00.000Z,מרוקו,61,27,88
2021-11-21T00:00:00.000Z,מקסיקו,0,5,5
2021-11-21T00:00:00.000Z,מצרים,96,9,105
2021-11-21T00:00:00.000Z,מלטה,2,0,2
2021-11-21T00:00:00.000Z,מלדיבים,5,0,5
2021-11-21T00:00:00.000Z,מלאווי,0,1,1
2021-11-21T00:00:00.000Z,מונטנגרו,2,0,2
2021-11-21T00:00:00.000Z,מאוריציוס,3,0,3
2021-11-21T00:00:00.000Z,לסוטו,0,1,1
2021-11-21T00:00:00.000Z,לטביה,0,2,2
2021-11-21T00:00:00.000Z,לוכסמבורג,2,0,2
2021-11-21T00:00:00.000Z,כלל המדינות,2970,737,3707
2021-11-21T00:00:00.000Z,ירדן,43,15,58
2021-11-21T00:00:00.000Z,יוון,288,20,308
2021-11-21T00:00:00.000Z,טנזניה,3,0,3
2021-11-21T00:00:00.000Z,טוגו,1,0,1
2021-11-21T00:00:00.000Z,זימבאבווה,0,2,2
2021-11-21T00:00:00.000Z,זאיר,0,8,8
2021-11-21T00:00:00.000Z,הממלכה המאוחדת,183,42,225
2021-11-21T00:00:00.000Z,הולנד,94,33,127
2021-11-21T00:00:00.000Z,הודו,19,0,19
2021-11-21T00:00:00.000Z,דרום סודאן,0,1,1
2021-11-21T00:00:00.000Z,דרום אפריקה,5,13,18
2021-11-21T00:00:00.000Z,דנמרק,7,0,7
2021-11-21T00:00:00.000Z,גרמניה,117,48,165
2021-11-21T00:00:00.000Z,גינאה,0,2,2
2021-11-21T00:00:00.000Z,גאנה,2,0,2
2021-11-21T00:00:00.000Z,גאורגיה,57,28,85
2021-11-21T00:00:00.000Z,ברזיל,0,3,3
2021-11-21T00:00:00.000Z,בלגיה,5,1,6
2021-11-21T00:00:00.000Z,בחריין,1,1,2
2021-11-21T00:00:00.000Z,בולגריה,11,5,16
2021-11-21T00:00:00.000Z,בוטסואנה,0,1,1
2021-11-21T00:00:00.000Z,אתיופיה,10,28,38
2021-11-21T00:00:00.000Z,ארצות הברית,2,3,5
2021-11-21T00:00:00.000Z,ארגנטינה,1,0,1
2021-11-21T00:00:00.000Z,אסטוניה,0,1,1
2021-11-21T00:00:00.000Z,אנגולה,4,0,4
2021-11-21T00:00:00.000Z,אירלנד,4,2,6
2021-11-21T00:00:00.000Z,איי סיישל,4,0,4
2021-11-21T00:00:00.000Z,איטליה,155,9,164
2021-11-21T00:00:00.000Z,אזרביג'אן,1,0,1
2021-11-21T00:00:00.000Z,איחוד האמירויות הערב,131,30,161
2021-11-21T00:00:00.000Z,אוסטרליה,1,1,2
2021-11-21T00:00:00.000Z,אוסטריה,3,1,4
2021-11-21T00:00:00.000Z,אוזבקיסטן,1,1,2
2021-11-21T00:00:00.000Z,אוגנדה,2,1,3
2021-11-21T00:00:00.000Z,אבחזיסטאן,7,2,9
2021-11-21T00:00:00.000Z,פרו,1,0,1
2021-11-21T00:00:00.000Z,פינלנד,0,1,1
2021-11-21T00:00:00.000Z,פיליפינים,2,3,5
2021-11-21T00:00:00.000Z,פורטוגל,14,3,17
2021-11-21T00:00:00.000Z,פולין,96,7,103
2021-11-21T00:00:00.000Z,סרי לנקה (צילון),6,3,9
2021-11-21T00:00:00.000Z,סרביה,5,3,8
2021-11-21T00:00:00.000Z,ספרד,146,25,171
2021-11-21T00:00:00.000Z,סינגפור,0,2,2
2021-11-21T00:00:00.000Z,נפאל,2,0,2
2021-11-21T00:00:00.000Z,נמיביה,9,1,10
2021-11-21T00:00:00.000Z,ניו זילנד,0,2,2
2021-11-21T00:00:00.000Z,תורכיה,433,78,511
2021-11-21T00:00:00.000Z,תאילנד,4,3,7
2021-11-21T00:00:00.000Z,שוויץ,114,24,138
2021-11-21T00:00:00.000Z,שוודיה,4,1,5
2021-11-21T00:00:00.000Z,רוסיה,1,0,1
2021-11-21T00:00:00.000Z,רומניה,129,8,137
2021-11-21T00:00:00.000Z,רואנדה,0,20,20
2021-11-21T00:00:00.000Z,קרואטיה,1,0,1
2021-11-21T00:00:00.000Z,קפריסין,148,6,154
2021-11-21T00:00:00.000Z,קניה,2,2,4
2021-11-21T00:00:00.000Z,קמרון,0,2,2
2021-11-21T00:00:00.000Z,קזחסטאן,1,0,1
2021-11-21T00:00:00.000Z,קוריאה הדרומית,5,9,14
2021-11-21T00:00:00.000Z,צרפת,241,33,274
2021-11-21T00:00:00.000Z,צכיה,150,11,161
2021-11-21T00:00:00.000Z,צ'ילה,0,1,1
2021-11-21T00:00:00.000Z,פנמה,0,2,2
