Day_Date,vaccinated,vaccinated_cum,vaccinated_population_perc,vaccinated_seconde_dose,vaccinated_seconde_dose_cum,vaccinated_seconde_dose_population_perc
2020-12-19T00:00:00.000Z,43,60,0,0,0,0
2020-12-20T00:00:00.000Z,7372,7432,0.08,0,0,0
2020-12-21T00:00:00.000Z,24884,32316,0.35,0,0,0
2020-12-22T00:00:00.000Z,44614,76930,0.83,0,0,0
2020-12-23T00:00:00.000Z,62832,139762,1.5,0,0,0
2020-12-24T00:00:00.000Z,73328,213090,2.29,0,0,0
2020-12-25T00:00:00.000Z,38448,251538,2.7,0,0,0
2020-12-26T00:00:00.000Z,32573,284111,3.06,0,0,0
2020-12-27T00:00:00.000Z,104367,388478,4.18,0,0,0
2020-12-28T00:00:00.000Z,134804,523282,5.63,0,0,0
2020-12-29T00:00:00.000Z,155942,679224,7.3,0,0,0
2020-12-30T00:00:00.000Z,152723,831947,8.95,0,0,0
2020-12-31T00:00:00.000Z,158171,990118,10.65,0,0,0
2021-01-01T00:00:00.000Z,71234,1061352,11.41,0,0,0
2021-01-02T00:00:00.000Z,71625,1132977,12.18,0,0,0
2021-01-03T00:00:00.000Z,149404,1282381,13.79,0,0,0
2021-01-04T00:00:00.000Z,151836,1434217,15.42,1,1,0
2021-01-05T00:00:00.000Z,124852,1559069,16.77,0,1,0
2021-01-06T00:00:00.000Z,103074,1662143,17.87,0,1,0
2021-01-07T00:00:00.000Z,115822,1777965,19.12,4,5,0
2021-01-08T00:00:00.000Z,66294,1844259,19.83,3,8,0
2021-01-09T00:00:00.000Z,44454,1888713,20.31,22,30,0
2021-01-10T00:00:00.000Z,37536,1926249,20.71,5985,6015,0.06
2021-01-11T00:00:00.000Z,21013,1947262,20.94,19237,25252,0.27
2021-01-12T00:00:00.000Z,23906,1971168,21.2,35638,60890,0.65
2021-01-13T00:00:00.000Z,51916,2023084,21.76,56815,117705,1.27
2021-01-14T00:00:00.000Z,56302,2079386,22.36,68754,186459,2.01
2021-01-15T00:00:00.000Z,30614,2110000,22.69,35882,222341,2.39
2021-01-16T00:00:00.000Z,29367,2139367,23.01,25977,248318,2.67
2021-01-17T00:00:00.000Z,68254,2207621,23.74,84455,332773,3.58
2021-01-18T00:00:00.000Z,69525,2277146,24.49,120211,452984,4.87
2021-01-19T00:00:00.000Z,72576,2349722,25.27,137521,590505,6.35
2021-01-20T00:00:00.000Z,76532,2426254,26.09,143397,733902,7.89
2021-01-21T00:00:00.000Z,69578,2495832,26.84,163956,897858,9.66
2021-01-22T00:00:00.000Z,37713,2533545,27.24,70923,968781,10.42
2021-01-23T00:00:00.000Z,39847,2573392,27.67,53474,1022255,10.99
2021-01-24T00:00:00.000Z,68938,2642330,28.41,140339,1162594,12.5
2021-01-25T00:00:00.000Z,80732,2723062,29.28,139167,1301761,14
2021-01-26T00:00:00.000Z,78476,2801538,30.13,126063,1427824,15.35
2021-01-27T00:00:00.000Z,77690,2879228,30.96,124722,1552546,16.7
2021-01-28T00:00:00.000Z,79409,2958637,31.82,130290,1682836,18.1
2021-01-29T00:00:00.000Z,36521,2995158,32.21,64610,1747446,18.79
2021-01-30T00:00:00.000Z,34286,3029444,32.58,42663,1790109,19.25
2021-01-31T00:00:00.000Z,73175,3102619,33.36,59339,1849448,19.89
2021-02-01T00:00:00.000Z,82271,3184890,34.25,35206,1884654,20.27
2021-02-02T00:00:00.000Z,69861,3254751,35,30947,1915601,20.6
2021-02-03T00:00:00.000Z,60071,3314822,35.65,51266,1966867,21.15
2021-02-04T00:00:00.000Z,72386,3387208,36.42,57920,2024787,21.77
2021-02-05T00:00:00.000Z,33777,3420985,36.79,28656,2053443,22.08
2021-02-06T00:00:00.000Z,21532,3442517,37.02,22139,2075582,22.32
2021-02-07T00:00:00.000Z,53941,3496458,37.6,68542,2144124,23.06
2021-02-08T00:00:00.000Z,58480,3554938,38.23,65202,2209326,23.76
2021-02-09T00:00:00.000Z,66118,3621056,38.94,67276,2276602,24.48
2021-02-10T00:00:00.000Z,70337,3691393,39.7,71946,2348548,25.26
2021-02-11T00:00:00.000Z,80892,3772285,40.57,71529,2420077,26.02
2021-02-12T00:00:00.000Z,38936,3811221,40.98,37409,2457486,26.43
2021-02-13T00:00:00.000Z,27388,3838609,41.28,30345,2487831,26.75
2021-02-14T00:00:00.000Z,74727,3913336,42.08,68869,2556700,27.49
2021-02-15T00:00:00.000Z,81318,3994654,42.96,75488,2632188,28.31
2021-02-16T00:00:00.000Z,83314,4077968,43.85,78036,2710224,29.14
2021-02-17T00:00:00.000Z,61795,4139763,44.52,75334,2785558,29.95
2021-02-18T00:00:00.000Z,68975,4208738,45.26,79491,2865049,30.81
2021-02-19T00:00:00.000Z,39559,4248297,45.68,37990,2903039,31.22
2021-02-20T00:00:00.000Z,31583,4279880,46.02,28643,2931682,31.53
2021-02-21T00:00:00.000Z,79312,4359192,46.88,78341,3010023,32.37
2021-02-22T00:00:00.000Z,84875,4444067,47.79,80351,3090374,33.23
2021-02-23T00:00:00.000Z,77193,4521260,48.62,70226,3160600,33.99
2021-02-24T00:00:00.000Z,60874,4582134,49.27,62868,3223468,34.66
2021-02-25T00:00:00.000Z,51505,4633639,49.83,64542,3288010,35.36
2021-02-26T00:00:00.000Z,25752,4659391,50.1,31886,3319896,35.7
2021-02-27T00:00:00.000Z,18255,4677646,50.3,21125,3341021,35.93
2021-02-28T00:00:00.000Z,40164,4717810,50.73,55708,3396729,36.53
2021-03-01T00:00:00.000Z,45509,4763319,51.22,61265,3457994,37.19
2021-03-02T00:00:00.000Z,41003,4804322,51.66,64520,3522514,37.88
2021-03-03T00:00:00.000Z,41781,4846103,52.11,66559,3589073,38.6
2021-03-04T00:00:00.000Z,39475,4885578,52.54,78845,3667918,39.44
2021-03-05T00:00:00.000Z,17164,4902742,52.72,40321,3708239,39.88
2021-03-06T00:00:00.000Z,10567,4913309,52.84,25277,3733516,40.15
2021-03-07T00:00:00.000Z,30965,4944274,53.17,72677,3806193,40.93
2021-03-08T00:00:00.000Z,27162,4971436,53.46,73077,3879270,41.72
2021-03-09T00:00:00.000Z,26501,4997937,53.75,76472,3955742,42.54
2021-03-10T00:00:00.000Z,23090,5021027,53.99,58502,4014244,43.17
2021-03-11T00:00:00.000Z,23057,5044084,54.24,68882,4083126,43.91
2021-03-12T00:00:00.000Z,11096,5055180,54.36,41295,4124421,44.35
2021-03-13T00:00:00.000Z,7847,5063027,54.45,25180,4149601,44.62
2021-03-14T00:00:00.000Z,20829,5083856,54.67,73825,4223426,45.42
2021-03-15T00:00:00.000Z,19903,5103759,54.88,78047,4301473,46.26
2021-03-16T00:00:00.000Z,18531,5122290,55.08,71352,4372825,47.02
2021-03-17T00:00:00.000Z,17501,5139791,55.27,58830,4431655,47.66
2021-03-18T00:00:00.000Z,15827,5155618,55.44,57961,4489616,48.28
2021-03-19T00:00:00.000Z,6753,5162371,55.51,27867,4517483,48.58
2021-03-20T00:00:00.000Z,5116,5167487,55.57,15226,4532709,48.74
2021-03-21T00:00:00.000Z,13030,5180517,55.71,40362,4573071,49.18
2021-03-22T00:00:00.000Z,13350,5193867,55.85,40370,4613441,49.61
2021-03-23T00:00:00.000Z,2601,5196468,55.88,7154,4620595,49.69
2021-03-24T00:00:00.000Z,10787,5207255,56,46347,4666942,50.19
2021-03-25T00:00:00.000Z,10006,5217261,56.1,35254,4702196,50.57
2021-03-26T00:00:00.000Z,3997,5221258,56.15,13214,4715410,50.71
2021-03-27T00:00:00.000Z,1710,5222968,56.17,4200,4719610,50.75
2021-03-28T00:00:00.000Z,2037,5225005,56.19,4547,4724157,50.8
2021-03-29T00:00:00.000Z,6761,5231766,56.26,29855,4754012,51.12
2021-03-30T00:00:00.000Z,7652,5239418,56.34,22230,4776242,51.36
2021-03-31T00:00:00.000Z,7949,5247367,56.43,19248,4795490,51.57
2021-04-01T00:00:00.000Z,7944,5255311,56.51,18467,4813957,51.77
2021-04-02T00:00:00.000Z,2768,5258079,56.54,7964,4821921,51.85
2021-04-03T00:00:00.000Z,1339,5259418,56.56,2878,4824799,51.88
2021-04-04T00:00:00.000Z,9533,5268951,56.66,22712,4847511,52.13
2021-04-05T00:00:00.000Z,10170,5279121,56.77,21078,4868589,52.35
2021-04-06T00:00:00.000Z,8764,5287885,56.86,16550,4885139,52.53
2021-04-07T00:00:00.000Z,8671,5296556,56.96,15090,4900229,52.69
2021-04-08T00:00:00.000Z,9162,5305718,57.06,16743,4916972,52.87
2021-04-09T00:00:00.000Z,3364,5309082,57.09,6053,4923025,52.94
2021-04-10T00:00:00.000Z,1491,5310573,57.11,3429,4926454,52.98
2021-04-11T00:00:00.000Z,8894,5319467,57.2,14092,4940546,53.13
2021-04-12T00:00:00.000Z,8701,5328168,57.3,13022,4953568,53.27
2021-04-13T00:00:00.000Z,5594,5333762,57.36,4779,4958347,53.32
2021-04-14T00:00:00.000Z,3423,5337185,57.39,5108,4963455,53.37
2021-04-15T00:00:00.000Z,450,5337635,57.4,413,4963868,53.38
2021-04-16T00:00:00.000Z,3188,5340823,57.43,6457,4970325,53.45
2021-04-17T00:00:00.000Z,743,5341566,57.44,1912,4972237,53.47
2021-04-18T00:00:00.000Z,6963,5348529,57.52,7351,4979588,53.55
2021-04-19T00:00:00.000Z,6204,5354733,57.58,6968,4986556,53.62
2021-04-20T00:00:00.000Z,6043,5360776,57.65,6685,4993241,53.69
2021-04-21T00:00:00.000Z,6148,5366924,57.71,6900,5000141,53.77
2021-04-22T00:00:00.000Z,5741,5372665,57.77,7467,5007608,53.85
2021-04-23T00:00:00.000Z,2584,5375249,57.8,3231,5010839,53.88
2021-04-24T00:00:00.000Z,679,5375928,57.81,1211,5012050,53.9
2021-04-25T00:00:00.000Z,4716,5380644,57.86,6824,5018874,53.97
2021-04-26T00:00:00.000Z,5331,5385975,57.92,7724,5026598,54.05
2021-04-27T00:00:00.000Z,4348,5390323,57.96,6413,5033011,54.12
2021-04-28T00:00:00.000Z,4309,5394632,58.01,7093,5040104,54.2
2021-04-29T00:00:00.000Z,4189,5398821,58.06,7085,5047189,54.27
2021-04-30T00:00:00.000Z,1738,5400559,58.07,2991,5050180,54.31
2021-05-01T00:00:00.000Z,380,5400939,58.08,820,5051000,54.32
2021-05-02T00:00:00.000Z,3161,5404100,58.11,5946,5056946,54.38
2021-05-03T00:00:00.000Z,3398,5407498,58.15,5630,5062576,54.44
2021-05-04T00:00:00.000Z,3381,5410879,58.19,4526,5067102,54.49
2021-05-05T00:00:00.000Z,3108,5413987,58.22,3860,5070962,54.53
2021-05-06T00:00:00.000Z,3437,5417424,58.26,2916,5073878,54.56
2021-05-07T00:00:00.000Z,1662,5419086,58.27,2280,5076158,54.59
2021-05-08T00:00:00.000Z,175,5419261,58.28,423,5076581,54.59
2021-05-09T00:00:00.000Z,2764,5422025,58.31,4625,5081206,54.64
2021-05-10T00:00:00.000Z,2763,5424788,58.34,4521,5085727,54.69
2021-05-11T00:00:00.000Z,2414,5427202,58.36,3638,5089365,54.73
2021-05-12T00:00:00.000Z,1814,5429016,58.38,3092,5092457,54.76
2021-05-13T00:00:00.000Z,1813,5430829,58.4,3473,5095930,54.8
2021-05-14T00:00:00.000Z,770,5431599,58.41,1332,5097262,54.81
2021-05-15T00:00:00.000Z,132,5431731,58.41,173,5097435,54.82
2021-05-16T00:00:00.000Z,425,5432156,58.41,1134,5098569,54.83
2021-05-17T00:00:00.000Z,187,5432343,58.42,756,5099325,54.84
2021-05-18T00:00:00.000Z,1817,5434160,58.44,4796,5104121,54.89
2021-05-19T00:00:00.000Z,2030,5436190,58.46,4874,5108995,54.94
2021-05-20T00:00:00.000Z,2093,5438283,58.48,3712,5112707,54.98
2021-05-21T00:00:00.000Z,1005,5439288,58.49,1223,5113930,54.99
2021-05-22T00:00:00.000Z,139,5439427,58.49,323,5114253,55
2021-05-23T00:00:00.000Z,2195,5441622,58.52,3118,5117371,55.03
2021-05-24T00:00:00.000Z,1978,5443600,58.54,3460,5120831,55.07
2021-05-25T00:00:00.000Z,1645,5445245,58.56,2436,5123267,55.09
2021-05-26T00:00:00.000Z,1216,5446461,58.57,2321,5125588,55.12
2021-05-27T00:00:00.000Z,1632,5448093,58.59,2942,5128530,55.15
2021-05-28T00:00:00.000Z,615,5448708,58.59,1240,5129770,55.16
2021-05-29T00:00:00.000Z,103,5448811,58.59,161,5129931,55.16
2021-05-30T00:00:00.000Z,1544,5450355,58.61,1844,5131775,55.18
2021-05-31T00:00:00.000Z,1520,5451875,58.63,1946,5133721,55.21
2021-06-01T00:00:00.000Z,1171,5453046,58.64,1665,5135386,55.22
2021-06-02T00:00:00.000Z,1286,5454332,58.65,1425,5136811,55.24
2021-06-03T00:00:00.000Z,1500,5455832,58.67,1289,5138100,55.25
2021-06-04T00:00:00.000Z,923,5456755,58.68,546,5138646,55.26
2021-06-05T00:00:00.000Z,103,5456858,58.68,66,5138712,55.26
2021-06-06T00:00:00.000Z,4173,5461031,58.73,873,5139585,55.27
2021-06-07T00:00:00.000Z,4218,5465249,58.77,663,5140248,55.28
2021-06-08T00:00:00.000Z,3546,5468795,58.81,1013,5141261,55.29
2021-06-09T00:00:00.000Z,3450,5472245,58.85,1127,5142388,55.3
2021-06-10T00:00:00.000Z,3178,5475423,58.88,1120,5143508,55.31
2021-06-11T00:00:00.000Z,1237,5476660,58.89,404,5143912,55.32
2021-06-12T00:00:00.000Z,137,5476797,58.89,89,5144001,55.32
2021-06-13T00:00:00.000Z,3024,5479821,58.93,1165,5145166,55.33
2021-06-14T00:00:00.000Z,2873,5482694,58.96,1346,5146512,55.34
2021-06-15T00:00:00.000Z,2945,5485639,58.99,1179,5147691,55.36
2021-06-16T00:00:00.000Z,2557,5488196,59.02,827,5148518,55.36
2021-06-17T00:00:00.000Z,2533,5490729,59.04,1008,5149526,55.38
2021-06-18T00:00:00.000Z,1074,5491803,59.06,330,5149856,55.38
2021-06-19T00:00:00.000Z,140,5491943,59.06,78,5149934,55.38
2021-06-20T00:00:00.000Z,3215,5495158,59.09,1211,5151145,55.39
2021-06-21T00:00:00.000Z,5032,5500190,59.15,1047,5152192,55.4
2021-06-22T00:00:00.000Z,6713,5506903,59.22,902,5153094,55.41
2021-06-23T00:00:00.000Z,10566,5517469,59.33,1099,5154193,55.43
2021-06-24T00:00:00.000Z,11842,5529311,59.46,1293,5155486,55.44
2021-06-25T00:00:00.000Z,6913,5536224,59.53,764,5156250,55.45
2021-06-26T00:00:00.000Z,2176,5538400,59.56,108,5156358,55.45
2021-06-27T00:00:00.000Z,13513,5551913,59.7,3279,5159637,55.48
2021-06-28T00:00:00.000Z,14314,5566227,59.86,3463,5163100,55.52
2021-06-29T00:00:00.000Z,16321,5582548,60.03,3435,5166535,55.56
2021-06-30T00:00:00.000Z,12,5582560,60.03,1,5166536,55.56
