date,amount,coronaEvents,vaccinated_amount_cum_perc
2020-02-12T00:00:00.000Z,0,,0
2020-02-13T00:00:00.000Z,0,,0
2020-02-14T00:00:00.000Z,0,,0
2020-02-15T00:00:00.000Z,0,,0
2020-02-16T00:00:00.000Z,0,,0
2020-02-17T00:00:00.000Z,0,,0
2020-02-18T00:00:00.000Z,0,,0
2020-02-19T00:00:00.000Z,0,,0
2020-02-20T00:00:00.000Z,0,,0
2020-02-21T00:00:00.000Z,1,,0
2020-02-22T00:00:00.000Z,0,,0
2020-02-23T00:00:00.000Z,0,,0
2020-02-24T00:00:00.000Z,1,,0
2020-02-25T00:00:00.000Z,0,,0
2020-02-26T00:00:00.000Z,0,,0
2020-02-27T00:00:00.000Z,1,,0
2020-02-28T00:00:00.000Z,3,,0
2020-02-29T00:00:00.000Z,0,,0
2020-03-01T00:00:00.000Z,1,,0
2020-03-02T00:00:00.000Z,5,,0
2020-03-03T00:00:00.000Z,3,,0
2020-03-04T00:00:00.000Z,0,,0
2020-03-05T00:00:00.000Z,9,,0
2020-03-06T00:00:00.000Z,4,,0
2020-03-07T00:00:00.000Z,4,,0
2020-03-08T00:00:00.000Z,9,,0
2020-03-09T00:00:00.000Z,4,,0
2020-03-10T00:00:00.000Z,33,,0
2020-03-11T00:00:00.000Z,18,,0
2020-03-12T00:00:00.000Z,23,,0
2020-03-13T00:00:00.000Z,35,,0
2020-03-14T00:00:00.000Z,29,סגר ראשון ,0
2020-03-15T00:00:00.000Z,40,,0
2020-03-16T00:00:00.000Z,73,,0
2020-03-17T00:00:00.000Z,94,,0
2020-03-18T00:00:00.000Z,125,,0
2020-03-19T00:00:00.000Z,135,,0
2020-03-20T00:00:00.000Z,168,,0
2020-03-21T00:00:00.000Z,209,,0
2020-03-22T00:00:00.000Z,252,,0
2020-03-23T00:00:00.000Z,349,,0
2020-03-24T00:00:00.000Z,418,,0
2020-03-25T00:00:00.000Z,423,,0
2020-03-26T00:00:00.000Z,519,,0
2020-03-27T00:00:00.000Z,431,,0
2020-03-28T00:00:00.000Z,476,,0
2020-03-29T00:00:00.000Z,528,,0
2020-03-30T00:00:00.000Z,549,,0
2020-03-31T00:00:00.000Z,737,,0
2020-04-01T00:00:00.000Z,693,,0
2020-04-02T00:00:00.000Z,724,,0
2020-04-03T00:00:00.000Z,600,,0
2020-04-04T00:00:00.000Z,427,,0
2020-04-05T00:00:00.000Z,584,,0
2020-04-06T00:00:00.000Z,449,,0
2020-04-07T00:00:00.000Z,376,,0
2020-04-08T00:00:00.000Z,340,,0
2020-04-09T00:00:00.000Z,340,,0
2020-04-10T00:00:00.000Z,355,,0
2020-04-11T00:00:00.000Z,342,,0
2020-04-12T00:00:00.000Z,551,,0
2020-04-13T00:00:00.000Z,437,,0
2020-04-14T00:00:00.000Z,394,,0
2020-04-15T00:00:00.000Z,305,,0
2020-04-16T00:00:00.000Z,296,,0
2020-04-17T00:00:00.000Z,297,,0
2020-04-18T00:00:00.000Z,288,,0
2020-04-19T00:00:00.000Z,274,פתיחת משק חלקית לאחר סגר ראשון,0
2020-04-20T00:00:00.000Z,297,,0
2020-04-21T00:00:00.000Z,279,,0
2020-04-22T00:00:00.000Z,226,,0
2020-04-23T00:00:00.000Z,274,,0
2020-04-24T00:00:00.000Z,250,,0
2020-04-25T00:00:00.000Z,159,,0
2020-04-26T00:00:00.000Z,82,,0
2020-04-27T00:00:00.000Z,127,,0
2020-04-28T00:00:00.000Z,161,,0
2020-04-29T00:00:00.000Z,82,,0
2020-04-30T00:00:00.000Z,143,,0
2020-05-01T00:00:00.000Z,116,,0
2020-05-02T00:00:00.000Z,57,,0
2020-05-03T00:00:00.000Z,26,,0
2020-05-04T00:00:00.000Z,55,,0
2020-05-05T00:00:00.000Z,33,,0
2020-05-06T00:00:00.000Z,65,,0
2020-05-07T00:00:00.000Z,61,,0
2020-05-08T00:00:00.000Z,33,,0
2020-05-09T00:00:00.000Z,20,,0
2020-05-10T00:00:00.000Z,29,,0
2020-05-11T00:00:00.000Z,39,,0
2020-05-12T00:00:00.000Z,23,,0
2020-05-13T00:00:00.000Z,39,,0
2020-05-14T00:00:00.000Z,22,,0
2020-05-15T00:00:00.000Z,12,,0
2020-05-16T00:00:00.000Z,5,,0
2020-05-17T00:00:00.000Z,15,,0
2020-05-18T00:00:00.000Z,27,,0
2020-05-19T00:00:00.000Z,22,,0
2020-05-20T00:00:00.000Z,15,,0
2020-05-21T00:00:00.000Z,18,,0
2020-05-22T00:00:00.000Z,19,,0
2020-05-23T00:00:00.000Z,5,,0
2020-05-24T00:00:00.000Z,13,,0
2020-05-25T00:00:00.000Z,22,,0
2020-05-26T00:00:00.000Z,50,,0
2020-05-27T00:00:00.000Z,40,פתיחת משק מלאה לאחר סגר ראשון,0
2020-05-28T00:00:00.000Z,77,,0
2020-05-29T00:00:00.000Z,113,,0
2020-05-30T00:00:00.000Z,29,,0
2020-05-31T00:00:00.000Z,87,,0
2020-06-01T00:00:00.000Z,100,,0
2020-06-02T00:00:00.000Z,122,,0
2020-06-03T00:00:00.000Z,96,,0
2020-06-04T00:00:00.000Z,142,,0
2020-06-05T00:00:00.000Z,127,,0
2020-06-06T00:00:00.000Z,78,,0
2020-06-07T00:00:00.000Z,140,,0
2020-06-08T00:00:00.000Z,179,,0
2020-06-09T00:00:00.000Z,174,,0
2020-06-10T00:00:00.000Z,241,,0
2020-06-11T00:00:00.000Z,193,,0
2020-06-12T00:00:00.000Z,184,,0
2020-06-13T00:00:00.000Z,149,,0
2020-06-14T00:00:00.000Z,137,,0
2020-06-15T00:00:00.000Z,200,,0
2020-06-16T00:00:00.000Z,297,,0
2020-06-17T00:00:00.000Z,268,,0
2020-06-18T00:00:00.000Z,303,,0
2020-06-19T00:00:00.000Z,311,,0
2020-06-20T00:00:00.000Z,160,,0
2020-06-21T00:00:00.000Z,174,,0
2020-06-22T00:00:00.000Z,344,,0
2020-06-23T00:00:00.000Z,452,,0
2020-06-24T00:00:00.000Z,485,,0
2020-06-25T00:00:00.000Z,516,,0
2020-06-26T00:00:00.000Z,464,,0
2020-06-27T00:00:00.000Z,397,,0
2020-06-28T00:00:00.000Z,383,,0
2020-06-29T00:00:00.000Z,759,,0
2020-06-30T00:00:00.000Z,789,,0
2020-07-01T00:00:00.000Z,966,,0
2020-07-02T00:00:00.000Z,1154,,0
2020-07-03T00:00:00.000Z,941,,0
2020-07-04T00:00:00.000Z,819,,0
2020-07-05T00:00:00.000Z,825,,0
2020-07-06T00:00:00.000Z,1128,,0
2020-07-07T00:00:00.000Z,1383,,0
2020-07-08T00:00:00.000Z,1329,,0
2020-07-09T00:00:00.000Z,1520,,0
2020-07-10T00:00:00.000Z,1404,,0
2020-07-11T00:00:00.000Z,1168,,0
2020-07-12T00:00:00.000Z,1236,,0
2020-07-13T00:00:00.000Z,1716,,0
2020-07-14T00:00:00.000Z,1601,,0
2020-07-15T00:00:00.000Z,1873,,0
2020-07-16T00:00:00.000Z,1936,,0
2020-07-17T00:00:00.000Z,1601,,0
2020-07-18T00:00:00.000Z,1444,,0
2020-07-19T00:00:00.000Z,1016,,0
2020-07-20T00:00:00.000Z,1886,,0
2020-07-21T00:00:00.000Z,2004,,0
2020-07-22T00:00:00.000Z,2039,,0
2020-07-23T00:00:00.000Z,1987,,0
2020-07-24T00:00:00.000Z,1824,,0
2020-07-25T00:00:00.000Z,1110,,0
2020-07-26T00:00:00.000Z,1040,,0
2020-07-27T00:00:00.000Z,2048,,0
2020-07-28T00:00:00.000Z,2120,,0
2020-07-29T00:00:00.000Z,1957,,0
2020-07-30T00:00:00.000Z,1786,,0
2020-07-31T00:00:00.000Z,1359,,0
2020-08-01T00:00:00.000Z,622,,0
2020-08-02T00:00:00.000Z,708,,0
2020-08-03T00:00:00.000Z,1799,,0
2020-08-04T00:00:00.000Z,1724,,0
2020-08-05T00:00:00.000Z,1686,,0
2020-08-06T00:00:00.000Z,1675,,0
2020-08-07T00:00:00.000Z,1760,,0
2020-08-08T00:00:00.000Z,754,,0
2020-08-09T00:00:00.000Z,922,,0
2020-08-10T00:00:00.000Z,1696,,0
2020-08-11T00:00:00.000Z,1822,,0
2020-08-12T00:00:00.000Z,1615,,0
2020-08-13T00:00:00.000Z,1640,,0
2020-08-14T00:00:00.000Z,1389,,0
2020-08-15T00:00:00.000Z,754,,0
2020-08-16T00:00:00.000Z,1069,,0
2020-08-17T00:00:00.000Z,1649,,0
2020-08-18T00:00:00.000Z,1647,,0
2020-08-19T00:00:00.000Z,1638,,0
2020-08-20T00:00:00.000Z,1485,,0
2020-08-21T00:00:00.000Z,1491,,0
2020-08-22T00:00:00.000Z,710,,0
2020-08-23T00:00:00.000Z,964,,0
2020-08-24T00:00:00.000Z,1901,,0
2020-08-25T00:00:00.000Z,1957,,0
2020-08-26T00:00:00.000Z,1984,,0
2020-08-27T00:00:00.000Z,2106,,0
2020-08-28T00:00:00.000Z,1833,,0
2020-08-29T00:00:00.000Z,908,,0
2020-08-30T00:00:00.000Z,1099,,0
2020-08-31T00:00:00.000Z,2171,,0
2020-09-01T00:00:00.000Z,2254,,0
2020-09-02T00:00:00.000Z,3193,,0
2020-09-03T00:00:00.000Z,2665,,0
2020-09-04T00:00:00.000Z,2623,,0
2020-09-05T00:00:00.000Z,1504,,0
2020-09-06T00:00:00.000Z,2176,,0
2020-09-07T00:00:00.000Z,3385,,0
2020-09-08T00:00:00.000Z,3487,,0
2020-09-09T00:00:00.000Z,3991,,0
2020-09-10T00:00:00.000Z,4152,,0
2020-09-11T00:00:00.000Z,3972,,0
2020-09-12T00:00:00.000Z,2718,,0
2020-09-13T00:00:00.000Z,3172,,0
2020-09-14T00:00:00.000Z,4803,,0
2020-09-15T00:00:00.000Z,5528,,0
2020-09-16T00:00:00.000Z,4566,,0
2020-09-17T00:00:00.000Z,5377,,0
2020-09-18T00:00:00.000Z,5333,סגר שני,0
2020-09-19T00:00:00.000Z,3809,,0
2020-09-20T00:00:00.000Z,2576,,0
2020-09-21T00:00:00.000Z,3869,,0
2020-09-22T00:00:00.000Z,7018,,0
2020-09-23T00:00:00.000Z,7142,,0
2020-09-24T00:00:00.000Z,8257,,0
2020-09-25T00:00:00.000Z,8385,,0
2020-09-26T00:00:00.000Z,5880,,0
2020-09-27T00:00:00.000Z,3436,,0
2020-09-28T00:00:00.000Z,1153,,0
2020-09-29T00:00:00.000Z,4988,,0
2020-09-30T00:00:00.000Z,9051,,0
2020-10-01T00:00:00.000Z,7718,,0
2020-10-02T00:00:00.000Z,7053,,0
2020-10-03T00:00:00.000Z,2593,,0
2020-10-04T00:00:00.000Z,2931,,0
2020-10-05T00:00:00.000Z,5700,,0
2020-10-06T00:00:00.000Z,4717,,0
2020-10-07T00:00:00.000Z,4152,,0
2020-10-08T00:00:00.000Z,3752,,0
2020-10-09T00:00:00.000Z,2954,,0
2020-10-10T00:00:00.000Z,915,,0
2020-10-11T00:00:00.000Z,1638,,0
2020-10-12T00:00:00.000Z,3154,,0
2020-10-13T00:00:00.000Z,2335,,0
2020-10-14T00:00:00.000Z,2117,,0
2020-10-15T00:00:00.000Z,1609,,0
2020-10-16T00:00:00.000Z,1496,,0
2020-10-17T00:00:00.000Z,410,,0
2020-10-18T00:00:00.000Z,921,פתיחת סגר שני,0
2020-10-19T00:00:00.000Z,1516,,0
2020-10-20T00:00:00.000Z,1192,,0
2020-10-21T00:00:00.000Z,1169,,0
2020-10-22T00:00:00.000Z,1031,,0
2020-10-23T00:00:00.000Z,849,,0
2020-10-24T00:00:00.000Z,247,,0
2020-10-25T00:00:00.000Z,604,,0
2020-10-26T00:00:00.000Z,883,,0
2020-10-27T00:00:00.000Z,885,,0
2020-10-28T00:00:00.000Z,724,,0
2020-10-29T00:00:00.000Z,647,,0
2020-10-30T00:00:00.000Z,681,,0
2020-10-31T00:00:00.000Z,228,,0
2020-11-01T00:00:00.000Z,657,,0
2020-11-02T00:00:00.000Z,792,,0
2020-11-03T00:00:00.000Z,844,,0
2020-11-04T00:00:00.000Z,769,,0
2020-11-05T00:00:00.000Z,568,,0
2020-11-06T00:00:00.000Z,688,,0
2020-11-07T00:00:00.000Z,212,הקלות סגר שני – פתיחת חנויות רחוב,0
2020-11-08T00:00:00.000Z,535,,0
2020-11-09T00:00:00.000Z,722,,0
2020-11-10T00:00:00.000Z,674,,0
2020-11-11T00:00:00.000Z,768,,0
2020-11-12T00:00:00.000Z,836,,0
2020-11-13T00:00:00.000Z,760,,0
2020-11-14T00:00:00.000Z,291,,0
2020-11-15T00:00:00.000Z,626,,0
2020-11-16T00:00:00.000Z,874,,0
2020-11-17T00:00:00.000Z,830,,0
2020-11-18T00:00:00.000Z,796,,0
2020-11-19T00:00:00.000Z,770,,0
2020-11-20T00:00:00.000Z,772,,0
2020-11-21T00:00:00.000Z,423,,0
2020-11-22T00:00:00.000Z,763,,0
2020-11-23T00:00:00.000Z,961,,0
2020-11-24T00:00:00.000Z,859,,0
2020-11-25T00:00:00.000Z,1082,,0
2020-11-26T00:00:00.000Z,1084,,0
2020-11-27T00:00:00.000Z,1033,הקלות סגר שני – פיילוט קניונים,0
2020-11-28T00:00:00.000Z,581,,0
2020-11-29T00:00:00.000Z,1026,,0
2020-11-30T00:00:00.000Z,1257,,0
2020-12-01T00:00:00.000Z,1200,,0
2020-12-02T00:00:00.000Z,1588,,0
2020-12-03T00:00:00.000Z,1448,,0
2020-12-04T00:00:00.000Z,1515,,0
2020-12-05T00:00:00.000Z,1000,,0
2020-12-06T00:00:00.000Z,1358,,0
2020-12-07T00:00:00.000Z,1864,,0
2020-12-08T00:00:00.000Z,1769,,0
2020-12-09T00:00:00.000Z,1869,,0
2020-12-10T00:00:00.000Z,2007,,0
2020-12-11T00:00:00.000Z,1835,,0
2020-12-12T00:00:00.000Z,1298,,0
2020-12-13T00:00:00.000Z,1727,,0
2020-12-14T00:00:00.000Z,2322,,0
2020-12-15T00:00:00.000Z,2893,,0
2020-12-16T00:00:00.000Z,2860,,0
2020-12-17T00:00:00.000Z,2847,,0
2020-12-18T00:00:00.000Z,2791,,0
2020-12-19T00:00:00.000Z,1888,,0
2020-12-20T00:00:00.000Z,3094,תחילת חיסונים מנה 1,0
2020-12-21T00:00:00.000Z,3860,,0
2020-12-22T00:00:00.000Z,4381,,0
2020-12-23T00:00:00.000Z,4037,,0
2020-12-24T00:00:00.000Z,4049,,0
2020-12-25T00:00:00.000Z,4005,,0
2020-12-26T00:00:00.000Z,2659,,0
2020-12-27T00:00:00.000Z,3533,סגר שלישי,0
2020-12-28T00:00:00.000Z,5521,,0
2020-12-29T00:00:00.000Z,5632,,0
2020-12-30T00:00:00.000Z,5869,,0
2020-12-31T00:00:00.000Z,5865,,0
2021-01-01T00:00:00.000Z,6011,,0.01
2021-01-02T00:00:00.000Z,4212,,0.01
2021-01-03T00:00:00.000Z,5231,,0.01
2021-01-04T00:00:00.000Z,8425,,0.02
2021-01-05T00:00:00.000Z,8227,,0.03
2021-01-06T00:00:00.000Z,7883,,0.04
2021-01-07T00:00:00.000Z,7662,,0.06
2021-01-08T00:00:00.000Z,8162,הידוק סגר שלישי,0.06
2021-01-09T00:00:00.000Z,5164,,0.07
2021-01-10T00:00:00.000Z,6955,תחילת חיסונים מנה 2,0.09
2021-01-11T00:00:00.000Z,9728,,0.1
2021-01-12T00:00:00.000Z,9296,,0.11
2021-01-13T00:00:00.000Z,9469,,0.13
2021-01-14T00:00:00.000Z,9297,,0.14
2021-01-15T00:00:00.000Z,8429,,0.15
2021-01-16T00:00:00.000Z,5085,,0.16
2021-01-17T00:00:00.000Z,5659,,0.24
2021-01-18T00:00:00.000Z,10120,,0.45
2021-01-19T00:00:00.000Z,8632,,0.83
2021-01-20T00:00:00.000Z,8361,,1.44
2021-01-21T00:00:00.000Z,7268,,2.18
2021-01-22T00:00:00.000Z,7387,,2.57
2021-01-23T00:00:00.000Z,2447,,2.85
2021-01-24T00:00:00.000Z,4935,,3.76
2021-01-25T00:00:00.000Z,8716,,5.04
2021-01-26T00:00:00.000Z,7817,,6.49
2021-01-27T00:00:00.000Z,7751,,8.01
2021-01-28T00:00:00.000Z,7196,,9.75
2021-01-29T00:00:00.000Z,6775,,10.51
2021-01-30T00:00:00.000Z,2627,,11.07
2021-01-31T00:00:00.000Z,5238,,12.56
2021-02-01T00:00:00.000Z,8930,,14.04
2021-02-02T00:00:00.000Z,8021,,15.38
2021-02-03T00:00:00.000Z,7463,,16.7
2021-02-04T00:00:00.000Z,7261,,18.08
2021-02-05T00:00:00.000Z,6599,,18.78
2021-02-06T00:00:00.000Z,2658,,19.23
2021-02-07T00:00:00.000Z,4605,פתיחת סגר שלשי ,19.87
2021-02-08T00:00:00.000Z,7855,,20.26
2021-02-09T00:00:00.000Z,6168,,20.59
2021-02-10T00:00:00.000Z,5676,,21.15
2021-02-11T00:00:00.000Z,5067,,21.77
2021-02-12T00:00:00.000Z,4674,,22.08
2021-02-13T00:00:00.000Z,1890,,22.32
2021-02-14T00:00:00.000Z,3489,,23.06
2021-02-15T00:00:00.000Z,5199,,23.76
2021-02-16T00:00:00.000Z,4583,,24.48
2021-02-17T00:00:00.000Z,4168,,25.25
2021-02-18T00:00:00.000Z,3337,,26.02
2021-02-19T00:00:00.000Z,3793,,26.43
2021-02-20T00:00:00.000Z,1255,,26.75
2021-02-21T00:00:00.000Z,3113,פתיחה חלקית של המשק לאחר סגר שלישי,27.49
2021-02-22T00:00:00.000Z,4811,,28.29
2021-02-23T00:00:00.000Z,4442,,29.13
2021-02-24T00:00:00.000Z,4375,,29.93
2021-02-25T00:00:00.000Z,3820,,30.78
2021-02-26T00:00:00.000Z,3818,,31.19
2021-02-27T00:00:00.000Z,1443,,31.49
2021-02-28T00:00:00.000Z,3028,,32.33
2021-03-01T00:00:00.000Z,4851,,33.18
2021-03-02T00:00:00.000Z,4393,,33.93
2021-03-03T00:00:00.000Z,4669,,34.61
2021-03-04T00:00:00.000Z,3659,,35.3
2021-03-05T00:00:00.000Z,3695,,35.64
2021-03-06T00:00:00.000Z,1841,,35.87
2021-03-07T00:00:00.000Z,2367,פתיחת משק מלאה לאחר סגר שלישי,36.48
2021-03-08T00:00:00.000Z,3796,,37.17
2021-03-09T00:00:00.000Z,3127,,37.94
2021-03-10T00:00:00.000Z,2843,,38.74
2021-03-11T00:00:00.000Z,2553,,39.67
2021-03-12T00:00:00.000Z,2413,,40.14
2021-03-13T00:00:00.000Z,787,,40.43
2021-03-14T00:00:00.000Z,1417,,41.28
2021-03-15T00:00:00.000Z,2130,,42.11
2021-03-16T00:00:00.000Z,1564,,42.97
2021-03-17T00:00:00.000Z,1541,,43.64
2021-03-18T00:00:00.000Z,1256,,44.42
2021-03-19T00:00:00.000Z,1087,,44.88
2021-03-20T00:00:00.000Z,351,,45.15
2021-03-21T00:00:00.000Z,681,,45.97
2021-03-22T00:00:00.000Z,987,,46.83
2021-03-23T00:00:00.000Z,694,,47.62
2021-03-24T00:00:00.000Z,479,,48.27
2021-03-25T00:00:00.000Z,899,,48.91
2021-03-26T00:00:00.000Z,544,,49.21
2021-03-27T00:00:00.000Z,241,,49.38
2021-03-28T00:00:00.000Z,132,,49.83
2021-03-29T00:00:00.000Z,384,,50.27
2021-03-30T00:00:00.000Z,455,,50.35
2021-03-31T00:00:00.000Z,499,,50.86
2021-04-01T00:00:00.000Z,334,,51.25
2021-04-02T00:00:00.000Z,419,,51.39
2021-04-03T00:00:00.000Z,124,,51.44
2021-04-04T00:00:00.000Z,197,,51.49
2021-04-05T00:00:00.000Z,383,,51.82
2021-04-06T00:00:00.000Z,307,,52.07
2021-04-07T00:00:00.000Z,273,,52.28
2021-04-08T00:00:00.000Z,212,,52.49
2021-04-09T00:00:00.000Z,226,,52.58
2021-04-10T00:00:00.000Z,86,,52.62
2021-04-11T00:00:00.000Z,141,,52.87
2021-04-12T00:00:00.000Z,224,,53.12
2021-04-13T00:00:00.000Z,198,,53.31
2021-04-14T00:00:00.000Z,195,,53.49
2021-04-15T00:00:00.000Z,95,,53.68
2021-04-16T00:00:00.000Z,110,,53.76
2021-04-17T00:00:00.000Z,88,,53.8
2021-04-18T00:00:00.000Z,199,פתיחת לימודים ללא קפסולות,53.97
2021-04-19T00:00:00.000Z,145,,54.12
2021-04-20T00:00:00.000Z,174,,54.18
2021-04-21T00:00:00.000Z,121,,54.25
2021-04-22T00:00:00.000Z,160,,54.25
2021-04-23T00:00:00.000Z,112,,54.33
2021-04-24T00:00:00.000Z,36,,54.35
2021-04-25T00:00:00.000Z,82,,54.44
2021-04-26T00:00:00.000Z,103,,54.53
2021-04-27T00:00:00.000Z,116,,54.62
2021-04-28T00:00:00.000Z,107,,54.7
2021-04-29T00:00:00.000Z,100,,54.8
2021-04-30T00:00:00.000Z,79,,54.84
2021-05-01T00:00:00.000Z,15,,54.85
2021-05-02T00:00:00.000Z,59,,54.94
2021-05-03T00:00:00.000Z,87,,55.03
2021-05-04T00:00:00.000Z,66,,55.11
2021-05-05T00:00:00.000Z,73,,55.2
2021-05-06T00:00:00.000Z,54,,55.28
2021-05-07T00:00:00.000Z,34,,55.32
2021-05-08T00:00:00.000Z,16,,55.33
2021-05-09T00:00:00.000Z,33,,55.4
2021-05-10T00:00:00.000Z,70,,55.47
2021-05-11T00:00:00.000Z,40,,55.53
2021-05-12T00:00:00.000Z,29,,55.58
2021-05-13T00:00:00.000Z,35,,55.62
2021-05-14T00:00:00.000Z,27,,55.65
2021-05-15T00:00:00.000Z,20,,55.66
2021-05-16T00:00:00.000Z,37,,55.71
2021-05-17T00:00:00.000Z,15,,55.77
2021-05-18T00:00:00.000Z,25,,55.81
2021-05-19T00:00:00.000Z,56,,55.85
2021-05-20T00:00:00.000Z,35,,55.9
2021-05-21T00:00:00.000Z,22,,55.91
2021-05-22T00:00:00.000Z,12,,55.92
2021-05-23T00:00:00.000Z,28,,55.93
2021-05-24T00:00:00.000Z,30,,55.94
2021-05-25T00:00:00.000Z,21,,56
2021-05-26T00:00:00.000Z,16,,56.05
2021-05-27T00:00:00.000Z,16,,56.1
2021-05-28T00:00:00.000Z,18,,56.12
2021-05-29T00:00:00.000Z,13,,56.12
2021-05-30T00:00:00.000Z,4,,56.16
2021-05-31T00:00:00.000Z,14,,56.2
2021-06-01T00:00:00.000Z,35,,57.2
2021-06-02T00:00:00.000Z,13,,57.18
2021-06-03T00:00:00.000Z,11,,57.22
2021-06-04T00:00:00.000Z,31,,57.24
2021-06-05T00:00:00.000Z,6,,57.24
2021-06-06T00:00:00.000Z,5,,57.27
2021-06-07T00:00:00.000Z,7,,57.29
2021-06-08T00:00:00.000Z,30,,57.32
2021-06-09T00:00:00.000Z,9,,57.36
2021-06-10T00:00:00.000Z,18,,57.38
2021-06-11T00:00:00.000Z,18,,57.39
2021-06-12T00:00:00.000Z,5,,57.39
2021-06-13T00:00:00.000Z,3,,57.4
2021-06-14T00:00:00.000Z,26,,57.42
2021-06-15T00:00:00.000Z,27,,57.43
2021-06-16T00:00:00.000Z,14,,57.45
2021-06-17T00:00:00.000Z,29,,57.47
2021-06-18T00:00:00.000Z,35,,57.48
2021-06-19T00:00:00.000Z,47,,57.48
2021-06-20T00:00:00.000Z,53,,57.5
2021-06-21T00:00:00.000Z,125,,57.52
2021-06-22T00:00:00.000Z,113,,57.54
2021-06-23T00:00:00.000Z,153,,57.55
2021-06-24T00:00:00.000Z,247,,57.57
2021-06-25T00:00:00.000Z,240,,57.58
2021-06-26T00:00:00.000Z,122,,57.58
2021-06-27T00:00:00.000Z,145,,57.6
2021-06-28T00:00:00.000Z,289,,57.62
2021-06-29T00:00:00.000Z,303,הפעלת התו הירוק במתחמים מעל 100 איש בגל הרביעי,57.64
2021-06-30T00:00:00.000Z,347,,57.67
2021-07-01T00:00:00.000Z,299,,57.73
2021-07-02T00:00:00.000Z,369,,57.75
2021-07-03T00:00:00.000Z,189,,57.75
2021-07-04T00:00:00.000Z,352,,57.81
2021-07-05T00:00:00.000Z,504,,57.87
2021-07-06T00:00:00.000Z,550,,57.94
2021-07-07T00:00:00.000Z,527,,58
2021-07-08T00:00:00.000Z,472,,58.07
2021-07-09T00:00:00.000Z,543,,58.1
2021-07-10T00:00:00.000Z,261,,58.11
2021-07-11T00:00:00.000Z,443,,58.18
2021-07-12T00:00:00.000Z,765,,58.25
2021-07-13T00:00:00.000Z,750,,58.32
2021-07-14T00:00:00.000Z,773,,58.38
2021-07-15T00:00:00.000Z,878,,58.46
2021-07-16T00:00:00.000Z,1147,,58.5
2021-07-17T00:00:00.000Z,441,,58.51
2021-07-18T00:00:00.000Z,837,,58.56
2021-07-19T00:00:00.000Z,1401,,58.61
2021-07-20T00:00:00.000Z,1414,,58.68
2021-07-21T00:00:00.000Z,1373,,58.77
2021-07-22T00:00:00.000Z,1288,,58.89
2021-07-23T00:00:00.000Z,1442,,58.95
2021-07-24T00:00:00.000Z,972,,58.95
2021-07-25T00:00:00.000Z,1437,,59.06
2021-07-26T00:00:00.000Z,2134,,59.2
2021-07-27T00:00:00.000Z,2301,,59.33
2021-07-28T00:00:00.000Z,2200,,59.46
2021-07-29T00:00:00.000Z,2180,,59.62
2021-07-30T00:00:00.000Z,2464,,59.7
2021-07-31T00:00:00.000Z,2104,,59.71
2021-08-01T00:00:00.000Z,2125,תחילת חיסונים מנה 3,59.88
2021-08-02T00:00:00.000Z,3861,,60.03
2021-08-03T00:00:00.000Z,3311,,60.17
2021-08-04T00:00:00.000Z,3509,,60.3
2021-08-05T00:00:00.000Z,3886,,60.45
2021-08-06T00:00:00.000Z,3888,,60.57
2021-08-07T00:00:00.000Z,2935,,60.6
2021-08-08T00:00:00.000Z,3445,,60.64
2021-08-09T00:00:00.000Z,6379,,60.68
2021-08-10T00:00:00.000Z,5860,,60.71
2021-08-11T00:00:00.000Z,6027,,60.75
2021-08-12T00:00:00.000Z,6150,,60.79
2021-08-13T00:00:00.000Z,5975,,60.81
2021-08-14T00:00:00.000Z,4232,,60.82
2021-08-15T00:00:00.000Z,5195,,60.85
2021-08-16T00:00:00.000Z,8793,,60.89
2021-08-17T00:00:00.000Z,7991,,60.92
2021-08-18T00:00:00.000Z,8037,,60.96
2021-08-19T00:00:00.000Z,7839,,61
2021-08-20T00:00:00.000Z,7905,,61.02
2021-08-21T00:00:00.000Z,5415,,61.03
2021-08-22T00:00:00.000Z,6593,,61.08
2021-08-23T00:00:00.000Z,10111,,61.13
2021-08-24T00:00:00.000Z,10085,,61.19
2021-08-25T00:00:00.000Z,9244,,61.25
2021-08-26T00:00:00.000Z,9124,,61.31
2021-08-27T00:00:00.000Z,8698,,61.32
2021-08-28T00:00:00.000Z,7279,,61.36
2021-08-29T00:00:00.000Z,6790,,61.42
2021-08-30T00:00:00.000Z,11155,,61.49
2021-08-31T00:00:00.000Z,10447,,61.55
2021-09-01T00:00:00.000Z,11300,,61.39
2021-09-02T00:00:00.000Z,11344,,61.45
2021-09-03T00:00:00.000Z,9912,,61.52
2021-09-04T00:00:00.000Z,5066,,61.55
2021-09-05T00:00:00.000Z,5867,,61.65
2021-09-06T00:00:00.000Z,10870,,61.74
2021-09-07T00:00:00.000Z,6865,,61.82
2021-09-08T00:00:00.000Z,3320,,61.9
2021-09-09T00:00:00.000Z,7959,,61.99
2021-09-10T00:00:00.000Z,9899,,62.03
2021-09-11T00:00:00.000Z,10291,,62.05
2021-09-12T00:00:00.000Z,7808,,62.13
2021-09-13T00:00:00.000Z,10953,,62.12
2021-09-14T00:00:00.000Z,9857,,62.17
2021-09-15T00:00:00.000Z,8865,,62.22
2021-09-16T00:00:00.000Z,3286,,62.35
2021-09-17T00:00:00.000Z,5024,,62.4
2021-09-18T00:00:00.000Z,8619,,62.43
2021-09-19T00:00:00.000Z,6555,,62.52
2021-09-20T00:00:00.000Z,8828,,62.6
2021-09-21T00:00:00.000Z,4827,,62.67
2021-09-22T00:00:00.000Z,6024,,62.7
2021-09-23T00:00:00.000Z,6452,,62.73
2021-09-24T00:00:00.000Z,4990,,62.8
2021-09-25T00:00:00.000Z,2653,,62.82
2021-09-26T00:00:00.000Z,3873,,62.94
2021-09-27T00:00:00.000Z,5246,,63
2021-09-28T00:00:00.000Z,2441,,63.04
2021-09-29T00:00:00.000Z,3635,,63.1
2021-09-30T00:00:00.000Z,4397,,63.16
2021-10-01T00:00:00.000Z,3622,,63.21
2021-10-02T00:00:00.000Z,1739,,63.24
2021-10-03T00:00:00.000Z,2700,הנחיות חדשות בתו הירוק ,63.32
2021-10-04T00:00:00.000Z,3278,,63.38
2021-10-05T00:00:00.000Z,2556,,63.39
2021-10-06T00:00:00.000Z,2427,,63.5
2021-10-07T00:00:00.000Z,2119,,63.61
2021-10-08T00:00:00.000Z,2024,,63.66
2021-10-09T00:00:00.000Z,1040,,63.69
2021-10-10T00:00:00.000Z,1490,,63.8
2021-10-11T00:00:00.000Z,2343,,63.89
2021-10-12T00:00:00.000Z,1816,,63.97
2021-10-13T00:00:00.000Z,1772,,64.07
2021-10-14T00:00:00.000Z,1345,,64.17
2021-10-15T00:00:00.000Z,1575,,64.21
2021-10-16T00:00:00.000Z,740,,64.23
2021-10-17T00:00:00.000Z,1221,,64.34
2021-10-18T00:00:00.000Z,1508,,64.42
2021-10-19T00:00:00.000Z,1150,,64.48
2021-10-20T00:00:00.000Z,1036,,64.12
2021-10-21T00:00:00.000Z,992,,54.21
2021-10-22T00:00:00.000Z,983,,54.34
2021-10-23T00:00:00.000Z,332,,54.4
2021-10-24T00:00:00.000Z,842,,54.2
2021-10-25T00:00:00.000Z,930,,54.57
2021-10-26T00:00:00.000Z,729,,54.62
2021-10-27T00:00:00.000Z,648,,54.55
2021-10-28T00:00:00.000Z,661,,54.67
2021-10-29T00:00:00.000Z,617,,54.71
2021-10-30T00:00:00.000Z,225,,54.65
2021-10-31T00:00:00.000Z,527,,54.81
2021-11-01T00:00:00.000Z,691,היתר כניסת תיירים לישראל על פי מתווה,54.93
2021-11-02T00:00:00.000Z,665,,54.87
2021-11-03T00:00:00.000Z,616,,54.84
2021-11-04T00:00:00.000Z,519,,54.83
2021-11-05T00:00:00.000Z,558,,54.83
2021-11-06T00:00:00.000Z,199,,54.8
2021-11-07T00:00:00.000Z,501,,54.9
2021-11-08T00:00:00.000Z,566,,54.99
2021-11-09T00:00:00.000Z,473,,55.03
2021-11-10T00:00:00.000Z,498,,55.07
2021-11-11T00:00:00.000Z,393,,55.13
2021-11-12T00:00:00.000Z,448,,55.15
2021-11-13T00:00:00.000Z,225,,55.12
2021-11-14T00:00:00.000Z,399,,55.19
2021-11-15T00:00:00.000Z,536,,55.26
2021-11-16T00:00:00.000Z,558,,55.3
2021-11-17T00:00:00.000Z,483,,55.33
2021-11-18T00:00:00.000Z,469,,55.39
2021-11-19T00:00:00.000Z,508,,55.4
2021-11-20T00:00:00.000Z,237,,55.39
2021-11-21T00:00:00.000Z,454,,55.46
2021-11-22T00:00:00.000Z,715,תחילת מבצע חיסונים לילדים בני 5-11,55.52
2021-11-23T00:00:00.000Z,603,,55.55
2021-11-24T00:00:00.000Z,543,,55.59
2021-11-25T00:00:00.000Z,539,,55.62
2021-11-26T00:00:00.000Z,542,,55.61
2021-11-27T00:00:00.000Z,169,,55.6
2021-11-28T00:00:00.000Z,542,,55.66
2021-11-29T00:00:00.000Z,700,,55.72
2021-11-30T00:00:00.000Z,577,,55.75
2021-12-01T00:00:00.000Z,563,,55.78
2021-12-02T00:00:00.000Z,520,,55.82
2021-12-03T00:00:00.000Z,486,,55.84
2021-12-04T00:00:00.000Z,248,,55.83
2021-12-05T00:00:00.000Z,539,,55.89
2021-12-06T00:00:00.000Z,739,,55.94
2021-12-07T00:00:00.000Z,813,,55.97
2021-12-08T00:00:00.000Z,714,,56.01
2021-12-09T00:00:00.000Z,647,,56.06
2021-12-10T00:00:00.000Z,607,,56.08
2021-12-11T00:00:00.000Z,236,,56.08
2021-12-12T00:00:00.000Z,492,,56.14
2021-12-13T00:00:00.000Z,772,,56.19
2021-12-14T00:00:00.000Z,702,,56.24
2021-12-15T00:00:00.000Z,789,,56.29
2021-12-16T00:00:00.000Z,862,,56.35
2021-12-17T00:00:00.000Z,877,,56.37
2021-12-18T00:00:00.000Z,393,,56.38
2021-12-19T00:00:00.000Z,1022,,56.45
2021-12-20T00:00:00.000Z,1330,,56.51
2021-12-21T00:00:00.000Z,1200,,56.61
2021-12-22T00:00:00.000Z,1415,,56.74
2021-12-23T00:00:00.000Z,1514,,56.88
2021-12-24T00:00:00.000Z,1789,,56.96
2021-12-25T00:00:00.000Z,806,,57
2021-12-26T00:00:00.000Z,1805,,57.15
2021-12-27T00:00:00.000Z,2973,,57.28
2021-12-28T00:00:00.000Z,3241,,57.41
2021-12-29T00:00:00.000Z,4070,,57.55
2021-12-30T00:00:00.000Z,5079,,57.71
2021-12-31T00:00:00.000Z,5494,,57.79
2022-01-01T00:00:00.000Z,4230,,57.82
2022-01-02T00:00:00.000Z,6609,תחילת חיסונים מנה 4 לבני 60 ומעלה ולצוותים רפואיים,57.98
2022-01-03T00:00:00.000Z,10954,,58.12
2022-01-04T00:00:00.000Z,12640,,58.25
2022-01-05T00:00:00.000Z,18588,שינוי מדיניות בדיקות ובידודים - אנטיגן קובע מאומתים,58.34
2022-01-06T00:00:00.000Z,19126,,58.5
2022-01-07T00:00:00.000Z,22015,,58.56
2022-01-08T00:00:00.000Z,22896,,58.56
2022-01-09T00:00:00.000Z,31165,,58.7
2022-01-10T00:00:00.000Z,41433,,58.84
2022-01-11T00:00:00.000Z,47465,,58.99
2022-01-12T00:00:00.000Z,48580,,59.1
2022-01-13T00:00:00.000Z,49246,,59.3
2022-01-14T00:00:00.000Z,45861,,59.39
2022-01-15T00:00:00.000Z,45089,,59.44
2022-01-16T00:00:00.000Z,64776,,59.59
2022-01-17T00:00:00.000Z,72065,,59.73
2022-01-18T00:00:00.000Z,73889,,59.88
2022-01-19T00:00:00.000Z,75100,,60.07
2022-01-20T00:00:00.000Z,75112,,60.18
2022-01-21T00:00:00.000Z,65634,,60.27
2022-01-22T00:00:00.000Z,67937,,60.29
2022-01-23T00:00:00.000Z,85251,,60.43
2022-01-24T00:00:00.000Z,83734,,60.58
2022-01-25T00:00:00.000Z,76362,,60.82
2022-01-26T00:00:00.000Z,67904,,60.98
2022-01-27T00:00:00.000Z,57739,,61.13
2022-01-28T00:00:00.000Z,53777,,61.2
2022-01-29T00:00:00.000Z,49442,,61.29
2022-01-30T00:00:00.000Z,74535,,61.37
2022-01-31T00:00:00.000Z,67895,,61.5
2022-02-01T00:00:00.000Z,60555,,61.61
2022-02-02T00:00:00.000Z,60916,,61.65
2022-02-03T00:00:00.000Z,46774,,61.77
2022-02-04T00:00:00.000Z,38278,,61.83
2022-02-05T00:00:00.000Z,33665,,61.81
2022-02-06T00:00:00.000Z,52744,,61.92
2022-02-07T00:00:00.000Z,44033,,62
2022-02-08T00:00:00.000Z,38293,,62.07
2022-02-09T00:00:00.000Z,37425,,62.12
2022-02-10T00:00:00.000Z,27933,,62.17
2022-02-11T00:00:00.000Z,22523,,62.2
2022-02-12T00:00:00.000Z,18050,,62.21
2022-02-13T00:00:00.000Z,31633,,62.28
2022-02-14T00:00:00.000Z,23691,,62.46
2022-02-15T00:00:00.000Z,20432,,62.5
2022-02-16T00:00:00.000Z,21309,,62.52
2022-02-17T00:00:00.000Z,15509,,62.54
2022-02-18T00:00:00.000Z,12590,,62.57
2022-02-19T00:00:00.000Z,10366,,62.57
2022-02-20T00:00:00.000Z,17706,,62.6
2022-02-21T00:00:00.000Z,13071,,62.63
2022-02-22T00:00:00.000Z,12160,,62.64
2022-02-23T00:00:00.000Z,11956,,62.64
2022-02-24T00:00:00.000Z,9149,,62.64
2022-02-25T00:00:00.000Z,7778,,62.65
2022-02-26T00:00:00.000Z,5997,,62.64
2022-02-27T00:00:00.000Z,10901,,62.65
2022-02-28T00:00:00.000Z,8526,,62.66
2022-03-01T00:00:00.000Z,7754,,62.69
2022-03-02T00:00:00.000Z,8315,,62.7
2022-03-03T00:00:00.000Z,6813,,62.65
2022-03-04T00:00:00.000Z,6057,,62.65
2022-03-05T00:00:00.000Z,4677,,62.63
2022-03-06T00:00:00.000Z,7756,,62.64
2022-03-07T00:00:00.000Z,7399,,62.64
2022-03-08T00:00:00.000Z,6616,,62.63
2022-03-09T00:00:00.000Z,6953,,62.62
2022-03-10T00:00:00.000Z,5721,,62.61
2022-03-11T00:00:00.000Z,5340,,62.59
2022-03-12T00:00:00.000Z,3972,,62.58
2022-03-13T00:00:00.000Z,5994,,62.57
2022-03-14T00:00:00.000Z,6565,,62.57
2022-03-15T00:00:00.000Z,6338,,62.54
2022-03-16T00:00:00.000Z,6786,,62.53
2022-03-17T00:00:00.000Z,6981,,62.54
2022-03-18T00:00:00.000Z,7332,,62.53
2022-03-19T00:00:00.000Z,7808,,62.48
2022-03-20T00:00:00.000Z,12932,,62.47
2022-03-21T00:00:00.000Z,14768,,62.46
2022-03-22T00:00:00.000Z,13455,,62.43
2022-03-23T00:00:00.000Z,14101,,62.4
2022-03-24T00:00:00.000Z,12034,,62.37
2022-03-25T00:00:00.000Z,11813,,62.37
2022-03-26T00:00:00.000Z,9860,,62.36
2022-03-27T00:00:00.000Z,15866,,62.34
2022-03-28T00:00:00.000Z,15338,,62.34
2022-03-29T00:00:00.000Z,14241,,62.29
2022-03-30T00:00:00.000Z,12165,,62.27
2022-03-31T00:00:00.000Z,10706,,62.25
2022-04-01T00:00:00.000Z,10506,,62.19
2022-04-02T00:00:00.000Z,7363,,62.16
2022-04-03T00:00:00.000Z,10794,,62.12
2022-04-04T00:00:00.000Z,10917,,62.09
2022-04-05T00:00:00.000Z,9340,,62.04
2022-04-06T00:00:00.000Z,8066,,62.02
2022-04-07T00:00:00.000Z,6796,,62.03
2022-04-08T00:00:00.000Z,6712,,62.01
2022-04-09T00:00:00.000Z,4669,,61.99
2022-04-10T00:00:00.000Z,6747,,61.98
2022-04-11T00:00:00.000Z,6629,,62.01
2022-04-12T00:00:00.000Z,5406,,62.05
2022-04-13T00:00:00.000Z,4787,,62.05
2022-04-14T00:00:00.000Z,4719,,62.04
2022-04-15T00:00:00.000Z,3849,,62.02
2022-04-16T00:00:00.000Z,2281,,61.99
2022-04-17T00:00:00.000Z,4099,,61.99
2022-04-18T00:00:00.000Z,4291,,61.98
2022-04-19T00:00:00.000Z,4612,,61.97
2022-04-20T00:00:00.000Z,4070,,61.95
2022-04-21T00:00:00.000Z,3793,,61.94
2022-04-22T00:00:00.000Z,2474,,61.92
2022-04-23T00:00:00.000Z,2547,,61.9
2022-04-24T00:00:00.000Z,3972,,61.9
2022-04-25T00:00:00.000Z,4456,,61.9
2022-04-26T00:00:00.000Z,3428,,61.89
2022-04-27T00:00:00.000Z,2520,,61.88
2022-04-28T00:00:00.000Z,2653,,61.87
2022-04-29T00:00:00.000Z,2435,,61.86
2022-04-30T00:00:00.000Z,1617,,61.85
2022-05-01T00:00:00.000Z,2345,,61.85
2022-05-02T00:00:00.000Z,2454,,61.84
2022-05-03T00:00:00.000Z,2424,,61.83
2022-05-04T00:00:00.000Z,2026,,61.82
2022-05-05T00:00:00.000Z,1088,,61.81
2022-05-06T00:00:00.000Z,2249,,61.8
2022-05-07T00:00:00.000Z,1813,,61.79
2022-05-08T00:00:00.000Z,2605,,61.78
2022-05-09T00:00:00.000Z,2777,,61.78
2022-05-10T00:00:00.000Z,2228,,61.77
2022-05-11T00:00:00.000Z,2084,,61.76
2022-05-12T00:00:00.000Z,2035,,61.76
2022-05-13T00:00:00.000Z,1120,,61.75
