Day_Date,vaccinated,vaccinated_cum,vaccinated_population_perc,vaccinated_seconde_dose,vaccinated_seconde_dose_cum,vaccinated_seconde_dose_population_perc
2020-12-19T00:00:00.000Z,43,61,0,0,0,0
2020-12-20T00:00:00.000Z,7359,7420,0.08,0,0,0
2020-12-21T00:00:00.000Z,24883,32303,0.35,0,0,0
2020-12-22T00:00:00.000Z,44618,76921,0.83,0,0,0
2020-12-23T00:00:00.000Z,62838,139759,1.5,0,0,0
2020-12-24T00:00:00.000Z,73322,213081,2.29,0,0,0
2020-12-25T00:00:00.000Z,38446,251527,2.7,0,0,0
2020-12-26T00:00:00.000Z,32573,284100,3.06,0,0,0
2020-12-27T00:00:00.000Z,104368,388468,4.18,0,0,0
2020-12-28T00:00:00.000Z,134801,523269,5.63,0,0,0
2020-12-29T00:00:00.000Z,155936,679205,7.3,0,0,0
2020-12-30T00:00:00.000Z,152711,831916,8.95,0,0,0
2020-12-31T00:00:00.000Z,158155,990071,10.65,0,0,0
2021-01-01T00:00:00.000Z,71229,1061300,11.41,0,0,0
2021-01-02T00:00:00.000Z,71618,1132918,12.18,0,0,0
2021-01-03T00:00:00.000Z,149394,1282312,13.79,0,0,0
2021-01-04T00:00:00.000Z,151826,1434138,15.42,2,2,0
2021-01-05T00:00:00.000Z,124844,1558982,16.76,0,2,0
2021-01-06T00:00:00.000Z,103064,1662046,17.87,0,2,0
2021-01-07T00:00:00.000Z,115811,1777857,19.12,3,5,0
2021-01-08T00:00:00.000Z,66289,1844146,19.83,3,8,0
2021-01-09T00:00:00.000Z,44454,1888600,20.31,22,30,0
2021-01-10T00:00:00.000Z,37546,1926146,20.71,5974,6004,0.06
2021-01-11T00:00:00.000Z,21015,1947161,20.94,19235,25239,0.27
2021-01-12T00:00:00.000Z,23906,1971067,21.2,35637,60876,0.65
2021-01-13T00:00:00.000Z,51909,2022976,21.75,56812,117688,1.27
2021-01-14T00:00:00.000Z,56298,2079274,22.36,68745,186433,2
2021-01-15T00:00:00.000Z,30611,2109885,22.69,35880,222313,2.39
2021-01-16T00:00:00.000Z,29363,2139248,23,25976,248289,2.67
2021-01-17T00:00:00.000Z,68242,2207490,23.74,84447,332736,3.58
2021-01-18T00:00:00.000Z,69519,2277009,24.49,120195,452931,4.87
2021-01-19T00:00:00.000Z,72574,2349583,25.27,137505,590436,6.35
2021-01-20T00:00:00.000Z,76525,2426108,26.09,143378,733814,7.89
2021-01-21T00:00:00.000Z,69576,2495684,26.84,163922,897736,9.65
2021-01-22T00:00:00.000Z,37715,2533399,27.24,70912,968648,10.42
2021-01-23T00:00:00.000Z,39846,2573245,27.67,53471,1022119,10.99
2021-01-24T00:00:00.000Z,68930,2642175,28.41,140319,1162438,12.5
2021-01-25T00:00:00.000Z,80732,2722907,29.28,139154,1301592,14
2021-01-26T00:00:00.000Z,78479,2801386,30.12,126040,1427632,15.35
2021-01-27T00:00:00.000Z,77678,2879064,30.96,124705,1552337,16.69
2021-01-28T00:00:00.000Z,79406,2958470,31.81,130270,1682607,18.09
2021-01-29T00:00:00.000Z,36521,2994991,32.21,64603,1747210,18.79
2021-01-30T00:00:00.000Z,34283,3029274,32.58,42660,1789870,19.25
2021-01-31T00:00:00.000Z,73166,3102440,33.36,59333,1849203,19.89
2021-02-01T00:00:00.000Z,82268,3184708,34.25,35204,1884407,20.26
2021-02-02T00:00:00.000Z,69854,3254562,35,30943,1915350,20.6
2021-02-03T00:00:00.000Z,60064,3314626,35.64,51259,1966609,21.15
2021-02-04T00:00:00.000Z,72378,3387004,36.42,57910,2024519,21.77
2021-02-05T00:00:00.000Z,33769,3420773,36.79,28651,2053170,22.08
2021-02-06T00:00:00.000Z,21531,3442304,37.02,22134,2075304,22.32
2021-02-07T00:00:00.000Z,53945,3496249,37.6,68527,2143831,23.05
2021-02-08T00:00:00.000Z,58474,3554723,38.23,65193,2209024,23.75
2021-02-09T00:00:00.000Z,66111,3620834,38.94,67262,2276286,24.48
2021-02-10T00:00:00.000Z,70324,3691158,39.69,71931,2348217,25.25
2021-02-11T00:00:00.000Z,80874,3772032,40.56,71514,2419731,26.02
2021-02-12T00:00:00.000Z,38932,3810964,40.98,37404,2457135,26.42
2021-02-13T00:00:00.000Z,27387,3838351,41.28,30343,2487478,26.75
2021-02-14T00:00:00.000Z,74725,3913076,42.08,68850,2556328,27.49
2021-02-15T00:00:00.000Z,81320,3994396,42.95,75475,2631803,28.3
2021-02-16T00:00:00.000Z,83316,4077712,43.85,78022,2709825,29.14
2021-02-17T00:00:00.000Z,61799,4139511,44.51,75314,2785139,29.95
2021-02-18T00:00:00.000Z,68971,4208482,45.26,79478,2864617,30.8
2021-02-19T00:00:00.000Z,39559,4248041,45.68,37988,2902605,31.21
2021-02-20T00:00:00.000Z,31584,4279625,46.02,28639,2931244,31.52
2021-02-21T00:00:00.000Z,79312,4358937,46.87,78328,3009572,32.36
2021-02-22T00:00:00.000Z,84878,4443815,47.79,80339,3089911,33.23
2021-02-23T00:00:00.000Z,77205,4521020,48.62,70213,3160124,33.98
2021-02-24T00:00:00.000Z,60872,4581892,49.27,62852,3222976,34.66
2021-02-25T00:00:00.000Z,51507,4633399,49.83,64529,3287505,35.35
2021-02-26T00:00:00.000Z,25804,4659203,50.1,31881,3319386,35.7
2021-02-27T00:00:00.000Z,18262,4677465,50.3,21120,3340506,35.92
2021-02-28T00:00:00.000Z,40335,4717800,50.73,55694,3396200,36.52
2021-03-01T00:00:00.000Z,45559,4763359,51.22,61254,3457454,37.18
2021-03-02T00:00:00.000Z,41037,4804396,51.66,64505,3521959,37.87
2021-03-03T00:00:00.000Z,42040,4846436,52.12,66536,3588495,38.59
2021-03-04T00:00:00.000Z,39544,4885980,52.54,78823,3667318,39.44
2021-03-05T00:00:00.000Z,17198,4903178,52.73,40316,3707634,39.87
2021-03-06T00:00:00.000Z,10698,4913876,52.84,25271,3732905,40.14
2021-03-07T00:00:00.000Z,30999,4944875,53.17,72660,3805565,40.92
2021-03-08T00:00:00.000Z,27267,4972142,53.47,73054,3878619,41.71
2021-03-09T00:00:00.000Z,26617,4998759,53.75,76464,3955083,42.53
2021-03-10T00:00:00.000Z,23115,5021874,54,58495,4013578,43.16
2021-03-11T00:00:00.000Z,23109,5044983,54.25,68865,4082443,43.9
2021-03-12T00:00:00.000Z,11116,5056099,54.37,41283,4123726,44.34
2021-03-13T00:00:00.000Z,7910,5064009,54.46,25180,4148906,44.62
2021-03-14T00:00:00.000Z,20911,5084920,54.68,73812,4222718,45.41
2021-03-15T00:00:00.000Z,19978,5104898,54.9,78022,4300740,46.25
2021-03-16T00:00:00.000Z,18593,5123491,55.1,71343,4372083,47.02
2021-03-17T00:00:00.000Z,17561,5141052,55.28,58821,4430904,47.65
2021-03-18T00:00:00.000Z,15955,5157007,55.46,57948,4488852,48.27
2021-03-19T00:00:00.000Z,6751,5163758,55.53,27857,4516709,48.57
2021-03-20T00:00:00.000Z,5122,5168880,55.58,15223,4531932,48.73
2021-03-21T00:00:00.000Z,13014,5181894,55.72,40354,4572286,49.17
2021-03-22T00:00:00.000Z,13265,5195159,55.87,40358,4612644,49.6
2021-03-23T00:00:00.000Z,2600,5197759,55.89,7151,4619795,49.68
2021-03-24T00:00:00.000Z,10738,5208497,56.01,46322,4666117,50.18
2021-03-25T00:00:00.000Z,9978,5218475,56.12,35239,4701356,50.56
2021-03-26T00:00:00.000Z,3995,5222470,56.16,13208,4714564,50.7
2021-03-27T00:00:00.000Z,1710,5224180,56.18,4199,4718763,50.74
2021-03-28T00:00:00.000Z,2037,5226217,56.2,4545,4723308,50.79
2021-03-29T00:00:00.000Z,6754,5232971,56.27,29823,4753131,51.11
2021-03-30T00:00:00.000Z,7638,5240609,56.35,22216,4775347,51.35
2021-03-31T00:00:00.000Z,7944,5248553,56.44,19242,4794589,51.56
2021-04-01T00:00:00.000Z,7963,5256516,56.53,18441,4813030,51.76
2021-04-02T00:00:00.000Z,2768,5259284,56.56,7960,4820990,51.84
2021-04-03T00:00:00.000Z,1336,5260620,56.57,2874,4823864,51.87
2021-04-04T00:00:00.000Z,9523,5270143,56.67,22702,4846566,52.12
2021-04-05T00:00:00.000Z,10129,5280272,56.78,21057,4867623,52.34
2021-04-06T00:00:00.000Z,8729,5289001,56.88,16517,4884140,52.52
2021-04-07T00:00:00.000Z,8661,5297662,56.97,15075,4899215,52.68
2021-04-08T00:00:00.000Z,9160,5306822,57.07,16728,4915943,52.86
2021-04-09T00:00:00.000Z,3361,5310183,57.1,6042,4921985,52.93
2021-04-10T00:00:00.000Z,1487,5311670,57.12,3427,4925412,52.97
2021-04-11T00:00:00.000Z,8892,5320562,57.21,14079,4939491,53.12
2021-04-12T00:00:00.000Z,8670,5329232,57.31,13006,4952497,53.26
2021-04-13T00:00:00.000Z,5565,5334797,57.37,4771,4957268,53.31
2021-04-14T00:00:00.000Z,3384,5338181,57.4,5103,4962371,53.36
2021-04-15T00:00:00.000Z,426,5338607,57.41,409,4962780,53.37
2021-04-16T00:00:00.000Z,3184,5341791,57.44,6449,4969229,53.44
2021-04-17T00:00:00.000Z,742,5342533,57.45,1910,4971139,53.46
2021-04-18T00:00:00.000Z,6959,5349492,57.53,7346,4978485,53.54
2021-04-19T00:00:00.000Z,6199,5355691,57.59,6962,4985447,53.61
2021-04-20T00:00:00.000Z,6038,5361729,57.66,6678,4992125,53.68
2021-04-21T00:00:00.000Z,6135,5367864,57.72,6893,4999018,53.76
2021-04-22T00:00:00.000Z,5724,5373588,57.78,7464,5006482,53.84
2021-04-23T00:00:00.000Z,2557,5376145,57.81,3221,5009703,53.87
2021-04-24T00:00:00.000Z,678,5376823,57.82,1210,5010913,53.88
2021-04-25T00:00:00.000Z,4713,5381536,57.87,6816,5017729,53.96
2021-04-26T00:00:00.000Z,5137,5386673,57.93,7715,5025444,54.04
2021-04-27T00:00:00.000Z,4317,5390990,57.97,6400,5031844,54.11
2021-04-28T00:00:00.000Z,4273,5395263,58.02,7085,5038929,54.19
2021-04-29T00:00:00.000Z,4157,5399420,58.06,7073,5046002,54.26
2021-04-30T00:00:00.000Z,1735,5401155,58.08,2986,5048988,54.29
2021-05-01T00:00:00.000Z,370,5401525,58.09,816,5049804,54.3
2021-05-02T00:00:00.000Z,3157,5404682,58.12,5937,5055741,54.37
2021-05-03T00:00:00.000Z,3391,5408073,58.16,5620,5061361,54.43
2021-05-04T00:00:00.000Z,3370,5411443,58.19,4520,5065881,54.48
2021-05-05T00:00:00.000Z,3100,5414543,58.23,3842,5069723,54.52
2021-05-06T00:00:00.000Z,3435,5417978,58.26,2914,5072637,54.55
2021-05-07T00:00:00.000Z,1655,5419633,58.28,2275,5074912,54.57
2021-05-08T00:00:00.000Z,168,5419801,58.28,421,5075333,54.58
2021-05-09T00:00:00.000Z,2753,5422554,58.31,4615,5079948,54.63
2021-05-10T00:00:00.000Z,2751,5425305,58.34,4512,5084460,54.68
2021-05-11T00:00:00.000Z,2390,5427695,58.37,3635,5088095,54.71
2021-05-12T00:00:00.000Z,1802,5429497,58.39,3083,5091178,54.75
2021-05-13T00:00:00.000Z,1816,5431313,58.41,3427,5094605,54.78
2021-05-14T00:00:00.000Z,764,5432077,58.41,1313,5095918,54.8
2021-05-15T00:00:00.000Z,129,5432206,58.42,171,5096089,54.8
2021-05-16T00:00:00.000Z,424,5432630,58.42,1131,5097220,54.81
2021-05-17T00:00:00.000Z,181,5432811,58.42,716,5097936,54.82
2021-05-18T00:00:00.000Z,1810,5434621,58.44,4689,5102625,54.87
2021-05-19T00:00:00.000Z,2017,5436638,58.46,4276,5106901,54.92
2021-05-20T00:00:00.000Z,6,5436644,58.46,2,5106903,54.92
