Day_Date,vaccinated,vaccinated_cum,vaccinated_population_perc,vaccinated_seconde_dose,vaccinated_seconde_dose_cum,vaccinated_seconde_dose_population_perc
2020-12-19T00:00:00.000Z,43,60,0,0,0,0
2020-12-20T00:00:00.000Z,7374,7434,0.08,0,0,0
2020-12-21T00:00:00.000Z,24884,32318,0.35,0,0,0
2020-12-22T00:00:00.000Z,44615,76933,0.83,0,0,0
2020-12-23T00:00:00.000Z,62832,139765,1.5,0,0,0
2020-12-24T00:00:00.000Z,73329,213094,2.29,0,0,0
2020-12-25T00:00:00.000Z,38450,251544,2.71,0,0,0
2020-12-26T00:00:00.000Z,32573,284117,3.06,0,0,0
2020-12-27T00:00:00.000Z,104370,388487,4.18,0,0,0
2020-12-28T00:00:00.000Z,134806,523293,5.63,0,0,0
2020-12-29T00:00:00.000Z,155951,679244,7.3,0,0,0
2020-12-30T00:00:00.000Z,152726,831970,8.95,0,0,0
2020-12-31T00:00:00.000Z,158180,990150,10.65,0,0,0
2021-01-01T00:00:00.000Z,71233,1061383,11.41,0,0,0
2021-01-02T00:00:00.000Z,71624,1133007,12.18,0,0,0
2021-01-03T00:00:00.000Z,149404,1282411,13.79,0,0,0
2021-01-04T00:00:00.000Z,151838,1434249,15.42,1,1,0
2021-01-05T00:00:00.000Z,124856,1559105,16.77,0,1,0
2021-01-06T00:00:00.000Z,103074,1662179,17.87,0,1,0
2021-01-07T00:00:00.000Z,115826,1778005,19.12,4,5,0
2021-01-08T00:00:00.000Z,66295,1844300,19.83,3,8,0
2021-01-09T00:00:00.000Z,44455,1888755,20.31,22,30,0
2021-01-10T00:00:00.000Z,37538,1926293,20.71,5986,6016,0.06
2021-01-11T00:00:00.000Z,21013,1947306,20.94,19237,25253,0.27
2021-01-12T00:00:00.000Z,23906,1971212,21.2,35639,60892,0.65
2021-01-13T00:00:00.000Z,51919,2023131,21.76,56814,117706,1.27
2021-01-14T00:00:00.000Z,56303,2079434,22.36,68755,186461,2.01
2021-01-15T00:00:00.000Z,30616,2110050,22.69,35882,222343,2.39
2021-01-16T00:00:00.000Z,29367,2139417,23.01,25977,248320,2.67
2021-01-17T00:00:00.000Z,68255,2207672,23.74,84456,332776,3.58
2021-01-18T00:00:00.000Z,69526,2277198,24.49,120213,452989,4.87
2021-01-19T00:00:00.000Z,72580,2349778,25.27,137531,590520,6.35
2021-01-20T00:00:00.000Z,76533,2426311,26.09,143401,733921,7.89
2021-01-21T00:00:00.000Z,69580,2495891,26.84,163965,897886,9.66
2021-01-22T00:00:00.000Z,37713,2533604,27.25,70923,968809,10.42
2021-01-23T00:00:00.000Z,39853,2573457,27.67,53473,1022282,10.99
2021-01-24T00:00:00.000Z,68939,2642396,28.42,140339,1162621,12.5
2021-01-25T00:00:00.000Z,80732,2723128,29.28,139173,1301794,14
2021-01-26T00:00:00.000Z,78480,2801608,30.13,126068,1427862,15.35
2021-01-27T00:00:00.000Z,77691,2879299,30.96,124722,1552584,16.7
2021-01-28T00:00:00.000Z,79406,2958705,31.82,130297,1682881,18.1
2021-01-29T00:00:00.000Z,36522,2995227,32.21,64611,1747492,18.79
2021-01-30T00:00:00.000Z,34288,3029515,32.58,42662,1790154,19.25
2021-01-31T00:00:00.000Z,73178,3102693,33.36,59343,1849497,19.89
2021-02-01T00:00:00.000Z,82273,3184966,34.25,35209,1884706,20.27
2021-02-02T00:00:00.000Z,69864,3254830,35,30948,1915654,20.6
2021-02-03T00:00:00.000Z,60073,3314903,35.65,51270,1966924,21.15
2021-02-04T00:00:00.000Z,72388,3387291,36.43,57921,2024845,21.77
2021-02-05T00:00:00.000Z,33777,3421068,36.79,28657,2053502,22.08
2021-02-06T00:00:00.000Z,21534,3442602,37.02,22140,2075642,22.32
2021-02-07T00:00:00.000Z,53938,3496540,37.6,68545,2144187,23.06
2021-02-08T00:00:00.000Z,58480,3555020,38.23,65202,2209389,23.76
2021-02-09T00:00:00.000Z,66118,3621138,38.94,67281,2276670,24.48
2021-02-10T00:00:00.000Z,70337,3691475,39.7,71949,2348619,25.26
2021-02-11T00:00:00.000Z,80892,3772367,40.57,71533,2420152,26.03
2021-02-12T00:00:00.000Z,38937,3811304,40.98,37409,2457561,26.43
2021-02-13T00:00:00.000Z,27388,3838692,41.28,30348,2487909,26.75
2021-02-14T00:00:00.000Z,74729,3913421,42.08,68872,2556781,27.49
2021-02-15T00:00:00.000Z,81322,3994743,42.96,75488,2632269,28.31
2021-02-16T00:00:00.000Z,83319,4078062,43.85,78039,2710308,29.15
2021-02-17T00:00:00.000Z,61797,4139859,44.52,75338,2785646,29.96
2021-02-18T00:00:00.000Z,68976,4208835,45.26,79493,2865139,30.81
2021-02-19T00:00:00.000Z,39559,4248394,45.69,37993,2903132,31.22
2021-02-20T00:00:00.000Z,31583,4279977,46.02,28643,2931775,31.53
2021-02-21T00:00:00.000Z,79314,4359291,46.88,78345,3010120,32.37
2021-02-22T00:00:00.000Z,84876,4444167,47.79,80356,3090476,33.23
2021-02-23T00:00:00.000Z,77193,4521360,48.62,70229,3160705,33.99
2021-02-24T00:00:00.000Z,60875,4582235,49.28,62872,3223577,34.66
2021-02-25T00:00:00.000Z,51508,4633743,49.83,64543,3288120,35.36
2021-02-26T00:00:00.000Z,25753,4659496,50.11,31887,3320007,35.7
2021-02-27T00:00:00.000Z,18255,4677751,50.3,21128,3341135,35.93
2021-02-28T00:00:00.000Z,40165,4717916,50.73,55711,3396846,36.53
2021-03-01T00:00:00.000Z,45508,4763424,51.22,61266,3458112,37.19
2021-03-02T00:00:00.000Z,41005,4804429,51.66,64521,3522633,37.88
2021-03-03T00:00:00.000Z,41784,4846213,52.11,66560,3589193,38.6
2021-03-04T00:00:00.000Z,39475,4885688,52.54,78847,3668040,39.44
2021-03-05T00:00:00.000Z,17166,4902854,52.72,40321,3708361,39.88
2021-03-06T00:00:00.000Z,10566,4913420,52.84,25278,3733639,40.15
2021-03-07T00:00:00.000Z,30965,4944385,53.17,72679,3806318,40.93
2021-03-08T00:00:00.000Z,27162,4971547,53.46,73082,3879400,41.72
2021-03-09T00:00:00.000Z,26501,4998048,53.75,76477,3955877,42.54
2021-03-10T00:00:00.000Z,23089,5021137,53.99,58505,4014382,43.17
2021-03-11T00:00:00.000Z,23056,5044193,54.24,68885,4083267,43.91
2021-03-12T00:00:00.000Z,11096,5055289,54.36,41296,4124563,44.35
2021-03-13T00:00:00.000Z,7848,5063137,54.45,25181,4149744,44.62
2021-03-14T00:00:00.000Z,20829,5083966,54.67,73827,4223571,45.42
2021-03-15T00:00:00.000Z,19903,5103869,54.88,78053,4301624,46.26
2021-03-16T00:00:00.000Z,18532,5122401,55.08,71354,4372978,47.02
2021-03-17T00:00:00.000Z,17502,5139903,55.27,58832,4431810,47.66
2021-03-18T00:00:00.000Z,15825,5155728,55.44,57964,4489774,48.28
2021-03-19T00:00:00.000Z,6752,5162480,55.51,27868,4517642,48.58
2021-03-20T00:00:00.000Z,5118,5167598,55.57,15226,4532868,48.74
2021-03-21T00:00:00.000Z,13029,5180627,55.71,40364,4573232,49.18
2021-03-22T00:00:00.000Z,13354,5193981,55.85,40370,4613602,49.61
2021-03-23T00:00:00.000Z,2603,5196584,55.88,7155,4620757,49.69
2021-03-24T00:00:00.000Z,10788,5207372,56,46349,4667106,50.19
2021-03-25T00:00:00.000Z,10035,5217407,56.11,35255,4702361,50.57
2021-03-26T00:00:00.000Z,4005,5221412,56.15,13216,4715577,50.71
2021-03-27T00:00:00.000Z,1710,5223122,56.17,4200,4719777,50.75
2021-03-28T00:00:00.000Z,2039,5225161,56.19,4548,4724325,50.8
2021-03-29T00:00:00.000Z,6775,5231936,56.26,29856,4754181,51.12
2021-03-30T00:00:00.000Z,7658,5239594,56.34,22232,4776413,51.36
2021-03-31T00:00:00.000Z,7948,5247542,56.43,19250,4795663,51.57
2021-04-01T00:00:00.000Z,7944,5255486,56.51,18467,4814130,51.77
2021-04-02T00:00:00.000Z,2768,5258254,56.54,7964,4822094,51.85
2021-04-03T00:00:00.000Z,1339,5259593,56.56,2878,4824972,51.89
2021-04-04T00:00:00.000Z,9540,5269133,56.66,22716,4847688,52.13
2021-04-05T00:00:00.000Z,10173,5279306,56.77,21081,4868769,52.36
2021-04-06T00:00:00.000Z,8771,5288077,56.87,16554,4885323,52.53
2021-04-07T00:00:00.000Z,8673,5296750,56.96,15090,4900413,52.7
2021-04-08T00:00:00.000Z,9161,5305911,57.06,16746,4917159,52.88
2021-04-09T00:00:00.000Z,3370,5309281,57.09,6053,4923212,52.94
2021-04-10T00:00:00.000Z,1491,5310772,57.11,3429,4926641,52.98
2021-04-11T00:00:00.000Z,8894,5319666,57.21,14094,4940735,53.13
2021-04-12T00:00:00.000Z,8701,5328367,57.3,13023,4953758,53.27
2021-04-13T00:00:00.000Z,5598,5333965,57.36,4780,4958538,53.32
2021-04-14T00:00:00.000Z,3425,5337390,57.4,5110,4963648,53.38
2021-04-15T00:00:00.000Z,450,5337840,57.4,413,4964061,53.38
2021-04-16T00:00:00.000Z,3191,5341031,57.43,6458,4970519,53.45
2021-04-17T00:00:00.000Z,743,5341774,57.44,1912,4972431,53.47
2021-04-18T00:00:00.000Z,6964,5348738,57.52,7351,4979782,53.55
2021-04-19T00:00:00.000Z,6204,5354942,57.58,6969,4986751,53.63
2021-04-20T00:00:00.000Z,6044,5360986,57.65,6685,4993436,53.7
2021-04-21T00:00:00.000Z,6150,5367136,57.72,6900,5000336,53.77
2021-04-22T00:00:00.000Z,5742,5372878,57.78,7467,5007803,53.85
2021-04-23T00:00:00.000Z,2584,5375462,57.81,3232,5011035,53.89
2021-04-24T00:00:00.000Z,679,5376141,57.81,1211,5012246,53.9
2021-04-25T00:00:00.000Z,4716,5380857,57.86,6825,5019071,53.97
2021-04-26T00:00:00.000Z,5331,5386188,57.92,7724,5026795,54.06
2021-04-27T00:00:00.000Z,4347,5390535,57.97,6414,5033209,54.12
2021-04-28T00:00:00.000Z,4310,5394845,58.01,7095,5040304,54.2
2021-04-29T00:00:00.000Z,4191,5399036,58.06,7084,5047388,54.28
2021-04-30T00:00:00.000Z,1731,5400767,58.08,3000,5050388,54.31
2021-05-01T00:00:00.000Z,382,5401149,58.08,820,5051208,54.32
2021-05-02T00:00:00.000Z,3154,5404303,58.12,5953,5057161,54.38
2021-05-03T00:00:00.000Z,3400,5407703,58.15,5631,5062792,54.44
2021-05-04T00:00:00.000Z,3382,5411085,58.19,4528,5067320,54.49
2021-05-05T00:00:00.000Z,3109,5414194,58.22,3865,5071185,54.53
2021-05-06T00:00:00.000Z,3436,5417630,58.26,2922,5074107,54.56
2021-05-07T00:00:00.000Z,1661,5419291,58.28,2282,5076389,54.59
2021-05-08T00:00:00.000Z,175,5419466,58.28,423,5076812,54.59
2021-05-09T00:00:00.000Z,2764,5422230,58.31,4625,5081437,54.64
2021-05-10T00:00:00.000Z,2765,5424995,58.34,4520,5085957,54.69
2021-05-11T00:00:00.000Z,2414,5427409,58.36,3639,5089596,54.73
2021-05-12T00:00:00.000Z,1815,5429224,58.38,3095,5092691,54.76
2021-05-13T00:00:00.000Z,1814,5431038,58.4,3475,5096166,54.8
2021-05-14T00:00:00.000Z,773,5431811,58.41,1333,5097499,54.82
2021-05-15T00:00:00.000Z,133,5431944,58.41,173,5097672,54.82
2021-05-16T00:00:00.000Z,425,5432369,58.42,1134,5098806,54.83
2021-05-17T00:00:00.000Z,187,5432556,58.42,758,5099564,54.84
2021-05-18T00:00:00.000Z,1815,5434371,58.44,4798,5104362,54.89
2021-05-19T00:00:00.000Z,2030,5436401,58.46,4876,5109238,54.94
2021-05-20T00:00:00.000Z,2092,5438493,58.48,3715,5112953,54.98
2021-05-21T00:00:00.000Z,1007,5439500,58.49,1223,5114176,55
2021-05-22T00:00:00.000Z,139,5439639,58.5,323,5114499,55
2021-05-23T00:00:00.000Z,2197,5441836,58.52,3125,5117624,55.03
2021-05-24T00:00:00.000Z,1977,5443813,58.54,3461,5121085,55.07
2021-05-25T00:00:00.000Z,1649,5445462,58.56,2437,5123522,55.1
2021-05-26T00:00:00.000Z,1218,5446680,58.57,2324,5125846,55.12
2021-05-27T00:00:00.000Z,1634,5448314,58.59,2943,5128789,55.15
2021-05-28T00:00:00.000Z,616,5448930,58.6,1240,5130029,55.17
2021-05-29T00:00:00.000Z,104,5449034,58.6,161,5130190,55.17
2021-05-30T00:00:00.000Z,1547,5450581,58.61,1846,5132036,55.19
2021-05-31T00:00:00.000Z,1523,5452104,58.63,1947,5133983,55.21
2021-06-01T00:00:00.000Z,1177,5453281,58.64,1665,5135648,55.23
2021-06-02T00:00:00.000Z,1290,5454571,58.66,1433,5137081,55.24
2021-06-03T00:00:00.000Z,1503,5456074,58.67,1290,5138371,55.26
2021-06-04T00:00:00.000Z,925,5456999,58.68,546,5138917,55.26
2021-06-05T00:00:00.000Z,103,5457102,58.68,66,5138983,55.26
2021-06-06T00:00:00.000Z,4179,5461281,58.73,873,5139856,55.27
2021-06-07T00:00:00.000Z,4220,5465501,58.77,667,5140523,55.28
2021-06-08T00:00:00.000Z,3551,5469052,58.81,1018,5141541,55.29
2021-06-09T00:00:00.000Z,3453,5472505,58.85,1128,5142669,55.3
2021-06-10T00:00:00.000Z,3186,5475691,58.88,1122,5143791,55.31
2021-06-11T00:00:00.000Z,1240,5476931,58.9,405,5144196,55.32
2021-06-12T00:00:00.000Z,138,5477069,58.9,89,5144285,55.32
2021-06-13T00:00:00.000Z,3033,5480102,58.93,1165,5145450,55.33
2021-06-14T00:00:00.000Z,2881,5482983,58.96,1348,5146798,55.35
2021-06-15T00:00:00.000Z,2947,5485930,58.99,1181,5147979,55.36
2021-06-16T00:00:00.000Z,2561,5488491,59.02,829,5148808,55.37
2021-06-17T00:00:00.000Z,2548,5491039,59.05,1009,5149817,55.38
2021-06-18T00:00:00.000Z,1084,5492123,59.06,332,5150149,55.38
2021-06-19T00:00:00.000Z,141,5492264,59.06,78,5150227,55.38
2021-06-20T00:00:00.000Z,3225,5495489,59.1,1211,5151438,55.4
2021-06-21T00:00:00.000Z,5037,5500526,59.15,1055,5152493,55.41
2021-06-22T00:00:00.000Z,6748,5507274,59.22,908,5153401,55.42
2021-06-23T00:00:00.000Z,10538,5517812,59.34,1103,5154504,55.43
2021-06-24T00:00:00.000Z,11841,5529653,59.46,1302,5155806,55.44
2021-06-25T00:00:00.000Z,6914,5536567,59.54,767,5156573,55.45
2021-06-26T00:00:00.000Z,2186,5538753,59.56,110,5156683,55.45
2021-06-27T00:00:00.000Z,13511,5552264,59.71,3293,5159976,55.49
2021-06-28T00:00:00.000Z,14320,5566584,59.86,3469,5163445,55.53
2021-06-29T00:00:00.000Z,16501,5583085,60.04,3518,5166963,55.56
2021-06-30T00:00:00.000Z,16271,5599356,60.21,3183,5170146,55.6
2021-07-01T00:00:00.000Z,16669,5616025,60.39,3189,5173335,55.63
2021-07-02T00:00:00.000Z,9655,5625680,60.5,1398,5174733,55.65
2021-07-03T00:00:00.000Z,2588,5628268,60.52,238,5174971,55.65
2021-07-04T00:00:00.000Z,17624,5645892,60.71,3068,5178039,55.68
2021-07-05T00:00:00.000Z,17633,5663525,60.9,2866,5180905,55.71
2021-07-06T00:00:00.000Z,17698,5681223,61.09,3190,5184095,55.75
2021-07-07T00:00:00.000Z,15280,5696503,61.26,2496,5186591,55.77
2021-07-08T00:00:00.000Z,16380,5712883,61.43,2656,5189247,55.8
2021-07-09T00:00:00.000Z,10991,5723874,61.55,1303,5190550,55.82
2021-07-10T00:00:00.000Z,4878,5728752,61.6,303,5190853,55.82
2021-07-11T00:00:00.000Z,1386,5730138,61.62,2755,5193608,55.85
2021-07-12T00:00:00.000Z,2315,5732453,61.64,3496,5197104,55.89
2021-07-13T00:00:00.000Z,2476,5734929,61.67,4741,5201845,55.94
