Day_Date,vaccinated,vaccinated_cum,vaccinated_population_perc,vaccinated_seconde_dose,vaccinated_seconde_dose_cum,vaccinated_seconde_dose_population_perc
2020-12-19T00:00:00.000Z,43,60,0,0,0,0
2020-12-20T00:00:00.000Z,7374,7434,0.08,0,0,0
2020-12-21T00:00:00.000Z,24883,32317,0.35,0,0,0
2020-12-22T00:00:00.000Z,44614,76931,0.83,0,0,0
2020-12-23T00:00:00.000Z,62829,139760,1.5,0,0,0
2020-12-24T00:00:00.000Z,73328,213088,2.29,0,0,0
2020-12-25T00:00:00.000Z,38450,251538,2.7,0,0,0
2020-12-26T00:00:00.000Z,32573,284111,3.06,0,0,0
2020-12-27T00:00:00.000Z,104370,388481,4.18,0,0,0
2020-12-28T00:00:00.000Z,134805,523286,5.63,0,0,0
2020-12-29T00:00:00.000Z,155948,679234,7.3,0,0,0
2020-12-30T00:00:00.000Z,152726,831960,8.95,0,0,0
2020-12-31T00:00:00.000Z,158174,990134,10.65,0,0,0
2021-01-01T00:00:00.000Z,71234,1061368,11.41,0,0,0
2021-01-02T00:00:00.000Z,71625,1132993,12.18,0,0,0
2021-01-03T00:00:00.000Z,149403,1282396,13.79,0,0,0
2021-01-04T00:00:00.000Z,151836,1434232,15.42,1,1,0
2021-01-05T00:00:00.000Z,124854,1559086,16.77,0,1,0
2021-01-06T00:00:00.000Z,103074,1662160,17.87,0,1,0
2021-01-07T00:00:00.000Z,115825,1777985,19.12,4,5,0
2021-01-08T00:00:00.000Z,66295,1844280,19.83,3,8,0
2021-01-09T00:00:00.000Z,44455,1888735,20.31,22,30,0
2021-01-10T00:00:00.000Z,37538,1926273,20.71,5986,6016,0.06
2021-01-11T00:00:00.000Z,21014,1947287,20.94,19236,25252,0.27
2021-01-12T00:00:00.000Z,23906,1971193,21.2,35638,60890,0.65
2021-01-13T00:00:00.000Z,51919,2023112,21.76,56812,117702,1.27
2021-01-14T00:00:00.000Z,56302,2079414,22.36,68755,186457,2.01
2021-01-15T00:00:00.000Z,30615,2110029,22.69,35882,222339,2.39
2021-01-16T00:00:00.000Z,29367,2139396,23.01,25977,248316,2.67
2021-01-17T00:00:00.000Z,68254,2207650,23.74,84457,332773,3.58
2021-01-18T00:00:00.000Z,69527,2277177,24.49,120213,452986,4.87
2021-01-19T00:00:00.000Z,72576,2349753,25.27,137528,590514,6.35
2021-01-20T00:00:00.000Z,76531,2426284,26.09,143400,733914,7.89
2021-01-21T00:00:00.000Z,69582,2495866,26.84,163957,897871,9.66
2021-01-22T00:00:00.000Z,37713,2533579,27.24,70924,968795,10.42
2021-01-23T00:00:00.000Z,39849,2573428,27.67,53475,1022270,10.99
2021-01-24T00:00:00.000Z,68939,2642367,28.41,140338,1162608,12.5
2021-01-25T00:00:00.000Z,80734,2723101,29.28,139172,1301780,14
2021-01-26T00:00:00.000Z,78479,2801580,30.13,126066,1427846,15.35
2021-01-27T00:00:00.000Z,77691,2879271,30.96,124722,1552568,16.7
2021-01-28T00:00:00.000Z,79409,2958680,31.82,130294,1682862,18.1
2021-01-29T00:00:00.000Z,36523,2995203,32.21,64610,1747472,18.79
2021-01-30T00:00:00.000Z,34287,3029490,32.58,42662,1790134,19.25
2021-01-31T00:00:00.000Z,73178,3102668,33.36,59342,1849476,19.89
2021-02-01T00:00:00.000Z,82272,3184940,34.25,35209,1884685,20.27
2021-02-02T00:00:00.000Z,69863,3254803,35,30948,1915633,20.6
2021-02-03T00:00:00.000Z,60072,3314875,35.65,51269,1966902,21.15
2021-02-04T00:00:00.000Z,72387,3387262,36.42,57920,2024822,21.77
2021-02-05T00:00:00.000Z,33777,3421039,36.79,28656,2053478,22.08
2021-02-06T00:00:00.000Z,21534,3442573,37.02,22140,2075618,22.32
2021-02-07T00:00:00.000Z,53938,3496511,37.6,68545,2144163,23.06
2021-02-08T00:00:00.000Z,58481,3554992,38.23,65202,2209365,23.76
2021-02-09T00:00:00.000Z,66120,3621112,38.94,67278,2276643,24.48
2021-02-10T00:00:00.000Z,70338,3691450,39.7,71947,2348590,25.26
2021-02-11T00:00:00.000Z,80892,3772342,40.57,71533,2420123,26.02
2021-02-12T00:00:00.000Z,38937,3811279,40.98,37409,2457532,26.43
2021-02-13T00:00:00.000Z,27388,3838667,41.28,30346,2487878,26.75
2021-02-14T00:00:00.000Z,74729,3913396,42.08,68871,2556749,27.49
2021-02-15T00:00:00.000Z,81320,3994716,42.96,75489,2632238,28.31
2021-02-16T00:00:00.000Z,83319,4078035,43.85,78038,2710276,29.14
2021-02-17T00:00:00.000Z,61796,4139831,44.52,75338,2785614,29.96
2021-02-18T00:00:00.000Z,68975,4208806,45.26,79494,2865108,30.81
2021-02-19T00:00:00.000Z,39559,4248365,45.68,37992,2903100,31.22
2021-02-20T00:00:00.000Z,31584,4279949,46.02,28642,2931742,31.53
2021-02-21T00:00:00.000Z,79313,4359262,46.88,78345,3010087,32.37
2021-02-22T00:00:00.000Z,84876,4444138,47.79,80354,3090441,33.23
2021-02-23T00:00:00.000Z,77193,4521331,48.62,70228,3160669,33.99
2021-02-24T00:00:00.000Z,60875,4582206,49.27,62870,3223539,34.66
2021-02-25T00:00:00.000Z,51506,4633712,49.83,64542,3288081,35.36
2021-02-26T00:00:00.000Z,25753,4659465,50.11,31887,3319968,35.7
2021-02-27T00:00:00.000Z,18255,4677720,50.3,21128,3341096,35.93
2021-02-28T00:00:00.000Z,40165,4717885,50.73,55711,3396807,36.53
2021-03-01T00:00:00.000Z,45509,4763394,51.22,61265,3458072,37.19
2021-03-02T00:00:00.000Z,41004,4804398,51.66,64521,3522593,37.88
2021-03-03T00:00:00.000Z,41784,4846182,52.11,66560,3589153,38.6
2021-03-04T00:00:00.000Z,39475,4885657,52.54,78847,3668000,39.44
2021-03-05T00:00:00.000Z,17166,4902823,52.72,40321,3708321,39.88
2021-03-06T00:00:00.000Z,10566,4913389,52.84,25278,3733599,40.15
2021-03-07T00:00:00.000Z,30964,4944353,53.17,72679,3806278,40.93
2021-03-08T00:00:00.000Z,27162,4971515,53.46,73080,3879358,41.72
2021-03-09T00:00:00.000Z,26500,4998015,53.75,76477,3955835,42.54
2021-03-10T00:00:00.000Z,23089,5021104,53.99,58505,4014340,43.17
2021-03-11T00:00:00.000Z,23057,5044161,54.24,68883,4083223,43.91
2021-03-12T00:00:00.000Z,11096,5055257,54.36,41296,4124519,44.35
2021-03-13T00:00:00.000Z,7848,5063105,54.45,25181,4149700,44.62
2021-03-14T00:00:00.000Z,20830,5083935,54.67,73826,4223526,45.42
2021-03-15T00:00:00.000Z,19903,5103838,54.88,78051,4301577,46.26
2021-03-16T00:00:00.000Z,18532,5122370,55.08,71354,4372931,47.02
2021-03-17T00:00:00.000Z,17502,5139872,55.27,58832,4431763,47.66
2021-03-18T00:00:00.000Z,15826,5155698,55.44,57962,4489725,48.28
2021-03-19T00:00:00.000Z,6752,5162450,55.51,27868,4517593,48.58
2021-03-20T00:00:00.000Z,5117,5167567,55.57,15226,4532819,48.74
2021-03-21T00:00:00.000Z,13029,5180596,55.71,40364,4573183,49.18
2021-03-22T00:00:00.000Z,13354,5193950,55.85,40370,4613553,49.61
2021-03-23T00:00:00.000Z,2601,5196551,55.88,7154,4620707,49.69
2021-03-24T00:00:00.000Z,10787,5207338,56,46349,4667056,50.19
2021-03-25T00:00:00.000Z,10035,5217373,56.11,35255,4702311,50.57
2021-03-26T00:00:00.000Z,4005,5221378,56.15,13216,4715527,50.71
2021-03-27T00:00:00.000Z,1710,5223088,56.17,4200,4719727,50.75
2021-03-28T00:00:00.000Z,2039,5225127,56.19,4548,4724275,50.8
2021-03-29T00:00:00.000Z,6775,5231902,56.26,29856,4754131,51.12
2021-03-30T00:00:00.000Z,7658,5239560,56.34,22231,4776362,51.36
2021-03-31T00:00:00.000Z,7948,5247508,56.43,19250,4795612,51.57
2021-04-01T00:00:00.000Z,7944,5255452,56.51,18467,4814079,51.77
2021-04-02T00:00:00.000Z,2768,5258220,56.54,7964,4822043,51.85
2021-04-03T00:00:00.000Z,1339,5259559,56.56,2878,4824921,51.88
2021-04-04T00:00:00.000Z,9540,5269099,56.66,22715,4847636,52.13
2021-04-05T00:00:00.000Z,10173,5279272,56.77,21080,4868716,52.36
2021-04-06T00:00:00.000Z,8771,5288043,56.87,16553,4885269,52.53
2021-04-07T00:00:00.000Z,8673,5296716,56.96,15090,4900359,52.7
2021-04-08T00:00:00.000Z,9161,5305877,57.06,16746,4917105,52.88
2021-04-09T00:00:00.000Z,3369,5309246,57.09,6053,4923158,52.94
2021-04-10T00:00:00.000Z,1491,5310737,57.11,3429,4926587,52.98
2021-04-11T00:00:00.000Z,8894,5319631,57.2,14094,4940681,53.13
2021-04-12T00:00:00.000Z,8701,5328332,57.3,13023,4953704,53.27
2021-04-13T00:00:00.000Z,5597,5333929,57.36,4780,4958484,53.32
2021-04-14T00:00:00.000Z,3426,5337355,57.4,5109,4963593,53.38
2021-04-15T00:00:00.000Z,450,5337805,57.4,413,4964006,53.38
2021-04-16T00:00:00.000Z,3189,5340994,57.43,6458,4970464,53.45
2021-04-17T00:00:00.000Z,743,5341737,57.44,1912,4972376,53.47
2021-04-18T00:00:00.000Z,6964,5348701,57.52,7351,4979727,53.55
2021-04-19T00:00:00.000Z,6204,5354905,57.58,6968,4986695,53.62
2021-04-20T00:00:00.000Z,6043,5360948,57.65,6685,4993380,53.7
2021-04-21T00:00:00.000Z,6150,5367098,57.72,6900,5000280,53.77
2021-04-22T00:00:00.000Z,5742,5372840,57.78,7467,5007747,53.85
2021-04-23T00:00:00.000Z,2584,5375424,57.8,3232,5010979,53.89
2021-04-24T00:00:00.000Z,679,5376103,57.81,1211,5012190,53.9
2021-04-25T00:00:00.000Z,4716,5380819,57.86,6825,5019015,53.97
2021-04-26T00:00:00.000Z,5331,5386150,57.92,7724,5026739,54.06
2021-04-27T00:00:00.000Z,4347,5390497,57.97,6414,5033153,54.12
2021-04-28T00:00:00.000Z,4310,5394807,58.01,7094,5040247,54.2
2021-04-29T00:00:00.000Z,4191,5398998,58.06,7084,5047331,54.28
2021-04-30T00:00:00.000Z,1731,5400729,58.08,3000,5050331,54.31
2021-05-01T00:00:00.000Z,382,5401111,58.08,820,5051151,54.32
2021-05-02T00:00:00.000Z,3156,5404267,58.11,5951,5057102,54.38
2021-05-03T00:00:00.000Z,3399,5407666,58.15,5630,5062732,54.44
2021-05-04T00:00:00.000Z,3382,5411048,58.19,4528,5067260,54.49
2021-05-05T00:00:00.000Z,3109,5414157,58.22,3864,5071124,54.53
2021-05-06T00:00:00.000Z,3436,5417593,58.26,2922,5074046,54.56
2021-05-07T00:00:00.000Z,1661,5419254,58.28,2282,5076328,54.59
2021-05-08T00:00:00.000Z,175,5419429,58.28,423,5076751,54.59
2021-05-09T00:00:00.000Z,2763,5422192,58.31,4625,5081376,54.64
2021-05-10T00:00:00.000Z,2764,5424956,58.34,4521,5085897,54.69
2021-05-11T00:00:00.000Z,2414,5427370,58.36,3639,5089536,54.73
2021-05-12T00:00:00.000Z,1815,5429185,58.38,3094,5092630,54.76
2021-05-13T00:00:00.000Z,1814,5430999,58.4,3474,5096104,54.8
2021-05-14T00:00:00.000Z,770,5431769,58.41,1333,5097437,54.82
2021-05-15T00:00:00.000Z,132,5431901,58.41,173,5097610,54.82
2021-05-16T00:00:00.000Z,425,5432326,58.42,1134,5098744,54.83
2021-05-17T00:00:00.000Z,187,5432513,58.42,758,5099502,54.84
2021-05-18T00:00:00.000Z,1815,5434328,58.44,4798,5104300,54.89
2021-05-19T00:00:00.000Z,2030,5436358,58.46,4875,5109175,54.94
2021-05-20T00:00:00.000Z,2093,5438451,58.48,3715,5112890,54.98
2021-05-21T00:00:00.000Z,1007,5439458,58.49,1223,5114113,54.99
2021-05-22T00:00:00.000Z,139,5439597,58.49,323,5114436,55
2021-05-23T00:00:00.000Z,2197,5441794,58.52,3120,5117556,55.03
2021-05-24T00:00:00.000Z,1977,5443771,58.54,3461,5121017,55.07
2021-05-25T00:00:00.000Z,1649,5445420,58.56,2437,5123454,55.1
2021-05-26T00:00:00.000Z,1218,5446638,58.57,2324,5125778,55.12
2021-05-27T00:00:00.000Z,1634,5448272,58.59,2942,5128720,55.15
2021-05-28T00:00:00.000Z,616,5448888,58.59,1240,5129960,55.17
2021-05-29T00:00:00.000Z,104,5448992,58.6,161,5130121,55.17
2021-05-30T00:00:00.000Z,1546,5450538,58.61,1845,5131966,55.19
2021-05-31T00:00:00.000Z,1522,5452060,58.63,1947,5133913,55.21
2021-06-01T00:00:00.000Z,1177,5453237,58.64,1664,5135577,55.23
2021-06-02T00:00:00.000Z,1288,5454525,58.66,1427,5137004,55.24
2021-06-03T00:00:00.000Z,1503,5456028,58.67,1290,5138294,55.25
2021-06-04T00:00:00.000Z,925,5456953,58.68,546,5138840,55.26
2021-06-05T00:00:00.000Z,103,5457056,58.68,66,5138906,55.26
2021-06-06T00:00:00.000Z,4179,5461235,58.73,873,5139779,55.27
2021-06-07T00:00:00.000Z,4218,5465453,58.77,664,5140443,55.28
2021-06-08T00:00:00.000Z,3551,5469004,58.81,1017,5141460,55.29
2021-06-09T00:00:00.000Z,3453,5472457,58.85,1128,5142588,55.3
2021-06-10T00:00:00.000Z,3184,5475641,58.88,1122,5143710,55.31
2021-06-11T00:00:00.000Z,1239,5476880,58.9,405,5144115,55.32
2021-06-12T00:00:00.000Z,138,5477018,58.9,89,5144204,55.32
2021-06-13T00:00:00.000Z,3031,5480049,58.93,1165,5145369,55.33
2021-06-14T00:00:00.000Z,2879,5482928,58.96,1348,5146717,55.35
2021-06-15T00:00:00.000Z,2947,5485875,58.99,1181,5147898,55.36
2021-06-16T00:00:00.000Z,2561,5488436,59.02,828,5148726,55.37
2021-06-17T00:00:00.000Z,2548,5490984,59.05,1009,5149735,55.38
2021-06-18T00:00:00.000Z,1081,5492065,59.06,332,5150067,55.38
2021-06-19T00:00:00.000Z,141,5492206,59.06,78,5150145,55.38
2021-06-20T00:00:00.000Z,3220,5495426,59.1,1211,5151356,55.4
2021-06-21T00:00:00.000Z,5031,5500457,59.15,1054,5152410,55.41
2021-06-22T00:00:00.000Z,6716,5507173,59.22,903,5153313,55.42
2021-06-23T00:00:00.000Z,10571,5517744,59.34,1100,5154413,55.43
2021-06-24T00:00:00.000Z,11842,5529586,59.46,1301,5155714,55.44
2021-06-25T00:00:00.000Z,6914,5536500,59.54,767,5156481,55.45
2021-06-26T00:00:00.000Z,2185,5538685,59.56,110,5156591,55.45
2021-06-27T00:00:00.000Z,13511,5552196,59.71,3291,5159882,55.49
2021-06-28T00:00:00.000Z,14317,5566513,59.86,3468,5163350,55.52
2021-06-29T00:00:00.000Z,16498,5583011,60.04,3513,5166863,55.56
2021-06-30T00:00:00.000Z,16271,5599282,60.21,3183,5170046,55.6
2021-07-01T00:00:00.000Z,16664,5615946,60.39,3184,5173230,55.63
2021-07-02T00:00:00.000Z,9656,5625602,60.49,1396,5174626,55.65
2021-07-03T00:00:00.000Z,2588,5628190,60.52,238,5174864,55.65
2021-07-04T00:00:00.000Z,17621,5645811,60.71,3067,5177931,55.68
2021-07-05T00:00:00.000Z,17613,5663424,60.9,2861,5180792,55.71
2021-07-06T00:00:00.000Z,17697,5681121,61.09,3190,5183982,55.75
2021-07-07T00:00:00.000Z,15272,5696393,61.26,2493,5186475,55.77
2021-07-08T00:00:00.000Z,16366,5712759,61.43,2655,5189130,55.8
2021-07-09T00:00:00.000Z,10981,5723740,61.55,1303,5190433,55.82
2021-07-10T00:00:00.000Z,4877,5728617,61.6,303,5190736,55.82
2021-07-11T00:00:00.000Z,1057,5729674,61.61,2156,5192892,55.84
