Day_Date,vaccinated,vaccinated_cum,vaccinated_population_perc,vaccinated_seconde_dose,vaccinated_seconde_dose_cum,vaccinated_seconde_dose_population_perc
2020-12-19T00:00:00.000Z,43,63,0,0,0,0
2020-12-20T00:00:00.000Z,7366,7429,0.08,0,0,0
2020-12-21T00:00:00.000Z,24888,32317,0.35,0,0,0
2020-12-22T00:00:00.000Z,44651,76968,0.83,0,0,0
2020-12-23T00:00:00.000Z,62985,139953,1.5,0,0,0
2020-12-24T00:00:00.000Z,73598,213551,2.3,0,0,0
2020-12-25T00:00:00.000Z,38758,252309,2.71,0,0,0
2020-12-26T00:00:00.000Z,32871,285180,3.07,0,0,0
2020-12-27T00:00:00.000Z,105115,390295,4.2,0,0,0
2020-12-28T00:00:00.000Z,135925,526220,5.66,0,0,0
2020-12-29T00:00:00.000Z,157379,683599,7.35,0,0,0
2020-12-30T00:00:00.000Z,154302,837901,9.01,0,0,0
2020-12-31T00:00:00.000Z,159648,997549,10.73,0,0,0
2021-01-01T00:00:00.000Z,72147,1069696,11.5,0,0,0
2021-01-02T00:00:00.000Z,72417,1142113,12.28,0,0,0
2021-01-03T00:00:00.000Z,151018,1293131,13.91,0,0,0
2021-01-04T00:00:00.000Z,153129,1446260,15.55,2,2,0
2021-01-05T00:00:00.000Z,126753,1573013,16.92,0,2,0
2021-01-06T00:00:00.000Z,104830,1677843,18.04,0,2,0
2021-01-07T00:00:00.000Z,117455,1795298,19.31,3,5,0
2021-01-08T00:00:00.000Z,67144,1862442,20.03,3,8,0
2021-01-09T00:00:00.000Z,44990,1907432,20.51,22,30,0
2021-01-10T00:00:00.000Z,38131,1945563,20.92,5981,6011,0.06
2021-01-11T00:00:00.000Z,21435,1966998,21.15,19236,25247,0.27
2021-01-12T00:00:00.000Z,24266,1991264,21.41,35645,60892,0.65
2021-01-13T00:00:00.000Z,52455,2043719,21.98,56913,117805,1.27
2021-01-14T00:00:00.000Z,56811,2100530,22.59,68905,186710,2.01
2021-01-15T00:00:00.000Z,30999,2131529,22.92,36133,222843,2.4
2021-01-16T00:00:00.000Z,29701,2161230,23.24,26196,249039,2.68
2021-01-17T00:00:00.000Z,68405,2229635,23.98,84578,333617,3.59
2021-01-18T00:00:00.000Z,69512,2299147,24.72,119994,453611,4.88
2021-01-19T00:00:00.000Z,72589,2371736,25.5,137318,590929,6.35
2021-01-20T00:00:00.000Z,76503,2448239,26.33,143193,734122,7.89
2021-01-21T00:00:00.000Z,69516,2517755,27.07,163663,897785,9.65
2021-01-22T00:00:00.000Z,37694,2555449,27.48,70828,968613,10.42
2021-01-23T00:00:00.000Z,39814,2595263,27.91,53421,1022034,10.99
2021-01-24T00:00:00.000Z,68899,2664162,28.65,140144,1162178,12.5
2021-01-25T00:00:00.000Z,80679,2744841,29.52,138988,1301166,13.99
2021-01-26T00:00:00.000Z,78438,2823279,30.36,125857,1427023,15.35
2021-01-27T00:00:00.000Z,77625,2900904,31.19,124499,1551522,16.68
2021-01-28T00:00:00.000Z,79345,2980249,32.05,130104,1681626,18.08
2021-01-29T00:00:00.000Z,36491,3016740,32.44,64525,1746151,18.78
2021-01-30T00:00:00.000Z,34237,3050977,32.81,42628,1788779,19.24
2021-01-31T00:00:00.000Z,73098,3124075,33.59,59255,1848034,19.87
2021-02-01T00:00:00.000Z,82143,3206218,34.48,35180,1883214,20.25
2021-02-02T00:00:00.000Z,69766,3275984,35.23,30872,1914086,20.58
2021-02-03T00:00:00.000Z,59991,3335975,35.87,51130,1965216,21.13
2021-02-04T00:00:00.000Z,72321,3408296,36.65,57812,2023028,21.75
2021-02-05T00:00:00.000Z,33750,3442046,37.01,28616,2051644,22.06
2021-02-06T00:00:00.000Z,21509,3463555,37.25,22109,2073753,22.3
2021-02-07T00:00:00.000Z,54124,3517679,37.83,68163,2141916,23.03
2021-02-08T00:00:00.000Z,58660,3576339,38.46,64810,2206726,23.73
2021-02-09T00:00:00.000Z,66275,3642614,39.17,66876,2273602,24.45
2021-02-10T00:00:00.000Z,70210,3712824,39.93,71770,2345372,25.22
2021-02-11T00:00:00.000Z,80614,3793438,40.79,71364,2416736,25.99
2021-02-12T00:00:00.000Z,38849,3832287,41.21,37351,2454087,26.39
2021-02-13T00:00:00.000Z,27350,3859637,41.5,30295,2484382,26.72
2021-02-14T00:00:00.000Z,74360,3933997,42.3,68729,2553111,27.45
2021-02-15T00:00:00.000Z,81080,4015077,43.18,75323,2628434,28.26
2021-02-16T00:00:00.000Z,83136,4098213,44.07,77860,2706294,29.1
2021-02-17T00:00:00.000Z,61548,4159761,44.73,75140,2781434,29.91
2021-02-18T00:00:00.000Z,68789,4228550,45.47,79219,2860653,30.76
2021-02-19T00:00:00.000Z,39475,4268025,45.9,37907,2898560,31.17
2021-02-20T00:00:00.000Z,31507,4299532,46.23,28513,2927073,31.48
2021-02-21T00:00:00.000Z,79075,4378607,47.09,78173,3005246,32.32
2021-02-22T00:00:00.000Z,84646,4463253,48,79946,3085192,33.18
2021-02-23T00:00:00.000Z,76958,4540211,48.82,69863,3155055,33.93
2021-02-24T00:00:00.000Z,60715,4600926,49.48,62571,3217626,34.6
2021-02-25T00:00:00.000Z,51178,4652104,50.03,64210,3281836,35.29
2021-02-26T00:00:00.000Z,24846,4676950,50.29,30932,3312768,35.62
2021-02-27T00:00:00.000Z,17454,4694404,50.48,20378,3333146,35.84
2021-02-28T00:00:00.000Z,39063,4733467,50.9,53847,3386993,36.42
2021-03-01T00:00:00.000Z,45455,4778922,51.39,61014,3448007,37.08
2021-03-02T00:00:00.000Z,40880,4819802,51.83,64277,3512284,37.77
2021-03-03T00:00:00.000Z,27484,4847286,52.13,41140,3553424,38.21
