dayDate,ageGroup,verifiedNormalized,avgVerifiedAmount7Days
2020-03-02T00:00:00.000Z,0-4,0,0
2020-03-02T00:00:00.000Z,5-11,0,0
2020-03-02T00:00:00.000Z,12-15,0,0
2020-03-02T00:00:00.000Z,16-19,0.17,0
2020-03-03T00:00:00.000Z,0-4,0,0
2020-03-03T00:00:00.000Z,5-11,0,0
2020-03-03T00:00:00.000Z,12-15,0.16,0
2020-03-03T00:00:00.000Z,16-19,0,0
2020-03-04T00:00:00.000Z,0-4,0,0
2020-03-04T00:00:00.000Z,5-11,0,0
2020-03-04T00:00:00.000Z,12-15,0,0
2020-03-04T00:00:00.000Z,16-19,0,0
2020-03-05T00:00:00.000Z,0-4,0,0
2020-03-05T00:00:00.000Z,5-11,0,0
2020-03-05T00:00:00.000Z,12-15,0,0
2020-03-05T00:00:00.000Z,16-19,0,0
2020-03-06T00:00:00.000Z,0-4,0,0
2020-03-06T00:00:00.000Z,5-11,0,0
2020-03-06T00:00:00.000Z,12-15,0,0
2020-03-06T00:00:00.000Z,16-19,0,0
2020-03-07T00:00:00.000Z,0-4,0,0
2020-03-07T00:00:00.000Z,5-11,0,0
2020-03-07T00:00:00.000Z,12-15,0,0
2020-03-07T00:00:00.000Z,16-19,0,0
2020-03-08T00:00:00.000Z,0-4,0,0
2020-03-08T00:00:00.000Z,5-11,0,0
2020-03-08T00:00:00.000Z,12-15,0,0
2020-03-08T00:00:00.000Z,16-19,0,0
2020-03-09T00:00:00.000Z,0-4,0,0
2020-03-09T00:00:00.000Z,5-11,0,0
2020-03-09T00:00:00.000Z,12-15,0,0
2020-03-09T00:00:00.000Z,16-19,0,0
2020-03-10T00:00:00.000Z,0-4,0,0
2020-03-10T00:00:00.000Z,5-11,0.08,0
2020-03-10T00:00:00.000Z,12-15,0,0
2020-03-10T00:00:00.000Z,16-19,0.17,0
2020-03-11T00:00:00.000Z,0-4,0,0
2020-03-11T00:00:00.000Z,5-11,0.16,0
2020-03-11T00:00:00.000Z,12-15,0,0
2020-03-11T00:00:00.000Z,16-19,0,0
2020-03-12T00:00:00.000Z,0-4,0.11,0
2020-03-12T00:00:00.000Z,5-11,0.16,0
2020-03-12T00:00:00.000Z,12-15,0.16,0
2020-03-12T00:00:00.000Z,16-19,0.34,0
2020-03-13T00:00:00.000Z,0-4,0,0
2020-03-13T00:00:00.000Z,5-11,0,0
2020-03-13T00:00:00.000Z,12-15,0,0
2020-03-13T00:00:00.000Z,16-19,0,0
2020-03-14T00:00:00.000Z,0-4,0,0
2020-03-14T00:00:00.000Z,5-11,0.32,1
2020-03-14T00:00:00.000Z,12-15,0.47,0
2020-03-14T00:00:00.000Z,16-19,0.17,0
2020-03-15T00:00:00.000Z,0-4,0.11,0
2020-03-15T00:00:00.000Z,5-11,0,1
2020-03-15T00:00:00.000Z,12-15,0.47,1
2020-03-15T00:00:00.000Z,16-19,0,0
2020-03-16T00:00:00.000Z,0-4,0,0
2020-03-16T00:00:00.000Z,5-11,0.16,1
2020-03-16T00:00:00.000Z,12-15,0.31,1
2020-03-16T00:00:00.000Z,16-19,0.51,1
2020-03-17T00:00:00.000Z,0-4,0.22,0
2020-03-17T00:00:00.000Z,5-11,0.16,1
2020-03-17T00:00:00.000Z,12-15,0.31,1
2020-03-17T00:00:00.000Z,16-19,0.17,1
2020-03-18T00:00:00.000Z,0-4,0.33,1
2020-03-18T00:00:00.000Z,5-11,0.48,2
2020-03-18T00:00:00.000Z,12-15,0.79,2
2020-03-18T00:00:00.000Z,16-19,0.68,1
2020-03-19T00:00:00.000Z,0-4,0.22,1
2020-03-19T00:00:00.000Z,5-11,0,2
2020-03-19T00:00:00.000Z,12-15,0.94,3
2020-03-19T00:00:00.000Z,16-19,1.18,2
2020-03-20T00:00:00.000Z,0-4,0.22,1
2020-03-20T00:00:00.000Z,5-11,0.24,2
2020-03-20T00:00:00.000Z,12-15,0.63,3
2020-03-20T00:00:00.000Z,16-19,1.52,3
2020-03-21T00:00:00.000Z,0-4,0.11,1
2020-03-21T00:00:00.000Z,5-11,0.08,2
2020-03-21T00:00:00.000Z,12-15,0.47,3
2020-03-21T00:00:00.000Z,16-19,1.52,4
2020-03-22T00:00:00.000Z,0-4,0.87,2
2020-03-22T00:00:00.000Z,5-11,0.32,2
2020-03-22T00:00:00.000Z,12-15,0.79,3
2020-03-22T00:00:00.000Z,16-19,0.84,5
2020-03-23T00:00:00.000Z,0-4,0.55,3
2020-03-23T00:00:00.000Z,5-11,1.05,4
2020-03-23T00:00:00.000Z,12-15,1.1,4
2020-03-23T00:00:00.000Z,16-19,3.04,7
2020-03-24T00:00:00.000Z,0-4,0.98,4
2020-03-24T00:00:00.000Z,5-11,1.05,5
2020-03-24T00:00:00.000Z,12-15,2.51,6
2020-03-24T00:00:00.000Z,16-19,3.21,10
2020-03-25T00:00:00.000Z,0-4,0.77,4
2020-03-25T00:00:00.000Z,5-11,0.97,6
2020-03-25T00:00:00.000Z,12-15,1.89,7
2020-03-25T00:00:00.000Z,16-19,2.53,11
2020-03-26T00:00:00.000Z,0-4,1.31,6
2020-03-26T00:00:00.000Z,5-11,1.05,8
2020-03-26T00:00:00.000Z,12-15,2.36,8
2020-03-26T00:00:00.000Z,16-19,4.22,14
2020-03-27T00:00:00.000Z,0-4,0.87,7
2020-03-27T00:00:00.000Z,5-11,1.53,10
2020-03-27T00:00:00.000Z,12-15,1.41,9
2020-03-27T00:00:00.000Z,16-19,4.56,16
2020-03-28T00:00:00.000Z,0-4,1.31,8
2020-03-28T00:00:00.000Z,5-11,1.45,13
2020-03-28T00:00:00.000Z,12-15,2.83,11
2020-03-28T00:00:00.000Z,16-19,6.08,20
2020-03-29T00:00:00.000Z,0-4,0.98,8
2020-03-29T00:00:00.000Z,5-11,1.21,14
2020-03-29T00:00:00.000Z,12-15,2.51,13
2020-03-29T00:00:00.000Z,16-19,4.73,24
2020-03-30T00:00:00.000Z,0-4,1.64,10
2020-03-30T00:00:00.000Z,5-11,2.34,17
2020-03-30T00:00:00.000Z,12-15,2.36,14
2020-03-30T00:00:00.000Z,16-19,5.06,25
2020-03-31T00:00:00.000Z,0-4,2.08,11
2020-03-31T00:00:00.000Z,5-11,2.82,20
2020-03-31T00:00:00.000Z,12-15,6.28,17
2020-03-31T00:00:00.000Z,16-19,7.26,29
2020-04-01T00:00:00.000Z,0-4,1.75,13
2020-04-01T00:00:00.000Z,5-11,2.99,23
2020-04-01T00:00:00.000Z,12-15,3.77,19
2020-04-01T00:00:00.000Z,16-19,7.09,33
2020-04-02T00:00:00.000Z,0-4,1.53,13
2020-04-02T00:00:00.000Z,5-11,2.82,26
2020-04-02T00:00:00.000Z,12-15,2.67,19
2020-04-02T00:00:00.000Z,16-19,8.27,36
2020-04-03T00:00:00.000Z,0-4,2.08,14
2020-04-03T00:00:00.000Z,5-11,1.69,27
2020-04-03T00:00:00.000Z,12-15,3.46,21
2020-04-03T00:00:00.000Z,16-19,8.94,40
2020-04-04T00:00:00.000Z,0-4,1.2,14
2020-04-04T00:00:00.000Z,5-11,2.26,28
2020-04-04T00:00:00.000Z,12-15,3.77,22
2020-04-04T00:00:00.000Z,16-19,7.26,41
2020-04-05T00:00:00.000Z,0-4,1.53,15
2020-04-05T00:00:00.000Z,5-11,2.58,31
2020-04-05T00:00:00.000Z,12-15,4.71,24
2020-04-05T00:00:00.000Z,16-19,9.62,45
2020-04-06T00:00:00.000Z,0-4,1.31,15
2020-04-06T00:00:00.000Z,5-11,2.34,31
2020-04-06T00:00:00.000Z,12-15,5.34,27
2020-04-06T00:00:00.000Z,16-19,7.93,47
2020-04-07T00:00:00.000Z,0-4,1.75,14
2020-04-07T00:00:00.000Z,5-11,1.21,28
2020-04-07T00:00:00.000Z,12-15,3.14,24
2020-04-07T00:00:00.000Z,16-19,5.74,46
2020-04-08T00:00:00.000Z,0-4,0.66,13
2020-04-08T00:00:00.000Z,5-11,1.78,26
2020-04-08T00:00:00.000Z,12-15,3.93,24
2020-04-08T00:00:00.000Z,16-19,6.92,46
2020-04-09T00:00:00.000Z,0-4,0.77,12
2020-04-09T00:00:00.000Z,5-11,1.37,23
2020-04-09T00:00:00.000Z,12-15,3.14,25
2020-04-09T00:00:00.000Z,16-19,4.39,43
2020-04-10T00:00:00.000Z,0-4,1.2,11
2020-04-10T00:00:00.000Z,5-11,2.02,24
2020-04-10T00:00:00.000Z,12-15,3.46,25
2020-04-10T00:00:00.000Z,16-19,3.88,38
2020-04-11T00:00:00.000Z,0-4,0.87,10
2020-04-11T00:00:00.000Z,5-11,1.45,22
2020-04-11T00:00:00.000Z,12-15,2.99,24
2020-04-11T00:00:00.000Z,16-19,5.06,36
2020-04-12T00:00:00.000Z,0-4,2.51,11
2020-04-12T00:00:00.000Z,5-11,3.31,23
2020-04-12T00:00:00.000Z,12-15,3.46,23
2020-04-12T00:00:00.000Z,16-19,6.08,33
2020-04-13T00:00:00.000Z,0-4,1.97,12
2020-04-13T00:00:00.000Z,5-11,2.26,23
2020-04-13T00:00:00.000Z,12-15,5.18,23
2020-04-13T00:00:00.000Z,16-19,10.13,35
2020-04-14T00:00:00.000Z,0-4,2.08,13
2020-04-14T00:00:00.000Z,5-11,2.1,25
2020-04-14T00:00:00.000Z,12-15,4.08,23
2020-04-14T00:00:00.000Z,16-19,5.4,35
2020-04-15T00:00:00.000Z,0-4,1.2,13
2020-04-15T00:00:00.000Z,5-11,2.5,26
2020-04-15T00:00:00.000Z,12-15,4.87,24
2020-04-15T00:00:00.000Z,16-19,6.75,35
2020-04-16T00:00:00.000Z,0-4,1.53,14
2020-04-16T00:00:00.000Z,5-11,2.02,27
2020-04-16T00:00:00.000Z,12-15,1.73,23
2020-04-16T00:00:00.000Z,16-19,5.06,35
2020-04-17T00:00:00.000Z,0-4,1.53,15
2020-04-17T00:00:00.000Z,5-11,1.78,27
2020-04-17T00:00:00.000Z,12-15,4.71,24
2020-04-17T00:00:00.000Z,16-19,6.58,38
2020-04-18T00:00:00.000Z,0-4,1.31,15
2020-04-18T00:00:00.000Z,5-11,2.26,28
2020-04-18T00:00:00.000Z,12-15,4.24,25
2020-04-18T00:00:00.000Z,16-19,5.74,38
2020-04-19T00:00:00.000Z,0-4,1.64,14
2020-04-19T00:00:00.000Z,5-11,2.34,27
2020-04-19T00:00:00.000Z,12-15,3.93,26
2020-04-19T00:00:00.000Z,16-19,4.05,37
2020-04-20T00:00:00.000Z,0-4,1.53,14
2020-04-20T00:00:00.000Z,5-11,2.1,26
2020-04-20T00:00:00.000Z,12-15,4.56,25
2020-04-20T00:00:00.000Z,16-19,5.57,33
2020-04-21T00:00:00.000Z,0-4,1.53,13
2020-04-21T00:00:00.000Z,5-11,1.45,25
2020-04-21T00:00:00.000Z,12-15,5.18,26
2020-04-21T00:00:00.000Z,16-19,7.93,35
2020-04-22T00:00:00.000Z,0-4,2.19,14
2020-04-22T00:00:00.000Z,5-11,1.78,24
2020-04-22T00:00:00.000Z,12-15,2.67,24
2020-04-22T00:00:00.000Z,16-19,5.74,34
2020-04-23T00:00:00.000Z,0-4,2.62,16
2020-04-23T00:00:00.000Z,5-11,2.58,25
2020-04-23T00:00:00.000Z,12-15,3.93,26
2020-04-23T00:00:00.000Z,16-19,5.06,34
2020-04-24T00:00:00.000Z,0-4,1.2,15
2020-04-24T00:00:00.000Z,5-11,2.42,26
2020-04-24T00:00:00.000Z,12-15,4.71,26
2020-04-24T00:00:00.000Z,16-19,4.89,33
2020-04-25T00:00:00.000Z,0-4,0.66,14
2020-04-25T00:00:00.000Z,5-11,1.78,25
2020-04-25T00:00:00.000Z,12-15,2.67,25
2020-04-25T00:00:00.000Z,16-19,4.05,31
2020-04-26T00:00:00.000Z,0-4,0.55,13
2020-04-26T00:00:00.000Z,5-11,0.81,22
2020-04-26T00:00:00.000Z,12-15,1.57,23
2020-04-26T00:00:00.000Z,16-19,0.84,28
2020-04-27T00:00:00.000Z,0-4,0.77,12
2020-04-27T00:00:00.000Z,5-11,0.65,20
2020-04-27T00:00:00.000Z,12-15,1.41,20
2020-04-27T00:00:00.000Z,16-19,3.21,26
2020-04-28T00:00:00.000Z,0-4,0.98,11
2020-04-28T00:00:00.000Z,5-11,1.78,20
2020-04-28T00:00:00.000Z,12-15,2.67,17
2020-04-28T00:00:00.000Z,16-19,3.88,23
2020-04-29T00:00:00.000Z,0-4,0.33,9
2020-04-29T00:00:00.000Z,5-11,0.56,18
2020-04-29T00:00:00.000Z,12-15,0.94,16
2020-04-29T00:00:00.000Z,16-19,1.69,20
2020-04-30T00:00:00.000Z,0-4,1.31,7
2020-04-30T00:00:00.000Z,5-11,1.13,16
2020-04-30T00:00:00.000Z,12-15,3.14,15
2020-04-30T00:00:00.000Z,16-19,2.7,18
2020-05-01T00:00:00.000Z,0-4,1.42,7
2020-05-01T00:00:00.000Z,5-11,0.97,13
2020-05-01T00:00:00.000Z,12-15,1.89,13
2020-05-01T00:00:00.000Z,16-19,1.52,15
2020-05-02T00:00:00.000Z,0-4,0.33,7
2020-05-02T00:00:00.000Z,5-11,0.65,11
2020-05-02T00:00:00.000Z,12-15,1.26,11
2020-05-02T00:00:00.000Z,16-19,1.52,13
2020-05-03T00:00:00.000Z,0-4,0.11,6
2020-05-03T00:00:00.000Z,5-11,0,10
2020-05-03T00:00:00.000Z,12-15,0.47,10
2020-05-03T00:00:00.000Z,16-19,0.17,12
2020-05-04T00:00:00.000Z,0-4,0.55,6
2020-05-04T00:00:00.000Z,5-11,0.48,9
2020-05-04T00:00:00.000Z,12-15,1.1,10
2020-05-04T00:00:00.000Z,16-19,1.35,10
2020-05-05T00:00:00.000Z,0-4,0.11,5
2020-05-05T00:00:00.000Z,5-11,0.32,7
2020-05-05T00:00:00.000Z,12-15,0.31,8
2020-05-05T00:00:00.000Z,16-19,0.34,7
2020-05-06T00:00:00.000Z,0-4,0.55,5
2020-05-06T00:00:00.000Z,5-11,0.73,7
2020-05-06T00:00:00.000Z,12-15,1.26,8
2020-05-06T00:00:00.000Z,16-19,1.01,7
2020-05-07T00:00:00.000Z,0-4,0.55,4
2020-05-07T00:00:00.000Z,5-11,0.32,6
2020-05-07T00:00:00.000Z,12-15,0.47,6
2020-05-07T00:00:00.000Z,16-19,0.34,5
2020-05-08T00:00:00.000Z,0-4,0.22,3
2020-05-08T00:00:00.000Z,5-11,0.16,4
2020-05-08T00:00:00.000Z,12-15,0.31,4
2020-05-08T00:00:00.000Z,16-19,0.34,4
2020-05-09T00:00:00.000Z,0-4,0,2
2020-05-09T00:00:00.000Z,5-11,0,3
2020-05-09T00:00:00.000Z,12-15,0.16,3
2020-05-09T00:00:00.000Z,16-19,0.17,3
2020-05-10T00:00:00.000Z,0-4,0,2
2020-05-10T00:00:00.000Z,5-11,0,3
2020-05-10T00:00:00.000Z,12-15,0.31,3
2020-05-10T00:00:00.000Z,16-19,0.51,3
2020-05-11T00:00:00.000Z,0-4,0.33,2
2020-05-11T00:00:00.000Z,5-11,0.24,3
2020-05-11T00:00:00.000Z,12-15,1.1,3
2020-05-11T00:00:00.000Z,16-19,0.34,2
2020-05-12T00:00:00.000Z,0-4,0,2
2020-05-12T00:00:00.000Z,5-11,0.08,2
2020-05-12T00:00:00.000Z,12-15,0.63,3
2020-05-12T00:00:00.000Z,16-19,0.34,2
2020-05-13T00:00:00.000Z,0-4,0.33,1
2020-05-13T00:00:00.000Z,5-11,0.48,2
2020-05-13T00:00:00.000Z,12-15,0.31,3
2020-05-13T00:00:00.000Z,16-19,0.34,2
2020-05-14T00:00:00.000Z,0-4,0,1
2020-05-14T00:00:00.000Z,5-11,0.16,2
2020-05-14T00:00:00.000Z,12-15,0.16,2
2020-05-14T00:00:00.000Z,16-19,0.51,2
2020-05-15T00:00:00.000Z,0-4,0,0
2020-05-15T00:00:00.000Z,5-11,0,1
2020-05-15T00:00:00.000Z,12-15,0,2
2020-05-15T00:00:00.000Z,16-19,0.17,2
2020-05-16T00:00:00.000Z,0-4,0,0
2020-05-16T00:00:00.000Z,5-11,0,1
2020-05-16T00:00:00.000Z,12-15,0,2
2020-05-16T00:00:00.000Z,16-19,0.17,2
2020-05-17T00:00:00.000Z,0-4,0,0
2020-05-17T00:00:00.000Z,5-11,0.32,2
2020-05-17T00:00:00.000Z,12-15,0.47,2
2020-05-17T00:00:00.000Z,16-19,0.17,1
2020-05-18T00:00:00.000Z,0-4,0.44,1
2020-05-18T00:00:00.000Z,5-11,0.32,2
2020-05-18T00:00:00.000Z,12-15,0.47,1
2020-05-18T00:00:00.000Z,16-19,0.17,1
2020-05-19T00:00:00.000Z,0-4,0.11,1
2020-05-19T00:00:00.000Z,5-11,0.32,2
2020-05-19T00:00:00.000Z,12-15,0.31,1
2020-05-19T00:00:00.000Z,16-19,0.34,1
2020-05-20T00:00:00.000Z,0-4,0.22,1
2020-05-20T00:00:00.000Z,5-11,0.08,2
2020-05-20T00:00:00.000Z,12-15,0,1
2020-05-20T00:00:00.000Z,16-19,0,1
2020-05-21T00:00:00.000Z,0-4,0,1
2020-05-21T00:00:00.000Z,5-11,0.08,2
2020-05-21T00:00:00.000Z,12-15,0.16,1
2020-05-21T00:00:00.000Z,16-19,0,0
2020-05-22T00:00:00.000Z,0-4,0.11,1
2020-05-22T00:00:00.000Z,5-11,0.16,2
2020-05-22T00:00:00.000Z,12-15,0.16,1
2020-05-22T00:00:00.000Z,16-19,0.17,0
2020-05-23T00:00:00.000Z,0-4,0.22,1
2020-05-23T00:00:00.000Z,5-11,0,2
2020-05-23T00:00:00.000Z,12-15,0,1
2020-05-23T00:00:00.000Z,16-19,0,0
2020-05-24T00:00:00.000Z,0-4,0.11,1
2020-05-24T00:00:00.000Z,5-11,0,1
2020-05-24T00:00:00.000Z,12-15,0,1
2020-05-24T00:00:00.000Z,16-19,0.34,0
2020-05-25T00:00:00.000Z,0-4,0.11,1
2020-05-25T00:00:00.000Z,5-11,0.24,1
2020-05-25T00:00:00.000Z,12-15,0.16,0
2020-05-25T00:00:00.000Z,16-19,0.17,0
2020-05-26T00:00:00.000Z,0-4,0,1
2020-05-26T00:00:00.000Z,5-11,0.4,1
2020-05-26T00:00:00.000Z,12-15,0.31,0
2020-05-26T00:00:00.000Z,16-19,0.17,0
2020-05-27T00:00:00.000Z,0-4,0.33,1
2020-05-27T00:00:00.000Z,5-11,0.32,2
2020-05-27T00:00:00.000Z,12-15,0.63,1
2020-05-27T00:00:00.000Z,16-19,0.17,0
2020-05-28T00:00:00.000Z,0-4,0.55,1
2020-05-28T00:00:00.000Z,5-11,0.16,2
2020-05-28T00:00:00.000Z,12-15,2.04,3
2020-05-28T00:00:00.000Z,16-19,1.01,1
2020-05-29T00:00:00.000Z,0-4,0.11,1
2020-05-29T00:00:00.000Z,5-11,0,2
2020-05-29T00:00:00.000Z,12-15,11.47,13
2020-05-29T00:00:00.000Z,16-19,2.53,3
2020-05-30T00:00:00.000Z,0-4,0,1
2020-05-30T00:00:00.000Z,5-11,0.08,2
2020-05-30T00:00:00.000Z,12-15,1.57,14
2020-05-30T00:00:00.000Z,16-19,0.51,4
2020-05-31T00:00:00.000Z,0-4,0,1
2020-05-31T00:00:00.000Z,5-11,0.65,3
2020-05-31T00:00:00.000Z,12-15,4.56,18
2020-05-31T00:00:00.000Z,16-19,0.84,4
2020-06-01T00:00:00.000Z,0-4,0.66,2
2020-06-01T00:00:00.000Z,5-11,0.81,4
2020-06-01T00:00:00.000Z,12-15,1.1,19
2020-06-01T00:00:00.000Z,16-19,2.19,6
2020-06-02T00:00:00.000Z,0-4,0.87,3
2020-06-02T00:00:00.000Z,5-11,0.65,4
2020-06-02T00:00:00.000Z,12-15,1.73,21
2020-06-02T00:00:00.000Z,16-19,1.01,7
2020-06-03T00:00:00.000Z,0-4,0.33,3
2020-06-03T00:00:00.000Z,5-11,0.89,5
2020-06-03T00:00:00.000Z,12-15,1.41,21
2020-06-03T00:00:00.000Z,16-19,1.01,7
2020-06-04T00:00:00.000Z,0-4,0.87,3
2020-06-04T00:00:00.000Z,5-11,0.97,7
2020-06-04T00:00:00.000Z,12-15,2.51,22
2020-06-04T00:00:00.000Z,16-19,0.84,7
2020-06-05T00:00:00.000Z,0-4,0.98,4
2020-06-05T00:00:00.000Z,5-11,1.05,9
2020-06-05T00:00:00.000Z,12-15,2.51,14
2020-06-05T00:00:00.000Z,16-19,1.18,6
2020-06-06T00:00:00.000Z,0-4,0.33,5
2020-06-06T00:00:00.000Z,5-11,0.81,10
2020-06-06T00:00:00.000Z,12-15,1.26,13
2020-06-06T00:00:00.000Z,16-19,0.34,6
2020-06-07T00:00:00.000Z,0-4,0.66,6
2020-06-07T00:00:00.000Z,5-11,0.97,10
2020-06-07T00:00:00.000Z,12-15,1.1,10
2020-06-07T00:00:00.000Z,16-19,1.35,6
2020-06-08T00:00:00.000Z,0-4,1.2,6
2020-06-08T00:00:00.000Z,5-11,1.78,12
2020-06-08T00:00:00.000Z,12-15,2.51,11
2020-06-08T00:00:00.000Z,16-19,1.01,5
2020-06-09T00:00:00.000Z,0-4,1.64,7
2020-06-09T00:00:00.000Z,5-11,2.1,15
2020-06-09T00:00:00.000Z,12-15,2.36,12
2020-06-09T00:00:00.000Z,16-19,1.18,5
2020-06-10T00:00:00.000Z,0-4,0.77,8
2020-06-10T00:00:00.000Z,5-11,2.18,17
2020-06-10T00:00:00.000Z,12-15,2.67,13
2020-06-10T00:00:00.000Z,16-19,3.71,8
2020-06-11T00:00:00.000Z,0-4,1.64,9
2020-06-11T00:00:00.000Z,5-11,2.42,20
2020-06-11T00:00:00.000Z,12-15,3.46,14
2020-06-11T00:00:00.000Z,16-19,1.69,8
2020-06-12T00:00:00.000Z,0-4,0.87,9
2020-06-12T00:00:00.000Z,5-11,1.53,20
2020-06-12T00:00:00.000Z,12-15,2.36,14
2020-06-12T00:00:00.000Z,16-19,2.03,9
2020-06-13T00:00:00.000Z,0-4,0.98,10
2020-06-13T00:00:00.000Z,5-11,2.26,23
2020-06-13T00:00:00.000Z,12-15,2.04,15
2020-06-13T00:00:00.000Z,16-19,2.03,11
2020-06-14T00:00:00.000Z,0-4,0.44,9
2020-06-14T00:00:00.000Z,5-11,1.13,23
2020-06-14T00:00:00.000Z,12-15,0.63,14
2020-06-14T00:00:00.000Z,16-19,0.51,10
2020-06-15T00:00:00.000Z,0-4,1.2,9
2020-06-15T00:00:00.000Z,5-11,1.53,23
2020-06-15T00:00:00.000Z,12-15,2.36,14
2020-06-15T00:00:00.000Z,16-19,2.53,11
2020-06-16T00:00:00.000Z,0-4,2.19,10
2020-06-16T00:00:00.000Z,5-11,2.1,23
2020-06-16T00:00:00.000Z,12-15,3.93,15
2020-06-16T00:00:00.000Z,16-19,3.88,13
2020-06-17T00:00:00.000Z,0-4,0.44,10
2020-06-17T00:00:00.000Z,5-11,1.37,21
2020-06-17T00:00:00.000Z,12-15,3.61,16
2020-06-17T00:00:00.000Z,16-19,3.71,13
2020-06-18T00:00:00.000Z,0-4,1.53,10
2020-06-18T00:00:00.000Z,5-11,1.21,19
2020-06-18T00:00:00.000Z,12-15,4.24,17
2020-06-18T00:00:00.000Z,16-19,4.56,16
2020-06-19T00:00:00.000Z,0-4,0.98,10
2020-06-19T00:00:00.000Z,5-11,2.02,20
2020-06-19T00:00:00.000Z,12-15,2.83,17
2020-06-19T00:00:00.000Z,16-19,4.22,18
2020-06-20T00:00:00.000Z,0-4,0.22,9
2020-06-20T00:00:00.000Z,5-11,0.56,17
2020-06-20T00:00:00.000Z,12-15,2.04,17
2020-06-20T00:00:00.000Z,16-19,2.87,18
2020-06-21T00:00:00.000Z,0-4,0.77,9
2020-06-21T00:00:00.000Z,5-11,1.37,18
2020-06-21T00:00:00.000Z,12-15,1.57,18
2020-06-21T00:00:00.000Z,16-19,2.19,20
2020-06-22T00:00:00.000Z,0-4,1.2,9
2020-06-22T00:00:00.000Z,5-11,2.42,19
2020-06-22T00:00:00.000Z,12-15,5.03,21
2020-06-22T00:00:00.000Z,16-19,5.74,23
2020-06-23T00:00:00.000Z,0-4,1.75,9
2020-06-23T00:00:00.000Z,5-11,2.74,20
2020-06-23T00:00:00.000Z,12-15,8.33,25
2020-06-23T00:00:00.000Z,16-19,7.93,26
2020-06-24T00:00:00.000Z,0-4,1.53,10
2020-06-24T00:00:00.000Z,5-11,2.91,23
2020-06-24T00:00:00.000Z,12-15,7.86,29
2020-06-24T00:00:00.000Z,16-19,7.59,29
2020-06-25T00:00:00.000Z,0-4,1.75,10
2020-06-25T00:00:00.000Z,5-11,2.74,26
2020-06-25T00:00:00.000Z,12-15,5.5,30
2020-06-25T00:00:00.000Z,16-19,6.92,31
2020-06-26T00:00:00.000Z,0-4,2.08,12
2020-06-26T00:00:00.000Z,5-11,2.66,27
2020-06-26T00:00:00.000Z,12-15,9.11,35
2020-06-26T00:00:00.000Z,16-19,8.27,35
2020-06-27T00:00:00.000Z,0-4,2.19,14
2020-06-27T00:00:00.000Z,5-11,1.86,29
2020-06-27T00:00:00.000Z,12-15,5.97,39
2020-06-27T00:00:00.000Z,16-19,5.4,37
2020-06-28T00:00:00.000Z,0-4,0.98,15
2020-06-28T00:00:00.000Z,5-11,2.34,31
2020-06-28T00:00:00.000Z,12-15,3.14,40
2020-06-28T00:00:00.000Z,16-19,4.22,39
2020-06-29T00:00:00.000Z,0-4,2.73,17
2020-06-29T00:00:00.000Z,5-11,5.65,37
2020-06-29T00:00:00.000Z,12-15,9.58,45
2020-06-29T00:00:00.000Z,16-19,12.83,45
2020-06-30T00:00:00.000Z,0-4,2.73,18
2020-06-30T00:00:00.000Z,5-11,5.41,41
2020-06-30T00:00:00.000Z,12-15,8.17,44
2020-06-30T00:00:00.000Z,16-19,14.68,50
2020-07-01T00:00:00.000Z,0-4,2.84,20
2020-07-01T00:00:00.000Z,5-11,4.84,45
2020-07-01T00:00:00.000Z,12-15,8.8,45
2020-07-01T00:00:00.000Z,16-19,19.58,60
2020-07-02T00:00:00.000Z,0-4,4.26,23
2020-07-02T00:00:00.000Z,5-11,6.38,51
2020-07-02T00:00:00.000Z,12-15,11.63,51
2020-07-02T00:00:00.000Z,16-19,24.47,75
2020-07-03T00:00:00.000Z,0-4,3.94,25
2020-07-03T00:00:00.000Z,5-11,5.57,56
2020-07-03T00:00:00.000Z,12-15,8.96,51
2020-07-03T00:00:00.000Z,16-19,18.73,84
2020-07-04T00:00:00.000Z,0-4,3.17,27
2020-07-04T00:00:00.000Z,5-11,5.49,63
2020-07-04T00:00:00.000Z,12-15,9.11,54
2020-07-04T00:00:00.000Z,16-19,11.98,90
2020-07-05T00:00:00.000Z,0-4,2.73,29
2020-07-05T00:00:00.000Z,5-11,6.21,70
2020-07-05T00:00:00.000Z,12-15,8.64,59
2020-07-05T00:00:00.000Z,16-19,12.66,97
2020-07-06T00:00:00.000Z,0-4,4.92,32
2020-07-06T00:00:00.000Z,5-11,8.15,74
2020-07-06T00:00:00.000Z,12-15,11.15,60
2020-07-06T00:00:00.000Z,16-19,18.23,101
2020-07-07T00:00:00.000Z,0-4,5.03,35
2020-07-07T00:00:00.000Z,5-11,9.52,81
2020-07-07T00:00:00.000Z,12-15,16.03,67
2020-07-07T00:00:00.000Z,16-19,27.51,112
2020-07-08T00:00:00.000Z,0-4,3.72,36
2020-07-08T00:00:00.000Z,5-11,10.25,91
2020-07-08T00:00:00.000Z,12-15,15.08,73
2020-07-08T00:00:00.000Z,16-19,19.58,112
2020-07-09T00:00:00.000Z,0-4,7,39
2020-07-09T00:00:00.000Z,5-11,11.62,100
2020-07-09T00:00:00.000Z,12-15,15.08,76
2020-07-09T00:00:00.000Z,16-19,20.25,109
2020-07-10T00:00:00.000Z,0-4,5.79,42
2020-07-10T00:00:00.000Z,5-11,11.86,111
2020-07-10T00:00:00.000Z,12-15,16.03,82
2020-07-10T00:00:00.000Z,16-19,22.61,112
2020-07-11T00:00:00.000Z,0-4,5.14,44
2020-07-11T00:00:00.000Z,5-11,9.52,118
2020-07-11T00:00:00.000Z,12-15,15.24,88
2020-07-11T00:00:00.000Z,16-19,20.42,119
2020-07-12T00:00:00.000Z,0-4,3.83,46
2020-07-12T00:00:00.000Z,5-11,8.56,123
2020-07-12T00:00:00.000Z,12-15,12.25,91
2020-07-12T00:00:00.000Z,16-19,18.23,124
2020-07-13T00:00:00.000Z,0-4,6.01,47
2020-07-13T00:00:00.000Z,5-11,13.16,131
2020-07-13T00:00:00.000Z,12-15,15.24,95
2020-07-13T00:00:00.000Z,16-19,30.55,134
2020-07-14T00:00:00.000Z,0-4,6.01,49
2020-07-14T00:00:00.000Z,5-11,11.7,135
2020-07-14T00:00:00.000Z,12-15,16.97,96
2020-07-14T00:00:00.000Z,16-19,28.35,135
2020-07-15T00:00:00.000Z,0-4,8.09,54
2020-07-15T00:00:00.000Z,5-11,13.88,142
2020-07-15T00:00:00.000Z,12-15,22.31,102
2020-07-15T00:00:00.000Z,16-19,33.42,147
2020-07-16T00:00:00.000Z,0-4,10.39,59
2020-07-16T00:00:00.000Z,5-11,12.99,144
2020-07-16T00:00:00.000Z,12-15,22.47,109
2020-07-16T00:00:00.000Z,16-19,31.73,156
2020-07-17T00:00:00.000Z,0-4,9.84,64
2020-07-17T00:00:00.000Z,5-11,13.48,147
2020-07-17T00:00:00.000Z,12-15,16.65,110
2020-07-17T00:00:00.000Z,16-19,26.33,160
2020-07-18T00:00:00.000Z,0-4,8.85,69
2020-07-18T00:00:00.000Z,5-11,12.11,152
2020-07-18T00:00:00.000Z,12-15,15.71,110
2020-07-18T00:00:00.000Z,16-19,22.61,161
2020-07-19T00:00:00.000Z,0-4,5.36,71
2020-07-19T00:00:00.000Z,5-11,6.05,147
2020-07-19T00:00:00.000Z,12-15,9.11,107
2020-07-19T00:00:00.000Z,16-19,14.18,158
2020-07-20T00:00:00.000Z,0-4,9.18,75
2020-07-20T00:00:00.000Z,5-11,12.59,146
2020-07-20T00:00:00.000Z,12-15,20.11,112
2020-07-20T00:00:00.000Z,16-19,34.26,161
2020-07-21T00:00:00.000Z,0-4,11.7,82
2020-07-21T00:00:00.000Z,5-11,16.55,155
2020-07-21T00:00:00.000Z,12-15,21.68,116
2020-07-21T00:00:00.000Z,16-19,36.45,168
2020-07-22T00:00:00.000Z,0-4,13.23,89
2020-07-22T00:00:00.000Z,5-11,16.95,160
2020-07-22T00:00:00.000Z,12-15,22.15,116
2020-07-22T00:00:00.000Z,16-19,36.62,171
2020-07-23T00:00:00.000Z,0-4,11.15,90
2020-07-23T00:00:00.000Z,5-11,16.63,167
2020-07-23T00:00:00.000Z,12-15,21.52,115
2020-07-23T00:00:00.000Z,16-19,35.78,174
2020-07-24T00:00:00.000Z,0-4,14.43,96
2020-07-24T00:00:00.000Z,5-11,15.42,170
2020-07-24T00:00:00.000Z,12-15,18.7,117
2020-07-24T00:00:00.000Z,16-19,33.92,181
2020-07-25T00:00:00.000Z,0-4,6.67,93
2020-07-25T00:00:00.000Z,5-11,8.56,164
2020-07-25T00:00:00.000Z,12-15,11.78,113
2020-07-25T00:00:00.000Z,16-19,16.03,175
2020-07-26T00:00:00.000Z,0-4,7.11,96
2020-07-26T00:00:00.000Z,5-11,7.91,167
2020-07-26T00:00:00.000Z,12-15,10.37,114
2020-07-26T00:00:00.000Z,16-19,16.37,177
2020-07-27T00:00:00.000Z,0-4,12.03,99
2020-07-27T00:00:00.000Z,5-11,14.12,170
2020-07-27T00:00:00.000Z,12-15,20.58,115
2020-07-27T00:00:00.000Z,16-19,31.73,175
2020-07-28T00:00:00.000Z,0-4,11.59,99
2020-07-28T00:00:00.000Z,5-11,17.84,172
2020-07-28T00:00:00.000Z,12-15,22.94,116
2020-07-28T00:00:00.000Z,16-19,40.5,178
2020-07-29T00:00:00.000Z,0-4,13.56,100
2020-07-29T00:00:00.000Z,5-11,19.29,176
2020-07-29T00:00:00.000Z,12-15,21.37,115
2020-07-29T00:00:00.000Z,16-19,36.12,178
2020-07-30T00:00:00.000Z,0-4,13.88,103
2020-07-30T00:00:00.000Z,5-11,15.34,174
2020-07-30T00:00:00.000Z,12-15,18.54,113
2020-07-30T00:00:00.000Z,16-19,29.53,172
2020-07-31T00:00:00.000Z,0-4,9.18,96
2020-07-31T00:00:00.000Z,5-11,11.46,167
2020-07-31T00:00:00.000Z,12-15,12.73,107
2020-07-31T00:00:00.000Z,16-19,26.5,166
2020-08-01T00:00:00.000Z,0-4,4.04,93
2020-08-01T00:00:00.000Z,5-11,6.13,163
2020-08-01T00:00:00.000Z,12-15,6.6,102
2020-08-01T00:00:00.000Z,16-19,8.94,160
2020-08-02T00:00:00.000Z,0-4,3.17,88
2020-08-02T00:00:00.000Z,5-11,5.08,158
2020-08-02T00:00:00.000Z,12-15,5.18,98
2020-08-02T00:00:00.000Z,16-19,12.15,157
2020-08-03T00:00:00.000Z,0-4,12.13,88
2020-08-03T00:00:00.000Z,5-11,16.95,163
2020-08-03T00:00:00.000Z,12-15,21.05,98
2020-08-03T00:00:00.000Z,16-19,36.28,160
2020-08-04T00:00:00.000Z,0-4,8.53,84
2020-08-04T00:00:00.000Z,5-11,14.12,156
2020-08-04T00:00:00.000Z,12-15,19.64,95
2020-08-04T00:00:00.000Z,16-19,29.37,151
2020-08-05T00:00:00.000Z,0-4,9.62,79
2020-08-05T00:00:00.000Z,5-11,13.8,146
2020-08-05T00:00:00.000Z,12-15,19.01,93
2020-08-05T00:00:00.000Z,16-19,22.95,140
2020-08-06T00:00:00.000Z,0-4,12.35,77
2020-08-06T00:00:00.000Z,5-11,16.22,148
2020-08-06T00:00:00.000Z,12-15,17.28,92
2020-08-06T00:00:00.000Z,16-19,25.31,136
2020-08-07T00:00:00.000Z,0-4,11.37,80
2020-08-07T00:00:00.000Z,5-11,15.25,155
2020-08-07T00:00:00.000Z,12-15,21.05,99
2020-08-07T00:00:00.000Z,16-19,28.18,138
2020-08-08T00:00:00.000Z,0-4,3.94,79
2020-08-08T00:00:00.000Z,5-11,6.54,155
2020-08-08T00:00:00.000Z,12-15,7.23,100
2020-08-08T00:00:00.000Z,16-19,8.78,138
2020-08-09T00:00:00.000Z,0-4,4.92,82
2020-08-09T00:00:00.000Z,5-11,6.86,158
2020-08-09T00:00:00.000Z,12-15,11.78,106
2020-08-09T00:00:00.000Z,16-19,15.19,140
2020-08-10T00:00:00.000Z,0-4,11.59,81
2020-08-10T00:00:00.000Z,5-11,16.63,158
2020-08-10T00:00:00.000Z,12-15,18.7,104
2020-08-10T00:00:00.000Z,16-19,27,132
2020-08-11T00:00:00.000Z,0-4,9.62,82
2020-08-11T00:00:00.000Z,5-11,14.61,159
2020-08-11T00:00:00.000Z,12-15,18.23,103
2020-08-11T00:00:00.000Z,16-19,25.48,129
2020-08-12T00:00:00.000Z,0-4,9.29,82
2020-08-12T00:00:00.000Z,5-11,12.67,157
2020-08-12T00:00:00.000Z,12-15,16.34,100
2020-08-12T00:00:00.000Z,16-19,21.26,128
2020-08-13T00:00:00.000Z,0-4,10.82,80
2020-08-13T00:00:00.000Z,5-11,14.77,154
2020-08-13T00:00:00.000Z,12-15,17.91,101
2020-08-13T00:00:00.000Z,16-19,23.63,126
2020-08-14T00:00:00.000Z,0-4,9.73,78
2020-08-14T00:00:00.000Z,5-11,11.78,148
2020-08-14T00:00:00.000Z,12-15,15.08,95
2020-08-14T00:00:00.000Z,16-19,18.73,118
2020-08-15T00:00:00.000Z,0-4,4.15,78
2020-08-15T00:00:00.000Z,5-11,5.25,146
2020-08-15T00:00:00.000Z,12-15,8.64,97
2020-08-15T00:00:00.000Z,16-19,9.28,119
2020-08-16T00:00:00.000Z,0-4,5.47,79
2020-08-16T00:00:00.000Z,5-11,6.94,146
2020-08-16T00:00:00.000Z,12-15,12.1,97
2020-08-16T00:00:00.000Z,16-19,13.67,117
2020-08-17T00:00:00.000Z,0-4,10.39,77
2020-08-17T00:00:00.000Z,5-11,12.83,139
2020-08-17T00:00:00.000Z,12-15,14.61,93
2020-08-17T00:00:00.000Z,16-19,23.46,114
2020-08-18T00:00:00.000Z,0-4,8.85,76
2020-08-18T00:00:00.000Z,5-11,12.35,135
2020-08-18T00:00:00.000Z,12-15,18.7,94
2020-08-18T00:00:00.000Z,16-19,26.83,115
2020-08-19T00:00:00.000Z,0-4,10.17,77
2020-08-19T00:00:00.000Z,5-11,12.67,135
2020-08-19T00:00:00.000Z,12-15,18.7,96
2020-08-19T00:00:00.000Z,16-19,28.01,121
2020-08-20T00:00:00.000Z,0-4,9.07,75
2020-08-20T00:00:00.000Z,5-11,10.25,127
2020-08-20T00:00:00.000Z,12-15,17.28,95
2020-08-20T00:00:00.000Z,16-19,22.11,120
2020-08-21T00:00:00.000Z,0-4,7.65,72
2020-08-21T00:00:00.000Z,5-11,10.33,125
2020-08-21T00:00:00.000Z,12-15,16.97,97
2020-08-21T00:00:00.000Z,16-19,24.81,125
2020-08-22T00:00:00.000Z,0-4,6.12,75
2020-08-22T00:00:00.000Z,5-11,5.49,125
2020-08-22T00:00:00.000Z,12-15,7.7,96
2020-08-22T00:00:00.000Z,16-19,8.44,124
2020-08-23T00:00:00.000Z,0-4,3.5,72
2020-08-23T00:00:00.000Z,5-11,4.92,121
2020-08-23T00:00:00.000Z,12-15,8.01,92
2020-08-23T00:00:00.000Z,16-19,14.18,125
2020-08-24T00:00:00.000Z,0-4,10.17,72
2020-08-24T00:00:00.000Z,5-11,12.59,121
2020-08-24T00:00:00.000Z,12-15,15.71,93
2020-08-24T00:00:00.000Z,16-19,28.01,129
2020-08-25T00:00:00.000Z,0-4,12.13,76
2020-08-25T00:00:00.000Z,5-11,16.06,128
2020-08-25T00:00:00.000Z,12-15,18.54,93
2020-08-25T00:00:00.000Z,16-19,28.69,130
2020-08-26T00:00:00.000Z,0-4,9.51,76
2020-08-26T00:00:00.000Z,5-11,13.8,130
2020-08-26T00:00:00.000Z,12-15,21.37,96
2020-08-26T00:00:00.000Z,16-19,29.37,131
2020-08-27T00:00:00.000Z,0-4,12.57,80
2020-08-27T00:00:00.000Z,5-11,17.84,143
2020-08-27T00:00:00.000Z,12-15,24.2,102
2020-08-27T00:00:00.000Z,16-19,36.45,143
2020-08-28T00:00:00.000Z,0-4,11.59,85
2020-08-28T00:00:00.000Z,5-11,13.24,148
2020-08-28T00:00:00.000Z,12-15,22.78,107
2020-08-28T00:00:00.000Z,16-19,25.15,144
2020-08-29T00:00:00.000Z,0-4,5.47,84
2020-08-29T00:00:00.000Z,5-11,7.34,151
2020-08-29T00:00:00.000Z,12-15,9.11,108
2020-08-29T00:00:00.000Z,16-19,13.16,148
2020-08-30T00:00:00.000Z,0-4,5.68,87
2020-08-30T00:00:00.000Z,5-11,5,152
2020-08-30T00:00:00.000Z,12-15,11.15,111
2020-08-30T00:00:00.000Z,16-19,17.05,150
2020-08-31T00:00:00.000Z,0-4,13.34,91
2020-08-31T00:00:00.000Z,5-11,12.83,152
2020-08-31T00:00:00.000Z,12-15,20.74,116
2020-08-31T00:00:00.000Z,16-19,38.98,159
2020-09-01T00:00:00.000Z,0-4,10.71,90
2020-09-01T00:00:00.000Z,5-11,13.48,147
2020-09-01T00:00:00.000Z,12-15,21.68,119
2020-09-01T00:00:00.000Z,16-19,73.58,197
2020-09-02T00:00:00.000Z,0-4,11.92,93
2020-09-02T00:00:00.000Z,5-11,18.81,156
2020-09-02T00:00:00.000Z,12-15,35.35,131
2020-09-02T00:00:00.000Z,16-19,119.65,274
2020-09-03T00:00:00.000Z,0-4,14.43,95
2020-09-03T00:00:00.000Z,5-11,17.11,155
2020-09-03T00:00:00.000Z,12-15,38.96,145
2020-09-03T00:00:00.000Z,16-19,72.57,304
2020-09-04T00:00:00.000Z,0-4,11.81,95
2020-09-04T00:00:00.000Z,5-11,16.47,161
2020-09-04T00:00:00.000Z,12-15,33.31,154
2020-09-04T00:00:00.000Z,16-19,81.85,352
2020-09-05T00:00:00.000Z,0-4,8.2,99
2020-09-05T00:00:00.000Z,5-11,9.44,164
2020-09-05T00:00:00.000Z,12-15,16.81,161
2020-09-05T00:00:00.000Z,16-19,33.08,369
2020-09-06T00:00:00.000Z,0-4,9.73,104
2020-09-06T00:00:00.000Z,5-11,12.99,179
2020-09-06T00:00:00.000Z,12-15,21.05,170
2020-09-06T00:00:00.000Z,16-19,69.7,414
2020-09-07T00:00:00.000Z,0-4,16.84,109
2020-09-07T00:00:00.000Z,5-11,23.81,198
2020-09-07T00:00:00.000Z,12-15,40.22,188
2020-09-07T00:00:00.000Z,16-19,88.26,456
2020-09-08T00:00:00.000Z,0-4,16.84,117
2020-09-08T00:00:00.000Z,5-11,22.92,215
2020-09-08T00:00:00.000Z,12-15,44.46,209
2020-09-08T00:00:00.000Z,16-19,96.53,475
2020-09-09T00:00:00.000Z,0-4,16.73,123
2020-09-09T00:00:00.000Z,5-11,26.23,228
2020-09-09T00:00:00.000Z,12-15,59.07,230
2020-09-09T00:00:00.000Z,16-19,126.07,480
2020-09-10T00:00:00.000Z,0-4,27.44,140
2020-09-10T00:00:00.000Z,5-11,31.48,253
2020-09-10T00:00:00.000Z,12-15,51.53,242
2020-09-10T00:00:00.000Z,16-19,99.74,503
2020-09-11T00:00:00.000Z,0-4,25.36,158
2020-09-11T00:00:00.000Z,5-11,32.53,282
2020-09-11T00:00:00.000Z,12-15,56.87,263
2020-09-11T00:00:00.000Z,16-19,77.63,500
2020-09-12T00:00:00.000Z,0-4,17.38,170
2020-09-12T00:00:00.000Z,5-11,21.95,304
2020-09-12T00:00:00.000Z,12-15,33.46,278
2020-09-12T00:00:00.000Z,16-19,75.78,536
2020-09-13T00:00:00.000Z,0-4,18.91,182
2020-09-13T00:00:00.000Z,5-11,26.23,327
2020-09-13T00:00:00.000Z,12-15,39.59,295
2020-09-13T00:00:00.000Z,16-19,65.48,532
2020-09-14T00:00:00.000Z,0-4,27.11,195
2020-09-14T00:00:00.000Z,5-11,35.51,348
2020-09-14T00:00:00.000Z,12-15,55.15,309
2020-09-14T00:00:00.000Z,16-19,116.28,556
2020-09-15T00:00:00.000Z,0-4,31.92,215
2020-09-15T00:00:00.000Z,5-11,42.78,383
2020-09-15T00:00:00.000Z,12-15,68.19,330
2020-09-15T00:00:00.000Z,16-19,135.52,589
2020-09-16T00:00:00.000Z,0-4,27,228
2020-09-16T00:00:00.000Z,5-11,40.03,408
2020-09-16T00:00:00.000Z,12-15,60.8,332
2020-09-16T00:00:00.000Z,16-19,89.95,559
2020-09-17T00:00:00.000Z,0-4,31.7,234
2020-09-17T00:00:00.000Z,5-11,43.99,430
2020-09-17T00:00:00.000Z,12-15,73.37,352
2020-09-17T00:00:00.000Z,16-19,102.44,561
2020-09-18T00:00:00.000Z,0-4,29.08,239
2020-09-18T00:00:00.000Z,5-11,43.67,449
2020-09-18T00:00:00.000Z,12-15,71.01,365
2020-09-18T00:00:00.000Z,16-19,128.94,604
2020-09-19T00:00:00.000Z,0-4,24.93,249
2020-09-19T00:00:00.000Z,5-11,30.75,465
2020-09-19T00:00:00.000Z,12-15,46.82,377
2020-09-19T00:00:00.000Z,16-19,71.56,601
2020-09-20T00:00:00.000Z,0-4,11.48,239
2020-09-20T00:00:00.000Z,5-11,18,450
2020-09-20T00:00:00.000Z,12-15,27.02,365
2020-09-20T00:00:00.000Z,16-19,33.25,573
2020-09-21T00:00:00.000Z,0-4,16.94,226
2020-09-21T00:00:00.000Z,5-11,29.62,440
2020-09-21T00:00:00.000Z,12-15,37.71,350
2020-09-21T00:00:00.000Z,16-19,61.94,527
2020-09-22T00:00:00.000Z,0-4,29.63,223
2020-09-22T00:00:00.000Z,5-11,51.82,456
2020-09-22T00:00:00.000Z,12-15,93.48,373
2020-09-22T00:00:00.000Z,16-19,143.96,535
2020-09-23T00:00:00.000Z,0-4,32.58,230
2020-09-23T00:00:00.000Z,5-11,50.61,475
2020-09-23T00:00:00.000Z,12-15,96.47,405
2020-09-23T00:00:00.000Z,16-19,129.11,568
2020-09-24T00:00:00.000Z,0-4,34.87,234
2020-09-24T00:00:00.000Z,5-11,56.66,497
2020-09-24T00:00:00.000Z,12-15,103.54,432
2020-09-24T00:00:00.000Z,16-19,187.67,640
2020-09-25T00:00:00.000Z,0-4,36.29,244
2020-09-25T00:00:00.000Z,5-11,52.38,513
2020-09-25T00:00:00.000Z,12-15,105.89,464
2020-09-25T00:00:00.000Z,16-19,216.02,714
2020-09-26T00:00:00.000Z,0-4,29.19,249
2020-09-26T00:00:00.000Z,5-11,44.96,538
2020-09-26T00:00:00.000Z,12-15,81.23,495
2020-09-26T00:00:00.000Z,16-19,109.19,745
2020-09-27T00:00:00.000Z,0-4,17.93,258
2020-09-27T00:00:00.000Z,5-11,22.44,546
2020-09-27T00:00:00.000Z,12-15,37.71,505
2020-09-27T00:00:00.000Z,16-19,53.33,762
2020-09-28T00:00:00.000Z,0-4,6.12,243
2020-09-28T00:00:00.000Z,5-11,9.36,510
2020-09-28T00:00:00.000Z,12-15,13.35,483
2020-09-28T00:00:00.000Z,16-19,12.99,721
2020-09-29T00:00:00.000Z,0-4,21.32,233
2020-09-29T00:00:00.000Z,5-11,36.56,483
2020-09-29T00:00:00.000Z,12-15,65.04,457
2020-09-29T00:00:00.000Z,16-19,92.65,678
2020-09-30T00:00:00.000Z,0-4,42.31,245
2020-09-30T00:00:00.000Z,5-11,72.72,522
2020-09-30T00:00:00.000Z,12-15,118.46,477
2020-09-30T00:00:00.000Z,16-19,200.16,738
2020-10-01T00:00:00.000Z,0-4,35.31,246
2020-10-01T00:00:00.000Z,5-11,59.08,526
2020-10-01T00:00:00.000Z,12-15,89.08,464
2020-10-01T00:00:00.000Z,16-19,148.34,704
2020-10-02T00:00:00.000Z,0-4,32.91,241
2020-10-02T00:00:00.000Z,5-11,60.86,541
2020-10-02T00:00:00.000Z,12-15,88.45,448
2020-10-02T00:00:00.000Z,16-19,131.47,633
2020-10-03T00:00:00.000Z,0-4,14.98,223
2020-10-03T00:00:00.000Z,5-11,22.52,501
2020-10-03T00:00:00.000Z,12-15,26.08,398
2020-10-03T00:00:00.000Z,16-19,35.78,571
2020-10-04T00:00:00.000Z,0-4,16.94,222
2020-10-04T00:00:00.000Z,5-11,20.42,498
2020-10-04T00:00:00.000Z,12-15,35.66,396
2020-10-04T00:00:00.000Z,16-19,41.85,561
2020-10-05T00:00:00.000Z,0-4,32.8,256
2020-10-05T00:00:00.000Z,5-11,45.68,562
2020-10-05T00:00:00.000Z,12-15,73.06,450
2020-10-05T00:00:00.000Z,16-19,109.53,643
2020-10-06T00:00:00.000Z,0-4,31.81,270
2020-10-06T00:00:00.000Z,5-11,41.24,570
2020-10-06T00:00:00.000Z,12-15,52.63,439
2020-10-06T00:00:00.000Z,16-19,85.06,636
2020-10-07T00:00:00.000Z,0-4,27.55,251
2020-10-07T00:00:00.000Z,5-11,36.81,507
2020-10-07T00:00:00.000Z,12-15,51.06,378
2020-10-07T00:00:00.000Z,16-19,63.62,521
2020-10-08T00:00:00.000Z,0-4,24.93,237
2020-10-08T00:00:00.000Z,5-11,32.53,460
2020-10-08T00:00:00.000Z,12-15,44.31,337
2020-10-08T00:00:00.000Z,16-19,58.06,444
2020-10-09T00:00:00.000Z,0-4,20.22,221
2020-10-09T00:00:00.000Z,5-11,24.62,396
2020-10-09T00:00:00.000Z,12-15,38.49,292
2020-10-09T00:00:00.000Z,16-19,61.26,385
2020-10-10T00:00:00.000Z,0-4,7.76,211
2020-10-10T00:00:00.000Z,5-11,7.59,369
2020-10-10T00:00:00.000Z,12-15,10.06,277
2020-10-10T00:00:00.000Z,16-19,11.14,364
2020-10-11T00:00:00.000Z,0-4,9.73,202
2020-10-11T00:00:00.000Z,5-11,13.4,357
2020-10-11T00:00:00.000Z,12-15,18.38,261
2020-10-11T00:00:00.000Z,16-19,24.98,350
2020-10-12T00:00:00.000Z,0-4,25.69,193
2020-10-12T00:00:00.000Z,5-11,26.8,323
2020-10-12T00:00:00.000Z,12-15,36.29,228
2020-10-12T00:00:00.000Z,16-19,67.84,314
2020-10-13T00:00:00.000Z,0-4,15.41,171
2020-10-13T00:00:00.000Z,5-11,18.73,284
2020-10-13T00:00:00.000Z,12-15,25.3,203
2020-10-13T00:00:00.000Z,16-19,39.49,276
2020-10-14T00:00:00.000Z,0-4,16.94,157
2020-10-14T00:00:00.000Z,5-11,18.08,250
2020-10-14T00:00:00.000Z,12-15,21.52,176
2020-10-14T00:00:00.000Z,16-19,34.09,251
2020-10-15T00:00:00.000Z,0-4,13.67,143
2020-10-15T00:00:00.000Z,5-11,14.53,219
2020-10-15T00:00:00.000Z,12-15,21.68,156
2020-10-15T00:00:00.000Z,16-19,24.13,222
2020-10-16T00:00:00.000Z,0-4,11.04,131
2020-10-16T00:00:00.000Z,5-11,11.54,195
2020-10-16T00:00:00.000Z,12-15,14.3,134
2020-10-16T00:00:00.000Z,16-19,24.81,191
2020-10-17T00:00:00.000Z,0-4,2.84,124
2020-10-17T00:00:00.000Z,5-11,2.1,186
2020-10-17T00:00:00.000Z,12-15,2.83,127
2020-10-17T00:00:00.000Z,16-19,3.21,185
2020-10-18T00:00:00.000Z,0-4,5.14,118
2020-10-18T00:00:00.000Z,5-11,5.89,172
2020-10-18T00:00:00.000Z,12-15,9.43,119
2020-10-18T00:00:00.000Z,16-19,14.68,176
2020-10-19T00:00:00.000Z,0-4,10.06,98
2020-10-19T00:00:00.000Z,5-11,9.6,142
2020-10-19T00:00:00.000Z,12-15,15.4,100
2020-10-19T00:00:00.000Z,16-19,29.7,144
2020-10-20T00:00:00.000Z,0-4,7.65,88
2020-10-20T00:00:00.000Z,5-11,8.8,124
2020-10-20T00:00:00.000Z,12-15,13.51,89
2020-10-20T00:00:00.000Z,16-19,30.21,136
2020-10-21T00:00:00.000Z,0-4,8.85,77
2020-10-21T00:00:00.000Z,5-11,8.88,108
2020-10-21T00:00:00.000Z,12-15,13.83,82
2020-10-21T00:00:00.000Z,16-19,23.96,127
2020-10-22T00:00:00.000Z,0-4,6.45,68
2020-10-22T00:00:00.000Z,5-11,8.07,97
2020-10-22T00:00:00.000Z,12-15,12.73,74
2020-10-22T00:00:00.000Z,16-19,17.05,121
2020-10-23T00:00:00.000Z,0-4,5.9,61
2020-10-23T00:00:00.000Z,5-11,6.05,87
2020-10-23T00:00:00.000Z,12-15,10.06,70
2020-10-23T00:00:00.000Z,16-19,15.53,113
2020-10-24T00:00:00.000Z,0-4,1.31,59
2020-10-24T00:00:00.000Z,5-11,1.37,86
2020-10-24T00:00:00.000Z,12-15,2.04,70
2020-10-24T00:00:00.000Z,16-19,1.86,112
2020-10-25T00:00:00.000Z,0-4,3.94,57
2020-10-25T00:00:00.000Z,5-11,3.15,81
2020-10-25T00:00:00.000Z,12-15,5.97,66
2020-10-25T00:00:00.000Z,16-19,6.92,106
2020-10-26T00:00:00.000Z,0-4,4.37,50
2020-10-26T00:00:00.000Z,5-11,6.3,75
2020-10-26T00:00:00.000Z,12-15,6.28,58
2020-10-26T00:00:00.000Z,16-19,15.7,94
2020-10-27T00:00:00.000Z,0-4,7.65,50
2020-10-27T00:00:00.000Z,5-11,6.7,71
2020-10-27T00:00:00.000Z,12-15,7.86,53
2020-10-27T00:00:00.000Z,16-19,16.37,82
2020-10-28T00:00:00.000Z,0-4,5.58,46
2020-10-28T00:00:00.000Z,5-11,5.17,65
2020-10-28T00:00:00.000Z,12-15,7.23,47
2020-10-28T00:00:00.000Z,16-19,12.83,73
2020-10-29T00:00:00.000Z,0-4,5.03,44
2020-10-29T00:00:00.000Z,5-11,5.33,60
2020-10-29T00:00:00.000Z,12-15,5.66,41
2020-10-29T00:00:00.000Z,16-19,7.59,65
2020-10-30T00:00:00.000Z,0-4,4.48,42
2020-10-30T00:00:00.000Z,5-11,4.2,57
2020-10-30T00:00:00.000Z,12-15,7.54,38
2020-10-30T00:00:00.000Z,16-19,9.62,60
2020-10-31T00:00:00.000Z,0-4,1.53,42
2020-10-31T00:00:00.000Z,5-11,0.81,56
2020-10-31T00:00:00.000Z,12-15,1.73,38
2020-10-31T00:00:00.000Z,16-19,1.52,59
2020-11-01T00:00:00.000Z,0-4,4.37,43
2020-11-01T00:00:00.000Z,5-11,3.87,57
2020-11-01T00:00:00.000Z,12-15,4.4,37
2020-11-01T00:00:00.000Z,16-19,8.94,61
2020-11-02T00:00:00.000Z,0-4,6.56,46
2020-11-02T00:00:00.000Z,5-11,5,55
2020-11-02T00:00:00.000Z,12-15,7.07,37
2020-11-02T00:00:00.000Z,16-19,9.79,56
2020-11-03T00:00:00.000Z,0-4,8.09,46
2020-11-03T00:00:00.000Z,5-11,5.33,52
2020-11-03T00:00:00.000Z,12-15,6.91,36
2020-11-03T00:00:00.000Z,16-19,11.31,52
2020-11-04T00:00:00.000Z,0-4,3.61,44
2020-11-04T00:00:00.000Z,5-11,4.76,51
2020-11-04T00:00:00.000Z,12-15,7.38,37
2020-11-04T00:00:00.000Z,16-19,11.98,51
2020-11-05T00:00:00.000Z,0-4,3.28,41
2020-11-05T00:00:00.000Z,5-11,3.47,48
2020-11-05T00:00:00.000Z,12-15,5.81,37
2020-11-05T00:00:00.000Z,16-19,7.76,51
2020-11-06T00:00:00.000Z,0-4,3.83,40
2020-11-06T00:00:00.000Z,5-11,4.44,49
2020-11-06T00:00:00.000Z,12-15,5.97,35
2020-11-06T00:00:00.000Z,16-19,6.41,48
2020-11-07T00:00:00.000Z,0-4,1.09,40
2020-11-07T00:00:00.000Z,5-11,1.78,50
2020-11-07T00:00:00.000Z,12-15,1.89,35
2020-11-07T00:00:00.000Z,16-19,2.19,49
2020-11-08T00:00:00.000Z,0-4,2.19,37
2020-11-08T00:00:00.000Z,5-11,3.23,49
2020-11-08T00:00:00.000Z,12-15,4.56,36
2020-11-08T00:00:00.000Z,16-19,8.94,49
2020-11-09T00:00:00.000Z,0-4,5.03,35
2020-11-09T00:00:00.000Z,5-11,4.6,48
2020-11-09T00:00:00.000Z,12-15,7.07,36
2020-11-09T00:00:00.000Z,16-19,8.61,48
2020-11-10T00:00:00.000Z,0-4,3.39,29
2020-11-10T00:00:00.000Z,5-11,4.44,47
2020-11-10T00:00:00.000Z,12-15,8.64,37
2020-11-10T00:00:00.000Z,16-19,9.11,46
2020-11-11T00:00:00.000Z,0-4,4.26,30
2020-11-11T00:00:00.000Z,5-11,5.49,48
2020-11-11T00:00:00.000Z,12-15,7.07,37
2020-11-11T00:00:00.000Z,16-19,10.29,45
2020-11-12T00:00:00.000Z,0-4,4.81,32
2020-11-12T00:00:00.000Z,5-11,7.91,56
2020-11-12T00:00:00.000Z,12-15,6.91,38
2020-11-12T00:00:00.000Z,16-19,8.94,46
2020-11-13T00:00:00.000Z,0-4,3.28,31
2020-11-13T00:00:00.000Z,5-11,7.43,61
2020-11-13T00:00:00.000Z,12-15,6.44,38
2020-11-13T00:00:00.000Z,16-19,10.13,49
2020-11-14T00:00:00.000Z,0-4,1.53,32
2020-11-14T00:00:00.000Z,5-11,2.02,62
2020-11-14T00:00:00.000Z,12-15,3.46,40
2020-11-14T00:00:00.000Z,16-19,3.54,50
2020-11-15T00:00:00.000Z,0-4,2.08,31
2020-11-15T00:00:00.000Z,5-11,5.25,65
2020-11-15T00:00:00.000Z,12-15,4.87,40
2020-11-15T00:00:00.000Z,16-19,6.75,48
2020-11-16T00:00:00.000Z,0-4,4.26,30
2020-11-16T00:00:00.000Z,5-11,5.97,68
2020-11-16T00:00:00.000Z,12-15,6.76,40
2020-11-16T00:00:00.000Z,16-19,13.16,52
2020-11-17T00:00:00.000Z,0-4,3.5,31
2020-11-17T00:00:00.000Z,5-11,4.84,68
2020-11-17T00:00:00.000Z,12-15,8.01,39
2020-11-17T00:00:00.000Z,16-19,12.83,55
2020-11-18T00:00:00.000Z,0-4,5.03,32
2020-11-18T00:00:00.000Z,5-11,4.12,66
2020-11-18T00:00:00.000Z,12-15,5.5,38
2020-11-18T00:00:00.000Z,16-19,12.66,57
2020-11-19T00:00:00.000Z,0-4,3.5,30
2020-11-19T00:00:00.000Z,5-11,7.02,64
2020-11-19T00:00:00.000Z,12-15,5.66,37
2020-11-19T00:00:00.000Z,16-19,13.5,61
2020-11-20T00:00:00.000Z,0-4,3.72,30
2020-11-20T00:00:00.000Z,5-11,6.94,64
2020-11-20T00:00:00.000Z,12-15,8.01,38
2020-11-20T00:00:00.000Z,16-19,8.94,60
2020-11-21T00:00:00.000Z,0-4,1.53,30
2020-11-21T00:00:00.000Z,5-11,4.2,67
2020-11-21T00:00:00.000Z,12-15,4.87,39
2020-11-21T00:00:00.000Z,16-19,4.73,61
2020-11-22T00:00:00.000Z,0-4,3.39,32
2020-11-22T00:00:00.000Z,5-11,5.57,68
2020-11-22T00:00:00.000Z,12-15,6.28,41
2020-11-22T00:00:00.000Z,16-19,11.81,65
2020-11-23T00:00:00.000Z,0-4,4.59,33
2020-11-23T00:00:00.000Z,5-11,8.39,72
2020-11-23T00:00:00.000Z,12-15,6.28,40
2020-11-23T00:00:00.000Z,16-19,16.54,68
2020-11-24T00:00:00.000Z,0-4,4.26,34
2020-11-24T00:00:00.000Z,5-11,6.13,75
2020-11-24T00:00:00.000Z,12-15,8.96,41
2020-11-24T00:00:00.000Z,16-19,9.45,65
2020-11-25T00:00:00.000Z,0-4,4.26,33
2020-11-25T00:00:00.000Z,5-11,8.23,82
2020-11-25T00:00:00.000Z,12-15,10.37,45
2020-11-25T00:00:00.000Z,16-19,15.7,68
2020-11-26T00:00:00.000Z,0-4,5.79,36
2020-11-26T00:00:00.000Z,5-11,8.96,85
2020-11-26T00:00:00.000Z,12-15,10.21,50
2020-11-26T00:00:00.000Z,16-19,13.67,68
2020-11-27T00:00:00.000Z,0-4,4.04,36
2020-11-27T00:00:00.000Z,5-11,7.18,86
2020-11-27T00:00:00.000Z,12-15,10.06,51
2020-11-27T00:00:00.000Z,16-19,17.05,75
2020-11-28T00:00:00.000Z,0-4,3.61,39
2020-11-28T00:00:00.000Z,5-11,4.44,86
2020-11-28T00:00:00.000Z,12-15,5.66,52
2020-11-28T00:00:00.000Z,16-19,4.89,75
2020-11-29T00:00:00.000Z,0-4,3.83,39
2020-11-29T00:00:00.000Z,5-11,6.86,88
2020-11-29T00:00:00.000Z,12-15,7.54,53
2020-11-29T00:00:00.000Z,16-19,13.33,76
2020-11-30T00:00:00.000Z,0-4,5.36,40
2020-11-30T00:00:00.000Z,5-11,8.8,89
2020-11-30T00:00:00.000Z,12-15,12.25,59
2020-11-30T00:00:00.000Z,16-19,14.18,74
2020-12-01T00:00:00.000Z,0-4,6.23,43
2020-12-01T00:00:00.000Z,5-11,9.44,95
2020-12-01T00:00:00.000Z,12-15,10.53,60
2020-12-01T00:00:00.000Z,16-19,16.71,80
2020-12-02T00:00:00.000Z,0-4,5.9,45
2020-12-02T00:00:00.000Z,5-11,9.85,98
2020-12-02T00:00:00.000Z,12-15,14.3,64
2020-12-02T00:00:00.000Z,16-19,30.55,93
2020-12-03T00:00:00.000Z,0-4,4.7,44
2020-12-03T00:00:00.000Z,5-11,11.7,103
2020-12-03T00:00:00.000Z,12-15,13.51,67
2020-12-03T00:00:00.000Z,16-19,23.96,102
2020-12-04T00:00:00.000Z,0-4,6.34,47
2020-12-04T00:00:00.000Z,5-11,12.59,112
2020-12-04T00:00:00.000Z,12-15,16.81,73
2020-12-04T00:00:00.000Z,16-19,20.59,105
2020-12-05T00:00:00.000Z,0-4,4.81,48
2020-12-05T00:00:00.000Z,5-11,10.01,122
2020-12-05T00:00:00.000Z,12-15,7.38,74
2020-12-05T00:00:00.000Z,16-19,13.33,112
2020-12-06T00:00:00.000Z,0-4,6.34,51
2020-12-06T00:00:00.000Z,5-11,9.85,127
2020-12-06T00:00:00.000Z,12-15,11.47,78
2020-12-06T00:00:00.000Z,16-19,18.4,116
2020-12-07T00:00:00.000Z,0-4,7,54
2020-12-07T00:00:00.000Z,5-11,14.61,138
2020-12-07T00:00:00.000Z,12-15,16.97,82
2020-12-07T00:00:00.000Z,16-19,26.5,127
2020-12-08T00:00:00.000Z,0-4,7.98,56
2020-12-08T00:00:00.000Z,5-11,16.3,150
2020-12-08T00:00:00.000Z,12-15,11.94,84
2020-12-08T00:00:00.000Z,16-19,20.59,130
2020-12-09T00:00:00.000Z,0-4,8.75,60
2020-12-09T00:00:00.000Z,5-11,13.4,156
2020-12-09T00:00:00.000Z,12-15,19.17,88
2020-12-09T00:00:00.000Z,16-19,27.51,127
2020-12-10T00:00:00.000Z,0-4,10.39,67
2020-12-10T00:00:00.000Z,5-11,16.3,164
2020-12-10T00:00:00.000Z,12-15,19.01,93
2020-12-10T00:00:00.000Z,16-19,23.29,127
2020-12-11T00:00:00.000Z,0-4,7.87,69
2020-12-11T00:00:00.000Z,5-11,14.37,167
2020-12-11T00:00:00.000Z,12-15,16.81,93
2020-12-11T00:00:00.000Z,16-19,31.22,136
2020-12-12T00:00:00.000Z,0-4,6.12,71
2020-12-12T00:00:00.000Z,5-11,11.06,169
2020-12-12T00:00:00.000Z,12-15,12.57,98
2020-12-12T00:00:00.000Z,16-19,14.85,137
2020-12-13T00:00:00.000Z,0-4,6.45,71
2020-12-13T00:00:00.000Z,5-11,13.4,176
2020-12-13T00:00:00.000Z,12-15,18.23,104
2020-12-13T00:00:00.000Z,16-19,24.47,142
2020-12-14T00:00:00.000Z,0-4,10.17,75
2020-12-14T00:00:00.000Z,5-11,19.05,183
2020-12-14T00:00:00.000Z,12-15,29.38,115
2020-12-14T00:00:00.000Z,16-19,31.56,146
2020-12-15T00:00:00.000Z,0-4,13.77,83
2020-12-15T00:00:00.000Z,5-11,25.67,200
2020-12-15T00:00:00.000Z,12-15,29.38,131
2020-12-15T00:00:00.000Z,16-19,46.92,169
2020-12-16T00:00:00.000Z,0-4,10.71,85
2020-12-16T00:00:00.000Z,5-11,20.9,213
2020-12-16T00:00:00.000Z,12-15,33.94,144
2020-12-16T00:00:00.000Z,16-19,42.53,181
2020-12-17T00:00:00.000Z,0-4,12.03,87
2020-12-17T00:00:00.000Z,5-11,25.18,229
2020-12-17T00:00:00.000Z,12-15,30.79,155
2020-12-17T00:00:00.000Z,16-19,39.83,195
2020-12-18T00:00:00.000Z,0-4,14.54,96
2020-12-18T00:00:00.000Z,5-11,23.49,245
2020-12-18T00:00:00.000Z,12-15,34.41,171
2020-12-18T00:00:00.000Z,16-19,32.74,197
2020-12-19T00:00:00.000Z,0-4,7.87,98
2020-12-19T00:00:00.000Z,5-11,15.25,253
2020-12-19T00:00:00.000Z,12-15,19.64,178
2020-12-19T00:00:00.000Z,16-19,24.47,205
2020-12-20T00:00:00.000Z,0-4,14.43,109
2020-12-20T00:00:00.000Z,5-11,25.91,275
2020-12-20T00:00:00.000Z,12-15,28.75,187
2020-12-20T00:00:00.000Z,16-19,41.68,219
2020-12-21T00:00:00.000Z,0-4,17.49,118
2020-12-21T00:00:00.000Z,5-11,29.7,294
2020-12-21T00:00:00.000Z,12-15,50.12,206
2020-12-21T00:00:00.000Z,16-19,57.38,241
2020-12-22T00:00:00.000Z,0-4,24.38,132
2020-12-22T00:00:00.000Z,5-11,39.15,317
2020-12-22T00:00:00.000Z,12-15,57.19,231
2020-12-22T00:00:00.000Z,16-19,63.46,255
2020-12-23T00:00:00.000Z,0-4,20.22,145
2020-12-23T00:00:00.000Z,5-11,33.74,340
2020-12-23T00:00:00.000Z,12-15,45.09,241
2020-12-23T00:00:00.000Z,16-19,52.65,264
2020-12-24T00:00:00.000Z,0-4,19.24,154
2020-12-24T00:00:00.000Z,5-11,37.21,361
2020-12-24T00:00:00.000Z,12-15,46.82,256
2020-12-24T00:00:00.000Z,16-19,55.86,277
2020-12-25T00:00:00.000Z,0-4,25.8,169
2020-12-25T00:00:00.000Z,5-11,37.45,386
2020-12-25T00:00:00.000Z,12-15,52.16,272
2020-12-25T00:00:00.000Z,16-19,57.21,298
2020-12-26T00:00:00.000Z,0-4,13.12,176
2020-12-26T00:00:00.000Z,5-11,20.74,396
2020-12-26T00:00:00.000Z,12-15,28.75,280
2020-12-26T00:00:00.000Z,16-19,34.93,307
2020-12-27T00:00:00.000Z,0-4,19.57,182
2020-12-27T00:00:00.000Z,5-11,28.49,400
2020-12-27T00:00:00.000Z,12-15,39.91,291
2020-12-27T00:00:00.000Z,16-19,43.37,308
2020-12-28T00:00:00.000Z,0-4,32.8,202
2020-12-28T00:00:00.000Z,5-11,54.48,444
2020-12-28T00:00:00.000Z,12-15,66.46,305
2020-12-28T00:00:00.000Z,16-19,82.02,329
2020-12-29T00:00:00.000Z,0-4,35.31,217
2020-12-29T00:00:00.000Z,5-11,57.55,477
2020-12-29T00:00:00.000Z,12-15,72.27,319
2020-12-29T00:00:00.000Z,16-19,86.75,349
2020-12-30T00:00:00.000Z,0-4,32.14,232
2020-12-30T00:00:00.000Z,5-11,59.08,522
2020-12-30T00:00:00.000Z,12-15,81.38,352
2020-12-30T00:00:00.000Z,16-19,87.93,379
2020-12-31T00:00:00.000Z,0-4,28.97,245
2020-12-31T00:00:00.000Z,5-11,60.54,563
2020-12-31T00:00:00.000Z,12-15,82.64,385
2020-12-31T00:00:00.000Z,16-19,95.86,413
2021-01-01T00:00:00.000Z,0-4,33.78,255
2021-01-01T00:00:00.000Z,5-11,62.63,608
2021-01-01T00:00:00.000Z,12-15,78.71,409
2021-01-01T00:00:00.000Z,16-19,113.24,460
2021-01-02T00:00:00.000Z,0-4,23.61,269
2021-01-02T00:00:00.000Z,5-11,42.94,647
2021-01-02T00:00:00.000Z,12-15,46.98,425
2021-01-02T00:00:00.000Z,16-19,65.99,486
2021-01-03T00:00:00.000Z,0-4,24.71,276
2021-01-03T00:00:00.000Z,5-11,48.51,682
2021-01-03T00:00:00.000Z,12-15,65.83,449
2021-01-03T00:00:00.000Z,16-19,82.19,519
2021-01-04T00:00:00.000Z,0-4,44.93,292
2021-01-04T00:00:00.000Z,5-11,81.6,730
2021-01-04T00:00:00.000Z,12-15,118.31,496
2021-01-04T00:00:00.000Z,16-19,164.04,589
2021-01-05T00:00:00.000Z,0-4,45.91,305
2021-01-05T00:00:00.000Z,5-11,84.43,778
2021-01-05T00:00:00.000Z,12-15,122.55,542
2021-01-05T00:00:00.000Z,16-19,136.7,631
2021-01-06T00:00:00.000Z,0-4,42.63,319
2021-01-06T00:00:00.000Z,5-11,79.1,813
2021-01-06T00:00:00.000Z,12-15,104.95,563
2021-01-06T00:00:00.000Z,16-19,135.69,671
2021-01-07T00:00:00.000Z,0-4,44.82,340
2021-01-07T00:00:00.000Z,5-11,75.47,840
2021-01-07T00:00:00.000Z,12-15,108.25,587
2021-01-07T00:00:00.000Z,16-19,124.38,696
2021-01-08T00:00:00.000Z,0-4,53.57,366
2021-01-08T00:00:00.000Z,5-11,83.05,876
2021-01-08T00:00:00.000Z,12-15,102.28,608
2021-01-08T00:00:00.000Z,16-19,144.13,722
2021-01-09T00:00:00.000Z,0-4,32.47,377
2021-01-09T00:00:00.000Z,5-11,54.64,897
2021-01-09T00:00:00.000Z,12-15,73.21,632
2021-01-09T00:00:00.000Z,16-19,76.79,731
2021-01-10T00:00:00.000Z,0-4,44.06,403
2021-01-10T00:00:00.000Z,5-11,79.5,951
2021-01-10T00:00:00.000Z,12-15,95.05,658
2021-01-10T00:00:00.000Z,16-19,116.62,760
2021-01-11T00:00:00.000Z,0-4,66.9,431
2021-01-11T00:00:00.000Z,5-11,109.77,1001
2021-01-11T00:00:00.000Z,12-15,144.07,682
2021-01-11T00:00:00.000Z,16-19,156.28,753
2021-01-12T00:00:00.000Z,0-4,69.42,462
2021-01-12T00:00:00.000Z,5-11,103.56,1035
2021-01-12T00:00:00.000Z,12-15,125.06,684
2021-01-12T00:00:00.000Z,16-19,141.93,758
2021-01-13T00:00:00.000Z,0-4,72.04,500
2021-01-13T00:00:00.000Z,5-11,108.16,1087
2021-01-13T00:00:00.000Z,12-15,132.76,709
2021-01-13T00:00:00.000Z,16-19,142.1,763
2021-01-14T00:00:00.000Z,0-4,68.33,531
2021-01-14T00:00:00.000Z,5-11,101.94,1133
2021-01-14T00:00:00.000Z,12-15,122.86,723
2021-01-14T00:00:00.000Z,16-19,138.05,775
2021-01-15T00:00:00.000Z,0-4,70.4,553
2021-01-15T00:00:00.000Z,5-11,102.1,1167
2021-01-15T00:00:00.000Z,12-15,114.38,734
2021-01-15T00:00:00.000Z,16-19,126.57,760
2021-01-16T00:00:00.000Z,0-4,39.57,562
2021-01-16T00:00:00.000Z,5-11,55.61,1169
2021-01-16T00:00:00.000Z,12-15,61.43,723
2021-01-16T00:00:00.000Z,16-19,76.45,760
2021-01-17T00:00:00.000Z,0-4,41.65,559
2021-01-17T00:00:00.000Z,5-11,60.62,1135
2021-01-17T00:00:00.000Z,12-15,76.36,706
2021-01-17T00:00:00.000Z,16-19,79.15,728
2021-01-18T00:00:00.000Z,0-4,79.04,575
2021-01-18T00:00:00.000Z,5-11,121.23,1156
2021-01-18T00:00:00.000Z,12-15,144.39,706
2021-01-18T00:00:00.000Z,16-19,161.68,733
2021-01-19T00:00:00.000Z,0-4,69.09,575
2021-01-19T00:00:00.000Z,5-11,101.94,1153
2021-01-19T00:00:00.000Z,12-15,110.14,693
2021-01-19T00:00:00.000Z,16-19,141.59,732
2021-01-20T00:00:00.000Z,0-4,68.76,570
2021-01-20T00:00:00.000Z,5-11,92.74,1126
2021-01-20T00:00:00.000Z,12-15,112.02,674
2021-01-20T00:00:00.000Z,16-19,141.26,732
2021-01-21T00:00:00.000Z,0-4,60.89,561
2021-01-21T00:00:00.000Z,5-11,84.83,1095
2021-01-21T00:00:00.000Z,12-15,102.44,655
2021-01-21T00:00:00.000Z,16-19,119.32,716
2021-01-22T00:00:00.000Z,0-4,68.22,558
2021-01-22T00:00:00.000Z,5-11,91.69,1077
2021-01-22T00:00:00.000Z,12-15,109.04,650
2021-01-22T00:00:00.000Z,16-19,129.78,718
2021-01-23T00:00:00.000Z,0-4,24.49,538
2021-01-23T00:00:00.000Z,5-11,24.62,1022
2021-01-23T00:00:00.000Z,12-15,29.07,621
2021-01-23T00:00:00.000Z,16-19,31.73,681
2021-01-24T00:00:00.000Z,0-4,39.03,535
2021-01-24T00:00:00.000Z,5-11,48.19,1000
2021-01-24T00:00:00.000Z,12-15,65.36,611
2021-01-24T00:00:00.000Z,16-19,84.04,685
2021-01-25T00:00:00.000Z,0-4,91.28,551
2021-01-25T00:00:00.000Z,5-11,102.1,966
2021-01-25T00:00:00.000Z,12-15,126.95,595
2021-01-25T00:00:00.000Z,16-19,153.74,678
2021-01-26T00:00:00.000Z,0-4,73.57,557
2021-01-26T00:00:00.000Z,5-11,90,945
2021-01-26T00:00:00.000Z,12-15,110.92,596
2021-01-26T00:00:00.000Z,16-19,132.31,670
2021-01-27T00:00:00.000Z,0-4,68.11,556
2021-01-27T00:00:00.000Z,5-11,78.94,921
2021-01-27T00:00:00.000Z,12-15,111.24,595
2021-01-27T00:00:00.000Z,16-19,150.54,678
2021-01-28T00:00:00.000Z,0-4,69.31,567
2021-01-28T00:00:00.000Z,5-11,76.52,906
2021-01-28T00:00:00.000Z,12-15,94.11,588
2021-01-28T00:00:00.000Z,16-19,124.04,682
2021-01-29T00:00:00.000Z,0-4,64.06,561
2021-01-29T00:00:00.000Z,5-11,70.14,868
2021-01-29T00:00:00.000Z,12-15,91.6,572
2021-01-29T00:00:00.000Z,16-19,126.24,679
2021-01-30T00:00:00.000Z,0-4,27.11,565
2021-01-30T00:00:00.000Z,5-11,27.52,873
2021-01-30T00:00:00.000Z,12-15,31.27,574
2021-01-30T00:00:00.000Z,16-19,47.42,692
2021-01-31T00:00:00.000Z,0-4,46.02,574
2021-01-31T00:00:00.000Z,5-11,50.93,878
2021-01-31T00:00:00.000Z,12-15,60.17,569
2021-01-31T00:00:00.000Z,16-19,104.63,710
2021-02-01T00:00:00.000Z,0-4,84.83,565
2021-02-01T00:00:00.000Z,5-11,99.76,874
2021-02-01T00:00:00.000Z,12-15,118.78,562
2021-02-01T00:00:00.000Z,16-19,161.51,716
2021-02-02T00:00:00.000Z,0-4,78.93,572
2021-02-02T00:00:00.000Z,5-11,92.58,878
2021-02-02T00:00:00.000Z,12-15,99.92,552
2021-02-02T00:00:00.000Z,16-19,144.13,726
2021-02-03T00:00:00.000Z,0-4,74.99,581
2021-02-03T00:00:00.000Z,5-11,82.57,885
2021-02-03T00:00:00.000Z,12-15,100.39,542
2021-02-03T00:00:00.000Z,16-19,143.96,721
2021-02-04T00:00:00.000Z,0-4,80.57,596
2021-02-04T00:00:00.000Z,5-11,87.01,903
2021-02-04T00:00:00.000Z,12-15,98.67,546
2021-02-04T00:00:00.000Z,16-19,131.97,727
2021-02-05T00:00:00.000Z,0-4,72.48,607
2021-02-05T00:00:00.000Z,5-11,72.08,907
2021-02-05T00:00:00.000Z,12-15,80.91,536
2021-02-05T00:00:00.000Z,16-19,117.63,720
2021-02-06T00:00:00.000Z,0-4,31.37,613
2021-02-06T00:00:00.000Z,5-11,28.09,908
2021-02-06T00:00:00.000Z,12-15,32.37,537
2021-02-06T00:00:00.000Z,16-19,39.49,713
2021-02-07T00:00:00.000Z,0-4,39.57,604
2021-02-07T00:00:00.000Z,5-11,48.19,903
2021-02-07T00:00:00.000Z,12-15,54.52,532
2021-02-07T00:00:00.000Z,16-19,81.18,694
2021-02-08T00:00:00.000Z,0-4,86.47,606
2021-02-08T00:00:00.000Z,5-11,90,885
2021-02-08T00:00:00.000Z,12-15,108.41,523
2021-02-08T00:00:00.000Z,16-19,129.11,666
2021-02-09T00:00:00.000Z,0-4,71.6,597
2021-02-09T00:00:00.000Z,5-11,73.93,852
2021-02-09T00:00:00.000Z,12-15,86.88,511
2021-02-09T00:00:00.000Z,16-19,96.36,626
2021-02-10T00:00:00.000Z,0-4,64.28,583
2021-02-10T00:00:00.000Z,5-11,65.46,822
2021-02-10T00:00:00.000Z,12-15,79.03,491
2021-02-10T00:00:00.000Z,16-19,91.81,582
2021-02-11T00:00:00.000Z,0-4,61.22,558
2021-02-11T00:00:00.000Z,5-11,54.8,765
2021-02-11T00:00:00.000Z,12-15,59.86,456
2021-02-11T00:00:00.000Z,16-19,82.02,539
2021-02-12T00:00:00.000Z,0-4,56.85,537
2021-02-12T00:00:00.000Z,5-11,52.63,731
2021-02-12T00:00:00.000Z,12-15,63.94,441
2021-02-12T00:00:00.000Z,16-19,70.37,499
2021-02-13T00:00:00.000Z,0-4,21.1,524
2021-02-13T00:00:00.000Z,5-11,20.5,717
2021-02-13T00:00:00.000Z,12-15,22.94,432
2021-02-13T00:00:00.000Z,16-19,23.63,486
2021-02-14T00:00:00.000Z,0-4,32.14,514
2021-02-14T00:00:00.000Z,5-11,34.63,693
2021-02-14T00:00:00.000Z,12-15,41.48,420
2021-02-14T00:00:00.000Z,16-19,56.2,465
2021-02-15T00:00:00.000Z,0-4,61.11,481
2021-02-15T00:00:00.000Z,5-11,58.11,637
2021-02-15T00:00:00.000Z,12-15,65.36,381
2021-02-15T00:00:00.000Z,16-19,76.45,420
2021-02-16T00:00:00.000Z,0-4,48.32,450
2021-02-16T00:00:00.000Z,5-11,49.96,594
2021-02-16T00:00:00.000Z,12-15,66.46,362
2021-02-16T00:00:00.000Z,16-19,71.22,399
2021-02-17T00:00:00.000Z,0-4,46.79,428
2021-02-17T00:00:00.000Z,5-11,42.7,554
2021-02-17T00:00:00.000Z,12-15,58.29,344
2021-02-17T00:00:00.000Z,16-19,57.38,370
2021-02-18T00:00:00.000Z,0-4,38.92,398
2021-02-18T00:00:00.000Z,5-11,39.47,527
2021-02-18T00:00:00.000Z,12-15,45.72,331
2021-02-18T00:00:00.000Z,16-19,44.39,338
2021-02-19T00:00:00.000Z,0-4,46.35,385
2021-02-19T00:00:00.000Z,5-11,45.93,515
2021-02-19T00:00:00.000Z,12-15,48.55,317
2021-02-19T00:00:00.000Z,16-19,49.62,320
2021-02-20T00:00:00.000Z,0-4,15.96,378
2021-02-20T00:00:00.000Z,5-11,15.5,506
2021-02-20T00:00:00.000Z,12-15,15.71,310
2021-02-20T00:00:00.000Z,16-19,14.18,312
2021-02-21T00:00:00.000Z,0-4,31.92,378
2021-02-21T00:00:00.000Z,5-11,33.66,505
2021-02-21T00:00:00.000Z,12-15,42.26,311
2021-02-21T00:00:00.000Z,16-19,47.09,305
2021-02-22T00:00:00.000Z,0-4,61.77,379
2021-02-22T00:00:00.000Z,5-11,55.61,500
2021-02-22T00:00:00.000Z,12-15,59.23,305
2021-02-22T00:00:00.000Z,16-19,68.52,298
2021-02-23T00:00:00.000Z,0-4,55.21,388
2021-02-23T00:00:00.000Z,5-11,54.32,508
2021-02-23T00:00:00.000Z,12-15,58.92,298
2021-02-23T00:00:00.000Z,16-19,59.24,288
2021-02-24T00:00:00.000Z,0-4,48.21,389
2021-02-24T00:00:00.000Z,5-11,53.27,527
2021-02-24T00:00:00.000Z,12-15,57.82,298
2021-02-24T00:00:00.000Z,16-19,61.77,291
2021-02-25T00:00:00.000Z,0-4,43.29,395
2021-02-25T00:00:00.000Z,5-11,55.93,556
2021-02-25T00:00:00.000Z,12-15,52.79,304
2021-02-25T00:00:00.000Z,16-19,49.11,295
2021-02-26T00:00:00.000Z,0-4,45.37,394
2021-02-26T00:00:00.000Z,5-11,51.74,566
2021-02-26T00:00:00.000Z,12-15,49.18,305
2021-02-26T00:00:00.000Z,16-19,54.85,300
2021-02-27T00:00:00.000Z,0-4,18.69,397
2021-02-27T00:00:00.000Z,5-11,18.32,571
2021-02-27T00:00:00.000Z,12-15,16.65,306
2021-02-27T00:00:00.000Z,16-19,15.36,301
2021-02-28T00:00:00.000Z,0-4,34.55,401
2021-02-28T00:00:00.000Z,5-11,44.96,591
2021-02-28T00:00:00.000Z,12-15,35.82,300
2021-02-28T00:00:00.000Z,16-19,38.82,294
2021-03-01T00:00:00.000Z,0-4,62.2,401
2021-03-01T00:00:00.000Z,5-11,74.58,625
2021-03-01T00:00:00.000Z,12-15,67.4,307
2021-03-01T00:00:00.000Z,16-19,58.73,286
2021-03-02T00:00:00.000Z,0-4,52.8,398
2021-03-02T00:00:00.000Z,5-11,69.58,652
2021-03-02T00:00:00.000Z,12-15,67.87,316
2021-03-02T00:00:00.000Z,16-19,55.69,283
2021-03-03T00:00:00.000Z,0-4,54.22,406
2021-03-03T00:00:00.000Z,5-11,78.21,696
2021-03-03T00:00:00.000Z,12-15,74.63,331
2021-03-03T00:00:00.000Z,16-19,66.32,286
2021-03-04T00:00:00.000Z,0-4,47.88,412
2021-03-04T00:00:00.000Z,5-11,59.89,703
2021-03-04T00:00:00.000Z,12-15,57.97,336
2021-03-04T00:00:00.000Z,16-19,46.24,284
2021-03-05T00:00:00.000Z,0-4,48.76,417
2021-03-05T00:00:00.000Z,5-11,71.27,737
2021-03-05T00:00:00.000Z,12-15,59.07,345
2021-03-05T00:00:00.000Z,16-19,47.09,277
2021-03-06T00:00:00.000Z,0-4,23.83,423
2021-03-06T00:00:00.000Z,5-11,32.53,762
2021-03-06T00:00:00.000Z,12-15,25.45,353
2021-03-06T00:00:00.000Z,16-19,12.99,275
2021-03-07T00:00:00.000Z,0-4,26.67,413
2021-03-07T00:00:00.000Z,5-11,37.94,750
2021-03-07T00:00:00.000Z,12-15,36.61,353
2021-03-07T00:00:00.000Z,16-19,26.66,265
2021-03-08T00:00:00.000Z,0-4,48.32,395
2021-03-08T00:00:00.000Z,5-11,66.35,735
2021-03-08T00:00:00.000Z,12-15,62.69,349
2021-03-08T00:00:00.000Z,16-19,39.66,249
2021-03-09T00:00:00.000Z,0-4,40.23,378
2021-03-09T00:00:00.000Z,5-11,51.5,703
2021-03-09T00:00:00.000Z,12-15,54.99,337
2021-03-09T00:00:00.000Z,16-19,32.91,230
2021-03-10T00:00:00.000Z,0-4,33.34,351
2021-03-10T00:00:00.000Z,5-11,52.14,657
2021-03-10T00:00:00.000Z,12-15,49.49,314
2021-03-10T00:00:00.000Z,16-19,29.37,198
2021-03-11T00:00:00.000Z,0-4,34.87,334
2021-03-11T00:00:00.000Z,5-11,47.86,636
2021-03-11T00:00:00.000Z,12-15,43.21,301
2021-03-11T00:00:00.000Z,16-19,23.29,179
2021-03-12T00:00:00.000Z,0-4,30.28,310
2021-03-12T00:00:00.000Z,5-11,41.08,583
2021-03-12T00:00:00.000Z,12-15,42.11,286
2021-03-12T00:00:00.000Z,16-19,22.28,158
2021-03-13T00:00:00.000Z,0-4,10.28,292
2021-03-13T00:00:00.000Z,5-11,13.8,549
2021-03-13T00:00:00.000Z,12-15,11.78,273
2021-03-13T00:00:00.000Z,16-19,9.45,155
2021-03-14T00:00:00.000Z,0-4,14.98,277
2021-03-14T00:00:00.000Z,5-11,25.02,527
2021-03-14T00:00:00.000Z,12-15,27.18,265
2021-03-14T00:00:00.000Z,16-19,9.45,140
2021-03-15T00:00:00.000Z,0-4,20.77,241
2021-03-15T00:00:00.000Z,5-11,38.18,477
2021-03-15T00:00:00.000Z,12-15,36.29,241
2021-03-15T00:00:00.000Z,16-19,23.8,127
2021-03-16T00:00:00.000Z,0-4,15.74,209
2021-03-16T00:00:00.000Z,5-11,27.28,434
2021-03-16T00:00:00.000Z,12-15,32.99,221
2021-03-16T00:00:00.000Z,16-19,15.53,112
2021-03-17T00:00:00.000Z,0-4,16.4,187
2021-03-17T00:00:00.000Z,5-11,24.46,385
2021-03-17T00:00:00.000Z,12-15,29.85,203
2021-03-17T00:00:00.000Z,16-19,14.68,100
2021-03-18T00:00:00.000Z,0-4,14.43,160
2021-03-18T00:00:00.000Z,5-11,18.89,334
2021-03-18T00:00:00.000Z,12-15,27.34,188
2021-03-18T00:00:00.000Z,16-19,12.49,91
2021-03-19T00:00:00.000Z,0-4,12.79,137
2021-03-19T00:00:00.000Z,5-11,19.94,296
2021-03-19T00:00:00.000Z,12-15,22.78,171
2021-03-19T00:00:00.000Z,16-19,10.13,80
2021-03-20T00:00:00.000Z,0-4,3.39,128
2021-03-20T00:00:00.000Z,5-11,5.41,281
2021-03-20T00:00:00.000Z,12-15,6.76,166
2021-03-20T00:00:00.000Z,16-19,2.36,74
2021-03-21T00:00:00.000Z,0-4,5.14,115
2021-03-21T00:00:00.000Z,5-11,10.57,256
2021-03-21T00:00:00.000Z,12-15,11.63,152
2021-03-21T00:00:00.000Z,16-19,4.22,70
2021-03-22T00:00:00.000Z,0-4,8.96,100
2021-03-22T00:00:00.000Z,5-11,14.53,214
2021-03-22T00:00:00.000Z,12-15,19.95,137
2021-03-22T00:00:00.000Z,16-19,8.61,57
2021-03-23T00:00:00.000Z,0-4,7.54,89
2021-03-23T00:00:00.000Z,5-11,11.22,185
2021-03-23T00:00:00.000Z,12-15,12.88,119
2021-03-23T00:00:00.000Z,16-19,6.58,50
2021-03-24T00:00:00.000Z,0-4,4.04,73
2021-03-24T00:00:00.000Z,5-11,7.1,155
2021-03-24T00:00:00.000Z,12-15,7.7,99
2021-03-24T00:00:00.000Z,16-19,3.38,40
2021-03-25T00:00:00.000Z,0-4,8.09,65
2021-03-25T00:00:00.000Z,5-11,13.4,145
2021-03-25T00:00:00.000Z,12-15,16.5,89
2021-03-25T00:00:00.000Z,16-19,9.79,38
2021-03-26T00:00:00.000Z,0-4,5.58,55
2021-03-26T00:00:00.000Z,5-11,8.64,125
2021-03-26T00:00:00.000Z,12-15,11.63,79
2021-03-26T00:00:00.000Z,16-19,6.24,34
2021-03-27T00:00:00.000Z,0-4,1.42,53
2021-03-27T00:00:00.000Z,5-11,5.25,125
2021-03-27T00:00:00.000Z,12-15,5.5,78
2021-03-27T00:00:00.000Z,16-19,1.69,34
2021-03-28T00:00:00.000Z,0-4,1.2,48
2021-03-28T00:00:00.000Z,5-11,2.26,110
2021-03-28T00:00:00.000Z,12-15,2.04,69
2021-03-28T00:00:00.000Z,16-19,1.01,31
2021-03-29T00:00:00.000Z,0-4,3.5,41
2021-03-29T00:00:00.000Z,5-11,5.08,93
2021-03-29T00:00:00.000Z,12-15,5.34,56
2021-03-29T00:00:00.000Z,16-19,3.54,27
2021-03-30T00:00:00.000Z,0-4,4.7,37
2021-03-30T00:00:00.000Z,5-11,6.94,86
2021-03-30T00:00:00.000Z,12-15,7.86,51
2021-03-30T00:00:00.000Z,16-19,4.22,25
2021-03-31T00:00:00.000Z,0-4,4.48,37
2021-03-31T00:00:00.000Z,5-11,8.15,88
2021-03-31T00:00:00.000Z,12-15,9.27,52
2021-03-31T00:00:00.000Z,16-19,3.88,25
2021-04-01T00:00:00.000Z,0-4,2.41,30
2021-04-01T00:00:00.000Z,5-11,6.21,75
2021-04-01T00:00:00.000Z,12-15,7.38,44
2021-04-01T00:00:00.000Z,16-19,2.36,19
2021-04-02T00:00:00.000Z,0-4,3.61,27
2021-04-02T00:00:00.000Z,5-11,6.62,71
2021-04-02T00:00:00.000Z,12-15,8.33,41
2021-04-02T00:00:00.000Z,16-19,6.58,19
2021-04-03T00:00:00.000Z,0-4,1.2,27
2021-04-03T00:00:00.000Z,5-11,1.61,65
2021-04-03T00:00:00.000Z,12-15,2.51,38
2021-04-03T00:00:00.000Z,16-19,1.52,19
2021-04-04T00:00:00.000Z,0-4,1.97,28
2021-04-04T00:00:00.000Z,5-11,2.18,65
2021-04-04T00:00:00.000Z,12-15,4.24,40
2021-04-04T00:00:00.000Z,16-19,1.69,20
2021-04-05T00:00:00.000Z,0-4,3.17,28
2021-04-05T00:00:00.000Z,5-11,5.41,65
2021-04-05T00:00:00.000Z,12-15,7.86,43
2021-04-05T00:00:00.000Z,16-19,4.89,21
2021-04-06T00:00:00.000Z,0-4,3.17,26
2021-04-06T00:00:00.000Z,5-11,4.12,60
2021-04-06T00:00:00.000Z,12-15,4.87,40
2021-04-06T00:00:00.000Z,16-19,3.54,20
2021-04-07T00:00:00.000Z,0-4,2.08,23
2021-04-07T00:00:00.000Z,5-11,4.28,53
2021-04-07T00:00:00.000Z,12-15,6.13,37
2021-04-07T00:00:00.000Z,16-19,1.35,18
2021-04-08T00:00:00.000Z,0-4,1.75,22
2021-04-08T00:00:00.000Z,5-11,2.82,47
2021-04-08T00:00:00.000Z,12-15,2.99,33
2021-04-08T00:00:00.000Z,16-19,1.52,17
2021-04-09T00:00:00.000Z,0-4,2.3,20
2021-04-09T00:00:00.000Z,5-11,3.39,42
2021-04-09T00:00:00.000Z,12-15,5.66,31
2021-04-09T00:00:00.000Z,16-19,1.52,13
2021-04-10T00:00:00.000Z,0-4,0.55,19
2021-04-10T00:00:00.000Z,5-11,1.13,41
2021-04-10T00:00:00.000Z,12-15,1.26,30
2021-04-10T00:00:00.000Z,16-19,0.34,12
2021-04-11T00:00:00.000Z,0-4,1.42,18
2021-04-11T00:00:00.000Z,5-11,1.69,40
2021-04-11T00:00:00.000Z,12-15,1.26,27
2021-04-11T00:00:00.000Z,16-19,1.18,12
2021-04-12T00:00:00.000Z,0-4,1.53,16
2021-04-12T00:00:00.000Z,5-11,3.87,37
2021-04-12T00:00:00.000Z,12-15,4.4,24
2021-04-12T00:00:00.000Z,16-19,1.18,9
2021-04-13T00:00:00.000Z,0-4,1.75,14
2021-04-13T00:00:00.000Z,5-11,3.55,36
2021-04-13T00:00:00.000Z,12-15,2.83,22
2021-04-13T00:00:00.000Z,16-19,1.18,7
2021-04-14T00:00:00.000Z,0-4,0.77,13
2021-04-14T00:00:00.000Z,5-11,3.47,35
2021-04-14T00:00:00.000Z,12-15,5.97,22
2021-04-14T00:00:00.000Z,16-19,2.87,8
2021-04-15T00:00:00.000Z,0-4,0.55,11
2021-04-15T00:00:00.000Z,5-11,1.21,32
2021-04-15T00:00:00.000Z,12-15,3.3,22
2021-04-15T00:00:00.000Z,16-19,0.68,7
2021-04-16T00:00:00.000Z,0-4,0.77,9
2021-04-16T00:00:00.000Z,5-11,2.34,30
2021-04-16T00:00:00.000Z,12-15,3.61,20
2021-04-16T00:00:00.000Z,16-19,0.51,6
2021-04-17T00:00:00.000Z,0-4,0.33,9
2021-04-17T00:00:00.000Z,5-11,1.05,30
2021-04-17T00:00:00.000Z,12-15,2.36,21
2021-04-17T00:00:00.000Z,16-19,0.84,7
2021-04-18T00:00:00.000Z,0-4,1.2,9
2021-04-18T00:00:00.000Z,5-11,4.84,36
2021-04-18T00:00:00.000Z,12-15,4.56,24
2021-04-18T00:00:00.000Z,16-19,1.35,7
2021-04-19T00:00:00.000Z,0-4,0.98,8
2021-04-19T00:00:00.000Z,5-11,3.55,35
2021-04-19T00:00:00.000Z,12-15,3.61,23
2021-04-19T00:00:00.000Z,16-19,0.34,6
2021-04-20T00:00:00.000Z,0-4,0.55,6
2021-04-20T00:00:00.000Z,5-11,2.42,33
2021-04-20T00:00:00.000Z,12-15,5.18,26
2021-04-20T00:00:00.000Z,16-19,1.35,6
2021-04-21T00:00:00.000Z,0-4,0.55,6
2021-04-21T00:00:00.000Z,5-11,1.53,30
2021-04-21T00:00:00.000Z,12-15,3.61,23
2021-04-21T00:00:00.000Z,16-19,1.18,5
2021-04-22T00:00:00.000Z,0-4,0.66,6
2021-04-22T00:00:00.000Z,5-11,2.42,32
2021-04-22T00:00:00.000Z,12-15,5.81,26
2021-04-22T00:00:00.000Z,16-19,1.35,5
2021-04-23T00:00:00.000Z,0-4,1.09,7
2021-04-23T00:00:00.000Z,5-11,1.86,31
2021-04-23T00:00:00.000Z,12-15,4.24,26
2021-04-23T00:00:00.000Z,16-19,0.84,6
2021-04-24T00:00:00.000Z,0-4,0.22,6
2021-04-24T00:00:00.000Z,5-11,0.4,30
2021-04-24T00:00:00.000Z,12-15,0.79,25
2021-04-24T00:00:00.000Z,16-19,0.34,5
2021-04-25T00:00:00.000Z,0-4,0.11,5
2021-04-25T00:00:00.000Z,5-11,1.13,23
2021-04-25T00:00:00.000Z,12-15,5.66,26
2021-04-25T00:00:00.000Z,16-19,0.34,4
2021-04-26T00:00:00.000Z,0-4,0.22,4
2021-04-26T00:00:00.000Z,5-11,1.69,20
2021-04-26T00:00:00.000Z,12-15,4.56,27
2021-04-26T00:00:00.000Z,16-19,0,4
2021-04-27T00:00:00.000Z,0-4,0.44,4
2021-04-27T00:00:00.000Z,5-11,1.69,19
2021-04-27T00:00:00.000Z,12-15,4.24,26
2021-04-27T00:00:00.000Z,16-19,0.51,3
2021-04-28T00:00:00.000Z,0-4,0.22,3
2021-04-28T00:00:00.000Z,5-11,1.78,19
2021-04-28T00:00:00.000Z,12-15,6.28,28
2021-04-28T00:00:00.000Z,16-19,0.34,3
2021-04-29T00:00:00.000Z,0-4,0.44,3
2021-04-29T00:00:00.000Z,5-11,0.97,16
2021-04-29T00:00:00.000Z,12-15,6.13,29
2021-04-29T00:00:00.000Z,16-19,0.84,2
2021-04-30T00:00:00.000Z,0-4,0.44,2
2021-04-30T00:00:00.000Z,5-11,0.65,14
2021-04-30T00:00:00.000Z,12-15,3.77,28
2021-04-30T00:00:00.000Z,16-19,0.84,2
2021-05-01T00:00:00.000Z,0-4,0,2
2021-05-01T00:00:00.000Z,5-11,0.08,14
2021-05-01T00:00:00.000Z,12-15,0.79,28
2021-05-01T00:00:00.000Z,16-19,0,2
2021-05-02T00:00:00.000Z,0-4,0.11,2
2021-05-02T00:00:00.000Z,5-11,0.56,13
2021-05-02T00:00:00.000Z,12-15,1.89,25
2021-05-02T00:00:00.000Z,16-19,0.51,2
2021-05-03T00:00:00.000Z,0-4,0.22,2
2021-05-03T00:00:00.000Z,5-11,1.21,12
2021-05-03T00:00:00.000Z,12-15,4.4,25
2021-05-03T00:00:00.000Z,16-19,1.18,3
2021-05-04T00:00:00.000Z,0-4,0.55,2
2021-05-04T00:00:00.000Z,5-11,0.97,11
2021-05-04T00:00:00.000Z,12-15,2.51,23
2021-05-04T00:00:00.000Z,16-19,0.17,3
2021-05-05T00:00:00.000Z,0-4,0.44,2
2021-05-05T00:00:00.000Z,5-11,1.53,10
2021-05-05T00:00:00.000Z,12-15,3.93,21
2021-05-05T00:00:00.000Z,16-19,0.34,3
2021-05-06T00:00:00.000Z,0-4,0.22,2
2021-05-06T00:00:00.000Z,5-11,0.81,10
2021-05-06T00:00:00.000Z,12-15,1.57,17
2021-05-06T00:00:00.000Z,16-19,0.17,2
2021-05-07T00:00:00.000Z,0-4,0.11,2
2021-05-07T00:00:00.000Z,5-11,0.65,10
2021-05-07T00:00:00.000Z,12-15,1.41,15
2021-05-07T00:00:00.000Z,16-19,0,2
2021-05-08T00:00:00.000Z,0-4,0,2
2021-05-08T00:00:00.000Z,5-11,0.48,11
2021-05-08T00:00:00.000Z,12-15,0,14
2021-05-08T00:00:00.000Z,16-19,0,2
2021-05-09T00:00:00.000Z,0-4,0.33,2
2021-05-09T00:00:00.000Z,5-11,0.65,11
2021-05-09T00:00:00.000Z,12-15,0.63,13
2021-05-09T00:00:00.000Z,16-19,0.34,1
2021-05-10T00:00:00.000Z,0-4,0.55,2
2021-05-10T00:00:00.000Z,5-11,1.21,11
2021-05-10T00:00:00.000Z,12-15,3.3,12
2021-05-10T00:00:00.000Z,16-19,0.17,1
2021-05-11T00:00:00.000Z,0-4,0.22,2
2021-05-11T00:00:00.000Z,5-11,0.89,11
2021-05-11T00:00:00.000Z,12-15,1.41,11
2021-05-11T00:00:00.000Z,16-19,0.34,1
2021-05-12T00:00:00.000Z,0-4,0,1
2021-05-12T00:00:00.000Z,5-11,0.32,8
2021-05-12T00:00:00.000Z,12-15,1.26,8
2021-05-12T00:00:00.000Z,16-19,0.17,1
2021-05-13T00:00:00.000Z,0-4,0.22,1
2021-05-13T00:00:00.000Z,5-11,0.56,8
2021-05-13T00:00:00.000Z,12-15,2.36,9
2021-05-13T00:00:00.000Z,16-19,0,0
2021-05-14T00:00:00.000Z,0-4,0,1
2021-05-14T00:00:00.000Z,5-11,0.4,8
2021-05-14T00:00:00.000Z,12-15,1.57,9
2021-05-14T00:00:00.000Z,16-19,0.17,1
2021-05-15T00:00:00.000Z,0-4,0,1
2021-05-15T00:00:00.000Z,5-11,0.89,8
2021-05-15T00:00:00.000Z,12-15,0.63,10
2021-05-15T00:00:00.000Z,16-19,0,1
2021-05-16T00:00:00.000Z,0-4,0,1
2021-05-16T00:00:00.000Z,5-11,0.89,9
2021-05-16T00:00:00.000Z,12-15,1.1,10
2021-05-16T00:00:00.000Z,16-19,0.17,0
2021-05-17T00:00:00.000Z,0-4,0,0
2021-05-17T00:00:00.000Z,5-11,0.08,7
2021-05-17T00:00:00.000Z,12-15,0.16,7
2021-05-17T00:00:00.000Z,16-19,0,0
2021-05-18T00:00:00.000Z,0-4,0,0
2021-05-18T00:00:00.000Z,5-11,0.4,6
2021-05-18T00:00:00.000Z,12-15,1.1,7
2021-05-18T00:00:00.000Z,16-19,0.34,0
2021-05-19T00:00:00.000Z,0-4,0.22,0
2021-05-19T00:00:00.000Z,5-11,0.24,6
2021-05-19T00:00:00.000Z,12-15,1.41,7
2021-05-19T00:00:00.000Z,16-19,0.17,0
2021-05-20T00:00:00.000Z,0-4,0,0
2021-05-20T00:00:00.000Z,5-11,0.48,6
2021-05-20T00:00:00.000Z,12-15,0.47,5
2021-05-20T00:00:00.000Z,16-19,0.51,1
2021-05-21T00:00:00.000Z,0-4,0,0
2021-05-21T00:00:00.000Z,5-11,0.16,5
2021-05-21T00:00:00.000Z,12-15,0.16,4
2021-05-21T00:00:00.000Z,16-19,0.34,1
2021-05-22T00:00:00.000Z,0-4,0.11,0
2021-05-22T00:00:00.000Z,5-11,0.08,4
2021-05-22T00:00:00.000Z,12-15,0.16,4
2021-05-22T00:00:00.000Z,16-19,0,1
2021-05-23T00:00:00.000Z,0-4,0.44,1
2021-05-23T00:00:00.000Z,5-11,0.81,4
2021-05-23T00:00:00.000Z,12-15,0.16,3
2021-05-23T00:00:00.000Z,16-19,0.17,1
2021-05-24T00:00:00.000Z,0-4,0,1
2021-05-24T00:00:00.000Z,5-11,0.32,4
2021-05-24T00:00:00.000Z,12-15,0.94,4
2021-05-24T00:00:00.000Z,16-19,0.17,1
2021-05-25T00:00:00.000Z,0-4,0,1
2021-05-25T00:00:00.000Z,5-11,0.16,4
2021-05-25T00:00:00.000Z,12-15,0.63,3
2021-05-25T00:00:00.000Z,16-19,0.17,1
2021-05-26T00:00:00.000Z,0-4,0.22,1
2021-05-26T00:00:00.000Z,5-11,0.32,4
2021-05-26T00:00:00.000Z,12-15,0.63,2
2021-05-26T00:00:00.000Z,16-19,0.34,1
2021-05-27T00:00:00.000Z,0-4,0.11,1
2021-05-27T00:00:00.000Z,5-11,0.32,3
2021-05-27T00:00:00.000Z,12-15,0.79,3
2021-05-27T00:00:00.000Z,16-19,0.34,1
2021-05-28T00:00:00.000Z,0-4,0.11,1
2021-05-28T00:00:00.000Z,5-11,0.24,4
2021-05-28T00:00:00.000Z,12-15,0,3
2021-05-28T00:00:00.000Z,16-19,0,1
2021-05-29T00:00:00.000Z,0-4,0.22,1
2021-05-29T00:00:00.000Z,5-11,0.16,4
2021-05-29T00:00:00.000Z,12-15,0.16,3
2021-05-29T00:00:00.000Z,16-19,0.17,1
2021-05-30T00:00:00.000Z,0-4,0,0
2021-05-30T00:00:00.000Z,5-11,0,2
2021-05-30T00:00:00.000Z,12-15,0,2
2021-05-30T00:00:00.000Z,16-19,0,1
2021-05-31T00:00:00.000Z,0-4,0,0
2021-05-31T00:00:00.000Z,5-11,0,2
2021-05-31T00:00:00.000Z,12-15,0,2
2021-05-31T00:00:00.000Z,16-19,0,0
2021-06-01T00:00:00.000Z,0-4,0.11,1
2021-06-01T00:00:00.000Z,5-11,0.16,2
2021-06-01T00:00:00.000Z,12-15,0.63,2
2021-06-01T00:00:00.000Z,16-19,0.17,0
2021-06-02T00:00:00.000Z,0-4,0.11,0
2021-06-02T00:00:00.000Z,5-11,0,1
2021-06-02T00:00:00.000Z,12-15,0.16,1
2021-06-02T00:00:00.000Z,16-19,0,0
2021-06-03T00:00:00.000Z,0-4,0,0
2021-06-03T00:00:00.000Z,5-11,0.08,1
2021-06-03T00:00:00.000Z,12-15,0,0
2021-06-03T00:00:00.000Z,16-19,0,0
2021-06-04T00:00:00.000Z,0-4,0.11,0
2021-06-04T00:00:00.000Z,5-11,0.16,1
2021-06-04T00:00:00.000Z,12-15,0.47,1
2021-06-04T00:00:00.000Z,16-19,0.17,0
2021-06-05T00:00:00.000Z,0-4,0,0
2021-06-05T00:00:00.000Z,5-11,0,0
2021-06-05T00:00:00.000Z,12-15,0.16,1
2021-06-05T00:00:00.000Z,16-19,0,0
2021-06-06T00:00:00.000Z,0-4,0.11,0
2021-06-06T00:00:00.000Z,5-11,0,0
2021-06-06T00:00:00.000Z,12-15,0,1
2021-06-06T00:00:00.000Z,16-19,0,0
2021-06-07T00:00:00.000Z,0-4,0,0
2021-06-07T00:00:00.000Z,5-11,0,0
2021-06-07T00:00:00.000Z,12-15,0,1
2021-06-07T00:00:00.000Z,16-19,0.17,0
2021-06-08T00:00:00.000Z,0-4,0.33,0
2021-06-08T00:00:00.000Z,5-11,0.16,0
2021-06-08T00:00:00.000Z,12-15,0.31,1
2021-06-08T00:00:00.000Z,16-19,0,0
2021-06-09T00:00:00.000Z,0-4,0,0
2021-06-09T00:00:00.000Z,5-11,0,0
2021-06-09T00:00:00.000Z,12-15,0,0
2021-06-09T00:00:00.000Z,16-19,0,0
2021-06-10T00:00:00.000Z,0-4,0.33,1
2021-06-10T00:00:00.000Z,5-11,0.24,1
2021-06-10T00:00:00.000Z,12-15,0,0
2021-06-10T00:00:00.000Z,16-19,0,0
2021-06-11T00:00:00.000Z,0-4,0.44,1
2021-06-11T00:00:00.000Z,5-11,0,0
2021-06-11T00:00:00.000Z,12-15,0,0
2021-06-11T00:00:00.000Z,16-19,0.34,0
2021-06-12T00:00:00.000Z,0-4,0,1
2021-06-12T00:00:00.000Z,5-11,0,0
2021-06-12T00:00:00.000Z,12-15,0,0
2021-06-12T00:00:00.000Z,16-19,0,0
2021-06-13T00:00:00.000Z,0-4,0.11,1
2021-06-13T00:00:00.000Z,5-11,0.08,0
2021-06-13T00:00:00.000Z,12-15,0,0
2021-06-13T00:00:00.000Z,16-19,0,0
2021-06-14T00:00:00.000Z,0-4,0.33,2
2021-06-14T00:00:00.000Z,5-11,0.16,1
2021-06-14T00:00:00.000Z,12-15,0.63,0
2021-06-14T00:00:00.000Z,16-19,0.17,0
2021-06-15T00:00:00.000Z,0-4,0.11,1
2021-06-15T00:00:00.000Z,5-11,0.32,1
2021-06-15T00:00:00.000Z,12-15,0.79,1
2021-06-15T00:00:00.000Z,16-19,0.17,0
2021-06-16T00:00:00.000Z,0-4,0,1
2021-06-16T00:00:00.000Z,5-11,0,1
2021-06-16T00:00:00.000Z,12-15,0.31,1
2021-06-16T00:00:00.000Z,16-19,0,0
2021-06-17T00:00:00.000Z,0-4,0.77,2
2021-06-17T00:00:00.000Z,5-11,0.24,1
2021-06-17T00:00:00.000Z,12-15,0.63,2
2021-06-17T00:00:00.000Z,16-19,0,0
2021-06-18T00:00:00.000Z,0-4,0.33,2
2021-06-18T00:00:00.000Z,5-11,0.24,1
2021-06-18T00:00:00.000Z,12-15,1.89,3
2021-06-18T00:00:00.000Z,16-19,0.17,0
2021-06-19T00:00:00.000Z,0-4,0,2
2021-06-19T00:00:00.000Z,5-11,0.32,2
2021-06-19T00:00:00.000Z,12-15,5.03,8
2021-06-19T00:00:00.000Z,16-19,0.51,0
2021-06-20T00:00:00.000Z,0-4,0.11,2
2021-06-20T00:00:00.000Z,5-11,0.32,2
2021-06-20T00:00:00.000Z,12-15,3.77,11
2021-06-20T00:00:00.000Z,16-19,0.51,1
2021-06-21T00:00:00.000Z,0-4,0.11,1
2021-06-21T00:00:00.000Z,5-11,1.21,4
2021-06-21T00:00:00.000Z,12-15,9.11,19
2021-06-21T00:00:00.000Z,16-19,1.01,2
2021-06-22T00:00:00.000Z,0-4,0.55,2
2021-06-22T00:00:00.000Z,5-11,0.73,5
2021-06-22T00:00:00.000Z,12-15,7.7,25
2021-06-22T00:00:00.000Z,16-19,1.01,2
2021-06-23T00:00:00.000Z,0-4,0.11,2
2021-06-23T00:00:00.000Z,5-11,1.37,7
2021-06-23T00:00:00.000Z,12-15,10.37,35
2021-06-23T00:00:00.000Z,16-19,1.69,4
2021-06-24T00:00:00.000Z,0-4,0.22,1
2021-06-24T00:00:00.000Z,5-11,3.23,13
2021-06-24T00:00:00.000Z,12-15,13.35,46
2021-06-24T00:00:00.000Z,16-19,1.52,5
2021-06-25T00:00:00.000Z,0-4,0.22,1
2021-06-25T00:00:00.000Z,5-11,4.2,20
2021-06-25T00:00:00.000Z,12-15,12.41,56
2021-06-25T00:00:00.000Z,16-19,1.52,6
2021-06-26T00:00:00.000Z,0-4,0.44,2
2021-06-26T00:00:00.000Z,5-11,2.5,24
2021-06-26T00:00:00.000Z,12-15,5.81,56
2021-06-26T00:00:00.000Z,16-19,0.34,6
2021-06-27T00:00:00.000Z,0-4,0.55,2
2021-06-27T00:00:00.000Z,5-11,2.58,28
2021-06-27T00:00:00.000Z,12-15,4.24,57
2021-06-27T00:00:00.000Z,16-19,0.84,6
2021-06-28T00:00:00.000Z,0-4,0.44,3
2021-06-28T00:00:00.000Z,5-11,4.28,33
2021-06-28T00:00:00.000Z,12-15,13.04,60
2021-06-28T00:00:00.000Z,16-19,1.01,6
2021-06-29T00:00:00.000Z,0-4,1.2,4
2021-06-29T00:00:00.000Z,5-11,5.49,41
2021-06-29T00:00:00.000Z,12-15,14.14,66
2021-06-29T00:00:00.000Z,16-19,0.68,6
2021-06-30T00:00:00.000Z,0-4,0.87,5
2021-06-30T00:00:00.000Z,5-11,7.99,53
2021-06-30T00:00:00.000Z,12-15,12.1,68
2021-06-30T00:00:00.000Z,16-19,1.35,6
2021-07-01T00:00:00.000Z,0-4,1.31,6
2021-07-01T00:00:00.000Z,5-11,5.97,58
2021-07-01T00:00:00.000Z,12-15,5.97,61
2021-07-01T00:00:00.000Z,16-19,1.01,5
2021-07-02T00:00:00.000Z,0-4,1.64,8
2021-07-02T00:00:00.000Z,5-11,10.17,69
2021-07-02T00:00:00.000Z,12-15,9.74,59
2021-07-02T00:00:00.000Z,16-19,1.52,5
2021-07-03T00:00:00.000Z,0-4,1.64,10
2021-07-03T00:00:00.000Z,5-11,4.44,72
2021-07-03T00:00:00.000Z,12-15,3.46,57
2021-07-03T00:00:00.000Z,16-19,1.18,6
2021-07-04T00:00:00.000Z,0-4,1.31,11
2021-07-04T00:00:00.000Z,5-11,8.96,83
2021-07-04T00:00:00.000Z,12-15,4.56,57
2021-07-04T00:00:00.000Z,16-19,1.35,6
2021-07-05T00:00:00.000Z,0-4,2.08,13
2021-07-05T00:00:00.000Z,5-11,11.3,96
2021-07-05T00:00:00.000Z,12-15,12.25,56
2021-07-05T00:00:00.000Z,16-19,2.53,8
2021-07-06T00:00:00.000Z,0-4,2.3,14
2021-07-06T00:00:00.000Z,5-11,12.59,108
2021-07-06T00:00:00.000Z,12-15,11.78,54
2021-07-06T00:00:00.000Z,16-19,3.21,10
2021-07-07T00:00:00.000Z,0-4,2.3,16
2021-07-07T00:00:00.000Z,5-11,9.6,111
2021-07-07T00:00:00.000Z,12-15,10.06,52
2021-07-07T00:00:00.000Z,16-19,2.7,11
2021-07-08T00:00:00.000Z,0-4,2.3,17
2021-07-08T00:00:00.000Z,5-11,7.99,115
2021-07-08T00:00:00.000Z,12-15,6.28,52
2021-07-08T00:00:00.000Z,16-19,2.7,12
2021-07-09T00:00:00.000Z,0-4,2.3,18
2021-07-09T00:00:00.000Z,5-11,10.82,116
2021-07-09T00:00:00.000Z,12-15,8.48,51
2021-07-09T00:00:00.000Z,16-19,4.22,15
2021-07-10T00:00:00.000Z,0-4,2.73,20
2021-07-10T00:00:00.000Z,5-11,5.08,117
2021-07-10T00:00:00.000Z,12-15,4.4,52
2021-07-10T00:00:00.000Z,16-19,1.52,15
2021-07-11T00:00:00.000Z,0-4,4.04,23
2021-07-11T00:00:00.000Z,5-11,5.49,111
2021-07-11T00:00:00.000Z,12-15,4.87,52
2021-07-11T00:00:00.000Z,16-19,3.04,16
2021-07-12T00:00:00.000Z,0-4,5.36,27
2021-07-12T00:00:00.000Z,5-11,13.32,114
2021-07-12T00:00:00.000Z,12-15,9.11,50
2021-07-12T00:00:00.000Z,16-19,4.22,18
2021-07-13T00:00:00.000Z,0-4,4.48,30
2021-07-13T00:00:00.000Z,5-11,13.08,115
2021-07-13T00:00:00.000Z,12-15,9.9,48
2021-07-13T00:00:00.000Z,16-19,6.24,20
2021-07-14T00:00:00.000Z,0-4,6.23,35
2021-07-14T00:00:00.000Z,5-11,12.51,120
2021-07-14T00:00:00.000Z,12-15,10.37,48
2021-07-14T00:00:00.000Z,16-19,4.73,22
2021-07-15T00:00:00.000Z,0-4,7.87,43
2021-07-15T00:00:00.000Z,5-11,15.42,134
2021-07-15T00:00:00.000Z,12-15,12.25,54
2021-07-15T00:00:00.000Z,16-19,8.27,27
2021-07-16T00:00:00.000Z,0-4,9.73,52
2021-07-16T00:00:00.000Z,5-11,20.34,150
2021-07-16T00:00:00.000Z,12-15,16.81,61
2021-07-16T00:00:00.000Z,16-19,9.45,31
2021-07-17T00:00:00.000Z,0-4,2.51,52
2021-07-17T00:00:00.000Z,5-11,7.59,155
2021-07-17T00:00:00.000Z,12-15,5.66,62
2021-07-17T00:00:00.000Z,16-19,3.71,33
2021-07-18T00:00:00.000Z,0-4,3.72,52
2021-07-18T00:00:00.000Z,5-11,16.3,174
2021-07-18T00:00:00.000Z,12-15,8.17,65
2021-07-18T00:00:00.000Z,16-19,6.58,36
2021-07-19T00:00:00.000Z,0-4,9.4,57
2021-07-19T00:00:00.000Z,5-11,27.12,198
2021-07-19T00:00:00.000Z,12-15,18.07,73
2021-07-19T00:00:00.000Z,16-19,12.32,43
2021-07-20T00:00:00.000Z,0-4,7.43,61
2021-07-20T00:00:00.000Z,5-11,23.89,218
2021-07-20T00:00:00.000Z,12-15,15.4,78
2021-07-20T00:00:00.000Z,16-19,12.99,49
2021-07-21T00:00:00.000Z,0-4,10.17,66
2021-07-21T00:00:00.000Z,5-11,24.86,239
2021-07-21T00:00:00.000Z,12-15,14.77,82
2021-07-21T00:00:00.000Z,16-19,10.8,54
2021-07-22T00:00:00.000Z,0-4,8.53,67
2021-07-22T00:00:00.000Z,5-11,24.13,255
2021-07-22T00:00:00.000Z,12-15,14.77,85
2021-07-22T00:00:00.000Z,16-19,9.62,55
2021-07-23T00:00:00.000Z,0-4,12.24,70
2021-07-23T00:00:00.000Z,5-11,23.97,261
2021-07-23T00:00:00.000Z,12-15,15.08,83
2021-07-23T00:00:00.000Z,16-19,12.49,58
2021-07-24T00:00:00.000Z,0-4,6.78,76
2021-07-24T00:00:00.000Z,5-11,16.47,277
2021-07-24T00:00:00.000Z,12-15,11.63,89
2021-07-24T00:00:00.000Z,16-19,8.1,61
2021-07-25T00:00:00.000Z,0-4,10.28,84
2021-07-25T00:00:00.000Z,5-11,24.46,291
2021-07-25T00:00:00.000Z,12-15,13.51,93
2021-07-25T00:00:00.000Z,16-19,10.63,65
2021-07-26T00:00:00.000Z,0-4,16.4,93
2021-07-26T00:00:00.000Z,5-11,29.54,296
2021-07-26T00:00:00.000Z,12-15,19.95,95
2021-07-26T00:00:00.000Z,16-19,19.41,71
2021-07-27T00:00:00.000Z,0-4,18.58,108
2021-07-27T00:00:00.000Z,5-11,35.03,315
2021-07-27T00:00:00.000Z,12-15,21.68,101
2021-07-27T00:00:00.000Z,16-19,21.6,78
2021-07-28T00:00:00.000Z,0-4,19.9,121
2021-07-28T00:00:00.000Z,5-11,30.27,325
2021-07-28T00:00:00.000Z,12-15,25.77,111
2021-07-28T00:00:00.000Z,16-19,20.59,86
2021-07-29T00:00:00.000Z,0-4,16.29,131
2021-07-29T00:00:00.000Z,5-11,30.67,337
2021-07-29T00:00:00.000Z,12-15,20.11,116
2021-07-29T00:00:00.000Z,16-19,25.31,100
2021-07-30T00:00:00.000Z,0-4,18.8,139
2021-07-30T00:00:00.000Z,5-11,37.13,360
2021-07-30T00:00:00.000Z,12-15,27.49,127
2021-07-30T00:00:00.000Z,16-19,24.81,110
2021-07-31T00:00:00.000Z,0-4,16.29,152
2021-07-31T00:00:00.000Z,5-11,37.37,397
2021-07-31T00:00:00.000Z,12-15,33.46,147
2021-07-31T00:00:00.000Z,16-19,18.9,119
2021-08-01T00:00:00.000Z,0-4,18.15,162
2021-08-01T00:00:00.000Z,5-11,36.48,418
2021-08-01T00:00:00.000Z,12-15,22.62,155
2021-08-01T00:00:00.000Z,16-19,19.91,127
2021-08-02T00:00:00.000Z,0-4,34.33,186
2021-08-02T00:00:00.000Z,5-11,60.54,473
2021-08-02T00:00:00.000Z,12-15,40.54,174
2021-08-02T00:00:00.000Z,16-19,36.96,142
2021-08-03T00:00:00.000Z,0-4,27.77,198
2021-08-03T00:00:00.000Z,5-11,48.91,498
2021-08-03T00:00:00.000Z,12-15,36.45,187
2021-08-03T00:00:00.000Z,16-19,29.37,148
2021-08-04T00:00:00.000Z,0-4,26.13,206
2021-08-04T00:00:00.000Z,5-11,53.11,538
2021-08-04T00:00:00.000Z,12-15,34.88,196
2021-08-04T00:00:00.000Z,16-19,31.56,158
2021-08-05T00:00:00.000Z,0-4,27.77,221
2021-08-05T00:00:00.000Z,5-11,58.44,587
2021-08-05T00:00:00.000Z,12-15,40.06,214
2021-08-05T00:00:00.000Z,16-19,31.9,163
2021-08-06T00:00:00.000Z,0-4,32.47,239
2021-08-06T00:00:00.000Z,5-11,57.23,623
2021-08-06T00:00:00.000Z,12-15,46.82,231
2021-08-06T00:00:00.000Z,16-19,31.73,169
2021-08-07T00:00:00.000Z,0-4,23.5,248
2021-08-07T00:00:00.000Z,5-11,50.04,645
2021-08-07T00:00:00.000Z,12-15,32.05,230
2021-08-07T00:00:00.000Z,16-19,26.83,176
2021-08-08T00:00:00.000Z,0-4,24.05,256
2021-08-08T00:00:00.000Z,5-11,53.59,675
2021-08-08T00:00:00.000Z,12-15,34.72,241
2021-08-08T00:00:00.000Z,16-19,31.39,186
2021-08-09T00:00:00.000Z,0-4,49.41,275
2021-08-09T00:00:00.000Z,5-11,92.42,732
2021-08-09T00:00:00.000Z,12-15,75.26,273
2021-08-09T00:00:00.000Z,16-19,54,200
2021-08-10T00:00:00.000Z,0-4,45.7,299
2021-08-10T00:00:00.000Z,5-11,79.42,786
2021-08-10T00:00:00.000Z,12-15,61.59,295
2021-08-10T00:00:00.000Z,16-19,52.49,220
2021-08-11T00:00:00.000Z,0-4,47.55,327
2021-08-11T00:00:00.000Z,5-11,81.04,835
2021-08-11T00:00:00.000Z,12-15,65.2,323
2021-08-11T00:00:00.000Z,16-19,53.67,238
2021-08-12T00:00:00.000Z,0-4,53.13,360
2021-08-12T00:00:00.000Z,5-11,85.88,884
2021-08-12T00:00:00.000Z,12-15,63.94,345
2021-08-12T00:00:00.000Z,16-19,54.51,257
2021-08-13T00:00:00.000Z,0-4,53.46,387
2021-08-13T00:00:00.000Z,5-11,86.36,935
2021-08-13T00:00:00.000Z,12-15,67.09,363
2021-08-13T00:00:00.000Z,16-19,55.19,277
2021-08-14T00:00:00.000Z,0-4,34,401
2021-08-14T00:00:00.000Z,5-11,61.91,956
2021-08-14T00:00:00.000Z,12-15,45.88,376
2021-08-14T00:00:00.000Z,16-19,30.88,281
2021-08-15T00:00:00.000Z,0-4,48.21,433
2021-08-15T00:00:00.000Z,5-11,76.11,996
2021-08-15T00:00:00.000Z,12-15,57.66,397
2021-08-15T00:00:00.000Z,16-19,41.68,289
2021-08-16T00:00:00.000Z,0-4,78.82,471
2021-08-16T00:00:00.000Z,5-11,128.09,1059
2021-08-16T00:00:00.000Z,12-15,105.89,424
2021-08-16T00:00:00.000Z,16-19,76.45,308
2021-08-17T00:00:00.000Z,0-4,66.79,499
2021-08-17T00:00:00.000Z,5-11,125.91,1142
2021-08-17T00:00:00.000Z,12-15,88.14,449
2021-08-17T00:00:00.000Z,16-19,61.77,316
2021-08-18T00:00:00.000Z,0-4,73.46,533
2021-08-18T00:00:00.000Z,5-11,131,1230
2021-08-18T00:00:00.000Z,12-15,88.93,470
2021-08-18T00:00:00.000Z,16-19,70.37,330
2021-08-19T00:00:00.000Z,0-4,73.35,559
2021-08-19T00:00:00.000Z,5-11,124.7,1299
2021-08-19T00:00:00.000Z,12-15,87.2,491
2021-08-19T00:00:00.000Z,16-19,67.34,341
2021-08-20T00:00:00.000Z,0-4,75.54,588
2021-08-20T00:00:00.000Z,5-11,135.44,1386
2021-08-20T00:00:00.000Z,12-15,89.55,512
2021-08-20T00:00:00.000Z,16-19,74.59,358
2021-08-21T00:00:00.000Z,0-4,55.21,616
2021-08-21T00:00:00.000Z,5-11,88.78,1433
2021-08-21T00:00:00.000Z,12-15,56.56,521
2021-08-21T00:00:00.000Z,16-19,50.97,375
2021-08-22T00:00:00.000Z,0-4,60.78,632
2021-08-22T00:00:00.000Z,5-11,102.59,1480
2021-08-22T00:00:00.000Z,12-15,68.19,531
2021-08-22T00:00:00.000Z,16-19,58.9,389
2021-08-23T00:00:00.000Z,0-4,96.97,656
2021-08-23T00:00:00.000Z,5-11,168.93,1552
2021-08-23T00:00:00.000Z,12-15,124.28,548
2021-08-23T00:00:00.000Z,16-19,98.9,408
2021-08-24T00:00:00.000Z,0-4,98.83,698
2021-08-24T00:00:00.000Z,5-11,169.18,1629
2021-08-24T00:00:00.000Z,12-15,113.12,570
2021-08-24T00:00:00.000Z,16-19,98.73,440
2021-08-25T00:00:00.000Z,0-4,93.25,723
2021-08-25T00:00:00.000Z,5-11,159.81,1680
2021-08-25T00:00:00.000Z,12-15,110.14,590
2021-08-25T00:00:00.000Z,16-19,91.3,457
2021-08-26T00:00:00.000Z,0-4,93.47,750
2021-08-26T00:00:00.000Z,5-11,156.02,1735
2021-08-26T00:00:00.000Z,12-15,114.85,615
2021-08-26T00:00:00.000Z,16-19,88.1,475
2021-08-27T00:00:00.000Z,0-4,93.36,773
2021-08-27T00:00:00.000Z,5-11,156.18,1772
2021-08-27T00:00:00.000Z,12-15,104.95,629
2021-08-27T00:00:00.000Z,16-19,92.82,490
2021-08-28T00:00:00.000Z,0-4,77.07,802
2021-08-28T00:00:00.000Z,5-11,119.94,1827
2021-08-28T00:00:00.000Z,12-15,81.38,651
2021-08-28T00:00:00.000Z,16-19,78.48,514
2021-08-29T00:00:00.000Z,0-4,73.35,818
2021-08-29T00:00:00.000Z,5-11,109.53,1840
2021-08-29T00:00:00.000Z,12-15,79.03,661
2021-08-29T00:00:00.000Z,16-19,78.14,530
2021-08-30T00:00:00.000Z,0-4,124.84,854
2021-08-30T00:00:00.000Z,5-11,215.18,1921
2021-08-30T00:00:00.000Z,12-15,153.03,687
2021-08-30T00:00:00.000Z,16-19,133.66,559
2021-08-31T00:00:00.000Z,0-4,112.82,873
2021-08-31T00:00:00.000Z,5-11,194.2,1966
2021-08-31T00:00:00.000Z,12-15,132.45,705
2021-08-31T00:00:00.000Z,16-19,130.12,586
2021-09-01T00:00:00.000Z,0-4,131.73,923
2021-09-01T00:00:00.000Z,5-11,230.84,2091
2021-09-01T00:00:00.000Z,12-15,146.9,738
2021-09-01T00:00:00.000Z,16-19,127.25,616
2021-09-02T00:00:00.000Z,0-4,146.27,992
2021-09-02T00:00:00.000Z,5-11,236.57,2234
2021-09-02T00:00:00.000Z,12-15,161.35,781
2021-09-02T00:00:00.000Z,16-19,118.64,642
2021-09-03T00:00:00.000Z,0-4,117.41,1023
2021-09-03T00:00:00.000Z,5-11,198.8,2309
2021-09-03T00:00:00.000Z,12-15,128.36,802
2021-09-03T00:00:00.000Z,16-19,120.33,665
2021-09-04T00:00:00.000Z,0-4,67.12,1010
2021-09-04T00:00:00.000Z,5-11,90.56,2257
2021-09-04T00:00:00.000Z,12-15,64.42,787
2021-09-04T00:00:00.000Z,16-19,68.86,657
2021-09-05T00:00:00.000Z,0-4,63.41,997
2021-09-05T00:00:00.000Z,5-11,117.6,2272
2021-09-05T00:00:00.000Z,12-15,76.83,785
2021-09-05T00:00:00.000Z,16-19,72.74,653
2021-09-06T00:00:00.000Z,0-4,140.59,1018
2021-09-06T00:00:00.000Z,5-11,243.27,2321
2021-09-06T00:00:00.000Z,12-15,160.88,792
2021-09-06T00:00:00.000Z,16-19,123.54,644
2021-09-07T00:00:00.000Z,0-4,95.11,995
2021-09-07T00:00:00.000Z,5-11,150.93,2245
2021-09-07T00:00:00.000Z,12-15,90.97,754
2021-09-07T00:00:00.000Z,16-19,73.58,596
2021-09-08T00:00:00.000Z,0-4,42.96,879
2021-09-08T00:00:00.000Z,5-11,69.25,1959
2021-09-08T00:00:00.000Z,12-15,36.29,653
2021-09-08T00:00:00.000Z,16-19,36.96,520
2021-09-09T00:00:00.000Z,0-4,90.52,806
2021-09-09T00:00:00.000Z,5-11,181.04,1861
2021-09-09T00:00:00.000Z,12-15,107.62,605
2021-09-09T00:00:00.000Z,16-19,84.72,491
2021-09-10T00:00:00.000Z,0-4,138.84,834
2021-09-10T00:00:00.000Z,5-11,236.81,1928
2021-09-10T00:00:00.000Z,12-15,127.1,603
2021-09-10T00:00:00.000Z,16-19,97.88,472
2021-09-11T00:00:00.000Z,0-4,136.87,925
2021-09-11T00:00:00.000Z,5-11,232.45,2179
2021-09-11T00:00:00.000Z,12-15,138.42,671
2021-09-11T00:00:00.000Z,16-19,109.87,507
2021-09-12T00:00:00.000Z,0-4,105.38,980
2021-09-12T00:00:00.000Z,5-11,187.34,2302
2021-09-12T00:00:00.000Z,12-15,111.24,702
2021-09-12T00:00:00.000Z,16-19,65.48,501
2021-09-13T00:00:00.000Z,0-4,144.08,985
2021-09-13T00:00:00.000Z,5-11,251.58,2317
2021-09-13T00:00:00.000Z,12-15,150.04,692
2021-09-13T00:00:00.000Z,16-19,105.65,486
2021-09-14T00:00:00.000Z,0-4,126.05,1025
2021-09-14T00:00:00.000Z,5-11,233.18,2463
2021-09-14T00:00:00.000Z,12-15,137.94,735
2021-09-14T00:00:00.000Z,16-19,96.03,505
2021-09-15T00:00:00.000Z,0-4,113.04,1117
2021-09-15T00:00:00.000Z,5-11,210.26,2712
2021-09-15T00:00:00.000Z,12-15,122.7,813
2021-09-15T00:00:00.000Z,16-19,80.33,541
2021-09-16T00:00:00.000Z,0-4,41.32,1052
2021-09-16T00:00:00.000Z,5-11,85.39,2543
2021-09-16T00:00:00.000Z,12-15,45.41,757
2021-09-16T00:00:00.000Z,16-19,27.51,493
2021-09-17T00:00:00.000Z,0-4,73.46,967
2021-09-17T00:00:00.000Z,5-11,125.27,2346
2021-09-17T00:00:00.000Z,12-15,55.93,692
2021-09-17T00:00:00.000Z,16-19,41.35,445
2021-09-18T00:00:00.000Z,0-4,110.52,932
2021-09-18T00:00:00.000Z,5-11,218.25,2320
2021-09-18T00:00:00.000Z,12-15,114.69,671
2021-09-18T00:00:00.000Z,16-19,67.51,409
2021-09-19T00:00:00.000Z,0-4,76.85,895
2021-09-19T00:00:00.000Z,5-11,176.68,2302
2021-09-19T00:00:00.000Z,12-15,97.88,658
2021-09-19T00:00:00.000Z,16-19,51.64,397
2021-09-20T00:00:00.000Z,0-4,111.83,853
2021-09-20T00:00:00.000Z,5-11,219.54,2245
2021-09-20T00:00:00.000Z,12-15,117.52,629
2021-09-20T00:00:00.000Z,16-19,81.34,377
2021-09-21T00:00:00.000Z,0-4,57.61,764
2021-09-21T00:00:00.000Z,5-11,127.69,2058
2021-09-21T00:00:00.000Z,12-15,63.94,562
2021-09-21T00:00:00.000Z,16-19,36.96,327
2021-09-22T00:00:00.000Z,0-4,63.08,698
2021-09-22T00:00:00.000Z,5-11,151.26,1954
2021-09-22T00:00:00.000Z,12-15,79.66,522
2021-09-22T00:00:00.000Z,16-19,51.64,303
2021-09-23T00:00:00.000Z,0-4,69.75,735
2021-09-23T00:00:00.000Z,5-11,147.38,2063
2021-09-23T00:00:00.000Z,12-15,93.48,566
2021-09-23T00:00:00.000Z,16-19,61.09,331
2021-09-24T00:00:00.000Z,0-4,59.8,718
2021-09-24T00:00:00.000Z,5-11,114.13,2044
2021-09-24T00:00:00.000Z,12-15,69.6,579
2021-09-24T00:00:00.000Z,16-19,42.02,332
2021-09-25T00:00:00.000Z,0-4,28.1,610
2021-09-25T00:00:00.000Z,5-11,65.14,1773
2021-09-25T00:00:00.000Z,12-15,36.29,507
2021-09-25T00:00:00.000Z,16-19,24.3,295
2021-09-26T00:00:00.000Z,0-4,41,563
2021-09-26T00:00:00.000Z,5-11,91.04,1621
2021-09-26T00:00:00.000Z,12-15,57.03,470
2021-09-26T00:00:00.000Z,16-19,36.96,283
2021-09-27T00:00:00.000Z,0-4,61.44,497
2021-09-27T00:00:00.000Z,5-11,113.4,1433
2021-09-27T00:00:00.000Z,12-15,69.13,426
2021-09-27T00:00:00.000Z,16-19,51.14,257
2021-09-28T00:00:00.000Z,0-4,23.07,452
2021-09-28T00:00:00.000Z,5-11,59.41,1312
2021-09-28T00:00:00.000Z,12-15,32.99,398
2021-09-28T00:00:00.000Z,16-19,24.3,246
2021-09-29T00:00:00.000Z,0-4,42.2,425
2021-09-29T00:00:00.000Z,5-11,88.54,1201
2021-09-29T00:00:00.000Z,12-15,46.66,368
2021-09-29T00:00:00.000Z,16-19,35.78,233
2021-09-30T00:00:00.000Z,0-4,55.43,406
2021-09-30T00:00:00.000Z,5-11,118.08,1150
2021-09-30T00:00:00.000Z,12-15,52.63,331
2021-09-30T00:00:00.000Z,16-19,38.65,214
2021-10-01T00:00:00.000Z,0-4,38.81,379
2021-10-01T00:00:00.000Z,5-11,88.95,1105
2021-10-01T00:00:00.000Z,12-15,48.86,312
2021-10-01T00:00:00.000Z,16-19,34.26,207
2021-10-02T00:00:00.000Z,0-4,18.8,366
2021-10-02T00:00:00.000Z,5-11,37.05,1055
2021-10-02T00:00:00.000Z,12-15,20.58,298
2021-10-02T00:00:00.000Z,16-19,15.7,200
2021-10-03T00:00:00.000Z,0-4,27.99,349
2021-10-03T00:00:00.000Z,5-11,60.94,1002
2021-10-03T00:00:00.000Z,12-15,35.35,278
2021-10-03T00:00:00.000Z,16-19,26.33,191
2021-10-04T00:00:00.000Z,0-4,34.55,314
2021-10-04T00:00:00.000Z,5-11,74.01,932
2021-10-04T00:00:00.000Z,12-15,42.73,254
2021-10-04T00:00:00.000Z,16-19,35.27,178
2021-10-05T00:00:00.000Z,0-4,28.97,322
2021-10-05T00:00:00.000Z,5-11,59.89,933
2021-10-05T00:00:00.000Z,12-15,32.84,254
2021-10-05T00:00:00.000Z,16-19,28.69,181
2021-10-06T00:00:00.000Z,0-4,29.41,305
2021-10-06T00:00:00.000Z,5-11,58.19,879
2021-10-06T00:00:00.000Z,12-15,30.48,239
2021-10-06T00:00:00.000Z,16-19,24.81,172
2021-10-07T00:00:00.000Z,0-4,27.33,269
2021-10-07T00:00:00.000Z,5-11,54.97,768
2021-10-07T00:00:00.000Z,12-15,25.61,215
2021-10-07T00:00:00.000Z,16-19,19.75,156
2021-10-08T00:00:00.000Z,0-4,23.18,248
2021-10-08T00:00:00.000Z,5-11,53.11,704
2021-10-08T00:00:00.000Z,12-15,26.55,194
2021-10-08T00:00:00.000Z,16-19,21.26,145
2021-10-09T00:00:00.000Z,0-4,12.79,240
2021-10-09T00:00:00.000Z,5-11,28.01,688
2021-10-09T00:00:00.000Z,12-15,12.25,187
2021-10-09T00:00:00.000Z,16-19,8.94,139
2021-10-10T00:00:00.000Z,0-4,15.41,224
2021-10-10T00:00:00.000Z,5-11,45.28,661
2021-10-10T00:00:00.000Z,12-15,18.54,171
2021-10-10T00:00:00.000Z,16-19,9.62,125
2021-10-11T00:00:00.000Z,0-4,27.99,215
2021-10-11T00:00:00.000Z,5-11,70.06,654
2021-10-11T00:00:00.000Z,12-15,32.05,162
2021-10-11T00:00:00.000Z,16-19,17.55,110
2021-10-12T00:00:00.000Z,0-4,21.1,205
2021-10-12T00:00:00.000Z,5-11,56.18,647
2021-10-12T00:00:00.000Z,12-15,21.21,151
2021-10-12T00:00:00.000Z,16-19,17.38,101
2021-10-13T00:00:00.000Z,0-4,20.44,193
2021-10-13T00:00:00.000Z,5-11,54.48,640
2021-10-13T00:00:00.000Z,12-15,22.31,144
2021-10-13T00:00:00.000Z,16-19,13.67,91
2021-10-14T00:00:00.000Z,0-4,16.73,179
2021-10-14T00:00:00.000Z,5-11,41.41,616
2021-10-14T00:00:00.000Z,12-15,15.71,135
2021-10-14T00:00:00.000Z,16-19,10.97,84
2021-10-15T00:00:00.000Z,0-4,17.16,172
2021-10-15T00:00:00.000Z,5-11,46.57,605
2021-10-15T00:00:00.000Z,12-15,20.9,130
2021-10-15T00:00:00.000Z,16-19,13.33,77
2021-10-16T00:00:00.000Z,0-4,7.43,165
2021-10-16T00:00:00.000Z,5-11,22.68,595
2021-10-16T00:00:00.000Z,12-15,9.43,127
2021-10-16T00:00:00.000Z,16-19,5.91,74
2021-10-17T00:00:00.000Z,0-4,13.23,162
2021-10-17T00:00:00.000Z,5-11,38.34,583
2021-10-17T00:00:00.000Z,12-15,14.45,123
2021-10-17T00:00:00.000Z,16-19,9.45,74
2021-10-18T00:00:00.000Z,0-4,17.82,148
2021-10-18T00:00:00.000Z,5-11,45.52,540
2021-10-18T00:00:00.000Z,12-15,20.74,113
2021-10-18T00:00:00.000Z,16-19,11.31,69
2021-10-19T00:00:00.000Z,0-4,12.46,137
2021-10-19T00:00:00.000Z,5-11,37.29,506
2021-10-19T00:00:00.000Z,12-15,14.14,107
2021-10-19T00:00:00.000Z,16-19,9.62,62
2021-10-20T00:00:00.000Z,0-4,10.82,125
2021-10-20T00:00:00.000Z,5-11,36.08,474
2021-10-20T00:00:00.000Z,12-15,10.37,96
2021-10-20T00:00:00.000Z,16-19,6.24,56
2021-10-21T00:00:00.000Z,0-4,9.51,115
2021-10-21T00:00:00.000Z,5-11,33.74,460
2021-10-21T00:00:00.000Z,12-15,13.98,94
2021-10-21T00:00:00.000Z,16-19,5.74,52
2021-10-22T00:00:00.000Z,0-4,9.73,105
2021-10-22T00:00:00.000Z,5-11,31.56,434
2021-10-22T00:00:00.000Z,12-15,12.41,86
2021-10-22T00:00:00.000Z,16-19,8.94,48
2021-10-23T00:00:00.000Z,0-4,3.28,100
2021-10-23T00:00:00.000Z,5-11,9.44,410
2021-10-23T00:00:00.000Z,12-15,3.61,81
2021-10-23T00:00:00.000Z,16-19,3.88,46
2021-10-24T00:00:00.000Z,0-4,7.76,93
2021-10-24T00:00:00.000Z,5-11,27.04,390
2021-10-24T00:00:00.000Z,12-15,10.21,77
2021-10-24T00:00:00.000Z,16-19,5.23,43
2021-10-25T00:00:00.000Z,0-4,10.6,83
2021-10-25T00:00:00.000Z,5-11,26.8,357
2021-10-25T00:00:00.000Z,12-15,13.35,71
2021-10-25T00:00:00.000Z,16-19,8.1,40
2021-10-26T00:00:00.000Z,0-4,6.67,76
2021-10-26T00:00:00.000Z,5-11,22.6,331
2021-10-26T00:00:00.000Z,12-15,11.63,68
2021-10-26T00:00:00.000Z,16-19,5.74,37
2021-10-27T00:00:00.000Z,0-4,5.47,69
2021-10-27T00:00:00.000Z,5-11,20.1,303
2021-10-27T00:00:00.000Z,12-15,8.8,67
2021-10-27T00:00:00.000Z,16-19,5.91,36
2021-10-28T00:00:00.000Z,0-4,6.89,65
2021-10-28T00:00:00.000Z,5-11,19.29,277
2021-10-28T00:00:00.000Z,12-15,9.27,63
2021-10-28T00:00:00.000Z,16-19,4.22,35
2021-10-29T00:00:00.000Z,0-4,7.43,62
2021-10-29T00:00:00.000Z,5-11,15.58,249
2021-10-29T00:00:00.000Z,12-15,10.21,61
2021-10-29T00:00:00.000Z,16-19,5.57,32
2021-10-30T00:00:00.000Z,0-4,2.84,62
2021-10-30T00:00:00.000Z,5-11,5.41,242
2021-10-30T00:00:00.000Z,12-15,4.24,61
2021-10-30T00:00:00.000Z,16-19,2.19,31
2021-10-31T00:00:00.000Z,0-4,4.15,57
2021-10-31T00:00:00.000Z,5-11,16.3,223
2021-10-31T00:00:00.000Z,12-15,6.91,58
2021-10-31T00:00:00.000Z,16-19,2.7,29
2021-11-01T00:00:00.000Z,0-4,4.15,49
2021-11-01T00:00:00.000Z,5-11,18.81,209
2021-11-01T00:00:00.000Z,12-15,10.37,55
2021-11-01T00:00:00.000Z,16-19,5.23,26
2021-11-02T00:00:00.000Z,0-4,4.59,46
2021-11-02T00:00:00.000Z,5-11,19.29,203
2021-11-02T00:00:00.000Z,12-15,8.01,52
2021-11-02T00:00:00.000Z,16-19,5.4,26
2021-11-03T00:00:00.000Z,0-4,5.79,46
2021-11-03T00:00:00.000Z,5-11,17.92,199
2021-11-03T00:00:00.000Z,12-15,8.17,52
2021-11-03T00:00:00.000Z,16-19,3.54,24
2021-11-04T00:00:00.000Z,0-4,3.72,42
2021-11-04T00:00:00.000Z,5-11,15.01,191
2021-11-04T00:00:00.000Z,12-15,5.03,48
2021-11-04T00:00:00.000Z,16-19,2.7,23
2021-11-05T00:00:00.000Z,0-4,4.7,39
2021-11-05T00:00:00.000Z,5-11,16.47,193
2021-11-05T00:00:00.000Z,12-15,7.86,46
2021-11-05T00:00:00.000Z,16-19,4.56,22
2021-11-06T00:00:00.000Z,0-4,1.42,37
2021-11-06T00:00:00.000Z,5-11,6.38,195
2021-11-06T00:00:00.000Z,12-15,2.51,44
2021-11-06T00:00:00.000Z,16-19,1.01,21
2021-11-07T00:00:00.000Z,0-4,3.94,37
2021-11-07T00:00:00.000Z,5-11,15.17,193
2021-11-07T00:00:00.000Z,12-15,6.91,44
2021-11-07T00:00:00.000Z,16-19,3.21,21
2021-11-08T00:00:00.000Z,0-4,5.25,38
2021-11-08T00:00:00.000Z,5-11,19.69,194
2021-11-08T00:00:00.000Z,12-15,6.44,40
2021-11-08T00:00:00.000Z,16-19,2.36,19
2021-11-09T00:00:00.000Z,0-4,3.17,36
2021-11-09T00:00:00.000Z,5-11,18.08,192
2021-11-09T00:00:00.000Z,12-15,5.34,38
2021-11-09T00:00:00.000Z,16-19,2.7,17
2021-11-10T00:00:00.000Z,0-4,4.26,34
2021-11-10T00:00:00.000Z,5-11,19.05,194
2021-11-10T00:00:00.000Z,12-15,6.13,36
2021-11-10T00:00:00.000Z,16-19,2.87,16
2021-11-11T00:00:00.000Z,0-4,3.17,33
2021-11-11T00:00:00.000Z,5-11,12.99,190
2021-11-11T00:00:00.000Z,12-15,4.4,36
2021-11-11T00:00:00.000Z,16-19,2.19,16
2021-11-12T00:00:00.000Z,0-4,4.26,33
2021-11-12T00:00:00.000Z,5-11,16.3,190
2021-11-12T00:00:00.000Z,12-15,2.51,31
2021-11-12T00:00:00.000Z,16-19,2.19,14
2021-11-13T00:00:00.000Z,0-4,2.41,34
2021-11-13T00:00:00.000Z,5-11,7.59,192
2021-11-13T00:00:00.000Z,12-15,3.3,31
2021-11-13T00:00:00.000Z,16-19,1.35,14
2021-11-14T00:00:00.000Z,0-4,4.04,34
2021-11-14T00:00:00.000Z,5-11,12.67,188
2021-11-14T00:00:00.000Z,12-15,5.5,30
2021-11-14T00:00:00.000Z,16-19,2.03,13
2021-11-15T00:00:00.000Z,0-4,6.01,35
2021-11-15T00:00:00.000Z,5-11,16.71,183
2021-11-15T00:00:00.000Z,12-15,4.87,29
2021-11-15T00:00:00.000Z,16-19,3.71,14
2021-11-16T00:00:00.000Z,0-4,4.04,36
2021-11-16T00:00:00.000Z,5-11,20.9,188
2021-11-16T00:00:00.000Z,12-15,5.81,29
2021-11-16T00:00:00.000Z,16-19,3.88,15
2021-11-17T00:00:00.000Z,0-4,3.17,35
2021-11-17T00:00:00.000Z,5-11,16.55,183
2021-11-17T00:00:00.000Z,12-15,5.18,28
2021-11-17T00:00:00.000Z,16-19,2.87,15
2021-11-18T00:00:00.000Z,0-4,4.48,37
2021-11-18T00:00:00.000Z,5-11,15.25,187
2021-11-18T00:00:00.000Z,12-15,6.13,30
2021-11-18T00:00:00.000Z,16-19,3.54,16
2021-11-19T00:00:00.000Z,0-4,3.5,36
2021-11-19T00:00:00.000Z,5-11,18.64,191
2021-11-19T00:00:00.000Z,12-15,6.91,34
2021-11-19T00:00:00.000Z,16-19,2.7,17
2021-11-20T00:00:00.000Z,0-4,1.31,34
2021-11-20T00:00:00.000Z,5-11,8.39,193
2021-11-20T00:00:00.000Z,12-15,2.99,34
2021-11-20T00:00:00.000Z,16-19,1.01,16
2021-11-21T00:00:00.000Z,0-4,3.39,33
2021-11-21T00:00:00.000Z,5-11,16.47,199
2021-11-21T00:00:00.000Z,12-15,6.28,34
2021-11-21T00:00:00.000Z,16-19,2.7,17
2021-11-22T00:00:00.000Z,0-4,5.9,33
2021-11-22T00:00:00.000Z,5-11,27.68,219
2021-11-22T00:00:00.000Z,12-15,8.64,38
2021-11-22T00:00:00.000Z,16-19,3.04,16
2021-11-23T00:00:00.000Z,0-4,5.14,35
2021-11-23T00:00:00.000Z,5-11,20.5,218
2021-11-23T00:00:00.000Z,12-15,7.54,39
2021-11-23T00:00:00.000Z,16-19,2.53,15
2021-11-24T00:00:00.000Z,0-4,4.48,36
2021-11-24T00:00:00.000Z,5-11,21.79,227
2021-11-24T00:00:00.000Z,12-15,6.28,40
2021-11-24T00:00:00.000Z,16-19,2.87,15
2021-11-25T00:00:00.000Z,0-4,3.94,36
2021-11-25T00:00:00.000Z,5-11,19.86,236
2021-11-25T00:00:00.000Z,12-15,6.44,41
2021-11-25T00:00:00.000Z,16-19,3.04,15
2021-11-26T00:00:00.000Z,0-4,6.01,39
2021-11-26T00:00:00.000Z,5-11,17.76,234
2021-11-26T00:00:00.000Z,12-15,8.33,42
2021-11-26T00:00:00.000Z,16-19,2.7,15
2021-11-27T00:00:00.000Z,0-4,0.55,38
2021-11-27T00:00:00.000Z,5-11,6.46,231
2021-11-27T00:00:00.000Z,12-15,2.2,41
2021-11-27T00:00:00.000Z,16-19,0.68,14
2021-11-28T00:00:00.000Z,0-4,5.14,40
2021-11-28T00:00:00.000Z,5-11,20.42,238
2021-11-28T00:00:00.000Z,12-15,7.07,42
2021-11-28T00:00:00.000Z,16-19,1.86,14
2021-11-29T00:00:00.000Z,0-4,6.01,40
2021-11-29T00:00:00.000Z,5-11,24.46,232
2021-11-29T00:00:00.000Z,12-15,11.15,44
2021-11-29T00:00:00.000Z,16-19,3.71,14
2021-11-30T00:00:00.000Z,0-4,4.48,40
2021-11-30T00:00:00.000Z,5-11,22.12,235
2021-11-30T00:00:00.000Z,12-15,9.43,46
2021-11-30T00:00:00.000Z,16-19,3.04,15
2021-12-01T00:00:00.000Z,0-4,3.28,38
2021-12-01T00:00:00.000Z,5-11,20.99,233
2021-12-01T00:00:00.000Z,12-15,7.23,47
2021-12-01T00:00:00.000Z,16-19,3.54,15
2021-12-02T00:00:00.000Z,0-4,4.81,39
2021-12-02T00:00:00.000Z,5-11,17.76,230
2021-12-02T00:00:00.000Z,12-15,7.38,48
2021-12-02T00:00:00.000Z,16-19,4.73,17
2021-12-03T00:00:00.000Z,0-4,3.5,36
2021-12-03T00:00:00.000Z,5-11,17.76,230
2021-12-03T00:00:00.000Z,12-15,5.34,45
2021-12-03T00:00:00.000Z,16-19,2.53,17
2021-12-04T00:00:00.000Z,0-4,1.53,37
2021-12-04T00:00:00.000Z,5-11,6.3,229
2021-12-04T00:00:00.000Z,12-15,4.24,47
2021-12-04T00:00:00.000Z,16-19,1.52,17
2021-12-05T00:00:00.000Z,0-4,3.83,35
2021-12-05T00:00:00.000Z,5-11,18.32,226
2021-12-05T00:00:00.000Z,12-15,8.33,48
2021-12-05T00:00:00.000Z,16-19,3.71,19
2021-12-06T00:00:00.000Z,0-4,6.89,37
2021-12-06T00:00:00.000Z,5-11,26.88,230
2021-12-06T00:00:00.000Z,12-15,9.9,47
2021-12-06T00:00:00.000Z,16-19,3.21,18
2021-12-07T00:00:00.000Z,0-4,7.11,40
2021-12-07T00:00:00.000Z,5-11,30.83,245
2021-12-07T00:00:00.000Z,12-15,8.33,46
2021-12-07T00:00:00.000Z,16-19,5.06,20
2021-12-08T00:00:00.000Z,0-4,7,45
2021-12-08T00:00:00.000Z,5-11,24.38,251
2021-12-08T00:00:00.000Z,12-15,11.31,49
2021-12-08T00:00:00.000Z,16-19,3.88,20
2021-12-09T00:00:00.000Z,0-4,8.31,49
2021-12-09T00:00:00.000Z,5-11,18.24,252
2021-12-09T00:00:00.000Z,12-15,8.96,51
2021-12-09T00:00:00.000Z,16-19,3.88,20
2021-12-10T00:00:00.000Z,0-4,7.32,54
2021-12-10T00:00:00.000Z,5-11,16.22,249
2021-12-10T00:00:00.000Z,12-15,8.48,54
2021-12-10T00:00:00.000Z,16-19,3.54,21
2021-12-11T00:00:00.000Z,0-4,1.97,55
2021-12-11T00:00:00.000Z,5-11,6.86,250
2021-12-11T00:00:00.000Z,12-15,2.51,52
2021-12-11T00:00:00.000Z,16-19,0.84,20
2021-12-12T00:00:00.000Z,0-4,5.68,57
2021-12-12T00:00:00.000Z,5-11,13.72,242
2021-12-12T00:00:00.000Z,12-15,5.5,50
2021-12-12T00:00:00.000Z,16-19,4.05,20
2021-12-13T00:00:00.000Z,0-4,8.31,59
2021-12-13T00:00:00.000Z,5-11,23.97,237
2021-12-13T00:00:00.000Z,12-15,8.33,48
2021-12-13T00:00:00.000Z,16-19,4.89,22
2021-12-14T00:00:00.000Z,0-4,4.92,56
2021-12-14T00:00:00.000Z,5-11,20.26,218
2021-12-14T00:00:00.000Z,12-15,9.74,49
2021-12-14T00:00:00.000Z,16-19,3.88,21
2021-12-15T00:00:00.000Z,0-4,6.56,56
2021-12-15T00:00:00.000Z,5-11,23.16,216
2021-12-15T00:00:00.000Z,12-15,8.64,47
2021-12-15T00:00:00.000Z,16-19,6.92,23
2021-12-16T00:00:00.000Z,0-4,6.01,53
2021-12-16T00:00:00.000Z,5-11,23.08,225
2021-12-16T00:00:00.000Z,12-15,10.53,48
2021-12-16T00:00:00.000Z,16-19,5.57,25
2021-12-17T00:00:00.000Z,0-4,5.25,50
2021-12-17T00:00:00.000Z,5-11,21.47,234
2021-12-17T00:00:00.000Z,12-15,12.73,52
2021-12-17T00:00:00.000Z,16-19,6.58,27
2021-12-18T00:00:00.000Z,0-4,1.75,50
2021-12-18T00:00:00.000Z,5-11,6.7,234
2021-12-18T00:00:00.000Z,12-15,5.97,55
2021-12-18T00:00:00.000Z,16-19,2.7,29
2021-12-19T00:00:00.000Z,0-4,6.45,51
2021-12-19T00:00:00.000Z,5-11,21.63,248
2021-12-19T00:00:00.000Z,12-15,17.44,66
2021-12-19T00:00:00.000Z,16-19,12.15,36
2021-12-20T00:00:00.000Z,0-4,8.09,51
2021-12-20T00:00:00.000Z,5-11,30.51,259
2021-12-20T00:00:00.000Z,12-15,23.57,80
2021-12-20T00:00:00.000Z,16-19,11.31,41
2021-12-21T00:00:00.000Z,0-4,7.43,54
2021-12-21T00:00:00.000Z,5-11,23.41,265
2021-12-21T00:00:00.000Z,12-15,21.37,91
2021-12-21T00:00:00.000Z,16-19,9.96,46
2021-12-22T00:00:00.000Z,0-4,8.64,57
2021-12-22T00:00:00.000Z,5-11,24.38,267
2021-12-22T00:00:00.000Z,12-15,30.48,111
2021-12-22T00:00:00.000Z,16-19,13.16,52
2021-12-23T00:00:00.000Z,0-4,9.07,61
2021-12-23T00:00:00.000Z,5-11,25.91,272
2021-12-23T00:00:00.000Z,12-15,27.18,126
2021-12-23T00:00:00.000Z,16-19,15.53,60
2021-12-24T00:00:00.000Z,0-4,10.93,68
2021-12-24T00:00:00.000Z,5-11,30.59,288
2021-12-24T00:00:00.000Z,12-15,31.58,143
2021-12-24T00:00:00.000Z,16-19,21.26,72
2021-12-25T00:00:00.000Z,0-4,3.5,70
2021-12-25T00:00:00.000Z,5-11,13.32,300
2021-12-25T00:00:00.000Z,12-15,14.61,151
2021-12-25T00:00:00.000Z,16-19,10.46,79
2021-12-26T00:00:00.000Z,0-4,9.62,74
2021-12-26T00:00:00.000Z,5-11,32.77,320
2021-12-26T00:00:00.000Z,12-15,39.44,171
2021-12-26T00:00:00.000Z,16-19,16.2,82
2021-12-27T00:00:00.000Z,0-4,18.48,88
2021-12-27T00:00:00.000Z,5-11,52.3,358
2021-12-27T00:00:00.000Z,12-15,56.72,201
2021-12-27T00:00:00.000Z,16-19,34.6,102
2021-12-28T00:00:00.000Z,0-4,15.09,98
2021-12-28T00:00:00.000Z,5-11,50.12,406
2021-12-28T00:00:00.000Z,12-15,62.85,239
2021-12-28T00:00:00.000Z,16-19,41.85,129
2021-12-29T00:00:00.000Z,0-4,14.98,106
2021-12-29T00:00:00.000Z,5-11,59.24,467
2021-12-29T00:00:00.000Z,12-15,70.54,275
2021-12-29T00:00:00.000Z,16-19,47.25,158
2021-12-30T00:00:00.000Z,0-4,19.24,120
2021-12-30T00:00:00.000Z,5-11,79.26,562
2021-12-30T00:00:00.000Z,12-15,96.62,338
2021-12-30T00:00:00.000Z,16-19,59.24,195
2021-12-31T00:00:00.000Z,0-4,18.48,129
2021-12-31T00:00:00.000Z,5-11,81.12,651
2021-12-31T00:00:00.000Z,12-15,106.37,406
2021-12-31T00:00:00.000Z,16-19,67.17,234
2022-01-01T00:00:00.000Z,0-4,18.91,150
2022-01-01T00:00:00.000Z,5-11,59.08,732
2022-01-01T00:00:00.000Z,12-15,67.87,455
2022-01-01T00:00:00.000Z,16-19,45.06,263
2022-01-02T00:00:00.000Z,0-4,24.27,169
2022-01-02T00:00:00.000Z,5-11,93.14,839
2022-01-02T00:00:00.000Z,12-15,119.88,528
2022-01-02T00:00:00.000Z,16-19,76.79,314
2022-01-03T00:00:00.000Z,0-4,41.87,199
2022-01-03T00:00:00.000Z,5-11,144.32,1002
2022-01-03T00:00:00.000Z,12-15,192.46,651
2022-01-03T00:00:00.000Z,16-19,145.31,408
2022-01-04T00:00:00.000Z,0-4,43.4,236
2022-01-04T00:00:00.000Z,5-11,150.05,1179
2022-01-04T00:00:00.000Z,12-15,204.72,780
2022-01-04T00:00:00.000Z,16-19,167.92,515
2022-01-05T00:00:00.000Z,0-4,55.43,289
2022-01-05T00:00:00.000Z,5-11,186.77,1404
2022-01-05T00:00:00.000Z,12-15,295.06,984
2022-01-05T00:00:00.000Z,16-19,285.55,717
2022-01-06T00:00:00.000Z,0-4,64.28,348
2022-01-06T00:00:00.000Z,5-11,200.01,1618
2022-01-06T00:00:00.000Z,12-15,296.63,1166
2022-01-06T00:00:00.000Z,16-19,308.84,928
2022-01-07T00:00:00.000Z,0-4,82.76,432
2022-01-07T00:00:00.000Z,5-11,250.86,1919
2022-01-07T00:00:00.000Z,12-15,340.78,1379
2022-01-07T00:00:00.000Z,16-19,350.69,1168
2022-01-08T00:00:00.000Z,0-4,82.86,516
2022-01-08T00:00:00.000Z,5-11,272.09,2296
2022-01-08T00:00:00.000Z,12-15,355.39,1641
2022-01-08T00:00:00.000Z,16-19,372.13,1445
2022-01-09T00:00:00.000Z,0-4,125.5,648
2022-01-09T00:00:00.000Z,5-11,361.6,2771
2022-01-09T00:00:00.000Z,12-15,457.67,1948
2022-01-09T00:00:00.000Z,16-19,519.96,1820
2022-01-10T00:00:00.000Z,0-4,176.66,824
2022-01-10T00:00:00.000Z,5-11,480.57,3366
2022-01-10T00:00:00.000Z,12-15,626.09,2342
2022-01-10T00:00:00.000Z,16-19,655.82,2252
2022-01-11T00:00:00.000Z,0-4,207.38,1038
2022-01-11T00:00:00.000Z,5-11,553.94,4081
2022-01-11T00:00:00.000Z,12-15,671.03,2766
2022-01-11T00:00:00.000Z,16-19,692.44,2696
2022-01-12T00:00:00.000Z,0-4,237.99,1277
2022-01-12T00:00:00.000Z,5-11,567.74,4755
2022-01-12T00:00:00.000Z,12-15,673.38,3110
2022-01-12T00:00:00.000Z,16-19,670.17,3022
2022-01-13T00:00:00.000Z,0-4,239.3,1506
2022-01-13T00:00:00.000Z,5-11,599.62,5462
2022-01-13T00:00:00.000Z,12-15,690.2,3468
2022-01-13T00:00:00.000Z,16-19,676.41,3333
2022-01-14T00:00:00.000Z,0-4,237.12,1707
2022-01-14T00:00:00.000Z,5-11,551.11,5994
2022-01-14T00:00:00.000Z,12-15,616.82,3719
2022-01-14T00:00:00.000Z,16-19,558.27,3508
2022-01-15T00:00:00.000Z,0-4,250.67,1927
2022-01-15T00:00:00.000Z,5-11,608.58,6589
2022-01-15T00:00:00.000Z,12-15,675.27,4010
2022-01-15T00:00:00.000Z,16-19,607.22,3707
2022-01-16T00:00:00.000Z,0-4,393.55,2277
2022-01-16T00:00:00.000Z,5-11,906.01,7553
2022-01-16T00:00:00.000Z,12-15,941.58,4450
2022-01-16T00:00:00.000Z,16-19,856.65,3992
2022-01-17T00:00:00.000Z,0-4,478.71,2672
2022-01-17T00:00:00.000Z,5-11,1022.4,8512
2022-01-17T00:00:00.000Z,12-15,1069.15,4853
2022-01-17T00:00:00.000Z,16-19,870.83,4174
2022-01-18T00:00:00.000Z,0-4,516.54,3076
2022-01-18T00:00:00.000Z,5-11,1085.11,9452
2022-01-18T00:00:00.000Z,12-15,1055.01,5202
2022-01-18T00:00:00.000Z,16-19,883.99,4337
2022-01-19T00:00:00.000Z,0-4,532.06,3460
2022-01-19T00:00:00.000Z,5-11,1102.79,10399
2022-01-19T00:00:00.000Z,12-15,1070.41,5563
2022-01-19T00:00:00.000Z,16-19,870.66,4506
2022-01-20T00:00:00.000Z,0-4,535.45,3847
2022-01-20T00:00:00.000Z,5-11,1064.37,11222
2022-01-20T00:00:00.000Z,12-15,1049.51,5890
2022-01-20T00:00:00.000Z,16-19,880.45,4679
2022-01-21T00:00:00.000Z,0-4,453.79,4130
2022-01-21T00:00:00.000Z,5-11,887.53,11817
2022-01-21T00:00:00.000Z,12-15,861.61,6112
2022-01-21T00:00:00.000Z,16-19,716.74,4813
2022-01-22T00:00:00.000Z,0-4,531.73,4497
2022-01-22T00:00:00.000Z,5-11,1061.71,12619
2022-01-22T00:00:00.000Z,12-15,959.49,6371
2022-01-22T00:00:00.000Z,16-19,826.78,4999
2022-01-23T00:00:00.000Z,0-4,647.07,4829
2022-01-23T00:00:00.000Z,5-11,1303.36,13322
2022-01-23T00:00:00.000Z,12-15,1205.84,6611
2022-01-23T00:00:00.000Z,16-19,1023.05,5140
2022-01-24T00:00:00.000Z,0-4,626.84,5022
2022-01-24T00:00:00.000Z,5-11,1218.61,13670
2022-01-24T00:00:00.000Z,12-15,1132.15,6668
2022-01-24T00:00:00.000Z,16-19,934.62,5194
2022-01-25T00:00:00.000Z,0-4,573.93,5097
2022-01-25T00:00:00.000Z,5-11,1037.81,13586
2022-01-25T00:00:00.000Z,12-15,986.82,6606
2022-01-25T00:00:00.000Z,16-19,867.28,5180
2022-01-26T00:00:00.000Z,0-4,504.19,5061
2022-01-26T00:00:00.000Z,5-11,855.08,13147
2022-01-26T00:00:00.000Z,12-15,817.46,6376
2022-01-26T00:00:00.000Z,16-19,759.78,5086
2022-01-27T00:00:00.000Z,0-4,485.71,4996
2022-01-27T00:00:00.000Z,5-11,831.51,12735
2022-01-27T00:00:00.000Z,12-15,705.28,6063
2022-01-27T00:00:00.000Z,16-19,633.54,4877
2022-01-28T00:00:00.000Z,0-4,447.23,4987
2022-01-28T00:00:00.000Z,5-11,714.4,12429
2022-01-28T00:00:00.000Z,12-15,624.84,5848
2022-01-28T00:00:00.000Z,16-19,593.88,4773
2022-01-29T00:00:00.000Z,0-4,444.72,4873
2022-01-29T00:00:00.000Z,5-11,737,11854
2022-01-29T00:00:00.000Z,12-15,630.02,5548
2022-01-29T00:00:00.000Z,16-19,629.16,4606
2022-01-30T00:00:00.000Z,0-4,729.6,4981
2022-01-30T00:00:00.000Z,5-11,1295.45,11840
2022-01-30T00:00:00.000Z,12-15,1005.84,5366
2022-01-30T00:00:00.000Z,16-19,871.67,4477
2022-01-31T00:00:00.000Z,0-4,577.98,4917
2022-01-31T00:00:00.000Z,5-11,1002.54,11458
2022-01-31T00:00:00.000Z,12-15,836.15,5097
2022-01-31T00:00:00.000Z,16-19,738.85,4312
2022-02-01T00:00:00.000Z,0-4,513.81,4839
2022-02-01T00:00:00.000Z,5-11,896.32,11207
2022-02-01T00:00:00.000Z,12-15,711.41,4847
2022-02-01T00:00:00.000Z,16-19,639.96,4119
2022-02-02T00:00:00.000Z,0-4,626.73,4999
2022-02-02T00:00:00.000Z,5-11,1081,11607
2022-02-02T00:00:00.000Z,12-15,792.48,4824
2022-02-02T00:00:00.000Z,16-19,597.43,3982
2022-02-03T00:00:00.000Z,0-4,436.84,4935
2022-02-03T00:00:00.000Z,5-11,705.03,11383
2022-02-03T00:00:00.000Z,12-15,580.37,4711
2022-02-03T00:00:00.000Z,16-19,483.68,3855
2022-02-04T00:00:00.000Z,0-4,328.29,4780
2022-02-04T00:00:00.000Z,5-11,540.46,11075
2022-02-04T00:00:00.000Z,12-15,450.6,4552
2022-02-04T00:00:00.000Z,16-19,364.53,3661
2022-02-05T00:00:00.000Z,0-4,345.34,4650
2022-02-05T00:00:00.000Z,5-11,616.97,10863
2022-02-05T00:00:00.000Z,12-15,464.11,4401
2022-02-05T00:00:00.000Z,16-19,406.89,3473
2022-02-06T00:00:00.000Z,0-4,522.77,4380
2022-02-06T00:00:00.000Z,5-11,996.73,10334
2022-02-06T00:00:00.000Z,12-15,776.14,4192
2022-02-06T00:00:00.000Z,16-19,533.63,3187
2022-02-07T00:00:00.000Z,0-4,390.82,4135
2022-02-07T00:00:00.000Z,5-11,661.04,9730
2022-02-07T00:00:00.000Z,12-15,546.75,3929
2022-02-07T00:00:00.000Z,16-19,442,2935
2022-02-08T00:00:00.000Z,0-4,316.59,3877
2022-02-08T00:00:00.000Z,5-11,572.42,9157
2022-02-08T00:00:00.000Z,12-15,471.5,3711
2022-02-08T00:00:00.000Z,16-19,364.87,2702
2022-02-09T00:00:00.000Z,0-4,390.27,3568
2022-02-09T00:00:00.000Z,5-11,693.97,8472
2022-02-09T00:00:00.000Z,12-15,503.39,3448
2022-02-09T00:00:00.000Z,16-19,331.62,2477
2022-02-10T00:00:00.000Z,0-4,248.7,3322
2022-02-10T00:00:00.000Z,5-11,426.09,7978
2022-02-10T00:00:00.000Z,12-15,359.16,3247
2022-02-10T00:00:00.000Z,16-19,253.15,2282
2022-02-11T00:00:00.000Z,0-4,197.43,3151
2022-02-11T00:00:00.000Z,5-11,293.31,7540
2022-02-11T00:00:00.000Z,12-15,251.85,3066
2022-02-11T00:00:00.000Z,16-19,207.58,2149
2022-02-12T00:00:00.000Z,0-4,186.5,2944
2022-02-12T00:00:00.000Z,5-11,314.54,7005
2022-02-12T00:00:00.000Z,12-15,236.93,2860
2022-02-12T00:00:00.000Z,16-19,215.51,1987
2022-02-13T00:00:00.000Z,0-4,336.93,2701
2022-02-13T00:00:00.000Z,5-11,566.69,6244
2022-02-13T00:00:00.000Z,12-15,450.76,2564
2022-02-13T00:00:00.000Z,16-19,310.7,1799
2022-02-14T00:00:00.000Z,0-4,197.1,2448
2022-02-14T00:00:00.000Z,5-11,331.49,5661
2022-02-14T00:00:00.000Z,12-15,282.65,2324
2022-02-14T00:00:00.000Z,16-19,219.9,1611
2022-02-15T00:00:00.000Z,0-4,168.46,2254
2022-02-15T00:00:00.000Z,5-11,274.1,5133
2022-02-15T00:00:00.000Z,12-15,250.91,2123
2022-02-15T00:00:00.000Z,16-19,205.22,1476
2022-02-16T00:00:00.000Z,0-4,214.16,2024
2022-02-16T00:00:00.000Z,5-11,365.23,4551
2022-02-16T00:00:00.000Z,12-15,287.67,1927
2022-02-16T00:00:00.000Z,16-19,192.56,1358
2022-02-17T00:00:00.000Z,0-4,129.22,1868
2022-02-17T00:00:00.000Z,5-11,212.6,4173
2022-02-17T00:00:00.000Z,12-15,184.61,1768
2022-02-17T00:00:00.000Z,16-19,141.76,1264
2022-02-18T00:00:00.000Z,0-4,92.16,1730
2022-02-18T00:00:00.000Z,5-11,152.31,3923
2022-02-18T00:00:00.000Z,12-15,144.39,1671
2022-02-18T00:00:00.000Z,16-19,127.76,1196
2022-02-19T00:00:00.000Z,0-4,97.73,1614
2022-02-19T00:00:00.000Z,5-11,165.62,3660
2022-02-19T00:00:00.000Z,12-15,142.5,1585
2022-02-19T00:00:00.000Z,16-19,123.87,1118
2022-02-20T00:00:00.000Z,0-4,172.62,1400
2022-02-20T00:00:00.000Z,5-11,288.07,3167
2022-02-20T00:00:00.000Z,12-15,236.45,1390
2022-02-20T00:00:00.000Z,16-19,182.94,1010
2022-02-21T00:00:00.000Z,0-4,94.89,1266
2022-02-21T00:00:00.000Z,5-11,156.83,2858
2022-02-21T00:00:00.000Z,12-15,151.93,1271
2022-02-21T00:00:00.000Z,16-19,129.27,934
2022-02-22T00:00:00.000Z,0-4,83.19,1155
2022-02-22T00:00:00.000Z,5-11,140.04,2620
2022-02-22T00:00:00.000Z,12-15,135.75,1166
2022-02-22T00:00:00.000Z,16-19,122.86,864
2022-02-23T00:00:00.000Z,0-4,109.76,1018
2022-02-23T00:00:00.000Z,5-11,175.31,2284
2022-02-23T00:00:00.000Z,12-15,144.07,1036
2022-02-23T00:00:00.000Z,16-19,104.63,789
2022-02-24T00:00:00.000Z,0-4,69.86,941
2022-02-24T00:00:00.000Z,5-11,107.11,2097
2022-02-24T00:00:00.000Z,12-15,90.81,951
2022-02-24T00:00:00.000Z,16-19,99.07,753
2022-02-25T00:00:00.000Z,0-4,55.32,893
2022-02-25T00:00:00.000Z,5-11,79.26,1968
2022-02-25T00:00:00.000Z,12-15,78.24,890
2022-02-25T00:00:00.000Z,16-19,76.11,710
2022-02-26T00:00:00.000Z,0-4,52.91,834
2022-02-26T00:00:00.000Z,5-11,85.15,1826
2022-02-26T00:00:00.000Z,12-15,73.84,828
2022-02-26T00:00:00.000Z,16-19,79.49,672
2022-02-27T00:00:00.000Z,0-4,93.36,730
2022-02-27T00:00:00.000Z,5-11,156.99,1594
2022-02-27T00:00:00.000Z,12-15,128.36,730
2022-02-27T00:00:00.000Z,16-19,121.68,620
2022-02-28T00:00:00.000Z,0-4,54.88,678
2022-02-28T00:00:00.000Z,5-11,87.57,1471
2022-02-28T00:00:00.000Z,12-15,88.93,672
2022-02-28T00:00:00.000Z,16-19,89.95,587
2022-03-01T00:00:00.000Z,0-4,52.8,638
2022-03-01T00:00:00.000Z,5-11,85.56,1375
2022-03-01T00:00:00.000Z,12-15,77.61,620
2022-03-01T00:00:00.000Z,16-19,76.28,547
2022-03-02T00:00:00.000Z,0-4,65.48,581
2022-03-02T00:00:00.000Z,5-11,109.04,1257
2022-03-02T00:00:00.000Z,12-15,90.18,571
2022-03-02T00:00:00.000Z,16-19,73.92,521
2022-03-03T00:00:00.000Z,0-4,49.63,554
2022-03-03T00:00:00.000Z,5-11,74.5,1200
2022-03-03T00:00:00.000Z,12-15,62.85,545
2022-03-03T00:00:00.000Z,16-19,67.51,495
2022-03-04T00:00:00.000Z,0-4,42.09,537
2022-03-04T00:00:00.000Z,5-11,57.15,1161
2022-03-04T00:00:00.000Z,12-15,52,521
2022-03-04T00:00:00.000Z,16-19,48.6,471
2022-03-05T00:00:00.000Z,0-4,37.17,516
2022-03-05T00:00:00.000Z,5-11,58.11,1113
2022-03-05T00:00:00.000Z,12-15,56.25,505
2022-03-05T00:00:00.000Z,16-19,54.85,451
2022-03-06T00:00:00.000Z,0-4,64.39,478
2022-03-06T00:00:00.000Z,5-11,114.86,1038
2022-03-06T00:00:00.000Z,12-15,83.9,465
2022-03-06T00:00:00.000Z,16-19,80.16,415
2022-03-07T00:00:00.000Z,0-4,45.59,466
2022-03-07T00:00:00.000Z,5-11,72.97,1012
2022-03-07T00:00:00.000Z,12-15,62.85,441
2022-03-07T00:00:00.000Z,16-19,64.3,394
2022-03-08T00:00:00.000Z,0-4,40.56,450
2022-03-08T00:00:00.000Z,5-11,65.06,976
2022-03-08T00:00:00.000Z,12-15,63.63,428
2022-03-08T00:00:00.000Z,16-19,60.59,380
2022-03-09T00:00:00.000Z,0-4,52.04,433
2022-03-09T00:00:00.000Z,5-11,83.05,930
2022-03-09T00:00:00.000Z,12-15,67.87,408
2022-03-09T00:00:00.000Z,16-19,53.67,363
2022-03-10T00:00:00.000Z,0-4,36.95,416
2022-03-10T00:00:00.000Z,5-11,54.16,894
2022-03-10T00:00:00.000Z,12-15,56.56,402
2022-03-10T00:00:00.000Z,16-19,53.67,352
2022-03-11T00:00:00.000Z,0-4,23.94,392
2022-03-11T00:00:00.000Z,5-11,40.6,865
2022-03-11T00:00:00.000Z,12-15,45.25,396
2022-03-11T00:00:00.000Z,16-19,46.58,350
2022-03-12T00:00:00.000Z,0-4,23.72,375
2022-03-12T00:00:00.000Z,5-11,36.72,827
2022-03-12T00:00:00.000Z,12-15,36.92,379
2022-03-12T00:00:00.000Z,16-19,42.36,339
2022-03-13T00:00:00.000Z,0-4,40.01,343
2022-03-13T00:00:00.000Z,5-11,50.77,713
2022-03-13T00:00:00.000Z,12-15,57.19,354
2022-03-13T00:00:00.000Z,16-19,60.92,323
2022-03-14T00:00:00.000Z,0-4,35.09,329
2022-03-14T00:00:00.000Z,5-11,55.45,682
2022-03-14T00:00:00.000Z,12-15,49.18,342
2022-03-14T00:00:00.000Z,16-19,41.35,304
2022-03-15T00:00:00.000Z,0-4,37.17,325
2022-03-15T00:00:00.000Z,5-11,54.32,663
2022-03-15T00:00:00.000Z,12-15,49.8,329
2022-03-15T00:00:00.000Z,16-19,40.33,286
2022-03-16T00:00:00.000Z,0-4,43.29,313
2022-03-16T00:00:00.000Z,5-11,58.19,619
2022-03-16T00:00:00.000Z,12-15,54.2,317
2022-03-16T00:00:00.000Z,16-19,46.58,280
2022-03-17T00:00:00.000Z,0-4,41,319
2022-03-17T00:00:00.000Z,5-11,64.73,638
2022-03-17T00:00:00.000Z,12-15,52.32,313
2022-03-17T00:00:00.000Z,16-19,52.32,279
2022-03-18T00:00:00.000Z,0-4,46.46,348
2022-03-18T00:00:00.000Z,5-11,70.06,690
2022-03-18T00:00:00.000Z,12-15,63,329
2022-03-18T00:00:00.000Z,16-19,58.39,289
2022-03-19T00:00:00.000Z,0-4,51.82,385
2022-03-19T00:00:00.000Z,5-11,76.44,761
2022-03-19T00:00:00.000Z,12-15,79.34,368
2022-03-19T00:00:00.000Z,16-19,92.82,332
2022-03-20T00:00:00.000Z,0-4,73.79,429
2022-03-20T00:00:00.000Z,5-11,108.48,863
2022-03-20T00:00:00.000Z,12-15,134.02,438
2022-03-20T00:00:00.000Z,16-19,153.74,411
2022-03-21T00:00:00.000Z,0-4,72.59,478
2022-03-21T00:00:00.000Z,5-11,97.66,937
2022-03-21T00:00:00.000Z,12-15,122.08,504
2022-03-21T00:00:00.000Z,16-19,149.86,502
2022-03-22T00:00:00.000Z,0-4,72.81,525
2022-03-22T00:00:00.000Z,5-11,89.75,1000
2022-03-22T00:00:00.000Z,12-15,100.71,550
2022-03-22T00:00:00.000Z,16-19,122.35,572
2022-03-23T00:00:00.000Z,0-4,71.28,561
2022-03-23T00:00:00.000Z,5-11,93.95,1063
2022-03-23T00:00:00.000Z,12-15,100.24,592
2022-03-23T00:00:00.000Z,16-19,129.61,642
2022-03-24T00:00:00.000Z,0-4,72.92,603
2022-03-24T00:00:00.000Z,5-11,92.58,1113
2022-03-24T00:00:00.000Z,12-15,87.98,625
2022-03-24T00:00:00.000Z,16-19,101.09,683
2022-03-25T00:00:00.000Z,0-4,63.52,625
2022-03-25T00:00:00.000Z,5-11,74.9,1121
2022-03-25T00:00:00.000Z,12-15,84.06,644
2022-03-25T00:00:00.000Z,16-19,91.64,712
2022-03-26T00:00:00.000Z,0-4,60.45,636
2022-03-26T00:00:00.000Z,5-11,83.46,1134
2022-03-26T00:00:00.000Z,12-15,78.71,643
2022-03-26T00:00:00.000Z,16-19,96.7,715
2022-03-27T00:00:00.000Z,0-4,99.7,670
2022-03-27T00:00:00.000Z,5-11,135.76,1182
2022-03-27T00:00:00.000Z,12-15,120.03,630
2022-03-27T00:00:00.000Z,16-19,138.89,702
2022-03-28T00:00:00.000Z,0-4,90.74,694
2022-03-28T00:00:00.000Z,5-11,115.5,1214
2022-03-28T00:00:00.000Z,12-15,108.88,618
2022-03-28T00:00:00.000Z,16-19,96.03,657
2022-03-29T00:00:00.000Z,0-4,90.52,717
2022-03-29T00:00:00.000Z,5-11,107.75,1245
2022-03-29T00:00:00.000Z,12-15,102.44,620
2022-03-29T00:00:00.000Z,16-19,92.31,631
2022-03-30T00:00:00.000Z,0-4,79.37,728
2022-03-30T00:00:00.000Z,5-11,102.67,1261
2022-03-30T00:00:00.000Z,12-15,92.38,613
2022-03-30T00:00:00.000Z,16-19,87.93,596
2022-03-31T00:00:00.000Z,0-4,76.96,733
2022-03-31T00:00:00.000Z,5-11,82.73,1243
2022-03-31T00:00:00.000Z,12-15,86.88,612
2022-03-31T00:00:00.000Z,16-19,64.97,565
2022-04-01T00:00:00.000Z,0-4,62.86,732
2022-04-01T00:00:00.000Z,5-11,73.93,1242
2022-04-01T00:00:00.000Z,12-15,75.57,604
2022-04-01T00:00:00.000Z,16-19,58.22,537
2022-04-02T00:00:00.000Z,0-4,51.6,721
2022-04-02T00:00:00.000Z,5-11,60.86,1202
2022-04-02T00:00:00.000Z,12-15,63.79,591
2022-04-02T00:00:00.000Z,16-19,52.82,500
2022-04-03T00:00:00.000Z,0-4,78.82,693
2022-04-03T00:00:00.000Z,5-11,98.95,1137
2022-04-03T00:00:00.000Z,12-15,81.54,556
2022-04-03T00:00:00.000Z,16-19,78.14,449
2022-04-04T00:00:00.000Z,0-4,67.01,662
2022-04-04T00:00:00.000Z,5-11,80.71,1075
2022-04-04T00:00:00.000Z,12-15,70.39,521
2022-04-04T00:00:00.000Z,16-19,57.89,416
2022-04-05T00:00:00.000Z,0-4,61.66,625
2022-04-05T00:00:00.000Z,5-11,66.59,1002
2022-04-05T00:00:00.000Z,12-15,62.85,485
2022-04-05T00:00:00.000Z,16-19,48.6,379
2022-04-06T00:00:00.000Z,0-4,59.03,598
2022-04-06T00:00:00.000Z,5-11,58.68,924
2022-04-06T00:00:00.000Z,12-15,46.51,443
2022-04-06T00:00:00.000Z,16-19,41.01,340
2022-04-07T00:00:00.000Z,0-4,48.1,560
2022-04-07T00:00:00.000Z,5-11,47.22,861
2022-04-07T00:00:00.000Z,12-15,37.39,398
2022-04-07T00:00:00.000Z,16-19,26.16,307
2022-04-08T00:00:00.000Z,0-4,44.27,536
2022-04-08T00:00:00.000Z,5-11,41.33,804
2022-04-08T00:00:00.000Z,12-15,28.44,355
2022-04-08T00:00:00.000Z,16-19,30.88,284
2022-04-09T00:00:00.000Z,0-4,37.06,517
2022-04-09T00:00:00.000Z,5-11,40.2,767
2022-04-09T00:00:00.000Z,12-15,32.21,326
2022-04-09T00:00:00.000Z,16-19,27,262
2022-04-10T00:00:00.000Z,0-4,46.57,475
2022-04-10T00:00:00.000Z,5-11,45.76,673
2022-04-10T00:00:00.000Z,12-15,38.96,288
2022-04-10T00:00:00.000Z,16-19,38.48,228
2022-04-11T00:00:00.000Z,0-4,37.5,436
2022-04-11T00:00:00.000Z,5-11,35.51,593
2022-04-11T00:00:00.000Z,12-15,29.38,250
2022-04-11T00:00:00.000Z,16-19,31.05,205
2022-04-12T00:00:00.000Z,0-4,34.22,400
2022-04-12T00:00:00.000Z,5-11,30.11,528
2022-04-12T00:00:00.000Z,12-15,23.72,215
2022-04-12T00:00:00.000Z,16-19,24.47,185
2022-04-13T00:00:00.000Z,0-4,32.25,365
2022-04-13T00:00:00.000Z,5-11,30.11,478
2022-04-13T00:00:00.000Z,12-15,22.94,193
2022-04-13T00:00:00.000Z,16-19,26.83,173
2022-04-14T00:00:00.000Z,0-4,33.45,346
2022-04-14T00:00:00.000Z,5-11,25.83,440
2022-04-14T00:00:00.000Z,12-15,20.9,178
2022-04-14T00:00:00.000Z,16-19,21.43,169
2022-04-15T00:00:00.000Z,0-4,26.35,323
2022-04-15T00:00:00.000Z,5-11,20.02,402
2022-04-15T00:00:00.000Z,12-15,19.01,170
2022-04-15T00:00:00.000Z,16-19,18.4,158
2022-04-16T00:00:00.000Z,0-4,19.24,300
2022-04-16T00:00:00.000Z,5-11,14.69,357
2022-04-16T00:00:00.000Z,12-15,11.78,151
2022-04-16T00:00:00.000Z,16-19,19.07,152
2022-04-17T00:00:00.000Z,0-4,29.41,277
2022-04-17T00:00:00.000Z,5-11,23.49,318
2022-04-17T00:00:00.000Z,12-15,17.44,132
2022-04-17T00:00:00.000Z,16-19,21.6,137
2022-04-18T00:00:00.000Z,0-4,29.84,267
2022-04-18T00:00:00.000Z,5-11,20.02,290
2022-04-18T00:00:00.000Z,12-15,18.7,122
2022-04-18T00:00:00.000Z,16-19,20.93,129
2022-04-19T00:00:00.000Z,0-4,24.16,254
2022-04-19T00:00:00.000Z,5-11,22.2,276
2022-04-19T00:00:00.000Z,12-15,23.25,121
2022-04-19T00:00:00.000Z,16-19,21.1,126
2022-04-20T00:00:00.000Z,0-4,24.27,244
2022-04-20T00:00:00.000Z,5-11,20.42,259
2022-04-20T00:00:00.000Z,12-15,21.21,120
2022-04-20T00:00:00.000Z,16-19,16.2,117
2022-04-21T00:00:00.000Z,0-4,20.55,227
2022-04-21T00:00:00.000Z,5-11,16.47,243
2022-04-21T00:00:00.000Z,12-15,22,121
2022-04-21T00:00:00.000Z,16-19,16.2,113
2022-04-22T00:00:00.000Z,0-4,14.87,212
2022-04-22T00:00:00.000Z,5-11,11.22,227
2022-04-22T00:00:00.000Z,12-15,13.35,116
2022-04-22T00:00:00.000Z,16-19,12.83,108
2022-04-23T00:00:00.000Z,0-4,15.85,207
2022-04-23T00:00:00.000Z,5-11,17.68,232
2022-04-23T00:00:00.000Z,12-15,18.07,121
2022-04-23T00:00:00.000Z,16-19,18.06,107
2022-04-24T00:00:00.000Z,0-4,26.78,204
2022-04-24T00:00:00.000Z,5-11,23.97,233
2022-04-24T00:00:00.000Z,12-15,26.39,130
2022-04-24T00:00:00.000Z,16-19,27.17,112
2022-04-25T00:00:00.000Z,0-4,25.8,199
2022-04-25T00:00:00.000Z,5-11,21.55,236
2022-04-25T00:00:00.000Z,12-15,21.05,132
2022-04-25T00:00:00.000Z,16-19,25.82,116
2022-04-26T00:00:00.000Z,0-4,18.91,192
2022-04-26T00:00:00.000Z,5-11,17.84,228
2022-04-26T00:00:00.000Z,12-15,22.15,131
2022-04-26T00:00:00.000Z,16-19,19.24,114
2022-04-27T00:00:00.000Z,0-4,16.29,181
2022-04-27T00:00:00.000Z,5-11,15.34,219
2022-04-27T00:00:00.000Z,12-15,13.98,124
2022-04-27T00:00:00.000Z,16-19,12.66,111
2022-04-28T00:00:00.000Z,0-4,17.93,178
2022-04-28T00:00:00.000Z,5-11,15.42,217
2022-04-28T00:00:00.000Z,12-15,17.75,120
2022-04-28T00:00:00.000Z,16-19,12.83,108
2022-04-29T00:00:00.000Z,0-4,14.65,178
2022-04-29T00:00:00.000Z,5-11,14.04,222
2022-04-29T00:00:00.000Z,12-15,13.51,120
2022-04-29T00:00:00.000Z,16-19,12.66,108
2022-04-30T00:00:00.000Z,0-4,12.24,173
2022-04-30T00:00:00.000Z,5-11,11.62,212
2022-04-30T00:00:00.000Z,12-15,17.6,120
2022-04-30T00:00:00.000Z,16-19,8.61,100
2022-05-01T00:00:00.000Z,0-4,18.8,162
2022-05-01T00:00:00.000Z,5-11,19.05,203
2022-05-01T00:00:00.000Z,12-15,19.17,113
2022-05-01T00:00:00.000Z,16-19,11.31,87
2022-05-02T00:00:00.000Z,0-4,19.02,154
2022-05-02T00:00:00.000Z,5-11,15.82,193
2022-05-02T00:00:00.000Z,12-15,17.28,110
2022-05-02T00:00:00.000Z,16-19,9.79,73
2022-05-03T00:00:00.000Z,0-4,15.96,150
2022-05-03T00:00:00.000Z,5-11,15.82,189
2022-05-03T00:00:00.000Z,12-15,11.15,100
2022-05-03T00:00:00.000Z,16-19,12.49,68
2022-05-04T00:00:00.000Z,0-4,13.99,147
2022-05-04T00:00:00.000Z,5-11,14.04,187
2022-05-04T00:00:00.000Z,12-15,12.25,98
2022-05-04T00:00:00.000Z,16-19,8.1,64
2022-05-05T00:00:00.000Z,0-4,6.45,132
2022-05-05T00:00:00.000Z,5-11,6.86,172
2022-05-05T00:00:00.000Z,12-15,6.28,88
2022-05-05T00:00:00.000Z,16-19,5.91,58
2022-05-06T00:00:00.000Z,0-4,15.52,133
2022-05-06T00:00:00.000Z,5-11,19.94,182
2022-05-06T00:00:00.000Z,12-15,19.17,93
2022-05-06T00:00:00.000Z,16-19,13.33,58
2022-05-07T00:00:00.000Z,0-4,11.48,132
2022-05-07T00:00:00.000Z,5-11,15.09,188
2022-05-07T00:00:00.000Z,12-15,15.55,91
2022-05-07T00:00:00.000Z,16-19,13.5,63
2022-05-08T00:00:00.000Z,0-4,17.38,130
2022-05-08T00:00:00.000Z,5-11,23.49,196
2022-05-08T00:00:00.000Z,12-15,27.49,99
2022-05-08T00:00:00.000Z,16-19,18.73,69
2022-05-09T00:00:00.000Z,0-4,18.26,129
2022-05-09T00:00:00.000Z,5-11,19.77,203
2022-05-09T00:00:00.000Z,12-15,21.52,103
2022-05-09T00:00:00.000Z,16-19,17.21,75
2022-05-10T00:00:00.000Z,0-4,12.46,124
2022-05-10T00:00:00.000Z,5-11,17.6,206
2022-05-10T00:00:00.000Z,12-15,15.87,107
2022-05-10T00:00:00.000Z,16-19,12.83,75
2022-05-11T00:00:00.000Z,0-4,10.06,119
2022-05-11T00:00:00.000Z,5-11,14.93,208
2022-05-11T00:00:00.000Z,12-15,17.44,112
2022-05-11T00:00:00.000Z,16-19,12.83,79
2022-05-12T00:00:00.000Z,0-4,13.67,129
2022-05-12T00:00:00.000Z,5-11,17.68,227
2022-05-12T00:00:00.000Z,12-15,17.75,122
2022-05-12T00:00:00.000Z,16-19,10.13,83
2022-05-13T00:00:00.000Z,0-4,8.85,120
2022-05-13T00:00:00.000Z,5-11,10.73,211
2022-05-13T00:00:00.000Z,12-15,18.38,121
2022-05-13T00:00:00.000Z,16-19,6.58,77
2022-05-14T00:00:00.000Z,0-4,7.54,115
2022-05-14T00:00:00.000Z,5-11,11.46,204
2022-05-14T00:00:00.000Z,12-15,15.24,121
2022-05-14T00:00:00.000Z,16-19,10.63,75
2022-05-15T00:00:00.000Z,0-4,13.77,110
2022-05-15T00:00:00.000Z,5-11,21.23,200
2022-05-15T00:00:00.000Z,12-15,18.07,113
2022-05-15T00:00:00.000Z,16-19,17.38,74
2022-05-16T00:00:00.000Z,0-4,11.7,102
2022-05-16T00:00:00.000Z,5-11,18.24,198
2022-05-16T00:00:00.000Z,12-15,21.68,113
2022-05-16T00:00:00.000Z,16-19,11.64,69
2022-05-17T00:00:00.000Z,0-4,7.43,95
2022-05-17T00:00:00.000Z,5-11,19.29,201
2022-05-17T00:00:00.000Z,12-15,16.18,113
2022-05-17T00:00:00.000Z,16-19,10.8,67
2022-05-18T00:00:00.000Z,0-4,10.17,95
2022-05-18T00:00:00.000Z,5-11,14.12,199
2022-05-18T00:00:00.000Z,12-15,16.5,112
2022-05-18T00:00:00.000Z,16-19,8.78,64
2022-05-19T00:00:00.000Z,0-4,6.89,86
2022-05-19T00:00:00.000Z,5-11,11.3,188
2022-05-19T00:00:00.000Z,12-15,13.51,108
2022-05-19T00:00:00.000Z,16-19,8.94,63
2022-05-20T00:00:00.000Z,0-4,7.54,85
2022-05-20T00:00:00.000Z,5-11,10.01,187
2022-05-20T00:00:00.000Z,12-15,13.04,103
2022-05-20T00:00:00.000Z,16-19,7.43,64
2022-05-21T00:00:00.000Z,0-4,4.04,80
2022-05-21T00:00:00.000Z,5-11,9.44,183
2022-05-21T00:00:00.000Z,12-15,13.83,102
2022-05-21T00:00:00.000Z,16-19,10.46,63
2022-05-22T00:00:00.000Z,0-4,8.2,73
2022-05-22T00:00:00.000Z,5-11,14.04,170
2022-05-22T00:00:00.000Z,12-15,17.44,102
2022-05-22T00:00:00.000Z,16-19,16.54,63
2022-05-23T00:00:00.000Z,0-4,8.09,68
2022-05-23T00:00:00.000Z,5-11,15.5,165
2022-05-23T00:00:00.000Z,12-15,14.93,95
2022-05-23T00:00:00.000Z,16-19,13.67,64
2022-05-24T00:00:00.000Z,0-4,6.34,67
2022-05-24T00:00:00.000Z,5-11,12.43,153
2022-05-24T00:00:00.000Z,12-15,13.67,93
2022-05-24T00:00:00.000Z,16-19,10.63,64
2022-05-25T00:00:00.000Z,0-4,6.78,62
2022-05-25T00:00:00.000Z,5-11,10.9,148
2022-05-25T00:00:00.000Z,12-15,13.35,90
2022-05-25T00:00:00.000Z,16-19,12.99,68
2022-05-26T00:00:00.000Z,0-4,7.32,63
2022-05-26T00:00:00.000Z,5-11,8.64,143
2022-05-26T00:00:00.000Z,12-15,10.06,87
2022-05-26T00:00:00.000Z,16-19,9.62,68
2022-05-27T00:00:00.000Z,0-4,5.68,60
2022-05-27T00:00:00.000Z,5-11,7.02,138
2022-05-27T00:00:00.000Z,12-15,9.43,84
2022-05-27T00:00:00.000Z,16-19,5.74,67
2022-05-28T00:00:00.000Z,0-4,5.68,62
2022-05-28T00:00:00.000Z,5-11,6.78,133
2022-05-28T00:00:00.000Z,12-15,10.84,81
2022-05-28T00:00:00.000Z,16-19,12.32,69
2022-05-29T00:00:00.000Z,0-4,9.62,64
2022-05-29T00:00:00.000Z,5-11,13.16,131
2022-05-29T00:00:00.000Z,12-15,17.6,81
2022-05-29T00:00:00.000Z,16-19,12.83,65
2022-05-30T00:00:00.000Z,0-4,8.31,65
2022-05-30T00:00:00.000Z,5-11,14.29,129
2022-05-30T00:00:00.000Z,12-15,17.44,84
2022-05-30T00:00:00.000Z,16-19,14.18,66
2022-05-31T00:00:00.000Z,0-4,7.87,67
2022-05-31T00:00:00.000Z,5-11,10.01,125
2022-05-31T00:00:00.000Z,12-15,12.88,83
2022-05-31T00:00:00.000Z,16-19,11.14,66
2022-06-01T00:00:00.000Z,0-4,6.67,66
2022-06-01T00:00:00.000Z,5-11,8.96,121
2022-06-01T00:00:00.000Z,12-15,15.4,85
2022-06-01T00:00:00.000Z,16-19,11.14,65
2022-06-02T00:00:00.000Z,0-4,6.78,66
2022-06-02T00:00:00.000Z,5-11,9.52,123
2022-06-02T00:00:00.000Z,12-15,15.4,90
2022-06-02T00:00:00.000Z,16-19,11.98,67
2022-06-03T00:00:00.000Z,0-4,6.01,66
2022-06-03T00:00:00.000Z,5-11,7.26,123
2022-06-03T00:00:00.000Z,12-15,12.1,92
2022-06-03T00:00:00.000Z,16-19,9.96,70
2022-06-04T00:00:00.000Z,0-4,4.59,65
2022-06-04T00:00:00.000Z,5-11,6.05,122
2022-06-04T00:00:00.000Z,12-15,10.53,92
2022-06-04T00:00:00.000Z,16-19,7.93,67
2022-06-05T00:00:00.000Z,0-4,6.34,60
2022-06-05T00:00:00.000Z,5-11,9.36,115
2022-06-05T00:00:00.000Z,12-15,12.25,87
2022-06-05T00:00:00.000Z,16-19,13.84,67
2022-06-06T00:00:00.000Z,0-4,12.9,66
2022-06-06T00:00:00.000Z,5-11,16.63,120
2022-06-06T00:00:00.000Z,12-15,22.94,92
2022-06-06T00:00:00.000Z,16-19,24.98,77
2022-06-07T00:00:00.000Z,0-4,14.32,75
2022-06-07T00:00:00.000Z,5-11,18.89,135
2022-06-07T00:00:00.000Z,12-15,28.12,106
2022-06-07T00:00:00.000Z,16-19,26.66,90
2022-06-08T00:00:00.000Z,0-4,16.18,87
2022-06-08T00:00:00.000Z,5-11,20.42,156
2022-06-08T00:00:00.000Z,12-15,34.09,123
2022-06-08T00:00:00.000Z,16-19,29.7,105
2022-06-09T00:00:00.000Z,0-4,17.38,101
2022-06-09T00:00:00.000Z,5-11,22.68,179
2022-06-09T00:00:00.000Z,12-15,32.37,138
2022-06-09T00:00:00.000Z,16-19,24.81,116
2022-06-10T00:00:00.000Z,0-4,14.98,113
2022-06-10T00:00:00.000Z,5-11,16.38,195
2022-06-10T00:00:00.000Z,12-15,24.04,149
2022-06-10T00:00:00.000Z,16-19,20.08,125
2022-06-11T00:00:00.000Z,0-4,13.34,124
2022-06-11T00:00:00.000Z,5-11,20.02,220
2022-06-11T00:00:00.000Z,12-15,30.17,167
2022-06-11T00:00:00.000Z,16-19,23.8,138
2022-06-12T00:00:00.000Z,0-4,21.32,144
2022-06-12T00:00:00.000Z,5-11,36.72,268
2022-06-12T00:00:00.000Z,12-15,46.82,198
2022-06-12T00:00:00.000Z,16-19,48.77,168
2022-06-13T00:00:00.000Z,0-4,22.85,157
2022-06-13T00:00:00.000Z,5-11,37.45,305
2022-06-13T00:00:00.000Z,12-15,52.48,225
2022-06-13T00:00:00.000Z,16-19,47.42,187
2022-06-14T00:00:00.000Z,0-4,30.61,178
2022-06-14T00:00:00.000Z,5-11,44.96,351
2022-06-14T00:00:00.000Z,12-15,47.29,243
2022-06-14T00:00:00.000Z,16-19,45.9,203
2022-06-15T00:00:00.000Z,0-4,28.53,194
2022-06-15T00:00:00.000Z,5-11,40.11,386
2022-06-15T00:00:00.000Z,12-15,51.06,258
2022-06-15T00:00:00.000Z,16-19,38.98,211
2022-06-16T00:00:00.000Z,0-4,29.63,210
2022-06-16T00:00:00.000Z,5-11,44.15,424
2022-06-16T00:00:00.000Z,12-15,57.5,281
2022-06-16T00:00:00.000Z,16-19,42.53,226
2022-06-17T00:00:00.000Z,0-4,23.72,222
2022-06-17T00:00:00.000Z,5-11,41.97,469
2022-06-17T00:00:00.000Z,12-15,48.39,303
2022-06-17T00:00:00.000Z,16-19,35.95,239
2022-06-18T00:00:00.000Z,0-4,23.83,235
2022-06-18T00:00:00.000Z,5-11,39.87,504
2022-06-18T00:00:00.000Z,12-15,46.82,318
2022-06-18T00:00:00.000Z,16-19,42.53,255
2022-06-19T00:00:00.000Z,0-4,43.07,264
2022-06-19T00:00:00.000Z,5-11,79.42,580
2022-06-19T00:00:00.000Z,12-15,79.66,348
2022-06-19T00:00:00.000Z,16-19,64.97,269
2022-06-20T00:00:00.000Z,0-4,41.21,288
2022-06-20T00:00:00.000Z,5-11,71.03,639
2022-06-20T00:00:00.000Z,12-15,79.97,373
2022-06-20T00:00:00.000Z,16-19,55.52,276
2022-06-21T00:00:00.000Z,0-4,44.27,306
2022-06-21T00:00:00.000Z,5-11,69.98,684
2022-06-21T00:00:00.000Z,12-15,68.66,392
2022-06-21T00:00:00.000Z,16-19,57.38,286
2022-06-22T00:00:00.000Z,0-4,39.36,320
2022-06-22T00:00:00.000Z,5-11,57.55,715
2022-06-22T00:00:00.000Z,12-15,66.93,407
2022-06-22T00:00:00.000Z,16-19,59.41,303
2022-06-23T00:00:00.000Z,0-4,34,326
2022-06-23T00:00:00.000Z,5-11,52.3,729
2022-06-23T00:00:00.000Z,12-15,72.27,420
2022-06-23T00:00:00.000Z,16-19,64.97,322
2022-06-24T00:00:00.000Z,0-4,30.72,335
2022-06-24T00:00:00.000Z,5-11,51.09,745
2022-06-24T00:00:00.000Z,12-15,56.87,428
2022-06-24T00:00:00.000Z,16-19,57.89,340
2022-06-25T00:00:00.000Z,0-4,31.05,344
2022-06-25T00:00:00.000Z,5-11,43.75,752
2022-06-25T00:00:00.000Z,12-15,52.79,433
2022-06-25T00:00:00.000Z,16-19,59.57,355
2022-06-26T00:00:00.000Z,0-4,50.72,354
2022-06-26T00:00:00.000Z,5-11,61.02,719
2022-06-26T00:00:00.000Z,12-15,63.63,419
2022-06-26T00:00:00.000Z,16-19,101.09,385
2022-06-27T00:00:00.000Z,0-4,50.83,367
2022-06-27T00:00:00.000Z,5-11,61.67,703
2022-06-27T00:00:00.000Z,12-15,56.72,398
2022-06-27T00:00:00.000Z,16-19,90.29,415
2022-06-28T00:00:00.000Z,0-4,52.8,378
2022-06-28T00:00:00.000Z,5-11,60.86,687
2022-06-28T00:00:00.000Z,12-15,50.9,382
2022-06-28T00:00:00.000Z,16-19,73.58,429
2022-06-29T00:00:00.000Z,0-4,51.49,394
2022-06-29T00:00:00.000Z,5-11,56.02,684
2022-06-29T00:00:00.000Z,12-15,45.56,362
2022-06-29T00:00:00.000Z,16-19,70.37,438
2022-06-30T00:00:00.000Z,0-4,49.3,414
2022-06-30T00:00:00.000Z,5-11,60.62,699
2022-06-30T00:00:00.000Z,12-15,46.19,338
2022-06-30T00:00:00.000Z,16-19,55.35,430
2022-07-01T00:00:00.000Z,0-4,42.2,429
2022-07-01T00:00:00.000Z,5-11,51.17,699
2022-07-01T00:00:00.000Z,12-15,44.31,327
2022-07-01T00:00:00.000Z,16-19,46.41,420
2022-07-02T00:00:00.000Z,0-4,36.4,436
2022-07-02T00:00:00.000Z,5-11,53.19,716
2022-07-02T00:00:00.000Z,12-15,34.25,310
2022-07-02T00:00:00.000Z,16-19,49.95,412
2022-07-03T00:00:00.000Z,0-4,65.59,455
2022-07-03T00:00:00.000Z,5-11,91.53,770
2022-07-03T00:00:00.000Z,12-15,55.62,303
2022-07-03T00:00:00.000Z,16-19,81.68,395
2022-07-04T00:00:00.000Z,0-4,65.81,475
2022-07-04T00:00:00.000Z,5-11,86.61,814
2022-07-04T00:00:00.000Z,12-15,55.46,302
2022-07-04T00:00:00.000Z,16-19,68.86,377
2022-07-05T00:00:00.000Z,0-4,60.89,485
2022-07-05T00:00:00.000Z,5-11,68.45,827
2022-07-05T00:00:00.000Z,12-15,46.82,298
2022-07-05T00:00:00.000Z,16-19,62.95,368
2022-07-06T00:00:00.000Z,0-4,56.63,492
2022-07-06T00:00:00.000Z,5-11,59.73,834
2022-07-06T00:00:00.000Z,12-15,40.06,293
2022-07-06T00:00:00.000Z,16-19,54,354
2022-07-07T00:00:00.000Z,0-4,52.36,496
2022-07-07T00:00:00.000Z,5-11,56.34,826
2022-07-07T00:00:00.000Z,12-15,41.16,288
2022-07-07T00:00:00.000Z,16-19,47.93,348
2022-07-08T00:00:00.000Z,0-4,48.76,505
2022-07-08T00:00:00.000Z,5-11,47.46,820
2022-07-08T00:00:00.000Z,12-15,32.05,277
2022-07-08T00:00:00.000Z,16-19,36.45,340
2022-07-09T00:00:00.000Z,0-4,32.36,499
2022-07-09T00:00:00.000Z,5-11,41.73,799
2022-07-09T00:00:00.000Z,12-15,26.55,270
2022-07-09T00:00:00.000Z,16-19,43.2,334
2022-07-10T00:00:00.000Z,0-4,61.22,494
2022-07-10T00:00:00.000Z,5-11,65.54,753
2022-07-10T00:00:00.000Z,12-15,38.81,255
2022-07-10T00:00:00.000Z,16-19,70.04,324
2022-07-11T00:00:00.000Z,0-4,58.05,483
2022-07-11T00:00:00.000Z,5-11,57.55,702
2022-07-11T00:00:00.000Z,12-15,36.76,238
2022-07-11T00:00:00.000Z,16-19,55.35,313
2022-07-12T00:00:00.000Z,0-4,51.6,471
2022-07-12T00:00:00.000Z,5-11,47.7,665
2022-07-12T00:00:00.000Z,12-15,34.09,226
2022-07-12T00:00:00.000Z,16-19,52.32,304
2022-07-13T00:00:00.000Z,0-4,42.53,453
2022-07-13T00:00:00.000Z,5-11,40.2,631
2022-07-13T00:00:00.000Z,12-15,28.28,216
2022-07-13T00:00:00.000Z,16-19,43.71,295
2022-07-14T00:00:00.000Z,0-4,38.81,435
2022-07-14T00:00:00.000Z,5-11,36.32,595
2022-07-14T00:00:00.000Z,12-15,25.45,201
2022-07-14T00:00:00.000Z,16-19,37.47,286
2022-07-15T00:00:00.000Z,0-4,35.86,418
2022-07-15T00:00:00.000Z,5-11,28.65,562
2022-07-15T00:00:00.000Z,12-15,23.1,193
2022-07-15T00:00:00.000Z,16-19,35.44,285
2022-07-16T00:00:00.000Z,0-4,27.99,413
2022-07-16T00:00:00.000Z,5-11,21.87,527
2022-07-16T00:00:00.000Z,12-15,16.65,184
2022-07-16T00:00:00.000Z,16-19,39.15,282
2022-07-17T00:00:00.000Z,0-4,51.05,399
2022-07-17T00:00:00.000Z,5-11,40.6,483
2022-07-17T00:00:00.000Z,12-15,28.12,175
2022-07-17T00:00:00.000Z,16-19,57.04,271
2022-07-18T00:00:00.000Z,0-4,46.24,384
2022-07-18T00:00:00.000Z,5-11,32.2,438
2022-07-18T00:00:00.000Z,12-15,27.02,166
2022-07-18T00:00:00.000Z,16-19,44.22,261
2022-07-19T00:00:00.000Z,0-4,39.57,368
2022-07-19T00:00:00.000Z,5-11,28.81,404
2022-07-19T00:00:00.000Z,12-15,22.47,155
2022-07-19T00:00:00.000Z,16-19,37.8,249
2022-07-20T00:00:00.000Z,0-4,32.47,355
2022-07-20T00:00:00.000Z,5-11,25.99,379
2022-07-20T00:00:00.000Z,12-15,18.38,146
2022-07-20T00:00:00.000Z,16-19,31.9,239
2022-07-21T00:00:00.000Z,0-4,33.34,348
2022-07-21T00:00:00.000Z,5-11,22.52,355
2022-07-21T00:00:00.000Z,12-15,16.65,138
2022-07-21T00:00:00.000Z,16-19,27.34,231
2022-07-22T00:00:00.000Z,0-4,22.85,331
2022-07-22T00:00:00.000Z,5-11,21.63,342
2022-07-22T00:00:00.000Z,12-15,18.23,134
2022-07-22T00:00:00.000Z,16-19,19.24,217
2022-07-23T00:00:00.000Z,0-4,19.9,320
2022-07-23T00:00:00.000Z,5-11,14.21,329
2022-07-23T00:00:00.000Z,12-15,11.15,129
2022-07-23T00:00:00.000Z,16-19,21.94,202
2022-07-24T00:00:00.000Z,0-4,30.61,294
2022-07-24T00:00:00.000Z,5-11,25.26,302
2022-07-24T00:00:00.000Z,12-15,16.03,118
2022-07-24T00:00:00.000Z,16-19,33.75,183
2022-07-25T00:00:00.000Z,0-4,31.05,274
2022-07-25T00:00:00.000Z,5-11,21.23,282
2022-07-25T00:00:00.000Z,12-15,17.44,109
2022-07-25T00:00:00.000Z,16-19,27.51,168
2022-07-26T00:00:00.000Z,0-4,30.5,262
2022-07-26T00:00:00.000Z,5-11,20.66,268
2022-07-26T00:00:00.000Z,12-15,17.28,104
2022-07-26T00:00:00.000Z,16-19,22.45,155
2022-07-27T00:00:00.000Z,0-4,20.66,246
2022-07-27T00:00:00.000Z,5-11,15.98,250
2022-07-27T00:00:00.000Z,12-15,12.88,99
2022-07-27T00:00:00.000Z,16-19,22.95,148
2022-07-28T00:00:00.000Z,0-4,22.08,232
2022-07-28T00:00:00.000Z,5-11,17.43,241
2022-07-28T00:00:00.000Z,12-15,11,94
2022-07-28T00:00:00.000Z,16-19,17.72,140
2022-07-29T00:00:00.000Z,0-4,14.87,221
2022-07-29T00:00:00.000Z,5-11,11.22,223
2022-07-29T00:00:00.000Z,12-15,11.31,88
2022-07-29T00:00:00.000Z,16-19,11.81,133
2022-07-30T00:00:00.000Z,0-4,11.26,210
2022-07-30T00:00:00.000Z,5-11,9.6,214
2022-07-30T00:00:00.000Z,12-15,8.33,85
2022-07-30T00:00:00.000Z,16-19,17.55,130
2022-07-31T00:00:00.000Z,0-4,22.52,199
2022-07-31T00:00:00.000Z,5-11,14.37,195
2022-07-31T00:00:00.000Z,12-15,11.78,81
2022-07-31T00:00:00.000Z,16-19,26.5,124
2022-08-01T00:00:00.000Z,0-4,15.3,179
2022-08-01T00:00:00.000Z,5-11,12.75,180
2022-08-01T00:00:00.000Z,12-15,13.67,78
2022-08-01T00:00:00.000Z,16-19,19.07,116
2022-08-02T00:00:00.000Z,0-4,16.94,161
2022-08-02T00:00:00.000Z,5-11,11.38,164
2022-08-02T00:00:00.000Z,12-15,7.86,69
2022-08-02T00:00:00.000Z,16-19,16.88,112
2022-08-03T00:00:00.000Z,0-4,12.57,151
2022-08-03T00:00:00.000Z,5-11,9.52,152
2022-08-03T00:00:00.000Z,12-15,7.07,64
2022-08-03T00:00:00.000Z,16-19,16.71,106
2022-08-04T00:00:00.000Z,0-4,13.45,139
2022-08-04T00:00:00.000Z,5-11,9.52,138
2022-08-04T00:00:00.000Z,12-15,8.64,62
2022-08-04T00:00:00.000Z,16-19,13.16,103
2022-08-05T00:00:00.000Z,0-4,12.13,136
2022-08-05T00:00:00.000Z,5-11,6.62,130
2022-08-05T00:00:00.000Z,12-15,8.17,59
2022-08-05T00:00:00.000Z,16-19,12.83,103
2022-08-06T00:00:00.000Z,0-4,7.98,131
2022-08-06T00:00:00.000Z,5-11,4.84,122
2022-08-06T00:00:00.000Z,12-15,4.56,56
2022-08-06T00:00:00.000Z,16-19,8.27,96
2022-08-07T00:00:00.000Z,0-4,10.82,116
2022-08-07T00:00:00.000Z,5-11,8.31,111
2022-08-07T00:00:00.000Z,12-15,6.91,51
2022-08-07T00:00:00.000Z,16-19,12.66,84
2022-08-08T00:00:00.000Z,0-4,9.51,109
2022-08-08T00:00:00.000Z,5-11,6.46,100
2022-08-08T00:00:00.000Z,12-15,6.91,45
2022-08-08T00:00:00.000Z,16-19,10.97,77
2022-08-09T00:00:00.000Z,0-4,7.11,96
2022-08-09T00:00:00.000Z,5-11,6.94,92
2022-08-09T00:00:00.000Z,12-15,7.07,44
2022-08-09T00:00:00.000Z,16-19,9.28,71
2022-08-10T00:00:00.000Z,0-4,6.67,88
2022-08-10T00:00:00.000Z,5-11,5.33,85
2022-08-10T00:00:00.000Z,12-15,5.5,43
2022-08-10T00:00:00.000Z,16-19,8.94,64
2022-08-11T00:00:00.000Z,0-4,5.36,77
2022-08-11T00:00:00.000Z,5-11,4.52,76
2022-08-11T00:00:00.000Z,12-15,5.97,41
2022-08-11T00:00:00.000Z,16-19,5.06,57
2022-08-12T00:00:00.000Z,0-4,6.45,70
2022-08-12T00:00:00.000Z,5-11,3.07,69
2022-08-12T00:00:00.000Z,12-15,4.24,37
2022-08-12T00:00:00.000Z,16-19,4.89,50
2022-08-13T00:00:00.000Z,0-4,3.72,64
2022-08-13T00:00:00.000Z,5-11,4.12,68
2022-08-13T00:00:00.000Z,12-15,2.51,35
2022-08-13T00:00:00.000Z,16-19,8.1,50
2022-08-14T00:00:00.000Z,0-4,6.89,59
2022-08-14T00:00:00.000Z,5-11,5.33,63
2022-08-14T00:00:00.000Z,12-15,3.93,32
2022-08-14T00:00:00.000Z,16-19,8.78,47
2022-08-15T00:00:00.000Z,0-4,6.89,56
2022-08-15T00:00:00.000Z,5-11,4.92,60
2022-08-15T00:00:00.000Z,12-15,5.5,31
2022-08-15T00:00:00.000Z,16-19,5.4,42
2022-08-16T00:00:00.000Z,0-4,4.81,53
2022-08-16T00:00:00.000Z,5-11,4.6,56
2022-08-16T00:00:00.000Z,12-15,4.71,29
2022-08-16T00:00:00.000Z,16-19,6.58,40
2022-08-17T00:00:00.000Z,0-4,4.04,49
2022-08-17T00:00:00.000Z,5-11,2.91,52
2022-08-17T00:00:00.000Z,12-15,3.77,27
2022-08-17T00:00:00.000Z,16-19,5.4,37
2022-08-18T00:00:00.000Z,0-4,4.04,48
2022-08-18T00:00:00.000Z,5-11,4.2,51
2022-08-18T00:00:00.000Z,12-15,5.03,27
2022-08-18T00:00:00.000Z,16-19,4.73,37
2022-08-19T00:00:00.000Z,0-4,4.26,45
2022-08-19T00:00:00.000Z,5-11,4.44,54
2022-08-19T00:00:00.000Z,12-15,3.93,26
2022-08-19T00:00:00.000Z,16-19,4.73,37
2022-08-20T00:00:00.000Z,0-4,2.3,43
2022-08-20T00:00:00.000Z,5-11,1.53,49
2022-08-20T00:00:00.000Z,12-15,2.04,26
2022-08-20T00:00:00.000Z,16-19,3.21,32
2022-08-21T00:00:00.000Z,0-4,4.15,39
2022-08-21T00:00:00.000Z,5-11,3.55,46
2022-08-21T00:00:00.000Z,12-15,2.51,25
2022-08-21T00:00:00.000Z,16-19,5.91,30
2022-08-22T00:00:00.000Z,0-4,4.15,36
2022-08-22T00:00:00.000Z,5-11,3.07,43
2022-08-22T00:00:00.000Z,12-15,4.56,24
2022-08-22T00:00:00.000Z,16-19,6.24,31
2022-08-23T00:00:00.000Z,0-4,3.28,34
2022-08-23T00:00:00.000Z,5-11,3.07,40
2022-08-23T00:00:00.000Z,12-15,3.14,22
2022-08-23T00:00:00.000Z,16-19,5.57,30
2022-08-24T00:00:00.000Z,0-4,3.28,33
2022-08-24T00:00:00.000Z,5-11,2.5,39
2022-08-24T00:00:00.000Z,12-15,2.99,22
2022-08-24T00:00:00.000Z,16-19,4.56,29
2022-08-25T00:00:00.000Z,0-4,2.3,31
2022-08-25T00:00:00.000Z,5-11,2.02,35
2022-08-25T00:00:00.000Z,12-15,1.73,19
2022-08-25T00:00:00.000Z,16-19,3.54,28
2022-08-26T00:00:00.000Z,0-4,2.41,28
2022-08-26T00:00:00.000Z,5-11,3.15,33
2022-08-26T00:00:00.000Z,12-15,1.57,16
2022-08-26T00:00:00.000Z,16-19,4.73,28
2022-08-27T00:00:00.000Z,0-4,1.31,27
2022-08-27T00:00:00.000Z,5-11,2.02,34
2022-08-27T00:00:00.000Z,12-15,1.41,16
2022-08-27T00:00:00.000Z,16-19,3.88,29
2022-08-28T00:00:00.000Z,0-4,3.5,26
2022-08-28T00:00:00.000Z,5-11,1.69,31
2022-08-28T00:00:00.000Z,12-15,2.83,16
2022-08-28T00:00:00.000Z,16-19,7.26,30
2022-08-29T00:00:00.000Z,0-4,1.42,22
2022-08-29T00:00:00.000Z,5-11,2.66,30
2022-08-29T00:00:00.000Z,12-15,3.46,15
2022-08-29T00:00:00.000Z,16-19,4.56,28
2022-08-30T00:00:00.000Z,0-4,2.62,22
2022-08-30T00:00:00.000Z,5-11,2.1,28
2022-08-30T00:00:00.000Z,12-15,2.51,15
2022-08-30T00:00:00.000Z,16-19,3.21,26
2022-08-31T00:00:00.000Z,0-4,2.08,20
2022-08-31T00:00:00.000Z,5-11,2.58,28
2022-08-31T00:00:00.000Z,12-15,4.08,16
2022-08-31T00:00:00.000Z,16-19,2.36,25
2022-09-01T00:00:00.000Z,0-4,2.19,20
2022-09-01T00:00:00.000Z,5-11,1.86,28
2022-09-01T00:00:00.000Z,12-15,3.46,17
2022-09-01T00:00:00.000Z,16-19,3.04,24
2022-09-02T00:00:00.000Z,0-4,2.08,19
2022-09-02T00:00:00.000Z,5-11,1.94,26
2022-09-02T00:00:00.000Z,12-15,3.3,19
2022-09-02T00:00:00.000Z,16-19,2.7,22
2022-09-03T00:00:00.000Z,0-4,3.28,22
2022-09-03T00:00:00.000Z,5-11,1.53,25
2022-09-03T00:00:00.000Z,12-15,2.83,20
2022-09-03T00:00:00.000Z,16-19,3.54,22
2022-09-04T00:00:00.000Z,0-4,4.7,24
2022-09-04T00:00:00.000Z,5-11,4.6,30
2022-09-04T00:00:00.000Z,12-15,3.3,20
2022-09-04T00:00:00.000Z,16-19,6.41,21
2022-09-05T00:00:00.000Z,0-4,3.39,26
2022-09-05T00:00:00.000Z,5-11,4.04,33
2022-09-05T00:00:00.000Z,12-15,5.81,23
2022-09-05T00:00:00.000Z,16-19,5.4,22
2022-09-06T00:00:00.000Z,0-4,5.36,30
2022-09-06T00:00:00.000Z,5-11,4.92,38
2022-09-06T00:00:00.000Z,12-15,6.6,26
2022-09-06T00:00:00.000Z,16-19,5.23,24
2022-09-07T00:00:00.000Z,0-4,4.04,32
2022-09-07T00:00:00.000Z,5-11,5.57,43
2022-09-07T00:00:00.000Z,12-15,5.66,28
2022-09-07T00:00:00.000Z,16-19,4.39,26
2022-09-08T00:00:00.000Z,0-4,5.47,37
2022-09-08T00:00:00.000Z,5-11,5.17,49
2022-09-08T00:00:00.000Z,12-15,7.38,31
2022-09-08T00:00:00.000Z,16-19,3.38,26
2022-09-09T00:00:00.000Z,0-4,4.26,39
2022-09-09T00:00:00.000Z,5-11,4.76,54
2022-09-09T00:00:00.000Z,12-15,5.34,33
2022-09-09T00:00:00.000Z,16-19,3.04,26
2022-09-10T00:00:00.000Z,0-4,4.04,40
2022-09-10T00:00:00.000Z,5-11,5.17,60
2022-09-10T00:00:00.000Z,12-15,7.38,37
2022-09-10T00:00:00.000Z,16-19,6.58,29
2022-09-11T00:00:00.000Z,0-4,6.45,43
2022-09-11T00:00:00.000Z,5-11,7.83,66
2022-09-11T00:00:00.000Z,12-15,12.25,45
2022-09-11T00:00:00.000Z,16-19,7.43,30
2022-09-12T00:00:00.000Z,0-4,6.34,47
2022-09-12T00:00:00.000Z,5-11,10.25,77
2022-09-12T00:00:00.000Z,12-15,12.73,52
2022-09-12T00:00:00.000Z,16-19,7.43,31
2022-09-13T00:00:00.000Z,0-4,5.9,47
2022-09-13T00:00:00.000Z,5-11,7.59,82
2022-09-13T00:00:00.000Z,12-15,11.94,57
2022-09-13T00:00:00.000Z,16-19,4.89,31
2022-09-14T00:00:00.000Z,0-4,5.03,49
2022-09-14T00:00:00.000Z,5-11,6.54,83
2022-09-14T00:00:00.000Z,12-15,9.43,60
2022-09-14T00:00:00.000Z,16-19,5.57,32
2022-09-15T00:00:00.000Z,0-4,4.37,47
2022-09-15T00:00:00.000Z,5-11,5.33,84
2022-09-15T00:00:00.000Z,12-15,8.33,61
2022-09-15T00:00:00.000Z,16-19,4.56,33
2022-09-16T00:00:00.000Z,0-4,3.5,46
2022-09-16T00:00:00.000Z,5-11,4.28,83
2022-09-16T00:00:00.000Z,12-15,7.38,63
2022-09-16T00:00:00.000Z,16-19,4.73,34
2022-09-17T00:00:00.000Z,0-4,2.41,44
2022-09-17T00:00:00.000Z,5-11,3.79,80
2022-09-17T00:00:00.000Z,12-15,7.86,63
2022-09-17T00:00:00.000Z,16-19,3.88,32
2022-09-18T00:00:00.000Z,0-4,3.5,40
2022-09-18T00:00:00.000Z,5-11,6.38,78
2022-09-18T00:00:00.000Z,12-15,11.63,63
2022-09-18T00:00:00.000Z,16-19,5.4,30
2022-09-19T00:00:00.000Z,0-4,4.59,38
2022-09-19T00:00:00.000Z,5-11,5.08,69
2022-09-19T00:00:00.000Z,12-15,8.96,59
2022-09-19T00:00:00.000Z,16-19,9.28,32
2022-09-20T00:00:00.000Z,0-4,1.75,32
2022-09-20T00:00:00.000Z,5-11,4.76,64
2022-09-20T00:00:00.000Z,12-15,10.37,58
2022-09-20T00:00:00.000Z,16-19,6.08,33
2022-09-21T00:00:00.000Z,0-4,1.42,28
2022-09-21T00:00:00.000Z,5-11,2.66,57
2022-09-21T00:00:00.000Z,12-15,8.17,57
2022-09-21T00:00:00.000Z,16-19,4.22,32
2022-09-22T00:00:00.000Z,0-4,1.75,24
2022-09-22T00:00:00.000Z,5-11,2.99,53
2022-09-22T00:00:00.000Z,12-15,5.03,54
2022-09-22T00:00:00.000Z,16-19,3.04,31
2022-09-23T00:00:00.000Z,0-4,0.98,21
2022-09-23T00:00:00.000Z,5-11,2.18,49
2022-09-23T00:00:00.000Z,12-15,3.3,50
2022-09-23T00:00:00.000Z,16-19,3.04,29
2022-09-24T00:00:00.000Z,0-4,1.09,19
2022-09-24T00:00:00.000Z,5-11,1.29,44
2022-09-24T00:00:00.000Z,12-15,3.46,46
2022-09-24T00:00:00.000Z,16-19,4.22,29
2022-09-25T00:00:00.000Z,0-4,2.73,18
2022-09-25T00:00:00.000Z,5-11,1.78,36
2022-09-25T00:00:00.000Z,12-15,3.3,38
2022-09-25T00:00:00.000Z,16-19,4.56,29
2022-09-26T00:00:00.000Z,0-4,1.53,14
2022-09-26T00:00:00.000Z,5-11,0.97,29
2022-09-26T00:00:00.000Z,12-15,1.73,32
2022-09-26T00:00:00.000Z,16-19,2.87,23
2022-09-27T00:00:00.000Z,0-4,0.87,13
2022-09-27T00:00:00.000Z,5-11,1.45,23
2022-09-27T00:00:00.000Z,12-15,2.51,25
2022-09-27T00:00:00.000Z,16-19,4.73,22
2022-09-28T00:00:00.000Z,0-4,1.64,13
2022-09-28T00:00:00.000Z,5-11,2.99,24
2022-09-28T00:00:00.000Z,12-15,5.97,23
2022-09-28T00:00:00.000Z,16-19,7.43,25
2022-09-29T00:00:00.000Z,0-4,2.51,14
2022-09-29T00:00:00.000Z,5-11,2.42,23
2022-09-29T00:00:00.000Z,12-15,4.87,22
2022-09-29T00:00:00.000Z,16-19,5.4,27
2022-09-30T00:00:00.000Z,0-4,2.41,16
2022-09-30T00:00:00.000Z,5-11,1.29,21
2022-09-30T00:00:00.000Z,12-15,2.99,22
2022-09-30T00:00:00.000Z,16-19,2.7,27
2022-10-01T00:00:00.000Z,0-4,0.98,16
2022-10-01T00:00:00.000Z,5-11,0.56,20
2022-10-01T00:00:00.000Z,12-15,1.57,20
2022-10-01T00:00:00.000Z,16-19,3.04,26
2022-10-02T00:00:00.000Z,0-4,1.86,15
2022-10-02T00:00:00.000Z,5-11,1.29,19
2022-10-02T00:00:00.000Z,12-15,1.26,19
2022-10-02T00:00:00.000Z,16-19,3.88,25
2022-10-03T00:00:00.000Z,0-4,1.53,15
2022-10-03T00:00:00.000Z,5-11,1.37,20
2022-10-03T00:00:00.000Z,12-15,1.89,19
2022-10-03T00:00:00.000Z,16-19,3.38,25
2022-10-04T00:00:00.000Z,0-4,1.31,16
2022-10-04T00:00:00.000Z,5-11,0.48,18
2022-10-04T00:00:00.000Z,12-15,0.79,17
2022-10-04T00:00:00.000Z,16-19,1.52,23
2022-10-05T00:00:00.000Z,0-4,0.11,14
2022-10-05T00:00:00.000Z,5-11,0.4,13
2022-10-05T00:00:00.000Z,12-15,0,12
2022-10-05T00:00:00.000Z,16-19,1.35,18
2022-10-06T00:00:00.000Z,0-4,2.41,13
2022-10-06T00:00:00.000Z,5-11,2.58,14
2022-10-06T00:00:00.000Z,12-15,2.67,10
2022-10-06T00:00:00.000Z,16-19,3.71,16
2022-10-07T00:00:00.000Z,0-4,1.31,12
2022-10-07T00:00:00.000Z,5-11,0.81,13
2022-10-07T00:00:00.000Z,12-15,1.26,8
2022-10-07T00:00:00.000Z,16-19,2.7,16
2022-10-08T00:00:00.000Z,0-4,0.87,12
2022-10-08T00:00:00.000Z,5-11,0.56,13
2022-10-08T00:00:00.000Z,12-15,1.1,8
2022-10-08T00:00:00.000Z,16-19,1.69,15
2022-10-09T00:00:00.000Z,0-4,1.42,11
2022-10-09T00:00:00.000Z,5-11,1.13,13
2022-10-09T00:00:00.000Z,12-15,1.41,8
2022-10-09T00:00:00.000Z,16-19,1.86,13
2022-10-10T00:00:00.000Z,0-4,0.44,10
2022-10-10T00:00:00.000Z,5-11,0.16,10
2022-10-10T00:00:00.000Z,12-15,0.79,7
2022-10-10T00:00:00.000Z,16-19,2.36,12
2022-10-11T00:00:00.000Z,0-4,1.2,10
2022-10-11T00:00:00.000Z,5-11,1.78,13
2022-10-11T00:00:00.000Z,12-15,1.57,8
2022-10-11T00:00:00.000Z,16-19,4.05,15
2022-10-12T00:00:00.000Z,0-4,1.31,11
2022-10-12T00:00:00.000Z,5-11,0.73,13
2022-10-12T00:00:00.000Z,12-15,1.57,9
2022-10-12T00:00:00.000Z,16-19,2.03,15
2022-10-13T00:00:00.000Z,0-4,1.31,10
2022-10-13T00:00:00.000Z,5-11,0.89,10
2022-10-13T00:00:00.000Z,12-15,0.63,7
2022-10-13T00:00:00.000Z,16-19,1.69,13
2022-10-14T00:00:00.000Z,0-4,1.31,10
2022-10-14T00:00:00.000Z,5-11,0.73,10
2022-10-14T00:00:00.000Z,12-15,1.26,7
2022-10-14T00:00:00.000Z,16-19,1.86,13
2022-10-15T00:00:00.000Z,0-4,1.2,10
2022-10-15T00:00:00.000Z,5-11,0.56,10
2022-10-15T00:00:00.000Z,12-15,0.94,7
2022-10-15T00:00:00.000Z,16-19,2.36,13
2022-10-16T00:00:00.000Z,0-4,0,8
2022-10-16T00:00:00.000Z,5-11,0.16,8
2022-10-16T00:00:00.000Z,12-15,0.16,6
2022-10-16T00:00:00.000Z,16-19,0,12
