instituteDesc,occupancy,occupancyDate,occupancyAvg,occupancyAvgLastYear,gOccupancy,gOccupancyAvg,gOccupancyAvgLastYear
הלל יפה,89.7,2021-05-16T00:00:00.000Z,,,67.4,,
זיו צפת,79.7,2021-05-16T00:00:00.000Z,,,59.1,,
בני ציון,76,2021-05-16T00:00:00.000Z,,,61.9,,
"רמב""ם",81.8,2021-05-16T00:00:00.000Z,,,75.7,,
שמיר,68.7,2021-05-16T00:00:00.000Z,,,49.8,,
רבין ק. בילינסון,83.3,2021-05-16T00:00:00.000Z,,,66.6,,
נהריה,91.6,2021-05-16T00:00:00.000Z,,,71.9,,
פוריה,59,2021-05-16T00:00:00.000Z,,,53,,
לניאדו,100,2021-05-16T00:00:00.000Z,,,70.5,,
רבין ק. השרון,51.8,2021-05-16T00:00:00.000Z,,,38.2,,
איכילוב,77.3,2021-05-16T00:00:00.000Z,,,88.8,,
המרכזי בעמק,77.4,2021-05-16T00:00:00.000Z,,,58.4,,
הכרמל,66,2021-05-16T00:00:00.000Z,,,54.4,,
וולפסון,64.8,2021-05-16T00:00:00.000Z,,,55.6,,
שיבא,81.6,2021-05-16T00:00:00.000Z,,,86.6,,
יוספטל,81.3,2021-05-16T00:00:00.000Z,,,50.8,,
ברזילי,62,2021-05-16T00:00:00.000Z,,,40.7,,
מעייני הישועה,91.1,2021-05-16T00:00:00.000Z,,,105.1,,
שמואל הרופא,80.6,2021-05-16T00:00:00.000Z,,,80.4,,
אסותא אשדוד,128.8,2021-05-16T00:00:00.000Z,,,104.1,,
קפלן,62,2021-05-16T00:00:00.000Z,,,53.4,,
שערי צדק,99.3,2021-05-16T00:00:00.000Z,,,76.9,,
מאיר,64,2021-05-16T00:00:00.000Z,,,63.1,,
סורוקה,59.3,2021-05-16T00:00:00.000Z,,,57.4,,
הדסה הר הצופים,63.9,2021-05-16T00:00:00.000Z,,,56.9,,
הדסה עין כרם,118.4,2021-05-16T00:00:00.000Z,,,79.1,,
כלל המוסדות,77.5,2021-05-16T00:00:00.000Z,,,67.5,,
הלל יפה,101.4,2021-05-17T00:00:00.000Z,89.7,84.2,77.5,67.4,67.6
בני ציון,86.8,2021-05-17T00:00:00.000Z,76,68.6,70,61.9,64.7
כלל המוסדות,85.6,2021-05-17T00:00:00.000Z,77.5,78.8,73.5,67.5,74.4
"רמב""ם",94.9,2021-05-17T00:00:00.000Z,81.8,91.9,82.8,75.7,77.7
שמיר,77.2,2021-05-17T00:00:00.000Z,68.7,78.8,57.2,49.8,62
רבין ק. בילינסון,93,2021-05-17T00:00:00.000Z,83.3,102.6,74.9,66.6,85.7
נהריה,96.8,2021-05-17T00:00:00.000Z,91.6,97.9,78.8,71.9,78.8
פוריה,59,2021-05-17T00:00:00.000Z,59,47.4,61.4,53,50.7
לניאדו,119.2,2021-05-17T00:00:00.000Z,100,78.5,80.8,70.5,68.2
רבין ק. השרון,55.3,2021-05-17T00:00:00.000Z,51.8,10.5,44,38.2,6.6
איכילוב,83,2021-05-17T00:00:00.000Z,77.3,61.3,98.3,88.8,99.1
המרכזי בעמק,104.5,2021-05-17T00:00:00.000Z,77.4,89,71.2,58.4,68.8
הכרמל,70.8,2021-05-17T00:00:00.000Z,66,65.1,60.7,54.4,68.1
וולפסון,73.8,2021-05-17T00:00:00.000Z,64.8,70.1,58.9,55.6,65.3
שיבא,87,2021-05-17T00:00:00.000Z,81.6,94.1,90.5,86.6,84.9
יוספטל,93.8,2021-05-17T00:00:00.000Z,81.3,56.3,56.9,50.8,55.4
זיו צפת,93.8,2021-05-17T00:00:00.000Z,79.7,95.3,74.4,59.1,74.6
ברזילי,70.3,2021-05-17T00:00:00.000Z,62,76,45,40.7,61
מעייני הישועה,82.1,2021-05-17T00:00:00.000Z,91.1,,85.4,105.1,
שמואל הרופא,94.4,2021-05-17T00:00:00.000Z,80.6,,83.3,80.4,
אסותא אשדוד,120.3,2021-05-17T00:00:00.000Z,128.8,,89.4,104.1,
קפלן,67.3,2021-05-17T00:00:00.000Z,62,71.3,60.1,53.4,64.4
שערי צדק,102.7,2021-05-17T00:00:00.000Z,99.3,102,87.7,76.9,82.9
מאיר,68.5,2021-05-17T00:00:00.000Z,64,64,69.2,63.1,57.7
סורוקה,67.1,2021-05-17T00:00:00.000Z,59.3,62,65.2,57.4,67.9
הדסה הר הצופים,75,2021-05-17T00:00:00.000Z,63.9,86.1,56.9,56.9,76.4
הדסה עין כרם,126.2,2021-05-17T00:00:00.000Z,118.4,124.3,82.4,79.1,96.1
הלל יפה,100.7,2021-05-18T00:00:00.000Z,95.5,82.2,88,72.4,71.9
בני ציון,80.2,2021-05-18T00:00:00.000Z,81.4,69.4,81.8,65.9,68.2
"רמב""ם",90.4,2021-05-18T00:00:00.000Z,88.4,93.7,91,79.3,82.1
שמיר,79.2,2021-05-18T00:00:00.000Z,73,76.1,59.1,53.5,65.6
רבין ק. בילינסון,97.4,2021-05-18T00:00:00.000Z,88.1,101.8,81.6,70.7,86.9
נהריה,94.2,2021-05-18T00:00:00.000Z,94.2,95.8,81.9,75.3,79.9
פוריה,65.4,2021-05-18T00:00:00.000Z,59,45.5,67.9,57.2,54.4
לניאדו,137.2,2021-05-18T00:00:00.000Z,109.6,83.3,109.2,75.6,74.5
רבין ק. השרון,51.8,2021-05-18T00:00:00.000Z,53.5,13.6,55.6,41.1,13.3
איכילוב,85.7,2021-05-18T00:00:00.000Z,80.2,65.7,114,93.6,104.4
המרכזי בעמק,96.1,2021-05-18T00:00:00.000Z,91,93.9,75,64.8,70.6
הכרמל,69.8,2021-05-18T00:00:00.000Z,68.4,65.6,73.4,57.6,71.1
וולפסון,70.5,2021-05-18T00:00:00.000Z,69.3,72.5,64.6,57.2,71
שיבא,88.7,2021-05-18T00:00:00.000Z,84.3,92.1,95.5,88.5,86
יוספטל,100,2021-05-18T00:00:00.000Z,87.5,68.8,72.3,53.8,59.2
זיו צפת,96.9,2021-05-18T00:00:00.000Z,86.7,99.2,79,66.7,78.2
ברזילי,67.2,2021-05-18T00:00:00.000Z,66.1,81.3,48.5,42.9,66.7
מעייני הישועה,96.4,2021-05-18T00:00:00.000Z,86.6,,107,95.3,1446.3
שמואל הרופא,91.7,2021-05-18T00:00:00.000Z,87.5,,82.7,81.8,
אסותא אשדוד,135.6,2021-05-18T00:00:00.000Z,124.6,,114.3,96.8,
קפלן,68,2021-05-18T00:00:00.000Z,64.7,75,67.1,56.8,68.5
שערי צדק,104.7,2021-05-18T00:00:00.000Z,101,103.7,102.8,82.3,88.1
מאיר,75,2021-05-18T00:00:00.000Z,66.3,68.5,74,66.1,61.8
סורוקה,65.1,2021-05-18T00:00:00.000Z,63.2,63.8,65.7,61.3,68.2
הדסה הר הצופים,61.1,2021-05-18T00:00:00.000Z,69.4,80.6,64.2,56.9,77.6
הדסה עין כרם,120.4,2021-05-18T00:00:00.000Z,122.3,128.6,88.5,80.8,100.6
כלל המוסדות,85.8,2021-05-18T00:00:00.000Z,81.6,80.4,81.1,70.5,91.4
הלל יפה,95.9,2021-05-19T00:00:00.000Z,97.3,83.3,87.6,77.6,74.6
בני ציון,84.3,2021-05-19T00:00:00.000Z,81,73,84.5,71.2,72.7
שמואל הרופא,88.9,2021-05-19T00:00:00.000Z,88.9,,85.3,82.1,
"רמב""ם",100,2021-05-19T00:00:00.000Z,89.1,95.1,93.4,83.2,85.1
שמיר,84.9,2021-05-19T00:00:00.000Z,75,77.5,60.6,55.4,67.6
רבין ק. בילינסון,99.1,2021-05-19T00:00:00.000Z,91.2,99.6,84.8,74.3,86.8
נהריה,96.3,2021-05-19T00:00:00.000Z,94.2,96.3,84.5,77.5,81.2
פוריה,62.8,2021-05-19T00:00:00.000Z,61.1,44,70.4,60.8,56.9
לניאדו,126.9,2021-05-19T00:00:00.000Z,118.8,86.4,103.3,86.8,77.3
רבין ק. השרון,54.4,2021-05-19T00:00:00.000Z,52.9,18.1,56.4,45.9,19.2
איכילוב,85,2021-05-19T00:00:00.000Z,82,66,116.7,100.4,105.6
המרכזי בעמק,84.5,2021-05-19T00:00:00.000Z,92.7,96.3,77.2,68.2,72.2
הכרמל,69.8,2021-05-19T00:00:00.000Z,68.9,64.2,69.1,62.8,72.1
וולפסון,70.5,2021-05-19T00:00:00.000Z,69.7,73.4,66,59.7,71.9
שיבא,84.5,2021-05-19T00:00:00.000Z,85.8,92.6,98,90.9,87.5
יוספטל,87.5,2021-05-19T00:00:00.000Z,91.7,62.5,63.1,60,56.4
זיו צפת,90.6,2021-05-19T00:00:00.000Z,90.1,101.6,83.6,70.8,79.4
ברזילי,66.7,2021-05-19T00:00:00.000Z,66.5,85.9,49,44.8,70
מעייני הישועה,92.9,2021-05-19T00:00:00.000Z,89.9,,114.6,99.2,1438.5
אסותא אשדוד,140.7,2021-05-19T00:00:00.000Z,128.2,,122.9,102.6,
קפלן,63.3,2021-05-19T00:00:00.000Z,65.8,76.9,68.2,60.2,71.4
שערי צדק,102.7,2021-05-19T00:00:00.000Z,102.2,104.9,105.3,89.1,90.7
מאיר,72.5,2021-05-19T00:00:00.000Z,69.2,70.2,78.3,68.8,63.2
סורוקה,54.7,2021-05-19T00:00:00.000Z,63.8,62.8,61.9,62.8,68.1
הדסה הר הצופים,69.4,2021-05-19T00:00:00.000Z,66.7,83.3,66.3,59.4,77.8
הדסה עין כרם,118.4,2021-05-19T00:00:00.000Z,121.7,134,89.8,83.3,102.6
כלל המוסדות,84.6,2021-05-19T00:00:00.000Z,83,81.5,82.6,74,97.5
הלל יפה,87.7,2021-05-20T00:00:00.000Z,96.9,83.6,79,80.1,76.2
בני ציון,84.3,2021-05-20T00:00:00.000Z,81.8,77.5,82,74.5,75.1
שמואל הרופא,88.9,2021-05-20T00:00:00.000Z,88.9,,84.5,82.9,
"רמב""ם",88.4,2021-05-20T00:00:00.000Z,91.8,93.6,89.5,85.7,86.4
שמיר,85.7,2021-05-20T00:00:00.000Z,77.5,77.8,61.5,56.7,67.7
רבין ק. בילינסון,90.3,2021-05-20T00:00:00.000Z,93.2,98.7,77.5,76.9,87
נהריה,88.4,2021-05-20T00:00:00.000Z,94.7,95.4,79,79.3,81.3
פוריה,65.4,2021-05-20T00:00:00.000Z,61.5,43.3,68.2,63.2,58.9
לניאדו,124.4,2021-05-20T00:00:00.000Z,120.8,88.2,106.4,90.9,80.3
איכילוב,82.3,2021-05-20T00:00:00.000Z,82.8,66.2,114.8,104.4,106.4
רבין ק. השרון,50,2021-05-20T00:00:00.000Z,53.3,21.1,54.8,48.5,23.3
המרכזי בעמק,86.5,2021-05-20T00:00:00.000Z,90.6,95.3,75.3,70.5,72.1
הכרמל,67.9,2021-05-20T00:00:00.000Z,69.1,65.1,70.3,64.4,72
וולפסון,61.1,2021-05-20T00:00:00.000Z,69.9,72.6,65.4,61.3,71.9
שיבא,79.5,2021-05-20T00:00:00.000Z,85.5,92.8,93.6,92.6,88.4
יוספטל,50,2021-05-20T00:00:00.000Z,90.6,62.5,53.8,60.8,55.8
זיו צפת,87.5,2021-05-20T00:00:00.000Z,90.2,102,75.5,74,79
ברזילי,64.1,2021-05-20T00:00:00.000Z,66.5,85.2,45.2,45.8,70.3
מעייני הישועה,96.4,2021-05-20T00:00:00.000Z,90.6,,118.4,103,1438.6
אסותא אשדוד,149.2,2021-05-20T00:00:00.000Z,131.4,,122.2,107.7,
קפלן,64.7,2021-05-20T00:00:00.000Z,65.2,75.3,63.9,62.2,72.3
שערי צדק,105.3,2021-05-20T00:00:00.000Z,102.3,104.8,98.8,93.2,92.3
מאיר,77,2021-05-20T00:00:00.000Z,70,71.1,77.4,71.1,63.9
סורוקה,54.7,2021-05-20T00:00:00.000Z,61.5,64,59.3,62.6,69.3
הדסה הר הצופים,63.9,2021-05-20T00:00:00.000Z,67.4,85.4,70.5,61.1,79.9
הדסה עין כרם,121.4,2021-05-20T00:00:00.000Z,120.9,136.7,87.2,85,104.4
כלל המוסדות,81.9,2021-05-20T00:00:00.000Z,83.4,81.8,79.9,76.2,100.6
הלל יפה,87.7,2021-05-21T00:00:00.000Z,95.1,84.5,75.9,79.9,76.1
בני ציון,84.3,2021-05-21T00:00:00.000Z,82.3,79,71.1,76,76.4
שמואל הרופא,94.4,2021-05-21T00:00:00.000Z,88.9,,84.5,83.2,
"רמב""ם",91.9,2021-05-21T00:00:00.000Z,91.1,93.8,81,86.5,87.8
שמיר,88.4,2021-05-21T00:00:00.000Z,79.2,78.2,60.5,57.7,68.4
רבין ק. בילינסון,85.5,2021-05-21T00:00:00.000Z,92.6,99.6,72.9,77.1,87.8
נהריה,88.9,2021-05-21T00:00:00.000Z,93.5,92.2,76.6,79.2,80.7
פוריה,62.8,2021-05-21T00:00:00.000Z,62.3,45.4,62,64.2,60.5
לניאדו,106.4,2021-05-21T00:00:00.000Z,121.5,88,78.8,94,81.5
איכילוב,83,2021-05-21T00:00:00.000Z,82.7,67.3,95,106.5,107.7
רבין ק. השרון,59.6,2021-05-21T00:00:00.000Z,52.6,23,44.8,49.8,26.2
המרכזי בעמק,90.3,2021-05-21T00:00:00.000Z,89.8,94.3,71.9,71.4,71.7
הכרמל,63.2,2021-05-21T00:00:00.000Z,68.9,65.1,60.3,65.6,72.1
וולפסון,68,2021-05-21T00:00:00.000Z,68.1,72.1,57.2,62.1,71.9
שיבא,84.9,2021-05-21T00:00:00.000Z,84.3,93.3,91.1,92.8,89
יוספטל,56.3,2021-05-21T00:00:00.000Z,82.5,65,52.3,59.4,56.6
זיו צפת,98.4,2021-05-21T00:00:00.000Z,89.7,102.2,66.6,74.3,80.3
ברזילי,66.7,2021-05-21T00:00:00.000Z,66,84.8,45.2,45.7,70.8
מעייני הישועה,83.9,2021-05-21T00:00:00.000Z,91.8,,113.6,106.1,1439.7
אסותא אשדוד,135.6,2021-05-21T00:00:00.000Z,134.9,,98.3,110.6,
קפלן,70.7,2021-05-21T00:00:00.000Z,65.1,75.6,61.7,62.6,72.5
שערי צדק,104,2021-05-21T00:00:00.000Z,102.9,105.2,86.9,94.3,93.1
מאיר,87,2021-05-21T00:00:00.000Z,71.4,71.6,71.6,72.4,64.5
סורוקה,63.2,2021-05-21T00:00:00.000Z,60.2,64.6,60,61.9,70.2
הדסה הר הצופים,63.9,2021-05-21T00:00:00.000Z,66.7,87.2,67.4,63,80.7
הדסה עין כרם,124.3,2021-05-21T00:00:00.000Z,121,137.9,79.2,85.4,105.3
כלל המוסדות,84.1,2021-05-21T00:00:00.000Z,83.1,82.1,73.4,76.9,102.7
הלל יפה,93.8,2021-05-22T00:00:00.000Z,93.8,84.1,83.7,79.2,76.3
בני ציון,98.3,2021-05-22T00:00:00.000Z,82.6,79.1,81.5,75.2,75.8
שמואל הרופא,97.2,2021-05-22T00:00:00.000Z,89.8,,85.6,83.4,
"רמב""ם",103.5,2021-05-22T00:00:00.000Z,91.2,92.4,88.7,85.6,87.1
שמיר,90.7,2021-05-22T00:00:00.000Z,80.7,77.7,62.7,58.1,67.5
רבין ק. בילינסון,94.3,2021-05-22T00:00:00.000Z,91.4,100.1,78.7,76.4,87.2
נהריה,102.6,2021-05-22T00:00:00.000Z,92.7,91,82.5,78.8,79.5
פוריה,76.9,2021-05-22T00:00:00.000Z,62.4,46.8,65.4,63.8,60.5
לניאדו,120.5,2021-05-22T00:00:00.000Z,119,86.4,85.5,91.5,81.8
איכילוב,88,2021-05-22T00:00:00.000Z,82.7,67.2,104.1,104.6,107.9
רבין ק. השרון,62.3,2021-05-22T00:00:00.000Z,53.8,25.6,51.9,49,27.7
המרכזי בעמק,107.1,2021-05-22T00:00:00.000Z,89.9,91.6,81.2,71.5,70.2
הכרמל,67,2021-05-22T00:00:00.000Z,67.9,65.6,69.5,64.7,71.8
וולפסון,70.5,2021-05-22T00:00:00.000Z,68.1,73.3,63.5,61.3,71.7
שיבא,96.2,2021-05-22T00:00:00.000Z,84.4,93.8,97,92.6,88.9
יוספטל,68.8,2021-05-22T00:00:00.000Z,78.1,63.5,52.3,58.2,54.4
זיו צפת,106.3,2021-05-22T00:00:00.000Z,91.1,101.8,79,73,80.8
ברזילי,76.6,2021-05-22T00:00:00.000Z,66.1,84.3,53.5,45.6,70.2
מעייני הישועה,85.7,2021-05-22T00:00:00.000Z,90.5,,99.1,107.3,1442
אסותא אשדוד,139,2021-05-22T00:00:00.000Z,135,,104.4,108.5,
קפלן,83.3,2021-05-22T00:00:00.000Z,66,75.3,68.6,62.4,71.9
שערי צדק,106.7,2021-05-22T00:00:00.000Z,103.1,105.3,88.9,93.1,92
מאיר,92,2021-05-22T00:00:00.000Z,74,70.2,75.7,72.3,64.3
סורוקה,70.2,2021-05-22T00:00:00.000Z,60.7,65.2,67.9,61.6,69.9
הדסה הר הצופים,63.9,2021-05-22T00:00:00.000Z,66.2,89.4,66.3,63.7,82.2
הדסה עין כרם,134,2021-05-22T00:00:00.000Z,121.5,140.8,83.7,84.4,105.6
כלל המוסדות,91.9,2021-05-22T00:00:00.000Z,83.3,82.1,79,76.3,103.4
הלל יפה,95.9,2021-05-23T00:00:00.000Z,93.8,83.1,85.4,79.9,75.1
בני ציון,101.7,2021-05-23T00:00:00.000Z,84.9,78.3,89.8,76.1,73.6
שמואל הרופא,100,2021-05-23T00:00:00.000Z,90.9,,86.5,83.7,
כלל המוסדות,93.3,2021-05-23T00:00:00.000Z,84.5,81.9,86.5,76.7,102.6
"רמב""ם",98.5,2021-05-23T00:00:00.000Z,93,91.7,93.9,86,85.9
שמיר,86.1,2021-05-23T00:00:00.000Z,82.1,77.1,68.7,58.8,65.6
רבין ק. בילינסון,106.6,2021-05-23T00:00:00.000Z,91.8,99.6,88.3,76.7,85.8
נהריה,98.9,2021-05-23T00:00:00.000Z,94.1,90.1,83.7,79.3,77.7
פוריה,71.8,2021-05-23T00:00:00.000Z,64.5,48,68.5,64,59.2
לניאדו,120.5,2021-05-23T00:00:00.000Z,119.2,87.6,104.2,90.6,79.9
איכילוב,81.7,2021-05-23T00:00:00.000Z,83.5,67.4,114.3,104.5,105.6
רבין ק. השרון,51.8,2021-05-23T00:00:00.000Z,55,28.3,53.5,49.4,28
המרכזי בעמק,112.9,2021-05-23T00:00:00.000Z,92.4,91,85.3,72.9,68.8
הכרמל,67.9,2021-05-23T00:00:00.000Z,67.8,65.5,78.3,65.4,70.1
וולפסון,73,2021-05-23T00:00:00.000Z,68.4,74.6,71.9,61.6,70.4
שיבא,98.7,2021-05-23T00:00:00.000Z,86.1,93.4,101.6,93.2,88.1
יוספטל,50,2021-05-23T00:00:00.000Z,76.8,61.6,63.1,57.4,53
זיו צפת,104.7,2021-05-23T00:00:00.000Z,93.3,101.1,84.1,73.9,78.5
ברזילי,84.9,2021-05-23T00:00:00.000Z,67.6,84,69.5,46.7,68.9
מעייני הישועה,101.8,2021-05-23T00:00:00.000Z,89.8,,117.1,106.1,1441.2
אסותא אשדוד,183.1,2021-05-23T00:00:00.000Z,135.6,,139.9,107.9,
קפלן,82.7,2021-05-23T00:00:00.000Z,68.5,75.6,74.5,63.3,71.3
שערי צדק,109.3,2021-05-23T00:00:00.000Z,103.6,105.7,103.6,92.5,90.1
מאיר,96,2021-05-23T00:00:00.000Z,76.6,68.9,83.4,72.8,63.3
סורוקה,72.1,2021-05-23T00:00:00.000Z,62,64.5,73.3,62.5,68.9
הדסה הר הצופים,66.7,2021-05-23T00:00:00.000Z,65.9,92.9,61.8,64.1,81.5
הדסה עין כרם,132,2021-05-23T00:00:00.000Z,123.3,142,91.8,84.3,104.3
הלל יפה,100,2021-05-24T00:00:00.000Z,94.7,83.1,91.3,82.4,75.4
בני ציון,100,2021-05-24T00:00:00.000Z,88.5,80.9,93.3,80.1,75.1
שמואל הרופא,94.4,2021-05-24T00:00:00.000Z,93.7,,85.3,84.6,
"רמב""ם",105.1,2021-05-24T00:00:00.000Z,95.4,92.7,92.6,88.6,86.7
שמיר,92.3,2021-05-24T00:00:00.000Z,84.6,77.3,70.3,61.5,65.5
רבין ק. בילינסון,105.3,2021-05-24T00:00:00.000Z,95.2,100.1,92.2,79.8,85.3
נהריה,104.7,2021-05-24T00:00:00.000Z,95.2,89.9,87.7,81,76.9
פוריה,66.7,2021-05-24T00:00:00.000Z,66.3,48.5,76.1,66.2,59.3
לניאדו,103.8,2021-05-24T00:00:00.000Z,122.2,92.6,97.5,95.5,81.3
איכילוב,84.7,2021-05-24T00:00:00.000Z,84.1,69,115.4,108.2,106
רבין ק. השרון,63.2,2021-05-24T00:00:00.000Z,55,33.6,63.9,51.6,31.7
המרכזי בעמק,100.6,2021-05-24T00:00:00.000Z,97.4,91.9,81.2,76.7,68.3
הכרמל,67,2021-05-24T00:00:00.000Z,68.1,65.9,83,68.8,69.9
וולפסון,80.3,2021-05-24T00:00:00.000Z,69.6,77.4,72.6,63.9,71
שיבא,93.3,2021-05-24T00:00:00.000Z,88.5,93.5,101.6,95.3,88.6
יוספטל,43.8,2021-05-24T00:00:00.000Z,72.3,61.6,60,59.1,51.6
זיו צפת,103.1,2021-05-24T00:00:00.000Z,96.9,102.5,86.7,77.4,78.8
ברזילי,83.3,2021-05-24T00:00:00.000Z,70.9,85.3,72.8,50.9,70.1
מעייני הישועה,105.4,2021-05-24T00:00:00.000Z,91.3,,121.2,107.9,1438.2
אסותא אשדוד,193.2,2021-05-24T00:00:00.000Z,143.3,,153.2,113.1,
קפלן,88,2021-05-24T00:00:00.000Z,71.4,78.2,77.3,66.3,72.5
שערי צדק,111.3,2021-05-24T00:00:00.000Z,105,106.3,103.6,96.3,89.7
מאיר,96,2021-05-24T00:00:00.000Z,81.1,69.5,83,75.7,63.7
סורוקה,70.9,2021-05-24T00:00:00.000Z,63.8,65.2,75.9,64.8,68.9
הדסה הר הצופים,55.6,2021-05-24T00:00:00.000Z,66.3,98.4,64.2,64.8,82.6
הדסה עין כרם,133,2021-05-24T00:00:00.000Z,125.2,147.6,95,86.1,104.7
כלל המוסדות,94.4,2021-05-24T00:00:00.000Z,86.7,83.3,88.3,79.4,106.8
הלל יפה,106.8,2021-05-25T00:00:00.000Z,94.5,83.1,96.1,84.4,74.8
בני ציון,107.4,2021-05-25T00:00:00.000Z,90.4,81,96.8,83.4,75.6
כלל המוסדות,92,2021-05-25T00:00:00.000Z,88,83.8,89.8,81.5,106.8
שמואל הרופא,91.7,2021-05-25T00:00:00.000Z,93.7,,84.5,84.9,
"רמב""ם",102,2021-05-25T00:00:00.000Z,96.8,93.1,94,90,87.2
שמיר,95,2021-05-25T00:00:00.000Z,86.8,78.7,74.9,63.3,65.9
רבין ק. בילינסון,100.4,2021-05-25T00:00:00.000Z,96.9,100.3,91.3,82.3,85
נהריה,101.6,2021-05-25T00:00:00.000Z,96.3,89.2,88.4,82.3,76
פוריה,73.1,2021-05-25T00:00:00.000Z,67.4,50,76.3,68.3,59.3
לניאדו,102.6,2021-05-25T00:00:00.000Z,120,94.3,98.3,97.9,82.8
סורוקה,68.6,2021-05-25T00:00:00.000Z,64.4,65.9,75.2,66.3,69
איכילוב,83.7,2021-05-25T00:00:00.000Z,84.3,69.2,120.1,110.6,106.1
רבין ק. השרון,62.3,2021-05-25T00:00:00.000Z,56.1,37.6,68,54.4,35.1
המרכזי בעמק,102.6,2021-05-25T00:00:00.000Z,96.9,90.6,81.9,78.2,67.7
הכרמל,67.9,2021-05-25T00:00:00.000Z,67.5,65.4,87.1,72,69.9
וולפסון,75.8,2021-05-25T00:00:00.000Z,70.6,79.3,69.1,65.9,71.1
שיבא,89.5,2021-05-25T00:00:00.000Z,89.4,94.6,104.7,96.9,89.2
יוספטל,18.8,2021-05-25T00:00:00.000Z,65.2,54.5,55.4,59.6,47.7
זיו צפת,98.4,2021-05-25T00:00:00.000Z,98.2,101.3,85,79.2,78.9
ברזילי,74,2021-05-25T00:00:00.000Z,72.8,85.5,74.7,54.8,70.7
מעייני הישועה,103.6,2021-05-25T00:00:00.000Z,94.6,,119.6,113,1436.4
אסותא אשדוד,179.7,2021-05-25T00:00:00.000Z,153.8,,156.3,122.2,
קפלן,85.3,2021-05-25T00:00:00.000Z,74.4,79.6,77.3,68.8,73
שערי צדק,105.3,2021-05-25T00:00:00.000Z,106.3,106.4,107.7,98.6,89.2
מאיר,87.5,2021-05-25T00:00:00.000Z,85.1,68.1,81.5,77.6,63.3
הדסה הר הצופים,50,2021-05-25T00:00:00.000Z,63.5,103.6,70.8,65.8,82.7
הדסה עין כרם,130.1,2021-05-25T00:00:00.000Z,126.2,150.6,95.9,87.9,104.6
הלל יפה,101.4,2021-05-26T00:00:00.000Z,95.4,82.2,93.6,85.6,74
וולפסון,77,2021-05-26T00:00:00.000Z,71.3,81.4,72.3,66.6,71.2
שמואל הרופא,97.2,2021-05-26T00:00:00.000Z,93.7,,86.2,85.2,
בני ציון,106.6,2021-05-26T00:00:00.000Z,94.3,79.3,95.8,85.6,74.5
"רמב""ם",105.1,2021-05-26T00:00:00.000Z,98.5,93.1,93.1,90.5,87.3
שמיר,93.1,2021-05-26T00:00:00.000Z,89,79.4,74.7,65.6,66.3
רבין ק. בילינסון,89.9,2021-05-26T00:00:00.000Z,97.4,100.4,88.1,83.7,85.1
נהריה,96.8,2021-05-26T00:00:00.000Z,97.4,87.7,84.4,83.2,75.4
פוריה,71.8,2021-05-26T00:00:00.000Z,68.5,52.7,74.9,69.5,59.4
לניאדו,91,2021-05-26T00:00:00.000Z,115,95.2,90,96.3,83.5
סורוקה,57.8,2021-05-26T00:00:00.000Z,64.9,66.5,73,67.7,69.2
איכילוב,88.3,2021-05-26T00:00:00.000Z,84,69.7,120.4,111.5,106.8
רבין ק. השרון,53.5,2021-05-26T00:00:00.000Z,57.6,40.9,68.9,56.2,37.5
המרכזי בעמק,100,2021-05-26T00:00:00.000Z,97.8,89.4,80.2,79.2,66.8
הכרמל,71.7,2021-05-26T00:00:00.000Z,67.3,65.4,80.2,74,70.1
שיבא,106.7,2021-05-26T00:00:00.000Z,89.5,93.5,104.9,98.2,89.4
יוספטל,50,2021-05-26T00:00:00.000Z,53.6,54.5,61.5,57.1,47.7
זיו צפת,96.9,2021-05-26T00:00:00.000Z,98.4,100.4,85,80.1,79
ברזילי,80.7,2021-05-26T00:00:00.000Z,73.7,82.9,75.3,58.6,69.8
מעייני הישועה,112.5,2021-05-26T00:00:00.000Z,95.7,,124.7,114.8,1423
אסותא אשדוד,179.7,2021-05-26T00:00:00.000Z,160,,154.3,128.2,
קפלן,79.3,2021-05-26T00:00:00.000Z,76.9,79.1,78.9,70.2,72.5
שערי צדק,108.7,2021-05-26T00:00:00.000Z,106.4,106.1,104.5,99.3,88.9
מאיר,86,2021-05-26T00:00:00.000Z,86.9,66.8,80.3,78.7,63.9
הדסה הר הצופים,52.8,2021-05-26T00:00:00.000Z,61.9,109.1,67,66.8,83.7
הדסה עין כרם,128.2,2021-05-26T00:00:00.000Z,127.6,150.9,95.5,88.9,104.4
כלל המוסדות,91.6,2021-05-26T00:00:00.000Z,88.9,83.8,88.8,82.8,106.6
הלל יפה,87,2021-05-27T00:00:00.000Z,96.2,81.3,85.6,86.4,72.8
וולפסון,68.4,2021-05-27T00:00:00.000Z,72.2,82.4,65.6,67.5,71.3
שמואל הרופא,97.2,2021-05-27T00:00:00.000Z,94.8,,86.5,85.3,
בני ציון,95,2021-05-27T00:00:00.000Z,97.5,76.2,84.3,87.2,73.9
"רמב""ם",102.5,2021-05-27T00:00:00.000Z,99.2,93.1,93,90.4,87.1
שמיר,88.8,2021-05-27T00:00:00.000Z,90.2,79.8,67.8,67.6,66.7
רבין ק. בילינסון,80.6,2021-05-27T00:00:00.000Z,96,99.4,76.8,84.1,84.7
נהריה,91.1,2021-05-27T00:00:00.000Z,97.4,86.4,82.2,83.2,74.9
פוריה,62.8,2021-05-27T00:00:00.000Z,69.8,54.6,61.1,70.2,59.2
לניאדו,89.7,2021-05-27T00:00:00.000Z,109.9,96.2,94.2,94.4,84.2
סורוקה,53.1,2021-05-27T00:00:00.000Z,65.3,65.8,69.8,69.2,68.9
איכילוב,81.3,2021-05-27T00:00:00.000Z,84.5,70.4,116.6,112,106.7
רבין ק. השרון,48.2,2021-05-27T00:00:00.000Z,57.5,42.7,57.7,58,39.3
המרכזי בעמק,91.6,2021-05-27T00:00:00.000Z,100,90.7,72.9,79.6,67
הכרמל,70.8,2021-05-27T00:00:00.000Z,67.5,63.7,77.7,75.5,70.3
שיבא,84.1,2021-05-27T00:00:00.000Z,92.7,93.1,98,99.2,89.8
יוספטל,62.5,2021-05-27T00:00:00.000Z,48.2,53.6,63.1,56.9,48.6
זיו צפת,82.8,2021-05-27T00:00:00.000Z,99.3,99.3,74.4,80.3,79.7
ברזילי,79.2,2021-05-27T00:00:00.000Z,75.7,82.1,71.9,62.3,69.8
מעייני הישועה,107.1,2021-05-27T00:00:00.000Z,98.5,,124.1,116.2,1418.1
אסותא אשדוד,186.4,2021-05-27T00:00:00.000Z,165.6,,152.2,132.7,
קפלן,70.7,2021-05-27T00:00:00.000Z,79.1,80.6,68.1,71.7,72.3
שערי צדק,108,2021-05-27T00:00:00.000Z,107.2,106,95.6,99.1,88.7
מאיר,72,2021-05-27T00:00:00.000Z,88.8,66.4,75.6,79,64.7
הדסה הר הצופים,55.6,2021-05-27T00:00:00.000Z,59.5,111.1,70.5,66.9,83.4
הדסה עין כרם,116.5,2021-05-27T00:00:00.000Z,129,150.9,89.8,89.8,103.5
כלל המוסדות,84.2,2021-05-27T00:00:00.000Z,89.9,83.7,83.5,83.7,106.5
הלל יפה,97.9,2021-05-28T00:00:00.000Z,96.1,80.3,81.2,87.4,72.8
וולפסון,70.9,2021-05-28T00:00:00.000Z,73.3,83.4,62.5,67.5,70.9
שמואל הרופא,100,2021-05-28T00:00:00.000Z,96,,86.2,85.6,
בני ציון,90.1,2021-05-28T00:00:00.000Z,99.1,74.7,75.1,87.5,73.3
"רמב""ם",109.6,2021-05-28T00:00:00.000Z,101.2,92.4,88.1,90.9,85.9
שמיר,87.3,2021-05-28T00:00:00.000Z,90.6,78.9,62,68.5,65.2
רבין ק. בילינסון,82.4,2021-05-28T00:00:00.000Z,94.7,95.5,72.9,84,83
נהריה,92.1,2021-05-28T00:00:00.000Z,97.8,88,77.5,83.6,75
פוריה,59,2021-05-28T00:00:00.000Z,69.4,54.4,52.1,69.2,58.6
לניאדו,82.1,2021-05-28T00:00:00.000Z,104.9,97.5,67.7,92.6,83.9
סורוקה,58.1,2021-05-28T00:00:00.000Z,65.1,64,67,70.7,67.5
איכילוב,82,2021-05-28T00:00:00.000Z,84.4,69.7,96.2,112.3,106
רבין ק. השרון,50,2021-05-28T00:00:00.000Z,57.3,44.4,44.4,58.4,40.4
המרכזי בעמק,101.3,2021-05-28T00:00:00.000Z,100.7,90.9,71.9,79.2,66.2
הכרמל,71.7,2021-05-28T00:00:00.000Z,67.9,61.9,68.9,76.6,69.6
שיבא,86.6,2021-05-28T00:00:00.000Z,93.4,90.5,92.5,99.9,89.4
יוספטל,43.8,2021-05-28T00:00:00.000Z,50,49.1,53.8,58.2,46.6
זיו צפת,92.2,2021-05-28T00:00:00.000Z,98.7,94.9,65.7,80.1,78.2
ברזילי,84.4,2021-05-28T00:00:00.000Z,77.9,79.2,66.7,66.1,67.7
מעייני הישועה,94.6,2021-05-28T00:00:00.000Z,100,2373.6,113.9,117,1984.3
אסותא אשדוד,181.4,2021-05-28T00:00:00.000Z,170.9,,132.8,137,
קפלן,70,2021-05-28T00:00:00.000Z,80,81.4,62.1,72.3,72.1
שערי צדק,110,2021-05-28T00:00:00.000Z,107.6,104.5,81.3,98.7,87.2
מאיר,62,2021-05-28T00:00:00.000Z,88.1,65.4,69.3,78.7,64.9
הדסה הר הצופים,72.2,2021-05-28T00:00:00.000Z,58.3,111.1,68.4,66.9,83.2
הדסה עין כרם,126.2,2021-05-28T00:00:00.000Z,128.3,150.1,82.9,90.1,102.5
כלל המוסדות,85.9,2021-05-28T00:00:00.000Z,90.2,87.4,76.1,84.2,117
הלל יפה,112.3,2021-05-29T00:00:00.000Z,97.6,78.9,92,88.1,70.8
וולפסון,80.3,2021-05-29T00:00:00.000Z,73.7,81.6,65.2,68.2,68.9
שמואל הרופא,108.3,2021-05-29T00:00:00.000Z,96.8,,88,85.8,
בני ציון,101.7,2021-05-29T00:00:00.000Z,99.9,73.2,83.8,88.1,71.2
"רמב""ם",110.1,2021-05-29T00:00:00.000Z,103.8,91.7,93.1,91.9,84.3
שמיר,95.8,2021-05-29T00:00:00.000Z,90.5,77.2,67.3,68.7,63.2
רבין ק. בילינסון,95.2,2021-05-29T00:00:00.000Z,94.2,90.8,80.4,84,80.3
נהריה,107.4,2021-05-29T00:00:00.000Z,98.3,86.6,86.3,83.8,74.1
פוריה,67.9,2021-05-29T00:00:00.000Z,68.9,53.7,57.5,67.8,57.5
לניאדו,103.8,2021-05-29T00:00:00.000Z,101.5,99.2,74.7,91,80.7
סורוקה,68.2,2021-05-29T00:00:00.000Z,64.4,61.7,72.4,71.7,66.3
איכילוב,94,2021-05-29T00:00:00.000Z,84.2,68.6,106.1,112.4,103
רבין ק. השרון,62.3,2021-05-29T00:00:00.000Z,55.9,43.6,56,58.3,40.3
המרכזי בעמק,112.3,2021-05-29T00:00:00.000Z,102.3,91,82.1,79.2,65.7
הכרמל,71.7,2021-05-29T00:00:00.000Z,69.1,58.2,74.2,77.8,67.3
שיבא,92.1,2021-05-29T00:00:00.000Z,93.6,85.6,94.5,100.1,88.2
יוספטל,56.3,2021-05-29T00:00:00.000Z,48.2,44.6,55.4,58.5,44
זיו צפת,109.4,2021-05-29T00:00:00.000Z,97.8,90.2,76.7,80,74.1
ברזילי,95.8,2021-05-29T00:00:00.000Z,80.4,76,78.5,69.2,65.1
מעייני הישועה,83.9,2021-05-29T00:00:00.000Z,101.5,2334.9,106,117.1,2531.8
אסותא אשדוד,150.8,2021-05-29T00:00:00.000Z,177.5,,120.1,141.9,
קפלן,87.3,2021-05-29T00:00:00.000Z,79.9,80.8,74.7,72.4,70.3
שערי צדק,110.7,2021-05-29T00:00:00.000Z,108.5,102.4,88.1,97.9,85.1
מאיר,72.5,2021-05-29T00:00:00.000Z,84.5,64.3,76.3,78.4,63.6
הדסה הר הצופים,88.9,2021-05-29T00:00:00.000Z,59.5,110.7,70.8,67,80.2
הדסה עין כרם,128.2,2021-05-29T00:00:00.000Z,128.6,144.5,82.7,90.7,99.1
כלל המוסדות,94.8,2021-05-29T00:00:00.000Z,90.5,89.9,81.8,84.6,126
הלל יפה,108.9,2021-05-30T00:00:00.000Z,100.2,78.6,98.1,89.3,70
וולפסון,75.8,2021-05-30T00:00:00.000Z,75.1,79.3,73.2,68.5,68.1
שמואל הרופא,105.6,2021-05-30T00:00:00.000Z,98.4,,87.1,86.2,
בני ציון,105,2021-05-30T00:00:00.000Z,100.4,73.6,93.5,88.4,71.1
"רמב""ם",104.5,2021-05-30T00:00:00.000Z,104.7,91.3,96.1,92.5,83.7
שמיר,94.6,2021-05-30T00:00:00.000Z,91.2,76.6,78.6,69.4,63
רבין ק. בילינסון,101.8,2021-05-30T00:00:00.000Z,94.3,87.7,84.8,84.3,79.2
נהריה,102.6,2021-05-30T00:00:00.000Z,98.9,87.1,87.4,84.3,74.8
פוריה,64.1,2021-05-30T00:00:00.000Z,67.6,52.7,65.6,66.6,57.5
לניאדו,106.4,2021-05-30T00:00:00.000Z,99.1,99.4,91.1,89.5,80.3
סורוקה,72.9,2021-05-30T00:00:00.000Z,64.1,60.7,78.9,72.4,66.1
איכילוב,94.7,2021-05-30T00:00:00.000Z,85.1,67.8,122.5,112.7,101.9
רבין ק. השרון,64,2021-05-30T00:00:00.000Z,55.9,42,66.4,58.9,40.8
המרכזי בעמק,101.9,2021-05-30T00:00:00.000Z,103,91.6,84.1,79.4,66.5
הכרמל,75.5,2021-05-30T00:00:00.000Z,69.8,55.9,80,78.5,66.9
שיבא,86.6,2021-05-30T00:00:00.000Z,93,82.4,103,99.7,87.8
יוספטל,43.8,2021-05-30T00:00:00.000Z,46.4,42,46.2,58.9,42.6
זיו צפת,114.1,2021-05-30T00:00:00.000Z,98.2,85.7,89.6,79.7,73
ברזילי,95.8,2021-05-30T00:00:00.000Z,83.2,73.3,85.6,72.8,63.7
מעייני הישועה,98.2,2021-05-30T00:00:00.000Z,101.3,2331.4,125.3,118.1,3088.1
אסותא אשדוד,174.6,2021-05-30T00:00:00.000Z,179.2,,150.5,144.1,
קפלן,86.7,2021-05-30T00:00:00.000Z,80.5,80.8,79.2,73.3,69.4
שערי צדק,111.3,2021-05-30T00:00:00.000Z,109,100.7,99.9,97.8,85
מאיר,77,2021-05-30T00:00:00.000Z,81.7,63.8,78.7,78.5,63.5
הדסה הר הצופים,88.9,2021-05-30T00:00:00.000Z,63.1,107.5,70.8,67.7,79.3
הדסה עין כרם,123.3,2021-05-30T00:00:00.000Z,127.7,140.8,87.8,90.5,97.6
כלל המוסדות,94.7,2021-05-30T00:00:00.000Z,90.9,93.1,89.3,85,136.6
הלל יפה,101.4,2021-05-31T00:00:00.000Z,102.1,77.9,97.3,91.1,69.8
וולפסון,81.1,2021-05-31T00:00:00.000Z,75.5,76.8,72.6,68.6,67
שמואל הרופא,108.3,2021-05-31T00:00:00.000Z,99.2,,87.1,86.3,
כלל המוסדות,96,2021-05-31T00:00:00.000Z,91.1,96.2,90,85.4,147.1
בני ציון,104.1,2021-05-31T00:00:00.000Z,100.8,72.4,94.2,88.9,70.2
"רמב""ם",107.6,2021-05-31T00:00:00.000Z,105.6,90.3,96.4,92.9,83.7
שמיר,96.1,2021-05-31T00:00:00.000Z,92.4,76.3,79.1,70.8,62.5
רבין ק. בילינסון,101.8,2021-05-31T00:00:00.000Z,93.6,85.1,89.3,83.8,77.9
נהריה,98.9,2021-05-31T00:00:00.000Z,99.5,87.8,88.4,84.8,76.2
פוריה,69.2,2021-05-31T00:00:00.000Z,66.5,52.4,70.7,66.2,58.1
לניאדו,121.8,2021-05-31T00:00:00.000Z,97.1,98.3,97.5,87.6,80.2
סורוקה,74,2021-05-31T00:00:00.000Z,64.2,60.7,79.1,73.2,66.2
איכילוב,91.3,2021-05-31T00:00:00.000Z,87,67.1,119.1,113.9,100.9
רבין ק. השרון,77.2,2021-05-31T00:00:00.000Z,57.6,40.9,68,60.8,42.1
המרכזי בעמק,96.8,2021-05-31T00:00:00.000Z,101.5,92.5,79.3,79.2,67.5
הכרמל,71.7,2021-05-31T00:00:00.000Z,70.9,53.6,78.3,78.7,66.4
שיבא,102.1,2021-05-31T00:00:00.000Z,91.3,80,104.9,99.9,87.4
יוספטל,62.5,2021-05-31T00:00:00.000Z,45.5,36.6,46.2,56.5,40.4
זיו צפת,103.1,2021-05-31T00:00:00.000Z,99.6,80.1,88.5,80.4,71.7
ברזילי,93.8,2021-05-31T00:00:00.000Z,84.7,71.9,83.3,75.1,62.5
מעייני הישועה,96.4,2021-05-31T00:00:00.000Z,100.8,2340.1,122.2,119.3,3655
אסותא אשדוד,174.6,2021-05-31T00:00:00.000Z,178,,151.2,145.6,
קפלן,84.7,2021-05-31T00:00:00.000Z,81,80,78.3,73.9,68.8
שערי צדק,106.7,2021-05-31T00:00:00.000Z,109.3,99.7,99.3,97.2,85
מאיר,77.5,2021-05-31T00:00:00.000Z,79,64.1,81.2,77.8,63.9
הדסה הר הצופים,97.2,2021-05-31T00:00:00.000Z,66.3,92.9,77.1,68.9,71.7
הדסה עין כרם,134,2021-05-31T00:00:00.000Z,126.5,124,95.5,89.9,88.9
הלל יפה,91.1,2021-06-01T00:00:00.000Z,102.3,78,92.2,92,70.2
וולפסון,79.9,2021-06-01T00:00:00.000Z,75.6,75.5,72.2,68.6,66.3
שמואל הרופא,100,2021-06-01T00:00:00.000Z,101.2,,84.8,86.5,
בני ציון,97.5,2021-06-01T00:00:00.000Z,101.4,73,97.7,89.1,70.8
"רמב""ם",103,2021-06-01T00:00:00.000Z,105.9,89.8,98.2,93.4,84.1
שמיר,95.8,2021-06-01T00:00:00.000Z,92.9,75.2,77,72.1,61.5
רבין ק. בילינסון,101.3,2021-06-01T00:00:00.000Z,93.1,84.3,91.4,83.4,77.8
נהריה,96.3,2021-06-01T00:00:00.000Z,98.6,89.5,86.4,84.9,77.7
פוריה,66.7,2021-06-01T00:00:00.000Z,66.8,53.1,71.8,65.5,59.2
לניאדו,111.5,2021-06-01T00:00:00.000Z,99.6,97.5,98.1,87.6,80.3
סורוקה,69.8,2021-06-01T00:00:00.000Z,64.7,60.5,76.7,73.6,66.6
איכילוב,87.7,2021-06-01T00:00:00.000Z,87.9,66.3,116.6,114.4,100.7
רבין ק. השרון,73.7,2021-06-01T00:00:00.000Z,59.6,39.8,71.8,61.4,42.6
המרכזי בעמק,96.8,2021-06-01T00:00:00.000Z,100.9,93.5,79,78.9,68.5
הכרמל,70.8,2021-06-01T00:00:00.000Z,71.6,52.7,77.3,78.1,66.6
שיבא,91.2,2021-06-01T00:00:00.000Z,92.5,78.1,102.4,100.4,87.1
יוספטל,56.3,2021-06-01T00:00:00.000Z,48.2,37.5,55.4,54.5,40.9
זיו צפת,106.3,2021-06-01T00:00:00.000Z,99.6,76.3,86.7,80.7,70.7
ברזילי,94.3,2021-06-01T00:00:00.000Z,86.2,70.8,85.1,76.6,61.9
מעייני הישועה,89.3,2021-06-01T00:00:00.000Z,99.5,2363.8,127.2,119.4,4227.9
אסותא אשדוד,167.8,2021-06-01T00:00:00.000Z,175.3,,154.6,145.3,
קפלן,92.7,2021-06-01T00:00:00.000Z,80.6,80.4,79.6,74.1,69
שערי צדק,108.7,2021-06-01T00:00:00.000Z,108.7,98.9,103.2,96.6,85.6
מאיר,81,2021-06-01T00:00:00.000Z,76.4,66.1,82.1,77.6,64.7
הדסה הר הצופים,83.3,2021-06-01T00:00:00.000Z,72.2,80.6,77.8,70.8,64.4
הדסה עין כרם,131.1,2021-06-01T00:00:00.000Z,126.6,109.3,94.2,90,80
כלל המוסדות,93.4,2021-06-01T00:00:00.000Z,91.3,100.1,89.8,85.6,158.1
הלל יפה,88.4,2021-06-02T00:00:00.000Z,100,78.6,88,91.4,70.4
כלל המוסדות,90.9,2021-06-02T00:00:00.000Z,91.5,99.7,89,85.6,154
וולפסון,77.9,2021-06-02T00:00:00.000Z,76.2,74.2,72.3,69.1,66.6
שמואל הרופא,94.4,2021-06-02T00:00:00.000Z,102.4,97.2,83.6,86.6,73.6
בני ציון,90.9,2021-06-02T00:00:00.000Z,100,73,93.5,89.2,71.1
"רמב""ם",100.5,2021-06-02T00:00:00.000Z,106.1,88.6,97.3,94,84.5
שמיר,93.8,2021-06-02T00:00:00.000Z,93.1,75.5,78.2,72.4,61
נהריה,97.4,2021-06-02T00:00:00.000Z,97.9,91.5,87,84.7,79
רבין ק. בילינסון,102.6,2021-06-02T00:00:00.000Z,93.3,83.4,89,83.4,77.5
פוריה,87.2,2021-06-02T00:00:00.000Z,65.9,53.7,74.6,64.8,60.1
לניאדו,119.2,2021-06-02T00:00:00.000Z,100.9,97.1,93,87.6,81.2
סורוקה,65.5,2021-06-02T00:00:00.000Z,64.8,60.8,73.8,73.8,67.5
איכילוב,79.3,2021-06-02T00:00:00.000Z,88.5,65.7,117.3,113.9,100.2
רבין ק. השרון,67.5,2021-06-02T00:00:00.000Z,61.3,37.7,66.8,61.9,42.4
המרכזי בעמק,98.1,2021-06-02T00:00:00.000Z,100.1,94.2,79.3,78.5,69.5
הכרמל,67,2021-06-02T00:00:00.000Z,72,51.9,74.8,76.7,66
שיבא,91.6,2021-06-02T00:00:00.000Z,92.8,78.5,101.5,100,87.3
יוספטל,56.3,2021-06-02T00:00:00.000Z,53.6,34.8,60,54.5,38.9
זיו צפת,89.1,2021-06-02T00:00:00.000Z,100.7,73.7,79,80.9,69.7
ברזילי,90.1,2021-06-02T00:00:00.000Z,89.1,71.6,83.3,78.1,62.8
מעייני הישועה,83.9,2021-06-02T00:00:00.000Z,97.4,2363.8,125.9,120.5,4709.7
אסותא אשדוד,181.4,2021-06-02T00:00:00.000Z,173.6,,167.6,145.1,
קפלן,89.3,2021-06-02T00:00:00.000Z,81.6,81.9,81,74.4,69.4
שערי צדק,108.7,2021-06-02T00:00:00.000Z,109.1,98.2,104.7,96,86.3
מאיר,72,2021-06-02T00:00:00.000Z,75.4,68.1,79.3,77.7,64.8
הדסה הר הצופים,72.2,2021-06-02T00:00:00.000Z,77,66.7,75,71.8,55.8
הדסה עין כרם,124.3,2021-06-02T00:00:00.000Z,126.8,95.7,94.8,89.8,70.3
הלל יפה,82.2,2021-06-03T00:00:00.000Z,98.1,78.3,82.3,90.6,70.6
וולפסון,78.7,2021-06-03T00:00:00.000Z,76.3,73.9,67.9,69.1,66.7
שמואל הרופא,97.2,2021-06-03T00:00:00.000Z,102,90.3,85,86.2,72.6
בני ציון,78.5,2021-06-03T00:00:00.000Z,97.8,74,80.8,88.9,71.4
"רמב""ם",93.9,2021-06-03T00:00:00.000Z,105.4,89,90.6,94.6,85.3
שמיר,81.5,2021-06-03T00:00:00.000Z,93.2,75.7,66.2,72.9,60.8
נהריה,90.5,2021-06-03T00:00:00.000Z,98,93.5,82.3,85,80.2
רבין ק. בילינסון,92.5,2021-06-03T00:00:00.000Z,95.1,83.8,83,83.5,78
פוריה,74.4,2021-06-03T00:00:00.000Z,68.1,55.9,69,64.8,60.6
לניאדו,111.5,2021-06-03T00:00:00.000Z,104.9,96.9,95.8,88,81.9
סורוקה,51.6,2021-06-03T00:00:00.000Z,65.9,60.9,66.5,73.9,68.3
איכילוב,71.3,2021-06-03T00:00:00.000Z,87.2,65,109.8,113.5,101.1
רבין ק. השרון,63.2,2021-06-03T00:00:00.000Z,63.3,37.3,59.3,61.6,43.1
המרכזי בעמק,82.6,2021-06-03T00:00:00.000Z,99.8,95.1,71.9,78.4,69.9
הכרמל,68.9,2021-06-03T00:00:00.000Z,71.3,52.3,73,75.9,66.3
שיבא,87.4,2021-06-03T00:00:00.000Z,90.6,77.9,99.3,99.5,87.4
יוספטל,56.3,2021-06-03T00:00:00.000Z,54.5,30.4,41.5,54.3,35.6
זיו צפת,82.8,2021-06-03T00:00:00.000Z,99.6,72.3,68,80.1,69.6
ברזילי,76.6,2021-06-03T00:00:00.000Z,90.5,71.9,77,79.2,63.6
הדסה עין כרם,127.2,2021-06-03T00:00:00.000Z,126.2,82.8,91.7,89.7,61.2
מעייני הישועה,85.7,2021-06-03T00:00:00.000Z,93.4,2363.8,119,120.7,5370.8
אסותא אשדוד,176.3,2021-06-03T00:00:00.000Z,173.8,,156.7,147,
קפלן,77.3,2021-06-03T00:00:00.000Z,83,82.6,71.8,74.7,69.9
שערי צדק,102,2021-06-03T00:00:00.000Z,109.1,97.4,95.3,96,87
מאיר,70.5,2021-06-03T00:00:00.000Z,73.4,69.3,73.9,77.5,64.8
הדסה הר הצופים,61.1,2021-06-03T00:00:00.000Z,79.8,57.5,71.9,72.9,47.8
כלל המוסדות,83.5,2021-06-03T00:00:00.000Z,91.4,99.6,83,85.6,149.8
הלל יפה,84.9,2021-06-04T00:00:00.000Z,97.5,77.9,69.9,90.2,71.3
וולפסון,82,2021-06-04T00:00:00.000Z,77.8,73.1,64.1,69.4,66.9
שמואל הרופא,94.4,2021-06-04T00:00:00.000Z,102,88,83.9,86,72.4
בני ציון,66.1,2021-06-04T00:00:00.000Z,95.4,73.3,67.9,88.4,71.4
"רמב""ם",101,2021-06-04T00:00:00.000Z,104.2,89.8,84.3,94.3,87.2
שמיר,79.5,2021-06-04T00:00:00.000Z,92.1,77.2,60.4,72.6,61.9
נהריה,95.3,2021-06-04T00:00:00.000Z,97.9,94.2,80.5,85,81.3
רבין ק. בילינסון,95.6,2021-06-04T00:00:00.000Z,96.8,85.5,79.3,84.4,79.3
פוריה,74.4,2021-06-04T00:00:00.000Z,69.8,58.1,65.1,65.9,61.6
לניאדו,102.6,2021-06-04T00:00:00.000Z,108.1,97.1,74.1,88.3,82.6
סורוקה,58.9,2021-06-04T00:00:00.000Z,65.7,61.8,66.9,73.5,69.3
איכילוב,78,2021-06-04T00:00:00.000Z,85.8,65,93.5,112.5,101.9
רבין ק. השרון,60.5,2021-06-04T00:00:00.000Z,65.4,37.2,44.8,61.8,43.9
המרכזי בעמק,84.5,2021-06-04T00:00:00.000Z,98.5,97.1,70,78.2,71.4
הכרמל,63.2,2021-06-04T00:00:00.000Z,71,53.5,65.2,75.2,67.5
שיבא,80.3,2021-06-04T00:00:00.000Z,91.1,79.3,90,99.7,88.4
יוספטל,50,2021-06-04T00:00:00.000Z,53.6,25,41.5,51.2,34.1
זיו צפת,84.4,2021-06-04T00:00:00.000Z,99.6,74.6,64.3,79.2,70.7
ברזילי,76.6,2021-06-04T00:00:00.000Z,90.1,73,72.2,79.9,65.5
הדסה עין כרם,126.2,2021-06-04T00:00:00.000Z,127.7,72,85.7,89.9,53
מעייני הישועה,83.9,2021-06-04T00:00:00.000Z,90.3,2361.3,115.5,119.9,5361.8
אסותא אשדוד,167.8,2021-06-04T00:00:00.000Z,172.4,,133.8,147.6,
קפלן,76,2021-06-04T00:00:00.000Z,84,81.8,65.5,75.3,70.5
שערי צדק,100,2021-06-04T00:00:00.000Z,108.3,97.5,84.2,96,89.4
מאיר,66.5,2021-06-04T00:00:00.000Z,73.2,70.9,71.3,77.3,65.7
הדסה הר הצופים,69.4,2021-06-04T00:00:00.000Z,80.6,50.4,63.9,73.1,40.4
כלל המוסדות,83.9,2021-06-04T00:00:00.000Z,91.3,95.4,76.2,85.6,134.9
הלל יפה,86.3,2021-06-05T00:00:00.000Z,95.6,77.4,76.9,88.5,72.8
וולפסון,90.2,2021-06-05T00:00:00.000Z,79.4,72.5,68.4,69.7,68
שמואל הרופא,97.2,2021-06-05T00:00:00.000Z,101.2,87.5,84.8,85.6,72.4
בני ציון,78.5,2021-06-05T00:00:00.000Z,92,73.1,75.5,87.4,73.2
"רמב""ם",108.1,2021-06-05T00:00:00.000Z,103,92.1,91,93.7,89.8
נהריה,110.5,2021-06-05T00:00:00.000Z,98.3,95.5,86.4,85.5,82.8
רבין ק. בילינסון,110.6,2021-06-05T00:00:00.000Z,98.7,87.4,87.8,85.3,80.8
פוריה,78.2,2021-06-05T00:00:00.000Z,72,58.2,71.8,67.8,62.7
לניאדו,129.5,2021-06-05T00:00:00.000Z,111,97.7,89.4,89.2,86.2
סורוקה,73.3,2021-06-05T00:00:00.000Z,65.8,62.4,75.5,73.5,70.1
איכילוב,85,2021-06-05T00:00:00.000Z,85.2,65.2,104.6,112.1,104.5
רבין ק. השרון,72.8,2021-06-05T00:00:00.000Z,66.9,38.8,56.8,61.9,45.9
המרכזי בעמק,96.1,2021-06-05T00:00:00.000Z,96.1,98.9,79.8,78,73.2
הכרמל,67.9,2021-06-05T00:00:00.000Z,69.8,55.5,71.2,74.7,69.6
שמיר,84.2,2021-06-05T00:00:00.000Z,91,78.6,64.1,72.4,64.2
שיבא,97.5,2021-06-05T00:00:00.000Z,90.2,82.7,96.7,99.4,90.3
יוספטל,68.8,2021-06-05T00:00:00.000Z,54.5,23.2,50.8,49.5,35.2
זיו צפת,92.2,2021-06-05T00:00:00.000Z,98.4,77,73.8,79,73.9
ברזילי,84.4,2021-06-05T00:00:00.000Z,89,74.6,78.1,80.7,68.6
הדסה עין כרם,133,2021-06-05T00:00:00.000Z,127.7,65,87.7,90.3,48.6
מעייני הישועה,87.5,2021-06-05T00:00:00.000Z,88.8,2383,102.2,120.2,5387.9
אסותא אשדוד,150.8,2021-06-05T00:00:00.000Z,170.5,,112.6,147.8,
קפלן,87.3,2021-06-05T00:00:00.000Z,84.9,80.9,73.1,75.8,71.4
שערי צדק,102,2021-06-05T00:00:00.000Z,106.9,98.7,87.7,96.4,92.8
מאיר,86,2021-06-05T00:00:00.000Z,73.9,72.4,81.4,77.6,67.3
הדסה הר הצופים,86.1,2021-06-05T00:00:00.000Z,80.2,45.6,69.8,72.5,35.7
כלל המוסדות,93.9,2021-06-05T00:00:00.000Z,91,91.8,82.1,85.6,121.4
הלל יפה,95.9,2021-06-06T00:00:00.000Z,91.9,76.6,89.7,86.4,73.4
וולפסון,86.5,2021-06-06T00:00:00.000Z,80.8,72.2,75.3,70.1,68.2
שמואל הרופא,100,2021-06-06T00:00:00.000Z,99.6,86.7,86.5,85.2,71.8
בני ציון,77.7,2021-06-06T00:00:00.000Z,88.7,71,83.8,86.2,72.9
"רמב""ם",99,2021-06-06T00:00:00.000Z,102.7,93.7,92.7,93.4,91.1
נהריה,100,2021-06-06T00:00:00.000Z,98.8,95.1,89.2,85.5,82.9
רבין ק. בילינסון,111.9,2021-06-06T00:00:00.000Z,100.9,89,89.2,86.4,81.3
פוריה,78.2,2021-06-06T00:00:00.000Z,73.4,60.8,82,69.8,63.7
לניאדו,134.6,2021-06-06T00:00:00.000Z,114.7,95.7,109.2,91.3,86.9
סורוקה,81,2021-06-06T00:00:00.000Z,66.6,63,78.5,73.9,70.2
איכילוב,87.7,2021-06-06T00:00:00.000Z,83.9,65,118.8,111.9,105.4
רבין ק. השרון,70.2,2021-06-06T00:00:00.000Z,68.4,40.2,68.9,62,46.4
המרכזי בעמק,101.3,2021-06-06T00:00:00.000Z,93.8,99.8,86.2,77.6,73.6
הכרמל,68.9,2021-06-06T00:00:00.000Z,69.3,56.7,73.6,74.3,70.2
שמיר,88.4,2021-06-06T00:00:00.000Z,89.4,79.6,72.5,71.9,65.2
שיבא,96.2,2021-06-06T00:00:00.000Z,91,83.7,102,99.7,91.1
יוספטל,50,2021-06-06T00:00:00.000Z,56.3,22.3,38.5,48.8,35.2
זיו צפת,95.3,2021-06-06T00:00:00.000Z,96,78.6,82.4,78.6,75
ברזילי,83.3,2021-06-06T00:00:00.000Z,87.4,76.6,82.9,80.7,70.7
הדסה עין כרם,125.2,2021-06-06T00:00:00.000Z,128.4,57.3,90.9,91.1,43.7
מעייני הישועה,105.4,2021-06-06T00:00:00.000Z,89.3,2412.3,125.3,119.6,5416.1
אסותא אשדוד,164.4,2021-06-06T00:00:00.000Z,170.5,,139.6,146.7,
קפלן,98.7,2021-06-06T00:00:00.000Z,84.9,79.1,79.2,75.5,70.9
שערי צדק,106.7,2021-06-06T00:00:00.000Z,105.6,99.4,101,96.3,93.9
מאיר,73.5,2021-06-06T00:00:00.000Z,75.8,72.9,84.6,78.3,67.9
הדסה הר הצופים,88.9,2021-06-06T00:00:00.000Z,79.8,42.9,70.1,72.3,30.6
כלל המוסדות,94.4,2021-06-06T00:00:00.000Z,90.9,87.6,88.9,85.6,106.5
הלל יפה,101.4,2021-06-07T00:00:00.000Z,90,76.6,94,85.2,74.4
וולפסון,83.6,2021-06-07T00:00:00.000Z,82.3,72.5,77,70.4,68.7
שמואל הרופא,102.8,2021-06-07T00:00:00.000Z,98.8,86.1,89.1,85.1,71.6
בני ציון,76.9,2021-06-07T00:00:00.000Z,84.8,69.5,84.8,84.8,72.8
נהריה,104.7,2021-06-07T00:00:00.000Z,98.4,94.2,93.7,85.8,82.6
"רמב""ם",100.5,2021-06-07T00:00:00.000Z,101.9,94.8,94.5,92.9,91.8
יוספטל,43.8,2021-06-07T00:00:00.000Z,57.1,23.2,36.9,47.7,35.8
רבין ק. בילינסון,104.4,2021-06-07T00:00:00.000Z,102.3,89.7,92.3,87,82.3
פוריה,67.9,2021-06-07T00:00:00.000Z,75.5,62.8,71.3,72.2,63.7
לניאדו,125.6,2021-06-07T00:00:00.000Z,118.7,95.1,103.9,93.9,87.5
סורוקה,75.2,2021-06-07T00:00:00.000Z,67.7,63,80.6,73.9,70.3
איכילוב,89.7,2021-06-07T00:00:00.000Z,82.9,64.7,120.1,111.4,105.9
רבין ק. השרון,70.2,2021-06-07T00:00:00.000Z,69.3,41.7,69.3,62.4,46.8
המרכזי בעמק,96.1,2021-06-07T00:00:00.000Z,93.7,100.7,85,77.9,73.8
שמיר,88.4,2021-06-07T00:00:00.000Z,88.5,80,74,71.1,65.6
שיבא,92.1,2021-06-07T00:00:00.000Z,92.3,85.1,102.7,99.5,91.7
זיו צפת,96.9,2021-06-07T00:00:00.000Z,93.3,81.5,87.9,77.5,76.5
ברזילי,80.2,2021-06-07T00:00:00.000Z,85.6,77.2,83.4,80.3,72
הדסה עין כרם,133,2021-06-07T00:00:00.000Z,128.7,63.1,95,91.5,47.1
הכרמל,65.1,2021-06-07T00:00:00.000Z,68.3,58,78.1,73.4,71.1
מעייני הישועה,92.9,2021-06-07T00:00:00.000Z,90.3,2458.5,122.5,119.6,5444.4
אסותא אשדוד,172.9,2021-06-07T00:00:00.000Z,169,,146.4,145.1,
קפלן,102.7,2021-06-07T00:00:00.000Z,86.6,78.7,85.9,75.5,70.3
שערי צדק,106.7,2021-06-07T00:00:00.000Z,105,100,99.8,96.5,95.4
מאיר,77,2021-06-07T00:00:00.000Z,75.3,73.6,85.7,79.1,68.3
הדסה הר הצופים,100,2021-06-07T00:00:00.000Z,79.8,51.2,74,72.2,32.3
כלל המוסדות,93.5,2021-06-07T00:00:00.000Z,90.9,83.7,90.5,85.6,91.9
הלל יפה,96.6,2021-06-08T00:00:00.000Z,90,75.5,92.6,84.7,75
וולפסון,80.7,2021-06-08T00:00:00.000Z,82.7,72.1,74.4,71,68.5
שמואל הרופא,94.4,2021-06-08T00:00:00.000Z,98,85.3,87.1,85.4,71.4
כלל המוסדות,91.2,2021-06-08T00:00:00.000Z,90.5,79.8,91.4,85.6,77.1
בני ציון,75.2,2021-06-08T00:00:00.000Z,80.9,69.4,86.4,83.4,72.9
נהריה,94.7,2021-06-08T00:00:00.000Z,99.2,93.4,91.1,86.5,82.6
"רמב""ם",101,2021-06-08T00:00:00.000Z,100.9,95,94,92.7,91.8
יוספטל,43.8,2021-06-08T00:00:00.000Z,54.5,25,41.5,46.4,37.6
רבין ק. בילינסון,106.6,2021-06-08T00:00:00.000Z,102.7,90,92,87.4,82.5
פוריה,74.4,2021-06-08T00:00:00.000Z,75.3,65.2,76.1,72.2,63.7
לניאדו,116.7,2021-06-08T00:00:00.000Z,119.2,95.4,103.3,94.8,88.4
סורוקה,70.9,2021-06-08T00:00:00.000Z,67.9,61.7,81.7,74.1,69.9
איכילוב,82.7,2021-06-08T00:00:00.000Z,82.7,65.1,121.9,111.5,106.7
רבין ק. השרון,66.7,2021-06-08T00:00:00.000Z,68.3,43.9,71.8,62.5,48.4
המרכזי בעמק,94.8,2021-06-08T00:00:00.000Z,93.6,102.7,87.1,78.7,74.3
שמיר,88,2021-06-08T00:00:00.000Z,87.4,80.4,76.1,70.3,66.6
שיבא,86.6,2021-06-08T00:00:00.000Z,90.9,87.3,104.3,99.2,92.7
זיו צפת,107.8,2021-06-08T00:00:00.000Z,92.4,84.4,92.5,77.4,77.9
ברזילי,83.3,2021-06-08T00:00:00.000Z,83.6,78.4,87.9,80.3,72.8
הדסה עין כרם,126.2,2021-06-08T00:00:00.000Z,128.6,71.7,95.2,91.4,53.2
הכרמל,67,2021-06-08T00:00:00.000Z,67.4,59.2,81,73.3,71
מעייני הישועה,96.4,2021-06-08T00:00:00.000Z,89.8,,118.7,119.7,
אסותא אשדוד,166.1,2021-06-08T00:00:00.000Z,168.8,,149.1,144.5,
קפלן,101.3,2021-06-08T00:00:00.000Z,89.1,78.7,85.7,76.6,70.1
שערי צדק,106.7,2021-06-08T00:00:00.000Z,105,100.8,106,96.5,96
מאיר,78,2021-06-08T00:00:00.000Z,75.2,73.8,85.6,79.8,68.7
הדסה הר הצופים,83.3,2021-06-08T00:00:00.000Z,80.2,60.3,71.9,71.8,37.1
הלל יפה,98.6,2021-06-09T00:00:00.000Z,90.8,74.8,92.8,84.8,75.8
וולפסון,81.1,2021-06-09T00:00:00.000Z,82.8,72.2,76.1,71.3,68.3
שמואל הרופא,94.4,2021-06-09T00:00:00.000Z,97.2,82.5,87.4,85.7,71.1
בני ציון,76,2021-06-09T00:00:00.000Z,77.7,71,88.9,81.8,74.1
נהריה,89.5,2021-06-09T00:00:00.000Z,99,92.3,90.4,87.2,82.3
"רמב""ם",105.6,2021-06-09T00:00:00.000Z,100.6,96,96.6,92.1,91.7
יוספטל,62.5,2021-06-09T00:00:00.000Z,52.7,31.3,52.3,44.4,39.6
רבין ק. בילינסון,107,2021-06-09T00:00:00.000Z,103.5,89.2,91.6,87.5,82.2
פוריה,67.9,2021-06-09T00:00:00.000Z,76.4,66.3,74.4,72.8,63
לניאדו,114.1,2021-06-09T00:00:00.000Z,120,95.4,99.7,95.5,88.6
סורוקה,73.6,2021-06-09T00:00:00.000Z,68.1,60.2,79.6,74.8,69.3
איכילוב,91,2021-06-09T00:00:00.000Z,82,66.2,124.3,112.3,107.9
רבין ק. השרון,69.3,2021-06-09T00:00:00.000Z,67.3,45.9,72.6,62.5,49.4
המרכזי בעמק,85.8,2021-06-09T00:00:00.000Z,93.4,102.9,80.3,79.9,74.2
שמיר,83.8,2021-06-09T00:00:00.000Z,86.3,79.3,75,70.2,66.9
שיבא,82,2021-06-09T00:00:00.000Z,90.3,88.4,102.4,99.5,93.4
זיו צפת,87.5,2021-06-09T00:00:00.000Z,92.6,86.2,87,78.3,79.7
ברזילי,81.8,2021-06-09T00:00:00.000Z,82.1,77.6,85.4,80.7,72.9
הדסה עין כרם,127.2,2021-06-09T00:00:00.000Z,127.9,83.9,98.5,91.6,62.9
הכרמל,64.2,2021-06-09T00:00:00.000Z,66.8,60.1,74.6,73.9,71.7
מעייני הישועה,101.8,2021-06-09T00:00:00.000Z,90.8,,126.6,118.4,
אסותא אשדוד,164.4,2021-06-09T00:00:00.000Z,168.5,,142.7,143.7,
קפלן,97.3,2021-06-09T00:00:00.000Z,90.4,79.6,86.8,77.5,70.2
שערי צדק,105.3,2021-06-09T00:00:00.000Z,104.7,101.7,105.8,96.9,96.5
מאיר,66,2021-06-09T00:00:00.000Z,74.8,74,78.8,80.3,68.8
הדסה הר הצופים,105.6,2021-06-09T00:00:00.000Z,80.2,71.8,74.3,70.9,46.1
כלל המוסדות,90.1,2021-06-09T00:00:00.000Z,90.2,80.5,90.7,85.9,78
הלל יפה,97.3,2021-06-10T00:00:00.000Z,92.3,74.5,86.4,85.5,76.6
כלל המוסדות,84.1,2021-06-10T00:00:00.000Z,90.1,80.8,85.5,86.1,78.6
וולפסון,65.2,2021-06-10T00:00:00.000Z,83.3,71.8,69.5,71.9,68
שמואל הרופא,94.4,2021-06-10T00:00:00.000Z,97.2,81.3,87.1,86.3,71.3
בני ציון,79.3,2021-06-10T00:00:00.000Z,75.6,70.8,85,81.2,73.8
נהריה,94.7,2021-06-10T00:00:00.000Z,97.9,90.2,86.7,87.7,81.7
"רמב""ם",105.1,2021-06-10T00:00:00.000Z,101.3,96.3,94.2,91.9,92.2
יוספטל,43.8,2021-06-10T00:00:00.000Z,53.6,41.1,47.7,43.3,43.5
רבין ק. בילינסון,95.2,2021-06-10T00:00:00.000Z,104.1,87.7,82.6,87.9,81.2
פוריה,65.4,2021-06-10T00:00:00.000Z,73.6,65.2,68.5,72.8,62.5
לניאדו,105.1,2021-06-10T00:00:00.000Z,119.2,95.4,96.9,96.5,88.7
סורוקה,65.1,2021-06-10T00:00:00.000Z,69.2,59.7,73.5,75.6,68.5
איכילוב,72.3,2021-06-10T00:00:00.000Z,83.6,66.7,116.2,113.3,107.9
רבין ק. השרון,56.1,2021-06-10T00:00:00.000Z,67.5,47.5,59.3,63.4,50.6
המרכזי בעמק,78.7,2021-06-10T00:00:00.000Z,91.6,102.3,74.5,80,74.7
שמיר,73.4,2021-06-10T00:00:00.000Z,84.8,78.4,67.6,69.7,66.8
שיבא,76.2,2021-06-10T00:00:00.000Z,88.9,88.9,96.8,99.6,94
זיו צפת,68.8,2021-06-10T00:00:00.000Z,92.4,87.9,78.4,79.4,80.9
ברזילי,81.3,2021-06-10T00:00:00.000Z,80.9,77.7,81.3,81,73
הדסה עין כרם,123.3,2021-06-10T00:00:00.000Z,128.3,95.3,95.2,92.1,72.1
הכרמל,67,2021-06-10T00:00:00.000Z,66.4,60.6,73.2,73.8,72.2
מעייני הישועה,96.4,2021-06-10T00:00:00.000Z,93.4,,124.7,118.5,
אסותא אשדוד,174.6,2021-06-10T00:00:00.000Z,166.1,,149.5,140.1,
קפלן,84,2021-06-10T00:00:00.000Z,91.5,80.4,73.8,78.3,70.2
שערי צדק,100.7,2021-06-10T00:00:00.000Z,104.2,102.2,93.4,97.1,96.2
מאיר,77.5,2021-06-10T00:00:00.000Z,73.9,74.1,79.3,80.2,69.1
הדסה הר הצופים,91.7,2021-06-10T00:00:00.000Z,84.9,82.1,75.3,70.8,56.2
הלל יפה,95.9,2021-06-11T00:00:00.000Z,94.4,74.3,82.3,86,76.6
וולפסון,61.5,2021-06-11T00:00:00.000Z,81.3,71.7,64.3,72.1,67.7
שמואל הרופא,91.7,2021-06-11T00:00:00.000Z,96.8,80.2,85.3,86.6,71.3
בני ציון,86,2021-06-11T00:00:00.000Z,75.7,71.2,77.1,81.8,74.2
נהריה,101.6,2021-06-11T00:00:00.000Z,98.5,89.8,82.3,88.3,82.3
"רמב""ם",108.6,2021-06-11T00:00:00.000Z,102.9,96.3,88.4,92.5,92.4
יוספטל,43.8,2021-06-11T00:00:00.000Z,51.8,49.1,44.6,44.2,46.8
רבין ק. בילינסון,91.6,2021-06-11T00:00:00.000Z,104.5,87.5,75.7,87.8,80.5
פוריה,66.7,2021-06-11T00:00:00.000Z,72.3,65,65.1,72.7,61.5
לניאדו,105.1,2021-06-11T00:00:00.000Z,118.3,95.2,76.9,96.7,88.9
סורוקה,60.5,2021-06-11T00:00:00.000Z,71.2,59.9,68.5,76.6,68.5
איכילוב,74.7,2021-06-11T00:00:00.000Z,83.8,67.2,96.2,114.2,108.1
רבין ק. השרון,59.6,2021-06-11T00:00:00.000Z,66.5,47.7,50.6,63.4,50.6
המרכזי בעמק,96.1,2021-06-11T00:00:00.000Z,91.1,100.7,72.2,80.4,74.8
שמיר,69.9,2021-06-11T00:00:00.000Z,83.7,77.1,58.4,69.9,66.9
שיבא,83.7,2021-06-11T00:00:00.000Z,87.3,88.7,92.8,99.3,94.1
זיו צפת,84.4,2021-06-11T00:00:00.000Z,90.4,89.1,72,80.9,80.6
ברזילי,77.1,2021-06-11T00:00:00.000Z,81.5,79.3,70.9,81.6,73.9
הדסה הר הצופים,86.1,2021-06-11T00:00:00.000Z,89.3,90.5,73.6,71.3,64.5
הדסה עין כרם,123.3,2021-06-11T00:00:00.000Z,127.7,106.1,89.7,92.6,80.6
הכרמל,66,2021-06-11T00:00:00.000Z,66.2,60.2,63.2,73.9,72.3
מעייני הישועה,82.1,2021-06-11T00:00:00.000Z,94.9,,112,119.3,
אסותא אשדוד,164.4,2021-06-11T00:00:00.000Z,165.9,,133.4,139.1,
קפלן,86,2021-06-11T00:00:00.000Z,92.5,82.5,67,78.6,70.9
שערי צדק,101.3,2021-06-11T00:00:00.000Z,104,102.5,84.6,96.8,96.1
מאיר,68.5,2021-06-11T00:00:00.000Z,74.9,75.2,70.7,81,69.7
כלל המוסדות,84.5,2021-06-11T00:00:00.000Z,90.2,81.3,78,86.5,79.2
הלל יפה,106.8,2021-06-12T00:00:00.000Z,96,77.2,90.3,87.8,77.3
וולפסון,67.2,2021-06-12T00:00:00.000Z,78.4,72.2,66,72.1,67.6
שמואל הרופא,94.4,2021-06-12T00:00:00.000Z,96.4,78.2,85.9,86.8,71.3
בני ציון,95.9,2021-06-12T00:00:00.000Z,78.5,71.4,85.2,83.1,74.6
נהריה,116.3,2021-06-12T00:00:00.000Z,99.4,91.3,91,88.6,82.9
"רמב""ם",109.6,2021-06-12T00:00:00.000Z,104,95.7,92.2,93,93.2
יוספטל,56.3,2021-06-12T00:00:00.000Z,50.9,50,35.4,44.6,48.6
רבין ק. בילינסון,104.8,2021-06-12T00:00:00.000Z,103.9,86.6,84.4,87.3,80
פוריה,69.2,2021-06-12T00:00:00.000Z,71.2,67,67.6,72.7,60.9
לניאדו,119.2,2021-06-12T00:00:00.000Z,118.7,95.1,88.3,97.1,89.6
סורוקה,64.3,2021-06-12T00:00:00.000Z,71.4,60.5,73.6,76.9,68.8
איכילוב,81.7,2021-06-12T00:00:00.000Z,83.3,68.9,107.1,114.6,108.4
רבין ק. השרון,73.7,2021-06-12T00:00:00.000Z,66.4,47.1,59.8,64.2,50.5
המרכזי בעמק,109.7,2021-06-12T00:00:00.000Z,92.7,101.8,80.9,80.7,75
שמיר,81.1,2021-06-12T00:00:00.000Z,82.3,77.1,63.4,69.6,66.9
שיבא,88.7,2021-06-12T00:00:00.000Z,87.7,89,98,99.7,94.2
זיו צפת,92.2,2021-06-12T00:00:00.000Z,90.4,89.1,81,82,79.5
ברזילי,88.5,2021-06-12T00:00:00.000Z,81.6,79.5,79,81.4,73.6
הדסה הר הצופים,97.2,2021-06-12T00:00:00.000Z,91.7,96.8,79.2,72.7,72.3
הדסה עין כרם,128.2,2021-06-12T00:00:00.000Z,127.3,116.6,89.7,93.2,87.6
הכרמל,68.9,2021-06-12T00:00:00.000Z,66.6,61.2,71,73.6,72
מעייני הישועה,85.7,2021-06-12T00:00:00.000Z,94.6,,103.5,118.9,
אסותא אשדוד,161,2021-06-12T00:00:00.000Z,165.4,,123.9,139.1,
קפלן,98.7,2021-06-12T00:00:00.000Z,93.9,84.5,78.2,78.8,71.5
שערי צדק,104.7,2021-06-12T00:00:00.000Z,104.2,102.2,90.9,96.9,95.5
מאיר,78.5,2021-06-12T00:00:00.000Z,75.2,76.3,74.4,80.9,70.5
כלל המוסדות,92.7,2021-06-12T00:00:00.000Z,90.2,82.2,83.5,86.7,79.8
הלל יפה,117.1,2021-06-13T00:00:00.000Z,98.9,79.2,97.1,89.7,77.1
וולפסון,74.2,2021-06-13T00:00:00.000Z,75.1,73,75.7,71.8,67.8
שמואל הרופא,100,2021-06-13T00:00:00.000Z,96,76.6,86.2,86.9,71.5
בני ציון,96.7,2021-06-13T00:00:00.000Z,81,72.7,94.7,84.5,75.5
נהריה,109.5,2021-06-13T00:00:00.000Z,100.2,92.9,90,89.2,83.5
"רמב""ם",109.1,2021-06-13T00:00:00.000Z,104.2,96,97.2,93.2,93.4
יוספטל,81.3,2021-06-13T00:00:00.000Z,49.1,50.9,58.5,42.4,50.8
רבין ק. בילינסון,113.2,2021-06-13T00:00:00.000Z,103.1,85,92.6,86.8,79.2
פוריה,65.4,2021-06-13T00:00:00.000Z,70,66.1,72.7,72.1,59.8
לניאדו,123.1,2021-06-13T00:00:00.000Z,117.2,97.1,107,96.9,90.1
סורוקה,74.4,2021-06-13T00:00:00.000Z,70.1,61,81,76.6,69.3
איכילוב,84,2021-06-13T00:00:00.000Z,82.8,69.9,119.6,114.9,108.1
רבין ק. השרון,69.3,2021-06-13T00:00:00.000Z,66.5,46.7,71.4,64.6,50.2
המרכזי בעמק,101.3,2021-06-13T00:00:00.000Z,94.7,101.8,79.1,80.9,75
שמיר,85.3,2021-06-13T00:00:00.000Z,81.9,76.3,75.5,69.6,67.1
שיבא,88.7,2021-06-13T00:00:00.000Z,86.5,89.8,102.8,99.9,94.1
זיו צפת,93.8,2021-06-13T00:00:00.000Z,90.4,88.2,87.6,83,78.3
ברזילי,92.7,2021-06-13T00:00:00.000Z,82.2,77.9,88.4,81.6,72.8
הדסה הר הצופים,86.1,2021-06-13T00:00:00.000Z,93.3,104.8,74,74.1,78.5
הדסה עין כרם,131.1,2021-06-13T00:00:00.000Z,126.6,125.8,93.4,93.5,92.8
הכרמל,65.1,2021-06-13T00:00:00.000Z,66.7,62.3,74.6,73.5,71.6
מעייני הישועה,92.9,2021-06-13T00:00:00.000Z,94.4,,121.5,119,
אסותא אשדוד,172.9,2021-06-13T00:00:00.000Z,166.8,,148.5,140.7,
קפלן,99.3,2021-06-13T00:00:00.000Z,95.5,86.1,85.4,79.5,72.4
שערי צדק,103.3,2021-06-13T00:00:00.000Z,104.6,102.7,101.8,97.3,94.8
מאיר,87,2021-06-13T00:00:00.000Z,74.1,78.6,82.6,79.9,71.3
כלל המוסדות,95.3,2021-06-13T00:00:00.000Z,90.1,83,90.7,86.9,80.2
הלל יפה,107.5,2021-06-14T00:00:00.000Z,102,81.3,97.7,90.8,77.6
וולפסון,84.8,2021-06-14T00:00:00.000Z,73.4,73.9,79.1,71.9,68.1
שמואל הרופא,105.6,2021-06-14T00:00:00.000Z,96,75.4,88.6,86.9,71.8
בני ציון,105,2021-06-14T00:00:00.000Z,83.7,74.9,94.7,86,76.3
נהריה,108.9,2021-06-14T00:00:00.000Z,101.6,94.4,92.3,89.3,84.3
"רמב""ם",106.1,2021-06-14T00:00:00.000Z,105.6,95.9,97.7,93.9,93.9
יוספטל,87.5,2021-06-14T00:00:00.000Z,53.6,50.9,66.2,45.3,51.2
רבין ק. בילינסון,111.9,2021-06-14T00:00:00.000Z,103.3,83.5,95,87.3,78.5
פוריה,71.8,2021-06-14T00:00:00.000Z,68.1,66.7,70.7,70.8,60.6
סורוקה,72.5,2021-06-14T00:00:00.000Z,69.2,61.1,81.7,76.9,69.5
איכילוב,91.7,2021-06-14T00:00:00.000Z,82.3,71,123.4,115,108.9
רבין ק. השרון,71.1,2021-06-14T00:00:00.000Z,66.4,46.4,74.7,65,50.4
המרכזי בעמק,100.6,2021-06-14T00:00:00.000Z,94.7,100.5,79.5,79.9,74.9
לניאדו,124.4,2021-06-14T00:00:00.000Z,115.6,98.3,99.4,96.6,90.5
שמיר,91.5,2021-06-14T00:00:00.000Z,81.4,75.9,77,70,67.6
שיבא,96.2,2021-06-14T00:00:00.000Z,85.4,90.7,106.5,100,94.1
זיו צפת,110.9,2021-06-14T00:00:00.000Z,90.2,87.3,92.8,83.8,77.5
ברזילי,86.5,2021-06-14T00:00:00.000Z,83.6,77.4,88.6,82.3,72.2
הדסה הר הצופים,80.6,2021-06-14T00:00:00.000Z,92.9,113.9,67,74.6,83.9
הדסה עין כרם,133,2021-06-14T00:00:00.000Z,127.5,134.1,96.7,93.8,97.8
הכרמל,62.3,2021-06-14T00:00:00.000Z,66.2,63.6,79.1,73.7,71
מעייני הישועה,100,2021-06-14T00:00:00.000Z,92.6,,123.4,118.5,
אסותא אשדוד,164.4,2021-06-14T00:00:00.000Z,168,,147.1,141.9,
קפלן,97.3,2021-06-14T00:00:00.000Z,95.6,86.5,85.4,80.4,72.9
שערי צדק,100.7,2021-06-14T00:00:00.000Z,104.1,102.8,100.4,97.5,94
מאיר,74.5,2021-06-14T00:00:00.000Z,76.1,80,78.9,79.6,72.2
כלל המוסדות,96.3,2021-06-14T00:00:00.000Z,90.2,83.7,91.9,87.2,80.7
הלל יפה,102.1,2021-06-15T00:00:00.000Z,102.8,82.9,97.1,91.3,77.7
וולפסון,91,2021-06-15T00:00:00.000Z,73.5,75.2,77.5,72.2,69.3
שמואל הרופא,102.8,2021-06-15T00:00:00.000Z,96.4,75,88.3,86.8,72.1
בני ציון,95,2021-06-15T00:00:00.000Z,87.7,75.6,94.9,87.4,76
נהריה,103.7,2021-06-15T00:00:00.000Z,102.2,96.5,91.5,89.1,84.8
"רמב""ם",107.1,2021-06-15T00:00:00.000Z,106.4,95.6,98.9,94.3,94.6
יוספטל,75,2021-06-15T00:00:00.000Z,59.8,49.1,72.3,49.5,49.5
רבין ק. בילינסון,112.3,2021-06-15T00:00:00.000Z,104.3,82.9,93.4,87.7,78.3
פוריה,71.8,2021-06-15T00:00:00.000Z,68.7,63.5,72.4,70.7,60.9
סורוקה,70.2,2021-06-15T00:00:00.000Z,68.8,63.1,80.6,77.1,69.9
איכילוב,83.7,2021-06-15T00:00:00.000Z,82.6,72.4,119.6,115.5,109.9
רבין ק. השרון,70.2,2021-06-15T00:00:00.000Z,66.5,46.5,74.3,65.7,51.2
המרכזי בעמק,100,2021-06-15T00:00:00.000Z,95.3,100.6,84.3,79.1,75.7
לניאדו,110.3,2021-06-15T00:00:00.000Z,115.4,98.2,111.7,95.9,89.5
שמיר,89.6,2021-06-15T00:00:00.000Z,81.9,75.3,78.8,70.4,66.7
שיבא,94.6,2021-06-15T00:00:00.000Z,86,91,107.1,100.5,94.2
זיו צפת,98.4,2021-06-15T00:00:00.000Z,92.2,87.5,88.5,84.5,76.9
ברזילי,78.6,2021-06-15T00:00:00.000Z,84.4,77,84.9,83.1,71.6
הדסה הר הצופים,83.3,2021-06-15T00:00:00.000Z,90.1,120.6,75.3,73.6,87.8
הדסה עין כרם,126.2,2021-06-15T00:00:00.000Z,127.5,140.2,98.4,94.1,101.1
הכרמל,63.2,2021-06-15T00:00:00.000Z,65.8,64.4,82.6,73.8,71.4
מעייני הישועה,101.8,2021-06-15T00:00:00.000Z,93.6,,120.6,118.6,
אסותא אשדוד,166.1,2021-06-15T00:00:00.000Z,166.8,,152.2,142,
קפלן,102.7,2021-06-15T00:00:00.000Z,94.9,87.3,85,80.3,73.3
שערי צדק,100.7,2021-06-15T00:00:00.000Z,103.2,102.5,103.2,97.6,93.7
מאיר,71,2021-06-15T00:00:00.000Z,75.7,81.1,81.4,78.6,72.9
כלל המוסדות,93.9,2021-06-15T00:00:00.000Z,90.6,84.3,92.4,87.4,81.1
הלל יפה,95.2,2021-06-16T00:00:00.000Z,103.6,84,93.8,92,77.3
וולפסון,81.1,2021-06-16T00:00:00.000Z,75,75.2,72.3,72.6,69.1
שמואל הרופא,105.6,2021-06-16T00:00:00.000Z,97.6,75,89.1,87,72.5
כלל המוסדות,92.3,2021-06-16T00:00:00.000Z,91,84.7,91.2,87.5,81.3
בני ציון,86.8,2021-06-16T00:00:00.000Z,90.6,75,93.1,88.7,75.5
נהריה,109.5,2021-06-16T00:00:00.000Z,103.5,98.6,92.9,89.2,85.4
"רמב""ם",109.1,2021-06-16T00:00:00.000Z,107.3,95.7,97.3,95,94.8
יוספטל,56.3,2021-06-16T00:00:00.000Z,64.3,42.9,58.5,53.8,47.3
רבין ק. בילינסון,108.4,2021-06-16T00:00:00.000Z,105.2,84.3,92.7,87.9,78.8
פוריה,61.5,2021-06-16T00:00:00.000Z,68.3,60.5,71.3,70.2,61.4
סורוקה,70.2,2021-06-16T00:00:00.000Z,68.7,64.8,81.1,76.9,70.3
איכילוב,86,2021-06-16T00:00:00.000Z,82.7,71.9,119.9,115.2,110.1
רבין ק. השרון,58.8,2021-06-16T00:00:00.000Z,67,47.1,63.1,66.1,52.1
המרכזי בעמק,91.6,2021-06-16T00:00:00.000Z,96,101.7,77.6,78.7,76.4
לניאדו,101.3,2021-06-16T00:00:00.000Z,114.5,96.8,100.8,97.1,88.3
שמיר,92.3,2021-06-16T00:00:00.000Z,82.1,75.4,76,70.8,66
שיבא,94.1,2021-06-16T00:00:00.000Z,87.1,91.5,106.3,100.9,94.2
ברזילי,80.7,2021-06-16T00:00:00.000Z,83.8,76.9,84.9,82.6,70.8
זיו צפת,93.8,2021-06-16T00:00:00.000Z,90.8,89.1,87,83.9,76.3
הדסה הר הצופים,91.7,2021-06-16T00:00:00.000Z,90.1,121,78.8,74.1,88.3
הדסה עין כרם,117.5,2021-06-16T00:00:00.000Z,127.5,141.3,95.6,94.5,101.8
הכרמל,61.3,2021-06-16T00:00:00.000Z,65.2,65.2,80.8,74.1,72.3
מעייני הישועה,103.6,2021-06-16T00:00:00.000Z,94.4,,129.1,118.9,
אסותא אשדוד,167.8,2021-06-16T00:00:00.000Z,166.8,,145.7,142.5,
קפלן,102.7,2021-06-16T00:00:00.000Z,95,87.5,86.6,80.2,74.2
שערי צדק,96,2021-06-16T00:00:00.000Z,102.4,102.2,102.2,97.2,93.5
מאיר,82.5,2021-06-16T00:00:00.000Z,74.7,82.6,84.6,78,73.8
הלל יפה,87.7,2021-06-17T00:00:00.000Z,103.1,85.6,84.3,92.1,77.3
וולפסון,74.2,2021-06-17T00:00:00.000Z,75,76.2,70.1,72.1,69.8
שמואל הרופא,100,2021-06-17T00:00:00.000Z,99.2,75.4,88.9,87.2,72.6
בני ציון,86,2021-06-17T00:00:00.000Z,92.1,75.1,82.4,89.2,75.8
נהריה,92.6,2021-06-17T00:00:00.000Z,106.3,102.5,84,89.5,86.7
"רמב""ם",92.9,2021-06-17T00:00:00.000Z,107.8,96,87,95.1,94.3
יוספטל,50,2021-06-17T00:00:00.000Z,63.4,34.8,61.5,54.7,41.5
רבין ק. בילינסון,103.1,2021-06-17T00:00:00.000Z,105.3,87.5,87.2,88.1,79.7
פוריה,55.1,2021-06-17T00:00:00.000Z,67.4,61.3,64.8,69.7,63.1
סורוקה,57.4,2021-06-17T00:00:00.000Z,68.2,66.9,72.6,77.2,71.2
איכילוב,81.3,2021-06-17T00:00:00.000Z,82,72.1,114.3,114.6,110.6
רבין ק. השרון,56.1,2021-06-17T00:00:00.000Z,65.5,47.9,55.2,64.7,52.2
המרכזי בעמק,81.3,2021-06-17T00:00:00.000Z,96.9,101,67.9,78.3,76.7
לניאדו,101.3,2021-06-17T00:00:00.000Z,112.6,96.5,98.1,97.3,87.8
שמיר,91.5,2021-06-17T00:00:00.000Z,83.3,75.7,73.4,70.9,65.5
שיבא,77,2021-06-17T00:00:00.000Z,88.9,92.1,98.7,101.5,94.2
ברזילי,85.4,2021-06-17T00:00:00.000Z,83.6,74.3,81.3,82.6,69.8
זיו צפת,79.7,2021-06-17T00:00:00.000Z,91.7,88.4,73.2,83.9,76.5
הדסה הר הצופים,88.9,2021-06-17T00:00:00.000Z,88.1,121,80.6,74.8,87.8
הדסה עין כרם,120.4,2021-06-17T00:00:00.000Z,126.1,142.6,95.9,94.1,102.8
הכרמל,61.3,2021-06-17T00:00:00.000Z,64.8,65.5,72.6,74.9,72.8
מעייני הישועה,92.9,2021-06-17T00:00:00.000Z,94.6,,121.8,119.3,
אסותא אשדוד,171.2,2021-06-17T00:00:00.000Z,167.3,,143.7,142.9,
קפלן,89.3,2021-06-17T00:00:00.000Z,95.8,87.3,76.5,80.2,74.1
שערי צדק,96.7,2021-06-17T00:00:00.000Z,101,102.4,95.4,96.6,93.4
מאיר,70,2021-06-17T00:00:00.000Z,77.1,82.6,77.1,78.8,73.9
כלל המוסדות,85.3,2021-06-17T00:00:00.000Z,91.3,85.2,85,87.6,81.5
הלל יפה,98.6,2021-06-18T00:00:00.000Z,101.8,85.1,82.9,91.8,76.7
כלל המוסדות,84.5,2021-06-18T00:00:00.000Z,91.5,85.3,76.8,87.5,81.5
וולפסון,75.4,2021-06-18T00:00:00.000Z,76.3,77,59.9,72.1,70
שמואל הרופא,100,2021-06-18T00:00:00.000Z,100,75,88.3,87.5,72.6
בני ציון,88.4,2021-06-18T00:00:00.000Z,93,73.9,70.9,88.9,76.2
נהריה,100,2021-06-18T00:00:00.000Z,106,103.2,81.8,89.1,86.6
"רמב""ם",92.4,2021-06-18T00:00:00.000Z,106.1,95.8,79.2,94.1,93.7
יוספטל,37.5,2021-06-18T00:00:00.000Z,64.3,31.3,50.8,56.7,39.8
רבין ק. בילינסון,88.1,2021-06-18T00:00:00.000Z,106.5,89.3,75.3,88.7,80.5
פוריה,64.1,2021-06-18T00:00:00.000Z,65.9,60.5,65.6,69.2,63.7
סורוקה,58.9,2021-06-18T00:00:00.000Z,67.1,67.8,69.2,77,71.5
איכילוב,76,2021-06-18T00:00:00.000Z,83.3,71.9,92.1,114.3,110.7
רבין ק. השרון,51.8,2021-06-18T00:00:00.000Z,65.5,47.7,44,64.1,52.9
המרכזי בעמק,86.5,2021-06-18T00:00:00.000Z,97.2,100.9,66.7,77.4,77
לניאדו,101.3,2021-06-18T00:00:00.000Z,112.1,95.2,79.4,97.5,87.6
שמיר,90,2021-06-18T00:00:00.000Z,85.9,76.6,66.8,71.8,65.5
שיבא,74.5,2021-06-18T00:00:00.000Z,89,92.3,91.9,101.8,94.5
ברזילי,75,2021-06-18T00:00:00.000Z,84.2,74.1,67.9,82.6,69.2
זיו צפת,90.6,2021-06-18T00:00:00.000Z,93.3,87.9,63.4,83.2,76.9
הדסה הר הצופים,88.9,2021-06-18T00:00:00.000Z,87.7,118.3,76.4,75.5,87.8
הדסה עין כרם,122.3,2021-06-18T00:00:00.000Z,125.7,143.4,87.6,94.2,103.5
הכרמל,63.2,2021-06-18T00:00:00.000Z,64,65.5,65.4,74.8,73.2
מעייני הישועה,98.2,2021-06-18T00:00:00.000Z,94.1,,116.1,118.9,
אסותא אשדוד,166.1,2021-06-18T00:00:00.000Z,166.8,,124.6,142.1,
קפלן,82.7,2021-06-18T00:00:00.000Z,96.6,86.5,68.8,80.6,73.5
שערי צדק,100,2021-06-18T00:00:00.000Z,100.5,103,83.7,96.9,93.5
מאיר,69,2021-06-18T00:00:00.000Z,76,81.8,71.7,78.5,73.4
וולפסון,81.1,2021-06-19T00:00:00.000Z,78.3,77.9,66.6,71.5,70.4
שמואל הרופא,105.6,2021-06-19T00:00:00.000Z,101.2,74.2,89.4,87.9,72.4
בני ציון,96.7,2021-06-19T00:00:00.000Z,93.4,74.3,81.3,88,76.1
רבין ק. בילינסון,97.8,2021-06-19T00:00:00.000Z,106,91.9,83.4,88.7,81.8
פוריה,71.8,2021-06-19T00:00:00.000Z,65.6,60,70.4,69.3,65.4
סורוקה,73.3,2021-06-19T00:00:00.000Z,66.8,67.4,76.9,77.1,71.7
איכילוב,84.7,2021-06-19T00:00:00.000Z,83.5,70.7,101.7,113.7,110.7
רבין ק. השרון,55.3,2021-06-19T00:00:00.000Z,64.4,47.6,49.4,63.2,52.6
המרכזי בעמק,93.5,2021-06-19T00:00:00.000Z,95.9,99.4,73.4,76.6,76.9
לניאדו,120.5,2021-06-19T00:00:00.000Z,111.5,93.9,87.7,97.8,86.3
זיו צפת,109.4,2021-06-19T00:00:00.000Z,94.2,85.5,75.2,81.9,77.9
הלל יפה,109.6,2021-06-19T00:00:00.000Z,102.2,82.2,85.8,91.9,75.4
ברזילי,85.4,2021-06-19T00:00:00.000Z,83.9,74.3,75.3,82.1,68.7
יוספטל,31.3,2021-06-19T00:00:00.000Z,63.4,32.1,44.6,57.6,38.5
נהריה,113.2,2021-06-19T00:00:00.000Z,105.8,103.7,88.8,89.1,87.2
"רמב""ם",101.5,2021-06-19T00:00:00.000Z,103.8,95.2,87.8,92.8,92.5
שמיר,98.1,2021-06-19T00:00:00.000Z,88.7,76.8,73.2,73,64.7
שיבא,92.5,2021-06-19T00:00:00.000Z,87.7,91.5,100,101.6,94.8
הדסה הר הצופים,100,2021-06-19T00:00:00.000Z,88.1,115.1,75.3,75.9,88.1
הדסה עין כרם,133,2021-06-19T00:00:00.000Z,125.5,141.1,89.8,93.9,103.1
הכרמל,67.9,2021-06-19T00:00:00.000Z,63.6,65.4,70.3,75.2,74.1
מעייני הישועה,98.2,2021-06-19T00:00:00.000Z,96.4,,105.1,119.4,
אסותא אשדוד,152.5,2021-06-19T00:00:00.000Z,167.1,,117.1,140.8,
קפלן,89.3,2021-06-19T00:00:00.000Z,96.1,87,74.9,80.8,73.5
שערי צדק,100.7,2021-06-19T00:00:00.000Z,100.3,103.3,88.3,96.8,93.9
מאיר,81.5,2021-06-19T00:00:00.000Z,76.1,80.9,76.7,78.7,72.9
כלל המוסדות,93.7,2021-06-19T00:00:00.000Z,91.5,85,82.6,87.4,81.5
וולפסון,77.5,2021-06-20T00:00:00.000Z,80.3,78.6,73.5,71.6,70.7
שמואל הרופא,105.6,2021-06-20T00:00:00.000Z,102.8,73.8,88.3,88.4,72.2
בני ציון,94.2,2021-06-20T00:00:00.000Z,93.5,73.7,87.5,87.4,75.7
רבין ק. בילינסון,99.1,2021-06-20T00:00:00.000Z,105,94.8,89.3,88.5,83.2
פוריה,89.7,2021-06-20T00:00:00.000Z,65.9,59.8,75.8,69.7,66.9
סורוקה,75.2,2021-06-20T00:00:00.000Z,68.1,67.1,81.1,77.6,71.5
איכילוב,89.3,2021-06-20T00:00:00.000Z,83.9,69.9,117.6,112.9,111
רבין ק. השרון,57,2021-06-20T00:00:00.000Z,61.8,47.2,63.9,61.7,52.4
המרכזי בעמק,90.3,2021-06-20T00:00:00.000Z,93.5,97.5,78.3,75.5,76.5
לניאדו,126.9,2021-06-20T00:00:00.000Z,111.7,92.2,109.5,97.7,85.4
זיו צפת,90.6,2021-06-20T00:00:00.000Z,96.7,87.3,86.5,81.1,78.3
הלל יפה,111,2021-06-20T00:00:00.000Z,102.5,79.9,94,91.2,75.4
ברזילי,84.4,2021-06-20T00:00:00.000Z,83.5,75.2,83.9,81.6,68.6
יוספטל,37.5,2021-06-20T00:00:00.000Z,59.8,31.3,53.8,58.9,35.4
נהריה,105.3,2021-06-20T00:00:00.000Z,105.3,104,89.7,88.7,88.2
"רמב""ם",99,2021-06-20T00:00:00.000Z,102.6,95,89.7,92.2,92
שמיר,97.7,2021-06-20T00:00:00.000Z,91.2,76.3,79.8,74.4,63.9
שיבא,82.4,2021-06-20T00:00:00.000Z,88.2,91.6,102.2,101.9,95.5
הדסה הר הצופים,105.6,2021-06-20T00:00:00.000Z,88.5,107.9,76,75.3,87.3
הדסה עין כרם,128.2,2021-06-20T00:00:00.000Z,126.2,140.2,93.5,93.9,103.1
הכרמל,68.9,2021-06-20T00:00:00.000Z,63.5,65.2,76.9,75.1,75
מעייני הישועה,103.6,2021-06-20T00:00:00.000Z,98.2,,121.5,119.7,
אסותא אשדוד,176.3,2021-06-20T00:00:00.000Z,165.9,,144.7,139.8,
קפלן,88.7,2021-06-20T00:00:00.000Z,94.8,87,82.7,80.4,73.4
שערי צדק,107.3,2021-06-20T00:00:00.000Z,99.7,102.7,102.1,96.4,94.2
מאיר,79,2021-06-20T00:00:00.000Z,76.5,78.7,76.9,79,72.1
כלל המוסדות,93.4,2021-06-20T00:00:00.000Z,91.6,84.8,89.3,87.2,81.6
וולפסון,86.5,2021-06-21T00:00:00.000Z,80.7,79,76.1,71.3,70.9
שמואל הרופא,100,2021-06-21T00:00:00.000Z,103.6,73.8,87.4,88.7,72
בני ציון,95.9,2021-06-21T00:00:00.000Z,93.2,73.4,87.8,86.4,75.8
רבין ק. בילינסון,100,2021-06-21T00:00:00.000Z,103,98.6,91.3,88,84.9
פוריה,85.9,2021-06-21T00:00:00.000Z,69.4,60.8,71.8,70.1,66
סורוקה,75.2,2021-06-21T00:00:00.000Z,68.2,66.7,85.7,77.6,71.3
רבין ק. השרון,52.6,2021-06-21T00:00:00.000Z,60,46.5,56,60.6,51.6
המרכזי בעמק,89,2021-06-21T00:00:00.000Z,92,97.4,78.3,75.4,76.9
איכילוב,89.3,2021-06-21T00:00:00.000Z,84.7,69,121,112.7,110.9
לניאדו,132.1,2021-06-21T00:00:00.000Z,112.3,90.2,110.6,98.1,85.1
זיו צפת,87.5,2021-06-21T00:00:00.000Z,96.2,90.2,82.7,80.9,78.3
הלל יפה,115.8,2021-06-21T00:00:00.000Z,101.7,77.5,99.6,90.8,74.4
ברזילי,85.4,2021-06-21T00:00:00.000Z,82.3,76.2,84.9,81,68.9
יוספטל,25,2021-06-21T00:00:00.000Z,53.6,33,50.8,58.2,34.7
נהריה,107.4,2021-06-21T00:00:00.000Z,104.7,104.1,92.2,88.7,88.3
"רמב""ם",104,2021-06-21T00:00:00.000Z,101.2,95.8,95.9,91.1,91.5
שמיר,92.7,2021-06-21T00:00:00.000Z,92.9,76,76.7,75,63.3
שיבא,83.7,2021-06-21T00:00:00.000Z,87.3,92.4,102.7,101.8,96.3
הדסה הר הצופים,97.2,2021-06-21T00:00:00.000Z,91.3,100.4,77.8,75.6,87
הדסה עין כרם,125.2,2021-06-21T00:00:00.000Z,125.8,140.5,93.7,93.9,103
הכרמל,64.2,2021-06-21T00:00:00.000Z,64,64.6,80.8,75.4,75.6
מעייני הישועה,103.6,2021-06-21T00:00:00.000Z,99.7,,125.9,119.7,
אסותא אשדוד,176.3,2021-06-21T00:00:00.000Z,166.3,,154.6,139.3,
קפלן,91.3,2021-06-21T00:00:00.000Z,93.2,86.5,83.2,80,73.1
שערי צדק,107.3,2021-06-21T00:00:00.000Z,100.3,102.3,103.2,96.5,94.2
מאיר,91.5,2021-06-21T00:00:00.000Z,75.4,76.4,81.6,78.2,71.2
כלל המוסדות,94.6,2021-06-21T00:00:00.000Z,91.3,84.6,91.1,87,81.6
וולפסון,79.1,2021-06-22T00:00:00.000Z,81,78.2,73.4,70.9,70.2
שמואל הרופא,97.2,2021-06-22T00:00:00.000Z,102.8,73.4,85.9,88.5,71.8
בני ציון,92.6,2021-06-22T00:00:00.000Z,91.9,74.4,88.9,85.4,75.9
רבין ק. בילינסון,104,2021-06-22T00:00:00.000Z,101.3,100.1,93.4,87.5,85.7
פוריה,83.3,2021-06-22T00:00:00.000Z,71.4,62.8,75.5,70.3,67
סורוקה,82.2,2021-06-22T00:00:00.000Z,68.6,66.4,88.5,78.2,71.7
המרכזי בעמק,92.9,2021-06-22T00:00:00.000Z,90.3,95.2,84.5,75.2,75.9
איכילוב,92.7,2021-06-22T00:00:00.000Z,84.3,67.3,119.6,112.3,110.2
רבין ק. השרון,57.9,2021-06-22T00:00:00.000Z,57.4,46.1,65.1,58,50.5
לניאדו,110.3,2021-06-22T00:00:00.000Z,113.4,89.1,106.7,99.7,85
זיו צפת,95.3,2021-06-22T00:00:00.000Z,92.9,91.5,84.4,79.5,78.6
הלל יפה,109.6,2021-06-22T00:00:00.000Z,102.8,77.6,92.4,91.1,74.3
ברזילי,85.9,2021-06-22T00:00:00.000Z,82.1,76.6,87.1,80.5,69.3
יוספטל,37.5,2021-06-22T00:00:00.000Z,44.6,36.6,64.6,56,36
נהריה,100,2021-06-22T00:00:00.000Z,104.5,102.9,92.5,88.7,87.9
"רמב""ם",98.5,2021-06-22T00:00:00.000Z,100.9,96.6,93.8,90.8,91.1
שמיר,101.5,2021-06-22T00:00:00.000Z,93.1,75.9,79.5,74.9,63.7
שיבא,82,2021-06-22T00:00:00.000Z,85.5,93,102.4,101.3,96.9
הדסה הר הצופים,91.7,2021-06-22T00:00:00.000Z,93.7,93.7,81.6,77.2,84.8
הדסה עין כרם,117.5,2021-06-22T00:00:00.000Z,124.7,139.5,94.7,93.5,103.2
הכרמל,62.3,2021-06-22T00:00:00.000Z,64.3,63.9,79.8,75.6,75.3
מעייני הישועה,107.1,2021-06-22T00:00:00.000Z,100.3,,124.4,120,
אסותא אשדוד,181.4,2021-06-22T00:00:00.000Z,168,,154.9,140.4,
קפלן,87.3,2021-06-22T00:00:00.000Z,92.4,84,77.6,79.7,72.1
שערי צדק,104,2021-06-22T00:00:00.000Z,101.2,102.1,106.6,96.9,94.6
מאיר,90,2021-06-22T00:00:00.000Z,77.8,74.5,83,78.6,70.4
כלל המוסדות,94.1,2021-06-22T00:00:00.000Z,91.1,84.2,91.6,86.9,81.5
וולפסון,77.9,2021-06-23T00:00:00.000Z,79.3,77.8,70.6,70.3,70.2
שמואל הרופא,94.4,2021-06-23T00:00:00.000Z,102,73.4,85.9,88.2,71.5
בני ציון,94.2,2021-06-23T00:00:00.000Z,91.5,75.6,95.8,84.6,76
רבין ק. בילינסון,104,2021-06-23T00:00:00.000Z,100.1,100.7,94.5,87.5,86.5
פוריה,79.5,2021-06-23T00:00:00.000Z,73.1,64.8,74.9,70.7,68.3
סורוקה,74,2021-06-23T00:00:00.000Z,70.3,65.2,83.6,79.3,71.7
המרכזי בעמק,88.4,2021-06-23T00:00:00.000Z,89.3,92.2,80.2,75.2,74.9
איכילוב,90,2021-06-23T00:00:00.000Z,85.6,65.8,118.4,112.3,109.5
רבין ק. השרון,57,2021-06-23T00:00:00.000Z,55.6,45.1,57.7,56.7,49.7
לניאדו,120.5,2021-06-23T00:00:00.000Z,113.4,88.5,109.7,99,85.6
זיו צפת,90.6,2021-06-23T00:00:00.000Z,92.4,92,85.6,78.9,79.1
הלל יפה,109.6,2021-06-23T00:00:00.000Z,103.9,77.1,85,90.4,74
ברזילי,78.6,2021-06-23T00:00:00.000Z,83.2,76.8,80,80.8,69.1
יוספטל,50,2021-06-23T00:00:00.000Z,39.3,38.4,50.8,54.9,38.5
נהריה,101.1,2021-06-23T00:00:00.000Z,104,101.5,93.6,88.8,87.2
"רמב""ם",94.4,2021-06-23T00:00:00.000Z,99.6,97.4,91.9,90.1,90.9
שמיר,95.8,2021-06-23T00:00:00.000Z,94.8,74.4,78.1,75,63.3
שיבא,71.1,2021-06-23T00:00:00.000Z,83.7,92.1,100.9,100.6,97.1
הדסה הר הצופים,86.1,2021-06-23T00:00:00.000Z,94.8,91.7,77.8,78.1,84.4
הדסה עין כרם,120.4,2021-06-23T00:00:00.000Z,123.4,139.1,94.8,93,103.9
הכרמל,61.3,2021-06-23T00:00:00.000Z,64.2,63.6,75.3,75.2,74.4
מעייני הישועה,100,2021-06-23T00:00:00.000Z,101,,126.9,120.6,
אסותא אשדוד,178,2021-06-23T00:00:00.000Z,170.2,,162.1,140.8,
קפלן,97.3,2021-06-23T00:00:00.000Z,90.2,81,83.2,78.6,70.6
שערי צדק,104.7,2021-06-23T00:00:00.000Z,101.7,101.7,105,97.3,94.7
מאיר,82,2021-06-23T00:00:00.000Z,80.5,71.2,78.4,78.8,69.1
כלל המוסדות,91.3,2021-06-23T00:00:00.000Z,91.1,83.4,90.1,86.8,81.4
וולפסון,62.7,2021-06-24T00:00:00.000Z,78.8,76.9,64.4,70,69.8
שמואל הרופא,88.9,2021-06-24T00:00:00.000Z,100.4,72.2,85.9,87.7,70.9
כלל המוסדות,85.5,2021-06-24T00:00:00.000Z,91,82.2,85.5,86.6,81.1
בני ציון,86,2021-06-24T00:00:00.000Z,92.6,76.3,87.3,85,76.5
רבין ק. בילינסון,101.8,2021-06-24T00:00:00.000Z,99.4,98.5,88.4,87.8,86.4
פוריה,84.6,2021-06-24T00:00:00.000Z,75.6,64.8,71.3,71.3,67.8
סורוקה,65.9,2021-06-24T00:00:00.000Z,70.9,62.5,75.5,79.7,71
המרכזי בעמק,80.6,2021-06-24T00:00:00.000Z,88.8,89.2,66.9,75.6,73.6
איכילוב,80.7,2021-06-24T00:00:00.000Z,86.2,64,112.8,112.1,108.7
רבין ק. השרון,60.5,2021-06-24T00:00:00.000Z,55.4,43.7,57.7,55.9,49.1
לניאדו,100,2021-06-24T00:00:00.000Z,116.1,87.3,100.6,100.2,85.1
זיו צפת,82.8,2021-06-24T00:00:00.000Z,92,92.4,72.9,78.7,78.1
הלל יפה,91.8,2021-06-24T00:00:00.000Z,106,75.1,80.6,89.2,73.2
ברזילי,80.2,2021-06-24T00:00:00.000Z,82.9,77.3,78.1,80.1,68.2
יוספטל,68.8,2021-06-24T00:00:00.000Z,38.4,37.5,66.2,53.8,42.2
נהריה,101.1,2021-06-24T00:00:00.000Z,102.8,97.7,86.6,88.9,85.6
"רמב""ם",93.9,2021-06-24T00:00:00.000Z,97.5,97.3,88.4,89.3,91.4
שמיר,90,2021-06-24T00:00:00.000Z,95.3,72.9,73.8,75.3,63.7
שיבא,68.2,2021-06-24T00:00:00.000Z,80.5,91.5,101.2,99.8,97.1
הדסה הר הצופים,80.6,2021-06-24T00:00:00.000Z,94,88.5,73.3,77.9,84
הדסה עין כרם,112.6,2021-06-24T00:00:00.000Z,123.9,140.2,90.5,92.9,103.9
הכרמל,67.9,2021-06-24T00:00:00.000Z,64.2,64.3,76.5,74.4,73.8
מעייני הישועה,96.4,2021-06-24T00:00:00.000Z,100.5,,121.8,120.3,
אסותא אשדוד,179.7,2021-06-24T00:00:00.000Z,171.7,,158.7,143.1,
קפלן,83.3,2021-06-24T00:00:00.000Z,89.4,79.3,75.5,78.1,69.9
שערי צדק,104,2021-06-24T00:00:00.000Z,103,100.4,98.1,97.7,95
מאיר,70,2021-06-24T00:00:00.000Z,80.4,69.3,76.3,77.9,68.3
וולפסון,65.2,2021-06-25T00:00:00.000Z,77.2,76.9,61.5,69.2,69.5
שמואל הרופא,88.9,2021-06-25T00:00:00.000Z,98.8,72.2,84.8,87.3,70.7
בני ציון,86,2021-06-25T00:00:00.000Z,92.6,77.8,78.5,85.6,76.7
רבין ק. בילינסון,96,2021-06-25T00:00:00.000Z,99.2,96.7,82.4,87.9,86.2
פוריה,96.2,2021-06-25T00:00:00.000Z,79.9,65.4,68.7,72.2,67.9
סורוקה,72.9,2021-06-25T00:00:00.000Z,72.1,61.2,75,80.1,70.6
המרכזי בעמק,89.7,2021-06-25T00:00:00.000Z,88.8,87,66.7,75.5,72.6
איכילוב,78.3,2021-06-25T00:00:00.000Z,86.1,62.2,92.6,111.9,108.2
רבין ק. השרון,55.3,2021-06-25T00:00:00.000Z,56,42.6,43.6,56.3,47.8
לניאדו,100,2021-06-25T00:00:00.000Z,115.9,85.7,83,100.6,84.3
זיו צפת,79.7,2021-06-25T00:00:00.000Z,92.4,91.3,68.3,78.7,77.4
הלל יפה,86.3,2021-06-25T00:00:00.000Z,106.6,75,70.7,88.6,73.2
ברזילי,83.3,2021-06-25T00:00:00.000Z,82.1,76.1,74.8,79.6,67
יוספטל,56.3,2021-06-25T00:00:00.000Z,41.1,38.4,56.9,54.5,43.7
נהריה,109.5,2021-06-25T00:00:00.000Z,104,96.3,81.5,89.3,85.3
"רמב""ם",108.6,2021-06-25T00:00:00.000Z,97.7,98.6,86.8,89.5,92
שמיר,93.1,2021-06-25T00:00:00.000Z,95.1,71.8,69.6,75.4,64.1
שיבא,74.9,2021-06-25T00:00:00.000Z,79.2,91,93.9,100.2,96.8
הדסה הר הצופים,88.9,2021-06-25T00:00:00.000Z,92.9,90.9,68.4,76.9,83.7
הדסה עין כרם,120.4,2021-06-25T00:00:00.000Z,122.7,139.7,83.2,92.1,104.7
הכרמל,64.2,2021-06-25T00:00:00.000Z,65.1,65.1,67.5,75,73
מעייני הישועה,98.2,2021-06-25T00:00:00.000Z,101,,112,120.3,
אסותא אשדוד,174.6,2021-06-25T00:00:00.000Z,172.9,,133.4,145.2,
קפלן,78.7,2021-06-25T00:00:00.000Z,88.6,78.5,68.4,78,69.5
שערי צדק,104,2021-06-25T00:00:00.000Z,104,99.4,87.1,98.1,94
מאיר,78.5,2021-06-25T00:00:00.000Z,80.4,66.9,70.7,77.8,67.8
כלל המוסדות,88.1,2021-06-25T00:00:00.000Z,91,81.5,78.6,86.7,80.9
כלל המוסדות,97,2021-06-26T00:00:00.000Z,91.5,81,84.7,87,80.8
וולפסון,75.8,2021-06-26T00:00:00.000Z,75.7,76.1,67.3,69.4,68.9
שמואל הרופא,102.8,2021-06-26T00:00:00.000Z,97.2,73.4,87.7,86.8,70.7
בני ציון,98.3,2021-06-26T00:00:00.000Z,92.2,77.1,87.3,86.7,76.1
רבין ק. בילינסון,110.1,2021-06-26T00:00:00.000Z,100.4,94.4,90.3,88.9,86
פוריה,101.3,2021-06-26T00:00:00.000Z,84.4,64.3,71.3,72.6,68.3
סורוקה,80.2,2021-06-26T00:00:00.000Z,74.1,61.1,81.6,80.9,70.6
המרכזי בעמק,100,2021-06-26T00:00:00.000Z,89.2,85,76,75.5,71.7
איכילוב,89,2021-06-26T00:00:00.000Z,86.4,60.3,102.9,112,108
רבין ק. השרון,62.3,2021-06-26T00:00:00.000Z,56.5,42.7,53.5,56.2,47.5
לניאדו,123.1,2021-06-26T00:00:00.000Z,115.8,85.7,93.9,101.1,85.6
זיו צפת,85.9,2021-06-26T00:00:00.000Z,90.8,90.8,77.2,79.4,76.9
הלל יפה,104.1,2021-06-26T00:00:00.000Z,104.8,76.5,81.7,86.9,74
ברזילי,89.1,2021-06-26T00:00:00.000Z,83.3,75.3,80.3,80.6,66.3
יוספטל,62.5,2021-06-26T00:00:00.000Z,43.8,42.9,61.5,55.4,45.9
נהריה,120.5,2021-06-26T00:00:00.000Z,105.3,94.9,93.8,89.3,84.7
"רמב""ם",112.6,2021-06-26T00:00:00.000Z,100,99.4,93.3,90.6,92.2
שמיר,93.4,2021-06-26T00:00:00.000Z,95.5,71,72.8,75.8,64.5
שיבא,90.8,2021-06-26T00:00:00.000Z,79.3,91,100.4,100.5,96.5
הדסה הר הצופים,102.8,2021-06-26T00:00:00.000Z,92.9,91.3,75.7,75.7,81.9
הדסה עין כרם,127.2,2021-06-26T00:00:00.000Z,122.5,138.3,88.2,91.5,105.5
הכרמל,68.9,2021-06-26T00:00:00.000Z,65.2,65.8,75.9,75.3,72.3
מעייני הישועה,91.1,2021-06-26T00:00:00.000Z,101,,102.5,119.7,
אסותא אשדוד,164.4,2021-06-26T00:00:00.000Z,174.1,,120.5,146.5,
קפלן,88.7,2021-06-26T00:00:00.000Z,88,77.6,73.6,77.9,69
שערי צדק,108,2021-06-26T00:00:00.000Z,104.6,99,89.9,98.6,93.2
מאיר,88.5,2021-06-26T00:00:00.000Z,81.8,68.1,76.7,77.7,67.9
וולפסון,73.8,2021-06-27T00:00:00.000Z,74.9,75.2,75.3,69.5,68.2
שמואל הרופא,102.8,2021-06-27T00:00:00.000Z,96.8,74.6,88,86.6,70.8
בני ציון,90.9,2021-06-27T00:00:00.000Z,92.4,76.9,88.5,87.6,75.8
רבין ק. בילינסון,114.1,2021-06-27T00:00:00.000Z,102.1,92.3,94,89.9,85.6
פוריה,85.9,2021-06-27T00:00:00.000Z,88.6,64.3,78.3,72.8,68.6
סורוקה,80.6,2021-06-27T00:00:00.000Z,75.1,61.2,85.5,81.6,70.8
המרכזי בעמק,105.8,2021-06-27T00:00:00.000Z,90.1,83.7,83.3,75.8,71.2
איכילוב,88.3,2021-06-27T00:00:00.000Z,87,58.9,123.3,112.1,107.9
רבין ק. השרון,66.7,2021-06-27T00:00:00.000Z,57.5,43.7,63.9,56.8,48
לניאדו,134.6,2021-06-27T00:00:00.000Z,116.1,84.8,109.2,102,85.4
זיו צפת,98.4,2021-06-27T00:00:00.000Z,87.5,88.4,83.6,79.7,77.1
הלל יפה,102.7,2021-06-27T00:00:00.000Z,104,76.9,91.3,86.3,73.6
ברזילי,100.5,2021-06-27T00:00:00.000Z,83.9,73.4,90.9,81.3,65.5
יוספטל,56.3,2021-06-27T00:00:00.000Z,48.2,47.3,61.5,57.8,48.6
נהריה,108.4,2021-06-27T00:00:00.000Z,106.4,93,91.6,90,83.5
"רמב""ם",102,2021-06-27T00:00:00.000Z,101.6,98.7,97.1,91.4,91.8
שמיר,93.1,2021-06-27T00:00:00.000Z,94.9,70.9,77.3,75.8,64.7
שיבא,92.1,2021-06-27T00:00:00.000Z,79,91.5,105.4,100.5,96.1
הדסה הר הצופים,102.8,2021-06-27T00:00:00.000Z,93.3,94,79.5,75.8,81.4
הדסה עין כרם,119.4,2021-06-27T00:00:00.000Z,121.6,137.4,90.3,91.2,106.1
הכרמל,70.8,2021-06-27T00:00:00.000Z,65.4,65.8,79.8,76.1,71.8
מעייני הישועה,100,2021-06-27T00:00:00.000Z,100,,116.8,119.3,
אסותא אשדוד,189.8,2021-06-27T00:00:00.000Z,175.8,,154.6,147,
קפלן,96,2021-06-27T00:00:00.000Z,87.9,76.5,84.7,77.7,68.6
שערי צדק,109.3,2021-06-27T00:00:00.000Z,105.6,98,103.9,98.8,92.8
מאיר,82.5,2021-06-27T00:00:00.000Z,82.8,69.7,79.3,77.7,68.5
כלל המוסדות,97.1,2021-06-27T00:00:00.000Z,92,80.5,91.7,87.3,80.6
בני ציון,91.7,2021-06-28T00:00:00.000Z,92,75.4,89.6,87.7,75
וולפסון,74.6,2021-06-28T00:00:00.000Z,74.4,74.3,78.6,69.8,67.4
שמואל הרופא,100,2021-06-28T00:00:00.000Z,96.4,75.4,87.1,86.5,70.8
רבין ק. בילינסון,111.9,2021-06-28T00:00:00.000Z,104.3,89.4,94.5,90.6,84.7
פוריה,80.8,2021-06-28T00:00:00.000Z,88.1,63.5,70.1,73.1,69.8
סורוקה,72.9,2021-06-28T00:00:00.000Z,75.9,61.1,83.5,82.2,71.1
המרכזי בעמק,111.6,2021-06-28T00:00:00.000Z,92.4,82.8,87.2,76.6,70.8
איכילוב,91.3,2021-06-28T00:00:00.000Z,86.9,57.1,119,113,107.2
רבין ק. השרון,64.9,2021-06-28T00:00:00.000Z,58.9,45,62.2,56.8,48.5
לניאדו,129.5,2021-06-28T00:00:00.000Z,117.2,85.3,101.4,101.9,85.5
זיו צפת,106.3,2021-06-28T00:00:00.000Z,88.6,84.2,88.2,79.3,77.2
הלל יפה,110.3,2021-06-28T00:00:00.000Z,102.8,78.1,95.7,85.9,73.7
ברזילי,94.8,2021-06-28T00:00:00.000Z,86.2,70.9,92.2,82.3,63.9
יוספטל,56.3,2021-06-28T00:00:00.000Z,50.9,50,61.5,58.9,50.5
נהריה,104.7,2021-06-28T00:00:00.000Z,106.8,91.4,94.1,90.3,82.9
"רמב""ם",94.9,2021-06-28T00:00:00.000Z,102,98.3,93.1,92.5,91.4
שמיר,89.2,2021-06-28T00:00:00.000Z,94.2,70.5,73.5,75.4,64.8
שיבא,100,2021-06-28T00:00:00.000Z,80.4,90.9,109.2,101,95.8
הדסה הר הצופים,83.3,2021-06-28T00:00:00.000Z,92.9,96.4,81.3,76.3,81.1
הדסה עין כרם,125.2,2021-06-28T00:00:00.000Z,120.4,135,93,90.8,106.5
הכרמל,67,2021-06-28T00:00:00.000Z,65.6,66.8,84,76.5,71.4
מעייני הישועה,98.2,2021-06-28T00:00:00.000Z,99.5,,118.4,118.6,
אסותא אשדוד,188.1,2021-06-28T00:00:00.000Z,177.7,,160.4,148.4,
קפלן,90,2021-06-28T00:00:00.000Z,89,76.2,83.2,78,68.7
שערי צדק,106,2021-06-28T00:00:00.000Z,105.9,97.2,106.8,99.1,92.5
מאיר,85,2021-06-28T00:00:00.000Z,83.3,70.9,82.3,78,68.8
כלל המוסדות,96.1,2021-06-28T00:00:00.000Z,92.5,79.7,92.2,87.6,80.3
בני ציון,93.4,2021-06-29T00:00:00.000Z,91.4,74.4,88.7,88,74.8
וולפסון,70.9,2021-06-29T00:00:00.000Z,72.7,73.8,74.8,70.2,67.1
שמואל הרופא,100,2021-06-29T00:00:00.000Z,96.4,76.2,86.5,86.5,70.9
רבין ק. בילינסון,114.5,2021-06-29T00:00:00.000Z,106,87.5,95.6,91.1,83.4
פוריה,84.6,2021-06-29T00:00:00.000Z,87.4,61.3,71.5,72.9,69.3
סורוקה,79.1,2021-06-29T00:00:00.000Z,75.5,60.9,84.6,81.9,70.5
המרכזי בעמק,104.5,2021-06-29T00:00:00.000Z,95.6,81.2,88.4,77.8,70.5
איכילוב,90,2021-06-29T00:00:00.000Z,87.2,56,113.8,112.7,106.7
רבין ק. השרון,64,2021-06-29T00:00:00.000Z,60.7,46,66.8,57.7,49.6
לניאדו,119.2,2021-06-29T00:00:00.000Z,116.8,87.1,103.3,100.6,86.2
זיו צפת,98.4,2021-06-29T00:00:00.000Z,91.3,81,81.3,80,77
הלל יפה,106.2,2021-06-29T00:00:00.000Z,102.1,78.4,95.3,85.4,73.6
ברזילי,87,2021-06-29T00:00:00.000Z,87.5,68.3,87.4,83.3,62.5
יוספטל,81.3,2021-06-29T00:00:00.000Z,55.4,46.4,75.4,60.4,48.8
נהריה,97.4,2021-06-29T00:00:00.000Z,106.5,91.8,90.5,90.5,82.8
"רמב""ם",93.4,2021-06-29T00:00:00.000Z,100.7,97.5,92.2,92.1,91.3
שמיר,90.7,2021-06-29T00:00:00.000Z,93.7,70.5,81.4,75,65
שיבא,97.5,2021-06-29T00:00:00.000Z,82.7,90.5,109.6,101.9,95.6
הדסה הר הצופים,105.6,2021-06-29T00:00:00.000Z,90.9,100,83.3,76.8,82.7
הדסה עין כרם,137.9,2021-06-29T00:00:00.000Z,120.4,131.5,97.2,90.7,106.3
הכרמל,69.8,2021-06-29T00:00:00.000Z,66,67.7,83.2,77,71.2
מעייני הישועה,101.8,2021-06-29T00:00:00.000Z,98.7,,116.5,117.5,
אסותא אשדוד,167.8,2021-06-29T00:00:00.000Z,179.4,,154.9,149.2,
קפלן,74,2021-06-29T00:00:00.000Z,88.8,76.6,82.1,78,69.6
שערי צדק,108.7,2021-06-29T00:00:00.000Z,105.7,96.7,114.6,99.6,92.3
מאיר,84.5,2021-06-29T00:00:00.000Z,82.4,72.6,84.2,78.1,69.3
כלל המוסדות,94.7,2021-06-29T00:00:00.000Z,92.7,79.2,92.4,87.8,80.2
בני ציון,93.4,2021-06-30T00:00:00.000Z,91.5,72.5,89.1,88,74.7
וולפסון,67.6,2021-06-30T00:00:00.000Z,71.5,73.7,73.1,70.4,66.3
שמואל הרופא,94.4,2021-06-30T00:00:00.000Z,96.8,75.8,85.9,86.6,70.8
רבין ק. בילינסון,101.8,2021-06-30T00:00:00.000Z,107.5,86.4,92.1,91.4,82.5
פוריה,82.1,2021-06-30T00:00:00.000Z,87.5,59.2,78.3,72.3,67.7
סורוקה,70.9,2021-06-30T00:00:00.000Z,75.1,61.4,80.8,81.3,70.5
המרכזי בעמק,87.1,2021-06-30T00:00:00.000Z,97.2,80.6,80.5,78.4,70.5
איכילוב,90.7,2021-06-30T00:00:00.000Z,86.8,57.5,115.7,111.8,107.4
רבין ק. השרון,57,2021-06-30T00:00:00.000Z,61.5,47.2,63.5,57.9,49.9
לניאדו,111.5,2021-06-30T00:00:00.000Z,118.1,88.8,98.3,100.2,87.4
זיו צפת,96.9,2021-06-30T00:00:00.000Z,91.7,77.9,85.3,79.6,76.6
הלל יפה,104.8,2021-06-30T00:00:00.000Z,101.6,79,90.9,85.8,74.3
ברזילי,86.5,2021-06-30T00:00:00.000Z,87.6,68.3,83.6,83.4,63.1
יוספטל,87.5,2021-06-30T00:00:00.000Z,61.6,46.4,80,62,49.5
נהריה,102.6,2021-06-30T00:00:00.000Z,106.1,91.7,89.7,90.3,82.9
"רמב""ם",100.5,2021-06-30T00:00:00.000Z,100,97.1,96.8,91.8,91.3
שמיר,92.7,2021-06-30T00:00:00.000Z,92.2,71.5,76.4,75.2,65.8
שיבא,78.2,2021-06-30T00:00:00.000Z,84.9,90.7,103.5,103,95.4
הדסה הר הצופים,102.8,2021-06-30T00:00:00.000Z,92.9,99.6,80.9,77,82.8
הדסה עין כרם,134,2021-06-30T00:00:00.000Z,123.3,128.4,100.4,91,105.8
הכרמל,65.1,2021-06-30T00:00:00.000Z,67.1,67.9,82.4,77.4,70.8
מעייני הישועה,92.9,2021-06-30T00:00:00.000Z,98,,120.6,116.4,
אסותא אשדוד,184.7,2021-06-30T00:00:00.000Z,177.5,,143.7,149.2,
קפלן,74.7,2021-06-30T00:00:00.000Z,86.9,78.2,81.2,78.7,70.5
שערי צדק,106.7,2021-06-30T00:00:00.000Z,106.4,95.7,105.7,100.8,92
מאיר,81.5,2021-06-30T00:00:00.000Z,81.6,74.1,85.1,78.3,69.7
כלל המוסדות,91.1,2021-06-30T00:00:00.000Z,92.8,79.4,90.5,87.9,80.2
בני ציון,95,2021-07-01T00:00:00.000Z,91.4,71.5,81.3,87,73.8
וולפסון,64.8,2021-07-01T00:00:00.000Z,70.1,74.2,66.3,70.7,65.9
שמואל הרופא,91.7,2021-07-01T00:00:00.000Z,96.8,77,85.9,86.6,71
רבין ק. בילינסון,104,2021-07-01T00:00:00.000Z,107.2,86,87.9,91,82
פוריה,65.4,2021-07-01T00:00:00.000Z,87.9,58.3,68.5,72.8,68.1
סורוקה,60.1,2021-07-01T00:00:00.000Z,74.6,62.3,73.4,80.9,71.3
המרכזי בעמק,91.6,2021-07-01T00:00:00.000Z,97.1,82,76.9,78.4,71
איכילוב,88.3,2021-07-01T00:00:00.000Z,86.9,59.1,112.5,111.4,108
רבין ק. השרון,49.1,2021-07-01T00:00:00.000Z,61.5,48.4,50.2,58.7,50.7
לניאדו,105.1,2021-07-01T00:00:00.000Z,116.8,89.6,98.6,98.5,87.9
זיו צפת,92.2,2021-07-01T00:00:00.000Z,92.6,75.2,74.9,79.5,76.4
הלל יפה,92.5,2021-07-01T00:00:00.000Z,100.9,79.5,78.6,86.6,75.2
ברזילי,79.7,2021-07-01T00:00:00.000Z,88.8,69.8,78.8,83.9,64.6
יוספטל,68.8,2021-07-01T00:00:00.000Z,67,47.3,72.3,66.2,50.8
נהריה,92.1,2021-07-01T00:00:00.000Z,106.3,93.5,81.2,89.7,84
"רמב""ם",96.5,2021-07-01T00:00:00.000Z,100.9,97,90.5,92.5,90.6
שמיר,94.2,2021-07-01T00:00:00.000Z,91.7,71.9,72.7,75,65.7
הדסה הר הצופים,88.9,2021-07-01T00:00:00.000Z,95.2,96.8,75,77.5,82.3
הדסה עין כרם,123.3,2021-07-01T00:00:00.000Z,125.2,123.4,96.7,91.8,105.3
הכרמל,67,2021-07-01T00:00:00.000Z,67.7,67,76.1,78.5,69.7
מעייני הישועה,92.9,2021-07-01T00:00:00.000Z,96.9,,125,115.5,
אסותא אשדוד,189.8,2021-07-01T00:00:00.000Z,178.5,,137.2,146.6,
קפלן,75.3,2021-07-01T00:00:00.000Z,83.6,78.4,74.5,78.4,71
שערי צדק,101.3,2021-07-01T00:00:00.000Z,106.7,96.2,100.5,100.9,91.9
מאיר,76.5,2021-07-01T00:00:00.000Z,81.5,75.7,76.7,79.2,70
כלל המוסדות,87.9,2021-07-01T00:00:00.000Z,92.8,79.7,83.6,87.9,80.3
בני ציון,91.7,2021-07-02T00:00:00.000Z,92.7,72.1,76,86.1,74.4
וולפסון,69.7,2021-07-02T00:00:00.000Z,70.4,73.2,59.7,71,65.9
שמואל הרופא,91.7,2021-07-02T00:00:00.000Z,97.2,77,85,86.6,70.9
כלל המוסדות,87.5,2021-07-02T00:00:00.000Z,93.1,79.7,75.9,87.7,80.4
רבין ק. בילינסון,96,2021-07-02T00:00:00.000Z,107.5,85.8,80.8,91,82
פוריה,82.1,2021-07-02T00:00:00.000Z,85.2,58.6,67.3,72.4,67.8
סורוקה,58.9,2021-07-02T00:00:00.000Z,73.8,63,68.2,80.6,71.9
המרכזי בעמק,93.5,2021-07-02T00:00:00.000Z,98.6,82.3,72.6,79.9,71.4
איכילוב,80.3,2021-07-02T00:00:00.000Z,88,62,94.4,111.4,108.4
רבין ק. השרון,51.8,2021-07-02T00:00:00.000Z,59.9,51.4,42.3,57.7,52.3
לניאדו,109,2021-07-02T00:00:00.000Z,117.6,89.9,78.6,98.2,87.9
זיו צפת,93.8,2021-07-02T00:00:00.000Z,94,73.9,71.5,79.8,76.3
הלל יפה,89,2021-07-02T00:00:00.000Z,101,80.6,74.4,86.3,76.2
ברזילי,68.8,2021-07-02T00:00:00.000Z,88.7,68.8,70.7,84,66.1
יוספטל,81.3,2021-07-02T00:00:00.000Z,67,50.9,64.6,67,50.5
נהריה,95.8,2021-07-02T00:00:00.000Z,105,94.3,74,88.9,83.9
"רמב""ם",108.1,2021-07-02T00:00:00.000Z,101.2,95.5,85.1,92.8,90.2
שמיר,93.1,2021-07-02T00:00:00.000Z,92.3,70.8,66,74.8,65
הדסה הר הצופים,91.7,2021-07-02T00:00:00.000Z,96.4,92.5,67,77.7,82.8
הדסה עין כרם,132,2021-07-02T00:00:00.000Z,126.8,120.2,87.3,92.7,104.3
הכרמל,67,2021-07-02T00:00:00.000Z,67.5,67.8,68.9,78.4,69.7
מעייני הישועה,94.6,2021-07-02T00:00:00.000Z,96.4,,111.4,116,
אסותא אשדוד,183.1,2021-07-02T00:00:00.000Z,179.9,,125.9,143.5,
קפלן,68.7,2021-07-02T00:00:00.000Z,82.5,77.2,64.8,78.3,71
שערי צדק,104,2021-07-02T00:00:00.000Z,106.3,96.7,89.2,101.2,92.4
מאיר,74.5,2021-07-02T00:00:00.000Z,82.4,76.6,70.3,79.3,69.9
בני ציון,103.3,2021-07-03T00:00:00.000Z,93.5,73.6,81.5,85.8,75.3
וולפסון,77.9,2021-07-03T00:00:00.000Z,71,74.2,66.5,70.7,66.6
שמואל הרופא,100,2021-07-03T00:00:00.000Z,97.6,76.2,86.8,86.6,70.8
רבין ק. בילינסון,104.4,2021-07-03T00:00:00.000Z,107.5,85,87.3,90.7,81.6
פוריה,80.8,2021-07-03T00:00:00.000Z,83.2,60.4,73.2,72.2,67.2
סורוקה,74,2021-07-03T00:00:00.000Z,71.8,62.3,75.8,79.7,72.2
המרכזי בעמק,100.6,2021-07-03T00:00:00.000Z,99.2,82.7,79,80.7,72
איכילוב,95.7,2021-07-03T00:00:00.000Z,88.3,65.5,106.2,111.7,109.5
רבין ק. השרון,65.8,2021-07-03T00:00:00.000Z,59.4,52.1,52.7,57.5,52.9
לניאדו,137.2,2021-07-03T00:00:00.000Z,118.9,89.4,96.1,97.6,87.1
זיו צפת,100,2021-07-03T00:00:00.000Z,96,73.2,80.1,80.3,75.8
הלל יפה,101.4,2021-07-03T00:00:00.000Z,101.4,80.3,81.2,86.9,76.7
ברזילי,80.2,2021-07-03T00:00:00.000Z,86.6,68.4,78.3,83.4,67
יוספטל,62.5,2021-07-03T00:00:00.000Z,70.5,50,61.5,68.1,49.5
נהריה,108.4,2021-07-03T00:00:00.000Z,103.1,94,81.8,87.9,83.6
"רמב""ם",108.6,2021-07-03T00:00:00.000Z,101.2,93.9,90.1,92.6,90.4
שמיר,97.7,2021-07-03T00:00:00.000Z,92.3,69.2,69.5,74.3,64.7
הדסה הר הצופים,94.4,2021-07-03T00:00:00.000Z,96.8,91.3,71.2,77.5,83.3
הדסה עין כרם,137.9,2021-07-03T00:00:00.000Z,128.4,121.2,89.6,93.3,104.1
הכרמל,69.8,2021-07-03T00:00:00.000Z,67.9,67.4,73.6,78.6,69.7
מעייני הישועה,96.4,2021-07-03T00:00:00.000Z,95.9,,101.9,115.9,
אסותא אשדוד,159.3,2021-07-03T00:00:00.000Z,181.1,,118.1,142.5,
קפלן,76.7,2021-07-03T00:00:00.000Z,81,76.2,72.2,77.7,71.6
שערי צדק,105.3,2021-07-03T00:00:00.000Z,106.3,97.2,96.1,101.5,92.9
מאיר,87,2021-07-03T00:00:00.000Z,81.9,75.5,78.3,79.2,70
כלל המוסדות,96.1,2021-07-03T00:00:00.000Z,93.1,79.6,81.8,87.3,80.5
בני ציון,109.9,2021-07-04T00:00:00.000Z,94.2,74.5,91.2,85,75.8
כלל המוסדות,96.7,2021-07-04T00:00:00.000Z,92.9,79.7,90,86.9,80.8
וולפסון,79.1,2021-07-04T00:00:00.000Z,71.3,75.1,76.3,70.6,67.7
שמואל הרופא,105.6,2021-07-04T00:00:00.000Z,97.2,75.4,88.3,86.5,70.7
רבין ק. בילינסון,104,2021-07-04T00:00:00.000Z,106.7,83.3,88.5,90.3,81.1
פוריה,70.5,2021-07-04T00:00:00.000Z,80.2,61.9,73,72.5,67.1
סורוקה,84.9,2021-07-04T00:00:00.000Z,70.9,62.5,82.6,78.8,72.2
המרכזי בעמק,98.7,2021-07-04T00:00:00.000Z,99.3,82.9,84,81.1,72.7
איכילוב,89,2021-07-04T00:00:00.000Z,89.2,67.8,124.4,112.1,110.1
רבין ק. השרון,70.2,2021-07-04T00:00:00.000Z,59.9,53.6,62.7,57.4,53.6
לניאדו,141,2021-07-04T00:00:00.000Z,120.9,88.9,110,97.9,86.8
זיו צפת,114.1,2021-07-04T00:00:00.000Z,98,73.4,90.5,80.7,75
הלל יפה,93.8,2021-07-04T00:00:00.000Z,101,80.7,86.2,86.8,77.8
ברזילי,86.5,2021-07-04T00:00:00.000Z,85.3,69.4,87.4,83.1,68.2
יוספטל,43.8,2021-07-04T00:00:00.000Z,70.5,48.2,56.9,68.1,47.3
נהריה,100,2021-07-04T00:00:00.000Z,101.4,95.4,86.6,86.1,83.9
"רמב""ם",110.1,2021-07-04T00:00:00.000Z,100.6,92.8,98.2,92.1,91
שמיר,92.7,2021-07-04T00:00:00.000Z,92.9,68.4,75.6,73.8,64.5
הדסה הר הצופים,83.3,2021-07-04T00:00:00.000Z,95.6,86.9,68.8,76.9,83.6
הדסה עין כרם,134,2021-07-04T00:00:00.000Z,130,121.8,99.1,93.5,104.4
הכרמל,64.2,2021-07-04T00:00:00.000Z,68.1,67.3,75.3,78.3,69.9
מעייני הישועה,117.9,2021-07-04T00:00:00.000Z,96.7,,124.4,115.8,
אסותא אשדוד,176.3,2021-07-04T00:00:00.000Z,180.4,,143.3,142.1,
קפלן,88,2021-07-04T00:00:00.000Z,79.3,75.7,81.6,77.5,71.9
שערי צדק,104,2021-07-04T00:00:00.000Z,105.9,98,109.6,102.4,93.2
מאיר,88.5,2021-07-04T00:00:00.000Z,81.6,73.4,86.4,79.5,70.2
בני ציון,102.5,2021-07-05T00:00:00.000Z,96.9,75,89.6,85.4,76.4
וולפסון,75.4,2021-07-05T00:00:00.000Z,72.1,75.4,71.7,70.8,67.8
שמואל הרופא,105.6,2021-07-05T00:00:00.000Z,97.6,74.6,89.1,86.5,70.8
רבין ק. בילינסון,88.5,2021-07-05T00:00:00.000Z,105.2,81.9,87.1,89.5,80.6
פוריה,73.1,2021-07-05T00:00:00.000Z,78,64.5,77.2,71.7,66.4
סורוקה,73.6,2021-07-05T00:00:00.000Z,71.5,63.6,79.2,78.4,72.2
המרכזי בעמק,85.2,2021-07-05T00:00:00.000Z,98.2,82.7,80.9,81.2,72.6
איכילוב,90,2021-07-05T00:00:00.000Z,89.3,70.8,125.3,112.3,110.6
רבין ק. השרון,65.8,2021-07-05T00:00:00.000Z,60.4,55.1,61,57.2,54.1
לניאדו,126.9,2021-07-05T00:00:00.000Z,121.8,88,110,98.1,86.2
זיו צפת,107.8,2021-07-05T00:00:00.000Z,100.2,75.2,91.1,81.7,74.4
הלל יפה,98.6,2021-07-05T00:00:00.000Z,99.7,80.6,94.6,86,78.6
ברזילי,90.6,2021-07-05T00:00:00.000Z,83.3,70.8,88.9,82.6,70
יוספטל,43.8,2021-07-05T00:00:00.000Z,68.8,49.1,52.3,67.5,47.3
נהריה,102.1,2021-07-05T00:00:00.000Z,100.2,96.9,89.6,85.4,84.3
"רמב""ם",104,2021-07-05T00:00:00.000Z,101.7,92.6,94.8,92.3,91.6
שמיר,90,2021-07-05T00:00:00.000Z,92.9,67.5,76.8,73.6,63.9
הדסה הר הצופים,86.1,2021-07-05T00:00:00.000Z,92.9,82.5,75.7,75.3,84.5
הדסה עין כרם,127.2,2021-07-05T00:00:00.000Z,132,123.2,104,94.7,104.6
הכרמל,64.2,2021-07-05T00:00:00.000Z,67.1,66.3,78.3,77.7,70.2
מעייני הישועה,116.1,2021-07-05T00:00:00.000Z,99.2,86.8,127.5,116.9,101
אסותא אשדוד,183.1,2021-07-05T00:00:00.000Z,178.5,,159.4,140.5,
קפלן,92.7,2021-07-05T00:00:00.000Z,78.2,75.4,79.8,77.1,71.8
שערי צדק,104.7,2021-07-05T00:00:00.000Z,105.1,98.1,106.7,103.2,93.8
מאיר,83,2021-07-05T00:00:00.000Z,82.5,72.7,85.7,80.5,70.5
כלל המוסדות,93.2,2021-07-05T00:00:00.000Z,92.9,79.8,90.4,86.6,81
בני ציון,87.6,2021-07-06T00:00:00.000Z,98.5,75.2,83.1,85.4,76.8
וולפסון,72.1,2021-07-06T00:00:00.000Z,72.2,75.8,69.8,69.8,68.3
שמואל הרופא,102.8,2021-07-06T00:00:00.000Z,98.4,74.2,87.4,86.8,70.7
רבין ק. בילינסון,91.2,2021-07-06T00:00:00.000Z,101.9,80.1,91,88.5,80.5
פוריה,80.8,2021-07-06T00:00:00.000Z,76.9,68.9,77.5,72.7,66.4
סורוקה,77.1,2021-07-06T00:00:00.000Z,71.7,63.6,82.6,77.8,72.7
המרכזי בעמק,91.6,2021-07-06T00:00:00.000Z,94.5,82.8,79.3,80.3,72.6
איכילוב,88,2021-07-06T00:00:00.000Z,89.1,72.7,122.5,113.2,110.5
רבין ק. השרון,58.8,2021-07-06T00:00:00.000Z,60.5,55.9,66.4,57,53.9
לניאדו,119.2,2021-07-06T00:00:00.000Z,121.4,84.9,105.8,99.3,84.7
זיו צפת,106.3,2021-07-06T00:00:00.000Z,100.4,76.8,88.2,82.1,75.3
הלל יפה,106.8,2021-07-06T00:00:00.000Z,98,79.4,95.7,85.9,78.7
ברזילי,86.5,2021-07-06T00:00:00.000Z,82.7,71.3,87.7,82.2,71.2
יוספטל,50,2021-07-06T00:00:00.000Z,67,51.8,63.1,66.2,50.8
נהריה,96.3,2021-07-06T00:00:00.000Z,99.8,96.3,89.7,84.8,84.2
"רמב""ם",102,2021-07-06T00:00:00.000Z,103,92.6,96,92.5,91.9
שמיר,87.3,2021-07-06T00:00:00.000Z,93,66.4,78.3,74.1,63.4
הדסה הר הצופים,80.6,2021-07-06T00:00:00.000Z,93.3,78.6,77.8,74.6,84.8
הדסה עין כרם,121.4,2021-07-06T00:00:00.000Z,132.3,123.7,103.3,96.3,104.5
הכרמל,64.2,2021-07-06T00:00:00.000Z,66.7,65.4,84,76.8,70.8
מעייני הישועה,101.8,2021-07-06T00:00:00.000Z,101.8,90.6,125.9,118.2,104.3
אסותא אשדוד,186.4,2021-07-06T00:00:00.000Z,177.7,,161.4,140.4,
קפלן,100,2021-07-06T00:00:00.000Z,78.6,73.5,81.2,76.6,70.7
שערי צדק,108.7,2021-07-06T00:00:00.000Z,105,98.2,112,103.2,94.2
מאיר,76,2021-07-06T00:00:00.000Z,82.2,71.6,84.4,81,70.2
כלל המוסדות,91.9,2021-07-06T00:00:00.000Z,92.5,79.5,90.9,86.4,81.1
וולפסון,68.4,2021-07-07T00:00:00.000Z,72.4,75.8,70.3,69.1,68.8
שמואל הרופא,97.2,2021-07-07T00:00:00.000Z,98.8,74.2,87.4,86.9,70.9
בני ציון,85.1,2021-07-07T00:00:00.000Z,97.6,76.6,87.1,84.6,77.2
רבין ק. בילינסון,97.8,2021-07-07T00:00:00.000Z,98.6,78.3,90.7,87.8,80.4
פוריה,76.9,2021-07-07T00:00:00.000Z,76.4,72.9,80.8,73.6,66.6
סורוקה,70.5,2021-07-07T00:00:00.000Z,71.4,63.7,79.5,77.5,72.9
המרכזי בעמק,83.9,2021-07-07T00:00:00.000Z,92.6,82.6,79.1,79,72.5
איכילוב,84.3,2021-07-07T00:00:00.000Z,88.9,72.4,122,114.4,109.8
רבין ק. השרון,59.6,2021-07-07T00:00:00.000Z,59.8,56.4,63.5,57,53.7
לניאדו,98.7,2021-07-07T00:00:00.000Z,121.4,82.8,95.5,99.6,83.1
זיו צפת,96.9,2021-07-07T00:00:00.000Z,101.6,79,89.6,83.1,76.2
הלל יפה,91.1,2021-07-07T00:00:00.000Z,98.1,79.4,88.5,85.9,79.1
ברזילי,85.9,2021-07-07T00:00:00.000Z,82.7,71,90.6,82.2,71.2
יוספטל,37.5,2021-07-07T00:00:00.000Z,62.5,52.7,61.5,64.4,49.5
נהריה,89.5,2021-07-07T00:00:00.000Z,99.6,94.4,90.1,84.7,84.3
"רמב""ם",105.6,2021-07-07T00:00:00.000Z,104.3,92.9,98.7,93.1,92.2
שמיר,76.8,2021-07-07T00:00:00.000Z,92.5,64.8,71.9,73.6,62.6
הדסה הר הצופים,75,2021-07-07T00:00:00.000Z,89.7,75,76,73.8,84.4
הדסה עין כרם,131.1,2021-07-07T00:00:00.000Z,130,125.1,102.6,97.2,104.9
מעייני הישועה,108.9,2021-07-07T00:00:00.000Z,101.8,92.5,132.3,119.5,104.2
אסותא אשדוד,152.5,2021-07-07T00:00:00.000Z,180.4,,118.8,141.3,
הכרמל,58.5,2021-07-07T00:00:00.000Z,65.9,64,81.4,77,71.2
קפלן,90,2021-07-07T00:00:00.000Z,82.3,71.9,80.5,76.5,70.3
שערי צדק,108,2021-07-07T00:00:00.000Z,105,97.4,104.7,102.8,93.8
מאיר,85.5,2021-07-07T00:00:00.000Z,81,71.1,84.7,81,70.1
כלל המוסדות,88.2,2021-07-07T00:00:00.000Z,92.1,78.9,89,86.2,81
וולפסון,62.3,2021-07-08T00:00:00.000Z,72.5,74.5,66.9,68.7,68.5
שמואל הרופא,91.7,2021-07-08T00:00:00.000Z,99.2,73.8,84.5,87.1,70.9
בני ציון,82.6,2021-07-08T00:00:00.000Z,96.5,75.9,83.4,84.3,77.8
רבין ק. בילינסון,92.5,2021-07-08T00:00:00.000Z,98,77.1,83.5,87.6,80.4
פוריה,73.1,2021-07-08T00:00:00.000Z,75.6,74.7,70.4,73.9,66.5
סורוקה,55.8,2021-07-08T00:00:00.000Z,71.3,63.5,74.5,77.3,72.6
המרכזי בעמק,79.4,2021-07-08T00:00:00.000Z,92.2,81.8,72.9,78.8,72.3
איכילוב,87,2021-07-08T00:00:00.000Z,88,72.4,121.7,115.3,109.4
רבין ק. השרון,54.4,2021-07-08T00:00:00.000Z,60.2,56.9,55.6,57,53.8
לניאדו,112.8,2021-07-08T00:00:00.000Z,119.6,82.2,102.8,99.2,83.1
זיו צפת,87.5,2021-07-08T00:00:00.000Z,101.6,81.7,84.7,83.7,77.3
הלל יפה,95.2,2021-07-08T00:00:00.000Z,96.2,80.4,83.9,85.6,79.5
ברזילי,75,2021-07-08T00:00:00.000Z,82.6,71.7,80.3,83.2,71.7
יוספטל,56.3,2021-07-08T00:00:00.000Z,55.4,52.7,55.4,61.8,48.8
נהריה,76.8,2021-07-08T00:00:00.000Z,97.7,92.2,81.8,84.7,84.2
"רמב""ם",97,2021-07-08T00:00:00.000Z,105,93.2,89.3,93.3,92.6
שמיר,81.9,2021-07-08T00:00:00.000Z,90.2,64.3,69.2,73,62.1
הדסה הר הצופים,75,2021-07-08T00:00:00.000Z,85.7,75.4,72.6,73.1,83.6
הדסה עין כרם,133,2021-07-08T00:00:00.000Z,129.5,125.9,99.1,97.5,104.7
מעייני הישועה,116.1,2021-07-08T00:00:00.000Z,104.1,92.5,127.5,121.2,104.7
אסותא אשדוד,178,2021-07-08T00:00:00.000Z,175.8,,160.1,137.7,
הכרמל,58.5,2021-07-08T00:00:00.000Z,65,63.1,78.1,76.8,71.8
קפלן,79.3,2021-07-08T00:00:00.000Z,84.5,70.2,74.5,76.4,70.5
שערי צדק,103.3,2021-07-08T00:00:00.000Z,105.1,95.5,98.3,102.7,93.3
מאיר,70,2021-07-08T00:00:00.000Z,81.6,69.8,80.8,80.9,70.2
כלל המוסדות,84.1,2021-07-08T00:00:00.000Z,91.6,78.4,85.1,86,81
וולפסון,72.1,2021-07-09T00:00:00.000Z,72.1,74.8,63,68.8,68.7
שמואל הרופא,83.3,2021-07-09T00:00:00.000Z,99.2,73.4,81.8,86.9,70.8
בני ציון,82.6,2021-07-09T00:00:00.000Z,94.7,74.5,71.4,84.6,76.7
רבין ק. בילינסון,94.7,2021-07-09T00:00:00.000Z,96.3,74.9,79.3,87,79.8
פוריה,66.7,2021-07-09T00:00:00.000Z,76.7,77.5,60.6,74.2,66.8
סורוקה,63.2,2021-07-09T00:00:00.000Z,70.7,62.8,71.5,77.5,72.2
המרכזי בעמק,80,2021-07-09T00:00:00.000Z,90.4,80.3,71,78.3,71.6
איכילוב,87,2021-07-09T00:00:00.000Z,87.8,71.3,102.3,116.6,108.8
רבין ק. השרון,54.4,2021-07-09T00:00:00.000Z,60.9,56.4,46.9,57.7,53.5
לניאדו,110.3,2021-07-09T00:00:00.000Z,120.7,82.3,87.5,99.8,84.5
זיו צפת,84.4,2021-07-09T00:00:00.000Z,100.9,82.8,70.9,85.1,79.2
הלל יפה,102.1,2021-07-09T00:00:00.000Z,96.6,80,76.7,86.4,79.2
ברזילי,85.9,2021-07-09T00:00:00.000Z,81.9,72.8,74.7,83.4,72
יוספטל,62.5,2021-07-09T00:00:00.000Z,53.6,44.6,56.9,59.3,47.9
נהריה,83.7,2021-07-09T00:00:00.000Z,95.6,90.8,75.3,84.8,83.6
"רמב""ם",102,2021-07-09T00:00:00.000Z,105.1,92.6,82.9,93.2,92.4
שמיר,80.3,2021-07-09T00:00:00.000Z,88.5,64.6,64.3,72.5,62
הדסה הר הצופים,80.6,2021-07-09T00:00:00.000Z,83.7,77.8,69.4,72.7,82.1
הדסה עין כרם,122.3,2021-07-09T00:00:00.000Z,130.9,128.6,90.2,97.8,105
מעייני הישועה,114.3,2021-07-09T00:00:00.000Z,107.4,91.7,121.8,121.6,107.1
אסותא אשדוד,166.1,2021-07-09T00:00:00.000Z,174.1,,129.7,141,
הכרמל,62.3,2021-07-09T00:00:00.000Z,63.7,61.1,68.5,77.1,71.6
קפלן,84.7,2021-07-09T00:00:00.000Z,85,68.8,70,76.4,70.4
שערי צדק,100,2021-07-09T00:00:00.000Z,105.4,93.1,83.1,102.4,93.8
מאיר,69.5,2021-07-09T00:00:00.000Z,80.6,68.8,75.1,81.5,70
כלל המוסדות,86.3,2021-07-09T00:00:00.000Z,91.1,77.8,77.2,86.2,81
וולפסון,79.5,2021-07-10T00:00:00.000Z,72.5,75.2,67.5,69.2,68.8
שמואל הרופא,88.9,2021-07-10T00:00:00.000Z,98,73.8,82.7,86.5,70.8
כלל המוסדות,94.9,2021-07-10T00:00:00.000Z,90.9,77.5,83.5,86.4,80.9
בני ציון,95.9,2021-07-10T00:00:00.000Z,93.4,73.2,82,83.9,75.6
רבין ק. בילינסון,101.3,2021-07-10T00:00:00.000Z,96.2,75,84.9,86.8,79.6
פוריה,79.5,2021-07-10T00:00:00.000Z,74.5,77.7,67.3,73.2,66.1
סורוקה,70.5,2021-07-10T00:00:00.000Z,71.3,63,75.2,78,71.7
המרכזי בעמק,91.6,2021-07-10T00:00:00.000Z,88.5,78.2,81.6,78,71.2
איכילוב,94,2021-07-10T00:00:00.000Z,88.7,70.2,110.8,117.8,108.1
רבין ק. השרון,62.3,2021-07-10T00:00:00.000Z,61.3,56.5,58.1,58.4,54
לניאדו,143.6,2021-07-10T00:00:00.000Z,120.9,82.3,103.1,101.1,86
זיו צפת,110.9,2021-07-10T00:00:00.000Z,99.6,84.2,89.9,85,80.2
הלל יפה,113.7,2021-07-10T00:00:00.000Z,98.4,78.5,89.3,86.7,78.5
ברזילי,89.1,2021-07-10T00:00:00.000Z,84.4,74,81.1,84,72.5
יוספטל,62.5,2021-07-10T00:00:00.000Z,50.9,45.5,56.9,58.2,48.4
נהריה,102.1,2021-07-10T00:00:00.000Z,93.8,90.3,85.3,85,82.9
"רמב""ם",106.1,2021-07-10T00:00:00.000Z,104.2,93.6,89.4,92.8,92.2
שמיר,86.9,2021-07-10T00:00:00.000Z,86.7,64.5,71.4,72.2,61.8
הדסה הר הצופים,94.4,2021-07-10T00:00:00.000Z,82.1,79,72.6,73.1,82.6
הדסה עין כרם,133,2021-07-10T00:00:00.000Z,129.5,128.6,94.3,98.3,104.9
מעייני הישועה,107.1,2021-07-10T00:00:00.000Z,110.2,90.9,109.5,123.1,107.7
אסותא אשדוד,166.1,2021-07-10T00:00:00.000Z,171.7,,128.7,141.5,
הכרמל,65.1,2021-07-10T00:00:00.000Z,63.1,59.7,76.1,77,70.8
קפלן,94,2021-07-10T00:00:00.000Z,87.3,68.4,76,77.1,71
שערי צדק,103.3,2021-07-10T00:00:00.000Z,104.9,90.3,88.3,101.5,93.6
מאיר,78,2021-07-10T00:00:00.000Z,79.9,68.6,78.5,82.2,69.4
וולפסון,82.8,2021-07-11T00:00:00.000Z,72.7,75.2,74.2,69.4,68.4
שמואל הרופא,88.9,2021-07-11T00:00:00.000Z,96.4,75,82.7,85.9,71.1
בני ציון,96.7,2021-07-11T00:00:00.000Z,92.3,71.5,84.3,84,74.5
רבין ק. בילינסון,103.5,2021-07-11T00:00:00.000Z,95.7,75.6,89.5,86.4,79.4
פוריה,80.8,2021-07-11T00:00:00.000Z,74.4,76.7,79.2,72.4,64.9
סורוקה,72.1,2021-07-11T00:00:00.000Z,70.8,61.4,76.5,77.9,71.6
המרכזי בעמק,103.2,2021-07-11T00:00:00.000Z,87.2,75.2,86.2,78.4,70.2
איכילוב,99.3,2021-07-11T00:00:00.000Z,88.5,69.6,130.1,118.4,107.6
רבין ק. השרון,61.4,2021-07-11T00:00:00.000Z,60.8,55.4,66,59.2,53.6
לניאדו,139.7,2021-07-11T00:00:00.000Z,121.8,81.9,113.6,102.1,87.3
זיו צפת,104.7,2021-07-11T00:00:00.000Z,101.1,84.2,91.4,86.4,81.4
הלל יפה,113.7,2021-07-11T00:00:00.000Z,100.2,77.1,96.9,87.9,78.4
ברזילי,91.7,2021-07-11T00:00:00.000Z,85.6,74.3,92.9,84.4,73
יוספטל,50,2021-07-11T00:00:00.000Z,50.9,48.2,61.5,57.6,48.6
נהריה,98.4,2021-07-11T00:00:00.000Z,92.9,89,86.4,85.5,81.7
"רמב""ם",104,2021-07-11T00:00:00.000Z,103.8,94.7,98.4,92.8,92
שמיר,93.4,2021-07-11T00:00:00.000Z,85.1,63.7,79.7,72.5,61.5
הדסה הר הצופים,105.6,2021-07-11T00:00:00.000Z,82.1,80.6,72.6,73.3,82.2
הדסה עין כרם,117.5,2021-07-11T00:00:00.000Z,128.8,127.5,94.3,98.9,105
מעייני הישועה,117.9,2021-07-11T00:00:00.000Z,111.7,90.8,114.9,124.1,107.3
אסותא אשדוד,196.6,2021-07-11T00:00:00.000Z,172.6,,162.8,143.1,
הכרמל,67,2021-07-11T00:00:00.000Z,62.4,58.8,80.6,77.4,70.4
קפלן,96,2021-07-11T00:00:00.000Z,89.8,67.7,81,77.7,71.5
שערי צדק,101.3,2021-07-11T00:00:00.000Z,104.6,87.4,99,100.4,93.8
מאיר,93,2021-07-11T00:00:00.000Z,78.6,67.9,86.2,82.2,68.9
כלל המוסדות,97.6,2021-07-11T00:00:00.000Z,90.8,76.8,90.4,86.6,80.7
כלל המוסדות,96.4,2021-07-12T00:00:00.000Z,90.9,75.7,91.5,86.7,80.6
וולפסון,84,2021-07-12T00:00:00.000Z,73.2,75.4,78.8,69.1,68.4
שמואל הרופא,91.7,2021-07-12T00:00:00.000Z,94,76.2,83.6,85.1,71.3
בני ציון,96.7,2021-07-12T00:00:00.000Z,90.4,69.5,88.9,83,73.3
רבין ק. בילינסון,105.7,2021-07-12T00:00:00.000Z,95.7,76,91.7,86.6,79.5
פוריה,65.4,2021-07-12T00:00:00.000Z,75.8,75.6,80.8,73.3,64.1
סורוקה,65.5,2021-07-12T00:00:00.000Z,69,59.7,76.3,77,71.3
המרכזי בעמק,104.5,2021-07-12T00:00:00.000Z,87.8,72.4,88.8,78.7,69.6
איכילוב,99,2021-07-12T00:00:00.000Z,90,68.9,127,119.2,107.6
רבין ק. השרון,71.9,2021-07-12T00:00:00.000Z,59.5,53.6,70.1,59.6,53.2
לניאדו,134.6,2021-07-12T00:00:00.000Z,121.6,79.7,109.5,102.6,88.3
זיו צפת,98.4,2021-07-12T00:00:00.000Z,99.8,82.8,91.4,86.5,83.1
הלל יפה,104.8,2021-07-12T00:00:00.000Z,103,74.3,92.2,89.4,78.3
ברזילי,86.5,2021-07-12T00:00:00.000Z,86.4,74.3,89.4,85.2,72.6
יוספטל,68.8,2021-07-12T00:00:00.000Z,51.8,50,66.2,58.2,48.4
נהריה,101.1,2021-07-12T00:00:00.000Z,92.7,87.4,88.6,85.5,80.9
"רמב""ם",101,2021-07-12T00:00:00.000Z,103,93.7,98,92.8,91.6
שמיר,89.2,2021-07-12T00:00:00.000Z,85.2,63.2,76.3,73.1,61.7
הדסה הר הצופים,105.6,2021-07-12T00:00:00.000Z,85.3,81.3,79.5,73.8,81.7
הדסה עין כרם,124.3,2021-07-12T00:00:00.000Z,126.5,125.5,99.1,98.3,105.3
מעייני הישועה,108.9,2021-07-12T00:00:00.000Z,111.7,90.3,115.5,122.8,106
אסותא אשדוד,179.7,2021-07-12T00:00:00.000Z,175.5,,163.8,145.8,
הכרמל,66,2021-07-12T00:00:00.000Z,62.8,59.4,81.4,78.1,70.3
קפלן,103.3,2021-07-12T00:00:00.000Z,91,66.4,87.2,77.6,72.7
שערי צדק,107.3,2021-07-12T00:00:00.000Z,104.2,85,106,98.9,93.6
מאיר,88.5,2021-07-12T00:00:00.000Z,79.3,66.9,87.1,82.2,68.6
וולפסון,76.6,2021-07-13T00:00:00.000Z,74.5,75.1,74.5,70.1,67.3
שמואל הרופא,100,2021-07-13T00:00:00.000Z,92.1,77.4,85.6,84.3,71.6
כלל המוסדות,95,2021-07-13T00:00:00.000Z,91.3,75.3,91.1,86.8,80.6
בני ציון,100.8,2021-07-13T00:00:00.000Z,89.6,67.5,88.2,82.9,72.3
רבין ק. בילינסון,101.8,2021-07-13T00:00:00.000Z,98.1,76.7,91.5,87.2,79.4
פוריה,75.6,2021-07-13T00:00:00.000Z,74.7,72.9,78.9,73.8,63.5
סורוקה,70.9,2021-07-13T00:00:00.000Z,67.8,59.6,79.7,76.6,71
המרכזי בעמק,111.6,2021-07-13T00:00:00.000Z,90.6,71.3,92.4,79.9,69.7
איכילוב,96.7,2021-07-13T00:00:00.000Z,91.2,68.7,128.8,119.5,108
רבין ק. השרון,66.7,2021-07-13T00:00:00.000Z,60.4,51.8,70.1,60.9,52.4
לניאדו,124.4,2021-07-13T00:00:00.000Z,122.7,81.3,115.3,102.5,89.5
זיו צפת,101.6,2021-07-13T00:00:00.000Z,98.4,82.6,88.8,86.6,82.8
הלל יפה,108.2,2021-07-13T00:00:00.000Z,103.9,73.3,92.8,89,78.6
ברזילי,83.9,2021-07-13T00:00:00.000Z,85.8,74.9,86.8,85.2,72.6
יוספטל,50,2021-07-13T00:00:00.000Z,55.4,50,58.5,60.2,47
נהריה,98.9,2021-07-13T00:00:00.000Z,92.6,87,89.3,85.3,80.5
"רמב""ם",91.9,2021-07-13T00:00:00.000Z,102.5,92.3,95.8,93.2,91.1
שמיר,91.1,2021-07-13T00:00:00.000Z,85.1,63,71.8,73,62.1
הדסה עין כרם,128.2,2021-07-13T00:00:00.000Z,126.1,124,96.4,97.6,105.9
מעייני הישועה,107.1,2021-07-13T00:00:00.000Z,110.7,89.5,119.3,121.1,106
אסותא אשדוד,174.6,2021-07-13T00:00:00.000Z,175.1,,161.1,146.5,
הכרמל,66,2021-07-13T00:00:00.000Z,63.1,60.6,81.4,78.6,70.3
קפלן,96,2021-07-13T00:00:00.000Z,92.5,66.6,80.9,78.6,74.4
שערי צדק,105.3,2021-07-13T00:00:00.000Z,104.6,82.4,109.2,98.8,93
מאיר,87,2021-07-13T00:00:00.000Z,80.1,66.4,85.1,82.4,69.1
הדסה הר הצופים,102.8,2021-07-13T00:00:00.000Z,88.1,82.1,84.7,74.4,80.6
וולפסון,77.5,2021-07-14T00:00:00.000Z,75.1,75.4,75,70.7,66.9
שמואל הרופא,100,2021-07-14T00:00:00.000Z,91.7,78.6,85.9,84,72.6
בני ציון,98.3,2021-07-14T00:00:00.000Z,91.5,66.6,90.1,83.6,71.3
רבין ק. בילינסון,100.4,2021-07-14T00:00:00.000Z,99.6,76.7,92.9,87.3,79
פוריה,78.2,2021-07-14T00:00:00.000Z,74,71.4,72.7,74,63.4
סורוקה,68.2,2021-07-14T00:00:00.000Z,66.9,59.5,77.1,76.2,70.4
המרכזי בעמק,104.5,2021-07-14T00:00:00.000Z,93.5,69.6,86.4,81.7,69.2
איכילוב,85.7,2021-07-14T00:00:00.000Z,92.5,69.7,126.7,120.4,108.3
רבין ק. השרון,68.4,2021-07-14T00:00:00.000Z,61.5,50.5,67.2,61.5,52.1
לניאדו,134.6,2021-07-14T00:00:00.000Z,123.4,82.5,112,103.9,90.8
זיו צפת,90.6,2021-07-14T00:00:00.000Z,97.8,81.3,86.7,86.7,82.3
הלל יפה,104.1,2021-07-14T00:00:00.000Z,104.1,72.2,91.3,88.6,77.8
ברזילי,79.2,2021-07-14T00:00:00.000Z,85.4,74.7,84.4,85.1,72.8
יוספטל,37.5,2021-07-14T00:00:00.000Z,55.4,52.7,46.2,59.6,48.6
נהריה,101.1,2021-07-14T00:00:00.000Z,92.9,88.3,91.2,85.3,80.5
"רמב""ם",90.9,2021-07-14T00:00:00.000Z,101.1,90.8,97.2,93.2,91.4
שמיר,84.6,2021-07-14T00:00:00.000Z,85.7,62.3,70.7,72.1,62.2
הדסה עין כרם,119.4,2021-07-14T00:00:00.000Z,127,122.2,99.2,96.6,106.1
מעייני הישועה,98.2,2021-07-14T00:00:00.000Z,111.5,88.4,114.2,120.1,106.1
אסותא אשדוד,186.4,2021-07-14T00:00:00.000Z,173.4,,174.1,146.4,
הכרמל,64.2,2021-07-14T00:00:00.000Z,63.3,62.5,77.5,78.2,70.9
קפלן,84,2021-07-14T00:00:00.000Z,91.9,64.9,81,78.6,74.8
שערי צדק,108.7,2021-07-14T00:00:00.000Z,104.1,81,107.3,98.4,93.3
מאיר,87.5,2021-07-14T00:00:00.000Z,81.6,66.6,88,82.5,70.1
הדסה הר הצופים,83.3,2021-07-14T00:00:00.000Z,91.3,82.1,80.6,75.3,79.2
כלל המוסדות,91.9,2021-07-14T00:00:00.000Z,91.8,74.9,90.4,86.8,80.7
וולפסון,75,2021-07-15T00:00:00.000Z,76.4,75.5,64.6,71.4,66.7
שמואל הרופא,102.8,2021-07-15T00:00:00.000Z,92.1,79.4,87.1,83.8,74.1
בני ציון,94.2,2021-07-15T00:00:00.000Z,93.4,67.5,85.7,84,71.6
רבין ק. בילינסון,86.3,2021-07-15T00:00:00.000Z,100,77.2,83.7,87.6,78.6
פוריה,79.5,2021-07-15T00:00:00.000Z,74.2,71.2,63.1,72.8,63.3
סורוקה,61.6,2021-07-15T00:00:00.000Z,66.6,59.3,72.4,75.8,70
המרכזי בעמק,101.9,2021-07-15T00:00:00.000Z,96.4,66.9,81.6,82.8,69.1
איכילוב,75.3,2021-07-15T00:00:00.000Z,92.7,70.6,119.1,121.1,108.6
רבין ק. השרון,63.2,2021-07-15T00:00:00.000Z,62.8,49.9,60.6,62,51.8
לניאדו,132.1,2021-07-15T00:00:00.000Z,128.6,82,111.4,106.2,90.7
זיו צפת,85.9,2021-07-15T00:00:00.000Z,96.9,80.4,77.2,86.2,81.8
הלל יפה,98.6,2021-07-15T00:00:00.000Z,106,72,81.9,89,77.5
ברזילי,77.1,2021-07-15T00:00:00.000Z,84.4,73.1,76.7,84.2,72.5
יוספטל,37.5,2021-07-15T00:00:00.000Z,55.4,57.1,49.2,57.4,49.2
נהריה,87.4,2021-07-15T00:00:00.000Z,94.6,89.6,79.6,85.4,80.6
"רמב""ם",85.9,2021-07-15T00:00:00.000Z,99,90.3,88.6,93,91.3
שמיר,79.9,2021-07-15T00:00:00.000Z,86.8,61.6,65.4,71.9,62.6
הדסה עין כרם,108.7,2021-07-15T00:00:00.000Z,125.4,121.6,93.5,96.1,106.8
מעייני הישועה,87.5,2021-07-15T00:00:00.000Z,109.9,86.5,105.7,117.5,105.7
אסותא אשדוד,181.4,2021-07-15T00:00:00.000Z,178.2,,153.6,154.3,
הכרמל,63.2,2021-07-15T00:00:00.000Z,64.2,64,73,77.7,71.3
קפלן,83.3,2021-07-15T00:00:00.000Z,91,64.6,74.9,78.7,75.3
שערי צדק,108.7,2021-07-15T00:00:00.000Z,104.2,80.5,98.7,98.8,93.6
מאיר,72,2021-07-15T00:00:00.000Z,81.9,67,77.8,83,71
הדסה הר הצופים,86.1,2021-07-15T00:00:00.000Z,92.5,83.7,76.7,76,79.6
כלל המוסדות,85.7,2021-07-15T00:00:00.000Z,92.3,74.8,83.3,87,80.8
וולפסון,82.4,2021-07-16T00:00:00.000Z,78.2,73.7,65,71.1,66.6
שמואל הרופא,72.2,2021-07-16T00:00:00.000Z,93.7,80.2,72.7,84.2,75.7
בני ציון,94.2,2021-07-16T00:00:00.000Z,95,68.9,73.7,84.4,71.9
רבין ק. בילינסון,85.5,2021-07-16T00:00:00.000Z,99.1,78.6,76.2,87.6,78.1
פוריה,92.3,2021-07-16T00:00:00.000Z,75.1,69.4,65.4,71.8,63.1
סורוקה,67.8,2021-07-16T00:00:00.000Z,67.4,60.2,71.4,75.5,69.8
המרכזי בעמק,109,2021-07-16T00:00:00.000Z,99.6,66.9,77.2,84,69.1
איכילוב,81.7,2021-07-16T00:00:00.000Z,91,71,100,120.7,109.2
רבין ק. השרון,64.9,2021-07-16T00:00:00.000Z,64,49,47.7,62.7,52
לניאדו,123.1,2021-07-16T00:00:00.000Z,131.3,81.4,87.7,107.5,91
זיו צפת,90.6,2021-07-16T00:00:00.000Z,96.7,80.4,66,85.2,81.2
הלל יפה,106.8,2021-07-16T00:00:00.000Z,106.5,71.6,82.5,88.7,77.5
ברזילי,85.4,2021-07-16T00:00:00.000Z,84.7,72.3,69.9,83.7,71.9
יוספטל,50,2021-07-16T00:00:00.000Z,52.7,65.2,46.2,56.5,50.3
נהריה,89.5,2021-07-16T00:00:00.000Z,96.1,91.1,76.3,85.1,81.3
"רמב""ם",92.9,2021-07-16T00:00:00.000Z,97.4,91.1,83.2,92.9,91.5
שמיר,81.9,2021-07-16T00:00:00.000Z,86.5,59.8,61.2,71.4,62.5
הדסה עין כרם,115.5,2021-07-16T00:00:00.000Z,121.9,118.2,87.2,95.3,107
מעייני הישועה,91.1,2021-07-16T00:00:00.000Z,105.9,86,107.6,114.4,103.8
אסותא אשדוד,162.7,2021-07-16T00:00:00.000Z,178.7,,136.9,153.4,
הכרמל,66,2021-07-16T00:00:00.000Z,64.8,64.2,65.8,76.9,71.6
קפלן,84,2021-07-16T00:00:00.000Z,91.6,64.6,70.9,78.7,76.4
שערי צדק,110,2021-07-16T00:00:00.000Z,105,79.9,93.1,98.8,93.4
מאיר,75.5,2021-07-16T00:00:00.000Z,82.2,68.6,74.7,82.6,72.3
הדסה הר הצופים,83.3,2021-07-16T00:00:00.000Z,94,84.1,70.5,76.6,80.5
כלל המוסדות,89.2,2021-07-16T00:00:00.000Z,92.5,74.7,76.9,86.8,80.9
וולפסון,88.1,2021-07-17T00:00:00.000Z,79.7,70.6,69.7,71.4,65.9
שמואל הרופא,80.6,2021-07-17T00:00:00.000Z,92.1,80.6,75.4,82.9,77.4
בני ציון,99.2,2021-07-17T00:00:00.000Z,96.7,69.2,79.4,84.7,72.5
רבין ק. בילינסון,99.1,2021-07-17T00:00:00.000Z,97.8,78.5,83.6,87.2,78
פוריה,93.6,2021-07-17T00:00:00.000Z,78.8,68.1,67.9,72.5,62.8
סורוקה,77.9,2021-07-17T00:00:00.000Z,68.1,60.2,77.2,75.5,69.5
המרכזי בעמק,113.5,2021-07-17T00:00:00.000Z,103.8,68.3,85.3,84.9,69.1
איכילוב,88.7,2021-07-17T00:00:00.000Z,90.2,71.2,110.2,120.4,108.9
רבין ק. השרון,77.2,2021-07-17T00:00:00.000Z,65.5,48.5,61,62.8,52
לניאדו,143.6,2021-07-17T00:00:00.000Z,133.2,80,98.6,107.5,90.8
זיו צפת,98.4,2021-07-17T00:00:00.000Z,97.5,79.9,74.6,84.5,80.7
הלל יפה,114.4,2021-07-17T00:00:00.000Z,107.1,71.6,88.7,89.6,77.9
ברזילי,96.9,2021-07-17T00:00:00.000Z,84.7,71.4,81.3,83,71.5
יוספטל,75,2021-07-17T00:00:00.000Z,50.9,62.5,50.8,54.9,49.2
נהריה,106.3,2021-07-17T00:00:00.000Z,96.9,91.9,86.2,85.3,82.1
"רמב""ם",97.5,2021-07-17T00:00:00.000Z,96.1,91.6,88.8,92.9,92.2
שמיר,86.5,2021-07-17T00:00:00.000Z,86.7,60.1,66.6,70.9,63.1
הדסה עין כרם,118.4,2021-07-17T00:00:00.000Z,120.9,117.9,87.8,94.9,107.6
מעייני הישועה,83.9,2021-07-17T00:00:00.000Z,102.6,86.8,100.9,112.4,102.9
אסותא אשדוד,149.2,2021-07-17T00:00:00.000Z,178.2,,121.5,154.4,
הכרמל,66,2021-07-17T00:00:00.000Z,65.4,63.9,72,76.5,72.1
קפלן,96.7,2021-07-17T00:00:00.000Z,91.5,63,79.2,78.9,76.3
שערי צדק,110.7,2021-07-17T00:00:00.000Z,106.4,80.4,93.7,100.2,93.7
מאיר,82,2021-07-17T00:00:00.000Z,83.1,69.6,78.4,82.5,73.3
הדסה הר הצופים,86.1,2021-07-17T00:00:00.000Z,94.4,83.3,69.4,76.7,79.9
כלל המוסדות,96.5,2021-07-17T00:00:00.000Z,93,74.4,82.2,86.7,81.1
וולפסון,82,2021-07-18T00:00:00.000Z,80.9,67.8,79.8,71.7,65.3
שמואל הרופא,83.3,2021-07-18T00:00:00.000Z,90.9,79.4,76.2,81.9,78.7
כלל המוסדות,93,2021-07-18T00:00:00.000Z,93.2,74.3,86.2,86.6,81.2
בני ציון,92.6,2021-07-18T00:00:00.000Z,97.2,70.1,85.2,84.3,73.5
רבין ק. בילינסון,94.3,2021-07-18T00:00:00.000Z,97.5,77.8,87.3,87,78.1
פוריה,79.5,2021-07-18T00:00:00.000Z,80.8,67.2,74.6,72.6,63
סורוקה,71.3,2021-07-18T00:00:00.000Z,69.2,61.4,76.1,75.8,68.9
המרכזי בעמק,112.9,2021-07-18T00:00:00.000Z,106.9,71.1,86.7,85.4,69.9
איכילוב,87,2021-07-18T00:00:00.000Z,89.5,71.7,120.9,120.3,108.9
רבין ק. השרון,74.6,2021-07-18T00:00:00.000Z,67.7,47.6,67.2,63.2,51.7
לניאדו,130.8,2021-07-18T00:00:00.000Z,133.2,80.3,99.4,106.9,91
זיו צפת,96.9,2021-07-18T00:00:00.000Z,95.8,80.1,84.7,82.3,80.7
הלל יפה,103.4,2021-07-18T00:00:00.000Z,107.2,71.5,86.6,89.5,77.8
ברזילי,94.8,2021-07-18T00:00:00.000Z,85.8,70.3,83.3,83,71
יוספטל,87.5,2021-07-18T00:00:00.000Z,52.7,58,58.5,54.1,48.1
נהריה,108.4,2021-07-18T00:00:00.000Z,97.5,92.6,84.2,85.4,83.3
"רמב""ם",94.4,2021-07-18T00:00:00.000Z,94.9,91.3,94.7,92.9,92.6
שמיר,80.3,2021-07-18T00:00:00.000Z,86.7,60,71.2,70.2,63.8
הדסה עין כרם,122.3,2021-07-18T00:00:00.000Z,118.9,118.4,90.9,93.9,107.6
מעייני הישועה,98.2,2021-07-18T00:00:00.000Z,99.2,86,111.7,111.2,101.6
אסותא אשדוד,179.7,2021-07-18T00:00:00.000Z,175.8,,152.2,153.4,
הכרמל,56.6,2021-07-18T00:00:00.000Z,65.5,63.3,74.4,76,72
קפלן,93.3,2021-07-18T00:00:00.000Z,91.9,61.2,82.5,79.3,75.8
שערי צדק,107.3,2021-07-18T00:00:00.000Z,107.4,81,92.6,101,93.6
מאיר,72,2021-07-18T00:00:00.000Z,83.6,71.8,79.8,82.5,74.1
הדסה הר הצופים,88.9,2021-07-18T00:00:00.000Z,93.3,84.5,69.8,76.3,79.6
וולפסון,80.7,2021-07-19T00:00:00.000Z,80.8,65.2,76.3,72.5,64.6
שמואל הרופא,77.8,2021-07-19T00:00:00.000Z,90.1,79,77.4,80.9,80.1
בני ציון,90.9,2021-07-19T00:00:00.000Z,96.6,72.3,93.8,84.5,74.9
רבין ק. בילינסון,94.7,2021-07-19T00:00:00.000Z,96.2,76.4,90.4,86.7,77.7
פוריה,74.4,2021-07-19T00:00:00.000Z,80.6,64.3,72.1,71.9,63.1
סורוקה,68.2,2021-07-19T00:00:00.000Z,69,61.4,74.8,75.7,68.3
המרכזי בעמק,96.1,2021-07-19T00:00:00.000Z,108.3,71.9,79.7,85.5,70.3
איכילוב,82.7,2021-07-19T00:00:00.000Z,87.7,72.4,120.5,119,108.5
רבין ק. השרון,71.9,2021-07-19T00:00:00.000Z,69.5,46.5,63.1,63.4,51.2
לניאדו,128.2,2021-07-19T00:00:00.000Z,131.9,81.6,110,104.9,91.2
זיו צפת,84.4,2021-07-19T00:00:00.000Z,94.6,81.5,81.8,81.4,80.5
הלל יפה,103.4,2021-07-19T00:00:00.000Z,105.8,72.6,87.4,88,77.3
ברזילי,89.1,2021-07-19T00:00:00.000Z,86.2,69.2,85.8,81.7,70.7
יוספטל,75,2021-07-19T00:00:00.000Z,58,50.9,58.5,53.6,45.3
נהריה,94.7,2021-07-19T00:00:00.000Z,98.9,92.6,81,85.1,83.7
"רמב""ם",94.9,2021-07-19T00:00:00.000Z,93.5,92.2,92.1,92.3,92.9
שמיר,84.2,2021-07-19T00:00:00.000Z,84.8,59.9,75.9,69,64.4
הדסה עין כרם,122.3,2021-07-19T00:00:00.000Z,119.6,118.4,94.2,93.4,107.8
מעייני הישועה,101.8,2021-07-19T00:00:00.000Z,96.4,86,119.3,110.7,101.5
אסותא אשדוד,154.2,2021-07-19T00:00:00.000Z,173.4,,124.2,151.9,
הכרמל,59.4,2021-07-19T00:00:00.000Z,64,60.9,77.3,75.1,71.7
קפלן,90.7,2021-07-19T00:00:00.000Z,91.5,59.8,84.7,79.5,75.4
שערי צדק,99.3,2021-07-19T00:00:00.000Z,108.3,81,101.5,100.1,93.6
מאיר,64,2021-07-19T00:00:00.000Z,80.6,72.6,77.8,81.6,74.2
הדסה הר הצופים,86.1,2021-07-19T00:00:00.000Z,90.9,88.5,77.4,75.9,79.3
כלל המוסדות,89.1,2021-07-19T00:00:00.000Z,92.5,74.1,86.7,86,81.2
כלל המוסדות,88.2,2021-07-20T00:00:00.000Z,91.5,73.6,87.2,85.3,81.2
וולפסון,75.8,2021-07-20T00:00:00.000Z,80.3,63.2,75.5,72.1,64.7
בני ציון,95.9,2021-07-20T00:00:00.000Z,95.7,74.4,89.8,85.2,76.2
רבין ק. בילינסון,92.5,2021-07-20T00:00:00.000Z,94.6,74.8,89,86.5,77.8
פוריה,75.6,2021-07-20T00:00:00.000Z,81.9,61.4,65.6,70.7,62.4
סורוקה,76,2021-07-20T00:00:00.000Z,69.4,60.5,78.1,75.5,68.1
המרכזי בעמק,85.8,2021-07-20T00:00:00.000Z,107.1,71.4,76.4,84.2,70.2
איכילוב,77.7,2021-07-20T00:00:00.000Z,85.4,73.8,120.8,118,108.9
רבין ק. השרון,70.2,2021-07-20T00:00:00.000Z,69.5,45.5,68.9,62.4,50.9
לניאדו,126.9,2021-07-20T00:00:00.000Z,131,79.6,111.7,104.9,90.9
זיו צפת,85.9,2021-07-20T00:00:00.000Z,92.6,80.4,81.8,80,80.2
הלל יפה,88.4,2021-07-20T00:00:00.000Z,105.6,73.5,82.1,87.3,78.1
ברזילי,77.1,2021-07-20T00:00:00.000Z,86.6,67.5,83.9,81.1,70.3
יוספטל,81.3,2021-07-20T00:00:00.000Z,58.9,47.3,58.5,52.5,43.7
נהריה,96.8,2021-07-20T00:00:00.000Z,98,92.3,78.6,84,83.6
"רמב""ם",97.5,2021-07-20T00:00:00.000Z,92.6,93.4,92.7,91.5,93.2
שמיר,82.6,2021-07-20T00:00:00.000Z,84.1,60,74.4,69,64.8
הדסה עין כרם,128.2,2021-07-20T00:00:00.000Z,119.3,119,97.6,92.7,108
שמואל הרופא,75,2021-07-20T00:00:00.000Z,88.1,77.8,77.1,80.1,81.2
מעייני הישועה,100,2021-07-20T00:00:00.000Z,95.4,86,116.5,111.3,101.2
אסותא אשדוד,157.6,2021-07-20T00:00:00.000Z,169.7,,160.8,146.2,
הכרמל,57.5,2021-07-20T00:00:00.000Z,63.1,57.4,76.1,74.5,71.2
קפלן,94.7,2021-07-20T00:00:00.000Z,89.7,57.5,82.7,79.2,74.5
שערי צדק,101.3,2021-07-20T00:00:00.000Z,107.1,81.4,105.5,99.4,93.8
מאיר,74,2021-07-20T00:00:00.000Z,77.1,71.7,80.3,80.2,73.5
הדסה הר הצופים,77.8,2021-07-20T00:00:00.000Z,88.1,90.1,71.9,75.6,79.8
וולפסון,76.2,2021-07-21T00:00:00.000Z,80.2,61.3,79.5,72.3,64.4
כלל המוסדות,86.8,2021-07-21T00:00:00.000Z,90.5,73.1,87.5,84.7,80.9
בני ציון,95,2021-07-21T00:00:00.000Z,95,76.2,91,85.4,76.9
רבין ק. בילינסון,91.6,2021-07-21T00:00:00.000Z,93.3,73.7,86.7,86.2,77.6
פוריה,80.8,2021-07-21T00:00:00.000Z,81.9,59,72.7,68.8,61.8
סורוקה,70.9,2021-07-21T00:00:00.000Z,70.2,59.7,76.1,75.3,67.3
המרכזי בעמק,82.6,2021-07-21T00:00:00.000Z,103.4,72.5,72.4,81.9,70.2
איכילוב,84,2021-07-21T00:00:00.000Z,82.7,74,126.4,116.9,108.2
רבין ק. השרון,65.8,2021-07-21T00:00:00.000Z,70.1,43.9,61.4,62.2,49.4
לניאדו,125.6,2021-07-21T00:00:00.000Z,131.3,77.7,106.4,104.4,91
זיו צפת,81.3,2021-07-21T00:00:00.000Z,90.4,79.9,83.6,79,78.7
הלל יפה,91.8,2021-07-21T00:00:00.000Z,102.7,72.6,81.4,85.8,78.2
ברזילי,72.4,2021-07-21T00:00:00.000Z,85.6,66.3,79.3,80.7,69.9
יוספטל,81.3,2021-07-21T00:00:00.000Z,63.4,40.2,55.4,52.5,40.7
נהריה,87.4,2021-07-21T00:00:00.000Z,97.7,91.3,81,82.4,82.3
"רמב""ם",98.5,2021-07-21T00:00:00.000Z,93.4,94.4,94.8,91.1,92.9
שמיר,80.7,2021-07-21T00:00:00.000Z,82.8,59.6,74.1,69.3,64.5
הדסה עין כרם,117.5,2021-07-21T00:00:00.000Z,119.3,120.2,95.1,92.9,108.7
שמואל הרופא,75,2021-07-21T00:00:00.000Z,84.5,77,77.7,78.8,81.5
מעייני הישועה,94.6,2021-07-21T00:00:00.000Z,94.4,85.7,114.2,110.8,101.6
אסותא אשדוד,157.6,2021-07-21T00:00:00.000Z,167.3,,161.1,146.2,
הכרמל,55.7,2021-07-21T00:00:00.000Z,61.9,53.8,75.9,73.7,70.1
קפלן,99.3,2021-07-21T00:00:00.000Z,89.5,57.1,84.8,79.4,73.5
שערי צדק,99.3,2021-07-21T00:00:00.000Z,106.6,81.5,107.8,98.9,94.4
מאיר,71.5,2021-07-21T00:00:00.000Z,75.3,71.1,81.4,79.5,72.6
הדסה הר הצופים,77.8,2021-07-21T00:00:00.000Z,84.5,90.5,75,73.8,80.7
וולפסון,77.9,2021-07-22T00:00:00.000Z,80,61.7,72.8,72.9,64.9
שמואל הרופא,75,2021-07-22T00:00:00.000Z,81,76.6,78.3,77.7,81.4
בני ציון,86.8,2021-07-22T00:00:00.000Z,94.6,78.2,82,85.5,77.3
רבין ק. בילינסון,78.4,2021-07-22T00:00:00.000Z,92,72.9,77.8,85.3,77.8
פוריה,79.5,2021-07-22T00:00:00.000Z,82.2,55.9,74.1,68.8,60.9
סורוקה,67.4,2021-07-22T00:00:00.000Z,70.5,59.7,73.2,75.2,66.7
המרכזי בעמק,86.5,2021-07-22T00:00:00.000Z,100.3,73.4,69,79.9,69.9
איכילוב,79.7,2021-07-22T00:00:00.000Z,82.4,73.3,118.5,116.8,107.8
רבין ק. השרון,63.2,2021-07-22T00:00:00.000Z,69.7,42,55.6,61.4,48.8
לניאדו,112.8,2021-07-22T00:00:00.000Z,130,75.7,97.2,103.6,91.9
זיו צפת,79.7,2021-07-22T00:00:00.000Z,89.1,79,78.1,78.6,77.5
הלל יפה,88.4,2021-07-22T00:00:00.000Z,101,70.7,75.9,84.4,78.1
ברזילי,78.1,2021-07-22T00:00:00.000Z,84.7,64.6,80,80,69.6
יוספטל,68.8,2021-07-22T00:00:00.000Z,69.6,35.7,44.6,53.8,39.6
נהריה,86.8,2021-07-22T00:00:00.000Z,95.8,89.5,79.2,81,80.6
"רמב""ם",87.4,2021-07-22T00:00:00.000Z,94.5,93.8,93,90.7,92.7
שמיר,77.6,2021-07-22T00:00:00.000Z,82.3,58.7,72.4,69.8,64
הדסה עין כרם,111.7,2021-07-22T00:00:00.000Z,119,120.4,90.3,92.3,109.3
מעייני הישועה,92.9,2021-07-22T00:00:00.000Z,93.9,86.3,120.3,110.8,101.4
אסותא אשדוד,144.1,2021-07-22T00:00:00.000Z,163.2,,147.4,144.3,
הכרמל,58.5,2021-07-22T00:00:00.000Z,60.6,50.7,75.7,73.5,69.5
קפלן,89.3,2021-07-22T00:00:00.000Z,91.7,55.2,78.5,80,72.5
שערי צדק,96.7,2021-07-22T00:00:00.000Z,105.2,81.9,96.2,99,95.6
מאיר,64.5,2021-07-22T00:00:00.000Z,73,71,73.9,78.6,72
הדסה הר הצופים,86.1,2021-07-22T00:00:00.000Z,83.7,92.1,76.4,73,81.3
כלל המוסדות,83,2021-07-22T00:00:00.000Z,89.8,72.5,83,84.3,80.7
וולפסון,80.7,2021-07-23T00:00:00.000Z,80.4,62.5,66.6,74.1,64.9
שמואל הרופא,72.2,2021-07-23T00:00:00.000Z,77,76.6,76.2,76.4,80.9
בני ציון,86,2021-07-23T00:00:00.000Z,93.5,77.9,65.6,85,78.3
שמיר,72.2,2021-07-23T00:00:00.000Z,82,58.9,63.5,70.8,64.1
רבין ק. בילינסון,76.2,2021-07-23T00:00:00.000Z,90.9,71.7,70.2,84.4,78.3
פוריה,80.8,2021-07-23T00:00:00.000Z,82.2,53.5,69.3,70.3,60.8
סורוקה,67.4,2021-07-23T00:00:00.000Z,71.4,59,71.9,75.3,65.8
המרכזי בעמק,85.8,2021-07-23T00:00:00.000Z,98.1,73.2,64,78.1,70
איכילוב,80.7,2021-07-23T00:00:00.000Z,83,74.1,100.2,116.8,107.7
רבין ק. השרון,59.6,2021-07-23T00:00:00.000Z,69.7,42.1,41.9,60.7,48.7
לניאדו,107.7,2021-07-23T00:00:00.000Z,127.3,73.9,79.1,101.6,91.3
זיו צפת,84.4,2021-07-23T00:00:00.000Z,88.2,78.3,66,78.7,76.8
יוספטל,62.5,2021-07-23T00:00:00.000Z,74.1,33,38.5,53.2,38.2
ברזילי,77.6,2021-07-23T00:00:00.000Z,84.8,63.4,71.4,80.5,70.2
"רמב""ם",92.9,2021-07-23T00:00:00.000Z,94.7,92.9,86.5,91.3,92.7
הלל יפה,87,2021-07-23T00:00:00.000Z,99.5,70.5,75.5,83.5,78.6
נהריה,84.7,2021-07-23T00:00:00.000Z,95.7,85.6,73.2,80.9,79
הדסה עין כרם,106.8,2021-07-23T00:00:00.000Z,119.4,121.9,84.4,91.9,110.6
מעייני הישועה,91.1,2021-07-23T00:00:00.000Z,94.6,86,107.9,112.9,100.7
אסותא אשדוד,154.2,2021-07-23T00:00:00.000Z,157.9,,135.5,143.4,
הכרמל,57.5,2021-07-23T00:00:00.000Z,60,49.7,65.6,73.9,69.2
קפלן,84.7,2021-07-23T00:00:00.000Z,92.6,53.6,71.5,80.5,71.6
שערי צדק,102,2021-07-23T00:00:00.000Z,103.5,82.4,82,98.6,96.5
מאיר,64.5,2021-07-23T00:00:00.000Z,71.9,69.5,67.9,78,71.9
הדסה הר הצופים,86.1,2021-07-23T00:00:00.000Z,83.7,91.7,71.5,72.9,81.1
כלל המוסדות,82.6,2021-07-23T00:00:00.000Z,89.4,72.1,74.9,84.2,80.7
וולפסון,82,2021-07-24T00:00:00.000Z,80.2,64.6,70.4,74.3,65.2
שמואל הרופא,80.6,2021-07-24T00:00:00.000Z,77,77,78,76.9,80.4
בני ציון,90.1,2021-07-24T00:00:00.000Z,92.3,79.7,76,83.8,79.3
שמיר,80.7,2021-07-24T00:00:00.000Z,80.6,58.6,69.9,71.1,63.9
רבין ק. בילינסון,87.7,2021-07-24T00:00:00.000Z,89.6,70.8,77,83.6,78.3
פוריה,82.1,2021-07-24T00:00:00.000Z,80.6,51.1,74.4,70.9,61.2
סורוקה,75.2,2021-07-24T00:00:00.000Z,71.3,59,79.1,75.3,65.5
המרכזי בעמק,92.9,2021-07-24T00:00:00.000Z,94.7,74.1,70.9,76.2,70.1
איכילוב,90,2021-07-24T00:00:00.000Z,82.9,74,110.5,116.8,108.4
רבין ק. השרון,67.5,2021-07-24T00:00:00.000Z,68.9,41.6,52.3,59.9,48.4
לניאדו,130.8,2021-07-24T00:00:00.000Z,125.1,72.5,91.6,100.4,90.7
זיו צפת,96.9,2021-07-24T00:00:00.000Z,87.3,78.8,77.5,78.7,78
יוספטל,62.5,2021-07-24T00:00:00.000Z,75.9,35.7,43.1,52.1,39.1
ברזילי,90.6,2021-07-24T00:00:00.000Z,83.7,62.4,81,80.7,71
"רמב""ם",99.5,2021-07-24T00:00:00.000Z,94.7,92.3,91.1,91.8,92.2
הלל יפה,93.8,2021-07-24T00:00:00.000Z,96.7,70.9,84.1,82.5,78.4
נהריה,98.9,2021-07-24T00:00:00.000Z,95,82.2,82.9,80.5,78.1
הדסה עין כרם,121.4,2021-07-24T00:00:00.000Z,118.2,121.5,90.6,91.5,111.6
מעייני הישועה,89.3,2021-07-24T00:00:00.000Z,94.6,84.9,102.8,113,100.4
אסותא אשדוד,139,2021-07-24T00:00:00.000Z,156.7,,124.6,143.2,
הכרמל,62.3,2021-07-24T00:00:00.000Z,58.8,49.2,69.7,73.9,69.2
קפלן,93.3,2021-07-24T00:00:00.000Z,92.7,54,76.4,80.6,71.6
שערי צדק,103.3,2021-07-24T00:00:00.000Z,102.4,82.7,88.9,97,96.7
מאיר,76,2021-07-24T00:00:00.000Z,70.4,68.4,75.2,77.1,71.5
הדסה הר הצופים,91.7,2021-07-24T00:00:00.000Z,84.1,92.5,77.1,73.1,81.4
כלל המוסדות,90.5,2021-07-24T00:00:00.000Z,88.5,71.8,81.2,83.9,80.8
וולפסון,80.3,2021-07-25T00:00:00.000Z,79.3,66,76.6,74.4,65.5
שמואל הרופא,80.6,2021-07-25T00:00:00.000Z,77,75.8,79.5,77.3,79.6
בני ציון,92.6,2021-07-25T00:00:00.000Z,91,81.2,84.3,83.3,79.7
שמיר,78.4,2021-07-25T00:00:00.000Z,79.8,58.5,76,71.6,64
רבין ק. בילינסון,94.3,2021-07-25T00:00:00.000Z,87.9,71,83.6,82.6,78.2
פוריה,79.5,2021-07-25T00:00:00.000Z,78.9,48.9,82.3,71.8,61.6
סורוקה,88.8,2021-07-25T00:00:00.000Z,70.9,58.3,84.4,75.6,65.1
המרכזי בעמק,89.7,2021-07-25T00:00:00.000Z,91.8,73.9,78.4,74.1,69.4
איכילוב,89.3,2021-07-25T00:00:00.000Z,83.1,73.5,126.6,116.8,108.7
רבין ק. השרון,65.8,2021-07-25T00:00:00.000Z,67.5,41.9,67.2,58.6,49.1
לניאדו,112.8,2021-07-25T00:00:00.000Z,123.3,70.7,96.7,99.4,89.7
זיו צפת,90.6,2021-07-25T00:00:00.000Z,87.1,79.5,82.7,79.1,78.9
יוספטל,50,2021-07-25T00:00:00.000Z,74.1,38.4,41.5,51,40.7
ברזילי,90.6,2021-07-25T00:00:00.000Z,82.8,61.8,89.9,80.7,71.2
"רמב""ם",98,2021-07-25T00:00:00.000Z,95,91.7,93.2,92.1,91.8
הלל יפה,96.6,2021-07-25T00:00:00.000Z,93.7,71.6,91.5,81.9,78.9
נהריה,92.6,2021-07-25T00:00:00.000Z,94,79.2,87.7,80,76.8
הדסה עין כרם,121.4,2021-07-25T00:00:00.000Z,118.6,120,95.8,91.9,112.7
מעייני הישועה,107.1,2021-07-25T00:00:00.000Z,95.4,84.6,117.7,113.2,99.8
אסותא אשדוד,152.5,2021-07-25T00:00:00.000Z,155.2,,149.8,143.7,
הכרמל,66,2021-07-25T00:00:00.000Z,58.2,48.1,77.9,73.5,69.1
קפלן,96,2021-07-25T00:00:00.000Z,92.2,54.8,83.9,80.1,72.3
שערי צדק,105.3,2021-07-25T00:00:00.000Z,101.3,83.5,101.7,96.4,96.8
מאיר,77,2021-07-25T00:00:00.000Z,69.5,66.6,80.5,76.6,71
הדסה הר הצופים,88.9,2021-07-25T00:00:00.000Z,84.9,93.3,73.3,74.2,82.1
כלל המוסדות,91.4,2021-07-25T00:00:00.000Z,87.6,71.7,88.6,83.8,80.8
וולפסון,76.2,2021-07-26T00:00:00.000Z,79.1,67.2,74.2,74,65.7
שמואל הרופא,77.8,2021-07-26T00:00:00.000Z,76.6,73.4,80.6,77.8,78.8
כלל המוסדות,89.3,2021-07-26T00:00:00.000Z,87.4,71.8,88.9,84.1,81
שמיר,78.4,2021-07-26T00:00:00.000Z,79.5,58.7,75.5,72.3,64.1
בני ציון,95,2021-07-26T00:00:00.000Z,91,82.2,90.3,83.2,80
רבין ק. בילינסון,93,2021-07-26T00:00:00.000Z,87.9,71.7,89.2,82.1,78.5
פוריה,75.6,2021-07-26T00:00:00.000Z,78.9,47.8,82,72.9,61.4
סורוקה,72.1,2021-07-26T00:00:00.000Z,73.4,59,77.3,76.8,64.8
המרכזי בעמק,86.5,2021-07-26T00:00:00.000Z,88.5,74.5,79.5,73,68.9
איכילוב,87.7,2021-07-26T00:00:00.000Z,83.4,73.2,124.3,117.7,109.5
רבין ק. השרון,72.8,2021-07-26T00:00:00.000Z,66.3,41.9,68.5,58.6,49.7
לניאדו,115.4,2021-07-26T00:00:00.000Z,120.7,69.1,100.6,99,89.1
זיו צפת,96.9,2021-07-26T00:00:00.000Z,86.2,80.4,88.2,78.8,78.6
יוספטל,68.8,2021-07-26T00:00:00.000Z,68.8,44.6,58.5,48.6,42.9
ברזילי,85.9,2021-07-26T00:00:00.000Z,82.2,62,86.4,81.6,71.8
"רמב""ם",98,2021-07-26T00:00:00.000Z,95.5,90.8,93.1,91.9,91.7
הלל יפה,100.7,2021-07-26T00:00:00.000Z,92.8,71.5,88.9,82.6,79.4
נהריה,98.9,2021-07-26T00:00:00.000Z,91.7,76.5,91.8,80.5,76.2
הדסה עין כרם,119.4,2021-07-26T00:00:00.000Z,118.4,119.7,98.1,92.6,113.7
מעייני הישועה,100,2021-07-26T00:00:00.000Z,96.7,84.9,120.6,114.1,99.6
אסותא אשדוד,159.3,2021-07-26T00:00:00.000Z,151.3,,159,143.3,
הכרמל,58.5,2021-07-26T00:00:00.000Z,59.6,47.6,80.6,74,69
קפלן,89.3,2021-07-26T00:00:00.000Z,92.6,54.8,81.4,80.4,72
שערי צדק,105.3,2021-07-26T00:00:00.000Z,101,84.5,102.2,97.7,97.4
מאיר,75,2021-07-26T00:00:00.000Z,70.2,66.2,83.4,76.7,71.4
הדסה הר הצופים,72.2,2021-07-26T00:00:00.000Z,84.9,90.9,67.7,74.7,82.9
וולפסון,70.1,2021-07-27T00:00:00.000Z,78.5,68.3,71.6,73.7,65.8
שמואל הרופא,83.3,2021-07-27T00:00:00.000Z,76.6,71,80.1,78.2,78.3
שמיר,77.2,2021-07-27T00:00:00.000Z,78.7,58.6,76.7,72.3,64
בני ציון,95,2021-07-27T00:00:00.000Z,91.6,81.8,90.8,82.7,80
רבין ק. בילינסון,91.6,2021-07-27T00:00:00.000Z,87.7,72.6,87.4,81.9,78.5
פוריה,76.9,2021-07-27T00:00:00.000Z,79.1,47.3,84.2,74.3,62.4
סורוקה,76,2021-07-27T00:00:00.000Z,74,59.7,82.2,77.2,64.5
איכילוב,86,2021-07-27T00:00:00.000Z,84.1,71.4,123.5,118.2,109.2
רבין ק. השרון,63.2,2021-07-27T00:00:00.000Z,66.4,40.9,62.7,59.4,50
לניאדו,117.9,2021-07-27T00:00:00.000Z,118.9,69.3,100.3,97.6,88.9
זיו צפת,92.2,2021-07-27T00:00:00.000Z,87.9,80.1,89.6,79.7,78.1
יוספטל,81.3,2021-07-27T00:00:00.000Z,67.9,47.3,70.8,48.6,45.3
ברזילי,94.8,2021-07-27T00:00:00.000Z,81.8,63.5,87.9,81.7,72.4
"רמב""ם",104.5,2021-07-27T00:00:00.000Z,96,90.8,97.7,92.1,91.9
הלל יפה,92.5,2021-07-27T00:00:00.000Z,92.4,70.9,91.1,82.8,78.7
נהריה,100.5,2021-07-27T00:00:00.000Z,92.3,74.2,94.4,82,75.7
הדסה עין כרם,126.2,2021-07-27T00:00:00.000Z,118,120.4,100.5,93.1,114.3
מעייני הישועה,96.4,2021-07-27T00:00:00.000Z,96.4,84.9,125.3,114.3,99
אסותא אשדוד,145.8,2021-07-27T00:00:00.000Z,152.1,,153.6,148.3,
הכרמל,61.3,2021-07-27T00:00:00.000Z,59.4,49.3,81.2,74.5,68.9
קפלן,87.3,2021-07-27T00:00:00.000Z,92.4,56,83.2,79.9,72.2
שערי צדק,102.7,2021-07-27T00:00:00.000Z,101.9,85.1,106.6,97.8,98.3
מאיר,84.5,2021-07-27T00:00:00.000Z,71.8,66.3,82.1,77.5,71.7
הדסה הר הצופים,69.4,2021-07-27T00:00:00.000Z,82.9,88.9,73.6,73.3,83
כלל המוסדות,89.6,2021-07-27T00:00:00.000Z,87.4,71.9,90.2,84.5,81.1
המרכזי בעמק,87.7,2021-07-27T00:00:00.000Z,87.1,74.9,79.3,72.9,68.8
כלל המוסדות,87.4,2021-07-28T00:00:00.000Z,87.6,72.1,90.8,84.9,81.4
וולפסון,74.2,2021-07-28T00:00:00.000Z,77.6,69.4,74.1,73.1,65.9
שמואל הרופא,86.1,2021-07-28T00:00:00.000Z,77.8,67.9,81.2,78.6,77.8
שמיר,78.4,2021-07-28T00:00:00.000Z,77.9,59.4,77.8,72.6,65
בני ציון,95,2021-07-28T00:00:00.000Z,91.5,80.4,88,82.8,79.9
רבין ק. בילינסון,92.5,2021-07-28T00:00:00.000Z,87.5,73.4,88.9,81.7,78.6
פוריה,66.7,2021-07-28T00:00:00.000Z,79.3,46.7,77.7,77,62.8
סורוקה,69.8,2021-07-28T00:00:00.000Z,74,60.4,82,77.7,64.9
איכילוב,85.3,2021-07-28T00:00:00.000Z,85.3,71.2,122.8,118.6,110
רבין ק. השרון,54.4,2021-07-28T00:00:00.000Z,65.4,41.9,55.6,58.5,53.1
לניאדו,101.3,2021-07-28T00:00:00.000Z,117.6,69.3,90,96,87.9
שיבא,87,2021-07-28T00:00:00.000Z,86,89.8,105.3,103.3,95.1
זיו צפת,93.8,2021-07-28T00:00:00.000Z,88.8,78.1,84.1,80.8,78.7
יוספטל,81.3,2021-07-28T00:00:00.000Z,67.9,50,60,50.3,47.3
ברזילי,88.5,2021-07-28T00:00:00.000Z,84.3,65.3,83.4,82.3,73.6
"רמב""ם",99,2021-07-28T00:00:00.000Z,97,89.7,98.1,92.8,91.5
הלל יפה,95.2,2021-07-28T00:00:00.000Z,93,71.6,91.7,84,79.1
נהריה,94.2,2021-07-28T00:00:00.000Z,92.9,73.5,91.8,84.3,75.8
הדסה עין כרם,131.1,2021-07-28T00:00:00.000Z,117.8,119.7,99.6,93.6,113.9
מעייני הישועה,98.2,2021-07-28T00:00:00.000Z,95.9,85.7,126.3,115.6,99
אסותא אשדוד,159.3,2021-07-28T00:00:00.000Z,150.4,,158,147.3,
הכרמל,52.8,2021-07-28T00:00:00.000Z,60,51.2,76.9,75.2,69.3
קפלן,93.3,2021-07-28T00:00:00.000Z,91.3,56.1,83.9,80,73.1
שערי צדק,105.3,2021-07-28T00:00:00.000Z,102.1,85.7,109.8,97.9,97.8
מאיר,73.5,2021-07-28T00:00:00.000Z,73.3,65.1,80.7,77.8,71.5
הדסה הר הצופים,66.7,2021-07-28T00:00:00.000Z,81.7,90.9,74.3,73.5,82.9
המרכזי בעמק,80.6,2021-07-28T00:00:00.000Z,87.4,75.9,75.9,73.3,69.6
וולפסון,70.9,2021-07-29T00:00:00.000Z,77.3,69.4,71.9,72.3,65.6
שמואל הרופא,88.9,2021-07-29T00:00:00.000Z,79.4,64.7,80.9,79.1,77.5
כלל המוסדות,84,2021-07-29T00:00:00.000Z,87.7,72.5,86.1,85.4,81.4
שמיר,72.2,2021-07-29T00:00:00.000Z,77.6,60.9,68.7,73.1,66.1
בני ציון,86.8,2021-07-29T00:00:00.000Z,91.5,78.4,78.5,82.4,79
רבין ק. בילינסון,79.7,2021-07-29T00:00:00.000Z,87.7,73.9,81.7,82,78
פוריה,70.5,2021-07-29T00:00:00.000Z,77.3,46,69.9,77.7,63
סורוקה,69.8,2021-07-29T00:00:00.000Z,73.8,59.7,75.2,78.6,64.9
איכילוב,83,2021-07-29T00:00:00.000Z,85.5,71.8,116.1,118.1,110.8
רבין ק. השרון,59.6,2021-07-29T00:00:00.000Z,63.8,41.9,54.4,57.7,54
לניאדו,96.2,2021-07-29T00:00:00.000Z,114.1,69.6,99.2,93.6,86.2
הכרמל,60.4,2021-07-29T00:00:00.000Z,59.6,52.6,74,75.4,69.2
שיבא,82.4,2021-07-29T00:00:00.000Z,88.6,89.1,101.1,103.9,95.4
זיו צפת,96.9,2021-07-29T00:00:00.000Z,90.6,76.3,79.8,80.9,78.6
יוספטל,68.8,2021-07-29T00:00:00.000Z,67.9,51.8,49.2,51,46.6
ברזילי,82.3,2021-07-29T00:00:00.000Z,86.6,66.3,79.5,82.9,73.6
"רמב""ם",96,2021-07-29T00:00:00.000Z,97,89.8,95.4,93.3,91.9
הלל יפה,88.4,2021-07-29T00:00:00.000Z,93.4,72.8,84.1,85.5,78.9
נהריה,94.7,2021-07-29T00:00:00.000Z,93.8,74.6,91.4,85.8,75.9
הדסה עין כרם,120.4,2021-07-29T00:00:00.000Z,119.7,119,92.3,94.2,113.1
מעייני הישועה,94.6,2021-07-29T00:00:00.000Z,96.4,87.1,120.6,117.3,100.3
אסותא אשדוד,147.5,2021-07-29T00:00:00.000Z,150.6,,150.2,146.9,
קפלן,90,2021-07-29T00:00:00.000Z,90.5,56.6,81.9,79.8,73.3
שערי צדק,98.7,2021-07-29T00:00:00.000Z,103,86.3,97.2,98.2,97.4
מאיר,72.5,2021-07-29T00:00:00.000Z,73.6,65.5,77.8,77.7,71.8
הדסה הר הצופים,63.9,2021-07-29T00:00:00.000Z,80.2,91.7,75,73.4,82.6
המרכזי בעמק,83.2,2021-07-29T00:00:00.000Z,87.1,77.6,72.9,73.8,70.4
וולפסון,68,2021-07-30T00:00:00.000Z,76.3,70.7,65.2,72.2,65.9
שמואל הרופא,88.9,2021-07-30T00:00:00.000Z,81.3,61.5,79.5,79.5,77.5
שמיר,77.2,2021-07-30T00:00:00.000Z,76.8,62,63.1,72.6,66.9
בני ציון,80.2,2021-07-30T00:00:00.000Z,91.5,78.6,69.5,81.9,78
רבין ק. בילינסון,81.9,2021-07-30T00:00:00.000Z,87.9,73.6,74.5,82.6,77.1
פוריה,80.8,2021-07-30T00:00:00.000Z,76,46.7,68.7,77.1,63.9
סורוקה,76,2021-07-30T00:00:00.000Z,74.1,59.2,71,78.9,65.2
איכילוב,78.3,2021-07-30T00:00:00.000Z,86,72.1,98.5,117.7,111.4
רבין ק. השרון,59.6,2021-07-30T00:00:00.000Z,63.3,40.4,47.7,57.5,53.6
לניאדו,89.7,2021-07-30T00:00:00.000Z,111.7,71,80.2,93.9,85.7
הכרמל,62.3,2021-07-30T00:00:00.000Z,59.8,53.8,70.3,75.1,69.4
שיבא,87,2021-07-30T00:00:00.000Z,89.7,87.8,95.9,104.9,95.9
זיו צפת,85.9,2021-07-30T00:00:00.000Z,93.1,75.9,71.2,81.1,78
יוספטל,62.5,2021-07-30T00:00:00.000Z,67.9,53.6,43.1,51.6,45.7
ברזילי,84.9,2021-07-30T00:00:00.000Z,87.2,66.8,69.9,82.8,73.2
"רמב""ם",104,2021-07-30T00:00:00.000Z,98.3,90,88.7,93.6,92.2
הלל יפה,92.5,2021-07-30T00:00:00.000Z,93.4,71.7,78.4,86.7,77.7
נהריה,90.5,2021-07-30T00:00:00.000Z,95,75.3,83.6,87.6,76
הדסה עין כרם,122.3,2021-07-30T00:00:00.000Z,120.9,118.4,87,94.5,111.4
מעייני הישועה,85.7,2021-07-30T00:00:00.000Z,96.7,90,111.7,117.3,102.1
אסותא אשדוד,133.9,2021-07-30T00:00:00.000Z,151.1,,114,147.2,
קפלן,88,2021-07-30T00:00:00.000Z,90.6,56.4,73.8,80.3,72.9
שערי צדק,101.3,2021-07-30T00:00:00.000Z,103.2,87.1,86.9,98.4,95.6
מאיר,65.5,2021-07-30T00:00:00.000Z,74.7,65.1,73,78.2,71.2
הדסה הר הצופים,72.2,2021-07-30T00:00:00.000Z,77,92.9,65.6,73.2,83.1
כלל המוסדות,84.5,2021-07-30T00:00:00.000Z,87.8,72.8,78.6,85.8,81.2
המרכזי בעמק,85.8,2021-07-30T00:00:00.000Z,86.6,78.4,73.1,74.4,70.4
וולפסון,76.2,2021-07-31T00:00:00.000Z,74.5,70.8,70.3,72,65.9
שמואל הרופא,91.7,2021-07-31T00:00:00.000Z,83.7,57.9,80.1,80,77.6
שמיר,86.5,2021-07-31T00:00:00.000Z,77.5,62.4,70.9,72.5,67
בני ציון,84.3,2021-07-31T00:00:00.000Z,90.7,78,76.9,82.5,77.3
רבין ק. בילינסון,97.4,2021-07-31T00:00:00.000Z,88.7,73.5,81.9,83.2,76.2
פוריה,88.5,2021-07-31T00:00:00.000Z,76,46.9,72.4,77,63.4
סורוקה,81.8,2021-07-31T00:00:00.000Z,75.4,58.1,77.3,78.7,64.7
איכילוב,88.7,2021-07-31T00:00:00.000Z,85.7,73.3,109.4,117.5,111.8
רבין ק. השרון,67.5,2021-07-31T00:00:00.000Z,63.3,39.1,57.7,58.3,53.5
לניאדו,103.8,2021-07-31T00:00:00.000Z,109.2,72.7,95,94.1,83.3
הכרמל,64.2,2021-07-31T00:00:00.000Z,60.5,54.2,76.7,75.8,69.5
שיבא,100,2021-07-31T00:00:00.000Z,89.2,84.6,100.7,104.3,96.6
זיו צפת,101.6,2021-07-31T00:00:00.000Z,93.3,77.7,79,81.9,76.4
יוספטל,68.8,2021-07-31T00:00:00.000Z,67.9,58.9,36.9,52.3,45.9
ברזילי,90.1,2021-07-31T00:00:00.000Z,88.2,65.3,78.1,82.6,71.9
"רמב""ם",107.6,2021-07-31T00:00:00.000Z,99.9,89.8,92,93.9,92.3
הלל יפה,97.9,2021-07-31T00:00:00.000Z,94.2,70,88,87.1,76.4
נהריה,103.7,2021-07-31T00:00:00.000Z,95.8,75.4,91,89.1,74.7
הדסה עין כרם,133,2021-07-31T00:00:00.000Z,123.2,118.3,93.4,94.9,109.1
מעייני הישועה,83.9,2021-07-31T00:00:00.000Z,95.9,90.6,98.7,117.9,102.9
אסותא אשדוד,128.8,2021-07-31T00:00:00.000Z,148.2,,122.9,144.2,
קפלן,90.7,2021-07-31T00:00:00.000Z,91,54.7,77.3,80.7,72.2
שערי צדק,103.3,2021-07-31T00:00:00.000Z,103.1,87.3,93,99,93.9
מאיר,77,2021-07-31T00:00:00.000Z,74.9,63.9,81.1,79,70.6
הדסה הר הצופים,80.6,2021-07-31T00:00:00.000Z,75,91.7,72.6,72.4,81.7
כלל המוסדות,92.8,2021-07-31T00:00:00.000Z,88.1,72.4,84.8,86.3,80.6
המרכזי בעמק,101.9,2021-07-31T00:00:00.000Z,86.6,76.8,83.4,75.7,69.7
וולפסון,70.9,2021-08-01T00:00:00.000Z,73.7,70.6,79.1,72,65.5
שמואל הרופא,94.4,2021-08-01T00:00:00.000Z,85.3,56.3,80.4,80.3,77.9
שמיר,83.8,2021-08-01T00:00:00.000Z,78.3,62.1,78.9,72.7,66.1
בני ציון,86,2021-08-01T00:00:00.000Z,89.8,78,85.7,82.6,77.5
רבין ק. בילינסון,99.1,2021-08-01T00:00:00.000Z,90.1,74.4,88.9,83.9,75.9
פוריה,87.2,2021-08-01T00:00:00.000Z,76.9,48.9,82.3,76.7,63.9
סורוקה,84.5,2021-08-01T00:00:00.000Z,76.3,57.9,82.5,78.5,64.4
איכילוב,86.3,2021-08-01T00:00:00.000Z,85.5,74.4,123.7,117.3,112.3
רבין ק. השרון,58.8,2021-08-01T00:00:00.000Z,63.3,37.6,64.7,59.1,53.3
לניאדו,110.3,2021-08-01T00:00:00.000Z,105.3,73.9,98.3,94.5,82.6
הכרמל,64.2,2021-08-01T00:00:00.000Z,60.8,55.1,75.7,76.8,69.3
שיבא,96.2,2021-08-01T00:00:00.000Z,90.3,81,103.3,103.6,96
זיו צפת,112.5,2021-08-01T00:00:00.000Z,94,79.7,85.3,82.1,75.4
יוספטל,87.5,2021-08-01T00:00:00.000Z,68.8,64.3,64.6,51.4,47.7
ברזילי,89.1,2021-08-01T00:00:00.000Z,88.2,64.5,90.4,82.2,71.2
"רמב""ם",99.5,2021-08-01T00:00:00.000Z,101,89.5,97.2,94,92.9
הלל יפה,88.4,2021-08-01T00:00:00.000Z,94.8,70.1,88.3,87.7,76.3
נהריה,88.4,2021-08-01T00:00:00.000Z,96.5,74.7,91.9,90.2,73.6
הדסה עין כרם,137.9,2021-08-01T00:00:00.000Z,124.8,119,98.3,95.3,107.6
מעייני הישועה,92.9,2021-08-01T00:00:00.000Z,95.2,90.3,116.5,117.3,105.6
אסותא אשדוד,150.8,2021-08-01T00:00:00.000Z,146.7,,145.7,143.9,
קפלן,87.3,2021-08-01T00:00:00.000Z,90.7,53.6,77.6,80.8,71.5
שערי צדק,103.3,2021-08-01T00:00:00.000Z,103.1,87,103.2,99.6,93.7
מאיר,85.5,2021-08-01T00:00:00.000Z,75,64.2,84.2,79.8,69.8
הדסה הר הצופים,72.2,2021-08-01T00:00:00.000Z,73.4,92.9,72.9,71.7,81.6
כלל המוסדות,90.9,2021-08-01T00:00:00.000Z,88.4,72.4,90.7,86.8,80.3
המרכזי בעמק,85.8,2021-08-01T00:00:00.000Z,87.9,75.6,81.8,77.5,69.8
וולפסון,70.1,2021-08-02T00:00:00.000Z,72.4,71.5,77,72.3,65.4
שמואל הרופא,100,2021-08-02T00:00:00.000Z,87.3,54.8,80.9,80.4,78
שמיר,80.7,2021-08-02T00:00:00.000Z,79.1,61.6,77.8,73.1,65.6
בני ציון,88.4,2021-08-02T00:00:00.000Z,88.9,78.2,88.7,82.8,76.9
רבין ק. בילינסון,99.1,2021-08-02T00:00:00.000Z,90.7,75.2,91.1,84.6,75.5
פוריה,87.2,2021-08-02T00:00:00.000Z,78,49.5,82,76.7,64.2
סורוקה,67.8,2021-08-02T00:00:00.000Z,75.7,57.4,81.1,78.2,64.3
איכילוב,89.3,2021-08-02T00:00:00.000Z,85,74.4,124.4,116.9,112.5
רבין ק. השרון,65.8,2021-08-02T00:00:00.000Z,62.3,37.2,65.1,58.7,53.5
לניאדו,115.4,2021-08-02T00:00:00.000Z,104.9,74.2,101.7,94.8,81.4
הכרמל,62.3,2021-08-02T00:00:00.000Z,60.5,55.8,81.8,76.5,69.3
שיבא,97.5,2021-08-02T00:00:00.000Z,89.8,77,106,102.8,95
זיו צפת,104.7,2021-08-02T00:00:00.000Z,97.1,79.5,85.6,82.5,74.7
יוספטל,81.3,2021-08-02T00:00:00.000Z,74.1,66.1,55.4,54.7,49.5
ברזילי,86.5,2021-08-02T00:00:00.000Z,87.9,62.8,89.9,82.2,70.3
"רמב""ם",97.5,2021-08-02T00:00:00.000Z,101.2,90,94.7,94.6,92.9
הלל יפה,89,2021-08-02T00:00:00.000Z,93.6,70.4,88.5,87.2,76.2
נהריה,83.7,2021-08-02T00:00:00.000Z,95.9,73.6,88.1,90.8,72.1
הדסה עין כרם,135,2021-08-02T00:00:00.000Z,127.2,119.6,100.8,95.6,106
מעייני הישועה,89.3,2021-08-02T00:00:00.000Z,93.1,89.2,115.8,117.1,107.8
אסותא אשדוד,147.5,2021-08-02T00:00:00.000Z,146.5,,154.3,143.3,
קפלן,85.3,2021-08-02T00:00:00.000Z,89.4,53.9,77.6,79.9,71.1
שערי צדק,106,2021-08-02T00:00:00.000Z,102.9,87.1,99.9,99.8,93.1
מאיר,77,2021-08-02T00:00:00.000Z,76.2,63.8,83.8,80.3,68.1
הדסה הר הצופים,72.2,2021-08-02T00:00:00.000Z,71,96,71.9,71.7,81.6
כלל המוסדות,89.1,2021-08-02T00:00:00.000Z,88.4,72.3,90.7,87.1,79.8
המרכזי בעמק,86.5,2021-08-02T00:00:00.000Z,87.4,74.8,75.6,78,69.8
וולפסון,72.1,2021-08-03T00:00:00.000Z,71.5,72.5,77,72.7,66.3
שמואל הרופא,97.2,2021-08-03T00:00:00.000Z,90.5,53.2,79.5,80.4,77.9
כלל המוסדות,87.1,2021-08-03T00:00:00.000Z,88.3,72.5,89.9,87.4,79.4
שמיר,89.6,2021-08-03T00:00:00.000Z,79.4,61.5,80.6,73.4,64.7
בני ציון,87.6,2021-08-03T00:00:00.000Z,88,77.9,88.7,82.6,76.3
רבין ק. בילינסון,100,2021-08-03T00:00:00.000Z,91.6,76.8,90.5,84.9,75.3
פוריה,75.6,2021-08-03T00:00:00.000Z,79.7,50.9,80.3,76.7,63.8
סורוקה,66.7,2021-08-03T00:00:00.000Z,75.1,57.5,78.3,78.8,64
איכילוב,83.7,2021-08-03T00:00:00.000Z,85.3,76.8,122,116.9,113.2
רבין ק. השרון,63.2,2021-08-03T00:00:00.000Z,61.3,38,65.1,58.3,53.5
לניאדו,93.6,2021-08-03T00:00:00.000Z,104.9,75,102.2,94.9,80.9
הכרמל,65.1,2021-08-03T00:00:00.000Z,61.1,55.5,80,76.7,69.1
שיבא,87,2021-08-03T00:00:00.000Z,89.8,74.7,107.8,102.3,94.6
זיו צפת,96.9,2021-08-03T00:00:00.000Z,98.2,81.7,79.5,82.1,74.8
יוספטל,87.5,2021-08-03T00:00:00.000Z,75.9,67.9,61.5,54.3,48.8
ברזילי,81.8,2021-08-03T00:00:00.000Z,88,60.1,89.9,82.7,69.5
"רמב""ם",98,2021-08-03T00:00:00.000Z,101.2,89,95.2,94.8,92.5
הלל יפה,88.4,2021-08-03T00:00:00.000Z,92,70.2,86.6,87.2,75.5
נהריה,85.3,2021-08-03T00:00:00.000Z,93.7,72.9,84.7,90.3,70.8
הדסה עין כרם,135,2021-08-03T00:00:00.000Z,129.4,119.8,98.7,96,104.6
מעייני הישועה,92.9,2021-08-03T00:00:00.000Z,91.6,89.8,113.6,116.4,109.9
אסותא אשדוד,155.9,2021-08-03T00:00:00.000Z,144.8,,155.3,142.7,
קפלן,80.7,2021-08-03T00:00:00.000Z,88.9,53.3,74.6,79.3,70.8
שערי צדק,99.3,2021-08-03T00:00:00.000Z,103,87.2,97.6,99.5,92.2
מאיר,71,2021-08-03T00:00:00.000Z,76.5,63.6,81.4,80.4,67.1
הדסה הר הצופים,80.6,2021-08-03T00:00:00.000Z,71,98.8,75.3,72.3,81.2
המרכזי בעמק,88.4,2021-08-03T00:00:00.000Z,87.4,75.6,77.5,77.4,69.9
וולפסון,65.2,2021-08-04T00:00:00.000Z,71.8,73.5,78,73.5,67
שמואל הרופא,80.6,2021-08-04T00:00:00.000Z,92.5,52.4,76,80.4,77.8
שמיר,81.5,2021-08-04T00:00:00.000Z,81.2,61.7,75.4,74,64
בני ציון,82.6,2021-08-04T00:00:00.000Z,86.9,77.3,92.6,82.3,76
רבין ק. בילינסון,93.8,2021-08-04T00:00:00.000Z,92.8,78.5,87.5,85.3,75.4
פוריה,78.2,2021-08-04T00:00:00.000Z,79.5,51.5,80,76.2,63.2
סורוקה,64.7,2021-08-04T00:00:00.000Z,73.8,58.9,78.1,78.2,64.1
איכילוב,79.3,2021-08-04T00:00:00.000Z,85,77.5,121.9,116.7,113.4
רבין ק. השרון,58.8,2021-08-04T00:00:00.000Z,61.3,37.3,62.2,58.6,52.5
לניאדו,82.1,2021-08-04T00:00:00.000Z,101.5,75.4,96.1,95.2,80.3
הכרמל,64.2,2021-08-04T00:00:00.000Z,61.6,54.7,78.3,76.5,69.4
שיבא,94.6,2021-08-04T00:00:00.000Z,91,72.7,105.9,102.9,94.5
זיו צפת,100,2021-08-04T00:00:00.000Z,98.9,84.2,81.6,80.7,74.9
יוספטל,131.3,2021-08-04T00:00:00.000Z,76.8,75,69.2,53,49.9
ברזילי,77.1,2021-08-04T00:00:00.000Z,86.2,57.5,85.3,83,68.5
"רמב""ם",94.4,2021-08-04T00:00:00.000Z,100.2,87.8,96.8,94.5,92.6
הלל יפה,89.7,2021-08-04T00:00:00.000Z,91.4,68.2,83.7,86.5,74.1
נהריה,84.7,2021-08-04T00:00:00.000Z,91.5,72,84,88.9,70.1
הדסה עין כרם,124.3,2021-08-04T00:00:00.000Z,130.7,120.8,97.6,95.7,103.9
מעייני הישועה,76.8,2021-08-04T00:00:00.000Z,91.1,90,112.7,114.7,110.5
אסותא אשדוד,144.1,2021-08-04T00:00:00.000Z,146.2,,156.3,142.9,
קפלן,72.7,2021-08-04T00:00:00.000Z,87.9,53.6,74.7,78.1,70.6
שערי צדק,102.7,2021-08-04T00:00:00.000Z,102.5,87.6,95.3,98.2,92
מאיר,67.5,2021-08-04T00:00:00.000Z,74.6,63.1,79.7,80.3,66.6
הדסה הר הצופים,86.1,2021-08-04T00:00:00.000Z,72.6,100.4,78.1,72.5,81
כלל המוסדות,83.3,2021-08-04T00:00:00.000Z,88,72.5,88.7,87.4,79.2
המרכזי בעמק,82.6,2021-08-04T00:00:00.000Z,87.5,75.9,74.9,77.2,69.8
כלל המוסדות,78.4,2021-08-05T00:00:00.000Z,87.4,72.6,83.7,87.1,79.1
וולפסון,57,2021-08-05T00:00:00.000Z,70.5,73.2,68.2,74.1,66.9
שמואל הרופא,86.1,2021-08-05T00:00:00.000Z,91.7,51.6,76.2,79.6,77.8
שמיר,74.9,2021-08-05T00:00:00.000Z,81.6,62.2,70.5,73.6,63.7
בני ציון,88.4,2021-08-05T00:00:00.000Z,85.1,77.7,81.3,82.9,76.6
רבין ק. בילינסון,89.4,2021-08-05T00:00:00.000Z,93,79.7,80.7,85.1,76
פוריה,69.2,2021-08-05T00:00:00.000Z,81.1,54.4,72.7,76.5,63.9
סורוקה,59.3,2021-08-05T00:00:00.000Z,73,61.4,70.2,77.6,65.4
איכילוב,74.3,2021-08-05T00:00:00.000Z,84.1,77.4,115.2,116.6,113
רבין ק. השרון,60.5,2021-08-05T00:00:00.000Z,61.9,38,58.1,59.6,52
לניאדו,87.2,2021-08-05T00:00:00.000Z,98.7,76.5,98.9,96.1,80.6
הכרמל,58.5,2021-08-05T00:00:00.000Z,63.2,53.6,75.7,76.7,70.1
שיבא,79.9,2021-08-05T00:00:00.000Z,92.1,71.4,103,103,94.4
זיו צפת,87.5,2021-08-05T00:00:00.000Z,99.8,85.7,77.8,80.3,75.6
יוספטל,100,2021-08-05T00:00:00.000Z,83.9,78.6,61.5,54.3,50.3
ברזילי,71.9,2021-08-05T00:00:00.000Z,84.5,56,79.1,83.3,67.9
"רמב""ם",81.3,2021-08-05T00:00:00.000Z,99.6,86.3,88,94.3,92.2
הלל יפה,101.4,2021-08-05T00:00:00.000Z,90.6,66.4,84.1,85.4,73.2
נהריה,83.2,2021-08-05T00:00:00.000Z,90.2,71.8,80.3,87.8,70.1
הדסה עין כרם,121.4,2021-08-05T00:00:00.000Z,129.7,121.8,91,95.4,103.7
מעייני הישועה,78.6,2021-08-05T00:00:00.000Z,88,90,118.7,112.8,109.4
אסותא אשדוד,155.9,2021-08-05T00:00:00.000Z,144.1,,150.5,142.7,
קפלן,72,2021-08-05T00:00:00.000Z,85,55.4,71,76.8,70.3
שערי צדק,105.3,2021-08-05T00:00:00.000Z,102.1,87.9,91,96.1,91.2
מאיר,62,2021-08-05T00:00:00.000Z,73.7,61.4,74.9,80.1,65.7
הדסה הר הצופים,80.6,2021-08-05T00:00:00.000Z,75.4,99.2,75.7,73.1,80.8
המרכזי בעמק,71,2021-08-05T00:00:00.000Z,87.7,76,70.8,77,69.8
וולפסון,61.5,2021-08-06T00:00:00.000Z,68.5,73.6,64.6,73.5,67.1
שמואל הרופא,88.9,2021-08-06T00:00:00.000Z,91.3,51.2,74.8,78.9,77.8
כלל המוסדות,80.1,2021-08-06T00:00:00.000Z,86.6,72.8,77.4,86.7,79.2
שמיר,72.2,2021-08-06T00:00:00.000Z,82,62.8,65.1,73.9,63.4
בני ציון,82.6,2021-08-06T00:00:00.000Z,85.4,77,76.2,83.3,75.9
רבין ק. בילינסון,88.1,2021-08-06T00:00:00.000Z,94.4,81.7,72.9,85,77
פוריה,75.6,2021-08-06T00:00:00.000Z,81,52.6,65.9,76.9,63.8
סורוקה,59.7,2021-08-06T00:00:00.000Z,71.5,63.1,68.3,76.9,66.7
איכילוב,79.3,2021-08-06T00:00:00.000Z,82.9,76.9,100.2,116.5,112.5
רבין ק. השרון,57.9,2021-08-06T00:00:00.000Z,62,39.2,46.9,60.1,53.5
לניאדו,87.2,2021-08-06T00:00:00.000Z,97.4,77.3,78.8,96.1,80.6
הכרמל,56.6,2021-08-06T00:00:00.000Z,62.9,52.2,66.1,76.9,70.4
שיבא,84.5,2021-08-06T00:00:00.000Z,91.8,70.9,96.8,103.2,94.5
זיו צפת,89.1,2021-08-06T00:00:00.000Z,98.4,85.7,63.1,80,75.8
יוספטל,100,2021-08-06T00:00:00.000Z,88.4,74.1,63.1,56,51
ברזילי,76,2021-08-06T00:00:00.000Z,83,55.4,73.5,83.2,67.8
"רמב""ם",84.8,2021-08-06T00:00:00.000Z,97.5,84.8,80.4,93.2,92.3
הלל יפה,95.2,2021-08-06T00:00:00.000Z,92.5,67.8,80.6,85.4,73.8
נהריה,90,2021-08-06T00:00:00.000Z,88.5,73,78.8,86.2,70.5
הדסה עין כרם,131.1,2021-08-06T00:00:00.000Z,129.8,121.5,87.7,95.3,103.9
מעייני הישועה,73.2,2021-08-06T00:00:00.000Z,85.7,89.8,109.5,112.5,108.3
אסותא אשדוד,149.2,2021-08-06T00:00:00.000Z,145.3,,133.4,142.7,
קפלן,74.7,2021-08-06T00:00:00.000Z,82.4,57.3,67.8,75.2,70.4
שערי צדק,108,2021-08-06T00:00:00.000Z,103,87.3,84,95.2,91.9
מאיר,62,2021-08-06T00:00:00.000Z,72.2,61,69.4,79.7,64.7
הדסה הר הצופים,83.3,2021-08-06T00:00:00.000Z,77.8,99.6,69.1,73.2,80.8
המרכזי בעמק,76.1,2021-08-06T00:00:00.000Z,86,77.8,70.2,76.7,71.3
וולפסון,64.3,2021-08-07T00:00:00.000Z,67.6,73.7,68.4,73.5,67
שמואל הרופא,94.4,2021-08-07T00:00:00.000Z,91.3,51.2,75.4,78.3,77.8
שמיר,81.5,2021-08-07T00:00:00.000Z,81.3,62.5,71.4,74.2,63.7
בני ציון,89.3,2021-08-07T00:00:00.000Z,85.7,76.6,82.4,84.3,76.1
רבין ק. בילינסון,96,2021-08-07T00:00:00.000Z,95.3,82.3,80,84.8,77.7
פוריה,76.9,2021-08-07T00:00:00.000Z,80.2,52.7,68.5,76.5,64.5
סורוקה,67.8,2021-08-07T00:00:00.000Z,69.2,64.6,73.9,76.5,68.2
איכילוב,87.7,2021-08-07T00:00:00.000Z,83,76.4,108.2,116.7,112.3
רבין ק. השרון,63.2,2021-08-07T00:00:00.000Z,61.8,39.7,51.9,60,54.7
לניאדו,96.2,2021-08-07T00:00:00.000Z,97.1,77.1,88.6,95.9,81.8
הכרמל,65.1,2021-08-07T00:00:00.000Z,62.1,51.8,71.2,76.3,71.2
שיבא,95.8,2021-08-07T00:00:00.000Z,91.4,72.2,102.5,103.4,94.9
זיו צפת,100,2021-08-07T00:00:00.000Z,98.9,85.9,77.8,78.8,76.7
יוספטל,93.8,2021-08-07T00:00:00.000Z,93.8,64.3,53.8,58.9,50.5
ברזילי,81.8,2021-08-07T00:00:00.000Z,81.8,56.4,75,83.8,68.8
"רמב""ם",90.9,2021-08-07T00:00:00.000Z,94.7,82.8,87.3,92.1,92.4
הלל יפה,104.8,2021-08-07T00:00:00.000Z,92.9,70,86.8,85.7,74.6
נהריה,97.4,2021-08-07T00:00:00.000Z,88.4,74,84.5,85.5,71.5
הדסה עין כרם,133,2021-08-07T00:00:00.000Z,131.1,120.2,90.2,95.4,105
מעייני הישועה,71.4,2021-08-07T00:00:00.000Z,83.9,90.8,99.4,112.2,107.7
אסותא אשדוד,135.6,2021-08-07T00:00:00.000Z,147.5,,122.9,145.5,
קפלן,82,2021-08-07T00:00:00.000Z,80.5,60.2,74,74.4,71
שערי צדק,107.3,2021-08-07T00:00:00.000Z,104,86.3,85.7,94.8,93.1
מאיר,70.5,2021-08-07T00:00:00.000Z,71.7,60.9,74.7,79.2,64.3
הדסה הר הצופים,91.7,2021-08-07T00:00:00.000Z,79.4,99.6,72.6,73.7,82.5
כלל המוסדות,86.5,2021-08-07T00:00:00.000Z,86,73.2,82.1,86.6,79.8
המרכזי בעמק,81.3,2021-08-07T00:00:00.000Z,84.6,79,75.6,76.3,72.5
וולפסון,63.5,2021-08-08T00:00:00.000Z,65.9,74.8,77.3,73.2,67.3
שמואל הרופא,86.1,2021-08-08T00:00:00.000Z,91.7,51.6,73.9,77.6,77.8
שמיר,80.3,2021-08-08T00:00:00.000Z,80.6,62.6,76.5,74.2,64.1
בני ציון,82.6,2021-08-08T00:00:00.000Z,86.4,76,86.4,85.1,76.6
רבין ק. בילינסון,96.9,2021-08-08T00:00:00.000Z,95.1,81.2,88.3,84.5,78.1
פוריה,73.1,2021-08-08T00:00:00.000Z,78.6,51.1,74.9,75.9,64.2
סורוקה,82.2,2021-08-08T00:00:00.000Z,67.2,66.2,80.4,76.1,70.1
איכילוב,87.7,2021-08-08T00:00:00.000Z,82.9,76.1,127.2,116.5,112
רבין ק. השרון,46.5,2021-08-08T00:00:00.000Z,61.2,40.6,57.3,59.2,56
לניאדו,92.3,2021-08-08T00:00:00.000Z,96,77,93,94.9,83.1
הכרמל,64.2,2021-08-08T00:00:00.000Z,62.3,51.1,76.3,75.5,71.7
שיבא,91.6,2021-08-08T00:00:00.000Z,90.8,71.4,105.4,103.6,94.9
זיו צפת,100,2021-08-08T00:00:00.000Z,98.7,87.1,82.4,78.7,77.4
יוספטל,75,2021-08-08T00:00:00.000Z,97.3,58,49.2,61.3,50.1
ברזילי,79.7,2021-08-08T00:00:00.000Z,80.6,57.4,85.9,83.3,69.5
"רמב""ם",82.3,2021-08-08T00:00:00.000Z,92.4,81.4,89.8,91.4,92.4
הלל יפה,109.6,2021-08-08T00:00:00.000Z,93.8,70.6,99.2,85.5,74.3
נהריה,89.5,2021-08-08T00:00:00.000Z,87.5,75.1,87,84.6,72.2
הדסה עין כרם,124.3,2021-08-08T00:00:00.000Z,131.1,119.8,89.7,94.9,105.6
מעייני הישועה,92.9,2021-08-08T00:00:00.000Z,82.1,91.4,107.9,112.3,105.8
אסותא אשדוד,149.2,2021-08-08T00:00:00.000Z,148.4,,150.2,145.5,
קפלן,79.3,2021-08-08T00:00:00.000Z,79.2,62.2,75.3,73.9,71.2
שערי צדק,103.3,2021-08-08T00:00:00.000Z,104.6,86.2,100.2,93.8,93
מאיר,68,2021-08-08T00:00:00.000Z,70.8,60.2,77.5,78.3,64.4
הדסה הר הצופים,86.1,2021-08-08T00:00:00.000Z,81,96.4,67.7,73.7,82.3
כלל המוסדות,85.4,2021-08-08T00:00:00.000Z,85.1,73.4,88.3,86.2,80.2
המרכזי בעמק,87.1,2021-08-08T00:00:00.000Z,81.7,81.3,77.7,75.2,73.7
וולפסון,65.6,2021-08-09T00:00:00.000Z,64.8,75.2,81.6,72.9,67.8
שמואל הרופא,52.8,2021-08-09T00:00:00.000Z,90.5,53.6,72.4,76.7,77.7
שמיר,83,2021-08-09T00:00:00.000Z,80.1,62.7,80.1,73.9,64.2
בני ציון,80.2,2021-08-09T00:00:00.000Z,86,76.3,82.7,85.2,77.7
רבין ק. בילינסון,98.2,2021-08-09T00:00:00.000Z,94.8,80.6,90,84.4,78.3
פוריה,82.1,2021-08-09T00:00:00.000Z,76.6,51.3,76.1,74.9,64.8
סורוקה,74.8,2021-08-09T00:00:00.000Z,66.9,67.7,80.1,75.8,72.9
איכילוב,85.7,2021-08-09T00:00:00.000Z,83,76.9,126.1,117,112.1
רבין ק. השרון,53.5,2021-08-09T00:00:00.000Z,59.4,40.9,62.2,58.1,57.3
לניאדו,103.8,2021-08-09T00:00:00.000Z,93.4,76.5,96.1,94.2,84.3
הכרמל,54.7,2021-08-09T00:00:00.000Z,62.3,53.8,77.3,75.6,73.3
שיבא,95.4,2021-08-09T00:00:00.000Z,90.1,71.3,107.1,103.9,95.2
זיו צפת,101.6,2021-08-09T00:00:00.000Z,96.9,89.5,83,78.3,78.8
יוספטל,81.3,2021-08-09T00:00:00.000Z,95.5,52.7,53.8,59.1,49
ברזילי,76.6,2021-08-09T00:00:00.000Z,79.2,59.4,82.6,82.7,70.7
"רמב""ם",81.8,2021-08-09T00:00:00.000Z,89.9,79.6,93.9,90.3,92.1
הלל יפה,106.2,2021-08-09T00:00:00.000Z,96.9,76.6,102.1,87.1,85.9
נהריה,88.4,2021-08-09T00:00:00.000Z,87.7,77.1,89.7,83.9,73.2
הדסה עין כרם,118.4,2021-08-09T00:00:00.000Z,129.1,119.4,95.1,93.7,106.2
מעייני הישועה,87.5,2021-08-09T00:00:00.000Z,82.1,91.4,113.3,111.1,104.1
אסותא אשדוד,159.3,2021-08-09T00:00:00.000Z,148.2,,161.1,146.1,
קפלן,78,2021-08-09T00:00:00.000Z,78.1,64.6,77.9,73.6,71.8
שערי צדק,99.3,2021-08-09T00:00:00.000Z,104.6,86.1,98.4,93.4,93
מאיר,65,2021-08-09T00:00:00.000Z,68.3,60.3,76.9,77.3,65.1
הדסה הר הצופים,75,2021-08-09T00:00:00.000Z,82.9,92.9,72.2,72.9,82
כלל המוסדות,84.1,2021-08-09T00:00:00.000Z,84.3,74.4,89.8,85.8,81.3
המרכזי בעמק,78.7,2021-08-09T00:00:00.000Z,81.8,83.3,76.9,74.6,75.2
וולפסון,62.7,2021-08-10T00:00:00.000Z,64.2,75,78.3,73.6,67.3
שמואל הרופא,16.7,2021-08-10T00:00:00.000Z,83.7,57.5,70.7,75.5,78
שמיר,80.7,2021-08-10T00:00:00.000Z,80.4,62.5,75.9,74.2,64.5
בני ציון,79.3,2021-08-10T00:00:00.000Z,84.8,77.1,82,84.3,78.3
רבין ק. בילינסון,95.2,2021-08-10T00:00:00.000Z,94.7,80.7,88.1,84.3,78.6
פוריה,70.5,2021-08-10T00:00:00.000Z,75.8,50.2,76.1,74,65.5
סורוקה,67.4,2021-08-10T00:00:00.000Z,67.9,68.5,77,75.6,74.5
איכילוב,82,2021-08-10T00:00:00.000Z,82.5,77,125.9,117.3,112.4
רבין ק. השרון,54.4,2021-08-10T00:00:00.000Z,57.6,40.9,76.8,57.7,57.5
לניאדו,114.1,2021-08-10T00:00:00.000Z,91.8,74.3,103.3,93.4,85.1
הכרמל,44.3,2021-08-10T00:00:00.000Z,61.2,52.4,76.1,75,73.9
שיבא,93.3,2021-08-10T00:00:00.000Z,89.8,70.4,107.2,104.1,95.2
זיו צפת,96.9,2021-08-10T00:00:00.000Z,96.4,90.6,77.5,77.9,79.7
יוספטל,62.5,2021-08-10T00:00:00.000Z,95.5,50,47.7,58.9,48.8
ברזילי,73.4,2021-08-10T00:00:00.000Z,77.8,62.6,79.1,81.6,71.8
"רמב""ם",79.3,2021-08-10T00:00:00.000Z,87.7,78.8,90.9,90.2,91.7
הלל יפה,102.1,2021-08-10T00:00:00.000Z,99.3,76.1,97.7,89,86.7
נהריה,89.5,2021-08-10T00:00:00.000Z,88.3,77.7,87.8,84.1,74.3
הדסה עין כרם,121.4,2021-08-10T00:00:00.000Z,126.8,117.1,95.6,92.9,106.4
מעייני הישועה,100,2021-08-10T00:00:00.000Z,81.9,90.6,113.9,110.7,102.7
אסותא אשדוד,150.8,2021-08-10T00:00:00.000Z,149.9,,152.2,147.1,
קפלן,69.3,2021-08-10T00:00:00.000Z,77,66.9,77.7,73.6,72.2
שערי צדק,94.7,2021-08-10T00:00:00.000Z,103.6,86.3,101.8,93.2,94
מאיר,61,2021-08-10T00:00:00.000Z,66.6,59.9,79.3,76.3,65
הדסה הר הצופים,83.3,2021-08-10T00:00:00.000Z,83.3,89.7,78.5,73,82.3
כלל המוסדות,80.6,2021-08-10T00:00:00.000Z,83.6,74.5,89,85.7,81.7
המרכזי בעמק,71.6,2021-08-10T00:00:00.000Z,80.7,83.5,76.5,74.8,76.1
וולפסון,59.4,2021-08-11T00:00:00.000Z,62.8,74.3,79.1,73.8,66.5
שמואל הרופא,5.6,2021-08-11T00:00:00.000Z,72.2,62.3,69.8,74.2,78.5
כלל המוסדות,77.9,2021-08-11T00:00:00.000Z,82.6,74.9,88.6,85.6,82
שמיר,80.3,2021-08-11T00:00:00.000Z,79.2,62.4,79.6,73.6,64.5
בני ציון,82.6,2021-08-11T00:00:00.000Z,83.6,78.7,88.2,83.4,78.6
רבין ק. בילינסון,93,2021-08-11T00:00:00.000Z,94,80.9,90,83.9,78.8
פוריה,62.8,2021-08-11T00:00:00.000Z,75.1,48.5,72.1,73.4,66.2
סורוקה,64,2021-08-11T00:00:00.000Z,68,68.9,75.1,75.4,75.2
איכילוב,75.7,2021-08-11T00:00:00.000Z,82.3,77.7,121.6,117.8,112.8
רבין ק. השרון,54.4,2021-08-11T00:00:00.000Z,56.4,40.6,72.6,59.3,57.6
לניאדו,94.9,2021-08-11T00:00:00.000Z,94.7,73.9,88.6,93.6,85
הכרמל,42.5,2021-08-11T00:00:00.000Z,58.2,52.2,77.5,74.4,74.1
שיבא,94.6,2021-08-11T00:00:00.000Z,90.7,71.8,107.9,104,95.5
זיו צפת,87.5,2021-08-11T00:00:00.000Z,96.4,91.5,83.6,77.6,80.4
יוספטל,56.3,2021-08-11T00:00:00.000Z,92,40.2,53.8,56.9,47.3
ברזילי,74,2021-08-11T00:00:00.000Z,76.6,64.4,82,80.1,72.6
"רמב""ם",75.3,2021-08-11T00:00:00.000Z,85,79.1,88.8,89.6,92
הלל יפה,102.1,2021-08-11T00:00:00.000Z,101.3,77.9,95.7,90.6,87.5
נהריה,85.8,2021-08-11T00:00:00.000Z,88.9,78,88.6,84.6,74.8
הדסה עין כרם,133,2021-08-11T00:00:00.000Z,124.8,114.4,97.2,92.4,106
מעייני הישועה,105.4,2021-08-11T00:00:00.000Z,82.9,89.2,123.1,110.8,101.4
אסותא אשדוד,161,2021-08-11T00:00:00.000Z,149.2,,152.6,146.7,
קפלן,65.3,2021-08-11T00:00:00.000Z,75.4,68.9,77,74.1,72.7
שערי צדק,84,2021-08-11T00:00:00.000Z,103,86.2,103.2,93.8,94.7
מאיר,57.5,2021-08-11T00:00:00.000Z,65.1,61.6,76.1,76.1,65.2
הדסה הר הצופים,72.2,2021-08-11T00:00:00.000Z,83.7,88.5,76,73.4,82.8
המרכזי בעמק,67.1,2021-08-11T00:00:00.000Z,78.3,84,71.7,74.7,76.8
וולפסון,49.2,2021-08-12T00:00:00.000Z,62,74.5,75.7,73.9,66.8
שמואל הרופא,5.6,2021-08-12T00:00:00.000Z,61.5,66.3,69.8,73.3,78.9
שמיר,79.2,2021-08-12T00:00:00.000Z,79,61.3,73.1,74.2,64.1
בני ציון,76.9,2021-08-12T00:00:00.000Z,83.6,80.5,85.5,82.7,78.1
רבין ק. בילינסון,83.7,2021-08-12T00:00:00.000Z,93.8,81.4,83.8,84.3,78.8
סורוקה,52.7,2021-08-12T00:00:00.000Z,67.9,68.9,69,75,75.4
איכילוב,70.3,2021-08-12T00:00:00.000Z,81.8,79.4,119.9,117.8,113.6
רבין ק. השרון,46.5,2021-08-12T00:00:00.000Z,55.8,40,61.4,60.8,57.6
פוריה,59,2021-08-12T00:00:00.000Z,72.9,46.5,70.7,72.3,66.3
לניאדו,88.5,2021-08-12T00:00:00.000Z,96.5,72.8,87.7,92.5,85.6
הכרמל,40.6,2021-08-12T00:00:00.000Z,55.1,53.6,70.6,74.3,74.5
שיבא,87.4,2021-08-12T00:00:00.000Z,90.7,72.7,99.1,104.3,95.8
זיו צפת,71.9,2021-08-12T00:00:00.000Z,94.6,92.9,72.3,77.9,80.3
יוספטל,50,2021-08-12T00:00:00.000Z,81.3,33.9,41.5,54.7,48.6
ברזילי,64.6,2021-08-12T00:00:00.000Z,76.2,66.7,75.5,79.6,73
"רמב""ם",74.2,2021-08-12T00:00:00.000Z,82.3,79.7,83.1,88.4,92
הלל יפה,102.7,2021-08-12T00:00:00.000Z,103,79.5,91.5,92.3,88.4
נהריה,79.5,2021-08-12T00:00:00.000Z,89.1,76.3,79.2,85.2,74.6
הדסה עין כרם,111.7,2021-08-12T00:00:00.000Z,126.1,113,92.5,92.4,105.7
מעייני הישועה,98.2,2021-08-12T00:00:00.000Z,87,88.1,126.3,112.3,101
אסותא אשדוד,149.2,2021-08-12T00:00:00.000Z,151.6,,146.8,146.1,
קפלן,64,2021-08-12T00:00:00.000Z,74.4,70.1,70.8,74.4,73.3
שערי צדק,86,2021-08-12T00:00:00.000Z,100.3,86.5,96.7,94.9,95.3
מאיר,54,2021-08-12T00:00:00.000Z,63.7,62.2,71.7,75.5,64.8
הדסה הר הצופים,72.2,2021-08-12T00:00:00.000Z,81.7,89.3,71.5,73.1,82.2
כלל המוסדות,72.2,2021-08-12T00:00:00.000Z,81.9,75.3,83.3,85.6,82.2
המרכזי בעמק,67.1,2021-08-12T00:00:00.000Z,76.1,83.7,67.4,74.2,77.3
כלל המוסדות,72.4,2021-08-13T00:00:00.000Z,81,75.7,76.6,85.5,82.4
וולפסון,48,2021-08-13T00:00:00.000Z,60.9,72.8,68.2,75,66.1
שמואל הרופא,5.6,2021-08-13T00:00:00.000Z,50,69.8,70.4,72.4,79
שמיר,77.6,2021-08-13T00:00:00.000Z,79.6,60.3,68.8,74.5,63.5
בני ציון,66.1,2021-08-13T00:00:00.000Z,81.9,83.4,73.7,83.3,79.5
רבין ק. בילינסון,83.3,2021-08-13T00:00:00.000Z,93,82.1,75.8,84.7,78.9
סורוקה,57,2021-08-13T00:00:00.000Z,66.9,68.7,67.7,74.8,75.4
איכילוב,63.3,2021-08-13T00:00:00.000Z,81.2,81.2,102.7,118.4,114.6
רבין ק. השרון,45.6,2021-08-13T00:00:00.000Z,53.8,39.6,48.5,61.3,56.9
פוריה,62.8,2021-08-13T00:00:00.000Z,71.4,47.3,62.5,72,66
לניאדו,82.1,2021-08-13T00:00:00.000Z,96.7,73.1,71.6,90.9,85.4
הכרמל,42.5,2021-08-13T00:00:00.000Z,52.6,54.9,59.7,73.6,74.5
שיבא,89.5,2021-08-13T00:00:00.000Z,91.8,73.2,96.8,103.7,96
זיו צפת,82.8,2021-08-13T00:00:00.000Z,92.4,94.4,59.4,77.1,80.8
יוספטל,50,2021-08-13T00:00:00.000Z,74.1,34.8,41.5,51.9,49.5
ברזילי,69.8,2021-08-13T00:00:00.000Z,75.1,68.1,70.5,79.1,73.3
"רמב""ם",69.2,2021-08-13T00:00:00.000Z,81.2,80.1,75.1,87.7,91.1
הלל יפה,107.5,2021-08-13T00:00:00.000Z,103.2,81,91.3,93.4,88.8
נהריה,86.8,2021-08-13T00:00:00.000Z,88.6,74.5,76,85.1,74.4
הדסה עין כרם,105.8,2021-08-13T00:00:00.000Z,124.7,113.2,79.9,92.6,108.7
מעייני הישועה,87.5,2021-08-13T00:00:00.000Z,89.8,86.3,121.8,113.3,100.9
אסותא אשדוד,140.7,2021-08-13T00:00:00.000Z,150.6,,124.6,145.6,
קפלן,66,2021-08-13T00:00:00.000Z,73.2,71.2,67,74.4,74.1
שערי צדק,90.7,2021-08-13T00:00:00.000Z,97.5,86.6,85.7,95.7,95.3
מאיר,56,2021-08-13T00:00:00.000Z,62.6,63.1,69,75.1,64.9
הדסה הר הצופים,66.7,2021-08-13T00:00:00.000Z,80.6,102.8,61.5,72.5,86.3
המרכזי בעמק,75.5,2021-08-13T00:00:00.000Z,75.6,81.5,68.2,73.7,76.7
וולפסון,52.9,2021-08-14T00:00:00.000Z,59,72.2,72.2,75.5,66
שמואל הרופא,5.6,2021-08-14T00:00:00.000Z,38.1,73,71.8,71.8,79.2
כלל המוסדות,78.9,2021-08-14T00:00:00.000Z,79.9,76.4,81.5,85.4,82.8
שמיר,85.3,2021-08-14T00:00:00.000Z,80.4,61.2,71.6,75.1,63.6
בני ציון,76,2021-08-14T00:00:00.000Z,79.6,84.3,81.1,83,79.8
רבין ק. בילינסון,90.7,2021-08-14T00:00:00.000Z,92.3,83.7,81.2,85.1,79.2
סורוקה,59.7,2021-08-14T00:00:00.000Z,66.6,69.6,71.5,74.7,75.4
איכילוב,69.3,2021-08-14T00:00:00.000Z,78.9,82.2,109,118.8,115.1
רבין ק. השרון,56.1,2021-08-14T00:00:00.000Z,52,39.6,59.3,61.5,55.8
פוריה,64.1,2021-08-14T00:00:00.000Z,69.6,47.1,68.2,71.5,65.6
לניאדו,91,2021-08-14T00:00:00.000Z,96,73.3,82.5,89.9,86.6
הכרמל,47.2,2021-08-14T00:00:00.000Z,50.5,55.9,64,72.7,74.3
שיבא,96.2,2021-08-14T00:00:00.000Z,92.5,73.7,100.8,103.7,96.1
זיו צפת,93.8,2021-08-14T00:00:00.000Z,91.5,94.2,74.9,76.6,80.5
יוספטל,62.5,2021-08-14T00:00:00.000Z,67,38.4,46.2,48.8,50.5
ברזילי,76,2021-08-14T00:00:00.000Z,74.3,69.9,73.5,78.7,73.6
"רמב""ם",78.8,2021-08-14T00:00:00.000Z,79,81.2,83.3,87,91
הלל יפה,114.4,2021-08-14T00:00:00.000Z,105,82.4,96.7,94.9,89.8
נהריה,100.5,2021-08-14T00:00:00.000Z,88.1,74.3,86.7,84.7,74.6
הדסה עין כרם,111.7,2021-08-14T00:00:00.000Z,121.1,113.6,83.9,91.5,111.7
מעייני הישועה,80.4,2021-08-14T00:00:00.000Z,91.8,85.4,110.8,115.1,101.4
אסותא אשדוד,132.2,2021-08-14T00:00:00.000Z,149.4,,118.4,144.3,
קפלן,75.3,2021-08-14T00:00:00.000Z,72,71.5,77.6,74.3,74.2
שערי צדק,90.7,2021-08-14T00:00:00.000Z,95,87.8,88.5,96,96.2
מאיר,67,2021-08-14T00:00:00.000Z,61.7,63.9,74.7,75,64.7
הדסה הר הצופים,77.8,2021-08-14T00:00:00.000Z,78.2,112.7,64.2,71.4,89.1
המרכזי בעמק,80,2021-08-14T00:00:00.000Z,75.5,80.2,74.8,73.4,77.1
וולפסון,56.1,2021-08-15T00:00:00.000Z,57.3,72,79.9,76.1,65.8
שמואל הרופא,5.6,2021-08-15T00:00:00.000Z,25.4,76.6,73.3,71.3,79.8
שמיר,81.1,2021-08-15T00:00:00.000Z,80.9,62.6,78.3,75.1,63.8
בני ציון,80.2,2021-08-15T00:00:00.000Z,77.7,84.2,88.9,82.8,79.5
רבין ק. בילינסון,89.9,2021-08-15T00:00:00.000Z,91.6,85.1,84.5,85.3,79
סורוקה,67.8,2021-08-15T00:00:00.000Z,65.4,69.6,73.1,74.4,75.2
איכילוב,72.3,2021-08-15T00:00:00.000Z,76.3,83.3,122.4,118.9,115.3
רבין ק. השרון,61.4,2021-08-15T00:00:00.000Z,51,39.8,69.7,62.6,54.7
פוריה,64.1,2021-08-15T00:00:00.000Z,67.8,48.7,74.1,71.5,65.8
לניאדו,91,2021-08-15T00:00:00.000Z,95.2,74.2,100.8,89,87.2
הכרמל,53.8,2021-08-15T00:00:00.000Z,48,58.2,73.2,71.6,73.9
שיבא,92.9,2021-08-15T00:00:00.000Z,92.6,74.4,102.8,103.5,96.5
זיו צפת,98.4,2021-08-15T00:00:00.000Z,90.6,91.7,81.8,76.2,79.7
יוספטל,68.8,2021-08-15T00:00:00.000Z,62.5,38.4,41.5,47.7,50.1
ברזילי,77.1,2021-08-15T00:00:00.000Z,73.4,71.1,83.6,78.5,73.7
"רמב""ם",72.2,2021-08-15T00:00:00.000Z,77.3,83,87.5,86.4,90.6
הלל יפה,96.6,2021-08-15T00:00:00.000Z,106.4,84.1,97.9,96.3,91
נהריה,96.3,2021-08-15T00:00:00.000Z,88.6,74.1,88.1,85,74.9
הדסה עין כרם,113.6,2021-08-15T00:00:00.000Z,118,114.6,89.4,90.6,114.4
מעייני הישועה,103.6,2021-08-15T00:00:00.000Z,93.1,86.3,118.7,116.7,101.9
אסותא אשדוד,155.9,2021-08-15T00:00:00.000Z,148.9,,130.4,143.7,
קפלן,72.7,2021-08-15T00:00:00.000Z,71,73.4,77.9,74.8,75.2
שערי צדק,90,2021-08-15T00:00:00.000Z,92.7,88.1,95.4,96.4,97.1
מאיר,77,2021-08-15T00:00:00.000Z,61.2,65.5,81.2,75,64.6
כלל המוסדות,79.7,2021-08-15T00:00:00.000Z,78.8,77.3,86.8,85.3,83.1
הדסה הר הצופים,52.8,2021-08-15T00:00:00.000Z,76.2,123,66.7,70.2,92.5
המרכזי בעמק,80,2021-08-15T00:00:00.000Z,75.3,79.1,71,73.3,76.8
וולפסון,56.1,2021-08-16T00:00:00.000Z,56.3,72.1,77.5,76.4,65.6
שמואל הרופא,5.6,2021-08-16T00:00:00.000Z,13.9,78.6,73.6,71.2,80.6
שמיר,80.3,2021-08-16T00:00:00.000Z,81,64.1,81.3,75.3,64.4
בני ציון,82.6,2021-08-16T00:00:00.000Z,77.3,84.5,91.7,83.1,79.6
רבין ק. בילינסון,87.2,2021-08-16T00:00:00.000Z,90.6,86.9,86.8,84.8,78.8
סורוקה,65.5,2021-08-16T00:00:00.000Z,63.3,69,72.6,73.4,73.5
איכילוב,78,2021-08-16T00:00:00.000Z,74.1,82.9,127,118.2,114.9
רבין ק. השרון,54.4,2021-08-16T00:00:00.000Z,53.1,40.4,68,64.4,53.4
פוריה,71.8,2021-08-16T00:00:00.000Z,66.5,49.6,80.6,71.4,65.7
לניאדו,88.5,2021-08-16T00:00:00.000Z,95.1,75,98.6,90.1,87.9
הכרמל,51.9,2021-08-16T00:00:00.000Z,46.5,56.9,74.4,71.2,72.3
שיבא,91.2,2021-08-16T00:00:00.000Z,92.8,75.1,102.5,103.1,96.9
זיו צפת,106.3,2021-08-16T00:00:00.000Z,90.4,89.1,83.6,76.1,79.2
יוספטל,50,2021-08-16T00:00:00.000Z,61.6,41.1,36.9,46.6,50.1
ברזילי,78.1,2021-08-16T00:00:00.000Z,73.1,71.7,84.9,78.1,73.4
"רמב""ם",78.8,2021-08-16T00:00:00.000Z,75.8,83.9,87.5,86.1,90.8
הלל יפה,90.4,2021-08-16T00:00:00.000Z,104.5,80.4,98.3,96.1,79.9
נהריה,86.8,2021-08-16T00:00:00.000Z,89.5,72.9,86.2,85.2,74.6
הדסה עין כרם,123.3,2021-08-16T00:00:00.000Z,116.5,115,91.3,90.5,117.3
מעייני הישועה,100,2021-08-16T00:00:00.000Z,94.6,87.3,116.8,118.3,101.2
אסותא אשדוד,142.4,2021-08-16T00:00:00.000Z,149.9,,134.8,140.9,
קפלן,72,2021-08-16T00:00:00.000Z,70.1,73.9,73.1,75.1,75.8
שערי צדק,94,2021-08-16T00:00:00.000Z,90.8,87.7,98.3,95.7,97.7
מאיר,71,2021-08-16T00:00:00.000Z,62.5,66.5,77.9,75.6,64.6
כלל המוסדות,79.2,2021-08-16T00:00:00.000Z,78,77.3,87.4,85.1,82.6
הדסה הר הצופים,63.9,2021-08-16T00:00:00.000Z,71.4,134.1,75.3,70.1,94.9
המרכזי בעמק,78.7,2021-08-16T00:00:00.000Z,74.3,78.4,68.6,72.4,76.3
וולפסון,53.7,2021-08-17T00:00:00.000Z,54.9,71.6,80.5,75.8,65.7
שמיר,80.7,2021-08-17T00:00:00.000Z,80.6,65.2,78.6,75.5,64.2
בני ציון,78.5,2021-08-17T00:00:00.000Z,77.7,84.1,90.5,84.4,80
רבין ק. בילינסון,81.1,2021-08-17T00:00:00.000Z,89,87,85.1,84.3,78.4
סורוקה,59.3,2021-08-17T00:00:00.000Z,62,68.1,71.6,72.3,72.8
איכילוב,71.3,2021-08-17T00:00:00.000Z,73,83,125.6,118.3,114.2
רבין ק. השרון,50.9,2021-08-17T00:00:00.000Z,53.3,40.6,65.1,65.2,53.3
פוריה,61.5,2021-08-17T00:00:00.000Z,65,51.1,81.1,72,66.2
לניאדו,89.7,2021-08-17T00:00:00.000Z,92.9,76.7,107.2,90.4,88.2
הכרמל,49.1,2021-08-17T00:00:00.000Z,46.1,58.8,74.4,70.8,71.1
שיבא,88.3,2021-08-17T00:00:00.000Z,92.2,76.2,103,102.5,97.4
זיו צפת,82.8,2021-08-17T00:00:00.000Z,91.1,88.2,83,76.2,77.5
יוספטל,50,2021-08-17T00:00:00.000Z,57.1,45.5,47.7,44.2,50.5
ברזילי,78.1,2021-08-17T00:00:00.000Z,73.3,71.4,90.4,78.5,72.6
"רמב""ם",76.3,2021-08-17T00:00:00.000Z,75.4,84.2,85.6,85.2,91.4
הלל יפה,76.7,2021-08-17T00:00:00.000Z,102.3,83,97.7,95.6,80.3
נהריה,75.8,2021-08-17T00:00:00.000Z,89.3,71.4,85.8,84.7,73.9
הדסה עין כרם,121.4,2021-08-17T00:00:00.000Z,117.2,118.2,92.5,90,121.1
שמואל הרופא,5.6,2021-08-17T00:00:00.000Z,7.1,79,73.6,71.3,81.2
מעייני הישועה,101.8,2021-08-17T00:00:00.000Z,96.4,90,115.8,118.8,102.6
אסותא אשדוד,147.5,2021-08-17T00:00:00.000Z,147.5,,136.2,137.1,
קפלן,57.3,2021-08-17T00:00:00.000Z,69.2,73.5,68.7,74.5,75.6
שערי צדק,89.3,2021-08-17T00:00:00.000Z,90,87.8,99,95.6,96.7
מאיר,65.5,2021-08-17T00:00:00.000Z,63.4,68.1,76.2,75.7,64.8
כלל המוסדות,74,2021-08-17T00:00:00.000Z,77.3,77.8,87.2,84.7,82.6
הדסה הר הצופים,63.9,2021-08-17T00:00:00.000Z,69.8,148,78.1,70.5,98.6
המרכזי בעמק,67.7,2021-08-17T00:00:00.000Z,74.3,77.6,65.3,71.2,75.2
וולפסון,53.7,2021-08-18T00:00:00.000Z,53.6,71.1,81.8,76.2,66.2
שמיר,76.1,2021-08-18T00:00:00.000Z,80.6,65.6,80.4,75.9,64.4
בני ציון,71.1,2021-08-18T00:00:00.000Z,77.6,83.4,88.2,85.6,80.8
רבין ק. בילינסון,78,2021-08-18T00:00:00.000Z,87,85.2,83.3,83.9,77.9
סורוקה,63.6,2021-08-18T00:00:00.000Z,60.9,65.9,74.9,71.5,72.3
איכילוב,76.7,2021-08-18T00:00:00.000Z,71.5,82.9,125.1,118.3,114.3
רבין ק. השרון,55.3,2021-08-18T00:00:00.000Z,52.8,40.6,65.6,63.5,53.5
פוריה,59,2021-08-18T00:00:00.000Z,63.7,51.1,73.5,72.8,66.8
לניאדו,97.4,2021-08-18T00:00:00.000Z,89.4,77.1,111.4,91,88.9
הכרמל,47.2,2021-08-18T00:00:00.000Z,46.8,59.6,76.3,70.6,69.6
שיבא,86.2,2021-08-18T00:00:00.000Z,91.5,75.4,97.8,101.8,97.3
זיו צפת,92.2,2021-08-18T00:00:00.000Z,89.1,87.3,85,76.9,75.7
יוספטל,62.5,2021-08-18T00:00:00.000Z,55.4,52.7,53.8,44.2,52.1
ברזילי,73.4,2021-08-18T00:00:00.000Z,74,72.9,83.6,80.1,72.3
"רמב""ם",79.8,2021-08-18T00:00:00.000Z,75,83.6,85.9,84.4,91.3
הלל יפה,75.3,2021-08-18T00:00:00.000Z,98.6,84.1,95.1,95.6,80.8
נהריה,71.6,2021-08-18T00:00:00.000Z,87.4,70.5,83.6,84.4,73.7
הדסה עין כרם,119.4,2021-08-18T00:00:00.000Z,117.2,121.9,94.3,89.5,125.4
שמואל הרופא,5.6,2021-08-18T00:00:00.000Z,5.6,78.6,74.5,71.8,81.7
מעייני הישועה,92.9,2021-08-18T00:00:00.000Z,96.7,93.8,116.1,119,104.4
אסותא אשדוד,149.2,2021-08-18T00:00:00.000Z,147,,139.2,134.8,
קפלן,56.7,2021-08-18T00:00:00.000Z,67.5,71.3,72.8,73.2,74.9
שערי צדק,89.3,2021-08-18T00:00:00.000Z,89.2,87.8,101.7,95.2,96.1
מאיר,58,2021-08-18T00:00:00.000Z,64,69.2,71,75.3,65
כלל המוסדות,73.5,2021-08-18T00:00:00.000Z,76.3,77.7,88.6,84.5,82.8
הדסה הר הצופים,52.8,2021-08-18T00:00:00.000Z,67.1,159.9,73.3,70.5,102.3
המרכזי בעמק,74.8,2021-08-18T00:00:00.000Z,73.7,74.7,67.1,69.6,73.8
וולפסון,50.8,2021-08-19T00:00:00.000Z,52.8,71.7,68.7,76.6,66.3
כלל המוסדות,69.3,2021-08-19T00:00:00.000Z,75.7,77.5,83.4,84.5,83.2
שמיר,75.3,2021-08-19T00:00:00.000Z,80,65.9,74.6,76,64.6
בני ציון,66.9,2021-08-19T00:00:00.000Z,75.9,81.6,84.1,85.6,81.3
רבין ק. בילינסון,69.2,2021-08-19T00:00:00.000Z,84.8,83.4,77.4,82.9,77.4
סורוקה,54.7,2021-08-19T00:00:00.000Z,60.8,64,68.7,71.5,71.8
איכילוב,72.3,2021-08-19T00:00:00.000Z,71.6,83,119,118.8,113.8
רבין ק. השרון,63.2,2021-08-19T00:00:00.000Z,52.9,40.2,64.3,62.5,53.9
פוריה,51.3,2021-08-19T00:00:00.000Z,63.2,50.4,67.9,73,66.3
לניאדו,93.6,2021-08-19T00:00:00.000Z,89.7,77.3,108.4,94.3,89.1
הכרמל,50,2021-08-19T00:00:00.000Z,47.4,59.2,71.2,70.4,68
זיו צפת,78.1,2021-08-19T00:00:00.000Z,89.7,85.3,75.2,77.2,74.4
יוספטל,68.8,2021-08-19T00:00:00.000Z,56.3,60.7,58.5,44.2,51.9
ברזילי,64.6,2021-08-19T00:00:00.000Z,73.9,74.4,75.7,80.3,72.4
"רמב""ם",69.7,2021-08-19T00:00:00.000Z,75.6,82.9,79.7,84,91.4
הלל יפה,67.1,2021-08-19T00:00:00.000Z,94.8,84.2,85.2,95.5,81.2
שיבא,88.3,2021-08-19T00:00:00.000Z,90.3,76.1,96.8,100.4,97.5
נהריה,68.9,2021-08-19T00:00:00.000Z,85.3,69.8,77.3,83.6,74.4
הדסה עין כרם,101.9,2021-08-19T00:00:00.000Z,115.3,124.8,87.6,89.1,129.1
שמואל הרופא,5.6,2021-08-19T00:00:00.000Z,5.6,77.8,73.9,72.4,81.9
מעייני הישועה,92.9,2021-08-19T00:00:00.000Z,94.9,96.5,120.9,118,106.2
אסותא אשדוד,145.8,2021-08-19T00:00:00.000Z,145.3,,132.4,132.9,
קפלן,51.3,2021-08-19T00:00:00.000Z,66.3,69.5,70,72.6,74.6
שערי צדק,86.7,2021-08-19T00:00:00.000Z,90,87.1,93.4,95,95.5
מאיר,54,2021-08-19T00:00:00.000Z,64.1,69.9,65.8,74.5,65.1
הדסה הר הצופים,66.7,2021-08-19T00:00:00.000Z,64.3,175.8,74.3,70.1,107.3
המרכזי בעמק,75.5,2021-08-19T00:00:00.000Z,74.8,73.9,66,68.9,73.1
וולפסון,53.3,2021-08-20T00:00:00.000Z,53,71.4,66.9,75.5,66.3
שמיר,72.2,2021-08-20T00:00:00.000Z,79.5,66.5,66.3,76.2,64.8
בני ציון,66.9,2021-08-20T00:00:00.000Z,74.5,79.5,71.6,85.5,81
רבין ק. בילינסון,68.3,2021-08-20T00:00:00.000Z,82.8,81.9,71.3,82,77.2
סורוקה,61.2,2021-08-20T00:00:00.000Z,61.1,62.7,66.8,71.5,71
איכילוב,73.3,2021-08-20T00:00:00.000Z,71.9,81.9,106.2,118.7,113.2
רבין ק. השרון,64,2021-08-20T00:00:00.000Z,55.3,40.2,62.2,63,54.1
פוריה,50,2021-08-20T00:00:00.000Z,62.1,50.7,66.5,72.6,66
לניאדו,85.9,2021-08-20T00:00:00.000Z,90.5,77.6,79.7,97.2,89.9
הכרמל,47.2,2021-08-20T00:00:00.000Z,48.8,58.9,61.8,70.5,66.8
זיו צפת,68.8,2021-08-20T00:00:00.000Z,90.6,82.6,62.8,77.6,73.3
יוספטל,62.5,2021-08-20T00:00:00.000Z,58.9,63.4,53.8,46.6,51.4
ברזילי,67.7,2021-08-20T00:00:00.000Z,73.9,75.1,68.5,80.3,72.3
"רמב""ם",75.8,2021-08-20T00:00:00.000Z,75,82.3,74.5,83.5,92.3
הלל יפה,79.5,2021-08-20T00:00:00.000Z,89.7,84.4,81.9,94.6,82.2
שיבא,84.5,2021-08-20T00:00:00.000Z,90.4,75.6,90,100.1,97.3
נהריה,70.5,2021-08-20T00:00:00.000Z,83.8,69.6,73.6,83.4,74.7
הדסה עין כרם,108.7,2021-08-20T00:00:00.000Z,113.9,124,80.8,88.4,128.2
שמואל הרופא,5.6,2021-08-20T00:00:00.000Z,5.6,77.8,73.3,73,82
מעייני הישועה,83.9,2021-08-20T00:00:00.000Z,94.1,98.7,113.6,117.3,108
אסותא אשדוד,145.8,2021-08-20T00:00:00.000Z,144.8,,130.4,130.9,
קפלן,51.3,2021-08-20T00:00:00.000Z,64.5,69,65.9,72.4,74.5
שערי צדק,84.7,2021-08-20T00:00:00.000Z,90.1,86.8,86.5,94.6,95.5
מאיר,65,2021-08-20T00:00:00.000Z,64.1,69.9,68,73.7,64.8
כלל המוסדות,70.7,2021-08-20T00:00:00.000Z,75.3,77,77.3,84.5,83.3
הדסה הר הצופים,61.1,2021-08-20T00:00:00.000Z,63.5,179.4,65.3,70.5,107.5
המרכזי בעמק,76.8,2021-08-20T00:00:00.000Z,76,73.3,66.1,68.7,72.1
כלל המוסדות,78,2021-08-21T00:00:00.000Z,75,76.2,81.9,84.6,83.1
וולפסון,56.6,2021-08-21T00:00:00.000Z,53.8,69.9,71.4,75.4,66.1
שמיר,76.1,2021-08-21T00:00:00.000Z,78.7,66.1,69.5,75.9,64.5
בני ציון,67.8,2021-08-21T00:00:00.000Z,74.6,79.2,73.4,85.2,81.6
רבין ק. בילינסון,79.3,2021-08-21T00:00:00.000Z,80.6,79.9,78.3,81.4,76.4
סורוקה,71.7,2021-08-21T00:00:00.000Z,61.7,61.4,72,71.3,70.8
איכילוב,77.3,2021-08-21T00:00:00.000Z,73.3,81.7,111.8,119.2,113.1
רבין ק. השרון,71.9,2021-08-21T00:00:00.000Z,57.9,40.5,71.4,64.9,54.6
פוריה,60.3,2021-08-21T00:00:00.000Z,60.3,50.9,65.9,73.1,66.3
לניאדו,101.3,2021-08-21T00:00:00.000Z,91,77.7,90.5,98.4,89.9
הכרמל,50.9,2021-08-21T00:00:00.000Z,49.5,58.4,66.3,70.8,65.5
זיו צפת,85.9,2021-08-21T00:00:00.000Z,88.6,81.9,73.2,78.1,73.2
יוספטל,75,2021-08-21T00:00:00.000Z,60.7,61.6,52.3,48.4,50.5
ברזילי,76.6,2021-08-21T00:00:00.000Z,73.6,75.3,75.3,80,71.6
"רמב""ם",79.3,2021-08-21T00:00:00.000Z,75.9,82.1,77,83.4,92.7
הלל יפה,83.6,2021-08-21T00:00:00.000Z,85.7,83.2,85.2,93.3,81.7
שיבא,99.6,2021-08-21T00:00:00.000Z,89.7,74.5,96.1,99.1,97
נהריה,80,2021-08-21T00:00:00.000Z,81.5,69.5,82.3,83,75
הדסה עין כרם,119.4,2021-08-21T00:00:00.000Z,114.3,122.6,85.1,88.5,123.8
שמואל הרופא,5.6,2021-08-21T00:00:00.000Z,5.6,77,73.9,73.4,81.9
מעייני הישועה,80.4,2021-08-21T00:00:00.000Z,93.6,99.7,105.4,116.1,109.3
אסותא אשדוד,130.5,2021-08-21T00:00:00.000Z,145.5,,117.7,131.7,
קפלן,62.7,2021-08-21T00:00:00.000Z,62.4,67.6,71.6,72.3,74.6
שערי צדק,87.3,2021-08-21T00:00:00.000Z,89.2,85.9,90.3,94.7,94.9
מאיר,74.5,2021-08-21T00:00:00.000Z,65.4,69.8,76.3,73.5,64.8
הדסה הר הצופים,72.2,2021-08-21T00:00:00.000Z,62.7,170.6,64.9,71,104
המרכזי בעמק,90.3,2021-08-21T00:00:00.000Z,76.2,73.8,73,68.4,71
וולפסון,52.5,2021-08-22T00:00:00.000Z,54.3,68.6,74.1,75.3,66.1
כלל המוסדות,75.6,2021-08-22T00:00:00.000Z,74.9,75.4,86.6,84.7,83
שמיר,75.7,2021-08-22T00:00:00.000Z,77.4,65.3,72.5,75.6,64.3
בני ציון,75.2,2021-08-22T00:00:00.000Z,73.4,78.9,81.8,84.1,82.5
רבין ק. בילינסון,84.6,2021-08-22T00:00:00.000Z,79,77.8,82.2,80.9,76.1
סורוקה,62.4,2021-08-22T00:00:00.000Z,63.4,60.5,73.8,71.4,70.3
איכילוב,75.3,2021-08-22T00:00:00.000Z,74.5,81.6,123.1,119.6,113.2
רבין ק. השרון,71.9,2021-08-22T00:00:00.000Z,60.2,39.6,79.7,66.6,54.9
פוריה,52.6,2021-08-22T00:00:00.000Z,59.7,51.1,71.8,72.8,65.6
לניאדו,94.9,2021-08-22T00:00:00.000Z,92.5,77.7,104.2,99.5,89.4
הכרמל,49.1,2021-08-22T00:00:00.000Z,50,57.5,69.7,71.1,64.8
זיו צפת,92.2,2021-08-22T00:00:00.000Z,87.5,81.7,85.6,77.8,73.4
יוספטל,43.8,2021-08-22T00:00:00.000Z,62.5,65.2,52.3,49.2,50.1
ברזילי,76.6,2021-08-22T00:00:00.000Z,73.7,74.6,80,80.3,71.2
"רמב""ם",76.3,2021-08-22T00:00:00.000Z,76,81.4,83.9,82.5,93.4
הלל יפה,77.4,2021-08-22T00:00:00.000Z,81.3,82.1,90.3,91.6,81.6
שיבא,90.4,2021-08-22T00:00:00.000Z,90.1,75.2,100.5,98.4,97
נהריה,77.9,2021-08-22T00:00:00.000Z,78.6,70,84.5,82.4,75.5
הדסה עין כרם,116.5,2021-08-22T00:00:00.000Z,115.4,120.5,86.6,88.7,119.7
שמואל הרופא,5.6,2021-08-22T00:00:00.000Z,5.6,76.6,72.7,73.7,81.7
מעייני הישועה,96.4,2021-08-22T00:00:00.000Z,93.6,100.5,120.9,115.3,109.6
אסותא אשדוד,150.8,2021-08-22T00:00:00.000Z,145.3,,131.1,131.6,
קפלן,58.7,2021-08-22T00:00:00.000Z,60.6,65.5,75.4,71.4,74.5
שערי צדק,77.3,2021-08-22T00:00:00.000Z,88.8,85.1,92.5,94.9,94.5
מאיר,73.5,2021-08-22T00:00:00.000Z,66.4,68.9,77.2,73.8,64.7
הדסה הר הצופים,83.3,2021-08-22T00:00:00.000Z,61.9,162.3,70.1,71.1,100.8
המרכזי בעמק,80,2021-08-22T00:00:00.000Z,77.7,74,70,68.1,71
וולפסון,54.9,2021-08-23T00:00:00.000Z,53.8,67.6,76.7,74.4,66.3
שמיר,78,2021-08-23T00:00:00.000Z,76.6,64.5,77.9,74.7,63.8
בני ציון,81.8,2021-08-23T00:00:00.000Z,72.7,78.2,88.9,83,82.9
רבין ק. בילינסון,79.7,2021-08-23T00:00:00.000Z,78.2,75.2,82.1,80.6,76
סורוקה,64.3,2021-08-23T00:00:00.000Z,62.6,60.5,76.9,71.5,70.2
איכילוב,75.7,2021-08-23T00:00:00.000Z,74.9,81.7,126,119.7,113.6
רבין ק. השרון,75.4,2021-08-23T00:00:00.000Z,61.7,38.7,78,68,55.4
פוריה,53.8,2021-08-23T00:00:00.000Z,58.1,51.6,67.9,72.5,65.1
לניאדו,79.5,2021-08-23T00:00:00.000Z,93,78,92.8,100,88.2
הכרמל,54.7,2021-08-23T00:00:00.000Z,49.3,57.5,68.1,70.6,64.6
זיו צפת,89.1,2021-08-23T00:00:00.000Z,86.6,82.4,83.3,78.3,73.5
יוספטל,43.8,2021-08-23T00:00:00.000Z,58.9,67,56.9,50.8,50.5
ברזילי,72.4,2021-08-23T00:00:00.000Z,73.6,73.6,81.3,79.8,71.1
"רמב""ם",82.3,2021-08-23T00:00:00.000Z,76.6,81,84.7,82,93.9
הלל יפה,81.5,2021-08-23T00:00:00.000Z,78.6,80.7,96.1,90.5,81.2
שיבא,91.6,2021-08-23T00:00:00.000Z,89.8,75.7,100.8,98.1,96.9
נהריה,77.9,2021-08-23T00:00:00.000Z,75.9,71.1,88.1,81.9,76.3
הדסה עין כרם,119.4,2021-08-23T00:00:00.000Z,115.8,119.1,91.1,88.3,115.5
שמואל הרופא,5.6,2021-08-23T00:00:00.000Z,5.6,77,71.8,73.6,81.4
מעייני הישועה,87.5,2021-08-23T00:00:00.000Z,92.6,101.9,113,115.6,110.6
אסותא אשדוד,144.1,2021-08-23T00:00:00.000Z,144.6,,138.2,131.7,
קפלן,55.3,2021-08-23T00:00:00.000Z,58.6,65,77.7,71.1,74.4
שערי צדק,76.7,2021-08-23T00:00:00.000Z,87,84.8,97.7,94.5,94.2
מאיר,76,2021-08-23T00:00:00.000Z,65.9,69.3,78.7,73.2,64.6
כלל המוסדות,76,2021-08-23T00:00:00.000Z,74.3,74.8,88.2,84.6,82.9
הדסה הר הצופים,75,2021-08-23T00:00:00.000Z,66.3,152.8,68.8,71.6,97.8
המרכזי בעמק,80,2021-08-23T00:00:00.000Z,77.7,73.7,67.8,68,70.6
וולפסון,47.1,2021-08-24T00:00:00.000Z,53.6,67.6,71.3,74.3,66.7
שמיר,78.4,2021-08-24T00:00:00.000Z,76.3,64.2,78.7,74.3,63.6
בני ציון,85.1,2021-08-24T00:00:00.000Z,72.6,77.9,86.6,82.6,82.5
רבין ק. בילינסון,75.3,2021-08-24T00:00:00.000Z,77.2,73.6,80,80,75.5
סורוקה,65.5,2021-08-24T00:00:00.000Z,62.5,60.9,77.5,72.1,70.2
איכילוב,72.7,2021-08-24T00:00:00.000Z,74.6,81.6,122.5,119.5,114.1
רבין ק. השרון,63.2,2021-08-24T00:00:00.000Z,64.7,38.5,68.5,69.5,55.5
פוריה,61.5,2021-08-24T00:00:00.000Z,55.5,50.4,73.2,70.7,63.6
לניאדו,79.5,2021-08-24T00:00:00.000Z,91.8,77.4,101.4,99.2,87.7
הכרמל,50.9,2021-08-24T00:00:00.000Z,49.7,57.4,69.3,69.7,64.5
זיו צפת,93.8,2021-08-24T00:00:00.000Z,84.2,81,85.6,78.3,74.6
יוספטל,62.5,2021-08-24T00:00:00.000Z,58,62.5,64.6,53.6,50.1
ברזילי,72.9,2021-08-24T00:00:00.000Z,72.8,73.1,85.1,79.3,71.1
"רמב""ם",77.8,2021-08-24T00:00:00.000Z,77.1,80.7,86.2,81.6,94.5
הלל יפה,73.3,2021-08-24T00:00:00.000Z,77.3,78.7,85,90.2,80.5
שיבא,88.3,2021-08-24T00:00:00.000Z,89.8,75.4,100.6,97.9,96.6
נהריה,70,2021-08-24T00:00:00.000Z,74.7,72,84.1,82.2,77.2
הדסה עין כרם,122.3,2021-08-24T00:00:00.000Z,115.3,117.3,93.1,88.3,110.9
שמואל הרופא,5.6,2021-08-24T00:00:00.000Z,5.6,76.2,66.3,73.4,80.8
מעייני הישועה,85.7,2021-08-24T00:00:00.000Z,90.8,101.9,116.5,115.1,109.4
אסותא אשדוד,145.8,2021-08-24T00:00:00.000Z,144.8,,132.8,132.2,
קפלן,54.7,2021-08-24T00:00:00.000Z,56.2,65,73.1,71.7,74.6
שערי צדק,84,2021-08-24T00:00:00.000Z,84.5,83.9,102.6,94.4,94.5
מאיר,72,2021-08-24T00:00:00.000Z,66.6,68,76.1,73.3,64.1
כלל המוסדות,73.9,2021-08-24T00:00:00.000Z,73.9,74.2,87.6,84.7,82.9
הדסה הר הצופים,72.2,2021-08-24T00:00:00.000Z,67.9,140.9,75.7,70.7,94.2
המרכזי בעמק,76.8,2021-08-24T00:00:00.000Z,77.9,75.1,67.6,67.9,71.5
וולפסון,44.7,2021-08-25T00:00:00.000Z,52.7,68.1,71.7,73,66.5
שמואל הרופא,5.6,2021-08-25T00:00:00.000Z,5.6,75.8,63.6,72.4,80.2
שמיר,79.9,2021-08-25T00:00:00.000Z,76,64.4,80,74.3,63
בני ציון,87.6,2021-08-25T00:00:00.000Z,73.6,78,91.5,82.1,82.2
רבין ק. בילינסון,82.4,2021-08-25T00:00:00.000Z,76.3,73.1,80,79.2,74.9
סורוקה,66.7,2021-08-25T00:00:00.000Z,63.3,63,74.9,73,70.3
איכילוב,71,2021-08-25T00:00:00.000Z,74.8,81,124.6,119.1,113.1
רבין ק. השרון,38.6,2021-08-25T00:00:00.000Z,66.4,38.8,55.2,69.9,55.1
פוריה,47.4,2021-08-25T00:00:00.000Z,55.5,51.5,66.5,69.5,64
לניאדו,80.8,2021-08-25T00:00:00.000Z,90.3,76.5,105.3,98.3,88.3
הכרמל,51.9,2021-08-25T00:00:00.000Z,50,56.7,70.6,68.9,64.2
זיו צפת,75,2021-08-25T00:00:00.000Z,85.7,79.5,88.8,78.7,75.5
יוספטל,75,2021-08-25T00:00:00.000Z,59.8,59.8,55.4,56,49.7
ברזילי,74,2021-08-25T00:00:00.000Z,72,70.3,85.9,78.5,70.7
"רמב""ם",76.3,2021-08-25T00:00:00.000Z,77.3,79.7,85.7,81.7,95.5
הלל יפה,76,2021-08-25T00:00:00.000Z,76.8,78.3,84.1,88.4,80.5
שיבא,87,2021-08-25T00:00:00.000Z,89.8,75.1,97.2,97.5,96.3
נהריה,70.5,2021-08-25T00:00:00.000Z,73.8,72.4,84.9,81.9,76.9
הדסה עין כרם,117.5,2021-08-25T00:00:00.000Z,115.4,116.2,92.2,88.4,106.7
מעייני הישועה,89.3,2021-08-25T00:00:00.000Z,88.5,101.1,109.2,115.2,108
אסותא אשדוד,150.8,2021-08-25T00:00:00.000Z,144.6,,142,131.7,
קפלן,52,2021-08-25T00:00:00.000Z,55.8,65.9,74.7,72.4,74.6
שערי צדק,81.3,2021-08-25T00:00:00.000Z,83.7,83.1,98.1,94.9,94.5
מאיר,63.5,2021-08-25T00:00:00.000Z,67.6,66.3,73.4,73.3,63.1
כלל המוסדות,72.2,2021-08-25T00:00:00.000Z,73.9,73.9,86.7,84.8,82.7
הדסה הר הצופים,80.6,2021-08-25T00:00:00.000Z,69,132.5,76,70.3,91.3
המרכזי בעמק,69.7,2021-08-25T00:00:00.000Z,79.2,79.4,63.4,68.2,72.8
וולפסון,46.7,2021-08-26T00:00:00.000Z,51.4,68,65.7,71.6,65.9
שמואל הרופא,5.6,2021-08-26T00:00:00.000Z,5.6,76.6,60.4,70.8,80
בני ציון,69.4,2021-08-26T00:00:00.000Z,75.9,77.2,80.1,82.5,81.6
רבין ק. בילינסון,68.7,2021-08-26T00:00:00.000Z,77,73.1,73.5,78.8,74.3
סורוקה,59.3,2021-08-26T00:00:00.000Z,63.8,63.7,68.6,73,70.1
איכילוב,72.3,2021-08-26T00:00:00.000Z,74,79,118.2,119,113.2
רבין ק. השרון,43,2021-08-26T00:00:00.000Z,64,39.3,53.9,68.5,53.8
פוריה,42.3,2021-08-26T00:00:00.000Z,53.8,52.4,67.3,68.5,64.1
זיו צפת,62.5,2021-08-26T00:00:00.000Z,83.3,80.6,66.6,79.2,77.9
שמיר,74.9,2021-08-26T00:00:00.000Z,76.5,65.4,74.2,74.2,62.8
לניאדו,70.5,2021-08-26T00:00:00.000Z,87.9,75.3,102.8,97.5,87.9
הכרמל,47.2,2021-08-26T00:00:00.000Z,50.7,55.7,65.6,68.1,63.5
שיבא,87,2021-08-26T00:00:00.000Z,90,73.8,96.5,97.4,95.8
ברזילי,76.6,2021-08-26T00:00:00.000Z,72.1,68.2,82.6,78.8,70.7
יוספטל,81.3,2021-08-26T00:00:00.000Z,61.6,55.4,49.2,56.3,49
"רמב""ם",69.2,2021-08-26T00:00:00.000Z,76.8,79.4,83.4,81.7,95.9
הלל יפה,71.9,2021-08-26T00:00:00.000Z,76.9,78.8,77.3,86.9,80.7
נהריה,75.8,2021-08-26T00:00:00.000Z,73.7,72.3,81,82.1,76
הדסה עין כרם,112.6,2021-08-26T00:00:00.000Z,115.1,116,86.1,88.1,102.5
מעייני הישועה,85.7,2021-08-26T00:00:00.000Z,88,100.5,108.9,114.2,106.8
אסותא אשדוד,157.6,2021-08-26T00:00:00.000Z,144.8,,135.2,132.1,
קפלן,48,2021-08-26T00:00:00.000Z,55.1,65.8,70.3,72.6,73.7
שערי צדק,79.3,2021-08-26T00:00:00.000Z,82.6,82.9,94.5,94.4,94.8
מאיר,72.5,2021-08-26T00:00:00.000Z,68.4,65.4,69.9,73.7,62.1
כלל המוסדות,69.6,2021-08-26T00:00:00.000Z,73.7,73.4,82.3,84.5,82.2
הדסה הר הצופים,72.2,2021-08-26T00:00:00.000Z,73,119.8,76.7,70.7,87.4
המרכזי בעמק,69.7,2021-08-26T00:00:00.000Z,78.4,78.9,64.7,67.7,72.4
וולפסון,52.9,2021-08-27T00:00:00.000Z,50.8,68.9,65,71.1,65.9
שמואל הרופא,5.6,2021-08-27T00:00:00.000Z,5.6,77.4,58.1,68.9,79.9
כלל המוסדות,71,2021-08-27T00:00:00.000Z,73.7,73.1,76.6,84.4,81.7
בני ציון,73.6,2021-08-27T00:00:00.000Z,76.3,76.6,77.1,82,80.6
רבין ק. בילינסון,70.5,2021-08-27T00:00:00.000Z,76.9,72.9,70.8,78.2,73.6
סורוקה,58.1,2021-08-27T00:00:00.000Z,64.5,65,66.9,72.9,70.2
איכילוב,70.3,2021-08-27T00:00:00.000Z,74,78.5,99.7,118.9,112.8
רבין ק. השרון,40.4,2021-08-27T00:00:00.000Z,61.2,39,49.4,67,52.6
פוריה,57.7,2021-08-27T00:00:00.000Z,52.6,52.4,62,68.5,64.2
זיו צפת,82.8,2021-08-27T00:00:00.000Z,81,81.9,64.6,78,79.2
שמיר,74.9,2021-08-27T00:00:00.000Z,76.4,65.9,70.5,74.2,62.7
לניאדו,82.1,2021-08-27T00:00:00.000Z,84.6,72.7,84.4,96.7,86.8
שיבא,75.7,2021-08-27T00:00:00.000Z,89.8,73.3,89.2,97.4,95.6
ברזילי,71.4,2021-08-27T00:00:00.000Z,73.8,66.5,74.5,79.8,69.7
יוספטל,81.3,2021-08-27T00:00:00.000Z,63.4,53.6,52.3,54.9,50.1
"רמב""ם",79.3,2021-08-27T00:00:00.000Z,76.7,79.4,76.8,82.2,96.2
הלל יפה,75.3,2021-08-27T00:00:00.000Z,77.6,78,75.9,85.7,80.6
נהריה,77.4,2021-08-27T00:00:00.000Z,74.7,72.2,77.1,82.6,74.5
הדסה עין כרם,116.5,2021-08-27T00:00:00.000Z,116.6,116.4,81.2,87.9,99.6
מעייני הישועה,91.1,2021-08-27T00:00:00.000Z,87,101.9,102.5,112.5,105.8
אסותא אשדוד,147.5,2021-08-27T00:00:00.000Z,146.5,,126.6,132.5,
קפלן,43.3,2021-08-27T00:00:00.000Z,54.7,65.3,62.2,72.7,73.1
שערי צדק,82,2021-08-27T00:00:00.000Z,81.5,83.1,85.7,94.6,94.8
מאיר,70,2021-08-27T00:00:00.000Z,71,65,68.6,74.2,61.4
הכרמל,49.1,2021-08-27T00:00:00.000Z,50.3,54.9,62,67.3,62.9
הדסה הר הצופים,88.9,2021-08-27T00:00:00.000Z,73.8,105.2,70.5,71.1,83.8
המרכזי בעמק,80,2021-08-27T00:00:00.000Z,77.6,78.7,65.6,67.5,72.4
וולפסון,59,2021-08-28T00:00:00.000Z,50.8,70.7,69.1,70.9,66.3
שמואל הרופא,5.6,2021-08-28T00:00:00.000Z,5.6,79.4,58.4,66.7,80
בני ציון,80.2,2021-08-28T00:00:00.000Z,77.2,74.3,79.9,82.8,78.9
רבין ק. בילינסון,79.3,2021-08-28T00:00:00.000Z,77.2,73.1,77.2,78.1,73.4
סורוקה,63.2,2021-08-28T00:00:00.000Z,64,64.8,71.9,73,69.4
איכילוב,77.3,2021-08-28T00:00:00.000Z,73.5,76.9,109.2,118,111.8
רבין ק. השרון,47.4,2021-08-28T00:00:00.000Z,57.8,39.5,54.8,65.1,52.6
פוריה,55.1,2021-08-28T00:00:00.000Z,53.7,52.7,67.3,67.8,65.1
זיו צפת,89.1,2021-08-28T00:00:00.000Z,83,81.3,67.7,78.2,79.5
שמיר,81.1,2021-08-28T00:00:00.000Z,76.8,66.5,74.9,74.7,63.2
לניאדו,92.3,2021-08-28T00:00:00.000Z,84.1,71.3,91.4,97.3,86.5
שיבא,94.1,2021-08-28T00:00:00.000Z,88.5,72.7,96,97.3,95.4
ברזילי,77.6,2021-08-28T00:00:00.000Z,74.3,64.3,77,80.7,69.2
יוספטל,87.5,2021-08-28T00:00:00.000Z,66.1,56.3,56.9,54.7,51.9
"רמב""ם",85.4,2021-08-28T00:00:00.000Z,77.2,79.1,83.4,82.5,96.4
הלל יפה,85.6,2021-08-28T00:00:00.000Z,77,78.6,85.6,84.9,81.3
נהריה,82.6,2021-08-28T00:00:00.000Z,75.6,70.8,82.5,83.2,72.5
הדסה עין כרם,129.1,2021-08-28T00:00:00.000Z,117.8,116.2,84.5,87.9,99.9
מעייני הישועה,83.9,2021-08-28T00:00:00.000Z,88,102.2,96.8,110.9,104.9
אסותא אשדוד,135.6,2021-08-28T00:00:00.000Z,146.7,,116.7,131.9,
קפלן,50,2021-08-28T00:00:00.000Z,53.5,65.4,68.2,72.2,72.7
שערי צדק,82.7,2021-08-28T00:00:00.000Z,81.1,82.8,87.7,94.5,93.9
מאיר,75,2021-08-28T00:00:00.000Z,71.7,64.1,73.4,74.3,60.9
הכרמל,50,2021-08-28T00:00:00.000Z,50.5,53.9,67.3,67.4,63.6
כלל המוסדות,77.7,2021-08-28T00:00:00.000Z,73.8,72.7,81.4,84.3,81.4
הדסה הר הצופים,100,2021-08-28T00:00:00.000Z,77.8,105.6,69.4,71.8,83.8
המרכזי בעמק,91,2021-08-28T00:00:00.000Z,78.1,78,73.8,67.4,72.3
כלל המוסדות,77.4,2021-08-29T00:00:00.000Z,73.7,72.4,85.1,84.2,81.1
וולפסון,58.2,2021-08-29T00:00:00.000Z,51.1,71.9,70.6,70.5,66.5
שמואל הרופא,5.6,2021-08-29T00:00:00.000Z,5.6,80.2,58.1,64.5,80
בני ציון,79.3,2021-08-29T00:00:00.000Z,79,74,76.9,83.7,76.9
רבין ק. בילינסון,85.5,2021-08-29T00:00:00.000Z,77.2,74.3,82,78,73.5
סורוקה,69,2021-08-29T00:00:00.000Z,62.8,64.7,74.8,72.9,69
איכילוב,79,2021-08-29T00:00:00.000Z,73.5,75.1,123.7,117.6,111
רבין ק. השרון,49.1,2021-08-29T00:00:00.000Z,54.3,40.9,60.6,62.8,52.7
פוריה,50,2021-08-29T00:00:00.000Z,52.9,51.3,76.3,68,65.1
זיו צפת,89.1,2021-08-29T00:00:00.000Z,83.5,81.7,84.7,77.4,79.7
שמיר,81.9,2021-08-29T00:00:00.000Z,77.6,68.1,78.8,75.5,63.3
לניאדו,98.7,2021-08-29T00:00:00.000Z,82.8,70,108.1,97.5,85.9
שיבא,84.9,2021-08-29T00:00:00.000Z,87.7,72,98.9,97.3,94.9
ברזילי,80.2,2021-08-29T00:00:00.000Z,74.5,62.9,85.9,80.9,68.7
יוספטל,43.8,2021-08-29T00:00:00.000Z,67.9,53.6,50.8,55.4,54.9
"רמב""ם",79.8,2021-08-29T00:00:00.000Z,78.1,78.2,88.4,83.4,96.3
הלל יפה,78.8,2021-08-29T00:00:00.000Z,77.3,78.9,82.9,84.9,80.9
נהריה,78.9,2021-08-29T00:00:00.000Z,76,68.2,85.9,83.2,70.8
הדסה עין כרם,125.2,2021-08-29T00:00:00.000Z,119.1,116.1,88.6,87.8,100.4
מעייני הישועה,96.4,2021-08-29T00:00:00.000Z,88.5,103.2,113.3,109.7,104.7
אסותא אשדוד,157.6,2021-08-29T00:00:00.000Z,147.5,,130.4,131.8,
קפלן,61.3,2021-08-29T00:00:00.000Z,51.7,65.4,73,71.7,71.7
שערי צדק,82.7,2021-08-29T00:00:00.000Z,80.5,82.4,98.1,94.1,94.1
מאיר,71.5,2021-08-29T00:00:00.000Z,71.8,63.4,72.5,73.9,60.4
הכרמל,45.3,2021-08-29T00:00:00.000Z,50.4,52.8,72.6,67.5,64.3
הדסה הר הצופים,91.7,2021-08-29T00:00:00.000Z,81.7,106,74,72.5,84
המרכזי בעמק,83.9,2021-08-29T00:00:00.000Z,78.2,76.6,76.9,67.5,72
וולפסון,59.4,2021-08-30T00:00:00.000Z,51.9,73.1,77.6,70,66.6
שמואל הרופא,5.6,2021-08-30T00:00:00.000Z,5.6,80.6,57.5,62.4,80.1
כלל המוסדות,76.6,2021-08-30T00:00:00.000Z,74,72.1,85.4,84,80.7
בני ציון,76.9,2021-08-30T00:00:00.000Z,79.6,73.3,76.9,83,75
רבין ק. בילינסון,84.6,2021-08-30T00:00:00.000Z,77.3,75.5,80.3,77.9,73.3
המרכזי בעמק,76.1,2021-08-30T00:00:00.000Z,78.7,75.2,71.8,68.5,71.7
סורוקה,72.5,2021-08-30T00:00:00.000Z,63.7,64.1,76,73.1,68.6
איכילוב,76.7,2021-08-30T00:00:00.000Z,74,74,126.7,117.7,110.4
רבין ק. השרון,43,2021-08-30T00:00:00.000Z,51,43,57.3,60,53
פוריה,52.6,2021-08-30T00:00:00.000Z,52.6,49.6,73.8,68.7,64.9
זיו צפת,90.6,2021-08-30T00:00:00.000Z,83,81.3,89,77.3,79.4
שמיר,86.1,2021-08-30T00:00:00.000Z,78.4,69.1,77.8,76.4,63.5
לניאדו,98.7,2021-08-30T00:00:00.000Z,83.3,69.4,105.6,98,86
שיבא,85.8,2021-08-30T00:00:00.000Z,87,71.7,100.4,97,94.6
ברזילי,72.4,2021-08-30T00:00:00.000Z,75,61.7,81.1,81.8,67.8
יוספטל,25,2021-08-30T00:00:00.000Z,67.9,51.8,49.2,55.2,56.9
"רמב""ם",79.8,2021-08-30T00:00:00.000Z,78.6,77.8,87,84.1,96.1
הלל יפה,82.2,2021-08-30T00:00:00.000Z,77.5,80.1,82.5,83.9,81
נהריה,72.6,2021-08-30T00:00:00.000Z,76.2,66.6,83.7,83.4,69.8
הדסה עין כרם,126.2,2021-08-30T00:00:00.000Z,120.4,116,90.9,88.1,101.1
מעייני הישועה,94.6,2021-08-30T00:00:00.000Z,88.5,105.7,109.2,108.6,104.6
אסותא אשדוד,166.1,2021-08-30T00:00:00.000Z,148.4,,135.2,131.7,
קפלן,59.3,2021-08-30T00:00:00.000Z,52.1,64.1,72.6,71.3,70.9
שערי צדק,83.3,2021-08-30T00:00:00.000Z,81.2,81.9,101.8,94.9,93.9
מאיר,71.5,2021-08-30T00:00:00.000Z,71.5,60.6,75.2,73.2,59.5
הכרמל,36.8,2021-08-30T00:00:00.000Z,49.9,51.6,67.5,67.9,64.8
הדסה הר הצופים,100,2021-08-30T00:00:00.000Z,82.9,106,74.7,73,85.4
וולפסון,54.9,2021-08-31T00:00:00.000Z,52.6,72.9,74.8,70.2,65.9
שמואל הרופא,5.6,2021-08-31T00:00:00.000Z,5.6,81.3,59.5,60.3,80.4
בני ציון,75.2,2021-08-31T00:00:00.000Z,78.9,73.4,70.7,81.3,73.7
רבין ק. בילינסון,80.2,2021-08-31T00:00:00.000Z,78,77.3,79,77.7,73.6
המרכזי בעמק,69,2021-08-31T00:00:00.000Z,78.2,73,70.4,69.1,70.8
סורוקה,69.8,2021-08-31T00:00:00.000Z,64.9,62.6,71.9,72.9,68.4
איכילוב,75,2021-08-31T00:00:00.000Z,74.2,73.6,125.7,117.8,109.8
רבין ק. השרון,46.5,2021-08-31T00:00:00.000Z,46.4,43,58.9,57.1,52.4
פוריה,50,2021-08-31T00:00:00.000Z,52.4,49.5,74.9,69.5,64.5
זיו צפת,84.4,2021-08-31T00:00:00.000Z,83.3,82.6,82.1,78.1,78.4
שמיר,78.4,2021-08-31T00:00:00.000Z,79.6,69.1,77.1,76.4,63.8
לניאדו,89.7,2021-08-31T00:00:00.000Z,86.1,69.1,104.2,99.8,85.8
שיבא,79.1,2021-08-31T00:00:00.000Z,86.1,71.8,100.2,97,94.5
ברזילי,67.2,2021-08-31T00:00:00.000Z,75,59.6,79.5,81.7,67.4
יוספטל,25,2021-08-31T00:00:00.000Z,65.2,50.9,49.2,54.1,57.4
"רמב""ם",76.8,2021-08-31T00:00:00.000Z,78.2,77.5,88,84.4,95.4
הלל יפה,73.3,2021-08-31T00:00:00.000Z,77.6,81.3,80,81.9,81.2
נהריה,69.5,2021-08-31T00:00:00.000Z,75.4,65.3,83.3,82.7,69
הדסה עין כרם,124.3,2021-08-31T00:00:00.000Z,121.4,117.3,90.5,88.1,102
מעייני הישועה,92.9,2021-08-31T00:00:00.000Z,89.5,107.8,114.2,108,104.5
אסותא אשדוד,157.6,2021-08-31T00:00:00.000Z,151.6,,136.5,131.3,
קפלן,58,2021-08-31T00:00:00.000Z,52.7,64,72.8,70.6,70.3
שערי צדק,84,2021-08-31T00:00:00.000Z,82.2,81,102.6,95.5,93.4
מאיר,70.5,2021-08-31T00:00:00.000Z,70.9,59.1,72.8,72.7,58.6
הכרמל,37.7,2021-08-31T00:00:00.000Z,47.3,51.1,70.8,67.8,65.8
כלל המוסדות,72.8,2021-08-31T00:00:00.000Z,74.1,71.9,84.6,83.6,80.2
הדסה הר הצופים,83.3,2021-08-31T00:00:00.000Z,86.5,108.7,81.3,73.9,85.5
וולפסון,53.7,2021-09-01T00:00:00.000Z,53.7,73.1,76,70.7,65.6
שמואל הרופא,5.6,2021-09-01T00:00:00.000Z,5.6,80.2,62.5,59.4,80.4
בני ציון,76,2021-09-01T00:00:00.000Z,77.4,73.9,78.5,79,73.2
רבין ק. בילינסון,82.8,2021-09-01T00:00:00.000Z,78.7,77.8,80.3,77.6,73.7
המרכזי בעמק,83.9,2021-09-01T00:00:00.000Z,77.1,68.7,72.3,69.5,70
סורוקה,71.3,2021-09-01T00:00:00.000Z,65.5,60.7,72.4,72.1,68.4
איכילוב,67.7,2021-09-01T00:00:00.000Z,74.5,74.1,116.7,118.3,110
רבין ק. השרון,61.4,2021-09-01T00:00:00.000Z,44,42.7,66.4,55.7,52.4
פוריה,56.4,2021-09-01T00:00:00.000Z,50.7,50.4,79.2,69.7,63.1
זיו צפת,62.5,2021-09-01T00:00:00.000Z,81.9,82.1,75.8,77.6,76.9
שמיר,80.7,2021-09-01T00:00:00.000Z,79.6,69.3,77.1,76.2,64.3
לניאדו,92.3,2021-09-01T00:00:00.000Z,87.5,69.7,97.8,100.2,85.9
שיבא,82,2021-09-01T00:00:00.000Z,84.8,72.7,99.1,96.9,94.4
ברזילי,60.4,2021-09-01T00:00:00.000Z,74.2,59.7,79.5,80.9,67.2
יוספטל,37.5,2021-09-01T00:00:00.000Z,59.8,50,46.2,51.9,57.8
"רמב""ם",81.8,2021-09-01T00:00:00.000Z,78.1,78,91.3,84.7,94.7
הלל יפה,76,2021-09-01T00:00:00.000Z,77.6,80.6,82.1,81.2,81.1
נהריה,68.4,2021-09-01T00:00:00.000Z,75.3,63.7,82.5,82.6,68.8
הדסה עין כרם,123.3,2021-09-01T00:00:00.000Z,121.6,119.3,88.1,87.7,102.5
מעייני הישועה,92.9,2021-09-01T00:00:00.000Z,90.6,108.1,113.9,107.7,104.7
אסותא אשדוד,155.9,2021-09-01T00:00:00.000Z,153.3,,137.9,131.8,
קפלן,61.3,2021-09-01T00:00:00.000Z,53.1,64.7,77.2,70.5,70
שערי צדק,82.7,2021-09-01T00:00:00.000Z,82.2,80,102.2,95.5,93.1
מאיר,67.5,2021-09-01T00:00:00.000Z,70.6,57.4,71.3,72.3,57.7
הכרמל,40.6,2021-09-01T00:00:00.000Z,45.4,51.6,74.8,68,67.6
כלל המוסדות,73.6,2021-09-01T00:00:00.000Z,73.9,71.8,84.5,83.2,79.9
הדסה הר הצופים,77.8,2021-09-01T00:00:00.000Z,88.1,108.3,78.1,74.7,85.2
וולפסון,51.6,2021-09-02T00:00:00.000Z,55,72.4,71,71.3,65.3
שמואל הרופא,5.6,2021-09-02T00:00:00.000Z,5.6,77.8,64.2,59.2,80
בני ציון,74.4,2021-09-02T00:00:00.000Z,75.8,74.9,77.4,77.2,73
רבין ק. בילינסון,72.7,2021-09-02T00:00:00.000Z,78.8,77.2,72.8,77.6,73.8
המרכזי בעמק,72.9,2021-09-02T00:00:00.000Z,79.1,67.1,68.7,70.8,70
סורוקה,55,2021-09-02T00:00:00.000Z,66.2,60.7,69.1,71.8,69
איכילוב,56.3,2021-09-02T00:00:00.000Z,74,73.4,111.3,117.1,110.1
רבין ק. השרון,45.6,2021-09-02T00:00:00.000Z,47.2,41.5,61.4,57.3,53.3
פוריה,50,2021-09-02T00:00:00.000Z,52,50.4,78.3,71.5,62.7
זיו צפת,64.1,2021-09-02T00:00:00.000Z,80.1,81.3,64.6,75.8,74.6
שמיר,78.4,2021-09-02T00:00:00.000Z,79.7,69.8,69.1,75.8,64.9
לניאדו,97.4,2021-09-02T00:00:00.000Z,89.2,70.4,105.3,99.2,86.4
שיבא,77,2021-09-02T00:00:00.000Z,84.1,73.7,96.7,97.2,94.1
ברזילי,59.9,2021-09-02T00:00:00.000Z,72.2,59,74,80,66.6
יוספטל,62.5,2021-09-02T00:00:00.000Z,54.5,50,61.5,50.5,58.9
"רמב""ם",77.3,2021-09-02T00:00:00.000Z,78.9,77.5,84.2,85.5,94.2
הלל יפה,70.5,2021-09-02T00:00:00.000Z,77.6,79,84.3,80.9,80.4
נהריה,62.1,2021-09-02T00:00:00.000Z,75,62.2,77.3,82.3,68.2
הדסה עין כרם,114.6,2021-09-02T00:00:00.000Z,122.5,119.8,84.7,87.1,104.2
מעייני הישועה,89.3,2021-09-02T00:00:00.000Z,91.1,108.6,117.1,108.4,104.8
אסותא אשדוד,167.8,2021-09-02T00:00:00.000Z,154,,142,131.2,
קפלן,56,2021-09-02T00:00:00.000Z,54.5,65.6,73.1,70.9,70.3
שערי צדק,81.3,2021-09-02T00:00:00.000Z,82.4,79,97.9,96.1,92.7
מאיר,67.5,2021-09-02T00:00:00.000Z,71.2,57.4,71.2,72,57.9
הכרמל,42.5,2021-09-02T00:00:00.000Z,43.8,53,68.9,68.7,69.7
כלל המוסדות,68.3,2021-09-02T00:00:00.000Z,74.1,71.5,81.1,82.8,79.7
הדסה הר הצופים,66.7,2021-09-02T00:00:00.000Z,87.7,100,73.6,75,83.9
וולפסון,55.3,2021-09-03T00:00:00.000Z,55.7,72.4,63.5,72,65.2
שמואל הרופא,5.6,2021-09-03T00:00:00.000Z,5.6,74.2,66,59.7,79.6
בני ציון,75.2,2021-09-03T00:00:00.000Z,76.5,76.4,72.3,76.8,74.8
רבין ק. בילינסון,78,2021-09-03T00:00:00.000Z,79.4,77.3,69.6,77.5,74.3
המרכזי בעמק,75.5,2021-09-03T00:00:00.000Z,79.5,66.5,67.1,71.4,70.6
סורוקה,53.9,2021-09-03T00:00:00.000Z,65.6,60.2,64.5,71.8,69.6
איכילוב,57,2021-09-03T00:00:00.000Z,71.8,72.8,94.4,116.1,110.5
רבין ק. השרון,49.1,2021-09-03T00:00:00.000Z,47.6,40.6,48.1,58.4,53.8
פוריה,52.6,2021-09-03T00:00:00.000Z,53.1,50.7,66.5,73.1,62.9
זיו צפת,71.9,2021-09-03T00:00:00.000Z,80.4,81,61.7,75.5,72.2
שמיר,76.1,2021-09-03T00:00:00.000Z,80.2,69.1,66.8,75,65
לניאדו,96.2,2021-09-03T00:00:00.000Z,93,70.2,81.9,99.5,87.1
שיבא,78.7,2021-09-03T00:00:00.000Z,82.7,75.4,90.4,97.2,94
ברזילי,60.9,2021-09-03T00:00:00.000Z,69.9,58.9,68.4,78.8,67.2
יוספטל,75,2021-09-03T00:00:00.000Z,51.8,50.9,50.8,52.3,58.5
"רמב""ם",80.8,2021-09-03T00:00:00.000Z,80,77.1,79.8,85.6,93.9
הלל יפה,72.6,2021-09-03T00:00:00.000Z,77.4,76.9,76.7,81.9,79.3
נהריה,68.9,2021-09-03T00:00:00.000Z,73.1,61.1,75.9,81.7,68.6
הדסה עין כרם,122.3,2021-09-03T00:00:00.000Z,122.7,122.9,80.4,86.9,105.8
מעייני הישועה,82.1,2021-09-03T00:00:00.000Z,91.6,106.2,114.2,109.6,105.7
אסותא אשדוד,144.1,2021-09-03T00:00:00.000Z,155.4,,129,132.2,
קפלן,55.3,2021-09-03T00:00:00.000Z,55.6,66.3,67.7,71.3,70.3
שערי צדק,77.3,2021-09-03T00:00:00.000Z,82.7,77.6,85.5,96.6,93.2
מאיר,68.5,2021-09-03T00:00:00.000Z,70.5,56.9,69.3,72.1,57.9
הכרמל,43.4,2021-09-03T00:00:00.000Z,43.1,53.9,65,69.1,71.3
כלל המוסדות,69.5,2021-09-03T00:00:00.000Z,73.9,71.3,74.9,82.7,79.7
הדסה הר הצופים,61.1,2021-09-03T00:00:00.000Z,86.9,90.5,68.4,74.5,82.6
וולפסון,59.4,2021-09-04T00:00:00.000Z,56,71.4,67.6,71.8,64.6
שמואל הרופא,5.6,2021-09-04T00:00:00.000Z,5.6,70.2,66.9,60.9,79.4
כלל המוסדות,76,2021-09-04T00:00:00.000Z,73.7,71.5,79.6,82.4,79.9
בני ציון,84.3,2021-09-04T00:00:00.000Z,76.7,78.5,81.3,76.1,76.8
רבין ק. בילינסון,85.5,2021-09-04T00:00:00.000Z,80.4,77,73.4,77.3,75.3
המרכזי בעמק,84.5,2021-09-04T00:00:00.000Z,78.9,65.5,73.8,71.6,70.9
סורוקה,62.8,2021-09-04T00:00:00.000Z,65,61.1,70,71.5,70.3
איכילוב,67.7,2021-09-04T00:00:00.000Z,69.9,73.3,103.4,115.4,111.9
רבין ק. השרון,54.4,2021-09-04T00:00:00.000Z,48.9,39.6,58.1,58.2,54.4
פוריה,46.2,2021-09-04T00:00:00.000Z,52.4,51.6,70.1,73.8,62.4
זיו צפת,71.9,2021-09-04T00:00:00.000Z,78.8,79.7,70,75.1,70.9
שמיר,78,2021-09-04T00:00:00.000Z,80.4,69.6,71.3,74.5,65
לניאדו,105.1,2021-09-04T00:00:00.000Z,95.1,68.7,91.4,99.2,86.4
שיבא,90.4,2021-09-04T00:00:00.000Z,83.1,76.5,95.8,97.4,94
ברזילי,69.8,2021-09-04T00:00:00.000Z,68.4,60,72.5,77.9,66.7
יוספטל,75,2021-09-04T00:00:00.000Z,50.9,49.1,47.7,52.1,57.1
"רמב""ם",88.4,2021-09-04T00:00:00.000Z,80.2,76.6,84.6,86,93.7
הלל יפה,74.7,2021-09-04T00:00:00.000Z,77,74.7,80.4,82,78.5
נהריה,78.9,2021-09-04T00:00:00.000Z,71.9,61.3,83.8,81.6,69.6
הדסה עין כרם,126.2,2021-09-04T00:00:00.000Z,123.6,126.1,85.1,86.8,107.5
מעייני הישועה,85.7,2021-09-04T00:00:00.000Z,90.3,105.4,107.3,111.3,106.9
אסותא אשדוד,144.1,2021-09-04T00:00:00.000Z,155,,121.8,132.5,
קפלן,63.3,2021-09-04T00:00:00.000Z,57.3,66.5,72.8,72.1,70
שערי צדק,81.3,2021-09-04T00:00:00.000Z,82,77,88.8,96.5,94.7
מאיר,77,2021-09-04T00:00:00.000Z,70.3,56.3,72.4,72.2,58.1
הכרמל,41.5,2021-09-04T00:00:00.000Z,42.3,56.7,68.7,69.6,72.1
הדסה הר הצופים,75,2021-09-04T00:00:00.000Z,82.9,84.5,71.9,74.2,83.1
וולפסון,50.8,2021-09-05T00:00:00.000Z,56.1,69.7,68.5,71.6,64
שמואל הרופא,5.6,2021-09-05T00:00:00.000Z,5.6,65.5,66.6,62.1,79.3
בני ציון,76.9,2021-09-05T00:00:00.000Z,77.3,80.4,78.1,76.3,79.6
רבין ק. בילינסון,77.5,2021-09-05T00:00:00.000Z,81.3,76.2,69.4,76.8,76
המרכזי בעמק,67.1,2021-09-05T00:00:00.000Z,78,65.5,66.9,71.6,70.8
סורוקה,55.4,2021-09-05T00:00:00.000Z,64.9,61,66.8,71.2,73
איכילוב,65.3,2021-09-05T00:00:00.000Z,68.5,73.9,110,114.6,112.5
רבין ק. השרון,45.6,2021-09-05T00:00:00.000Z,49.9,37.2,57.3,58.7,53.3
פוריה,47.4,2021-09-05T00:00:00.000Z,51.1,53.3,67,74.2,63.1
זיו צפת,64.1,2021-09-05T00:00:00.000Z,76.3,77.9,70.3,75.4,70.9
שמיר,73.4,2021-09-05T00:00:00.000Z,79.9,68.7,68.6,74,65
לניאדו,100,2021-09-05T00:00:00.000Z,96.9,69.3,100.6,99.2,86.8
שיבא,79.5,2021-09-05T00:00:00.000Z,82.5,77.2,92.7,97.4,94.4
ברזילי,79.2,2021-09-05T00:00:00.000Z,67.3,61.6,78.3,77.3,67.1
יוספטל,62.5,2021-09-05T00:00:00.000Z,49.1,48.2,46.2,50.8,54.7
"רמב""ם",85.4,2021-09-05T00:00:00.000Z,80.7,76,85.1,86.2,93.3
הלל יפה,72.6,2021-09-05T00:00:00.000Z,75.4,72.7,84.5,81.3,78.3
נהריה,75.3,2021-09-05T00:00:00.000Z,71.4,62.7,79.6,81.8,70.4
הדסה עין כרם,111.7,2021-09-05T00:00:00.000Z,123.2,129.3,80.4,86.9,108.9
מעייני הישועה,92.9,2021-09-05T00:00:00.000Z,90.6,105.4,119.6,112.7,108.3
אסותא אשדוד,159.3,2021-09-05T00:00:00.000Z,156.2,,141.6,133.3,
קפלן,58,2021-09-05T00:00:00.000Z,59.2,66.6,69.6,72.7,69.7
שערי צדק,81.3,2021-09-05T00:00:00.000Z,81.8,76.5,95.9,96.7,94.4
מאיר,78.5,2021-09-05T00:00:00.000Z,70.6,55.6,73.3,72.1,58
הכרמל,43.4,2021-09-05T00:00:00.000Z,41.1,59,69.9,69.8,72.7
כלל המוסדות,71.7,2021-09-05T00:00:00.000Z,73.5,71.6,79.6,82.2,80.4
הדסה הר הצופים,77.8,2021-09-05T00:00:00.000Z,79.4,78.6,60.4,74.6,82.8
כלל המוסדות,65.4,2021-09-06T00:00:00.000Z,72.6,71.7,68.2,81.4,80.7
וולפסון,46.3,2021-09-06T00:00:00.000Z,55,67.2,57.5,71.3,63
שמואל הרופא,5.6,2021-09-06T00:00:00.000Z,5.6,60.3,66.3,63.3,79
בני ציון,62.8,2021-09-06T00:00:00.000Z,77,82.8,63.3,76.4,81.7
המרכזי בעמק,56.8,2021-09-06T00:00:00.000Z,75.6,66.1,57.7,70.1,71
סורוקה,53.9,2021-09-06T00:00:00.000Z,63,61.2,56,70.1,73.6
איכילוב,62.7,2021-09-06T00:00:00.000Z,66.5,74.8,88,112.6,112.8
רבין ק. השרון,41.2,2021-09-06T00:00:00.000Z,49.4,34.5,48.1,58.2,52.3
פוריה,44.9,2021-09-06T00:00:00.000Z,50.7,55.7,58.6,72.8,64.4
זיו צפת,62.5,2021-09-06T00:00:00.000Z,72.8,78.1,57.1,73.4,71.1
שמיר,68.3,2021-09-06T00:00:00.000Z,78.7,68.6,58.7,72.5,65.1
לניאדו,94.9,2021-09-06T00:00:00.000Z,97.1,68.8,79.4,98.1,86.7
שיבא,75.7,2021-09-06T00:00:00.000Z,81.8,77.5,85.1,96.5,94.9
ברזילי,63.5,2021-09-06T00:00:00.000Z,67.1,63.1,60.3,76.2,67.5
יוספטל,62.5,2021-09-06T00:00:00.000Z,51.8,48.2,40,50.1,54.1
"רמב""ם",83.3,2021-09-06T00:00:00.000Z,81.5,75.4,74.8,85.7,93.3
הלל יפה,77.4,2021-09-06T00:00:00.000Z,74.6,70.4,73.2,81.5,78.1
נהריה,65.3,2021-09-06T00:00:00.000Z,70.8,62.4,74.5,80.9,70.2
הדסה עין כרם,101,2021-09-06T00:00:00.000Z,121.2,133.8,68.8,85.7,110.5
מעייני הישועה,83.9,2021-09-06T00:00:00.000Z,90.1,103.8,113.3,113.7,109.7
אסותא אשדוד,154.2,2021-09-06T00:00:00.000Z,156.4,,125.6,134.9,
קפלן,50,2021-09-06T00:00:00.000Z,58.8,68.8,54.9,72.3,69.8
שערי צדק,80,2021-09-06T00:00:00.000Z,81.6,76.4,76.5,96.4,94.4
מאיר,52.5,2021-09-06T00:00:00.000Z,71.6,56.2,60.4,72.2,58.5
רבין ק. בילינסון,73.6,2021-09-06T00:00:00.000Z,80.2,75.5,59.4,75,76.9
הכרמל,35.8,2021-09-06T00:00:00.000Z,40.8,61.1,57.3,69.4,72.6
הדסה הר הצופים,72.2,2021-09-06T00:00:00.000Z,77.4,73,55.6,72.6,82.4
וולפסון,48.4,2021-09-07T00:00:00.000Z,53.2,64.9,61.3,68.4,62.4
שמואל הרופא,5.6,2021-09-07T00:00:00.000Z,5.6,55.6,67.7,64.6,78.6
כלל המוסדות,70.5,2021-09-07T00:00:00.000Z,71,71.9,72,78.9,81.3
בני ציון,63.6,2021-09-07T00:00:00.000Z,75,83.5,61,74.5,83.2
המרכזי בעמק,63.2,2021-09-07T00:00:00.000Z,72.8,67.1,60.3,68.1,72
סורוקה,57.8,2021-09-07T00:00:00.000Z,60.3,63.1,58.1,67.2,74.6
איכילוב,64,2021-09-07T00:00:00.000Z,64.5,74.6,90.2,107.1,112.9
רבין ק. השרון,48.2,2021-09-07T00:00:00.000Z,49.1,32.8,46.9,56.9,52.2
פוריה,48.7,2021-09-07T00:00:00.000Z,49.6,57.9,60.8,70.7,65.2
זיו צפת,79.7,2021-09-07T00:00:00.000Z,68.8,78.3,62,68.8,72
שמיר,76.4,2021-09-07T00:00:00.000Z,76.2,69.4,62.6,69.8,66
לניאדו,103.8,2021-09-07T00:00:00.000Z,96.5,69.6,85,94.3,87.8
שיבא,92.1,2021-09-07T00:00:00.000Z,80.3,78.4,103.5,94.3,95.4
ברזילי,71.9,2021-09-07T00:00:00.000Z,65.8,64.7,64.2,73.2,68
יוספטל,68.8,2021-09-07T00:00:00.000Z,57.1,50,44.6,48.8,53.4
"רמב""ם",86.4,2021-09-07T00:00:00.000Z,82,75.5,78.4,84,93.6
הלל יפה,80.8,2021-09-07T00:00:00.000Z,73.9,69.2,76.5,80.2,78.7
נהריה,72.1,2021-09-07T00:00:00.000Z,69.8,62,73,79.5,70.2
הדסה עין כרם,109.7,2021-09-07T00:00:00.000Z,117.6,135.9,72.9,82.6,111.4
מעייני הישועה,71.4,2021-09-07T00:00:00.000Z,88.5,101.6,95.6,114.2,110.4
אסותא אשדוד,145.8,2021-09-07T00:00:00.000Z,154.7,,109.9,133.5,
קפלן,60,2021-09-07T00:00:00.000Z,57.4,69.7,60.1,69.7,70.4
שערי צדק,79.3,2021-09-07T00:00:00.000Z,81.1,77.4,85.1,92.8,95.6
מאיר,57.5,2021-09-07T00:00:00.000Z,68.9,56.9,63.2,70.1,59.6
רבין ק. בילינסון,78.4,2021-09-07T00:00:00.000Z,78.6,73.8,62.6,72,77.5
הכרמל,35.8,2021-09-07T00:00:00.000Z,40.7,62,60.3,67.9,72.2
הדסה הר הצופים,83.3,2021-09-07T00:00:00.000Z,73.4,67.5,61.1,69.9,82.7
וולפסון,50,2021-09-08T00:00:00.000Z,52.2,62.4,65,66.5,62
שמואל הרופא,5.6,2021-09-08T00:00:00.000Z,5.6,52,68.6,65.7,78.6
בני ציון,69.4,2021-09-08T00:00:00.000Z,73.3,83.1,69.5,73.1,83.2
המרכזי בעמק,68.4,2021-09-08T00:00:00.000Z,72,69.2,66,66.7,72.9
סורוקה,63.2,2021-09-08T00:00:00.000Z,58.6,64.3,66,65.3,75.3
איכילוב,74.7,2021-09-08T00:00:00.000Z,63,74.3,104.1,102,113.1
רבין ק. השרון,53.5,2021-09-08T00:00:00.000Z,49.4,31.2,54.4,55.2,51.3
פוריה,46.2,2021-09-08T00:00:00.000Z,49.5,59.7,61.7,68.7,66.2
זיו צפת,100,2021-09-08T00:00:00.000Z,68.1,80.1,80.1,65.9,74
לניאדו,119.2,2021-09-08T00:00:00.000Z,98.5,70.7,97.5,91.6,87.5
שמיר,80.7,2021-09-08T00:00:00.000Z,75.9,69.4,68.1,67.7,66.1
שיבא,93.3,2021-09-08T00:00:00.000Z,82.2,78.9,102.8,94.8,96
ברזילי,77.6,2021-09-08T00:00:00.000Z,66.5,65.4,73.2,71,68.7
יוספטל,68.8,2021-09-08T00:00:00.000Z,63.4,50.9,50.8,48.1,53.2
"רמב""ם",88.9,2021-09-08T00:00:00.000Z,83.3,75.4,83.6,82.6,93.6
הלל יפה,97.3,2021-09-08T00:00:00.000Z,75,69.1,87.4,79.7,79.9
נהריה,76.3,2021-09-08T00:00:00.000Z,70.2,60.9,79.9,78.1,69.5
הדסה עין כרם,115.5,2021-09-08T00:00:00.000Z,115.5,135.4,78.8,80,112.4
מעייני הישועה,75,2021-09-08T00:00:00.000Z,85.5,100.8,107.9,111.6,111.5
אסותא אשדוד,142.4,2021-09-08T00:00:00.000Z,153,,115.4,129.7,
קפלן,68,2021-09-08T00:00:00.000Z,57.7,69.7,66.6,67.9,71.4
שערי צדק,84,2021-09-08T00:00:00.000Z,80.5,79.2,88.3,90.3,96.1
מאיר,72,2021-09-08T00:00:00.000Z,67,57.3,71.3,68.7,60.9
רבין ק. בילינסון,89.9,2021-09-08T00:00:00.000Z,78.4,73.1,72.9,69.6,78.2
הכרמל,38.7,2021-09-08T00:00:00.000Z,40.4,63.7,67.5,66.4,72
כלל המוסדות,76.9,2021-09-08T00:00:00.000Z,70.7,71.9,78.5,77.1,81.8
הדסה הר הצופים,86.1,2021-09-08T00:00:00.000Z,73.4,63.9,64.2,67,82.5
וולפסון,49.6,2021-09-09T00:00:00.000Z,51.7,60.8,67.5,64.9,62
שמואל הרופא,5.6,2021-09-09T00:00:00.000Z,5.6,48.8,68,66.6,78.7
בני ציון,65.3,2021-09-09T00:00:00.000Z,72.4,83,75.8,71.8,83.9
המרכזי בעמק,60.6,2021-09-09T00:00:00.000Z,69.8,71.8,64.5,65.8,73.8
סורוקה,64.7,2021-09-09T00:00:00.000Z,57.4,64.8,67.1,64.4,76
איכילוב,72,2021-09-09T00:00:00.000Z,64,75.3,117.5,100.2,113.1
רבין ק. השרון,49.1,2021-09-09T00:00:00.000Z,48.2,30.3,56,53.5,50.3
פוריה,41,2021-09-09T00:00:00.000Z,48,60.4,67.3,66.2,66.4
זיו צפת,82.8,2021-09-09T00:00:00.000Z,73.4,81,77.5,66.5,74.4
לניאדו,106.4,2021-09-09T00:00:00.000Z,102.4,72.5,103.1,91.6,88.1
שמיר,83,2021-09-09T00:00:00.000Z,75.9,68.2,70.9,66.5,65.7
שיבא,86.6,2021-09-09T00:00:00.000Z,83.8,79.5,99.2,95.3,97
ברזילי,70.8,2021-09-09T00:00:00.000Z,69,66.5,74.7,70.1,69.7
יוספטל,62.5,2021-09-09T00:00:00.000Z,67.9,48.2,47.7,48.8,51.4
"רמב""ם",79.8,2021-09-09T00:00:00.000Z,84.3,76.2,87.7,81.5,93.6
הלל יפה,93.8,2021-09-09T00:00:00.000Z,78,70,92.6,80.4,81.3
נהריה,67.4,2021-09-09T00:00:00.000Z,71.3,59.8,81.2,77.7,69.1
הדסה עין כרם,119.4,2021-09-09T00:00:00.000Z,114.4,135.5,86.9,78.7,112.6
מעייני הישועה,87.5,2021-09-09T00:00:00.000Z,82.9,100.8,123.4,110.7,112
אסותא אשדוד,161,2021-09-09T00:00:00.000Z,151.1,,132.4,126.5,
קפלן,63.3,2021-09-09T00:00:00.000Z,58.7,69.6,71.4,66.4,72
שערי צדק,79.3,2021-09-09T00:00:00.000Z,80.7,80.7,91.4,88.3,96.4
מאיר,69.5,2021-09-09T00:00:00.000Z,67.6,56.3,72,68.7,61.9
רבין ק. בילינסון,89.9,2021-09-09T00:00:00.000Z,79.4,73.6,76.3,68.6,78.7
הכרמל,41.5,2021-09-09T00:00:00.000Z,40.2,66,71.8,65.4,70.7
כלל המוסדות,73.9,2021-09-09T00:00:00.000Z,71.2,72.2,81.8,76.3,82.1
הדסה הר הצופים,80.6,2021-09-09T00:00:00.000Z,74.6,69.4,65.3,65,83.4
וולפסון,56.1,2021-09-10T00:00:00.000Z,51.4,59.9,66.8,64.4,62.2
שמואל הרופא,5.6,2021-09-10T00:00:00.000Z,5.6,45.6,68,67.2,78.9
בני ציון,71.1,2021-09-10T00:00:00.000Z,71.1,81.8,72.3,71.6,83.3
המרכזי בעמק,62.6,2021-09-10T00:00:00.000Z,68,73.9,61.9,65.2,74.6
סורוקה,60.1,2021-09-10T00:00:00.000Z,58.8,65.1,66.5,64.1,76.6
איכילוב,68.3,2021-09-10T00:00:00.000Z,66.2,76.2,97.5,101.1,112.5
רבין ק. השרון,50.9,2021-09-10T00:00:00.000Z,48.7,28.8,49.4,52.7,49.3
פוריה,47.4,2021-09-10T00:00:00.000Z,46.7,60.4,64.8,64.6,66.7
זיו צפת,76.6,2021-09-10T00:00:00.000Z,76.1,82.8,62.2,68.4,76
לניאדו,112.8,2021-09-10T00:00:00.000Z,103.7,75.7,85,91.2,89.3
שמיר,81.9,2021-09-10T00:00:00.000Z,76.6,68.9,67.3,66.7,66
שיבא,82.4,2021-09-10T00:00:00.000Z,85.2,79.4,89.6,95.7,97.5
ברזילי,75.5,2021-09-10T00:00:00.000Z,70.5,67.1,71.4,70.2,70.5
יוספטל,62.5,2021-09-10T00:00:00.000Z,67.9,45.5,50.8,46.8,49.9
"רמב""ם",85.4,2021-09-10T00:00:00.000Z,84.7,76.3,80.5,82,93.8
הלל יפה,91.1,2021-09-10T00:00:00.000Z,81.3,70.9,87.2,81.6,82.1
נהריה,78.9,2021-09-10T00:00:00.000Z,72,58.5,77.1,78.3,68.6
הדסה עין כרם,124.3,2021-09-10T00:00:00.000Z,115.1,133.4,83.9,79,112.7
מעייני הישועה,94.6,2021-09-10T00:00:00.000Z,82.7,101.9,121.5,111.6,111.2
אסותא אשדוד,150.8,2021-09-10T00:00:00.000Z,150.1,,115.7,125.1,
קפלן,65.3,2021-09-10T00:00:00.000Z,59.7,68.3,65.7,66.2,72.8
שערי צדק,84,2021-09-10T00:00:00.000Z,80.4,82.9,87.5,87.4,96.5
מאיר,72.5,2021-09-10T00:00:00.000Z,67.9,57.9,69.8,68.8,63.5
רבין ק. בילינסון,88.1,2021-09-10T00:00:00.000Z,81.8,73.2,72.5,69.1,79.1
הכרמל,41.5,2021-09-10T00:00:00.000Z,40,67.9,64,65.8,69.9
כלל המוסדות,75.2,2021-09-10T00:00:00.000Z,72,72.5,76,76.4,82.4
הדסה הר הצופים,75,2021-09-10T00:00:00.000Z,76.6,73.4,62.2,63.8,84.2
וולפסון,58.2,2021-09-11T00:00:00.000Z,51.5,59.7,70,64.9,63.1
שמואל הרופא,5.6,2021-09-11T00:00:00.000Z,5.6,42.5,68.9,67.4,79.1
בני ציון,80.2,2021-09-11T00:00:00.000Z,70.5,81.5,81.1,71.6,82.6
המרכזי בעמק,71.6,2021-09-11T00:00:00.000Z,66.2,76.5,68.7,64.4,75.4
סורוקה,66.7,2021-09-11T00:00:00.000Z,59.7,65.5,73.7,64.4,77.2
איכילוב,75.7,2021-09-11T00:00:00.000Z,67.8,76.9,105,101.5,111.5
רבין ק. השרון,57.9,2021-09-11T00:00:00.000Z,49,27.8,56,52.9,48
פוריה,47.4,2021-09-11T00:00:00.000Z,46,59.9,68.5,64.3,66.5
זיו צפת,96.9,2021-09-11T00:00:00.000Z,76.8,83.3,77.5,68.5,76.5
לניאדו,123.1,2021-09-11T00:00:00.000Z,106,79.4,97.2,91.7,90.9
שמיר,90.3,2021-09-11T00:00:00.000Z,77.4,68.2,73,66.8,65.8
שיבא,94.6,2021-09-11T00:00:00.000Z,85.7,80.7,95.5,95.6,97.9
ברזילי,81.3,2021-09-11T00:00:00.000Z,72.6,67.8,76.7,70.6,72.3
יוספטל,56.3,2021-09-11T00:00:00.000Z,66.1,45.5,49.2,46.8,49.5
"רמב""ם",87.9,2021-09-11T00:00:00.000Z,85.4,76.4,84.1,82.1,94.2
הלל יפה,97.9,2021-09-11T00:00:00.000Z,84,72,91.1,83.1,82.4
נהריה,83.7,2021-09-11T00:00:00.000Z,73.5,57.3,84.2,78.5,68.3
הדסה עין כרם,127.2,2021-09-11T00:00:00.000Z,115.4,133.8,85.1,79.5,113.5
מעייני הישועה,92.9,2021-09-11T00:00:00.000Z,84.4,101.6,120.3,112.7,110.4
אסותא אשדוד,144.1,2021-09-11T00:00:00.000Z,151.1,,126.3,123.2,
קפלן,74,2021-09-11T00:00:00.000Z,61.1,68.4,72.6,65.9,73.7
שערי צדק,84,2021-09-11T00:00:00.000Z,81.3,84.7,94.7,87.6,96.6
מאיר,77,2021-09-11T00:00:00.000Z,68.5,59.6,73.8,68.9,64.8
רבין ק. בילינסון,100.4,2021-09-11T00:00:00.000Z,83.3,71.9,84.4,69.5,78.3
הכרמל,42.5,2021-09-11T00:00:00.000Z,39.8,67.4,70.8,65.6,69.6
כלל המוסדות,81.5,2021-09-11T00:00:00.000Z,72.8,72.9,81.9,76.5,82.6
הדסה הר הצופים,83.3,2021-09-11T00:00:00.000Z,78.6,77,65.6,62.9,83.7
וולפסון,58.6,2021-09-12T00:00:00.000Z,51.3,61,80.4,65.2,64.1
שמואל הרופא,5.6,2021-09-12T00:00:00.000Z,5.6,40.1,70.4,67.7,79.1
כלל המוסדות,81.2,2021-09-12T00:00:00.000Z,73.6,73.2,89.8,76.9,82.4
בני ציון,80.2,2021-09-12T00:00:00.000Z,69.9,80.8,86.8,71.6,81.5
המרכזי בעמק,74.2,2021-09-12T00:00:00.000Z,64.3,78.2,73.6,63.7,76.4
סורוקה,73.6,2021-09-12T00:00:00.000Z,60.2,66.9,77.4,64.9,75.9
איכילוב,77.3,2021-09-12T00:00:00.000Z,69,77.5,123.5,101.8,110.8
רבין ק. השרון,59.6,2021-09-12T00:00:00.000Z,49.5,28.6,71,52.6,48.7
פוריה,50,2021-09-12T00:00:00.000Z,46.2,59.9,75.2,64.1,66.7
זיו צפת,95.3,2021-09-12T00:00:00.000Z,80.4,84.6,87.9,69.5,76.2
לניאדו,107.7,2021-09-12T00:00:00.000Z,108.6,80.8,113.1,92.5,91.3
שמיר,84.6,2021-09-12T00:00:00.000Z,79.2,68.2,80.6,67,66.1
שיבא,91.2,2021-09-12T00:00:00.000Z,86.3,81.5,99.4,95.5,97.7
ברזילי,84.9,2021-09-12T00:00:00.000Z,74.3,68.3,89.9,71.2,73.2
יוספטל,56.3,2021-09-12T00:00:00.000Z,63.4,43.8,46.2,47,48.6
"רמב""ם",83.3,2021-09-12T00:00:00.000Z,85.3,76.5,92.9,82,94.2
הלל יפה,85.6,2021-09-12T00:00:00.000Z,87.3,73.1,92.8,84.6,82.7
נהריה,80,2021-09-12T00:00:00.000Z,74.1,54.5,86.7,78.5,68
הדסה עין כרם,121.4,2021-09-12T00:00:00.000Z,115.5,133.4,91,79.5,113.6
מעייני הישועה,110.7,2021-09-12T00:00:00.000Z,85.5,98.9,137.7,114.5,109.4
אסותא אשדוד,161,2021-09-12T00:00:00.000Z,151.1,,147.1,123.8,
קפלן,67.3,2021-09-12T00:00:00.000Z,62.7,69,77.7,65.9,75.2
שערי צדק,84,2021-09-12T00:00:00.000Z,81.7,86.5,108.4,88.5,97.1
מאיר,90,2021-09-12T00:00:00.000Z,68.5,60.4,82.3,69.1,65.9
רבין ק. בילינסון,96.9,2021-09-12T00:00:00.000Z,85.4,70.7,90.9,71.1,77.8
הכרמל,45.3,2021-09-12T00:00:00.000Z,39.9,67.1,78.1,65.9,69
הדסה הר הצופים,77.8,2021-09-12T00:00:00.000Z,79.8,80.6,68.1,62.1,84.2
וולפסון,57,2021-09-13T00:00:00.000Z,52.5,63,79.4,66.9,65.4
שמואל הרופא,5.6,2021-09-13T00:00:00.000Z,5.6,37.7,71.6,68.3,79.2
בני ציון,79.3,2021-09-13T00:00:00.000Z,70.4,79.7,87.3,72.8,81.3
המרכזי בעמק,67.7,2021-09-13T00:00:00.000Z,65.3,79.6,72.1,64.7,77.3
סורוקה,70.9,2021-09-13T00:00:00.000Z,62.8,67.3,78.7,66.4,76.3
איכילוב,77,2021-09-13T00:00:00.000Z,70.7,78.2,119.3,103.7,110.8
רבין ק. השרון,56.1,2021-09-13T00:00:00.000Z,51.5,29.6,68.5,54.5,49.3
פוריה,55.1,2021-09-13T00:00:00.000Z,46.5,59.9,78.3,65.3,66.2
זיו צפת,93.8,2021-09-13T00:00:00.000Z,84.8,83,88.8,72,75.2
לניאדו,96.2,2021-09-13T00:00:00.000Z,109.7,82.8,113.4,94.3,91.8
שמיר,85.7,2021-09-13T00:00:00.000Z,80.8,67.4,75.8,68.8,66
שיבא,73.2,2021-09-13T00:00:00.000Z,88,81.5,85.2,96.5,97.6
ברזילי,80.7,2021-09-13T00:00:00.000Z,75.1,69,89.9,72.9,74.3
יוספטל,43.8,2021-09-13T00:00:00.000Z,62.5,41.1,47.7,47,45.9
"רמב""ם",83.3,2021-09-13T00:00:00.000Z,85,76.1,92.2,83.2,94.3
הלל יפה,87,2021-09-13T00:00:00.000Z,89.1,73.5,92.6,85.8,82.9
נהריה,77.9,2021-09-13T00:00:00.000Z,74.8,52.6,87.4,79.5,68.1
הדסה עין כרם,115.5,2021-09-13T00:00:00.000Z,116.9,131.6,90.3,81,113.2
מעייני הישועה,101.8,2021-09-13T00:00:00.000Z,88,96.5,132.3,117.1,108.4
אסותא אשדוד,155.9,2021-09-13T00:00:00.000Z,151.3,,149.1,124.6,
קפלן,61.3,2021-09-13T00:00:00.000Z,64,68.2,75.3,67,76
שערי צדק,84,2021-09-13T00:00:00.000Z,82.1,88.1,105.6,90.3,97.7
מאיר,75,2021-09-13T00:00:00.000Z,70.1,61.6,81,70.4,66.5
רבין ק. בילינסון,89,2021-09-13T00:00:00.000Z,88.2,69.4,89.3,74.1,77.2
הכרמל,41.5,2021-09-13T00:00:00.000Z,40.2,66.7,77.1,67.1,69
כלל המוסדות,77,2021-09-13T00:00:00.000Z,74.9,73.3,87.6,78.3,82.6
הדסה הר הצופים,80.6,2021-09-13T00:00:00.000Z,79.8,84.1,71.2,63.1,84
כלל המוסדות,74.5,2021-09-14T00:00:00.000Z,76.6,73.4,84.9,81.1,82.6
וולפסון,54.1,2021-09-14T00:00:00.000Z,54,65.7,77.5,70,66.8
שמואל הרופא,5.6,2021-09-14T00:00:00.000Z,5.6,35.7,72.7,69,79.5
בני ציון,67.8,2021-09-14T00:00:00.000Z,72.7,79.5,75.8,76.2,81.8
המרכזי בעמק,70.3,2021-09-14T00:00:00.000Z,66.9,78.6,65.3,66.7,76.7
סורוקה,61.6,2021-09-14T00:00:00.000Z,65.3,67.2,75.2,69.7,76.2
איכילוב,76,2021-09-14T00:00:00.000Z,72.7,78.8,115.6,108.2,111.2
רבין ק. השרון,47.4,2021-09-14T00:00:00.000Z,53.6,31.7,60.2,57.4,50.7
פוריה,65.4,2021-09-14T00:00:00.000Z,48,60.6,78.9,68.1,67.8
זיו צפת,98.4,2021-09-14T00:00:00.000Z,89.3,80.4,81,76.6,73.7
לניאדו,96.2,2021-09-14T00:00:00.000Z,109.9,84.5,112.3,99.2,92
שמיר,79.5,2021-09-14T00:00:00.000Z,83.2,66.4,71.2,71.2,65.8
שיבא,87,2021-09-14T00:00:00.000Z,87.6,81.1,97.4,96.5,97.1
ברזילי,82.8,2021-09-14T00:00:00.000Z,77.5,69.1,84.3,77.1,75
יוספטל,50,2021-09-14T00:00:00.000Z,59.8,38.4,56.9,48.1,44.8
"רמב""ם",87.9,2021-09-14T00:00:00.000Z,85,75.1,85.5,85.6,93.6
הלל יפה,82.2,2021-09-14T00:00:00.000Z,90.5,73.6,90.7,88.6,82.9
נהריה,70.5,2021-09-14T00:00:00.000Z,76.6,51.5,82.9,81.4,68.6
הדסה עין כרם,109.7,2021-09-14T00:00:00.000Z,119,131.6,84.7,84.1,112.7
מעייני הישועה,85.7,2021-09-14T00:00:00.000Z,90.6,95.4,127.5,119.8,108.2
אסותא אשדוד,154.2,2021-09-14T00:00:00.000Z,151.6,,151.2,128,
קפלן,60,2021-09-14T00:00:00.000Z,65.6,68.2,70.3,69.9,76.4
שערי צדק,84,2021-09-14T00:00:00.000Z,82.7,89.2,104.1,94.4,98
מאיר,63.5,2021-09-14T00:00:00.000Z,73.4,62.3,72.2,73.3,66.5
רבין ק. בילינסון,81.5,2021-09-14T00:00:00.000Z,90.4,69.2,80.5,78.4,77.3
הכרמל,39.6,2021-09-14T00:00:00.000Z,41,67,75.5,69.9,69.7
הדסה הר הצופים,75,2021-09-14T00:00:00.000Z,81,86.1,72.6,65.4,84.3
וולפסון,52.5,2021-09-15T00:00:00.000Z,54.8,68.2,62.5,72.3,68.1
שמואל הרופא,5.6,2021-09-15T00:00:00.000Z,5.6,33.7,74.5,69.8,79.8
בני ציון,70.2,2021-09-15T00:00:00.000Z,73.3,79,62.6,78.4,83.2
המרכזי בעמק,65.8,2021-09-15T00:00:00.000Z,67.9,77.1,57.7,67.4,75.5
סורוקה,50.8,2021-09-15T00:00:00.000Z,65.8,67.1,66.5,72.1,76.4
איכילוב,81,2021-09-15T00:00:00.000Z,74.4,77.9,100.3,111.8,110.8
רבין ק. השרון,39.5,2021-09-15T00:00:00.000Z,53.5,34,47.3,59.3,52.5
זיו צפת,78.1,2021-09-15T00:00:00.000Z,92,80.4,69.5,79.3,72.5
לניאדו,96.2,2021-09-15T00:00:00.000Z,108.8,83.6,86.9,103.1,91.8
פוריה,56.4,2021-09-15T00:00:00.000Z,50.4,60.3,61.7,70.7,69.3
שמיר,75.7,2021-09-15T00:00:00.000Z,83.7,65.6,60.9,72.4,66
שיבא,88.3,2021-09-15T00:00:00.000Z,86.9,81.4,92.7,95.6,96.4
ברזילי,71.4,2021-09-15T00:00:00.000Z,79.1,68.2,66.6,80,75
יוספטל,43.8,2021-09-15T00:00:00.000Z,57.1,36.6,53.8,49.9,44.8
"רמב""ם",85.9,2021-09-15T00:00:00.000Z,85.2,74.7,75.8,86.7,93.9
הלל יפה,78.1,2021-09-15T00:00:00.000Z,90.7,72.3,74.4,90.6,81.8
נהריה,70,2021-09-15T00:00:00.000Z,76.4,51.7,74.8,82.8,69.8
הדסה עין כרם,111.7,2021-09-15T00:00:00.000Z,119,132.3,81.9,85.8,112.2
מעייני הישועה,87.5,2021-09-15T00:00:00.000Z,92.6,93,122.5,124.4,106.8
אסותא אשדוד,154.2,2021-09-15T00:00:00.000Z,152.8,,132.4,133.9,
קפלן,54.7,2021-09-15T00:00:00.000Z,65.6,69,63.3,71.4,77.2
שערי צדק,86.7,2021-09-15T00:00:00.000Z,83.3,89.2,89.4,97.1,98.3
מאיר,55.5,2021-09-15T00:00:00.000Z,74.2,63.4,64,74.6,66.5
רבין ק. בילינסון,72.7,2021-09-15T00:00:00.000Z,90.8,70.3,68.7,81,78
הכרמל,37.7,2021-09-15T00:00:00.000Z,41.5,65.9,56.4,72.1,69.7
כלל המוסדות,71,2021-09-15T00:00:00.000Z,77.2,73.4,74.5,82.9,82.7
הדסה הר הצופים,69.4,2021-09-15T00:00:00.000Z,79.8,85.3,63.5,67,84.4
וולפסון,56.6,2021-09-16T00:00:00.000Z,55.2,70.9,63.8,72,69.1
שמואל הרופא,5.6,2021-09-16T00:00:00.000Z,5.6,32.5,75.4,70.6,79.9
בני ציון,71.9,2021-09-16T00:00:00.000Z,73.4,77.8,64.9,77.4,83.4
המרכזי בעמק,65.2,2021-09-16T00:00:00.000Z,67.6,74.2,60.4,66.3,74.4
סורוקה,53.5,2021-09-16T00:00:00.000Z,64.1,66.2,67.3,72.2,75.7
איכילוב,85.3,2021-09-16T00:00:00.000Z,75.3,78,103.7,111.3,110.4
רבין ק. השרון,41.2,2021-09-16T00:00:00.000Z,51.5,36,45.6,58.3,53.3
זיו צפת,96.9,2021-09-16T00:00:00.000Z,88.8,80.8,72.3,77.8,72.7
לניאדו,105.1,2021-09-16T00:00:00.000Z,105.5,81.6,96.7,101.6,91.2
פוריה,62.8,2021-09-16T00:00:00.000Z,51.8,61.9,69.6,70.7,70
שמיר,80.7,2021-09-16T00:00:00.000Z,83,64.8,65.2,71.4,66.6
שיבא,100.4,2021-09-16T00:00:00.000Z,86.2,81.8,97.7,94.1,95.7
ברזילי,75.5,2021-09-16T00:00:00.000Z,78.2,67.3,69.2,79,74.9
יוספטל,62.5,2021-09-16T00:00:00.000Z,53.6,36.6,55.4,50.3,47.9
"רמב""ם",85.9,2021-09-16T00:00:00.000Z,84.8,73.6,78.8,85.5,94.1
הלל יפה,82.9,2021-09-16T00:00:00.000Z,88,71.3,75.5,88.8,80.7
נהריה,78.9,2021-09-16T00:00:00.000Z,75.5,51.9,78.1,82.1,71.4
הדסה עין כרם,115.5,2021-09-16T00:00:00.000Z,118.4,131.3,83.6,86.2,111
מעייני הישועה,80.4,2021-09-16T00:00:00.000Z,94.4,89.2,109.5,126.4,106.6
אסותא אשדוד,140.7,2021-09-16T00:00:00.000Z,154.5,,110.2,136.3,
קפלן,62,2021-09-16T00:00:00.000Z,63.7,70,65.5,70.9,78.1
שערי צדק,88,2021-09-16T00:00:00.000Z,83.7,88.8,90.6,97.3,98.4
מאיר,63,2021-09-16T00:00:00.000Z,71.9,63.6,69.5,73.6,66
רבין ק. בילינסון,74,2021-09-16T00:00:00.000Z,88.4,70.8,70.7,80.4,78.4
הכרמל,39.6,2021-09-16T00:00:00.000Z,41.4,64.2,59.5,70.5,70.8
הדסה הר הצופים,72.2,2021-09-16T00:00:00.000Z,77.4,84.9,63.2,66.9,84
כלל המוסדות,75.3,2021-09-16T00:00:00.000Z,76.3,73.1,76.6,82.3,82.7
וולפסון,59,2021-09-17T00:00:00.000Z,56.1,72.5,66.8,71.5,69.6
שמואל הרופא,5.6,2021-09-17T00:00:00.000Z,5.6,32.9,72.7,71.6,80.1
בני ציון,72.7,2021-09-17T00:00:00.000Z,74.4,76,68.1,75.8,83.4
המרכזי בעמק,76.1,2021-09-17T00:00:00.000Z,68.2,72.3,67.6,65.7,73.6
סורוקה,65.9,2021-09-17T00:00:00.000Z,62.5,65.8,69.1,72.2,75.1
איכילוב,87.3,2021-09-17T00:00:00.000Z,77.2,77.6,101.7,109.3,109.9
רבין ק. השרון,45.6,2021-09-17T00:00:00.000Z,50.4,38.6,48.5,56.8,54.4
זיו צפת,90.6,2021-09-17T00:00:00.000Z,90.8,80.6,66.6,77,72.6
לניאדו,101.3,2021-09-17T00:00:00.000Z,105.3,79.6,92.8,100.6,90.3
פוריה,59,2021-09-17T00:00:00.000Z,54.9,63,68.2,71,69.9
שמיר,84.2,2021-09-17T00:00:00.000Z,82.6,63.9,67.3,70.6,66.5
שיבא,100.8,2021-09-17T00:00:00.000Z,88.2,81.5,97.9,93.9,95
ברזילי,85.4,2021-09-17T00:00:00.000Z,78.9,65.6,73.2,78.3,74.4
יוספטל,56.3,2021-09-17T00:00:00.000Z,53.6,38.4,46.2,51.4,49.9
"רמב""ם",86.9,2021-09-17T00:00:00.000Z,85.6,72.4,79.5,84.3,93
הלל יפה,82.9,2021-09-17T00:00:00.000Z,86.4,69.5,75.7,86.3,80.1
נהריה,72.6,2021-09-17T00:00:00.000Z,77.1,52,74.5,81.6,72.7
הדסה עין כרם,116.5,2021-09-17T00:00:00.000Z,117.9,129.5,82.5,85.8,110
מעייני הישועה,105.4,2021-09-17T00:00:00.000Z,93.4,85.7,123.7,124.5,107.5
אסותא אשדוד,159.3,2021-09-17T00:00:00.000Z,151.6,,132.1,133.2,
קפלן,69.3,2021-09-17T00:00:00.000Z,63.5,72.2,68.7,70.1,78.7
שערי צדק,86.7,2021-09-17T00:00:00.000Z,85,88.3,91.9,97.2,97.8
מאיר,70,2021-09-17T00:00:00.000Z,70.9,63.1,68.1,73.2,65.3
רבין ק. בילינסון,80.2,2021-09-17T00:00:00.000Z,86.1,70.9,72.6,79.6,78.4
הכרמל,35.8,2021-09-17T00:00:00.000Z,41.1,62.7,59.5,68.8,71.5
הדסה הר הצופים,61.1,2021-09-17T00:00:00.000Z,76.2,87.7,58,66.6,83.9
כלל המוסדות,78.7,2021-09-17T00:00:00.000Z,76.5,72.7,77.6,81.6,82.4
וולפסון,57.8,2021-09-18T00:00:00.000Z,56.6,72.7,69.7,71.5,69.3
שמואל הרופא,5.6,2021-09-18T00:00:00.000Z,5.6,33.7,74.5,72.3,80.2
בני ציון,78.5,2021-09-18T00:00:00.000Z,74.6,75.1,74.4,75.2,82.9
המרכזי בעמק,83.9,2021-09-18T00:00:00.000Z,70.1,70.1,74.3,66.5,72.2
סורוקה,73.6,2021-09-18T00:00:00.000Z,63.3,64.1,72.2,72.6,74.3
איכילוב,92.3,2021-09-18T00:00:00.000Z,80,76.6,111.4,109.9,109.4
רבין ק. השרון,56.1,2021-09-18T00:00:00.000Z,49.6,41.7,60.6,56.7,56.4
זיו צפת,109.4,2021-09-18T00:00:00.000Z,92.9,81.5,74.6,77.6,72.4
לניאדו,115.4,2021-09-18T00:00:00.000Z,103.7,77.3,97.5,101.8,88.7
פוריה,55.1,2021-09-18T00:00:00.000Z,56.6,63.4,72.4,71.5,69.4
שמיר,93.8,2021-09-18T00:00:00.000Z,83,63.1,71.5,70.6,66.1
שיבא,102.9,2021-09-18T00:00:00.000Z,90.8,78.1,96.8,95.1,93.4
ברזילי,83.9,2021-09-18T00:00:00.000Z,80.3,63.7,79,78.5,73
יוספטל,87.5,2021-09-18T00:00:00.000Z,52.7,37.5,50.8,50.8,50.5
"רמב""ם",87.9,2021-09-18T00:00:00.000Z,85.9,70.7,85,84.1,91.5
הלל יפה,88.4,2021-09-18T00:00:00.000Z,85.2,67.9,85.2,84.7,79.3
נהריה,79.5,2021-09-18T00:00:00.000Z,76.2,51.4,82.2,81.2,73
הדסה עין כרם,126.2,2021-09-18T00:00:00.000Z,116.8,127,89.8,85.6,107.6
מעייני הישועה,91.1,2021-09-18T00:00:00.000Z,94.9,83.8,115.2,124.8,108.2
אסותא אשדוד,140.7,2021-09-18T00:00:00.000Z,152.8,,122.2,135.5,
קפלן,79.3,2021-09-18T00:00:00.000Z,64.1,71.8,76,70.5,78.3
שערי צדק,88.7,2021-09-18T00:00:00.000Z,85.3,87.5,97.1,97.8,96.9
מאיר,77.5,2021-09-18T00:00:00.000Z,70.6,62.1,73.4,73,63.9
רבין ק. בילינסון,91.6,2021-09-18T00:00:00.000Z,85,71.6,81.4,79.6,78.5
הכרמל,37.7,2021-09-18T00:00:00.000Z,40.3,60,66.5,68.1,70.6
הדסה הר הצופים,75,2021-09-18T00:00:00.000Z,74.2,92.5,63.5,66,85.4
כלל המוסדות,83.9,2021-09-18T00:00:00.000Z,77,71.7,82.4,81.8,81.7
וולפסון,57,2021-09-19T00:00:00.000Z,56.5,72.4,71.7,71.4,68.5
שמואל הרופא,5.6,2021-09-19T00:00:00.000Z,5.6,36.9,75.1,73.1,80.2
בני ציון,78.5,2021-09-19T00:00:00.000Z,74.4,73.3,77.6,74.3,81.8
המרכזי בעמק,78.7,2021-09-19T00:00:00.000Z,71.9,68.8,71.8,67.3,70.9
סורוקה,65.9,2021-09-19T00:00:00.000Z,64.3,61.6,74.3,72.4,73
איכילוב,82,2021-09-19T00:00:00.000Z,82.3,76.3,120.3,110.8,109.3
רבין ק. השרון,49.1,2021-09-19T00:00:00.000Z,49.4,43.4,60.2,57.4,56.7
זיו צפת,112.5,2021-09-19T00:00:00.000Z,94.6,78.6,79,77.2,70.7
לניאדו,97.4,2021-09-19T00:00:00.000Z,102.6,76.2,113.6,101.8,87.8
פוריה,57.7,2021-09-19T00:00:00.000Z,57.7,62.8,78.6,72,68.4
שמיר,84.6,2021-09-19T00:00:00.000Z,83.5,61.9,76.4,70.4,65.3
שיבא,88.3,2021-09-19T00:00:00.000Z,92,74.4,95.5,95.3,91.5
ברזילי,83.3,2021-09-19T00:00:00.000Z,80.7,61.3,80.5,78.9,71.8
יוספטל,81.3,2021-09-19T00:00:00.000Z,57.1,36.6,47.7,51,51
"רמב""ם",87.4,2021-09-19T00:00:00.000Z,85.9,69.4,87.8,84.3,89.9
הלל יפה,92.5,2021-09-19T00:00:00.000Z,83.9,65.4,88.9,83.9,78.3
נהריה,67.9,2021-09-19T00:00:00.000Z,75.6,51.3,77.4,80.9,72.7
הדסה עין כרם,115.5,2021-09-19T00:00:00.000Z,116.6,124.1,87.7,86.3,105.2
מעייני הישועה,94.6,2021-09-19T00:00:00.000Z,94.6,82.2,134.8,124.1,108.4
אסותא אשדוד,162.7,2021-09-19T00:00:00.000Z,152.3,,147.1,134.9,
קפלן,82.7,2021-09-19T00:00:00.000Z,64.9,71,75.1,71,76.8
שערי צדק,86.7,2021-09-19T00:00:00.000Z,86,85.1,101.9,98.2,95
מאיר,79.5,2021-09-19T00:00:00.000Z,70.6,61.2,75.8,72.9,62
רבין ק. בילינסון,92.5,2021-09-19T00:00:00.000Z,83.7,70.9,83.6,79.1,77.5
הכרמל,35.8,2021-09-19T00:00:00.000Z,39.6,56.7,67.7,67.5,69.4
הדסה הר הצופים,86.1,2021-09-19T00:00:00.000Z,73,93.7,68.1,65.7,83.7
כלל המוסדות,80.1,2021-09-19T00:00:00.000Z,77.4,70.3,85.2,81.9,80.6
וולפסון,55.3,2021-09-20T00:00:00.000Z,56.3,71.8,63.8,70.2,66.9
שמואל הרופא,5.6,2021-09-20T00:00:00.000Z,5.6,42.9,76.8,73.8,80.5
כלל המוסדות,74.2,2021-09-20T00:00:00.000Z,77.2,68.9,75.4,81.2,79.1
בני ציון,81,2021-09-20T00:00:00.000Z,74.1,71,75.3,72.9,79.6
המרכזי בעמק,77.4,2021-09-20T00:00:00.000Z,72.5,67.1,65.3,67,69.1
סורוקה,58.9,2021-09-20T00:00:00.000Z,63.2,59.7,66.6,71.9,71.5
איכילוב,78.7,2021-09-20T00:00:00.000Z,83,75.1,101.3,110.3,107.4
רבין ק. השרון,50,2021-09-20T00:00:00.000Z,47.9,44.6,50.2,55.8,56.3
זיו צפת,79.7,2021-09-20T00:00:00.000Z,97.1,77,64,76,68.5
לניאדו,76.9,2021-09-20T00:00:00.000Z,101.1,74.7,77.4,101.9,86.5
פוריה,50,2021-09-20T00:00:00.000Z,58.8,61.4,67.3,72.5,66.5
שמיר,81.5,2021-09-20T00:00:00.000Z,83.5,61.4,70,69.8,64.2
שיבא,82,2021-09-20T00:00:00.000Z,91.6,72,89.6,94.7,89.6
ברזילי,71.9,2021-09-20T00:00:00.000Z,80.4,59.4,69,77.5,70.4
יוספטל,56.3,2021-09-20T00:00:00.000Z,60.7,35.7,38.5,51.2,52.5
"רמב""ם",87.4,2021-09-20T00:00:00.000Z,86.4,69.1,79.4,83.5,87.9
הלל יפה,78.8,2021-09-20T00:00:00.000Z,84.8,62.4,70.9,83.3,76.5
נהריה,68.9,2021-09-20T00:00:00.000Z,73.9,50.7,73.8,79.6,72
הדסה עין כרם,123.3,2021-09-20T00:00:00.000Z,115.8,120.9,79.8,85.8,102.6
מעייני הישועה,87.5,2021-09-20T00:00:00.000Z,92.3,78.2,129.1,123.6,107.6
אסותא אשדוד,154.2,2021-09-20T00:00:00.000Z,152.5,,131.1,134.9,
קפלן,68,2021-09-20T00:00:00.000Z,67,69.1,61.5,70.6,75.3
שערי צדק,84.7,2021-09-20T00:00:00.000Z,86.4,83,84.1,97.2,93.2
מאיר,62.5,2021-09-20T00:00:00.000Z,69.1,59.2,64.5,72,60
רבין ק. בילינסון,83.3,2021-09-20T00:00:00.000Z,83.1,69.5,75.7,78.1,75.9
הכרמל,34.9,2021-09-20T00:00:00.000Z,38.3,54.4,60.5,66,67.7
הדסה הר הצופים,86.1,2021-09-20T00:00:00.000Z,74.2,94.4,60.4,65.7,81.8
וולפסון,57.4,2021-09-21T00:00:00.000Z,56,71.7,66.3,68,64.9
שמואל הרופא,5.6,2021-09-21T00:00:00.000Z,5.6,49.2,78,74.5,80.8
בני ציון,88.4,2021-09-21T00:00:00.000Z,74.4,70.4,82.9,71.2,78
המרכזי בעמק,91.6,2021-09-21T00:00:00.000Z,73.9,68.7,71,66.1,69.1
סורוקה,66.3,2021-09-21T00:00:00.000Z,61.5,58.8,70.8,70.2,70.7
איכילוב,82,2021-09-21T00:00:00.000Z,83.2,74.3,105.8,107.8,104
רבין ק. השרון,54.4,2021-09-21T00:00:00.000Z,47,45.4,58.9,53.2,54.9
זיו צפת,89.1,2021-09-21T00:00:00.000Z,95.1,77.7,77.5,72.4,68.2
לניאדו,91,2021-09-21T00:00:00.000Z,98.4,75,82.5,96.7,84.5
פוריה,47.4,2021-09-21T00:00:00.000Z,58.1,60.3,68.2,70.9,63.7
שמיר,89.6,2021-09-21T00:00:00.000Z,82.8,61.6,72.8,68.9,62.8
שיבא,90.4,2021-09-21T00:00:00.000Z,92.8,70.8,94.2,95.4,88
ברזילי,68.2,2021-09-21T00:00:00.000Z,79.2,58.5,70,74.5,68.2
יוספטל,56.3,2021-09-21T00:00:00.000Z,62.5,37.5,52.3,49.9,54.1
"רמב""ם",89.9,2021-09-21T00:00:00.000Z,87,69.9,86.6,81.7,86.7
הלל יפה,81.5,2021-09-21T00:00:00.000Z,83.7,61.3,74.4,80.2,75.2
נהריה,80,2021-09-21T00:00:00.000Z,72.6,51.1,80.3,77.7,71.1
הדסה עין כרם,133,2021-09-21T00:00:00.000Z,116.9,118.2,84,84.3,100.2
מעייני הישועה,83.9,2021-09-21T00:00:00.000Z,90.3,72.5,106.6,123.2,105.9
אסותא אשדוד,144.1,2021-09-21T00:00:00.000Z,152.3,,116,132.3,
קפלן,78,2021-09-21T00:00:00.000Z,68,67.7,67.8,68.6,73.8
שערי צדק,86,2021-09-21T00:00:00.000Z,86.5,80.7,88.3,94.2,89.8
מאיר,76,2021-09-21T00:00:00.000Z,67.4,59,71.7,69.7,59
רבין ק. בילינסון,92.5,2021-09-21T00:00:00.000Z,82.3,68.3,80.1,76.1,74
הכרמל,40.6,2021-09-21T00:00:00.000Z,37.3,53.1,65.4,63.7,65.6
הדסה הר הצופים,91.7,2021-09-21T00:00:00.000Z,75,96.8,63.9,64.2,80.4
כלל המוסדות,80.1,2021-09-21T00:00:00.000Z,76.8,68.4,79.2,79.5,77.5
כלל המוסדות,82.3,2021-09-22T00:00:00.000Z,77.6,68.3,84.7,78.7,77
וולפסון,57.8,2021-09-22T00:00:00.000Z,56.5,71.3,74.1,66.4,63.9
שמואל הרופא,5.6,2021-09-22T00:00:00.000Z,5.6,56.3,78.3,75.3,80.9
בני ציון,87.6,2021-09-22T00:00:00.000Z,77.3,71.3,86.1,72.3,77.2
המרכזי בעמק,94.2,2021-09-22T00:00:00.000Z,77,70,71.5,66.9,69.5
סורוקה,67.1,2021-09-22T00:00:00.000Z,62.1,59.4,74.9,69.6,70.5
איכילוב,86.3,2021-09-22T00:00:00.000Z,84.1,75,119.2,106.4,103.6
רבין ק. השרון,54.4,2021-09-22T00:00:00.000Z,48,44.5,63.1,53.1,53.6
זיו צפת,96.9,2021-09-22T00:00:00.000Z,93.8,78.6,76.9,71.9,69.5
לניאדו,101.3,2021-09-22T00:00:00.000Z,97.6,76,86.4,92.5,84.9
פוריה,48.7,2021-09-22T00:00:00.000Z,55.5,58.6,77.2,69.4,61.9
שמיר,86.9,2021-09-22T00:00:00.000Z,84.3,63.2,75.5,69.2,62.8
ברזילי,78.1,2021-09-22T00:00:00.000Z,77.1,58.9,76.3,72.5,67.9
יוספטל,87.5,2021-09-22T00:00:00.000Z,63.4,40.2,55.4,49.2,54.1
"רמב""ם",86.9,2021-09-22T00:00:00.000Z,87.3,70.6,91.8,81.9,85.7
הלל יפה,80.8,2021-09-22T00:00:00.000Z,83.6,60.2,80.8,77.9,74.1
שיבא,96.2,2021-09-22T00:00:00.000Z,93.3,68.3,101.5,94.9,86.9
נהריה,71.1,2021-09-22T00:00:00.000Z,74,50.7,83.4,77.3,70
הדסה עין כרם,121.4,2021-09-22T00:00:00.000Z,120.2,116.2,86,84.2,99.1
מעייני הישועה,96.4,2021-09-22T00:00:00.000Z,90.1,71.4,116.8,120.2,107.1
אסותא אשדוד,152.5,2021-09-22T00:00:00.000Z,150.8,,127.6,127.3,
קפלן,83.3,2021-09-22T00:00:00.000Z,70.6,65.1,72.8,68.3,72.4
שערי צדק,88.7,2021-09-22T00:00:00.000Z,86.8,79.3,102.6,91.9,88.5
מאיר,83,2021-09-22T00:00:00.000Z,69.1,59,74.2,69.6,58.7
רבין ק. בילינסון,98.2,2021-09-22T00:00:00.000Z,83.8,67.5,83.1,76.1,73.3
הכרמל,42.5,2021-09-22T00:00:00.000Z,37.5,53.6,68.5,62.2,64.6
הדסה הר הצופים,88.9,2021-09-22T00:00:00.000Z,77.4,104,70.5,62.9,80.6
וולפסון,55.7,2021-09-23T00:00:00.000Z,57.3,70.3,71,68,63.8
שמואל הרופא,5.6,2021-09-23T00:00:00.000Z,5.6,63.1,78.6,75.8,81.4
בני ציון,83.5,2021-09-23T00:00:00.000Z,79.8,72.8,81.3,75.6,77
המרכזי בעמק,85.2,2021-09-23T00:00:00.000Z,81,72.4,65.3,68.8,70.9
סורוקה,61.2,2021-09-23T00:00:00.000Z,64.5,60,72.6,70.8,70.5
איכילוב,75,2021-09-23T00:00:00.000Z,84.9,75.3,118,109.1,103.9
רבין ק. השרון,49.1,2021-09-23T00:00:00.000Z,50.1,45.5,56,55.3,54.4
זיו צפת,76.6,2021-09-23T00:00:00.000Z,96.4,80.4,72.6,73,69.8
לניאדו,92.3,2021-09-23T00:00:00.000Z,98.4,77.3,86.4,92.4,86
פוריה,57.7,2021-09-23T00:00:00.000Z,54.4,58.4,76.9,71.6,61.4
שמיר,83,2021-09-23T00:00:00.000Z,85.9,63.9,72.4,71.3,61.9
ברזילי,70.8,2021-09-23T00:00:00.000Z,78.1,59.7,73.3,73.9,67.8
יוספטל,81.3,2021-09-23T00:00:00.000Z,69.6,41.1,58.5,49.5,51.9
"רמב""ם",90.4,2021-09-23T00:00:00.000Z,87.4,71.1,90.6,84.1,85
הלל יפה,82.9,2021-09-23T00:00:00.000Z,84,59.6,75.5,78.8,73
שיבא,86.6,2021-09-23T00:00:00.000Z,94.4,66.3,99.3,96.2,86.5
נהריה,66.8,2021-09-23T00:00:00.000Z,74.1,51,75.1,78.5,69.5
הדסה עין כרם,120.4,2021-09-23T00:00:00.000Z,121.6,115.1,89,84.8,98.3
מעייני הישועה,100,2021-09-23T00:00:00.000Z,91.3,72,119.6,119.4,107.9
אסותא אשדוד,155.9,2021-09-23T00:00:00.000Z,150.6,,126.3,126.6,
קפלן,78,2021-09-23T00:00:00.000Z,74.7,62.1,69.1,69.6,71.1
שערי צדק,89.3,2021-09-23T00:00:00.000Z,87,78.2,98.7,93.8,89
מאיר,66,2021-09-23T00:00:00.000Z,73.1,60,68,71,58.7
רבין ק. בילינסון,90.7,2021-09-23T00:00:00.000Z,87.5,66.5,76.5,78.2,73.1
הכרמל,40.6,2021-09-23T00:00:00.000Z,38.1,55,71,63.9,64.2
הדסה הר הצופים,61.1,2021-09-23T00:00:00.000Z,80.2,104.8,69.8,63.9,80.4
כלל המוסדות,76.8,2021-09-23T00:00:00.000Z,79.2,68.4,82,80.2,76.8
וולפסון,59.8,2021-09-24T00:00:00.000Z,57.1,68.9,67.1,69.1,63.8
שמואל הרופא,5.6,2021-09-24T00:00:00.000Z,5.6,68.3,75.1,76.3,81.6
בני ציון,81,2021-09-24T00:00:00.000Z,81.5,74.7,77.4,78,77.4
המרכזי בעמק,78.1,2021-09-24T00:00:00.000Z,83.9,73.6,64,69.5,71.7
סורוקה,61.2,2021-09-24T00:00:00.000Z,65.6,60.5,68.8,71.5,70.6
איכילוב,75,2021-09-24T00:00:00.000Z,83.4,75,99.2,111.1,104.8
רבין ק. השרון,46.5,2021-09-24T00:00:00.000Z,51.3,47.5,44.8,56.8,55.1
זיו צפת,82.8,2021-09-24T00:00:00.000Z,93.5,81.7,67.4,73,69.6
לניאדו,89.7,2021-09-24T00:00:00.000Z,96.5,77.3,79.4,90.9,86.7
פוריה,64.1,2021-09-24T00:00:00.000Z,53.7,58.1,69.9,72.7,61.2
שמיר,82.2,2021-09-24T00:00:00.000Z,86.2,64.6,66.4,72.3,62.7
ברזילי,76.6,2021-09-24T00:00:00.000Z,77.4,61,67.9,74.5,68.2
יוספטל,81.3,2021-09-24T00:00:00.000Z,72.3,42.9,50.8,49.9,51.9
"רמב""ם",94.9,2021-09-24T00:00:00.000Z,88.1,71.1,83.6,85.8,84.5
הלל יפה,89,2021-09-24T00:00:00.000Z,84,59.8,76.5,78.8,71.8
שיבא,97.9,2021-09-24T00:00:00.000Z,92.5,65.9,92.5,96.4,86.2
נהריה,69.5,2021-09-24T00:00:00.000Z,72.4,52,70.5,78.1,69.4
הדסה עין כרם,118.4,2021-09-24T00:00:00.000Z,122.3,115.5,82.8,85.5,98.4
מעייני הישועה,94.6,2021-09-24T00:00:00.000Z,94.1,72,113,120.8,108.6
אסותא אשדוד,142.4,2021-09-24T00:00:00.000Z,152.8,,116,128.9,
קפלן,73.3,2021-09-24T00:00:00.000Z,77,58.2,64.8,70.1,69.4
שערי צדק,89.3,2021-09-24T00:00:00.000Z,87.2,76.5,87.1,94.9,89.5
מאיר,68,2021-09-24T00:00:00.000Z,73.5,60.5,65.3,70.8,58.7
רבין ק. בילינסון,94.3,2021-09-24T00:00:00.000Z,89.9,65.8,75.1,79,73.1
הכרמל,38.7,2021-09-24T00:00:00.000Z,38.3,55.7,61.8,65.6,64.4
הדסה הר הצופים,66.7,2021-09-24T00:00:00.000Z,78.6,108.3,66.3,64.9,80.2
כלל המוסדות,78.2,2021-09-24T00:00:00.000Z,79.4,68.5,75.9,80.9,76.9
וולפסון,59.8,2021-09-25T00:00:00.000Z,57.3,68.1,68.7,69.1,63.9
שמואל הרופא,5.6,2021-09-25T00:00:00.000Z,5.6,71.4,77.4,76.6,81.8
בני ציון,86,2021-09-25T00:00:00.000Z,82.6,76.2,81.5,79.3,78.4
המרכזי בעמק,86.5,2021-09-25T00:00:00.000Z,84.1,74.6,67.6,69,72.6
סורוקה,64.7,2021-09-25T00:00:00.000Z,64.9,60.9,71.1,71.5,70.7
איכילוב,84.3,2021-09-25T00:00:00.000Z,81.6,74.5,106.3,110.7,105.2
רבין ק. השרון,48.2,2021-09-25T00:00:00.000Z,51.4,47.1,48.5,56.3,54.4
זיו צפת,90.6,2021-09-25T00:00:00.000Z,92.4,83,76.7,73.2,69.7
לניאדו,103.8,2021-09-25T00:00:00.000Z,94.9,77.7,87.2,89,88.3
פוריה,64.1,2021-09-25T00:00:00.000Z,54.4,57,72.7,72.9,62.2
שמיר,91.5,2021-09-25T00:00:00.000Z,85.9,65.2,71.8,72.2,63.5
ברזילי,82.3,2021-09-25T00:00:00.000Z,76.1,62.2,71.9,73.7,69.2
יוספטל,68.8,2021-09-25T00:00:00.000Z,75.9,45.5,49.2,50.5,51.4
"רמב""ם",98,2021-09-25T00:00:00.000Z,89.2,71.9,89,86.4,84.2
הלל יפה,100,2021-09-25T00:00:00.000Z,84.8,59.6,83.3,78.9,70.6
שיבא,103.3,2021-09-25T00:00:00.000Z,92.1,67.5,98,95.6,86.6
נהריה,78.4,2021-09-25T00:00:00.000Z,72,52.9,78.9,77.5,69.8
הדסה עין כרם,125.2,2021-09-25T00:00:00.000Z,122.6,112.8,85.4,85.6,98.6
מעייני הישועה,89.3,2021-09-25T00:00:00.000Z,92.6,73.3,108.9,119.3,108.6
אסותא אשדוד,145.8,2021-09-25T00:00:00.000Z,150.4,,111.3,126.6,
קפלן,84.7,2021-09-25T00:00:00.000Z,77.5,56.3,71.6,69.6,69.3
שערי צדק,88,2021-09-25T00:00:00.000Z,87.6,75.4,90.9,94.3,90.2
מאיר,70.5,2021-09-25T00:00:00.000Z,73.2,62.1,69.4,70.4,60
רבין ק. בילינסון,100.9,2021-09-25T00:00:00.000Z,91.9,66,80.6,79.3,73.4
הכרמל,42.5,2021-09-25T00:00:00.000Z,38.7,57.4,66.5,65.9,65.6
הדסה הר הצופים,77.8,2021-09-25T00:00:00.000Z,79.4,105.6,66,66.1,78
כלל המוסדות,83.7,2021-09-25T00:00:00.000Z,79.4,68.9,80.2,80.7,77.2
וולפסון,54.1,2021-09-26T00:00:00.000Z,57.6,67.2,70.1,69,64
שמואל הרופא,5.6,2021-09-26T00:00:00.000Z,5.6,71.4,79.5,77,81.7
בני ציון,82.6,2021-09-26T00:00:00.000Z,83.7,77.6,85,80.3,79.4
המרכזי בעמק,80.6,2021-09-26T00:00:00.000Z,84.5,74,67.8,68.1,72.6
סורוקה,67.1,2021-09-26T00:00:00.000Z,63.6,60.9,70.4,71.3,70.7
איכילוב,81.3,2021-09-26T00:00:00.000Z,80.5,73.9,117.1,110,105.7
רבין ק. השרון,43,2021-09-26T00:00:00.000Z,50.3,46,46.1,54.5,53.9
זיו צפת,101.6,2021-09-26T00:00:00.000Z,89.7,85.5,82.7,73.4,70.6
לניאדו,103.8,2021-09-26T00:00:00.000Z,93.2,74.8,100.3,87.5,88.4
פוריה,59,2021-09-26T00:00:00.000Z,55.7,55.7,73.2,73,63.4
שמיר,88,2021-09-26T00:00:00.000Z,85.6,66.7,75.3,72.2,64.6
ברזילי,85.4,2021-09-26T00:00:00.000Z,75.9,62.4,74.8,72.7,69.7
יוספטל,62.5,2021-09-26T00:00:00.000Z,73.2,47.3,52.3,50.3,51.2
"רמב""ם",90.4,2021-09-26T00:00:00.000Z,90.7,72.3,89.1,87,83.9
הלל יפה,88.4,2021-09-26T00:00:00.000Z,86.5,59.2,83.3,78.6,69.9
שיבא,95.8,2021-09-26T00:00:00.000Z,92.1,68.4,95.6,95.8,87
נהריה,68.9,2021-09-26T00:00:00.000Z,71.8,54.4,80.1,77.1,71.3
הדסה עין כרם,116.5,2021-09-26T00:00:00.000Z,122.5,109.8,82.8,85,98.9
מעייני הישועה,94.6,2021-09-26T00:00:00.000Z,92.3,74.9,120.3,118.4,108.6
אסותא אשדוד,159.3,2021-09-26T00:00:00.000Z,151.1,,128.7,125.1,
קפלן,76.7,2021-09-26T00:00:00.000Z,78.3,54.2,69.4,69,69.6
שערי צדק,88.7,2021-09-26T00:00:00.000Z,87.5,75.6,92.5,93.4,91.5
מאיר,63,2021-09-26T00:00:00.000Z,72.2,63.4,68,69.8,61.1
רבין ק. בילינסון,98.2,2021-09-26T00:00:00.000Z,93.2,67.4,77.9,79.2,74.4
הכרמל,42.5,2021-09-26T00:00:00.000Z,39.4,59.4,66.7,65.9,66.3
הדסה הר הצופים,58.3,2021-09-26T00:00:00.000Z,79.8,106,66.3,66.4,78.2
כלל המוסדות,79.9,2021-09-26T00:00:00.000Z,79.3,69.1,81.8,80.4,77.7
וולפסון,53.7,2021-09-27T00:00:00.000Z,57.1,66,63,68.7,64.3
שמואל הרופא,5.6,2021-09-27T00:00:00.000Z,5.6,68.7,79.5,77.7,81.1
בני ציון,77.7,2021-09-27T00:00:00.000Z,84.3,79.5,76.4,81.4,79.6
סורוקה,62.8,2021-09-27T00:00:00.000Z,63.8,61.8,68.6,70.7,70.7
איכילוב,74.7,2021-09-27T00:00:00.000Z,80.4,72.7,102,109.6,106.4
רבין ק. השרון,35.1,2021-09-27T00:00:00.000Z,49.4,45.2,36.1,52.5,53.5
זיו צפת,75,2021-09-27T00:00:00.000Z,88.2,88.4,66,74,72.5
לניאדו,107.7,2021-09-27T00:00:00.000Z,94.1,71.9,81.3,85.6,88.7
פוריה,64.1,2021-09-27T00:00:00.000Z,55.9,54.6,71,72.2,64.7
שמיר,81.5,2021-09-27T00:00:00.000Z,86.1,67.4,70.8,72.1,65.8
ברזילי,82.3,2021-09-27T00:00:00.000Z,76.2,62.6,65.9,71.9,69.6
יוספטל,68.8,2021-09-27T00:00:00.000Z,70.5,47.3,44.6,51,49.2
"רמב""ם",94.4,2021-09-27T00:00:00.000Z,91.1,71.4,82.9,87.2,83.4
הלל יפה,86.3,2021-09-27T00:00:00.000Z,85.9,59.5,79.8,77.8,69
שיבא,97.5,2021-09-27T00:00:00.000Z,93.2,68,89.9,95.8,87.1
נהריה,69.5,2021-09-27T00:00:00.000Z,72,56.2,75.5,77.5,72.5
הדסה עין כרם,115.5,2021-09-27T00:00:00.000Z,122.6,106.7,78.6,84.3,99.2
מעייני הישועה,78.6,2021-09-27T00:00:00.000Z,92.3,79.2,115.5,116.3,109.8
אסותא אשדוד,149.2,2021-09-27T00:00:00.000Z,150.6,,122.5,122.4,
קפלן,66,2021-09-27T00:00:00.000Z,77.4,51.8,59.2,68.1,69.8
שערי צדק,85.3,2021-09-27T00:00:00.000Z,87.8,75.2,83.2,92,91.8
המרכזי בעמק,80.6,2021-09-27T00:00:00.000Z,84.8,72.9,67.3,67.5,72.6
מאיר,57,2021-09-27T00:00:00.000Z,69.9,65.5,62.7,68.7,62.6
רבין ק. בילינסון,94.7,2021-09-27T00:00:00.000Z,94,68.8,75.3,78.4,75.1
הכרמל,39.6,2021-09-27T00:00:00.000Z,40.3,60.8,64,65.8,66.9
הדסה הר הצופים,58.3,2021-09-27T00:00:00.000Z,75.8,104.8,63.9,66.2,77.8
כלל המוסדות,76.5,2021-09-27T00:00:00.000Z,79.3,69.1,75.7,79.9,78.1
וולפסון,58.2,2021-09-28T00:00:00.000Z,56.9,63.8,67.9,68.6,63.3
שמואל הרופא,5.6,2021-09-28T00:00:00.000Z,5.6,65.5,80.6,78,80.4
כלל המוסדות,82.8,2021-09-28T00:00:00.000Z,79.6,67.8,80,79.9,77.2
בני ציון,86.8,2021-09-28T00:00:00.000Z,83.8,79.6,83.8,81.5,78.1
רבין ק. בילינסון,104,2021-09-28T00:00:00.000Z,95.7,68.2,83.4,78.4,74.1
סורוקה,65.9,2021-09-28T00:00:00.000Z,64.3,60,71.8,71,69.1
איכילוב,81,2021-09-28T00:00:00.000Z,79.8,70.8,105.5,109.7,105.6
רבין ק. השרון,47.4,2021-09-28T00:00:00.000Z,47.2,44.5,47.7,50.5,52.3
זיו צפת,84.4,2021-09-28T00:00:00.000Z,87.5,86.8,75.5,74.3,71.7
לניאדו,110.3,2021-09-28T00:00:00.000Z,98.5,67.1,88.9,86.2,86.2
פוריה,70.5,2021-09-28T00:00:00.000Z,57.9,54.4,75.2,72.7,64.9
שמיר,90,2021-09-28T00:00:00.000Z,86.1,67.2,72.5,72.2,65.7
הכרמל,43.4,2021-09-28T00:00:00.000Z,41,62.4,67.9,66.3,66.7
ברזילי,89.6,2021-09-28T00:00:00.000Z,77.7,60.7,72.8,71.5,68.8
יוספטל,56.3,2021-09-28T00:00:00.000Z,72.3,45.5,47.7,51.9,47
"רמב""ם",97,2021-09-28T00:00:00.000Z,92.1,70.3,85.5,87.7,81.5
הלל יפה,93.2,2021-09-28T00:00:00.000Z,87,58.6,85.8,79.1,67.3
שיבא,108.4,2021-09-28T00:00:00.000Z,95.4,65.7,95.5,95.9,86.1
נהריה,77.9,2021-09-28T00:00:00.000Z,72,56.3,81.1,77.7,72
הדסה עין כרם,125.2,2021-09-28T00:00:00.000Z,121.5,102.1,80.8,84.1,97.8
מעייני הישועה,78.6,2021-09-28T00:00:00.000Z,91.1,84.1,99.7,114.4,111
אסותא אשדוד,139,2021-09-28T00:00:00.000Z,149.9,,111.6,121.2,
קפלן,72.7,2021-09-28T00:00:00.000Z,77.1,48.9,66.8,67.8,69.2
שערי צדק,86,2021-09-28T00:00:00.000Z,87.9,73.9,88.6,91.9,91.5
המרכזי בעמק,91.6,2021-09-28T00:00:00.000Z,85.3,70.3,76.7,67.8,71.1
מאיר,62,2021-09-28T00:00:00.000Z,69.1,65.8,68.3,68.5,62.5
הדסה הר הצופים,69.4,2021-09-28T00:00:00.000Z,71.8,100,69.8,66.7,75.2
וולפסון,58.6,2021-09-29T00:00:00.000Z,57,62.7,76.9,68.8,62.3
"רמב""ם",89.4,2021-09-29T00:00:00.000Z,93.1,69.7,90.7,87.5,79.2
הלל יפה,91.1,2021-09-29T00:00:00.000Z,88.6,59.5,95.1,80.7,66.2
נהריה,80,2021-09-29T00:00:00.000Z,71.7,58.2,85.8,77.8,72.4
ברזילי,87.5,2021-09-29T00:00:00.000Z,80.7,59,79.8,71.9,67.2
שמואל הרופא,5.6,2021-09-29T00:00:00.000Z,5.6,61.9,79.5,78.4,79.7
בני ציון,83.5,2021-09-29T00:00:00.000Z,83.6,80,85.9,81.7,76.6
רבין ק. בילינסון,100,2021-09-29T00:00:00.000Z,97.3,66.8,88.4,78.9,72.5
סורוקה,67.1,2021-09-29T00:00:00.000Z,64.3,58.7,76.6,71.2,67.7
איכילוב,78,2021-09-29T00:00:00.000Z,79.7,68.8,116.1,109.6,103
רבין ק. השרון,43,2021-09-29T00:00:00.000Z,46.2,46.2,57.7,48.9,52.3
לניאדו,105.1,2021-09-29T00:00:00.000Z,101.3,64.7,106.1,87.1,83.1
פוריה,57.7,2021-09-29T00:00:00.000Z,61.2,53.8,78,73.7,64.5
זיו צפת,100,2021-09-29T00:00:00.000Z,86.8,83.9,91.6,74,69.7
שמיר,84.2,2021-09-29T00:00:00.000Z,86.2,66.2,78,72.1,64.9
הכרמל,42.5,2021-09-29T00:00:00.000Z,41.4,63.1,71.8,66.6,65.7
שיבא,100.8,2021-09-29T00:00:00.000Z,98,66.2,100,96,85.5
יוספטל,50,2021-09-29T00:00:00.000Z,72.3,44.6,44.6,51.2,46.2
הדסה עין כרם,121.4,2021-09-29T00:00:00.000Z,120.4,98.2,91,83.6,95.9
מעייני הישועה,91.1,2021-09-29T00:00:00.000Z,90.3,86.3,117.1,113.4,109.9
אסותא אשדוד,152.5,2021-09-29T00:00:00.000Z,149.2,,133.8,120.6,
קפלן,75.3,2021-09-29T00:00:00.000Z,76.4,48,72.4,67.7,69
שערי צדק,88,2021-09-29T00:00:00.000Z,87.9,72.1,99.8,91.9,89.5
המרכזי בעמק,81.3,2021-09-29T00:00:00.000Z,85.3,69.2,76.7,68.6,70.6
מאיר,74.5,2021-09-29T00:00:00.000Z,67.1,66.3,74.9,68,62.1
הדסה הר הצופים,75,2021-09-29T00:00:00.000Z,68.7,93.3,76.4,67.5,72.3
כלל המוסדות,81.5,2021-09-29T00:00:00.000Z,80,67.1,86.8,80,76
כלל המוסדות,78.3,2021-09-30T00:00:00.000Z,79.9,66.7,84.2,80.3,75.7
וולפסון,61.5,2021-09-30T00:00:00.000Z,57.1,61.8,75,69.2,62
"רמב""ם",90.4,2021-09-30T00:00:00.000Z,93.5,69.5,84.7,87.3,78.7
הלל יפה,89.7,2021-09-30T00:00:00.000Z,90.1,59.9,92,82.8,66
נהריה,74.2,2021-09-30T00:00:00.000Z,73,59.6,83.7,78.1,72.8
ברזילי,79.7,2021-09-30T00:00:00.000Z,82.1,56.6,75.2,72.4,66.1
שמואל הרופא,5.6,2021-09-30T00:00:00.000Z,5.6,58.7,79.2,78.6,78.8
בני ציון,86.8,2021-09-30T00:00:00.000Z,83,81.2,86.8,81.6,76.1
רבין ק. בילינסון,93.8,2021-09-30T00:00:00.000Z,97.5,65.3,84.1,79.6,71.8
סורוקה,64,2021-09-30T00:00:00.000Z,64.3,58.5,75.9,71.4,67.3
איכילוב,82.3,2021-09-30T00:00:00.000Z,78.5,67.3,114.9,109.2,102.2
רבין ק. השרון,43.9,2021-09-30T00:00:00.000Z,44.6,47.2,52.3,48.1,52.5
לניאדו,100,2021-09-30T00:00:00.000Z,101.8,64.1,100,89.9,82.5
פוריה,43.6,2021-09-30T00:00:00.000Z,62.5,53.3,70.4,73.8,65.6
זיו צפת,76.6,2021-09-30T00:00:00.000Z,87.3,81.5,73.5,76.1,70.1
שמיר,79.9,2021-09-30T00:00:00.000Z,85.8,66.5,73.8,72.5,65.7
הכרמל,40.6,2021-09-30T00:00:00.000Z,41.4,62.4,68.3,67.1,66.1
שיבא,99.2,2021-09-30T00:00:00.000Z,98.6,67.4,98.2,95.8,85
יוספטל,75,2021-09-30T00:00:00.000Z,67,42,47.7,49.7,44.2
הדסה עין כרם,110.7,2021-09-30T00:00:00.000Z,120.4,96.9,87.3,84.4,96
מעייני הישועה,89.3,2021-09-30T00:00:00.000Z,89.5,88.1,117.1,113.4,109.8
אסותא אשדוד,159.3,2021-09-30T00:00:00.000Z,149.2,,138.6,121.5,
קפלן,75.3,2021-09-30T00:00:00.000Z,75.2,47.4,70.1,67.6,68.7
שערי צדק,82,2021-09-30T00:00:00.000Z,87.8,70.3,99.5,91.5,88.5
המרכזי בעמק,76.8,2021-09-30T00:00:00.000Z,83.4,67.7,74.3,69.3,69.3
מאיר,61,2021-09-30T00:00:00.000Z,65.9,67.9,74,68.1,62.8
הדסה הר הצופים,69.4,2021-09-30T00:00:00.000Z,66.7,90.5,79.2,68.4,71.6
וולפסון,62.3,2021-10-01T00:00:00.000Z,58,62.8,67.6,69.8,62.3
"רמב""ם",90.9,2021-10-01T00:00:00.000Z,93.5,70.4,81.4,86.5,78.9
הלל יפה,95.9,2021-10-01T00:00:00.000Z,91.1,60.3,92.8,85.1,66
נהריה,72.6,2021-10-01T00:00:00.000Z,74.1,59.5,74.4,79.4,72.8
ברזילי,83.3,2021-10-01T00:00:00.000Z,83.3,55.7,70.2,72.6,65.6
שמואל הרופא,5.6,2021-10-01T00:00:00.000Z,5.6,56.3,80.1,78.7,78.2
בני ציון,87.6,2021-10-01T00:00:00.000Z,83.5,82.3,81.1,82.4,75.1
רבין ק. בילינסון,91.6,2021-10-01T00:00:00.000Z,98,64.9,80,80.7,71.1
סורוקה,70.9,2021-10-01T00:00:00.000Z,64.7,58.9,73.7,71.9,67
איכילוב,82,2021-10-01T00:00:00.000Z,79.5,66.4,101,108.7,101.4
רבין ק. השרון,46.5,2021-10-01T00:00:00.000Z,43.9,47,43.6,47.6,53.2
לניאדו,94.9,2021-10-01T00:00:00.000Z,102.9,63.9,81.6,91.9,83.8
פוריה,56.4,2021-10-01T00:00:00.000Z,60.4,52.4,74.6,72.9,66
זיו צפת,85.9,2021-10-01T00:00:00.000Z,87.3,80.6,65.1,76.2,70.5
שמיר,83,2021-10-01T00:00:00.000Z,85.3,66.2,70.6,72.7,64.9
הכרמל,41.5,2021-10-01T00:00:00.000Z,41.4,62.1,60.9,66.7,65.9
שיבא,103.8,2021-10-01T00:00:00.000Z,100.4,67.5,93.7,95.7,84.7
יוספטל,87.5,2021-10-01T00:00:00.000Z,66.1,40.2,56.9,48.1,43.3
הדסה עין כרם,118.4,2021-10-01T00:00:00.000Z,119,96.5,81.7,84.1,95.6
מעייני הישועה,87.5,2021-10-01T00:00:00.000Z,88,87.9,117.7,113.1,109.2
אסותא אשדוד,150.8,2021-10-01T00:00:00.000Z,149.6,,122.5,123.2,
קפלן,76,2021-10-01T00:00:00.000Z,74.9,47.3,64,67.8,68.9
שערי צדק,84.7,2021-10-01T00:00:00.000Z,86.8,68.7,88.2,91.7,88.2
המרכזי בעמק,82.6,2021-10-01T00:00:00.000Z,82.2,66.5,70,70.6,68.4
מאיר,61.5,2021-10-01T00:00:00.000Z,65.1,67.8,67.6,68.9,63.2
הדסה הר הצופים,75,2021-10-01T00:00:00.000Z,67.9,84.9,67.7,69.7,70.8
כלל המוסדות,80.6,2021-10-01T00:00:00.000Z,80.1,66.5,78.4,80.7,75.5
וולפסון,70.1,2021-10-02T00:00:00.000Z,58.3,63.6,73.9,69.9,62.3
הלל יפה,107.5,2021-10-02T00:00:00.000Z,92.1,61.1,96.3,87.5,66.5
"רמב""ם",97.5,2021-10-02T00:00:00.000Z,92.9,70.4,86.3,86.2,79
ברזילי,88.5,2021-10-02T00:00:00.000Z,84.3,55.4,73.2,72.9,65.7
נהריה,83.2,2021-10-02T00:00:00.000Z,74.5,59.2,79.7,79.9,72.9
שמואל הרופא,5.6,2021-10-02T00:00:00.000Z,5.6,54.4,80.6,79.4,77.2
בני ציון,88.4,2021-10-02T00:00:00.000Z,84.4,82.2,84.5,82.9,73.6
רבין ק. בילינסון,102.6,2021-10-02T00:00:00.000Z,97.6,65,87,81.4,71
סורוקה,78.3,2021-10-02T00:00:00.000Z,66.1,59.9,78.9,72.6,67.2
איכילוב,86.7,2021-10-02T00:00:00.000Z,80.5,65.6,109.1,109,101.1
רבין ק. השרון,57.9,2021-10-02T00:00:00.000Z,43.9,47,56,47.4,53.9
לניאדו,101.3,2021-10-02T00:00:00.000Z,103.7,63.1,88.9,92.2,83.3
פוריה,62.8,2021-10-02T00:00:00.000Z,59.3,51.8,78,73.6,65.6
זיו צפת,96.9,2021-10-02T00:00:00.000Z,87.7,80.6,74.9,75.9,70.9
שמיר,89.6,2021-10-02T00:00:00.000Z,85.4,66.7,74.1,73.3,64.7
הכרמל,42.5,2021-10-02T00:00:00.000Z,41.8,61.6,65.4,66.6,65.4
שיבא,107.5,2021-10-02T00:00:00.000Z,101.3,67.8,100.1,95.8,84.8
יוספטל,100,2021-10-02T00:00:00.000Z,67,40.2,55.4,49,44.2
הדסה עין כרם,128.2,2021-10-02T00:00:00.000Z,119,98.3,87.2,84,96.6
מעייני הישועה,76.8,2021-10-02T00:00:00.000Z,87,86.5,109.5,113.7,109.6
אסותא אשדוד,135.6,2021-10-02T00:00:00.000Z,150.8,,114,124.1,
קפלן,80,2021-10-02T00:00:00.000Z,75.2,48.4,69.3,67.6,68.6
שערי צדק,84,2021-10-02T00:00:00.000Z,86.1,66.5,92.1,91.8,87.8
המרכזי בעמק,94.2,2021-10-02T00:00:00.000Z,82.9,65.1,75.7,71.5,68.4
מאיר,71,2021-10-02T00:00:00.000Z,64.2,68,74,69.3,62.9
הדסה הר הצופים,83.3,2021-10-02T00:00:00.000Z,69,83.7,70.1,69.9,71
כלל המוסדות,86.8,2021-10-02T00:00:00.000Z,80.5,66.4,83.1,81,75.4
וולפסון,77,2021-10-03T00:00:00.000Z,59.8,64.2,79.4,70.6,62.6
הלל יפה,107.5,2021-10-03T00:00:00.000Z,93.2,62.8,94.8,89.3,67.3
"רמב""ם",99,2021-10-03T00:00:00.000Z,92.9,71.3,95.5,85.8,79.4
ברזילי,89.1,2021-10-03T00:00:00.000Z,85.2,55.7,83.3,73.1,66.1
נהריה,73.7,2021-10-03T00:00:00.000Z,75.2,58.8,81.4,80,72.7
שמואל הרופא,5.6,2021-10-03T00:00:00.000Z,5.6,53.2,80.1,79.8,76.8
בני ציון,85.1,2021-10-03T00:00:00.000Z,84.8,82.4,88.5,83.4,72.9
רבין ק. בילינסון,101.3,2021-10-03T00:00:00.000Z,97.9,64.9,88.8,82.3,70.7
סורוקה,70.9,2021-10-03T00:00:00.000Z,68,62.1,79.2,73.7,67.9
איכילוב,85,2021-10-03T00:00:00.000Z,80.9,64.3,121.2,109.4,100.9
רבין ק. השרון,55.3,2021-10-03T00:00:00.000Z,45.2,48.1,65.1,48.5,55.2
לניאדו,91,2021-10-03T00:00:00.000Z,103.3,64.4,98.6,92.4,83.6
פוריה,64.1,2021-10-03T00:00:00.000Z,59.2,52.9,80,74.4,65.8
זיו צפת,98.4,2021-10-03T00:00:00.000Z,88.6,81,76.9,75.6,70.9
שמיר,85.7,2021-10-03T00:00:00.000Z,85.2,65.9,76.7,73.6,64.3
הכרמל,41.5,2021-10-03T00:00:00.000Z,41.8,60.8,68.7,66.4,65.4
שיבא,107.9,2021-10-03T00:00:00.000Z,101.9,68.7,100.6,96.1,85.2
יוספטל,93.8,2021-10-03T00:00:00.000Z,71.4,43.8,58.5,49.9,44.6
הדסה עין כרם,124.3,2021-10-03T00:00:00.000Z,119.4,101.1,93,84.2,97.4
מעייני הישועה,96.4,2021-10-03T00:00:00.000Z,85.2,85.2,125,113.8,110.5
אסותא אשדוד,149.2,2021-10-03T00:00:00.000Z,149.4,,132.4,124.5,
קפלן,84,2021-10-03T00:00:00.000Z,74.6,48.8,76.7,67.3,68.6
שערי צדק,87.3,2021-10-03T00:00:00.000Z,85.5,64.6,106.8,92,86.8
המרכזי בעמק,94.8,2021-10-03T00:00:00.000Z,84,64.1,76.5,72.6,68.1
מאיר,78,2021-10-03T00:00:00.000Z,64.3,68.2,79.8,69.9,63.2
הדסה הר הצופים,97.2,2021-10-03T00:00:00.000Z,69.8,84.1,78.1,70.5,71.4
כלל המוסדות,86.8,2021-10-03T00:00:00.000Z,80.9,66.7,88.3,81.4,75.5
וולפסון,77.9,2021-10-04T00:00:00.000Z,63.1,64.6,80.1,72,63
הלל יפה,84.9,2021-10-04T00:00:00.000Z,95.9,64.1,92.2,91,68.7
"רמב""ם",98.5,2021-10-04T00:00:00.000Z,94.1,72.5,93.6,86.7,80.2
ברזילי,84.4,2021-10-04T00:00:00.000Z,85.7,55.5,82,74.3,67.1
נהריה,79.5,2021-10-04T00:00:00.000Z,75.9,58.5,82.3,80.2,73
שמואל הרופא,5.6,2021-10-04T00:00:00.000Z,5.6,52,80.1,79.9,76.5
בני ציון,80.2,2021-10-04T00:00:00.000Z,85.1,81.7,85.2,83.9,73.4
רבין ק. בילינסון,96,2021-10-04T00:00:00.000Z,98.3,64.8,90.9,83.9,71.3
סורוקה,65.9,2021-10-04T00:00:00.000Z,68.5,62.4,76.3,75,68.6
איכילוב,80.7,2021-10-04T00:00:00.000Z,81.4,64,122.8,110,101.7
רבין ק. השרון,57,2021-10-04T00:00:00.000Z,47,48.9,61.8,51.2,57.7
לניאדו,84.6,2021-10-04T00:00:00.000Z,101.5,66.4,102.5,92.2,83.9
פוריה,61.5,2021-10-04T00:00:00.000Z,59.9,53.3,74.6,75.3,66.4
זיו צפת,79.7,2021-10-04T00:00:00.000Z,88.2,82.1,73.2,74.8,71.5
שמיר,79.2,2021-10-04T00:00:00.000Z,84.8,65.3,80,73.8,64
הכרמל,38.7,2021-10-04T00:00:00.000Z,41.6,59.8,71.8,66.7,66.1
שיבא,98.7,2021-10-04T00:00:00.000Z,103.6,69.9,103,96.9,85.9
יוספטל,93.8,2021-10-04T00:00:00.000Z,75.9,48.2,53.8,50.8,45.3
הדסה עין כרם,123.3,2021-10-04T00:00:00.000Z,120.5,104.2,95.2,85.7,99
מעייני הישועה,101.8,2021-10-04T00:00:00.000Z,85.5,81.7,122.5,114.5,109.2
אסותא אשדוד,150.8,2021-10-04T00:00:00.000Z,147.9,,135.5,125.1,
קפלן,86,2021-10-04T00:00:00.000Z,75.6,50.6,83.9,68.3,69.2
שערי צדק,86.7,2021-10-04T00:00:00.000Z,85.3,62.8,107.8,94,86.7
המרכזי בעמק,92.3,2021-10-04T00:00:00.000Z,86,62.9,76.5,73.9,67.9
מאיר,67,2021-10-04T00:00:00.000Z,66.4,68.6,77.9,71.6,63.4
הדסה הר הצופים,91.7,2021-10-04T00:00:00.000Z,75.4,86.9,81.9,72.2,73.8
כלל המוסדות,82.6,2021-10-04T00:00:00.000Z,81.9,66.9,88.8,82.4,76.1
וולפסון,70.5,2021-10-05T00:00:00.000Z,66.5,64.6,77.6,74.4,64.5
הלל יפה,98.6,2021-10-05T00:00:00.000Z,95.7,65.9,93.8,92.7,69.5
"רמב""ם",106.6,2021-10-05T00:00:00.000Z,94.7,73.2,95.6,88.2,81.7
ברזילי,83.3,2021-10-05T00:00:00.000Z,86,56.3,86.6,76.6,68.9
נהריה,81.6,2021-10-05T00:00:00.000Z,77.3,58.6,84.5,81.2,74.3
שמואל הרופא,5.6,2021-10-05T00:00:00.000Z,5.6,50.8,80.4,80,76.4
בני ציון,79.3,2021-10-05T00:00:00.000Z,85.5,81,84.1,85.1,74.7
רבין ק. בילינסון,92.5,2021-10-05T00:00:00.000Z,98.5,66,87.4,86.1,73.3
סורוקה,68.6,2021-10-05T00:00:00.000Z,69,63.7,78.9,76.1,70.1
איכילוב,77.3,2021-10-05T00:00:00.000Z,82.2,64.1,123.1,113,104.7
רבין ק. השרון,52.6,2021-10-05T00:00:00.000Z,50.1,49.5,69.3,54.9,60.8
לניאדו,85.9,2021-10-05T00:00:00.000Z,98.2,69.4,99.4,95.2,85.8
פוריה,55.1,2021-10-05T00:00:00.000Z,59.5,51.8,72.4,75.9,67.5
זיו צפת,90.6,2021-10-05T00:00:00.000Z,88.8,83.9,78.7,75.8,72.4
שמיר,75.7,2021-10-05T00:00:00.000Z,84.5,64.5,77.1,75.1,63.9
הכרמל,39.6,2021-10-05T00:00:00.000Z,41.5,57.4,74.2,67.8,67.3
שיבא,112.1,2021-10-05T00:00:00.000Z,103.8,71.1,98,98.7,87.4
יוספטל,81.3,2021-10-05T00:00:00.000Z,79.5,51.8,64.6,52.1,45.7
הדסה עין כרם,130.1,2021-10-05T00:00:00.000Z,121.6,107.2,97.8,88,102.3
מעייני הישועה,100,2021-10-05T00:00:00.000Z,88.8,77.6,120.3,115.5,108.4
אסותא אשדוד,149.2,2021-10-05T00:00:00.000Z,148.2,,141.3,126.9,
קפלן,79.3,2021-10-05T00:00:00.000Z,78.5,52.9,75.6,71.9,70.5
שערי צדק,88,2021-10-05T00:00:00.000Z,85.5,61.6,111.1,97.5,87.2
המרכזי בעמק,92.9,2021-10-05T00:00:00.000Z,87.6,62.7,77,75.2,68.3
מאיר,70.5,2021-10-05T00:00:00.000Z,67.9,68.1,75.1,73.8,63.7
הדסה הר הצופים,88.9,2021-10-05T00:00:00.000Z,80.2,89.7,88.5,74.8,76.7
כלל המוסדות,83.7,2021-10-05T00:00:00.000Z,82.8,67.3,88.8,84.2,77.4
כלל המוסדות,81.2,2021-10-06T00:00:00.000Z,82.9,66.5,88.5,85.5,78
וולפסון,66,2021-10-06T00:00:00.000Z,68.3,63.5,75.1,75.8,65
הלל יפה,91.8,2021-10-06T00:00:00.000Z,96.5,65.9,90.3,93.9,69.9
"רמב""ם",100.5,2021-10-06T00:00:00.000Z,96,73.4,101.8,89.7,83.1
ברזילי,78.6,2021-10-06T00:00:00.000Z,85.1,56.5,82,78.6,70.3
נהריה,82.6,2021-10-06T00:00:00.000Z,77.8,57.1,85.5,81.7,74.6
שמואל הרופא,5.6,2021-10-06T00:00:00.000Z,5.6,49.6,80.6,80,76.5
בני ציון,71.9,2021-10-06T00:00:00.000Z,84.4,77.8,84.5,85.2,75.5
רבין ק. בילינסון,92.5,2021-10-06T00:00:00.000Z,96.9,66,90.7,86.7,74.2
סורוקה,60.1,2021-10-06T00:00:00.000Z,69.4,63.3,74.2,77.1,70.4
איכילוב,85.7,2021-10-06T00:00:00.000Z,81.7,64.3,123.9,115.5,107
רבין ק. השרון,57.9,2021-10-06T00:00:00.000Z,50.9,49.4,64.3,58,62.5
לניאדו,106.4,2021-10-06T00:00:00.000Z,94.7,72.2,101.1,96.7,86.4
פוריה,52.6,2021-10-06T00:00:00.000Z,57.3,50.5,70.1,75.5,68
זיו צפת,100,2021-10-06T00:00:00.000Z,89.7,85.3,79.3,76.3,72.3
שמיר,76.8,2021-10-06T00:00:00.000Z,82.5,63.6,74.4,75.8,63.5
הכרמל,44.3,2021-10-06T00:00:00.000Z,41,54.4,73,68.7,68.1
שיבא,87.9,2021-10-06T00:00:00.000Z,104.3,69.9,99.2,99.1,88.3
יוספטל,56.3,2021-10-06T00:00:00.000Z,83,52.7,58.5,54.5,43.5
הדסה עין כרם,114.6,2021-10-06T00:00:00.000Z,122.3,108.9,94.3,90.5,104.1
מעייני הישועה,94.6,2021-10-06T00:00:00.000Z,91.8,73.3,121.5,118.4,106.3
אסותא אשדוד,159.3,2021-10-06T00:00:00.000Z,149.6,,141.6,131.2,
קפלן,81.3,2021-10-06T00:00:00.000Z,79.4,51.9,79,73.1,70.3
שערי צדק,86,2021-10-06T00:00:00.000Z,85.8,60.4,110.4,100.7,87.8
המרכזי בעמק,83.2,2021-10-06T00:00:00.000Z,87.8,61.3,70.8,75.3,67.6
מאיר,71.5,2021-10-06T00:00:00.000Z,69.1,65.2,78.8,74.8,62.9
הדסה הר הצופים,80.6,2021-10-06T00:00:00.000Z,82.9,90.1,88.2,77.4,79.4
וולפסון,59.8,2021-10-07T00:00:00.000Z,69.3,62.4,65.7,75.5,63.9
הלל יפה,87,2021-10-07T00:00:00.000Z,96.6,65.9,86,93.2,69.5
"רמב""ם",92.9,2021-10-07T00:00:00.000Z,97.6,73,92.5,91.3,82.8
ברזילי,75.5,2021-10-07T00:00:00.000Z,83.9,56.8,77.5,78.9,70.1
נהריה,80.5,2021-10-07T00:00:00.000Z,78.2,56.2,81.5,81.6,74.2
שמואל הרופא,5.6,2021-10-07T00:00:00.000Z,5.6,50,80.6,80.1,76.8
בני ציון,62.8,2021-10-07T00:00:00.000Z,82.8,74.1,82.4,85,74.8
רבין ק. בילינסון,95.6,2021-10-07T00:00:00.000Z,95.8,66.1,84.7,87,73.6
סורוקה,61.6,2021-10-07T00:00:00.000Z,68.4,61.6,71.4,76.7,69.9
איכילוב,78.3,2021-10-07T00:00:00.000Z,82.8,63.6,114.4,116.6,106.4
רבין ק. השרון,46.5,2021-10-07T00:00:00.000Z,53,47.4,58.5,58.9,62.1
לניאדו,82.1,2021-10-07T00:00:00.000Z,94.9,72,93.9,96,84.4
פוריה,52.6,2021-10-07T00:00:00.000Z,56.6,47.1,66.8,74.3,66.8
זיו צפת,85.9,2021-10-07T00:00:00.000Z,89.7,84.6,77.5,74.5,70.4
שמיר,78,2021-10-07T00:00:00.000Z,81.4,62.4,71.4,75.2,62.2
הכרמל,46.2,2021-10-07T00:00:00.000Z,41.2,52.3,69.1,68.9,67.1
שיבא,93.7,2021-10-07T00:00:00.000Z,102.5,66.8,104,99,88.1
יוספטל,81.3,2021-10-07T00:00:00.000Z,83.9,55.4,49.2,56.5,43.1
הדסה עין כרם,112.6,2021-10-07T00:00:00.000Z,121.4,108,91.9,90.9,104
מעייני הישועה,83.9,2021-10-07T00:00:00.000Z,92.3,70.4,116.1,119.1,103.4
אסותא אשדוד,164.4,2021-10-07T00:00:00.000Z,150.6,,144,132.3,
קפלן,67.3,2021-10-07T00:00:00.000Z,80.3,51.5,67.5,74.1,69.9
שערי צדק,82,2021-10-07T00:00:00.000Z,85.5,60.7,101.8,102.3,85.9
המרכזי בעמק,76.1,2021-10-07T00:00:00.000Z,88.1,59.7,62.9,74.4,66.2
מאיר,68,2021-10-07T00:00:00.000Z,68.6,61.7,75.8,75.3,61
הדסה הר הצופים,75,2021-10-07T00:00:00.000Z,83.7,92.5,87.2,79.1,80.8
כלל המוסדות,77.7,2021-10-07T00:00:00.000Z,82.9,65.4,84.3,85.7,77.3
כלל המוסדות,78.9,2021-10-08T00:00:00.000Z,82.8,64.6,76.9,85.8,76.5
וולפסון,69.7,2021-10-08T00:00:00.000Z,69.1,60.2,61.8,74.2,62.2
הלל יפה,89,2021-10-08T00:00:00.000Z,96.2,65.7,80.8,92.3,69.7
"רמב""ם",98,2021-10-08T00:00:00.000Z,98,72.3,82.8,92.4,82.5
ברזילי,78.6,2021-10-08T00:00:00.000Z,83.3,56.7,72.8,79.2,69.4
נהריה,89.5,2021-10-08T00:00:00.000Z,79.1,56.8,75.8,81.3,74.3
שמואל הרופא,5.6,2021-10-08T00:00:00.000Z,5.6,52.4,78.9,80.4,77.4
בני ציון,67.8,2021-10-08T00:00:00.000Z,79.3,71.3,72.3,84.3,74.2
רבין ק. בילינסון,91.6,2021-10-08T00:00:00.000Z,96,65.8,80.5,87.1,72.5
סורוקה,62,2021-10-08T00:00:00.000Z,68.1,59.9,69,76.1,68.9
איכילוב,74.3,2021-10-08T00:00:00.000Z,82.2,63.5,96.3,116.5,105.6
רבין ק. השרון,42.1,2021-10-08T00:00:00.000Z,53.4,46.5,45.6,59.8,62
לניאדו,84.6,2021-10-08T00:00:00.000Z,92.3,73,74.9,95.1,79.9
פוריה,51.3,2021-10-08T00:00:00.000Z,57.9,46.5,62.8,73.8,66
זיו צפת,79.7,2021-10-08T00:00:00.000Z,91.1,82.6,61.1,75.1,69.5
שמיר,78,2021-10-08T00:00:00.000Z,81.1,61.6,66,74.9,61.4
הכרמל,49.1,2021-10-08T00:00:00.000Z,42,50.5,61.6,69,66.4
שיבא,87.9,2021-10-08T00:00:00.000Z,101.7,65,92.8,99.8,88.2
יוספטל,62.5,2021-10-08T00:00:00.000Z,84.8,57.1,44.6,56.7,43.3
הדסה עין כרם,113.6,2021-10-08T00:00:00.000Z,121.6,108.9,83.6,91.6,103.6
מעייני הישועה,98.2,2021-10-08T00:00:00.000Z,91.6,69.3,115.5,118.9,101
אסותא אשדוד,155.9,2021-10-08T00:00:00.000Z,151.3,,128,133.1,
קפלן,67.3,2021-10-08T00:00:00.000Z,79.1,51.7,64.7,73.7,69.8
שערי צדק,83.3,2021-10-08T00:00:00.000Z,85.5,60.6,92.3,102.6,83.5
המרכזי בעמק,81.3,2021-10-08T00:00:00.000Z,88,59.2,61.4,72.8,65
מאיר,68,2021-10-08T00:00:00.000Z,69.6,59.4,72,75.6,59
הדסה הר הצופים,80.6,2021-10-08T00:00:00.000Z,84.5,96,77.1,80.3,80.9
וולפסון,73,2021-10-09T00:00:00.000Z,70.1,59.5,67.2,73.4,61.8
הלל יפה,95.9,2021-10-09T00:00:00.000Z,95.2,64.4,88.3,90.6,69.3
"רמב""ם",102,2021-10-09T00:00:00.000Z,99,72,87.9,92.6,82
ברזילי,88,2021-10-09T00:00:00.000Z,82.6,55.4,78.6,79.6,68.2
נהריה,104.2,2021-10-09T00:00:00.000Z,81.5,57.5,85.9,81.5,73.8
שמואל הרופא,5.6,2021-10-09T00:00:00.000Z,5.6,55.6,79.5,80.2,78.4
בני ציון,77.7,2021-10-09T00:00:00.000Z,76.5,69.4,78.8,83.1,73.4
רבין ק. בילינסון,95.6,2021-10-09T00:00:00.000Z,96,65.9,85.3,87.1,71.4
סורוקה,65.9,2021-10-09T00:00:00.000Z,66.8,59.2,72.6,75.4,68.3
איכילוב,80.3,2021-10-09T00:00:00.000Z,81.1,64.2,103.8,115.8,105.1
רבין ק. השרון,55.3,2021-10-09T00:00:00.000Z,52.8,46.7,61,60.1,61.9
לניאדו,89.7,2021-10-09T00:00:00.000Z,90.8,72.7,82.7,94.2,76.6
פוריה,55.1,2021-10-09T00:00:00.000Z,57.1,46.3,69.6,72.1,65.1
זיו צפת,90.6,2021-10-09T00:00:00.000Z,90.2,81.5,73.2,74.5,69
שמיר,80.7,2021-10-09T00:00:00.000Z,80.4,59.9,69.7,74.2,59.9
הכרמל,53.8,2021-10-09T00:00:00.000Z,43.1,49.7,67.9,69.1,66.2
שיבא,94.1,2021-10-09T00:00:00.000Z,99.4,62.7,97,99.7,88.1
יוספטל,56.3,2021-10-09T00:00:00.000Z,81.3,56.3,49.2,54.9,43.5
הדסה עין כרם,118.4,2021-10-09T00:00:00.000Z,120.9,110.4,87.8,91.9,103.3
מעייני הישועה,103.6,2021-10-09T00:00:00.000Z,93.1,67.9,100.9,118.6,97.9
אסותא אשדוד,152.5,2021-10-09T00:00:00.000Z,152.1,,120.8,133.8,
קפלן,80.7,2021-10-09T00:00:00.000Z,77.9,51.1,74,73.8,69.7
שערי צדק,84.7,2021-10-09T00:00:00.000Z,85.3,61,96.6,103.2,82.2
המרכזי בעמק,91,2021-10-09T00:00:00.000Z,87.8,59.5,71,71.6,63.8
מאיר,74.5,2021-10-09T00:00:00.000Z,70.6,58.6,75.6,76.2,57.7
הדסה הר הצופים,86.1,2021-10-09T00:00:00.000Z,85.3,97.6,78.8,81.6,81
כלל המוסדות,85.1,2021-10-09T00:00:00.000Z,82.5,64.2,81.9,85.5,75.8
וולפסון,72.1,2021-10-10T00:00:00.000Z,70.6,59.4,73.9,72.4,61.4
הלל יפה,91.8,2021-10-10T00:00:00.000Z,93.5,62.7,89.7,89.5,69.3
"רמב""ם",93.9,2021-10-10T00:00:00.000Z,99.6,71.7,95.2,92.8,82.1
ברזילי,96.4,2021-10-10T00:00:00.000Z,82.5,54.8,88.6,80.4,68.2
נהריה,94.2,2021-10-10T00:00:00.000Z,84.5,57.7,87.8,82.4,73.2
שמואל הרופא,5.6,2021-10-10T00:00:00.000Z,5.6,59.1,79.2,80,79.1
בני ציון,86,2021-10-10T00:00:00.000Z,75,67.4,85,82.3,72.8
רבין ק. בילינסון,97.8,2021-10-10T00:00:00.000Z,95,66.6,87.5,86.9,71
סורוקה,70.9,2021-10-10T00:00:00.000Z,65,58.7,76.7,74.5,67.9
איכילוב,79.3,2021-10-10T00:00:00.000Z,80.2,65.6,120.2,115.1,104.9
רבין ק. השרון,66.7,2021-10-10T00:00:00.000Z,52.4,45.7,75.1,60.8,60.9
לניאדו,88.5,2021-10-10T00:00:00.000Z,89.2,73.1,98.1,93.3,75.6
פוריה,57.7,2021-10-10T00:00:00.000Z,56,45.6,74.1,70.9,63.9
זיו צפת,103.1,2021-10-10T00:00:00.000Z,89.3,80.8,83.6,74.3,69.9
שמיר,80.3,2021-10-10T00:00:00.000Z,79.2,58.9,75.4,73.6,59.2
הכרמל,55.7,2021-10-10T00:00:00.000Z,44.7,49.7,76.5,69.5,67.3
שיבא,104.6,2021-10-10T00:00:00.000Z,97.5,60.9,104.1,99.2,88.1
יוספטל,68.8,2021-10-10T00:00:00.000Z,75,54.5,55.4,54.1,44.4
הדסה עין כרם,107.8,2021-10-10T00:00:00.000Z,119.6,111.4,90.7,92,102.9
מעייני הישועה,116.1,2021-10-10T00:00:00.000Z,96.9,67.1,115.5,117.4,95.5
אסותא אשדוד,167.8,2021-10-10T00:00:00.000Z,154.5,,144,134.8,
קפלן,79.3,2021-10-10T00:00:00.000Z,78,50.5,77.6,74.5,69.4
שערי צדק,88.7,2021-10-10T00:00:00.000Z,85.4,61.1,108.3,103.8,82.6
המרכזי בעמק,92.3,2021-10-10T00:00:00.000Z,87.4,60.3,77.9,70.9,63.8
מאיר,84,2021-10-10T00:00:00.000Z,71.1,59.5,84.4,76.4,57.3
הדסה הר הצופים,77.8,2021-10-10T00:00:00.000Z,85.7,97.2,80.6,82.8,80.9
כלל המוסדות,87.1,2021-10-10T00:00:00.000Z,82.3,64.1,89.1,85.4,75.6
וולפסון,75,2021-10-11T00:00:00.000Z,69.8,59.6,75.7,71.6,61.4
הלל יפה,96.6,2021-10-11T00:00:00.000Z,91.3,61.3,89.7,88.7,69.3
"רמב""ם",98.5,2021-10-11T00:00:00.000Z,98.9,71.9,96.9,92.8,82.4
ברזילי,88.5,2021-10-11T00:00:00.000Z,83.6,54.6,87.1,81.1,68
נהריה,87.9,2021-10-11T00:00:00.000Z,87.4,57.5,87.3,83.3,72.3
שמואל הרופא,5.6,2021-10-11T00:00:00.000Z,5.6,63.5,80.1,79.9,79.8
בני ציון,85.1,2021-10-11T00:00:00.000Z,75.1,65.3,79.4,81.8,72.1
רבין ק. בילינסון,94.3,2021-10-11T00:00:00.000Z,94.5,68.1,88.6,86.7,70.6
סורוקה,63.2,2021-10-11T00:00:00.000Z,65,58.8,75.8,74.2,67.7
איכילוב,85,2021-10-11T00:00:00.000Z,79.4,67.3,124.1,114.9,105
רבין ק. השרון,62.3,2021-10-11T00:00:00.000Z,54,44.4,70.5,62.2,59.3
לניאדו,92.3,2021-10-11T00:00:00.000Z,88.8,73.3,101.1,93.2,75
פוריה,56.4,2021-10-11T00:00:00.000Z,55.1,45.8,73.5,70.1,62.7
זיו צפת,87.5,2021-10-11T00:00:00.000Z,90,79.7,79,75.2,70
שמיר,81.9,2021-10-11T00:00:00.000Z,78.4,58.1,74.4,73.4,58.6
הכרמל,56.6,2021-10-11T00:00:00.000Z,46.8,50.1,80.2,70.6,68.3
שיבא,92.5,2021-10-11T00:00:00.000Z,97,59.4,102.2,99.7,87.9
יוספטל,62.5,2021-10-11T00:00:00.000Z,71.4,50.9,47.7,53.6,45.3
הדסה עין כרם,121.4,2021-10-11T00:00:00.000Z,117.2,112.1,93.3,91.6,102.3
מעייני הישועה,96.4,2021-10-11T00:00:00.000Z,99.7,67.4,115.8,116,95.1
אסותא אשדוד,152.5,2021-10-11T00:00:00.000Z,157.1,,148.5,136.5,
קפלן,80,2021-10-11T00:00:00.000Z,77.3,50,79.5,74.6,68.8
שערי צדק,90,2021-10-11T00:00:00.000Z,85.6,61.4,108.7,104,82.8
המרכזי בעמק,86.5,2021-10-11T00:00:00.000Z,87,61.5,73.6,71.1,63.8
מאיר,76,2021-10-11T00:00:00.000Z,71.9,58.6,85.1,77.1,56.7
הדסה הר הצופים,66.7,2021-10-11T00:00:00.000Z,82.9,96.8,84.4,83.2,80.6
כלל המוסדות,84.9,2021-10-11T00:00:00.000Z,82.3,64,89.3,85.5,75.4
וולפסון,69.3,2021-10-12T00:00:00.000Z,69.4,60.7,76.6,71,62.5
הלל יפה,100,2021-10-12T00:00:00.000Z,93,60.4,90.3,88.4,70.9
"רמב""ם",102.5,2021-10-12T00:00:00.000Z,98.9,72.6,97.2,93.3,83.8
ברזילי,82.3,2021-10-12T00:00:00.000Z,84.2,55.4,81,81.9,68.1
נהריה,92.6,2021-10-12T00:00:00.000Z,88.6,58.9,87,84,72
יוספטל,56.3,2021-10-12T00:00:00.000Z,67,50,56.9,52.7,47.5
שמואל הרופא,5.6,2021-10-12T00:00:00.000Z,5.6,67.9,78,79.9,80.6
בני ציון,84.3,2021-10-12T00:00:00.000Z,75.8,63.5,85.5,80.9,71.3
רבין ק. בילינסון,98.2,2021-10-12T00:00:00.000Z,94.3,68.5,92.1,86.4,70.9
סורוקה,66.3,2021-10-12T00:00:00.000Z,64.6,59.4,76.7,74.1,67.7
איכילוב,82.7,2021-10-12T00:00:00.000Z,80,69,121.9,115.1,105.1
רבין ק. השרון,62.3,2021-10-12T00:00:00.000Z,54.8,44.9,70.5,63.5,58.8
לניאדו,110.3,2021-10-12T00:00:00.000Z,89.9,72.2,105,93,75.7
פוריה,61.5,2021-10-12T00:00:00.000Z,54.4,46.3,77.5,69.9,62.8
זיו צפת,75,2021-10-12T00:00:00.000Z,91.1,81.3,75.5,76,71.2
שמיר,78,2021-10-12T00:00:00.000Z,78.8,58,75.1,72.6,59.5
הכרמל,55.7,2021-10-12T00:00:00.000Z,49.3,50.8,81,71.8,69.8
שיבא,98.7,2021-10-12T00:00:00.000Z,96.1,60.2,106.1,99.6,88
הדסה עין כרם,112.6,2021-10-12T00:00:00.000Z,116.9,112.3,92.1,91.3,102.1
מעייני הישועה,87.5,2021-10-12T00:00:00.000Z,99,68.5,121.8,115.1,95.1
אסותא אשדוד,162.7,2021-10-12T00:00:00.000Z,157.4,,151.5,138.3,
קפלן,76.7,2021-10-12T00:00:00.000Z,76.5,47.4,81.3,74,68.2
שערי צדק,86.7,2021-10-12T00:00:00.000Z,86.1,62,107,104.2,84.5
המרכזי בעמק,81.3,2021-10-12T00:00:00.000Z,86.2,62.3,69.1,70.7,64.5
מאיר,75,2021-10-12T00:00:00.000Z,73.2,58.2,82.1,78.1,57.1
הדסה הר הצופים,61.1,2021-10-12T00:00:00.000Z,79.4,98.4,80.6,83.5,80.9
כלל המוסדות,84.6,2021-10-12T00:00:00.000Z,82.7,64.5,89.6,85.6,75.8
וולפסון,67.6,2021-10-13T00:00:00.000Z,69.3,61.9,74.4,70.9,64.1
הלל יפה,102.7,2021-10-13T00:00:00.000Z,93.2,60.4,92.2,87.9,73.2
"רמב""ם",100.5,2021-10-13T00:00:00.000Z,98.3,73.7,95.7,93.5,84.2
ברזילי,81.8,2021-10-13T00:00:00.000Z,84,56.5,80.5,81.1,68.1
נהריה,90.5,2021-10-13T00:00:00.000Z,90.2,61,86.4,84.4,71.9
יוספטל,62.5,2021-10-13T00:00:00.000Z,63.4,48.2,53.8,51.6,49.9
שמואל הרופא,5.6,2021-10-13T00:00:00.000Z,5.6,72.6,79.5,79.6,81.3
בני ציון,77.7,2021-10-13T00:00:00.000Z,76.5,62.7,85.2,81.1,70.8
רבין ק. בילינסון,90.7,2021-10-13T00:00:00.000Z,95.1,70.2,87.7,87.1,71.3
סורוקה,60.5,2021-10-13T00:00:00.000Z,64.3,60.6,74.4,73.8,68.4
איכילוב,85,2021-10-13T00:00:00.000Z,80.8,71,122.6,115,105.5
רבין ק. השרון,64.9,2021-10-13T00:00:00.000Z,56.1,45.4,74.7,63.7,58.2
לניאדו,97.4,2021-10-13T00:00:00.000Z,93.4,70.7,100.3,93.8,77
פוריה,56.4,2021-10-13T00:00:00.000Z,55.3,46,72.7,70.6,62.7
זיו צפת,87.5,2021-10-13T00:00:00.000Z,88.8,82.1,71.2,75.6,72.2
שמיר,76.1,2021-10-13T00:00:00.000Z,79.1,59.6,72.7,72.3,60.7
הכרמל,55.7,2021-10-13T00:00:00.000Z,51.6,51.3,79.6,72.7,71.2
שיבא,96.7,2021-10-13T00:00:00.000Z,94.2,60.3,102.8,100.8,88.1
הדסה עין כרם,99,2021-10-13T00:00:00.000Z,114.4,112.3,93.4,90.5,102.4
מעייני הישועה,89.3,2021-10-13T00:00:00.000Z,97.2,70.4,125.9,115.3,97.4
אסותא אשדוד,161,2021-10-13T00:00:00.000Z,159.3,,152.6,139.8,
קפלן,78,2021-10-13T00:00:00.000Z,76.1,47.4,76.5,74.8,68.7
שערי צדק,88,2021-10-13T00:00:00.000Z,85.9,62.9,106.2,103.6,86.1
המרכזי בעמק,82.6,2021-10-13T00:00:00.000Z,84.5,63.6,69.5,69.5,65.7
מאיר,77.5,2021-10-13T00:00:00.000Z,73.9,60,80.2,79.1,58.4
הדסה הר הצופים,75,2021-10-13T00:00:00.000Z,75.4,100,81.9,82.4,81.4
כלל המוסדות,83.2,2021-10-13T00:00:00.000Z,82.8,65.5,88.3,85.7,76.5
כלל המוסדות,78.5,2021-10-14T00:00:00.000Z,83.1,66.6,84.2,85.6,77.4
וולפסון,64.8,2021-10-14T00:00:00.000Z,69.5,62.9,71.4,70.8,65.7
"רמב""ם",91.9,2021-10-14T00:00:00.000Z,98.3,74.6,91.6,92.6,84.6
ברזילי,81.8,2021-10-14T00:00:00.000Z,84.4,58.4,77.6,80.9,68.8
נהריה,88.9,2021-10-14T00:00:00.000Z,91.4,62.3,82.9,84.5,71.3
יוספטל,68.8,2021-10-14T00:00:00.000Z,64.3,46.4,56.9,51,52.7
שמואל הרופא,5.6,2021-10-14T00:00:00.000Z,5.6,75,78,79.4,81.7
בני ציון,81,2021-10-14T00:00:00.000Z,77.3,62.8,81.1,81.2,70.5
רבין ק. בילינסון,91.2,2021-10-14T00:00:00.000Z,94.8,72.6,82.1,86.6,72.7
סורוקה,59.7,2021-10-14T00:00:00.000Z,64.3,60.8,69.5,73.8,68.6
איכילוב,71.7,2021-10-14T00:00:00.000Z,80.7,72.3,119.4,114.8,106.3
רבין ק. השרון,52.6,2021-10-14T00:00:00.000Z,57.1,47,61.8,65.1,58.9
לניאדו,97.4,2021-10-14T00:00:00.000Z,92.1,71.3,98.3,93.7,77.7
פוריה,53.8,2021-10-14T00:00:00.000Z,55.9,45.6,65.1,71,62.3
זיו צפת,81.3,2021-10-14T00:00:00.000Z,87.1,84.8,71.2,74.4,72.8
שמיר,74.9,2021-10-14T00:00:00.000Z,79,61.7,67,72.1,62.6
הכרמל,53.8,2021-10-14T00:00:00.000Z,53.2,51.8,72.2,73.7,72
שיבא,84.5,2021-10-14T00:00:00.000Z,95.5,60.6,98.7,101.3,88.4
הדסה עין כרם,95.1,2021-10-14T00:00:00.000Z,112.2,115,90.6,90.4,103.2
מעייני הישועה,91.1,2021-10-14T00:00:00.000Z,96.4,70.6,122.2,116,99.9
אסותא אשדוד,152.5,2021-10-14T00:00:00.000Z,159.6,,145.4,141.3,
קפלן,70.7,2021-10-14T00:00:00.000Z,75.6,47.7,71.2,74.4,69.6
שערי צדק,82,2021-10-14T00:00:00.000Z,86.2,62.8,99.9,103,88.5
המרכזי בעמק,80.6,2021-10-14T00:00:00.000Z,84.4,65.6,66.1,69.3,67.4
מאיר,81.5,2021-10-14T00:00:00.000Z,74.7,60.9,80.2,79.3,59.4
הדסה הר הצופים,63.9,2021-10-14T00:00:00.000Z,74.6,98.8,75,81.5,81.1
וולפסון,73,2021-10-15T00:00:00.000Z,70.2,63.7,66.5,71.6,67.4
"רמב""ם",96.5,2021-10-15T00:00:00.000Z,98.2,76.1,83.4,92.5,84.6
ברזילי,82.8,2021-10-15T00:00:00.000Z,85.3,58.9,72.5,80.9,69
נהריה,91.1,2021-10-15T00:00:00.000Z,92.6,64,75.9,84.7,70.8
יוספטל,62.5,2021-10-15T00:00:00.000Z,62.5,45.5,44.6,52.1,52.3
שמואל הרופא,5.6,2021-10-15T00:00:00.000Z,5.6,76.2,76.5,79,81.5
בני ציון,85.1,2021-10-15T00:00:00.000Z,79.9,62.8,75.5,81,70.3
רבין ק. בילינסון,92.1,2021-10-15T00:00:00.000Z,94.2,74.2,75.6,86.3,74.5
סורוקה,55.8,2021-10-15T00:00:00.000Z,64.1,60.9,64.5,73.5,68.6
איכילוב,74.3,2021-10-15T00:00:00.000Z,79.8,72.4,101,115.5,107.1
רבין ק. השרון,42.1,2021-10-15T00:00:00.000Z,58,46.4,46.5,65.6,58.3
לניאדו,103.8,2021-10-15T00:00:00.000Z,94.3,71.6,80.8,94.3,80.4
פוריה,61.5,2021-10-15T00:00:00.000Z,56,45.6,63.9,70.7,62.1
זיו צפת,84.4,2021-10-15T00:00:00.000Z,86.4,88.2,64.8,73.5,72.5
שמיר,74.9,2021-10-15T00:00:00.000Z,78.5,62.7,60.8,71.5,63.7
הכרמל,49.1,2021-10-15T00:00:00.000Z,54.3,53.1,63.6,74.1,72.5
שיבא,90.4,2021-10-15T00:00:00.000Z,94.1,60.1,93.8,100.5,88.6
הדסה עין כרם,101.9,2021-10-15T00:00:00.000Z,109.7,116.2,83.3,90.2,103.2
מעייני הישועה,76.8,2021-10-15T00:00:00.000Z,97.4,71.2,110.1,116.8,101.5
אסותא אשדוד,150.8,2021-10-15T00:00:00.000Z,157.9,,131.1,141.5,
קפלן,73.3,2021-10-15T00:00:00.000Z,76.1,47.9,65.7,75,70.3
שערי צדק,81.3,2021-10-15T00:00:00.000Z,86.2,63,89.3,102.7,90.9
המרכזי בעמק,84.5,2021-10-15T00:00:00.000Z,85.1,67.2,64.7,69.8,68.7
מאיר,78.5,2021-10-15T00:00:00.000Z,76.6,62.7,75.1,79.9,60.6
הדסה הר הצופים,66.7,2021-10-15T00:00:00.000Z,73,97.6,75.3,79.8,81.7
כלל המוסדות,79.9,2021-10-15T00:00:00.000Z,83.2,67.2,77,85.6,78
כלל המוסדות,87.5,2021-10-16T00:00:00.000Z,83.3,68,81.6,85.6,78.5
וולפסון,80.3,2021-10-16T00:00:00.000Z,70.7,63.3,72.8,72.2,67.9
"רמב""ם",104.5,2021-10-16T00:00:00.000Z,98,78.4,87.8,92.6,85.5
ברזילי,92.2,2021-10-16T00:00:00.000Z,85.9,60.3,77.8,80.8,68.7
נהריה,93.7,2021-10-16T00:00:00.000Z,92.8,65.3,81.8,84.7,71.3
יוספטל,75,2021-10-16T00:00:00.000Z,62.5,44.6,52.3,52.1,51.9
שמואל הרופא,5.6,2021-10-16T00:00:00.000Z,5.6,77.8,77.4,78.7,81.2
בני ציון,91.7,2021-10-16T00:00:00.000Z,82.4,63.2,79.4,81.5,70.3
רבין ק. בילינסון,100,2021-10-16T00:00:00.000Z,94.3,74.9,83,85.6,75.1
סורוקה,65.9,2021-10-16T00:00:00.000Z,63.2,60.9,70.9,72.9,68.6
איכילוב,88.3,2021-10-16T00:00:00.000Z,79.8,72.6,106.3,116.2,107.6
רבין ק. השרון,57.9,2021-10-16T00:00:00.000Z,58,46,56.8,65.7,58.1
לניאדו,125.6,2021-10-16T00:00:00.000Z,97.1,74.7,97.8,95.2,83.9
פוריה,65.4,2021-10-16T00:00:00.000Z,57.5,46,68.5,70.9,61.9
זיו צפת,95.3,2021-10-16T00:00:00.000Z,87.1,89.7,69.2,74.1,72.7
שמיר,78.8,2021-10-16T00:00:00.000Z,78.1,64.1,64,70.7,65
הכרמל,52.8,2021-10-16T00:00:00.000Z,54.3,54.9,69.3,74.4,73.4
שיבא,91.2,2021-10-16T00:00:00.000Z,94.5,60.4,96.2,100.7,88.7
הדסה עין כרם,108.7,2021-10-16T00:00:00.000Z,108,117.6,86.5,90.2,102.6
מעייני הישועה,80.4,2021-10-16T00:00:00.000Z,94.4,71.7,107.3,116,103.2
אסותא אשדוד,144.1,2021-10-16T00:00:00.000Z,157.1,,122.5,142,
קפלן,81.3,2021-10-16T00:00:00.000Z,77,47.8,72.3,75.1,70.6
שערי צדק,82,2021-10-16T00:00:00.000Z,85.9,63.2,93.3,102.3,92.3
המרכזי בעמק,98.1,2021-10-16T00:00:00.000Z,85.5,68.3,73.3,70.3,69.1
מאיר,87,2021-10-16T00:00:00.000Z,78.1,64.3,79.4,80.4,61.8
הדסה הר הצופים,80.6,2021-10-16T00:00:00.000Z,71,97.2,78.1,79.5,82.3
וולפסון,80.3,2021-10-17T00:00:00.000Z,71.7,62.2,82,73,68.2
"רמב""ם",94.9,2021-10-17T00:00:00.000Z,98.3,79.8,95.6,92.5,85.9
ברזילי,92.2,2021-10-17T00:00:00.000Z,86.5,62.2,84.4,80.7,68.7
נהריה,88.4,2021-10-17T00:00:00.000Z,91.3,67.1,81.1,84.1,71.5
יוספטל,75,2021-10-17T00:00:00.000Z,65.2,42,53.8,52.5,50.3
שמואל הרופא,5.6,2021-10-17T00:00:00.000Z,5.6,79,77.7,78.4,80.9
בני ציון,90.9,2021-10-17T00:00:00.000Z,84.4,63.4,82.2,81.6,70
רבין ק. בילינסון,104,2021-10-17T00:00:00.000Z,94.9,75.3,90.1,85.2,75.5
סורוקה,63.6,2021-10-17T00:00:00.000Z,63.2,59.8,73.7,72.7,68
איכילוב,86.7,2021-10-17T00:00:00.000Z,80.9,72.7,122.5,116.5,107.7
רבין ק. השרון,51.8,2021-10-17T00:00:00.000Z,58.4,46.9,63.5,65.1,58.8
פוריה,66.7,2021-10-17T00:00:00.000Z,59,45.6,80,70.7,62.1
לניאדו,114.1,2021-10-17T00:00:00.000Z,102.2,77,112.8,97.3,85.3
זיו צפת,98.4,2021-10-17T00:00:00.000Z,87.7,90.4,75.5,73.5,71.5
שמיר,81.5,2021-10-17T00:00:00.000Z,77.8,65.9,73,69.9,65.4
הכרמל,54.7,2021-10-17T00:00:00.000Z,54.2,56.2,78.5,74.6,73.3
שיבא,100.4,2021-10-17T00:00:00.000Z,94.1,61.3,104.2,100.5,88.8
הדסה עין כרם,109.7,2021-10-17T00:00:00.000Z,106.7,120,88.5,90,101.9
מעייני הישועה,94.6,2021-10-17T00:00:00.000Z,91.1,72.5,119,117,104.9
אסותא אשדוד,161,2021-10-17T00:00:00.000Z,155.9,,144.7,142.2,
קפלן,88,2021-10-17T00:00:00.000Z,77,48.1,77,74.9,70.8
שערי צדק,84,2021-10-17T00:00:00.000Z,85.5,63.5,106.1,101.8,92.6
המרכזי בעמק,98.7,2021-10-17T00:00:00.000Z,86.5,69.5,78,70.6,69.3
מאיר,83,2021-10-17T00:00:00.000Z,79.9,63.8,82.9,80.9,62.3
הדסה הר הצופים,94.4,2021-10-17T00:00:00.000Z,70.2,97.2,78.1,79.4,82.5
כלל המוסדות,88,2021-10-17T00:00:00.000Z,83.7,68.6,88.8,85.6,78.7
וולפסון,74.2,2021-10-18T00:00:00.000Z,72.9,60.3,83.9,74.2,68.2
"רמב""ם",91.9,2021-10-18T00:00:00.000Z,98.5,80.6,93.3,92.6,86.2
ברזילי,91.1,2021-10-18T00:00:00.000Z,85.9,63.7,84.9,80.1,68.4
נהריה,87.4,2021-10-18T00:00:00.000Z,90.5,68.9,83.4,83.2,71.9
יוספטל,68.8,2021-10-18T00:00:00.000Z,66.1,42.9,49.2,52.3,49.9
שמואל הרופא,36.1,2021-10-18T00:00:00.000Z,5.6,79.8,79.5,78.2,80.5
בני ציון,93.4,2021-10-18T00:00:00.000Z,85.1,64.1,86.6,81.2,70
רבין ק. בילינסון,101.3,2021-10-18T00:00:00.000Z,95.8,74.8,91.9,85.6,75.6
סורוקה,68.6,2021-10-18T00:00:00.000Z,62.1,58.5,76.2,72.2,67.8
איכילוב,88.3,2021-10-18T00:00:00.000Z,82,72.4,118.8,116.8,107.4
רבין ק. השרון,53.5,2021-10-18T00:00:00.000Z,56.3,48.1,61.8,63.5,59.9
פוריה,55.1,2021-10-18T00:00:00.000Z,60.3,45.1,79.4,71.6,62.1
לניאדו,106.4,2021-10-18T00:00:00.000Z,105.9,79.4,101.4,99.4,86.4
זיו צפת,90.6,2021-10-18T00:00:00.000Z,87.1,88.8,81.6,72.3,69.9
שמיר,82.2,2021-10-18T00:00:00.000Z,78,68.1,72.6,69.6,66.5
הכרמל,51.9,2021-10-18T00:00:00.000Z,54,56.9,79.3,74.9,72.7
שיבא,99.6,2021-10-18T00:00:00.000Z,93.5,62.2,106.7,100.6,89.2
הדסה עין כרם,121.4,2021-10-18T00:00:00.000Z,106.9,121.2,94.6,89.7,101.4
מעייני הישועה,100,2021-10-18T00:00:00.000Z,88,74.7,119.6,117.5,106.1
אסותא אשדוד,161,2021-10-18T00:00:00.000Z,155,,149.8,142.3,
קפלן,88.7,2021-10-18T00:00:00.000Z,78.3,48,77.7,74.8,71.6
שערי צדק,84,2021-10-18T00:00:00.000Z,84.9,63.7,110.1,101.5,92.4
המרכזי בעמק,93.5,2021-10-18T00:00:00.000Z,87.5,71.2,78.8,70.6,70
מאיר,80,2021-10-18T00:00:00.000Z,79.8,64.9,83.4,80.7,63.4
הדסה הר הצופים,94.4,2021-10-18T00:00:00.000Z,72.6,96.4,83.7,79.1,82.7
כלל המוסדות,87.4,2021-10-18T00:00:00.000Z,83.8,69.2,89.8,85.6,78.9
וולפסון,75,2021-10-19T00:00:00.000Z,72.8,58.1,77.2,75.4,67.8
"רמב""ם",89.9,2021-10-19T00:00:00.000Z,97.5,80.7,93.2,92.1,86.1
ברזילי,92.2,2021-10-19T00:00:00.000Z,86.3,65.2,86.9,79.8,68.4
נהריה,80,2021-10-19T00:00:00.000Z,90.4,68.8,79.2,82.6,72.1
יוספטל,62.5,2021-10-19T00:00:00.000Z,67,40.2,64.6,52.5,48.6
שמואל הרופא,52.8,2021-10-19T00:00:00.000Z,9.9,80.2,78.6,78.1,79.9
בני ציון,95.9,2021-10-19T00:00:00.000Z,86.3,65.4,87.5,82.2,70.1
רבין ק. בילינסון,99.1,2021-10-19T00:00:00.000Z,96.8,74.4,92.4,86.1,75.5
סורוקה,62.4,2021-10-19T00:00:00.000Z,62.9,57.4,76,72.3,67.7
איכילוב,88.3,2021-10-19T00:00:00.000Z,82.4,72.7,116.9,116.1,107.7
רבין ק. השרון,49.1,2021-10-19T00:00:00.000Z,55,47.7,68,62.2,60.2
לניאדו,94.9,2021-10-19T00:00:00.000Z,107.9,83.9,109.7,99.5,88.6
פוריה,61.5,2021-10-19T00:00:00.000Z,60.1,44.1,77.7,72.4,61.6
זיו צפת,89.1,2021-10-19T00:00:00.000Z,87.5,87.3,82.1,72.7,69.7
שמיר,84.6,2021-10-19T00:00:00.000Z,78,70.2,74,69.3,67.3
הכרמל,51.9,2021-10-19T00:00:00.000Z,53.4,57,78.9,74.8,71.7
שיבא,109.6,2021-10-19T00:00:00.000Z,94.5,61.8,109.8,101.2,89.3
הדסה עין כרם,113.6,2021-10-19T00:00:00.000Z,106.9,124,93.3,89.9,101.1
מעייני הישועה,103.6,2021-10-19T00:00:00.000Z,88.5,76.8,125,118,107.3
אסותא אשדוד,155.9,2021-10-19T00:00:00.000Z,156.2,,158.4,142.5,
קפלן,92,2021-10-19T00:00:00.000Z,79.5,49,78.6,74.5,71.3
שערי צדק,86,2021-10-19T00:00:00.000Z,84,64,112.2,101.7,92.3
המרכזי בעמק,99.4,2021-10-19T00:00:00.000Z,88.5,73.4,79.3,71.4,70.2
מאיר,86.5,2021-10-19T00:00:00.000Z,80.4,65.7,82.3,80.5,64.1
כלל המוסדות,87.7,2021-10-19T00:00:00.000Z,84.2,69.6,90.4,85.6,79
הדסה הר הצופים,86.1,2021-10-19T00:00:00.000Z,76.6,97.2,89.9,79,83.9
וולפסון,78.3,2021-10-20T00:00:00.000Z,73.6,58.1,82,75.4,67.1
"רמב""ם",95.5,2021-10-20T00:00:00.000Z,95.7,80.4,92.9,91.5,86.2
ברזילי,82.8,2021-10-20T00:00:00.000Z,87.7,65.1,82.5,80.7,68.2
נהריה,85.8,2021-10-20T00:00:00.000Z,88.6,68.3,80.5,81.5,73
יוספטל,68.8,2021-10-20T00:00:00.000Z,67.9,36.6,52.3,53.6,47.9
שמואל הרופא,58.3,2021-10-20T00:00:00.000Z,16.7,80.2,77.7,78.2,79.2
בני ציון,90.1,2021-10-20T00:00:00.000Z,88,67.5,89.8,82.5,71.1
רבין ק. בילינסון,98.2,2021-10-20T00:00:00.000Z,96.9,73.8,93.7,86.1,75.5
סורוקה,63.2,2021-10-20T00:00:00.000Z,62.3,55.9,78.7,72.2,67.2
איכילוב,88.3,2021-10-20T00:00:00.000Z,83.2,72.1,114.6,115.4,108.2
רבין ק. השרון,52.6,2021-10-20T00:00:00.000Z,53.1,46.6,63.9,61.9,61
לניאדו,96.2,2021-10-20T00:00:00.000Z,105.7,86.9,111.1,100.2,90.1
פוריה,55.1,2021-10-20T00:00:00.000Z,60.1,47.1,74.9,72.5,61.3
זיו צפת,81.3,2021-10-20T00:00:00.000Z,89.5,85.7,73.8,73.7,68.7
שמיר,79.5,2021-10-20T00:00:00.000Z,79,69.9,71.8,69.2,67.4
הכרמל,54.7,2021-10-20T00:00:00.000Z,52.8,58.6,77.7,74.5,71.2
שיבא,104.6,2021-10-20T00:00:00.000Z,96.1,62.8,108.5,101.7,89.4
הדסה עין כרם,119.4,2021-10-20T00:00:00.000Z,107.1,127.3,93.9,90,101.2
מעייני הישועה,103.6,2021-10-20T00:00:00.000Z,90.8,77.6,124.1,118.4,106.7
אסותא אשדוד,142.4,2021-10-20T00:00:00.000Z,155.2,,148.1,143.5,
קפלן,89.3,2021-10-20T00:00:00.000Z,81.7,49.1,81.3,74.2,71.1
שערי צדק,86.7,2021-10-20T00:00:00.000Z,83.9,64.4,106.8,102.4,91.6
המרכזי בעמק,87.1,2021-10-20T00:00:00.000Z,91.1,73.8,73.3,72.8,69.7
מאיר,78,2021-10-20T00:00:00.000Z,82,66.7,81.9,80.5,64.9
כלל המוסדות,86,2021-10-20T00:00:00.000Z,84.6,69.8,89.3,85.7,79
הדסה הר הצופים,86.1,2021-10-20T00:00:00.000Z,80.2,98.4,83.3,80.3,84.1
וולפסון,70.9,2021-10-21T00:00:00.000Z,75.1,59.1,71.4,76.5,66.8
"רמב""ם",89.9,2021-10-21T00:00:00.000Z,95,80.8,89.3,91.1,86.3
ברזילי,76,2021-10-21T00:00:00.000Z,87.9,65.1,75.5,81,68.4
נהריה,79.5,2021-10-21T00:00:00.000Z,87.9,67.7,77.3,80.7,74
יוספטל,62.5,2021-10-21T00:00:00.000Z,68.8,38.4,41.5,53.4,47.3
שמואל הרופא,63.9,2021-10-21T00:00:00.000Z,24.2,80.6,77.4,77.9,78.3
בני ציון,87.6,2021-10-21T00:00:00.000Z,89.7,69.3,77.8,83.2,71.6
רבין ק. בילינסון,96.9,2021-10-21T00:00:00.000Z,98,72.3,85.7,87,75.1
סורוקה,57,2021-10-21T00:00:00.000Z,62.7,56.2,73.8,72.8,67.4
איכילוב,83.3,2021-10-21T00:00:00.000Z,83.7,71.3,109.6,114.2,108.3
רבין ק. השרון,48.2,2021-10-21T00:00:00.000Z,51.4,45.6,55.2,60.3,60.6
לניאדו,96.2,2021-10-21T00:00:00.000Z,105.5,90.5,113.6,101.7,91.4
פוריה,59,2021-10-21T00:00:00.000Z,59.9,49.8,70.7,72.8,61.6
זיו צפת,71.9,2021-10-21T00:00:00.000Z,88.6,84.2,69.5,74,68
שמיר,77.2,2021-10-21T00:00:00.000Z,79.5,69.3,64.8,69,66.8
הכרמל,53.8,2021-10-21T00:00:00.000Z,52.7,59.7,71.8,74.2,70.9
שיבא,96.2,2021-10-21T00:00:00.000Z,97.2,63.7,101.6,102.6,89.7
הדסה עין כרם,119.4,2021-10-21T00:00:00.000Z,110,128.2,87.6,90.1,101.3
מעייני הישועה,103.6,2021-10-21T00:00:00.000Z,92.9,79.2,125.9,118.2,104.8
אסותא אשדוד,150.8,2021-10-21T00:00:00.000Z,152.5,,145.7,142.9,
קפלן,79.3,2021-10-21T00:00:00.000Z,83.3,49.6,71,74.8,71.1
שערי צדק,84,2021-10-21T00:00:00.000Z,83.7,65.2,102.1,102.5,91.5
המרכזי בעמק,80,2021-10-21T00:00:00.000Z,91.7,74.2,67.9,73.4,69.6
מאיר,76,2021-10-21T00:00:00.000Z,82.1,66.9,76.5,80.7,65.4
כלל המוסדות,81.8,2021-10-21T00:00:00.000Z,85,70.1,83.9,85.9,78.9
הדסה הר הצופים,86.1,2021-10-21T00:00:00.000Z,81.7,101.2,83.7,80.5,84.7
כלל המוסדות,81.8,2021-10-22T00:00:00.000Z,85.5,70.4,76.4,85.8,79
וולפסון,66,2021-10-22T00:00:00.000Z,76,59.7,62.5,76.5,65.9
"רמב""ם",98.5,2021-10-22T00:00:00.000Z,94.7,81.8,82.4,90.8,86.7
ברזילי,73.4,2021-10-22T00:00:00.000Z,87.1,65.6,70,80.7,68.7
נהריה,82.1,2021-10-22T00:00:00.000Z,86.5,65.1,74.7,79.9,74
יוספטל,62.5,2021-10-22T00:00:00.000Z,67.9,37.5,38.5,51.2,46.8
שמואל הרופא,63.9,2021-10-22T00:00:00.000Z,32.5,79.4,76.2,77.8,77.2
בני ציון,81.8,2021-10-22T00:00:00.000Z,90.7,70,62.6,82.7,72.3
רבין ק. בילינסון,99.1,2021-10-22T00:00:00.000Z,98.8,72.2,80,87.5,75.1
סורוקה,58.9,2021-10-22T00:00:00.000Z,62.3,55.6,68.2,73.4,68
איכילוב,86.3,2021-10-22T00:00:00.000Z,85.4,71.7,98.2,112.8,108.5
רבין ק. השרון,53.5,2021-10-22T00:00:00.000Z,50.8,46.4,47.7,59.4,61.3
לניאדו,94.9,2021-10-22T00:00:00.000Z,105.3,95.1,84.7,103.9,92.4
פוריה,53.8,2021-10-22T00:00:00.000Z,60.6,51.8,63.1,73.6,62.2
זיו צפת,81.3,2021-10-22T00:00:00.000Z,87.3,81.7,56.8,73.8,67.7
שמיר,76.1,2021-10-22T00:00:00.000Z,79.8,69.9,60.3,68.7,67
הכרמל,57.5,2021-10-22T00:00:00.000Z,52.7,59.6,64.8,74.2,70.8
שיבא,89.5,2021-10-22T00:00:00.000Z,98.9,64.7,95.8,103,89.7
הדסה עין כרם,113.6,2021-10-22T00:00:00.000Z,113.5,128.8,82.4,89.7,102
מעייני הישועה,103.6,2021-10-22T00:00:00.000Z,94.6,80.9,119,118.7,104.5
אסותא אשדוד,140.7,2021-10-22T00:00:00.000Z,152.3,,119.5,142.9,
קפלן,80.7,2021-10-22T00:00:00.000Z,84.6,49.2,67,74.8,71
שערי צדק,86.7,2021-10-22T00:00:00.000Z,84,65.8,88.1,102.8,90.5
המרכזי בעמק,92.3,2021-10-22T00:00:00.000Z,91.6,74.6,68.2,73.6,69.8
מאיר,66.5,2021-10-22T00:00:00.000Z,81.3,65.5,68.8,80.2,65.9
הדסה הר הצופים,77.8,2021-10-22T00:00:00.000Z,84.9,101.2,75,81.7,84.9
וולפסון,72.5,2021-10-23T00:00:00.000Z,75,60.8,69.4,76,65.3
"רמב""ם",99.5,2021-10-23T00:00:00.000Z,95,82.5,90.2,90.7,87
ברזילי,81.3,2021-10-23T00:00:00.000Z,85.7,65.3,73,80.3,69
נהריה,92.1,2021-10-23T00:00:00.000Z,85.3,62.6,81.4,79.7,73.2
יוספטל,56.3,2021-10-23T00:00:00.000Z,67.9,35.7,35.4,50.3,44.2
שמואל הרופא,63.9,2021-10-23T00:00:00.000Z,40.9,78.2,77.4,77.8,76.3
בני ציון,86.8,2021-10-23T00:00:00.000Z,90.2,69.9,72.7,80.9,72.7
רבין ק. בילינסון,109.3,2021-10-23T00:00:00.000Z,99.8,71.7,88.6,88.1,75.5
סורוקה,57,2021-10-23T00:00:00.000Z,62.8,54.8,70.7,73.9,68.1
איכילוב,93,2021-10-23T00:00:00.000Z,87.1,72,107.9,112.4,108.7
רבין ק. השרון,63.2,2021-10-23T00:00:00.000Z,52.4,46.7,59.3,59.6,61.8
לניאדו,110.3,2021-10-23T00:00:00.000Z,104,98.6,94.4,104.5,92.5
פוריה,62.8,2021-10-23T00:00:00.000Z,59.5,53.8,66.2,73.5,63.2
זיו צפת,89.1,2021-10-23T00:00:00.000Z,86.8,79.7,66,72.6,67.4
שמיר,80.7,2021-10-23T00:00:00.000Z,80,69.8,66.1,68.6,67.1
הכרמל,56.6,2021-10-23T00:00:00.000Z,53.9,58.9,72.6,74.3,70.1
שיבא,101.3,2021-10-23T00:00:00.000Z,98.7,66.5,101.7,103.3,89.9
הדסה עין כרם,117.5,2021-10-23T00:00:00.000Z,115.1,128.3,85.7,89.5,103.3
מעייני הישועה,101.8,2021-10-23T00:00:00.000Z,98.5,82.5,113.9,120,103.9
אסותא אשדוד,128.8,2021-10-23T00:00:00.000Z,150.8,,101.4,141.2,
קפלן,93.3,2021-10-23T00:00:00.000Z,85.6,48.2,72.6,75,70.7
שערי צדק,87.3,2021-10-23T00:00:00.000Z,84.8,66.1,90.9,102.7,89.9
המרכזי בעמק,96.1,2021-10-23T00:00:00.000Z,92.7,74.1,73.8,74.1,69.5
מאיר,78.5,2021-10-23T00:00:00.000Z,79.6,62.7,74.9,79.3,65.7
כלל המוסדות,87.7,2021-10-23T00:00:00.000Z,85.7,70.3,81.6,85.7,79
הדסה הר הצופים,80.6,2021-10-23T00:00:00.000Z,86.5,102.4,78.8,81.7,86.1
כלל המוסדות,88.2,2021-10-24T00:00:00.000Z,85.8,70.1,88.4,85.7,79
וולפסון,70.5,2021-10-24T00:00:00.000Z,73.9,62.6,76.1,75.5,65
"רמב""ם",97,2021-10-24T00:00:00.000Z,94.3,82.3,93.4,91,87.5
ברזילי,77.6,2021-10-24T00:00:00.000Z,84.2,64.1,78.1,79.6,68.4
נהריה,94.2,2021-10-24T00:00:00.000Z,85,60.5,82.9,79.6,72.8
יוספטל,62.5,2021-10-24T00:00:00.000Z,65.2,35.7,44.6,47.9,42.4
שמואל הרופא,66.7,2021-10-24T00:00:00.000Z,49.2,76.6,77.1,77.8,75.3
בני ציון,88.4,2021-10-24T00:00:00.000Z,89.5,69.7,82.7,79.9,73.4
רבין ק. בילינסון,109.7,2021-10-24T00:00:00.000Z,101.1,72.1,94.4,88.9,75.6
סורוקה,66.3,2021-10-24T00:00:00.000Z,61.5,55.3,74.9,73.9,68.7
איכילוב,91.3,2021-10-24T00:00:00.000Z,87.8,71.9,124.4,112.6,108.7
רבין ק. השרון,53.5,2021-10-24T00:00:00.000Z,53.1,46.1,63.9,59.9,61.4
לניאדו,123.1,2021-10-24T00:00:00.000Z,101.8,100,113.4,104,92.7
פוריה,64.1,2021-10-24T00:00:00.000Z,59.2,55.3,74.4,73.2,64
זיו צפת,92.2,2021-10-24T00:00:00.000Z,85.9,79.2,77.2,72.2,67.8
שמיר,83.8,2021-10-24T00:00:00.000Z,80.3,69.3,77.3,68.9,67
הכרמל,52.8,2021-10-24T00:00:00.000Z,54.4,58.1,75.7,74.8,70.1
שיבא,95,2021-10-24T00:00:00.000Z,100.2,66.5,105.9,104.1,90
הדסה עין כרם,111.7,2021-10-24T00:00:00.000Z,116.4,125.8,89.6,89.4,104
מעייני הישועה,108.9,2021-10-24T00:00:00.000Z,101.5,83,128.8,120.9,102.9
אסותא אשדוד,147.5,2021-10-24T00:00:00.000Z,148.7,,129.4,138.2,
קפלן,92.7,2021-10-24T00:00:00.000Z,87.3,48.1,79.5,75,70.3
שערי צדק,83.3,2021-10-24T00:00:00.000Z,85.5,66.8,102.6,102.3,89.6
המרכזי בעמק,100,2021-10-24T00:00:00.000Z,92.4,73.6,73.6,74.2,69.3
מאיר,83,2021-10-24T00:00:00.000Z,78.4,60.9,79,78.7,65.4
הדסה הר הצופים,77.8,2021-10-24T00:00:00.000Z,86.5,103.6,78.1,81.8,86.9
וולפסון,75,2021-10-25T00:00:00.000Z,72.5,64.9,77.6,74.6,65.2
"רמב""ם",100,2021-10-25T00:00:00.000Z,94.6,82.6,96.5,90.7,88
ברזילי,79.7,2021-10-25T00:00:00.000Z,82.1,62.3,82.3,78.7,67.7
נהריה,96.8,2021-10-25T00:00:00.000Z,85.9,58,89.9,79.9,72
יוספטל,56.3,2021-10-25T00:00:00.000Z,63.4,34.8,53.8,46.6,41.3
שמואל הרופא,61.1,2021-10-25T00:00:00.000Z,57.9,75,76.5,77.7,74.3
בני ציון,86,2021-10-25T00:00:00.000Z,89.1,69.1,83.8,80,74.3
רבין ק. בילינסון,107.9,2021-10-25T00:00:00.000Z,102,72.5,96.2,89.5,76
סורוקה,58.9,2021-10-25T00:00:00.000Z,61.9,56.4,74.9,74.1,68.8
איכילוב,91.3,2021-10-25T00:00:00.000Z,88.4,72,124.3,112.9,108.8
רבין ק. השרון,48.2,2021-10-25T00:00:00.000Z,53.4,46.1,61.4,60,60.9
לניאדו,115.4,2021-10-25T00:00:00.000Z,103.1,101.4,108.4,104.1,93.6
פוריה,64.1,2021-10-25T00:00:00.000Z,58.8,56.4,75.5,72.4,65.2
זיו צפת,76.6,2021-10-25T00:00:00.000Z,85,80.6,83.3,72.4,68.7
שמיר,86.5,2021-10-25T00:00:00.000Z,80.6,68.6,77.9,69.6,66.4
הכרמל,52.8,2021-10-25T00:00:00.000Z,54.2,57.7,81.6,74.4,70.4
שיבא,95.8,2021-10-25T00:00:00.000Z,99.4,66.5,105.8,104.3,89.8
הדסה עין כרם,118.4,2021-10-25T00:00:00.000Z,116.6,124.5,93,89.6,104.8
מעייני הישועה,98.2,2021-10-25T00:00:00.000Z,103.6,83.3,126.3,122.3,103.1
אסותא אשדוד,155.9,2021-10-25T00:00:00.000Z,146.7,,151.9,136,
קפלן,78.7,2021-10-25T00:00:00.000Z,88,47.4,76,75.4,69.4
שערי צדק,84,2021-10-25T00:00:00.000Z,85.4,67.8,101.8,101.8,90.1
המרכזי בעמק,95.5,2021-10-25T00:00:00.000Z,92.6,73.2,74.6,73.6,69
מאיר,74,2021-10-25T00:00:00.000Z,78.4,59.1,80.8,78.1,65
כלל המוסדות,86.6,2021-10-25T00:00:00.000Z,85.8,70,89.9,85.7,78.9
הדסה הר הצופים,69.4,2021-10-25T00:00:00.000Z,84.1,105.6,77.4,81.8,87.5
וולפסון,76.6,2021-10-26T00:00:00.000Z,72.6,67.8,79.4,73.8,65.7
"רמב""ם",98,2021-10-26T00:00:00.000Z,95.7,82.5,93.9,91.1,88.2
שיבא,91.2,2021-10-26T00:00:00.000Z,98.9,67.8,104.9,104.2,90.3
ברזילי,77.1,2021-10-26T00:00:00.000Z,80.4,61.1,82.9,78.3,67.1
נהריה,85.8,2021-10-26T00:00:00.000Z,87.2,57.1,86.6,80.8,71.6
יוספטל,62.5,2021-10-26T00:00:00.000Z,61.6,35.7,56.9,47.3,40.7
שמואל הרופא,50,2021-10-26T00:00:00.000Z,61.5,74.2,74.5,77.3,73.3
בני ציון,89.3,2021-10-26T00:00:00.000Z,88.1,67.5,89.8,79.6,74.9
רבין ק. בילינסון,104.4,2021-10-26T00:00:00.000Z,102.9,72.8,92.8,90.1,76.4
סורוקה,52.3,2021-10-26T00:00:00.000Z,60.5,56.9,78.1,73.9,68.8
איכילוב,86.3,2021-10-26T00:00:00.000Z,88.9,71.5,121.7,113.7,108.8
רבין ק. השרון,46.5,2021-10-26T00:00:00.000Z,52.6,45.7,63.9,59.9,60.2
לניאדו,114.1,2021-10-26T00:00:00.000Z,104.4,100.5,108.1,105.1,93.2
פוריה,64.1,2021-10-26T00:00:00.000Z,60.1,57,79.4,71.8,65.8
זיו צפת,64.1,2021-10-26T00:00:00.000Z,83,80.1,77.5,72.7,68.9
שמיר,88.8,2021-10-26T00:00:00.000Z,81.2,66.6,77.1,70.3,65.4
הכרמל,55.7,2021-10-26T00:00:00.000Z,54.3,58,78.9,74.7,71.4
הדסה עין כרם,121.4,2021-10-26T00:00:00.000Z,116.2,122.6,90.3,89.3,104.7
מעייני הישועה,100,2021-10-26T00:00:00.000Z,103.3,83.8,125.3,123.3,102.4
אסותא אשדוד,154.2,2021-10-26T00:00:00.000Z,146,,153.6,136.3,
קפלן,76,2021-10-26T00:00:00.000Z,86.6,47.2,74,75.1,70.2
שערי צדק,83.3,2021-10-26T00:00:00.000Z,85.4,68.2,105.8,100.6,89.6
המרכזי בעמק,104.5,2021-10-26T00:00:00.000Z,92.9,72.3,79.2,73,69
מאיר,74,2021-10-26T00:00:00.000Z,77.5,58.6,78.1,77.7,65.2
כלל המוסדות,84.8,2021-10-26T00:00:00.000Z,85.7,69.9,89.7,85.7,78.9
הדסה הר הצופים,61.1,2021-10-26T00:00:00.000Z,80.6,106.3,81.6,80.9,86.9
וולפסון,68.4,2021-10-27T00:00:00.000Z,72.8,68.7,75.4,74.1,66
"רמב""ם",104,2021-10-27T00:00:00.000Z,96.9,82.7,94.6,91.2,88.8
ברזילי,68.2,2021-10-27T00:00:00.000Z,78.3,61,78,77.8,67
שיבא,95,2021-10-27T00:00:00.000Z,96.2,67.9,107.7,103.5,90.4
נהריה,84.7,2021-10-27T00:00:00.000Z,88,55.7,83.7,81.9,71
יוספטל,56.3,2021-10-27T00:00:00.000Z,61.6,37.5,44.6,46.2,40.9
שמואל הרופא,61.1,2021-10-27T00:00:00.000Z,61.1,73.8,74.2,76.7,72.2
בני ציון,86.8,2021-10-27T00:00:00.000Z,87.1,65.6,84.5,79.9,74.9
רבין ק. בילינסון,101.3,2021-10-27T00:00:00.000Z,103.7,72.4,90.2,90.2,76.4
סורוקה,52.7,2021-10-27T00:00:00.000Z,59.1,57,76.6,74.2,68.5
איכילוב,83.7,2021-10-27T00:00:00.000Z,88.6,72,118.1,114.4,108.4
רבין ק. השרון,50.9,2021-10-27T00:00:00.000Z,52.3,46.6,62.7,59.3,59
לניאדו,114.1,2021-10-27T00:00:00.000Z,107.1,99.2,97.5,104.8,92.8
פוריה,67.9,2021-10-27T00:00:00.000Z,60.4,56.8,83.9,72,65.5
זיו צפת,64.1,2021-10-27T00:00:00.000Z,79.5,78.6,74.1,72,69.7
שמיר,85.7,2021-10-27T00:00:00.000Z,81.8,65.8,72.8,70.8,64.6
הכרמל,55.7,2021-10-27T00:00:00.000Z,54.9,58.1,74.6,74.7,71.8
הדסה עין כרם,114.6,2021-10-27T00:00:00.000Z,117.3,121.8,91.8,88.9,104.2
מעייני הישועה,87.5,2021-10-27T00:00:00.000Z,102.8,85.2,124.7,123.3,103.1
אסותא אשדוד,150.8,2021-10-27T00:00:00.000Z,145.8,,154.6,135.6,
קפלן,82.7,2021-10-27T00:00:00.000Z,84.3,47.2,74.4,74.5,70
שערי צדק,85.3,2021-10-27T00:00:00.000Z,85,68.9,104.1,99.7,89.3
המרכזי בעמק,96.8,2021-10-27T00:00:00.000Z,93.6,71.9,75.4,72.9,69.1
מאיר,73.5,2021-10-27T00:00:00.000Z,75.7,58,77.4,77.2,65.5
כלל המוסדות,83.5,2021-10-27T00:00:00.000Z,85.3,69.8,88,85.6,78.8
הדסה הר הצופים,69.4,2021-10-27T00:00:00.000Z,77,107.5,82.3,79.7,86.4
וולפסון,62.3,2021-10-28T00:00:00.000Z,71.4,69,70.1,73.1,65.6
"רמב""ם",95.5,2021-10-28T00:00:00.000Z,98.1,82.7,88.7,91.5,89
ברזילי,65.6,2021-10-28T00:00:00.000Z,76.2,61.1,75.8,77.1,67
שיבא,85.4,2021-10-28T00:00:00.000Z,94.9,68.9,103.2,103.3,90.4
נהריה,81.1,2021-10-28T00:00:00.000Z,87.9,54.5,82.3,82.3,70.8
יוספטל,50,2021-10-28T00:00:00.000Z,59.8,34.8,36.9,45.1,39.6
שמואל הרופא,61.1,2021-10-28T00:00:00.000Z,61.5,74.2,75.4,76.2,71.6
בני ציון,86,2021-10-28T00:00:00.000Z,86.7,63.8,75.1,79.1,76
רבין ק. בילינסון,98.7,2021-10-28T00:00:00.000Z,104.1,73,83,89.7,76.7
סורוקה,53.5,2021-10-28T00:00:00.000Z,57.6,57.4,75,73.9,68.3
איכילוב,79.3,2021-10-28T00:00:00.000Z,87.9,72.6,116.9,114.9,108
רבין ק. השרון,46.5,2021-10-28T00:00:00.000Z,52,48.2,52.3,59.2,58.9
לניאדו,110.3,2021-10-28T00:00:00.000Z,109.7,97.4,98.3,102.9,91.9
פוריה,59,2021-10-28T00:00:00.000Z,62.3,57,76.1,73.3,65.2
זיו צפת,71.9,2021-10-28T00:00:00.000Z,77,75.2,69.7,72,70.5
שמיר,88.8,2021-10-28T00:00:00.000Z,82.7,64.9,71.3,70.9,63.7
הכרמל,49.1,2021-10-28T00:00:00.000Z,55,58.9,68.5,74.3,72.1
הדסה עין כרם,108.7,2021-10-28T00:00:00.000Z,116.6,121.6,87.6,88.6,103.8
מעייני הישועה,75,2021-10-28T00:00:00.000Z,100.5,85.2,119.9,123.4,104.8
אסותא אשדוד,155.9,2021-10-28T00:00:00.000Z,147,,148.5,136.6,
קפלן,74.7,2021-10-28T00:00:00.000Z,83.3,46.7,69.3,73.5,69.1
שערי צדק,81.3,2021-10-28T00:00:00.000Z,84.9,69.4,97,99.3,89
המרכזי בעמק,89,2021-10-28T00:00:00.000Z,95,71.4,68.7,73.2,69.1
מאיר,69.5,2021-10-28T00:00:00.000Z,75.1,58.9,70.6,76.5,66.2
כלל המוסדות,79.6,2021-10-28T00:00:00.000Z,84.9,69.9,83.9,85.4,78.7
הדסה הר הצופים,66.7,2021-10-28T00:00:00.000Z,74.6,110.7,81.9,79.6,86.4
וולפסון,63.9,2021-10-29T00:00:00.000Z,70.2,68.8,65,72.9,65.1
"רמב""ם",98,2021-10-29T00:00:00.000Z,98.9,82.5,81.9,91.4,89.4
ברזילי,64.1,2021-10-29T00:00:00.000Z,74.7,61.1,64.9,77.2,67
שיבא,90,2021-10-29T00:00:00.000Z,93.3,69.9,98.9,103.6,90.6
נהריה,89.5,2021-10-29T00:00:00.000Z,88.1,54.1,78.1,83.1,70.9
יוספטל,56.3,2021-10-29T00:00:00.000Z,58,36.6,33.8,44.4,38.7
שמואל הרופא,61.1,2021-10-29T00:00:00.000Z,61.1,75,73,75.9,71.3
בני ציון,91.7,2021-10-29T00:00:00.000Z,86.4,62.7,68.8,78.8,76.8
רבין ק. בילינסון,97.8,2021-10-29T00:00:00.000Z,104.3,72.6,77.4,89.3,76.6
סורוקה,53.5,2021-10-29T00:00:00.000Z,57.1,58.3,71.9,74,67.8
איכילוב,75,2021-10-29T00:00:00.000Z,87.3,73,98,115.9,107.8
רבין ק. השרון,51.8,2021-10-29T00:00:00.000Z,51.8,48.1,48.1,58.7,58
לניאדו,109,2021-10-29T00:00:00.000Z,111.7,93.5,81.1,100.7,91
פוריה,70.5,2021-10-29T00:00:00.000Z,62.3,56.2,67,74.1,64.1
זיו צפת,87.5,2021-10-29T00:00:00.000Z,77,73.4,64.6,72.1,71.3
שמיר,87.6,2021-10-29T00:00:00.000Z,84.3,63.9,64.4,71.8,62.8
הכרמל,49.1,2021-10-29T00:00:00.000Z,54.3,60.8,61.6,73.8,72.8
הדסה עין כרם,105.8,2021-10-29T00:00:00.000Z,115.1,122.2,81.5,88.6,103.5
מעייני הישועה,80.4,2021-10-29T00:00:00.000Z,96.4,83.8,110.8,122.6,105.4
אסותא אשדוד,137.3,2021-10-29T00:00:00.000Z,147.7,,130.7,137,
קפלן,78,2021-10-29T00:00:00.000Z,82.7,48.5,68,73.2,69
שערי צדק,86.7,2021-10-29T00:00:00.000Z,84.5,70.3,86.5,98.6,89
המרכזי בעמק,91,2021-10-29T00:00:00.000Z,96.3,71.4,67.1,73.4,69.4
מאיר,74.5,2021-10-29T00:00:00.000Z,74.1,60.6,68,75.7,66.8
כלל המוסדות,81.2,2021-10-29T00:00:00.000Z,84.6,70,77.1,85.4,78.6
הדסה הר הצופים,58.3,2021-10-29T00:00:00.000Z,71.8,113.1,70.8,79.3,86.6
כלל המוסדות,88.8,2021-10-30T00:00:00.000Z,84.5,70.3,82.2,85.5,78.5
וולפסון,68.9,2021-10-30T00:00:00.000Z,69.9,68.6,67.8,73.3,64.9
"רמב""ם",101.5,2021-10-30T00:00:00.000Z,98.8,81.9,89.9,91.3,89.1
ברזילי,78.1,2021-10-30T00:00:00.000Z,73.4,61.6,73.8,76.4,67
שיבא,87.9,2021-10-30T00:00:00.000Z,93.4,69.2,99.2,104,90.4
נהריה,109.5,2021-10-30T00:00:00.000Z,89.2,55.1,82.9,83.5,71.4
יוספטל,62.5,2021-10-30T00:00:00.000Z,57.1,39.3,32.3,43.7,39.8
שמואל הרופא,61.1,2021-10-30T00:00:00.000Z,60.7,76.6,75.4,75.5,70.9
בני ציון,98.3,2021-10-30T00:00:00.000Z,87.8,62,77.4,79.6,77.8
רבין ק. בילינסון,105.7,2021-10-30T00:00:00.000Z,104.2,73.2,83.9,88.9,76.7
סורוקה,64.7,2021-10-30T00:00:00.000Z,56.3,58.5,76.7,74.6,67.3
איכילוב,88.7,2021-10-30T00:00:00.000Z,85.7,72.8,112,115.9,107.9
רבין ק. השרון,60.5,2021-10-30T00:00:00.000Z,51.5,47.2,58.9,58.8,56.1
לניאדו,124.4,2021-10-30T00:00:00.000Z,113.7,89.9,92.2,100.2,90.8
פוריה,73.1,2021-10-30T00:00:00.000Z,64.7,56.2,74.9,74.6,63.3
זיו צפת,96.9,2021-10-30T00:00:00.000Z,77.9,72.3,72.6,73.2,72
שמיר,92.3,2021-10-30T00:00:00.000Z,86,62.9,67.2,72.4,61.5
הכרמל,56.6,2021-10-30T00:00:00.000Z,53.1,63.3,68.1,73.4,73.1
הדסה עין כרם,109.7,2021-10-30T00:00:00.000Z,114,122.5,83.2,88.5,102.5
מעייני הישועה,85.7,2021-10-30T00:00:00.000Z,93.1,83,100.6,121.4,105.4
אסותא אשדוד,130.5,2021-10-30T00:00:00.000Z,147.2,,123.5,138.6,
קפלן,86,2021-10-30T00:00:00.000Z,82.3,51.4,73.3,73.4,69.1
שערי צדק,88,2021-10-30T00:00:00.000Z,84.5,71,91.7,98.4,89
המרכזי בעמק,102.6,2021-10-30T00:00:00.000Z,96.1,72.8,76.9,73.2,70.3
מאיר,78.5,2021-10-30T00:00:00.000Z,75.3,62.8,72.2,75.6,67.5
הדסה הר הצופים,83.3,2021-10-30T00:00:00.000Z,69,115.1,77.4,78.7,86.1
וולפסון,71.3,2021-10-31T00:00:00.000Z,69.4,68.1,79.2,73.1,64.4
"רמב""ם",102.5,2021-10-31T00:00:00.000Z,99.1,82.1,93.5,91.3,88.7
ברזילי,89.1,2021-10-31T00:00:00.000Z,72.9,63.7,83.1,76.6,67.8
נהריה,94.7,2021-10-31T00:00:00.000Z,91.7,56.5,81.2,83.8,71.8
יוספטל,62.5,2021-10-31T00:00:00.000Z,58,40.2,38.5,43.3,41.1
שמואל הרופא,66.7,2021-10-31T00:00:00.000Z,60.3,77.8,76.5,75.2,70.5
בני ציון,95,2021-10-31T00:00:00.000Z,89.5,62.2,86.1,80.3,78.3
רבין ק. בילינסון,109.3,2021-10-31T00:00:00.000Z,103.7,73.1,90.7,88.3,77.2
המרכזי בעמק,102.6,2021-10-31T00:00:00.000Z,97.1,73.8,80.5,73.6,70.8
סורוקה,69.4,2021-10-31T00:00:00.000Z,57.4,57.5,76.7,75.4,66.6
איכילוב,86.7,2021-10-31T00:00:00.000Z,85.1,73.3,123.1,116.5,108.1
רבין ק. השרון,52.6,2021-10-31T00:00:00.000Z,51.1,48.4,65.6,58.7,55.1
לניאדו,123.1,2021-10-31T00:00:00.000Z,115.8,88.9,110,99.8,91.5
פוריה,57.7,2021-10-31T00:00:00.000Z,66.1,56.4,76.9,75.9,62.6
זיו צפת,90.6,2021-10-31T00:00:00.000Z,79,73.7,82.4,74.1,72.5
שמיר,90.7,2021-10-31T00:00:00.000Z,87.6,62.2,75.2,72.6,61.1
הכרמל,56.6,2021-10-31T00:00:00.000Z,53.1,65.1,74.4,72.7,73.3
הדסה עין כרם,114.6,2021-10-31T00:00:00.000Z,112.9,124.7,88,88.1,102.6
מעייני הישועה,103.6,2021-10-31T00:00:00.000Z,90.8,82.7,120.3,119.5,105
אסותא אשדוד,157.6,2021-10-31T00:00:00.000Z,147.5,,144,141.7,
קפלן,87.3,2021-10-31T00:00:00.000Z,81.2,53.5,77.9,73.5,69.5
שערי צדק,89.3,2021-10-31T00:00:00.000Z,84.6,71.4,106.1,98.5,89.5
מאיר,85.5,2021-10-31T00:00:00.000Z,75.3,64,80.5,75.2,68
כלל המוסדות,89.8,2021-10-31T00:00:00.000Z,84.7,70.9,87.2,85.6,78.6
הדסה הר הצופים,83.3,2021-10-31T00:00:00.000Z,69.4,119.8,78.8,78.5,86.1
כלל המוסדות,89.8,2021-11-01T00:00:00.000Z,84.9,71.7,88.3,85.4,78.7
וולפסון,78.3,2021-11-01T00:00:00.000Z,69.5,67.8,77.5,73.5,63.8
"רמב""ם",100.5,2021-11-01T00:00:00.000Z,99.9,82.5,95.5,91.3,88.6
ברזילי,89.6,2021-11-01T00:00:00.000Z,74.6,66.1,82.9,77.3,68.7
נהריה,98.4,2021-11-01T00:00:00.000Z,91.7,59.3,84.4,83.5,73.1
יוספטל,75,2021-11-01T00:00:00.000Z,58,37.5,41.5,42.4,40.9
שמואל הרופא,72.2,2021-11-01T00:00:00.000Z,60.3,78.6,78.9,75.1,70
בני ציון,96.7,2021-11-01T00:00:00.000Z,90.4,62.3,90.8,80.8,78
רבין ק. בילינסון,107.5,2021-11-01T00:00:00.000Z,103.6,73.2,92.3,87.7,77.5
המרכזי בעמק,92.3,2021-11-01T00:00:00.000Z,97.4,74.7,79.6,74.6,71.5
סורוקה,62,2021-11-01T00:00:00.000Z,57.9,57.5,76.9,75.7,66.5
איכילוב,85.7,2021-11-01T00:00:00.000Z,84.4,73.3,120.8,116.3,108.2
רבין ק. השרון,44.7,2021-11-01T00:00:00.000Z,51,49.1,62.7,59,54.4
לניאדו,124.4,2021-11-01T00:00:00.000Z,115.8,87.4,107,99.4,91.6
פוריה,76.9,2021-11-01T00:00:00.000Z,65.2,56.6,78.9,76.3,61.9
זיו צפת,104.7,2021-11-01T00:00:00.000Z,78.8,73.4,81.8,74.9,72.7
שמיר,91.9,2021-11-01T00:00:00.000Z,88.6,61.8,78,72.3,61
הכרמל,58.5,2021-11-01T00:00:00.000Z,53.6,66.8,79.1,72.5,73.8
הדסה עין כרם,109.7,2021-11-01T00:00:00.000Z,113.3,128.3,92.3,87.9,102.7
מעייני הישועה,105.4,2021-11-01T00:00:00.000Z,90.1,82.5,120.9,118.3,105
אסותא אשדוד,161,2021-11-01T00:00:00.000Z,148.9,,155.3,143.8,
קפלן,93.3,2021-11-01T00:00:00.000Z,80.5,55.7,81.1,73.3,70.1
שערי צדק,90,2021-11-01T00:00:00.000Z,85.4,72.5,104.5,99,89.4
מאיר,79,2021-11-01T00:00:00.000Z,75.6,65.5,80.8,75.4,68.3
הדסה הר הצופים,77.8,2021-11-01T00:00:00.000Z,70.2,123.8,83,78.6,85.8
וולפסון,77,2021-11-02T00:00:00.000Z,70,67.2,75.8,73.5,63
שיבא,88.3,2021-11-02T00:00:00.000Z,91.5,69.6,103.7,103.7,90.5
"רמב""ם",102.5,2021-11-02T00:00:00.000Z,100,83.1,97.1,91.1,89
ברזילי,83.3,2021-11-02T00:00:00.000Z,76,66.4,80.5,77.4,68.4
שמואל הרופא,72.2,2021-11-02T00:00:00.000Z,61.9,79.4,80.9,75.4,69.7
יוספטל,75,2021-11-02T00:00:00.000Z,60.7,36.6,56.9,40.7,40.7
נהריה,95.3,2021-11-02T00:00:00.000Z,92,60.2,79.6,82.7,73.2
בני ציון,90.9,2021-11-02T00:00:00.000Z,92,64.1,87.1,81.8,78.7
רבין ק. בילינסון,103.5,2021-11-02T00:00:00.000Z,103.5,74.1,92,87.2,77.8
המרכזי בעמק,98.1,2021-11-02T00:00:00.000Z,97,75.7,79.5,75.3,71.8
רבין ק. השרון,50,2021-11-02T00:00:00.000Z,50.5,50,71.4,59.2,54.2
סורוקה,65.9,2021-11-02T00:00:00.000Z,58.3,56.8,78.1,76,65.8
איכילוב,86,2021-11-02T00:00:00.000Z,83.6,73,119.9,115.8,107.8
לניאדו,124.4,2021-11-02T00:00:00.000Z,117,85.1,105.3,99.2,90.8
פוריה,82.1,2021-11-02T00:00:00.000Z,67,57.7,79.7,76.7,60.9
הכרמל,55.7,2021-11-02T00:00:00.000Z,54.4,68.9,79.6,72.2,74.2
זיו צפת,90.6,2021-11-02T00:00:00.000Z,82.8,73.4,83.9,74.7,72.7
שמיר,91.1,2021-11-02T00:00:00.000Z,89.4,62.7,78,72.3,61.2
הדסה עין כרם,107.8,2021-11-02T00:00:00.000Z,112.1,131.9,93.3,87.8,103.4
מעייני הישועה,103.6,2021-11-02T00:00:00.000Z,91.1,81.3,121.5,117.5,105.4
אסותא אשדוד,152.5,2021-11-02T00:00:00.000Z,149.6,,154.9,144.3,
קפלן,84.7,2021-11-02T00:00:00.000Z,82.6,57.3,74.9,74,70.4
שערי צדק,84.7,2021-11-02T00:00:00.000Z,86.3,74.9,108.7,99.4,90.8
מאיר,87.5,2021-11-02T00:00:00.000Z,76.4,66.6,79.9,75.4,68.6
כלל המוסדות,88.9,2021-11-02T00:00:00.000Z,85.4,72.4,89.7,85.2,78.8
הדסה הר הצופים,69.4,2021-11-02T00:00:00.000Z,71.4,127.8,80.6,79.4,87.1
וולפסון,71.7,2021-11-03T00:00:00.000Z,70,66.6,75.7,73,62.3
שיבא,84.1,2021-11-03T00:00:00.000Z,90.5,70.4,101.1,103.3,91.3
"רמב""ם",101,2021-11-03T00:00:00.000Z,100.6,82.6,99.2,91.6,88.7
ברזילי,78.1,2021-11-03T00:00:00.000Z,76.9,67.7,80,77,68.6
שמואל הרופא,66.7,2021-11-03T00:00:00.000Z,65.1,79.8,79.5,76.3,69.5
יוספטל,56.3,2021-11-03T00:00:00.000Z,62.5,38.4,46.2,40.7,40.4
נהריה,89.5,2021-11-03T00:00:00.000Z,93.3,61,84.7,81.7,73.3
בני ציון,93.4,2021-11-03T00:00:00.000Z,92.2,65.6,84.5,81.4,78.9
רבין ק. בילינסון,105.7,2021-11-03T00:00:00.000Z,103.4,75.4,94.4,87.1,78.5
המרכזי בעמק,89,2021-11-03T00:00:00.000Z,96,77.6,76.9,75.4,72.5
רבין ק. השרון,51.8,2021-11-03T00:00:00.000Z,51,49.5,73.4,60.2,53.9
סורוקה,65.1,2021-11-03T00:00:00.000Z,60.2,56.8,75.9,76,65.8
איכילוב,77.7,2021-11-03T00:00:00.000Z,83.6,71.6,119.5,115.5,107.4
לניאדו,120.5,2021-11-03T00:00:00.000Z,118.5,84.2,98.3,98.8,90.4
פוריה,76.9,2021-11-03T00:00:00.000Z,69.6,57,78.9,76.8,60.2
הכרמל,54.7,2021-11-03T00:00:00.000Z,54.4,69.8,76.5,72.3,74.9
זיו צפת,84.4,2021-11-03T00:00:00.000Z,86.6,73.2,84.7,75.6,72.3
שמיר,88.4,2021-11-03T00:00:00.000Z,89.7,62.7,76.4,72.4,61.3
הדסה עין כרם,108.7,2021-11-03T00:00:00.000Z,110.1,132.5,90.5,88.2,103.2
מעייני הישועה,114.3,2021-11-03T00:00:00.000Z,91.6,80.3,124.7,117,106.3
אסותא אשדוד,154.2,2021-11-03T00:00:00.000Z,149.4,,158,144.5,
קפלן,85.3,2021-11-03T00:00:00.000Z,83.8,59,76.3,74.1,71.2
שערי צדק,89.3,2021-11-03T00:00:00.000Z,86.5,76.5,108.3,99.8,92.9
מאיר,84,2021-11-03T00:00:00.000Z,78.3,66.4,76.6,75.6,68.6
כלל המוסדות,86.4,2021-11-03T00:00:00.000Z,85.9,72.6,88.9,85.2,79
הדסה הר הצופים,77.8,2021-11-03T00:00:00.000Z,72.6,130.2,75.3,79.3,88.4
וולפסון,69.7,2021-11-04T00:00:00.000Z,70.5,65.9,75.1,73,61.8
שיבא,80.8,2021-11-04T00:00:00.000Z,88.8,69.2,99.2,102.7,91.3
"רמב""ם",100,2021-11-04T00:00:00.000Z,100.2,83.5,90.7,92.3,88.7
ברזילי,72.9,2021-11-04T00:00:00.000Z,78.3,68.3,71.4,77.3,68.4
שמואל הרופא,66.7,2021-11-04T00:00:00.000Z,65.9,79,78.6,77.1,69
יוספטל,81.3,2021-11-04T00:00:00.000Z,62.5,41.1,46.2,40.9,43.3
נהריה,88.4,2021-11-04T00:00:00.000Z,94,62.3,80.4,81.9,73.1
בני ציון,87.6,2021-11-04T00:00:00.000Z,93.2,67.1,79.4,81.4,78.4
רבין ק. בילינסון,93.4,2021-11-04T00:00:00.000Z,104,76,84.3,87.7,78.6
המרכזי בעמק,87.7,2021-11-04T00:00:00.000Z,94.9,79.4,72.3,75.6,73.2
רבין ק. השרון,53.5,2021-11-04T00:00:00.000Z,51.1,46.9,69.7,61.8,52.7
סורוקה,45.7,2021-11-04T00:00:00.000Z,62,57.1,69.5,75.9,66.2
איכילוב,75.7,2021-11-04T00:00:00.000Z,82.7,70.5,114.2,115.7,107.3
לניאדו,105.1,2021-11-04T00:00:00.000Z,119.4,83.3,96.9,98.9,90.8
פוריה,62.8,2021-11-04T00:00:00.000Z,70.9,56.2,71.3,76.1,60.2
הכרמל,58.5,2021-11-04T00:00:00.000Z,54.3,71.2,66.9,72.5,75.4
זיו צפת,75,2021-11-04T00:00:00.000Z,89.5,74.1,69.7,77.1,72.4
שמיר,86.1,2021-11-04T00:00:00.000Z,90.1,61.6,68.5,72.9,60.9
הדסה עין כרם,106.8,2021-11-04T00:00:00.000Z,109.3,134.1,88.1,88,103
מעייני הישועה,117.9,2021-11-04T00:00:00.000Z,95.4,79.4,126.9,117,106.2
אסותא אשדוד,145.8,2021-11-04T00:00:00.000Z,149.9,,141.3,145,
קפלן,78,2021-11-04T00:00:00.000Z,84.2,59.6,70,74.4,71.6
שערי צדק,88,2021-11-04T00:00:00.000Z,87,78.6,102.4,100.4,92.6
מאיר,71.5,2021-11-04T00:00:00.000Z,79.8,66.1,73.4,75.5,68.6
כלל המוסדות,81.3,2021-11-04T00:00:00.000Z,86.4,72.8,83.8,85.3,79
הדסה הר הצופים,88.9,2021-11-04T00:00:00.000Z,73.8,129,81.9,78.3,89
וולפסון,75.4,2021-11-05T00:00:00.000Z,71.5,66.9,70.4,73.7,62.1
שיבא,85.8,2021-11-05T00:00:00.000Z,87.3,69.2,92.7,101.9,91.7
"רמב""ם",101,2021-11-05T00:00:00.000Z,100.9,82.8,80.5,92.5,88.4
ברזילי,67.7,2021-11-05T00:00:00.000Z,79.3,68.8,62.6,76.7,68.1
שמואל הרופא,63.9,2021-11-05T00:00:00.000Z,66.7,79,76.2,77.5,68.6
יוספטל,62.5,2021-11-05T00:00:00.000Z,67,42,46.2,42.2,46.4
נהריה,93.2,2021-11-05T00:00:00.000Z,95,62.8,76.3,81.6,72.5
בני ציון,90.9,2021-11-05T00:00:00.000Z,93.4,67.8,68.8,82,77.8
רבין ק. בילינסון,98.2,2021-11-05T00:00:00.000Z,103.3,77.6,79.7,87.8,78.5
המרכזי בעמק,98.7,2021-11-05T00:00:00.000Z,94.7,79.7,73.9,76.1,73.1
רבין ק. השרון,50,2021-11-05T00:00:00.000Z,52.1,45.1,53.5,64.3,51.3
סורוקה,52.3,2021-11-05T00:00:00.000Z,60.9,57.5,66.2,75.1,66.5
איכילוב,85,2021-11-05T00:00:00.000Z,82.2,69.1,100.2,115.3,106.5
לניאדו,111.5,2021-11-05T00:00:00.000Z,118.7,82.8,77.4,98.7,90.6
פוריה,66.7,2021-11-05T00:00:00.000Z,71.4,55.3,65.1,75.4,60.8
הכרמל,66,2021-11-05T00:00:00.000Z,55.7,70.4,61.1,72.3,75.4
זיו צפת,89.1,2021-11-05T00:00:00.000Z,90,73.7,62.5,77.1,72.1
שמיר,87.3,2021-11-05T00:00:00.000Z,89.7,60.6,61.7,72.5,60.7
הדסה עין כרם,111.7,2021-11-05T00:00:00.000Z,109,134.3,81.9,88.1,102.6
מעייני הישועה,98.2,2021-11-05T00:00:00.000Z,101.5,80.4,120.6,117.9,105.8
אסותא אשדוד,127.1,2021-11-05T00:00:00.000Z,148.4,,117.7,144,
קפלן,73.3,2021-11-05T00:00:00.000Z,84.7,59.2,62.9,74.5,71
שערי צדק,90.7,2021-11-05T00:00:00.000Z,88,79.7,86.6,101.2,93.2
מאיר,69.5,2021-11-05T00:00:00.000Z,80.1,66.3,68.4,75.9,68.9
כלל המוסדות,84,2021-11-05T00:00:00.000Z,86.6,72.7,76.3,85.3,79
הדסה הר הצופים,80.6,2021-11-05T00:00:00.000Z,77,129,73.6,78.3,89.5
וולפסון,79.1,2021-11-06T00:00:00.000Z,73.2,67.3,73.2,74.5,62.2
שיבא,103.3,2021-11-06T00:00:00.000Z,86,67.4,99.5,99.7,91.6
"רמב""ם",103,2021-11-06T00:00:00.000Z,101.3,82.2,86.5,92.3,88.4
ברזילי,80.7,2021-11-06T00:00:00.000Z,79.8,68.8,69.5,76.3,67.8
שמואל הרופא,63.9,2021-11-06T00:00:00.000Z,67.1,79,77.4,78,68.3
יוספטל,81.3,2021-11-06T00:00:00.000Z,67.9,42,56.9,44,47
נהריה,102.1,2021-11-06T00:00:00.000Z,95.6,62.5,83.4,81.4,72.1
בני ציון,100.8,2021-11-06T00:00:00.000Z,93.3,68.2,77.8,82,77.4
רבין ק. בילינסון,109.3,2021-11-06T00:00:00.000Z,103.3,79.1,89,88.2,78.6
המרכזי בעמק,101.3,2021-11-06T00:00:00.000Z,95.9,78.2,77.9,77.1,72.8
רבין ק. השרון,57,2021-11-06T00:00:00.000Z,51.9,45.1,63.9,65,51
סורוקה,62.8,2021-11-06T00:00:00.000Z,60.7,59.5,70.5,74.3,67.2
איכילוב,89.7,2021-11-06T00:00:00.000Z,83.6,67.9,110.4,115.6,106
לניאדו,123.1,2021-11-06T00:00:00.000Z,119,81.7,85.2,98.2,90.3
פוריה,60.3,2021-11-06T00:00:00.000Z,70.9,53.5,65.4,75.1,60.7
הכרמל,67.9,2021-11-06T00:00:00.000Z,58.1,67.9,66.1,72.2,74.7
זיו צפת,90.6,2021-11-06T00:00:00.000Z,90.2,71.7,71.5,76.8,71
שמיר,96.9,2021-11-06T00:00:00.000Z,89.7,60.6,70.8,72.2,60.6
הדסה עין כרם,123.3,2021-11-06T00:00:00.000Z,109.8,134.5,83.5,88.2,102
מעייני הישועה,98.2,2021-11-06T00:00:00.000Z,104.1,81,111.7,119.3,107.4
אסותא אשדוד,125.4,2021-11-06T00:00:00.000Z,147,,115,142.1,
קפלן,84.7,2021-11-06T00:00:00.000Z,84,57.1,69.3,73.8,69.9
שערי צדק,96.7,2021-11-06T00:00:00.000Z,88.6,80.9,89.1,101.2,93.5
מאיר,84,2021-11-06T00:00:00.000Z,79.4,65.2,74.4,76,68.8
כלל המוסדות,92.1,2021-11-06T00:00:00.000Z,87,72.4,81.8,85.2,78.9
הדסה הר הצופים,94.4,2021-11-06T00:00:00.000Z,80.2,127,81.3,78.7,90.4
כלל המוסדות,91.2,2021-11-07T00:00:00.000Z,87.5,72.1,88.3,85.1,78.7
וולפסון,72.1,2021-11-07T00:00:00.000Z,74.6,68,79.6,75.3,62.2
שיבא,98.3,2021-11-07T00:00:00.000Z,88.6,65.8,102.5,99.2,90.6
"רמב""ם",100.5,2021-11-07T00:00:00.000Z,101.5,83,91.8,91.9,88.8
ברזילי,75,2021-11-07T00:00:00.000Z,80.2,67.8,76.3,75.7,67.5
שמואל הרופא,63.9,2021-11-07T00:00:00.000Z,67.5,79.4,78.3,78.3,68.1
יוספטל,25,2021-11-07T00:00:00.000Z,70.5,45.5,43.1,47.5,48.8
נהריה,96.3,2021-11-07T00:00:00.000Z,94.5,61.9,87,81.4,71.5
בני ציון,101.7,2021-11-07T00:00:00.000Z,93.6,69.3,81.8,82.1,77
רבין ק. בילינסון,117.6,2021-11-07T00:00:00.000Z,103.8,80,90.8,88.9,78.8
המרכזי בעמק,94.8,2021-11-07T00:00:00.000Z,95.7,76.4,80.1,77.2,72.4
רבין ק. השרון,55.3,2021-11-07T00:00:00.000Z,51.4,44.4,73,65.7,50.1
סורוקה,72.1,2021-11-07T00:00:00.000Z,60.5,61.1,74.4,73.4,67.7
איכילוב,90.7,2021-11-07T00:00:00.000Z,83.8,66.7,123,115.4,105.5
לניאדו,110.3,2021-11-07T00:00:00.000Z,118.9,80.6,102.2,97.2,88.9
פוריה,60.3,2021-11-07T00:00:00.000Z,69,51.5,72.4,73.7,60
הכרמל,58.5,2021-11-07T00:00:00.000Z,59.7,66.7,69.5,72,73.9
זיו צפת,95.3,2021-11-07T00:00:00.000Z,89.3,68.3,88.2,76.7,71.2
שמיר,92.7,2021-11-07T00:00:00.000Z,90.3,61,78.7,72.7,60.4
הדסה עין כרם,111.7,2021-11-07T00:00:00.000Z,111.8,136.1,89.7,88.2,101.4
מעייני הישועה,107.1,2021-11-07T00:00:00.000Z,105.9,81.2,118,120.9,108.4
אסותא אשדוד,147.5,2021-11-07T00:00:00.000Z,146.2,,143.7,140.9,
קפלן,93.3,2021-11-07T00:00:00.000Z,83.8,55.2,77.6,73.2,68.6
שערי צדק,100,2021-11-07T00:00:00.000Z,89.8,81.9,104.6,100.8,93.3
מאיר,92.5,2021-11-07T00:00:00.000Z,80.1,65.6,81.9,76.3,69.1
הדסה הר הצופים,61.1,2021-11-07T00:00:00.000Z,81.7,121,74,79.2,90.1
וולפסון,74.2,2021-11-08T00:00:00.000Z,74.8,68.4,78.3,75.3,62
שיבא,99.2,2021-11-08T00:00:00.000Z,89.8,66.8,103.9,99.7,91
"רמב""ם",102.5,2021-11-08T00:00:00.000Z,101.2,82.9,95.7,91.6,88.8
ברזילי,66.1,2021-11-08T00:00:00.000Z,78.2,67.3,74.3,74.7,67.5
שמואל הרופא,72.2,2021-11-08T00:00:00.000Z,67.1,79.8,81.2,78.6,67.9
יוספטל,37.5,2021-11-08T00:00:00.000Z,65.2,52.7,47.7,48.1,51.9
נהריה,101.6,2021-11-08T00:00:00.000Z,94.7,60.9,85.2,82.3,70.3
בני ציון,100,2021-11-08T00:00:00.000Z,94.6,71,80.1,81.5,77.4
רבין ק. בילינסון,114.5,2021-11-08T00:00:00.000Z,105,80.9,90.9,88.9,78.7
המרכזי בעמק,98.1,2021-11-08T00:00:00.000Z,94.6,74.1,80,77.2,71.7
רבין ק. השרון,54.4,2021-11-08T00:00:00.000Z,51.8,43.2,73.9,66.8,49
סורוקה,69.4,2021-11-08T00:00:00.000Z,60.9,61.4,76.6,73.1,68.2
איכילוב,90.7,2021-11-08T00:00:00.000Z,84.3,64.6,123,115.4,104.6
לניאדו,110.3,2021-11-08T00:00:00.000Z,117,81,96.1,96.1,88
פוריה,74.4,2021-11-08T00:00:00.000Z,69.4,50.2,68.5,73.1,59
הכרמל,60.4,2021-11-08T00:00:00.000Z,60,65.8,73.2,71.3,73.5
זיו צפת,93.8,2021-11-08T00:00:00.000Z,90,66.3,89.9,77.5,71.2
שמיר,87.6,2021-11-08T00:00:00.000Z,90.6,61.1,77.2,73.2,60.4
הדסה עין כרם,117.5,2021-11-08T00:00:00.000Z,111.4,137.2,93.3,88.5,101
מעייני הישועה,116.1,2021-11-08T00:00:00.000Z,106.4,81.6,122.8,120.6,108
אסותא אשדוד,142.4,2021-11-08T00:00:00.000Z,144.8,,150.9,140.9,
קפלן,94,2021-11-08T00:00:00.000Z,84.7,54.1,78.1,73.1,66.9
שערי צדק,102,2021-11-08T00:00:00.000Z,91.3,82.7,105.7,100.6,93.1
מאיר,84.5,2021-11-08T00:00:00.000Z,81.1,64.6,79.6,76.5,69.4
כלל המוסדות,91.2,2021-11-08T00:00:00.000Z,87.7,71.6,88.8,85.3,78.4
הדסה הר הצופים,83.3,2021-11-08T00:00:00.000Z,78.6,116.3,70.1,78.5,90
כלל המוסדות,89,2021-11-09T00:00:00.000Z,87.9,71.3,88.6,85.4,78.3
וולפסון,76.6,2021-11-09T00:00:00.000Z,74.2,68.2,77.9,75.5,61.8
שיבא,96.7,2021-11-09T00:00:00.000Z,91.4,68.7,104.3,100.4,92.6
"רמב""ם",104.5,2021-11-09T00:00:00.000Z,101.5,82.6,97.7,91.6,88.2
ברזילי,69.8,2021-11-09T00:00:00.000Z,74.9,68.8,76.3,73.5,68.8
שמואל הרופא,72.2,2021-11-09T00:00:00.000Z,67.1,79.8,82.1,78.9,67.6
יוספטל,43.8,2021-11-09T00:00:00.000Z,59.8,54.5,52.3,49,53.4
נהריה,96.3,2021-11-09T00:00:00.000Z,95.2,61.1,82.7,82.4,70.6
בני ציון,95,2021-11-09T00:00:00.000Z,95,71.9,82,79.9,76.7
רבין ק. בילינסון,108.8,2021-11-09T00:00:00.000Z,106,81.9,90.5,88.7,78.8
המרכזי בעמק,87.1,2021-11-09T00:00:00.000Z,95.4,71.9,79.2,77.2,70.6
רבין ק. השרון,51.8,2021-11-09T00:00:00.000Z,53.1,42.4,73,68.4,47.9
סורוקה,62.8,2021-11-09T00:00:00.000Z,61.9,62.1,75,73,69
איכילוב,89,2021-11-09T00:00:00.000Z,85,63.4,121.7,115.7,104.6
לניאדו,117.9,2021-11-09T00:00:00.000Z,115,82.8,98.6,94.5,88.8
פוריה,61.5,2021-11-09T00:00:00.000Z,69,48.9,69,71.6,58.9
הכרמל,52.8,2021-11-09T00:00:00.000Z,60.2,65.6,75.1,70.4,73.1
זיו צפת,85.9,2021-11-09T00:00:00.000Z,88.4,65.4,84.1,78.6,71.5
שמיר,88.4,2021-11-09T00:00:00.000Z,90,60.7,73.5,73,60.2
הדסה עין כרם,112.6,2021-11-09T00:00:00.000Z,112.5,136.8,94.8,88.6,99.6
מעייני הישועה,110.7,2021-11-09T00:00:00.000Z,107.9,82.7,118.7,120.9,107.3
אסותא אשדוד,140.7,2021-11-09T00:00:00.000Z,142.1,,151.2,140.2,
קפלן,90.7,2021-11-09T00:00:00.000Z,84.8,53.2,76.7,72.7,65.9
שערי צדק,102,2021-11-09T00:00:00.000Z,93,82,106.9,100.8,92.4
מאיר,89,2021-11-09T00:00:00.000Z,81.9,63.8,79.2,76.3,69.9
הדסה הר הצופים,75,2021-11-09T00:00:00.000Z,79.4,108.7,76.7,76.7,88.8
וולפסון,70.5,2021-11-10T00:00:00.000Z,74.1,68.7,78.3,75.8,62
שיבא,97.5,2021-11-10T00:00:00.000Z,92.6,69.3,104.7,100.5,93.4
"רמב""ם",105.6,2021-11-10T00:00:00.000Z,101.8,84.1,96.4,91.7,88.2
ברזילי,66.1,2021-11-10T00:00:00.000Z,72.9,68.9,76.3,72.9,69.2
שמואל הרופא,69.4,2021-11-10T00:00:00.000Z,67.1,78.6,81.8,79.1,67.2
יוספטל,37.5,2021-11-10T00:00:00.000Z,55.4,55.4,53.8,48.4,53.8
נהריה,90.5,2021-11-10T00:00:00.000Z,95.3,62.4,84.4,82.8,70.6
בני ציון,91.7,2021-11-10T00:00:00.000Z,95.6,73.7,88.5,79.2,76.2
רבין ק. בילינסון,101.3,2021-11-10T00:00:00.000Z,106.8,81.5,90.7,88.5,78.5
המרכזי בעמק,87.7,2021-11-10T00:00:00.000Z,93.8,68.8,76.9,77.2,69.6
רבין ק. השרון,54.4,2021-11-10T00:00:00.000Z,53.4,40.6,74.7,68.6,47.2
סורוקה,61.2,2021-11-10T00:00:00.000Z,61.5,63.5,74.9,72.6,69.5
איכילוב,81,2021-11-10T00:00:00.000Z,85.5,63.6,117.2,116,105
לניאדו,123.1,2021-11-10T00:00:00.000Z,114.1,83.6,95.8,93.6,89.3
פוריה,55.1,2021-11-10T00:00:00.000Z,66.1,48.5,67.9,70.1,59.6
הכרמל,47.2,2021-11-10T00:00:00.000Z,59.8,66,70.3,69.8,72.5
זיו צפת,90.6,2021-11-10T00:00:00.000Z,87.7,65.6,97.7,78.7,72.1
שמיר,84.2,2021-11-10T00:00:00.000Z,89.6,61.7,75.1,72.4,60.3
הדסה עין כרם,115.5,2021-11-10T00:00:00.000Z,113.2,137.2,99.1,88.8,99.1
מעייני הישועה,103.6,2021-11-10T00:00:00.000Z,108.9,82.4,118.7,120.5,105.7
אסותא אשדוד,150.8,2021-11-10T00:00:00.000Z,140.4,,151.2,139.7,
קפלן,97.3,2021-11-10T00:00:00.000Z,85.6,53.1,81.6,73,65.2
שערי צדק,104,2021-11-10T00:00:00.000Z,95.5,81.2,104.5,100.5,91.5
מאיר,84,2021-11-10T00:00:00.000Z,82.1,63.2,76.1,76.2,70.1
כלל המוסדות,86.6,2021-11-10T00:00:00.000Z,87.9,71.4,88.8,85.2,78.3
הדסה הר הצופים,58.3,2021-11-10T00:00:00.000Z,80.2,102,81.3,76.1,87.5
וולפסון,68.9,2021-11-11T00:00:00.000Z,73.9,68.9,71.9,76.1,62
שיבא,84.1,2021-11-11T00:00:00.000Z,94.5,69.7,100.3,101,93.6
"רמב""ם",96.5,2021-11-11T00:00:00.000Z,102.5,84.3,93.8,91.3,88.4
ברזילי,59.4,2021-11-11T00:00:00.000Z,71.2,68.8,68.5,72.4,69.5
שמואל הרופא,72.2,2021-11-11T00:00:00.000Z,67.5,78.6,80.9,79.4,66.9
יוספטל,68.8,2021-11-11T00:00:00.000Z,52.7,53.6,43.1,49.5,51.9
נהריה,81.6,2021-11-11T00:00:00.000Z,95.5,62.7,80.3,82.8,70.9
בני ציון,86,2021-11-11T00:00:00.000Z,95.4,75.4,76.9,79.8,76.2
רבין ק. בילינסון,94.3,2021-11-11T00:00:00.000Z,106.2,82.5,81.6,88,78.9
המרכזי בעמק,90.3,2021-11-11T00:00:00.000Z,93.6,66.6,73.6,77.2,68.4
רבין ק. השרון,43.9,2021-11-11T00:00:00.000Z,53.8,41.5,61.4,68.8,47.6
סורוקה,53.5,2021-11-11T00:00:00.000Z,60.9,63.3,68.5,72.4,69.5
איכילוב,74.7,2021-11-11T00:00:00.000Z,86,64,113.2,115.7,105.8
לניאדו,110.3,2021-11-11T00:00:00.000Z,114.5,83.3,96.4,93.2,89.9
פוריה,73.1,2021-11-11T00:00:00.000Z,63,49.8,69,68.5,59.4
הכרמל,51.9,2021-11-11T00:00:00.000Z,58.8,66.7,66.5,68.9,73.3
זיו צפת,89.1,2021-11-11T00:00:00.000Z,88.6,67.9,83,80.5,73.9
שמיר,78,2021-11-11T00:00:00.000Z,89,63.4,68.6,72.2,60.9
הדסה עין כרם,109.7,2021-11-11T00:00:00.000Z,114.1,136.6,90.9,90,98.7
מעייני הישועה,98.2,2021-11-11T00:00:00.000Z,107.4,83.2,132.6,119.6,105.1
אסותא אשדוד,150.8,2021-11-11T00:00:00.000Z,140,,143,138.7,
קפלן,88.7,2021-11-11T00:00:00.000Z,87.3,54.5,72.1,73.7,65.3
שערי צדק,102.7,2021-11-11T00:00:00.000Z,97.6,78.9,98.3,100,91.5
מאיר,67,2021-11-11T00:00:00.000Z,82.1,62.5,70.4,76.1,70.4
כלל המוסדות,80.8,2021-11-11T00:00:00.000Z,87.9,71.6,83.7,85.2,78.4
הדסה הר הצופים,80.6,2021-11-11T00:00:00.000Z,77.4,97.6,82.3,77,85.8
וולפסון,61.9,2021-11-12T00:00:00.000Z,73.8,68,60.5,75.7,61.7
שיבא,86.2,2021-11-12T00:00:00.000Z,95,70,96.3,101.1,94
"רמב""ם",98,2021-11-12T00:00:00.000Z,101.9,84.5,80.6,91.8,88.5
ברזילי,67.7,2021-11-12T00:00:00.000Z,69.3,69.5,62.7,72,71
שמואל הרופא,69.4,2021-11-12T00:00:00.000Z,68.3,77.8,78.9,79.7,66.8
יוספטל,68.8,2021-11-12T00:00:00.000Z,50.9,49.1,43.1,49,50.1
נהריה,81.6,2021-11-12T00:00:00.000Z,94.5,64.5,72.9,82.8,71.7
בני ציון,88.4,2021-11-12T00:00:00.000Z,95.2,76.6,69.5,79.4,76.7
רבין ק. בילינסון,94.7,2021-11-12T00:00:00.000Z,106.3,82.1,76.8,87.6,79.8
המרכזי בעמק,92.3,2021-11-12T00:00:00.000Z,94,66.2,72.5,77.4,67.9
רבין ק. השרון,43.9,2021-11-12T00:00:00.000Z,52.4,43.2,56.4,67.6,48.4
סורוקה,56.6,2021-11-12T00:00:00.000Z,62,63.2,64.6,72.3,69.7
איכילוב,73.3,2021-11-12T00:00:00.000Z,85.8,65.2,94.9,115.5,107
לניאדו,116.7,2021-11-12T00:00:00.000Z,115.2,81.1,78.8,93.1,90.2
פוריה,75.6,2021-11-12T00:00:00.000Z,64.5,50.4,67,68.2,59.5
הכרמל,54.7,2021-11-12T00:00:00.000Z,57.8,68.7,60.9,68.8,73.9
זיו צפת,82.8,2021-11-12T00:00:00.000Z,90.6,71,70.6,82.4,75.7
שמיר,77.2,2021-11-12T00:00:00.000Z,87.9,65.5,63.4,72.2,61.3
הדסה עין כרם,112.6,2021-11-12T00:00:00.000Z,114.6,136.5,83.1,90.4,98.8
מעייני הישועה,96.4,2021-11-12T00:00:00.000Z,104.6,82.1,120.6,120.4,104.3
אסותא אשדוד,152.5,2021-11-12T00:00:00.000Z,140.7,,129.4,139,
קפלן,92,2021-11-12T00:00:00.000Z,88.9,55.6,65.2,74,65.5
שערי צדק,104.7,2021-11-12T00:00:00.000Z,99.7,78.4,89.1,99.4,90.9
מאיר,70.5,2021-11-12T00:00:00.000Z,81.5,61.4,67.4,75.7,70.3
כלל המוסדות,81.9,2021-11-12T00:00:00.000Z,87.8,72,76.2,85.2,78.7
הדסה הר הצופים,77.8,2021-11-12T00:00:00.000Z,76.2,97.2,72.9,77,84.9
וולפסון,71.7,2021-11-13T00:00:00.000Z,71.9,67.6,66.3,74.3,62.2
שיבא,95,2021-11-13T00:00:00.000Z,95,71.9,100.6,101.7,94.5
"רמב""ם",100.5,2021-11-13T00:00:00.000Z,101.5,85.8,85.1,91.8,88.7
ברזילי,73.4,2021-11-13T00:00:00.000Z,69.3,71.1,65.9,72,72.3
שמואל הרופא,72.2,2021-11-13T00:00:00.000Z,69,76.2,80.1,80.1,66.7
יוספטל,93.8,2021-11-13T00:00:00.000Z,51.8,46.4,56.9,48.6,50.1
נהריה,97.9,2021-11-13T00:00:00.000Z,92.9,64.7,80.8,82.3,72.6
בני ציון,95.9,2021-11-13T00:00:00.000Z,94.8,78.5,79.4,79.5,77.7
רבין ק. בילינסון,107.5,2021-11-13T00:00:00.000Z,105.8,80.7,85.1,87.2,79.5
המרכזי בעמק,101.3,2021-11-13T00:00:00.000Z,93.1,66.5,77.2,77.2,67.4
רבין ק. השרון,48.2,2021-11-13T00:00:00.000Z,51.5,42.9,66,68,48.8
סורוקה,63.6,2021-11-13T00:00:00.000Z,62.6,61.9,68.7,72.1,69.8
איכילוב,85,2021-11-13T00:00:00.000Z,84.1,67.3,104.8,114.8,107.9
לניאדו,120.5,2021-11-13T00:00:00.000Z,115.9,81.1,88.6,93.3,90.1
פוריה,74.4,2021-11-13T00:00:00.000Z,65.8,51.5,74.1,68.5,59.1
הכרמל,55.7,2021-11-13T00:00:00.000Z,56.2,72,66.3,68.8,75.2
זיו צפת,95.3,2021-11-13T00:00:00.000Z,89.7,73.7,80.1,83.6,76.6
שמיר,84.6,2021-11-13T00:00:00.000Z,86.4,67.6,67.3,72.5,62.3
הדסה עין כרם,121.4,2021-11-13T00:00:00.000Z,114.7,137.7,84.9,90.6,99.1
מעייני הישועה,100,2021-11-13T00:00:00.000Z,104.3,80.9,110.8,120.4,103.2
אסותא אשדוד,135.6,2021-11-13T00:00:00.000Z,144.3,,119.8,140.6,
קפלן,102.7,2021-11-13T00:00:00.000Z,91.5,58,74.7,74.4,66.5
שערי צדק,105.3,2021-11-13T00:00:00.000Z,101.7,77.5,94.7,99.7,90.1
מאיר,77,2021-11-13T00:00:00.000Z,81.6,60.7,72,75.6,70.6
כלל המוסדות,89.3,2021-11-13T00:00:00.000Z,87.5,72.7,81.3,85.2,79
הדסה הר הצופים,83.3,2021-11-13T00:00:00.000Z,75.8,99.6,73.3,76.9,84.6
וולפסון,73.4,2021-11-14T00:00:00.000Z,70.8,66.4,74.1,73.3,62.3
שיבא,95.8,2021-11-14T00:00:00.000Z,93.8,73.8,103.2,101.8,95.1
"רמב""ם",98,2021-11-14T00:00:00.000Z,101.2,85.2,93.4,91.6,87.8
ברזילי,81.3,2021-11-14T00:00:00.000Z,68.2,70.5,78.1,71.5,72.5
שמואל הרופא,72.2,2021-11-14T00:00:00.000Z,70.2,74.6,82.1,80.5,66.6
יוספטל,87.5,2021-11-14T00:00:00.000Z,53.6,41.1,56.9,48.6,49.5
נהריה,98.9,2021-11-14T00:00:00.000Z,92.3,64.3,89,81.9,73
בני ציון,102.5,2021-11-14T00:00:00.000Z,94.1,80,85.9,79.7,78.4
רבין ק. בילינסון,114.5,2021-11-14T00:00:00.000Z,105.5,79.4,89.6,86.6,79
המרכזי בעמק,102.6,2021-11-14T00:00:00.000Z,93.1,67.2,78,77.1,67.2
רבין ק. השרון,63.2,2021-11-14T00:00:00.000Z,50.3,41.9,89.2,68.3,49.3
סורוקה,75.6,2021-11-14T00:00:00.000Z,62.7,61.1,77.4,71.8,69.9
איכילוב,85,2021-11-14T00:00:00.000Z,83.5,68.7,117.8,114,108.5
לניאדו,117.9,2021-11-14T00:00:00.000Z,115.6,80.5,112.5,93.8,90.6
פוריה,74.4,2021-11-14T00:00:00.000Z,67.8,53.1,76.1,69.7,58.5
הכרמל,64.2,2021-11-14T00:00:00.000Z,54.4,74.5,72.2,68.8,75.9
זיו צפת,92.2,2021-11-14T00:00:00.000Z,90.4,75,86.7,84.8,76.3
שמיר,86.9,2021-11-14T00:00:00.000Z,84.7,68.7,74.6,72,62.7
הדסה עין כרם,121.4,2021-11-14T00:00:00.000Z,114.4,136.3,91.4,90.8,99.3
מעייני הישועה,112.5,2021-11-14T00:00:00.000Z,104.6,80.1,130.1,120.3,102.7
אסותא אשדוד,155.9,2021-11-14T00:00:00.000Z,145.8,,143.7,141.3,
קפלן,99.3,2021-11-14T00:00:00.000Z,94.1,59,79.3,75.1,67.4
שערי צדק,106.7,2021-11-14T00:00:00.000Z,103,76.3,105.5,100.5,89.4
מאיר,83.5,2021-11-14T00:00:00.000Z,80.6,60.2,76.1,75.2,70.4
כלל המוסדות,92.9,2021-11-14T00:00:00.000Z,87.1,72.8,88.9,85.1,79.1
הדסה הר הצופים,77.8,2021-11-14T00:00:00.000Z,74.2,103.6,79.9,75.8,85
כלל המוסדות,90.9,2021-11-15T00:00:00.000Z,87.4,73.3,89.5,85.2,79.4
וולפסון,72.1,2021-11-15T00:00:00.000Z,71,65.2,75.3,72.5,62.3
שיבא,97.9,2021-11-15T00:00:00.000Z,93.5,76.3,104.6,101.9,95.8
"רמב""ם",96.5,2021-11-15T00:00:00.000Z,100.8,85.3,91.1,91.8,87.3
ברזילי,82.3,2021-11-15T00:00:00.000Z,69.1,70.7,81.5,71.8,72.9
שמואל הרופא,72.2,2021-11-15T00:00:00.000Z,71.4,73.8,82.7,81,66.7
יוספטל,81.3,2021-11-15T00:00:00.000Z,62.5,34.8,69.2,50.5,46.6
נהריה,97.4,2021-11-15T00:00:00.000Z,92.6,63.9,88.8,82.2,73.4
בני ציון,100,2021-11-15T00:00:00.000Z,94.2,81.1,87.3,80.3,78.8
רבין ק. בילינסון,114.1,2021-11-15T00:00:00.000Z,105.1,78.7,91.1,86.5,79.1
המרכזי בעמק,95.5,2021-11-15T00:00:00.000Z,94.2,69.1,73.3,76.8,67.5
רבין ק. השרון,77.2,2021-11-15T00:00:00.000Z,51.4,41.4,79.3,70.7,49.7
סורוקה,68.2,2021-11-15T00:00:00.000Z,63.2,61.4,76,72.2,69.7
איכילוב,80.3,2021-11-15T00:00:00.000Z,82.7,71,123,113.2,109.3
לניאדו,109,2021-11-15T00:00:00.000Z,116.7,78.6,106.7,95.3,91
פוריה,70.5,2021-11-15T00:00:00.000Z,69.8,55.3,71.3,70.2,58.6
הכרמל,65.1,2021-11-15T00:00:00.000Z,55.3,77.2,75.5,69.2,76.2
זיו צפת,76.6,2021-11-15T00:00:00.000Z,90,76.1,87,84.6,76.9
שמיר,90,2021-11-15T00:00:00.000Z,83.8,69.8,78.1,71.4,63.2
הדסה עין כרם,122.3,2021-11-15T00:00:00.000Z,115.8,134.1,94.4,91.1,99.1
מעייני הישועה,101.8,2021-11-15T00:00:00.000Z,105.4,79.1,123.1,122,103
אסותא אשדוד,159.3,2021-11-15T00:00:00.000Z,147,,156.3,141.3,
קפלן,101.3,2021-11-15T00:00:00.000Z,95,60.3,83.2,75.4,68.4
שערי צדק,102.7,2021-11-15T00:00:00.000Z,103.9,74.7,102.1,100.7,89.5
מאיר,74,2021-11-15T00:00:00.000Z,79.4,60.3,76.5,74.4,70.2
הדסה הר הצופים,72.2,2021-11-15T00:00:00.000Z,76.6,107.1,81.6,76.6,84.8
וולפסון,74.6,2021-11-16T00:00:00.000Z,70.7,65,74.7,72,62.6
שיבא,93.7,2021-11-16T00:00:00.000Z,93.3,77.4,104.1,102,96.5
"רמב""ם",88.9,2021-11-16T00:00:00.000Z,99.9,85.6,95.9,91.2,87
ברזילי,76.6,2021-11-16T00:00:00.000Z,71.4,71.3,79.1,72.8,73.1
שמואל הרופא,72.2,2021-11-16T00:00:00.000Z,71.4,73,82.4,81.2,66.8
יוספטל,87.5,2021-11-16T00:00:00.000Z,68.8,32.1,83.1,53.6,45.9
נהריה,99.5,2021-11-16T00:00:00.000Z,92,63.9,85.9,82.7,73.1
בני ציון,101.7,2021-11-16T00:00:00.000Z,94.2,82.4,90.3,81.4,79.9
רבין ק. בילינסון,110.1,2021-11-16T00:00:00.000Z,105,77.9,90.7,86.5,79.4
המרכזי בעמק,89.7,2021-11-16T00:00:00.000Z,93.8,69.9,73.9,75.8,67.6
רבין ק. השרון,72.8,2021-11-16T00:00:00.000Z,54.6,40.9,78.8,71.4,50.5
סורוקה,68.2,2021-11-16T00:00:00.000Z,63.1,61.7,76.6,72.2,69.5
איכילוב,81,2021-11-16T00:00:00.000Z,81.2,72.1,124.8,113.2,109.2
לניאדו,114.1,2021-11-16T00:00:00.000Z,116.5,76.8,101.1,96.8,90.4
פוריה,70.5,2021-11-16T00:00:00.000Z,69.2,54.4,71.8,70.6,58.1
הכרמל,65.1,2021-11-16T00:00:00.000Z,55.9,79,78.7,69.5,76.3
זיו צפת,85.9,2021-11-16T00:00:00.000Z,87.5,77.5,86.2,84.2,76.7
שמיר,87.6,2021-11-16T00:00:00.000Z,84.2,70.7,76.5,71.5,63.4
הדסה עין כרם,108.7,2021-11-16T00:00:00.000Z,116.5,132.3,91.9,91.2,99.5
מעייני הישועה,96.4,2021-11-16T00:00:00.000Z,103.3,77.6,115.8,122.1,105.1
אסותא אשדוד,149.2,2021-11-16T00:00:00.000Z,149.4,,159.4,142.1,
קפלן,90,2021-11-16T00:00:00.000Z,96,61.6,79.9,76.1,68.7
שערי צדק,102.7,2021-11-16T00:00:00.000Z,104,73.5,101.5,100.1,89.8
מאיר,75,2021-11-16T00:00:00.000Z,77.9,59.9,77.9,73.9,69.4
כלל המוסדות,88.8,2021-11-16T00:00:00.000Z,87.3,73.7,89.4,85.3,79.5
הדסה הר הצופים,77.8,2021-11-16T00:00:00.000Z,75,113.9,81.6,78.3,83.9
כלל המוסדות,86.1,2021-11-17T00:00:00.000Z,87.3,74.1,88.8,85.4,79.6
וולפסון,71.7,2021-11-17T00:00:00.000Z,70.4,64.8,75.1,71.6,62.3
שיבא,89.1,2021-11-17T00:00:00.000Z,92.9,78.1,102.5,102,97.1
"רמב""ם",88.9,2021-11-17T00:00:00.000Z,97.7,85.2,91.5,90.9,86.9
ברזילי,77.6,2021-11-17T00:00:00.000Z,72.4,71.1,82,73.2,73.3
שמואל הרופא,69.4,2021-11-17T00:00:00.000Z,71.4,72.6,82.1,81.3,66.8
יוספטל,87.5,2021-11-17T00:00:00.000Z,75,25.9,75.4,58,43.7
נהריה,97.9,2021-11-17T00:00:00.000Z,92.5,63.9,89,83.2,72.5
בני ציון,90.9,2021-11-17T00:00:00.000Z,95.2,82.8,89.4,82.5,80.3
רבין ק. בילינסון,106.2,2021-11-17T00:00:00.000Z,105.2,78.3,90.1,86.5,79.6
המרכזי בעמק,89,2021-11-17T00:00:00.000Z,94.2,72,72.3,75.1,67.9
רבין ק. השרון,71.1,2021-11-17T00:00:00.000Z,57.6,43.4,75.9,72.3,51.7
סורוקה,68.6,2021-11-17T00:00:00.000Z,63.8,61.8,76.7,72.4,69.5
איכילוב,79.7,2021-11-17T00:00:00.000Z,80,72.5,123.8,113.7,109.1
לניאדו,106.4,2021-11-17T00:00:00.000Z,115.9,75.3,92.2,97.1,90.2
פוריה,59,2021-11-17T00:00:00.000Z,70.5,53.8,75.5,71,57.4
הכרמל,61.3,2021-11-17T00:00:00.000Z,57.7,79.6,77.3,70.1,76.9
זיו צפת,96.9,2021-11-17T00:00:00.000Z,87.5,80.8,89.3,84.5,76.5
שמיר,84.9,2021-11-17T00:00:00.000Z,84.1,70.8,72.2,72,63.3
הדסה עין כרם,100,2021-11-17T00:00:00.000Z,116,132.3,91.5,90.8,99.7
מעייני הישועה,92.9,2021-11-17T00:00:00.000Z,101.3,76.8,113,121.7,106.6
אסותא אשדוד,149.2,2021-11-17T00:00:00.000Z,150.6,,161.4,143.2,
קפלן,78.7,2021-11-17T00:00:00.000Z,95.9,62.4,79.3,76.6,68.4
שערי צדק,102.7,2021-11-17T00:00:00.000Z,104.1,73.1,106.3,99.4,90.7
מאיר,74,2021-11-17T00:00:00.000Z,75.9,60.3,77.8,73.8,69.3
הדסה הר הצופים,83.3,2021-11-17T00:00:00.000Z,75.4,117.9,78.8,79,83.8
וולפסון,72.1,2021-11-18T00:00:00.000Z,70.6,64.2,71.6,71.1,62.3
שיבא,91.6,2021-11-18T00:00:00.000Z,91.7,79,100.2,101.6,97.9
"רמב""ם",90.4,2021-11-18T00:00:00.000Z,95.3,85.6,88.8,90.2,86.6
ברזילי,71.9,2021-11-18T00:00:00.000Z,74,71.7,74.2,74,73.9
שמואל הרופא,75,2021-11-18T00:00:00.000Z,71.4,71.8,82.7,81.3,66.8
יוספטל,81.3,2021-11-18T00:00:00.000Z,82.1,25,58.5,61.1,43.1
נהריה,95.8,2021-11-18T00:00:00.000Z,93.5,63.4,84.5,83.8,71.5
בני ציון,81,2021-11-18T00:00:00.000Z,95,82.6,81.8,82.7,80.4
רבין ק. בילינסון,100,2021-11-18T00:00:00.000Z,105.9,78.5,81.9,86.4,79.7
המרכזי בעמק,94.2,2021-11-18T00:00:00.000Z,94.4,73.6,70,74.4,68.3
רבין ק. השרון,68.4,2021-11-18T00:00:00.000Z,60,43.5,72.2,72.4,51.2
סורוקה,58.9,2021-11-18T00:00:00.000Z,64.9,62.6,69.4,72.6,69.5
איכילוב,73.7,2021-11-18T00:00:00.000Z,79.9,72.9,117.6,114.6,109.1
לניאדו,107.7,2021-11-18T00:00:00.000Z,113.6,75.3,101.9,96.6,89.9
פוריה,59,2021-11-18T00:00:00.000Z,71.1,51.8,70.4,72.1,56.8
הכרמל,62.3,2021-11-18T00:00:00.000Z,59.7,80.1,73.4,71,76.6
זיו צפת,76.6,2021-11-18T00:00:00.000Z,88.4,80.8,71.5,83.3,75.2
שמיר,98.1,2021-11-18T00:00:00.000Z,84.2,72.1,75.2,71.5,63.5
הדסה עין כרם,114.6,2021-11-18T00:00:00.000Z,113.7,132.9,89.3,89.7,100.2
מעייני הישועה,94.6,2021-11-18T00:00:00.000Z,99.7,76.3,115.8,120.8,108
אסותא אשדוד,152.5,2021-11-18T00:00:00.000Z,150.4,,149.1,144.7,
קפלן,80.7,2021-11-18T00:00:00.000Z,93.2,63,68.7,76.2,68.4
שערי צדק,102.7,2021-11-18T00:00:00.000Z,103.9,73.7,99,99.6,92.3
מאיר,72.5,2021-11-18T00:00:00.000Z,74.4,61.3,71.9,74,68.7
כלל המוסדות,85.4,2021-11-18T00:00:00.000Z,87.2,74.5,84.4,85.4,79.8
הדסה הר הצופים,77.8,2021-11-18T00:00:00.000Z,79,118.3,74,78.6,85
וולפסון,70.5,2021-11-19T00:00:00.000Z,71.1,64.9,63.3,71.1,62.8
שיבא,100,2021-11-19T00:00:00.000Z,92.8,79.6,96.8,101.6,97.9
"רמב""ם",89.9,2021-11-19T00:00:00.000Z,94.4,85.8,79.6,89.5,86.8
ברזילי,75,2021-11-19T00:00:00.000Z,75.8,72.4,66.9,74.8,73.9
שמואל הרופא,63.9,2021-11-19T00:00:00.000Z,71.8,71,78.6,81.6,66.7
יוספטל,56.3,2021-11-19T00:00:00.000Z,83.9,23.2,47.7,63.3,42.6
נהריה,98.9,2021-11-19T00:00:00.000Z,95.6,62,78.5,84.4,70.7
בני ציון,81,2021-11-19T00:00:00.000Z,94.3,83.2,70.2,83.4,80.1
רבין ק. בילינסון,96.9,2021-11-19T00:00:00.000Z,106.7,78.5,74.6,86.5,79.4
המרכזי בעמק,88.4,2021-11-19T00:00:00.000Z,94.9,74.5,62.9,73.9,68
רבין ק. השרון,67.5,2021-11-19T00:00:00.000Z,63.5,43.6,53.9,74,50.9
סורוקה,62,2021-11-19T00:00:00.000Z,65.7,62.8,67.1,72.8,69.8
איכילוב,69.7,2021-11-19T00:00:00.000Z,79.7,72,94.6,115.2,108.3
לניאדו,98.7,2021-11-19T00:00:00.000Z,113.2,77.1,74.7,97.4,89.3
פוריה,66.7,2021-11-19T00:00:00.000Z,69,51.6,67,72.3,55.5
הכרמל,60.4,2021-11-19T00:00:00.000Z,61.2,80.1,64.8,72,76.4
זיו צפת,82.8,2021-11-19T00:00:00.000Z,86.6,79.2,64.8,81.6,74
שמיר,91.5,2021-11-19T00:00:00.000Z,87,72.6,68,72.5,64
הדסה עין כרם,115.5,2021-11-19T00:00:00.000Z,114.4,133,79.1,89.5,100
מעייני הישועה,89.3,2021-11-19T00:00:00.000Z,99.2,77.6,96.8,118.4,110.3
אסותא אשדוד,145.8,2021-11-19T00:00:00.000Z,150.6,,132.8,145.6,
קפלן,88.7,2021-11-19T00:00:00.000Z,92.1,63,62.5,75.8,69.1
שערי צדק,102.7,2021-11-19T00:00:00.000Z,103.9,73.5,88.5,99.7,92.8
מאיר,62,2021-11-19T00:00:00.000Z,75.2,61.7,65.4,74.2,68.5
כלל המוסדות,84.6,2021-11-19T00:00:00.000Z,87.9,74.7,75.7,85.5,79.8
הדסה הר הצופים,94.4,2021-11-19T00:00:00.000Z,78.6,115.5,69.4,77.4,85.4
וולפסון,72.1,2021-11-20T00:00:00.000Z,72.3,64.9,65,71.5,62.4
שיבא,112.6,2021-11-20T00:00:00.000Z,94.7,79.9,102,101.7,98.1
"רמב""ם",97.5,2021-11-20T00:00:00.000Z,93.3,85,84.8,89.4,86.6
ברזילי,79.2,2021-11-20T00:00:00.000Z,76.9,72.8,72.2,75.4,73.8
שמואל הרופא,75,2021-11-20T00:00:00.000Z,71,71,81.2,81.5,66.8
יוספטל,75,2021-11-20T00:00:00.000Z,82.1,23.2,49.2,64,40.4
נהריה,114.2,2021-11-20T00:00:00.000Z,98,62.8,84.8,85.2,70.5
רבין ק. בילינסון,104.4,2021-11-20T00:00:00.000Z,107,78.5,80.3,86.2,79.4
בני ציון,81,2021-11-20T00:00:00.000Z,93.3,83.4,75.8,83.5,79.2
המרכזי בעמק,94.8,2021-11-20T00:00:00.000Z,94.4,75.5,70.2,72.5,67.7
רבין ק. השרון,73.7,2021-11-20T00:00:00.000Z,66.9,44.9,62.2,73.6,50.8
סורוקה,73.3,2021-11-20T00:00:00.000Z,66.4,63.7,71.4,73.1,69.9
איכילוב,81.3,2021-11-20T00:00:00.000Z,79.2,71,105,115.2,107.7
לניאדו,109,2021-11-20T00:00:00.000Z,110.6,77.4,81.9,96.8,88.8
פוריה,64.1,2021-11-20T00:00:00.000Z,67.8,50.9,67.9,72.3,55.4
הכרמל,65.1,2021-11-20T00:00:00.000Z,62,80.9,72.8,72.6,76.5
זיו צפת,100,2021-11-20T00:00:00.000Z,86.6,79,78.1,80.8,73.9
שמיר,96.1,2021-11-20T00:00:00.000Z,89.1,73.1,72.8,73.1,64.1
הדסה עין כרם,126.2,2021-11-20T00:00:00.000Z,114.8,132.7,83.2,88.9,100.1
מעייני הישועה,89.3,2021-11-20T00:00:00.000Z,98.2,79.3,95.6,115.1,112.1
אסותא אשדוד,132.2,2021-11-20T00:00:00.000Z,149.6,,118.4,146.1,
קפלן,98.7,2021-11-20T00:00:00.000Z,91.6,63.7,71.7,75.4,68.9
שערי צדק,105.3,2021-11-20T00:00:00.000Z,103.6,73.7,96.1,99.6,94
מאיר,70,2021-11-20T00:00:00.000Z,74,62.8,70.6,73.9,68.1
הדסה הר הצופים,94.4,2021-11-20T00:00:00.000Z,81,113.5,67,76.9,86
כלל המוסדות,91.9,2021-11-20T00:00:00.000Z,88.3,75,80.8,85.4,79.8
וולפסון,73.4,2021-11-21T00:00:00.000Z,72.4,65.3,77,71.3,62.6
שיבא,103.8,2021-11-21T00:00:00.000Z,97.3,79.7,104.9,101.9,98.4
"רמב""ם",95.5,2021-11-21T00:00:00.000Z,92.9,85.2,93.8,89.3,87
ברזילי,77.6,2021-11-21T00:00:00.000Z,77.7,75.3,82.6,76.3,74.2
שמואל הרופא,72.2,2021-11-21T00:00:00.000Z,71.4,71.4,80.9,81.7,66.9
יוספטל,87.5,2021-11-21T00:00:00.000Z,79.5,25,55.4,62.9,39.8
נהריה,102.1,2021-11-21T00:00:00.000Z,100.4,64.7,85.2,85.8,71.2
רבין ק. בילינסון,107.5,2021-11-21T00:00:00.000Z,106.6,79.1,85.3,85.5,79.5
בני ציון,79.3,2021-11-21T00:00:00.000Z,91.1,83.5,83.8,82.9,78.8
המרכזי בעמק,97.4,2021-11-21T00:00:00.000Z,93.5,76.3,75.4,71.5,67.4
רבין ק. השרון,69.3,2021-11-21T00:00:00.000Z,70.6,46,77.6,73.1,50.6
סורוקה,73.3,2021-11-21T00:00:00.000Z,67.8,64.6,75.5,73.5,69.8
איכילוב,78.7,2021-11-21T00:00:00.000Z,78.7,71.4,121.7,115.2,107.6
לניאדו,100,2021-11-21T00:00:00.000Z,109,77.4,104.2,95.9,88.3
פוריה,64.1,2021-11-21T00:00:00.000Z,66.3,50.5,77.5,71.4,55.8
הכרמל,63.2,2021-11-21T00:00:00.000Z,63.3,81.7,77.3,73.5,77.5
זיו צפת,106.3,2021-11-21T00:00:00.000Z,87.3,79.7,88.8,80.5,73.7
שמיר,94.2,2021-11-21T00:00:00.000Z,90.7,73.6,77.1,73.9,64.1
הדסה עין כרם,126.2,2021-11-21T00:00:00.000Z,115.5,134.1,87.8,88.7,100.3
מעייני הישועה,92.9,2021-11-21T00:00:00.000Z,96.7,81.1,111.1,112.9,114.2
אסותא אשדוד,149.2,2021-11-21T00:00:00.000Z,149.2,,142,145.9,
קפלן,105.3,2021-11-21T00:00:00.000Z,91,65.6,81.1,75,69.5
שערי צדק,104.7,2021-11-21T00:00:00.000Z,103.6,74.6,106.1,99.8,94.8
מאיר,67,2021-11-21T00:00:00.000Z,73,62.9,76.6,73.7,68.2
הדסה הר הצופים,91.7,2021-11-21T00:00:00.000Z,82.5,110.7,67.4,76,86.9
כלל המוסדות,90.5,2021-11-21T00:00:00.000Z,88.7,75.7,88.3,85.4,80
וולפסון,71.3,2021-11-22T00:00:00.000Z,72.4,65.9,71.3,71.7,62.8
שיבא,106.3,2021-11-22T00:00:00.000Z,98.4,78.8,106.4,102.2,98.2
"רמב""ם",95.5,2021-11-22T00:00:00.000Z,92.5,85.5,94.5,89.4,87.5
ברזילי,69.8,2021-11-22T00:00:00.000Z,77.2,77.3,78.1,76.9,74.5
כלל המוסדות,89.9,2021-11-22T00:00:00.000Z,88.3,76.2,89.1,85.3,80.1
שמואל הרופא,75,2021-11-22T00:00:00.000Z,71.4,71.4,81.5,81.5,67
יוספטל,75,2021-11-22T00:00:00.000Z,79.5,27.7,50.8,62.6,40.9
נהריה,99.5,2021-11-22T00:00:00.000Z,100.8,65.8,87.7,85.2,71.9
רבין ק. בילינסון,94.3,2021-11-22T00:00:00.000Z,105.6,79,86.3,84.9,79.4
בני ציון,81.8,2021-11-22T00:00:00.000Z,87.8,84.1,86.8,82.6,78
המרכזי בעמק,91,2021-11-22T00:00:00.000Z,92.7,75.8,73.1,71.1,66.7
רבין ק. השרון,78.9,2021-11-22T00:00:00.000Z,71.4,46.7,77.2,71.4,50.3
סורוקה,79.1,2021-11-22T00:00:00.000Z,67.5,65.1,76.4,73.2,70
איכילוב,80,2021-11-22T00:00:00.000Z,77.8,71.4,123,115.8,107.4
לניאדו,101.3,2021-11-22T00:00:00.000Z,106.4,78.2,95,94.7,87.4
פוריה,74.4,2021-11-22T00:00:00.000Z,64.8,49.8,72.7,71.6,55.7
הכרמל,71.7,2021-11-22T00:00:00.000Z,63.2,81.5,85.1,74.3,77.7
זיו צפת,89.1,2021-11-22T00:00:00.000Z,89.3,80.8,83.9,80.8,73
שמיר,93.8,2021-11-22T00:00:00.000Z,91.8,74.2,77.7,74.3,64.1
הדסה עין כרם,122.3,2021-11-22T00:00:00.000Z,116.2,137.7,93.5,88.2,100.7
מעייני הישועה,94.6,2021-11-22T00:00:00.000Z,93.9,83.4,122.5,110.2,115.5
אסותא אשדוד,154.2,2021-11-22T00:00:00.000Z,148.2,,152.9,145.6,
קפלן,101.3,2021-11-22T00:00:00.000Z,91.9,67,85,75.2,70.1
שערי צדק,103.3,2021-11-22T00:00:00.000Z,103.3,75.9,106.1,99.9,94.8
מאיר,71,2021-11-22T00:00:00.000Z,70.6,63.2,76.3,73.8,68.6
הדסה הר הצופים,86.1,2021-11-22T00:00:00.000Z,84.5,107.9,71.5,74.3,88.1
כלל המוסדות,89.3,2021-11-23T00:00:00.000Z,88.2,76.9,89.1,85.2,80.2
וולפסון,75,2021-11-23T00:00:00.000Z,72.2,66.9,73.6,71.1,62.9
שיבא,92.9,2021-11-23T00:00:00.000Z,99.6,78.4,104.2,102.4,97.9
"רמב""ם",94.4,2021-11-23T00:00:00.000Z,92.4,85.8,94.3,89.8,88.1
ברזילי,65.6,2021-11-23T00:00:00.000Z,75.4,78.6,76.5,76.4,74.5
שמואל הרופא,75,2021-11-23T00:00:00.000Z,71.8,72.2,81.8,81.4,67.2
יוספטל,43.8,2021-11-23T00:00:00.000Z,78.6,33,61.5,60,41.8
נהריה,101.1,2021-11-23T00:00:00.000Z,101.1,65.9,89,85.1,72.2
רבין ק. בילינסון,104.8,2021-11-23T00:00:00.000Z,102.8,78,89.9,84.2,78.6
בני ציון,90.1,2021-11-23T00:00:00.000Z,85.2,83.5,86.6,82.6,76.9
המרכזי בעמק,86.5,2021-11-23T00:00:00.000Z,92.1,75,74.6,71.1,66.1
רבין ק. השרון,77.2,2021-11-23T00:00:00.000Z,71.7,48.5,79.7,71.1,50.9
סורוקה,75.2,2021-11-23T00:00:00.000Z,69,65,78.6,73.3,70.4
איכילוב,76.3,2021-11-23T00:00:00.000Z,77.7,71.7,117.6,115.8,107.5
לניאדו,103.8,2021-11-23T00:00:00.000Z,105.3,79.7,102.8,93,87.4
פוריה,79.5,2021-11-23T00:00:00.000Z,65.4,51.8,73.2,71.8,55.8
הכרמל,70.8,2021-11-23T00:00:00.000Z,64.2,81.5,85.1,75.6,78
זיו צפת,93.8,2021-11-23T00:00:00.000Z,91.1,79.5,82.7,80.4,72.8
שמיר,93.8,2021-11-23T00:00:00.000Z,92.3,74.8,77.2,74.2,64.3
הדסה עין כרם,113.6,2021-11-23T00:00:00.000Z,116.2,141.7,89.6,88.1,100.4
מעייני הישועה,105.4,2021-11-23T00:00:00.000Z,92.9,85.2,120.9,110.1,115.4
אסותא אשדוד,159.3,2021-11-23T00:00:00.000Z,147.5,179.7,152.9,145.1,150.5
קפלן,98.7,2021-11-23T00:00:00.000Z,91.9,67.4,80.9,75.5,69.5
שערי צדק,97.3,2021-11-23T00:00:00.000Z,103.4,77.1,107.4,100.5,95.2
מאיר,80,2021-11-23T00:00:00.000Z,70.2,65.6,78.3,73.8,69.4
הדסה הר הצופים,75,2021-11-23T00:00:00.000Z,86.5,101.6,74,72.8,89.4
וולפסון,79.1,2021-11-24T00:00:00.000Z,72.3,67.3,75,71,63.3
שיבא,97.1,2021-11-24T00:00:00.000Z,99.5,78.5,106.9,102.4,97.5
"רמב""ם",100,2021-11-24T00:00:00.000Z,93.1,86.5,94.6,89.6,88.5
ברזילי,71.9,2021-11-24T00:00:00.000Z,73.8,80.4,78.6,76.1,74.7
שמואל הרופא,72.2,2021-11-24T00:00:00.000Z,72.2,73,80.9,81.3,67.7
יוספטל,56.3,2021-11-24T00:00:00.000Z,72.3,39.3,61.5,56.9,44
נהריה,101.6,2021-11-24T00:00:00.000Z,101.4,65.9,83.3,85.5,73.4
רבין ק. בילינסון,108.8,2021-11-24T00:00:00.000Z,102,78.5,89.4,84.1,78.4
בני ציון,83.5,2021-11-24T00:00:00.000Z,83.6,82.4,79.4,82.1,76.6
המרכזי בעמק,89,2021-11-24T00:00:00.000Z,91.6,72.9,73,71.2,65.3
רבין ק. השרון,75.4,2021-11-24T00:00:00.000Z,72.3,49.6,80.9,71.3,51.3
סורוקה,83.3,2021-11-24T00:00:00.000Z,70,64.3,79.5,73.6,70.5
איכילוב,75.7,2021-11-24T00:00:00.000Z,77,71,120.5,114.7,107.3
לניאדו,92.3,2021-11-24T00:00:00.000Z,103.8,82.9,100,93.2,87.3
פוריה,76.9,2021-11-24T00:00:00.000Z,66.7,52.2,76.9,72,56.7
הכרמל,71.7,2021-11-24T00:00:00.000Z,65,82.7,75.3,76.5,77.9
זיו צפת,92.2,2021-11-24T00:00:00.000Z,92.2,77,75.8,79.9,72.4
שמיר,96.5,2021-11-24T00:00:00.000Z,93.2,75.7,76.1,74.3,64.1
הדסה עין כרם,100,2021-11-24T00:00:00.000Z,116.9,143.1,91.3,87.7,100.1
מעייני הישועה,100,2021-11-24T00:00:00.000Z,94.1,88,128.2,110.8,115.8
אסותא אשדוד,150.8,2021-11-24T00:00:00.000Z,148.9,183.9,150.5,144.2,154.8
קפלן,90.7,2021-11-24T00:00:00.000Z,93.1,68.3,82.2,75.6,70
שערי צדק,96.7,2021-11-24T00:00:00.000Z,102.7,78.3,106.8,101.4,94.8
מאיר,80,2021-11-24T00:00:00.000Z,70.9,67,81.4,73.8,69.9
הדסה הר הצופים,77.8,2021-11-24T00:00:00.000Z,86.1,98,74.3,71.7,89.6
כלל המוסדות,90.1,2021-11-24T00:00:00.000Z,88.2,77.4,89.1,85.2,80.4
כלל המוסדות,85.9,2021-11-25T00:00:00.000Z,88.8,78,83.2,85.2,80.6
וולפסון,79.5,2021-11-25T00:00:00.000Z,73.4,67.4,67.8,71,63.1
שיבא,87.9,2021-11-25T00:00:00.000Z,100.6,79.3,101.3,103.1,97.4
"רמב""ם",93.4,2021-11-25T00:00:00.000Z,94.7,87,86,90,89.2
ברזילי,77.1,2021-11-25T00:00:00.000Z,73,80.3,74.7,75.6,74.1
שמואל הרופא,72.2,2021-11-25T00:00:00.000Z,72.6,75,80.9,81.1,68.3
יוספטל,75,2021-11-25T00:00:00.000Z,67.9,42.9,55.4,54.9,45.9
נהריה,98.4,2021-11-25T00:00:00.000Z,101.9,67.7,75.5,84.7,74.7
רבין ק. בילינסון,97.8,2021-11-25T00:00:00.000Z,102.4,78,83,84,77.9
בני ציון,84.3,2021-11-25T00:00:00.000Z,82.5,81.7,76.2,80.6,77.2
המרכזי בעמק,83.2,2021-11-25T00:00:00.000Z,91.6,72.2,69.7,71.3,65.5
רבין ק. השרון,61.4,2021-11-25T00:00:00.000Z,72.9,52.1,62.2,72,53
סורוקה,73.3,2021-11-25T00:00:00.000Z,72.1,64.1,74.1,74,70.4
איכילוב,72,2021-11-25T00:00:00.000Z,76.5,72.2,113.9,114.3,107.5
לניאדו,70.5,2021-11-25T00:00:00.000Z,101.8,84,96.4,94.3,86.8
פוריה,79.5,2021-11-25T00:00:00.000Z,69.2,52.9,71.3,72.2,58
הכרמל,70.8,2021-11-25T00:00:00.000Z,66.4,83,71,76.2,77.7
זיו צפת,76.6,2021-11-25T00:00:00.000Z,91.5,76.8,69.7,77.9,72.1
שמיר,90.7,2021-11-25T00:00:00.000Z,94.9,74.8,70.1,74.9,63.7
הדסה עין כרם,105.8,2021-11-25T00:00:00.000Z,116.9,143.8,90.9,87.7,99.5
מעייני הישועה,98.2,2021-11-25T00:00:00.000Z,95.2,90.1,129.7,113,115.7
אסותא אשדוד,155.9,2021-11-25T00:00:00.000Z,149.2,184.7,136.9,142.7,155.7
קפלן,80,2021-11-25T00:00:00.000Z,94.9,68.5,74.2,76,70.1
שערי צדק,95.3,2021-11-25T00:00:00.000Z,101.8,79.1,94,101.4,93.2
מאיר,83,2021-11-25T00:00:00.000Z,71.8,67.6,74.2,74.3,70.4
הדסה הר הצופים,88.9,2021-11-25T00:00:00.000Z,85.3,94.8,72.9,71.1,89.4
וולפסון,82.8,2021-11-26T00:00:00.000Z,74.4,67.1,66.9,70.4,62.8
שיבא,95.8,2021-11-26T00:00:00.000Z,100.1,79.1,99.5,103.2,97.3
"רמב""ם",99,2021-11-26T00:00:00.000Z,95.2,87.4,80.2,89.6,89.3
ברזילי,85.4,2021-11-26T00:00:00.000Z,73.7,80.5,72.7,75.7,74
שמואל הרופא,72.2,2021-11-26T00:00:00.000Z,72.2,75.4,79.8,80.9,68.6
יוספטל,62.5,2021-11-26T00:00:00.000Z,67,45.5,41.5,54.5,45.5
נהריה,106.8,2021-11-26T00:00:00.000Z,102.3,70,76,83.4,75.6
רבין ק. בילינסון,100.9,2021-11-26T00:00:00.000Z,102.1,77,81,84.1,77.2
בני ציון,71.1,2021-11-26T00:00:00.000Z,83,81.1,66.1,79.8,77.7
המרכזי בעמק,84.5,2021-11-26T00:00:00.000Z,90,71.3,65.8,71.3,66.2
רבין ק. השרון,56.1,2021-11-26T00:00:00.000Z,71.9,53.4,48.1,70.5,54.2
סורוקה,64,2021-11-26T00:00:00.000Z,74.2,64.5,69,74.7,69.8
איכילוב,77,2021-11-26T00:00:00.000Z,76.2,73.3,95.4,113.7,108
לניאדו,78.2,2021-11-26T00:00:00.000Z,96.5,83.7,71.9,93.6,86.5
פוריה,85.9,2021-11-26T00:00:00.000Z,72.2,54.2,69.6,72.4,58.7
הכרמל,67.9,2021-11-26T00:00:00.000Z,67.7,83.8,65.6,75.9,77.6
זיו צפת,95.3,2021-11-26T00:00:00.000Z,91.5,77.2,63.4,77.7,71.9
שמיר,91.1,2021-11-26T00:00:00.000Z,93.8,74.6,64,74.2,63.5
הדסה עין כרם,105.8,2021-11-26T00:00:00.000Z,115.7,142.9,80,87.9,98.7
מעייני הישועה,108.9,2021-11-26T00:00:00.000Z,95.7,91.8,115.5,115,114.1
אסותא אשדוד,139,2021-11-26T00:00:00.000Z,149.6,183.9,117.1,140.9,156.3
קפלן,80.7,2021-11-26T00:00:00.000Z,94.8,68.5,69.6,76.8,70.1
שערי צדק,99.3,2021-11-26T00:00:00.000Z,100.8,79.4,85.5,100.7,92.1
מאיר,74,2021-11-26T00:00:00.000Z,73.3,68.5,66.8,74.7,72
הדסה הר הצופים,83.3,2021-11-26T00:00:00.000Z,86.9,94.4,66,70.9,89
כלל המוסדות,87.3,2021-11-26T00:00:00.000Z,88.9,78.4,76.7,85.1,80.7
וולפסון,87.7,2021-11-27T00:00:00.000Z,76.2,68.3,71.4,70.9,63.4
שיבא,97.1,2021-11-27T00:00:00.000Z,99.5,77.9,101.6,103.6,97.1
"רמב""ם",100.5,2021-11-27T00:00:00.000Z,96.5,88.2,84,89.7,89.8
ברזילי,93.8,2021-11-27T00:00:00.000Z,75.2,82.4,78.6,76.5,74.6
שמואל הרופא,77.8,2021-11-27T00:00:00.000Z,73.4,74.2,81.8,81,68.5
יוספטל,62.5,2021-11-27T00:00:00.000Z,67.9,45.5,44.6,53.6,47.5
נהריה,118.4,2021-11-27T00:00:00.000Z,103.4,70.4,84,83.1,75.4
רבין ק. בילינסון,110.6,2021-11-27T00:00:00.000Z,102.6,77.8,86.5,85,77.5
בני ציון,71.1,2021-11-27T00:00:00.000Z,81.6,80.4,72.7,79.2,77.3
המרכזי בעמק,100.6,2021-11-27T00:00:00.000Z,89.5,71.5,73.9,71.7,67.3
רבין ק. השרון,71.1,2021-11-27T00:00:00.000Z,70.3,53,61.4,69.7,54.1
סורוקה,76.4,2021-11-27T00:00:00.000Z,74.5,63.6,77,74.9,68.9
איכילוב,82.7,2021-11-27T00:00:00.000Z,77.3,73.7,105.4,113.9,107.7
לניאדו,94.9,2021-11-27T00:00:00.000Z,93.6,82.5,80.8,93.2,86
פוריה,89.7,2021-11-27T00:00:00.000Z,74.9,54.6,68.7,72.7,59.3
הכרמל,68.9,2021-11-27T00:00:00.000Z,68.7,83.8,71.2,76,77.4
זיו צפת,107.8,2021-11-27T00:00:00.000Z,93.3,76.8,74.4,77.5,70.9
שמיר,95.4,2021-11-27T00:00:00.000Z,93.8,74,70.1,73.6,63.6
הדסה עין כרם,106.8,2021-11-27T00:00:00.000Z,114.3,142,84.5,88,98
מעייני הישועה,100,2021-11-27T00:00:00.000Z,98.5,92.9,108.5,117.6,112.3
אסותא אשדוד,133.9,2021-11-27T00:00:00.000Z,148.7,183.4,110.9,138.7,155.2
קפלן,94,2021-11-27T00:00:00.000Z,93.6,67,78.4,77.8,70.1
שערי צדק,105.3,2021-11-27T00:00:00.000Z,100.3,80.5,91.4,100.3,91.9
מאיר,81,2021-11-27T00:00:00.000Z,75,68.4,73,74.9,73.2
הדסה הר הצופים,75,2021-11-27T00:00:00.000Z,85.3,94.8,66.3,70.4,88
כלל המוסדות,93.9,2021-11-27T00:00:00.000Z,89.3,78.7,82,85.2,80.7
וולפסון,86.5,2021-11-28T00:00:00.000Z,78.4,69.9,78.9,71.9,64.2
שיבא,112.1,2021-11-28T00:00:00.000Z,97.3,77.8,106.6,103.5,97
"רמב""ם",104,2021-11-28T00:00:00.000Z,96.9,88.1,89.3,89.6,90.2
ברזילי,94.8,2021-11-28T00:00:00.000Z,77.3,83.4,87.4,77.4,75
שמואל הרופא,77.8,2021-11-28T00:00:00.000Z,73.8,72.6,81.8,81.1,68.5
יוספטל,50,2021-11-28T00:00:00.000Z,66.1,47.3,43.1,53,48.4
נהריה,114.7,2021-11-28T00:00:00.000Z,104,69.2,86.6,83,74.7
רבין ק. בילינסון,105.7,2021-11-28T00:00:00.000Z,103.5,78,88.7,85.9,77.7
בני ציון,88.4,2021-11-28T00:00:00.000Z,80.2,78.9,83.1,78.8,76.9
המרכזי בעמק,98.7,2021-11-28T00:00:00.000Z,90.3,71.4,75.4,72.2,67.7
רבין ק. השרון,73.7,2021-11-28T00:00:00.000Z,69.9,53.5,75.5,69.6,54.8
סורוקה,82.6,2021-11-28T00:00:00.000Z,74.9,63,80.5,75.7,68.6
איכילוב,89.3,2021-11-28T00:00:00.000Z,77.5,72.2,123.8,113.9,107.4
לניאדו,109,2021-11-28T00:00:00.000Z,91.6,81,94.7,93,85
פוריה,83.3,2021-11-28T00:00:00.000Z,78.6,55.1,72.4,72.8,59.2
הכרמל,68.9,2021-11-28T00:00:00.000Z,69.3,84.4,79.6,75.8,76.6
זיו צפת,98.4,2021-11-28T00:00:00.000Z,94.4,76.1,76.4,76.9,70.5
שמיר,97.7,2021-11-28T00:00:00.000Z,93.7,74.2,79.5,73.2,63.7
הדסה עין כרם,115.5,2021-11-28T00:00:00.000Z,111.5,139.9,90.5,88.2,97.5
מעייני הישועה,108.9,2021-11-28T00:00:00.000Z,100,94.6,117.7,119.5,111.3
אסותא אשדוד,144.1,2021-11-28T00:00:00.000Z,148.9,179.1,134.5,137.6,150.5
קפלן,95.3,2021-11-28T00:00:00.000Z,93,65.2,83,78.8,70.1
שערי צדק,101.3,2021-11-28T00:00:00.000Z,100.3,81.7,100.4,99.6,94.6
מאיר,77,2021-11-28T00:00:00.000Z,76.6,68.5,73.8,75.2,74.3
הדסה הר הצופים,69.4,2021-11-28T00:00:00.000Z,82.5,93.7,71.2,70.3,87.5
כלל המוסדות,96.4,2021-11-28T00:00:00.000Z,89.6,78.7,88.6,85.4,80.7
וולפסון,83.6,2021-11-29T00:00:00.000Z,80.3,71.5,75,72.1,65.2
שיבא,102.5,2021-11-29T00:00:00.000Z,98.4,77.8,108.2,103.8,97
"רמב""ם",101.5,2021-11-29T00:00:00.000Z,98.1,88,89.5,89,90.3
ברזילי,82.8,2021-11-29T00:00:00.000Z,79.8,83.5,83.3,78.1,75
שמואל הרופא,83.3,2021-11-29T00:00:00.000Z,74.6,71,84.8,81.2,68.8
יוספטל,68.8,2021-11-29T00:00:00.000Z,60.7,45.5,58.5,51.2,48.6
נהריה,108.9,2021-11-29T00:00:00.000Z,105.8,68.6,88.2,83.2,74.3
רבין ק. בילינסון,104,2021-11-29T00:00:00.000Z,103.3,79,91.1,86.4,78.1
המרכזי בעמק,94.8,2021-11-29T00:00:00.000Z,90.5,71.7,74.9,72.2,67.9
רבין ק. השרון,67.5,2021-11-29T00:00:00.000Z,70.6,54.8,73.9,69.3,56.1
איכילוב,90.3,2021-11-29T00:00:00.000Z,79,71.3,124.4,114.2,107.2
לניאדו,102.6,2021-11-29T00:00:00.000Z,92.9,78.6,93.9,91.6,84.2
פוריה,79.5,2021-11-29T00:00:00.000Z,81.3,54.6,79.2,72.1,59.2
הכרמל,61.3,2021-11-29T00:00:00.000Z,70.1,85.3,78.7,76.1,76.5
זיו צפת,104.7,2021-11-29T00:00:00.000Z,93.3,74.6,81.8,75.2,69.2
שמיר,95.8,2021-11-29T00:00:00.000Z,94.2,74.1,79.3,73.5,63.5
הדסה עין כרם,116.5,2021-11-29T00:00:00.000Z,110,136.5,91.8,88.6,97.2
מעייני הישועה,110.7,2021-11-29T00:00:00.000Z,102.3,94.9,125.9,120.4,111.3
אסותא אשדוד,147.5,2021-11-29T00:00:00.000Z,148.2,175.1,142.7,136.5,146
קפלן,92,2021-11-29T00:00:00.000Z,91.5,65.2,76.1,79.1,69.7
שערי צדק,98.7,2021-11-29T00:00:00.000Z,99.8,82,104.3,98.8,98
סורוקה,85.3,2021-11-29T00:00:00.000Z,76.2,62.7,83.2,76.4,68.2
מאיר,81.5,2021-11-29T00:00:00.000Z,78,68.2,75.7,74.8,74.7
בני ציון,100.8,2021-11-29T00:00:00.000Z,81.5,78.3,92.6,78.7,77.1
הדסה הר הצופים,66.7,2021-11-29T00:00:00.000Z,79.4,93.7,74.7,70.9,86.5
כלל המוסדות,94.4,2021-11-29T00:00:00.000Z,90.4,78.7,89.9,85.4,80.7
וולפסון,82.8,2021-11-30T00:00:00.000Z,82,72.2,76,72.7,65.6
שיבא,101.3,2021-11-30T00:00:00.000Z,97.9,78.2,106.5,104,97
"רמב""ם",102.5,2021-11-30T00:00:00.000Z,99,87.3,88,88.3,90.4
ברזילי,85.4,2021-11-30T00:00:00.000Z,81.6,83.3,83.9,78.8,75.6
כלל המוסדות,92.6,2021-11-30T00:00:00.000Z,91,79.1,88.8,85.5,80.8
שמואל הרופא,77.8,2021-11-30T00:00:00.000Z,75.8,68.7,82.7,81.7,69.1
יוספטל,56.3,2021-11-30T00:00:00.000Z,59.8,41.1,52.3,52.3,46.8
נהריה,102.6,2021-11-30T00:00:00.000Z,107.1,69.2,84.4,83.2,74.1
רבין ק. בילינסון,102.2,2021-11-30T00:00:00.000Z,104.7,81.6,91.7,87.1,78.9
המרכזי בעמק,89.7,2021-11-30T00:00:00.000Z,91.1,73.7,73.9,72.5,68.9
רבין ק. השרון,72.8,2021-11-30T00:00:00.000Z,68.9,55.1,80.5,68.8,56.3
איכילוב,83,2021-11-30T00:00:00.000Z,80.5,72.9,120.6,114.4,108.2
לניאדו,100,2021-11-30T00:00:00.000Z,93,77.6,99.7,91.5,83.4
פוריה,82.1,2021-11-30T00:00:00.000Z,82.1,54.4,72.7,73,58.9
הכרמל,55.7,2021-11-30T00:00:00.000Z,68.6,85.4,79.1,75.2,76.8
זיו צפת,70.3,2021-11-30T00:00:00.000Z,95.5,75.2,80.1,74.9,67.5
שמיר,98.5,2021-11-30T00:00:00.000Z,94.4,74.6,77.7,73.8,63.7
הדסה עין כרם,123.3,2021-11-30T00:00:00.000Z,109.2,134.4,93.4,88.4,97.9
מעייני הישועה,101.8,2021-11-30T00:00:00.000Z,104.6,95.2,115.8,120.9,111.9
אסותא אשדוד,155.9,2021-11-30T00:00:00.000Z,147.2,176.3,146.8,135.1,145.2
קפלן,94.7,2021-11-30T00:00:00.000Z,90.2,67.3,76.7,77.8,71.1
שערי צדק,100,2021-11-30T00:00:00.000Z,99.1,82.7,103.8,98.5,97.3
סורוקה,80.6,2021-11-30T00:00:00.000Z,77.1,63.2,80.9,77.4,67.9
מאיר,79,2021-11-30T00:00:00.000Z,79.5,67.6,74.2,74.7,75.2
בני ציון,99.2,2021-11-30T00:00:00.000Z,84.2,78,87.1,79.5,77.8
הדסה הר הצופים,75,2021-11-30T00:00:00.000Z,76.6,94.4,78.5,71.3,86
כלל המוסדות,92.6,2021-12-01T00:00:00.000Z,91.5,78.7,89,85.5,80.6
וולפסון,82.4,2021-12-01T00:00:00.000Z,83.1,73.3,75,73,65.8
"רמב""ם",99.5,2021-12-01T00:00:00.000Z,100.1,86.2,95.5,87.4,90.5
ברזילי,87,2021-12-01T00:00:00.000Z,84.4,84.2,78.5,79.9,76.7
שמואל הרופא,77.8,2021-12-01T00:00:00.000Z,76.2,67.1,83.9,81.8,69.5
יוספטל,43.8,2021-12-01T00:00:00.000Z,61.6,36.6,35.4,51,45.3
נהריה,104.7,2021-12-01T00:00:00.000Z,107.4,68.8,88.4,82.6,73.4
רבין ק. בילינסון,100.9,2021-12-01T00:00:00.000Z,104.3,83.2,91.2,87.3,79.4
המרכזי בעמק,85.2,2021-12-01T00:00:00.000Z,91.5,77.3,71.3,72.4,70
רבין ק. השרון,72.8,2021-12-01T00:00:00.000Z,68.3,54.4,75.5,68.9,56.5
איכילוב,82.3,2021-12-01T00:00:00.000Z,81.4,70.9,123.2,114.9,107.1
לניאדו,100,2021-12-01T00:00:00.000Z,92.5,74.7,86.6,91,82.3
פוריה,91,2021-12-01T00:00:00.000Z,82.4,54,74.6,73,58.7
שיבא,105.4,2021-12-01T00:00:00.000Z,99.1,77.8,107.5,104.4,96.8
הכרמל,58.5,2021-12-01T00:00:00.000Z,66.4,84.2,73.6,74.3,77.1
זיו צפת,79.7,2021-12-01T00:00:00.000Z,92.2,77.2,78.4,74.5,66.7
שמיר,98.5,2021-12-01T00:00:00.000Z,95.1,73.2,78.1,73.8,63.3
הדסה עין כרם,125.2,2021-12-01T00:00:00.000Z,110.5,132.2,94.6,88.9,97.4
מעייני הישועה,107.1,2021-12-01T00:00:00.000Z,104.1,95.4,119.3,120.2,112.2
אסותא אשדוד,142.4,2021-12-01T00:00:00.000Z,146.7,176.5,147.4,134.2,143
קפלן,95.3,2021-12-01T00:00:00.000Z,89.6,69,83.9,77.2,72.2
שערי צדק,100.7,2021-12-01T00:00:00.000Z,99.5,81.3,104.9,98,97.8
סורוקה,79.5,2021-12-01T00:00:00.000Z,77.9,62.7,75.9,77.7,67.6
מאיר,71.5,2021-12-01T00:00:00.000Z,79.4,68.1,73.9,74.1,75.2
בני ציון,100.8,2021-12-01T00:00:00.000Z,85.5,78,91.5,79.6,78.4
הדסה הר הצופים,86.1,2021-12-01T00:00:00.000Z,76.6,95.4,80.6,72,85.7
המרכזי בעמק,84.5,2021-12-02T00:00:00.000Z,91,79.4,65.8,72.1,70.1
וולפסון,78.3,2021-12-02T00:00:00.000Z,83.6,74.7,70.1,73,66.6
"רמב""ם",93.4,2021-12-02T00:00:00.000Z,100.1,85.1,89.8,87.5,90
ברזילי,80.7,2021-12-02T00:00:00.000Z,86.6,84,71.4,79.9,77.3
שמואל הרופא,77.8,2021-12-02T00:00:00.000Z,77,64.7,80.6,82.2,69.7
יוספטל,68.8,2021-12-02T00:00:00.000Z,59.8,33,44.6,47.3,44.2
נהריה,100.5,2021-12-02T00:00:00.000Z,107.8,67.7,83.3,83.3,72.3
רבין ק. בילינסון,93.8,2021-12-02T00:00:00.000Z,103.1,84.5,83.7,87.6,79.9
רבין ק. השרון,65.8,2021-12-02T00:00:00.000Z,67.9,52,67.6,68.2,55.2
איכילוב,74.3,2021-12-02T00:00:00.000Z,82.4,70.9,112.5,115.2,107.6
לניאדו,82.1,2021-12-02T00:00:00.000Z,93.6,78,83.3,89.1,83
פוריה,84.6,2021-12-02T00:00:00.000Z,84.4,54.6,74.4,72.6,58.9
שיבא,93.3,2021-12-02T00:00:00.000Z,100.3,76.6,103,104.5,96.4
הכרמל,59.4,2021-12-02T00:00:00.000Z,64.6,83.8,69.5,74.1,77.9
זיו צפת,87.5,2021-12-02T00:00:00.000Z,90.4,79.7,70.3,74.9,66.4
שמיר,90.7,2021-12-02T00:00:00.000Z,95.4,73.2,73.7,74.1,63.6
הדסה עין כרם,118.4,2021-12-02T00:00:00.000Z,114.1,129.7,92.7,89.4,96.3
מעייני הישועה,105.4,2021-12-02T00:00:00.000Z,105.1,95.7,125.9,118.9,112.6
אסותא אשדוד,150.8,2021-12-02T00:00:00.000Z,145.5,174.6,146.1,133.7,141.3
קפלן,86.7,2021-12-02T00:00:00.000Z,90.3,71.6,73.7,77.4,73.1
שערי צדק,95.3,2021-12-02T00:00:00.000Z,100.1,80.3,93.1,97.7,100.8
סורוקה,62.8,2021-12-02T00:00:00.000Z,77.4,62.7,68.1,77.2,68
מאיר,73.5,2021-12-02T00:00:00.000Z,78.1,68.7,72.8,73.1,75.6
בני ציון,98.3,2021-12-02T00:00:00.000Z,88,78.5,78.8,81.3,78.4
הדסה הר הצופים,86.1,2021-12-02T00:00:00.000Z,77.8,98.9,77.4,72.9,84.8
כלל המוסדות,86.7,2021-12-02T00:00:00.000Z,91.9,78.6,83.5,85.5,80.6
כלל המוסדות,87.9,2021-12-03T00:00:00.000Z,92,78.7,77.7,85.5,80.7
המרכזי בעמק,80.6,2021-12-03T00:00:00.000Z,91.2,81.9,65,71.6,70.3
וולפסון,85.7,2021-12-03T00:00:00.000Z,83.4,75.2,70.3,73.3,66.8
"רמב""ם",101,2021-12-03T00:00:00.000Z,100.1,84.7,80.9,88.1,90.3
ברזילי,78.6,2021-12-03T00:00:00.000Z,87.1,83.3,68.2,79.4,76.8
שמואל הרופא,75,2021-12-03T00:00:00.000Z,77.8,64.3,80.1,82.2,70.4
יוספטל,50,2021-12-03T00:00:00.000Z,58.9,34.8,38.5,45.7,44.2
נהריה,103.2,2021-12-03T00:00:00.000Z,108.1,66.9,78.4,84.4,71.6
רבין ק. בילינסון,95.2,2021-12-03T00:00:00.000Z,102.6,87.4,79.7,87.7,81.2
רבין ק. השרון,68.4,2021-12-03T00:00:00.000Z,68.5,50.4,55.6,68.9,54.4
איכילוב,74.7,2021-12-03T00:00:00.000Z,82.7,70.4,96.6,115,107.7
לניאדו,93.6,2021-12-03T00:00:00.000Z,95.2,83,66.9,87.3,83.5
פוריה,79.5,2021-12-03T00:00:00.000Z,85.2,52.6,68.5,73.1,59.5
שיבא,99.2,2021-12-03T00:00:00.000Z,101.1,77.9,99.5,104.7,96.4
הכרמל,62.3,2021-12-03T00:00:00.000Z,62.9,83,66.1,73.9,78.8
זיו צפת,73.4,2021-12-03T00:00:00.000Z,92,81.5,59.1,75,65.5
שמיר,95.4,2021-12-03T00:00:00.000Z,95.4,73.3,68.9,74.6,63.6
הדסה עין כרם,123.3,2021-12-03T00:00:00.000Z,116,130.8,84.3,89.6,95.9
מעייני הישועה,87.5,2021-12-03T00:00:00.000Z,106.1,94.9,115.2,118.4,114
אסותא אשדוד,149.2,2021-12-03T00:00:00.000Z,144.8,174.3,130.4,135.1,140.9
קפלן,86,2021-12-03T00:00:00.000Z,91.2,74.2,68.2,77.4,73.2
שערי צדק,98,2021-12-03T00:00:00.000Z,100.1,80.4,88.7,97.6,100.2
סורוקה,64.3,2021-12-03T00:00:00.000Z,75.9,63.5,65.4,76.4,68.9
מאיר,69,2021-12-03T00:00:00.000Z,76.8,68.2,69.5,72.9,74.3
בני ציון,94.2,2021-12-03T00:00:00.000Z,90,79.2,72.7,81.7,78.5
הדסה הר הצופים,91.7,2021-12-03T00:00:00.000Z,77.4,101.4,72.9,73.5,84.4
המרכזי בעמק,93.5,2021-12-04T00:00:00.000Z,90.6,83.3,71.2,71.5,70.8
וולפסון,92.2,2021-12-04T00:00:00.000Z,83.8,73.9,74.7,73.8,66.6
"רמב""ם",101,2021-12-04T00:00:00.000Z,100.4,83.5,85.9,88.2,90.1
ברזילי,85.4,2021-12-04T00:00:00.000Z,86.2,80.5,74.7,78.8,75.5
שמואל הרופא,75,2021-12-04T00:00:00.000Z,78.2,65.5,81.2,82.2,71.5
יוספטל,56.3,2021-12-04T00:00:00.000Z,57.1,38.4,33.8,45.3,44.2
נהריה,117.9,2021-12-04T00:00:00.000Z,107.6,67.6,84.7,84.7,71.7
רבין ק. בילינסון,102.6,2021-12-04T00:00:00.000Z,101.8,88.4,86.5,87.5,81.8
רבין ק. השרון,72.8,2021-12-04T00:00:00.000Z,70.3,51.3,62.7,70,56
איכילוב,87.7,2021-12-04T00:00:00.000Z,82.4,70.5,106.1,115.2,108.6
לניאדו,115.4,2021-12-04T00:00:00.000Z,97.4,88,80.8,86.5,83.2
פוריה,84.6,2021-12-04T00:00:00.000Z,84.2,52.2,68.5,72.9,60.2
שיבא,111.7,2021-12-04T00:00:00.000Z,101.6,78.7,106.6,104.7,96.6
הכרמל,69.8,2021-12-04T00:00:00.000Z,62.1,81.8,72.2,74,78.8
זיו צפת,93.8,2021-12-04T00:00:00.000Z,88.8,81.7,68,74.4,65.2
שמיר,103.9,2021-12-04T00:00:00.000Z,96,73.2,74.5,75.3,63.4
הדסה עין כרם,130.1,2021-12-04T00:00:00.000Z,118.4,133.7,87,90.2,96.5
מעייני הישועה,85.7,2021-12-04T00:00:00.000Z,103.1,92.9,112,118.4,114.7
אסותא אשדוד,133.9,2021-12-04T00:00:00.000Z,146.2,174.3,118.1,137,140.5
קפלן,95.3,2021-12-04T00:00:00.000Z,92,76.9,73.5,77.2,73.7
שערי צדק,104,2021-12-04T00:00:00.000Z,99.9,80,93.9,98.1,98.4
סורוקה,72.5,2021-12-04T00:00:00.000Z,75.9,64.6,70.2,75.8,69.6
מאיר,83,2021-12-04T00:00:00.000Z,76.1,68.1,75.6,73.3,73.4
בני ציון,100.8,2021-12-04T00:00:00.000Z,93.3,79.1,79.7,82.6,79.7
הדסה הר הצופים,86.1,2021-12-04T00:00:00.000Z,78.6,100.9,75.3,74.5,82.4
כלל המוסדות,96.4,2021-12-04T00:00:00.000Z,92.1,78.6,82.9,85.6,80.8
שמואל הרופא,77.8,2021-12-05T00:00:00.000Z,77.8,66.7,83,82.2,72.5
המרכזי בעמק,103.2,2021-12-05T00:00:00.000Z,89.6,84.6,76.4,71.1,71.3
וולפסון,93,2021-12-05T00:00:00.000Z,84.5,72.8,83.5,74.3,66.1
"רמב""ם",98,2021-12-05T00:00:00.000Z,100.4,83.3,93,88.4,90.1
ברזילי,85.4,2021-12-05T00:00:00.000Z,85,78.5,78.8,78.2,74.8
יוספטל,50,2021-12-05T00:00:00.000Z,56.3,38.4,52.3,43.7,43.3
נהריה,108.4,2021-12-05T00:00:00.000Z,107.5,69.4,87.9,84.8,72
רבין ק. בילינסון,110.6,2021-12-05T00:00:00.000Z,100.6,90.3,92,87.5,82.5
רבין ק. השרון,56.1,2021-12-05T00:00:00.000Z,70.6,51.9,62.7,70.2,56.1
איכילוב,90.3,2021-12-05T00:00:00.000Z,83.1,72.1,123.1,115.3,109.3
לניאדו,109,2021-12-05T00:00:00.000Z,100.4,92.2,100.6,86.5,83.8
פוריה,78.2,2021-12-05T00:00:00.000Z,83.5,51.3,75.2,72.9,60.8
שיבא,107.5,2021-12-05T00:00:00.000Z,103.6,78.9,107.4,105.4,96.5
הכרמל,63.2,2021-12-05T00:00:00.000Z,62.3,80.3,79.6,74.1,79.4
זיו צפת,106.3,2021-12-05T00:00:00.000Z,86.8,81,80.1,73.4,64.6
שמיר,102.7,2021-12-05T00:00:00.000Z,97.2,72.7,82.4,76,63.6
הדסה עין כרם,119.4,2021-12-05T00:00:00.000Z,121.8,140.8,88.4,90.6,100.9
מעייני הישועה,98.2,2021-12-05T00:00:00.000Z,101,90.1,125.9,118.9,114.1
אסותא אשדוד,149.2,2021-12-05T00:00:00.000Z,146.2,176.3,143,138,141.1
קפלן,98.7,2021-12-05T00:00:00.000Z,92.2,79.3,77.2,76.5,74
שערי צדק,104.7,2021-12-05T00:00:00.000Z,99.7,79.5,107.3,98.4,95.1
סורוקה,69.4,2021-12-05T00:00:00.000Z,75.4,65.3,73,74.9,69.9
מאיר,87,2021-12-05T00:00:00.000Z,76.4,67.8,82.4,73.6,72.3
בני ציון,100.8,2021-12-05T00:00:00.000Z,97.5,80.4,85.9,83.6,80.8
הדסה הר הצופים,91.7,2021-12-05T00:00:00.000Z,80.2,106.9,72.6,75.8,85.1
כלל המוסדות,96.1,2021-12-05T00:00:00.000Z,92.4,78.8,89.6,85.8,80.9
שמואל הרופא,83.3,2021-12-06T00:00:00.000Z,77.8,68.3,84.2,82.3,73.4
המרכזי בעמק,96.8,2021-12-06T00:00:00.000Z,90.2,85.3,75.4,71.2,71.8
וולפסון,91.8,2021-12-06T00:00:00.000Z,85.4,72.6,82.3,74.9,65.8
ברזילי,88.5,2021-12-06T00:00:00.000Z,83.6,77,79.1,77,74.4
"רמב""ם",98,2021-12-06T00:00:00.000Z,99.6,83,92.6,88.9,90
רבין ק. בילינסון,109.3,2021-12-06T00:00:00.000Z,101.3,90.8,91.8,88,82.9
איכילוב,91,2021-12-06T00:00:00.000Z,83.2,73.1,125.3,115.2,109.8
לניאדו,110.3,2021-12-06T00:00:00.000Z,100.4,96.6,97.2,87.4,84
פוריה,70.5,2021-12-06T00:00:00.000Z,82.8,51.8,74.9,73.3,61.1
יוספטל,50,2021-12-06T00:00:00.000Z,56.3,43.8,46.2,45.1,44
נהריה,101.6,2021-12-06T00:00:00.000Z,106.6,71.8,89.2,85,72.4
שיבא,99.2,2021-12-06T00:00:00.000Z,103,77.9,107,105.6,96.3
הכרמל,65.1,2021-12-06T00:00:00.000Z,61.5,78.7,81.6,74.1,79.1
זיו צפת,112.5,2021-12-06T00:00:00.000Z,87.9,80.6,84.7,74,65.7
שמיר,97.3,2021-12-06T00:00:00.000Z,97.9,72.6,79.3,76.4,63.5
הדסה עין כרם,120.4,2021-12-06T00:00:00.000Z,122.3,145.6,93.4,90.3,105.6
מעייני הישועה,92.9,2021-12-06T00:00:00.000Z,99.5,88.8,118.7,120,113.8
אסותא אשדוד,150.8,2021-12-06T00:00:00.000Z,147,178.2,142.3,139.2,141.9
קפלן,92.7,2021-12-06T00:00:00.000Z,92.7,79.7,79.5,75.6,74.7
שערי צדק,102,2021-12-06T00:00:00.000Z,100.2,79.8,107.7,99.4,93.3
סורוקה,71.3,2021-12-06T00:00:00.000Z,73.5,65.7,74,73.8,70.1
מאיר,90,2021-12-06T00:00:00.000Z,77.8,67.8,87.3,74.9,72
בני ציון,96.7,2021-12-06T00:00:00.000Z,99.3,80.9,90.5,84,81.6
הדסה הר הצופים,77.8,2021-12-06T00:00:00.000Z,83.3,102.8,75.7,76,86.8
כלל המוסדות,94.4,2021-12-06T00:00:00.000Z,92.4,78.9,90.3,85.9,81
רבין ק. השרון,58.8,2021-12-06T00:00:00.000Z,68,52.4,66.4,68.3,56.1
שמואל הרופא,88.9,2021-12-07T00:00:00.000Z,77.8,68.7,85.3,82.2,74.2
המרכזי בעמק,106.5,2021-12-07T00:00:00.000Z,90.5,85.4,79,71.3,72.2
וולפסון,91,2021-12-07T00:00:00.000Z,86.6,71.8,81,76,65.5
ברזילי,83.3,2021-12-07T00:00:00.000Z,84.4,76,78.5,76.4,73.4
"רמב""ם",96,2021-12-07T00:00:00.000Z,99.1,83,93.6,89.4,89.9
רבין ק. בילינסון,104.4,2021-12-07T00:00:00.000Z,102.1,90.3,89.4,88.1,82.8
איכילוב,84.7,2021-12-07T00:00:00.000Z,83.3,71.1,121.4,115.3,109.4
לניאדו,97.4,2021-12-07T00:00:00.000Z,101.5,101,99.4,87.9,84.9
פוריה,83.3,2021-12-07T00:00:00.000Z,81.5,50.7,78,72.7,62.3
יוספטל,56.3,2021-12-07T00:00:00.000Z,53.6,53.6,61.5,43.3,45.1
נהריה,106.3,2021-12-07T00:00:00.000Z,105.6,72.6,92.5,85.2,72.5
שיבא,98.7,2021-12-07T00:00:00.000Z,102.5,77.6,107.3,105.4,96.4
הכרמל,66,2021-12-07T00:00:00.000Z,62,78.3,80,74.5,78.5
זיו צפת,114.1,2021-12-07T00:00:00.000Z,89.1,81.5,90.2,74.4,66.7
שמיר,98.8,2021-12-07T00:00:00.000Z,98.1,72.5,79.5,76.4,63.3
הדסה עין כרם,123.3,2021-12-07T00:00:00.000Z,122.9,,93.4,90.5,
מעייני הישועה,96.4,2021-12-07T00:00:00.000Z,96.9,88.3,115.8,119,113.3
אסותא אשדוד,145.8,2021-12-07T00:00:00.000Z,147.5,176.5,146.1,139.2,142.5
קפלן,91.3,2021-12-07T00:00:00.000Z,92.8,78.7,77.7,76.1,74.5
שערי צדק,106,2021-12-07T00:00:00.000Z,100.7,80.2,111.7,99.9,94
סורוקה,67.1,2021-12-07T00:00:00.000Z,71.5,67.1,76.8,72.5,70
מאיר,90.5,2021-12-07T00:00:00.000Z,79,66.2,84.7,76.5,71.4
בני ציון,97.5,2021-12-07T00:00:00.000Z,98.7,81.3,91,83.7,81.3
הדסה הר הצופים,75,2021-12-07T00:00:00.000Z,84.9,,80.2,76.1,
כלל המוסדות,93.9,2021-12-07T00:00:00.000Z,92.4,78.6,90.9,86,80.9
רבין ק. השרון,57.9,2021-12-07T00:00:00.000Z,66.8,53.3,72.2,67.3,55.6
שמואל הרופא,83.3,2021-12-08T00:00:00.000Z,79.4,69.4,84.2,82.6,75
המרכזי בעמק,100,2021-12-08T00:00:00.000Z,92.9,84.4,78.2,72,72.4
וולפסון,87.7,2021-12-08T00:00:00.000Z,87.8,72.1,82,76.7,65.7
ברזילי,80.7,2021-12-08T00:00:00.000Z,84.2,74.6,82.1,75.6,71.8
"רמב""ם",90.9,2021-12-08T00:00:00.000Z,98.1,82.8,93.5,90.2,90.2
כלל המוסדות,90.9,2021-12-08T00:00:00.000Z,92.6,79.1,90.7,86.3,81.3
רבין ק. בילינסון,100.9,2021-12-08T00:00:00.000Z,102.4,91.3,90.3,87.8,83.2
איכילוב,84,2021-12-08T00:00:00.000Z,83.6,73.5,121.8,115.5,110.7
לניאדו,91,2021-12-08T00:00:00.000Z,101.1,107,95.8,87.8,86.1
פוריה,76.9,2021-12-08T00:00:00.000Z,81.7,51.1,70.7,73.4,63
יוספטל,81.3,2021-12-08T00:00:00.000Z,53.6,60.7,64.6,44.6,45.9
נהריה,104.7,2021-12-08T00:00:00.000Z,106.1,73,91.1,86.3,72.4
שיבא,91.6,2021-12-08T00:00:00.000Z,102.2,77.6,106.6,105.5,96.3
הכרמל,56.6,2021-12-08T00:00:00.000Z,63.5,78,75.5,74.6,78.7
זיו צפת,101.6,2021-12-08T00:00:00.000Z,95.3,82.1,90.2,75.8,68
שמיר,95,2021-12-08T00:00:00.000Z,98.2,73.4,75.8,76.6,64.1
הדסה עין כרם,122.3,2021-12-08T00:00:00.000Z,122.9,,94.7,90.5,
מעייני הישועה,87.5,2021-12-08T00:00:00.000Z,96.2,87.8,123.4,119,112.4
אסותא אשדוד,144.1,2021-12-08T00:00:00.000Z,146,175.3,153.6,139.1,144.4
קפלן,83.3,2021-12-08T00:00:00.000Z,92.3,75.3,79.5,76.2,73.3
שערי צדק,104.7,2021-12-08T00:00:00.000Z,101.5,80.6,114.1,101,94.5
סורוקה,77.1,2021-12-08T00:00:00.000Z,69.5,68.8,77.1,71.9,70.2
מאיר,82.5,2021-12-08T00:00:00.000Z,80.6,65.8,81.2,78,71.7
בני ציון,100,2021-12-08T00:00:00.000Z,98.5,82.1,89.6,84.3,81.2
הדסה הר הצופים,66.7,2021-12-08T00:00:00.000Z,84.9,,77.4,76.4,
רבין ק. השרון,58.8,2021-12-08T00:00:00.000Z,64.7,53.3,71.8,66.1,55.4
שמואל הרופא,69.4,2021-12-09T00:00:00.000Z,80.2,71,83,82.7,76.1
כלל המוסדות,86.7,2021-12-09T00:00:00.000Z,92.3,79.2,85.4,86.5,81.4
המרכזי בעמק,92.9,2021-12-09T00:00:00.000Z,95,84,71.2,73,72.8
וולפסון,82.4,2021-12-09T00:00:00.000Z,88.5,72.9,75,77.7,66
ברזילי,79.2,2021-12-09T00:00:00.000Z,83.3,75.1,75.7,76.1,71
"רמב""ם",87.4,2021-12-09T00:00:00.000Z,96.9,82.8,86.6,89.9,91.1
רבין ק. בילינסון,97.4,2021-12-09T00:00:00.000Z,102.4,91.8,86.3,87.6,83.6
איכילוב,76.3,2021-12-09T00:00:00.000Z,83.8,71.5,111.8,115.2,109.6
לניאדו,106.4,2021-12-09T00:00:00.000Z,99.8,109.9,103.1,89.1,85.6
פוריה,82.1,2021-12-09T00:00:00.000Z,79.7,50.5,68.7,72.9,63.9
יוספטל,81.3,2021-12-09T00:00:00.000Z,58.9,65.2,50.8,48.8,45.1
נהריה,99.5,2021-12-09T00:00:00.000Z,106.1,74,86.8,86.7,72.8
שיבא,89.1,2021-12-09T00:00:00.000Z,100.2,77.8,103,105.4,96.2
הכרמל,54.7,2021-12-09T00:00:00.000Z,63.2,76.5,68.1,74.9,78.6
זיו צפת,87.5,2021-12-09T00:00:00.000Z,98.4,81.3,76.7,77.5,67.8
שמיר,94.6,2021-12-09T00:00:00.000Z,97.7,74.2,72.1,76.3,64.6
הדסה עין כרם,112.6,2021-12-09T00:00:00.000Z,122.5,,88.2,90.6,
מעייני הישועה,89.3,2021-12-09T00:00:00.000Z,93.4,87.8,120.6,119.6,111.6
אסותא אשדוד,157.6,2021-12-09T00:00:00.000Z,146.2,175.1,148.5,139.9,146.5
קפלן,84,2021-12-09T00:00:00.000Z,90.6,70.8,74.4,75.6,72
שערי צדק,103.3,2021-12-09T00:00:00.000Z,102.1,80.8,104.5,102.3,95
סורוקה,65.5,2021-12-09T00:00:00.000Z,69.2,70.7,72.2,72.1,70.2
מאיר,67,2021-12-09T00:00:00.000Z,82.2,64.6,74,79.1,71.1
בני ציון,94.2,2021-12-09T00:00:00.000Z,98.3,81.6,83.4,84,80.7
הדסה הר הצופים,66.7,2021-12-09T00:00:00.000Z,82.1,,82.6,75.9,
רבין ק. השרון,58.8,2021-12-09T00:00:00.000Z,62.7,55.1,67.2,65.6,56.9
שמואל הרופא,75,2021-12-10T00:00:00.000Z,79,73,80.6,83,77.3
וולפסון,80.7,2021-12-10T00:00:00.000Z,89.1,73.8,66.2,78.4,66.2
ברזילי,79.2,2021-12-10T00:00:00.000Z,83,75.2,68.7,76.7,70.8
"רמב""ם",88.4,2021-12-10T00:00:00.000Z,96,82.8,80.2,89.5,91.3
רבין ק. בילינסון,94.3,2021-12-10T00:00:00.000Z,102.9,91.4,79.4,88,83.4
המרכזי בעמק,92.9,2021-12-10T00:00:00.000Z,96.2,80.7,67.1,73.8,72.2
איכילוב,81,2021-12-10T00:00:00.000Z,84.1,71.2,99.1,115.2,109
לניאדו,109,2021-12-10T00:00:00.000Z,103.3,110.3,83.6,92,85.7
פוריה,88.5,2021-12-10T00:00:00.000Z,79.3,51.5,65.1,72.1,63.6
יוספטל,81.3,2021-12-10T00:00:00.000Z,60.7,67.9,63.1,49.7,46.8
נהריה,101.1,2021-12-10T00:00:00.000Z,105.9,74.5,79.3,87.2,73.5
שיבא,92.9,2021-12-10T00:00:00.000Z,99.6,76.7,96.6,105.4,96.1
הכרמל,62.3,2021-12-10T00:00:00.000Z,62.5,75.6,62.4,74.7,77.8
זיו צפת,82.8,2021-12-10T00:00:00.000Z,98.4,79.9,59.7,78.4,67.5
שמיר,95.4,2021-12-10T00:00:00.000Z,98.2,74.6,68.2,76.1,65.1
הדסה עין כרם,117.5,2021-12-10T00:00:00.000Z,121.6,,80.8,89.9,
מעייני הישועה,85.7,2021-12-10T00:00:00.000Z,91.1,87.5,117.4,118.8,109.8
אסותא אשדוד,145.8,2021-12-10T00:00:00.000Z,147.2,174.6,125.6,140.3,146.2
קפלן,94.7,2021-12-10T00:00:00.000Z,90.2,65.9,71.2,75.7,70.3
שערי צדק,107.3,2021-12-10T00:00:00.000Z,103.2,80.9,93,104,95.8
סורוקה,72.5,2021-12-10T00:00:00.000Z,69.6,71.3,72.4,72.7,69.6
מאיר,71,2021-12-10T00:00:00.000Z,81.3,64.6,68.4,79.3,71.8
בני ציון,96.7,2021-12-10T00:00:00.000Z,97.8,81.1,75.1,84.7,80.2
הדסה הר הצופים,66.7,2021-12-10T00:00:00.000Z,79.4,,73.3,76.7,
כלל המוסדות,88.9,2021-12-10T00:00:00.000Z,92.3,79.1,78.3,86.8,81.3
רבין ק. השרון,55.3,2021-12-10T00:00:00.000Z,61.7,57.1,49.8,65.5,57.8
שמואל הרופא,80.6,2021-12-11T00:00:00.000Z,79,75,82.4,83.1,78.3
כלל המוסדות,97.7,2021-12-11T00:00:00.000Z,92.5,79.2,84.2,86.9,81.3
וולפסון,85.7,2021-12-11T00:00:00.000Z,88.4,74.7,71.3,77.8,66
ברזילי,95.8,2021-12-11T00:00:00.000Z,83.1,75.9,77.2,76.8,71.4
"רמב""ם",98.5,2021-12-11T00:00:00.000Z,94.2,83.8,87.9,89.4,91.6
רבין ק. בילינסון,107.9,2021-12-11T00:00:00.000Z,102.8,91.6,87.6,88,83.2
המרכזי בעמק,109,2021-12-11T00:00:00.000Z,98,77.6,76.9,74.1,70.9
איכילוב,91,2021-12-11T00:00:00.000Z,85,70.3,107.7,115.5,107.9
לניאדו,120.5,2021-12-11T00:00:00.000Z,105.5,110.1,87.2,94.3,87.1
פוריה,92.3,2021-12-11T00:00:00.000Z,80.6,51.3,71.5,71.6,62.9
יוספטל,68.8,2021-12-11T00:00:00.000Z,65.2,66.1,63.1,53.2,47.3
נהריה,109.5,2021-12-11T00:00:00.000Z,105.6,74.5,85.1,87.4,73.9
שיבא,115.9,2021-12-11T00:00:00.000Z,98.7,76.2,107.8,104.9,95.6
הכרמל,66,2021-12-11T00:00:00.000Z,62.5,76.3,68.9,74.2,78.4
זיו צפת,96.9,2021-12-11T00:00:00.000Z,99.8,81,70.6,78.5,67.7
שמיר,101.9,2021-12-11T00:00:00.000Z,98.2,75.7,71,76,65.5
הדסה עין כרם,124.3,2021-12-11T00:00:00.000Z,120.8,,84.3,89.4,
מעייני הישועה,82.1,2021-12-11T00:00:00.000Z,90.8,87.8,110.4,119.1,108.7
אסותא אשדוד,140.7,2021-12-11T00:00:00.000Z,146.7,175.3,119.8,139.6,147
קפלן,100.7,2021-12-11T00:00:00.000Z,91.4,62.9,76.9,76.1,69.4
שערי צדק,112,2021-12-11T00:00:00.000Z,104.6,81.9,98.7,104.6,96.4
סורוקה,77.1,2021-12-11T00:00:00.000Z,70.8,71.4,75.5,73.7,69
מאיר,80,2021-12-11T00:00:00.000Z,81.6,64.6,73.4,79.1,72.4
בני ציון,100,2021-12-11T00:00:00.000Z,98.1,81.8,82,85,79.2
הדסה הר הצופים,61.1,2021-12-11T00:00:00.000Z,75.8,,81.9,76.7,
רבין ק. השרון,60.5,2021-12-11T00:00:00.000Z,59.8,58.1,56.4,64.7,57.7
שמואל הרופא,83.3,2021-12-12T00:00:00.000Z,79.8,76.6,83.3,83.2,79.2
וולפסון,91.8,2021-12-12T00:00:00.000Z,87.5,75.6,82.3,77.3,66.1
ברזילי,94.8,2021-12-12T00:00:00.000Z,84.6,76,84.6,77.2,71.3
"רמב""ם",97.5,2021-12-12T00:00:00.000Z,93.9,85.1,92.9,89.7,92.3
רבין ק. בילינסון,108.4,2021-12-12T00:00:00.000Z,103.5,91.3,92.8,88.1,83.3
המרכזי בעמק,100.6,2021-12-12T00:00:00.000Z,100.2,75.7,78,74.9,70.3
איכילוב,89.7,2021-12-12T00:00:00.000Z,85.5,69,124.3,115.7,108
לניאדו,109,2021-12-12T00:00:00.000Z,106.2,111,100,95.3,87.1
פוריה,97.4,2021-12-12T00:00:00.000Z,81.7,51.6,77.5,72,63.5
יוספטל,87.5,2021-12-12T00:00:00.000Z,67,69.6,52.3,57.4,48.1
נהריה,114.2,2021-12-12T00:00:00.000Z,104.4,73.5,89.9,87.4,73.7
שיבא,113,2021-12-12T00:00:00.000Z,99.3,75,109.3,105.1,95.3
הכרמל,66,2021-12-12T00:00:00.000Z,62,76.5,77.9,73.7,78.5
זיו צפת,101.6,2021-12-12T00:00:00.000Z,100.2,81.5,85,78.9,67.5
שמיר,100,2021-12-12T00:00:00.000Z,98,76.2,79.7,75.5,65.3
הדסה עין כרם,118.4,2021-12-12T00:00:00.000Z,120,,92.5,89,
מעייני הישועה,96.4,2021-12-12T00:00:00.000Z,90.3,87.8,124.1,118.9,107.9
אסותא אשדוד,161,2021-12-12T00:00:00.000Z,147.7,174.6,146.8,139.8,145.1
קפלן,108.7,2021-12-12T00:00:00.000Z,92.2,60.3,83.7,76.6,68.5
שערי צדק,108.7,2021-12-12T00:00:00.000Z,105.7,83,109,105.3,96.9
סורוקה,79.8,2021-12-12T00:00:00.000Z,71.4,71.9,77.7,74.4,68.7
מאיר,82.5,2021-12-12T00:00:00.000Z,81.1,65.9,78.8,78.8,72.9
בני ציון,98.3,2021-12-12T00:00:00.000Z,98,81.7,94.2,85.4,78.8
הדסה הר הצופים,52.8,2021-12-12T00:00:00.000Z,72.2,,78.8,77.7,
כלל המוסדות,98.1,2021-12-12T00:00:00.000Z,92.7,79.2,91.3,87,81.4
רבין ק. השרון,57.9,2021-12-12T00:00:00.000Z,58,59.6,69.3,63.8,59.5
שמואל הרופא,88.9,2021-12-13T00:00:00.000Z,80.6,77.8,83.9,83.3,80
וולפסון,86.5,2021-12-13T00:00:00.000Z,87.3,75.9,78.8,77.1,66.3
ברזילי,102.6,2021-12-13T00:00:00.000Z,85.9,76.7,87.9,78,71.6
"רמב""ם",100,2021-12-13T00:00:00.000Z,93.8,86,97.5,89.6,92.7
רבין ק. בילינסון,106.6,2021-12-13T00:00:00.000Z,103.2,91.9,94.2,88.2,83.7
המרכזי בעמק,114.2,2021-12-13T00:00:00.000Z,99.8,73.5,81.8,75.1,69.5
איכילוב,89,2021-12-13T00:00:00.000Z,85.4,68.5,126,115.9,108
לניאדו,102.6,2021-12-13T00:00:00.000Z,106.2,112.1,95,95.2,87
פוריה,96.2,2021-12-13T00:00:00.000Z,84.4,50.7,83.1,72.4,63.2
יוספטל,87.5,2021-12-13T00:00:00.000Z,72.3,67.9,55.4,57.4,47.5
נהריה,104.7,2021-12-13T00:00:00.000Z,105.3,73.4,88.1,87.7,74.1
שיבא,110.5,2021-12-13T00:00:00.000Z,100.1,74.7,110.9,105.4,95
הכרמל,66,2021-12-13T00:00:00.000Z,62.4,77.2,78.5,73.5,79.5
זיו צפת,89.1,2021-12-13T00:00:00.000Z,99.6,81.9,81.8,79.6,66.7
שמיר,100,2021-12-13T00:00:00.000Z,97.6,76.7,79.1,75.1,65.6
הדסה עין כרם,119.4,2021-12-13T00:00:00.000Z,119.8,,99.7,89.6,
מעייני הישועה,83.9,2021-12-13T00:00:00.000Z,90.1,87.5,130.7,118.6,106.6
אסותא אשדוד,159.3,2021-12-13T00:00:00.000Z,149.4,173.6,161.8,140.4,143.7
קפלן,105.3,2021-12-13T00:00:00.000Z,93.6,58.5,88,77.6,68
שערי צדק,108,2021-12-13T00:00:00.000Z,106.3,83.8,110.4,105.5,97.9
סורוקה,77.9,2021-12-13T00:00:00.000Z,72.9,72,79.6,75.1,68.5
מאיר,82,2021-12-13T00:00:00.000Z,80.5,67.4,79.9,78.3,72.9
בני ציון,87.6,2021-12-13T00:00:00.000Z,97.6,81.2,91,86.5,78.7
הדסה הר הצופים,63.9,2021-12-13T00:00:00.000Z,66.7,,84.4,78.6,
כלל המוסדות,97.2,2021-12-13T00:00:00.000Z,92.9,79.4,93.1,87.3,81.4
רבין ק. השרון,64.9,2021-12-13T00:00:00.000Z,58.3,61.3,68.9,64.7,61.2
שמואל הרופא,86.1,2021-12-14T00:00:00.000Z,81.3,80.2,83.6,83.2,80.7
וולפסון,86.1,2021-12-14T00:00:00.000Z,86.5,76.6,81.3,76.6,66.7
ברזילי,100.5,2021-12-14T00:00:00.000Z,87.9,78.4,86.8,79.2,72.1
"רמב""ם",101,2021-12-14T00:00:00.000Z,94.1,86.9,96.8,90.3,93.4
רבין ק. בילינסון,106.2,2021-12-14T00:00:00.000Z,102.8,92.8,94.3,88.6,84
המרכזי בעמק,114.8,2021-12-14T00:00:00.000Z,102.3,71,84.2,76,68.5
איכילוב,94.7,2021-12-14T00:00:00.000Z,85.1,68.9,126.2,116,107.9
לניאדו,107.7,2021-12-14T00:00:00.000Z,105.1,111,91.6,94.9,86.4
פוריה,94.9,2021-12-14T00:00:00.000Z,88.1,51.6,80.8,73.5,63.3
יוספטל,93.8,2021-12-14T00:00:00.000Z,77.7,61.6,70.8,58.7,48.4
נהריה,112.1,2021-12-14T00:00:00.000Z,105.7,73.1,89.3,87.5,74.2
שיבא,100,2021-12-14T00:00:00.000Z,101.7,74.7,108.9,105.9,94.7
הכרמל,66,2021-12-14T00:00:00.000Z,62.5,76.4,85.3,73,79.3
זיו צפת,90.6,2021-12-14T00:00:00.000Z,96.2,83,87.6,79.2,66.2
שמיר,95.8,2021-12-14T00:00:00.000Z,98,77.7,79.9,75.1,66.4
הדסה עין כרם,119.4,2021-12-14T00:00:00.000Z,119.7,,99.6,90.5,
מעייני הישועה,101.8,2021-12-14T00:00:00.000Z,88.8,88.8,129.4,120.3,105.7
אסותא אשדוד,149.2,2021-12-14T00:00:00.000Z,150.6,173.8,158.7,143.1,142.7
קפלן,101.3,2021-12-14T00:00:00.000Z,95.4,57.2,83.6,78.8,66.7
שערי צדק,110.7,2021-12-14T00:00:00.000Z,107.1,84.3,117.5,105.9,97.9
סורוקה,78.3,2021-12-14T00:00:00.000Z,73.9,72.5,80.6,75.9,69.1
מאיר,80,2021-12-14T00:00:00.000Z,79.4,68,81.4,77.2,72.6
בני ציון,87.6,2021-12-14T00:00:00.000Z,96.3,80.3,92.8,86.6,79.7
הדסה הר הצופים,72.2,2021-12-14T00:00:00.000Z,64.7,,92.7,79.8,
כלל המוסדות,97,2021-12-14T00:00:00.000Z,93.3,79.6,93.9,87.7,81.5
רבין ק. השרון,60.5,2021-12-14T00:00:00.000Z,59.1,62,71.4,65.1,62.7
שמואל הרופא,83.3,2021-12-15T00:00:00.000Z,81,82.5,83.3,83,81.1
וולפסון,86.1,2021-12-15T00:00:00.000Z,85.8,75.9,80.7,76.7,66.3
ברזילי,95.3,2021-12-15T00:00:00.000Z,90.4,79.6,85.6,80.4,72.4
"רמב""ם",98.5,2021-12-15T00:00:00.000Z,94.8,87.8,91.9,90.8,94
רבין ק. בילינסון,105.3,2021-12-15T00:00:00.000Z,103.1,91.8,93.1,89.3,83.8
המרכזי בעמק,94.2,2021-12-15T00:00:00.000Z,103.5,68.7,73.5,76.8,67.8
איכילוב,94.7,2021-12-15T00:00:00.000Z,86.5,69.4,117.9,116.7,108
לניאדו,96.2,2021-12-15T00:00:00.000Z,106.6,109.5,88.9,93.8,86
פוריה,88.5,2021-12-15T00:00:00.000Z,89.7,51.5,76.3,73.9,62.9
יוספטל,87.5,2021-12-15T00:00:00.000Z,83,61.6,63.1,60,51.4
נהריה,106.8,2021-12-15T00:00:00.000Z,106.5,73.3,92.7,87.1,74.3
שיבא,103.8,2021-12-15T00:00:00.000Z,101.9,75.1,109.7,106.2,95
הכרמל,68.9,2021-12-15T00:00:00.000Z,62.5,76.8,77.5,73.8,79.1
זיו צפת,82.8,2021-12-15T00:00:00.000Z,92.9,83,84.7,78.8,65
שמיר,99.6,2021-12-15T00:00:00.000Z,97.5,78.7,75.9,75.1,66.8
הדסה עין כרם,121.4,2021-12-15T00:00:00.000Z,119.1,,99.1,91.4,
מעייני הישועה,107.1,2021-12-15T00:00:00.000Z,89.5,89.5,135.4,122.3,105.6
אסותא אשדוד,149.2,2021-12-15T00:00:00.000Z,151.1,173.6,157.7,145,141.8
קפלן,100.7,2021-12-15T00:00:00.000Z,96.9,58.8,81.3,79.6,67.1
שערי צדק,109.3,2021-12-15T00:00:00.000Z,107.8,84,112.5,106.7,97.5
סורוקה,79.1,2021-12-15T00:00:00.000Z,75.5,72.9,79.5,76.4,69.4
מאיר,68.5,2021-12-15T00:00:00.000Z,77.9,66.8,76.5,76.7,72.7
בני ציון,89.3,2021-12-15T00:00:00.000Z,94.9,79.9,87.8,86.9,80.7
הדסה הר הצופים,66.7,2021-12-15T00:00:00.000Z,64.3,,87.2,81.6,
כלל המוסדות,94.8,2021-12-15T00:00:00.000Z,93.8,79.7,91,88.1,81.6
רבין ק. השרון,57,2021-12-15T00:00:00.000Z,59.5,62.5,61.8,65,62.7
שמואל הרופא,80.6,2021-12-16T00:00:00.000Z,81,82.9,82.1,82.9,81
וולפסון,73.4,2021-12-16T00:00:00.000Z,85.6,75.5,69.7,76.5,66.1
ברזילי,89.6,2021-12-16T00:00:00.000Z,92.5,80.9,80.1,80.9,72.6
"רמב""ם",95.5,2021-12-16T00:00:00.000Z,95.9,87.7,90.6,90.6,93.9
כלל המוסדות,86.6,2021-12-16T00:00:00.000Z,94.3,79.6,86.5,88.2,81.5
רבין ק. בילינסון,86.8,2021-12-16T00:00:00.000Z,103.7,90.7,80.9,89.7,82.8
המרכזי בעמק,86.5,2021-12-16T00:00:00.000Z,102.7,65.6,69.5,76.1,67.2
איכילוב,89.7,2021-12-16T00:00:00.000Z,88,71,114.3,116.2,108.8
לניאדו,84.6,2021-12-16T00:00:00.000Z,107.3,104.6,95,92.8,84.8
פוריה,76.9,2021-12-16T00:00:00.000Z,91.4,51.1,71.5,74.7,61.6
יוספטל,68.8,2021-12-16T00:00:00.000Z,83.9,65.2,52.3,59.8,54.1
נהריה,100.5,2021-12-16T00:00:00.000Z,106.8,73,89.6,87.3,74.5
שיבא,92.5,2021-12-16T00:00:00.000Z,103.6,75.9,103.6,106.6,95.2
הכרמל,63.2,2021-12-16T00:00:00.000Z,64.3,77.4,81.2,74.1,78.8
זיו צפת,79.7,2021-12-16T00:00:00.000Z,90.2,83.5,80.1,78,64.5
שמיר,86.5,2021-12-16T00:00:00.000Z,98.2,78.4,71,75.1,66.5
הדסה עין כרם,113.6,2021-12-16T00:00:00.000Z,119,,93.4,92,
מעייני הישועה,107.1,2021-12-16T00:00:00.000Z,92.3,87.8,126.3,124,105.2
אסותא אשדוד,152.5,2021-12-16T00:00:00.000Z,151.8,173.6,153.2,145.5,139.8
קפלן,92.7,2021-12-16T00:00:00.000Z,99.3,61.5,77.2,79.9,67.6
שערי צדק,108,2021-12-16T00:00:00.000Z,108.5,83.6,106.6,106.5,97
סורוקה,62.8,2021-12-16T00:00:00.000Z,75.7,72,70.6,76.8,68.8
מאיר,67,2021-12-16T00:00:00.000Z,75.9,67.9,74.9,76.1,73.1
בני ציון,84.3,2021-12-16T00:00:00.000Z,93.4,79.8,88.5,86.6,81.2
הדסה הר הצופים,55.6,2021-12-16T00:00:00.000Z,64.3,,84,83,
רבין ק. השרון,56.1,2021-12-16T00:00:00.000Z,59.3,61.8,64.7,63.5,61.9
שמואל הרופא,77.8,2021-12-17T00:00:00.000Z,82.5,82.9,81.8,82.7,80.2
כלל המוסדות,87.3,2021-12-17T00:00:00.000Z,94.3,79.8,78.8,88.3,81.5
וולפסון,73,2021-12-17T00:00:00.000Z,84.3,75.2,66,75.7,66.3
ברזילי,93.8,2021-12-17T00:00:00.000Z,94,81.4,75.2,81.6,73
"רמב""ם",103.5,2021-12-17T00:00:00.000Z,97,88.2,84.2,91.1,94
רבין ק. בילינסון,83.7,2021-12-17T00:00:00.000Z,102.2,90.6,75.1,88.9,82.1
המרכזי בעמק,91,2021-12-17T00:00:00.000Z,101.8,66,65.1,75.8,67
איכילוב,84,2021-12-17T00:00:00.000Z,90,71.2,95.2,116.5,109.4
לניאדו,80.8,2021-12-17T00:00:00.000Z,104.2,101.6,73.8,91.6,84.5
פוריה,80.8,2021-12-17T00:00:00.000Z,90.7,51.3,66.2,75.1,61.8
יוספטל,87.5,2021-12-17T00:00:00.000Z,82.1,62.5,52.3,60,53.8
נהריה,99.5,2021-12-17T00:00:00.000Z,107,72.7,83.3,87.7,74.3
שיבא,91.2,2021-12-17T00:00:00.000Z,104.1,77.2,98.2,106.7,95.6
הכרמל,68.9,2021-12-17T00:00:00.000Z,65.5,77,75.1,76,78.6
זיו צפת,84.4,2021-12-17T00:00:00.000Z,89.1,84.2,67.7,78.5,64.8
שמיר,90.3,2021-12-17T00:00:00.000Z,97,78.7,66.3,75,66.4
הדסה עין כרם,109.7,2021-12-17T00:00:00.000Z,119.1,,84.3,92.8,
מעייני הישועה,107.1,2021-12-17T00:00:00.000Z,94.9,88.3,113.6,124.8,106.6
אסותא אשדוד,137.3,2021-12-17T00:00:00.000Z,151.1,173.1,120.1,146.2,139.1
קפלן,102,2021-12-17T00:00:00.000Z,100.6,64.1,74,80.3,69.1
שערי צדק,107.3,2021-12-17T00:00:00.000Z,109.1,84.1,95,106.8,96.3
סורוקה,65.5,2021-12-17T00:00:00.000Z,75.4,72.3,69.3,76.6,68.6
מאיר,64.5,2021-12-17T00:00:00.000Z,75.9,68.1,68,76.2,72.5
בני ציון,81,2021-12-17T00:00:00.000Z,92,79,74.1,87.3,81.7
הדסה הר הצופים,63.9,2021-12-17T00:00:00.000Z,62.7,,76.7,83.2,
רבין ק. השרון,58.8,2021-12-17T00:00:00.000Z,58.9,60,53.5,63.2,60.8
שמואל הרופא,88.9,2021-12-18T00:00:00.000Z,82.9,82.5,84.2,82.9,79.5
וולפסון,75.4,2021-12-18T00:00:00.000Z,83.2,75.2,69.7,75.7,66.5
ברזילי,99.5,2021-12-18T00:00:00.000Z,96.1,82.1,80.8,82.5,72.7
"רמב""ם",105.6,2021-12-18T00:00:00.000Z,99.2,88.5,91.1,91.7,94.6
רבין ק. בילינסון,93.4,2021-12-18T00:00:00.000Z,100.7,90.2,82.1,88.3,81.4
המרכזי בעמק,108.4,2021-12-18T00:00:00.000Z,101.5,67.4,72.6,75.6,67.2
איכילוב,93,2021-12-18T00:00:00.000Z,90.4,71.9,106.7,116,110
לניאדו,96.2,2021-12-18T00:00:00.000Z,100.2,100.4,83.3,90.2,84.3
פוריה,70.5,2021-12-18T00:00:00.000Z,89.6,51.3,69.9,75.3,62.2
יוספטל,81.3,2021-12-18T00:00:00.000Z,83,62.5,58.5,58.5,55.6
נהריה,111.6,2021-12-18T00:00:00.000Z,106.8,72.1,89.2,88.3,74.2
שיבא,107.1,2021-12-18T00:00:00.000Z,103.8,77.8,104.2,106.9,95.9
הכרמל,71.7,2021-12-18T00:00:00.000Z,66.4,74.8,77.7,77.8,78
זיו צפת,109.4,2021-12-18T00:00:00.000Z,89.3,86.4,79.8,79.7,65
שמיר,98.1,2021-12-18T00:00:00.000Z,96.3,77.9,70.6,74.7,66.1
הדסה עין כרם,122.3,2021-12-18T00:00:00.000Z,118,,86.5,93.3,
מעייני הישועה,98.2,2021-12-18T00:00:00.000Z,98,89.8,113.9,124.3,107.6
אסותא אשדוד,133.9,2021-12-18T00:00:00.000Z,149.9,171.2,109.2,145.4,138.5
קפלן,111.3,2021-12-18T00:00:00.000Z,101.6,65.6,78.4,80.7,70.5
שערי צדק,110,2021-12-18T00:00:00.000Z,109.1,83.2,99.3,107.1,95.7
סורוקה,72.5,2021-12-18T00:00:00.000Z,74.4,73.4,73.9,76.1,69
מאיר,74.5,2021-12-18T00:00:00.000Z,74.9,67.9,71.3,76.1,71.3
בני ציון,94.2,2021-12-18T00:00:00.000Z,89.7,78.2,83.1,87.2,82.3
הדסה הר הצופים,58.3,2021-12-18T00:00:00.000Z,62.3,,77.1,83.7,
כלל המוסדות,95.3,2021-12-18T00:00:00.000Z,94.1,79.9,84,88.4,81.5
רבין ק. השרון,65.8,2021-12-18T00:00:00.000Z,59.4,60,62.2,63.7,60.7
שמואל הרופא,102.8,2021-12-19T00:00:00.000Z,84.1,82.5,85.9,83.2,78.6
כלל המוסדות,96.2,2021-12-19T00:00:00.000Z,93.8,79.9,91.2,88.4,81.5
וולפסון,76.2,2021-12-19T00:00:00.000Z,81.7,75.2,77.2,75.5,66.6
ברזילי,97.4,2021-12-19T00:00:00.000Z,96.6,83.6,85.9,83,73.2
"רמב""ם",103,2021-12-19T00:00:00.000Z,100.2,87.9,94.2,92.2,94.4
רבין ק. בילינסון,101.3,2021-12-19T00:00:00.000Z,98.6,89.9,88.3,87.5,80.7
המרכזי בעמק,105.8,2021-12-19T00:00:00.000Z,101.4,68.8,76.7,75,67.9
איכילוב,91,2021-12-19T00:00:00.000Z,90.7,72,123.4,115.8,109.6
לניאדו,106.4,2021-12-19T00:00:00.000Z,96.7,100.5,101.4,89.7,85.5
פוריה,75.6,2021-12-19T00:00:00.000Z,86.4,51.6,82,75.1,61.6
יוספטל,93.8,2021-12-19T00:00:00.000Z,84.8,56.3,69.2,57.8,55.2
נהריה,104.7,2021-12-19T00:00:00.000Z,107.1,72,87.8,88.9,74.3
שיבא,100.8,2021-12-19T00:00:00.000Z,102.6,79.6,106.3,106.4,96.4
הכרמל,71.7,2021-12-19T00:00:00.000Z,67.3,72.2,81,79,77.3
זיו צפת,98.4,2021-12-19T00:00:00.000Z,91.1,90,88.8,81,65.6
שמיר,94.6,2021-12-19T00:00:00.000Z,95.8,77.6,76.2,74.7,66.1
הדסה עין כרם,121.4,2021-12-19T00:00:00.000Z,117.8,,94.8,93.6,
מעייני הישועה,107.1,2021-12-19T00:00:00.000Z,100.3,91.3,126.6,124.8,107.9
אסותא אשדוד,149.2,2021-12-19T00:00:00.000Z,148.9,169,140.6,143.9,139.7
קפלן,112.7,2021-12-19T00:00:00.000Z,103.1,66.4,86.9,80.9,70.9
שערי צדק,106,2021-12-19T00:00:00.000Z,108.9,82.4,109.7,107.2,95.2
סורוקה,84.5,2021-12-19T00:00:00.000Z,73.7,74.8,78.8,75.9,69.5
מאיר,78,2021-12-19T00:00:00.000Z,74.1,66.6,80.7,75.8,70.7
בני ציון,101.7,2021-12-19T00:00:00.000Z,88.9,77.4,89.1,87.4,82.5
הדסה הר הצופים,66.7,2021-12-19T00:00:00.000Z,61.9,,84.4,83,
רבין ק. השרון,64.9,2021-12-19T00:00:00.000Z,60.2,59.6,79.3,64.6,59.9
שמואל הרופא,100,2021-12-20T00:00:00.000Z,86.9,82.9,86.8,83.5,77.7
וולפסון,73.4,2021-12-20T00:00:00.000Z,79.5,75.5,76.1,74.8,66.7
ברזילי,92.7,2021-12-20T00:00:00.000Z,96.9,84.6,85.3,83.2,73.7
"רמב""ם",105.6,2021-12-20T00:00:00.000Z,101,87.2,93.6,92.3,94.6
רבין ק. בילינסון,96.5,2021-12-20T00:00:00.000Z,97.6,89.1,87.4,86.9,79.9
המרכזי בעמק,95.5,2021-12-20T00:00:00.000Z,102.1,71.1,75.7,74.8,68.8
איכילוב,88.3,2021-12-20T00:00:00.000Z,90.9,72.6,127.3,115.7,109.3
לניאדו,106.4,2021-12-20T00:00:00.000Z,96.3,100.5,95.5,89.9,86.8
פוריה,65.4,2021-12-20T00:00:00.000Z,83.3,54.2,74.9,75.7,62.7
יוספטל,112.5,2021-12-20T00:00:00.000Z,85.7,55.4,70.8,60.2,56
נהריה,100,2021-12-20T00:00:00.000Z,105.7,70.8,89.6,88.6,73.7
שיבא,94.6,2021-12-20T00:00:00.000Z,100.8,81.1,106.2,106,97
הכרמל,70.8,2021-12-20T00:00:00.000Z,68.1,69.4,82.8,79.5,75.9
זיו צפת,101.6,2021-12-20T00:00:00.000Z,90.6,94.2,87.3,81.5,66.7
שמיר,86.5,2021-12-20T00:00:00.000Z,95,77.3,74.6,74.2,66.2
הדסה עין כרם,130.1,2021-12-20T00:00:00.000Z,118.2,,96.2,93.9,
מעייני הישועה,100,2021-12-20T00:00:00.000Z,101.8,93.1,121.2,125.1,108.3
אסותא אשדוד,152.5,2021-12-20T00:00:00.000Z,147.2,168.3,148.1,143.1,140.6
קפלן,102,2021-12-20T00:00:00.000Z,103.7,67.1,86.9,81.3,71.1
שערי צדק,103.3,2021-12-20T00:00:00.000Z,108.5,81.7,110.1,107.3,94.8
סורוקה,78.3,2021-12-20T00:00:00.000Z,74.4,76,79.6,76,69.8
מאיר,71.5,2021-12-20T00:00:00.000Z,73.5,65.6,77.1,76.1,70.5
בני ציון,92.6,2021-12-20T00:00:00.000Z,89.4,76.9,84.3,86.6,82.2
הדסה הר הצופים,63.9,2021-12-20T00:00:00.000Z,63.9,,90.3,83.8,
כלל המוסדות,91.6,2021-12-20T00:00:00.000Z,93.5,80.2,90.9,88.4,81.6
רבין ק. השרון,50.9,2021-12-20T00:00:00.000Z,61.2,58.8,71,66,58.7
שמואל הרופא,97.2,2021-12-21T00:00:00.000Z,88.5,82.5,85.9,84,76.6
וולפסון,68,2021-12-21T00:00:00.000Z,77.6,76.7,73.2,74.4,67.1
ברזילי,90.6,2021-12-21T00:00:00.000Z,95.5,84.8,86.9,82.8,74.6
"רמב""ם",100.5,2021-12-21T00:00:00.000Z,101.8,86.7,90.9,91.8,94.4
רבין ק. בילינסון,100,2021-12-21T00:00:00.000Z,96.2,88.8,90.8,85.9,79.2
המרכזי בעמק,93.5,2021-12-21T00:00:00.000Z,99.4,71.7,76.1,73.9,69.5
איכילוב,81.7,2021-12-21T00:00:00.000Z,90.8,72.9,123.3,115.9,109.5
לניאדו,112.8,2021-12-21T00:00:00.000Z,96.9,100.7,102.8,89.9,87.7
פוריה,67.9,2021-12-21T00:00:00.000Z,78.9,54.8,71.5,74.5,62.5
יוספטל,81.3,2021-12-21T00:00:00.000Z,89.3,55.4,66.2,62.4,57.1
נהריה,103.7,2021-12-21T00:00:00.000Z,105,70.7,90.5,88.8,73.4
שיבא,96.2,2021-12-21T00:00:00.000Z,98.6,80.6,106.5,105.3,97.4
הכרמל,69.8,2021-12-21T00:00:00.000Z,68.7,68.3,81.6,80.1,75.6
זיו צפת,85.9,2021-12-21T00:00:00.000Z,92.4,97.3,78.1,82.3,67.5
שמיר,85.7,2021-12-21T00:00:00.000Z,93.1,76.1,76.8,73.5,65.9
הדסה עין כרם,135,2021-12-21T00:00:00.000Z,119.7,,98.8,93.4,
מעייני הישועה,101.8,2021-12-21T00:00:00.000Z,104.1,94.4,126.3,123.8,108.9
אסותא אשדוד,147.5,2021-12-21T00:00:00.000Z,146.2,167.6,144.7,141.1,141.8
קפלן,96.7,2021-12-21T00:00:00.000Z,103.2,68.3,82.7,81.2,71.6
שערי צדק,97.3,2021-12-21T00:00:00.000Z,107.8,81.2,110.8,107.2,95.7
סורוקה,82.2,2021-12-21T00:00:00.000Z,74.4,76.4,81.7,76,69.1
מאיר,63.5,2021-12-21T00:00:00.000Z,72,66.4,75.3,75.7,70.9
בני ציון,91.7,2021-12-21T00:00:00.000Z,90.1,76,85.9,85.7,81.1
הדסה הר הצופים,66.7,2021-12-21T00:00:00.000Z,63.9,,93.1,84.6,
כלל המוסדות,90,2021-12-21T00:00:00.000Z,92.7,80.2,90.8,88,81.7
רבין ק. השרון,53.5,2021-12-21T00:00:00.000Z,59.1,57.8,73,66.3,58.3
שמואל הרופא,94.4,2021-12-22T00:00:00.000Z,90.1,82.1,86.2,84.3,75.7
וולפסון,66.4,2021-12-22T00:00:00.000Z,75.1,77.9,72.9,73.2,67.6
ברזילי,101,2021-12-22T00:00:00.000Z,94.1,86.1,90.2,82.8,75.7
"רמב""ם",101.5,2021-12-22T00:00:00.000Z,101.7,86.9,95.1,90.9,94.2
רבין ק. בילינסון,98.2,2021-12-22T00:00:00.000Z,95.3,88.6,90.3,85.4,78.9
המרכזי בעמק,94.8,2021-12-22T00:00:00.000Z,96.4,72.3,73.9,72.8,70.1
איכילוב,79.3,2021-12-22T00:00:00.000Z,88.9,73.7,120.4,115.4,109.9
לניאדו,111.5,2021-12-22T00:00:00.000Z,97.6,98.4,100.3,91.5,88.1
פוריה,76.9,2021-12-22T00:00:00.000Z,75.1,54.8,75.5,73.2,62.2
יוספטל,68.8,2021-12-22T00:00:00.000Z,87.5,50.9,52.3,61.8,55.8
נהריה,106.3,2021-12-22T00:00:00.000Z,103.8,70.9,94.2,89,73.6
שיבא,91.6,2021-12-22T00:00:00.000Z,98,80.2,104.7,105,97.4
הכרמל,67.9,2021-12-22T00:00:00.000Z,69.3,67.3,81.2,79.6,74.7
זיו צפת,92.2,2021-12-22T00:00:00.000Z,91.7,99.6,82.4,80.9,69
שמיר,84.9,2021-12-22T00:00:00.000Z,91.6,75.6,71.3,73.1,65.7
הדסה עין כרם,126.2,2021-12-22T00:00:00.000Z,121.9,,99.5,93.3,
מעייני הישועה,108.9,2021-12-22T00:00:00.000Z,104.1,95.9,132,123.3,109.5
אסותא אשדוד,162.7,2021-12-22T00:00:00.000Z,146,166.8,134.1,139.1,140.6
קפלן,100,2021-12-22T00:00:00.000Z,102.6,68,85.2,81.1,71.9
שערי צדק,96.7,2021-12-22T00:00:00.000Z,105.9,80.2,110.4,106.3,96.2
סורוקה,66.3,2021-12-22T00:00:00.000Z,75,76.9,75.5,76.2,68.2
מאיר,60.5,2021-12-22T00:00:00.000Z,69.6,67.4,75.3,74.8,70.6
בני ציון,103.3,2021-12-22T00:00:00.000Z,90.7,75.7,92.4,84.7,79.9
הדסה הר הצופים,52.8,2021-12-22T00:00:00.000Z,63.1,,89.2,84.7,
כלל המוסדות,89.2,2021-12-22T00:00:00.000Z,91.7,80.4,90.3,87.6,81.7
רבין ק. השרון,48.2,2021-12-22T00:00:00.000Z,58.1,59.8,68.9,66.5,59
שמואל הרופא,91.7,2021-12-23T00:00:00.000Z,91.7,82.1,84.8,84.7,75
וולפסון,64.3,2021-12-23T00:00:00.000Z,72.2,78.9,69.4,72.1,68.3
הלל יפה,91.8,2021-12-23T00:00:00.000Z,94.7,60.3,77.5,88.2,75.9
ברזילי,90.1,2021-12-23T00:00:00.000Z,94.9,88,81.8,83.5,77
"רמב""ם",97,2021-12-23T00:00:00.000Z,102.2,87.4,85.2,91.4,94.3
רבין ק. בילינסון,83.7,2021-12-23T00:00:00.000Z,94.3,89,80.5,85,79.4
המרכזי בעמק,91,2021-12-23T00:00:00.000Z,96.5,73,67.8,72.8,70.4
איכילוב,72.7,2021-12-23T00:00:00.000Z,86.7,74.3,114.1,115.8,109.8
לניאדו,107.7,2021-12-23T00:00:00.000Z,99.8,98,100.8,93.2,88.8
פוריה,83.3,2021-12-23T00:00:00.000Z,73.4,53.5,73.5,73.1,61.7
יוספטל,81.3,2021-12-23T00:00:00.000Z,84.8,45.5,55.4,60.2,56.5
נהריה,103.2,2021-12-23T00:00:00.000Z,103.8,70.8,89.9,89.2,73.5
שיבא,92.5,2021-12-23T00:00:00.000Z,96.3,79.3,102.7,104.2,97.4
הכרמל,68.9,2021-12-23T00:00:00.000Z,69.1,66.7,80.2,80.1,74.5
זיו צפת,85.9,2021-12-23T00:00:00.000Z,93.1,100.4,71.2,80.6,70.6
שמיר,84.2,2021-12-23T00:00:00.000Z,89.5,76.4,66,72.4,66.9
הדסה עין כרם,114.6,2021-12-23T00:00:00.000Z,122.6,,94.8,93.3,
מעייני הישועה,105.4,2021-12-23T00:00:00.000Z,104.3,97.4,131,122.8,110
אסותא אשדוד,155.9,2021-12-23T00:00:00.000Z,147.9,165.9,132.1,135.7,141.1
קפלן,87.3,2021-12-23T00:00:00.000Z,102.5,67.2,77,81.6,72
שערי צדק,98,2021-12-23T00:00:00.000Z,104.1,78.8,102.7,106,96.6
סורוקה,62.8,2021-12-23T00:00:00.000Z,73.1,77.2,68.7,75.6,68.3
מאיר,72,2021-12-23T00:00:00.000Z,68.5,65.9,75.7,74.7,70.2
בני ציון,95.9,2021-12-23T00:00:00.000Z,92.7,75.6,79,85.4,79.8
כלל המוסדות,86.1,2021-12-23T00:00:00.000Z,90.9,80.6,84.8,87.5,82
הדסה הר הצופים,58.3,2021-12-23T00:00:00.000Z,61.1,,84.7,85,
רבין ק. השרון,55.3,2021-12-23T00:00:00.000Z,56.9,61.7,63.1,67.5,60.6
שמואל הרופא,80.6,2021-12-24T00:00:00.000Z,93.3,82.1,84.2,85.1,74.5
וולפסון,62.3,2021-12-24T00:00:00.000Z,71,79.6,63,72.1,68.5
הלל יפה,95.9,2021-12-24T00:00:00.000Z,95.4,63.8,75.3,86.9,77.8
ברזילי,88.5,2021-12-24T00:00:00.000Z,95,89.1,74.7,83.7,78
"רמב""ם",101.5,2021-12-24T00:00:00.000Z,102.4,87.5,80.1,90.6,94
כלל המוסדות,88.6,2021-12-24T00:00:00.000Z,90.8,80.6,78.1,87.3,82.2
בני ציון,94.2,2021-12-24T00:00:00.000Z,94.3,75.6,70.4,84,80
רבין ק. בילינסון,89.4,2021-12-24T00:00:00.000Z,93.8,89,78.2,84.9,79.9
המרכזי בעמק,104.5,2021-12-24T00:00:00.000Z,97.1,72.4,69.4,72.6,70.4
איכילוב,78.7,2021-12-24T00:00:00.000Z,84.3,75.1,100.6,115.8,109.9
לניאדו,106.4,2021-12-24T00:00:00.000Z,103.1,98.5,83.3,94,89
פוריה,85.9,2021-12-24T00:00:00.000Z,74.4,52.4,63.9,73.4,62.3
יוספטל,75,2021-12-24T00:00:00.000Z,86.6,42,52.3,60.7,56.3
נהריה,106.8,2021-12-24T00:00:00.000Z,104.1,71.3,78.5,89.2,73.5
שיבא,96.7,2021-12-24T00:00:00.000Z,96.3,78.8,97.2,104.1,97.4
הכרמל,66,2021-12-24T00:00:00.000Z,69.9,66.3,67.9,79.9,74.3
זיו צפת,85.9,2021-12-24T00:00:00.000Z,94,100.4,60.8,79.3,72.3
שמיר,88,2021-12-24T00:00:00.000Z,89.2,76,63.4,71.7,67.3
הדסה עין כרם,117.5,2021-12-24T00:00:00.000Z,122.7,,85.4,93.6,
מעייני הישועה,101.8,2021-12-24T00:00:00.000Z,104.1,98.7,126.3,123.5,109.8
אסותא אשדוד,147.5,2021-12-24T00:00:00.000Z,148.4,167.3,113.7,132.7,141
קפלן,90,2021-12-24T00:00:00.000Z,101.7,67.8,70.7,81.6,72.9
שערי צדק,98.7,2021-12-24T00:00:00.000Z,102.7,75.5,93.2,105.4,96.7
סורוקה,67.8,2021-12-24T00:00:00.000Z,73.1,76.2,66.3,75.4,68.5
מאיר,70,2021-12-24T00:00:00.000Z,69.2,64.9,68.3,74.8,69.9
הדסה הר הצופים,50,2021-12-24T00:00:00.000Z,61.5,,71.5,85.1,
רבין ק. השרון,63.2,2021-12-24T00:00:00.000Z,56.8,64.5,58.1,67.3,62.6
שמואל הרופא,80.6,2021-12-25T00:00:00.000Z,93.7,81.3,85.6,85.4,73.7
כלל המוסדות,99,2021-12-25T00:00:00.000Z,91,80.6,84.3,87.2,82.3
וולפסון,74.6,2021-12-25T00:00:00.000Z,69.4,79.7,71.2,71.6,69
הלל יפה,100.7,2021-12-25T00:00:00.000Z,96.4,68.5,80.8,86.2,79.7
ברזילי,100.5,2021-12-25T00:00:00.000Z,94.3,89.6,80.5,83.7,78.9
"רמב""ם",107.1,2021-12-25T00:00:00.000Z,102.1,87.1,85.6,90,93.2
בני ציון,105,2021-12-25T00:00:00.000Z,96.2,75.8,85.5,83.5,80.2
רבין ק. בילינסון,105.7,2021-12-25T00:00:00.000Z,94.7,89.6,85.3,85.4,81
איכילוב,93,2021-12-25T00:00:00.000Z,83.5,74.9,111,116.5,109.6
לניאדו,116.7,2021-12-25T00:00:00.000Z,106.8,98.7,91.6,95.3,88.4
פוריה,87.2,2021-12-25T00:00:00.000Z,75.1,53.7,66.8,73,62.6
יוספטל,81.3,2021-12-25T00:00:00.000Z,84.8,42,44.6,60.7,56.5
נהריה,124.7,2021-12-25T00:00:00.000Z,105.2,72.6,92.7,88.5,73.6
שיבא,112.6,2021-12-25T00:00:00.000Z,97.1,78.7,102.2,104,97.4
הכרמל,74.5,2021-12-25T00:00:00.000Z,69.5,67,73,78.9,74.5
זיו צפת,101.6,2021-12-25T00:00:00.000Z,94.2,99.6,73.2,78.3,72.9
שמיר,92.7,2021-12-25T00:00:00.000Z,88.9,76.9,65.5,71.3,67.7
הדסה עין כרם,122.3,2021-12-25T00:00:00.000Z,123.9,,87,93.7,
מעייני הישועה,105.4,2021-12-25T00:00:00.000Z,103.3,98.7,120.6,125.3,109.9
אסותא אשדוד,140.7,2021-12-25T00:00:00.000Z,149.9,167.8,107.2,131.8,141.4
קפלן,106.7,2021-12-25T00:00:00.000Z,100,67.9,81.1,81.1,73.5
שערי צדק,99.3,2021-12-25T00:00:00.000Z,101.4,72.3,100.1,105.2,96.4
סורוקה,77.5,2021-12-25T00:00:00.000Z,73.5,76,71.4,74.9,68.8
מאיר,89,2021-12-25T00:00:00.000Z,70,64,77.1,74.8,69.6
המרכזי בעמק,107.1,2021-12-25T00:00:00.000Z,99.1,70.9,74.1,73.2,70.1
הדסה הר הצופים,61.1,2021-12-25T00:00:00.000Z,59.5,,82.3,84.3,
רבין ק. השרון,76.3,2021-12-25T00:00:00.000Z,57.4,64.4,69.7,67.9,62.5
שמואל הרופא,80.6,2021-12-26T00:00:00.000Z,92.5,81,86.5,85.6,72.7
וולפסון,77,2021-12-26T00:00:00.000Z,69.3,79.9,75.4,71.8,69.2
הלל יפה,102.1,2021-12-26T00:00:00.000Z,97.1,73.3,91.3,85.1,80.6
ברזילי,103.1,2021-12-26T00:00:00.000Z,94.4,88.8,88.7,83.6,79.2
"רמב""ם",99.5,2021-12-26T00:00:00.000Z,102.3,86.1,90.4,89.2,92.9
בני ציון,103.3,2021-12-26T00:00:00.000Z,97.8,75.9,89.1,83.8,80
רבין ק. בילינסון,113.2,2021-12-26T00:00:00.000Z,96.4,90.7,91.2,85.8,82.1
איכילוב,90.7,2021-12-26T00:00:00.000Z,83.5,75.1,123.3,117.2,110.1
לניאדו,114.1,2021-12-26T00:00:00.000Z,109.7,96.7,107.2,96.5,87.3
פוריה,70.5,2021-12-26T00:00:00.000Z,77.5,54,72.1,72.6,63.3
יוספטל,81.3,2021-12-26T00:00:00.000Z,84.8,41.1,46.2,58.7,56.7
נהריה,122.6,2021-12-26T00:00:00.000Z,107.1,73.4,92.1,89,73.7
שיבא,112.6,2021-12-26T00:00:00.000Z,97.8,78.6,108.7,103.7,97.5
הכרמל,75.5,2021-12-26T00:00:00.000Z,69.9,68.5,80.4,78.2,75
זיו צפת,98.4,2021-12-26T00:00:00.000Z,93.1,99.6,82.4,77.4,73
שמיר,91.9,2021-12-26T00:00:00.000Z,88.1,77.6,74.4,70.5,68.1
הדסה עין כרם,121.4,2021-12-26T00:00:00.000Z,123.9,,94.3,93.8,
מעייני הישועה,139.3,2021-12-26T00:00:00.000Z,104.3,99.2,131.6,126.3,110
אסותא אשדוד,157.6,2021-12-26T00:00:00.000Z,150.8,168.3,135.2,131.5,141.9
קפלן,106.7,2021-12-26T00:00:00.000Z,99.3,68.5,89,81.5,75
שערי צדק,96.7,2021-12-26T00:00:00.000Z,99.9,69.7,106.8,105.3,96.7
סורוקה,70.5,2021-12-26T00:00:00.000Z,74.2,75.7,73.6,74.6,68.9
מאיר,85.5,2021-12-26T00:00:00.000Z,72.1,63.1,79.8,75.7,69.3
המרכזי בעמק,109.7,2021-12-26T00:00:00.000Z,98.9,70.9,80.6,73.4,69.8
כלל המוסדות,98.1,2021-12-26T00:00:00.000Z,91.5,80.6,90.7,87.2,82.4
הדסה הר הצופים,75,2021-12-26T00:00:00.000Z,59.9,,83.3,85.1,
רבין ק. השרון,57.9,2021-12-26T00:00:00.000Z,58.9,65.4,75.9,69,62.7
שמואל הרופא,88.9,2021-12-27T00:00:00.000Z,89.3,80.2,88,85.7,71.7
כלל המוסדות,97.4,2021-12-27T00:00:00.000Z,91.8,80.3,92,87.1,82.5
וולפסון,89.3,2021-12-27T00:00:00.000Z,69.4,79,82,71.6,69.2
הלל יפה,101.4,2021-12-27T00:00:00.000Z,98.5,78.1,90.5,85.3,82.2
ברזילי,98.4,2021-12-27T00:00:00.000Z,95.2,88.1,86.9,84,79.3
"רמב""ם",100,2021-12-27T00:00:00.000Z,101.8,85.4,91.1,88.7,92.9
בני ציון,102.5,2021-12-27T00:00:00.000Z,98,75.8,88.7,83.8,80.3
רבין ק. בילינסון,110.1,2021-12-27T00:00:00.000Z,98.1,91.3,93.8,86.2,82.7
איכילוב,96.7,2021-12-27T00:00:00.000Z,83.5,74.6,125.3,117.2,110.4
לניאדו,101.3,2021-12-27T00:00:00.000Z,110.8,96,100.6,97.4,86.8
פוריה,76.9,2021-12-27T00:00:00.000Z,76.7,53.3,78.3,71.2,64.1
יוספטל,93.8,2021-12-27T00:00:00.000Z,83,38.4,58.5,55.4,56.9
נהריה,116.8,2021-12-27T00:00:00.000Z,109.6,73.2,96.6,89.6,73.8
שיבא,110.5,2021-12-27T00:00:00.000Z,99.5,79.6,108.5,104,97.5
הכרמל,76.4,2021-12-27T00:00:00.000Z,70.5,69.7,82.4,78.1,76.1
זיו צפת,95.3,2021-12-27T00:00:00.000Z,93.1,99.1,77.5,76.5,72.6
שמיר,93.1,2021-12-27T00:00:00.000Z,87.7,78,76.1,70.3,68.1
הדסה עין כרם,130.1,2021-12-27T00:00:00.000Z,123.9,,98.1,93.7,
מעייני הישועה,128.6,2021-12-27T00:00:00.000Z,108.9,99,131,127,109.9
אסותא אשדוד,155.9,2021-12-27T00:00:00.000Z,152.1,167.8,141.6,130.7,141.2
קפלן,106,2021-12-27T00:00:00.000Z,98.5,68,90.1,81.8,76.2
שערי צדק,96.7,2021-12-27T00:00:00.000Z,98.6,66.6,108.9,104.9,96.9
סורוקה,63.2,2021-12-27T00:00:00.000Z,72.2,76.1,73.5,73.8,69.1
מאיר,73.5,2021-12-27T00:00:00.000Z,73.1,60.9,80.2,75.5,68.4
המרכזי בעמק,100.6,2021-12-27T00:00:00.000Z,99.4,70.3,78.8,73.9,69.6
הדסה הר הצופים,72.2,2021-12-27T00:00:00.000Z,61.1,,87.8,84.9,
רבין ק. השרון,68.4,2021-12-27T00:00:00.000Z,57.9,65.7,77.2,68.5,62.5
שמואל הרופא,91.7,2021-12-28T00:00:00.000Z,87.7,80.2,85,85.9,71
וולפסון,76.6,2021-12-28T00:00:00.000Z,71.7,77.9,74.8,72.4,68.8
הלל יפה,94.5,2021-12-28T00:00:00.000Z,99.2,82,85.8,85.4,83.3
ברזילי,101.6,2021-12-28T00:00:00.000Z,96.1,87.4,88.6,84.2,79.6
"רמב""ם",102.5,2021-12-28T00:00:00.000Z,101,84.6,93.3,88.3,93
בני ציון,95,2021-12-28T00:00:00.000Z,99.4,76.6,86.8,84.4,80.1
רבין ק. בילינסון,111.5,2021-12-28T00:00:00.000Z,100.1,91.6,95.1,87.2,83.1
איכילוב,96,2021-12-28T00:00:00.000Z,84.7,73.5,126.6,116.9,110.5
לניאדו,110.3,2021-12-28T00:00:00.000Z,110.1,94.3,105.6,98.1,85.8
פוריה,80.8,2021-12-28T00:00:00.000Z,78.4,51.6,77.5,71.7,64.7
יוספטל,93.8,2021-12-28T00:00:00.000Z,80.4,37.5,52.3,53.6,55.4
נהריה,104.7,2021-12-28T00:00:00.000Z,112,72.7,92.6,90.6,74.3
שיבא,102.1,2021-12-28T00:00:00.000Z,101.8,81.4,108.5,104.4,97.5
הכרמל,76.4,2021-12-28T00:00:00.000Z,71.3,69.7,80.4,78.1,76.7
זיו צפת,98.4,2021-12-28T00:00:00.000Z,92.2,97.8,72.9,75.1,73.2
שמיר,88,2021-12-28T00:00:00.000Z,88.6,78.3,77,70.5,67.8
הדסה עין כרם,120.4,2021-12-28T00:00:00.000Z,123.9,,97,94,
מעייני הישועה,114.3,2021-12-28T00:00:00.000Z,113,98.2,133.2,128.4,109.8
אסותא אשדוד,149.2,2021-12-28T00:00:00.000Z,152.5,167.8,144,129.8,139
קפלן,100.7,2021-12-28T00:00:00.000Z,99,67.5,85.7,82.3,78.4
שערי צדק,94,2021-12-28T00:00:00.000Z,97.6,64.4,113.6,104.7,96.4
סורוקה,69.4,2021-12-28T00:00:00.000Z,70,75.9,75.4,73,69.6
מאיר,75,2021-12-28T00:00:00.000Z,73.4,60.8,81.1,76,67.7
המרכזי בעמק,111,2021-12-28T00:00:00.000Z,100.2,72.4,84.2,74.4,69.8
כלל המוסדות,95.1,2021-12-28T00:00:00.000Z,92.6,80.1,92.1,87.3,82.5
הדסה הר הצופים,72.2,2021-12-28T00:00:00.000Z,62.3,,87.5,84.6,
רבין ק. השרון,62.3,2021-12-28T00:00:00.000Z,60.4,65.8,80.1,69.4,61.9
שמואל הרופא,100,2021-12-29T00:00:00.000Z,86.9,79.8,86.2,85.8,70.3
וולפסון,73,2021-12-29T00:00:00.000Z,73,75.9,75.3,72.7,68.5
הלל יפה,107.5,2021-12-29T00:00:00.000Z,98.4,85.6,86.8,84.8,83.2
ברזילי,96.4,2021-12-29T00:00:00.000Z,97.6,85.9,84.8,84.5,79.4
"רמב""ם",101,2021-12-29T00:00:00.000Z,101.3,83.3,96.5,88.7,92.7
בני ציון,102.5,2021-12-29T00:00:00.000Z,99.9,76.9,88.7,84.6,79.8
רבין ק. בילינסון,108.4,2021-12-29T00:00:00.000Z,101.7,91.8,95.4,87.8,83.1
איכילוב,94,2021-12-29T00:00:00.000Z,86.7,73.3,126.7,117.3,110.7
לניאדו,102.6,2021-12-29T00:00:00.000Z,109.7,94.7,97.2,98.5,85
פוריה,84.6,2021-12-29T00:00:00.000Z,80.2,50.4,76.3,72.5,65.2
יוספטל,75,2021-12-29T00:00:00.000Z,82.1,42,52.3,51.6,56.5
נהריה,108.9,2021-12-29T00:00:00.000Z,112.2,71.8,94.9,90.9,74.3
שיבא,101.3,2021-12-29T00:00:00.000Z,102.6,81.8,106.5,104.7,97.6
הכרמל,69.8,2021-12-29T00:00:00.000Z,72.2,68.5,80.6,77.9,76.7
זיו צפת,93.8,2021-12-29T00:00:00.000Z,94,96,73.5,74.4,73.1
שמיר,89.6,2021-12-29T00:00:00.000Z,89,78.8,76.9,70.5,67.4
הדסה עין כרם,120.4,2021-12-29T00:00:00.000Z,121.8,,96.8,93.7,
מעייני הישועה,116.1,2021-12-29T00:00:00.000Z,114.8,97.7,125.6,129.4,110
אסותא אשדוד,157.6,2021-12-29T00:00:00.000Z,152.8,168,138.2,129.7,139.8
קפלן,95.3,2021-12-29T00:00:00.000Z,99.6,67.8,88.2,82.7,80.2
שערי צדק,93.3,2021-12-29T00:00:00.000Z,97.1,63.6,113,105.1,95.4
סורוקה,60.1,2021-12-29T00:00:00.000Z,68.2,74.1,73.2,72,70.1
מאיר,75,2021-12-29T00:00:00.000Z,75.1,60,82.3,76.8,66.8
המרכזי בעמק,109,2021-12-29T00:00:00.000Z,102.7,74.7,79,75.5,69.3
כלל המוסדות,94.1,2021-12-29T00:00:00.000Z,93.4,79.6,91.4,87.5,82.5
הדסה הר הצופים,77.8,2021-12-29T00:00:00.000Z,63.1,,85.8,83.8,
רבין ק. השרון,61.4,2021-12-29T00:00:00.000Z,61.7,63.5,78,70.4,61
שמואל הרופא,94.4,2021-12-30T00:00:00.000Z,87.7,79.8,83.9,85.8,69.7
וולפסון,78.7,2021-12-30T00:00:00.000Z,73.9,74.3,69.4,73,67.7
הלל יפה,96.6,2021-12-30T00:00:00.000Z,99.1,87.9,76.3,84,82.4
ברזילי,91.1,2021-12-30T00:00:00.000Z,96.9,83.3,78.3,83.7,78.8
"רמב""ם",100,2021-12-30T00:00:00.000Z,101.2,81.5,93.3,88.9,92.1
בני ציון,85.1,2021-12-30T00:00:00.000Z,99.8,76.3,76,84,79.2
רבין ק. בילינסון,99.1,2021-12-30T00:00:00.000Z,103.1,91.1,86.4,88.5,82.5
איכילוב,83.3,2021-12-30T00:00:00.000Z,88.8,72.1,120,118.2,110.8
לניאדו,92.3,2021-12-30T00:00:00.000Z,108.4,94.7,97.2,98.1,85
פוריה,80.8,2021-12-30T00:00:00.000Z,81.3,52.6,74.1,72.6,66.8
יוספטל,112.5,2021-12-30T00:00:00.000Z,83,42.9,61.5,51.6,55.2
נהריה,96.8,2021-12-30T00:00:00.000Z,112.6,70.8,83.4,91,74
שיבא,100,2021-12-30T00:00:00.000Z,104,82.7,103.6,104.9,97.8
הכרמל,60.4,2021-12-30T00:00:00.000Z,72.5,67,72.2,77.8,76.5
זיו צפת,82.8,2021-12-30T00:00:00.000Z,94.2,94,68.3,73.1,72.5
שמיר,81.9,2021-12-30T00:00:00.000Z,89.6,78.7,71.5,71.3,66.5
הדסה עין כרם,121.4,2021-12-30T00:00:00.000Z,120.9,,93.7,93.4,
מעייני הישועה,112.5,2021-12-30T00:00:00.000Z,115.8,99,128.2,128.5,110.7
אסותא אשדוד,154.2,2021-12-30T00:00:00.000Z,152.1,167.6,133.4,130.3,138.7
קפלן,109.3,2021-12-30T00:00:00.000Z,99,67.9,95.4,83.1,81.3
שערי צדק,97.3,2021-12-30T00:00:00.000Z,96.7,63.3,105.6,105.5,94.1
סורוקה,58.5,2021-12-30T00:00:00.000Z,67.3,73.5,70.2,71.7,70.3
מאיר,80.5,2021-12-30T00:00:00.000Z,77.1,60.5,84.2,77.8,66.1
המרכזי בעמק,95.5,2021-12-30T00:00:00.000Z,104.7,75.3,74.4,76.3,69.3
כלל המוסדות,90.3,2021-12-30T00:00:00.000Z,94.1,79,87,87.6,82.2
הדסה הר הצופים,58.3,2021-12-30T00:00:00.000Z,66.7,,80.6,83.3,
רבין ק. השרון,71.9,2021-12-30T00:00:00.000Z,63.5,60.4,75.9,71.7,58.7
שמואל הרופא,94.4,2021-12-31T00:00:00.000Z,88.1,79,83,85.6,69.3
וולפסון,82.4,2021-12-31T00:00:00.000Z,75.9,72.8,66.2,73,67.3
הלל יפה,105.5,2021-12-31T00:00:00.000Z,99.8,85.7,72.2,83.8,81.2
ברזילי,88.5,2021-12-31T00:00:00.000Z,97.1,82.4,74.5,83.2,78.7
"רמב""ם",97.5,2021-12-31T00:00:00.000Z,101.7,79.1,82.5,90,91.5
בני ציון,84.3,2021-12-31T00:00:00.000Z,98.2,75.9,64.2,83.6,78.8
רבין ק. בילינסון,98.2,2021-12-31T00:00:00.000Z,105.3,90.4,81.4,89.3,81.5
איכילוב,90.7,2021-12-31T00:00:00.000Z,90.3,71.3,103.4,119.1,110.7
לניאדו,85.9,2021-12-31T00:00:00.000Z,106.2,94.9,76.6,97.5,85.2
פוריה,92.3,2021-12-31T00:00:00.000Z,81,51.5,71.5,72.7,66.1
יוספטל,81.3,2021-12-31T00:00:00.000Z,87.5,47.3,53.8,52.5,55.2
נהריה,95.8,2021-12-31T00:00:00.000Z,111.7,69.5,71.1,90.1,73.8
שיבא,112.6,2021-12-31T00:00:00.000Z,105.1,81.9,101.9,105,97.5
הכרמל,65.1,2021-12-31T00:00:00.000Z,71.3,66.4,65.8,76.7,76.4
זיו צפת,81.3,2021-12-31T00:00:00.000Z,93.8,94.6,56.2,72.7,71.9
שמיר,86.1,2021-12-31T00:00:00.000Z,89.3,79.4,65.4,72.1,66.3
הדסה עין כרם,123.3,2021-12-31T00:00:00.000Z,121.9,,85.7,93.2,
מעייני הישועה,108.9,2021-12-31T00:00:00.000Z,116.8,98.7,119.3,128.1,111.3
אסותא אשדוד,157.6,2021-12-31T00:00:00.000Z,151.8,165.1,118.1,130.5,137.9
קפלן,118,2021-12-31T00:00:00.000Z,102.1,66.1,100.9,85.7,81.2
שערי צדק,99.3,2021-12-31T00:00:00.000Z,96.6,64.1,94.4,105.9,93.5
סורוקה,63.2,2021-12-31T00:00:00.000Z,66.7,73.1,68.1,71.9,70.2
מאיר,74,2021-12-31T00:00:00.000Z,78.4,62.4,80.1,79,66
המרכזי בעמק,100.6,2021-12-31T00:00:00.000Z,105.3,76.4,67.4,77.2,69.2
כלל המוסדות,93,2021-12-31T00:00:00.000Z,94.7,78.4,80.2,87.9,81.8
הדסה הר הצופים,58.3,2021-12-31T00:00:00.000Z,66.7,,69.1,82.7,
רבין ק. השרון,74.6,2021-12-31T00:00:00.000Z,65.9,58.5,67.6,73.6,57.4
שמואל הרופא,105.6,2022-01-01T00:00:00.000Z,90.1,77.4,105,85.5,69.3
וולפסון,83.2,2022-01-01T00:00:00.000Z,78.8,71.8,70.3,73.5,66.5
הלל יפה,120.5,2022-01-01T00:00:00.000Z,101.2,84.7,81.9,83.4,81.1
ברזילי,90.6,2022-01-01T00:00:00.000Z,97.1,81.3,79.6,83.2,78.5
כלל המוסדות,98.2,2022-01-01T00:00:00.000Z,95.3,77.9,88.8,88.3,81.5
"רמב""ם",104,2022-01-01T00:00:00.000Z,101.1,77.8,88.7,90.4,91.1
בני ציון,86,2022-01-01T00:00:00.000Z,96.8,75.6,74.1,82.7,78.3
רבין ק. בילינסון,107,2022-01-01T00:00:00.000Z,106.6,90.1,94.9,89.8,80.7
איכילוב,89.7,2022-01-01T00:00:00.000Z,92,71.2,129.8,119.5,110.2
לניאדו,116.7,2022-01-01T00:00:00.000Z,103.3,93.4,108.9,96.6,84.4
פוריה,93.6,2022-01-01T00:00:00.000Z,81.9,48.9,73,73.8,65.7
יוספטל,150,2022-01-01T00:00:00.000Z,88.4,46.4,95.4,52.7,51.4
נהריה,108.4,2022-01-01T00:00:00.000Z,110.1,67.5,85.9,89.1,73.5
שיבא,114.2,2022-01-01T00:00:00.000Z,107.4,81.2,104,105.7,97
הכרמל,74.5,2022-01-01T00:00:00.000Z,71.2,65.2,84.7,76.4,76.2
זיו צפת,98.4,2022-01-01T00:00:00.000Z,93.1,94.9,68,72,71.8
שמיר,91.5,2022-01-01T00:00:00.000Z,89,79.5,69,72.4,65.9
הדסה עין כרם,132,2022-01-01T00:00:00.000Z,122.7,,88.4,93.2,
מעייני הישועה,116.1,2022-01-01T00:00:00.000Z,117.9,100.3,121.2,127.1,112.7
אסותא אשדוד,139,2022-01-01T00:00:00.000Z,153.3,163.9,109.2,131.1,135.5
קפלן,100.7,2022-01-01T00:00:00.000Z,106.1,65.2,85.3,90.1,80.7
שערי צדק,98.7,2022-01-01T00:00:00.000Z,96.7,65.9,101.3,106.1,93.9
סורוקה,73.6,2022-01-01T00:00:00.000Z,66.1,70.9,78.4,72.2,70
מאיר,87,2022-01-01T00:00:00.000Z,78.9,64.1,98.5,80.7,66.5
המרכזי בעמק,103.9,2022-01-01T00:00:00.000Z,104.8,77.6,74.9,76.9,70
הדסה הר הצופים,69.4,2022-01-01T00:00:00.000Z,67.9,,70.8,82.3,
רבין ק. השרון,72.8,2022-01-01T00:00:00.000Z,67.5,58.1,61.8,74.9,56.9
כלל המוסדות,100,2022-01-02T00:00:00.000Z,95.2,77.3,96.3,88.9,82
וולפסון,87.7,2022-01-02T00:00:00.000Z,80,69.9,81.6,73.3,65.9
הלל יפה,106.8,2022-01-02T00:00:00.000Z,104,83.2,87.2,83.6,81.3
ברזילי,92.2,2022-01-02T00:00:00.000Z,95.7,81.4,85.8,83.1,79
"רמב""ם",101.5,2022-01-02T00:00:00.000Z,100.6,77.8,91.3,90.8,91.4
שמואל הרופא,100,2022-01-02T00:00:00.000Z,93.7,77,104.7,88.2,69.9
בני ציון,90.9,2022-01-02T00:00:00.000Z,94.1,73.9,88.7,81.1,79.2
רבין ק. בילינסון,111.5,2022-01-02T00:00:00.000Z,106.8,88.9,99.9,91.2,80.4
איכילוב,92.3,2022-01-02T00:00:00.000Z,91.6,71.8,146.5,122.2,112.4
לניאדו,107.7,2022-01-02T00:00:00.000Z,103.3,93.4,117.3,99,84.6
פוריה,91,2022-01-02T00:00:00.000Z,82.8,48.2,80.8,74.7,65.8
יוספטל,112.5,2022-01-02T00:00:00.000Z,98.2,51.8,80,60,54.1
נהריה,113.2,2022-01-02T00:00:00.000Z,107.7,66.4,93,88.1,74.4
שיבא,115.9,2022-01-02T00:00:00.000Z,107.6,80.4,109.9,106,96.5
הכרמל,81.1,2022-01-02T00:00:00.000Z,71.2,64.4,95.3,78.1,77.8
זיו צפת,107.8,2022-01-02T00:00:00.000Z,92.6,93.5,74.9,71.3,72.5
שמיר,93.1,2022-01-02T00:00:00.000Z,88.9,79.6,76.5,72.9,65.8
הדסה עין כרם,135.9,2022-01-02T00:00:00.000Z,124.1,,93.8,93.4,
מעייני הישועה,130.4,2022-01-02T00:00:00.000Z,119.4,99.7,133.9,127.2,113.9
אסותא אשדוד,159.3,2022-01-02T00:00:00.000Z,153,163.2,141,131.4,133.6
קפלן,99.3,2022-01-02T00:00:00.000Z,105.2,65.3,91.9,90.7,81.8
שערי צדק,100,2022-01-02T00:00:00.000Z,96.6,67,113.6,106.2,94.7
סורוקה,79.5,2022-01-02T00:00:00.000Z,65.5,69.3,83.5,73.2,70.8
מאיר,86.5,2022-01-02T00:00:00.000Z,78.6,65.5,99.9,83.7,69
המרכזי בעמק,104.5,2022-01-02T00:00:00.000Z,104.3,75.7,78.5,77.1,70.1
הדסה הר הצופים,77.8,2022-01-02T00:00:00.000Z,69,,76.7,80.7,
רבין ק. השרון,71.9,2022-01-02T00:00:00.000Z,67,57,74.3,73.8,57.1
וולפסון,81.6,2022-01-03T00:00:00.000Z,81.6,68.5,82.6,74.2,65
הלל יפה,97.9,2022-01-03T00:00:00.000Z,104.7,83.7,89.3,83,82.1
ברזילי,95.8,2022-01-03T00:00:00.000Z,94.1,82,89.2,82.6,79.4
"רמב""ם",98.5,2022-01-03T00:00:00.000Z,100.9,78,96,91,91.3
שמואל הרופא,105.6,2022-01-03T00:00:00.000Z,96.4,76.2,104.4,90.8,70.5
בני ציון,94.2,2022-01-03T00:00:00.000Z,92.3,73.1,92.6,81,80.3
רבין ק. בילינסון,100.9,2022-01-03T00:00:00.000Z,106.5,88.4,99.5,92.4,80.7
איכילוב,88.3,2022-01-03T00:00:00.000Z,91.8,71.5,147.7,125.5,114.7
לניאדו,115.4,2022-01-03T00:00:00.000Z,102.4,92.9,115.9,100.5,84.2
פוריה,80.8,2022-01-03T00:00:00.000Z,85.7,45.4,78.3,75.9,65.1
יוספטל,125,2022-01-03T00:00:00.000Z,102.7,57.1,76.9,64.8,56.9
נהריה,110,2022-01-03T00:00:00.000Z,106.4,66,94.9,88.2,75.5
שיבא,116.3,2022-01-03T00:00:00.000Z,108.1,79.4,110.2,106.1,96.1
הכרמל,76.4,2022-01-03T00:00:00.000Z,72,63.3,98.6,80.2,78.8
זיו צפת,129.7,2022-01-03T00:00:00.000Z,94,90.6,81.8,70.2,72.7
שמיר,96.1,2022-01-03T00:00:00.000Z,89,79.8,81.4,73.2,66.1
הדסה עין כרם,125.2,2022-01-03T00:00:00.000Z,126.2,,95.8,93.3,
מעייני הישועה,125,2022-01-03T00:00:00.000Z,118.1,99.7,133.9,127.5,115.1
אסותא אשדוד,154.2,2022-01-03T00:00:00.000Z,153.3,162,146.4,132.2,133.9
קפלן,97.3,2022-01-03T00:00:00.000Z,104.2,66.5,94.9,91.1,83.5
שערי צדק,100.7,2022-01-03T00:00:00.000Z,97,68.6,116.6,107.2,95.4
סורוקה,75.6,2022-01-03T00:00:00.000Z,66.8,66.8,83.8,74.6,71.9
מאיר,81.5,2022-01-03T00:00:00.000Z,78.8,68.2,100.3,86.6,72.2
המרכזי בעמק,94.2,2022-01-03T00:00:00.000Z,103.6,74.3,78.2,76.8,71
כלל המוסדות,97,2022-01-03T00:00:00.000Z,95.4,77,97.9,89.7,82.7
הדסה הר הצופים,72.2,2022-01-03T00:00:00.000Z,69.4,,80.2,79.8,
רבין ק. השרון,64,2022-01-03T00:00:00.000Z,69,57,70.1,73.6,58.4
כלל המוסדות,93.6,2022-01-04T00:00:00.000Z,95.4,76.7,97.9,90.5,83.5
וולפסון,72.1,2022-01-04T00:00:00.000Z,80.4,67.3,78.9,74.3,64.9
הלל יפה,90.4,2022-01-04T00:00:00.000Z,104.2,83.4,82.9,82.8,81.9
ברזילי,91.1,2022-01-04T00:00:00.000Z,93.8,81.5,87.4,83,78.6
"רמב""ם",96,2022-01-04T00:00:00.000Z,100.7,78.8,96.4,91.7,91.8
שמואל הרופא,94.4,2022-01-04T00:00:00.000Z,98.8,76.2,103.2,93.2,71
בני ציון,96.7,2022-01-04T00:00:00.000Z,91.1,72.5,96.8,81.6,82.8
רבין ק. בילינסון,97.8,2022-01-04T00:00:00.000Z,105.2,87.2,98.3,93.2,81.2
איכילוב,88,2022-01-04T00:00:00.000Z,90.6,70.8,144.3,128.7,117
לניאדו,103.8,2022-01-04T00:00:00.000Z,104.4,94.3,127.9,102.7,84.8
פוריה,73.1,2022-01-04T00:00:00.000Z,86.3,46,74.4,75.9,65
יוספטל,112.5,2022-01-04T00:00:00.000Z,107.1,60.7,95.4,67.5,58.9
נהריה,111.6,2022-01-04T00:00:00.000Z,105.4,65.6,98.9,88,76.5
הכרמל,73.6,2022-01-04T00:00:00.000Z,72,62.5,98,82.5,80.4
שיבא,100,2022-01-04T00:00:00.000Z,108.9,78.5,107.3,106.4,95.9
זיו צפת,132.8,2022-01-04T00:00:00.000Z,98.9,88.8,80.4,70.8,72.7
שמיר,95,2022-01-04T00:00:00.000Z,89.5,79.6,84.1,74,66.3
הדסה עין כרם,127.2,2022-01-04T00:00:00.000Z,125.5,,96.2,93,
מעייני הישועה,125,2022-01-04T00:00:00.000Z,117.6,100.8,136.4,127.9,115.5
אסותא אשדוד,166.1,2022-01-04T00:00:00.000Z,153,159.1,151.2,132.9,135.3
קפלן,99.3,2022-01-04T00:00:00.000Z,103,67.9,93.5,91.7,85.4
שערי צדק,92,2022-01-04T00:00:00.000Z,97.6,69.1,116.5,108.3,96.1
סורוקה,74.4,2022-01-04T00:00:00.000Z,68.5,65.5,84.9,76.1,73
מאיר,78,2022-01-04T00:00:00.000Z,79.9,69.1,100,89.5,75.2
המרכזי בעמק,98.7,2022-01-04T00:00:00.000Z,102.7,72.4,78.5,76.7,71.5
הדסה הר הצופים,69.4,2022-01-04T00:00:00.000Z,69.4,,86.8,78.7,
רבין ק. השרון,53.5,2022-01-04T00:00:00.000Z,68.4,58.3,71.8,72.6,60.8
וולפסון,72.5,2022-01-05T00:00:00.000Z,79.8,67.2,79.8,74.9,64.9
הלל יפה,86.3,2022-01-05T00:00:00.000Z,103.6,84.3,82.5,82.4,83.5
ברזילי,85.4,2022-01-05T00:00:00.000Z,92.3,81.2,86.6,82.8,78.5
"רמב""ם",96.5,2022-01-05T00:00:00.000Z,99.8,78.9,100.2,92.1,92.4
שמואל הרופא,100,2022-01-05T00:00:00.000Z,99.2,77,102.9,95.8,71.8
בני ציון,78.5,2022-01-05T00:00:00.000Z,91.4,71.7,93.3,83,84.4
רבין ק. בילינסון,98.2,2022-01-05T00:00:00.000Z,103.3,85.8,100.2,93.7,82.1
איכילוב,89.3,2022-01-05T00:00:00.000Z,89.5,68.6,144.7,131.2,118.6
לניאדו,114.1,2022-01-05T00:00:00.000Z,103.5,96.5,115.3,105.8,85.8
פוריה,67.9,2022-01-05T00:00:00.000Z,85.2,46.3,69,75.5,65.3
יוספטל,100,2022-01-05T00:00:00.000Z,109.8,63.4,96.9,73.6,58.9
נהריה,107.4,2022-01-05T00:00:00.000Z,106.4,65.7,100,88.9,77.5
הכרמל,74.5,2022-01-05T00:00:00.000Z,71.6,62.5,94.5,85,82.6
שיבא,101.3,2022-01-05T00:00:00.000Z,108.6,77.9,108.5,106.2,95.5
זיו צפת,110.9,2022-01-05T00:00:00.000Z,103.8,88.4,81.6,71.9,72.7
שמיר,91.5,2022-01-05T00:00:00.000Z,90.5,78.9,79.6,75,66.6
הדסה עין כרם,119.4,2022-01-05T00:00:00.000Z,126.5,108.7,95.8,92.9,94.2
מעייני הישועה,125,2022-01-05T00:00:00.000Z,119.1,101.3,133.5,128.3,115.7
אסותא אשדוד,155.9,2022-01-05T00:00:00.000Z,155.4,158.6,141,133.9,136.7
קפלן,82,2022-01-05T00:00:00.000Z,102.8,68.1,91,92.9,86.6
שערי צדק,89.3,2022-01-05T00:00:00.000Z,97.3,69.3,109.1,108.7,97.3
סורוקה,72.5,2022-01-05T00:00:00.000Z,69.3,66.4,83.2,77.5,74.3
מאיר,67,2022-01-05T00:00:00.000Z,80.4,70.9,94,92.2,78.1
המרכזי בעמק,91,2022-01-05T00:00:00.000Z,100.9,71.1,75.1,75.8,72.2
כלל המוסדות,89.5,2022-01-05T00:00:00.000Z,95.2,76.6,96.1,91.4,84.3
הדסה הר הצופים,66.7,2022-01-05T00:00:00.000Z,69,75,80.6,78.6,69.1
רבין ק. השרון,42.1,2022-01-05T00:00:00.000Z,67.2,57.4,63.9,71.4,61.5
וולפסון,68,2022-01-06T00:00:00.000Z,79.7,67.2,74.5,75.5,65.4
הלל יפה,83.6,2022-01-06T00:00:00.000Z,100.6,85.8,79.2,81.8,85.1
ברזילי,78.1,2022-01-06T00:00:00.000Z,90.7,82.1,77.8,83.1,78.9
"רמב""ם",87.9,2022-01-06T00:00:00.000Z,99.1,80.3,94.2,92.6,93.7
שמואל הרופא,100,2022-01-06T00:00:00.000Z,99.2,77,100.6,98.2,72.7
בני ציון,74.4,2022-01-06T00:00:00.000Z,88,71.8,85.5,83.7,85.5
רבין ק. בילינסון,100,2022-01-06T00:00:00.000Z,101.8,84.6,96.8,94.4,83.7
איכילוב,84,2022-01-06T00:00:00.000Z,88.8,67.8,133.8,133.8,120.5
לניאדו,103.8,2022-01-06T00:00:00.000Z,105.1,97.4,118.7,108.4,86
פוריה,75.6,2022-01-06T00:00:00.000Z,82.8,44.5,70.4,74.4,65.1
יוספטל,137.5,2022-01-06T00:00:00.000Z,113.4,67,96.9,80,60.4
נהריה,104.2,2022-01-06T00:00:00.000Z,106.2,66.5,94.7,89.6,78.9
הכרמל,66,2022-01-06T00:00:00.000Z,72.2,63.5,87.7,87,84.9
שיבא,90.4,2022-01-06T00:00:00.000Z,108.6,78.1,107.3,106.5,95.5
זיו צפת,104.7,2022-01-06T00:00:00.000Z,106.3,89.1,76.9,73,73.5
שמיר,91.9,2022-01-06T00:00:00.000Z,90.7,77.8,77.3,75.4,66.6
הדסה עין כרם,116.5,2022-01-06T00:00:00.000Z,126.4,89.3,92.1,92.7,91.8
מעייני הישועה,119.6,2022-01-06T00:00:00.000Z,120.4,100.5,131.3,129.5,116.5
אסותא אשדוד,164.4,2022-01-06T00:00:00.000Z,155.2,158.6,141.6,134.3,138.4
קפלן,81.3,2022-01-06T00:00:00.000Z,100.9,68.5,87.1,93.3,87.8
שערי צדק,94.7,2022-01-06T00:00:00.000Z,96.8,70.4,106,108.2,99.2
סורוקה,69.8,2022-01-06T00:00:00.000Z,71,67.4,77.1,78.9,75.1
מאיר,62.5,2022-01-06T00:00:00.000Z,79.2,72.4,94.3,93.8,81.7
המרכזי בעמק,87.7,2022-01-06T00:00:00.000Z,98.3,71.6,69.4,75.3,72
כלל המוסדות,86.5,2022-01-06T00:00:00.000Z,94.5,76.8,92.1,92,85.3
הדסה הר הצופים,63.9,2022-01-06T00:00:00.000Z,67.5,75,76.7,77.8,69.1
רבין ק. השרון,43.9,2022-01-06T00:00:00.000Z,64.4,56.3,57.7,69.4,62.4
וולפסון,69.7,2022-01-07T00:00:00.000Z,78.2,66.6,70.6,76.3,65.7
הלל יפה,93.8,2022-01-07T00:00:00.000Z,98.7,87.6,73.8,82.2,86.5
ברזילי,82.3,2022-01-07T00:00:00.000Z,88.8,82.3,72.4,83,78.9
"רמב""ם",94.9,2022-01-07T00:00:00.000Z,97.4,82,84.8,92.8,94.6
שמואל הרופא,88.9,2022-01-07T00:00:00.000Z,100,76.6,99.1,100.5,73.2
בני ציון,77.7,2022-01-07T00:00:00.000Z,86.4,72.6,69.5,85,86.3
רבין ק. בילינסון,96,2022-01-07T00:00:00.000Z,102,83.8,90.7,95.9,86.2
איכילוב,78,2022-01-07T00:00:00.000Z,88.9,67.5,115.7,135.7,123.6
לניאדו,100,2022-01-07T00:00:00.000Z,106.8,98.2,97.8,111.5,85.9
פוריה,83.3,2022-01-07T00:00:00.000Z,82.1,46.7,68.5,73.9,65.8
יוספטל,162.5,2022-01-07T00:00:00.000Z,117,67.9,116.9,85.1,63.7
נהריה,102.1,2022-01-07T00:00:00.000Z,107.2,66.8,81.1,91.2,80.9
הכרמל,60.4,2022-01-07T00:00:00.000Z,73,63.7,77.5,89.2,86.7
זיו צפת,101.6,2022-01-07T00:00:00.000Z,109.4,90.6,67.1,74.3,74.6
שמיר,95.8,2022-01-07T00:00:00.000Z,92.2,75.5,73.4,76.2,65.6
הדסה עין כרם,117.5,2022-01-07T00:00:00.000Z,125.7,80.3,84.5,92.5,90.6
מעייני הישועה,92.9,2022-01-07T00:00:00.000Z,121.4,98.7,123.7,129.9,116.5
אסותא אשדוד,147.5,2022-01-07T00:00:00.000Z,156.7,159.1,127,135.5,139.7
קפלן,79.3,2022-01-07T00:00:00.000Z,96.9,70.2,80.7,92.1,89.5
שערי צדק,94,2022-01-07T00:00:00.000Z,96.4,70.3,91.9,108.2,100.6
סורוקה,73.3,2022-01-07T00:00:00.000Z,72.6,66.7,73.1,79.9,75.8
מאיר,60,2022-01-07T00:00:00.000Z,76.6,73.4,85.5,95.3,84
המרכזי בעמק,89,2022-01-07T00:00:00.000Z,97.2,70.8,64.2,74.6,72.4
כלל המוסדות,86.5,2022-01-07T00:00:00.000Z,94,76.7,82.1,92.8,86.2
הדסה הר הצופים,72.2,2022-01-07T00:00:00.000Z,68.3,65.3,68.4,77.3,69.3
רבין ק. השרון,52.6,2022-01-07T00:00:00.000Z,60.4,52.3,50.2,66.7,62.6
וולפסון,75.8,2022-01-08T00:00:00.000Z,76.4,66.7,76,76.9,66.5
הלל יפה,102.1,2022-01-08T00:00:00.000Z,97.1,89.1,79.2,82.4,88.6
ברזילי,95.8,2022-01-08T00:00:00.000Z,87.9,81.8,79,82.7,78.7
"רמב""ם",96.5,2022-01-08T00:00:00.000Z,97,82.8,87.4,93.1,95.7
שמואל הרופא,88.9,2022-01-08T00:00:00.000Z,99.2,77.8,101.5,102.8,73.3
בני ציון,86.8,2022-01-08T00:00:00.000Z,85.5,72,82.2,85.8,87.4
רבין ק. בילינסון,104.4,2022-01-08T00:00:00.000Z,101.6,81.8,97,97.2,87.6
איכילוב,87.7,2022-01-08T00:00:00.000Z,87.1,66.8,126.4,137.5,126.6
לניאדו,106.4,2022-01-08T00:00:00.000Z,108.8,100.7,110.6,114.5,86.5
פוריה,74.4,2022-01-08T00:00:00.000Z,80.8,48.7,71.5,73.5,66.4
יוספטל,237.5,2022-01-08T00:00:00.000Z,128.6,76.8,133.8,94.1,70.1
נהריה,126.3,2022-01-08T00:00:00.000Z,108.1,67.1,95.3,92.6,81.8
הכרמל,65.1,2022-01-08T00:00:00.000Z,72.4,64.2,79.1,90.9,88.2
שיבא,104.2,2022-01-08T00:00:00.000Z,107.2,77.6,102.4,107,95.5
זיו צפת,104.7,2022-01-08T00:00:00.000Z,112.3,89.7,74.9,75.8,75.4
שמיר,96.9,2022-01-08T00:00:00.000Z,93.5,74,72.8,77.3,65.8
הדסה עין כרם,128.2,2022-01-08T00:00:00.000Z,124.8,75,89.8,92.3,90
מעייני הישועה,92.9,2022-01-08T00:00:00.000Z,119.1,95.9,116.8,130.6,114.5
אסותא אשדוד,140.7,2022-01-08T00:00:00.000Z,155.2,156.9,116.4,136.8,140.8
קפלן,89.3,2022-01-08T00:00:00.000Z,91.3,71.5,86.9,89.2,91.6
שערי צדק,94.7,2022-01-08T00:00:00.000Z,95.6,69.6,100,107.9,101.3
סורוקה,79.5,2022-01-08T00:00:00.000Z,74.1,66.7,78.6,80.6,76.6
מאיר,80.5,2022-01-08T00:00:00.000Z,74.6,73.4,97.6,96.1,86.4
המרכזי בעמק,99.4,2022-01-08T00:00:00.000Z,95.6,70.1,73.8,74.1,72.3
כלל המוסדות,95.3,2022-01-08T00:00:00.000Z,93,76.5,89.4,93,87.1
הדסה הר הצופים,80.6,2022-01-08T00:00:00.000Z,70.2,63.9,71.5,77.2,70.1
רבין ק. השרון,60.5,2022-01-08T00:00:00.000Z,57.3,48.5,56.4,64.3,63.1
וולפסון,77,2022-01-09T00:00:00.000Z,75.4,66.2,81.3,77.7,67
הלל יפה,93.2,2022-01-09T00:00:00.000Z,94.4,88.2,89.9,82,89.4
ברזילי,84.4,2022-01-09T00:00:00.000Z,88.7,82,85.6,82.6,78.9
כלל המוסדות,93,2022-01-09T00:00:00.000Z,92.6,75.9,95.3,93.1,87.2
"רמב""ם",93.4,2022-01-09T00:00:00.000Z,96,82.3,96.8,92.9,95.9
שמואל הרופא,72.2,2022-01-09T00:00:00.000Z,96.8,77.8,100,102.3,73
בני ציון,88.4,2022-01-09T00:00:00.000Z,85.6,73,86.6,86.9,87.6
רבין ק. בילינסון,98.2,2022-01-09T00:00:00.000Z,101.3,80.5,97.3,97.5,87.9
איכילוב,85.3,2022-01-09T00:00:00.000Z,86.8,65.4,141,137,126.7
לניאדו,97.4,2022-01-09T00:00:00.000Z,107.3,101.6,130.4,114.8,86.3
פוריה,83.3,2022-01-09T00:00:00.000Z,78,48,85.6,73.3,66.5
יוספטל,150,2022-01-09T00:00:00.000Z,141.1,78.6,95.4,99.6,71.2
נהריה,118.4,2022-01-09T00:00:00.000Z,110.7,67.4,93.3,94,82.2
הכרמל,64.2,2022-01-09T00:00:00.000Z,71,63.9,90,90.1,88
שיבא,113.4,2022-01-09T00:00:00.000Z,106,77.3,112.3,107.1,94.8
זיו צפת,92.2,2022-01-09T00:00:00.000Z,113.2,90.2,83.6,76.8,75.3
שמיר,95.8,2022-01-09T00:00:00.000Z,94.3,72.5,78.7,77.9,65.8
הדסה עין כרם,128.2,2022-01-09T00:00:00.000Z,124.3,71.8,91.3,92.6,88.9
מעייני הישועה,100,2022-01-09T00:00:00.000Z,115.8,94.1,126.9,129.9,113.9
אסותא אשדוד,172.9,2022-01-09T00:00:00.000Z,155.4,156.7,142,137.8,141.5
קפלן,82.7,2022-01-09T00:00:00.000Z,89.7,71.3,84.5,89.4,92.1
שערי צדק,92.7,2022-01-09T00:00:00.000Z,95,69.9,110.8,107.7,101.3
סורוקה,71.3,2022-01-09T00:00:00.000Z,74.9,66,79.3,80.6,76.2
מאיר,83.5,2022-01-09T00:00:00.000Z,73.7,73.1,94.9,95.9,86.4
המרכזי בעמק,101.3,2022-01-09T00:00:00.000Z,94.9,70.4,73.6,73.9,72.2
הדסה הר הצופים,83.3,2022-01-09T00:00:00.000Z,71.8,62.5,73.6,77.3,67
רבין ק. השרון,56.1,2022-01-09T00:00:00.000Z,55.5,44.9,66.8,63.5,62.4
כלל המוסדות,87.7,2022-01-10T00:00:00.000Z,91.6,75.1,94.4,93,87.1
וולפסון,74.6,2022-01-10T00:00:00.000Z,73.8,66.2,80.7,77.7,68.1
הלל יפה,84.9,2022-01-10T00:00:00.000Z,92.5,85.6,86.6,82.4,89.5
ברזילי,92.2,2022-01-10T00:00:00.000Z,87.6,80.9,89.4,82.6,78.8
"רמב""ם",92.9,2022-01-10T00:00:00.000Z,94.8,81.5,94.4,93.7,96.1
שמואל הרופא,16.7,2022-01-10T00:00:00.000Z,92.9,77.8,97.1,101.7,72.9
בני ציון,83.5,2022-01-10T00:00:00.000Z,85.2,73.2,89.1,86.6,87.2
רבין ק. בילינסון,93.4,2022-01-10T00:00:00.000Z,99.4,79.1,95.7,97.1,88.3
איכילוב,85,2022-01-10T00:00:00.000Z,85.8,64.3,141.3,136.2,126.8
לניאדו,101.3,2022-01-10T00:00:00.000Z,105.9,102,127.9,116.6,86.4
פוריה,80.8,2022-01-10T00:00:00.000Z,76.9,48.2,81.7,74,66.9
יוספטל,175,2022-01-10T00:00:00.000Z,146.4,76.8,96.9,101.8,69.7
נהריה,115.8,2022-01-10T00:00:00.000Z,111.4,67.2,96.7,94,82.1
הכרמל,59.4,2022-01-10T00:00:00.000Z,68.6,63.5,93,89.3,87.3
שיבא,91.6,2022-01-10T00:00:00.000Z,105.9,78.2,102.6,108.3,95.3
זיו צפת,90.6,2022-01-10T00:00:00.000Z,110.9,93.3,76.4,78.1,76.9
שמיר,93.4,2022-01-10T00:00:00.000Z,94.7,70.8,82.2,78.2,65.7
הדסה עין כרם,126.2,2022-01-10T00:00:00.000Z,123.2,70.9,88.1,92.2,88.8
מעייני הישועה,94.6,2022-01-10T00:00:00.000Z,111.5,92.3,123.1,128.9,113.2
אסותא אשדוד,159.3,2022-01-10T00:00:00.000Z,157.4,156.2,145.7,137.9,140.4
קפלן,73.3,2022-01-10T00:00:00.000Z,87.3,69.5,92.4,88.4,92.1
שערי צדק,90,2022-01-10T00:00:00.000Z,94,70.1,112.9,107.3,100.9
סורוקה,65.5,2022-01-10T00:00:00.000Z,73.8,66,79.1,80,75.6
מאיר,69.5,2022-01-10T00:00:00.000Z,73.3,73.1,90.5,95.2,86.4
המרכזי בעמק,97.4,2022-01-10T00:00:00.000Z,94.5,71.1,74.8,73.2,71.2
הדסה הר הצופים,72.2,2022-01-10T00:00:00.000Z,72.6,63.9,77.1,76.8,65.7
רבין ק. השרון,48.2,2022-01-10T00:00:00.000Z,53.3,40.1,60.6,62.4,60.8
וולפסון,70.9,2022-01-11T00:00:00.000Z,72.8,65.5,76.7,77.4,68.7
ברזילי,85.9,2022-01-11T00:00:00.000Z,87.1,78.7,88.1,82.6,78.5
"רמב""ם",87.4,2022-01-11T00:00:00.000Z,94,79.7,90.8,93.5,95.4
שמואל הרופא,5.6,2022-01-11T00:00:00.000Z,80.2,77.8,91.2,100.6,72.8
הלל יפה,96.6,2022-01-11T00:00:00.000Z,90.6,84.1,89.5,82,90.2
בני ציון,92.6,2022-01-11T00:00:00.000Z,83.7,73,93.8,86.1,86.4
רבין ק. בילינסון,93.4,2022-01-11T00:00:00.000Z,98.3,78.2,95.2,96.6,88.9
איכילוב,80,2022-01-11T00:00:00.000Z,85.3,64.7,140.4,135.3,126.9
לניאדו,98.7,2022-01-11T00:00:00.000Z,103.8,100.9,123.4,118.3,86.4
פוריה,76.9,2022-01-11T00:00:00.000Z,76.9,48.9,83.9,74.4,67.3
יוספטל,162.5,2022-01-11T00:00:00.000Z,153.6,78.6,86.2,104.6,71.6
נהריה,112.1,2022-01-11T00:00:00.000Z,112.3,67.6,88.8,94.3,81.6
הכרמל,56.6,2022-01-11T00:00:00.000Z,66.2,63.2,90.2,88.5,86.5
שיבא,93.3,2022-01-11T00:00:00.000Z,102.5,77.2,103.7,107.2,95.8
זיו צפת,87.5,2022-01-11T00:00:00.000Z,105.4,95.1,79.5,77.3,77.2
שמיר,90.7,2022-01-11T00:00:00.000Z,94.3,70.4,78.5,78.3,65.9
הדסה עין כרם,113.6,2022-01-11T00:00:00.000Z,123.3,70.9,87.7,91.1,88.9
מעייני הישועה,91.1,2022-01-11T00:00:00.000Z,107.1,88.3,119.6,127.4,112.5
אסותא אשדוד,159.3,2022-01-11T00:00:00.000Z,158.1,155.9,146.4,137.8,138.7
קפלן,67.3,2022-01-11T00:00:00.000Z,83.9,67.1,89.2,88,91.7
שערי צדק,82,2022-01-11T00:00:00.000Z,92.5,69.7,117.6,106.7,100.2
סורוקה,67.8,2022-01-11T00:00:00.000Z,72.3,65.5,79.6,79.3,75.2
מאיר,68,2022-01-11T00:00:00.000Z,71.6,73.3,89.3,93.8,86.6
המרכזי בעמק,87.7,2022-01-11T00:00:00.000Z,94.9,71.4,74.6,72.8,71.3
כלל המוסדות,85.1,2022-01-11T00:00:00.000Z,90.3,74.4,93.6,92.5,86.9
הדסה הר הצופים,66.7,2022-01-11T00:00:00.000Z,72.6,64.8,81.6,76.4,65.2
רבין ק. השרון,45.6,2022-01-11T00:00:00.000Z,51,36,62.2,61.1,58.7
כלל המוסדות,80.7,2022-01-12T00:00:00.000Z,89.1,73.6,91.5,91.9,86.9
וולפסון,68,2022-01-12T00:00:00.000Z,72.7,63.7,73.4,77.1,68.7
ברזילי,75.5,2022-01-12T00:00:00.000Z,86.3,76.6,86.8,82.7,77.9
"רמב""ם",78.3,2022-01-12T00:00:00.000Z,92.8,78.9,91.7,92.7,95.4
שמואל הרופא,5.6,2022-01-12T00:00:00.000Z,67.5,77.4,90.9,98.9,72.5
הלל יפה,86.3,2022-01-12T00:00:00.000Z,91.5,80.9,87,83,89.6
בני ציון,89.3,2022-01-12T00:00:00.000Z,83.1,73,93.8,85.7,86.8
איכילוב,78.3,2022-01-12T00:00:00.000Z,84.2,65.9,137,134.8,127.8
רבין ק. בילינסון,81.9,2022-01-12T00:00:00.000Z,97.7,77.5,92.1,96.1,89
לניאדו,97.4,2022-01-12T00:00:00.000Z,103.1,98.9,119.2,117.7,86.1
פוריה,69.2,2022-01-12T00:00:00.000Z,77.5,50.9,77.2,75.8,67.8
יוספטל,175,2022-01-12T00:00:00.000Z,160.7,83.9,96.9,103.3,77.1
נהריה,107.4,2022-01-12T00:00:00.000Z,112.3,68.1,93.2,92.8,81.4
הכרמל,52.8,2022-01-12T00:00:00.000Z,63.7,63.1,83.4,87.4,86.3
שיבא,92.5,2022-01-12T00:00:00.000Z,99.2,75.7,98.7,106.3,95.5
זיו צפת,79.7,2022-01-12T00:00:00.000Z,98.9,97.1,84.1,77.2,76.8
שמיר,84.2,2022-01-12T00:00:00.000Z,93.7,69.3,77.2,77.5,65.8
הדסה עין כרם,114.6,2022-01-12T00:00:00.000Z,121.4,64.4,88,89.9,88.5
מעייני הישועה,92.9,2022-01-12T00:00:00.000Z,102.3,82.1,118.4,125,111.9
אסותא אשדוד,159.3,2022-01-12T00:00:00.000Z,157.1,153.8,143,137.2,136.6
קפלן,67.3,2022-01-12T00:00:00.000Z,79.3,66.1,86.9,87.4,92.1
שערי צדק,79.3,2022-01-12T00:00:00.000Z,91,69.2,109.8,106.9,100.1
סורוקה,60.1,2022-01-12T00:00:00.000Z,71.4,64.3,73.6,78.6,74.6
מאיר,71,2022-01-12T00:00:00.000Z,70.1,73.3,93.3,92.3,87.6
המרכזי בעמק,79.4,2022-01-12T00:00:00.000Z,93.4,71.5,75.4,72.2,71.6
הדסה הר הצופים,66.7,2022-01-12T00:00:00.000Z,72.2,63,79.9,75.6,63.7
רבין ק. השרון,46.5,2022-01-12T00:00:00.000Z,49.9,35.8,59.3,59.7,58.8
וולפסון,61.9,2022-01-13T00:00:00.000Z,72,62.5,70.6,76.2,68.7
ברזילי,63.5,2022-01-13T00:00:00.000Z,84.9,73.8,79.1,82.7,77.3
"רמב""ם",80.3,2022-01-13T00:00:00.000Z,90.2,78.4,88.3,91.5,95
שמואל הרופא,5.6,2022-01-13T00:00:00.000Z,54,77.4,85.9,97.2,72.1
הלל יפה,82.2,2022-01-13T00:00:00.000Z,91.5,78.1,84.7,83.6,89
בני ציון,84.3,2022-01-13T00:00:00.000Z,84.7,72.8,85.9,85.8,87.5
איכילוב,71,2022-01-13T00:00:00.000Z,82.6,66,125.9,133.7,128.6
רבין ק. בילינסון,78.4,2022-01-13T00:00:00.000Z,95.3,77.2,88.3,95,89
לניאדו,92.3,2022-01-13T00:00:00.000Z,100.7,97.4,119.2,118.3,86.1
פוריה,60.3,2022-01-13T00:00:00.000Z,77.7,51.8,70.4,77,68.2
יוספטל,162.5,2022-01-13T00:00:00.000Z,171.4,87.5,83.1,103.3,81.3
נהריה,93.7,2022-01-13T00:00:00.000Z,112.3,68.6,87.3,91.9,81.1
הכרמל,50.9,2022-01-13T00:00:00.000Z,60.6,62.4,77.9,85.9,85.6
שיבא,84.9,2022-01-13T00:00:00.000Z,98.1,74.3,94.9,105.1,95.3
זיו צפת,76.6,2022-01-13T00:00:00.000Z,94.4,97.8,69.7,77.5,76.2
שמיר,83,2022-01-13T00:00:00.000Z,92.7,68.3,76.3,77.2,65.7
הדסה עין כרם,97.1,2022-01-13T00:00:00.000Z,120.7,61.6,83.1,88.8,88.5
מעייני הישועה,92.9,2022-01-13T00:00:00.000Z,97.7,77.6,117.7,122.8,110.5
אסותא אשדוד,144.1,2022-01-13T00:00:00.000Z,157.6,152.3,133.4,137.4,135.5
קפלן,59.3,2022-01-13T00:00:00.000Z,77.2,65.1,77.2,86.8,92.3
שערי צדק,74,2022-01-13T00:00:00.000Z,89.6,68.2,102.4,107,99.6
סורוקה,54.3,2022-01-13T00:00:00.000Z,69.6,63.2,71.3,77.2,74.1
מאיר,71.5,2022-01-13T00:00:00.000Z,70.7,72.3,86.5,92.2,87.8
המרכזי בעמק,78.1,2022-01-13T00:00:00.000Z,91.7,70.5,67.3,72.2,72.4
כלל המוסדות,75.3,2022-01-13T00:00:00.000Z,87.8,72.7,86.3,91.2,86.7
הדסה הר הצופים,55.6,2022-01-13T00:00:00.000Z,72.2,64.7,71.2,75.5,64.1
רבין ק. השרון,53.5,2022-01-13T00:00:00.000Z,50.5,37.3,63.1,59,59.8
וולפסון,62.3,2022-01-14T00:00:00.000Z,71.1,62.3,66.3,75.6,69.4
ברזילי,69.3,2022-01-14T00:00:00.000Z,82.8,72.3,72.4,82.9,76.5
"רמב""ם",86.9,2022-01-14T00:00:00.000Z,89.1,78.4,81.3,90.6,95.1
שמואל הרופא,5.6,2022-01-14T00:00:00.000Z,40.5,78.2,82.1,95.1,72
הלל יפה,86.3,2022-01-14T00:00:00.000Z,91.3,76.8,80.4,84.4,89.2
בני ציון,77.7,2022-01-14T00:00:00.000Z,86.1,72,69.7,85.8,88.3
איכילוב,70,2022-01-14T00:00:00.000Z,80.8,65,105.8,132.5,128.8
רבין ק. בילינסון,77.1,2022-01-14T00:00:00.000Z,92.3,76.5,80.5,93.8,88.4
לניאדו,78.2,2022-01-14T00:00:00.000Z,99.1,95.4,94.4,118.3,86.9
פוריה,57.7,2022-01-14T00:00:00.000Z,75.5,52,64.2,77,68.5
יוספטל,162.5,2022-01-14T00:00:00.000Z,175,94.6,92.3,101.3,85.3
הכרמל,53.8,2022-01-14T00:00:00.000Z,58.5,62.1,75.1,84.5,85.1
נהריה,100.5,2022-01-14T00:00:00.000Z,110.8,69.7,84.4,90.8,80.1
שיבא,87,2022-01-14T00:00:00.000Z,95.8,72.2,90.1,103.1,94.4
זיו צפת,70.3,2022-01-14T00:00:00.000Z,90.4,98,59.9,76.5,75.4
שמיר,78.8,2022-01-14T00:00:00.000Z,91.4,68.8,68.5,77,66.7
הדסה עין כרם,106.8,2022-01-14T00:00:00.000Z,117.9,59.6,76.9,87.5,88.7
מעייני הישועה,87.5,2022-01-14T00:00:00.000Z,93.9,76,106,120.9,109.9
אסותא אשדוד,125.4,2022-01-14T00:00:00.000Z,154.7,151.3,113,136.3,135.7
קפלן,60.7,2022-01-14T00:00:00.000Z,74.1,64.7,75.3,85.4,92
שערי צדק,76.7,2022-01-14T00:00:00.000Z,86.7,68.5,94.5,106.5,99.6
סורוקה,50.4,2022-01-14T00:00:00.000Z,67.4,63.8,67,76.4,74.1
מאיר,73.5,2022-01-14T00:00:00.000Z,72,69.9,82.4,91.1,89.2
המרכזי בעמק,76.1,2022-01-14T00:00:00.000Z,90.3,71.5,60.9,71.9,73.3
כלל המוסדות,75.4,2022-01-14T00:00:00.000Z,86.2,72.4,78.7,90.4,86.9
הדסה הר הצופים,63.9,2022-01-14T00:00:00.000Z,71,68.7,62.8,74.8,64.2
רבין ק. השרון,50,2022-01-14T00:00:00.000Z,51.9,40.2,45.2,59.8,60.4
וולפסון,66.8,2022-01-15T00:00:00.000Z,70.1,61.8,71.3,75,70.2
ברזילי,79.7,2022-01-15T00:00:00.000Z,81,70.9,77.2,82.9,75.9
"רמב""ם",90.9,2022-01-15T00:00:00.000Z,88,77.3,84.2,90.1,95.5
שמואל הרופא,5.6,2022-01-15T00:00:00.000Z,28.6,77.8,83,92.7,72.1
הלל יפה,91.8,2022-01-15T00:00:00.000Z,90.2,72.7,84.7,85.3,87.9
בני ציון,83.5,2022-01-15T00:00:00.000Z,86.1,72.7,79.4,85.9,89.5
איכילוב,74.3,2022-01-15T00:00:00.000Z,79.6,64.8,116.5,131.1,129.8
רבין ק. בילינסון,84.6,2022-01-15T00:00:00.000Z,89.6,75.8,87.6,92.3,88.1
לניאדו,94.9,2022-01-15T00:00:00.000Z,96,94.3,104.7,117.9,87.9
פוריה,65.4,2022-01-15T00:00:00.000Z,71.8,52.9,65.1,76.4,68.7
יוספטל,187.5,2022-01-15T00:00:00.000Z,175,100,96.9,97.8,90.1
הכרמל,55.7,2022-01-15T00:00:00.000Z,57.5,61.9,78.9,84.1,84.4
נהריה,116.3,2022-01-15T00:00:00.000Z,110.6,70.8,91.5,91.3,79.5
שיבא,93.7,2022-01-15T00:00:00.000Z,95.3,71.4,95,100.7,93.6
זיו צפת,90.6,2022-01-15T00:00:00.000Z,85.9,98.2,72.6,75.5,75.5
שמיר,81.1,2022-01-15T00:00:00.000Z,89,68.8,71.7,76.3,67.4
הדסה עין כרם,107.8,2022-01-15T00:00:00.000Z,116.4,57.4,80.8,86.4,87.9
מעייני הישועה,92.9,2022-01-15T00:00:00.000Z,93.1,75.5,100,118.4,110.4
אסותא אשדוד,122,2022-01-15T00:00:00.000Z,151.6,152.5,107.8,134.3,136.4
קפלן,65.3,2022-01-15T00:00:00.000Z,71.4,63.6,80.6,84.6,91.3
שערי צדק,77.3,2022-01-15T00:00:00.000Z,84.2,69.3,97.9,106.9,99.7
סורוקה,55.8,2022-01-15T00:00:00.000Z,64.1,65.3,69.4,75.5,74.1
מאיר,75,2022-01-15T00:00:00.000Z,73.9,69,91.5,90.6,89.9
המרכזי בעמק,78.1,2022-01-15T00:00:00.000Z,88.5,72.4,68.2,71.5,74.4
כלל המוסדות,80.8,2022-01-15T00:00:00.000Z,84.6,72.2,83.6,89.9,87
הדסה הר הצופים,72.2,2022-01-15T00:00:00.000Z,69.8,69,63.9,74,63.5
רבין ק. השרון,47.4,2022-01-15T00:00:00.000Z,51.5,43.2,51.5,59.1,61.4
וולפסון,66.4,2022-01-16T00:00:00.000Z,68.8,62,77.9,74.3,70.7
ברזילי,74,2022-01-16T00:00:00.000Z,78.6,69.4,81,82.6,74.7
"רמב""ם",78.8,2022-01-16T00:00:00.000Z,87.2,77.2,87.9,89.7,96.1
שמואל הרופא,5.6,2022-01-16T00:00:00.000Z,16.7,77.8,81.2,90,72.6
הלל יפה,92.5,2022-01-16T00:00:00.000Z,88.7,72.2,92.4,86.1,87.9
בני ציון,76,2022-01-16T00:00:00.000Z,85.6,72.1,80.4,85.5,90.3
איכילוב,71.3,2022-01-16T00:00:00.000Z,77.7,64.6,131.2,129.7,130.6
רבין ק. בילינסון,75.8,2022-01-16T00:00:00.000Z,86.7,75.5,91.3,91,88.4
לניאדו,89.7,2022-01-16T00:00:00.000Z,94.3,94.1,115.6,117,89.1
פוריה,61.5,2022-01-16T00:00:00.000Z,70.5,54.2,71.3,75.5,69
יוספטל,200,2022-01-16T00:00:00.000Z,167.9,108.9,103.1,92.5,95.8
הכרמל,58.5,2022-01-16T00:00:00.000Z,56.2,61.9,85.7,84.1,84.7
נהריה,98.4,2022-01-16T00:00:00.000Z,109.2,72,89.5,90.7,79
שיבא,87,2022-01-16T00:00:00.000Z,93.8,71.4,96.3,99.6,94
זיו צפת,106.3,2022-01-16T00:00:00.000Z,83.9,97.8,83.3,75.1,76.2
שמיר,77.6,2022-01-16T00:00:00.000Z,86.7,69.9,77.3,76.1,68.2
הדסה עין כרם,96.1,2022-01-16T00:00:00.000Z,113.5,55.5,86,85.1,87.1
מעייני הישועה,107.1,2022-01-16T00:00:00.000Z,93.1,75.5,123.4,116,109.9
אסותא אשדוד,118.6,2022-01-16T00:00:00.000Z,148.9,153.5,121.5,133.1,136
קפלן,62,2022-01-16T00:00:00.000Z,68,63.9,87.1,83.7,91.2
שערי צדק,71.3,2022-01-16T00:00:00.000Z,81.7,69.1,109.8,106.6,99.8
סורוקה,58.1,2022-01-16T00:00:00.000Z,60.7,66.3,74.4,74.2,74.2
מאיר,70.5,2022-01-16T00:00:00.000Z,73.1,69.1,95.4,89.8,90.5
המרכזי בעמק,84.5,2022-01-16T00:00:00.000Z,85.4,73.8,71.8,70.7,74.6
כלל המוסדות,76.7,2022-01-16T00:00:00.000Z,82.6,72.3,89.3,89.1,87.3
הדסה הר הצופים,38.9,2022-01-16T00:00:00.000Z,68.7,70.2,63.2,72.9,63.5
רבין ק. השרון,46.5,2022-01-16T00:00:00.000Z,49.6,44.5,57.7,58.4,61.3
וולפסון,57,2022-01-17T00:00:00.000Z,67.3,61.6,77.3,73.8,70.9
ברזילי,76.6,2022-01-17T00:00:00.000Z,77.2,69.8,82.5,82,73.9
כלל המוסדות,73.8,2022-01-17T00:00:00.000Z,80.2,72.4,88.7,88.2,87.5
"רמב""ם",78.8,2022-01-17T00:00:00.000Z,85.1,77.3,87.4,88.4,96.6
שמואל הרופא,5.6,2022-01-17T00:00:00.000Z,7.1,78.6,80.6,87.3,73.1
הלל יפה,72.6,2022-01-17T00:00:00.000Z,88.6,72.6,85,86.5,88.3
בני ציון,70.2,2022-01-17T00:00:00.000Z,83.8,71.7,77.1,84.6,91.3
איכילוב,70.7,2022-01-17T00:00:00.000Z,75.7,64.5,130.8,128.3,131
רבין ק. בילינסון,72.7,2022-01-17T00:00:00.000Z,83.5,74.6,93.8,90.1,88.5
לניאדו,76.9,2022-01-17T00:00:00.000Z,93.2,93.2,107.2,114.9,89.9
פוריה,64.1,2022-01-17T00:00:00.000Z,67.4,55.7,74.4,73.4,68.5
יוספטל,212.5,2022-01-17T00:00:00.000Z,175,119.6,118.5,93.6,101.8
הכרמל,54.7,2022-01-17T00:00:00.000Z,55.4,63.1,82.4,83.5,85.3
נהריה,90,2022-01-17T00:00:00.000Z,106.3,73,84.5,90.2,78.9
שיבא,86.2,2022-01-17T00:00:00.000Z,90,70.4,97.4,97.3,94.2
זיו צפת,92.2,2022-01-17T00:00:00.000Z,85.9,96,83.6,75.1,75.4
שמיר,78,2022-01-17T00:00:00.000Z,84.1,70.5,75.6,75.9,68.9
הדסה עין כרם,101.9,2022-01-17T00:00:00.000Z,108.9,53.1,87.7,84.4,86.1
מעייני הישועה,108.9,2022-01-17T00:00:00.000Z,94.1,74,131,115.5,109.1
אסותא אשדוד,120.3,2022-01-17T00:00:00.000Z,141.2,154.7,130,130.1,136.8
קפלן,60.7,2022-01-17T00:00:00.000Z,65,65,90.1,84.1,90.8
שערי צדק,72.7,2022-01-17T00:00:00.000Z,78.7,68.9,105.6,106.4,100.3
סורוקה,54.7,2022-01-17T00:00:00.000Z,58.9,66.4,72.5,73.5,74.2
מאיר,71.5,2022-01-17T00:00:00.000Z,71.3,69.2,91.6,89.8,90.9
המרכזי בעמק,78.7,2022-01-17T00:00:00.000Z,83,74.2,69.4,70.4,74.9
הדסה הר הצופים,50,2022-01-17T00:00:00.000Z,62.3,70.2,71.9,71.4,63.4
רבין ק. השרון,43.9,2022-01-17T00:00:00.000Z,48.2,46.5,58.5,57.1,61.8
כלל המוסדות,71.3,2022-01-18T00:00:00.000Z,78.3,72,88.2,87.4,87.4
וולפסון,61.9,2022-01-18T00:00:00.000Z,64.8,61.1,79.5,73.4,70.8
ברזילי,75.5,2022-01-18T00:00:00.000Z,74.9,72,82.3,81,74
"רמב""ם",77.8,2022-01-18T00:00:00.000Z,83,77.3,82.1,87.4,96.3
שמואל הרופא,5.6,2022-01-18T00:00:00.000Z,5.6,79,75.7,85,73.6
הלל יפה,76.7,2022-01-18T00:00:00.000Z,86.9,72,84.5,86.2,87.7
בני ציון,72.7,2022-01-18T00:00:00.000Z,81.9,70.6,84.1,82.9,91.4
איכילוב,64.3,2022-01-18T00:00:00.000Z,73.7,63.6,129,126.8,131.4
רבין ק. בילינסון,75.3,2022-01-18T00:00:00.000Z,80.6,73.5,97.3,89.8,88.6
לניאדו,76.9,2022-01-18T00:00:00.000Z,89.7,91.2,114.5,112,90.5
פוריה,50,2022-01-18T00:00:00.000Z,65,57.3,71,72.4,68
יוספטל,187.5,2022-01-18T00:00:00.000Z,180.4,125,101.5,96.7,105.3
הכרמל,50,2022-01-18T00:00:00.000Z,54.7,63.7,86.5,81.9,85.4
נהריה,83.7,2022-01-18T00:00:00.000Z,102.6,73.5,83.3,88.4,78.8
שיבא,90.4,2022-01-18T00:00:00.000Z,89.2,69.5,102.1,96.6,94.2
זיו צפת,103.1,2022-01-18T00:00:00.000Z,86.2,94.9,83,76.1,74.6
שמיר,76.1,2022-01-18T00:00:00.000Z,81.9,70.5,74.4,75,69.3
הדסה עין כרם,97.1,2022-01-18T00:00:00.000Z,105.4,51,86.6,84.3,85.3
מעייני הישועה,107.1,2022-01-18T00:00:00.000Z,96.2,74,129.4,116.6,109.8
אסותא אשדוד,94.9,2022-01-18T00:00:00.000Z,135.6,157.1,98,127.9,138.5
קפלן,54.7,2022-01-18T00:00:00.000Z,63.2,65,85.5,83.8,89.7
שערי צדק,75.3,2022-01-18T00:00:00.000Z,76.2,69.1,111.5,105.4,101.3
סורוקה,58.1,2022-01-18T00:00:00.000Z,57.3,65.7,74.6,72.5,73.8
מאיר,55,2022-01-18T00:00:00.000Z,71.6,66.6,86.4,90,90
המרכזי בעמק,64.5,2022-01-18T00:00:00.000Z,80.4,74.1,65.3,69.7,74.3
הדסה הר הצופים,44.4,2022-01-18T00:00:00.000Z,59.1,69.8,70.8,70.6,63.5
רבין ק. השרון,42.1,2022-01-18T00:00:00.000Z,47.6,47.2,55.6,56.8,62.1
וולפסון,55.3,2022-01-19T00:00:00.000Z,63.5,61.1,80.1,73.8,70.7
ברזילי,75,2022-01-19T00:00:00.000Z,73.4,72.7,82.8,80.2,74.1
"רמב""ם",73.7,2022-01-19T00:00:00.000Z,81.7,76.6,81.8,86.1,95.5
שמואל הרופא,5.6,2022-01-19T00:00:00.000Z,5.6,78.2,71.8,82.8,73.9
הלל יפה,72.6,2022-01-19T00:00:00.000Z,84.1,72.1,80.6,85.5,88
בני ציון,62.8,2022-01-19T00:00:00.000Z,79.1,68.7,85.2,81.5,90.5
איכילוב,60,2022-01-19T00:00:00.000Z,71.4,61.4,131.2,125.2,130.5
רבין ק. בילינסון,71.8,2022-01-19T00:00:00.000Z,78,71.9,91.9,90.1,88.3
לניאדו,67.9,2022-01-19T00:00:00.000Z,86.6,89.9,107,110.7,91
פוריה,47.4,2022-01-19T00:00:00.000Z,61.2,56.4,67.3,70.5,66.9
יוספטל,137.5,2022-01-19T00:00:00.000Z,183.9,125,92.3,98.9,104.8
הכרמל,49.1,2022-01-19T00:00:00.000Z,53.8,63.5,86.5,81.4,84.7
נהריה,84.7,2022-01-19T00:00:00.000Z,98.6,73.5,84.8,87.7,79.2
שיבא,77.8,2022-01-19T00:00:00.000Z,88.8,67.6,97.8,96.4,94.2
זיו צפת,84.4,2022-01-19T00:00:00.000Z,88.4,93.5,76.9,76.6,74.4
שמיר,71.8,2022-01-19T00:00:00.000Z,79.8,70.2,76.9,74.4,69.1
הדסה עין כרם,90.3,2022-01-19T00:00:00.000Z,103.1,49.4,87.7,84.1,83.8
מעייני הישועה,103.6,2022-01-19T00:00:00.000Z,98.5,76,128.5,118,110.4
אסותא אשדוד,108.5,2022-01-19T00:00:00.000Z,126.4,159.8,135.8,121,138.2
קפלן,57.3,2022-01-19T00:00:00.000Z,61.4,64.8,82.7,83.2,88.5
שערי צדק,68.7,2022-01-19T00:00:00.000Z,75.2,70,111.8,104.5,101.7
סורוקה,50,2022-01-19T00:00:00.000Z,55.9,65.5,72.5,71.8,73.6
מאיר,54.5,2022-01-19T00:00:00.000Z,69.7,63.3,85.6,89.6,88.8
המרכזי בעמק,58.7,2022-01-19T00:00:00.000Z,77.1,74,61.6,68.3,73.7
כלל המוסדות,66.7,2022-01-19T00:00:00.000Z,76.3,71.3,87.6,86.6,87.1
הדסה הר הצופים,36.1,2022-01-19T00:00:00.000Z,56,69.8,71.9,69.1,64.1
רבין ק. השרון,44.7,2022-01-19T00:00:00.000Z,47.1,47,54.8,55.8,61.6
כלל המוסדות,63.8,2022-01-20T00:00:00.000Z,74.3,70.5,83.3,86.1,86.8
וולפסון,44.7,2022-01-20T00:00:00.000Z,61.7,60.5,71.6,74.7,70.4
ברזילי,70.3,2022-01-20T00:00:00.000Z,73.4,72.6,76.5,79.6,74.4
"רמב""ם",72.7,2022-01-20T00:00:00.000Z,81,74.5,80.7,84.7,94.3
שמואל הרופא,5.6,2022-01-20T00:00:00.000Z,5.6,76.2,71.3,80.1,74.2
הלל יפה,67.8,2022-01-20T00:00:00.000Z,82.1,72,73.4,84.6,88.5
בני ציון,58.7,2022-01-20T00:00:00.000Z,75.3,66,77.6,80.3,88.5
איכילוב,62.3,2022-01-20T00:00:00.000Z,68.8,60.1,124.6,124.3,129.5
רבין ק. בילינסון,67,2022-01-20T00:00:00.000Z,76.5,70,85.3,90.1,87.6
לניאדו,69.2,2022-01-20T00:00:00.000Z,82.4,88.1,111.1,109,92
פוריה,44.9,2022-01-20T00:00:00.000Z,58.1,57,66.2,69.1,67.1
יוספטל,112.5,2022-01-20T00:00:00.000Z,178.6,123.2,81.5,98.2,100.7
הכרמל,55.7,2022-01-20T00:00:00.000Z,53.2,63.5,84.5,81.9,84.9
נהריה,76.3,2022-01-20T00:00:00.000Z,95.3,73.8,81.4,86.5,79.6
שיבא,84.9,2022-01-20T00:00:00.000Z,86.7,66.9,96.4,96.2,94.5
זיו צפת,71.9,2022-01-20T00:00:00.000Z,89.1,91.3,75.2,75.6,73.4
שמיר,68,2022-01-20T00:00:00.000Z,78,70.8,73.1,74.4,69.4
הדסה עין כרם,89.3,2022-01-20T00:00:00.000Z,99.6,50.3,84.3,84.1,83.2
מעייני הישועה,107.1,2022-01-20T00:00:00.000Z,100,76.3,119.9,119.4,111.2
אסותא אשדוד,111.9,2022-01-20T00:00:00.000Z,119.1,162.7,136.2,119.9,136.9
קפלן,52.7,2022-01-20T00:00:00.000Z,60,62.1,77.9,82.6,87.5
שערי צדק,62.7,2022-01-20T00:00:00.000Z,73.7,70.5,100.9,104.8,101.8
סורוקה,42.2,2022-01-20T00:00:00.000Z,54.5,64.4,65.6,71.7,73.6
מאיר,49.5,2022-01-20T00:00:00.000Z,67.4,60.4,82.8,88.5,87.6
המרכזי בעמק,56.1,2022-01-20T00:00:00.000Z,74.1,74.3,58.5,66.4,73.6
הדסה הר הצופים,33.3,2022-01-20T00:00:00.000Z,51.6,68.3,64.6,68,64.7
רבין ק. השרון,53.5,2022-01-20T00:00:00.000Z,46.9,47.5,52.3,55.2,61.5
וולפסון,47.5,2022-01-21T00:00:00.000Z,59.2,59.4,64.7,74.9,69.8
ברזילי,68.8,2022-01-21T00:00:00.000Z,74.3,72.7,72.4,79.2,75
"רמב""ם",74.2,2022-01-21T00:00:00.000Z,79.9,73.1,76.6,83.6,93.4
שמואל הרופא,5.6,2022-01-21T00:00:00.000Z,5.6,74.2,68.6,78,74.3
הלל יפה,72.6,2022-01-21T00:00:00.000Z,80,70.5,74,83,88.4
בני ציון,53.7,2022-01-21T00:00:00.000Z,71.7,63.5,64.9,79.1,86.3
איכילוב,56.3,2022-01-21T00:00:00.000Z,67.6,59.7,114.3,124.2,128.8
רבין ק. בילינסון,64.8,2022-01-21T00:00:00.000Z,74.9,68.7,81.5,89.7,86.8
לניאדו,76.9,2022-01-21T00:00:00.000Z,79.1,85.9,100.8,107.8,91.2
פוריה,51.3,2022-01-21T00:00:00.000Z,55.9,54,63.1,68.5,66.5
יוספטל,112.5,2022-01-21T00:00:00.000Z,171.4,126.8,70.8,98,98.9
הכרמל,50,2022-01-21T00:00:00.000Z,53.9,63.3,71.4,82.8,84.6
נהריה,82.6,2022-01-21T00:00:00.000Z,92.9,73.8,76.3,85.6,79.5
שיבא,85.4,2022-01-21T00:00:00.000Z,86.7,66,97.7,96.4,94.6
זיו צפת,71.9,2022-01-21T00:00:00.000Z,88.4,87.1,60.8,76.4,72.5
שמיר,68,2022-01-21T00:00:00.000Z,75.9,70.1,68,73.9,69.3
הדסה עין כרם,92.2,2022-01-21T00:00:00.000Z,98.5,51.5,75,84.3,82.2
מעייני הישועה,85.7,2022-01-21T00:00:00.000Z,102,76,103.8,119.8,111.1
אסותא אשדוד,98.3,2022-01-21T00:00:00.000Z,114.5,163.7,111.9,120.3,135.2
קפלן,57.3,2022-01-21T00:00:00.000Z,59,58,74.6,82.7,86.2
שערי צדק,63.3,2022-01-21T00:00:00.000Z,72.1,69.5,92.1,104.6,101.6
סורוקה,46.5,2022-01-21T00:00:00.000Z,52.8,63,63.9,70.9,73.3
מאיר,54.5,2022-01-21T00:00:00.000Z,64.2,57.6,78.3,88,85.7
המרכזי בעמק,61.3,2022-01-21T00:00:00.000Z,71,72.9,55.9,65.1,73
כלל המוסדות,64.3,2022-01-21T00:00:00.000Z,72.6,69.4,77.7,85.6,86.3
הדסה הר הצופים,30.6,2022-01-21T00:00:00.000Z,48.4,66.3,62.8,67,64.7
רבין ק. השרון,50,2022-01-21T00:00:00.000Z,46.9,47.4,41.1,53.6,61.2
וולפסון,54.1,2022-01-22T00:00:00.000Z,57.1,58.5,66.9,74.6,69
ברזילי,74.5,2022-01-22T00:00:00.000Z,74.3,73.5,78.5,79.2,75.5
"רמב""ם",72.2,2022-01-22T00:00:00.000Z,78.1,71.4,77.7,83,92.2
שמואל הרופא,5.6,2022-01-22T00:00:00.000Z,5.6,72.6,70.4,76,74.2
הלל יפה,77.4,2022-01-22T00:00:00.000Z,78.1,70.5,76.3,82.1,88.5
בני ציון,58.7,2022-01-22T00:00:00.000Z,68.2,61.3,73.2,78.4,84.7
איכילוב,60.3,2022-01-22T00:00:00.000Z,65.6,60,120.8,125.4,127.5
רבין ק. בילינסון,73.1,2022-01-22T00:00:00.000Z,73.1,68.3,88.2,89.8,86
לניאדו,93.6,2022-01-22T00:00:00.000Z,78.9,83,108.4,108.7,91.2
פוריה,62.8,2022-01-22T00:00:00.000Z,54.9,51.5,66.8,68.3,66.2
יוספטל,125,2022-01-22T00:00:00.000Z,164.3,125,83.1,94.9,94.7
הכרמל,54.7,2022-01-22T00:00:00.000Z,53.4,63.1,77.1,82.3,85.3
נהריה,90.5,2022-01-22T00:00:00.000Z,90.3,74.7,84.1,84.5,80
זיו צפת,89.1,2022-01-22T00:00:00.000Z,88.6,88.4,68.6,76.5,72.1
שמיר,72.6,2022-01-22T00:00:00.000Z,74.4,70.1,74,73.9,69.1
הדסה עין כרם,101,2022-01-22T00:00:00.000Z,96.4,52.8,80.2,84,81.9
מעייני הישועה,80.4,2022-01-22T00:00:00.000Z,101.8,75.8,98.7,119.4,111
אסותא אשדוד,96.6,2022-01-22T00:00:00.000Z,110.7,163.9,110.6,120.2,133.7
קפלן,61.3,2022-01-22T00:00:00.000Z,58.6,54.4,84.1,82.6,85
שערי צדק,67.3,2022-01-22T00:00:00.000Z,70.2,67.8,96.5,104.2,101.6
סורוקה,55.8,2022-01-22T00:00:00.000Z,52.2,61,72,70.4,72.8
מאיר,54,2022-01-22T00:00:00.000Z,61.5,56.1,84.4,87.4,84.4
המרכזי בעמק,72.9,2022-01-22T00:00:00.000Z,68.8,70.9,64.2,64.4,71.9
כלל המוסדות,68.5,2022-01-22T00:00:00.000Z,71.1,68.6,80.9,85.5,85.8
הדסה הר הצופים,36.1,2022-01-22T00:00:00.000Z,43.7,69,72.9,67,64.8
רבין ק. השרון,53.5,2022-01-22T00:00:00.000Z,46.9,47.2,47.3,53.1,60.7
וולפסון,49.6,2022-01-23T00:00:00.000Z,55.3,57.6,72.9,74,68.6
ברזילי,78.1,2022-01-23T00:00:00.000Z,73.5,73.7,81.1,79.4,76.1
"רמב""ם",75.3,2022-01-23T00:00:00.000Z,75.5,70.2,87.6,82,91.3
שמואל הרופא,5.6,2022-01-23T00:00:00.000Z,5.6,71,74.2,74.2,73.9
הלל יפה,82.2,2022-01-23T00:00:00.000Z,76,70.9,78.3,80.9,88
בני ציון,64.5,2022-01-23T00:00:00.000Z,64.7,59.7,76.4,77.5,84.3
איכילוב,61.7,2022-01-23T00:00:00.000Z,63.6,60,132.8,126,126.9
רבין ק. בילינסון,77.1,2022-01-23T00:00:00.000Z,71.5,67.2,93.3,89.9,85.5
לניאדו,94.9,2022-01-23T00:00:00.000Z,78.8,81.3,119.5,109.2,90.5
פוריה,59,2022-01-23T00:00:00.000Z,54.6,50.7,79.4,68.6,66.5
יוספטל,75,2022-01-23T00:00:00.000Z,155.4,123.2,64.6,93,89
הכרמל,57.5,2022-01-23T00:00:00.000Z,53.2,62.7,81,82,84.9
נהריה,82.6,2022-01-23T00:00:00.000Z,86.6,74.4,88.2,83.4,80.5
שיבא,87.4,2022-01-23T00:00:00.000Z,86.5,64.9,101.2,97.5,94.7
זיו צפת,110.9,2022-01-23T00:00:00.000Z,88.4,88.8,82.7,75.9,71.8
שמיר,75.7,2022-01-23T00:00:00.000Z,73.1,69.6,79.5,74.2,68.7
הדסה עין כרם,92.2,2022-01-23T00:00:00.000Z,95.4,54,81,83.9,82.2
מעייני הישועה,87.5,2022-01-23T00:00:00.000Z,100,73.5,109.8,119.3,111.5
אסותא אשדוד,111.9,2022-01-23T00:00:00.000Z,107,162.7,124.9,120.6,133.6
קפלן,66.7,2022-01-23T00:00:00.000Z,58,50.7,87.5,83.1,83.2
שערי צדק,70,2022-01-23T00:00:00.000Z,68.8,67.1,107.5,104,101.1
סורוקה,68.2,2022-01-23T00:00:00.000Z,52.2,60,75.3,70.8,72.3
מאיר,58.5,2022-01-23T00:00:00.000Z,58.5,54.4,92,86.4,83.8
המרכזי בעמק,79.4,2022-01-23T00:00:00.000Z,68.1,68.5,71.2,63.8,72.2
כלל המוסדות,71.9,2022-01-23T00:00:00.000Z,69.3,67.7,88.4,85.1,85.5
הדסה הר הצופים,38.9,2022-01-23T00:00:00.000Z,38.5,72.6,73.3,68.3,65.4
רבין ק. השרון,42.1,2022-01-23T00:00:00.000Z,47.7,48.4,51.9,52.5,61.5
וולפסון,46.7,2022-01-24T00:00:00.000Z,52.9,57.3,70.3,73.3,68.3
ברזילי,69.8,2022-01-24T00:00:00.000Z,74.1,73.1,80.3,79.4,76.4
"רמב""ם",71.2,2022-01-24T00:00:00.000Z,75,69,88.5,82,90.2
שמואל הרופא,5.6,2022-01-24T00:00:00.000Z,5.6,69.4,76.8,73.2,73.5
הלל יפה,79.5,2022-01-24T00:00:00.000Z,74.6,69.8,82.1,78.9,87.1
בני ציון,59.5,2022-01-24T00:00:00.000Z,63,57.7,74.6,76.9,83.2
איכילוב,60.3,2022-01-24T00:00:00.000Z,62.2,60,135,126.2,126.6
רבין ק. בילינסון,77.1,2022-01-24T00:00:00.000Z,71.7,67.3,92.6,90.2,84.9
לניאדו,85.9,2022-01-24T00:00:00.000Z,79.5,80.2,106.7,109.8,90
פוריה,44.9,2022-01-24T00:00:00.000Z,54.2,50,74.1,69.7,67
יוספטל,75,2022-01-24T00:00:00.000Z,137.5,119.6,70.8,87.5,83.7
הכרמל,53.8,2022-01-24T00:00:00.000Z,53.1,61.2,85.3,81.3,83.9
נהריה,71.1,2022-01-24T00:00:00.000Z,84.4,74.3,86.8,83.2,80.9
שיבא,84.5,2022-01-24T00:00:00.000Z,85.6,64.8,101.8,98.4,94.9
זיו צפת,103.1,2022-01-24T00:00:00.000Z,89.1,89.3,83,75.8,71.9
שמיר,74.5,2022-01-24T00:00:00.000Z,72.9,69.2,80.6,74.5,68.4
הדסה עין כרם,101.9,2022-01-24T00:00:00.000Z,94.9,54.6,86.8,83.2,82.5
מעייני הישועה,76.8,2022-01-24T00:00:00.000Z,97.2,72.4,117.1,117.3,112.6
אסותא אשדוד,115.3,2022-01-24T00:00:00.000Z,106.1,162,124.6,121.1,133.8
קפלן,70.7,2022-01-24T00:00:00.000Z,58.7,47,86.7,83.2,81.6
שערי צדק,66,2022-01-24T00:00:00.000Z,68.6,66.5,111.7,103.7,100.2
סורוקה,69,2022-01-24T00:00:00.000Z,53.7,59.6,78.9,70.9,72
מאיר,50,2022-01-24T00:00:00.000Z,56.8,52.9,85,85.9,83.1
המרכזי בעמק,86.5,2022-01-24T00:00:00.000Z,67.4,66.1,75.1,63.7,71.9
הדסה הר הצופים,44.4,2022-01-24T00:00:00.000Z,38.5,77,75.3,69.7,66.5
כלל המוסדות,69.3,2022-01-24T00:00:00.000Z,68.6,66.9,89.1,85,85.1
רבין ק. השרון,43,2022-01-24T00:00:00.000Z,47.1,49.5,53.9,51.6,62.2
וולפסון,47.1,2022-01-25T00:00:00.000Z,51.4,57.5,73.4,72.3,68.6
ברזילי,69.3,2022-01-25T00:00:00.000Z,73.1,72.8,75,79.1,76.9
כלל המוסדות,66.3,2022-01-25T00:00:00.000Z,68,66.6,89.3,85,85
"רמב""ם",71.7,2022-01-25T00:00:00.000Z,73.9,68,86.2,82.1,90.2
שמואל הרופא,5.6,2022-01-25T00:00:00.000Z,5.6,68.7,79.5,72.7,73.3
הלל יפה,77.4,2022-01-25T00:00:00.000Z,75.5,68.9,84.3,78.4,87.4
בני ציון,64.5,2022-01-25T00:00:00.000Z,61.5,56.6,77.1,76.6,82.5
איכילוב,58.3,2022-01-25T00:00:00.000Z,60.8,60,135.5,126.8,126.4
הדסה עין כרם,100,2022-01-25T00:00:00.000Z,94.9,54.4,91.1,83.1,83
רבין ק. בילינסון,72.2,2022-01-25T00:00:00.000Z,72.3,67.5,91.1,90,84.3
לניאדו,71.8,2022-01-25T00:00:00.000Z,80.8,80.6,107,109.7,89.8
פוריה,44.9,2022-01-25T00:00:00.000Z,51.5,47.1,65.9,69.7,67
יוספטל,62.5,2022-01-25T00:00:00.000Z,117.9,117.9,67.7,80.7,80.7
הכרמל,54.7,2022-01-25T00:00:00.000Z,53,60.5,81.8,81.7,84
נהריה,61.6,2022-01-25T00:00:00.000Z,81.7,74.5,84,83.6,81.7
שיבא,82.4,2022-01-25T00:00:00.000Z,85.2,64.6,102.5,99.2,94.8
זיו צפת,98.4,2022-01-25T00:00:00.000Z,90.6,87.9,87.9,75.8,72.4
שמיר,70.7,2022-01-25T00:00:00.000Z,72.4,69.2,81.4,75.2,68
מעייני הישועה,66.1,2022-01-25T00:00:00.000Z,92.6,70.7,120.6,115.3,112
אסותא אשדוד,100,2022-01-25T00:00:00.000Z,105.3,160.3,124.2,120.3,134.5
קפלן,74,2022-01-25T00:00:00.000Z,60.1,44.4,88.3,82.7,80.5
שערי צדק,62.7,2022-01-25T00:00:00.000Z,67.6,65.9,114.1,104.6,99.5
סורוקה,60.5,2022-01-25T00:00:00.000Z,55.7,58.9,77.7,71.8,71.4
מאיר,54.5,2022-01-25T00:00:00.000Z,53.7,53.9,90.5,84.9,83.5
המרכזי בעמק,73.5,2022-01-25T00:00:00.000Z,68.5,65,72.6,64.5,72.4
הדסה הר הצופים,36.1,2022-01-25T00:00:00.000Z,37.7,81.3,71.5,70.2,67.3
רבין ק. השרון,40.4,2022-01-25T00:00:00.000Z,47,51.1,53.1,51,62.5
כלל המוסדות,64,2022-01-26T00:00:00.000Z,67.3,66.7,87.5,85.2,85
וולפסון,51.6,2022-01-26T00:00:00.000Z,49.3,58.3,73.1,71.4,69.4
ברזילי,63,2022-01-26T00:00:00.000Z,72.2,74.3,73.3,78.1,77.1
"רמב""ם",68.7,2022-01-26T00:00:00.000Z,73,68.3,86.9,82.7,90.1
שמואל הרופא,5.6,2022-01-26T00:00:00.000Z,5.6,69,81.8,73.2,73.1
הלל יפה,71.9,2022-01-26T00:00:00.000Z,75.6,68.5,79,78.4,86.4
בני ציון,67.8,2022-01-26T00:00:00.000Z,60.3,55.8,78.5,75.6,82.3
איכילוב,57.7,2022-01-26T00:00:00.000Z,59.9,60.3,133.3,127.7,127
הדסה עין כרם,92.2,2022-01-26T00:00:00.000Z,95.3,54.9,88.4,83.7,84.5
רבין ק. בילינסון,73.1,2022-01-26T00:00:00.000Z,71.9,69.2,90.1,89.1,84.3
לניאדו,59,2022-01-26T00:00:00.000Z,80,78.8,111.7,108.6,88.8
פוריה,52.6,2022-01-26T00:00:00.000Z,50.7,48.5,70.7,69,67.5
יוספטל,75,2022-01-26T00:00:00.000Z,100,112.5,64.6,75.8,79.1
הכרמל,38.7,2022-01-26T00:00:00.000Z,53.6,59.8,77.1,81.1,83.9
נהריה,68.4,2022-01-26T00:00:00.000Z,78.5,74.7,88.5,83.7,82
שיבא,76.6,2022-01-26T00:00:00.000Z,84.7,64.3,99.2,99.9,94.3
זיו צפת,84.4,2022-01-26T00:00:00.000Z,90,85.5,81.8,76.5,73.1
שמיר,66.4,2022-01-26T00:00:00.000Z,71.6,69.8,79.5,76.2,68.7
מעייני הישועה,60.7,2022-01-26T00:00:00.000Z,86.7,70.7,100.9,114.1,111.5
אסותא אשדוד,103.4,2022-01-26T00:00:00.000Z,106.1,158.1,125.3,124,135.8
קפלן,70,2022-01-26T00:00:00.000Z,62.9,41.4,90.5,83.1,79.3
שערי צדק,69.3,2022-01-26T00:00:00.000Z,65.8,65.1,109.4,104.9,98.8
סורוקה,53.1,2022-01-26T00:00:00.000Z,56,58.9,72.2,72.3,71.1
מאיר,52,2022-01-26T00:00:00.000Z,53.6,55.5,88.8,85.5,83.2
המרכזי בעמק,67.1,2022-01-26T00:00:00.000Z,69.8,64.9,68.1,65.6,73
הדסה הר הצופים,50,2022-01-26T00:00:00.000Z,36.5,83.7,72.2,70.3,67.4
רבין ק. השרון,42.1,2022-01-26T00:00:00.000Z,46.7,50.9,56,50.6,62.3
הכרמל,33,2022-01-27T00:00:00.000Z,52.2,58.6,76.9,79.7,83.1
וולפסון,43.4,2022-01-27T00:00:00.000Z,48.8,59.1,68.4,70.4,70.2
ברזילי,58.9,2022-01-27T00:00:00.000Z,70.5,75.8,70.7,76.7,77.3
"רמב""ם",71.2,2022-01-27T00:00:00.000Z,72.3,67.7,83.4,83.5,90.1
שמואל הרופא,5.6,2022-01-27T00:00:00.000Z,5.6,71,82.7,74.7,73.1
הלל יפה,64.4,2022-01-27T00:00:00.000Z,75.5,68,75,78.2,84.4
בני ציון,58.7,2022-01-27T00:00:00.000Z,61,55.6,70.9,74.6,82.7
איכילוב,57,2022-01-27T00:00:00.000Z,59.6,60.3,123.1,128,127.5
הדסה עין כרם,90.3,2022-01-27T00:00:00.000Z,95.6,54.4,84,83.8,85
רבין ק. בילינסון,68.3,2022-01-27T00:00:00.000Z,72.1,71.1,84.3,88.9,84.7
לניאדו,67.9,2022-01-27T00:00:00.000Z,78.8,78.6,116.4,109.3,86.6
פוריה,44.9,2022-01-27T00:00:00.000Z,51.5,49.1,63.1,69.5,67
יוספטל,75,2022-01-27T00:00:00.000Z,91.1,116.1,47.7,71.9,81.3
נהריה,70.5,2022-01-27T00:00:00.000Z,76.2,74.8,81,84.2,81.7
שיבא,77.4,2022-01-27T00:00:00.000Z,82.7,66.2,96.1,99.5,94.5
זיו צפת,60.9,2022-01-27T00:00:00.000Z,90,87.1,67.4,77.2,74.9
שמיר,59.1,2022-01-27T00:00:00.000Z,70.8,70.5,74.2,76.6,68.9
אסותא אשדוד,105.1,2022-01-27T00:00:00.000Z,105.3,156.2,126.6,122.5,138.2
קפלן,60.7,2022-01-27T00:00:00.000Z,64.7,41.1,80.9,84.2,78.9
שערי צדק,67.3,2022-01-27T00:00:00.000Z,65.9,65.3,100.1,104.6,98.9
סורוקה,46.5,2022-01-27T00:00:00.000Z,56.5,59.1,70.2,72.2,70.8
מאיר,57,2022-01-27T00:00:00.000Z,53.3,57.1,80.5,86,82.5
המרכזי בעמק,60,2022-01-27T00:00:00.000Z,71,65.1,65.3,66.5,73
הדסה הר הצופים,47.2,2022-01-27T00:00:00.000Z,38.5,85.7,71.5,70.4,66.9
כלל המוסדות,60.7,2022-01-27T00:00:00.000Z,66.9,67,82.4,85.2,85
רבין ק. השרון,43,2022-01-27T00:00:00.000Z,46.4,49.4,53.1,50.8,61.5
כלל המוסדות,63.7,2022-01-28T00:00:00.000Z,66.4,67.7,77.3,85.1,85.1
הכרמל,33,2022-01-28T00:00:00.000Z,48.9,58.1,76.1,78.6,82.7
וולפסון,47.1,2022-01-28T00:00:00.000Z,48.6,60.4,69.5,69.9,71.3
ברזילי,67.2,2022-01-28T00:00:00.000Z,68.9,76.9,69.9,75.9,77.1
"רמב""ם",71.7,2022-01-28T00:00:00.000Z,72.1,67.5,77.2,83.8,90.3
שמואל הרופא,5.6,2022-01-28T00:00:00.000Z,5.6,73.4,81.8,76.3,72.9
הלל יפה,67.8,2022-01-28T00:00:00.000Z,75,69.1,73,78.4,83.9
בני ציון,57.9,2022-01-28T00:00:00.000Z,61,56.3,64.4,73.7,82.8
המרכזי בעמק,69,2022-01-28T00:00:00.000Z,71.5,65.9,65,67.5,73.3
איכילוב,55.7,2022-01-28T00:00:00.000Z,58.8,60.2,106.4,127.8,127.8
הדסה עין כרם,92.2,2022-01-28T00:00:00.000Z,95.7,53.7,76.3,83.8,85.1
רבין ק. בילינסון,67,2022-01-28T00:00:00.000Z,72.2,72.8,81.4,88.7,85.6
לניאדו,69.2,2022-01-28T00:00:00.000Z,78.6,81,95.3,110.1,86
פוריה,48.7,2022-01-28T00:00:00.000Z,51.5,51.6,61.1,69,66.8
יוספטל,62.5,2022-01-28T00:00:00.000Z,85.7,110.7,56.9,67,80
נהריה,74.7,2022-01-28T00:00:00.000Z,75.3,74.1,75.5,84.1,81.5
שיבא,79.1,2022-01-28T00:00:00.000Z,82.7,65.7,91.9,99.3,94
זיו צפת,82.8,2022-01-28T00:00:00.000Z,88.4,90.2,63.7,76,75.8
שמיר,63.3,2022-01-28T00:00:00.000Z,69.6,70.8,69.2,76.7,69
אסותא אשדוד,100,2022-01-28T00:00:00.000Z,104.4,154.7,106.5,121.2,139.6
קפלן,61.3,2022-01-28T00:00:00.000Z,65.8,43.7,74.6,84.7,80.1
שערי צדק,69.3,2022-01-28T00:00:00.000Z,66.6,66.4,93.6,104.5,98.7
סורוקה,55.4,2022-01-28T00:00:00.000Z,57.1,59.9,66.8,72.9,71.3
מאיר,61,2022-01-28T00:00:00.000Z,54.4,59.1,79.7,85.6,82.3
הדסה הר הצופים,41.7,2022-01-28T00:00:00.000Z,40.5,85.7,67.7,71.4,67.5
רבין ק. השרון,43.9,2022-01-28T00:00:00.000Z,44.9,48.1,44,50.9,61.7
הכרמל,35.8,2022-01-29T00:00:00.000Z,46.5,58,80.6,79.3,82.4
וולפסון,54.9,2022-01-29T00:00:00.000Z,48.5,61.4,73.4,70.6,71.6
ברזילי,74,2022-01-29T00:00:00.000Z,68.7,79.5,71.5,75.5,77.4
"רמב""ם",71.2,2022-01-29T00:00:00.000Z,71.7,67.9,79.2,83.9,90.7
שמואל הרופא,5.6,2022-01-29T00:00:00.000Z,5.6,76.2,82.4,78.2,72.9
הלל יפה,79.5,2022-01-29T00:00:00.000Z,74.4,69.7,79.6,78.3,83.8
בני ציון,62,2022-01-29T00:00:00.000Z,61.6,56.7,73.7,73.6,82.1
המרכזי בעמק,81.3,2022-01-29T00:00:00.000Z,72.6,67.1,71,68.8,73.9
איכילוב,60.3,2022-01-29T00:00:00.000Z,58.7,59.4,119.2,126.7,127.6
הדסה עין כרם,97.1,2022-01-29T00:00:00.000Z,95.7,53.3,79.6,84,85.4
רבין ק. בילינסון,74.9,2022-01-29T00:00:00.000Z,72.6,74.1,88.3,88.7,86.8
לניאדו,88.5,2022-01-29T00:00:00.000Z,77.5,83.3,106.4,109.3,86.5
פוריה,44.9,2022-01-29T00:00:00.000Z,51.1,52,65.1,68.7,66.7
יוספטל,75,2022-01-29T00:00:00.000Z,78.6,105.4,53.8,65.1,77.8
נהריה,78.4,2022-01-29T00:00:00.000Z,74.2,72.7,81.4,84,81.3
שיבא,80.3,2022-01-29T00:00:00.000Z,81.8,64.5,94.9,98.6,93.4
זיו צפת,90.6,2022-01-29T00:00:00.000Z,90,87.7,71.2,76.5,75.1
שמיר,68.7,2022-01-29T00:00:00.000Z,68.9,71,71.4,76.9,69.4
אסותא אשדוד,93.2,2022-01-29T00:00:00.000Z,104.6,154.7,99.7,120.4,140.8
קפלן,66,2022-01-29T00:00:00.000Z,66.4,46.2,81.8,84.7,81.3
שערי צדק,72,2022-01-29T00:00:00.000Z,67.4,67.6,98.2,104.7,98.2
סורוקה,58.9,2022-01-29T00:00:00.000Z,58.4,60.2,70.9,73.3,71.1
מאיר,61,2022-01-29T00:00:00.000Z,55.3,59.6,85.7,85.8,81.9
הדסה הר הצופים,52.8,2022-01-29T00:00:00.000Z,42.1,86.5,74,72.1,68.3
כלל המוסדות,68.6,2022-01-29T00:00:00.000Z,66.3,68.1,82.2,85,85.2
רבין ק. השרון,50,2022-01-29T00:00:00.000Z,44,46.6,53.5,51.3,61.1
הכרמל,34.9,2022-01-30T00:00:00.000Z,43.8,57.7,82.2,79.8,82.4
וולפסון,57.4,2022-01-30T00:00:00.000Z,48.7,63,82.4,71.6,71.7
ברזילי,75,2022-01-30T00:00:00.000Z,68.6,81.3,79.5,74.6,77.8
"רמב""ם",65.7,2022-01-30T00:00:00.000Z,71.6,67.7,84.2,84.1,90.3
שמואל הרופא,5.6,2022-01-30T00:00:00.000Z,5.6,78.6,83.9,79.9,73
הלל יפה,78.8,2022-01-30T00:00:00.000Z,74.7,68.7,83.9,78.8,83.4
בני ציון,61.2,2022-01-30T00:00:00.000Z,62.1,56.9,80.1,73.7,81.4
המרכזי בעמק,79.4,2022-01-30T00:00:00.000Z,73.8,68,72.3,69.8,73.8
איכילוב,65,2022-01-30T00:00:00.000Z,58.7,58.7,137.7,126.5,127.2
הדסה עין כרם,94.2,2022-01-30T00:00:00.000Z,95.1,53.1,83.6,83.9,85.3
רבין ק. בילינסון,75.3,2022-01-30T00:00:00.000Z,72.8,75.1,91.9,88.7,87
לניאדו,70.5,2022-01-30T00:00:00.000Z,76.7,84.2,119.2,109,88.1
פוריה,51.3,2022-01-30T00:00:00.000Z,48.5,53.1,71.3,68.5,66.2
יוספטל,112.5,2022-01-30T00:00:00.000Z,71.4,105.4,55.4,60.9,77.1
נהריה,70.5,2022-01-30T00:00:00.000Z,72.5,72.4,84.4,83.6,80.7
שיבא,85.8,2022-01-30T00:00:00.000Z,81.1,64.6,101.4,98.2,92.6
זיו צפת,104.7,2022-01-30T00:00:00.000Z,90.2,86.4,77.8,76.8,75.3
שמיר,78,2022-01-30T00:00:00.000Z,68.3,70.4,81.6,76.5,70
אסותא אשדוד,100,2022-01-30T00:00:00.000Z,104.1,155.7,130,118.8,142.6
קפלן,79.3,2022-01-30T00:00:00.000Z,67,49,89,84.3,82.7
שערי צדק,68.7,2022-01-30T00:00:00.000Z,68.1,68.4,108.3,104.9,98.2
סורוקה,63.6,2022-01-30T00:00:00.000Z,58.8,59.3,73.9,73.1,70.8
מאיר,68.5,2022-01-30T00:00:00.000Z,56.3,61.4,92,86,81.4
הדסה הר הצופים,55.6,2022-01-30T00:00:00.000Z,44.4,85.7,76.7,72.2,68.6
כלל המוסדות,70.7,2022-01-30T00:00:00.000Z,66.4,68.5,89,85.2,85.2
רבין ק. השרון,46.5,2022-01-30T00:00:00.000Z,43.5,45.2,60.6,52.2,60.3
הכרמל,36.8,2022-01-31T00:00:00.000Z,40.6,57.7,86.5,80,83.5
וולפסון,62.7,2022-01-31T00:00:00.000Z,49.8,63.6,84.6,72.9,71.4
ברזילי,72.4,2022-01-31T00:00:00.000Z,68.2,82.6,77.6,74.3,78.1
"רמב""ם",67.7,2022-01-31T00:00:00.000Z,70.2,68.2,84.8,83.7,89.9
שמואל הרופא,5.6,2022-01-31T00:00:00.000Z,5.6,80.2,84.8,81.3,73.1
הלל יפה,79.5,2022-01-31T00:00:00.000Z,74.2,68,88.9,79.6,82.7
בני ציון,55.4,2022-01-31T00:00:00.000Z,61.6,57.9,82.9,74.2,80.8
המרכזי בעמק,78.1,2022-01-31T00:00:00.000Z,73.8,69.4,73.5,69.9,73.9
איכילוב,63.3,2022-01-31T00:00:00.000Z,59.2,57.8,133.4,127.2,127.1
הדסה עין כרם,92.2,2022-01-31T00:00:00.000Z,95.4,53.4,89.2,84.3,84.8
רבין ק. בילינסון,79.3,2022-01-31T00:00:00.000Z,72.6,75.3,94.6,88.5,87.2
לניאדו,76.9,2022-01-31T00:00:00.000Z,73.3,85.7,117.5,109,89.6
פוריה,59,2022-01-31T00:00:00.000Z,47.4,54.2,75.2,67.3,66.6
יוספטל,112.5,2022-01-31T00:00:00.000Z,76.8,108.9,60,59.6,78.7
נהריה,80.5,2022-01-31T00:00:00.000Z,70.8,72.4,87,83.1,79.6
שיבא,82.8,2022-01-31T00:00:00.000Z,80.9,65.7,100.9,98.3,92.7
זיו צפת,87.5,2022-01-31T00:00:00.000Z,89.3,84.2,82.7,76.1,74.6
שמיר,74.9,2022-01-31T00:00:00.000Z,68.7,69.2,84.4,76.8,70
אסותא אשדוד,101.7,2022-01-31T00:00:00.000Z,102.4,156.7,133.8,119.6,142.5
קפלן,72.7,2022-01-31T00:00:00.000Z,68.9,51.8,91,84.6,84.3
שערי צדק,68,2022-01-31T00:00:00.000Z,67.9,69,111.9,105,98.6
סורוקה,64.7,2022-01-31T00:00:00.000Z,58.1,59.1,75.4,72.9,70.8
מאיר,52,2022-01-31T00:00:00.000Z,57.7,61.5,85.7,86,80.7
הדסה הר הצופים,50,2022-01-31T00:00:00.000Z,46.8,84.5,73.6,72.7,69
כלל המוסדות,69.9,2022-01-31T00:00:00.000Z,66.2,68.9,90,85.3,85.2
רבין ק. השרון,47.4,2022-01-31T00:00:00.000Z,44.1,43.9,58.1,53.5,59.9
הכרמל,38.7,2022-02-01T00:00:00.000Z,38.1,57.8,88.3,80.2,84
וולפסון,59.8,2022-02-01T00:00:00.000Z,52,64.2,79.5,75,71.5
ברזילי,74,2022-02-01T00:00:00.000Z,68.5,83.3,79.5,73.9,78.1
"רמב""ם",67.2,2022-02-01T00:00:00.000Z,69.7,69.1,89.6,83.1,90
שמואל הרופא,5.6,2022-02-01T00:00:00.000Z,5.6,81,85,82.4,73
הלל יפה,72.6,2022-02-01T00:00:00.000Z,74.2,67.5,84.9,80.5,81.6
בני ציון,52.9,2022-02-01T00:00:00.000Z,61,58.2,79.2,75.4,80.8
המרכזי בעמק,72.3,2022-02-01T00:00:00.000Z,72.6,71.4,69.7,69.7,74.5
איכילוב,64,2022-02-01T00:00:00.000Z,59.6,57.2,134.7,126.9,126.4
הדסה עין כרם,95.1,2022-02-01T00:00:00.000Z,94,53.1,91.1,84.6,83.8
רבין ק. בילינסון,79.3,2022-02-01T00:00:00.000Z,72.9,75.6,97.4,88.8,88
לניאדו,74.4,2022-02-01T00:00:00.000Z,72,85.7,125.6,110.5,89.5
פוריה,55.1,2022-02-01T00:00:00.000Z,49.5,54.8,78.9,67.5,66.9
יוספטל,162.5,2022-02-01T00:00:00.000Z,82.1,101.8,75.4,58,78.2
נהריה,78.9,2022-02-01T00:00:00.000Z,72.1,71.6,91.6,83.1,78.4
שיבא,85.8,2022-02-01T00:00:00.000Z,80.6,67.1,102.5,98.1,93.2
זיו צפת,87.5,2022-02-01T00:00:00.000Z,87.1,83.9,76.9,76.1,73.9
שמיר,76.4,2022-02-01T00:00:00.000Z,68.7,68.8,86.8,77.4,70.9
אסותא אשדוד,105.1,2022-02-01T00:00:00.000Z,100.5,159.1,134.5,120.9,141
קפלן,73.3,2022-02-01T00:00:00.000Z,69.1,54.5,87.1,85.2,85.8
שערי צדק,65.3,2022-02-01T00:00:00.000Z,68.2,69.7,116.6,105.1,98.7
סורוקה,68.2,2022-02-01T00:00:00.000Z,57.5,61.5,75.7,72.5,71.3
מאיר,50,2022-02-01T00:00:00.000Z,58,62.1,89.7,86.1,80.5
הדסה הר הצופים,50,2022-02-01T00:00:00.000Z,47.6,84.1,77.4,72.5,69.8
כלל המוסדות,69.6,2022-02-01T00:00:00.000Z,66.3,69.4,91.2,85.4,85.2
רבין ק. השרון,42.1,2022-02-01T00:00:00.000Z,44.7,43.9,55.6,54.1,60.6
הכרמל,41.5,2022-02-02T00:00:00.000Z,35.8,58.9,95.3,81.1,84.6
וולפסון,62.7,2022-02-02T00:00:00.000Z,53.9,64.7,79.1,75.8,71.6
ברזילי,72.9,2022-02-02T00:00:00.000Z,69.2,84.4,80.3,74.6,79.1
כלל המוסדות,70.7,2022-02-02T00:00:00.000Z,66.7,70,91.1,85.7,85.5
"רמב""ם",67.2,2022-02-02T00:00:00.000Z,69,69.8,92.3,83.6,90.4
שמואל הרופא,5.6,2022-02-02T00:00:00.000Z,5.6,81,85.3,83.2,72.7
הלל יפה,75.3,2022-02-02T00:00:00.000Z,73.5,66.6,85.8,80.6,81.1
בני ציון,60.3,2022-02-02T00:00:00.000Z,59.4,59,82,75.7,81.1
המרכזי בעמק,68.4,2022-02-02T00:00:00.000Z,72.4,72.1,69.9,69.3,74
איכילוב,64,2022-02-02T00:00:00.000Z,60.4,57.9,135.8,126.8,126.3
הדסה עין כרם,91.3,2022-02-02T00:00:00.000Z,93.3,52.6,90.1,84.6,83.1
רבין ק. בילינסון,75.3,2022-02-02T00:00:00.000Z,73.9,75.5,96.4,89.7,88.4
לניאדו,83.3,2022-02-02T00:00:00.000Z,72.3,85.7,129.5,113.2,89.4
פוריה,51.3,2022-02-02T00:00:00.000Z,50.9,52.7,74.9,69.3,67.4
יוספטל,150,2022-02-02T00:00:00.000Z,96.4,100,67.7,59.1,77.6
נהריה,75.3,2022-02-02T00:00:00.000Z,74.6,71.9,89.3,84.2,77.7
שיבא,90.8,2022-02-02T00:00:00.000Z,81.1,65.8,101.8,98.1,93.8
זיו צפת,87.5,2022-02-02T00:00:00.000Z,85.5,84.2,80.7,74.5,72.7
שמיר,75.7,2022-02-02T00:00:00.000Z,69.6,68.7,82.4,78.1,71.4
אסותא אשדוד,108.5,2022-02-02T00:00:00.000Z,101.2,162,132.1,122.3,140.8
קפלן,81.3,2022-02-02T00:00:00.000Z,69,57.2,90.3,85,87.1
שערי צדק,67.3,2022-02-02T00:00:00.000Z,68.6,70.3,116.9,105.4,99.2
סורוקה,69.8,2022-02-02T00:00:00.000Z,58.6,62.6,72.1,72.2,72.1
מאיר,53,2022-02-02T00:00:00.000Z,57.4,62.7,87.8,86,81.3
הדסה הר הצופים,58.3,2022-02-02T00:00:00.000Z,49.6,88.1,75,73.3,71.5
רבין ק. השרון,42.1,2022-02-02T00:00:00.000Z,45,45.1,56,54.4,61.5
כלל המוסדות,67,2022-02-03T00:00:00.000Z,67.7,70.7,86.1,86.2,85.8
רבין ק. השרון,42.1,2022-02-03T00:00:00.000Z,45,46.5,55.2,54.4,63
הכרמל,41.5,2022-02-03T00:00:00.000Z,36.3,59.2,90,83.7,84.9
וולפסון,54.5,2022-02-03T00:00:00.000Z,55.4,65.6,74.2,76.7,71.4
ברזילי,72.4,2022-02-03T00:00:00.000Z,70.6,86.2,76.8,75.6,80.3
"רמב""ם",63.1,2022-02-03T00:00:00.000Z,68.8,72,84.3,84.4,91.1
שמואל הרופא,5.6,2022-02-03T00:00:00.000Z,5.6,81,88.9,83.7,72.3
הלל יפה,70.5,2022-02-03T00:00:00.000Z,74,67,82.7,81.6,81.2
בני ציון,54.5,2022-02-03T00:00:00.000Z,58.3,60.3,73.2,76.2,81.6
המרכזי בעמק,59.4,2022-02-03T00:00:00.000Z,72.6,72.4,62.9,69.5,73.1
איכילוב,61,2022-02-03T00:00:00.000Z,61.3,58.6,128.4,127.2,126.5
הדסה עין כרם,87.4,2022-02-03T00:00:00.000Z,93.2,53,87.3,84.8,83
רבין ק. בילינסון,73.1,2022-02-03T00:00:00.000Z,74.2,75.5,88.3,90.6,88.8
לניאדו,88.5,2022-02-03T00:00:00.000Z,75.8,86.1,116.2,115.7,91.2
פוריה,53.8,2022-02-03T00:00:00.000Z,50.7,51.3,70.4,69.9,67.4
יוספטל,100,2022-02-03T00:00:00.000Z,107.1,94.6,56.9,59.6,75.8
נהריה,68.9,2022-02-03T00:00:00.000Z,75.6,72.2,81.6,84.3,77.5
שיבא,88.3,2022-02-03T00:00:00.000Z,83.1,64.7,100.3,98.5,93.7
זיו צפת,87.5,2022-02-03T00:00:00.000Z,85.9,82.6,68.9,74.4,71.7
שמיר,68,2022-02-03T00:00:00.000Z,70.9,68,73.3,78.6,71.5
אסותא אשדוד,120.3,2022-02-03T00:00:00.000Z,101.9,163.2,132.8,123.3,140.6
קפלן,70.7,2022-02-03T00:00:00.000Z,70.7,60.4,84.6,85,88.9
שערי צדק,71.3,2022-02-03T00:00:00.000Z,68.3,70.4,109.2,106.5,99.6
סורוקה,59.3,2022-02-03T00:00:00.000Z,61,64.6,67.2,72.2,73
מאיר,57.5,2022-02-03T00:00:00.000Z,57.5,65.1,89.3,85.9,82.7
הדסה הר הצופים,55.6,2022-02-03T00:00:00.000Z,50.8,88.9,79.5,73.7,72
רבין ק. השרון,43,2022-02-04T00:00:00.000Z,44.9,48.6,44.4,54.7,63.4
הכרמל,39.6,2022-02-04T00:00:00.000Z,37.5,59.7,81.4,85.6,86
וולפסון,58.2,2022-02-04T00:00:00.000Z,57,66.4,69.8,77.5,71.3
ברזילי,72.4,2022-02-04T00:00:00.000Z,72.5,88,71.2,76.4,81.4
"רמב""ם",70.7,2022-02-04T00:00:00.000Z,67.7,73.4,81,84.5,91.5
שמואל הרופא,5.6,2022-02-04T00:00:00.000Z,5.6,81,89.4,84.6,72.4
הלל יפה,67.1,2022-02-04T00:00:00.000Z,74.9,66.6,75.5,82.7,80.9
בני ציון,56.2,2022-02-04T00:00:00.000Z,57.7,60.3,71.8,76.5,82.2
המרכזי בעמק,74.8,2022-02-04T00:00:00.000Z,72.5,74,64.8,69.2,72.8
איכילוב,60,2022-02-04T00:00:00.000Z,61.9,58.8,109.1,127.9,125.7
הדסה עין כרם,92.2,2022-02-04T00:00:00.000Z,92.8,53.5,79.2,85.3,83.2
רבין ק. בילינסון,77.5,2022-02-04T00:00:00.000Z,74.9,75.6,83.1,91.2,89.2
לניאדו,79.5,2022-02-04T00:00:00.000Z,78.8,84.6,104.7,115.7,91.7
פוריה,60.3,2022-02-04T00:00:00.000Z,52,51.6,67,71,68.3
יוספטל,100,2022-02-04T00:00:00.000Z,110.7,91.1,56.9,60.9,75.8
נהריה,74.7,2022-02-04T00:00:00.000Z,75.3,73.2,77.9,84.4,77.8
שיבא,84.1,2022-02-04T00:00:00.000Z,84.7,64.3,93.2,99.1,94.1
זיו צפת,78.1,2022-02-04T00:00:00.000Z,89.7,82.1,61.4,74.6,72
שמיר,68.7,2022-02-04T00:00:00.000Z,72.1,68.7,72.4,78.4,71.3
אסותא אשדוד,110.2,2022-02-04T00:00:00.000Z,104.1,164.9,115.7,124.2,142
קפלן,60.7,2022-02-04T00:00:00.000Z,72.1,62.2,76.7,85.5,89.1
שערי צדק,72,2022-02-04T00:00:00.000Z,68.9,70.8,100.6,107.8,99.8
סורוקה,61.6,2022-02-04T00:00:00.000Z,62.8,66.3,66.3,71.7,73.5
מאיר,53.5,2022-02-04T00:00:00.000Z,57.6,67.9,84.3,87.1,83.7
הדסה הר הצופים,55.6,2022-02-04T00:00:00.000Z,52,90.5,70.1,74.9,71.6
כלל המוסדות,67.8,2022-02-04T00:00:00.000Z,68.6,71.5,80.2,86.7,86.1
כלל המוסדות,72.1,2022-02-05T00:00:00.000Z,69.2,72.1,84.4,87.1,86.3
רבין ק. השרון,48.2,2022-02-05T00:00:00.000Z,44.7,50.3,53.1,54.8,64.2
הכרמל,42.5,2022-02-05T00:00:00.000Z,38.4,59.6,84.5,86.3,86.2
וולפסון,60.7,2022-02-05T00:00:00.000Z,58.6,67.9,72.8,77.6,71.9
ברזילי,82.3,2022-02-05T00:00:00.000Z,73.3,88.4,78.6,76.6,82
"רמב""ם",72.7,2022-02-05T00:00:00.000Z,67.5,75.6,80.1,85.1,91.4
שמואל הרופא,5.6,2022-02-05T00:00:00.000Z,5.6,80.2,89.4,85.7,72.5
הלל יפה,69.2,2022-02-05T00:00:00.000Z,74.8,67.5,77.3,83.1,80.2
בני ציון,56.2,2022-02-05T00:00:00.000Z,57.5,59.3,72.7,77.6,82.6
המרכזי בעמק,79.4,2022-02-05T00:00:00.000Z,73.4,74.1,70.4,69.1,72.5
איכילוב,64.7,2022-02-05T00:00:00.000Z,62.5,58.3,119.8,128.3,125.4
הדסה עין כרם,95.1,2022-02-05T00:00:00.000Z,92.8,53.7,83.9,85.7,82.7
רבין ק. בילינסון,84.1,2022-02-05T00:00:00.000Z,76.4,74.8,91.1,91.4,88.8
לניאדו,93.6,2022-02-05T00:00:00.000Z,80.2,83.3,115,117,89.9
פוריה,56.4,2022-02-05T00:00:00.000Z,53.7,53.5,69.9,71.8,68.8
יוספטל,112.5,2022-02-05T00:00:00.000Z,116.1,85.7,60,60.9,77.8
נהריה,79.5,2022-02-05T00:00:00.000Z,75.3,74.5,86.2,84.8,78.3
שיבא,92.1,2022-02-05T00:00:00.000Z,85.4,64.5,97.3,99.3,94.6
זיו צפת,73.4,2022-02-05T00:00:00.000Z,89.1,84.6,60.5,74.2,74
שמיר,71.8,2022-02-05T00:00:00.000Z,72.9,68.8,74.6,78.9,71
אסותא אשדוד,103.4,2022-02-05T00:00:00.000Z,105.6,165.4,104.4,125.5,142.8
קפלן,70.7,2022-02-05T00:00:00.000Z,72,62.4,82.7,85.8,88.8
שערי צדק,72.7,2022-02-05T00:00:00.000Z,69.2,71.3,106.6,108.8,100.5
סורוקה,70.2,2022-02-05T00:00:00.000Z,63.7,69.2,70.9,71.7,74.8
מאיר,53,2022-02-05T00:00:00.000Z,56.5,69.7,88.4,87.8,85.3
הדסה הר הצופים,72.2,2022-02-05T00:00:00.000Z,54,87.7,72.9,75.2,70.8
רבין ק. השרון,50,2022-02-06T00:00:00.000Z,44.5,51.4,68.5,54.7,64.4
הכרמל,42.5,2022-02-06T00:00:00.000Z,39.4,60.1,86.9,86.9,86.8
וולפסון,59,2022-02-06T00:00:00.000Z,59.4,69,80.2,77.5,72.6
ברזילי,82.8,2022-02-06T00:00:00.000Z,74.5,88.5,81.8,77.6,82.2
"רמב""ם",65.7,2022-02-06T00:00:00.000Z,67.7,77.4,87.2,85.2,91.8
שמואל הרופא,5.6,2022-02-06T00:00:00.000Z,5.6,79.4,90,86.7,72.6
הלל יפה,78.8,2022-02-06T00:00:00.000Z,73.3,68.7,85,82.7,80.5
בני ציון,60.3,2022-02-06T00:00:00.000Z,56.7,58.8,79.2,77.4,83
המרכזי בעמק,75.5,2022-02-06T00:00:00.000Z,73.1,76.1,71.2,69.1,73.1
איכילוב,68,2022-02-06T00:00:00.000Z,63.1,58.4,139.5,128.4,124.9
הדסה עין כרם,97.1,2022-02-06T00:00:00.000Z,92.5,53.4,88.4,86.3,82.1
רבין ק. בילינסון,82.8,2022-02-06T00:00:00.000Z,77.7,73.9,96.8,91.8,88.8
לניאדו,83.3,2022-02-06T00:00:00.000Z,81,82.4,125.1,118.3,88
פוריה,62.8,2022-02-06T00:00:00.000Z,55.3,53.8,74.9,72.5,69
יוספטל,112.5,2022-02-06T00:00:00.000Z,121.4,75,72.3,61.8,79.6
נהריה,76.3,2022-02-06T00:00:00.000Z,75.5,74.7,83.7,85.4,78.5
שיבא,84.9,2022-02-06T00:00:00.000Z,87.1,64.1,102,99.6,94.5
זיו צפת,84.4,2022-02-06T00:00:00.000Z,86.6,88.2,76.9,72.7,75.2
שמיר,73,2022-02-06T00:00:00.000Z,73.4,69.3,79.3,79.3,70.7
אסותא אשדוד,130.5,2022-02-06T00:00:00.000Z,107,166.8,139.2,126.2,142
קפלן,72.7,2022-02-06T00:00:00.000Z,72.7,62.6,86.9,85.9,88.3
שערי צדק,73.3,2022-02-06T00:00:00.000Z,69.3,71.8,114.2,110,101.1
סורוקה,76.4,2022-02-06T00:00:00.000Z,65.3,72.2,75.6,71.7,76.1
מאיר,70,2022-02-06T00:00:00.000Z,55.4,72.3,96.5,88.2,86.7
הדסה הר הצופים,77.8,2022-02-06T00:00:00.000Z,56.7,86.1,76.4,75,71
כלל המוסדות,73.8,2022-02-06T00:00:00.000Z,69.7,72.9,91.1,87.4,86.5
רבין ק. השרון,46.5,2022-02-07T00:00:00.000Z,45,51.6,63.1,55.8,64.1
הכרמל,37.7,2022-02-07T00:00:00.000Z,40.4,60.9,92,87.6,86.5
וולפסון,59.8,2022-02-07T00:00:00.000Z,59.7,70.3,80.2,77.2,73.6
ברזילי,82.3,2022-02-07T00:00:00.000Z,75.6,89.1,83.8,78,82.8
"רמב""ם",73.2,2022-02-07T00:00:00.000Z,67.7,78.3,88.9,85.6,92.3
שמואל הרופא,5.6,2022-02-07T00:00:00.000Z,5.6,78.6,91.5,87.6,72.6
הלל יפה,80.8,2022-02-07T00:00:00.000Z,73.3,70.3,91.1,82.9,80.9
בני ציון,54.5,2022-02-07T00:00:00.000Z,56.6,58.6,81.5,77.3,84.3
המרכזי בעמק,80.6,2022-02-07T00:00:00.000Z,72.5,78,78.7,68.9,73.7
איכילוב,67,2022-02-07T00:00:00.000Z,63.6,59.1,139.4,128.7,124.5
הדסה עין כרם,98.1,2022-02-07T00:00:00.000Z,92.9,53.3,89.4,87,82.1
רבין ק. בילינסון,79.7,2022-02-07T00:00:00.000Z,78.8,73.6,98.2,92.5,89
לניאדו,78.2,2022-02-07T00:00:00.000Z,82.8,82.4,117.8,119.1,86.7
פוריה,48.7,2022-02-07T00:00:00.000Z,57,54,69.3,73,68.2
יוספטל,112.5,2022-02-07T00:00:00.000Z,121.4,66.1,78.5,64.2,78
נהריה,75.8,2022-02-07T00:00:00.000Z,76.3,75.1,84,85.3,79.3
שיבא,94.1,2022-02-07T00:00:00.000Z,87,62.2,103.6,99.7,94.1
זיו צפת,76.6,2022-02-07T00:00:00.000Z,83.7,92,78.4,72.6,77.7
שמיר,76.1,2022-02-07T00:00:00.000Z,72.6,70.2,79.7,79,70.5
אסותא אשדוד,130.5,2022-02-07T00:00:00.000Z,111.4,166.3,139.2,127.5,141.9
קפלן,71.3,2022-02-07T00:00:00.000Z,71.7,63.7,91.3,85.6,87.9
שערי צדק,73.3,2022-02-07T00:00:00.000Z,70,72.3,112.2,110.9,101.4
סורוקה,74.4,2022-02-07T00:00:00.000Z,67.2,74.1,75.7,71.9,76.7
מאיר,63.5,2022-02-07T00:00:00.000Z,55.6,74.3,90.2,88.8,87.7
הדסה הר הצופים,80.6,2022-02-07T00:00:00.000Z,59.9,86.5,81.9,75,70.7
כלל המוסדות,73.6,2022-02-07T00:00:00.000Z,70.1,73.5,91.9,87.7,86.7
הכרמל,39.6,2022-02-08T00:00:00.000Z,40.6,62,91.6,88.3,86.1
וולפסון,55.7,2022-02-08T00:00:00.000Z,59.3,71.3,77.5,76.6,74.3
ברזילי,80.2,2022-02-08T00:00:00.000Z,77,89.3,77.6,78.9,82.8
"רמב""ם",70.7,2022-02-08T00:00:00.000Z,68.5,79.2,90,86.2,92.2
שמואל הרופא,5.6,2022-02-08T00:00:00.000Z,5.6,77.4,92.7,88.5,72.5
הלל יפה,80.8,2022-02-08T00:00:00.000Z,73.5,71.1,86.6,83.2,81
בני ציון,54.5,2022-02-08T00:00:00.000Z,56.4,59.6,81.5,77.1,85.6
רבין ק. השרון,43.9,2022-02-08T00:00:00.000Z,44.9,51,63.9,56.6,62.6
המרכזי בעמק,84.5,2022-02-08T00:00:00.000Z,72.9,77.4,76.7,69.6,73.2
איכילוב,65.7,2022-02-08T00:00:00.000Z,64.1,60.1,139.1,129.5,125.1
הדסה עין כרם,110.7,2022-02-08T00:00:00.000Z,93.8,53.7,89.7,87.1,82.6
רבין ק. בילינסון,80.6,2022-02-08T00:00:00.000Z,78.9,73.2,98.8,93,88.4
לניאדו,88.5,2022-02-08T00:00:00.000Z,83,83.7,120.3,119.1,86.1
פוריה,56.4,2022-02-08T00:00:00.000Z,55.5,54.9,76.9,72.2,67.8
יוספטל,112.5,2022-02-08T00:00:00.000Z,121.4,64.3,69.2,66.8,76.3
נהריה,76.3,2022-02-08T00:00:00.000Z,75.6,76.5,87.1,84.9,79.8
שיבא,94.1,2022-02-08T00:00:00.000Z,88.6,60.8,104.5,100.1,93.5
זיו צפת,62.5,2022-02-08T00:00:00.000Z,82.1,92.2,75.8,72,78.8
שמיר,73,2022-02-08T00:00:00.000Z,72.8,69.8,79.1,78.4,69.6
אסותא אשדוד,128.8,2022-02-08T00:00:00.000Z,115.5,165.6,134.5,128.3,142.2
קפלן,67.3,2022-02-08T00:00:00.000Z,71.5,63.5,85.9,85.7,87.1
שערי צדק,78,2022-02-08T00:00:00.000Z,70.8,73,117.5,110.9,101.8
סורוקה,79.5,2022-02-08T00:00:00.000Z,68.5,74.5,79,71.9,77.3
מאיר,64,2022-02-08T00:00:00.000Z,57.2,76.9,91.3,89.5,88.1
הדסה הר הצופים,63.9,2022-02-08T00:00:00.000Z,64.3,85.3,79.9,76.2,70.6
כלל המוסדות,73.7,2022-02-08T00:00:00.000Z,70.7,73.9,92,88,86.7
הכרמל,39.6,2022-02-09T00:00:00.000Z,40.7,61.6,87.5,88.8,84.7
וולפסון,54.5,2022-02-09T00:00:00.000Z,58.7,71.3,82,76.3,74.2
ברזילי,76,2022-02-09T00:00:00.000Z,77.9,87.7,77.2,78.6,82
"רמב""ם",73.2,2022-02-09T00:00:00.000Z,69,79.9,93.4,86.3,91.6
שמואל הרופא,5.6,2022-02-09T00:00:00.000Z,5.6,77.8,92.4,89.6,73.1
הלל יפה,76,2022-02-09T00:00:00.000Z,74.7,71.7,84.5,83.4,81.4
בני ציון,61.2,2022-02-09T00:00:00.000Z,56.7,60.2,83.1,77.4,86.6
רבין ק. השרון,51.8,2022-02-09T00:00:00.000Z,45.1,51,65.1,57.7,61.9
המרכזי בעמק,80.6,2022-02-09T00:00:00.000Z,74.7,77.2,77.7,70.6,73.9
איכילוב,65.3,2022-02-09T00:00:00.000Z,64.3,59.7,140.2,130.2,125.1
הדסה עין כרם,110.7,2022-02-09T00:00:00.000Z,96,54.4,90.1,86.8,82.9
רבין ק. בילינסון,82.8,2022-02-09T00:00:00.000Z,79,72.4,99.2,93.2,88.3
לניאדו,80.8,2022-02-09T00:00:00.000Z,85,86.1,115.9,118.4,87.1
פוריה,47.4,2022-02-09T00:00:00.000Z,55.7,56.6,76.9,71.9,67.6
יוספטל,137.5,2022-02-09T00:00:00.000Z,114.3,62.5,72.3,65.9,76.9
נהריה,74.7,2022-02-09T00:00:00.000Z,75.3,77.1,85.5,84.3,80.1
שיבא,92.9,2022-02-09T00:00:00.000Z,89.8,61.2,103.8,100.4,93.2
זיו צפת,67.2,2022-02-09T00:00:00.000Z,78.6,94.6,79.8,71.8,79.7
שמיר,64.9,2022-02-09T00:00:00.000Z,72.3,68.9,77.2,77.3,68.4
אסותא אשדוד,125.4,2022-02-09T00:00:00.000Z,118.9,164.6,131.4,128.3,142.2
קפלן,68,2022-02-09T00:00:00.000Z,70.7,64.2,87.8,85.5,86.6
שערי צדק,75.3,2022-02-09T00:00:00.000Z,72.6,73.5,116.6,111,102.1
סורוקה,66.7,2022-02-09T00:00:00.000Z,70.2,74.5,75.3,72.4,77.3
מאיר,67.5,2022-02-09T00:00:00.000Z,59.2,77.6,91.9,89.7,87.7
הדסה הר הצופים,77.8,2022-02-09T00:00:00.000Z,66.3,82.9,81.6,76.5,69.9
כלל המוסדות,72.2,2022-02-09T00:00:00.000Z,71.2,73.9,91.9,88.1,86.6
הכרמל,37.7,2022-02-10T00:00:00.000Z,40.4,61.5,84.7,87.7,83.4
וולפסון,58.6,2022-02-10T00:00:00.000Z,57.5,70.7,78.8,76.7,74.1
ברזילי,76.6,2022-02-10T00:00:00.000Z,78.3,86.2,73,78.1,80.8
כלל המוסדות,68.6,2022-02-10T00:00:00.000Z,71.5,73.7,86.4,88.2,86.5
"רמב""ם",73.2,2022-02-10T00:00:00.000Z,69.9,80.4,91.4,86.4,91.3
שמואל הרופא,5.6,2022-02-10T00:00:00.000Z,5.6,77.4,91.8,90.6,73.6
הלל יפה,61,2022-02-10T00:00:00.000Z,74.8,72.6,75,83.2,82.6
בני ציון,58.7,2022-02-10T00:00:00.000Z,56.8,60.6,78.8,77.6,86.7
רבין ק. השרון,50,2022-02-10T00:00:00.000Z,46.5,50.6,57.7,59,60.4
המרכזי בעמק,81.3,2022-02-10T00:00:00.000Z,76.4,77.3,72.3,71.8,75.1
איכילוב,63.7,2022-02-10T00:00:00.000Z,64.5,59.9,127.5,130.8,125.4
הדסה עין כרם,107.8,2022-02-10T00:00:00.000Z,98.8,54.2,83.6,86.8,82.9
רבין ק. בילינסון,79.3,2022-02-10T00:00:00.000Z,80.1,71.5,93,93.6,88.1
לניאדו,62.8,2022-02-10T00:00:00.000Z,84.6,87.4,100,116.4,85.6
פוריה,34.6,2022-02-10T00:00:00.000Z,55.1,57.3,69.9,72.2,68.1
יוספטל,112.5,2022-02-10T00:00:00.000Z,112.5,62.5,72.3,66.6,80.7
נהריה,80.5,2022-02-10T00:00:00.000Z,75.2,77.1,80,83.7,80.2
שיבא,77.4,2022-02-10T00:00:00.000Z,90.1,60.4,101.1,100.7,92.9
זיו צפת,70.3,2022-02-10T00:00:00.000Z,75.7,96.4,72.3,71.7,80.3
שמיר,63.7,2022-02-10T00:00:00.000Z,70.8,68.6,74.9,76.5,68.1
אסותא אשדוד,123.7,2022-02-10T00:00:00.000Z,121.3,165.4,132.8,128.2,141.1
קפלן,65.3,2022-02-10T00:00:00.000Z,68.8,63.6,80,85.1,85.8
שערי צדק,69.3,2022-02-10T00:00:00.000Z,73.7,74,108.1,111,102.5
סורוקה,57,2022-02-10T00:00:00.000Z,69.7,73.7,67,72.9,77.4
מאיר,66.5,2022-02-10T00:00:00.000Z,61.3,77.3,88,90.3,87.3
הדסה הר הצופים,63.9,2022-02-10T00:00:00.000Z,69,85.7,77.4,77.5,71
כלל המוסדות,70,2022-02-11T00:00:00.000Z,71.7,73.4,79.5,88.3,86.4
הכרמל,36.8,2022-02-11T00:00:00.000Z,39.9,61.1,80,86.9,82.5
וולפסון,59,2022-02-11T00:00:00.000Z,58.1,70.5,69.1,77.3,73.8
ברזילי,76,2022-02-11T00:00:00.000Z,78.9,85.3,71.4,77.6,79.5
"רמב""ם",79.8,2022-02-11T00:00:00.000Z,71.4,80.7,83.7,87.4,91
שמואל הרופא,5.6,2022-02-11T00:00:00.000Z,5.6,77,90.6,91,73.8
הלל יפה,74.7,2022-02-11T00:00:00.000Z,73.4,71.2,73.8,82.1,82.9
בני ציון,58.7,2022-02-11T00:00:00.000Z,57.4,62.3,68.6,78.4,87.8
רבין ק. השרון,50,2022-02-11T00:00:00.000Z,47.6,49.9,48.1,59.4,59.6
המרכזי בעמק,83.2,2022-02-11T00:00:00.000Z,79.5,76,69.2,73.1,75.9
איכילוב,65,2022-02-11T00:00:00.000Z,64.9,60.5,112.6,130.7,125.7
הדסה עין כרם,107.8,2022-02-11T00:00:00.000Z,101.7,54.1,81.3,86.3,83
רבין ק. בילינסון,75.3,2022-02-11T00:00:00.000Z,81,71.1,83.3,94.3,87.8
לניאדו,69.2,2022-02-11T00:00:00.000Z,81,86.8,76.9,114.1,85
פוריה,37.2,2022-02-11T00:00:00.000Z,52.4,56.6,62.5,72.1,68.4
יוספטל,175,2022-02-11T00:00:00.000Z,114.3,67.9,78.5,68.8,86.4
נהריה,77.4,2022-02-11T00:00:00.000Z,76.8,77.2,75.1,83.5,80.3
שיבא,78.2,2022-02-11T00:00:00.000Z,88.5,60.8,96.9,100.8,92.3
זיו צפת,82.8,2022-02-11T00:00:00.000Z,73.2,96,65.1,72.2,79.5
שמיר,66,2022-02-11T00:00:00.000Z,70.2,68.4,68.8,76.8,68.2
אסותא אשדוד,111.9,2022-02-11T00:00:00.000Z,121.8,164.6,113.7,128.2,139.9
קפלן,68.7,2022-02-11T00:00:00.000Z,68,62.5,74.9,84.5,85.1
שערי צדק,74.7,2022-02-11T00:00:00.000Z,73.4,74.7,96.6,110.8,102.7
סורוקה,57,2022-02-11T00:00:00.000Z,69.4,72.9,64.8,72.8,77.6
מאיר,60.5,2022-02-11T00:00:00.000Z,62.6,76.6,79.9,90.1,87.5
הדסה הר הצופים,66.7,2022-02-11T00:00:00.000Z,70.2,85.3,65.3,77.2,71.6
הכרמל,38.7,2022-02-12T00:00:00.000Z,39.5,61.6,86.9,86.7,82.2
וולפסון,59.4,2022-02-12T00:00:00.000Z,58.2,69.8,71,77.2,74.1
ברזילי,84.4,2022-02-12T00:00:00.000Z,79.5,84.3,75.7,77.6,79.2
"רמב""ם",79.3,2022-02-12T00:00:00.000Z,72.7,81.3,86.5,87.8,91.6
שמואל הרופא,5.6,2022-02-12T00:00:00.000Z,5.6,77.8,90.9,91.2,74
הלל יפה,78.8,2022-02-12T00:00:00.000Z,74.5,69.9,80.4,81.9,82.8
בני ציון,58.7,2022-02-12T00:00:00.000Z,57.7,64.1,73.4,77.9,88.1
רבין ק. השרון,51.8,2022-02-12T00:00:00.000Z,48.6,48.4,50.2,59.9,57.5
המרכזי בעמק,80,2022-02-12T00:00:00.000Z,80.7,75.6,70.8,73.7,76.6
איכילוב,66,2022-02-12T00:00:00.000Z,65.6,61.9,121.9,131.1,126.7
הדסה עין כרם,112.6,2022-02-12T00:00:00.000Z,103.9,54.4,81.7,86.6,83.6
רבין ק. בילינסון,83.7,2022-02-12T00:00:00.000Z,80.7,71.4,89.6,94.3,87.9
לניאדו,76.9,2022-02-12T00:00:00.000Z,79.5,85.9,86.6,110.1,85.3
פוריה,47.4,2022-02-12T00:00:00.000Z,49.1,55.9,69.3,71.5,68.3
יוספטל,175,2022-02-12T00:00:00.000Z,125,73.2,93.8,71.9,87.5
נהריה,86.8,2022-02-12T00:00:00.000Z,77.2,77,80.1,83.1,79.9
שיבא,85.8,2022-02-12T00:00:00.000Z,87.7,60.8,101.8,101.3,91.6
שמיר,73,2022-02-12T00:00:00.000Z,69.8,68.6,74.4,76.2,68.3
זיו צפת,98.4,2022-02-12T00:00:00.000Z,73.9,97.3,73.8,72.7,79
אסותא אשדוד,106.8,2022-02-12T00:00:00.000Z,122,164.9,102,127.9,140.3
קפלן,79.3,2022-02-12T00:00:00.000Z,69.1,61.9,79.3,84.2,84.9
שערי צדק,77.3,2022-02-12T00:00:00.000Z,73.8,75,101.5,110.3,102.2
סורוקה,60.9,2022-02-12T00:00:00.000Z,68.7,72.3,71.3,72.6,77.4
מאיר,71.5,2022-02-12T00:00:00.000Z,63.6,76.4,87.3,89.5,86.3
הדסה הר הצופים,75,2022-02-12T00:00:00.000Z,71.8,83.3,69.4,76.5,71.9
כלל המוסדות,74.8,2022-02-12T00:00:00.000Z,72,73.3,84.2,88.2,86.3
כלל המוסדות,75.6,2022-02-13T00:00:00.000Z,72.4,73.3,91.1,88.1,86.3
הכרמל,43.4,2022-02-13T00:00:00.000Z,38.9,61.3,92.8,87.1,81.6
וולפסון,62.7,2022-02-13T00:00:00.000Z,58,70.7,78.9,77,74.4
ברזילי,87.5,2022-02-13T00:00:00.000Z,79.8,83.9,80,77.2,79
"רמב""ם",75.3,2022-02-13T00:00:00.000Z,73.6,81.7,94.3,88.7,91.9
שמואל הרופא,5.6,2022-02-13T00:00:00.000Z,5.6,78.2,91.2,91.4,74
הלל יפה,76,2022-02-13T00:00:00.000Z,75.8,70.4,86.8,82.3,82.8
בני ציון,63.6,2022-02-13T00:00:00.000Z,58.1,65.4,82.2,78,86.6
רבין ק. השרון,55.3,2022-02-13T00:00:00.000Z,49.1,47.2,65.1,59.5,56.4
המרכזי בעמק,83.9,2022-02-13T00:00:00.000Z,80.8,73.7,76.7,73.8,76.6
איכילוב,70.7,2022-02-13T00:00:00.000Z,65.8,63.2,136.4,131.5,127.7
הדסה עין כרם,96.1,2022-02-13T00:00:00.000Z,106.4,55.9,81.3,86.3,84.3
רבין ק. בילינסון,91.2,2022-02-13T00:00:00.000Z,80.6,72.4,94.6,94.1,88.1
לניאדו,80.8,2022-02-13T00:00:00.000Z,77.1,86.4,108.4,106.1,86.2
פוריה,48.7,2022-02-13T00:00:00.000Z,47.8,55.3,75.8,71.4,68.9
יוספטל,125,2022-02-13T00:00:00.000Z,133.9,85.7,93.8,76.7,91
נהריה,79.5,2022-02-13T00:00:00.000Z,78.3,76.8,85.9,82.2,79.6
שיבא,82.4,2022-02-13T00:00:00.000Z,86.8,61.3,104.9,102,91.5
שמיר,76.1,2022-02-13T00:00:00.000Z,69.9,69.1,80.9,76.2,68.3
זיו צפת,92.2,2022-02-13T00:00:00.000Z,77.5,95.8,84.7,74.6,78
אסותא אשדוד,120.3,2022-02-13T00:00:00.000Z,122.5,162.5,129,127.5,140.6
קפלן,82,2022-02-13T00:00:00.000Z,70.4,61.4,91.9,83.7,84.5
שערי צדק,84.7,2022-02-13T00:00:00.000Z,74.5,75.4,112.6,109.5,101.7
סורוקה,62.4,2022-02-13T00:00:00.000Z,67.4,72.3,75.2,72.7,77.3
מאיר,67.5,2022-02-13T00:00:00.000Z,66.2,73.4,90.6,89.3,85.4
הדסה הר הצופים,72.2,2022-02-13T00:00:00.000Z,72.2,80.2,71.5,76,72.1
הכרמל,42.5,2022-02-14T00:00:00.000Z,39.1,60.9,91.6,87.9,81.2
וולפסון,60.2,2022-02-14T00:00:00.000Z,58.5,71.3,81.1,76.8,74.9
ברזילי,84.4,2022-02-14T00:00:00.000Z,80.4,83.3,79.6,76.9,78.7
"רמב""ם",76.8,2022-02-14T00:00:00.000Z,75,82,97.4,89.7,92.4
שמואל הרופא,5.6,2022-02-14T00:00:00.000Z,5.6,79,92.1,91.6,74.2
בני ציון,66.9,2022-02-14T00:00:00.000Z,58.6,66.6,87.1,78.5,85.5
רבין ק. השרון,54.4,2022-02-14T00:00:00.000Z,49.9,47.5,61.4,59,56
המרכזי בעמק,85.8,2022-02-14T00:00:00.000Z,82,73.2,79.5,74.6,76.8
איכילוב,77.7,2022-02-14T00:00:00.000Z,66.2,63.7,140.1,131,128.2
רבין ק. בילינסון,92.5,2022-02-14T00:00:00.000Z,81.8,72.9,95.9,93.8,88
לניאדו,84.6,2022-02-14T00:00:00.000Z,76.7,86.3,100.8,103.7,86.5
פוריה,41,2022-02-14T00:00:00.000Z,45.8,55.9,70.7,71.5,69.9
הלל יפה,84.2,2022-02-14T00:00:00.000Z,75.4,70.8,92.8,82.6,83.3
יוספטל,112.5,2022-02-14T00:00:00.000Z,135.7,98.2,93.8,79.8,97.1
נהריה,79.5,2022-02-14T00:00:00.000Z,78.7,76.3,87.3,82.5,79.6
שיבא,83.7,2022-02-14T00:00:00.000Z,86.4,62.4,105.4,102.4,91.7
שמיר,77.6,2022-02-14T00:00:00.000Z,70.4,69.8,81.7,76.4,68.8
זיו צפת,110.9,2022-02-14T00:00:00.000Z,78.6,95.5,81.6,75.7,77
הדסה עין כרם,100,2022-02-14T00:00:00.000Z,106.2,56.7,88.5,85.3,84.5
אסותא אשדוד,125.4,2022-02-14T00:00:00.000Z,121.1,163,135.5,126.1,141.5
קפלן,87.3,2022-02-14T00:00:00.000Z,71.7,59.5,96.3,84.5,83.8
שערי צדק,84.7,2022-02-14T00:00:00.000Z,76.1,75.9,116,109.3,101.4
סורוקה,74.8,2022-02-14T00:00:00.000Z,65.4,71.9,81.1,72.6,77.4
מאיר,73.5,2022-02-14T00:00:00.000Z,65.9,72,94.7,88.5,85.2
הדסה הר הצופים,94.4,2022-02-14T00:00:00.000Z,71.4,75.4,77.8,75.3,72.7
כלל המוסדות,78.7,2022-02-14T00:00:00.000Z,72.6,73.3,93.4,88.1,86.3
הכרמל,40.6,2022-02-15T00:00:00.000Z,39.8,60.4,90.8,87.9,81.6
וולפסון,58.6,2022-02-15T00:00:00.000Z,58.6,72.1,80.2,76.9,75
ברזילי,79.2,2022-02-15T00:00:00.000Z,80.7,83.6,77.8,76.3,78.8
"רמב""ם",81.3,2022-02-15T00:00:00.000Z,75.5,82.3,97.1,91,93.1
שמואל הרופא,5.6,2022-02-15T00:00:00.000Z,5.6,79.8,90,91.7,74.5
בני ציון,68.6,2022-02-15T00:00:00.000Z,60.3,66.9,88.9,79.2,84.5
רבין ק. השרון,54.4,2022-02-15T00:00:00.000Z,51,45.5,66,58.8,55.1
המרכזי בעמק,87.7,2022-02-15T00:00:00.000Z,82.8,73.7,78.7,74.7,77.6
איכילוב,73,2022-02-15T00:00:00.000Z,67.7,64.5,139,131.1,129.2
רבין ק. בילינסון,94.7,2022-02-15T00:00:00.000Z,83.6,73.7,98.3,93.5,87.8
לניאדו,84.6,2022-02-15T00:00:00.000Z,77.7,84.4,112.3,101.3,86.4
פוריה,50,2022-02-15T00:00:00.000Z,44.7,57.7,74.1,71.7,70.8
הלל יפה,89.7,2022-02-15T00:00:00.000Z,75.9,71.3,94.2,82.8,84
יוספטל,112.5,2022-02-15T00:00:00.000Z,135.7,114.3,76.9,82,100.9
נהריה,81.6,2022-02-15T00:00:00.000Z,79.2,75.6,88.8,83,79.7
שיבא,89.1,2022-02-15T00:00:00.000Z,84.9,61.7,107.8,102.6,92
שמיר,77.2,2022-02-15T00:00:00.000Z,70.6,70.3,83.5,76.7,69.2
זיו צפת,101.6,2022-02-15T00:00:00.000Z,83.5,98.4,77.2,76.2,77.5
הדסה עין כרם,90.3,2022-02-15T00:00:00.000Z,106.5,57.4,89.6,85.2,84.2
אסותא אשדוד,125.4,2022-02-15T00:00:00.000Z,120.3,164.4,146.1,125.5,142.9
קפלן,88,2022-02-15T00:00:00.000Z,74,58.8,101.9,85.2,83.4
שערי צדק,84.7,2022-02-15T00:00:00.000Z,77.7,76.3,116.3,109.9,101.6
סורוקה,71.7,2022-02-15T00:00:00.000Z,65.4,71.8,81.2,73.4,77.4
מאיר,79,2022-02-15T00:00:00.000Z,67.3,70.4,93.2,89.1,85.2
הדסה הר הצופים,66.7,2022-02-15T00:00:00.000Z,73.4,74.6,80.2,74.7,73.6
כלל המוסדות,78.7,2022-02-15T00:00:00.000Z,73.4,73.5,94.3,88.4,86.5
הכרמל,37.7,2022-02-16T00:00:00.000Z,39.9,60.9,94.3,87.8,82.9
וולפסון,54.9,2022-02-16T00:00:00.000Z,59,72.5,76.7,77.3,75.2
ברזילי,80.7,2022-02-16T00:00:00.000Z,80.6,85.2,80.3,76.4,79.5
"רמב""ם",86.9,2022-02-16T00:00:00.000Z,77,82.7,96.5,92,94.1
שמואל הרופא,5.6,2022-02-16T00:00:00.000Z,5.6,79.4,90,91.3,73.6
בני ציון,70.2,2022-02-16T00:00:00.000Z,62.3,67.9,94.5,80.3,83.9
רבין ק. השרון,52.6,2022-02-16T00:00:00.000Z,52.5,43.5,64.7,59.1,54.8
המרכזי בעמק,81.9,2022-02-16T00:00:00.000Z,83.2,72.5,77.2,75,78.3
איכילוב,74.3,2022-02-16T00:00:00.000Z,68.8,65.3,138.2,131.1,129.4
רבין ק. בילינסון,96,2022-02-16T00:00:00.000Z,85.7,73.8,99.5,93.4,87.4
לניאדו,82.1,2022-02-16T00:00:00.000Z,77.1,84.6,104.5,100.1,86.8
פוריה,41,2022-02-16T00:00:00.000Z,43.8,56.6,70.4,71.3,69.8
הלל יפה,87,2022-02-16T00:00:00.000Z,77.2,71.7,93,83.9,84.8
יוספטל,150,2022-02-16T00:00:00.000Z,135.7,126.8,95.4,83.1,104.2
נהריה,82.1,2022-02-16T00:00:00.000Z,80,75.3,88.9,83.2,79.4
שיבא,81.6,2022-02-16T00:00:00.000Z,84.2,61.1,102.2,103.1,92.1
שמיר,76.4,2022-02-16T00:00:00.000Z,71.2,71.1,79.2,77.3,69.9
זיו צפת,95.3,2022-02-16T00:00:00.000Z,89.1,99.3,77.5,76.4,79.1
הדסה עין כרם,88.3,2022-02-16T00:00:00.000Z,103.6,58.3,92.3,85.2,83.8
אסותא אשדוד,113.6,2022-02-16T00:00:00.000Z,119.9,166.1,141,127.2,143.7
קפלן,88.7,2022-02-16T00:00:00.000Z,77,57.3,99.1,87.5,83.6
שערי צדק,88,2022-02-16T00:00:00.000Z,78.7,76.5,112.9,109.7,101.1
סורוקה,66.3,2022-02-16T00:00:00.000Z,64.3,71.3,78.3,73.7,77.3
מאיר,71.5,2022-02-16T00:00:00.000Z,69.4,70.9,89.8,89.4,85.8
הדסה הר הצופים,63.9,2022-02-16T00:00:00.000Z,73.8,72.2,78.5,74.8,74.1
המשפחה הקדושה,175.9,2022-02-16T00:00:00.000Z,,,97.3,,
כלל המוסדות,77.8,2022-02-16T00:00:00.000Z,74.1,73.7,92.9,88.7,86.7
הכרמל,36.8,2022-02-17T00:00:00.000Z,39.6,62,85.7,88.7,84.6
וולפסון,57.4,2022-02-17T00:00:00.000Z,59.1,73,75,76.6,75.3
ברזילי,77.6,2022-02-17T00:00:00.000Z,81.3,85.4,77.8,76.8,79.6
"רמב""ם",80.3,2022-02-17T00:00:00.000Z,78.9,83.1,88.4,92.4,95.2
שמואל הרופא,8.3,2022-02-17T00:00:00.000Z,5.6,79.8,91.8,91,72.9
בני ציון,71.1,2022-02-17T00:00:00.000Z,63.6,70,90.5,81.9,85.3
רבין ק. השרון,51.8,2022-02-17T00:00:00.000Z,52.6,42.2,53.9,59,54.8
המרכזי בעמק,82.6,2022-02-17T00:00:00.000Z,83.4,71.2,71.5,74.9,78.4
איכילוב,73.3,2022-02-17T00:00:00.000Z,70,66,128.9,130.8,130.2
רבין ק. בילינסון,95.2,2022-02-17T00:00:00.000Z,87.5,74.6,93.1,93.5,87.3
לניאדו,83.3,2022-02-17T00:00:00.000Z,77.3,83.5,105.8,98.5,87.2
פוריה,52.6,2022-02-17T00:00:00.000Z,42.9,56.4,63.7,70.4,68.2
הלל יפה,78.1,2022-02-17T00:00:00.000Z,78.8,71.1,84.7,85.1,85.5
יוספטל,162.5,2022-02-17T00:00:00.000Z,137.5,135.4,80,86.4,99.1
נהריה,78.9,2022-02-17T00:00:00.000Z,81.1,74.8,79,83.7,79.5
שיבא,79.5,2022-02-17T00:00:00.000Z,82.6,60.6,98.7,102.9,92.5
שמיר,71.4,2022-02-17T00:00:00.000Z,72.9,71.6,72.8,77.6,70.1
זיו צפת,95.3,2022-02-17T00:00:00.000Z,93.1,99.3,75.2,76,79.3
הדסה עין כרם,91.3,2022-02-17T00:00:00.000Z,100.4,59.6,89.4,85.5,84.1
אסותא אשדוד,133.9,2022-02-17T00:00:00.000Z,118.2,165.9,141.3,128.6,144.1
קפלן,84,2022-02-17T00:00:00.000Z,79.9,56.7,93.3,89.1,84
שערי צדק,83.3,2022-02-17T00:00:00.000Z,80.5,76,105,109.1,100.8
סורוקה,66.7,2022-02-17T00:00:00.000Z,64.3,71.8,75.8,74.1,77.4
מאיר,73.5,2022-02-17T00:00:00.000Z,70,71.6,85,89.1,87
הדסה הר הצופים,58.3,2022-02-17T00:00:00.000Z,71.8,69.8,76.7,74.3,74.1
כלל המוסדות,76,2022-02-17T00:00:00.000Z,74.9,73.9,87.8,88.8,86.9
הכרמל,37.7,2022-02-18T00:00:00.000Z,39.5,62.7,77.7,88.9,86
וולפסון,58.6,2022-02-18T00:00:00.000Z,58.9,72,69.1,76,75
ברזילי,72.9,2022-02-18T00:00:00.000Z,81.4,83.7,71.4,77.5,79.8
כלל המוסדות,77,2022-02-18T00:00:00.000Z,75.9,73.7,80.7,89,87
"רמב""ם",87.4,2022-02-18T00:00:00.000Z,79.9,82.3,85.6,92,95.8
שמואל הרופא,30.6,2022-02-18T00:00:00.000Z,6,80.2,90.6,91,72.9
בני ציון,76,2022-02-18T00:00:00.000Z,65.4,69.7,80.4,83.6,85.9
רבין ק. השרון,53.5,2022-02-18T00:00:00.000Z,52.9,40.4,46.1,58.5,54
המרכזי בעמק,80,2022-02-18T00:00:00.000Z,83.6,70.1,67.1,74.8,78.1
איכילוב,72.3,2022-02-18T00:00:00.000Z,71.4,66,113.9,131,131.1
רבין ק. בילינסון,90.3,2022-02-18T00:00:00.000Z,89.8,75.2,85.6,93.5,87.3
לניאדו,91,2022-02-18T00:00:00.000Z,80.2,83.3,81.3,99.3,87.7
פוריה,46.2,2022-02-18T00:00:00.000Z,45.4,57.1,59.4,69.5,67
הלל יפה,77.4,2022-02-18T00:00:00.000Z,81.2,72.2,76.5,86.5,85.9
יוספטל,162.5,2022-02-18T00:00:00.000Z,144.6,118.8,69.2,87.5,87.9
נהריה,84.2,2022-02-18T00:00:00.000Z,80.8,75,74.7,83.6,79.7
שיבא,78.2,2022-02-18T00:00:00.000Z,82.9,61.4,93.2,102.5,93.3
שמיר,74.5,2022-02-18T00:00:00.000Z,74,72.1,67.6,77.3,70.2
זיו צפת,96.9,2022-02-18T00:00:00.000Z,96.7,100,66.3,76.5,80.1
הדסה עין כרם,94.2,2022-02-18T00:00:00.000Z,98.1,60.3,81.6,86.3,84.6
אסותא אשדוד,113.6,2022-02-18T00:00:00.000Z,119.6,165.4,119.1,129.8,144.6
קפלן,84.7,2022-02-18T00:00:00.000Z,82.6,55.9,85.5,91,83.9
שערי צדק,86.7,2022-02-18T00:00:00.000Z,82.5,75.4,92.5,108.7,100.8
סורוקה,73.6,2022-02-18T00:00:00.000Z,65.7,72.1,75.2,75.4,77.4
מאיר,72.5,2022-02-18T00:00:00.000Z,71,71,78.4,88.7,87
הדסה הר הצופים,58.3,2022-02-18T00:00:00.000Z,71,69.4,74.7,74.2,73.4
כלל המוסדות,83.4,2022-02-19T00:00:00.000Z,76.9,73.4,84.6,89.2,86.9
הכרמל,43.4,2022-02-19T00:00:00.000Z,39.6,63.5,86.1,88.5,86.9
וולפסון,61.1,2022-02-19T00:00:00.000Z,58.8,71,74.5,76,74.1
ברזילי,88.5,2022-02-19T00:00:00.000Z,81,81.6,77.2,77.5,78.5
"רמב""ם",92.9,2022-02-19T00:00:00.000Z,81,81.1,90,92.3,95.6
שמואל הרופא,50,2022-02-19T00:00:00.000Z,9.5,80.2,93,91,72.9
בני ציון,76,2022-02-19T00:00:00.000Z,67.9,71.3,89.8,85.3,86.8
רבין ק. השרון,58.8,2022-02-19T00:00:00.000Z,53.4,39,58.5,58.2,53.5
המרכזי בעמק,89.7,2022-02-19T00:00:00.000Z,83.1,70.5,75.2,74.5,77.5
איכילוב,78.3,2022-02-19T00:00:00.000Z,72.5,64.6,107.1,131.2,130.8
רבין ק. בילינסון,98.2,2022-02-19T00:00:00.000Z,91.9,74.9,92.7,93.8,87.4
לניאדו,101.3,2022-02-19T00:00:00.000Z,83.3,83.9,90,100,87.5
פוריה,55.1,2022-02-19T00:00:00.000Z,46.7,56.6,64.2,69.1,66.4
הלל יפה,82.9,2022-02-19T00:00:00.000Z,81.6,72.1,83.9,86.9,86.9
יוספטל,175,2022-02-19T00:00:00.000Z,142.9,120.8,69.2,86.2,82.4
נהריה,90.5,2022-02-19T00:00:00.000Z,81.8,74.3,79.5,83.5,79.5
שיבא,82.8,2022-02-19T00:00:00.000Z,82.9,62.2,94.7,102,93.8
שמיר,79.2,2022-02-19T00:00:00.000Z,75.2,72,70,77.2,70
זיו צפת,107.8,2022-02-19T00:00:00.000Z,98.7,96.2,78.1,76.6,79.2
הדסה עין כרם,101.9,2022-02-19T00:00:00.000Z,96.1,60.9,85.2,86.4,84.1
אסותא אשדוד,115.3,2022-02-19T00:00:00.000Z,119.9,164.9,115,130.6,143.5
קפלן,92.7,2022-02-19T00:00:00.000Z,84.9,56.3,90.3,92.5,83.5
שערי צדק,90,2022-02-19T00:00:00.000Z,84.2,75.4,95.3,108.1,99.9
סורוקה,76,2022-02-19T00:00:00.000Z,68.1,70.9,78.5,76.9,77.2
מאיר,83.5,2022-02-19T00:00:00.000Z,72.7,71.1,86.5,88.4,87.6
הדסה הר הצופים,52.8,2022-02-19T00:00:00.000Z,69.8,72.2,75.3,75.5,73.2
הכרמל,38.7,2022-02-20T00:00:00.000Z,40.3,64.3,93.5,88.4,87.4
וולפסון,63.1,2022-02-20T00:00:00.000Z,59.1,68.6,81.8,76.5,73.2
ברזילי,91.1,2022-02-20T00:00:00.000Z,81.5,81.1,87.6,77.7,77.8
"רמב""ם",90.9,2022-02-20T00:00:00.000Z,83,81.2,98.2,92.8,95.4
שמואל הרופא,69.4,2022-02-20T00:00:00.000Z,15.9,80.6,94.4,91.2,73
בני ציון,76.9,2022-02-20T00:00:00.000Z,70.4,72.5,95.2,87.6,87.4
רבין ק. השרון,57,2022-02-20T00:00:00.000Z,54.4,38.1,66.4,59.4,53.1
המרכזי בעמק,95.5,2022-02-20T00:00:00.000Z,84.5,70.3,77.7,75.1,76.8
איכילוב,80.7,2022-02-20T00:00:00.000Z,74.2,63.2,141.8,129.1,129.9
רבין ק. בילינסון,111,2022-02-20T00:00:00.000Z,94,74.4,101.9,94.3,87.3
לניאדו,89.7,2022-02-20T00:00:00.000Z,86.8,82.4,110.9,100.4,86.1
פוריה,56.4,2022-02-20T00:00:00.000Z,47.8,54.4,69,68.3,65.2
הלל יפה,79.5,2022-02-20T00:00:00.000Z,82.2,70.7,89.1,87.4,87.2
יוספטל,150,2022-02-20T00:00:00.000Z,142.9,106.3,87.7,82.6,74.5
נהריה,95.8,2022-02-20T00:00:00.000Z,82.3,74.7,83.4,83.4,79.4
שיבא,91.2,2022-02-20T00:00:00.000Z,82.5,61.8,103.8,101,93.6
שמיר,80.3,2022-02-20T00:00:00.000Z,76.1,71.3,78.3,76.5,69.3
זיו צפת,118.8,2022-02-20T00:00:00.000Z,100,94.2,86.5,77.2,78.3
הדסה עין כרם,90.3,2022-02-20T00:00:00.000Z,94.6,60.1,87.6,86.8,83.7
אסותא אשדוד,122,2022-02-20T00:00:00.000Z,121.1,167.6,133.4,132.4,143.7
קפלן,91.3,2022-02-20T00:00:00.000Z,86.8,56.1,94.5,94,82.7
שערי צדק,89.3,2022-02-20T00:00:00.000Z,86,75.1,108.6,107.2,99.4
סורוקה,77.9,2022-02-20T00:00:00.000Z,70.2,69.7,82.8,77.9,77.1
מאיר,88.5,2022-02-20T00:00:00.000Z,74.4,72.1,96.1,88.3,87.6
הדסה הר הצופים,58.3,2022-02-20T00:00:00.000Z,66.7,75,77.1,76.4,73.5
כלל המוסדות,85.5,2022-02-20T00:00:00.000Z,78.2,72.9,93.8,89.3,86.5
כלל המוסדות,85.4,2022-02-21T00:00:00.000Z,79.6,72.5,93.8,89.7,86.1
הכרמל,41.5,2022-02-21T00:00:00.000Z,39.6,65.5,96.3,88.5,88.5
וולפסון,63.1,2022-02-21T00:00:00.000Z,59.1,66.8,78.9,76.9,71.9
ברזילי,88.5,2022-02-21T00:00:00.000Z,82.1,80.1,78.1,78.8,77
"רמב""ם",94.9,2022-02-21T00:00:00.000Z,85.2,81.3,95.9,93.3,95.4
שמואל הרופא,100,2022-02-21T00:00:00.000Z,25,80.6,97.1,91.7,72.9
בני ציון,82.6,2022-02-21T00:00:00.000Z,72.3,72.8,97.9,89.5,87.6
רבין ק. השרון,54.4,2022-02-21T00:00:00.000Z,54.6,35.8,61.8,59.6,51.7
המרכזי בעמק,92.9,2022-02-21T00:00:00.000Z,86.2,69.3,77,75.3,75.8
איכילוב,76,2022-02-21T00:00:00.000Z,75.7,62.7,121.1,129.9,129.8
רבין ק. בילינסון,106.6,2022-02-21T00:00:00.000Z,96.9,75.2,102.1,95.3,87.1
לניאדו,83.3,2022-02-21T00:00:00.000Z,88.1,81,100.8,100.8,85.2
פוריה,61.5,2022-02-21T00:00:00.000Z,48.9,50.7,73.8,67.4,63.7
הלל יפה,84.9,2022-02-21T00:00:00.000Z,82.7,70.5,94.6,87.7,87.6
יוספטל,150,2022-02-21T00:00:00.000Z,146.4,91.7,87.7,81.8,67
נהריה,100.5,2022-02-21T00:00:00.000Z,84.7,74.8,91.5,83.1,79.2
שיבא,99.2,2022-02-21T00:00:00.000Z,83.7,61.4,108.8,100.8,93.6
שמיר,82.6,2022-02-21T00:00:00.000Z,76.7,71,80.7,76.2,68.6
זיו צפת,103.1,2022-02-21T00:00:00.000Z,103.8,92.4,86.2,77.5,76.8
הדסה עין כרם,98.1,2022-02-21T00:00:00.000Z,93.8,59.5,95.1,87.7,83.4
אסותא אשדוד,125.4,2022-02-21T00:00:00.000Z,121.3,167.8,136.9,133.1,143.5
קפלן,94,2022-02-21T00:00:00.000Z,88.1,56.9,93.1,94.4,82
שערי צדק,84.7,2022-02-21T00:00:00.000Z,86.7,74.9,112.8,106.6,99
סורוקה,71.3,2022-02-21T00:00:00.000Z,72.4,69.8,82.6,79,76.8
מאיר,79,2022-02-21T00:00:00.000Z,77.4,72.4,103.1,89.1,86.8
הדסה הר הצופים,61.1,2022-02-21T00:00:00.000Z,64.7,77,77.8,77.2,73.3
הכרמל,37.7,2022-02-22T00:00:00.000Z,39.5,65.2,91.6,89.2,89.4
וולפסון,61.1,2022-02-22T00:00:00.000Z,59.5,65.2,76.7,76.6,71.2
ברזילי,82.3,2022-02-22T00:00:00.000Z,82.7,79.3,80.8,78.6,76.8
"רמב""ם",88.4,2022-02-22T00:00:00.000Z,87.8,81.4,97,93.1,94.8
שמואל הרופא,105.6,2022-02-22T00:00:00.000Z,38.5,80.6,97.7,92.4,73
בני ציון,74.4,2022-02-22T00:00:00.000Z,74.5,74.1,93.8,91,87.7
רבין ק. השרון,58.8,2022-02-22T00:00:00.000Z,54.6,34.6,66.4,59.6,51.3
המרכזי בעמק,100,2022-02-22T00:00:00.000Z,87.2,67.6,78.8,74.9,74.8
איכילוב,79.3,2022-02-22T00:00:00.000Z,75.4,61.7,124.5,127.1,128.9
רבין ק. בילינסון,111.9,2022-02-22T00:00:00.000Z,98.9,75,105.1,96.2,87.4
לניאדו,80.8,2022-02-22T00:00:00.000Z,87.9,80,104.7,100.8,85.1
פוריה,67.9,2022-02-22T00:00:00.000Z,51.8,47.8,74.6,67.8,63.3
הלל יפה,91.8,2022-02-22T00:00:00.000Z,82.8,71.2,95.9,88,87.8
יוספטל,206.3,2022-02-22T00:00:00.000Z,151.8,77.1,109.2,80.9,64.8
נהריה,95.3,2022-02-22T00:00:00.000Z,87.7,74.7,87.3,83.7,79.1
שיבא,100.4,2022-02-22T00:00:00.000Z,86,61,107.4,101.3,93.6
שמיר,80.7,2022-02-22T00:00:00.000Z,77.4,71.5,81.8,76,68.3
זיו צפת,104.7,2022-02-22T00:00:00.000Z,102.7,89.7,81.8,78.1,75.8
הדסה עין כרם,98.1,2022-02-22T00:00:00.000Z,93.5,59.6,89.9,88.7,84.5
אסותא אשדוד,127.1,2022-02-22T00:00:00.000Z,121.3,167.3,144,133.3,142.7
קפלן,91.3,2022-02-22T00:00:00.000Z,89,57.6,95.2,94,82.4
סורוקה,74.4,2022-02-22T00:00:00.000Z,71.9,69,80.4,79.2,77.1
מאיר,68.5,2022-02-22T00:00:00.000Z,78.2,71.9,80.5,90.3,85.9
הדסה הר הצופים,50,2022-02-22T00:00:00.000Z,59.9,75.4,83,77.2,72.2
כלל המוסדות,84.9,2022-02-22T00:00:00.000Z,80.5,72,92.9,89.7,86
שערי צדק,83.3,2022-02-22T00:00:00.000Z,86.7,73.4,114.1,106.2,98.6
הכרמל,38.7,2022-02-23T00:00:00.000Z,39.1,65,74.4,89.3,88.8
וולפסון,60.7,2022-02-23T00:00:00.000Z,59.9,64.4,78.3,76.1,70.6
ברזילי,78.6,2022-02-23T00:00:00.000Z,83.1,78.1,79.8,79,75.9
"רמב""ם",84.8,2022-02-23T00:00:00.000Z,88.8,81.5,96.3,93.1,94.6
שמואל הרופא,102.8,2022-02-23T00:00:00.000Z,52.8,79.8,94.4,93.5,73.9
בני ציון,76,2022-02-23T00:00:00.000Z,75.3,75,90.1,91.7,88.3
רבין ק. השרון,56.1,2022-02-23T00:00:00.000Z,55.3,34.8,64.7,59.7,50.9
איכילוב,75.3,2022-02-23T00:00:00.000Z,76.3,62,122.2,125.1,129.4
רבין ק. בילינסון,109.3,2022-02-23T00:00:00.000Z,101.3,77,98.6,97.2,87.8
לניאדו,87.2,2022-02-23T00:00:00.000Z,87.4,78.9,101.4,99.7,83.8
פוריה,65.4,2022-02-23T00:00:00.000Z,54.4,47.1,78,67.9,63.8
הלל יפה,99.3,2022-02-23T00:00:00.000Z,83.1,72.1,95.1,88.2,87.2
יוספטל,112.5,2022-02-23T00:00:00.000Z,165.2,61.5,67.7,85.5,59.3
נהריה,95.8,2022-02-23T00:00:00.000Z,89.6,73.8,91.1,83.5,78.6
שיבא,89.1,2022-02-23T00:00:00.000Z,87.6,61.9,105.4,101.3,93.9
שמיר,86.5,2022-02-23T00:00:00.000Z,77.9,72.3,81.7,75.8,67.9
זיו צפת,98.4,2022-02-23T00:00:00.000Z,103.1,87.3,85.6,78.8,74.1
הדסה עין כרם,104.9,2022-02-23T00:00:00.000Z,94.6,60.3,90.1,88.7,85.5
אסותא אשדוד,127.1,2022-02-23T00:00:00.000Z,121.5,164.9,144.7,133,141.6
קפלן,86,2022-02-23T00:00:00.000Z,89.5,58.5,80,93,82.2
סורוקה,73.3,2022-02-23T00:00:00.000Z,72.3,68.9,77.4,79.1,77.6
מאיר,68.5,2022-02-23T00:00:00.000Z,76.7,70.5,79.2,88.5,84.8
המרכזי בעמק,89.7,2022-02-23T00:00:00.000Z,88.9,68.1,73.6,74.9,73.3
הדסה הר הצופים,58.3,2022-02-23T00:00:00.000Z,57.5,77.4,77.8,77.6,71.3
כלל המוסדות,83.1,2022-02-23T00:00:00.000Z,81.4,72,89.3,89.5,85.8
הכרמל,41.5,2022-02-24T00:00:00.000Z,39.2,65.2,70.1,86.5,88.2
וולפסון,68.4,2022-02-24T00:00:00.000Z,60.7,64,75.8,76.3,70.2
ברזילי,75.5,2022-02-24T00:00:00.000Z,82.8,78.5,75.3,78.9,75.3
"רמב""ם",85.9,2022-02-24T00:00:00.000Z,88.5,81.1,92.7,93.1,93.7
שמואל הרופא,100,2022-02-24T00:00:00.000Z,66.7,79,76,94.1,74.7
בני ציון,72.7,2022-02-24T00:00:00.000Z,76.2,74.9,81.1,91.1,88.6
רבין ק. השרון,55.3,2022-02-24T00:00:00.000Z,55.8,34.7,59.3,59.7,50.7
איכילוב,76.7,2022-02-24T00:00:00.000Z,76.5,62,118.2,122.8,125.9
רבין ק. בילינסון,100,2022-02-24T00:00:00.000Z,103.2,79.4,90.3,97,87.3
לניאדו,76.9,2022-02-24T00:00:00.000Z,88.1,79.1,97.8,99.3,84.6
פוריה,71.8,2022-02-24T00:00:00.000Z,57.9,48.4,71.8,69,63.7
הלל יפה,88.4,2022-02-24T00:00:00.000Z,84.8,73.6,86,88.5,85.9
יוספטל,87.5,2022-02-24T00:00:00.000Z,159.8,54.5,63.1,81.5,56.7
נהריה,96.8,2022-02-24T00:00:00.000Z,91.6,72.6,81.6,83.8,77.8
שיבא,97.5,2022-02-24T00:00:00.000Z,88.6,62.5,108,101.7,93.8
שמיר,86.9,2022-02-24T00:00:00.000Z,79.3,73.1,75.3,76.1,67.5
זיו צפת,82.8,2022-02-24T00:00:00.000Z,103.6,85.9,74.4,80,73.6
הדסה עין כרם,98.1,2022-02-24T00:00:00.000Z,96.9,60.1,88.9,88.4,86
אסותא אשדוד,133.9,2022-02-24T00:00:00.000Z,123.5,164.6,141,133.5,141.1
קפלן,86,2022-02-24T00:00:00.000Z,89.1,59.7,74.7,90.3,80.2
סורוקה,66.3,2022-02-24T00:00:00.000Z,73.3,67.8,72,79,76.7
מאיר,59,2022-02-24T00:00:00.000Z,76.3,68.1,72.4,87,81.4
המרכזי בעמק,80.6,2022-02-24T00:00:00.000Z,90,67.8,63.7,74.4,71.5
הדסה הר הצופים,66.7,2022-02-24T00:00:00.000Z,56.7,77.4,78.1,77.5,70.6
כלל המוסדות,81.3,2022-02-24T00:00:00.000Z,82.2,72.1,84.4,89,85
הכרמל,43.4,2022-02-25T00:00:00.000Z,39.9,65.8,68.1,84.3,87.4
וולפסון,69.7,2022-02-25T00:00:00.000Z,62.3,64.9,68.2,76.5,69.8
ברזילי,81.3,2022-02-25T00:00:00.000Z,82.5,80.1,70,78.6,75.2
"רמב""ם",91.4,2022-02-25T00:00:00.000Z,89.3,82.3,83.2,93.7,93.9
שמואל הרופא,91.7,2022-02-25T00:00:00.000Z,79.8,77.8,74.2,91.9,75.2
בני ציון,79.3,2022-02-25T00:00:00.000Z,76.4,75.9,70.7,89.7,89
רבין ק. השרון,44.7,2022-02-25T00:00:00.000Z,56.3,36,38.2,60.5,50.7
איכילוב,72,2022-02-25T00:00:00.000Z,77,63.2,98,121.3,122.9
רבין ק. בילינסון,104,2022-02-25T00:00:00.000Z,103.9,81.2,85.2,96.6,86.4
לניאדו,66.7,2022-02-25T00:00:00.000Z,87.2,81.1,78.3,98.1,85.2
פוריה,69.2,2022-02-25T00:00:00.000Z,60.6,49.6,63.7,70.1,63.8
הלל יפה,80.8,2022-02-25T00:00:00.000Z,86.3,74.5,77.9,88.7,84.7
יוספטל,93.8,2022-02-25T00:00:00.000Z,149.1,56.3,46.2,79.1,56.5
נהריה,104.7,2022-02-25T00:00:00.000Z,94.1,72.3,77.3,84.1,77.6
שמיר,84.2,2022-02-25T00:00:00.000Z,81.5,73.9,68.2,76.5,67.8
זיו צפת,95.3,2022-02-25T00:00:00.000Z,101.8,85.9,65.7,79.8,74.3
הדסה הר הצופים,61.1,2022-02-25T00:00:00.000Z,57.9,78.2,78.1,77.7,70.8
הדסה עין כרם,101,2022-02-25T00:00:00.000Z,97.9,60.1,81.1,88.3,86.3
אסותא אשדוד,127.1,2022-02-25T00:00:00.000Z,123.5,165.6,123.2,133.4,140
קפלן,80,2022-02-25T00:00:00.000Z,89.4,62.1,68,87.6,79.4
סורוקה,66.3,2022-02-25T00:00:00.000Z,73.3,66.6,67.2,78.4,75.9
מאיר,59.5,2022-02-25T00:00:00.000Z,74.2,66.9,67.1,85.2,78.7
המרכזי בעמק,77.4,2022-02-25T00:00:00.000Z,89.8,69.8,61.7,73.3,71.1
המשפחה הקדושה,172.4,2022-02-25T00:00:00.000Z,175.9,175.9,118.1,97.3,149.6
כלל המוסדות,80.9,2022-02-25T00:00:00.000Z,82.9,72.9,74.4,88.5,84.4
הכרמל,51.9,2022-02-26T00:00:00.000Z,40.7,65.9,73.6,82.9,85.9
וולפסון,75.4,2022-02-26T00:00:00.000Z,63.9,65.5,73.5,76.3,69.5
ברזילי,85.9,2022-02-26T00:00:00.000Z,83.7,81.3,74.3,78.4,75.6
כלל המוסדות,87.2,2022-02-26T00:00:00.000Z,83.5,73.7,79.7,87.6,84.1
"רמב""ם",93.9,2022-02-26T00:00:00.000Z,89.9,83.2,86.5,93.3,93.6
שמואל הרופא,91.7,2022-02-26T00:00:00.000Z,88.5,77.4,76,89.5,76.1
בני ציון,82.6,2022-02-26T00:00:00.000Z,76.9,75.9,79.2,88.4,88.8
רבין ק. השרון,55.3,2022-02-26T00:00:00.000Z,55,38.3,51.5,59.3,51.6
איכילוב,80.3,2022-02-26T00:00:00.000Z,76.9,66,107.2,119,121.1
רבין ק. בילינסון,113.2,2022-02-26T00:00:00.000Z,105.9,83.3,91.8,96.6,85.7
לניאדו,83.3,2022-02-26T00:00:00.000Z,83.7,82.4,88.3,97.7,84.9
פוריה,73.1,2022-02-26T00:00:00.000Z,63.9,47.6,67.9,70.7,63.3
הלל יפה,89,2022-02-26T00:00:00.000Z,86.8,75.5,85.8,88.9,83.7
יוספטל,87.5,2022-02-26T00:00:00.000Z,139.3,47.3,43.1,75.8,54.9
נהריה,112.1,2022-02-26T00:00:00.000Z,97.1,72.6,82.9,84.5,77.2
שמיר,87.6,2022-02-26T00:00:00.000Z,82.9,75.2,71.6,76.6,68.1
זיו צפת,104.7,2022-02-26T00:00:00.000Z,101.6,88.4,73.8,79.7,75.5
הדסה הר הצופים,55.6,2022-02-26T00:00:00.000Z,58.3,76.2,76.7,78.2,70.9
הדסה עין כרם,106.8,2022-02-26T00:00:00.000Z,98.9,59.8,86.9,88.3,87
אסותא אשדוד,123.7,2022-02-26T00:00:00.000Z,125.4,164.4,114,134,139
קפלן,85.3,2022-02-26T00:00:00.000Z,88.8,65.1,74,85.1,79.1
סורוקה,70.9,2022-02-26T00:00:00.000Z,72.2,66.1,71.3,77.3,75.2
מאיר,70.5,2022-02-26T00:00:00.000Z,72.4,67.6,75.3,83.5,77.3
המרכזי בעמק,85.2,2022-02-26T00:00:00.000Z,89.4,71.2,68.6,72.5,71
המשפחה הקדושה,172.4,2022-02-26T00:00:00.000Z,174.1,181,118.1,107.7,151.2
כלל המוסדות,88.9,2022-02-27T00:00:00.000Z,84,74.5,88.1,86.9,83.9
הכרמל,53.8,2022-02-27T00:00:00.000Z,41.9,66.2,77.3,81.1,85
וולפסון,73.8,2022-02-27T00:00:00.000Z,65.9,66.6,80.1,76.2,69.3
ברזילי,91.7,2022-02-27T00:00:00.000Z,83.3,81.5,83.6,78,75.6
"רמב""ם",87.4,2022-02-27T00:00:00.000Z,90,83.2,94.7,92.8,92.9
שמואל הרופא,88.9,2022-02-27T00:00:00.000Z,94.4,77.4,78.6,87.1,77
בני ציון,77.7,2022-02-27T00:00:00.000Z,77.8,77,87.3,86.8,89.5
רבין ק. השרון,59.6,2022-02-27T00:00:00.000Z,54.5,40.4,67.2,58.3,51.9
איכילוב,79.3,2022-02-27T00:00:00.000Z,77.2,68.3,123.9,119,119.8
רבין ק. בילינסון,115.4,2022-02-27T00:00:00.000Z,108,85.4,95.9,96.4,85.3
לניאדו,85.9,2022-02-27T00:00:00.000Z,81.1,84.1,101.4,97.5,85.9
פוריה,79.5,2022-02-27T00:00:00.000Z,66.5,46.5,79.4,71.3,63.4
הלל יפה,91.1,2022-02-27T00:00:00.000Z,87.7,77.2,88.9,89.2,83.6
יוספטל,75,2022-02-27T00:00:00.000Z,126.8,47.3,47.7,72.1,54.3
נהריה,100.5,2022-02-27T00:00:00.000Z,100.2,72.1,83.3,85,76.5
שיבא,100,2022-02-27T00:00:00.000Z,91.2,62,105.6,103.1,93.4
שמיר,92.7,2022-02-27T00:00:00.000Z,84.1,76.9,77.9,76.8,68.7
זיו צפת,104.7,2022-02-27T00:00:00.000Z,101.1,90.8,79,79.1,76.9
הדסה הר הצופים,52.8,2022-02-27T00:00:00.000Z,58.7,74.6,77.8,78.4,70.1
הדסה עין כרם,101,2022-02-27T00:00:00.000Z,99.6,59.8,90.1,88.5,87.2
אסותא אשדוד,135.6,2022-02-27T00:00:00.000Z,126.6,159.8,139.2,133.9,137.4
קפלן,84.7,2022-02-27T00:00:00.000Z,87.7,68,77.2,82.8,79.4
סורוקה,70.5,2022-02-27T00:00:00.000Z,71.5,66,73.7,76.2,74.5
מאיר,82,2022-02-27T00:00:00.000Z,70.5,67.7,80.8,82,76.2
המרכזי בעמק,96.8,2022-02-27T00:00:00.000Z,88.8,72,75.6,71.6,71
המשפחה הקדושה,172.4,2022-02-27T00:00:00.000Z,173.6,178.2,118.1,111.2,149
הכרמל,60.4,2022-02-28T00:00:00.000Z,44.1,66,83.2,78.8,83.4
וולפסון,74.6,2022-02-28T00:00:00.000Z,67.4,67.6,82.3,75.9,70.1
ברזילי,99.5,2022-02-28T00:00:00.000Z,83.4,82.5,84.4,77.4,76.1
"רמב""ם",92.4,2022-02-28T00:00:00.000Z,89.5,83.1,94.5,92.3,92.2
שמואל הרופא,86.1,2022-02-28T00:00:00.000Z,97.2,78.2,80.4,84.8,78.1
בני ציון,81,2022-02-28T00:00:00.000Z,77.9,79,87.8,85.7,90.1
רבין ק. השרון,59.6,2022-02-28T00:00:00.000Z,54.9,42.9,68,58.4,52.7
איכילוב,83,2022-02-28T00:00:00.000Z,77,70.6,126,116.4,118.3
רבין ק. בילינסון,113.7,2022-02-28T00:00:00.000Z,108.6,87.3,96.9,95.6,85.1
לניאדו,83.3,2022-02-28T00:00:00.000Z,80.6,85.3,97.5,96.1,86.7
פוריה,79.5,2022-02-28T00:00:00.000Z,69.8,46.9,82.5,72.8,63.7
הלל יפה,95.9,2022-02-28T00:00:00.000Z,89.3,79,89.5,89.2,83.5
יוספטל,68.8,2022-02-28T00:00:00.000Z,116.1,43.8,38.5,66.4,51.2
נהריה,96.3,2022-02-28T00:00:00.000Z,100.8,71.7,86,85,75.6
שיבא,109.2,2022-02-28T00:00:00.000Z,94.3,62.7,110.2,104.8,93.5
שמיר,85.7,2022-02-28T00:00:00.000Z,85.9,78.4,76.4,76.8,69.4
זיו צפת,115.6,2022-02-28T00:00:00.000Z,99.1,93.3,84.4,78.1,78.5
הדסה הר הצופים,61.1,2022-02-28T00:00:00.000Z,57.9,74.2,80.2,78.5,69.3
הדסה עין כרם,117.5,2022-02-28T00:00:00.000Z,101.1,60.5,94.8,88.9,87.6
אסותא אשדוד,142.4,2022-02-28T00:00:00.000Z,128.6,157.1,142,134.7,136.3
קפלן,86,2022-02-28T00:00:00.000Z,86.8,71,79.2,80.3,79.5
סורוקה,70.9,2022-02-28T00:00:00.000Z,70.4,65.8,75.4,74.9,74.5
מאיר,87.5,2022-02-28T00:00:00.000Z,69.6,68.4,86.6,79.8,75.5
המרכזי בעמק,84.5,2022-02-28T00:00:00.000Z,88.9,73.1,71.3,71.3,71.1
המשפחה הקדושה,172.4,2022-02-28T00:00:00.000Z,173.3,173.3,118.1,112.9,145.5
כלל המוסדות,90.9,2022-02-28T00:00:00.000Z,84.5,75.5,89.9,86.1,83.8
כלל המוסדות,89,2022-03-01T00:00:00.000Z,85.3,76.6,89.4,85.5,83.1
הכרמל,54.7,2022-03-01T00:00:00.000Z,46.8,65.8,73.4,76.9,81.2
וולפסון,74.6,2022-03-01T00:00:00.000Z,69.1,68.7,82.3,76.4,70.8
ברזילי,94.3,2022-03-01T00:00:00.000Z,85,83,86.4,78.3,76.1
"רמב""ם",92.9,2022-03-01T00:00:00.000Z,89.2,83.8,94.8,92.1,92
שמואל הרופא,86.1,2022-03-01T00:00:00.000Z,95.2,78.2,80.1,82.4,78.8
בני ציון,90.9,2022-03-01T00:00:00.000Z,77.7,79.8,94.5,84.3,89.8
רבין ק. השרון,54.4,2022-03-01T00:00:00.000Z,55.6,44.5,65.1,59.3,53.3
איכילוב,78.7,2022-03-01T00:00:00.000Z,78,72.8,119.6,117.1,116.1
רבין ק. בילינסון,113.7,2022-03-01T00:00:00.000Z,109.6,89,96.3,94.8,84.4
לניאדו,82.1,2022-03-01T00:00:00.000Z,80.6,90.7,99.4,95.6,88.5
פוריה,78.2,2022-03-01T00:00:00.000Z,72.3,46.9,83.1,74,63.7
הלל יפה,92.5,2022-03-01T00:00:00.000Z,90.9,80,87,88.5,83.6
יוספטל,50,2022-03-01T00:00:00.000Z,104.5,39.3,56.9,59.3,45.3
נהריה,87.9,2022-03-01T00:00:00.000Z,100.2,71.3,86.8,84.2,74.6
שיבא,96.7,2022-03-01T00:00:00.000Z,98.1,63.6,106.6,107,94.9
שמיר,84.9,2022-03-01T00:00:00.000Z,86.3,78.8,79.2,76.1,69.9
זיו צפת,110.9,2022-03-01T00:00:00.000Z,100.9,95.1,83,77.8,78.6
הדסה הר הצופים,58.3,2022-03-01T00:00:00.000Z,57.9,75,82.3,78.8,69.7
הדסה עין כרם,119.4,2022-03-01T00:00:00.000Z,103.9,60.7,94.6,88.8,86.6
אסותא אשדוד,133.9,2022-03-01T00:00:00.000Z,131,154.2,138.9,135.4,134.5
קפלן,82,2022-03-01T00:00:00.000Z,85.6,74,80,78.3,78.7
סורוקה,67.4,2022-03-01T00:00:00.000Z,70.4,65.9,78,73.9,74.1
מאיר,90.5,2022-03-01T00:00:00.000Z,70.8,68.4,86.1,77.4,74.7
המרכזי בעמק,97.4,2022-03-01T00:00:00.000Z,87.7,74.2,74.1,70.5,70.8
המשפחה הקדושה,210.3,2022-03-01T00:00:00.000Z,173.1,170.3,106.7,114,142.5
הכרמל,55.7,2022-03-02T00:00:00.000Z,49.2,65.2,71.8,74.3,80.7
וולפסון,72.1,2022-03-02T00:00:00.000Z,71,70.1,81.3,77.2,71.4
ברזילי,92.2,2022-03-02T00:00:00.000Z,86.7,82.9,86.3,79.1,75.7
"רמב""ם",91.4,2022-03-02T00:00:00.000Z,89.8,83.5,99.7,91.8,91.5
שמואל הרופא,83.3,2022-03-02T00:00:00.000Z,92.5,79.4,80.6,79.9,79.7
בני ציון,83.5,2022-03-02T00:00:00.000Z,80,80.8,95.4,84.4,89.1
רבין ק. השרון,50,2022-03-02T00:00:00.000Z,55,44.2,60.2,59.2,52.2
איכילוב,82.3,2022-03-02T00:00:00.000Z,77.9,74.1,123.4,116.4,113.4
רבין ק. בילינסון,112.8,2022-03-02T00:00:00.000Z,109.9,88.9,97.7,93.6,83.4
לניאדו,94.9,2022-03-02T00:00:00.000Z,80.8,95.8,98.3,94.9,90.5
פוריה,76.9,2022-03-02T00:00:00.000Z,73.8,46.2,87.3,75.2,63.8
הלל יפה,99.3,2022-03-02T00:00:00.000Z,91,81,92.4,87.2,84.4
יוספטל,62.5,2022-03-02T00:00:00.000Z,82.1,37.5,50.8,51.9,41.3
נהריה,94.7,2022-03-02T00:00:00.000Z,99.2,72.1,86,84.1,74.5
שיבא,93.3,2022-03-02T00:00:00.000Z,98.9,65.3,105,107.4,96.7
שמיר,84.2,2022-03-02T00:00:00.000Z,86.9,78.3,77.1,75.8,70.2
זיו צפת,103.1,2022-03-02T00:00:00.000Z,101.8,95.8,93.4,78,79.6
הדסה הר הצופים,61.1,2022-03-02T00:00:00.000Z,59.1,73.8,79.5,78.7,70.7
הדסה עין כרם,135,2022-03-02T00:00:00.000Z,106.9,60.7,97.2,89.5,85.9
אסותא אשדוד,128.8,2022-03-02T00:00:00.000Z,132,154.2,140.3,134.7,134
קפלן,82,2022-03-02T00:00:00.000Z,84.3,76.9,79.9,76.2,77.4
סורוקה,72.1,2022-03-02T00:00:00.000Z,69.4,67,82.6,73.6,74.1
מאיר,79,2022-03-02T00:00:00.000Z,73.9,69,86,78.2,73.5
המרכזי בעמק,83.2,2022-03-02T00:00:00.000Z,87.4,75.5,71.3,69.8,70.9
המשפחה הקדושה,196.6,2022-03-02T00:00:00.000Z,179.3,168.4,103.4,112.8,139.3
כלל המוסדות,88.5,2022-03-02T00:00:00.000Z,85.9,77.3,90.3,85,82.8
הכרמל,57.5,2022-03-03T00:00:00.000Z,51.6,63.6,72.4,73.9,80
וולפסון,70.9,2022-03-03T00:00:00.000Z,72.7,70.7,76.7,77.6,71.8
ברזילי,79.7,2022-03-03T00:00:00.000Z,88.6,83.3,76,80.1,75.9
"רמב""ם",87.4,2022-03-03T00:00:00.000Z,90.8,83.4,92.1,92.3,91
שמואל הרופא,86.1,2022-03-03T00:00:00.000Z,89.7,80.2,81.2,78,80.6
בני ציון,81.8,2022-03-03T00:00:00.000Z,81.1,82.4,86.1,85.1,87.5
רבין ק. השרון,52.6,2022-03-03T00:00:00.000Z,54.1,45.2,56.8,58.5,51.3
איכילוב,73.7,2022-03-03T00:00:00.000Z,78.9,75.3,120.1,116.6,114.3
רבין ק. בילינסון,110.6,2022-03-03T00:00:00.000Z,110.4,89.2,90,93.5,83.9
לניאדו,97.4,2022-03-03T00:00:00.000Z,81.9,98.7,104.2,94.4,90.6
פוריה,71.8,2022-03-03T00:00:00.000Z,75.5,44.3,77.2,76.5,64.3
הלל יפה,88.4,2022-03-03T00:00:00.000Z,91,80.9,85.8,86.8,84.7
יוספטל,50,2022-03-03T00:00:00.000Z,75,38.4,40,49.5,42.2
נהריה,86.8,2022-03-03T00:00:00.000Z,99,72.7,79.3,83.4,74.2
שיבא,90.8,2022-03-03T00:00:00.000Z,98,68.9,103,106.9,97.8
שמיר,83,2022-03-03T00:00:00.000Z,86.6,78.4,72.5,75.1,70.9
זיו צפת,95.3,2022-03-03T00:00:00.000Z,102.5,96,78.1,79.1,80.4
הדסה הר הצופים,58.3,2022-03-03T00:00:00.000Z,59.5,74.2,74.7,79,72.2
הדסה עין כרם,127.2,2022-03-03T00:00:00.000Z,111.2,61.6,94.4,90.5,85.5
אסותא אשדוד,135.6,2022-03-03T00:00:00.000Z,132.2,153.5,138.9,134.1,134.1
קפלן,82,2022-03-03T00:00:00.000Z,83.7,78.3,72.6,76.1,78
סורוקה,62.4,2022-03-03T00:00:00.000Z,69.2,67.4,74.7,74.3,74.8
מאיר,66,2022-03-03T00:00:00.000Z,75.4,70.2,76.9,79.2,74.4
המרכזי בעמק,71,2022-03-03T00:00:00.000Z,86.5,77.1,64.8,69.5,71.7
המשפחה הקדושה,182.8,2022-03-03T00:00:00.000Z,181.8,167,101.3,111.4,136.6
כלל המוסדות,83.2,2022-03-03T00:00:00.000Z,86.7,77.9,85.1,85.2,83
וולפסון,71.3,2022-03-04T00:00:00.000Z,73,71.4,68.7,77.8,73.3
הכרמל,59.4,2022-03-04T00:00:00.000Z,53.9,62.1,66.1,74.3,79.7
ברזילי,88.5,2022-03-04T00:00:00.000Z,89.2,82.8,73.2,80.2,75.9
"רמב""ם",96,2022-03-04T00:00:00.000Z,91,83.8,85.1,92.2,90.8
שמואל הרופא,77.8,2022-03-04T00:00:00.000Z,87.7,81.7,78.6,78.7,81
בני ציון,76,2022-03-04T00:00:00.000Z,82.4,83.9,80.8,85.8,86.1
איכילוב,74,2022-03-04T00:00:00.000Z,78.5,76.2,98.5,116.9,114.8
רבין ק. השרון,50,2022-03-04T00:00:00.000Z,53.8,45.9,41.1,58.2,51.4
רבין ק. בילינסון,111.5,2022-03-04T00:00:00.000Z,111.9,88.7,84.3,93.4,83.6
לניאדו,96.2,2022-03-04T00:00:00.000Z,84.8,100,78.3,95.3,90.9
פוריה,71.8,2022-03-04T00:00:00.000Z,75.5,42.3,72.1,77.3,64.7
הלל יפה,100.7,2022-03-04T00:00:00.000Z,91,81.2,80.2,86.8,85.7
יוספטל,50,2022-03-04T00:00:00.000Z,69.6,37.5,32.3,46.2,41.8
נהריה,88.9,2022-03-04T00:00:00.000Z,97.6,72.1,74.7,83.1,73.4
שיבא,98.3,2022-03-04T00:00:00.000Z,96.7,69.5,97.8,106.3,98.5
שמיר,82.2,2022-03-04T00:00:00.000Z,86,78.6,65.1,74.7,71
זיו צפת,100,2022-03-04T00:00:00.000Z,104.2,95.1,66.6,79.6,79.8
הדסה הר הצופים,63.9,2022-03-04T00:00:00.000Z,58.3,73.4,70.8,78.5,73.4
הדסה עין כרם,124.3,2022-03-04T00:00:00.000Z,115.4,63,82.9,91.3,85.3
אסותא אשדוד,130.5,2022-03-04T00:00:00.000Z,132.4,152.5,120.1,133.8,133.9
קפלן,78.7,2022-03-04T00:00:00.000Z,83.1,79.6,67.3,75.8,77.8
סורוקה,69.4,2022-03-04T00:00:00.000Z,68.7,68.1,69.3,74.7,75.5
מאיר,71.5,2022-03-04T00:00:00.000Z,76.4,70.9,71.3,79.8,75.4
המרכזי בעמק,81.3,2022-03-04T00:00:00.000Z,85.1,76.3,62.2,69.6,71.9
המשפחה הקדושה,162.1,2022-03-04T00:00:00.000Z,182.8,164.5,89.9,112,132.5
כלל המוסדות,86,2022-03-04T00:00:00.000Z,86.9,78.1,77.3,85.3,83.2
וולפסון,76.2,2022-03-05T00:00:00.000Z,73.2,73.1,75.4,77.8,74.3
הכרמל,60.4,2022-03-05T00:00:00.000Z,56.2,60.1,70.3,74,79.5
ברזילי,92.7,2022-03-05T00:00:00.000Z,90.3,84.5,77.8,80.6,76.7
"רמב""ם",100,2022-03-05T00:00:00.000Z,91.6,83.4,89.9,92.5,90.7
שמואל הרופא,88.9,2022-03-05T00:00:00.000Z,85.7,81.3,80.9,79.3,80.9
בני ציון,81.8,2022-03-05T00:00:00.000Z,81.9,85.2,85,87.3,85.6
איכילוב,80,2022-03-05T00:00:00.000Z,78.8,76.7,106,117,115.3
רבין ק. השרון,60.5,2022-03-05T00:00:00.000Z,54.5,46,53.5,58.6,51.1
רבין ק. בילינסון,119.8,2022-03-05T00:00:00.000Z,113,87.9,92.8,93.3,83.4
לניאדו,110.3,2022-03-05T00:00:00.000Z,89,98.7,83.8,95.3,92.2
פוריה,69.2,2022-03-05T00:00:00.000Z,75.8,44,74.9,78.5,64.9
הלל יפה,118.5,2022-03-05T00:00:00.000Z,93.8,82.3,90.7,87.1,86.5
יוספטל,62.5,2022-03-05T00:00:00.000Z,63.4,34.8,40,44.2,42.2
נהריה,98.9,2022-03-05T00:00:00.000Z,95.3,71.9,85.3,82.7,73.2
שיבא,104.2,2022-03-05T00:00:00.000Z,98,71.3,103.9,105.2,98.7
שמיר,92.7,2022-03-05T00:00:00.000Z,85.8,78.2,69.7,74.3,71.1
זיו צפת,103.1,2022-03-05T00:00:00.000Z,104.9,94.6,74.9,79.7,79.2
הדסה הר הצופים,69.4,2022-03-05T00:00:00.000Z,58.7,74.2,74.3,77.4,74.7
הדסה עין כרם,131.1,2022-03-05T00:00:00.000Z,118.7,64.1,85.2,91.6,85.1
אסותא אשדוד,122,2022-03-05T00:00:00.000Z,132.9,155,119.5,133.3,134.6
קפלן,85.3,2022-03-05T00:00:00.000Z,83,79,75.1,75.7,77.6
סורוקה,74.8,2022-03-05T00:00:00.000Z,69.1,68.6,74.9,75,76.2
מאיר,77.5,2022-03-05T00:00:00.000Z,78.1,70.2,77.2,80.4,75.6
המרכזי בעמק,97.4,2022-03-05T00:00:00.000Z,85.6,74.6,71.5,69.7,72.2
המשפחה הקדושה,169,2022-03-05T00:00:00.000Z,181.3,160.6,98.7,108,127.9
כלל המוסדות,93.1,2022-03-05T00:00:00.000Z,87.7,78.3,83.2,85.7,83.5
וולפסון,66.4,2022-03-06T00:00:00.000Z,73.4,73.7,80.5,78.1,75.2
הכרמל,58.5,2022-03-06T00:00:00.000Z,57.4,59.2,74.8,73.5,79
ברזילי,95.8,2022-03-06T00:00:00.000Z,91.2,85,86.3,81.1,77.3
כלל המוסדות,92.9,2022-03-06T00:00:00.000Z,88.5,78.6,89.4,86.2,83.7
"רמב""ם",91.9,2022-03-06T00:00:00.000Z,92.5,84,95.5,93,90.8
שמואל הרופא,91.7,2022-03-06T00:00:00.000Z,85.3,80.6,81.2,80.1,80.9
בני ציון,86,2022-03-06T00:00:00.000Z,81.8,85.8,93.3,88.1,85.2
איכילוב,87.3,2022-03-06T00:00:00.000Z,78.7,77.4,125,116.8,115.3
רבין ק. השרון,54.4,2022-03-06T00:00:00.000Z,55.3,45.9,66.8,58.9,50.3
רבין ק. בילינסון,124.2,2022-03-06T00:00:00.000Z,113.9,86.7,99.4,93.4,82.6
לניאדו,93.6,2022-03-06T00:00:00.000Z,92.9,98.2,96.7,94.7,91.8
פוריה,76.9,2022-03-06T00:00:00.000Z,75.3,47.8,76.9,79.5,65.6
הלל יפה,105.5,2022-03-06T00:00:00.000Z,98,83.3,94.8,87.8,87
יוספטל,50,2022-03-06T00:00:00.000Z,59.8,33.9,41.5,43.7,42.6
נהריה,91.6,2022-03-06T00:00:00.000Z,93.5,71.7,87.4,83.1,72.9
שיבא,110.9,2022-03-06T00:00:00.000Z,98.9,73.2,106.5,104.6,98.2
שמיר,90.7,2022-03-06T00:00:00.000Z,86.5,78.2,76.1,74,71.2
זיו צפת,107.8,2022-03-06T00:00:00.000Z,104.7,93.8,78.4,79.9,78.5
הדסה הר הצופים,69.4,2022-03-06T00:00:00.000Z,60.7,73.8,76.7,77.1,76.2
הדסה עין כרם,129.1,2022-03-06T00:00:00.000Z,122.2,64.9,89.9,91.3,85.1
אסותא אשדוד,137.3,2022-03-06T00:00:00.000Z,132.7,158.1,142.3,134.1,135.6
קפלן,90.7,2022-03-06T00:00:00.000Z,83,78.8,79.7,75.9,77.3
סורוקה,77.1,2022-03-06T00:00:00.000Z,69.7,68.2,82.4,75.5,76.6
מאיר,85.5,2022-03-06T00:00:00.000Z,79.1,71.3,86.1,80.7,76
המרכזי בעמק,89,2022-03-06T00:00:00.000Z,87.4,73.5,70.8,70.1,72.6
המשפחה הקדושה,189.7,2022-03-06T00:00:00.000Z,180.8,158.6,94,105.2,124.4
וולפסון,69.7,2022-03-07T00:00:00.000Z,72.3,74.1,80.8,78.2,75.3
כלל המוסדות,93,2022-03-07T00:00:00.000Z,89.1,78.8,91.1,86.4,83.8
הכרמל,58.5,2022-03-07T00:00:00.000Z,58.1,58.2,75.7,73.2,78.9
ברזילי,87.5,2022-03-07T00:00:00.000Z,91.8,85,86.9,81.5,77.7
"רמב""ם",94.9,2022-03-07T00:00:00.000Z,93.1,85.2,97.2,93.1,91
שמואל הרופא,94.4,2022-03-07T00:00:00.000Z,85.7,79.4,83,80.4,80.8
בני ציון,85.1,2022-03-07T00:00:00.000Z,83,86.2,89.6,89,85.1
איכילוב,82.3,2022-03-07T00:00:00.000Z,79.9,78.6,122.3,116.9,115.2
רבין ק. השרון,54.4,2022-03-07T00:00:00.000Z,54.5,45.6,64.3,58.8,49.7
רבין ק. בילינסון,122.5,2022-03-07T00:00:00.000Z,115.2,85,98.7,93.9,81.6
לניאדו,96.2,2022-03-07T00:00:00.000Z,94,98.9,96.1,94,91.9
פוריה,66.7,2022-03-07T00:00:00.000Z,74.9,50.7,77.2,79.2,66.3
הלל יפה,108.2,2022-03-07T00:00:00.000Z,100.1,83.2,99.4,88.6,87.3
יוספטל,50,2022-03-07T00:00:00.000Z,56.3,35.7,43.1,42.9,45.7
נהריה,95.3,2022-03-07T00:00:00.000Z,92.2,72.7,91.5,83.7,73
שיבא,100,2022-03-07T00:00:00.000Z,100.5,75.9,108.5,104.7,98.9
שמיר,95.4,2022-03-07T00:00:00.000Z,86.2,77.7,81.3,73.7,71
זיו צפת,106.3,2022-03-07T00:00:00.000Z,105.1,91.1,79.5,79.8,77.9
הדסה הר הצופים,80.6,2022-03-07T00:00:00.000Z,63.1,73.8,86.1,76.9,77.1
הדסה עין כרם,126.2,2022-03-07T00:00:00.000Z,126.2,65.3,96.7,91.3,84.8
אסותא אשדוד,147.5,2022-03-07T00:00:00.000Z,132.9,160.8,151.2,134.6,137
קפלן,86,2022-03-07T00:00:00.000Z,83.8,78.3,77.7,76.2,77.2
סורוקה,83.7,2022-03-07T00:00:00.000Z,70.6,67.1,83.7,76.8,76.6
מאיר,90.5,2022-03-07T00:00:00.000Z,79.6,72,88.3,81.5,76.2
המרכזי בעמק,94.2,2022-03-07T00:00:00.000Z,86.3,72.9,72.8,69.5,73.1
המשפחה הקדושה,189.7,2022-03-07T00:00:00.000Z,183.3,158.6,98,101.7,122.4
וולפסון,67.6,2022-03-08T00:00:00.000Z,71.6,73.8,77.2,78,75.1
הכרמל,54.7,2022-03-08T00:00:00.000Z,57.8,58.1,72.8,72.1,78.7
ברזילי,87,2022-03-08T00:00:00.000Z,90.1,85.9,85.1,81.8,78
"רמב""ם",91.4,2022-03-08T00:00:00.000Z,93.5,86.9,96.3,93.5,91
שמואל הרופא,97.2,2022-03-08T00:00:00.000Z,86.9,79.8,82.7,80.8,81.1
בני ציון,89.3,2022-03-08T00:00:00.000Z,83.6,86.8,88.9,89.2,85.4
איכילוב,83.3,2022-03-08T00:00:00.000Z,79.8,80,124.6,116.4,116.1
רבין ק. השרון,50,2022-03-08T00:00:00.000Z,53.8,46.6,58.9,58.3,49.4
רבין ק. בילינסון,111,2022-03-08T00:00:00.000Z,116.4,85.1,94.6,94.2,81.6
לניאדו,101.3,2022-03-08T00:00:00.000Z,95.8,97.4,100.3,93.8,90.7
פוריה,70.5,2022-03-08T00:00:00.000Z,73.1,50.9,73.8,78.4,65.8
הלל יפה,102.7,2022-03-08T00:00:00.000Z,101.9,83.9,93.6,90,87.4
יוספטל,62.5,2022-03-08T00:00:00.000Z,53.6,41.1,44.6,43.5,50.1
נהריה,99.5,2022-03-08T00:00:00.000Z,92,74.4,91.9,84.4,73.6
שיבא,103.3,2022-03-08T00:00:00.000Z,99.2,76.7,110.6,104.5,98.9
שמיר,88.4,2022-03-08T00:00:00.000Z,87.6,78.6,78.7,74.4,70.6
זיו צפת,121.9,2022-03-08T00:00:00.000Z,103.8,90.6,81.8,79.1,77.9
הדסה הר הצופים,75,2022-03-08T00:00:00.000Z,65.9,75,91.7,77.8,77.5
המשפחה הקדושה,213.8,2022-03-08T00:00:00.000Z,185.7,158.6,108.1,98.8,121
הדסה עין כרם,120.4,2022-03-08T00:00:00.000Z,127.5,65.5,96.6,91.6,85.3
אסותא אשדוד,149.2,2022-03-08T00:00:00.000Z,133.7,163,148.8,135.9,139.9
קפלן,90,2022-03-08T00:00:00.000Z,83.8,77.8,75.4,76,77.1
סורוקה,74,2022-03-08T00:00:00.000Z,72.4,67.6,78.3,77.9,76.7
מאיר,87.5,2022-03-08T00:00:00.000Z,80.1,72.8,86,81.7,76.5
המרכזי בעמק,85.8,2022-03-08T00:00:00.000Z,87.6,72.2,70.5,69.7,73.2
כלל המוסדות,91.2,2022-03-08T00:00:00.000Z,89.4,79.4,90,86.5,84.2
וולפסון,68,2022-03-09T00:00:00.000Z,70.6,73,77.2,77.2,75.3
כלל המוסדות,91.6,2022-03-09T00:00:00.000Z,89.7,79.8,89.8,86.6,84.4
הכרמל,53.8,2022-03-09T00:00:00.000Z,57.8,58.9,71.6,72,78.9
ברזילי,96.9,2022-03-09T00:00:00.000Z,89.1,87.9,89.7,81.6,79
"רמב""ם",96,2022-03-09T00:00:00.000Z,93.3,88.3,99,93.7,91
שמואל הרופא,97.2,2022-03-09T00:00:00.000Z,88.5,79.4,83,81.2,81.2
בני ציון,82.6,2022-03-09T00:00:00.000Z,83.4,86,90.3,88.5,85.3
איכילוב,83.7,2022-03-09T00:00:00.000Z,80.4,81.1,121.1,117.1,116.8
רבין ק. השרון,54.4,2022-03-09T00:00:00.000Z,53.1,48.7,58.9,57.4,50.6
רבין ק. בילינסון,117.6,2022-03-09T00:00:00.000Z,116,84.8,99.4,93.9,81.5
לניאדו,97.4,2022-03-09T00:00:00.000Z,98.5,95.1,95.5,94,89.1
פוריה,82.1,2022-03-09T00:00:00.000Z,72,52.2,82,77.1,66.1
הלל יפה,99.3,2022-03-09T00:00:00.000Z,103.3,83.7,94.2,91,87.4
יוספטל,68.8,2022-03-09T00:00:00.000Z,55.4,41.1,43.1,41.8,49.5
נהריה,98.4,2022-03-09T00:00:00.000Z,93.7,75.6,89.6,85.2,73.9
שיבא,107.9,2022-03-09T00:00:00.000Z,100.1,76.3,108.9,105.1,98.9
שמיר,89.2,2022-03-09T00:00:00.000Z,88.1,79,77,74.3,70.7
זיו צפת,109.4,2022-03-09T00:00:00.000Z,105.4,92.4,79.8,79,77.8
הדסה הר הצופים,75,2022-03-09T00:00:00.000Z,68.3,76.6,92.4,79.1,78.6
המשפחה הקדושה,196.6,2022-03-09T00:00:00.000Z,186.2,158.6,94.6,99,120.7
הדסה עין כרם,124.3,2022-03-09T00:00:00.000Z,127.6,65.5,98.7,91.9,85.2
אסותא אשדוד,152.5,2022-03-09T00:00:00.000Z,135.8,163.9,151.9,137.3,141.6
קפלן,80.7,2022-03-09T00:00:00.000Z,85,78.2,78.8,75.4,77.6
סורוקה,68.2,2022-03-09T00:00:00.000Z,73.4,68.8,74.7,78,76.5
מאיר,87.5,2022-03-09T00:00:00.000Z,79.6,73.4,85.6,81.7,76.7
המרכזי בעמק,83.9,2022-03-09T00:00:00.000Z,86,71.4,70.2,69.1,74
וולפסון,62.3,2022-03-10T00:00:00.000Z,70,72.4,68.2,76.6,75.5
הכרמל,54.7,2022-03-10T00:00:00.000Z,57.5,60.8,65.2,72,79
ברזילי,91.1,2022-03-10T00:00:00.000Z,89.7,89.7,83.1,82.1,79.6
"רמב""ם",93.9,2022-03-10T00:00:00.000Z,93.9,90.5,92.8,93.6,91.6
שמואל הרופא,88.9,2022-03-10T00:00:00.000Z,90.5,79.4,83.9,81.5,81.3
בני ציון,83.5,2022-03-10T00:00:00.000Z,83.2,83.5,84.3,87.7,85.7
איכילוב,78.7,2022-03-10T00:00:00.000Z,80.6,82.4,117.9,116.8,116.7
רבין ק. השרון,43.9,2022-03-10T00:00:00.000Z,53.8,49.4,50.2,57.2,51.9
רבין ק. בילינסון,108.8,2022-03-10T00:00:00.000Z,116.7,83.7,89.4,94.2,81.1
לניאדו,76.9,2022-03-10T00:00:00.000Z,98.9,96.2,96.9,93.6,89.5
פוריה,70.5,2022-03-10T00:00:00.000Z,72.7,55.1,73.5,76.3,67.1
הלל יפה,88.4,2022-03-10T00:00:00.000Z,103.3,83.5,85.8,91.2,88.1
יוספטל,56.3,2022-03-10T00:00:00.000Z,56.3,44.6,38.5,40.7,48.4
נהריה,90,2022-03-10T00:00:00.000Z,94.2,78,85.3,85.7,74.8
שיבא,86.2,2022-03-10T00:00:00.000Z,102.2,75.6,101,105.6,99.5
שמיר,87.6,2022-03-10T00:00:00.000Z,88.8,79.8,74,74.3,70.7
זיו צפת,76.6,2022-03-10T00:00:00.000Z,106.3,94.4,66.3,77,77.7
הדסה הר הצופים,75,2022-03-10T00:00:00.000Z,70.2,76.2,95.5,81,79
המשפחה הקדושה,193.1,2022-03-10T00:00:00.000Z,186.2,158.6,100,97.8,120.7
הדסה עין כרם,114.6,2022-03-10T00:00:00.000Z,126.1,65,94.8,92.1,84.8
אסותא אשדוד,149.2,2022-03-10T00:00:00.000Z,139.2,164.9,135.8,139,142.9
קפלן,70.7,2022-03-10T00:00:00.000Z,84.8,78.7,69.3,75.2,77.5
סורוקה,61.2,2022-03-10T00:00:00.000Z,72.8,70.2,69.1,76.8,76.7
מאיר,84,2022-03-10T00:00:00.000Z,80.9,74.1,81.7,81.6,76.9
המרכזי בעמק,76.8,2022-03-10T00:00:00.000Z,86.1,71.3,66.4,69,75
כלל המוסדות,83.9,2022-03-10T00:00:00.000Z,90.1,80.5,84.2,86.5,84.8
וולפסון,66,2022-03-11T00:00:00.000Z,68.8,72.1,60.6,75.4,75.4
הכרמל,54.7,2022-03-11T00:00:00.000Z,57.1,61.2,58.7,70.9,78.3
ברזילי,87,2022-03-11T00:00:00.000Z,91.4,91.7,73.7,83.2,80.5
"רמב""ם",91.9,2022-03-11T00:00:00.000Z,94.9,92.6,85.1,93.7,92
שמואל הרופא,91.7,2022-03-11T00:00:00.000Z,90.9,79,82.7,81.9,81.4
בני ציון,86.8,2022-03-11T00:00:00.000Z,83.5,82.3,72.1,87.5,86.2
איכילוב,75.7,2022-03-11T00:00:00.000Z,81.3,83.5,97.3,116.5,117.6
רבין ק. השרון,34.2,2022-03-11T00:00:00.000Z,52.5,52,35.7,56.3,53.6
רבין ק. בילינסון,107,2022-03-11T00:00:00.000Z,116.5,85.1,83.1,94.1,81.5
לניאדו,78.2,2022-03-11T00:00:00.000Z,96,97.1,73.5,92.5,89.5
פוריה,71.8,2022-03-11T00:00:00.000Z,72.5,57.3,66.8,75.8,67.7
הלל יפה,89.7,2022-03-11T00:00:00.000Z,103.3,83.6,79.6,91.2,88.9
יוספטל,62.5,2022-03-11T00:00:00.000Z,57.1,50.9,44.6,40.4,50.5
נהריה,103.2,2022-03-11T00:00:00.000Z,94.7,79.9,80.4,86.5,76.1
שיבא,82.8,2022-03-11T00:00:00.000Z,101.6,77.2,95.1,105.3,99.8
שמיר,88.8,2022-03-11T00:00:00.000Z,89.5,79.9,66.4,74.5,71.2
זיו צפת,82.8,2022-03-11T00:00:00.000Z,103.6,96.4,54.8,75.3,78.6
הדסה הר הצופים,75,2022-03-11T00:00:00.000Z,72.6,79.8,81.6,83.9,80.2
המשפחה הקדושה,193.1,2022-03-11T00:00:00.000Z,187.7,158.6,106.7,97.6,120.2
הדסה עין כרם,113.6,2022-03-11T00:00:00.000Z,124.3,65,84.3,92.1,85
אסותא אשדוד,152.5,2022-03-11T00:00:00.000Z,141.2,165.6,119.1,138.5,144.6
קפלן,72.7,2022-03-11T00:00:00.000Z,83.1,78.9,63.8,74.8,78
סורוקה,59.7,2022-03-11T00:00:00.000Z,72.6,71.4,64.8,76,77
מאיר,77,2022-03-11T00:00:00.000Z,83.4,74.7,73,82.3,77.1
המרכזי בעמק,77.4,2022-03-11T00:00:00.000Z,86.9,72,61.7,69.2,75.6
כלל המוסדות,83.7,2022-03-11T00:00:00.000Z,90.2,81.4,75.9,86.4,85.2
וולפסון,75,2022-03-12T00:00:00.000Z,68,71.1,66.8,74.3,75.5
הכרמל,54.7,2022-03-12T00:00:00.000Z,56.5,62.4,63.8,69.9,78.3
ברזילי,90.1,2022-03-12T00:00:00.000Z,91.1,92.4,76.3,83.2,81
"רמב""ם",96.5,2022-03-12T00:00:00.000Z,94.3,94.9,88.1,93.7,92.3
שמואל הרופא,94.4,2022-03-12T00:00:00.000Z,92.9,79.8,83.6,82.5,81.6
בני ציון,88.4,2022-03-12T00:00:00.000Z,85,81.1,86.1,86.2,86.8
איכילוב,82.7,2022-03-12T00:00:00.000Z,81.6,83.2,106.8,116.3,117.4
רבין ק. השרון,44.7,2022-03-12T00:00:00.000Z,50.3,54.5,46.5,55.5,55.9
רבין ק. בילינסון,114.5,2022-03-12T00:00:00.000Z,115.9,88,89.4,93.9,82.5
לניאדו,92.3,2022-03-12T00:00:00.000Z,93.4,99.1,85.8,91.8,90.1
פוריה,71.8,2022-03-12T00:00:00.000Z,72.5,61.2,74.6,75,69.9
הלל יפה,95.9,2022-03-12T00:00:00.000Z,101.8,83.4,86.4,91.2,89.3
יוספטל,68.8,2022-03-12T00:00:00.000Z,58.9,59.8,44.6,42.2,52.1
נהריה,112.1,2022-03-12T00:00:00.000Z,96.7,82.8,87.7,87.4,76.9
שיבא,94.6,2022-03-12T00:00:00.000Z,99.3,78.2,100.6,104.9,100.1
שמיר,90.7,2022-03-12T00:00:00.000Z,90.4,80,69.9,74.7,71.4
זיו צפת,98.4,2022-03-12T00:00:00.000Z,101.1,97.5,65.1,73.7,78.5
הדסה הר הצופים,75,2022-03-12T00:00:00.000Z,74.2,82.9,78.5,85.5,81.3
המשפחה הקדושה,189.7,2022-03-12T00:00:00.000Z,192.1,158.6,106.7,100,119.7
הדסה עין כרם,125.2,2022-03-12T00:00:00.000Z,122.7,65.6,87.3,92.3,85.2
אסותא אשדוד,133.9,2022-03-12T00:00:00.000Z,144.3,167.8,110.6,138.4,146
קפלן,83.3,2022-03-12T00:00:00.000Z,82.3,81.3,69.6,74.3,78.5
סורוקה,70.5,2022-03-12T00:00:00.000Z,71.3,71.6,68.8,75.4,77
מאיר,83.5,2022-03-12T00:00:00.000Z,84.2,77,76.1,82.6,77.7
המרכזי בעמק,89.7,2022-03-12T00:00:00.000Z,86.4,73.1,68.6,69.1,75.8
כלל המוסדות,90.6,2022-03-12T00:00:00.000Z,89.9,82.5,81.1,86.2,85.6
וולפסון,78.3,2022-03-13T00:00:00.000Z,67.9,70.6,72.6,73,75.2
הכרמל,56.6,2022-03-13T00:00:00.000Z,55.7,62.5,71.6,68.9,78.3
ברזילי,91.1,2022-03-13T00:00:00.000Z,90.8,93,86.9,83,80.8
"רמב""ם",94.9,2022-03-13T00:00:00.000Z,93.8,96.7,91.7,93.4,93
שמואל הרופא,97.2,2022-03-13T00:00:00.000Z,93.7,80.2,84.5,82.9,81.5
בני ציון,88.4,2022-03-13T00:00:00.000Z,86,81.1,91.7,86.4,86.5
איכילוב,84.3,2022-03-13T00:00:00.000Z,82,83,120.6,116.4,117.3
רבין ק. השרון,38.6,2022-03-13T00:00:00.000Z,48,55.8,56.4,54.5,57.7
רבין ק. בילינסון,123.3,2022-03-13T00:00:00.000Z,115.1,90.2,95.9,93.4,83.8
לניאדו,94.9,2022-03-13T00:00:00.000Z,90.8,100.5,101.9,92.1,90.8
פוריה,71.8,2022-03-13T00:00:00.000Z,72.9,63.2,81.1,75,70.7
הלל יפה,102.1,2022-03-13T00:00:00.000Z,98.5,83,87.6,90.5,89.3
יוספטל,68.8,2022-03-13T00:00:00.000Z,59.8,62.5,58.5,42.9,52.1
נהריה,96.8,2022-03-13T00:00:00.000Z,98.6,85.3,86.6,87.7,78.2
שיבא,90.8,2022-03-13T00:00:00.000Z,98,79,104.6,104.5,100.6
שמיר,84.9,2022-03-13T00:00:00.000Z,90.1,80.1,73.8,74.8,71.3
זיו צפת,117.2,2022-03-13T00:00:00.000Z,100.4,98.9,79,72.3,78.4
הדסה הר הצופים,66.7,2022-03-13T00:00:00.000Z,75,86.1,78.8,86.1,81.4
המשפחה הקדושה,169,2022-03-13T00:00:00.000Z,195.1,158.6,102.7,101.2,119.2
הדסה עין כרם,121.4,2022-03-13T00:00:00.000Z,121.9,67.1,90.7,92.6,85.7
אסותא אשדוד,159.3,2022-03-13T00:00:00.000Z,146,168.8,138.9,137.1,146.8
קפלן,86.7,2022-03-13T00:00:00.000Z,82,82.4,79.2,73.5,78.8
סורוקה,67.4,2022-03-13T00:00:00.000Z,70.7,71.9,75.4,74.5,77.2
מאיר,77.5,2022-03-13T00:00:00.000Z,85.1,76.4,80.2,82.4,77.6
המרכזי בעמק,90.3,2022-03-13T00:00:00.000Z,85.3,74,70.4,68.7,75.6
כלל המוסדות,90.1,2022-03-13T00:00:00.000Z,89.6,83.3,87.1,85.9,85.9
וולפסון,70.5,2022-03-14T00:00:00.000Z,69.6,70.6,72.5,71.9,75
הכרמל,55.7,2022-03-14T00:00:00.000Z,55.4,62.7,75.9,68.5,77.8
ברזילי,91.7,2022-03-14T00:00:00.000Z,90.1,93.9,87.3,83.1,80.8
כלל המוסדות,88,2022-03-14T00:00:00.000Z,89.2,83.9,87.7,85.6,86.2
"רמב""ם",92.9,2022-03-14T00:00:00.000Z,94.2,98,88.5,92.9,93.7
שמואל הרופא,91.7,2022-03-14T00:00:00.000Z,94.4,80.6,83.3,83.3,81.5
בני ציון,84.3,2022-03-14T00:00:00.000Z,86.3,80.9,88.9,86.1,85.8
איכילוב,85,2022-03-14T00:00:00.000Z,81.5,82.7,121.5,115.8,117.2
רבין ק. השרון,45.6,2022-03-14T00:00:00.000Z,45.7,57.9,65.1,53,59.6
רבין ק. בילינסון,111.9,2022-03-14T00:00:00.000Z,115,92,94.3,92.9,85.1
לניאדו,80.8,2022-03-14T00:00:00.000Z,91,101.1,100.3,92.9,91.8
פוריה,61.5,2022-03-14T00:00:00.000Z,72.2,63.7,78.9,75.6,71.6
הלל יפה,97.3,2022-03-14T00:00:00.000Z,98,82.6,87.6,89.5,89
יוספטל,75,2022-03-14T00:00:00.000Z,62.5,61.6,61.5,45.3,51.6
נהריה,87.4,2022-03-14T00:00:00.000Z,99.3,87.4,87.8,87.6,79.3
שיבא,98.7,2022-03-14T00:00:00.000Z,95.1,79.8,107.2,104.2,101.2
שמיר,85.7,2022-03-14T00:00:00.000Z,89.3,80.6,75.4,74.4,71.3
זיו צפת,93.8,2022-03-14T00:00:00.000Z,101.8,102.5,82.1,72.3,78.9
הדסה הר הצופים,66.7,2022-03-14T00:00:00.000Z,74.6,88.1,79.5,86.4,81.5
המשפחה הקדושה,179.3,2022-03-14T00:00:00.000Z,192.1,158.6,98,102.4,118.8
הדסה עין כרם,121.4,2022-03-14T00:00:00.000Z,120.8,68.2,94.7,92.7,86
אסותא אשדוד,157.6,2022-03-14T00:00:00.000Z,149.2,168.3,138.2,136.6,146.3
קפלן,94.7,2022-03-14T00:00:00.000Z,81.4,83.5,79,73.4,79.2
סורוקה,69.8,2022-03-14T00:00:00.000Z,69.3,72.7,77.1,73.5,77.2
מאיר,77,2022-03-14T00:00:00.000Z,83.9,74.9,79.6,81.6,77.2
המרכזי בעמק,82.6,2022-03-14T00:00:00.000Z,85.4,74.3,69.2,68.7,75.8
וולפסון,69.7,2022-03-15T00:00:00.000Z,69.7,70.7,76.3,70.7,75.3
כלל המוסדות,86.3,2022-03-15T00:00:00.000Z,88.4,84.2,86.8,85.1,86.4
הכרמל,55.7,2022-03-15T00:00:00.000Z,55,62.3,75.5,68.5,77.4
ברזילי,88.5,2022-03-15T00:00:00.000Z,90.7,93.2,89.9,83.2,81.3
"רמב""ם",89.9,2022-03-15T00:00:00.000Z,93.9,98.5,89.5,91.6,94.7
שמואל הרופא,94.4,2022-03-15T00:00:00.000Z,94,80.6,83,83.4,81.3
בני ציון,84.3,2022-03-15T00:00:00.000Z,86.2,81.2,88.5,86,86
איכילוב,76.3,2022-03-15T00:00:00.000Z,81.9,82.5,116.1,115.7,116.8
רבין ק. השרון,42.1,2022-03-15T00:00:00.000Z,44.5,60.8,61,53.1,61.6
רבין ק. בילינסון,119.4,2022-03-15T00:00:00.000Z,113.5,92,97.4,92.3,85.8
לניאדו,82.1,2022-03-15T00:00:00.000Z,88.8,102.9,105,93.5,92.6
פוריה,70.5,2022-03-15T00:00:00.000Z,71.4,64.8,74.4,75.8,73.1
הלל יפה,93.8,2022-03-15T00:00:00.000Z,96.5,81.9,83.3,87.8,89
יוספטל,62.5,2022-03-15T00:00:00.000Z,66.1,55.4,61.5,47.9,48.4
נהריה,88.9,2022-03-15T00:00:00.000Z,98.2,88.8,83.6,87,79.9
שיבא,91.6,2022-03-15T00:00:00.000Z,94.9,79.5,106.3,104,101.5
שמיר,79.9,2022-03-15T00:00:00.000Z,87.9,80.9,71.8,73.6,71.1
זיו צפת,93.8,2022-03-15T00:00:00.000Z,100,101.6,75.2,72.7,79.1
הדסה הר הצופים,66.7,2022-03-15T00:00:00.000Z,72.6,86.5,83.3,85.4,81.3
המשפחה הקדושה,182.8,2022-03-15T00:00:00.000Z,190.6,158.6,103.4,102.4,118.3
הדסה עין כרם,125.2,2022-03-15T00:00:00.000Z,120.1,69.6,92.1,92.4,86.3
אסותא אשדוד,154.2,2022-03-15T00:00:00.000Z,150.6,168.3,132.8,134.8,145.3
קפלן,97.3,2022-03-15T00:00:00.000Z,82.7,84,84.3,73.6,79.2
סורוקה,66.7,2022-03-15T00:00:00.000Z,67.3,73,76.1,72.6,77.1
מאיר,77,2022-03-15T00:00:00.000Z,82,74.7,77.8,80.3,76.6
המרכזי בעמק,76.8,2022-03-15T00:00:00.000Z,83.8,76.8,69.2,68.1,76.8
וולפסון,69.3,2022-03-16T00:00:00.000Z,70,70.7,72.8,70.6,75
הכרמל,59.4,2022-03-16T00:00:00.000Z,55.1,61.3,74.4,68.9,76.9
ברזילי,90.1,2022-03-16T00:00:00.000Z,90.9,90.3,86.6,83.8,81
"רמב""ם",90.4,2022-03-16T00:00:00.000Z,93.7,99.4,91.3,90.7,95.8
שמואל הרופא,88.9,2022-03-16T00:00:00.000Z,93.7,81,81.5,83.4,80.7
בני ציון,78.5,2022-03-16T00:00:00.000Z,85.5,82.3,87.1,86,85.6
איכילוב,78,2022-03-16T00:00:00.000Z,80.9,83.1,119,114.5,116.8
רבין ק. השרון,39.5,2022-03-16T00:00:00.000Z,43.4,62.9,53.1,53.4,64
רבין ק. בילינסון,107.5,2022-03-16T00:00:00.000Z,114.7,93.2,92.4,92.7,86.8
לניאדו,78.2,2022-03-16T00:00:00.000Z,86.1,103.8,95,94.2,94.7
פוריה,74.4,2022-03-16T00:00:00.000Z,71.4,67,70.1,75.9,73.5
הלל יפה,86.3,2022-03-16T00:00:00.000Z,95.2,83.8,80.4,86.4,89.6
יוספטל,56.3,2022-03-16T00:00:00.000Z,66.1,54.5,56.9,50.3,48.4
נהריה,90.5,2022-03-16T00:00:00.000Z,96.7,90.3,84.5,85.9,80.4
שיבא,99.2,2022-03-16T00:00:00.000Z,93.2,80.5,105.8,103.4,102.1
שמיר,73.7,2022-03-16T00:00:00.000Z,86.7,81.5,71.3,72.6,71.3
זיו צפת,89.1,2022-03-16T00:00:00.000Z,96,101.6,82.4,71.8,79.3
הדסה הר הצופים,61.1,2022-03-16T00:00:00.000Z,71.4,83.3,77.4,84.2,80.1
המשפחה הקדושה,186.2,2022-03-16T00:00:00.000Z,186.2,158.6,96.6,101.7,117.8
הדסה עין כרם,121.4,2022-03-16T00:00:00.000Z,120.8,72.3,88.8,91.8,86.5
אסותא אשדוד,155.9,2022-03-16T00:00:00.000Z,151.3,168,136.9,132.5,144.7
קפלן,83.3,2022-03-16T00:00:00.000Z,83.7,84.3,79.5,74.8,78.9
סורוקה,62.8,2022-03-16T00:00:00.000Z,66.2,71.5,71.1,72.3,76.8
מאיר,75,2022-03-16T00:00:00.000Z,80.5,75.4,82,79.1,76.9
המרכזי בעמק,79.4,2022-03-16T00:00:00.000Z,82.5,78.2,69.7,68,77.1
כלל המוסדות,84.3,2022-03-16T00:00:00.000Z,87.7,84.6,85.5,84.7,86.6
וולפסון,70.5,2022-03-17T00:00:00.000Z,70.1,70.2,65.2,70,74.4
כלל המוסדות,78.7,2022-03-17T00:00:00.000Z,86.7,84.8,78.9,84,86.4
הכרמל,55.7,2022-03-17T00:00:00.000Z,55.9,60,69.1,69.3,76.4
ברזילי,85.4,2022-03-17T00:00:00.000Z,90,86.8,79.1,83.4,80.3
"רמב""ם",80.8,2022-03-17T00:00:00.000Z,92.9,99.6,86,89.6,96
שמואל הרופא,83.3,2022-03-17T00:00:00.000Z,92.5,81.7,79.2,83.2,80.1
בני ציון,72.7,2022-03-17T00:00:00.000Z,84.9,84.8,79.4,85.5,84.6
איכילוב,76,2022-03-17T00:00:00.000Z,80.1,82.6,110.7,114.2,116.9
רבין ק. השרון,36.8,2022-03-17T00:00:00.000Z,41.2,65.5,46.5,52.6,64.9
רבין ק. בילינסון,102.6,2022-03-17T00:00:00.000Z,113.2,94.6,83.6,91.7,87.6
לניאדו,69.2,2022-03-17T00:00:00.000Z,83.3,102.9,74.4,94.1,94.4
פוריה,62.8,2022-03-17T00:00:00.000Z,70.3,66.1,65.1,74.2,73.6
הלל יפה,84.2,2022-03-17T00:00:00.000Z,93.3,84.4,76.1,84.4,89
יוספטל,56.3,2022-03-17T00:00:00.000Z,64.3,55.4,52.3,52.3,48.6
נהריה,84.7,2022-03-17T00:00:00.000Z,95.6,90.5,78.8,85.1,80.7
שיבא,86.2,2022-03-17T00:00:00.000Z,92,81.7,99.7,103,102
שמיר,74.9,2022-03-17T00:00:00.000Z,84.5,81.9,69.1,71.8,71.3
זיו צפת,75,2022-03-17T00:00:00.000Z,93.1,102.5,75.2,72.1,79.4
הדסה הר הצופים,66.7,2022-03-17T00:00:00.000Z,69.4,80.2,78.8,82.1,78.6
המשפחה הקדושה,227.6,2022-03-17T00:00:00.000Z,184.7,158.6,102.7,102,117.4
הדסה עין כרם,112.6,2022-03-17T00:00:00.000Z,120.4,78.9,77.5,90.4,87.6
אסותא אשדוד,147.5,2022-03-17T00:00:00.000Z,151.8,167.3,133.8,130.3,143.3
קפלן,67.3,2022-03-17T00:00:00.000Z,84.1,84.8,70,74.9,78.2
סורוקה,52.3,2022-03-17T00:00:00.000Z,65.4,70.3,63,71.8,76.1
מאיר,65,2022-03-17T00:00:00.000Z,78.7,74.5,74.9,78.6,76.8
המרכזי בעמק,76.8,2022-03-17T00:00:00.000Z,81.8,79.4,61.9,67.9,77
וולפסון,73.4,2022-03-18T00:00:00.000Z,71.3,69.4,63.3,69.5,73.8
הכרמל,60.4,2022-03-18T00:00:00.000Z,56.1,59.4,62.6,69.9,76.2
ברזילי,90.6,2022-03-18T00:00:00.000Z,89.1,84.7,74,82.8,79.5
"רמב""ם",84.8,2022-03-18T00:00:00.000Z,91.1,98.6,78.7,88.6,95.7
שמואל הרופא,83.3,2022-03-18T00:00:00.000Z,91.7,82.5,78.6,82.5,79.7
בני ציון,66.1,2022-03-18T00:00:00.000Z,83.4,85.2,66.3,84.8,83.4
איכילוב,74.7,2022-03-18T00:00:00.000Z,79.7,82.1,97.4,113.1,115.5
רבין ק. השרון,41.2,2022-03-18T00:00:00.000Z,40.2,65,36.9,52,65.3
רבין ק. בילינסון,105.7,2022-03-18T00:00:00.000Z,112.3,93.5,81.5,90.9,87.9
לניאדו,85.9,2022-03-18T00:00:00.000Z,82.2,103.1,71,90.8,95.1
פוריה,69.2,2022-03-18T00:00:00.000Z,69.2,64.5,62,73,72.8
הלל יפה,92.5,2022-03-18T00:00:00.000Z,92.8,84.5,75.5,83,87.6
יוספטל,37.5,2022-03-18T00:00:00.000Z,64.3,54.5,52.3,54.3,46.4
נהריה,93.2,2022-03-18T00:00:00.000Z,94.8,90.2,75.1,84.2,80.2
שיבא,88.3,2022-03-18T00:00:00.000Z,92,81,95.6,102.8,101.8
זיו צפת,71.9,2022-03-18T00:00:00.000Z,92.9,102.5,59.7,73.4,78.8
שמיר,72.6,2022-03-18T00:00:00.000Z,82.7,81.9,63.4,71.1,70.9
הדסה הר הצופים,66.7,2022-03-18T00:00:00.000Z,68.3,76.2,77.4,79.7,76.9
המשפחה הקדושה,213.8,2022-03-18T00:00:00.000Z,189.7,158.6,107.4,102.4,117.4
הדסה עין כרם,120.4,2022-03-18T00:00:00.000Z,120.1,88.8,79.6,87.9,89.1
אסותא אשדוד,142.4,2022-03-18T00:00:00.000Z,151.6,168.5,118.1,130,142.6
קפלן,70,2022-03-18T00:00:00.000Z,83.6,84.7,64,75,76.9
סורוקה,58.9,2022-03-18T00:00:00.000Z,64.2,69.7,62.4,70.9,75.3
מאיר,62,2022-03-18T00:00:00.000Z,76,75.4,69.3,77.7,76.9
המרכזי בעמק,79.4,2022-03-18T00:00:00.000Z,81.8,80.3,60.1,67.2,76.2
כלל המוסדות,81.2,2022-03-18T00:00:00.000Z,86,84.7,74.2,83.3,86
וולפסון,82,2022-03-19T00:00:00.000Z,72.4,69.6,71.2,69.9,73.5
הכרמל,66,2022-03-19T00:00:00.000Z,56.9,58.2,67.5,70.4,76
ברזילי,104.2,2022-03-19T00:00:00.000Z,89.7,81.7,80.8,82.9,78.9
"רמב""ם",93.4,2022-03-19T00:00:00.000Z,90,97.8,85.1,87.7,95.8
שמואל הרופא,91.7,2022-03-19T00:00:00.000Z,90.5,81.7,81.2,81.9,79.1
בני ציון,74.4,2022-03-19T00:00:00.000Z,80.4,84.7,75.1,84,82.6
איכילוב,82.3,2022-03-19T00:00:00.000Z,79.6,82.2,105,113.2,114.9
רבין ק. השרון,52.6,2022-03-19T00:00:00.000Z,41.2,64,46.9,52.2,64.9
רבין ק. בילינסון,116.7,2022-03-19T00:00:00.000Z,112.1,92.3,87.8,90.6,87.4
לניאדו,106.4,2022-03-19T00:00:00.000Z,83.3,103.8,81.1,90.5,95.3
פוריה,76.9,2022-03-19T00:00:00.000Z,68.9,62.6,67.9,72.3,71.6
הלל יפה,109.6,2022-03-19T00:00:00.000Z,93.2,85.1,82.5,82.4,87
יוספטל,37.5,2022-03-19T00:00:00.000Z,60.7,53.6,41.5,55.4,44.4
נהריה,105.3,2022-03-19T00:00:00.000Z,93.4,88,86.3,83.4,80.1
שיבא,101.7,2022-03-19T00:00:00.000Z,92.8,79.7,101.5,102.9,101.5
זיו צפת,84.4,2022-03-19T00:00:00.000Z,91.3,101.8,71.2,74.1,77.9
שמיר,80.3,2022-03-19T00:00:00.000Z,80.4,81.5,68.7,70.7,70.6
הדסה הר הצופים,75,2022-03-19T00:00:00.000Z,67.1,74.2,83.7,79.1,75
המשפחה הקדושה,203.4,2022-03-19T00:00:00.000Z,192.6,158.6,102,102.5,117.4
הדסה עין כרם,123.3,2022-03-19T00:00:00.000Z,121.1,97.6,81.7,87.2,90.4
אסותא אשדוד,130.5,2022-03-19T00:00:00.000Z,150.1,168,115,129.9,143
קפלן,82,2022-03-19T00:00:00.000Z,83.2,83.5,72.4,75.1,76.3
סורוקה,70.5,2022-03-19T00:00:00.000Z,64.1,68.8,67.4,70.6,74.9
מאיר,65.5,2022-03-19T00:00:00.000Z,73.9,73.2,74.3,77.1,76.6
המרכזי בעמק,94.2,2022-03-19T00:00:00.000Z,82.1,80.9,69.1,67,75.9
כלל המוסדות,90.9,2022-03-19T00:00:00.000Z,85.6,84.1,80.3,83,85.7
וולפסון,83.6,2022-03-20T00:00:00.000Z,73.4,69.1,83.7,70.5,73.2
הכרמל,65.1,2022-03-20T00:00:00.000Z,58.5,58.5,70.6,70.9,75.9
ברזילי,109.4,2022-03-20T00:00:00.000Z,91.7,80.1,89.1,83.5,79.3
"רמב""ם",90.4,2022-03-20T00:00:00.000Z,89.6,97,91.4,87.3,95.9
שמואל הרופא,94.4,2022-03-20T00:00:00.000Z,90.1,81,81.2,81.6,78.8
בני ציון,85.1,2022-03-20T00:00:00.000Z,78.4,82.1,85.7,82.4,81.8
איכילוב,81.3,2022-03-20T00:00:00.000Z,79.5,82.7,118.8,112.9,115.4
רבין ק. השרון,55.3,2022-03-20T00:00:00.000Z,42.4,64,63.5,52.3,65.2
רבין ק. בילינסון,108.8,2022-03-20T00:00:00.000Z,112.5,91.3,92.7,90.4,87
לניאדו,98.7,2022-03-20T00:00:00.000Z,85.3,105.9,101.4,89.8,95.9
פוריה,74.4,2022-03-20T00:00:00.000Z,69.6,61.5,71.5,71.3,71.2
הלל יפה,111.6,2022-03-20T00:00:00.000Z,95.1,85.2,87.6,81.9,86.8
יוספטל,68.8,2022-03-20T00:00:00.000Z,56.3,55.4,47.7,54.9,44.4
נהריה,106.8,2022-03-20T00:00:00.000Z,92.4,86.7,90.1,83.2,79.9
שיבא,95.8,2022-03-20T00:00:00.000Z,93.8,78.2,103,103,101.3
זיו צפת,82.8,2022-03-20T00:00:00.000Z,89.3,100.9,79.3,75,77.1
שמיר,87.3,2022-03-20T00:00:00.000Z,78.9,81,79.2,70.5,69.7
הדסה הר הצופים,77.8,2022-03-20T00:00:00.000Z,67.1,72.6,84.7,79.9,74.3
המשפחה הקדושה,182.8,2022-03-20T00:00:00.000Z,194.6,158.6,93.3,101.8,117.4
הדסה עין כרם,123.3,2022-03-20T00:00:00.000Z,120.8,106.1,91.1,86.5,91.5
אסותא אשדוד,157.6,2022-03-20T00:00:00.000Z,149.6,169.5,135.2,130.5,143.2
קפלן,87.3,2022-03-20T00:00:00.000Z,83,83.6,78.3,75.5,75.8
סורוקה,76,2022-03-20T00:00:00.000Z,64.1,69.5,73.1,70.4,74.9
מאיר,76.5,2022-03-20T00:00:00.000Z,71.3,73.3,81.9,76.9,76.7
המרכזי בעמק,95.5,2022-03-20T00:00:00.000Z,82.8,81.2,73.6,67.1,75.9
כלל המוסדות,92.7,2022-03-20T00:00:00.000Z,85.6,84,87.2,82.9,85.6
וולפסון,82.4,2022-03-21T00:00:00.000Z,74.1,68.7,81.6,72.1,72.7
הכרמל,64.2,2022-03-21T00:00:00.000Z,59.7,58.1,75.5,70.8,76
ברזילי,95.8,2022-03-21T00:00:00.000Z,94.3,77.3,84.1,83.8,78.5
"רמב""ם",99,2022-03-21T00:00:00.000Z,89,96.6,91.8,87.2,95.9
שמואל הרופא,97.2,2022-03-21T00:00:00.000Z,89.7,80.2,82.1,81.1,78.4
בני ציון,89.3,2022-03-21T00:00:00.000Z,77.9,80.2,88.5,81.6,80.9
איכילוב,74,2022-03-21T00:00:00.000Z,79.1,82.4,119,112.6,115.8
רבין ק. השרון,50,2022-03-21T00:00:00.000Z,44.7,64.5,58.5,53.3,65.4
רבין ק. בילינסון,107,2022-03-21T00:00:00.000Z,110.4,91,95.4,90,86.9
לניאדו,93.6,2022-03-21T00:00:00.000Z,85.9,107.3,98.6,89.7,95.4
פוריה,76.9,2022-03-21T00:00:00.000Z,70,61.7,73.5,70,70.9
הלל יפה,106.2,2022-03-21T00:00:00.000Z,96.5,86.5,92.2,81.9,86.9
יוספטל,68.8,2022-03-21T00:00:00.000Z,56.3,56.3,47.7,53.4,43.1
נהריה,104.7,2022-03-21T00:00:00.000Z,93.8,85.6,93.7,83.7,79.9
שיבא,95.8,2022-03-21T00:00:00.000Z,94.5,78.3,104.3,102.7,101.3
זיו צפת,98.4,2022-03-21T00:00:00.000Z,84.4,98.4,81.6,75,76
שמיר,83.4,2022-03-21T00:00:00.000Z,79.2,81.4,77.6,71.3,69.6
הדסה הר הצופים,77.8,2022-03-21T00:00:00.000Z,68.7,72.6,86.1,80.7,74.4
המשפחה הקדושה,206.9,2022-03-21T00:00:00.000Z,196.6,158.6,91.3,100.5,117.4
הדסה עין כרם,129.1,2022-03-21T00:00:00.000Z,121.1,115.3,97.9,86.5,92.9
אסותא אשדוד,155.9,2022-03-21T00:00:00.000Z,149.4,169.5,147.4,130,143.4
קפלן,94.7,2022-03-21T00:00:00.000Z,83.1,85,83.7,75.3,75.1
סורוקה,74,2022-03-21T00:00:00.000Z,65.3,69.4,75.8,70,74.8
מאיר,75.5,2022-03-21T00:00:00.000Z,71.1,73.9,82.1,77.1,77.1
המרכזי בעמק,87.7,2022-03-21T00:00:00.000Z,83.5,81.5,70.7,67.5,75.5
כלל המוסדות,91.4,2022-03-21T00:00:00.000Z,86,84,88.6,82.9,85.5
וולפסון,79.1,2022-03-22T00:00:00.000Z,75.8,68.9,83.7,73.4,72.2
הכרמל,63.2,2022-03-22T00:00:00.000Z,60.9,58.4,77.3,70.7,76.1
ברזילי,93.2,2022-03-22T00:00:00.000Z,94.9,76.8,85.6,83.4,78.5
כלל המוסדות,93,2022-03-22T00:00:00.000Z,86.5,84.2,90.2,83.1,85.5
"רמב""ם",95.5,2022-03-22T00:00:00.000Z,89.8,96.2,94.3,87.7,96.4
שמואל הרופא,86.1,2022-03-22T00:00:00.000Z,90.5,79.8,80.9,81,78.2
בני ציון,92.6,2022-03-22T00:00:00.000Z,78.6,80,90.3,81.5,79.7
איכילוב,71,2022-03-22T00:00:00.000Z,77.5,82.3,120.5,112.3,116.2
רבין ק. השרון,49.1,2022-03-22T00:00:00.000Z,45.4,64.5,64.3,52.3,65.8
רבין ק. בילינסון,111,2022-03-22T00:00:00.000Z,109.7,91.3,96.3,90.1,86.7
לניאדו,101.3,2022-03-22T00:00:00.000Z,87.7,105.7,110,89.5,94.9
פוריה,84.6,2022-03-22T00:00:00.000Z,72.2,62.3,74.6,69.2,69.7
הלל יפה,102.1,2022-03-22T00:00:00.000Z,97.7,86.4,89.7,82.5,86.5
יוספטל,68.8,2022-03-22T00:00:00.000Z,55.4,57.1,58.5,51.4,42.9
נהריה,114.2,2022-03-22T00:00:00.000Z,96.3,83.5,97,84.6,79.2
שיבא,105.4,2022-03-22T00:00:00.000Z,94.1,78.7,110.4,102.3,101.6
זיו צפת,95.3,2022-03-22T00:00:00.000Z,85,100.4,79.5,74.9,75.6
שמיר,83.8,2022-03-22T00:00:00.000Z,78.9,81.2,76,71.6,70.3
הדסה הר הצופים,75,2022-03-22T00:00:00.000Z,70.2,76.6,83.3,81.6,75.4
המשפחה הקדושה,213.8,2022-03-22T00:00:00.000Z,200.5,158.6,102,99.5,117.4
הדסה עין כרם,129.1,2022-03-22T00:00:00.000Z,122.2,124.5,98.5,87,94.4
אסותא אשדוד,169.5,2022-03-22T00:00:00.000Z,149.2,171.2,149.8,131.3,143.9
קפלן,95.3,2022-03-22T00:00:00.000Z,83.1,85.8,83.6,76,75.4
סורוקה,78.7,2022-03-22T00:00:00.000Z,65.9,68.4,76,69.8,74.7
מאיר,76,2022-03-22T00:00:00.000Z,70.9,73.8,80.3,77.5,77.6
המרכזי בעמק,96.1,2022-03-22T00:00:00.000Z,84.2,81.6,73.6,67.8,75.1
וולפסון,79.9,2022-03-23T00:00:00.000Z,77.2,69.5,84.5,74.5,72
כלל המוסדות,90.9,2022-03-23T00:00:00.000Z,87.5,84,88.9,83.6,85
הכרמל,64.2,2022-03-23T00:00:00.000Z,62,58.1,72,71,75.1
ברזילי,91.1,2022-03-23T00:00:00.000Z,95.5,77.1,85.4,82.8,78.2
"רמב""ם",97.5,2022-03-23T00:00:00.000Z,90.6,95.3,96.7,88.4,96
שמואל הרופא,88.9,2022-03-23T00:00:00.000Z,89.3,79.4,81.5,80.7,78.6
בני ציון,90.1,2022-03-23T00:00:00.000Z,79.8,80,90.3,81.8,79.1
איכילוב,76,2022-03-23T00:00:00.000Z,76.8,81.3,120.6,112.9,115.2
רבין ק. השרון,50.9,2022-03-23T00:00:00.000Z,46.4,63.2,59.8,52.8,64.3
רבין ק. בילינסון,118.1,2022-03-23T00:00:00.000Z,108.5,90.5,100.8,90,85.6
לניאדו,98.7,2022-03-23T00:00:00.000Z,90.5,103.7,100.8,90.2,93
פוריה,80.8,2022-03-23T00:00:00.000Z,74.2,61.2,71.8,69.3,68.8
הלל יפה,91.1,2022-03-23T00:00:00.000Z,98.9,84.9,84.9,83.4,85.4
יוספטל,81.3,2022-03-23T00:00:00.000Z,56.3,58,58.5,51,43.3
נהריה,116.3,2022-03-23T00:00:00.000Z,99.9,81.2,94.7,86.5,77.8
שיבא,95,2022-03-23T00:00:00.000Z,96.1,79.3,105.8,102.9,100.8
זיו צפת,89.1,2022-03-23T00:00:00.000Z,85.3,98.2,86.7,75.5,74
שמיר,83.8,2022-03-23T00:00:00.000Z,79.4,81.8,74,72.2,69.7
הדסה הר הצופים,75,2022-03-23T00:00:00.000Z,71.4,80.2,79.9,81.6,75.8
המשפחה הקדושה,203.4,2022-03-23T00:00:00.000Z,204.9,158.6,93.3,99.3,117.4
הדסה עין כרם,128.2,2022-03-23T00:00:00.000Z,122.7,132.3,98.8,87.9,95.9
אסותא אשדוד,155.9,2022-03-23T00:00:00.000Z,151.3,173.6,155.3,133.7,145.1
קפלן,92,2022-03-23T00:00:00.000Z,82.9,85.8,80,75.9,75.5
סורוקה,64.3,2022-03-23T00:00:00.000Z,67.6,67.6,71.3,69.8,74.2
מאיר,76,2022-03-23T00:00:00.000Z,70.8,71.8,80.6,77.8,76.9
המרכזי בעמק,87.1,2022-03-23T00:00:00.000Z,87,81,71.5,68.4,73.8
וולפסון,79.5,2022-03-24T00:00:00.000Z,78.7,71.6,73.1,76.2,71.7
הכרמל,66,2022-03-24T00:00:00.000Z,62.7,58.4,71,70.6,73.9
ברזילי,85.9,2022-03-24T00:00:00.000Z,95.7,78.5,81.8,82.6,78.5
"רמב""ם",91.9,2022-03-24T00:00:00.000Z,91.6,95.7,89,89.2,95.6
שמואל הרופא,91.7,2022-03-24T00:00:00.000Z,89.3,79.8,81.2,80.7,79.5
בני ציון,83.5,2022-03-24T00:00:00.000Z,81.5,80.3,84.5,82.2,78.7
איכילוב,79.3,2022-03-24T00:00:00.000Z,76.5,80.9,114,113.1,113.2
רבין ק. השרון,48.2,2022-03-24T00:00:00.000Z,48,63.8,53.9,53.8,63.6
רבין ק. בילינסון,95.6,2022-03-24T00:00:00.000Z,110,89.7,88.8,91.2,84.3
לניאדו,98.7,2022-03-24T00:00:00.000Z,93.4,103.5,97.8,91,89.9
פוריה,71.8,2022-03-24T00:00:00.000Z,75.1,62.1,69.9,69.5,68
הלל יפה,97.3,2022-03-24T00:00:00.000Z,99.6,85.4,83.5,84.1,85.2
יוספטל,81.3,2022-03-24T00:00:00.000Z,59.8,56.3,63.1,51.2,42.2
נהריה,106.8,2022-03-24T00:00:00.000Z,103.6,80.7,88.8,87.9,76.2
שיבא,91.2,2022-03-24T00:00:00.000Z,95.5,80.8,101.7,102.9,100.2
זיו צפת,85.9,2022-03-24T00:00:00.000Z,85.3,97.3,75.8,76.2,72.7
שמיר,80.3,2022-03-24T00:00:00.000Z,80.9,82,69.9,72.6,68.7
הדסה הר הצופים,77.8,2022-03-24T00:00:00.000Z,73.4,81.7,79.2,82,76.6
המשפחה הקדושה,203.4,2022-03-24T00:00:00.000Z,207.4,158.6,94,98.8,117.4
הדסה עין כרם,123.3,2022-03-24T00:00:00.000Z,123.7,137,88.9,89.3,96.4
אסותא אשדוד,162.7,2022-03-24T00:00:00.000Z,151.3,174.6,146.4,136.4,144.4
קפלן,88,2022-03-24T00:00:00.000Z,84.1,86.4,72.3,76,76.3
סורוקה,57.4,2022-03-24T00:00:00.000Z,67.8,67.8,66.1,69.8,74
מאיר,76,2022-03-24T00:00:00.000Z,70.9,72.3,81.7,77.6,76.5
המרכזי בעמק,92.9,2022-03-24T00:00:00.000Z,88.1,81.8,67.6,68.6,73
כלל המוסדות,87.5,2022-03-24T00:00:00.000Z,88.4,84.5,83.7,84,84.3
וולפסון,79.1,2022-03-25T00:00:00.000Z,80,73.5,69.1,77.3,72.5
כלל המוסדות,87.2,2022-03-25T00:00:00.000Z,89.7,84.7,76.4,84.7,84.2
הכרמל,65.1,2022-03-25T00:00:00.000Z,64.2,58,61.1,70.9,73.7
ברזילי,83.9,2022-03-25T00:00:00.000Z,95.8,78.1,76.5,83,79.1
"רמב""ם",95.5,2022-03-25T00:00:00.000Z,93.2,96,80.7,89.6,95.7
שמואל הרופא,83.3,2022-03-25T00:00:00.000Z,90.5,79,77.1,81,79.8
בני ציון,81,2022-03-25T00:00:00.000Z,83,80.4,70,82.9,78.4
איכילוב,78.3,2022-03-25T00:00:00.000Z,77,80.7,96.9,113.6,113.2
רבין ק. השרון,46.5,2022-03-25T00:00:00.000Z,49.6,65.5,43.6,54.8,64.2
רבין ק. בילינסון,91.2,2022-03-25T00:00:00.000Z,109,89.7,80.8,91.9,83.5
לניאדו,92.3,2022-03-25T00:00:00.000Z,97.6,102.6,78.8,94.4,88.3
פוריה,76.9,2022-03-25T00:00:00.000Z,76.4,63.4,60.8,70.2,68.4
הלל יפה,95.2,2022-03-25T00:00:00.000Z,101.5,85.9,75.9,85.1,85.5
יוספטל,75,2022-03-25T00:00:00.000Z,63.4,51.8,49.2,52.7,42.9
נהריה,105.3,2022-03-25T00:00:00.000Z,106.8,82,81.1,89.4,76
שיבא,103.3,2022-03-25T00:00:00.000Z,96.2,82.1,96.8,103.2,99.8
זיו צפת,92.2,2022-03-25T00:00:00.000Z,86.8,96,62,76.2,72.2
שמיר,81.1,2022-03-25T00:00:00.000Z,81.6,81.2,66.2,72.7,68
הדסה הר הצופים,75,2022-03-25T00:00:00.000Z,75,82.1,74,82,76.6
המשפחה הקדושה,172.4,2022-03-25T00:00:00.000Z,203.9,158.6,118.1,97.6,117.4
הדסה עין כרם,121.4,2022-03-25T00:00:00.000Z,125.2,135.5,82.9,90.9,95.6
אסותא אשדוד,144.1,2022-03-25T00:00:00.000Z,153.5,175.5,122.9,138.2,144.6
קפלן,94,2022-03-25T00:00:00.000Z,87,87.7,69.6,76.3,78
סורוקה,60.5,2022-03-25T00:00:00.000Z,68.5,67.5,61.8,70.3,73.9
מאיר,72.5,2022-03-25T00:00:00.000Z,72.5,71.5,75.7,78.6,76.3
המרכזי בעמק,91,2022-03-25T00:00:00.000Z,90.4,82.6,62.4,69.5,73.4
וולפסון,86.5,2022-03-26T00:00:00.000Z,80.8,74.5,75,78.1,72
הכרמל,67.9,2022-03-26T00:00:00.000Z,64.8,58,67.7,70.7,73.2
ברזילי,90.1,2022-03-26T00:00:00.000Z,94.8,78.4,81.5,83.3,79.2
"רמב""ם",98.5,2022-03-26T00:00:00.000Z,94.7,96.3,84.1,89.9,95.2
שמואל הרופא,86.1,2022-03-26T00:00:00.000Z,90.5,80.2,78.6,80.8,80.2
בני ציון,88.4,2022-03-26T00:00:00.000Z,85.1,81.1,83.1,83.5,76.8
איכילוב,89,2022-03-26T00:00:00.000Z,77.5,79.2,108.6,113.5,112.7
רבין ק. השרון,56.1,2022-03-26T00:00:00.000Z,50.4,67.5,52.7,55.8,65
רבין ק. בילינסון,104.8,2022-03-26T00:00:00.000Z,106.9,89,90.2,91.8,82.7
לניאדו,107.7,2022-03-26T00:00:00.000Z,98.5,100.7,88,95.5,86.2
פוריה,83.3,2022-03-26T00:00:00.000Z,77.5,62.6,68.7,70,67.5
הלל יפה,111.6,2022-03-26T00:00:00.000Z,101.9,84.3,85.2,85.2,85.3
יוספטל,100,2022-03-26T00:00:00.000Z,68.8,44.6,44.6,52.3,42.9
נהריה,125.3,2022-03-26T00:00:00.000Z,108.5,83.6,91.2,90.2,75.6
שיבא,101.3,2022-03-26T00:00:00.000Z,98.3,83,100.2,103.4,99.5
זיו צפת,110.9,2022-03-26T00:00:00.000Z,89.7,96,76.7,76.6,73
שמיר,86.1,2022-03-26T00:00:00.000Z,82.8,81.1,70.6,73.1,66.8
הדסה הר הצופים,77.8,2022-03-26T00:00:00.000Z,76.2,83.3,74.7,81.5,77
המשפחה הקדושה,165.5,2022-03-26T00:00:00.000Z,198,158.6,107.4,99.1,117.4
הדסה עין כרם,128.2,2022-03-26T00:00:00.000Z,125.4,135.2,86.9,91.4,94.9
אסותא אשדוד,144.1,2022-03-26T00:00:00.000Z,153.8,176.3,112.6,138.9,145
קפלן,106.7,2022-03-26T00:00:00.000Z,90.5,87.5,79.2,77.1,78.4
סורוקה,70.9,2022-03-26T00:00:00.000Z,68.8,67.4,69.3,70.2,73.7
מאיר,81.5,2022-03-26T00:00:00.000Z,74,71.7,82.3,79.5,75.8
המרכזי בעמק,100,2022-03-26T00:00:00.000Z,92.1,82.8,72.5,69.8,73.6
כלל המוסדות,95.8,2022-03-26T00:00:00.000Z,90.5,84.8,82.7,85.1,83.8
וולפסון,83.6,2022-03-27T00:00:00.000Z,81.4,75.1,85.4,78.7,71.6
הכרמל,67,2022-03-27T00:00:00.000Z,65.1,57.1,79.1,70.7,72.4
ברזילי,103.6,2022-03-27T00:00:00.000Z,92.8,77.5,93.2,83.4,77.7
"רמב""ם",98.5,2022-03-27T00:00:00.000Z,95.5,96,90.8,89.7,94
שמואל הרופא,83.3,2022-03-27T00:00:00.000Z,89.7,80.6,79.2,80.4,80.1
בני ציון,95.9,2022-03-27T00:00:00.000Z,87.1,81.9,97.2,84.6,76.1
המרכזי בעמק,96.8,2022-03-27T00:00:00.000Z,92.9,83.7,75.2,70.3,73.8
איכילוב,85.7,2022-03-27T00:00:00.000Z,78.4,77.2,123.7,114.1,110.3
רבין ק. השרון,60.5,2022-03-27T00:00:00.000Z,50.9,68.5,63.9,56.6,65.1
רבין ק. בילינסון,115,2022-03-27T00:00:00.000Z,105.2,87.5,95.7,92.2,80.9
לניאדו,119.2,2022-03-27T00:00:00.000Z,98.7,97.3,110,96.5,83.8
פוריה,92.3,2022-03-27T00:00:00.000Z,78.4,61.2,87.9,70.1,66
הלל יפה,116.4,2022-03-27T00:00:00.000Z,102.2,81.7,95,85.6,83.7
יוספטל,87.5,2022-03-27T00:00:00.000Z,77.7,36.6,56.9,52.7,41.5
נהריה,117.4,2022-03-27T00:00:00.000Z,111.4,83.7,95.1,90.9,74.7
שיבא,114.2,2022-03-27T00:00:00.000Z,98.3,82.8,106.6,103.2,98.5
זיו צפת,103.1,2022-03-27T00:00:00.000Z,93.5,95.8,85.3,77.4,73.1
שמיר,85.3,2022-03-27T00:00:00.000Z,83.7,79.8,79.1,73.4,65.9
הדסה הר הצופים,83.3,2022-03-27T00:00:00.000Z,76.6,84.9,78.5,80.3,76.7
המשפחה הקדושה,165.5,2022-03-27T00:00:00.000Z,192.6,158.6,107.4,99.9,117.4
הדסה עין כרם,124.3,2022-03-27T00:00:00.000Z,126.1,134.8,93,92.2,92.9
אסותא אשדוד,162.7,2022-03-27T00:00:00.000Z,155.7,177.2,138.2,138.5,145.3
קפלן,99.3,2022-03-27T00:00:00.000Z,94,86.2,84.6,78.1,77.8
סורוקה,69.8,2022-03-27T00:00:00.000Z,68.8,66.3,73.8,70.5,72.9
מאיר,80,2022-03-27T00:00:00.000Z,76.3,69.9,84.1,80.7,74.4
כלל המוסדות,97.5,2022-03-27T00:00:00.000Z,91.2,84.1,90.7,85.4,82.7
וולפסון,86.9,2022-03-28T00:00:00.000Z,81.4,74.5,85.9,78.9,70.3
הכרמל,61.3,2022-03-28T00:00:00.000Z,65.4,56.7,81.4,72,70.5
ברזילי,102.6,2022-03-28T00:00:00.000Z,92,77.3,89.1,84,76.3
"רמב""ם",98,2022-03-28T00:00:00.000Z,96.6,95.6,91.2,89.6,91.6
שמואל הרופא,83.3,2022-03-28T00:00:00.000Z,88.1,81,82.1,80.1,80
בני ציון,102.5,2022-03-28T00:00:00.000Z,88.7,80.6,96.5,86.3,73.6
המרכזי בעמק,101.3,2022-03-28T00:00:00.000Z,93.1,84.1,77,70.5,72.8
איכילוב,83.7,2022-03-28T00:00:00.000Z,79,74.5,120.2,114.8,105.9
רבין ק. השרון,60.5,2022-03-28T00:00:00.000Z,51.6,68.8,61,56.7,64.2
רבין ק. בילינסון,113.7,2022-03-28T00:00:00.000Z,106.1,85.3,96.9,92.6,78
לניאדו,116.7,2022-03-28T00:00:00.000Z,101.6,93.2,110.3,97.7,81.1
פוריה,93.6,2022-03-28T00:00:00.000Z,81,59.9,83.7,72.5,63.9
הלל יפה,106.8,2022-03-28T00:00:00.000Z,102.8,77.6,89.1,86.6,80.6
יוספטל,87.5,2022-03-28T00:00:00.000Z,80.4,33,49.2,54.1,40.4
נהריה,119.5,2022-03-28T00:00:00.000Z,112.9,83.2,99,91.6,72.5
שיבא,108.8,2022-03-28T00:00:00.000Z,100.9,80.8,108,103.7,96.6
זיו צפת,107.8,2022-03-28T00:00:00.000Z,96.4,94.6,91.6,78.2,72
שמיר,95.4,2022-03-28T00:00:00.000Z,83.4,77.2,81,73.3,63.8
הדסה הר הצופים,75,2022-03-28T00:00:00.000Z,77.4,85.7,81.6,79.4,75.9
הדסה עין כרם,123.3,2022-03-28T00:00:00.000Z,126.2,133.6,97.5,92.4,90.5
אסותא אשדוד,166.1,2022-03-28T00:00:00.000Z,156.4,178.7,139.9,139,145.6
קפלן,98,2022-03-28T00:00:00.000Z,95.7,82.6,85,79,76.4
סורוקה,67.1,2022-03-28T00:00:00.000Z,67.9,64.6,74.7,70.6,71.3
מאיר,79,2022-03-28T00:00:00.000Z,76.8,67.6,86.9,81,72.1
כלל המוסדות,96.9,2022-03-28T00:00:00.000Z,91.9,82.7,91.1,85.9,80.7
וולפסון,88.9,2022-03-29T00:00:00.000Z,82.1,74.4,82.3,79.5,68
הכרמל,69.8,2022-03-29T00:00:00.000Z,65,57,80.8,72.8,69.1
ברזילי,96.4,2022-03-29T00:00:00.000Z,92.9,76.5,86.9,84.7,74.4
"רמב""ם",101.5,2022-03-29T00:00:00.000Z,96.5,96.3,95,89.5,88.7
שמואל הרופא,91.7,2022-03-29T00:00:00.000Z,86.1,81,82.1,80.1,79.8
בני ציון,95,2022-03-29T00:00:00.000Z,90.6,78.4,88.5,87.4,71.6
המרכזי בעמק,98.1,2022-03-29T00:00:00.000Z,95,84.7,75.7,71.4,72
איכילוב,87,2022-03-29T00:00:00.000Z,80.4,72.1,120.6,114.9,101.4
רבין ק. השרון,66.7,2022-03-29T00:00:00.000Z,53.1,69,73.4,57,62
רבין ק. בילינסון,111,2022-03-29T00:00:00.000Z,107,84.2,95,92.8,75.2
לניאדו,100,2022-03-29T00:00:00.000Z,104.9,91.2,106.7,99.4,77
פוריה,100,2022-03-29T00:00:00.000Z,83.3,59,90.4,73.9,62.1
הלל יפה,90.4,2022-03-29T00:00:00.000Z,102.9,76.2,81.9,86.2,79
יוספטל,81.3,2022-03-29T00:00:00.000Z,83,36.6,64.6,54.3,42.9
נהריה,114.7,2022-03-29T00:00:00.000Z,115,85.5,96.8,92.4,72.1
שיבא,120.1,2022-03-29T00:00:00.000Z,102.7,81.8,108.9,104.2,95.2
זיו צפת,98.4,2022-03-29T00:00:00.000Z,97.8,92.2,84.1,79.7,72
שמיר,93.1,2022-03-29T00:00:00.000Z,85.1,75.5,78.9,73.8,60.8
הדסה הר הצופים,69.4,2022-03-29T00:00:00.000Z,77,84.9,85.4,78.7,74.2
המשפחה הקדושה,172.4,2022-03-29T00:00:00.000Z,190.1,158.6,118.1,101.9,117.4
הדסה עין כרם,123.3,2022-03-29T00:00:00.000Z,125.4,132.3,94.3,92.4,87.6
אסותא אשדוד,169.5,2022-03-29T00:00:00.000Z,157.9,174.3,145.4,137.9,141.7
קפלן,94,2022-03-29T00:00:00.000Z,96.2,81.1,85.9,79.2,75.2
סורוקה,67.8,2022-03-29T00:00:00.000Z,66.9,63.7,75.2,70.4,70
מאיר,82.5,2022-03-29T00:00:00.000Z,77.3,66.9,83.3,81.7,70.4
כלל המוסדות,97.1,2022-03-29T00:00:00.000Z,92.7,82,90.7,86.3,78.7
וולפסון,85.2,2022-03-30T00:00:00.000Z,83.5,74.8,85.4,79.3,67.4
הכרמל,67.9,2022-03-30T00:00:00.000Z,65.9,57.1,79.1,73.3,68.9
ברזילי,94.8,2022-03-30T00:00:00.000Z,93.4,76.2,86.1,84.9,74.4
כלל המוסדות,93.1,2022-03-30T00:00:00.000Z,93.3,82.3,89.8,86.3,78
"רמב""ם",100.5,2022-03-30T00:00:00.000Z,97.3,96.3,99,89.7,88
שמואל הרופא,91.7,2022-03-30T00:00:00.000Z,86.9,81,79.8,80.3,79.3
בני ציון,84.3,2022-03-30T00:00:00.000Z,90.9,77.2,91.5,87.2,70.4
המרכזי בעמק,94.2,2022-03-30T00:00:00.000Z,95.3,86.7,72.6,71.7,72.5
איכילוב,78,2022-03-30T00:00:00.000Z,82.7,70.4,119.8,114.9,100.5
רבין ק. השרון,55.3,2022-03-30T00:00:00.000Z,55.6,69.8,63.9,58.3,61.9
רבין ק. בילינסון,110.6,2022-03-30T00:00:00.000Z,107,84.5,96.3,92.6,73.9
לניאדו,85.9,2022-03-30T00:00:00.000Z,104.8,90.7,96.7,98.9,74.6
פוריה,105.1,2022-03-30T00:00:00.000Z,85.5,57.9,87.3,76.2,61.6
הלל יפה,93.2,2022-03-30T00:00:00.000Z,101.3,77.5,86.8,85.1,78.9
יוספטל,81.3,2022-03-30T00:00:00.000Z,84.8,40.2,64.6,55.2,42.4
נהריה,115.8,2022-03-30T00:00:00.000Z,115,86.8,99.6,92.4,72.7
שיבא,111.7,2022-03-30T00:00:00.000Z,104.8,81.8,108,104,94.9
זיו צפת,106.3,2022-03-30T00:00:00.000Z,98.2,90.4,88.5,80.3,73.1
שמיר,93.4,2022-03-30T00:00:00.000Z,86.4,74.3,79,74.3,59.8
הדסה עין כרם,114.6,2022-03-30T00:00:00.000Z,124.5,129.7,90.6,91.8,85
אסותא אשדוד,159.3,2022-03-30T00:00:00.000Z,157.9,173.4,142,137.3,138.5
קפלן,96,2022-03-30T00:00:00.000Z,96,82,80.6,79.5,74.8
סורוקה,63.6,2022-03-30T00:00:00.000Z,65.4,66,71.4,70.3,70.1
מאיר,77.5,2022-03-30T00:00:00.000Z,78.2,69.2,82.4,82.1,70.1
הדסה הר הצופים,80.6,2022-03-30T00:00:00.000Z,76.2,83.7,88.5,79,73.3
וולפסון,82.4,2022-03-31T00:00:00.000Z,84.3,74.5,76.7,79.4,67.3
כלל המוסדות,86.7,2022-03-31T00:00:00.000Z,93.6,81.8,85,86.4,77.6
הכרמל,64.2,2022-03-31T00:00:00.000Z,66.4,56.9,78.5,74.3,68.7
ברזילי,86.5,2022-03-31T00:00:00.000Z,93.9,75.8,79.5,85,74.5
"רמב""ם",93.4,2022-03-31T00:00:00.000Z,97.8,95.3,90.3,90,87.9
שמואל הרופא,86.1,2022-03-31T00:00:00.000Z,87.3,79.8,80.1,80,78.3
בני ציון,86,2022-03-31T00:00:00.000Z,90.1,75.6,88.9,87.3,69.7
המרכזי בעמק,95.5,2022-03-31T00:00:00.000Z,96.3,88,69.5,71.9,72.6
איכילוב,69.7,2022-03-31T00:00:00.000Z,83,68.9,113.2,114.8,100.5
רבין ק. השרון,50,2022-03-31T00:00:00.000Z,56.3,68.3,55.2,58.9,61
רבין ק. בילינסון,109.3,2022-03-31T00:00:00.000Z,106,84.5,90.9,92,73
לניאדו,91,2022-03-31T00:00:00.000Z,102.9,89.9,101.4,98.3,74.7
פוריה,91,2022-03-31T00:00:00.000Z,89,56.6,80.8,78.4,60.8
הלל יפה,87.7,2022-03-31T00:00:00.000Z,101.6,77.2,82.7,85.4,78.8
יוספטל,68.8,2022-03-31T00:00:00.000Z,84.8,41.1,53.8,56,44.2
נהריה,106.3,2022-03-31T00:00:00.000Z,115,87.3,95.3,93.1,73.6
שיבא,97.9,2022-03-31T00:00:00.000Z,107.2,80.1,101.5,104.3,94.8
זיו צפת,64.1,2022-03-31T00:00:00.000Z,100.7,85.7,74.6,80.6,73.1
שמיר,86.1,2022-03-31T00:00:00.000Z,87.8,72.9,76.8,75,59.9
הדסה עין כרם,117.5,2022-03-31T00:00:00.000Z,122.6,126.9,90.3,90.6,83.3
אסותא אשדוד,157.6,2022-03-31T00:00:00.000Z,158.4,174.6,135.2,135.3,137.7
קפלן,84.7,2022-03-31T00:00:00.000Z,96.6,83.2,75.1,79.6,73.9
סורוקה,57.8,2022-03-31T00:00:00.000Z,65.3,65.8,68.1,70.3,69.5
מאיר,72,2022-03-31T00:00:00.000Z,78.4,69.4,77.9,82.3,69.5
הדסה הר הצופים,80.6,2022-03-31T00:00:00.000Z,77,84.9,79.2,80.3,72.4
וולפסון,90.6,2022-04-01T00:00:00.000Z,84.7,73.9,68.8,80,66.1
הכרמל,62.3,2022-04-01T00:00:00.000Z,66.2,57.4,68.3,75.4,68.2
ברזילי,91.7,2022-04-01T00:00:00.000Z,94,75.2,77,84.7,73.6
"רמב""ם",95.5,2022-04-01T00:00:00.000Z,98,94.9,82.1,90.2,87.1
שמואל הרופא,86.1,2022-04-01T00:00:00.000Z,86.5,79,77.1,79.8,77.6
בני ציון,93.4,2022-04-01T00:00:00.000Z,90.4,74.4,79.4,88,69.4
המרכזי בעמק,92.3,2022-04-01T00:00:00.000Z,96.7,89.7,65.6,72.1,71.5
איכילוב,72,2022-04-01T00:00:00.000Z,81.6,68,102.8,114.7,99.6
רבין ק. השרון,47.4,2022-04-01T00:00:00.000Z,56.5,67.7,39.4,59.1,59.3
רבין ק. בילינסון,108.4,2022-04-01T00:00:00.000Z,107.9,84.6,83.3,92.3,71.6
לניאדו,87.2,2022-04-01T00:00:00.000Z,101.8,88.5,79.1,98.8,72.5
פוריה,94.9,2022-04-01T00:00:00.000Z,91.8,55.5,73,80,60.6
הלל יפה,90.4,2022-04-01T00:00:00.000Z,100.2,77.6,79.6,85.2,78.1
יוספטל,81.3,2022-04-01T00:00:00.000Z,83,44.6,41.5,54.7,45.1
נהריה,107.4,2022-04-01T00:00:00.000Z,114.9,86.8,87.4,94,73.7
שיבא,105.9,2022-04-01T00:00:00.000Z,108.2,80.8,99.8,104.3,95.1
זיו צפת,79.7,2022-04-01T00:00:00.000Z,97.5,83.5,64.6,80.4,73.1
שמיר,88.8,2022-04-01T00:00:00.000Z,88.6,72.3,69,75.9,59.5
המשפחה הקדושה,172.4,2022-04-01T00:00:00.000Z,185.2,158.6,118.1,105.8,117.4
הדסה עין כרם,112.6,2022-04-01T00:00:00.000Z,121.8,126.1,79.9,90.8,81.4
אסותא אשדוד,150.8,2022-04-01T00:00:00.000Z,157.6,173.1,129.4,133.7,133.7
קפלן,84,2022-04-01T00:00:00.000Z,96.1,83.7,70.1,80,72.1
סורוקה,63.6,2022-04-01T00:00:00.000Z,65.3,65.7,65.6,70.6,68.8
מאיר,68,2022-04-01T00:00:00.000Z,77.9,70.1,71,81.8,68.6
הדסה הר הצופים,77.8,2022-04-01T00:00:00.000Z,77.4,85.7,68.4,80.3,72.5
כלל המוסדות,89.5,2022-04-01T00:00:00.000Z,93.5,81.6,78.6,86.6,76.8
וולפסון,90.2,2022-04-02T00:00:00.000Z,86.3,74.2,72.3,79.9,66.7
כלל המוסדות,97.1,2022-04-02T00:00:00.000Z,93.8,82.1,83.9,86.9,76.6
הכרמל,69.8,2022-04-02T00:00:00.000Z,65.8,57.7,76.9,76.4,67.7
ברזילי,101,2022-04-02T00:00:00.000Z,95.1,75.8,82,84.7,73.2
"רמב""ם",101.5,2022-04-02T00:00:00.000Z,98,95.6,87.6,90.4,87.3
שמואל הרופא,91.7,2022-04-02T00:00:00.000Z,86.9,78.6,79.5,79.8,76.7
בני ציון,105.8,2022-04-02T00:00:00.000Z,92.2,73.4,90.3,89.3,70.5
המרכזי בעמק,103.9,2022-04-02T00:00:00.000Z,96.9,90.5,69.4,72.6,70.7
איכילוב,82.7,2022-04-02T00:00:00.000Z,80.7,69.6,111.8,115.6,99.9
רבין ק. השרון,57.9,2022-04-02T00:00:00.000Z,56.6,67.4,51.9,58.5,58
רבין ק. בילינסון,116.3,2022-04-02T00:00:00.000Z,110.4,85.3,90.9,92.6,71.2
לניאדו,117.9,2022-04-02T00:00:00.000Z,101.1,89.4,92.2,98.9,71.8
פוריה,102.6,2022-04-02T00:00:00.000Z,94.3,56.2,84.2,81.7,61.1
הלל יפה,88.4,2022-04-02T00:00:00.000Z,99.5,79.1,79.6,85.8,77.6
יוספטל,106.3,2022-04-02T00:00:00.000Z,83.9,47.3,58.5,53.6,46.6
נהריה,124.2,2022-04-02T00:00:00.000Z,115.2,87.4,98.2,94.9,74.5
שיבא,107.9,2022-04-02T00:00:00.000Z,108.5,80.9,101.6,104.7,94.9
זיו צפת,87.5,2022-04-02T00:00:00.000Z,95.8,80.6,72,80.8,73.6
שמיר,95,2022-04-02T00:00:00.000Z,89.7,71.2,72.8,76.4,59.8
המשפחה הקדושה,172.4,2022-04-02T00:00:00.000Z,179.3,158.6,118.1,108.1,117.2
הדסה עין כרם,123.3,2022-04-02T00:00:00.000Z,120.5,125,83.3,90.4,80.3
אסותא אשדוד,147.5,2022-04-02T00:00:00.000Z,158.6,172.6,117.4,134.7,129
קפלן,97.3,2022-04-02T00:00:00.000Z,94.7,84.2,77.6,80.1,71.4
סורוקה,68.2,2022-04-02T00:00:00.000Z,65.8,66.6,71.4,71.2,68.1
מאיר,69.5,2022-04-02T00:00:00.000Z,77.2,71.5,74.9,81.1,68.5
הדסה הר הצופים,88.9,2022-04-02T00:00:00.000Z,77.8,85.7,75.3,79.5,72.3
וולפסון,89.3,2022-04-03T00:00:00.000Z,86.8,74.8,84.3,79.5,67
הכרמל,67.9,2022-04-03T00:00:00.000Z,66,57.5,82.6,77.7,67.5
ברזילי,99.5,2022-04-03T00:00:00.000Z,96.7,77,89.2,84.8,73.8
"רמב""ם",98,2022-04-03T00:00:00.000Z,98.4,96.8,93.3,90.9,88
שמואל הרופא,94.4,2022-04-03T00:00:00.000Z,87.7,77.8,79.8,80,76
בני ציון,103.3,2022-04-03T00:00:00.000Z,94.7,72.7,94.9,90.3,71.9
המרכזי בעמק,106.5,2022-04-03T00:00:00.000Z,97.4,89.3,73,72.2,70.4
איכילוב,88,2022-04-03T00:00:00.000Z,79.8,71.6,128,116,101.3
רבין ק. השרון,59.6,2022-04-03T00:00:00.000Z,56.9,68.4,66,58.4,58.1
רבין ק. בילינסון,118.1,2022-04-03T00:00:00.000Z,112,87.9,95.9,92.7,72.6
לניאדו,121.8,2022-04-03T00:00:00.000Z,102.6,91.2,113.4,99.5,72.5
פוריה,103.8,2022-04-03T00:00:00.000Z,97.1,57.5,88.2,83.9,62.4
הלל יפה,89.7,2022-04-03T00:00:00.000Z,96.2,82.4,83.9,85,78.6
יוספטל,93.8,2022-04-03T00:00:00.000Z,84.8,50,58.5,55.6,49.2
נהריה,113.7,2022-04-03T00:00:00.000Z,115,89.5,97.8,95.9,75.6
שיבא,112.1,2022-04-03T00:00:00.000Z,109.5,82.5,106.4,104.9,95.2
זיו צפת,79.7,2022-04-03T00:00:00.000Z,92.4,78.6,79.3,80.1,74
שמיר,90.7,2022-04-03T00:00:00.000Z,91,71.5,80.9,76.7,60.5
המשפחה הקדושה,172.4,2022-04-03T00:00:00.000Z,174.9,158.6,118.1,111.6,117.1
הדסה עין כרם,119.4,2022-04-03T00:00:00.000Z,119.8,124.1,88.8,89.9,80.7
אסותא אשדוד,154.2,2022-04-03T00:00:00.000Z,159.1,172.2,137.5,135.3,127
קפלן,100.7,2022-04-03T00:00:00.000Z,93.3,85.3,82.7,79.8,71.7
סורוקה,69.4,2022-04-03T00:00:00.000Z,65.4,67.1,75.4,71.5,68
מאיר,78,2022-04-03T00:00:00.000Z,75.5,73.3,81.4,80.1,69.5
הדסה הר הצופים,97.2,2022-04-03T00:00:00.000Z,79.4,89.3,81.9,79.6,73.6
כלל המוסדות,97.5,2022-04-03T00:00:00.000Z,94,83.3,90.5,87.1,77.2
וולפסון,83.6,2022-04-23T00:00:00.000Z,87.6,76.4,71.4,79.4,68.3
הכרמל,52.8,2022-04-23T00:00:00.000Z,66.2,57.8,68.5,78.2,68.6
ברזילי,100,2022-04-23T00:00:00.000Z,96.1,79.2,80,84.2,75.2
"רמב""ם",92.9,2022-04-23T00:00:00.000Z,98.3,97.6,80,91.2,89.9
שמואל הרופא,77.8,2022-04-23T00:00:00.000Z,89.3,76.6,76.5,80.1,75.2
בני ציון,96.7,2022-04-23T00:00:00.000Z,95.7,73.8,79,90,74.7
המרכזי בעמק,90.3,2022-04-23T00:00:00.000Z,98.8,89.9,62.5,71.8,71.5
איכילוב,88.3,2022-04-23T00:00:00.000Z,80.1,75,108.5,116.6,104.8
רבין ק. השרון,64.9,2022-04-23T00:00:00.000Z,56.8,69.7,56.4,58.7,59.3
רבין ק. בילינסון,105.3,2022-04-23T00:00:00.000Z,112.5,90.6,79.6,92.8,74.7
לניאדו,115.4,2022-04-23T00:00:00.000Z,102.9,93.8,85.2,100,74.4
פוריה,64.1,2022-04-23T00:00:00.000Z,98.7,59.9,67.3,83.9,63.9
הלל יפה,111.6,2022-04-23T00:00:00.000Z,92.4,86.2,78.6,83.4,80.6
יוספטל,50,2022-04-23T00:00:00.000Z,85.7,52.7,38.5,55.8,50.3
נהריה,105.3,2022-04-23T00:00:00.000Z,114.5,91.2,87,96.3,77.4
שיבא,112.1,2022-04-23T00:00:00.000Z,109.2,84.9,99.5,104.9,96.2
זיו צפת,87.5,2022-04-23T00:00:00.000Z,89.1,78.8,67.4,79.3,75.3
שמיר,86.9,2022-04-23T00:00:00.000Z,91.8,73.2,67.9,76.9,62.2
המשפחה הקדושה,172.4,2022-04-23T00:00:00.000Z,170.4,158.6,118.1,115.1,117
הדסה עין כרם,112.6,2022-04-23T00:00:00.000Z,119.1,124,73.7,89.2,81.5
אסותא אשדוד,116.9,2022-04-23T00:00:00.000Z,157.9,173.4,101.7,135.3,126
קפלן,84.7,2022-04-23T00:00:00.000Z,93.5,88.4,67.7,79.6,72.6
סורוקה,68.2,2022-04-23T00:00:00.000Z,65.3,69.1,66.7,71.7,69
מאיר,70.5,2022-04-23T00:00:00.000Z,75.2,76.8,72.8,79.7,71.2
הדסה הר הצופים,75,2022-04-23T00:00:00.000Z,81.3,91.3,73.6,80.1,75.1
כלל המוסדות,91.7,2022-04-23T00:00:00.000Z,94,85.3,78.3,87.1,78.6
בני ציון,93.4,2022-04-27T00:00:00.000Z,93.4,95,95.6,95.6,85.5
בני ציון,93.4,2022-04-27T00:00:00.000Z,93.4,95,95.6,95.6,85.5
בני ציון,93.4,2022-04-27T00:00:00.000Z,93.4,95,95.6,95.6,85.5
בני ציון,93.4,2022-04-27T00:00:00.000Z,93.4,95,95.6,95.6,85.5
בני ציון,93.4,2022-04-27T00:00:00.000Z,93.4,95,95.6,95.6,85.5
בני ציון,93.4,2022-04-27T00:00:00.000Z,93.4,95,95.6,95.6,85.5
בני ציון,93.4,2022-04-27T00:00:00.000Z,93.4,95,95.6,95.6,85.5
בני ציון,93.4,2022-04-27T00:00:00.000Z,93.4,95,95.6,95.6,85.5
בני ציון,93.4,2022-04-27T00:00:00.000Z,93.4,95,95.6,95.6,85.5
בני ציון,93.4,2022-04-27T00:00:00.000Z,93.4,95,95.6,95.6,85.5
בני ציון,93.4,2022-04-27T00:00:00.000Z,93.4,95,95.6,95.6,85.5
בני ציון,93.4,2022-04-27T00:00:00.000Z,93.4,95,95.6,95.6,85.5
בני ציון,93.4,2022-04-27T00:00:00.000Z,93.4,95,95.6,95.6,85.5
לניאדו,100,2022-04-27T00:00:00.000Z,100,98.7,97.5,97.5,104.2
לניאדו,100,2022-04-27T00:00:00.000Z,100,98.7,97.5,97.5,104.2
לניאדו,100,2022-04-27T00:00:00.000Z,100,98.7,97.5,97.5,104.2
לניאדו,100,2022-04-27T00:00:00.000Z,100,98.7,97.5,97.5,104.2
לניאדו,100,2022-04-27T00:00:00.000Z,100,98.7,97.5,97.5,104.2
לניאדו,100,2022-04-27T00:00:00.000Z,100,98.7,97.5,97.5,104.2
לניאדו,100,2022-04-27T00:00:00.000Z,100,98.7,97.5,97.5,104.2
לניאדו,100,2022-04-27T00:00:00.000Z,100,98.7,97.5,97.5,104.2
לניאדו,100,2022-04-27T00:00:00.000Z,100,98.7,97.5,97.5,104.2
לניאדו,100,2022-04-27T00:00:00.000Z,100,98.7,97.5,97.5,104.2
לניאדו,100,2022-04-27T00:00:00.000Z,100,98.7,97.5,97.5,104.2
לניאדו,100,2022-04-27T00:00:00.000Z,100,98.7,97.5,97.5,104.2
לניאדו,100,2022-04-27T00:00:00.000Z,100,98.7,97.5,97.5,104.2
לניאדו,100,2022-04-27T00:00:00.000Z,100,98.7,97.5,97.5,104.2
לניאדו,100,2022-04-27T00:00:00.000Z,100,98.7,97.5,97.5,104.2
לניאדו,100,2022-04-27T00:00:00.000Z,100,98.7,97.5,97.5,104.2
לניאדו,100,2022-04-27T00:00:00.000Z,100,98.7,97.5,97.5,104.2
לניאדו,100,2022-04-27T00:00:00.000Z,100,98.7,97.5,97.5,104.2
לניאדו,100,2022-04-27T00:00:00.000Z,100,98.7,97.5,97.5,104.2
לניאדו,100,2022-04-27T00:00:00.000Z,100,98.7,97.5,97.5,104.2
לניאדו,100,2022-04-27T00:00:00.000Z,100,98.7,97.5,97.5,104.2
לניאדו,100,2022-04-27T00:00:00.000Z,100,98.7,97.5,97.5,104.2
לניאדו,100,2022-04-27T00:00:00.000Z,100,98.7,97.5,97.5,104.2
לניאדו,100,2022-04-27T00:00:00.000Z,100,98.7,97.5,97.5,104.2
לניאדו,100,2022-04-27T00:00:00.000Z,100,98.7,97.5,97.5,104.2
לניאדו,100,2022-04-27T00:00:00.000Z,100,98.7,97.5,97.5,104.2
לניאדו,100,2022-04-27T00:00:00.000Z,100,98.7,97.5,97.5,104.2
לניאדו,100,2022-04-27T00:00:00.000Z,100,98.7,97.5,97.5,104.2
לניאדו,100,2022-04-27T00:00:00.000Z,100,98.7,97.5,97.5,104.2
לניאדו,100,2022-04-27T00:00:00.000Z,100,98.7,97.5,97.5,104.2
לניאדו,100,2022-04-27T00:00:00.000Z,100,98.7,97.5,97.5,104.2
לניאדו,100,2022-04-27T00:00:00.000Z,100,98.7,97.5,97.5,104.2
לניאדו,100,2022-04-27T00:00:00.000Z,100,98.7,97.5,97.5,104.2
לניאדו,100,2022-04-27T00:00:00.000Z,100,98.7,97.5,97.5,104.2
פוריה,79.5,2022-04-27T00:00:00.000Z,79.5,66.7,84.5,84.5,74.6
פוריה,79.5,2022-04-27T00:00:00.000Z,79.5,66.7,84.5,84.5,74.6
פוריה,79.5,2022-04-27T00:00:00.000Z,79.5,66.7,84.5,84.5,74.6
פוריה,79.5,2022-04-27T00:00:00.000Z,79.5,66.7,84.5,84.5,74.6
פוריה,79.5,2022-04-27T00:00:00.000Z,79.5,66.7,84.5,84.5,74.6
פוריה,79.5,2022-04-27T00:00:00.000Z,79.5,66.7,84.5,84.5,74.6
פוריה,79.5,2022-04-27T00:00:00.000Z,79.5,66.7,84.5,84.5,74.6
פוריה,79.5,2022-04-27T00:00:00.000Z,79.5,66.7,84.5,84.5,74.6
פוריה,79.5,2022-04-27T00:00:00.000Z,79.5,66.7,84.5,84.5,74.6
פוריה,79.5,2022-04-27T00:00:00.000Z,79.5,66.7,84.5,84.5,74.6
פוריה,79.5,2022-04-27T00:00:00.000Z,79.5,66.7,84.5,84.5,74.6
פוריה,79.5,2022-04-27T00:00:00.000Z,79.5,66.7,84.5,84.5,74.6
פוריה,79.5,2022-04-27T00:00:00.000Z,79.5,66.7,84.5,84.5,74.6
פוריה,79.5,2022-04-27T00:00:00.000Z,79.5,66.7,84.5,84.5,74.6
רבין ק. בילינסון,120.3,2022-04-27T00:00:00.000Z,120.3,101.3,100.2,100.2,91.5
רבין ק. בילינסון,120.3,2022-04-27T00:00:00.000Z,120.3,101.3,100.2,100.2,91.5
רבין ק. בילינסון,120.3,2022-04-27T00:00:00.000Z,120.3,101.3,100.2,100.2,91.5
רבין ק. בילינסון,120.3,2022-04-27T00:00:00.000Z,120.3,101.3,100.2,100.2,91.5
רבין ק. בילינסון,120.3,2022-04-27T00:00:00.000Z,120.3,101.3,100.2,100.2,91.5
רבין ק. בילינסון,120.3,2022-04-27T00:00:00.000Z,120.3,101.3,100.2,100.2,91.5
רבין ק. בילינסון,120.3,2022-04-27T00:00:00.000Z,120.3,101.3,100.2,100.2,91.5
רבין ק. בילינסון,120.3,2022-04-27T00:00:00.000Z,120.3,101.3,100.2,100.2,91.5
רבין ק. בילינסון,120.3,2022-04-27T00:00:00.000Z,120.3,101.3,100.2,100.2,91.5
רבין ק. בילינסון,120.3,2022-04-27T00:00:00.000Z,120.3,101.3,100.2,100.2,91.5
רבין ק. בילינסון,120.3,2022-04-27T00:00:00.000Z,120.3,101.3,100.2,100.2,91.5
רבין ק. בילינסון,120.3,2022-04-27T00:00:00.000Z,120.3,101.3,100.2,100.2,91.5
רבין ק. בילינסון,120.3,2022-04-27T00:00:00.000Z,120.3,101.3,100.2,100.2,91.5
רבין ק. בילינסון,120.3,2022-04-27T00:00:00.000Z,120.3,101.3,100.2,100.2,91.5
רבין ק. בילינסון,120.3,2022-04-27T00:00:00.000Z,120.3,101.3,100.2,100.2,91.5
רבין ק. בילינסון,120.3,2022-04-27T00:00:00.000Z,120.3,101.3,100.2,100.2,91.5
רבין ק. בילינסון,120.3,2022-04-27T00:00:00.000Z,120.3,101.3,100.2,100.2,91.5
רבין ק. בילינסון,120.3,2022-04-27T00:00:00.000Z,120.3,101.3,100.2,100.2,91.5
רבין ק. בילינסון,120.3,2022-04-27T00:00:00.000Z,120.3,101.3,100.2,100.2,91.5
רבין ק. בילינסון,120.3,2022-04-27T00:00:00.000Z,120.3,101.3,100.2,100.2,91.5
הכרמל,59.4,2022-04-27T00:00:00.000Z,59.4,65.1,78.3,78.3,81.8
הכרמל,59.4,2022-04-27T00:00:00.000Z,59.4,65.1,78.3,78.3,81.8
הכרמל,59.4,2022-04-27T00:00:00.000Z,59.4,65.1,78.3,78.3,81.8
הכרמל,59.4,2022-04-27T00:00:00.000Z,59.4,65.1,78.3,78.3,81.8
הכרמל,59.4,2022-04-27T00:00:00.000Z,59.4,65.1,78.3,78.3,81.8
הכרמל,59.4,2022-04-27T00:00:00.000Z,59.4,65.1,78.3,78.3,81.8
הכרמל,59.4,2022-04-27T00:00:00.000Z,59.4,65.1,78.3,78.3,81.8
הכרמל,59.4,2022-04-27T00:00:00.000Z,59.4,65.1,78.3,78.3,81.8
הכרמל,59.4,2022-04-27T00:00:00.000Z,59.4,65.1,78.3,78.3,81.8
הכרמל,59.4,2022-04-27T00:00:00.000Z,59.4,65.1,78.3,78.3,81.8
הכרמל,59.4,2022-04-27T00:00:00.000Z,59.4,65.1,78.3,78.3,81.8
הכרמל,59.4,2022-04-27T00:00:00.000Z,59.4,65.1,78.3,78.3,81.8
הכרמל,59.4,2022-04-27T00:00:00.000Z,59.4,65.1,78.3,78.3,81.8
הכרמל,59.4,2022-04-27T00:00:00.000Z,59.4,65.1,78.3,78.3,81.8
הכרמל,59.4,2022-04-27T00:00:00.000Z,59.4,65.1,78.3,78.3,81.8
הכרמל,59.4,2022-04-27T00:00:00.000Z,59.4,65.1,78.3,78.3,81.8
הכרמל,59.4,2022-04-27T00:00:00.000Z,59.4,65.1,78.3,78.3,81.8
הכרמל,59.4,2022-04-27T00:00:00.000Z,59.4,65.1,78.3,78.3,81.8
הכרמל,59.4,2022-04-27T00:00:00.000Z,59.4,65.1,78.3,78.3,81.8
הכרמל,59.4,2022-04-27T00:00:00.000Z,59.4,65.1,78.3,78.3,81.8
הכרמל,59.4,2022-04-27T00:00:00.000Z,59.4,65.1,78.3,78.3,81.8
הכרמל,59.4,2022-04-27T00:00:00.000Z,59.4,65.1,78.3,78.3,81.8
הכרמל,59.4,2022-04-27T00:00:00.000Z,59.4,65.1,78.3,78.3,81.8
הכרמל,59.4,2022-04-27T00:00:00.000Z,59.4,65.1,78.3,78.3,81.8
הכרמל,59.4,2022-04-27T00:00:00.000Z,59.4,65.1,78.3,78.3,81.8
הכרמל,59.4,2022-04-27T00:00:00.000Z,59.4,65.1,78.3,78.3,81.8
הכרמל,59.4,2022-04-27T00:00:00.000Z,59.4,65.1,78.3,78.3,81.8
הכרמל,59.4,2022-04-27T00:00:00.000Z,59.4,65.1,78.3,78.3,81.8
הכרמל,59.4,2022-04-27T00:00:00.000Z,59.4,65.1,78.3,78.3,81.8
הכרמל,59.4,2022-04-27T00:00:00.000Z,59.4,65.1,78.3,78.3,81.8
הכרמל,59.4,2022-04-27T00:00:00.000Z,59.4,65.1,78.3,78.3,81.8
הכרמל,59.4,2022-04-27T00:00:00.000Z,59.4,65.1,78.3,78.3,81.8
הכרמל,59.4,2022-04-27T00:00:00.000Z,59.4,65.1,78.3,78.3,81.8
הכרמל,59.4,2022-04-27T00:00:00.000Z,59.4,65.1,78.3,78.3,81.8
הכרמל,59.4,2022-04-27T00:00:00.000Z,59.4,65.1,78.3,78.3,81.8
הכרמל,59.4,2022-04-27T00:00:00.000Z,59.4,65.1,78.3,78.3,81.8
הכרמל,59.4,2022-04-27T00:00:00.000Z,59.4,65.1,78.3,78.3,81.8
הכרמל,59.4,2022-04-27T00:00:00.000Z,59.4,65.1,78.3,78.3,81.8
הכרמל,59.4,2022-04-27T00:00:00.000Z,59.4,65.1,78.3,78.3,81.8
הכרמל,59.4,2022-04-27T00:00:00.000Z,59.4,65.1,78.3,78.3,81.8
הכרמל,59.4,2022-04-27T00:00:00.000Z,59.4,65.1,78.3,78.3,81.8
הכרמל,59.4,2022-04-27T00:00:00.000Z,59.4,65.1,78.3,78.3,81.8
הכרמל,59.4,2022-04-27T00:00:00.000Z,59.4,65.1,78.3,78.3,81.8
הכרמל,59.4,2022-04-27T00:00:00.000Z,59.4,65.1,78.3,78.3,81.8
הכרמל,59.4,2022-04-27T00:00:00.000Z,59.4,65.1,78.3,78.3,81.8
הכרמל,59.4,2022-04-27T00:00:00.000Z,59.4,65.1,78.3,78.3,81.8
הכרמל,59.4,2022-04-27T00:00:00.000Z,59.4,65.1,78.3,78.3,81.8
הכרמל,59.4,2022-04-27T00:00:00.000Z,59.4,65.1,78.3,78.3,81.8
הכרמל,59.4,2022-04-27T00:00:00.000Z,59.4,65.1,78.3,78.3,81.8
הכרמל,59.4,2022-04-27T00:00:00.000Z,59.4,65.1,78.3,78.3,81.8
הכרמל,59.4,2022-04-27T00:00:00.000Z,59.4,65.1,78.3,78.3,81.8
הכרמל,59.4,2022-04-27T00:00:00.000Z,59.4,65.1,78.3,78.3,81.8
הכרמל,59.4,2022-04-27T00:00:00.000Z,59.4,65.1,78.3,78.3,81.8
הכרמל,59.4,2022-04-27T00:00:00.000Z,59.4,65.1,78.3,78.3,81.8
הכרמל,59.4,2022-04-27T00:00:00.000Z,59.4,65.1,78.3,78.3,81.8
הכרמל,59.4,2022-04-27T00:00:00.000Z,59.4,65.1,78.3,78.3,81.8
הכרמל,59.4,2022-04-27T00:00:00.000Z,59.4,65.1,78.3,78.3,81.8
הכרמל,59.4,2022-04-27T00:00:00.000Z,59.4,65.1,78.3,78.3,81.8
הכרמל,59.4,2022-04-27T00:00:00.000Z,59.4,65.1,78.3,78.3,81.8
הכרמל,59.4,2022-04-27T00:00:00.000Z,59.4,65.1,78.3,78.3,81.8
הכרמל,59.4,2022-04-27T00:00:00.000Z,59.4,65.1,78.3,78.3,81.8
הכרמל,59.4,2022-04-27T00:00:00.000Z,59.4,65.1,78.3,78.3,81.8
הכרמל,59.4,2022-04-27T00:00:00.000Z,59.4,65.1,78.3,78.3,81.8
הכרמל,59.4,2022-04-27T00:00:00.000Z,59.4,65.1,78.3,78.3,81.8
הכרמל,59.4,2022-04-27T00:00:00.000Z,59.4,65.1,78.3,78.3,81.8
הכרמל,59.4,2022-04-27T00:00:00.000Z,59.4,65.1,78.3,78.3,81.8
הכרמל,59.4,2022-04-27T00:00:00.000Z,59.4,65.1,78.3,78.3,81.8
הכרמל,59.4,2022-04-27T00:00:00.000Z,59.4,65.1,78.3,78.3,81.8
הכרמל,59.4,2022-04-27T00:00:00.000Z,59.4,65.1,78.3,78.3,81.8
הכרמל,59.4,2022-04-27T00:00:00.000Z,59.4,65.1,78.3,78.3,81.8
הכרמל,59.4,2022-04-27T00:00:00.000Z,59.4,65.1,78.3,78.3,81.8
הכרמל,59.4,2022-04-27T00:00:00.000Z,59.4,65.1,78.3,78.3,81.8
הכרמל,59.4,2022-04-27T00:00:00.000Z,59.4,65.1,78.3,78.3,81.8
הכרמל,59.4,2022-04-27T00:00:00.000Z,59.4,65.1,78.3,78.3,81.8
הכרמל,59.4,2022-04-27T00:00:00.000Z,59.4,65.1,78.3,78.3,81.8
הכרמל,59.4,2022-04-27T00:00:00.000Z,59.4,65.1,78.3,78.3,81.8
הכרמל,59.4,2022-04-27T00:00:00.000Z,59.4,65.1,78.3,78.3,81.8
הכרמל,59.4,2022-04-27T00:00:00.000Z,59.4,65.1,78.3,78.3,81.8
הכרמל,59.4,2022-04-27T00:00:00.000Z,59.4,65.1,78.3,78.3,81.8
הכרמל,59.4,2022-04-27T00:00:00.000Z,59.4,65.1,78.3,78.3,81.8
הכרמל,59.4,2022-04-27T00:00:00.000Z,59.4,65.1,78.3,78.3,81.8
הכרמל,59.4,2022-04-27T00:00:00.000Z,59.4,65.1,78.3,78.3,81.8
הכרמל,59.4,2022-04-27T00:00:00.000Z,59.4,65.1,78.3,78.3,81.8
הכרמל,59.4,2022-04-27T00:00:00.000Z,59.4,65.1,78.3,78.3,81.8
הכרמל,59.4,2022-04-27T00:00:00.000Z,59.4,65.1,78.3,78.3,81.8
הכרמל,59.4,2022-04-27T00:00:00.000Z,59.4,65.1,78.3,78.3,81.8
הכרמל,59.4,2022-04-27T00:00:00.000Z,59.4,65.1,78.3,78.3,81.8
הכרמל,59.4,2022-04-27T00:00:00.000Z,59.4,65.1,78.3,78.3,81.8
הכרמל,59.4,2022-04-27T00:00:00.000Z,59.4,65.1,78.3,78.3,81.8
הכרמל,59.4,2022-04-27T00:00:00.000Z,59.4,65.1,78.3,78.3,81.8
הכרמל,59.4,2022-04-27T00:00:00.000Z,59.4,65.1,78.3,78.3,81.8
הכרמל,59.4,2022-04-27T00:00:00.000Z,59.4,65.1,78.3,78.3,81.8
הכרמל,59.4,2022-04-27T00:00:00.000Z,59.4,65.1,78.3,78.3,81.8
שמואל הרופא,75,2022-04-27T00:00:00.000Z,75,102.8,75.4,75.4,85.6
שמואל הרופא,75,2022-04-27T00:00:00.000Z,75,102.8,75.4,75.4,85.6
שמואל הרופא,75,2022-04-27T00:00:00.000Z,75,102.8,75.4,75.4,85.6
שמואל הרופא,75,2022-04-27T00:00:00.000Z,75,102.8,75.4,75.4,85.6
שמואל הרופא,75,2022-04-27T00:00:00.000Z,75,102.8,75.4,75.4,85.6
שמואל הרופא,75,2022-04-27T00:00:00.000Z,75,102.8,75.4,75.4,85.6
שמואל הרופא,75,2022-04-27T00:00:00.000Z,75,102.8,75.4,75.4,85.6
שמואל הרופא,75,2022-04-27T00:00:00.000Z,75,102.8,75.4,75.4,85.6
שמואל הרופא,75,2022-04-27T00:00:00.000Z,75,102.8,75.4,75.4,85.6
שמואל הרופא,75,2022-04-27T00:00:00.000Z,75,102.8,75.4,75.4,85.6
שמואל הרופא,75,2022-04-27T00:00:00.000Z,75,102.8,75.4,75.4,85.6
שמואל הרופא,75,2022-04-27T00:00:00.000Z,75,102.8,75.4,75.4,85.6
שמואל הרופא,75,2022-04-27T00:00:00.000Z,75,102.8,75.4,75.4,85.6
שמואל הרופא,75,2022-04-27T00:00:00.000Z,75,102.8,75.4,75.4,85.6
שמואל הרופא,75,2022-04-27T00:00:00.000Z,75,102.8,75.4,75.4,85.6
שמואל הרופא,75,2022-04-27T00:00:00.000Z,75,102.8,75.4,75.4,85.6
שמואל הרופא,75,2022-04-27T00:00:00.000Z,75,102.8,75.4,75.4,85.6
שמואל הרופא,75,2022-04-27T00:00:00.000Z,75,102.8,75.4,75.4,85.6
שמואל הרופא,75,2022-04-27T00:00:00.000Z,75,102.8,75.4,75.4,85.6
שמואל הרופא,75,2022-04-27T00:00:00.000Z,75,102.8,75.4,75.4,85.6
שמואל הרופא,75,2022-04-27T00:00:00.000Z,75,102.8,75.4,75.4,85.6
שמואל הרופא,75,2022-04-27T00:00:00.000Z,75,102.8,75.4,75.4,85.6
שמואל הרופא,75,2022-04-27T00:00:00.000Z,75,102.8,75.4,75.4,85.6
שמואל הרופא,75,2022-04-27T00:00:00.000Z,75,102.8,75.4,75.4,85.6
שמואל הרופא,75,2022-04-27T00:00:00.000Z,75,102.8,75.4,75.4,85.6
שמואל הרופא,75,2022-04-27T00:00:00.000Z,75,102.8,75.4,75.4,85.6
שמואל הרופא,75,2022-04-27T00:00:00.000Z,75,102.8,75.4,75.4,85.6
שמואל הרופא,75,2022-04-27T00:00:00.000Z,75,102.8,75.4,75.4,85.6
שמואל הרופא,75,2022-04-27T00:00:00.000Z,75,102.8,75.4,75.4,85.6
שמואל הרופא,75,2022-04-27T00:00:00.000Z,75,102.8,75.4,75.4,85.6
שמואל הרופא,75,2022-04-27T00:00:00.000Z,75,102.8,75.4,75.4,85.6
שמואל הרופא,75,2022-04-27T00:00:00.000Z,75,102.8,75.4,75.4,85.6
שמואל הרופא,75,2022-04-27T00:00:00.000Z,75,102.8,75.4,75.4,85.6
שמואל הרופא,75,2022-04-27T00:00:00.000Z,75,102.8,75.4,75.4,85.6
איכילוב,88.7,2022-04-27T00:00:00.000Z,88.7,89.3,123.3,123.3,118
איכילוב,88.7,2022-04-27T00:00:00.000Z,88.7,89.3,123.3,123.3,118
איכילוב,88.7,2022-04-27T00:00:00.000Z,88.7,89.3,123.3,123.3,118
איכילוב,88.7,2022-04-27T00:00:00.000Z,88.7,89.3,123.3,123.3,118
איכילוב,88.7,2022-04-27T00:00:00.000Z,88.7,89.3,123.3,123.3,118
איכילוב,88.7,2022-04-27T00:00:00.000Z,88.7,89.3,123.3,123.3,118
איכילוב,88.7,2022-04-27T00:00:00.000Z,88.7,89.3,123.3,123.3,118
איכילוב,88.7,2022-04-27T00:00:00.000Z,88.7,89.3,123.3,123.3,118
איכילוב,88.7,2022-04-27T00:00:00.000Z,88.7,89.3,123.3,123.3,118
איכילוב,88.7,2022-04-27T00:00:00.000Z,88.7,89.3,123.3,123.3,118
איכילוב,88.7,2022-04-27T00:00:00.000Z,88.7,89.3,123.3,123.3,118
איכילוב,88.7,2022-04-27T00:00:00.000Z,88.7,89.3,123.3,123.3,118
איכילוב,88.7,2022-04-27T00:00:00.000Z,88.7,89.3,123.3,123.3,118
איכילוב,88.7,2022-04-27T00:00:00.000Z,88.7,89.3,123.3,123.3,118
איכילוב,88.7,2022-04-27T00:00:00.000Z,88.7,89.3,123.3,123.3,118
איכילוב,88.7,2022-04-27T00:00:00.000Z,88.7,89.3,123.3,123.3,118
איכילוב,88.7,2022-04-27T00:00:00.000Z,88.7,89.3,123.3,123.3,118
איכילוב,88.7,2022-04-27T00:00:00.000Z,88.7,89.3,123.3,123.3,118
איכילוב,88.7,2022-04-27T00:00:00.000Z,88.7,89.3,123.3,123.3,118
איכילוב,88.7,2022-04-27T00:00:00.000Z,88.7,89.3,123.3,123.3,118
איכילוב,88.7,2022-04-27T00:00:00.000Z,88.7,89.3,123.3,123.3,118
איכילוב,88.7,2022-04-27T00:00:00.000Z,88.7,89.3,123.3,123.3,118
איכילוב,88.7,2022-04-27T00:00:00.000Z,88.7,89.3,123.3,123.3,118
איכילוב,88.7,2022-04-27T00:00:00.000Z,88.7,89.3,123.3,123.3,118
איכילוב,88.7,2022-04-27T00:00:00.000Z,88.7,89.3,123.3,123.3,118
איכילוב,88.7,2022-04-27T00:00:00.000Z,88.7,89.3,123.3,123.3,118
איכילוב,88.7,2022-04-27T00:00:00.000Z,88.7,89.3,123.3,123.3,118
איכילוב,88.7,2022-04-27T00:00:00.000Z,88.7,89.3,123.3,123.3,118
איכילוב,88.7,2022-04-27T00:00:00.000Z,88.7,89.3,123.3,123.3,118
איכילוב,88.7,2022-04-27T00:00:00.000Z,88.7,89.3,123.3,123.3,118
איכילוב,88.7,2022-04-27T00:00:00.000Z,88.7,89.3,123.3,123.3,118
איכילוב,88.7,2022-04-27T00:00:00.000Z,88.7,89.3,123.3,123.3,118
איכילוב,88.7,2022-04-27T00:00:00.000Z,88.7,89.3,123.3,123.3,118
איכילוב,88.7,2022-04-27T00:00:00.000Z,88.7,89.3,123.3,123.3,118
איכילוב,88.7,2022-04-27T00:00:00.000Z,88.7,89.3,123.3,123.3,118
איכילוב,88.7,2022-04-27T00:00:00.000Z,88.7,89.3,123.3,123.3,118
איכילוב,88.7,2022-04-27T00:00:00.000Z,88.7,89.3,123.3,123.3,118
איכילוב,88.7,2022-04-27T00:00:00.000Z,88.7,89.3,123.3,123.3,118
איכילוב,88.7,2022-04-27T00:00:00.000Z,88.7,89.3,123.3,123.3,118
איכילוב,88.7,2022-04-27T00:00:00.000Z,88.7,89.3,123.3,123.3,118
איכילוב,88.7,2022-04-27T00:00:00.000Z,88.7,89.3,123.3,123.3,118
איכילוב,88.7,2022-04-27T00:00:00.000Z,88.7,89.3,123.3,123.3,118
איכילוב,88.7,2022-04-27T00:00:00.000Z,88.7,89.3,123.3,123.3,118
איכילוב,88.7,2022-04-27T00:00:00.000Z,88.7,89.3,123.3,123.3,118
איכילוב,88.7,2022-04-27T00:00:00.000Z,88.7,89.3,123.3,123.3,118
איכילוב,88.7,2022-04-27T00:00:00.000Z,88.7,89.3,123.3,123.3,118
איכילוב,88.7,2022-04-27T00:00:00.000Z,88.7,89.3,123.3,123.3,118
איכילוב,88.7,2022-04-27T00:00:00.000Z,88.7,89.3,123.3,123.3,118
איכילוב,88.7,2022-04-27T00:00:00.000Z,88.7,89.3,123.3,123.3,118
איכילוב,88.7,2022-04-27T00:00:00.000Z,88.7,89.3,123.3,123.3,118
איכילוב,88.7,2022-04-27T00:00:00.000Z,88.7,89.3,123.3,123.3,118
איכילוב,88.7,2022-04-27T00:00:00.000Z,88.7,89.3,123.3,123.3,118
איכילוב,88.7,2022-04-27T00:00:00.000Z,88.7,89.3,123.3,123.3,118
איכילוב,88.7,2022-04-27T00:00:00.000Z,88.7,89.3,123.3,123.3,118
איכילוב,88.7,2022-04-27T00:00:00.000Z,88.7,89.3,123.3,123.3,118
איכילוב,88.7,2022-04-27T00:00:00.000Z,88.7,89.3,123.3,123.3,118
איכילוב,88.7,2022-04-27T00:00:00.000Z,88.7,89.3,123.3,123.3,118
איכילוב,88.7,2022-04-27T00:00:00.000Z,88.7,89.3,123.3,123.3,118
איכילוב,88.7,2022-04-27T00:00:00.000Z,88.7,89.3,123.3,123.3,118
איכילוב,88.7,2022-04-27T00:00:00.000Z,88.7,89.3,123.3,123.3,118
איכילוב,88.7,2022-04-27T00:00:00.000Z,88.7,89.3,123.3,123.3,118
איכילוב,88.7,2022-04-27T00:00:00.000Z,88.7,89.3,123.3,123.3,118
איכילוב,88.7,2022-04-27T00:00:00.000Z,88.7,89.3,123.3,123.3,118
איכילוב,88.7,2022-04-27T00:00:00.000Z,88.7,89.3,123.3,123.3,118
איכילוב,88.7,2022-04-27T00:00:00.000Z,88.7,89.3,123.3,123.3,118
איכילוב,88.7,2022-04-27T00:00:00.000Z,88.7,89.3,123.3,123.3,118
איכילוב,88.7,2022-04-27T00:00:00.000Z,88.7,89.3,123.3,123.3,118
איכילוב,88.7,2022-04-27T00:00:00.000Z,88.7,89.3,123.3,123.3,118
איכילוב,88.7,2022-04-27T00:00:00.000Z,88.7,89.3,123.3,123.3,118
איכילוב,88.7,2022-04-27T00:00:00.000Z,88.7,89.3,123.3,123.3,118
איכילוב,88.7,2022-04-27T00:00:00.000Z,88.7,89.3,123.3,123.3,118
איכילוב,88.7,2022-04-27T00:00:00.000Z,88.7,89.3,123.3,123.3,118
איכילוב,88.7,2022-04-27T00:00:00.000Z,88.7,89.3,123.3,123.3,118
איכילוב,88.7,2022-04-27T00:00:00.000Z,88.7,89.3,123.3,123.3,118
איכילוב,88.7,2022-04-27T00:00:00.000Z,88.7,89.3,123.3,123.3,118
איכילוב,88.7,2022-04-27T00:00:00.000Z,88.7,89.3,123.3,123.3,118
איכילוב,88.7,2022-04-27T00:00:00.000Z,88.7,89.3,123.3,123.3,118
איכילוב,88.7,2022-04-27T00:00:00.000Z,88.7,89.3,123.3,123.3,118
איכילוב,88.7,2022-04-27T00:00:00.000Z,88.7,89.3,123.3,123.3,118
איכילוב,88.7,2022-04-27T00:00:00.000Z,88.7,89.3,123.3,123.3,118
איכילוב,88.7,2022-04-27T00:00:00.000Z,88.7,89.3,123.3,123.3,118
איכילוב,88.7,2022-04-27T00:00:00.000Z,88.7,89.3,123.3,123.3,118
איכילוב,88.7,2022-04-27T00:00:00.000Z,88.7,89.3,123.3,123.3,118
איכילוב,88.7,2022-04-27T00:00:00.000Z,88.7,89.3,123.3,123.3,118
איכילוב,88.7,2022-04-27T00:00:00.000Z,88.7,89.3,123.3,123.3,118
איכילוב,88.7,2022-04-27T00:00:00.000Z,88.7,89.3,123.3,123.3,118
איכילוב,88.7,2022-04-27T00:00:00.000Z,88.7,89.3,123.3,123.3,118
איכילוב,88.7,2022-04-27T00:00:00.000Z,88.7,89.3,123.3,123.3,118
איכילוב,88.7,2022-04-27T00:00:00.000Z,88.7,89.3,123.3,123.3,118
איכילוב,88.7,2022-04-27T00:00:00.000Z,88.7,89.3,123.3,123.3,118
איכילוב,88.7,2022-04-27T00:00:00.000Z,88.7,89.3,123.3,123.3,118
רבין ק. בילינסון,120.3,2022-04-27T00:00:00.000Z,120.3,101.3,100.2,100.2,91.5
רבין ק. בילינסון,120.3,2022-04-27T00:00:00.000Z,120.3,101.3,100.2,100.2,91.5
רבין ק. בילינסון,120.3,2022-04-27T00:00:00.000Z,120.3,101.3,100.2,100.2,91.5
רבין ק. בילינסון,120.3,2022-04-27T00:00:00.000Z,120.3,101.3,100.2,100.2,91.5
רבין ק. בילינסון,120.3,2022-04-27T00:00:00.000Z,120.3,101.3,100.2,100.2,91.5
רבין ק. בילינסון,120.3,2022-04-27T00:00:00.000Z,120.3,101.3,100.2,100.2,91.5
רבין ק. בילינסון,120.3,2022-04-27T00:00:00.000Z,120.3,101.3,100.2,100.2,91.5
רבין ק. בילינסון,120.3,2022-04-27T00:00:00.000Z,120.3,101.3,100.2,100.2,91.5
רבין ק. בילינסון,120.3,2022-04-27T00:00:00.000Z,120.3,101.3,100.2,100.2,91.5
רבין ק. בילינסון,120.3,2022-04-27T00:00:00.000Z,120.3,101.3,100.2,100.2,91.5
רבין ק. בילינסון,120.3,2022-04-27T00:00:00.000Z,120.3,101.3,100.2,100.2,91.5
רבין ק. בילינסון,120.3,2022-04-27T00:00:00.000Z,120.3,101.3,100.2,100.2,91.5
רבין ק. בילינסון,120.3,2022-04-27T00:00:00.000Z,120.3,101.3,100.2,100.2,91.5
רבין ק. בילינסון,120.3,2022-04-27T00:00:00.000Z,120.3,101.3,100.2,100.2,91.5
רבין ק. בילינסון,120.3,2022-04-27T00:00:00.000Z,120.3,101.3,100.2,100.2,91.5
רבין ק. בילינסון,120.3,2022-04-27T00:00:00.000Z,120.3,101.3,100.2,100.2,91.5
רבין ק. בילינסון,120.3,2022-04-27T00:00:00.000Z,120.3,101.3,100.2,100.2,91.5
רבין ק. בילינסון,120.3,2022-04-27T00:00:00.000Z,120.3,101.3,100.2,100.2,91.5
רבין ק. בילינסון,120.3,2022-04-27T00:00:00.000Z,120.3,101.3,100.2,100.2,91.5
רבין ק. בילינסון,120.3,2022-04-27T00:00:00.000Z,120.3,101.3,100.2,100.2,91.5
רבין ק. בילינסון,120.3,2022-04-27T00:00:00.000Z,120.3,101.3,100.2,100.2,91.5
רבין ק. בילינסון,120.3,2022-04-27T00:00:00.000Z,120.3,101.3,100.2,100.2,91.5
רבין ק. בילינסון,120.3,2022-04-27T00:00:00.000Z,120.3,101.3,100.2,100.2,91.5
רבין ק. בילינסון,120.3,2022-04-27T00:00:00.000Z,120.3,101.3,100.2,100.2,91.5
רבין ק. בילינסון,120.3,2022-04-27T00:00:00.000Z,120.3,101.3,100.2,100.2,91.5
רבין ק. בילינסון,120.3,2022-04-27T00:00:00.000Z,120.3,101.3,100.2,100.2,91.5
רבין ק. בילינסון,120.3,2022-04-27T00:00:00.000Z,120.3,101.3,100.2,100.2,91.5
רבין ק. בילינסון,120.3,2022-04-27T00:00:00.000Z,120.3,101.3,100.2,100.2,91.5
רבין ק. בילינסון,120.3,2022-04-27T00:00:00.000Z,120.3,101.3,100.2,100.2,91.5
רבין ק. בילינסון,120.3,2022-04-27T00:00:00.000Z,120.3,101.3,100.2,100.2,91.5
רבין ק. בילינסון,120.3,2022-04-27T00:00:00.000Z,120.3,101.3,100.2,100.2,91.5
רבין ק. בילינסון,120.3,2022-04-27T00:00:00.000Z,120.3,101.3,100.2,100.2,91.5
רבין ק. בילינסון,120.3,2022-04-27T00:00:00.000Z,120.3,101.3,100.2,100.2,91.5
רבין ק. בילינסון,120.3,2022-04-27T00:00:00.000Z,120.3,101.3,100.2,100.2,91.5
רבין ק. בילינסון,120.3,2022-04-27T00:00:00.000Z,120.3,101.3,100.2,100.2,91.5
רבין ק. בילינסון,120.3,2022-04-27T00:00:00.000Z,120.3,101.3,100.2,100.2,91.5
רבין ק. בילינסון,120.3,2022-04-27T00:00:00.000Z,120.3,101.3,100.2,100.2,91.5
רבין ק. בילינסון,120.3,2022-04-27T00:00:00.000Z,120.3,101.3,100.2,100.2,91.5
רבין ק. בילינסון,120.3,2022-04-27T00:00:00.000Z,120.3,101.3,100.2,100.2,91.5
רבין ק. בילינסון,120.3,2022-04-27T00:00:00.000Z,120.3,101.3,100.2,100.2,91.5
רבין ק. בילינסון,120.3,2022-04-27T00:00:00.000Z,120.3,101.3,100.2,100.2,91.5
רבין ק. בילינסון,120.3,2022-04-27T00:00:00.000Z,120.3,101.3,100.2,100.2,91.5
רבין ק. בילינסון,120.3,2022-04-27T00:00:00.000Z,120.3,101.3,100.2,100.2,91.5
רבין ק. בילינסון,120.3,2022-04-27T00:00:00.000Z,120.3,101.3,100.2,100.2,91.5
פוריה,79.5,2022-04-27T00:00:00.000Z,79.5,66.7,84.5,84.5,74.6
פוריה,79.5,2022-04-27T00:00:00.000Z,79.5,66.7,84.5,84.5,74.6
פוריה,79.5,2022-04-27T00:00:00.000Z,79.5,66.7,84.5,84.5,74.6
פוריה,79.5,2022-04-27T00:00:00.000Z,79.5,66.7,84.5,84.5,74.6
פוריה,79.5,2022-04-27T00:00:00.000Z,79.5,66.7,84.5,84.5,74.6
פוריה,79.5,2022-04-27T00:00:00.000Z,79.5,66.7,84.5,84.5,74.6
פוריה,79.5,2022-04-27T00:00:00.000Z,79.5,66.7,84.5,84.5,74.6
פוריה,79.5,2022-04-27T00:00:00.000Z,79.5,66.7,84.5,84.5,74.6
פוריה,79.5,2022-04-27T00:00:00.000Z,79.5,66.7,84.5,84.5,74.6
פוריה,79.5,2022-04-27T00:00:00.000Z,79.5,66.7,84.5,84.5,74.6
פוריה,79.5,2022-04-27T00:00:00.000Z,79.5,66.7,84.5,84.5,74.6
פוריה,79.5,2022-04-27T00:00:00.000Z,79.5,66.7,84.5,84.5,74.6
פוריה,79.5,2022-04-27T00:00:00.000Z,79.5,66.7,84.5,84.5,74.6
פוריה,79.5,2022-04-27T00:00:00.000Z,79.5,66.7,84.5,84.5,74.6
פוריה,79.5,2022-04-27T00:00:00.000Z,79.5,66.7,84.5,84.5,74.6
פוריה,79.5,2022-04-27T00:00:00.000Z,79.5,66.7,84.5,84.5,74.6
פוריה,79.5,2022-04-27T00:00:00.000Z,79.5,66.7,84.5,84.5,74.6
פוריה,79.5,2022-04-27T00:00:00.000Z,79.5,66.7,84.5,84.5,74.6
פוריה,79.5,2022-04-27T00:00:00.000Z,79.5,66.7,84.5,84.5,74.6
פוריה,79.5,2022-04-27T00:00:00.000Z,79.5,66.7,84.5,84.5,74.6
פוריה,79.5,2022-04-27T00:00:00.000Z,79.5,66.7,84.5,84.5,74.6
פוריה,79.5,2022-04-27T00:00:00.000Z,79.5,66.7,84.5,84.5,74.6
פוריה,79.5,2022-04-27T00:00:00.000Z,79.5,66.7,84.5,84.5,74.6
פוריה,79.5,2022-04-27T00:00:00.000Z,79.5,66.7,84.5,84.5,74.6
פוריה,79.5,2022-04-27T00:00:00.000Z,79.5,66.7,84.5,84.5,74.6
פוריה,79.5,2022-04-27T00:00:00.000Z,79.5,66.7,84.5,84.5,74.6
פוריה,79.5,2022-04-27T00:00:00.000Z,79.5,66.7,84.5,84.5,74.6
פוריה,79.5,2022-04-27T00:00:00.000Z,79.5,66.7,84.5,84.5,74.6
פוריה,79.5,2022-04-27T00:00:00.000Z,79.5,66.7,84.5,84.5,74.6
פוריה,79.5,2022-04-27T00:00:00.000Z,79.5,66.7,84.5,84.5,74.6
פוריה,79.5,2022-04-27T00:00:00.000Z,79.5,66.7,84.5,84.5,74.6
פוריה,79.5,2022-04-27T00:00:00.000Z,79.5,66.7,84.5,84.5,74.6
פוריה,79.5,2022-04-27T00:00:00.000Z,79.5,66.7,84.5,84.5,74.6
פוריה,79.5,2022-04-27T00:00:00.000Z,79.5,66.7,84.5,84.5,74.6
לניאדו,100,2022-04-27T00:00:00.000Z,100,98.7,97.5,97.5,104.2
לניאדו,100,2022-04-27T00:00:00.000Z,100,98.7,97.5,97.5,104.2
לניאדו,100,2022-04-27T00:00:00.000Z,100,98.7,97.5,97.5,104.2
לניאדו,100,2022-04-27T00:00:00.000Z,100,98.7,97.5,97.5,104.2
לניאדו,100,2022-04-27T00:00:00.000Z,100,98.7,97.5,97.5,104.2
לניאדו,100,2022-04-27T00:00:00.000Z,100,98.7,97.5,97.5,104.2
לניאדו,100,2022-04-27T00:00:00.000Z,100,98.7,97.5,97.5,104.2
לניאדו,100,2022-04-27T00:00:00.000Z,100,98.7,97.5,97.5,104.2
לניאדו,100,2022-04-27T00:00:00.000Z,100,98.7,97.5,97.5,104.2
לניאדו,100,2022-04-27T00:00:00.000Z,100,98.7,97.5,97.5,104.2
לניאדו,100,2022-04-27T00:00:00.000Z,100,98.7,97.5,97.5,104.2
לניאדו,100,2022-04-27T00:00:00.000Z,100,98.7,97.5,97.5,104.2
לניאדו,100,2022-04-27T00:00:00.000Z,100,98.7,97.5,97.5,104.2
לניאדו,100,2022-04-27T00:00:00.000Z,100,98.7,97.5,97.5,104.2
לניאדו,100,2022-04-27T00:00:00.000Z,100,98.7,97.5,97.5,104.2
לניאדו,100,2022-04-27T00:00:00.000Z,100,98.7,97.5,97.5,104.2
לניאדו,100,2022-04-27T00:00:00.000Z,100,98.7,97.5,97.5,104.2
לניאדו,100,2022-04-27T00:00:00.000Z,100,98.7,97.5,97.5,104.2
לניאדו,100,2022-04-27T00:00:00.000Z,100,98.7,97.5,97.5,104.2
לניאדו,100,2022-04-27T00:00:00.000Z,100,98.7,97.5,97.5,104.2
לניאדו,100,2022-04-27T00:00:00.000Z,100,98.7,97.5,97.5,104.2
לניאדו,100,2022-04-27T00:00:00.000Z,100,98.7,97.5,97.5,104.2
לניאדו,100,2022-04-27T00:00:00.000Z,100,98.7,97.5,97.5,104.2
לניאדו,100,2022-04-27T00:00:00.000Z,100,98.7,97.5,97.5,104.2
לניאדו,100,2022-04-27T00:00:00.000Z,100,98.7,97.5,97.5,104.2
לניאדו,100,2022-04-27T00:00:00.000Z,100,98.7,97.5,97.5,104.2
לניאדו,100,2022-04-27T00:00:00.000Z,100,98.7,97.5,97.5,104.2
לניאדו,100,2022-04-27T00:00:00.000Z,100,98.7,97.5,97.5,104.2
לניאדו,100,2022-04-27T00:00:00.000Z,100,98.7,97.5,97.5,104.2
לניאדו,100,2022-04-27T00:00:00.000Z,100,98.7,97.5,97.5,104.2
לניאדו,100,2022-04-27T00:00:00.000Z,100,98.7,97.5,97.5,104.2
לניאדו,100,2022-04-27T00:00:00.000Z,100,98.7,97.5,97.5,104.2
לניאדו,100,2022-04-27T00:00:00.000Z,100,98.7,97.5,97.5,104.2
לניאדו,100,2022-04-27T00:00:00.000Z,100,98.7,97.5,97.5,104.2
לניאדו,100,2022-04-27T00:00:00.000Z,100,98.7,97.5,97.5,104.2
לניאדו,100,2022-04-27T00:00:00.000Z,100,98.7,97.5,97.5,104.2
לניאדו,100,2022-04-27T00:00:00.000Z,100,98.7,97.5,97.5,104.2
לניאדו,100,2022-04-27T00:00:00.000Z,100,98.7,97.5,97.5,104.2
לניאדו,100,2022-04-27T00:00:00.000Z,100,98.7,97.5,97.5,104.2
לניאדו,100,2022-04-27T00:00:00.000Z,100,98.7,97.5,97.5,104.2
לניאדו,100,2022-04-27T00:00:00.000Z,100,98.7,97.5,97.5,104.2
לניאדו,100,2022-04-27T00:00:00.000Z,100,98.7,97.5,97.5,104.2
לניאדו,100,2022-04-27T00:00:00.000Z,100,98.7,97.5,97.5,104.2
לניאדו,100,2022-04-27T00:00:00.000Z,100,98.7,97.5,97.5,104.2
לניאדו,100,2022-04-27T00:00:00.000Z,100,98.7,97.5,97.5,104.2
לניאדו,100,2022-04-27T00:00:00.000Z,100,98.7,97.5,97.5,104.2
לניאדו,100,2022-04-27T00:00:00.000Z,100,98.7,97.5,97.5,104.2
לניאדו,100,2022-04-27T00:00:00.000Z,100,98.7,97.5,97.5,104.2
לניאדו,100,2022-04-27T00:00:00.000Z,100,98.7,97.5,97.5,104.2
לניאדו,100,2022-04-27T00:00:00.000Z,100,98.7,97.5,97.5,104.2
לניאדו,100,2022-04-27T00:00:00.000Z,100,98.7,97.5,97.5,104.2
לניאדו,100,2022-04-27T00:00:00.000Z,100,98.7,97.5,97.5,104.2
לניאדו,100,2022-04-27T00:00:00.000Z,100,98.7,97.5,97.5,104.2
לניאדו,100,2022-04-27T00:00:00.000Z,100,98.7,97.5,97.5,104.2
לניאדו,100,2022-04-27T00:00:00.000Z,100,98.7,97.5,97.5,104.2
לניאדו,100,2022-04-27T00:00:00.000Z,100,98.7,97.5,97.5,104.2
לניאדו,100,2022-04-27T00:00:00.000Z,100,98.7,97.5,97.5,104.2
לניאדו,100,2022-04-27T00:00:00.000Z,100,98.7,97.5,97.5,104.2
לניאדו,100,2022-04-27T00:00:00.000Z,100,98.7,97.5,97.5,104.2
לניאדו,100,2022-04-27T00:00:00.000Z,100,98.7,97.5,97.5,104.2
לניאדו,100,2022-04-27T00:00:00.000Z,100,98.7,97.5,97.5,104.2
לניאדו,100,2022-04-27T00:00:00.000Z,100,98.7,97.5,97.5,104.2
לניאדו,100,2022-04-27T00:00:00.000Z,100,98.7,97.5,97.5,104.2
לניאדו,100,2022-04-27T00:00:00.000Z,100,98.7,97.5,97.5,104.2
לניאדו,100,2022-04-27T00:00:00.000Z,100,98.7,97.5,97.5,104.2
לניאדו,100,2022-04-27T00:00:00.000Z,100,98.7,97.5,97.5,104.2
לניאדו,100,2022-04-27T00:00:00.000Z,100,98.7,97.5,97.5,104.2
לניאדו,100,2022-04-27T00:00:00.000Z,100,98.7,97.5,97.5,104.2
פוריה,79.5,2022-04-27T00:00:00.000Z,79.5,66.7,84.5,84.5,74.6
פוריה,79.5,2022-04-27T00:00:00.000Z,79.5,66.7,84.5,84.5,74.6
פוריה,79.5,2022-04-27T00:00:00.000Z,79.5,66.7,84.5,84.5,74.6
פוריה,79.5,2022-04-27T00:00:00.000Z,79.5,66.7,84.5,84.5,74.6
פוריה,79.5,2022-04-27T00:00:00.000Z,79.5,66.7,84.5,84.5,74.6
פוריה,79.5,2022-04-27T00:00:00.000Z,79.5,66.7,84.5,84.5,74.6
פוריה,79.5,2022-04-27T00:00:00.000Z,79.5,66.7,84.5,84.5,74.6
פוריה,79.5,2022-04-27T00:00:00.000Z,79.5,66.7,84.5,84.5,74.6
פוריה,79.5,2022-04-27T00:00:00.000Z,79.5,66.7,84.5,84.5,74.6
פוריה,79.5,2022-04-27T00:00:00.000Z,79.5,66.7,84.5,84.5,74.6
פוריה,79.5,2022-04-27T00:00:00.000Z,79.5,66.7,84.5,84.5,74.6
פוריה,79.5,2022-04-27T00:00:00.000Z,79.5,66.7,84.5,84.5,74.6
פוריה,79.5,2022-04-27T00:00:00.000Z,79.5,66.7,84.5,84.5,74.6
פוריה,79.5,2022-04-27T00:00:00.000Z,79.5,66.7,84.5,84.5,74.6
פוריה,79.5,2022-04-27T00:00:00.000Z,79.5,66.7,84.5,84.5,74.6
פוריה,79.5,2022-04-27T00:00:00.000Z,79.5,66.7,84.5,84.5,74.6
פוריה,79.5,2022-04-27T00:00:00.000Z,79.5,66.7,84.5,84.5,74.6
פוריה,79.5,2022-04-27T00:00:00.000Z,79.5,66.7,84.5,84.5,74.6
פוריה,79.5,2022-04-27T00:00:00.000Z,79.5,66.7,84.5,84.5,74.6
פוריה,79.5,2022-04-27T00:00:00.000Z,79.5,66.7,84.5,84.5,74.6
פוריה,79.5,2022-04-27T00:00:00.000Z,79.5,66.7,84.5,84.5,74.6
פוריה,79.5,2022-04-27T00:00:00.000Z,79.5,66.7,84.5,84.5,74.6
פוריה,79.5,2022-04-27T00:00:00.000Z,79.5,66.7,84.5,84.5,74.6
פוריה,79.5,2022-04-27T00:00:00.000Z,79.5,66.7,84.5,84.5,74.6
פוריה,79.5,2022-04-27T00:00:00.000Z,79.5,66.7,84.5,84.5,74.6
פוריה,79.5,2022-04-27T00:00:00.000Z,79.5,66.7,84.5,84.5,74.6
פוריה,79.5,2022-04-27T00:00:00.000Z,79.5,66.7,84.5,84.5,74.6
פוריה,79.5,2022-04-27T00:00:00.000Z,79.5,66.7,84.5,84.5,74.6
פוריה,79.5,2022-04-27T00:00:00.000Z,79.5,66.7,84.5,84.5,74.6
פוריה,79.5,2022-04-27T00:00:00.000Z,79.5,66.7,84.5,84.5,74.6
פוריה,79.5,2022-04-27T00:00:00.000Z,79.5,66.7,84.5,84.5,74.6
פוריה,79.5,2022-04-27T00:00:00.000Z,79.5,66.7,84.5,84.5,74.6
פוריה,79.5,2022-04-27T00:00:00.000Z,79.5,66.7,84.5,84.5,74.6
פוריה,79.5,2022-04-27T00:00:00.000Z,79.5,66.7,84.5,84.5,74.6
רבין ק. בילינסון,120.3,2022-04-27T00:00:00.000Z,120.3,101.3,100.2,100.2,91.5
רבין ק. בילינסון,120.3,2022-04-27T00:00:00.000Z,120.3,101.3,100.2,100.2,91.5
רבין ק. בילינסון,120.3,2022-04-27T00:00:00.000Z,120.3,101.3,100.2,100.2,91.5
רבין ק. בילינסון,120.3,2022-04-27T00:00:00.000Z,120.3,101.3,100.2,100.2,91.5
רבין ק. בילינסון,120.3,2022-04-27T00:00:00.000Z,120.3,101.3,100.2,100.2,91.5
רבין ק. בילינסון,120.3,2022-04-27T00:00:00.000Z,120.3,101.3,100.2,100.2,91.5
רבין ק. בילינסון,120.3,2022-04-27T00:00:00.000Z,120.3,101.3,100.2,100.2,91.5
רבין ק. בילינסון,120.3,2022-04-27T00:00:00.000Z,120.3,101.3,100.2,100.2,91.5
רבין ק. בילינסון,120.3,2022-04-27T00:00:00.000Z,120.3,101.3,100.2,100.2,91.5
רבין ק. בילינסון,120.3,2022-04-27T00:00:00.000Z,120.3,101.3,100.2,100.2,91.5
רבין ק. בילינסון,120.3,2022-04-27T00:00:00.000Z,120.3,101.3,100.2,100.2,91.5
רבין ק. בילינסון,120.3,2022-04-27T00:00:00.000Z,120.3,101.3,100.2,100.2,91.5
רבין ק. בילינסון,120.3,2022-04-27T00:00:00.000Z,120.3,101.3,100.2,100.2,91.5
רבין ק. בילינסון,120.3,2022-04-27T00:00:00.000Z,120.3,101.3,100.2,100.2,91.5
רבין ק. בילינסון,120.3,2022-04-27T00:00:00.000Z,120.3,101.3,100.2,100.2,91.5
רבין ק. בילינסון,120.3,2022-04-27T00:00:00.000Z,120.3,101.3,100.2,100.2,91.5
רבין ק. בילינסון,120.3,2022-04-27T00:00:00.000Z,120.3,101.3,100.2,100.2,91.5
רבין ק. בילינסון,120.3,2022-04-27T00:00:00.000Z,120.3,101.3,100.2,100.2,91.5
רבין ק. בילינסון,120.3,2022-04-27T00:00:00.000Z,120.3,101.3,100.2,100.2,91.5
רבין ק. בילינסון,120.3,2022-04-27T00:00:00.000Z,120.3,101.3,100.2,100.2,91.5
רבין ק. בילינסון,120.3,2022-04-27T00:00:00.000Z,120.3,101.3,100.2,100.2,91.5
רבין ק. בילינסון,120.3,2022-04-27T00:00:00.000Z,120.3,101.3,100.2,100.2,91.5
רבין ק. בילינסון,120.3,2022-04-27T00:00:00.000Z,120.3,101.3,100.2,100.2,91.5
רבין ק. בילינסון,120.3,2022-04-27T00:00:00.000Z,120.3,101.3,100.2,100.2,91.5
רבין ק. בילינסון,120.3,2022-04-27T00:00:00.000Z,120.3,101.3,100.2,100.2,91.5
רבין ק. בילינסון,120.3,2022-04-27T00:00:00.000Z,120.3,101.3,100.2,100.2,91.5
רבין ק. בילינסון,120.3,2022-04-27T00:00:00.000Z,120.3,101.3,100.2,100.2,91.5
רבין ק. בילינסון,120.3,2022-04-27T00:00:00.000Z,120.3,101.3,100.2,100.2,91.5
רבין ק. בילינסון,120.3,2022-04-27T00:00:00.000Z,120.3,101.3,100.2,100.2,91.5
רבין ק. בילינסון,120.3,2022-04-27T00:00:00.000Z,120.3,101.3,100.2,100.2,91.5
רבין ק. בילינסון,120.3,2022-04-27T00:00:00.000Z,120.3,101.3,100.2,100.2,91.5
רבין ק. בילינסון,120.3,2022-04-27T00:00:00.000Z,120.3,101.3,100.2,100.2,91.5
בני ציון,93.4,2022-04-27T00:00:00.000Z,93.4,95,95.6,95.6,85.5
בני ציון,93.4,2022-04-27T00:00:00.000Z,93.4,95,95.6,95.6,85.5
בני ציון,93.4,2022-04-27T00:00:00.000Z,93.4,95,95.6,95.6,85.5
בני ציון,93.4,2022-04-27T00:00:00.000Z,93.4,95,95.6,95.6,85.5
בני ציון,93.4,2022-04-27T00:00:00.000Z,93.4,95,95.6,95.6,85.5
בני ציון,93.4,2022-04-27T00:00:00.000Z,93.4,95,95.6,95.6,85.5
בני ציון,93.4,2022-04-27T00:00:00.000Z,93.4,95,95.6,95.6,85.5
בני ציון,93.4,2022-04-27T00:00:00.000Z,93.4,95,95.6,95.6,85.5
בני ציון,93.4,2022-04-27T00:00:00.000Z,93.4,95,95.6,95.6,85.5
בני ציון,93.4,2022-04-27T00:00:00.000Z,93.4,95,95.6,95.6,85.5
בני ציון,93.4,2022-04-27T00:00:00.000Z,93.4,95,95.6,95.6,85.5
בני ציון,93.4,2022-04-27T00:00:00.000Z,93.4,95,95.6,95.6,85.5
בני ציון,93.4,2022-04-27T00:00:00.000Z,93.4,95,95.6,95.6,85.5
בני ציון,93.4,2022-04-27T00:00:00.000Z,93.4,95,95.6,95.6,85.5
בני ציון,93.4,2022-04-27T00:00:00.000Z,93.4,95,95.6,95.6,85.5
בני ציון,93.4,2022-04-27T00:00:00.000Z,93.4,95,95.6,95.6,85.5
בני ציון,93.4,2022-04-27T00:00:00.000Z,93.4,95,95.6,95.6,85.5
בני ציון,93.4,2022-04-27T00:00:00.000Z,93.4,95,95.6,95.6,85.5
בני ציון,93.4,2022-04-27T00:00:00.000Z,93.4,95,95.6,95.6,85.5
בני ציון,93.4,2022-04-27T00:00:00.000Z,93.4,95,95.6,95.6,85.5
בני ציון,93.4,2022-04-27T00:00:00.000Z,93.4,95,95.6,95.6,85.5
בני ציון,93.4,2022-04-27T00:00:00.000Z,93.4,95,95.6,95.6,85.5
בני ציון,93.4,2022-04-27T00:00:00.000Z,93.4,95,95.6,95.6,85.5
בני ציון,93.4,2022-04-27T00:00:00.000Z,93.4,95,95.6,95.6,85.5
בני ציון,93.4,2022-04-27T00:00:00.000Z,93.4,95,95.6,95.6,85.5
בני ציון,93.4,2022-04-27T00:00:00.000Z,93.4,95,95.6,95.6,85.5
בני ציון,93.4,2022-04-27T00:00:00.000Z,93.4,95,95.6,95.6,85.5
בני ציון,93.4,2022-04-27T00:00:00.000Z,93.4,95,95.6,95.6,85.5
בני ציון,93.4,2022-04-27T00:00:00.000Z,93.4,95,95.6,95.6,85.5
בני ציון,93.4,2022-04-27T00:00:00.000Z,93.4,95,95.6,95.6,85.5
בני ציון,93.4,2022-04-27T00:00:00.000Z,93.4,95,95.6,95.6,85.5
בני ציון,93.4,2022-04-27T00:00:00.000Z,93.4,95,95.6,95.6,85.5
בני ציון,93.4,2022-04-27T00:00:00.000Z,93.4,95,95.6,95.6,85.5
בני ציון,93.4,2022-04-27T00:00:00.000Z,93.4,95,95.6,95.6,85.5
בני ציון,93.4,2022-04-27T00:00:00.000Z,93.4,95,95.6,95.6,85.5
בני ציון,93.4,2022-04-27T00:00:00.000Z,93.4,95,95.6,95.6,85.5
בני ציון,93.4,2022-04-27T00:00:00.000Z,93.4,95,95.6,95.6,85.5
בני ציון,93.4,2022-04-27T00:00:00.000Z,93.4,95,95.6,95.6,85.5
בני ציון,93.4,2022-04-27T00:00:00.000Z,93.4,95,95.6,95.6,85.5
בני ציון,93.4,2022-04-27T00:00:00.000Z,93.4,95,95.6,95.6,85.5
בני ציון,93.4,2022-04-27T00:00:00.000Z,93.4,95,95.6,95.6,85.5
בני ציון,93.4,2022-04-27T00:00:00.000Z,93.4,95,95.6,95.6,85.5
בני ציון,93.4,2022-04-27T00:00:00.000Z,93.4,95,95.6,95.6,85.5
בני ציון,93.4,2022-04-27T00:00:00.000Z,93.4,95,95.6,95.6,85.5
בני ציון,93.4,2022-04-27T00:00:00.000Z,93.4,95,95.6,95.6,85.5
בני ציון,93.4,2022-04-27T00:00:00.000Z,93.4,95,95.6,95.6,85.5
בני ציון,93.4,2022-04-27T00:00:00.000Z,93.4,95,95.6,95.6,85.5
בני ציון,93.4,2022-04-27T00:00:00.000Z,93.4,95,95.6,95.6,85.5
בני ציון,93.4,2022-04-27T00:00:00.000Z,93.4,95,95.6,95.6,85.5
בני ציון,93.4,2022-04-27T00:00:00.000Z,93.4,95,95.6,95.6,85.5
בני ציון,93.4,2022-04-27T00:00:00.000Z,93.4,95,95.6,95.6,85.5
בני ציון,93.4,2022-04-27T00:00:00.000Z,93.4,95,95.6,95.6,85.5
בני ציון,93.4,2022-04-27T00:00:00.000Z,93.4,95,95.6,95.6,85.5
פוריה,79.5,2022-04-27T00:00:00.000Z,79.5,66.7,84.5,84.5,74.6
פוריה,79.5,2022-04-27T00:00:00.000Z,79.5,66.7,84.5,84.5,74.6
פוריה,79.5,2022-04-27T00:00:00.000Z,79.5,66.7,84.5,84.5,74.6
פוריה,79.5,2022-04-27T00:00:00.000Z,79.5,66.7,84.5,84.5,74.6
פוריה,79.5,2022-04-27T00:00:00.000Z,79.5,66.7,84.5,84.5,74.6
פוריה,79.5,2022-04-27T00:00:00.000Z,79.5,66.7,84.5,84.5,74.6
פוריה,79.5,2022-04-27T00:00:00.000Z,79.5,66.7,84.5,84.5,74.6
פוריה,79.5,2022-04-27T00:00:00.000Z,79.5,66.7,84.5,84.5,74.6
פוריה,79.5,2022-04-27T00:00:00.000Z,79.5,66.7,84.5,84.5,74.6
פוריה,79.5,2022-04-27T00:00:00.000Z,79.5,66.7,84.5,84.5,74.6
פוריה,79.5,2022-04-27T00:00:00.000Z,79.5,66.7,84.5,84.5,74.6
פוריה,79.5,2022-04-27T00:00:00.000Z,79.5,66.7,84.5,84.5,74.6
פוריה,79.5,2022-04-27T00:00:00.000Z,79.5,66.7,84.5,84.5,74.6
פוריה,79.5,2022-04-27T00:00:00.000Z,79.5,66.7,84.5,84.5,74.6
פוריה,79.5,2022-04-27T00:00:00.000Z,79.5,66.7,84.5,84.5,74.6
פוריה,79.5,2022-04-27T00:00:00.000Z,79.5,66.7,84.5,84.5,74.6
פוריה,79.5,2022-04-27T00:00:00.000Z,79.5,66.7,84.5,84.5,74.6
פוריה,79.5,2022-04-27T00:00:00.000Z,79.5,66.7,84.5,84.5,74.6
פוריה,79.5,2022-04-27T00:00:00.000Z,79.5,66.7,84.5,84.5,74.6
פוריה,79.5,2022-04-27T00:00:00.000Z,79.5,66.7,84.5,84.5,74.6
הכרמל,59.4,2022-04-27T00:00:00.000Z,65,59.7,78.3,76.4,68.7
הכרמל,59.4,2022-04-27T00:00:00.000Z,63.5,60.8,78.3,76,69.9
הכרמל,59.4,2022-04-27T00:00:00.000Z,62.3,61.9,78.3,75.9,71.5
הכרמל,59.4,2022-04-27T00:00:00.000Z,61.6,63.1,78.3,75.9,72.7
הכרמל,59.4,2022-04-27T00:00:00.000Z,61.2,64.4,78.3,77.3,74.9
הכרמל,59.4,2022-04-27T00:00:00.000Z,59.7,65.8,78.3,77.5,77.8
הכרמל,59.4,2022-04-27T00:00:00.000Z,58.5,66.6,78.3,76.9,79.8
הכרמל,59.4,2022-04-27T00:00:00.000Z,59.4,65.1,78.3,78.3,81.8
הכרמל,59.4,2022-04-27T00:00:00.000Z,59.4,65.1,78.3,78.3,81.8
הכרמל,59.4,2022-04-27T00:00:00.000Z,59.4,65.1,78.3,78.3,81.8
הכרמל,59.4,2022-04-27T00:00:00.000Z,59.4,65.1,78.3,78.3,81.8
הכרמל,59.4,2022-04-27T00:00:00.000Z,59.4,65.1,78.3,78.3,81.8
הכרמל,59.4,2022-04-27T00:00:00.000Z,59.4,65.1,78.3,78.3,81.8
הכרמל,59.4,2022-04-27T00:00:00.000Z,59.4,65.1,78.3,78.3,81.8
הכרמל,59.4,2022-04-27T00:00:00.000Z,59.4,65.1,78.3,78.3,81.8
הכרמל,59.4,2022-04-27T00:00:00.000Z,59.4,65.1,78.3,78.3,81.8
הכרמל,59.4,2022-04-27T00:00:00.000Z,59.4,65.1,78.3,78.3,81.8
הכרמל,59.4,2022-04-27T00:00:00.000Z,59.4,65.1,78.3,78.3,81.8
הכרמל,59.4,2022-04-27T00:00:00.000Z,59.4,65.1,78.3,78.3,81.8
הכרמל,59.4,2022-04-27T00:00:00.000Z,59.4,65.1,78.3,78.3,81.8
הכרמל,59.4,2022-04-27T00:00:00.000Z,59.4,65.1,78.3,78.3,81.8
הכרמל,59.4,2022-04-27T00:00:00.000Z,59.4,65.1,78.3,78.3,81.8
הכרמל,59.4,2022-04-27T00:00:00.000Z,59.4,65.1,78.3,78.3,81.8
הכרמל,59.4,2022-04-27T00:00:00.000Z,59.4,65.1,78.3,78.3,81.8
הכרמל,59.4,2022-04-27T00:00:00.000Z,59.4,65.1,78.3,78.3,81.8
הכרמל,59.4,2022-04-27T00:00:00.000Z,59.4,65.1,78.3,78.3,81.8
הכרמל,59.4,2022-04-27T00:00:00.000Z,59.4,65.1,78.3,78.3,81.8
הכרמל,59.4,2022-04-27T00:00:00.000Z,59.4,65.1,78.3,78.3,81.8
הכרמל,59.4,2022-04-27T00:00:00.000Z,59.4,65.1,78.3,78.3,81.8
הכרמל,59.4,2022-04-27T00:00:00.000Z,59.4,65.1,78.3,78.3,81.8
הכרמל,59.4,2022-04-27T00:00:00.000Z,59.4,65.1,78.3,78.3,81.8
הכרמל,59.4,2022-04-27T00:00:00.000Z,59.4,65.1,78.3,78.3,81.8
הכרמל,59.4,2022-04-27T00:00:00.000Z,59.4,65.1,78.3,78.3,81.8
הכרמל,59.4,2022-04-27T00:00:00.000Z,59.4,65.1,78.3,78.3,81.8
רבין ק. בילינסון,120.3,2022-04-27T00:00:00.000Z,120.3,101.3,100.2,100.2,91.5
רבין ק. בילינסון,120.3,2022-04-27T00:00:00.000Z,120.3,101.3,100.2,100.2,91.5
רבין ק. בילינסון,120.3,2022-04-27T00:00:00.000Z,120.3,101.3,100.2,100.2,91.5
רבין ק. בילינסון,120.3,2022-04-27T00:00:00.000Z,120.3,101.3,100.2,100.2,91.5
רבין ק. בילינסון,120.3,2022-04-27T00:00:00.000Z,120.3,101.3,100.2,100.2,91.5
רבין ק. בילינסון,120.3,2022-04-27T00:00:00.000Z,120.3,101.3,100.2,100.2,91.5
רבין ק. בילינסון,120.3,2022-04-27T00:00:00.000Z,120.3,101.3,100.2,100.2,91.5
רבין ק. בילינסון,120.3,2022-04-27T00:00:00.000Z,120.3,101.3,100.2,100.2,91.5
רבין ק. בילינסון,120.3,2022-04-27T00:00:00.000Z,120.3,101.3,100.2,100.2,91.5
רבין ק. בילינסון,120.3,2022-04-27T00:00:00.000Z,120.3,101.3,100.2,100.2,91.5
רבין ק. בילינסון,120.3,2022-04-27T00:00:00.000Z,120.3,101.3,100.2,100.2,91.5
רבין ק. בילינסון,120.3,2022-04-27T00:00:00.000Z,120.3,101.3,100.2,100.2,91.5
רבין ק. בילינסון,120.3,2022-04-27T00:00:00.000Z,120.3,101.3,100.2,100.2,91.5
רבין ק. בילינסון,120.3,2022-04-27T00:00:00.000Z,120.3,101.3,100.2,100.2,91.5
רבין ק. בילינסון,120.3,2022-04-27T00:00:00.000Z,120.3,101.3,100.2,100.2,91.5
רבין ק. בילינסון,120.3,2022-04-27T00:00:00.000Z,120.3,101.3,100.2,100.2,91.5
רבין ק. בילינסון,120.3,2022-04-27T00:00:00.000Z,120.3,101.3,100.2,100.2,91.5
רבין ק. בילינסון,120.3,2022-04-27T00:00:00.000Z,120.3,101.3,100.2,100.2,91.5
רבין ק. בילינסון,120.3,2022-04-27T00:00:00.000Z,120.3,101.3,100.2,100.2,91.5
רבין ק. בילינסון,120.3,2022-04-27T00:00:00.000Z,120.3,101.3,100.2,100.2,91.5
רבין ק. בילינסון,120.3,2022-04-27T00:00:00.000Z,120.3,101.3,100.2,100.2,91.5
רבין ק. בילינסון,120.3,2022-04-27T00:00:00.000Z,120.3,101.3,100.2,100.2,91.5
רבין ק. בילינסון,120.3,2022-04-27T00:00:00.000Z,120.3,101.3,100.2,100.2,91.5
רבין ק. בילינסון,120.3,2022-04-27T00:00:00.000Z,120.3,101.3,100.2,100.2,91.5
רבין ק. בילינסון,120.3,2022-04-27T00:00:00.000Z,120.3,101.3,100.2,100.2,91.5
רבין ק. בילינסון,120.3,2022-04-27T00:00:00.000Z,120.3,101.3,100.2,100.2,91.5
רבין ק. בילינסון,120.3,2022-04-27T00:00:00.000Z,120.3,101.3,100.2,100.2,91.5
רבין ק. בילינסון,120.3,2022-04-27T00:00:00.000Z,120.3,101.3,100.2,100.2,91.5
רבין ק. בילינסון,120.3,2022-04-27T00:00:00.000Z,120.3,101.3,100.2,100.2,91.5
רבין ק. בילינסון,120.3,2022-04-27T00:00:00.000Z,120.3,101.3,100.2,100.2,91.5
רבין ק. בילינסון,120.3,2022-04-27T00:00:00.000Z,120.3,101.3,100.2,100.2,91.5
רבין ק. בילינסון,120.3,2022-04-27T00:00:00.000Z,120.3,101.3,100.2,100.2,91.5
הכרמל,59.4,2022-04-27T00:00:00.000Z,59.4,65.1,78.3,78.3,81.8
הכרמל,59.4,2022-04-27T00:00:00.000Z,59.4,65.1,78.3,78.3,81.8
הכרמל,59.4,2022-04-27T00:00:00.000Z,59.4,65.1,78.3,78.3,81.8
הכרמל,59.4,2022-04-27T00:00:00.000Z,59.4,65.1,78.3,78.3,81.8
הכרמל,59.4,2022-04-27T00:00:00.000Z,59.4,65.1,78.3,78.3,81.8
הכרמל,59.4,2022-04-27T00:00:00.000Z,59.4,65.1,78.3,78.3,81.8
הכרמל,59.4,2022-04-27T00:00:00.000Z,59.4,65.1,78.3,78.3,81.8
הכרמל,59.4,2022-04-27T00:00:00.000Z,59.4,65.1,78.3,78.3,81.8
הכרמל,59.4,2022-04-27T00:00:00.000Z,59.4,65.1,78.3,78.3,81.8
הכרמל,59.4,2022-04-27T00:00:00.000Z,59.4,65.1,78.3,78.3,81.8
הכרמל,59.4,2022-04-27T00:00:00.000Z,59.4,65.1,78.3,78.3,81.8
הכרמל,59.4,2022-04-27T00:00:00.000Z,59.4,65.1,78.3,78.3,81.8
הכרמל,59.4,2022-04-27T00:00:00.000Z,59.4,65.1,78.3,78.3,81.8
הכרמל,59.4,2022-04-27T00:00:00.000Z,59.4,65.1,78.3,78.3,81.8
הכרמל,59.4,2022-04-27T00:00:00.000Z,59.4,65.1,78.3,78.3,81.8
הכרמל,59.4,2022-04-27T00:00:00.000Z,59.4,65.1,78.3,78.3,81.8
הכרמל,59.4,2022-04-27T00:00:00.000Z,59.4,65.1,78.3,78.3,81.8
הכרמל,59.4,2022-04-27T00:00:00.000Z,59.4,65.1,78.3,78.3,81.8
הכרמל,59.4,2022-04-27T00:00:00.000Z,59.4,65.1,78.3,78.3,81.8
הכרמל,59.4,2022-04-27T00:00:00.000Z,59.4,65.1,78.3,78.3,81.8
הכרמל,59.4,2022-04-27T00:00:00.000Z,59.4,65.1,78.3,78.3,81.8
הכרמל,59.4,2022-04-27T00:00:00.000Z,59.4,65.1,78.3,78.3,81.8
הכרמל,59.4,2022-04-27T00:00:00.000Z,59.4,65.1,78.3,78.3,81.8
הכרמל,59.4,2022-04-27T00:00:00.000Z,59.4,65.1,78.3,78.3,81.8
הכרמל,59.4,2022-04-27T00:00:00.000Z,59.4,65.1,78.3,78.3,81.8
הכרמל,59.4,2022-04-27T00:00:00.000Z,59.4,65.1,78.3,78.3,81.8
הכרמל,59.4,2022-04-27T00:00:00.000Z,59.4,65.1,78.3,78.3,81.8
הכרמל,59.4,2022-04-27T00:00:00.000Z,59.4,65.1,78.3,78.3,81.8
הכרמל,59.4,2022-04-27T00:00:00.000Z,59.4,65.1,78.3,78.3,81.8
הכרמל,59.4,2022-04-27T00:00:00.000Z,59.4,65.1,78.3,78.3,81.8
הכרמל,59.4,2022-04-27T00:00:00.000Z,59.4,65.1,78.3,78.3,81.8
הכרמל,59.4,2022-04-27T00:00:00.000Z,59.4,65.1,78.3,78.3,81.8
הכרמל,59.4,2022-04-27T00:00:00.000Z,59.4,65.1,78.3,78.3,81.8
הכרמל,59.4,2022-04-27T00:00:00.000Z,59.4,65.1,78.3,78.3,81.8
פוריה,79.5,2022-04-27T00:00:00.000Z,79.5,66.7,84.5,84.5,74.6
פוריה,79.5,2022-04-27T00:00:00.000Z,79.5,66.7,84.5,84.5,74.6
פוריה,79.5,2022-04-27T00:00:00.000Z,79.5,66.7,84.5,84.5,74.6
פוריה,79.5,2022-04-27T00:00:00.000Z,79.5,66.7,84.5,84.5,74.6
פוריה,79.5,2022-04-27T00:00:00.000Z,79.5,66.7,84.5,84.5,74.6
פוריה,79.5,2022-04-27T00:00:00.000Z,79.5,66.7,84.5,84.5,74.6
פוריה,79.5,2022-04-27T00:00:00.000Z,79.5,66.7,84.5,84.5,74.6
פוריה,79.5,2022-04-27T00:00:00.000Z,79.5,66.7,84.5,84.5,74.6
פוריה,79.5,2022-04-27T00:00:00.000Z,79.5,66.7,84.5,84.5,74.6
פוריה,79.5,2022-04-27T00:00:00.000Z,79.5,66.7,84.5,84.5,74.6
פוריה,79.5,2022-04-27T00:00:00.000Z,79.5,66.7,84.5,84.5,74.6
פוריה,79.5,2022-04-27T00:00:00.000Z,79.5,66.7,84.5,84.5,74.6
פוריה,79.5,2022-04-27T00:00:00.000Z,79.5,66.7,84.5,84.5,74.6
פוריה,79.5,2022-04-27T00:00:00.000Z,79.5,66.7,84.5,84.5,74.6
פוריה,79.5,2022-04-27T00:00:00.000Z,79.5,66.7,84.5,84.5,74.6
פוריה,79.5,2022-04-27T00:00:00.000Z,79.5,66.7,84.5,84.5,74.6
פוריה,79.5,2022-04-27T00:00:00.000Z,79.5,66.7,84.5,84.5,74.6
פוריה,79.5,2022-04-27T00:00:00.000Z,79.5,66.7,84.5,84.5,74.6
פוריה,79.5,2022-04-27T00:00:00.000Z,79.5,66.7,84.5,84.5,74.6
פוריה,79.5,2022-04-27T00:00:00.000Z,79.5,66.7,84.5,84.5,74.6
פוריה,79.5,2022-04-27T00:00:00.000Z,79.5,66.7,84.5,84.5,74.6
פוריה,79.5,2022-04-27T00:00:00.000Z,79.5,66.7,84.5,84.5,74.6
פוריה,79.5,2022-04-27T00:00:00.000Z,79.5,66.7,84.5,84.5,74.6
פוריה,79.5,2022-04-27T00:00:00.000Z,79.5,66.7,84.5,84.5,74.6
פוריה,79.5,2022-04-27T00:00:00.000Z,79.5,66.7,84.5,84.5,74.6
פוריה,79.5,2022-04-27T00:00:00.000Z,79.5,66.7,84.5,84.5,74.6
פוריה,79.5,2022-04-27T00:00:00.000Z,79.5,66.7,84.5,84.5,74.6
פוריה,79.5,2022-04-27T00:00:00.000Z,79.5,66.7,84.5,84.5,74.6
פוריה,79.5,2022-04-27T00:00:00.000Z,79.5,66.7,84.5,84.5,74.6
פוריה,79.5,2022-04-27T00:00:00.000Z,79.5,66.7,84.5,84.5,74.6
פוריה,79.5,2022-04-27T00:00:00.000Z,79.5,66.7,84.5,84.5,74.6
פוריה,79.5,2022-04-27T00:00:00.000Z,79.5,66.7,84.5,84.5,74.6
פוריה,79.5,2022-04-27T00:00:00.000Z,79.5,66.7,84.5,84.5,74.6
פוריה,79.5,2022-04-27T00:00:00.000Z,79.5,66.7,84.5,84.5,74.6
רבין ק. בילינסון,120.3,2022-04-27T00:00:00.000Z,120.3,101.3,100.2,100.2,91.5
רבין ק. בילינסון,120.3,2022-04-27T00:00:00.000Z,120.3,101.3,100.2,100.2,91.5
רבין ק. בילינסון,120.3,2022-04-27T00:00:00.000Z,120.3,101.3,100.2,100.2,91.5
רבין ק. בילינסון,120.3,2022-04-27T00:00:00.000Z,120.3,101.3,100.2,100.2,91.5
רבין ק. בילינסון,120.3,2022-04-27T00:00:00.000Z,120.3,101.3,100.2,100.2,91.5
רבין ק. בילינסון,120.3,2022-04-27T00:00:00.000Z,120.3,101.3,100.2,100.2,91.5
רבין ק. בילינסון,120.3,2022-04-27T00:00:00.000Z,120.3,101.3,100.2,100.2,91.5
רבין ק. בילינסון,120.3,2022-04-27T00:00:00.000Z,120.3,101.3,100.2,100.2,91.5
רבין ק. בילינסון,120.3,2022-04-27T00:00:00.000Z,120.3,101.3,100.2,100.2,91.5
רבין ק. בילינסון,120.3,2022-04-27T00:00:00.000Z,120.3,101.3,100.2,100.2,91.5
רבין ק. בילינסון,120.3,2022-04-27T00:00:00.000Z,120.3,101.3,100.2,100.2,91.5
רבין ק. בילינסון,120.3,2022-04-27T00:00:00.000Z,120.3,101.3,100.2,100.2,91.5
רבין ק. בילינסון,120.3,2022-04-27T00:00:00.000Z,120.3,101.3,100.2,100.2,91.5
רבין ק. בילינסון,120.3,2022-04-27T00:00:00.000Z,120.3,101.3,100.2,100.2,91.5
רבין ק. בילינסון,120.3,2022-04-27T00:00:00.000Z,120.3,101.3,100.2,100.2,91.5
רבין ק. בילינסון,120.3,2022-04-27T00:00:00.000Z,120.3,101.3,100.2,100.2,91.5
רבין ק. בילינסון,120.3,2022-04-27T00:00:00.000Z,120.3,101.3,100.2,100.2,91.5
רבין ק. בילינסון,120.3,2022-04-27T00:00:00.000Z,120.3,101.3,100.2,100.2,91.5
רבין ק. בילינסון,120.3,2022-04-27T00:00:00.000Z,120.3,101.3,100.2,100.2,91.5
רבין ק. בילינסון,120.3,2022-04-27T00:00:00.000Z,120.3,101.3,100.2,100.2,91.5
רבין ק. בילינסון,120.3,2022-04-27T00:00:00.000Z,120.3,101.3,100.2,100.2,91.5
רבין ק. בילינסון,120.3,2022-04-27T00:00:00.000Z,120.3,101.3,100.2,100.2,91.5
רבין ק. בילינסון,120.3,2022-04-27T00:00:00.000Z,120.3,101.3,100.2,100.2,91.5
רבין ק. בילינסון,120.3,2022-04-27T00:00:00.000Z,120.3,101.3,100.2,100.2,91.5
רבין ק. בילינסון,120.3,2022-04-27T00:00:00.000Z,120.3,101.3,100.2,100.2,91.5
רבין ק. בילינסון,120.3,2022-04-27T00:00:00.000Z,120.3,101.3,100.2,100.2,91.5
רבין ק. בילינסון,120.3,2022-04-27T00:00:00.000Z,120.3,101.3,100.2,100.2,91.5
רבין ק. בילינסון,120.3,2022-04-27T00:00:00.000Z,120.3,101.3,100.2,100.2,91.5
רבין ק. בילינסון,120.3,2022-04-27T00:00:00.000Z,120.3,101.3,100.2,100.2,91.5
רבין ק. בילינסון,120.3,2022-04-27T00:00:00.000Z,120.3,101.3,100.2,100.2,91.5
רבין ק. בילינסון,120.3,2022-04-27T00:00:00.000Z,120.3,101.3,100.2,100.2,91.5
רבין ק. בילינסון,120.3,2022-04-27T00:00:00.000Z,120.3,101.3,100.2,100.2,91.5
הכרמל,59.4,2022-04-27T00:00:00.000Z,59.4,65.1,78.3,78.3,81.8
הכרמל,59.4,2022-04-27T00:00:00.000Z,59.4,65.1,78.3,78.3,81.8
הכרמל,59.4,2022-04-27T00:00:00.000Z,59.4,65.1,78.3,78.3,81.8
הכרמל,59.4,2022-04-27T00:00:00.000Z,59.4,65.1,78.3,78.3,81.8
הכרמל,59.4,2022-04-27T00:00:00.000Z,59.4,65.1,78.3,78.3,81.8
הכרמל,59.4,2022-04-27T00:00:00.000Z,59.4,65.1,78.3,78.3,81.8
הכרמל,59.4,2022-04-27T00:00:00.000Z,59.4,65.1,78.3,78.3,81.8
הכרמל,59.4,2022-04-27T00:00:00.000Z,59.4,65.1,78.3,78.3,81.8
הכרמל,59.4,2022-04-27T00:00:00.000Z,59.4,65.1,78.3,78.3,81.8
הכרמל,59.4,2022-04-27T00:00:00.000Z,59.4,65.1,78.3,78.3,81.8
הכרמל,59.4,2022-04-27T00:00:00.000Z,59.4,65.1,78.3,78.3,81.8
הכרמל,59.4,2022-04-27T00:00:00.000Z,59.4,65.1,78.3,78.3,81.8
הכרמל,59.4,2022-04-27T00:00:00.000Z,59.4,65.1,78.3,78.3,81.8
הכרמל,59.4,2022-04-27T00:00:00.000Z,59.4,65.1,78.3,78.3,81.8
הכרמל,59.4,2022-04-27T00:00:00.000Z,59.4,65.1,78.3,78.3,81.8
הכרמל,59.4,2022-04-27T00:00:00.000Z,59.4,65.1,78.3,78.3,81.8
הכרמל,59.4,2022-04-27T00:00:00.000Z,59.4,65.1,78.3,78.3,81.8
הכרמל,59.4,2022-04-27T00:00:00.000Z,59.4,65.1,78.3,78.3,81.8
הכרמל,59.4,2022-04-27T00:00:00.000Z,59.4,65.1,78.3,78.3,81.8
הכרמל,59.4,2022-04-27T00:00:00.000Z,59.4,65.1,78.3,78.3,81.8
הכרמל,59.4,2022-04-27T00:00:00.000Z,59.4,65.1,78.3,78.3,81.8
הכרמל,59.4,2022-04-27T00:00:00.000Z,59.4,65.1,78.3,78.3,81.8
הכרמל,59.4,2022-04-27T00:00:00.000Z,59.4,65.1,78.3,78.3,81.8
הכרמל,59.4,2022-04-27T00:00:00.000Z,59.4,65.1,78.3,78.3,81.8
הכרמל,59.4,2022-04-27T00:00:00.000Z,59.4,65.1,78.3,78.3,81.8
הכרמל,59.4,2022-04-27T00:00:00.000Z,59.4,65.1,78.3,78.3,81.8
הכרמל,59.4,2022-04-27T00:00:00.000Z,59.4,65.1,78.3,78.3,81.8
הכרמל,59.4,2022-04-27T00:00:00.000Z,59.4,65.1,78.3,78.3,81.8
הכרמל,59.4,2022-04-27T00:00:00.000Z,59.4,65.1,78.3,78.3,81.8
הכרמל,59.4,2022-04-27T00:00:00.000Z,59.4,65.1,78.3,78.3,81.8
הכרמל,59.4,2022-04-27T00:00:00.000Z,59.4,65.1,78.3,78.3,81.8
הכרמל,59.4,2022-04-27T00:00:00.000Z,59.4,65.1,78.3,78.3,81.8
הכרמל,59.4,2022-04-27T00:00:00.000Z,59.4,65.1,78.3,78.3,81.8
הכרמל,59.4,2022-04-27T00:00:00.000Z,59.4,65.1,78.3,78.3,81.8
הכרמל,59.4,2022-04-27T00:00:00.000Z,59.4,65.1,78.3,78.3,81.8
הכרמל,59.4,2022-04-27T00:00:00.000Z,59.4,65.1,78.3,78.3,81.8
הכרמל,59.4,2022-04-27T00:00:00.000Z,59.4,65.1,78.3,78.3,81.8
הכרמל,59.4,2022-04-27T00:00:00.000Z,59.4,65.1,78.3,78.3,81.8
הכרמל,59.4,2022-04-27T00:00:00.000Z,59.4,65.1,78.3,78.3,81.8
הכרמל,59.4,2022-04-27T00:00:00.000Z,59.4,65.1,78.3,78.3,81.8
הכרמל,59.4,2022-04-27T00:00:00.000Z,59.4,65.1,78.3,78.3,81.8
הכרמל,59.4,2022-04-27T00:00:00.000Z,59.4,65.1,78.3,78.3,81.8
הכרמל,59.4,2022-04-27T00:00:00.000Z,59.4,65.1,78.3,78.3,81.8
הכרמל,59.4,2022-04-27T00:00:00.000Z,59.4,65.1,78.3,78.3,81.8
הכרמל,59.4,2022-04-27T00:00:00.000Z,59.4,65.1,78.3,78.3,81.8
הכרמל,59.4,2022-04-27T00:00:00.000Z,59.4,65.1,78.3,78.3,81.8
הכרמל,59.4,2022-04-27T00:00:00.000Z,59.4,65.1,78.3,78.3,81.8
הכרמל,59.4,2022-04-27T00:00:00.000Z,59.4,65.1,78.3,78.3,81.8
הכרמל,59.4,2022-04-27T00:00:00.000Z,59.4,65.1,78.3,78.3,81.8
הכרמל,59.4,2022-04-27T00:00:00.000Z,59.4,65.1,78.3,78.3,81.8
הכרמל,59.4,2022-04-27T00:00:00.000Z,59.4,65.1,78.3,78.3,81.8
הכרמל,59.4,2022-04-27T00:00:00.000Z,59.4,65.1,78.3,78.3,81.8
הכרמל,59.4,2022-04-27T00:00:00.000Z,59.4,65.1,78.3,78.3,81.8
הכרמל,59.4,2022-04-27T00:00:00.000Z,59.4,65.1,78.3,78.3,81.8
הכרמל,59.4,2022-04-27T00:00:00.000Z,59.4,65.1,78.3,78.3,81.8
הכרמל,59.4,2022-04-27T00:00:00.000Z,59.4,65.1,78.3,78.3,81.8
הכרמל,59.4,2022-04-27T00:00:00.000Z,59.4,65.1,78.3,78.3,81.8
הכרמל,59.4,2022-04-27T00:00:00.000Z,59.4,65.1,78.3,78.3,81.8
הכרמל,59.4,2022-04-27T00:00:00.000Z,59.4,65.1,78.3,78.3,81.8
הכרמל,59.4,2022-04-27T00:00:00.000Z,59.4,65.1,78.3,78.3,81.8
הכרמל,59.4,2022-04-27T00:00:00.000Z,59.4,65.1,78.3,78.3,81.8
הכרמל,59.4,2022-04-27T00:00:00.000Z,59.4,65.1,78.3,78.3,81.8
הכרמל,59.4,2022-04-27T00:00:00.000Z,59.4,65.1,78.3,78.3,81.8
הכרמל,59.4,2022-04-27T00:00:00.000Z,59.4,65.1,78.3,78.3,81.8
הכרמל,59.4,2022-04-27T00:00:00.000Z,59.4,65.1,78.3,78.3,81.8
הכרמל,59.4,2022-04-27T00:00:00.000Z,59.4,65.1,78.3,78.3,81.8
הכרמל,59.4,2022-04-27T00:00:00.000Z,59.4,65.1,78.3,78.3,81.8
הכרמל,59.4,2022-04-27T00:00:00.000Z,59.4,65.1,78.3,78.3,81.8
פוריה,79.5,2022-04-27T00:00:00.000Z,79.5,66.7,84.5,84.5,74.6
פוריה,79.5,2022-04-27T00:00:00.000Z,79.5,66.7,84.5,84.5,74.6
פוריה,79.5,2022-04-27T00:00:00.000Z,79.5,66.7,84.5,84.5,74.6
פוריה,79.5,2022-04-27T00:00:00.000Z,79.5,66.7,84.5,84.5,74.6
פוריה,79.5,2022-04-27T00:00:00.000Z,79.5,66.7,84.5,84.5,74.6
פוריה,79.5,2022-04-27T00:00:00.000Z,79.5,66.7,84.5,84.5,74.6
פוריה,79.5,2022-04-27T00:00:00.000Z,79.5,66.7,84.5,84.5,74.6
פוריה,79.5,2022-04-27T00:00:00.000Z,79.5,66.7,84.5,84.5,74.6
פוריה,79.5,2022-04-27T00:00:00.000Z,79.5,66.7,84.5,84.5,74.6
פוריה,79.5,2022-04-27T00:00:00.000Z,79.5,66.7,84.5,84.5,74.6
פוריה,79.5,2022-04-27T00:00:00.000Z,79.5,66.7,84.5,84.5,74.6
פוריה,79.5,2022-04-27T00:00:00.000Z,79.5,66.7,84.5,84.5,74.6
פוריה,79.5,2022-04-27T00:00:00.000Z,79.5,66.7,84.5,84.5,74.6
פוריה,79.5,2022-04-27T00:00:00.000Z,79.5,66.7,84.5,84.5,74.6
פוריה,79.5,2022-04-27T00:00:00.000Z,79.5,66.7,84.5,84.5,74.6
פוריה,79.5,2022-04-27T00:00:00.000Z,79.5,66.7,84.5,84.5,74.6
פוריה,79.5,2022-04-27T00:00:00.000Z,79.5,66.7,84.5,84.5,74.6
פוריה,79.5,2022-04-27T00:00:00.000Z,79.5,66.7,84.5,84.5,74.6
פוריה,79.5,2022-04-27T00:00:00.000Z,79.5,66.7,84.5,84.5,74.6
פוריה,79.5,2022-04-27T00:00:00.000Z,79.5,66.7,84.5,84.5,74.6
פוריה,79.5,2022-04-27T00:00:00.000Z,79.5,66.7,84.5,84.5,74.6
פוריה,79.5,2022-04-27T00:00:00.000Z,79.5,66.7,84.5,84.5,74.6
פוריה,79.5,2022-04-27T00:00:00.000Z,79.5,66.7,84.5,84.5,74.6
פוריה,79.5,2022-04-27T00:00:00.000Z,79.5,66.7,84.5,84.5,74.6
פוריה,79.5,2022-04-27T00:00:00.000Z,79.5,66.7,84.5,84.5,74.6
פוריה,79.5,2022-04-27T00:00:00.000Z,79.5,66.7,84.5,84.5,74.6
פוריה,79.5,2022-04-27T00:00:00.000Z,79.5,66.7,84.5,84.5,74.6
פוריה,79.5,2022-04-27T00:00:00.000Z,79.5,66.7,84.5,84.5,74.6
פוריה,79.5,2022-04-27T00:00:00.000Z,79.5,66.7,84.5,84.5,74.6
פוריה,79.5,2022-04-27T00:00:00.000Z,79.5,66.7,84.5,84.5,74.6
פוריה,79.5,2022-04-27T00:00:00.000Z,79.5,66.7,84.5,84.5,74.6
פוריה,79.5,2022-04-27T00:00:00.000Z,79.5,66.7,84.5,84.5,74.6
פוריה,79.5,2022-04-27T00:00:00.000Z,79.5,66.7,84.5,84.5,74.6
פוריה,79.5,2022-04-27T00:00:00.000Z,79.5,66.7,84.5,84.5,74.6
רבין ק. בילינסון,120.3,2022-04-27T00:00:00.000Z,120.3,101.3,100.2,100.2,91.5
רבין ק. בילינסון,120.3,2022-04-27T00:00:00.000Z,120.3,101.3,100.2,100.2,91.5
רבין ק. בילינסון,120.3,2022-04-27T00:00:00.000Z,120.3,101.3,100.2,100.2,91.5
רבין ק. בילינסון,120.3,2022-04-27T00:00:00.000Z,120.3,101.3,100.2,100.2,91.5
רבין ק. בילינסון,120.3,2022-04-27T00:00:00.000Z,120.3,101.3,100.2,100.2,91.5
רבין ק. בילינסון,120.3,2022-04-27T00:00:00.000Z,120.3,101.3,100.2,100.2,91.5
רבין ק. בילינסון,120.3,2022-04-27T00:00:00.000Z,120.3,101.3,100.2,100.2,91.5
רבין ק. בילינסון,120.3,2022-04-27T00:00:00.000Z,120.3,101.3,100.2,100.2,91.5
רבין ק. בילינסון,120.3,2022-04-27T00:00:00.000Z,120.3,101.3,100.2,100.2,91.5
רבין ק. בילינסון,120.3,2022-04-27T00:00:00.000Z,120.3,101.3,100.2,100.2,91.5
רבין ק. בילינסון,120.3,2022-04-27T00:00:00.000Z,120.3,101.3,100.2,100.2,91.5
רבין ק. בילינסון,120.3,2022-04-27T00:00:00.000Z,120.3,101.3,100.2,100.2,91.5
רבין ק. בילינסון,120.3,2022-04-27T00:00:00.000Z,120.3,101.3,100.2,100.2,91.5
רבין ק. בילינסון,120.3,2022-04-27T00:00:00.000Z,120.3,101.3,100.2,100.2,91.5
רבין ק. בילינסון,120.3,2022-04-27T00:00:00.000Z,120.3,101.3,100.2,100.2,91.5
רבין ק. בילינסון,120.3,2022-04-27T00:00:00.000Z,120.3,101.3,100.2,100.2,91.5
רבין ק. בילינסון,120.3,2022-04-27T00:00:00.000Z,120.3,101.3,100.2,100.2,91.5
רבין ק. בילינסון,120.3,2022-04-27T00:00:00.000Z,120.3,101.3,100.2,100.2,91.5
רבין ק. בילינסון,120.3,2022-04-27T00:00:00.000Z,120.3,101.3,100.2,100.2,91.5
רבין ק. בילינסון,120.3,2022-04-27T00:00:00.000Z,120.3,101.3,100.2,100.2,91.5
רבין ק. בילינסון,120.3,2022-04-27T00:00:00.000Z,120.3,101.3,100.2,100.2,91.5
רבין ק. בילינסון,120.3,2022-04-27T00:00:00.000Z,120.3,101.3,100.2,100.2,91.5
רבין ק. בילינסון,120.3,2022-04-27T00:00:00.000Z,120.3,101.3,100.2,100.2,91.5
רבין ק. בילינסון,120.3,2022-04-27T00:00:00.000Z,120.3,101.3,100.2,100.2,91.5
רבין ק. בילינסון,120.3,2022-04-27T00:00:00.000Z,120.3,101.3,100.2,100.2,91.5
רבין ק. בילינסון,120.3,2022-04-27T00:00:00.000Z,120.3,101.3,100.2,100.2,91.5
רבין ק. בילינסון,120.3,2022-04-27T00:00:00.000Z,120.3,101.3,100.2,100.2,91.5
רבין ק. בילינסון,120.3,2022-04-27T00:00:00.000Z,120.3,101.3,100.2,100.2,91.5
רבין ק. בילינסון,120.3,2022-04-27T00:00:00.000Z,120.3,101.3,100.2,100.2,91.5
רבין ק. בילינסון,120.3,2022-04-27T00:00:00.000Z,120.3,101.3,100.2,100.2,91.5
רבין ק. בילינסון,120.3,2022-04-27T00:00:00.000Z,120.3,101.3,100.2,100.2,91.5
רבין ק. בילינסון,120.3,2022-04-27T00:00:00.000Z,120.3,101.3,100.2,100.2,91.5
רבין ק. בילינסון,120.3,2022-04-27T00:00:00.000Z,120.3,101.3,100.2,100.2,91.5
רבין ק. בילינסון,120.3,2022-04-27T00:00:00.000Z,120.3,101.3,100.2,100.2,91.5
רבין ק. בילינסון,120.3,2022-04-27T00:00:00.000Z,120.3,101.3,100.2,100.2,91.5
רבין ק. בילינסון,120.3,2022-04-27T00:00:00.000Z,120.3,101.3,100.2,100.2,91.5
רבין ק. בילינסון,120.3,2022-04-27T00:00:00.000Z,120.3,101.3,100.2,100.2,91.5
רבין ק. בילינסון,120.3,2022-04-27T00:00:00.000Z,120.3,101.3,100.2,100.2,91.5
רבין ק. בילינסון,120.3,2022-04-27T00:00:00.000Z,120.3,101.3,100.2,100.2,91.5
רבין ק. בילינסון,120.3,2022-04-27T00:00:00.000Z,120.3,101.3,100.2,100.2,91.5
רבין ק. בילינסון,120.3,2022-04-27T00:00:00.000Z,120.3,101.3,100.2,100.2,91.5
רבין ק. בילינסון,120.3,2022-04-27T00:00:00.000Z,120.3,101.3,100.2,100.2,91.5
רבין ק. בילינסון,120.3,2022-04-27T00:00:00.000Z,120.3,101.3,100.2,100.2,91.5
רבין ק. בילינסון,120.3,2022-04-27T00:00:00.000Z,120.3,101.3,100.2,100.2,91.5
הכרמל,59.4,2022-04-27T00:00:00.000Z,59.4,65.1,78.3,78.3,81.8
הכרמל,59.4,2022-04-27T00:00:00.000Z,59.4,65.1,78.3,78.3,81.8
הכרמל,59.4,2022-04-27T00:00:00.000Z,59.4,65.1,78.3,78.3,81.8
הכרמל,59.4,2022-04-27T00:00:00.000Z,59.4,65.1,78.3,78.3,81.8
הכרמל,59.4,2022-04-27T00:00:00.000Z,59.4,65.1,78.3,78.3,81.8
הכרמל,59.4,2022-04-27T00:00:00.000Z,59.4,65.1,78.3,78.3,81.8
הכרמל,59.4,2022-04-27T00:00:00.000Z,59.4,65.1,78.3,78.3,81.8
הכרמל,59.4,2022-04-27T00:00:00.000Z,59.4,65.1,78.3,78.3,81.8
הכרמל,59.4,2022-04-27T00:00:00.000Z,59.4,65.1,78.3,78.3,81.8
הכרמל,59.4,2022-04-27T00:00:00.000Z,59.4,65.1,78.3,78.3,81.8
הכרמל,59.4,2022-04-27T00:00:00.000Z,59.4,65.1,78.3,78.3,81.8
הכרמל,59.4,2022-04-27T00:00:00.000Z,59.4,65.1,78.3,78.3,81.8
הכרמל,59.4,2022-04-27T00:00:00.000Z,59.4,65.1,78.3,78.3,81.8
הכרמל,59.4,2022-04-27T00:00:00.000Z,59.4,65.1,78.3,78.3,81.8
הכרמל,59.4,2022-04-27T00:00:00.000Z,59.4,65.1,78.3,78.3,81.8
הכרמל,59.4,2022-04-27T00:00:00.000Z,59.4,65.1,78.3,78.3,81.8
הכרמל,59.4,2022-04-27T00:00:00.000Z,59.4,65.1,78.3,78.3,81.8
הכרמל,59.4,2022-04-27T00:00:00.000Z,59.4,65.1,78.3,78.3,81.8
הכרמל,59.4,2022-04-27T00:00:00.000Z,59.4,65.1,78.3,78.3,81.8
הכרמל,59.4,2022-04-27T00:00:00.000Z,59.4,65.1,78.3,78.3,81.8
הכרמל,59.4,2022-04-27T00:00:00.000Z,59.4,65.1,78.3,78.3,81.8
הכרמל,59.4,2022-04-27T00:00:00.000Z,59.4,65.1,78.3,78.3,81.8
הכרמל,59.4,2022-04-27T00:00:00.000Z,59.4,65.1,78.3,78.3,81.8
הכרמל,59.4,2022-04-27T00:00:00.000Z,59.4,65.1,78.3,78.3,81.8
הכרמל,59.4,2022-04-27T00:00:00.000Z,59.4,65.1,78.3,78.3,81.8
הכרמל,59.4,2022-04-27T00:00:00.000Z,59.4,65.1,78.3,78.3,81.8
הכרמל,59.4,2022-04-27T00:00:00.000Z,59.4,65.1,78.3,78.3,81.8
הכרמל,59.4,2022-04-27T00:00:00.000Z,59.4,65.1,78.3,78.3,81.8
הכרמל,59.4,2022-04-27T00:00:00.000Z,59.4,65.1,78.3,78.3,81.8
הכרמל,59.4,2022-04-27T00:00:00.000Z,59.4,65.1,78.3,78.3,81.8
הכרמל,59.4,2022-04-27T00:00:00.000Z,59.4,65.1,78.3,78.3,81.8
הכרמל,59.4,2022-04-27T00:00:00.000Z,59.4,65.1,78.3,78.3,81.8
הכרמל,59.4,2022-04-27T00:00:00.000Z,59.4,65.1,78.3,78.3,81.8
הכרמל,59.4,2022-04-27T00:00:00.000Z,59.4,65.1,78.3,78.3,81.8
הכרמל,59.4,2022-04-27T00:00:00.000Z,59.4,65.1,78.3,78.3,81.8
הכרמל,59.4,2022-04-27T00:00:00.000Z,59.4,65.1,78.3,78.3,81.8
הכרמל,59.4,2022-04-27T00:00:00.000Z,59.4,65.1,78.3,78.3,81.8
הכרמל,59.4,2022-04-27T00:00:00.000Z,59.4,65.1,78.3,78.3,81.8
הכרמל,59.4,2022-04-27T00:00:00.000Z,59.4,65.1,78.3,78.3,81.8
הכרמל,59.4,2022-04-27T00:00:00.000Z,59.4,65.1,78.3,78.3,81.8
הכרמל,59.4,2022-04-27T00:00:00.000Z,59.4,65.1,78.3,78.3,81.8
הכרמל,59.4,2022-04-27T00:00:00.000Z,59.4,65.1,78.3,78.3,81.8
הכרמל,59.4,2022-04-27T00:00:00.000Z,59.4,65.1,78.3,78.3,81.8
הכרמל,59.4,2022-04-27T00:00:00.000Z,59.4,65.1,78.3,78.3,81.8
הכרמל,59.4,2022-04-27T00:00:00.000Z,59.4,65.1,78.3,78.3,81.8
הכרמל,59.4,2022-04-27T00:00:00.000Z,59.4,65.1,78.3,78.3,81.8
הכרמל,59.4,2022-04-27T00:00:00.000Z,59.4,65.1,78.3,78.3,81.8
הכרמל,59.4,2022-04-27T00:00:00.000Z,59.4,65.1,78.3,78.3,81.8
הכרמל,59.4,2022-04-27T00:00:00.000Z,59.4,65.1,78.3,78.3,81.8
הכרמל,59.4,2022-04-27T00:00:00.000Z,59.4,65.1,78.3,78.3,81.8
הכרמל,59.4,2022-04-27T00:00:00.000Z,59.4,65.1,78.3,78.3,81.8
הכרמל,59.4,2022-04-27T00:00:00.000Z,59.4,65.1,78.3,78.3,81.8
הכרמל,59.4,2022-04-27T00:00:00.000Z,59.4,65.1,78.3,78.3,81.8
הכרמל,59.4,2022-04-27T00:00:00.000Z,59.4,65.1,78.3,78.3,81.8
הכרמל,59.4,2022-04-27T00:00:00.000Z,59.4,65.1,78.3,78.3,81.8
הכרמל,59.4,2022-04-27T00:00:00.000Z,59.4,65.1,78.3,78.3,81.8
הכרמל,59.4,2022-04-27T00:00:00.000Z,59.4,65.1,78.3,78.3,81.8
הכרמל,59.4,2022-04-27T00:00:00.000Z,59.4,65.1,78.3,78.3,81.8
הכרמל,59.4,2022-04-27T00:00:00.000Z,59.4,65.1,78.3,78.3,81.8
הכרמל,59.4,2022-04-27T00:00:00.000Z,59.4,65.1,78.3,78.3,81.8
הכרמל,59.4,2022-04-27T00:00:00.000Z,59.4,65.1,78.3,78.3,81.8
הכרמל,59.4,2022-04-27T00:00:00.000Z,59.4,65.1,78.3,78.3,81.8
הכרמל,59.4,2022-04-27T00:00:00.000Z,59.4,65.1,78.3,78.3,81.8
הכרמל,59.4,2022-04-27T00:00:00.000Z,59.4,65.1,78.3,78.3,81.8
הכרמל,59.4,2022-04-27T00:00:00.000Z,59.4,65.1,78.3,78.3,81.8
הכרמל,59.4,2022-04-27T00:00:00.000Z,59.4,65.1,78.3,78.3,81.8
הכרמל,59.4,2022-04-27T00:00:00.000Z,59.4,65.1,78.3,78.3,81.8
הכרמל,59.4,2022-04-27T00:00:00.000Z,59.4,65.1,78.3,78.3,81.8
פוריה,79.5,2022-04-27T00:00:00.000Z,79.5,66.7,84.5,84.5,74.6
פוריה,79.5,2022-04-27T00:00:00.000Z,79.5,66.7,84.5,84.5,74.6
פוריה,79.5,2022-04-27T00:00:00.000Z,79.5,66.7,84.5,84.5,74.6
פוריה,79.5,2022-04-27T00:00:00.000Z,79.5,66.7,84.5,84.5,74.6
פוריה,79.5,2022-04-27T00:00:00.000Z,79.5,66.7,84.5,84.5,74.6
פוריה,79.5,2022-04-27T00:00:00.000Z,79.5,66.7,84.5,84.5,74.6
פוריה,79.5,2022-04-27T00:00:00.000Z,79.5,66.7,84.5,84.5,74.6
פוריה,79.5,2022-04-27T00:00:00.000Z,79.5,66.7,84.5,84.5,74.6
פוריה,79.5,2022-04-27T00:00:00.000Z,79.5,66.7,84.5,84.5,74.6
פוריה,79.5,2022-04-27T00:00:00.000Z,79.5,66.7,84.5,84.5,74.6
פוריה,79.5,2022-04-27T00:00:00.000Z,79.5,66.7,84.5,84.5,74.6
פוריה,79.5,2022-04-27T00:00:00.000Z,79.5,66.7,84.5,84.5,74.6
פוריה,79.5,2022-04-27T00:00:00.000Z,79.5,66.7,84.5,84.5,74.6
פוריה,79.5,2022-04-27T00:00:00.000Z,79.5,66.7,84.5,84.5,74.6
פוריה,79.5,2022-04-27T00:00:00.000Z,79.5,66.7,84.5,84.5,74.6
פוריה,79.5,2022-04-27T00:00:00.000Z,79.5,66.7,84.5,84.5,74.6
פוריה,79.5,2022-04-27T00:00:00.000Z,79.5,66.7,84.5,84.5,74.6
פוריה,79.5,2022-04-27T00:00:00.000Z,79.5,66.7,84.5,84.5,74.6
פוריה,79.5,2022-04-27T00:00:00.000Z,79.5,66.7,84.5,84.5,74.6
פוריה,79.5,2022-04-27T00:00:00.000Z,79.5,66.7,84.5,84.5,74.6
פוריה,79.5,2022-04-27T00:00:00.000Z,79.5,66.7,84.5,84.5,74.6
פוריה,79.5,2022-04-27T00:00:00.000Z,79.5,66.7,84.5,84.5,74.6
פוריה,79.5,2022-04-27T00:00:00.000Z,79.5,66.7,84.5,84.5,74.6
פוריה,79.5,2022-04-27T00:00:00.000Z,79.5,66.7,84.5,84.5,74.6
פוריה,79.5,2022-04-27T00:00:00.000Z,79.5,66.7,84.5,84.5,74.6
פוריה,79.5,2022-04-27T00:00:00.000Z,79.5,66.7,84.5,84.5,74.6
פוריה,79.5,2022-04-27T00:00:00.000Z,79.5,66.7,84.5,84.5,74.6
פוריה,79.5,2022-04-27T00:00:00.000Z,79.5,66.7,84.5,84.5,74.6
פוריה,79.5,2022-04-27T00:00:00.000Z,79.5,66.7,84.5,84.5,74.6
פוריה,79.5,2022-04-27T00:00:00.000Z,79.5,66.7,84.5,84.5,74.6
פוריה,79.5,2022-04-27T00:00:00.000Z,79.5,66.7,84.5,84.5,74.6
פוריה,79.5,2022-04-27T00:00:00.000Z,79.5,66.7,84.5,84.5,74.6
פוריה,79.5,2022-04-27T00:00:00.000Z,79.5,66.7,84.5,84.5,74.6
פוריה,79.5,2022-04-27T00:00:00.000Z,79.5,66.7,84.5,84.5,74.6
פוריה,79.5,2022-04-27T00:00:00.000Z,79.5,66.7,84.5,84.5,74.6
פוריה,79.5,2022-04-27T00:00:00.000Z,79.5,66.7,84.5,84.5,74.6
פוריה,79.5,2022-04-27T00:00:00.000Z,79.5,66.7,84.5,84.5,74.6
פוריה,79.5,2022-04-27T00:00:00.000Z,79.5,66.7,84.5,84.5,74.6
פוריה,79.5,2022-04-27T00:00:00.000Z,79.5,66.7,84.5,84.5,74.6
פוריה,79.5,2022-04-27T00:00:00.000Z,79.5,66.7,84.5,84.5,74.6
פוריה,79.5,2022-04-27T00:00:00.000Z,79.5,66.7,84.5,84.5,74.6
פוריה,79.5,2022-04-27T00:00:00.000Z,79.5,66.7,84.5,84.5,74.6
פוריה,79.5,2022-04-27T00:00:00.000Z,79.5,66.7,84.5,84.5,74.6
פוריה,79.5,2022-04-27T00:00:00.000Z,79.5,66.7,84.5,84.5,74.6
פוריה,79.5,2022-04-27T00:00:00.000Z,79.5,66.7,84.5,84.5,74.6
פוריה,79.5,2022-04-27T00:00:00.000Z,79.5,66.7,84.5,84.5,74.6
פוריה,79.5,2022-04-27T00:00:00.000Z,79.5,66.7,84.5,84.5,74.6
פוריה,79.5,2022-04-27T00:00:00.000Z,79.5,66.7,84.5,84.5,74.6
פוריה,79.5,2022-04-27T00:00:00.000Z,79.5,66.7,84.5,84.5,74.6
פוריה,79.5,2022-04-27T00:00:00.000Z,79.5,66.7,84.5,84.5,74.6
פוריה,79.5,2022-04-27T00:00:00.000Z,79.5,66.7,84.5,84.5,74.6
פוריה,79.5,2022-04-27T00:00:00.000Z,79.5,66.7,84.5,84.5,74.6
פוריה,79.5,2022-04-27T00:00:00.000Z,79.5,66.7,84.5,84.5,74.6
פוריה,79.5,2022-04-27T00:00:00.000Z,79.5,66.7,84.5,84.5,74.6
פוריה,79.5,2022-04-27T00:00:00.000Z,79.5,66.7,84.5,84.5,74.6
פוריה,79.5,2022-04-27T00:00:00.000Z,79.5,66.7,84.5,84.5,74.6
פוריה,79.5,2022-04-27T00:00:00.000Z,79.5,66.7,84.5,84.5,74.6
פוריה,79.5,2022-04-27T00:00:00.000Z,79.5,66.7,84.5,84.5,74.6
פוריה,79.5,2022-04-27T00:00:00.000Z,79.5,66.7,84.5,84.5,74.6
פוריה,79.5,2022-04-27T00:00:00.000Z,79.5,66.7,84.5,84.5,74.6
פוריה,79.5,2022-04-27T00:00:00.000Z,79.5,66.7,84.5,84.5,74.6
פוריה,79.5,2022-04-27T00:00:00.000Z,79.5,66.7,84.5,84.5,74.6
פוריה,79.5,2022-04-27T00:00:00.000Z,79.5,66.7,84.5,84.5,74.6
פוריה,79.5,2022-04-27T00:00:00.000Z,79.5,66.7,84.5,84.5,74.6
פוריה,79.5,2022-04-27T00:00:00.000Z,79.5,66.7,84.5,84.5,74.6
פוריה,79.5,2022-04-27T00:00:00.000Z,79.5,66.7,84.5,84.5,74.6
פוריה,79.5,2022-04-27T00:00:00.000Z,79.5,66.7,84.5,84.5,74.6
פוריה,79.5,2022-04-27T00:00:00.000Z,79.5,66.7,84.5,84.5,74.6
פוריה,79.5,2022-04-27T00:00:00.000Z,79.5,66.7,84.5,84.5,74.6
פוריה,79.5,2022-04-27T00:00:00.000Z,79.5,66.7,84.5,84.5,74.6
פוריה,79.5,2022-04-27T00:00:00.000Z,79.5,66.7,84.5,84.5,74.6
פוריה,79.5,2022-04-27T00:00:00.000Z,79.5,66.7,84.5,84.5,74.6
פוריה,79.5,2022-04-27T00:00:00.000Z,79.5,66.7,84.5,84.5,74.6
פוריה,79.5,2022-04-27T00:00:00.000Z,79.5,66.7,84.5,84.5,74.6
פוריה,79.5,2022-04-27T00:00:00.000Z,79.5,66.7,84.5,84.5,74.6
פוריה,79.5,2022-04-27T00:00:00.000Z,79.5,66.7,84.5,84.5,74.6
פוריה,79.5,2022-04-27T00:00:00.000Z,79.5,66.7,84.5,84.5,74.6
פוריה,79.5,2022-04-27T00:00:00.000Z,79.5,66.7,84.5,84.5,74.6
פוריה,79.5,2022-04-27T00:00:00.000Z,79.5,66.7,84.5,84.5,74.6
פוריה,79.5,2022-04-27T00:00:00.000Z,79.5,66.7,84.5,84.5,74.6
פוריה,79.5,2022-04-27T00:00:00.000Z,79.5,66.7,84.5,84.5,74.6
פוריה,79.5,2022-04-27T00:00:00.000Z,79.5,66.7,84.5,84.5,74.6
פוריה,79.5,2022-04-27T00:00:00.000Z,79.5,66.7,84.5,84.5,74.6
פוריה,79.5,2022-04-27T00:00:00.000Z,79.5,66.7,84.5,84.5,74.6
פוריה,79.5,2022-04-27T00:00:00.000Z,79.5,66.7,84.5,84.5,74.6
פוריה,79.5,2022-04-27T00:00:00.000Z,79.5,66.7,84.5,84.5,74.6
פוריה,79.5,2022-04-27T00:00:00.000Z,79.5,66.7,84.5,84.5,74.6
פוריה,79.5,2022-04-27T00:00:00.000Z,79.5,66.7,84.5,84.5,74.6
פוריה,79.5,2022-04-27T00:00:00.000Z,79.5,66.7,84.5,84.5,74.6
פוריה,79.5,2022-04-27T00:00:00.000Z,79.5,66.7,84.5,84.5,74.6
פוריה,79.5,2022-04-27T00:00:00.000Z,79.5,66.7,84.5,84.5,74.6
פוריה,79.5,2022-04-27T00:00:00.000Z,79.5,66.7,84.5,84.5,74.6
פוריה,79.5,2022-04-27T00:00:00.000Z,79.5,66.7,84.5,84.5,74.6
פוריה,79.5,2022-04-27T00:00:00.000Z,79.5,66.7,84.5,84.5,74.6
פוריה,79.5,2022-04-27T00:00:00.000Z,79.5,66.7,84.5,84.5,74.6
פוריה,79.5,2022-04-27T00:00:00.000Z,79.5,66.7,84.5,84.5,74.6
פוריה,79.5,2022-04-27T00:00:00.000Z,79.5,66.7,84.5,84.5,74.6
פוריה,79.5,2022-04-27T00:00:00.000Z,79.5,66.7,84.5,84.5,74.6
פוריה,79.5,2022-04-27T00:00:00.000Z,79.5,66.7,84.5,84.5,74.6
פוריה,79.5,2022-04-27T00:00:00.000Z,79.5,66.7,84.5,84.5,74.6
פוריה,79.5,2022-04-27T00:00:00.000Z,79.5,66.7,84.5,84.5,74.6
פוריה,79.5,2022-04-27T00:00:00.000Z,79.5,66.7,84.5,84.5,74.6
הכרמל,59.4,2022-04-27T00:00:00.000Z,59.4,65.1,78.3,78.3,81.8
הכרמל,59.4,2022-04-27T00:00:00.000Z,59.4,65.1,78.3,78.3,81.8
הכרמל,59.4,2022-04-27T00:00:00.000Z,59.4,65.1,78.3,78.3,81.8
הכרמל,59.4,2022-04-27T00:00:00.000Z,59.4,65.1,78.3,78.3,81.8
הכרמל,59.4,2022-04-27T00:00:00.000Z,59.4,65.1,78.3,78.3,81.8
הכרמל,59.4,2022-04-27T00:00:00.000Z,59.4,65.1,78.3,78.3,81.8
הכרמל,59.4,2022-04-27T00:00:00.000Z,59.4,65.1,78.3,78.3,81.8
הכרמל,59.4,2022-04-27T00:00:00.000Z,59.4,65.1,78.3,78.3,81.8
הכרמל,59.4,2022-04-27T00:00:00.000Z,59.4,65.1,78.3,78.3,81.8
הכרמל,59.4,2022-04-27T00:00:00.000Z,59.4,65.1,78.3,78.3,81.8
הכרמל,59.4,2022-04-27T00:00:00.000Z,59.4,65.1,78.3,78.3,81.8
הכרמל,59.4,2022-04-27T00:00:00.000Z,59.4,65.1,78.3,78.3,81.8
הכרמל,59.4,2022-04-27T00:00:00.000Z,59.4,65.1,78.3,78.3,81.8
הכרמל,59.4,2022-04-27T00:00:00.000Z,59.4,65.1,78.3,78.3,81.8
הכרמל,59.4,2022-04-27T00:00:00.000Z,59.4,65.1,78.3,78.3,81.8
הכרמל,59.4,2022-04-27T00:00:00.000Z,59.4,65.1,78.3,78.3,81.8
הכרמל,59.4,2022-04-27T00:00:00.000Z,59.4,65.1,78.3,78.3,81.8
הכרמל,59.4,2022-04-27T00:00:00.000Z,59.4,65.1,78.3,78.3,81.8
הכרמל,59.4,2022-04-27T00:00:00.000Z,59.4,65.1,78.3,78.3,81.8
הכרמל,59.4,2022-04-27T00:00:00.000Z,59.4,65.1,78.3,78.3,81.8
הכרמל,59.4,2022-04-27T00:00:00.000Z,59.4,65.1,78.3,78.3,81.8
הכרמל,59.4,2022-04-27T00:00:00.000Z,59.4,65.1,78.3,78.3,81.8
הכרמל,59.4,2022-04-27T00:00:00.000Z,59.4,65.1,78.3,78.3,81.8
הכרמל,59.4,2022-04-27T00:00:00.000Z,59.4,65.1,78.3,78.3,81.8
הכרמל,59.4,2022-04-27T00:00:00.000Z,59.4,65.1,78.3,78.3,81.8
הכרמל,59.4,2022-04-27T00:00:00.000Z,59.4,65.1,78.3,78.3,81.8
הכרמל,59.4,2022-04-27T00:00:00.000Z,59.4,65.1,78.3,78.3,81.8
הכרמל,59.4,2022-04-27T00:00:00.000Z,59.4,65.1,78.3,78.3,81.8
הכרמל,59.4,2022-04-27T00:00:00.000Z,59.4,65.1,78.3,78.3,81.8
הכרמל,59.4,2022-04-27T00:00:00.000Z,59.4,65.1,78.3,78.3,81.8
הכרמל,59.4,2022-04-27T00:00:00.000Z,59.4,65.1,78.3,78.3,81.8
הכרמל,59.4,2022-04-27T00:00:00.000Z,59.4,65.1,78.3,78.3,81.8
הכרמל,59.4,2022-04-27T00:00:00.000Z,59.4,65.1,78.3,78.3,81.8
הכרמל,59.4,2022-04-27T00:00:00.000Z,59.4,65.1,78.3,78.3,81.8
רבין ק. בילינסון,120.3,2022-04-27T00:00:00.000Z,120.3,101.3,100.2,100.2,91.5
רבין ק. בילינסון,120.3,2022-04-27T00:00:00.000Z,120.3,101.3,100.2,100.2,91.5
רבין ק. בילינסון,120.3,2022-04-27T00:00:00.000Z,120.3,101.3,100.2,100.2,91.5
רבין ק. בילינסון,120.3,2022-04-27T00:00:00.000Z,120.3,101.3,100.2,100.2,91.5
רבין ק. בילינסון,120.3,2022-04-27T00:00:00.000Z,120.3,101.3,100.2,100.2,91.5
רבין ק. בילינסון,120.3,2022-04-27T00:00:00.000Z,120.3,101.3,100.2,100.2,91.5
רבין ק. בילינסון,120.3,2022-04-27T00:00:00.000Z,120.3,101.3,100.2,100.2,91.5
רבין ק. בילינסון,120.3,2022-04-27T00:00:00.000Z,120.3,101.3,100.2,100.2,91.5
רבין ק. בילינסון,120.3,2022-04-27T00:00:00.000Z,120.3,101.3,100.2,100.2,91.5
רבין ק. בילינסון,120.3,2022-04-27T00:00:00.000Z,120.3,101.3,100.2,100.2,91.5
רבין ק. בילינסון,120.3,2022-04-27T00:00:00.000Z,120.3,101.3,100.2,100.2,91.5
רבין ק. בילינסון,120.3,2022-04-27T00:00:00.000Z,120.3,101.3,100.2,100.2,91.5
רבין ק. בילינסון,120.3,2022-04-27T00:00:00.000Z,120.3,101.3,100.2,100.2,91.5
רבין ק. בילינסון,120.3,2022-04-27T00:00:00.000Z,120.3,101.3,100.2,100.2,91.5
רבין ק. בילינסון,120.3,2022-04-27T00:00:00.000Z,120.3,101.3,100.2,100.2,91.5
רבין ק. בילינסון,120.3,2022-04-27T00:00:00.000Z,120.3,101.3,100.2,100.2,91.5
רבין ק. בילינסון,120.3,2022-04-27T00:00:00.000Z,120.3,101.3,100.2,100.2,91.5
רבין ק. בילינסון,120.3,2022-04-27T00:00:00.000Z,120.3,101.3,100.2,100.2,91.5
רבין ק. בילינסון,120.3,2022-04-27T00:00:00.000Z,120.3,101.3,100.2,100.2,91.5
הכרמל,59.4,2022-04-27T00:00:00.000Z,59.4,65.1,78.3,78.3,81.8
הכרמל,59.4,2022-04-27T00:00:00.000Z,59.4,65.1,78.3,78.3,81.8
הכרמל,59.4,2022-04-27T00:00:00.000Z,59.4,65.1,78.3,78.3,81.8
הכרמל,59.4,2022-04-27T00:00:00.000Z,59.4,65.1,78.3,78.3,81.8
הכרמל,59.4,2022-04-27T00:00:00.000Z,59.4,65.1,78.3,78.3,81.8
הכרמל,59.4,2022-04-27T00:00:00.000Z,59.4,65.1,78.3,78.3,81.8
הכרמל,59.4,2022-04-27T00:00:00.000Z,59.4,65.1,78.3,78.3,81.8
הכרמל,59.4,2022-04-27T00:00:00.000Z,59.4,65.1,78.3,78.3,81.8
הכרמל,59.4,2022-04-27T00:00:00.000Z,59.4,65.1,78.3,78.3,81.8
הכרמל,59.4,2022-04-27T00:00:00.000Z,59.4,65.1,78.3,78.3,81.8
הכרמל,59.4,2022-04-27T00:00:00.000Z,59.4,65.1,78.3,78.3,81.8
הכרמל,59.4,2022-04-27T00:00:00.000Z,59.4,65.1,78.3,78.3,81.8
הכרמל,59.4,2022-04-27T00:00:00.000Z,59.4,65.1,78.3,78.3,81.8
הכרמל,59.4,2022-04-27T00:00:00.000Z,59.4,65.1,78.3,78.3,81.8
הכרמל,59.4,2022-04-27T00:00:00.000Z,59.4,65.1,78.3,78.3,81.8
הכרמל,59.4,2022-04-27T00:00:00.000Z,59.4,65.1,78.3,78.3,81.8
הכרמל,59.4,2022-04-27T00:00:00.000Z,59.4,65.1,78.3,78.3,81.8
הכרמל,59.4,2022-04-27T00:00:00.000Z,59.4,65.1,78.3,78.3,81.8
הכרמל,59.4,2022-04-27T00:00:00.000Z,59.4,65.1,78.3,78.3,81.8
הכרמל,59.4,2022-04-27T00:00:00.000Z,59.4,65.1,78.3,78.3,81.8
הכרמל,59.4,2022-04-27T00:00:00.000Z,59.4,65.1,78.3,78.3,81.8
הכרמל,59.4,2022-04-27T00:00:00.000Z,59.4,65.1,78.3,78.3,81.8
הכרמל,59.4,2022-04-27T00:00:00.000Z,59.4,65.1,78.3,78.3,81.8
הכרמל,59.4,2022-04-27T00:00:00.000Z,59.4,65.1,78.3,78.3,81.8
הכרמל,59.4,2022-04-27T00:00:00.000Z,59.4,65.1,78.3,78.3,81.8
הכרמל,59.4,2022-04-27T00:00:00.000Z,59.4,65.1,78.3,78.3,81.8
הכרמל,59.4,2022-04-27T00:00:00.000Z,59.4,65.1,78.3,78.3,81.8
הכרמל,59.4,2022-04-27T00:00:00.000Z,59.4,65.1,78.3,78.3,81.8
הכרמל,59.4,2022-04-27T00:00:00.000Z,59.4,65.1,78.3,78.3,81.8
הכרמל,59.4,2022-04-27T00:00:00.000Z,59.4,65.1,78.3,78.3,81.8
הכרמל,59.4,2022-04-27T00:00:00.000Z,59.4,65.1,78.3,78.3,81.8
הכרמל,59.4,2022-04-27T00:00:00.000Z,59.4,65.1,78.3,78.3,81.8
הכרמל,59.4,2022-04-27T00:00:00.000Z,59.4,65.1,78.3,78.3,81.8
הכרמל,59.4,2022-04-27T00:00:00.000Z,59.4,65.1,78.3,78.3,81.8
הכרמל,59.4,2022-04-27T00:00:00.000Z,59.4,65.1,78.3,78.3,81.8
הכרמל,59.4,2022-04-27T00:00:00.000Z,59.4,65.1,78.3,78.3,81.8
הכרמל,59.4,2022-04-27T00:00:00.000Z,59.4,65.1,78.3,78.3,81.8
הכרמל,59.4,2022-04-27T00:00:00.000Z,59.4,65.1,78.3,78.3,81.8
הכרמל,59.4,2022-04-27T00:00:00.000Z,59.4,65.1,78.3,78.3,81.8
הכרמל,59.4,2022-04-27T00:00:00.000Z,59.4,65.1,78.3,78.3,81.8
הכרמל,59.4,2022-04-27T00:00:00.000Z,59.4,65.1,78.3,78.3,81.8
הכרמל,59.4,2022-04-27T00:00:00.000Z,59.4,65.1,78.3,78.3,81.8
הכרמל,59.4,2022-04-27T00:00:00.000Z,59.4,65.1,78.3,78.3,81.8
פוריה,79.5,2022-04-27T00:00:00.000Z,79.5,66.7,84.5,84.5,74.6
פוריה,79.5,2022-04-27T00:00:00.000Z,79.5,66.7,84.5,84.5,74.6
פוריה,79.5,2022-04-27T00:00:00.000Z,79.5,66.7,84.5,84.5,74.6
פוריה,79.5,2022-04-27T00:00:00.000Z,79.5,66.7,84.5,84.5,74.6
פוריה,79.5,2022-04-27T00:00:00.000Z,79.5,66.7,84.5,84.5,74.6
פוריה,79.5,2022-04-27T00:00:00.000Z,79.5,66.7,84.5,84.5,74.6
פוריה,79.5,2022-04-27T00:00:00.000Z,79.5,66.7,84.5,84.5,74.6
פוריה,79.5,2022-04-27T00:00:00.000Z,79.5,66.7,84.5,84.5,74.6
פוריה,79.5,2022-04-27T00:00:00.000Z,79.5,66.7,84.5,84.5,74.6
פוריה,79.5,2022-04-27T00:00:00.000Z,79.5,66.7,84.5,84.5,74.6
פוריה,79.5,2022-04-27T00:00:00.000Z,79.5,66.7,84.5,84.5,74.6
פוריה,79.5,2022-04-27T00:00:00.000Z,79.5,66.7,84.5,84.5,74.6
פוריה,79.5,2022-04-27T00:00:00.000Z,79.5,66.7,84.5,84.5,74.6
פוריה,79.5,2022-04-27T00:00:00.000Z,79.5,66.7,84.5,84.5,74.6
פוריה,79.5,2022-04-27T00:00:00.000Z,79.5,66.7,84.5,84.5,74.6
פוריה,79.5,2022-04-27T00:00:00.000Z,79.5,66.7,84.5,84.5,74.6
פוריה,79.5,2022-04-27T00:00:00.000Z,79.5,66.7,84.5,84.5,74.6
פוריה,79.5,2022-04-27T00:00:00.000Z,79.5,66.7,84.5,84.5,74.6
פוריה,79.5,2022-04-27T00:00:00.000Z,79.5,66.7,84.5,84.5,74.6
פוריה,79.5,2022-04-27T00:00:00.000Z,79.5,66.7,84.5,84.5,74.6
פוריה,79.5,2022-04-27T00:00:00.000Z,79.5,66.7,84.5,84.5,74.6
פוריה,79.5,2022-04-27T00:00:00.000Z,79.5,66.7,84.5,84.5,74.6
פוריה,79.5,2022-04-27T00:00:00.000Z,79.5,66.7,84.5,84.5,74.6
פוריה,79.5,2022-04-27T00:00:00.000Z,79.5,66.7,84.5,84.5,74.6
פוריה,79.5,2022-04-27T00:00:00.000Z,79.5,66.7,84.5,84.5,74.6
פוריה,79.5,2022-04-27T00:00:00.000Z,79.5,66.7,84.5,84.5,74.6
פוריה,79.5,2022-04-27T00:00:00.000Z,79.5,66.7,84.5,84.5,74.6
פוריה,79.5,2022-04-27T00:00:00.000Z,79.5,66.7,84.5,84.5,74.6
פוריה,79.5,2022-04-27T00:00:00.000Z,79.5,66.7,84.5,84.5,74.6
פוריה,79.5,2022-04-27T00:00:00.000Z,79.5,66.7,84.5,84.5,74.6
הכרמל,59.4,2022-04-27T00:00:00.000Z,59.4,65.1,78.3,78.3,81.8
הכרמל,59.4,2022-04-27T00:00:00.000Z,59.4,65.1,78.3,78.3,81.8
הכרמל,59.4,2022-04-27T00:00:00.000Z,59.4,65.1,78.3,78.3,81.8
הכרמל,59.4,2022-04-27T00:00:00.000Z,59.4,65.1,78.3,78.3,81.8
הכרמל,59.4,2022-04-27T00:00:00.000Z,59.4,65.1,78.3,78.3,81.8
הכרמל,59.4,2022-04-27T00:00:00.000Z,59.4,65.1,78.3,78.3,81.8
הכרמל,59.4,2022-04-27T00:00:00.000Z,59.4,65.1,78.3,78.3,81.8
הכרמל,59.4,2022-04-27T00:00:00.000Z,59.4,65.1,78.3,78.3,81.8
הכרמל,59.4,2022-04-27T00:00:00.000Z,59.4,65.1,78.3,78.3,81.8
הכרמל,59.4,2022-04-27T00:00:00.000Z,59.4,65.1,78.3,78.3,81.8
הכרמל,59.4,2022-04-27T00:00:00.000Z,59.4,65.1,78.3,78.3,81.8
הכרמל,59.4,2022-04-27T00:00:00.000Z,59.4,65.1,78.3,78.3,81.8
הכרמל,59.4,2022-04-27T00:00:00.000Z,59.4,65.1,78.3,78.3,81.8
הכרמל,59.4,2022-04-27T00:00:00.000Z,59.4,65.1,78.3,78.3,81.8
הכרמל,59.4,2022-04-27T00:00:00.000Z,59.4,65.1,78.3,78.3,81.8
הכרמל,59.4,2022-04-27T00:00:00.000Z,59.4,65.1,78.3,78.3,81.8
הכרמל,59.4,2022-04-27T00:00:00.000Z,59.4,65.1,78.3,78.3,81.8
הכרמל,59.4,2022-04-27T00:00:00.000Z,59.4,65.1,78.3,78.3,81.8
הכרמל,59.4,2022-04-27T00:00:00.000Z,59.4,65.1,78.3,78.3,81.8
הכרמל,59.4,2022-04-27T00:00:00.000Z,59.4,65.1,78.3,78.3,81.8
הכרמל,59.4,2022-04-27T00:00:00.000Z,59.4,65.1,78.3,78.3,81.8
הכרמל,59.4,2022-04-27T00:00:00.000Z,59.4,65.1,78.3,78.3,81.8
הכרמל,59.4,2022-04-27T00:00:00.000Z,59.4,65.1,78.3,78.3,81.8
הכרמל,59.4,2022-04-27T00:00:00.000Z,59.4,65.1,78.3,78.3,81.8
הכרמל,59.4,2022-04-27T00:00:00.000Z,59.4,65.1,78.3,78.3,81.8
הכרמל,59.4,2022-04-27T00:00:00.000Z,59.4,65.1,78.3,78.3,81.8
הכרמל,59.4,2022-04-27T00:00:00.000Z,59.4,65.1,78.3,78.3,81.8
הכרמל,59.4,2022-04-27T00:00:00.000Z,59.4,65.1,78.3,78.3,81.8
הכרמל,59.4,2022-04-27T00:00:00.000Z,59.4,65.1,78.3,78.3,81.8
הכרמל,59.4,2022-04-27T00:00:00.000Z,59.4,65.1,78.3,78.3,81.8
הכרמל,59.4,2022-04-27T00:00:00.000Z,59.4,65.1,78.3,78.3,81.8
הכרמל,59.4,2022-04-27T00:00:00.000Z,59.4,65.1,78.3,78.3,81.8
הכרמל,59.4,2022-04-27T00:00:00.000Z,59.4,65.1,78.3,78.3,81.8
הכרמל,59.4,2022-04-27T00:00:00.000Z,59.4,65.1,78.3,78.3,81.8
הכרמל,59.4,2022-04-27T00:00:00.000Z,59.4,65.1,78.3,78.3,81.8
הכרמל,59.4,2022-04-27T00:00:00.000Z,59.4,65.1,78.3,78.3,81.8
הכרמל,59.4,2022-04-27T00:00:00.000Z,59.4,65.1,78.3,78.3,81.8
הכרמל,59.4,2022-04-27T00:00:00.000Z,59.4,65.1,78.3,78.3,81.8
הכרמל,59.4,2022-04-27T00:00:00.000Z,59.4,65.1,78.3,78.3,81.8
הכרמל,59.4,2022-04-27T00:00:00.000Z,59.4,65.1,78.3,78.3,81.8
הכרמל,59.4,2022-04-27T00:00:00.000Z,59.4,65.1,78.3,78.3,81.8
הכרמל,59.4,2022-04-27T00:00:00.000Z,59.4,65.1,78.3,78.3,81.8
הכרמל,59.4,2022-04-27T00:00:00.000Z,59.4,65.1,78.3,78.3,81.8
הכרמל,59.4,2022-04-27T00:00:00.000Z,59.4,65.1,78.3,78.3,81.8
הכרמל,59.4,2022-04-27T00:00:00.000Z,59.4,65.1,78.3,78.3,81.8
הכרמל,59.4,2022-04-27T00:00:00.000Z,59.4,65.1,78.3,78.3,81.8
הכרמל,59.4,2022-04-27T00:00:00.000Z,59.4,65.1,78.3,78.3,81.8
הכרמל,59.4,2022-04-27T00:00:00.000Z,59.4,65.1,78.3,78.3,81.8
הכרמל,59.4,2022-04-27T00:00:00.000Z,59.4,65.1,78.3,78.3,81.8
הכרמל,59.4,2022-04-27T00:00:00.000Z,59.4,65.1,78.3,78.3,81.8
הכרמל,59.4,2022-04-27T00:00:00.000Z,59.4,65.1,78.3,78.3,81.8
הכרמל,59.4,2022-04-27T00:00:00.000Z,59.4,65.1,78.3,78.3,81.8
הכרמל,59.4,2022-04-27T00:00:00.000Z,59.4,65.1,78.3,78.3,81.8
הכרמל,59.4,2022-04-27T00:00:00.000Z,59.4,65.1,78.3,78.3,81.8
הכרמל,59.4,2022-04-27T00:00:00.000Z,59.4,65.1,78.3,78.3,81.8
הכרמל,59.4,2022-04-27T00:00:00.000Z,59.4,65.1,78.3,78.3,81.8
הכרמל,59.4,2022-04-27T00:00:00.000Z,59.4,65.1,78.3,78.3,81.8
הכרמל,59.4,2022-04-27T00:00:00.000Z,59.4,65.1,78.3,78.3,81.8
הכרמל,59.4,2022-04-27T00:00:00.000Z,59.4,65.1,78.3,78.3,81.8
הכרמל,59.4,2022-04-27T00:00:00.000Z,59.4,65.1,78.3,78.3,81.8
הכרמל,59.4,2022-04-27T00:00:00.000Z,59.4,65.1,78.3,78.3,81.8
הכרמל,59.4,2022-04-27T00:00:00.000Z,59.4,65.1,78.3,78.3,81.8
הכרמל,59.4,2022-04-27T00:00:00.000Z,59.4,65.1,78.3,78.3,81.8
הכרמל,59.4,2022-04-27T00:00:00.000Z,59.4,65.1,78.3,78.3,81.8
הכרמל,59.4,2022-04-27T00:00:00.000Z,59.4,65.1,78.3,78.3,81.8
הכרמל,59.4,2022-04-27T00:00:00.000Z,59.4,65.1,78.3,78.3,81.8
הכרמל,59.4,2022-04-27T00:00:00.000Z,59.4,65.1,78.3,78.3,81.8
הכרמל,59.4,2022-04-27T00:00:00.000Z,59.4,65.1,78.3,78.3,81.8
רבין ק. בילינסון,120.3,2022-04-27T00:00:00.000Z,120.3,101.3,100.2,100.2,91.5
רבין ק. בילינסון,120.3,2022-04-27T00:00:00.000Z,120.3,101.3,100.2,100.2,91.5
רבין ק. בילינסון,120.3,2022-04-27T00:00:00.000Z,120.3,101.3,100.2,100.2,91.5
רבין ק. בילינסון,120.3,2022-04-27T00:00:00.000Z,120.3,101.3,100.2,100.2,91.5
רבין ק. בילינסון,120.3,2022-04-27T00:00:00.000Z,120.3,101.3,100.2,100.2,91.5
רבין ק. בילינסון,120.3,2022-04-27T00:00:00.000Z,120.3,101.3,100.2,100.2,91.5
רבין ק. בילינסון,120.3,2022-04-27T00:00:00.000Z,120.3,101.3,100.2,100.2,91.5
רבין ק. בילינסון,120.3,2022-04-27T00:00:00.000Z,120.3,101.3,100.2,100.2,91.5
רבין ק. בילינסון,120.3,2022-04-27T00:00:00.000Z,120.3,101.3,100.2,100.2,91.5
רבין ק. בילינסון,120.3,2022-04-27T00:00:00.000Z,120.3,101.3,100.2,100.2,91.5
רבין ק. בילינסון,120.3,2022-04-27T00:00:00.000Z,120.3,101.3,100.2,100.2,91.5
רבין ק. בילינסון,120.3,2022-04-27T00:00:00.000Z,120.3,101.3,100.2,100.2,91.5
רבין ק. בילינסון,120.3,2022-04-27T00:00:00.000Z,120.3,101.3,100.2,100.2,91.5
רבין ק. בילינסון,120.3,2022-04-27T00:00:00.000Z,120.3,101.3,100.2,100.2,91.5
רבין ק. בילינסון,120.3,2022-04-27T00:00:00.000Z,120.3,101.3,100.2,100.2,91.5
רבין ק. בילינסון,120.3,2022-04-27T00:00:00.000Z,120.3,101.3,100.2,100.2,91.5
רבין ק. בילינסון,120.3,2022-04-27T00:00:00.000Z,120.3,101.3,100.2,100.2,91.5
רבין ק. בילינסון,120.3,2022-04-27T00:00:00.000Z,120.3,101.3,100.2,100.2,91.5
רבין ק. בילינסון,120.3,2022-04-27T00:00:00.000Z,120.3,101.3,100.2,100.2,91.5
רבין ק. בילינסון,120.3,2022-04-27T00:00:00.000Z,120.3,101.3,100.2,100.2,91.5
ברזילי,95.3,2022-04-27T00:00:00.000Z,95.7,81.3,91.4,82.9,75.2
ברזילי,95.3,2022-04-27T00:00:00.000Z,95.5,82.1,91.4,83.6,74.9
ברזילי,95.3,2022-04-27T00:00:00.000Z,95.6,82.3,91.4,84.3,74.5
ברזילי,95.3,2022-04-27T00:00:00.000Z,96.9,84,91.4,86,75
ברזילי,95.3,2022-04-27T00:00:00.000Z,97.4,85.6,91.4,88.1,76
ברזילי,95.3,2022-04-27T00:00:00.000Z,96.6,87,91.4,89.5,78.2
ברזילי,95.3,2022-04-27T00:00:00.000Z,96,86.2,91.4,89.8,79
ברזילי,95.3,2022-04-27T00:00:00.000Z,95.3,84.4,91.4,91.4,79.8
ברזילי,95.3,2022-04-27T00:00:00.000Z,95.3,84.4,91.4,91.4,79.8
ברזילי,95.3,2022-04-27T00:00:00.000Z,95.3,84.4,91.4,91.4,79.8
ברזילי,95.3,2022-04-27T00:00:00.000Z,95.3,84.4,91.4,91.4,79.8
ברזילי,95.3,2022-04-27T00:00:00.000Z,95.3,84.4,91.4,91.4,79.8
ברזילי,95.3,2022-04-27T00:00:00.000Z,95.3,84.4,91.4,91.4,79.8
ברזילי,95.3,2022-04-27T00:00:00.000Z,95.3,84.4,91.4,91.4,79.8
ברזילי,95.3,2022-04-27T00:00:00.000Z,95.3,84.4,91.4,91.4,79.8
ברזילי,95.3,2022-04-27T00:00:00.000Z,95.3,84.4,91.4,91.4,79.8
ברזילי,95.3,2022-04-27T00:00:00.000Z,95.3,84.4,91.4,91.4,79.8
ברזילי,95.3,2022-04-27T00:00:00.000Z,95.3,84.4,91.4,91.4,79.8
ברזילי,95.3,2022-04-27T00:00:00.000Z,95.3,84.4,91.4,91.4,79.8
ברזילי,95.3,2022-04-27T00:00:00.000Z,95.3,84.4,91.4,91.4,79.8
ברזילי,95.3,2022-04-27T00:00:00.000Z,95.3,84.4,91.4,91.4,79.8
ברזילי,95.3,2022-04-27T00:00:00.000Z,95.3,84.4,91.4,91.4,79.8
ברזילי,95.3,2022-04-27T00:00:00.000Z,95.3,84.4,91.4,91.4,79.8
ברזילי,95.3,2022-04-27T00:00:00.000Z,95.3,84.4,91.4,91.4,79.8
ברזילי,95.3,2022-04-27T00:00:00.000Z,95.3,84.4,91.4,91.4,79.8
ברזילי,95.3,2022-04-27T00:00:00.000Z,95.3,84.4,91.4,91.4,79.8
ברזילי,95.3,2022-04-27T00:00:00.000Z,95.3,84.4,91.4,91.4,79.8
ברזילי,95.3,2022-04-27T00:00:00.000Z,95.3,84.4,91.4,91.4,79.8
ברזילי,95.3,2022-04-27T00:00:00.000Z,95.3,84.4,91.4,91.4,79.8
ברזילי,95.3,2022-04-27T00:00:00.000Z,95.3,84.4,91.4,91.4,79.8
ברזילי,95.3,2022-04-27T00:00:00.000Z,95.3,84.4,91.4,91.4,79.8
ברזילי,95.3,2022-04-27T00:00:00.000Z,95.3,84.4,91.4,91.4,79.8
ברזילי,95.3,2022-04-27T00:00:00.000Z,95.3,84.4,91.4,91.4,79.8
ברזילי,95.3,2022-04-27T00:00:00.000Z,95.3,84.4,91.4,91.4,79.8
ברזילי,95.3,2022-04-27T00:00:00.000Z,95.3,84.4,91.4,91.4,79.8
ברזילי,95.3,2022-04-27T00:00:00.000Z,95.3,84.4,91.4,91.4,79.8
ברזילי,95.3,2022-04-27T00:00:00.000Z,95.3,84.4,91.4,91.4,79.8
ברזילי,95.3,2022-04-27T00:00:00.000Z,95.3,84.4,91.4,91.4,79.8
ברזילי,95.3,2022-04-27T00:00:00.000Z,95.3,84.4,91.4,91.4,79.8
ברזילי,95.3,2022-04-27T00:00:00.000Z,95.3,84.4,91.4,91.4,79.8
ברזילי,95.3,2022-04-27T00:00:00.000Z,95.3,84.4,91.4,91.4,79.8
ברזילי,95.3,2022-04-27T00:00:00.000Z,95.3,84.4,91.4,91.4,79.8
ברזילי,95.3,2022-04-27T00:00:00.000Z,95.3,84.4,91.4,91.4,79.8
ברזילי,95.3,2022-04-27T00:00:00.000Z,95.3,84.4,91.4,91.4,79.8
ברזילי,95.3,2022-04-27T00:00:00.000Z,95.3,84.4,91.4,91.4,79.8
ברזילי,95.3,2022-04-27T00:00:00.000Z,95.3,84.4,91.4,91.4,79.8
ברזילי,95.3,2022-04-27T00:00:00.000Z,95.3,84.4,91.4,91.4,79.8
ברזילי,95.3,2022-04-27T00:00:00.000Z,95.3,84.4,91.4,91.4,79.8
ברזילי,95.3,2022-04-27T00:00:00.000Z,95.3,84.4,91.4,91.4,79.8
ברזילי,95.3,2022-04-27T00:00:00.000Z,95.3,84.4,91.4,91.4,79.8
ברזילי,95.3,2022-04-27T00:00:00.000Z,95.3,84.4,91.4,91.4,79.8
ברזילי,95.3,2022-04-27T00:00:00.000Z,95.3,84.4,91.4,91.4,79.8
ברזילי,95.3,2022-04-27T00:00:00.000Z,95.3,84.4,91.4,91.4,79.8
ברזילי,95.3,2022-04-27T00:00:00.000Z,95.3,84.4,91.4,91.4,79.8
ברזילי,95.3,2022-04-27T00:00:00.000Z,95.3,84.4,91.4,91.4,79.8
ברזילי,95.3,2022-04-27T00:00:00.000Z,95.3,84.4,91.4,91.4,79.8
ברזילי,95.3,2022-04-27T00:00:00.000Z,95.3,84.4,91.4,91.4,79.8
ברזילי,95.3,2022-04-27T00:00:00.000Z,95.3,84.4,91.4,91.4,79.8
ברזילי,95.3,2022-04-27T00:00:00.000Z,95.3,84.4,91.4,91.4,79.8
ברזילי,95.3,2022-04-27T00:00:00.000Z,95.3,84.4,91.4,91.4,79.8
ברזילי,95.3,2022-04-27T00:00:00.000Z,95.3,84.4,91.4,91.4,79.8
ברזילי,95.3,2022-04-27T00:00:00.000Z,95.3,84.4,91.4,91.4,79.8
ברזילי,95.3,2022-04-27T00:00:00.000Z,95.3,84.4,91.4,91.4,79.8
ברזילי,95.3,2022-04-27T00:00:00.000Z,95.3,84.4,91.4,91.4,79.8
ברזילי,95.3,2022-04-27T00:00:00.000Z,95.3,84.4,91.4,91.4,79.8
ברזילי,95.3,2022-04-27T00:00:00.000Z,95.3,84.4,91.4,91.4,79.8
ברזילי,95.3,2022-04-27T00:00:00.000Z,95.3,84.4,91.4,91.4,79.8
ברזילי,95.3,2022-04-27T00:00:00.000Z,95.3,84.4,91.4,91.4,79.8
ברזילי,95.3,2022-04-27T00:00:00.000Z,95.3,84.4,91.4,91.4,79.8
ברזילי,95.3,2022-04-27T00:00:00.000Z,95.3,84.4,91.4,91.4,79.8
ברזילי,95.3,2022-04-27T00:00:00.000Z,95.3,84.4,91.4,91.4,79.8
ברזילי,95.3,2022-04-27T00:00:00.000Z,95.3,84.4,91.4,91.4,79.8
ברזילי,95.3,2022-04-27T00:00:00.000Z,95.3,84.4,91.4,91.4,79.8
ברזילי,95.3,2022-04-27T00:00:00.000Z,95.3,84.4,91.4,91.4,79.8
ברזילי,95.3,2022-04-27T00:00:00.000Z,95.3,84.4,91.4,91.4,79.8
ברזילי,95.3,2022-04-27T00:00:00.000Z,95.3,84.4,91.4,91.4,79.8
ברזילי,95.3,2022-04-27T00:00:00.000Z,95.3,84.4,91.4,91.4,79.8
ברזילי,95.3,2022-04-27T00:00:00.000Z,95.3,84.4,91.4,91.4,79.8
ברזילי,95.3,2022-04-27T00:00:00.000Z,95.3,84.4,91.4,91.4,79.8
ברזילי,95.3,2022-04-27T00:00:00.000Z,95.3,84.4,91.4,91.4,79.8
ברזילי,95.3,2022-04-27T00:00:00.000Z,95.3,84.4,91.4,91.4,79.8
ברזילי,95.3,2022-04-27T00:00:00.000Z,95.3,84.4,91.4,91.4,79.8
ברזילי,95.3,2022-04-27T00:00:00.000Z,95.3,84.4,91.4,91.4,79.8
ברזילי,95.3,2022-04-27T00:00:00.000Z,95.3,84.4,91.4,91.4,79.8
"רמב""ם",99,2022-04-27T00:00:00.000Z,97.6,97,92.1,89.6,90
"רמב""ם",99,2022-04-27T00:00:00.000Z,97.3,97.4,92.1,89.2,90
"רמב""ם",99,2022-04-27T00:00:00.000Z,97,97.7,92.1,88.2,89.8
"רמב""ם",99,2022-04-27T00:00:00.000Z,97.8,97.9,92.1,88.5,89.9
"רמב""ם",99,2022-04-27T00:00:00.000Z,98.3,97.9,92.1,89.9,90.2
"רמב""ם",99,2022-04-27T00:00:00.000Z,98,97.5,92.1,90.6,91.7
"רמב""ם",99,2022-04-27T00:00:00.000Z,98.1,96.8,92.1,90.4,92.4
"רמב""ם",99,2022-04-27T00:00:00.000Z,99,96.5,92.1,92.1,94
"רמב""ם",99,2022-04-27T00:00:00.000Z,99,96.5,92.1,92.1,94
"רמב""ם",99,2022-04-27T00:00:00.000Z,99,96.5,92.1,92.1,94
"רמב""ם",99,2022-04-27T00:00:00.000Z,99,96.5,92.1,92.1,94
"רמב""ם",99,2022-04-27T00:00:00.000Z,99,96.5,92.1,92.1,94
"רמב""ם",99,2022-04-27T00:00:00.000Z,99,96.5,92.1,92.1,94
"רמב""ם",99,2022-04-27T00:00:00.000Z,99,96.5,92.1,92.1,94
"רמב""ם",99,2022-04-27T00:00:00.000Z,99,96.5,92.1,92.1,94
"רמב""ם",99,2022-04-27T00:00:00.000Z,99,96.5,92.1,92.1,94
שמואל הרופא,75,2022-04-27T00:00:00.000Z,88.5,77.4,75.4,79.3,75.5
שמואל הרופא,75,2022-04-27T00:00:00.000Z,86.1,80.6,75.4,78.3,76.5
שמואל הרופא,75,2022-04-27T00:00:00.000Z,83.7,83.7,75.4,77.7,77.7
שמואל הרופא,75,2022-04-27T00:00:00.000Z,82.1,87.7,75.4,77,79.2
שמואל הרופא,75,2022-04-27T00:00:00.000Z,80.6,90.9,75.4,76.7,80.7
שמואל הרופא,75,2022-04-27T00:00:00.000Z,78.2,95.6,75.4,76.2,82.8
שמואל הרופא,75,2022-04-27T00:00:00.000Z,75.4,100.4,75.4,75.5,84.8
שמואל הרופא,75,2022-04-27T00:00:00.000Z,75,102.8,75.4,75.4,85.6
שמואל הרופא,75,2022-04-27T00:00:00.000Z,75,102.8,75.4,75.4,85.6
שמואל הרופא,75,2022-04-27T00:00:00.000Z,75,102.8,75.4,75.4,85.6
שמואל הרופא,75,2022-04-27T00:00:00.000Z,75,102.8,75.4,75.4,85.6
שמואל הרופא,75,2022-04-27T00:00:00.000Z,75,102.8,75.4,75.4,85.6
שמואל הרופא,75,2022-04-27T00:00:00.000Z,75,102.8,75.4,75.4,85.6
שמואל הרופא,75,2022-04-27T00:00:00.000Z,75,102.8,75.4,75.4,85.6
שמואל הרופא,75,2022-04-27T00:00:00.000Z,75,102.8,75.4,75.4,85.6
שמואל הרופא,75,2022-04-27T00:00:00.000Z,75,102.8,75.4,75.4,85.6
שמואל הרופא,75,2022-04-27T00:00:00.000Z,75,102.8,75.4,75.4,85.6
שמואל הרופא,75,2022-04-27T00:00:00.000Z,75,102.8,75.4,75.4,85.6
שמואל הרופא,75,2022-04-27T00:00:00.000Z,75,102.8,75.4,75.4,85.6
שמואל הרופא,75,2022-04-27T00:00:00.000Z,75,102.8,75.4,75.4,85.6
שמואל הרופא,75,2022-04-27T00:00:00.000Z,75,102.8,75.4,75.4,85.6
שמואל הרופא,75,2022-04-27T00:00:00.000Z,75,102.8,75.4,75.4,85.6
שמואל הרופא,75,2022-04-27T00:00:00.000Z,75,102.8,75.4,75.4,85.6
שמואל הרופא,75,2022-04-27T00:00:00.000Z,75,102.8,75.4,75.4,85.6
שמואל הרופא,75,2022-04-27T00:00:00.000Z,75,102.8,75.4,75.4,85.6
שמואל הרופא,75,2022-04-27T00:00:00.000Z,75,102.8,75.4,75.4,85.6
שמואל הרופא,75,2022-04-27T00:00:00.000Z,75,102.8,75.4,75.4,85.6
שמואל הרופא,75,2022-04-27T00:00:00.000Z,75,102.8,75.4,75.4,85.6
שמואל הרופא,75,2022-04-27T00:00:00.000Z,75,102.8,75.4,75.4,85.6
שמואל הרופא,75,2022-04-27T00:00:00.000Z,75,102.8,75.4,75.4,85.6
שמואל הרופא,75,2022-04-27T00:00:00.000Z,75,102.8,75.4,75.4,85.6
שמואל הרופא,75,2022-04-27T00:00:00.000Z,75,102.8,75.4,75.4,85.6
שמואל הרופא,75,2022-04-27T00:00:00.000Z,75,102.8,75.4,75.4,85.6
שמואל הרופא,75,2022-04-27T00:00:00.000Z,75,102.8,75.4,75.4,85.6
שמואל הרופא,75,2022-04-27T00:00:00.000Z,75,102.8,75.4,75.4,85.6
שמואל הרופא,75,2022-04-27T00:00:00.000Z,75,102.8,75.4,75.4,85.6
שמואל הרופא,75,2022-04-27T00:00:00.000Z,75,102.8,75.4,75.4,85.6
שמואל הרופא,75,2022-04-27T00:00:00.000Z,75,102.8,75.4,75.4,85.6
שמואל הרופא,75,2022-04-27T00:00:00.000Z,75,102.8,75.4,75.4,85.6
שמואל הרופא,75,2022-04-27T00:00:00.000Z,75,102.8,75.4,75.4,85.6
שמואל הרופא,75,2022-04-27T00:00:00.000Z,75,102.8,75.4,75.4,85.6
שמואל הרופא,75,2022-04-27T00:00:00.000Z,75,102.8,75.4,75.4,85.6
שמואל הרופא,75,2022-04-27T00:00:00.000Z,75,102.8,75.4,75.4,85.6
שמואל הרופא,75,2022-04-27T00:00:00.000Z,75,102.8,75.4,75.4,85.6
שמואל הרופא,75,2022-04-27T00:00:00.000Z,75,102.8,75.4,75.4,85.6
שמואל הרופא,75,2022-04-27T00:00:00.000Z,75,102.8,75.4,75.4,85.6
שמואל הרופא,75,2022-04-27T00:00:00.000Z,75,102.8,75.4,75.4,85.6
שמואל הרופא,75,2022-04-27T00:00:00.000Z,75,102.8,75.4,75.4,85.6
שמואל הרופא,75,2022-04-27T00:00:00.000Z,75,102.8,75.4,75.4,85.6
שמואל הרופא,75,2022-04-27T00:00:00.000Z,75,102.8,75.4,75.4,85.6
שמואל הרופא,75,2022-04-27T00:00:00.000Z,75,102.8,75.4,75.4,85.6
שמואל הרופא,75,2022-04-27T00:00:00.000Z,75,102.8,75.4,75.4,85.6
שמואל הרופא,75,2022-04-27T00:00:00.000Z,75,102.8,75.4,75.4,85.6
שמואל הרופא,75,2022-04-27T00:00:00.000Z,75,102.8,75.4,75.4,85.6
שמואל הרופא,75,2022-04-27T00:00:00.000Z,75,102.8,75.4,75.4,85.6
שמואל הרופא,75,2022-04-27T00:00:00.000Z,75,102.8,75.4,75.4,85.6
שמואל הרופא,75,2022-04-27T00:00:00.000Z,75,102.8,75.4,75.4,85.6
שמואל הרופא,75,2022-04-27T00:00:00.000Z,75,102.8,75.4,75.4,85.6
שמואל הרופא,75,2022-04-27T00:00:00.000Z,75,102.8,75.4,75.4,85.6
שמואל הרופא,75,2022-04-27T00:00:00.000Z,75,102.8,75.4,75.4,85.6
שמואל הרופא,75,2022-04-27T00:00:00.000Z,75,102.8,75.4,75.4,85.6
שמואל הרופא,75,2022-04-27T00:00:00.000Z,75,102.8,75.4,75.4,85.6
שמואל הרופא,75,2022-04-27T00:00:00.000Z,75,102.8,75.4,75.4,85.6
שמואל הרופא,75,2022-04-27T00:00:00.000Z,75,102.8,75.4,75.4,85.6
שמואל הרופא,75,2022-04-27T00:00:00.000Z,75,102.8,75.4,75.4,85.6
שמואל הרופא,75,2022-04-27T00:00:00.000Z,75,102.8,75.4,75.4,85.6
שמואל הרופא,75,2022-04-27T00:00:00.000Z,75,102.8,75.4,75.4,85.6
שמואל הרופא,75,2022-04-27T00:00:00.000Z,75,102.8,75.4,75.4,85.6
שמואל הרופא,75,2022-04-27T00:00:00.000Z,75,102.8,75.4,75.4,85.6
שמואל הרופא,75,2022-04-27T00:00:00.000Z,75,102.8,75.4,75.4,85.6
שמואל הרופא,75,2022-04-27T00:00:00.000Z,75,102.8,75.4,75.4,85.6
שמואל הרופא,75,2022-04-27T00:00:00.000Z,75,102.8,75.4,75.4,85.6
שמואל הרופא,75,2022-04-27T00:00:00.000Z,75,102.8,75.4,75.4,85.6
שמואל הרופא,75,2022-04-27T00:00:00.000Z,75,102.8,75.4,75.4,85.6
שמואל הרופא,75,2022-04-27T00:00:00.000Z,75,102.8,75.4,75.4,85.6
שמואל הרופא,75,2022-04-27T00:00:00.000Z,75,102.8,75.4,75.4,85.6
שמואל הרופא,75,2022-04-27T00:00:00.000Z,75,102.8,75.4,75.4,85.6
שמואל הרופא,75,2022-04-27T00:00:00.000Z,75,102.8,75.4,75.4,85.6
שמואל הרופא,75,2022-04-27T00:00:00.000Z,75,102.8,75.4,75.4,85.6
שמואל הרופא,75,2022-04-27T00:00:00.000Z,75,102.8,75.4,75.4,85.6
שמואל הרופא,75,2022-04-27T00:00:00.000Z,75,102.8,75.4,75.4,85.6
שמואל הרופא,75,2022-04-27T00:00:00.000Z,75,102.8,75.4,75.4,85.6
שמואל הרופא,75,2022-04-27T00:00:00.000Z,75,102.8,75.4,75.4,85.6
שמואל הרופא,75,2022-04-27T00:00:00.000Z,75,102.8,75.4,75.4,85.6
שמואל הרופא,75,2022-04-27T00:00:00.000Z,75,102.8,75.4,75.4,85.6
שמואל הרופא,75,2022-04-27T00:00:00.000Z,75,102.8,75.4,75.4,85.6
שמואל הרופא,75,2022-04-27T00:00:00.000Z,75,102.8,75.4,75.4,85.6
שמואל הרופא,75,2022-04-27T00:00:00.000Z,75,102.8,75.4,75.4,85.6
שמואל הרופא,75,2022-04-27T00:00:00.000Z,75,102.8,75.4,75.4,85.6
שמואל הרופא,75,2022-04-27T00:00:00.000Z,75,102.8,75.4,75.4,85.6
שמואל הרופא,75,2022-04-27T00:00:00.000Z,75,102.8,75.4,75.4,85.6
שמואל הרופא,75,2022-04-27T00:00:00.000Z,75,102.8,75.4,75.4,85.6
שמואל הרופא,75,2022-04-27T00:00:00.000Z,75,102.8,75.4,75.4,85.6
שמואל הרופא,75,2022-04-27T00:00:00.000Z,75,102.8,75.4,75.4,85.6
שמואל הרופא,75,2022-04-27T00:00:00.000Z,75,102.8,75.4,75.4,85.6
שמואל הרופא,75,2022-04-27T00:00:00.000Z,75,102.8,75.4,75.4,85.6
שמואל הרופא,75,2022-04-27T00:00:00.000Z,75,102.8,75.4,75.4,85.6
שמואל הרופא,75,2022-04-27T00:00:00.000Z,75,102.8,75.4,75.4,85.6
שמואל הרופא,75,2022-04-27T00:00:00.000Z,75,102.8,75.4,75.4,85.6
שמואל הרופא,75,2022-04-27T00:00:00.000Z,75,102.8,75.4,75.4,85.6
שמואל הרופא,75,2022-04-27T00:00:00.000Z,75,102.8,75.4,75.4,85.6
שמואל הרופא,75,2022-04-27T00:00:00.000Z,75,102.8,75.4,75.4,85.6
שמואל הרופא,75,2022-04-27T00:00:00.000Z,75,102.8,75.4,75.4,85.6
שמואל הרופא,75,2022-04-27T00:00:00.000Z,75,102.8,75.4,75.4,85.6
שמואל הרופא,75,2022-04-27T00:00:00.000Z,75,102.8,75.4,75.4,85.6
שמואל הרופא,75,2022-04-27T00:00:00.000Z,75,102.8,75.4,75.4,85.6
שמואל הרופא,75,2022-04-27T00:00:00.000Z,75,102.8,75.4,75.4,85.6
שמואל הרופא,75,2022-04-27T00:00:00.000Z,75,102.8,75.4,75.4,85.6
שמואל הרופא,75,2022-04-27T00:00:00.000Z,75,102.8,75.4,75.4,85.6
שמואל הרופא,75,2022-04-27T00:00:00.000Z,75,102.8,75.4,75.4,85.6
שמואל הרופא,75,2022-04-27T00:00:00.000Z,75,102.8,75.4,75.4,85.6
שמואל הרופא,75,2022-04-27T00:00:00.000Z,75,102.8,75.4,75.4,85.6
שמואל הרופא,75,2022-04-27T00:00:00.000Z,75,102.8,75.4,75.4,85.6
שמואל הרופא,75,2022-04-27T00:00:00.000Z,75,102.8,75.4,75.4,85.6
שמואל הרופא,75,2022-04-27T00:00:00.000Z,75,102.8,75.4,75.4,85.6
שמואל הרופא,75,2022-04-27T00:00:00.000Z,75,102.8,75.4,75.4,85.6
שמואל הרופא,75,2022-04-27T00:00:00.000Z,75,102.8,75.4,75.4,85.6
שמואל הרופא,75,2022-04-27T00:00:00.000Z,75,102.8,75.4,75.4,85.6
שמואל הרופא,75,2022-04-27T00:00:00.000Z,75,102.8,75.4,75.4,85.6
שמואל הרופא,75,2022-04-27T00:00:00.000Z,75,102.8,75.4,75.4,85.6
שמואל הרופא,75,2022-04-27T00:00:00.000Z,75,102.8,75.4,75.4,85.6
שמואל הרופא,75,2022-04-27T00:00:00.000Z,75,102.8,75.4,75.4,85.6
שמואל הרופא,75,2022-04-27T00:00:00.000Z,75,102.8,75.4,75.4,85.6
שמואל הרופא,75,2022-04-27T00:00:00.000Z,75,102.8,75.4,75.4,85.6
שמואל הרופא,75,2022-04-27T00:00:00.000Z,75,102.8,75.4,75.4,85.6
שמואל הרופא,75,2022-04-27T00:00:00.000Z,75,102.8,75.4,75.4,85.6
שמואל הרופא,75,2022-04-27T00:00:00.000Z,75,102.8,75.4,75.4,85.6
שמואל הרופא,75,2022-04-27T00:00:00.000Z,75,102.8,75.4,75.4,85.6
שמואל הרופא,75,2022-04-27T00:00:00.000Z,75,102.8,75.4,75.4,85.6
שמואל הרופא,75,2022-04-27T00:00:00.000Z,75,102.8,75.4,75.4,85.6
שמואל הרופא,75,2022-04-27T00:00:00.000Z,75,102.8,75.4,75.4,85.6
שמואל הרופא,75,2022-04-27T00:00:00.000Z,75,102.8,75.4,75.4,85.6
שמואל הרופא,75,2022-04-27T00:00:00.000Z,75,102.8,75.4,75.4,85.6
שמואל הרופא,75,2022-04-27T00:00:00.000Z,75,102.8,75.4,75.4,85.6
שמואל הרופא,75,2022-04-27T00:00:00.000Z,75,102.8,75.4,75.4,85.6
שמואל הרופא,75,2022-04-27T00:00:00.000Z,75,102.8,75.4,75.4,85.6
שמואל הרופא,75,2022-04-27T00:00:00.000Z,75,102.8,75.4,75.4,85.6
שמואל הרופא,75,2022-04-27T00:00:00.000Z,75,102.8,75.4,75.4,85.6
שמואל הרופא,75,2022-04-27T00:00:00.000Z,75,102.8,75.4,75.4,85.6
שמואל הרופא,75,2022-04-27T00:00:00.000Z,75,102.8,75.4,75.4,85.6
שמואל הרופא,75,2022-04-27T00:00:00.000Z,75,102.8,75.4,75.4,85.6
שמואל הרופא,75,2022-04-27T00:00:00.000Z,75,102.8,75.4,75.4,85.6
שמואל הרופא,75,2022-04-27T00:00:00.000Z,75,102.8,75.4,75.4,85.6
שמואל הרופא,75,2022-04-27T00:00:00.000Z,75,102.8,75.4,75.4,85.6
שמואל הרופא,75,2022-04-27T00:00:00.000Z,75,102.8,75.4,75.4,85.6
שמואל הרופא,75,2022-04-27T00:00:00.000Z,75,102.8,75.4,75.4,85.6
שמואל הרופא,75,2022-04-27T00:00:00.000Z,75,102.8,75.4,75.4,85.6
שמואל הרופא,75,2022-04-27T00:00:00.000Z,75,102.8,75.4,75.4,85.6
שמואל הרופא,75,2022-04-27T00:00:00.000Z,75,102.8,75.4,75.4,85.6
שמואל הרופא,75,2022-04-27T00:00:00.000Z,75,102.8,75.4,75.4,85.6
שמואל הרופא,75,2022-04-27T00:00:00.000Z,75,102.8,75.4,75.4,85.6
שמואל הרופא,75,2022-04-27T00:00:00.000Z,75,102.8,75.4,75.4,85.6
שמואל הרופא,75,2022-04-27T00:00:00.000Z,75,102.8,75.4,75.4,85.6
שמואל הרופא,75,2022-04-27T00:00:00.000Z,75,102.8,75.4,75.4,85.6
שמואל הרופא,75,2022-04-27T00:00:00.000Z,75,102.8,75.4,75.4,85.6
שמואל הרופא,75,2022-04-27T00:00:00.000Z,75,102.8,75.4,75.4,85.6
שמואל הרופא,75,2022-04-27T00:00:00.000Z,75,102.8,75.4,75.4,85.6
שמואל הרופא,75,2022-04-27T00:00:00.000Z,75,102.8,75.4,75.4,85.6
שמואל הרופא,75,2022-04-27T00:00:00.000Z,75,102.8,75.4,75.4,85.6
שמואל הרופא,75,2022-04-27T00:00:00.000Z,75,102.8,75.4,75.4,85.6
שמואל הרופא,75,2022-04-27T00:00:00.000Z,75,102.8,75.4,75.4,85.6
שמואל הרופא,75,2022-04-27T00:00:00.000Z,75,102.8,75.4,75.4,85.6
שמואל הרופא,75,2022-04-27T00:00:00.000Z,75,102.8,75.4,75.4,85.6
שמואל הרופא,75,2022-04-27T00:00:00.000Z,75,102.8,75.4,75.4,85.6
שמואל הרופא,75,2022-04-27T00:00:00.000Z,75,102.8,75.4,75.4,85.6
שמואל הרופא,75,2022-04-27T00:00:00.000Z,75,102.8,75.4,75.4,85.6
שמואל הרופא,75,2022-04-27T00:00:00.000Z,75,102.8,75.4,75.4,85.6
שמואל הרופא,75,2022-04-27T00:00:00.000Z,75,102.8,75.4,75.4,85.6
שמואל הרופא,75,2022-04-27T00:00:00.000Z,75,102.8,75.4,75.4,85.6
שמואל הרופא,75,2022-04-27T00:00:00.000Z,75,102.8,75.4,75.4,85.6
שמואל הרופא,75,2022-04-27T00:00:00.000Z,75,102.8,75.4,75.4,85.6
שמואל הרופא,75,2022-04-27T00:00:00.000Z,75,102.8,75.4,75.4,85.6
שמואל הרופא,75,2022-04-27T00:00:00.000Z,75,102.8,75.4,75.4,85.6
שמואל הרופא,75,2022-04-27T00:00:00.000Z,75,102.8,75.4,75.4,85.6
שמואל הרופא,75,2022-04-27T00:00:00.000Z,75,102.8,75.4,75.4,85.6
שמואל הרופא,75,2022-04-27T00:00:00.000Z,75,102.8,75.4,75.4,85.6
שמואל הרופא,75,2022-04-27T00:00:00.000Z,75,102.8,75.4,75.4,85.6
שמואל הרופא,75,2022-04-27T00:00:00.000Z,75,102.8,75.4,75.4,85.6
שמואל הרופא,75,2022-04-27T00:00:00.000Z,75,102.8,75.4,75.4,85.6
שמואל הרופא,75,2022-04-27T00:00:00.000Z,75,102.8,75.4,75.4,85.6
שמואל הרופא,75,2022-04-27T00:00:00.000Z,75,102.8,75.4,75.4,85.6
שמואל הרופא,75,2022-04-27T00:00:00.000Z,75,102.8,75.4,75.4,85.6
שמואל הרופא,75,2022-04-27T00:00:00.000Z,75,102.8,75.4,75.4,85.6
ברזילי,95.3,2022-04-27T00:00:00.000Z,95.3,84.4,91.4,91.4,79.8
ברזילי,95.3,2022-04-27T00:00:00.000Z,95.3,84.4,91.4,91.4,79.8
ברזילי,95.3,2022-04-27T00:00:00.000Z,95.3,84.4,91.4,91.4,79.8
ברזילי,95.3,2022-04-27T00:00:00.000Z,95.3,84.4,91.4,91.4,79.8
ברזילי,95.3,2022-04-27T00:00:00.000Z,95.3,84.4,91.4,91.4,79.8
ברזילי,95.3,2022-04-27T00:00:00.000Z,95.3,84.4,91.4,91.4,79.8
ברזילי,95.3,2022-04-27T00:00:00.000Z,95.3,84.4,91.4,91.4,79.8
ברזילי,95.3,2022-04-27T00:00:00.000Z,95.3,84.4,91.4,91.4,79.8
ברזילי,95.3,2022-04-27T00:00:00.000Z,95.3,84.4,91.4,91.4,79.8
ברזילי,95.3,2022-04-27T00:00:00.000Z,95.3,84.4,91.4,91.4,79.8
ברזילי,95.3,2022-04-27T00:00:00.000Z,95.3,84.4,91.4,91.4,79.8
ברזילי,95.3,2022-04-27T00:00:00.000Z,95.3,84.4,91.4,91.4,79.8
ברזילי,95.3,2022-04-27T00:00:00.000Z,95.3,84.4,91.4,91.4,79.8
ברזילי,95.3,2022-04-27T00:00:00.000Z,95.3,84.4,91.4,91.4,79.8
ברזילי,95.3,2022-04-27T00:00:00.000Z,95.3,84.4,91.4,91.4,79.8
ברזילי,95.3,2022-04-27T00:00:00.000Z,95.3,84.4,91.4,91.4,79.8
ברזילי,95.3,2022-04-27T00:00:00.000Z,95.3,84.4,91.4,91.4,79.8
ברזילי,95.3,2022-04-27T00:00:00.000Z,95.3,84.4,91.4,91.4,79.8
ברזילי,95.3,2022-04-27T00:00:00.000Z,95.3,84.4,91.4,91.4,79.8
ברזילי,95.3,2022-04-27T00:00:00.000Z,95.3,84.4,91.4,91.4,79.8
ברזילי,95.3,2022-04-27T00:00:00.000Z,95.3,84.4,91.4,91.4,79.8
ברזילי,95.3,2022-04-27T00:00:00.000Z,95.3,84.4,91.4,91.4,79.8
ברזילי,95.3,2022-04-27T00:00:00.000Z,95.3,84.4,91.4,91.4,79.8
ברזילי,95.3,2022-04-27T00:00:00.000Z,95.3,84.4,91.4,91.4,79.8
ברזילי,95.3,2022-04-27T00:00:00.000Z,95.3,84.4,91.4,91.4,79.8
ברזילי,95.3,2022-04-27T00:00:00.000Z,95.3,84.4,91.4,91.4,79.8
ברזילי,95.3,2022-04-27T00:00:00.000Z,95.3,84.4,91.4,91.4,79.8
ברזילי,95.3,2022-04-27T00:00:00.000Z,95.3,84.4,91.4,91.4,79.8
ברזילי,95.3,2022-04-27T00:00:00.000Z,95.3,84.4,91.4,91.4,79.8
ברזילי,95.3,2022-04-27T00:00:00.000Z,95.3,84.4,91.4,91.4,79.8
ברזילי,95.3,2022-04-27T00:00:00.000Z,95.3,84.4,91.4,91.4,79.8
ברזילי,95.3,2022-04-27T00:00:00.000Z,95.3,84.4,91.4,91.4,79.8
ברזילי,95.3,2022-04-27T00:00:00.000Z,95.3,84.4,91.4,91.4,79.8
ברזילי,95.3,2022-04-27T00:00:00.000Z,95.3,84.4,91.4,91.4,79.8
"רמב""ם",99,2022-04-27T00:00:00.000Z,99,96.5,92.1,92.1,94
"רמב""ם",99,2022-04-27T00:00:00.000Z,99,96.5,92.1,92.1,94
"רמב""ם",99,2022-04-27T00:00:00.000Z,99,96.5,92.1,92.1,94
"רמב""ם",99,2022-04-27T00:00:00.000Z,99,96.5,92.1,92.1,94
"רמב""ם",99,2022-04-27T00:00:00.000Z,99,96.5,92.1,92.1,94
"רמב""ם",99,2022-04-27T00:00:00.000Z,99,96.5,92.1,92.1,94
"רמב""ם",99,2022-04-27T00:00:00.000Z,99,96.5,92.1,92.1,94
"רמב""ם",99,2022-04-27T00:00:00.000Z,99,96.5,92.1,92.1,94
"רמב""ם",99,2022-04-27T00:00:00.000Z,99,96.5,92.1,92.1,94
"רמב""ם",99,2022-04-27T00:00:00.000Z,99,96.5,92.1,92.1,94
"רמב""ם",99,2022-04-27T00:00:00.000Z,99,96.5,92.1,92.1,94
"רמב""ם",99,2022-04-27T00:00:00.000Z,99,96.5,92.1,92.1,94
"רמב""ם",99,2022-04-27T00:00:00.000Z,99,96.5,92.1,92.1,94
"רמב""ם",99,2022-04-27T00:00:00.000Z,99,96.5,92.1,92.1,94
"רמב""ם",99,2022-04-27T00:00:00.000Z,99,96.5,92.1,92.1,94
שמואל הרופא,75,2022-04-27T00:00:00.000Z,75,102.8,75.4,75.4,85.6
שמואל הרופא,75,2022-04-27T00:00:00.000Z,75,102.8,75.4,75.4,85.6
שמואל הרופא,75,2022-04-27T00:00:00.000Z,75,102.8,75.4,75.4,85.6
שמואל הרופא,75,2022-04-27T00:00:00.000Z,75,102.8,75.4,75.4,85.6
שמואל הרופא,75,2022-04-27T00:00:00.000Z,75,102.8,75.4,75.4,85.6
שמואל הרופא,75,2022-04-27T00:00:00.000Z,75,102.8,75.4,75.4,85.6
שמואל הרופא,75,2022-04-27T00:00:00.000Z,75,102.8,75.4,75.4,85.6
שמואל הרופא,75,2022-04-27T00:00:00.000Z,75,102.8,75.4,75.4,85.6
שמואל הרופא,75,2022-04-27T00:00:00.000Z,75,102.8,75.4,75.4,85.6
שמואל הרופא,75,2022-04-27T00:00:00.000Z,75,102.8,75.4,75.4,85.6
שמואל הרופא,75,2022-04-27T00:00:00.000Z,75,102.8,75.4,75.4,85.6
שמואל הרופא,75,2022-04-27T00:00:00.000Z,75,102.8,75.4,75.4,85.6
שמואל הרופא,75,2022-04-27T00:00:00.000Z,75,102.8,75.4,75.4,85.6
שמואל הרופא,75,2022-04-27T00:00:00.000Z,75,102.8,75.4,75.4,85.6
שמואל הרופא,75,2022-04-27T00:00:00.000Z,75,102.8,75.4,75.4,85.6
שמואל הרופא,75,2022-04-27T00:00:00.000Z,75,102.8,75.4,75.4,85.6
שמואל הרופא,75,2022-04-27T00:00:00.000Z,75,102.8,75.4,75.4,85.6
שמואל הרופא,75,2022-04-27T00:00:00.000Z,75,102.8,75.4,75.4,85.6
שמואל הרופא,75,2022-04-27T00:00:00.000Z,75,102.8,75.4,75.4,85.6
שמואל הרופא,75,2022-04-27T00:00:00.000Z,75,102.8,75.4,75.4,85.6
שמואל הרופא,75,2022-04-27T00:00:00.000Z,75,102.8,75.4,75.4,85.6
שמואל הרופא,75,2022-04-27T00:00:00.000Z,75,102.8,75.4,75.4,85.6
שמואל הרופא,75,2022-04-27T00:00:00.000Z,75,102.8,75.4,75.4,85.6
שמואל הרופא,75,2022-04-27T00:00:00.000Z,75,102.8,75.4,75.4,85.6
שמואל הרופא,75,2022-04-27T00:00:00.000Z,75,102.8,75.4,75.4,85.6
שמואל הרופא,75,2022-04-27T00:00:00.000Z,75,102.8,75.4,75.4,85.6
שמואל הרופא,75,2022-04-27T00:00:00.000Z,75,102.8,75.4,75.4,85.6
שמואל הרופא,75,2022-04-27T00:00:00.000Z,75,102.8,75.4,75.4,85.6
שמואל הרופא,75,2022-04-27T00:00:00.000Z,75,102.8,75.4,75.4,85.6
שמואל הרופא,75,2022-04-27T00:00:00.000Z,75,102.8,75.4,75.4,85.6
שמואל הרופא,75,2022-04-27T00:00:00.000Z,75,102.8,75.4,75.4,85.6
שמואל הרופא,75,2022-04-27T00:00:00.000Z,75,102.8,75.4,75.4,85.6
שמואל הרופא,75,2022-04-27T00:00:00.000Z,75,102.8,75.4,75.4,85.6
שמואל הרופא,75,2022-04-27T00:00:00.000Z,75,102.8,75.4,75.4,85.6
שמואל הרופא,75,2022-04-27T00:00:00.000Z,75,102.8,75.4,75.4,85.6
שמואל הרופא,75,2022-04-27T00:00:00.000Z,75,102.8,75.4,75.4,85.6
שמואל הרופא,75,2022-04-27T00:00:00.000Z,75,102.8,75.4,75.4,85.6
שמואל הרופא,75,2022-04-27T00:00:00.000Z,75,102.8,75.4,75.4,85.6
שמואל הרופא,75,2022-04-27T00:00:00.000Z,75,102.8,75.4,75.4,85.6
שמואל הרופא,75,2022-04-27T00:00:00.000Z,75,102.8,75.4,75.4,85.6
שמואל הרופא,75,2022-04-27T00:00:00.000Z,75,102.8,75.4,75.4,85.6
שמואל הרופא,75,2022-04-27T00:00:00.000Z,75,102.8,75.4,75.4,85.6
שמואל הרופא,75,2022-04-27T00:00:00.000Z,75,102.8,75.4,75.4,85.6
שמואל הרופא,75,2022-04-27T00:00:00.000Z,75,102.8,75.4,75.4,85.6
שמואל הרופא,75,2022-04-27T00:00:00.000Z,75,102.8,75.4,75.4,85.6
שמואל הרופא,75,2022-04-27T00:00:00.000Z,75,102.8,75.4,75.4,85.6
שמואל הרופא,75,2022-04-27T00:00:00.000Z,75,102.8,75.4,75.4,85.6
שמואל הרופא,75,2022-04-27T00:00:00.000Z,75,102.8,75.4,75.4,85.6
שמואל הרופא,75,2022-04-27T00:00:00.000Z,75,102.8,75.4,75.4,85.6
שמואל הרופא,75,2022-04-27T00:00:00.000Z,75,102.8,75.4,75.4,85.6
שמואל הרופא,75,2022-04-27T00:00:00.000Z,75,102.8,75.4,75.4,85.6
שמואל הרופא,75,2022-04-27T00:00:00.000Z,75,102.8,75.4,75.4,85.6
שמואל הרופא,75,2022-04-27T00:00:00.000Z,75,102.8,75.4,75.4,85.6
שמואל הרופא,75,2022-04-27T00:00:00.000Z,75,102.8,75.4,75.4,85.6
שמואל הרופא,75,2022-04-27T00:00:00.000Z,75,102.8,75.4,75.4,85.6
שמואל הרופא,75,2022-04-27T00:00:00.000Z,75,102.8,75.4,75.4,85.6
שמואל הרופא,75,2022-04-27T00:00:00.000Z,75,102.8,75.4,75.4,85.6
שמואל הרופא,75,2022-04-27T00:00:00.000Z,75,102.8,75.4,75.4,85.6
שמואל הרופא,75,2022-04-27T00:00:00.000Z,75,102.8,75.4,75.4,85.6
שמואל הרופא,75,2022-04-27T00:00:00.000Z,75,102.8,75.4,75.4,85.6
שמואל הרופא,75,2022-04-27T00:00:00.000Z,75,102.8,75.4,75.4,85.6
שמואל הרופא,75,2022-04-27T00:00:00.000Z,75,102.8,75.4,75.4,85.6
שמואל הרופא,75,2022-04-27T00:00:00.000Z,75,102.8,75.4,75.4,85.6
שמואל הרופא,75,2022-04-27T00:00:00.000Z,75,102.8,75.4,75.4,85.6
איכילוב,88.7,2022-04-27T00:00:00.000Z,88.7,89.3,123.3,123.3,118
איכילוב,88.7,2022-04-27T00:00:00.000Z,88.7,89.3,123.3,123.3,118
איכילוב,88.7,2022-04-27T00:00:00.000Z,88.7,89.3,123.3,123.3,118
איכילוב,88.7,2022-04-27T00:00:00.000Z,88.7,89.3,123.3,123.3,118
איכילוב,88.7,2022-04-27T00:00:00.000Z,88.7,89.3,123.3,123.3,118
איכילוב,88.7,2022-04-27T00:00:00.000Z,88.7,89.3,123.3,123.3,118
איכילוב,88.7,2022-04-27T00:00:00.000Z,88.7,89.3,123.3,123.3,118
איכילוב,88.7,2022-04-27T00:00:00.000Z,88.7,89.3,123.3,123.3,118
איכילוב,88.7,2022-04-27T00:00:00.000Z,88.7,89.3,123.3,123.3,118
איכילוב,88.7,2022-04-27T00:00:00.000Z,88.7,89.3,123.3,123.3,118
איכילוב,88.7,2022-04-27T00:00:00.000Z,88.7,89.3,123.3,123.3,118
איכילוב,88.7,2022-04-27T00:00:00.000Z,88.7,89.3,123.3,123.3,118
איכילוב,88.7,2022-04-27T00:00:00.000Z,88.7,89.3,123.3,123.3,118
איכילוב,88.7,2022-04-27T00:00:00.000Z,88.7,89.3,123.3,123.3,118
איכילוב,88.7,2022-04-27T00:00:00.000Z,88.7,89.3,123.3,123.3,118
איכילוב,88.7,2022-04-27T00:00:00.000Z,88.7,89.3,123.3,123.3,118
איכילוב,88.7,2022-04-27T00:00:00.000Z,88.7,89.3,123.3,123.3,118
איכילוב,88.7,2022-04-27T00:00:00.000Z,88.7,89.3,123.3,123.3,118
איכילוב,88.7,2022-04-27T00:00:00.000Z,88.7,89.3,123.3,123.3,118
איכילוב,88.7,2022-04-27T00:00:00.000Z,88.7,89.3,123.3,123.3,118
איכילוב,88.7,2022-04-27T00:00:00.000Z,88.7,89.3,123.3,123.3,118
איכילוב,88.7,2022-04-27T00:00:00.000Z,88.7,89.3,123.3,123.3,118
איכילוב,88.7,2022-04-27T00:00:00.000Z,88.7,89.3,123.3,123.3,118
איכילוב,88.7,2022-04-27T00:00:00.000Z,88.7,89.3,123.3,123.3,118
איכילוב,88.7,2022-04-27T00:00:00.000Z,88.7,89.3,123.3,123.3,118
איכילוב,88.7,2022-04-27T00:00:00.000Z,88.7,89.3,123.3,123.3,118
איכילוב,88.7,2022-04-27T00:00:00.000Z,88.7,89.3,123.3,123.3,118
איכילוב,88.7,2022-04-27T00:00:00.000Z,88.7,89.3,123.3,123.3,118
איכילוב,88.7,2022-04-27T00:00:00.000Z,88.7,89.3,123.3,123.3,118
איכילוב,88.7,2022-04-27T00:00:00.000Z,88.7,89.3,123.3,123.3,118
איכילוב,88.7,2022-04-27T00:00:00.000Z,88.7,89.3,123.3,123.3,118
איכילוב,88.7,2022-04-27T00:00:00.000Z,88.7,89.3,123.3,123.3,118
איכילוב,88.7,2022-04-27T00:00:00.000Z,88.7,89.3,123.3,123.3,118
איכילוב,88.7,2022-04-27T00:00:00.000Z,88.7,89.3,123.3,123.3,118
איכילוב,88.7,2022-04-27T00:00:00.000Z,88.7,89.3,123.3,123.3,118
איכילוב,88.7,2022-04-27T00:00:00.000Z,88.7,89.3,123.3,123.3,118
איכילוב,88.7,2022-04-27T00:00:00.000Z,88.7,89.3,123.3,123.3,118
איכילוב,88.7,2022-04-27T00:00:00.000Z,88.7,89.3,123.3,123.3,118
איכילוב,88.7,2022-04-27T00:00:00.000Z,88.7,89.3,123.3,123.3,118
איכילוב,88.7,2022-04-27T00:00:00.000Z,88.7,89.3,123.3,123.3,118
איכילוב,88.7,2022-04-27T00:00:00.000Z,88.7,89.3,123.3,123.3,118
איכילוב,88.7,2022-04-27T00:00:00.000Z,88.7,89.3,123.3,123.3,118
איכילוב,88.7,2022-04-27T00:00:00.000Z,88.7,89.3,123.3,123.3,118
איכילוב,88.7,2022-04-27T00:00:00.000Z,88.7,89.3,123.3,123.3,118
איכילוב,88.7,2022-04-27T00:00:00.000Z,88.7,89.3,123.3,123.3,118
רבין ק. השרון,57.9,2022-04-27T00:00:00.000Z,57.4,66.3,70.5,58,57
רבין ק. השרון,57.9,2022-04-27T00:00:00.000Z,56.1,65.5,70.5,57.6,57.7
רבין ק. השרון,57.9,2022-04-27T00:00:00.000Z,56.5,65.5,70.5,58.6,59.3
רבין ק. השרון,57.9,2022-04-27T00:00:00.000Z,57.6,64.5,70.5,60.8,60.4
רבין ק. השרון,57.9,2022-04-27T00:00:00.000Z,59.1,63.7,70.5,65.2,62.5
רבין ק. השרון,57.9,2022-04-27T00:00:00.000Z,59.1,62.8,70.5,67.9,65.4
רבין ק. השרון,57.9,2022-04-27T00:00:00.000Z,58.9,60.5,70.5,68.5,66.8
רבין ק. השרון,57.9,2022-04-27T00:00:00.000Z,57.9,62.3,70.5,70.5,71
רבין ק. השרון,57.9,2022-04-27T00:00:00.000Z,57.9,62.3,70.5,70.5,71
רבין ק. השרון,57.9,2022-04-27T00:00:00.000Z,57.9,62.3,70.5,70.5,71
איכילוב,88.7,2022-04-27T00:00:00.000Z,88.7,89.3,123.3,123.3,118
איכילוב,88.7,2022-04-27T00:00:00.000Z,88.7,89.3,123.3,123.3,118
איכילוב,88.7,2022-04-27T00:00:00.000Z,88.7,89.3,123.3,123.3,118
איכילוב,88.7,2022-04-27T00:00:00.000Z,88.7,89.3,123.3,123.3,118
איכילוב,88.7,2022-04-27T00:00:00.000Z,88.7,89.3,123.3,123.3,118
איכילוב,88.7,2022-04-27T00:00:00.000Z,88.7,89.3,123.3,123.3,118
איכילוב,88.7,2022-04-27T00:00:00.000Z,88.7,89.3,123.3,123.3,118
איכילוב,88.7,2022-04-27T00:00:00.000Z,88.7,89.3,123.3,123.3,118
איכילוב,88.7,2022-04-27T00:00:00.000Z,88.7,89.3,123.3,123.3,118
איכילוב,88.7,2022-04-27T00:00:00.000Z,88.7,89.3,123.3,123.3,118
איכילוב,88.7,2022-04-27T00:00:00.000Z,88.7,89.3,123.3,123.3,118
איכילוב,88.7,2022-04-27T00:00:00.000Z,88.7,89.3,123.3,123.3,118
איכילוב,88.7,2022-04-27T00:00:00.000Z,88.7,89.3,123.3,123.3,118
איכילוב,88.7,2022-04-27T00:00:00.000Z,88.7,89.3,123.3,123.3,118
איכילוב,88.7,2022-04-27T00:00:00.000Z,88.7,89.3,123.3,123.3,118
איכילוב,88.7,2022-04-27T00:00:00.000Z,88.7,89.3,123.3,123.3,118
איכילוב,88.7,2022-04-27T00:00:00.000Z,88.7,89.3,123.3,123.3,118
איכילוב,88.7,2022-04-27T00:00:00.000Z,88.7,89.3,123.3,123.3,118
איכילוב,88.7,2022-04-27T00:00:00.000Z,88.7,89.3,123.3,123.3,118
איכילוב,88.7,2022-04-27T00:00:00.000Z,88.7,89.3,123.3,123.3,118
איכילוב,88.7,2022-04-27T00:00:00.000Z,88.7,89.3,123.3,123.3,118
איכילוב,88.7,2022-04-27T00:00:00.000Z,88.7,89.3,123.3,123.3,118
איכילוב,88.7,2022-04-27T00:00:00.000Z,88.7,89.3,123.3,123.3,118
איכילוב,88.7,2022-04-27T00:00:00.000Z,88.7,89.3,123.3,123.3,118
איכילוב,88.7,2022-04-27T00:00:00.000Z,88.7,89.3,123.3,123.3,118
איכילוב,88.7,2022-04-27T00:00:00.000Z,88.7,89.3,123.3,123.3,118
איכילוב,88.7,2022-04-27T00:00:00.000Z,88.7,89.3,123.3,123.3,118
איכילוב,88.7,2022-04-27T00:00:00.000Z,88.7,89.3,123.3,123.3,118
איכילוב,88.7,2022-04-27T00:00:00.000Z,88.7,89.3,123.3,123.3,118
איכילוב,88.7,2022-04-27T00:00:00.000Z,88.7,89.3,123.3,123.3,118
איכילוב,88.7,2022-04-27T00:00:00.000Z,88.7,89.3,123.3,123.3,118
איכילוב,88.7,2022-04-27T00:00:00.000Z,88.7,89.3,123.3,123.3,118
איכילוב,88.7,2022-04-27T00:00:00.000Z,88.7,89.3,123.3,123.3,118
איכילוב,88.7,2022-04-27T00:00:00.000Z,88.7,89.3,123.3,123.3,118
איכילוב,88.7,2022-04-27T00:00:00.000Z,88.7,89.3,123.3,123.3,118
איכילוב,88.7,2022-04-27T00:00:00.000Z,88.7,89.3,123.3,123.3,118
איכילוב,88.7,2022-04-27T00:00:00.000Z,88.7,89.3,123.3,123.3,118
איכילוב,88.7,2022-04-27T00:00:00.000Z,88.7,89.3,123.3,123.3,118
איכילוב,88.7,2022-04-27T00:00:00.000Z,88.7,89.3,123.3,123.3,118
איכילוב,88.7,2022-04-27T00:00:00.000Z,88.7,89.3,123.3,123.3,118
איכילוב,88.7,2022-04-27T00:00:00.000Z,88.7,89.3,123.3,123.3,118
איכילוב,88.7,2022-04-27T00:00:00.000Z,88.7,89.3,123.3,123.3,118
איכילוב,88.7,2022-04-27T00:00:00.000Z,88.7,89.3,123.3,123.3,118
איכילוב,88.7,2022-04-27T00:00:00.000Z,88.7,89.3,123.3,123.3,118
איכילוב,88.7,2022-04-27T00:00:00.000Z,88.7,89.3,123.3,123.3,118
איכילוב,88.7,2022-04-27T00:00:00.000Z,88.7,89.3,123.3,123.3,118
איכילוב,88.7,2022-04-27T00:00:00.000Z,88.7,89.3,123.3,123.3,118
איכילוב,88.7,2022-04-27T00:00:00.000Z,88.7,89.3,123.3,123.3,118
איכילוב,88.7,2022-04-27T00:00:00.000Z,88.7,89.3,123.3,123.3,118
איכילוב,88.7,2022-04-27T00:00:00.000Z,88.7,89.3,123.3,123.3,118
איכילוב,88.7,2022-04-27T00:00:00.000Z,88.7,89.3,123.3,123.3,118
איכילוב,88.7,2022-04-27T00:00:00.000Z,88.7,89.3,123.3,123.3,118
איכילוב,88.7,2022-04-27T00:00:00.000Z,88.7,89.3,123.3,123.3,118
איכילוב,88.7,2022-04-27T00:00:00.000Z,88.7,89.3,123.3,123.3,118
איכילוב,88.7,2022-04-27T00:00:00.000Z,88.7,89.3,123.3,123.3,118
איכילוב,88.7,2022-04-27T00:00:00.000Z,88.7,89.3,123.3,123.3,118
איכילוב,88.7,2022-04-27T00:00:00.000Z,88.7,89.3,123.3,123.3,118
איכילוב,88.7,2022-04-27T00:00:00.000Z,88.7,89.3,123.3,123.3,118
איכילוב,88.7,2022-04-27T00:00:00.000Z,88.7,89.3,123.3,123.3,118
איכילוב,88.7,2022-04-27T00:00:00.000Z,88.7,89.3,123.3,123.3,118
איכילוב,88.7,2022-04-27T00:00:00.000Z,88.7,89.3,123.3,123.3,118
איכילוב,88.7,2022-04-27T00:00:00.000Z,88.7,89.3,123.3,123.3,118
איכילוב,88.7,2022-04-27T00:00:00.000Z,88.7,89.3,123.3,123.3,118
איכילוב,88.7,2022-04-27T00:00:00.000Z,88.7,89.3,123.3,123.3,118
איכילוב,88.7,2022-04-27T00:00:00.000Z,88.7,89.3,123.3,123.3,118
איכילוב,88.7,2022-04-27T00:00:00.000Z,88.7,89.3,123.3,123.3,118
איכילוב,88.7,2022-04-27T00:00:00.000Z,88.7,89.3,123.3,123.3,118
איכילוב,88.7,2022-04-27T00:00:00.000Z,88.7,89.3,123.3,123.3,118
איכילוב,88.7,2022-04-27T00:00:00.000Z,88.7,89.3,123.3,123.3,118
איכילוב,88.7,2022-04-27T00:00:00.000Z,88.7,89.3,123.3,123.3,118
איכילוב,88.7,2022-04-27T00:00:00.000Z,88.7,89.3,123.3,123.3,118
איכילוב,88.7,2022-04-27T00:00:00.000Z,88.7,89.3,123.3,123.3,118
איכילוב,88.7,2022-04-27T00:00:00.000Z,88.7,89.3,123.3,123.3,118
איכילוב,88.7,2022-04-27T00:00:00.000Z,88.7,89.3,123.3,123.3,118
איכילוב,88.7,2022-04-27T00:00:00.000Z,88.7,89.3,123.3,123.3,118
איכילוב,88.7,2022-04-27T00:00:00.000Z,88.7,89.3,123.3,123.3,118
איכילוב,88.7,2022-04-27T00:00:00.000Z,88.7,89.3,123.3,123.3,118
איכילוב,88.7,2022-04-27T00:00:00.000Z,88.7,89.3,123.3,123.3,118
איכילוב,88.7,2022-04-27T00:00:00.000Z,88.7,89.3,123.3,123.3,118
איכילוב,88.7,2022-04-27T00:00:00.000Z,88.7,89.3,123.3,123.3,118
איכילוב,88.7,2022-04-27T00:00:00.000Z,88.7,89.3,123.3,123.3,118
איכילוב,88.7,2022-04-27T00:00:00.000Z,88.7,89.3,123.3,123.3,118
איכילוב,88.7,2022-04-27T00:00:00.000Z,88.7,89.3,123.3,123.3,118
איכילוב,88.7,2022-04-27T00:00:00.000Z,88.7,89.3,123.3,123.3,118
איכילוב,88.7,2022-04-27T00:00:00.000Z,88.7,89.3,123.3,123.3,118
איכילוב,88.7,2022-04-27T00:00:00.000Z,88.7,89.3,123.3,123.3,118
איכילוב,88.7,2022-04-27T00:00:00.000Z,88.7,89.3,123.3,123.3,118
איכילוב,88.7,2022-04-27T00:00:00.000Z,88.7,89.3,123.3,123.3,118
איכילוב,88.7,2022-04-27T00:00:00.000Z,88.7,89.3,123.3,123.3,118
איכילוב,88.7,2022-04-27T00:00:00.000Z,88.7,89.3,123.3,123.3,118
איכילוב,88.7,2022-04-27T00:00:00.000Z,88.7,89.3,123.3,123.3,118
איכילוב,88.7,2022-04-27T00:00:00.000Z,88.7,89.3,123.3,123.3,118
איכילוב,88.7,2022-04-27T00:00:00.000Z,88.7,89.3,123.3,123.3,118
איכילוב,88.7,2022-04-27T00:00:00.000Z,88.7,89.3,123.3,123.3,118
איכילוב,88.7,2022-04-27T00:00:00.000Z,88.7,89.3,123.3,123.3,118
איכילוב,88.7,2022-04-27T00:00:00.000Z,88.7,89.3,123.3,123.3,118
איכילוב,88.7,2022-04-27T00:00:00.000Z,88.7,89.3,123.3,123.3,118
איכילוב,88.7,2022-04-27T00:00:00.000Z,88.7,89.3,123.3,123.3,118
איכילוב,88.7,2022-04-27T00:00:00.000Z,88.7,89.3,123.3,123.3,118
איכילוב,88.7,2022-04-27T00:00:00.000Z,88.7,89.3,123.3,123.3,118
איכילוב,88.7,2022-04-27T00:00:00.000Z,88.7,89.3,123.3,123.3,118
איכילוב,88.7,2022-04-27T00:00:00.000Z,88.7,89.3,123.3,123.3,118
רבין ק. השרון,57.9,2022-04-27T00:00:00.000Z,57.9,62.3,70.5,70.5,71
רבין ק. השרון,57.9,2022-04-27T00:00:00.000Z,57.9,62.3,70.5,70.5,71
רבין ק. השרון,57.9,2022-04-27T00:00:00.000Z,57.9,62.3,70.5,70.5,71
רבין ק. השרון,57.9,2022-04-27T00:00:00.000Z,57.9,62.3,70.5,70.5,71
רבין ק. השרון,57.9,2022-04-27T00:00:00.000Z,57.9,62.3,70.5,70.5,71
רבין ק. השרון,57.9,2022-04-27T00:00:00.000Z,57.9,62.3,70.5,70.5,71
רבין ק. השרון,57.9,2022-04-27T00:00:00.000Z,57.9,62.3,70.5,70.5,71
רבין ק. השרון,57.9,2022-04-27T00:00:00.000Z,57.9,62.3,70.5,70.5,71
רבין ק. השרון,57.9,2022-04-27T00:00:00.000Z,57.9,62.3,70.5,70.5,71
רבין ק. השרון,57.9,2022-04-27T00:00:00.000Z,57.9,62.3,70.5,70.5,71
רבין ק. השרון,57.9,2022-04-27T00:00:00.000Z,57.9,62.3,70.5,70.5,71
רבין ק. השרון,57.9,2022-04-27T00:00:00.000Z,57.9,62.3,70.5,70.5,71
רבין ק. השרון,57.9,2022-04-27T00:00:00.000Z,57.9,62.3,70.5,70.5,71
רבין ק. השרון,57.9,2022-04-27T00:00:00.000Z,57.9,62.3,70.5,70.5,71
רבין ק. השרון,57.9,2022-04-27T00:00:00.000Z,57.9,62.3,70.5,70.5,71
רבין ק. השרון,57.9,2022-04-27T00:00:00.000Z,57.9,62.3,70.5,70.5,71
רבין ק. השרון,57.9,2022-04-27T00:00:00.000Z,57.9,62.3,70.5,70.5,71
רבין ק. השרון,57.9,2022-04-27T00:00:00.000Z,57.9,62.3,70.5,70.5,71
איכילוב,88.7,2022-04-27T00:00:00.000Z,88.7,89.3,123.3,123.3,118
איכילוב,88.7,2022-04-27T00:00:00.000Z,88.7,89.3,123.3,123.3,118
איכילוב,88.7,2022-04-27T00:00:00.000Z,88.7,89.3,123.3,123.3,118
איכילוב,88.7,2022-04-27T00:00:00.000Z,88.7,89.3,123.3,123.3,118
איכילוב,88.7,2022-04-27T00:00:00.000Z,88.7,89.3,123.3,123.3,118
איכילוב,88.7,2022-04-27T00:00:00.000Z,88.7,89.3,123.3,123.3,118
איכילוב,88.7,2022-04-27T00:00:00.000Z,88.7,89.3,123.3,123.3,118
איכילוב,88.7,2022-04-27T00:00:00.000Z,88.7,89.3,123.3,123.3,118
איכילוב,88.7,2022-04-27T00:00:00.000Z,88.7,89.3,123.3,123.3,118
איכילוב,88.7,2022-04-27T00:00:00.000Z,88.7,89.3,123.3,123.3,118
איכילוב,88.7,2022-04-27T00:00:00.000Z,88.7,89.3,123.3,123.3,118
איכילוב,88.7,2022-04-27T00:00:00.000Z,88.7,89.3,123.3,123.3,118
איכילוב,88.7,2022-04-27T00:00:00.000Z,88.7,89.3,123.3,123.3,118
איכילוב,88.7,2022-04-27T00:00:00.000Z,88.7,89.3,123.3,123.3,118
איכילוב,88.7,2022-04-27T00:00:00.000Z,88.7,89.3,123.3,123.3,118
איכילוב,88.7,2022-04-27T00:00:00.000Z,88.7,89.3,123.3,123.3,118
איכילוב,88.7,2022-04-27T00:00:00.000Z,88.7,89.3,123.3,123.3,118
איכילוב,88.7,2022-04-27T00:00:00.000Z,88.7,89.3,123.3,123.3,118
איכילוב,88.7,2022-04-27T00:00:00.000Z,88.7,89.3,123.3,123.3,118
איכילוב,88.7,2022-04-27T00:00:00.000Z,88.7,89.3,123.3,123.3,118
איכילוב,88.7,2022-04-27T00:00:00.000Z,88.7,89.3,123.3,123.3,118
איכילוב,88.7,2022-04-27T00:00:00.000Z,88.7,89.3,123.3,123.3,118
איכילוב,88.7,2022-04-27T00:00:00.000Z,88.7,89.3,123.3,123.3,118
איכילוב,88.7,2022-04-27T00:00:00.000Z,88.7,89.3,123.3,123.3,118
איכילוב,88.7,2022-04-27T00:00:00.000Z,88.7,89.3,123.3,123.3,118
איכילוב,88.7,2022-04-27T00:00:00.000Z,88.7,89.3,123.3,123.3,118
איכילוב,88.7,2022-04-27T00:00:00.000Z,88.7,89.3,123.3,123.3,118
איכילוב,88.7,2022-04-27T00:00:00.000Z,88.7,89.3,123.3,123.3,118
איכילוב,88.7,2022-04-27T00:00:00.000Z,88.7,89.3,123.3,123.3,118
איכילוב,88.7,2022-04-27T00:00:00.000Z,88.7,89.3,123.3,123.3,118
איכילוב,88.7,2022-04-27T00:00:00.000Z,88.7,89.3,123.3,123.3,118
איכילוב,88.7,2022-04-27T00:00:00.000Z,88.7,89.3,123.3,123.3,118
איכילוב,88.7,2022-04-27T00:00:00.000Z,88.7,89.3,123.3,123.3,118
איכילוב,88.7,2022-04-27T00:00:00.000Z,88.7,89.3,123.3,123.3,118
איכילוב,88.7,2022-04-27T00:00:00.000Z,88.7,89.3,123.3,123.3,118
איכילוב,88.7,2022-04-27T00:00:00.000Z,88.7,89.3,123.3,123.3,118
איכילוב,88.7,2022-04-27T00:00:00.000Z,88.7,89.3,123.3,123.3,118
איכילוב,88.7,2022-04-27T00:00:00.000Z,88.7,89.3,123.3,123.3,118
איכילוב,88.7,2022-04-27T00:00:00.000Z,88.7,89.3,123.3,123.3,118
איכילוב,88.7,2022-04-27T00:00:00.000Z,88.7,89.3,123.3,123.3,118
איכילוב,88.7,2022-04-27T00:00:00.000Z,88.7,89.3,123.3,123.3,118
איכילוב,88.7,2022-04-27T00:00:00.000Z,88.7,89.3,123.3,123.3,118
איכילוב,88.7,2022-04-27T00:00:00.000Z,88.7,89.3,123.3,123.3,118
איכילוב,88.7,2022-04-27T00:00:00.000Z,88.7,89.3,123.3,123.3,118
איכילוב,88.7,2022-04-27T00:00:00.000Z,88.7,89.3,123.3,123.3,118
איכילוב,88.7,2022-04-27T00:00:00.000Z,88.7,89.3,123.3,123.3,118
איכילוב,88.7,2022-04-27T00:00:00.000Z,88.7,89.3,123.3,123.3,118
איכילוב,88.7,2022-04-27T00:00:00.000Z,88.7,89.3,123.3,123.3,118
איכילוב,88.7,2022-04-27T00:00:00.000Z,88.7,89.3,123.3,123.3,118
איכילוב,88.7,2022-04-27T00:00:00.000Z,88.7,89.3,123.3,123.3,118
איכילוב,88.7,2022-04-27T00:00:00.000Z,88.7,89.3,123.3,123.3,118
איכילוב,88.7,2022-04-27T00:00:00.000Z,88.7,89.3,123.3,123.3,118
איכילוב,88.7,2022-04-27T00:00:00.000Z,88.7,89.3,123.3,123.3,118
איכילוב,88.7,2022-04-27T00:00:00.000Z,88.7,89.3,123.3,123.3,118
איכילוב,88.7,2022-04-27T00:00:00.000Z,88.7,89.3,123.3,123.3,118
איכילוב,88.7,2022-04-27T00:00:00.000Z,88.7,89.3,123.3,123.3,118
איכילוב,88.7,2022-04-27T00:00:00.000Z,88.7,89.3,123.3,123.3,118
איכילוב,88.7,2022-04-27T00:00:00.000Z,88.7,89.3,123.3,123.3,118
איכילוב,88.7,2022-04-27T00:00:00.000Z,88.7,89.3,123.3,123.3,118
איכילוב,88.7,2022-04-27T00:00:00.000Z,88.7,89.3,123.3,123.3,118
איכילוב,88.7,2022-04-27T00:00:00.000Z,88.7,89.3,123.3,123.3,118
איכילוב,88.7,2022-04-27T00:00:00.000Z,88.7,89.3,123.3,123.3,118
איכילוב,88.7,2022-04-27T00:00:00.000Z,88.7,89.3,123.3,123.3,118
איכילוב,88.7,2022-04-27T00:00:00.000Z,88.7,89.3,123.3,123.3,118
איכילוב,88.7,2022-04-27T00:00:00.000Z,88.7,89.3,123.3,123.3,118
איכילוב,88.7,2022-04-27T00:00:00.000Z,88.7,89.3,123.3,123.3,118
איכילוב,88.7,2022-04-27T00:00:00.000Z,88.7,89.3,123.3,123.3,118
איכילוב,88.7,2022-04-27T00:00:00.000Z,88.7,89.3,123.3,123.3,118
איכילוב,88.7,2022-04-27T00:00:00.000Z,88.7,89.3,123.3,123.3,118
איכילוב,88.7,2022-04-27T00:00:00.000Z,88.7,89.3,123.3,123.3,118
איכילוב,88.7,2022-04-27T00:00:00.000Z,88.7,89.3,123.3,123.3,118
איכילוב,88.7,2022-04-27T00:00:00.000Z,88.7,89.3,123.3,123.3,118
איכילוב,88.7,2022-04-27T00:00:00.000Z,88.7,89.3,123.3,123.3,118
איכילוב,88.7,2022-04-27T00:00:00.000Z,88.7,89.3,123.3,123.3,118
איכילוב,88.7,2022-04-27T00:00:00.000Z,88.7,89.3,123.3,123.3,118
איכילוב,88.7,2022-04-27T00:00:00.000Z,88.7,89.3,123.3,123.3,118
איכילוב,88.7,2022-04-27T00:00:00.000Z,88.7,89.3,123.3,123.3,118
איכילוב,88.7,2022-04-27T00:00:00.000Z,88.7,89.3,123.3,123.3,118
איכילוב,88.7,2022-04-27T00:00:00.000Z,88.7,89.3,123.3,123.3,118
איכילוב,88.7,2022-04-27T00:00:00.000Z,88.7,89.3,123.3,123.3,118
איכילוב,88.7,2022-04-27T00:00:00.000Z,88.7,89.3,123.3,123.3,118
איכילוב,88.7,2022-04-27T00:00:00.000Z,88.7,89.3,123.3,123.3,118
איכילוב,88.7,2022-04-27T00:00:00.000Z,88.7,89.3,123.3,123.3,118
איכילוב,88.7,2022-04-27T00:00:00.000Z,88.7,89.3,123.3,123.3,118
איכילוב,88.7,2022-04-27T00:00:00.000Z,88.7,89.3,123.3,123.3,118
איכילוב,88.7,2022-04-27T00:00:00.000Z,88.7,89.3,123.3,123.3,118
איכילוב,88.7,2022-04-27T00:00:00.000Z,88.7,89.3,123.3,123.3,118
איכילוב,88.7,2022-04-27T00:00:00.000Z,88.7,89.3,123.3,123.3,118
איכילוב,88.7,2022-04-27T00:00:00.000Z,88.7,89.3,123.3,123.3,118
איכילוב,88.7,2022-04-27T00:00:00.000Z,88.7,89.3,123.3,123.3,118
איכילוב,88.7,2022-04-27T00:00:00.000Z,88.7,89.3,123.3,123.3,118
איכילוב,88.7,2022-04-27T00:00:00.000Z,88.7,89.3,123.3,123.3,118
איכילוב,88.7,2022-04-27T00:00:00.000Z,88.7,89.3,123.3,123.3,118
איכילוב,88.7,2022-04-27T00:00:00.000Z,88.7,89.3,123.3,123.3,118
איכילוב,88.7,2022-04-27T00:00:00.000Z,88.7,89.3,123.3,123.3,118
איכילוב,88.7,2022-04-27T00:00:00.000Z,88.7,89.3,123.3,123.3,118
איכילוב,88.7,2022-04-27T00:00:00.000Z,88.7,89.3,123.3,123.3,118
איכילוב,88.7,2022-04-27T00:00:00.000Z,88.7,89.3,123.3,123.3,118
איכילוב,88.7,2022-04-27T00:00:00.000Z,88.7,89.3,123.3,123.3,118
איכילוב,88.7,2022-04-27T00:00:00.000Z,88.7,89.3,123.3,123.3,118
רבין ק. השרון,57.9,2022-04-27T00:00:00.000Z,57.9,62.3,70.5,70.5,71
רבין ק. השרון,57.9,2022-04-27T00:00:00.000Z,57.9,62.3,70.5,70.5,71
רבין ק. השרון,57.9,2022-04-27T00:00:00.000Z,57.9,62.3,70.5,70.5,71
רבין ק. השרון,57.9,2022-04-27T00:00:00.000Z,57.9,62.3,70.5,70.5,71
רבין ק. השרון,57.9,2022-04-27T00:00:00.000Z,57.9,62.3,70.5,70.5,71
רבין ק. השרון,57.9,2022-04-27T00:00:00.000Z,57.9,62.3,70.5,70.5,71
רבין ק. השרון,57.9,2022-04-27T00:00:00.000Z,57.9,62.3,70.5,70.5,71
רבין ק. השרון,57.9,2022-04-27T00:00:00.000Z,57.9,62.3,70.5,70.5,71
רבין ק. השרון,57.9,2022-04-27T00:00:00.000Z,57.9,62.3,70.5,70.5,71
רבין ק. השרון,57.9,2022-04-27T00:00:00.000Z,57.9,62.3,70.5,70.5,71
רבין ק. השרון,57.9,2022-04-27T00:00:00.000Z,57.9,62.3,70.5,70.5,71
רבין ק. השרון,57.9,2022-04-27T00:00:00.000Z,57.9,62.3,70.5,70.5,71
רבין ק. השרון,57.9,2022-04-27T00:00:00.000Z,57.9,62.3,70.5,70.5,71
רבין ק. השרון,57.9,2022-04-27T00:00:00.000Z,57.9,62.3,70.5,70.5,71
רבין ק. השרון,57.9,2022-04-27T00:00:00.000Z,57.9,62.3,70.5,70.5,71
רבין ק. השרון,57.9,2022-04-27T00:00:00.000Z,57.9,62.3,70.5,70.5,71
רבין ק. השרון,57.9,2022-04-27T00:00:00.000Z,57.9,62.3,70.5,70.5,71
רבין ק. השרון,57.9,2022-04-27T00:00:00.000Z,57.9,62.3,70.5,70.5,71
רבין ק. השרון,57.9,2022-04-27T00:00:00.000Z,57.9,62.3,70.5,70.5,71
רבין ק. השרון,57.9,2022-04-27T00:00:00.000Z,57.9,62.3,70.5,70.5,71
רבין ק. השרון,57.9,2022-04-27T00:00:00.000Z,57.9,62.3,70.5,70.5,71
רבין ק. השרון,57.9,2022-04-27T00:00:00.000Z,57.9,62.3,70.5,70.5,71
רבין ק. השרון,57.9,2022-04-27T00:00:00.000Z,57.9,62.3,70.5,70.5,71
רבין ק. השרון,57.9,2022-04-27T00:00:00.000Z,57.9,62.3,70.5,70.5,71
רבין ק. השרון,57.9,2022-04-27T00:00:00.000Z,57.9,62.3,70.5,70.5,71
רבין ק. השרון,57.9,2022-04-27T00:00:00.000Z,57.9,62.3,70.5,70.5,71
רבין ק. השרון,57.9,2022-04-27T00:00:00.000Z,57.9,62.3,70.5,70.5,71
רבין ק. השרון,57.9,2022-04-27T00:00:00.000Z,57.9,62.3,70.5,70.5,71
רבין ק. השרון,57.9,2022-04-27T00:00:00.000Z,57.9,62.3,70.5,70.5,71
רבין ק. השרון,57.9,2022-04-27T00:00:00.000Z,57.9,62.3,70.5,70.5,71
רבין ק. השרון,57.9,2022-04-27T00:00:00.000Z,57.9,62.3,70.5,70.5,71
רבין ק. השרון,57.9,2022-04-27T00:00:00.000Z,57.9,62.3,70.5,70.5,71
רבין ק. השרון,57.9,2022-04-27T00:00:00.000Z,57.9,62.3,70.5,70.5,71
המרכזי בעמק,98.1,2022-04-27T00:00:00.000Z,97.2,88,71.3,69.8,70.6
המרכזי בעמק,98.1,2022-04-27T00:00:00.000Z,97.2,88.8,71.3,69.1,70.8
המרכזי בעמק,98.1,2022-04-27T00:00:00.000Z,97.8,89.1,71.3,69,71
המרכזי בעמק,98.1,2022-04-27T00:00:00.000Z,98.2,89.7,71.3,69.2,71.9
המרכזי בעמק,98.1,2022-04-27T00:00:00.000Z,99,92.4,71.3,70,73.4
המרכזי בעמק,98.1,2022-04-27T00:00:00.000Z,98.2,96.8,71.3,70.3,75.3
המרכזי בעמק,98.1,2022-04-27T00:00:00.000Z,97,99,71.3,70.1,75.6
המרכזי בעמק,98.1,2022-04-27T00:00:00.000Z,98.1,101.9,71.3,71.3,76.9
המרכזי בעמק,98.1,2022-04-27T00:00:00.000Z,98.1,101.9,71.3,71.3,76.9
המרכזי בעמק,98.1,2022-04-27T00:00:00.000Z,98.1,101.9,71.3,71.3,76.9
המרכזי בעמק,98.1,2022-04-27T00:00:00.000Z,98.1,101.9,71.3,71.3,76.9
המרכזי בעמק,98.1,2022-04-27T00:00:00.000Z,98.1,101.9,71.3,71.3,76.9
המרכזי בעמק,98.1,2022-04-27T00:00:00.000Z,98.1,101.9,71.3,71.3,76.9
המרכזי בעמק,98.1,2022-04-27T00:00:00.000Z,98.1,101.9,71.3,71.3,76.9
המרכזי בעמק,98.1,2022-04-27T00:00:00.000Z,98.1,101.9,71.3,71.3,76.9
המרכזי בעמק,98.1,2022-04-27T00:00:00.000Z,98.1,101.9,71.3,71.3,76.9
המרכזי בעמק,98.1,2022-04-27T00:00:00.000Z,98.1,101.9,71.3,71.3,76.9
המרכזי בעמק,98.1,2022-04-27T00:00:00.000Z,98.1,101.9,71.3,71.3,76.9
המרכזי בעמק,98.1,2022-04-27T00:00:00.000Z,98.1,101.9,71.3,71.3,76.9
המרכזי בעמק,98.1,2022-04-27T00:00:00.000Z,98.1,101.9,71.3,71.3,76.9
רבין ק. השרון,57.9,2022-04-27T00:00:00.000Z,57.9,62.3,70.5,70.5,71
רבין ק. השרון,57.9,2022-04-27T00:00:00.000Z,57.9,62.3,70.5,70.5,71
רבין ק. השרון,57.9,2022-04-27T00:00:00.000Z,57.9,62.3,70.5,70.5,71
רבין ק. השרון,57.9,2022-04-27T00:00:00.000Z,57.9,62.3,70.5,70.5,71
רבין ק. השרון,57.9,2022-04-27T00:00:00.000Z,57.9,62.3,70.5,70.5,71
רבין ק. השרון,57.9,2022-04-27T00:00:00.000Z,57.9,62.3,70.5,70.5,71
רבין ק. השרון,57.9,2022-04-27T00:00:00.000Z,57.9,62.3,70.5,70.5,71
רבין ק. השרון,57.9,2022-04-27T00:00:00.000Z,57.9,62.3,70.5,70.5,71
רבין ק. השרון,57.9,2022-04-27T00:00:00.000Z,57.9,62.3,70.5,70.5,71
רבין ק. השרון,57.9,2022-04-27T00:00:00.000Z,57.9,62.3,70.5,70.5,71
רבין ק. השרון,57.9,2022-04-27T00:00:00.000Z,57.9,62.3,70.5,70.5,71
רבין ק. השרון,57.9,2022-04-27T00:00:00.000Z,57.9,62.3,70.5,70.5,71
רבין ק. השרון,57.9,2022-04-27T00:00:00.000Z,57.9,62.3,70.5,70.5,71
רבין ק. השרון,57.9,2022-04-27T00:00:00.000Z,57.9,62.3,70.5,70.5,71
רבין ק. השרון,57.9,2022-04-27T00:00:00.000Z,57.9,62.3,70.5,70.5,71
רבין ק. השרון,57.9,2022-04-27T00:00:00.000Z,57.9,62.3,70.5,70.5,71
רבין ק. השרון,57.9,2022-04-27T00:00:00.000Z,57.9,62.3,70.5,70.5,71
רבין ק. השרון,57.9,2022-04-27T00:00:00.000Z,57.9,62.3,70.5,70.5,71
רבין ק. השרון,57.9,2022-04-27T00:00:00.000Z,57.9,62.3,70.5,70.5,71
רבין ק. השרון,57.9,2022-04-27T00:00:00.000Z,57.9,62.3,70.5,70.5,71
רבין ק. השרון,57.9,2022-04-27T00:00:00.000Z,57.9,62.3,70.5,70.5,71
רבין ק. השרון,57.9,2022-04-27T00:00:00.000Z,57.9,62.3,70.5,70.5,71
רבין ק. השרון,57.9,2022-04-27T00:00:00.000Z,57.9,62.3,70.5,70.5,71
רבין ק. השרון,57.9,2022-04-27T00:00:00.000Z,57.9,62.3,70.5,70.5,71
רבין ק. השרון,57.9,2022-04-27T00:00:00.000Z,57.9,62.3,70.5,70.5,71
רבין ק. השרון,57.9,2022-04-27T00:00:00.000Z,57.9,62.3,70.5,70.5,71
רבין ק. השרון,57.9,2022-04-27T00:00:00.000Z,57.9,62.3,70.5,70.5,71
רבין ק. השרון,57.9,2022-04-27T00:00:00.000Z,57.9,62.3,70.5,70.5,71
רבין ק. השרון,57.9,2022-04-27T00:00:00.000Z,57.9,62.3,70.5,70.5,71
רבין ק. השרון,57.9,2022-04-27T00:00:00.000Z,57.9,62.3,70.5,70.5,71
המרכזי בעמק,98.1,2022-04-27T00:00:00.000Z,98.1,101.9,71.3,71.3,76.9
המרכזי בעמק,98.1,2022-04-27T00:00:00.000Z,98.1,101.9,71.3,71.3,76.9
המרכזי בעמק,98.1,2022-04-27T00:00:00.000Z,98.1,101.9,71.3,71.3,76.9
המרכזי בעמק,98.1,2022-04-27T00:00:00.000Z,98.1,101.9,71.3,71.3,76.9
המרכזי בעמק,98.1,2022-04-27T00:00:00.000Z,98.1,101.9,71.3,71.3,76.9
המרכזי בעמק,98.1,2022-04-27T00:00:00.000Z,98.1,101.9,71.3,71.3,76.9
המרכזי בעמק,98.1,2022-04-27T00:00:00.000Z,98.1,101.9,71.3,71.3,76.9
המרכזי בעמק,98.1,2022-04-27T00:00:00.000Z,98.1,101.9,71.3,71.3,76.9
המרכזי בעמק,98.1,2022-04-27T00:00:00.000Z,98.1,101.9,71.3,71.3,76.9
המרכזי בעמק,98.1,2022-04-27T00:00:00.000Z,98.1,101.9,71.3,71.3,76.9
המרכזי בעמק,98.1,2022-04-27T00:00:00.000Z,98.1,101.9,71.3,71.3,76.9
המרכזי בעמק,98.1,2022-04-27T00:00:00.000Z,98.1,101.9,71.3,71.3,76.9
המרכזי בעמק,98.1,2022-04-27T00:00:00.000Z,98.1,101.9,71.3,71.3,76.9
המרכזי בעמק,98.1,2022-04-27T00:00:00.000Z,98.1,101.9,71.3,71.3,76.9
המרכזי בעמק,98.1,2022-04-27T00:00:00.000Z,98.1,101.9,71.3,71.3,76.9
המרכזי בעמק,98.1,2022-04-27T00:00:00.000Z,98.1,101.9,71.3,71.3,76.9
המרכזי בעמק,98.1,2022-04-27T00:00:00.000Z,98.1,101.9,71.3,71.3,76.9
המרכזי בעמק,98.1,2022-04-27T00:00:00.000Z,98.1,101.9,71.3,71.3,76.9
המרכזי בעמק,98.1,2022-04-27T00:00:00.000Z,98.1,101.9,71.3,71.3,76.9
המרכזי בעמק,98.1,2022-04-27T00:00:00.000Z,98.1,101.9,71.3,71.3,76.9
המרכזי בעמק,98.1,2022-04-27T00:00:00.000Z,98.1,101.9,71.3,71.3,76.9
המרכזי בעמק,98.1,2022-04-27T00:00:00.000Z,98.1,101.9,71.3,71.3,76.9
המרכזי בעמק,98.1,2022-04-27T00:00:00.000Z,98.1,101.9,71.3,71.3,76.9
המרכזי בעמק,98.1,2022-04-27T00:00:00.000Z,98.1,101.9,71.3,71.3,76.9
המרכזי בעמק,98.1,2022-04-27T00:00:00.000Z,98.1,101.9,71.3,71.3,76.9
המרכזי בעמק,98.1,2022-04-27T00:00:00.000Z,98.1,101.9,71.3,71.3,76.9
המרכזי בעמק,98.1,2022-04-27T00:00:00.000Z,98.1,101.9,71.3,71.3,76.9
המרכזי בעמק,98.1,2022-04-27T00:00:00.000Z,98.1,101.9,71.3,71.3,76.9
המרכזי בעמק,98.1,2022-04-27T00:00:00.000Z,98.1,101.9,71.3,71.3,76.9
המרכזי בעמק,98.1,2022-04-27T00:00:00.000Z,98.1,101.9,71.3,71.3,76.9
המרכזי בעמק,98.1,2022-04-27T00:00:00.000Z,98.1,101.9,71.3,71.3,76.9
המרכזי בעמק,98.1,2022-04-27T00:00:00.000Z,98.1,101.9,71.3,71.3,76.9
המרכזי בעמק,98.1,2022-04-27T00:00:00.000Z,98.1,101.9,71.3,71.3,76.9
המרכזי בעמק,98.1,2022-04-27T00:00:00.000Z,98.1,101.9,71.3,71.3,76.9
המרכזי בעמק,98.1,2022-04-27T00:00:00.000Z,98.1,101.9,71.3,71.3,76.9
המרכזי בעמק,98.1,2022-04-27T00:00:00.000Z,98.1,101.9,71.3,71.3,76.9
המרכזי בעמק,98.1,2022-04-27T00:00:00.000Z,98.1,101.9,71.3,71.3,76.9
המרכזי בעמק,98.1,2022-04-27T00:00:00.000Z,98.1,101.9,71.3,71.3,76.9
המרכזי בעמק,98.1,2022-04-27T00:00:00.000Z,98.1,101.9,71.3,71.3,76.9
המרכזי בעמק,98.1,2022-04-27T00:00:00.000Z,98.1,101.9,71.3,71.3,76.9
המרכזי בעמק,98.1,2022-04-27T00:00:00.000Z,98.1,101.9,71.3,71.3,76.9
המרכזי בעמק,98.1,2022-04-27T00:00:00.000Z,98.1,101.9,71.3,71.3,76.9
המרכזי בעמק,98.1,2022-04-27T00:00:00.000Z,98.1,101.9,71.3,71.3,76.9
המרכזי בעמק,98.1,2022-04-27T00:00:00.000Z,98.1,101.9,71.3,71.3,76.9
המרכזי בעמק,98.1,2022-04-27T00:00:00.000Z,98.1,101.9,71.3,71.3,76.9
המרכזי בעמק,98.1,2022-04-27T00:00:00.000Z,98.1,101.9,71.3,71.3,76.9
המרכזי בעמק,98.1,2022-04-27T00:00:00.000Z,98.1,101.9,71.3,71.3,76.9
המרכזי בעמק,98.1,2022-04-27T00:00:00.000Z,98.1,101.9,71.3,71.3,76.9
המרכזי בעמק,98.1,2022-04-27T00:00:00.000Z,98.1,101.9,71.3,71.3,76.9
המרכזי בעמק,98.1,2022-04-27T00:00:00.000Z,98.1,101.9,71.3,71.3,76.9
המרכזי בעמק,98.1,2022-04-27T00:00:00.000Z,98.1,101.9,71.3,71.3,76.9
המרכזי בעמק,98.1,2022-04-27T00:00:00.000Z,98.1,101.9,71.3,71.3,76.9
המרכזי בעמק,98.1,2022-04-27T00:00:00.000Z,98.1,101.9,71.3,71.3,76.9
המרכזי בעמק,98.1,2022-04-27T00:00:00.000Z,98.1,101.9,71.3,71.3,76.9
המרכזי בעמק,98.1,2022-04-27T00:00:00.000Z,98.1,101.9,71.3,71.3,76.9
המרכזי בעמק,98.1,2022-04-27T00:00:00.000Z,98.1,101.9,71.3,71.3,76.9
המרכזי בעמק,98.1,2022-04-27T00:00:00.000Z,98.1,101.9,71.3,71.3,76.9
המרכזי בעמק,98.1,2022-04-27T00:00:00.000Z,98.1,101.9,71.3,71.3,76.9
המרכזי בעמק,98.1,2022-04-27T00:00:00.000Z,98.1,101.9,71.3,71.3,76.9
המרכזי בעמק,98.1,2022-04-27T00:00:00.000Z,98.1,101.9,71.3,71.3,76.9
המרכזי בעמק,98.1,2022-04-27T00:00:00.000Z,98.1,101.9,71.3,71.3,76.9
המרכזי בעמק,98.1,2022-04-27T00:00:00.000Z,98.1,101.9,71.3,71.3,76.9
המרכזי בעמק,98.1,2022-04-27T00:00:00.000Z,98.1,101.9,71.3,71.3,76.9
המרכזי בעמק,98.1,2022-04-27T00:00:00.000Z,98.1,101.9,71.3,71.3,76.9
המרכזי בעמק,98.1,2022-04-27T00:00:00.000Z,98.1,101.9,71.3,71.3,76.9
המרכזי בעמק,98.1,2022-04-27T00:00:00.000Z,98.1,101.9,71.3,71.3,76.9
המרכזי בעמק,98.1,2022-04-27T00:00:00.000Z,98.1,101.9,71.3,71.3,76.9
המרכזי בעמק,98.1,2022-04-27T00:00:00.000Z,98.1,101.9,71.3,71.3,76.9
המרכזי בעמק,98.1,2022-04-27T00:00:00.000Z,98.1,101.9,71.3,71.3,76.9
המרכזי בעמק,98.1,2022-04-27T00:00:00.000Z,98.1,101.9,71.3,71.3,76.9
המרכזי בעמק,98.1,2022-04-27T00:00:00.000Z,98.1,101.9,71.3,71.3,76.9
המרכזי בעמק,98.1,2022-04-27T00:00:00.000Z,98.1,101.9,71.3,71.3,76.9
המרכזי בעמק,98.1,2022-04-27T00:00:00.000Z,98.1,101.9,71.3,71.3,76.9
המרכזי בעמק,98.1,2022-04-27T00:00:00.000Z,98.1,101.9,71.3,71.3,76.9
המרכזי בעמק,98.1,2022-04-27T00:00:00.000Z,98.1,101.9,71.3,71.3,76.9
המרכזי בעמק,98.1,2022-04-27T00:00:00.000Z,98.1,101.9,71.3,71.3,76.9
המרכזי בעמק,98.1,2022-04-27T00:00:00.000Z,98.1,101.9,71.3,71.3,76.9
המרכזי בעמק,98.1,2022-04-27T00:00:00.000Z,98.1,101.9,71.3,71.3,76.9
המרכזי בעמק,98.1,2022-04-27T00:00:00.000Z,98.1,101.9,71.3,71.3,76.9
המרכזי בעמק,98.1,2022-04-27T00:00:00.000Z,98.1,101.9,71.3,71.3,76.9
המרכזי בעמק,98.1,2022-04-27T00:00:00.000Z,98.1,101.9,71.3,71.3,76.9
המרכזי בעמק,98.1,2022-04-27T00:00:00.000Z,98.1,101.9,71.3,71.3,76.9
המרכזי בעמק,98.1,2022-04-27T00:00:00.000Z,98.1,101.9,71.3,71.3,76.9
המרכזי בעמק,98.1,2022-04-27T00:00:00.000Z,98.1,101.9,71.3,71.3,76.9
המרכזי בעמק,98.1,2022-04-27T00:00:00.000Z,98.1,101.9,71.3,71.3,76.9
המרכזי בעמק,98.1,2022-04-27T00:00:00.000Z,98.1,101.9,71.3,71.3,76.9
המרכזי בעמק,98.1,2022-04-27T00:00:00.000Z,98.1,101.9,71.3,71.3,76.9
המרכזי בעמק,98.1,2022-04-27T00:00:00.000Z,98.1,101.9,71.3,71.3,76.9
המרכזי בעמק,98.1,2022-04-27T00:00:00.000Z,98.1,101.9,71.3,71.3,76.9
המרכזי בעמק,98.1,2022-04-27T00:00:00.000Z,98.1,101.9,71.3,71.3,76.9
המרכזי בעמק,98.1,2022-04-27T00:00:00.000Z,98.1,101.9,71.3,71.3,76.9
המרכזי בעמק,98.1,2022-04-27T00:00:00.000Z,98.1,101.9,71.3,71.3,76.9
המרכזי בעמק,98.1,2022-04-27T00:00:00.000Z,98.1,101.9,71.3,71.3,76.9
המרכזי בעמק,98.1,2022-04-27T00:00:00.000Z,98.1,101.9,71.3,71.3,76.9
המרכזי בעמק,98.1,2022-04-27T00:00:00.000Z,98.1,101.9,71.3,71.3,76.9
המרכזי בעמק,98.1,2022-04-27T00:00:00.000Z,98.1,101.9,71.3,71.3,76.9
המרכזי בעמק,98.1,2022-04-27T00:00:00.000Z,98.1,101.9,71.3,71.3,76.9
המרכזי בעמק,98.1,2022-04-27T00:00:00.000Z,98.1,101.9,71.3,71.3,76.9
המרכזי בעמק,98.1,2022-04-27T00:00:00.000Z,98.1,101.9,71.3,71.3,76.9
רבין ק. השרון,57.9,2022-04-27T00:00:00.000Z,57.9,62.3,70.5,70.5,71
רבין ק. השרון,57.9,2022-04-27T00:00:00.000Z,57.9,62.3,70.5,70.5,71
רבין ק. השרון,57.9,2022-04-27T00:00:00.000Z,57.9,62.3,70.5,70.5,71
רבין ק. השרון,57.9,2022-04-27T00:00:00.000Z,57.9,62.3,70.5,70.5,71
רבין ק. השרון,57.9,2022-04-27T00:00:00.000Z,57.9,62.3,70.5,70.5,71
רבין ק. השרון,57.9,2022-04-27T00:00:00.000Z,57.9,62.3,70.5,70.5,71
רבין ק. השרון,57.9,2022-04-27T00:00:00.000Z,57.9,62.3,70.5,70.5,71
רבין ק. השרון,57.9,2022-04-27T00:00:00.000Z,57.9,62.3,70.5,70.5,71
רבין ק. השרון,57.9,2022-04-27T00:00:00.000Z,57.9,62.3,70.5,70.5,71
רבין ק. השרון,57.9,2022-04-27T00:00:00.000Z,57.9,62.3,70.5,70.5,71
רבין ק. השרון,57.9,2022-04-27T00:00:00.000Z,57.9,62.3,70.5,70.5,71
רבין ק. השרון,57.9,2022-04-27T00:00:00.000Z,57.9,62.3,70.5,70.5,71
רבין ק. השרון,57.9,2022-04-27T00:00:00.000Z,57.9,62.3,70.5,70.5,71
רבין ק. השרון,57.9,2022-04-27T00:00:00.000Z,57.9,62.3,70.5,70.5,71
רבין ק. השרון,57.9,2022-04-27T00:00:00.000Z,57.9,62.3,70.5,70.5,71
רבין ק. השרון,57.9,2022-04-27T00:00:00.000Z,57.9,62.3,70.5,70.5,71
רבין ק. השרון,57.9,2022-04-27T00:00:00.000Z,57.9,62.3,70.5,70.5,71
רבין ק. השרון,57.9,2022-04-27T00:00:00.000Z,57.9,62.3,70.5,70.5,71
רבין ק. השרון,57.9,2022-04-27T00:00:00.000Z,57.9,62.3,70.5,70.5,71
רבין ק. השרון,57.9,2022-04-27T00:00:00.000Z,57.9,62.3,70.5,70.5,71
רבין ק. השרון,57.9,2022-04-27T00:00:00.000Z,57.9,62.3,70.5,70.5,71
רבין ק. השרון,57.9,2022-04-27T00:00:00.000Z,57.9,62.3,70.5,70.5,71
רבין ק. השרון,57.9,2022-04-27T00:00:00.000Z,57.9,62.3,70.5,70.5,71
רבין ק. השרון,57.9,2022-04-27T00:00:00.000Z,57.9,62.3,70.5,70.5,71
רבין ק. השרון,57.9,2022-04-27T00:00:00.000Z,57.9,62.3,70.5,70.5,71
רבין ק. השרון,57.9,2022-04-27T00:00:00.000Z,57.9,62.3,70.5,70.5,71
רבין ק. השרון,57.9,2022-04-27T00:00:00.000Z,57.9,62.3,70.5,70.5,71
רבין ק. השרון,57.9,2022-04-27T00:00:00.000Z,57.9,62.3,70.5,70.5,71
רבין ק. השרון,57.9,2022-04-27T00:00:00.000Z,57.9,62.3,70.5,70.5,71
רבין ק. השרון,57.9,2022-04-27T00:00:00.000Z,57.9,62.3,70.5,70.5,71
רבין ק. השרון,57.9,2022-04-27T00:00:00.000Z,57.9,62.3,70.5,70.5,71
רבין ק. השרון,57.9,2022-04-27T00:00:00.000Z,57.9,62.3,70.5,70.5,71
רבין ק. השרון,57.9,2022-04-27T00:00:00.000Z,57.9,62.3,70.5,70.5,71
המרכזי בעמק,98.1,2022-04-27T00:00:00.000Z,98.1,101.9,71.3,71.3,76.9
המרכזי בעמק,98.1,2022-04-27T00:00:00.000Z,98.1,101.9,71.3,71.3,76.9
המרכזי בעמק,98.1,2022-04-27T00:00:00.000Z,98.1,101.9,71.3,71.3,76.9
המרכזי בעמק,98.1,2022-04-27T00:00:00.000Z,98.1,101.9,71.3,71.3,76.9
המרכזי בעמק,98.1,2022-04-27T00:00:00.000Z,98.1,101.9,71.3,71.3,76.9
המרכזי בעמק,98.1,2022-04-27T00:00:00.000Z,98.1,101.9,71.3,71.3,76.9
המרכזי בעמק,98.1,2022-04-27T00:00:00.000Z,98.1,101.9,71.3,71.3,76.9
המרכזי בעמק,98.1,2022-04-27T00:00:00.000Z,98.1,101.9,71.3,71.3,76.9
המרכזי בעמק,98.1,2022-04-27T00:00:00.000Z,98.1,101.9,71.3,71.3,76.9
המרכזי בעמק,98.1,2022-04-27T00:00:00.000Z,98.1,101.9,71.3,71.3,76.9
המרכזי בעמק,98.1,2022-04-27T00:00:00.000Z,98.1,101.9,71.3,71.3,76.9
המרכזי בעמק,98.1,2022-04-27T00:00:00.000Z,98.1,101.9,71.3,71.3,76.9
המרכזי בעמק,98.1,2022-04-27T00:00:00.000Z,98.1,101.9,71.3,71.3,76.9
המרכזי בעמק,98.1,2022-04-27T00:00:00.000Z,98.1,101.9,71.3,71.3,76.9
המרכזי בעמק,98.1,2022-04-27T00:00:00.000Z,98.1,101.9,71.3,71.3,76.9
המרכזי בעמק,98.1,2022-04-27T00:00:00.000Z,98.1,101.9,71.3,71.3,76.9
המרכזי בעמק,98.1,2022-04-27T00:00:00.000Z,98.1,101.9,71.3,71.3,76.9
המרכזי בעמק,98.1,2022-04-27T00:00:00.000Z,98.1,101.9,71.3,71.3,76.9
המרכזי בעמק,98.1,2022-04-27T00:00:00.000Z,98.1,101.9,71.3,71.3,76.9
המרכזי בעמק,98.1,2022-04-27T00:00:00.000Z,98.1,101.9,71.3,71.3,76.9
המרכזי בעמק,98.1,2022-04-27T00:00:00.000Z,98.1,101.9,71.3,71.3,76.9
המרכזי בעמק,98.1,2022-04-27T00:00:00.000Z,98.1,101.9,71.3,71.3,76.9
המרכזי בעמק,98.1,2022-04-27T00:00:00.000Z,98.1,101.9,71.3,71.3,76.9
המרכזי בעמק,98.1,2022-04-27T00:00:00.000Z,98.1,101.9,71.3,71.3,76.9
המרכזי בעמק,98.1,2022-04-27T00:00:00.000Z,98.1,101.9,71.3,71.3,76.9
המרכזי בעמק,98.1,2022-04-27T00:00:00.000Z,98.1,101.9,71.3,71.3,76.9
המרכזי בעמק,98.1,2022-04-27T00:00:00.000Z,98.1,101.9,71.3,71.3,76.9
המרכזי בעמק,98.1,2022-04-27T00:00:00.000Z,98.1,101.9,71.3,71.3,76.9
המרכזי בעמק,98.1,2022-04-27T00:00:00.000Z,98.1,101.9,71.3,71.3,76.9
המרכזי בעמק,98.1,2022-04-27T00:00:00.000Z,98.1,101.9,71.3,71.3,76.9
המרכזי בעמק,98.1,2022-04-27T00:00:00.000Z,98.1,101.9,71.3,71.3,76.9
המרכזי בעמק,98.1,2022-04-27T00:00:00.000Z,98.1,101.9,71.3,71.3,76.9
המרכזי בעמק,98.1,2022-04-27T00:00:00.000Z,98.1,101.9,71.3,71.3,76.9
המרכזי בעמק,98.1,2022-04-27T00:00:00.000Z,98.1,101.9,71.3,71.3,76.9
המרכזי בעמק,98.1,2022-04-27T00:00:00.000Z,98.1,101.9,71.3,71.3,76.9
המרכזי בעמק,98.1,2022-04-27T00:00:00.000Z,98.1,101.9,71.3,71.3,76.9
המרכזי בעמק,98.1,2022-04-27T00:00:00.000Z,98.1,101.9,71.3,71.3,76.9
המרכזי בעמק,98.1,2022-04-27T00:00:00.000Z,98.1,101.9,71.3,71.3,76.9
המרכזי בעמק,98.1,2022-04-27T00:00:00.000Z,98.1,101.9,71.3,71.3,76.9
המרכזי בעמק,98.1,2022-04-27T00:00:00.000Z,98.1,101.9,71.3,71.3,76.9
המרכזי בעמק,98.1,2022-04-27T00:00:00.000Z,98.1,101.9,71.3,71.3,76.9
המרכזי בעמק,98.1,2022-04-27T00:00:00.000Z,98.1,101.9,71.3,71.3,76.9
המרכזי בעמק,98.1,2022-04-27T00:00:00.000Z,98.1,101.9,71.3,71.3,76.9
המרכזי בעמק,98.1,2022-04-27T00:00:00.000Z,98.1,101.9,71.3,71.3,76.9
המרכזי בעמק,98.1,2022-04-27T00:00:00.000Z,98.1,101.9,71.3,71.3,76.9
המרכזי בעמק,98.1,2022-04-27T00:00:00.000Z,98.1,101.9,71.3,71.3,76.9
המרכזי בעמק,98.1,2022-04-27T00:00:00.000Z,98.1,101.9,71.3,71.3,76.9
המרכזי בעמק,98.1,2022-04-27T00:00:00.000Z,98.1,101.9,71.3,71.3,76.9
המרכזי בעמק,98.1,2022-04-27T00:00:00.000Z,98.1,101.9,71.3,71.3,76.9
המרכזי בעמק,98.1,2022-04-27T00:00:00.000Z,98.1,101.9,71.3,71.3,76.9
המרכזי בעמק,98.1,2022-04-27T00:00:00.000Z,98.1,101.9,71.3,71.3,76.9
המרכזי בעמק,98.1,2022-04-27T00:00:00.000Z,98.1,101.9,71.3,71.3,76.9
המרכזי בעמק,98.1,2022-04-27T00:00:00.000Z,98.1,101.9,71.3,71.3,76.9
המרכזי בעמק,98.1,2022-04-27T00:00:00.000Z,98.1,101.9,71.3,71.3,76.9
המרכזי בעמק,98.1,2022-04-27T00:00:00.000Z,98.1,101.9,71.3,71.3,76.9
המרכזי בעמק,98.1,2022-04-27T00:00:00.000Z,98.1,101.9,71.3,71.3,76.9
המרכזי בעמק,98.1,2022-04-27T00:00:00.000Z,98.1,101.9,71.3,71.3,76.9
המרכזי בעמק,98.1,2022-04-27T00:00:00.000Z,98.1,101.9,71.3,71.3,76.9
המרכזי בעמק,98.1,2022-04-27T00:00:00.000Z,98.1,101.9,71.3,71.3,76.9
המרכזי בעמק,98.1,2022-04-27T00:00:00.000Z,98.1,101.9,71.3,71.3,76.9
המרכזי בעמק,98.1,2022-04-27T00:00:00.000Z,98.1,101.9,71.3,71.3,76.9
המרכזי בעמק,98.1,2022-04-27T00:00:00.000Z,98.1,101.9,71.3,71.3,76.9
המרכזי בעמק,98.1,2022-04-27T00:00:00.000Z,98.1,101.9,71.3,71.3,76.9
המרכזי בעמק,98.1,2022-04-27T00:00:00.000Z,98.1,101.9,71.3,71.3,76.9
המרכזי בעמק,98.1,2022-04-27T00:00:00.000Z,98.1,101.9,71.3,71.3,76.9
המרכזי בעמק,98.1,2022-04-27T00:00:00.000Z,98.1,101.9,71.3,71.3,76.9
המרכזי בעמק,98.1,2022-04-27T00:00:00.000Z,98.1,101.9,71.3,71.3,76.9
המרכזי בעמק,98.1,2022-04-27T00:00:00.000Z,98.1,101.9,71.3,71.3,76.9
המרכזי בעמק,98.1,2022-04-27T00:00:00.000Z,98.1,101.9,71.3,71.3,76.9
המרכזי בעמק,98.1,2022-04-27T00:00:00.000Z,98.1,101.9,71.3,71.3,76.9
המרכזי בעמק,98.1,2022-04-27T00:00:00.000Z,98.1,101.9,71.3,71.3,76.9
המרכזי בעמק,98.1,2022-04-27T00:00:00.000Z,98.1,101.9,71.3,71.3,76.9
המרכזי בעמק,98.1,2022-04-27T00:00:00.000Z,98.1,101.9,71.3,71.3,76.9
המרכזי בעמק,98.1,2022-04-27T00:00:00.000Z,98.1,101.9,71.3,71.3,76.9
המרכזי בעמק,98.1,2022-04-27T00:00:00.000Z,98.1,101.9,71.3,71.3,76.9
המרכזי בעמק,98.1,2022-04-27T00:00:00.000Z,98.1,101.9,71.3,71.3,76.9
המרכזי בעמק,98.1,2022-04-27T00:00:00.000Z,98.1,101.9,71.3,71.3,76.9
המרכזי בעמק,98.1,2022-04-27T00:00:00.000Z,98.1,101.9,71.3,71.3,76.9
המרכזי בעמק,98.1,2022-04-27T00:00:00.000Z,98.1,101.9,71.3,71.3,76.9
המרכזי בעמק,98.1,2022-04-27T00:00:00.000Z,98.1,101.9,71.3,71.3,76.9
המרכזי בעמק,98.1,2022-04-27T00:00:00.000Z,98.1,101.9,71.3,71.3,76.9
המרכזי בעמק,98.1,2022-04-27T00:00:00.000Z,98.1,101.9,71.3,71.3,76.9
המרכזי בעמק,98.1,2022-04-27T00:00:00.000Z,98.1,101.9,71.3,71.3,76.9
המרכזי בעמק,98.1,2022-04-27T00:00:00.000Z,98.1,101.9,71.3,71.3,76.9
המרכזי בעמק,98.1,2022-04-27T00:00:00.000Z,98.1,101.9,71.3,71.3,76.9
המרכזי בעמק,98.1,2022-04-27T00:00:00.000Z,98.1,101.9,71.3,71.3,76.9
המרכזי בעמק,98.1,2022-04-27T00:00:00.000Z,98.1,101.9,71.3,71.3,76.9
המרכזי בעמק,98.1,2022-04-27T00:00:00.000Z,98.1,101.9,71.3,71.3,76.9
המרכזי בעמק,98.1,2022-04-27T00:00:00.000Z,98.1,101.9,71.3,71.3,76.9
המרכזי בעמק,98.1,2022-04-27T00:00:00.000Z,98.1,101.9,71.3,71.3,76.9
המרכזי בעמק,98.1,2022-04-27T00:00:00.000Z,98.1,101.9,71.3,71.3,76.9
המרכזי בעמק,98.1,2022-04-27T00:00:00.000Z,98.1,101.9,71.3,71.3,76.9
המרכזי בעמק,98.1,2022-04-27T00:00:00.000Z,98.1,101.9,71.3,71.3,76.9
המרכזי בעמק,98.1,2022-04-27T00:00:00.000Z,98.1,101.9,71.3,71.3,76.9
המרכזי בעמק,98.1,2022-04-27T00:00:00.000Z,98.1,101.9,71.3,71.3,76.9
המרכזי בעמק,98.1,2022-04-27T00:00:00.000Z,98.1,101.9,71.3,71.3,76.9
המרכזי בעמק,98.1,2022-04-27T00:00:00.000Z,98.1,101.9,71.3,71.3,76.9
המרכזי בעמק,98.1,2022-04-27T00:00:00.000Z,98.1,101.9,71.3,71.3,76.9
המרכזי בעמק,98.1,2022-04-27T00:00:00.000Z,98.1,101.9,71.3,71.3,76.9
המרכזי בעמק,98.1,2022-04-27T00:00:00.000Z,98.1,101.9,71.3,71.3,76.9
המרכזי בעמק,98.1,2022-04-27T00:00:00.000Z,98.1,101.9,71.3,71.3,76.9
המרכזי בעמק,98.1,2022-04-27T00:00:00.000Z,98.1,101.9,71.3,71.3,76.9
המרכזי בעמק,98.1,2022-04-27T00:00:00.000Z,98.1,101.9,71.3,71.3,76.9
המרכזי בעמק,98.1,2022-04-27T00:00:00.000Z,98.1,101.9,71.3,71.3,76.9
המרכזי בעמק,98.1,2022-04-27T00:00:00.000Z,98.1,101.9,71.3,71.3,76.9
המרכזי בעמק,98.1,2022-04-27T00:00:00.000Z,98.1,101.9,71.3,71.3,76.9
המרכזי בעמק,98.1,2022-04-27T00:00:00.000Z,98.1,101.9,71.3,71.3,76.9
המרכזי בעמק,98.1,2022-04-27T00:00:00.000Z,98.1,101.9,71.3,71.3,76.9
המרכזי בעמק,98.1,2022-04-27T00:00:00.000Z,98.1,101.9,71.3,71.3,76.9
המרכזי בעמק,98.1,2022-04-27T00:00:00.000Z,98.1,101.9,71.3,71.3,76.9
המרכזי בעמק,98.1,2022-04-27T00:00:00.000Z,98.1,101.9,71.3,71.3,76.9
המרכזי בעמק,98.1,2022-04-27T00:00:00.000Z,98.1,101.9,71.3,71.3,76.9
המרכזי בעמק,98.1,2022-04-27T00:00:00.000Z,98.1,101.9,71.3,71.3,76.9
המרכזי בעמק,98.1,2022-04-27T00:00:00.000Z,98.1,101.9,71.3,71.3,76.9
המרכזי בעמק,98.1,2022-04-27T00:00:00.000Z,98.1,101.9,71.3,71.3,76.9
המרכזי בעמק,98.1,2022-04-27T00:00:00.000Z,98.1,101.9,71.3,71.3,76.9
המרכזי בעמק,98.1,2022-04-27T00:00:00.000Z,98.1,101.9,71.3,71.3,76.9
המרכזי בעמק,98.1,2022-04-27T00:00:00.000Z,98.1,101.9,71.3,71.3,76.9
המרכזי בעמק,98.1,2022-04-27T00:00:00.000Z,98.1,101.9,71.3,71.3,76.9
המרכזי בעמק,98.1,2022-04-27T00:00:00.000Z,98.1,101.9,71.3,71.3,76.9
המרכזי בעמק,98.1,2022-04-27T00:00:00.000Z,98.1,101.9,71.3,71.3,76.9
המרכזי בעמק,98.1,2022-04-27T00:00:00.000Z,98.1,101.9,71.3,71.3,76.9
המרכזי בעמק,98.1,2022-04-27T00:00:00.000Z,98.1,101.9,71.3,71.3,76.9
המרכזי בעמק,98.1,2022-04-27T00:00:00.000Z,98.1,101.9,71.3,71.3,76.9
המרכזי בעמק,98.1,2022-04-27T00:00:00.000Z,98.1,101.9,71.3,71.3,76.9
המרכזי בעמק,98.1,2022-04-27T00:00:00.000Z,98.1,101.9,71.3,71.3,76.9
המרכזי בעמק,98.1,2022-04-27T00:00:00.000Z,98.1,101.9,71.3,71.3,76.9
המרכזי בעמק,98.1,2022-04-27T00:00:00.000Z,98.1,101.9,71.3,71.3,76.9
המרכזי בעמק,98.1,2022-04-27T00:00:00.000Z,98.1,101.9,71.3,71.3,76.9
המרכזי בעמק,98.1,2022-04-27T00:00:00.000Z,98.1,101.9,71.3,71.3,76.9
המרכזי בעמק,98.1,2022-04-27T00:00:00.000Z,98.1,101.9,71.3,71.3,76.9
המרכזי בעמק,98.1,2022-04-27T00:00:00.000Z,98.1,101.9,71.3,71.3,76.9
המרכזי בעמק,98.1,2022-04-27T00:00:00.000Z,98.1,101.9,71.3,71.3,76.9
המרכזי בעמק,98.1,2022-04-27T00:00:00.000Z,98.1,101.9,71.3,71.3,76.9
המרכזי בעמק,98.1,2022-04-27T00:00:00.000Z,98.1,101.9,71.3,71.3,76.9
המרכזי בעמק,98.1,2022-04-27T00:00:00.000Z,98.1,101.9,71.3,71.3,76.9
המרכזי בעמק,98.1,2022-04-27T00:00:00.000Z,98.1,101.9,71.3,71.3,76.9
המרכזי בעמק,98.1,2022-04-27T00:00:00.000Z,98.1,101.9,71.3,71.3,76.9
המרכזי בעמק,98.1,2022-04-27T00:00:00.000Z,98.1,101.9,71.3,71.3,76.9
המרכזי בעמק,98.1,2022-04-27T00:00:00.000Z,98.1,101.9,71.3,71.3,76.9
המרכזי בעמק,98.1,2022-04-27T00:00:00.000Z,98.1,101.9,71.3,71.3,76.9
המרכזי בעמק,98.1,2022-04-27T00:00:00.000Z,98.1,101.9,71.3,71.3,76.9
המרכזי בעמק,98.1,2022-04-27T00:00:00.000Z,98.1,101.9,71.3,71.3,76.9
המרכזי בעמק,98.1,2022-04-27T00:00:00.000Z,98.1,101.9,71.3,71.3,76.9
המרכזי בעמק,98.1,2022-04-27T00:00:00.000Z,98.1,101.9,71.3,71.3,76.9
המרכזי בעמק,98.1,2022-04-27T00:00:00.000Z,98.1,101.9,71.3,71.3,76.9
המרכזי בעמק,98.1,2022-04-27T00:00:00.000Z,98.1,101.9,71.3,71.3,76.9
המרכזי בעמק,98.1,2022-04-27T00:00:00.000Z,98.1,101.9,71.3,71.3,76.9
המרכזי בעמק,98.1,2022-04-27T00:00:00.000Z,98.1,101.9,71.3,71.3,76.9
המרכזי בעמק,98.1,2022-04-27T00:00:00.000Z,98.1,101.9,71.3,71.3,76.9
המרכזי בעמק,98.1,2022-04-27T00:00:00.000Z,98.1,101.9,71.3,71.3,76.9
המרכזי בעמק,98.1,2022-04-27T00:00:00.000Z,98.1,101.9,71.3,71.3,76.9
המרכזי בעמק,98.1,2022-04-27T00:00:00.000Z,98.1,101.9,71.3,71.3,76.9
המרכזי בעמק,98.1,2022-04-27T00:00:00.000Z,98.1,101.9,71.3,71.3,76.9
המרכזי בעמק,98.1,2022-04-27T00:00:00.000Z,98.1,101.9,71.3,71.3,76.9
המרכזי בעמק,98.1,2022-04-27T00:00:00.000Z,98.1,101.9,71.3,71.3,76.9
המרכזי בעמק,98.1,2022-04-27T00:00:00.000Z,98.1,101.9,71.3,71.3,76.9
המרכזי בעמק,98.1,2022-04-27T00:00:00.000Z,98.1,101.9,71.3,71.3,76.9
המרכזי בעמק,98.1,2022-04-27T00:00:00.000Z,98.1,101.9,71.3,71.3,76.9
המרכזי בעמק,98.1,2022-04-27T00:00:00.000Z,98.1,101.9,71.3,71.3,76.9
המרכזי בעמק,98.1,2022-04-27T00:00:00.000Z,98.1,101.9,71.3,71.3,76.9
המרכזי בעמק,98.1,2022-04-27T00:00:00.000Z,98.1,101.9,71.3,71.3,76.9
המרכזי בעמק,98.1,2022-04-27T00:00:00.000Z,98.1,101.9,71.3,71.3,76.9
המרכזי בעמק,98.1,2022-04-27T00:00:00.000Z,98.1,101.9,71.3,71.3,76.9
המרכזי בעמק,98.1,2022-04-27T00:00:00.000Z,98.1,101.9,71.3,71.3,76.9
המרכזי בעמק,98.1,2022-04-27T00:00:00.000Z,98.1,101.9,71.3,71.3,76.9
המרכזי בעמק,98.1,2022-04-27T00:00:00.000Z,98.1,101.9,71.3,71.3,76.9
המרכזי בעמק,98.1,2022-04-27T00:00:00.000Z,98.1,101.9,71.3,71.3,76.9
המרכזי בעמק,98.1,2022-04-27T00:00:00.000Z,98.1,101.9,71.3,71.3,76.9
המרכזי בעמק,98.1,2022-04-27T00:00:00.000Z,98.1,101.9,71.3,71.3,76.9
המרכזי בעמק,98.1,2022-04-27T00:00:00.000Z,98.1,101.9,71.3,71.3,76.9
המרכזי בעמק,98.1,2022-04-27T00:00:00.000Z,98.1,101.9,71.3,71.3,76.9
המרכזי בעמק,98.1,2022-04-27T00:00:00.000Z,98.1,101.9,71.3,71.3,76.9
המרכזי בעמק,98.1,2022-04-27T00:00:00.000Z,98.1,101.9,71.3,71.3,76.9
המרכזי בעמק,98.1,2022-04-27T00:00:00.000Z,98.1,101.9,71.3,71.3,76.9
המרכזי בעמק,98.1,2022-04-27T00:00:00.000Z,98.1,101.9,71.3,71.3,76.9
המרכזי בעמק,98.1,2022-04-27T00:00:00.000Z,98.1,101.9,71.3,71.3,76.9
המרכזי בעמק,98.1,2022-04-27T00:00:00.000Z,98.1,101.9,71.3,71.3,76.9
המרכזי בעמק,98.1,2022-04-27T00:00:00.000Z,98.1,101.9,71.3,71.3,76.9
המרכזי בעמק,98.1,2022-04-27T00:00:00.000Z,98.1,101.9,71.3,71.3,76.9
המרכזי בעמק,98.1,2022-04-27T00:00:00.000Z,98.1,101.9,71.3,71.3,76.9
המרכזי בעמק,98.1,2022-04-27T00:00:00.000Z,98.1,101.9,71.3,71.3,76.9
המרכזי בעמק,98.1,2022-04-27T00:00:00.000Z,98.1,101.9,71.3,71.3,76.9
המרכזי בעמק,98.1,2022-04-27T00:00:00.000Z,98.1,101.9,71.3,71.3,76.9
המרכזי בעמק,98.1,2022-04-27T00:00:00.000Z,98.1,101.9,71.3,71.3,76.9
המרכזי בעמק,98.1,2022-04-27T00:00:00.000Z,98.1,101.9,71.3,71.3,76.9
המרכזי בעמק,98.1,2022-04-27T00:00:00.000Z,98.1,101.9,71.3,71.3,76.9
המרכזי בעמק,98.1,2022-04-27T00:00:00.000Z,98.1,101.9,71.3,71.3,76.9
המרכזי בעמק,98.1,2022-04-27T00:00:00.000Z,98.1,101.9,71.3,71.3,76.9
המרכזי בעמק,98.1,2022-04-27T00:00:00.000Z,98.1,101.9,71.3,71.3,76.9
המרכזי בעמק,98.1,2022-04-27T00:00:00.000Z,98.1,101.9,71.3,71.3,76.9
המרכזי בעמק,98.1,2022-04-27T00:00:00.000Z,98.1,101.9,71.3,71.3,76.9
המרכזי בעמק,98.1,2022-04-27T00:00:00.000Z,98.1,101.9,71.3,71.3,76.9
המרכזי בעמק,98.1,2022-04-27T00:00:00.000Z,98.1,101.9,71.3,71.3,76.9
המרכזי בעמק,98.1,2022-04-27T00:00:00.000Z,98.1,101.9,71.3,71.3,76.9
המרכזי בעמק,98.1,2022-04-27T00:00:00.000Z,98.1,101.9,71.3,71.3,76.9
המרכזי בעמק,98.1,2022-04-27T00:00:00.000Z,98.1,101.9,71.3,71.3,76.9
המרכזי בעמק,98.1,2022-04-27T00:00:00.000Z,98.1,101.9,71.3,71.3,76.9
המרכזי בעמק,98.1,2022-04-27T00:00:00.000Z,98.1,101.9,71.3,71.3,76.9
המרכזי בעמק,98.1,2022-04-27T00:00:00.000Z,98.1,101.9,71.3,71.3,76.9
המרכזי בעמק,98.1,2022-04-27T00:00:00.000Z,98.1,101.9,71.3,71.3,76.9
המרכזי בעמק,98.1,2022-04-27T00:00:00.000Z,98.1,101.9,71.3,71.3,76.9
המרכזי בעמק,98.1,2022-04-27T00:00:00.000Z,98.1,101.9,71.3,71.3,76.9
המרכזי בעמק,98.1,2022-04-27T00:00:00.000Z,98.1,101.9,71.3,71.3,76.9
רבין ק. השרון,57.9,2022-04-27T00:00:00.000Z,57.9,62.3,70.5,70.5,71
רבין ק. השרון,57.9,2022-04-27T00:00:00.000Z,57.9,62.3,70.5,70.5,71
רבין ק. השרון,57.9,2022-04-27T00:00:00.000Z,57.9,62.3,70.5,70.5,71
רבין ק. השרון,57.9,2022-04-27T00:00:00.000Z,57.9,62.3,70.5,70.5,71
רבין ק. השרון,57.9,2022-04-27T00:00:00.000Z,57.9,62.3,70.5,70.5,71
רבין ק. השרון,57.9,2022-04-27T00:00:00.000Z,57.9,62.3,70.5,70.5,71
רבין ק. השרון,57.9,2022-04-27T00:00:00.000Z,57.9,62.3,70.5,70.5,71
רבין ק. השרון,57.9,2022-04-27T00:00:00.000Z,57.9,62.3,70.5,70.5,71
רבין ק. השרון,57.9,2022-04-27T00:00:00.000Z,57.9,62.3,70.5,70.5,71
רבין ק. השרון,57.9,2022-04-27T00:00:00.000Z,57.9,62.3,70.5,70.5,71
רבין ק. השרון,57.9,2022-04-27T00:00:00.000Z,57.9,62.3,70.5,70.5,71
רבין ק. השרון,57.9,2022-04-27T00:00:00.000Z,57.9,62.3,70.5,70.5,71
רבין ק. השרון,57.9,2022-04-27T00:00:00.000Z,57.9,62.3,70.5,70.5,71
רבין ק. השרון,57.9,2022-04-27T00:00:00.000Z,57.9,62.3,70.5,70.5,71
רבין ק. השרון,57.9,2022-04-27T00:00:00.000Z,57.9,62.3,70.5,70.5,71
רבין ק. השרון,57.9,2022-04-27T00:00:00.000Z,57.9,62.3,70.5,70.5,71
רבין ק. השרון,57.9,2022-04-27T00:00:00.000Z,57.9,62.3,70.5,70.5,71
רבין ק. השרון,57.9,2022-04-27T00:00:00.000Z,57.9,62.3,70.5,70.5,71
רבין ק. השרון,57.9,2022-04-27T00:00:00.000Z,57.9,62.3,70.5,70.5,71
רבין ק. השרון,57.9,2022-04-27T00:00:00.000Z,57.9,62.3,70.5,70.5,71
רבין ק. השרון,57.9,2022-04-27T00:00:00.000Z,57.9,62.3,70.5,70.5,71
רבין ק. השרון,57.9,2022-04-27T00:00:00.000Z,57.9,62.3,70.5,70.5,71
רבין ק. השרון,57.9,2022-04-27T00:00:00.000Z,57.9,62.3,70.5,70.5,71
רבין ק. השרון,57.9,2022-04-27T00:00:00.000Z,57.9,62.3,70.5,70.5,71
רבין ק. השרון,57.9,2022-04-27T00:00:00.000Z,57.9,62.3,70.5,70.5,71
רבין ק. השרון,57.9,2022-04-27T00:00:00.000Z,57.9,62.3,70.5,70.5,71
רבין ק. השרון,57.9,2022-04-27T00:00:00.000Z,57.9,62.3,70.5,70.5,71
רבין ק. השרון,57.9,2022-04-27T00:00:00.000Z,57.9,62.3,70.5,70.5,71
רבין ק. השרון,57.9,2022-04-27T00:00:00.000Z,57.9,62.3,70.5,70.5,71
רבין ק. השרון,57.9,2022-04-27T00:00:00.000Z,57.9,62.3,70.5,70.5,71
רבין ק. השרון,57.9,2022-04-27T00:00:00.000Z,57.9,62.3,70.5,70.5,71
רבין ק. השרון,57.9,2022-04-27T00:00:00.000Z,57.9,62.3,70.5,70.5,71
רבין ק. השרון,57.9,2022-04-27T00:00:00.000Z,57.9,62.3,70.5,70.5,71
רבין ק. השרון,57.9,2022-04-27T00:00:00.000Z,57.9,62.3,70.5,70.5,71
רבין ק. השרון,57.9,2022-04-27T00:00:00.000Z,57.9,62.3,70.5,70.5,71
רבין ק. השרון,57.9,2022-04-27T00:00:00.000Z,57.9,62.3,70.5,70.5,71
רבין ק. השרון,57.9,2022-04-27T00:00:00.000Z,57.9,62.3,70.5,70.5,71
רבין ק. השרון,57.9,2022-04-27T00:00:00.000Z,57.9,62.3,70.5,70.5,71
רבין ק. השרון,57.9,2022-04-27T00:00:00.000Z,57.9,62.3,70.5,70.5,71
רבין ק. השרון,57.9,2022-04-27T00:00:00.000Z,57.9,62.3,70.5,70.5,71
רבין ק. השרון,57.9,2022-04-27T00:00:00.000Z,57.9,62.3,70.5,70.5,71
רבין ק. השרון,57.9,2022-04-27T00:00:00.000Z,57.9,62.3,70.5,70.5,71
רבין ק. השרון,57.9,2022-04-27T00:00:00.000Z,57.9,62.3,70.5,70.5,71
רבין ק. השרון,57.9,2022-04-27T00:00:00.000Z,57.9,62.3,70.5,70.5,71
רבין ק. השרון,57.9,2022-04-27T00:00:00.000Z,57.9,62.3,70.5,70.5,71
רבין ק. השרון,57.9,2022-04-27T00:00:00.000Z,57.9,62.3,70.5,70.5,71
רבין ק. השרון,57.9,2022-04-27T00:00:00.000Z,57.9,62.3,70.5,70.5,71
רבין ק. השרון,57.9,2022-04-27T00:00:00.000Z,57.9,62.3,70.5,70.5,71
רבין ק. השרון,57.9,2022-04-27T00:00:00.000Z,57.9,62.3,70.5,70.5,71
רבין ק. השרון,57.9,2022-04-27T00:00:00.000Z,57.9,62.3,70.5,70.5,71
רבין ק. השרון,57.9,2022-04-27T00:00:00.000Z,57.9,62.3,70.5,70.5,71
רבין ק. השרון,57.9,2022-04-27T00:00:00.000Z,57.9,62.3,70.5,70.5,71
רבין ק. השרון,57.9,2022-04-27T00:00:00.000Z,57.9,62.3,70.5,70.5,71
רבין ק. השרון,57.9,2022-04-27T00:00:00.000Z,57.9,62.3,70.5,70.5,71
רבין ק. השרון,57.9,2022-04-27T00:00:00.000Z,57.9,62.3,70.5,70.5,71
רבין ק. השרון,57.9,2022-04-27T00:00:00.000Z,57.9,62.3,70.5,70.5,71
רבין ק. השרון,57.9,2022-04-27T00:00:00.000Z,57.9,62.3,70.5,70.5,71
רבין ק. השרון,57.9,2022-04-27T00:00:00.000Z,57.9,62.3,70.5,70.5,71
רבין ק. השרון,57.9,2022-04-27T00:00:00.000Z,57.9,62.3,70.5,70.5,71
רבין ק. השרון,57.9,2022-04-27T00:00:00.000Z,57.9,62.3,70.5,70.5,71
רבין ק. השרון,57.9,2022-04-27T00:00:00.000Z,57.9,62.3,70.5,70.5,71
רבין ק. השרון,57.9,2022-04-27T00:00:00.000Z,57.9,62.3,70.5,70.5,71
רבין ק. השרון,57.9,2022-04-27T00:00:00.000Z,57.9,62.3,70.5,70.5,71
רבין ק. השרון,57.9,2022-04-27T00:00:00.000Z,57.9,62.3,70.5,70.5,71
רבין ק. השרון,57.9,2022-04-27T00:00:00.000Z,57.9,62.3,70.5,70.5,71
רבין ק. השרון,57.9,2022-04-27T00:00:00.000Z,57.9,62.3,70.5,70.5,71
רבין ק. השרון,57.9,2022-04-27T00:00:00.000Z,57.9,62.3,70.5,70.5,71
רבין ק. השרון,57.9,2022-04-27T00:00:00.000Z,57.9,62.3,70.5,70.5,71
רבין ק. השרון,57.9,2022-04-27T00:00:00.000Z,57.9,62.3,70.5,70.5,71
רבין ק. השרון,57.9,2022-04-27T00:00:00.000Z,57.9,62.3,70.5,70.5,71
רבין ק. השרון,57.9,2022-04-27T00:00:00.000Z,57.9,62.3,70.5,70.5,71
רבין ק. השרון,57.9,2022-04-27T00:00:00.000Z,57.9,62.3,70.5,70.5,71
רבין ק. השרון,57.9,2022-04-27T00:00:00.000Z,57.9,62.3,70.5,70.5,71
רבין ק. השרון,57.9,2022-04-27T00:00:00.000Z,57.9,62.3,70.5,70.5,71
רבין ק. השרון,57.9,2022-04-27T00:00:00.000Z,57.9,62.3,70.5,70.5,71
רבין ק. השרון,57.9,2022-04-27T00:00:00.000Z,57.9,62.3,70.5,70.5,71
רבין ק. השרון,57.9,2022-04-27T00:00:00.000Z,57.9,62.3,70.5,70.5,71
רבין ק. השרון,57.9,2022-04-27T00:00:00.000Z,57.9,62.3,70.5,70.5,71
רבין ק. השרון,57.9,2022-04-27T00:00:00.000Z,57.9,62.3,70.5,70.5,71
רבין ק. השרון,57.9,2022-04-27T00:00:00.000Z,57.9,62.3,70.5,70.5,71
רבין ק. השרון,57.9,2022-04-27T00:00:00.000Z,57.9,62.3,70.5,70.5,71
רבין ק. השרון,57.9,2022-04-27T00:00:00.000Z,57.9,62.3,70.5,70.5,71
רבין ק. השרון,57.9,2022-04-27T00:00:00.000Z,57.9,62.3,70.5,70.5,71
רבין ק. השרון,57.9,2022-04-27T00:00:00.000Z,57.9,62.3,70.5,70.5,71
רבין ק. השרון,57.9,2022-04-27T00:00:00.000Z,57.9,62.3,70.5,70.5,71
רבין ק. השרון,57.9,2022-04-27T00:00:00.000Z,57.9,62.3,70.5,70.5,71
רבין ק. השרון,57.9,2022-04-27T00:00:00.000Z,57.9,62.3,70.5,70.5,71
רבין ק. השרון,57.9,2022-04-27T00:00:00.000Z,57.9,62.3,70.5,70.5,71
רבין ק. השרון,57.9,2022-04-27T00:00:00.000Z,57.9,62.3,70.5,70.5,71
רבין ק. השרון,57.9,2022-04-27T00:00:00.000Z,57.9,62.3,70.5,70.5,71
רבין ק. השרון,57.9,2022-04-27T00:00:00.000Z,57.9,62.3,70.5,70.5,71
רבין ק. השרון,57.9,2022-04-27T00:00:00.000Z,57.9,62.3,70.5,70.5,71
רבין ק. השרון,57.9,2022-04-27T00:00:00.000Z,57.9,62.3,70.5,70.5,71
רבין ק. השרון,57.9,2022-04-27T00:00:00.000Z,57.9,62.3,70.5,70.5,71
רבין ק. השרון,57.9,2022-04-27T00:00:00.000Z,57.9,62.3,70.5,70.5,71
רבין ק. השרון,57.9,2022-04-27T00:00:00.000Z,57.9,62.3,70.5,70.5,71
רבין ק. השרון,57.9,2022-04-27T00:00:00.000Z,57.9,62.3,70.5,70.5,71
רבין ק. השרון,57.9,2022-04-27T00:00:00.000Z,57.9,62.3,70.5,70.5,71
רבין ק. השרון,57.9,2022-04-27T00:00:00.000Z,57.9,62.3,70.5,70.5,71
רבין ק. השרון,57.9,2022-04-27T00:00:00.000Z,57.9,62.3,70.5,70.5,71
רבין ק. השרון,57.9,2022-04-27T00:00:00.000Z,57.9,62.3,70.5,70.5,71
רבין ק. השרון,57.9,2022-04-27T00:00:00.000Z,57.9,62.3,70.5,70.5,71
רבין ק. השרון,57.9,2022-04-27T00:00:00.000Z,57.9,62.3,70.5,70.5,71
רבין ק. השרון,57.9,2022-04-27T00:00:00.000Z,57.9,62.3,70.5,70.5,71
רבין ק. השרון,57.9,2022-04-27T00:00:00.000Z,57.9,62.3,70.5,70.5,71
רבין ק. השרון,57.9,2022-04-27T00:00:00.000Z,57.9,62.3,70.5,70.5,71
רבין ק. השרון,57.9,2022-04-27T00:00:00.000Z,57.9,62.3,70.5,70.5,71
רבין ק. השרון,57.9,2022-04-27T00:00:00.000Z,57.9,62.3,70.5,70.5,71
רבין ק. השרון,57.9,2022-04-27T00:00:00.000Z,57.9,62.3,70.5,70.5,71
רבין ק. השרון,57.9,2022-04-27T00:00:00.000Z,57.9,62.3,70.5,70.5,71
רבין ק. השרון,57.9,2022-04-27T00:00:00.000Z,57.9,62.3,70.5,70.5,71
רבין ק. השרון,57.9,2022-04-27T00:00:00.000Z,57.9,62.3,70.5,70.5,71
רבין ק. השרון,57.9,2022-04-27T00:00:00.000Z,57.9,62.3,70.5,70.5,71
רבין ק. השרון,57.9,2022-04-27T00:00:00.000Z,57.9,62.3,70.5,70.5,71
רבין ק. השרון,57.9,2022-04-27T00:00:00.000Z,57.9,62.3,70.5,70.5,71
רבין ק. השרון,57.9,2022-04-27T00:00:00.000Z,57.9,62.3,70.5,70.5,71
רבין ק. השרון,57.9,2022-04-27T00:00:00.000Z,57.9,62.3,70.5,70.5,71
רבין ק. השרון,57.9,2022-04-27T00:00:00.000Z,57.9,62.3,70.5,70.5,71
רבין ק. השרון,57.9,2022-04-27T00:00:00.000Z,57.9,62.3,70.5,70.5,71
רבין ק. השרון,57.9,2022-04-27T00:00:00.000Z,57.9,62.3,70.5,70.5,71
רבין ק. השרון,57.9,2022-04-27T00:00:00.000Z,57.9,62.3,70.5,70.5,71
רבין ק. השרון,57.9,2022-04-27T00:00:00.000Z,57.9,62.3,70.5,70.5,71
רבין ק. השרון,57.9,2022-04-27T00:00:00.000Z,57.9,62.3,70.5,70.5,71
רבין ק. השרון,57.9,2022-04-27T00:00:00.000Z,57.9,62.3,70.5,70.5,71
רבין ק. השרון,57.9,2022-04-27T00:00:00.000Z,57.9,62.3,70.5,70.5,71
רבין ק. השרון,57.9,2022-04-27T00:00:00.000Z,57.9,62.3,70.5,70.5,71
רבין ק. השרון,57.9,2022-04-27T00:00:00.000Z,57.9,62.3,70.5,70.5,71
רבין ק. השרון,57.9,2022-04-27T00:00:00.000Z,57.9,62.3,70.5,70.5,71
רבין ק. השרון,57.9,2022-04-27T00:00:00.000Z,57.9,62.3,70.5,70.5,71
רבין ק. השרון,57.9,2022-04-27T00:00:00.000Z,57.9,62.3,70.5,70.5,71
רבין ק. השרון,57.9,2022-04-27T00:00:00.000Z,57.9,62.3,70.5,70.5,71
רבין ק. השרון,57.9,2022-04-27T00:00:00.000Z,57.9,62.3,70.5,70.5,71
רבין ק. השרון,57.9,2022-04-27T00:00:00.000Z,57.9,62.3,70.5,70.5,71
רבין ק. השרון,57.9,2022-04-27T00:00:00.000Z,57.9,62.3,70.5,70.5,71
רבין ק. השרון,57.9,2022-04-27T00:00:00.000Z,57.9,62.3,70.5,70.5,71
רבין ק. השרון,57.9,2022-04-27T00:00:00.000Z,57.9,62.3,70.5,70.5,71
רבין ק. השרון,57.9,2022-04-27T00:00:00.000Z,57.9,62.3,70.5,70.5,71
רבין ק. השרון,57.9,2022-04-27T00:00:00.000Z,57.9,62.3,70.5,70.5,71
רבין ק. השרון,57.9,2022-04-27T00:00:00.000Z,57.9,62.3,70.5,70.5,71
רבין ק. השרון,57.9,2022-04-27T00:00:00.000Z,57.9,62.3,70.5,70.5,71
רבין ק. השרון,57.9,2022-04-27T00:00:00.000Z,57.9,62.3,70.5,70.5,71
רבין ק. השרון,57.9,2022-04-27T00:00:00.000Z,57.9,62.3,70.5,70.5,71
רבין ק. השרון,57.9,2022-04-27T00:00:00.000Z,57.9,62.3,70.5,70.5,71
רבין ק. השרון,57.9,2022-04-27T00:00:00.000Z,57.9,62.3,70.5,70.5,71
רבין ק. השרון,57.9,2022-04-27T00:00:00.000Z,57.9,62.3,70.5,70.5,71
רבין ק. השרון,57.9,2022-04-27T00:00:00.000Z,57.9,62.3,70.5,70.5,71
רבין ק. השרון,57.9,2022-04-27T00:00:00.000Z,57.9,62.3,70.5,70.5,71
רבין ק. השרון,57.9,2022-04-27T00:00:00.000Z,57.9,62.3,70.5,70.5,71
רבין ק. השרון,57.9,2022-04-27T00:00:00.000Z,57.9,62.3,70.5,70.5,71
רבין ק. השרון,57.9,2022-04-27T00:00:00.000Z,57.9,62.3,70.5,70.5,71
רבין ק. השרון,57.9,2022-04-27T00:00:00.000Z,57.9,62.3,70.5,70.5,71
רבין ק. השרון,57.9,2022-04-27T00:00:00.000Z,57.9,62.3,70.5,70.5,71
רבין ק. השרון,57.9,2022-04-27T00:00:00.000Z,57.9,62.3,70.5,70.5,71
רבין ק. השרון,57.9,2022-04-27T00:00:00.000Z,57.9,62.3,70.5,70.5,71
רבין ק. השרון,57.9,2022-04-27T00:00:00.000Z,57.9,62.3,70.5,70.5,71
רבין ק. השרון,57.9,2022-04-27T00:00:00.000Z,57.9,62.3,70.5,70.5,71
רבין ק. השרון,57.9,2022-04-27T00:00:00.000Z,57.9,62.3,70.5,70.5,71
רבין ק. השרון,57.9,2022-04-27T00:00:00.000Z,57.9,62.3,70.5,70.5,71
רבין ק. השרון,57.9,2022-04-27T00:00:00.000Z,57.9,62.3,70.5,70.5,71
רבין ק. השרון,57.9,2022-04-27T00:00:00.000Z,57.9,62.3,70.5,70.5,71
רבין ק. השרון,57.9,2022-04-27T00:00:00.000Z,57.9,62.3,70.5,70.5,71
רבין ק. השרון,57.9,2022-04-27T00:00:00.000Z,57.9,62.3,70.5,70.5,71
רבין ק. השרון,57.9,2022-04-27T00:00:00.000Z,57.9,62.3,70.5,70.5,71
רבין ק. השרון,57.9,2022-04-27T00:00:00.000Z,57.9,62.3,70.5,70.5,71
רבין ק. השרון,57.9,2022-04-27T00:00:00.000Z,57.9,62.3,70.5,70.5,71
רבין ק. השרון,57.9,2022-04-27T00:00:00.000Z,57.9,62.3,70.5,70.5,71
רבין ק. השרון,57.9,2022-04-27T00:00:00.000Z,57.9,62.3,70.5,70.5,71
רבין ק. השרון,57.9,2022-04-27T00:00:00.000Z,57.9,62.3,70.5,70.5,71
רבין ק. השרון,57.9,2022-04-27T00:00:00.000Z,57.9,62.3,70.5,70.5,71
רבין ק. השרון,57.9,2022-04-27T00:00:00.000Z,57.9,62.3,70.5,70.5,71
רבין ק. השרון,57.9,2022-04-27T00:00:00.000Z,57.9,62.3,70.5,70.5,71
רבין ק. השרון,57.9,2022-04-27T00:00:00.000Z,57.9,62.3,70.5,70.5,71
רבין ק. השרון,57.9,2022-04-27T00:00:00.000Z,57.9,62.3,70.5,70.5,71
רבין ק. השרון,57.9,2022-04-27T00:00:00.000Z,57.9,62.3,70.5,70.5,71
רבין ק. השרון,57.9,2022-04-27T00:00:00.000Z,57.9,62.3,70.5,70.5,71
רבין ק. השרון,57.9,2022-04-27T00:00:00.000Z,57.9,62.3,70.5,70.5,71
רבין ק. השרון,57.9,2022-04-27T00:00:00.000Z,57.9,62.3,70.5,70.5,71
רבין ק. השרון,57.9,2022-04-27T00:00:00.000Z,57.9,62.3,70.5,70.5,71
רבין ק. השרון,57.9,2022-04-27T00:00:00.000Z,57.9,62.3,70.5,70.5,71
רבין ק. השרון,57.9,2022-04-27T00:00:00.000Z,57.9,62.3,70.5,70.5,71
רבין ק. השרון,57.9,2022-04-27T00:00:00.000Z,57.9,62.3,70.5,70.5,71
רבין ק. השרון,57.9,2022-04-27T00:00:00.000Z,57.9,62.3,70.5,70.5,71
רבין ק. השרון,57.9,2022-04-27T00:00:00.000Z,57.9,62.3,70.5,70.5,71
רבין ק. השרון,57.9,2022-04-27T00:00:00.000Z,57.9,62.3,70.5,70.5,71
רבין ק. השרון,57.9,2022-04-27T00:00:00.000Z,57.9,62.3,70.5,70.5,71
רבין ק. השרון,57.9,2022-04-27T00:00:00.000Z,57.9,62.3,70.5,70.5,71
רבין ק. השרון,57.9,2022-04-27T00:00:00.000Z,57.9,62.3,70.5,70.5,71
רבין ק. השרון,57.9,2022-04-27T00:00:00.000Z,57.9,62.3,70.5,70.5,71
רבין ק. השרון,57.9,2022-04-27T00:00:00.000Z,57.9,62.3,70.5,70.5,71
רבין ק. השרון,57.9,2022-04-27T00:00:00.000Z,57.9,62.3,70.5,70.5,71
רבין ק. השרון,57.9,2022-04-27T00:00:00.000Z,57.9,62.3,70.5,70.5,71
רבין ק. השרון,57.9,2022-04-27T00:00:00.000Z,57.9,62.3,70.5,70.5,71
רבין ק. השרון,57.9,2022-04-27T00:00:00.000Z,57.9,62.3,70.5,70.5,71
רבין ק. השרון,57.9,2022-04-27T00:00:00.000Z,57.9,62.3,70.5,70.5,71
רבין ק. השרון,57.9,2022-04-27T00:00:00.000Z,57.9,62.3,70.5,70.5,71
רבין ק. השרון,57.9,2022-04-27T00:00:00.000Z,57.9,62.3,70.5,70.5,71
רבין ק. השרון,57.9,2022-04-27T00:00:00.000Z,57.9,62.3,70.5,70.5,71
רבין ק. השרון,57.9,2022-04-27T00:00:00.000Z,57.9,62.3,70.5,70.5,71
רבין ק. השרון,57.9,2022-04-27T00:00:00.000Z,57.9,62.3,70.5,70.5,71
רבין ק. השרון,57.9,2022-04-27T00:00:00.000Z,57.9,62.3,70.5,70.5,71
רבין ק. השרון,57.9,2022-04-27T00:00:00.000Z,57.9,62.3,70.5,70.5,71
רבין ק. השרון,57.9,2022-04-27T00:00:00.000Z,57.9,62.3,70.5,70.5,71
רבין ק. השרון,57.9,2022-04-27T00:00:00.000Z,57.9,62.3,70.5,70.5,71
רבין ק. השרון,57.9,2022-04-27T00:00:00.000Z,57.9,62.3,70.5,70.5,71
רבין ק. השרון,57.9,2022-04-27T00:00:00.000Z,57.9,62.3,70.5,70.5,71
רבין ק. השרון,57.9,2022-04-27T00:00:00.000Z,57.9,62.3,70.5,70.5,71
רבין ק. השרון,57.9,2022-04-27T00:00:00.000Z,57.9,62.3,70.5,70.5,71
רבין ק. השרון,57.9,2022-04-27T00:00:00.000Z,57.9,62.3,70.5,70.5,71
רבין ק. השרון,57.9,2022-04-27T00:00:00.000Z,57.9,62.3,70.5,70.5,71
רבין ק. השרון,57.9,2022-04-27T00:00:00.000Z,57.9,62.3,70.5,70.5,71
רבין ק. השרון,57.9,2022-04-27T00:00:00.000Z,57.9,62.3,70.5,70.5,71
רבין ק. השרון,57.9,2022-04-27T00:00:00.000Z,57.9,62.3,70.5,70.5,71
רבין ק. השרון,57.9,2022-04-27T00:00:00.000Z,57.9,62.3,70.5,70.5,71
רבין ק. השרון,57.9,2022-04-27T00:00:00.000Z,57.9,62.3,70.5,70.5,71
רבין ק. השרון,57.9,2022-04-27T00:00:00.000Z,57.9,62.3,70.5,70.5,71
רבין ק. השרון,57.9,2022-04-27T00:00:00.000Z,57.9,62.3,70.5,70.5,71
רבין ק. השרון,57.9,2022-04-27T00:00:00.000Z,57.9,62.3,70.5,70.5,71
רבין ק. השרון,57.9,2022-04-27T00:00:00.000Z,57.9,62.3,70.5,70.5,71
רבין ק. השרון,57.9,2022-04-27T00:00:00.000Z,57.9,62.3,70.5,70.5,71
רבין ק. השרון,57.9,2022-04-27T00:00:00.000Z,57.9,62.3,70.5,70.5,71
רבין ק. השרון,57.9,2022-04-27T00:00:00.000Z,57.9,62.3,70.5,70.5,71
רבין ק. השרון,57.9,2022-04-27T00:00:00.000Z,57.9,62.3,70.5,70.5,71
רבין ק. השרון,57.9,2022-04-27T00:00:00.000Z,57.9,62.3,70.5,70.5,71
רבין ק. השרון,57.9,2022-04-27T00:00:00.000Z,57.9,62.3,70.5,70.5,71
רבין ק. השרון,57.9,2022-04-27T00:00:00.000Z,57.9,62.3,70.5,70.5,71
רבין ק. השרון,57.9,2022-04-27T00:00:00.000Z,57.9,62.3,70.5,70.5,71
רבין ק. השרון,57.9,2022-04-27T00:00:00.000Z,57.9,62.3,70.5,70.5,71
רבין ק. השרון,57.9,2022-04-27T00:00:00.000Z,57.9,62.3,70.5,70.5,71
רבין ק. השרון,57.9,2022-04-27T00:00:00.000Z,57.9,62.3,70.5,70.5,71
רבין ק. השרון,57.9,2022-04-27T00:00:00.000Z,57.9,62.3,70.5,70.5,71
רבין ק. השרון,57.9,2022-04-27T00:00:00.000Z,57.9,62.3,70.5,70.5,71
רבין ק. השרון,57.9,2022-04-27T00:00:00.000Z,57.9,62.3,70.5,70.5,71
רבין ק. השרון,57.9,2022-04-27T00:00:00.000Z,57.9,62.3,70.5,70.5,71
רבין ק. השרון,57.9,2022-04-27T00:00:00.000Z,57.9,62.3,70.5,70.5,71
רבין ק. השרון,57.9,2022-04-27T00:00:00.000Z,57.9,62.3,70.5,70.5,71
רבין ק. השרון,57.9,2022-04-27T00:00:00.000Z,57.9,62.3,70.5,70.5,71
רבין ק. השרון,57.9,2022-04-27T00:00:00.000Z,57.9,62.3,70.5,70.5,71
רבין ק. השרון,57.9,2022-04-27T00:00:00.000Z,57.9,62.3,70.5,70.5,71
רבין ק. השרון,57.9,2022-04-27T00:00:00.000Z,57.9,62.3,70.5,70.5,71
רבין ק. השרון,57.9,2022-04-27T00:00:00.000Z,57.9,62.3,70.5,70.5,71
רבין ק. השרון,57.9,2022-04-27T00:00:00.000Z,57.9,62.3,70.5,70.5,71
רבין ק. השרון,57.9,2022-04-27T00:00:00.000Z,57.9,62.3,70.5,70.5,71
רבין ק. השרון,57.9,2022-04-27T00:00:00.000Z,57.9,62.3,70.5,70.5,71
רבין ק. השרון,57.9,2022-04-27T00:00:00.000Z,57.9,62.3,70.5,70.5,71
רבין ק. השרון,57.9,2022-04-27T00:00:00.000Z,57.9,62.3,70.5,70.5,71
רבין ק. השרון,57.9,2022-04-27T00:00:00.000Z,57.9,62.3,70.5,70.5,71
רבין ק. השרון,57.9,2022-04-27T00:00:00.000Z,57.9,62.3,70.5,70.5,71
רבין ק. השרון,57.9,2022-04-27T00:00:00.000Z,57.9,62.3,70.5,70.5,71
רבין ק. השרון,57.9,2022-04-27T00:00:00.000Z,57.9,62.3,70.5,70.5,71
רבין ק. השרון,57.9,2022-04-27T00:00:00.000Z,57.9,62.3,70.5,70.5,71
רבין ק. השרון,57.9,2022-04-27T00:00:00.000Z,57.9,62.3,70.5,70.5,71
רבין ק. השרון,57.9,2022-04-27T00:00:00.000Z,57.9,62.3,70.5,70.5,71
רבין ק. השרון,57.9,2022-04-27T00:00:00.000Z,57.9,62.3,70.5,70.5,71
רבין ק. השרון,57.9,2022-04-27T00:00:00.000Z,57.9,62.3,70.5,70.5,71
רבין ק. השרון,57.9,2022-04-27T00:00:00.000Z,57.9,62.3,70.5,70.5,71
רבין ק. השרון,57.9,2022-04-27T00:00:00.000Z,57.9,62.3,70.5,70.5,71
רבין ק. השרון,57.9,2022-04-27T00:00:00.000Z,57.9,62.3,70.5,70.5,71
רבין ק. השרון,57.9,2022-04-27T00:00:00.000Z,57.9,62.3,70.5,70.5,71
רבין ק. השרון,57.9,2022-04-27T00:00:00.000Z,57.9,62.3,70.5,70.5,71
רבין ק. השרון,57.9,2022-04-27T00:00:00.000Z,57.9,62.3,70.5,70.5,71
רבין ק. השרון,57.9,2022-04-27T00:00:00.000Z,57.9,62.3,70.5,70.5,71
רבין ק. השרון,57.9,2022-04-27T00:00:00.000Z,57.9,62.3,70.5,70.5,71
רבין ק. השרון,57.9,2022-04-27T00:00:00.000Z,57.9,62.3,70.5,70.5,71
רבין ק. השרון,57.9,2022-04-27T00:00:00.000Z,57.9,62.3,70.5,70.5,71
רבין ק. השרון,57.9,2022-04-27T00:00:00.000Z,57.9,62.3,70.5,70.5,71
רבין ק. השרון,57.9,2022-04-27T00:00:00.000Z,57.9,62.3,70.5,70.5,71
רבין ק. השרון,57.9,2022-04-27T00:00:00.000Z,57.9,62.3,70.5,70.5,71
רבין ק. השרון,57.9,2022-04-27T00:00:00.000Z,57.9,62.3,70.5,70.5,71
רבין ק. השרון,57.9,2022-04-27T00:00:00.000Z,57.9,62.3,70.5,70.5,71
רבין ק. השרון,57.9,2022-04-27T00:00:00.000Z,57.9,62.3,70.5,70.5,71
רבין ק. השרון,57.9,2022-04-27T00:00:00.000Z,57.9,62.3,70.5,70.5,71
רבין ק. השרון,57.9,2022-04-27T00:00:00.000Z,57.9,62.3,70.5,70.5,71
רבין ק. השרון,57.9,2022-04-27T00:00:00.000Z,57.9,62.3,70.5,70.5,71
רבין ק. השרון,57.9,2022-04-27T00:00:00.000Z,57.9,62.3,70.5,70.5,71
רבין ק. השרון,57.9,2022-04-27T00:00:00.000Z,57.9,62.3,70.5,70.5,71
רבין ק. השרון,57.9,2022-04-27T00:00:00.000Z,57.9,62.3,70.5,70.5,71
רבין ק. השרון,57.9,2022-04-27T00:00:00.000Z,57.9,62.3,70.5,70.5,71
רבין ק. השרון,57.9,2022-04-27T00:00:00.000Z,57.9,62.3,70.5,70.5,71
רבין ק. השרון,57.9,2022-04-27T00:00:00.000Z,57.9,62.3,70.5,70.5,71
רבין ק. השרון,57.9,2022-04-27T00:00:00.000Z,57.9,62.3,70.5,70.5,71
רבין ק. השרון,57.9,2022-04-27T00:00:00.000Z,57.9,62.3,70.5,70.5,71
רבין ק. השרון,57.9,2022-04-27T00:00:00.000Z,57.9,62.3,70.5,70.5,71
רבין ק. השרון,57.9,2022-04-27T00:00:00.000Z,57.9,62.3,70.5,70.5,71
רבין ק. השרון,57.9,2022-04-27T00:00:00.000Z,57.9,62.3,70.5,70.5,71
רבין ק. השרון,57.9,2022-04-27T00:00:00.000Z,57.9,62.3,70.5,70.5,71
רבין ק. השרון,57.9,2022-04-27T00:00:00.000Z,57.9,62.3,70.5,70.5,71
רבין ק. השרון,57.9,2022-04-27T00:00:00.000Z,57.9,62.3,70.5,70.5,71
רבין ק. השרון,57.9,2022-04-27T00:00:00.000Z,57.9,62.3,70.5,70.5,71
רבין ק. השרון,57.9,2022-04-27T00:00:00.000Z,57.9,62.3,70.5,70.5,71
רבין ק. השרון,57.9,2022-04-27T00:00:00.000Z,57.9,62.3,70.5,70.5,71
רבין ק. השרון,57.9,2022-04-27T00:00:00.000Z,57.9,62.3,70.5,70.5,71
רבין ק. השרון,57.9,2022-04-27T00:00:00.000Z,57.9,62.3,70.5,70.5,71
רבין ק. השרון,57.9,2022-04-27T00:00:00.000Z,57.9,62.3,70.5,70.5,71
רבין ק. השרון,57.9,2022-04-27T00:00:00.000Z,57.9,62.3,70.5,70.5,71
רבין ק. השרון,57.9,2022-04-27T00:00:00.000Z,57.9,62.3,70.5,70.5,71
רבין ק. השרון,57.9,2022-04-27T00:00:00.000Z,57.9,62.3,70.5,70.5,71
רבין ק. השרון,57.9,2022-04-27T00:00:00.000Z,57.9,62.3,70.5,70.5,71
רבין ק. השרון,57.9,2022-04-27T00:00:00.000Z,57.9,62.3,70.5,70.5,71
רבין ק. השרון,57.9,2022-04-27T00:00:00.000Z,57.9,62.3,70.5,70.5,71
רבין ק. השרון,57.9,2022-04-27T00:00:00.000Z,57.9,62.3,70.5,70.5,71
רבין ק. השרון,57.9,2022-04-27T00:00:00.000Z,57.9,62.3,70.5,70.5,71
רבין ק. השרון,57.9,2022-04-27T00:00:00.000Z,57.9,62.3,70.5,70.5,71
רבין ק. השרון,57.9,2022-04-27T00:00:00.000Z,57.9,62.3,70.5,70.5,71
רבין ק. השרון,57.9,2022-04-27T00:00:00.000Z,57.9,62.3,70.5,70.5,71
רבין ק. השרון,57.9,2022-04-27T00:00:00.000Z,57.9,62.3,70.5,70.5,71
רבין ק. השרון,57.9,2022-04-27T00:00:00.000Z,57.9,62.3,70.5,70.5,71
רבין ק. השרון,57.9,2022-04-27T00:00:00.000Z,57.9,62.3,70.5,70.5,71
רבין ק. השרון,57.9,2022-04-27T00:00:00.000Z,57.9,62.3,70.5,70.5,71
רבין ק. השרון,57.9,2022-04-27T00:00:00.000Z,57.9,62.3,70.5,70.5,71
רבין ק. השרון,57.9,2022-04-27T00:00:00.000Z,57.9,62.3,70.5,70.5,71
רבין ק. השרון,57.9,2022-04-27T00:00:00.000Z,57.9,62.3,70.5,70.5,71
רבין ק. השרון,57.9,2022-04-27T00:00:00.000Z,57.9,62.3,70.5,70.5,71
רבין ק. השרון,57.9,2022-04-27T00:00:00.000Z,57.9,62.3,70.5,70.5,71
רבין ק. השרון,57.9,2022-04-27T00:00:00.000Z,57.9,62.3,70.5,70.5,71
רבין ק. השרון,57.9,2022-04-27T00:00:00.000Z,57.9,62.3,70.5,70.5,71
רבין ק. השרון,57.9,2022-04-27T00:00:00.000Z,57.9,62.3,70.5,70.5,71
רבין ק. השרון,57.9,2022-04-27T00:00:00.000Z,57.9,62.3,70.5,70.5,71
רבין ק. השרון,57.9,2022-04-27T00:00:00.000Z,57.9,62.3,70.5,70.5,71
רבין ק. השרון,57.9,2022-04-27T00:00:00.000Z,57.9,62.3,70.5,70.5,71
רבין ק. השרון,57.9,2022-04-27T00:00:00.000Z,57.9,62.3,70.5,70.5,71
רבין ק. השרון,57.9,2022-04-27T00:00:00.000Z,57.9,62.3,70.5,70.5,71
רבין ק. השרון,57.9,2022-04-27T00:00:00.000Z,57.9,62.3,70.5,70.5,71
רבין ק. השרון,57.9,2022-04-27T00:00:00.000Z,57.9,62.3,70.5,70.5,71
רבין ק. השרון,57.9,2022-04-27T00:00:00.000Z,57.9,62.3,70.5,70.5,71
רבין ק. השרון,57.9,2022-04-27T00:00:00.000Z,57.9,62.3,70.5,70.5,71
רבין ק. השרון,57.9,2022-04-27T00:00:00.000Z,57.9,62.3,70.5,70.5,71
רבין ק. השרון,57.9,2022-04-27T00:00:00.000Z,57.9,62.3,70.5,70.5,71
רבין ק. השרון,57.9,2022-04-27T00:00:00.000Z,57.9,62.3,70.5,70.5,71
רבין ק. השרון,57.9,2022-04-27T00:00:00.000Z,57.9,62.3,70.5,70.5,71
רבין ק. השרון,57.9,2022-04-27T00:00:00.000Z,57.9,62.3,70.5,70.5,71
רבין ק. השרון,57.9,2022-04-27T00:00:00.000Z,57.9,62.3,70.5,70.5,71
רבין ק. השרון,57.9,2022-04-27T00:00:00.000Z,57.9,62.3,70.5,70.5,71
רבין ק. השרון,57.9,2022-04-27T00:00:00.000Z,57.9,62.3,70.5,70.5,71
רבין ק. השרון,57.9,2022-04-27T00:00:00.000Z,57.9,62.3,70.5,70.5,71
רבין ק. השרון,57.9,2022-04-27T00:00:00.000Z,57.9,62.3,70.5,70.5,71
רבין ק. השרון,57.9,2022-04-27T00:00:00.000Z,57.9,62.3,70.5,70.5,71
רבין ק. השרון,57.9,2022-04-27T00:00:00.000Z,57.9,62.3,70.5,70.5,71
רבין ק. השרון,57.9,2022-04-27T00:00:00.000Z,57.9,62.3,70.5,70.5,71
רבין ק. השרון,57.9,2022-04-27T00:00:00.000Z,57.9,62.3,70.5,70.5,71
רבין ק. השרון,57.9,2022-04-27T00:00:00.000Z,57.9,62.3,70.5,70.5,71
רבין ק. השרון,57.9,2022-04-27T00:00:00.000Z,57.9,62.3,70.5,70.5,71
רבין ק. השרון,57.9,2022-04-27T00:00:00.000Z,57.9,62.3,70.5,70.5,71
רבין ק. השרון,57.9,2022-04-27T00:00:00.000Z,57.9,62.3,70.5,70.5,71
רבין ק. השרון,57.9,2022-04-27T00:00:00.000Z,57.9,62.3,70.5,70.5,71
רבין ק. השרון,57.9,2022-04-27T00:00:00.000Z,57.9,62.3,70.5,70.5,71
רבין ק. השרון,57.9,2022-04-27T00:00:00.000Z,57.9,62.3,70.5,70.5,71
רבין ק. השרון,57.9,2022-04-27T00:00:00.000Z,57.9,62.3,70.5,70.5,71
רבין ק. השרון,57.9,2022-04-27T00:00:00.000Z,57.9,62.3,70.5,70.5,71
רבין ק. השרון,57.9,2022-04-27T00:00:00.000Z,57.9,62.3,70.5,70.5,71
רבין ק. השרון,57.9,2022-04-27T00:00:00.000Z,57.9,62.3,70.5,70.5,71
רבין ק. השרון,57.9,2022-04-27T00:00:00.000Z,57.9,62.3,70.5,70.5,71
רבין ק. השרון,57.9,2022-04-27T00:00:00.000Z,57.9,62.3,70.5,70.5,71
רבין ק. השרון,57.9,2022-04-27T00:00:00.000Z,57.9,62.3,70.5,70.5,71
רבין ק. השרון,57.9,2022-04-27T00:00:00.000Z,57.9,62.3,70.5,70.5,71
רבין ק. השרון,57.9,2022-04-27T00:00:00.000Z,57.9,62.3,70.5,70.5,71
רבין ק. השרון,57.9,2022-04-27T00:00:00.000Z,57.9,62.3,70.5,70.5,71
רבין ק. השרון,57.9,2022-04-27T00:00:00.000Z,57.9,62.3,70.5,70.5,71
רבין ק. השרון,57.9,2022-04-27T00:00:00.000Z,57.9,62.3,70.5,70.5,71
רבין ק. השרון,57.9,2022-04-27T00:00:00.000Z,57.9,62.3,70.5,70.5,71
רבין ק. השרון,57.9,2022-04-27T00:00:00.000Z,57.9,62.3,70.5,70.5,71
רבין ק. השרון,57.9,2022-04-27T00:00:00.000Z,57.9,62.3,70.5,70.5,71
רבין ק. השרון,57.9,2022-04-27T00:00:00.000Z,57.9,62.3,70.5,70.5,71
רבין ק. השרון,57.9,2022-04-27T00:00:00.000Z,57.9,62.3,70.5,70.5,71
רבין ק. השרון,57.9,2022-04-27T00:00:00.000Z,57.9,62.3,70.5,70.5,71
רבין ק. השרון,57.9,2022-04-27T00:00:00.000Z,57.9,62.3,70.5,70.5,71
רבין ק. השרון,57.9,2022-04-27T00:00:00.000Z,57.9,62.3,70.5,70.5,71
רבין ק. השרון,57.9,2022-04-27T00:00:00.000Z,57.9,62.3,70.5,70.5,71
רבין ק. השרון,57.9,2022-04-27T00:00:00.000Z,57.9,62.3,70.5,70.5,71
רבין ק. השרון,57.9,2022-04-27T00:00:00.000Z,57.9,62.3,70.5,70.5,71
רבין ק. השרון,57.9,2022-04-27T00:00:00.000Z,57.9,62.3,70.5,70.5,71
רבין ק. השרון,57.9,2022-04-27T00:00:00.000Z,57.9,62.3,70.5,70.5,71
רבין ק. השרון,57.9,2022-04-27T00:00:00.000Z,57.9,62.3,70.5,70.5,71
רבין ק. השרון,57.9,2022-04-27T00:00:00.000Z,57.9,62.3,70.5,70.5,71
רבין ק. השרון,57.9,2022-04-27T00:00:00.000Z,57.9,62.3,70.5,70.5,71
רבין ק. השרון,57.9,2022-04-27T00:00:00.000Z,57.9,62.3,70.5,70.5,71
רבין ק. השרון,57.9,2022-04-27T00:00:00.000Z,57.9,62.3,70.5,70.5,71
רבין ק. השרון,57.9,2022-04-27T00:00:00.000Z,57.9,62.3,70.5,70.5,71
רבין ק. השרון,57.9,2022-04-27T00:00:00.000Z,57.9,62.3,70.5,70.5,71
רבין ק. השרון,57.9,2022-04-27T00:00:00.000Z,57.9,62.3,70.5,70.5,71
רבין ק. השרון,57.9,2022-04-27T00:00:00.000Z,57.9,62.3,70.5,70.5,71
רבין ק. השרון,57.9,2022-04-27T00:00:00.000Z,57.9,62.3,70.5,70.5,71
רבין ק. השרון,57.9,2022-04-27T00:00:00.000Z,57.9,62.3,70.5,70.5,71
רבין ק. השרון,57.9,2022-04-27T00:00:00.000Z,57.9,62.3,70.5,70.5,71
רבין ק. השרון,57.9,2022-04-27T00:00:00.000Z,57.9,62.3,70.5,70.5,71
רבין ק. השרון,57.9,2022-04-27T00:00:00.000Z,57.9,62.3,70.5,70.5,71
רבין ק. השרון,57.9,2022-04-27T00:00:00.000Z,57.9,62.3,70.5,70.5,71
רבין ק. השרון,57.9,2022-04-27T00:00:00.000Z,57.9,62.3,70.5,70.5,71
רבין ק. השרון,57.9,2022-04-27T00:00:00.000Z,57.9,62.3,70.5,70.5,71
רבין ק. השרון,57.9,2022-04-27T00:00:00.000Z,57.9,62.3,70.5,70.5,71
רבין ק. השרון,57.9,2022-04-27T00:00:00.000Z,57.9,62.3,70.5,70.5,71
רבין ק. השרון,57.9,2022-04-27T00:00:00.000Z,57.9,62.3,70.5,70.5,71
רבין ק. השרון,57.9,2022-04-27T00:00:00.000Z,57.9,62.3,70.5,70.5,71
רבין ק. השרון,57.9,2022-04-27T00:00:00.000Z,57.9,62.3,70.5,70.5,71
רבין ק. השרון,57.9,2022-04-27T00:00:00.000Z,57.9,62.3,70.5,70.5,71
רבין ק. השרון,57.9,2022-04-27T00:00:00.000Z,57.9,62.3,70.5,70.5,71
רבין ק. השרון,57.9,2022-04-27T00:00:00.000Z,57.9,62.3,70.5,70.5,71
רבין ק. השרון,57.9,2022-04-27T00:00:00.000Z,57.9,62.3,70.5,70.5,71
רבין ק. השרון,57.9,2022-04-27T00:00:00.000Z,57.9,62.3,70.5,70.5,71
רבין ק. השרון,57.9,2022-04-27T00:00:00.000Z,57.9,62.3,70.5,70.5,71
רבין ק. השרון,57.9,2022-04-27T00:00:00.000Z,57.9,62.3,70.5,70.5,71
רבין ק. השרון,57.9,2022-04-27T00:00:00.000Z,57.9,62.3,70.5,70.5,71
המרכזי בעמק,98.1,2022-04-27T00:00:00.000Z,98.1,101.9,71.3,71.3,76.9
המרכזי בעמק,98.1,2022-04-27T00:00:00.000Z,98.1,101.9,71.3,71.3,76.9
המרכזי בעמק,98.1,2022-04-27T00:00:00.000Z,98.1,101.9,71.3,71.3,76.9
המרכזי בעמק,98.1,2022-04-27T00:00:00.000Z,98.1,101.9,71.3,71.3,76.9
המרכזי בעמק,98.1,2022-04-27T00:00:00.000Z,98.1,101.9,71.3,71.3,76.9
המרכזי בעמק,98.1,2022-04-27T00:00:00.000Z,98.1,101.9,71.3,71.3,76.9
המרכזי בעמק,98.1,2022-04-27T00:00:00.000Z,98.1,101.9,71.3,71.3,76.9
המרכזי בעמק,98.1,2022-04-27T00:00:00.000Z,98.1,101.9,71.3,71.3,76.9
המרכזי בעמק,98.1,2022-04-27T00:00:00.000Z,98.1,101.9,71.3,71.3,76.9
המרכזי בעמק,98.1,2022-04-27T00:00:00.000Z,98.1,101.9,71.3,71.3,76.9
המרכזי בעמק,98.1,2022-04-27T00:00:00.000Z,98.1,101.9,71.3,71.3,76.9
המרכזי בעמק,98.1,2022-04-27T00:00:00.000Z,98.1,101.9,71.3,71.3,76.9
המרכזי בעמק,98.1,2022-04-27T00:00:00.000Z,98.1,101.9,71.3,71.3,76.9
המרכזי בעמק,98.1,2022-04-27T00:00:00.000Z,98.1,101.9,71.3,71.3,76.9
המרכזי בעמק,98.1,2022-04-27T00:00:00.000Z,98.1,101.9,71.3,71.3,76.9
המרכזי בעמק,98.1,2022-04-27T00:00:00.000Z,98.1,101.9,71.3,71.3,76.9
המרכזי בעמק,98.1,2022-04-27T00:00:00.000Z,98.1,101.9,71.3,71.3,76.9
המרכזי בעמק,98.1,2022-04-27T00:00:00.000Z,98.1,101.9,71.3,71.3,76.9
המרכזי בעמק,98.1,2022-04-27T00:00:00.000Z,98.1,101.9,71.3,71.3,76.9
המרכזי בעמק,98.1,2022-04-27T00:00:00.000Z,98.1,101.9,71.3,71.3,76.9
המרכזי בעמק,98.1,2022-04-27T00:00:00.000Z,98.1,101.9,71.3,71.3,76.9
המרכזי בעמק,98.1,2022-04-27T00:00:00.000Z,98.1,101.9,71.3,71.3,76.9
המרכזי בעמק,98.1,2022-04-27T00:00:00.000Z,98.1,101.9,71.3,71.3,76.9
המרכזי בעמק,98.1,2022-04-27T00:00:00.000Z,98.1,101.9,71.3,71.3,76.9
המרכזי בעמק,98.1,2022-04-27T00:00:00.000Z,98.1,101.9,71.3,71.3,76.9
המרכזי בעמק,98.1,2022-04-27T00:00:00.000Z,98.1,101.9,71.3,71.3,76.9
המרכזי בעמק,98.1,2022-04-27T00:00:00.000Z,98.1,101.9,71.3,71.3,76.9
המרכזי בעמק,98.1,2022-04-27T00:00:00.000Z,98.1,101.9,71.3,71.3,76.9
המרכזי בעמק,98.1,2022-04-27T00:00:00.000Z,98.1,101.9,71.3,71.3,76.9
המרכזי בעמק,98.1,2022-04-27T00:00:00.000Z,98.1,101.9,71.3,71.3,76.9
המרכזי בעמק,98.1,2022-04-27T00:00:00.000Z,98.1,101.9,71.3,71.3,76.9
המרכזי בעמק,98.1,2022-04-27T00:00:00.000Z,98.1,101.9,71.3,71.3,76.9
המרכזי בעמק,98.1,2022-04-27T00:00:00.000Z,98.1,101.9,71.3,71.3,76.9
המרכזי בעמק,98.1,2022-04-27T00:00:00.000Z,98.1,101.9,71.3,71.3,76.9
המרכזי בעמק,98.1,2022-04-27T00:00:00.000Z,98.1,101.9,71.3,71.3,76.9
המרכזי בעמק,98.1,2022-04-27T00:00:00.000Z,98.1,101.9,71.3,71.3,76.9
המרכזי בעמק,98.1,2022-04-27T00:00:00.000Z,98.1,101.9,71.3,71.3,76.9
המרכזי בעמק,98.1,2022-04-27T00:00:00.000Z,98.1,101.9,71.3,71.3,76.9
המרכזי בעמק,98.1,2022-04-27T00:00:00.000Z,98.1,101.9,71.3,71.3,76.9
המרכזי בעמק,98.1,2022-04-27T00:00:00.000Z,98.1,101.9,71.3,71.3,76.9
המרכזי בעמק,98.1,2022-04-27T00:00:00.000Z,98.1,101.9,71.3,71.3,76.9
המרכזי בעמק,98.1,2022-04-27T00:00:00.000Z,98.1,101.9,71.3,71.3,76.9
המרכזי בעמק,98.1,2022-04-27T00:00:00.000Z,98.1,101.9,71.3,71.3,76.9
המרכזי בעמק,98.1,2022-04-27T00:00:00.000Z,98.1,101.9,71.3,71.3,76.9
המרכזי בעמק,98.1,2022-04-27T00:00:00.000Z,98.1,101.9,71.3,71.3,76.9
המרכזי בעמק,98.1,2022-04-27T00:00:00.000Z,98.1,101.9,71.3,71.3,76.9
המרכזי בעמק,98.1,2022-04-27T00:00:00.000Z,98.1,101.9,71.3,71.3,76.9
המרכזי בעמק,98.1,2022-04-27T00:00:00.000Z,98.1,101.9,71.3,71.3,76.9
המרכזי בעמק,98.1,2022-04-27T00:00:00.000Z,98.1,101.9,71.3,71.3,76.9
המרכזי בעמק,98.1,2022-04-27T00:00:00.000Z,98.1,101.9,71.3,71.3,76.9
המרכזי בעמק,98.1,2022-04-27T00:00:00.000Z,98.1,101.9,71.3,71.3,76.9
המרכזי בעמק,98.1,2022-04-27T00:00:00.000Z,98.1,101.9,71.3,71.3,76.9
המרכזי בעמק,98.1,2022-04-27T00:00:00.000Z,98.1,101.9,71.3,71.3,76.9
המרכזי בעמק,98.1,2022-04-27T00:00:00.000Z,98.1,101.9,71.3,71.3,76.9
המרכזי בעמק,98.1,2022-04-27T00:00:00.000Z,98.1,101.9,71.3,71.3,76.9
המרכזי בעמק,98.1,2022-04-27T00:00:00.000Z,98.1,101.9,71.3,71.3,76.9
המרכזי בעמק,98.1,2022-04-27T00:00:00.000Z,98.1,101.9,71.3,71.3,76.9
המרכזי בעמק,98.1,2022-04-27T00:00:00.000Z,98.1,101.9,71.3,71.3,76.9
המרכזי בעמק,98.1,2022-04-27T00:00:00.000Z,98.1,101.9,71.3,71.3,76.9
המרכזי בעמק,98.1,2022-04-27T00:00:00.000Z,98.1,101.9,71.3,71.3,76.9
המרכזי בעמק,98.1,2022-04-27T00:00:00.000Z,98.1,101.9,71.3,71.3,76.9
המרכזי בעמק,98.1,2022-04-27T00:00:00.000Z,98.1,101.9,71.3,71.3,76.9
המרכזי בעמק,98.1,2022-04-27T00:00:00.000Z,98.1,101.9,71.3,71.3,76.9
המרכזי בעמק,98.1,2022-04-27T00:00:00.000Z,98.1,101.9,71.3,71.3,76.9
המרכזי בעמק,98.1,2022-04-27T00:00:00.000Z,98.1,101.9,71.3,71.3,76.9
המרכזי בעמק,98.1,2022-04-27T00:00:00.000Z,98.1,101.9,71.3,71.3,76.9
המרכזי בעמק,98.1,2022-04-27T00:00:00.000Z,98.1,101.9,71.3,71.3,76.9
המרכזי בעמק,98.1,2022-04-27T00:00:00.000Z,98.1,101.9,71.3,71.3,76.9
המרכזי בעמק,98.1,2022-04-27T00:00:00.000Z,98.1,101.9,71.3,71.3,76.9
המרכזי בעמק,98.1,2022-04-27T00:00:00.000Z,98.1,101.9,71.3,71.3,76.9
המרכזי בעמק,98.1,2022-04-27T00:00:00.000Z,98.1,101.9,71.3,71.3,76.9
המרכזי בעמק,98.1,2022-04-27T00:00:00.000Z,98.1,101.9,71.3,71.3,76.9
המרכזי בעמק,98.1,2022-04-27T00:00:00.000Z,98.1,101.9,71.3,71.3,76.9
המרכזי בעמק,98.1,2022-04-27T00:00:00.000Z,98.1,101.9,71.3,71.3,76.9
המרכזי בעמק,98.1,2022-04-27T00:00:00.000Z,98.1,101.9,71.3,71.3,76.9
המרכזי בעמק,98.1,2022-04-27T00:00:00.000Z,98.1,101.9,71.3,71.3,76.9
המרכזי בעמק,98.1,2022-04-27T00:00:00.000Z,98.1,101.9,71.3,71.3,76.9
המרכזי בעמק,98.1,2022-04-27T00:00:00.000Z,98.1,101.9,71.3,71.3,76.9
המרכזי בעמק,98.1,2022-04-27T00:00:00.000Z,98.1,101.9,71.3,71.3,76.9
המרכזי בעמק,98.1,2022-04-27T00:00:00.000Z,98.1,101.9,71.3,71.3,76.9
המרכזי בעמק,98.1,2022-04-27T00:00:00.000Z,98.1,101.9,71.3,71.3,76.9
המרכזי בעמק,98.1,2022-04-27T00:00:00.000Z,98.1,101.9,71.3,71.3,76.9
המרכזי בעמק,98.1,2022-04-27T00:00:00.000Z,98.1,101.9,71.3,71.3,76.9
המרכזי בעמק,98.1,2022-04-27T00:00:00.000Z,98.1,101.9,71.3,71.3,76.9
המרכזי בעמק,98.1,2022-04-27T00:00:00.000Z,98.1,101.9,71.3,71.3,76.9
המרכזי בעמק,98.1,2022-04-27T00:00:00.000Z,98.1,101.9,71.3,71.3,76.9
המרכזי בעמק,98.1,2022-04-27T00:00:00.000Z,98.1,101.9,71.3,71.3,76.9
המרכזי בעמק,98.1,2022-04-27T00:00:00.000Z,98.1,101.9,71.3,71.3,76.9
המרכזי בעמק,98.1,2022-04-27T00:00:00.000Z,98.1,101.9,71.3,71.3,76.9
המרכזי בעמק,98.1,2022-04-27T00:00:00.000Z,98.1,101.9,71.3,71.3,76.9
המרכזי בעמק,98.1,2022-04-27T00:00:00.000Z,98.1,101.9,71.3,71.3,76.9
המרכזי בעמק,98.1,2022-04-27T00:00:00.000Z,98.1,101.9,71.3,71.3,76.9
המרכזי בעמק,98.1,2022-04-27T00:00:00.000Z,98.1,101.9,71.3,71.3,76.9
המרכזי בעמק,98.1,2022-04-27T00:00:00.000Z,98.1,101.9,71.3,71.3,76.9
המרכזי בעמק,98.1,2022-04-27T00:00:00.000Z,98.1,101.9,71.3,71.3,76.9
המרכזי בעמק,98.1,2022-04-27T00:00:00.000Z,98.1,101.9,71.3,71.3,76.9
המרכזי בעמק,98.1,2022-04-27T00:00:00.000Z,98.1,101.9,71.3,71.3,76.9
המרכזי בעמק,98.1,2022-04-27T00:00:00.000Z,98.1,101.9,71.3,71.3,76.9
המרכזי בעמק,98.1,2022-04-27T00:00:00.000Z,98.1,101.9,71.3,71.3,76.9
המרכזי בעמק,98.1,2022-04-27T00:00:00.000Z,98.1,101.9,71.3,71.3,76.9
המרכזי בעמק,98.1,2022-04-27T00:00:00.000Z,98.1,101.9,71.3,71.3,76.9
המרכזי בעמק,98.1,2022-04-27T00:00:00.000Z,98.1,101.9,71.3,71.3,76.9
המרכזי בעמק,98.1,2022-04-27T00:00:00.000Z,98.1,101.9,71.3,71.3,76.9
המרכזי בעמק,98.1,2022-04-27T00:00:00.000Z,98.1,101.9,71.3,71.3,76.9
המרכזי בעמק,98.1,2022-04-27T00:00:00.000Z,98.1,101.9,71.3,71.3,76.9
המרכזי בעמק,98.1,2022-04-27T00:00:00.000Z,98.1,101.9,71.3,71.3,76.9
המרכזי בעמק,98.1,2022-04-27T00:00:00.000Z,98.1,101.9,71.3,71.3,76.9
המרכזי בעמק,98.1,2022-04-27T00:00:00.000Z,98.1,101.9,71.3,71.3,76.9
המרכזי בעמק,98.1,2022-04-27T00:00:00.000Z,98.1,101.9,71.3,71.3,76.9
המרכזי בעמק,98.1,2022-04-27T00:00:00.000Z,98.1,101.9,71.3,71.3,76.9
המרכזי בעמק,98.1,2022-04-27T00:00:00.000Z,98.1,101.9,71.3,71.3,76.9
המרכזי בעמק,98.1,2022-04-27T00:00:00.000Z,98.1,101.9,71.3,71.3,76.9
המרכזי בעמק,98.1,2022-04-27T00:00:00.000Z,98.1,101.9,71.3,71.3,76.9
המרכזי בעמק,98.1,2022-04-27T00:00:00.000Z,98.1,101.9,71.3,71.3,76.9
המרכזי בעמק,98.1,2022-04-27T00:00:00.000Z,98.1,101.9,71.3,71.3,76.9
המרכזי בעמק,98.1,2022-04-27T00:00:00.000Z,98.1,101.9,71.3,71.3,76.9
המרכזי בעמק,98.1,2022-04-27T00:00:00.000Z,98.1,101.9,71.3,71.3,76.9
המרכזי בעמק,98.1,2022-04-27T00:00:00.000Z,98.1,101.9,71.3,71.3,76.9
המרכזי בעמק,98.1,2022-04-27T00:00:00.000Z,98.1,101.9,71.3,71.3,76.9
המרכזי בעמק,98.1,2022-04-27T00:00:00.000Z,98.1,101.9,71.3,71.3,76.9
המרכזי בעמק,98.1,2022-04-27T00:00:00.000Z,98.1,101.9,71.3,71.3,76.9
המרכזי בעמק,98.1,2022-04-27T00:00:00.000Z,98.1,101.9,71.3,71.3,76.9
המרכזי בעמק,98.1,2022-04-27T00:00:00.000Z,98.1,101.9,71.3,71.3,76.9
המרכזי בעמק,98.1,2022-04-27T00:00:00.000Z,98.1,101.9,71.3,71.3,76.9
המרכזי בעמק,98.1,2022-04-27T00:00:00.000Z,98.1,101.9,71.3,71.3,76.9
המרכזי בעמק,98.1,2022-04-27T00:00:00.000Z,98.1,101.9,71.3,71.3,76.9
המרכזי בעמק,98.1,2022-04-27T00:00:00.000Z,98.1,101.9,71.3,71.3,76.9
המרכזי בעמק,98.1,2022-04-27T00:00:00.000Z,98.1,101.9,71.3,71.3,76.9
המרכזי בעמק,98.1,2022-04-27T00:00:00.000Z,98.1,101.9,71.3,71.3,76.9
המרכזי בעמק,98.1,2022-04-27T00:00:00.000Z,98.1,101.9,71.3,71.3,76.9
המרכזי בעמק,98.1,2022-04-27T00:00:00.000Z,98.1,101.9,71.3,71.3,76.9
המרכזי בעמק,98.1,2022-04-27T00:00:00.000Z,98.1,101.9,71.3,71.3,76.9
המרכזי בעמק,98.1,2022-04-27T00:00:00.000Z,98.1,101.9,71.3,71.3,76.9
המרכזי בעמק,98.1,2022-04-27T00:00:00.000Z,98.1,101.9,71.3,71.3,76.9
המרכזי בעמק,98.1,2022-04-27T00:00:00.000Z,98.1,101.9,71.3,71.3,76.9
המרכזי בעמק,98.1,2022-04-27T00:00:00.000Z,98.1,101.9,71.3,71.3,76.9
המרכזי בעמק,98.1,2022-04-27T00:00:00.000Z,98.1,101.9,71.3,71.3,76.9
המרכזי בעמק,98.1,2022-04-27T00:00:00.000Z,98.1,101.9,71.3,71.3,76.9
המרכזי בעמק,98.1,2022-04-27T00:00:00.000Z,98.1,101.9,71.3,71.3,76.9
המרכזי בעמק,98.1,2022-04-27T00:00:00.000Z,98.1,101.9,71.3,71.3,76.9
המרכזי בעמק,98.1,2022-04-27T00:00:00.000Z,98.1,101.9,71.3,71.3,76.9
המרכזי בעמק,98.1,2022-04-27T00:00:00.000Z,98.1,101.9,71.3,71.3,76.9
המרכזי בעמק,98.1,2022-04-27T00:00:00.000Z,98.1,101.9,71.3,71.3,76.9
המרכזי בעמק,98.1,2022-04-27T00:00:00.000Z,98.1,101.9,71.3,71.3,76.9
המרכזי בעמק,98.1,2022-04-27T00:00:00.000Z,98.1,101.9,71.3,71.3,76.9
המרכזי בעמק,98.1,2022-04-27T00:00:00.000Z,98.1,101.9,71.3,71.3,76.9
המרכזי בעמק,98.1,2022-04-27T00:00:00.000Z,98.1,101.9,71.3,71.3,76.9
המרכזי בעמק,98.1,2022-04-27T00:00:00.000Z,98.1,101.9,71.3,71.3,76.9
המרכזי בעמק,98.1,2022-04-27T00:00:00.000Z,98.1,101.9,71.3,71.3,76.9
המרכזי בעמק,98.1,2022-04-27T00:00:00.000Z,98.1,101.9,71.3,71.3,76.9
המרכזי בעמק,98.1,2022-04-27T00:00:00.000Z,98.1,101.9,71.3,71.3,76.9
המרכזי בעמק,98.1,2022-04-27T00:00:00.000Z,98.1,101.9,71.3,71.3,76.9
המרכזי בעמק,98.1,2022-04-27T00:00:00.000Z,98.1,101.9,71.3,71.3,76.9
המרכזי בעמק,98.1,2022-04-27T00:00:00.000Z,98.1,101.9,71.3,71.3,76.9
המרכזי בעמק,98.1,2022-04-27T00:00:00.000Z,98.1,101.9,71.3,71.3,76.9
המרכזי בעמק,98.1,2022-04-27T00:00:00.000Z,98.1,101.9,71.3,71.3,76.9
המרכזי בעמק,98.1,2022-04-27T00:00:00.000Z,98.1,101.9,71.3,71.3,76.9
המרכזי בעמק,98.1,2022-04-27T00:00:00.000Z,98.1,101.9,71.3,71.3,76.9
המרכזי בעמק,98.1,2022-04-27T00:00:00.000Z,98.1,101.9,71.3,71.3,76.9
המרכזי בעמק,98.1,2022-04-27T00:00:00.000Z,98.1,101.9,71.3,71.3,76.9
המרכזי בעמק,98.1,2022-04-27T00:00:00.000Z,98.1,101.9,71.3,71.3,76.9
המרכזי בעמק,98.1,2022-04-27T00:00:00.000Z,98.1,101.9,71.3,71.3,76.9
המרכזי בעמק,98.1,2022-04-27T00:00:00.000Z,98.1,101.9,71.3,71.3,76.9
המרכזי בעמק,98.1,2022-04-27T00:00:00.000Z,98.1,101.9,71.3,71.3,76.9
המרכזי בעמק,98.1,2022-04-27T00:00:00.000Z,98.1,101.9,71.3,71.3,76.9
המרכזי בעמק,98.1,2022-04-27T00:00:00.000Z,98.1,101.9,71.3,71.3,76.9
המרכזי בעמק,98.1,2022-04-27T00:00:00.000Z,98.1,101.9,71.3,71.3,76.9
המרכזי בעמק,98.1,2022-04-27T00:00:00.000Z,98.1,101.9,71.3,71.3,76.9
המרכזי בעמק,98.1,2022-04-27T00:00:00.000Z,98.1,101.9,71.3,71.3,76.9
המרכזי בעמק,98.1,2022-04-27T00:00:00.000Z,98.1,101.9,71.3,71.3,76.9
המרכזי בעמק,98.1,2022-04-27T00:00:00.000Z,98.1,101.9,71.3,71.3,76.9
המרכזי בעמק,98.1,2022-04-27T00:00:00.000Z,98.1,101.9,71.3,71.3,76.9
המרכזי בעמק,98.1,2022-04-27T00:00:00.000Z,98.1,101.9,71.3,71.3,76.9
המרכזי בעמק,98.1,2022-04-27T00:00:00.000Z,98.1,101.9,71.3,71.3,76.9
המרכזי בעמק,98.1,2022-04-27T00:00:00.000Z,98.1,101.9,71.3,71.3,76.9
המרכזי בעמק,98.1,2022-04-27T00:00:00.000Z,98.1,101.9,71.3,71.3,76.9
המרכזי בעמק,98.1,2022-04-27T00:00:00.000Z,98.1,101.9,71.3,71.3,76.9
המרכזי בעמק,98.1,2022-04-27T00:00:00.000Z,98.1,101.9,71.3,71.3,76.9
המרכזי בעמק,98.1,2022-04-27T00:00:00.000Z,98.1,101.9,71.3,71.3,76.9
המרכזי בעמק,98.1,2022-04-27T00:00:00.000Z,98.1,101.9,71.3,71.3,76.9
המרכזי בעמק,98.1,2022-04-27T00:00:00.000Z,98.1,101.9,71.3,71.3,76.9
המרכזי בעמק,98.1,2022-04-27T00:00:00.000Z,98.1,101.9,71.3,71.3,76.9
המרכזי בעמק,98.1,2022-04-27T00:00:00.000Z,98.1,101.9,71.3,71.3,76.9
המרכזי בעמק,98.1,2022-04-27T00:00:00.000Z,98.1,101.9,71.3,71.3,76.9
המרכזי בעמק,98.1,2022-04-27T00:00:00.000Z,98.1,101.9,71.3,71.3,76.9
המרכזי בעמק,98.1,2022-04-27T00:00:00.000Z,98.1,101.9,71.3,71.3,76.9
המרכזי בעמק,98.1,2022-04-27T00:00:00.000Z,98.1,101.9,71.3,71.3,76.9
המרכזי בעמק,98.1,2022-04-27T00:00:00.000Z,98.1,101.9,71.3,71.3,76.9
המרכזי בעמק,98.1,2022-04-27T00:00:00.000Z,98.1,101.9,71.3,71.3,76.9
המרכזי בעמק,98.1,2022-04-27T00:00:00.000Z,98.1,101.9,71.3,71.3,76.9
המרכזי בעמק,98.1,2022-04-27T00:00:00.000Z,98.1,101.9,71.3,71.3,76.9
המרכזי בעמק,98.1,2022-04-27T00:00:00.000Z,98.1,101.9,71.3,71.3,76.9
המרכזי בעמק,98.1,2022-04-27T00:00:00.000Z,98.1,101.9,71.3,71.3,76.9
המרכזי בעמק,98.1,2022-04-27T00:00:00.000Z,98.1,101.9,71.3,71.3,76.9
המרכזי בעמק,98.1,2022-04-27T00:00:00.000Z,98.1,101.9,71.3,71.3,76.9
המרכזי בעמק,98.1,2022-04-27T00:00:00.000Z,98.1,101.9,71.3,71.3,76.9
המרכזי בעמק,98.1,2022-04-27T00:00:00.000Z,98.1,101.9,71.3,71.3,76.9
המרכזי בעמק,98.1,2022-04-27T00:00:00.000Z,98.1,101.9,71.3,71.3,76.9
המרכזי בעמק,98.1,2022-04-27T00:00:00.000Z,98.1,101.9,71.3,71.3,76.9
המרכזי בעמק,98.1,2022-04-27T00:00:00.000Z,98.1,101.9,71.3,71.3,76.9
המרכזי בעמק,98.1,2022-04-27T00:00:00.000Z,98.1,101.9,71.3,71.3,76.9
המרכזי בעמק,98.1,2022-04-27T00:00:00.000Z,98.1,101.9,71.3,71.3,76.9
המרכזי בעמק,98.1,2022-04-27T00:00:00.000Z,98.1,101.9,71.3,71.3,76.9
המרכזי בעמק,98.1,2022-04-27T00:00:00.000Z,98.1,101.9,71.3,71.3,76.9
המרכזי בעמק,98.1,2022-04-27T00:00:00.000Z,98.1,101.9,71.3,71.3,76.9
המרכזי בעמק,98.1,2022-04-27T00:00:00.000Z,98.1,101.9,71.3,71.3,76.9
המרכזי בעמק,98.1,2022-04-27T00:00:00.000Z,98.1,101.9,71.3,71.3,76.9
המרכזי בעמק,98.1,2022-04-27T00:00:00.000Z,98.1,101.9,71.3,71.3,76.9
המרכזי בעמק,98.1,2022-04-27T00:00:00.000Z,98.1,101.9,71.3,71.3,76.9
המרכזי בעמק,98.1,2022-04-27T00:00:00.000Z,98.1,101.9,71.3,71.3,76.9
המרכזי בעמק,98.1,2022-04-27T00:00:00.000Z,98.1,101.9,71.3,71.3,76.9
המרכזי בעמק,98.1,2022-04-27T00:00:00.000Z,98.1,101.9,71.3,71.3,76.9
המרכזי בעמק,98.1,2022-04-27T00:00:00.000Z,98.1,101.9,71.3,71.3,76.9
המרכזי בעמק,98.1,2022-04-27T00:00:00.000Z,98.1,101.9,71.3,71.3,76.9
המרכזי בעמק,98.1,2022-04-27T00:00:00.000Z,98.1,101.9,71.3,71.3,76.9
המרכזי בעמק,98.1,2022-04-27T00:00:00.000Z,98.1,101.9,71.3,71.3,76.9
פוריה,79.5,2022-04-27T00:00:00.000Z,79.5,66.7,84.5,84.5,74.6
פוריה,79.5,2022-04-27T00:00:00.000Z,79.5,66.7,84.5,84.5,74.6
פוריה,79.5,2022-04-27T00:00:00.000Z,79.5,66.7,84.5,84.5,74.6
פוריה,79.5,2022-04-27T00:00:00.000Z,79.5,66.7,84.5,84.5,74.6
פוריה,79.5,2022-04-27T00:00:00.000Z,79.5,66.7,84.5,84.5,74.6
פוריה,79.5,2022-04-27T00:00:00.000Z,79.5,66.7,84.5,84.5,74.6
פוריה,79.5,2022-04-27T00:00:00.000Z,79.5,66.7,84.5,84.5,74.6
פוריה,79.5,2022-04-27T00:00:00.000Z,79.5,66.7,84.5,84.5,74.6
פוריה,79.5,2022-04-27T00:00:00.000Z,79.5,66.7,84.5,84.5,74.6
פוריה,79.5,2022-04-27T00:00:00.000Z,79.5,66.7,84.5,84.5,74.6
פוריה,79.5,2022-04-27T00:00:00.000Z,79.5,66.7,84.5,84.5,74.6
פוריה,79.5,2022-04-27T00:00:00.000Z,79.5,66.7,84.5,84.5,74.6
פוריה,79.5,2022-04-27T00:00:00.000Z,79.5,66.7,84.5,84.5,74.6
פוריה,79.5,2022-04-27T00:00:00.000Z,79.5,66.7,84.5,84.5,74.6
פוריה,79.5,2022-04-27T00:00:00.000Z,79.5,66.7,84.5,84.5,74.6
פוריה,79.5,2022-04-27T00:00:00.000Z,79.5,66.7,84.5,84.5,74.6
פוריה,79.5,2022-04-27T00:00:00.000Z,79.5,66.7,84.5,84.5,74.6
פוריה,79.5,2022-04-27T00:00:00.000Z,79.5,66.7,84.5,84.5,74.6
פוריה,79.5,2022-04-27T00:00:00.000Z,79.5,66.7,84.5,84.5,74.6
פוריה,79.5,2022-04-27T00:00:00.000Z,79.5,66.7,84.5,84.5,74.6
פוריה,79.5,2022-04-27T00:00:00.000Z,79.5,66.7,84.5,84.5,74.6
פוריה,79.5,2022-04-27T00:00:00.000Z,79.5,66.7,84.5,84.5,74.6
פוריה,79.5,2022-04-27T00:00:00.000Z,79.5,66.7,84.5,84.5,74.6
פוריה,79.5,2022-04-27T00:00:00.000Z,79.5,66.7,84.5,84.5,74.6
פוריה,79.5,2022-04-27T00:00:00.000Z,79.5,66.7,84.5,84.5,74.6
פוריה,79.5,2022-04-27T00:00:00.000Z,79.5,66.7,84.5,84.5,74.6
פוריה,79.5,2022-04-27T00:00:00.000Z,79.5,66.7,84.5,84.5,74.6
פוריה,79.5,2022-04-27T00:00:00.000Z,79.5,66.7,84.5,84.5,74.6
פוריה,79.5,2022-04-27T00:00:00.000Z,79.5,66.7,84.5,84.5,74.6
איכילוב,88.7,2022-04-27T00:00:00.000Z,80.8,77.3,123.3,115,106.3
איכילוב,88.7,2022-04-27T00:00:00.000Z,81,79.8,123.3,115.3,107.1
איכילוב,88.7,2022-04-27T00:00:00.000Z,82.6,82.8,123.3,115.8,108.5
איכילוב,88.7,2022-04-27T00:00:00.000Z,85.3,85,123.3,117.3,109.5
איכילוב,88.7,2022-04-27T00:00:00.000Z,87.7,86.8,123.3,120.2,110.6
איכילוב,88.7,2022-04-27T00:00:00.000Z,88.5,88.4,123.3,121.9,113.9
איכילוב,88.7,2022-04-27T00:00:00.000Z,88.6,88.9,123.3,121.2,116.1
איכילוב,88.7,2022-04-27T00:00:00.000Z,88.7,89.3,123.3,123.3,118
איכילוב,88.7,2022-04-27T00:00:00.000Z,88.7,89.3,123.3,123.3,118
איכילוב,88.7,2022-04-27T00:00:00.000Z,88.7,89.3,123.3,123.3,118
איכילוב,88.7,2022-04-27T00:00:00.000Z,88.7,89.3,123.3,123.3,118
איכילוב,88.7,2022-04-27T00:00:00.000Z,88.7,89.3,123.3,123.3,118
איכילוב,88.7,2022-04-27T00:00:00.000Z,88.7,89.3,123.3,123.3,118
איכילוב,88.7,2022-04-27T00:00:00.000Z,88.7,89.3,123.3,123.3,118
איכילוב,88.7,2022-04-27T00:00:00.000Z,88.7,89.3,123.3,123.3,118
איכילוב,88.7,2022-04-27T00:00:00.000Z,88.7,89.3,123.3,123.3,118
איכילוב,88.7,2022-04-27T00:00:00.000Z,88.7,89.3,123.3,123.3,118
איכילוב,88.7,2022-04-27T00:00:00.000Z,88.7,89.3,123.3,123.3,118
איכילוב,88.7,2022-04-27T00:00:00.000Z,88.7,89.3,123.3,123.3,118
איכילוב,88.7,2022-04-27T00:00:00.000Z,88.7,89.3,123.3,123.3,118
איכילוב,88.7,2022-04-27T00:00:00.000Z,88.7,89.3,123.3,123.3,118
איכילוב,88.7,2022-04-27T00:00:00.000Z,88.7,89.3,123.3,123.3,118
איכילוב,88.7,2022-04-27T00:00:00.000Z,88.7,89.3,123.3,123.3,118
איכילוב,88.7,2022-04-27T00:00:00.000Z,88.7,89.3,123.3,123.3,118
איכילוב,88.7,2022-04-27T00:00:00.000Z,88.7,89.3,123.3,123.3,118
איכילוב,88.7,2022-04-27T00:00:00.000Z,88.7,89.3,123.3,123.3,118
איכילוב,88.7,2022-04-27T00:00:00.000Z,88.7,89.3,123.3,123.3,118
איכילוב,88.7,2022-04-27T00:00:00.000Z,88.7,89.3,123.3,123.3,118
איכילוב,88.7,2022-04-27T00:00:00.000Z,88.7,89.3,123.3,123.3,118
איכילוב,88.7,2022-04-27T00:00:00.000Z,88.7,89.3,123.3,123.3,118
איכילוב,88.7,2022-04-27T00:00:00.000Z,88.7,89.3,123.3,123.3,118
איכילוב,88.7,2022-04-27T00:00:00.000Z,88.7,89.3,123.3,123.3,118
איכילוב,88.7,2022-04-27T00:00:00.000Z,88.7,89.3,123.3,123.3,118
איכילוב,88.7,2022-04-27T00:00:00.000Z,88.7,89.3,123.3,123.3,118
איכילוב,88.7,2022-04-27T00:00:00.000Z,88.7,89.3,123.3,123.3,118
איכילוב,88.7,2022-04-27T00:00:00.000Z,88.7,89.3,123.3,123.3,118
איכילוב,88.7,2022-04-27T00:00:00.000Z,88.7,89.3,123.3,123.3,118
איכילוב,88.7,2022-04-27T00:00:00.000Z,88.7,89.3,123.3,123.3,118
איכילוב,88.7,2022-04-27T00:00:00.000Z,88.7,89.3,123.3,123.3,118
איכילוב,88.7,2022-04-27T00:00:00.000Z,88.7,89.3,123.3,123.3,118
איכילוב,88.7,2022-04-27T00:00:00.000Z,88.7,89.3,123.3,123.3,118
איכילוב,88.7,2022-04-27T00:00:00.000Z,88.7,89.3,123.3,123.3,118
איכילוב,88.7,2022-04-27T00:00:00.000Z,88.7,89.3,123.3,123.3,118
איכילוב,88.7,2022-04-27T00:00:00.000Z,88.7,89.3,123.3,123.3,118
איכילוב,88.7,2022-04-27T00:00:00.000Z,88.7,89.3,123.3,123.3,118
איכילוב,88.7,2022-04-27T00:00:00.000Z,88.7,89.3,123.3,123.3,118
איכילוב,88.7,2022-04-27T00:00:00.000Z,88.7,89.3,123.3,123.3,118
איכילוב,88.7,2022-04-27T00:00:00.000Z,88.7,89.3,123.3,123.3,118
איכילוב,88.7,2022-04-27T00:00:00.000Z,88.7,89.3,123.3,123.3,118
איכילוב,88.7,2022-04-27T00:00:00.000Z,88.7,89.3,123.3,123.3,118
איכילוב,88.7,2022-04-27T00:00:00.000Z,88.7,89.3,123.3,123.3,118
איכילוב,88.7,2022-04-27T00:00:00.000Z,88.7,89.3,123.3,123.3,118
איכילוב,88.7,2022-04-27T00:00:00.000Z,88.7,89.3,123.3,123.3,118
איכילוב,88.7,2022-04-27T00:00:00.000Z,88.7,89.3,123.3,123.3,118
איכילוב,88.7,2022-04-27T00:00:00.000Z,88.7,89.3,123.3,123.3,118
איכילוב,88.7,2022-04-27T00:00:00.000Z,88.7,89.3,123.3,123.3,118
איכילוב,88.7,2022-04-27T00:00:00.000Z,88.7,89.3,123.3,123.3,118
איכילוב,88.7,2022-04-27T00:00:00.000Z,88.7,89.3,123.3,123.3,118
איכילוב,88.7,2022-04-27T00:00:00.000Z,88.7,89.3,123.3,123.3,118
איכילוב,88.7,2022-04-27T00:00:00.000Z,88.7,89.3,123.3,123.3,118
איכילוב,88.7,2022-04-27T00:00:00.000Z,88.7,89.3,123.3,123.3,118
איכילוב,88.7,2022-04-27T00:00:00.000Z,88.7,89.3,123.3,123.3,118
איכילוב,88.7,2022-04-27T00:00:00.000Z,88.7,89.3,123.3,123.3,118
איכילוב,88.7,2022-04-27T00:00:00.000Z,88.7,89.3,123.3,123.3,118
איכילוב,88.7,2022-04-27T00:00:00.000Z,88.7,89.3,123.3,123.3,118
איכילוב,88.7,2022-04-27T00:00:00.000Z,88.7,89.3,123.3,123.3,118
איכילוב,88.7,2022-04-27T00:00:00.000Z,88.7,89.3,123.3,123.3,118
איכילוב,88.7,2022-04-27T00:00:00.000Z,88.7,89.3,123.3,123.3,118
איכילוב,88.7,2022-04-27T00:00:00.000Z,88.7,89.3,123.3,123.3,118
איכילוב,88.7,2022-04-27T00:00:00.000Z,88.7,89.3,123.3,123.3,118
איכילוב,88.7,2022-04-27T00:00:00.000Z,88.7,89.3,123.3,123.3,118
איכילוב,88.7,2022-04-27T00:00:00.000Z,88.7,89.3,123.3,123.3,118
איכילוב,88.7,2022-04-27T00:00:00.000Z,88.7,89.3,123.3,123.3,118
איכילוב,88.7,2022-04-27T00:00:00.000Z,88.7,89.3,123.3,123.3,118
איכילוב,88.7,2022-04-27T00:00:00.000Z,88.7,89.3,123.3,123.3,118
איכילוב,88.7,2022-04-27T00:00:00.000Z,88.7,89.3,123.3,123.3,118
איכילוב,88.7,2022-04-27T00:00:00.000Z,88.7,89.3,123.3,123.3,118
איכילוב,88.7,2022-04-27T00:00:00.000Z,88.7,89.3,123.3,123.3,118
איכילוב,88.7,2022-04-27T00:00:00.000Z,88.7,89.3,123.3,123.3,118
איכילוב,88.7,2022-04-27T00:00:00.000Z,88.7,89.3,123.3,123.3,118
איכילוב,88.7,2022-04-27T00:00:00.000Z,88.7,89.3,123.3,123.3,118
איכילוב,88.7,2022-04-27T00:00:00.000Z,88.7,89.3,123.3,123.3,118
איכילוב,88.7,2022-04-27T00:00:00.000Z,88.7,89.3,123.3,123.3,118
איכילוב,88.7,2022-04-27T00:00:00.000Z,88.7,89.3,123.3,123.3,118
איכילוב,88.7,2022-04-27T00:00:00.000Z,88.7,89.3,123.3,123.3,118
איכילוב,88.7,2022-04-27T00:00:00.000Z,88.7,89.3,123.3,123.3,118
מאיר,64,2022-04-27T00:00:00.000Z,64,71,75.6,75.6,80.8
מאיר,64,2022-04-27T00:00:00.000Z,64,71,75.6,75.6,80.8
מאיר,64,2022-04-27T00:00:00.000Z,64,71,75.6,75.6,80.8
מאיר,64,2022-04-27T00:00:00.000Z,64,71,75.6,75.6,80.8
מאיר,64,2022-04-27T00:00:00.000Z,64,71,75.6,75.6,80.8
מאיר,64,2022-04-27T00:00:00.000Z,64,71,75.6,75.6,80.8
מאיר,64,2022-04-27T00:00:00.000Z,64,71,75.6,75.6,80.8
מאיר,64,2022-04-27T00:00:00.000Z,64,71,75.6,75.6,80.8
מאיר,64,2022-04-27T00:00:00.000Z,64,71,75.6,75.6,80.8
מאיר,64,2022-04-27T00:00:00.000Z,64,71,75.6,75.6,80.8
מאיר,64,2022-04-27T00:00:00.000Z,64,71,75.6,75.6,80.8
מאיר,64,2022-04-27T00:00:00.000Z,64,71,75.6,75.6,80.8
מאיר,64,2022-04-27T00:00:00.000Z,64,71,75.6,75.6,80.8
מאיר,64,2022-04-27T00:00:00.000Z,64,71,75.6,75.6,80.8
מאיר,64,2022-04-27T00:00:00.000Z,64,71,75.6,75.6,80.8
מאיר,64,2022-04-27T00:00:00.000Z,64,71,75.6,75.6,80.8
מאיר,64,2022-04-27T00:00:00.000Z,64,71,75.6,75.6,80.8
מאיר,64,2022-04-27T00:00:00.000Z,64,71,75.6,75.6,80.8
מאיר,64,2022-04-27T00:00:00.000Z,64,71,75.6,75.6,80.8
מאיר,64,2022-04-27T00:00:00.000Z,64,71,75.6,75.6,80.8
מאיר,64,2022-04-27T00:00:00.000Z,64,71,75.6,75.6,80.8
מאיר,64,2022-04-27T00:00:00.000Z,64,71,75.6,75.6,80.8
מאיר,64,2022-04-27T00:00:00.000Z,64,71,75.6,75.6,80.8
מאיר,64,2022-04-27T00:00:00.000Z,64,71,75.6,75.6,80.8
מאיר,64,2022-04-27T00:00:00.000Z,64,71,75.6,75.6,80.8
מאיר,64,2022-04-27T00:00:00.000Z,64,71,75.6,75.6,80.8
מאיר,64,2022-04-27T00:00:00.000Z,64,71,75.6,75.6,80.8
מאיר,64,2022-04-27T00:00:00.000Z,64,71,75.6,75.6,80.8
מאיר,64,2022-04-27T00:00:00.000Z,64,71,75.6,75.6,80.8
מאיר,64,2022-04-27T00:00:00.000Z,64,71,75.6,75.6,80.8
מאיר,64,2022-04-27T00:00:00.000Z,64,71,75.6,75.6,80.8
מאיר,64,2022-04-27T00:00:00.000Z,64,71,75.6,75.6,80.8
מאיר,64,2022-04-27T00:00:00.000Z,64,71,75.6,75.6,80.8
מאיר,64,2022-04-27T00:00:00.000Z,64,71,75.6,75.6,80.8
מאיר,64,2022-04-27T00:00:00.000Z,64,71,75.6,75.6,80.8
מאיר,64,2022-04-27T00:00:00.000Z,64,71,75.6,75.6,80.8
מאיר,64,2022-04-27T00:00:00.000Z,64,71,75.6,75.6,80.8
מאיר,64,2022-04-27T00:00:00.000Z,64,71,75.6,75.6,80.8
מאיר,64,2022-04-27T00:00:00.000Z,64,71,75.6,75.6,80.8
מאיר,64,2022-04-27T00:00:00.000Z,64,71,75.6,75.6,80.8
מאיר,64,2022-04-27T00:00:00.000Z,64,71,75.6,75.6,80.8
מאיר,64,2022-04-27T00:00:00.000Z,64,71,75.6,75.6,80.8
מאיר,64,2022-04-27T00:00:00.000Z,64,71,75.6,75.6,80.8
מאיר,64,2022-04-27T00:00:00.000Z,64,71,75.6,75.6,80.8
מאיר,64,2022-04-27T00:00:00.000Z,64,71,75.6,75.6,80.8
מאיר,64,2022-04-27T00:00:00.000Z,64,71,75.6,75.6,80.8
מאיר,64,2022-04-27T00:00:00.000Z,64,71,75.6,75.6,80.8
מאיר,64,2022-04-27T00:00:00.000Z,64,71,75.6,75.6,80.8
מאיר,64,2022-04-27T00:00:00.000Z,64,71,75.6,75.6,80.8
מאיר,64,2022-04-27T00:00:00.000Z,64,71,75.6,75.6,80.8
מאיר,64,2022-04-27T00:00:00.000Z,64,71,75.6,75.6,80.8
מאיר,64,2022-04-27T00:00:00.000Z,64,71,75.6,75.6,80.8
מאיר,64,2022-04-27T00:00:00.000Z,64,71,75.6,75.6,80.8
מאיר,64,2022-04-27T00:00:00.000Z,64,71,75.6,75.6,80.8
מאיר,64,2022-04-27T00:00:00.000Z,64,71,75.6,75.6,80.8
מאיר,64,2022-04-27T00:00:00.000Z,64,71,75.6,75.6,80.8
מאיר,64,2022-04-27T00:00:00.000Z,64,71,75.6,75.6,80.8
מאיר,64,2022-04-27T00:00:00.000Z,64,71,75.6,75.6,80.8
מאיר,64,2022-04-27T00:00:00.000Z,64,71,75.6,75.6,80.8
מאיר,64,2022-04-27T00:00:00.000Z,64,71,75.6,75.6,80.8
מאיר,64,2022-04-27T00:00:00.000Z,64,71,75.6,75.6,80.8
מאיר,64,2022-04-27T00:00:00.000Z,64,71,75.6,75.6,80.8
מאיר,64,2022-04-27T00:00:00.000Z,64,71,75.6,75.6,80.8
מאיר,64,2022-04-27T00:00:00.000Z,64,71,75.6,75.6,80.8
מאיר,64,2022-04-27T00:00:00.000Z,64,71,75.6,75.6,80.8
מאיר,64,2022-04-27T00:00:00.000Z,64,71,75.6,75.6,80.8
הדסה עין כרם,113.6,2022-04-27T00:00:00.000Z,113.6,127.2,90.7,90.7,96.7
הדסה עין כרם,113.6,2022-04-27T00:00:00.000Z,113.6,127.2,90.7,90.7,96.7
הדסה עין כרם,113.6,2022-04-27T00:00:00.000Z,113.6,127.2,90.7,90.7,96.7
הדסה עין כרם,113.6,2022-04-27T00:00:00.000Z,113.6,127.2,90.7,90.7,96.7
הדסה עין כרם,113.6,2022-04-27T00:00:00.000Z,113.6,127.2,90.7,90.7,96.7
הדסה עין כרם,113.6,2022-04-27T00:00:00.000Z,113.6,127.2,90.7,90.7,96.7
הדסה עין כרם,113.6,2022-04-27T00:00:00.000Z,113.6,127.2,90.7,90.7,96.7
הדסה עין כרם,113.6,2022-04-27T00:00:00.000Z,113.6,127.2,90.7,90.7,96.7
הדסה עין כרם,113.6,2022-04-27T00:00:00.000Z,113.6,127.2,90.7,90.7,96.7
הדסה עין כרם,113.6,2022-04-27T00:00:00.000Z,113.6,127.2,90.7,90.7,96.7
הדסה עין כרם,113.6,2022-04-27T00:00:00.000Z,113.6,127.2,90.7,90.7,96.7
הדסה עין כרם,113.6,2022-04-27T00:00:00.000Z,113.6,127.2,90.7,90.7,96.7
הדסה עין כרם,113.6,2022-04-27T00:00:00.000Z,113.6,127.2,90.7,90.7,96.7
הדסה עין כרם,113.6,2022-04-27T00:00:00.000Z,113.6,127.2,90.7,90.7,96.7
הדסה עין כרם,113.6,2022-04-27T00:00:00.000Z,113.6,127.2,90.7,90.7,96.7
הדסה עין כרם,113.6,2022-04-27T00:00:00.000Z,113.6,127.2,90.7,90.7,96.7
הדסה עין כרם,113.6,2022-04-27T00:00:00.000Z,113.6,127.2,90.7,90.7,96.7
הדסה עין כרם,113.6,2022-04-27T00:00:00.000Z,113.6,127.2,90.7,90.7,96.7
הדסה עין כרם,113.6,2022-04-27T00:00:00.000Z,113.6,127.2,90.7,90.7,96.7
הדסה עין כרם,113.6,2022-04-27T00:00:00.000Z,113.6,127.2,90.7,90.7,96.7
הדסה עין כרם,113.6,2022-04-27T00:00:00.000Z,113.6,127.2,90.7,90.7,96.7
הדסה עין כרם,113.6,2022-04-27T00:00:00.000Z,113.6,127.2,90.7,90.7,96.7
הדסה עין כרם,113.6,2022-04-27T00:00:00.000Z,113.6,127.2,90.7,90.7,96.7
הדסה עין כרם,113.6,2022-04-27T00:00:00.000Z,113.6,127.2,90.7,90.7,96.7
הדסה עין כרם,113.6,2022-04-27T00:00:00.000Z,113.6,127.2,90.7,90.7,96.7
הדסה עין כרם,113.6,2022-04-27T00:00:00.000Z,113.6,127.2,90.7,90.7,96.7
הדסה עין כרם,113.6,2022-04-27T00:00:00.000Z,113.6,127.2,90.7,90.7,96.7
הדסה עין כרם,113.6,2022-04-27T00:00:00.000Z,113.6,127.2,90.7,90.7,96.7
הדסה עין כרם,113.6,2022-04-27T00:00:00.000Z,113.6,127.2,90.7,90.7,96.7
הדסה עין כרם,113.6,2022-04-27T00:00:00.000Z,113.6,127.2,90.7,90.7,96.7
הדסה עין כרם,113.6,2022-04-27T00:00:00.000Z,113.6,127.2,90.7,90.7,96.7
הדסה עין כרם,113.6,2022-04-27T00:00:00.000Z,113.6,127.2,90.7,90.7,96.7
הדסה עין כרם,113.6,2022-04-27T00:00:00.000Z,113.6,127.2,90.7,90.7,96.7
בני ציון,93.4,2022-04-27T00:00:00.000Z,94.9,76.2,95.6,87.5,75
בני ציון,93.4,2022-04-27T00:00:00.000Z,94.7,78.5,95.6,88.5,76.7
בני ציון,93.4,2022-04-27T00:00:00.000Z,96,80.5,95.6,89.1,78
בני ציון,93.4,2022-04-27T00:00:00.000Z,97,83.6,95.6,90.1,78.5
בני ציון,93.4,2022-04-27T00:00:00.000Z,97,87.1,95.6,92.4,79.6
בני ציון,93.4,2022-04-27T00:00:00.000Z,95.3,91.4,95.6,93.1,81.8
בני ציון,93.4,2022-04-27T00:00:00.000Z,93.9,94.5,95.6,93.2,83
בני ציון,93.4,2022-04-27T00:00:00.000Z,93.4,95,95.6,95.6,85.5
בני ציון,93.4,2022-04-27T00:00:00.000Z,93.4,95,95.6,95.6,85.5
בני ציון,93.4,2022-04-27T00:00:00.000Z,93.4,95,95.6,95.6,85.5
בני ציון,93.4,2022-04-27T00:00:00.000Z,93.4,95,95.6,95.6,85.5
בני ציון,93.4,2022-04-27T00:00:00.000Z,93.4,95,95.6,95.6,85.5
בני ציון,93.4,2022-04-27T00:00:00.000Z,93.4,95,95.6,95.6,85.5
בני ציון,93.4,2022-04-27T00:00:00.000Z,93.4,95,95.6,95.6,85.5
בני ציון,93.4,2022-04-27T00:00:00.000Z,93.4,95,95.6,95.6,85.5
בני ציון,93.4,2022-04-27T00:00:00.000Z,93.4,95,95.6,95.6,85.5
בני ציון,93.4,2022-04-27T00:00:00.000Z,93.4,95,95.6,95.6,85.5
בני ציון,93.4,2022-04-27T00:00:00.000Z,93.4,95,95.6,95.6,85.5
בני ציון,93.4,2022-04-27T00:00:00.000Z,93.4,95,95.6,95.6,85.5
בני ציון,93.4,2022-04-27T00:00:00.000Z,93.4,95,95.6,95.6,85.5
בני ציון,93.4,2022-04-27T00:00:00.000Z,93.4,95,95.6,95.6,85.5
בני ציון,93.4,2022-04-27T00:00:00.000Z,93.4,95,95.6,95.6,85.5
בני ציון,93.4,2022-04-27T00:00:00.000Z,93.4,95,95.6,95.6,85.5
בני ציון,93.4,2022-04-27T00:00:00.000Z,93.4,95,95.6,95.6,85.5
בני ציון,93.4,2022-04-27T00:00:00.000Z,93.4,95,95.6,95.6,85.5
בני ציון,93.4,2022-04-27T00:00:00.000Z,93.4,95,95.6,95.6,85.5
בני ציון,93.4,2022-04-27T00:00:00.000Z,93.4,95,95.6,95.6,85.5
בני ציון,93.4,2022-04-27T00:00:00.000Z,93.4,95,95.6,95.6,85.5
בני ציון,93.4,2022-04-27T00:00:00.000Z,93.4,95,95.6,95.6,85.5
בני ציון,93.4,2022-04-27T00:00:00.000Z,93.4,95,95.6,95.6,85.5
בני ציון,93.4,2022-04-27T00:00:00.000Z,93.4,95,95.6,95.6,85.5
בני ציון,93.4,2022-04-27T00:00:00.000Z,93.4,95,95.6,95.6,85.5
בני ציון,93.4,2022-04-27T00:00:00.000Z,93.4,95,95.6,95.6,85.5
בני ציון,93.4,2022-04-27T00:00:00.000Z,93.4,95,95.6,95.6,85.5
"רמב""ם",99,2022-04-27T00:00:00.000Z,99,96.5,92.1,92.1,94
"רמב""ם",99,2022-04-27T00:00:00.000Z,99,96.5,92.1,92.1,94
"רמב""ם",99,2022-04-27T00:00:00.000Z,99,96.5,92.1,92.1,94
"רמב""ם",99,2022-04-27T00:00:00.000Z,99,96.5,92.1,92.1,94
"רמב""ם",99,2022-04-27T00:00:00.000Z,99,96.5,92.1,92.1,94
"רמב""ם",99,2022-04-27T00:00:00.000Z,99,96.5,92.1,92.1,94
"רמב""ם",99,2022-04-27T00:00:00.000Z,99,96.5,92.1,92.1,94
"רמב""ם",99,2022-04-27T00:00:00.000Z,99,96.5,92.1,92.1,94
"רמב""ם",99,2022-04-27T00:00:00.000Z,99,96.5,92.1,92.1,94
"רמב""ם",99,2022-04-27T00:00:00.000Z,99,96.5,92.1,92.1,94
"רמב""ם",99,2022-04-27T00:00:00.000Z,99,96.5,92.1,92.1,94
"רמב""ם",99,2022-04-27T00:00:00.000Z,99,96.5,92.1,92.1,94
"רמב""ם",99,2022-04-27T00:00:00.000Z,99,96.5,92.1,92.1,94
"רמב""ם",99,2022-04-27T00:00:00.000Z,99,96.5,92.1,92.1,94
"רמב""ם",99,2022-04-27T00:00:00.000Z,99,96.5,92.1,92.1,94
"רמב""ם",99,2022-04-27T00:00:00.000Z,99,96.5,92.1,92.1,94
"רמב""ם",99,2022-04-27T00:00:00.000Z,99,96.5,92.1,92.1,94
"רמב""ם",99,2022-04-27T00:00:00.000Z,99,96.5,92.1,92.1,94
"רמב""ם",99,2022-04-27T00:00:00.000Z,99,96.5,92.1,92.1,94
שמואל הרופא,75,2022-04-27T00:00:00.000Z,75,102.8,75.4,75.4,85.6
שמואל הרופא,75,2022-04-27T00:00:00.000Z,75,102.8,75.4,75.4,85.6
שמואל הרופא,75,2022-04-27T00:00:00.000Z,75,102.8,75.4,75.4,85.6
שמואל הרופא,75,2022-04-27T00:00:00.000Z,75,102.8,75.4,75.4,85.6
שמואל הרופא,75,2022-04-27T00:00:00.000Z,75,102.8,75.4,75.4,85.6
שמואל הרופא,75,2022-04-27T00:00:00.000Z,75,102.8,75.4,75.4,85.6
שמואל הרופא,75,2022-04-27T00:00:00.000Z,75,102.8,75.4,75.4,85.6
שמואל הרופא,75,2022-04-27T00:00:00.000Z,75,102.8,75.4,75.4,85.6
שמואל הרופא,75,2022-04-27T00:00:00.000Z,75,102.8,75.4,75.4,85.6
שמואל הרופא,75,2022-04-27T00:00:00.000Z,75,102.8,75.4,75.4,85.6
שמואל הרופא,75,2022-04-27T00:00:00.000Z,75,102.8,75.4,75.4,85.6
שמואל הרופא,75,2022-04-27T00:00:00.000Z,75,102.8,75.4,75.4,85.6
שמואל הרופא,75,2022-04-27T00:00:00.000Z,75,102.8,75.4,75.4,85.6
שמואל הרופא,75,2022-04-27T00:00:00.000Z,75,102.8,75.4,75.4,85.6
שמואל הרופא,75,2022-04-27T00:00:00.000Z,75,102.8,75.4,75.4,85.6
שמואל הרופא,75,2022-04-27T00:00:00.000Z,75,102.8,75.4,75.4,85.6
שמואל הרופא,75,2022-04-27T00:00:00.000Z,75,102.8,75.4,75.4,85.6
שמואל הרופא,75,2022-04-27T00:00:00.000Z,75,102.8,75.4,75.4,85.6
שמואל הרופא,75,2022-04-27T00:00:00.000Z,75,102.8,75.4,75.4,85.6
שמואל הרופא,75,2022-04-27T00:00:00.000Z,75,102.8,75.4,75.4,85.6
שמואל הרופא,75,2022-04-27T00:00:00.000Z,75,102.8,75.4,75.4,85.6
שמואל הרופא,75,2022-04-27T00:00:00.000Z,75,102.8,75.4,75.4,85.6
שמואל הרופא,75,2022-04-27T00:00:00.000Z,75,102.8,75.4,75.4,85.6
שמואל הרופא,75,2022-04-27T00:00:00.000Z,75,102.8,75.4,75.4,85.6
שמואל הרופא,75,2022-04-27T00:00:00.000Z,75,102.8,75.4,75.4,85.6
שמואל הרופא,75,2022-04-27T00:00:00.000Z,75,102.8,75.4,75.4,85.6
שמואל הרופא,75,2022-04-27T00:00:00.000Z,75,102.8,75.4,75.4,85.6
שמואל הרופא,75,2022-04-27T00:00:00.000Z,75,102.8,75.4,75.4,85.6
שמואל הרופא,75,2022-04-27T00:00:00.000Z,75,102.8,75.4,75.4,85.6
שמואל הרופא,75,2022-04-27T00:00:00.000Z,75,102.8,75.4,75.4,85.6
שמואל הרופא,75,2022-04-27T00:00:00.000Z,75,102.8,75.4,75.4,85.6
שמואל הרופא,75,2022-04-27T00:00:00.000Z,75,102.8,75.4,75.4,85.6
שמואל הרופא,75,2022-04-27T00:00:00.000Z,75,102.8,75.4,75.4,85.6
שמואל הרופא,75,2022-04-27T00:00:00.000Z,75,102.8,75.4,75.4,85.6
שמואל הרופא,75,2022-04-27T00:00:00.000Z,75,102.8,75.4,75.4,85.6
שמואל הרופא,75,2022-04-27T00:00:00.000Z,75,102.8,75.4,75.4,85.6
שמואל הרופא,75,2022-04-27T00:00:00.000Z,75,102.8,75.4,75.4,85.6
שמואל הרופא,75,2022-04-27T00:00:00.000Z,75,102.8,75.4,75.4,85.6
שמואל הרופא,75,2022-04-27T00:00:00.000Z,75,102.8,75.4,75.4,85.6
שמואל הרופא,75,2022-04-27T00:00:00.000Z,75,102.8,75.4,75.4,85.6
שמואל הרופא,75,2022-04-27T00:00:00.000Z,75,102.8,75.4,75.4,85.6
שמואל הרופא,75,2022-04-27T00:00:00.000Z,75,102.8,75.4,75.4,85.6
שמואל הרופא,75,2022-04-27T00:00:00.000Z,75,102.8,75.4,75.4,85.6
שמואל הרופא,75,2022-04-27T00:00:00.000Z,75,102.8,75.4,75.4,85.6
שמואל הרופא,75,2022-04-27T00:00:00.000Z,75,102.8,75.4,75.4,85.6
שמואל הרופא,75,2022-04-27T00:00:00.000Z,75,102.8,75.4,75.4,85.6
שמואל הרופא,75,2022-04-27T00:00:00.000Z,75,102.8,75.4,75.4,85.6
שמואל הרופא,75,2022-04-27T00:00:00.000Z,75,102.8,75.4,75.4,85.6
שמואל הרופא,75,2022-04-27T00:00:00.000Z,75,102.8,75.4,75.4,85.6
שמואל הרופא,75,2022-04-27T00:00:00.000Z,75,102.8,75.4,75.4,85.6
שמואל הרופא,75,2022-04-27T00:00:00.000Z,75,102.8,75.4,75.4,85.6
שמואל הרופא,75,2022-04-27T00:00:00.000Z,75,102.8,75.4,75.4,85.6
שמואל הרופא,75,2022-04-27T00:00:00.000Z,75,102.8,75.4,75.4,85.6
שמואל הרופא,75,2022-04-27T00:00:00.000Z,75,102.8,75.4,75.4,85.6
שמואל הרופא,75,2022-04-27T00:00:00.000Z,75,102.8,75.4,75.4,85.6
שמואל הרופא,75,2022-04-27T00:00:00.000Z,75,102.8,75.4,75.4,85.6
שמואל הרופא,75,2022-04-27T00:00:00.000Z,75,102.8,75.4,75.4,85.6
שמואל הרופא,75,2022-04-27T00:00:00.000Z,75,102.8,75.4,75.4,85.6
שמואל הרופא,75,2022-04-27T00:00:00.000Z,75,102.8,75.4,75.4,85.6
שמואל הרופא,75,2022-04-27T00:00:00.000Z,75,102.8,75.4,75.4,85.6
שמואל הרופא,75,2022-04-27T00:00:00.000Z,75,102.8,75.4,75.4,85.6
שמואל הרופא,75,2022-04-27T00:00:00.000Z,75,102.8,75.4,75.4,85.6
שמואל הרופא,75,2022-04-27T00:00:00.000Z,75,102.8,75.4,75.4,85.6
שמואל הרופא,75,2022-04-27T00:00:00.000Z,75,102.8,75.4,75.4,85.6
שמואל הרופא,75,2022-04-27T00:00:00.000Z,75,102.8,75.4,75.4,85.6
שמואל הרופא,75,2022-04-27T00:00:00.000Z,75,102.8,75.4,75.4,85.6
שמואל הרופא,75,2022-04-27T00:00:00.000Z,75,102.8,75.4,75.4,85.6
שמואל הרופא,75,2022-04-27T00:00:00.000Z,75,102.8,75.4,75.4,85.6
שמואל הרופא,75,2022-04-27T00:00:00.000Z,75,102.8,75.4,75.4,85.6
שמואל הרופא,75,2022-04-27T00:00:00.000Z,75,102.8,75.4,75.4,85.6
שמואל הרופא,75,2022-04-27T00:00:00.000Z,75,102.8,75.4,75.4,85.6
שמואל הרופא,75,2022-04-27T00:00:00.000Z,75,102.8,75.4,75.4,85.6
שמואל הרופא,75,2022-04-27T00:00:00.000Z,75,102.8,75.4,75.4,85.6
שמואל הרופא,75,2022-04-27T00:00:00.000Z,75,102.8,75.4,75.4,85.6
שמואל הרופא,75,2022-04-27T00:00:00.000Z,75,102.8,75.4,75.4,85.6
שמואל הרופא,75,2022-04-27T00:00:00.000Z,75,102.8,75.4,75.4,85.6
שמואל הרופא,75,2022-04-27T00:00:00.000Z,75,102.8,75.4,75.4,85.6
שמואל הרופא,75,2022-04-27T00:00:00.000Z,75,102.8,75.4,75.4,85.6
שמואל הרופא,75,2022-04-27T00:00:00.000Z,75,102.8,75.4,75.4,85.6
שמואל הרופא,75,2022-04-27T00:00:00.000Z,75,102.8,75.4,75.4,85.6
שמואל הרופא,75,2022-04-27T00:00:00.000Z,75,102.8,75.4,75.4,85.6
שמואל הרופא,75,2022-04-27T00:00:00.000Z,75,102.8,75.4,75.4,85.6
שמואל הרופא,75,2022-04-27T00:00:00.000Z,75,102.8,75.4,75.4,85.6
שמואל הרופא,75,2022-04-27T00:00:00.000Z,75,102.8,75.4,75.4,85.6
שמואל הרופא,75,2022-04-27T00:00:00.000Z,75,102.8,75.4,75.4,85.6
שמואל הרופא,75,2022-04-27T00:00:00.000Z,75,102.8,75.4,75.4,85.6
שמואל הרופא,75,2022-04-27T00:00:00.000Z,75,102.8,75.4,75.4,85.6
שמואל הרופא,75,2022-04-27T00:00:00.000Z,75,102.8,75.4,75.4,85.6
שמואל הרופא,75,2022-04-27T00:00:00.000Z,75,102.8,75.4,75.4,85.6
שמואל הרופא,75,2022-04-27T00:00:00.000Z,75,102.8,75.4,75.4,85.6
שמואל הרופא,75,2022-04-27T00:00:00.000Z,75,102.8,75.4,75.4,85.6
שמואל הרופא,75,2022-04-27T00:00:00.000Z,75,102.8,75.4,75.4,85.6
שמואל הרופא,75,2022-04-27T00:00:00.000Z,75,102.8,75.4,75.4,85.6
שמואל הרופא,75,2022-04-27T00:00:00.000Z,75,102.8,75.4,75.4,85.6
שמואל הרופא,75,2022-04-27T00:00:00.000Z,75,102.8,75.4,75.4,85.6
שמואל הרופא,75,2022-04-27T00:00:00.000Z,75,102.8,75.4,75.4,85.6
שמואל הרופא,75,2022-04-27T00:00:00.000Z,75,102.8,75.4,75.4,85.6
שמואל הרופא,75,2022-04-27T00:00:00.000Z,75,102.8,75.4,75.4,85.6
שמואל הרופא,75,2022-04-27T00:00:00.000Z,75,102.8,75.4,75.4,85.6
שמואל הרופא,75,2022-04-27T00:00:00.000Z,75,102.8,75.4,75.4,85.6
שמואל הרופא,75,2022-04-27T00:00:00.000Z,75,102.8,75.4,75.4,85.6
שמואל הרופא,75,2022-04-27T00:00:00.000Z,75,102.8,75.4,75.4,85.6
שמואל הרופא,75,2022-04-27T00:00:00.000Z,75,102.8,75.4,75.4,85.6
שמואל הרופא,75,2022-04-27T00:00:00.000Z,75,102.8,75.4,75.4,85.6
שמואל הרופא,75,2022-04-27T00:00:00.000Z,75,102.8,75.4,75.4,85.6
שמואל הרופא,75,2022-04-27T00:00:00.000Z,75,102.8,75.4,75.4,85.6
שמואל הרופא,75,2022-04-27T00:00:00.000Z,75,102.8,75.4,75.4,85.6
שמואל הרופא,75,2022-04-27T00:00:00.000Z,75,102.8,75.4,75.4,85.6
שמואל הרופא,75,2022-04-27T00:00:00.000Z,75,102.8,75.4,75.4,85.6
שמואל הרופא,75,2022-04-27T00:00:00.000Z,75,102.8,75.4,75.4,85.6
שמואל הרופא,75,2022-04-27T00:00:00.000Z,75,102.8,75.4,75.4,85.6
שמואל הרופא,75,2022-04-27T00:00:00.000Z,75,102.8,75.4,75.4,85.6
שמואל הרופא,75,2022-04-27T00:00:00.000Z,75,102.8,75.4,75.4,85.6
שמואל הרופא,75,2022-04-27T00:00:00.000Z,75,102.8,75.4,75.4,85.6
שמואל הרופא,75,2022-04-27T00:00:00.000Z,75,102.8,75.4,75.4,85.6
שמואל הרופא,75,2022-04-27T00:00:00.000Z,75,102.8,75.4,75.4,85.6
שמואל הרופא,75,2022-04-27T00:00:00.000Z,75,102.8,75.4,75.4,85.6
שמואל הרופא,75,2022-04-27T00:00:00.000Z,75,102.8,75.4,75.4,85.6
שמואל הרופא,75,2022-04-27T00:00:00.000Z,75,102.8,75.4,75.4,85.6
שמואל הרופא,75,2022-04-27T00:00:00.000Z,75,102.8,75.4,75.4,85.6
שמואל הרופא,75,2022-04-27T00:00:00.000Z,75,102.8,75.4,75.4,85.6
שמואל הרופא,75,2022-04-27T00:00:00.000Z,75,102.8,75.4,75.4,85.6
שמואל הרופא,75,2022-04-27T00:00:00.000Z,75,102.8,75.4,75.4,85.6
שמואל הרופא,75,2022-04-27T00:00:00.000Z,75,102.8,75.4,75.4,85.6
שמואל הרופא,75,2022-04-27T00:00:00.000Z,75,102.8,75.4,75.4,85.6
שמואל הרופא,75,2022-04-27T00:00:00.000Z,75,102.8,75.4,75.4,85.6
שמואל הרופא,75,2022-04-27T00:00:00.000Z,75,102.8,75.4,75.4,85.6
שמואל הרופא,75,2022-04-27T00:00:00.000Z,75,102.8,75.4,75.4,85.6
שמואל הרופא,75,2022-04-27T00:00:00.000Z,75,102.8,75.4,75.4,85.6
שמואל הרופא,75,2022-04-27T00:00:00.000Z,75,102.8,75.4,75.4,85.6
שמואל הרופא,75,2022-04-27T00:00:00.000Z,75,102.8,75.4,75.4,85.6
שמואל הרופא,75,2022-04-27T00:00:00.000Z,75,102.8,75.4,75.4,85.6
שמואל הרופא,75,2022-04-27T00:00:00.000Z,75,102.8,75.4,75.4,85.6
שמואל הרופא,75,2022-04-27T00:00:00.000Z,75,102.8,75.4,75.4,85.6
שמואל הרופא,75,2022-04-27T00:00:00.000Z,75,102.8,75.4,75.4,85.6
שמואל הרופא,75,2022-04-27T00:00:00.000Z,75,102.8,75.4,75.4,85.6
רבין ק. בילינסון,120.3,2022-04-27T00:00:00.000Z,111.3,92.4,100.2,90.3,76.5
רבין ק. בילינסון,120.3,2022-04-27T00:00:00.000Z,112.6,94.1,100.2,91,78.8
רבין ק. בילינסון,120.3,2022-04-27T00:00:00.000Z,114,95.7,100.2,91.6,80.9
רבין ק. בילינסון,120.3,2022-04-27T00:00:00.000Z,115.5,97,100.2,92.9,83
רבין ק. בילינסון,120.3,2022-04-27T00:00:00.000Z,117.2,99,100.2,95.4,85.6
רבין ק. בילינסון,120.3,2022-04-27T00:00:00.000Z,117.8,100.3,100.2,96.7,88.3
רבין ק. בילינסון,120.3,2022-04-27T00:00:00.000Z,118.1,101.1,100.2,97.3,90.1
רבין ק. בילינסון,120.3,2022-04-27T00:00:00.000Z,120.3,101.3,100.2,100.2,91.5
רבין ק. בילינסון,120.3,2022-04-27T00:00:00.000Z,120.3,101.3,100.2,100.2,91.5
רבין ק. בילינסון,120.3,2022-04-27T00:00:00.000Z,120.3,101.3,100.2,100.2,91.5
רבין ק. בילינסון,120.3,2022-04-27T00:00:00.000Z,120.3,101.3,100.2,100.2,91.5
רבין ק. בילינסון,120.3,2022-04-27T00:00:00.000Z,120.3,101.3,100.2,100.2,91.5
רבין ק. בילינסון,120.3,2022-04-27T00:00:00.000Z,120.3,101.3,100.2,100.2,91.5
בני ציון,93.4,2022-04-27T00:00:00.000Z,93.4,95,95.6,95.6,85.5
בני ציון,93.4,2022-04-27T00:00:00.000Z,93.4,95,95.6,95.6,85.5
בני ציון,93.4,2022-04-27T00:00:00.000Z,93.4,95,95.6,95.6,85.5
בני ציון,93.4,2022-04-27T00:00:00.000Z,93.4,95,95.6,95.6,85.5
בני ציון,93.4,2022-04-27T00:00:00.000Z,93.4,95,95.6,95.6,85.5
בני ציון,93.4,2022-04-27T00:00:00.000Z,93.4,95,95.6,95.6,85.5
בני ציון,93.4,2022-04-27T00:00:00.000Z,93.4,95,95.6,95.6,85.5
בני ציון,93.4,2022-04-27T00:00:00.000Z,93.4,95,95.6,95.6,85.5
בני ציון,93.4,2022-04-27T00:00:00.000Z,93.4,95,95.6,95.6,85.5
בני ציון,93.4,2022-04-27T00:00:00.000Z,93.4,95,95.6,95.6,85.5
בני ציון,93.4,2022-04-27T00:00:00.000Z,93.4,95,95.6,95.6,85.5
בני ציון,93.4,2022-04-27T00:00:00.000Z,93.4,95,95.6,95.6,85.5
בני ציון,93.4,2022-04-27T00:00:00.000Z,93.4,95,95.6,95.6,85.5
בני ציון,93.4,2022-04-27T00:00:00.000Z,93.4,95,95.6,95.6,85.5
בני ציון,93.4,2022-04-27T00:00:00.000Z,93.4,95,95.6,95.6,85.5
בני ציון,93.4,2022-04-27T00:00:00.000Z,93.4,95,95.6,95.6,85.5
בני ציון,93.4,2022-04-27T00:00:00.000Z,93.4,95,95.6,95.6,85.5
בני ציון,93.4,2022-04-27T00:00:00.000Z,93.4,95,95.6,95.6,85.5
בני ציון,93.4,2022-04-27T00:00:00.000Z,93.4,95,95.6,95.6,85.5
בני ציון,93.4,2022-04-27T00:00:00.000Z,93.4,95,95.6,95.6,85.5
בני ציון,93.4,2022-04-27T00:00:00.000Z,93.4,95,95.6,95.6,85.5
בני ציון,93.4,2022-04-27T00:00:00.000Z,93.4,95,95.6,95.6,85.5
בני ציון,93.4,2022-04-27T00:00:00.000Z,93.4,95,95.6,95.6,85.5
בני ציון,93.4,2022-04-27T00:00:00.000Z,93.4,95,95.6,95.6,85.5
בני ציון,93.4,2022-04-27T00:00:00.000Z,93.4,95,95.6,95.6,85.5
בני ציון,93.4,2022-04-27T00:00:00.000Z,93.4,95,95.6,95.6,85.5
בני ציון,93.4,2022-04-27T00:00:00.000Z,93.4,95,95.6,95.6,85.5
בני ציון,93.4,2022-04-27T00:00:00.000Z,93.4,95,95.6,95.6,85.5
בני ציון,93.4,2022-04-27T00:00:00.000Z,93.4,95,95.6,95.6,85.5
בני ציון,93.4,2022-04-27T00:00:00.000Z,93.4,95,95.6,95.6,85.5
בני ציון,93.4,2022-04-27T00:00:00.000Z,93.4,95,95.6,95.6,85.5
בני ציון,93.4,2022-04-27T00:00:00.000Z,93.4,95,95.6,95.6,85.5
בני ציון,93.4,2022-04-27T00:00:00.000Z,93.4,95,95.6,95.6,85.5
בני ציון,93.4,2022-04-27T00:00:00.000Z,93.4,95,95.6,95.6,85.5
שמואל הרופא,75,2022-04-27T00:00:00.000Z,75,102.8,75.4,75.4,85.6
שמואל הרופא,75,2022-04-27T00:00:00.000Z,75,102.8,75.4,75.4,85.6
שמואל הרופא,75,2022-04-27T00:00:00.000Z,75,102.8,75.4,75.4,85.6
שמואל הרופא,75,2022-04-27T00:00:00.000Z,75,102.8,75.4,75.4,85.6
שמואל הרופא,75,2022-04-27T00:00:00.000Z,75,102.8,75.4,75.4,85.6
שמואל הרופא,75,2022-04-27T00:00:00.000Z,75,102.8,75.4,75.4,85.6
שמואל הרופא,75,2022-04-27T00:00:00.000Z,75,102.8,75.4,75.4,85.6
שמואל הרופא,75,2022-04-27T00:00:00.000Z,75,102.8,75.4,75.4,85.6
שמואל הרופא,75,2022-04-27T00:00:00.000Z,75,102.8,75.4,75.4,85.6
שמואל הרופא,75,2022-04-27T00:00:00.000Z,75,102.8,75.4,75.4,85.6
שמואל הרופא,75,2022-04-27T00:00:00.000Z,75,102.8,75.4,75.4,85.6
שמואל הרופא,75,2022-04-27T00:00:00.000Z,75,102.8,75.4,75.4,85.6
שמואל הרופא,75,2022-04-27T00:00:00.000Z,75,102.8,75.4,75.4,85.6
שמואל הרופא,75,2022-04-27T00:00:00.000Z,75,102.8,75.4,75.4,85.6
שמואל הרופא,75,2022-04-27T00:00:00.000Z,75,102.8,75.4,75.4,85.6
שמואל הרופא,75,2022-04-27T00:00:00.000Z,75,102.8,75.4,75.4,85.6
שמואל הרופא,75,2022-04-27T00:00:00.000Z,75,102.8,75.4,75.4,85.6
שמואל הרופא,75,2022-04-27T00:00:00.000Z,75,102.8,75.4,75.4,85.6
שמואל הרופא,75,2022-04-27T00:00:00.000Z,75,102.8,75.4,75.4,85.6
שמואל הרופא,75,2022-04-27T00:00:00.000Z,75,102.8,75.4,75.4,85.6
שמואל הרופא,75,2022-04-27T00:00:00.000Z,75,102.8,75.4,75.4,85.6
שמואל הרופא,75,2022-04-27T00:00:00.000Z,75,102.8,75.4,75.4,85.6
שמואל הרופא,75,2022-04-27T00:00:00.000Z,75,102.8,75.4,75.4,85.6
שמואל הרופא,75,2022-04-27T00:00:00.000Z,75,102.8,75.4,75.4,85.6
שמואל הרופא,75,2022-04-27T00:00:00.000Z,75,102.8,75.4,75.4,85.6
שמואל הרופא,75,2022-04-27T00:00:00.000Z,75,102.8,75.4,75.4,85.6
שמואל הרופא,75,2022-04-27T00:00:00.000Z,75,102.8,75.4,75.4,85.6
שמואל הרופא,75,2022-04-27T00:00:00.000Z,75,102.8,75.4,75.4,85.6
שמואל הרופא,75,2022-04-27T00:00:00.000Z,75,102.8,75.4,75.4,85.6
שמואל הרופא,75,2022-04-27T00:00:00.000Z,75,102.8,75.4,75.4,85.6
שמואל הרופא,75,2022-04-27T00:00:00.000Z,75,102.8,75.4,75.4,85.6
שמואל הרופא,75,2022-04-27T00:00:00.000Z,75,102.8,75.4,75.4,85.6
שמואל הרופא,75,2022-04-27T00:00:00.000Z,75,102.8,75.4,75.4,85.6
שמואל הרופא,75,2022-04-27T00:00:00.000Z,75,102.8,75.4,75.4,85.6
שמואל הרופא,75,2022-04-27T00:00:00.000Z,75,102.8,75.4,75.4,85.6
שמואל הרופא,75,2022-04-27T00:00:00.000Z,75,102.8,75.4,75.4,85.6
שמואל הרופא,75,2022-04-27T00:00:00.000Z,75,102.8,75.4,75.4,85.6
שמואל הרופא,75,2022-04-27T00:00:00.000Z,75,102.8,75.4,75.4,85.6
שמואל הרופא,75,2022-04-27T00:00:00.000Z,75,102.8,75.4,75.4,85.6
שמואל הרופא,75,2022-04-27T00:00:00.000Z,75,102.8,75.4,75.4,85.6
שמואל הרופא,75,2022-04-27T00:00:00.000Z,75,102.8,75.4,75.4,85.6
שמואל הרופא,75,2022-04-27T00:00:00.000Z,75,102.8,75.4,75.4,85.6
שמואל הרופא,75,2022-04-27T00:00:00.000Z,75,102.8,75.4,75.4,85.6
שמואל הרופא,75,2022-04-27T00:00:00.000Z,75,102.8,75.4,75.4,85.6
שמואל הרופא,75,2022-04-27T00:00:00.000Z,75,102.8,75.4,75.4,85.6
שמואל הרופא,75,2022-04-27T00:00:00.000Z,75,102.8,75.4,75.4,85.6
שמואל הרופא,75,2022-04-27T00:00:00.000Z,75,102.8,75.4,75.4,85.6
שמואל הרופא,75,2022-04-27T00:00:00.000Z,75,102.8,75.4,75.4,85.6
שמואל הרופא,75,2022-04-27T00:00:00.000Z,75,102.8,75.4,75.4,85.6
שמואל הרופא,75,2022-04-27T00:00:00.000Z,75,102.8,75.4,75.4,85.6
שמואל הרופא,75,2022-04-27T00:00:00.000Z,75,102.8,75.4,75.4,85.6
שמואל הרופא,75,2022-04-27T00:00:00.000Z,75,102.8,75.4,75.4,85.6
שמואל הרופא,75,2022-04-27T00:00:00.000Z,75,102.8,75.4,75.4,85.6
שמואל הרופא,75,2022-04-27T00:00:00.000Z,75,102.8,75.4,75.4,85.6
שמואל הרופא,75,2022-04-27T00:00:00.000Z,75,102.8,75.4,75.4,85.6
שמואל הרופא,75,2022-04-27T00:00:00.000Z,75,102.8,75.4,75.4,85.6
שמואל הרופא,75,2022-04-27T00:00:00.000Z,75,102.8,75.4,75.4,85.6
שמואל הרופא,75,2022-04-27T00:00:00.000Z,75,102.8,75.4,75.4,85.6
שמואל הרופא,75,2022-04-27T00:00:00.000Z,75,102.8,75.4,75.4,85.6
שמואל הרופא,75,2022-04-27T00:00:00.000Z,75,102.8,75.4,75.4,85.6
שמואל הרופא,75,2022-04-27T00:00:00.000Z,75,102.8,75.4,75.4,85.6
שמואל הרופא,75,2022-04-27T00:00:00.000Z,75,102.8,75.4,75.4,85.6
שמואל הרופא,75,2022-04-27T00:00:00.000Z,75,102.8,75.4,75.4,85.6
שמואל הרופא,75,2022-04-27T00:00:00.000Z,75,102.8,75.4,75.4,85.6
שמואל הרופא,75,2022-04-27T00:00:00.000Z,75,102.8,75.4,75.4,85.6
שמואל הרופא,75,2022-04-27T00:00:00.000Z,75,102.8,75.4,75.4,85.6
שמואל הרופא,75,2022-04-27T00:00:00.000Z,75,102.8,75.4,75.4,85.6
שמואל הרופא,75,2022-04-27T00:00:00.000Z,75,102.8,75.4,75.4,85.6
שמואל הרופא,75,2022-04-27T00:00:00.000Z,75,102.8,75.4,75.4,85.6
שמואל הרופא,75,2022-04-27T00:00:00.000Z,75,102.8,75.4,75.4,85.6
שמואל הרופא,75,2022-04-27T00:00:00.000Z,75,102.8,75.4,75.4,85.6
שמואל הרופא,75,2022-04-27T00:00:00.000Z,75,102.8,75.4,75.4,85.6
שמואל הרופא,75,2022-04-27T00:00:00.000Z,75,102.8,75.4,75.4,85.6
שמואל הרופא,75,2022-04-27T00:00:00.000Z,75,102.8,75.4,75.4,85.6
שמואל הרופא,75,2022-04-27T00:00:00.000Z,75,102.8,75.4,75.4,85.6
שמואל הרופא,75,2022-04-27T00:00:00.000Z,75,102.8,75.4,75.4,85.6
שמואל הרופא,75,2022-04-27T00:00:00.000Z,75,102.8,75.4,75.4,85.6
שמואל הרופא,75,2022-04-27T00:00:00.000Z,75,102.8,75.4,75.4,85.6
שמואל הרופא,75,2022-04-27T00:00:00.000Z,75,102.8,75.4,75.4,85.6
שמואל הרופא,75,2022-04-27T00:00:00.000Z,75,102.8,75.4,75.4,85.6
שמואל הרופא,75,2022-04-27T00:00:00.000Z,75,102.8,75.4,75.4,85.6
שמואל הרופא,75,2022-04-27T00:00:00.000Z,75,102.8,75.4,75.4,85.6
שמואל הרופא,75,2022-04-27T00:00:00.000Z,75,102.8,75.4,75.4,85.6
שמואל הרופא,75,2022-04-27T00:00:00.000Z,75,102.8,75.4,75.4,85.6
שמואל הרופא,75,2022-04-27T00:00:00.000Z,75,102.8,75.4,75.4,85.6
שמואל הרופא,75,2022-04-27T00:00:00.000Z,75,102.8,75.4,75.4,85.6
שמואל הרופא,75,2022-04-27T00:00:00.000Z,75,102.8,75.4,75.4,85.6
שמואל הרופא,75,2022-04-27T00:00:00.000Z,75,102.8,75.4,75.4,85.6
שמואל הרופא,75,2022-04-27T00:00:00.000Z,75,102.8,75.4,75.4,85.6
שמואל הרופא,75,2022-04-27T00:00:00.000Z,75,102.8,75.4,75.4,85.6
שמואל הרופא,75,2022-04-27T00:00:00.000Z,75,102.8,75.4,75.4,85.6
שמואל הרופא,75,2022-04-27T00:00:00.000Z,75,102.8,75.4,75.4,85.6
שמואל הרופא,75,2022-04-27T00:00:00.000Z,75,102.8,75.4,75.4,85.6
שמואל הרופא,75,2022-04-27T00:00:00.000Z,75,102.8,75.4,75.4,85.6
שמואל הרופא,75,2022-04-27T00:00:00.000Z,75,102.8,75.4,75.4,85.6
שמואל הרופא,75,2022-04-27T00:00:00.000Z,75,102.8,75.4,75.4,85.6
שמואל הרופא,75,2022-04-27T00:00:00.000Z,75,102.8,75.4,75.4,85.6
שמואל הרופא,75,2022-04-27T00:00:00.000Z,75,102.8,75.4,75.4,85.6
שמואל הרופא,75,2022-04-27T00:00:00.000Z,75,102.8,75.4,75.4,85.6
שמואל הרופא,75,2022-04-27T00:00:00.000Z,75,102.8,75.4,75.4,85.6
שמואל הרופא,75,2022-04-27T00:00:00.000Z,75,102.8,75.4,75.4,85.6
שמואל הרופא,75,2022-04-27T00:00:00.000Z,75,102.8,75.4,75.4,85.6
בני ציון,93.4,2022-04-27T00:00:00.000Z,93.4,95,95.6,95.6,85.5
בני ציון,93.4,2022-04-27T00:00:00.000Z,93.4,95,95.6,95.6,85.5
בני ציון,93.4,2022-04-27T00:00:00.000Z,93.4,95,95.6,95.6,85.5
בני ציון,93.4,2022-04-27T00:00:00.000Z,93.4,95,95.6,95.6,85.5
בני ציון,93.4,2022-04-27T00:00:00.000Z,93.4,95,95.6,95.6,85.5
בני ציון,93.4,2022-04-27T00:00:00.000Z,93.4,95,95.6,95.6,85.5
בני ציון,93.4,2022-04-27T00:00:00.000Z,93.4,95,95.6,95.6,85.5
בני ציון,93.4,2022-04-27T00:00:00.000Z,93.4,95,95.6,95.6,85.5
בני ציון,93.4,2022-04-27T00:00:00.000Z,93.4,95,95.6,95.6,85.5
בני ציון,93.4,2022-04-27T00:00:00.000Z,93.4,95,95.6,95.6,85.5
בני ציון,93.4,2022-04-27T00:00:00.000Z,93.4,95,95.6,95.6,85.5
בני ציון,93.4,2022-04-27T00:00:00.000Z,93.4,95,95.6,95.6,85.5
בני ציון,93.4,2022-04-27T00:00:00.000Z,93.4,95,95.6,95.6,85.5
בני ציון,93.4,2022-04-27T00:00:00.000Z,93.4,95,95.6,95.6,85.5
בני ציון,93.4,2022-04-27T00:00:00.000Z,93.4,95,95.6,95.6,85.5
בני ציון,93.4,2022-04-27T00:00:00.000Z,93.4,95,95.6,95.6,85.5
בני ציון,93.4,2022-04-27T00:00:00.000Z,93.4,95,95.6,95.6,85.5
בני ציון,93.4,2022-04-27T00:00:00.000Z,93.4,95,95.6,95.6,85.5
בני ציון,93.4,2022-04-27T00:00:00.000Z,93.4,95,95.6,95.6,85.5
בני ציון,93.4,2022-04-27T00:00:00.000Z,93.4,95,95.6,95.6,85.5
בני ציון,93.4,2022-04-27T00:00:00.000Z,93.4,95,95.6,95.6,85.5
בני ציון,93.4,2022-04-27T00:00:00.000Z,93.4,95,95.6,95.6,85.5
בני ציון,93.4,2022-04-27T00:00:00.000Z,93.4,95,95.6,95.6,85.5
בני ציון,93.4,2022-04-27T00:00:00.000Z,93.4,95,95.6,95.6,85.5
בני ציון,93.4,2022-04-27T00:00:00.000Z,93.4,95,95.6,95.6,85.5
בני ציון,93.4,2022-04-27T00:00:00.000Z,93.4,95,95.6,95.6,85.5
בני ציון,93.4,2022-04-27T00:00:00.000Z,93.4,95,95.6,95.6,85.5
בני ציון,93.4,2022-04-27T00:00:00.000Z,93.4,95,95.6,95.6,85.5
בני ציון,93.4,2022-04-27T00:00:00.000Z,93.4,95,95.6,95.6,85.5
בני ציון,93.4,2022-04-27T00:00:00.000Z,93.4,95,95.6,95.6,85.5
בני ציון,93.4,2022-04-27T00:00:00.000Z,93.4,95,95.6,95.6,85.5
בני ציון,93.4,2022-04-27T00:00:00.000Z,93.4,95,95.6,95.6,85.5
בני ציון,93.4,2022-04-27T00:00:00.000Z,93.4,95,95.6,95.6,85.5
בני ציון,93.4,2022-04-27T00:00:00.000Z,93.4,95,95.6,95.6,85.5
בני ציון,93.4,2022-04-27T00:00:00.000Z,93.4,95,95.6,95.6,85.5
בני ציון,93.4,2022-04-27T00:00:00.000Z,93.4,95,95.6,95.6,85.5
בני ציון,93.4,2022-04-27T00:00:00.000Z,93.4,95,95.6,95.6,85.5
בני ציון,93.4,2022-04-27T00:00:00.000Z,93.4,95,95.6,95.6,85.5
בני ציון,93.4,2022-04-27T00:00:00.000Z,93.4,95,95.6,95.6,85.5
בני ציון,93.4,2022-04-27T00:00:00.000Z,93.4,95,95.6,95.6,85.5
בני ציון,93.4,2022-04-27T00:00:00.000Z,93.4,95,95.6,95.6,85.5
בני ציון,93.4,2022-04-27T00:00:00.000Z,93.4,95,95.6,95.6,85.5
בני ציון,93.4,2022-04-27T00:00:00.000Z,93.4,95,95.6,95.6,85.5
בני ציון,93.4,2022-04-27T00:00:00.000Z,93.4,95,95.6,95.6,85.5
בני ציון,93.4,2022-04-27T00:00:00.000Z,93.4,95,95.6,95.6,85.5
בני ציון,93.4,2022-04-27T00:00:00.000Z,93.4,95,95.6,95.6,85.5
בני ציון,93.4,2022-04-27T00:00:00.000Z,93.4,95,95.6,95.6,85.5
בני ציון,93.4,2022-04-27T00:00:00.000Z,93.4,95,95.6,95.6,85.5
בני ציון,93.4,2022-04-27T00:00:00.000Z,93.4,95,95.6,95.6,85.5
בני ציון,93.4,2022-04-27T00:00:00.000Z,93.4,95,95.6,95.6,85.5
בני ציון,93.4,2022-04-27T00:00:00.000Z,93.4,95,95.6,95.6,85.5
בני ציון,93.4,2022-04-27T00:00:00.000Z,93.4,95,95.6,95.6,85.5
בני ציון,93.4,2022-04-27T00:00:00.000Z,93.4,95,95.6,95.6,85.5
בני ציון,93.4,2022-04-27T00:00:00.000Z,93.4,95,95.6,95.6,85.5
בני ציון,93.4,2022-04-27T00:00:00.000Z,93.4,95,95.6,95.6,85.5
בני ציון,93.4,2022-04-27T00:00:00.000Z,93.4,95,95.6,95.6,85.5
בני ציון,93.4,2022-04-27T00:00:00.000Z,93.4,95,95.6,95.6,85.5
בני ציון,93.4,2022-04-27T00:00:00.000Z,93.4,95,95.6,95.6,85.5
בני ציון,93.4,2022-04-27T00:00:00.000Z,93.4,95,95.6,95.6,85.5
בני ציון,93.4,2022-04-27T00:00:00.000Z,93.4,95,95.6,95.6,85.5
בני ציון,93.4,2022-04-27T00:00:00.000Z,93.4,95,95.6,95.6,85.5
בני ציון,93.4,2022-04-27T00:00:00.000Z,93.4,95,95.6,95.6,85.5
בני ציון,93.4,2022-04-27T00:00:00.000Z,93.4,95,95.6,95.6,85.5
בני ציון,93.4,2022-04-27T00:00:00.000Z,93.4,95,95.6,95.6,85.5
בני ציון,93.4,2022-04-27T00:00:00.000Z,93.4,95,95.6,95.6,85.5
בני ציון,93.4,2022-04-27T00:00:00.000Z,93.4,95,95.6,95.6,85.5
בני ציון,93.4,2022-04-27T00:00:00.000Z,93.4,95,95.6,95.6,85.5
בני ציון,93.4,2022-04-27T00:00:00.000Z,93.4,95,95.6,95.6,85.5
בני ציון,93.4,2022-04-27T00:00:00.000Z,93.4,95,95.6,95.6,85.5
בני ציון,93.4,2022-04-27T00:00:00.000Z,93.4,95,95.6,95.6,85.5
בני ציון,93.4,2022-04-27T00:00:00.000Z,93.4,95,95.6,95.6,85.5
בני ציון,93.4,2022-04-27T00:00:00.000Z,93.4,95,95.6,95.6,85.5
בני ציון,93.4,2022-04-27T00:00:00.000Z,93.4,95,95.6,95.6,85.5
בני ציון,93.4,2022-04-27T00:00:00.000Z,93.4,95,95.6,95.6,85.5
בני ציון,93.4,2022-04-27T00:00:00.000Z,93.4,95,95.6,95.6,85.5
בני ציון,93.4,2022-04-27T00:00:00.000Z,93.4,95,95.6,95.6,85.5
בני ציון,93.4,2022-04-27T00:00:00.000Z,93.4,95,95.6,95.6,85.5
בני ציון,93.4,2022-04-27T00:00:00.000Z,93.4,95,95.6,95.6,85.5
בני ציון,93.4,2022-04-27T00:00:00.000Z,93.4,95,95.6,95.6,85.5
בני ציון,93.4,2022-04-27T00:00:00.000Z,93.4,95,95.6,95.6,85.5
בני ציון,93.4,2022-04-27T00:00:00.000Z,93.4,95,95.6,95.6,85.5
בני ציון,93.4,2022-04-27T00:00:00.000Z,93.4,95,95.6,95.6,85.5
בני ציון,93.4,2022-04-27T00:00:00.000Z,93.4,95,95.6,95.6,85.5
בני ציון,93.4,2022-04-27T00:00:00.000Z,93.4,95,95.6,95.6,85.5
בני ציון,93.4,2022-04-27T00:00:00.000Z,93.4,95,95.6,95.6,85.5
בני ציון,93.4,2022-04-27T00:00:00.000Z,93.4,95,95.6,95.6,85.5
בני ציון,93.4,2022-04-27T00:00:00.000Z,93.4,95,95.6,95.6,85.5
בני ציון,93.4,2022-04-27T00:00:00.000Z,93.4,95,95.6,95.6,85.5
בני ציון,93.4,2022-04-27T00:00:00.000Z,93.4,95,95.6,95.6,85.5
בני ציון,93.4,2022-04-27T00:00:00.000Z,93.4,95,95.6,95.6,85.5
בני ציון,93.4,2022-04-27T00:00:00.000Z,93.4,95,95.6,95.6,85.5
בני ציון,93.4,2022-04-27T00:00:00.000Z,93.4,95,95.6,95.6,85.5
בני ציון,93.4,2022-04-27T00:00:00.000Z,93.4,95,95.6,95.6,85.5
בני ציון,93.4,2022-04-27T00:00:00.000Z,93.4,95,95.6,95.6,85.5
בני ציון,93.4,2022-04-27T00:00:00.000Z,93.4,95,95.6,95.6,85.5
בני ציון,93.4,2022-04-27T00:00:00.000Z,93.4,95,95.6,95.6,85.5
בני ציון,93.4,2022-04-27T00:00:00.000Z,93.4,95,95.6,95.6,85.5
בני ציון,93.4,2022-04-27T00:00:00.000Z,93.4,95,95.6,95.6,85.5
בני ציון,93.4,2022-04-27T00:00:00.000Z,93.4,95,95.6,95.6,85.5
בני ציון,93.4,2022-04-27T00:00:00.000Z,93.4,95,95.6,95.6,85.5
בני ציון,93.4,2022-04-27T00:00:00.000Z,93.4,95,95.6,95.6,85.5
בני ציון,93.4,2022-04-27T00:00:00.000Z,93.4,95,95.6,95.6,85.5
לניאדו,100,2022-04-27T00:00:00.000Z,102.7,93.4,97.5,96.4,74.5
לניאדו,100,2022-04-27T00:00:00.000Z,102.7,94.1,97.5,95.1,78.4
לניאדו,100,2022-04-27T00:00:00.000Z,104.8,94.3,97.5,95.2,82.3
לניאדו,100,2022-04-27T00:00:00.000Z,106,95.4,97.5,94.6,86.5
לניאדו,100,2022-04-27T00:00:00.000Z,107.9,96.9,97.5,97.3,90.3
לניאדו,100,2022-04-27T00:00:00.000Z,105.3,98,97.5,98,95.7
לניאדו,100,2022-04-27T00:00:00.000Z,102.2,97.4,97.5,95.7,99.5
לניאדו,100,2022-04-27T00:00:00.000Z,100,98.7,97.5,97.5,104.2
לניאדו,100,2022-04-27T00:00:00.000Z,100,98.7,97.5,97.5,104.2
לניאדו,100,2022-04-27T00:00:00.000Z,100,98.7,97.5,97.5,104.2
לניאדו,100,2022-04-27T00:00:00.000Z,100,98.7,97.5,97.5,104.2
לניאדו,100,2022-04-27T00:00:00.000Z,100,98.7,97.5,97.5,104.2
לניאדו,100,2022-04-27T00:00:00.000Z,100,98.7,97.5,97.5,104.2
לניאדו,100,2022-04-27T00:00:00.000Z,100,98.7,97.5,97.5,104.2
לניאדו,100,2022-04-27T00:00:00.000Z,100,98.7,97.5,97.5,104.2
לניאדו,100,2022-04-27T00:00:00.000Z,100,98.7,97.5,97.5,104.2
לניאדו,100,2022-04-27T00:00:00.000Z,100,98.7,97.5,97.5,104.2
לניאדו,100,2022-04-27T00:00:00.000Z,100,98.7,97.5,97.5,104.2
לניאדו,100,2022-04-27T00:00:00.000Z,100,98.7,97.5,97.5,104.2
לניאדו,100,2022-04-27T00:00:00.000Z,100,98.7,97.5,97.5,104.2
לניאדו,100,2022-04-27T00:00:00.000Z,100,98.7,97.5,97.5,104.2
לניאדו,100,2022-04-27T00:00:00.000Z,100,98.7,97.5,97.5,104.2
לניאדו,100,2022-04-27T00:00:00.000Z,100,98.7,97.5,97.5,104.2
לניאדו,100,2022-04-27T00:00:00.000Z,100,98.7,97.5,97.5,104.2
לניאדו,100,2022-04-27T00:00:00.000Z,100,98.7,97.5,97.5,104.2
לניאדו,100,2022-04-27T00:00:00.000Z,100,98.7,97.5,97.5,104.2
לניאדו,100,2022-04-27T00:00:00.000Z,100,98.7,97.5,97.5,104.2
לניאדו,100,2022-04-27T00:00:00.000Z,100,98.7,97.5,97.5,104.2
לניאדו,100,2022-04-27T00:00:00.000Z,100,98.7,97.5,97.5,104.2
לניאדו,100,2022-04-27T00:00:00.000Z,100,98.7,97.5,97.5,104.2
לניאדו,100,2022-04-27T00:00:00.000Z,100,98.7,97.5,97.5,104.2
לניאדו,100,2022-04-27T00:00:00.000Z,100,98.7,97.5,97.5,104.2
לניאדו,100,2022-04-27T00:00:00.000Z,100,98.7,97.5,97.5,104.2
לניאדו,100,2022-04-27T00:00:00.000Z,100,98.7,97.5,97.5,104.2
רבין ק. בילינסון,120.3,2022-04-27T00:00:00.000Z,120.3,101.3,100.2,100.2,91.5
רבין ק. בילינסון,120.3,2022-04-27T00:00:00.000Z,120.3,101.3,100.2,100.2,91.5
רבין ק. בילינסון,120.3,2022-04-27T00:00:00.000Z,120.3,101.3,100.2,100.2,91.5
רבין ק. בילינסון,120.3,2022-04-27T00:00:00.000Z,120.3,101.3,100.2,100.2,91.5
רבין ק. בילינסון,120.3,2022-04-27T00:00:00.000Z,120.3,101.3,100.2,100.2,91.5
רבין ק. בילינסון,120.3,2022-04-27T00:00:00.000Z,120.3,101.3,100.2,100.2,91.5
רבין ק. בילינסון,120.3,2022-04-27T00:00:00.000Z,120.3,101.3,100.2,100.2,91.5
רבין ק. בילינסון,120.3,2022-04-27T00:00:00.000Z,120.3,101.3,100.2,100.2,91.5
רבין ק. בילינסון,120.3,2022-04-27T00:00:00.000Z,120.3,101.3,100.2,100.2,91.5
רבין ק. בילינסון,120.3,2022-04-27T00:00:00.000Z,120.3,101.3,100.2,100.2,91.5
רבין ק. בילינסון,120.3,2022-04-27T00:00:00.000Z,120.3,101.3,100.2,100.2,91.5
רבין ק. בילינסון,120.3,2022-04-27T00:00:00.000Z,120.3,101.3,100.2,100.2,91.5
רבין ק. בילינסון,120.3,2022-04-27T00:00:00.000Z,120.3,101.3,100.2,100.2,91.5
רבין ק. בילינסון,120.3,2022-04-27T00:00:00.000Z,120.3,101.3,100.2,100.2,91.5
רבין ק. בילינסון,120.3,2022-04-27T00:00:00.000Z,120.3,101.3,100.2,100.2,91.5
רבין ק. בילינסון,120.3,2022-04-27T00:00:00.000Z,120.3,101.3,100.2,100.2,91.5
רבין ק. בילינסון,120.3,2022-04-27T00:00:00.000Z,120.3,101.3,100.2,100.2,91.5
רבין ק. בילינסון,120.3,2022-04-27T00:00:00.000Z,120.3,101.3,100.2,100.2,91.5
רבין ק. בילינסון,120.3,2022-04-27T00:00:00.000Z,120.3,101.3,100.2,100.2,91.5
רבין ק. בילינסון,120.3,2022-04-27T00:00:00.000Z,120.3,101.3,100.2,100.2,91.5
רבין ק. בילינסון,120.3,2022-04-27T00:00:00.000Z,120.3,101.3,100.2,100.2,91.5
רבין ק. בילינסון,120.3,2022-04-27T00:00:00.000Z,120.3,101.3,100.2,100.2,91.5
רבין ק. בילינסון,120.3,2022-04-27T00:00:00.000Z,120.3,101.3,100.2,100.2,91.5
רבין ק. בילינסון,120.3,2022-04-27T00:00:00.000Z,120.3,101.3,100.2,100.2,91.5
רבין ק. בילינסון,120.3,2022-04-27T00:00:00.000Z,120.3,101.3,100.2,100.2,91.5
רבין ק. בילינסון,120.3,2022-04-27T00:00:00.000Z,120.3,101.3,100.2,100.2,91.5
רבין ק. בילינסון,120.3,2022-04-27T00:00:00.000Z,120.3,101.3,100.2,100.2,91.5
רבין ק. בילינסון,120.3,2022-04-27T00:00:00.000Z,120.3,101.3,100.2,100.2,91.5
רבין ק. בילינסון,120.3,2022-04-27T00:00:00.000Z,120.3,101.3,100.2,100.2,91.5
רבין ק. בילינסון,120.3,2022-04-27T00:00:00.000Z,120.3,101.3,100.2,100.2,91.5
רבין ק. בילינסון,120.3,2022-04-27T00:00:00.000Z,120.3,101.3,100.2,100.2,91.5
רבין ק. בילינסון,120.3,2022-04-27T00:00:00.000Z,120.3,101.3,100.2,100.2,91.5
רבין ק. בילינסון,120.3,2022-04-27T00:00:00.000Z,120.3,101.3,100.2,100.2,91.5
רבין ק. בילינסון,120.3,2022-04-27T00:00:00.000Z,120.3,101.3,100.2,100.2,91.5
רבין ק. בילינסון,120.3,2022-04-27T00:00:00.000Z,120.3,101.3,100.2,100.2,91.5
רבין ק. בילינסון,120.3,2022-04-27T00:00:00.000Z,120.3,101.3,100.2,100.2,91.5
רבין ק. בילינסון,120.3,2022-04-27T00:00:00.000Z,120.3,101.3,100.2,100.2,91.5
רבין ק. בילינסון,120.3,2022-04-27T00:00:00.000Z,120.3,101.3,100.2,100.2,91.5
רבין ק. בילינסון,120.3,2022-04-27T00:00:00.000Z,120.3,101.3,100.2,100.2,91.5
רבין ק. בילינסון,120.3,2022-04-27T00:00:00.000Z,120.3,101.3,100.2,100.2,91.5
רבין ק. בילינסון,120.3,2022-04-27T00:00:00.000Z,120.3,101.3,100.2,100.2,91.5
רבין ק. בילינסון,120.3,2022-04-27T00:00:00.000Z,120.3,101.3,100.2,100.2,91.5
רבין ק. בילינסון,120.3,2022-04-27T00:00:00.000Z,120.3,101.3,100.2,100.2,91.5
רבין ק. בילינסון,120.3,2022-04-27T00:00:00.000Z,120.3,101.3,100.2,100.2,91.5
רבין ק. בילינסון,120.3,2022-04-27T00:00:00.000Z,120.3,101.3,100.2,100.2,91.5
רבין ק. בילינסון,120.3,2022-04-27T00:00:00.000Z,120.3,101.3,100.2,100.2,91.5
רבין ק. בילינסון,120.3,2022-04-27T00:00:00.000Z,120.3,101.3,100.2,100.2,91.5
רבין ק. בילינסון,120.3,2022-04-27T00:00:00.000Z,120.3,101.3,100.2,100.2,91.5
רבין ק. בילינסון,120.3,2022-04-27T00:00:00.000Z,120.3,101.3,100.2,100.2,91.5
רבין ק. בילינסון,120.3,2022-04-27T00:00:00.000Z,120.3,101.3,100.2,100.2,91.5
רבין ק. בילינסון,120.3,2022-04-27T00:00:00.000Z,120.3,101.3,100.2,100.2,91.5
רבין ק. בילינסון,120.3,2022-04-27T00:00:00.000Z,120.3,101.3,100.2,100.2,91.5
רבין ק. בילינסון,120.3,2022-04-27T00:00:00.000Z,120.3,101.3,100.2,100.2,91.5
רבין ק. בילינסון,120.3,2022-04-27T00:00:00.000Z,120.3,101.3,100.2,100.2,91.5
רבין ק. בילינסון,120.3,2022-04-27T00:00:00.000Z,120.3,101.3,100.2,100.2,91.5
רבין ק. בילינסון,120.3,2022-04-27T00:00:00.000Z,120.3,101.3,100.2,100.2,91.5
רבין ק. בילינסון,120.3,2022-04-27T00:00:00.000Z,120.3,101.3,100.2,100.2,91.5
רבין ק. בילינסון,120.3,2022-04-27T00:00:00.000Z,120.3,101.3,100.2,100.2,91.5
רבין ק. בילינסון,120.3,2022-04-27T00:00:00.000Z,120.3,101.3,100.2,100.2,91.5
רבין ק. בילינסון,120.3,2022-04-27T00:00:00.000Z,120.3,101.3,100.2,100.2,91.5
רבין ק. בילינסון,120.3,2022-04-27T00:00:00.000Z,120.3,101.3,100.2,100.2,91.5
רבין ק. בילינסון,120.3,2022-04-27T00:00:00.000Z,120.3,101.3,100.2,100.2,91.5
רבין ק. בילינסון,120.3,2022-04-27T00:00:00.000Z,120.3,101.3,100.2,100.2,91.5
רבין ק. בילינסון,120.3,2022-04-27T00:00:00.000Z,120.3,101.3,100.2,100.2,91.5
רבין ק. בילינסון,120.3,2022-04-27T00:00:00.000Z,120.3,101.3,100.2,100.2,91.5
רבין ק. בילינסון,120.3,2022-04-27T00:00:00.000Z,120.3,101.3,100.2,100.2,91.5
רבין ק. בילינסון,120.3,2022-04-27T00:00:00.000Z,120.3,101.3,100.2,100.2,91.5
רבין ק. בילינסון,120.3,2022-04-27T00:00:00.000Z,120.3,101.3,100.2,100.2,91.5
רבין ק. בילינסון,120.3,2022-04-27T00:00:00.000Z,120.3,101.3,100.2,100.2,91.5
רבין ק. בילינסון,120.3,2022-04-27T00:00:00.000Z,120.3,101.3,100.2,100.2,91.5
רבין ק. בילינסון,120.3,2022-04-27T00:00:00.000Z,120.3,101.3,100.2,100.2,91.5
רבין ק. בילינסון,120.3,2022-04-27T00:00:00.000Z,120.3,101.3,100.2,100.2,91.5
רבין ק. בילינסון,120.3,2022-04-27T00:00:00.000Z,120.3,101.3,100.2,100.2,91.5
רבין ק. בילינסון,120.3,2022-04-27T00:00:00.000Z,120.3,101.3,100.2,100.2,91.5
רבין ק. בילינסון,120.3,2022-04-27T00:00:00.000Z,120.3,101.3,100.2,100.2,91.5
רבין ק. בילינסון,120.3,2022-04-27T00:00:00.000Z,120.3,101.3,100.2,100.2,91.5
רבין ק. בילינסון,120.3,2022-04-27T00:00:00.000Z,120.3,101.3,100.2,100.2,91.5
רבין ק. בילינסון,120.3,2022-04-27T00:00:00.000Z,120.3,101.3,100.2,100.2,91.5
רבין ק. בילינסון,120.3,2022-04-27T00:00:00.000Z,120.3,101.3,100.2,100.2,91.5
רבין ק. בילינסון,120.3,2022-04-27T00:00:00.000Z,120.3,101.3,100.2,100.2,91.5
רבין ק. בילינסון,120.3,2022-04-27T00:00:00.000Z,120.3,101.3,100.2,100.2,91.5
רבין ק. בילינסון,120.3,2022-04-27T00:00:00.000Z,120.3,101.3,100.2,100.2,91.5
רבין ק. בילינסון,120.3,2022-04-27T00:00:00.000Z,120.3,101.3,100.2,100.2,91.5
רבין ק. בילינסון,120.3,2022-04-27T00:00:00.000Z,120.3,101.3,100.2,100.2,91.5
רבין ק. בילינסון,120.3,2022-04-27T00:00:00.000Z,120.3,101.3,100.2,100.2,91.5
רבין ק. בילינסון,120.3,2022-04-27T00:00:00.000Z,120.3,101.3,100.2,100.2,91.5
רבין ק. בילינסון,120.3,2022-04-27T00:00:00.000Z,120.3,101.3,100.2,100.2,91.5
רבין ק. בילינסון,120.3,2022-04-27T00:00:00.000Z,120.3,101.3,100.2,100.2,91.5
רבין ק. בילינסון,120.3,2022-04-27T00:00:00.000Z,120.3,101.3,100.2,100.2,91.5
רבין ק. בילינסון,120.3,2022-04-27T00:00:00.000Z,120.3,101.3,100.2,100.2,91.5
רבין ק. בילינסון,120.3,2022-04-27T00:00:00.000Z,120.3,101.3,100.2,100.2,91.5
רבין ק. בילינסון,120.3,2022-04-27T00:00:00.000Z,120.3,101.3,100.2,100.2,91.5
רבין ק. בילינסון,120.3,2022-04-27T00:00:00.000Z,120.3,101.3,100.2,100.2,91.5
רבין ק. בילינסון,120.3,2022-04-27T00:00:00.000Z,120.3,101.3,100.2,100.2,91.5
רבין ק. בילינסון,120.3,2022-04-27T00:00:00.000Z,120.3,101.3,100.2,100.2,91.5
רבין ק. בילינסון,120.3,2022-04-27T00:00:00.000Z,120.3,101.3,100.2,100.2,91.5
בני ציון,93.4,2022-04-27T00:00:00.000Z,93.4,95,95.6,95.6,85.5
בני ציון,93.4,2022-04-27T00:00:00.000Z,93.4,95,95.6,95.6,85.5
בני ציון,93.4,2022-04-27T00:00:00.000Z,93.4,95,95.6,95.6,85.5
בני ציון,93.4,2022-04-27T00:00:00.000Z,93.4,95,95.6,95.6,85.5
בני ציון,93.4,2022-04-27T00:00:00.000Z,93.4,95,95.6,95.6,85.5
בני ציון,93.4,2022-04-27T00:00:00.000Z,93.4,95,95.6,95.6,85.5
בני ציון,93.4,2022-04-27T00:00:00.000Z,93.4,95,95.6,95.6,85.5
בני ציון,93.4,2022-04-27T00:00:00.000Z,93.4,95,95.6,95.6,85.5
בני ציון,93.4,2022-04-27T00:00:00.000Z,93.4,95,95.6,95.6,85.5
בני ציון,93.4,2022-04-27T00:00:00.000Z,93.4,95,95.6,95.6,85.5
בני ציון,93.4,2022-04-27T00:00:00.000Z,93.4,95,95.6,95.6,85.5
בני ציון,93.4,2022-04-27T00:00:00.000Z,93.4,95,95.6,95.6,85.5
בני ציון,93.4,2022-04-27T00:00:00.000Z,93.4,95,95.6,95.6,85.5
בני ציון,93.4,2022-04-27T00:00:00.000Z,93.4,95,95.6,95.6,85.5
בני ציון,93.4,2022-04-27T00:00:00.000Z,93.4,95,95.6,95.6,85.5
בני ציון,93.4,2022-04-27T00:00:00.000Z,93.4,95,95.6,95.6,85.5
בני ציון,93.4,2022-04-27T00:00:00.000Z,93.4,95,95.6,95.6,85.5
בני ציון,93.4,2022-04-27T00:00:00.000Z,93.4,95,95.6,95.6,85.5
בני ציון,93.4,2022-04-27T00:00:00.000Z,93.4,95,95.6,95.6,85.5
בני ציון,93.4,2022-04-27T00:00:00.000Z,93.4,95,95.6,95.6,85.5
בני ציון,93.4,2022-04-27T00:00:00.000Z,93.4,95,95.6,95.6,85.5
בני ציון,93.4,2022-04-27T00:00:00.000Z,93.4,95,95.6,95.6,85.5
בני ציון,93.4,2022-04-27T00:00:00.000Z,93.4,95,95.6,95.6,85.5
בני ציון,93.4,2022-04-27T00:00:00.000Z,93.4,95,95.6,95.6,85.5
בני ציון,93.4,2022-04-27T00:00:00.000Z,93.4,95,95.6,95.6,85.5
בני ציון,93.4,2022-04-27T00:00:00.000Z,93.4,95,95.6,95.6,85.5
בני ציון,93.4,2022-04-27T00:00:00.000Z,93.4,95,95.6,95.6,85.5
בני ציון,93.4,2022-04-27T00:00:00.000Z,93.4,95,95.6,95.6,85.5
בני ציון,93.4,2022-04-27T00:00:00.000Z,93.4,95,95.6,95.6,85.5
בני ציון,93.4,2022-04-27T00:00:00.000Z,93.4,95,95.6,95.6,85.5
בני ציון,93.4,2022-04-27T00:00:00.000Z,93.4,95,95.6,95.6,85.5
בני ציון,93.4,2022-04-27T00:00:00.000Z,93.4,95,95.6,95.6,85.5
בני ציון,93.4,2022-04-27T00:00:00.000Z,93.4,95,95.6,95.6,85.5
בני ציון,93.4,2022-04-27T00:00:00.000Z,93.4,95,95.6,95.6,85.5
פוריה,79.5,2022-04-27T00:00:00.000Z,94.5,62.3,84.5,81.6,64.3
פוריה,79.5,2022-04-27T00:00:00.000Z,91.6,64.5,84.5,80.8,66.1
המשפחה הקדושה,172.4,2022-04-27T00:00:00.000Z,172.4,,118.1,118.1,
המשפחה הקדושה,172.4,2022-04-27T00:00:00.000Z,172.4,,118.1,118.1,
המשפחה הקדושה,172.4,2022-04-27T00:00:00.000Z,172.4,,118.1,118.1,
המשפחה הקדושה,172.4,2022-04-27T00:00:00.000Z,172.4,,118.1,118.1,
המשפחה הקדושה,172.4,2022-04-27T00:00:00.000Z,172.4,,118.1,118.1,
המשפחה הקדושה,172.4,2022-04-27T00:00:00.000Z,172.4,,118.1,118.1,
המשפחה הקדושה,172.4,2022-04-27T00:00:00.000Z,172.4,,118.1,118.1,
המשפחה הקדושה,172.4,2022-04-27T00:00:00.000Z,172.4,,118.1,118.1,
המשפחה הקדושה,172.4,2022-04-27T00:00:00.000Z,172.4,,118.1,118.1,
המשפחה הקדושה,172.4,2022-04-27T00:00:00.000Z,172.4,,118.1,118.1,
המשפחה הקדושה,172.4,2022-04-27T00:00:00.000Z,172.4,,118.1,118.1,
המשפחה הקדושה,172.4,2022-04-27T00:00:00.000Z,172.4,,118.1,118.1,
המשפחה הקדושה,172.4,2022-04-27T00:00:00.000Z,172.4,,118.1,118.1,
המשפחה הקדושה,172.4,2022-04-27T00:00:00.000Z,172.4,,118.1,118.1,
המשפחה הקדושה,172.4,2022-04-27T00:00:00.000Z,172.4,,118.1,118.1,
המשפחה הקדושה,172.4,2022-04-27T00:00:00.000Z,172.4,,118.1,118.1,
המשפחה הקדושה,172.4,2022-04-27T00:00:00.000Z,172.4,,118.1,118.1,
המשפחה הקדושה,172.4,2022-04-27T00:00:00.000Z,172.4,,118.1,118.1,
המשפחה הקדושה,172.4,2022-04-27T00:00:00.000Z,172.4,,118.1,118.1,
המשפחה הקדושה,172.4,2022-04-27T00:00:00.000Z,172.4,,118.1,118.1,
המשפחה הקדושה,172.4,2022-04-27T00:00:00.000Z,172.4,,118.1,118.1,
המשפחה הקדושה,172.4,2022-04-27T00:00:00.000Z,172.4,,118.1,118.1,
המשפחה הקדושה,172.4,2022-04-27T00:00:00.000Z,172.4,,118.1,118.1,
המשפחה הקדושה,172.4,2022-04-27T00:00:00.000Z,172.4,,118.1,118.1,
המשפחה הקדושה,172.4,2022-04-27T00:00:00.000Z,172.4,,118.1,118.1,
המשפחה הקדושה,172.4,2022-04-27T00:00:00.000Z,172.4,,118.1,118.1,
המשפחה הקדושה,172.4,2022-04-27T00:00:00.000Z,172.4,,118.1,118.1,
המשפחה הקדושה,172.4,2022-04-27T00:00:00.000Z,172.4,,118.1,118.1,
המשפחה הקדושה,172.4,2022-04-27T00:00:00.000Z,172.4,,118.1,118.1,
המשפחה הקדושה,172.4,2022-04-27T00:00:00.000Z,172.4,,118.1,118.1,
המשפחה הקדושה,172.4,2022-04-27T00:00:00.000Z,172.4,,118.1,118.1,
המשפחה הקדושה,172.4,2022-04-27T00:00:00.000Z,172.4,,118.1,118.1,
המשפחה הקדושה,172.4,2022-04-27T00:00:00.000Z,172.4,,118.1,118.1,
המשפחה הקדושה,172.4,2022-04-27T00:00:00.000Z,172.4,,118.1,118.1,
המשפחה הקדושה,172.4,2022-04-27T00:00:00.000Z,172.4,,118.1,118.1,
המשפחה הקדושה,172.4,2022-04-27T00:00:00.000Z,172.4,,118.1,118.1,
המשפחה הקדושה,172.4,2022-04-27T00:00:00.000Z,172.4,,118.1,118.1,
המשפחה הקדושה,172.4,2022-04-27T00:00:00.000Z,172.4,,118.1,118.1,
המשפחה הקדושה,172.4,2022-04-27T00:00:00.000Z,172.4,,118.1,118.1,
המשפחה הקדושה,172.4,2022-04-27T00:00:00.000Z,172.4,,118.1,118.1,
המשפחה הקדושה,172.4,2022-04-27T00:00:00.000Z,172.4,,118.1,118.1,
המשפחה הקדושה,172.4,2022-04-27T00:00:00.000Z,172.4,,118.1,118.1,
המשפחה הקדושה,172.4,2022-04-27T00:00:00.000Z,172.4,,118.1,118.1,
המשפחה הקדושה,172.4,2022-04-27T00:00:00.000Z,172.4,,118.1,118.1,
המשפחה הקדושה,172.4,2022-04-27T00:00:00.000Z,172.4,,118.1,118.1,
המשפחה הקדושה,172.4,2022-04-27T00:00:00.000Z,172.4,,118.1,118.1,
המשפחה הקדושה,172.4,2022-04-27T00:00:00.000Z,172.4,,118.1,118.1,
המשפחה הקדושה,172.4,2022-04-27T00:00:00.000Z,172.4,,118.1,118.1,
המשפחה הקדושה,172.4,2022-04-27T00:00:00.000Z,172.4,,118.1,118.1,
המשפחה הקדושה,172.4,2022-04-27T00:00:00.000Z,172.4,,118.1,118.1,
המשפחה הקדושה,172.4,2022-04-27T00:00:00.000Z,172.4,,118.1,118.1,
המשפחה הקדושה,172.4,2022-04-27T00:00:00.000Z,172.4,,118.1,118.1,
המשפחה הקדושה,172.4,2022-04-27T00:00:00.000Z,172.4,,118.1,118.1,
המשפחה הקדושה,172.4,2022-04-27T00:00:00.000Z,172.4,,118.1,118.1,
המשפחה הקדושה,172.4,2022-04-27T00:00:00.000Z,172.4,,118.1,118.1,
המשפחה הקדושה,172.4,2022-04-27T00:00:00.000Z,172.4,,118.1,118.1,
המשפחה הקדושה,172.4,2022-04-27T00:00:00.000Z,172.4,,118.1,118.1,
המשפחה הקדושה,172.4,2022-04-27T00:00:00.000Z,172.4,,118.1,118.1,
המשפחה הקדושה,172.4,2022-04-27T00:00:00.000Z,172.4,,118.1,118.1,
המשפחה הקדושה,172.4,2022-04-27T00:00:00.000Z,172.4,,118.1,118.1,
המשפחה הקדושה,172.4,2022-04-27T00:00:00.000Z,172.4,,118.1,118.1,
המשפחה הקדושה,172.4,2022-04-27T00:00:00.000Z,172.4,,118.1,118.1,
המשפחה הקדושה,172.4,2022-04-27T00:00:00.000Z,172.4,,118.1,118.1,
המשפחה הקדושה,172.4,2022-04-27T00:00:00.000Z,172.4,,118.1,118.1,
המשפחה הקדושה,172.4,2022-04-27T00:00:00.000Z,172.4,,118.1,118.1,
המשפחה הקדושה,172.4,2022-04-27T00:00:00.000Z,172.4,,118.1,118.1,
המשפחה הקדושה,172.4,2022-04-27T00:00:00.000Z,172.4,,118.1,118.1,
המשפחה הקדושה,172.4,2022-04-27T00:00:00.000Z,172.4,,118.1,118.1,
המשפחה הקדושה,172.4,2022-04-27T00:00:00.000Z,172.4,,118.1,118.1,
המשפחה הקדושה,172.4,2022-04-27T00:00:00.000Z,172.4,,118.1,118.1,
המשפחה הקדושה,172.4,2022-04-27T00:00:00.000Z,172.4,,118.1,118.1,
המשפחה הקדושה,172.4,2022-04-27T00:00:00.000Z,172.4,,118.1,118.1,
המשפחה הקדושה,172.4,2022-04-27T00:00:00.000Z,172.4,,118.1,118.1,
המשפחה הקדושה,172.4,2022-04-27T00:00:00.000Z,172.4,,118.1,118.1,
המשפחה הקדושה,172.4,2022-04-27T00:00:00.000Z,172.4,,118.1,118.1,
המשפחה הקדושה,172.4,2022-04-27T00:00:00.000Z,172.4,,118.1,118.1,
המשפחה הקדושה,172.4,2022-04-27T00:00:00.000Z,172.4,,118.1,118.1,
המשפחה הקדושה,172.4,2022-04-27T00:00:00.000Z,172.4,,118.1,118.1,
המשפחה הקדושה,172.4,2022-04-27T00:00:00.000Z,172.4,,118.1,118.1,
המשפחה הקדושה,172.4,2022-04-27T00:00:00.000Z,172.4,,118.1,118.1,
המשפחה הקדושה,172.4,2022-04-27T00:00:00.000Z,172.4,,118.1,118.1,
המשפחה הקדושה,172.4,2022-04-27T00:00:00.000Z,172.4,,118.1,118.1,
המשפחה הקדושה,172.4,2022-04-27T00:00:00.000Z,172.4,,118.1,118.1,
המשפחה הקדושה,172.4,2022-04-27T00:00:00.000Z,172.4,,118.1,118.1,
המשפחה הקדושה,172.4,2022-04-27T00:00:00.000Z,172.4,,118.1,118.1,
המשפחה הקדושה,172.4,2022-04-27T00:00:00.000Z,172.4,,118.1,118.1,
המשפחה הקדושה,172.4,2022-04-27T00:00:00.000Z,172.4,,118.1,118.1,
המשפחה הקדושה,172.4,2022-04-27T00:00:00.000Z,172.4,,118.1,118.1,
המשפחה הקדושה,172.4,2022-04-27T00:00:00.000Z,172.4,,118.1,118.1,
המשפחה הקדושה,172.4,2022-04-27T00:00:00.000Z,172.4,,118.1,118.1,
המשפחה הקדושה,172.4,2022-04-27T00:00:00.000Z,172.4,,118.1,118.1,
המשפחה הקדושה,172.4,2022-04-27T00:00:00.000Z,172.4,,118.1,118.1,
המשפחה הקדושה,172.4,2022-04-27T00:00:00.000Z,172.4,,118.1,118.1,
המשפחה הקדושה,172.4,2022-04-27T00:00:00.000Z,172.4,,118.1,118.1,
המשפחה הקדושה,172.4,2022-04-27T00:00:00.000Z,172.4,,118.1,118.1,
המשפחה הקדושה,172.4,2022-04-27T00:00:00.000Z,172.4,,118.1,118.1,
המשפחה הקדושה,172.4,2022-04-27T00:00:00.000Z,172.4,,118.1,118.1,
המשפחה הקדושה,172.4,2022-04-27T00:00:00.000Z,172.4,,118.1,118.1,
המשפחה הקדושה,172.4,2022-04-27T00:00:00.000Z,172.4,,118.1,118.1,
המשפחה הקדושה,172.4,2022-04-27T00:00:00.000Z,172.4,,118.1,118.1,
המשפחה הקדושה,172.4,2022-04-27T00:00:00.000Z,172.4,,118.1,118.1,
המשפחה הקדושה,172.4,2022-04-27T00:00:00.000Z,172.4,,118.1,118.1,
סורוקה,64.3,2022-04-27T00:00:00.000Z,64.3,76,73,73,79.8
סורוקה,64.3,2022-04-27T00:00:00.000Z,64.3,76,73,73,79.8
סורוקה,64.3,2022-04-27T00:00:00.000Z,64.3,76,73,73,79.8
סורוקה,64.3,2022-04-27T00:00:00.000Z,64.3,76,73,73,79.8
סורוקה,64.3,2022-04-27T00:00:00.000Z,64.3,76,73,73,79.8
סורוקה,64.3,2022-04-27T00:00:00.000Z,64.3,76,73,73,79.8
סורוקה,64.3,2022-04-27T00:00:00.000Z,64.3,76,73,73,79.8
סורוקה,64.3,2022-04-27T00:00:00.000Z,64.3,76,73,73,79.8
סורוקה,64.3,2022-04-27T00:00:00.000Z,64.3,76,73,73,79.8
סורוקה,64.3,2022-04-27T00:00:00.000Z,64.3,76,73,73,79.8
סורוקה,64.3,2022-04-27T00:00:00.000Z,64.3,76,73,73,79.8
סורוקה,64.3,2022-04-27T00:00:00.000Z,64.3,76,73,73,79.8
סורוקה,64.3,2022-04-27T00:00:00.000Z,64.3,76,73,73,79.8
סורוקה,64.3,2022-04-27T00:00:00.000Z,64.3,76,73,73,79.8
סורוקה,64.3,2022-04-27T00:00:00.000Z,64.3,76,73,73,79.8
סורוקה,64.3,2022-04-27T00:00:00.000Z,64.3,76,73,73,79.8
סורוקה,64.3,2022-04-27T00:00:00.000Z,64.3,76,73,73,79.8
סורוקה,64.3,2022-04-27T00:00:00.000Z,64.3,76,73,73,79.8
סורוקה,64.3,2022-04-27T00:00:00.000Z,64.3,76,73,73,79.8
סורוקה,64.3,2022-04-27T00:00:00.000Z,64.3,76,73,73,79.8
סורוקה,64.3,2022-04-27T00:00:00.000Z,64.3,76,73,73,79.8
סורוקה,64.3,2022-04-27T00:00:00.000Z,64.3,76,73,73,79.8
סורוקה,64.3,2022-04-27T00:00:00.000Z,64.3,76,73,73,79.8
סורוקה,64.3,2022-04-27T00:00:00.000Z,64.3,76,73,73,79.8
סורוקה,64.3,2022-04-27T00:00:00.000Z,64.3,76,73,73,79.8
סורוקה,64.3,2022-04-27T00:00:00.000Z,64.3,76,73,73,79.8
סורוקה,64.3,2022-04-27T00:00:00.000Z,64.3,76,73,73,79.8
סורוקה,64.3,2022-04-27T00:00:00.000Z,64.3,76,73,73,79.8
סורוקה,64.3,2022-04-27T00:00:00.000Z,64.3,76,73,73,79.8
סורוקה,64.3,2022-04-27T00:00:00.000Z,64.3,76,73,73,79.8
סורוקה,64.3,2022-04-27T00:00:00.000Z,64.3,76,73,73,79.8
סורוקה,64.3,2022-04-27T00:00:00.000Z,64.3,76,73,73,79.8
סורוקה,64.3,2022-04-27T00:00:00.000Z,64.3,76,73,73,79.8
סורוקה,64.3,2022-04-27T00:00:00.000Z,64.3,76,73,73,79.8
סורוקה,64.3,2022-04-27T00:00:00.000Z,64.3,76,73,73,79.8
סורוקה,64.3,2022-04-27T00:00:00.000Z,64.3,76,73,73,79.8
סורוקה,64.3,2022-04-27T00:00:00.000Z,64.3,76,73,73,79.8
סורוקה,64.3,2022-04-27T00:00:00.000Z,64.3,76,73,73,79.8
סורוקה,64.3,2022-04-27T00:00:00.000Z,64.3,76,73,73,79.8
סורוקה,64.3,2022-04-27T00:00:00.000Z,64.3,76,73,73,79.8
סורוקה,64.3,2022-04-27T00:00:00.000Z,64.3,76,73,73,79.8
סורוקה,64.3,2022-04-27T00:00:00.000Z,64.3,76,73,73,79.8
סורוקה,64.3,2022-04-27T00:00:00.000Z,64.3,76,73,73,79.8
לניאדו,100,2022-04-27T00:00:00.000Z,100,98.7,97.5,97.5,104.2
לניאדו,100,2022-04-27T00:00:00.000Z,100,98.7,97.5,97.5,104.2
לניאדו,100,2022-04-27T00:00:00.000Z,100,98.7,97.5,97.5,104.2
לניאדו,100,2022-04-27T00:00:00.000Z,100,98.7,97.5,97.5,104.2
לניאדו,100,2022-04-27T00:00:00.000Z,100,98.7,97.5,97.5,104.2
לניאדו,100,2022-04-27T00:00:00.000Z,100,98.7,97.5,97.5,104.2
לניאדו,100,2022-04-27T00:00:00.000Z,100,98.7,97.5,97.5,104.2
לניאדו,100,2022-04-27T00:00:00.000Z,100,98.7,97.5,97.5,104.2
לניאדו,100,2022-04-27T00:00:00.000Z,100,98.7,97.5,97.5,104.2
לניאדו,100,2022-04-27T00:00:00.000Z,100,98.7,97.5,97.5,104.2
לניאדו,100,2022-04-27T00:00:00.000Z,100,98.7,97.5,97.5,104.2
לניאדו,100,2022-04-27T00:00:00.000Z,100,98.7,97.5,97.5,104.2
לניאדו,100,2022-04-27T00:00:00.000Z,100,98.7,97.5,97.5,104.2
לניאדו,100,2022-04-27T00:00:00.000Z,100,98.7,97.5,97.5,104.2
לניאדו,100,2022-04-27T00:00:00.000Z,100,98.7,97.5,97.5,104.2
לניאדו,100,2022-04-27T00:00:00.000Z,100,98.7,97.5,97.5,104.2
לניאדו,100,2022-04-27T00:00:00.000Z,100,98.7,97.5,97.5,104.2
לניאדו,100,2022-04-27T00:00:00.000Z,100,98.7,97.5,97.5,104.2
לניאדו,100,2022-04-27T00:00:00.000Z,100,98.7,97.5,97.5,104.2
לניאדו,100,2022-04-27T00:00:00.000Z,100,98.7,97.5,97.5,104.2
לניאדו,100,2022-04-27T00:00:00.000Z,100,98.7,97.5,97.5,104.2
לניאדו,100,2022-04-27T00:00:00.000Z,100,98.7,97.5,97.5,104.2
לניאדו,100,2022-04-27T00:00:00.000Z,100,98.7,97.5,97.5,104.2
לניאדו,100,2022-04-27T00:00:00.000Z,100,98.7,97.5,97.5,104.2
לניאדו,100,2022-04-27T00:00:00.000Z,100,98.7,97.5,97.5,104.2
לניאדו,100,2022-04-27T00:00:00.000Z,100,98.7,97.5,97.5,104.2
לניאדו,100,2022-04-27T00:00:00.000Z,100,98.7,97.5,97.5,104.2
לניאדו,100,2022-04-27T00:00:00.000Z,100,98.7,97.5,97.5,104.2
לניאדו,100,2022-04-27T00:00:00.000Z,100,98.7,97.5,97.5,104.2
לניאדו,100,2022-04-27T00:00:00.000Z,100,98.7,97.5,97.5,104.2
לניאדו,100,2022-04-27T00:00:00.000Z,100,98.7,97.5,97.5,104.2
לניאדו,100,2022-04-27T00:00:00.000Z,100,98.7,97.5,97.5,104.2
לניאדו,100,2022-04-27T00:00:00.000Z,100,98.7,97.5,97.5,104.2
לניאדו,100,2022-04-27T00:00:00.000Z,100,98.7,97.5,97.5,104.2
לניאדו,100,2022-04-27T00:00:00.000Z,100,98.7,97.5,97.5,104.2
לניאדו,100,2022-04-27T00:00:00.000Z,100,98.7,97.5,97.5,104.2
לניאדו,100,2022-04-27T00:00:00.000Z,100,98.7,97.5,97.5,104.2
לניאדו,100,2022-04-27T00:00:00.000Z,100,98.7,97.5,97.5,104.2
לניאדו,100,2022-04-27T00:00:00.000Z,100,98.7,97.5,97.5,104.2
לניאדו,100,2022-04-27T00:00:00.000Z,100,98.7,97.5,97.5,104.2
לניאדו,100,2022-04-27T00:00:00.000Z,100,98.7,97.5,97.5,104.2
לניאדו,100,2022-04-27T00:00:00.000Z,100,98.7,97.5,97.5,104.2
לניאדו,100,2022-04-27T00:00:00.000Z,100,98.7,97.5,97.5,104.2
לניאדו,100,2022-04-27T00:00:00.000Z,100,98.7,97.5,97.5,104.2
לניאדו,100,2022-04-27T00:00:00.000Z,100,98.7,97.5,97.5,104.2
לניאדו,100,2022-04-27T00:00:00.000Z,100,98.7,97.5,97.5,104.2
לניאדו,100,2022-04-27T00:00:00.000Z,100,98.7,97.5,97.5,104.2
לניאדו,100,2022-04-27T00:00:00.000Z,100,98.7,97.5,97.5,104.2
לניאדו,100,2022-04-27T00:00:00.000Z,100,98.7,97.5,97.5,104.2
לניאדו,100,2022-04-27T00:00:00.000Z,100,98.7,97.5,97.5,104.2
לניאדו,100,2022-04-27T00:00:00.000Z,100,98.7,97.5,97.5,104.2
לניאדו,100,2022-04-27T00:00:00.000Z,100,98.7,97.5,97.5,104.2
לניאדו,100,2022-04-27T00:00:00.000Z,100,98.7,97.5,97.5,104.2
לניאדו,100,2022-04-27T00:00:00.000Z,100,98.7,97.5,97.5,104.2
לניאדו,100,2022-04-27T00:00:00.000Z,100,98.7,97.5,97.5,104.2
לניאדו,100,2022-04-27T00:00:00.000Z,100,98.7,97.5,97.5,104.2
לניאדו,100,2022-04-27T00:00:00.000Z,100,98.7,97.5,97.5,104.2
לניאדו,100,2022-04-27T00:00:00.000Z,100,98.7,97.5,97.5,104.2
לניאדו,100,2022-04-27T00:00:00.000Z,100,98.7,97.5,97.5,104.2
לניאדו,100,2022-04-27T00:00:00.000Z,100,98.7,97.5,97.5,104.2
לניאדו,100,2022-04-27T00:00:00.000Z,100,98.7,97.5,97.5,104.2
לניאדו,100,2022-04-27T00:00:00.000Z,100,98.7,97.5,97.5,104.2
לניאדו,100,2022-04-27T00:00:00.000Z,100,98.7,97.5,97.5,104.2
לניאדו,100,2022-04-27T00:00:00.000Z,100,98.7,97.5,97.5,104.2
לניאדו,100,2022-04-27T00:00:00.000Z,100,98.7,97.5,97.5,104.2
לניאדו,100,2022-04-27T00:00:00.000Z,100,98.7,97.5,97.5,104.2
לניאדו,100,2022-04-27T00:00:00.000Z,100,98.7,97.5,97.5,104.2
לניאדו,100,2022-04-27T00:00:00.000Z,100,98.7,97.5,97.5,104.2
לניאדו,100,2022-04-27T00:00:00.000Z,100,98.7,97.5,97.5,104.2
לניאדו,100,2022-04-27T00:00:00.000Z,100,98.7,97.5,97.5,104.2
לניאדו,100,2022-04-27T00:00:00.000Z,100,98.7,97.5,97.5,104.2
לניאדו,100,2022-04-27T00:00:00.000Z,100,98.7,97.5,97.5,104.2
לניאדו,100,2022-04-27T00:00:00.000Z,100,98.7,97.5,97.5,104.2
לניאדו,100,2022-04-27T00:00:00.000Z,100,98.7,97.5,97.5,104.2
לניאדו,100,2022-04-27T00:00:00.000Z,100,98.7,97.5,97.5,104.2
לניאדו,100,2022-04-27T00:00:00.000Z,100,98.7,97.5,97.5,104.2
לניאדו,100,2022-04-27T00:00:00.000Z,100,98.7,97.5,97.5,104.2
לניאדו,100,2022-04-27T00:00:00.000Z,100,98.7,97.5,97.5,104.2
לניאדו,100,2022-04-27T00:00:00.000Z,100,98.7,97.5,97.5,104.2
לניאדו,100,2022-04-27T00:00:00.000Z,100,98.7,97.5,97.5,104.2
לניאדו,100,2022-04-27T00:00:00.000Z,100,98.7,97.5,97.5,104.2
לניאדו,100,2022-04-27T00:00:00.000Z,100,98.7,97.5,97.5,104.2
לניאדו,100,2022-04-27T00:00:00.000Z,100,98.7,97.5,97.5,104.2
לניאדו,100,2022-04-27T00:00:00.000Z,100,98.7,97.5,97.5,104.2
לניאדו,100,2022-04-27T00:00:00.000Z,100,98.7,97.5,97.5,104.2
לניאדו,100,2022-04-27T00:00:00.000Z,100,98.7,97.5,97.5,104.2
לניאדו,100,2022-04-27T00:00:00.000Z,100,98.7,97.5,97.5,104.2
לניאדו,100,2022-04-27T00:00:00.000Z,100,98.7,97.5,97.5,104.2
לניאדו,100,2022-04-27T00:00:00.000Z,100,98.7,97.5,97.5,104.2
לניאדו,100,2022-04-27T00:00:00.000Z,100,98.7,97.5,97.5,104.2
לניאדו,100,2022-04-27T00:00:00.000Z,100,98.7,97.5,97.5,104.2
לניאדו,100,2022-04-27T00:00:00.000Z,100,98.7,97.5,97.5,104.2
לניאדו,100,2022-04-27T00:00:00.000Z,100,98.7,97.5,97.5,104.2
לניאדו,100,2022-04-27T00:00:00.000Z,100,98.7,97.5,97.5,104.2
לניאדו,100,2022-04-27T00:00:00.000Z,100,98.7,97.5,97.5,104.2
לניאדו,100,2022-04-27T00:00:00.000Z,100,98.7,97.5,97.5,104.2
לניאדו,100,2022-04-27T00:00:00.000Z,100,98.7,97.5,97.5,104.2
לניאדו,100,2022-04-27T00:00:00.000Z,100,98.7,97.5,97.5,104.2
לניאדו,100,2022-04-27T00:00:00.000Z,100,98.7,97.5,97.5,104.2
לניאדו,100,2022-04-27T00:00:00.000Z,100,98.7,97.5,97.5,104.2
לניאדו,100,2022-04-27T00:00:00.000Z,100,98.7,97.5,97.5,104.2
לניאדו,100,2022-04-27T00:00:00.000Z,100,98.7,97.5,97.5,104.2
לניאדו,100,2022-04-27T00:00:00.000Z,100,98.7,97.5,97.5,104.2
לניאדו,100,2022-04-27T00:00:00.000Z,100,98.7,97.5,97.5,104.2
לניאדו,100,2022-04-27T00:00:00.000Z,100,98.7,97.5,97.5,104.2
לניאדו,100,2022-04-27T00:00:00.000Z,100,98.7,97.5,97.5,104.2
לניאדו,100,2022-04-27T00:00:00.000Z,100,98.7,97.5,97.5,104.2
לניאדו,100,2022-04-27T00:00:00.000Z,100,98.7,97.5,97.5,104.2
לניאדו,100,2022-04-27T00:00:00.000Z,100,98.7,97.5,97.5,104.2
לניאדו,100,2022-04-27T00:00:00.000Z,100,98.7,97.5,97.5,104.2
לניאדו,100,2022-04-27T00:00:00.000Z,100,98.7,97.5,97.5,104.2
לניאדו,100,2022-04-27T00:00:00.000Z,100,98.7,97.5,97.5,104.2
לניאדו,100,2022-04-27T00:00:00.000Z,100,98.7,97.5,97.5,104.2
לניאדו,100,2022-04-27T00:00:00.000Z,100,98.7,97.5,97.5,104.2
לניאדו,100,2022-04-27T00:00:00.000Z,100,98.7,97.5,97.5,104.2
לניאדו,100,2022-04-27T00:00:00.000Z,100,98.7,97.5,97.5,104.2
לניאדו,100,2022-04-27T00:00:00.000Z,100,98.7,97.5,97.5,104.2
לניאדו,100,2022-04-27T00:00:00.000Z,100,98.7,97.5,97.5,104.2
לניאדו,100,2022-04-27T00:00:00.000Z,100,98.7,97.5,97.5,104.2
לניאדו,100,2022-04-27T00:00:00.000Z,100,98.7,97.5,97.5,104.2
לניאדו,100,2022-04-27T00:00:00.000Z,100,98.7,97.5,97.5,104.2
לניאדו,100,2022-04-27T00:00:00.000Z,100,98.7,97.5,97.5,104.2
לניאדו,100,2022-04-27T00:00:00.000Z,100,98.7,97.5,97.5,104.2
לניאדו,100,2022-04-27T00:00:00.000Z,100,98.7,97.5,97.5,104.2
לניאדו,100,2022-04-27T00:00:00.000Z,100,98.7,97.5,97.5,104.2
לניאדו,100,2022-04-27T00:00:00.000Z,100,98.7,97.5,97.5,104.2
לניאדו,100,2022-04-27T00:00:00.000Z,100,98.7,97.5,97.5,104.2
לניאדו,100,2022-04-27T00:00:00.000Z,100,98.7,97.5,97.5,104.2
לניאדו,100,2022-04-27T00:00:00.000Z,100,98.7,97.5,97.5,104.2
לניאדו,100,2022-04-27T00:00:00.000Z,100,98.7,97.5,97.5,104.2
לניאדו,100,2022-04-27T00:00:00.000Z,100,98.7,97.5,97.5,104.2
לניאדו,100,2022-04-27T00:00:00.000Z,100,98.7,97.5,97.5,104.2
לניאדו,100,2022-04-27T00:00:00.000Z,100,98.7,97.5,97.5,104.2
לניאדו,100,2022-04-27T00:00:00.000Z,100,98.7,97.5,97.5,104.2
לניאדו,100,2022-04-27T00:00:00.000Z,100,98.7,97.5,97.5,104.2
לניאדו,100,2022-04-27T00:00:00.000Z,100,98.7,97.5,97.5,104.2
לניאדו,100,2022-04-27T00:00:00.000Z,100,98.7,97.5,97.5,104.2
לניאדו,100,2022-04-27T00:00:00.000Z,100,98.7,97.5,97.5,104.2
לניאדו,100,2022-04-27T00:00:00.000Z,100,98.7,97.5,97.5,104.2
לניאדו,100,2022-04-27T00:00:00.000Z,100,98.7,97.5,97.5,104.2
לניאדו,100,2022-04-27T00:00:00.000Z,100,98.7,97.5,97.5,104.2
לניאדו,100,2022-04-27T00:00:00.000Z,100,98.7,97.5,97.5,104.2
לניאדו,100,2022-04-27T00:00:00.000Z,100,98.7,97.5,97.5,104.2
לניאדו,100,2022-04-27T00:00:00.000Z,100,98.7,97.5,97.5,104.2
לניאדו,100,2022-04-27T00:00:00.000Z,100,98.7,97.5,97.5,104.2
לניאדו,100,2022-04-27T00:00:00.000Z,100,98.7,97.5,97.5,104.2
לניאדו,100,2022-04-27T00:00:00.000Z,100,98.7,97.5,97.5,104.2
לניאדו,100,2022-04-27T00:00:00.000Z,100,98.7,97.5,97.5,104.2
לניאדו,100,2022-04-27T00:00:00.000Z,100,98.7,97.5,97.5,104.2
לניאדו,100,2022-04-27T00:00:00.000Z,100,98.7,97.5,97.5,104.2
לניאדו,100,2022-04-27T00:00:00.000Z,100,98.7,97.5,97.5,104.2
לניאדו,100,2022-04-27T00:00:00.000Z,100,98.7,97.5,97.5,104.2
לניאדו,100,2022-04-27T00:00:00.000Z,100,98.7,97.5,97.5,104.2
לניאדו,100,2022-04-27T00:00:00.000Z,100,98.7,97.5,97.5,104.2
לניאדו,100,2022-04-27T00:00:00.000Z,100,98.7,97.5,97.5,104.2
לניאדו,100,2022-04-27T00:00:00.000Z,100,98.7,97.5,97.5,104.2
לניאדו,100,2022-04-27T00:00:00.000Z,100,98.7,97.5,97.5,104.2
לניאדו,100,2022-04-27T00:00:00.000Z,100,98.7,97.5,97.5,104.2
לניאדו,100,2022-04-27T00:00:00.000Z,100,98.7,97.5,97.5,104.2
לניאדו,100,2022-04-27T00:00:00.000Z,100,98.7,97.5,97.5,104.2
לניאדו,100,2022-04-27T00:00:00.000Z,100,98.7,97.5,97.5,104.2
לניאדו,100,2022-04-27T00:00:00.000Z,100,98.7,97.5,97.5,104.2
לניאדו,100,2022-04-27T00:00:00.000Z,100,98.7,97.5,97.5,104.2
לניאדו,100,2022-04-27T00:00:00.000Z,100,98.7,97.5,97.5,104.2
לניאדו,100,2022-04-27T00:00:00.000Z,100,98.7,97.5,97.5,104.2
לניאדו,100,2022-04-27T00:00:00.000Z,100,98.7,97.5,97.5,104.2
לניאדו,100,2022-04-27T00:00:00.000Z,100,98.7,97.5,97.5,104.2
לניאדו,100,2022-04-27T00:00:00.000Z,100,98.7,97.5,97.5,104.2
לניאדו,100,2022-04-27T00:00:00.000Z,100,98.7,97.5,97.5,104.2
לניאדו,100,2022-04-27T00:00:00.000Z,100,98.7,97.5,97.5,104.2
לניאדו,100,2022-04-27T00:00:00.000Z,100,98.7,97.5,97.5,104.2
לניאדו,100,2022-04-27T00:00:00.000Z,100,98.7,97.5,97.5,104.2
לניאדו,100,2022-04-27T00:00:00.000Z,100,98.7,97.5,97.5,104.2
לניאדו,100,2022-04-27T00:00:00.000Z,100,98.7,97.5,97.5,104.2
לניאדו,100,2022-04-27T00:00:00.000Z,100,98.7,97.5,97.5,104.2
לניאדו,100,2022-04-27T00:00:00.000Z,100,98.7,97.5,97.5,104.2
לניאדו,100,2022-04-27T00:00:00.000Z,100,98.7,97.5,97.5,104.2
לניאדו,100,2022-04-27T00:00:00.000Z,100,98.7,97.5,97.5,104.2
לניאדו,100,2022-04-27T00:00:00.000Z,100,98.7,97.5,97.5,104.2
לניאדו,100,2022-04-27T00:00:00.000Z,100,98.7,97.5,97.5,104.2
לניאדו,100,2022-04-27T00:00:00.000Z,100,98.7,97.5,97.5,104.2
לניאדו,100,2022-04-27T00:00:00.000Z,100,98.7,97.5,97.5,104.2
לניאדו,100,2022-04-27T00:00:00.000Z,100,98.7,97.5,97.5,104.2
לניאדו,100,2022-04-27T00:00:00.000Z,100,98.7,97.5,97.5,104.2
לניאדו,100,2022-04-27T00:00:00.000Z,100,98.7,97.5,97.5,104.2
לניאדו,100,2022-04-27T00:00:00.000Z,100,98.7,97.5,97.5,104.2
לניאדו,100,2022-04-27T00:00:00.000Z,100,98.7,97.5,97.5,104.2
לניאדו,100,2022-04-27T00:00:00.000Z,100,98.7,97.5,97.5,104.2
לניאדו,100,2022-04-27T00:00:00.000Z,100,98.7,97.5,97.5,104.2
לניאדו,100,2022-04-27T00:00:00.000Z,100,98.7,97.5,97.5,104.2
לניאדו,100,2022-04-27T00:00:00.000Z,100,98.7,97.5,97.5,104.2
לניאדו,100,2022-04-27T00:00:00.000Z,100,98.7,97.5,97.5,104.2
לניאדו,100,2022-04-27T00:00:00.000Z,100,98.7,97.5,97.5,104.2
לניאדו,100,2022-04-27T00:00:00.000Z,100,98.7,97.5,97.5,104.2
לניאדו,100,2022-04-27T00:00:00.000Z,100,98.7,97.5,97.5,104.2
לניאדו,100,2022-04-27T00:00:00.000Z,100,98.7,97.5,97.5,104.2
לניאדו,100,2022-04-27T00:00:00.000Z,100,98.7,97.5,97.5,104.2
לניאדו,100,2022-04-27T00:00:00.000Z,100,98.7,97.5,97.5,104.2
לניאדו,100,2022-04-27T00:00:00.000Z,100,98.7,97.5,97.5,104.2
לניאדו,100,2022-04-27T00:00:00.000Z,100,98.7,97.5,97.5,104.2
לניאדו,100,2022-04-27T00:00:00.000Z,100,98.7,97.5,97.5,104.2
לניאדו,100,2022-04-27T00:00:00.000Z,100,98.7,97.5,97.5,104.2
לניאדו,100,2022-04-27T00:00:00.000Z,100,98.7,97.5,97.5,104.2
לניאדו,100,2022-04-27T00:00:00.000Z,100,98.7,97.5,97.5,104.2
לניאדו,100,2022-04-27T00:00:00.000Z,100,98.7,97.5,97.5,104.2
לניאדו,100,2022-04-27T00:00:00.000Z,100,98.7,97.5,97.5,104.2
לניאדו,100,2022-04-27T00:00:00.000Z,100,98.7,97.5,97.5,104.2
לניאדו,100,2022-04-27T00:00:00.000Z,100,98.7,97.5,97.5,104.2
לניאדו,100,2022-04-27T00:00:00.000Z,100,98.7,97.5,97.5,104.2
לניאדו,100,2022-04-27T00:00:00.000Z,100,98.7,97.5,97.5,104.2
לניאדו,100,2022-04-27T00:00:00.000Z,100,98.7,97.5,97.5,104.2
לניאדו,100,2022-04-27T00:00:00.000Z,100,98.7,97.5,97.5,104.2
לניאדו,100,2022-04-27T00:00:00.000Z,100,98.7,97.5,97.5,104.2
לניאדו,100,2022-04-27T00:00:00.000Z,100,98.7,97.5,97.5,104.2
לניאדו,100,2022-04-27T00:00:00.000Z,100,98.7,97.5,97.5,104.2
לניאדו,100,2022-04-27T00:00:00.000Z,100,98.7,97.5,97.5,104.2
לניאדו,100,2022-04-27T00:00:00.000Z,100,98.7,97.5,97.5,104.2
לניאדו,100,2022-04-27T00:00:00.000Z,100,98.7,97.5,97.5,104.2
לניאדו,100,2022-04-27T00:00:00.000Z,100,98.7,97.5,97.5,104.2
לניאדו,100,2022-04-27T00:00:00.000Z,100,98.7,97.5,97.5,104.2
לניאדו,100,2022-04-27T00:00:00.000Z,100,98.7,97.5,97.5,104.2
לניאדו,100,2022-04-27T00:00:00.000Z,100,98.7,97.5,97.5,104.2
לניאדו,100,2022-04-27T00:00:00.000Z,100,98.7,97.5,97.5,104.2
לניאדו,100,2022-04-27T00:00:00.000Z,100,98.7,97.5,97.5,104.2
לניאדו,100,2022-04-27T00:00:00.000Z,100,98.7,97.5,97.5,104.2
לניאדו,100,2022-04-27T00:00:00.000Z,100,98.7,97.5,97.5,104.2
לניאדו,100,2022-04-27T00:00:00.000Z,100,98.7,97.5,97.5,104.2
לניאדו,100,2022-04-27T00:00:00.000Z,100,98.7,97.5,97.5,104.2
לניאדו,100,2022-04-27T00:00:00.000Z,100,98.7,97.5,97.5,104.2
לניאדו,100,2022-04-27T00:00:00.000Z,100,98.7,97.5,97.5,104.2
לניאדו,100,2022-04-27T00:00:00.000Z,100,98.7,97.5,97.5,104.2
לניאדו,100,2022-04-27T00:00:00.000Z,100,98.7,97.5,97.5,104.2
לניאדו,100,2022-04-27T00:00:00.000Z,100,98.7,97.5,97.5,104.2
לניאדו,100,2022-04-27T00:00:00.000Z,100,98.7,97.5,97.5,104.2
לניאדו,100,2022-04-27T00:00:00.000Z,100,98.7,97.5,97.5,104.2
לניאדו,100,2022-04-27T00:00:00.000Z,100,98.7,97.5,97.5,104.2
לניאדו,100,2022-04-27T00:00:00.000Z,100,98.7,97.5,97.5,104.2
לניאדו,100,2022-04-27T00:00:00.000Z,100,98.7,97.5,97.5,104.2
פוריה,79.5,2022-04-27T00:00:00.000Z,87.9,65.4,84.5,80.4,67.6
פוריה,79.5,2022-04-27T00:00:00.000Z,86.3,66.8,84.5,80.9,68.3
פוריה,79.5,2022-04-27T00:00:00.000Z,84.1,68.1,84.5,82.5,69.8
פוריה,79.5,2022-04-27T00:00:00.000Z,80.8,68.3,84.5,82.6,71.4
פוריה,79.5,2022-04-27T00:00:00.000Z,77.3,67.4,84.5,82.1,72.7
פוריה,79.5,2022-04-27T00:00:00.000Z,79.5,66.7,84.5,84.5,74.6
פוריה,79.5,2022-04-27T00:00:00.000Z,79.5,66.7,84.5,84.5,74.6
פוריה,79.5,2022-04-27T00:00:00.000Z,79.5,66.7,84.5,84.5,74.6
פוריה,79.5,2022-04-27T00:00:00.000Z,79.5,66.7,84.5,84.5,74.6
פוריה,79.5,2022-04-27T00:00:00.000Z,79.5,66.7,84.5,84.5,74.6
פוריה,79.5,2022-04-27T00:00:00.000Z,79.5,66.7,84.5,84.5,74.6
פוריה,79.5,2022-04-27T00:00:00.000Z,79.5,66.7,84.5,84.5,74.6
פוריה,79.5,2022-04-27T00:00:00.000Z,79.5,66.7,84.5,84.5,74.6
פוריה,79.5,2022-04-27T00:00:00.000Z,79.5,66.7,84.5,84.5,74.6
פוריה,79.5,2022-04-27T00:00:00.000Z,79.5,66.7,84.5,84.5,74.6
פוריה,79.5,2022-04-27T00:00:00.000Z,79.5,66.7,84.5,84.5,74.6
פוריה,79.5,2022-04-27T00:00:00.000Z,79.5,66.7,84.5,84.5,74.6
פוריה,79.5,2022-04-27T00:00:00.000Z,79.5,66.7,84.5,84.5,74.6
פוריה,79.5,2022-04-27T00:00:00.000Z,79.5,66.7,84.5,84.5,74.6
פוריה,79.5,2022-04-27T00:00:00.000Z,79.5,66.7,84.5,84.5,74.6
פוריה,79.5,2022-04-27T00:00:00.000Z,79.5,66.7,84.5,84.5,74.6
פוריה,79.5,2022-04-27T00:00:00.000Z,79.5,66.7,84.5,84.5,74.6
פוריה,79.5,2022-04-27T00:00:00.000Z,79.5,66.7,84.5,84.5,74.6
פוריה,79.5,2022-04-27T00:00:00.000Z,79.5,66.7,84.5,84.5,74.6
פוריה,79.5,2022-04-27T00:00:00.000Z,79.5,66.7,84.5,84.5,74.6
פוריה,79.5,2022-04-27T00:00:00.000Z,79.5,66.7,84.5,84.5,74.6
פוריה,79.5,2022-04-27T00:00:00.000Z,79.5,66.7,84.5,84.5,74.6
פוריה,79.5,2022-04-27T00:00:00.000Z,79.5,66.7,84.5,84.5,74.6
פוריה,79.5,2022-04-27T00:00:00.000Z,79.5,66.7,84.5,84.5,74.6
פוריה,79.5,2022-04-27T00:00:00.000Z,79.5,66.7,84.5,84.5,74.6
פוריה,79.5,2022-04-27T00:00:00.000Z,79.5,66.7,84.5,84.5,74.6
פוריה,79.5,2022-04-27T00:00:00.000Z,79.5,66.7,84.5,84.5,74.6
פוריה,79.5,2022-04-27T00:00:00.000Z,79.5,66.7,84.5,84.5,74.6
פוריה,79.5,2022-04-27T00:00:00.000Z,79.5,66.7,84.5,84.5,74.6
שמואל הרופא,75,2022-04-27T00:00:00.000Z,75,102.8,75.4,75.4,85.6
שמואל הרופא,75,2022-04-27T00:00:00.000Z,75,102.8,75.4,75.4,85.6
שמואל הרופא,75,2022-04-27T00:00:00.000Z,75,102.8,75.4,75.4,85.6
שמואל הרופא,75,2022-04-27T00:00:00.000Z,75,102.8,75.4,75.4,85.6
שמואל הרופא,75,2022-04-27T00:00:00.000Z,75,102.8,75.4,75.4,85.6
שמואל הרופא,75,2022-04-27T00:00:00.000Z,75,102.8,75.4,75.4,85.6
שמואל הרופא,75,2022-04-27T00:00:00.000Z,75,102.8,75.4,75.4,85.6
שמואל הרופא,75,2022-04-27T00:00:00.000Z,75,102.8,75.4,75.4,85.6
שמואל הרופא,75,2022-04-27T00:00:00.000Z,75,102.8,75.4,75.4,85.6
שמואל הרופא,75,2022-04-27T00:00:00.000Z,75,102.8,75.4,75.4,85.6
שמואל הרופא,75,2022-04-27T00:00:00.000Z,75,102.8,75.4,75.4,85.6
שמואל הרופא,75,2022-04-27T00:00:00.000Z,75,102.8,75.4,75.4,85.6
שמואל הרופא,75,2022-04-27T00:00:00.000Z,75,102.8,75.4,75.4,85.6
שמואל הרופא,75,2022-04-27T00:00:00.000Z,75,102.8,75.4,75.4,85.6
שמואל הרופא,75,2022-04-27T00:00:00.000Z,75,102.8,75.4,75.4,85.6
שמואל הרופא,75,2022-04-27T00:00:00.000Z,75,102.8,75.4,75.4,85.6
שמואל הרופא,75,2022-04-27T00:00:00.000Z,75,102.8,75.4,75.4,85.6
שמואל הרופא,75,2022-04-27T00:00:00.000Z,75,102.8,75.4,75.4,85.6
שמואל הרופא,75,2022-04-27T00:00:00.000Z,75,102.8,75.4,75.4,85.6
שמואל הרופא,75,2022-04-27T00:00:00.000Z,75,102.8,75.4,75.4,85.6
שמואל הרופא,75,2022-04-27T00:00:00.000Z,75,102.8,75.4,75.4,85.6
שמואל הרופא,75,2022-04-27T00:00:00.000Z,75,102.8,75.4,75.4,85.6
שמואל הרופא,75,2022-04-27T00:00:00.000Z,75,102.8,75.4,75.4,85.6
שמואל הרופא,75,2022-04-27T00:00:00.000Z,75,102.8,75.4,75.4,85.6
שמואל הרופא,75,2022-04-27T00:00:00.000Z,75,102.8,75.4,75.4,85.6
שמואל הרופא,75,2022-04-27T00:00:00.000Z,75,102.8,75.4,75.4,85.6
שמואל הרופא,75,2022-04-27T00:00:00.000Z,75,102.8,75.4,75.4,85.6
שמואל הרופא,75,2022-04-27T00:00:00.000Z,75,102.8,75.4,75.4,85.6
שמואל הרופא,75,2022-04-27T00:00:00.000Z,75,102.8,75.4,75.4,85.6
שמואל הרופא,75,2022-04-27T00:00:00.000Z,75,102.8,75.4,75.4,85.6
שמואל הרופא,75,2022-04-27T00:00:00.000Z,75,102.8,75.4,75.4,85.6
שמואל הרופא,75,2022-04-27T00:00:00.000Z,75,102.8,75.4,75.4,85.6
שמואל הרופא,75,2022-04-27T00:00:00.000Z,75,102.8,75.4,75.4,85.6
שמואל הרופא,75,2022-04-27T00:00:00.000Z,75,102.8,75.4,75.4,85.6
שמואל הרופא,75,2022-04-27T00:00:00.000Z,75,102.8,75.4,75.4,85.6
שמואל הרופא,75,2022-04-27T00:00:00.000Z,75,102.8,75.4,75.4,85.6
שמואל הרופא,75,2022-04-27T00:00:00.000Z,75,102.8,75.4,75.4,85.6
שמואל הרופא,75,2022-04-27T00:00:00.000Z,75,102.8,75.4,75.4,85.6
שמואל הרופא,75,2022-04-27T00:00:00.000Z,75,102.8,75.4,75.4,85.6
שמואל הרופא,75,2022-04-27T00:00:00.000Z,75,102.8,75.4,75.4,85.6
שמואל הרופא,75,2022-04-27T00:00:00.000Z,75,102.8,75.4,75.4,85.6
שמואל הרופא,75,2022-04-27T00:00:00.000Z,75,102.8,75.4,75.4,85.6
שמואל הרופא,75,2022-04-27T00:00:00.000Z,75,102.8,75.4,75.4,85.6
שמואל הרופא,75,2022-04-27T00:00:00.000Z,75,102.8,75.4,75.4,85.6
שמואל הרופא,75,2022-04-27T00:00:00.000Z,75,102.8,75.4,75.4,85.6
שמואל הרופא,75,2022-04-27T00:00:00.000Z,75,102.8,75.4,75.4,85.6
שמואל הרופא,75,2022-04-27T00:00:00.000Z,75,102.8,75.4,75.4,85.6
שמואל הרופא,75,2022-04-27T00:00:00.000Z,75,102.8,75.4,75.4,85.6
שמואל הרופא,75,2022-04-27T00:00:00.000Z,75,102.8,75.4,75.4,85.6
שמואל הרופא,75,2022-04-27T00:00:00.000Z,75,102.8,75.4,75.4,85.6
שמואל הרופא,75,2022-04-27T00:00:00.000Z,75,102.8,75.4,75.4,85.6
רבין ק. בילינסון,120.3,2022-04-27T00:00:00.000Z,120.3,101.3,100.2,100.2,91.5
רבין ק. בילינסון,120.3,2022-04-27T00:00:00.000Z,120.3,101.3,100.2,100.2,91.5
רבין ק. בילינסון,120.3,2022-04-27T00:00:00.000Z,120.3,101.3,100.2,100.2,91.5
רבין ק. בילינסון,120.3,2022-04-27T00:00:00.000Z,120.3,101.3,100.2,100.2,91.5
רבין ק. בילינסון,120.3,2022-04-27T00:00:00.000Z,120.3,101.3,100.2,100.2,91.5
רבין ק. בילינסון,120.3,2022-04-27T00:00:00.000Z,120.3,101.3,100.2,100.2,91.5
רבין ק. בילינסון,120.3,2022-04-27T00:00:00.000Z,120.3,101.3,100.2,100.2,91.5
רבין ק. בילינסון,120.3,2022-04-27T00:00:00.000Z,120.3,101.3,100.2,100.2,91.5
רבין ק. בילינסון,120.3,2022-04-27T00:00:00.000Z,120.3,101.3,100.2,100.2,91.5
רבין ק. בילינסון,120.3,2022-04-27T00:00:00.000Z,120.3,101.3,100.2,100.2,91.5
רבין ק. בילינסון,120.3,2022-04-27T00:00:00.000Z,120.3,101.3,100.2,100.2,91.5
רבין ק. בילינסון,120.3,2022-04-27T00:00:00.000Z,120.3,101.3,100.2,100.2,91.5
רבין ק. בילינסון,120.3,2022-04-27T00:00:00.000Z,120.3,101.3,100.2,100.2,91.5
רבין ק. בילינסון,120.3,2022-04-27T00:00:00.000Z,120.3,101.3,100.2,100.2,91.5
רבין ק. בילינסון,120.3,2022-04-27T00:00:00.000Z,120.3,101.3,100.2,100.2,91.5
רבין ק. בילינסון,120.3,2022-04-27T00:00:00.000Z,120.3,101.3,100.2,100.2,91.5
רבין ק. בילינסון,120.3,2022-04-27T00:00:00.000Z,120.3,101.3,100.2,100.2,91.5
רבין ק. בילינסון,120.3,2022-04-27T00:00:00.000Z,120.3,101.3,100.2,100.2,91.5
רבין ק. בילינסון,120.3,2022-04-27T00:00:00.000Z,120.3,101.3,100.2,100.2,91.5
רבין ק. בילינסון,120.3,2022-04-27T00:00:00.000Z,120.3,101.3,100.2,100.2,91.5
רבין ק. בילינסון,120.3,2022-04-27T00:00:00.000Z,120.3,101.3,100.2,100.2,91.5
רבין ק. בילינסון,120.3,2022-04-27T00:00:00.000Z,120.3,101.3,100.2,100.2,91.5
רבין ק. בילינסון,120.3,2022-04-27T00:00:00.000Z,120.3,101.3,100.2,100.2,91.5
רבין ק. בילינסון,120.3,2022-04-27T00:00:00.000Z,120.3,101.3,100.2,100.2,91.5
רבין ק. בילינסון,120.3,2022-04-27T00:00:00.000Z,120.3,101.3,100.2,100.2,91.5
רבין ק. בילינסון,120.3,2022-04-27T00:00:00.000Z,120.3,101.3,100.2,100.2,91.5
רבין ק. בילינסון,120.3,2022-04-27T00:00:00.000Z,120.3,101.3,100.2,100.2,91.5
רבין ק. בילינסון,120.3,2022-04-27T00:00:00.000Z,120.3,101.3,100.2,100.2,91.5
רבין ק. בילינסון,120.3,2022-04-27T00:00:00.000Z,120.3,101.3,100.2,100.2,91.5
רבין ק. בילינסון,120.3,2022-04-27T00:00:00.000Z,120.3,101.3,100.2,100.2,91.5
רבין ק. בילינסון,120.3,2022-04-27T00:00:00.000Z,120.3,101.3,100.2,100.2,91.5
רבין ק. בילינסון,120.3,2022-04-27T00:00:00.000Z,120.3,101.3,100.2,100.2,91.5
בני ציון,93.4,2022-04-27T00:00:00.000Z,93.4,95,95.6,95.6,85.5
בני ציון,93.4,2022-04-27T00:00:00.000Z,93.4,95,95.6,95.6,85.5
בני ציון,93.4,2022-04-27T00:00:00.000Z,93.4,95,95.6,95.6,85.5
בני ציון,93.4,2022-04-27T00:00:00.000Z,93.4,95,95.6,95.6,85.5
בני ציון,93.4,2022-04-27T00:00:00.000Z,93.4,95,95.6,95.6,85.5
בני ציון,93.4,2022-04-27T00:00:00.000Z,93.4,95,95.6,95.6,85.5
בני ציון,93.4,2022-04-27T00:00:00.000Z,93.4,95,95.6,95.6,85.5
בני ציון,93.4,2022-04-27T00:00:00.000Z,93.4,95,95.6,95.6,85.5
בני ציון,93.4,2022-04-27T00:00:00.000Z,93.4,95,95.6,95.6,85.5
בני ציון,93.4,2022-04-27T00:00:00.000Z,93.4,95,95.6,95.6,85.5
בני ציון,93.4,2022-04-27T00:00:00.000Z,93.4,95,95.6,95.6,85.5
בני ציון,93.4,2022-04-27T00:00:00.000Z,93.4,95,95.6,95.6,85.5
בני ציון,93.4,2022-04-27T00:00:00.000Z,93.4,95,95.6,95.6,85.5
בני ציון,93.4,2022-04-27T00:00:00.000Z,93.4,95,95.6,95.6,85.5
בני ציון,93.4,2022-04-27T00:00:00.000Z,93.4,95,95.6,95.6,85.5
בני ציון,93.4,2022-04-27T00:00:00.000Z,93.4,95,95.6,95.6,85.5
בני ציון,93.4,2022-04-27T00:00:00.000Z,93.4,95,95.6,95.6,85.5
בני ציון,93.4,2022-04-27T00:00:00.000Z,93.4,95,95.6,95.6,85.5
בני ציון,93.4,2022-04-27T00:00:00.000Z,93.4,95,95.6,95.6,85.5
בני ציון,93.4,2022-04-27T00:00:00.000Z,93.4,95,95.6,95.6,85.5
בני ציון,93.4,2022-04-27T00:00:00.000Z,93.4,95,95.6,95.6,85.5
בני ציון,93.4,2022-04-27T00:00:00.000Z,93.4,95,95.6,95.6,85.5
בני ציון,93.4,2022-04-27T00:00:00.000Z,93.4,95,95.6,95.6,85.5
בני ציון,93.4,2022-04-27T00:00:00.000Z,93.4,95,95.6,95.6,85.5
בני ציון,93.4,2022-04-27T00:00:00.000Z,93.4,95,95.6,95.6,85.5
בני ציון,93.4,2022-04-27T00:00:00.000Z,93.4,95,95.6,95.6,85.5
בני ציון,93.4,2022-04-27T00:00:00.000Z,93.4,95,95.6,95.6,85.5
בני ציון,93.4,2022-04-27T00:00:00.000Z,93.4,95,95.6,95.6,85.5
בני ציון,93.4,2022-04-27T00:00:00.000Z,93.4,95,95.6,95.6,85.5
בני ציון,93.4,2022-04-27T00:00:00.000Z,93.4,95,95.6,95.6,85.5
בני ציון,93.4,2022-04-27T00:00:00.000Z,93.4,95,95.6,95.6,85.5
בני ציון,93.4,2022-04-27T00:00:00.000Z,93.4,95,95.6,95.6,85.5
בני ציון,93.4,2022-04-27T00:00:00.000Z,93.4,95,95.6,95.6,85.5
בני ציון,93.4,2022-04-27T00:00:00.000Z,93.4,95,95.6,95.6,85.5
בני ציון,93.4,2022-04-27T00:00:00.000Z,93.4,95,95.6,95.6,85.5
בני ציון,93.4,2022-04-27T00:00:00.000Z,93.4,95,95.6,95.6,85.5
בני ציון,93.4,2022-04-27T00:00:00.000Z,93.4,95,95.6,95.6,85.5
בני ציון,93.4,2022-04-27T00:00:00.000Z,93.4,95,95.6,95.6,85.5
בני ציון,93.4,2022-04-27T00:00:00.000Z,93.4,95,95.6,95.6,85.5
בני ציון,93.4,2022-04-27T00:00:00.000Z,93.4,95,95.6,95.6,85.5
בני ציון,93.4,2022-04-27T00:00:00.000Z,93.4,95,95.6,95.6,85.5
בני ציון,93.4,2022-04-27T00:00:00.000Z,93.4,95,95.6,95.6,85.5
בני ציון,93.4,2022-04-27T00:00:00.000Z,93.4,95,95.6,95.6,85.5
בני ציון,93.4,2022-04-27T00:00:00.000Z,93.4,95,95.6,95.6,85.5
בני ציון,93.4,2022-04-27T00:00:00.000Z,93.4,95,95.6,95.6,85.5
בני ציון,93.4,2022-04-27T00:00:00.000Z,93.4,95,95.6,95.6,85.5
בני ציון,93.4,2022-04-27T00:00:00.000Z,93.4,95,95.6,95.6,85.5
בני ציון,93.4,2022-04-27T00:00:00.000Z,93.4,95,95.6,95.6,85.5
בני ציון,93.4,2022-04-27T00:00:00.000Z,93.4,95,95.6,95.6,85.5
בני ציון,93.4,2022-04-27T00:00:00.000Z,93.4,95,95.6,95.6,85.5
בני ציון,93.4,2022-04-27T00:00:00.000Z,93.4,95,95.6,95.6,85.5
בני ציון,93.4,2022-04-27T00:00:00.000Z,93.4,95,95.6,95.6,85.5
בני ציון,93.4,2022-04-27T00:00:00.000Z,93.4,95,95.6,95.6,85.5
בני ציון,93.4,2022-04-27T00:00:00.000Z,93.4,95,95.6,95.6,85.5
בני ציון,93.4,2022-04-27T00:00:00.000Z,93.4,95,95.6,95.6,85.5
בני ציון,93.4,2022-04-27T00:00:00.000Z,93.4,95,95.6,95.6,85.5
בני ציון,93.4,2022-04-27T00:00:00.000Z,93.4,95,95.6,95.6,85.5
בני ציון,93.4,2022-04-27T00:00:00.000Z,93.4,95,95.6,95.6,85.5
בני ציון,93.4,2022-04-27T00:00:00.000Z,93.4,95,95.6,95.6,85.5
בני ציון,93.4,2022-04-27T00:00:00.000Z,93.4,95,95.6,95.6,85.5
בני ציון,93.4,2022-04-27T00:00:00.000Z,93.4,95,95.6,95.6,85.5
בני ציון,93.4,2022-04-27T00:00:00.000Z,93.4,95,95.6,95.6,85.5
בני ציון,93.4,2022-04-27T00:00:00.000Z,93.4,95,95.6,95.6,85.5
בני ציון,93.4,2022-04-27T00:00:00.000Z,93.4,95,95.6,95.6,85.5
בני ציון,93.4,2022-04-27T00:00:00.000Z,93.4,95,95.6,95.6,85.5
בני ציון,93.4,2022-04-27T00:00:00.000Z,93.4,95,95.6,95.6,85.5
בני ציון,93.4,2022-04-27T00:00:00.000Z,93.4,95,95.6,95.6,85.5
בני ציון,93.4,2022-04-27T00:00:00.000Z,93.4,95,95.6,95.6,85.5
רבין ק. בילינסון,120.3,2022-04-27T00:00:00.000Z,120.3,101.3,100.2,100.2,91.5
רבין ק. בילינסון,120.3,2022-04-27T00:00:00.000Z,120.3,101.3,100.2,100.2,91.5
רבין ק. בילינסון,120.3,2022-04-27T00:00:00.000Z,120.3,101.3,100.2,100.2,91.5
רבין ק. בילינסון,120.3,2022-04-27T00:00:00.000Z,120.3,101.3,100.2,100.2,91.5
רבין ק. בילינסון,120.3,2022-04-27T00:00:00.000Z,120.3,101.3,100.2,100.2,91.5
רבין ק. בילינסון,120.3,2022-04-27T00:00:00.000Z,120.3,101.3,100.2,100.2,91.5
רבין ק. בילינסון,120.3,2022-04-27T00:00:00.000Z,120.3,101.3,100.2,100.2,91.5
רבין ק. בילינסון,120.3,2022-04-27T00:00:00.000Z,120.3,101.3,100.2,100.2,91.5
רבין ק. בילינסון,120.3,2022-04-27T00:00:00.000Z,120.3,101.3,100.2,100.2,91.5
רבין ק. בילינסון,120.3,2022-04-27T00:00:00.000Z,120.3,101.3,100.2,100.2,91.5
רבין ק. בילינסון,120.3,2022-04-27T00:00:00.000Z,120.3,101.3,100.2,100.2,91.5
רבין ק. בילינסון,120.3,2022-04-27T00:00:00.000Z,120.3,101.3,100.2,100.2,91.5
רבין ק. בילינסון,120.3,2022-04-27T00:00:00.000Z,120.3,101.3,100.2,100.2,91.5
רבין ק. בילינסון,120.3,2022-04-27T00:00:00.000Z,120.3,101.3,100.2,100.2,91.5
רבין ק. בילינסון,120.3,2022-04-27T00:00:00.000Z,120.3,101.3,100.2,100.2,91.5
רבין ק. בילינסון,120.3,2022-04-27T00:00:00.000Z,120.3,101.3,100.2,100.2,91.5
רבין ק. בילינסון,120.3,2022-04-27T00:00:00.000Z,120.3,101.3,100.2,100.2,91.5
רבין ק. בילינסון,120.3,2022-04-27T00:00:00.000Z,120.3,101.3,100.2,100.2,91.5
רבין ק. בילינסון,120.3,2022-04-27T00:00:00.000Z,120.3,101.3,100.2,100.2,91.5
רבין ק. בילינסון,120.3,2022-04-27T00:00:00.000Z,120.3,101.3,100.2,100.2,91.5
רבין ק. בילינסון,120.3,2022-04-27T00:00:00.000Z,120.3,101.3,100.2,100.2,91.5
רבין ק. בילינסון,120.3,2022-04-27T00:00:00.000Z,120.3,101.3,100.2,100.2,91.5
רבין ק. בילינסון,120.3,2022-04-27T00:00:00.000Z,120.3,101.3,100.2,100.2,91.5
רבין ק. בילינסון,120.3,2022-04-27T00:00:00.000Z,120.3,101.3,100.2,100.2,91.5
רבין ק. בילינסון,120.3,2022-04-27T00:00:00.000Z,120.3,101.3,100.2,100.2,91.5
רבין ק. בילינסון,120.3,2022-04-27T00:00:00.000Z,120.3,101.3,100.2,100.2,91.5
רבין ק. בילינסון,120.3,2022-04-27T00:00:00.000Z,120.3,101.3,100.2,100.2,91.5
רבין ק. בילינסון,120.3,2022-04-27T00:00:00.000Z,120.3,101.3,100.2,100.2,91.5
רבין ק. בילינסון,120.3,2022-04-27T00:00:00.000Z,120.3,101.3,100.2,100.2,91.5
רבין ק. בילינסון,120.3,2022-04-27T00:00:00.000Z,120.3,101.3,100.2,100.2,91.5
רבין ק. בילינסון,120.3,2022-04-27T00:00:00.000Z,120.3,101.3,100.2,100.2,91.5
רבין ק. בילינסון,120.3,2022-04-27T00:00:00.000Z,120.3,101.3,100.2,100.2,91.5
פוריה,79.5,2022-04-27T00:00:00.000Z,79.5,66.7,84.5,84.5,74.6
פוריה,79.5,2022-04-27T00:00:00.000Z,79.5,66.7,84.5,84.5,74.6
פוריה,79.5,2022-04-27T00:00:00.000Z,79.5,66.7,84.5,84.5,74.6
פוריה,79.5,2022-04-27T00:00:00.000Z,79.5,66.7,84.5,84.5,74.6
פוריה,79.5,2022-04-27T00:00:00.000Z,79.5,66.7,84.5,84.5,74.6
פוריה,79.5,2022-04-27T00:00:00.000Z,79.5,66.7,84.5,84.5,74.6
פוריה,79.5,2022-04-27T00:00:00.000Z,79.5,66.7,84.5,84.5,74.6
פוריה,79.5,2022-04-27T00:00:00.000Z,79.5,66.7,84.5,84.5,74.6
פוריה,79.5,2022-04-27T00:00:00.000Z,79.5,66.7,84.5,84.5,74.6
פוריה,79.5,2022-04-27T00:00:00.000Z,79.5,66.7,84.5,84.5,74.6
פוריה,79.5,2022-04-27T00:00:00.000Z,79.5,66.7,84.5,84.5,74.6
פוריה,79.5,2022-04-27T00:00:00.000Z,79.5,66.7,84.5,84.5,74.6
פוריה,79.5,2022-04-27T00:00:00.000Z,79.5,66.7,84.5,84.5,74.6
פוריה,79.5,2022-04-27T00:00:00.000Z,79.5,66.7,84.5,84.5,74.6
פוריה,79.5,2022-04-27T00:00:00.000Z,79.5,66.7,84.5,84.5,74.6
פוריה,79.5,2022-04-27T00:00:00.000Z,79.5,66.7,84.5,84.5,74.6
פוריה,79.5,2022-04-27T00:00:00.000Z,79.5,66.7,84.5,84.5,74.6
פוריה,79.5,2022-04-27T00:00:00.000Z,79.5,66.7,84.5,84.5,74.6
פוריה,79.5,2022-04-27T00:00:00.000Z,79.5,66.7,84.5,84.5,74.6
פוריה,79.5,2022-04-27T00:00:00.000Z,79.5,66.7,84.5,84.5,74.6
פוריה,79.5,2022-04-27T00:00:00.000Z,79.5,66.7,84.5,84.5,74.6
פוריה,79.5,2022-04-27T00:00:00.000Z,79.5,66.7,84.5,84.5,74.6
פוריה,79.5,2022-04-27T00:00:00.000Z,79.5,66.7,84.5,84.5,74.6
פוריה,79.5,2022-04-27T00:00:00.000Z,79.5,66.7,84.5,84.5,74.6
פוריה,79.5,2022-04-27T00:00:00.000Z,79.5,66.7,84.5,84.5,74.6
פוריה,79.5,2022-04-27T00:00:00.000Z,79.5,66.7,84.5,84.5,74.6
פוריה,79.5,2022-04-27T00:00:00.000Z,79.5,66.7,84.5,84.5,74.6
פוריה,79.5,2022-04-27T00:00:00.000Z,79.5,66.7,84.5,84.5,74.6
פוריה,79.5,2022-04-27T00:00:00.000Z,79.5,66.7,84.5,84.5,74.6
פוריה,79.5,2022-04-27T00:00:00.000Z,79.5,66.7,84.5,84.5,74.6
פוריה,79.5,2022-04-27T00:00:00.000Z,79.5,66.7,84.5,84.5,74.6
פוריה,79.5,2022-04-27T00:00:00.000Z,79.5,66.7,84.5,84.5,74.6
פוריה,79.5,2022-04-27T00:00:00.000Z,79.5,66.7,84.5,84.5,74.6
פוריה,79.5,2022-04-27T00:00:00.000Z,79.5,66.7,84.5,84.5,74.6
בני ציון,93.4,2022-04-27T00:00:00.000Z,93.4,95,95.6,95.6,85.5
בני ציון,93.4,2022-04-27T00:00:00.000Z,93.4,95,95.6,95.6,85.5
בני ציון,93.4,2022-04-27T00:00:00.000Z,93.4,95,95.6,95.6,85.5
בני ציון,93.4,2022-04-27T00:00:00.000Z,93.4,95,95.6,95.6,85.5
בני ציון,93.4,2022-04-27T00:00:00.000Z,93.4,95,95.6,95.6,85.5
בני ציון,93.4,2022-04-27T00:00:00.000Z,93.4,95,95.6,95.6,85.5
בני ציון,93.4,2022-04-27T00:00:00.000Z,93.4,95,95.6,95.6,85.5
בני ציון,93.4,2022-04-27T00:00:00.000Z,93.4,95,95.6,95.6,85.5
בני ציון,93.4,2022-04-27T00:00:00.000Z,93.4,95,95.6,95.6,85.5
בני ציון,93.4,2022-04-27T00:00:00.000Z,93.4,95,95.6,95.6,85.5
בני ציון,93.4,2022-04-27T00:00:00.000Z,93.4,95,95.6,95.6,85.5
בני ציון,93.4,2022-04-27T00:00:00.000Z,93.4,95,95.6,95.6,85.5
בני ציון,93.4,2022-04-27T00:00:00.000Z,93.4,95,95.6,95.6,85.5
בני ציון,93.4,2022-04-27T00:00:00.000Z,93.4,95,95.6,95.6,85.5
בני ציון,93.4,2022-04-27T00:00:00.000Z,93.4,95,95.6,95.6,85.5
בני ציון,93.4,2022-04-27T00:00:00.000Z,93.4,95,95.6,95.6,85.5
בני ציון,93.4,2022-04-27T00:00:00.000Z,93.4,95,95.6,95.6,85.5
בני ציון,93.4,2022-04-27T00:00:00.000Z,93.4,95,95.6,95.6,85.5
בני ציון,93.4,2022-04-27T00:00:00.000Z,93.4,95,95.6,95.6,85.5
בני ציון,93.4,2022-04-27T00:00:00.000Z,93.4,95,95.6,95.6,85.5
בני ציון,93.4,2022-04-27T00:00:00.000Z,93.4,95,95.6,95.6,85.5
בני ציון,93.4,2022-04-27T00:00:00.000Z,93.4,95,95.6,95.6,85.5
בני ציון,93.4,2022-04-27T00:00:00.000Z,93.4,95,95.6,95.6,85.5
בני ציון,93.4,2022-04-27T00:00:00.000Z,93.4,95,95.6,95.6,85.5
בני ציון,93.4,2022-04-27T00:00:00.000Z,93.4,95,95.6,95.6,85.5
בני ציון,93.4,2022-04-27T00:00:00.000Z,93.4,95,95.6,95.6,85.5
בני ציון,93.4,2022-04-27T00:00:00.000Z,93.4,95,95.6,95.6,85.5
בני ציון,93.4,2022-04-27T00:00:00.000Z,93.4,95,95.6,95.6,85.5
בני ציון,93.4,2022-04-27T00:00:00.000Z,93.4,95,95.6,95.6,85.5
בני ציון,93.4,2022-04-27T00:00:00.000Z,93.4,95,95.6,95.6,85.5
בני ציון,93.4,2022-04-27T00:00:00.000Z,93.4,95,95.6,95.6,85.5
בני ציון,93.4,2022-04-27T00:00:00.000Z,93.4,95,95.6,95.6,85.5
בני ציון,93.4,2022-04-27T00:00:00.000Z,93.4,95,95.6,95.6,85.5
בני ציון,93.4,2022-04-27T00:00:00.000Z,93.4,95,95.6,95.6,85.5
רבין ק. בילינסון,120.3,2022-04-27T00:00:00.000Z,120.3,101.3,100.2,100.2,91.5
רבין ק. בילינסון,120.3,2022-04-27T00:00:00.000Z,120.3,101.3,100.2,100.2,91.5
רבין ק. בילינסון,120.3,2022-04-27T00:00:00.000Z,120.3,101.3,100.2,100.2,91.5
רבין ק. בילינסון,120.3,2022-04-27T00:00:00.000Z,120.3,101.3,100.2,100.2,91.5
רבין ק. בילינסון,120.3,2022-04-27T00:00:00.000Z,120.3,101.3,100.2,100.2,91.5
רבין ק. בילינסון,120.3,2022-04-27T00:00:00.000Z,120.3,101.3,100.2,100.2,91.5
רבין ק. בילינסון,120.3,2022-04-27T00:00:00.000Z,120.3,101.3,100.2,100.2,91.5
רבין ק. בילינסון,120.3,2022-04-27T00:00:00.000Z,120.3,101.3,100.2,100.2,91.5
רבין ק. בילינסון,120.3,2022-04-27T00:00:00.000Z,120.3,101.3,100.2,100.2,91.5
רבין ק. בילינסון,120.3,2022-04-27T00:00:00.000Z,120.3,101.3,100.2,100.2,91.5
רבין ק. בילינסון,120.3,2022-04-27T00:00:00.000Z,120.3,101.3,100.2,100.2,91.5
רבין ק. בילינסון,120.3,2022-04-27T00:00:00.000Z,120.3,101.3,100.2,100.2,91.5
רבין ק. בילינסון,120.3,2022-04-27T00:00:00.000Z,120.3,101.3,100.2,100.2,91.5
רבין ק. בילינסון,120.3,2022-04-27T00:00:00.000Z,120.3,101.3,100.2,100.2,91.5
רבין ק. בילינסון,120.3,2022-04-27T00:00:00.000Z,120.3,101.3,100.2,100.2,91.5
רבין ק. בילינסון,120.3,2022-04-27T00:00:00.000Z,120.3,101.3,100.2,100.2,91.5
רבין ק. בילינסון,120.3,2022-04-27T00:00:00.000Z,120.3,101.3,100.2,100.2,91.5
רבין ק. בילינסון,120.3,2022-04-27T00:00:00.000Z,120.3,101.3,100.2,100.2,91.5
רבין ק. בילינסון,120.3,2022-04-27T00:00:00.000Z,120.3,101.3,100.2,100.2,91.5
רבין ק. בילינסון,120.3,2022-04-27T00:00:00.000Z,120.3,101.3,100.2,100.2,91.5
רבין ק. בילינסון,120.3,2022-04-27T00:00:00.000Z,120.3,101.3,100.2,100.2,91.5
רבין ק. בילינסון,120.3,2022-04-27T00:00:00.000Z,120.3,101.3,100.2,100.2,91.5
רבין ק. בילינסון,120.3,2022-04-27T00:00:00.000Z,120.3,101.3,100.2,100.2,91.5
רבין ק. בילינסון,120.3,2022-04-27T00:00:00.000Z,120.3,101.3,100.2,100.2,91.5
רבין ק. בילינסון,120.3,2022-04-27T00:00:00.000Z,120.3,101.3,100.2,100.2,91.5
רבין ק. בילינסון,120.3,2022-04-27T00:00:00.000Z,120.3,101.3,100.2,100.2,91.5
רבין ק. בילינסון,120.3,2022-04-27T00:00:00.000Z,120.3,101.3,100.2,100.2,91.5
רבין ק. בילינסון,120.3,2022-04-27T00:00:00.000Z,120.3,101.3,100.2,100.2,91.5
רבין ק. בילינסון,120.3,2022-04-27T00:00:00.000Z,120.3,101.3,100.2,100.2,91.5
רבין ק. בילינסון,120.3,2022-04-27T00:00:00.000Z,120.3,101.3,100.2,100.2,91.5
רבין ק. בילינסון,120.3,2022-04-27T00:00:00.000Z,120.3,101.3,100.2,100.2,91.5
רבין ק. בילינסון,120.3,2022-04-27T00:00:00.000Z,120.3,101.3,100.2,100.2,91.5
פוריה,79.5,2022-04-27T00:00:00.000Z,79.5,66.7,84.5,84.5,74.6
פוריה,79.5,2022-04-27T00:00:00.000Z,79.5,66.7,84.5,84.5,74.6
פוריה,79.5,2022-04-27T00:00:00.000Z,79.5,66.7,84.5,84.5,74.6
פוריה,79.5,2022-04-27T00:00:00.000Z,79.5,66.7,84.5,84.5,74.6
פוריה,79.5,2022-04-27T00:00:00.000Z,79.5,66.7,84.5,84.5,74.6
פוריה,79.5,2022-04-27T00:00:00.000Z,79.5,66.7,84.5,84.5,74.6
פוריה,79.5,2022-04-27T00:00:00.000Z,79.5,66.7,84.5,84.5,74.6
פוריה,79.5,2022-04-27T00:00:00.000Z,79.5,66.7,84.5,84.5,74.6
פוריה,79.5,2022-04-27T00:00:00.000Z,79.5,66.7,84.5,84.5,74.6
פוריה,79.5,2022-04-27T00:00:00.000Z,79.5,66.7,84.5,84.5,74.6
פוריה,79.5,2022-04-27T00:00:00.000Z,79.5,66.7,84.5,84.5,74.6
פוריה,79.5,2022-04-27T00:00:00.000Z,79.5,66.7,84.5,84.5,74.6
פוריה,79.5,2022-04-27T00:00:00.000Z,79.5,66.7,84.5,84.5,74.6
פוריה,79.5,2022-04-27T00:00:00.000Z,79.5,66.7,84.5,84.5,74.6
פוריה,79.5,2022-04-27T00:00:00.000Z,79.5,66.7,84.5,84.5,74.6
פוריה,79.5,2022-04-27T00:00:00.000Z,79.5,66.7,84.5,84.5,74.6
פוריה,79.5,2022-04-27T00:00:00.000Z,79.5,66.7,84.5,84.5,74.6
פוריה,79.5,2022-04-27T00:00:00.000Z,79.5,66.7,84.5,84.5,74.6
פוריה,79.5,2022-04-27T00:00:00.000Z,79.5,66.7,84.5,84.5,74.6
פוריה,79.5,2022-04-27T00:00:00.000Z,79.5,66.7,84.5,84.5,74.6
פוריה,79.5,2022-04-27T00:00:00.000Z,79.5,66.7,84.5,84.5,74.6
פוריה,79.5,2022-04-27T00:00:00.000Z,79.5,66.7,84.5,84.5,74.6
פוריה,79.5,2022-04-27T00:00:00.000Z,79.5,66.7,84.5,84.5,74.6
פוריה,79.5,2022-04-27T00:00:00.000Z,79.5,66.7,84.5,84.5,74.6
פוריה,79.5,2022-04-27T00:00:00.000Z,79.5,66.7,84.5,84.5,74.6
פוריה,79.5,2022-04-27T00:00:00.000Z,79.5,66.7,84.5,84.5,74.6
פוריה,79.5,2022-04-27T00:00:00.000Z,79.5,66.7,84.5,84.5,74.6
פוריה,79.5,2022-04-27T00:00:00.000Z,79.5,66.7,84.5,84.5,74.6
פוריה,79.5,2022-04-27T00:00:00.000Z,79.5,66.7,84.5,84.5,74.6
פוריה,79.5,2022-04-27T00:00:00.000Z,79.5,66.7,84.5,84.5,74.6
פוריה,79.5,2022-04-27T00:00:00.000Z,79.5,66.7,84.5,84.5,74.6
פוריה,79.5,2022-04-27T00:00:00.000Z,79.5,66.7,84.5,84.5,74.6
פוריה,79.5,2022-04-27T00:00:00.000Z,79.5,66.7,84.5,84.5,74.6
פוריה,79.5,2022-04-27T00:00:00.000Z,79.5,66.7,84.5,84.5,74.6
בני ציון,93.4,2022-04-27T00:00:00.000Z,93.4,95,95.6,95.6,85.5
בני ציון,93.4,2022-04-27T00:00:00.000Z,93.4,95,95.6,95.6,85.5
בני ציון,93.4,2022-04-27T00:00:00.000Z,93.4,95,95.6,95.6,85.5
בני ציון,93.4,2022-04-27T00:00:00.000Z,93.4,95,95.6,95.6,85.5
בני ציון,93.4,2022-04-27T00:00:00.000Z,93.4,95,95.6,95.6,85.5
בני ציון,93.4,2022-04-27T00:00:00.000Z,93.4,95,95.6,95.6,85.5
בני ציון,93.4,2022-04-27T00:00:00.000Z,93.4,95,95.6,95.6,85.5
בני ציון,93.4,2022-04-27T00:00:00.000Z,93.4,95,95.6,95.6,85.5
בני ציון,93.4,2022-04-27T00:00:00.000Z,93.4,95,95.6,95.6,85.5
בני ציון,93.4,2022-04-27T00:00:00.000Z,93.4,95,95.6,95.6,85.5
בני ציון,93.4,2022-04-27T00:00:00.000Z,93.4,95,95.6,95.6,85.5
בני ציון,93.4,2022-04-27T00:00:00.000Z,93.4,95,95.6,95.6,85.5
בני ציון,93.4,2022-04-27T00:00:00.000Z,93.4,95,95.6,95.6,85.5
בני ציון,93.4,2022-04-27T00:00:00.000Z,93.4,95,95.6,95.6,85.5
בני ציון,93.4,2022-04-27T00:00:00.000Z,93.4,95,95.6,95.6,85.5
בני ציון,93.4,2022-04-27T00:00:00.000Z,93.4,95,95.6,95.6,85.5
בני ציון,93.4,2022-04-27T00:00:00.000Z,93.4,95,95.6,95.6,85.5
בני ציון,93.4,2022-04-27T00:00:00.000Z,93.4,95,95.6,95.6,85.5
בני ציון,93.4,2022-04-27T00:00:00.000Z,93.4,95,95.6,95.6,85.5
בני ציון,93.4,2022-04-27T00:00:00.000Z,93.4,95,95.6,95.6,85.5
בני ציון,93.4,2022-04-27T00:00:00.000Z,93.4,95,95.6,95.6,85.5
בני ציון,93.4,2022-04-27T00:00:00.000Z,93.4,95,95.6,95.6,85.5
בני ציון,93.4,2022-04-27T00:00:00.000Z,93.4,95,95.6,95.6,85.5
בני ציון,93.4,2022-04-27T00:00:00.000Z,93.4,95,95.6,95.6,85.5
בני ציון,93.4,2022-04-27T00:00:00.000Z,93.4,95,95.6,95.6,85.5
בני ציון,93.4,2022-04-27T00:00:00.000Z,93.4,95,95.6,95.6,85.5
בני ציון,93.4,2022-04-27T00:00:00.000Z,93.4,95,95.6,95.6,85.5
בני ציון,93.4,2022-04-27T00:00:00.000Z,93.4,95,95.6,95.6,85.5
בני ציון,93.4,2022-04-27T00:00:00.000Z,93.4,95,95.6,95.6,85.5
בני ציון,93.4,2022-04-27T00:00:00.000Z,93.4,95,95.6,95.6,85.5
בני ציון,93.4,2022-04-27T00:00:00.000Z,93.4,95,95.6,95.6,85.5
בני ציון,93.4,2022-04-27T00:00:00.000Z,93.4,95,95.6,95.6,85.5
בני ציון,93.4,2022-04-27T00:00:00.000Z,93.4,95,95.6,95.6,85.5
בני ציון,93.4,2022-04-27T00:00:00.000Z,93.4,95,95.6,95.6,85.5
לניאדו,100,2022-04-27T00:00:00.000Z,100,98.7,97.5,97.5,104.2
לניאדו,100,2022-04-27T00:00:00.000Z,100,98.7,97.5,97.5,104.2
לניאדו,100,2022-04-27T00:00:00.000Z,100,98.7,97.5,97.5,104.2
לניאדו,100,2022-04-27T00:00:00.000Z,100,98.7,97.5,97.5,104.2
לניאדו,100,2022-04-27T00:00:00.000Z,100,98.7,97.5,97.5,104.2
לניאדו,100,2022-04-27T00:00:00.000Z,100,98.7,97.5,97.5,104.2
לניאדו,100,2022-04-27T00:00:00.000Z,100,98.7,97.5,97.5,104.2
לניאדו,100,2022-04-27T00:00:00.000Z,100,98.7,97.5,97.5,104.2
לניאדו,100,2022-04-27T00:00:00.000Z,100,98.7,97.5,97.5,104.2
לניאדו,100,2022-04-27T00:00:00.000Z,100,98.7,97.5,97.5,104.2
לניאדו,100,2022-04-27T00:00:00.000Z,100,98.7,97.5,97.5,104.2
לניאדו,100,2022-04-27T00:00:00.000Z,100,98.7,97.5,97.5,104.2
לניאדו,100,2022-04-27T00:00:00.000Z,100,98.7,97.5,97.5,104.2
לניאדו,100,2022-04-27T00:00:00.000Z,100,98.7,97.5,97.5,104.2
לניאדו,100,2022-04-27T00:00:00.000Z,100,98.7,97.5,97.5,104.2
לניאדו,100,2022-04-27T00:00:00.000Z,100,98.7,97.5,97.5,104.2
לניאדו,100,2022-04-27T00:00:00.000Z,100,98.7,97.5,97.5,104.2
לניאדו,100,2022-04-27T00:00:00.000Z,100,98.7,97.5,97.5,104.2
לניאדו,100,2022-04-27T00:00:00.000Z,100,98.7,97.5,97.5,104.2
לניאדו,100,2022-04-27T00:00:00.000Z,100,98.7,97.5,97.5,104.2
לניאדו,100,2022-04-27T00:00:00.000Z,100,98.7,97.5,97.5,104.2
לניאדו,100,2022-04-27T00:00:00.000Z,100,98.7,97.5,97.5,104.2
לניאדו,100,2022-04-27T00:00:00.000Z,100,98.7,97.5,97.5,104.2
לניאדו,100,2022-04-27T00:00:00.000Z,100,98.7,97.5,97.5,104.2
לניאדו,100,2022-04-27T00:00:00.000Z,100,98.7,97.5,97.5,104.2
לניאדו,100,2022-04-27T00:00:00.000Z,100,98.7,97.5,97.5,104.2
לניאדו,100,2022-04-27T00:00:00.000Z,100,98.7,97.5,97.5,104.2
לניאדו,100,2022-04-27T00:00:00.000Z,100,98.7,97.5,97.5,104.2
לניאדו,100,2022-04-27T00:00:00.000Z,100,98.7,97.5,97.5,104.2
לניאדו,100,2022-04-27T00:00:00.000Z,100,98.7,97.5,97.5,104.2
לניאדו,100,2022-04-27T00:00:00.000Z,100,98.7,97.5,97.5,104.2
לניאדו,100,2022-04-27T00:00:00.000Z,100,98.7,97.5,97.5,104.2
רבין ק. בילינסון,120.3,2022-04-27T00:00:00.000Z,120.3,101.3,100.2,100.2,91.5
לניאדו,100,2022-04-27T00:00:00.000Z,100,98.7,97.5,97.5,104.2
לניאדו,100,2022-04-27T00:00:00.000Z,100,98.7,97.5,97.5,104.2
לניאדו,100,2022-04-27T00:00:00.000Z,100,98.7,97.5,97.5,104.2
לניאדו,100,2022-04-27T00:00:00.000Z,100,98.7,97.5,97.5,104.2
לניאדו,100,2022-04-27T00:00:00.000Z,100,98.7,97.5,97.5,104.2
לניאדו,100,2022-04-27T00:00:00.000Z,100,98.7,97.5,97.5,104.2
לניאדו,100,2022-04-27T00:00:00.000Z,100,98.7,97.5,97.5,104.2
לניאדו,100,2022-04-27T00:00:00.000Z,100,98.7,97.5,97.5,104.2
לניאדו,100,2022-04-27T00:00:00.000Z,100,98.7,97.5,97.5,104.2
לניאדו,100,2022-04-27T00:00:00.000Z,100,98.7,97.5,97.5,104.2
לניאדו,100,2022-04-27T00:00:00.000Z,100,98.7,97.5,97.5,104.2
לניאדו,100,2022-04-27T00:00:00.000Z,100,98.7,97.5,97.5,104.2
לניאדו,100,2022-04-27T00:00:00.000Z,100,98.7,97.5,97.5,104.2
לניאדו,100,2022-04-27T00:00:00.000Z,100,98.7,97.5,97.5,104.2
לניאדו,100,2022-04-27T00:00:00.000Z,100,98.7,97.5,97.5,104.2
לניאדו,100,2022-04-27T00:00:00.000Z,100,98.7,97.5,97.5,104.2
לניאדו,100,2022-04-27T00:00:00.000Z,100,98.7,97.5,97.5,104.2
לניאדו,100,2022-04-27T00:00:00.000Z,100,98.7,97.5,97.5,104.2
לניאדו,100,2022-04-27T00:00:00.000Z,100,98.7,97.5,97.5,104.2
לניאדו,100,2022-04-27T00:00:00.000Z,100,98.7,97.5,97.5,104.2
לניאדו,100,2022-04-27T00:00:00.000Z,100,98.7,97.5,97.5,104.2
לניאדו,100,2022-04-27T00:00:00.000Z,100,98.7,97.5,97.5,104.2
לניאדו,100,2022-04-27T00:00:00.000Z,100,98.7,97.5,97.5,104.2
לניאדו,100,2022-04-27T00:00:00.000Z,100,98.7,97.5,97.5,104.2
לניאדו,100,2022-04-27T00:00:00.000Z,100,98.7,97.5,97.5,104.2
לניאדו,100,2022-04-27T00:00:00.000Z,100,98.7,97.5,97.5,104.2
לניאדו,100,2022-04-27T00:00:00.000Z,100,98.7,97.5,97.5,104.2
לניאדו,100,2022-04-27T00:00:00.000Z,100,98.7,97.5,97.5,104.2
לניאדו,100,2022-04-27T00:00:00.000Z,100,98.7,97.5,97.5,104.2
לניאדו,100,2022-04-27T00:00:00.000Z,100,98.7,97.5,97.5,104.2
לניאדו,100,2022-04-27T00:00:00.000Z,100,98.7,97.5,97.5,104.2
פוריה,79.5,2022-04-27T00:00:00.000Z,79.5,66.7,84.5,84.5,74.6
פוריה,79.5,2022-04-27T00:00:00.000Z,79.5,66.7,84.5,84.5,74.6
פוריה,79.5,2022-04-27T00:00:00.000Z,79.5,66.7,84.5,84.5,74.6
פוריה,79.5,2022-04-27T00:00:00.000Z,79.5,66.7,84.5,84.5,74.6
פוריה,79.5,2022-04-27T00:00:00.000Z,79.5,66.7,84.5,84.5,74.6
פוריה,79.5,2022-04-27T00:00:00.000Z,79.5,66.7,84.5,84.5,74.6
פוריה,79.5,2022-04-27T00:00:00.000Z,79.5,66.7,84.5,84.5,74.6
פוריה,79.5,2022-04-27T00:00:00.000Z,79.5,66.7,84.5,84.5,74.6
פוריה,79.5,2022-04-27T00:00:00.000Z,79.5,66.7,84.5,84.5,74.6
פוריה,79.5,2022-04-27T00:00:00.000Z,79.5,66.7,84.5,84.5,74.6
פוריה,79.5,2022-04-27T00:00:00.000Z,79.5,66.7,84.5,84.5,74.6
פוריה,79.5,2022-04-27T00:00:00.000Z,79.5,66.7,84.5,84.5,74.6
פוריה,79.5,2022-04-27T00:00:00.000Z,79.5,66.7,84.5,84.5,74.6
פוריה,79.5,2022-04-27T00:00:00.000Z,79.5,66.7,84.5,84.5,74.6
פוריה,79.5,2022-04-27T00:00:00.000Z,79.5,66.7,84.5,84.5,74.6
פוריה,79.5,2022-04-27T00:00:00.000Z,79.5,66.7,84.5,84.5,74.6
פוריה,79.5,2022-04-27T00:00:00.000Z,79.5,66.7,84.5,84.5,74.6
פוריה,79.5,2022-04-27T00:00:00.000Z,79.5,66.7,84.5,84.5,74.6
פוריה,79.5,2022-04-27T00:00:00.000Z,79.5,66.7,84.5,84.5,74.6
פוריה,79.5,2022-04-27T00:00:00.000Z,79.5,66.7,84.5,84.5,74.6
פוריה,79.5,2022-04-27T00:00:00.000Z,79.5,66.7,84.5,84.5,74.6
פוריה,79.5,2022-04-27T00:00:00.000Z,79.5,66.7,84.5,84.5,74.6
פוריה,79.5,2022-04-27T00:00:00.000Z,79.5,66.7,84.5,84.5,74.6
פוריה,79.5,2022-04-27T00:00:00.000Z,79.5,66.7,84.5,84.5,74.6
פוריה,79.5,2022-04-27T00:00:00.000Z,79.5,66.7,84.5,84.5,74.6
פוריה,79.5,2022-04-27T00:00:00.000Z,79.5,66.7,84.5,84.5,74.6
פוריה,79.5,2022-04-27T00:00:00.000Z,79.5,66.7,84.5,84.5,74.6
פוריה,79.5,2022-04-27T00:00:00.000Z,79.5,66.7,84.5,84.5,74.6
פוריה,79.5,2022-04-27T00:00:00.000Z,79.5,66.7,84.5,84.5,74.6
פוריה,79.5,2022-04-27T00:00:00.000Z,79.5,66.7,84.5,84.5,74.6
פוריה,79.5,2022-04-27T00:00:00.000Z,79.5,66.7,84.5,84.5,74.6
פוריה,79.5,2022-04-27T00:00:00.000Z,79.5,66.7,84.5,84.5,74.6
פוריה,79.5,2022-04-27T00:00:00.000Z,79.5,66.7,84.5,84.5,74.6
רבין ק. בילינסון,120.3,2022-04-27T00:00:00.000Z,120.3,101.3,100.2,100.2,91.5
רבין ק. בילינסון,120.3,2022-04-27T00:00:00.000Z,120.3,101.3,100.2,100.2,91.5
רבין ק. בילינסון,120.3,2022-04-27T00:00:00.000Z,120.3,101.3,100.2,100.2,91.5
רבין ק. בילינסון,120.3,2022-04-27T00:00:00.000Z,120.3,101.3,100.2,100.2,91.5
רבין ק. בילינסון,120.3,2022-04-27T00:00:00.000Z,120.3,101.3,100.2,100.2,91.5
רבין ק. בילינסון,120.3,2022-04-27T00:00:00.000Z,120.3,101.3,100.2,100.2,91.5
לניאדו,100,2022-04-27T00:00:00.000Z,100,98.7,97.5,97.5,104.2
לניאדו,100,2022-04-27T00:00:00.000Z,100,98.7,97.5,97.5,104.2
לניאדו,100,2022-04-27T00:00:00.000Z,100,98.7,97.5,97.5,104.2
לניאדו,100,2022-04-27T00:00:00.000Z,100,98.7,97.5,97.5,104.2
לניאדו,100,2022-04-27T00:00:00.000Z,100,98.7,97.5,97.5,104.2
לניאדו,100,2022-04-27T00:00:00.000Z,100,98.7,97.5,97.5,104.2
לניאדו,100,2022-04-27T00:00:00.000Z,100,98.7,97.5,97.5,104.2
לניאדו,100,2022-04-27T00:00:00.000Z,100,98.7,97.5,97.5,104.2
לניאדו,100,2022-04-27T00:00:00.000Z,100,98.7,97.5,97.5,104.2
לניאדו,100,2022-04-27T00:00:00.000Z,100,98.7,97.5,97.5,104.2
לניאדו,100,2022-04-27T00:00:00.000Z,100,98.7,97.5,97.5,104.2
לניאדו,100,2022-04-27T00:00:00.000Z,100,98.7,97.5,97.5,104.2
לניאדו,100,2022-04-27T00:00:00.000Z,100,98.7,97.5,97.5,104.2
לניאדו,100,2022-04-27T00:00:00.000Z,100,98.7,97.5,97.5,104.2
לניאדו,100,2022-04-27T00:00:00.000Z,100,98.7,97.5,97.5,104.2
לניאדו,100,2022-04-27T00:00:00.000Z,100,98.7,97.5,97.5,104.2
לניאדו,100,2022-04-27T00:00:00.000Z,100,98.7,97.5,97.5,104.2
לניאדו,100,2022-04-27T00:00:00.000Z,100,98.7,97.5,97.5,104.2
לניאדו,100,2022-04-27T00:00:00.000Z,100,98.7,97.5,97.5,104.2
לניאדו,100,2022-04-27T00:00:00.000Z,100,98.7,97.5,97.5,104.2
לניאדו,100,2022-04-27T00:00:00.000Z,100,98.7,97.5,97.5,104.2
לניאדו,100,2022-04-27T00:00:00.000Z,100,98.7,97.5,97.5,104.2
לניאדו,100,2022-04-27T00:00:00.000Z,100,98.7,97.5,97.5,104.2
לניאדו,100,2022-04-27T00:00:00.000Z,100,98.7,97.5,97.5,104.2
רבין ק. בילינסון,120.3,2022-04-27T00:00:00.000Z,120.3,101.3,100.2,100.2,91.5
רבין ק. בילינסון,120.3,2022-04-27T00:00:00.000Z,120.3,101.3,100.2,100.2,91.5
רבין ק. בילינסון,120.3,2022-04-27T00:00:00.000Z,120.3,101.3,100.2,100.2,91.5
רבין ק. בילינסון,120.3,2022-04-27T00:00:00.000Z,120.3,101.3,100.2,100.2,91.5
רבין ק. בילינסון,120.3,2022-04-27T00:00:00.000Z,120.3,101.3,100.2,100.2,91.5
רבין ק. בילינסון,120.3,2022-04-27T00:00:00.000Z,120.3,101.3,100.2,100.2,91.5
רבין ק. בילינסון,120.3,2022-04-27T00:00:00.000Z,120.3,101.3,100.2,100.2,91.5
רבין ק. בילינסון,120.3,2022-04-27T00:00:00.000Z,120.3,101.3,100.2,100.2,91.5
רבין ק. בילינסון,120.3,2022-04-27T00:00:00.000Z,120.3,101.3,100.2,100.2,91.5
רבין ק. בילינסון,120.3,2022-04-27T00:00:00.000Z,120.3,101.3,100.2,100.2,91.5
רבין ק. בילינסון,120.3,2022-04-27T00:00:00.000Z,120.3,101.3,100.2,100.2,91.5
רבין ק. בילינסון,120.3,2022-04-27T00:00:00.000Z,120.3,101.3,100.2,100.2,91.5
רבין ק. בילינסון,120.3,2022-04-27T00:00:00.000Z,120.3,101.3,100.2,100.2,91.5
רבין ק. בילינסון,120.3,2022-04-27T00:00:00.000Z,120.3,101.3,100.2,100.2,91.5
רבין ק. בילינסון,120.3,2022-04-27T00:00:00.000Z,120.3,101.3,100.2,100.2,91.5
רבין ק. בילינסון,120.3,2022-04-27T00:00:00.000Z,120.3,101.3,100.2,100.2,91.5
רבין ק. בילינסון,120.3,2022-04-27T00:00:00.000Z,120.3,101.3,100.2,100.2,91.5
רבין ק. בילינסון,120.3,2022-04-27T00:00:00.000Z,120.3,101.3,100.2,100.2,91.5
רבין ק. בילינסון,120.3,2022-04-27T00:00:00.000Z,120.3,101.3,100.2,100.2,91.5
רבין ק. בילינסון,120.3,2022-04-27T00:00:00.000Z,120.3,101.3,100.2,100.2,91.5
רבין ק. בילינסון,120.3,2022-04-27T00:00:00.000Z,120.3,101.3,100.2,100.2,91.5
בני ציון,93.4,2022-04-27T00:00:00.000Z,93.4,95,95.6,95.6,85.5
בני ציון,93.4,2022-04-27T00:00:00.000Z,93.4,95,95.6,95.6,85.5
בני ציון,93.4,2022-04-27T00:00:00.000Z,93.4,95,95.6,95.6,85.5
בני ציון,93.4,2022-04-27T00:00:00.000Z,93.4,95,95.6,95.6,85.5
בני ציון,93.4,2022-04-27T00:00:00.000Z,93.4,95,95.6,95.6,85.5
בני ציון,93.4,2022-04-27T00:00:00.000Z,93.4,95,95.6,95.6,85.5
בני ציון,93.4,2022-04-27T00:00:00.000Z,93.4,95,95.6,95.6,85.5
בני ציון,93.4,2022-04-27T00:00:00.000Z,93.4,95,95.6,95.6,85.5
בני ציון,93.4,2022-04-27T00:00:00.000Z,93.4,95,95.6,95.6,85.5
בני ציון,93.4,2022-04-27T00:00:00.000Z,93.4,95,95.6,95.6,85.5
בני ציון,93.4,2022-04-27T00:00:00.000Z,93.4,95,95.6,95.6,85.5
בני ציון,93.4,2022-04-27T00:00:00.000Z,93.4,95,95.6,95.6,85.5
בני ציון,93.4,2022-04-27T00:00:00.000Z,93.4,95,95.6,95.6,85.5
פוריה,79.5,2022-04-27T00:00:00.000Z,79.5,66.7,84.5,84.5,74.6
פוריה,79.5,2022-04-27T00:00:00.000Z,79.5,66.7,84.5,84.5,74.6
פוריה,79.5,2022-04-27T00:00:00.000Z,79.5,66.7,84.5,84.5,74.6
פוריה,79.5,2022-04-27T00:00:00.000Z,79.5,66.7,84.5,84.5,74.6
פוריה,79.5,2022-04-27T00:00:00.000Z,79.5,66.7,84.5,84.5,74.6
פוריה,79.5,2022-04-27T00:00:00.000Z,79.5,66.7,84.5,84.5,74.6
פוריה,79.5,2022-04-27T00:00:00.000Z,79.5,66.7,84.5,84.5,74.6
פוריה,79.5,2022-04-27T00:00:00.000Z,79.5,66.7,84.5,84.5,74.6
פוריה,79.5,2022-04-27T00:00:00.000Z,79.5,66.7,84.5,84.5,74.6
פוריה,79.5,2022-04-27T00:00:00.000Z,79.5,66.7,84.5,84.5,74.6
פוריה,79.5,2022-04-27T00:00:00.000Z,79.5,66.7,84.5,84.5,74.6
פוריה,79.5,2022-04-27T00:00:00.000Z,79.5,66.7,84.5,84.5,74.6
פוריה,79.5,2022-04-27T00:00:00.000Z,79.5,66.7,84.5,84.5,74.6
פוריה,79.5,2022-04-27T00:00:00.000Z,79.5,66.7,84.5,84.5,74.6
פוריה,79.5,2022-04-27T00:00:00.000Z,79.5,66.7,84.5,84.5,74.6
פוריה,79.5,2022-04-27T00:00:00.000Z,79.5,66.7,84.5,84.5,74.6
בני ציון,93.4,2022-04-27T00:00:00.000Z,93.4,95,95.6,95.6,85.5
בני ציון,93.4,2022-04-27T00:00:00.000Z,93.4,95,95.6,95.6,85.5
בני ציון,93.4,2022-04-27T00:00:00.000Z,93.4,95,95.6,95.6,85.5
בני ציון,93.4,2022-04-27T00:00:00.000Z,93.4,95,95.6,95.6,85.5
בני ציון,93.4,2022-04-27T00:00:00.000Z,93.4,95,95.6,95.6,85.5
בני ציון,93.4,2022-04-27T00:00:00.000Z,93.4,95,95.6,95.6,85.5
בני ציון,93.4,2022-04-27T00:00:00.000Z,93.4,95,95.6,95.6,85.5
בני ציון,93.4,2022-04-27T00:00:00.000Z,93.4,95,95.6,95.6,85.5
בני ציון,93.4,2022-04-27T00:00:00.000Z,93.4,95,95.6,95.6,85.5
בני ציון,93.4,2022-04-27T00:00:00.000Z,93.4,95,95.6,95.6,85.5
בני ציון,93.4,2022-04-27T00:00:00.000Z,93.4,95,95.6,95.6,85.5
בני ציון,93.4,2022-04-27T00:00:00.000Z,93.4,95,95.6,95.6,85.5
בני ציון,93.4,2022-04-27T00:00:00.000Z,93.4,95,95.6,95.6,85.5
בני ציון,93.4,2022-04-27T00:00:00.000Z,93.4,95,95.6,95.6,85.5
בני ציון,93.4,2022-04-27T00:00:00.000Z,93.4,95,95.6,95.6,85.5
בני ציון,93.4,2022-04-27T00:00:00.000Z,93.4,95,95.6,95.6,85.5
בני ציון,93.4,2022-04-27T00:00:00.000Z,93.4,95,95.6,95.6,85.5
בני ציון,93.4,2022-04-27T00:00:00.000Z,93.4,95,95.6,95.6,85.5
בני ציון,93.4,2022-04-27T00:00:00.000Z,93.4,95,95.6,95.6,85.5
בני ציון,93.4,2022-04-27T00:00:00.000Z,93.4,95,95.6,95.6,85.5
בני ציון,93.4,2022-04-27T00:00:00.000Z,93.4,95,95.6,95.6,85.5
בני ציון,93.4,2022-04-27T00:00:00.000Z,93.4,95,95.6,95.6,85.5
בני ציון,93.4,2022-04-27T00:00:00.000Z,93.4,95,95.6,95.6,85.5
בני ציון,93.4,2022-04-27T00:00:00.000Z,93.4,95,95.6,95.6,85.5
בני ציון,93.4,2022-04-27T00:00:00.000Z,93.4,95,95.6,95.6,85.5
בני ציון,93.4,2022-04-27T00:00:00.000Z,93.4,95,95.6,95.6,85.5
בני ציון,93.4,2022-04-27T00:00:00.000Z,93.4,95,95.6,95.6,85.5
בני ציון,93.4,2022-04-27T00:00:00.000Z,93.4,95,95.6,95.6,85.5
בני ציון,93.4,2022-04-27T00:00:00.000Z,93.4,95,95.6,95.6,85.5
בני ציון,93.4,2022-04-27T00:00:00.000Z,93.4,95,95.6,95.6,85.5
בני ציון,93.4,2022-04-27T00:00:00.000Z,93.4,95,95.6,95.6,85.5
בני ציון,93.4,2022-04-27T00:00:00.000Z,93.4,95,95.6,95.6,85.5
בני ציון,93.4,2022-04-27T00:00:00.000Z,93.4,95,95.6,95.6,85.5
בני ציון,93.4,2022-04-27T00:00:00.000Z,93.4,95,95.6,95.6,85.5
בני ציון,93.4,2022-04-27T00:00:00.000Z,93.4,95,95.6,95.6,85.5
בני ציון,93.4,2022-04-27T00:00:00.000Z,93.4,95,95.6,95.6,85.5
רבין ק. בילינסון,120.3,2022-04-27T00:00:00.000Z,120.3,101.3,100.2,100.2,91.5
רבין ק. בילינסון,120.3,2022-04-27T00:00:00.000Z,120.3,101.3,100.2,100.2,91.5
רבין ק. בילינסון,120.3,2022-04-27T00:00:00.000Z,120.3,101.3,100.2,100.2,91.5
רבין ק. בילינסון,120.3,2022-04-27T00:00:00.000Z,120.3,101.3,100.2,100.2,91.5
רבין ק. בילינסון,120.3,2022-04-27T00:00:00.000Z,120.3,101.3,100.2,100.2,91.5
רבין ק. בילינסון,120.3,2022-04-27T00:00:00.000Z,120.3,101.3,100.2,100.2,91.5
רבין ק. בילינסון,120.3,2022-04-27T00:00:00.000Z,120.3,101.3,100.2,100.2,91.5
רבין ק. בילינסון,120.3,2022-04-27T00:00:00.000Z,120.3,101.3,100.2,100.2,91.5
רבין ק. בילינסון,120.3,2022-04-27T00:00:00.000Z,120.3,101.3,100.2,100.2,91.5
רבין ק. בילינסון,120.3,2022-04-27T00:00:00.000Z,120.3,101.3,100.2,100.2,91.5
רבין ק. בילינסון,120.3,2022-04-27T00:00:00.000Z,120.3,101.3,100.2,100.2,91.5
רבין ק. בילינסון,120.3,2022-04-27T00:00:00.000Z,120.3,101.3,100.2,100.2,91.5
רבין ק. בילינסון,120.3,2022-04-27T00:00:00.000Z,120.3,101.3,100.2,100.2,91.5
רבין ק. בילינסון,120.3,2022-04-27T00:00:00.000Z,120.3,101.3,100.2,100.2,91.5
רבין ק. בילינסון,120.3,2022-04-27T00:00:00.000Z,120.3,101.3,100.2,100.2,91.5
רבין ק. בילינסון,120.3,2022-04-27T00:00:00.000Z,120.3,101.3,100.2,100.2,91.5
רבין ק. בילינסון,120.3,2022-04-27T00:00:00.000Z,120.3,101.3,100.2,100.2,91.5
רבין ק. בילינסון,120.3,2022-04-27T00:00:00.000Z,120.3,101.3,100.2,100.2,91.5
רבין ק. בילינסון,120.3,2022-04-27T00:00:00.000Z,120.3,101.3,100.2,100.2,91.5
רבין ק. בילינסון,120.3,2022-04-27T00:00:00.000Z,120.3,101.3,100.2,100.2,91.5
רבין ק. בילינסון,120.3,2022-04-27T00:00:00.000Z,120.3,101.3,100.2,100.2,91.5
רבין ק. בילינסון,120.3,2022-04-27T00:00:00.000Z,120.3,101.3,100.2,100.2,91.5
רבין ק. בילינסון,120.3,2022-04-27T00:00:00.000Z,120.3,101.3,100.2,100.2,91.5
רבין ק. בילינסון,120.3,2022-04-27T00:00:00.000Z,120.3,101.3,100.2,100.2,91.5
רבין ק. בילינסון,120.3,2022-04-27T00:00:00.000Z,120.3,101.3,100.2,100.2,91.5
רבין ק. בילינסון,120.3,2022-04-27T00:00:00.000Z,120.3,101.3,100.2,100.2,91.5
רבין ק. בילינסון,120.3,2022-04-27T00:00:00.000Z,120.3,101.3,100.2,100.2,91.5
רבין ק. בילינסון,120.3,2022-04-27T00:00:00.000Z,120.3,101.3,100.2,100.2,91.5
רבין ק. בילינסון,120.3,2022-04-27T00:00:00.000Z,120.3,101.3,100.2,100.2,91.5
רבין ק. בילינסון,120.3,2022-04-27T00:00:00.000Z,120.3,101.3,100.2,100.2,91.5
רבין ק. בילינסון,120.3,2022-04-27T00:00:00.000Z,120.3,101.3,100.2,100.2,91.5
רבין ק. בילינסון,120.3,2022-04-27T00:00:00.000Z,120.3,101.3,100.2,100.2,91.5
בני ציון,93.4,2022-04-27T00:00:00.000Z,93.4,95,95.6,95.6,85.5
בני ציון,93.4,2022-04-27T00:00:00.000Z,93.4,95,95.6,95.6,85.5
בני ציון,93.4,2022-04-27T00:00:00.000Z,93.4,95,95.6,95.6,85.5
בני ציון,93.4,2022-04-27T00:00:00.000Z,93.4,95,95.6,95.6,85.5
בני ציון,93.4,2022-04-27T00:00:00.000Z,93.4,95,95.6,95.6,85.5
בני ציון,93.4,2022-04-27T00:00:00.000Z,93.4,95,95.6,95.6,85.5
בני ציון,93.4,2022-04-27T00:00:00.000Z,93.4,95,95.6,95.6,85.5
בני ציון,93.4,2022-04-27T00:00:00.000Z,93.4,95,95.6,95.6,85.5
בני ציון,93.4,2022-04-27T00:00:00.000Z,93.4,95,95.6,95.6,85.5
בני ציון,93.4,2022-04-27T00:00:00.000Z,93.4,95,95.6,95.6,85.5
בני ציון,93.4,2022-04-27T00:00:00.000Z,93.4,95,95.6,95.6,85.5
בני ציון,93.4,2022-04-27T00:00:00.000Z,93.4,95,95.6,95.6,85.5
בני ציון,93.4,2022-04-27T00:00:00.000Z,93.4,95,95.6,95.6,85.5
בני ציון,93.4,2022-04-27T00:00:00.000Z,93.4,95,95.6,95.6,85.5
בני ציון,93.4,2022-04-27T00:00:00.000Z,93.4,95,95.6,95.6,85.5
בני ציון,93.4,2022-04-27T00:00:00.000Z,93.4,95,95.6,95.6,85.5
בני ציון,93.4,2022-04-27T00:00:00.000Z,93.4,95,95.6,95.6,85.5
בני ציון,93.4,2022-04-27T00:00:00.000Z,93.4,95,95.6,95.6,85.5
בני ציון,93.4,2022-04-27T00:00:00.000Z,93.4,95,95.6,95.6,85.5
בני ציון,93.4,2022-04-27T00:00:00.000Z,93.4,95,95.6,95.6,85.5
בני ציון,93.4,2022-04-27T00:00:00.000Z,93.4,95,95.6,95.6,85.5
בני ציון,93.4,2022-04-27T00:00:00.000Z,93.4,95,95.6,95.6,85.5
בני ציון,93.4,2022-04-27T00:00:00.000Z,93.4,95,95.6,95.6,85.5
בני ציון,93.4,2022-04-27T00:00:00.000Z,93.4,95,95.6,95.6,85.5
בני ציון,93.4,2022-04-27T00:00:00.000Z,93.4,95,95.6,95.6,85.5
בני ציון,93.4,2022-04-27T00:00:00.000Z,93.4,95,95.6,95.6,85.5
בני ציון,93.4,2022-04-27T00:00:00.000Z,93.4,95,95.6,95.6,85.5
בני ציון,93.4,2022-04-27T00:00:00.000Z,93.4,95,95.6,95.6,85.5
בני ציון,93.4,2022-04-27T00:00:00.000Z,93.4,95,95.6,95.6,85.5
בני ציון,93.4,2022-04-27T00:00:00.000Z,93.4,95,95.6,95.6,85.5
בני ציון,93.4,2022-04-27T00:00:00.000Z,93.4,95,95.6,95.6,85.5
בני ציון,93.4,2022-04-27T00:00:00.000Z,93.4,95,95.6,95.6,85.5
בני ציון,93.4,2022-04-27T00:00:00.000Z,93.4,95,95.6,95.6,85.5
בני ציון,93.4,2022-04-27T00:00:00.000Z,93.4,95,95.6,95.6,85.5
פוריה,79.5,2022-04-27T00:00:00.000Z,79.5,66.7,84.5,84.5,74.6
פוריה,79.5,2022-04-27T00:00:00.000Z,79.5,66.7,84.5,84.5,74.6
פוריה,79.5,2022-04-27T00:00:00.000Z,79.5,66.7,84.5,84.5,74.6
פוריה,79.5,2022-04-27T00:00:00.000Z,79.5,66.7,84.5,84.5,74.6
פוריה,79.5,2022-04-27T00:00:00.000Z,79.5,66.7,84.5,84.5,74.6
בני ציון,93.4,2022-04-27T00:00:00.000Z,93.4,95,95.6,95.6,85.5
בני ציון,93.4,2022-04-27T00:00:00.000Z,93.4,95,95.6,95.6,85.5
בני ציון,93.4,2022-04-27T00:00:00.000Z,93.4,95,95.6,95.6,85.5
בני ציון,93.4,2022-04-27T00:00:00.000Z,93.4,95,95.6,95.6,85.5
בני ציון,93.4,2022-04-27T00:00:00.000Z,93.4,95,95.6,95.6,85.5
בני ציון,93.4,2022-04-27T00:00:00.000Z,93.4,95,95.6,95.6,85.5
בני ציון,93.4,2022-04-27T00:00:00.000Z,93.4,95,95.6,95.6,85.5
בני ציון,93.4,2022-04-27T00:00:00.000Z,93.4,95,95.6,95.6,85.5
בני ציון,93.4,2022-04-27T00:00:00.000Z,93.4,95,95.6,95.6,85.5
בני ציון,93.4,2022-04-27T00:00:00.000Z,93.4,95,95.6,95.6,85.5
בני ציון,93.4,2022-04-27T00:00:00.000Z,93.4,95,95.6,95.6,85.5
בני ציון,93.4,2022-04-27T00:00:00.000Z,93.4,95,95.6,95.6,85.5
בני ציון,93.4,2022-04-27T00:00:00.000Z,93.4,95,95.6,95.6,85.5
בני ציון,93.4,2022-04-27T00:00:00.000Z,93.4,95,95.6,95.6,85.5
בני ציון,93.4,2022-04-27T00:00:00.000Z,93.4,95,95.6,95.6,85.5
בני ציון,93.4,2022-04-27T00:00:00.000Z,93.4,95,95.6,95.6,85.5
בני ציון,93.4,2022-04-27T00:00:00.000Z,93.4,95,95.6,95.6,85.5
בני ציון,93.4,2022-04-27T00:00:00.000Z,93.4,95,95.6,95.6,85.5
בני ציון,93.4,2022-04-27T00:00:00.000Z,93.4,95,95.6,95.6,85.5
בני ציון,93.4,2022-04-27T00:00:00.000Z,93.4,95,95.6,95.6,85.5
בני ציון,93.4,2022-04-27T00:00:00.000Z,93.4,95,95.6,95.6,85.5
בני ציון,93.4,2022-04-27T00:00:00.000Z,93.4,95,95.6,95.6,85.5
בני ציון,93.4,2022-04-27T00:00:00.000Z,93.4,95,95.6,95.6,85.5
בני ציון,93.4,2022-04-27T00:00:00.000Z,93.4,95,95.6,95.6,85.5
בני ציון,93.4,2022-04-27T00:00:00.000Z,93.4,95,95.6,95.6,85.5
בני ציון,93.4,2022-04-27T00:00:00.000Z,93.4,95,95.6,95.6,85.5
בני ציון,93.4,2022-04-27T00:00:00.000Z,93.4,95,95.6,95.6,85.5
בני ציון,93.4,2022-04-27T00:00:00.000Z,93.4,95,95.6,95.6,85.5
בני ציון,93.4,2022-04-27T00:00:00.000Z,93.4,95,95.6,95.6,85.5
בני ציון,93.4,2022-04-27T00:00:00.000Z,93.4,95,95.6,95.6,85.5
בני ציון,93.4,2022-04-27T00:00:00.000Z,93.4,95,95.6,95.6,85.5
בני ציון,93.4,2022-04-27T00:00:00.000Z,93.4,95,95.6,95.6,85.5
בני ציון,93.4,2022-04-27T00:00:00.000Z,93.4,95,95.6,95.6,85.5
בני ציון,93.4,2022-04-27T00:00:00.000Z,93.4,95,95.6,95.6,85.5
פוריה,79.5,2022-04-27T00:00:00.000Z,79.5,66.7,84.5,84.5,74.6
פוריה,79.5,2022-04-27T00:00:00.000Z,79.5,66.7,84.5,84.5,74.6
פוריה,79.5,2022-04-27T00:00:00.000Z,79.5,66.7,84.5,84.5,74.6
פוריה,79.5,2022-04-27T00:00:00.000Z,79.5,66.7,84.5,84.5,74.6
פוריה,79.5,2022-04-27T00:00:00.000Z,79.5,66.7,84.5,84.5,74.6
פוריה,79.5,2022-04-27T00:00:00.000Z,79.5,66.7,84.5,84.5,74.6
פוריה,79.5,2022-04-27T00:00:00.000Z,79.5,66.7,84.5,84.5,74.6
פוריה,79.5,2022-04-27T00:00:00.000Z,79.5,66.7,84.5,84.5,74.6
פוריה,79.5,2022-04-27T00:00:00.000Z,79.5,66.7,84.5,84.5,74.6
פוריה,79.5,2022-04-27T00:00:00.000Z,79.5,66.7,84.5,84.5,74.6
פוריה,79.5,2022-04-27T00:00:00.000Z,79.5,66.7,84.5,84.5,74.6
פוריה,79.5,2022-04-27T00:00:00.000Z,79.5,66.7,84.5,84.5,74.6
פוריה,79.5,2022-04-27T00:00:00.000Z,79.5,66.7,84.5,84.5,74.6
פוריה,79.5,2022-04-27T00:00:00.000Z,79.5,66.7,84.5,84.5,74.6
פוריה,79.5,2022-04-27T00:00:00.000Z,79.5,66.7,84.5,84.5,74.6
פוריה,79.5,2022-04-27T00:00:00.000Z,79.5,66.7,84.5,84.5,74.6
פוריה,79.5,2022-04-27T00:00:00.000Z,79.5,66.7,84.5,84.5,74.6
פוריה,79.5,2022-04-27T00:00:00.000Z,79.5,66.7,84.5,84.5,74.6
פוריה,79.5,2022-04-27T00:00:00.000Z,79.5,66.7,84.5,84.5,74.6
פוריה,79.5,2022-04-27T00:00:00.000Z,79.5,66.7,84.5,84.5,74.6
פוריה,79.5,2022-04-27T00:00:00.000Z,79.5,66.7,84.5,84.5,74.6
פוריה,79.5,2022-04-27T00:00:00.000Z,79.5,66.7,84.5,84.5,74.6
פוריה,79.5,2022-04-27T00:00:00.000Z,79.5,66.7,84.5,84.5,74.6
פוריה,79.5,2022-04-27T00:00:00.000Z,79.5,66.7,84.5,84.5,74.6
פוריה,79.5,2022-04-27T00:00:00.000Z,79.5,66.7,84.5,84.5,74.6
פוריה,79.5,2022-04-27T00:00:00.000Z,79.5,66.7,84.5,84.5,74.6
פוריה,79.5,2022-04-27T00:00:00.000Z,79.5,66.7,84.5,84.5,74.6
פוריה,79.5,2022-04-27T00:00:00.000Z,79.5,66.7,84.5,84.5,74.6
פוריה,79.5,2022-04-27T00:00:00.000Z,79.5,66.7,84.5,84.5,74.6
פוריה,79.5,2022-04-27T00:00:00.000Z,79.5,66.7,84.5,84.5,74.6
פוריה,79.5,2022-04-27T00:00:00.000Z,79.5,66.7,84.5,84.5,74.6
פוריה,79.5,2022-04-27T00:00:00.000Z,79.5,66.7,84.5,84.5,74.6
פוריה,79.5,2022-04-27T00:00:00.000Z,79.5,66.7,84.5,84.5,74.6
פוריה,79.5,2022-04-27T00:00:00.000Z,79.5,66.7,84.5,84.5,74.6
הלל יפה,102.1,2022-04-27T00:00:00.000Z,93.1,88.1,87.2,81.9,80.8
הלל יפה,102.1,2022-04-27T00:00:00.000Z,94.7,88.3,87.2,82.6,82.4
הלל יפה,102.1,2022-04-27T00:00:00.000Z,96,89.8,87.2,82.7,84.2
הלל יפה,102.1,2022-04-27T00:00:00.000Z,98,91.7,87.2,83.3,86.6
הלל יפה,102.1,2022-04-27T00:00:00.000Z,99.7,94.4,87.2,84.4,89.7
הלל יפה,102.1,2022-04-27T00:00:00.000Z,101.7,96.3,87.2,85.5,92.9
הלל יפה,102.1,2022-04-27T00:00:00.000Z,103.4,97,87.2,86,95.4
הלל יפה,102.1,2022-04-27T00:00:00.000Z,102.1,97.9,87.2,87.2,98.1
הלל יפה,102.1,2022-04-27T00:00:00.000Z,102.1,97.9,87.2,87.2,98.1
הלל יפה,102.1,2022-04-27T00:00:00.000Z,102.1,97.9,87.2,87.2,98.1
הלל יפה,102.1,2022-04-27T00:00:00.000Z,102.1,97.9,87.2,87.2,98.1
הלל יפה,102.1,2022-04-27T00:00:00.000Z,102.1,97.9,87.2,87.2,98.1
הלל יפה,102.1,2022-04-27T00:00:00.000Z,102.1,97.9,87.2,87.2,98.1
הלל יפה,102.1,2022-04-27T00:00:00.000Z,102.1,97.9,87.2,87.2,98.1
הלל יפה,102.1,2022-04-27T00:00:00.000Z,102.1,97.9,87.2,87.2,98.1
הלל יפה,102.1,2022-04-27T00:00:00.000Z,102.1,97.9,87.2,87.2,98.1
הלל יפה,102.1,2022-04-27T00:00:00.000Z,102.1,97.9,87.2,87.2,98.1
הלל יפה,102.1,2022-04-27T00:00:00.000Z,102.1,97.9,87.2,87.2,98.1
"רמב""ם",99,2022-04-27T00:00:00.000Z,99,96.5,92.1,92.1,94
"רמב""ם",99,2022-04-27T00:00:00.000Z,99,96.5,92.1,92.1,94
"רמב""ם",99,2022-04-27T00:00:00.000Z,99,96.5,92.1,92.1,94
"רמב""ם",99,2022-04-27T00:00:00.000Z,99,96.5,92.1,92.1,94
"רמב""ם",99,2022-04-27T00:00:00.000Z,99,96.5,92.1,92.1,94
"רמב""ם",99,2022-04-27T00:00:00.000Z,99,96.5,92.1,92.1,94
"רמב""ם",99,2022-04-27T00:00:00.000Z,99,96.5,92.1,92.1,94
"רמב""ם",99,2022-04-27T00:00:00.000Z,99,96.5,92.1,92.1,94
"רמב""ם",99,2022-04-27T00:00:00.000Z,99,96.5,92.1,92.1,94
"רמב""ם",99,2022-04-27T00:00:00.000Z,99,96.5,92.1,92.1,94
"רמב""ם",99,2022-04-27T00:00:00.000Z,99,96.5,92.1,92.1,94
"רמב""ם",99,2022-04-27T00:00:00.000Z,99,96.5,92.1,92.1,94
"רמב""ם",99,2022-04-27T00:00:00.000Z,99,96.5,92.1,92.1,94
"רמב""ם",99,2022-04-27T00:00:00.000Z,99,96.5,92.1,92.1,94
"רמב""ם",99,2022-04-27T00:00:00.000Z,99,96.5,92.1,92.1,94
"רמב""ם",99,2022-04-27T00:00:00.000Z,99,96.5,92.1,92.1,94
"רמב""ם",99,2022-04-27T00:00:00.000Z,99,96.5,92.1,92.1,94
"רמב""ם",99,2022-04-27T00:00:00.000Z,99,96.5,92.1,92.1,94
"רמב""ם",99,2022-04-27T00:00:00.000Z,99,96.5,92.1,92.1,94
"רמב""ם",99,2022-04-27T00:00:00.000Z,99,96.5,92.1,92.1,94
"רמב""ם",99,2022-04-27T00:00:00.000Z,99,96.5,92.1,92.1,94
"רמב""ם",99,2022-04-27T00:00:00.000Z,99,96.5,92.1,92.1,94
"רמב""ם",99,2022-04-27T00:00:00.000Z,99,96.5,92.1,92.1,94
"רמב""ם",99,2022-04-27T00:00:00.000Z,99,96.5,92.1,92.1,94
"רמב""ם",99,2022-04-27T00:00:00.000Z,99,96.5,92.1,92.1,94
"רמב""ם",99,2022-04-27T00:00:00.000Z,99,96.5,92.1,92.1,94
"רמב""ם",99,2022-04-27T00:00:00.000Z,99,96.5,92.1,92.1,94
"רמב""ם",99,2022-04-27T00:00:00.000Z,99,96.5,92.1,92.1,94
"רמב""ם",99,2022-04-27T00:00:00.000Z,99,96.5,92.1,92.1,94
"רמב""ם",99,2022-04-27T00:00:00.000Z,99,96.5,92.1,92.1,94
"רמב""ם",99,2022-04-27T00:00:00.000Z,99,96.5,92.1,92.1,94
"רמב""ם",99,2022-04-27T00:00:00.000Z,99,96.5,92.1,92.1,94
"רמב""ם",99,2022-04-27T00:00:00.000Z,99,96.5,92.1,92.1,94
"רמב""ם",99,2022-04-27T00:00:00.000Z,99,96.5,92.1,92.1,94
ברזילי,95.3,2022-04-27T00:00:00.000Z,95.3,84.4,91.4,91.4,79.8
ברזילי,95.3,2022-04-27T00:00:00.000Z,95.3,84.4,91.4,91.4,79.8
ברזילי,95.3,2022-04-27T00:00:00.000Z,95.3,84.4,91.4,91.4,79.8
ברזילי,95.3,2022-04-27T00:00:00.000Z,95.3,84.4,91.4,91.4,79.8
ברזילי,95.3,2022-04-27T00:00:00.000Z,95.3,84.4,91.4,91.4,79.8
ברזילי,95.3,2022-04-27T00:00:00.000Z,95.3,84.4,91.4,91.4,79.8
ברזילי,95.3,2022-04-27T00:00:00.000Z,95.3,84.4,91.4,91.4,79.8
ברזילי,95.3,2022-04-27T00:00:00.000Z,95.3,84.4,91.4,91.4,79.8
ברזילי,95.3,2022-04-27T00:00:00.000Z,95.3,84.4,91.4,91.4,79.8
ברזילי,95.3,2022-04-27T00:00:00.000Z,95.3,84.4,91.4,91.4,79.8
ברזילי,95.3,2022-04-27T00:00:00.000Z,95.3,84.4,91.4,91.4,79.8
ברזילי,95.3,2022-04-27T00:00:00.000Z,95.3,84.4,91.4,91.4,79.8
ברזילי,95.3,2022-04-27T00:00:00.000Z,95.3,84.4,91.4,91.4,79.8
ברזילי,95.3,2022-04-27T00:00:00.000Z,95.3,84.4,91.4,91.4,79.8
ברזילי,95.3,2022-04-27T00:00:00.000Z,95.3,84.4,91.4,91.4,79.8
ברזילי,95.3,2022-04-27T00:00:00.000Z,95.3,84.4,91.4,91.4,79.8
ברזילי,95.3,2022-04-27T00:00:00.000Z,95.3,84.4,91.4,91.4,79.8
ברזילי,95.3,2022-04-27T00:00:00.000Z,95.3,84.4,91.4,91.4,79.8
ברזילי,95.3,2022-04-27T00:00:00.000Z,95.3,84.4,91.4,91.4,79.8
ברזילי,95.3,2022-04-27T00:00:00.000Z,95.3,84.4,91.4,91.4,79.8
ברזילי,95.3,2022-04-27T00:00:00.000Z,95.3,84.4,91.4,91.4,79.8
ברזילי,95.3,2022-04-27T00:00:00.000Z,95.3,84.4,91.4,91.4,79.8
ברזילי,95.3,2022-04-27T00:00:00.000Z,95.3,84.4,91.4,91.4,79.8
ברזילי,95.3,2022-04-27T00:00:00.000Z,95.3,84.4,91.4,91.4,79.8
ברזילי,95.3,2022-04-27T00:00:00.000Z,95.3,84.4,91.4,91.4,79.8
ברזילי,95.3,2022-04-27T00:00:00.000Z,95.3,84.4,91.4,91.4,79.8
ברזילי,95.3,2022-04-27T00:00:00.000Z,95.3,84.4,91.4,91.4,79.8
ברזילי,95.3,2022-04-27T00:00:00.000Z,95.3,84.4,91.4,91.4,79.8
ברזילי,95.3,2022-04-27T00:00:00.000Z,95.3,84.4,91.4,91.4,79.8
ברזילי,95.3,2022-04-27T00:00:00.000Z,95.3,84.4,91.4,91.4,79.8
ברזילי,95.3,2022-04-27T00:00:00.000Z,95.3,84.4,91.4,91.4,79.8
ברזילי,95.3,2022-04-27T00:00:00.000Z,95.3,84.4,91.4,91.4,79.8
ברזילי,95.3,2022-04-27T00:00:00.000Z,95.3,84.4,91.4,91.4,79.8
ברזילי,95.3,2022-04-27T00:00:00.000Z,95.3,84.4,91.4,91.4,79.8
יוספטל,81.3,2022-04-27T00:00:00.000Z,80.4,52.7,53.8,54.3,49
יוספטל,81.3,2022-04-27T00:00:00.000Z,80.4,50,53.8,52.7,49.9
יוספטל,81.3,2022-04-27T00:00:00.000Z,80.4,50.9,53.8,51.2,49.7
יוספטל,81.3,2022-04-27T00:00:00.000Z,82.1,50.9,53.8,51.2,49.7
יוספטל,81.3,2022-04-27T00:00:00.000Z,82.1,51.8,53.8,53,49.5
יוספטל,81.3,2022-04-27T00:00:00.000Z,78.6,53.6,53.8,52.3,48.8
יוספטל,81.3,2022-04-27T00:00:00.000Z,76.8,52.7,53.8,51.6,49.2
יוספטל,81.3,2022-04-27T00:00:00.000Z,81.3,50,53.8,53.8,49.2
יוספטל,81.3,2022-04-27T00:00:00.000Z,81.3,50,53.8,53.8,49.2
יוספטל,81.3,2022-04-27T00:00:00.000Z,81.3,50,53.8,53.8,49.2
יוספטל,81.3,2022-04-27T00:00:00.000Z,81.3,50,53.8,53.8,49.2
יוספטל,81.3,2022-04-27T00:00:00.000Z,81.3,50,53.8,53.8,49.2
יוספטל,81.3,2022-04-27T00:00:00.000Z,81.3,50,53.8,53.8,49.2
יוספטל,81.3,2022-04-27T00:00:00.000Z,81.3,50,53.8,53.8,49.2
יוספטל,81.3,2022-04-27T00:00:00.000Z,81.3,50,53.8,53.8,49.2
יוספטל,81.3,2022-04-27T00:00:00.000Z,81.3,50,53.8,53.8,49.2
הלל יפה,102.1,2022-04-27T00:00:00.000Z,102.1,97.9,87.2,87.2,98.1
הלל יפה,102.1,2022-04-27T00:00:00.000Z,102.1,97.9,87.2,87.2,98.1
הלל יפה,102.1,2022-04-27T00:00:00.000Z,102.1,97.9,87.2,87.2,98.1
הלל יפה,102.1,2022-04-27T00:00:00.000Z,102.1,97.9,87.2,87.2,98.1
הלל יפה,102.1,2022-04-27T00:00:00.000Z,102.1,97.9,87.2,87.2,98.1
הלל יפה,102.1,2022-04-27T00:00:00.000Z,102.1,97.9,87.2,87.2,98.1
הלל יפה,102.1,2022-04-27T00:00:00.000Z,102.1,97.9,87.2,87.2,98.1
הלל יפה,102.1,2022-04-27T00:00:00.000Z,102.1,97.9,87.2,87.2,98.1
הלל יפה,102.1,2022-04-27T00:00:00.000Z,102.1,97.9,87.2,87.2,98.1
הלל יפה,102.1,2022-04-27T00:00:00.000Z,102.1,97.9,87.2,87.2,98.1
הלל יפה,102.1,2022-04-27T00:00:00.000Z,102.1,97.9,87.2,87.2,98.1
הלל יפה,102.1,2022-04-27T00:00:00.000Z,102.1,97.9,87.2,87.2,98.1
הלל יפה,102.1,2022-04-27T00:00:00.000Z,102.1,97.9,87.2,87.2,98.1
הלל יפה,102.1,2022-04-27T00:00:00.000Z,102.1,97.9,87.2,87.2,98.1
הלל יפה,102.1,2022-04-27T00:00:00.000Z,102.1,97.9,87.2,87.2,98.1
הלל יפה,102.1,2022-04-27T00:00:00.000Z,102.1,97.9,87.2,87.2,98.1
הלל יפה,102.1,2022-04-27T00:00:00.000Z,102.1,97.9,87.2,87.2,98.1
הלל יפה,102.1,2022-04-27T00:00:00.000Z,102.1,97.9,87.2,87.2,98.1
הלל יפה,102.1,2022-04-27T00:00:00.000Z,102.1,97.9,87.2,87.2,98.1
הלל יפה,102.1,2022-04-27T00:00:00.000Z,102.1,97.9,87.2,87.2,98.1
הלל יפה,102.1,2022-04-27T00:00:00.000Z,102.1,97.9,87.2,87.2,98.1
הלל יפה,102.1,2022-04-27T00:00:00.000Z,102.1,97.9,87.2,87.2,98.1
הלל יפה,102.1,2022-04-27T00:00:00.000Z,102.1,97.9,87.2,87.2,98.1
הלל יפה,102.1,2022-04-27T00:00:00.000Z,102.1,97.9,87.2,87.2,98.1
הלל יפה,102.1,2022-04-27T00:00:00.000Z,102.1,97.9,87.2,87.2,98.1
הלל יפה,102.1,2022-04-27T00:00:00.000Z,102.1,97.9,87.2,87.2,98.1
הלל יפה,102.1,2022-04-27T00:00:00.000Z,102.1,97.9,87.2,87.2,98.1
הלל יפה,102.1,2022-04-27T00:00:00.000Z,102.1,97.9,87.2,87.2,98.1
הלל יפה,102.1,2022-04-27T00:00:00.000Z,102.1,97.9,87.2,87.2,98.1
הלל יפה,102.1,2022-04-27T00:00:00.000Z,102.1,97.9,87.2,87.2,98.1
הלל יפה,102.1,2022-04-27T00:00:00.000Z,102.1,97.9,87.2,87.2,98.1
הלל יפה,102.1,2022-04-27T00:00:00.000Z,102.1,97.9,87.2,87.2,98.1
הלל יפה,102.1,2022-04-27T00:00:00.000Z,102.1,97.9,87.2,87.2,98.1
הלל יפה,102.1,2022-04-27T00:00:00.000Z,102.1,97.9,87.2,87.2,98.1
"רמב""ם",99,2022-04-27T00:00:00.000Z,99,96.5,92.1,92.1,94
"רמב""ם",99,2022-04-27T00:00:00.000Z,99,96.5,92.1,92.1,94
"רמב""ם",99,2022-04-27T00:00:00.000Z,99,96.5,92.1,92.1,94
"רמב""ם",99,2022-04-27T00:00:00.000Z,99,96.5,92.1,92.1,94
"רמב""ם",99,2022-04-27T00:00:00.000Z,99,96.5,92.1,92.1,94
"רמב""ם",99,2022-04-27T00:00:00.000Z,99,96.5,92.1,92.1,94
"רמב""ם",99,2022-04-27T00:00:00.000Z,99,96.5,92.1,92.1,94
"רמב""ם",99,2022-04-27T00:00:00.000Z,99,96.5,92.1,92.1,94
"רמב""ם",99,2022-04-27T00:00:00.000Z,99,96.5,92.1,92.1,94
"רמב""ם",99,2022-04-27T00:00:00.000Z,99,96.5,92.1,92.1,94
"רמב""ם",99,2022-04-27T00:00:00.000Z,99,96.5,92.1,92.1,94
"רמב""ם",99,2022-04-27T00:00:00.000Z,99,96.5,92.1,92.1,94
"רמב""ם",99,2022-04-27T00:00:00.000Z,99,96.5,92.1,92.1,94
"רמב""ם",99,2022-04-27T00:00:00.000Z,99,96.5,92.1,92.1,94
"רמב""ם",99,2022-04-27T00:00:00.000Z,99,96.5,92.1,92.1,94
"רמב""ם",99,2022-04-27T00:00:00.000Z,99,96.5,92.1,92.1,94
"רמב""ם",99,2022-04-27T00:00:00.000Z,99,96.5,92.1,92.1,94
"רמב""ם",99,2022-04-27T00:00:00.000Z,99,96.5,92.1,92.1,94
"רמב""ם",99,2022-04-27T00:00:00.000Z,99,96.5,92.1,92.1,94
"רמב""ם",99,2022-04-27T00:00:00.000Z,99,96.5,92.1,92.1,94
"רמב""ם",99,2022-04-27T00:00:00.000Z,99,96.5,92.1,92.1,94
"רמב""ם",99,2022-04-27T00:00:00.000Z,99,96.5,92.1,92.1,94
"רמב""ם",99,2022-04-27T00:00:00.000Z,99,96.5,92.1,92.1,94
"רמב""ם",99,2022-04-27T00:00:00.000Z,99,96.5,92.1,92.1,94
"רמב""ם",99,2022-04-27T00:00:00.000Z,99,96.5,92.1,92.1,94
"רמב""ם",99,2022-04-27T00:00:00.000Z,99,96.5,92.1,92.1,94
"רמב""ם",99,2022-04-27T00:00:00.000Z,99,96.5,92.1,92.1,94
"רמב""ם",99,2022-04-27T00:00:00.000Z,99,96.5,92.1,92.1,94
"רמב""ם",99,2022-04-27T00:00:00.000Z,99,96.5,92.1,92.1,94
"רמב""ם",99,2022-04-27T00:00:00.000Z,99,96.5,92.1,92.1,94
"רמב""ם",99,2022-04-27T00:00:00.000Z,99,96.5,92.1,92.1,94
"רמב""ם",99,2022-04-27T00:00:00.000Z,99,96.5,92.1,92.1,94
"רמב""ם",99,2022-04-27T00:00:00.000Z,99,96.5,92.1,92.1,94
"רמב""ם",99,2022-04-27T00:00:00.000Z,99,96.5,92.1,92.1,94
ברזילי,95.3,2022-04-27T00:00:00.000Z,95.3,84.4,91.4,91.4,79.8
ברזילי,95.3,2022-04-27T00:00:00.000Z,95.3,84.4,91.4,91.4,79.8
ברזילי,95.3,2022-04-27T00:00:00.000Z,95.3,84.4,91.4,91.4,79.8
ברזילי,95.3,2022-04-27T00:00:00.000Z,95.3,84.4,91.4,91.4,79.8
ברזילי,95.3,2022-04-27T00:00:00.000Z,95.3,84.4,91.4,91.4,79.8
ברזילי,95.3,2022-04-27T00:00:00.000Z,95.3,84.4,91.4,91.4,79.8
ברזילי,95.3,2022-04-27T00:00:00.000Z,95.3,84.4,91.4,91.4,79.8
ברזילי,95.3,2022-04-27T00:00:00.000Z,95.3,84.4,91.4,91.4,79.8
ברזילי,95.3,2022-04-27T00:00:00.000Z,95.3,84.4,91.4,91.4,79.8
ברזילי,95.3,2022-04-27T00:00:00.000Z,95.3,84.4,91.4,91.4,79.8
ברזילי,95.3,2022-04-27T00:00:00.000Z,95.3,84.4,91.4,91.4,79.8
ברזילי,95.3,2022-04-27T00:00:00.000Z,95.3,84.4,91.4,91.4,79.8
ברזילי,95.3,2022-04-27T00:00:00.000Z,95.3,84.4,91.4,91.4,79.8
ברזילי,95.3,2022-04-27T00:00:00.000Z,95.3,84.4,91.4,91.4,79.8
ברזילי,95.3,2022-04-27T00:00:00.000Z,95.3,84.4,91.4,91.4,79.8
ברזילי,95.3,2022-04-27T00:00:00.000Z,95.3,84.4,91.4,91.4,79.8
ברזילי,95.3,2022-04-27T00:00:00.000Z,95.3,84.4,91.4,91.4,79.8
ברזילי,95.3,2022-04-27T00:00:00.000Z,95.3,84.4,91.4,91.4,79.8
ברזילי,95.3,2022-04-27T00:00:00.000Z,95.3,84.4,91.4,91.4,79.8
ברזילי,95.3,2022-04-27T00:00:00.000Z,95.3,84.4,91.4,91.4,79.8
ברזילי,95.3,2022-04-27T00:00:00.000Z,95.3,84.4,91.4,91.4,79.8
ברזילי,95.3,2022-04-27T00:00:00.000Z,95.3,84.4,91.4,91.4,79.8
ברזילי,95.3,2022-04-27T00:00:00.000Z,95.3,84.4,91.4,91.4,79.8
ברזילי,95.3,2022-04-27T00:00:00.000Z,95.3,84.4,91.4,91.4,79.8
ברזילי,95.3,2022-04-27T00:00:00.000Z,95.3,84.4,91.4,91.4,79.8
ברזילי,95.3,2022-04-27T00:00:00.000Z,95.3,84.4,91.4,91.4,79.8
ברזילי,95.3,2022-04-27T00:00:00.000Z,95.3,84.4,91.4,91.4,79.8
ברזילי,95.3,2022-04-27T00:00:00.000Z,95.3,84.4,91.4,91.4,79.8
ברזילי,95.3,2022-04-27T00:00:00.000Z,95.3,84.4,91.4,91.4,79.8
ברזילי,95.3,2022-04-27T00:00:00.000Z,95.3,84.4,91.4,91.4,79.8
ברזילי,95.3,2022-04-27T00:00:00.000Z,95.3,84.4,91.4,91.4,79.8
ברזילי,95.3,2022-04-27T00:00:00.000Z,95.3,84.4,91.4,91.4,79.8
ברזילי,95.3,2022-04-27T00:00:00.000Z,95.3,84.4,91.4,91.4,79.8
ברזילי,95.3,2022-04-27T00:00:00.000Z,95.3,84.4,91.4,91.4,79.8
נהריה,90.5,2022-04-27T00:00:00.000Z,112.5,89.2,86.2,94.6,77.1
נהריה,90.5,2022-04-27T00:00:00.000Z,109,90.1,86.2,93.1,78.4
נהריה,90.5,2022-04-27T00:00:00.000Z,105.4,90.8,86.2,91.2,79.4
נהריה,90.5,2022-04-27T00:00:00.000Z,103.2,91.6,86.2,89.8,80.1
נהריה,90.5,2022-04-27T00:00:00.000Z,100.8,92.3,86.2,89.7,81.2
נהריה,90.5,2022-04-27T00:00:00.000Z,95.9,92.5,86.2,87.9,83.1
נהריה,90.5,2022-04-27T00:00:00.000Z,92.6,92,86.2,86.3,84.4
נהריה,90.5,2022-04-27T00:00:00.000Z,90.5,93.7,86.2,86.2,86.3
נהריה,90.5,2022-04-27T00:00:00.000Z,90.5,93.7,86.2,86.2,86.3
נהריה,90.5,2022-04-27T00:00:00.000Z,90.5,93.7,86.2,86.2,86.3
נהריה,90.5,2022-04-27T00:00:00.000Z,90.5,93.7,86.2,86.2,86.3
נהריה,90.5,2022-04-27T00:00:00.000Z,90.5,93.7,86.2,86.2,86.3
נהריה,90.5,2022-04-27T00:00:00.000Z,90.5,93.7,86.2,86.2,86.3
נהריה,90.5,2022-04-27T00:00:00.000Z,90.5,93.7,86.2,86.2,86.3
נהריה,90.5,2022-04-27T00:00:00.000Z,90.5,93.7,86.2,86.2,86.3
נהריה,90.5,2022-04-27T00:00:00.000Z,90.5,93.7,86.2,86.2,86.3
הלל יפה,102.1,2022-04-27T00:00:00.000Z,102.1,97.9,87.2,87.2,98.1
הלל יפה,102.1,2022-04-27T00:00:00.000Z,102.1,97.9,87.2,87.2,98.1
הלל יפה,102.1,2022-04-27T00:00:00.000Z,102.1,97.9,87.2,87.2,98.1
הלל יפה,102.1,2022-04-27T00:00:00.000Z,102.1,97.9,87.2,87.2,98.1
הלל יפה,102.1,2022-04-27T00:00:00.000Z,102.1,97.9,87.2,87.2,98.1
הלל יפה,102.1,2022-04-27T00:00:00.000Z,102.1,97.9,87.2,87.2,98.1
הלל יפה,102.1,2022-04-27T00:00:00.000Z,102.1,97.9,87.2,87.2,98.1
הלל יפה,102.1,2022-04-27T00:00:00.000Z,102.1,97.9,87.2,87.2,98.1
הלל יפה,102.1,2022-04-27T00:00:00.000Z,102.1,97.9,87.2,87.2,98.1
הלל יפה,102.1,2022-04-27T00:00:00.000Z,102.1,97.9,87.2,87.2,98.1
הלל יפה,102.1,2022-04-27T00:00:00.000Z,102.1,97.9,87.2,87.2,98.1
הלל יפה,102.1,2022-04-27T00:00:00.000Z,102.1,97.9,87.2,87.2,98.1
הלל יפה,102.1,2022-04-27T00:00:00.000Z,102.1,97.9,87.2,87.2,98.1
הלל יפה,102.1,2022-04-27T00:00:00.000Z,102.1,97.9,87.2,87.2,98.1
הלל יפה,102.1,2022-04-27T00:00:00.000Z,102.1,97.9,87.2,87.2,98.1
הלל יפה,102.1,2022-04-27T00:00:00.000Z,102.1,97.9,87.2,87.2,98.1
הלל יפה,102.1,2022-04-27T00:00:00.000Z,102.1,97.9,87.2,87.2,98.1
הלל יפה,102.1,2022-04-27T00:00:00.000Z,102.1,97.9,87.2,87.2,98.1
הלל יפה,102.1,2022-04-27T00:00:00.000Z,102.1,97.9,87.2,87.2,98.1
הלל יפה,102.1,2022-04-27T00:00:00.000Z,102.1,97.9,87.2,87.2,98.1
הלל יפה,102.1,2022-04-27T00:00:00.000Z,102.1,97.9,87.2,87.2,98.1
הלל יפה,102.1,2022-04-27T00:00:00.000Z,102.1,97.9,87.2,87.2,98.1
הלל יפה,102.1,2022-04-27T00:00:00.000Z,102.1,97.9,87.2,87.2,98.1
הלל יפה,102.1,2022-04-27T00:00:00.000Z,102.1,97.9,87.2,87.2,98.1
הלל יפה,102.1,2022-04-27T00:00:00.000Z,102.1,97.9,87.2,87.2,98.1
הלל יפה,102.1,2022-04-27T00:00:00.000Z,102.1,97.9,87.2,87.2,98.1
הלל יפה,102.1,2022-04-27T00:00:00.000Z,102.1,97.9,87.2,87.2,98.1
הלל יפה,102.1,2022-04-27T00:00:00.000Z,102.1,97.9,87.2,87.2,98.1
הלל יפה,102.1,2022-04-27T00:00:00.000Z,102.1,97.9,87.2,87.2,98.1
הלל יפה,102.1,2022-04-27T00:00:00.000Z,102.1,97.9,87.2,87.2,98.1
הלל יפה,102.1,2022-04-27T00:00:00.000Z,102.1,97.9,87.2,87.2,98.1
הלל יפה,102.1,2022-04-27T00:00:00.000Z,102.1,97.9,87.2,87.2,98.1
הלל יפה,102.1,2022-04-27T00:00:00.000Z,102.1,97.9,87.2,87.2,98.1
הלל יפה,102.1,2022-04-27T00:00:00.000Z,102.1,97.9,87.2,87.2,98.1
שיבא,104.2,2022-04-27T00:00:00.000Z,109.7,84.1,106.7,103.7,96.6
שיבא,104.2,2022-04-27T00:00:00.000Z,107.4,84.3,106.7,103.4,96.6
שיבא,104.2,2022-04-27T00:00:00.000Z,106.3,84.6,106.7,103.2,95.7
שיבא,104.2,2022-04-27T00:00:00.000Z,107.2,83.3,106.7,103.9,93.7
שיבא,104.2,2022-04-27T00:00:00.000Z,107,86.4,106.7,104.9,93
שיבא,104.2,2022-04-27T00:00:00.000Z,106.5,92.1,106.7,105.6,95.6
שיבא,104.2,2022-04-27T00:00:00.000Z,105.3,,106.7,105.7,
שיבא,104.2,2022-04-27T00:00:00.000Z,104.2,,106.7,106.7,
שיבא,104.2,2022-04-27T00:00:00.000Z,104.2,,106.7,106.7,
שיבא,104.2,2022-04-27T00:00:00.000Z,104.2,,106.7,106.7,
שיבא,104.2,2022-04-27T00:00:00.000Z,104.2,,106.7,106.7,
שיבא,104.2,2022-04-27T00:00:00.000Z,104.2,,106.7,106.7,
שיבא,104.2,2022-04-27T00:00:00.000Z,104.2,,106.7,106.7,
שיבא,104.2,2022-04-27T00:00:00.000Z,104.2,,106.7,106.7,
שיבא,104.2,2022-04-27T00:00:00.000Z,104.2,,106.7,106.7,
שיבא,104.2,2022-04-27T00:00:00.000Z,104.2,,106.7,106.7,
יוספטל,81.3,2022-04-27T00:00:00.000Z,81.3,50,53.8,53.8,49.2
יוספטל,81.3,2022-04-27T00:00:00.000Z,81.3,50,53.8,53.8,49.2
יוספטל,81.3,2022-04-27T00:00:00.000Z,81.3,50,53.8,53.8,49.2
יוספטל,81.3,2022-04-27T00:00:00.000Z,81.3,50,53.8,53.8,49.2
יוספטל,81.3,2022-04-27T00:00:00.000Z,81.3,50,53.8,53.8,49.2
יוספטל,81.3,2022-04-27T00:00:00.000Z,81.3,50,53.8,53.8,49.2
יוספטל,81.3,2022-04-27T00:00:00.000Z,81.3,50,53.8,53.8,49.2
יוספטל,81.3,2022-04-27T00:00:00.000Z,81.3,50,53.8,53.8,49.2
יוספטל,81.3,2022-04-27T00:00:00.000Z,81.3,50,53.8,53.8,49.2
יוספטל,81.3,2022-04-27T00:00:00.000Z,81.3,50,53.8,53.8,49.2
יוספטל,81.3,2022-04-27T00:00:00.000Z,81.3,50,53.8,53.8,49.2
יוספטל,81.3,2022-04-27T00:00:00.000Z,81.3,50,53.8,53.8,49.2
יוספטל,81.3,2022-04-27T00:00:00.000Z,81.3,50,53.8,53.8,49.2
יוספטל,81.3,2022-04-27T00:00:00.000Z,81.3,50,53.8,53.8,49.2
יוספטל,81.3,2022-04-27T00:00:00.000Z,81.3,50,53.8,53.8,49.2
יוספטל,81.3,2022-04-27T00:00:00.000Z,81.3,50,53.8,53.8,49.2
יוספטל,81.3,2022-04-27T00:00:00.000Z,81.3,50,53.8,53.8,49.2
יוספטל,81.3,2022-04-27T00:00:00.000Z,81.3,50,53.8,53.8,49.2
יוספטל,81.3,2022-04-27T00:00:00.000Z,81.3,50,53.8,53.8,49.2
יוספטל,81.3,2022-04-27T00:00:00.000Z,81.3,50,53.8,53.8,49.2
יוספטל,81.3,2022-04-27T00:00:00.000Z,81.3,50,53.8,53.8,49.2
יוספטל,81.3,2022-04-27T00:00:00.000Z,81.3,50,53.8,53.8,49.2
יוספטל,81.3,2022-04-27T00:00:00.000Z,81.3,50,53.8,53.8,49.2
יוספטל,81.3,2022-04-27T00:00:00.000Z,81.3,50,53.8,53.8,49.2
יוספטל,81.3,2022-04-27T00:00:00.000Z,81.3,50,53.8,53.8,49.2
יוספטל,81.3,2022-04-27T00:00:00.000Z,81.3,50,53.8,53.8,49.2
יוספטל,81.3,2022-04-27T00:00:00.000Z,81.3,50,53.8,53.8,49.2
יוספטל,81.3,2022-04-27T00:00:00.000Z,81.3,50,53.8,53.8,49.2
יוספטל,81.3,2022-04-27T00:00:00.000Z,81.3,50,53.8,53.8,49.2
יוספטל,81.3,2022-04-27T00:00:00.000Z,81.3,50,53.8,53.8,49.2
יוספטל,81.3,2022-04-27T00:00:00.000Z,81.3,50,53.8,53.8,49.2
יוספטל,81.3,2022-04-27T00:00:00.000Z,81.3,50,53.8,53.8,49.2
יוספטל,81.3,2022-04-27T00:00:00.000Z,81.3,50,53.8,53.8,49.2
יוספטל,81.3,2022-04-27T00:00:00.000Z,81.3,50,53.8,53.8,49.2
"רמב""ם",99,2022-04-27T00:00:00.000Z,99,96.5,92.1,92.1,94
"רמב""ם",99,2022-04-27T00:00:00.000Z,99,96.5,92.1,92.1,94
"רמב""ם",99,2022-04-27T00:00:00.000Z,99,96.5,92.1,92.1,94
"רמב""ם",99,2022-04-27T00:00:00.000Z,99,96.5,92.1,92.1,94
"רמב""ם",99,2022-04-27T00:00:00.000Z,99,96.5,92.1,92.1,94
"רמב""ם",99,2022-04-27T00:00:00.000Z,99,96.5,92.1,92.1,94
"רמב""ם",99,2022-04-27T00:00:00.000Z,99,96.5,92.1,92.1,94
"רמב""ם",99,2022-04-27T00:00:00.000Z,99,96.5,92.1,92.1,94
"רמב""ם",99,2022-04-27T00:00:00.000Z,99,96.5,92.1,92.1,94
"רמב""ם",99,2022-04-27T00:00:00.000Z,99,96.5,92.1,92.1,94
"רמב""ם",99,2022-04-27T00:00:00.000Z,99,96.5,92.1,92.1,94
"רמב""ם",99,2022-04-27T00:00:00.000Z,99,96.5,92.1,92.1,94
"רמב""ם",99,2022-04-27T00:00:00.000Z,99,96.5,92.1,92.1,94
"רמב""ם",99,2022-04-27T00:00:00.000Z,99,96.5,92.1,92.1,94
"רמב""ם",99,2022-04-27T00:00:00.000Z,99,96.5,92.1,92.1,94
"רמב""ם",99,2022-04-27T00:00:00.000Z,99,96.5,92.1,92.1,94
"רמב""ם",99,2022-04-27T00:00:00.000Z,99,96.5,92.1,92.1,94
"רמב""ם",99,2022-04-27T00:00:00.000Z,99,96.5,92.1,92.1,94
"רמב""ם",99,2022-04-27T00:00:00.000Z,99,96.5,92.1,92.1,94
"רמב""ם",99,2022-04-27T00:00:00.000Z,99,96.5,92.1,92.1,94
"רמב""ם",99,2022-04-27T00:00:00.000Z,99,96.5,92.1,92.1,94
"רמב""ם",99,2022-04-27T00:00:00.000Z,99,96.5,92.1,92.1,94
"רמב""ם",99,2022-04-27T00:00:00.000Z,99,96.5,92.1,92.1,94
"רמב""ם",99,2022-04-27T00:00:00.000Z,99,96.5,92.1,92.1,94
"רמב""ם",99,2022-04-27T00:00:00.000Z,99,96.5,92.1,92.1,94
"רמב""ם",99,2022-04-27T00:00:00.000Z,99,96.5,92.1,92.1,94
"רמב""ם",99,2022-04-27T00:00:00.000Z,99,96.5,92.1,92.1,94
"רמב""ם",99,2022-04-27T00:00:00.000Z,99,96.5,92.1,92.1,94
"רמב""ם",99,2022-04-27T00:00:00.000Z,99,96.5,92.1,92.1,94
"רמב""ם",99,2022-04-27T00:00:00.000Z,99,96.5,92.1,92.1,94
"רמב""ם",99,2022-04-27T00:00:00.000Z,99,96.5,92.1,92.1,94
"רמב""ם",99,2022-04-27T00:00:00.000Z,99,96.5,92.1,92.1,94
"רמב""ם",99,2022-04-27T00:00:00.000Z,99,96.5,92.1,92.1,94
"רמב""ם",99,2022-04-27T00:00:00.000Z,99,96.5,92.1,92.1,94
ברזילי,95.3,2022-04-27T00:00:00.000Z,95.3,84.4,91.4,91.4,79.8
ברזילי,95.3,2022-04-27T00:00:00.000Z,95.3,84.4,91.4,91.4,79.8
ברזילי,95.3,2022-04-27T00:00:00.000Z,95.3,84.4,91.4,91.4,79.8
ברזילי,95.3,2022-04-27T00:00:00.000Z,95.3,84.4,91.4,91.4,79.8
ברזילי,95.3,2022-04-27T00:00:00.000Z,95.3,84.4,91.4,91.4,79.8
ברזילי,95.3,2022-04-27T00:00:00.000Z,95.3,84.4,91.4,91.4,79.8
ברזילי,95.3,2022-04-27T00:00:00.000Z,95.3,84.4,91.4,91.4,79.8
ברזילי,95.3,2022-04-27T00:00:00.000Z,95.3,84.4,91.4,91.4,79.8
ברזילי,95.3,2022-04-27T00:00:00.000Z,95.3,84.4,91.4,91.4,79.8
ברזילי,95.3,2022-04-27T00:00:00.000Z,95.3,84.4,91.4,91.4,79.8
ברזילי,95.3,2022-04-27T00:00:00.000Z,95.3,84.4,91.4,91.4,79.8
ברזילי,95.3,2022-04-27T00:00:00.000Z,95.3,84.4,91.4,91.4,79.8
ברזילי,95.3,2022-04-27T00:00:00.000Z,95.3,84.4,91.4,91.4,79.8
ברזילי,95.3,2022-04-27T00:00:00.000Z,95.3,84.4,91.4,91.4,79.8
ברזילי,95.3,2022-04-27T00:00:00.000Z,95.3,84.4,91.4,91.4,79.8
ברזילי,95.3,2022-04-27T00:00:00.000Z,95.3,84.4,91.4,91.4,79.8
ברזילי,95.3,2022-04-27T00:00:00.000Z,95.3,84.4,91.4,91.4,79.8
ברזילי,95.3,2022-04-27T00:00:00.000Z,95.3,84.4,91.4,91.4,79.8
ברזילי,95.3,2022-04-27T00:00:00.000Z,95.3,84.4,91.4,91.4,79.8
ברזילי,95.3,2022-04-27T00:00:00.000Z,95.3,84.4,91.4,91.4,79.8
ברזילי,95.3,2022-04-27T00:00:00.000Z,95.3,84.4,91.4,91.4,79.8
ברזילי,95.3,2022-04-27T00:00:00.000Z,95.3,84.4,91.4,91.4,79.8
ברזילי,95.3,2022-04-27T00:00:00.000Z,95.3,84.4,91.4,91.4,79.8
ברזילי,95.3,2022-04-27T00:00:00.000Z,95.3,84.4,91.4,91.4,79.8
ברזילי,95.3,2022-04-27T00:00:00.000Z,95.3,84.4,91.4,91.4,79.8
ברזילי,95.3,2022-04-27T00:00:00.000Z,95.3,84.4,91.4,91.4,79.8
ברזילי,95.3,2022-04-27T00:00:00.000Z,95.3,84.4,91.4,91.4,79.8
ברזילי,95.3,2022-04-27T00:00:00.000Z,95.3,84.4,91.4,91.4,79.8
ברזילי,95.3,2022-04-27T00:00:00.000Z,95.3,84.4,91.4,91.4,79.8
ברזילי,95.3,2022-04-27T00:00:00.000Z,95.3,84.4,91.4,91.4,79.8
ברזילי,95.3,2022-04-27T00:00:00.000Z,95.3,84.4,91.4,91.4,79.8
ברזילי,95.3,2022-04-27T00:00:00.000Z,95.3,84.4,91.4,91.4,79.8
ברזילי,95.3,2022-04-27T00:00:00.000Z,95.3,84.4,91.4,91.4,79.8
ברזילי,95.3,2022-04-27T00:00:00.000Z,95.3,84.4,91.4,91.4,79.8
נהריה,90.5,2022-04-27T00:00:00.000Z,90.5,93.7,86.2,86.2,86.3
נהריה,90.5,2022-04-27T00:00:00.000Z,90.5,93.7,86.2,86.2,86.3
נהריה,90.5,2022-04-27T00:00:00.000Z,90.5,93.7,86.2,86.2,86.3
נהריה,90.5,2022-04-27T00:00:00.000Z,90.5,93.7,86.2,86.2,86.3
נהריה,90.5,2022-04-27T00:00:00.000Z,90.5,93.7,86.2,86.2,86.3
נהריה,90.5,2022-04-27T00:00:00.000Z,90.5,93.7,86.2,86.2,86.3
נהריה,90.5,2022-04-27T00:00:00.000Z,90.5,93.7,86.2,86.2,86.3
נהריה,90.5,2022-04-27T00:00:00.000Z,90.5,93.7,86.2,86.2,86.3
נהריה,90.5,2022-04-27T00:00:00.000Z,90.5,93.7,86.2,86.2,86.3
נהריה,90.5,2022-04-27T00:00:00.000Z,90.5,93.7,86.2,86.2,86.3
נהריה,90.5,2022-04-27T00:00:00.000Z,90.5,93.7,86.2,86.2,86.3
נהריה,90.5,2022-04-27T00:00:00.000Z,90.5,93.7,86.2,86.2,86.3
נהריה,90.5,2022-04-27T00:00:00.000Z,90.5,93.7,86.2,86.2,86.3
נהריה,90.5,2022-04-27T00:00:00.000Z,90.5,93.7,86.2,86.2,86.3
נהריה,90.5,2022-04-27T00:00:00.000Z,90.5,93.7,86.2,86.2,86.3
נהריה,90.5,2022-04-27T00:00:00.000Z,90.5,93.7,86.2,86.2,86.3
נהריה,90.5,2022-04-27T00:00:00.000Z,90.5,93.7,86.2,86.2,86.3
נהריה,90.5,2022-04-27T00:00:00.000Z,90.5,93.7,86.2,86.2,86.3
נהריה,90.5,2022-04-27T00:00:00.000Z,90.5,93.7,86.2,86.2,86.3
נהריה,90.5,2022-04-27T00:00:00.000Z,90.5,93.7,86.2,86.2,86.3
נהריה,90.5,2022-04-27T00:00:00.000Z,90.5,93.7,86.2,86.2,86.3
נהריה,90.5,2022-04-27T00:00:00.000Z,90.5,93.7,86.2,86.2,86.3
נהריה,90.5,2022-04-27T00:00:00.000Z,90.5,93.7,86.2,86.2,86.3
נהריה,90.5,2022-04-27T00:00:00.000Z,90.5,93.7,86.2,86.2,86.3
נהריה,90.5,2022-04-27T00:00:00.000Z,90.5,93.7,86.2,86.2,86.3
נהריה,90.5,2022-04-27T00:00:00.000Z,90.5,93.7,86.2,86.2,86.3
נהריה,90.5,2022-04-27T00:00:00.000Z,90.5,93.7,86.2,86.2,86.3
נהריה,90.5,2022-04-27T00:00:00.000Z,90.5,93.7,86.2,86.2,86.3
נהריה,90.5,2022-04-27T00:00:00.000Z,90.5,93.7,86.2,86.2,86.3
נהריה,90.5,2022-04-27T00:00:00.000Z,90.5,93.7,86.2,86.2,86.3
נהריה,90.5,2022-04-27T00:00:00.000Z,90.5,93.7,86.2,86.2,86.3
נהריה,90.5,2022-04-27T00:00:00.000Z,90.5,93.7,86.2,86.2,86.3
נהריה,90.5,2022-04-27T00:00:00.000Z,90.5,93.7,86.2,86.2,86.3
נהריה,90.5,2022-04-27T00:00:00.000Z,90.5,93.7,86.2,86.2,86.3
הלל יפה,102.1,2022-04-27T00:00:00.000Z,102.1,97.9,87.2,87.2,98.1
הלל יפה,102.1,2022-04-27T00:00:00.000Z,102.1,97.9,87.2,87.2,98.1
הלל יפה,102.1,2022-04-27T00:00:00.000Z,102.1,97.9,87.2,87.2,98.1
הלל יפה,102.1,2022-04-27T00:00:00.000Z,102.1,97.9,87.2,87.2,98.1
הלל יפה,102.1,2022-04-27T00:00:00.000Z,102.1,97.9,87.2,87.2,98.1
הלל יפה,102.1,2022-04-27T00:00:00.000Z,102.1,97.9,87.2,87.2,98.1
הלל יפה,102.1,2022-04-27T00:00:00.000Z,102.1,97.9,87.2,87.2,98.1
הלל יפה,102.1,2022-04-27T00:00:00.000Z,102.1,97.9,87.2,87.2,98.1
הלל יפה,102.1,2022-04-27T00:00:00.000Z,102.1,97.9,87.2,87.2,98.1
הלל יפה,102.1,2022-04-27T00:00:00.000Z,102.1,97.9,87.2,87.2,98.1
הלל יפה,102.1,2022-04-27T00:00:00.000Z,102.1,97.9,87.2,87.2,98.1
הלל יפה,102.1,2022-04-27T00:00:00.000Z,102.1,97.9,87.2,87.2,98.1
הלל יפה,102.1,2022-04-27T00:00:00.000Z,102.1,97.9,87.2,87.2,98.1
הלל יפה,102.1,2022-04-27T00:00:00.000Z,102.1,97.9,87.2,87.2,98.1
הלל יפה,102.1,2022-04-27T00:00:00.000Z,102.1,97.9,87.2,87.2,98.1
הלל יפה,102.1,2022-04-27T00:00:00.000Z,102.1,97.9,87.2,87.2,98.1
הלל יפה,102.1,2022-04-27T00:00:00.000Z,102.1,97.9,87.2,87.2,98.1
הלל יפה,102.1,2022-04-27T00:00:00.000Z,102.1,97.9,87.2,87.2,98.1
הלל יפה,102.1,2022-04-27T00:00:00.000Z,102.1,97.9,87.2,87.2,98.1
הלל יפה,102.1,2022-04-27T00:00:00.000Z,102.1,97.9,87.2,87.2,98.1
הלל יפה,102.1,2022-04-27T00:00:00.000Z,102.1,97.9,87.2,87.2,98.1
הלל יפה,102.1,2022-04-27T00:00:00.000Z,102.1,97.9,87.2,87.2,98.1
הלל יפה,102.1,2022-04-27T00:00:00.000Z,102.1,97.9,87.2,87.2,98.1
הלל יפה,102.1,2022-04-27T00:00:00.000Z,102.1,97.9,87.2,87.2,98.1
הלל יפה,102.1,2022-04-27T00:00:00.000Z,102.1,97.9,87.2,87.2,98.1
הלל יפה,102.1,2022-04-27T00:00:00.000Z,102.1,97.9,87.2,87.2,98.1
הלל יפה,102.1,2022-04-27T00:00:00.000Z,102.1,97.9,87.2,87.2,98.1
הלל יפה,102.1,2022-04-27T00:00:00.000Z,102.1,97.9,87.2,87.2,98.1
הלל יפה,102.1,2022-04-27T00:00:00.000Z,102.1,97.9,87.2,87.2,98.1
הלל יפה,102.1,2022-04-27T00:00:00.000Z,102.1,97.9,87.2,87.2,98.1
הלל יפה,102.1,2022-04-27T00:00:00.000Z,102.1,97.9,87.2,87.2,98.1
הלל יפה,102.1,2022-04-27T00:00:00.000Z,102.1,97.9,87.2,87.2,98.1
הלל יפה,102.1,2022-04-27T00:00:00.000Z,102.1,97.9,87.2,87.2,98.1
הלל יפה,102.1,2022-04-27T00:00:00.000Z,102.1,97.9,87.2,87.2,98.1
יוספטל,81.3,2022-04-27T00:00:00.000Z,81.3,50,53.8,53.8,49.2
יוספטל,81.3,2022-04-27T00:00:00.000Z,81.3,50,53.8,53.8,49.2
יוספטל,81.3,2022-04-27T00:00:00.000Z,81.3,50,53.8,53.8,49.2
יוספטל,81.3,2022-04-27T00:00:00.000Z,81.3,50,53.8,53.8,49.2
יוספטל,81.3,2022-04-27T00:00:00.000Z,81.3,50,53.8,53.8,49.2
יוספטל,81.3,2022-04-27T00:00:00.000Z,81.3,50,53.8,53.8,49.2
יוספטל,81.3,2022-04-27T00:00:00.000Z,81.3,50,53.8,53.8,49.2
יוספטל,81.3,2022-04-27T00:00:00.000Z,81.3,50,53.8,53.8,49.2
יוספטל,81.3,2022-04-27T00:00:00.000Z,81.3,50,53.8,53.8,49.2
יוספטל,81.3,2022-04-27T00:00:00.000Z,81.3,50,53.8,53.8,49.2
יוספטל,81.3,2022-04-27T00:00:00.000Z,81.3,50,53.8,53.8,49.2
יוספטל,81.3,2022-04-27T00:00:00.000Z,81.3,50,53.8,53.8,49.2
יוספטל,81.3,2022-04-27T00:00:00.000Z,81.3,50,53.8,53.8,49.2
יוספטל,81.3,2022-04-27T00:00:00.000Z,81.3,50,53.8,53.8,49.2
יוספטל,81.3,2022-04-27T00:00:00.000Z,81.3,50,53.8,53.8,49.2
יוספטל,81.3,2022-04-27T00:00:00.000Z,81.3,50,53.8,53.8,49.2
יוספטל,81.3,2022-04-27T00:00:00.000Z,81.3,50,53.8,53.8,49.2
יוספטל,81.3,2022-04-27T00:00:00.000Z,81.3,50,53.8,53.8,49.2
יוספטל,81.3,2022-04-27T00:00:00.000Z,81.3,50,53.8,53.8,49.2
יוספטל,81.3,2022-04-27T00:00:00.000Z,81.3,50,53.8,53.8,49.2
יוספטל,81.3,2022-04-27T00:00:00.000Z,81.3,50,53.8,53.8,49.2
יוספטל,81.3,2022-04-27T00:00:00.000Z,81.3,50,53.8,53.8,49.2
יוספטל,81.3,2022-04-27T00:00:00.000Z,81.3,50,53.8,53.8,49.2
יוספטל,81.3,2022-04-27T00:00:00.000Z,81.3,50,53.8,53.8,49.2
יוספטל,81.3,2022-04-27T00:00:00.000Z,81.3,50,53.8,53.8,49.2
יוספטל,81.3,2022-04-27T00:00:00.000Z,81.3,50,53.8,53.8,49.2
יוספטל,81.3,2022-04-27T00:00:00.000Z,81.3,50,53.8,53.8,49.2
יוספטל,81.3,2022-04-27T00:00:00.000Z,81.3,50,53.8,53.8,49.2
יוספטל,81.3,2022-04-27T00:00:00.000Z,81.3,50,53.8,53.8,49.2
יוספטל,81.3,2022-04-27T00:00:00.000Z,81.3,50,53.8,53.8,49.2
יוספטל,81.3,2022-04-27T00:00:00.000Z,81.3,50,53.8,53.8,49.2
יוספטל,81.3,2022-04-27T00:00:00.000Z,81.3,50,53.8,53.8,49.2
יוספטל,81.3,2022-04-27T00:00:00.000Z,81.3,50,53.8,53.8,49.2
יוספטל,81.3,2022-04-27T00:00:00.000Z,81.3,50,53.8,53.8,49.2
נהריה,90.5,2022-04-27T00:00:00.000Z,90.5,93.7,86.2,86.2,86.3
נהריה,90.5,2022-04-27T00:00:00.000Z,90.5,93.7,86.2,86.2,86.3
נהריה,90.5,2022-04-27T00:00:00.000Z,90.5,93.7,86.2,86.2,86.3
נהריה,90.5,2022-04-27T00:00:00.000Z,90.5,93.7,86.2,86.2,86.3
נהריה,90.5,2022-04-27T00:00:00.000Z,90.5,93.7,86.2,86.2,86.3
נהריה,90.5,2022-04-27T00:00:00.000Z,90.5,93.7,86.2,86.2,86.3
נהריה,90.5,2022-04-27T00:00:00.000Z,90.5,93.7,86.2,86.2,86.3
נהריה,90.5,2022-04-27T00:00:00.000Z,90.5,93.7,86.2,86.2,86.3
נהריה,90.5,2022-04-27T00:00:00.000Z,90.5,93.7,86.2,86.2,86.3
נהריה,90.5,2022-04-27T00:00:00.000Z,90.5,93.7,86.2,86.2,86.3
נהריה,90.5,2022-04-27T00:00:00.000Z,90.5,93.7,86.2,86.2,86.3
נהריה,90.5,2022-04-27T00:00:00.000Z,90.5,93.7,86.2,86.2,86.3
נהריה,90.5,2022-04-27T00:00:00.000Z,90.5,93.7,86.2,86.2,86.3
נהריה,90.5,2022-04-27T00:00:00.000Z,90.5,93.7,86.2,86.2,86.3
נהריה,90.5,2022-04-27T00:00:00.000Z,90.5,93.7,86.2,86.2,86.3
נהריה,90.5,2022-04-27T00:00:00.000Z,90.5,93.7,86.2,86.2,86.3
נהריה,90.5,2022-04-27T00:00:00.000Z,90.5,93.7,86.2,86.2,86.3
נהריה,90.5,2022-04-27T00:00:00.000Z,90.5,93.7,86.2,86.2,86.3
נהריה,90.5,2022-04-27T00:00:00.000Z,90.5,93.7,86.2,86.2,86.3
נהריה,90.5,2022-04-27T00:00:00.000Z,90.5,93.7,86.2,86.2,86.3
נהריה,90.5,2022-04-27T00:00:00.000Z,90.5,93.7,86.2,86.2,86.3
נהריה,90.5,2022-04-27T00:00:00.000Z,90.5,93.7,86.2,86.2,86.3
נהריה,90.5,2022-04-27T00:00:00.000Z,90.5,93.7,86.2,86.2,86.3
נהריה,90.5,2022-04-27T00:00:00.000Z,90.5,93.7,86.2,86.2,86.3
נהריה,90.5,2022-04-27T00:00:00.000Z,90.5,93.7,86.2,86.2,86.3
נהריה,90.5,2022-04-27T00:00:00.000Z,90.5,93.7,86.2,86.2,86.3
נהריה,90.5,2022-04-27T00:00:00.000Z,90.5,93.7,86.2,86.2,86.3
נהריה,90.5,2022-04-27T00:00:00.000Z,90.5,93.7,86.2,86.2,86.3
נהריה,90.5,2022-04-27T00:00:00.000Z,90.5,93.7,86.2,86.2,86.3
נהריה,90.5,2022-04-27T00:00:00.000Z,90.5,93.7,86.2,86.2,86.3
נהריה,90.5,2022-04-27T00:00:00.000Z,90.5,93.7,86.2,86.2,86.3
נהריה,90.5,2022-04-27T00:00:00.000Z,90.5,93.7,86.2,86.2,86.3
נהריה,90.5,2022-04-27T00:00:00.000Z,90.5,93.7,86.2,86.2,86.3
נהריה,90.5,2022-04-27T00:00:00.000Z,90.5,93.7,86.2,86.2,86.3
שיבא,104.2,2022-04-27T00:00:00.000Z,104.2,,106.7,106.7,
שיבא,104.2,2022-04-27T00:00:00.000Z,104.2,,106.7,106.7,
שיבא,104.2,2022-04-27T00:00:00.000Z,104.2,,106.7,106.7,
שיבא,104.2,2022-04-27T00:00:00.000Z,104.2,,106.7,106.7,
שיבא,104.2,2022-04-27T00:00:00.000Z,104.2,,106.7,106.7,
שיבא,104.2,2022-04-27T00:00:00.000Z,104.2,,106.7,106.7,
שיבא,104.2,2022-04-27T00:00:00.000Z,104.2,,106.7,106.7,
שיבא,104.2,2022-04-27T00:00:00.000Z,104.2,,106.7,106.7,
שיבא,104.2,2022-04-27T00:00:00.000Z,104.2,,106.7,106.7,
שיבא,104.2,2022-04-27T00:00:00.000Z,104.2,,106.7,106.7,
שיבא,104.2,2022-04-27T00:00:00.000Z,104.2,,106.7,106.7,
שיבא,104.2,2022-04-27T00:00:00.000Z,104.2,,106.7,106.7,
שיבא,104.2,2022-04-27T00:00:00.000Z,104.2,,106.7,106.7,
שיבא,104.2,2022-04-27T00:00:00.000Z,104.2,,106.7,106.7,
שיבא,104.2,2022-04-27T00:00:00.000Z,104.2,,106.7,106.7,
שיבא,104.2,2022-04-27T00:00:00.000Z,104.2,,106.7,106.7,
שיבא,104.2,2022-04-27T00:00:00.000Z,104.2,,106.7,106.7,
שיבא,104.2,2022-04-27T00:00:00.000Z,104.2,,106.7,106.7,
שיבא,104.2,2022-04-27T00:00:00.000Z,104.2,,106.7,106.7,
שיבא,104.2,2022-04-27T00:00:00.000Z,104.2,,106.7,106.7,
שיבא,104.2,2022-04-27T00:00:00.000Z,104.2,,106.7,106.7,
שיבא,104.2,2022-04-27T00:00:00.000Z,104.2,,106.7,106.7,
שיבא,104.2,2022-04-27T00:00:00.000Z,104.2,,106.7,106.7,
שיבא,104.2,2022-04-27T00:00:00.000Z,104.2,,106.7,106.7,
שיבא,104.2,2022-04-27T00:00:00.000Z,104.2,,106.7,106.7,
שיבא,104.2,2022-04-27T00:00:00.000Z,104.2,,106.7,106.7,
שיבא,104.2,2022-04-27T00:00:00.000Z,104.2,,106.7,106.7,
שיבא,104.2,2022-04-27T00:00:00.000Z,104.2,,106.7,106.7,
שיבא,104.2,2022-04-27T00:00:00.000Z,104.2,,106.7,106.7,
שיבא,104.2,2022-04-27T00:00:00.000Z,104.2,,106.7,106.7,
שיבא,104.2,2022-04-27T00:00:00.000Z,104.2,,106.7,106.7,
שיבא,104.2,2022-04-27T00:00:00.000Z,104.2,,106.7,106.7,
שיבא,104.2,2022-04-27T00:00:00.000Z,104.2,,106.7,106.7,
שיבא,104.2,2022-04-27T00:00:00.000Z,104.2,,106.7,106.7,
שיבא,104.2,2022-04-27T00:00:00.000Z,104.2,,106.7,106.7,
שיבא,104.2,2022-04-27T00:00:00.000Z,104.2,,106.7,106.7,
שיבא,104.2,2022-04-27T00:00:00.000Z,104.2,,106.7,106.7,
שיבא,104.2,2022-04-27T00:00:00.000Z,104.2,,106.7,106.7,
ברזילי,95.3,2022-04-27T00:00:00.000Z,95.3,84.4,91.4,91.4,79.8
ברזילי,95.3,2022-04-27T00:00:00.000Z,95.3,84.4,91.4,91.4,79.8
ברזילי,95.3,2022-04-27T00:00:00.000Z,95.3,84.4,91.4,91.4,79.8
ברזילי,95.3,2022-04-27T00:00:00.000Z,95.3,84.4,91.4,91.4,79.8
ברזילי,95.3,2022-04-27T00:00:00.000Z,95.3,84.4,91.4,91.4,79.8
ברזילי,95.3,2022-04-27T00:00:00.000Z,95.3,84.4,91.4,91.4,79.8
ברזילי,95.3,2022-04-27T00:00:00.000Z,95.3,84.4,91.4,91.4,79.8
ברזילי,95.3,2022-04-27T00:00:00.000Z,95.3,84.4,91.4,91.4,79.8
ברזילי,95.3,2022-04-27T00:00:00.000Z,95.3,84.4,91.4,91.4,79.8
ברזילי,95.3,2022-04-27T00:00:00.000Z,95.3,84.4,91.4,91.4,79.8
ברזילי,95.3,2022-04-27T00:00:00.000Z,95.3,84.4,91.4,91.4,79.8
ברזילי,95.3,2022-04-27T00:00:00.000Z,95.3,84.4,91.4,91.4,79.8
ברזילי,95.3,2022-04-27T00:00:00.000Z,95.3,84.4,91.4,91.4,79.8
ברזילי,95.3,2022-04-27T00:00:00.000Z,95.3,84.4,91.4,91.4,79.8
ברזילי,95.3,2022-04-27T00:00:00.000Z,95.3,84.4,91.4,91.4,79.8
ברזילי,95.3,2022-04-27T00:00:00.000Z,95.3,84.4,91.4,91.4,79.8
ברזילי,95.3,2022-04-27T00:00:00.000Z,95.3,84.4,91.4,91.4,79.8
ברזילי,95.3,2022-04-27T00:00:00.000Z,95.3,84.4,91.4,91.4,79.8
ברזילי,95.3,2022-04-27T00:00:00.000Z,95.3,84.4,91.4,91.4,79.8
ברזילי,95.3,2022-04-27T00:00:00.000Z,95.3,84.4,91.4,91.4,79.8
ברזילי,95.3,2022-04-27T00:00:00.000Z,95.3,84.4,91.4,91.4,79.8
ברזילי,95.3,2022-04-27T00:00:00.000Z,95.3,84.4,91.4,91.4,79.8
ברזילי,95.3,2022-04-27T00:00:00.000Z,95.3,84.4,91.4,91.4,79.8
ברזילי,95.3,2022-04-27T00:00:00.000Z,95.3,84.4,91.4,91.4,79.8
ברזילי,95.3,2022-04-27T00:00:00.000Z,95.3,84.4,91.4,91.4,79.8
ברזילי,95.3,2022-04-27T00:00:00.000Z,95.3,84.4,91.4,91.4,79.8
ברזילי,95.3,2022-04-27T00:00:00.000Z,95.3,84.4,91.4,91.4,79.8
ברזילי,95.3,2022-04-27T00:00:00.000Z,95.3,84.4,91.4,91.4,79.8
ברזילי,95.3,2022-04-27T00:00:00.000Z,95.3,84.4,91.4,91.4,79.8
ברזילי,95.3,2022-04-27T00:00:00.000Z,95.3,84.4,91.4,91.4,79.8
ברזילי,95.3,2022-04-27T00:00:00.000Z,95.3,84.4,91.4,91.4,79.8
ברזילי,95.3,2022-04-27T00:00:00.000Z,95.3,84.4,91.4,91.4,79.8
ברזילי,95.3,2022-04-27T00:00:00.000Z,95.3,84.4,91.4,91.4,79.8
ברזילי,95.3,2022-04-27T00:00:00.000Z,95.3,84.4,91.4,91.4,79.8
יוספטל,81.3,2022-04-27T00:00:00.000Z,81.3,50,53.8,53.8,49.2
יוספטל,81.3,2022-04-27T00:00:00.000Z,81.3,50,53.8,53.8,49.2
יוספטל,81.3,2022-04-27T00:00:00.000Z,81.3,50,53.8,53.8,49.2
יוספטל,81.3,2022-04-27T00:00:00.000Z,81.3,50,53.8,53.8,49.2
יוספטל,81.3,2022-04-27T00:00:00.000Z,81.3,50,53.8,53.8,49.2
יוספטל,81.3,2022-04-27T00:00:00.000Z,81.3,50,53.8,53.8,49.2
יוספטל,81.3,2022-04-27T00:00:00.000Z,81.3,50,53.8,53.8,49.2
יוספטל,81.3,2022-04-27T00:00:00.000Z,81.3,50,53.8,53.8,49.2
יוספטל,81.3,2022-04-27T00:00:00.000Z,81.3,50,53.8,53.8,49.2
יוספטל,81.3,2022-04-27T00:00:00.000Z,81.3,50,53.8,53.8,49.2
יוספטל,81.3,2022-04-27T00:00:00.000Z,81.3,50,53.8,53.8,49.2
יוספטל,81.3,2022-04-27T00:00:00.000Z,81.3,50,53.8,53.8,49.2
יוספטל,81.3,2022-04-27T00:00:00.000Z,81.3,50,53.8,53.8,49.2
יוספטל,81.3,2022-04-27T00:00:00.000Z,81.3,50,53.8,53.8,49.2
יוספטל,81.3,2022-04-27T00:00:00.000Z,81.3,50,53.8,53.8,49.2
יוספטל,81.3,2022-04-27T00:00:00.000Z,81.3,50,53.8,53.8,49.2
יוספטל,81.3,2022-04-27T00:00:00.000Z,81.3,50,53.8,53.8,49.2
יוספטל,81.3,2022-04-27T00:00:00.000Z,81.3,50,53.8,53.8,49.2
יוספטל,81.3,2022-04-27T00:00:00.000Z,81.3,50,53.8,53.8,49.2
יוספטל,81.3,2022-04-27T00:00:00.000Z,81.3,50,53.8,53.8,49.2
יוספטל,81.3,2022-04-27T00:00:00.000Z,81.3,50,53.8,53.8,49.2
יוספטל,81.3,2022-04-27T00:00:00.000Z,81.3,50,53.8,53.8,49.2
יוספטל,81.3,2022-04-27T00:00:00.000Z,81.3,50,53.8,53.8,49.2
יוספטל,81.3,2022-04-27T00:00:00.000Z,81.3,50,53.8,53.8,49.2
יוספטל,81.3,2022-04-27T00:00:00.000Z,81.3,50,53.8,53.8,49.2
יוספטל,81.3,2022-04-27T00:00:00.000Z,81.3,50,53.8,53.8,49.2
יוספטל,81.3,2022-04-27T00:00:00.000Z,81.3,50,53.8,53.8,49.2
יוספטל,81.3,2022-04-27T00:00:00.000Z,81.3,50,53.8,53.8,49.2
יוספטל,81.3,2022-04-27T00:00:00.000Z,81.3,50,53.8,53.8,49.2
יוספטל,81.3,2022-04-27T00:00:00.000Z,81.3,50,53.8,53.8,49.2
יוספטל,81.3,2022-04-27T00:00:00.000Z,81.3,50,53.8,53.8,49.2
יוספטל,81.3,2022-04-27T00:00:00.000Z,81.3,50,53.8,53.8,49.2
יוספטל,81.3,2022-04-27T00:00:00.000Z,81.3,50,53.8,53.8,49.2
יוספטל,81.3,2022-04-27T00:00:00.000Z,81.3,50,53.8,53.8,49.2
"רמב""ם",99,2022-04-27T00:00:00.000Z,99,96.5,92.1,92.1,94
"רמב""ם",99,2022-04-27T00:00:00.000Z,99,96.5,92.1,92.1,94
"רמב""ם",99,2022-04-27T00:00:00.000Z,99,96.5,92.1,92.1,94
"רמב""ם",99,2022-04-27T00:00:00.000Z,99,96.5,92.1,92.1,94
"רמב""ם",99,2022-04-27T00:00:00.000Z,99,96.5,92.1,92.1,94
"רמב""ם",99,2022-04-27T00:00:00.000Z,99,96.5,92.1,92.1,94
"רמב""ם",99,2022-04-27T00:00:00.000Z,99,96.5,92.1,92.1,94
"רמב""ם",99,2022-04-27T00:00:00.000Z,99,96.5,92.1,92.1,94
"רמב""ם",99,2022-04-27T00:00:00.000Z,99,96.5,92.1,92.1,94
"רמב""ם",99,2022-04-27T00:00:00.000Z,99,96.5,92.1,92.1,94
"רמב""ם",99,2022-04-27T00:00:00.000Z,99,96.5,92.1,92.1,94
"רמב""ם",99,2022-04-27T00:00:00.000Z,99,96.5,92.1,92.1,94
"רמב""ם",99,2022-04-27T00:00:00.000Z,99,96.5,92.1,92.1,94
"רמב""ם",99,2022-04-27T00:00:00.000Z,99,96.5,92.1,92.1,94
"רמב""ם",99,2022-04-27T00:00:00.000Z,99,96.5,92.1,92.1,94
"רמב""ם",99,2022-04-27T00:00:00.000Z,99,96.5,92.1,92.1,94
"רמב""ם",99,2022-04-27T00:00:00.000Z,99,96.5,92.1,92.1,94
"רמב""ם",99,2022-04-27T00:00:00.000Z,99,96.5,92.1,92.1,94
"רמב""ם",99,2022-04-27T00:00:00.000Z,99,96.5,92.1,92.1,94
"רמב""ם",99,2022-04-27T00:00:00.000Z,99,96.5,92.1,92.1,94
"רמב""ם",99,2022-04-27T00:00:00.000Z,99,96.5,92.1,92.1,94
"רמב""ם",99,2022-04-27T00:00:00.000Z,99,96.5,92.1,92.1,94
"רמב""ם",99,2022-04-27T00:00:00.000Z,99,96.5,92.1,92.1,94
"רמב""ם",99,2022-04-27T00:00:00.000Z,99,96.5,92.1,92.1,94
"רמב""ם",99,2022-04-27T00:00:00.000Z,99,96.5,92.1,92.1,94
"רמב""ם",99,2022-04-27T00:00:00.000Z,99,96.5,92.1,92.1,94
"רמב""ם",99,2022-04-27T00:00:00.000Z,99,96.5,92.1,92.1,94
"רמב""ם",99,2022-04-27T00:00:00.000Z,99,96.5,92.1,92.1,94
"רמב""ם",99,2022-04-27T00:00:00.000Z,99,96.5,92.1,92.1,94
"רמב""ם",99,2022-04-27T00:00:00.000Z,99,96.5,92.1,92.1,94
"רמב""ם",99,2022-04-27T00:00:00.000Z,99,96.5,92.1,92.1,94
"רמב""ם",99,2022-04-27T00:00:00.000Z,99,96.5,92.1,92.1,94
"רמב""ם",99,2022-04-27T00:00:00.000Z,99,96.5,92.1,92.1,94
"רמב""ם",99,2022-04-27T00:00:00.000Z,99,96.5,92.1,92.1,94
הלל יפה,102.1,2022-04-27T00:00:00.000Z,102.1,97.9,87.2,87.2,98.1
הלל יפה,102.1,2022-04-27T00:00:00.000Z,102.1,97.9,87.2,87.2,98.1
הלל יפה,102.1,2022-04-27T00:00:00.000Z,102.1,97.9,87.2,87.2,98.1
הלל יפה,102.1,2022-04-27T00:00:00.000Z,102.1,97.9,87.2,87.2,98.1
הלל יפה,102.1,2022-04-27T00:00:00.000Z,102.1,97.9,87.2,87.2,98.1
הלל יפה,102.1,2022-04-27T00:00:00.000Z,102.1,97.9,87.2,87.2,98.1
הלל יפה,102.1,2022-04-27T00:00:00.000Z,102.1,97.9,87.2,87.2,98.1
הלל יפה,102.1,2022-04-27T00:00:00.000Z,102.1,97.9,87.2,87.2,98.1
הלל יפה,102.1,2022-04-27T00:00:00.000Z,102.1,97.9,87.2,87.2,98.1
הלל יפה,102.1,2022-04-27T00:00:00.000Z,102.1,97.9,87.2,87.2,98.1
הלל יפה,102.1,2022-04-27T00:00:00.000Z,102.1,97.9,87.2,87.2,98.1
הלל יפה,102.1,2022-04-27T00:00:00.000Z,102.1,97.9,87.2,87.2,98.1
הלל יפה,102.1,2022-04-27T00:00:00.000Z,102.1,97.9,87.2,87.2,98.1
הלל יפה,102.1,2022-04-27T00:00:00.000Z,102.1,97.9,87.2,87.2,98.1
הלל יפה,102.1,2022-04-27T00:00:00.000Z,102.1,97.9,87.2,87.2,98.1
הלל יפה,102.1,2022-04-27T00:00:00.000Z,102.1,97.9,87.2,87.2,98.1
הלל יפה,102.1,2022-04-27T00:00:00.000Z,102.1,97.9,87.2,87.2,98.1
הלל יפה,102.1,2022-04-27T00:00:00.000Z,102.1,97.9,87.2,87.2,98.1
הלל יפה,102.1,2022-04-27T00:00:00.000Z,102.1,97.9,87.2,87.2,98.1
הלל יפה,102.1,2022-04-27T00:00:00.000Z,102.1,97.9,87.2,87.2,98.1
הלל יפה,102.1,2022-04-27T00:00:00.000Z,102.1,97.9,87.2,87.2,98.1
הלל יפה,102.1,2022-04-27T00:00:00.000Z,102.1,97.9,87.2,87.2,98.1
הלל יפה,102.1,2022-04-27T00:00:00.000Z,102.1,97.9,87.2,87.2,98.1
הלל יפה,102.1,2022-04-27T00:00:00.000Z,102.1,97.9,87.2,87.2,98.1
הלל יפה,102.1,2022-04-27T00:00:00.000Z,102.1,97.9,87.2,87.2,98.1
הלל יפה,102.1,2022-04-27T00:00:00.000Z,102.1,97.9,87.2,87.2,98.1
הלל יפה,102.1,2022-04-27T00:00:00.000Z,102.1,97.9,87.2,87.2,98.1
הלל יפה,102.1,2022-04-27T00:00:00.000Z,102.1,97.9,87.2,87.2,98.1
הלל יפה,102.1,2022-04-27T00:00:00.000Z,102.1,97.9,87.2,87.2,98.1
הלל יפה,102.1,2022-04-27T00:00:00.000Z,102.1,97.9,87.2,87.2,98.1
הלל יפה,102.1,2022-04-27T00:00:00.000Z,102.1,97.9,87.2,87.2,98.1
הלל יפה,102.1,2022-04-27T00:00:00.000Z,102.1,97.9,87.2,87.2,98.1
הלל יפה,102.1,2022-04-27T00:00:00.000Z,102.1,97.9,87.2,87.2,98.1
הלל יפה,102.1,2022-04-27T00:00:00.000Z,102.1,97.9,87.2,87.2,98.1
שיבא,104.2,2022-04-27T00:00:00.000Z,104.2,,106.7,106.7,
שיבא,104.2,2022-04-27T00:00:00.000Z,104.2,,106.7,106.7,
שיבא,104.2,2022-04-27T00:00:00.000Z,104.2,,106.7,106.7,
שיבא,104.2,2022-04-27T00:00:00.000Z,104.2,,106.7,106.7,
שיבא,104.2,2022-04-27T00:00:00.000Z,104.2,,106.7,106.7,
שיבא,104.2,2022-04-27T00:00:00.000Z,104.2,,106.7,106.7,
שיבא,104.2,2022-04-27T00:00:00.000Z,104.2,,106.7,106.7,
שיבא,104.2,2022-04-27T00:00:00.000Z,104.2,,106.7,106.7,
שיבא,104.2,2022-04-27T00:00:00.000Z,104.2,,106.7,106.7,
שיבא,104.2,2022-04-27T00:00:00.000Z,104.2,,106.7,106.7,
שיבא,104.2,2022-04-27T00:00:00.000Z,104.2,,106.7,106.7,
שיבא,104.2,2022-04-27T00:00:00.000Z,104.2,,106.7,106.7,
שיבא,104.2,2022-04-27T00:00:00.000Z,104.2,,106.7,106.7,
שיבא,104.2,2022-04-27T00:00:00.000Z,104.2,,106.7,106.7,
שיבא,104.2,2022-04-27T00:00:00.000Z,104.2,,106.7,106.7,
שיבא,104.2,2022-04-27T00:00:00.000Z,104.2,,106.7,106.7,
שיבא,104.2,2022-04-27T00:00:00.000Z,104.2,,106.7,106.7,
שיבא,104.2,2022-04-27T00:00:00.000Z,104.2,,106.7,106.7,
שיבא,104.2,2022-04-27T00:00:00.000Z,104.2,,106.7,106.7,
שיבא,104.2,2022-04-27T00:00:00.000Z,104.2,,106.7,106.7,
שיבא,104.2,2022-04-27T00:00:00.000Z,104.2,,106.7,106.7,
שיבא,104.2,2022-04-27T00:00:00.000Z,104.2,,106.7,106.7,
שיבא,104.2,2022-04-27T00:00:00.000Z,104.2,,106.7,106.7,
שיבא,104.2,2022-04-27T00:00:00.000Z,104.2,,106.7,106.7,
שיבא,104.2,2022-04-27T00:00:00.000Z,104.2,,106.7,106.7,
שיבא,104.2,2022-04-27T00:00:00.000Z,104.2,,106.7,106.7,
שיבא,104.2,2022-04-27T00:00:00.000Z,104.2,,106.7,106.7,
שיבא,104.2,2022-04-27T00:00:00.000Z,104.2,,106.7,106.7,
שיבא,104.2,2022-04-27T00:00:00.000Z,104.2,,106.7,106.7,
שיבא,104.2,2022-04-27T00:00:00.000Z,104.2,,106.7,106.7,
שיבא,104.2,2022-04-27T00:00:00.000Z,104.2,,106.7,106.7,
שיבא,104.2,2022-04-27T00:00:00.000Z,104.2,,106.7,106.7,
שיבא,104.2,2022-04-27T00:00:00.000Z,104.2,,106.7,106.7,
שיבא,104.2,2022-04-27T00:00:00.000Z,104.2,,106.7,106.7,
שיבא,104.2,2022-04-27T00:00:00.000Z,104.2,,106.7,106.7,
שיבא,104.2,2022-04-27T00:00:00.000Z,104.2,,106.7,106.7,
שיבא,104.2,2022-04-27T00:00:00.000Z,104.2,,106.7,106.7,
שיבא,104.2,2022-04-27T00:00:00.000Z,104.2,,106.7,106.7,
נהריה,90.5,2022-04-27T00:00:00.000Z,90.5,93.7,86.2,86.2,86.3
נהריה,90.5,2022-04-27T00:00:00.000Z,90.5,93.7,86.2,86.2,86.3
נהריה,90.5,2022-04-27T00:00:00.000Z,90.5,93.7,86.2,86.2,86.3
נהריה,90.5,2022-04-27T00:00:00.000Z,90.5,93.7,86.2,86.2,86.3
נהריה,90.5,2022-04-27T00:00:00.000Z,90.5,93.7,86.2,86.2,86.3
נהריה,90.5,2022-04-27T00:00:00.000Z,90.5,93.7,86.2,86.2,86.3
נהריה,90.5,2022-04-27T00:00:00.000Z,90.5,93.7,86.2,86.2,86.3
נהריה,90.5,2022-04-27T00:00:00.000Z,90.5,93.7,86.2,86.2,86.3
נהריה,90.5,2022-04-27T00:00:00.000Z,90.5,93.7,86.2,86.2,86.3
נהריה,90.5,2022-04-27T00:00:00.000Z,90.5,93.7,86.2,86.2,86.3
נהריה,90.5,2022-04-27T00:00:00.000Z,90.5,93.7,86.2,86.2,86.3
נהריה,90.5,2022-04-27T00:00:00.000Z,90.5,93.7,86.2,86.2,86.3
נהריה,90.5,2022-04-27T00:00:00.000Z,90.5,93.7,86.2,86.2,86.3
נהריה,90.5,2022-04-27T00:00:00.000Z,90.5,93.7,86.2,86.2,86.3
נהריה,90.5,2022-04-27T00:00:00.000Z,90.5,93.7,86.2,86.2,86.3
נהריה,90.5,2022-04-27T00:00:00.000Z,90.5,93.7,86.2,86.2,86.3
נהריה,90.5,2022-04-27T00:00:00.000Z,90.5,93.7,86.2,86.2,86.3
נהריה,90.5,2022-04-27T00:00:00.000Z,90.5,93.7,86.2,86.2,86.3
נהריה,90.5,2022-04-27T00:00:00.000Z,90.5,93.7,86.2,86.2,86.3
נהריה,90.5,2022-04-27T00:00:00.000Z,90.5,93.7,86.2,86.2,86.3
נהריה,90.5,2022-04-27T00:00:00.000Z,90.5,93.7,86.2,86.2,86.3
נהריה,90.5,2022-04-27T00:00:00.000Z,90.5,93.7,86.2,86.2,86.3
נהריה,90.5,2022-04-27T00:00:00.000Z,90.5,93.7,86.2,86.2,86.3
נהריה,90.5,2022-04-27T00:00:00.000Z,90.5,93.7,86.2,86.2,86.3
נהריה,90.5,2022-04-27T00:00:00.000Z,90.5,93.7,86.2,86.2,86.3
נהריה,90.5,2022-04-27T00:00:00.000Z,90.5,93.7,86.2,86.2,86.3
נהריה,90.5,2022-04-27T00:00:00.000Z,90.5,93.7,86.2,86.2,86.3
נהריה,90.5,2022-04-27T00:00:00.000Z,90.5,93.7,86.2,86.2,86.3
נהריה,90.5,2022-04-27T00:00:00.000Z,90.5,93.7,86.2,86.2,86.3
נהריה,90.5,2022-04-27T00:00:00.000Z,90.5,93.7,86.2,86.2,86.3
נהריה,90.5,2022-04-27T00:00:00.000Z,90.5,93.7,86.2,86.2,86.3
נהריה,90.5,2022-04-27T00:00:00.000Z,90.5,93.7,86.2,86.2,86.3
נהריה,90.5,2022-04-27T00:00:00.000Z,90.5,93.7,86.2,86.2,86.3
נהריה,90.5,2022-04-27T00:00:00.000Z,90.5,93.7,86.2,86.2,86.3
ברזילי,95.3,2022-04-27T00:00:00.000Z,95.3,84.4,91.4,91.4,79.8
ברזילי,95.3,2022-04-27T00:00:00.000Z,95.3,84.4,91.4,91.4,79.8
ברזילי,95.3,2022-04-27T00:00:00.000Z,95.3,84.4,91.4,91.4,79.8
ברזילי,95.3,2022-04-27T00:00:00.000Z,95.3,84.4,91.4,91.4,79.8
ברזילי,95.3,2022-04-27T00:00:00.000Z,95.3,84.4,91.4,91.4,79.8
ברזילי,95.3,2022-04-27T00:00:00.000Z,95.3,84.4,91.4,91.4,79.8
ברזילי,95.3,2022-04-27T00:00:00.000Z,95.3,84.4,91.4,91.4,79.8
ברזילי,95.3,2022-04-27T00:00:00.000Z,95.3,84.4,91.4,91.4,79.8
ברזילי,95.3,2022-04-27T00:00:00.000Z,95.3,84.4,91.4,91.4,79.8
ברזילי,95.3,2022-04-27T00:00:00.000Z,95.3,84.4,91.4,91.4,79.8
ברזילי,95.3,2022-04-27T00:00:00.000Z,95.3,84.4,91.4,91.4,79.8
ברזילי,95.3,2022-04-27T00:00:00.000Z,95.3,84.4,91.4,91.4,79.8
ברזילי,95.3,2022-04-27T00:00:00.000Z,95.3,84.4,91.4,91.4,79.8
ברזילי,95.3,2022-04-27T00:00:00.000Z,95.3,84.4,91.4,91.4,79.8
ברזילי,95.3,2022-04-27T00:00:00.000Z,95.3,84.4,91.4,91.4,79.8
ברזילי,95.3,2022-04-27T00:00:00.000Z,95.3,84.4,91.4,91.4,79.8
ברזילי,95.3,2022-04-27T00:00:00.000Z,95.3,84.4,91.4,91.4,79.8
ברזילי,95.3,2022-04-27T00:00:00.000Z,95.3,84.4,91.4,91.4,79.8
ברזילי,95.3,2022-04-27T00:00:00.000Z,95.3,84.4,91.4,91.4,79.8
ברזילי,95.3,2022-04-27T00:00:00.000Z,95.3,84.4,91.4,91.4,79.8
ברזילי,95.3,2022-04-27T00:00:00.000Z,95.3,84.4,91.4,91.4,79.8
ברזילי,95.3,2022-04-27T00:00:00.000Z,95.3,84.4,91.4,91.4,79.8
ברזילי,95.3,2022-04-27T00:00:00.000Z,95.3,84.4,91.4,91.4,79.8
ברזילי,95.3,2022-04-27T00:00:00.000Z,95.3,84.4,91.4,91.4,79.8
ברזילי,95.3,2022-04-27T00:00:00.000Z,95.3,84.4,91.4,91.4,79.8
ברזילי,95.3,2022-04-27T00:00:00.000Z,95.3,84.4,91.4,91.4,79.8
ברזילי,95.3,2022-04-27T00:00:00.000Z,95.3,84.4,91.4,91.4,79.8
ברזילי,95.3,2022-04-27T00:00:00.000Z,95.3,84.4,91.4,91.4,79.8
ברזילי,95.3,2022-04-27T00:00:00.000Z,95.3,84.4,91.4,91.4,79.8
ברזילי,95.3,2022-04-27T00:00:00.000Z,95.3,84.4,91.4,91.4,79.8
ברזילי,95.3,2022-04-27T00:00:00.000Z,95.3,84.4,91.4,91.4,79.8
ברזילי,95.3,2022-04-27T00:00:00.000Z,95.3,84.4,91.4,91.4,79.8
ברזילי,95.3,2022-04-27T00:00:00.000Z,95.3,84.4,91.4,91.4,79.8
ברזילי,95.3,2022-04-27T00:00:00.000Z,95.3,84.4,91.4,91.4,79.8
"רמב""ם",99,2022-04-27T00:00:00.000Z,99,96.5,92.1,92.1,94
"רמב""ם",99,2022-04-27T00:00:00.000Z,99,96.5,92.1,92.1,94
"רמב""ם",99,2022-04-27T00:00:00.000Z,99,96.5,92.1,92.1,94
"רמב""ם",99,2022-04-27T00:00:00.000Z,99,96.5,92.1,92.1,94
"רמב""ם",99,2022-04-27T00:00:00.000Z,99,96.5,92.1,92.1,94
"רמב""ם",99,2022-04-27T00:00:00.000Z,99,96.5,92.1,92.1,94
"רמב""ם",99,2022-04-27T00:00:00.000Z,99,96.5,92.1,92.1,94
"רמב""ם",99,2022-04-27T00:00:00.000Z,99,96.5,92.1,92.1,94
"רמב""ם",99,2022-04-27T00:00:00.000Z,99,96.5,92.1,92.1,94
"רמב""ם",99,2022-04-27T00:00:00.000Z,99,96.5,92.1,92.1,94
"רמב""ם",99,2022-04-27T00:00:00.000Z,99,96.5,92.1,92.1,94
"רמב""ם",99,2022-04-27T00:00:00.000Z,99,96.5,92.1,92.1,94
"רמב""ם",99,2022-04-27T00:00:00.000Z,99,96.5,92.1,92.1,94
"רמב""ם",99,2022-04-27T00:00:00.000Z,99,96.5,92.1,92.1,94
"רמב""ם",99,2022-04-27T00:00:00.000Z,99,96.5,92.1,92.1,94
"רמב""ם",99,2022-04-27T00:00:00.000Z,99,96.5,92.1,92.1,94
"רמב""ם",99,2022-04-27T00:00:00.000Z,99,96.5,92.1,92.1,94
"רמב""ם",99,2022-04-27T00:00:00.000Z,99,96.5,92.1,92.1,94
"רמב""ם",99,2022-04-27T00:00:00.000Z,99,96.5,92.1,92.1,94
"רמב""ם",99,2022-04-27T00:00:00.000Z,99,96.5,92.1,92.1,94
"רמב""ם",99,2022-04-27T00:00:00.000Z,99,96.5,92.1,92.1,94
"רמב""ם",99,2022-04-27T00:00:00.000Z,99,96.5,92.1,92.1,94
"רמב""ם",99,2022-04-27T00:00:00.000Z,99,96.5,92.1,92.1,94
"רמב""ם",99,2022-04-27T00:00:00.000Z,99,96.5,92.1,92.1,94
"רמב""ם",99,2022-04-27T00:00:00.000Z,99,96.5,92.1,92.1,94
"רמב""ם",99,2022-04-27T00:00:00.000Z,99,96.5,92.1,92.1,94
"רמב""ם",99,2022-04-27T00:00:00.000Z,99,96.5,92.1,92.1,94
"רמב""ם",99,2022-04-27T00:00:00.000Z,99,96.5,92.1,92.1,94
"רמב""ם",99,2022-04-27T00:00:00.000Z,99,96.5,92.1,92.1,94
"רמב""ם",99,2022-04-27T00:00:00.000Z,99,96.5,92.1,92.1,94
"רמב""ם",99,2022-04-27T00:00:00.000Z,99,96.5,92.1,92.1,94
"רמב""ם",99,2022-04-27T00:00:00.000Z,99,96.5,92.1,92.1,94
"רמב""ם",99,2022-04-27T00:00:00.000Z,99,96.5,92.1,92.1,94
"רמב""ם",99,2022-04-27T00:00:00.000Z,99,96.5,92.1,92.1,94
הלל יפה,102.1,2022-04-27T00:00:00.000Z,102.1,97.9,87.2,87.2,98.1
הלל יפה,102.1,2022-04-27T00:00:00.000Z,102.1,97.9,87.2,87.2,98.1
הלל יפה,102.1,2022-04-27T00:00:00.000Z,102.1,97.9,87.2,87.2,98.1
הלל יפה,102.1,2022-04-27T00:00:00.000Z,102.1,97.9,87.2,87.2,98.1
הלל יפה,102.1,2022-04-27T00:00:00.000Z,102.1,97.9,87.2,87.2,98.1
הלל יפה,102.1,2022-04-27T00:00:00.000Z,102.1,97.9,87.2,87.2,98.1
הלל יפה,102.1,2022-04-27T00:00:00.000Z,102.1,97.9,87.2,87.2,98.1
הלל יפה,102.1,2022-04-27T00:00:00.000Z,102.1,97.9,87.2,87.2,98.1
הלל יפה,102.1,2022-04-27T00:00:00.000Z,102.1,97.9,87.2,87.2,98.1
הלל יפה,102.1,2022-04-27T00:00:00.000Z,102.1,97.9,87.2,87.2,98.1
הלל יפה,102.1,2022-04-27T00:00:00.000Z,102.1,97.9,87.2,87.2,98.1
הלל יפה,102.1,2022-04-27T00:00:00.000Z,102.1,97.9,87.2,87.2,98.1
הלל יפה,102.1,2022-04-27T00:00:00.000Z,102.1,97.9,87.2,87.2,98.1
הלל יפה,102.1,2022-04-27T00:00:00.000Z,102.1,97.9,87.2,87.2,98.1
הלל יפה,102.1,2022-04-27T00:00:00.000Z,102.1,97.9,87.2,87.2,98.1
הלל יפה,102.1,2022-04-27T00:00:00.000Z,102.1,97.9,87.2,87.2,98.1
הלל יפה,102.1,2022-04-27T00:00:00.000Z,102.1,97.9,87.2,87.2,98.1
הלל יפה,102.1,2022-04-27T00:00:00.000Z,102.1,97.9,87.2,87.2,98.1
הלל יפה,102.1,2022-04-27T00:00:00.000Z,102.1,97.9,87.2,87.2,98.1
הלל יפה,102.1,2022-04-27T00:00:00.000Z,102.1,97.9,87.2,87.2,98.1
הלל יפה,102.1,2022-04-27T00:00:00.000Z,102.1,97.9,87.2,87.2,98.1
הלל יפה,102.1,2022-04-27T00:00:00.000Z,102.1,97.9,87.2,87.2,98.1
הלל יפה,102.1,2022-04-27T00:00:00.000Z,102.1,97.9,87.2,87.2,98.1
הלל יפה,102.1,2022-04-27T00:00:00.000Z,102.1,97.9,87.2,87.2,98.1
הלל יפה,102.1,2022-04-27T00:00:00.000Z,102.1,97.9,87.2,87.2,98.1
הלל יפה,102.1,2022-04-27T00:00:00.000Z,102.1,97.9,87.2,87.2,98.1
הלל יפה,102.1,2022-04-27T00:00:00.000Z,102.1,97.9,87.2,87.2,98.1
הלל יפה,102.1,2022-04-27T00:00:00.000Z,102.1,97.9,87.2,87.2,98.1
הלל יפה,102.1,2022-04-27T00:00:00.000Z,102.1,97.9,87.2,87.2,98.1
הלל יפה,102.1,2022-04-27T00:00:00.000Z,102.1,97.9,87.2,87.2,98.1
הלל יפה,102.1,2022-04-27T00:00:00.000Z,102.1,97.9,87.2,87.2,98.1
הלל יפה,102.1,2022-04-27T00:00:00.000Z,102.1,97.9,87.2,87.2,98.1
הלל יפה,102.1,2022-04-27T00:00:00.000Z,102.1,97.9,87.2,87.2,98.1
הלל יפה,102.1,2022-04-27T00:00:00.000Z,102.1,97.9,87.2,87.2,98.1
יוספטל,81.3,2022-04-27T00:00:00.000Z,81.3,50,53.8,53.8,49.2
יוספטל,81.3,2022-04-27T00:00:00.000Z,81.3,50,53.8,53.8,49.2
יוספטל,81.3,2022-04-27T00:00:00.000Z,81.3,50,53.8,53.8,49.2
יוספטל,81.3,2022-04-27T00:00:00.000Z,81.3,50,53.8,53.8,49.2
יוספטל,81.3,2022-04-27T00:00:00.000Z,81.3,50,53.8,53.8,49.2
יוספטל,81.3,2022-04-27T00:00:00.000Z,81.3,50,53.8,53.8,49.2
יוספטל,81.3,2022-04-27T00:00:00.000Z,81.3,50,53.8,53.8,49.2
יוספטל,81.3,2022-04-27T00:00:00.000Z,81.3,50,53.8,53.8,49.2
יוספטל,81.3,2022-04-27T00:00:00.000Z,81.3,50,53.8,53.8,49.2
יוספטל,81.3,2022-04-27T00:00:00.000Z,81.3,50,53.8,53.8,49.2
יוספטל,81.3,2022-04-27T00:00:00.000Z,81.3,50,53.8,53.8,49.2
יוספטל,81.3,2022-04-27T00:00:00.000Z,81.3,50,53.8,53.8,49.2
יוספטל,81.3,2022-04-27T00:00:00.000Z,81.3,50,53.8,53.8,49.2
יוספטל,81.3,2022-04-27T00:00:00.000Z,81.3,50,53.8,53.8,49.2
יוספטל,81.3,2022-04-27T00:00:00.000Z,81.3,50,53.8,53.8,49.2
יוספטל,81.3,2022-04-27T00:00:00.000Z,81.3,50,53.8,53.8,49.2
יוספטל,81.3,2022-04-27T00:00:00.000Z,81.3,50,53.8,53.8,49.2
יוספטל,81.3,2022-04-27T00:00:00.000Z,81.3,50,53.8,53.8,49.2
יוספטל,81.3,2022-04-27T00:00:00.000Z,81.3,50,53.8,53.8,49.2
יוספטל,81.3,2022-04-27T00:00:00.000Z,81.3,50,53.8,53.8,49.2
יוספטל,81.3,2022-04-27T00:00:00.000Z,81.3,50,53.8,53.8,49.2
יוספטל,81.3,2022-04-27T00:00:00.000Z,81.3,50,53.8,53.8,49.2
יוספטל,81.3,2022-04-27T00:00:00.000Z,81.3,50,53.8,53.8,49.2
יוספטל,81.3,2022-04-27T00:00:00.000Z,81.3,50,53.8,53.8,49.2
יוספטל,81.3,2022-04-27T00:00:00.000Z,81.3,50,53.8,53.8,49.2
יוספטל,81.3,2022-04-27T00:00:00.000Z,81.3,50,53.8,53.8,49.2
יוספטל,81.3,2022-04-27T00:00:00.000Z,81.3,50,53.8,53.8,49.2
יוספטל,81.3,2022-04-27T00:00:00.000Z,81.3,50,53.8,53.8,49.2
יוספטל,81.3,2022-04-27T00:00:00.000Z,81.3,50,53.8,53.8,49.2
יוספטל,81.3,2022-04-27T00:00:00.000Z,81.3,50,53.8,53.8,49.2
יוספטל,81.3,2022-04-27T00:00:00.000Z,81.3,50,53.8,53.8,49.2
יוספטל,81.3,2022-04-27T00:00:00.000Z,81.3,50,53.8,53.8,49.2
יוספטל,81.3,2022-04-27T00:00:00.000Z,81.3,50,53.8,53.8,49.2
יוספטל,81.3,2022-04-27T00:00:00.000Z,81.3,50,53.8,53.8,49.2
"רמב""ם",99,2022-04-27T00:00:00.000Z,99,96.5,92.1,92.1,94
"רמב""ם",99,2022-04-27T00:00:00.000Z,99,96.5,92.1,92.1,94
"רמב""ם",99,2022-04-27T00:00:00.000Z,99,96.5,92.1,92.1,94
"רמב""ם",99,2022-04-27T00:00:00.000Z,99,96.5,92.1,92.1,94
"רמב""ם",99,2022-04-27T00:00:00.000Z,99,96.5,92.1,92.1,94
"רמב""ם",99,2022-04-27T00:00:00.000Z,99,96.5,92.1,92.1,94
"רמב""ם",99,2022-04-27T00:00:00.000Z,99,96.5,92.1,92.1,94
"רמב""ם",99,2022-04-27T00:00:00.000Z,99,96.5,92.1,92.1,94
"רמב""ם",99,2022-04-27T00:00:00.000Z,99,96.5,92.1,92.1,94
"רמב""ם",99,2022-04-27T00:00:00.000Z,99,96.5,92.1,92.1,94
"רמב""ם",99,2022-04-27T00:00:00.000Z,99,96.5,92.1,92.1,94
"רמב""ם",99,2022-04-27T00:00:00.000Z,99,96.5,92.1,92.1,94
"רמב""ם",99,2022-04-27T00:00:00.000Z,99,96.5,92.1,92.1,94
"רמב""ם",99,2022-04-27T00:00:00.000Z,99,96.5,92.1,92.1,94
"רמב""ם",99,2022-04-27T00:00:00.000Z,99,96.5,92.1,92.1,94
"רמב""ם",99,2022-04-27T00:00:00.000Z,99,96.5,92.1,92.1,94
"רמב""ם",99,2022-04-27T00:00:00.000Z,99,96.5,92.1,92.1,94
"רמב""ם",99,2022-04-27T00:00:00.000Z,99,96.5,92.1,92.1,94
"רמב""ם",99,2022-04-27T00:00:00.000Z,99,96.5,92.1,92.1,94
"רמב""ם",99,2022-04-27T00:00:00.000Z,99,96.5,92.1,92.1,94
"רמב""ם",99,2022-04-27T00:00:00.000Z,99,96.5,92.1,92.1,94
"רמב""ם",99,2022-04-27T00:00:00.000Z,99,96.5,92.1,92.1,94
"רמב""ם",99,2022-04-27T00:00:00.000Z,99,96.5,92.1,92.1,94
"רמב""ם",99,2022-04-27T00:00:00.000Z,99,96.5,92.1,92.1,94
"רמב""ם",99,2022-04-27T00:00:00.000Z,99,96.5,92.1,92.1,94
"רמב""ם",99,2022-04-27T00:00:00.000Z,99,96.5,92.1,92.1,94
"רמב""ם",99,2022-04-27T00:00:00.000Z,99,96.5,92.1,92.1,94
"רמב""ם",99,2022-04-27T00:00:00.000Z,99,96.5,92.1,92.1,94
"רמב""ם",99,2022-04-27T00:00:00.000Z,99,96.5,92.1,92.1,94
"רמב""ם",99,2022-04-27T00:00:00.000Z,99,96.5,92.1,92.1,94
"רמב""ם",99,2022-04-27T00:00:00.000Z,99,96.5,92.1,92.1,94
"רמב""ם",99,2022-04-27T00:00:00.000Z,99,96.5,92.1,92.1,94
"רמב""ם",99,2022-04-27T00:00:00.000Z,99,96.5,92.1,92.1,94
"רמב""ם",99,2022-04-27T00:00:00.000Z,99,96.5,92.1,92.1,94
נהריה,90.5,2022-04-27T00:00:00.000Z,90.5,93.7,86.2,86.2,86.3
נהריה,90.5,2022-04-27T00:00:00.000Z,90.5,93.7,86.2,86.2,86.3
נהריה,90.5,2022-04-27T00:00:00.000Z,90.5,93.7,86.2,86.2,86.3
נהריה,90.5,2022-04-27T00:00:00.000Z,90.5,93.7,86.2,86.2,86.3
נהריה,90.5,2022-04-27T00:00:00.000Z,90.5,93.7,86.2,86.2,86.3
נהריה,90.5,2022-04-27T00:00:00.000Z,90.5,93.7,86.2,86.2,86.3
נהריה,90.5,2022-04-27T00:00:00.000Z,90.5,93.7,86.2,86.2,86.3
נהריה,90.5,2022-04-27T00:00:00.000Z,90.5,93.7,86.2,86.2,86.3
נהריה,90.5,2022-04-27T00:00:00.000Z,90.5,93.7,86.2,86.2,86.3
נהריה,90.5,2022-04-27T00:00:00.000Z,90.5,93.7,86.2,86.2,86.3
נהריה,90.5,2022-04-27T00:00:00.000Z,90.5,93.7,86.2,86.2,86.3
נהריה,90.5,2022-04-27T00:00:00.000Z,90.5,93.7,86.2,86.2,86.3
נהריה,90.5,2022-04-27T00:00:00.000Z,90.5,93.7,86.2,86.2,86.3
נהריה,90.5,2022-04-27T00:00:00.000Z,90.5,93.7,86.2,86.2,86.3
נהריה,90.5,2022-04-27T00:00:00.000Z,90.5,93.7,86.2,86.2,86.3
נהריה,90.5,2022-04-27T00:00:00.000Z,90.5,93.7,86.2,86.2,86.3
נהריה,90.5,2022-04-27T00:00:00.000Z,90.5,93.7,86.2,86.2,86.3
נהריה,90.5,2022-04-27T00:00:00.000Z,90.5,93.7,86.2,86.2,86.3
נהריה,90.5,2022-04-27T00:00:00.000Z,90.5,93.7,86.2,86.2,86.3
נהריה,90.5,2022-04-27T00:00:00.000Z,90.5,93.7,86.2,86.2,86.3
נהריה,90.5,2022-04-27T00:00:00.000Z,90.5,93.7,86.2,86.2,86.3
נהריה,90.5,2022-04-27T00:00:00.000Z,90.5,93.7,86.2,86.2,86.3
נהריה,90.5,2022-04-27T00:00:00.000Z,90.5,93.7,86.2,86.2,86.3
נהריה,90.5,2022-04-27T00:00:00.000Z,90.5,93.7,86.2,86.2,86.3
נהריה,90.5,2022-04-27T00:00:00.000Z,90.5,93.7,86.2,86.2,86.3
נהריה,90.5,2022-04-27T00:00:00.000Z,90.5,93.7,86.2,86.2,86.3
נהריה,90.5,2022-04-27T00:00:00.000Z,90.5,93.7,86.2,86.2,86.3
נהריה,90.5,2022-04-27T00:00:00.000Z,90.5,93.7,86.2,86.2,86.3
נהריה,90.5,2022-04-27T00:00:00.000Z,90.5,93.7,86.2,86.2,86.3
נהריה,90.5,2022-04-27T00:00:00.000Z,90.5,93.7,86.2,86.2,86.3
נהריה,90.5,2022-04-27T00:00:00.000Z,90.5,93.7,86.2,86.2,86.3
נהריה,90.5,2022-04-27T00:00:00.000Z,90.5,93.7,86.2,86.2,86.3
נהריה,90.5,2022-04-27T00:00:00.000Z,90.5,93.7,86.2,86.2,86.3
נהריה,90.5,2022-04-27T00:00:00.000Z,90.5,93.7,86.2,86.2,86.3
שיבא,104.2,2022-04-27T00:00:00.000Z,104.2,,106.7,106.7,
שיבא,104.2,2022-04-27T00:00:00.000Z,104.2,,106.7,106.7,
שיבא,104.2,2022-04-27T00:00:00.000Z,104.2,,106.7,106.7,
שיבא,104.2,2022-04-27T00:00:00.000Z,104.2,,106.7,106.7,
שיבא,104.2,2022-04-27T00:00:00.000Z,104.2,,106.7,106.7,
שיבא,104.2,2022-04-27T00:00:00.000Z,104.2,,106.7,106.7,
שיבא,104.2,2022-04-27T00:00:00.000Z,104.2,,106.7,106.7,
שיבא,104.2,2022-04-27T00:00:00.000Z,104.2,,106.7,106.7,
שיבא,104.2,2022-04-27T00:00:00.000Z,104.2,,106.7,106.7,
שיבא,104.2,2022-04-27T00:00:00.000Z,104.2,,106.7,106.7,
שיבא,104.2,2022-04-27T00:00:00.000Z,104.2,,106.7,106.7,
שיבא,104.2,2022-04-27T00:00:00.000Z,104.2,,106.7,106.7,
שיבא,104.2,2022-04-27T00:00:00.000Z,104.2,,106.7,106.7,
שיבא,104.2,2022-04-27T00:00:00.000Z,104.2,,106.7,106.7,
שיבא,104.2,2022-04-27T00:00:00.000Z,104.2,,106.7,106.7,
שיבא,104.2,2022-04-27T00:00:00.000Z,104.2,,106.7,106.7,
שיבא,104.2,2022-04-27T00:00:00.000Z,104.2,,106.7,106.7,
שיבא,104.2,2022-04-27T00:00:00.000Z,104.2,,106.7,106.7,
שיבא,104.2,2022-04-27T00:00:00.000Z,104.2,,106.7,106.7,
שיבא,104.2,2022-04-27T00:00:00.000Z,104.2,,106.7,106.7,
שיבא,104.2,2022-04-27T00:00:00.000Z,104.2,,106.7,106.7,
שיבא,104.2,2022-04-27T00:00:00.000Z,104.2,,106.7,106.7,
שיבא,104.2,2022-04-27T00:00:00.000Z,104.2,,106.7,106.7,
שיבא,104.2,2022-04-27T00:00:00.000Z,104.2,,106.7,106.7,
שיבא,104.2,2022-04-27T00:00:00.000Z,104.2,,106.7,106.7,
שיבא,104.2,2022-04-27T00:00:00.000Z,104.2,,106.7,106.7,
שיבא,104.2,2022-04-27T00:00:00.000Z,104.2,,106.7,106.7,
שיבא,104.2,2022-04-27T00:00:00.000Z,104.2,,106.7,106.7,
שיבא,104.2,2022-04-27T00:00:00.000Z,104.2,,106.7,106.7,
שיבא,104.2,2022-04-27T00:00:00.000Z,104.2,,106.7,106.7,
שיבא,104.2,2022-04-27T00:00:00.000Z,104.2,,106.7,106.7,
שיבא,104.2,2022-04-27T00:00:00.000Z,104.2,,106.7,106.7,
שיבא,104.2,2022-04-27T00:00:00.000Z,104.2,,106.7,106.7,
שיבא,104.2,2022-04-27T00:00:00.000Z,104.2,,106.7,106.7,
שיבא,104.2,2022-04-27T00:00:00.000Z,104.2,,106.7,106.7,
שיבא,104.2,2022-04-27T00:00:00.000Z,104.2,,106.7,106.7,
שיבא,104.2,2022-04-27T00:00:00.000Z,104.2,,106.7,106.7,
שיבא,104.2,2022-04-27T00:00:00.000Z,104.2,,106.7,106.7,
ברזילי,95.3,2022-04-27T00:00:00.000Z,95.3,84.4,91.4,91.4,79.8
ברזילי,95.3,2022-04-27T00:00:00.000Z,95.3,84.4,91.4,91.4,79.8
ברזילי,95.3,2022-04-27T00:00:00.000Z,95.3,84.4,91.4,91.4,79.8
ברזילי,95.3,2022-04-27T00:00:00.000Z,95.3,84.4,91.4,91.4,79.8
ברזילי,95.3,2022-04-27T00:00:00.000Z,95.3,84.4,91.4,91.4,79.8
ברזילי,95.3,2022-04-27T00:00:00.000Z,95.3,84.4,91.4,91.4,79.8
ברזילי,95.3,2022-04-27T00:00:00.000Z,95.3,84.4,91.4,91.4,79.8
ברזילי,95.3,2022-04-27T00:00:00.000Z,95.3,84.4,91.4,91.4,79.8
ברזילי,95.3,2022-04-27T00:00:00.000Z,95.3,84.4,91.4,91.4,79.8
ברזילי,95.3,2022-04-27T00:00:00.000Z,95.3,84.4,91.4,91.4,79.8
ברזילי,95.3,2022-04-27T00:00:00.000Z,95.3,84.4,91.4,91.4,79.8
ברזילי,95.3,2022-04-27T00:00:00.000Z,95.3,84.4,91.4,91.4,79.8
ברזילי,95.3,2022-04-27T00:00:00.000Z,95.3,84.4,91.4,91.4,79.8
ברזילי,95.3,2022-04-27T00:00:00.000Z,95.3,84.4,91.4,91.4,79.8
ברזילי,95.3,2022-04-27T00:00:00.000Z,95.3,84.4,91.4,91.4,79.8
ברזילי,95.3,2022-04-27T00:00:00.000Z,95.3,84.4,91.4,91.4,79.8
ברזילי,95.3,2022-04-27T00:00:00.000Z,95.3,84.4,91.4,91.4,79.8
ברזילי,95.3,2022-04-27T00:00:00.000Z,95.3,84.4,91.4,91.4,79.8
ברזילי,95.3,2022-04-27T00:00:00.000Z,95.3,84.4,91.4,91.4,79.8
ברזילי,95.3,2022-04-27T00:00:00.000Z,95.3,84.4,91.4,91.4,79.8
ברזילי,95.3,2022-04-27T00:00:00.000Z,95.3,84.4,91.4,91.4,79.8
ברזילי,95.3,2022-04-27T00:00:00.000Z,95.3,84.4,91.4,91.4,79.8
ברזילי,95.3,2022-04-27T00:00:00.000Z,95.3,84.4,91.4,91.4,79.8
ברזילי,95.3,2022-04-27T00:00:00.000Z,95.3,84.4,91.4,91.4,79.8
ברזילי,95.3,2022-04-27T00:00:00.000Z,95.3,84.4,91.4,91.4,79.8
ברזילי,95.3,2022-04-27T00:00:00.000Z,95.3,84.4,91.4,91.4,79.8
ברזילי,95.3,2022-04-27T00:00:00.000Z,95.3,84.4,91.4,91.4,79.8
ברזילי,95.3,2022-04-27T00:00:00.000Z,95.3,84.4,91.4,91.4,79.8
ברזילי,95.3,2022-04-27T00:00:00.000Z,95.3,84.4,91.4,91.4,79.8
ברזילי,95.3,2022-04-27T00:00:00.000Z,95.3,84.4,91.4,91.4,79.8
ברזילי,95.3,2022-04-27T00:00:00.000Z,95.3,84.4,91.4,91.4,79.8
ברזילי,95.3,2022-04-27T00:00:00.000Z,95.3,84.4,91.4,91.4,79.8
ברזילי,95.3,2022-04-27T00:00:00.000Z,95.3,84.4,91.4,91.4,79.8
ברזילי,95.3,2022-04-27T00:00:00.000Z,95.3,84.4,91.4,91.4,79.8
הלל יפה,102.1,2022-04-27T00:00:00.000Z,102.1,97.9,87.2,87.2,98.1
הלל יפה,102.1,2022-04-27T00:00:00.000Z,102.1,97.9,87.2,87.2,98.1
הלל יפה,102.1,2022-04-27T00:00:00.000Z,102.1,97.9,87.2,87.2,98.1
הלל יפה,102.1,2022-04-27T00:00:00.000Z,102.1,97.9,87.2,87.2,98.1
הלל יפה,102.1,2022-04-27T00:00:00.000Z,102.1,97.9,87.2,87.2,98.1
הלל יפה,102.1,2022-04-27T00:00:00.000Z,102.1,97.9,87.2,87.2,98.1
הלל יפה,102.1,2022-04-27T00:00:00.000Z,102.1,97.9,87.2,87.2,98.1
הלל יפה,102.1,2022-04-27T00:00:00.000Z,102.1,97.9,87.2,87.2,98.1
הלל יפה,102.1,2022-04-27T00:00:00.000Z,102.1,97.9,87.2,87.2,98.1
הלל יפה,102.1,2022-04-27T00:00:00.000Z,102.1,97.9,87.2,87.2,98.1
הלל יפה,102.1,2022-04-27T00:00:00.000Z,102.1,97.9,87.2,87.2,98.1
הלל יפה,102.1,2022-04-27T00:00:00.000Z,102.1,97.9,87.2,87.2,98.1
הלל יפה,102.1,2022-04-27T00:00:00.000Z,102.1,97.9,87.2,87.2,98.1
הלל יפה,102.1,2022-04-27T00:00:00.000Z,102.1,97.9,87.2,87.2,98.1
הלל יפה,102.1,2022-04-27T00:00:00.000Z,102.1,97.9,87.2,87.2,98.1
הלל יפה,102.1,2022-04-27T00:00:00.000Z,102.1,97.9,87.2,87.2,98.1
הלל יפה,102.1,2022-04-27T00:00:00.000Z,102.1,97.9,87.2,87.2,98.1
הלל יפה,102.1,2022-04-27T00:00:00.000Z,102.1,97.9,87.2,87.2,98.1
הלל יפה,102.1,2022-04-27T00:00:00.000Z,102.1,97.9,87.2,87.2,98.1
הלל יפה,102.1,2022-04-27T00:00:00.000Z,102.1,97.9,87.2,87.2,98.1
הלל יפה,102.1,2022-04-27T00:00:00.000Z,102.1,97.9,87.2,87.2,98.1
הלל יפה,102.1,2022-04-27T00:00:00.000Z,102.1,97.9,87.2,87.2,98.1
הלל יפה,102.1,2022-04-27T00:00:00.000Z,102.1,97.9,87.2,87.2,98.1
הלל יפה,102.1,2022-04-27T00:00:00.000Z,102.1,97.9,87.2,87.2,98.1
הלל יפה,102.1,2022-04-27T00:00:00.000Z,102.1,97.9,87.2,87.2,98.1
הלל יפה,102.1,2022-04-27T00:00:00.000Z,102.1,97.9,87.2,87.2,98.1
הלל יפה,102.1,2022-04-27T00:00:00.000Z,102.1,97.9,87.2,87.2,98.1
הלל יפה,102.1,2022-04-27T00:00:00.000Z,102.1,97.9,87.2,87.2,98.1
הלל יפה,102.1,2022-04-27T00:00:00.000Z,102.1,97.9,87.2,87.2,98.1
הלל יפה,102.1,2022-04-27T00:00:00.000Z,102.1,97.9,87.2,87.2,98.1
הלל יפה,102.1,2022-04-27T00:00:00.000Z,102.1,97.9,87.2,87.2,98.1
הלל יפה,102.1,2022-04-27T00:00:00.000Z,102.1,97.9,87.2,87.2,98.1
הלל יפה,102.1,2022-04-27T00:00:00.000Z,102.1,97.9,87.2,87.2,98.1
הלל יפה,102.1,2022-04-27T00:00:00.000Z,102.1,97.9,87.2,87.2,98.1
יוספטל,81.3,2022-04-27T00:00:00.000Z,81.3,50,53.8,53.8,49.2
יוספטל,81.3,2022-04-27T00:00:00.000Z,81.3,50,53.8,53.8,49.2
יוספטל,81.3,2022-04-27T00:00:00.000Z,81.3,50,53.8,53.8,49.2
יוספטל,81.3,2022-04-27T00:00:00.000Z,81.3,50,53.8,53.8,49.2
יוספטל,81.3,2022-04-27T00:00:00.000Z,81.3,50,53.8,53.8,49.2
יוספטל,81.3,2022-04-27T00:00:00.000Z,81.3,50,53.8,53.8,49.2
יוספטל,81.3,2022-04-27T00:00:00.000Z,81.3,50,53.8,53.8,49.2
יוספטל,81.3,2022-04-27T00:00:00.000Z,81.3,50,53.8,53.8,49.2
יוספטל,81.3,2022-04-27T00:00:00.000Z,81.3,50,53.8,53.8,49.2
יוספטל,81.3,2022-04-27T00:00:00.000Z,81.3,50,53.8,53.8,49.2
יוספטל,81.3,2022-04-27T00:00:00.000Z,81.3,50,53.8,53.8,49.2
יוספטל,81.3,2022-04-27T00:00:00.000Z,81.3,50,53.8,53.8,49.2
יוספטל,81.3,2022-04-27T00:00:00.000Z,81.3,50,53.8,53.8,49.2
יוספטל,81.3,2022-04-27T00:00:00.000Z,81.3,50,53.8,53.8,49.2
יוספטל,81.3,2022-04-27T00:00:00.000Z,81.3,50,53.8,53.8,49.2
יוספטל,81.3,2022-04-27T00:00:00.000Z,81.3,50,53.8,53.8,49.2
יוספטל,81.3,2022-04-27T00:00:00.000Z,81.3,50,53.8,53.8,49.2
יוספטל,81.3,2022-04-27T00:00:00.000Z,81.3,50,53.8,53.8,49.2
יוספטל,81.3,2022-04-27T00:00:00.000Z,81.3,50,53.8,53.8,49.2
יוספטל,81.3,2022-04-27T00:00:00.000Z,81.3,50,53.8,53.8,49.2
יוספטל,81.3,2022-04-27T00:00:00.000Z,81.3,50,53.8,53.8,49.2
יוספטל,81.3,2022-04-27T00:00:00.000Z,81.3,50,53.8,53.8,49.2
יוספטל,81.3,2022-04-27T00:00:00.000Z,81.3,50,53.8,53.8,49.2
יוספטל,81.3,2022-04-27T00:00:00.000Z,81.3,50,53.8,53.8,49.2
יוספטל,81.3,2022-04-27T00:00:00.000Z,81.3,50,53.8,53.8,49.2
יוספטל,81.3,2022-04-27T00:00:00.000Z,81.3,50,53.8,53.8,49.2
יוספטל,81.3,2022-04-27T00:00:00.000Z,81.3,50,53.8,53.8,49.2
יוספטל,81.3,2022-04-27T00:00:00.000Z,81.3,50,53.8,53.8,49.2
יוספטל,81.3,2022-04-27T00:00:00.000Z,81.3,50,53.8,53.8,49.2
יוספטל,81.3,2022-04-27T00:00:00.000Z,81.3,50,53.8,53.8,49.2
יוספטל,81.3,2022-04-27T00:00:00.000Z,81.3,50,53.8,53.8,49.2
יוספטל,81.3,2022-04-27T00:00:00.000Z,81.3,50,53.8,53.8,49.2
יוספטל,81.3,2022-04-27T00:00:00.000Z,81.3,50,53.8,53.8,49.2
יוספטל,81.3,2022-04-27T00:00:00.000Z,81.3,50,53.8,53.8,49.2
זיו צפת,95.3,2022-04-27T00:00:00.000Z,86.2,76.6,84.7,75.8,73.4
זיו צפת,95.3,2022-04-27T00:00:00.000Z,85.7,78.1,84.7,75.9,73.9
זיו צפת,95.3,2022-04-27T00:00:00.000Z,84.2,81,84.7,75.3,75.2
זיו צפת,95.3,2022-04-27T00:00:00.000Z,88.6,82.8,84.7,76.8,75.8
זיו צפת,95.3,2022-04-27T00:00:00.000Z,90.8,86.2,84.7,79.7,76.8
זיו צפת,95.3,2022-04-27T00:00:00.000Z,92,88.4,84.7,81.5,79.7
זיו צפת,95.3,2022-04-27T00:00:00.000Z,94.2,88.4,84.7,82.3,81
זיו צפת,95.3,2022-04-27T00:00:00.000Z,95.3,90.6,84.7,84.7,83.6
זיו צפת,95.3,2022-04-27T00:00:00.000Z,95.3,90.6,84.7,84.7,83.6
זיו צפת,95.3,2022-04-27T00:00:00.000Z,95.3,90.6,84.7,84.7,83.6
זיו צפת,95.3,2022-04-27T00:00:00.000Z,95.3,90.6,84.7,84.7,83.6
זיו צפת,95.3,2022-04-27T00:00:00.000Z,95.3,90.6,84.7,84.7,83.6
זיו צפת,95.3,2022-04-27T00:00:00.000Z,95.3,90.6,84.7,84.7,83.6
זיו צפת,95.3,2022-04-27T00:00:00.000Z,95.3,90.6,84.7,84.7,83.6
זיו צפת,95.3,2022-04-27T00:00:00.000Z,95.3,90.6,84.7,84.7,83.6
זיו צפת,95.3,2022-04-27T00:00:00.000Z,95.3,90.6,84.7,84.7,83.6
נהריה,90.5,2022-04-27T00:00:00.000Z,90.5,93.7,86.2,86.2,86.3
נהריה,90.5,2022-04-27T00:00:00.000Z,90.5,93.7,86.2,86.2,86.3
נהריה,90.5,2022-04-27T00:00:00.000Z,90.5,93.7,86.2,86.2,86.3
נהריה,90.5,2022-04-27T00:00:00.000Z,90.5,93.7,86.2,86.2,86.3
נהריה,90.5,2022-04-27T00:00:00.000Z,90.5,93.7,86.2,86.2,86.3
נהריה,90.5,2022-04-27T00:00:00.000Z,90.5,93.7,86.2,86.2,86.3
נהריה,90.5,2022-04-27T00:00:00.000Z,90.5,93.7,86.2,86.2,86.3
נהריה,90.5,2022-04-27T00:00:00.000Z,90.5,93.7,86.2,86.2,86.3
נהריה,90.5,2022-04-27T00:00:00.000Z,90.5,93.7,86.2,86.2,86.3
נהריה,90.5,2022-04-27T00:00:00.000Z,90.5,93.7,86.2,86.2,86.3
נהריה,90.5,2022-04-27T00:00:00.000Z,90.5,93.7,86.2,86.2,86.3
נהריה,90.5,2022-04-27T00:00:00.000Z,90.5,93.7,86.2,86.2,86.3
נהריה,90.5,2022-04-27T00:00:00.000Z,90.5,93.7,86.2,86.2,86.3
נהריה,90.5,2022-04-27T00:00:00.000Z,90.5,93.7,86.2,86.2,86.3
נהריה,90.5,2022-04-27T00:00:00.000Z,90.5,93.7,86.2,86.2,86.3
נהריה,90.5,2022-04-27T00:00:00.000Z,90.5,93.7,86.2,86.2,86.3
נהריה,90.5,2022-04-27T00:00:00.000Z,90.5,93.7,86.2,86.2,86.3
נהריה,90.5,2022-04-27T00:00:00.000Z,90.5,93.7,86.2,86.2,86.3
נהריה,90.5,2022-04-27T00:00:00.000Z,90.5,93.7,86.2,86.2,86.3
נהריה,90.5,2022-04-27T00:00:00.000Z,90.5,93.7,86.2,86.2,86.3
נהריה,90.5,2022-04-27T00:00:00.000Z,90.5,93.7,86.2,86.2,86.3
נהריה,90.5,2022-04-27T00:00:00.000Z,90.5,93.7,86.2,86.2,86.3
נהריה,90.5,2022-04-27T00:00:00.000Z,90.5,93.7,86.2,86.2,86.3
נהריה,90.5,2022-04-27T00:00:00.000Z,90.5,93.7,86.2,86.2,86.3
נהריה,90.5,2022-04-27T00:00:00.000Z,90.5,93.7,86.2,86.2,86.3
נהריה,90.5,2022-04-27T00:00:00.000Z,90.5,93.7,86.2,86.2,86.3
נהריה,90.5,2022-04-27T00:00:00.000Z,90.5,93.7,86.2,86.2,86.3
נהריה,90.5,2022-04-27T00:00:00.000Z,90.5,93.7,86.2,86.2,86.3
נהריה,90.5,2022-04-27T00:00:00.000Z,90.5,93.7,86.2,86.2,86.3
נהריה,90.5,2022-04-27T00:00:00.000Z,90.5,93.7,86.2,86.2,86.3
נהריה,90.5,2022-04-27T00:00:00.000Z,90.5,93.7,86.2,86.2,86.3
נהריה,90.5,2022-04-27T00:00:00.000Z,90.5,93.7,86.2,86.2,86.3
נהריה,90.5,2022-04-27T00:00:00.000Z,90.5,93.7,86.2,86.2,86.3
נהריה,90.5,2022-04-27T00:00:00.000Z,90.5,93.7,86.2,86.2,86.3
ברזילי,95.3,2022-04-27T00:00:00.000Z,95.3,84.4,91.4,91.4,79.8
ברזילי,95.3,2022-04-27T00:00:00.000Z,95.3,84.4,91.4,91.4,79.8
ברזילי,95.3,2022-04-27T00:00:00.000Z,95.3,84.4,91.4,91.4,79.8
ברזילי,95.3,2022-04-27T00:00:00.000Z,95.3,84.4,91.4,91.4,79.8
ברזילי,95.3,2022-04-27T00:00:00.000Z,95.3,84.4,91.4,91.4,79.8
ברזילי,95.3,2022-04-27T00:00:00.000Z,95.3,84.4,91.4,91.4,79.8
ברזילי,95.3,2022-04-27T00:00:00.000Z,95.3,84.4,91.4,91.4,79.8
ברזילי,95.3,2022-04-27T00:00:00.000Z,95.3,84.4,91.4,91.4,79.8
ברזילי,95.3,2022-04-27T00:00:00.000Z,95.3,84.4,91.4,91.4,79.8
ברזילי,95.3,2022-04-27T00:00:00.000Z,95.3,84.4,91.4,91.4,79.8
ברזילי,95.3,2022-04-27T00:00:00.000Z,95.3,84.4,91.4,91.4,79.8
ברזילי,95.3,2022-04-27T00:00:00.000Z,95.3,84.4,91.4,91.4,79.8
ברזילי,95.3,2022-04-27T00:00:00.000Z,95.3,84.4,91.4,91.4,79.8
ברזילי,95.3,2022-04-27T00:00:00.000Z,95.3,84.4,91.4,91.4,79.8
ברזילי,95.3,2022-04-27T00:00:00.000Z,95.3,84.4,91.4,91.4,79.8
ברזילי,95.3,2022-04-27T00:00:00.000Z,95.3,84.4,91.4,91.4,79.8
ברזילי,95.3,2022-04-27T00:00:00.000Z,95.3,84.4,91.4,91.4,79.8
ברזילי,95.3,2022-04-27T00:00:00.000Z,95.3,84.4,91.4,91.4,79.8
ברזילי,95.3,2022-04-27T00:00:00.000Z,95.3,84.4,91.4,91.4,79.8
ברזילי,95.3,2022-04-27T00:00:00.000Z,95.3,84.4,91.4,91.4,79.8
ברזילי,95.3,2022-04-27T00:00:00.000Z,95.3,84.4,91.4,91.4,79.8
ברזילי,95.3,2022-04-27T00:00:00.000Z,95.3,84.4,91.4,91.4,79.8
ברזילי,95.3,2022-04-27T00:00:00.000Z,95.3,84.4,91.4,91.4,79.8
ברזילי,95.3,2022-04-27T00:00:00.000Z,95.3,84.4,91.4,91.4,79.8
ברזילי,95.3,2022-04-27T00:00:00.000Z,95.3,84.4,91.4,91.4,79.8
ברזילי,95.3,2022-04-27T00:00:00.000Z,95.3,84.4,91.4,91.4,79.8
ברזילי,95.3,2022-04-27T00:00:00.000Z,95.3,84.4,91.4,91.4,79.8
ברזילי,95.3,2022-04-27T00:00:00.000Z,95.3,84.4,91.4,91.4,79.8
ברזילי,95.3,2022-04-27T00:00:00.000Z,95.3,84.4,91.4,91.4,79.8
ברזילי,95.3,2022-04-27T00:00:00.000Z,95.3,84.4,91.4,91.4,79.8
ברזילי,95.3,2022-04-27T00:00:00.000Z,95.3,84.4,91.4,91.4,79.8
ברזילי,95.3,2022-04-27T00:00:00.000Z,95.3,84.4,91.4,91.4,79.8
ברזילי,95.3,2022-04-27T00:00:00.000Z,95.3,84.4,91.4,91.4,79.8
ברזילי,95.3,2022-04-27T00:00:00.000Z,95.3,84.4,91.4,91.4,79.8
"רמב""ם",99,2022-04-27T00:00:00.000Z,99,96.5,92.1,92.1,94
"רמב""ם",99,2022-04-27T00:00:00.000Z,99,96.5,92.1,92.1,94
"רמב""ם",99,2022-04-27T00:00:00.000Z,99,96.5,92.1,92.1,94
"רמב""ם",99,2022-04-27T00:00:00.000Z,99,96.5,92.1,92.1,94
"רמב""ם",99,2022-04-27T00:00:00.000Z,99,96.5,92.1,92.1,94
"רמב""ם",99,2022-04-27T00:00:00.000Z,99,96.5,92.1,92.1,94
"רמב""ם",99,2022-04-27T00:00:00.000Z,99,96.5,92.1,92.1,94
"רמב""ם",99,2022-04-27T00:00:00.000Z,99,96.5,92.1,92.1,94
"רמב""ם",99,2022-04-27T00:00:00.000Z,99,96.5,92.1,92.1,94
"רמב""ם",99,2022-04-27T00:00:00.000Z,99,96.5,92.1,92.1,94
"רמב""ם",99,2022-04-27T00:00:00.000Z,99,96.5,92.1,92.1,94
"רמב""ם",99,2022-04-27T00:00:00.000Z,99,96.5,92.1,92.1,94
"רמב""ם",99,2022-04-27T00:00:00.000Z,99,96.5,92.1,92.1,94
"רמב""ם",99,2022-04-27T00:00:00.000Z,99,96.5,92.1,92.1,94
"רמב""ם",99,2022-04-27T00:00:00.000Z,99,96.5,92.1,92.1,94
"רמב""ם",99,2022-04-27T00:00:00.000Z,99,96.5,92.1,92.1,94
"רמב""ם",99,2022-04-27T00:00:00.000Z,99,96.5,92.1,92.1,94
"רמב""ם",99,2022-04-27T00:00:00.000Z,99,96.5,92.1,92.1,94
"רמב""ם",99,2022-04-27T00:00:00.000Z,99,96.5,92.1,92.1,94
"רמב""ם",99,2022-04-27T00:00:00.000Z,99,96.5,92.1,92.1,94
"רמב""ם",99,2022-04-27T00:00:00.000Z,99,96.5,92.1,92.1,94
"רמב""ם",99,2022-04-27T00:00:00.000Z,99,96.5,92.1,92.1,94
"רמב""ם",99,2022-04-27T00:00:00.000Z,99,96.5,92.1,92.1,94
"רמב""ם",99,2022-04-27T00:00:00.000Z,99,96.5,92.1,92.1,94
"רמב""ם",99,2022-04-27T00:00:00.000Z,99,96.5,92.1,92.1,94
"רמב""ם",99,2022-04-27T00:00:00.000Z,99,96.5,92.1,92.1,94
"רמב""ם",99,2022-04-27T00:00:00.000Z,99,96.5,92.1,92.1,94
"רמב""ם",99,2022-04-27T00:00:00.000Z,99,96.5,92.1,92.1,94
"רמב""ם",99,2022-04-27T00:00:00.000Z,99,96.5,92.1,92.1,94
"רמב""ם",99,2022-04-27T00:00:00.000Z,99,96.5,92.1,92.1,94
"רמב""ם",99,2022-04-27T00:00:00.000Z,99,96.5,92.1,92.1,94
"רמב""ם",99,2022-04-27T00:00:00.000Z,99,96.5,92.1,92.1,94
"רמב""ם",99,2022-04-27T00:00:00.000Z,99,96.5,92.1,92.1,94
"רמב""ם",99,2022-04-27T00:00:00.000Z,99,96.5,92.1,92.1,94
הלל יפה,102.1,2022-04-27T00:00:00.000Z,102.1,97.9,87.2,87.2,98.1
הלל יפה,102.1,2022-04-27T00:00:00.000Z,102.1,97.9,87.2,87.2,98.1
הלל יפה,102.1,2022-04-27T00:00:00.000Z,102.1,97.9,87.2,87.2,98.1
הלל יפה,102.1,2022-04-27T00:00:00.000Z,102.1,97.9,87.2,87.2,98.1
הלל יפה,102.1,2022-04-27T00:00:00.000Z,102.1,97.9,87.2,87.2,98.1
הלל יפה,102.1,2022-04-27T00:00:00.000Z,102.1,97.9,87.2,87.2,98.1
הלל יפה,102.1,2022-04-27T00:00:00.000Z,102.1,97.9,87.2,87.2,98.1
הלל יפה,102.1,2022-04-27T00:00:00.000Z,102.1,97.9,87.2,87.2,98.1
הלל יפה,102.1,2022-04-27T00:00:00.000Z,102.1,97.9,87.2,87.2,98.1
הלל יפה,102.1,2022-04-27T00:00:00.000Z,102.1,97.9,87.2,87.2,98.1
הלל יפה,102.1,2022-04-27T00:00:00.000Z,102.1,97.9,87.2,87.2,98.1
הלל יפה,102.1,2022-04-27T00:00:00.000Z,102.1,97.9,87.2,87.2,98.1
הלל יפה,102.1,2022-04-27T00:00:00.000Z,102.1,97.9,87.2,87.2,98.1
הלל יפה,102.1,2022-04-27T00:00:00.000Z,102.1,97.9,87.2,87.2,98.1
הלל יפה,102.1,2022-04-27T00:00:00.000Z,102.1,97.9,87.2,87.2,98.1
הלל יפה,102.1,2022-04-27T00:00:00.000Z,102.1,97.9,87.2,87.2,98.1
הלל יפה,102.1,2022-04-27T00:00:00.000Z,102.1,97.9,87.2,87.2,98.1
הלל יפה,102.1,2022-04-27T00:00:00.000Z,102.1,97.9,87.2,87.2,98.1
הלל יפה,102.1,2022-04-27T00:00:00.000Z,102.1,97.9,87.2,87.2,98.1
הלל יפה,102.1,2022-04-27T00:00:00.000Z,102.1,97.9,87.2,87.2,98.1
הלל יפה,102.1,2022-04-27T00:00:00.000Z,102.1,97.9,87.2,87.2,98.1
הלל יפה,102.1,2022-04-27T00:00:00.000Z,102.1,97.9,87.2,87.2,98.1
הלל יפה,102.1,2022-04-27T00:00:00.000Z,102.1,97.9,87.2,87.2,98.1
הלל יפה,102.1,2022-04-27T00:00:00.000Z,102.1,97.9,87.2,87.2,98.1
הלל יפה,102.1,2022-04-27T00:00:00.000Z,102.1,97.9,87.2,87.2,98.1
הלל יפה,102.1,2022-04-27T00:00:00.000Z,102.1,97.9,87.2,87.2,98.1
הלל יפה,102.1,2022-04-27T00:00:00.000Z,102.1,97.9,87.2,87.2,98.1
הלל יפה,102.1,2022-04-27T00:00:00.000Z,102.1,97.9,87.2,87.2,98.1
הלל יפה,102.1,2022-04-27T00:00:00.000Z,102.1,97.9,87.2,87.2,98.1
הלל יפה,102.1,2022-04-27T00:00:00.000Z,102.1,97.9,87.2,87.2,98.1
הלל יפה,102.1,2022-04-27T00:00:00.000Z,102.1,97.9,87.2,87.2,98.1
הלל יפה,102.1,2022-04-27T00:00:00.000Z,102.1,97.9,87.2,87.2,98.1
הלל יפה,102.1,2022-04-27T00:00:00.000Z,102.1,97.9,87.2,87.2,98.1
הלל יפה,102.1,2022-04-27T00:00:00.000Z,102.1,97.9,87.2,87.2,98.1
שמיר,91.5,2022-04-27T00:00:00.000Z,90.6,75.7,73.7,75.1,63.4
שמיר,91.5,2022-04-27T00:00:00.000Z,90.3,76.9,73.7,74.3,64
שמיר,91.5,2022-04-27T00:00:00.000Z,90.1,78.3,73.7,73.6,64.1
שמיר,91.5,2022-04-27T00:00:00.000Z,90.8,80.5,73.7,73.1,64.4
שמיר,91.5,2022-04-27T00:00:00.000Z,91.2,83.3,73.7,73.8,65.4
שמיר,91.5,2022-04-27T00:00:00.000Z,90.7,85.8,73.7,73.9,67.3
שמיר,91.5,2022-04-27T00:00:00.000Z,90.8,86.7,73.7,72.9,68.3
שמיר,91.5,2022-04-27T00:00:00.000Z,91.5,86.1,73.7,73.7,69.1
שמיר,91.5,2022-04-27T00:00:00.000Z,91.5,86.1,73.7,73.7,69.1
שמיר,91.5,2022-04-27T00:00:00.000Z,91.5,86.1,73.7,73.7,69.1
שמיר,91.5,2022-04-27T00:00:00.000Z,91.5,86.1,73.7,73.7,69.1
שמיר,91.5,2022-04-27T00:00:00.000Z,91.5,86.1,73.7,73.7,69.1
שמיר,91.5,2022-04-27T00:00:00.000Z,91.5,86.1,73.7,73.7,69.1
שמיר,91.5,2022-04-27T00:00:00.000Z,91.5,86.1,73.7,73.7,69.1
שמיר,91.5,2022-04-27T00:00:00.000Z,91.5,86.1,73.7,73.7,69.1
שמיר,91.5,2022-04-27T00:00:00.000Z,91.5,86.1,73.7,73.7,69.1
שיבא,104.2,2022-04-27T00:00:00.000Z,104.2,,106.7,106.7,
שיבא,104.2,2022-04-27T00:00:00.000Z,104.2,,106.7,106.7,
שיבא,104.2,2022-04-27T00:00:00.000Z,104.2,,106.7,106.7,
שיבא,104.2,2022-04-27T00:00:00.000Z,104.2,,106.7,106.7,
שיבא,104.2,2022-04-27T00:00:00.000Z,104.2,,106.7,106.7,
שיבא,104.2,2022-04-27T00:00:00.000Z,104.2,,106.7,106.7,
שיבא,104.2,2022-04-27T00:00:00.000Z,104.2,,106.7,106.7,
שיבא,104.2,2022-04-27T00:00:00.000Z,104.2,,106.7,106.7,
שיבא,104.2,2022-04-27T00:00:00.000Z,104.2,,106.7,106.7,
שיבא,104.2,2022-04-27T00:00:00.000Z,104.2,,106.7,106.7,
שיבא,104.2,2022-04-27T00:00:00.000Z,104.2,,106.7,106.7,
שיבא,104.2,2022-04-27T00:00:00.000Z,104.2,,106.7,106.7,
שיבא,104.2,2022-04-27T00:00:00.000Z,104.2,,106.7,106.7,
שיבא,104.2,2022-04-27T00:00:00.000Z,104.2,,106.7,106.7,
שיבא,104.2,2022-04-27T00:00:00.000Z,104.2,,106.7,106.7,
שיבא,104.2,2022-04-27T00:00:00.000Z,104.2,,106.7,106.7,
שיבא,104.2,2022-04-27T00:00:00.000Z,104.2,,106.7,106.7,
שיבא,104.2,2022-04-27T00:00:00.000Z,104.2,,106.7,106.7,
שיבא,104.2,2022-04-27T00:00:00.000Z,104.2,,106.7,106.7,
שיבא,104.2,2022-04-27T00:00:00.000Z,104.2,,106.7,106.7,
שיבא,104.2,2022-04-27T00:00:00.000Z,104.2,,106.7,106.7,
שיבא,104.2,2022-04-27T00:00:00.000Z,104.2,,106.7,106.7,
שיבא,104.2,2022-04-27T00:00:00.000Z,104.2,,106.7,106.7,
שיבא,104.2,2022-04-27T00:00:00.000Z,104.2,,106.7,106.7,
שיבא,104.2,2022-04-27T00:00:00.000Z,104.2,,106.7,106.7,
שיבא,104.2,2022-04-27T00:00:00.000Z,104.2,,106.7,106.7,
שיבא,104.2,2022-04-27T00:00:00.000Z,104.2,,106.7,106.7,
שיבא,104.2,2022-04-27T00:00:00.000Z,104.2,,106.7,106.7,
שיבא,104.2,2022-04-27T00:00:00.000Z,104.2,,106.7,106.7,
שיבא,104.2,2022-04-27T00:00:00.000Z,104.2,,106.7,106.7,
שיבא,104.2,2022-04-27T00:00:00.000Z,104.2,,106.7,106.7,
שיבא,104.2,2022-04-27T00:00:00.000Z,104.2,,106.7,106.7,
שיבא,104.2,2022-04-27T00:00:00.000Z,104.2,,106.7,106.7,
שיבא,104.2,2022-04-27T00:00:00.000Z,104.2,,106.7,106.7,
שיבא,104.2,2022-04-27T00:00:00.000Z,104.2,,106.7,106.7,
שיבא,104.2,2022-04-27T00:00:00.000Z,104.2,,106.7,106.7,
שיבא,104.2,2022-04-27T00:00:00.000Z,104.2,,106.7,106.7,
שיבא,104.2,2022-04-27T00:00:00.000Z,104.2,,106.7,106.7,
יוספטל,81.3,2022-04-27T00:00:00.000Z,81.3,50,53.8,53.8,49.2
יוספטל,81.3,2022-04-27T00:00:00.000Z,81.3,50,53.8,53.8,49.2
יוספטל,81.3,2022-04-27T00:00:00.000Z,81.3,50,53.8,53.8,49.2
יוספטל,81.3,2022-04-27T00:00:00.000Z,81.3,50,53.8,53.8,49.2
יוספטל,81.3,2022-04-27T00:00:00.000Z,81.3,50,53.8,53.8,49.2
יוספטל,81.3,2022-04-27T00:00:00.000Z,81.3,50,53.8,53.8,49.2
יוספטל,81.3,2022-04-27T00:00:00.000Z,81.3,50,53.8,53.8,49.2
יוספטל,81.3,2022-04-27T00:00:00.000Z,81.3,50,53.8,53.8,49.2
יוספטל,81.3,2022-04-27T00:00:00.000Z,81.3,50,53.8,53.8,49.2
יוספטל,81.3,2022-04-27T00:00:00.000Z,81.3,50,53.8,53.8,49.2
יוספטל,81.3,2022-04-27T00:00:00.000Z,81.3,50,53.8,53.8,49.2
יוספטל,81.3,2022-04-27T00:00:00.000Z,81.3,50,53.8,53.8,49.2
יוספטל,81.3,2022-04-27T00:00:00.000Z,81.3,50,53.8,53.8,49.2
יוספטל,81.3,2022-04-27T00:00:00.000Z,81.3,50,53.8,53.8,49.2
יוספטל,81.3,2022-04-27T00:00:00.000Z,81.3,50,53.8,53.8,49.2
יוספטל,81.3,2022-04-27T00:00:00.000Z,81.3,50,53.8,53.8,49.2
יוספטל,81.3,2022-04-27T00:00:00.000Z,81.3,50,53.8,53.8,49.2
יוספטל,81.3,2022-04-27T00:00:00.000Z,81.3,50,53.8,53.8,49.2
יוספטל,81.3,2022-04-27T00:00:00.000Z,81.3,50,53.8,53.8,49.2
יוספטל,81.3,2022-04-27T00:00:00.000Z,81.3,50,53.8,53.8,49.2
יוספטל,81.3,2022-04-27T00:00:00.000Z,81.3,50,53.8,53.8,49.2
יוספטל,81.3,2022-04-27T00:00:00.000Z,81.3,50,53.8,53.8,49.2
יוספטל,81.3,2022-04-27T00:00:00.000Z,81.3,50,53.8,53.8,49.2
יוספטל,81.3,2022-04-27T00:00:00.000Z,81.3,50,53.8,53.8,49.2
יוספטל,81.3,2022-04-27T00:00:00.000Z,81.3,50,53.8,53.8,49.2
יוספטל,81.3,2022-04-27T00:00:00.000Z,81.3,50,53.8,53.8,49.2
יוספטל,81.3,2022-04-27T00:00:00.000Z,81.3,50,53.8,53.8,49.2
יוספטל,81.3,2022-04-27T00:00:00.000Z,81.3,50,53.8,53.8,49.2
יוספטל,81.3,2022-04-27T00:00:00.000Z,81.3,50,53.8,53.8,49.2
יוספטל,81.3,2022-04-27T00:00:00.000Z,81.3,50,53.8,53.8,49.2
יוספטל,81.3,2022-04-27T00:00:00.000Z,81.3,50,53.8,53.8,49.2
יוספטל,81.3,2022-04-27T00:00:00.000Z,81.3,50,53.8,53.8,49.2
יוספטל,81.3,2022-04-27T00:00:00.000Z,81.3,50,53.8,53.8,49.2
יוספטל,81.3,2022-04-27T00:00:00.000Z,81.3,50,53.8,53.8,49.2
נהריה,90.5,2022-04-27T00:00:00.000Z,90.5,93.7,86.2,86.2,86.3
נהריה,90.5,2022-04-27T00:00:00.000Z,90.5,93.7,86.2,86.2,86.3
נהריה,90.5,2022-04-27T00:00:00.000Z,90.5,93.7,86.2,86.2,86.3
נהריה,90.5,2022-04-27T00:00:00.000Z,90.5,93.7,86.2,86.2,86.3
נהריה,90.5,2022-04-27T00:00:00.000Z,90.5,93.7,86.2,86.2,86.3
נהריה,90.5,2022-04-27T00:00:00.000Z,90.5,93.7,86.2,86.2,86.3
נהריה,90.5,2022-04-27T00:00:00.000Z,90.5,93.7,86.2,86.2,86.3
נהריה,90.5,2022-04-27T00:00:00.000Z,90.5,93.7,86.2,86.2,86.3
נהריה,90.5,2022-04-27T00:00:00.000Z,90.5,93.7,86.2,86.2,86.3
נהריה,90.5,2022-04-27T00:00:00.000Z,90.5,93.7,86.2,86.2,86.3
נהריה,90.5,2022-04-27T00:00:00.000Z,90.5,93.7,86.2,86.2,86.3
נהריה,90.5,2022-04-27T00:00:00.000Z,90.5,93.7,86.2,86.2,86.3
נהריה,90.5,2022-04-27T00:00:00.000Z,90.5,93.7,86.2,86.2,86.3
נהריה,90.5,2022-04-27T00:00:00.000Z,90.5,93.7,86.2,86.2,86.3
נהריה,90.5,2022-04-27T00:00:00.000Z,90.5,93.7,86.2,86.2,86.3
נהריה,90.5,2022-04-27T00:00:00.000Z,90.5,93.7,86.2,86.2,86.3
נהריה,90.5,2022-04-27T00:00:00.000Z,90.5,93.7,86.2,86.2,86.3
נהריה,90.5,2022-04-27T00:00:00.000Z,90.5,93.7,86.2,86.2,86.3
נהריה,90.5,2022-04-27T00:00:00.000Z,90.5,93.7,86.2,86.2,86.3
נהריה,90.5,2022-04-27T00:00:00.000Z,90.5,93.7,86.2,86.2,86.3
נהריה,90.5,2022-04-27T00:00:00.000Z,90.5,93.7,86.2,86.2,86.3
נהריה,90.5,2022-04-27T00:00:00.000Z,90.5,93.7,86.2,86.2,86.3
נהריה,90.5,2022-04-27T00:00:00.000Z,90.5,93.7,86.2,86.2,86.3
נהריה,90.5,2022-04-27T00:00:00.000Z,90.5,93.7,86.2,86.2,86.3
נהריה,90.5,2022-04-27T00:00:00.000Z,90.5,93.7,86.2,86.2,86.3
נהריה,90.5,2022-04-27T00:00:00.000Z,90.5,93.7,86.2,86.2,86.3
נהריה,90.5,2022-04-27T00:00:00.000Z,90.5,93.7,86.2,86.2,86.3
נהריה,90.5,2022-04-27T00:00:00.000Z,90.5,93.7,86.2,86.2,86.3
נהריה,90.5,2022-04-27T00:00:00.000Z,90.5,93.7,86.2,86.2,86.3
נהריה,90.5,2022-04-27T00:00:00.000Z,90.5,93.7,86.2,86.2,86.3
נהריה,90.5,2022-04-27T00:00:00.000Z,90.5,93.7,86.2,86.2,86.3
נהריה,90.5,2022-04-27T00:00:00.000Z,90.5,93.7,86.2,86.2,86.3
נהריה,90.5,2022-04-27T00:00:00.000Z,90.5,93.7,86.2,86.2,86.3
נהריה,90.5,2022-04-27T00:00:00.000Z,90.5,93.7,86.2,86.2,86.3
"רמב""ם",99,2022-04-27T00:00:00.000Z,99,96.5,92.1,92.1,94
"רמב""ם",99,2022-04-27T00:00:00.000Z,99,96.5,92.1,92.1,94
"רמב""ם",99,2022-04-27T00:00:00.000Z,99,96.5,92.1,92.1,94
"רמב""ם",99,2022-04-27T00:00:00.000Z,99,96.5,92.1,92.1,94
"רמב""ם",99,2022-04-27T00:00:00.000Z,99,96.5,92.1,92.1,94
"רמב""ם",99,2022-04-27T00:00:00.000Z,99,96.5,92.1,92.1,94
"רמב""ם",99,2022-04-27T00:00:00.000Z,99,96.5,92.1,92.1,94
"רמב""ם",99,2022-04-27T00:00:00.000Z,99,96.5,92.1,92.1,94
"רמב""ם",99,2022-04-27T00:00:00.000Z,99,96.5,92.1,92.1,94
"רמב""ם",99,2022-04-27T00:00:00.000Z,99,96.5,92.1,92.1,94
"רמב""ם",99,2022-04-27T00:00:00.000Z,99,96.5,92.1,92.1,94
"רמב""ם",99,2022-04-27T00:00:00.000Z,99,96.5,92.1,92.1,94
"רמב""ם",99,2022-04-27T00:00:00.000Z,99,96.5,92.1,92.1,94
"רמב""ם",99,2022-04-27T00:00:00.000Z,99,96.5,92.1,92.1,94
"רמב""ם",99,2022-04-27T00:00:00.000Z,99,96.5,92.1,92.1,94
"רמב""ם",99,2022-04-27T00:00:00.000Z,99,96.5,92.1,92.1,94
"רמב""ם",99,2022-04-27T00:00:00.000Z,99,96.5,92.1,92.1,94
"רמב""ם",99,2022-04-27T00:00:00.000Z,99,96.5,92.1,92.1,94
"רמב""ם",99,2022-04-27T00:00:00.000Z,99,96.5,92.1,92.1,94
"רמב""ם",99,2022-04-27T00:00:00.000Z,99,96.5,92.1,92.1,94
"רמב""ם",99,2022-04-27T00:00:00.000Z,99,96.5,92.1,92.1,94
"רמב""ם",99,2022-04-27T00:00:00.000Z,99,96.5,92.1,92.1,94
"רמב""ם",99,2022-04-27T00:00:00.000Z,99,96.5,92.1,92.1,94
"רמב""ם",99,2022-04-27T00:00:00.000Z,99,96.5,92.1,92.1,94
"רמב""ם",99,2022-04-27T00:00:00.000Z,99,96.5,92.1,92.1,94
"רמב""ם",99,2022-04-27T00:00:00.000Z,99,96.5,92.1,92.1,94
"רמב""ם",99,2022-04-27T00:00:00.000Z,99,96.5,92.1,92.1,94
"רמב""ם",99,2022-04-27T00:00:00.000Z,99,96.5,92.1,92.1,94
"רמב""ם",99,2022-04-27T00:00:00.000Z,99,96.5,92.1,92.1,94
"רמב""ם",99,2022-04-27T00:00:00.000Z,99,96.5,92.1,92.1,94
"רמב""ם",99,2022-04-27T00:00:00.000Z,99,96.5,92.1,92.1,94
"רמב""ם",99,2022-04-27T00:00:00.000Z,99,96.5,92.1,92.1,94
"רמב""ם",99,2022-04-27T00:00:00.000Z,99,96.5,92.1,92.1,94
"רמב""ם",99,2022-04-27T00:00:00.000Z,99,96.5,92.1,92.1,94
זיו צפת,95.3,2022-04-27T00:00:00.000Z,95.3,90.6,84.7,84.7,83.6
זיו צפת,95.3,2022-04-27T00:00:00.000Z,95.3,90.6,84.7,84.7,83.6
זיו צפת,95.3,2022-04-27T00:00:00.000Z,95.3,90.6,84.7,84.7,83.6
זיו צפת,95.3,2022-04-27T00:00:00.000Z,95.3,90.6,84.7,84.7,83.6
זיו צפת,95.3,2022-04-27T00:00:00.000Z,95.3,90.6,84.7,84.7,83.6
זיו צפת,95.3,2022-04-27T00:00:00.000Z,95.3,90.6,84.7,84.7,83.6
זיו צפת,95.3,2022-04-27T00:00:00.000Z,95.3,90.6,84.7,84.7,83.6
זיו צפת,95.3,2022-04-27T00:00:00.000Z,95.3,90.6,84.7,84.7,83.6
זיו צפת,95.3,2022-04-27T00:00:00.000Z,95.3,90.6,84.7,84.7,83.6
זיו צפת,95.3,2022-04-27T00:00:00.000Z,95.3,90.6,84.7,84.7,83.6
זיו צפת,95.3,2022-04-27T00:00:00.000Z,95.3,90.6,84.7,84.7,83.6
זיו צפת,95.3,2022-04-27T00:00:00.000Z,95.3,90.6,84.7,84.7,83.6
זיו צפת,95.3,2022-04-27T00:00:00.000Z,95.3,90.6,84.7,84.7,83.6
זיו צפת,95.3,2022-04-27T00:00:00.000Z,95.3,90.6,84.7,84.7,83.6
זיו צפת,95.3,2022-04-27T00:00:00.000Z,95.3,90.6,84.7,84.7,83.6
זיו צפת,95.3,2022-04-27T00:00:00.000Z,95.3,90.6,84.7,84.7,83.6
זיו צפת,95.3,2022-04-27T00:00:00.000Z,95.3,90.6,84.7,84.7,83.6
זיו צפת,95.3,2022-04-27T00:00:00.000Z,95.3,90.6,84.7,84.7,83.6
זיו צפת,95.3,2022-04-27T00:00:00.000Z,95.3,90.6,84.7,84.7,83.6
זיו צפת,95.3,2022-04-27T00:00:00.000Z,95.3,90.6,84.7,84.7,83.6
זיו צפת,95.3,2022-04-27T00:00:00.000Z,95.3,90.6,84.7,84.7,83.6
זיו צפת,95.3,2022-04-27T00:00:00.000Z,95.3,90.6,84.7,84.7,83.6
זיו צפת,95.3,2022-04-27T00:00:00.000Z,95.3,90.6,84.7,84.7,83.6
זיו צפת,95.3,2022-04-27T00:00:00.000Z,95.3,90.6,84.7,84.7,83.6
זיו צפת,95.3,2022-04-27T00:00:00.000Z,95.3,90.6,84.7,84.7,83.6
זיו צפת,95.3,2022-04-27T00:00:00.000Z,95.3,90.6,84.7,84.7,83.6
זיו צפת,95.3,2022-04-27T00:00:00.000Z,95.3,90.6,84.7,84.7,83.6
זיו צפת,95.3,2022-04-27T00:00:00.000Z,95.3,90.6,84.7,84.7,83.6
זיו צפת,95.3,2022-04-27T00:00:00.000Z,95.3,90.6,84.7,84.7,83.6
זיו צפת,95.3,2022-04-27T00:00:00.000Z,95.3,90.6,84.7,84.7,83.6
זיו צפת,95.3,2022-04-27T00:00:00.000Z,95.3,90.6,84.7,84.7,83.6
זיו צפת,95.3,2022-04-27T00:00:00.000Z,95.3,90.6,84.7,84.7,83.6
זיו צפת,95.3,2022-04-27T00:00:00.000Z,95.3,90.6,84.7,84.7,83.6
זיו צפת,95.3,2022-04-27T00:00:00.000Z,95.3,90.6,84.7,84.7,83.6
שיבא,104.2,2022-04-27T00:00:00.000Z,104.2,,106.7,106.7,
שיבא,104.2,2022-04-27T00:00:00.000Z,104.2,,106.7,106.7,
שיבא,104.2,2022-04-27T00:00:00.000Z,104.2,,106.7,106.7,
שיבא,104.2,2022-04-27T00:00:00.000Z,104.2,,106.7,106.7,
שיבא,104.2,2022-04-27T00:00:00.000Z,104.2,,106.7,106.7,
שיבא,104.2,2022-04-27T00:00:00.000Z,104.2,,106.7,106.7,
שיבא,104.2,2022-04-27T00:00:00.000Z,104.2,,106.7,106.7,
שיבא,104.2,2022-04-27T00:00:00.000Z,104.2,,106.7,106.7,
שיבא,104.2,2022-04-27T00:00:00.000Z,104.2,,106.7,106.7,
שיבא,104.2,2022-04-27T00:00:00.000Z,104.2,,106.7,106.7,
שיבא,104.2,2022-04-27T00:00:00.000Z,104.2,,106.7,106.7,
שיבא,104.2,2022-04-27T00:00:00.000Z,104.2,,106.7,106.7,
שיבא,104.2,2022-04-27T00:00:00.000Z,104.2,,106.7,106.7,
שיבא,104.2,2022-04-27T00:00:00.000Z,104.2,,106.7,106.7,
שיבא,104.2,2022-04-27T00:00:00.000Z,104.2,,106.7,106.7,
שיבא,104.2,2022-04-27T00:00:00.000Z,104.2,,106.7,106.7,
שיבא,104.2,2022-04-27T00:00:00.000Z,104.2,,106.7,106.7,
שיבא,104.2,2022-04-27T00:00:00.000Z,104.2,,106.7,106.7,
שיבא,104.2,2022-04-27T00:00:00.000Z,104.2,,106.7,106.7,
שיבא,104.2,2022-04-27T00:00:00.000Z,104.2,,106.7,106.7,
שיבא,104.2,2022-04-27T00:00:00.000Z,104.2,,106.7,106.7,
שיבא,104.2,2022-04-27T00:00:00.000Z,104.2,,106.7,106.7,
שיבא,104.2,2022-04-27T00:00:00.000Z,104.2,,106.7,106.7,
שיבא,104.2,2022-04-27T00:00:00.000Z,104.2,,106.7,106.7,
שיבא,104.2,2022-04-27T00:00:00.000Z,104.2,,106.7,106.7,
שיבא,104.2,2022-04-27T00:00:00.000Z,104.2,,106.7,106.7,
שיבא,104.2,2022-04-27T00:00:00.000Z,104.2,,106.7,106.7,
שיבא,104.2,2022-04-27T00:00:00.000Z,104.2,,106.7,106.7,
שיבא,104.2,2022-04-27T00:00:00.000Z,104.2,,106.7,106.7,
שיבא,104.2,2022-04-27T00:00:00.000Z,104.2,,106.7,106.7,
שיבא,104.2,2022-04-27T00:00:00.000Z,104.2,,106.7,106.7,
שיבא,104.2,2022-04-27T00:00:00.000Z,104.2,,106.7,106.7,
שיבא,104.2,2022-04-27T00:00:00.000Z,104.2,,106.7,106.7,
שיבא,104.2,2022-04-27T00:00:00.000Z,104.2,,106.7,106.7,
שיבא,104.2,2022-04-27T00:00:00.000Z,104.2,,106.7,106.7,
שיבא,104.2,2022-04-27T00:00:00.000Z,104.2,,106.7,106.7,
שיבא,104.2,2022-04-27T00:00:00.000Z,104.2,,106.7,106.7,
שיבא,104.2,2022-04-27T00:00:00.000Z,104.2,,106.7,106.7,
הלל יפה,102.1,2022-04-27T00:00:00.000Z,102.1,97.9,87.2,87.2,98.1
הלל יפה,102.1,2022-04-27T00:00:00.000Z,102.1,97.9,87.2,87.2,98.1
הלל יפה,102.1,2022-04-27T00:00:00.000Z,102.1,97.9,87.2,87.2,98.1
הלל יפה,102.1,2022-04-27T00:00:00.000Z,102.1,97.9,87.2,87.2,98.1
הלל יפה,102.1,2022-04-27T00:00:00.000Z,102.1,97.9,87.2,87.2,98.1
הלל יפה,102.1,2022-04-27T00:00:00.000Z,102.1,97.9,87.2,87.2,98.1
הלל יפה,102.1,2022-04-27T00:00:00.000Z,102.1,97.9,87.2,87.2,98.1
הלל יפה,102.1,2022-04-27T00:00:00.000Z,102.1,97.9,87.2,87.2,98.1
הלל יפה,102.1,2022-04-27T00:00:00.000Z,102.1,97.9,87.2,87.2,98.1
הלל יפה,102.1,2022-04-27T00:00:00.000Z,102.1,97.9,87.2,87.2,98.1
הלל יפה,102.1,2022-04-27T00:00:00.000Z,102.1,97.9,87.2,87.2,98.1
הלל יפה,102.1,2022-04-27T00:00:00.000Z,102.1,97.9,87.2,87.2,98.1
הלל יפה,102.1,2022-04-27T00:00:00.000Z,102.1,97.9,87.2,87.2,98.1
הלל יפה,102.1,2022-04-27T00:00:00.000Z,102.1,97.9,87.2,87.2,98.1
הלל יפה,102.1,2022-04-27T00:00:00.000Z,102.1,97.9,87.2,87.2,98.1
הלל יפה,102.1,2022-04-27T00:00:00.000Z,102.1,97.9,87.2,87.2,98.1
הלל יפה,102.1,2022-04-27T00:00:00.000Z,102.1,97.9,87.2,87.2,98.1
הלל יפה,102.1,2022-04-27T00:00:00.000Z,102.1,97.9,87.2,87.2,98.1
הלל יפה,102.1,2022-04-27T00:00:00.000Z,102.1,97.9,87.2,87.2,98.1
הלל יפה,102.1,2022-04-27T00:00:00.000Z,102.1,97.9,87.2,87.2,98.1
הלל יפה,102.1,2022-04-27T00:00:00.000Z,102.1,97.9,87.2,87.2,98.1
הלל יפה,102.1,2022-04-27T00:00:00.000Z,102.1,97.9,87.2,87.2,98.1
הלל יפה,102.1,2022-04-27T00:00:00.000Z,102.1,97.9,87.2,87.2,98.1
הלל יפה,102.1,2022-04-27T00:00:00.000Z,102.1,97.9,87.2,87.2,98.1
הלל יפה,102.1,2022-04-27T00:00:00.000Z,102.1,97.9,87.2,87.2,98.1
הלל יפה,102.1,2022-04-27T00:00:00.000Z,102.1,97.9,87.2,87.2,98.1
הלל יפה,102.1,2022-04-27T00:00:00.000Z,102.1,97.9,87.2,87.2,98.1
הלל יפה,102.1,2022-04-27T00:00:00.000Z,102.1,97.9,87.2,87.2,98.1
הלל יפה,102.1,2022-04-27T00:00:00.000Z,102.1,97.9,87.2,87.2,98.1
הלל יפה,102.1,2022-04-27T00:00:00.000Z,102.1,97.9,87.2,87.2,98.1
הלל יפה,102.1,2022-04-27T00:00:00.000Z,102.1,97.9,87.2,87.2,98.1
הלל יפה,102.1,2022-04-27T00:00:00.000Z,102.1,97.9,87.2,87.2,98.1
הלל יפה,102.1,2022-04-27T00:00:00.000Z,102.1,97.9,87.2,87.2,98.1
הלל יפה,102.1,2022-04-27T00:00:00.000Z,102.1,97.9,87.2,87.2,98.1
נהריה,90.5,2022-04-27T00:00:00.000Z,90.5,93.7,86.2,86.2,86.3
נהריה,90.5,2022-04-27T00:00:00.000Z,90.5,93.7,86.2,86.2,86.3
נהריה,90.5,2022-04-27T00:00:00.000Z,90.5,93.7,86.2,86.2,86.3
נהריה,90.5,2022-04-27T00:00:00.000Z,90.5,93.7,86.2,86.2,86.3
נהריה,90.5,2022-04-27T00:00:00.000Z,90.5,93.7,86.2,86.2,86.3
נהריה,90.5,2022-04-27T00:00:00.000Z,90.5,93.7,86.2,86.2,86.3
נהריה,90.5,2022-04-27T00:00:00.000Z,90.5,93.7,86.2,86.2,86.3
נהריה,90.5,2022-04-27T00:00:00.000Z,90.5,93.7,86.2,86.2,86.3
נהריה,90.5,2022-04-27T00:00:00.000Z,90.5,93.7,86.2,86.2,86.3
נהריה,90.5,2022-04-27T00:00:00.000Z,90.5,93.7,86.2,86.2,86.3
נהריה,90.5,2022-04-27T00:00:00.000Z,90.5,93.7,86.2,86.2,86.3
נהריה,90.5,2022-04-27T00:00:00.000Z,90.5,93.7,86.2,86.2,86.3
נהריה,90.5,2022-04-27T00:00:00.000Z,90.5,93.7,86.2,86.2,86.3
נהריה,90.5,2022-04-27T00:00:00.000Z,90.5,93.7,86.2,86.2,86.3
נהריה,90.5,2022-04-27T00:00:00.000Z,90.5,93.7,86.2,86.2,86.3
נהריה,90.5,2022-04-27T00:00:00.000Z,90.5,93.7,86.2,86.2,86.3
נהריה,90.5,2022-04-27T00:00:00.000Z,90.5,93.7,86.2,86.2,86.3
נהריה,90.5,2022-04-27T00:00:00.000Z,90.5,93.7,86.2,86.2,86.3
נהריה,90.5,2022-04-27T00:00:00.000Z,90.5,93.7,86.2,86.2,86.3
נהריה,90.5,2022-04-27T00:00:00.000Z,90.5,93.7,86.2,86.2,86.3
נהריה,90.5,2022-04-27T00:00:00.000Z,90.5,93.7,86.2,86.2,86.3
נהריה,90.5,2022-04-27T00:00:00.000Z,90.5,93.7,86.2,86.2,86.3
נהריה,90.5,2022-04-27T00:00:00.000Z,90.5,93.7,86.2,86.2,86.3
נהריה,90.5,2022-04-27T00:00:00.000Z,90.5,93.7,86.2,86.2,86.3
נהריה,90.5,2022-04-27T00:00:00.000Z,90.5,93.7,86.2,86.2,86.3
נהריה,90.5,2022-04-27T00:00:00.000Z,90.5,93.7,86.2,86.2,86.3
נהריה,90.5,2022-04-27T00:00:00.000Z,90.5,93.7,86.2,86.2,86.3
נהריה,90.5,2022-04-27T00:00:00.000Z,90.5,93.7,86.2,86.2,86.3
נהריה,90.5,2022-04-27T00:00:00.000Z,90.5,93.7,86.2,86.2,86.3
נהריה,90.5,2022-04-27T00:00:00.000Z,90.5,93.7,86.2,86.2,86.3
נהריה,90.5,2022-04-27T00:00:00.000Z,90.5,93.7,86.2,86.2,86.3
נהריה,90.5,2022-04-27T00:00:00.000Z,90.5,93.7,86.2,86.2,86.3
נהריה,90.5,2022-04-27T00:00:00.000Z,90.5,93.7,86.2,86.2,86.3
נהריה,90.5,2022-04-27T00:00:00.000Z,90.5,93.7,86.2,86.2,86.3
ברזילי,95.3,2022-04-27T00:00:00.000Z,95.3,84.4,91.4,91.4,79.8
ברזילי,95.3,2022-04-27T00:00:00.000Z,95.3,84.4,91.4,91.4,79.8
ברזילי,95.3,2022-04-27T00:00:00.000Z,95.3,84.4,91.4,91.4,79.8
ברזילי,95.3,2022-04-27T00:00:00.000Z,95.3,84.4,91.4,91.4,79.8
ברזילי,95.3,2022-04-27T00:00:00.000Z,95.3,84.4,91.4,91.4,79.8
ברזילי,95.3,2022-04-27T00:00:00.000Z,95.3,84.4,91.4,91.4,79.8
ברזילי,95.3,2022-04-27T00:00:00.000Z,95.3,84.4,91.4,91.4,79.8
ברזילי,95.3,2022-04-27T00:00:00.000Z,95.3,84.4,91.4,91.4,79.8
ברזילי,95.3,2022-04-27T00:00:00.000Z,95.3,84.4,91.4,91.4,79.8
ברזילי,95.3,2022-04-27T00:00:00.000Z,95.3,84.4,91.4,91.4,79.8
ברזילי,95.3,2022-04-27T00:00:00.000Z,95.3,84.4,91.4,91.4,79.8
ברזילי,95.3,2022-04-27T00:00:00.000Z,95.3,84.4,91.4,91.4,79.8
ברזילי,95.3,2022-04-27T00:00:00.000Z,95.3,84.4,91.4,91.4,79.8
ברזילי,95.3,2022-04-27T00:00:00.000Z,95.3,84.4,91.4,91.4,79.8
ברזילי,95.3,2022-04-27T00:00:00.000Z,95.3,84.4,91.4,91.4,79.8
ברזילי,95.3,2022-04-27T00:00:00.000Z,95.3,84.4,91.4,91.4,79.8
ברזילי,95.3,2022-04-27T00:00:00.000Z,95.3,84.4,91.4,91.4,79.8
ברזילי,95.3,2022-04-27T00:00:00.000Z,95.3,84.4,91.4,91.4,79.8
ברזילי,95.3,2022-04-27T00:00:00.000Z,95.3,84.4,91.4,91.4,79.8
ברזילי,95.3,2022-04-27T00:00:00.000Z,95.3,84.4,91.4,91.4,79.8
ברזילי,95.3,2022-04-27T00:00:00.000Z,95.3,84.4,91.4,91.4,79.8
ברזילי,95.3,2022-04-27T00:00:00.000Z,95.3,84.4,91.4,91.4,79.8
ברזילי,95.3,2022-04-27T00:00:00.000Z,95.3,84.4,91.4,91.4,79.8
ברזילי,95.3,2022-04-27T00:00:00.000Z,95.3,84.4,91.4,91.4,79.8
ברזילי,95.3,2022-04-27T00:00:00.000Z,95.3,84.4,91.4,91.4,79.8
ברזילי,95.3,2022-04-27T00:00:00.000Z,95.3,84.4,91.4,91.4,79.8
ברזילי,95.3,2022-04-27T00:00:00.000Z,95.3,84.4,91.4,91.4,79.8
ברזילי,95.3,2022-04-27T00:00:00.000Z,95.3,84.4,91.4,91.4,79.8
ברזילי,95.3,2022-04-27T00:00:00.000Z,95.3,84.4,91.4,91.4,79.8
ברזילי,95.3,2022-04-27T00:00:00.000Z,95.3,84.4,91.4,91.4,79.8
ברזילי,95.3,2022-04-27T00:00:00.000Z,95.3,84.4,91.4,91.4,79.8
ברזילי,95.3,2022-04-27T00:00:00.000Z,95.3,84.4,91.4,91.4,79.8
ברזילי,95.3,2022-04-27T00:00:00.000Z,95.3,84.4,91.4,91.4,79.8
ברזילי,95.3,2022-04-27T00:00:00.000Z,95.3,84.4,91.4,91.4,79.8
שמיר,91.5,2022-04-27T00:00:00.000Z,91.5,86.1,73.7,73.7,69.1
שמיר,91.5,2022-04-27T00:00:00.000Z,91.5,86.1,73.7,73.7,69.1
שמיר,91.5,2022-04-27T00:00:00.000Z,91.5,86.1,73.7,73.7,69.1
שמיר,91.5,2022-04-27T00:00:00.000Z,91.5,86.1,73.7,73.7,69.1
שמיר,91.5,2022-04-27T00:00:00.000Z,91.5,86.1,73.7,73.7,69.1
שמיר,91.5,2022-04-27T00:00:00.000Z,91.5,86.1,73.7,73.7,69.1
שמיר,91.5,2022-04-27T00:00:00.000Z,91.5,86.1,73.7,73.7,69.1
שמיר,91.5,2022-04-27T00:00:00.000Z,91.5,86.1,73.7,73.7,69.1
שמיר,91.5,2022-04-27T00:00:00.000Z,91.5,86.1,73.7,73.7,69.1
שמיר,91.5,2022-04-27T00:00:00.000Z,91.5,86.1,73.7,73.7,69.1
שמיר,91.5,2022-04-27T00:00:00.000Z,91.5,86.1,73.7,73.7,69.1
שמיר,91.5,2022-04-27T00:00:00.000Z,91.5,86.1,73.7,73.7,69.1
שמיר,91.5,2022-04-27T00:00:00.000Z,91.5,86.1,73.7,73.7,69.1
שמיר,91.5,2022-04-27T00:00:00.000Z,91.5,86.1,73.7,73.7,69.1
שמיר,91.5,2022-04-27T00:00:00.000Z,91.5,86.1,73.7,73.7,69.1
שמיר,91.5,2022-04-27T00:00:00.000Z,91.5,86.1,73.7,73.7,69.1
שמיר,91.5,2022-04-27T00:00:00.000Z,91.5,86.1,73.7,73.7,69.1
שמיר,91.5,2022-04-27T00:00:00.000Z,91.5,86.1,73.7,73.7,69.1
שמיר,91.5,2022-04-27T00:00:00.000Z,91.5,86.1,73.7,73.7,69.1
שמיר,91.5,2022-04-27T00:00:00.000Z,91.5,86.1,73.7,73.7,69.1
שמיר,91.5,2022-04-27T00:00:00.000Z,91.5,86.1,73.7,73.7,69.1
שמיר,91.5,2022-04-27T00:00:00.000Z,91.5,86.1,73.7,73.7,69.1
שמיר,91.5,2022-04-27T00:00:00.000Z,91.5,86.1,73.7,73.7,69.1
שמיר,91.5,2022-04-27T00:00:00.000Z,91.5,86.1,73.7,73.7,69.1
שמיר,91.5,2022-04-27T00:00:00.000Z,91.5,86.1,73.7,73.7,69.1
שמיר,91.5,2022-04-27T00:00:00.000Z,91.5,86.1,73.7,73.7,69.1
שמיר,91.5,2022-04-27T00:00:00.000Z,91.5,86.1,73.7,73.7,69.1
שמיר,91.5,2022-04-27T00:00:00.000Z,91.5,86.1,73.7,73.7,69.1
שמיר,91.5,2022-04-27T00:00:00.000Z,91.5,86.1,73.7,73.7,69.1
שמיר,91.5,2022-04-27T00:00:00.000Z,91.5,86.1,73.7,73.7,69.1
שמיר,91.5,2022-04-27T00:00:00.000Z,91.5,86.1,73.7,73.7,69.1
שמיר,91.5,2022-04-27T00:00:00.000Z,91.5,86.1,73.7,73.7,69.1
שמיר,91.5,2022-04-27T00:00:00.000Z,91.5,86.1,73.7,73.7,69.1
שמיר,91.5,2022-04-27T00:00:00.000Z,91.5,86.1,73.7,73.7,69.1
זיו צפת,95.3,2022-04-27T00:00:00.000Z,95.3,90.6,84.7,84.7,83.6
זיו צפת,95.3,2022-04-27T00:00:00.000Z,95.3,90.6,84.7,84.7,83.6
זיו צפת,95.3,2022-04-27T00:00:00.000Z,95.3,90.6,84.7,84.7,83.6
זיו צפת,95.3,2022-04-27T00:00:00.000Z,95.3,90.6,84.7,84.7,83.6
זיו צפת,95.3,2022-04-27T00:00:00.000Z,95.3,90.6,84.7,84.7,83.6
זיו צפת,95.3,2022-04-27T00:00:00.000Z,95.3,90.6,84.7,84.7,83.6
זיו צפת,95.3,2022-04-27T00:00:00.000Z,95.3,90.6,84.7,84.7,83.6
זיו צפת,95.3,2022-04-27T00:00:00.000Z,95.3,90.6,84.7,84.7,83.6
זיו צפת,95.3,2022-04-27T00:00:00.000Z,95.3,90.6,84.7,84.7,83.6
זיו צפת,95.3,2022-04-27T00:00:00.000Z,95.3,90.6,84.7,84.7,83.6
זיו צפת,95.3,2022-04-27T00:00:00.000Z,95.3,90.6,84.7,84.7,83.6
זיו צפת,95.3,2022-04-27T00:00:00.000Z,95.3,90.6,84.7,84.7,83.6
זיו צפת,95.3,2022-04-27T00:00:00.000Z,95.3,90.6,84.7,84.7,83.6
זיו צפת,95.3,2022-04-27T00:00:00.000Z,95.3,90.6,84.7,84.7,83.6
זיו צפת,95.3,2022-04-27T00:00:00.000Z,95.3,90.6,84.7,84.7,83.6
זיו צפת,95.3,2022-04-27T00:00:00.000Z,95.3,90.6,84.7,84.7,83.6
זיו צפת,95.3,2022-04-27T00:00:00.000Z,95.3,90.6,84.7,84.7,83.6
זיו צפת,95.3,2022-04-27T00:00:00.000Z,95.3,90.6,84.7,84.7,83.6
זיו צפת,95.3,2022-04-27T00:00:00.000Z,95.3,90.6,84.7,84.7,83.6
זיו צפת,95.3,2022-04-27T00:00:00.000Z,95.3,90.6,84.7,84.7,83.6
זיו צפת,95.3,2022-04-27T00:00:00.000Z,95.3,90.6,84.7,84.7,83.6
זיו צפת,95.3,2022-04-27T00:00:00.000Z,95.3,90.6,84.7,84.7,83.6
זיו צפת,95.3,2022-04-27T00:00:00.000Z,95.3,90.6,84.7,84.7,83.6
זיו צפת,95.3,2022-04-27T00:00:00.000Z,95.3,90.6,84.7,84.7,83.6
זיו צפת,95.3,2022-04-27T00:00:00.000Z,95.3,90.6,84.7,84.7,83.6
זיו צפת,95.3,2022-04-27T00:00:00.000Z,95.3,90.6,84.7,84.7,83.6
זיו צפת,95.3,2022-04-27T00:00:00.000Z,95.3,90.6,84.7,84.7,83.6
זיו צפת,95.3,2022-04-27T00:00:00.000Z,95.3,90.6,84.7,84.7,83.6
זיו צפת,95.3,2022-04-27T00:00:00.000Z,95.3,90.6,84.7,84.7,83.6
זיו צפת,95.3,2022-04-27T00:00:00.000Z,95.3,90.6,84.7,84.7,83.6
זיו צפת,95.3,2022-04-27T00:00:00.000Z,95.3,90.6,84.7,84.7,83.6
זיו צפת,95.3,2022-04-27T00:00:00.000Z,95.3,90.6,84.7,84.7,83.6
זיו צפת,95.3,2022-04-27T00:00:00.000Z,95.3,90.6,84.7,84.7,83.6
זיו צפת,95.3,2022-04-27T00:00:00.000Z,95.3,90.6,84.7,84.7,83.6
יוספטל,81.3,2022-04-27T00:00:00.000Z,81.3,50,53.8,53.8,49.2
יוספטל,81.3,2022-04-27T00:00:00.000Z,81.3,50,53.8,53.8,49.2
יוספטל,81.3,2022-04-27T00:00:00.000Z,81.3,50,53.8,53.8,49.2
יוספטל,81.3,2022-04-27T00:00:00.000Z,81.3,50,53.8,53.8,49.2
יוספטל,81.3,2022-04-27T00:00:00.000Z,81.3,50,53.8,53.8,49.2
יוספטל,81.3,2022-04-27T00:00:00.000Z,81.3,50,53.8,53.8,49.2
יוספטל,81.3,2022-04-27T00:00:00.000Z,81.3,50,53.8,53.8,49.2
יוספטל,81.3,2022-04-27T00:00:00.000Z,81.3,50,53.8,53.8,49.2
יוספטל,81.3,2022-04-27T00:00:00.000Z,81.3,50,53.8,53.8,49.2
יוספטל,81.3,2022-04-27T00:00:00.000Z,81.3,50,53.8,53.8,49.2
יוספטל,81.3,2022-04-27T00:00:00.000Z,81.3,50,53.8,53.8,49.2
יוספטל,81.3,2022-04-27T00:00:00.000Z,81.3,50,53.8,53.8,49.2
יוספטל,81.3,2022-04-27T00:00:00.000Z,81.3,50,53.8,53.8,49.2
יוספטל,81.3,2022-04-27T00:00:00.000Z,81.3,50,53.8,53.8,49.2
יוספטל,81.3,2022-04-27T00:00:00.000Z,81.3,50,53.8,53.8,49.2
יוספטל,81.3,2022-04-27T00:00:00.000Z,81.3,50,53.8,53.8,49.2
יוספטל,81.3,2022-04-27T00:00:00.000Z,81.3,50,53.8,53.8,49.2
יוספטל,81.3,2022-04-27T00:00:00.000Z,81.3,50,53.8,53.8,49.2
יוספטל,81.3,2022-04-27T00:00:00.000Z,81.3,50,53.8,53.8,49.2
יוספטל,81.3,2022-04-27T00:00:00.000Z,81.3,50,53.8,53.8,49.2
יוספטל,81.3,2022-04-27T00:00:00.000Z,81.3,50,53.8,53.8,49.2
יוספטל,81.3,2022-04-27T00:00:00.000Z,81.3,50,53.8,53.8,49.2
יוספטל,81.3,2022-04-27T00:00:00.000Z,81.3,50,53.8,53.8,49.2
יוספטל,81.3,2022-04-27T00:00:00.000Z,81.3,50,53.8,53.8,49.2
יוספטל,81.3,2022-04-27T00:00:00.000Z,81.3,50,53.8,53.8,49.2
יוספטל,81.3,2022-04-27T00:00:00.000Z,81.3,50,53.8,53.8,49.2
יוספטל,81.3,2022-04-27T00:00:00.000Z,81.3,50,53.8,53.8,49.2
יוספטל,81.3,2022-04-27T00:00:00.000Z,81.3,50,53.8,53.8,49.2
יוספטל,81.3,2022-04-27T00:00:00.000Z,81.3,50,53.8,53.8,49.2
יוספטל,81.3,2022-04-27T00:00:00.000Z,81.3,50,53.8,53.8,49.2
יוספטל,81.3,2022-04-27T00:00:00.000Z,81.3,50,53.8,53.8,49.2
יוספטל,81.3,2022-04-27T00:00:00.000Z,81.3,50,53.8,53.8,49.2
יוספטל,81.3,2022-04-27T00:00:00.000Z,81.3,50,53.8,53.8,49.2
יוספטל,81.3,2022-04-27T00:00:00.000Z,81.3,50,53.8,53.8,49.2
"רמב""ם",99,2022-04-27T00:00:00.000Z,99,96.5,92.1,92.1,94
"רמב""ם",99,2022-04-27T00:00:00.000Z,99,96.5,92.1,92.1,94
"רמב""ם",99,2022-04-27T00:00:00.000Z,99,96.5,92.1,92.1,94
"רמב""ם",99,2022-04-27T00:00:00.000Z,99,96.5,92.1,92.1,94
"רמב""ם",99,2022-04-27T00:00:00.000Z,99,96.5,92.1,92.1,94
"רמב""ם",99,2022-04-27T00:00:00.000Z,99,96.5,92.1,92.1,94
"רמב""ם",99,2022-04-27T00:00:00.000Z,99,96.5,92.1,92.1,94
"רמב""ם",99,2022-04-27T00:00:00.000Z,99,96.5,92.1,92.1,94
"רמב""ם",99,2022-04-27T00:00:00.000Z,99,96.5,92.1,92.1,94
"רמב""ם",99,2022-04-27T00:00:00.000Z,99,96.5,92.1,92.1,94
"רמב""ם",99,2022-04-27T00:00:00.000Z,99,96.5,92.1,92.1,94
"רמב""ם",99,2022-04-27T00:00:00.000Z,99,96.5,92.1,92.1,94
"רמב""ם",99,2022-04-27T00:00:00.000Z,99,96.5,92.1,92.1,94
"רמב""ם",99,2022-04-27T00:00:00.000Z,99,96.5,92.1,92.1,94
"רמב""ם",99,2022-04-27T00:00:00.000Z,99,96.5,92.1,92.1,94
"רמב""ם",99,2022-04-27T00:00:00.000Z,99,96.5,92.1,92.1,94
"רמב""ם",99,2022-04-27T00:00:00.000Z,99,96.5,92.1,92.1,94
"רמב""ם",99,2022-04-27T00:00:00.000Z,99,96.5,92.1,92.1,94
"רמב""ם",99,2022-04-27T00:00:00.000Z,99,96.5,92.1,92.1,94
"רמב""ם",99,2022-04-27T00:00:00.000Z,99,96.5,92.1,92.1,94
"רמב""ם",99,2022-04-27T00:00:00.000Z,99,96.5,92.1,92.1,94
"רמב""ם",99,2022-04-27T00:00:00.000Z,99,96.5,92.1,92.1,94
"רמב""ם",99,2022-04-27T00:00:00.000Z,99,96.5,92.1,92.1,94
"רמב""ם",99,2022-04-27T00:00:00.000Z,99,96.5,92.1,92.1,94
"רמב""ם",99,2022-04-27T00:00:00.000Z,99,96.5,92.1,92.1,94
"רמב""ם",99,2022-04-27T00:00:00.000Z,99,96.5,92.1,92.1,94
"רמב""ם",99,2022-04-27T00:00:00.000Z,99,96.5,92.1,92.1,94
"רמב""ם",99,2022-04-27T00:00:00.000Z,99,96.5,92.1,92.1,94
"רמב""ם",99,2022-04-27T00:00:00.000Z,99,96.5,92.1,92.1,94
"רמב""ם",99,2022-04-27T00:00:00.000Z,99,96.5,92.1,92.1,94
"רמב""ם",99,2022-04-27T00:00:00.000Z,99,96.5,92.1,92.1,94
"רמב""ם",99,2022-04-27T00:00:00.000Z,99,96.5,92.1,92.1,94
"רמב""ם",99,2022-04-27T00:00:00.000Z,99,96.5,92.1,92.1,94
"רמב""ם",99,2022-04-27T00:00:00.000Z,99,96.5,92.1,92.1,94
נהריה,90.5,2022-04-27T00:00:00.000Z,90.5,93.7,86.2,86.2,86.3
נהריה,90.5,2022-04-27T00:00:00.000Z,90.5,93.7,86.2,86.2,86.3
נהריה,90.5,2022-04-27T00:00:00.000Z,90.5,93.7,86.2,86.2,86.3
נהריה,90.5,2022-04-27T00:00:00.000Z,90.5,93.7,86.2,86.2,86.3
נהריה,90.5,2022-04-27T00:00:00.000Z,90.5,93.7,86.2,86.2,86.3
נהריה,90.5,2022-04-27T00:00:00.000Z,90.5,93.7,86.2,86.2,86.3
נהריה,90.5,2022-04-27T00:00:00.000Z,90.5,93.7,86.2,86.2,86.3
נהריה,90.5,2022-04-27T00:00:00.000Z,90.5,93.7,86.2,86.2,86.3
נהריה,90.5,2022-04-27T00:00:00.000Z,90.5,93.7,86.2,86.2,86.3
נהריה,90.5,2022-04-27T00:00:00.000Z,90.5,93.7,86.2,86.2,86.3
נהריה,90.5,2022-04-27T00:00:00.000Z,90.5,93.7,86.2,86.2,86.3
נהריה,90.5,2022-04-27T00:00:00.000Z,90.5,93.7,86.2,86.2,86.3
נהריה,90.5,2022-04-27T00:00:00.000Z,90.5,93.7,86.2,86.2,86.3
נהריה,90.5,2022-04-27T00:00:00.000Z,90.5,93.7,86.2,86.2,86.3
נהריה,90.5,2022-04-27T00:00:00.000Z,90.5,93.7,86.2,86.2,86.3
נהריה,90.5,2022-04-27T00:00:00.000Z,90.5,93.7,86.2,86.2,86.3
נהריה,90.5,2022-04-27T00:00:00.000Z,90.5,93.7,86.2,86.2,86.3
נהריה,90.5,2022-04-27T00:00:00.000Z,90.5,93.7,86.2,86.2,86.3
נהריה,90.5,2022-04-27T00:00:00.000Z,90.5,93.7,86.2,86.2,86.3
נהריה,90.5,2022-04-27T00:00:00.000Z,90.5,93.7,86.2,86.2,86.3
נהריה,90.5,2022-04-27T00:00:00.000Z,90.5,93.7,86.2,86.2,86.3
נהריה,90.5,2022-04-27T00:00:00.000Z,90.5,93.7,86.2,86.2,86.3
נהריה,90.5,2022-04-27T00:00:00.000Z,90.5,93.7,86.2,86.2,86.3
נהריה,90.5,2022-04-27T00:00:00.000Z,90.5,93.7,86.2,86.2,86.3
נהריה,90.5,2022-04-27T00:00:00.000Z,90.5,93.7,86.2,86.2,86.3
נהריה,90.5,2022-04-27T00:00:00.000Z,90.5,93.7,86.2,86.2,86.3
נהריה,90.5,2022-04-27T00:00:00.000Z,90.5,93.7,86.2,86.2,86.3
נהריה,90.5,2022-04-27T00:00:00.000Z,90.5,93.7,86.2,86.2,86.3
נהריה,90.5,2022-04-27T00:00:00.000Z,90.5,93.7,86.2,86.2,86.3
נהריה,90.5,2022-04-27T00:00:00.000Z,90.5,93.7,86.2,86.2,86.3
נהריה,90.5,2022-04-27T00:00:00.000Z,90.5,93.7,86.2,86.2,86.3
נהריה,90.5,2022-04-27T00:00:00.000Z,90.5,93.7,86.2,86.2,86.3
נהריה,90.5,2022-04-27T00:00:00.000Z,90.5,93.7,86.2,86.2,86.3
נהריה,90.5,2022-04-27T00:00:00.000Z,90.5,93.7,86.2,86.2,86.3
ברזילי,95.3,2022-04-27T00:00:00.000Z,95.3,84.4,91.4,91.4,79.8
ברזילי,95.3,2022-04-27T00:00:00.000Z,95.3,84.4,91.4,91.4,79.8
ברזילי,95.3,2022-04-27T00:00:00.000Z,95.3,84.4,91.4,91.4,79.8
ברזילי,95.3,2022-04-27T00:00:00.000Z,95.3,84.4,91.4,91.4,79.8
ברזילי,95.3,2022-04-27T00:00:00.000Z,95.3,84.4,91.4,91.4,79.8
ברזילי,95.3,2022-04-27T00:00:00.000Z,95.3,84.4,91.4,91.4,79.8
ברזילי,95.3,2022-04-27T00:00:00.000Z,95.3,84.4,91.4,91.4,79.8
ברזילי,95.3,2022-04-27T00:00:00.000Z,95.3,84.4,91.4,91.4,79.8
ברזילי,95.3,2022-04-27T00:00:00.000Z,95.3,84.4,91.4,91.4,79.8
ברזילי,95.3,2022-04-27T00:00:00.000Z,95.3,84.4,91.4,91.4,79.8
ברזילי,95.3,2022-04-27T00:00:00.000Z,95.3,84.4,91.4,91.4,79.8
ברזילי,95.3,2022-04-27T00:00:00.000Z,95.3,84.4,91.4,91.4,79.8
ברזילי,95.3,2022-04-27T00:00:00.000Z,95.3,84.4,91.4,91.4,79.8
ברזילי,95.3,2022-04-27T00:00:00.000Z,95.3,84.4,91.4,91.4,79.8
ברזילי,95.3,2022-04-27T00:00:00.000Z,95.3,84.4,91.4,91.4,79.8
ברזילי,95.3,2022-04-27T00:00:00.000Z,95.3,84.4,91.4,91.4,79.8
ברזילי,95.3,2022-04-27T00:00:00.000Z,95.3,84.4,91.4,91.4,79.8
ברזילי,95.3,2022-04-27T00:00:00.000Z,95.3,84.4,91.4,91.4,79.8
ברזילי,95.3,2022-04-27T00:00:00.000Z,95.3,84.4,91.4,91.4,79.8
ברזילי,95.3,2022-04-27T00:00:00.000Z,95.3,84.4,91.4,91.4,79.8
ברזילי,95.3,2022-04-27T00:00:00.000Z,95.3,84.4,91.4,91.4,79.8
ברזילי,95.3,2022-04-27T00:00:00.000Z,95.3,84.4,91.4,91.4,79.8
ברזילי,95.3,2022-04-27T00:00:00.000Z,95.3,84.4,91.4,91.4,79.8
ברזילי,95.3,2022-04-27T00:00:00.000Z,95.3,84.4,91.4,91.4,79.8
ברזילי,95.3,2022-04-27T00:00:00.000Z,95.3,84.4,91.4,91.4,79.8
ברזילי,95.3,2022-04-27T00:00:00.000Z,95.3,84.4,91.4,91.4,79.8
ברזילי,95.3,2022-04-27T00:00:00.000Z,95.3,84.4,91.4,91.4,79.8
ברזילי,95.3,2022-04-27T00:00:00.000Z,95.3,84.4,91.4,91.4,79.8
ברזילי,95.3,2022-04-27T00:00:00.000Z,95.3,84.4,91.4,91.4,79.8
ברזילי,95.3,2022-04-27T00:00:00.000Z,95.3,84.4,91.4,91.4,79.8
ברזילי,95.3,2022-04-27T00:00:00.000Z,95.3,84.4,91.4,91.4,79.8
ברזילי,95.3,2022-04-27T00:00:00.000Z,95.3,84.4,91.4,91.4,79.8
ברזילי,95.3,2022-04-27T00:00:00.000Z,95.3,84.4,91.4,91.4,79.8
ברזילי,95.3,2022-04-27T00:00:00.000Z,95.3,84.4,91.4,91.4,79.8
שמיר,91.5,2022-04-27T00:00:00.000Z,91.5,86.1,73.7,73.7,69.1
שמיר,91.5,2022-04-27T00:00:00.000Z,91.5,86.1,73.7,73.7,69.1
שמיר,91.5,2022-04-27T00:00:00.000Z,91.5,86.1,73.7,73.7,69.1
שמיר,91.5,2022-04-27T00:00:00.000Z,91.5,86.1,73.7,73.7,69.1
שמיר,91.5,2022-04-27T00:00:00.000Z,91.5,86.1,73.7,73.7,69.1
שמיר,91.5,2022-04-27T00:00:00.000Z,91.5,86.1,73.7,73.7,69.1
שמיר,91.5,2022-04-27T00:00:00.000Z,91.5,86.1,73.7,73.7,69.1
שמיר,91.5,2022-04-27T00:00:00.000Z,91.5,86.1,73.7,73.7,69.1
שמיר,91.5,2022-04-27T00:00:00.000Z,91.5,86.1,73.7,73.7,69.1
שמיר,91.5,2022-04-27T00:00:00.000Z,91.5,86.1,73.7,73.7,69.1
שמיר,91.5,2022-04-27T00:00:00.000Z,91.5,86.1,73.7,73.7,69.1
שמיר,91.5,2022-04-27T00:00:00.000Z,91.5,86.1,73.7,73.7,69.1
שמיר,91.5,2022-04-27T00:00:00.000Z,91.5,86.1,73.7,73.7,69.1
שמיר,91.5,2022-04-27T00:00:00.000Z,91.5,86.1,73.7,73.7,69.1
שמיר,91.5,2022-04-27T00:00:00.000Z,91.5,86.1,73.7,73.7,69.1
שמיר,91.5,2022-04-27T00:00:00.000Z,91.5,86.1,73.7,73.7,69.1
שמיר,91.5,2022-04-27T00:00:00.000Z,91.5,86.1,73.7,73.7,69.1
שמיר,91.5,2022-04-27T00:00:00.000Z,91.5,86.1,73.7,73.7,69.1
שמיר,91.5,2022-04-27T00:00:00.000Z,91.5,86.1,73.7,73.7,69.1
שמיר,91.5,2022-04-27T00:00:00.000Z,91.5,86.1,73.7,73.7,69.1
שמיר,91.5,2022-04-27T00:00:00.000Z,91.5,86.1,73.7,73.7,69.1
שמיר,91.5,2022-04-27T00:00:00.000Z,91.5,86.1,73.7,73.7,69.1
שמיר,91.5,2022-04-27T00:00:00.000Z,91.5,86.1,73.7,73.7,69.1
שמיר,91.5,2022-04-27T00:00:00.000Z,91.5,86.1,73.7,73.7,69.1
שמיר,91.5,2022-04-27T00:00:00.000Z,91.5,86.1,73.7,73.7,69.1
שמיר,91.5,2022-04-27T00:00:00.000Z,91.5,86.1,73.7,73.7,69.1
שמיר,91.5,2022-04-27T00:00:00.000Z,91.5,86.1,73.7,73.7,69.1
שמיר,91.5,2022-04-27T00:00:00.000Z,91.5,86.1,73.7,73.7,69.1
שמיר,91.5,2022-04-27T00:00:00.000Z,91.5,86.1,73.7,73.7,69.1
שמיר,91.5,2022-04-27T00:00:00.000Z,91.5,86.1,73.7,73.7,69.1
שמיר,91.5,2022-04-27T00:00:00.000Z,91.5,86.1,73.7,73.7,69.1
שמיר,91.5,2022-04-27T00:00:00.000Z,91.5,86.1,73.7,73.7,69.1
שמיר,91.5,2022-04-27T00:00:00.000Z,91.5,86.1,73.7,73.7,69.1
שמיר,91.5,2022-04-27T00:00:00.000Z,91.5,86.1,73.7,73.7,69.1
הלל יפה,102.1,2022-04-27T00:00:00.000Z,102.1,97.9,87.2,87.2,98.1
הלל יפה,102.1,2022-04-27T00:00:00.000Z,102.1,97.9,87.2,87.2,98.1
הלל יפה,102.1,2022-04-27T00:00:00.000Z,102.1,97.9,87.2,87.2,98.1
הלל יפה,102.1,2022-04-27T00:00:00.000Z,102.1,97.9,87.2,87.2,98.1
הלל יפה,102.1,2022-04-27T00:00:00.000Z,102.1,97.9,87.2,87.2,98.1
הלל יפה,102.1,2022-04-27T00:00:00.000Z,102.1,97.9,87.2,87.2,98.1
הלל יפה,102.1,2022-04-27T00:00:00.000Z,102.1,97.9,87.2,87.2,98.1
הלל יפה,102.1,2022-04-27T00:00:00.000Z,102.1,97.9,87.2,87.2,98.1
הלל יפה,102.1,2022-04-27T00:00:00.000Z,102.1,97.9,87.2,87.2,98.1
הלל יפה,102.1,2022-04-27T00:00:00.000Z,102.1,97.9,87.2,87.2,98.1
הלל יפה,102.1,2022-04-27T00:00:00.000Z,102.1,97.9,87.2,87.2,98.1
הלל יפה,102.1,2022-04-27T00:00:00.000Z,102.1,97.9,87.2,87.2,98.1
הלל יפה,102.1,2022-04-27T00:00:00.000Z,102.1,97.9,87.2,87.2,98.1
הלל יפה,102.1,2022-04-27T00:00:00.000Z,102.1,97.9,87.2,87.2,98.1
הלל יפה,102.1,2022-04-27T00:00:00.000Z,102.1,97.9,87.2,87.2,98.1
הלל יפה,102.1,2022-04-27T00:00:00.000Z,102.1,97.9,87.2,87.2,98.1
הלל יפה,102.1,2022-04-27T00:00:00.000Z,102.1,97.9,87.2,87.2,98.1
הלל יפה,102.1,2022-04-27T00:00:00.000Z,102.1,97.9,87.2,87.2,98.1
הלל יפה,102.1,2022-04-27T00:00:00.000Z,102.1,97.9,87.2,87.2,98.1
הלל יפה,102.1,2022-04-27T00:00:00.000Z,102.1,97.9,87.2,87.2,98.1
הלל יפה,102.1,2022-04-27T00:00:00.000Z,102.1,97.9,87.2,87.2,98.1
הלל יפה,102.1,2022-04-27T00:00:00.000Z,102.1,97.9,87.2,87.2,98.1
הלל יפה,102.1,2022-04-27T00:00:00.000Z,102.1,97.9,87.2,87.2,98.1
הלל יפה,102.1,2022-04-27T00:00:00.000Z,102.1,97.9,87.2,87.2,98.1
הלל יפה,102.1,2022-04-27T00:00:00.000Z,102.1,97.9,87.2,87.2,98.1
הלל יפה,102.1,2022-04-27T00:00:00.000Z,102.1,97.9,87.2,87.2,98.1
הלל יפה,102.1,2022-04-27T00:00:00.000Z,102.1,97.9,87.2,87.2,98.1
הלל יפה,102.1,2022-04-27T00:00:00.000Z,102.1,97.9,87.2,87.2,98.1
הלל יפה,102.1,2022-04-27T00:00:00.000Z,102.1,97.9,87.2,87.2,98.1
הלל יפה,102.1,2022-04-27T00:00:00.000Z,102.1,97.9,87.2,87.2,98.1
הלל יפה,102.1,2022-04-27T00:00:00.000Z,102.1,97.9,87.2,87.2,98.1
הלל יפה,102.1,2022-04-27T00:00:00.000Z,102.1,97.9,87.2,87.2,98.1
הלל יפה,102.1,2022-04-27T00:00:00.000Z,102.1,97.9,87.2,87.2,98.1
הלל יפה,102.1,2022-04-27T00:00:00.000Z,102.1,97.9,87.2,87.2,98.1
יוספטל,81.3,2022-04-27T00:00:00.000Z,81.3,50,53.8,53.8,49.2
יוספטל,81.3,2022-04-27T00:00:00.000Z,81.3,50,53.8,53.8,49.2
יוספטל,81.3,2022-04-27T00:00:00.000Z,81.3,50,53.8,53.8,49.2
יוספטל,81.3,2022-04-27T00:00:00.000Z,81.3,50,53.8,53.8,49.2
יוספטל,81.3,2022-04-27T00:00:00.000Z,81.3,50,53.8,53.8,49.2
יוספטל,81.3,2022-04-27T00:00:00.000Z,81.3,50,53.8,53.8,49.2
יוספטל,81.3,2022-04-27T00:00:00.000Z,81.3,50,53.8,53.8,49.2
יוספטל,81.3,2022-04-27T00:00:00.000Z,81.3,50,53.8,53.8,49.2
יוספטל,81.3,2022-04-27T00:00:00.000Z,81.3,50,53.8,53.8,49.2
יוספטל,81.3,2022-04-27T00:00:00.000Z,81.3,50,53.8,53.8,49.2
יוספטל,81.3,2022-04-27T00:00:00.000Z,81.3,50,53.8,53.8,49.2
יוספטל,81.3,2022-04-27T00:00:00.000Z,81.3,50,53.8,53.8,49.2
יוספטל,81.3,2022-04-27T00:00:00.000Z,81.3,50,53.8,53.8,49.2
יוספטל,81.3,2022-04-27T00:00:00.000Z,81.3,50,53.8,53.8,49.2
יוספטל,81.3,2022-04-27T00:00:00.000Z,81.3,50,53.8,53.8,49.2
יוספטל,81.3,2022-04-27T00:00:00.000Z,81.3,50,53.8,53.8,49.2
יוספטל,81.3,2022-04-27T00:00:00.000Z,81.3,50,53.8,53.8,49.2
יוספטל,81.3,2022-04-27T00:00:00.000Z,81.3,50,53.8,53.8,49.2
יוספטל,81.3,2022-04-27T00:00:00.000Z,81.3,50,53.8,53.8,49.2
יוספטל,81.3,2022-04-27T00:00:00.000Z,81.3,50,53.8,53.8,49.2
יוספטל,81.3,2022-04-27T00:00:00.000Z,81.3,50,53.8,53.8,49.2
יוספטל,81.3,2022-04-27T00:00:00.000Z,81.3,50,53.8,53.8,49.2
יוספטל,81.3,2022-04-27T00:00:00.000Z,81.3,50,53.8,53.8,49.2
יוספטל,81.3,2022-04-27T00:00:00.000Z,81.3,50,53.8,53.8,49.2
יוספטל,81.3,2022-04-27T00:00:00.000Z,81.3,50,53.8,53.8,49.2
יוספטל,81.3,2022-04-27T00:00:00.000Z,81.3,50,53.8,53.8,49.2
יוספטל,81.3,2022-04-27T00:00:00.000Z,81.3,50,53.8,53.8,49.2
יוספטל,81.3,2022-04-27T00:00:00.000Z,81.3,50,53.8,53.8,49.2
יוספטל,81.3,2022-04-27T00:00:00.000Z,81.3,50,53.8,53.8,49.2
יוספטל,81.3,2022-04-27T00:00:00.000Z,81.3,50,53.8,53.8,49.2
יוספטל,81.3,2022-04-27T00:00:00.000Z,81.3,50,53.8,53.8,49.2
יוספטל,81.3,2022-04-27T00:00:00.000Z,81.3,50,53.8,53.8,49.2
יוספטל,81.3,2022-04-27T00:00:00.000Z,81.3,50,53.8,53.8,49.2
יוספטל,81.3,2022-04-27T00:00:00.000Z,81.3,50,53.8,53.8,49.2
"רמב""ם",99,2022-04-27T00:00:00.000Z,99,96.5,92.1,92.1,94
"רמב""ם",99,2022-04-27T00:00:00.000Z,99,96.5,92.1,92.1,94
"רמב""ם",99,2022-04-27T00:00:00.000Z,99,96.5,92.1,92.1,94
"רמב""ם",99,2022-04-27T00:00:00.000Z,99,96.5,92.1,92.1,94
"רמב""ם",99,2022-04-27T00:00:00.000Z,99,96.5,92.1,92.1,94
"רמב""ם",99,2022-04-27T00:00:00.000Z,99,96.5,92.1,92.1,94
"רמב""ם",99,2022-04-27T00:00:00.000Z,99,96.5,92.1,92.1,94
"רמב""ם",99,2022-04-27T00:00:00.000Z,99,96.5,92.1,92.1,94
"רמב""ם",99,2022-04-27T00:00:00.000Z,99,96.5,92.1,92.1,94
"רמב""ם",99,2022-04-27T00:00:00.000Z,99,96.5,92.1,92.1,94
"רמב""ם",99,2022-04-27T00:00:00.000Z,99,96.5,92.1,92.1,94
"רמב""ם",99,2022-04-27T00:00:00.000Z,99,96.5,92.1,92.1,94
"רמב""ם",99,2022-04-27T00:00:00.000Z,99,96.5,92.1,92.1,94
"רמב""ם",99,2022-04-27T00:00:00.000Z,99,96.5,92.1,92.1,94
"רמב""ם",99,2022-04-27T00:00:00.000Z,99,96.5,92.1,92.1,94
"רמב""ם",99,2022-04-27T00:00:00.000Z,99,96.5,92.1,92.1,94
"רמב""ם",99,2022-04-27T00:00:00.000Z,99,96.5,92.1,92.1,94
"רמב""ם",99,2022-04-27T00:00:00.000Z,99,96.5,92.1,92.1,94
"רמב""ם",99,2022-04-27T00:00:00.000Z,99,96.5,92.1,92.1,94
"רמב""ם",99,2022-04-27T00:00:00.000Z,99,96.5,92.1,92.1,94
"רמב""ם",99,2022-04-27T00:00:00.000Z,99,96.5,92.1,92.1,94
"רמב""ם",99,2022-04-27T00:00:00.000Z,99,96.5,92.1,92.1,94
"רמב""ם",99,2022-04-27T00:00:00.000Z,99,96.5,92.1,92.1,94
"רמב""ם",99,2022-04-27T00:00:00.000Z,99,96.5,92.1,92.1,94
"רמב""ם",99,2022-04-27T00:00:00.000Z,99,96.5,92.1,92.1,94
"רמב""ם",99,2022-04-27T00:00:00.000Z,99,96.5,92.1,92.1,94
"רמב""ם",99,2022-04-27T00:00:00.000Z,99,96.5,92.1,92.1,94
"רמב""ם",99,2022-04-27T00:00:00.000Z,99,96.5,92.1,92.1,94
"רמב""ם",99,2022-04-27T00:00:00.000Z,99,96.5,92.1,92.1,94
"רמב""ם",99,2022-04-27T00:00:00.000Z,99,96.5,92.1,92.1,94
"רמב""ם",99,2022-04-27T00:00:00.000Z,99,96.5,92.1,92.1,94
"רמב""ם",99,2022-04-27T00:00:00.000Z,99,96.5,92.1,92.1,94
"רמב""ם",99,2022-04-27T00:00:00.000Z,99,96.5,92.1,92.1,94
"רמב""ם",99,2022-04-27T00:00:00.000Z,99,96.5,92.1,92.1,94
ברזילי,95.3,2022-04-27T00:00:00.000Z,95.3,84.4,91.4,91.4,79.8
ברזילי,95.3,2022-04-27T00:00:00.000Z,95.3,84.4,91.4,91.4,79.8
ברזילי,95.3,2022-04-27T00:00:00.000Z,95.3,84.4,91.4,91.4,79.8
ברזילי,95.3,2022-04-27T00:00:00.000Z,95.3,84.4,91.4,91.4,79.8
ברזילי,95.3,2022-04-27T00:00:00.000Z,95.3,84.4,91.4,91.4,79.8
ברזילי,95.3,2022-04-27T00:00:00.000Z,95.3,84.4,91.4,91.4,79.8
ברזילי,95.3,2022-04-27T00:00:00.000Z,95.3,84.4,91.4,91.4,79.8
ברזילי,95.3,2022-04-27T00:00:00.000Z,95.3,84.4,91.4,91.4,79.8
ברזילי,95.3,2022-04-27T00:00:00.000Z,95.3,84.4,91.4,91.4,79.8
ברזילי,95.3,2022-04-27T00:00:00.000Z,95.3,84.4,91.4,91.4,79.8
ברזילי,95.3,2022-04-27T00:00:00.000Z,95.3,84.4,91.4,91.4,79.8
ברזילי,95.3,2022-04-27T00:00:00.000Z,95.3,84.4,91.4,91.4,79.8
ברזילי,95.3,2022-04-27T00:00:00.000Z,95.3,84.4,91.4,91.4,79.8
ברזילי,95.3,2022-04-27T00:00:00.000Z,95.3,84.4,91.4,91.4,79.8
ברזילי,95.3,2022-04-27T00:00:00.000Z,95.3,84.4,91.4,91.4,79.8
ברזילי,95.3,2022-04-27T00:00:00.000Z,95.3,84.4,91.4,91.4,79.8
ברזילי,95.3,2022-04-27T00:00:00.000Z,95.3,84.4,91.4,91.4,79.8
ברזילי,95.3,2022-04-27T00:00:00.000Z,95.3,84.4,91.4,91.4,79.8
ברזילי,95.3,2022-04-27T00:00:00.000Z,95.3,84.4,91.4,91.4,79.8
ברזילי,95.3,2022-04-27T00:00:00.000Z,95.3,84.4,91.4,91.4,79.8
ברזילי,95.3,2022-04-27T00:00:00.000Z,95.3,84.4,91.4,91.4,79.8
ברזילי,95.3,2022-04-27T00:00:00.000Z,95.3,84.4,91.4,91.4,79.8
ברזילי,95.3,2022-04-27T00:00:00.000Z,95.3,84.4,91.4,91.4,79.8
ברזילי,95.3,2022-04-27T00:00:00.000Z,95.3,84.4,91.4,91.4,79.8
ברזילי,95.3,2022-04-27T00:00:00.000Z,95.3,84.4,91.4,91.4,79.8
ברזילי,95.3,2022-04-27T00:00:00.000Z,95.3,84.4,91.4,91.4,79.8
ברזילי,95.3,2022-04-27T00:00:00.000Z,95.3,84.4,91.4,91.4,79.8
ברזילי,95.3,2022-04-27T00:00:00.000Z,95.3,84.4,91.4,91.4,79.8
ברזילי,95.3,2022-04-27T00:00:00.000Z,95.3,84.4,91.4,91.4,79.8
ברזילי,95.3,2022-04-27T00:00:00.000Z,95.3,84.4,91.4,91.4,79.8
ברזילי,95.3,2022-04-27T00:00:00.000Z,95.3,84.4,91.4,91.4,79.8
ברזילי,95.3,2022-04-27T00:00:00.000Z,95.3,84.4,91.4,91.4,79.8
ברזילי,95.3,2022-04-27T00:00:00.000Z,95.3,84.4,91.4,91.4,79.8
ברזילי,95.3,2022-04-27T00:00:00.000Z,95.3,84.4,91.4,91.4,79.8
שיבא,104.2,2022-04-27T00:00:00.000Z,104.2,,106.7,106.7,
שיבא,104.2,2022-04-27T00:00:00.000Z,104.2,,106.7,106.7,
שיבא,104.2,2022-04-27T00:00:00.000Z,104.2,,106.7,106.7,
שיבא,104.2,2022-04-27T00:00:00.000Z,104.2,,106.7,106.7,
שיבא,104.2,2022-04-27T00:00:00.000Z,104.2,,106.7,106.7,
שיבא,104.2,2022-04-27T00:00:00.000Z,104.2,,106.7,106.7,
שיבא,104.2,2022-04-27T00:00:00.000Z,104.2,,106.7,106.7,
שיבא,104.2,2022-04-27T00:00:00.000Z,104.2,,106.7,106.7,
שיבא,104.2,2022-04-27T00:00:00.000Z,104.2,,106.7,106.7,
שיבא,104.2,2022-04-27T00:00:00.000Z,104.2,,106.7,106.7,
שיבא,104.2,2022-04-27T00:00:00.000Z,104.2,,106.7,106.7,
שיבא,104.2,2022-04-27T00:00:00.000Z,104.2,,106.7,106.7,
שיבא,104.2,2022-04-27T00:00:00.000Z,104.2,,106.7,106.7,
שיבא,104.2,2022-04-27T00:00:00.000Z,104.2,,106.7,106.7,
שיבא,104.2,2022-04-27T00:00:00.000Z,104.2,,106.7,106.7,
שיבא,104.2,2022-04-27T00:00:00.000Z,104.2,,106.7,106.7,
שיבא,104.2,2022-04-27T00:00:00.000Z,104.2,,106.7,106.7,
שיבא,104.2,2022-04-27T00:00:00.000Z,104.2,,106.7,106.7,
שיבא,104.2,2022-04-27T00:00:00.000Z,104.2,,106.7,106.7,
שיבא,104.2,2022-04-27T00:00:00.000Z,104.2,,106.7,106.7,
שיבא,104.2,2022-04-27T00:00:00.000Z,104.2,,106.7,106.7,
שיבא,104.2,2022-04-27T00:00:00.000Z,104.2,,106.7,106.7,
שיבא,104.2,2022-04-27T00:00:00.000Z,104.2,,106.7,106.7,
שיבא,104.2,2022-04-27T00:00:00.000Z,104.2,,106.7,106.7,
שיבא,104.2,2022-04-27T00:00:00.000Z,104.2,,106.7,106.7,
שיבא,104.2,2022-04-27T00:00:00.000Z,104.2,,106.7,106.7,
שיבא,104.2,2022-04-27T00:00:00.000Z,104.2,,106.7,106.7,
שיבא,104.2,2022-04-27T00:00:00.000Z,104.2,,106.7,106.7,
שיבא,104.2,2022-04-27T00:00:00.000Z,104.2,,106.7,106.7,
שיבא,104.2,2022-04-27T00:00:00.000Z,104.2,,106.7,106.7,
שיבא,104.2,2022-04-27T00:00:00.000Z,104.2,,106.7,106.7,
שיבא,104.2,2022-04-27T00:00:00.000Z,104.2,,106.7,106.7,
שיבא,104.2,2022-04-27T00:00:00.000Z,104.2,,106.7,106.7,
שיבא,104.2,2022-04-27T00:00:00.000Z,104.2,,106.7,106.7,
שיבא,104.2,2022-04-27T00:00:00.000Z,104.2,,106.7,106.7,
שיבא,104.2,2022-04-27T00:00:00.000Z,104.2,,106.7,106.7,
שיבא,104.2,2022-04-27T00:00:00.000Z,104.2,,106.7,106.7,
שיבא,104.2,2022-04-27T00:00:00.000Z,104.2,,106.7,106.7,
הלל יפה,102.1,2022-04-27T00:00:00.000Z,102.1,97.9,87.2,87.2,98.1
הלל יפה,102.1,2022-04-27T00:00:00.000Z,102.1,97.9,87.2,87.2,98.1
הלל יפה,102.1,2022-04-27T00:00:00.000Z,102.1,97.9,87.2,87.2,98.1
הלל יפה,102.1,2022-04-27T00:00:00.000Z,102.1,97.9,87.2,87.2,98.1
הלל יפה,102.1,2022-04-27T00:00:00.000Z,102.1,97.9,87.2,87.2,98.1
הלל יפה,102.1,2022-04-27T00:00:00.000Z,102.1,97.9,87.2,87.2,98.1
הלל יפה,102.1,2022-04-27T00:00:00.000Z,102.1,97.9,87.2,87.2,98.1
הלל יפה,102.1,2022-04-27T00:00:00.000Z,102.1,97.9,87.2,87.2,98.1
הלל יפה,102.1,2022-04-27T00:00:00.000Z,102.1,97.9,87.2,87.2,98.1
הלל יפה,102.1,2022-04-27T00:00:00.000Z,102.1,97.9,87.2,87.2,98.1
הלל יפה,102.1,2022-04-27T00:00:00.000Z,102.1,97.9,87.2,87.2,98.1
הלל יפה,102.1,2022-04-27T00:00:00.000Z,102.1,97.9,87.2,87.2,98.1
הלל יפה,102.1,2022-04-27T00:00:00.000Z,102.1,97.9,87.2,87.2,98.1
הלל יפה,102.1,2022-04-27T00:00:00.000Z,102.1,97.9,87.2,87.2,98.1
הלל יפה,102.1,2022-04-27T00:00:00.000Z,102.1,97.9,87.2,87.2,98.1
הלל יפה,102.1,2022-04-27T00:00:00.000Z,102.1,97.9,87.2,87.2,98.1
הלל יפה,102.1,2022-04-27T00:00:00.000Z,102.1,97.9,87.2,87.2,98.1
הלל יפה,102.1,2022-04-27T00:00:00.000Z,102.1,97.9,87.2,87.2,98.1
הלל יפה,102.1,2022-04-27T00:00:00.000Z,102.1,97.9,87.2,87.2,98.1
הלל יפה,102.1,2022-04-27T00:00:00.000Z,102.1,97.9,87.2,87.2,98.1
הלל יפה,102.1,2022-04-27T00:00:00.000Z,102.1,97.9,87.2,87.2,98.1
הלל יפה,102.1,2022-04-27T00:00:00.000Z,102.1,97.9,87.2,87.2,98.1
הלל יפה,102.1,2022-04-27T00:00:00.000Z,102.1,97.9,87.2,87.2,98.1
הלל יפה,102.1,2022-04-27T00:00:00.000Z,102.1,97.9,87.2,87.2,98.1
הלל יפה,102.1,2022-04-27T00:00:00.000Z,102.1,97.9,87.2,87.2,98.1
הלל יפה,102.1,2022-04-27T00:00:00.000Z,102.1,97.9,87.2,87.2,98.1
הלל יפה,102.1,2022-04-27T00:00:00.000Z,102.1,97.9,87.2,87.2,98.1
הלל יפה,102.1,2022-04-27T00:00:00.000Z,102.1,97.9,87.2,87.2,98.1
הלל יפה,102.1,2022-04-27T00:00:00.000Z,102.1,97.9,87.2,87.2,98.1
הלל יפה,102.1,2022-04-27T00:00:00.000Z,102.1,97.9,87.2,87.2,98.1
הלל יפה,102.1,2022-04-27T00:00:00.000Z,102.1,97.9,87.2,87.2,98.1
הלל יפה,102.1,2022-04-27T00:00:00.000Z,102.1,97.9,87.2,87.2,98.1
הלל יפה,102.1,2022-04-27T00:00:00.000Z,102.1,97.9,87.2,87.2,98.1
הלל יפה,102.1,2022-04-27T00:00:00.000Z,102.1,97.9,87.2,87.2,98.1
נהריה,90.5,2022-04-27T00:00:00.000Z,90.5,93.7,86.2,86.2,86.3
נהריה,90.5,2022-04-27T00:00:00.000Z,90.5,93.7,86.2,86.2,86.3
נהריה,90.5,2022-04-27T00:00:00.000Z,90.5,93.7,86.2,86.2,86.3
נהריה,90.5,2022-04-27T00:00:00.000Z,90.5,93.7,86.2,86.2,86.3
נהריה,90.5,2022-04-27T00:00:00.000Z,90.5,93.7,86.2,86.2,86.3
נהריה,90.5,2022-04-27T00:00:00.000Z,90.5,93.7,86.2,86.2,86.3
נהריה,90.5,2022-04-27T00:00:00.000Z,90.5,93.7,86.2,86.2,86.3
נהריה,90.5,2022-04-27T00:00:00.000Z,90.5,93.7,86.2,86.2,86.3
נהריה,90.5,2022-04-27T00:00:00.000Z,90.5,93.7,86.2,86.2,86.3
נהריה,90.5,2022-04-27T00:00:00.000Z,90.5,93.7,86.2,86.2,86.3
נהריה,90.5,2022-04-27T00:00:00.000Z,90.5,93.7,86.2,86.2,86.3
נהריה,90.5,2022-04-27T00:00:00.000Z,90.5,93.7,86.2,86.2,86.3
נהריה,90.5,2022-04-27T00:00:00.000Z,90.5,93.7,86.2,86.2,86.3
נהריה,90.5,2022-04-27T00:00:00.000Z,90.5,93.7,86.2,86.2,86.3
נהריה,90.5,2022-04-27T00:00:00.000Z,90.5,93.7,86.2,86.2,86.3
נהריה,90.5,2022-04-27T00:00:00.000Z,90.5,93.7,86.2,86.2,86.3
נהריה,90.5,2022-04-27T00:00:00.000Z,90.5,93.7,86.2,86.2,86.3
נהריה,90.5,2022-04-27T00:00:00.000Z,90.5,93.7,86.2,86.2,86.3
נהריה,90.5,2022-04-27T00:00:00.000Z,90.5,93.7,86.2,86.2,86.3
נהריה,90.5,2022-04-27T00:00:00.000Z,90.5,93.7,86.2,86.2,86.3
נהריה,90.5,2022-04-27T00:00:00.000Z,90.5,93.7,86.2,86.2,86.3
נהריה,90.5,2022-04-27T00:00:00.000Z,90.5,93.7,86.2,86.2,86.3
נהריה,90.5,2022-04-27T00:00:00.000Z,90.5,93.7,86.2,86.2,86.3
נהריה,90.5,2022-04-27T00:00:00.000Z,90.5,93.7,86.2,86.2,86.3
נהריה,90.5,2022-04-27T00:00:00.000Z,90.5,93.7,86.2,86.2,86.3
נהריה,90.5,2022-04-27T00:00:00.000Z,90.5,93.7,86.2,86.2,86.3
נהריה,90.5,2022-04-27T00:00:00.000Z,90.5,93.7,86.2,86.2,86.3
נהריה,90.5,2022-04-27T00:00:00.000Z,90.5,93.7,86.2,86.2,86.3
נהריה,90.5,2022-04-27T00:00:00.000Z,90.5,93.7,86.2,86.2,86.3
נהריה,90.5,2022-04-27T00:00:00.000Z,90.5,93.7,86.2,86.2,86.3
נהריה,90.5,2022-04-27T00:00:00.000Z,90.5,93.7,86.2,86.2,86.3
נהריה,90.5,2022-04-27T00:00:00.000Z,90.5,93.7,86.2,86.2,86.3
נהריה,90.5,2022-04-27T00:00:00.000Z,90.5,93.7,86.2,86.2,86.3
נהריה,90.5,2022-04-27T00:00:00.000Z,90.5,93.7,86.2,86.2,86.3
זיו צפת,95.3,2022-04-27T00:00:00.000Z,95.3,90.6,84.7,84.7,83.6
זיו צפת,95.3,2022-04-27T00:00:00.000Z,95.3,90.6,84.7,84.7,83.6
זיו צפת,95.3,2022-04-27T00:00:00.000Z,95.3,90.6,84.7,84.7,83.6
זיו צפת,95.3,2022-04-27T00:00:00.000Z,95.3,90.6,84.7,84.7,83.6
זיו צפת,95.3,2022-04-27T00:00:00.000Z,95.3,90.6,84.7,84.7,83.6
זיו צפת,95.3,2022-04-27T00:00:00.000Z,95.3,90.6,84.7,84.7,83.6
זיו צפת,95.3,2022-04-27T00:00:00.000Z,95.3,90.6,84.7,84.7,83.6
זיו צפת,95.3,2022-04-27T00:00:00.000Z,95.3,90.6,84.7,84.7,83.6
זיו צפת,95.3,2022-04-27T00:00:00.000Z,95.3,90.6,84.7,84.7,83.6
זיו צפת,95.3,2022-04-27T00:00:00.000Z,95.3,90.6,84.7,84.7,83.6
זיו צפת,95.3,2022-04-27T00:00:00.000Z,95.3,90.6,84.7,84.7,83.6
זיו צפת,95.3,2022-04-27T00:00:00.000Z,95.3,90.6,84.7,84.7,83.6
זיו צפת,95.3,2022-04-27T00:00:00.000Z,95.3,90.6,84.7,84.7,83.6
זיו צפת,95.3,2022-04-27T00:00:00.000Z,95.3,90.6,84.7,84.7,83.6
זיו צפת,95.3,2022-04-27T00:00:00.000Z,95.3,90.6,84.7,84.7,83.6
זיו צפת,95.3,2022-04-27T00:00:00.000Z,95.3,90.6,84.7,84.7,83.6
זיו צפת,95.3,2022-04-27T00:00:00.000Z,95.3,90.6,84.7,84.7,83.6
זיו צפת,95.3,2022-04-27T00:00:00.000Z,95.3,90.6,84.7,84.7,83.6
זיו צפת,95.3,2022-04-27T00:00:00.000Z,95.3,90.6,84.7,84.7,83.6
זיו צפת,95.3,2022-04-27T00:00:00.000Z,95.3,90.6,84.7,84.7,83.6
זיו צפת,95.3,2022-04-27T00:00:00.000Z,95.3,90.6,84.7,84.7,83.6
זיו צפת,95.3,2022-04-27T00:00:00.000Z,95.3,90.6,84.7,84.7,83.6
זיו צפת,95.3,2022-04-27T00:00:00.000Z,95.3,90.6,84.7,84.7,83.6
זיו צפת,95.3,2022-04-27T00:00:00.000Z,95.3,90.6,84.7,84.7,83.6
זיו צפת,95.3,2022-04-27T00:00:00.000Z,95.3,90.6,84.7,84.7,83.6
זיו צפת,95.3,2022-04-27T00:00:00.000Z,95.3,90.6,84.7,84.7,83.6
זיו צפת,95.3,2022-04-27T00:00:00.000Z,95.3,90.6,84.7,84.7,83.6
זיו צפת,95.3,2022-04-27T00:00:00.000Z,95.3,90.6,84.7,84.7,83.6
זיו צפת,95.3,2022-04-27T00:00:00.000Z,95.3,90.6,84.7,84.7,83.6
זיו צפת,95.3,2022-04-27T00:00:00.000Z,95.3,90.6,84.7,84.7,83.6
זיו צפת,95.3,2022-04-27T00:00:00.000Z,95.3,90.6,84.7,84.7,83.6
זיו צפת,95.3,2022-04-27T00:00:00.000Z,95.3,90.6,84.7,84.7,83.6
זיו צפת,95.3,2022-04-27T00:00:00.000Z,95.3,90.6,84.7,84.7,83.6
זיו צפת,95.3,2022-04-27T00:00:00.000Z,95.3,90.6,84.7,84.7,83.6
ברזילי,95.3,2022-04-27T00:00:00.000Z,95.3,84.4,91.4,91.4,79.8
ברזילי,95.3,2022-04-27T00:00:00.000Z,95.3,84.4,91.4,91.4,79.8
ברזילי,95.3,2022-04-27T00:00:00.000Z,95.3,84.4,91.4,91.4,79.8
ברזילי,95.3,2022-04-27T00:00:00.000Z,95.3,84.4,91.4,91.4,79.8
ברזילי,95.3,2022-04-27T00:00:00.000Z,95.3,84.4,91.4,91.4,79.8
ברזילי,95.3,2022-04-27T00:00:00.000Z,95.3,84.4,91.4,91.4,79.8
ברזילי,95.3,2022-04-27T00:00:00.000Z,95.3,84.4,91.4,91.4,79.8
ברזילי,95.3,2022-04-27T00:00:00.000Z,95.3,84.4,91.4,91.4,79.8
ברזילי,95.3,2022-04-27T00:00:00.000Z,95.3,84.4,91.4,91.4,79.8
ברזילי,95.3,2022-04-27T00:00:00.000Z,95.3,84.4,91.4,91.4,79.8
ברזילי,95.3,2022-04-27T00:00:00.000Z,95.3,84.4,91.4,91.4,79.8
ברזילי,95.3,2022-04-27T00:00:00.000Z,95.3,84.4,91.4,91.4,79.8
ברזילי,95.3,2022-04-27T00:00:00.000Z,95.3,84.4,91.4,91.4,79.8
ברזילי,95.3,2022-04-27T00:00:00.000Z,95.3,84.4,91.4,91.4,79.8
ברזילי,95.3,2022-04-27T00:00:00.000Z,95.3,84.4,91.4,91.4,79.8
ברזילי,95.3,2022-04-27T00:00:00.000Z,95.3,84.4,91.4,91.4,79.8
ברזילי,95.3,2022-04-27T00:00:00.000Z,95.3,84.4,91.4,91.4,79.8
ברזילי,95.3,2022-04-27T00:00:00.000Z,95.3,84.4,91.4,91.4,79.8
ברזילי,95.3,2022-04-27T00:00:00.000Z,95.3,84.4,91.4,91.4,79.8
ברזילי,95.3,2022-04-27T00:00:00.000Z,95.3,84.4,91.4,91.4,79.8
ברזילי,95.3,2022-04-27T00:00:00.000Z,95.3,84.4,91.4,91.4,79.8
ברזילי,95.3,2022-04-27T00:00:00.000Z,95.3,84.4,91.4,91.4,79.8
ברזילי,95.3,2022-04-27T00:00:00.000Z,95.3,84.4,91.4,91.4,79.8
ברזילי,95.3,2022-04-27T00:00:00.000Z,95.3,84.4,91.4,91.4,79.8
ברזילי,95.3,2022-04-27T00:00:00.000Z,95.3,84.4,91.4,91.4,79.8
ברזילי,95.3,2022-04-27T00:00:00.000Z,95.3,84.4,91.4,91.4,79.8
ברזילי,95.3,2022-04-27T00:00:00.000Z,95.3,84.4,91.4,91.4,79.8
ברזילי,95.3,2022-04-27T00:00:00.000Z,95.3,84.4,91.4,91.4,79.8
ברזילי,95.3,2022-04-27T00:00:00.000Z,95.3,84.4,91.4,91.4,79.8
ברזילי,95.3,2022-04-27T00:00:00.000Z,95.3,84.4,91.4,91.4,79.8
ברזילי,95.3,2022-04-27T00:00:00.000Z,95.3,84.4,91.4,91.4,79.8
ברזילי,95.3,2022-04-27T00:00:00.000Z,95.3,84.4,91.4,91.4,79.8
ברזילי,95.3,2022-04-27T00:00:00.000Z,95.3,84.4,91.4,91.4,79.8
ברזילי,95.3,2022-04-27T00:00:00.000Z,95.3,84.4,91.4,91.4,79.8
ברזילי,95.3,2022-04-27T00:00:00.000Z,95.3,84.4,91.4,91.4,79.8
ברזילי,95.3,2022-04-27T00:00:00.000Z,95.3,84.4,91.4,91.4,79.8
ברזילי,95.3,2022-04-27T00:00:00.000Z,95.3,84.4,91.4,91.4,79.8
ברזילי,95.3,2022-04-27T00:00:00.000Z,95.3,84.4,91.4,91.4,79.8
ברזילי,95.3,2022-04-27T00:00:00.000Z,95.3,84.4,91.4,91.4,79.8
ברזילי,95.3,2022-04-27T00:00:00.000Z,95.3,84.4,91.4,91.4,79.8
ברזילי,95.3,2022-04-27T00:00:00.000Z,95.3,84.4,91.4,91.4,79.8
ברזילי,95.3,2022-04-27T00:00:00.000Z,95.3,84.4,91.4,91.4,79.8
ברזילי,95.3,2022-04-27T00:00:00.000Z,95.3,84.4,91.4,91.4,79.8
ברזילי,95.3,2022-04-27T00:00:00.000Z,95.3,84.4,91.4,91.4,79.8
ברזילי,95.3,2022-04-27T00:00:00.000Z,95.3,84.4,91.4,91.4,79.8
ברזילי,95.3,2022-04-27T00:00:00.000Z,95.3,84.4,91.4,91.4,79.8
ברזילי,95.3,2022-04-27T00:00:00.000Z,95.3,84.4,91.4,91.4,79.8
ברזילי,95.3,2022-04-27T00:00:00.000Z,95.3,84.4,91.4,91.4,79.8
ברזילי,95.3,2022-04-27T00:00:00.000Z,95.3,84.4,91.4,91.4,79.8
ברזילי,95.3,2022-04-27T00:00:00.000Z,95.3,84.4,91.4,91.4,79.8
ברזילי,95.3,2022-04-27T00:00:00.000Z,95.3,84.4,91.4,91.4,79.8
ברזילי,95.3,2022-04-27T00:00:00.000Z,95.3,84.4,91.4,91.4,79.8
ברזילי,95.3,2022-04-27T00:00:00.000Z,95.3,84.4,91.4,91.4,79.8
ברזילי,95.3,2022-04-27T00:00:00.000Z,95.3,84.4,91.4,91.4,79.8
ברזילי,95.3,2022-04-27T00:00:00.000Z,95.3,84.4,91.4,91.4,79.8
ברזילי,95.3,2022-04-27T00:00:00.000Z,95.3,84.4,91.4,91.4,79.8
ברזילי,95.3,2022-04-27T00:00:00.000Z,95.3,84.4,91.4,91.4,79.8
ברזילי,95.3,2022-04-27T00:00:00.000Z,95.3,84.4,91.4,91.4,79.8
ברזילי,95.3,2022-04-27T00:00:00.000Z,95.3,84.4,91.4,91.4,79.8
ברזילי,95.3,2022-04-27T00:00:00.000Z,95.3,84.4,91.4,91.4,79.8
ברזילי,95.3,2022-04-27T00:00:00.000Z,95.3,84.4,91.4,91.4,79.8
ברזילי,95.3,2022-04-27T00:00:00.000Z,95.3,84.4,91.4,91.4,79.8
ברזילי,95.3,2022-04-27T00:00:00.000Z,95.3,84.4,91.4,91.4,79.8
ברזילי,95.3,2022-04-27T00:00:00.000Z,95.3,84.4,91.4,91.4,79.8
ברזילי,95.3,2022-04-27T00:00:00.000Z,95.3,84.4,91.4,91.4,79.8
ברזילי,95.3,2022-04-27T00:00:00.000Z,95.3,84.4,91.4,91.4,79.8
ברזילי,95.3,2022-04-27T00:00:00.000Z,95.3,84.4,91.4,91.4,79.8
ברזילי,95.3,2022-04-27T00:00:00.000Z,95.3,84.4,91.4,91.4,79.8
שמיר,91.5,2022-04-27T00:00:00.000Z,91.5,86.1,73.7,73.7,69.1
שמיר,91.5,2022-04-27T00:00:00.000Z,91.5,86.1,73.7,73.7,69.1
שמיר,91.5,2022-04-27T00:00:00.000Z,91.5,86.1,73.7,73.7,69.1
שמיר,91.5,2022-04-27T00:00:00.000Z,91.5,86.1,73.7,73.7,69.1
שמיר,91.5,2022-04-27T00:00:00.000Z,91.5,86.1,73.7,73.7,69.1
שמיר,91.5,2022-04-27T00:00:00.000Z,91.5,86.1,73.7,73.7,69.1
שמיר,91.5,2022-04-27T00:00:00.000Z,91.5,86.1,73.7,73.7,69.1
שמיר,91.5,2022-04-27T00:00:00.000Z,91.5,86.1,73.7,73.7,69.1
שמיר,91.5,2022-04-27T00:00:00.000Z,91.5,86.1,73.7,73.7,69.1
שמיר,91.5,2022-04-27T00:00:00.000Z,91.5,86.1,73.7,73.7,69.1
שמיר,91.5,2022-04-27T00:00:00.000Z,91.5,86.1,73.7,73.7,69.1
שמיר,91.5,2022-04-27T00:00:00.000Z,91.5,86.1,73.7,73.7,69.1
שמיר,91.5,2022-04-27T00:00:00.000Z,91.5,86.1,73.7,73.7,69.1
שמיר,91.5,2022-04-27T00:00:00.000Z,91.5,86.1,73.7,73.7,69.1
שמיר,91.5,2022-04-27T00:00:00.000Z,91.5,86.1,73.7,73.7,69.1
שמיר,91.5,2022-04-27T00:00:00.000Z,91.5,86.1,73.7,73.7,69.1
שמיר,91.5,2022-04-27T00:00:00.000Z,91.5,86.1,73.7,73.7,69.1
שמיר,91.5,2022-04-27T00:00:00.000Z,91.5,86.1,73.7,73.7,69.1
שמיר,91.5,2022-04-27T00:00:00.000Z,91.5,86.1,73.7,73.7,69.1
שמיר,91.5,2022-04-27T00:00:00.000Z,91.5,86.1,73.7,73.7,69.1
שמיר,91.5,2022-04-27T00:00:00.000Z,91.5,86.1,73.7,73.7,69.1
שמיר,91.5,2022-04-27T00:00:00.000Z,91.5,86.1,73.7,73.7,69.1
שמיר,91.5,2022-04-27T00:00:00.000Z,91.5,86.1,73.7,73.7,69.1
שמיר,91.5,2022-04-27T00:00:00.000Z,91.5,86.1,73.7,73.7,69.1
שמיר,91.5,2022-04-27T00:00:00.000Z,91.5,86.1,73.7,73.7,69.1
שמיר,91.5,2022-04-27T00:00:00.000Z,91.5,86.1,73.7,73.7,69.1
שמיר,91.5,2022-04-27T00:00:00.000Z,91.5,86.1,73.7,73.7,69.1
שמיר,91.5,2022-04-27T00:00:00.000Z,91.5,86.1,73.7,73.7,69.1
שמיר,91.5,2022-04-27T00:00:00.000Z,91.5,86.1,73.7,73.7,69.1
שמיר,91.5,2022-04-27T00:00:00.000Z,91.5,86.1,73.7,73.7,69.1
שמיר,91.5,2022-04-27T00:00:00.000Z,91.5,86.1,73.7,73.7,69.1
שמיר,91.5,2022-04-27T00:00:00.000Z,91.5,86.1,73.7,73.7,69.1
שמיר,91.5,2022-04-27T00:00:00.000Z,91.5,86.1,73.7,73.7,69.1
שמיר,91.5,2022-04-27T00:00:00.000Z,91.5,86.1,73.7,73.7,69.1
יוספטל,81.3,2022-04-27T00:00:00.000Z,81.3,50,53.8,53.8,49.2
יוספטל,81.3,2022-04-27T00:00:00.000Z,81.3,50,53.8,53.8,49.2
יוספטל,81.3,2022-04-27T00:00:00.000Z,81.3,50,53.8,53.8,49.2
יוספטל,81.3,2022-04-27T00:00:00.000Z,81.3,50,53.8,53.8,49.2
יוספטל,81.3,2022-04-27T00:00:00.000Z,81.3,50,53.8,53.8,49.2
יוספטל,81.3,2022-04-27T00:00:00.000Z,81.3,50,53.8,53.8,49.2
יוספטל,81.3,2022-04-27T00:00:00.000Z,81.3,50,53.8,53.8,49.2
יוספטל,81.3,2022-04-27T00:00:00.000Z,81.3,50,53.8,53.8,49.2
יוספטל,81.3,2022-04-27T00:00:00.000Z,81.3,50,53.8,53.8,49.2
יוספטל,81.3,2022-04-27T00:00:00.000Z,81.3,50,53.8,53.8,49.2
יוספטל,81.3,2022-04-27T00:00:00.000Z,81.3,50,53.8,53.8,49.2
יוספטל,81.3,2022-04-27T00:00:00.000Z,81.3,50,53.8,53.8,49.2
יוספטל,81.3,2022-04-27T00:00:00.000Z,81.3,50,53.8,53.8,49.2
יוספטל,81.3,2022-04-27T00:00:00.000Z,81.3,50,53.8,53.8,49.2
יוספטל,81.3,2022-04-27T00:00:00.000Z,81.3,50,53.8,53.8,49.2
יוספטל,81.3,2022-04-27T00:00:00.000Z,81.3,50,53.8,53.8,49.2
יוספטל,81.3,2022-04-27T00:00:00.000Z,81.3,50,53.8,53.8,49.2
יוספטל,81.3,2022-04-27T00:00:00.000Z,81.3,50,53.8,53.8,49.2
יוספטל,81.3,2022-04-27T00:00:00.000Z,81.3,50,53.8,53.8,49.2
יוספטל,81.3,2022-04-27T00:00:00.000Z,81.3,50,53.8,53.8,49.2
יוספטל,81.3,2022-04-27T00:00:00.000Z,81.3,50,53.8,53.8,49.2
יוספטל,81.3,2022-04-27T00:00:00.000Z,81.3,50,53.8,53.8,49.2
יוספטל,81.3,2022-04-27T00:00:00.000Z,81.3,50,53.8,53.8,49.2
יוספטל,81.3,2022-04-27T00:00:00.000Z,81.3,50,53.8,53.8,49.2
יוספטל,81.3,2022-04-27T00:00:00.000Z,81.3,50,53.8,53.8,49.2
יוספטל,81.3,2022-04-27T00:00:00.000Z,81.3,50,53.8,53.8,49.2
יוספטל,81.3,2022-04-27T00:00:00.000Z,81.3,50,53.8,53.8,49.2
יוספטל,81.3,2022-04-27T00:00:00.000Z,81.3,50,53.8,53.8,49.2
יוספטל,81.3,2022-04-27T00:00:00.000Z,81.3,50,53.8,53.8,49.2
יוספטל,81.3,2022-04-27T00:00:00.000Z,81.3,50,53.8,53.8,49.2
יוספטל,81.3,2022-04-27T00:00:00.000Z,81.3,50,53.8,53.8,49.2
יוספטל,81.3,2022-04-27T00:00:00.000Z,81.3,50,53.8,53.8,49.2
יוספטל,81.3,2022-04-27T00:00:00.000Z,81.3,50,53.8,53.8,49.2
יוספטל,81.3,2022-04-27T00:00:00.000Z,81.3,50,53.8,53.8,49.2
נהריה,90.5,2022-04-27T00:00:00.000Z,90.5,93.7,86.2,86.2,86.3
נהריה,90.5,2022-04-27T00:00:00.000Z,90.5,93.7,86.2,86.2,86.3
נהריה,90.5,2022-04-27T00:00:00.000Z,90.5,93.7,86.2,86.2,86.3
נהריה,90.5,2022-04-27T00:00:00.000Z,90.5,93.7,86.2,86.2,86.3
נהריה,90.5,2022-04-27T00:00:00.000Z,90.5,93.7,86.2,86.2,86.3
נהריה,90.5,2022-04-27T00:00:00.000Z,90.5,93.7,86.2,86.2,86.3
נהריה,90.5,2022-04-27T00:00:00.000Z,90.5,93.7,86.2,86.2,86.3
נהריה,90.5,2022-04-27T00:00:00.000Z,90.5,93.7,86.2,86.2,86.3
נהריה,90.5,2022-04-27T00:00:00.000Z,90.5,93.7,86.2,86.2,86.3
נהריה,90.5,2022-04-27T00:00:00.000Z,90.5,93.7,86.2,86.2,86.3
נהריה,90.5,2022-04-27T00:00:00.000Z,90.5,93.7,86.2,86.2,86.3
נהריה,90.5,2022-04-27T00:00:00.000Z,90.5,93.7,86.2,86.2,86.3
נהריה,90.5,2022-04-27T00:00:00.000Z,90.5,93.7,86.2,86.2,86.3
נהריה,90.5,2022-04-27T00:00:00.000Z,90.5,93.7,86.2,86.2,86.3
נהריה,90.5,2022-04-27T00:00:00.000Z,90.5,93.7,86.2,86.2,86.3
נהריה,90.5,2022-04-27T00:00:00.000Z,90.5,93.7,86.2,86.2,86.3
נהריה,90.5,2022-04-27T00:00:00.000Z,90.5,93.7,86.2,86.2,86.3
נהריה,90.5,2022-04-27T00:00:00.000Z,90.5,93.7,86.2,86.2,86.3
נהריה,90.5,2022-04-27T00:00:00.000Z,90.5,93.7,86.2,86.2,86.3
נהריה,90.5,2022-04-27T00:00:00.000Z,90.5,93.7,86.2,86.2,86.3
נהריה,90.5,2022-04-27T00:00:00.000Z,90.5,93.7,86.2,86.2,86.3
נהריה,90.5,2022-04-27T00:00:00.000Z,90.5,93.7,86.2,86.2,86.3
נהריה,90.5,2022-04-27T00:00:00.000Z,90.5,93.7,86.2,86.2,86.3
נהריה,90.5,2022-04-27T00:00:00.000Z,90.5,93.7,86.2,86.2,86.3
נהריה,90.5,2022-04-27T00:00:00.000Z,90.5,93.7,86.2,86.2,86.3
נהריה,90.5,2022-04-27T00:00:00.000Z,90.5,93.7,86.2,86.2,86.3
נהריה,90.5,2022-04-27T00:00:00.000Z,90.5,93.7,86.2,86.2,86.3
נהריה,90.5,2022-04-27T00:00:00.000Z,90.5,93.7,86.2,86.2,86.3
נהריה,90.5,2022-04-27T00:00:00.000Z,90.5,93.7,86.2,86.2,86.3
נהריה,90.5,2022-04-27T00:00:00.000Z,90.5,93.7,86.2,86.2,86.3
נהריה,90.5,2022-04-27T00:00:00.000Z,90.5,93.7,86.2,86.2,86.3
נהריה,90.5,2022-04-27T00:00:00.000Z,90.5,93.7,86.2,86.2,86.3
נהריה,90.5,2022-04-27T00:00:00.000Z,90.5,93.7,86.2,86.2,86.3
נהריה,90.5,2022-04-27T00:00:00.000Z,90.5,93.7,86.2,86.2,86.3
זיו צפת,95.3,2022-04-27T00:00:00.000Z,95.3,90.6,84.7,84.7,83.6
זיו צפת,95.3,2022-04-27T00:00:00.000Z,95.3,90.6,84.7,84.7,83.6
זיו צפת,95.3,2022-04-27T00:00:00.000Z,95.3,90.6,84.7,84.7,83.6
זיו צפת,95.3,2022-04-27T00:00:00.000Z,95.3,90.6,84.7,84.7,83.6
זיו צפת,95.3,2022-04-27T00:00:00.000Z,95.3,90.6,84.7,84.7,83.6
זיו צפת,95.3,2022-04-27T00:00:00.000Z,95.3,90.6,84.7,84.7,83.6
זיו צפת,95.3,2022-04-27T00:00:00.000Z,95.3,90.6,84.7,84.7,83.6
זיו צפת,95.3,2022-04-27T00:00:00.000Z,95.3,90.6,84.7,84.7,83.6
זיו צפת,95.3,2022-04-27T00:00:00.000Z,95.3,90.6,84.7,84.7,83.6
זיו צפת,95.3,2022-04-27T00:00:00.000Z,95.3,90.6,84.7,84.7,83.6
זיו צפת,95.3,2022-04-27T00:00:00.000Z,95.3,90.6,84.7,84.7,83.6
זיו צפת,95.3,2022-04-27T00:00:00.000Z,95.3,90.6,84.7,84.7,83.6
זיו צפת,95.3,2022-04-27T00:00:00.000Z,95.3,90.6,84.7,84.7,83.6
זיו צפת,95.3,2022-04-27T00:00:00.000Z,95.3,90.6,84.7,84.7,83.6
זיו צפת,95.3,2022-04-27T00:00:00.000Z,95.3,90.6,84.7,84.7,83.6
זיו צפת,95.3,2022-04-27T00:00:00.000Z,95.3,90.6,84.7,84.7,83.6
זיו צפת,95.3,2022-04-27T00:00:00.000Z,95.3,90.6,84.7,84.7,83.6
זיו צפת,95.3,2022-04-27T00:00:00.000Z,95.3,90.6,84.7,84.7,83.6
זיו צפת,95.3,2022-04-27T00:00:00.000Z,95.3,90.6,84.7,84.7,83.6
זיו צפת,95.3,2022-04-27T00:00:00.000Z,95.3,90.6,84.7,84.7,83.6
זיו צפת,95.3,2022-04-27T00:00:00.000Z,95.3,90.6,84.7,84.7,83.6
זיו צפת,95.3,2022-04-27T00:00:00.000Z,95.3,90.6,84.7,84.7,83.6
זיו צפת,95.3,2022-04-27T00:00:00.000Z,95.3,90.6,84.7,84.7,83.6
זיו צפת,95.3,2022-04-27T00:00:00.000Z,95.3,90.6,84.7,84.7,83.6
זיו צפת,95.3,2022-04-27T00:00:00.000Z,95.3,90.6,84.7,84.7,83.6
זיו צפת,95.3,2022-04-27T00:00:00.000Z,95.3,90.6,84.7,84.7,83.6
זיו צפת,95.3,2022-04-27T00:00:00.000Z,95.3,90.6,84.7,84.7,83.6
זיו צפת,95.3,2022-04-27T00:00:00.000Z,95.3,90.6,84.7,84.7,83.6
זיו צפת,95.3,2022-04-27T00:00:00.000Z,95.3,90.6,84.7,84.7,83.6
זיו צפת,95.3,2022-04-27T00:00:00.000Z,95.3,90.6,84.7,84.7,83.6
זיו צפת,95.3,2022-04-27T00:00:00.000Z,95.3,90.6,84.7,84.7,83.6
זיו צפת,95.3,2022-04-27T00:00:00.000Z,95.3,90.6,84.7,84.7,83.6
זיו צפת,95.3,2022-04-27T00:00:00.000Z,95.3,90.6,84.7,84.7,83.6
זיו צפת,95.3,2022-04-27T00:00:00.000Z,95.3,90.6,84.7,84.7,83.6
הלל יפה,102.1,2022-04-27T00:00:00.000Z,102.1,97.9,87.2,87.2,98.1
הלל יפה,102.1,2022-04-27T00:00:00.000Z,102.1,97.9,87.2,87.2,98.1
הלל יפה,102.1,2022-04-27T00:00:00.000Z,102.1,97.9,87.2,87.2,98.1
הלל יפה,102.1,2022-04-27T00:00:00.000Z,102.1,97.9,87.2,87.2,98.1
הלל יפה,102.1,2022-04-27T00:00:00.000Z,102.1,97.9,87.2,87.2,98.1
הלל יפה,102.1,2022-04-27T00:00:00.000Z,102.1,97.9,87.2,87.2,98.1
הלל יפה,102.1,2022-04-27T00:00:00.000Z,102.1,97.9,87.2,87.2,98.1
הלל יפה,102.1,2022-04-27T00:00:00.000Z,102.1,97.9,87.2,87.2,98.1
הלל יפה,102.1,2022-04-27T00:00:00.000Z,102.1,97.9,87.2,87.2,98.1
הלל יפה,102.1,2022-04-27T00:00:00.000Z,102.1,97.9,87.2,87.2,98.1
הלל יפה,102.1,2022-04-27T00:00:00.000Z,102.1,97.9,87.2,87.2,98.1
הלל יפה,102.1,2022-04-27T00:00:00.000Z,102.1,97.9,87.2,87.2,98.1
הלל יפה,102.1,2022-04-27T00:00:00.000Z,102.1,97.9,87.2,87.2,98.1
הלל יפה,102.1,2022-04-27T00:00:00.000Z,102.1,97.9,87.2,87.2,98.1
הלל יפה,102.1,2022-04-27T00:00:00.000Z,102.1,97.9,87.2,87.2,98.1
הלל יפה,102.1,2022-04-27T00:00:00.000Z,102.1,97.9,87.2,87.2,98.1
הלל יפה,102.1,2022-04-27T00:00:00.000Z,102.1,97.9,87.2,87.2,98.1
הלל יפה,102.1,2022-04-27T00:00:00.000Z,102.1,97.9,87.2,87.2,98.1
הלל יפה,102.1,2022-04-27T00:00:00.000Z,102.1,97.9,87.2,87.2,98.1
הלל יפה,102.1,2022-04-27T00:00:00.000Z,102.1,97.9,87.2,87.2,98.1
הלל יפה,102.1,2022-04-27T00:00:00.000Z,102.1,97.9,87.2,87.2,98.1
הלל יפה,102.1,2022-04-27T00:00:00.000Z,102.1,97.9,87.2,87.2,98.1
הלל יפה,102.1,2022-04-27T00:00:00.000Z,102.1,97.9,87.2,87.2,98.1
הלל יפה,102.1,2022-04-27T00:00:00.000Z,102.1,97.9,87.2,87.2,98.1
הלל יפה,102.1,2022-04-27T00:00:00.000Z,102.1,97.9,87.2,87.2,98.1
הלל יפה,102.1,2022-04-27T00:00:00.000Z,102.1,97.9,87.2,87.2,98.1
הלל יפה,102.1,2022-04-27T00:00:00.000Z,102.1,97.9,87.2,87.2,98.1
הלל יפה,102.1,2022-04-27T00:00:00.000Z,102.1,97.9,87.2,87.2,98.1
הלל יפה,102.1,2022-04-27T00:00:00.000Z,102.1,97.9,87.2,87.2,98.1
הלל יפה,102.1,2022-04-27T00:00:00.000Z,102.1,97.9,87.2,87.2,98.1
הלל יפה,102.1,2022-04-27T00:00:00.000Z,102.1,97.9,87.2,87.2,98.1
הלל יפה,102.1,2022-04-27T00:00:00.000Z,102.1,97.9,87.2,87.2,98.1
הלל יפה,102.1,2022-04-27T00:00:00.000Z,102.1,97.9,87.2,87.2,98.1
הלל יפה,102.1,2022-04-27T00:00:00.000Z,102.1,97.9,87.2,87.2,98.1
ברזילי,95.3,2022-04-27T00:00:00.000Z,95.3,84.4,91.4,91.4,79.8
ברזילי,95.3,2022-04-27T00:00:00.000Z,95.3,84.4,91.4,91.4,79.8
ברזילי,95.3,2022-04-27T00:00:00.000Z,95.3,84.4,91.4,91.4,79.8
ברזילי,95.3,2022-04-27T00:00:00.000Z,95.3,84.4,91.4,91.4,79.8
ברזילי,95.3,2022-04-27T00:00:00.000Z,95.3,84.4,91.4,91.4,79.8
ברזילי,95.3,2022-04-27T00:00:00.000Z,95.3,84.4,91.4,91.4,79.8
ברזילי,95.3,2022-04-27T00:00:00.000Z,95.3,84.4,91.4,91.4,79.8
ברזילי,95.3,2022-04-27T00:00:00.000Z,95.3,84.4,91.4,91.4,79.8
ברזילי,95.3,2022-04-27T00:00:00.000Z,95.3,84.4,91.4,91.4,79.8
ברזילי,95.3,2022-04-27T00:00:00.000Z,95.3,84.4,91.4,91.4,79.8
ברזילי,95.3,2022-04-27T00:00:00.000Z,95.3,84.4,91.4,91.4,79.8
ברזילי,95.3,2022-04-27T00:00:00.000Z,95.3,84.4,91.4,91.4,79.8
ברזילי,95.3,2022-04-27T00:00:00.000Z,95.3,84.4,91.4,91.4,79.8
ברזילי,95.3,2022-04-27T00:00:00.000Z,95.3,84.4,91.4,91.4,79.8
ברזילי,95.3,2022-04-27T00:00:00.000Z,95.3,84.4,91.4,91.4,79.8
ברזילי,95.3,2022-04-27T00:00:00.000Z,95.3,84.4,91.4,91.4,79.8
ברזילי,95.3,2022-04-27T00:00:00.000Z,95.3,84.4,91.4,91.4,79.8
ברזילי,95.3,2022-04-27T00:00:00.000Z,95.3,84.4,91.4,91.4,79.8
ברזילי,95.3,2022-04-27T00:00:00.000Z,95.3,84.4,91.4,91.4,79.8
ברזילי,95.3,2022-04-27T00:00:00.000Z,95.3,84.4,91.4,91.4,79.8
ברזילי,95.3,2022-04-27T00:00:00.000Z,95.3,84.4,91.4,91.4,79.8
ברזילי,95.3,2022-04-27T00:00:00.000Z,95.3,84.4,91.4,91.4,79.8
ברזילי,95.3,2022-04-27T00:00:00.000Z,95.3,84.4,91.4,91.4,79.8
ברזילי,95.3,2022-04-27T00:00:00.000Z,95.3,84.4,91.4,91.4,79.8
ברזילי,95.3,2022-04-27T00:00:00.000Z,95.3,84.4,91.4,91.4,79.8
ברזילי,95.3,2022-04-27T00:00:00.000Z,95.3,84.4,91.4,91.4,79.8
ברזילי,95.3,2022-04-27T00:00:00.000Z,95.3,84.4,91.4,91.4,79.8
ברזילי,95.3,2022-04-27T00:00:00.000Z,95.3,84.4,91.4,91.4,79.8
ברזילי,95.3,2022-04-27T00:00:00.000Z,95.3,84.4,91.4,91.4,79.8
ברזילי,95.3,2022-04-27T00:00:00.000Z,95.3,84.4,91.4,91.4,79.8
ברזילי,95.3,2022-04-27T00:00:00.000Z,95.3,84.4,91.4,91.4,79.8
ברזילי,95.3,2022-04-27T00:00:00.000Z,95.3,84.4,91.4,91.4,79.8
ברזילי,95.3,2022-04-27T00:00:00.000Z,95.3,84.4,91.4,91.4,79.8
ברזילי,95.3,2022-04-27T00:00:00.000Z,95.3,84.4,91.4,91.4,79.8
שיבא,104.2,2022-04-27T00:00:00.000Z,104.2,,106.7,106.7,
שיבא,104.2,2022-04-27T00:00:00.000Z,104.2,,106.7,106.7,
שיבא,104.2,2022-04-27T00:00:00.000Z,104.2,,106.7,106.7,
שיבא,104.2,2022-04-27T00:00:00.000Z,104.2,,106.7,106.7,
שיבא,104.2,2022-04-27T00:00:00.000Z,104.2,,106.7,106.7,
שיבא,104.2,2022-04-27T00:00:00.000Z,104.2,,106.7,106.7,
שיבא,104.2,2022-04-27T00:00:00.000Z,104.2,,106.7,106.7,
שיבא,104.2,2022-04-27T00:00:00.000Z,104.2,,106.7,106.7,
שיבא,104.2,2022-04-27T00:00:00.000Z,104.2,,106.7,106.7,
שיבא,104.2,2022-04-27T00:00:00.000Z,104.2,,106.7,106.7,
שיבא,104.2,2022-04-27T00:00:00.000Z,104.2,,106.7,106.7,
שיבא,104.2,2022-04-27T00:00:00.000Z,104.2,,106.7,106.7,
שיבא,104.2,2022-04-27T00:00:00.000Z,104.2,,106.7,106.7,
שיבא,104.2,2022-04-27T00:00:00.000Z,104.2,,106.7,106.7,
שיבא,104.2,2022-04-27T00:00:00.000Z,104.2,,106.7,106.7,
שיבא,104.2,2022-04-27T00:00:00.000Z,104.2,,106.7,106.7,
שיבא,104.2,2022-04-27T00:00:00.000Z,104.2,,106.7,106.7,
שיבא,104.2,2022-04-27T00:00:00.000Z,104.2,,106.7,106.7,
שיבא,104.2,2022-04-27T00:00:00.000Z,104.2,,106.7,106.7,
שיבא,104.2,2022-04-27T00:00:00.000Z,104.2,,106.7,106.7,
שיבא,104.2,2022-04-27T00:00:00.000Z,104.2,,106.7,106.7,
שיבא,104.2,2022-04-27T00:00:00.000Z,104.2,,106.7,106.7,
שיבא,104.2,2022-04-27T00:00:00.000Z,104.2,,106.7,106.7,
שיבא,104.2,2022-04-27T00:00:00.000Z,104.2,,106.7,106.7,
שיבא,104.2,2022-04-27T00:00:00.000Z,104.2,,106.7,106.7,
שיבא,104.2,2022-04-27T00:00:00.000Z,104.2,,106.7,106.7,
שיבא,104.2,2022-04-27T00:00:00.000Z,104.2,,106.7,106.7,
שיבא,104.2,2022-04-27T00:00:00.000Z,104.2,,106.7,106.7,
שיבא,104.2,2022-04-27T00:00:00.000Z,104.2,,106.7,106.7,
שיבא,104.2,2022-04-27T00:00:00.000Z,104.2,,106.7,106.7,
שיבא,104.2,2022-04-27T00:00:00.000Z,104.2,,106.7,106.7,
שיבא,104.2,2022-04-27T00:00:00.000Z,104.2,,106.7,106.7,
שיבא,104.2,2022-04-27T00:00:00.000Z,104.2,,106.7,106.7,
שיבא,104.2,2022-04-27T00:00:00.000Z,104.2,,106.7,106.7,
שיבא,104.2,2022-04-27T00:00:00.000Z,104.2,,106.7,106.7,
שיבא,104.2,2022-04-27T00:00:00.000Z,104.2,,106.7,106.7,
שיבא,104.2,2022-04-27T00:00:00.000Z,104.2,,106.7,106.7,
שיבא,104.2,2022-04-27T00:00:00.000Z,104.2,,106.7,106.7,
"רמב""ם",99,2022-04-27T00:00:00.000Z,99,96.5,92.1,92.1,94
"רמב""ם",99,2022-04-27T00:00:00.000Z,99,96.5,92.1,92.1,94
"רמב""ם",99,2022-04-27T00:00:00.000Z,99,96.5,92.1,92.1,94
"רמב""ם",99,2022-04-27T00:00:00.000Z,99,96.5,92.1,92.1,94
"רמב""ם",99,2022-04-27T00:00:00.000Z,99,96.5,92.1,92.1,94
"רמב""ם",99,2022-04-27T00:00:00.000Z,99,96.5,92.1,92.1,94
"רמב""ם",99,2022-04-27T00:00:00.000Z,99,96.5,92.1,92.1,94
"רמב""ם",99,2022-04-27T00:00:00.000Z,99,96.5,92.1,92.1,94
"רמב""ם",99,2022-04-27T00:00:00.000Z,99,96.5,92.1,92.1,94
"רמב""ם",99,2022-04-27T00:00:00.000Z,99,96.5,92.1,92.1,94
"רמב""ם",99,2022-04-27T00:00:00.000Z,99,96.5,92.1,92.1,94
"רמב""ם",99,2022-04-27T00:00:00.000Z,99,96.5,92.1,92.1,94
"רמב""ם",99,2022-04-27T00:00:00.000Z,99,96.5,92.1,92.1,94
"רמב""ם",99,2022-04-27T00:00:00.000Z,99,96.5,92.1,92.1,94
"רמב""ם",99,2022-04-27T00:00:00.000Z,99,96.5,92.1,92.1,94
"רמב""ם",99,2022-04-27T00:00:00.000Z,99,96.5,92.1,92.1,94
"רמב""ם",99,2022-04-27T00:00:00.000Z,99,96.5,92.1,92.1,94
"רמב""ם",99,2022-04-27T00:00:00.000Z,99,96.5,92.1,92.1,94
"רמב""ם",99,2022-04-27T00:00:00.000Z,99,96.5,92.1,92.1,94
"רמב""ם",99,2022-04-27T00:00:00.000Z,99,96.5,92.1,92.1,94
"רמב""ם",99,2022-04-27T00:00:00.000Z,99,96.5,92.1,92.1,94
"רמב""ם",99,2022-04-27T00:00:00.000Z,99,96.5,92.1,92.1,94
"רמב""ם",99,2022-04-27T00:00:00.000Z,99,96.5,92.1,92.1,94
"רמב""ם",99,2022-04-27T00:00:00.000Z,99,96.5,92.1,92.1,94
"רמב""ם",99,2022-04-27T00:00:00.000Z,99,96.5,92.1,92.1,94
"רמב""ם",99,2022-04-27T00:00:00.000Z,99,96.5,92.1,92.1,94
"רמב""ם",99,2022-04-27T00:00:00.000Z,99,96.5,92.1,92.1,94
"רמב""ם",99,2022-04-27T00:00:00.000Z,99,96.5,92.1,92.1,94
"רמב""ם",99,2022-04-27T00:00:00.000Z,99,96.5,92.1,92.1,94
"רמב""ם",99,2022-04-27T00:00:00.000Z,99,96.5,92.1,92.1,94
"רמב""ם",99,2022-04-27T00:00:00.000Z,99,96.5,92.1,92.1,94
"רמב""ם",99,2022-04-27T00:00:00.000Z,99,96.5,92.1,92.1,94
"רמב""ם",99,2022-04-27T00:00:00.000Z,99,96.5,92.1,92.1,94
"רמב""ם",99,2022-04-27T00:00:00.000Z,99,96.5,92.1,92.1,94
זיו צפת,95.3,2022-04-27T00:00:00.000Z,95.3,90.6,84.7,84.7,83.6
זיו צפת,95.3,2022-04-27T00:00:00.000Z,95.3,90.6,84.7,84.7,83.6
זיו צפת,95.3,2022-04-27T00:00:00.000Z,95.3,90.6,84.7,84.7,83.6
זיו צפת,95.3,2022-04-27T00:00:00.000Z,95.3,90.6,84.7,84.7,83.6
זיו צפת,95.3,2022-04-27T00:00:00.000Z,95.3,90.6,84.7,84.7,83.6
זיו צפת,95.3,2022-04-27T00:00:00.000Z,95.3,90.6,84.7,84.7,83.6
זיו צפת,95.3,2022-04-27T00:00:00.000Z,95.3,90.6,84.7,84.7,83.6
זיו צפת,95.3,2022-04-27T00:00:00.000Z,95.3,90.6,84.7,84.7,83.6
זיו צפת,95.3,2022-04-27T00:00:00.000Z,95.3,90.6,84.7,84.7,83.6
זיו צפת,95.3,2022-04-27T00:00:00.000Z,95.3,90.6,84.7,84.7,83.6
זיו צפת,95.3,2022-04-27T00:00:00.000Z,95.3,90.6,84.7,84.7,83.6
זיו צפת,95.3,2022-04-27T00:00:00.000Z,95.3,90.6,84.7,84.7,83.6
זיו צפת,95.3,2022-04-27T00:00:00.000Z,95.3,90.6,84.7,84.7,83.6
זיו צפת,95.3,2022-04-27T00:00:00.000Z,95.3,90.6,84.7,84.7,83.6
זיו צפת,95.3,2022-04-27T00:00:00.000Z,95.3,90.6,84.7,84.7,83.6
זיו צפת,95.3,2022-04-27T00:00:00.000Z,95.3,90.6,84.7,84.7,83.6
זיו צפת,95.3,2022-04-27T00:00:00.000Z,95.3,90.6,84.7,84.7,83.6
זיו צפת,95.3,2022-04-27T00:00:00.000Z,95.3,90.6,84.7,84.7,83.6
זיו צפת,95.3,2022-04-27T00:00:00.000Z,95.3,90.6,84.7,84.7,83.6
זיו צפת,95.3,2022-04-27T00:00:00.000Z,95.3,90.6,84.7,84.7,83.6
זיו צפת,95.3,2022-04-27T00:00:00.000Z,95.3,90.6,84.7,84.7,83.6
זיו צפת,95.3,2022-04-27T00:00:00.000Z,95.3,90.6,84.7,84.7,83.6
זיו צפת,95.3,2022-04-27T00:00:00.000Z,95.3,90.6,84.7,84.7,83.6
זיו צפת,95.3,2022-04-27T00:00:00.000Z,95.3,90.6,84.7,84.7,83.6
זיו צפת,95.3,2022-04-27T00:00:00.000Z,95.3,90.6,84.7,84.7,83.6
זיו צפת,95.3,2022-04-27T00:00:00.000Z,95.3,90.6,84.7,84.7,83.6
זיו צפת,95.3,2022-04-27T00:00:00.000Z,95.3,90.6,84.7,84.7,83.6
זיו צפת,95.3,2022-04-27T00:00:00.000Z,95.3,90.6,84.7,84.7,83.6
זיו צפת,95.3,2022-04-27T00:00:00.000Z,95.3,90.6,84.7,84.7,83.6
זיו צפת,95.3,2022-04-27T00:00:00.000Z,95.3,90.6,84.7,84.7,83.6
זיו צפת,95.3,2022-04-27T00:00:00.000Z,95.3,90.6,84.7,84.7,83.6
זיו צפת,95.3,2022-04-27T00:00:00.000Z,95.3,90.6,84.7,84.7,83.6
זיו צפת,95.3,2022-04-27T00:00:00.000Z,95.3,90.6,84.7,84.7,83.6
זיו צפת,95.3,2022-04-27T00:00:00.000Z,95.3,90.6,84.7,84.7,83.6
זיו צפת,95.3,2022-04-27T00:00:00.000Z,95.3,90.6,84.7,84.7,83.6
זיו צפת,95.3,2022-04-27T00:00:00.000Z,95.3,90.6,84.7,84.7,83.6
זיו צפת,95.3,2022-04-27T00:00:00.000Z,95.3,90.6,84.7,84.7,83.6
זיו צפת,95.3,2022-04-27T00:00:00.000Z,95.3,90.6,84.7,84.7,83.6
זיו צפת,95.3,2022-04-27T00:00:00.000Z,95.3,90.6,84.7,84.7,83.6
זיו צפת,95.3,2022-04-27T00:00:00.000Z,95.3,90.6,84.7,84.7,83.6
זיו צפת,95.3,2022-04-27T00:00:00.000Z,95.3,90.6,84.7,84.7,83.6
זיו צפת,95.3,2022-04-27T00:00:00.000Z,95.3,90.6,84.7,84.7,83.6
זיו צפת,95.3,2022-04-27T00:00:00.000Z,95.3,90.6,84.7,84.7,83.6
זיו צפת,95.3,2022-04-27T00:00:00.000Z,95.3,90.6,84.7,84.7,83.6
זיו צפת,95.3,2022-04-27T00:00:00.000Z,95.3,90.6,84.7,84.7,83.6
זיו צפת,95.3,2022-04-27T00:00:00.000Z,95.3,90.6,84.7,84.7,83.6
זיו צפת,95.3,2022-04-27T00:00:00.000Z,95.3,90.6,84.7,84.7,83.6
זיו צפת,95.3,2022-04-27T00:00:00.000Z,95.3,90.6,84.7,84.7,83.6
זיו צפת,95.3,2022-04-27T00:00:00.000Z,95.3,90.6,84.7,84.7,83.6
זיו צפת,95.3,2022-04-27T00:00:00.000Z,95.3,90.6,84.7,84.7,83.6
זיו צפת,95.3,2022-04-27T00:00:00.000Z,95.3,90.6,84.7,84.7,83.6
זיו צפת,95.3,2022-04-27T00:00:00.000Z,95.3,90.6,84.7,84.7,83.6
זיו צפת,95.3,2022-04-27T00:00:00.000Z,95.3,90.6,84.7,84.7,83.6
זיו צפת,95.3,2022-04-27T00:00:00.000Z,95.3,90.6,84.7,84.7,83.6
זיו צפת,95.3,2022-04-27T00:00:00.000Z,95.3,90.6,84.7,84.7,83.6
זיו צפת,95.3,2022-04-27T00:00:00.000Z,95.3,90.6,84.7,84.7,83.6
זיו צפת,95.3,2022-04-27T00:00:00.000Z,95.3,90.6,84.7,84.7,83.6
זיו צפת,95.3,2022-04-27T00:00:00.000Z,95.3,90.6,84.7,84.7,83.6
זיו צפת,95.3,2022-04-27T00:00:00.000Z,95.3,90.6,84.7,84.7,83.6
זיו צפת,95.3,2022-04-27T00:00:00.000Z,95.3,90.6,84.7,84.7,83.6
זיו צפת,95.3,2022-04-27T00:00:00.000Z,95.3,90.6,84.7,84.7,83.6
זיו צפת,95.3,2022-04-27T00:00:00.000Z,95.3,90.6,84.7,84.7,83.6
זיו צפת,95.3,2022-04-27T00:00:00.000Z,95.3,90.6,84.7,84.7,83.6
זיו צפת,95.3,2022-04-27T00:00:00.000Z,95.3,90.6,84.7,84.7,83.6
זיו צפת,95.3,2022-04-27T00:00:00.000Z,95.3,90.6,84.7,84.7,83.6
זיו צפת,95.3,2022-04-27T00:00:00.000Z,95.3,90.6,84.7,84.7,83.6
זיו צפת,95.3,2022-04-27T00:00:00.000Z,95.3,90.6,84.7,84.7,83.6
זיו צפת,95.3,2022-04-27T00:00:00.000Z,95.3,90.6,84.7,84.7,83.6
ברזילי,95.3,2022-04-27T00:00:00.000Z,95.3,84.4,91.4,91.4,79.8
ברזילי,95.3,2022-04-27T00:00:00.000Z,95.3,84.4,91.4,91.4,79.8
ברזילי,95.3,2022-04-27T00:00:00.000Z,95.3,84.4,91.4,91.4,79.8
ברזילי,95.3,2022-04-27T00:00:00.000Z,95.3,84.4,91.4,91.4,79.8
ברזילי,95.3,2022-04-27T00:00:00.000Z,95.3,84.4,91.4,91.4,79.8
ברזילי,95.3,2022-04-27T00:00:00.000Z,95.3,84.4,91.4,91.4,79.8
ברזילי,95.3,2022-04-27T00:00:00.000Z,95.3,84.4,91.4,91.4,79.8
ברזילי,95.3,2022-04-27T00:00:00.000Z,95.3,84.4,91.4,91.4,79.8
ברזילי,95.3,2022-04-27T00:00:00.000Z,95.3,84.4,91.4,91.4,79.8
ברזילי,95.3,2022-04-27T00:00:00.000Z,95.3,84.4,91.4,91.4,79.8
ברזילי,95.3,2022-04-27T00:00:00.000Z,95.3,84.4,91.4,91.4,79.8
ברזילי,95.3,2022-04-27T00:00:00.000Z,95.3,84.4,91.4,91.4,79.8
ברזילי,95.3,2022-04-27T00:00:00.000Z,95.3,84.4,91.4,91.4,79.8
ברזילי,95.3,2022-04-27T00:00:00.000Z,95.3,84.4,91.4,91.4,79.8
ברזילי,95.3,2022-04-27T00:00:00.000Z,95.3,84.4,91.4,91.4,79.8
ברזילי,95.3,2022-04-27T00:00:00.000Z,95.3,84.4,91.4,91.4,79.8
שמיר,91.5,2022-04-27T00:00:00.000Z,91.5,86.1,73.7,73.7,69.1
שמיר,91.5,2022-04-27T00:00:00.000Z,91.5,86.1,73.7,73.7,69.1
שמיר,91.5,2022-04-27T00:00:00.000Z,91.5,86.1,73.7,73.7,69.1
שמיר,91.5,2022-04-27T00:00:00.000Z,91.5,86.1,73.7,73.7,69.1
שמיר,91.5,2022-04-27T00:00:00.000Z,91.5,86.1,73.7,73.7,69.1
שמיר,91.5,2022-04-27T00:00:00.000Z,91.5,86.1,73.7,73.7,69.1
שמיר,91.5,2022-04-27T00:00:00.000Z,91.5,86.1,73.7,73.7,69.1
שמיר,91.5,2022-04-27T00:00:00.000Z,91.5,86.1,73.7,73.7,69.1
שמיר,91.5,2022-04-27T00:00:00.000Z,91.5,86.1,73.7,73.7,69.1
שמיר,91.5,2022-04-27T00:00:00.000Z,91.5,86.1,73.7,73.7,69.1
שמיר,91.5,2022-04-27T00:00:00.000Z,91.5,86.1,73.7,73.7,69.1
שמיר,91.5,2022-04-27T00:00:00.000Z,91.5,86.1,73.7,73.7,69.1
שמיר,91.5,2022-04-27T00:00:00.000Z,91.5,86.1,73.7,73.7,69.1
שמיר,91.5,2022-04-27T00:00:00.000Z,91.5,86.1,73.7,73.7,69.1
שמיר,91.5,2022-04-27T00:00:00.000Z,91.5,86.1,73.7,73.7,69.1
שמיר,91.5,2022-04-27T00:00:00.000Z,91.5,86.1,73.7,73.7,69.1
שמיר,91.5,2022-04-27T00:00:00.000Z,91.5,86.1,73.7,73.7,69.1
שמיר,91.5,2022-04-27T00:00:00.000Z,91.5,86.1,73.7,73.7,69.1
שמיר,91.5,2022-04-27T00:00:00.000Z,91.5,86.1,73.7,73.7,69.1
שמיר,91.5,2022-04-27T00:00:00.000Z,91.5,86.1,73.7,73.7,69.1
שמיר,91.5,2022-04-27T00:00:00.000Z,91.5,86.1,73.7,73.7,69.1
שמיר,91.5,2022-04-27T00:00:00.000Z,91.5,86.1,73.7,73.7,69.1
שמיר,91.5,2022-04-27T00:00:00.000Z,91.5,86.1,73.7,73.7,69.1
שמיר,91.5,2022-04-27T00:00:00.000Z,91.5,86.1,73.7,73.7,69.1
שמיר,91.5,2022-04-27T00:00:00.000Z,91.5,86.1,73.7,73.7,69.1
שמיר,91.5,2022-04-27T00:00:00.000Z,91.5,86.1,73.7,73.7,69.1
שמיר,91.5,2022-04-27T00:00:00.000Z,91.5,86.1,73.7,73.7,69.1
שמיר,91.5,2022-04-27T00:00:00.000Z,91.5,86.1,73.7,73.7,69.1
שמיר,91.5,2022-04-27T00:00:00.000Z,91.5,86.1,73.7,73.7,69.1
שמיר,91.5,2022-04-27T00:00:00.000Z,91.5,86.1,73.7,73.7,69.1
שמיר,91.5,2022-04-27T00:00:00.000Z,91.5,86.1,73.7,73.7,69.1
שמיר,91.5,2022-04-27T00:00:00.000Z,91.5,86.1,73.7,73.7,69.1
שמיר,91.5,2022-04-27T00:00:00.000Z,91.5,86.1,73.7,73.7,69.1
שמיר,91.5,2022-04-27T00:00:00.000Z,91.5,86.1,73.7,73.7,69.1
הלל יפה,102.1,2022-04-27T00:00:00.000Z,102.1,97.9,87.2,87.2,98.1
הלל יפה,102.1,2022-04-27T00:00:00.000Z,102.1,97.9,87.2,87.2,98.1
הלל יפה,102.1,2022-04-27T00:00:00.000Z,102.1,97.9,87.2,87.2,98.1
הלל יפה,102.1,2022-04-27T00:00:00.000Z,102.1,97.9,87.2,87.2,98.1
הלל יפה,102.1,2022-04-27T00:00:00.000Z,102.1,97.9,87.2,87.2,98.1
הלל יפה,102.1,2022-04-27T00:00:00.000Z,102.1,97.9,87.2,87.2,98.1
הלל יפה,102.1,2022-04-27T00:00:00.000Z,102.1,97.9,87.2,87.2,98.1
הלל יפה,102.1,2022-04-27T00:00:00.000Z,102.1,97.9,87.2,87.2,98.1
הלל יפה,102.1,2022-04-27T00:00:00.000Z,102.1,97.9,87.2,87.2,98.1
הלל יפה,102.1,2022-04-27T00:00:00.000Z,102.1,97.9,87.2,87.2,98.1
הלל יפה,102.1,2022-04-27T00:00:00.000Z,102.1,97.9,87.2,87.2,98.1
הלל יפה,102.1,2022-04-27T00:00:00.000Z,102.1,97.9,87.2,87.2,98.1
הלל יפה,102.1,2022-04-27T00:00:00.000Z,102.1,97.9,87.2,87.2,98.1
הלל יפה,102.1,2022-04-27T00:00:00.000Z,102.1,97.9,87.2,87.2,98.1
הלל יפה,102.1,2022-04-27T00:00:00.000Z,102.1,97.9,87.2,87.2,98.1
הלל יפה,102.1,2022-04-27T00:00:00.000Z,102.1,97.9,87.2,87.2,98.1
הלל יפה,102.1,2022-04-27T00:00:00.000Z,102.1,97.9,87.2,87.2,98.1
הלל יפה,102.1,2022-04-27T00:00:00.000Z,102.1,97.9,87.2,87.2,98.1
הלל יפה,102.1,2022-04-27T00:00:00.000Z,102.1,97.9,87.2,87.2,98.1
הלל יפה,102.1,2022-04-27T00:00:00.000Z,102.1,97.9,87.2,87.2,98.1
הלל יפה,102.1,2022-04-27T00:00:00.000Z,102.1,97.9,87.2,87.2,98.1
הלל יפה,102.1,2022-04-27T00:00:00.000Z,102.1,97.9,87.2,87.2,98.1
הלל יפה,102.1,2022-04-27T00:00:00.000Z,102.1,97.9,87.2,87.2,98.1
הלל יפה,102.1,2022-04-27T00:00:00.000Z,102.1,97.9,87.2,87.2,98.1
הלל יפה,102.1,2022-04-27T00:00:00.000Z,102.1,97.9,87.2,87.2,98.1
הלל יפה,102.1,2022-04-27T00:00:00.000Z,102.1,97.9,87.2,87.2,98.1
הלל יפה,102.1,2022-04-27T00:00:00.000Z,102.1,97.9,87.2,87.2,98.1
הלל יפה,102.1,2022-04-27T00:00:00.000Z,102.1,97.9,87.2,87.2,98.1
הלל יפה,102.1,2022-04-27T00:00:00.000Z,102.1,97.9,87.2,87.2,98.1
הלל יפה,102.1,2022-04-27T00:00:00.000Z,102.1,97.9,87.2,87.2,98.1
הלל יפה,102.1,2022-04-27T00:00:00.000Z,102.1,97.9,87.2,87.2,98.1
הלל יפה,102.1,2022-04-27T00:00:00.000Z,102.1,97.9,87.2,87.2,98.1
הלל יפה,102.1,2022-04-27T00:00:00.000Z,102.1,97.9,87.2,87.2,98.1
הלל יפה,102.1,2022-04-27T00:00:00.000Z,102.1,97.9,87.2,87.2,98.1
יוספטל,81.3,2022-04-27T00:00:00.000Z,81.3,50,53.8,53.8,49.2
יוספטל,81.3,2022-04-27T00:00:00.000Z,81.3,50,53.8,53.8,49.2
יוספטל,81.3,2022-04-27T00:00:00.000Z,81.3,50,53.8,53.8,49.2
יוספטל,81.3,2022-04-27T00:00:00.000Z,81.3,50,53.8,53.8,49.2
יוספטל,81.3,2022-04-27T00:00:00.000Z,81.3,50,53.8,53.8,49.2
יוספטל,81.3,2022-04-27T00:00:00.000Z,81.3,50,53.8,53.8,49.2
יוספטל,81.3,2022-04-27T00:00:00.000Z,81.3,50,53.8,53.8,49.2
יוספטל,81.3,2022-04-27T00:00:00.000Z,81.3,50,53.8,53.8,49.2
יוספטל,81.3,2022-04-27T00:00:00.000Z,81.3,50,53.8,53.8,49.2
יוספטל,81.3,2022-04-27T00:00:00.000Z,81.3,50,53.8,53.8,49.2
יוספטל,81.3,2022-04-27T00:00:00.000Z,81.3,50,53.8,53.8,49.2
יוספטל,81.3,2022-04-27T00:00:00.000Z,81.3,50,53.8,53.8,49.2
יוספטל,81.3,2022-04-27T00:00:00.000Z,81.3,50,53.8,53.8,49.2
יוספטל,81.3,2022-04-27T00:00:00.000Z,81.3,50,53.8,53.8,49.2
יוספטל,81.3,2022-04-27T00:00:00.000Z,81.3,50,53.8,53.8,49.2
יוספטל,81.3,2022-04-27T00:00:00.000Z,81.3,50,53.8,53.8,49.2
יוספטל,81.3,2022-04-27T00:00:00.000Z,81.3,50,53.8,53.8,49.2
יוספטל,81.3,2022-04-27T00:00:00.000Z,81.3,50,53.8,53.8,49.2
יוספטל,81.3,2022-04-27T00:00:00.000Z,81.3,50,53.8,53.8,49.2
יוספטל,81.3,2022-04-27T00:00:00.000Z,81.3,50,53.8,53.8,49.2
יוספטל,81.3,2022-04-27T00:00:00.000Z,81.3,50,53.8,53.8,49.2
יוספטל,81.3,2022-04-27T00:00:00.000Z,81.3,50,53.8,53.8,49.2
יוספטל,81.3,2022-04-27T00:00:00.000Z,81.3,50,53.8,53.8,49.2
יוספטל,81.3,2022-04-27T00:00:00.000Z,81.3,50,53.8,53.8,49.2
יוספטל,81.3,2022-04-27T00:00:00.000Z,81.3,50,53.8,53.8,49.2
יוספטל,81.3,2022-04-27T00:00:00.000Z,81.3,50,53.8,53.8,49.2
יוספטל,81.3,2022-04-27T00:00:00.000Z,81.3,50,53.8,53.8,49.2
יוספטל,81.3,2022-04-27T00:00:00.000Z,81.3,50,53.8,53.8,49.2
יוספטל,81.3,2022-04-27T00:00:00.000Z,81.3,50,53.8,53.8,49.2
יוספטל,81.3,2022-04-27T00:00:00.000Z,81.3,50,53.8,53.8,49.2
יוספטל,81.3,2022-04-27T00:00:00.000Z,81.3,50,53.8,53.8,49.2
יוספטל,81.3,2022-04-27T00:00:00.000Z,81.3,50,53.8,53.8,49.2
יוספטל,81.3,2022-04-27T00:00:00.000Z,81.3,50,53.8,53.8,49.2
יוספטל,81.3,2022-04-27T00:00:00.000Z,81.3,50,53.8,53.8,49.2
נהריה,90.5,2022-04-27T00:00:00.000Z,90.5,93.7,86.2,86.2,86.3
נהריה,90.5,2022-04-27T00:00:00.000Z,90.5,93.7,86.2,86.2,86.3
נהריה,90.5,2022-04-27T00:00:00.000Z,90.5,93.7,86.2,86.2,86.3
נהריה,90.5,2022-04-27T00:00:00.000Z,90.5,93.7,86.2,86.2,86.3
נהריה,90.5,2022-04-27T00:00:00.000Z,90.5,93.7,86.2,86.2,86.3
נהריה,90.5,2022-04-27T00:00:00.000Z,90.5,93.7,86.2,86.2,86.3
נהריה,90.5,2022-04-27T00:00:00.000Z,90.5,93.7,86.2,86.2,86.3
נהריה,90.5,2022-04-27T00:00:00.000Z,90.5,93.7,86.2,86.2,86.3
נהריה,90.5,2022-04-27T00:00:00.000Z,90.5,93.7,86.2,86.2,86.3
נהריה,90.5,2022-04-27T00:00:00.000Z,90.5,93.7,86.2,86.2,86.3
נהריה,90.5,2022-04-27T00:00:00.000Z,90.5,93.7,86.2,86.2,86.3
נהריה,90.5,2022-04-27T00:00:00.000Z,90.5,93.7,86.2,86.2,86.3
נהריה,90.5,2022-04-27T00:00:00.000Z,90.5,93.7,86.2,86.2,86.3
נהריה,90.5,2022-04-27T00:00:00.000Z,90.5,93.7,86.2,86.2,86.3
נהריה,90.5,2022-04-27T00:00:00.000Z,90.5,93.7,86.2,86.2,86.3
נהריה,90.5,2022-04-27T00:00:00.000Z,90.5,93.7,86.2,86.2,86.3
נהריה,90.5,2022-04-27T00:00:00.000Z,90.5,93.7,86.2,86.2,86.3
נהריה,90.5,2022-04-27T00:00:00.000Z,90.5,93.7,86.2,86.2,86.3
נהריה,90.5,2022-04-27T00:00:00.000Z,90.5,93.7,86.2,86.2,86.3
נהריה,90.5,2022-04-27T00:00:00.000Z,90.5,93.7,86.2,86.2,86.3
נהריה,90.5,2022-04-27T00:00:00.000Z,90.5,93.7,86.2,86.2,86.3
נהריה,90.5,2022-04-27T00:00:00.000Z,90.5,93.7,86.2,86.2,86.3
נהריה,90.5,2022-04-27T00:00:00.000Z,90.5,93.7,86.2,86.2,86.3
נהריה,90.5,2022-04-27T00:00:00.000Z,90.5,93.7,86.2,86.2,86.3
נהריה,90.5,2022-04-27T00:00:00.000Z,90.5,93.7,86.2,86.2,86.3
נהריה,90.5,2022-04-27T00:00:00.000Z,90.5,93.7,86.2,86.2,86.3
נהריה,90.5,2022-04-27T00:00:00.000Z,90.5,93.7,86.2,86.2,86.3
נהריה,90.5,2022-04-27T00:00:00.000Z,90.5,93.7,86.2,86.2,86.3
נהריה,90.5,2022-04-27T00:00:00.000Z,90.5,93.7,86.2,86.2,86.3
נהריה,90.5,2022-04-27T00:00:00.000Z,90.5,93.7,86.2,86.2,86.3
נהריה,90.5,2022-04-27T00:00:00.000Z,90.5,93.7,86.2,86.2,86.3
נהריה,90.5,2022-04-27T00:00:00.000Z,90.5,93.7,86.2,86.2,86.3
נהריה,90.5,2022-04-27T00:00:00.000Z,90.5,93.7,86.2,86.2,86.3
נהריה,90.5,2022-04-27T00:00:00.000Z,90.5,93.7,86.2,86.2,86.3
זיו צפת,95.3,2022-04-27T00:00:00.000Z,95.3,90.6,84.7,84.7,83.6
זיו צפת,95.3,2022-04-27T00:00:00.000Z,95.3,90.6,84.7,84.7,83.6
זיו צפת,95.3,2022-04-27T00:00:00.000Z,95.3,90.6,84.7,84.7,83.6
זיו צפת,95.3,2022-04-27T00:00:00.000Z,95.3,90.6,84.7,84.7,83.6
זיו צפת,95.3,2022-04-27T00:00:00.000Z,95.3,90.6,84.7,84.7,83.6
זיו צפת,95.3,2022-04-27T00:00:00.000Z,95.3,90.6,84.7,84.7,83.6
זיו צפת,95.3,2022-04-27T00:00:00.000Z,95.3,90.6,84.7,84.7,83.6
זיו צפת,95.3,2022-04-27T00:00:00.000Z,95.3,90.6,84.7,84.7,83.6
זיו צפת,95.3,2022-04-27T00:00:00.000Z,95.3,90.6,84.7,84.7,83.6
זיו צפת,95.3,2022-04-27T00:00:00.000Z,95.3,90.6,84.7,84.7,83.6
זיו צפת,95.3,2022-04-27T00:00:00.000Z,95.3,90.6,84.7,84.7,83.6
זיו צפת,95.3,2022-04-27T00:00:00.000Z,95.3,90.6,84.7,84.7,83.6
זיו צפת,95.3,2022-04-27T00:00:00.000Z,95.3,90.6,84.7,84.7,83.6
זיו צפת,95.3,2022-04-27T00:00:00.000Z,95.3,90.6,84.7,84.7,83.6
זיו צפת,95.3,2022-04-27T00:00:00.000Z,95.3,90.6,84.7,84.7,83.6
זיו צפת,95.3,2022-04-27T00:00:00.000Z,95.3,90.6,84.7,84.7,83.6
זיו צפת,95.3,2022-04-27T00:00:00.000Z,95.3,90.6,84.7,84.7,83.6
זיו צפת,95.3,2022-04-27T00:00:00.000Z,95.3,90.6,84.7,84.7,83.6
זיו צפת,95.3,2022-04-27T00:00:00.000Z,95.3,90.6,84.7,84.7,83.6
זיו צפת,95.3,2022-04-27T00:00:00.000Z,95.3,90.6,84.7,84.7,83.6
זיו צפת,95.3,2022-04-27T00:00:00.000Z,95.3,90.6,84.7,84.7,83.6
זיו צפת,95.3,2022-04-27T00:00:00.000Z,95.3,90.6,84.7,84.7,83.6
זיו צפת,95.3,2022-04-27T00:00:00.000Z,95.3,90.6,84.7,84.7,83.6
זיו צפת,95.3,2022-04-27T00:00:00.000Z,95.3,90.6,84.7,84.7,83.6
זיו צפת,95.3,2022-04-27T00:00:00.000Z,95.3,90.6,84.7,84.7,83.6
זיו צפת,95.3,2022-04-27T00:00:00.000Z,95.3,90.6,84.7,84.7,83.6
זיו צפת,95.3,2022-04-27T00:00:00.000Z,95.3,90.6,84.7,84.7,83.6
זיו צפת,95.3,2022-04-27T00:00:00.000Z,95.3,90.6,84.7,84.7,83.6
זיו צפת,95.3,2022-04-27T00:00:00.000Z,95.3,90.6,84.7,84.7,83.6
זיו צפת,95.3,2022-04-27T00:00:00.000Z,95.3,90.6,84.7,84.7,83.6
זיו צפת,95.3,2022-04-27T00:00:00.000Z,95.3,90.6,84.7,84.7,83.6
זיו צפת,95.3,2022-04-27T00:00:00.000Z,95.3,90.6,84.7,84.7,83.6
זיו צפת,95.3,2022-04-27T00:00:00.000Z,95.3,90.6,84.7,84.7,83.6
זיו צפת,95.3,2022-04-27T00:00:00.000Z,95.3,90.6,84.7,84.7,83.6
"רמב""ם",99,2022-04-27T00:00:00.000Z,99,96.5,92.1,92.1,94
"רמב""ם",99,2022-04-27T00:00:00.000Z,99,96.5,92.1,92.1,94
"רמב""ם",99,2022-04-27T00:00:00.000Z,99,96.5,92.1,92.1,94
"רמב""ם",99,2022-04-27T00:00:00.000Z,99,96.5,92.1,92.1,94
"רמב""ם",99,2022-04-27T00:00:00.000Z,99,96.5,92.1,92.1,94
"רמב""ם",99,2022-04-27T00:00:00.000Z,99,96.5,92.1,92.1,94
"רמב""ם",99,2022-04-27T00:00:00.000Z,99,96.5,92.1,92.1,94
"רמב""ם",99,2022-04-27T00:00:00.000Z,99,96.5,92.1,92.1,94
"רמב""ם",99,2022-04-27T00:00:00.000Z,99,96.5,92.1,92.1,94
"רמב""ם",99,2022-04-27T00:00:00.000Z,99,96.5,92.1,92.1,94
"רמב""ם",99,2022-04-27T00:00:00.000Z,99,96.5,92.1,92.1,94
"רמב""ם",99,2022-04-27T00:00:00.000Z,99,96.5,92.1,92.1,94
"רמב""ם",99,2022-04-27T00:00:00.000Z,99,96.5,92.1,92.1,94
"רמב""ם",99,2022-04-27T00:00:00.000Z,99,96.5,92.1,92.1,94
"רמב""ם",99,2022-04-27T00:00:00.000Z,99,96.5,92.1,92.1,94
"רמב""ם",99,2022-04-27T00:00:00.000Z,99,96.5,92.1,92.1,94
"רמב""ם",99,2022-04-27T00:00:00.000Z,99,96.5,92.1,92.1,94
"רמב""ם",99,2022-04-27T00:00:00.000Z,99,96.5,92.1,92.1,94
"רמב""ם",99,2022-04-27T00:00:00.000Z,99,96.5,92.1,92.1,94
"רמב""ם",99,2022-04-27T00:00:00.000Z,99,96.5,92.1,92.1,94
"רמב""ם",99,2022-04-27T00:00:00.000Z,99,96.5,92.1,92.1,94
"רמב""ם",99,2022-04-27T00:00:00.000Z,99,96.5,92.1,92.1,94
"רמב""ם",99,2022-04-27T00:00:00.000Z,99,96.5,92.1,92.1,94
"רמב""ם",99,2022-04-27T00:00:00.000Z,99,96.5,92.1,92.1,94
"רמב""ם",99,2022-04-27T00:00:00.000Z,99,96.5,92.1,92.1,94
"רמב""ם",99,2022-04-27T00:00:00.000Z,99,96.5,92.1,92.1,94
"רמב""ם",99,2022-04-27T00:00:00.000Z,99,96.5,92.1,92.1,94
"רמב""ם",99,2022-04-27T00:00:00.000Z,99,96.5,92.1,92.1,94
"רמב""ם",99,2022-04-27T00:00:00.000Z,99,96.5,92.1,92.1,94
"רמב""ם",99,2022-04-27T00:00:00.000Z,99,96.5,92.1,92.1,94
"רמב""ם",99,2022-04-27T00:00:00.000Z,99,96.5,92.1,92.1,94
"רמב""ם",99,2022-04-27T00:00:00.000Z,99,96.5,92.1,92.1,94
"רמב""ם",99,2022-04-27T00:00:00.000Z,99,96.5,92.1,92.1,94
"רמב""ם",99,2022-04-27T00:00:00.000Z,99,96.5,92.1,92.1,94
שמיר,91.5,2022-04-27T00:00:00.000Z,91.5,86.1,73.7,73.7,69.1
שמיר,91.5,2022-04-27T00:00:00.000Z,91.5,86.1,73.7,73.7,69.1
שמיר,91.5,2022-04-27T00:00:00.000Z,91.5,86.1,73.7,73.7,69.1
שמיר,91.5,2022-04-27T00:00:00.000Z,91.5,86.1,73.7,73.7,69.1
שמיר,91.5,2022-04-27T00:00:00.000Z,91.5,86.1,73.7,73.7,69.1
שמיר,91.5,2022-04-27T00:00:00.000Z,91.5,86.1,73.7,73.7,69.1
שמיר,91.5,2022-04-27T00:00:00.000Z,91.5,86.1,73.7,73.7,69.1
שמיר,91.5,2022-04-27T00:00:00.000Z,91.5,86.1,73.7,73.7,69.1
שמיר,91.5,2022-04-27T00:00:00.000Z,91.5,86.1,73.7,73.7,69.1
שמיר,91.5,2022-04-27T00:00:00.000Z,91.5,86.1,73.7,73.7,69.1
שמיר,91.5,2022-04-27T00:00:00.000Z,91.5,86.1,73.7,73.7,69.1
שמיר,91.5,2022-04-27T00:00:00.000Z,91.5,86.1,73.7,73.7,69.1
שמיר,91.5,2022-04-27T00:00:00.000Z,91.5,86.1,73.7,73.7,69.1
שמיר,91.5,2022-04-27T00:00:00.000Z,91.5,86.1,73.7,73.7,69.1
שמיר,91.5,2022-04-27T00:00:00.000Z,91.5,86.1,73.7,73.7,69.1
שמיר,91.5,2022-04-27T00:00:00.000Z,91.5,86.1,73.7,73.7,69.1
שמיר,91.5,2022-04-27T00:00:00.000Z,91.5,86.1,73.7,73.7,69.1
שמיר,91.5,2022-04-27T00:00:00.000Z,91.5,86.1,73.7,73.7,69.1
שמיר,91.5,2022-04-27T00:00:00.000Z,91.5,86.1,73.7,73.7,69.1
שמיר,91.5,2022-04-27T00:00:00.000Z,91.5,86.1,73.7,73.7,69.1
שמיר,91.5,2022-04-27T00:00:00.000Z,91.5,86.1,73.7,73.7,69.1
שמיר,91.5,2022-04-27T00:00:00.000Z,91.5,86.1,73.7,73.7,69.1
שמיר,91.5,2022-04-27T00:00:00.000Z,91.5,86.1,73.7,73.7,69.1
שמיר,91.5,2022-04-27T00:00:00.000Z,91.5,86.1,73.7,73.7,69.1
שמיר,91.5,2022-04-27T00:00:00.000Z,91.5,86.1,73.7,73.7,69.1
שמיר,91.5,2022-04-27T00:00:00.000Z,91.5,86.1,73.7,73.7,69.1
שמיר,91.5,2022-04-27T00:00:00.000Z,91.5,86.1,73.7,73.7,69.1
שמיר,91.5,2022-04-27T00:00:00.000Z,91.5,86.1,73.7,73.7,69.1
שמיר,91.5,2022-04-27T00:00:00.000Z,91.5,86.1,73.7,73.7,69.1
שמיר,91.5,2022-04-27T00:00:00.000Z,91.5,86.1,73.7,73.7,69.1
שמיר,91.5,2022-04-27T00:00:00.000Z,91.5,86.1,73.7,73.7,69.1
שמיר,91.5,2022-04-27T00:00:00.000Z,91.5,86.1,73.7,73.7,69.1
שמיר,91.5,2022-04-27T00:00:00.000Z,91.5,86.1,73.7,73.7,69.1
שמיר,91.5,2022-04-27T00:00:00.000Z,91.5,86.1,73.7,73.7,69.1
הלל יפה,102.1,2022-04-27T00:00:00.000Z,102.1,97.9,87.2,87.2,98.1
הלל יפה,102.1,2022-04-27T00:00:00.000Z,102.1,97.9,87.2,87.2,98.1
הלל יפה,102.1,2022-04-27T00:00:00.000Z,102.1,97.9,87.2,87.2,98.1
הלל יפה,102.1,2022-04-27T00:00:00.000Z,102.1,97.9,87.2,87.2,98.1
הלל יפה,102.1,2022-04-27T00:00:00.000Z,102.1,97.9,87.2,87.2,98.1
הלל יפה,102.1,2022-04-27T00:00:00.000Z,102.1,97.9,87.2,87.2,98.1
הלל יפה,102.1,2022-04-27T00:00:00.000Z,102.1,97.9,87.2,87.2,98.1
הלל יפה,102.1,2022-04-27T00:00:00.000Z,102.1,97.9,87.2,87.2,98.1
הלל יפה,102.1,2022-04-27T00:00:00.000Z,102.1,97.9,87.2,87.2,98.1
הלל יפה,102.1,2022-04-27T00:00:00.000Z,102.1,97.9,87.2,87.2,98.1
הלל יפה,102.1,2022-04-27T00:00:00.000Z,102.1,97.9,87.2,87.2,98.1
הלל יפה,102.1,2022-04-27T00:00:00.000Z,102.1,97.9,87.2,87.2,98.1
הלל יפה,102.1,2022-04-27T00:00:00.000Z,102.1,97.9,87.2,87.2,98.1
הלל יפה,102.1,2022-04-27T00:00:00.000Z,102.1,97.9,87.2,87.2,98.1
הלל יפה,102.1,2022-04-27T00:00:00.000Z,102.1,97.9,87.2,87.2,98.1
הלל יפה,102.1,2022-04-27T00:00:00.000Z,102.1,97.9,87.2,87.2,98.1
הלל יפה,102.1,2022-04-27T00:00:00.000Z,102.1,97.9,87.2,87.2,98.1
הלל יפה,102.1,2022-04-27T00:00:00.000Z,102.1,97.9,87.2,87.2,98.1
הלל יפה,102.1,2022-04-27T00:00:00.000Z,102.1,97.9,87.2,87.2,98.1
הלל יפה,102.1,2022-04-27T00:00:00.000Z,102.1,97.9,87.2,87.2,98.1
הלל יפה,102.1,2022-04-27T00:00:00.000Z,102.1,97.9,87.2,87.2,98.1
הלל יפה,102.1,2022-04-27T00:00:00.000Z,102.1,97.9,87.2,87.2,98.1
הלל יפה,102.1,2022-04-27T00:00:00.000Z,102.1,97.9,87.2,87.2,98.1
הלל יפה,102.1,2022-04-27T00:00:00.000Z,102.1,97.9,87.2,87.2,98.1
הלל יפה,102.1,2022-04-27T00:00:00.000Z,102.1,97.9,87.2,87.2,98.1
הלל יפה,102.1,2022-04-27T00:00:00.000Z,102.1,97.9,87.2,87.2,98.1
הלל יפה,102.1,2022-04-27T00:00:00.000Z,102.1,97.9,87.2,87.2,98.1
הלל יפה,102.1,2022-04-27T00:00:00.000Z,102.1,97.9,87.2,87.2,98.1
הלל יפה,102.1,2022-04-27T00:00:00.000Z,102.1,97.9,87.2,87.2,98.1
הלל יפה,102.1,2022-04-27T00:00:00.000Z,102.1,97.9,87.2,87.2,98.1
הלל יפה,102.1,2022-04-27T00:00:00.000Z,102.1,97.9,87.2,87.2,98.1
הלל יפה,102.1,2022-04-27T00:00:00.000Z,102.1,97.9,87.2,87.2,98.1
הלל יפה,102.1,2022-04-27T00:00:00.000Z,102.1,97.9,87.2,87.2,98.1
הלל יפה,102.1,2022-04-27T00:00:00.000Z,102.1,97.9,87.2,87.2,98.1
שיבא,104.2,2022-04-27T00:00:00.000Z,104.2,,106.7,106.7,
שיבא,104.2,2022-04-27T00:00:00.000Z,104.2,,106.7,106.7,
שיבא,104.2,2022-04-27T00:00:00.000Z,104.2,,106.7,106.7,
שיבא,104.2,2022-04-27T00:00:00.000Z,104.2,,106.7,106.7,
שיבא,104.2,2022-04-27T00:00:00.000Z,104.2,,106.7,106.7,
שיבא,104.2,2022-04-27T00:00:00.000Z,104.2,,106.7,106.7,
שיבא,104.2,2022-04-27T00:00:00.000Z,104.2,,106.7,106.7,
שיבא,104.2,2022-04-27T00:00:00.000Z,104.2,,106.7,106.7,
שיבא,104.2,2022-04-27T00:00:00.000Z,104.2,,106.7,106.7,
שיבא,104.2,2022-04-27T00:00:00.000Z,104.2,,106.7,106.7,
שיבא,104.2,2022-04-27T00:00:00.000Z,104.2,,106.7,106.7,
שיבא,104.2,2022-04-27T00:00:00.000Z,104.2,,106.7,106.7,
שיבא,104.2,2022-04-27T00:00:00.000Z,104.2,,106.7,106.7,
שיבא,104.2,2022-04-27T00:00:00.000Z,104.2,,106.7,106.7,
שיבא,104.2,2022-04-27T00:00:00.000Z,104.2,,106.7,106.7,
שיבא,104.2,2022-04-27T00:00:00.000Z,104.2,,106.7,106.7,
שיבא,104.2,2022-04-27T00:00:00.000Z,104.2,,106.7,106.7,
שיבא,104.2,2022-04-27T00:00:00.000Z,104.2,,106.7,106.7,
שיבא,104.2,2022-04-27T00:00:00.000Z,104.2,,106.7,106.7,
שיבא,104.2,2022-04-27T00:00:00.000Z,104.2,,106.7,106.7,
שיבא,104.2,2022-04-27T00:00:00.000Z,104.2,,106.7,106.7,
שיבא,104.2,2022-04-27T00:00:00.000Z,104.2,,106.7,106.7,
שיבא,104.2,2022-04-27T00:00:00.000Z,104.2,,106.7,106.7,
שיבא,104.2,2022-04-27T00:00:00.000Z,104.2,,106.7,106.7,
שיבא,104.2,2022-04-27T00:00:00.000Z,104.2,,106.7,106.7,
שיבא,104.2,2022-04-27T00:00:00.000Z,104.2,,106.7,106.7,
שיבא,104.2,2022-04-27T00:00:00.000Z,104.2,,106.7,106.7,
שיבא,104.2,2022-04-27T00:00:00.000Z,104.2,,106.7,106.7,
שיבא,104.2,2022-04-27T00:00:00.000Z,104.2,,106.7,106.7,
שיבא,104.2,2022-04-27T00:00:00.000Z,104.2,,106.7,106.7,
שיבא,104.2,2022-04-27T00:00:00.000Z,104.2,,106.7,106.7,
שיבא,104.2,2022-04-27T00:00:00.000Z,104.2,,106.7,106.7,
שיבא,104.2,2022-04-27T00:00:00.000Z,104.2,,106.7,106.7,
שיבא,104.2,2022-04-27T00:00:00.000Z,104.2,,106.7,106.7,
שיבא,104.2,2022-04-27T00:00:00.000Z,104.2,,106.7,106.7,
שיבא,104.2,2022-04-27T00:00:00.000Z,104.2,,106.7,106.7,
שיבא,104.2,2022-04-27T00:00:00.000Z,104.2,,106.7,106.7,
שיבא,104.2,2022-04-27T00:00:00.000Z,104.2,,106.7,106.7,
יוספטל,81.3,2022-04-27T00:00:00.000Z,81.3,50,53.8,53.8,49.2
יוספטל,81.3,2022-04-27T00:00:00.000Z,81.3,50,53.8,53.8,49.2
יוספטל,81.3,2022-04-27T00:00:00.000Z,81.3,50,53.8,53.8,49.2
יוספטל,81.3,2022-04-27T00:00:00.000Z,81.3,50,53.8,53.8,49.2
יוספטל,81.3,2022-04-27T00:00:00.000Z,81.3,50,53.8,53.8,49.2
יוספטל,81.3,2022-04-27T00:00:00.000Z,81.3,50,53.8,53.8,49.2
יוספטל,81.3,2022-04-27T00:00:00.000Z,81.3,50,53.8,53.8,49.2
יוספטל,81.3,2022-04-27T00:00:00.000Z,81.3,50,53.8,53.8,49.2
יוספטל,81.3,2022-04-27T00:00:00.000Z,81.3,50,53.8,53.8,49.2
יוספטל,81.3,2022-04-27T00:00:00.000Z,81.3,50,53.8,53.8,49.2
יוספטל,81.3,2022-04-27T00:00:00.000Z,81.3,50,53.8,53.8,49.2
יוספטל,81.3,2022-04-27T00:00:00.000Z,81.3,50,53.8,53.8,49.2
יוספטל,81.3,2022-04-27T00:00:00.000Z,81.3,50,53.8,53.8,49.2
יוספטל,81.3,2022-04-27T00:00:00.000Z,81.3,50,53.8,53.8,49.2
יוספטל,81.3,2022-04-27T00:00:00.000Z,81.3,50,53.8,53.8,49.2
יוספטל,81.3,2022-04-27T00:00:00.000Z,81.3,50,53.8,53.8,49.2
יוספטל,81.3,2022-04-27T00:00:00.000Z,81.3,50,53.8,53.8,49.2
יוספטל,81.3,2022-04-27T00:00:00.000Z,81.3,50,53.8,53.8,49.2
יוספטל,81.3,2022-04-27T00:00:00.000Z,81.3,50,53.8,53.8,49.2
יוספטל,81.3,2022-04-27T00:00:00.000Z,81.3,50,53.8,53.8,49.2
יוספטל,81.3,2022-04-27T00:00:00.000Z,81.3,50,53.8,53.8,49.2
יוספטל,81.3,2022-04-27T00:00:00.000Z,81.3,50,53.8,53.8,49.2
יוספטל,81.3,2022-04-27T00:00:00.000Z,81.3,50,53.8,53.8,49.2
יוספטל,81.3,2022-04-27T00:00:00.000Z,81.3,50,53.8,53.8,49.2
יוספטל,81.3,2022-04-27T00:00:00.000Z,81.3,50,53.8,53.8,49.2
יוספטל,81.3,2022-04-27T00:00:00.000Z,81.3,50,53.8,53.8,49.2
יוספטל,81.3,2022-04-27T00:00:00.000Z,81.3,50,53.8,53.8,49.2
יוספטל,81.3,2022-04-27T00:00:00.000Z,81.3,50,53.8,53.8,49.2
יוספטל,81.3,2022-04-27T00:00:00.000Z,81.3,50,53.8,53.8,49.2
יוספטל,81.3,2022-04-27T00:00:00.000Z,81.3,50,53.8,53.8,49.2
יוספטל,81.3,2022-04-27T00:00:00.000Z,81.3,50,53.8,53.8,49.2
יוספטל,81.3,2022-04-27T00:00:00.000Z,81.3,50,53.8,53.8,49.2
יוספטל,81.3,2022-04-27T00:00:00.000Z,81.3,50,53.8,53.8,49.2
יוספטל,81.3,2022-04-27T00:00:00.000Z,81.3,50,53.8,53.8,49.2
"רמב""ם",99,2022-04-27T00:00:00.000Z,99,96.5,92.1,92.1,94
"רמב""ם",99,2022-04-27T00:00:00.000Z,99,96.5,92.1,92.1,94
"רמב""ם",99,2022-04-27T00:00:00.000Z,99,96.5,92.1,92.1,94
"רמב""ם",99,2022-04-27T00:00:00.000Z,99,96.5,92.1,92.1,94
"רמב""ם",99,2022-04-27T00:00:00.000Z,99,96.5,92.1,92.1,94
"רמב""ם",99,2022-04-27T00:00:00.000Z,99,96.5,92.1,92.1,94
"רמב""ם",99,2022-04-27T00:00:00.000Z,99,96.5,92.1,92.1,94
"רמב""ם",99,2022-04-27T00:00:00.000Z,99,96.5,92.1,92.1,94
"רמב""ם",99,2022-04-27T00:00:00.000Z,99,96.5,92.1,92.1,94
"רמב""ם",99,2022-04-27T00:00:00.000Z,99,96.5,92.1,92.1,94
"רמב""ם",99,2022-04-27T00:00:00.000Z,99,96.5,92.1,92.1,94
"רמב""ם",99,2022-04-27T00:00:00.000Z,99,96.5,92.1,92.1,94
"רמב""ם",99,2022-04-27T00:00:00.000Z,99,96.5,92.1,92.1,94
"רמב""ם",99,2022-04-27T00:00:00.000Z,99,96.5,92.1,92.1,94
"רמב""ם",99,2022-04-27T00:00:00.000Z,99,96.5,92.1,92.1,94
"רמב""ם",99,2022-04-27T00:00:00.000Z,99,96.5,92.1,92.1,94
"רמב""ם",99,2022-04-27T00:00:00.000Z,99,96.5,92.1,92.1,94
"רמב""ם",99,2022-04-27T00:00:00.000Z,99,96.5,92.1,92.1,94
"רמב""ם",99,2022-04-27T00:00:00.000Z,99,96.5,92.1,92.1,94
"רמב""ם",99,2022-04-27T00:00:00.000Z,99,96.5,92.1,92.1,94
"רמב""ם",99,2022-04-27T00:00:00.000Z,99,96.5,92.1,92.1,94
"רמב""ם",99,2022-04-27T00:00:00.000Z,99,96.5,92.1,92.1,94
"רמב""ם",99,2022-04-27T00:00:00.000Z,99,96.5,92.1,92.1,94
"רמב""ם",99,2022-04-27T00:00:00.000Z,99,96.5,92.1,92.1,94
"רמב""ם",99,2022-04-27T00:00:00.000Z,99,96.5,92.1,92.1,94
"רמב""ם",99,2022-04-27T00:00:00.000Z,99,96.5,92.1,92.1,94
"רמב""ם",99,2022-04-27T00:00:00.000Z,99,96.5,92.1,92.1,94
"רמב""ם",99,2022-04-27T00:00:00.000Z,99,96.5,92.1,92.1,94
"רמב""ם",99,2022-04-27T00:00:00.000Z,99,96.5,92.1,92.1,94
"רמב""ם",99,2022-04-27T00:00:00.000Z,99,96.5,92.1,92.1,94
"רמב""ם",99,2022-04-27T00:00:00.000Z,99,96.5,92.1,92.1,94
"רמב""ם",99,2022-04-27T00:00:00.000Z,99,96.5,92.1,92.1,94
"רמב""ם",99,2022-04-27T00:00:00.000Z,99,96.5,92.1,92.1,94
"רמב""ם",99,2022-04-27T00:00:00.000Z,99,96.5,92.1,92.1,94
"רמב""ם",99,2022-04-27T00:00:00.000Z,99,96.5,92.1,92.1,94
"רמב""ם",99,2022-04-27T00:00:00.000Z,99,96.5,92.1,92.1,94
"רמב""ם",99,2022-04-27T00:00:00.000Z,99,96.5,92.1,92.1,94
"רמב""ם",99,2022-04-27T00:00:00.000Z,99,96.5,92.1,92.1,94
"רמב""ם",99,2022-04-27T00:00:00.000Z,99,96.5,92.1,92.1,94
"רמב""ם",99,2022-04-27T00:00:00.000Z,99,96.5,92.1,92.1,94
"רמב""ם",99,2022-04-27T00:00:00.000Z,99,96.5,92.1,92.1,94
"רמב""ם",99,2022-04-27T00:00:00.000Z,99,96.5,92.1,92.1,94
"רמב""ם",99,2022-04-27T00:00:00.000Z,99,96.5,92.1,92.1,94
"רמב""ם",99,2022-04-27T00:00:00.000Z,99,96.5,92.1,92.1,94
"רמב""ם",99,2022-04-27T00:00:00.000Z,99,96.5,92.1,92.1,94
"רמב""ם",99,2022-04-27T00:00:00.000Z,99,96.5,92.1,92.1,94
"רמב""ם",99,2022-04-27T00:00:00.000Z,99,96.5,92.1,92.1,94
"רמב""ם",99,2022-04-27T00:00:00.000Z,99,96.5,92.1,92.1,94
"רמב""ם",99,2022-04-27T00:00:00.000Z,99,96.5,92.1,92.1,94
"רמב""ם",99,2022-04-27T00:00:00.000Z,99,96.5,92.1,92.1,94
"רמב""ם",99,2022-04-27T00:00:00.000Z,99,96.5,92.1,92.1,94
"רמב""ם",99,2022-04-27T00:00:00.000Z,99,96.5,92.1,92.1,94
"רמב""ם",99,2022-04-27T00:00:00.000Z,99,96.5,92.1,92.1,94
"רמב""ם",99,2022-04-27T00:00:00.000Z,99,96.5,92.1,92.1,94
"רמב""ם",99,2022-04-27T00:00:00.000Z,99,96.5,92.1,92.1,94
"רמב""ם",99,2022-04-27T00:00:00.000Z,99,96.5,92.1,92.1,94
"רמב""ם",99,2022-04-27T00:00:00.000Z,99,96.5,92.1,92.1,94
"רמב""ם",99,2022-04-27T00:00:00.000Z,99,96.5,92.1,92.1,94
"רמב""ם",99,2022-04-27T00:00:00.000Z,99,96.5,92.1,92.1,94
"רמב""ם",99,2022-04-27T00:00:00.000Z,99,96.5,92.1,92.1,94
"רמב""ם",99,2022-04-27T00:00:00.000Z,99,96.5,92.1,92.1,94
"רמב""ם",99,2022-04-27T00:00:00.000Z,99,96.5,92.1,92.1,94
"רמב""ם",99,2022-04-27T00:00:00.000Z,99,96.5,92.1,92.1,94
"רמב""ם",99,2022-04-27T00:00:00.000Z,99,96.5,92.1,92.1,94
"רמב""ם",99,2022-04-27T00:00:00.000Z,99,96.5,92.1,92.1,94
"רמב""ם",99,2022-04-27T00:00:00.000Z,99,96.5,92.1,92.1,94
"רמב""ם",99,2022-04-27T00:00:00.000Z,99,96.5,92.1,92.1,94
"רמב""ם",99,2022-04-27T00:00:00.000Z,99,96.5,92.1,92.1,94
שמיר,91.5,2022-04-27T00:00:00.000Z,91.5,86.1,73.7,73.7,69.1
שמיר,91.5,2022-04-27T00:00:00.000Z,91.5,86.1,73.7,73.7,69.1
שמיר,91.5,2022-04-27T00:00:00.000Z,91.5,86.1,73.7,73.7,69.1
שמיר,91.5,2022-04-27T00:00:00.000Z,91.5,86.1,73.7,73.7,69.1
שמיר,91.5,2022-04-27T00:00:00.000Z,91.5,86.1,73.7,73.7,69.1
שמיר,91.5,2022-04-27T00:00:00.000Z,91.5,86.1,73.7,73.7,69.1
שמיר,91.5,2022-04-27T00:00:00.000Z,91.5,86.1,73.7,73.7,69.1
שמיר,91.5,2022-04-27T00:00:00.000Z,91.5,86.1,73.7,73.7,69.1
שמיר,91.5,2022-04-27T00:00:00.000Z,91.5,86.1,73.7,73.7,69.1
שמיר,91.5,2022-04-27T00:00:00.000Z,91.5,86.1,73.7,73.7,69.1
שמיר,91.5,2022-04-27T00:00:00.000Z,91.5,86.1,73.7,73.7,69.1
שמיר,91.5,2022-04-27T00:00:00.000Z,91.5,86.1,73.7,73.7,69.1
שמיר,91.5,2022-04-27T00:00:00.000Z,91.5,86.1,73.7,73.7,69.1
שמיר,91.5,2022-04-27T00:00:00.000Z,91.5,86.1,73.7,73.7,69.1
שמיר,91.5,2022-04-27T00:00:00.000Z,91.5,86.1,73.7,73.7,69.1
שמיר,91.5,2022-04-27T00:00:00.000Z,91.5,86.1,73.7,73.7,69.1
שמיר,91.5,2022-04-27T00:00:00.000Z,91.5,86.1,73.7,73.7,69.1
שמיר,91.5,2022-04-27T00:00:00.000Z,91.5,86.1,73.7,73.7,69.1
שמיר,91.5,2022-04-27T00:00:00.000Z,91.5,86.1,73.7,73.7,69.1
שמיר,91.5,2022-04-27T00:00:00.000Z,91.5,86.1,73.7,73.7,69.1
שמיר,91.5,2022-04-27T00:00:00.000Z,91.5,86.1,73.7,73.7,69.1
שמיר,91.5,2022-04-27T00:00:00.000Z,91.5,86.1,73.7,73.7,69.1
שמיר,91.5,2022-04-27T00:00:00.000Z,91.5,86.1,73.7,73.7,69.1
שמיר,91.5,2022-04-27T00:00:00.000Z,91.5,86.1,73.7,73.7,69.1
שמיר,91.5,2022-04-27T00:00:00.000Z,91.5,86.1,73.7,73.7,69.1
שמיר,91.5,2022-04-27T00:00:00.000Z,91.5,86.1,73.7,73.7,69.1
שמיר,91.5,2022-04-27T00:00:00.000Z,91.5,86.1,73.7,73.7,69.1
שמיר,91.5,2022-04-27T00:00:00.000Z,91.5,86.1,73.7,73.7,69.1
שמיר,91.5,2022-04-27T00:00:00.000Z,91.5,86.1,73.7,73.7,69.1
שמיר,91.5,2022-04-27T00:00:00.000Z,91.5,86.1,73.7,73.7,69.1
שמיר,91.5,2022-04-27T00:00:00.000Z,91.5,86.1,73.7,73.7,69.1
שמיר,91.5,2022-04-27T00:00:00.000Z,91.5,86.1,73.7,73.7,69.1
שמיר,91.5,2022-04-27T00:00:00.000Z,91.5,86.1,73.7,73.7,69.1
שמיר,91.5,2022-04-27T00:00:00.000Z,91.5,86.1,73.7,73.7,69.1
נהריה,90.5,2022-04-27T00:00:00.000Z,90.5,93.7,86.2,86.2,86.3
נהריה,90.5,2022-04-27T00:00:00.000Z,90.5,93.7,86.2,86.2,86.3
נהריה,90.5,2022-04-27T00:00:00.000Z,90.5,93.7,86.2,86.2,86.3
נהריה,90.5,2022-04-27T00:00:00.000Z,90.5,93.7,86.2,86.2,86.3
נהריה,90.5,2022-04-27T00:00:00.000Z,90.5,93.7,86.2,86.2,86.3
נהריה,90.5,2022-04-27T00:00:00.000Z,90.5,93.7,86.2,86.2,86.3
נהריה,90.5,2022-04-27T00:00:00.000Z,90.5,93.7,86.2,86.2,86.3
נהריה,90.5,2022-04-27T00:00:00.000Z,90.5,93.7,86.2,86.2,86.3
נהריה,90.5,2022-04-27T00:00:00.000Z,90.5,93.7,86.2,86.2,86.3
נהריה,90.5,2022-04-27T00:00:00.000Z,90.5,93.7,86.2,86.2,86.3
נהריה,90.5,2022-04-27T00:00:00.000Z,90.5,93.7,86.2,86.2,86.3
נהריה,90.5,2022-04-27T00:00:00.000Z,90.5,93.7,86.2,86.2,86.3
נהריה,90.5,2022-04-27T00:00:00.000Z,90.5,93.7,86.2,86.2,86.3
נהריה,90.5,2022-04-27T00:00:00.000Z,90.5,93.7,86.2,86.2,86.3
נהריה,90.5,2022-04-27T00:00:00.000Z,90.5,93.7,86.2,86.2,86.3
נהריה,90.5,2022-04-27T00:00:00.000Z,90.5,93.7,86.2,86.2,86.3
נהריה,90.5,2022-04-27T00:00:00.000Z,90.5,93.7,86.2,86.2,86.3
נהריה,90.5,2022-04-27T00:00:00.000Z,90.5,93.7,86.2,86.2,86.3
נהריה,90.5,2022-04-27T00:00:00.000Z,90.5,93.7,86.2,86.2,86.3
נהריה,90.5,2022-04-27T00:00:00.000Z,90.5,93.7,86.2,86.2,86.3
נהריה,90.5,2022-04-27T00:00:00.000Z,90.5,93.7,86.2,86.2,86.3
נהריה,90.5,2022-04-27T00:00:00.000Z,90.5,93.7,86.2,86.2,86.3
נהריה,90.5,2022-04-27T00:00:00.000Z,90.5,93.7,86.2,86.2,86.3
נהריה,90.5,2022-04-27T00:00:00.000Z,90.5,93.7,86.2,86.2,86.3
נהריה,90.5,2022-04-27T00:00:00.000Z,90.5,93.7,86.2,86.2,86.3
נהריה,90.5,2022-04-27T00:00:00.000Z,90.5,93.7,86.2,86.2,86.3
נהריה,90.5,2022-04-27T00:00:00.000Z,90.5,93.7,86.2,86.2,86.3
נהריה,90.5,2022-04-27T00:00:00.000Z,90.5,93.7,86.2,86.2,86.3
נהריה,90.5,2022-04-27T00:00:00.000Z,90.5,93.7,86.2,86.2,86.3
נהריה,90.5,2022-04-27T00:00:00.000Z,90.5,93.7,86.2,86.2,86.3
נהריה,90.5,2022-04-27T00:00:00.000Z,90.5,93.7,86.2,86.2,86.3
נהריה,90.5,2022-04-27T00:00:00.000Z,90.5,93.7,86.2,86.2,86.3
נהריה,90.5,2022-04-27T00:00:00.000Z,90.5,93.7,86.2,86.2,86.3
נהריה,90.5,2022-04-27T00:00:00.000Z,90.5,93.7,86.2,86.2,86.3
שיבא,104.2,2022-04-27T00:00:00.000Z,104.2,,106.7,106.7,
שיבא,104.2,2022-04-27T00:00:00.000Z,104.2,,106.7,106.7,
שיבא,104.2,2022-04-27T00:00:00.000Z,104.2,,106.7,106.7,
שיבא,104.2,2022-04-27T00:00:00.000Z,104.2,,106.7,106.7,
שיבא,104.2,2022-04-27T00:00:00.000Z,104.2,,106.7,106.7,
שיבא,104.2,2022-04-27T00:00:00.000Z,104.2,,106.7,106.7,
שיבא,104.2,2022-04-27T00:00:00.000Z,104.2,,106.7,106.7,
שיבא,104.2,2022-04-27T00:00:00.000Z,104.2,,106.7,106.7,
שיבא,104.2,2022-04-27T00:00:00.000Z,104.2,,106.7,106.7,
שיבא,104.2,2022-04-27T00:00:00.000Z,104.2,,106.7,106.7,
שיבא,104.2,2022-04-27T00:00:00.000Z,104.2,,106.7,106.7,
שיבא,104.2,2022-04-27T00:00:00.000Z,104.2,,106.7,106.7,
שיבא,104.2,2022-04-27T00:00:00.000Z,104.2,,106.7,106.7,
שיבא,104.2,2022-04-27T00:00:00.000Z,104.2,,106.7,106.7,
שיבא,104.2,2022-04-27T00:00:00.000Z,104.2,,106.7,106.7,
שיבא,104.2,2022-04-27T00:00:00.000Z,104.2,,106.7,106.7,
שיבא,104.2,2022-04-27T00:00:00.000Z,104.2,,106.7,106.7,
שיבא,104.2,2022-04-27T00:00:00.000Z,104.2,,106.7,106.7,
שיבא,104.2,2022-04-27T00:00:00.000Z,104.2,,106.7,106.7,
שיבא,104.2,2022-04-27T00:00:00.000Z,104.2,,106.7,106.7,
שיבא,104.2,2022-04-27T00:00:00.000Z,104.2,,106.7,106.7,
שיבא,104.2,2022-04-27T00:00:00.000Z,104.2,,106.7,106.7,
שיבא,104.2,2022-04-27T00:00:00.000Z,104.2,,106.7,106.7,
שיבא,104.2,2022-04-27T00:00:00.000Z,104.2,,106.7,106.7,
שיבא,104.2,2022-04-27T00:00:00.000Z,104.2,,106.7,106.7,
שיבא,104.2,2022-04-27T00:00:00.000Z,104.2,,106.7,106.7,
שיבא,104.2,2022-04-27T00:00:00.000Z,104.2,,106.7,106.7,
שיבא,104.2,2022-04-27T00:00:00.000Z,104.2,,106.7,106.7,
שיבא,104.2,2022-04-27T00:00:00.000Z,104.2,,106.7,106.7,
שיבא,104.2,2022-04-27T00:00:00.000Z,104.2,,106.7,106.7,
שיבא,104.2,2022-04-27T00:00:00.000Z,104.2,,106.7,106.7,
שיבא,104.2,2022-04-27T00:00:00.000Z,104.2,,106.7,106.7,
שיבא,104.2,2022-04-27T00:00:00.000Z,104.2,,106.7,106.7,
שיבא,104.2,2022-04-27T00:00:00.000Z,104.2,,106.7,106.7,
שיבא,104.2,2022-04-27T00:00:00.000Z,104.2,,106.7,106.7,
שיבא,104.2,2022-04-27T00:00:00.000Z,104.2,,106.7,106.7,
שיבא,104.2,2022-04-27T00:00:00.000Z,104.2,,106.7,106.7,
שיבא,104.2,2022-04-27T00:00:00.000Z,104.2,,106.7,106.7,
שיבא,104.2,2022-04-27T00:00:00.000Z,104.2,,106.7,106.7,
שיבא,104.2,2022-04-27T00:00:00.000Z,104.2,,106.7,106.7,
שיבא,104.2,2022-04-27T00:00:00.000Z,104.2,,106.7,106.7,
שיבא,104.2,2022-04-27T00:00:00.000Z,104.2,,106.7,106.7,
שיבא,104.2,2022-04-27T00:00:00.000Z,104.2,,106.7,106.7,
שיבא,104.2,2022-04-27T00:00:00.000Z,104.2,,106.7,106.7,
שיבא,104.2,2022-04-27T00:00:00.000Z,104.2,,106.7,106.7,
שיבא,104.2,2022-04-27T00:00:00.000Z,104.2,,106.7,106.7,
שיבא,104.2,2022-04-27T00:00:00.000Z,104.2,,106.7,106.7,
שיבא,104.2,2022-04-27T00:00:00.000Z,104.2,,106.7,106.7,
שיבא,104.2,2022-04-27T00:00:00.000Z,104.2,,106.7,106.7,
שיבא,104.2,2022-04-27T00:00:00.000Z,104.2,,106.7,106.7,
שיבא,104.2,2022-04-27T00:00:00.000Z,104.2,,106.7,106.7,
שיבא,104.2,2022-04-27T00:00:00.000Z,104.2,,106.7,106.7,
שיבא,104.2,2022-04-27T00:00:00.000Z,104.2,,106.7,106.7,
שיבא,104.2,2022-04-27T00:00:00.000Z,104.2,,106.7,106.7,
שיבא,104.2,2022-04-27T00:00:00.000Z,104.2,,106.7,106.7,
שיבא,104.2,2022-04-27T00:00:00.000Z,104.2,,106.7,106.7,
שיבא,104.2,2022-04-27T00:00:00.000Z,104.2,,106.7,106.7,
שיבא,104.2,2022-04-27T00:00:00.000Z,104.2,,106.7,106.7,
שיבא,104.2,2022-04-27T00:00:00.000Z,104.2,,106.7,106.7,
שיבא,104.2,2022-04-27T00:00:00.000Z,104.2,,106.7,106.7,
שיבא,104.2,2022-04-27T00:00:00.000Z,104.2,,106.7,106.7,
שיבא,104.2,2022-04-27T00:00:00.000Z,104.2,,106.7,106.7,
שיבא,104.2,2022-04-27T00:00:00.000Z,104.2,,106.7,106.7,
שיבא,104.2,2022-04-27T00:00:00.000Z,104.2,,106.7,106.7,
שיבא,104.2,2022-04-27T00:00:00.000Z,104.2,,106.7,106.7,
שיבא,104.2,2022-04-27T00:00:00.000Z,104.2,,106.7,106.7,
שיבא,104.2,2022-04-27T00:00:00.000Z,104.2,,106.7,106.7,
שיבא,104.2,2022-04-27T00:00:00.000Z,104.2,,106.7,106.7,
שיבא,104.2,2022-04-27T00:00:00.000Z,104.2,,106.7,106.7,
שיבא,104.2,2022-04-27T00:00:00.000Z,104.2,,106.7,106.7,
שיבא,104.2,2022-04-27T00:00:00.000Z,104.2,,106.7,106.7,
שיבא,104.2,2022-04-27T00:00:00.000Z,104.2,,106.7,106.7,
שיבא,104.2,2022-04-27T00:00:00.000Z,104.2,,106.7,106.7,
שיבא,104.2,2022-04-27T00:00:00.000Z,104.2,,106.7,106.7,
שיבא,104.2,2022-04-27T00:00:00.000Z,104.2,,106.7,106.7,
שיבא,104.2,2022-04-27T00:00:00.000Z,104.2,,106.7,106.7,
הלל יפה,102.1,2022-04-27T00:00:00.000Z,102.1,97.9,87.2,87.2,98.1
הלל יפה,102.1,2022-04-27T00:00:00.000Z,102.1,97.9,87.2,87.2,98.1
הלל יפה,102.1,2022-04-27T00:00:00.000Z,102.1,97.9,87.2,87.2,98.1
הלל יפה,102.1,2022-04-27T00:00:00.000Z,102.1,97.9,87.2,87.2,98.1
הלל יפה,102.1,2022-04-27T00:00:00.000Z,102.1,97.9,87.2,87.2,98.1
הלל יפה,102.1,2022-04-27T00:00:00.000Z,102.1,97.9,87.2,87.2,98.1
הלל יפה,102.1,2022-04-27T00:00:00.000Z,102.1,97.9,87.2,87.2,98.1
הלל יפה,102.1,2022-04-27T00:00:00.000Z,102.1,97.9,87.2,87.2,98.1
הלל יפה,102.1,2022-04-27T00:00:00.000Z,102.1,97.9,87.2,87.2,98.1
הלל יפה,102.1,2022-04-27T00:00:00.000Z,102.1,97.9,87.2,87.2,98.1
הלל יפה,102.1,2022-04-27T00:00:00.000Z,102.1,97.9,87.2,87.2,98.1
הלל יפה,102.1,2022-04-27T00:00:00.000Z,102.1,97.9,87.2,87.2,98.1
הלל יפה,102.1,2022-04-27T00:00:00.000Z,102.1,97.9,87.2,87.2,98.1
הלל יפה,102.1,2022-04-27T00:00:00.000Z,102.1,97.9,87.2,87.2,98.1
הלל יפה,102.1,2022-04-27T00:00:00.000Z,102.1,97.9,87.2,87.2,98.1
הלל יפה,102.1,2022-04-27T00:00:00.000Z,102.1,97.9,87.2,87.2,98.1
הלל יפה,102.1,2022-04-27T00:00:00.000Z,102.1,97.9,87.2,87.2,98.1
הלל יפה,102.1,2022-04-27T00:00:00.000Z,102.1,97.9,87.2,87.2,98.1
הלל יפה,102.1,2022-04-27T00:00:00.000Z,102.1,97.9,87.2,87.2,98.1
הלל יפה,102.1,2022-04-27T00:00:00.000Z,102.1,97.9,87.2,87.2,98.1
הלל יפה,102.1,2022-04-27T00:00:00.000Z,102.1,97.9,87.2,87.2,98.1
הלל יפה,102.1,2022-04-27T00:00:00.000Z,102.1,97.9,87.2,87.2,98.1
הלל יפה,102.1,2022-04-27T00:00:00.000Z,102.1,97.9,87.2,87.2,98.1
הלל יפה,102.1,2022-04-27T00:00:00.000Z,102.1,97.9,87.2,87.2,98.1
הלל יפה,102.1,2022-04-27T00:00:00.000Z,102.1,97.9,87.2,87.2,98.1
הלל יפה,102.1,2022-04-27T00:00:00.000Z,102.1,97.9,87.2,87.2,98.1
הלל יפה,102.1,2022-04-27T00:00:00.000Z,102.1,97.9,87.2,87.2,98.1
הלל יפה,102.1,2022-04-27T00:00:00.000Z,102.1,97.9,87.2,87.2,98.1
הלל יפה,102.1,2022-04-27T00:00:00.000Z,102.1,97.9,87.2,87.2,98.1
הלל יפה,102.1,2022-04-27T00:00:00.000Z,102.1,97.9,87.2,87.2,98.1
הלל יפה,102.1,2022-04-27T00:00:00.000Z,102.1,97.9,87.2,87.2,98.1
הלל יפה,102.1,2022-04-27T00:00:00.000Z,102.1,97.9,87.2,87.2,98.1
הלל יפה,102.1,2022-04-27T00:00:00.000Z,102.1,97.9,87.2,87.2,98.1
הלל יפה,102.1,2022-04-27T00:00:00.000Z,102.1,97.9,87.2,87.2,98.1
יוספטל,81.3,2022-04-27T00:00:00.000Z,81.3,50,53.8,53.8,49.2
יוספטל,81.3,2022-04-27T00:00:00.000Z,81.3,50,53.8,53.8,49.2
יוספטל,81.3,2022-04-27T00:00:00.000Z,81.3,50,53.8,53.8,49.2
יוספטל,81.3,2022-04-27T00:00:00.000Z,81.3,50,53.8,53.8,49.2
יוספטל,81.3,2022-04-27T00:00:00.000Z,81.3,50,53.8,53.8,49.2
יוספטל,81.3,2022-04-27T00:00:00.000Z,81.3,50,53.8,53.8,49.2
יוספטל,81.3,2022-04-27T00:00:00.000Z,81.3,50,53.8,53.8,49.2
יוספטל,81.3,2022-04-27T00:00:00.000Z,81.3,50,53.8,53.8,49.2
יוספטל,81.3,2022-04-27T00:00:00.000Z,81.3,50,53.8,53.8,49.2
יוספטל,81.3,2022-04-27T00:00:00.000Z,81.3,50,53.8,53.8,49.2
יוספטל,81.3,2022-04-27T00:00:00.000Z,81.3,50,53.8,53.8,49.2
יוספטל,81.3,2022-04-27T00:00:00.000Z,81.3,50,53.8,53.8,49.2
יוספטל,81.3,2022-04-27T00:00:00.000Z,81.3,50,53.8,53.8,49.2
יוספטל,81.3,2022-04-27T00:00:00.000Z,81.3,50,53.8,53.8,49.2
יוספטל,81.3,2022-04-27T00:00:00.000Z,81.3,50,53.8,53.8,49.2
יוספטל,81.3,2022-04-27T00:00:00.000Z,81.3,50,53.8,53.8,49.2
יוספטל,81.3,2022-04-27T00:00:00.000Z,81.3,50,53.8,53.8,49.2
יוספטל,81.3,2022-04-27T00:00:00.000Z,81.3,50,53.8,53.8,49.2
יוספטל,81.3,2022-04-27T00:00:00.000Z,81.3,50,53.8,53.8,49.2
יוספטל,81.3,2022-04-27T00:00:00.000Z,81.3,50,53.8,53.8,49.2
יוספטל,81.3,2022-04-27T00:00:00.000Z,81.3,50,53.8,53.8,49.2
יוספטל,81.3,2022-04-27T00:00:00.000Z,81.3,50,53.8,53.8,49.2
יוספטל,81.3,2022-04-27T00:00:00.000Z,81.3,50,53.8,53.8,49.2
יוספטל,81.3,2022-04-27T00:00:00.000Z,81.3,50,53.8,53.8,49.2
יוספטל,81.3,2022-04-27T00:00:00.000Z,81.3,50,53.8,53.8,49.2
יוספטל,81.3,2022-04-27T00:00:00.000Z,81.3,50,53.8,53.8,49.2
יוספטל,81.3,2022-04-27T00:00:00.000Z,81.3,50,53.8,53.8,49.2
יוספטל,81.3,2022-04-27T00:00:00.000Z,81.3,50,53.8,53.8,49.2
יוספטל,81.3,2022-04-27T00:00:00.000Z,81.3,50,53.8,53.8,49.2
יוספטל,81.3,2022-04-27T00:00:00.000Z,81.3,50,53.8,53.8,49.2
יוספטל,81.3,2022-04-27T00:00:00.000Z,81.3,50,53.8,53.8,49.2
יוספטל,81.3,2022-04-27T00:00:00.000Z,81.3,50,53.8,53.8,49.2
יוספטל,81.3,2022-04-27T00:00:00.000Z,81.3,50,53.8,53.8,49.2
יוספטל,81.3,2022-04-27T00:00:00.000Z,81.3,50,53.8,53.8,49.2
"רמב""ם",99,2022-04-27T00:00:00.000Z,99,96.5,92.1,92.1,94
"רמב""ם",99,2022-04-27T00:00:00.000Z,99,96.5,92.1,92.1,94
"רמב""ם",99,2022-04-27T00:00:00.000Z,99,96.5,92.1,92.1,94
"רמב""ם",99,2022-04-27T00:00:00.000Z,99,96.5,92.1,92.1,94
"רמב""ם",99,2022-04-27T00:00:00.000Z,99,96.5,92.1,92.1,94
"רמב""ם",99,2022-04-27T00:00:00.000Z,99,96.5,92.1,92.1,94
"רמב""ם",99,2022-04-27T00:00:00.000Z,99,96.5,92.1,92.1,94
"רמב""ם",99,2022-04-27T00:00:00.000Z,99,96.5,92.1,92.1,94
"רמב""ם",99,2022-04-27T00:00:00.000Z,99,96.5,92.1,92.1,94
"רמב""ם",99,2022-04-27T00:00:00.000Z,99,96.5,92.1,92.1,94
"רמב""ם",99,2022-04-27T00:00:00.000Z,99,96.5,92.1,92.1,94
"רמב""ם",99,2022-04-27T00:00:00.000Z,99,96.5,92.1,92.1,94
"רמב""ם",99,2022-04-27T00:00:00.000Z,99,96.5,92.1,92.1,94
"רמב""ם",99,2022-04-27T00:00:00.000Z,99,96.5,92.1,92.1,94
"רמב""ם",99,2022-04-27T00:00:00.000Z,99,96.5,92.1,92.1,94
"רמב""ם",99,2022-04-27T00:00:00.000Z,99,96.5,92.1,92.1,94
"רמב""ם",99,2022-04-27T00:00:00.000Z,99,96.5,92.1,92.1,94
"רמב""ם",99,2022-04-27T00:00:00.000Z,99,96.5,92.1,92.1,94
"רמב""ם",99,2022-04-27T00:00:00.000Z,99,96.5,92.1,92.1,94
"רמב""ם",99,2022-04-27T00:00:00.000Z,99,96.5,92.1,92.1,94
"רמב""ם",99,2022-04-27T00:00:00.000Z,99,96.5,92.1,92.1,94
"רמב""ם",99,2022-04-27T00:00:00.000Z,99,96.5,92.1,92.1,94
"רמב""ם",99,2022-04-27T00:00:00.000Z,99,96.5,92.1,92.1,94
"רמב""ם",99,2022-04-27T00:00:00.000Z,99,96.5,92.1,92.1,94
"רמב""ם",99,2022-04-27T00:00:00.000Z,99,96.5,92.1,92.1,94
"רמב""ם",99,2022-04-27T00:00:00.000Z,99,96.5,92.1,92.1,94
"רמב""ם",99,2022-04-27T00:00:00.000Z,99,96.5,92.1,92.1,94
"רמב""ם",99,2022-04-27T00:00:00.000Z,99,96.5,92.1,92.1,94
"רמב""ם",99,2022-04-27T00:00:00.000Z,99,96.5,92.1,92.1,94
"רמב""ם",99,2022-04-27T00:00:00.000Z,99,96.5,92.1,92.1,94
"רמב""ם",99,2022-04-27T00:00:00.000Z,99,96.5,92.1,92.1,94
"רמב""ם",99,2022-04-27T00:00:00.000Z,99,96.5,92.1,92.1,94
"רמב""ם",99,2022-04-27T00:00:00.000Z,99,96.5,92.1,92.1,94
"רמב""ם",99,2022-04-27T00:00:00.000Z,99,96.5,92.1,92.1,94
נהריה,90.5,2022-04-27T00:00:00.000Z,90.5,93.7,86.2,86.2,86.3
נהריה,90.5,2022-04-27T00:00:00.000Z,90.5,93.7,86.2,86.2,86.3
נהריה,90.5,2022-04-27T00:00:00.000Z,90.5,93.7,86.2,86.2,86.3
נהריה,90.5,2022-04-27T00:00:00.000Z,90.5,93.7,86.2,86.2,86.3
נהריה,90.5,2022-04-27T00:00:00.000Z,90.5,93.7,86.2,86.2,86.3
נהריה,90.5,2022-04-27T00:00:00.000Z,90.5,93.7,86.2,86.2,86.3
נהריה,90.5,2022-04-27T00:00:00.000Z,90.5,93.7,86.2,86.2,86.3
נהריה,90.5,2022-04-27T00:00:00.000Z,90.5,93.7,86.2,86.2,86.3
נהריה,90.5,2022-04-27T00:00:00.000Z,90.5,93.7,86.2,86.2,86.3
נהריה,90.5,2022-04-27T00:00:00.000Z,90.5,93.7,86.2,86.2,86.3
נהריה,90.5,2022-04-27T00:00:00.000Z,90.5,93.7,86.2,86.2,86.3
נהריה,90.5,2022-04-27T00:00:00.000Z,90.5,93.7,86.2,86.2,86.3
נהריה,90.5,2022-04-27T00:00:00.000Z,90.5,93.7,86.2,86.2,86.3
נהריה,90.5,2022-04-27T00:00:00.000Z,90.5,93.7,86.2,86.2,86.3
נהריה,90.5,2022-04-27T00:00:00.000Z,90.5,93.7,86.2,86.2,86.3
נהריה,90.5,2022-04-27T00:00:00.000Z,90.5,93.7,86.2,86.2,86.3
נהריה,90.5,2022-04-27T00:00:00.000Z,90.5,93.7,86.2,86.2,86.3
נהריה,90.5,2022-04-27T00:00:00.000Z,90.5,93.7,86.2,86.2,86.3
נהריה,90.5,2022-04-27T00:00:00.000Z,90.5,93.7,86.2,86.2,86.3
נהריה,90.5,2022-04-27T00:00:00.000Z,90.5,93.7,86.2,86.2,86.3
נהריה,90.5,2022-04-27T00:00:00.000Z,90.5,93.7,86.2,86.2,86.3
נהריה,90.5,2022-04-27T00:00:00.000Z,90.5,93.7,86.2,86.2,86.3
נהריה,90.5,2022-04-27T00:00:00.000Z,90.5,93.7,86.2,86.2,86.3
נהריה,90.5,2022-04-27T00:00:00.000Z,90.5,93.7,86.2,86.2,86.3
נהריה,90.5,2022-04-27T00:00:00.000Z,90.5,93.7,86.2,86.2,86.3
נהריה,90.5,2022-04-27T00:00:00.000Z,90.5,93.7,86.2,86.2,86.3
נהריה,90.5,2022-04-27T00:00:00.000Z,90.5,93.7,86.2,86.2,86.3
נהריה,90.5,2022-04-27T00:00:00.000Z,90.5,93.7,86.2,86.2,86.3
נהריה,90.5,2022-04-27T00:00:00.000Z,90.5,93.7,86.2,86.2,86.3
נהריה,90.5,2022-04-27T00:00:00.000Z,90.5,93.7,86.2,86.2,86.3
נהריה,90.5,2022-04-27T00:00:00.000Z,90.5,93.7,86.2,86.2,86.3
נהריה,90.5,2022-04-27T00:00:00.000Z,90.5,93.7,86.2,86.2,86.3
נהריה,90.5,2022-04-27T00:00:00.000Z,90.5,93.7,86.2,86.2,86.3
נהריה,90.5,2022-04-27T00:00:00.000Z,90.5,93.7,86.2,86.2,86.3
שיבא,104.2,2022-04-27T00:00:00.000Z,104.2,,106.7,106.7,
שיבא,104.2,2022-04-27T00:00:00.000Z,104.2,,106.7,106.7,
שיבא,104.2,2022-04-27T00:00:00.000Z,104.2,,106.7,106.7,
שיבא,104.2,2022-04-27T00:00:00.000Z,104.2,,106.7,106.7,
שיבא,104.2,2022-04-27T00:00:00.000Z,104.2,,106.7,106.7,
שיבא,104.2,2022-04-27T00:00:00.000Z,104.2,,106.7,106.7,
שיבא,104.2,2022-04-27T00:00:00.000Z,104.2,,106.7,106.7,
שיבא,104.2,2022-04-27T00:00:00.000Z,104.2,,106.7,106.7,
שיבא,104.2,2022-04-27T00:00:00.000Z,104.2,,106.7,106.7,
שיבא,104.2,2022-04-27T00:00:00.000Z,104.2,,106.7,106.7,
שיבא,104.2,2022-04-27T00:00:00.000Z,104.2,,106.7,106.7,
שיבא,104.2,2022-04-27T00:00:00.000Z,104.2,,106.7,106.7,
שיבא,104.2,2022-04-27T00:00:00.000Z,104.2,,106.7,106.7,
שיבא,104.2,2022-04-27T00:00:00.000Z,104.2,,106.7,106.7,
שיבא,104.2,2022-04-27T00:00:00.000Z,104.2,,106.7,106.7,
שיבא,104.2,2022-04-27T00:00:00.000Z,104.2,,106.7,106.7,
שיבא,104.2,2022-04-27T00:00:00.000Z,104.2,,106.7,106.7,
שיבא,104.2,2022-04-27T00:00:00.000Z,104.2,,106.7,106.7,
שיבא,104.2,2022-04-27T00:00:00.000Z,104.2,,106.7,106.7,
שיבא,104.2,2022-04-27T00:00:00.000Z,104.2,,106.7,106.7,
שיבא,104.2,2022-04-27T00:00:00.000Z,104.2,,106.7,106.7,
שיבא,104.2,2022-04-27T00:00:00.000Z,104.2,,106.7,106.7,
שיבא,104.2,2022-04-27T00:00:00.000Z,104.2,,106.7,106.7,
שיבא,104.2,2022-04-27T00:00:00.000Z,104.2,,106.7,106.7,
שיבא,104.2,2022-04-27T00:00:00.000Z,104.2,,106.7,106.7,
שיבא,104.2,2022-04-27T00:00:00.000Z,104.2,,106.7,106.7,
שיבא,104.2,2022-04-27T00:00:00.000Z,104.2,,106.7,106.7,
שיבא,104.2,2022-04-27T00:00:00.000Z,104.2,,106.7,106.7,
שיבא,104.2,2022-04-27T00:00:00.000Z,104.2,,106.7,106.7,
שיבא,104.2,2022-04-27T00:00:00.000Z,104.2,,106.7,106.7,
שיבא,104.2,2022-04-27T00:00:00.000Z,104.2,,106.7,106.7,
שיבא,104.2,2022-04-27T00:00:00.000Z,104.2,,106.7,106.7,
שיבא,104.2,2022-04-27T00:00:00.000Z,104.2,,106.7,106.7,
שיבא,104.2,2022-04-27T00:00:00.000Z,104.2,,106.7,106.7,
שיבא,104.2,2022-04-27T00:00:00.000Z,104.2,,106.7,106.7,
שיבא,104.2,2022-04-27T00:00:00.000Z,104.2,,106.7,106.7,
שיבא,104.2,2022-04-27T00:00:00.000Z,104.2,,106.7,106.7,
שיבא,104.2,2022-04-27T00:00:00.000Z,104.2,,106.7,106.7,
שיבא,104.2,2022-04-27T00:00:00.000Z,104.2,,106.7,106.7,
שיבא,104.2,2022-04-27T00:00:00.000Z,104.2,,106.7,106.7,
שיבא,104.2,2022-04-27T00:00:00.000Z,104.2,,106.7,106.7,
שיבא,104.2,2022-04-27T00:00:00.000Z,104.2,,106.7,106.7,
שיבא,104.2,2022-04-27T00:00:00.000Z,104.2,,106.7,106.7,
שיבא,104.2,2022-04-27T00:00:00.000Z,104.2,,106.7,106.7,
שיבא,104.2,2022-04-27T00:00:00.000Z,104.2,,106.7,106.7,
שיבא,104.2,2022-04-27T00:00:00.000Z,104.2,,106.7,106.7,
שיבא,104.2,2022-04-27T00:00:00.000Z,104.2,,106.7,106.7,
שיבא,104.2,2022-04-27T00:00:00.000Z,104.2,,106.7,106.7,
שיבא,104.2,2022-04-27T00:00:00.000Z,104.2,,106.7,106.7,
שיבא,104.2,2022-04-27T00:00:00.000Z,104.2,,106.7,106.7,
שיבא,104.2,2022-04-27T00:00:00.000Z,104.2,,106.7,106.7,
שיבא,104.2,2022-04-27T00:00:00.000Z,104.2,,106.7,106.7,
שיבא,104.2,2022-04-27T00:00:00.000Z,104.2,,106.7,106.7,
שיבא,104.2,2022-04-27T00:00:00.000Z,104.2,,106.7,106.7,
שיבא,104.2,2022-04-27T00:00:00.000Z,104.2,,106.7,106.7,
שיבא,104.2,2022-04-27T00:00:00.000Z,104.2,,106.7,106.7,
שיבא,104.2,2022-04-27T00:00:00.000Z,104.2,,106.7,106.7,
שיבא,104.2,2022-04-27T00:00:00.000Z,104.2,,106.7,106.7,
שיבא,104.2,2022-04-27T00:00:00.000Z,104.2,,106.7,106.7,
שיבא,104.2,2022-04-27T00:00:00.000Z,104.2,,106.7,106.7,
שיבא,104.2,2022-04-27T00:00:00.000Z,104.2,,106.7,106.7,
שיבא,104.2,2022-04-27T00:00:00.000Z,104.2,,106.7,106.7,
שיבא,104.2,2022-04-27T00:00:00.000Z,104.2,,106.7,106.7,
שיבא,104.2,2022-04-27T00:00:00.000Z,104.2,,106.7,106.7,
שיבא,104.2,2022-04-27T00:00:00.000Z,104.2,,106.7,106.7,
שיבא,104.2,2022-04-27T00:00:00.000Z,104.2,,106.7,106.7,
שיבא,104.2,2022-04-27T00:00:00.000Z,104.2,,106.7,106.7,
שיבא,104.2,2022-04-27T00:00:00.000Z,104.2,,106.7,106.7,
שיבא,104.2,2022-04-27T00:00:00.000Z,104.2,,106.7,106.7,
שיבא,104.2,2022-04-27T00:00:00.000Z,104.2,,106.7,106.7,
שיבא,104.2,2022-04-27T00:00:00.000Z,104.2,,106.7,106.7,
שיבא,104.2,2022-04-27T00:00:00.000Z,104.2,,106.7,106.7,
שיבא,104.2,2022-04-27T00:00:00.000Z,104.2,,106.7,106.7,
שיבא,104.2,2022-04-27T00:00:00.000Z,104.2,,106.7,106.7,
שיבא,104.2,2022-04-27T00:00:00.000Z,104.2,,106.7,106.7,
שיבא,104.2,2022-04-27T00:00:00.000Z,104.2,,106.7,106.7,
"רמב""ם",99,2022-04-27T00:00:00.000Z,99,96.5,92.1,92.1,94
"רמב""ם",99,2022-04-27T00:00:00.000Z,99,96.5,92.1,92.1,94
"רמב""ם",99,2022-04-27T00:00:00.000Z,99,96.5,92.1,92.1,94
"רמב""ם",99,2022-04-27T00:00:00.000Z,99,96.5,92.1,92.1,94
"רמב""ם",99,2022-04-27T00:00:00.000Z,99,96.5,92.1,92.1,94
"רמב""ם",99,2022-04-27T00:00:00.000Z,99,96.5,92.1,92.1,94
"רמב""ם",99,2022-04-27T00:00:00.000Z,99,96.5,92.1,92.1,94
"רמב""ם",99,2022-04-27T00:00:00.000Z,99,96.5,92.1,92.1,94
"רמב""ם",99,2022-04-27T00:00:00.000Z,99,96.5,92.1,92.1,94
"רמב""ם",99,2022-04-27T00:00:00.000Z,99,96.5,92.1,92.1,94
"רמב""ם",99,2022-04-27T00:00:00.000Z,99,96.5,92.1,92.1,94
"רמב""ם",99,2022-04-27T00:00:00.000Z,99,96.5,92.1,92.1,94
"רמב""ם",99,2022-04-27T00:00:00.000Z,99,96.5,92.1,92.1,94
"רמב""ם",99,2022-04-27T00:00:00.000Z,99,96.5,92.1,92.1,94
"רמב""ם",99,2022-04-27T00:00:00.000Z,99,96.5,92.1,92.1,94
"רמב""ם",99,2022-04-27T00:00:00.000Z,99,96.5,92.1,92.1,94
הלל יפה,102.1,2022-04-27T00:00:00.000Z,102.1,97.9,87.2,87.2,98.1
הלל יפה,102.1,2022-04-27T00:00:00.000Z,102.1,97.9,87.2,87.2,98.1
הלל יפה,102.1,2022-04-27T00:00:00.000Z,102.1,97.9,87.2,87.2,98.1
הלל יפה,102.1,2022-04-27T00:00:00.000Z,102.1,97.9,87.2,87.2,98.1
הלל יפה,102.1,2022-04-27T00:00:00.000Z,102.1,97.9,87.2,87.2,98.1
הלל יפה,102.1,2022-04-27T00:00:00.000Z,102.1,97.9,87.2,87.2,98.1
הלל יפה,102.1,2022-04-27T00:00:00.000Z,102.1,97.9,87.2,87.2,98.1
הלל יפה,102.1,2022-04-27T00:00:00.000Z,102.1,97.9,87.2,87.2,98.1
הלל יפה,102.1,2022-04-27T00:00:00.000Z,102.1,97.9,87.2,87.2,98.1
הלל יפה,102.1,2022-04-27T00:00:00.000Z,102.1,97.9,87.2,87.2,98.1
הלל יפה,102.1,2022-04-27T00:00:00.000Z,102.1,97.9,87.2,87.2,98.1
הלל יפה,102.1,2022-04-27T00:00:00.000Z,102.1,97.9,87.2,87.2,98.1
הלל יפה,102.1,2022-04-27T00:00:00.000Z,102.1,97.9,87.2,87.2,98.1
הלל יפה,102.1,2022-04-27T00:00:00.000Z,102.1,97.9,87.2,87.2,98.1
הלל יפה,102.1,2022-04-27T00:00:00.000Z,102.1,97.9,87.2,87.2,98.1
הלל יפה,102.1,2022-04-27T00:00:00.000Z,102.1,97.9,87.2,87.2,98.1
הלל יפה,102.1,2022-04-27T00:00:00.000Z,102.1,97.9,87.2,87.2,98.1
הלל יפה,102.1,2022-04-27T00:00:00.000Z,102.1,97.9,87.2,87.2,98.1
הלל יפה,102.1,2022-04-27T00:00:00.000Z,102.1,97.9,87.2,87.2,98.1
הלל יפה,102.1,2022-04-27T00:00:00.000Z,102.1,97.9,87.2,87.2,98.1
הלל יפה,102.1,2022-04-27T00:00:00.000Z,102.1,97.9,87.2,87.2,98.1
הלל יפה,102.1,2022-04-27T00:00:00.000Z,102.1,97.9,87.2,87.2,98.1
הלל יפה,102.1,2022-04-27T00:00:00.000Z,102.1,97.9,87.2,87.2,98.1
הלל יפה,102.1,2022-04-27T00:00:00.000Z,102.1,97.9,87.2,87.2,98.1
הלל יפה,102.1,2022-04-27T00:00:00.000Z,102.1,97.9,87.2,87.2,98.1
הלל יפה,102.1,2022-04-27T00:00:00.000Z,102.1,97.9,87.2,87.2,98.1
הלל יפה,102.1,2022-04-27T00:00:00.000Z,102.1,97.9,87.2,87.2,98.1
הלל יפה,102.1,2022-04-27T00:00:00.000Z,102.1,97.9,87.2,87.2,98.1
הלל יפה,102.1,2022-04-27T00:00:00.000Z,102.1,97.9,87.2,87.2,98.1
הלל יפה,102.1,2022-04-27T00:00:00.000Z,102.1,97.9,87.2,87.2,98.1
הלל יפה,102.1,2022-04-27T00:00:00.000Z,102.1,97.9,87.2,87.2,98.1
הלל יפה,102.1,2022-04-27T00:00:00.000Z,102.1,97.9,87.2,87.2,98.1
הלל יפה,102.1,2022-04-27T00:00:00.000Z,102.1,97.9,87.2,87.2,98.1
הלל יפה,102.1,2022-04-27T00:00:00.000Z,102.1,97.9,87.2,87.2,98.1
יוספטל,81.3,2022-04-27T00:00:00.000Z,81.3,50,53.8,53.8,49.2
יוספטל,81.3,2022-04-27T00:00:00.000Z,81.3,50,53.8,53.8,49.2
יוספטל,81.3,2022-04-27T00:00:00.000Z,81.3,50,53.8,53.8,49.2
יוספטל,81.3,2022-04-27T00:00:00.000Z,81.3,50,53.8,53.8,49.2
יוספטל,81.3,2022-04-27T00:00:00.000Z,81.3,50,53.8,53.8,49.2
יוספטל,81.3,2022-04-27T00:00:00.000Z,81.3,50,53.8,53.8,49.2
יוספטל,81.3,2022-04-27T00:00:00.000Z,81.3,50,53.8,53.8,49.2
יוספטל,81.3,2022-04-27T00:00:00.000Z,81.3,50,53.8,53.8,49.2
יוספטל,81.3,2022-04-27T00:00:00.000Z,81.3,50,53.8,53.8,49.2
יוספטל,81.3,2022-04-27T00:00:00.000Z,81.3,50,53.8,53.8,49.2
יוספטל,81.3,2022-04-27T00:00:00.000Z,81.3,50,53.8,53.8,49.2
יוספטל,81.3,2022-04-27T00:00:00.000Z,81.3,50,53.8,53.8,49.2
יוספטל,81.3,2022-04-27T00:00:00.000Z,81.3,50,53.8,53.8,49.2
יוספטל,81.3,2022-04-27T00:00:00.000Z,81.3,50,53.8,53.8,49.2
יוספטל,81.3,2022-04-27T00:00:00.000Z,81.3,50,53.8,53.8,49.2
יוספטל,81.3,2022-04-27T00:00:00.000Z,81.3,50,53.8,53.8,49.2
יוספטל,81.3,2022-04-27T00:00:00.000Z,81.3,50,53.8,53.8,49.2
יוספטל,81.3,2022-04-27T00:00:00.000Z,81.3,50,53.8,53.8,49.2
יוספטל,81.3,2022-04-27T00:00:00.000Z,81.3,50,53.8,53.8,49.2
יוספטל,81.3,2022-04-27T00:00:00.000Z,81.3,50,53.8,53.8,49.2
יוספטל,81.3,2022-04-27T00:00:00.000Z,81.3,50,53.8,53.8,49.2
יוספטל,81.3,2022-04-27T00:00:00.000Z,81.3,50,53.8,53.8,49.2
יוספטל,81.3,2022-04-27T00:00:00.000Z,81.3,50,53.8,53.8,49.2
יוספטל,81.3,2022-04-27T00:00:00.000Z,81.3,50,53.8,53.8,49.2
יוספטל,81.3,2022-04-27T00:00:00.000Z,81.3,50,53.8,53.8,49.2
יוספטל,81.3,2022-04-27T00:00:00.000Z,81.3,50,53.8,53.8,49.2
יוספטל,81.3,2022-04-27T00:00:00.000Z,81.3,50,53.8,53.8,49.2
יוספטל,81.3,2022-04-27T00:00:00.000Z,81.3,50,53.8,53.8,49.2
יוספטל,81.3,2022-04-27T00:00:00.000Z,81.3,50,53.8,53.8,49.2
יוספטל,81.3,2022-04-27T00:00:00.000Z,81.3,50,53.8,53.8,49.2
יוספטל,81.3,2022-04-27T00:00:00.000Z,81.3,50,53.8,53.8,49.2
יוספטל,81.3,2022-04-27T00:00:00.000Z,81.3,50,53.8,53.8,49.2
יוספטל,81.3,2022-04-27T00:00:00.000Z,81.3,50,53.8,53.8,49.2
יוספטל,81.3,2022-04-27T00:00:00.000Z,81.3,50,53.8,53.8,49.2
שמיר,91.5,2022-04-27T00:00:00.000Z,91.5,86.1,73.7,73.7,69.1
שמיר,91.5,2022-04-27T00:00:00.000Z,91.5,86.1,73.7,73.7,69.1
שמיר,91.5,2022-04-27T00:00:00.000Z,91.5,86.1,73.7,73.7,69.1
שמיר,91.5,2022-04-27T00:00:00.000Z,91.5,86.1,73.7,73.7,69.1
שמיר,91.5,2022-04-27T00:00:00.000Z,91.5,86.1,73.7,73.7,69.1
שמיר,91.5,2022-04-27T00:00:00.000Z,91.5,86.1,73.7,73.7,69.1
שמיר,91.5,2022-04-27T00:00:00.000Z,91.5,86.1,73.7,73.7,69.1
שמיר,91.5,2022-04-27T00:00:00.000Z,91.5,86.1,73.7,73.7,69.1
שמיר,91.5,2022-04-27T00:00:00.000Z,91.5,86.1,73.7,73.7,69.1
שמיר,91.5,2022-04-27T00:00:00.000Z,91.5,86.1,73.7,73.7,69.1
שמיר,91.5,2022-04-27T00:00:00.000Z,91.5,86.1,73.7,73.7,69.1
שמיר,91.5,2022-04-27T00:00:00.000Z,91.5,86.1,73.7,73.7,69.1
שמיר,91.5,2022-04-27T00:00:00.000Z,91.5,86.1,73.7,73.7,69.1
שמיר,91.5,2022-04-27T00:00:00.000Z,91.5,86.1,73.7,73.7,69.1
שמיר,91.5,2022-04-27T00:00:00.000Z,91.5,86.1,73.7,73.7,69.1
שמיר,91.5,2022-04-27T00:00:00.000Z,91.5,86.1,73.7,73.7,69.1
שמיר,91.5,2022-04-27T00:00:00.000Z,91.5,86.1,73.7,73.7,69.1
שמיר,91.5,2022-04-27T00:00:00.000Z,91.5,86.1,73.7,73.7,69.1
שמיר,91.5,2022-04-27T00:00:00.000Z,91.5,86.1,73.7,73.7,69.1
שמיר,91.5,2022-04-27T00:00:00.000Z,91.5,86.1,73.7,73.7,69.1
שמיר,91.5,2022-04-27T00:00:00.000Z,91.5,86.1,73.7,73.7,69.1
שמיר,91.5,2022-04-27T00:00:00.000Z,91.5,86.1,73.7,73.7,69.1
שמיר,91.5,2022-04-27T00:00:00.000Z,91.5,86.1,73.7,73.7,69.1
שמיר,91.5,2022-04-27T00:00:00.000Z,91.5,86.1,73.7,73.7,69.1
שמיר,91.5,2022-04-27T00:00:00.000Z,91.5,86.1,73.7,73.7,69.1
שמיר,91.5,2022-04-27T00:00:00.000Z,91.5,86.1,73.7,73.7,69.1
שמיר,91.5,2022-04-27T00:00:00.000Z,91.5,86.1,73.7,73.7,69.1
שמיר,91.5,2022-04-27T00:00:00.000Z,91.5,86.1,73.7,73.7,69.1
שמיר,91.5,2022-04-27T00:00:00.000Z,91.5,86.1,73.7,73.7,69.1
שמיר,91.5,2022-04-27T00:00:00.000Z,91.5,86.1,73.7,73.7,69.1
שמיר,91.5,2022-04-27T00:00:00.000Z,91.5,86.1,73.7,73.7,69.1
שמיר,91.5,2022-04-27T00:00:00.000Z,91.5,86.1,73.7,73.7,69.1
שמיר,91.5,2022-04-27T00:00:00.000Z,91.5,86.1,73.7,73.7,69.1
שמיר,91.5,2022-04-27T00:00:00.000Z,91.5,86.1,73.7,73.7,69.1
נהריה,90.5,2022-04-27T00:00:00.000Z,90.5,93.7,86.2,86.2,86.3
נהריה,90.5,2022-04-27T00:00:00.000Z,90.5,93.7,86.2,86.2,86.3
נהריה,90.5,2022-04-27T00:00:00.000Z,90.5,93.7,86.2,86.2,86.3
נהריה,90.5,2022-04-27T00:00:00.000Z,90.5,93.7,86.2,86.2,86.3
נהריה,90.5,2022-04-27T00:00:00.000Z,90.5,93.7,86.2,86.2,86.3
נהריה,90.5,2022-04-27T00:00:00.000Z,90.5,93.7,86.2,86.2,86.3
נהריה,90.5,2022-04-27T00:00:00.000Z,90.5,93.7,86.2,86.2,86.3
נהריה,90.5,2022-04-27T00:00:00.000Z,90.5,93.7,86.2,86.2,86.3
נהריה,90.5,2022-04-27T00:00:00.000Z,90.5,93.7,86.2,86.2,86.3
נהריה,90.5,2022-04-27T00:00:00.000Z,90.5,93.7,86.2,86.2,86.3
נהריה,90.5,2022-04-27T00:00:00.000Z,90.5,93.7,86.2,86.2,86.3
נהריה,90.5,2022-04-27T00:00:00.000Z,90.5,93.7,86.2,86.2,86.3
נהריה,90.5,2022-04-27T00:00:00.000Z,90.5,93.7,86.2,86.2,86.3
נהריה,90.5,2022-04-27T00:00:00.000Z,90.5,93.7,86.2,86.2,86.3
נהריה,90.5,2022-04-27T00:00:00.000Z,90.5,93.7,86.2,86.2,86.3
נהריה,90.5,2022-04-27T00:00:00.000Z,90.5,93.7,86.2,86.2,86.3
נהריה,90.5,2022-04-27T00:00:00.000Z,90.5,93.7,86.2,86.2,86.3
נהריה,90.5,2022-04-27T00:00:00.000Z,90.5,93.7,86.2,86.2,86.3
נהריה,90.5,2022-04-27T00:00:00.000Z,90.5,93.7,86.2,86.2,86.3
נהריה,90.5,2022-04-27T00:00:00.000Z,90.5,93.7,86.2,86.2,86.3
נהריה,90.5,2022-04-27T00:00:00.000Z,90.5,93.7,86.2,86.2,86.3
נהריה,90.5,2022-04-27T00:00:00.000Z,90.5,93.7,86.2,86.2,86.3
נהריה,90.5,2022-04-27T00:00:00.000Z,90.5,93.7,86.2,86.2,86.3
נהריה,90.5,2022-04-27T00:00:00.000Z,90.5,93.7,86.2,86.2,86.3
נהריה,90.5,2022-04-27T00:00:00.000Z,90.5,93.7,86.2,86.2,86.3
נהריה,90.5,2022-04-27T00:00:00.000Z,90.5,93.7,86.2,86.2,86.3
נהריה,90.5,2022-04-27T00:00:00.000Z,90.5,93.7,86.2,86.2,86.3
נהריה,90.5,2022-04-27T00:00:00.000Z,90.5,93.7,86.2,86.2,86.3
נהריה,90.5,2022-04-27T00:00:00.000Z,90.5,93.7,86.2,86.2,86.3
נהריה,90.5,2022-04-27T00:00:00.000Z,90.5,93.7,86.2,86.2,86.3
נהריה,90.5,2022-04-27T00:00:00.000Z,90.5,93.7,86.2,86.2,86.3
נהריה,90.5,2022-04-27T00:00:00.000Z,90.5,93.7,86.2,86.2,86.3
נהריה,90.5,2022-04-27T00:00:00.000Z,90.5,93.7,86.2,86.2,86.3
נהריה,90.5,2022-04-27T00:00:00.000Z,90.5,93.7,86.2,86.2,86.3
הלל יפה,102.1,2022-04-27T00:00:00.000Z,102.1,97.9,87.2,87.2,98.1
הלל יפה,102.1,2022-04-27T00:00:00.000Z,102.1,97.9,87.2,87.2,98.1
הלל יפה,102.1,2022-04-27T00:00:00.000Z,102.1,97.9,87.2,87.2,98.1
הלל יפה,102.1,2022-04-27T00:00:00.000Z,102.1,97.9,87.2,87.2,98.1
הלל יפה,102.1,2022-04-27T00:00:00.000Z,102.1,97.9,87.2,87.2,98.1
הלל יפה,102.1,2022-04-27T00:00:00.000Z,102.1,97.9,87.2,87.2,98.1
הלל יפה,102.1,2022-04-27T00:00:00.000Z,102.1,97.9,87.2,87.2,98.1
הלל יפה,102.1,2022-04-27T00:00:00.000Z,102.1,97.9,87.2,87.2,98.1
הלל יפה,102.1,2022-04-27T00:00:00.000Z,102.1,97.9,87.2,87.2,98.1
הלל יפה,102.1,2022-04-27T00:00:00.000Z,102.1,97.9,87.2,87.2,98.1
הלל יפה,102.1,2022-04-27T00:00:00.000Z,102.1,97.9,87.2,87.2,98.1
הלל יפה,102.1,2022-04-27T00:00:00.000Z,102.1,97.9,87.2,87.2,98.1
הלל יפה,102.1,2022-04-27T00:00:00.000Z,102.1,97.9,87.2,87.2,98.1
הלל יפה,102.1,2022-04-27T00:00:00.000Z,102.1,97.9,87.2,87.2,98.1
הלל יפה,102.1,2022-04-27T00:00:00.000Z,102.1,97.9,87.2,87.2,98.1
הלל יפה,102.1,2022-04-27T00:00:00.000Z,102.1,97.9,87.2,87.2,98.1
הלל יפה,102.1,2022-04-27T00:00:00.000Z,102.1,97.9,87.2,87.2,98.1
הלל יפה,102.1,2022-04-27T00:00:00.000Z,102.1,97.9,87.2,87.2,98.1
הלל יפה,102.1,2022-04-27T00:00:00.000Z,102.1,97.9,87.2,87.2,98.1
הלל יפה,102.1,2022-04-27T00:00:00.000Z,102.1,97.9,87.2,87.2,98.1
הלל יפה,102.1,2022-04-27T00:00:00.000Z,102.1,97.9,87.2,87.2,98.1
הלל יפה,102.1,2022-04-27T00:00:00.000Z,102.1,97.9,87.2,87.2,98.1
הלל יפה,102.1,2022-04-27T00:00:00.000Z,102.1,97.9,87.2,87.2,98.1
הלל יפה,102.1,2022-04-27T00:00:00.000Z,102.1,97.9,87.2,87.2,98.1
הלל יפה,102.1,2022-04-27T00:00:00.000Z,102.1,97.9,87.2,87.2,98.1
הלל יפה,102.1,2022-04-27T00:00:00.000Z,102.1,97.9,87.2,87.2,98.1
הלל יפה,102.1,2022-04-27T00:00:00.000Z,102.1,97.9,87.2,87.2,98.1
הלל יפה,102.1,2022-04-27T00:00:00.000Z,102.1,97.9,87.2,87.2,98.1
הלל יפה,102.1,2022-04-27T00:00:00.000Z,102.1,97.9,87.2,87.2,98.1
הלל יפה,102.1,2022-04-27T00:00:00.000Z,102.1,97.9,87.2,87.2,98.1
הלל יפה,102.1,2022-04-27T00:00:00.000Z,102.1,97.9,87.2,87.2,98.1
הלל יפה,102.1,2022-04-27T00:00:00.000Z,102.1,97.9,87.2,87.2,98.1
הלל יפה,102.1,2022-04-27T00:00:00.000Z,102.1,97.9,87.2,87.2,98.1
הלל יפה,102.1,2022-04-27T00:00:00.000Z,102.1,97.9,87.2,87.2,98.1
שיבא,104.2,2022-04-27T00:00:00.000Z,104.2,,106.7,106.7,
שיבא,104.2,2022-04-27T00:00:00.000Z,104.2,,106.7,106.7,
שיבא,104.2,2022-04-27T00:00:00.000Z,104.2,,106.7,106.7,
שיבא,104.2,2022-04-27T00:00:00.000Z,104.2,,106.7,106.7,
שיבא,104.2,2022-04-27T00:00:00.000Z,104.2,,106.7,106.7,
שיבא,104.2,2022-04-27T00:00:00.000Z,104.2,,106.7,106.7,
שיבא,104.2,2022-04-27T00:00:00.000Z,104.2,,106.7,106.7,
שיבא,104.2,2022-04-27T00:00:00.000Z,104.2,,106.7,106.7,
שיבא,104.2,2022-04-27T00:00:00.000Z,104.2,,106.7,106.7,
שיבא,104.2,2022-04-27T00:00:00.000Z,104.2,,106.7,106.7,
שיבא,104.2,2022-04-27T00:00:00.000Z,104.2,,106.7,106.7,
שיבא,104.2,2022-04-27T00:00:00.000Z,104.2,,106.7,106.7,
שיבא,104.2,2022-04-27T00:00:00.000Z,104.2,,106.7,106.7,
שיבא,104.2,2022-04-27T00:00:00.000Z,104.2,,106.7,106.7,
שיבא,104.2,2022-04-27T00:00:00.000Z,104.2,,106.7,106.7,
שיבא,104.2,2022-04-27T00:00:00.000Z,104.2,,106.7,106.7,
שיבא,104.2,2022-04-27T00:00:00.000Z,104.2,,106.7,106.7,
שיבא,104.2,2022-04-27T00:00:00.000Z,104.2,,106.7,106.7,
שיבא,104.2,2022-04-27T00:00:00.000Z,104.2,,106.7,106.7,
שיבא,104.2,2022-04-27T00:00:00.000Z,104.2,,106.7,106.7,
שיבא,104.2,2022-04-27T00:00:00.000Z,104.2,,106.7,106.7,
שיבא,104.2,2022-04-27T00:00:00.000Z,104.2,,106.7,106.7,
שיבא,104.2,2022-04-27T00:00:00.000Z,104.2,,106.7,106.7,
שיבא,104.2,2022-04-27T00:00:00.000Z,104.2,,106.7,106.7,
שיבא,104.2,2022-04-27T00:00:00.000Z,104.2,,106.7,106.7,
שיבא,104.2,2022-04-27T00:00:00.000Z,104.2,,106.7,106.7,
שיבא,104.2,2022-04-27T00:00:00.000Z,104.2,,106.7,106.7,
שיבא,104.2,2022-04-27T00:00:00.000Z,104.2,,106.7,106.7,
שיבא,104.2,2022-04-27T00:00:00.000Z,104.2,,106.7,106.7,
שיבא,104.2,2022-04-27T00:00:00.000Z,104.2,,106.7,106.7,
שיבא,104.2,2022-04-27T00:00:00.000Z,104.2,,106.7,106.7,
שיבא,104.2,2022-04-27T00:00:00.000Z,104.2,,106.7,106.7,
שיבא,104.2,2022-04-27T00:00:00.000Z,104.2,,106.7,106.7,
שיבא,104.2,2022-04-27T00:00:00.000Z,104.2,,106.7,106.7,
שיבא,104.2,2022-04-27T00:00:00.000Z,104.2,,106.7,106.7,
שיבא,104.2,2022-04-27T00:00:00.000Z,104.2,,106.7,106.7,
שיבא,104.2,2022-04-27T00:00:00.000Z,104.2,,106.7,106.7,
שיבא,104.2,2022-04-27T00:00:00.000Z,104.2,,106.7,106.7,
יוספטל,81.3,2022-04-27T00:00:00.000Z,81.3,50,53.8,53.8,49.2
יוספטל,81.3,2022-04-27T00:00:00.000Z,81.3,50,53.8,53.8,49.2
יוספטל,81.3,2022-04-27T00:00:00.000Z,81.3,50,53.8,53.8,49.2
יוספטל,81.3,2022-04-27T00:00:00.000Z,81.3,50,53.8,53.8,49.2
יוספטל,81.3,2022-04-27T00:00:00.000Z,81.3,50,53.8,53.8,49.2
יוספטל,81.3,2022-04-27T00:00:00.000Z,81.3,50,53.8,53.8,49.2
יוספטל,81.3,2022-04-27T00:00:00.000Z,81.3,50,53.8,53.8,49.2
יוספטל,81.3,2022-04-27T00:00:00.000Z,81.3,50,53.8,53.8,49.2
יוספטל,81.3,2022-04-27T00:00:00.000Z,81.3,50,53.8,53.8,49.2
יוספטל,81.3,2022-04-27T00:00:00.000Z,81.3,50,53.8,53.8,49.2
יוספטל,81.3,2022-04-27T00:00:00.000Z,81.3,50,53.8,53.8,49.2
יוספטל,81.3,2022-04-27T00:00:00.000Z,81.3,50,53.8,53.8,49.2
יוספטל,81.3,2022-04-27T00:00:00.000Z,81.3,50,53.8,53.8,49.2
יוספטל,81.3,2022-04-27T00:00:00.000Z,81.3,50,53.8,53.8,49.2
יוספטל,81.3,2022-04-27T00:00:00.000Z,81.3,50,53.8,53.8,49.2
יוספטל,81.3,2022-04-27T00:00:00.000Z,81.3,50,53.8,53.8,49.2
יוספטל,81.3,2022-04-27T00:00:00.000Z,81.3,50,53.8,53.8,49.2
יוספטל,81.3,2022-04-27T00:00:00.000Z,81.3,50,53.8,53.8,49.2
יוספטל,81.3,2022-04-27T00:00:00.000Z,81.3,50,53.8,53.8,49.2
יוספטל,81.3,2022-04-27T00:00:00.000Z,81.3,50,53.8,53.8,49.2
יוספטל,81.3,2022-04-27T00:00:00.000Z,81.3,50,53.8,53.8,49.2
יוספטל,81.3,2022-04-27T00:00:00.000Z,81.3,50,53.8,53.8,49.2
יוספטל,81.3,2022-04-27T00:00:00.000Z,81.3,50,53.8,53.8,49.2
יוספטל,81.3,2022-04-27T00:00:00.000Z,81.3,50,53.8,53.8,49.2
יוספטל,81.3,2022-04-27T00:00:00.000Z,81.3,50,53.8,53.8,49.2
יוספטל,81.3,2022-04-27T00:00:00.000Z,81.3,50,53.8,53.8,49.2
יוספטל,81.3,2022-04-27T00:00:00.000Z,81.3,50,53.8,53.8,49.2
יוספטל,81.3,2022-04-27T00:00:00.000Z,81.3,50,53.8,53.8,49.2
יוספטל,81.3,2022-04-27T00:00:00.000Z,81.3,50,53.8,53.8,49.2
יוספטל,81.3,2022-04-27T00:00:00.000Z,81.3,50,53.8,53.8,49.2
יוספטל,81.3,2022-04-27T00:00:00.000Z,81.3,50,53.8,53.8,49.2
יוספטל,81.3,2022-04-27T00:00:00.000Z,81.3,50,53.8,53.8,49.2
יוספטל,81.3,2022-04-27T00:00:00.000Z,81.3,50,53.8,53.8,49.2
יוספטל,81.3,2022-04-27T00:00:00.000Z,81.3,50,53.8,53.8,49.2
שמיר,91.5,2022-04-27T00:00:00.000Z,91.5,86.1,73.7,73.7,69.1
שמיר,91.5,2022-04-27T00:00:00.000Z,91.5,86.1,73.7,73.7,69.1
שמיר,91.5,2022-04-27T00:00:00.000Z,91.5,86.1,73.7,73.7,69.1
שמיר,91.5,2022-04-27T00:00:00.000Z,91.5,86.1,73.7,73.7,69.1
שמיר,91.5,2022-04-27T00:00:00.000Z,91.5,86.1,73.7,73.7,69.1
שמיר,91.5,2022-04-27T00:00:00.000Z,91.5,86.1,73.7,73.7,69.1
שמיר,91.5,2022-04-27T00:00:00.000Z,91.5,86.1,73.7,73.7,69.1
שמיר,91.5,2022-04-27T00:00:00.000Z,91.5,86.1,73.7,73.7,69.1
שמיר,91.5,2022-04-27T00:00:00.000Z,91.5,86.1,73.7,73.7,69.1
שמיר,91.5,2022-04-27T00:00:00.000Z,91.5,86.1,73.7,73.7,69.1
שמיר,91.5,2022-04-27T00:00:00.000Z,91.5,86.1,73.7,73.7,69.1
שמיר,91.5,2022-04-27T00:00:00.000Z,91.5,86.1,73.7,73.7,69.1
שמיר,91.5,2022-04-27T00:00:00.000Z,91.5,86.1,73.7,73.7,69.1
שמיר,91.5,2022-04-27T00:00:00.000Z,91.5,86.1,73.7,73.7,69.1
שמיר,91.5,2022-04-27T00:00:00.000Z,91.5,86.1,73.7,73.7,69.1
שמיר,91.5,2022-04-27T00:00:00.000Z,91.5,86.1,73.7,73.7,69.1
שמיר,91.5,2022-04-27T00:00:00.000Z,91.5,86.1,73.7,73.7,69.1
שמיר,91.5,2022-04-27T00:00:00.000Z,91.5,86.1,73.7,73.7,69.1
שמיר,91.5,2022-04-27T00:00:00.000Z,91.5,86.1,73.7,73.7,69.1
שמיר,91.5,2022-04-27T00:00:00.000Z,91.5,86.1,73.7,73.7,69.1
שמיר,91.5,2022-04-27T00:00:00.000Z,91.5,86.1,73.7,73.7,69.1
שמיר,91.5,2022-04-27T00:00:00.000Z,91.5,86.1,73.7,73.7,69.1
שמיר,91.5,2022-04-27T00:00:00.000Z,91.5,86.1,73.7,73.7,69.1
שמיר,91.5,2022-04-27T00:00:00.000Z,91.5,86.1,73.7,73.7,69.1
שמיר,91.5,2022-04-27T00:00:00.000Z,91.5,86.1,73.7,73.7,69.1
שמיר,91.5,2022-04-27T00:00:00.000Z,91.5,86.1,73.7,73.7,69.1
שמיר,91.5,2022-04-27T00:00:00.000Z,91.5,86.1,73.7,73.7,69.1
שמיר,91.5,2022-04-27T00:00:00.000Z,91.5,86.1,73.7,73.7,69.1
שמיר,91.5,2022-04-27T00:00:00.000Z,91.5,86.1,73.7,73.7,69.1
שמיר,91.5,2022-04-27T00:00:00.000Z,91.5,86.1,73.7,73.7,69.1
שמיר,91.5,2022-04-27T00:00:00.000Z,91.5,86.1,73.7,73.7,69.1
שמיר,91.5,2022-04-27T00:00:00.000Z,91.5,86.1,73.7,73.7,69.1
שמיר,91.5,2022-04-27T00:00:00.000Z,91.5,86.1,73.7,73.7,69.1
שמיר,91.5,2022-04-27T00:00:00.000Z,91.5,86.1,73.7,73.7,69.1
שיבא,104.2,2022-04-27T00:00:00.000Z,104.2,,106.7,106.7,
שיבא,104.2,2022-04-27T00:00:00.000Z,104.2,,106.7,106.7,
שיבא,104.2,2022-04-27T00:00:00.000Z,104.2,,106.7,106.7,
שיבא,104.2,2022-04-27T00:00:00.000Z,104.2,,106.7,106.7,
שיבא,104.2,2022-04-27T00:00:00.000Z,104.2,,106.7,106.7,
שיבא,104.2,2022-04-27T00:00:00.000Z,104.2,,106.7,106.7,
שיבא,104.2,2022-04-27T00:00:00.000Z,104.2,,106.7,106.7,
שיבא,104.2,2022-04-27T00:00:00.000Z,104.2,,106.7,106.7,
שיבא,104.2,2022-04-27T00:00:00.000Z,104.2,,106.7,106.7,
שיבא,104.2,2022-04-27T00:00:00.000Z,104.2,,106.7,106.7,
שיבא,104.2,2022-04-27T00:00:00.000Z,104.2,,106.7,106.7,
שיבא,104.2,2022-04-27T00:00:00.000Z,104.2,,106.7,106.7,
שיבא,104.2,2022-04-27T00:00:00.000Z,104.2,,106.7,106.7,
שיבא,104.2,2022-04-27T00:00:00.000Z,104.2,,106.7,106.7,
שיבא,104.2,2022-04-27T00:00:00.000Z,104.2,,106.7,106.7,
שיבא,104.2,2022-04-27T00:00:00.000Z,104.2,,106.7,106.7,
שיבא,104.2,2022-04-27T00:00:00.000Z,104.2,,106.7,106.7,
שיבא,104.2,2022-04-27T00:00:00.000Z,104.2,,106.7,106.7,
שיבא,104.2,2022-04-27T00:00:00.000Z,104.2,,106.7,106.7,
שיבא,104.2,2022-04-27T00:00:00.000Z,104.2,,106.7,106.7,
שיבא,104.2,2022-04-27T00:00:00.000Z,104.2,,106.7,106.7,
שיבא,104.2,2022-04-27T00:00:00.000Z,104.2,,106.7,106.7,
שיבא,104.2,2022-04-27T00:00:00.000Z,104.2,,106.7,106.7,
שיבא,104.2,2022-04-27T00:00:00.000Z,104.2,,106.7,106.7,
שיבא,104.2,2022-04-27T00:00:00.000Z,104.2,,106.7,106.7,
שיבא,104.2,2022-04-27T00:00:00.000Z,104.2,,106.7,106.7,
שיבא,104.2,2022-04-27T00:00:00.000Z,104.2,,106.7,106.7,
שיבא,104.2,2022-04-27T00:00:00.000Z,104.2,,106.7,106.7,
שיבא,104.2,2022-04-27T00:00:00.000Z,104.2,,106.7,106.7,
שיבא,104.2,2022-04-27T00:00:00.000Z,104.2,,106.7,106.7,
שיבא,104.2,2022-04-27T00:00:00.000Z,104.2,,106.7,106.7,
שיבא,104.2,2022-04-27T00:00:00.000Z,104.2,,106.7,106.7,
שיבא,104.2,2022-04-27T00:00:00.000Z,104.2,,106.7,106.7,
שיבא,104.2,2022-04-27T00:00:00.000Z,104.2,,106.7,106.7,
שיבא,104.2,2022-04-27T00:00:00.000Z,104.2,,106.7,106.7,
שיבא,104.2,2022-04-27T00:00:00.000Z,104.2,,106.7,106.7,
שיבא,104.2,2022-04-27T00:00:00.000Z,104.2,,106.7,106.7,
שיבא,104.2,2022-04-27T00:00:00.000Z,104.2,,106.7,106.7,
זיו צפת,95.3,2022-04-27T00:00:00.000Z,95.3,90.6,84.7,84.7,83.6
זיו צפת,95.3,2022-04-27T00:00:00.000Z,95.3,90.6,84.7,84.7,83.6
זיו צפת,95.3,2022-04-27T00:00:00.000Z,95.3,90.6,84.7,84.7,83.6
זיו צפת,95.3,2022-04-27T00:00:00.000Z,95.3,90.6,84.7,84.7,83.6
זיו צפת,95.3,2022-04-27T00:00:00.000Z,95.3,90.6,84.7,84.7,83.6
זיו צפת,95.3,2022-04-27T00:00:00.000Z,95.3,90.6,84.7,84.7,83.6
זיו צפת,95.3,2022-04-27T00:00:00.000Z,95.3,90.6,84.7,84.7,83.6
זיו צפת,95.3,2022-04-27T00:00:00.000Z,95.3,90.6,84.7,84.7,83.6
זיו צפת,95.3,2022-04-27T00:00:00.000Z,95.3,90.6,84.7,84.7,83.6
זיו צפת,95.3,2022-04-27T00:00:00.000Z,95.3,90.6,84.7,84.7,83.6
זיו צפת,95.3,2022-04-27T00:00:00.000Z,95.3,90.6,84.7,84.7,83.6
זיו צפת,95.3,2022-04-27T00:00:00.000Z,95.3,90.6,84.7,84.7,83.6
זיו צפת,95.3,2022-04-27T00:00:00.000Z,95.3,90.6,84.7,84.7,83.6
זיו צפת,95.3,2022-04-27T00:00:00.000Z,95.3,90.6,84.7,84.7,83.6
זיו צפת,95.3,2022-04-27T00:00:00.000Z,95.3,90.6,84.7,84.7,83.6
זיו צפת,95.3,2022-04-27T00:00:00.000Z,95.3,90.6,84.7,84.7,83.6
זיו צפת,95.3,2022-04-27T00:00:00.000Z,95.3,90.6,84.7,84.7,83.6
זיו צפת,95.3,2022-04-27T00:00:00.000Z,95.3,90.6,84.7,84.7,83.6
זיו צפת,95.3,2022-04-27T00:00:00.000Z,95.3,90.6,84.7,84.7,83.6
זיו צפת,95.3,2022-04-27T00:00:00.000Z,95.3,90.6,84.7,84.7,83.6
זיו צפת,95.3,2022-04-27T00:00:00.000Z,95.3,90.6,84.7,84.7,83.6
זיו צפת,95.3,2022-04-27T00:00:00.000Z,95.3,90.6,84.7,84.7,83.6
זיו צפת,95.3,2022-04-27T00:00:00.000Z,95.3,90.6,84.7,84.7,83.6
זיו צפת,95.3,2022-04-27T00:00:00.000Z,95.3,90.6,84.7,84.7,83.6
זיו צפת,95.3,2022-04-27T00:00:00.000Z,95.3,90.6,84.7,84.7,83.6
זיו צפת,95.3,2022-04-27T00:00:00.000Z,95.3,90.6,84.7,84.7,83.6
זיו צפת,95.3,2022-04-27T00:00:00.000Z,95.3,90.6,84.7,84.7,83.6
זיו צפת,95.3,2022-04-27T00:00:00.000Z,95.3,90.6,84.7,84.7,83.6
זיו צפת,95.3,2022-04-27T00:00:00.000Z,95.3,90.6,84.7,84.7,83.6
זיו צפת,95.3,2022-04-27T00:00:00.000Z,95.3,90.6,84.7,84.7,83.6
זיו צפת,95.3,2022-04-27T00:00:00.000Z,95.3,90.6,84.7,84.7,83.6
זיו צפת,95.3,2022-04-27T00:00:00.000Z,95.3,90.6,84.7,84.7,83.6
זיו צפת,95.3,2022-04-27T00:00:00.000Z,95.3,90.6,84.7,84.7,83.6
זיו צפת,95.3,2022-04-27T00:00:00.000Z,95.3,90.6,84.7,84.7,83.6
זיו צפת,95.3,2022-04-27T00:00:00.000Z,95.3,90.6,84.7,84.7,83.6
זיו צפת,95.3,2022-04-27T00:00:00.000Z,95.3,90.6,84.7,84.7,83.6
זיו צפת,95.3,2022-04-27T00:00:00.000Z,95.3,90.6,84.7,84.7,83.6
זיו צפת,95.3,2022-04-27T00:00:00.000Z,95.3,90.6,84.7,84.7,83.6
זיו צפת,95.3,2022-04-27T00:00:00.000Z,95.3,90.6,84.7,84.7,83.6
זיו צפת,95.3,2022-04-27T00:00:00.000Z,95.3,90.6,84.7,84.7,83.6
זיו צפת,95.3,2022-04-27T00:00:00.000Z,95.3,90.6,84.7,84.7,83.6
זיו צפת,95.3,2022-04-27T00:00:00.000Z,95.3,90.6,84.7,84.7,83.6
זיו צפת,95.3,2022-04-27T00:00:00.000Z,95.3,90.6,84.7,84.7,83.6
זיו צפת,95.3,2022-04-27T00:00:00.000Z,95.3,90.6,84.7,84.7,83.6
זיו צפת,95.3,2022-04-27T00:00:00.000Z,95.3,90.6,84.7,84.7,83.6
זיו צפת,95.3,2022-04-27T00:00:00.000Z,95.3,90.6,84.7,84.7,83.6
זיו צפת,95.3,2022-04-27T00:00:00.000Z,95.3,90.6,84.7,84.7,83.6
זיו צפת,95.3,2022-04-27T00:00:00.000Z,95.3,90.6,84.7,84.7,83.6
זיו צפת,95.3,2022-04-27T00:00:00.000Z,95.3,90.6,84.7,84.7,83.6
זיו צפת,95.3,2022-04-27T00:00:00.000Z,95.3,90.6,84.7,84.7,83.6
זיו צפת,95.3,2022-04-27T00:00:00.000Z,95.3,90.6,84.7,84.7,83.6
זיו צפת,95.3,2022-04-27T00:00:00.000Z,95.3,90.6,84.7,84.7,83.6
זיו צפת,95.3,2022-04-27T00:00:00.000Z,95.3,90.6,84.7,84.7,83.6
זיו צפת,95.3,2022-04-27T00:00:00.000Z,95.3,90.6,84.7,84.7,83.6
זיו צפת,95.3,2022-04-27T00:00:00.000Z,95.3,90.6,84.7,84.7,83.6
זיו צפת,95.3,2022-04-27T00:00:00.000Z,95.3,90.6,84.7,84.7,83.6
זיו צפת,95.3,2022-04-27T00:00:00.000Z,95.3,90.6,84.7,84.7,83.6
זיו צפת,95.3,2022-04-27T00:00:00.000Z,95.3,90.6,84.7,84.7,83.6
זיו צפת,95.3,2022-04-27T00:00:00.000Z,95.3,90.6,84.7,84.7,83.6
זיו צפת,95.3,2022-04-27T00:00:00.000Z,95.3,90.6,84.7,84.7,83.6
זיו צפת,95.3,2022-04-27T00:00:00.000Z,95.3,90.6,84.7,84.7,83.6
זיו צפת,95.3,2022-04-27T00:00:00.000Z,95.3,90.6,84.7,84.7,83.6
זיו צפת,95.3,2022-04-27T00:00:00.000Z,95.3,90.6,84.7,84.7,83.6
זיו צפת,95.3,2022-04-27T00:00:00.000Z,95.3,90.6,84.7,84.7,83.6
זיו צפת,95.3,2022-04-27T00:00:00.000Z,95.3,90.6,84.7,84.7,83.6
זיו צפת,95.3,2022-04-27T00:00:00.000Z,95.3,90.6,84.7,84.7,83.6
זיו צפת,95.3,2022-04-27T00:00:00.000Z,95.3,90.6,84.7,84.7,83.6
זיו צפת,95.3,2022-04-27T00:00:00.000Z,95.3,90.6,84.7,84.7,83.6
יוספטל,81.3,2022-04-27T00:00:00.000Z,81.3,50,53.8,53.8,49.2
יוספטל,81.3,2022-04-27T00:00:00.000Z,81.3,50,53.8,53.8,49.2
יוספטל,81.3,2022-04-27T00:00:00.000Z,81.3,50,53.8,53.8,49.2
יוספטל,81.3,2022-04-27T00:00:00.000Z,81.3,50,53.8,53.8,49.2
יוספטל,81.3,2022-04-27T00:00:00.000Z,81.3,50,53.8,53.8,49.2
יוספטל,81.3,2022-04-27T00:00:00.000Z,81.3,50,53.8,53.8,49.2
יוספטל,81.3,2022-04-27T00:00:00.000Z,81.3,50,53.8,53.8,49.2
יוספטל,81.3,2022-04-27T00:00:00.000Z,81.3,50,53.8,53.8,49.2
יוספטל,81.3,2022-04-27T00:00:00.000Z,81.3,50,53.8,53.8,49.2
יוספטל,81.3,2022-04-27T00:00:00.000Z,81.3,50,53.8,53.8,49.2
יוספטל,81.3,2022-04-27T00:00:00.000Z,81.3,50,53.8,53.8,49.2
יוספטל,81.3,2022-04-27T00:00:00.000Z,81.3,50,53.8,53.8,49.2
יוספטל,81.3,2022-04-27T00:00:00.000Z,81.3,50,53.8,53.8,49.2
יוספטל,81.3,2022-04-27T00:00:00.000Z,81.3,50,53.8,53.8,49.2
יוספטל,81.3,2022-04-27T00:00:00.000Z,81.3,50,53.8,53.8,49.2
יוספטל,81.3,2022-04-27T00:00:00.000Z,81.3,50,53.8,53.8,49.2
יוספטל,81.3,2022-04-27T00:00:00.000Z,81.3,50,53.8,53.8,49.2
יוספטל,81.3,2022-04-27T00:00:00.000Z,81.3,50,53.8,53.8,49.2
יוספטל,81.3,2022-04-27T00:00:00.000Z,81.3,50,53.8,53.8,49.2
יוספטל,81.3,2022-04-27T00:00:00.000Z,81.3,50,53.8,53.8,49.2
יוספטל,81.3,2022-04-27T00:00:00.000Z,81.3,50,53.8,53.8,49.2
יוספטל,81.3,2022-04-27T00:00:00.000Z,81.3,50,53.8,53.8,49.2
יוספטל,81.3,2022-04-27T00:00:00.000Z,81.3,50,53.8,53.8,49.2
יוספטל,81.3,2022-04-27T00:00:00.000Z,81.3,50,53.8,53.8,49.2
יוספטל,81.3,2022-04-27T00:00:00.000Z,81.3,50,53.8,53.8,49.2
יוספטל,81.3,2022-04-27T00:00:00.000Z,81.3,50,53.8,53.8,49.2
יוספטל,81.3,2022-04-27T00:00:00.000Z,81.3,50,53.8,53.8,49.2
יוספטל,81.3,2022-04-27T00:00:00.000Z,81.3,50,53.8,53.8,49.2
יוספטל,81.3,2022-04-27T00:00:00.000Z,81.3,50,53.8,53.8,49.2
יוספטל,81.3,2022-04-27T00:00:00.000Z,81.3,50,53.8,53.8,49.2
יוספטל,81.3,2022-04-27T00:00:00.000Z,81.3,50,53.8,53.8,49.2
יוספטל,81.3,2022-04-27T00:00:00.000Z,81.3,50,53.8,53.8,49.2
יוספטל,81.3,2022-04-27T00:00:00.000Z,81.3,50,53.8,53.8,49.2
יוספטל,81.3,2022-04-27T00:00:00.000Z,81.3,50,53.8,53.8,49.2
נהריה,90.5,2022-04-27T00:00:00.000Z,90.5,93.7,86.2,86.2,86.3
נהריה,90.5,2022-04-27T00:00:00.000Z,90.5,93.7,86.2,86.2,86.3
נהריה,90.5,2022-04-27T00:00:00.000Z,90.5,93.7,86.2,86.2,86.3
נהריה,90.5,2022-04-27T00:00:00.000Z,90.5,93.7,86.2,86.2,86.3
נהריה,90.5,2022-04-27T00:00:00.000Z,90.5,93.7,86.2,86.2,86.3
נהריה,90.5,2022-04-27T00:00:00.000Z,90.5,93.7,86.2,86.2,86.3
נהריה,90.5,2022-04-27T00:00:00.000Z,90.5,93.7,86.2,86.2,86.3
נהריה,90.5,2022-04-27T00:00:00.000Z,90.5,93.7,86.2,86.2,86.3
נהריה,90.5,2022-04-27T00:00:00.000Z,90.5,93.7,86.2,86.2,86.3
נהריה,90.5,2022-04-27T00:00:00.000Z,90.5,93.7,86.2,86.2,86.3
נהריה,90.5,2022-04-27T00:00:00.000Z,90.5,93.7,86.2,86.2,86.3
נהריה,90.5,2022-04-27T00:00:00.000Z,90.5,93.7,86.2,86.2,86.3
נהריה,90.5,2022-04-27T00:00:00.000Z,90.5,93.7,86.2,86.2,86.3
נהריה,90.5,2022-04-27T00:00:00.000Z,90.5,93.7,86.2,86.2,86.3
נהריה,90.5,2022-04-27T00:00:00.000Z,90.5,93.7,86.2,86.2,86.3
נהריה,90.5,2022-04-27T00:00:00.000Z,90.5,93.7,86.2,86.2,86.3
נהריה,90.5,2022-04-27T00:00:00.000Z,90.5,93.7,86.2,86.2,86.3
נהריה,90.5,2022-04-27T00:00:00.000Z,90.5,93.7,86.2,86.2,86.3
נהריה,90.5,2022-04-27T00:00:00.000Z,90.5,93.7,86.2,86.2,86.3
נהריה,90.5,2022-04-27T00:00:00.000Z,90.5,93.7,86.2,86.2,86.3
נהריה,90.5,2022-04-27T00:00:00.000Z,90.5,93.7,86.2,86.2,86.3
נהריה,90.5,2022-04-27T00:00:00.000Z,90.5,93.7,86.2,86.2,86.3
נהריה,90.5,2022-04-27T00:00:00.000Z,90.5,93.7,86.2,86.2,86.3
נהריה,90.5,2022-04-27T00:00:00.000Z,90.5,93.7,86.2,86.2,86.3
נהריה,90.5,2022-04-27T00:00:00.000Z,90.5,93.7,86.2,86.2,86.3
נהריה,90.5,2022-04-27T00:00:00.000Z,90.5,93.7,86.2,86.2,86.3
נהריה,90.5,2022-04-27T00:00:00.000Z,90.5,93.7,86.2,86.2,86.3
נהריה,90.5,2022-04-27T00:00:00.000Z,90.5,93.7,86.2,86.2,86.3
נהריה,90.5,2022-04-27T00:00:00.000Z,90.5,93.7,86.2,86.2,86.3
נהריה,90.5,2022-04-27T00:00:00.000Z,90.5,93.7,86.2,86.2,86.3
נהריה,90.5,2022-04-27T00:00:00.000Z,90.5,93.7,86.2,86.2,86.3
נהריה,90.5,2022-04-27T00:00:00.000Z,90.5,93.7,86.2,86.2,86.3
נהריה,90.5,2022-04-27T00:00:00.000Z,90.5,93.7,86.2,86.2,86.3
נהריה,90.5,2022-04-27T00:00:00.000Z,90.5,93.7,86.2,86.2,86.3
הלל יפה,102.1,2022-04-27T00:00:00.000Z,102.1,97.9,87.2,87.2,98.1
הלל יפה,102.1,2022-04-27T00:00:00.000Z,102.1,97.9,87.2,87.2,98.1
הלל יפה,102.1,2022-04-27T00:00:00.000Z,102.1,97.9,87.2,87.2,98.1
הלל יפה,102.1,2022-04-27T00:00:00.000Z,102.1,97.9,87.2,87.2,98.1
הלל יפה,102.1,2022-04-27T00:00:00.000Z,102.1,97.9,87.2,87.2,98.1
הלל יפה,102.1,2022-04-27T00:00:00.000Z,102.1,97.9,87.2,87.2,98.1
הלל יפה,102.1,2022-04-27T00:00:00.000Z,102.1,97.9,87.2,87.2,98.1
הלל יפה,102.1,2022-04-27T00:00:00.000Z,102.1,97.9,87.2,87.2,98.1
הלל יפה,102.1,2022-04-27T00:00:00.000Z,102.1,97.9,87.2,87.2,98.1
הלל יפה,102.1,2022-04-27T00:00:00.000Z,102.1,97.9,87.2,87.2,98.1
הלל יפה,102.1,2022-04-27T00:00:00.000Z,102.1,97.9,87.2,87.2,98.1
הלל יפה,102.1,2022-04-27T00:00:00.000Z,102.1,97.9,87.2,87.2,98.1
הלל יפה,102.1,2022-04-27T00:00:00.000Z,102.1,97.9,87.2,87.2,98.1
הלל יפה,102.1,2022-04-27T00:00:00.000Z,102.1,97.9,87.2,87.2,98.1
שיבא,104.2,2022-04-27T00:00:00.000Z,104.2,,106.7,106.7,
שיבא,104.2,2022-04-27T00:00:00.000Z,104.2,,106.7,106.7,
שיבא,104.2,2022-04-27T00:00:00.000Z,104.2,,106.7,106.7,
שיבא,104.2,2022-04-27T00:00:00.000Z,104.2,,106.7,106.7,
שיבא,104.2,2022-04-27T00:00:00.000Z,104.2,,106.7,106.7,
שיבא,104.2,2022-04-27T00:00:00.000Z,104.2,,106.7,106.7,
שיבא,104.2,2022-04-27T00:00:00.000Z,104.2,,106.7,106.7,
שיבא,104.2,2022-04-27T00:00:00.000Z,104.2,,106.7,106.7,
שיבא,104.2,2022-04-27T00:00:00.000Z,104.2,,106.7,106.7,
שיבא,104.2,2022-04-27T00:00:00.000Z,104.2,,106.7,106.7,
שיבא,104.2,2022-04-27T00:00:00.000Z,104.2,,106.7,106.7,
שיבא,104.2,2022-04-27T00:00:00.000Z,104.2,,106.7,106.7,
שיבא,104.2,2022-04-27T00:00:00.000Z,104.2,,106.7,106.7,
שיבא,104.2,2022-04-27T00:00:00.000Z,104.2,,106.7,106.7,
שיבא,104.2,2022-04-27T00:00:00.000Z,104.2,,106.7,106.7,
שיבא,104.2,2022-04-27T00:00:00.000Z,104.2,,106.7,106.7,
שיבא,104.2,2022-04-27T00:00:00.000Z,104.2,,106.7,106.7,
שיבא,104.2,2022-04-27T00:00:00.000Z,104.2,,106.7,106.7,
שיבא,104.2,2022-04-27T00:00:00.000Z,104.2,,106.7,106.7,
שיבא,104.2,2022-04-27T00:00:00.000Z,104.2,,106.7,106.7,
שיבא,104.2,2022-04-27T00:00:00.000Z,104.2,,106.7,106.7,
שיבא,104.2,2022-04-27T00:00:00.000Z,104.2,,106.7,106.7,
שיבא,104.2,2022-04-27T00:00:00.000Z,104.2,,106.7,106.7,
שיבא,104.2,2022-04-27T00:00:00.000Z,104.2,,106.7,106.7,
שיבא,104.2,2022-04-27T00:00:00.000Z,104.2,,106.7,106.7,
שיבא,104.2,2022-04-27T00:00:00.000Z,104.2,,106.7,106.7,
שיבא,104.2,2022-04-27T00:00:00.000Z,104.2,,106.7,106.7,
שיבא,104.2,2022-04-27T00:00:00.000Z,104.2,,106.7,106.7,
יוספטל,81.3,2022-04-27T00:00:00.000Z,81.3,50,53.8,53.8,49.2
יוספטל,81.3,2022-04-27T00:00:00.000Z,81.3,50,53.8,53.8,49.2
יוספטל,81.3,2022-04-27T00:00:00.000Z,81.3,50,53.8,53.8,49.2
יוספטל,81.3,2022-04-27T00:00:00.000Z,81.3,50,53.8,53.8,49.2
יוספטל,81.3,2022-04-27T00:00:00.000Z,81.3,50,53.8,53.8,49.2
יוספטל,81.3,2022-04-27T00:00:00.000Z,81.3,50,53.8,53.8,49.2
יוספטל,81.3,2022-04-27T00:00:00.000Z,81.3,50,53.8,53.8,49.2
יוספטל,81.3,2022-04-27T00:00:00.000Z,81.3,50,53.8,53.8,49.2
יוספטל,81.3,2022-04-27T00:00:00.000Z,81.3,50,53.8,53.8,49.2
יוספטל,81.3,2022-04-27T00:00:00.000Z,81.3,50,53.8,53.8,49.2
יוספטל,81.3,2022-04-27T00:00:00.000Z,81.3,50,53.8,53.8,49.2
יוספטל,81.3,2022-04-27T00:00:00.000Z,81.3,50,53.8,53.8,49.2
יוספטל,81.3,2022-04-27T00:00:00.000Z,81.3,50,53.8,53.8,49.2
יוספטל,81.3,2022-04-27T00:00:00.000Z,81.3,50,53.8,53.8,49.2
יוספטל,81.3,2022-04-27T00:00:00.000Z,81.3,50,53.8,53.8,49.2
יוספטל,81.3,2022-04-27T00:00:00.000Z,81.3,50,53.8,53.8,49.2
יוספטל,81.3,2022-04-27T00:00:00.000Z,81.3,50,53.8,53.8,49.2
יוספטל,81.3,2022-04-27T00:00:00.000Z,81.3,50,53.8,53.8,49.2
יוספטל,81.3,2022-04-27T00:00:00.000Z,81.3,50,53.8,53.8,49.2
יוספטל,81.3,2022-04-27T00:00:00.000Z,81.3,50,53.8,53.8,49.2
יוספטל,81.3,2022-04-27T00:00:00.000Z,81.3,50,53.8,53.8,49.2
יוספטל,81.3,2022-04-27T00:00:00.000Z,81.3,50,53.8,53.8,49.2
יוספטל,81.3,2022-04-27T00:00:00.000Z,81.3,50,53.8,53.8,49.2
יוספטל,81.3,2022-04-27T00:00:00.000Z,81.3,50,53.8,53.8,49.2
יוספטל,81.3,2022-04-27T00:00:00.000Z,81.3,50,53.8,53.8,49.2
יוספטל,81.3,2022-04-27T00:00:00.000Z,81.3,50,53.8,53.8,49.2
יוספטל,81.3,2022-04-27T00:00:00.000Z,81.3,50,53.8,53.8,49.2
יוספטל,81.3,2022-04-27T00:00:00.000Z,81.3,50,53.8,53.8,49.2
יוספטל,81.3,2022-04-27T00:00:00.000Z,81.3,50,53.8,53.8,49.2
יוספטל,81.3,2022-04-27T00:00:00.000Z,81.3,50,53.8,53.8,49.2
יוספטל,81.3,2022-04-27T00:00:00.000Z,81.3,50,53.8,53.8,49.2
יוספטל,81.3,2022-04-27T00:00:00.000Z,81.3,50,53.8,53.8,49.2
יוספטל,81.3,2022-04-27T00:00:00.000Z,81.3,50,53.8,53.8,49.2
יוספטל,81.3,2022-04-27T00:00:00.000Z,81.3,50,53.8,53.8,49.2
זיו צפת,95.3,2022-04-27T00:00:00.000Z,95.3,90.6,84.7,84.7,83.6
זיו צפת,95.3,2022-04-27T00:00:00.000Z,95.3,90.6,84.7,84.7,83.6
זיו צפת,95.3,2022-04-27T00:00:00.000Z,95.3,90.6,84.7,84.7,83.6
זיו צפת,95.3,2022-04-27T00:00:00.000Z,95.3,90.6,84.7,84.7,83.6
זיו צפת,95.3,2022-04-27T00:00:00.000Z,95.3,90.6,84.7,84.7,83.6
זיו צפת,95.3,2022-04-27T00:00:00.000Z,95.3,90.6,84.7,84.7,83.6
זיו צפת,95.3,2022-04-27T00:00:00.000Z,95.3,90.6,84.7,84.7,83.6
זיו צפת,95.3,2022-04-27T00:00:00.000Z,95.3,90.6,84.7,84.7,83.6
זיו צפת,95.3,2022-04-27T00:00:00.000Z,95.3,90.6,84.7,84.7,83.6
זיו צפת,95.3,2022-04-27T00:00:00.000Z,95.3,90.6,84.7,84.7,83.6
זיו צפת,95.3,2022-04-27T00:00:00.000Z,95.3,90.6,84.7,84.7,83.6
זיו צפת,95.3,2022-04-27T00:00:00.000Z,95.3,90.6,84.7,84.7,83.6
זיו צפת,95.3,2022-04-27T00:00:00.000Z,95.3,90.6,84.7,84.7,83.6
זיו צפת,95.3,2022-04-27T00:00:00.000Z,95.3,90.6,84.7,84.7,83.6
זיו צפת,95.3,2022-04-27T00:00:00.000Z,95.3,90.6,84.7,84.7,83.6
זיו צפת,95.3,2022-04-27T00:00:00.000Z,95.3,90.6,84.7,84.7,83.6
זיו צפת,95.3,2022-04-27T00:00:00.000Z,95.3,90.6,84.7,84.7,83.6
זיו צפת,95.3,2022-04-27T00:00:00.000Z,95.3,90.6,84.7,84.7,83.6
זיו צפת,95.3,2022-04-27T00:00:00.000Z,95.3,90.6,84.7,84.7,83.6
זיו צפת,95.3,2022-04-27T00:00:00.000Z,95.3,90.6,84.7,84.7,83.6
זיו צפת,95.3,2022-04-27T00:00:00.000Z,95.3,90.6,84.7,84.7,83.6
זיו צפת,95.3,2022-04-27T00:00:00.000Z,95.3,90.6,84.7,84.7,83.6
זיו צפת,95.3,2022-04-27T00:00:00.000Z,95.3,90.6,84.7,84.7,83.6
זיו צפת,95.3,2022-04-27T00:00:00.000Z,95.3,90.6,84.7,84.7,83.6
זיו צפת,95.3,2022-04-27T00:00:00.000Z,95.3,90.6,84.7,84.7,83.6
זיו צפת,95.3,2022-04-27T00:00:00.000Z,95.3,90.6,84.7,84.7,83.6
זיו צפת,95.3,2022-04-27T00:00:00.000Z,95.3,90.6,84.7,84.7,83.6
זיו צפת,95.3,2022-04-27T00:00:00.000Z,95.3,90.6,84.7,84.7,83.6
זיו צפת,95.3,2022-04-27T00:00:00.000Z,95.3,90.6,84.7,84.7,83.6
זיו צפת,95.3,2022-04-27T00:00:00.000Z,95.3,90.6,84.7,84.7,83.6
זיו צפת,95.3,2022-04-27T00:00:00.000Z,95.3,90.6,84.7,84.7,83.6
זיו צפת,95.3,2022-04-27T00:00:00.000Z,95.3,90.6,84.7,84.7,83.6
זיו צפת,95.3,2022-04-27T00:00:00.000Z,95.3,90.6,84.7,84.7,83.6
זיו צפת,95.3,2022-04-27T00:00:00.000Z,95.3,90.6,84.7,84.7,83.6
זיו צפת,95.3,2022-04-27T00:00:00.000Z,95.3,90.6,84.7,84.7,83.6
זיו צפת,95.3,2022-04-27T00:00:00.000Z,95.3,90.6,84.7,84.7,83.6
זיו צפת,95.3,2022-04-27T00:00:00.000Z,95.3,90.6,84.7,84.7,83.6
זיו צפת,95.3,2022-04-27T00:00:00.000Z,95.3,90.6,84.7,84.7,83.6
זיו צפת,95.3,2022-04-27T00:00:00.000Z,95.3,90.6,84.7,84.7,83.6
זיו צפת,95.3,2022-04-27T00:00:00.000Z,95.3,90.6,84.7,84.7,83.6
זיו צפת,95.3,2022-04-27T00:00:00.000Z,95.3,90.6,84.7,84.7,83.6
זיו צפת,95.3,2022-04-27T00:00:00.000Z,95.3,90.6,84.7,84.7,83.6
זיו צפת,95.3,2022-04-27T00:00:00.000Z,95.3,90.6,84.7,84.7,83.6
זיו צפת,95.3,2022-04-27T00:00:00.000Z,95.3,90.6,84.7,84.7,83.6
זיו צפת,95.3,2022-04-27T00:00:00.000Z,95.3,90.6,84.7,84.7,83.6
זיו צפת,95.3,2022-04-27T00:00:00.000Z,95.3,90.6,84.7,84.7,83.6
זיו צפת,95.3,2022-04-27T00:00:00.000Z,95.3,90.6,84.7,84.7,83.6
זיו צפת,95.3,2022-04-27T00:00:00.000Z,95.3,90.6,84.7,84.7,83.6
זיו צפת,95.3,2022-04-27T00:00:00.000Z,95.3,90.6,84.7,84.7,83.6
זיו צפת,95.3,2022-04-27T00:00:00.000Z,95.3,90.6,84.7,84.7,83.6
זיו צפת,95.3,2022-04-27T00:00:00.000Z,95.3,90.6,84.7,84.7,83.6
זיו צפת,95.3,2022-04-27T00:00:00.000Z,95.3,90.6,84.7,84.7,83.6
זיו צפת,95.3,2022-04-27T00:00:00.000Z,95.3,90.6,84.7,84.7,83.6
זיו צפת,95.3,2022-04-27T00:00:00.000Z,95.3,90.6,84.7,84.7,83.6
זיו צפת,95.3,2022-04-27T00:00:00.000Z,95.3,90.6,84.7,84.7,83.6
זיו צפת,95.3,2022-04-27T00:00:00.000Z,95.3,90.6,84.7,84.7,83.6
זיו צפת,95.3,2022-04-27T00:00:00.000Z,95.3,90.6,84.7,84.7,83.6
זיו צפת,95.3,2022-04-27T00:00:00.000Z,95.3,90.6,84.7,84.7,83.6
זיו צפת,95.3,2022-04-27T00:00:00.000Z,95.3,90.6,84.7,84.7,83.6
זיו צפת,95.3,2022-04-27T00:00:00.000Z,95.3,90.6,84.7,84.7,83.6
זיו צפת,95.3,2022-04-27T00:00:00.000Z,95.3,90.6,84.7,84.7,83.6
זיו צפת,95.3,2022-04-27T00:00:00.000Z,95.3,90.6,84.7,84.7,83.6
זיו צפת,95.3,2022-04-27T00:00:00.000Z,95.3,90.6,84.7,84.7,83.6
זיו צפת,95.3,2022-04-27T00:00:00.000Z,95.3,90.6,84.7,84.7,83.6
זיו צפת,95.3,2022-04-27T00:00:00.000Z,95.3,90.6,84.7,84.7,83.6
זיו צפת,95.3,2022-04-27T00:00:00.000Z,95.3,90.6,84.7,84.7,83.6
זיו צפת,95.3,2022-04-27T00:00:00.000Z,95.3,90.6,84.7,84.7,83.6
זיו צפת,95.3,2022-04-27T00:00:00.000Z,95.3,90.6,84.7,84.7,83.6
שמיר,91.5,2022-04-27T00:00:00.000Z,91.5,86.1,73.7,73.7,69.1
שמיר,91.5,2022-04-27T00:00:00.000Z,91.5,86.1,73.7,73.7,69.1
שמיר,91.5,2022-04-27T00:00:00.000Z,91.5,86.1,73.7,73.7,69.1
שמיר,91.5,2022-04-27T00:00:00.000Z,91.5,86.1,73.7,73.7,69.1
שמיר,91.5,2022-04-27T00:00:00.000Z,91.5,86.1,73.7,73.7,69.1
שמיר,91.5,2022-04-27T00:00:00.000Z,91.5,86.1,73.7,73.7,69.1
שמיר,91.5,2022-04-27T00:00:00.000Z,91.5,86.1,73.7,73.7,69.1
שמיר,91.5,2022-04-27T00:00:00.000Z,91.5,86.1,73.7,73.7,69.1
שמיר,91.5,2022-04-27T00:00:00.000Z,91.5,86.1,73.7,73.7,69.1
שמיר,91.5,2022-04-27T00:00:00.000Z,91.5,86.1,73.7,73.7,69.1
שמיר,91.5,2022-04-27T00:00:00.000Z,91.5,86.1,73.7,73.7,69.1
שמיר,91.5,2022-04-27T00:00:00.000Z,91.5,86.1,73.7,73.7,69.1
שמיר,91.5,2022-04-27T00:00:00.000Z,91.5,86.1,73.7,73.7,69.1
שמיר,91.5,2022-04-27T00:00:00.000Z,91.5,86.1,73.7,73.7,69.1
שמיר,91.5,2022-04-27T00:00:00.000Z,91.5,86.1,73.7,73.7,69.1
שמיר,91.5,2022-04-27T00:00:00.000Z,91.5,86.1,73.7,73.7,69.1
שמיר,91.5,2022-04-27T00:00:00.000Z,91.5,86.1,73.7,73.7,69.1
שמיר,91.5,2022-04-27T00:00:00.000Z,91.5,86.1,73.7,73.7,69.1
שמיר,91.5,2022-04-27T00:00:00.000Z,91.5,86.1,73.7,73.7,69.1
שמיר,91.5,2022-04-27T00:00:00.000Z,91.5,86.1,73.7,73.7,69.1
שמיר,91.5,2022-04-27T00:00:00.000Z,91.5,86.1,73.7,73.7,69.1
שמיר,91.5,2022-04-27T00:00:00.000Z,91.5,86.1,73.7,73.7,69.1
שמיר,91.5,2022-04-27T00:00:00.000Z,91.5,86.1,73.7,73.7,69.1
שמיר,91.5,2022-04-27T00:00:00.000Z,91.5,86.1,73.7,73.7,69.1
שמיר,91.5,2022-04-27T00:00:00.000Z,91.5,86.1,73.7,73.7,69.1
שמיר,91.5,2022-04-27T00:00:00.000Z,91.5,86.1,73.7,73.7,69.1
שמיר,91.5,2022-04-27T00:00:00.000Z,91.5,86.1,73.7,73.7,69.1
שמיר,91.5,2022-04-27T00:00:00.000Z,91.5,86.1,73.7,73.7,69.1
שמיר,91.5,2022-04-27T00:00:00.000Z,91.5,86.1,73.7,73.7,69.1
שמיר,91.5,2022-04-27T00:00:00.000Z,91.5,86.1,73.7,73.7,69.1
שמיר,91.5,2022-04-27T00:00:00.000Z,91.5,86.1,73.7,73.7,69.1
שמיר,91.5,2022-04-27T00:00:00.000Z,91.5,86.1,73.7,73.7,69.1
שמיר,91.5,2022-04-27T00:00:00.000Z,91.5,86.1,73.7,73.7,69.1
שמיר,91.5,2022-04-27T00:00:00.000Z,91.5,86.1,73.7,73.7,69.1
נהריה,90.5,2022-04-27T00:00:00.000Z,90.5,93.7,86.2,86.2,86.3
נהריה,90.5,2022-04-27T00:00:00.000Z,90.5,93.7,86.2,86.2,86.3
נהריה,90.5,2022-04-27T00:00:00.000Z,90.5,93.7,86.2,86.2,86.3
נהריה,90.5,2022-04-27T00:00:00.000Z,90.5,93.7,86.2,86.2,86.3
נהריה,90.5,2022-04-27T00:00:00.000Z,90.5,93.7,86.2,86.2,86.3
נהריה,90.5,2022-04-27T00:00:00.000Z,90.5,93.7,86.2,86.2,86.3
נהריה,90.5,2022-04-27T00:00:00.000Z,90.5,93.7,86.2,86.2,86.3
נהריה,90.5,2022-04-27T00:00:00.000Z,90.5,93.7,86.2,86.2,86.3
נהריה,90.5,2022-04-27T00:00:00.000Z,90.5,93.7,86.2,86.2,86.3
נהריה,90.5,2022-04-27T00:00:00.000Z,90.5,93.7,86.2,86.2,86.3
נהריה,90.5,2022-04-27T00:00:00.000Z,90.5,93.7,86.2,86.2,86.3
נהריה,90.5,2022-04-27T00:00:00.000Z,90.5,93.7,86.2,86.2,86.3
נהריה,90.5,2022-04-27T00:00:00.000Z,90.5,93.7,86.2,86.2,86.3
נהריה,90.5,2022-04-27T00:00:00.000Z,90.5,93.7,86.2,86.2,86.3
נהריה,90.5,2022-04-27T00:00:00.000Z,90.5,93.7,86.2,86.2,86.3
נהריה,90.5,2022-04-27T00:00:00.000Z,90.5,93.7,86.2,86.2,86.3
נהריה,90.5,2022-04-27T00:00:00.000Z,90.5,93.7,86.2,86.2,86.3
נהריה,90.5,2022-04-27T00:00:00.000Z,90.5,93.7,86.2,86.2,86.3
נהריה,90.5,2022-04-27T00:00:00.000Z,90.5,93.7,86.2,86.2,86.3
נהריה,90.5,2022-04-27T00:00:00.000Z,90.5,93.7,86.2,86.2,86.3
נהריה,90.5,2022-04-27T00:00:00.000Z,90.5,93.7,86.2,86.2,86.3
נהריה,90.5,2022-04-27T00:00:00.000Z,90.5,93.7,86.2,86.2,86.3
נהריה,90.5,2022-04-27T00:00:00.000Z,90.5,93.7,86.2,86.2,86.3
נהריה,90.5,2022-04-27T00:00:00.000Z,90.5,93.7,86.2,86.2,86.3
נהריה,90.5,2022-04-27T00:00:00.000Z,90.5,93.7,86.2,86.2,86.3
נהריה,90.5,2022-04-27T00:00:00.000Z,90.5,93.7,86.2,86.2,86.3
נהריה,90.5,2022-04-27T00:00:00.000Z,90.5,93.7,86.2,86.2,86.3
נהריה,90.5,2022-04-27T00:00:00.000Z,90.5,93.7,86.2,86.2,86.3
נהריה,90.5,2022-04-27T00:00:00.000Z,90.5,93.7,86.2,86.2,86.3
נהריה,90.5,2022-04-27T00:00:00.000Z,90.5,93.7,86.2,86.2,86.3
נהריה,90.5,2022-04-27T00:00:00.000Z,90.5,93.7,86.2,86.2,86.3
נהריה,90.5,2022-04-27T00:00:00.000Z,90.5,93.7,86.2,86.2,86.3
נהריה,90.5,2022-04-27T00:00:00.000Z,90.5,93.7,86.2,86.2,86.3
נהריה,90.5,2022-04-27T00:00:00.000Z,90.5,93.7,86.2,86.2,86.3
יוספטל,81.3,2022-04-27T00:00:00.000Z,81.3,50,53.8,53.8,49.2
יוספטל,81.3,2022-04-27T00:00:00.000Z,81.3,50,53.8,53.8,49.2
יוספטל,81.3,2022-04-27T00:00:00.000Z,81.3,50,53.8,53.8,49.2
יוספטל,81.3,2022-04-27T00:00:00.000Z,81.3,50,53.8,53.8,49.2
יוספטל,81.3,2022-04-27T00:00:00.000Z,81.3,50,53.8,53.8,49.2
יוספטל,81.3,2022-04-27T00:00:00.000Z,81.3,50,53.8,53.8,49.2
יוספטל,81.3,2022-04-27T00:00:00.000Z,81.3,50,53.8,53.8,49.2
יוספטל,81.3,2022-04-27T00:00:00.000Z,81.3,50,53.8,53.8,49.2
יוספטל,81.3,2022-04-27T00:00:00.000Z,81.3,50,53.8,53.8,49.2
יוספטל,81.3,2022-04-27T00:00:00.000Z,81.3,50,53.8,53.8,49.2
יוספטל,81.3,2022-04-27T00:00:00.000Z,81.3,50,53.8,53.8,49.2
יוספטל,81.3,2022-04-27T00:00:00.000Z,81.3,50,53.8,53.8,49.2
יוספטל,81.3,2022-04-27T00:00:00.000Z,81.3,50,53.8,53.8,49.2
יוספטל,81.3,2022-04-27T00:00:00.000Z,81.3,50,53.8,53.8,49.2
יוספטל,81.3,2022-04-27T00:00:00.000Z,81.3,50,53.8,53.8,49.2
יוספטל,81.3,2022-04-27T00:00:00.000Z,81.3,50,53.8,53.8,49.2
שמיר,91.5,2022-04-27T00:00:00.000Z,91.5,86.1,73.7,73.7,69.1
שמיר,91.5,2022-04-27T00:00:00.000Z,91.5,86.1,73.7,73.7,69.1
שמיר,91.5,2022-04-27T00:00:00.000Z,91.5,86.1,73.7,73.7,69.1
שמיר,91.5,2022-04-27T00:00:00.000Z,91.5,86.1,73.7,73.7,69.1
שמיר,91.5,2022-04-27T00:00:00.000Z,91.5,86.1,73.7,73.7,69.1
שמיר,91.5,2022-04-27T00:00:00.000Z,91.5,86.1,73.7,73.7,69.1
שמיר,91.5,2022-04-27T00:00:00.000Z,91.5,86.1,73.7,73.7,69.1
שמיר,91.5,2022-04-27T00:00:00.000Z,91.5,86.1,73.7,73.7,69.1
שמיר,91.5,2022-04-27T00:00:00.000Z,91.5,86.1,73.7,73.7,69.1
שמיר,91.5,2022-04-27T00:00:00.000Z,91.5,86.1,73.7,73.7,69.1
שמיר,91.5,2022-04-27T00:00:00.000Z,91.5,86.1,73.7,73.7,69.1
שמיר,91.5,2022-04-27T00:00:00.000Z,91.5,86.1,73.7,73.7,69.1
שמיר,91.5,2022-04-27T00:00:00.000Z,91.5,86.1,73.7,73.7,69.1
שמיר,91.5,2022-04-27T00:00:00.000Z,91.5,86.1,73.7,73.7,69.1
שמיר,91.5,2022-04-27T00:00:00.000Z,91.5,86.1,73.7,73.7,69.1
שמיר,91.5,2022-04-27T00:00:00.000Z,91.5,86.1,73.7,73.7,69.1
שמיר,91.5,2022-04-27T00:00:00.000Z,91.5,86.1,73.7,73.7,69.1
שמיר,91.5,2022-04-27T00:00:00.000Z,91.5,86.1,73.7,73.7,69.1
שמיר,91.5,2022-04-27T00:00:00.000Z,91.5,86.1,73.7,73.7,69.1
שמיר,91.5,2022-04-27T00:00:00.000Z,91.5,86.1,73.7,73.7,69.1
שמיר,91.5,2022-04-27T00:00:00.000Z,91.5,86.1,73.7,73.7,69.1
שמיר,91.5,2022-04-27T00:00:00.000Z,91.5,86.1,73.7,73.7,69.1
שמיר,91.5,2022-04-27T00:00:00.000Z,91.5,86.1,73.7,73.7,69.1
שמיר,91.5,2022-04-27T00:00:00.000Z,91.5,86.1,73.7,73.7,69.1
שמיר,91.5,2022-04-27T00:00:00.000Z,91.5,86.1,73.7,73.7,69.1
שמיר,91.5,2022-04-27T00:00:00.000Z,91.5,86.1,73.7,73.7,69.1
שמיר,91.5,2022-04-27T00:00:00.000Z,91.5,86.1,73.7,73.7,69.1
שמיר,91.5,2022-04-27T00:00:00.000Z,91.5,86.1,73.7,73.7,69.1
שמיר,91.5,2022-04-27T00:00:00.000Z,91.5,86.1,73.7,73.7,69.1
שמיר,91.5,2022-04-27T00:00:00.000Z,91.5,86.1,73.7,73.7,69.1
שמיר,91.5,2022-04-27T00:00:00.000Z,91.5,86.1,73.7,73.7,69.1
שמיר,91.5,2022-04-27T00:00:00.000Z,91.5,86.1,73.7,73.7,69.1
שמיר,91.5,2022-04-27T00:00:00.000Z,91.5,86.1,73.7,73.7,69.1
שמיר,91.5,2022-04-27T00:00:00.000Z,91.5,86.1,73.7,73.7,69.1
נהריה,90.5,2022-04-27T00:00:00.000Z,90.5,93.7,86.2,86.2,86.3
נהריה,90.5,2022-04-27T00:00:00.000Z,90.5,93.7,86.2,86.2,86.3
נהריה,90.5,2022-04-27T00:00:00.000Z,90.5,93.7,86.2,86.2,86.3
נהריה,90.5,2022-04-27T00:00:00.000Z,90.5,93.7,86.2,86.2,86.3
נהריה,90.5,2022-04-27T00:00:00.000Z,90.5,93.7,86.2,86.2,86.3
נהריה,90.5,2022-04-27T00:00:00.000Z,90.5,93.7,86.2,86.2,86.3
נהריה,90.5,2022-04-27T00:00:00.000Z,90.5,93.7,86.2,86.2,86.3
נהריה,90.5,2022-04-27T00:00:00.000Z,90.5,93.7,86.2,86.2,86.3
נהריה,90.5,2022-04-27T00:00:00.000Z,90.5,93.7,86.2,86.2,86.3
נהריה,90.5,2022-04-27T00:00:00.000Z,90.5,93.7,86.2,86.2,86.3
נהריה,90.5,2022-04-27T00:00:00.000Z,90.5,93.7,86.2,86.2,86.3
נהריה,90.5,2022-04-27T00:00:00.000Z,90.5,93.7,86.2,86.2,86.3
נהריה,90.5,2022-04-27T00:00:00.000Z,90.5,93.7,86.2,86.2,86.3
נהריה,90.5,2022-04-27T00:00:00.000Z,90.5,93.7,86.2,86.2,86.3
נהריה,90.5,2022-04-27T00:00:00.000Z,90.5,93.7,86.2,86.2,86.3
נהריה,90.5,2022-04-27T00:00:00.000Z,90.5,93.7,86.2,86.2,86.3
שמיר,91.5,2022-04-27T00:00:00.000Z,91.5,86.1,73.7,73.7,69.1
שמיר,91.5,2022-04-27T00:00:00.000Z,91.5,86.1,73.7,73.7,69.1
שמיר,91.5,2022-04-27T00:00:00.000Z,91.5,86.1,73.7,73.7,69.1
שמיר,91.5,2022-04-27T00:00:00.000Z,91.5,86.1,73.7,73.7,69.1
שמיר,91.5,2022-04-27T00:00:00.000Z,91.5,86.1,73.7,73.7,69.1
שמיר,91.5,2022-04-27T00:00:00.000Z,91.5,86.1,73.7,73.7,69.1
שמיר,91.5,2022-04-27T00:00:00.000Z,91.5,86.1,73.7,73.7,69.1
שמיר,91.5,2022-04-27T00:00:00.000Z,91.5,86.1,73.7,73.7,69.1
שמיר,91.5,2022-04-27T00:00:00.000Z,91.5,86.1,73.7,73.7,69.1
שמיר,91.5,2022-04-27T00:00:00.000Z,91.5,86.1,73.7,73.7,69.1
שמיר,91.5,2022-04-27T00:00:00.000Z,91.5,86.1,73.7,73.7,69.1
שמיר,91.5,2022-04-27T00:00:00.000Z,91.5,86.1,73.7,73.7,69.1
שמיר,91.5,2022-04-27T00:00:00.000Z,91.5,86.1,73.7,73.7,69.1
שמיר,91.5,2022-04-27T00:00:00.000Z,91.5,86.1,73.7,73.7,69.1
שמיר,91.5,2022-04-27T00:00:00.000Z,91.5,86.1,73.7,73.7,69.1
שמיר,91.5,2022-04-27T00:00:00.000Z,91.5,86.1,73.7,73.7,69.1
שמיר,91.5,2022-04-27T00:00:00.000Z,91.5,86.1,73.7,73.7,69.1
שמיר,91.5,2022-04-27T00:00:00.000Z,91.5,86.1,73.7,73.7,69.1
שמיר,91.5,2022-04-27T00:00:00.000Z,91.5,86.1,73.7,73.7,69.1
שמיר,91.5,2022-04-27T00:00:00.000Z,91.5,86.1,73.7,73.7,69.1
שמיר,91.5,2022-04-27T00:00:00.000Z,91.5,86.1,73.7,73.7,69.1
שמיר,91.5,2022-04-27T00:00:00.000Z,91.5,86.1,73.7,73.7,69.1
שמיר,91.5,2022-04-27T00:00:00.000Z,91.5,86.1,73.7,73.7,69.1
שמיר,91.5,2022-04-27T00:00:00.000Z,91.5,86.1,73.7,73.7,69.1
שמיר,91.5,2022-04-27T00:00:00.000Z,91.5,86.1,73.7,73.7,69.1
שמיר,91.5,2022-04-27T00:00:00.000Z,91.5,86.1,73.7,73.7,69.1
שמיר,91.5,2022-04-27T00:00:00.000Z,91.5,86.1,73.7,73.7,69.1
שמיר,91.5,2022-04-27T00:00:00.000Z,91.5,86.1,73.7,73.7,69.1
שמיר,91.5,2022-04-27T00:00:00.000Z,91.5,86.1,73.7,73.7,69.1
שמיר,91.5,2022-04-27T00:00:00.000Z,91.5,86.1,73.7,73.7,69.1
שמיר,91.5,2022-04-27T00:00:00.000Z,91.5,86.1,73.7,73.7,69.1
שמיר,91.5,2022-04-27T00:00:00.000Z,91.5,86.1,73.7,73.7,69.1
שמיר,91.5,2022-04-27T00:00:00.000Z,91.5,86.1,73.7,73.7,69.1
שמיר,91.5,2022-04-27T00:00:00.000Z,91.5,86.1,73.7,73.7,69.1
שמיר,91.5,2022-04-27T00:00:00.000Z,91.5,86.1,73.7,73.7,69.1
שמיר,91.5,2022-04-27T00:00:00.000Z,91.5,86.1,73.7,73.7,69.1
שמיר,91.5,2022-04-27T00:00:00.000Z,91.5,86.1,73.7,73.7,69.1
שמיר,91.5,2022-04-27T00:00:00.000Z,91.5,86.1,73.7,73.7,69.1
שמיר,91.5,2022-04-27T00:00:00.000Z,91.5,86.1,73.7,73.7,69.1
שמיר,91.5,2022-04-27T00:00:00.000Z,91.5,86.1,73.7,73.7,69.1
שמיר,91.5,2022-04-27T00:00:00.000Z,91.5,86.1,73.7,73.7,69.1
שמיר,91.5,2022-04-27T00:00:00.000Z,91.5,86.1,73.7,73.7,69.1
שמיר,91.5,2022-04-27T00:00:00.000Z,91.5,86.1,73.7,73.7,69.1
שמיר,91.5,2022-04-27T00:00:00.000Z,91.5,86.1,73.7,73.7,69.1
שמיר,91.5,2022-04-27T00:00:00.000Z,91.5,86.1,73.7,73.7,69.1
שמיר,91.5,2022-04-27T00:00:00.000Z,91.5,86.1,73.7,73.7,69.1
שמיר,91.5,2022-04-27T00:00:00.000Z,91.5,86.1,73.7,73.7,69.1
שמיר,91.5,2022-04-27T00:00:00.000Z,91.5,86.1,73.7,73.7,69.1
שמיר,91.5,2022-04-27T00:00:00.000Z,91.5,86.1,73.7,73.7,69.1
שמיר,91.5,2022-04-27T00:00:00.000Z,91.5,86.1,73.7,73.7,69.1
שמיר,91.5,2022-04-27T00:00:00.000Z,91.5,86.1,73.7,73.7,69.1
שמיר,91.5,2022-04-27T00:00:00.000Z,91.5,86.1,73.7,73.7,69.1
שמיר,91.5,2022-04-27T00:00:00.000Z,91.5,86.1,73.7,73.7,69.1
שמיר,91.5,2022-04-27T00:00:00.000Z,91.5,86.1,73.7,73.7,69.1
שמיר,91.5,2022-04-27T00:00:00.000Z,91.5,86.1,73.7,73.7,69.1
שמיר,91.5,2022-04-27T00:00:00.000Z,91.5,86.1,73.7,73.7,69.1
שמיר,91.5,2022-04-27T00:00:00.000Z,91.5,86.1,73.7,73.7,69.1
שמיר,91.5,2022-04-27T00:00:00.000Z,91.5,86.1,73.7,73.7,69.1
שמיר,91.5,2022-04-27T00:00:00.000Z,91.5,86.1,73.7,73.7,69.1
שמיר,91.5,2022-04-27T00:00:00.000Z,91.5,86.1,73.7,73.7,69.1
שמיר,91.5,2022-04-27T00:00:00.000Z,91.5,86.1,73.7,73.7,69.1
שמיר,91.5,2022-04-27T00:00:00.000Z,91.5,86.1,73.7,73.7,69.1
שמיר,91.5,2022-04-27T00:00:00.000Z,91.5,86.1,73.7,73.7,69.1
שמיר,91.5,2022-04-27T00:00:00.000Z,91.5,86.1,73.7,73.7,69.1
שמיר,91.5,2022-04-27T00:00:00.000Z,91.5,86.1,73.7,73.7,69.1
שמיר,91.5,2022-04-27T00:00:00.000Z,91.5,86.1,73.7,73.7,69.1
שמיר,91.5,2022-04-27T00:00:00.000Z,91.5,86.1,73.7,73.7,69.1
שמיר,91.5,2022-04-27T00:00:00.000Z,91.5,86.1,73.7,73.7,69.1
זיו צפת,95.3,2022-04-27T00:00:00.000Z,95.3,90.6,84.7,84.7,83.6
זיו צפת,95.3,2022-04-27T00:00:00.000Z,95.3,90.6,84.7,84.7,83.6
זיו צפת,95.3,2022-04-27T00:00:00.000Z,95.3,90.6,84.7,84.7,83.6
זיו צפת,95.3,2022-04-27T00:00:00.000Z,95.3,90.6,84.7,84.7,83.6
זיו צפת,95.3,2022-04-27T00:00:00.000Z,95.3,90.6,84.7,84.7,83.6
זיו צפת,95.3,2022-04-27T00:00:00.000Z,95.3,90.6,84.7,84.7,83.6
זיו צפת,95.3,2022-04-27T00:00:00.000Z,95.3,90.6,84.7,84.7,83.6
זיו צפת,95.3,2022-04-27T00:00:00.000Z,95.3,90.6,84.7,84.7,83.6
זיו צפת,95.3,2022-04-27T00:00:00.000Z,95.3,90.6,84.7,84.7,83.6
זיו צפת,95.3,2022-04-27T00:00:00.000Z,95.3,90.6,84.7,84.7,83.6
זיו צפת,95.3,2022-04-27T00:00:00.000Z,95.3,90.6,84.7,84.7,83.6
זיו צפת,95.3,2022-04-27T00:00:00.000Z,95.3,90.6,84.7,84.7,83.6
זיו צפת,95.3,2022-04-27T00:00:00.000Z,95.3,90.6,84.7,84.7,83.6
זיו צפת,95.3,2022-04-27T00:00:00.000Z,95.3,90.6,84.7,84.7,83.6
זיו צפת,95.3,2022-04-27T00:00:00.000Z,95.3,90.6,84.7,84.7,83.6
זיו צפת,95.3,2022-04-27T00:00:00.000Z,95.3,90.6,84.7,84.7,83.6
זיו צפת,95.3,2022-04-27T00:00:00.000Z,95.3,90.6,84.7,84.7,83.6
זיו צפת,95.3,2022-04-27T00:00:00.000Z,95.3,90.6,84.7,84.7,83.6
זיו צפת,95.3,2022-04-27T00:00:00.000Z,95.3,90.6,84.7,84.7,83.6
זיו צפת,95.3,2022-04-27T00:00:00.000Z,95.3,90.6,84.7,84.7,83.6
זיו צפת,95.3,2022-04-27T00:00:00.000Z,95.3,90.6,84.7,84.7,83.6
זיו צפת,95.3,2022-04-27T00:00:00.000Z,95.3,90.6,84.7,84.7,83.6
זיו צפת,95.3,2022-04-27T00:00:00.000Z,95.3,90.6,84.7,84.7,83.6
זיו צפת,95.3,2022-04-27T00:00:00.000Z,95.3,90.6,84.7,84.7,83.6
זיו צפת,95.3,2022-04-27T00:00:00.000Z,95.3,90.6,84.7,84.7,83.6
זיו צפת,95.3,2022-04-27T00:00:00.000Z,95.3,90.6,84.7,84.7,83.6
זיו צפת,95.3,2022-04-27T00:00:00.000Z,95.3,90.6,84.7,84.7,83.6
זיו צפת,95.3,2022-04-27T00:00:00.000Z,95.3,90.6,84.7,84.7,83.6
זיו צפת,95.3,2022-04-27T00:00:00.000Z,95.3,90.6,84.7,84.7,83.6
זיו צפת,95.3,2022-04-27T00:00:00.000Z,95.3,90.6,84.7,84.7,83.6
זיו צפת,95.3,2022-04-27T00:00:00.000Z,95.3,90.6,84.7,84.7,83.6
זיו צפת,95.3,2022-04-27T00:00:00.000Z,95.3,90.6,84.7,84.7,83.6
זיו צפת,95.3,2022-04-27T00:00:00.000Z,95.3,90.6,84.7,84.7,83.6
זיו צפת,95.3,2022-04-27T00:00:00.000Z,95.3,90.6,84.7,84.7,83.6
זיו צפת,95.3,2022-04-27T00:00:00.000Z,95.3,90.6,84.7,84.7,83.6
זיו צפת,95.3,2022-04-27T00:00:00.000Z,95.3,90.6,84.7,84.7,83.6
זיו צפת,95.3,2022-04-27T00:00:00.000Z,95.3,90.6,84.7,84.7,83.6
זיו צפת,95.3,2022-04-27T00:00:00.000Z,95.3,90.6,84.7,84.7,83.6
זיו צפת,95.3,2022-04-27T00:00:00.000Z,95.3,90.6,84.7,84.7,83.6
זיו צפת,95.3,2022-04-27T00:00:00.000Z,95.3,90.6,84.7,84.7,83.6
זיו צפת,95.3,2022-04-27T00:00:00.000Z,95.3,90.6,84.7,84.7,83.6
זיו צפת,95.3,2022-04-27T00:00:00.000Z,95.3,90.6,84.7,84.7,83.6
זיו צפת,95.3,2022-04-27T00:00:00.000Z,95.3,90.6,84.7,84.7,83.6
זיו צפת,95.3,2022-04-27T00:00:00.000Z,95.3,90.6,84.7,84.7,83.6
זיו צפת,95.3,2022-04-27T00:00:00.000Z,95.3,90.6,84.7,84.7,83.6
זיו צפת,95.3,2022-04-27T00:00:00.000Z,95.3,90.6,84.7,84.7,83.6
זיו צפת,95.3,2022-04-27T00:00:00.000Z,95.3,90.6,84.7,84.7,83.6
זיו צפת,95.3,2022-04-27T00:00:00.000Z,95.3,90.6,84.7,84.7,83.6
זיו צפת,95.3,2022-04-27T00:00:00.000Z,95.3,90.6,84.7,84.7,83.6
זיו צפת,95.3,2022-04-27T00:00:00.000Z,95.3,90.6,84.7,84.7,83.6
זיו צפת,95.3,2022-04-27T00:00:00.000Z,95.3,90.6,84.7,84.7,83.6
זיו צפת,95.3,2022-04-27T00:00:00.000Z,95.3,90.6,84.7,84.7,83.6
זיו צפת,95.3,2022-04-27T00:00:00.000Z,95.3,90.6,84.7,84.7,83.6
זיו צפת,95.3,2022-04-27T00:00:00.000Z,95.3,90.6,84.7,84.7,83.6
זיו צפת,95.3,2022-04-27T00:00:00.000Z,95.3,90.6,84.7,84.7,83.6
זיו צפת,95.3,2022-04-27T00:00:00.000Z,95.3,90.6,84.7,84.7,83.6
זיו צפת,95.3,2022-04-27T00:00:00.000Z,95.3,90.6,84.7,84.7,83.6
זיו צפת,95.3,2022-04-27T00:00:00.000Z,95.3,90.6,84.7,84.7,83.6
זיו צפת,95.3,2022-04-27T00:00:00.000Z,95.3,90.6,84.7,84.7,83.6
זיו צפת,95.3,2022-04-27T00:00:00.000Z,95.3,90.6,84.7,84.7,83.6
זיו צפת,95.3,2022-04-27T00:00:00.000Z,95.3,90.6,84.7,84.7,83.6
זיו צפת,95.3,2022-04-27T00:00:00.000Z,95.3,90.6,84.7,84.7,83.6
זיו צפת,95.3,2022-04-27T00:00:00.000Z,95.3,90.6,84.7,84.7,83.6
זיו צפת,95.3,2022-04-27T00:00:00.000Z,95.3,90.6,84.7,84.7,83.6
זיו צפת,95.3,2022-04-27T00:00:00.000Z,95.3,90.6,84.7,84.7,83.6
זיו צפת,95.3,2022-04-27T00:00:00.000Z,95.3,90.6,84.7,84.7,83.6
זיו צפת,95.3,2022-04-27T00:00:00.000Z,95.3,90.6,84.7,84.7,83.6
זיו צפת,95.3,2022-04-27T00:00:00.000Z,95.3,90.6,84.7,84.7,83.6
זיו צפת,95.3,2022-04-27T00:00:00.000Z,95.3,90.6,84.7,84.7,83.6
זיו צפת,95.3,2022-04-27T00:00:00.000Z,95.3,90.6,84.7,84.7,83.6
זיו צפת,95.3,2022-04-27T00:00:00.000Z,95.3,90.6,84.7,84.7,83.6
זיו צפת,95.3,2022-04-27T00:00:00.000Z,95.3,90.6,84.7,84.7,83.6
זיו צפת,95.3,2022-04-27T00:00:00.000Z,95.3,90.6,84.7,84.7,83.6
זיו צפת,95.3,2022-04-27T00:00:00.000Z,95.3,90.6,84.7,84.7,83.6
זיו צפת,95.3,2022-04-27T00:00:00.000Z,95.3,90.6,84.7,84.7,83.6
זיו צפת,95.3,2022-04-27T00:00:00.000Z,95.3,90.6,84.7,84.7,83.6
זיו צפת,95.3,2022-04-27T00:00:00.000Z,95.3,90.6,84.7,84.7,83.6
זיו צפת,95.3,2022-04-27T00:00:00.000Z,95.3,90.6,84.7,84.7,83.6
זיו צפת,95.3,2022-04-27T00:00:00.000Z,95.3,90.6,84.7,84.7,83.6
זיו צפת,95.3,2022-04-27T00:00:00.000Z,95.3,90.6,84.7,84.7,83.6
זיו צפת,95.3,2022-04-27T00:00:00.000Z,95.3,90.6,84.7,84.7,83.6
זיו צפת,95.3,2022-04-27T00:00:00.000Z,95.3,90.6,84.7,84.7,83.6
זיו צפת,95.3,2022-04-27T00:00:00.000Z,95.3,90.6,84.7,84.7,83.6
זיו צפת,95.3,2022-04-27T00:00:00.000Z,95.3,90.6,84.7,84.7,83.6
זיו צפת,95.3,2022-04-27T00:00:00.000Z,95.3,90.6,84.7,84.7,83.6
זיו צפת,95.3,2022-04-27T00:00:00.000Z,95.3,90.6,84.7,84.7,83.6
זיו צפת,95.3,2022-04-27T00:00:00.000Z,95.3,90.6,84.7,84.7,83.6
זיו צפת,95.3,2022-04-27T00:00:00.000Z,95.3,90.6,84.7,84.7,83.6
זיו צפת,95.3,2022-04-27T00:00:00.000Z,95.3,90.6,84.7,84.7,83.6
זיו צפת,95.3,2022-04-27T00:00:00.000Z,95.3,90.6,84.7,84.7,83.6
זיו צפת,95.3,2022-04-27T00:00:00.000Z,95.3,90.6,84.7,84.7,83.6
זיו צפת,95.3,2022-04-27T00:00:00.000Z,95.3,90.6,84.7,84.7,83.6
זיו צפת,95.3,2022-04-27T00:00:00.000Z,95.3,90.6,84.7,84.7,83.6
זיו צפת,95.3,2022-04-27T00:00:00.000Z,95.3,90.6,84.7,84.7,83.6
זיו צפת,95.3,2022-04-27T00:00:00.000Z,95.3,90.6,84.7,84.7,83.6
זיו צפת,95.3,2022-04-27T00:00:00.000Z,95.3,90.6,84.7,84.7,83.6
זיו צפת,95.3,2022-04-27T00:00:00.000Z,95.3,90.6,84.7,84.7,83.6
זיו צפת,95.3,2022-04-27T00:00:00.000Z,95.3,90.6,84.7,84.7,83.6
זיו צפת,95.3,2022-04-27T00:00:00.000Z,95.3,90.6,84.7,84.7,83.6
זיו צפת,95.3,2022-04-27T00:00:00.000Z,95.3,90.6,84.7,84.7,83.6
זיו צפת,95.3,2022-04-27T00:00:00.000Z,95.3,90.6,84.7,84.7,83.6
זיו צפת,95.3,2022-04-27T00:00:00.000Z,95.3,90.6,84.7,84.7,83.6
זיו צפת,95.3,2022-04-27T00:00:00.000Z,95.3,90.6,84.7,84.7,83.6
זיו צפת,95.3,2022-04-27T00:00:00.000Z,95.3,90.6,84.7,84.7,83.6
זיו צפת,95.3,2022-04-27T00:00:00.000Z,95.3,90.6,84.7,84.7,83.6
זיו צפת,95.3,2022-04-27T00:00:00.000Z,95.3,90.6,84.7,84.7,83.6
זיו צפת,95.3,2022-04-27T00:00:00.000Z,95.3,90.6,84.7,84.7,83.6
זיו צפת,95.3,2022-04-27T00:00:00.000Z,95.3,90.6,84.7,84.7,83.6
זיו צפת,95.3,2022-04-27T00:00:00.000Z,95.3,90.6,84.7,84.7,83.6
זיו צפת,95.3,2022-04-27T00:00:00.000Z,95.3,90.6,84.7,84.7,83.6
זיו צפת,95.3,2022-04-27T00:00:00.000Z,95.3,90.6,84.7,84.7,83.6
זיו צפת,95.3,2022-04-27T00:00:00.000Z,95.3,90.6,84.7,84.7,83.6
זיו צפת,95.3,2022-04-27T00:00:00.000Z,95.3,90.6,84.7,84.7,83.6
זיו צפת,95.3,2022-04-27T00:00:00.000Z,95.3,90.6,84.7,84.7,83.6
זיו צפת,95.3,2022-04-27T00:00:00.000Z,95.3,90.6,84.7,84.7,83.6
זיו צפת,95.3,2022-04-27T00:00:00.000Z,95.3,90.6,84.7,84.7,83.6
זיו צפת,95.3,2022-04-27T00:00:00.000Z,95.3,90.6,84.7,84.7,83.6
זיו צפת,95.3,2022-04-27T00:00:00.000Z,95.3,90.6,84.7,84.7,83.6
זיו צפת,95.3,2022-04-27T00:00:00.000Z,95.3,90.6,84.7,84.7,83.6
זיו צפת,95.3,2022-04-27T00:00:00.000Z,95.3,90.6,84.7,84.7,83.6
זיו צפת,95.3,2022-04-27T00:00:00.000Z,95.3,90.6,84.7,84.7,83.6
זיו צפת,95.3,2022-04-27T00:00:00.000Z,95.3,90.6,84.7,84.7,83.6
זיו צפת,95.3,2022-04-27T00:00:00.000Z,95.3,90.6,84.7,84.7,83.6
זיו צפת,95.3,2022-04-27T00:00:00.000Z,95.3,90.6,84.7,84.7,83.6
זיו צפת,95.3,2022-04-27T00:00:00.000Z,95.3,90.6,84.7,84.7,83.6
זיו צפת,95.3,2022-04-27T00:00:00.000Z,95.3,90.6,84.7,84.7,83.6
זיו צפת,95.3,2022-04-27T00:00:00.000Z,95.3,90.6,84.7,84.7,83.6
זיו צפת,95.3,2022-04-27T00:00:00.000Z,95.3,90.6,84.7,84.7,83.6
זיו צפת,95.3,2022-04-27T00:00:00.000Z,95.3,90.6,84.7,84.7,83.6
זיו צפת,95.3,2022-04-27T00:00:00.000Z,95.3,90.6,84.7,84.7,83.6
זיו צפת,95.3,2022-04-27T00:00:00.000Z,95.3,90.6,84.7,84.7,83.6
זיו צפת,95.3,2022-04-27T00:00:00.000Z,95.3,90.6,84.7,84.7,83.6
זיו צפת,95.3,2022-04-27T00:00:00.000Z,95.3,90.6,84.7,84.7,83.6
זיו צפת,95.3,2022-04-27T00:00:00.000Z,95.3,90.6,84.7,84.7,83.6
זיו צפת,95.3,2022-04-27T00:00:00.000Z,95.3,90.6,84.7,84.7,83.6
זיו צפת,95.3,2022-04-27T00:00:00.000Z,95.3,90.6,84.7,84.7,83.6
שמיר,91.5,2022-04-27T00:00:00.000Z,91.5,86.1,73.7,73.7,69.1
שמיר,91.5,2022-04-27T00:00:00.000Z,91.5,86.1,73.7,73.7,69.1
שמיר,91.5,2022-04-27T00:00:00.000Z,91.5,86.1,73.7,73.7,69.1
שמיר,91.5,2022-04-27T00:00:00.000Z,91.5,86.1,73.7,73.7,69.1
שמיר,91.5,2022-04-27T00:00:00.000Z,91.5,86.1,73.7,73.7,69.1
שמיר,91.5,2022-04-27T00:00:00.000Z,91.5,86.1,73.7,73.7,69.1
שמיר,91.5,2022-04-27T00:00:00.000Z,91.5,86.1,73.7,73.7,69.1
שמיר,91.5,2022-04-27T00:00:00.000Z,91.5,86.1,73.7,73.7,69.1
שמיר,91.5,2022-04-27T00:00:00.000Z,91.5,86.1,73.7,73.7,69.1
שמיר,91.5,2022-04-27T00:00:00.000Z,91.5,86.1,73.7,73.7,69.1
שמיר,91.5,2022-04-27T00:00:00.000Z,91.5,86.1,73.7,73.7,69.1
שמיר,91.5,2022-04-27T00:00:00.000Z,91.5,86.1,73.7,73.7,69.1
שמיר,91.5,2022-04-27T00:00:00.000Z,91.5,86.1,73.7,73.7,69.1
שמיר,91.5,2022-04-27T00:00:00.000Z,91.5,86.1,73.7,73.7,69.1
שמיר,91.5,2022-04-27T00:00:00.000Z,91.5,86.1,73.7,73.7,69.1
שמיר,91.5,2022-04-27T00:00:00.000Z,91.5,86.1,73.7,73.7,69.1
שמיר,91.5,2022-04-27T00:00:00.000Z,91.5,86.1,73.7,73.7,69.1
שמיר,91.5,2022-04-27T00:00:00.000Z,91.5,86.1,73.7,73.7,69.1
שמיר,91.5,2022-04-27T00:00:00.000Z,91.5,86.1,73.7,73.7,69.1
שמיר,91.5,2022-04-27T00:00:00.000Z,91.5,86.1,73.7,73.7,69.1
שמיר,91.5,2022-04-27T00:00:00.000Z,91.5,86.1,73.7,73.7,69.1
שמיר,91.5,2022-04-27T00:00:00.000Z,91.5,86.1,73.7,73.7,69.1
שמיר,91.5,2022-04-27T00:00:00.000Z,91.5,86.1,73.7,73.7,69.1
שמיר,91.5,2022-04-27T00:00:00.000Z,91.5,86.1,73.7,73.7,69.1
שמיר,91.5,2022-04-27T00:00:00.000Z,91.5,86.1,73.7,73.7,69.1
שמיר,91.5,2022-04-27T00:00:00.000Z,91.5,86.1,73.7,73.7,69.1
שמיר,91.5,2022-04-27T00:00:00.000Z,91.5,86.1,73.7,73.7,69.1
שמיר,91.5,2022-04-27T00:00:00.000Z,91.5,86.1,73.7,73.7,69.1
שמיר,91.5,2022-04-27T00:00:00.000Z,91.5,86.1,73.7,73.7,69.1
שמיר,91.5,2022-04-27T00:00:00.000Z,91.5,86.1,73.7,73.7,69.1
שמיר,91.5,2022-04-27T00:00:00.000Z,91.5,86.1,73.7,73.7,69.1
שמיר,91.5,2022-04-27T00:00:00.000Z,91.5,86.1,73.7,73.7,69.1
שמיר,91.5,2022-04-27T00:00:00.000Z,91.5,86.1,73.7,73.7,69.1
שמיר,91.5,2022-04-27T00:00:00.000Z,91.5,86.1,73.7,73.7,69.1
שמיר,91.5,2022-04-27T00:00:00.000Z,91.5,86.1,73.7,73.7,69.1
שמיר,91.5,2022-04-27T00:00:00.000Z,91.5,86.1,73.7,73.7,69.1
שמיר,91.5,2022-04-27T00:00:00.000Z,91.5,86.1,73.7,73.7,69.1
שמיר,91.5,2022-04-27T00:00:00.000Z,91.5,86.1,73.7,73.7,69.1
שמיר,91.5,2022-04-27T00:00:00.000Z,91.5,86.1,73.7,73.7,69.1
שמיר,91.5,2022-04-27T00:00:00.000Z,91.5,86.1,73.7,73.7,69.1
שמיר,91.5,2022-04-27T00:00:00.000Z,91.5,86.1,73.7,73.7,69.1
שמיר,91.5,2022-04-27T00:00:00.000Z,91.5,86.1,73.7,73.7,69.1
שמיר,91.5,2022-04-27T00:00:00.000Z,91.5,86.1,73.7,73.7,69.1
שמיר,91.5,2022-04-27T00:00:00.000Z,91.5,86.1,73.7,73.7,69.1
שמיר,91.5,2022-04-27T00:00:00.000Z,91.5,86.1,73.7,73.7,69.1
שמיר,91.5,2022-04-27T00:00:00.000Z,91.5,86.1,73.7,73.7,69.1
שמיר,91.5,2022-04-27T00:00:00.000Z,91.5,86.1,73.7,73.7,69.1
שמיר,91.5,2022-04-27T00:00:00.000Z,91.5,86.1,73.7,73.7,69.1
שמיר,91.5,2022-04-27T00:00:00.000Z,91.5,86.1,73.7,73.7,69.1
שמיר,91.5,2022-04-27T00:00:00.000Z,91.5,86.1,73.7,73.7,69.1
שמיר,91.5,2022-04-27T00:00:00.000Z,91.5,86.1,73.7,73.7,69.1
שמיר,91.5,2022-04-27T00:00:00.000Z,91.5,86.1,73.7,73.7,69.1
שמיר,91.5,2022-04-27T00:00:00.000Z,91.5,86.1,73.7,73.7,69.1
שמיר,91.5,2022-04-27T00:00:00.000Z,91.5,86.1,73.7,73.7,69.1
שמיר,91.5,2022-04-27T00:00:00.000Z,91.5,86.1,73.7,73.7,69.1
שמיר,91.5,2022-04-27T00:00:00.000Z,91.5,86.1,73.7,73.7,69.1
שמיר,91.5,2022-04-27T00:00:00.000Z,91.5,86.1,73.7,73.7,69.1
שמיר,91.5,2022-04-27T00:00:00.000Z,91.5,86.1,73.7,73.7,69.1
שמיר,91.5,2022-04-27T00:00:00.000Z,91.5,86.1,73.7,73.7,69.1
שמיר,91.5,2022-04-27T00:00:00.000Z,91.5,86.1,73.7,73.7,69.1
שמיר,91.5,2022-04-27T00:00:00.000Z,91.5,86.1,73.7,73.7,69.1
שמיר,91.5,2022-04-27T00:00:00.000Z,91.5,86.1,73.7,73.7,69.1
שמיר,91.5,2022-04-27T00:00:00.000Z,91.5,86.1,73.7,73.7,69.1
שמיר,91.5,2022-04-27T00:00:00.000Z,91.5,86.1,73.7,73.7,69.1
שמיר,91.5,2022-04-27T00:00:00.000Z,91.5,86.1,73.7,73.7,69.1
שמיר,91.5,2022-04-27T00:00:00.000Z,91.5,86.1,73.7,73.7,69.1
שמיר,91.5,2022-04-27T00:00:00.000Z,91.5,86.1,73.7,73.7,69.1
שמיר,91.5,2022-04-27T00:00:00.000Z,91.5,86.1,73.7,73.7,69.1
שמיר,91.5,2022-04-27T00:00:00.000Z,91.5,86.1,73.7,73.7,69.1
שמיר,91.5,2022-04-27T00:00:00.000Z,91.5,86.1,73.7,73.7,69.1
שמיר,91.5,2022-04-27T00:00:00.000Z,91.5,86.1,73.7,73.7,69.1
שמיר,91.5,2022-04-27T00:00:00.000Z,91.5,86.1,73.7,73.7,69.1
שמיר,91.5,2022-04-27T00:00:00.000Z,91.5,86.1,73.7,73.7,69.1
שמיר,91.5,2022-04-27T00:00:00.000Z,91.5,86.1,73.7,73.7,69.1
שמיר,91.5,2022-04-27T00:00:00.000Z,91.5,86.1,73.7,73.7,69.1
שמיר,91.5,2022-04-27T00:00:00.000Z,91.5,86.1,73.7,73.7,69.1
שמיר,91.5,2022-04-27T00:00:00.000Z,91.5,86.1,73.7,73.7,69.1
שמיר,91.5,2022-04-27T00:00:00.000Z,91.5,86.1,73.7,73.7,69.1
שמיר,91.5,2022-04-27T00:00:00.000Z,91.5,86.1,73.7,73.7,69.1
שמיר,91.5,2022-04-27T00:00:00.000Z,91.5,86.1,73.7,73.7,69.1
שמיר,91.5,2022-04-27T00:00:00.000Z,91.5,86.1,73.7,73.7,69.1
שמיר,91.5,2022-04-27T00:00:00.000Z,91.5,86.1,73.7,73.7,69.1
שמיר,91.5,2022-04-27T00:00:00.000Z,91.5,86.1,73.7,73.7,69.1
שמיר,91.5,2022-04-27T00:00:00.000Z,91.5,86.1,73.7,73.7,69.1
שמיר,91.5,2022-04-27T00:00:00.000Z,91.5,86.1,73.7,73.7,69.1
שמיר,91.5,2022-04-27T00:00:00.000Z,91.5,86.1,73.7,73.7,69.1
שמיר,91.5,2022-04-27T00:00:00.000Z,91.5,86.1,73.7,73.7,69.1
שמיר,91.5,2022-04-27T00:00:00.000Z,91.5,86.1,73.7,73.7,69.1
שמיר,91.5,2022-04-27T00:00:00.000Z,91.5,86.1,73.7,73.7,69.1
שמיר,91.5,2022-04-27T00:00:00.000Z,91.5,86.1,73.7,73.7,69.1
שמיר,91.5,2022-04-27T00:00:00.000Z,91.5,86.1,73.7,73.7,69.1
שמיר,91.5,2022-04-27T00:00:00.000Z,91.5,86.1,73.7,73.7,69.1
שמיר,91.5,2022-04-27T00:00:00.000Z,91.5,86.1,73.7,73.7,69.1
שמיר,91.5,2022-04-27T00:00:00.000Z,91.5,86.1,73.7,73.7,69.1
שמיר,91.5,2022-04-27T00:00:00.000Z,91.5,86.1,73.7,73.7,69.1
שמיר,91.5,2022-04-27T00:00:00.000Z,91.5,86.1,73.7,73.7,69.1
שמיר,91.5,2022-04-27T00:00:00.000Z,91.5,86.1,73.7,73.7,69.1
שמיר,91.5,2022-04-27T00:00:00.000Z,91.5,86.1,73.7,73.7,69.1
שמיר,91.5,2022-04-27T00:00:00.000Z,91.5,86.1,73.7,73.7,69.1
שמיר,91.5,2022-04-27T00:00:00.000Z,91.5,86.1,73.7,73.7,69.1
שמיר,91.5,2022-04-27T00:00:00.000Z,91.5,86.1,73.7,73.7,69.1
שמיר,91.5,2022-04-27T00:00:00.000Z,91.5,86.1,73.7,73.7,69.1
זיו צפת,95.3,2022-04-27T00:00:00.000Z,95.3,90.6,84.7,84.7,83.6
זיו צפת,95.3,2022-04-27T00:00:00.000Z,95.3,90.6,84.7,84.7,83.6
זיו צפת,95.3,2022-04-27T00:00:00.000Z,95.3,90.6,84.7,84.7,83.6
זיו צפת,95.3,2022-04-27T00:00:00.000Z,95.3,90.6,84.7,84.7,83.6
זיו צפת,95.3,2022-04-27T00:00:00.000Z,95.3,90.6,84.7,84.7,83.6
זיו צפת,95.3,2022-04-27T00:00:00.000Z,95.3,90.6,84.7,84.7,83.6
זיו צפת,95.3,2022-04-27T00:00:00.000Z,95.3,90.6,84.7,84.7,83.6
זיו צפת,95.3,2022-04-27T00:00:00.000Z,95.3,90.6,84.7,84.7,83.6
זיו צפת,95.3,2022-04-27T00:00:00.000Z,95.3,90.6,84.7,84.7,83.6
זיו צפת,95.3,2022-04-27T00:00:00.000Z,95.3,90.6,84.7,84.7,83.6
זיו צפת,95.3,2022-04-27T00:00:00.000Z,95.3,90.6,84.7,84.7,83.6
זיו צפת,95.3,2022-04-27T00:00:00.000Z,95.3,90.6,84.7,84.7,83.6
זיו צפת,95.3,2022-04-27T00:00:00.000Z,95.3,90.6,84.7,84.7,83.6
זיו צפת,95.3,2022-04-27T00:00:00.000Z,95.3,90.6,84.7,84.7,83.6
זיו צפת,95.3,2022-04-27T00:00:00.000Z,95.3,90.6,84.7,84.7,83.6
זיו צפת,95.3,2022-04-27T00:00:00.000Z,95.3,90.6,84.7,84.7,83.6
זיו צפת,95.3,2022-04-27T00:00:00.000Z,95.3,90.6,84.7,84.7,83.6
זיו צפת,95.3,2022-04-27T00:00:00.000Z,95.3,90.6,84.7,84.7,83.6
זיו צפת,95.3,2022-04-27T00:00:00.000Z,95.3,90.6,84.7,84.7,83.6
זיו צפת,95.3,2022-04-27T00:00:00.000Z,95.3,90.6,84.7,84.7,83.6
זיו צפת,95.3,2022-04-27T00:00:00.000Z,95.3,90.6,84.7,84.7,83.6
זיו צפת,95.3,2022-04-27T00:00:00.000Z,95.3,90.6,84.7,84.7,83.6
זיו צפת,95.3,2022-04-27T00:00:00.000Z,95.3,90.6,84.7,84.7,83.6
זיו צפת,95.3,2022-04-27T00:00:00.000Z,95.3,90.6,84.7,84.7,83.6
זיו צפת,95.3,2022-04-27T00:00:00.000Z,95.3,90.6,84.7,84.7,83.6
זיו צפת,95.3,2022-04-27T00:00:00.000Z,95.3,90.6,84.7,84.7,83.6
זיו צפת,95.3,2022-04-27T00:00:00.000Z,95.3,90.6,84.7,84.7,83.6
זיו צפת,95.3,2022-04-27T00:00:00.000Z,95.3,90.6,84.7,84.7,83.6
זיו צפת,95.3,2022-04-27T00:00:00.000Z,95.3,90.6,84.7,84.7,83.6
זיו צפת,95.3,2022-04-27T00:00:00.000Z,95.3,90.6,84.7,84.7,83.6
זיו צפת,95.3,2022-04-27T00:00:00.000Z,95.3,90.6,84.7,84.7,83.6
זיו צפת,95.3,2022-04-27T00:00:00.000Z,95.3,90.6,84.7,84.7,83.6
זיו צפת,95.3,2022-04-27T00:00:00.000Z,95.3,90.6,84.7,84.7,83.6
זיו צפת,95.3,2022-04-27T00:00:00.000Z,95.3,90.6,84.7,84.7,83.6
שמיר,91.5,2022-04-27T00:00:00.000Z,91.5,86.1,73.7,73.7,69.1
שמיר,91.5,2022-04-27T00:00:00.000Z,91.5,86.1,73.7,73.7,69.1
שמיר,91.5,2022-04-27T00:00:00.000Z,91.5,86.1,73.7,73.7,69.1
שמיר,91.5,2022-04-27T00:00:00.000Z,91.5,86.1,73.7,73.7,69.1
שמיר,91.5,2022-04-27T00:00:00.000Z,91.5,86.1,73.7,73.7,69.1
שמיר,91.5,2022-04-27T00:00:00.000Z,91.5,86.1,73.7,73.7,69.1
שמיר,91.5,2022-04-27T00:00:00.000Z,91.5,86.1,73.7,73.7,69.1
שמיר,91.5,2022-04-27T00:00:00.000Z,91.5,86.1,73.7,73.7,69.1
שמיר,91.5,2022-04-27T00:00:00.000Z,91.5,86.1,73.7,73.7,69.1
שמיר,91.5,2022-04-27T00:00:00.000Z,91.5,86.1,73.7,73.7,69.1
שמיר,91.5,2022-04-27T00:00:00.000Z,91.5,86.1,73.7,73.7,69.1
שמיר,91.5,2022-04-27T00:00:00.000Z,91.5,86.1,73.7,73.7,69.1
שמיר,91.5,2022-04-27T00:00:00.000Z,91.5,86.1,73.7,73.7,69.1
שמיר,91.5,2022-04-27T00:00:00.000Z,91.5,86.1,73.7,73.7,69.1
שמיר,91.5,2022-04-27T00:00:00.000Z,91.5,86.1,73.7,73.7,69.1
שמיר,91.5,2022-04-27T00:00:00.000Z,91.5,86.1,73.7,73.7,69.1
שמיר,91.5,2022-04-27T00:00:00.000Z,91.5,86.1,73.7,73.7,69.1
שמיר,91.5,2022-04-27T00:00:00.000Z,91.5,86.1,73.7,73.7,69.1
שמיר,91.5,2022-04-27T00:00:00.000Z,91.5,86.1,73.7,73.7,69.1
שמיר,91.5,2022-04-27T00:00:00.000Z,91.5,86.1,73.7,73.7,69.1
שמיר,91.5,2022-04-27T00:00:00.000Z,91.5,86.1,73.7,73.7,69.1
שמיר,91.5,2022-04-27T00:00:00.000Z,91.5,86.1,73.7,73.7,69.1
שמיר,91.5,2022-04-27T00:00:00.000Z,91.5,86.1,73.7,73.7,69.1
שמיר,91.5,2022-04-27T00:00:00.000Z,91.5,86.1,73.7,73.7,69.1
שמיר,91.5,2022-04-27T00:00:00.000Z,91.5,86.1,73.7,73.7,69.1
שמיר,91.5,2022-04-27T00:00:00.000Z,91.5,86.1,73.7,73.7,69.1
שמיר,91.5,2022-04-27T00:00:00.000Z,91.5,86.1,73.7,73.7,69.1
שמיר,91.5,2022-04-27T00:00:00.000Z,91.5,86.1,73.7,73.7,69.1
שמיר,91.5,2022-04-27T00:00:00.000Z,91.5,86.1,73.7,73.7,69.1
שמיר,91.5,2022-04-27T00:00:00.000Z,91.5,86.1,73.7,73.7,69.1
שמיר,91.5,2022-04-27T00:00:00.000Z,91.5,86.1,73.7,73.7,69.1
שמיר,91.5,2022-04-27T00:00:00.000Z,91.5,86.1,73.7,73.7,69.1
שמיר,91.5,2022-04-27T00:00:00.000Z,91.5,86.1,73.7,73.7,69.1
שמיר,91.5,2022-04-27T00:00:00.000Z,91.5,86.1,73.7,73.7,69.1
שמיר,91.5,2022-04-27T00:00:00.000Z,91.5,86.1,73.7,73.7,69.1
שמיר,91.5,2022-04-27T00:00:00.000Z,91.5,86.1,73.7,73.7,69.1
שמיר,91.5,2022-04-27T00:00:00.000Z,91.5,86.1,73.7,73.7,69.1
שמיר,91.5,2022-04-27T00:00:00.000Z,91.5,86.1,73.7,73.7,69.1
שמיר,91.5,2022-04-27T00:00:00.000Z,91.5,86.1,73.7,73.7,69.1
שמיר,91.5,2022-04-27T00:00:00.000Z,91.5,86.1,73.7,73.7,69.1
שמיר,91.5,2022-04-27T00:00:00.000Z,91.5,86.1,73.7,73.7,69.1
שמיר,91.5,2022-04-27T00:00:00.000Z,91.5,86.1,73.7,73.7,69.1
שמיר,91.5,2022-04-27T00:00:00.000Z,91.5,86.1,73.7,73.7,69.1
שמיר,91.5,2022-04-27T00:00:00.000Z,91.5,86.1,73.7,73.7,69.1
שמיר,91.5,2022-04-27T00:00:00.000Z,91.5,86.1,73.7,73.7,69.1
שמיר,91.5,2022-04-27T00:00:00.000Z,91.5,86.1,73.7,73.7,69.1
שמיר,91.5,2022-04-27T00:00:00.000Z,91.5,86.1,73.7,73.7,69.1
שמיר,91.5,2022-04-27T00:00:00.000Z,91.5,86.1,73.7,73.7,69.1
שמיר,91.5,2022-04-27T00:00:00.000Z,91.5,86.1,73.7,73.7,69.1
שמיר,91.5,2022-04-27T00:00:00.000Z,91.5,86.1,73.7,73.7,69.1
זיו צפת,95.3,2022-04-27T00:00:00.000Z,95.3,90.6,84.7,84.7,83.6
זיו צפת,95.3,2022-04-27T00:00:00.000Z,95.3,90.6,84.7,84.7,83.6
זיו צפת,95.3,2022-04-27T00:00:00.000Z,95.3,90.6,84.7,84.7,83.6
זיו צפת,95.3,2022-04-27T00:00:00.000Z,95.3,90.6,84.7,84.7,83.6
זיו צפת,95.3,2022-04-27T00:00:00.000Z,95.3,90.6,84.7,84.7,83.6
זיו צפת,95.3,2022-04-27T00:00:00.000Z,95.3,90.6,84.7,84.7,83.6
זיו צפת,95.3,2022-04-27T00:00:00.000Z,95.3,90.6,84.7,84.7,83.6
זיו צפת,95.3,2022-04-27T00:00:00.000Z,95.3,90.6,84.7,84.7,83.6
זיו צפת,95.3,2022-04-27T00:00:00.000Z,95.3,90.6,84.7,84.7,83.6
זיו צפת,95.3,2022-04-27T00:00:00.000Z,95.3,90.6,84.7,84.7,83.6
זיו צפת,95.3,2022-04-27T00:00:00.000Z,95.3,90.6,84.7,84.7,83.6
זיו צפת,95.3,2022-04-27T00:00:00.000Z,95.3,90.6,84.7,84.7,83.6
זיו צפת,95.3,2022-04-27T00:00:00.000Z,95.3,90.6,84.7,84.7,83.6
זיו צפת,95.3,2022-04-27T00:00:00.000Z,95.3,90.6,84.7,84.7,83.6
זיו צפת,95.3,2022-04-27T00:00:00.000Z,95.3,90.6,84.7,84.7,83.6
זיו צפת,95.3,2022-04-27T00:00:00.000Z,95.3,90.6,84.7,84.7,83.6
הכרמל,59.4,2022-04-27T00:00:00.000Z,59.4,65.1,78.3,78.3,81.8
הכרמל,59.4,2022-04-27T00:00:00.000Z,59.4,65.1,78.3,78.3,81.8
הכרמל,59.4,2022-04-27T00:00:00.000Z,59.4,65.1,78.3,78.3,81.8
הכרמל,59.4,2022-04-27T00:00:00.000Z,59.4,65.1,78.3,78.3,81.8
הכרמל,59.4,2022-04-27T00:00:00.000Z,59.4,65.1,78.3,78.3,81.8
הכרמל,59.4,2022-04-27T00:00:00.000Z,59.4,65.1,78.3,78.3,81.8
הכרמל,59.4,2022-04-27T00:00:00.000Z,59.4,65.1,78.3,78.3,81.8
הכרמל,59.4,2022-04-27T00:00:00.000Z,59.4,65.1,78.3,78.3,81.8
הכרמל,59.4,2022-04-27T00:00:00.000Z,59.4,65.1,78.3,78.3,81.8
הכרמל,59.4,2022-04-27T00:00:00.000Z,59.4,65.1,78.3,78.3,81.8
הכרמל,59.4,2022-04-27T00:00:00.000Z,59.4,65.1,78.3,78.3,81.8
הכרמל,59.4,2022-04-27T00:00:00.000Z,59.4,65.1,78.3,78.3,81.8
הכרמל,59.4,2022-04-27T00:00:00.000Z,59.4,65.1,78.3,78.3,81.8
הכרמל,59.4,2022-04-27T00:00:00.000Z,59.4,65.1,78.3,78.3,81.8
הכרמל,59.4,2022-04-27T00:00:00.000Z,59.4,65.1,78.3,78.3,81.8
הכרמל,59.4,2022-04-27T00:00:00.000Z,59.4,65.1,78.3,78.3,81.8
הכרמל,59.4,2022-04-27T00:00:00.000Z,59.4,65.1,78.3,78.3,81.8
הכרמל,59.4,2022-04-27T00:00:00.000Z,59.4,65.1,78.3,78.3,81.8
הכרמל,59.4,2022-04-27T00:00:00.000Z,59.4,65.1,78.3,78.3,81.8
הכרמל,59.4,2022-04-27T00:00:00.000Z,59.4,65.1,78.3,78.3,81.8
הכרמל,59.4,2022-04-27T00:00:00.000Z,59.4,65.1,78.3,78.3,81.8
הכרמל,59.4,2022-04-27T00:00:00.000Z,59.4,65.1,78.3,78.3,81.8
הכרמל,59.4,2022-04-27T00:00:00.000Z,59.4,65.1,78.3,78.3,81.8
הכרמל,59.4,2022-04-27T00:00:00.000Z,59.4,65.1,78.3,78.3,81.8
הכרמל,59.4,2022-04-27T00:00:00.000Z,59.4,65.1,78.3,78.3,81.8
הכרמל,59.4,2022-04-27T00:00:00.000Z,59.4,65.1,78.3,78.3,81.8
הכרמל,59.4,2022-04-27T00:00:00.000Z,59.4,65.1,78.3,78.3,81.8
הכרמל,59.4,2022-04-27T00:00:00.000Z,59.4,65.1,78.3,78.3,81.8
הכרמל,59.4,2022-04-27T00:00:00.000Z,59.4,65.1,78.3,78.3,81.8
הכרמל,59.4,2022-04-27T00:00:00.000Z,59.4,65.1,78.3,78.3,81.8
הכרמל,59.4,2022-04-27T00:00:00.000Z,59.4,65.1,78.3,78.3,81.8
הכרמל,59.4,2022-04-27T00:00:00.000Z,59.4,65.1,78.3,78.3,81.8
הכרמל,59.4,2022-04-27T00:00:00.000Z,59.4,65.1,78.3,78.3,81.8
הכרמל,59.4,2022-04-27T00:00:00.000Z,59.4,65.1,78.3,78.3,81.8
וולפסון,78.3,2022-04-27T00:00:00.000Z,87.2,77.9,77.6,77.3,68.9
וולפסון,78.3,2022-04-27T00:00:00.000Z,85.7,80.8,77.6,76.7,70.3
וולפסון,78.3,2022-04-27T00:00:00.000Z,84.7,83.9,77.6,75.5,71.8
וולפסון,78.3,2022-04-27T00:00:00.000Z,84.1,87.2,77.6,75.7,73.2
וולפסון,78.3,2022-04-27T00:00:00.000Z,82.3,90.5,77.6,76.9,74.6
וולפסון,78.3,2022-04-27T00:00:00.000Z,80.6,94.3,77.6,77.7,77.2
וולפסון,78.3,2022-04-27T00:00:00.000Z,79,97.4,77.6,76.7,79.2
וולפסון,78.3,2022-04-27T00:00:00.000Z,78.3,99.6,77.6,77.6,81.6
וולפסון,78.3,2022-04-27T00:00:00.000Z,78.3,99.6,77.6,77.6,81.6
וולפסון,78.3,2022-04-27T00:00:00.000Z,78.3,99.6,77.6,77.6,81.6
וולפסון,78.3,2022-04-27T00:00:00.000Z,78.3,99.6,77.6,77.6,81.6
וולפסון,78.3,2022-04-27T00:00:00.000Z,78.3,99.6,77.6,77.6,81.6
וולפסון,78.3,2022-04-27T00:00:00.000Z,78.3,99.6,77.6,77.6,81.6
וולפסון,78.3,2022-04-27T00:00:00.000Z,78.3,99.6,77.6,77.6,81.6
וולפסון,78.3,2022-04-27T00:00:00.000Z,78.3,99.6,77.6,77.6,81.6
וולפסון,78.3,2022-04-27T00:00:00.000Z,78.3,99.6,77.6,77.6,81.6
וולפסון,78.3,2022-04-27T00:00:00.000Z,78.3,99.6,77.6,77.6,81.6
וולפסון,78.3,2022-04-27T00:00:00.000Z,78.3,99.6,77.6,77.6,81.6
וולפסון,78.3,2022-04-27T00:00:00.000Z,78.3,99.6,77.6,77.6,81.6
וולפסון,78.3,2022-04-27T00:00:00.000Z,78.3,99.6,77.6,77.6,81.6
וולפסון,78.3,2022-04-27T00:00:00.000Z,78.3,99.6,77.6,77.6,81.6
וולפסון,78.3,2022-04-27T00:00:00.000Z,78.3,99.6,77.6,77.6,81.6
וולפסון,78.3,2022-04-27T00:00:00.000Z,78.3,99.6,77.6,77.6,81.6
וולפסון,78.3,2022-04-27T00:00:00.000Z,78.3,99.6,77.6,77.6,81.6
וולפסון,78.3,2022-04-27T00:00:00.000Z,78.3,99.6,77.6,77.6,81.6
וולפסון,78.3,2022-04-27T00:00:00.000Z,78.3,99.6,77.6,77.6,81.6
וולפסון,78.3,2022-04-27T00:00:00.000Z,78.3,99.6,77.6,77.6,81.6
וולפסון,78.3,2022-04-27T00:00:00.000Z,78.3,99.6,77.6,77.6,81.6
וולפסון,78.3,2022-04-27T00:00:00.000Z,78.3,99.6,77.6,77.6,81.6
וולפסון,78.3,2022-04-27T00:00:00.000Z,78.3,99.6,77.6,77.6,81.6
וולפסון,78.3,2022-04-27T00:00:00.000Z,78.3,99.6,77.6,77.6,81.6
וולפסון,78.3,2022-04-27T00:00:00.000Z,78.3,99.6,77.6,77.6,81.6
וולפסון,78.3,2022-04-27T00:00:00.000Z,78.3,99.6,77.6,77.6,81.6
וולפסון,78.3,2022-04-27T00:00:00.000Z,78.3,99.6,77.6,77.6,81.6
הכרמל,59.4,2022-04-27T00:00:00.000Z,59.4,65.1,78.3,78.3,81.8
הכרמל,59.4,2022-04-27T00:00:00.000Z,59.4,65.1,78.3,78.3,81.8
הכרמל,59.4,2022-04-27T00:00:00.000Z,59.4,65.1,78.3,78.3,81.8
הכרמל,59.4,2022-04-27T00:00:00.000Z,59.4,65.1,78.3,78.3,81.8
הכרמל,59.4,2022-04-27T00:00:00.000Z,59.4,65.1,78.3,78.3,81.8
הכרמל,59.4,2022-04-27T00:00:00.000Z,59.4,65.1,78.3,78.3,81.8
הכרמל,59.4,2022-04-27T00:00:00.000Z,59.4,65.1,78.3,78.3,81.8
הכרמל,59.4,2022-04-27T00:00:00.000Z,59.4,65.1,78.3,78.3,81.8
הכרמל,59.4,2022-04-27T00:00:00.000Z,59.4,65.1,78.3,78.3,81.8
הכרמל,59.4,2022-04-27T00:00:00.000Z,59.4,65.1,78.3,78.3,81.8
הכרמל,59.4,2022-04-27T00:00:00.000Z,59.4,65.1,78.3,78.3,81.8
הכרמל,59.4,2022-04-27T00:00:00.000Z,59.4,65.1,78.3,78.3,81.8
הכרמל,59.4,2022-04-27T00:00:00.000Z,59.4,65.1,78.3,78.3,81.8
הכרמל,59.4,2022-04-27T00:00:00.000Z,59.4,65.1,78.3,78.3,81.8
הכרמל,59.4,2022-04-27T00:00:00.000Z,59.4,65.1,78.3,78.3,81.8
הכרמל,59.4,2022-04-27T00:00:00.000Z,59.4,65.1,78.3,78.3,81.8
הכרמל,59.4,2022-04-27T00:00:00.000Z,59.4,65.1,78.3,78.3,81.8
הכרמל,59.4,2022-04-27T00:00:00.000Z,59.4,65.1,78.3,78.3,81.8
הכרמל,59.4,2022-04-27T00:00:00.000Z,59.4,65.1,78.3,78.3,81.8
הכרמל,59.4,2022-04-27T00:00:00.000Z,59.4,65.1,78.3,78.3,81.8
הכרמל,59.4,2022-04-27T00:00:00.000Z,59.4,65.1,78.3,78.3,81.8
הכרמל,59.4,2022-04-27T00:00:00.000Z,59.4,65.1,78.3,78.3,81.8
הכרמל,59.4,2022-04-27T00:00:00.000Z,59.4,65.1,78.3,78.3,81.8
הכרמל,59.4,2022-04-27T00:00:00.000Z,59.4,65.1,78.3,78.3,81.8
הכרמל,59.4,2022-04-27T00:00:00.000Z,59.4,65.1,78.3,78.3,81.8
הכרמל,59.4,2022-04-27T00:00:00.000Z,59.4,65.1,78.3,78.3,81.8
הכרמל,59.4,2022-04-27T00:00:00.000Z,59.4,65.1,78.3,78.3,81.8
הכרמל,59.4,2022-04-27T00:00:00.000Z,59.4,65.1,78.3,78.3,81.8
הכרמל,59.4,2022-04-27T00:00:00.000Z,59.4,65.1,78.3,78.3,81.8
הכרמל,59.4,2022-04-27T00:00:00.000Z,59.4,65.1,78.3,78.3,81.8
הכרמל,59.4,2022-04-27T00:00:00.000Z,59.4,65.1,78.3,78.3,81.8
הכרמל,59.4,2022-04-27T00:00:00.000Z,59.4,65.1,78.3,78.3,81.8
הכרמל,59.4,2022-04-27T00:00:00.000Z,59.4,65.1,78.3,78.3,81.8
הכרמל,59.4,2022-04-27T00:00:00.000Z,59.4,65.1,78.3,78.3,81.8
הכרמל,59.4,2022-04-27T00:00:00.000Z,59.4,65.1,78.3,78.3,81.8
הכרמל,59.4,2022-04-27T00:00:00.000Z,59.4,65.1,78.3,78.3,81.8
הכרמל,59.4,2022-04-27T00:00:00.000Z,59.4,65.1,78.3,78.3,81.8
הכרמל,59.4,2022-04-27T00:00:00.000Z,59.4,65.1,78.3,78.3,81.8
הכרמל,59.4,2022-04-27T00:00:00.000Z,59.4,65.1,78.3,78.3,81.8
הכרמל,59.4,2022-04-27T00:00:00.000Z,59.4,65.1,78.3,78.3,81.8
הכרמל,59.4,2022-04-27T00:00:00.000Z,59.4,65.1,78.3,78.3,81.8
הכרמל,59.4,2022-04-27T00:00:00.000Z,59.4,65.1,78.3,78.3,81.8
הכרמל,59.4,2022-04-27T00:00:00.000Z,59.4,65.1,78.3,78.3,81.8
הכרמל,59.4,2022-04-27T00:00:00.000Z,59.4,65.1,78.3,78.3,81.8
הכרמל,59.4,2022-04-27T00:00:00.000Z,59.4,65.1,78.3,78.3,81.8
הכרמל,59.4,2022-04-27T00:00:00.000Z,59.4,65.1,78.3,78.3,81.8
הכרמל,59.4,2022-04-27T00:00:00.000Z,59.4,65.1,78.3,78.3,81.8
הכרמל,59.4,2022-04-27T00:00:00.000Z,59.4,65.1,78.3,78.3,81.8
הכרמל,59.4,2022-04-27T00:00:00.000Z,59.4,65.1,78.3,78.3,81.8
הכרמל,59.4,2022-04-27T00:00:00.000Z,59.4,65.1,78.3,78.3,81.8
הכרמל,59.4,2022-04-27T00:00:00.000Z,59.4,65.1,78.3,78.3,81.8
הכרמל,59.4,2022-04-27T00:00:00.000Z,59.4,65.1,78.3,78.3,81.8
הכרמל,59.4,2022-04-27T00:00:00.000Z,59.4,65.1,78.3,78.3,81.8
הכרמל,59.4,2022-04-27T00:00:00.000Z,59.4,65.1,78.3,78.3,81.8
הכרמל,59.4,2022-04-27T00:00:00.000Z,59.4,65.1,78.3,78.3,81.8
הכרמל,59.4,2022-04-27T00:00:00.000Z,59.4,65.1,78.3,78.3,81.8
הכרמל,59.4,2022-04-27T00:00:00.000Z,59.4,65.1,78.3,78.3,81.8
הכרמל,59.4,2022-04-27T00:00:00.000Z,59.4,65.1,78.3,78.3,81.8
הכרמל,59.4,2022-04-27T00:00:00.000Z,59.4,65.1,78.3,78.3,81.8
הכרמל,59.4,2022-04-27T00:00:00.000Z,59.4,65.1,78.3,78.3,81.8
הכרמל,59.4,2022-04-27T00:00:00.000Z,59.4,65.1,78.3,78.3,81.8
הכרמל,59.4,2022-04-27T00:00:00.000Z,59.4,65.1,78.3,78.3,81.8
הכרמל,59.4,2022-04-27T00:00:00.000Z,59.4,65.1,78.3,78.3,81.8
הכרמל,59.4,2022-04-27T00:00:00.000Z,59.4,65.1,78.3,78.3,81.8
הכרמל,59.4,2022-04-27T00:00:00.000Z,59.4,65.1,78.3,78.3,81.8
הכרמל,59.4,2022-04-27T00:00:00.000Z,59.4,65.1,78.3,78.3,81.8
הכרמל,59.4,2022-04-27T00:00:00.000Z,59.4,65.1,78.3,78.3,81.8
הכרמל,59.4,2022-04-27T00:00:00.000Z,59.4,65.1,78.3,78.3,81.8
וולפסון,78.3,2022-04-27T00:00:00.000Z,78.3,99.6,77.6,77.6,81.6
וולפסון,78.3,2022-04-27T00:00:00.000Z,78.3,99.6,77.6,77.6,81.6
וולפסון,78.3,2022-04-27T00:00:00.000Z,78.3,99.6,77.6,77.6,81.6
וולפסון,78.3,2022-04-27T00:00:00.000Z,78.3,99.6,77.6,77.6,81.6
וולפסון,78.3,2022-04-27T00:00:00.000Z,78.3,99.6,77.6,77.6,81.6
וולפסון,78.3,2022-04-27T00:00:00.000Z,78.3,99.6,77.6,77.6,81.6
וולפסון,78.3,2022-04-27T00:00:00.000Z,78.3,99.6,77.6,77.6,81.6
וולפסון,78.3,2022-04-27T00:00:00.000Z,78.3,99.6,77.6,77.6,81.6
וולפסון,78.3,2022-04-27T00:00:00.000Z,78.3,99.6,77.6,77.6,81.6
וולפסון,78.3,2022-04-27T00:00:00.000Z,78.3,99.6,77.6,77.6,81.6
וולפסון,78.3,2022-04-27T00:00:00.000Z,78.3,99.6,77.6,77.6,81.6
וולפסון,78.3,2022-04-27T00:00:00.000Z,78.3,99.6,77.6,77.6,81.6
וולפסון,78.3,2022-04-27T00:00:00.000Z,78.3,99.6,77.6,77.6,81.6
וולפסון,78.3,2022-04-27T00:00:00.000Z,78.3,99.6,77.6,77.6,81.6
וולפסון,78.3,2022-04-27T00:00:00.000Z,78.3,99.6,77.6,77.6,81.6
וולפסון,78.3,2022-04-27T00:00:00.000Z,78.3,99.6,77.6,77.6,81.6
וולפסון,78.3,2022-04-27T00:00:00.000Z,78.3,99.6,77.6,77.6,81.6
וולפסון,78.3,2022-04-27T00:00:00.000Z,78.3,99.6,77.6,77.6,81.6
וולפסון,78.3,2022-04-27T00:00:00.000Z,78.3,99.6,77.6,77.6,81.6
וולפסון,78.3,2022-04-27T00:00:00.000Z,78.3,99.6,77.6,77.6,81.6
וולפסון,78.3,2022-04-27T00:00:00.000Z,78.3,99.6,77.6,77.6,81.6
וולפסון,78.3,2022-04-27T00:00:00.000Z,78.3,99.6,77.6,77.6,81.6
וולפסון,78.3,2022-04-27T00:00:00.000Z,78.3,99.6,77.6,77.6,81.6
וולפסון,78.3,2022-04-27T00:00:00.000Z,78.3,99.6,77.6,77.6,81.6
וולפסון,78.3,2022-04-27T00:00:00.000Z,78.3,99.6,77.6,77.6,81.6
וולפסון,78.3,2022-04-27T00:00:00.000Z,78.3,99.6,77.6,77.6,81.6
וולפסון,78.3,2022-04-27T00:00:00.000Z,78.3,99.6,77.6,77.6,81.6
וולפסון,78.3,2022-04-27T00:00:00.000Z,78.3,99.6,77.6,77.6,81.6
וולפסון,78.3,2022-04-27T00:00:00.000Z,78.3,99.6,77.6,77.6,81.6
וולפסון,78.3,2022-04-27T00:00:00.000Z,78.3,99.6,77.6,77.6,81.6
וולפסון,78.3,2022-04-27T00:00:00.000Z,78.3,99.6,77.6,77.6,81.6
וולפסון,78.3,2022-04-27T00:00:00.000Z,78.3,99.6,77.6,77.6,81.6
וולפסון,78.3,2022-04-27T00:00:00.000Z,78.3,99.6,77.6,77.6,81.6
וולפסון,78.3,2022-04-27T00:00:00.000Z,78.3,99.6,77.6,77.6,81.6
וולפסון,78.3,2022-04-27T00:00:00.000Z,78.3,99.6,77.6,77.6,81.6
וולפסון,78.3,2022-04-27T00:00:00.000Z,78.3,99.6,77.6,77.6,81.6
וולפסון,78.3,2022-04-27T00:00:00.000Z,78.3,99.6,77.6,77.6,81.6
וולפסון,78.3,2022-04-27T00:00:00.000Z,78.3,99.6,77.6,77.6,81.6
וולפסון,78.3,2022-04-27T00:00:00.000Z,78.3,99.6,77.6,77.6,81.6
וולפסון,78.3,2022-04-27T00:00:00.000Z,78.3,99.6,77.6,77.6,81.6
וולפסון,78.3,2022-04-27T00:00:00.000Z,78.3,99.6,77.6,77.6,81.6
וולפסון,78.3,2022-04-27T00:00:00.000Z,78.3,99.6,77.6,77.6,81.6
וולפסון,78.3,2022-04-27T00:00:00.000Z,78.3,99.6,77.6,77.6,81.6
וולפסון,78.3,2022-04-27T00:00:00.000Z,78.3,99.6,77.6,77.6,81.6
וולפסון,78.3,2022-04-27T00:00:00.000Z,78.3,99.6,77.6,77.6,81.6
וולפסון,78.3,2022-04-27T00:00:00.000Z,78.3,99.6,77.6,77.6,81.6
וולפסון,78.3,2022-04-27T00:00:00.000Z,78.3,99.6,77.6,77.6,81.6
וולפסון,78.3,2022-04-27T00:00:00.000Z,78.3,99.6,77.6,77.6,81.6
וולפסון,78.3,2022-04-27T00:00:00.000Z,78.3,99.6,77.6,77.6,81.6
וולפסון,78.3,2022-04-27T00:00:00.000Z,78.3,99.6,77.6,77.6,81.6
וולפסון,78.3,2022-04-27T00:00:00.000Z,78.3,99.6,77.6,77.6,81.6
וולפסון,78.3,2022-04-27T00:00:00.000Z,78.3,99.6,77.6,77.6,81.6
וולפסון,78.3,2022-04-27T00:00:00.000Z,78.3,99.6,77.6,77.6,81.6
וולפסון,78.3,2022-04-27T00:00:00.000Z,78.3,99.6,77.6,77.6,81.6
וולפסון,78.3,2022-04-27T00:00:00.000Z,78.3,99.6,77.6,77.6,81.6
וולפסון,78.3,2022-04-27T00:00:00.000Z,78.3,99.6,77.6,77.6,81.6
וולפסון,78.3,2022-04-27T00:00:00.000Z,78.3,99.6,77.6,77.6,81.6
וולפסון,78.3,2022-04-27T00:00:00.000Z,78.3,99.6,77.6,77.6,81.6
וולפסון,78.3,2022-04-27T00:00:00.000Z,78.3,99.6,77.6,77.6,81.6
וולפסון,78.3,2022-04-27T00:00:00.000Z,78.3,99.6,77.6,77.6,81.6
וולפסון,78.3,2022-04-27T00:00:00.000Z,78.3,99.6,77.6,77.6,81.6
וולפסון,78.3,2022-04-27T00:00:00.000Z,78.3,99.6,77.6,77.6,81.6
וולפסון,78.3,2022-04-27T00:00:00.000Z,78.3,99.6,77.6,77.6,81.6
וולפסון,78.3,2022-04-27T00:00:00.000Z,78.3,99.6,77.6,77.6,81.6
וולפסון,78.3,2022-04-27T00:00:00.000Z,78.3,99.6,77.6,77.6,81.6
וולפסון,78.3,2022-04-27T00:00:00.000Z,78.3,99.6,77.6,77.6,81.6
וולפסון,78.3,2022-04-27T00:00:00.000Z,78.3,99.6,77.6,77.6,81.6
וולפסון,78.3,2022-04-27T00:00:00.000Z,78.3,99.6,77.6,77.6,81.6
הכרמל,59.4,2022-04-27T00:00:00.000Z,59.4,65.1,78.3,78.3,81.8
הכרמל,59.4,2022-04-27T00:00:00.000Z,59.4,65.1,78.3,78.3,81.8
הכרמל,59.4,2022-04-27T00:00:00.000Z,59.4,65.1,78.3,78.3,81.8
הכרמל,59.4,2022-04-27T00:00:00.000Z,59.4,65.1,78.3,78.3,81.8
הכרמל,59.4,2022-04-27T00:00:00.000Z,59.4,65.1,78.3,78.3,81.8
הכרמל,59.4,2022-04-27T00:00:00.000Z,59.4,65.1,78.3,78.3,81.8
הכרמל,59.4,2022-04-27T00:00:00.000Z,59.4,65.1,78.3,78.3,81.8
הכרמל,59.4,2022-04-27T00:00:00.000Z,59.4,65.1,78.3,78.3,81.8
הכרמל,59.4,2022-04-27T00:00:00.000Z,59.4,65.1,78.3,78.3,81.8
הכרמל,59.4,2022-04-27T00:00:00.000Z,59.4,65.1,78.3,78.3,81.8
הכרמל,59.4,2022-04-27T00:00:00.000Z,59.4,65.1,78.3,78.3,81.8
הכרמל,59.4,2022-04-27T00:00:00.000Z,59.4,65.1,78.3,78.3,81.8
הכרמל,59.4,2022-04-27T00:00:00.000Z,59.4,65.1,78.3,78.3,81.8
הכרמל,59.4,2022-04-27T00:00:00.000Z,59.4,65.1,78.3,78.3,81.8
הכרמל,59.4,2022-04-27T00:00:00.000Z,59.4,65.1,78.3,78.3,81.8
הכרמל,59.4,2022-04-27T00:00:00.000Z,59.4,65.1,78.3,78.3,81.8
הכרמל,59.4,2022-04-27T00:00:00.000Z,59.4,65.1,78.3,78.3,81.8
הכרמל,59.4,2022-04-27T00:00:00.000Z,59.4,65.1,78.3,78.3,81.8
הכרמל,59.4,2022-04-27T00:00:00.000Z,59.4,65.1,78.3,78.3,81.8
הכרמל,59.4,2022-04-27T00:00:00.000Z,59.4,65.1,78.3,78.3,81.8
הכרמל,59.4,2022-04-27T00:00:00.000Z,59.4,65.1,78.3,78.3,81.8
הכרמל,59.4,2022-04-27T00:00:00.000Z,59.4,65.1,78.3,78.3,81.8
הכרמל,59.4,2022-04-27T00:00:00.000Z,59.4,65.1,78.3,78.3,81.8
הכרמל,59.4,2022-04-27T00:00:00.000Z,59.4,65.1,78.3,78.3,81.8
הכרמל,59.4,2022-04-27T00:00:00.000Z,59.4,65.1,78.3,78.3,81.8
הכרמל,59.4,2022-04-27T00:00:00.000Z,59.4,65.1,78.3,78.3,81.8
הכרמל,59.4,2022-04-27T00:00:00.000Z,59.4,65.1,78.3,78.3,81.8
הכרמל,59.4,2022-04-27T00:00:00.000Z,59.4,65.1,78.3,78.3,81.8
הכרמל,59.4,2022-04-27T00:00:00.000Z,59.4,65.1,78.3,78.3,81.8
הכרמל,59.4,2022-04-27T00:00:00.000Z,59.4,65.1,78.3,78.3,81.8
הכרמל,59.4,2022-04-27T00:00:00.000Z,59.4,65.1,78.3,78.3,81.8
הכרמל,59.4,2022-04-27T00:00:00.000Z,59.4,65.1,78.3,78.3,81.8
הדסה הר הצופים,77.8,2022-04-27T00:00:00.000Z,77.8,91.7,85.8,85.8,85.8
הדסה הר הצופים,77.8,2022-04-27T00:00:00.000Z,77.8,91.7,85.8,85.8,85.8
הדסה הר הצופים,77.8,2022-04-27T00:00:00.000Z,77.8,91.7,85.8,85.8,85.8
הדסה הר הצופים,77.8,2022-04-27T00:00:00.000Z,77.8,91.7,85.8,85.8,85.8
הדסה הר הצופים,77.8,2022-04-27T00:00:00.000Z,77.8,91.7,85.8,85.8,85.8
הדסה הר הצופים,77.8,2022-04-27T00:00:00.000Z,77.8,91.7,85.8,85.8,85.8
הדסה הר הצופים,77.8,2022-04-27T00:00:00.000Z,77.8,91.7,85.8,85.8,85.8
הדסה הר הצופים,77.8,2022-04-27T00:00:00.000Z,77.8,91.7,85.8,85.8,85.8
הדסה הר הצופים,77.8,2022-04-27T00:00:00.000Z,77.8,91.7,85.8,85.8,85.8
הדסה הר הצופים,77.8,2022-04-27T00:00:00.000Z,77.8,91.7,85.8,85.8,85.8
הדסה הר הצופים,77.8,2022-04-27T00:00:00.000Z,77.8,91.7,85.8,85.8,85.8
הדסה הר הצופים,77.8,2022-04-27T00:00:00.000Z,77.8,91.7,85.8,85.8,85.8
הדסה הר הצופים,77.8,2022-04-27T00:00:00.000Z,77.8,91.7,85.8,85.8,85.8
הדסה הר הצופים,77.8,2022-04-27T00:00:00.000Z,77.8,91.7,85.8,85.8,85.8
הדסה הר הצופים,77.8,2022-04-27T00:00:00.000Z,77.8,91.7,85.8,85.8,85.8
הדסה הר הצופים,77.8,2022-04-27T00:00:00.000Z,77.8,91.7,85.8,85.8,85.8
הדסה הר הצופים,77.8,2022-04-27T00:00:00.000Z,77.8,91.7,85.8,85.8,85.8
הדסה הר הצופים,77.8,2022-04-27T00:00:00.000Z,77.8,91.7,85.8,85.8,85.8
הדסה הר הצופים,77.8,2022-04-27T00:00:00.000Z,77.8,91.7,85.8,85.8,85.8
הדסה הר הצופים,77.8,2022-04-27T00:00:00.000Z,77.8,91.7,85.8,85.8,85.8
הדסה הר הצופים,77.8,2022-04-27T00:00:00.000Z,77.8,91.7,85.8,85.8,85.8
הדסה הר הצופים,77.8,2022-04-27T00:00:00.000Z,77.8,91.7,85.8,85.8,85.8
הדסה הר הצופים,77.8,2022-04-27T00:00:00.000Z,77.8,91.7,85.8,85.8,85.8
הדסה הר הצופים,77.8,2022-04-27T00:00:00.000Z,77.8,91.7,85.8,85.8,85.8
הדסה הר הצופים,77.8,2022-04-27T00:00:00.000Z,77.8,91.7,85.8,85.8,85.8
הדסה הר הצופים,77.8,2022-04-27T00:00:00.000Z,77.8,91.7,85.8,85.8,85.8
הדסה הר הצופים,77.8,2022-04-27T00:00:00.000Z,77.8,91.7,85.8,85.8,85.8
הדסה הר הצופים,77.8,2022-04-27T00:00:00.000Z,77.8,91.7,85.8,85.8,85.8
הדסה הר הצופים,77.8,2022-04-27T00:00:00.000Z,77.8,91.7,85.8,85.8,85.8
הדסה הר הצופים,77.8,2022-04-27T00:00:00.000Z,77.8,91.7,85.8,85.8,85.8
הדסה הר הצופים,77.8,2022-04-27T00:00:00.000Z,77.8,91.7,85.8,85.8,85.8
הדסה הר הצופים,77.8,2022-04-27T00:00:00.000Z,77.8,91.7,85.8,85.8,85.8
הדסה הר הצופים,77.8,2022-04-27T00:00:00.000Z,77.8,91.7,85.8,85.8,85.8
הדסה הר הצופים,77.8,2022-04-27T00:00:00.000Z,77.8,91.7,85.8,85.8,85.8
הדסה הר הצופים,77.8,2022-04-27T00:00:00.000Z,77.8,91.7,85.8,85.8,85.8
הדסה הר הצופים,77.8,2022-04-27T00:00:00.000Z,77.8,91.7,85.8,85.8,85.8
הדסה הר הצופים,77.8,2022-04-27T00:00:00.000Z,77.8,91.7,85.8,85.8,85.8
הדסה הר הצופים,77.8,2022-04-27T00:00:00.000Z,77.8,91.7,85.8,85.8,85.8
הדסה הר הצופים,77.8,2022-04-27T00:00:00.000Z,77.8,91.7,85.8,85.8,85.8
הדסה הר הצופים,77.8,2022-04-27T00:00:00.000Z,77.8,91.7,85.8,85.8,85.8
הדסה הר הצופים,77.8,2022-04-27T00:00:00.000Z,77.8,91.7,85.8,85.8,85.8
הדסה הר הצופים,77.8,2022-04-27T00:00:00.000Z,77.8,91.7,85.8,85.8,85.8
הדסה הר הצופים,77.8,2022-04-27T00:00:00.000Z,77.8,91.7,85.8,85.8,85.8
הדסה הר הצופים,77.8,2022-04-27T00:00:00.000Z,77.8,91.7,85.8,85.8,85.8
הדסה הר הצופים,77.8,2022-04-27T00:00:00.000Z,77.8,91.7,85.8,85.8,85.8
הדסה הר הצופים,77.8,2022-04-27T00:00:00.000Z,77.8,91.7,85.8,85.8,85.8
הדסה הר הצופים,77.8,2022-04-27T00:00:00.000Z,77.8,91.7,85.8,85.8,85.8
הדסה הר הצופים,77.8,2022-04-27T00:00:00.000Z,77.8,91.7,85.8,85.8,85.8
הדסה הר הצופים,77.8,2022-04-27T00:00:00.000Z,77.8,91.7,85.8,85.8,85.8
הדסה הר הצופים,77.8,2022-04-27T00:00:00.000Z,77.8,91.7,85.8,85.8,85.8
הדסה הר הצופים,77.8,2022-04-27T00:00:00.000Z,77.8,91.7,85.8,85.8,85.8
הדסה הר הצופים,77.8,2022-04-27T00:00:00.000Z,77.8,91.7,85.8,85.8,85.8
הדסה הר הצופים,77.8,2022-04-27T00:00:00.000Z,77.8,91.7,85.8,85.8,85.8
הדסה הר הצופים,77.8,2022-04-27T00:00:00.000Z,77.8,91.7,85.8,85.8,85.8
הדסה הר הצופים,77.8,2022-04-27T00:00:00.000Z,77.8,91.7,85.8,85.8,85.8
הדסה הר הצופים,77.8,2022-04-27T00:00:00.000Z,77.8,91.7,85.8,85.8,85.8
הדסה הר הצופים,77.8,2022-04-27T00:00:00.000Z,77.8,91.7,85.8,85.8,85.8
הדסה הר הצופים,77.8,2022-04-27T00:00:00.000Z,77.8,91.7,85.8,85.8,85.8
הדסה הר הצופים,77.8,2022-04-27T00:00:00.000Z,77.8,91.7,85.8,85.8,85.8
הדסה הר הצופים,77.8,2022-04-27T00:00:00.000Z,77.8,91.7,85.8,85.8,85.8
הדסה הר הצופים,77.8,2022-04-27T00:00:00.000Z,77.8,91.7,85.8,85.8,85.8
הדסה הר הצופים,77.8,2022-04-27T00:00:00.000Z,77.8,91.7,85.8,85.8,85.8
הדסה הר הצופים,77.8,2022-04-27T00:00:00.000Z,77.8,91.7,85.8,85.8,85.8
הדסה הר הצופים,77.8,2022-04-27T00:00:00.000Z,77.8,91.7,85.8,85.8,85.8
הדסה הר הצופים,77.8,2022-04-27T00:00:00.000Z,77.8,91.7,85.8,85.8,85.8
הדסה הר הצופים,77.8,2022-04-27T00:00:00.000Z,77.8,91.7,85.8,85.8,85.8
הדסה הר הצופים,77.8,2022-04-27T00:00:00.000Z,77.8,91.7,85.8,85.8,85.8
הדסה הר הצופים,77.8,2022-04-27T00:00:00.000Z,77.8,91.7,85.8,85.8,85.8
הדסה הר הצופים,77.8,2022-04-27T00:00:00.000Z,77.8,91.7,85.8,85.8,85.8
הדסה הר הצופים,77.8,2022-04-27T00:00:00.000Z,77.8,91.7,85.8,85.8,85.8
הדסה הר הצופים,77.8,2022-04-27T00:00:00.000Z,77.8,91.7,85.8,85.8,85.8
הדסה הר הצופים,77.8,2022-04-27T00:00:00.000Z,77.8,91.7,85.8,85.8,85.8
הדסה הר הצופים,77.8,2022-04-27T00:00:00.000Z,77.8,91.7,85.8,85.8,85.8
הדסה הר הצופים,77.8,2022-04-27T00:00:00.000Z,77.8,91.7,85.8,85.8,85.8
הדסה הר הצופים,77.8,2022-04-27T00:00:00.000Z,77.8,91.7,85.8,85.8,85.8
הדסה הר הצופים,77.8,2022-04-27T00:00:00.000Z,77.8,91.7,85.8,85.8,85.8
הדסה הר הצופים,77.8,2022-04-27T00:00:00.000Z,77.8,91.7,85.8,85.8,85.8
הדסה הר הצופים,77.8,2022-04-27T00:00:00.000Z,77.8,91.7,85.8,85.8,85.8
הדסה הר הצופים,77.8,2022-04-27T00:00:00.000Z,77.8,91.7,85.8,85.8,85.8
הדסה הר הצופים,77.8,2022-04-27T00:00:00.000Z,77.8,91.7,85.8,85.8,85.8
הדסה הר הצופים,77.8,2022-04-27T00:00:00.000Z,77.8,91.7,85.8,85.8,85.8
הדסה הר הצופים,77.8,2022-04-27T00:00:00.000Z,77.8,91.7,85.8,85.8,85.8
הדסה הר הצופים,77.8,2022-04-27T00:00:00.000Z,77.8,91.7,85.8,85.8,85.8
הדסה הר הצופים,77.8,2022-04-27T00:00:00.000Z,77.8,91.7,85.8,85.8,85.8
הדסה הר הצופים,77.8,2022-04-27T00:00:00.000Z,77.8,91.7,85.8,85.8,85.8
הדסה הר הצופים,77.8,2022-04-27T00:00:00.000Z,77.8,91.7,85.8,85.8,85.8
הדסה הר הצופים,77.8,2022-04-27T00:00:00.000Z,77.8,91.7,85.8,85.8,85.8
הדסה הר הצופים,77.8,2022-04-27T00:00:00.000Z,77.8,91.7,85.8,85.8,85.8
הדסה הר הצופים,77.8,2022-04-27T00:00:00.000Z,77.8,91.7,85.8,85.8,85.8
הדסה הר הצופים,77.8,2022-04-27T00:00:00.000Z,77.8,91.7,85.8,85.8,85.8
הדסה הר הצופים,77.8,2022-04-27T00:00:00.000Z,77.8,91.7,85.8,85.8,85.8
הדסה הר הצופים,77.8,2022-04-27T00:00:00.000Z,77.8,91.7,85.8,85.8,85.8
הדסה הר הצופים,77.8,2022-04-27T00:00:00.000Z,77.8,91.7,85.8,85.8,85.8
הדסה הר הצופים,77.8,2022-04-27T00:00:00.000Z,77.8,91.7,85.8,85.8,85.8
הדסה הר הצופים,77.8,2022-04-27T00:00:00.000Z,77.8,91.7,85.8,85.8,85.8
הדסה הר הצופים,77.8,2022-04-27T00:00:00.000Z,77.8,91.7,85.8,85.8,85.8
הדסה הר הצופים,77.8,2022-04-27T00:00:00.000Z,77.8,91.7,85.8,85.8,85.8
הדסה הר הצופים,77.8,2022-04-27T00:00:00.000Z,77.8,91.7,85.8,85.8,85.8
הדסה הר הצופים,77.8,2022-04-27T00:00:00.000Z,77.8,91.7,85.8,85.8,85.8
הדסה הר הצופים,77.8,2022-04-27T00:00:00.000Z,77.8,91.7,85.8,85.8,85.8
הדסה הר הצופים,77.8,2022-04-27T00:00:00.000Z,77.8,91.7,85.8,85.8,85.8
הדסה הר הצופים,77.8,2022-04-27T00:00:00.000Z,77.8,91.7,85.8,85.8,85.8
הדסה הר הצופים,77.8,2022-04-27T00:00:00.000Z,77.8,91.7,85.8,85.8,85.8
הדסה הר הצופים,77.8,2022-04-27T00:00:00.000Z,77.8,91.7,85.8,85.8,85.8
הדסה הר הצופים,77.8,2022-04-27T00:00:00.000Z,77.8,91.7,85.8,85.8,85.8
הדסה הר הצופים,77.8,2022-04-27T00:00:00.000Z,77.8,91.7,85.8,85.8,85.8
הדסה הר הצופים,77.8,2022-04-27T00:00:00.000Z,77.8,91.7,85.8,85.8,85.8
הדסה הר הצופים,77.8,2022-04-27T00:00:00.000Z,77.8,91.7,85.8,85.8,85.8
הדסה הר הצופים,77.8,2022-04-27T00:00:00.000Z,77.8,91.7,85.8,85.8,85.8
הדסה הר הצופים,77.8,2022-04-27T00:00:00.000Z,77.8,91.7,85.8,85.8,85.8
הדסה הר הצופים,77.8,2022-04-27T00:00:00.000Z,77.8,91.7,85.8,85.8,85.8
הדסה הר הצופים,77.8,2022-04-27T00:00:00.000Z,77.8,91.7,85.8,85.8,85.8
הדסה הר הצופים,77.8,2022-04-27T00:00:00.000Z,77.8,91.7,85.8,85.8,85.8
הדסה הר הצופים,77.8,2022-04-27T00:00:00.000Z,77.8,91.7,85.8,85.8,85.8
הדסה הר הצופים,77.8,2022-04-27T00:00:00.000Z,77.8,91.7,85.8,85.8,85.8
הדסה הר הצופים,77.8,2022-04-27T00:00:00.000Z,77.8,91.7,85.8,85.8,85.8
הדסה הר הצופים,77.8,2022-04-27T00:00:00.000Z,77.8,91.7,85.8,85.8,85.8
הדסה הר הצופים,77.8,2022-04-27T00:00:00.000Z,77.8,91.7,85.8,85.8,85.8
הדסה הר הצופים,77.8,2022-04-27T00:00:00.000Z,77.8,91.7,85.8,85.8,85.8
הדסה הר הצופים,77.8,2022-04-27T00:00:00.000Z,77.8,91.7,85.8,85.8,85.8
הדסה הר הצופים,77.8,2022-04-27T00:00:00.000Z,77.8,91.7,85.8,85.8,85.8
הדסה הר הצופים,77.8,2022-04-27T00:00:00.000Z,77.8,91.7,85.8,85.8,85.8
הדסה הר הצופים,77.8,2022-04-27T00:00:00.000Z,77.8,91.7,85.8,85.8,85.8
הדסה הר הצופים,77.8,2022-04-27T00:00:00.000Z,77.8,91.7,85.8,85.8,85.8
הדסה הר הצופים,77.8,2022-04-27T00:00:00.000Z,77.8,91.7,85.8,85.8,85.8
הדסה הר הצופים,77.8,2022-04-27T00:00:00.000Z,77.8,91.7,85.8,85.8,85.8
הדסה הר הצופים,77.8,2022-04-27T00:00:00.000Z,77.8,91.7,85.8,85.8,85.8
הדסה הר הצופים,77.8,2022-04-27T00:00:00.000Z,77.8,91.7,85.8,85.8,85.8
הדסה הר הצופים,77.8,2022-04-27T00:00:00.000Z,77.8,91.7,85.8,85.8,85.8
הדסה הר הצופים,77.8,2022-04-27T00:00:00.000Z,77.8,91.7,85.8,85.8,85.8
הדסה הר הצופים,77.8,2022-04-27T00:00:00.000Z,77.8,91.7,85.8,85.8,85.8
הדסה הר הצופים,77.8,2022-04-27T00:00:00.000Z,77.8,91.7,85.8,85.8,85.8
הדסה הר הצופים,77.8,2022-04-27T00:00:00.000Z,77.8,91.7,85.8,85.8,85.8
הדסה הר הצופים,77.8,2022-04-27T00:00:00.000Z,77.8,91.7,85.8,85.8,85.8
הדסה הר הצופים,77.8,2022-04-27T00:00:00.000Z,77.8,91.7,85.8,85.8,85.8
הדסה הר הצופים,77.8,2022-04-27T00:00:00.000Z,77.8,91.7,85.8,85.8,85.8
הדסה הר הצופים,77.8,2022-04-27T00:00:00.000Z,77.8,91.7,85.8,85.8,85.8
הדסה הר הצופים,77.8,2022-04-27T00:00:00.000Z,77.8,91.7,85.8,85.8,85.8
הדסה הר הצופים,77.8,2022-04-27T00:00:00.000Z,77.8,91.7,85.8,85.8,85.8
הדסה הר הצופים,77.8,2022-04-27T00:00:00.000Z,77.8,91.7,85.8,85.8,85.8
הדסה הר הצופים,77.8,2022-04-27T00:00:00.000Z,77.8,91.7,85.8,85.8,85.8
הדסה הר הצופים,77.8,2022-04-27T00:00:00.000Z,77.8,91.7,85.8,85.8,85.8
הדסה הר הצופים,77.8,2022-04-27T00:00:00.000Z,77.8,91.7,85.8,85.8,85.8
הדסה הר הצופים,77.8,2022-04-27T00:00:00.000Z,77.8,91.7,85.8,85.8,85.8
הדסה הר הצופים,77.8,2022-04-27T00:00:00.000Z,77.8,91.7,85.8,85.8,85.8
הדסה הר הצופים,77.8,2022-04-27T00:00:00.000Z,77.8,91.7,85.8,85.8,85.8
הדסה הר הצופים,77.8,2022-04-27T00:00:00.000Z,77.8,91.7,85.8,85.8,85.8
הדסה הר הצופים,77.8,2022-04-27T00:00:00.000Z,77.8,91.7,85.8,85.8,85.8
הדסה הר הצופים,77.8,2022-04-27T00:00:00.000Z,77.8,91.7,85.8,85.8,85.8
הדסה הר הצופים,77.8,2022-04-27T00:00:00.000Z,77.8,91.7,85.8,85.8,85.8
הדסה הר הצופים,77.8,2022-04-27T00:00:00.000Z,77.8,91.7,85.8,85.8,85.8
הדסה הר הצופים,77.8,2022-04-27T00:00:00.000Z,77.8,91.7,85.8,85.8,85.8
הדסה הר הצופים,77.8,2022-04-27T00:00:00.000Z,77.8,91.7,85.8,85.8,85.8
הדסה הר הצופים,77.8,2022-04-27T00:00:00.000Z,77.8,91.7,85.8,85.8,85.8
הדסה הר הצופים,77.8,2022-04-27T00:00:00.000Z,77.8,91.7,85.8,85.8,85.8
הדסה הר הצופים,77.8,2022-04-27T00:00:00.000Z,77.8,91.7,85.8,85.8,85.8
הדסה הר הצופים,77.8,2022-04-27T00:00:00.000Z,77.8,91.7,85.8,85.8,85.8
הדסה הר הצופים,77.8,2022-04-27T00:00:00.000Z,77.8,91.7,85.8,85.8,85.8
הדסה הר הצופים,77.8,2022-04-27T00:00:00.000Z,77.8,91.7,85.8,85.8,85.8
הדסה הר הצופים,77.8,2022-04-27T00:00:00.000Z,77.8,91.7,85.8,85.8,85.8
הדסה הר הצופים,77.8,2022-04-27T00:00:00.000Z,77.8,91.7,85.8,85.8,85.8
הדסה הר הצופים,77.8,2022-04-27T00:00:00.000Z,77.8,91.7,85.8,85.8,85.8
הדסה הר הצופים,77.8,2022-04-27T00:00:00.000Z,77.8,91.7,85.8,85.8,85.8
הדסה הר הצופים,77.8,2022-04-27T00:00:00.000Z,77.8,91.7,85.8,85.8,85.8
הדסה הר הצופים,77.8,2022-04-27T00:00:00.000Z,77.8,91.7,85.8,85.8,85.8
הדסה הר הצופים,77.8,2022-04-27T00:00:00.000Z,77.8,91.7,85.8,85.8,85.8
הדסה הר הצופים,77.8,2022-04-27T00:00:00.000Z,77.8,91.7,85.8,85.8,85.8
הדסה הר הצופים,77.8,2022-04-27T00:00:00.000Z,77.8,91.7,85.8,85.8,85.8
הדסה הר הצופים,77.8,2022-04-27T00:00:00.000Z,77.8,91.7,85.8,85.8,85.8
הדסה הר הצופים,77.8,2022-04-27T00:00:00.000Z,77.8,91.7,85.8,85.8,85.8
הדסה הר הצופים,77.8,2022-04-27T00:00:00.000Z,77.8,91.7,85.8,85.8,85.8
הדסה הר הצופים,77.8,2022-04-27T00:00:00.000Z,77.8,91.7,85.8,85.8,85.8
הדסה הר הצופים,77.8,2022-04-27T00:00:00.000Z,77.8,91.7,85.8,85.8,85.8
הדסה הר הצופים,77.8,2022-04-27T00:00:00.000Z,77.8,91.7,85.8,85.8,85.8
הדסה הר הצופים,77.8,2022-04-27T00:00:00.000Z,77.8,91.7,85.8,85.8,85.8
הדסה הר הצופים,77.8,2022-04-27T00:00:00.000Z,77.8,91.7,85.8,85.8,85.8
הדסה הר הצופים,77.8,2022-04-27T00:00:00.000Z,77.8,91.7,85.8,85.8,85.8
הדסה הר הצופים,77.8,2022-04-27T00:00:00.000Z,77.8,91.7,85.8,85.8,85.8
הדסה הר הצופים,77.8,2022-04-27T00:00:00.000Z,77.8,91.7,85.8,85.8,85.8
הדסה הר הצופים,77.8,2022-04-27T00:00:00.000Z,77.8,91.7,85.8,85.8,85.8
הדסה הר הצופים,77.8,2022-04-27T00:00:00.000Z,77.8,91.7,85.8,85.8,85.8
הדסה הר הצופים,77.8,2022-04-27T00:00:00.000Z,77.8,91.7,85.8,85.8,85.8
הדסה הר הצופים,77.8,2022-04-27T00:00:00.000Z,77.8,91.7,85.8,85.8,85.8
הדסה הר הצופים,77.8,2022-04-27T00:00:00.000Z,77.8,91.7,85.8,85.8,85.8
הדסה הר הצופים,77.8,2022-04-27T00:00:00.000Z,77.8,91.7,85.8,85.8,85.8
הדסה הר הצופים,77.8,2022-04-27T00:00:00.000Z,77.8,91.7,85.8,85.8,85.8
הדסה הר הצופים,77.8,2022-04-27T00:00:00.000Z,77.8,91.7,85.8,85.8,85.8
הדסה הר הצופים,77.8,2022-04-27T00:00:00.000Z,77.8,91.7,85.8,85.8,85.8
הדסה הר הצופים,77.8,2022-04-27T00:00:00.000Z,77.8,91.7,85.8,85.8,85.8
הדסה הר הצופים,77.8,2022-04-27T00:00:00.000Z,77.8,91.7,85.8,85.8,85.8
הדסה הר הצופים,77.8,2022-04-27T00:00:00.000Z,77.8,91.7,85.8,85.8,85.8
הדסה הר הצופים,77.8,2022-04-27T00:00:00.000Z,77.8,91.7,85.8,85.8,85.8
הדסה הר הצופים,77.8,2022-04-27T00:00:00.000Z,77.8,91.7,85.8,85.8,85.8
הדסה הר הצופים,77.8,2022-04-27T00:00:00.000Z,77.8,91.7,85.8,85.8,85.8
המשפחה הקדושה,172.4,2022-04-27T00:00:00.000Z,170.4,158.6,118.1,115.1,116.9
המשפחה הקדושה,172.4,2022-04-27T00:00:00.000Z,171.4,158.6,118.1,116.6,116.9
המשפחה הקדושה,172.4,2022-04-27T00:00:00.000Z,172.4,158.6,118.1,118.1,116.7
המשפחה הקדושה,172.4,2022-04-27T00:00:00.000Z,172.4,158.6,118.1,118.1,116.5
המשפחה הקדושה,172.4,2022-04-27T00:00:00.000Z,172.4,158.6,118.1,118.1,116.5
המשפחה הקדושה,172.4,2022-04-27T00:00:00.000Z,172.4,158.6,118.1,118.1,116.5
המשפחה הקדושה,172.4,2022-04-27T00:00:00.000Z,172.4,,118.1,118.1,
המשפחה הקדושה,172.4,2022-04-27T00:00:00.000Z,172.4,,118.1,118.1,
המשפחה הקדושה,172.4,2022-04-27T00:00:00.000Z,172.4,,118.1,118.1,
המשפחה הקדושה,172.4,2022-04-27T00:00:00.000Z,172.4,,118.1,118.1,
המשפחה הקדושה,172.4,2022-04-27T00:00:00.000Z,172.4,,118.1,118.1,
המשפחה הקדושה,172.4,2022-04-27T00:00:00.000Z,172.4,,118.1,118.1,
המשפחה הקדושה,172.4,2022-04-27T00:00:00.000Z,172.4,,118.1,118.1,
המשפחה הקדושה,172.4,2022-04-27T00:00:00.000Z,172.4,,118.1,118.1,
המשפחה הקדושה,172.4,2022-04-27T00:00:00.000Z,172.4,,118.1,118.1,
המשפחה הקדושה,172.4,2022-04-27T00:00:00.000Z,172.4,,118.1,118.1,
המשפחה הקדושה,172.4,2022-04-27T00:00:00.000Z,172.4,,118.1,118.1,
המשפחה הקדושה,172.4,2022-04-27T00:00:00.000Z,172.4,,118.1,118.1,
המשפחה הקדושה,172.4,2022-04-27T00:00:00.000Z,172.4,,118.1,118.1,
המשפחה הקדושה,172.4,2022-04-27T00:00:00.000Z,172.4,,118.1,118.1,
המשפחה הקדושה,172.4,2022-04-27T00:00:00.000Z,172.4,,118.1,118.1,
המשפחה הקדושה,172.4,2022-04-27T00:00:00.000Z,172.4,,118.1,118.1,
המשפחה הקדושה,172.4,2022-04-27T00:00:00.000Z,172.4,,118.1,118.1,
המשפחה הקדושה,172.4,2022-04-27T00:00:00.000Z,172.4,,118.1,118.1,
המשפחה הקדושה,172.4,2022-04-27T00:00:00.000Z,172.4,,118.1,118.1,
המשפחה הקדושה,172.4,2022-04-27T00:00:00.000Z,172.4,,118.1,118.1,
המשפחה הקדושה,172.4,2022-04-27T00:00:00.000Z,172.4,,118.1,118.1,
המשפחה הקדושה,172.4,2022-04-27T00:00:00.000Z,172.4,,118.1,118.1,
המשפחה הקדושה,172.4,2022-04-27T00:00:00.000Z,172.4,,118.1,118.1,
המשפחה הקדושה,172.4,2022-04-27T00:00:00.000Z,172.4,,118.1,118.1,
המשפחה הקדושה,172.4,2022-04-27T00:00:00.000Z,172.4,,118.1,118.1,
המשפחה הקדושה,172.4,2022-04-27T00:00:00.000Z,172.4,,118.1,118.1,
המשפחה הקדושה,172.4,2022-04-27T00:00:00.000Z,172.4,,118.1,118.1,
המשפחה הקדושה,172.4,2022-04-27T00:00:00.000Z,172.4,,118.1,118.1,
המשפחה הקדושה,172.4,2022-04-27T00:00:00.000Z,172.4,,118.1,118.1,
המשפחה הקדושה,172.4,2022-04-27T00:00:00.000Z,172.4,,118.1,118.1,
המשפחה הקדושה,172.4,2022-04-27T00:00:00.000Z,172.4,,118.1,118.1,
המשפחה הקדושה,172.4,2022-04-27T00:00:00.000Z,172.4,,118.1,118.1,
המשפחה הקדושה,172.4,2022-04-27T00:00:00.000Z,172.4,,118.1,118.1,
המשפחה הקדושה,172.4,2022-04-27T00:00:00.000Z,172.4,,118.1,118.1,
המשפחה הקדושה,172.4,2022-04-27T00:00:00.000Z,172.4,,118.1,118.1,
המשפחה הקדושה,172.4,2022-04-27T00:00:00.000Z,172.4,,118.1,118.1,
המשפחה הקדושה,172.4,2022-04-27T00:00:00.000Z,172.4,,118.1,118.1,
המשפחה הקדושה,172.4,2022-04-27T00:00:00.000Z,172.4,,118.1,118.1,
המשפחה הקדושה,172.4,2022-04-27T00:00:00.000Z,172.4,,118.1,118.1,
המשפחה הקדושה,172.4,2022-04-27T00:00:00.000Z,172.4,,118.1,118.1,
המשפחה הקדושה,172.4,2022-04-27T00:00:00.000Z,172.4,,118.1,118.1,
המשפחה הקדושה,172.4,2022-04-27T00:00:00.000Z,172.4,,118.1,118.1,
המשפחה הקדושה,172.4,2022-04-27T00:00:00.000Z,172.4,,118.1,118.1,
המשפחה הקדושה,172.4,2022-04-27T00:00:00.000Z,172.4,,118.1,118.1,
המשפחה הקדושה,172.4,2022-04-27T00:00:00.000Z,172.4,,118.1,118.1,
המשפחה הקדושה,172.4,2022-04-27T00:00:00.000Z,172.4,,118.1,118.1,
המשפחה הקדושה,172.4,2022-04-27T00:00:00.000Z,172.4,,118.1,118.1,
המשפחה הקדושה,172.4,2022-04-27T00:00:00.000Z,172.4,,118.1,118.1,
המשפחה הקדושה,172.4,2022-04-27T00:00:00.000Z,172.4,,118.1,118.1,
המשפחה הקדושה,172.4,2022-04-27T00:00:00.000Z,172.4,,118.1,118.1,
המשפחה הקדושה,172.4,2022-04-27T00:00:00.000Z,172.4,,118.1,118.1,
המשפחה הקדושה,172.4,2022-04-27T00:00:00.000Z,172.4,,118.1,118.1,
המשפחה הקדושה,172.4,2022-04-27T00:00:00.000Z,172.4,,118.1,118.1,
המשפחה הקדושה,172.4,2022-04-27T00:00:00.000Z,172.4,,118.1,118.1,
המשפחה הקדושה,172.4,2022-04-27T00:00:00.000Z,172.4,,118.1,118.1,
המשפחה הקדושה,172.4,2022-04-27T00:00:00.000Z,172.4,,118.1,118.1,
המשפחה הקדושה,172.4,2022-04-27T00:00:00.000Z,172.4,,118.1,118.1,
המשפחה הקדושה,172.4,2022-04-27T00:00:00.000Z,172.4,,118.1,118.1,
המשפחה הקדושה,172.4,2022-04-27T00:00:00.000Z,172.4,,118.1,118.1,
המשפחה הקדושה,172.4,2022-04-27T00:00:00.000Z,172.4,,118.1,118.1,
המשפחה הקדושה,172.4,2022-04-27T00:00:00.000Z,172.4,,118.1,118.1,
המשפחה הקדושה,172.4,2022-04-27T00:00:00.000Z,172.4,,118.1,118.1,
המשפחה הקדושה,172.4,2022-04-27T00:00:00.000Z,172.4,,118.1,118.1,
המשפחה הקדושה,172.4,2022-04-27T00:00:00.000Z,172.4,,118.1,118.1,
המשפחה הקדושה,172.4,2022-04-27T00:00:00.000Z,172.4,,118.1,118.1,
המשפחה הקדושה,172.4,2022-04-27T00:00:00.000Z,172.4,,118.1,118.1,
המשפחה הקדושה,172.4,2022-04-27T00:00:00.000Z,172.4,,118.1,118.1,
המשפחה הקדושה,172.4,2022-04-27T00:00:00.000Z,172.4,,118.1,118.1,
המשפחה הקדושה,172.4,2022-04-27T00:00:00.000Z,172.4,,118.1,118.1,
המשפחה הקדושה,172.4,2022-04-27T00:00:00.000Z,172.4,,118.1,118.1,
המשפחה הקדושה,172.4,2022-04-27T00:00:00.000Z,172.4,,118.1,118.1,
המשפחה הקדושה,172.4,2022-04-27T00:00:00.000Z,172.4,,118.1,118.1,
המשפחה הקדושה,172.4,2022-04-27T00:00:00.000Z,172.4,,118.1,118.1,
המשפחה הקדושה,172.4,2022-04-27T00:00:00.000Z,172.4,,118.1,118.1,
המשפחה הקדושה,172.4,2022-04-27T00:00:00.000Z,172.4,,118.1,118.1,
המשפחה הקדושה,172.4,2022-04-27T00:00:00.000Z,172.4,,118.1,118.1,
המשפחה הקדושה,172.4,2022-04-27T00:00:00.000Z,172.4,,118.1,118.1,
המשפחה הקדושה,172.4,2022-04-27T00:00:00.000Z,172.4,,118.1,118.1,
המשפחה הקדושה,172.4,2022-04-27T00:00:00.000Z,172.4,,118.1,118.1,
המשפחה הקדושה,172.4,2022-04-27T00:00:00.000Z,172.4,,118.1,118.1,
המשפחה הקדושה,172.4,2022-04-27T00:00:00.000Z,172.4,,118.1,118.1,
המשפחה הקדושה,172.4,2022-04-27T00:00:00.000Z,172.4,,118.1,118.1,
המשפחה הקדושה,172.4,2022-04-27T00:00:00.000Z,172.4,,118.1,118.1,
המשפחה הקדושה,172.4,2022-04-27T00:00:00.000Z,172.4,,118.1,118.1,
המשפחה הקדושה,172.4,2022-04-27T00:00:00.000Z,172.4,,118.1,118.1,
המשפחה הקדושה,172.4,2022-04-27T00:00:00.000Z,172.4,,118.1,118.1,
המשפחה הקדושה,172.4,2022-04-27T00:00:00.000Z,172.4,,118.1,118.1,
המשפחה הקדושה,172.4,2022-04-27T00:00:00.000Z,172.4,,118.1,118.1,
המשפחה הקדושה,172.4,2022-04-27T00:00:00.000Z,172.4,,118.1,118.1,
המשפחה הקדושה,172.4,2022-04-27T00:00:00.000Z,172.4,,118.1,118.1,
המשפחה הקדושה,172.4,2022-04-27T00:00:00.000Z,172.4,,118.1,118.1,
המשפחה הקדושה,172.4,2022-04-27T00:00:00.000Z,172.4,,118.1,118.1,
המשפחה הקדושה,172.4,2022-04-27T00:00:00.000Z,172.4,,118.1,118.1,
המשפחה הקדושה,172.4,2022-04-27T00:00:00.000Z,172.4,,118.1,118.1,
המשפחה הקדושה,172.4,2022-04-27T00:00:00.000Z,172.4,,118.1,118.1,
המשפחה הקדושה,172.4,2022-04-27T00:00:00.000Z,172.4,,118.1,118.1,
המשפחה הקדושה,172.4,2022-04-27T00:00:00.000Z,172.4,,118.1,118.1,
המשפחה הקדושה,172.4,2022-04-27T00:00:00.000Z,172.4,,118.1,118.1,
המשפחה הקדושה,172.4,2022-04-27T00:00:00.000Z,172.4,,118.1,118.1,
המשפחה הקדושה,172.4,2022-04-27T00:00:00.000Z,172.4,,118.1,118.1,
המשפחה הקדושה,172.4,2022-04-27T00:00:00.000Z,172.4,,118.1,118.1,
המשפחה הקדושה,172.4,2022-04-27T00:00:00.000Z,172.4,,118.1,118.1,
המשפחה הקדושה,172.4,2022-04-27T00:00:00.000Z,172.4,,118.1,118.1,
המשפחה הקדושה,172.4,2022-04-27T00:00:00.000Z,172.4,,118.1,118.1,
מאיר,64,2022-04-27T00:00:00.000Z,64,71,75.6,75.6,80.8
מאיר,64,2022-04-27T00:00:00.000Z,64,71,75.6,75.6,80.8
מאיר,64,2022-04-27T00:00:00.000Z,64,71,75.6,75.6,80.8
מאיר,64,2022-04-27T00:00:00.000Z,64,71,75.6,75.6,80.8
מאיר,64,2022-04-27T00:00:00.000Z,64,71,75.6,75.6,80.8
מאיר,64,2022-04-27T00:00:00.000Z,64,71,75.6,75.6,80.8
מאיר,64,2022-04-27T00:00:00.000Z,64,71,75.6,75.6,80.8
מאיר,64,2022-04-27T00:00:00.000Z,64,71,75.6,75.6,80.8
מאיר,64,2022-04-27T00:00:00.000Z,64,71,75.6,75.6,80.8
מאיר,64,2022-04-27T00:00:00.000Z,64,71,75.6,75.6,80.8
מאיר,64,2022-04-27T00:00:00.000Z,64,71,75.6,75.6,80.8
מאיר,64,2022-04-27T00:00:00.000Z,64,71,75.6,75.6,80.8
מאיר,64,2022-04-27T00:00:00.000Z,64,71,75.6,75.6,80.8
מאיר,64,2022-04-27T00:00:00.000Z,64,71,75.6,75.6,80.8
מאיר,64,2022-04-27T00:00:00.000Z,64,71,75.6,75.6,80.8
מאיר,64,2022-04-27T00:00:00.000Z,64,71,75.6,75.6,80.8
מאיר,64,2022-04-27T00:00:00.000Z,64,71,75.6,75.6,80.8
מאיר,64,2022-04-27T00:00:00.000Z,64,71,75.6,75.6,80.8
מאיר,64,2022-04-27T00:00:00.000Z,64,71,75.6,75.6,80.8
מאיר,64,2022-04-27T00:00:00.000Z,64,71,75.6,75.6,80.8
מאיר,64,2022-04-27T00:00:00.000Z,64,71,75.6,75.6,80.8
מאיר,64,2022-04-27T00:00:00.000Z,64,71,75.6,75.6,80.8
מאיר,64,2022-04-27T00:00:00.000Z,64,71,75.6,75.6,80.8
מאיר,64,2022-04-27T00:00:00.000Z,64,71,75.6,75.6,80.8
מאיר,64,2022-04-27T00:00:00.000Z,64,71,75.6,75.6,80.8
מאיר,64,2022-04-27T00:00:00.000Z,64,71,75.6,75.6,80.8
מאיר,64,2022-04-27T00:00:00.000Z,64,71,75.6,75.6,80.8
מאיר,64,2022-04-27T00:00:00.000Z,64,71,75.6,75.6,80.8
מאיר,64,2022-04-27T00:00:00.000Z,64,71,75.6,75.6,80.8
מאיר,64,2022-04-27T00:00:00.000Z,64,71,75.6,75.6,80.8
מאיר,64,2022-04-27T00:00:00.000Z,64,71,75.6,75.6,80.8
מאיר,64,2022-04-27T00:00:00.000Z,64,71,75.6,75.6,80.8
מאיר,64,2022-04-27T00:00:00.000Z,64,71,75.6,75.6,80.8
מאיר,64,2022-04-27T00:00:00.000Z,64,71,75.6,75.6,80.8
מאיר,64,2022-04-27T00:00:00.000Z,64,71,75.6,75.6,80.8
מאיר,64,2022-04-27T00:00:00.000Z,64,71,75.6,75.6,80.8
מאיר,64,2022-04-27T00:00:00.000Z,64,71,75.6,75.6,80.8
מאיר,64,2022-04-27T00:00:00.000Z,64,71,75.6,75.6,80.8
מאיר,64,2022-04-27T00:00:00.000Z,64,71,75.6,75.6,80.8
מאיר,64,2022-04-27T00:00:00.000Z,64,71,75.6,75.6,80.8
מאיר,64,2022-04-27T00:00:00.000Z,64,71,75.6,75.6,80.8
מאיר,64,2022-04-27T00:00:00.000Z,64,71,75.6,75.6,80.8
מאיר,64,2022-04-27T00:00:00.000Z,64,71,75.6,75.6,80.8
מאיר,64,2022-04-27T00:00:00.000Z,64,71,75.6,75.6,80.8
מאיר,64,2022-04-27T00:00:00.000Z,64,71,75.6,75.6,80.8
מאיר,64,2022-04-27T00:00:00.000Z,64,71,75.6,75.6,80.8
מאיר,64,2022-04-27T00:00:00.000Z,64,71,75.6,75.6,80.8
מאיר,64,2022-04-27T00:00:00.000Z,64,71,75.6,75.6,80.8
מאיר,64,2022-04-27T00:00:00.000Z,64,71,75.6,75.6,80.8
מאיר,64,2022-04-27T00:00:00.000Z,64,71,75.6,75.6,80.8
מאיר,64,2022-04-27T00:00:00.000Z,64,71,75.6,75.6,80.8
מאיר,64,2022-04-27T00:00:00.000Z,64,71,75.6,75.6,80.8
מאיר,64,2022-04-27T00:00:00.000Z,64,71,75.6,75.6,80.8
מאיר,64,2022-04-27T00:00:00.000Z,64,71,75.6,75.6,80.8
מאיר,64,2022-04-27T00:00:00.000Z,64,71,75.6,75.6,80.8
מאיר,64,2022-04-27T00:00:00.000Z,64,71,75.6,75.6,80.8
מאיר,64,2022-04-27T00:00:00.000Z,64,71,75.6,75.6,80.8
מאיר,64,2022-04-27T00:00:00.000Z,64,71,75.6,75.6,80.8
מאיר,64,2022-04-27T00:00:00.000Z,64,71,75.6,75.6,80.8
מאיר,64,2022-04-27T00:00:00.000Z,64,71,75.6,75.6,80.8
מאיר,64,2022-04-27T00:00:00.000Z,64,71,75.6,75.6,80.8
מאיר,64,2022-04-27T00:00:00.000Z,64,71,75.6,75.6,80.8
מאיר,64,2022-04-27T00:00:00.000Z,64,71,75.6,75.6,80.8
מאיר,64,2022-04-27T00:00:00.000Z,64,71,75.6,75.6,80.8
מאיר,64,2022-04-27T00:00:00.000Z,64,71,75.6,75.6,80.8
מאיר,64,2022-04-27T00:00:00.000Z,64,71,75.6,75.6,80.8
מאיר,64,2022-04-27T00:00:00.000Z,64,71,75.6,75.6,80.8
מאיר,64,2022-04-27T00:00:00.000Z,64,71,75.6,75.6,80.8
מאיר,64,2022-04-27T00:00:00.000Z,64,71,75.6,75.6,80.8
מאיר,64,2022-04-27T00:00:00.000Z,64,71,75.6,75.6,80.8
מאיר,64,2022-04-27T00:00:00.000Z,64,71,75.6,75.6,80.8
מאיר,64,2022-04-27T00:00:00.000Z,64,71,75.6,75.6,80.8
מאיר,64,2022-04-27T00:00:00.000Z,64,71,75.6,75.6,80.8
מאיר,64,2022-04-27T00:00:00.000Z,64,71,75.6,75.6,80.8
מאיר,64,2022-04-27T00:00:00.000Z,64,71,75.6,75.6,80.8
מאיר,64,2022-04-27T00:00:00.000Z,64,71,75.6,75.6,80.8
מאיר,64,2022-04-27T00:00:00.000Z,64,71,75.6,75.6,80.8
מאיר,64,2022-04-27T00:00:00.000Z,64,71,75.6,75.6,80.8
מאיר,64,2022-04-27T00:00:00.000Z,64,71,75.6,75.6,80.8
מאיר,64,2022-04-27T00:00:00.000Z,64,71,75.6,75.6,80.8
מאיר,64,2022-04-27T00:00:00.000Z,64,71,75.6,75.6,80.8
מאיר,64,2022-04-27T00:00:00.000Z,64,71,75.6,75.6,80.8
מאיר,64,2022-04-27T00:00:00.000Z,64,71,75.6,75.6,80.8
מאיר,64,2022-04-27T00:00:00.000Z,64,71,75.6,75.6,80.8
מאיר,64,2022-04-27T00:00:00.000Z,64,71,75.6,75.6,80.8
מאיר,64,2022-04-27T00:00:00.000Z,64,71,75.6,75.6,80.8
מאיר,64,2022-04-27T00:00:00.000Z,64,71,75.6,75.6,80.8
מאיר,64,2022-04-27T00:00:00.000Z,64,71,75.6,75.6,80.8
מאיר,64,2022-04-27T00:00:00.000Z,64,71,75.6,75.6,80.8
מאיר,64,2022-04-27T00:00:00.000Z,64,71,75.6,75.6,80.8
מאיר,64,2022-04-27T00:00:00.000Z,64,71,75.6,75.6,80.8
מאיר,64,2022-04-27T00:00:00.000Z,64,71,75.6,75.6,80.8
מאיר,64,2022-04-27T00:00:00.000Z,64,71,75.6,75.6,80.8
מאיר,64,2022-04-27T00:00:00.000Z,64,71,75.6,75.6,80.8
מאיר,64,2022-04-27T00:00:00.000Z,64,71,75.6,75.6,80.8
מאיר,64,2022-04-27T00:00:00.000Z,64,71,75.6,75.6,80.8
מאיר,64,2022-04-27T00:00:00.000Z,64,71,75.6,75.6,80.8
מאיר,64,2022-04-27T00:00:00.000Z,64,71,75.6,75.6,80.8
מאיר,64,2022-04-27T00:00:00.000Z,64,71,75.6,75.6,80.8
מאיר,64,2022-04-27T00:00:00.000Z,64,71,75.6,75.6,80.8
מאיר,64,2022-04-27T00:00:00.000Z,64,71,75.6,75.6,80.8
מאיר,64,2022-04-27T00:00:00.000Z,64,71,75.6,75.6,80.8
מאיר,64,2022-04-27T00:00:00.000Z,64,71,75.6,75.6,80.8
מאיר,64,2022-04-27T00:00:00.000Z,64,71,75.6,75.6,80.8
מאיר,64,2022-04-27T00:00:00.000Z,64,71,75.6,75.6,80.8
מאיר,64,2022-04-27T00:00:00.000Z,64,71,75.6,75.6,80.8
מאיר,64,2022-04-27T00:00:00.000Z,64,71,75.6,75.6,80.8
מאיר,64,2022-04-27T00:00:00.000Z,64,71,75.6,75.6,80.8
מאיר,64,2022-04-27T00:00:00.000Z,64,71,75.6,75.6,80.8
מאיר,64,2022-04-27T00:00:00.000Z,64,71,75.6,75.6,80.8
מאיר,64,2022-04-27T00:00:00.000Z,64,71,75.6,75.6,80.8
מאיר,64,2022-04-27T00:00:00.000Z,64,71,75.6,75.6,80.8
מאיר,64,2022-04-27T00:00:00.000Z,64,71,75.6,75.6,80.8
מאיר,64,2022-04-27T00:00:00.000Z,64,71,75.6,75.6,80.8
מאיר,64,2022-04-27T00:00:00.000Z,64,71,75.6,75.6,80.8
מאיר,64,2022-04-27T00:00:00.000Z,64,71,75.6,75.6,80.8
מאיר,64,2022-04-27T00:00:00.000Z,64,71,75.6,75.6,80.8
מאיר,64,2022-04-27T00:00:00.000Z,64,71,75.6,75.6,80.8
מאיר,64,2022-04-27T00:00:00.000Z,64,71,75.6,75.6,80.8
מאיר,64,2022-04-27T00:00:00.000Z,64,71,75.6,75.6,80.8
מאיר,64,2022-04-27T00:00:00.000Z,64,71,75.6,75.6,80.8
מאיר,64,2022-04-27T00:00:00.000Z,64,71,75.6,75.6,80.8
מאיר,64,2022-04-27T00:00:00.000Z,64,71,75.6,75.6,80.8
מאיר,64,2022-04-27T00:00:00.000Z,64,71,75.6,75.6,80.8
מאיר,64,2022-04-27T00:00:00.000Z,64,71,75.6,75.6,80.8
מאיר,64,2022-04-27T00:00:00.000Z,64,71,75.6,75.6,80.8
מאיר,64,2022-04-27T00:00:00.000Z,64,71,75.6,75.6,80.8
מאיר,64,2022-04-27T00:00:00.000Z,64,71,75.6,75.6,80.8
מאיר,64,2022-04-27T00:00:00.000Z,64,71,75.6,75.6,80.8
מאיר,64,2022-04-27T00:00:00.000Z,64,71,75.6,75.6,80.8
מאיר,64,2022-04-27T00:00:00.000Z,64,71,75.6,75.6,80.8
מאיר,64,2022-04-27T00:00:00.000Z,64,71,75.6,75.6,80.8
מאיר,64,2022-04-27T00:00:00.000Z,64,71,75.6,75.6,80.8
מאיר,64,2022-04-27T00:00:00.000Z,64,71,75.6,75.6,80.8
מאיר,64,2022-04-27T00:00:00.000Z,64,71,75.6,75.6,80.8
מאיר,64,2022-04-27T00:00:00.000Z,64,71,75.6,75.6,80.8
מאיר,64,2022-04-27T00:00:00.000Z,64,71,75.6,75.6,80.8
מאיר,64,2022-04-27T00:00:00.000Z,64,71,75.6,75.6,80.8
מאיר,64,2022-04-27T00:00:00.000Z,64,71,75.6,75.6,80.8
מאיר,64,2022-04-27T00:00:00.000Z,64,71,75.6,75.6,80.8
מאיר,64,2022-04-27T00:00:00.000Z,64,71,75.6,75.6,80.8
מאיר,64,2022-04-27T00:00:00.000Z,64,71,75.6,75.6,80.8
מאיר,64,2022-04-27T00:00:00.000Z,64,71,75.6,75.6,80.8
מאיר,64,2022-04-27T00:00:00.000Z,64,71,75.6,75.6,80.8
מאיר,64,2022-04-27T00:00:00.000Z,64,71,75.6,75.6,80.8
מאיר,64,2022-04-27T00:00:00.000Z,64,71,75.6,75.6,80.8
מאיר,64,2022-04-27T00:00:00.000Z,64,71,75.6,75.6,80.8
מאיר,64,2022-04-27T00:00:00.000Z,64,71,75.6,75.6,80.8
מאיר,64,2022-04-27T00:00:00.000Z,64,71,75.6,75.6,80.8
מאיר,64,2022-04-27T00:00:00.000Z,64,71,75.6,75.6,80.8
מאיר,64,2022-04-27T00:00:00.000Z,64,71,75.6,75.6,80.8
מאיר,64,2022-04-27T00:00:00.000Z,64,71,75.6,75.6,80.8
מאיר,64,2022-04-27T00:00:00.000Z,64,71,75.6,75.6,80.8
מאיר,64,2022-04-27T00:00:00.000Z,64,71,75.6,75.6,80.8
מאיר,64,2022-04-27T00:00:00.000Z,64,71,75.6,75.6,80.8
מאיר,64,2022-04-27T00:00:00.000Z,64,71,75.6,75.6,80.8
מאיר,64,2022-04-27T00:00:00.000Z,64,71,75.6,75.6,80.8
הדסה עין כרם,113.6,2022-04-27T00:00:00.000Z,117.6,122.9,90.7,85.8,82.4
הדסה עין כרם,113.6,2022-04-27T00:00:00.000Z,116.2,123.7,90.7,85.3,84.4
הדסה עין כרם,113.6,2022-04-27T00:00:00.000Z,116.1,123.9,90.7,85.4,85.9
הדסה עין כרם,113.6,2022-04-27T00:00:00.000Z,115.5,124.7,90.7,85.4,88
הדסה עין כרם,113.6,2022-04-27T00:00:00.000Z,115.7,125.8,90.7,87,90.1
הדסה עין כרם,113.6,2022-04-27T00:00:00.000Z,114.3,126.5,90.7,88,92.8
הדסה עין כרם,113.6,2022-04-27T00:00:00.000Z,113.5,126.5,90.7,88.3,94.8
הדסה עין כרם,113.6,2022-04-27T00:00:00.000Z,113.6,127.2,90.7,90.7,96.7
הדסה עין כרם,113.6,2022-04-27T00:00:00.000Z,113.6,127.2,90.7,90.7,96.7
הדסה עין כרם,113.6,2022-04-27T00:00:00.000Z,113.6,127.2,90.7,90.7,96.7
הדסה עין כרם,113.6,2022-04-27T00:00:00.000Z,113.6,127.2,90.7,90.7,96.7
הדסה עין כרם,113.6,2022-04-27T00:00:00.000Z,113.6,127.2,90.7,90.7,96.7
הדסה עין כרם,113.6,2022-04-27T00:00:00.000Z,113.6,127.2,90.7,90.7,96.7
הדסה עין כרם,113.6,2022-04-27T00:00:00.000Z,113.6,127.2,90.7,90.7,96.7
הדסה עין כרם,113.6,2022-04-27T00:00:00.000Z,113.6,127.2,90.7,90.7,96.7
הדסה עין כרם,113.6,2022-04-27T00:00:00.000Z,113.6,127.2,90.7,90.7,96.7
הדסה עין כרם,113.6,2022-04-27T00:00:00.000Z,113.6,127.2,90.7,90.7,96.7
הדסה עין כרם,113.6,2022-04-27T00:00:00.000Z,113.6,127.2,90.7,90.7,96.7
הדסה עין כרם,113.6,2022-04-27T00:00:00.000Z,113.6,127.2,90.7,90.7,96.7
הדסה עין כרם,113.6,2022-04-27T00:00:00.000Z,113.6,127.2,90.7,90.7,96.7
הדסה עין כרם,113.6,2022-04-27T00:00:00.000Z,113.6,127.2,90.7,90.7,96.7
הדסה עין כרם,113.6,2022-04-27T00:00:00.000Z,113.6,127.2,90.7,90.7,96.7
הדסה עין כרם,113.6,2022-04-27T00:00:00.000Z,113.6,127.2,90.7,90.7,96.7
הדסה עין כרם,113.6,2022-04-27T00:00:00.000Z,113.6,127.2,90.7,90.7,96.7
הדסה עין כרם,113.6,2022-04-27T00:00:00.000Z,113.6,127.2,90.7,90.7,96.7
הדסה עין כרם,113.6,2022-04-27T00:00:00.000Z,113.6,127.2,90.7,90.7,96.7
הדסה עין כרם,113.6,2022-04-27T00:00:00.000Z,113.6,127.2,90.7,90.7,96.7
הדסה עין כרם,113.6,2022-04-27T00:00:00.000Z,113.6,127.2,90.7,90.7,96.7
הדסה עין כרם,113.6,2022-04-27T00:00:00.000Z,113.6,127.2,90.7,90.7,96.7
הדסה עין כרם,113.6,2022-04-27T00:00:00.000Z,113.6,127.2,90.7,90.7,96.7
הדסה עין כרם,113.6,2022-04-27T00:00:00.000Z,113.6,127.2,90.7,90.7,96.7
הדסה עין כרם,113.6,2022-04-27T00:00:00.000Z,113.6,127.2,90.7,90.7,96.7
הדסה עין כרם,113.6,2022-04-27T00:00:00.000Z,113.6,127.2,90.7,90.7,96.7
הדסה עין כרם,113.6,2022-04-27T00:00:00.000Z,113.6,127.2,90.7,90.7,96.7
הדסה עין כרם,113.6,2022-04-27T00:00:00.000Z,113.6,127.2,90.7,90.7,96.7
הדסה עין כרם,113.6,2022-04-27T00:00:00.000Z,113.6,127.2,90.7,90.7,96.7
הדסה עין כרם,113.6,2022-04-27T00:00:00.000Z,113.6,127.2,90.7,90.7,96.7
הדסה עין כרם,113.6,2022-04-27T00:00:00.000Z,113.6,127.2,90.7,90.7,96.7
הדסה עין כרם,113.6,2022-04-27T00:00:00.000Z,113.6,127.2,90.7,90.7,96.7
הדסה עין כרם,113.6,2022-04-27T00:00:00.000Z,113.6,127.2,90.7,90.7,96.7
הדסה עין כרם,113.6,2022-04-27T00:00:00.000Z,113.6,127.2,90.7,90.7,96.7
הדסה עין כרם,113.6,2022-04-27T00:00:00.000Z,113.6,127.2,90.7,90.7,96.7
הדסה עין כרם,113.6,2022-04-27T00:00:00.000Z,113.6,127.2,90.7,90.7,96.7
הדסה עין כרם,113.6,2022-04-27T00:00:00.000Z,113.6,127.2,90.7,90.7,96.7
הדסה עין כרם,113.6,2022-04-27T00:00:00.000Z,113.6,127.2,90.7,90.7,96.7
הדסה עין כרם,113.6,2022-04-27T00:00:00.000Z,113.6,127.2,90.7,90.7,96.7
הדסה עין כרם,113.6,2022-04-27T00:00:00.000Z,113.6,127.2,90.7,90.7,96.7
הדסה עין כרם,113.6,2022-04-27T00:00:00.000Z,113.6,127.2,90.7,90.7,96.7
הדסה עין כרם,113.6,2022-04-27T00:00:00.000Z,113.6,127.2,90.7,90.7,96.7
הדסה עין כרם,113.6,2022-04-27T00:00:00.000Z,113.6,127.2,90.7,90.7,96.7
הדסה עין כרם,113.6,2022-04-27T00:00:00.000Z,113.6,127.2,90.7,90.7,96.7
הדסה עין כרם,113.6,2022-04-27T00:00:00.000Z,113.6,127.2,90.7,90.7,96.7
הדסה עין כרם,113.6,2022-04-27T00:00:00.000Z,113.6,127.2,90.7,90.7,96.7
הדסה עין כרם,113.6,2022-04-27T00:00:00.000Z,113.6,127.2,90.7,90.7,96.7
הדסה עין כרם,113.6,2022-04-27T00:00:00.000Z,113.6,127.2,90.7,90.7,96.7
הדסה עין כרם,113.6,2022-04-27T00:00:00.000Z,113.6,127.2,90.7,90.7,96.7
הדסה עין כרם,113.6,2022-04-27T00:00:00.000Z,113.6,127.2,90.7,90.7,96.7
הדסה עין כרם,113.6,2022-04-27T00:00:00.000Z,113.6,127.2,90.7,90.7,96.7
הדסה עין כרם,113.6,2022-04-27T00:00:00.000Z,113.6,127.2,90.7,90.7,96.7
הדסה עין כרם,113.6,2022-04-27T00:00:00.000Z,113.6,127.2,90.7,90.7,96.7
הדסה עין כרם,113.6,2022-04-27T00:00:00.000Z,113.6,127.2,90.7,90.7,96.7
הדסה עין כרם,113.6,2022-04-27T00:00:00.000Z,113.6,127.2,90.7,90.7,96.7
סורוקה,64.3,2022-04-27T00:00:00.000Z,64.3,76,73,73,79.8
סורוקה,64.3,2022-04-27T00:00:00.000Z,64.3,76,73,73,79.8
סורוקה,64.3,2022-04-27T00:00:00.000Z,64.3,76,73,73,79.8
סורוקה,64.3,2022-04-27T00:00:00.000Z,64.3,76,73,73,79.8
סורוקה,64.3,2022-04-27T00:00:00.000Z,64.3,76,73,73,79.8
סורוקה,64.3,2022-04-27T00:00:00.000Z,64.3,76,73,73,79.8
סורוקה,64.3,2022-04-27T00:00:00.000Z,64.3,76,73,73,79.8
סורוקה,64.3,2022-04-27T00:00:00.000Z,64.3,76,73,73,79.8
סורוקה,64.3,2022-04-27T00:00:00.000Z,64.3,76,73,73,79.8
סורוקה,64.3,2022-04-27T00:00:00.000Z,64.3,76,73,73,79.8
סורוקה,64.3,2022-04-27T00:00:00.000Z,64.3,76,73,73,79.8
סורוקה,64.3,2022-04-27T00:00:00.000Z,64.3,76,73,73,79.8
סורוקה,64.3,2022-04-27T00:00:00.000Z,64.3,76,73,73,79.8
סורוקה,64.3,2022-04-27T00:00:00.000Z,64.3,76,73,73,79.8
סורוקה,64.3,2022-04-27T00:00:00.000Z,64.3,76,73,73,79.8
סורוקה,64.3,2022-04-27T00:00:00.000Z,64.3,76,73,73,79.8
סורוקה,64.3,2022-04-27T00:00:00.000Z,64.3,76,73,73,79.8
סורוקה,64.3,2022-04-27T00:00:00.000Z,64.3,76,73,73,79.8
סורוקה,64.3,2022-04-27T00:00:00.000Z,64.3,76,73,73,79.8
סורוקה,64.3,2022-04-27T00:00:00.000Z,64.3,76,73,73,79.8
סורוקה,64.3,2022-04-27T00:00:00.000Z,64.3,76,73,73,79.8
סורוקה,64.3,2022-04-27T00:00:00.000Z,64.3,76,73,73,79.8
סורוקה,64.3,2022-04-27T00:00:00.000Z,64.3,76,73,73,79.8
סורוקה,64.3,2022-04-27T00:00:00.000Z,64.3,76,73,73,79.8
סורוקה,64.3,2022-04-27T00:00:00.000Z,64.3,76,73,73,79.8
סורוקה,64.3,2022-04-27T00:00:00.000Z,64.3,76,73,73,79.8
סורוקה,64.3,2022-04-27T00:00:00.000Z,64.3,76,73,73,79.8
סורוקה,64.3,2022-04-27T00:00:00.000Z,64.3,76,73,73,79.8
סורוקה,64.3,2022-04-27T00:00:00.000Z,64.3,76,73,73,79.8
סורוקה,64.3,2022-04-27T00:00:00.000Z,64.3,76,73,73,79.8
סורוקה,64.3,2022-04-27T00:00:00.000Z,64.3,76,73,73,79.8
סורוקה,64.3,2022-04-27T00:00:00.000Z,64.3,76,73,73,79.8
סורוקה,64.3,2022-04-27T00:00:00.000Z,64.3,76,73,73,79.8
סורוקה,64.3,2022-04-27T00:00:00.000Z,64.3,76,73,73,79.8
סורוקה,64.3,2022-04-27T00:00:00.000Z,64.3,76,73,73,79.8
סורוקה,64.3,2022-04-27T00:00:00.000Z,64.3,76,73,73,79.8
סורוקה,64.3,2022-04-27T00:00:00.000Z,64.3,76,73,73,79.8
סורוקה,64.3,2022-04-27T00:00:00.000Z,64.3,76,73,73,79.8
סורוקה,64.3,2022-04-27T00:00:00.000Z,64.3,76,73,73,79.8
הדסה עין כרם,113.6,2022-04-27T00:00:00.000Z,113.6,127.2,90.7,90.7,96.7
הדסה עין כרם,113.6,2022-04-27T00:00:00.000Z,113.6,127.2,90.7,90.7,96.7
הדסה עין כרם,113.6,2022-04-27T00:00:00.000Z,113.6,127.2,90.7,90.7,96.7
הדסה עין כרם,113.6,2022-04-27T00:00:00.000Z,113.6,127.2,90.7,90.7,96.7
הדסה עין כרם,113.6,2022-04-27T00:00:00.000Z,113.6,127.2,90.7,90.7,96.7
הדסה עין כרם,113.6,2022-04-27T00:00:00.000Z,113.6,127.2,90.7,90.7,96.7
הדסה עין כרם,113.6,2022-04-27T00:00:00.000Z,113.6,127.2,90.7,90.7,96.7
הדסה עין כרם,113.6,2022-04-27T00:00:00.000Z,113.6,127.2,90.7,90.7,96.7
הדסה עין כרם,113.6,2022-04-27T00:00:00.000Z,113.6,127.2,90.7,90.7,96.7
הדסה עין כרם,113.6,2022-04-27T00:00:00.000Z,113.6,127.2,90.7,90.7,96.7
הדסה עין כרם,113.6,2022-04-27T00:00:00.000Z,113.6,127.2,90.7,90.7,96.7
הדסה עין כרם,113.6,2022-04-27T00:00:00.000Z,113.6,127.2,90.7,90.7,96.7
הדסה עין כרם,113.6,2022-04-27T00:00:00.000Z,113.6,127.2,90.7,90.7,96.7
הדסה עין כרם,113.6,2022-04-27T00:00:00.000Z,113.6,127.2,90.7,90.7,96.7
הדסה עין כרם,113.6,2022-04-27T00:00:00.000Z,113.6,127.2,90.7,90.7,96.7
הדסה עין כרם,113.6,2022-04-27T00:00:00.000Z,113.6,127.2,90.7,90.7,96.7
הדסה עין כרם,113.6,2022-04-27T00:00:00.000Z,113.6,127.2,90.7,90.7,96.7
הדסה עין כרם,113.6,2022-04-27T00:00:00.000Z,113.6,127.2,90.7,90.7,96.7
הדסה עין כרם,113.6,2022-04-27T00:00:00.000Z,113.6,127.2,90.7,90.7,96.7
הדסה עין כרם,113.6,2022-04-27T00:00:00.000Z,113.6,127.2,90.7,90.7,96.7
הדסה עין כרם,113.6,2022-04-27T00:00:00.000Z,113.6,127.2,90.7,90.7,96.7
הדסה עין כרם,113.6,2022-04-27T00:00:00.000Z,113.6,127.2,90.7,90.7,96.7
הדסה עין כרם,113.6,2022-04-27T00:00:00.000Z,113.6,127.2,90.7,90.7,96.7
הדסה עין כרם,113.6,2022-04-27T00:00:00.000Z,113.6,127.2,90.7,90.7,96.7
הדסה עין כרם,113.6,2022-04-27T00:00:00.000Z,113.6,127.2,90.7,90.7,96.7
הדסה עין כרם,113.6,2022-04-27T00:00:00.000Z,113.6,127.2,90.7,90.7,96.7
הדסה עין כרם,113.6,2022-04-27T00:00:00.000Z,113.6,127.2,90.7,90.7,96.7
הדסה עין כרם,113.6,2022-04-27T00:00:00.000Z,113.6,127.2,90.7,90.7,96.7
הדסה עין כרם,113.6,2022-04-27T00:00:00.000Z,113.6,127.2,90.7,90.7,96.7
הדסה עין כרם,113.6,2022-04-27T00:00:00.000Z,113.6,127.2,90.7,90.7,96.7
הדסה עין כרם,113.6,2022-04-27T00:00:00.000Z,113.6,127.2,90.7,90.7,96.7
הדסה עין כרם,113.6,2022-04-27T00:00:00.000Z,113.6,127.2,90.7,90.7,96.7
הדסה עין כרם,113.6,2022-04-27T00:00:00.000Z,113.6,127.2,90.7,90.7,96.7
הדסה עין כרם,113.6,2022-04-27T00:00:00.000Z,113.6,127.2,90.7,90.7,96.7
הדסה עין כרם,113.6,2022-04-27T00:00:00.000Z,113.6,127.2,90.7,90.7,96.7
הדסה עין כרם,113.6,2022-04-27T00:00:00.000Z,113.6,127.2,90.7,90.7,96.7
הדסה עין כרם,113.6,2022-04-27T00:00:00.000Z,113.6,127.2,90.7,90.7,96.7
הדסה עין כרם,113.6,2022-04-27T00:00:00.000Z,113.6,127.2,90.7,90.7,96.7
הדסה עין כרם,113.6,2022-04-27T00:00:00.000Z,113.6,127.2,90.7,90.7,96.7
הדסה עין כרם,113.6,2022-04-27T00:00:00.000Z,113.6,127.2,90.7,90.7,96.7
הדסה עין כרם,113.6,2022-04-27T00:00:00.000Z,113.6,127.2,90.7,90.7,96.7
הדסה עין כרם,113.6,2022-04-27T00:00:00.000Z,113.6,127.2,90.7,90.7,96.7
הדסה עין כרם,113.6,2022-04-27T00:00:00.000Z,113.6,127.2,90.7,90.7,96.7
הדסה עין כרם,113.6,2022-04-27T00:00:00.000Z,113.6,127.2,90.7,90.7,96.7
הדסה עין כרם,113.6,2022-04-27T00:00:00.000Z,113.6,127.2,90.7,90.7,96.7
הדסה עין כרם,113.6,2022-04-27T00:00:00.000Z,113.6,127.2,90.7,90.7,96.7
הדסה עין כרם,113.6,2022-04-27T00:00:00.000Z,113.6,127.2,90.7,90.7,96.7
הדסה עין כרם,113.6,2022-04-27T00:00:00.000Z,113.6,127.2,90.7,90.7,96.7
הדסה עין כרם,113.6,2022-04-27T00:00:00.000Z,113.6,127.2,90.7,90.7,96.7
הדסה עין כרם,113.6,2022-04-27T00:00:00.000Z,113.6,127.2,90.7,90.7,96.7
הדסה עין כרם,113.6,2022-04-27T00:00:00.000Z,113.6,127.2,90.7,90.7,96.7
הדסה עין כרם,113.6,2022-04-27T00:00:00.000Z,113.6,127.2,90.7,90.7,96.7
הדסה עין כרם,113.6,2022-04-27T00:00:00.000Z,113.6,127.2,90.7,90.7,96.7
הדסה עין כרם,113.6,2022-04-27T00:00:00.000Z,113.6,127.2,90.7,90.7,96.7
הדסה עין כרם,113.6,2022-04-27T00:00:00.000Z,113.6,127.2,90.7,90.7,96.7
הדסה עין כרם,113.6,2022-04-27T00:00:00.000Z,113.6,127.2,90.7,90.7,96.7
הדסה עין כרם,113.6,2022-04-27T00:00:00.000Z,113.6,127.2,90.7,90.7,96.7
הדסה עין כרם,113.6,2022-04-27T00:00:00.000Z,113.6,127.2,90.7,90.7,96.7
הדסה עין כרם,113.6,2022-04-27T00:00:00.000Z,113.6,127.2,90.7,90.7,96.7
הדסה עין כרם,113.6,2022-04-27T00:00:00.000Z,113.6,127.2,90.7,90.7,96.7
הדסה עין כרם,113.6,2022-04-27T00:00:00.000Z,113.6,127.2,90.7,90.7,96.7
הדסה עין כרם,113.6,2022-04-27T00:00:00.000Z,113.6,127.2,90.7,90.7,96.7
הדסה עין כרם,113.6,2022-04-27T00:00:00.000Z,113.6,127.2,90.7,90.7,96.7
הדסה עין כרם,113.6,2022-04-27T00:00:00.000Z,113.6,127.2,90.7,90.7,96.7
הדסה עין כרם,113.6,2022-04-27T00:00:00.000Z,113.6,127.2,90.7,90.7,96.7
הדסה עין כרם,113.6,2022-04-27T00:00:00.000Z,113.6,127.2,90.7,90.7,96.7
הדסה עין כרם,113.6,2022-04-27T00:00:00.000Z,113.6,127.2,90.7,90.7,96.7
הדסה עין כרם,113.6,2022-04-27T00:00:00.000Z,113.6,127.2,90.7,90.7,96.7
הדסה עין כרם,113.6,2022-04-27T00:00:00.000Z,113.6,127.2,90.7,90.7,96.7
הדסה עין כרם,113.6,2022-04-27T00:00:00.000Z,113.6,127.2,90.7,90.7,96.7
הדסה עין כרם,113.6,2022-04-27T00:00:00.000Z,113.6,127.2,90.7,90.7,96.7
הדסה עין כרם,113.6,2022-04-27T00:00:00.000Z,113.6,127.2,90.7,90.7,96.7
הדסה עין כרם,113.6,2022-04-27T00:00:00.000Z,113.6,127.2,90.7,90.7,96.7
הדסה עין כרם,113.6,2022-04-27T00:00:00.000Z,113.6,127.2,90.7,90.7,96.7
הדסה עין כרם,113.6,2022-04-27T00:00:00.000Z,113.6,127.2,90.7,90.7,96.7
הדסה עין כרם,113.6,2022-04-27T00:00:00.000Z,113.6,127.2,90.7,90.7,96.7
הדסה עין כרם,113.6,2022-04-27T00:00:00.000Z,113.6,127.2,90.7,90.7,96.7
הדסה עין כרם,113.6,2022-04-27T00:00:00.000Z,113.6,127.2,90.7,90.7,96.7
הדסה עין כרם,113.6,2022-04-27T00:00:00.000Z,113.6,127.2,90.7,90.7,96.7
הדסה עין כרם,113.6,2022-04-27T00:00:00.000Z,113.6,127.2,90.7,90.7,96.7
הדסה עין כרם,113.6,2022-04-27T00:00:00.000Z,113.6,127.2,90.7,90.7,96.7
הדסה עין כרם,113.6,2022-04-27T00:00:00.000Z,113.6,127.2,90.7,90.7,96.7
הדסה עין כרם,113.6,2022-04-27T00:00:00.000Z,113.6,127.2,90.7,90.7,96.7
הדסה עין כרם,113.6,2022-04-27T00:00:00.000Z,113.6,127.2,90.7,90.7,96.7
הדסה עין כרם,113.6,2022-04-27T00:00:00.000Z,113.6,127.2,90.7,90.7,96.7
הדסה עין כרם,113.6,2022-04-27T00:00:00.000Z,113.6,127.2,90.7,90.7,96.7
הדסה עין כרם,113.6,2022-04-27T00:00:00.000Z,113.6,127.2,90.7,90.7,96.7
הדסה עין כרם,113.6,2022-04-27T00:00:00.000Z,113.6,127.2,90.7,90.7,96.7
הדסה עין כרם,113.6,2022-04-27T00:00:00.000Z,113.6,127.2,90.7,90.7,96.7
הדסה עין כרם,113.6,2022-04-27T00:00:00.000Z,113.6,127.2,90.7,90.7,96.7
הדסה עין כרם,113.6,2022-04-27T00:00:00.000Z,113.6,127.2,90.7,90.7,96.7
הדסה עין כרם,113.6,2022-04-27T00:00:00.000Z,113.6,127.2,90.7,90.7,96.7
הדסה עין כרם,113.6,2022-04-27T00:00:00.000Z,113.6,127.2,90.7,90.7,96.7
הדסה עין כרם,113.6,2022-04-27T00:00:00.000Z,113.6,127.2,90.7,90.7,96.7
הדסה עין כרם,113.6,2022-04-27T00:00:00.000Z,113.6,127.2,90.7,90.7,96.7
הדסה עין כרם,113.6,2022-04-27T00:00:00.000Z,113.6,127.2,90.7,90.7,96.7
הדסה עין כרם,113.6,2022-04-27T00:00:00.000Z,113.6,127.2,90.7,90.7,96.7
הדסה עין כרם,113.6,2022-04-27T00:00:00.000Z,113.6,127.2,90.7,90.7,96.7
הדסה עין כרם,113.6,2022-04-27T00:00:00.000Z,113.6,127.2,90.7,90.7,96.7
הדסה עין כרם,113.6,2022-04-27T00:00:00.000Z,113.6,127.2,90.7,90.7,96.7
הדסה עין כרם,113.6,2022-04-27T00:00:00.000Z,113.6,127.2,90.7,90.7,96.7
הדסה עין כרם,113.6,2022-04-27T00:00:00.000Z,113.6,127.2,90.7,90.7,96.7
הדסה עין כרם,113.6,2022-04-27T00:00:00.000Z,113.6,127.2,90.7,90.7,96.7
הדסה עין כרם,113.6,2022-04-27T00:00:00.000Z,113.6,127.2,90.7,90.7,96.7
הדסה עין כרם,113.6,2022-04-27T00:00:00.000Z,113.6,127.2,90.7,90.7,96.7
הדסה עין כרם,113.6,2022-04-27T00:00:00.000Z,113.6,127.2,90.7,90.7,96.7
הדסה עין כרם,113.6,2022-04-27T00:00:00.000Z,113.6,127.2,90.7,90.7,96.7
הדסה עין כרם,113.6,2022-04-27T00:00:00.000Z,113.6,127.2,90.7,90.7,96.7
הדסה עין כרם,113.6,2022-04-27T00:00:00.000Z,113.6,127.2,90.7,90.7,96.7
הדסה עין כרם,113.6,2022-04-27T00:00:00.000Z,113.6,127.2,90.7,90.7,96.7
הדסה עין כרם,113.6,2022-04-27T00:00:00.000Z,113.6,127.2,90.7,90.7,96.7
הדסה עין כרם,113.6,2022-04-27T00:00:00.000Z,113.6,127.2,90.7,90.7,96.7
הדסה עין כרם,113.6,2022-04-27T00:00:00.000Z,113.6,127.2,90.7,90.7,96.7
הדסה עין כרם,113.6,2022-04-27T00:00:00.000Z,113.6,127.2,90.7,90.7,96.7
הדסה עין כרם,113.6,2022-04-27T00:00:00.000Z,113.6,127.2,90.7,90.7,96.7
הדסה עין כרם,113.6,2022-04-27T00:00:00.000Z,113.6,127.2,90.7,90.7,96.7
הדסה עין כרם,113.6,2022-04-27T00:00:00.000Z,113.6,127.2,90.7,90.7,96.7
הדסה עין כרם,113.6,2022-04-27T00:00:00.000Z,113.6,127.2,90.7,90.7,96.7
הדסה עין כרם,113.6,2022-04-27T00:00:00.000Z,113.6,127.2,90.7,90.7,96.7
הדסה עין כרם,113.6,2022-04-27T00:00:00.000Z,113.6,127.2,90.7,90.7,96.7
הדסה עין כרם,113.6,2022-04-27T00:00:00.000Z,113.6,127.2,90.7,90.7,96.7
הדסה עין כרם,113.6,2022-04-27T00:00:00.000Z,113.6,127.2,90.7,90.7,96.7
הדסה עין כרם,113.6,2022-04-27T00:00:00.000Z,113.6,127.2,90.7,90.7,96.7
הדסה עין כרם,113.6,2022-04-27T00:00:00.000Z,113.6,127.2,90.7,90.7,96.7
הדסה עין כרם,113.6,2022-04-27T00:00:00.000Z,113.6,127.2,90.7,90.7,96.7
הדסה עין כרם,113.6,2022-04-27T00:00:00.000Z,113.6,127.2,90.7,90.7,96.7
הדסה עין כרם,113.6,2022-04-27T00:00:00.000Z,113.6,127.2,90.7,90.7,96.7
הדסה עין כרם,113.6,2022-04-27T00:00:00.000Z,113.6,127.2,90.7,90.7,96.7
הדסה עין כרם,113.6,2022-04-27T00:00:00.000Z,113.6,127.2,90.7,90.7,96.7
הדסה עין כרם,113.6,2022-04-27T00:00:00.000Z,113.6,127.2,90.7,90.7,96.7
הדסה עין כרם,113.6,2022-04-27T00:00:00.000Z,113.6,127.2,90.7,90.7,96.7
הדסה עין כרם,113.6,2022-04-27T00:00:00.000Z,113.6,127.2,90.7,90.7,96.7
הדסה עין כרם,113.6,2022-04-27T00:00:00.000Z,113.6,127.2,90.7,90.7,96.7
הדסה עין כרם,113.6,2022-04-27T00:00:00.000Z,113.6,127.2,90.7,90.7,96.7
הדסה עין כרם,113.6,2022-04-27T00:00:00.000Z,113.6,127.2,90.7,90.7,96.7
הדסה עין כרם,113.6,2022-04-27T00:00:00.000Z,113.6,127.2,90.7,90.7,96.7
הדסה עין כרם,113.6,2022-04-27T00:00:00.000Z,113.6,127.2,90.7,90.7,96.7
הדסה עין כרם,113.6,2022-04-27T00:00:00.000Z,113.6,127.2,90.7,90.7,96.7
הדסה עין כרם,113.6,2022-04-27T00:00:00.000Z,113.6,127.2,90.7,90.7,96.7
הדסה עין כרם,113.6,2022-04-27T00:00:00.000Z,113.6,127.2,90.7,90.7,96.7
הדסה עין כרם,113.6,2022-04-27T00:00:00.000Z,113.6,127.2,90.7,90.7,96.7
הדסה עין כרם,113.6,2022-04-27T00:00:00.000Z,113.6,127.2,90.7,90.7,96.7
הדסה עין כרם,113.6,2022-04-27T00:00:00.000Z,113.6,127.2,90.7,90.7,96.7
הדסה עין כרם,113.6,2022-04-27T00:00:00.000Z,113.6,127.2,90.7,90.7,96.7
הדסה עין כרם,113.6,2022-04-27T00:00:00.000Z,113.6,127.2,90.7,90.7,96.7
הדסה עין כרם,113.6,2022-04-27T00:00:00.000Z,113.6,127.2,90.7,90.7,96.7
הדסה עין כרם,113.6,2022-04-27T00:00:00.000Z,113.6,127.2,90.7,90.7,96.7
הדסה עין כרם,113.6,2022-04-27T00:00:00.000Z,113.6,127.2,90.7,90.7,96.7
הדסה עין כרם,113.6,2022-04-27T00:00:00.000Z,113.6,127.2,90.7,90.7,96.7
הדסה עין כרם,113.6,2022-04-27T00:00:00.000Z,113.6,127.2,90.7,90.7,96.7
הדסה עין כרם,113.6,2022-04-27T00:00:00.000Z,113.6,127.2,90.7,90.7,96.7
הדסה עין כרם,113.6,2022-04-27T00:00:00.000Z,113.6,127.2,90.7,90.7,96.7
הדסה עין כרם,113.6,2022-04-27T00:00:00.000Z,113.6,127.2,90.7,90.7,96.7
הדסה עין כרם,113.6,2022-04-27T00:00:00.000Z,113.6,127.2,90.7,90.7,96.7
הדסה עין כרם,113.6,2022-04-27T00:00:00.000Z,113.6,127.2,90.7,90.7,96.7
הדסה עין כרם,113.6,2022-04-27T00:00:00.000Z,113.6,127.2,90.7,90.7,96.7
הדסה עין כרם,113.6,2022-04-27T00:00:00.000Z,113.6,127.2,90.7,90.7,96.7
הדסה עין כרם,113.6,2022-04-27T00:00:00.000Z,113.6,127.2,90.7,90.7,96.7
הדסה עין כרם,113.6,2022-04-27T00:00:00.000Z,113.6,127.2,90.7,90.7,96.7
הדסה עין כרם,113.6,2022-04-27T00:00:00.000Z,113.6,127.2,90.7,90.7,96.7
הדסה עין כרם,113.6,2022-04-27T00:00:00.000Z,113.6,127.2,90.7,90.7,96.7
הדסה עין כרם,113.6,2022-04-27T00:00:00.000Z,113.6,127.2,90.7,90.7,96.7
הדסה עין כרם,113.6,2022-04-27T00:00:00.000Z,113.6,127.2,90.7,90.7,96.7
הדסה עין כרם,113.6,2022-04-27T00:00:00.000Z,113.6,127.2,90.7,90.7,96.7
הדסה עין כרם,113.6,2022-04-27T00:00:00.000Z,113.6,127.2,90.7,90.7,96.7
הדסה עין כרם,113.6,2022-04-27T00:00:00.000Z,113.6,127.2,90.7,90.7,96.7
הדסה עין כרם,113.6,2022-04-27T00:00:00.000Z,113.6,127.2,90.7,90.7,96.7
הדסה עין כרם,113.6,2022-04-27T00:00:00.000Z,113.6,127.2,90.7,90.7,96.7
הדסה עין כרם,113.6,2022-04-27T00:00:00.000Z,113.6,127.2,90.7,90.7,96.7
הדסה עין כרם,113.6,2022-04-27T00:00:00.000Z,113.6,127.2,90.7,90.7,96.7
הדסה עין כרם,113.6,2022-04-27T00:00:00.000Z,113.6,127.2,90.7,90.7,96.7
הדסה עין כרם,113.6,2022-04-27T00:00:00.000Z,113.6,127.2,90.7,90.7,96.7
הדסה עין כרם,113.6,2022-04-27T00:00:00.000Z,113.6,127.2,90.7,90.7,96.7
הדסה עין כרם,113.6,2022-04-27T00:00:00.000Z,113.6,127.2,90.7,90.7,96.7
הדסה עין כרם,113.6,2022-04-27T00:00:00.000Z,113.6,127.2,90.7,90.7,96.7
הדסה עין כרם,113.6,2022-04-27T00:00:00.000Z,113.6,127.2,90.7,90.7,96.7
הדסה עין כרם,113.6,2022-04-27T00:00:00.000Z,113.6,127.2,90.7,90.7,96.7
הדסה עין כרם,113.6,2022-04-27T00:00:00.000Z,113.6,127.2,90.7,90.7,96.7
הדסה עין כרם,113.6,2022-04-27T00:00:00.000Z,113.6,127.2,90.7,90.7,96.7
הדסה עין כרם,113.6,2022-04-27T00:00:00.000Z,113.6,127.2,90.7,90.7,96.7
הדסה עין כרם,113.6,2022-04-27T00:00:00.000Z,113.6,127.2,90.7,90.7,96.7
הדסה עין כרם,113.6,2022-04-27T00:00:00.000Z,113.6,127.2,90.7,90.7,96.7
הדסה עין כרם,113.6,2022-04-27T00:00:00.000Z,113.6,127.2,90.7,90.7,96.7
הדסה עין כרם,113.6,2022-04-27T00:00:00.000Z,113.6,127.2,90.7,90.7,96.7
הדסה עין כרם,113.6,2022-04-27T00:00:00.000Z,113.6,127.2,90.7,90.7,96.7
הדסה עין כרם,113.6,2022-04-27T00:00:00.000Z,113.6,127.2,90.7,90.7,96.7
הדסה עין כרם,113.6,2022-04-27T00:00:00.000Z,113.6,127.2,90.7,90.7,96.7
הדסה עין כרם,113.6,2022-04-27T00:00:00.000Z,113.6,127.2,90.7,90.7,96.7
הדסה עין כרם,113.6,2022-04-27T00:00:00.000Z,113.6,127.2,90.7,90.7,96.7
הדסה עין כרם,113.6,2022-04-27T00:00:00.000Z,113.6,127.2,90.7,90.7,96.7
הדסה עין כרם,113.6,2022-04-27T00:00:00.000Z,113.6,127.2,90.7,90.7,96.7
הדסה עין כרם,113.6,2022-04-27T00:00:00.000Z,113.6,127.2,90.7,90.7,96.7
הדסה עין כרם,113.6,2022-04-27T00:00:00.000Z,113.6,127.2,90.7,90.7,96.7
הדסה עין כרם,113.6,2022-04-27T00:00:00.000Z,113.6,127.2,90.7,90.7,96.7
הדסה עין כרם,113.6,2022-04-27T00:00:00.000Z,113.6,127.2,90.7,90.7,96.7
הדסה עין כרם,113.6,2022-04-27T00:00:00.000Z,113.6,127.2,90.7,90.7,96.7
הדסה עין כרם,113.6,2022-04-27T00:00:00.000Z,113.6,127.2,90.7,90.7,96.7
הדסה עין כרם,113.6,2022-04-27T00:00:00.000Z,113.6,127.2,90.7,90.7,96.7
הדסה עין כרם,113.6,2022-04-27T00:00:00.000Z,113.6,127.2,90.7,90.7,96.7
הדסה עין כרם,113.6,2022-04-27T00:00:00.000Z,113.6,127.2,90.7,90.7,96.7
הדסה עין כרם,113.6,2022-04-27T00:00:00.000Z,113.6,127.2,90.7,90.7,96.7
הדסה עין כרם,113.6,2022-04-27T00:00:00.000Z,113.6,127.2,90.7,90.7,96.7
הדסה עין כרם,113.6,2022-04-27T00:00:00.000Z,113.6,127.2,90.7,90.7,96.7
הדסה עין כרם,113.6,2022-04-27T00:00:00.000Z,113.6,127.2,90.7,90.7,96.7
הדסה עין כרם,113.6,2022-04-27T00:00:00.000Z,113.6,127.2,90.7,90.7,96.7
הדסה עין כרם,113.6,2022-04-27T00:00:00.000Z,113.6,127.2,90.7,90.7,96.7
הדסה עין כרם,113.6,2022-04-27T00:00:00.000Z,113.6,127.2,90.7,90.7,96.7
הדסה עין כרם,113.6,2022-04-27T00:00:00.000Z,113.6,127.2,90.7,90.7,96.7
הדסה עין כרם,113.6,2022-04-27T00:00:00.000Z,113.6,127.2,90.7,90.7,96.7
הדסה עין כרם,113.6,2022-04-27T00:00:00.000Z,113.6,127.2,90.7,90.7,96.7
הדסה עין כרם,113.6,2022-04-27T00:00:00.000Z,113.6,127.2,90.7,90.7,96.7
הדסה עין כרם,113.6,2022-04-27T00:00:00.000Z,113.6,127.2,90.7,90.7,96.7
הדסה עין כרם,113.6,2022-04-27T00:00:00.000Z,113.6,127.2,90.7,90.7,96.7
הדסה עין כרם,113.6,2022-04-27T00:00:00.000Z,113.6,127.2,90.7,90.7,96.7
הדסה עין כרם,113.6,2022-04-27T00:00:00.000Z,113.6,127.2,90.7,90.7,96.7
הדסה עין כרם,113.6,2022-04-27T00:00:00.000Z,113.6,127.2,90.7,90.7,96.7
הדסה עין כרם,113.6,2022-04-27T00:00:00.000Z,113.6,127.2,90.7,90.7,96.7
הדסה עין כרם,113.6,2022-04-27T00:00:00.000Z,113.6,127.2,90.7,90.7,96.7
הדסה עין כרם,113.6,2022-04-27T00:00:00.000Z,113.6,127.2,90.7,90.7,96.7
הדסה עין כרם,113.6,2022-04-27T00:00:00.000Z,113.6,127.2,90.7,90.7,96.7
הדסה עין כרם,113.6,2022-04-27T00:00:00.000Z,113.6,127.2,90.7,90.7,96.7
הדסה עין כרם,113.6,2022-04-27T00:00:00.000Z,113.6,127.2,90.7,90.7,96.7
הדסה עין כרם,113.6,2022-04-27T00:00:00.000Z,113.6,127.2,90.7,90.7,96.7
הדסה עין כרם,113.6,2022-04-27T00:00:00.000Z,113.6,127.2,90.7,90.7,96.7
הדסה עין כרם,113.6,2022-04-27T00:00:00.000Z,113.6,127.2,90.7,90.7,96.7
הדסה עין כרם,113.6,2022-04-27T00:00:00.000Z,113.6,127.2,90.7,90.7,96.7
הדסה עין כרם,113.6,2022-04-27T00:00:00.000Z,113.6,127.2,90.7,90.7,96.7
הדסה עין כרם,113.6,2022-04-27T00:00:00.000Z,113.6,127.2,90.7,90.7,96.7
הדסה עין כרם,113.6,2022-04-27T00:00:00.000Z,113.6,127.2,90.7,90.7,96.7
הדסה עין כרם,113.6,2022-04-27T00:00:00.000Z,113.6,127.2,90.7,90.7,96.7
הדסה עין כרם,113.6,2022-04-27T00:00:00.000Z,113.6,127.2,90.7,90.7,96.7
הדסה עין כרם,113.6,2022-04-27T00:00:00.000Z,113.6,127.2,90.7,90.7,96.7
הדסה עין כרם,113.6,2022-04-27T00:00:00.000Z,113.6,127.2,90.7,90.7,96.7
הדסה עין כרם,113.6,2022-04-27T00:00:00.000Z,113.6,127.2,90.7,90.7,96.7
הדסה עין כרם,113.6,2022-04-27T00:00:00.000Z,113.6,127.2,90.7,90.7,96.7
הדסה עין כרם,113.6,2022-04-27T00:00:00.000Z,113.6,127.2,90.7,90.7,96.7
הדסה עין כרם,113.6,2022-04-27T00:00:00.000Z,113.6,127.2,90.7,90.7,96.7
הדסה עין כרם,113.6,2022-04-27T00:00:00.000Z,113.6,127.2,90.7,90.7,96.7
הדסה עין כרם,113.6,2022-04-27T00:00:00.000Z,113.6,127.2,90.7,90.7,96.7
הדסה עין כרם,113.6,2022-04-27T00:00:00.000Z,113.6,127.2,90.7,90.7,96.7
הדסה עין כרם,113.6,2022-04-27T00:00:00.000Z,113.6,127.2,90.7,90.7,96.7
הדסה עין כרם,113.6,2022-04-27T00:00:00.000Z,113.6,127.2,90.7,90.7,96.7
הדסה עין כרם,113.6,2022-04-27T00:00:00.000Z,113.6,127.2,90.7,90.7,96.7
הדסה עין כרם,113.6,2022-04-27T00:00:00.000Z,113.6,127.2,90.7,90.7,96.7
הדסה עין כרם,113.6,2022-04-27T00:00:00.000Z,113.6,127.2,90.7,90.7,96.7
הדסה עין כרם,113.6,2022-04-27T00:00:00.000Z,113.6,127.2,90.7,90.7,96.7
הדסה עין כרם,113.6,2022-04-27T00:00:00.000Z,113.6,127.2,90.7,90.7,96.7
הדסה עין כרם,113.6,2022-04-27T00:00:00.000Z,113.6,127.2,90.7,90.7,96.7
הדסה עין כרם,113.6,2022-04-27T00:00:00.000Z,113.6,127.2,90.7,90.7,96.7
הדסה עין כרם,113.6,2022-04-27T00:00:00.000Z,113.6,127.2,90.7,90.7,96.7
הדסה עין כרם,113.6,2022-04-27T00:00:00.000Z,113.6,127.2,90.7,90.7,96.7
הדסה עין כרם,113.6,2022-04-27T00:00:00.000Z,113.6,127.2,90.7,90.7,96.7
הדסה עין כרם,113.6,2022-04-27T00:00:00.000Z,113.6,127.2,90.7,90.7,96.7
הדסה עין כרם,113.6,2022-04-27T00:00:00.000Z,113.6,127.2,90.7,90.7,96.7
הדסה עין כרם,113.6,2022-04-27T00:00:00.000Z,113.6,127.2,90.7,90.7,96.7
הדסה עין כרם,113.6,2022-04-27T00:00:00.000Z,113.6,127.2,90.7,90.7,96.7
הדסה עין כרם,113.6,2022-04-27T00:00:00.000Z,113.6,127.2,90.7,90.7,96.7
הדסה עין כרם,113.6,2022-04-27T00:00:00.000Z,113.6,127.2,90.7,90.7,96.7
הדסה עין כרם,113.6,2022-04-27T00:00:00.000Z,113.6,127.2,90.7,90.7,96.7
הדסה עין כרם,113.6,2022-04-27T00:00:00.000Z,113.6,127.2,90.7,90.7,96.7
הדסה עין כרם,113.6,2022-04-27T00:00:00.000Z,113.6,127.2,90.7,90.7,96.7
הדסה עין כרם,113.6,2022-04-27T00:00:00.000Z,113.6,127.2,90.7,90.7,96.7
הדסה עין כרם,113.6,2022-04-27T00:00:00.000Z,113.6,127.2,90.7,90.7,96.7
הדסה עין כרם,113.6,2022-04-27T00:00:00.000Z,113.6,127.2,90.7,90.7,96.7
הדסה עין כרם,113.6,2022-04-27T00:00:00.000Z,113.6,127.2,90.7,90.7,96.7
הדסה עין כרם,113.6,2022-04-27T00:00:00.000Z,113.6,127.2,90.7,90.7,96.7
הדסה עין כרם,113.6,2022-04-27T00:00:00.000Z,113.6,127.2,90.7,90.7,96.7
הדסה עין כרם,113.6,2022-04-27T00:00:00.000Z,113.6,127.2,90.7,90.7,96.7
הדסה עין כרם,113.6,2022-04-27T00:00:00.000Z,113.6,127.2,90.7,90.7,96.7
הדסה עין כרם,113.6,2022-04-27T00:00:00.000Z,113.6,127.2,90.7,90.7,96.7
הדסה עין כרם,113.6,2022-04-27T00:00:00.000Z,113.6,127.2,90.7,90.7,96.7
הדסה עין כרם,113.6,2022-04-27T00:00:00.000Z,113.6,127.2,90.7,90.7,96.7
הדסה עין כרם,113.6,2022-04-27T00:00:00.000Z,113.6,127.2,90.7,90.7,96.7
הדסה עין כרם,113.6,2022-04-27T00:00:00.000Z,113.6,127.2,90.7,90.7,96.7
הדסה עין כרם,113.6,2022-04-27T00:00:00.000Z,113.6,127.2,90.7,90.7,96.7
הדסה עין כרם,113.6,2022-04-27T00:00:00.000Z,113.6,127.2,90.7,90.7,96.7
הדסה עין כרם,113.6,2022-04-27T00:00:00.000Z,113.6,127.2,90.7,90.7,96.7
הדסה עין כרם,113.6,2022-04-27T00:00:00.000Z,113.6,127.2,90.7,90.7,96.7
הדסה עין כרם,113.6,2022-04-27T00:00:00.000Z,113.6,127.2,90.7,90.7,96.7
הדסה עין כרם,113.6,2022-04-27T00:00:00.000Z,113.6,127.2,90.7,90.7,96.7
הדסה עין כרם,113.6,2022-04-27T00:00:00.000Z,113.6,127.2,90.7,90.7,96.7
הדסה עין כרם,113.6,2022-04-27T00:00:00.000Z,113.6,127.2,90.7,90.7,96.7
הדסה עין כרם,113.6,2022-04-27T00:00:00.000Z,113.6,127.2,90.7,90.7,96.7
הדסה עין כרם,113.6,2022-04-27T00:00:00.000Z,113.6,127.2,90.7,90.7,96.7
הדסה עין כרם,113.6,2022-04-27T00:00:00.000Z,113.6,127.2,90.7,90.7,96.7
הדסה עין כרם,113.6,2022-04-27T00:00:00.000Z,113.6,127.2,90.7,90.7,96.7
הדסה עין כרם,113.6,2022-04-27T00:00:00.000Z,113.6,127.2,90.7,90.7,96.7
הדסה עין כרם,113.6,2022-04-27T00:00:00.000Z,113.6,127.2,90.7,90.7,96.7
הדסה עין כרם,113.6,2022-04-27T00:00:00.000Z,113.6,127.2,90.7,90.7,96.7
הדסה עין כרם,113.6,2022-04-27T00:00:00.000Z,113.6,127.2,90.7,90.7,96.7
הדסה עין כרם,113.6,2022-04-27T00:00:00.000Z,113.6,127.2,90.7,90.7,96.7
הדסה עין כרם,113.6,2022-04-27T00:00:00.000Z,113.6,127.2,90.7,90.7,96.7
הדסה עין כרם,113.6,2022-04-27T00:00:00.000Z,113.6,127.2,90.7,90.7,96.7
הדסה עין כרם,113.6,2022-04-27T00:00:00.000Z,113.6,127.2,90.7,90.7,96.7
הדסה עין כרם,113.6,2022-04-27T00:00:00.000Z,113.6,127.2,90.7,90.7,96.7
הדסה עין כרם,113.6,2022-04-27T00:00:00.000Z,113.6,127.2,90.7,90.7,96.7
הדסה עין כרם,113.6,2022-04-27T00:00:00.000Z,113.6,127.2,90.7,90.7,96.7
הדסה עין כרם,113.6,2022-04-27T00:00:00.000Z,113.6,127.2,90.7,90.7,96.7
הדסה עין כרם,113.6,2022-04-27T00:00:00.000Z,113.6,127.2,90.7,90.7,96.7
הדסה עין כרם,113.6,2022-04-27T00:00:00.000Z,113.6,127.2,90.7,90.7,96.7
הדסה עין כרם,113.6,2022-04-27T00:00:00.000Z,113.6,127.2,90.7,90.7,96.7
הדסה עין כרם,113.6,2022-04-27T00:00:00.000Z,113.6,127.2,90.7,90.7,96.7
הדסה עין כרם,113.6,2022-04-27T00:00:00.000Z,113.6,127.2,90.7,90.7,96.7
הדסה עין כרם,113.6,2022-04-27T00:00:00.000Z,113.6,127.2,90.7,90.7,96.7
הדסה עין כרם,113.6,2022-04-27T00:00:00.000Z,113.6,127.2,90.7,90.7,96.7
הדסה עין כרם,113.6,2022-04-27T00:00:00.000Z,113.6,127.2,90.7,90.7,96.7
הדסה עין כרם,113.6,2022-04-27T00:00:00.000Z,113.6,127.2,90.7,90.7,96.7
הדסה עין כרם,113.6,2022-04-27T00:00:00.000Z,113.6,127.2,90.7,90.7,96.7
הדסה עין כרם,113.6,2022-04-27T00:00:00.000Z,113.6,127.2,90.7,90.7,96.7
הדסה עין כרם,113.6,2022-04-27T00:00:00.000Z,113.6,127.2,90.7,90.7,96.7
הדסה עין כרם,113.6,2022-04-27T00:00:00.000Z,113.6,127.2,90.7,90.7,96.7
הדסה עין כרם,113.6,2022-04-27T00:00:00.000Z,113.6,127.2,90.7,90.7,96.7
הדסה עין כרם,113.6,2022-04-27T00:00:00.000Z,113.6,127.2,90.7,90.7,96.7
הדסה עין כרם,113.6,2022-04-27T00:00:00.000Z,113.6,127.2,90.7,90.7,96.7
הדסה עין כרם,113.6,2022-04-27T00:00:00.000Z,113.6,127.2,90.7,90.7,96.7
הדסה עין כרם,113.6,2022-04-27T00:00:00.000Z,113.6,127.2,90.7,90.7,96.7
הדסה עין כרם,113.6,2022-04-27T00:00:00.000Z,113.6,127.2,90.7,90.7,96.7
הדסה עין כרם,113.6,2022-04-27T00:00:00.000Z,113.6,127.2,90.7,90.7,96.7
הדסה עין כרם,113.6,2022-04-27T00:00:00.000Z,113.6,127.2,90.7,90.7,96.7
הדסה עין כרם,113.6,2022-04-27T00:00:00.000Z,113.6,127.2,90.7,90.7,96.7
הדסה עין כרם,113.6,2022-04-27T00:00:00.000Z,113.6,127.2,90.7,90.7,96.7
הדסה עין כרם,113.6,2022-04-27T00:00:00.000Z,113.6,127.2,90.7,90.7,96.7
הדסה עין כרם,113.6,2022-04-27T00:00:00.000Z,113.6,127.2,90.7,90.7,96.7
הדסה עין כרם,113.6,2022-04-27T00:00:00.000Z,113.6,127.2,90.7,90.7,96.7
הדסה עין כרם,113.6,2022-04-27T00:00:00.000Z,113.6,127.2,90.7,90.7,96.7
הדסה עין כרם,113.6,2022-04-27T00:00:00.000Z,113.6,127.2,90.7,90.7,96.7
הדסה עין כרם,113.6,2022-04-27T00:00:00.000Z,113.6,127.2,90.7,90.7,96.7
הדסה עין כרם,113.6,2022-04-27T00:00:00.000Z,113.6,127.2,90.7,90.7,96.7
הדסה עין כרם,113.6,2022-04-27T00:00:00.000Z,113.6,127.2,90.7,90.7,96.7
הדסה עין כרם,113.6,2022-04-27T00:00:00.000Z,113.6,127.2,90.7,90.7,96.7
הדסה עין כרם,113.6,2022-04-27T00:00:00.000Z,113.6,127.2,90.7,90.7,96.7
הדסה עין כרם,113.6,2022-04-27T00:00:00.000Z,113.6,127.2,90.7,90.7,96.7
הדסה עין כרם,113.6,2022-04-27T00:00:00.000Z,113.6,127.2,90.7,90.7,96.7
הדסה עין כרם,113.6,2022-04-27T00:00:00.000Z,113.6,127.2,90.7,90.7,96.7
הדסה עין כרם,113.6,2022-04-27T00:00:00.000Z,113.6,127.2,90.7,90.7,96.7
הדסה עין כרם,113.6,2022-04-27T00:00:00.000Z,113.6,127.2,90.7,90.7,96.7
הדסה עין כרם,113.6,2022-04-27T00:00:00.000Z,113.6,127.2,90.7,90.7,96.7
הדסה עין כרם,113.6,2022-04-27T00:00:00.000Z,113.6,127.2,90.7,90.7,96.7
הדסה עין כרם,113.6,2022-04-27T00:00:00.000Z,113.6,127.2,90.7,90.7,96.7
הדסה עין כרם,113.6,2022-04-27T00:00:00.000Z,113.6,127.2,90.7,90.7,96.7
הדסה עין כרם,113.6,2022-04-27T00:00:00.000Z,113.6,127.2,90.7,90.7,96.7
הדסה עין כרם,113.6,2022-04-27T00:00:00.000Z,113.6,127.2,90.7,90.7,96.7
הדסה עין כרם,113.6,2022-04-27T00:00:00.000Z,113.6,127.2,90.7,90.7,96.7
הדסה עין כרם,113.6,2022-04-27T00:00:00.000Z,113.6,127.2,90.7,90.7,96.7
הדסה עין כרם,113.6,2022-04-27T00:00:00.000Z,113.6,127.2,90.7,90.7,96.7
הדסה עין כרם,113.6,2022-04-27T00:00:00.000Z,113.6,127.2,90.7,90.7,96.7
הדסה עין כרם,113.6,2022-04-27T00:00:00.000Z,113.6,127.2,90.7,90.7,96.7
הדסה עין כרם,113.6,2022-04-27T00:00:00.000Z,113.6,127.2,90.7,90.7,96.7
הדסה עין כרם,113.6,2022-04-27T00:00:00.000Z,113.6,127.2,90.7,90.7,96.7
הדסה עין כרם,113.6,2022-04-27T00:00:00.000Z,113.6,127.2,90.7,90.7,96.7
הדסה עין כרם,113.6,2022-04-27T00:00:00.000Z,113.6,127.2,90.7,90.7,96.7
הדסה עין כרם,113.6,2022-04-27T00:00:00.000Z,113.6,127.2,90.7,90.7,96.7
הדסה עין כרם,113.6,2022-04-27T00:00:00.000Z,113.6,127.2,90.7,90.7,96.7
הדסה עין כרם,113.6,2022-04-27T00:00:00.000Z,113.6,127.2,90.7,90.7,96.7
הדסה עין כרם,113.6,2022-04-27T00:00:00.000Z,113.6,127.2,90.7,90.7,96.7
הדסה עין כרם,113.6,2022-04-27T00:00:00.000Z,113.6,127.2,90.7,90.7,96.7
הדסה עין כרם,113.6,2022-04-27T00:00:00.000Z,113.6,127.2,90.7,90.7,96.7
הדסה עין כרם,113.6,2022-04-27T00:00:00.000Z,113.6,127.2,90.7,90.7,96.7
הדסה עין כרם,113.6,2022-04-27T00:00:00.000Z,113.6,127.2,90.7,90.7,96.7
הדסה עין כרם,113.6,2022-04-27T00:00:00.000Z,113.6,127.2,90.7,90.7,96.7
הדסה עין כרם,113.6,2022-04-27T00:00:00.000Z,113.6,127.2,90.7,90.7,96.7
הדסה עין כרם,113.6,2022-04-27T00:00:00.000Z,113.6,127.2,90.7,90.7,96.7
הדסה עין כרם,113.6,2022-04-27T00:00:00.000Z,113.6,127.2,90.7,90.7,96.7
הדסה עין כרם,113.6,2022-04-27T00:00:00.000Z,113.6,127.2,90.7,90.7,96.7
הדסה עין כרם,113.6,2022-04-27T00:00:00.000Z,113.6,127.2,90.7,90.7,96.7
הדסה עין כרם,113.6,2022-04-27T00:00:00.000Z,113.6,127.2,90.7,90.7,96.7
הדסה עין כרם,113.6,2022-04-27T00:00:00.000Z,113.6,127.2,90.7,90.7,96.7
הדסה עין כרם,113.6,2022-04-27T00:00:00.000Z,113.6,127.2,90.7,90.7,96.7
הדסה עין כרם,113.6,2022-04-27T00:00:00.000Z,113.6,127.2,90.7,90.7,96.7
הדסה עין כרם,113.6,2022-04-27T00:00:00.000Z,113.6,127.2,90.7,90.7,96.7
הדסה עין כרם,113.6,2022-04-27T00:00:00.000Z,113.6,127.2,90.7,90.7,96.7
הדסה עין כרם,113.6,2022-04-27T00:00:00.000Z,113.6,127.2,90.7,90.7,96.7
הדסה עין כרם,113.6,2022-04-27T00:00:00.000Z,113.6,127.2,90.7,90.7,96.7
הדסה עין כרם,113.6,2022-04-27T00:00:00.000Z,113.6,127.2,90.7,90.7,96.7
הדסה עין כרם,113.6,2022-04-27T00:00:00.000Z,113.6,127.2,90.7,90.7,96.7
הדסה עין כרם,113.6,2022-04-27T00:00:00.000Z,113.6,127.2,90.7,90.7,96.7
הדסה עין כרם,113.6,2022-04-27T00:00:00.000Z,113.6,127.2,90.7,90.7,96.7
הדסה עין כרם,113.6,2022-04-27T00:00:00.000Z,113.6,127.2,90.7,90.7,96.7
הדסה עין כרם,113.6,2022-04-27T00:00:00.000Z,113.6,127.2,90.7,90.7,96.7
הדסה עין כרם,113.6,2022-04-27T00:00:00.000Z,113.6,127.2,90.7,90.7,96.7
הדסה עין כרם,113.6,2022-04-27T00:00:00.000Z,113.6,127.2,90.7,90.7,96.7
הדסה עין כרם,113.6,2022-04-27T00:00:00.000Z,113.6,127.2,90.7,90.7,96.7
הדסה עין כרם,113.6,2022-04-27T00:00:00.000Z,113.6,127.2,90.7,90.7,96.7
הדסה עין כרם,113.6,2022-04-27T00:00:00.000Z,113.6,127.2,90.7,90.7,96.7
הדסה עין כרם,113.6,2022-04-27T00:00:00.000Z,113.6,127.2,90.7,90.7,96.7
הדסה עין כרם,113.6,2022-04-27T00:00:00.000Z,113.6,127.2,90.7,90.7,96.7
הדסה עין כרם,113.6,2022-04-27T00:00:00.000Z,113.6,127.2,90.7,90.7,96.7
הדסה עין כרם,113.6,2022-04-27T00:00:00.000Z,113.6,127.2,90.7,90.7,96.7
הדסה עין כרם,113.6,2022-04-27T00:00:00.000Z,113.6,127.2,90.7,90.7,96.7
הדסה עין כרם,113.6,2022-04-27T00:00:00.000Z,113.6,127.2,90.7,90.7,96.7
הדסה עין כרם,113.6,2022-04-27T00:00:00.000Z,113.6,127.2,90.7,90.7,96.7
הדסה עין כרם,113.6,2022-04-27T00:00:00.000Z,113.6,127.2,90.7,90.7,96.7
הדסה עין כרם,113.6,2022-04-27T00:00:00.000Z,113.6,127.2,90.7,90.7,96.7
הדסה עין כרם,113.6,2022-04-27T00:00:00.000Z,113.6,127.2,90.7,90.7,96.7
הדסה עין כרם,113.6,2022-04-27T00:00:00.000Z,113.6,127.2,90.7,90.7,96.7
הדסה עין כרם,113.6,2022-04-27T00:00:00.000Z,113.6,127.2,90.7,90.7,96.7
הדסה עין כרם,113.6,2022-04-27T00:00:00.000Z,113.6,127.2,90.7,90.7,96.7
הדסה עין כרם,113.6,2022-04-27T00:00:00.000Z,113.6,127.2,90.7,90.7,96.7
הדסה עין כרם,113.6,2022-04-27T00:00:00.000Z,113.6,127.2,90.7,90.7,96.7
הדסה עין כרם,113.6,2022-04-27T00:00:00.000Z,113.6,127.2,90.7,90.7,96.7
הדסה עין כרם,113.6,2022-04-27T00:00:00.000Z,113.6,127.2,90.7,90.7,96.7
הדסה עין כרם,113.6,2022-04-27T00:00:00.000Z,113.6,127.2,90.7,90.7,96.7
הדסה עין כרם,113.6,2022-04-27T00:00:00.000Z,113.6,127.2,90.7,90.7,96.7
הדסה עין כרם,113.6,2022-04-27T00:00:00.000Z,113.6,127.2,90.7,90.7,96.7
הדסה עין כרם,113.6,2022-04-27T00:00:00.000Z,113.6,127.2,90.7,90.7,96.7
הדסה עין כרם,113.6,2022-04-27T00:00:00.000Z,113.6,127.2,90.7,90.7,96.7
הדסה עין כרם,113.6,2022-04-27T00:00:00.000Z,113.6,127.2,90.7,90.7,96.7
הדסה עין כרם,113.6,2022-04-27T00:00:00.000Z,113.6,127.2,90.7,90.7,96.7
הדסה עין כרם,113.6,2022-04-27T00:00:00.000Z,113.6,127.2,90.7,90.7,96.7
הדסה עין כרם,113.6,2022-04-27T00:00:00.000Z,113.6,127.2,90.7,90.7,96.7
הדסה עין כרם,113.6,2022-04-27T00:00:00.000Z,113.6,127.2,90.7,90.7,96.7
הדסה עין כרם,113.6,2022-04-27T00:00:00.000Z,113.6,127.2,90.7,90.7,96.7
הדסה עין כרם,113.6,2022-04-27T00:00:00.000Z,113.6,127.2,90.7,90.7,96.7
הדסה עין כרם,113.6,2022-04-27T00:00:00.000Z,113.6,127.2,90.7,90.7,96.7
לניאדו,100,2022-04-27T00:00:00.000Z,100,98.7,97.5,97.5,104.2
לניאדו,100,2022-04-27T00:00:00.000Z,100,98.7,97.5,97.5,104.2
רבין ק. בילינסון,120.3,2022-04-27T00:00:00.000Z,120.3,101.3,100.2,100.2,91.5
רבין ק. בילינסון,120.3,2022-04-27T00:00:00.000Z,120.3,101.3,100.2,100.2,91.5
רבין ק. בילינסון,120.3,2022-04-27T00:00:00.000Z,120.3,101.3,100.2,100.2,91.5
רבין ק. בילינסון,120.3,2022-04-27T00:00:00.000Z,120.3,101.3,100.2,100.2,91.5
רבין ק. בילינסון,120.3,2022-04-27T00:00:00.000Z,120.3,101.3,100.2,100.2,91.5
רבין ק. בילינסון,120.3,2022-04-27T00:00:00.000Z,120.3,101.3,100.2,100.2,91.5
רבין ק. בילינסון,120.3,2022-04-27T00:00:00.000Z,120.3,101.3,100.2,100.2,91.5
רבין ק. בילינסון,120.3,2022-04-27T00:00:00.000Z,120.3,101.3,100.2,100.2,91.5
רבין ק. בילינסון,120.3,2022-04-27T00:00:00.000Z,120.3,101.3,100.2,100.2,91.5
רבין ק. בילינסון,120.3,2022-04-27T00:00:00.000Z,120.3,101.3,100.2,100.2,91.5
רבין ק. בילינסון,120.3,2022-04-27T00:00:00.000Z,120.3,101.3,100.2,100.2,91.5
רבין ק. בילינסון,120.3,2022-04-27T00:00:00.000Z,120.3,101.3,100.2,100.2,91.5
רבין ק. בילינסון,120.3,2022-04-27T00:00:00.000Z,120.3,101.3,100.2,100.2,91.5
רבין ק. בילינסון,120.3,2022-04-27T00:00:00.000Z,120.3,101.3,100.2,100.2,91.5
רבין ק. בילינסון,120.3,2022-04-27T00:00:00.000Z,120.3,101.3,100.2,100.2,91.5
רבין ק. בילינסון,120.3,2022-04-27T00:00:00.000Z,120.3,101.3,100.2,100.2,91.5
רבין ק. בילינסון,120.3,2022-04-27T00:00:00.000Z,120.3,101.3,100.2,100.2,91.5
רבין ק. בילינסון,120.3,2022-04-27T00:00:00.000Z,120.3,101.3,100.2,100.2,91.5
רבין ק. בילינסון,120.3,2022-04-27T00:00:00.000Z,120.3,101.3,100.2,100.2,91.5
רבין ק. בילינסון,120.3,2022-04-27T00:00:00.000Z,120.3,101.3,100.2,100.2,91.5
רבין ק. בילינסון,120.3,2022-04-27T00:00:00.000Z,120.3,101.3,100.2,100.2,91.5
רבין ק. בילינסון,120.3,2022-04-27T00:00:00.000Z,120.3,101.3,100.2,100.2,91.5
רבין ק. בילינסון,120.3,2022-04-27T00:00:00.000Z,120.3,101.3,100.2,100.2,91.5
רבין ק. בילינסון,120.3,2022-04-27T00:00:00.000Z,120.3,101.3,100.2,100.2,91.5
רבין ק. בילינסון,120.3,2022-04-27T00:00:00.000Z,120.3,101.3,100.2,100.2,91.5
רבין ק. בילינסון,120.3,2022-04-27T00:00:00.000Z,120.3,101.3,100.2,100.2,91.5
רבין ק. בילינסון,120.3,2022-04-27T00:00:00.000Z,120.3,101.3,100.2,100.2,91.5
רבין ק. בילינסון,120.3,2022-04-27T00:00:00.000Z,120.3,101.3,100.2,100.2,91.5
רבין ק. בילינסון,120.3,2022-04-27T00:00:00.000Z,120.3,101.3,100.2,100.2,91.5
רבין ק. בילינסון,120.3,2022-04-27T00:00:00.000Z,120.3,101.3,100.2,100.2,91.5
רבין ק. בילינסון,120.3,2022-04-27T00:00:00.000Z,120.3,101.3,100.2,100.2,91.5
לניאדו,100,2022-04-27T00:00:00.000Z,100,98.7,97.5,97.5,104.2
לניאדו,100,2022-04-27T00:00:00.000Z,100,98.7,97.5,97.5,104.2
לניאדו,100,2022-04-27T00:00:00.000Z,100,98.7,97.5,97.5,104.2
פוריה,79.5,2022-04-27T00:00:00.000Z,79.5,66.7,84.5,84.5,74.6
פוריה,79.5,2022-04-27T00:00:00.000Z,79.5,66.7,84.5,84.5,74.6
פוריה,79.5,2022-04-27T00:00:00.000Z,79.5,66.7,84.5,84.5,74.6
פוריה,79.5,2022-04-27T00:00:00.000Z,79.5,66.7,84.5,84.5,74.6
פוריה,79.5,2022-04-27T00:00:00.000Z,79.5,66.7,84.5,84.5,74.6
פוריה,79.5,2022-04-27T00:00:00.000Z,79.5,66.7,84.5,84.5,74.6
פוריה,79.5,2022-04-27T00:00:00.000Z,79.5,66.7,84.5,84.5,74.6
פוריה,79.5,2022-04-27T00:00:00.000Z,79.5,66.7,84.5,84.5,74.6
פוריה,79.5,2022-04-27T00:00:00.000Z,79.5,66.7,84.5,84.5,74.6
פוריה,79.5,2022-04-27T00:00:00.000Z,79.5,66.7,84.5,84.5,74.6
פוריה,79.5,2022-04-27T00:00:00.000Z,79.5,66.7,84.5,84.5,74.6
פוריה,79.5,2022-04-27T00:00:00.000Z,79.5,66.7,84.5,84.5,74.6
פוריה,79.5,2022-04-27T00:00:00.000Z,79.5,66.7,84.5,84.5,74.6
פוריה,79.5,2022-04-27T00:00:00.000Z,79.5,66.7,84.5,84.5,74.6
פוריה,79.5,2022-04-27T00:00:00.000Z,79.5,66.7,84.5,84.5,74.6
פוריה,79.5,2022-04-27T00:00:00.000Z,79.5,66.7,84.5,84.5,74.6
פוריה,79.5,2022-04-27T00:00:00.000Z,79.5,66.7,84.5,84.5,74.6
פוריה,79.5,2022-04-27T00:00:00.000Z,79.5,66.7,84.5,84.5,74.6
פוריה,79.5,2022-04-27T00:00:00.000Z,79.5,66.7,84.5,84.5,74.6
פוריה,79.5,2022-04-27T00:00:00.000Z,79.5,66.7,84.5,84.5,74.6
פוריה,79.5,2022-04-27T00:00:00.000Z,79.5,66.7,84.5,84.5,74.6
פוריה,79.5,2022-04-27T00:00:00.000Z,79.5,66.7,84.5,84.5,74.6
פוריה,79.5,2022-04-27T00:00:00.000Z,79.5,66.7,84.5,84.5,74.6
פוריה,79.5,2022-04-27T00:00:00.000Z,79.5,66.7,84.5,84.5,74.6
פוריה,79.5,2022-04-27T00:00:00.000Z,79.5,66.7,84.5,84.5,74.6
פוריה,79.5,2022-04-27T00:00:00.000Z,79.5,66.7,84.5,84.5,74.6
פוריה,79.5,2022-04-27T00:00:00.000Z,79.5,66.7,84.5,84.5,74.6
פוריה,79.5,2022-04-27T00:00:00.000Z,79.5,66.7,84.5,84.5,74.6
פוריה,79.5,2022-04-27T00:00:00.000Z,79.5,66.7,84.5,84.5,74.6
פוריה,79.5,2022-04-27T00:00:00.000Z,79.5,66.7,84.5,84.5,74.6
פוריה,79.5,2022-04-27T00:00:00.000Z,79.5,66.7,84.5,84.5,74.6
פוריה,79.5,2022-04-27T00:00:00.000Z,79.5,66.7,84.5,84.5,74.6
פוריה,79.5,2022-04-27T00:00:00.000Z,79.5,66.7,84.5,84.5,74.6
פוריה,79.5,2022-04-27T00:00:00.000Z,79.5,66.7,84.5,84.5,74.6
פוריה,79.5,2022-04-27T00:00:00.000Z,79.5,66.7,84.5,84.5,74.6
רבין ק. בילינסון,120.3,2022-04-27T00:00:00.000Z,120.3,101.3,100.2,100.2,91.5
רבין ק. בילינסון,120.3,2022-04-27T00:00:00.000Z,120.3,101.3,100.2,100.2,91.5
רבין ק. בילינסון,120.3,2022-04-27T00:00:00.000Z,120.3,101.3,100.2,100.2,91.5
רבין ק. בילינסון,120.3,2022-04-27T00:00:00.000Z,120.3,101.3,100.2,100.2,91.5
רבין ק. בילינסון,120.3,2022-04-27T00:00:00.000Z,120.3,101.3,100.2,100.2,91.5
רבין ק. בילינסון,120.3,2022-04-27T00:00:00.000Z,120.3,101.3,100.2,100.2,91.5
רבין ק. בילינסון,120.3,2022-04-27T00:00:00.000Z,120.3,101.3,100.2,100.2,91.5
רבין ק. בילינסון,120.3,2022-04-27T00:00:00.000Z,120.3,101.3,100.2,100.2,91.5
רבין ק. בילינסון,120.3,2022-04-27T00:00:00.000Z,120.3,101.3,100.2,100.2,91.5
רבין ק. בילינסון,120.3,2022-04-27T00:00:00.000Z,120.3,101.3,100.2,100.2,91.5
רבין ק. בילינסון,120.3,2022-04-27T00:00:00.000Z,120.3,101.3,100.2,100.2,91.5
רבין ק. בילינסון,120.3,2022-04-27T00:00:00.000Z,120.3,101.3,100.2,100.2,91.5
רבין ק. בילינסון,120.3,2022-04-27T00:00:00.000Z,120.3,101.3,100.2,100.2,91.5
רבין ק. בילינסון,120.3,2022-04-27T00:00:00.000Z,120.3,101.3,100.2,100.2,91.5
רבין ק. בילינסון,120.3,2022-04-27T00:00:00.000Z,120.3,101.3,100.2,100.2,91.5
רבין ק. בילינסון,120.3,2022-04-27T00:00:00.000Z,120.3,101.3,100.2,100.2,91.5
רבין ק. בילינסון,120.3,2022-04-27T00:00:00.000Z,120.3,101.3,100.2,100.2,91.5
רבין ק. בילינסון,120.3,2022-04-27T00:00:00.000Z,120.3,101.3,100.2,100.2,91.5
רבין ק. בילינסון,120.3,2022-04-27T00:00:00.000Z,120.3,101.3,100.2,100.2,91.5
רבין ק. בילינסון,120.3,2022-04-27T00:00:00.000Z,120.3,101.3,100.2,100.2,91.5
רבין ק. בילינסון,120.3,2022-04-27T00:00:00.000Z,120.3,101.3,100.2,100.2,91.5
רבין ק. בילינסון,120.3,2022-04-27T00:00:00.000Z,120.3,101.3,100.2,100.2,91.5
רבין ק. בילינסון,120.3,2022-04-27T00:00:00.000Z,120.3,101.3,100.2,100.2,91.5
רבין ק. בילינסון,120.3,2022-04-27T00:00:00.000Z,120.3,101.3,100.2,100.2,91.5
רבין ק. בילינסון,120.3,2022-04-27T00:00:00.000Z,120.3,101.3,100.2,100.2,91.5
רבין ק. בילינסון,120.3,2022-04-27T00:00:00.000Z,120.3,101.3,100.2,100.2,91.5
לניאדו,100,2022-04-27T00:00:00.000Z,100,98.7,97.5,97.5,104.2
לניאדו,100,2022-04-27T00:00:00.000Z,100,98.7,97.5,97.5,104.2
לניאדו,100,2022-04-27T00:00:00.000Z,100,98.7,97.5,97.5,104.2
לניאדו,100,2022-04-27T00:00:00.000Z,100,98.7,97.5,97.5,104.2
לניאדו,100,2022-04-27T00:00:00.000Z,100,98.7,97.5,97.5,104.2
לניאדו,100,2022-04-27T00:00:00.000Z,100,98.7,97.5,97.5,104.2
לניאדו,100,2022-04-27T00:00:00.000Z,100,98.7,97.5,97.5,104.2
לניאדו,100,2022-04-27T00:00:00.000Z,100,98.7,97.5,97.5,104.2
לניאדו,100,2022-04-27T00:00:00.000Z,100,98.7,97.5,97.5,104.2
לניאדו,100,2022-04-27T00:00:00.000Z,100,98.7,97.5,97.5,104.2
רבין ק. בילינסון,120.3,2022-04-27T00:00:00.000Z,120.3,101.3,100.2,100.2,91.5
רבין ק. בילינסון,120.3,2022-04-27T00:00:00.000Z,120.3,101.3,100.2,100.2,91.5
רבין ק. בילינסון,120.3,2022-04-27T00:00:00.000Z,120.3,101.3,100.2,100.2,91.5
רבין ק. בילינסון,120.3,2022-04-27T00:00:00.000Z,120.3,101.3,100.2,100.2,91.5
רבין ק. בילינסון,120.3,2022-04-27T00:00:00.000Z,120.3,101.3,100.2,100.2,91.5
רבין ק. בילינסון,120.3,2022-04-27T00:00:00.000Z,120.3,101.3,100.2,100.2,91.5
רבין ק. בילינסון,120.3,2022-04-27T00:00:00.000Z,120.3,101.3,100.2,100.2,91.5
רבין ק. בילינסון,120.3,2022-04-27T00:00:00.000Z,120.3,101.3,100.2,100.2,91.5
רבין ק. בילינסון,120.3,2022-04-27T00:00:00.000Z,120.3,101.3,100.2,100.2,91.5
רבין ק. בילינסון,120.3,2022-04-27T00:00:00.000Z,120.3,101.3,100.2,100.2,91.5
רבין ק. בילינסון,120.3,2022-04-27T00:00:00.000Z,120.3,101.3,100.2,100.2,91.5
בני ציון,93.4,2022-04-27T00:00:00.000Z,93.4,95,95.6,95.6,85.5
בני ציון,93.4,2022-04-27T00:00:00.000Z,93.4,95,95.6,95.6,85.5
בני ציון,93.4,2022-04-27T00:00:00.000Z,93.4,95,95.6,95.6,85.5
בני ציון,93.4,2022-04-27T00:00:00.000Z,93.4,95,95.6,95.6,85.5
בני ציון,93.4,2022-04-27T00:00:00.000Z,93.4,95,95.6,95.6,85.5
בני ציון,93.4,2022-04-27T00:00:00.000Z,93.4,95,95.6,95.6,85.5
בני ציון,93.4,2022-04-27T00:00:00.000Z,93.4,95,95.6,95.6,85.5
בני ציון,93.4,2022-04-27T00:00:00.000Z,93.4,95,95.6,95.6,85.5
בני ציון,93.4,2022-04-27T00:00:00.000Z,93.4,95,95.6,95.6,85.5
בני ציון,93.4,2022-04-27T00:00:00.000Z,93.4,95,95.6,95.6,85.5
בני ציון,93.4,2022-04-27T00:00:00.000Z,93.4,95,95.6,95.6,85.5
בני ציון,93.4,2022-04-27T00:00:00.000Z,93.4,95,95.6,95.6,85.5
בני ציון,93.4,2022-04-27T00:00:00.000Z,93.4,95,95.6,95.6,85.5
בני ציון,93.4,2022-04-27T00:00:00.000Z,93.4,95,95.6,95.6,85.5
בני ציון,93.4,2022-04-27T00:00:00.000Z,93.4,95,95.6,95.6,85.5
בני ציון,93.4,2022-04-27T00:00:00.000Z,93.4,95,95.6,95.6,85.5
בני ציון,93.4,2022-04-27T00:00:00.000Z,93.4,95,95.6,95.6,85.5
בני ציון,93.4,2022-04-27T00:00:00.000Z,93.4,95,95.6,95.6,85.5
בני ציון,93.4,2022-04-27T00:00:00.000Z,93.4,95,95.6,95.6,85.5
בני ציון,93.4,2022-04-27T00:00:00.000Z,93.4,95,95.6,95.6,85.5
בני ציון,93.4,2022-04-27T00:00:00.000Z,93.4,95,95.6,95.6,85.5
אסותא אשדוד,139,2022-04-27T00:00:00.000Z,150.8,176,142.7,129.8,126.7
אסותא אשדוד,139,2022-04-27T00:00:00.000Z,146.5,176,142.7,129.4,129.1
אסותא אשדוד,139,2022-04-27T00:00:00.000Z,143.6,176.8,142.7,129.5,131.6
אסותא אשדוד,139,2022-04-27T00:00:00.000Z,140.9,178.5,142.7,130.6,135.3
אסותא אשדוד,139,2022-04-27T00:00:00.000Z,139.2,178.2,142.7,132.5,139.1
אסותא אשדוד,139,2022-04-27T00:00:00.000Z,138,179.7,142.7,136.1,143.8
אסותא אשדוד,139,2022-04-27T00:00:00.000Z,135.8,182.6,142.7,136.8,149
אסותא אשדוד,139,2022-04-27T00:00:00.000Z,139,184.7,142.7,142.7,152.9
אסותא אשדוד,139,2022-04-27T00:00:00.000Z,139,184.7,142.7,142.7,152.9
אסותא אשדוד,139,2022-04-27T00:00:00.000Z,139,184.7,142.7,142.7,152.9
אסותא אשדוד,139,2022-04-27T00:00:00.000Z,139,184.7,142.7,142.7,152.9
אסותא אשדוד,139,2022-04-27T00:00:00.000Z,139,184.7,142.7,142.7,152.9
אסותא אשדוד,139,2022-04-27T00:00:00.000Z,139,184.7,142.7,142.7,152.9
אסותא אשדוד,139,2022-04-27T00:00:00.000Z,139,184.7,142.7,142.7,152.9
אסותא אשדוד,139,2022-04-27T00:00:00.000Z,139,184.7,142.7,142.7,152.9
אסותא אשדוד,139,2022-04-27T00:00:00.000Z,139,184.7,142.7,142.7,152.9
אסותא אשדוד,139,2022-04-27T00:00:00.000Z,139,184.7,142.7,142.7,152.9
אסותא אשדוד,139,2022-04-27T00:00:00.000Z,139,184.7,142.7,142.7,152.9
אסותא אשדוד,139,2022-04-27T00:00:00.000Z,139,184.7,142.7,142.7,152.9
אסותא אשדוד,139,2022-04-27T00:00:00.000Z,139,184.7,142.7,142.7,152.9
אסותא אשדוד,139,2022-04-27T00:00:00.000Z,139,184.7,142.7,142.7,152.9
אסותא אשדוד,139,2022-04-27T00:00:00.000Z,139,184.7,142.7,142.7,152.9
אסותא אשדוד,139,2022-04-27T00:00:00.000Z,139,184.7,142.7,142.7,152.9
אסותא אשדוד,139,2022-04-27T00:00:00.000Z,139,184.7,142.7,142.7,152.9
אסותא אשדוד,139,2022-04-27T00:00:00.000Z,139,184.7,142.7,142.7,152.9
אסותא אשדוד,139,2022-04-27T00:00:00.000Z,139,184.7,142.7,142.7,152.9
אסותא אשדוד,139,2022-04-27T00:00:00.000Z,139,184.7,142.7,142.7,152.9
אסותא אשדוד,139,2022-04-27T00:00:00.000Z,139,184.7,142.7,142.7,152.9
אסותא אשדוד,139,2022-04-27T00:00:00.000Z,139,184.7,142.7,142.7,152.9
אסותא אשדוד,139,2022-04-27T00:00:00.000Z,139,184.7,142.7,142.7,152.9
אסותא אשדוד,139,2022-04-27T00:00:00.000Z,139,184.7,142.7,142.7,152.9
אסותא אשדוד,139,2022-04-27T00:00:00.000Z,139,184.7,142.7,142.7,152.9
אסותא אשדוד,139,2022-04-27T00:00:00.000Z,139,184.7,142.7,142.7,152.9
אסותא אשדוד,139,2022-04-27T00:00:00.000Z,139,184.7,142.7,142.7,152.9
אסותא אשדוד,139,2022-04-27T00:00:00.000Z,139,184.7,142.7,142.7,152.9
אסותא אשדוד,139,2022-04-27T00:00:00.000Z,139,184.7,142.7,142.7,152.9
אסותא אשדוד,139,2022-04-27T00:00:00.000Z,139,184.7,142.7,142.7,152.9
אסותא אשדוד,139,2022-04-27T00:00:00.000Z,139,184.7,142.7,142.7,152.9
אסותא אשדוד,139,2022-04-27T00:00:00.000Z,139,184.7,142.7,142.7,152.9
אסותא אשדוד,139,2022-04-27T00:00:00.000Z,139,184.7,142.7,142.7,152.9
אסותא אשדוד,139,2022-04-27T00:00:00.000Z,139,184.7,142.7,142.7,152.9
אסותא אשדוד,139,2022-04-27T00:00:00.000Z,139,184.7,142.7,142.7,152.9
אסותא אשדוד,139,2022-04-27T00:00:00.000Z,139,184.7,142.7,142.7,152.9
אסותא אשדוד,139,2022-04-27T00:00:00.000Z,139,184.7,142.7,142.7,152.9
אסותא אשדוד,139,2022-04-27T00:00:00.000Z,139,184.7,142.7,142.7,152.9
אסותא אשדוד,139,2022-04-27T00:00:00.000Z,139,184.7,142.7,142.7,152.9
אסותא אשדוד,139,2022-04-27T00:00:00.000Z,139,184.7,142.7,142.7,152.9
אסותא אשדוד,139,2022-04-27T00:00:00.000Z,139,184.7,142.7,142.7,152.9
אסותא אשדוד,139,2022-04-27T00:00:00.000Z,139,184.7,142.7,142.7,152.9
אסותא אשדוד,139,2022-04-27T00:00:00.000Z,139,184.7,142.7,142.7,152.9
אסותא אשדוד,139,2022-04-27T00:00:00.000Z,139,184.7,142.7,142.7,152.9
אסותא אשדוד,139,2022-04-27T00:00:00.000Z,139,184.7,142.7,142.7,152.9
אסותא אשדוד,139,2022-04-27T00:00:00.000Z,139,184.7,142.7,142.7,152.9
אסותא אשדוד,139,2022-04-27T00:00:00.000Z,139,184.7,142.7,142.7,152.9
אסותא אשדוד,139,2022-04-27T00:00:00.000Z,139,184.7,142.7,142.7,152.9
אסותא אשדוד,139,2022-04-27T00:00:00.000Z,139,184.7,142.7,142.7,152.9
אסותא אשדוד,139,2022-04-27T00:00:00.000Z,139,184.7,142.7,142.7,152.9
אסותא אשדוד,139,2022-04-27T00:00:00.000Z,139,184.7,142.7,142.7,152.9
אסותא אשדוד,139,2022-04-27T00:00:00.000Z,139,184.7,142.7,142.7,152.9
אסותא אשדוד,139,2022-04-27T00:00:00.000Z,139,184.7,142.7,142.7,152.9
אסותא אשדוד,139,2022-04-27T00:00:00.000Z,139,184.7,142.7,142.7,152.9
אסותא אשדוד,139,2022-04-27T00:00:00.000Z,139,184.7,142.7,142.7,152.9
אסותא אשדוד,139,2022-04-27T00:00:00.000Z,139,184.7,142.7,142.7,152.9
אסותא אשדוד,139,2022-04-27T00:00:00.000Z,139,184.7,142.7,142.7,152.9
אסותא אשדוד,139,2022-04-27T00:00:00.000Z,139,184.7,142.7,142.7,152.9
אסותא אשדוד,139,2022-04-27T00:00:00.000Z,139,184.7,142.7,142.7,152.9
אסותא אשדוד,139,2022-04-27T00:00:00.000Z,139,184.7,142.7,142.7,152.9
אסותא אשדוד,139,2022-04-27T00:00:00.000Z,139,184.7,142.7,142.7,152.9
אסותא אשדוד,139,2022-04-27T00:00:00.000Z,139,184.7,142.7,142.7,152.9
אסותא אשדוד,139,2022-04-27T00:00:00.000Z,139,184.7,142.7,142.7,152.9
אסותא אשדוד,139,2022-04-27T00:00:00.000Z,139,184.7,142.7,142.7,152.9
אסותא אשדוד,139,2022-04-27T00:00:00.000Z,139,184.7,142.7,142.7,152.9
אסותא אשדוד,139,2022-04-27T00:00:00.000Z,139,184.7,142.7,142.7,152.9
אסותא אשדוד,139,2022-04-27T00:00:00.000Z,139,184.7,142.7,142.7,152.9
אסותא אשדוד,139,2022-04-27T00:00:00.000Z,139,184.7,142.7,142.7,152.9
אסותא אשדוד,139,2022-04-27T00:00:00.000Z,139,184.7,142.7,142.7,152.9
אסותא אשדוד,139,2022-04-27T00:00:00.000Z,139,184.7,142.7,142.7,152.9
אסותא אשדוד,139,2022-04-27T00:00:00.000Z,139,184.7,142.7,142.7,152.9
אסותא אשדוד,139,2022-04-27T00:00:00.000Z,139,184.7,142.7,142.7,152.9
אסותא אשדוד,139,2022-04-27T00:00:00.000Z,139,184.7,142.7,142.7,152.9
אסותא אשדוד,139,2022-04-27T00:00:00.000Z,139,184.7,142.7,142.7,152.9
אסותא אשדוד,139,2022-04-27T00:00:00.000Z,139,184.7,142.7,142.7,152.9
אסותא אשדוד,139,2022-04-27T00:00:00.000Z,139,184.7,142.7,142.7,152.9
אסותא אשדוד,139,2022-04-27T00:00:00.000Z,139,184.7,142.7,142.7,152.9
אסותא אשדוד,139,2022-04-27T00:00:00.000Z,139,184.7,142.7,142.7,152.9
אסותא אשדוד,139,2022-04-27T00:00:00.000Z,139,184.7,142.7,142.7,152.9
אסותא אשדוד,139,2022-04-27T00:00:00.000Z,139,184.7,142.7,142.7,152.9
אסותא אשדוד,139,2022-04-27T00:00:00.000Z,139,184.7,142.7,142.7,152.9
אסותא אשדוד,139,2022-04-27T00:00:00.000Z,139,184.7,142.7,142.7,152.9
אסותא אשדוד,139,2022-04-27T00:00:00.000Z,139,184.7,142.7,142.7,152.9
אסותא אשדוד,139,2022-04-27T00:00:00.000Z,139,184.7,142.7,142.7,152.9
אסותא אשדוד,139,2022-04-27T00:00:00.000Z,139,184.7,142.7,142.7,152.9
אסותא אשדוד,139,2022-04-27T00:00:00.000Z,139,184.7,142.7,142.7,152.9
אסותא אשדוד,139,2022-04-27T00:00:00.000Z,139,184.7,142.7,142.7,152.9
אסותא אשדוד,139,2022-04-27T00:00:00.000Z,139,184.7,142.7,142.7,152.9
אסותא אשדוד,139,2022-04-27T00:00:00.000Z,139,184.7,142.7,142.7,152.9
אסותא אשדוד,139,2022-04-27T00:00:00.000Z,139,184.7,142.7,142.7,152.9
אסותא אשדוד,139,2022-04-27T00:00:00.000Z,139,184.7,142.7,142.7,152.9
אסותא אשדוד,139,2022-04-27T00:00:00.000Z,139,184.7,142.7,142.7,152.9
אסותא אשדוד,139,2022-04-27T00:00:00.000Z,139,184.7,142.7,142.7,152.9
אסותא אשדוד,139,2022-04-27T00:00:00.000Z,139,184.7,142.7,142.7,152.9
אסותא אשדוד,139,2022-04-27T00:00:00.000Z,139,184.7,142.7,142.7,152.9
אסותא אשדוד,139,2022-04-27T00:00:00.000Z,139,184.7,142.7,142.7,152.9
אסותא אשדוד,139,2022-04-27T00:00:00.000Z,139,184.7,142.7,142.7,152.9
אסותא אשדוד,139,2022-04-27T00:00:00.000Z,139,184.7,142.7,142.7,152.9
אסותא אשדוד,139,2022-04-27T00:00:00.000Z,139,184.7,142.7,142.7,152.9
אסותא אשדוד,139,2022-04-27T00:00:00.000Z,139,184.7,142.7,142.7,152.9
אסותא אשדוד,139,2022-04-27T00:00:00.000Z,139,184.7,142.7,142.7,152.9
אסותא אשדוד,139,2022-04-27T00:00:00.000Z,139,184.7,142.7,142.7,152.9
אסותא אשדוד,139,2022-04-27T00:00:00.000Z,139,184.7,142.7,142.7,152.9
אסותא אשדוד,139,2022-04-27T00:00:00.000Z,139,184.7,142.7,142.7,152.9
אסותא אשדוד,139,2022-04-27T00:00:00.000Z,139,184.7,142.7,142.7,152.9
אסותא אשדוד,139,2022-04-27T00:00:00.000Z,139,184.7,142.7,142.7,152.9
אסותא אשדוד,139,2022-04-27T00:00:00.000Z,139,184.7,142.7,142.7,152.9
אסותא אשדוד,139,2022-04-27T00:00:00.000Z,139,184.7,142.7,142.7,152.9
אסותא אשדוד,139,2022-04-27T00:00:00.000Z,139,184.7,142.7,142.7,152.9
אסותא אשדוד,139,2022-04-27T00:00:00.000Z,139,184.7,142.7,142.7,152.9
אסותא אשדוד,139,2022-04-27T00:00:00.000Z,139,184.7,142.7,142.7,152.9
אסותא אשדוד,139,2022-04-27T00:00:00.000Z,139,184.7,142.7,142.7,152.9
אסותא אשדוד,139,2022-04-27T00:00:00.000Z,139,184.7,142.7,142.7,152.9
אסותא אשדוד,139,2022-04-27T00:00:00.000Z,139,184.7,142.7,142.7,152.9
אסותא אשדוד,139,2022-04-27T00:00:00.000Z,139,184.7,142.7,142.7,152.9
אסותא אשדוד,139,2022-04-27T00:00:00.000Z,139,184.7,142.7,142.7,152.9
אסותא אשדוד,139,2022-04-27T00:00:00.000Z,139,184.7,142.7,142.7,152.9
אסותא אשדוד,139,2022-04-27T00:00:00.000Z,139,184.7,142.7,142.7,152.9
אסותא אשדוד,139,2022-04-27T00:00:00.000Z,139,184.7,142.7,142.7,152.9
אסותא אשדוד,139,2022-04-27T00:00:00.000Z,139,184.7,142.7,142.7,152.9
אסותא אשדוד,139,2022-04-27T00:00:00.000Z,139,184.7,142.7,142.7,152.9
אסותא אשדוד,139,2022-04-27T00:00:00.000Z,139,184.7,142.7,142.7,152.9
אסותא אשדוד,139,2022-04-27T00:00:00.000Z,139,184.7,142.7,142.7,152.9
אסותא אשדוד,139,2022-04-27T00:00:00.000Z,139,184.7,142.7,142.7,152.9
אסותא אשדוד,139,2022-04-27T00:00:00.000Z,139,184.7,142.7,142.7,152.9
אסותא אשדוד,139,2022-04-27T00:00:00.000Z,139,184.7,142.7,142.7,152.9
אסותא אשדוד,139,2022-04-27T00:00:00.000Z,139,184.7,142.7,142.7,152.9
אסותא אשדוד,139,2022-04-27T00:00:00.000Z,139,184.7,142.7,142.7,152.9
אסותא אשדוד,139,2022-04-27T00:00:00.000Z,139,184.7,142.7,142.7,152.9
אסותא אשדוד,139,2022-04-27T00:00:00.000Z,139,184.7,142.7,142.7,152.9
אסותא אשדוד,139,2022-04-27T00:00:00.000Z,139,184.7,142.7,142.7,152.9
אסותא אשדוד,139,2022-04-27T00:00:00.000Z,139,184.7,142.7,142.7,152.9
אסותא אשדוד,139,2022-04-27T00:00:00.000Z,139,184.7,142.7,142.7,152.9
אסותא אשדוד,139,2022-04-27T00:00:00.000Z,139,184.7,142.7,142.7,152.9
אסותא אשדוד,139,2022-04-27T00:00:00.000Z,139,184.7,142.7,142.7,152.9
אסותא אשדוד,139,2022-04-27T00:00:00.000Z,139,184.7,142.7,142.7,152.9
אסותא אשדוד,139,2022-04-27T00:00:00.000Z,139,184.7,142.7,142.7,152.9
אסותא אשדוד,139,2022-04-27T00:00:00.000Z,139,184.7,142.7,142.7,152.9
אסותא אשדוד,139,2022-04-27T00:00:00.000Z,139,184.7,142.7,142.7,152.9
אסותא אשדוד,139,2022-04-27T00:00:00.000Z,139,184.7,142.7,142.7,152.9
אסותא אשדוד,139,2022-04-27T00:00:00.000Z,139,184.7,142.7,142.7,152.9
אסותא אשדוד,139,2022-04-27T00:00:00.000Z,139,184.7,142.7,142.7,152.9
אסותא אשדוד,139,2022-04-27T00:00:00.000Z,139,184.7,142.7,142.7,152.9
אסותא אשדוד,139,2022-04-27T00:00:00.000Z,139,184.7,142.7,142.7,152.9
אסותא אשדוד,139,2022-04-27T00:00:00.000Z,139,184.7,142.7,142.7,152.9
אסותא אשדוד,139,2022-04-27T00:00:00.000Z,139,184.7,142.7,142.7,152.9
אסותא אשדוד,139,2022-04-27T00:00:00.000Z,139,184.7,142.7,142.7,152.9
אסותא אשדוד,139,2022-04-27T00:00:00.000Z,139,184.7,142.7,142.7,152.9
אסותא אשדוד,139,2022-04-27T00:00:00.000Z,139,184.7,142.7,142.7,152.9
אסותא אשדוד,139,2022-04-27T00:00:00.000Z,139,184.7,142.7,142.7,152.9
אסותא אשדוד,139,2022-04-27T00:00:00.000Z,139,184.7,142.7,142.7,152.9
אסותא אשדוד,139,2022-04-27T00:00:00.000Z,139,184.7,142.7,142.7,152.9
אסותא אשדוד,139,2022-04-27T00:00:00.000Z,139,184.7,142.7,142.7,152.9
אסותא אשדוד,139,2022-04-27T00:00:00.000Z,139,184.7,142.7,142.7,152.9
אסותא אשדוד,139,2022-04-27T00:00:00.000Z,139,184.7,142.7,142.7,152.9
אסותא אשדוד,139,2022-04-27T00:00:00.000Z,139,184.7,142.7,142.7,152.9
אסותא אשדוד,139,2022-04-27T00:00:00.000Z,139,184.7,142.7,142.7,152.9
אסותא אשדוד,139,2022-04-27T00:00:00.000Z,139,184.7,142.7,142.7,152.9
אסותא אשדוד,139,2022-04-27T00:00:00.000Z,139,184.7,142.7,142.7,152.9
אסותא אשדוד,139,2022-04-27T00:00:00.000Z,139,184.7,142.7,142.7,152.9
אסותא אשדוד,139,2022-04-27T00:00:00.000Z,139,184.7,142.7,142.7,152.9
אסותא אשדוד,139,2022-04-27T00:00:00.000Z,139,184.7,142.7,142.7,152.9
אסותא אשדוד,139,2022-04-27T00:00:00.000Z,139,184.7,142.7,142.7,152.9
אסותא אשדוד,139,2022-04-27T00:00:00.000Z,139,184.7,142.7,142.7,152.9
אסותא אשדוד,139,2022-04-27T00:00:00.000Z,139,184.7,142.7,142.7,152.9
אסותא אשדוד,139,2022-04-27T00:00:00.000Z,139,184.7,142.7,142.7,152.9
אסותא אשדוד,139,2022-04-27T00:00:00.000Z,139,184.7,142.7,142.7,152.9
אסותא אשדוד,139,2022-04-27T00:00:00.000Z,139,184.7,142.7,142.7,152.9
אסותא אשדוד,139,2022-04-27T00:00:00.000Z,139,184.7,142.7,142.7,152.9
אסותא אשדוד,139,2022-04-27T00:00:00.000Z,139,184.7,142.7,142.7,152.9
אסותא אשדוד,139,2022-04-27T00:00:00.000Z,139,184.7,142.7,142.7,152.9
אסותא אשדוד,139,2022-04-27T00:00:00.000Z,139,184.7,142.7,142.7,152.9
אסותא אשדוד,139,2022-04-27T00:00:00.000Z,139,184.7,142.7,142.7,152.9
אסותא אשדוד,139,2022-04-27T00:00:00.000Z,139,184.7,142.7,142.7,152.9
אסותא אשדוד,139,2022-04-27T00:00:00.000Z,139,184.7,142.7,142.7,152.9
אסותא אשדוד,139,2022-04-27T00:00:00.000Z,139,184.7,142.7,142.7,152.9
אסותא אשדוד,139,2022-04-27T00:00:00.000Z,139,184.7,142.7,142.7,152.9
אסותא אשדוד,139,2022-04-27T00:00:00.000Z,139,184.7,142.7,142.7,152.9
אסותא אשדוד,139,2022-04-27T00:00:00.000Z,139,184.7,142.7,142.7,152.9
אסותא אשדוד,139,2022-04-27T00:00:00.000Z,139,184.7,142.7,142.7,152.9
אסותא אשדוד,139,2022-04-27T00:00:00.000Z,139,184.7,142.7,142.7,152.9
אסותא אשדוד,139,2022-04-27T00:00:00.000Z,139,184.7,142.7,142.7,152.9
אסותא אשדוד,139,2022-04-27T00:00:00.000Z,139,184.7,142.7,142.7,152.9
אסותא אשדוד,139,2022-04-27T00:00:00.000Z,139,184.7,142.7,142.7,152.9
אסותא אשדוד,139,2022-04-27T00:00:00.000Z,139,184.7,142.7,142.7,152.9
אסותא אשדוד,139,2022-04-27T00:00:00.000Z,139,184.7,142.7,142.7,152.9
אסותא אשדוד,139,2022-04-27T00:00:00.000Z,139,184.7,142.7,142.7,152.9
אסותא אשדוד,139,2022-04-27T00:00:00.000Z,139,184.7,142.7,142.7,152.9
אסותא אשדוד,139,2022-04-27T00:00:00.000Z,139,184.7,142.7,142.7,152.9
אסותא אשדוד,139,2022-04-27T00:00:00.000Z,139,184.7,142.7,142.7,152.9
אסותא אשדוד,139,2022-04-27T00:00:00.000Z,139,184.7,142.7,142.7,152.9
אסותא אשדוד,139,2022-04-27T00:00:00.000Z,139,184.7,142.7,142.7,152.9
אסותא אשדוד,139,2022-04-27T00:00:00.000Z,139,184.7,142.7,142.7,152.9
אסותא אשדוד,139,2022-04-27T00:00:00.000Z,139,184.7,142.7,142.7,152.9
אסותא אשדוד,139,2022-04-27T00:00:00.000Z,139,184.7,142.7,142.7,152.9
אסותא אשדוד,139,2022-04-27T00:00:00.000Z,139,184.7,142.7,142.7,152.9
אסותא אשדוד,139,2022-04-27T00:00:00.000Z,139,184.7,142.7,142.7,152.9
אסותא אשדוד,139,2022-04-27T00:00:00.000Z,139,184.7,142.7,142.7,152.9
אסותא אשדוד,139,2022-04-27T00:00:00.000Z,139,184.7,142.7,142.7,152.9
אסותא אשדוד,139,2022-04-27T00:00:00.000Z,139,184.7,142.7,142.7,152.9
אסותא אשדוד,139,2022-04-27T00:00:00.000Z,139,184.7,142.7,142.7,152.9
אסותא אשדוד,139,2022-04-27T00:00:00.000Z,139,184.7,142.7,142.7,152.9
אסותא אשדוד,139,2022-04-27T00:00:00.000Z,139,184.7,142.7,142.7,152.9
אסותא אשדוד,139,2022-04-27T00:00:00.000Z,139,184.7,142.7,142.7,152.9
אסותא אשדוד,139,2022-04-27T00:00:00.000Z,139,184.7,142.7,142.7,152.9
אסותא אשדוד,139,2022-04-27T00:00:00.000Z,139,184.7,142.7,142.7,152.9
אסותא אשדוד,139,2022-04-27T00:00:00.000Z,139,184.7,142.7,142.7,152.9
אסותא אשדוד,139,2022-04-27T00:00:00.000Z,139,184.7,142.7,142.7,152.9
אסותא אשדוד,139,2022-04-27T00:00:00.000Z,139,184.7,142.7,142.7,152.9
אסותא אשדוד,139,2022-04-27T00:00:00.000Z,139,184.7,142.7,142.7,152.9
אסותא אשדוד,139,2022-04-27T00:00:00.000Z,139,184.7,142.7,142.7,152.9
אסותא אשדוד,139,2022-04-27T00:00:00.000Z,139,184.7,142.7,142.7,152.9
אסותא אשדוד,139,2022-04-27T00:00:00.000Z,139,184.7,142.7,142.7,152.9
אסותא אשדוד,139,2022-04-27T00:00:00.000Z,139,184.7,142.7,142.7,152.9
אסותא אשדוד,139,2022-04-27T00:00:00.000Z,139,184.7,142.7,142.7,152.9
אסותא אשדוד,139,2022-04-27T00:00:00.000Z,139,184.7,142.7,142.7,152.9
אסותא אשדוד,139,2022-04-27T00:00:00.000Z,139,184.7,142.7,142.7,152.9
אסותא אשדוד,139,2022-04-27T00:00:00.000Z,139,184.7,142.7,142.7,152.9
אסותא אשדוד,139,2022-04-27T00:00:00.000Z,139,184.7,142.7,142.7,152.9
אסותא אשדוד,139,2022-04-27T00:00:00.000Z,139,184.7,142.7,142.7,152.9
אסותא אשדוד,139,2022-04-27T00:00:00.000Z,139,184.7,142.7,142.7,152.9
אסותא אשדוד,139,2022-04-27T00:00:00.000Z,139,184.7,142.7,142.7,152.9
אסותא אשדוד,139,2022-04-27T00:00:00.000Z,139,184.7,142.7,142.7,152.9
אסותא אשדוד,139,2022-04-27T00:00:00.000Z,139,184.7,142.7,142.7,152.9
אסותא אשדוד,139,2022-04-27T00:00:00.000Z,139,184.7,142.7,142.7,152.9
אסותא אשדוד,139,2022-04-27T00:00:00.000Z,139,184.7,142.7,142.7,152.9
אסותא אשדוד,139,2022-04-27T00:00:00.000Z,139,184.7,142.7,142.7,152.9
אסותא אשדוד,139,2022-04-27T00:00:00.000Z,139,184.7,142.7,142.7,152.9
אסותא אשדוד,139,2022-04-27T00:00:00.000Z,139,184.7,142.7,142.7,152.9
אסותא אשדוד,139,2022-04-27T00:00:00.000Z,139,184.7,142.7,142.7,152.9
אסותא אשדוד,139,2022-04-27T00:00:00.000Z,139,184.7,142.7,142.7,152.9
אסותא אשדוד,139,2022-04-27T00:00:00.000Z,139,184.7,142.7,142.7,152.9
אסותא אשדוד,139,2022-04-27T00:00:00.000Z,139,184.7,142.7,142.7,152.9
אסותא אשדוד,139,2022-04-27T00:00:00.000Z,139,184.7,142.7,142.7,152.9
אסותא אשדוד,139,2022-04-27T00:00:00.000Z,139,184.7,142.7,142.7,152.9
אסותא אשדוד,139,2022-04-27T00:00:00.000Z,139,184.7,142.7,142.7,152.9
אסותא אשדוד,139,2022-04-27T00:00:00.000Z,139,184.7,142.7,142.7,152.9
אסותא אשדוד,139,2022-04-27T00:00:00.000Z,139,184.7,142.7,142.7,152.9
אסותא אשדוד,139,2022-04-27T00:00:00.000Z,139,184.7,142.7,142.7,152.9
אסותא אשדוד,139,2022-04-27T00:00:00.000Z,139,184.7,142.7,142.7,152.9
אסותא אשדוד,139,2022-04-27T00:00:00.000Z,139,184.7,142.7,142.7,152.9
אסותא אשדוד,139,2022-04-27T00:00:00.000Z,139,184.7,142.7,142.7,152.9
אסותא אשדוד,139,2022-04-27T00:00:00.000Z,139,184.7,142.7,142.7,152.9
אסותא אשדוד,139,2022-04-27T00:00:00.000Z,139,184.7,142.7,142.7,152.9
אסותא אשדוד,139,2022-04-27T00:00:00.000Z,139,184.7,142.7,142.7,152.9
אסותא אשדוד,139,2022-04-27T00:00:00.000Z,139,184.7,142.7,142.7,152.9
אסותא אשדוד,139,2022-04-27T00:00:00.000Z,139,184.7,142.7,142.7,152.9
אסותא אשדוד,139,2022-04-27T00:00:00.000Z,139,184.7,142.7,142.7,152.9
אסותא אשדוד,139,2022-04-27T00:00:00.000Z,139,184.7,142.7,142.7,152.9
אסותא אשדוד,139,2022-04-27T00:00:00.000Z,139,184.7,142.7,142.7,152.9
אסותא אשדוד,139,2022-04-27T00:00:00.000Z,139,184.7,142.7,142.7,152.9
אסותא אשדוד,139,2022-04-27T00:00:00.000Z,139,184.7,142.7,142.7,152.9
אסותא אשדוד,139,2022-04-27T00:00:00.000Z,139,184.7,142.7,142.7,152.9
אסותא אשדוד,139,2022-04-27T00:00:00.000Z,139,184.7,142.7,142.7,152.9
אסותא אשדוד,139,2022-04-27T00:00:00.000Z,139,184.7,142.7,142.7,152.9
אסותא אשדוד,139,2022-04-27T00:00:00.000Z,139,184.7,142.7,142.7,152.9
אסותא אשדוד,139,2022-04-27T00:00:00.000Z,139,184.7,142.7,142.7,152.9
אסותא אשדוד,139,2022-04-27T00:00:00.000Z,139,184.7,142.7,142.7,152.9
אסותא אשדוד,139,2022-04-27T00:00:00.000Z,139,184.7,142.7,142.7,152.9
אסותא אשדוד,139,2022-04-27T00:00:00.000Z,139,184.7,142.7,142.7,152.9
אסותא אשדוד,139,2022-04-27T00:00:00.000Z,139,184.7,142.7,142.7,152.9
אסותא אשדוד,139,2022-04-27T00:00:00.000Z,139,184.7,142.7,142.7,152.9
אסותא אשדוד,139,2022-04-27T00:00:00.000Z,139,184.7,142.7,142.7,152.9
אסותא אשדוד,139,2022-04-27T00:00:00.000Z,139,184.7,142.7,142.7,152.9
אסותא אשדוד,139,2022-04-27T00:00:00.000Z,139,184.7,142.7,142.7,152.9
אסותא אשדוד,139,2022-04-27T00:00:00.000Z,139,184.7,142.7,142.7,152.9
אסותא אשדוד,139,2022-04-27T00:00:00.000Z,139,184.7,142.7,142.7,152.9
אסותא אשדוד,139,2022-04-27T00:00:00.000Z,139,184.7,142.7,142.7,152.9
אסותא אשדוד,139,2022-04-27T00:00:00.000Z,139,184.7,142.7,142.7,152.9
אסותא אשדוד,139,2022-04-27T00:00:00.000Z,139,184.7,142.7,142.7,152.9
אסותא אשדוד,139,2022-04-27T00:00:00.000Z,139,184.7,142.7,142.7,152.9
אסותא אשדוד,139,2022-04-27T00:00:00.000Z,139,184.7,142.7,142.7,152.9
אסותא אשדוד,139,2022-04-27T00:00:00.000Z,139,184.7,142.7,142.7,152.9
אסותא אשדוד,139,2022-04-27T00:00:00.000Z,139,184.7,142.7,142.7,152.9
אסותא אשדוד,139,2022-04-27T00:00:00.000Z,139,184.7,142.7,142.7,152.9
אסותא אשדוד,139,2022-04-27T00:00:00.000Z,139,184.7,142.7,142.7,152.9
אסותא אשדוד,139,2022-04-27T00:00:00.000Z,139,184.7,142.7,142.7,152.9
אסותא אשדוד,139,2022-04-27T00:00:00.000Z,139,184.7,142.7,142.7,152.9
אסותא אשדוד,139,2022-04-27T00:00:00.000Z,139,184.7,142.7,142.7,152.9
אסותא אשדוד,139,2022-04-27T00:00:00.000Z,139,184.7,142.7,142.7,152.9
אסותא אשדוד,139,2022-04-27T00:00:00.000Z,139,184.7,142.7,142.7,152.9
אסותא אשדוד,139,2022-04-27T00:00:00.000Z,139,184.7,142.7,142.7,152.9
אסותא אשדוד,139,2022-04-27T00:00:00.000Z,139,184.7,142.7,142.7,152.9
אסותא אשדוד,139,2022-04-27T00:00:00.000Z,139,184.7,142.7,142.7,152.9
אסותא אשדוד,139,2022-04-27T00:00:00.000Z,139,184.7,142.7,142.7,152.9
אסותא אשדוד,139,2022-04-27T00:00:00.000Z,139,184.7,142.7,142.7,152.9
אסותא אשדוד,139,2022-04-27T00:00:00.000Z,139,184.7,142.7,142.7,152.9
אסותא אשדוד,139,2022-04-27T00:00:00.000Z,139,184.7,142.7,142.7,152.9
אסותא אשדוד,139,2022-04-27T00:00:00.000Z,139,184.7,142.7,142.7,152.9
אסותא אשדוד,139,2022-04-27T00:00:00.000Z,139,184.7,142.7,142.7,152.9
אסותא אשדוד,139,2022-04-27T00:00:00.000Z,139,184.7,142.7,142.7,152.9
אסותא אשדוד,139,2022-04-27T00:00:00.000Z,139,184.7,142.7,142.7,152.9
אסותא אשדוד,139,2022-04-27T00:00:00.000Z,139,184.7,142.7,142.7,152.9
אסותא אשדוד,139,2022-04-27T00:00:00.000Z,139,184.7,142.7,142.7,152.9
אסותא אשדוד,139,2022-04-27T00:00:00.000Z,139,184.7,142.7,142.7,152.9
אסותא אשדוד,139,2022-04-27T00:00:00.000Z,139,184.7,142.7,142.7,152.9
אסותא אשדוד,139,2022-04-27T00:00:00.000Z,139,184.7,142.7,142.7,152.9
אסותא אשדוד,139,2022-04-27T00:00:00.000Z,139,184.7,142.7,142.7,152.9
אסותא אשדוד,139,2022-04-27T00:00:00.000Z,139,184.7,142.7,142.7,152.9
אסותא אשדוד,139,2022-04-27T00:00:00.000Z,139,184.7,142.7,142.7,152.9
אסותא אשדוד,139,2022-04-27T00:00:00.000Z,139,184.7,142.7,142.7,152.9
אסותא אשדוד,139,2022-04-27T00:00:00.000Z,139,184.7,142.7,142.7,152.9
אסותא אשדוד,139,2022-04-27T00:00:00.000Z,139,184.7,142.7,142.7,152.9
אסותא אשדוד,139,2022-04-27T00:00:00.000Z,139,184.7,142.7,142.7,152.9
אסותא אשדוד,139,2022-04-27T00:00:00.000Z,139,184.7,142.7,142.7,152.9
אסותא אשדוד,139,2022-04-27T00:00:00.000Z,139,184.7,142.7,142.7,152.9
אסותא אשדוד,139,2022-04-27T00:00:00.000Z,139,184.7,142.7,142.7,152.9
אסותא אשדוד,139,2022-04-27T00:00:00.000Z,139,184.7,142.7,142.7,152.9
אסותא אשדוד,139,2022-04-27T00:00:00.000Z,139,184.7,142.7,142.7,152.9
אסותא אשדוד,139,2022-04-27T00:00:00.000Z,139,184.7,142.7,142.7,152.9
אסותא אשדוד,139,2022-04-27T00:00:00.000Z,139,184.7,142.7,142.7,152.9
אסותא אשדוד,139,2022-04-27T00:00:00.000Z,139,184.7,142.7,142.7,152.9
אסותא אשדוד,139,2022-04-27T00:00:00.000Z,139,184.7,142.7,142.7,152.9
אסותא אשדוד,139,2022-04-27T00:00:00.000Z,139,184.7,142.7,142.7,152.9
אסותא אשדוד,139,2022-04-27T00:00:00.000Z,139,184.7,142.7,142.7,152.9
אסותא אשדוד,139,2022-04-27T00:00:00.000Z,139,184.7,142.7,142.7,152.9
אסותא אשדוד,139,2022-04-27T00:00:00.000Z,139,184.7,142.7,142.7,152.9
אסותא אשדוד,139,2022-04-27T00:00:00.000Z,139,184.7,142.7,142.7,152.9
אסותא אשדוד,139,2022-04-27T00:00:00.000Z,139,184.7,142.7,142.7,152.9
אסותא אשדוד,139,2022-04-27T00:00:00.000Z,139,184.7,142.7,142.7,152.9
אסותא אשדוד,139,2022-04-27T00:00:00.000Z,139,184.7,142.7,142.7,152.9
אסותא אשדוד,139,2022-04-27T00:00:00.000Z,139,184.7,142.7,142.7,152.9
אסותא אשדוד,139,2022-04-27T00:00:00.000Z,139,184.7,142.7,142.7,152.9
אסותא אשדוד,139,2022-04-27T00:00:00.000Z,139,184.7,142.7,142.7,152.9
אסותא אשדוד,139,2022-04-27T00:00:00.000Z,139,184.7,142.7,142.7,152.9
אסותא אשדוד,139,2022-04-27T00:00:00.000Z,139,184.7,142.7,142.7,152.9
אסותא אשדוד,139,2022-04-27T00:00:00.000Z,139,184.7,142.7,142.7,152.9
אסותא אשדוד,139,2022-04-27T00:00:00.000Z,139,184.7,142.7,142.7,152.9
אסותא אשדוד,139,2022-04-27T00:00:00.000Z,139,184.7,142.7,142.7,152.9
אסותא אשדוד,139,2022-04-27T00:00:00.000Z,139,184.7,142.7,142.7,152.9
אסותא אשדוד,139,2022-04-27T00:00:00.000Z,139,184.7,142.7,142.7,152.9
אסותא אשדוד,139,2022-04-27T00:00:00.000Z,139,184.7,142.7,142.7,152.9
אסותא אשדוד,139,2022-04-27T00:00:00.000Z,139,184.7,142.7,142.7,152.9
אסותא אשדוד,139,2022-04-27T00:00:00.000Z,139,184.7,142.7,142.7,152.9
אסותא אשדוד,139,2022-04-27T00:00:00.000Z,139,184.7,142.7,142.7,152.9
אסותא אשדוד,139,2022-04-27T00:00:00.000Z,139,184.7,142.7,142.7,152.9
אסותא אשדוד,139,2022-04-27T00:00:00.000Z,139,184.7,142.7,142.7,152.9
אסותא אשדוד,139,2022-04-27T00:00:00.000Z,139,184.7,142.7,142.7,152.9
אסותא אשדוד,139,2022-04-27T00:00:00.000Z,139,184.7,142.7,142.7,152.9
אסותא אשדוד,139,2022-04-27T00:00:00.000Z,139,184.7,142.7,142.7,152.9
אסותא אשדוד,139,2022-04-27T00:00:00.000Z,139,184.7,142.7,142.7,152.9
אסותא אשדוד,139,2022-04-27T00:00:00.000Z,139,184.7,142.7,142.7,152.9
אסותא אשדוד,139,2022-04-27T00:00:00.000Z,139,184.7,142.7,142.7,152.9
אסותא אשדוד,139,2022-04-27T00:00:00.000Z,139,184.7,142.7,142.7,152.9
אסותא אשדוד,139,2022-04-27T00:00:00.000Z,139,184.7,142.7,142.7,152.9
אסותא אשדוד,139,2022-04-27T00:00:00.000Z,139,184.7,142.7,142.7,152.9
אסותא אשדוד,139,2022-04-27T00:00:00.000Z,139,184.7,142.7,142.7,152.9
אסותא אשדוד,139,2022-04-27T00:00:00.000Z,139,184.7,142.7,142.7,152.9
אסותא אשדוד,139,2022-04-27T00:00:00.000Z,139,184.7,142.7,142.7,152.9
אסותא אשדוד,139,2022-04-27T00:00:00.000Z,139,184.7,142.7,142.7,152.9
אסותא אשדוד,139,2022-04-27T00:00:00.000Z,139,184.7,142.7,142.7,152.9
אסותא אשדוד,139,2022-04-27T00:00:00.000Z,139,184.7,142.7,142.7,152.9
אסותא אשדוד,139,2022-04-27T00:00:00.000Z,139,184.7,142.7,142.7,152.9
אסותא אשדוד,139,2022-04-27T00:00:00.000Z,139,184.7,142.7,142.7,152.9
אסותא אשדוד,139,2022-04-27T00:00:00.000Z,139,184.7,142.7,142.7,152.9
אסותא אשדוד,139,2022-04-27T00:00:00.000Z,139,184.7,142.7,142.7,152.9
אסותא אשדוד,139,2022-04-27T00:00:00.000Z,139,184.7,142.7,142.7,152.9
אסותא אשדוד,139,2022-04-27T00:00:00.000Z,139,184.7,142.7,142.7,152.9
אסותא אשדוד,139,2022-04-27T00:00:00.000Z,139,184.7,142.7,142.7,152.9
אסותא אשדוד,139,2022-04-27T00:00:00.000Z,139,184.7,142.7,142.7,152.9
אסותא אשדוד,139,2022-04-27T00:00:00.000Z,139,184.7,142.7,142.7,152.9
אסותא אשדוד,139,2022-04-27T00:00:00.000Z,139,184.7,142.7,142.7,152.9
אסותא אשדוד,139,2022-04-27T00:00:00.000Z,139,184.7,142.7,142.7,152.9
אסותא אשדוד,139,2022-04-27T00:00:00.000Z,139,184.7,142.7,142.7,152.9
אסותא אשדוד,139,2022-04-27T00:00:00.000Z,139,184.7,142.7,142.7,152.9
אסותא אשדוד,139,2022-04-27T00:00:00.000Z,139,184.7,142.7,142.7,152.9
אסותא אשדוד,139,2022-04-27T00:00:00.000Z,139,184.7,142.7,142.7,152.9
אסותא אשדוד,139,2022-04-27T00:00:00.000Z,139,184.7,142.7,142.7,152.9
אסותא אשדוד,139,2022-04-27T00:00:00.000Z,139,184.7,142.7,142.7,152.9
אסותא אשדוד,139,2022-04-27T00:00:00.000Z,139,184.7,142.7,142.7,152.9
אסותא אשדוד,139,2022-04-27T00:00:00.000Z,139,184.7,142.7,142.7,152.9
אסותא אשדוד,139,2022-04-27T00:00:00.000Z,139,184.7,142.7,142.7,152.9
אסותא אשדוד,139,2022-04-27T00:00:00.000Z,139,184.7,142.7,142.7,152.9
אסותא אשדוד,139,2022-04-27T00:00:00.000Z,139,184.7,142.7,142.7,152.9
אסותא אשדוד,139,2022-04-27T00:00:00.000Z,139,184.7,142.7,142.7,152.9
אסותא אשדוד,139,2022-04-27T00:00:00.000Z,139,184.7,142.7,142.7,152.9
אסותא אשדוד,139,2022-04-27T00:00:00.000Z,139,184.7,142.7,142.7,152.9
אסותא אשדוד,139,2022-04-27T00:00:00.000Z,139,184.7,142.7,142.7,152.9
אסותא אשדוד,139,2022-04-27T00:00:00.000Z,139,184.7,142.7,142.7,152.9
אסותא אשדוד,139,2022-04-27T00:00:00.000Z,139,184.7,142.7,142.7,152.9
אסותא אשדוד,139,2022-04-27T00:00:00.000Z,139,184.7,142.7,142.7,152.9
אסותא אשדוד,139,2022-04-27T00:00:00.000Z,139,184.7,142.7,142.7,152.9
אסותא אשדוד,139,2022-04-27T00:00:00.000Z,139,184.7,142.7,142.7,152.9
אסותא אשדוד,139,2022-04-27T00:00:00.000Z,139,184.7,142.7,142.7,152.9
אסותא אשדוד,139,2022-04-27T00:00:00.000Z,139,184.7,142.7,142.7,152.9
אסותא אשדוד,139,2022-04-27T00:00:00.000Z,139,184.7,142.7,142.7,152.9
אסותא אשדוד,139,2022-04-27T00:00:00.000Z,139,184.7,142.7,142.7,152.9
אסותא אשדוד,139,2022-04-27T00:00:00.000Z,139,184.7,142.7,142.7,152.9
אסותא אשדוד,139,2022-04-27T00:00:00.000Z,139,184.7,142.7,142.7,152.9
אסותא אשדוד,139,2022-04-27T00:00:00.000Z,139,184.7,142.7,142.7,152.9
אסותא אשדוד,139,2022-04-27T00:00:00.000Z,139,184.7,142.7,142.7,152.9
אסותא אשדוד,139,2022-04-27T00:00:00.000Z,139,184.7,142.7,142.7,152.9
אסותא אשדוד,139,2022-04-27T00:00:00.000Z,139,184.7,142.7,142.7,152.9
אסותא אשדוד,139,2022-04-27T00:00:00.000Z,139,184.7,142.7,142.7,152.9
אסותא אשדוד,139,2022-04-27T00:00:00.000Z,139,184.7,142.7,142.7,152.9
אסותא אשדוד,139,2022-04-27T00:00:00.000Z,139,184.7,142.7,142.7,152.9
אסותא אשדוד,139,2022-04-27T00:00:00.000Z,139,184.7,142.7,142.7,152.9
אסותא אשדוד,139,2022-04-27T00:00:00.000Z,139,184.7,142.7,142.7,152.9
אסותא אשדוד,139,2022-04-27T00:00:00.000Z,139,184.7,142.7,142.7,152.9
אסותא אשדוד,139,2022-04-27T00:00:00.000Z,139,184.7,142.7,142.7,152.9
אסותא אשדוד,139,2022-04-27T00:00:00.000Z,139,184.7,142.7,142.7,152.9
אסותא אשדוד,139,2022-04-27T00:00:00.000Z,139,184.7,142.7,142.7,152.9
אסותא אשדוד,139,2022-04-27T00:00:00.000Z,139,184.7,142.7,142.7,152.9
אסותא אשדוד,139,2022-04-27T00:00:00.000Z,139,184.7,142.7,142.7,152.9
אסותא אשדוד,139,2022-04-27T00:00:00.000Z,139,184.7,142.7,142.7,152.9
אסותא אשדוד,139,2022-04-27T00:00:00.000Z,139,184.7,142.7,142.7,152.9
אסותא אשדוד,139,2022-04-27T00:00:00.000Z,139,184.7,142.7,142.7,152.9
אסותא אשדוד,139,2022-04-27T00:00:00.000Z,139,184.7,142.7,142.7,152.9
אסותא אשדוד,139,2022-04-27T00:00:00.000Z,139,184.7,142.7,142.7,152.9
אסותא אשדוד,139,2022-04-27T00:00:00.000Z,139,184.7,142.7,142.7,152.9
אסותא אשדוד,139,2022-04-27T00:00:00.000Z,139,184.7,142.7,142.7,152.9
אסותא אשדוד,139,2022-04-27T00:00:00.000Z,139,184.7,142.7,142.7,152.9
אסותא אשדוד,139,2022-04-27T00:00:00.000Z,139,184.7,142.7,142.7,152.9
אסותא אשדוד,139,2022-04-27T00:00:00.000Z,139,184.7,142.7,142.7,152.9
אסותא אשדוד,139,2022-04-27T00:00:00.000Z,139,184.7,142.7,142.7,152.9
אסותא אשדוד,139,2022-04-27T00:00:00.000Z,139,184.7,142.7,142.7,152.9
אסותא אשדוד,139,2022-04-27T00:00:00.000Z,139,184.7,142.7,142.7,152.9
אסותא אשדוד,139,2022-04-27T00:00:00.000Z,139,184.7,142.7,142.7,152.9
אסותא אשדוד,139,2022-04-27T00:00:00.000Z,139,184.7,142.7,142.7,152.9
אסותא אשדוד,139,2022-04-27T00:00:00.000Z,139,184.7,142.7,142.7,152.9
אסותא אשדוד,139,2022-04-27T00:00:00.000Z,139,184.7,142.7,142.7,152.9
אסותא אשדוד,139,2022-04-27T00:00:00.000Z,139,184.7,142.7,142.7,152.9
אסותא אשדוד,139,2022-04-27T00:00:00.000Z,139,184.7,142.7,142.7,152.9
אסותא אשדוד,139,2022-04-27T00:00:00.000Z,139,184.7,142.7,142.7,152.9
אסותא אשדוד,139,2022-04-27T00:00:00.000Z,139,184.7,142.7,142.7,152.9
אסותא אשדוד,139,2022-04-27T00:00:00.000Z,139,184.7,142.7,142.7,152.9
אסותא אשדוד,139,2022-04-27T00:00:00.000Z,139,184.7,142.7,142.7,152.9
אסותא אשדוד,139,2022-04-27T00:00:00.000Z,139,184.7,142.7,142.7,152.9
אסותא אשדוד,139,2022-04-27T00:00:00.000Z,139,184.7,142.7,142.7,152.9
אסותא אשדוד,139,2022-04-27T00:00:00.000Z,139,184.7,142.7,142.7,152.9
אסותא אשדוד,139,2022-04-27T00:00:00.000Z,139,184.7,142.7,142.7,152.9
אסותא אשדוד,139,2022-04-27T00:00:00.000Z,139,184.7,142.7,142.7,152.9
אסותא אשדוד,139,2022-04-27T00:00:00.000Z,139,184.7,142.7,142.7,152.9
אסותא אשדוד,139,2022-04-27T00:00:00.000Z,139,184.7,142.7,142.7,152.9
אסותא אשדוד,139,2022-04-27T00:00:00.000Z,139,184.7,142.7,142.7,152.9
אסותא אשדוד,139,2022-04-27T00:00:00.000Z,139,184.7,142.7,142.7,152.9
אסותא אשדוד,139,2022-04-27T00:00:00.000Z,139,184.7,142.7,142.7,152.9
אסותא אשדוד,139,2022-04-27T00:00:00.000Z,139,184.7,142.7,142.7,152.9
אסותא אשדוד,139,2022-04-27T00:00:00.000Z,139,184.7,142.7,142.7,152.9
אסותא אשדוד,139,2022-04-27T00:00:00.000Z,139,184.7,142.7,142.7,152.9
אסותא אשדוד,139,2022-04-27T00:00:00.000Z,139,184.7,142.7,142.7,152.9
אסותא אשדוד,139,2022-04-27T00:00:00.000Z,139,184.7,142.7,142.7,152.9
אסותא אשדוד,139,2022-04-27T00:00:00.000Z,139,184.7,142.7,142.7,152.9
אסותא אשדוד,139,2022-04-27T00:00:00.000Z,139,184.7,142.7,142.7,152.9
אסותא אשדוד,139,2022-04-27T00:00:00.000Z,139,184.7,142.7,142.7,152.9
אסותא אשדוד,139,2022-04-27T00:00:00.000Z,139,184.7,142.7,142.7,152.9
אסותא אשדוד,139,2022-04-27T00:00:00.000Z,139,184.7,142.7,142.7,152.9
אסותא אשדוד,139,2022-04-27T00:00:00.000Z,139,184.7,142.7,142.7,152.9
אסותא אשדוד,139,2022-04-27T00:00:00.000Z,139,184.7,142.7,142.7,152.9
אסותא אשדוד,139,2022-04-27T00:00:00.000Z,139,184.7,142.7,142.7,152.9
אסותא אשדוד,139,2022-04-27T00:00:00.000Z,139,184.7,142.7,142.7,152.9
אסותא אשדוד,139,2022-04-27T00:00:00.000Z,139,184.7,142.7,142.7,152.9
אסותא אשדוד,139,2022-04-27T00:00:00.000Z,139,184.7,142.7,142.7,152.9
אסותא אשדוד,139,2022-04-27T00:00:00.000Z,139,184.7,142.7,142.7,152.9
אסותא אשדוד,139,2022-04-27T00:00:00.000Z,139,184.7,142.7,142.7,152.9
אסותא אשדוד,139,2022-04-27T00:00:00.000Z,139,184.7,142.7,142.7,152.9
אסותא אשדוד,139,2022-04-27T00:00:00.000Z,139,184.7,142.7,142.7,152.9
אסותא אשדוד,139,2022-04-27T00:00:00.000Z,139,184.7,142.7,142.7,152.9
אסותא אשדוד,139,2022-04-27T00:00:00.000Z,139,184.7,142.7,142.7,152.9
אסותא אשדוד,139,2022-04-27T00:00:00.000Z,139,184.7,142.7,142.7,152.9
אסותא אשדוד,139,2022-04-27T00:00:00.000Z,139,184.7,142.7,142.7,152.9
אסותא אשדוד,139,2022-04-27T00:00:00.000Z,139,184.7,142.7,142.7,152.9
אסותא אשדוד,139,2022-04-27T00:00:00.000Z,139,184.7,142.7,142.7,152.9
אסותא אשדוד,139,2022-04-27T00:00:00.000Z,139,184.7,142.7,142.7,152.9
אסותא אשדוד,139,2022-04-27T00:00:00.000Z,139,184.7,142.7,142.7,152.9
אסותא אשדוד,139,2022-04-27T00:00:00.000Z,139,184.7,142.7,142.7,152.9
אסותא אשדוד,139,2022-04-27T00:00:00.000Z,139,184.7,142.7,142.7,152.9
אסותא אשדוד,139,2022-04-27T00:00:00.000Z,139,184.7,142.7,142.7,152.9
אסותא אשדוד,139,2022-04-27T00:00:00.000Z,139,184.7,142.7,142.7,152.9
אסותא אשדוד,139,2022-04-27T00:00:00.000Z,139,184.7,142.7,142.7,152.9
אסותא אשדוד,139,2022-04-27T00:00:00.000Z,139,184.7,142.7,142.7,152.9
אסותא אשדוד,139,2022-04-27T00:00:00.000Z,139,184.7,142.7,142.7,152.9
אסותא אשדוד,139,2022-04-27T00:00:00.000Z,139,184.7,142.7,142.7,152.9
אסותא אשדוד,139,2022-04-27T00:00:00.000Z,139,184.7,142.7,142.7,152.9
אסותא אשדוד,139,2022-04-27T00:00:00.000Z,139,184.7,142.7,142.7,152.9
אסותא אשדוד,139,2022-04-27T00:00:00.000Z,139,184.7,142.7,142.7,152.9
אסותא אשדוד,139,2022-04-27T00:00:00.000Z,139,184.7,142.7,142.7,152.9
אסותא אשדוד,139,2022-04-27T00:00:00.000Z,139,184.7,142.7,142.7,152.9
אסותא אשדוד,139,2022-04-27T00:00:00.000Z,139,184.7,142.7,142.7,152.9
אסותא אשדוד,139,2022-04-27T00:00:00.000Z,139,184.7,142.7,142.7,152.9
אסותא אשדוד,139,2022-04-27T00:00:00.000Z,139,184.7,142.7,142.7,152.9
אסותא אשדוד,139,2022-04-27T00:00:00.000Z,139,184.7,142.7,142.7,152.9
אסותא אשדוד,139,2022-04-27T00:00:00.000Z,139,184.7,142.7,142.7,152.9
אסותא אשדוד,139,2022-04-27T00:00:00.000Z,139,184.7,142.7,142.7,152.9
אסותא אשדוד,139,2022-04-27T00:00:00.000Z,139,184.7,142.7,142.7,152.9
אסותא אשדוד,139,2022-04-27T00:00:00.000Z,139,184.7,142.7,142.7,152.9
אסותא אשדוד,139,2022-04-27T00:00:00.000Z,139,184.7,142.7,142.7,152.9
אסותא אשדוד,139,2022-04-27T00:00:00.000Z,139,184.7,142.7,142.7,152.9
אסותא אשדוד,139,2022-04-27T00:00:00.000Z,139,184.7,142.7,142.7,152.9
אסותא אשדוד,139,2022-04-27T00:00:00.000Z,139,184.7,142.7,142.7,152.9
אסותא אשדוד,139,2022-04-27T00:00:00.000Z,139,184.7,142.7,142.7,152.9
אסותא אשדוד,139,2022-04-27T00:00:00.000Z,139,184.7,142.7,142.7,152.9
אסותא אשדוד,139,2022-04-27T00:00:00.000Z,139,184.7,142.7,142.7,152.9
אסותא אשדוד,139,2022-04-27T00:00:00.000Z,139,184.7,142.7,142.7,152.9
אסותא אשדוד,139,2022-04-27T00:00:00.000Z,139,184.7,142.7,142.7,152.9
אסותא אשדוד,139,2022-04-27T00:00:00.000Z,139,184.7,142.7,142.7,152.9
אסותא אשדוד,139,2022-04-27T00:00:00.000Z,139,184.7,142.7,142.7,152.9
אסותא אשדוד,139,2022-04-27T00:00:00.000Z,139,184.7,142.7,142.7,152.9
אסותא אשדוד,139,2022-04-27T00:00:00.000Z,139,184.7,142.7,142.7,152.9
אסותא אשדוד,139,2022-04-27T00:00:00.000Z,139,184.7,142.7,142.7,152.9
אסותא אשדוד,139,2022-04-27T00:00:00.000Z,139,184.7,142.7,142.7,152.9
אסותא אשדוד,139,2022-04-27T00:00:00.000Z,139,184.7,142.7,142.7,152.9
אסותא אשדוד,139,2022-04-27T00:00:00.000Z,139,184.7,142.7,142.7,152.9
אסותא אשדוד,139,2022-04-27T00:00:00.000Z,139,184.7,142.7,142.7,152.9
אסותא אשדוד,139,2022-04-27T00:00:00.000Z,139,184.7,142.7,142.7,152.9
אסותא אשדוד,139,2022-04-27T00:00:00.000Z,139,184.7,142.7,142.7,152.9
אסותא אשדוד,139,2022-04-27T00:00:00.000Z,139,184.7,142.7,142.7,152.9
אסותא אשדוד,139,2022-04-27T00:00:00.000Z,139,184.7,142.7,142.7,152.9
אסותא אשדוד,139,2022-04-27T00:00:00.000Z,139,184.7,142.7,142.7,152.9
אסותא אשדוד,139,2022-04-27T00:00:00.000Z,139,184.7,142.7,142.7,152.9
אסותא אשדוד,139,2022-04-27T00:00:00.000Z,139,184.7,142.7,142.7,152.9
אסותא אשדוד,139,2022-04-27T00:00:00.000Z,139,184.7,142.7,142.7,152.9
אסותא אשדוד,139,2022-04-27T00:00:00.000Z,139,184.7,142.7,142.7,152.9
אסותא אשדוד,139,2022-04-27T00:00:00.000Z,139,184.7,142.7,142.7,152.9
אסותא אשדוד,139,2022-04-27T00:00:00.000Z,139,184.7,142.7,142.7,152.9
אסותא אשדוד,139,2022-04-27T00:00:00.000Z,139,184.7,142.7,142.7,152.9
אסותא אשדוד,139,2022-04-27T00:00:00.000Z,139,184.7,142.7,142.7,152.9
אסותא אשדוד,139,2022-04-27T00:00:00.000Z,139,184.7,142.7,142.7,152.9
אסותא אשדוד,139,2022-04-27T00:00:00.000Z,139,184.7,142.7,142.7,152.9
אסותא אשדוד,139,2022-04-27T00:00:00.000Z,139,184.7,142.7,142.7,152.9
אסותא אשדוד,139,2022-04-27T00:00:00.000Z,139,184.7,142.7,142.7,152.9
אסותא אשדוד,139,2022-04-27T00:00:00.000Z,139,184.7,142.7,142.7,152.9
אסותא אשדוד,139,2022-04-27T00:00:00.000Z,139,184.7,142.7,142.7,152.9
אסותא אשדוד,139,2022-04-27T00:00:00.000Z,139,184.7,142.7,142.7,152.9
אסותא אשדוד,139,2022-04-27T00:00:00.000Z,139,184.7,142.7,142.7,152.9
אסותא אשדוד,139,2022-04-27T00:00:00.000Z,139,184.7,142.7,142.7,152.9
אסותא אשדוד,139,2022-04-27T00:00:00.000Z,139,184.7,142.7,142.7,152.9
אסותא אשדוד,139,2022-04-27T00:00:00.000Z,139,184.7,142.7,142.7,152.9
אסותא אשדוד,139,2022-04-27T00:00:00.000Z,139,184.7,142.7,142.7,152.9
אסותא אשדוד,139,2022-04-27T00:00:00.000Z,139,184.7,142.7,142.7,152.9
אסותא אשדוד,139,2022-04-27T00:00:00.000Z,139,184.7,142.7,142.7,152.9
אסותא אשדוד,139,2022-04-27T00:00:00.000Z,139,184.7,142.7,142.7,152.9
אסותא אשדוד,139,2022-04-27T00:00:00.000Z,139,184.7,142.7,142.7,152.9
אסותא אשדוד,139,2022-04-27T00:00:00.000Z,139,184.7,142.7,142.7,152.9
אסותא אשדוד,139,2022-04-27T00:00:00.000Z,139,184.7,142.7,142.7,152.9
אסותא אשדוד,139,2022-04-27T00:00:00.000Z,139,184.7,142.7,142.7,152.9
אסותא אשדוד,139,2022-04-27T00:00:00.000Z,139,184.7,142.7,142.7,152.9
אסותא אשדוד,139,2022-04-27T00:00:00.000Z,139,184.7,142.7,142.7,152.9
אסותא אשדוד,139,2022-04-27T00:00:00.000Z,139,184.7,142.7,142.7,152.9
אסותא אשדוד,139,2022-04-27T00:00:00.000Z,139,184.7,142.7,142.7,152.9
אסותא אשדוד,139,2022-04-27T00:00:00.000Z,139,184.7,142.7,142.7,152.9
אסותא אשדוד,139,2022-04-27T00:00:00.000Z,139,184.7,142.7,142.7,152.9
אסותא אשדוד,139,2022-04-27T00:00:00.000Z,139,184.7,142.7,142.7,152.9
אסותא אשדוד,139,2022-04-27T00:00:00.000Z,139,184.7,142.7,142.7,152.9
אסותא אשדוד,139,2022-04-27T00:00:00.000Z,139,184.7,142.7,142.7,152.9
אסותא אשדוד,139,2022-04-27T00:00:00.000Z,139,184.7,142.7,142.7,152.9
אסותא אשדוד,139,2022-04-27T00:00:00.000Z,139,184.7,142.7,142.7,152.9
אסותא אשדוד,139,2022-04-27T00:00:00.000Z,139,184.7,142.7,142.7,152.9
אסותא אשדוד,139,2022-04-27T00:00:00.000Z,139,184.7,142.7,142.7,152.9
אסותא אשדוד,139,2022-04-27T00:00:00.000Z,139,184.7,142.7,142.7,152.9
אסותא אשדוד,139,2022-04-27T00:00:00.000Z,139,184.7,142.7,142.7,152.9
אסותא אשדוד,139,2022-04-27T00:00:00.000Z,139,184.7,142.7,142.7,152.9
אסותא אשדוד,139,2022-04-27T00:00:00.000Z,139,184.7,142.7,142.7,152.9
אסותא אשדוד,139,2022-04-27T00:00:00.000Z,139,184.7,142.7,142.7,152.9
אסותא אשדוד,139,2022-04-27T00:00:00.000Z,139,184.7,142.7,142.7,152.9
אסותא אשדוד,139,2022-04-27T00:00:00.000Z,139,184.7,142.7,142.7,152.9
אסותא אשדוד,139,2022-04-27T00:00:00.000Z,139,184.7,142.7,142.7,152.9
אסותא אשדוד,139,2022-04-27T00:00:00.000Z,139,184.7,142.7,142.7,152.9
אסותא אשדוד,139,2022-04-27T00:00:00.000Z,139,184.7,142.7,142.7,152.9
אסותא אשדוד,139,2022-04-27T00:00:00.000Z,139,184.7,142.7,142.7,152.9
אסותא אשדוד,139,2022-04-27T00:00:00.000Z,139,184.7,142.7,142.7,152.9
אסותא אשדוד,139,2022-04-27T00:00:00.000Z,139,184.7,142.7,142.7,152.9
אסותא אשדוד,139,2022-04-27T00:00:00.000Z,139,184.7,142.7,142.7,152.9
אסותא אשדוד,139,2022-04-27T00:00:00.000Z,139,184.7,142.7,142.7,152.9
אסותא אשדוד,139,2022-04-27T00:00:00.000Z,139,184.7,142.7,142.7,152.9
אסותא אשדוד,139,2022-04-27T00:00:00.000Z,139,184.7,142.7,142.7,152.9
אסותא אשדוד,139,2022-04-27T00:00:00.000Z,139,184.7,142.7,142.7,152.9
אסותא אשדוד,139,2022-04-27T00:00:00.000Z,139,184.7,142.7,142.7,152.9
אסותא אשדוד,139,2022-04-27T00:00:00.000Z,139,184.7,142.7,142.7,152.9
קפלן,84.7,2022-04-27T00:00:00.000Z,91.6,90.3,79.9,77.1,72.2
קפלן,84.7,2022-04-27T00:00:00.000Z,90.3,91.7,79.9,76.2,72.9
קפלן,84.7,2022-04-27T00:00:00.000Z,88.7,92.9,79.9,76.1,74.3
קפלן,84.7,2022-04-27T00:00:00.000Z,88.7,94.2,79.9,76.8,75.6
קפלן,84.7,2022-04-27T00:00:00.000Z,88.8,97.4,79.9,78.2,77.9
קפלן,84.7,2022-04-27T00:00:00.000Z,87,101,79.9,78.5,80.7
קפלן,84.7,2022-04-27T00:00:00.000Z,84.7,102.2,79.9,78.1,82.7
קפלן,84.7,2022-04-27T00:00:00.000Z,84.7,103.3,79.9,79.9,84.5
קפלן,84.7,2022-04-27T00:00:00.000Z,84.7,103.3,79.9,79.9,84.5
קפלן,84.7,2022-04-27T00:00:00.000Z,84.7,103.3,79.9,79.9,84.5
קפלן,84.7,2022-04-27T00:00:00.000Z,84.7,103.3,79.9,79.9,84.5
קפלן,84.7,2022-04-27T00:00:00.000Z,84.7,103.3,79.9,79.9,84.5
קפלן,84.7,2022-04-27T00:00:00.000Z,84.7,103.3,79.9,79.9,84.5
קפלן,84.7,2022-04-27T00:00:00.000Z,84.7,103.3,79.9,79.9,84.5
קפלן,84.7,2022-04-27T00:00:00.000Z,84.7,103.3,79.9,79.9,84.5
קפלן,84.7,2022-04-27T00:00:00.000Z,84.7,103.3,79.9,79.9,84.5
קפלן,84.7,2022-04-27T00:00:00.000Z,84.7,103.3,79.9,79.9,84.5
קפלן,84.7,2022-04-27T00:00:00.000Z,84.7,103.3,79.9,79.9,84.5
קפלן,84.7,2022-04-27T00:00:00.000Z,84.7,103.3,79.9,79.9,84.5
קפלן,84.7,2022-04-27T00:00:00.000Z,84.7,103.3,79.9,79.9,84.5
קפלן,84.7,2022-04-27T00:00:00.000Z,84.7,103.3,79.9,79.9,84.5
קפלן,84.7,2022-04-27T00:00:00.000Z,84.7,103.3,79.9,79.9,84.5
קפלן,84.7,2022-04-27T00:00:00.000Z,84.7,103.3,79.9,79.9,84.5
קפלן,84.7,2022-04-27T00:00:00.000Z,84.7,103.3,79.9,79.9,84.5
קפלן,84.7,2022-04-27T00:00:00.000Z,84.7,103.3,79.9,79.9,84.5
קפלן,84.7,2022-04-27T00:00:00.000Z,84.7,103.3,79.9,79.9,84.5
קפלן,84.7,2022-04-27T00:00:00.000Z,84.7,103.3,79.9,79.9,84.5
קפלן,84.7,2022-04-27T00:00:00.000Z,84.7,103.3,79.9,79.9,84.5
קפלן,84.7,2022-04-27T00:00:00.000Z,84.7,103.3,79.9,79.9,84.5
קפלן,84.7,2022-04-27T00:00:00.000Z,84.7,103.3,79.9,79.9,84.5
קפלן,84.7,2022-04-27T00:00:00.000Z,84.7,103.3,79.9,79.9,84.5
קפלן,84.7,2022-04-27T00:00:00.000Z,84.7,103.3,79.9,79.9,84.5
קפלן,84.7,2022-04-27T00:00:00.000Z,84.7,103.3,79.9,79.9,84.5
קפלן,84.7,2022-04-27T00:00:00.000Z,84.7,103.3,79.9,79.9,84.5
קפלן,84.7,2022-04-27T00:00:00.000Z,84.7,103.3,79.9,79.9,84.5
קפלן,84.7,2022-04-27T00:00:00.000Z,84.7,103.3,79.9,79.9,84.5
קפלן,84.7,2022-04-27T00:00:00.000Z,84.7,103.3,79.9,79.9,84.5
קפלן,84.7,2022-04-27T00:00:00.000Z,84.7,103.3,79.9,79.9,84.5
קפלן,84.7,2022-04-27T00:00:00.000Z,84.7,103.3,79.9,79.9,84.5
קפלן,84.7,2022-04-27T00:00:00.000Z,84.7,103.3,79.9,79.9,84.5
קפלן,84.7,2022-04-27T00:00:00.000Z,84.7,103.3,79.9,79.9,84.5
קפלן,84.7,2022-04-27T00:00:00.000Z,84.7,103.3,79.9,79.9,84.5
קפלן,84.7,2022-04-27T00:00:00.000Z,84.7,103.3,79.9,79.9,84.5
קפלן,84.7,2022-04-27T00:00:00.000Z,84.7,103.3,79.9,79.9,84.5
קפלן,84.7,2022-04-27T00:00:00.000Z,84.7,103.3,79.9,79.9,84.5
קפלן,84.7,2022-04-27T00:00:00.000Z,84.7,103.3,79.9,79.9,84.5
קפלן,84.7,2022-04-27T00:00:00.000Z,84.7,103.3,79.9,79.9,84.5
קפלן,84.7,2022-04-27T00:00:00.000Z,84.7,103.3,79.9,79.9,84.5
קפלן,84.7,2022-04-27T00:00:00.000Z,84.7,103.3,79.9,79.9,84.5
קפלן,84.7,2022-04-27T00:00:00.000Z,84.7,103.3,79.9,79.9,84.5
קפלן,84.7,2022-04-27T00:00:00.000Z,84.7,103.3,79.9,79.9,84.5
קפלן,84.7,2022-04-27T00:00:00.000Z,84.7,103.3,79.9,79.9,84.5
קפלן,84.7,2022-04-27T00:00:00.000Z,84.7,103.3,79.9,79.9,84.5
קפלן,84.7,2022-04-27T00:00:00.000Z,84.7,103.3,79.9,79.9,84.5
קפלן,84.7,2022-04-27T00:00:00.000Z,84.7,103.3,79.9,79.9,84.5
קפלן,84.7,2022-04-27T00:00:00.000Z,84.7,103.3,79.9,79.9,84.5
קפלן,84.7,2022-04-27T00:00:00.000Z,84.7,103.3,79.9,79.9,84.5
קפלן,84.7,2022-04-27T00:00:00.000Z,84.7,103.3,79.9,79.9,84.5
קפלן,84.7,2022-04-27T00:00:00.000Z,84.7,103.3,79.9,79.9,84.5
קפלן,84.7,2022-04-27T00:00:00.000Z,84.7,103.3,79.9,79.9,84.5
קפלן,84.7,2022-04-27T00:00:00.000Z,84.7,103.3,79.9,79.9,84.5
קפלן,84.7,2022-04-27T00:00:00.000Z,84.7,103.3,79.9,79.9,84.5
קפלן,84.7,2022-04-27T00:00:00.000Z,84.7,103.3,79.9,79.9,84.5
קפלן,84.7,2022-04-27T00:00:00.000Z,84.7,103.3,79.9,79.9,84.5
קפלן,84.7,2022-04-27T00:00:00.000Z,84.7,103.3,79.9,79.9,84.5
קפלן,84.7,2022-04-27T00:00:00.000Z,84.7,103.3,79.9,79.9,84.5
קפלן,84.7,2022-04-27T00:00:00.000Z,84.7,103.3,79.9,79.9,84.5
קפלן,84.7,2022-04-27T00:00:00.000Z,84.7,103.3,79.9,79.9,84.5
קפלן,84.7,2022-04-27T00:00:00.000Z,84.7,103.3,79.9,79.9,84.5
קפלן,84.7,2022-04-27T00:00:00.000Z,84.7,103.3,79.9,79.9,84.5
קפלן,84.7,2022-04-27T00:00:00.000Z,84.7,103.3,79.9,79.9,84.5
קפלן,84.7,2022-04-27T00:00:00.000Z,84.7,103.3,79.9,79.9,84.5
קפלן,84.7,2022-04-27T00:00:00.000Z,84.7,103.3,79.9,79.9,84.5
קפלן,84.7,2022-04-27T00:00:00.000Z,84.7,103.3,79.9,79.9,84.5
קפלן,84.7,2022-04-27T00:00:00.000Z,84.7,103.3,79.9,79.9,84.5
קפלן,84.7,2022-04-27T00:00:00.000Z,84.7,103.3,79.9,79.9,84.5
קפלן,84.7,2022-04-27T00:00:00.000Z,84.7,103.3,79.9,79.9,84.5
קפלן,84.7,2022-04-27T00:00:00.000Z,84.7,103.3,79.9,79.9,84.5
קפלן,84.7,2022-04-27T00:00:00.000Z,84.7,103.3,79.9,79.9,84.5
קפלן,84.7,2022-04-27T00:00:00.000Z,84.7,103.3,79.9,79.9,84.5
קפלן,84.7,2022-04-27T00:00:00.000Z,84.7,103.3,79.9,79.9,84.5
קפלן,84.7,2022-04-27T00:00:00.000Z,84.7,103.3,79.9,79.9,84.5
קפלן,84.7,2022-04-27T00:00:00.000Z,84.7,103.3,79.9,79.9,84.5
קפלן,84.7,2022-04-27T00:00:00.000Z,84.7,103.3,79.9,79.9,84.5
קפלן,84.7,2022-04-27T00:00:00.000Z,84.7,103.3,79.9,79.9,84.5
קפלן,84.7,2022-04-27T00:00:00.000Z,84.7,103.3,79.9,79.9,84.5
קפלן,84.7,2022-04-27T00:00:00.000Z,84.7,103.3,79.9,79.9,84.5
קפלן,84.7,2022-04-27T00:00:00.000Z,84.7,103.3,79.9,79.9,84.5
קפלן,84.7,2022-04-27T00:00:00.000Z,84.7,103.3,79.9,79.9,84.5
קפלן,84.7,2022-04-27T00:00:00.000Z,84.7,103.3,79.9,79.9,84.5
קפלן,84.7,2022-04-27T00:00:00.000Z,84.7,103.3,79.9,79.9,84.5
קפלן,84.7,2022-04-27T00:00:00.000Z,84.7,103.3,79.9,79.9,84.5
קפלן,84.7,2022-04-27T00:00:00.000Z,84.7,103.3,79.9,79.9,84.5
קפלן,84.7,2022-04-27T00:00:00.000Z,84.7,103.3,79.9,79.9,84.5
קפלן,84.7,2022-04-27T00:00:00.000Z,84.7,103.3,79.9,79.9,84.5
קפלן,84.7,2022-04-27T00:00:00.000Z,84.7,103.3,79.9,79.9,84.5
קפלן,84.7,2022-04-27T00:00:00.000Z,84.7,103.3,79.9,79.9,84.5
קפלן,84.7,2022-04-27T00:00:00.000Z,84.7,103.3,79.9,79.9,84.5
קפלן,84.7,2022-04-27T00:00:00.000Z,84.7,103.3,79.9,79.9,84.5
קפלן,84.7,2022-04-27T00:00:00.000Z,84.7,103.3,79.9,79.9,84.5
קפלן,84.7,2022-04-27T00:00:00.000Z,84.7,103.3,79.9,79.9,84.5
קפלן,84.7,2022-04-27T00:00:00.000Z,84.7,103.3,79.9,79.9,84.5
קפלן,84.7,2022-04-27T00:00:00.000Z,84.7,103.3,79.9,79.9,84.5
קפלן,84.7,2022-04-27T00:00:00.000Z,84.7,103.3,79.9,79.9,84.5
קפלן,84.7,2022-04-27T00:00:00.000Z,84.7,103.3,79.9,79.9,84.5
קפלן,84.7,2022-04-27T00:00:00.000Z,84.7,103.3,79.9,79.9,84.5
קפלן,84.7,2022-04-27T00:00:00.000Z,84.7,103.3,79.9,79.9,84.5
קפלן,84.7,2022-04-27T00:00:00.000Z,84.7,103.3,79.9,79.9,84.5
קפלן,84.7,2022-04-27T00:00:00.000Z,84.7,103.3,79.9,79.9,84.5
קפלן,84.7,2022-04-27T00:00:00.000Z,84.7,103.3,79.9,79.9,84.5
קפלן,84.7,2022-04-27T00:00:00.000Z,84.7,103.3,79.9,79.9,84.5
קפלן,84.7,2022-04-27T00:00:00.000Z,84.7,103.3,79.9,79.9,84.5
קפלן,84.7,2022-04-27T00:00:00.000Z,84.7,103.3,79.9,79.9,84.5
קפלן,84.7,2022-04-27T00:00:00.000Z,84.7,103.3,79.9,79.9,84.5
קפלן,84.7,2022-04-27T00:00:00.000Z,84.7,103.3,79.9,79.9,84.5
קפלן,84.7,2022-04-27T00:00:00.000Z,84.7,103.3,79.9,79.9,84.5
קפלן,84.7,2022-04-27T00:00:00.000Z,84.7,103.3,79.9,79.9,84.5
קפלן,84.7,2022-04-27T00:00:00.000Z,84.7,103.3,79.9,79.9,84.5
קפלן,84.7,2022-04-27T00:00:00.000Z,84.7,103.3,79.9,79.9,84.5
קפלן,84.7,2022-04-27T00:00:00.000Z,84.7,103.3,79.9,79.9,84.5
קפלן,84.7,2022-04-27T00:00:00.000Z,84.7,103.3,79.9,79.9,84.5
קפלן,84.7,2022-04-27T00:00:00.000Z,84.7,103.3,79.9,79.9,84.5
קפלן,84.7,2022-04-27T00:00:00.000Z,84.7,103.3,79.9,79.9,84.5
קפלן,84.7,2022-04-27T00:00:00.000Z,84.7,103.3,79.9,79.9,84.5
קפלן,84.7,2022-04-27T00:00:00.000Z,84.7,103.3,79.9,79.9,84.5
קפלן,84.7,2022-04-27T00:00:00.000Z,84.7,103.3,79.9,79.9,84.5
קפלן,84.7,2022-04-27T00:00:00.000Z,84.7,103.3,79.9,79.9,84.5
קפלן,84.7,2022-04-27T00:00:00.000Z,84.7,103.3,79.9,79.9,84.5
קפלן,84.7,2022-04-27T00:00:00.000Z,84.7,103.3,79.9,79.9,84.5
קפלן,84.7,2022-04-27T00:00:00.000Z,84.7,103.3,79.9,79.9,84.5
קפלן,84.7,2022-04-27T00:00:00.000Z,84.7,103.3,79.9,79.9,84.5
קפלן,84.7,2022-04-27T00:00:00.000Z,84.7,103.3,79.9,79.9,84.5
קפלן,84.7,2022-04-27T00:00:00.000Z,84.7,103.3,79.9,79.9,84.5
קפלן,84.7,2022-04-27T00:00:00.000Z,84.7,103.3,79.9,79.9,84.5
קפלן,84.7,2022-04-27T00:00:00.000Z,84.7,103.3,79.9,79.9,84.5
קפלן,84.7,2022-04-27T00:00:00.000Z,84.7,103.3,79.9,79.9,84.5
קפלן,84.7,2022-04-27T00:00:00.000Z,84.7,103.3,79.9,79.9,84.5
קפלן,84.7,2022-04-27T00:00:00.000Z,84.7,103.3,79.9,79.9,84.5
קפלן,84.7,2022-04-27T00:00:00.000Z,84.7,103.3,79.9,79.9,84.5
קפלן,84.7,2022-04-27T00:00:00.000Z,84.7,103.3,79.9,79.9,84.5
קפלן,84.7,2022-04-27T00:00:00.000Z,84.7,103.3,79.9,79.9,84.5
קפלן,84.7,2022-04-27T00:00:00.000Z,84.7,103.3,79.9,79.9,84.5
קפלן,84.7,2022-04-27T00:00:00.000Z,84.7,103.3,79.9,79.9,84.5
קפלן,84.7,2022-04-27T00:00:00.000Z,84.7,103.3,79.9,79.9,84.5
קפלן,84.7,2022-04-27T00:00:00.000Z,84.7,103.3,79.9,79.9,84.5
קפלן,84.7,2022-04-27T00:00:00.000Z,84.7,103.3,79.9,79.9,84.5
קפלן,84.7,2022-04-27T00:00:00.000Z,84.7,103.3,79.9,79.9,84.5
קפלן,84.7,2022-04-27T00:00:00.000Z,84.7,103.3,79.9,79.9,84.5
קפלן,84.7,2022-04-27T00:00:00.000Z,84.7,103.3,79.9,79.9,84.5
קפלן,84.7,2022-04-27T00:00:00.000Z,84.7,103.3,79.9,79.9,84.5
קפלן,84.7,2022-04-27T00:00:00.000Z,84.7,103.3,79.9,79.9,84.5
קפלן,84.7,2022-04-27T00:00:00.000Z,84.7,103.3,79.9,79.9,84.5
קפלן,84.7,2022-04-27T00:00:00.000Z,84.7,103.3,79.9,79.9,84.5
קפלן,84.7,2022-04-27T00:00:00.000Z,84.7,103.3,79.9,79.9,84.5
קפלן,84.7,2022-04-27T00:00:00.000Z,84.7,103.3,79.9,79.9,84.5
קפלן,84.7,2022-04-27T00:00:00.000Z,84.7,103.3,79.9,79.9,84.5
קפלן,84.7,2022-04-27T00:00:00.000Z,84.7,103.3,79.9,79.9,84.5
קפלן,84.7,2022-04-27T00:00:00.000Z,84.7,103.3,79.9,79.9,84.5
קפלן,84.7,2022-04-27T00:00:00.000Z,84.7,103.3,79.9,79.9,84.5
קפלן,84.7,2022-04-27T00:00:00.000Z,84.7,103.3,79.9,79.9,84.5
קפלן,84.7,2022-04-27T00:00:00.000Z,84.7,103.3,79.9,79.9,84.5
קפלן,84.7,2022-04-27T00:00:00.000Z,84.7,103.3,79.9,79.9,84.5
קפלן,84.7,2022-04-27T00:00:00.000Z,84.7,103.3,79.9,79.9,84.5
קפלן,84.7,2022-04-27T00:00:00.000Z,84.7,103.3,79.9,79.9,84.5
קפלן,84.7,2022-04-27T00:00:00.000Z,84.7,103.3,79.9,79.9,84.5
קפלן,84.7,2022-04-27T00:00:00.000Z,84.7,103.3,79.9,79.9,84.5
קפלן,84.7,2022-04-27T00:00:00.000Z,84.7,103.3,79.9,79.9,84.5
קפלן,84.7,2022-04-27T00:00:00.000Z,84.7,103.3,79.9,79.9,84.5
קפלן,84.7,2022-04-27T00:00:00.000Z,84.7,103.3,79.9,79.9,84.5
קפלן,84.7,2022-04-27T00:00:00.000Z,84.7,103.3,79.9,79.9,84.5
קפלן,84.7,2022-04-27T00:00:00.000Z,84.7,103.3,79.9,79.9,84.5
קפלן,84.7,2022-04-27T00:00:00.000Z,84.7,103.3,79.9,79.9,84.5
קפלן,84.7,2022-04-27T00:00:00.000Z,84.7,103.3,79.9,79.9,84.5
קפלן,84.7,2022-04-27T00:00:00.000Z,84.7,103.3,79.9,79.9,84.5
קפלן,84.7,2022-04-27T00:00:00.000Z,84.7,103.3,79.9,79.9,84.5
קפלן,84.7,2022-04-27T00:00:00.000Z,84.7,103.3,79.9,79.9,84.5
קפלן,84.7,2022-04-27T00:00:00.000Z,84.7,103.3,79.9,79.9,84.5
קפלן,84.7,2022-04-27T00:00:00.000Z,84.7,103.3,79.9,79.9,84.5
קפלן,84.7,2022-04-27T00:00:00.000Z,84.7,103.3,79.9,79.9,84.5
קפלן,84.7,2022-04-27T00:00:00.000Z,84.7,103.3,79.9,79.9,84.5
קפלן,84.7,2022-04-27T00:00:00.000Z,84.7,103.3,79.9,79.9,84.5
קפלן,84.7,2022-04-27T00:00:00.000Z,84.7,103.3,79.9,79.9,84.5
קפלן,84.7,2022-04-27T00:00:00.000Z,84.7,103.3,79.9,79.9,84.5
קפלן,84.7,2022-04-27T00:00:00.000Z,84.7,103.3,79.9,79.9,84.5
קפלן,84.7,2022-04-27T00:00:00.000Z,84.7,103.3,79.9,79.9,84.5
קפלן,84.7,2022-04-27T00:00:00.000Z,84.7,103.3,79.9,79.9,84.5
קפלן,84.7,2022-04-27T00:00:00.000Z,84.7,103.3,79.9,79.9,84.5
קפלן,84.7,2022-04-27T00:00:00.000Z,84.7,103.3,79.9,79.9,84.5
קפלן,84.7,2022-04-27T00:00:00.000Z,84.7,103.3,79.9,79.9,84.5
קפלן,84.7,2022-04-27T00:00:00.000Z,84.7,103.3,79.9,79.9,84.5
קפלן,84.7,2022-04-27T00:00:00.000Z,84.7,103.3,79.9,79.9,84.5
קפלן,84.7,2022-04-27T00:00:00.000Z,84.7,103.3,79.9,79.9,84.5
קפלן,84.7,2022-04-27T00:00:00.000Z,84.7,103.3,79.9,79.9,84.5
קפלן,84.7,2022-04-27T00:00:00.000Z,84.7,103.3,79.9,79.9,84.5
קפלן,84.7,2022-04-27T00:00:00.000Z,84.7,103.3,79.9,79.9,84.5
קפלן,84.7,2022-04-27T00:00:00.000Z,84.7,103.3,79.9,79.9,84.5
קפלן,84.7,2022-04-27T00:00:00.000Z,84.7,103.3,79.9,79.9,84.5
קפלן,84.7,2022-04-27T00:00:00.000Z,84.7,103.3,79.9,79.9,84.5
קפלן,84.7,2022-04-27T00:00:00.000Z,84.7,103.3,79.9,79.9,84.5
קפלן,84.7,2022-04-27T00:00:00.000Z,84.7,103.3,79.9,79.9,84.5
קפלן,84.7,2022-04-27T00:00:00.000Z,84.7,103.3,79.9,79.9,84.5
קפלן,84.7,2022-04-27T00:00:00.000Z,84.7,103.3,79.9,79.9,84.5
קפלן,84.7,2022-04-27T00:00:00.000Z,84.7,103.3,79.9,79.9,84.5
קפלן,84.7,2022-04-27T00:00:00.000Z,84.7,103.3,79.9,79.9,84.5
קפלן,84.7,2022-04-27T00:00:00.000Z,84.7,103.3,79.9,79.9,84.5
קפלן,84.7,2022-04-27T00:00:00.000Z,84.7,103.3,79.9,79.9,84.5
קפלן,84.7,2022-04-27T00:00:00.000Z,84.7,103.3,79.9,79.9,84.5
קפלן,84.7,2022-04-27T00:00:00.000Z,84.7,103.3,79.9,79.9,84.5
קפלן,84.7,2022-04-27T00:00:00.000Z,84.7,103.3,79.9,79.9,84.5
קפלן,84.7,2022-04-27T00:00:00.000Z,84.7,103.3,79.9,79.9,84.5
קפלן,84.7,2022-04-27T00:00:00.000Z,84.7,103.3,79.9,79.9,84.5
קפלן,84.7,2022-04-27T00:00:00.000Z,84.7,103.3,79.9,79.9,84.5
קפלן,84.7,2022-04-27T00:00:00.000Z,84.7,103.3,79.9,79.9,84.5
קפלן,84.7,2022-04-27T00:00:00.000Z,84.7,103.3,79.9,79.9,84.5
קפלן,84.7,2022-04-27T00:00:00.000Z,84.7,103.3,79.9,79.9,84.5
קפלן,84.7,2022-04-27T00:00:00.000Z,84.7,103.3,79.9,79.9,84.5
קפלן,84.7,2022-04-27T00:00:00.000Z,84.7,103.3,79.9,79.9,84.5
קפלן,84.7,2022-04-27T00:00:00.000Z,84.7,103.3,79.9,79.9,84.5
קפלן,84.7,2022-04-27T00:00:00.000Z,84.7,103.3,79.9,79.9,84.5
קפלן,84.7,2022-04-27T00:00:00.000Z,84.7,103.3,79.9,79.9,84.5
קפלן,84.7,2022-04-27T00:00:00.000Z,84.7,103.3,79.9,79.9,84.5
קפלן,84.7,2022-04-27T00:00:00.000Z,84.7,103.3,79.9,79.9,84.5
קפלן,84.7,2022-04-27T00:00:00.000Z,84.7,103.3,79.9,79.9,84.5
קפלן,84.7,2022-04-27T00:00:00.000Z,84.7,103.3,79.9,79.9,84.5
קפלן,84.7,2022-04-27T00:00:00.000Z,84.7,103.3,79.9,79.9,84.5
קפלן,84.7,2022-04-27T00:00:00.000Z,84.7,103.3,79.9,79.9,84.5
קפלן,84.7,2022-04-27T00:00:00.000Z,84.7,103.3,79.9,79.9,84.5
קפלן,84.7,2022-04-27T00:00:00.000Z,84.7,103.3,79.9,79.9,84.5
קפלן,84.7,2022-04-27T00:00:00.000Z,84.7,103.3,79.9,79.9,84.5
קפלן,84.7,2022-04-27T00:00:00.000Z,84.7,103.3,79.9,79.9,84.5
קפלן,84.7,2022-04-27T00:00:00.000Z,84.7,103.3,79.9,79.9,84.5
קפלן,84.7,2022-04-27T00:00:00.000Z,84.7,103.3,79.9,79.9,84.5
קפלן,84.7,2022-04-27T00:00:00.000Z,84.7,103.3,79.9,79.9,84.5
קפלן,84.7,2022-04-27T00:00:00.000Z,84.7,103.3,79.9,79.9,84.5
קפלן,84.7,2022-04-27T00:00:00.000Z,84.7,103.3,79.9,79.9,84.5
קפלן,84.7,2022-04-27T00:00:00.000Z,84.7,103.3,79.9,79.9,84.5
קפלן,84.7,2022-04-27T00:00:00.000Z,84.7,103.3,79.9,79.9,84.5
קפלן,84.7,2022-04-27T00:00:00.000Z,84.7,103.3,79.9,79.9,84.5
קפלן,84.7,2022-04-27T00:00:00.000Z,84.7,103.3,79.9,79.9,84.5
קפלן,84.7,2022-04-27T00:00:00.000Z,84.7,103.3,79.9,79.9,84.5
קפלן,84.7,2022-04-27T00:00:00.000Z,84.7,103.3,79.9,79.9,84.5
קפלן,84.7,2022-04-27T00:00:00.000Z,84.7,103.3,79.9,79.9,84.5
קפלן,84.7,2022-04-27T00:00:00.000Z,84.7,103.3,79.9,79.9,84.5
קפלן,84.7,2022-04-27T00:00:00.000Z,84.7,103.3,79.9,79.9,84.5
קפלן,84.7,2022-04-27T00:00:00.000Z,84.7,103.3,79.9,79.9,84.5
קפלן,84.7,2022-04-27T00:00:00.000Z,84.7,103.3,79.9,79.9,84.5
קפלן,84.7,2022-04-27T00:00:00.000Z,84.7,103.3,79.9,79.9,84.5
קפלן,84.7,2022-04-27T00:00:00.000Z,84.7,103.3,79.9,79.9,84.5
קפלן,84.7,2022-04-27T00:00:00.000Z,84.7,103.3,79.9,79.9,84.5
קפלן,84.7,2022-04-27T00:00:00.000Z,84.7,103.3,79.9,79.9,84.5
קפלן,84.7,2022-04-27T00:00:00.000Z,84.7,103.3,79.9,79.9,84.5
קפלן,84.7,2022-04-27T00:00:00.000Z,84.7,103.3,79.9,79.9,84.5
קפלן,84.7,2022-04-27T00:00:00.000Z,84.7,103.3,79.9,79.9,84.5
קפלן,84.7,2022-04-27T00:00:00.000Z,84.7,103.3,79.9,79.9,84.5
קפלן,84.7,2022-04-27T00:00:00.000Z,84.7,103.3,79.9,79.9,84.5
קפלן,84.7,2022-04-27T00:00:00.000Z,84.7,103.3,79.9,79.9,84.5
קפלן,84.7,2022-04-27T00:00:00.000Z,84.7,103.3,79.9,79.9,84.5
קפלן,84.7,2022-04-27T00:00:00.000Z,84.7,103.3,79.9,79.9,84.5
קפלן,84.7,2022-04-27T00:00:00.000Z,84.7,103.3,79.9,79.9,84.5
קפלן,84.7,2022-04-27T00:00:00.000Z,84.7,103.3,79.9,79.9,84.5
קפלן,84.7,2022-04-27T00:00:00.000Z,84.7,103.3,79.9,79.9,84.5
קפלן,84.7,2022-04-27T00:00:00.000Z,84.7,103.3,79.9,79.9,84.5
קפלן,84.7,2022-04-27T00:00:00.000Z,84.7,103.3,79.9,79.9,84.5
קפלן,84.7,2022-04-27T00:00:00.000Z,84.7,103.3,79.9,79.9,84.5
קפלן,84.7,2022-04-27T00:00:00.000Z,84.7,103.3,79.9,79.9,84.5
קפלן,84.7,2022-04-27T00:00:00.000Z,84.7,103.3,79.9,79.9,84.5
קפלן,84.7,2022-04-27T00:00:00.000Z,84.7,103.3,79.9,79.9,84.5
קפלן,84.7,2022-04-27T00:00:00.000Z,84.7,103.3,79.9,79.9,84.5
קפלן,84.7,2022-04-27T00:00:00.000Z,84.7,103.3,79.9,79.9,84.5
קפלן,84.7,2022-04-27T00:00:00.000Z,84.7,103.3,79.9,79.9,84.5
קפלן,84.7,2022-04-27T00:00:00.000Z,84.7,103.3,79.9,79.9,84.5
קפלן,84.7,2022-04-27T00:00:00.000Z,84.7,103.3,79.9,79.9,84.5
קפלן,84.7,2022-04-27T00:00:00.000Z,84.7,103.3,79.9,79.9,84.5
קפלן,84.7,2022-04-27T00:00:00.000Z,84.7,103.3,79.9,79.9,84.5
קפלן,84.7,2022-04-27T00:00:00.000Z,84.7,103.3,79.9,79.9,84.5
קפלן,84.7,2022-04-27T00:00:00.000Z,84.7,103.3,79.9,79.9,84.5
קפלן,84.7,2022-04-27T00:00:00.000Z,84.7,103.3,79.9,79.9,84.5
קפלן,84.7,2022-04-27T00:00:00.000Z,84.7,103.3,79.9,79.9,84.5
קפלן,84.7,2022-04-27T00:00:00.000Z,84.7,103.3,79.9,79.9,84.5
קפלן,84.7,2022-04-27T00:00:00.000Z,84.7,103.3,79.9,79.9,84.5
קפלן,84.7,2022-04-27T00:00:00.000Z,84.7,103.3,79.9,79.9,84.5
קפלן,84.7,2022-04-27T00:00:00.000Z,84.7,103.3,79.9,79.9,84.5
קפלן,84.7,2022-04-27T00:00:00.000Z,84.7,103.3,79.9,79.9,84.5
קפלן,84.7,2022-04-27T00:00:00.000Z,84.7,103.3,79.9,79.9,84.5
קפלן,84.7,2022-04-27T00:00:00.000Z,84.7,103.3,79.9,79.9,84.5
קפלן,84.7,2022-04-27T00:00:00.000Z,84.7,103.3,79.9,79.9,84.5
קפלן,84.7,2022-04-27T00:00:00.000Z,84.7,103.3,79.9,79.9,84.5
קפלן,84.7,2022-04-27T00:00:00.000Z,84.7,103.3,79.9,79.9,84.5
קפלן,84.7,2022-04-27T00:00:00.000Z,84.7,103.3,79.9,79.9,84.5
קפלן,84.7,2022-04-27T00:00:00.000Z,84.7,103.3,79.9,79.9,84.5
קפלן,84.7,2022-04-27T00:00:00.000Z,84.7,103.3,79.9,79.9,84.5
קפלן,84.7,2022-04-27T00:00:00.000Z,84.7,103.3,79.9,79.9,84.5
קפלן,84.7,2022-04-27T00:00:00.000Z,84.7,103.3,79.9,79.9,84.5
קפלן,84.7,2022-04-27T00:00:00.000Z,84.7,103.3,79.9,79.9,84.5
קפלן,84.7,2022-04-27T00:00:00.000Z,84.7,103.3,79.9,79.9,84.5
קפלן,84.7,2022-04-27T00:00:00.000Z,84.7,103.3,79.9,79.9,84.5
קפלן,84.7,2022-04-27T00:00:00.000Z,84.7,103.3,79.9,79.9,84.5
קפלן,84.7,2022-04-27T00:00:00.000Z,84.7,103.3,79.9,79.9,84.5
קפלן,84.7,2022-04-27T00:00:00.000Z,84.7,103.3,79.9,79.9,84.5
קפלן,84.7,2022-04-27T00:00:00.000Z,84.7,103.3,79.9,79.9,84.5
קפלן,84.7,2022-04-27T00:00:00.000Z,84.7,103.3,79.9,79.9,84.5
קפלן,84.7,2022-04-27T00:00:00.000Z,84.7,103.3,79.9,79.9,84.5
קפלן,84.7,2022-04-27T00:00:00.000Z,84.7,103.3,79.9,79.9,84.5
קפלן,84.7,2022-04-27T00:00:00.000Z,84.7,103.3,79.9,79.9,84.5
קפלן,84.7,2022-04-27T00:00:00.000Z,84.7,103.3,79.9,79.9,84.5
קפלן,84.7,2022-04-27T00:00:00.000Z,84.7,103.3,79.9,79.9,84.5
קפלן,84.7,2022-04-27T00:00:00.000Z,84.7,103.3,79.9,79.9,84.5
קפלן,84.7,2022-04-27T00:00:00.000Z,84.7,103.3,79.9,79.9,84.5
קפלן,84.7,2022-04-27T00:00:00.000Z,84.7,103.3,79.9,79.9,84.5
קפלן,84.7,2022-04-27T00:00:00.000Z,84.7,103.3,79.9,79.9,84.5
קפלן,84.7,2022-04-27T00:00:00.000Z,84.7,103.3,79.9,79.9,84.5
קפלן,84.7,2022-04-27T00:00:00.000Z,84.7,103.3,79.9,79.9,84.5
קפלן,84.7,2022-04-27T00:00:00.000Z,84.7,103.3,79.9,79.9,84.5
קפלן,84.7,2022-04-27T00:00:00.000Z,84.7,103.3,79.9,79.9,84.5
קפלן,84.7,2022-04-27T00:00:00.000Z,84.7,103.3,79.9,79.9,84.5
קפלן,84.7,2022-04-27T00:00:00.000Z,84.7,103.3,79.9,79.9,84.5
קפלן,84.7,2022-04-27T00:00:00.000Z,84.7,103.3,79.9,79.9,84.5
קפלן,84.7,2022-04-27T00:00:00.000Z,84.7,103.3,79.9,79.9,84.5
קפלן,84.7,2022-04-27T00:00:00.000Z,84.7,103.3,79.9,79.9,84.5
קפלן,84.7,2022-04-27T00:00:00.000Z,84.7,103.3,79.9,79.9,84.5
קפלן,84.7,2022-04-27T00:00:00.000Z,84.7,103.3,79.9,79.9,84.5
קפלן,84.7,2022-04-27T00:00:00.000Z,84.7,103.3,79.9,79.9,84.5
קפלן,84.7,2022-04-27T00:00:00.000Z,84.7,103.3,79.9,79.9,84.5
קפלן,84.7,2022-04-27T00:00:00.000Z,84.7,103.3,79.9,79.9,84.5
קפלן,84.7,2022-04-27T00:00:00.000Z,84.7,103.3,79.9,79.9,84.5
קפלן,84.7,2022-04-27T00:00:00.000Z,84.7,103.3,79.9,79.9,84.5
קפלן,84.7,2022-04-27T00:00:00.000Z,84.7,103.3,79.9,79.9,84.5
קפלן,84.7,2022-04-27T00:00:00.000Z,84.7,103.3,79.9,79.9,84.5
קפלן,84.7,2022-04-27T00:00:00.000Z,84.7,103.3,79.9,79.9,84.5
קפלן,84.7,2022-04-27T00:00:00.000Z,84.7,103.3,79.9,79.9,84.5
קפלן,84.7,2022-04-27T00:00:00.000Z,84.7,103.3,79.9,79.9,84.5
קפלן,84.7,2022-04-27T00:00:00.000Z,84.7,103.3,79.9,79.9,84.5
קפלן,84.7,2022-04-27T00:00:00.000Z,84.7,103.3,79.9,79.9,84.5
קפלן,84.7,2022-04-27T00:00:00.000Z,84.7,103.3,79.9,79.9,84.5
קפלן,84.7,2022-04-27T00:00:00.000Z,84.7,103.3,79.9,79.9,84.5
קפלן,84.7,2022-04-27T00:00:00.000Z,84.7,103.3,79.9,79.9,84.5
קפלן,84.7,2022-04-27T00:00:00.000Z,84.7,103.3,79.9,79.9,84.5
קפלן,84.7,2022-04-27T00:00:00.000Z,84.7,103.3,79.9,79.9,84.5
קפלן,84.7,2022-04-27T00:00:00.000Z,84.7,103.3,79.9,79.9,84.5
קפלן,84.7,2022-04-27T00:00:00.000Z,84.7,103.3,79.9,79.9,84.5
קפלן,84.7,2022-04-27T00:00:00.000Z,84.7,103.3,79.9,79.9,84.5
קפלן,84.7,2022-04-27T00:00:00.000Z,84.7,103.3,79.9,79.9,84.5
קפלן,84.7,2022-04-27T00:00:00.000Z,84.7,103.3,79.9,79.9,84.5
קפלן,84.7,2022-04-27T00:00:00.000Z,84.7,103.3,79.9,79.9,84.5
קפלן,84.7,2022-04-27T00:00:00.000Z,84.7,103.3,79.9,79.9,84.5
קפלן,84.7,2022-04-27T00:00:00.000Z,84.7,103.3,79.9,79.9,84.5
קפלן,84.7,2022-04-27T00:00:00.000Z,84.7,103.3,79.9,79.9,84.5
קפלן,84.7,2022-04-27T00:00:00.000Z,84.7,103.3,79.9,79.9,84.5
קפלן,84.7,2022-04-27T00:00:00.000Z,84.7,103.3,79.9,79.9,84.5
קפלן,84.7,2022-04-27T00:00:00.000Z,84.7,103.3,79.9,79.9,84.5
קפלן,84.7,2022-04-27T00:00:00.000Z,84.7,103.3,79.9,79.9,84.5
קפלן,84.7,2022-04-27T00:00:00.000Z,84.7,103.3,79.9,79.9,84.5
קפלן,84.7,2022-04-27T00:00:00.000Z,84.7,103.3,79.9,79.9,84.5
קפלן,84.7,2022-04-27T00:00:00.000Z,84.7,103.3,79.9,79.9,84.5
קפלן,84.7,2022-04-27T00:00:00.000Z,84.7,103.3,79.9,79.9,84.5
קפלן,84.7,2022-04-27T00:00:00.000Z,84.7,103.3,79.9,79.9,84.5
קפלן,84.7,2022-04-27T00:00:00.000Z,84.7,103.3,79.9,79.9,84.5
קפלן,84.7,2022-04-27T00:00:00.000Z,84.7,103.3,79.9,79.9,84.5
קפלן,84.7,2022-04-27T00:00:00.000Z,84.7,103.3,79.9,79.9,84.5
קפלן,84.7,2022-04-27T00:00:00.000Z,84.7,103.3,79.9,79.9,84.5
קפלן,84.7,2022-04-27T00:00:00.000Z,84.7,103.3,79.9,79.9,84.5
קפלן,84.7,2022-04-27T00:00:00.000Z,84.7,103.3,79.9,79.9,84.5
קפלן,84.7,2022-04-27T00:00:00.000Z,84.7,103.3,79.9,79.9,84.5
קפלן,84.7,2022-04-27T00:00:00.000Z,84.7,103.3,79.9,79.9,84.5
קפלן,84.7,2022-04-27T00:00:00.000Z,84.7,103.3,79.9,79.9,84.5
קפלן,84.7,2022-04-27T00:00:00.000Z,84.7,103.3,79.9,79.9,84.5
קפלן,84.7,2022-04-27T00:00:00.000Z,84.7,103.3,79.9,79.9,84.5
קפלן,84.7,2022-04-27T00:00:00.000Z,84.7,103.3,79.9,79.9,84.5
קפלן,84.7,2022-04-27T00:00:00.000Z,84.7,103.3,79.9,79.9,84.5
קפלן,84.7,2022-04-27T00:00:00.000Z,84.7,103.3,79.9,79.9,84.5
קפלן,84.7,2022-04-27T00:00:00.000Z,84.7,103.3,79.9,79.9,84.5
קפלן,84.7,2022-04-27T00:00:00.000Z,84.7,103.3,79.9,79.9,84.5
קפלן,84.7,2022-04-27T00:00:00.000Z,84.7,103.3,79.9,79.9,84.5
קפלן,84.7,2022-04-27T00:00:00.000Z,84.7,103.3,79.9,79.9,84.5
קפלן,84.7,2022-04-27T00:00:00.000Z,84.7,103.3,79.9,79.9,84.5
קפלן,84.7,2022-04-27T00:00:00.000Z,84.7,103.3,79.9,79.9,84.5
קפלן,84.7,2022-04-27T00:00:00.000Z,84.7,103.3,79.9,79.9,84.5
קפלן,84.7,2022-04-27T00:00:00.000Z,84.7,103.3,79.9,79.9,84.5
קפלן,84.7,2022-04-27T00:00:00.000Z,84.7,103.3,79.9,79.9,84.5
קפלן,84.7,2022-04-27T00:00:00.000Z,84.7,103.3,79.9,79.9,84.5
קפלן,84.7,2022-04-27T00:00:00.000Z,84.7,103.3,79.9,79.9,84.5
קפלן,84.7,2022-04-27T00:00:00.000Z,84.7,103.3,79.9,79.9,84.5
קפלן,84.7,2022-04-27T00:00:00.000Z,84.7,103.3,79.9,79.9,84.5
קפלן,84.7,2022-04-27T00:00:00.000Z,84.7,103.3,79.9,79.9,84.5
קפלן,84.7,2022-04-27T00:00:00.000Z,84.7,103.3,79.9,79.9,84.5
קפלן,84.7,2022-04-27T00:00:00.000Z,84.7,103.3,79.9,79.9,84.5
קפלן,84.7,2022-04-27T00:00:00.000Z,84.7,103.3,79.9,79.9,84.5
קפלן,84.7,2022-04-27T00:00:00.000Z,84.7,103.3,79.9,79.9,84.5
קפלן,84.7,2022-04-27T00:00:00.000Z,84.7,103.3,79.9,79.9,84.5
קפלן,84.7,2022-04-27T00:00:00.000Z,84.7,103.3,79.9,79.9,84.5
קפלן,84.7,2022-04-27T00:00:00.000Z,84.7,103.3,79.9,79.9,84.5
קפלן,84.7,2022-04-27T00:00:00.000Z,84.7,103.3,79.9,79.9,84.5
קפלן,84.7,2022-04-27T00:00:00.000Z,84.7,103.3,79.9,79.9,84.5
קפלן,84.7,2022-04-27T00:00:00.000Z,84.7,103.3,79.9,79.9,84.5
קפלן,84.7,2022-04-27T00:00:00.000Z,84.7,103.3,79.9,79.9,84.5
קפלן,84.7,2022-04-27T00:00:00.000Z,84.7,103.3,79.9,79.9,84.5
קפלן,84.7,2022-04-27T00:00:00.000Z,84.7,103.3,79.9,79.9,84.5
קפלן,84.7,2022-04-27T00:00:00.000Z,84.7,103.3,79.9,79.9,84.5
קפלן,84.7,2022-04-27T00:00:00.000Z,84.7,103.3,79.9,79.9,84.5
קפלן,84.7,2022-04-27T00:00:00.000Z,84.7,103.3,79.9,79.9,84.5
קפלן,84.7,2022-04-27T00:00:00.000Z,84.7,103.3,79.9,79.9,84.5
קפלן,84.7,2022-04-27T00:00:00.000Z,84.7,103.3,79.9,79.9,84.5
קפלן,84.7,2022-04-27T00:00:00.000Z,84.7,103.3,79.9,79.9,84.5
קפלן,84.7,2022-04-27T00:00:00.000Z,84.7,103.3,79.9,79.9,84.5
קפלן,84.7,2022-04-27T00:00:00.000Z,84.7,103.3,79.9,79.9,84.5
קפלן,84.7,2022-04-27T00:00:00.000Z,84.7,103.3,79.9,79.9,84.5
קפלן,84.7,2022-04-27T00:00:00.000Z,84.7,103.3,79.9,79.9,84.5
קפלן,84.7,2022-04-27T00:00:00.000Z,84.7,103.3,79.9,79.9,84.5
קפלן,84.7,2022-04-27T00:00:00.000Z,84.7,103.3,79.9,79.9,84.5
קפלן,84.7,2022-04-27T00:00:00.000Z,84.7,103.3,79.9,79.9,84.5
קפלן,84.7,2022-04-27T00:00:00.000Z,84.7,103.3,79.9,79.9,84.5
קפלן,84.7,2022-04-27T00:00:00.000Z,84.7,103.3,79.9,79.9,84.5
קפלן,84.7,2022-04-27T00:00:00.000Z,84.7,103.3,79.9,79.9,84.5
קפלן,84.7,2022-04-27T00:00:00.000Z,84.7,103.3,79.9,79.9,84.5
קפלן,84.7,2022-04-27T00:00:00.000Z,84.7,103.3,79.9,79.9,84.5
קפלן,84.7,2022-04-27T00:00:00.000Z,84.7,103.3,79.9,79.9,84.5
קפלן,84.7,2022-04-27T00:00:00.000Z,84.7,103.3,79.9,79.9,84.5
קפלן,84.7,2022-04-27T00:00:00.000Z,84.7,103.3,79.9,79.9,84.5
קפלן,84.7,2022-04-27T00:00:00.000Z,84.7,103.3,79.9,79.9,84.5
קפלן,84.7,2022-04-27T00:00:00.000Z,84.7,103.3,79.9,79.9,84.5
קפלן,84.7,2022-04-27T00:00:00.000Z,84.7,103.3,79.9,79.9,84.5
קפלן,84.7,2022-04-27T00:00:00.000Z,84.7,103.3,79.9,79.9,84.5
קפלן,84.7,2022-04-27T00:00:00.000Z,84.7,103.3,79.9,79.9,84.5
קפלן,84.7,2022-04-27T00:00:00.000Z,84.7,103.3,79.9,79.9,84.5
קפלן,84.7,2022-04-27T00:00:00.000Z,84.7,103.3,79.9,79.9,84.5
קפלן,84.7,2022-04-27T00:00:00.000Z,84.7,103.3,79.9,79.9,84.5
קפלן,84.7,2022-04-27T00:00:00.000Z,84.7,103.3,79.9,79.9,84.5
קפלן,84.7,2022-04-27T00:00:00.000Z,84.7,103.3,79.9,79.9,84.5
קפלן,84.7,2022-04-27T00:00:00.000Z,84.7,103.3,79.9,79.9,84.5
קפלן,84.7,2022-04-27T00:00:00.000Z,84.7,103.3,79.9,79.9,84.5
קפלן,84.7,2022-04-27T00:00:00.000Z,84.7,103.3,79.9,79.9,84.5
קפלן,84.7,2022-04-27T00:00:00.000Z,84.7,103.3,79.9,79.9,84.5
קפלן,84.7,2022-04-27T00:00:00.000Z,84.7,103.3,79.9,79.9,84.5
קפלן,84.7,2022-04-27T00:00:00.000Z,84.7,103.3,79.9,79.9,84.5
קפלן,84.7,2022-04-27T00:00:00.000Z,84.7,103.3,79.9,79.9,84.5
קפלן,84.7,2022-04-27T00:00:00.000Z,84.7,103.3,79.9,79.9,84.5
קפלן,84.7,2022-04-27T00:00:00.000Z,84.7,103.3,79.9,79.9,84.5
קפלן,84.7,2022-04-27T00:00:00.000Z,84.7,103.3,79.9,79.9,84.5
קפלן,84.7,2022-04-27T00:00:00.000Z,84.7,103.3,79.9,79.9,84.5
קפלן,84.7,2022-04-27T00:00:00.000Z,84.7,103.3,79.9,79.9,84.5
קפלן,84.7,2022-04-27T00:00:00.000Z,84.7,103.3,79.9,79.9,84.5
קפלן,84.7,2022-04-27T00:00:00.000Z,84.7,103.3,79.9,79.9,84.5
קפלן,84.7,2022-04-27T00:00:00.000Z,84.7,103.3,79.9,79.9,84.5
קפלן,84.7,2022-04-27T00:00:00.000Z,84.7,103.3,79.9,79.9,84.5
קפלן,84.7,2022-04-27T00:00:00.000Z,84.7,103.3,79.9,79.9,84.5
קפלן,84.7,2022-04-27T00:00:00.000Z,84.7,103.3,79.9,79.9,84.5
קפלן,84.7,2022-04-27T00:00:00.000Z,84.7,103.3,79.9,79.9,84.5
קפלן,84.7,2022-04-27T00:00:00.000Z,84.7,103.3,79.9,79.9,84.5
קפלן,84.7,2022-04-27T00:00:00.000Z,84.7,103.3,79.9,79.9,84.5
קפלן,84.7,2022-04-27T00:00:00.000Z,84.7,103.3,79.9,79.9,84.5
קפלן,84.7,2022-04-27T00:00:00.000Z,84.7,103.3,79.9,79.9,84.5
קפלן,84.7,2022-04-27T00:00:00.000Z,84.7,103.3,79.9,79.9,84.5
קפלן,84.7,2022-04-27T00:00:00.000Z,84.7,103.3,79.9,79.9,84.5
קפלן,84.7,2022-04-27T00:00:00.000Z,84.7,103.3,79.9,79.9,84.5
קפלן,84.7,2022-04-27T00:00:00.000Z,84.7,103.3,79.9,79.9,84.5
קפלן,84.7,2022-04-27T00:00:00.000Z,84.7,103.3,79.9,79.9,84.5
קפלן,84.7,2022-04-27T00:00:00.000Z,84.7,103.3,79.9,79.9,84.5
קפלן,84.7,2022-04-27T00:00:00.000Z,84.7,103.3,79.9,79.9,84.5
קפלן,84.7,2022-04-27T00:00:00.000Z,84.7,103.3,79.9,79.9,84.5
קפלן,84.7,2022-04-27T00:00:00.000Z,84.7,103.3,79.9,79.9,84.5
קפלן,84.7,2022-04-27T00:00:00.000Z,84.7,103.3,79.9,79.9,84.5
קפלן,84.7,2022-04-27T00:00:00.000Z,84.7,103.3,79.9,79.9,84.5
קפלן,84.7,2022-04-27T00:00:00.000Z,84.7,103.3,79.9,79.9,84.5
קפלן,84.7,2022-04-27T00:00:00.000Z,84.7,103.3,79.9,79.9,84.5
קפלן,84.7,2022-04-27T00:00:00.000Z,84.7,103.3,79.9,79.9,84.5
קפלן,84.7,2022-04-27T00:00:00.000Z,84.7,103.3,79.9,79.9,84.5
קפלן,84.7,2022-04-27T00:00:00.000Z,84.7,103.3,79.9,79.9,84.5
קפלן,84.7,2022-04-27T00:00:00.000Z,84.7,103.3,79.9,79.9,84.5
קפלן,84.7,2022-04-27T00:00:00.000Z,84.7,103.3,79.9,79.9,84.5
קפלן,84.7,2022-04-27T00:00:00.000Z,84.7,103.3,79.9,79.9,84.5
קפלן,84.7,2022-04-27T00:00:00.000Z,84.7,103.3,79.9,79.9,84.5
קפלן,84.7,2022-04-27T00:00:00.000Z,84.7,103.3,79.9,79.9,84.5
קפלן,84.7,2022-04-27T00:00:00.000Z,84.7,103.3,79.9,79.9,84.5
קפלן,84.7,2022-04-27T00:00:00.000Z,84.7,103.3,79.9,79.9,84.5
קפלן,84.7,2022-04-27T00:00:00.000Z,84.7,103.3,79.9,79.9,84.5
קפלן,84.7,2022-04-27T00:00:00.000Z,84.7,103.3,79.9,79.9,84.5
קפלן,84.7,2022-04-27T00:00:00.000Z,84.7,103.3,79.9,79.9,84.5
קפלן,84.7,2022-04-27T00:00:00.000Z,84.7,103.3,79.9,79.9,84.5
קפלן,84.7,2022-04-27T00:00:00.000Z,84.7,103.3,79.9,79.9,84.5
קפלן,84.7,2022-04-27T00:00:00.000Z,84.7,103.3,79.9,79.9,84.5
קפלן,84.7,2022-04-27T00:00:00.000Z,84.7,103.3,79.9,79.9,84.5
קפלן,84.7,2022-04-27T00:00:00.000Z,84.7,103.3,79.9,79.9,84.5
קפלן,84.7,2022-04-27T00:00:00.000Z,84.7,103.3,79.9,79.9,84.5
קפלן,84.7,2022-04-27T00:00:00.000Z,84.7,103.3,79.9,79.9,84.5
קפלן,84.7,2022-04-27T00:00:00.000Z,84.7,103.3,79.9,79.9,84.5
קפלן,84.7,2022-04-27T00:00:00.000Z,84.7,103.3,79.9,79.9,84.5
קפלן,84.7,2022-04-27T00:00:00.000Z,84.7,103.3,79.9,79.9,84.5
קפלן,84.7,2022-04-27T00:00:00.000Z,84.7,103.3,79.9,79.9,84.5
קפלן,84.7,2022-04-27T00:00:00.000Z,84.7,103.3,79.9,79.9,84.5
קפלן,84.7,2022-04-27T00:00:00.000Z,84.7,103.3,79.9,79.9,84.5
קפלן,84.7,2022-04-27T00:00:00.000Z,84.7,103.3,79.9,79.9,84.5
קפלן,84.7,2022-04-27T00:00:00.000Z,84.7,103.3,79.9,79.9,84.5
קפלן,84.7,2022-04-27T00:00:00.000Z,84.7,103.3,79.9,79.9,84.5
קפלן,84.7,2022-04-27T00:00:00.000Z,84.7,103.3,79.9,79.9,84.5
קפלן,84.7,2022-04-27T00:00:00.000Z,84.7,103.3,79.9,79.9,84.5
קפלן,84.7,2022-04-27T00:00:00.000Z,84.7,103.3,79.9,79.9,84.5
קפלן,84.7,2022-04-27T00:00:00.000Z,84.7,103.3,79.9,79.9,84.5
קפלן,84.7,2022-04-27T00:00:00.000Z,84.7,103.3,79.9,79.9,84.5
קפלן,84.7,2022-04-27T00:00:00.000Z,84.7,103.3,79.9,79.9,84.5
קפלן,84.7,2022-04-27T00:00:00.000Z,84.7,103.3,79.9,79.9,84.5
קפלן,84.7,2022-04-27T00:00:00.000Z,84.7,103.3,79.9,79.9,84.5
קפלן,84.7,2022-04-27T00:00:00.000Z,84.7,103.3,79.9,79.9,84.5
קפלן,84.7,2022-04-27T00:00:00.000Z,84.7,103.3,79.9,79.9,84.5
קפלן,84.7,2022-04-27T00:00:00.000Z,84.7,103.3,79.9,79.9,84.5
קפלן,84.7,2022-04-27T00:00:00.000Z,84.7,103.3,79.9,79.9,84.5
קפלן,84.7,2022-04-27T00:00:00.000Z,84.7,103.3,79.9,79.9,84.5
קפלן,84.7,2022-04-27T00:00:00.000Z,84.7,103.3,79.9,79.9,84.5
קפלן,84.7,2022-04-27T00:00:00.000Z,84.7,103.3,79.9,79.9,84.5
קפלן,84.7,2022-04-27T00:00:00.000Z,84.7,103.3,79.9,79.9,84.5
קפלן,84.7,2022-04-27T00:00:00.000Z,84.7,103.3,79.9,79.9,84.5
קפלן,84.7,2022-04-27T00:00:00.000Z,84.7,103.3,79.9,79.9,84.5
קפלן,84.7,2022-04-27T00:00:00.000Z,84.7,103.3,79.9,79.9,84.5
קפלן,84.7,2022-04-27T00:00:00.000Z,84.7,103.3,79.9,79.9,84.5
קפלן,84.7,2022-04-27T00:00:00.000Z,84.7,103.3,79.9,79.9,84.5
קפלן,84.7,2022-04-27T00:00:00.000Z,84.7,103.3,79.9,79.9,84.5
קפלן,84.7,2022-04-27T00:00:00.000Z,84.7,103.3,79.9,79.9,84.5
קפלן,84.7,2022-04-27T00:00:00.000Z,84.7,103.3,79.9,79.9,84.5
קפלן,84.7,2022-04-27T00:00:00.000Z,84.7,103.3,79.9,79.9,84.5
קפלן,84.7,2022-04-27T00:00:00.000Z,84.7,103.3,79.9,79.9,84.5
קפלן,84.7,2022-04-27T00:00:00.000Z,84.7,103.3,79.9,79.9,84.5
קפלן,84.7,2022-04-27T00:00:00.000Z,84.7,103.3,79.9,79.9,84.5
קפלן,84.7,2022-04-27T00:00:00.000Z,84.7,103.3,79.9,79.9,84.5
קפלן,84.7,2022-04-27T00:00:00.000Z,84.7,103.3,79.9,79.9,84.5
קפלן,84.7,2022-04-27T00:00:00.000Z,84.7,103.3,79.9,79.9,84.5
קפלן,84.7,2022-04-27T00:00:00.000Z,84.7,103.3,79.9,79.9,84.5
קפלן,84.7,2022-04-27T00:00:00.000Z,84.7,103.3,79.9,79.9,84.5
קפלן,84.7,2022-04-27T00:00:00.000Z,84.7,103.3,79.9,79.9,84.5
קפלן,84.7,2022-04-27T00:00:00.000Z,84.7,103.3,79.9,79.9,84.5
קפלן,84.7,2022-04-27T00:00:00.000Z,84.7,103.3,79.9,79.9,84.5
קפלן,84.7,2022-04-27T00:00:00.000Z,84.7,103.3,79.9,79.9,84.5
קפלן,84.7,2022-04-27T00:00:00.000Z,84.7,103.3,79.9,79.9,84.5
קפלן,84.7,2022-04-27T00:00:00.000Z,84.7,103.3,79.9,79.9,84.5
קפלן,84.7,2022-04-27T00:00:00.000Z,84.7,103.3,79.9,79.9,84.5
קפלן,84.7,2022-04-27T00:00:00.000Z,84.7,103.3,79.9,79.9,84.5
קפלן,84.7,2022-04-27T00:00:00.000Z,84.7,103.3,79.9,79.9,84.5
קפלן,84.7,2022-04-27T00:00:00.000Z,84.7,103.3,79.9,79.9,84.5
קפלן,84.7,2022-04-27T00:00:00.000Z,84.7,103.3,79.9,79.9,84.5
קפלן,84.7,2022-04-27T00:00:00.000Z,84.7,103.3,79.9,79.9,84.5
קפלן,84.7,2022-04-27T00:00:00.000Z,84.7,103.3,79.9,79.9,84.5
קפלן,84.7,2022-04-27T00:00:00.000Z,84.7,103.3,79.9,79.9,84.5
קפלן,84.7,2022-04-27T00:00:00.000Z,84.7,103.3,79.9,79.9,84.5
קפלן,84.7,2022-04-27T00:00:00.000Z,84.7,103.3,79.9,79.9,84.5
קפלן,84.7,2022-04-27T00:00:00.000Z,84.7,103.3,79.9,79.9,84.5
קפלן,84.7,2022-04-27T00:00:00.000Z,84.7,103.3,79.9,79.9,84.5
קפלן,84.7,2022-04-27T00:00:00.000Z,84.7,103.3,79.9,79.9,84.5
קפלן,84.7,2022-04-27T00:00:00.000Z,84.7,103.3,79.9,79.9,84.5
קפלן,84.7,2022-04-27T00:00:00.000Z,84.7,103.3,79.9,79.9,84.5
קפלן,84.7,2022-04-27T00:00:00.000Z,84.7,103.3,79.9,79.9,84.5
קפלן,84.7,2022-04-27T00:00:00.000Z,84.7,103.3,79.9,79.9,84.5
קפלן,84.7,2022-04-27T00:00:00.000Z,84.7,103.3,79.9,79.9,84.5
קפלן,84.7,2022-04-27T00:00:00.000Z,84.7,103.3,79.9,79.9,84.5
קפלן,84.7,2022-04-27T00:00:00.000Z,84.7,103.3,79.9,79.9,84.5
קפלן,84.7,2022-04-27T00:00:00.000Z,84.7,103.3,79.9,79.9,84.5
קפלן,84.7,2022-04-27T00:00:00.000Z,84.7,103.3,79.9,79.9,84.5
קפלן,84.7,2022-04-27T00:00:00.000Z,84.7,103.3,79.9,79.9,84.5
קפלן,84.7,2022-04-27T00:00:00.000Z,84.7,103.3,79.9,79.9,84.5
קפלן,84.7,2022-04-27T00:00:00.000Z,84.7,103.3,79.9,79.9,84.5
קפלן,84.7,2022-04-27T00:00:00.000Z,84.7,103.3,79.9,79.9,84.5
קפלן,84.7,2022-04-27T00:00:00.000Z,84.7,103.3,79.9,79.9,84.5
קפלן,84.7,2022-04-27T00:00:00.000Z,84.7,103.3,79.9,79.9,84.5
קפלן,84.7,2022-04-27T00:00:00.000Z,84.7,103.3,79.9,79.9,84.5
קפלן,84.7,2022-04-27T00:00:00.000Z,84.7,103.3,79.9,79.9,84.5
קפלן,84.7,2022-04-27T00:00:00.000Z,84.7,103.3,79.9,79.9,84.5
קפלן,84.7,2022-04-27T00:00:00.000Z,84.7,103.3,79.9,79.9,84.5
קפלן,84.7,2022-04-27T00:00:00.000Z,84.7,103.3,79.9,79.9,84.5
קפלן,84.7,2022-04-27T00:00:00.000Z,84.7,103.3,79.9,79.9,84.5
קפלן,84.7,2022-04-27T00:00:00.000Z,84.7,103.3,79.9,79.9,84.5
קפלן,84.7,2022-04-27T00:00:00.000Z,84.7,103.3,79.9,79.9,84.5
קפלן,84.7,2022-04-27T00:00:00.000Z,84.7,103.3,79.9,79.9,84.5
קפלן,84.7,2022-04-27T00:00:00.000Z,84.7,103.3,79.9,79.9,84.5
קפלן,84.7,2022-04-27T00:00:00.000Z,84.7,103.3,79.9,79.9,84.5
קפלן,84.7,2022-04-27T00:00:00.000Z,84.7,103.3,79.9,79.9,84.5
קפלן,84.7,2022-04-27T00:00:00.000Z,84.7,103.3,79.9,79.9,84.5
קפלן,84.7,2022-04-27T00:00:00.000Z,84.7,103.3,79.9,79.9,84.5
קפלן,84.7,2022-04-27T00:00:00.000Z,84.7,103.3,79.9,79.9,84.5
קפלן,84.7,2022-04-27T00:00:00.000Z,84.7,103.3,79.9,79.9,84.5
איכילוב,88.7,2022-04-27T00:00:00.000Z,88.7,89.3,123.3,123.3,118
איכילוב,88.7,2022-04-27T00:00:00.000Z,88.7,89.3,123.3,123.3,118
איכילוב,88.7,2022-04-27T00:00:00.000Z,88.7,89.3,123.3,123.3,118
איכילוב,88.7,2022-04-27T00:00:00.000Z,88.7,89.3,123.3,123.3,118
איכילוב,88.7,2022-04-27T00:00:00.000Z,88.7,89.3,123.3,123.3,118
איכילוב,88.7,2022-04-27T00:00:00.000Z,88.7,89.3,123.3,123.3,118
איכילוב,88.7,2022-04-27T00:00:00.000Z,88.7,89.3,123.3,123.3,118
איכילוב,88.7,2022-04-27T00:00:00.000Z,88.7,89.3,123.3,123.3,118
איכילוב,88.7,2022-04-27T00:00:00.000Z,88.7,89.3,123.3,123.3,118
איכילוב,88.7,2022-04-27T00:00:00.000Z,88.7,89.3,123.3,123.3,118
איכילוב,88.7,2022-04-27T00:00:00.000Z,88.7,89.3,123.3,123.3,118
איכילוב,88.7,2022-04-27T00:00:00.000Z,88.7,89.3,123.3,123.3,118
איכילוב,88.7,2022-04-27T00:00:00.000Z,88.7,89.3,123.3,123.3,118
איכילוב,88.7,2022-04-27T00:00:00.000Z,88.7,89.3,123.3,123.3,118
איכילוב,88.7,2022-04-27T00:00:00.000Z,88.7,89.3,123.3,123.3,118
איכילוב,88.7,2022-04-27T00:00:00.000Z,88.7,89.3,123.3,123.3,118
איכילוב,88.7,2022-04-27T00:00:00.000Z,88.7,89.3,123.3,123.3,118
איכילוב,88.7,2022-04-27T00:00:00.000Z,88.7,89.3,123.3,123.3,118
איכילוב,88.7,2022-04-27T00:00:00.000Z,88.7,89.3,123.3,123.3,118
איכילוב,88.7,2022-04-27T00:00:00.000Z,88.7,89.3,123.3,123.3,118
איכילוב,88.7,2022-04-27T00:00:00.000Z,88.7,89.3,123.3,123.3,118
איכילוב,88.7,2022-04-27T00:00:00.000Z,88.7,89.3,123.3,123.3,118
איכילוב,88.7,2022-04-27T00:00:00.000Z,88.7,89.3,123.3,123.3,118
איכילוב,88.7,2022-04-27T00:00:00.000Z,88.7,89.3,123.3,123.3,118
איכילוב,88.7,2022-04-27T00:00:00.000Z,88.7,89.3,123.3,123.3,118
איכילוב,88.7,2022-04-27T00:00:00.000Z,88.7,89.3,123.3,123.3,118
איכילוב,88.7,2022-04-27T00:00:00.000Z,88.7,89.3,123.3,123.3,118
איכילוב,88.7,2022-04-27T00:00:00.000Z,88.7,89.3,123.3,123.3,118
איכילוב,88.7,2022-04-27T00:00:00.000Z,88.7,89.3,123.3,123.3,118
איכילוב,88.7,2022-04-27T00:00:00.000Z,88.7,89.3,123.3,123.3,118
איכילוב,88.7,2022-04-27T00:00:00.000Z,88.7,89.3,123.3,123.3,118
איכילוב,88.7,2022-04-27T00:00:00.000Z,88.7,89.3,123.3,123.3,118
איכילוב,88.7,2022-04-27T00:00:00.000Z,88.7,89.3,123.3,123.3,118
איכילוב,88.7,2022-04-27T00:00:00.000Z,88.7,89.3,123.3,123.3,118
איכילוב,88.7,2022-04-27T00:00:00.000Z,88.7,89.3,123.3,123.3,118
איכילוב,88.7,2022-04-27T00:00:00.000Z,88.7,89.3,123.3,123.3,118
איכילוב,88.7,2022-04-27T00:00:00.000Z,88.7,89.3,123.3,123.3,118
איכילוב,88.7,2022-04-27T00:00:00.000Z,88.7,89.3,123.3,123.3,118
איכילוב,88.7,2022-04-27T00:00:00.000Z,88.7,89.3,123.3,123.3,118
איכילוב,88.7,2022-04-27T00:00:00.000Z,88.7,89.3,123.3,123.3,118
איכילוב,88.7,2022-04-27T00:00:00.000Z,88.7,89.3,123.3,123.3,118
איכילוב,88.7,2022-04-27T00:00:00.000Z,88.7,89.3,123.3,123.3,118
איכילוב,88.7,2022-04-27T00:00:00.000Z,88.7,89.3,123.3,123.3,118
איכילוב,88.7,2022-04-27T00:00:00.000Z,88.7,89.3,123.3,123.3,118
איכילוב,88.7,2022-04-27T00:00:00.000Z,88.7,89.3,123.3,123.3,118
איכילוב,88.7,2022-04-27T00:00:00.000Z,88.7,89.3,123.3,123.3,118
איכילוב,88.7,2022-04-27T00:00:00.000Z,88.7,89.3,123.3,123.3,118
איכילוב,88.7,2022-04-27T00:00:00.000Z,88.7,89.3,123.3,123.3,118
איכילוב,88.7,2022-04-27T00:00:00.000Z,88.7,89.3,123.3,123.3,118
איכילוב,88.7,2022-04-27T00:00:00.000Z,88.7,89.3,123.3,123.3,118
איכילוב,88.7,2022-04-27T00:00:00.000Z,88.7,89.3,123.3,123.3,118
איכילוב,88.7,2022-04-27T00:00:00.000Z,88.7,89.3,123.3,123.3,118
איכילוב,88.7,2022-04-27T00:00:00.000Z,88.7,89.3,123.3,123.3,118
איכילוב,88.7,2022-04-27T00:00:00.000Z,88.7,89.3,123.3,123.3,118
איכילוב,88.7,2022-04-27T00:00:00.000Z,88.7,89.3,123.3,123.3,118
איכילוב,88.7,2022-04-27T00:00:00.000Z,88.7,89.3,123.3,123.3,118
איכילוב,88.7,2022-04-27T00:00:00.000Z,88.7,89.3,123.3,123.3,118
איכילוב,88.7,2022-04-27T00:00:00.000Z,88.7,89.3,123.3,123.3,118
איכילוב,88.7,2022-04-27T00:00:00.000Z,88.7,89.3,123.3,123.3,118
איכילוב,88.7,2022-04-27T00:00:00.000Z,88.7,89.3,123.3,123.3,118
איכילוב,88.7,2022-04-27T00:00:00.000Z,88.7,89.3,123.3,123.3,118
איכילוב,88.7,2022-04-27T00:00:00.000Z,88.7,89.3,123.3,123.3,118
איכילוב,88.7,2022-04-27T00:00:00.000Z,88.7,89.3,123.3,123.3,118
איכילוב,88.7,2022-04-27T00:00:00.000Z,88.7,89.3,123.3,123.3,118
איכילוב,88.7,2022-04-27T00:00:00.000Z,88.7,89.3,123.3,123.3,118
רבין ק. השרון,57.9,2022-04-27T00:00:00.000Z,57.9,62.3,70.5,70.5,71
רבין ק. השרון,57.9,2022-04-27T00:00:00.000Z,57.9,62.3,70.5,70.5,71
רבין ק. השרון,57.9,2022-04-27T00:00:00.000Z,57.9,62.3,70.5,70.5,71
לניאדו,100,2022-04-27T00:00:00.000Z,100,98.7,97.5,97.5,104.2
לניאדו,100,2022-04-27T00:00:00.000Z,100,98.7,97.5,97.5,104.2
לניאדו,100,2022-04-27T00:00:00.000Z,100,98.7,97.5,97.5,104.2
לניאדו,100,2022-04-27T00:00:00.000Z,100,98.7,97.5,97.5,104.2
לניאדו,100,2022-04-27T00:00:00.000Z,100,98.7,97.5,97.5,104.2
לניאדו,100,2022-04-27T00:00:00.000Z,100,98.7,97.5,97.5,104.2
לניאדו,100,2022-04-27T00:00:00.000Z,100,98.7,97.5,97.5,104.2
לניאדו,100,2022-04-27T00:00:00.000Z,100,98.7,97.5,97.5,104.2
לניאדו,100,2022-04-27T00:00:00.000Z,100,98.7,97.5,97.5,104.2
לניאדו,100,2022-04-27T00:00:00.000Z,100,98.7,97.5,97.5,104.2
לניאדו,100,2022-04-27T00:00:00.000Z,100,98.7,97.5,97.5,104.2
לניאדו,100,2022-04-27T00:00:00.000Z,100,98.7,97.5,97.5,104.2
לניאדו,100,2022-04-27T00:00:00.000Z,100,98.7,97.5,97.5,104.2
לניאדו,100,2022-04-27T00:00:00.000Z,100,98.7,97.5,97.5,104.2
לניאדו,100,2022-04-27T00:00:00.000Z,100,98.7,97.5,97.5,104.2
לניאדו,100,2022-04-27T00:00:00.000Z,100,98.7,97.5,97.5,104.2
לניאדו,100,2022-04-27T00:00:00.000Z,100,98.7,97.5,97.5,104.2
לניאדו,100,2022-04-27T00:00:00.000Z,100,98.7,97.5,97.5,104.2
לניאדו,100,2022-04-27T00:00:00.000Z,100,98.7,97.5,97.5,104.2
לניאדו,100,2022-04-27T00:00:00.000Z,100,98.7,97.5,97.5,104.2
לניאדו,100,2022-04-27T00:00:00.000Z,100,98.7,97.5,97.5,104.2
לניאדו,100,2022-04-27T00:00:00.000Z,100,98.7,97.5,97.5,104.2
לניאדו,100,2022-04-27T00:00:00.000Z,100,98.7,97.5,97.5,104.2
לניאדו,100,2022-04-27T00:00:00.000Z,100,98.7,97.5,97.5,104.2
לניאדו,100,2022-04-27T00:00:00.000Z,100,98.7,97.5,97.5,104.2
לניאדו,100,2022-04-27T00:00:00.000Z,100,98.7,97.5,97.5,104.2
לניאדו,100,2022-04-27T00:00:00.000Z,100,98.7,97.5,97.5,104.2
לניאדו,100,2022-04-27T00:00:00.000Z,100,98.7,97.5,97.5,104.2
לניאדו,100,2022-04-27T00:00:00.000Z,100,98.7,97.5,97.5,104.2
לניאדו,100,2022-04-27T00:00:00.000Z,100,98.7,97.5,97.5,104.2
לניאדו,100,2022-04-27T00:00:00.000Z,100,98.7,97.5,97.5,104.2
לניאדו,100,2022-04-27T00:00:00.000Z,100,98.7,97.5,97.5,104.2
לניאדו,100,2022-04-27T00:00:00.000Z,100,98.7,97.5,97.5,104.2
לניאדו,100,2022-04-27T00:00:00.000Z,100,98.7,97.5,97.5,104.2
וולפסון,78.3,2022-04-27T00:00:00.000Z,78.3,99.6,77.6,77.6,81.6
וולפסון,78.3,2022-04-27T00:00:00.000Z,78.3,99.6,77.6,77.6,81.6
וולפסון,78.3,2022-04-27T00:00:00.000Z,78.3,99.6,77.6,77.6,81.6
וולפסון,78.3,2022-04-27T00:00:00.000Z,78.3,99.6,77.6,77.6,81.6
וולפסון,78.3,2022-04-27T00:00:00.000Z,78.3,99.6,77.6,77.6,81.6
וולפסון,78.3,2022-04-27T00:00:00.000Z,78.3,99.6,77.6,77.6,81.6
וולפסון,78.3,2022-04-27T00:00:00.000Z,78.3,99.6,77.6,77.6,81.6
וולפסון,78.3,2022-04-27T00:00:00.000Z,78.3,99.6,77.6,77.6,81.6
וולפסון,78.3,2022-04-27T00:00:00.000Z,78.3,99.6,77.6,77.6,81.6
וולפסון,78.3,2022-04-27T00:00:00.000Z,78.3,99.6,77.6,77.6,81.6
וולפסון,78.3,2022-04-27T00:00:00.000Z,78.3,99.6,77.6,77.6,81.6
וולפסון,78.3,2022-04-27T00:00:00.000Z,78.3,99.6,77.6,77.6,81.6
וולפסון,78.3,2022-04-27T00:00:00.000Z,78.3,99.6,77.6,77.6,81.6
וולפסון,78.3,2022-04-27T00:00:00.000Z,78.3,99.6,77.6,77.6,81.6
וולפסון,78.3,2022-04-27T00:00:00.000Z,78.3,99.6,77.6,77.6,81.6
וולפסון,78.3,2022-04-27T00:00:00.000Z,78.3,99.6,77.6,77.6,81.6
וולפסון,78.3,2022-04-27T00:00:00.000Z,78.3,99.6,77.6,77.6,81.6
וולפסון,78.3,2022-04-27T00:00:00.000Z,78.3,99.6,77.6,77.6,81.6
וולפסון,78.3,2022-04-27T00:00:00.000Z,78.3,99.6,77.6,77.6,81.6
וולפסון,78.3,2022-04-27T00:00:00.000Z,78.3,99.6,77.6,77.6,81.6
וולפסון,78.3,2022-04-27T00:00:00.000Z,78.3,99.6,77.6,77.6,81.6
וולפסון,78.3,2022-04-27T00:00:00.000Z,78.3,99.6,77.6,77.6,81.6
וולפסון,78.3,2022-04-27T00:00:00.000Z,78.3,99.6,77.6,77.6,81.6
וולפסון,78.3,2022-04-27T00:00:00.000Z,78.3,99.6,77.6,77.6,81.6
וולפסון,78.3,2022-04-27T00:00:00.000Z,78.3,99.6,77.6,77.6,81.6
וולפסון,78.3,2022-04-27T00:00:00.000Z,78.3,99.6,77.6,77.6,81.6
וולפסון,78.3,2022-04-27T00:00:00.000Z,78.3,99.6,77.6,77.6,81.6
וולפסון,78.3,2022-04-27T00:00:00.000Z,78.3,99.6,77.6,77.6,81.6
וולפסון,78.3,2022-04-27T00:00:00.000Z,78.3,99.6,77.6,77.6,81.6
וולפסון,78.3,2022-04-27T00:00:00.000Z,78.3,99.6,77.6,77.6,81.6
וולפסון,78.3,2022-04-27T00:00:00.000Z,78.3,99.6,77.6,77.6,81.6
וולפסון,78.3,2022-04-27T00:00:00.000Z,78.3,99.6,77.6,77.6,81.6
וולפסון,78.3,2022-04-27T00:00:00.000Z,78.3,99.6,77.6,77.6,81.6
וולפסון,78.3,2022-04-27T00:00:00.000Z,78.3,99.6,77.6,77.6,81.6
וולפסון,78.3,2022-04-27T00:00:00.000Z,78.3,99.6,77.6,77.6,81.6
וולפסון,78.3,2022-04-27T00:00:00.000Z,78.3,99.6,77.6,77.6,81.6
וולפסון,78.3,2022-04-27T00:00:00.000Z,78.3,99.6,77.6,77.6,81.6
וולפסון,78.3,2022-04-27T00:00:00.000Z,78.3,99.6,77.6,77.6,81.6
וולפסון,78.3,2022-04-27T00:00:00.000Z,78.3,99.6,77.6,77.6,81.6
וולפסון,78.3,2022-04-27T00:00:00.000Z,78.3,99.6,77.6,77.6,81.6
וולפסון,78.3,2022-04-27T00:00:00.000Z,78.3,99.6,77.6,77.6,81.6
וולפסון,78.3,2022-04-27T00:00:00.000Z,78.3,99.6,77.6,77.6,81.6
וולפסון,78.3,2022-04-27T00:00:00.000Z,78.3,99.6,77.6,77.6,81.6
וולפסון,78.3,2022-04-27T00:00:00.000Z,78.3,99.6,77.6,77.6,81.6
וולפסון,78.3,2022-04-27T00:00:00.000Z,78.3,99.6,77.6,77.6,81.6
וולפסון,78.3,2022-04-27T00:00:00.000Z,78.3,99.6,77.6,77.6,81.6
וולפסון,78.3,2022-04-27T00:00:00.000Z,78.3,99.6,77.6,77.6,81.6
וולפסון,78.3,2022-04-27T00:00:00.000Z,78.3,99.6,77.6,77.6,81.6
וולפסון,78.3,2022-04-27T00:00:00.000Z,78.3,99.6,77.6,77.6,81.6
וולפסון,78.3,2022-04-27T00:00:00.000Z,78.3,99.6,77.6,77.6,81.6
וולפסון,78.3,2022-04-27T00:00:00.000Z,78.3,99.6,77.6,77.6,81.6
וולפסון,78.3,2022-04-27T00:00:00.000Z,78.3,99.6,77.6,77.6,81.6
וולפסון,78.3,2022-04-27T00:00:00.000Z,78.3,99.6,77.6,77.6,81.6
וולפסון,78.3,2022-04-27T00:00:00.000Z,78.3,99.6,77.6,77.6,81.6
וולפסון,78.3,2022-04-27T00:00:00.000Z,78.3,99.6,77.6,77.6,81.6
וולפסון,78.3,2022-04-27T00:00:00.000Z,78.3,99.6,77.6,77.6,81.6
וולפסון,78.3,2022-04-27T00:00:00.000Z,78.3,99.6,77.6,77.6,81.6
וולפסון,78.3,2022-04-27T00:00:00.000Z,78.3,99.6,77.6,77.6,81.6
וולפסון,78.3,2022-04-27T00:00:00.000Z,78.3,99.6,77.6,77.6,81.6
וולפסון,78.3,2022-04-27T00:00:00.000Z,78.3,99.6,77.6,77.6,81.6
וולפסון,78.3,2022-04-27T00:00:00.000Z,78.3,99.6,77.6,77.6,81.6
וולפסון,78.3,2022-04-27T00:00:00.000Z,78.3,99.6,77.6,77.6,81.6
וולפסון,78.3,2022-04-27T00:00:00.000Z,78.3,99.6,77.6,77.6,81.6
וולפסון,78.3,2022-04-27T00:00:00.000Z,78.3,99.6,77.6,77.6,81.6
וולפסון,78.3,2022-04-27T00:00:00.000Z,78.3,99.6,77.6,77.6,81.6
וולפסון,78.3,2022-04-27T00:00:00.000Z,78.3,99.6,77.6,77.6,81.6
וולפסון,78.3,2022-04-27T00:00:00.000Z,78.3,99.6,77.6,77.6,81.6
וולפסון,78.3,2022-04-27T00:00:00.000Z,78.3,99.6,77.6,77.6,81.6
לניאדו,100,2022-04-27T00:00:00.000Z,100,98.7,97.5,97.5,104.2
לניאדו,100,2022-04-27T00:00:00.000Z,100,98.7,97.5,97.5,104.2
לניאדו,100,2022-04-27T00:00:00.000Z,100,98.7,97.5,97.5,104.2
לניאדו,100,2022-04-27T00:00:00.000Z,100,98.7,97.5,97.5,104.2
לניאדו,100,2022-04-27T00:00:00.000Z,100,98.7,97.5,97.5,104.2
לניאדו,100,2022-04-27T00:00:00.000Z,100,98.7,97.5,97.5,104.2
לניאדו,100,2022-04-27T00:00:00.000Z,100,98.7,97.5,97.5,104.2
לניאדו,100,2022-04-27T00:00:00.000Z,100,98.7,97.5,97.5,104.2
לניאדו,100,2022-04-27T00:00:00.000Z,100,98.7,97.5,97.5,104.2
לניאדו,100,2022-04-27T00:00:00.000Z,100,98.7,97.5,97.5,104.2
לניאדו,100,2022-04-27T00:00:00.000Z,100,98.7,97.5,97.5,104.2
לניאדו,100,2022-04-27T00:00:00.000Z,100,98.7,97.5,97.5,104.2
לניאדו,100,2022-04-27T00:00:00.000Z,100,98.7,97.5,97.5,104.2
לניאדו,100,2022-04-27T00:00:00.000Z,100,98.7,97.5,97.5,104.2
לניאדו,100,2022-04-27T00:00:00.000Z,100,98.7,97.5,97.5,104.2
לניאדו,100,2022-04-27T00:00:00.000Z,100,98.7,97.5,97.5,104.2
לניאדו,100,2022-04-27T00:00:00.000Z,100,98.7,97.5,97.5,104.2
לניאדו,100,2022-04-27T00:00:00.000Z,100,98.7,97.5,97.5,104.2
לניאדו,100,2022-04-27T00:00:00.000Z,100,98.7,97.5,97.5,104.2
לניאדו,100,2022-04-27T00:00:00.000Z,100,98.7,97.5,97.5,104.2
לניאדו,100,2022-04-27T00:00:00.000Z,100,98.7,97.5,97.5,104.2
לניאדו,100,2022-04-27T00:00:00.000Z,100,98.7,97.5,97.5,104.2
לניאדו,100,2022-04-27T00:00:00.000Z,100,98.7,97.5,97.5,104.2
לניאדו,100,2022-04-27T00:00:00.000Z,100,98.7,97.5,97.5,104.2
לניאדו,100,2022-04-27T00:00:00.000Z,100,98.7,97.5,97.5,104.2
לניאדו,100,2022-04-27T00:00:00.000Z,100,98.7,97.5,97.5,104.2
לניאדו,100,2022-04-27T00:00:00.000Z,100,98.7,97.5,97.5,104.2
לניאדו,100,2022-04-27T00:00:00.000Z,100,98.7,97.5,97.5,104.2
לניאדו,100,2022-04-27T00:00:00.000Z,100,98.7,97.5,97.5,104.2
לניאדו,100,2022-04-27T00:00:00.000Z,100,98.7,97.5,97.5,104.2
לניאדו,100,2022-04-27T00:00:00.000Z,100,98.7,97.5,97.5,104.2
לניאדו,100,2022-04-27T00:00:00.000Z,100,98.7,97.5,97.5,104.2
לניאדו,100,2022-04-27T00:00:00.000Z,100,98.7,97.5,97.5,104.2
לניאדו,100,2022-04-27T00:00:00.000Z,100,98.7,97.5,97.5,104.2
לניאדו,100,2022-04-27T00:00:00.000Z,100,98.7,97.5,97.5,104.2
לניאדו,100,2022-04-27T00:00:00.000Z,100,98.7,97.5,97.5,104.2
לניאדו,100,2022-04-27T00:00:00.000Z,100,98.7,97.5,97.5,104.2
לניאדו,100,2022-04-27T00:00:00.000Z,100,98.7,97.5,97.5,104.2
לניאדו,100,2022-04-27T00:00:00.000Z,100,98.7,97.5,97.5,104.2
לניאדו,100,2022-04-27T00:00:00.000Z,100,98.7,97.5,97.5,104.2
לניאדו,100,2022-04-27T00:00:00.000Z,100,98.7,97.5,97.5,104.2
לניאדו,100,2022-04-27T00:00:00.000Z,100,98.7,97.5,97.5,104.2
לניאדו,100,2022-04-27T00:00:00.000Z,100,98.7,97.5,97.5,104.2
לניאדו,100,2022-04-27T00:00:00.000Z,100,98.7,97.5,97.5,104.2
לניאדו,100,2022-04-27T00:00:00.000Z,100,98.7,97.5,97.5,104.2
לניאדו,100,2022-04-27T00:00:00.000Z,100,98.7,97.5,97.5,104.2
לניאדו,100,2022-04-27T00:00:00.000Z,100,98.7,97.5,97.5,104.2
לניאדו,100,2022-04-27T00:00:00.000Z,100,98.7,97.5,97.5,104.2
לניאדו,100,2022-04-27T00:00:00.000Z,100,98.7,97.5,97.5,104.2
לניאדו,100,2022-04-27T00:00:00.000Z,100,98.7,97.5,97.5,104.2
לניאדו,100,2022-04-27T00:00:00.000Z,100,98.7,97.5,97.5,104.2
לניאדו,100,2022-04-27T00:00:00.000Z,100,98.7,97.5,97.5,104.2
לניאדו,100,2022-04-27T00:00:00.000Z,100,98.7,97.5,97.5,104.2
לניאדו,100,2022-04-27T00:00:00.000Z,100,98.7,97.5,97.5,104.2
לניאדו,100,2022-04-27T00:00:00.000Z,100,98.7,97.5,97.5,104.2
לניאדו,100,2022-04-27T00:00:00.000Z,100,98.7,97.5,97.5,104.2
לניאדו,100,2022-04-27T00:00:00.000Z,100,98.7,97.5,97.5,104.2
לניאדו,100,2022-04-27T00:00:00.000Z,100,98.7,97.5,97.5,104.2
לניאדו,100,2022-04-27T00:00:00.000Z,100,98.7,97.5,97.5,104.2
לניאדו,100,2022-04-27T00:00:00.000Z,100,98.7,97.5,97.5,104.2
לניאדו,100,2022-04-27T00:00:00.000Z,100,98.7,97.5,97.5,104.2
לניאדו,100,2022-04-27T00:00:00.000Z,100,98.7,97.5,97.5,104.2
לניאדו,100,2022-04-27T00:00:00.000Z,100,98.7,97.5,97.5,104.2
לניאדו,100,2022-04-27T00:00:00.000Z,100,98.7,97.5,97.5,104.2
לניאדו,100,2022-04-27T00:00:00.000Z,100,98.7,97.5,97.5,104.2
לניאדו,100,2022-04-27T00:00:00.000Z,100,98.7,97.5,97.5,104.2
וולפסון,78.3,2022-04-27T00:00:00.000Z,78.3,99.6,77.6,77.6,81.6
וולפסון,78.3,2022-04-27T00:00:00.000Z,78.3,99.6,77.6,77.6,81.6
וולפסון,78.3,2022-04-27T00:00:00.000Z,78.3,99.6,77.6,77.6,81.6
וולפסון,78.3,2022-04-27T00:00:00.000Z,78.3,99.6,77.6,77.6,81.6
וולפסון,78.3,2022-04-27T00:00:00.000Z,78.3,99.6,77.6,77.6,81.6
וולפסון,78.3,2022-04-27T00:00:00.000Z,78.3,99.6,77.6,77.6,81.6
וולפסון,78.3,2022-04-27T00:00:00.000Z,78.3,99.6,77.6,77.6,81.6
וולפסון,78.3,2022-04-27T00:00:00.000Z,78.3,99.6,77.6,77.6,81.6
וולפסון,78.3,2022-04-27T00:00:00.000Z,78.3,99.6,77.6,77.6,81.6
וולפסון,78.3,2022-04-27T00:00:00.000Z,78.3,99.6,77.6,77.6,81.6
וולפסון,78.3,2022-04-27T00:00:00.000Z,78.3,99.6,77.6,77.6,81.6
וולפסון,78.3,2022-04-27T00:00:00.000Z,78.3,99.6,77.6,77.6,81.6
וולפסון,78.3,2022-04-27T00:00:00.000Z,78.3,99.6,77.6,77.6,81.6
וולפסון,78.3,2022-04-27T00:00:00.000Z,78.3,99.6,77.6,77.6,81.6
וולפסון,78.3,2022-04-27T00:00:00.000Z,78.3,99.6,77.6,77.6,81.6
וולפסון,78.3,2022-04-27T00:00:00.000Z,78.3,99.6,77.6,77.6,81.6
וולפסון,78.3,2022-04-27T00:00:00.000Z,78.3,99.6,77.6,77.6,81.6
וולפסון,78.3,2022-04-27T00:00:00.000Z,78.3,99.6,77.6,77.6,81.6
וולפסון,78.3,2022-04-27T00:00:00.000Z,78.3,99.6,77.6,77.6,81.6
וולפסון,78.3,2022-04-27T00:00:00.000Z,78.3,99.6,77.6,77.6,81.6
וולפסון,78.3,2022-04-27T00:00:00.000Z,78.3,99.6,77.6,77.6,81.6
וולפסון,78.3,2022-04-27T00:00:00.000Z,78.3,99.6,77.6,77.6,81.6
וולפסון,78.3,2022-04-27T00:00:00.000Z,78.3,99.6,77.6,77.6,81.6
וולפסון,78.3,2022-04-27T00:00:00.000Z,78.3,99.6,77.6,77.6,81.6
וולפסון,78.3,2022-04-27T00:00:00.000Z,78.3,99.6,77.6,77.6,81.6
וולפסון,78.3,2022-04-27T00:00:00.000Z,78.3,99.6,77.6,77.6,81.6
וולפסון,78.3,2022-04-27T00:00:00.000Z,78.3,99.6,77.6,77.6,81.6
וולפסון,78.3,2022-04-27T00:00:00.000Z,78.3,99.6,77.6,77.6,81.6
וולפסון,78.3,2022-04-27T00:00:00.000Z,78.3,99.6,77.6,77.6,81.6
וולפסון,78.3,2022-04-27T00:00:00.000Z,78.3,99.6,77.6,77.6,81.6
וולפסון,78.3,2022-04-27T00:00:00.000Z,78.3,99.6,77.6,77.6,81.6
וולפסון,78.3,2022-04-27T00:00:00.000Z,78.3,99.6,77.6,77.6,81.6
וולפסון,78.3,2022-04-27T00:00:00.000Z,78.3,99.6,77.6,77.6,81.6
וולפסון,78.3,2022-04-27T00:00:00.000Z,78.3,99.6,77.6,77.6,81.6
וולפסון,78.3,2022-04-27T00:00:00.000Z,78.3,99.6,77.6,77.6,81.6
וולפסון,78.3,2022-04-27T00:00:00.000Z,78.3,99.6,77.6,77.6,81.6
וולפסון,78.3,2022-04-27T00:00:00.000Z,78.3,99.6,77.6,77.6,81.6
וולפסון,78.3,2022-04-27T00:00:00.000Z,78.3,99.6,77.6,77.6,81.6
וולפסון,78.3,2022-04-27T00:00:00.000Z,78.3,99.6,77.6,77.6,81.6
וולפסון,78.3,2022-04-27T00:00:00.000Z,78.3,99.6,77.6,77.6,81.6
וולפסון,78.3,2022-04-27T00:00:00.000Z,78.3,99.6,77.6,77.6,81.6
וולפסון,78.3,2022-04-27T00:00:00.000Z,78.3,99.6,77.6,77.6,81.6
וולפסון,78.3,2022-04-27T00:00:00.000Z,78.3,99.6,77.6,77.6,81.6
וולפסון,78.3,2022-04-27T00:00:00.000Z,78.3,99.6,77.6,77.6,81.6
וולפסון,78.3,2022-04-27T00:00:00.000Z,78.3,99.6,77.6,77.6,81.6
וולפסון,78.3,2022-04-27T00:00:00.000Z,78.3,99.6,77.6,77.6,81.6
וולפסון,78.3,2022-04-27T00:00:00.000Z,78.3,99.6,77.6,77.6,81.6
וולפסון,78.3,2022-04-27T00:00:00.000Z,78.3,99.6,77.6,77.6,81.6
וולפסון,78.3,2022-04-27T00:00:00.000Z,78.3,99.6,77.6,77.6,81.6
וולפסון,78.3,2022-04-27T00:00:00.000Z,78.3,99.6,77.6,77.6,81.6
וולפסון,78.3,2022-04-27T00:00:00.000Z,78.3,99.6,77.6,77.6,81.6
וולפסון,78.3,2022-04-27T00:00:00.000Z,78.3,99.6,77.6,77.6,81.6
וולפסון,78.3,2022-04-27T00:00:00.000Z,78.3,99.6,77.6,77.6,81.6
וולפסון,78.3,2022-04-27T00:00:00.000Z,78.3,99.6,77.6,77.6,81.6
וולפסון,78.3,2022-04-27T00:00:00.000Z,78.3,99.6,77.6,77.6,81.6
וולפסון,78.3,2022-04-27T00:00:00.000Z,78.3,99.6,77.6,77.6,81.6
וולפסון,78.3,2022-04-27T00:00:00.000Z,78.3,99.6,77.6,77.6,81.6
וולפסון,78.3,2022-04-27T00:00:00.000Z,78.3,99.6,77.6,77.6,81.6
וולפסון,78.3,2022-04-27T00:00:00.000Z,78.3,99.6,77.6,77.6,81.6
וולפסון,78.3,2022-04-27T00:00:00.000Z,78.3,99.6,77.6,77.6,81.6
וולפסון,78.3,2022-04-27T00:00:00.000Z,78.3,99.6,77.6,77.6,81.6
וולפסון,78.3,2022-04-27T00:00:00.000Z,78.3,99.6,77.6,77.6,81.6
וולפסון,78.3,2022-04-27T00:00:00.000Z,78.3,99.6,77.6,77.6,81.6
וולפסון,78.3,2022-04-27T00:00:00.000Z,78.3,99.6,77.6,77.6,81.6
וולפסון,78.3,2022-04-27T00:00:00.000Z,78.3,99.6,77.6,77.6,81.6
וולפסון,78.3,2022-04-27T00:00:00.000Z,78.3,99.6,77.6,77.6,81.6
וולפסון,78.3,2022-04-27T00:00:00.000Z,78.3,99.6,77.6,77.6,81.6
וולפסון,78.3,2022-04-27T00:00:00.000Z,78.3,99.6,77.6,77.6,81.6
וולפסון,78.3,2022-04-27T00:00:00.000Z,78.3,99.6,77.6,77.6,81.6
וולפסון,78.3,2022-04-27T00:00:00.000Z,78.3,99.6,77.6,77.6,81.6
וולפסון,78.3,2022-04-27T00:00:00.000Z,78.3,99.6,77.6,77.6,81.6
וולפסון,78.3,2022-04-27T00:00:00.000Z,78.3,99.6,77.6,77.6,81.6
וולפסון,78.3,2022-04-27T00:00:00.000Z,78.3,99.6,77.6,77.6,81.6
וולפסון,78.3,2022-04-27T00:00:00.000Z,78.3,99.6,77.6,77.6,81.6
וולפסון,78.3,2022-04-27T00:00:00.000Z,78.3,99.6,77.6,77.6,81.6
וולפסון,78.3,2022-04-27T00:00:00.000Z,78.3,99.6,77.6,77.6,81.6
וולפסון,78.3,2022-04-27T00:00:00.000Z,78.3,99.6,77.6,77.6,81.6
וולפסון,78.3,2022-04-27T00:00:00.000Z,78.3,99.6,77.6,77.6,81.6
וולפסון,78.3,2022-04-27T00:00:00.000Z,78.3,99.6,77.6,77.6,81.6
וולפסון,78.3,2022-04-27T00:00:00.000Z,78.3,99.6,77.6,77.6,81.6
וולפסון,78.3,2022-04-27T00:00:00.000Z,78.3,99.6,77.6,77.6,81.6
וולפסון,78.3,2022-04-27T00:00:00.000Z,78.3,99.6,77.6,77.6,81.6
וולפסון,78.3,2022-04-27T00:00:00.000Z,78.3,99.6,77.6,77.6,81.6
וולפסון,78.3,2022-04-27T00:00:00.000Z,78.3,99.6,77.6,77.6,81.6
וולפסון,78.3,2022-04-27T00:00:00.000Z,78.3,99.6,77.6,77.6,81.6
וולפסון,78.3,2022-04-27T00:00:00.000Z,78.3,99.6,77.6,77.6,81.6
וולפסון,78.3,2022-04-27T00:00:00.000Z,78.3,99.6,77.6,77.6,81.6
וולפסון,78.3,2022-04-27T00:00:00.000Z,78.3,99.6,77.6,77.6,81.6
וולפסון,78.3,2022-04-27T00:00:00.000Z,78.3,99.6,77.6,77.6,81.6
וולפסון,78.3,2022-04-27T00:00:00.000Z,78.3,99.6,77.6,77.6,81.6
וולפסון,78.3,2022-04-27T00:00:00.000Z,78.3,99.6,77.6,77.6,81.6
וולפסון,78.3,2022-04-27T00:00:00.000Z,78.3,99.6,77.6,77.6,81.6
וולפסון,78.3,2022-04-27T00:00:00.000Z,78.3,99.6,77.6,77.6,81.6
וולפסון,78.3,2022-04-27T00:00:00.000Z,78.3,99.6,77.6,77.6,81.6
וולפסון,78.3,2022-04-27T00:00:00.000Z,78.3,99.6,77.6,77.6,81.6
וולפסון,78.3,2022-04-27T00:00:00.000Z,78.3,99.6,77.6,77.6,81.6
וולפסון,78.3,2022-04-27T00:00:00.000Z,78.3,99.6,77.6,77.6,81.6
וולפסון,78.3,2022-04-27T00:00:00.000Z,78.3,99.6,77.6,77.6,81.6
וולפסון,78.3,2022-04-27T00:00:00.000Z,78.3,99.6,77.6,77.6,81.6
וולפסון,78.3,2022-04-27T00:00:00.000Z,78.3,99.6,77.6,77.6,81.6
וולפסון,78.3,2022-04-27T00:00:00.000Z,78.3,99.6,77.6,77.6,81.6
וולפסון,78.3,2022-04-27T00:00:00.000Z,78.3,99.6,77.6,77.6,81.6
וולפסון,78.3,2022-04-27T00:00:00.000Z,78.3,99.6,77.6,77.6,81.6
וולפסון,78.3,2022-04-27T00:00:00.000Z,78.3,99.6,77.6,77.6,81.6
וולפסון,78.3,2022-04-27T00:00:00.000Z,78.3,99.6,77.6,77.6,81.6
וולפסון,78.3,2022-04-27T00:00:00.000Z,78.3,99.6,77.6,77.6,81.6
וולפסון,78.3,2022-04-27T00:00:00.000Z,78.3,99.6,77.6,77.6,81.6
וולפסון,78.3,2022-04-27T00:00:00.000Z,78.3,99.6,77.6,77.6,81.6
וולפסון,78.3,2022-04-27T00:00:00.000Z,78.3,99.6,77.6,77.6,81.6
וולפסון,78.3,2022-04-27T00:00:00.000Z,78.3,99.6,77.6,77.6,81.6
וולפסון,78.3,2022-04-27T00:00:00.000Z,78.3,99.6,77.6,77.6,81.6
וולפסון,78.3,2022-04-27T00:00:00.000Z,78.3,99.6,77.6,77.6,81.6
וולפסון,78.3,2022-04-27T00:00:00.000Z,78.3,99.6,77.6,77.6,81.6
וולפסון,78.3,2022-04-27T00:00:00.000Z,78.3,99.6,77.6,77.6,81.6
וולפסון,78.3,2022-04-27T00:00:00.000Z,78.3,99.6,77.6,77.6,81.6
וולפסון,78.3,2022-04-27T00:00:00.000Z,78.3,99.6,77.6,77.6,81.6
וולפסון,78.3,2022-04-27T00:00:00.000Z,78.3,99.6,77.6,77.6,81.6
וולפסון,78.3,2022-04-27T00:00:00.000Z,78.3,99.6,77.6,77.6,81.6
וולפסון,78.3,2022-04-27T00:00:00.000Z,78.3,99.6,77.6,77.6,81.6
וולפסון,78.3,2022-04-27T00:00:00.000Z,78.3,99.6,77.6,77.6,81.6
וולפסון,78.3,2022-04-27T00:00:00.000Z,78.3,99.6,77.6,77.6,81.6
וולפסון,78.3,2022-04-27T00:00:00.000Z,78.3,99.6,77.6,77.6,81.6
וולפסון,78.3,2022-04-27T00:00:00.000Z,78.3,99.6,77.6,77.6,81.6
וולפסון,78.3,2022-04-27T00:00:00.000Z,78.3,99.6,77.6,77.6,81.6
וולפסון,78.3,2022-04-27T00:00:00.000Z,78.3,99.6,77.6,77.6,81.6
וולפסון,78.3,2022-04-27T00:00:00.000Z,78.3,99.6,77.6,77.6,81.6
וולפסון,78.3,2022-04-27T00:00:00.000Z,78.3,99.6,77.6,77.6,81.6
וולפסון,78.3,2022-04-27T00:00:00.000Z,78.3,99.6,77.6,77.6,81.6
וולפסון,78.3,2022-04-27T00:00:00.000Z,78.3,99.6,77.6,77.6,81.6
וולפסון,78.3,2022-04-27T00:00:00.000Z,78.3,99.6,77.6,77.6,81.6
וולפסון,78.3,2022-04-27T00:00:00.000Z,78.3,99.6,77.6,77.6,81.6
וולפסון,78.3,2022-04-27T00:00:00.000Z,78.3,99.6,77.6,77.6,81.6
וולפסון,78.3,2022-04-27T00:00:00.000Z,78.3,99.6,77.6,77.6,81.6
וולפסון,78.3,2022-04-27T00:00:00.000Z,78.3,99.6,77.6,77.6,81.6
וולפסון,78.3,2022-04-27T00:00:00.000Z,78.3,99.6,77.6,77.6,81.6
וולפסון,78.3,2022-04-27T00:00:00.000Z,78.3,99.6,77.6,77.6,81.6
וולפסון,78.3,2022-04-27T00:00:00.000Z,78.3,99.6,77.6,77.6,81.6
וולפסון,78.3,2022-04-27T00:00:00.000Z,78.3,99.6,77.6,77.6,81.6
וולפסון,78.3,2022-04-27T00:00:00.000Z,78.3,99.6,77.6,77.6,81.6
וולפסון,78.3,2022-04-27T00:00:00.000Z,78.3,99.6,77.6,77.6,81.6
וולפסון,78.3,2022-04-27T00:00:00.000Z,78.3,99.6,77.6,77.6,81.6
וולפסון,78.3,2022-04-27T00:00:00.000Z,78.3,99.6,77.6,77.6,81.6
וולפסון,78.3,2022-04-27T00:00:00.000Z,78.3,99.6,77.6,77.6,81.6
וולפסון,78.3,2022-04-27T00:00:00.000Z,78.3,99.6,77.6,77.6,81.6
וולפסון,78.3,2022-04-27T00:00:00.000Z,78.3,99.6,77.6,77.6,81.6
וולפסון,78.3,2022-04-27T00:00:00.000Z,78.3,99.6,77.6,77.6,81.6
וולפסון,78.3,2022-04-27T00:00:00.000Z,78.3,99.6,77.6,77.6,81.6
וולפסון,78.3,2022-04-27T00:00:00.000Z,78.3,99.6,77.6,77.6,81.6
וולפסון,78.3,2022-04-27T00:00:00.000Z,78.3,99.6,77.6,77.6,81.6
וולפסון,78.3,2022-04-27T00:00:00.000Z,78.3,99.6,77.6,77.6,81.6
וולפסון,78.3,2022-04-27T00:00:00.000Z,78.3,99.6,77.6,77.6,81.6
וולפסון,78.3,2022-04-27T00:00:00.000Z,78.3,99.6,77.6,77.6,81.6
וולפסון,78.3,2022-04-27T00:00:00.000Z,78.3,99.6,77.6,77.6,81.6
וולפסון,78.3,2022-04-27T00:00:00.000Z,78.3,99.6,77.6,77.6,81.6
וולפסון,78.3,2022-04-27T00:00:00.000Z,78.3,99.6,77.6,77.6,81.6
וולפסון,78.3,2022-04-27T00:00:00.000Z,78.3,99.6,77.6,77.6,81.6
וולפסון,78.3,2022-04-27T00:00:00.000Z,78.3,99.6,77.6,77.6,81.6
וולפסון,78.3,2022-04-27T00:00:00.000Z,78.3,99.6,77.6,77.6,81.6
וולפסון,78.3,2022-04-27T00:00:00.000Z,78.3,99.6,77.6,77.6,81.6
וולפסון,78.3,2022-04-27T00:00:00.000Z,78.3,99.6,77.6,77.6,81.6
וולפסון,78.3,2022-04-27T00:00:00.000Z,78.3,99.6,77.6,77.6,81.6
וולפסון,78.3,2022-04-27T00:00:00.000Z,78.3,99.6,77.6,77.6,81.6
וולפסון,78.3,2022-04-27T00:00:00.000Z,78.3,99.6,77.6,77.6,81.6
וולפסון,78.3,2022-04-27T00:00:00.000Z,78.3,99.6,77.6,77.6,81.6
וולפסון,78.3,2022-04-27T00:00:00.000Z,78.3,99.6,77.6,77.6,81.6
וולפסון,78.3,2022-04-27T00:00:00.000Z,78.3,99.6,77.6,77.6,81.6
וולפסון,78.3,2022-04-27T00:00:00.000Z,78.3,99.6,77.6,77.6,81.6
וולפסון,78.3,2022-04-27T00:00:00.000Z,78.3,99.6,77.6,77.6,81.6
וולפסון,78.3,2022-04-27T00:00:00.000Z,78.3,99.6,77.6,77.6,81.6
וולפסון,78.3,2022-04-27T00:00:00.000Z,78.3,99.6,77.6,77.6,81.6
וולפסון,78.3,2022-04-27T00:00:00.000Z,78.3,99.6,77.6,77.6,81.6
וולפסון,78.3,2022-04-27T00:00:00.000Z,78.3,99.6,77.6,77.6,81.6
וולפסון,78.3,2022-04-27T00:00:00.000Z,78.3,99.6,77.6,77.6,81.6
וולפסון,78.3,2022-04-27T00:00:00.000Z,78.3,99.6,77.6,77.6,81.6
וולפסון,78.3,2022-04-27T00:00:00.000Z,78.3,99.6,77.6,77.6,81.6
וולפסון,78.3,2022-04-27T00:00:00.000Z,78.3,99.6,77.6,77.6,81.6
וולפסון,78.3,2022-04-27T00:00:00.000Z,78.3,99.6,77.6,77.6,81.6
וולפסון,78.3,2022-04-27T00:00:00.000Z,78.3,99.6,77.6,77.6,81.6
וולפסון,78.3,2022-04-27T00:00:00.000Z,78.3,99.6,77.6,77.6,81.6
וולפסון,78.3,2022-04-27T00:00:00.000Z,78.3,99.6,77.6,77.6,81.6
וולפסון,78.3,2022-04-27T00:00:00.000Z,78.3,99.6,77.6,77.6,81.6
וולפסון,78.3,2022-04-27T00:00:00.000Z,78.3,99.6,77.6,77.6,81.6
וולפסון,78.3,2022-04-27T00:00:00.000Z,78.3,99.6,77.6,77.6,81.6
וולפסון,78.3,2022-04-27T00:00:00.000Z,78.3,99.6,77.6,77.6,81.6
וולפסון,78.3,2022-04-27T00:00:00.000Z,78.3,99.6,77.6,77.6,81.6
וולפסון,78.3,2022-04-27T00:00:00.000Z,78.3,99.6,77.6,77.6,81.6
וולפסון,78.3,2022-04-27T00:00:00.000Z,78.3,99.6,77.6,77.6,81.6
וולפסון,78.3,2022-04-27T00:00:00.000Z,78.3,99.6,77.6,77.6,81.6
וולפסון,78.3,2022-04-27T00:00:00.000Z,78.3,99.6,77.6,77.6,81.6
וולפסון,78.3,2022-04-27T00:00:00.000Z,78.3,99.6,77.6,77.6,81.6
וולפסון,78.3,2022-04-27T00:00:00.000Z,78.3,99.6,77.6,77.6,81.6
וולפסון,78.3,2022-04-27T00:00:00.000Z,78.3,99.6,77.6,77.6,81.6
וולפסון,78.3,2022-04-27T00:00:00.000Z,78.3,99.6,77.6,77.6,81.6
וולפסון,78.3,2022-04-27T00:00:00.000Z,78.3,99.6,77.6,77.6,81.6
וולפסון,78.3,2022-04-27T00:00:00.000Z,78.3,99.6,77.6,77.6,81.6
וולפסון,78.3,2022-04-27T00:00:00.000Z,78.3,99.6,77.6,77.6,81.6
וולפסון,78.3,2022-04-27T00:00:00.000Z,78.3,99.6,77.6,77.6,81.6
וולפסון,78.3,2022-04-27T00:00:00.000Z,78.3,99.6,77.6,77.6,81.6
וולפסון,78.3,2022-04-27T00:00:00.000Z,78.3,99.6,77.6,77.6,81.6
וולפסון,78.3,2022-04-27T00:00:00.000Z,78.3,99.6,77.6,77.6,81.6
וולפסון,78.3,2022-04-27T00:00:00.000Z,78.3,99.6,77.6,77.6,81.6
וולפסון,78.3,2022-04-27T00:00:00.000Z,78.3,99.6,77.6,77.6,81.6
וולפסון,78.3,2022-04-27T00:00:00.000Z,78.3,99.6,77.6,77.6,81.6
וולפסון,78.3,2022-04-27T00:00:00.000Z,78.3,99.6,77.6,77.6,81.6
וולפסון,78.3,2022-04-27T00:00:00.000Z,78.3,99.6,77.6,77.6,81.6
וולפסון,78.3,2022-04-27T00:00:00.000Z,78.3,99.6,77.6,77.6,81.6
וולפסון,78.3,2022-04-27T00:00:00.000Z,78.3,99.6,77.6,77.6,81.6
וולפסון,78.3,2022-04-27T00:00:00.000Z,78.3,99.6,77.6,77.6,81.6
וולפסון,78.3,2022-04-27T00:00:00.000Z,78.3,99.6,77.6,77.6,81.6
וולפסון,78.3,2022-04-27T00:00:00.000Z,78.3,99.6,77.6,77.6,81.6
וולפסון,78.3,2022-04-27T00:00:00.000Z,78.3,99.6,77.6,77.6,81.6
וולפסון,78.3,2022-04-27T00:00:00.000Z,78.3,99.6,77.6,77.6,81.6
וולפסון,78.3,2022-04-27T00:00:00.000Z,78.3,99.6,77.6,77.6,81.6
וולפסון,78.3,2022-04-27T00:00:00.000Z,78.3,99.6,77.6,77.6,81.6
וולפסון,78.3,2022-04-27T00:00:00.000Z,78.3,99.6,77.6,77.6,81.6
וולפסון,78.3,2022-04-27T00:00:00.000Z,78.3,99.6,77.6,77.6,81.6
וולפסון,78.3,2022-04-27T00:00:00.000Z,78.3,99.6,77.6,77.6,81.6
וולפסון,78.3,2022-04-27T00:00:00.000Z,78.3,99.6,77.6,77.6,81.6
וולפסון,78.3,2022-04-27T00:00:00.000Z,78.3,99.6,77.6,77.6,81.6
וולפסון,78.3,2022-04-27T00:00:00.000Z,78.3,99.6,77.6,77.6,81.6
וולפסון,78.3,2022-04-27T00:00:00.000Z,78.3,99.6,77.6,77.6,81.6
וולפסון,78.3,2022-04-27T00:00:00.000Z,78.3,99.6,77.6,77.6,81.6
וולפסון,78.3,2022-04-27T00:00:00.000Z,78.3,99.6,77.6,77.6,81.6
וולפסון,78.3,2022-04-27T00:00:00.000Z,78.3,99.6,77.6,77.6,81.6
וולפסון,78.3,2022-04-27T00:00:00.000Z,78.3,99.6,77.6,77.6,81.6
וולפסון,78.3,2022-04-27T00:00:00.000Z,78.3,99.6,77.6,77.6,81.6
וולפסון,78.3,2022-04-27T00:00:00.000Z,78.3,99.6,77.6,77.6,81.6
וולפסון,78.3,2022-04-27T00:00:00.000Z,78.3,99.6,77.6,77.6,81.6
וולפסון,78.3,2022-04-27T00:00:00.000Z,78.3,99.6,77.6,77.6,81.6
וולפסון,78.3,2022-04-27T00:00:00.000Z,78.3,99.6,77.6,77.6,81.6
וולפסון,78.3,2022-04-27T00:00:00.000Z,78.3,99.6,77.6,77.6,81.6
וולפסון,78.3,2022-04-27T00:00:00.000Z,78.3,99.6,77.6,77.6,81.6
וולפסון,78.3,2022-04-27T00:00:00.000Z,78.3,99.6,77.6,77.6,81.6
וולפסון,78.3,2022-04-27T00:00:00.000Z,78.3,99.6,77.6,77.6,81.6
וולפסון,78.3,2022-04-27T00:00:00.000Z,78.3,99.6,77.6,77.6,81.6
וולפסון,78.3,2022-04-27T00:00:00.000Z,78.3,99.6,77.6,77.6,81.6
וולפסון,78.3,2022-04-27T00:00:00.000Z,78.3,99.6,77.6,77.6,81.6
וולפסון,78.3,2022-04-27T00:00:00.000Z,78.3,99.6,77.6,77.6,81.6
וולפסון,78.3,2022-04-27T00:00:00.000Z,78.3,99.6,77.6,77.6,81.6
וולפסון,78.3,2022-04-27T00:00:00.000Z,78.3,99.6,77.6,77.6,81.6
וולפסון,78.3,2022-04-27T00:00:00.000Z,78.3,99.6,77.6,77.6,81.6
וולפסון,78.3,2022-04-27T00:00:00.000Z,78.3,99.6,77.6,77.6,81.6
וולפסון,78.3,2022-04-27T00:00:00.000Z,78.3,99.6,77.6,77.6,81.6
וולפסון,78.3,2022-04-27T00:00:00.000Z,78.3,99.6,77.6,77.6,81.6
וולפסון,78.3,2022-04-27T00:00:00.000Z,78.3,99.6,77.6,77.6,81.6
וולפסון,78.3,2022-04-27T00:00:00.000Z,78.3,99.6,77.6,77.6,81.6
וולפסון,78.3,2022-04-27T00:00:00.000Z,78.3,99.6,77.6,77.6,81.6
וולפסון,78.3,2022-04-27T00:00:00.000Z,78.3,99.6,77.6,77.6,81.6
וולפסון,78.3,2022-04-27T00:00:00.000Z,78.3,99.6,77.6,77.6,81.6
וולפסון,78.3,2022-04-27T00:00:00.000Z,78.3,99.6,77.6,77.6,81.6
וולפסון,78.3,2022-04-27T00:00:00.000Z,78.3,99.6,77.6,77.6,81.6
וולפסון,78.3,2022-04-27T00:00:00.000Z,78.3,99.6,77.6,77.6,81.6
וולפסון,78.3,2022-04-27T00:00:00.000Z,78.3,99.6,77.6,77.6,81.6
וולפסון,78.3,2022-04-27T00:00:00.000Z,78.3,99.6,77.6,77.6,81.6
וולפסון,78.3,2022-04-27T00:00:00.000Z,78.3,99.6,77.6,77.6,81.6
וולפסון,78.3,2022-04-27T00:00:00.000Z,78.3,99.6,77.6,77.6,81.6
וולפסון,78.3,2022-04-27T00:00:00.000Z,78.3,99.6,77.6,77.6,81.6
וולפסון,78.3,2022-04-27T00:00:00.000Z,78.3,99.6,77.6,77.6,81.6
וולפסון,78.3,2022-04-27T00:00:00.000Z,78.3,99.6,77.6,77.6,81.6
וולפסון,78.3,2022-04-27T00:00:00.000Z,78.3,99.6,77.6,77.6,81.6
וולפסון,78.3,2022-04-27T00:00:00.000Z,78.3,99.6,77.6,77.6,81.6
וולפסון,78.3,2022-04-27T00:00:00.000Z,78.3,99.6,77.6,77.6,81.6
וולפסון,78.3,2022-04-27T00:00:00.000Z,78.3,99.6,77.6,77.6,81.6
וולפסון,78.3,2022-04-27T00:00:00.000Z,78.3,99.6,77.6,77.6,81.6
וולפסון,78.3,2022-04-27T00:00:00.000Z,78.3,99.6,77.6,77.6,81.6
וולפסון,78.3,2022-04-27T00:00:00.000Z,78.3,99.6,77.6,77.6,81.6
וולפסון,78.3,2022-04-27T00:00:00.000Z,78.3,99.6,77.6,77.6,81.6
וולפסון,78.3,2022-04-27T00:00:00.000Z,78.3,99.6,77.6,77.6,81.6
וולפסון,78.3,2022-04-27T00:00:00.000Z,78.3,99.6,77.6,77.6,81.6
וולפסון,78.3,2022-04-27T00:00:00.000Z,78.3,99.6,77.6,77.6,81.6
וולפסון,78.3,2022-04-27T00:00:00.000Z,78.3,99.6,77.6,77.6,81.6
וולפסון,78.3,2022-04-27T00:00:00.000Z,78.3,99.6,77.6,77.6,81.6
וולפסון,78.3,2022-04-27T00:00:00.000Z,78.3,99.6,77.6,77.6,81.6
וולפסון,78.3,2022-04-27T00:00:00.000Z,78.3,99.6,77.6,77.6,81.6
וולפסון,78.3,2022-04-27T00:00:00.000Z,78.3,99.6,77.6,77.6,81.6
וולפסון,78.3,2022-04-27T00:00:00.000Z,78.3,99.6,77.6,77.6,81.6
וולפסון,78.3,2022-04-27T00:00:00.000Z,78.3,99.6,77.6,77.6,81.6
וולפסון,78.3,2022-04-27T00:00:00.000Z,78.3,99.6,77.6,77.6,81.6
וולפסון,78.3,2022-04-27T00:00:00.000Z,78.3,99.6,77.6,77.6,81.6
וולפסון,78.3,2022-04-27T00:00:00.000Z,78.3,99.6,77.6,77.6,81.6
וולפסון,78.3,2022-04-27T00:00:00.000Z,78.3,99.6,77.6,77.6,81.6
וולפסון,78.3,2022-04-27T00:00:00.000Z,78.3,99.6,77.6,77.6,81.6
וולפסון,78.3,2022-04-27T00:00:00.000Z,78.3,99.6,77.6,77.6,81.6
וולפסון,78.3,2022-04-27T00:00:00.000Z,78.3,99.6,77.6,77.6,81.6
וולפסון,78.3,2022-04-27T00:00:00.000Z,78.3,99.6,77.6,77.6,81.6
וולפסון,78.3,2022-04-27T00:00:00.000Z,78.3,99.6,77.6,77.6,81.6
וולפסון,78.3,2022-04-27T00:00:00.000Z,78.3,99.6,77.6,77.6,81.6
וולפסון,78.3,2022-04-27T00:00:00.000Z,78.3,99.6,77.6,77.6,81.6
וולפסון,78.3,2022-04-27T00:00:00.000Z,78.3,99.6,77.6,77.6,81.6
וולפסון,78.3,2022-04-27T00:00:00.000Z,78.3,99.6,77.6,77.6,81.6
וולפסון,78.3,2022-04-27T00:00:00.000Z,78.3,99.6,77.6,77.6,81.6
וולפסון,78.3,2022-04-27T00:00:00.000Z,78.3,99.6,77.6,77.6,81.6
וולפסון,78.3,2022-04-27T00:00:00.000Z,78.3,99.6,77.6,77.6,81.6
וולפסון,78.3,2022-04-27T00:00:00.000Z,78.3,99.6,77.6,77.6,81.6
וולפסון,78.3,2022-04-27T00:00:00.000Z,78.3,99.6,77.6,77.6,81.6
וולפסון,78.3,2022-04-27T00:00:00.000Z,78.3,99.6,77.6,77.6,81.6
וולפסון,78.3,2022-04-27T00:00:00.000Z,78.3,99.6,77.6,77.6,81.6
וולפסון,78.3,2022-04-27T00:00:00.000Z,78.3,99.6,77.6,77.6,81.6
סורוקה,64.3,2022-04-27T00:00:00.000Z,65.5,67.6,73,70.5,68.3
סורוקה,64.3,2022-04-27T00:00:00.000Z,65,66.6,73,70.2,68.9
סורוקה,64.3,2022-04-27T00:00:00.000Z,65.1,67.1,73,70.4,70
סורוקה,64.3,2022-04-27T00:00:00.000Z,66.1,68.3,73,71.1,71.4
סורוקה,64.3,2022-04-27T00:00:00.000Z,66.2,70.2,73,72.2,73.5
סורוקה,64.3,2022-04-27T00:00:00.000Z,65.6,72.4,73,72.4,76
סורוקה,64.3,2022-04-27T00:00:00.000Z,64.9,73,73,72.1,77.4
סורוקה,64.3,2022-04-27T00:00:00.000Z,64.3,76,73,73,79.8
סורוקה,64.3,2022-04-27T00:00:00.000Z,64.3,76,73,73,79.8
סורוקה,64.3,2022-04-27T00:00:00.000Z,64.3,76,73,73,79.8
סורוקה,64.3,2022-04-27T00:00:00.000Z,64.3,76,73,73,79.8
סורוקה,64.3,2022-04-27T00:00:00.000Z,64.3,76,73,73,79.8
סורוקה,64.3,2022-04-27T00:00:00.000Z,64.3,76,73,73,79.8
סורוקה,64.3,2022-04-27T00:00:00.000Z,64.3,76,73,73,79.8
סורוקה,64.3,2022-04-27T00:00:00.000Z,64.3,76,73,73,79.8
סורוקה,64.3,2022-04-27T00:00:00.000Z,64.3,76,73,73,79.8
סורוקה,64.3,2022-04-27T00:00:00.000Z,64.3,76,73,73,79.8
סורוקה,64.3,2022-04-27T00:00:00.000Z,64.3,76,73,73,79.8
מאיר,64,2022-04-27T00:00:00.000Z,74,75.6,75.6,77.7,71.3
מאיר,64,2022-04-27T00:00:00.000Z,71.4,73.7,75.6,76.6,72.4
מאיר,64,2022-04-27T00:00:00.000Z,69.4,73,75.6,75.6,73.6
מאיר,64,2022-04-27T00:00:00.000Z,68.3,72.3,75.6,75.2,74.7
מאיר,64,2022-04-27T00:00:00.000Z,67.7,71.4,75.6,75.9,76
מאיר,64,2022-04-27T00:00:00.000Z,66.9,71.9,75.6,76,78
מאיר,64,2022-04-27T00:00:00.000Z,64.9,70.4,75.6,75.2,79.3
מאיר,64,2022-04-27T00:00:00.000Z,64,71,75.6,75.6,80.8
מאיר,64,2022-04-27T00:00:00.000Z,64,71,75.6,75.6,80.8
מאיר,64,2022-04-27T00:00:00.000Z,64,71,75.6,75.6,80.8
מאיר,64,2022-04-27T00:00:00.000Z,64,71,75.6,75.6,80.8
מאיר,64,2022-04-27T00:00:00.000Z,64,71,75.6,75.6,80.8
מאיר,64,2022-04-27T00:00:00.000Z,64,71,75.6,75.6,80.8
מאיר,64,2022-04-27T00:00:00.000Z,64,71,75.6,75.6,80.8
מאיר,64,2022-04-27T00:00:00.000Z,64,71,75.6,75.6,80.8
מאיר,64,2022-04-27T00:00:00.000Z,64,71,75.6,75.6,80.8
מאיר,64,2022-04-27T00:00:00.000Z,64,71,75.6,75.6,80.8
מאיר,64,2022-04-27T00:00:00.000Z,64,71,75.6,75.6,80.8
מאיר,64,2022-04-27T00:00:00.000Z,64,71,75.6,75.6,80.8
מאיר,64,2022-04-27T00:00:00.000Z,64,71,75.6,75.6,80.8
מאיר,64,2022-04-27T00:00:00.000Z,64,71,75.6,75.6,80.8
מאיר,64,2022-04-27T00:00:00.000Z,64,71,75.6,75.6,80.8
מאיר,64,2022-04-27T00:00:00.000Z,64,71,75.6,75.6,80.8
מאיר,64,2022-04-27T00:00:00.000Z,64,71,75.6,75.6,80.8
מאיר,64,2022-04-27T00:00:00.000Z,64,71,75.6,75.6,80.8
מאיר,64,2022-04-27T00:00:00.000Z,64,71,75.6,75.6,80.8
מאיר,64,2022-04-27T00:00:00.000Z,64,71,75.6,75.6,80.8
מאיר,64,2022-04-27T00:00:00.000Z,64,71,75.6,75.6,80.8
מאיר,64,2022-04-27T00:00:00.000Z,64,71,75.6,75.6,80.8
מאיר,64,2022-04-27T00:00:00.000Z,64,71,75.6,75.6,80.8
מאיר,64,2022-04-27T00:00:00.000Z,64,71,75.6,75.6,80.8
מאיר,64,2022-04-27T00:00:00.000Z,64,71,75.6,75.6,80.8
מאיר,64,2022-04-27T00:00:00.000Z,64,71,75.6,75.6,80.8
מאיר,64,2022-04-27T00:00:00.000Z,64,71,75.6,75.6,80.8
מאיר,64,2022-04-27T00:00:00.000Z,64,71,75.6,75.6,80.8
מאיר,64,2022-04-27T00:00:00.000Z,64,71,75.6,75.6,80.8
מאיר,64,2022-04-27T00:00:00.000Z,64,71,75.6,75.6,80.8
מאיר,64,2022-04-27T00:00:00.000Z,64,71,75.6,75.6,80.8
סורוקה,64.3,2022-04-27T00:00:00.000Z,64.3,76,73,73,79.8
סורוקה,64.3,2022-04-27T00:00:00.000Z,64.3,76,73,73,79.8
סורוקה,64.3,2022-04-27T00:00:00.000Z,64.3,76,73,73,79.8
סורוקה,64.3,2022-04-27T00:00:00.000Z,64.3,76,73,73,79.8
סורוקה,64.3,2022-04-27T00:00:00.000Z,64.3,76,73,73,79.8
סורוקה,64.3,2022-04-27T00:00:00.000Z,64.3,76,73,73,79.8
סורוקה,64.3,2022-04-27T00:00:00.000Z,64.3,76,73,73,79.8
סורוקה,64.3,2022-04-27T00:00:00.000Z,64.3,76,73,73,79.8
סורוקה,64.3,2022-04-27T00:00:00.000Z,64.3,76,73,73,79.8
סורוקה,64.3,2022-04-27T00:00:00.000Z,64.3,76,73,73,79.8
סורוקה,64.3,2022-04-27T00:00:00.000Z,64.3,76,73,73,79.8
סורוקה,64.3,2022-04-27T00:00:00.000Z,64.3,76,73,73,79.8
סורוקה,64.3,2022-04-27T00:00:00.000Z,64.3,76,73,73,79.8
סורוקה,64.3,2022-04-27T00:00:00.000Z,64.3,76,73,73,79.8
סורוקה,64.3,2022-04-27T00:00:00.000Z,64.3,76,73,73,79.8
סורוקה,64.3,2022-04-27T00:00:00.000Z,64.3,76,73,73,79.8
סורוקה,64.3,2022-04-27T00:00:00.000Z,64.3,76,73,73,79.8
סורוקה,64.3,2022-04-27T00:00:00.000Z,64.3,76,73,73,79.8
סורוקה,64.3,2022-04-27T00:00:00.000Z,64.3,76,73,73,79.8
סורוקה,64.3,2022-04-27T00:00:00.000Z,64.3,76,73,73,79.8
סורוקה,64.3,2022-04-27T00:00:00.000Z,64.3,76,73,73,79.8
סורוקה,64.3,2022-04-27T00:00:00.000Z,64.3,76,73,73,79.8
סורוקה,64.3,2022-04-27T00:00:00.000Z,64.3,76,73,73,79.8
סורוקה,64.3,2022-04-27T00:00:00.000Z,64.3,76,73,73,79.8
סורוקה,64.3,2022-04-27T00:00:00.000Z,64.3,76,73,73,79.8
סורוקה,64.3,2022-04-27T00:00:00.000Z,64.3,76,73,73,79.8
סורוקה,64.3,2022-04-27T00:00:00.000Z,64.3,76,73,73,79.8
סורוקה,64.3,2022-04-27T00:00:00.000Z,64.3,76,73,73,79.8
סורוקה,64.3,2022-04-27T00:00:00.000Z,64.3,76,73,73,79.8
סורוקה,64.3,2022-04-27T00:00:00.000Z,64.3,76,73,73,79.8
סורוקה,64.3,2022-04-27T00:00:00.000Z,64.3,76,73,73,79.8
סורוקה,64.3,2022-04-27T00:00:00.000Z,64.3,76,73,73,79.8
סורוקה,64.3,2022-04-27T00:00:00.000Z,64.3,76,73,73,79.8
סורוקה,64.3,2022-04-27T00:00:00.000Z,64.3,76,73,73,79.8
סורוקה,64.3,2022-04-27T00:00:00.000Z,64.3,76,73,73,79.8
סורוקה,64.3,2022-04-27T00:00:00.000Z,64.3,76,73,73,79.8
סורוקה,64.3,2022-04-27T00:00:00.000Z,64.3,76,73,73,79.8
סורוקה,64.3,2022-04-27T00:00:00.000Z,64.3,76,73,73,79.8
סורוקה,64.3,2022-04-27T00:00:00.000Z,64.3,76,73,73,79.8
סורוקה,64.3,2022-04-27T00:00:00.000Z,64.3,76,73,73,79.8
סורוקה,64.3,2022-04-27T00:00:00.000Z,64.3,76,73,73,79.8
סורוקה,64.3,2022-04-27T00:00:00.000Z,64.3,76,73,73,79.8
סורוקה,64.3,2022-04-27T00:00:00.000Z,64.3,76,73,73,79.8
סורוקה,64.3,2022-04-27T00:00:00.000Z,64.3,76,73,73,79.8
סורוקה,64.3,2022-04-27T00:00:00.000Z,64.3,76,73,73,79.8
סורוקה,64.3,2022-04-27T00:00:00.000Z,64.3,76,73,73,79.8
סורוקה,64.3,2022-04-27T00:00:00.000Z,64.3,76,73,73,79.8
סורוקה,64.3,2022-04-27T00:00:00.000Z,64.3,76,73,73,79.8
סורוקה,64.3,2022-04-27T00:00:00.000Z,64.3,76,73,73,79.8
סורוקה,64.3,2022-04-27T00:00:00.000Z,64.3,76,73,73,79.8
סורוקה,64.3,2022-04-27T00:00:00.000Z,64.3,76,73,73,79.8
סורוקה,64.3,2022-04-27T00:00:00.000Z,64.3,76,73,73,79.8
סורוקה,64.3,2022-04-27T00:00:00.000Z,64.3,76,73,73,79.8
סורוקה,64.3,2022-04-27T00:00:00.000Z,64.3,76,73,73,79.8
סורוקה,64.3,2022-04-27T00:00:00.000Z,64.3,76,73,73,79.8
סורוקה,64.3,2022-04-27T00:00:00.000Z,64.3,76,73,73,79.8
סורוקה,64.3,2022-04-27T00:00:00.000Z,64.3,76,73,73,79.8
סורוקה,64.3,2022-04-27T00:00:00.000Z,64.3,76,73,73,79.8
סורוקה,64.3,2022-04-27T00:00:00.000Z,64.3,76,73,73,79.8
סורוקה,64.3,2022-04-27T00:00:00.000Z,64.3,76,73,73,79.8
סורוקה,64.3,2022-04-27T00:00:00.000Z,64.3,76,73,73,79.8
סורוקה,64.3,2022-04-27T00:00:00.000Z,64.3,76,73,73,79.8
סורוקה,64.3,2022-04-27T00:00:00.000Z,64.3,76,73,73,79.8
סורוקה,64.3,2022-04-27T00:00:00.000Z,64.3,76,73,73,79.8
סורוקה,64.3,2022-04-27T00:00:00.000Z,64.3,76,73,73,79.8
סורוקה,64.3,2022-04-27T00:00:00.000Z,64.3,76,73,73,79.8
סורוקה,64.3,2022-04-27T00:00:00.000Z,64.3,76,73,73,79.8
סורוקה,64.3,2022-04-27T00:00:00.000Z,64.3,76,73,73,79.8
סורוקה,64.3,2022-04-27T00:00:00.000Z,64.3,76,73,73,79.8
סורוקה,64.3,2022-04-27T00:00:00.000Z,64.3,76,73,73,79.8
סורוקה,64.3,2022-04-27T00:00:00.000Z,64.3,76,73,73,79.8
סורוקה,64.3,2022-04-27T00:00:00.000Z,64.3,76,73,73,79.8
סורוקה,64.3,2022-04-27T00:00:00.000Z,64.3,76,73,73,79.8
סורוקה,64.3,2022-04-27T00:00:00.000Z,64.3,76,73,73,79.8
סורוקה,64.3,2022-04-27T00:00:00.000Z,64.3,76,73,73,79.8
סורוקה,64.3,2022-04-27T00:00:00.000Z,64.3,76,73,73,79.8
סורוקה,64.3,2022-04-27T00:00:00.000Z,64.3,76,73,73,79.8
סורוקה,64.3,2022-04-27T00:00:00.000Z,64.3,76,73,73,79.8
סורוקה,64.3,2022-04-27T00:00:00.000Z,64.3,76,73,73,79.8
סורוקה,64.3,2022-04-27T00:00:00.000Z,64.3,76,73,73,79.8
סורוקה,64.3,2022-04-27T00:00:00.000Z,64.3,76,73,73,79.8
סורוקה,64.3,2022-04-27T00:00:00.000Z,64.3,76,73,73,79.8
סורוקה,64.3,2022-04-27T00:00:00.000Z,64.3,76,73,73,79.8
סורוקה,64.3,2022-04-27T00:00:00.000Z,64.3,76,73,73,79.8
סורוקה,64.3,2022-04-27T00:00:00.000Z,64.3,76,73,73,79.8
סורוקה,64.3,2022-04-27T00:00:00.000Z,64.3,76,73,73,79.8
סורוקה,64.3,2022-04-27T00:00:00.000Z,64.3,76,73,73,79.8
סורוקה,64.3,2022-04-27T00:00:00.000Z,64.3,76,73,73,79.8
סורוקה,64.3,2022-04-27T00:00:00.000Z,64.3,76,73,73,79.8
סורוקה,64.3,2022-04-27T00:00:00.000Z,64.3,76,73,73,79.8
סורוקה,64.3,2022-04-27T00:00:00.000Z,64.3,76,73,73,79.8
סורוקה,64.3,2022-04-27T00:00:00.000Z,64.3,76,73,73,79.8
סורוקה,64.3,2022-04-27T00:00:00.000Z,64.3,76,73,73,79.8
סורוקה,64.3,2022-04-27T00:00:00.000Z,64.3,76,73,73,79.8
סורוקה,64.3,2022-04-27T00:00:00.000Z,64.3,76,73,73,79.8
סורוקה,64.3,2022-04-27T00:00:00.000Z,64.3,76,73,73,79.8
סורוקה,64.3,2022-04-27T00:00:00.000Z,64.3,76,73,73,79.8
סורוקה,64.3,2022-04-27T00:00:00.000Z,64.3,76,73,73,79.8
סורוקה,64.3,2022-04-27T00:00:00.000Z,64.3,76,73,73,79.8
סורוקה,64.3,2022-04-27T00:00:00.000Z,64.3,76,73,73,79.8
סורוקה,64.3,2022-04-27T00:00:00.000Z,64.3,76,73,73,79.8
סורוקה,64.3,2022-04-27T00:00:00.000Z,64.3,76,73,73,79.8
סורוקה,64.3,2022-04-27T00:00:00.000Z,64.3,76,73,73,79.8
סורוקה,64.3,2022-04-27T00:00:00.000Z,64.3,76,73,73,79.8
סורוקה,64.3,2022-04-27T00:00:00.000Z,64.3,76,73,73,79.8
סורוקה,64.3,2022-04-27T00:00:00.000Z,64.3,76,73,73,79.8
סורוקה,64.3,2022-04-27T00:00:00.000Z,64.3,76,73,73,79.8
סורוקה,64.3,2022-04-27T00:00:00.000Z,64.3,76,73,73,79.8
סורוקה,64.3,2022-04-27T00:00:00.000Z,64.3,76,73,73,79.8
סורוקה,64.3,2022-04-27T00:00:00.000Z,64.3,76,73,73,79.8
סורוקה,64.3,2022-04-27T00:00:00.000Z,64.3,76,73,73,79.8
סורוקה,64.3,2022-04-27T00:00:00.000Z,64.3,76,73,73,79.8
סורוקה,64.3,2022-04-27T00:00:00.000Z,64.3,76,73,73,79.8
סורוקה,64.3,2022-04-27T00:00:00.000Z,64.3,76,73,73,79.8
סורוקה,64.3,2022-04-27T00:00:00.000Z,64.3,76,73,73,79.8
סורוקה,64.3,2022-04-27T00:00:00.000Z,64.3,76,73,73,79.8
סורוקה,64.3,2022-04-27T00:00:00.000Z,64.3,76,73,73,79.8
סורוקה,64.3,2022-04-27T00:00:00.000Z,64.3,76,73,73,79.8
סורוקה,64.3,2022-04-27T00:00:00.000Z,64.3,76,73,73,79.8
סורוקה,64.3,2022-04-27T00:00:00.000Z,64.3,76,73,73,79.8
סורוקה,64.3,2022-04-27T00:00:00.000Z,64.3,76,73,73,79.8
סורוקה,64.3,2022-04-27T00:00:00.000Z,64.3,76,73,73,79.8
סורוקה,64.3,2022-04-27T00:00:00.000Z,64.3,76,73,73,79.8
סורוקה,64.3,2022-04-27T00:00:00.000Z,64.3,76,73,73,79.8
סורוקה,64.3,2022-04-27T00:00:00.000Z,64.3,76,73,73,79.8
סורוקה,64.3,2022-04-27T00:00:00.000Z,64.3,76,73,73,79.8
סורוקה,64.3,2022-04-27T00:00:00.000Z,64.3,76,73,73,79.8
סורוקה,64.3,2022-04-27T00:00:00.000Z,64.3,76,73,73,79.8
סורוקה,64.3,2022-04-27T00:00:00.000Z,64.3,76,73,73,79.8
סורוקה,64.3,2022-04-27T00:00:00.000Z,64.3,76,73,73,79.8
סורוקה,64.3,2022-04-27T00:00:00.000Z,64.3,76,73,73,79.8
סורוקה,64.3,2022-04-27T00:00:00.000Z,64.3,76,73,73,79.8
סורוקה,64.3,2022-04-27T00:00:00.000Z,64.3,76,73,73,79.8
סורוקה,64.3,2022-04-27T00:00:00.000Z,64.3,76,73,73,79.8
סורוקה,64.3,2022-04-27T00:00:00.000Z,64.3,76,73,73,79.8
סורוקה,64.3,2022-04-27T00:00:00.000Z,64.3,76,73,73,79.8
סורוקה,64.3,2022-04-27T00:00:00.000Z,64.3,76,73,73,79.8
סורוקה,64.3,2022-04-27T00:00:00.000Z,64.3,76,73,73,79.8
סורוקה,64.3,2022-04-27T00:00:00.000Z,64.3,76,73,73,79.8
סורוקה,64.3,2022-04-27T00:00:00.000Z,64.3,76,73,73,79.8
סורוקה,64.3,2022-04-27T00:00:00.000Z,64.3,76,73,73,79.8
סורוקה,64.3,2022-04-27T00:00:00.000Z,64.3,76,73,73,79.8
סורוקה,64.3,2022-04-27T00:00:00.000Z,64.3,76,73,73,79.8
סורוקה,64.3,2022-04-27T00:00:00.000Z,64.3,76,73,73,79.8
סורוקה,64.3,2022-04-27T00:00:00.000Z,64.3,76,73,73,79.8
סורוקה,64.3,2022-04-27T00:00:00.000Z,64.3,76,73,73,79.8
סורוקה,64.3,2022-04-27T00:00:00.000Z,64.3,76,73,73,79.8
סורוקה,64.3,2022-04-27T00:00:00.000Z,64.3,76,73,73,79.8
סורוקה,64.3,2022-04-27T00:00:00.000Z,64.3,76,73,73,79.8
סורוקה,64.3,2022-04-27T00:00:00.000Z,64.3,76,73,73,79.8
סורוקה,64.3,2022-04-27T00:00:00.000Z,64.3,76,73,73,79.8
סורוקה,64.3,2022-04-27T00:00:00.000Z,64.3,76,73,73,79.8
סורוקה,64.3,2022-04-27T00:00:00.000Z,64.3,76,73,73,79.8
סורוקה,64.3,2022-04-27T00:00:00.000Z,64.3,76,73,73,79.8
סורוקה,64.3,2022-04-27T00:00:00.000Z,64.3,76,73,73,79.8
סורוקה,64.3,2022-04-27T00:00:00.000Z,64.3,76,73,73,79.8
סורוקה,64.3,2022-04-27T00:00:00.000Z,64.3,76,73,73,79.8
סורוקה,64.3,2022-04-27T00:00:00.000Z,64.3,76,73,73,79.8
סורוקה,64.3,2022-04-27T00:00:00.000Z,64.3,76,73,73,79.8
סורוקה,64.3,2022-04-27T00:00:00.000Z,64.3,76,73,73,79.8
סורוקה,64.3,2022-04-27T00:00:00.000Z,64.3,76,73,73,79.8
סורוקה,64.3,2022-04-27T00:00:00.000Z,64.3,76,73,73,79.8
סורוקה,64.3,2022-04-27T00:00:00.000Z,64.3,76,73,73,79.8
סורוקה,64.3,2022-04-27T00:00:00.000Z,64.3,76,73,73,79.8
סורוקה,64.3,2022-04-27T00:00:00.000Z,64.3,76,73,73,79.8
סורוקה,64.3,2022-04-27T00:00:00.000Z,64.3,76,73,73,79.8
סורוקה,64.3,2022-04-27T00:00:00.000Z,64.3,76,73,73,79.8
סורוקה,64.3,2022-04-27T00:00:00.000Z,64.3,76,73,73,79.8
סורוקה,64.3,2022-04-27T00:00:00.000Z,64.3,76,73,73,79.8
סורוקה,64.3,2022-04-27T00:00:00.000Z,64.3,76,73,73,79.8
סורוקה,64.3,2022-04-27T00:00:00.000Z,64.3,76,73,73,79.8
סורוקה,64.3,2022-04-27T00:00:00.000Z,64.3,76,73,73,79.8
סורוקה,64.3,2022-04-27T00:00:00.000Z,64.3,76,73,73,79.8
סורוקה,64.3,2022-04-27T00:00:00.000Z,64.3,76,73,73,79.8
סורוקה,64.3,2022-04-27T00:00:00.000Z,64.3,76,73,73,79.8
סורוקה,64.3,2022-04-27T00:00:00.000Z,64.3,76,73,73,79.8
סורוקה,64.3,2022-04-27T00:00:00.000Z,64.3,76,73,73,79.8
סורוקה,64.3,2022-04-27T00:00:00.000Z,64.3,76,73,73,79.8
סורוקה,64.3,2022-04-27T00:00:00.000Z,64.3,76,73,73,79.8
סורוקה,64.3,2022-04-27T00:00:00.000Z,64.3,76,73,73,79.8
סורוקה,64.3,2022-04-27T00:00:00.000Z,64.3,76,73,73,79.8
סורוקה,64.3,2022-04-27T00:00:00.000Z,64.3,76,73,73,79.8
סורוקה,64.3,2022-04-27T00:00:00.000Z,64.3,76,73,73,79.8
סורוקה,64.3,2022-04-27T00:00:00.000Z,64.3,76,73,73,79.8
סורוקה,64.3,2022-04-27T00:00:00.000Z,64.3,76,73,73,79.8
סורוקה,64.3,2022-04-27T00:00:00.000Z,64.3,76,73,73,79.8
סורוקה,64.3,2022-04-27T00:00:00.000Z,64.3,76,73,73,79.8
סורוקה,64.3,2022-04-27T00:00:00.000Z,64.3,76,73,73,79.8
סורוקה,64.3,2022-04-27T00:00:00.000Z,64.3,76,73,73,79.8
סורוקה,64.3,2022-04-27T00:00:00.000Z,64.3,76,73,73,79.8
סורוקה,64.3,2022-04-27T00:00:00.000Z,64.3,76,73,73,79.8
סורוקה,64.3,2022-04-27T00:00:00.000Z,64.3,76,73,73,79.8
סורוקה,64.3,2022-04-27T00:00:00.000Z,64.3,76,73,73,79.8
סורוקה,64.3,2022-04-27T00:00:00.000Z,64.3,76,73,73,79.8
סורוקה,64.3,2022-04-27T00:00:00.000Z,64.3,76,73,73,79.8
סורוקה,64.3,2022-04-27T00:00:00.000Z,64.3,76,73,73,79.8
סורוקה,64.3,2022-04-27T00:00:00.000Z,64.3,76,73,73,79.8
סורוקה,64.3,2022-04-27T00:00:00.000Z,64.3,76,73,73,79.8
סורוקה,64.3,2022-04-27T00:00:00.000Z,64.3,76,73,73,79.8
סורוקה,64.3,2022-04-27T00:00:00.000Z,64.3,76,73,73,79.8
סורוקה,64.3,2022-04-27T00:00:00.000Z,64.3,76,73,73,79.8
סורוקה,64.3,2022-04-27T00:00:00.000Z,64.3,76,73,73,79.8
סורוקה,64.3,2022-04-27T00:00:00.000Z,64.3,76,73,73,79.8
סורוקה,64.3,2022-04-27T00:00:00.000Z,64.3,76,73,73,79.8
סורוקה,64.3,2022-04-27T00:00:00.000Z,64.3,76,73,73,79.8
סורוקה,64.3,2022-04-27T00:00:00.000Z,64.3,76,73,73,79.8
סורוקה,64.3,2022-04-27T00:00:00.000Z,64.3,76,73,73,79.8
סורוקה,64.3,2022-04-27T00:00:00.000Z,64.3,76,73,73,79.8
סורוקה,64.3,2022-04-27T00:00:00.000Z,64.3,76,73,73,79.8
סורוקה,64.3,2022-04-27T00:00:00.000Z,64.3,76,73,73,79.8
סורוקה,64.3,2022-04-27T00:00:00.000Z,64.3,76,73,73,79.8
סורוקה,64.3,2022-04-27T00:00:00.000Z,64.3,76,73,73,79.8
סורוקה,64.3,2022-04-27T00:00:00.000Z,64.3,76,73,73,79.8
סורוקה,64.3,2022-04-27T00:00:00.000Z,64.3,76,73,73,79.8
סורוקה,64.3,2022-04-27T00:00:00.000Z,64.3,76,73,73,79.8
סורוקה,64.3,2022-04-27T00:00:00.000Z,64.3,76,73,73,79.8
סורוקה,64.3,2022-04-27T00:00:00.000Z,64.3,76,73,73,79.8
סורוקה,64.3,2022-04-27T00:00:00.000Z,64.3,76,73,73,79.8
סורוקה,64.3,2022-04-27T00:00:00.000Z,64.3,76,73,73,79.8
סורוקה,64.3,2022-04-27T00:00:00.000Z,64.3,76,73,73,79.8
סורוקה,64.3,2022-04-27T00:00:00.000Z,64.3,76,73,73,79.8
סורוקה,64.3,2022-04-27T00:00:00.000Z,64.3,76,73,73,79.8
סורוקה,64.3,2022-04-27T00:00:00.000Z,64.3,76,73,73,79.8
סורוקה,64.3,2022-04-27T00:00:00.000Z,64.3,76,73,73,79.8
סורוקה,64.3,2022-04-27T00:00:00.000Z,64.3,76,73,73,79.8
סורוקה,64.3,2022-04-27T00:00:00.000Z,64.3,76,73,73,79.8
סורוקה,64.3,2022-04-27T00:00:00.000Z,64.3,76,73,73,79.8
סורוקה,64.3,2022-04-27T00:00:00.000Z,64.3,76,73,73,79.8
סורוקה,64.3,2022-04-27T00:00:00.000Z,64.3,76,73,73,79.8
סורוקה,64.3,2022-04-27T00:00:00.000Z,64.3,76,73,73,79.8
סורוקה,64.3,2022-04-27T00:00:00.000Z,64.3,76,73,73,79.8
סורוקה,64.3,2022-04-27T00:00:00.000Z,64.3,76,73,73,79.8
סורוקה,64.3,2022-04-27T00:00:00.000Z,64.3,76,73,73,79.8
סורוקה,64.3,2022-04-27T00:00:00.000Z,64.3,76,73,73,79.8
סורוקה,64.3,2022-04-27T00:00:00.000Z,64.3,76,73,73,79.8
סורוקה,64.3,2022-04-27T00:00:00.000Z,64.3,76,73,73,79.8
סורוקה,64.3,2022-04-27T00:00:00.000Z,64.3,76,73,73,79.8
סורוקה,64.3,2022-04-27T00:00:00.000Z,64.3,76,73,73,79.8
סורוקה,64.3,2022-04-27T00:00:00.000Z,64.3,76,73,73,79.8
סורוקה,64.3,2022-04-27T00:00:00.000Z,64.3,76,73,73,79.8
סורוקה,64.3,2022-04-27T00:00:00.000Z,64.3,76,73,73,79.8
סורוקה,64.3,2022-04-27T00:00:00.000Z,64.3,76,73,73,79.8
סורוקה,64.3,2022-04-27T00:00:00.000Z,64.3,76,73,73,79.8
סורוקה,64.3,2022-04-27T00:00:00.000Z,64.3,76,73,73,79.8
סורוקה,64.3,2022-04-27T00:00:00.000Z,64.3,76,73,73,79.8
סורוקה,64.3,2022-04-27T00:00:00.000Z,64.3,76,73,73,79.8
סורוקה,64.3,2022-04-27T00:00:00.000Z,64.3,76,73,73,79.8
סורוקה,64.3,2022-04-27T00:00:00.000Z,64.3,76,73,73,79.8
סורוקה,64.3,2022-04-27T00:00:00.000Z,64.3,76,73,73,79.8
סורוקה,64.3,2022-04-27T00:00:00.000Z,64.3,76,73,73,79.8
סורוקה,64.3,2022-04-27T00:00:00.000Z,64.3,76,73,73,79.8
סורוקה,64.3,2022-04-27T00:00:00.000Z,64.3,76,73,73,79.8
סורוקה,64.3,2022-04-27T00:00:00.000Z,64.3,76,73,73,79.8
סורוקה,64.3,2022-04-27T00:00:00.000Z,64.3,76,73,73,79.8
סורוקה,64.3,2022-04-27T00:00:00.000Z,64.3,76,73,73,79.8
סורוקה,64.3,2022-04-27T00:00:00.000Z,64.3,76,73,73,79.8
סורוקה,64.3,2022-04-27T00:00:00.000Z,64.3,76,73,73,79.8
סורוקה,64.3,2022-04-27T00:00:00.000Z,64.3,76,73,73,79.8
סורוקה,64.3,2022-04-27T00:00:00.000Z,64.3,76,73,73,79.8
סורוקה,64.3,2022-04-27T00:00:00.000Z,64.3,76,73,73,79.8
סורוקה,64.3,2022-04-27T00:00:00.000Z,64.3,76,73,73,79.8
סורוקה,64.3,2022-04-27T00:00:00.000Z,64.3,76,73,73,79.8
סורוקה,64.3,2022-04-27T00:00:00.000Z,64.3,76,73,73,79.8
סורוקה,64.3,2022-04-27T00:00:00.000Z,64.3,76,73,73,79.8
סורוקה,64.3,2022-04-27T00:00:00.000Z,64.3,76,73,73,79.8
סורוקה,64.3,2022-04-27T00:00:00.000Z,64.3,76,73,73,79.8
סורוקה,64.3,2022-04-27T00:00:00.000Z,64.3,76,73,73,79.8
סורוקה,64.3,2022-04-27T00:00:00.000Z,64.3,76,73,73,79.8
סורוקה,64.3,2022-04-27T00:00:00.000Z,64.3,76,73,73,79.8
סורוקה,64.3,2022-04-27T00:00:00.000Z,64.3,76,73,73,79.8
סורוקה,64.3,2022-04-27T00:00:00.000Z,64.3,76,73,73,79.8
סורוקה,64.3,2022-04-27T00:00:00.000Z,64.3,76,73,73,79.8
סורוקה,64.3,2022-04-27T00:00:00.000Z,64.3,76,73,73,79.8
סורוקה,64.3,2022-04-27T00:00:00.000Z,64.3,76,73,73,79.8
סורוקה,64.3,2022-04-27T00:00:00.000Z,64.3,76,73,73,79.8
סורוקה,64.3,2022-04-27T00:00:00.000Z,64.3,76,73,73,79.8
סורוקה,64.3,2022-04-27T00:00:00.000Z,64.3,76,73,73,79.8
סורוקה,64.3,2022-04-27T00:00:00.000Z,64.3,76,73,73,79.8
סורוקה,64.3,2022-04-27T00:00:00.000Z,64.3,76,73,73,79.8
סורוקה,64.3,2022-04-27T00:00:00.000Z,64.3,76,73,73,79.8
סורוקה,64.3,2022-04-27T00:00:00.000Z,64.3,76,73,73,79.8
סורוקה,64.3,2022-04-27T00:00:00.000Z,64.3,76,73,73,79.8
סורוקה,64.3,2022-04-27T00:00:00.000Z,64.3,76,73,73,79.8
סורוקה,64.3,2022-04-27T00:00:00.000Z,64.3,76,73,73,79.8
סורוקה,64.3,2022-04-27T00:00:00.000Z,64.3,76,73,73,79.8
סורוקה,64.3,2022-04-27T00:00:00.000Z,64.3,76,73,73,79.8
סורוקה,64.3,2022-04-27T00:00:00.000Z,64.3,76,73,73,79.8
סורוקה,64.3,2022-04-27T00:00:00.000Z,64.3,76,73,73,79.8
סורוקה,64.3,2022-04-27T00:00:00.000Z,64.3,76,73,73,79.8
סורוקה,64.3,2022-04-27T00:00:00.000Z,64.3,76,73,73,79.8
סורוקה,64.3,2022-04-27T00:00:00.000Z,64.3,76,73,73,79.8
סורוקה,64.3,2022-04-27T00:00:00.000Z,64.3,76,73,73,79.8
סורוקה,64.3,2022-04-27T00:00:00.000Z,64.3,76,73,73,79.8
סורוקה,64.3,2022-04-27T00:00:00.000Z,64.3,76,73,73,79.8
סורוקה,64.3,2022-04-27T00:00:00.000Z,64.3,76,73,73,79.8
סורוקה,64.3,2022-04-27T00:00:00.000Z,64.3,76,73,73,79.8
סורוקה,64.3,2022-04-27T00:00:00.000Z,64.3,76,73,73,79.8
סורוקה,64.3,2022-04-27T00:00:00.000Z,64.3,76,73,73,79.8
סורוקה,64.3,2022-04-27T00:00:00.000Z,64.3,76,73,73,79.8
סורוקה,64.3,2022-04-27T00:00:00.000Z,64.3,76,73,73,79.8
סורוקה,64.3,2022-04-27T00:00:00.000Z,64.3,76,73,73,79.8
סורוקה,64.3,2022-04-27T00:00:00.000Z,64.3,76,73,73,79.8
סורוקה,64.3,2022-04-27T00:00:00.000Z,64.3,76,73,73,79.8
סורוקה,64.3,2022-04-27T00:00:00.000Z,64.3,76,73,73,79.8
סורוקה,64.3,2022-04-27T00:00:00.000Z,64.3,76,73,73,79.8
סורוקה,64.3,2022-04-27T00:00:00.000Z,64.3,76,73,73,79.8
סורוקה,64.3,2022-04-27T00:00:00.000Z,64.3,76,73,73,79.8
סורוקה,64.3,2022-04-27T00:00:00.000Z,64.3,76,73,73,79.8
סורוקה,64.3,2022-04-27T00:00:00.000Z,64.3,76,73,73,79.8
סורוקה,64.3,2022-04-27T00:00:00.000Z,64.3,76,73,73,79.8
סורוקה,64.3,2022-04-27T00:00:00.000Z,64.3,76,73,73,79.8
סורוקה,64.3,2022-04-27T00:00:00.000Z,64.3,76,73,73,79.8
סורוקה,64.3,2022-04-27T00:00:00.000Z,64.3,76,73,73,79.8
סורוקה,64.3,2022-04-27T00:00:00.000Z,64.3,76,73,73,79.8
סורוקה,64.3,2022-04-27T00:00:00.000Z,64.3,76,73,73,79.8
סורוקה,64.3,2022-04-27T00:00:00.000Z,64.3,76,73,73,79.8
סורוקה,64.3,2022-04-27T00:00:00.000Z,64.3,76,73,73,79.8
סורוקה,64.3,2022-04-27T00:00:00.000Z,64.3,76,73,73,79.8
סורוקה,64.3,2022-04-27T00:00:00.000Z,64.3,76,73,73,79.8
סורוקה,64.3,2022-04-27T00:00:00.000Z,64.3,76,73,73,79.8
סורוקה,64.3,2022-04-27T00:00:00.000Z,64.3,76,73,73,79.8
סורוקה,64.3,2022-04-27T00:00:00.000Z,64.3,76,73,73,79.8
סורוקה,64.3,2022-04-27T00:00:00.000Z,64.3,76,73,73,79.8
סורוקה,64.3,2022-04-27T00:00:00.000Z,64.3,76,73,73,79.8
סורוקה,64.3,2022-04-27T00:00:00.000Z,64.3,76,73,73,79.8
סורוקה,64.3,2022-04-27T00:00:00.000Z,64.3,76,73,73,79.8
סורוקה,64.3,2022-04-27T00:00:00.000Z,64.3,76,73,73,79.8
סורוקה,64.3,2022-04-27T00:00:00.000Z,64.3,76,73,73,79.8
סורוקה,64.3,2022-04-27T00:00:00.000Z,64.3,76,73,73,79.8
סורוקה,64.3,2022-04-27T00:00:00.000Z,64.3,76,73,73,79.8
סורוקה,64.3,2022-04-27T00:00:00.000Z,64.3,76,73,73,79.8
סורוקה,64.3,2022-04-27T00:00:00.000Z,64.3,76,73,73,79.8
סורוקה,64.3,2022-04-27T00:00:00.000Z,64.3,76,73,73,79.8
סורוקה,64.3,2022-04-27T00:00:00.000Z,64.3,76,73,73,79.8
סורוקה,64.3,2022-04-27T00:00:00.000Z,64.3,76,73,73,79.8
סורוקה,64.3,2022-04-27T00:00:00.000Z,64.3,76,73,73,79.8
סורוקה,64.3,2022-04-27T00:00:00.000Z,64.3,76,73,73,79.8
סורוקה,64.3,2022-04-27T00:00:00.000Z,64.3,76,73,73,79.8
סורוקה,64.3,2022-04-27T00:00:00.000Z,64.3,76,73,73,79.8
סורוקה,64.3,2022-04-27T00:00:00.000Z,64.3,76,73,73,79.8
סורוקה,64.3,2022-04-27T00:00:00.000Z,64.3,76,73,73,79.8
סורוקה,64.3,2022-04-27T00:00:00.000Z,64.3,76,73,73,79.8
סורוקה,64.3,2022-04-27T00:00:00.000Z,64.3,76,73,73,79.8
סורוקה,64.3,2022-04-27T00:00:00.000Z,64.3,76,73,73,79.8
סורוקה,64.3,2022-04-27T00:00:00.000Z,64.3,76,73,73,79.8
סורוקה,64.3,2022-04-27T00:00:00.000Z,64.3,76,73,73,79.8
סורוקה,64.3,2022-04-27T00:00:00.000Z,64.3,76,73,73,79.8
סורוקה,64.3,2022-04-27T00:00:00.000Z,64.3,76,73,73,79.8
סורוקה,64.3,2022-04-27T00:00:00.000Z,64.3,76,73,73,79.8
סורוקה,64.3,2022-04-27T00:00:00.000Z,64.3,76,73,73,79.8
סורוקה,64.3,2022-04-27T00:00:00.000Z,64.3,76,73,73,79.8
סורוקה,64.3,2022-04-27T00:00:00.000Z,64.3,76,73,73,79.8
סורוקה,64.3,2022-04-27T00:00:00.000Z,64.3,76,73,73,79.8
סורוקה,64.3,2022-04-27T00:00:00.000Z,64.3,76,73,73,79.8
סורוקה,64.3,2022-04-27T00:00:00.000Z,64.3,76,73,73,79.8
סורוקה,64.3,2022-04-27T00:00:00.000Z,64.3,76,73,73,79.8
סורוקה,64.3,2022-04-27T00:00:00.000Z,64.3,76,73,73,79.8
סורוקה,64.3,2022-04-27T00:00:00.000Z,64.3,76,73,73,79.8
סורוקה,64.3,2022-04-27T00:00:00.000Z,64.3,76,73,73,79.8
סורוקה,64.3,2022-04-27T00:00:00.000Z,64.3,76,73,73,79.8
סורוקה,64.3,2022-04-27T00:00:00.000Z,64.3,76,73,73,79.8
סורוקה,64.3,2022-04-27T00:00:00.000Z,64.3,76,73,73,79.8
סורוקה,64.3,2022-04-27T00:00:00.000Z,64.3,76,73,73,79.8
סורוקה,64.3,2022-04-27T00:00:00.000Z,64.3,76,73,73,79.8
סורוקה,64.3,2022-04-27T00:00:00.000Z,64.3,76,73,73,79.8
סורוקה,64.3,2022-04-27T00:00:00.000Z,64.3,76,73,73,79.8
סורוקה,64.3,2022-04-27T00:00:00.000Z,64.3,76,73,73,79.8
סורוקה,64.3,2022-04-27T00:00:00.000Z,64.3,76,73,73,79.8
סורוקה,64.3,2022-04-27T00:00:00.000Z,64.3,76,73,73,79.8
סורוקה,64.3,2022-04-27T00:00:00.000Z,64.3,76,73,73,79.8
סורוקה,64.3,2022-04-27T00:00:00.000Z,64.3,76,73,73,79.8
סורוקה,64.3,2022-04-27T00:00:00.000Z,64.3,76,73,73,79.8
סורוקה,64.3,2022-04-27T00:00:00.000Z,64.3,76,73,73,79.8
סורוקה,64.3,2022-04-27T00:00:00.000Z,64.3,76,73,73,79.8
סורוקה,64.3,2022-04-27T00:00:00.000Z,64.3,76,73,73,79.8
סורוקה,64.3,2022-04-27T00:00:00.000Z,64.3,76,73,73,79.8
סורוקה,64.3,2022-04-27T00:00:00.000Z,64.3,76,73,73,79.8
סורוקה,64.3,2022-04-27T00:00:00.000Z,64.3,76,73,73,79.8
סורוקה,64.3,2022-04-27T00:00:00.000Z,64.3,76,73,73,79.8
סורוקה,64.3,2022-04-27T00:00:00.000Z,64.3,76,73,73,79.8
סורוקה,64.3,2022-04-27T00:00:00.000Z,64.3,76,73,73,79.8
סורוקה,64.3,2022-04-27T00:00:00.000Z,64.3,76,73,73,79.8
סורוקה,64.3,2022-04-27T00:00:00.000Z,64.3,76,73,73,79.8
סורוקה,64.3,2022-04-27T00:00:00.000Z,64.3,76,73,73,79.8
סורוקה,64.3,2022-04-27T00:00:00.000Z,64.3,76,73,73,79.8
סורוקה,64.3,2022-04-27T00:00:00.000Z,64.3,76,73,73,79.8
סורוקה,64.3,2022-04-27T00:00:00.000Z,64.3,76,73,73,79.8
סורוקה,64.3,2022-04-27T00:00:00.000Z,64.3,76,73,73,79.8
סורוקה,64.3,2022-04-27T00:00:00.000Z,64.3,76,73,73,79.8
סורוקה,64.3,2022-04-27T00:00:00.000Z,64.3,76,73,73,79.8
סורוקה,64.3,2022-04-27T00:00:00.000Z,64.3,76,73,73,79.8
סורוקה,64.3,2022-04-27T00:00:00.000Z,64.3,76,73,73,79.8
סורוקה,64.3,2022-04-27T00:00:00.000Z,64.3,76,73,73,79.8
סורוקה,64.3,2022-04-27T00:00:00.000Z,64.3,76,73,73,79.8
סורוקה,64.3,2022-04-27T00:00:00.000Z,64.3,76,73,73,79.8
סורוקה,64.3,2022-04-27T00:00:00.000Z,64.3,76,73,73,79.8
סורוקה,64.3,2022-04-27T00:00:00.000Z,64.3,76,73,73,79.8
סורוקה,64.3,2022-04-27T00:00:00.000Z,64.3,76,73,73,79.8
סורוקה,64.3,2022-04-27T00:00:00.000Z,64.3,76,73,73,79.8
סורוקה,64.3,2022-04-27T00:00:00.000Z,64.3,76,73,73,79.8
סורוקה,64.3,2022-04-27T00:00:00.000Z,64.3,76,73,73,79.8
סורוקה,64.3,2022-04-27T00:00:00.000Z,64.3,76,73,73,79.8
סורוקה,64.3,2022-04-27T00:00:00.000Z,64.3,76,73,73,79.8
סורוקה,64.3,2022-04-27T00:00:00.000Z,64.3,76,73,73,79.8
סורוקה,64.3,2022-04-27T00:00:00.000Z,64.3,76,73,73,79.8
סורוקה,64.3,2022-04-27T00:00:00.000Z,64.3,76,73,73,79.8
סורוקה,64.3,2022-04-27T00:00:00.000Z,64.3,76,73,73,79.8
סורוקה,64.3,2022-04-27T00:00:00.000Z,64.3,76,73,73,79.8
סורוקה,64.3,2022-04-27T00:00:00.000Z,64.3,76,73,73,79.8
סורוקה,64.3,2022-04-27T00:00:00.000Z,64.3,76,73,73,79.8
סורוקה,64.3,2022-04-27T00:00:00.000Z,64.3,76,73,73,79.8
סורוקה,64.3,2022-04-27T00:00:00.000Z,64.3,76,73,73,79.8
סורוקה,64.3,2022-04-27T00:00:00.000Z,64.3,76,73,73,79.8
סורוקה,64.3,2022-04-27T00:00:00.000Z,64.3,76,73,73,79.8
סורוקה,64.3,2022-04-27T00:00:00.000Z,64.3,76,73,73,79.8
סורוקה,64.3,2022-04-27T00:00:00.000Z,64.3,76,73,73,79.8
סורוקה,64.3,2022-04-27T00:00:00.000Z,64.3,76,73,73,79.8
סורוקה,64.3,2022-04-27T00:00:00.000Z,64.3,76,73,73,79.8
סורוקה,64.3,2022-04-27T00:00:00.000Z,64.3,76,73,73,79.8
סורוקה,64.3,2022-04-27T00:00:00.000Z,64.3,76,73,73,79.8
סורוקה,64.3,2022-04-27T00:00:00.000Z,64.3,76,73,73,79.8
סורוקה,64.3,2022-04-27T00:00:00.000Z,64.3,76,73,73,79.8
סורוקה,64.3,2022-04-27T00:00:00.000Z,64.3,76,73,73,79.8
סורוקה,64.3,2022-04-27T00:00:00.000Z,64.3,76,73,73,79.8
סורוקה,64.3,2022-04-27T00:00:00.000Z,64.3,76,73,73,79.8
סורוקה,64.3,2022-04-27T00:00:00.000Z,64.3,76,73,73,79.8
סורוקה,64.3,2022-04-27T00:00:00.000Z,64.3,76,73,73,79.8
סורוקה,64.3,2022-04-27T00:00:00.000Z,64.3,76,73,73,79.8
סורוקה,64.3,2022-04-27T00:00:00.000Z,64.3,76,73,73,79.8
סורוקה,64.3,2022-04-27T00:00:00.000Z,64.3,76,73,73,79.8
סורוקה,64.3,2022-04-27T00:00:00.000Z,64.3,76,73,73,79.8
סורוקה,64.3,2022-04-27T00:00:00.000Z,64.3,76,73,73,79.8
סורוקה,64.3,2022-04-27T00:00:00.000Z,64.3,76,73,73,79.8
סורוקה,64.3,2022-04-27T00:00:00.000Z,64.3,76,73,73,79.8
סורוקה,64.3,2022-04-27T00:00:00.000Z,64.3,76,73,73,79.8
סורוקה,64.3,2022-04-27T00:00:00.000Z,64.3,76,73,73,79.8
סורוקה,64.3,2022-04-27T00:00:00.000Z,64.3,76,73,73,79.8
סורוקה,64.3,2022-04-27T00:00:00.000Z,64.3,76,73,73,79.8
סורוקה,64.3,2022-04-27T00:00:00.000Z,64.3,76,73,73,79.8
סורוקה,64.3,2022-04-27T00:00:00.000Z,64.3,76,73,73,79.8
סורוקה,64.3,2022-04-27T00:00:00.000Z,64.3,76,73,73,79.8
סורוקה,64.3,2022-04-27T00:00:00.000Z,64.3,76,73,73,79.8
סורוקה,64.3,2022-04-27T00:00:00.000Z,64.3,76,73,73,79.8
סורוקה,64.3,2022-04-27T00:00:00.000Z,64.3,76,73,73,79.8
סורוקה,64.3,2022-04-27T00:00:00.000Z,64.3,76,73,73,79.8
סורוקה,64.3,2022-04-27T00:00:00.000Z,64.3,76,73,73,79.8
סורוקה,64.3,2022-04-27T00:00:00.000Z,64.3,76,73,73,79.8
סורוקה,64.3,2022-04-27T00:00:00.000Z,64.3,76,73,73,79.8
סורוקה,64.3,2022-04-27T00:00:00.000Z,64.3,76,73,73,79.8
סורוקה,64.3,2022-04-27T00:00:00.000Z,64.3,76,73,73,79.8
סורוקה,64.3,2022-04-27T00:00:00.000Z,64.3,76,73,73,79.8
סורוקה,64.3,2022-04-27T00:00:00.000Z,64.3,76,73,73,79.8
סורוקה,64.3,2022-04-27T00:00:00.000Z,64.3,76,73,73,79.8
סורוקה,64.3,2022-04-27T00:00:00.000Z,64.3,76,73,73,79.8
סורוקה,64.3,2022-04-27T00:00:00.000Z,64.3,76,73,73,79.8
סורוקה,64.3,2022-04-27T00:00:00.000Z,64.3,76,73,73,79.8
סורוקה,64.3,2022-04-27T00:00:00.000Z,64.3,76,73,73,79.8
סורוקה,64.3,2022-04-27T00:00:00.000Z,64.3,76,73,73,79.8
סורוקה,64.3,2022-04-27T00:00:00.000Z,64.3,76,73,73,79.8
סורוקה,64.3,2022-04-27T00:00:00.000Z,64.3,76,73,73,79.8
סורוקה,64.3,2022-04-27T00:00:00.000Z,64.3,76,73,73,79.8
סורוקה,64.3,2022-04-27T00:00:00.000Z,64.3,76,73,73,79.8
סורוקה,64.3,2022-04-27T00:00:00.000Z,64.3,76,73,73,79.8
סורוקה,64.3,2022-04-27T00:00:00.000Z,64.3,76,73,73,79.8
סורוקה,64.3,2022-04-27T00:00:00.000Z,64.3,76,73,73,79.8
סורוקה,64.3,2022-04-27T00:00:00.000Z,64.3,76,73,73,79.8
סורוקה,64.3,2022-04-27T00:00:00.000Z,64.3,76,73,73,79.8
סורוקה,64.3,2022-04-27T00:00:00.000Z,64.3,76,73,73,79.8
סורוקה,64.3,2022-04-27T00:00:00.000Z,64.3,76,73,73,79.8
סורוקה,64.3,2022-04-27T00:00:00.000Z,64.3,76,73,73,79.8
סורוקה,64.3,2022-04-27T00:00:00.000Z,64.3,76,73,73,79.8
סורוקה,64.3,2022-04-27T00:00:00.000Z,64.3,76,73,73,79.8
סורוקה,64.3,2022-04-27T00:00:00.000Z,64.3,76,73,73,79.8
סורוקה,64.3,2022-04-27T00:00:00.000Z,64.3,76,73,73,79.8
סורוקה,64.3,2022-04-27T00:00:00.000Z,64.3,76,73,73,79.8
סורוקה,64.3,2022-04-27T00:00:00.000Z,64.3,76,73,73,79.8
מאיר,64,2022-04-27T00:00:00.000Z,64,71,75.6,75.6,80.8
מאיר,64,2022-04-27T00:00:00.000Z,64,71,75.6,75.6,80.8
מאיר,64,2022-04-27T00:00:00.000Z,64,71,75.6,75.6,80.8
מאיר,64,2022-04-27T00:00:00.000Z,64,71,75.6,75.6,80.8
מאיר,64,2022-04-27T00:00:00.000Z,64,71,75.6,75.6,80.8
מאיר,64,2022-04-27T00:00:00.000Z,64,71,75.6,75.6,80.8
מאיר,64,2022-04-27T00:00:00.000Z,64,71,75.6,75.6,80.8
מאיר,64,2022-04-27T00:00:00.000Z,64,71,75.6,75.6,80.8
מאיר,64,2022-04-27T00:00:00.000Z,64,71,75.6,75.6,80.8
מאיר,64,2022-04-27T00:00:00.000Z,64,71,75.6,75.6,80.8
מאיר,64,2022-04-27T00:00:00.000Z,64,71,75.6,75.6,80.8
מאיר,64,2022-04-27T00:00:00.000Z,64,71,75.6,75.6,80.8
מאיר,64,2022-04-27T00:00:00.000Z,64,71,75.6,75.6,80.8
מאיר,64,2022-04-27T00:00:00.000Z,64,71,75.6,75.6,80.8
מאיר,64,2022-04-27T00:00:00.000Z,64,71,75.6,75.6,80.8
מאיר,64,2022-04-27T00:00:00.000Z,64,71,75.6,75.6,80.8
מאיר,64,2022-04-27T00:00:00.000Z,64,71,75.6,75.6,80.8
מאיר,64,2022-04-27T00:00:00.000Z,64,71,75.6,75.6,80.8
מאיר,64,2022-04-27T00:00:00.000Z,64,71,75.6,75.6,80.8
מאיר,64,2022-04-27T00:00:00.000Z,64,71,75.6,75.6,80.8
מאיר,64,2022-04-27T00:00:00.000Z,64,71,75.6,75.6,80.8
מאיר,64,2022-04-27T00:00:00.000Z,64,71,75.6,75.6,80.8
מאיר,64,2022-04-27T00:00:00.000Z,64,71,75.6,75.6,80.8
מאיר,64,2022-04-27T00:00:00.000Z,64,71,75.6,75.6,80.8
מאיר,64,2022-04-27T00:00:00.000Z,64,71,75.6,75.6,80.8
מאיר,64,2022-04-27T00:00:00.000Z,64,71,75.6,75.6,80.8
מאיר,64,2022-04-27T00:00:00.000Z,64,71,75.6,75.6,80.8
מאיר,64,2022-04-27T00:00:00.000Z,64,71,75.6,75.6,80.8
מאיר,64,2022-04-27T00:00:00.000Z,64,71,75.6,75.6,80.8
מאיר,64,2022-04-27T00:00:00.000Z,64,71,75.6,75.6,80.8
מאיר,64,2022-04-27T00:00:00.000Z,64,71,75.6,75.6,80.8
מאיר,64,2022-04-27T00:00:00.000Z,64,71,75.6,75.6,80.8
מאיר,64,2022-04-27T00:00:00.000Z,64,71,75.6,75.6,80.8
מאיר,64,2022-04-27T00:00:00.000Z,64,71,75.6,75.6,80.8
מאיר,64,2022-04-27T00:00:00.000Z,64,71,75.6,75.6,80.8
מאיר,64,2022-04-27T00:00:00.000Z,64,71,75.6,75.6,80.8
מאיר,64,2022-04-27T00:00:00.000Z,64,71,75.6,75.6,80.8
מאיר,64,2022-04-27T00:00:00.000Z,64,71,75.6,75.6,80.8
מאיר,64,2022-04-27T00:00:00.000Z,64,71,75.6,75.6,80.8
מאיר,64,2022-04-27T00:00:00.000Z,64,71,75.6,75.6,80.8
מאיר,64,2022-04-27T00:00:00.000Z,64,71,75.6,75.6,80.8
מאיר,64,2022-04-27T00:00:00.000Z,64,71,75.6,75.6,80.8
מאיר,64,2022-04-27T00:00:00.000Z,64,71,75.6,75.6,80.8
מאיר,64,2022-04-27T00:00:00.000Z,64,71,75.6,75.6,80.8
מאיר,64,2022-04-27T00:00:00.000Z,64,71,75.6,75.6,80.8
מאיר,64,2022-04-27T00:00:00.000Z,64,71,75.6,75.6,80.8
מאיר,64,2022-04-27T00:00:00.000Z,64,71,75.6,75.6,80.8
מאיר,64,2022-04-27T00:00:00.000Z,64,71,75.6,75.6,80.8
מאיר,64,2022-04-27T00:00:00.000Z,64,71,75.6,75.6,80.8
מאיר,64,2022-04-27T00:00:00.000Z,64,71,75.6,75.6,80.8
מאיר,64,2022-04-27T00:00:00.000Z,64,71,75.6,75.6,80.8
מאיר,64,2022-04-27T00:00:00.000Z,64,71,75.6,75.6,80.8
מאיר,64,2022-04-27T00:00:00.000Z,64,71,75.6,75.6,80.8
מאיר,64,2022-04-27T00:00:00.000Z,64,71,75.6,75.6,80.8
מאיר,64,2022-04-27T00:00:00.000Z,64,71,75.6,75.6,80.8
מאיר,64,2022-04-27T00:00:00.000Z,64,71,75.6,75.6,80.8
מאיר,64,2022-04-27T00:00:00.000Z,64,71,75.6,75.6,80.8
מאיר,64,2022-04-27T00:00:00.000Z,64,71,75.6,75.6,80.8
מאיר,64,2022-04-27T00:00:00.000Z,64,71,75.6,75.6,80.8
מאיר,64,2022-04-27T00:00:00.000Z,64,71,75.6,75.6,80.8
מאיר,64,2022-04-27T00:00:00.000Z,64,71,75.6,75.6,80.8
מאיר,64,2022-04-27T00:00:00.000Z,64,71,75.6,75.6,80.8
מאיר,64,2022-04-27T00:00:00.000Z,64,71,75.6,75.6,80.8
מאיר,64,2022-04-27T00:00:00.000Z,64,71,75.6,75.6,80.8
מאיר,64,2022-04-27T00:00:00.000Z,64,71,75.6,75.6,80.8
מאיר,64,2022-04-27T00:00:00.000Z,64,71,75.6,75.6,80.8
מאיר,64,2022-04-27T00:00:00.000Z,64,71,75.6,75.6,80.8
מאיר,64,2022-04-27T00:00:00.000Z,64,71,75.6,75.6,80.8
מאיר,64,2022-04-27T00:00:00.000Z,64,71,75.6,75.6,80.8
מאיר,64,2022-04-27T00:00:00.000Z,64,71,75.6,75.6,80.8
מאיר,64,2022-04-27T00:00:00.000Z,64,71,75.6,75.6,80.8
מאיר,64,2022-04-27T00:00:00.000Z,64,71,75.6,75.6,80.8
מאיר,64,2022-04-27T00:00:00.000Z,64,71,75.6,75.6,80.8
מאיר,64,2022-04-27T00:00:00.000Z,64,71,75.6,75.6,80.8
מאיר,64,2022-04-27T00:00:00.000Z,64,71,75.6,75.6,80.8
מאיר,64,2022-04-27T00:00:00.000Z,64,71,75.6,75.6,80.8
מאיר,64,2022-04-27T00:00:00.000Z,64,71,75.6,75.6,80.8
מאיר,64,2022-04-27T00:00:00.000Z,64,71,75.6,75.6,80.8
מאיר,64,2022-04-27T00:00:00.000Z,64,71,75.6,75.6,80.8
מאיר,64,2022-04-27T00:00:00.000Z,64,71,75.6,75.6,80.8
מאיר,64,2022-04-27T00:00:00.000Z,64,71,75.6,75.6,80.8
מאיר,64,2022-04-27T00:00:00.000Z,64,71,75.6,75.6,80.8
מאיר,64,2022-04-27T00:00:00.000Z,64,71,75.6,75.6,80.8
מאיר,64,2022-04-27T00:00:00.000Z,64,71,75.6,75.6,80.8
מאיר,64,2022-04-27T00:00:00.000Z,64,71,75.6,75.6,80.8
מאיר,64,2022-04-27T00:00:00.000Z,64,71,75.6,75.6,80.8
מאיר,64,2022-04-27T00:00:00.000Z,64,71,75.6,75.6,80.8
מאיר,64,2022-04-27T00:00:00.000Z,64,71,75.6,75.6,80.8
מאיר,64,2022-04-27T00:00:00.000Z,64,71,75.6,75.6,80.8
מאיר,64,2022-04-27T00:00:00.000Z,64,71,75.6,75.6,80.8
מאיר,64,2022-04-27T00:00:00.000Z,64,71,75.6,75.6,80.8
מאיר,64,2022-04-27T00:00:00.000Z,64,71,75.6,75.6,80.8
מאיר,64,2022-04-27T00:00:00.000Z,64,71,75.6,75.6,80.8
מאיר,64,2022-04-27T00:00:00.000Z,64,71,75.6,75.6,80.8
מאיר,64,2022-04-27T00:00:00.000Z,64,71,75.6,75.6,80.8
מאיר,64,2022-04-27T00:00:00.000Z,64,71,75.6,75.6,80.8
מאיר,64,2022-04-27T00:00:00.000Z,64,71,75.6,75.6,80.8
מאיר,64,2022-04-27T00:00:00.000Z,64,71,75.6,75.6,80.8
מאיר,64,2022-04-27T00:00:00.000Z,64,71,75.6,75.6,80.8
מאיר,64,2022-04-27T00:00:00.000Z,64,71,75.6,75.6,80.8
מאיר,64,2022-04-27T00:00:00.000Z,64,71,75.6,75.6,80.8
מאיר,64,2022-04-27T00:00:00.000Z,64,71,75.6,75.6,80.8
מאיר,64,2022-04-27T00:00:00.000Z,64,71,75.6,75.6,80.8
מאיר,64,2022-04-27T00:00:00.000Z,64,71,75.6,75.6,80.8
מאיר,64,2022-04-27T00:00:00.000Z,64,71,75.6,75.6,80.8
מאיר,64,2022-04-27T00:00:00.000Z,64,71,75.6,75.6,80.8
מאיר,64,2022-04-27T00:00:00.000Z,64,71,75.6,75.6,80.8
מאיר,64,2022-04-27T00:00:00.000Z,64,71,75.6,75.6,80.8
מאיר,64,2022-04-27T00:00:00.000Z,64,71,75.6,75.6,80.8
מאיר,64,2022-04-27T00:00:00.000Z,64,71,75.6,75.6,80.8
מאיר,64,2022-04-27T00:00:00.000Z,64,71,75.6,75.6,80.8
מאיר,64,2022-04-27T00:00:00.000Z,64,71,75.6,75.6,80.8
מאיר,64,2022-04-27T00:00:00.000Z,64,71,75.6,75.6,80.8
מאיר,64,2022-04-27T00:00:00.000Z,64,71,75.6,75.6,80.8
מאיר,64,2022-04-27T00:00:00.000Z,64,71,75.6,75.6,80.8
מאיר,64,2022-04-27T00:00:00.000Z,64,71,75.6,75.6,80.8
מאיר,64,2022-04-27T00:00:00.000Z,64,71,75.6,75.6,80.8
מאיר,64,2022-04-27T00:00:00.000Z,64,71,75.6,75.6,80.8
מאיר,64,2022-04-27T00:00:00.000Z,64,71,75.6,75.6,80.8
מאיר,64,2022-04-27T00:00:00.000Z,64,71,75.6,75.6,80.8
מאיר,64,2022-04-27T00:00:00.000Z,64,71,75.6,75.6,80.8
מאיר,64,2022-04-27T00:00:00.000Z,64,71,75.6,75.6,80.8
מאיר,64,2022-04-27T00:00:00.000Z,64,71,75.6,75.6,80.8
מאיר,64,2022-04-27T00:00:00.000Z,64,71,75.6,75.6,80.8
מאיר,64,2022-04-27T00:00:00.000Z,64,71,75.6,75.6,80.8
מאיר,64,2022-04-27T00:00:00.000Z,64,71,75.6,75.6,80.8
מאיר,64,2022-04-27T00:00:00.000Z,64,71,75.6,75.6,80.8
מאיר,64,2022-04-27T00:00:00.000Z,64,71,75.6,75.6,80.8
מאיר,64,2022-04-27T00:00:00.000Z,64,71,75.6,75.6,80.8
מאיר,64,2022-04-27T00:00:00.000Z,64,71,75.6,75.6,80.8
מאיר,64,2022-04-27T00:00:00.000Z,64,71,75.6,75.6,80.8
מאיר,64,2022-04-27T00:00:00.000Z,64,71,75.6,75.6,80.8
מאיר,64,2022-04-27T00:00:00.000Z,64,71,75.6,75.6,80.8
מאיר,64,2022-04-27T00:00:00.000Z,64,71,75.6,75.6,80.8
מאיר,64,2022-04-27T00:00:00.000Z,64,71,75.6,75.6,80.8
מאיר,64,2022-04-27T00:00:00.000Z,64,71,75.6,75.6,80.8
מאיר,64,2022-04-27T00:00:00.000Z,64,71,75.6,75.6,80.8
מאיר,64,2022-04-27T00:00:00.000Z,64,71,75.6,75.6,80.8
מאיר,64,2022-04-27T00:00:00.000Z,64,71,75.6,75.6,80.8
מאיר,64,2022-04-27T00:00:00.000Z,64,71,75.6,75.6,80.8
מאיר,64,2022-04-27T00:00:00.000Z,64,71,75.6,75.6,80.8
מאיר,64,2022-04-27T00:00:00.000Z,64,71,75.6,75.6,80.8
מאיר,64,2022-04-27T00:00:00.000Z,64,71,75.6,75.6,80.8
מאיר,64,2022-04-27T00:00:00.000Z,64,71,75.6,75.6,80.8
מאיר,64,2022-04-27T00:00:00.000Z,64,71,75.6,75.6,80.8
מאיר,64,2022-04-27T00:00:00.000Z,64,71,75.6,75.6,80.8
מאיר,64,2022-04-27T00:00:00.000Z,64,71,75.6,75.6,80.8
מאיר,64,2022-04-27T00:00:00.000Z,64,71,75.6,75.6,80.8
מאיר,64,2022-04-27T00:00:00.000Z,64,71,75.6,75.6,80.8
מאיר,64,2022-04-27T00:00:00.000Z,64,71,75.6,75.6,80.8
מאיר,64,2022-04-27T00:00:00.000Z,64,71,75.6,75.6,80.8
מאיר,64,2022-04-27T00:00:00.000Z,64,71,75.6,75.6,80.8
מאיר,64,2022-04-27T00:00:00.000Z,64,71,75.6,75.6,80.8
מאיר,64,2022-04-27T00:00:00.000Z,64,71,75.6,75.6,80.8
מאיר,64,2022-04-27T00:00:00.000Z,64,71,75.6,75.6,80.8
מאיר,64,2022-04-27T00:00:00.000Z,64,71,75.6,75.6,80.8
מאיר,64,2022-04-27T00:00:00.000Z,64,71,75.6,75.6,80.8
מאיר,64,2022-04-27T00:00:00.000Z,64,71,75.6,75.6,80.8
מאיר,64,2022-04-27T00:00:00.000Z,64,71,75.6,75.6,80.8
מאיר,64,2022-04-27T00:00:00.000Z,64,71,75.6,75.6,80.8
מאיר,64,2022-04-27T00:00:00.000Z,64,71,75.6,75.6,80.8
מאיר,64,2022-04-27T00:00:00.000Z,64,71,75.6,75.6,80.8
מאיר,64,2022-04-27T00:00:00.000Z,64,71,75.6,75.6,80.8
מאיר,64,2022-04-27T00:00:00.000Z,64,71,75.6,75.6,80.8
מאיר,64,2022-04-27T00:00:00.000Z,64,71,75.6,75.6,80.8
מאיר,64,2022-04-27T00:00:00.000Z,64,71,75.6,75.6,80.8
מאיר,64,2022-04-27T00:00:00.000Z,64,71,75.6,75.6,80.8
מאיר,64,2022-04-27T00:00:00.000Z,64,71,75.6,75.6,80.8
מאיר,64,2022-04-27T00:00:00.000Z,64,71,75.6,75.6,80.8
מאיר,64,2022-04-27T00:00:00.000Z,64,71,75.6,75.6,80.8
מאיר,64,2022-04-27T00:00:00.000Z,64,71,75.6,75.6,80.8
מאיר,64,2022-04-27T00:00:00.000Z,64,71,75.6,75.6,80.8
מאיר,64,2022-04-27T00:00:00.000Z,64,71,75.6,75.6,80.8
מאיר,64,2022-04-27T00:00:00.000Z,64,71,75.6,75.6,80.8
מאיר,64,2022-04-27T00:00:00.000Z,64,71,75.6,75.6,80.8
מאיר,64,2022-04-27T00:00:00.000Z,64,71,75.6,75.6,80.8
מאיר,64,2022-04-27T00:00:00.000Z,64,71,75.6,75.6,80.8
מאיר,64,2022-04-27T00:00:00.000Z,64,71,75.6,75.6,80.8
מאיר,64,2022-04-27T00:00:00.000Z,64,71,75.6,75.6,80.8
מאיר,64,2022-04-27T00:00:00.000Z,64,71,75.6,75.6,80.8
מאיר,64,2022-04-27T00:00:00.000Z,64,71,75.6,75.6,80.8
מאיר,64,2022-04-27T00:00:00.000Z,64,71,75.6,75.6,80.8
מאיר,64,2022-04-27T00:00:00.000Z,64,71,75.6,75.6,80.8
מאיר,64,2022-04-27T00:00:00.000Z,64,71,75.6,75.6,80.8
מאיר,64,2022-04-27T00:00:00.000Z,64,71,75.6,75.6,80.8
מאיר,64,2022-04-27T00:00:00.000Z,64,71,75.6,75.6,80.8
מאיר,64,2022-04-27T00:00:00.000Z,64,71,75.6,75.6,80.8
מאיר,64,2022-04-27T00:00:00.000Z,64,71,75.6,75.6,80.8
מאיר,64,2022-04-27T00:00:00.000Z,64,71,75.6,75.6,80.8
מאיר,64,2022-04-27T00:00:00.000Z,64,71,75.6,75.6,80.8
מאיר,64,2022-04-27T00:00:00.000Z,64,71,75.6,75.6,80.8
מאיר,64,2022-04-27T00:00:00.000Z,64,71,75.6,75.6,80.8
מאיר,64,2022-04-27T00:00:00.000Z,64,71,75.6,75.6,80.8
מאיר,64,2022-04-27T00:00:00.000Z,64,71,75.6,75.6,80.8
מאיר,64,2022-04-27T00:00:00.000Z,64,71,75.6,75.6,80.8
מאיר,64,2022-04-27T00:00:00.000Z,64,71,75.6,75.6,80.8
מאיר,64,2022-04-27T00:00:00.000Z,64,71,75.6,75.6,80.8
מאיר,64,2022-04-27T00:00:00.000Z,64,71,75.6,75.6,80.8
מאיר,64,2022-04-27T00:00:00.000Z,64,71,75.6,75.6,80.8
מאיר,64,2022-04-27T00:00:00.000Z,64,71,75.6,75.6,80.8
מאיר,64,2022-04-27T00:00:00.000Z,64,71,75.6,75.6,80.8
מאיר,64,2022-04-27T00:00:00.000Z,64,71,75.6,75.6,80.8
מאיר,64,2022-04-27T00:00:00.000Z,64,71,75.6,75.6,80.8
מאיר,64,2022-04-27T00:00:00.000Z,64,71,75.6,75.6,80.8
מאיר,64,2022-04-27T00:00:00.000Z,64,71,75.6,75.6,80.8
מאיר,64,2022-04-27T00:00:00.000Z,64,71,75.6,75.6,80.8
מאיר,64,2022-04-27T00:00:00.000Z,64,71,75.6,75.6,80.8
מאיר,64,2022-04-27T00:00:00.000Z,64,71,75.6,75.6,80.8
מאיר,64,2022-04-27T00:00:00.000Z,64,71,75.6,75.6,80.8
מאיר,64,2022-04-27T00:00:00.000Z,64,71,75.6,75.6,80.8
מאיר,64,2022-04-27T00:00:00.000Z,64,71,75.6,75.6,80.8
מאיר,64,2022-04-27T00:00:00.000Z,64,71,75.6,75.6,80.8
מאיר,64,2022-04-27T00:00:00.000Z,64,71,75.6,75.6,80.8
מאיר,64,2022-04-27T00:00:00.000Z,64,71,75.6,75.6,80.8
מאיר,64,2022-04-27T00:00:00.000Z,64,71,75.6,75.6,80.8
מאיר,64,2022-04-27T00:00:00.000Z,64,71,75.6,75.6,80.8
מאיר,64,2022-04-27T00:00:00.000Z,64,71,75.6,75.6,80.8
מאיר,64,2022-04-27T00:00:00.000Z,64,71,75.6,75.6,80.8
מאיר,64,2022-04-27T00:00:00.000Z,64,71,75.6,75.6,80.8
מאיר,64,2022-04-27T00:00:00.000Z,64,71,75.6,75.6,80.8
מאיר,64,2022-04-27T00:00:00.000Z,64,71,75.6,75.6,80.8
מאיר,64,2022-04-27T00:00:00.000Z,64,71,75.6,75.6,80.8
מאיר,64,2022-04-27T00:00:00.000Z,64,71,75.6,75.6,80.8
מאיר,64,2022-04-27T00:00:00.000Z,64,71,75.6,75.6,80.8
מאיר,64,2022-04-27T00:00:00.000Z,64,71,75.6,75.6,80.8
מאיר,64,2022-04-27T00:00:00.000Z,64,71,75.6,75.6,80.8
מאיר,64,2022-04-27T00:00:00.000Z,64,71,75.6,75.6,80.8
מאיר,64,2022-04-27T00:00:00.000Z,64,71,75.6,75.6,80.8
מאיר,64,2022-04-27T00:00:00.000Z,64,71,75.6,75.6,80.8
מאיר,64,2022-04-27T00:00:00.000Z,64,71,75.6,75.6,80.8
מאיר,64,2022-04-27T00:00:00.000Z,64,71,75.6,75.6,80.8
מאיר,64,2022-04-27T00:00:00.000Z,64,71,75.6,75.6,80.8
מאיר,64,2022-04-27T00:00:00.000Z,64,71,75.6,75.6,80.8
מאיר,64,2022-04-27T00:00:00.000Z,64,71,75.6,75.6,80.8
מאיר,64,2022-04-27T00:00:00.000Z,64,71,75.6,75.6,80.8
מאיר,64,2022-04-27T00:00:00.000Z,64,71,75.6,75.6,80.8
מאיר,64,2022-04-27T00:00:00.000Z,64,71,75.6,75.6,80.8
מאיר,64,2022-04-27T00:00:00.000Z,64,71,75.6,75.6,80.8
מאיר,64,2022-04-27T00:00:00.000Z,64,71,75.6,75.6,80.8
מאיר,64,2022-04-27T00:00:00.000Z,64,71,75.6,75.6,80.8
מאיר,64,2022-04-27T00:00:00.000Z,64,71,75.6,75.6,80.8
מאיר,64,2022-04-27T00:00:00.000Z,64,71,75.6,75.6,80.8
מאיר,64,2022-04-27T00:00:00.000Z,64,71,75.6,75.6,80.8
מאיר,64,2022-04-27T00:00:00.000Z,64,71,75.6,75.6,80.8
מאיר,64,2022-04-27T00:00:00.000Z,64,71,75.6,75.6,80.8
מאיר,64,2022-04-27T00:00:00.000Z,64,71,75.6,75.6,80.8
מאיר,64,2022-04-27T00:00:00.000Z,64,71,75.6,75.6,80.8
מאיר,64,2022-04-27T00:00:00.000Z,64,71,75.6,75.6,80.8
מאיר,64,2022-04-27T00:00:00.000Z,64,71,75.6,75.6,80.8
מאיר,64,2022-04-27T00:00:00.000Z,64,71,75.6,75.6,80.8
בני ציון,93.4,2022-04-27T00:00:00.000Z,93.4,95,95.6,95.6,85.5
בני ציון,93.4,2022-04-27T00:00:00.000Z,93.4,95,95.6,95.6,85.5
בני ציון,93.4,2022-04-27T00:00:00.000Z,93.4,95,95.6,95.6,85.5
בני ציון,93.4,2022-04-27T00:00:00.000Z,93.4,95,95.6,95.6,85.5
בני ציון,93.4,2022-04-27T00:00:00.000Z,93.4,95,95.6,95.6,85.5
בני ציון,93.4,2022-04-27T00:00:00.000Z,93.4,95,95.6,95.6,85.5
בני ציון,93.4,2022-04-27T00:00:00.000Z,93.4,95,95.6,95.6,85.5
בני ציון,93.4,2022-04-27T00:00:00.000Z,93.4,95,95.6,95.6,85.5
בני ציון,93.4,2022-04-27T00:00:00.000Z,93.4,95,95.6,95.6,85.5
בני ציון,93.4,2022-04-27T00:00:00.000Z,93.4,95,95.6,95.6,85.5
בני ציון,93.4,2022-04-27T00:00:00.000Z,93.4,95,95.6,95.6,85.5
בני ציון,93.4,2022-04-27T00:00:00.000Z,93.4,95,95.6,95.6,85.5
בני ציון,93.4,2022-04-27T00:00:00.000Z,93.4,95,95.6,95.6,85.5
בני ציון,93.4,2022-04-27T00:00:00.000Z,93.4,95,95.6,95.6,85.5
בני ציון,93.4,2022-04-27T00:00:00.000Z,93.4,95,95.6,95.6,85.5
בני ציון,93.4,2022-04-27T00:00:00.000Z,93.4,95,95.6,95.6,85.5
בני ציון,93.4,2022-04-27T00:00:00.000Z,93.4,95,95.6,95.6,85.5
בני ציון,93.4,2022-04-27T00:00:00.000Z,93.4,95,95.6,95.6,85.5
בני ציון,93.4,2022-04-27T00:00:00.000Z,93.4,95,95.6,95.6,85.5
בני ציון,93.4,2022-04-27T00:00:00.000Z,93.4,95,95.6,95.6,85.5
בני ציון,93.4,2022-04-27T00:00:00.000Z,93.4,95,95.6,95.6,85.5
בני ציון,93.4,2022-04-27T00:00:00.000Z,93.4,95,95.6,95.6,85.5
בני ציון,93.4,2022-04-27T00:00:00.000Z,93.4,95,95.6,95.6,85.5
בני ציון,93.4,2022-04-27T00:00:00.000Z,93.4,95,95.6,95.6,85.5
בני ציון,93.4,2022-04-27T00:00:00.000Z,93.4,95,95.6,95.6,85.5
בני ציון,93.4,2022-04-27T00:00:00.000Z,93.4,95,95.6,95.6,85.5
בני ציון,93.4,2022-04-27T00:00:00.000Z,93.4,95,95.6,95.6,85.5
בני ציון,93.4,2022-04-27T00:00:00.000Z,93.4,95,95.6,95.6,85.5
בני ציון,93.4,2022-04-27T00:00:00.000Z,93.4,95,95.6,95.6,85.5
בני ציון,93.4,2022-04-27T00:00:00.000Z,93.4,95,95.6,95.6,85.5
בני ציון,93.4,2022-04-27T00:00:00.000Z,93.4,95,95.6,95.6,85.5
בני ציון,93.4,2022-04-27T00:00:00.000Z,93.4,95,95.6,95.6,85.5
מאיר,64,2022-04-27T00:00:00.000Z,64,71,75.6,75.6,80.8
מאיר,64,2022-04-27T00:00:00.000Z,64,71,75.6,75.6,80.8
מאיר,64,2022-04-27T00:00:00.000Z,64,71,75.6,75.6,80.8
מאיר,64,2022-04-27T00:00:00.000Z,64,71,75.6,75.6,80.8
מאיר,64,2022-04-27T00:00:00.000Z,64,71,75.6,75.6,80.8
מאיר,64,2022-04-27T00:00:00.000Z,64,71,75.6,75.6,80.8
מאיר,64,2022-04-27T00:00:00.000Z,64,71,75.6,75.6,80.8
מאיר,64,2022-04-27T00:00:00.000Z,64,71,75.6,75.6,80.8
מאיר,64,2022-04-27T00:00:00.000Z,64,71,75.6,75.6,80.8
מאיר,64,2022-04-27T00:00:00.000Z,64,71,75.6,75.6,80.8
מאיר,64,2022-04-27T00:00:00.000Z,64,71,75.6,75.6,80.8
מאיר,64,2022-04-27T00:00:00.000Z,64,71,75.6,75.6,80.8
מאיר,64,2022-04-27T00:00:00.000Z,64,71,75.6,75.6,80.8
מאיר,64,2022-04-27T00:00:00.000Z,64,71,75.6,75.6,80.8
מאיר,64,2022-04-27T00:00:00.000Z,64,71,75.6,75.6,80.8
מאיר,64,2022-04-27T00:00:00.000Z,64,71,75.6,75.6,80.8
מאיר,64,2022-04-27T00:00:00.000Z,64,71,75.6,75.6,80.8
מאיר,64,2022-04-27T00:00:00.000Z,64,71,75.6,75.6,80.8
מאיר,64,2022-04-27T00:00:00.000Z,64,71,75.6,75.6,80.8
מאיר,64,2022-04-27T00:00:00.000Z,64,71,75.6,75.6,80.8
מאיר,64,2022-04-27T00:00:00.000Z,64,71,75.6,75.6,80.8
מאיר,64,2022-04-27T00:00:00.000Z,64,71,75.6,75.6,80.8
מאיר,64,2022-04-27T00:00:00.000Z,64,71,75.6,75.6,80.8
מאיר,64,2022-04-27T00:00:00.000Z,64,71,75.6,75.6,80.8
מאיר,64,2022-04-27T00:00:00.000Z,64,71,75.6,75.6,80.8
מאיר,64,2022-04-27T00:00:00.000Z,64,71,75.6,75.6,80.8
מאיר,64,2022-04-27T00:00:00.000Z,64,71,75.6,75.6,80.8
מאיר,64,2022-04-27T00:00:00.000Z,64,71,75.6,75.6,80.8
מאיר,64,2022-04-27T00:00:00.000Z,64,71,75.6,75.6,80.8
מאיר,64,2022-04-27T00:00:00.000Z,64,71,75.6,75.6,80.8
מאיר,64,2022-04-27T00:00:00.000Z,64,71,75.6,75.6,80.8
מאיר,64,2022-04-27T00:00:00.000Z,64,71,75.6,75.6,80.8
פוריה,79.5,2022-04-27T00:00:00.000Z,79.5,66.7,84.5,84.5,74.6
פוריה,79.5,2022-04-27T00:00:00.000Z,79.5,66.7,84.5,84.5,74.6
פוריה,79.5,2022-04-27T00:00:00.000Z,79.5,66.7,84.5,84.5,74.6
פוריה,79.5,2022-04-27T00:00:00.000Z,79.5,66.7,84.5,84.5,74.6
פוריה,79.5,2022-04-27T00:00:00.000Z,79.5,66.7,84.5,84.5,74.6
פוריה,79.5,2022-04-27T00:00:00.000Z,79.5,66.7,84.5,84.5,74.6
פוריה,79.5,2022-04-27T00:00:00.000Z,79.5,66.7,84.5,84.5,74.6
פוריה,79.5,2022-04-27T00:00:00.000Z,79.5,66.7,84.5,84.5,74.6
פוריה,79.5,2022-04-27T00:00:00.000Z,79.5,66.7,84.5,84.5,74.6
פוריה,79.5,2022-04-27T00:00:00.000Z,79.5,66.7,84.5,84.5,74.6
פוריה,79.5,2022-04-27T00:00:00.000Z,79.5,66.7,84.5,84.5,74.6
פוריה,79.5,2022-04-27T00:00:00.000Z,79.5,66.7,84.5,84.5,74.6
פוריה,79.5,2022-04-27T00:00:00.000Z,79.5,66.7,84.5,84.5,74.6
פוריה,79.5,2022-04-27T00:00:00.000Z,79.5,66.7,84.5,84.5,74.6
פוריה,79.5,2022-04-27T00:00:00.000Z,79.5,66.7,84.5,84.5,74.6
פוריה,79.5,2022-04-27T00:00:00.000Z,79.5,66.7,84.5,84.5,74.6
פוריה,79.5,2022-04-27T00:00:00.000Z,79.5,66.7,84.5,84.5,74.6
פוריה,79.5,2022-04-27T00:00:00.000Z,79.5,66.7,84.5,84.5,74.6
וולפסון,78.3,2022-04-27T00:00:00.000Z,78.3,99.6,77.6,77.6,81.6
וולפסון,78.3,2022-04-27T00:00:00.000Z,78.3,99.6,77.6,77.6,81.6
וולפסון,78.3,2022-04-27T00:00:00.000Z,78.3,99.6,77.6,77.6,81.6
וולפסון,78.3,2022-04-27T00:00:00.000Z,78.3,99.6,77.6,77.6,81.6
איכילוב,88.7,2022-04-27T00:00:00.000Z,88.7,89.3,123.3,123.3,118
איכילוב,88.7,2022-04-27T00:00:00.000Z,88.7,89.3,123.3,123.3,118
איכילוב,88.7,2022-04-27T00:00:00.000Z,88.7,89.3,123.3,123.3,118
איכילוב,88.7,2022-04-27T00:00:00.000Z,88.7,89.3,123.3,123.3,118
איכילוב,88.7,2022-04-27T00:00:00.000Z,88.7,89.3,123.3,123.3,118
איכילוב,88.7,2022-04-27T00:00:00.000Z,88.7,89.3,123.3,123.3,118
איכילוב,88.7,2022-04-27T00:00:00.000Z,88.7,89.3,123.3,123.3,118
איכילוב,88.7,2022-04-27T00:00:00.000Z,88.7,89.3,123.3,123.3,118
איכילוב,88.7,2022-04-27T00:00:00.000Z,88.7,89.3,123.3,123.3,118
איכילוב,88.7,2022-04-27T00:00:00.000Z,88.7,89.3,123.3,123.3,118
איכילוב,88.7,2022-04-27T00:00:00.000Z,88.7,89.3,123.3,123.3,118
איכילוב,88.7,2022-04-27T00:00:00.000Z,88.7,89.3,123.3,123.3,118
איכילוב,88.7,2022-04-27T00:00:00.000Z,88.7,89.3,123.3,123.3,118
איכילוב,88.7,2022-04-27T00:00:00.000Z,88.7,89.3,123.3,123.3,118
איכילוב,88.7,2022-04-27T00:00:00.000Z,88.7,89.3,123.3,123.3,118
איכילוב,88.7,2022-04-27T00:00:00.000Z,88.7,89.3,123.3,123.3,118
איכילוב,88.7,2022-04-27T00:00:00.000Z,88.7,89.3,123.3,123.3,118
איכילוב,88.7,2022-04-27T00:00:00.000Z,88.7,89.3,123.3,123.3,118
איכילוב,88.7,2022-04-27T00:00:00.000Z,88.7,89.3,123.3,123.3,118
איכילוב,88.7,2022-04-27T00:00:00.000Z,88.7,89.3,123.3,123.3,118
איכילוב,88.7,2022-04-27T00:00:00.000Z,88.7,89.3,123.3,123.3,118
איכילוב,88.7,2022-04-27T00:00:00.000Z,88.7,89.3,123.3,123.3,118
איכילוב,88.7,2022-04-27T00:00:00.000Z,88.7,89.3,123.3,123.3,118
איכילוב,88.7,2022-04-27T00:00:00.000Z,88.7,89.3,123.3,123.3,118
איכילוב,88.7,2022-04-27T00:00:00.000Z,88.7,89.3,123.3,123.3,118
איכילוב,88.7,2022-04-27T00:00:00.000Z,88.7,89.3,123.3,123.3,118
איכילוב,88.7,2022-04-27T00:00:00.000Z,88.7,89.3,123.3,123.3,118
איכילוב,88.7,2022-04-27T00:00:00.000Z,88.7,89.3,123.3,123.3,118
איכילוב,88.7,2022-04-27T00:00:00.000Z,88.7,89.3,123.3,123.3,118
איכילוב,88.7,2022-04-27T00:00:00.000Z,88.7,89.3,123.3,123.3,118
איכילוב,88.7,2022-04-27T00:00:00.000Z,88.7,89.3,123.3,123.3,118
איכילוב,88.7,2022-04-27T00:00:00.000Z,88.7,89.3,123.3,123.3,118
איכילוב,88.7,2022-04-27T00:00:00.000Z,88.7,89.3,123.3,123.3,118
איכילוב,88.7,2022-04-27T00:00:00.000Z,88.7,89.3,123.3,123.3,118
רבין ק. השרון,57.9,2022-04-27T00:00:00.000Z,57.9,62.3,70.5,70.5,71
רבין ק. השרון,57.9,2022-04-27T00:00:00.000Z,57.9,62.3,70.5,70.5,71
רבין ק. השרון,57.9,2022-04-27T00:00:00.000Z,57.9,62.3,70.5,70.5,71
רבין ק. השרון,57.9,2022-04-27T00:00:00.000Z,57.9,62.3,70.5,70.5,71
רבין ק. השרון,57.9,2022-04-27T00:00:00.000Z,57.9,62.3,70.5,70.5,71
רבין ק. השרון,57.9,2022-04-27T00:00:00.000Z,57.9,62.3,70.5,70.5,71
רבין ק. השרון,57.9,2022-04-27T00:00:00.000Z,57.9,62.3,70.5,70.5,71
רבין ק. השרון,57.9,2022-04-27T00:00:00.000Z,57.9,62.3,70.5,70.5,71
רבין ק. השרון,57.9,2022-04-27T00:00:00.000Z,57.9,62.3,70.5,70.5,71
רבין ק. השרון,57.9,2022-04-27T00:00:00.000Z,57.9,62.3,70.5,70.5,71
רבין ק. השרון,57.9,2022-04-27T00:00:00.000Z,57.9,62.3,70.5,70.5,71
רבין ק. השרון,57.9,2022-04-27T00:00:00.000Z,57.9,62.3,70.5,70.5,71
רבין ק. השרון,57.9,2022-04-27T00:00:00.000Z,57.9,62.3,70.5,70.5,71
רבין ק. השרון,57.9,2022-04-27T00:00:00.000Z,57.9,62.3,70.5,70.5,71
רבין ק. השרון,57.9,2022-04-27T00:00:00.000Z,57.9,62.3,70.5,70.5,71
רבין ק. השרון,57.9,2022-04-27T00:00:00.000Z,57.9,62.3,70.5,70.5,71
רבין ק. השרון,57.9,2022-04-27T00:00:00.000Z,57.9,62.3,70.5,70.5,71
רבין ק. השרון,57.9,2022-04-27T00:00:00.000Z,57.9,62.3,70.5,70.5,71
רבין ק. השרון,57.9,2022-04-27T00:00:00.000Z,57.9,62.3,70.5,70.5,71
רבין ק. השרון,57.9,2022-04-27T00:00:00.000Z,57.9,62.3,70.5,70.5,71
רבין ק. השרון,57.9,2022-04-27T00:00:00.000Z,57.9,62.3,70.5,70.5,71
רבין ק. השרון,57.9,2022-04-27T00:00:00.000Z,57.9,62.3,70.5,70.5,71
רבין ק. השרון,57.9,2022-04-27T00:00:00.000Z,57.9,62.3,70.5,70.5,71
רבין ק. השרון,57.9,2022-04-27T00:00:00.000Z,57.9,62.3,70.5,70.5,71
רבין ק. השרון,57.9,2022-04-27T00:00:00.000Z,57.9,62.3,70.5,70.5,71
רבין ק. השרון,57.9,2022-04-27T00:00:00.000Z,57.9,62.3,70.5,70.5,71
רבין ק. השרון,57.9,2022-04-27T00:00:00.000Z,57.9,62.3,70.5,70.5,71
רבין ק. השרון,57.9,2022-04-27T00:00:00.000Z,57.9,62.3,70.5,70.5,71
רבין ק. השרון,57.9,2022-04-27T00:00:00.000Z,57.9,62.3,70.5,70.5,71
רבין ק. השרון,57.9,2022-04-27T00:00:00.000Z,57.9,62.3,70.5,70.5,71
רבין ק. השרון,57.9,2022-04-27T00:00:00.000Z,57.9,62.3,70.5,70.5,71
רבין ק. השרון,57.9,2022-04-27T00:00:00.000Z,57.9,62.3,70.5,70.5,71
רבין ק. השרון,57.9,2022-04-27T00:00:00.000Z,57.9,62.3,70.5,70.5,71
רבין ק. השרון,57.9,2022-04-27T00:00:00.000Z,57.9,62.3,70.5,70.5,71
רבין ק. השרון,57.9,2022-04-27T00:00:00.000Z,57.9,62.3,70.5,70.5,71
רבין ק. השרון,57.9,2022-04-27T00:00:00.000Z,57.9,62.3,70.5,70.5,71
רבין ק. השרון,57.9,2022-04-27T00:00:00.000Z,57.9,62.3,70.5,70.5,71
רבין ק. השרון,57.9,2022-04-27T00:00:00.000Z,57.9,62.3,70.5,70.5,71
רבין ק. השרון,57.9,2022-04-27T00:00:00.000Z,57.9,62.3,70.5,70.5,71
רבין ק. השרון,57.9,2022-04-27T00:00:00.000Z,57.9,62.3,70.5,70.5,71
רבין ק. השרון,57.9,2022-04-27T00:00:00.000Z,57.9,62.3,70.5,70.5,71
רבין ק. השרון,57.9,2022-04-27T00:00:00.000Z,57.9,62.3,70.5,70.5,71
רבין ק. השרון,57.9,2022-04-27T00:00:00.000Z,57.9,62.3,70.5,70.5,71
רבין ק. השרון,57.9,2022-04-27T00:00:00.000Z,57.9,62.3,70.5,70.5,71
רבין ק. השרון,57.9,2022-04-27T00:00:00.000Z,57.9,62.3,70.5,70.5,71
רבין ק. השרון,57.9,2022-04-27T00:00:00.000Z,57.9,62.3,70.5,70.5,71
רבין ק. השרון,57.9,2022-04-27T00:00:00.000Z,57.9,62.3,70.5,70.5,71
רבין ק. השרון,57.9,2022-04-27T00:00:00.000Z,57.9,62.3,70.5,70.5,71
איכילוב,88.7,2022-04-27T00:00:00.000Z,88.7,89.3,123.3,123.3,118
איכילוב,88.7,2022-04-27T00:00:00.000Z,88.7,89.3,123.3,123.3,118
איכילוב,88.7,2022-04-27T00:00:00.000Z,88.7,89.3,123.3,123.3,118
איכילוב,88.7,2022-04-27T00:00:00.000Z,88.7,89.3,123.3,123.3,118
איכילוב,88.7,2022-04-27T00:00:00.000Z,88.7,89.3,123.3,123.3,118
איכילוב,88.7,2022-04-27T00:00:00.000Z,88.7,89.3,123.3,123.3,118
איכילוב,88.7,2022-04-27T00:00:00.000Z,88.7,89.3,123.3,123.3,118
איכילוב,88.7,2022-04-27T00:00:00.000Z,88.7,89.3,123.3,123.3,118
איכילוב,88.7,2022-04-27T00:00:00.000Z,88.7,89.3,123.3,123.3,118
איכילוב,88.7,2022-04-27T00:00:00.000Z,88.7,89.3,123.3,123.3,118
איכילוב,88.7,2022-04-27T00:00:00.000Z,88.7,89.3,123.3,123.3,118
איכילוב,88.7,2022-04-27T00:00:00.000Z,88.7,89.3,123.3,123.3,118
איכילוב,88.7,2022-04-27T00:00:00.000Z,88.7,89.3,123.3,123.3,118
איכילוב,88.7,2022-04-27T00:00:00.000Z,88.7,89.3,123.3,123.3,118
איכילוב,88.7,2022-04-27T00:00:00.000Z,88.7,89.3,123.3,123.3,118
איכילוב,88.7,2022-04-27T00:00:00.000Z,88.7,89.3,123.3,123.3,118
איכילוב,88.7,2022-04-27T00:00:00.000Z,88.7,89.3,123.3,123.3,118
איכילוב,88.7,2022-04-27T00:00:00.000Z,88.7,89.3,123.3,123.3,118
איכילוב,88.7,2022-04-27T00:00:00.000Z,88.7,89.3,123.3,123.3,118
איכילוב,88.7,2022-04-27T00:00:00.000Z,88.7,89.3,123.3,123.3,118
איכילוב,88.7,2022-04-27T00:00:00.000Z,88.7,89.3,123.3,123.3,118
איכילוב,88.7,2022-04-27T00:00:00.000Z,88.7,89.3,123.3,123.3,118
איכילוב,88.7,2022-04-27T00:00:00.000Z,88.7,89.3,123.3,123.3,118
איכילוב,88.7,2022-04-27T00:00:00.000Z,88.7,89.3,123.3,123.3,118
איכילוב,88.7,2022-04-27T00:00:00.000Z,88.7,89.3,123.3,123.3,118
איכילוב,88.7,2022-04-27T00:00:00.000Z,88.7,89.3,123.3,123.3,118
איכילוב,88.7,2022-04-27T00:00:00.000Z,88.7,89.3,123.3,123.3,118
איכילוב,88.7,2022-04-27T00:00:00.000Z,88.7,89.3,123.3,123.3,118
איכילוב,88.7,2022-04-27T00:00:00.000Z,88.7,89.3,123.3,123.3,118
איכילוב,88.7,2022-04-27T00:00:00.000Z,88.7,89.3,123.3,123.3,118
איכילוב,88.7,2022-04-27T00:00:00.000Z,88.7,89.3,123.3,123.3,118
איכילוב,88.7,2022-04-27T00:00:00.000Z,88.7,89.3,123.3,123.3,118
איכילוב,88.7,2022-04-27T00:00:00.000Z,88.7,89.3,123.3,123.3,118
איכילוב,88.7,2022-04-27T00:00:00.000Z,88.7,89.3,123.3,123.3,118
איכילוב,88.7,2022-04-27T00:00:00.000Z,88.7,89.3,123.3,123.3,118
איכילוב,88.7,2022-04-27T00:00:00.000Z,88.7,89.3,123.3,123.3,118
איכילוב,88.7,2022-04-27T00:00:00.000Z,88.7,89.3,123.3,123.3,118
איכילוב,88.7,2022-04-27T00:00:00.000Z,88.7,89.3,123.3,123.3,118
איכילוב,88.7,2022-04-27T00:00:00.000Z,88.7,89.3,123.3,123.3,118
איכילוב,88.7,2022-04-27T00:00:00.000Z,88.7,89.3,123.3,123.3,118
איכילוב,88.7,2022-04-27T00:00:00.000Z,88.7,89.3,123.3,123.3,118
איכילוב,88.7,2022-04-27T00:00:00.000Z,88.7,89.3,123.3,123.3,118
איכילוב,88.7,2022-04-27T00:00:00.000Z,88.7,89.3,123.3,123.3,118
איכילוב,88.7,2022-04-27T00:00:00.000Z,88.7,89.3,123.3,123.3,118
איכילוב,88.7,2022-04-27T00:00:00.000Z,88.7,89.3,123.3,123.3,118
איכילוב,88.7,2022-04-27T00:00:00.000Z,88.7,89.3,123.3,123.3,118
איכילוב,88.7,2022-04-27T00:00:00.000Z,88.7,89.3,123.3,123.3,118
איכילוב,88.7,2022-04-27T00:00:00.000Z,88.7,89.3,123.3,123.3,118
איכילוב,88.7,2022-04-27T00:00:00.000Z,88.7,89.3,123.3,123.3,118
איכילוב,88.7,2022-04-27T00:00:00.000Z,88.7,89.3,123.3,123.3,118
הדסה עין כרם,113.6,2022-04-27T00:00:00.000Z,113.6,127.2,90.7,90.7,96.7
הדסה עין כרם,113.6,2022-04-27T00:00:00.000Z,113.6,127.2,90.7,90.7,96.7
הדסה עין כרם,113.6,2022-04-27T00:00:00.000Z,113.6,127.2,90.7,90.7,96.7
הדסה עין כרם,113.6,2022-04-27T00:00:00.000Z,113.6,127.2,90.7,90.7,96.7
הדסה עין כרם,113.6,2022-04-27T00:00:00.000Z,113.6,127.2,90.7,90.7,96.7
הדסה עין כרם,113.6,2022-04-27T00:00:00.000Z,113.6,127.2,90.7,90.7,96.7
הדסה עין כרם,113.6,2022-04-27T00:00:00.000Z,113.6,127.2,90.7,90.7,96.7
הדסה עין כרם,113.6,2022-04-27T00:00:00.000Z,113.6,127.2,90.7,90.7,96.7
הדסה עין כרם,113.6,2022-04-27T00:00:00.000Z,113.6,127.2,90.7,90.7,96.7
הדסה עין כרם,113.6,2022-04-27T00:00:00.000Z,113.6,127.2,90.7,90.7,96.7
הדסה עין כרם,113.6,2022-04-27T00:00:00.000Z,113.6,127.2,90.7,90.7,96.7
הדסה עין כרם,113.6,2022-04-27T00:00:00.000Z,113.6,127.2,90.7,90.7,96.7
הדסה עין כרם,113.6,2022-04-27T00:00:00.000Z,113.6,127.2,90.7,90.7,96.7
הדסה עין כרם,113.6,2022-04-27T00:00:00.000Z,113.6,127.2,90.7,90.7,96.7
הדסה עין כרם,113.6,2022-04-27T00:00:00.000Z,113.6,127.2,90.7,90.7,96.7
הדסה עין כרם,113.6,2022-04-27T00:00:00.000Z,113.6,127.2,90.7,90.7,96.7
הדסה עין כרם,113.6,2022-04-27T00:00:00.000Z,113.6,127.2,90.7,90.7,96.7
הדסה עין כרם,113.6,2022-04-27T00:00:00.000Z,113.6,127.2,90.7,90.7,96.7
הדסה עין כרם,113.6,2022-04-27T00:00:00.000Z,113.6,127.2,90.7,90.7,96.7
הדסה עין כרם,113.6,2022-04-27T00:00:00.000Z,113.6,127.2,90.7,90.7,96.7
הדסה עין כרם,113.6,2022-04-27T00:00:00.000Z,113.6,127.2,90.7,90.7,96.7
הדסה עין כרם,113.6,2022-04-27T00:00:00.000Z,113.6,127.2,90.7,90.7,96.7
הדסה עין כרם,113.6,2022-04-27T00:00:00.000Z,113.6,127.2,90.7,90.7,96.7
הדסה עין כרם,113.6,2022-04-27T00:00:00.000Z,113.6,127.2,90.7,90.7,96.7
הדסה עין כרם,113.6,2022-04-27T00:00:00.000Z,113.6,127.2,90.7,90.7,96.7
הדסה עין כרם,113.6,2022-04-27T00:00:00.000Z,113.6,127.2,90.7,90.7,96.7
הדסה עין כרם,113.6,2022-04-27T00:00:00.000Z,113.6,127.2,90.7,90.7,96.7
הדסה עין כרם,113.6,2022-04-27T00:00:00.000Z,113.6,127.2,90.7,90.7,96.7
הדסה עין כרם,113.6,2022-04-27T00:00:00.000Z,113.6,127.2,90.7,90.7,96.7
הדסה עין כרם,113.6,2022-04-27T00:00:00.000Z,113.6,127.2,90.7,90.7,96.7
הדסה עין כרם,113.6,2022-04-27T00:00:00.000Z,113.6,127.2,90.7,90.7,96.7
הדסה עין כרם,113.6,2022-04-27T00:00:00.000Z,113.6,127.2,90.7,90.7,96.7
הדסה עין כרם,113.6,2022-04-27T00:00:00.000Z,113.6,127.2,90.7,90.7,96.7
הדסה עין כרם,113.6,2022-04-27T00:00:00.000Z,113.6,127.2,90.7,90.7,96.7
הדסה עין כרם,113.6,2022-04-27T00:00:00.000Z,113.6,127.2,90.7,90.7,96.7
הדסה עין כרם,113.6,2022-04-27T00:00:00.000Z,113.6,127.2,90.7,90.7,96.7
הדסה עין כרם,113.6,2022-04-27T00:00:00.000Z,113.6,127.2,90.7,90.7,96.7
הדסה עין כרם,113.6,2022-04-27T00:00:00.000Z,113.6,127.2,90.7,90.7,96.7
הדסה עין כרם,113.6,2022-04-27T00:00:00.000Z,113.6,127.2,90.7,90.7,96.7
הדסה עין כרם,113.6,2022-04-27T00:00:00.000Z,113.6,127.2,90.7,90.7,96.7
הדסה עין כרם,113.6,2022-04-27T00:00:00.000Z,113.6,127.2,90.7,90.7,96.7
הדסה עין כרם,113.6,2022-04-27T00:00:00.000Z,113.6,127.2,90.7,90.7,96.7
הדסה עין כרם,113.6,2022-04-27T00:00:00.000Z,113.6,127.2,90.7,90.7,96.7
הדסה עין כרם,113.6,2022-04-27T00:00:00.000Z,113.6,127.2,90.7,90.7,96.7
הדסה עין כרם,113.6,2022-04-27T00:00:00.000Z,113.6,127.2,90.7,90.7,96.7
הדסה עין כרם,113.6,2022-04-27T00:00:00.000Z,113.6,127.2,90.7,90.7,96.7
הדסה עין כרם,113.6,2022-04-27T00:00:00.000Z,113.6,127.2,90.7,90.7,96.7
הדסה עין כרם,113.6,2022-04-27T00:00:00.000Z,113.6,127.2,90.7,90.7,96.7
הדסה עין כרם,113.6,2022-04-27T00:00:00.000Z,113.6,127.2,90.7,90.7,96.7
הדסה עין כרם,113.6,2022-04-27T00:00:00.000Z,113.6,127.2,90.7,90.7,96.7
הדסה עין כרם,113.6,2022-04-27T00:00:00.000Z,113.6,127.2,90.7,90.7,96.7
הדסה עין כרם,113.6,2022-04-27T00:00:00.000Z,113.6,127.2,90.7,90.7,96.7
הדסה עין כרם,113.6,2022-04-27T00:00:00.000Z,113.6,127.2,90.7,90.7,96.7
הדסה עין כרם,113.6,2022-04-27T00:00:00.000Z,113.6,127.2,90.7,90.7,96.7
הדסה עין כרם,113.6,2022-04-27T00:00:00.000Z,113.6,127.2,90.7,90.7,96.7
הדסה עין כרם,113.6,2022-04-27T00:00:00.000Z,113.6,127.2,90.7,90.7,96.7
הדסה עין כרם,113.6,2022-04-27T00:00:00.000Z,113.6,127.2,90.7,90.7,96.7
הדסה עין כרם,113.6,2022-04-27T00:00:00.000Z,113.6,127.2,90.7,90.7,96.7
הדסה עין כרם,113.6,2022-04-27T00:00:00.000Z,113.6,127.2,90.7,90.7,96.7
הדסה עין כרם,113.6,2022-04-27T00:00:00.000Z,113.6,127.2,90.7,90.7,96.7
הדסה עין כרם,113.6,2022-04-27T00:00:00.000Z,113.6,127.2,90.7,90.7,96.7
הדסה עין כרם,113.6,2022-04-27T00:00:00.000Z,113.6,127.2,90.7,90.7,96.7
הדסה עין כרם,113.6,2022-04-27T00:00:00.000Z,113.6,127.2,90.7,90.7,96.7
הדסה עין כרם,113.6,2022-04-27T00:00:00.000Z,113.6,127.2,90.7,90.7,96.7
הדסה עין כרם,113.6,2022-04-27T00:00:00.000Z,113.6,127.2,90.7,90.7,96.7
הדסה עין כרם,113.6,2022-04-27T00:00:00.000Z,113.6,127.2,90.7,90.7,96.7
הדסה עין כרם,113.6,2022-04-27T00:00:00.000Z,113.6,127.2,90.7,90.7,96.7
וולפסון,78.3,2022-04-27T00:00:00.000Z,78.3,99.6,77.6,77.6,81.6
וולפסון,78.3,2022-04-27T00:00:00.000Z,78.3,99.6,77.6,77.6,81.6
וולפסון,78.3,2022-04-27T00:00:00.000Z,78.3,99.6,77.6,77.6,81.6
וולפסון,78.3,2022-04-27T00:00:00.000Z,78.3,99.6,77.6,77.6,81.6
וולפסון,78.3,2022-04-27T00:00:00.000Z,78.3,99.6,77.6,77.6,81.6
וולפסון,78.3,2022-04-27T00:00:00.000Z,78.3,99.6,77.6,77.6,81.6
וולפסון,78.3,2022-04-27T00:00:00.000Z,78.3,99.6,77.6,77.6,81.6
וולפסון,78.3,2022-04-27T00:00:00.000Z,78.3,99.6,77.6,77.6,81.6
וולפסון,78.3,2022-04-27T00:00:00.000Z,78.3,99.6,77.6,77.6,81.6
וולפסון,78.3,2022-04-27T00:00:00.000Z,78.3,99.6,77.6,77.6,81.6
וולפסון,78.3,2022-04-27T00:00:00.000Z,78.3,99.6,77.6,77.6,81.6
וולפסון,78.3,2022-04-27T00:00:00.000Z,78.3,99.6,77.6,77.6,81.6
וולפסון,78.3,2022-04-27T00:00:00.000Z,78.3,99.6,77.6,77.6,81.6
וולפסון,78.3,2022-04-27T00:00:00.000Z,78.3,99.6,77.6,77.6,81.6
וולפסון,78.3,2022-04-27T00:00:00.000Z,78.3,99.6,77.6,77.6,81.6
וולפסון,78.3,2022-04-27T00:00:00.000Z,78.3,99.6,77.6,77.6,81.6
וולפסון,78.3,2022-04-27T00:00:00.000Z,78.3,99.6,77.6,77.6,81.6
וולפסון,78.3,2022-04-27T00:00:00.000Z,78.3,99.6,77.6,77.6,81.6
וולפסון,78.3,2022-04-27T00:00:00.000Z,78.3,99.6,77.6,77.6,81.6
וולפסון,78.3,2022-04-27T00:00:00.000Z,78.3,99.6,77.6,77.6,81.6
וולפסון,78.3,2022-04-27T00:00:00.000Z,78.3,99.6,77.6,77.6,81.6
וולפסון,78.3,2022-04-27T00:00:00.000Z,78.3,99.6,77.6,77.6,81.6
וולפסון,78.3,2022-04-27T00:00:00.000Z,78.3,99.6,77.6,77.6,81.6
וולפסון,78.3,2022-04-27T00:00:00.000Z,78.3,99.6,77.6,77.6,81.6
וולפסון,78.3,2022-04-27T00:00:00.000Z,78.3,99.6,77.6,77.6,81.6
וולפסון,78.3,2022-04-27T00:00:00.000Z,78.3,99.6,77.6,77.6,81.6
וולפסון,78.3,2022-04-27T00:00:00.000Z,78.3,99.6,77.6,77.6,81.6
וולפסון,78.3,2022-04-27T00:00:00.000Z,78.3,99.6,77.6,77.6,81.6
וולפסון,78.3,2022-04-27T00:00:00.000Z,78.3,99.6,77.6,77.6,81.6
וולפסון,78.3,2022-04-27T00:00:00.000Z,78.3,99.6,77.6,77.6,81.6
וולפסון,78.3,2022-04-27T00:00:00.000Z,78.3,99.6,77.6,77.6,81.6
וולפסון,78.3,2022-04-27T00:00:00.000Z,78.3,99.6,77.6,77.6,81.6
וולפסון,78.3,2022-04-27T00:00:00.000Z,78.3,99.6,77.6,77.6,81.6
וולפסון,78.3,2022-04-27T00:00:00.000Z,78.3,99.6,77.6,77.6,81.6
הדסה הר הצופים,77.8,2022-04-27T00:00:00.000Z,81.3,89.3,85.8,78.9,76.2
הדסה הר הצופים,77.8,2022-04-27T00:00:00.000Z,82.5,90.1,85.8,79,77.9
הדסה הר הצופים,77.8,2022-04-27T00:00:00.000Z,82.1,91.3,85.8,78.6,79.4
הדסה הר הצופים,77.8,2022-04-27T00:00:00.000Z,81.7,92.9,85.8,79.5,80.7
הדסה הר הצופים,77.8,2022-04-27T00:00:00.000Z,81.7,94,85.8,82,82.1
הדסה הר הצופים,77.8,2022-04-27T00:00:00.000Z,80.2,92.1,85.8,83.5,83.7
הדסה הר הצופים,77.8,2022-04-27T00:00:00.000Z,77.4,90.1,85.8,84,84.7
הדסה הר הצופים,77.8,2022-04-27T00:00:00.000Z,77.8,91.7,85.8,85.8,85.8
הדסה הר הצופים,77.8,2022-04-27T00:00:00.000Z,77.8,91.7,85.8,85.8,85.8
הדסה הר הצופים,77.8,2022-04-27T00:00:00.000Z,77.8,91.7,85.8,85.8,85.8
הדסה הר הצופים,77.8,2022-04-27T00:00:00.000Z,77.8,91.7,85.8,85.8,85.8
הדסה הר הצופים,77.8,2022-04-27T00:00:00.000Z,77.8,91.7,85.8,85.8,85.8
הדסה הר הצופים,77.8,2022-04-27T00:00:00.000Z,77.8,91.7,85.8,85.8,85.8
הדסה הר הצופים,77.8,2022-04-27T00:00:00.000Z,77.8,91.7,85.8,85.8,85.8
הדסה הר הצופים,77.8,2022-04-27T00:00:00.000Z,77.8,91.7,85.8,85.8,85.8
הדסה הר הצופים,77.8,2022-04-27T00:00:00.000Z,77.8,91.7,85.8,85.8,85.8
הדסה הר הצופים,77.8,2022-04-27T00:00:00.000Z,77.8,91.7,85.8,85.8,85.8
הדסה הר הצופים,77.8,2022-04-27T00:00:00.000Z,77.8,91.7,85.8,85.8,85.8
הדסה הר הצופים,77.8,2022-04-27T00:00:00.000Z,77.8,91.7,85.8,85.8,85.8
הדסה הר הצופים,77.8,2022-04-27T00:00:00.000Z,77.8,91.7,85.8,85.8,85.8
הדסה הר הצופים,77.8,2022-04-27T00:00:00.000Z,77.8,91.7,85.8,85.8,85.8
הדסה הר הצופים,77.8,2022-04-27T00:00:00.000Z,77.8,91.7,85.8,85.8,85.8
הדסה הר הצופים,77.8,2022-04-27T00:00:00.000Z,77.8,91.7,85.8,85.8,85.8
הדסה הר הצופים,77.8,2022-04-27T00:00:00.000Z,77.8,91.7,85.8,85.8,85.8
הדסה הר הצופים,77.8,2022-04-27T00:00:00.000Z,77.8,91.7,85.8,85.8,85.8
הדסה הר הצופים,77.8,2022-04-27T00:00:00.000Z,77.8,91.7,85.8,85.8,85.8
הדסה הר הצופים,77.8,2022-04-27T00:00:00.000Z,77.8,91.7,85.8,85.8,85.8
הדסה הר הצופים,77.8,2022-04-27T00:00:00.000Z,77.8,91.7,85.8,85.8,85.8
הדסה הר הצופים,77.8,2022-04-27T00:00:00.000Z,77.8,91.7,85.8,85.8,85.8
הדסה הר הצופים,77.8,2022-04-27T00:00:00.000Z,77.8,91.7,85.8,85.8,85.8
הדסה הר הצופים,77.8,2022-04-27T00:00:00.000Z,77.8,91.7,85.8,85.8,85.8
הדסה הר הצופים,77.8,2022-04-27T00:00:00.000Z,77.8,91.7,85.8,85.8,85.8
הדסה הר הצופים,77.8,2022-04-27T00:00:00.000Z,77.8,91.7,85.8,85.8,85.8
הדסה הר הצופים,77.8,2022-04-27T00:00:00.000Z,77.8,91.7,85.8,85.8,85.8
הדסה הר הצופים,77.8,2022-04-27T00:00:00.000Z,77.8,91.7,85.8,85.8,85.8
הדסה הר הצופים,77.8,2022-04-27T00:00:00.000Z,77.8,91.7,85.8,85.8,85.8
הדסה הר הצופים,77.8,2022-04-27T00:00:00.000Z,77.8,91.7,85.8,85.8,85.8
הדסה הר הצופים,77.8,2022-04-27T00:00:00.000Z,77.8,91.7,85.8,85.8,85.8
הדסה הר הצופים,77.8,2022-04-27T00:00:00.000Z,77.8,91.7,85.8,85.8,85.8
הדסה הר הצופים,77.8,2022-04-27T00:00:00.000Z,77.8,91.7,85.8,85.8,85.8
הדסה הר הצופים,77.8,2022-04-27T00:00:00.000Z,77.8,91.7,85.8,85.8,85.8
הדסה הר הצופים,77.8,2022-04-27T00:00:00.000Z,77.8,91.7,85.8,85.8,85.8
הדסה הר הצופים,77.8,2022-04-27T00:00:00.000Z,77.8,91.7,85.8,85.8,85.8
הדסה הר הצופים,77.8,2022-04-27T00:00:00.000Z,77.8,91.7,85.8,85.8,85.8
הדסה הר הצופים,77.8,2022-04-27T00:00:00.000Z,77.8,91.7,85.8,85.8,85.8
הדסה הר הצופים,77.8,2022-04-27T00:00:00.000Z,77.8,91.7,85.8,85.8,85.8
הדסה הר הצופים,77.8,2022-04-27T00:00:00.000Z,77.8,91.7,85.8,85.8,85.8
הדסה הר הצופים,77.8,2022-04-27T00:00:00.000Z,77.8,91.7,85.8,85.8,85.8
הדסה הר הצופים,77.8,2022-04-27T00:00:00.000Z,77.8,91.7,85.8,85.8,85.8
הדסה הר הצופים,77.8,2022-04-27T00:00:00.000Z,77.8,91.7,85.8,85.8,85.8
הדסה הר הצופים,77.8,2022-04-27T00:00:00.000Z,77.8,91.7,85.8,85.8,85.8
הדסה הר הצופים,77.8,2022-04-27T00:00:00.000Z,77.8,91.7,85.8,85.8,85.8
הדסה הר הצופים,77.8,2022-04-27T00:00:00.000Z,77.8,91.7,85.8,85.8,85.8
הדסה הר הצופים,77.8,2022-04-27T00:00:00.000Z,77.8,91.7,85.8,85.8,85.8
הדסה הר הצופים,77.8,2022-04-27T00:00:00.000Z,77.8,91.7,85.8,85.8,85.8
הדסה הר הצופים,77.8,2022-04-27T00:00:00.000Z,77.8,91.7,85.8,85.8,85.8
הדסה הר הצופים,77.8,2022-04-27T00:00:00.000Z,77.8,91.7,85.8,85.8,85.8
הדסה הר הצופים,77.8,2022-04-27T00:00:00.000Z,77.8,91.7,85.8,85.8,85.8
הדסה הר הצופים,77.8,2022-04-27T00:00:00.000Z,77.8,91.7,85.8,85.8,85.8
הדסה הר הצופים,77.8,2022-04-27T00:00:00.000Z,77.8,91.7,85.8,85.8,85.8
הדסה הר הצופים,77.8,2022-04-27T00:00:00.000Z,77.8,91.7,85.8,85.8,85.8
הדסה הר הצופים,77.8,2022-04-27T00:00:00.000Z,77.8,91.7,85.8,85.8,85.8
הדסה הר הצופים,77.8,2022-04-27T00:00:00.000Z,77.8,91.7,85.8,85.8,85.8
הדסה הר הצופים,77.8,2022-04-27T00:00:00.000Z,77.8,91.7,85.8,85.8,85.8
הדסה הר הצופים,77.8,2022-04-27T00:00:00.000Z,77.8,91.7,85.8,85.8,85.8
הדסה הר הצופים,77.8,2022-04-27T00:00:00.000Z,77.8,91.7,85.8,85.8,85.8
הדסה הר הצופים,77.8,2022-04-27T00:00:00.000Z,77.8,91.7,85.8,85.8,85.8
הדסה הר הצופים,77.8,2022-04-27T00:00:00.000Z,77.8,91.7,85.8,85.8,85.8
הדסה הר הצופים,77.8,2022-04-27T00:00:00.000Z,77.8,91.7,85.8,85.8,85.8
הדסה הר הצופים,77.8,2022-04-27T00:00:00.000Z,77.8,91.7,85.8,85.8,85.8
הדסה הר הצופים,77.8,2022-04-27T00:00:00.000Z,77.8,91.7,85.8,85.8,85.8
הדסה הר הצופים,77.8,2022-04-27T00:00:00.000Z,77.8,91.7,85.8,85.8,85.8
הדסה הר הצופים,77.8,2022-04-27T00:00:00.000Z,77.8,91.7,85.8,85.8,85.8
הדסה הר הצופים,77.8,2022-04-27T00:00:00.000Z,77.8,91.7,85.8,85.8,85.8
הדסה הר הצופים,77.8,2022-04-27T00:00:00.000Z,77.8,91.7,85.8,85.8,85.8
הדסה הר הצופים,77.8,2022-04-27T00:00:00.000Z,77.8,91.7,85.8,85.8,85.8
הדסה הר הצופים,77.8,2022-04-27T00:00:00.000Z,77.8,91.7,85.8,85.8,85.8
הדסה הר הצופים,77.8,2022-04-27T00:00:00.000Z,77.8,91.7,85.8,85.8,85.8
הדסה הר הצופים,77.8,2022-04-27T00:00:00.000Z,77.8,91.7,85.8,85.8,85.8
הדסה הר הצופים,77.8,2022-04-27T00:00:00.000Z,77.8,91.7,85.8,85.8,85.8
הדסה הר הצופים,77.8,2022-04-27T00:00:00.000Z,77.8,91.7,85.8,85.8,85.8
הדסה הר הצופים,77.8,2022-04-27T00:00:00.000Z,77.8,91.7,85.8,85.8,85.8
הדסה הר הצופים,77.8,2022-04-27T00:00:00.000Z,77.8,91.7,85.8,85.8,85.8
הדסה הר הצופים,77.8,2022-04-27T00:00:00.000Z,77.8,91.7,85.8,85.8,85.8
הדסה הר הצופים,77.8,2022-04-27T00:00:00.000Z,77.8,91.7,85.8,85.8,85.8
הדסה הר הצופים,77.8,2022-04-27T00:00:00.000Z,77.8,91.7,85.8,85.8,85.8
הדסה הר הצופים,77.8,2022-04-27T00:00:00.000Z,77.8,91.7,85.8,85.8,85.8
הדסה הר הצופים,77.8,2022-04-27T00:00:00.000Z,77.8,91.7,85.8,85.8,85.8
הדסה הר הצופים,77.8,2022-04-27T00:00:00.000Z,77.8,91.7,85.8,85.8,85.8
הדסה הר הצופים,77.8,2022-04-27T00:00:00.000Z,77.8,91.7,85.8,85.8,85.8
הדסה הר הצופים,77.8,2022-04-27T00:00:00.000Z,77.8,91.7,85.8,85.8,85.8
הדסה הר הצופים,77.8,2022-04-27T00:00:00.000Z,77.8,91.7,85.8,85.8,85.8
הדסה הר הצופים,77.8,2022-04-27T00:00:00.000Z,77.8,91.7,85.8,85.8,85.8
הדסה הר הצופים,77.8,2022-04-27T00:00:00.000Z,77.8,91.7,85.8,85.8,85.8
הדסה הר הצופים,77.8,2022-04-27T00:00:00.000Z,77.8,91.7,85.8,85.8,85.8
הדסה הר הצופים,77.8,2022-04-27T00:00:00.000Z,77.8,91.7,85.8,85.8,85.8
הדסה הר הצופים,77.8,2022-04-27T00:00:00.000Z,77.8,91.7,85.8,85.8,85.8
הדסה הר הצופים,77.8,2022-04-27T00:00:00.000Z,77.8,91.7,85.8,85.8,85.8
הדסה הר הצופים,77.8,2022-04-27T00:00:00.000Z,77.8,91.7,85.8,85.8,85.8
הדסה הר הצופים,77.8,2022-04-27T00:00:00.000Z,77.8,91.7,85.8,85.8,85.8
הדסה הר הצופים,77.8,2022-04-27T00:00:00.000Z,77.8,91.7,85.8,85.8,85.8
הדסה הר הצופים,77.8,2022-04-27T00:00:00.000Z,77.8,91.7,85.8,85.8,85.8
הדסה הר הצופים,77.8,2022-04-27T00:00:00.000Z,77.8,91.7,85.8,85.8,85.8
הדסה הר הצופים,77.8,2022-04-27T00:00:00.000Z,77.8,91.7,85.8,85.8,85.8
הדסה הר הצופים,77.8,2022-04-27T00:00:00.000Z,77.8,91.7,85.8,85.8,85.8
הדסה הר הצופים,77.8,2022-04-27T00:00:00.000Z,77.8,91.7,85.8,85.8,85.8
הדסה הר הצופים,77.8,2022-04-27T00:00:00.000Z,77.8,91.7,85.8,85.8,85.8
הדסה הר הצופים,77.8,2022-04-27T00:00:00.000Z,77.8,91.7,85.8,85.8,85.8
הדסה הר הצופים,77.8,2022-04-27T00:00:00.000Z,77.8,91.7,85.8,85.8,85.8
הדסה הר הצופים,77.8,2022-04-27T00:00:00.000Z,77.8,91.7,85.8,85.8,85.8
הדסה הר הצופים,77.8,2022-04-27T00:00:00.000Z,77.8,91.7,85.8,85.8,85.8
הדסה הר הצופים,77.8,2022-04-27T00:00:00.000Z,77.8,91.7,85.8,85.8,85.8
הדסה הר הצופים,77.8,2022-04-27T00:00:00.000Z,77.8,91.7,85.8,85.8,85.8
הדסה הר הצופים,77.8,2022-04-27T00:00:00.000Z,77.8,91.7,85.8,85.8,85.8
הדסה הר הצופים,77.8,2022-04-27T00:00:00.000Z,77.8,91.7,85.8,85.8,85.8
הדסה הר הצופים,77.8,2022-04-27T00:00:00.000Z,77.8,91.7,85.8,85.8,85.8
הדסה הר הצופים,77.8,2022-04-27T00:00:00.000Z,77.8,91.7,85.8,85.8,85.8
הדסה הר הצופים,77.8,2022-04-27T00:00:00.000Z,77.8,91.7,85.8,85.8,85.8
הדסה הר הצופים,77.8,2022-04-27T00:00:00.000Z,77.8,91.7,85.8,85.8,85.8
הדסה הר הצופים,77.8,2022-04-27T00:00:00.000Z,77.8,91.7,85.8,85.8,85.8
הדסה הר הצופים,77.8,2022-04-27T00:00:00.000Z,77.8,91.7,85.8,85.8,85.8
הדסה הר הצופים,77.8,2022-04-27T00:00:00.000Z,77.8,91.7,85.8,85.8,85.8
הדסה הר הצופים,77.8,2022-04-27T00:00:00.000Z,77.8,91.7,85.8,85.8,85.8
הדסה הר הצופים,77.8,2022-04-27T00:00:00.000Z,77.8,91.7,85.8,85.8,85.8
הדסה הר הצופים,77.8,2022-04-27T00:00:00.000Z,77.8,91.7,85.8,85.8,85.8
הדסה הר הצופים,77.8,2022-04-27T00:00:00.000Z,77.8,91.7,85.8,85.8,85.8
הדסה הר הצופים,77.8,2022-04-27T00:00:00.000Z,77.8,91.7,85.8,85.8,85.8
הדסה הר הצופים,77.8,2022-04-27T00:00:00.000Z,77.8,91.7,85.8,85.8,85.8
הדסה הר הצופים,77.8,2022-04-27T00:00:00.000Z,77.8,91.7,85.8,85.8,85.8
הדסה הר הצופים,77.8,2022-04-27T00:00:00.000Z,77.8,91.7,85.8,85.8,85.8
הדסה הר הצופים,77.8,2022-04-27T00:00:00.000Z,77.8,91.7,85.8,85.8,85.8
הדסה הר הצופים,77.8,2022-04-27T00:00:00.000Z,77.8,91.7,85.8,85.8,85.8
הדסה הר הצופים,77.8,2022-04-27T00:00:00.000Z,77.8,91.7,85.8,85.8,85.8
הדסה הר הצופים,77.8,2022-04-27T00:00:00.000Z,77.8,91.7,85.8,85.8,85.8
הדסה הר הצופים,77.8,2022-04-27T00:00:00.000Z,77.8,91.7,85.8,85.8,85.8
הדסה הר הצופים,77.8,2022-04-27T00:00:00.000Z,77.8,91.7,85.8,85.8,85.8
הדסה הר הצופים,77.8,2022-04-27T00:00:00.000Z,77.8,91.7,85.8,85.8,85.8
הדסה הר הצופים,77.8,2022-04-27T00:00:00.000Z,77.8,91.7,85.8,85.8,85.8
הדסה הר הצופים,77.8,2022-04-27T00:00:00.000Z,77.8,91.7,85.8,85.8,85.8
הדסה הר הצופים,77.8,2022-04-27T00:00:00.000Z,77.8,91.7,85.8,85.8,85.8
הדסה הר הצופים,77.8,2022-04-27T00:00:00.000Z,77.8,91.7,85.8,85.8,85.8
הדסה הר הצופים,77.8,2022-04-27T00:00:00.000Z,77.8,91.7,85.8,85.8,85.8
הדסה הר הצופים,77.8,2022-04-27T00:00:00.000Z,77.8,91.7,85.8,85.8,85.8
הדסה הר הצופים,77.8,2022-04-27T00:00:00.000Z,77.8,91.7,85.8,85.8,85.8
הדסה הר הצופים,77.8,2022-04-27T00:00:00.000Z,77.8,91.7,85.8,85.8,85.8
הדסה הר הצופים,77.8,2022-04-27T00:00:00.000Z,77.8,91.7,85.8,85.8,85.8
הדסה הר הצופים,77.8,2022-04-27T00:00:00.000Z,77.8,91.7,85.8,85.8,85.8
הדסה הר הצופים,77.8,2022-04-27T00:00:00.000Z,77.8,91.7,85.8,85.8,85.8
הדסה הר הצופים,77.8,2022-04-27T00:00:00.000Z,77.8,91.7,85.8,85.8,85.8
הדסה הר הצופים,77.8,2022-04-27T00:00:00.000Z,77.8,91.7,85.8,85.8,85.8
הדסה הר הצופים,77.8,2022-04-27T00:00:00.000Z,77.8,91.7,85.8,85.8,85.8
הדסה הר הצופים,77.8,2022-04-27T00:00:00.000Z,77.8,91.7,85.8,85.8,85.8
הדסה הר הצופים,77.8,2022-04-27T00:00:00.000Z,77.8,91.7,85.8,85.8,85.8
הדסה הר הצופים,77.8,2022-04-27T00:00:00.000Z,77.8,91.7,85.8,85.8,85.8
הדסה הר הצופים,77.8,2022-04-27T00:00:00.000Z,77.8,91.7,85.8,85.8,85.8
הדסה הר הצופים,77.8,2022-04-27T00:00:00.000Z,77.8,91.7,85.8,85.8,85.8
הדסה הר הצופים,77.8,2022-04-27T00:00:00.000Z,77.8,91.7,85.8,85.8,85.8
הדסה הר הצופים,77.8,2022-04-27T00:00:00.000Z,77.8,91.7,85.8,85.8,85.8
הדסה הר הצופים,77.8,2022-04-27T00:00:00.000Z,77.8,91.7,85.8,85.8,85.8
הדסה הר הצופים,77.8,2022-04-27T00:00:00.000Z,77.8,91.7,85.8,85.8,85.8
הדסה הר הצופים,77.8,2022-04-27T00:00:00.000Z,77.8,91.7,85.8,85.8,85.8
הדסה הר הצופים,77.8,2022-04-27T00:00:00.000Z,77.8,91.7,85.8,85.8,85.8
הדסה הר הצופים,77.8,2022-04-27T00:00:00.000Z,77.8,91.7,85.8,85.8,85.8
הדסה הר הצופים,77.8,2022-04-27T00:00:00.000Z,77.8,91.7,85.8,85.8,85.8
הדסה הר הצופים,77.8,2022-04-27T00:00:00.000Z,77.8,91.7,85.8,85.8,85.8
הדסה הר הצופים,77.8,2022-04-27T00:00:00.000Z,77.8,91.7,85.8,85.8,85.8
הדסה הר הצופים,77.8,2022-04-27T00:00:00.000Z,77.8,91.7,85.8,85.8,85.8
הדסה הר הצופים,77.8,2022-04-27T00:00:00.000Z,77.8,91.7,85.8,85.8,85.8
הדסה הר הצופים,77.8,2022-04-27T00:00:00.000Z,77.8,91.7,85.8,85.8,85.8
הדסה הר הצופים,77.8,2022-04-27T00:00:00.000Z,77.8,91.7,85.8,85.8,85.8
הדסה הר הצופים,77.8,2022-04-27T00:00:00.000Z,77.8,91.7,85.8,85.8,85.8
הדסה הר הצופים,77.8,2022-04-27T00:00:00.000Z,77.8,91.7,85.8,85.8,85.8
הדסה הר הצופים,77.8,2022-04-27T00:00:00.000Z,77.8,91.7,85.8,85.8,85.8
הדסה הר הצופים,77.8,2022-04-27T00:00:00.000Z,77.8,91.7,85.8,85.8,85.8
הדסה הר הצופים,77.8,2022-04-27T00:00:00.000Z,77.8,91.7,85.8,85.8,85.8
הדסה הר הצופים,77.8,2022-04-27T00:00:00.000Z,77.8,91.7,85.8,85.8,85.8
הדסה הר הצופים,77.8,2022-04-27T00:00:00.000Z,77.8,91.7,85.8,85.8,85.8
הדסה הר הצופים,77.8,2022-04-27T00:00:00.000Z,77.8,91.7,85.8,85.8,85.8
הדסה הר הצופים,77.8,2022-04-27T00:00:00.000Z,77.8,91.7,85.8,85.8,85.8
הדסה הר הצופים,77.8,2022-04-27T00:00:00.000Z,77.8,91.7,85.8,85.8,85.8
הדסה הר הצופים,77.8,2022-04-27T00:00:00.000Z,77.8,91.7,85.8,85.8,85.8
הדסה הר הצופים,77.8,2022-04-27T00:00:00.000Z,77.8,91.7,85.8,85.8,85.8
הדסה הר הצופים,77.8,2022-04-27T00:00:00.000Z,77.8,91.7,85.8,85.8,85.8
הדסה הר הצופים,77.8,2022-04-27T00:00:00.000Z,77.8,91.7,85.8,85.8,85.8
הדסה הר הצופים,77.8,2022-04-27T00:00:00.000Z,77.8,91.7,85.8,85.8,85.8
הדסה הר הצופים,77.8,2022-04-27T00:00:00.000Z,77.8,91.7,85.8,85.8,85.8
הדסה הר הצופים,77.8,2022-04-27T00:00:00.000Z,77.8,91.7,85.8,85.8,85.8
הדסה הר הצופים,77.8,2022-04-27T00:00:00.000Z,77.8,91.7,85.8,85.8,85.8
הדסה הר הצופים,77.8,2022-04-27T00:00:00.000Z,77.8,91.7,85.8,85.8,85.8
הדסה הר הצופים,77.8,2022-04-27T00:00:00.000Z,77.8,91.7,85.8,85.8,85.8
הדסה הר הצופים,77.8,2022-04-27T00:00:00.000Z,77.8,91.7,85.8,85.8,85.8
הדסה הר הצופים,77.8,2022-04-27T00:00:00.000Z,77.8,91.7,85.8,85.8,85.8
הדסה הר הצופים,77.8,2022-04-27T00:00:00.000Z,77.8,91.7,85.8,85.8,85.8
הדסה הר הצופים,77.8,2022-04-27T00:00:00.000Z,77.8,91.7,85.8,85.8,85.8
הדסה הר הצופים,77.8,2022-04-27T00:00:00.000Z,77.8,91.7,85.8,85.8,85.8
הדסה הר הצופים,77.8,2022-04-27T00:00:00.000Z,77.8,91.7,85.8,85.8,85.8
הדסה הר הצופים,77.8,2022-04-27T00:00:00.000Z,77.8,91.7,85.8,85.8,85.8
הדסה הר הצופים,77.8,2022-04-27T00:00:00.000Z,77.8,91.7,85.8,85.8,85.8
הדסה הר הצופים,77.8,2022-04-27T00:00:00.000Z,77.8,91.7,85.8,85.8,85.8
הדסה הר הצופים,77.8,2022-04-27T00:00:00.000Z,77.8,91.7,85.8,85.8,85.8
הדסה הר הצופים,77.8,2022-04-27T00:00:00.000Z,77.8,91.7,85.8,85.8,85.8
הדסה הר הצופים,77.8,2022-04-27T00:00:00.000Z,77.8,91.7,85.8,85.8,85.8
הדסה הר הצופים,77.8,2022-04-27T00:00:00.000Z,77.8,91.7,85.8,85.8,85.8
הדסה הר הצופים,77.8,2022-04-27T00:00:00.000Z,77.8,91.7,85.8,85.8,85.8
הדסה הר הצופים,77.8,2022-04-27T00:00:00.000Z,77.8,91.7,85.8,85.8,85.8
הדסה הר הצופים,77.8,2022-04-27T00:00:00.000Z,77.8,91.7,85.8,85.8,85.8
הדסה הר הצופים,77.8,2022-04-27T00:00:00.000Z,77.8,91.7,85.8,85.8,85.8
הדסה הר הצופים,77.8,2022-04-27T00:00:00.000Z,77.8,91.7,85.8,85.8,85.8
הדסה הר הצופים,77.8,2022-04-27T00:00:00.000Z,77.8,91.7,85.8,85.8,85.8
הדסה הר הצופים,77.8,2022-04-27T00:00:00.000Z,77.8,91.7,85.8,85.8,85.8
הדסה הר הצופים,77.8,2022-04-27T00:00:00.000Z,77.8,91.7,85.8,85.8,85.8
הדסה הר הצופים,77.8,2022-04-27T00:00:00.000Z,77.8,91.7,85.8,85.8,85.8
הדסה הר הצופים,77.8,2022-04-27T00:00:00.000Z,77.8,91.7,85.8,85.8,85.8
הדסה הר הצופים,77.8,2022-04-27T00:00:00.000Z,77.8,91.7,85.8,85.8,85.8
הדסה הר הצופים,77.8,2022-04-27T00:00:00.000Z,77.8,91.7,85.8,85.8,85.8
הדסה הר הצופים,77.8,2022-04-27T00:00:00.000Z,77.8,91.7,85.8,85.8,85.8
הדסה הר הצופים,77.8,2022-04-27T00:00:00.000Z,77.8,91.7,85.8,85.8,85.8
הדסה הר הצופים,77.8,2022-04-27T00:00:00.000Z,77.8,91.7,85.8,85.8,85.8
הדסה הר הצופים,77.8,2022-04-27T00:00:00.000Z,77.8,91.7,85.8,85.8,85.8
הדסה הר הצופים,77.8,2022-04-27T00:00:00.000Z,77.8,91.7,85.8,85.8,85.8
הדסה הר הצופים,77.8,2022-04-27T00:00:00.000Z,77.8,91.7,85.8,85.8,85.8
הדסה הר הצופים,77.8,2022-04-27T00:00:00.000Z,77.8,91.7,85.8,85.8,85.8
הדסה הר הצופים,77.8,2022-04-27T00:00:00.000Z,77.8,91.7,85.8,85.8,85.8
הדסה הר הצופים,77.8,2022-04-27T00:00:00.000Z,77.8,91.7,85.8,85.8,85.8
הדסה הר הצופים,77.8,2022-04-27T00:00:00.000Z,77.8,91.7,85.8,85.8,85.8
הדסה הר הצופים,77.8,2022-04-27T00:00:00.000Z,77.8,91.7,85.8,85.8,85.8
הדסה הר הצופים,77.8,2022-04-27T00:00:00.000Z,77.8,91.7,85.8,85.8,85.8
הדסה הר הצופים,77.8,2022-04-27T00:00:00.000Z,77.8,91.7,85.8,85.8,85.8
הדסה הר הצופים,77.8,2022-04-27T00:00:00.000Z,77.8,91.7,85.8,85.8,85.8
הדסה הר הצופים,77.8,2022-04-27T00:00:00.000Z,77.8,91.7,85.8,85.8,85.8
הדסה הר הצופים,77.8,2022-04-27T00:00:00.000Z,77.8,91.7,85.8,85.8,85.8
הדסה הר הצופים,77.8,2022-04-27T00:00:00.000Z,77.8,91.7,85.8,85.8,85.8
הדסה הר הצופים,77.8,2022-04-27T00:00:00.000Z,77.8,91.7,85.8,85.8,85.8
הדסה הר הצופים,77.8,2022-04-27T00:00:00.000Z,77.8,91.7,85.8,85.8,85.8
הדסה הר הצופים,77.8,2022-04-27T00:00:00.000Z,77.8,91.7,85.8,85.8,85.8
הדסה הר הצופים,77.8,2022-04-27T00:00:00.000Z,77.8,91.7,85.8,85.8,85.8
הדסה הר הצופים,77.8,2022-04-27T00:00:00.000Z,77.8,91.7,85.8,85.8,85.8
הדסה הר הצופים,77.8,2022-04-27T00:00:00.000Z,77.8,91.7,85.8,85.8,85.8
הדסה הר הצופים,77.8,2022-04-27T00:00:00.000Z,77.8,91.7,85.8,85.8,85.8
הדסה הר הצופים,77.8,2022-04-27T00:00:00.000Z,77.8,91.7,85.8,85.8,85.8
הדסה הר הצופים,77.8,2022-04-27T00:00:00.000Z,77.8,91.7,85.8,85.8,85.8
הדסה הר הצופים,77.8,2022-04-27T00:00:00.000Z,77.8,91.7,85.8,85.8,85.8
הדסה הר הצופים,77.8,2022-04-27T00:00:00.000Z,77.8,91.7,85.8,85.8,85.8
הדסה הר הצופים,77.8,2022-04-27T00:00:00.000Z,77.8,91.7,85.8,85.8,85.8
הדסה הר הצופים,77.8,2022-04-27T00:00:00.000Z,77.8,91.7,85.8,85.8,85.8
הדסה הר הצופים,77.8,2022-04-27T00:00:00.000Z,77.8,91.7,85.8,85.8,85.8
הדסה הר הצופים,77.8,2022-04-27T00:00:00.000Z,77.8,91.7,85.8,85.8,85.8
הדסה הר הצופים,77.8,2022-04-27T00:00:00.000Z,77.8,91.7,85.8,85.8,85.8
הדסה הר הצופים,77.8,2022-04-27T00:00:00.000Z,77.8,91.7,85.8,85.8,85.8
הדסה הר הצופים,77.8,2022-04-27T00:00:00.000Z,77.8,91.7,85.8,85.8,85.8
הדסה הר הצופים,77.8,2022-04-27T00:00:00.000Z,77.8,91.7,85.8,85.8,85.8
הדסה הר הצופים,77.8,2022-04-27T00:00:00.000Z,77.8,91.7,85.8,85.8,85.8
הדסה הר הצופים,77.8,2022-04-27T00:00:00.000Z,77.8,91.7,85.8,85.8,85.8
הדסה הר הצופים,77.8,2022-04-27T00:00:00.000Z,77.8,91.7,85.8,85.8,85.8
הדסה הר הצופים,77.8,2022-04-27T00:00:00.000Z,77.8,91.7,85.8,85.8,85.8
הדסה הר הצופים,77.8,2022-04-27T00:00:00.000Z,77.8,91.7,85.8,85.8,85.8
הדסה הר הצופים,77.8,2022-04-27T00:00:00.000Z,77.8,91.7,85.8,85.8,85.8
הדסה הר הצופים,77.8,2022-04-27T00:00:00.000Z,77.8,91.7,85.8,85.8,85.8
הדסה הר הצופים,77.8,2022-04-27T00:00:00.000Z,77.8,91.7,85.8,85.8,85.8
הדסה הר הצופים,77.8,2022-04-27T00:00:00.000Z,77.8,91.7,85.8,85.8,85.8
הדסה הר הצופים,77.8,2022-04-27T00:00:00.000Z,77.8,91.7,85.8,85.8,85.8
הדסה הר הצופים,77.8,2022-04-27T00:00:00.000Z,77.8,91.7,85.8,85.8,85.8
הדסה הר הצופים,77.8,2022-04-27T00:00:00.000Z,77.8,91.7,85.8,85.8,85.8
הדסה הר הצופים,77.8,2022-04-27T00:00:00.000Z,77.8,91.7,85.8,85.8,85.8
הדסה הר הצופים,77.8,2022-04-27T00:00:00.000Z,77.8,91.7,85.8,85.8,85.8
הדסה הר הצופים,77.8,2022-04-27T00:00:00.000Z,77.8,91.7,85.8,85.8,85.8
הדסה הר הצופים,77.8,2022-04-27T00:00:00.000Z,77.8,91.7,85.8,85.8,85.8
הדסה הר הצופים,77.8,2022-04-27T00:00:00.000Z,77.8,91.7,85.8,85.8,85.8
הדסה הר הצופים,77.8,2022-04-27T00:00:00.000Z,77.8,91.7,85.8,85.8,85.8
הדסה הר הצופים,77.8,2022-04-27T00:00:00.000Z,77.8,91.7,85.8,85.8,85.8
הדסה הר הצופים,77.8,2022-04-27T00:00:00.000Z,77.8,91.7,85.8,85.8,85.8
הדסה הר הצופים,77.8,2022-04-27T00:00:00.000Z,77.8,91.7,85.8,85.8,85.8
הדסה הר הצופים,77.8,2022-04-27T00:00:00.000Z,77.8,91.7,85.8,85.8,85.8
הדסה הר הצופים,77.8,2022-04-27T00:00:00.000Z,77.8,91.7,85.8,85.8,85.8
הדסה הר הצופים,77.8,2022-04-27T00:00:00.000Z,77.8,91.7,85.8,85.8,85.8
הדסה הר הצופים,77.8,2022-04-27T00:00:00.000Z,77.8,91.7,85.8,85.8,85.8
הדסה הר הצופים,77.8,2022-04-27T00:00:00.000Z,77.8,91.7,85.8,85.8,85.8
הדסה הר הצופים,77.8,2022-04-27T00:00:00.000Z,77.8,91.7,85.8,85.8,85.8
הדסה הר הצופים,77.8,2022-04-27T00:00:00.000Z,77.8,91.7,85.8,85.8,85.8
הדסה הר הצופים,77.8,2022-04-27T00:00:00.000Z,77.8,91.7,85.8,85.8,85.8
הדסה הר הצופים,77.8,2022-04-27T00:00:00.000Z,77.8,91.7,85.8,85.8,85.8
הדסה הר הצופים,77.8,2022-04-27T00:00:00.000Z,77.8,91.7,85.8,85.8,85.8
הדסה הר הצופים,77.8,2022-04-27T00:00:00.000Z,77.8,91.7,85.8,85.8,85.8
הדסה הר הצופים,77.8,2022-04-27T00:00:00.000Z,77.8,91.7,85.8,85.8,85.8
הדסה הר הצופים,77.8,2022-04-27T00:00:00.000Z,77.8,91.7,85.8,85.8,85.8
הדסה הר הצופים,77.8,2022-04-27T00:00:00.000Z,77.8,91.7,85.8,85.8,85.8
המשפחה הקדושה,172.4,2022-04-27T00:00:00.000Z,172.4,,118.1,118.1,
המשפחה הקדושה,172.4,2022-04-27T00:00:00.000Z,172.4,,118.1,118.1,
המשפחה הקדושה,172.4,2022-04-27T00:00:00.000Z,172.4,,118.1,118.1,
המשפחה הקדושה,172.4,2022-04-27T00:00:00.000Z,172.4,,118.1,118.1,
המשפחה הקדושה,172.4,2022-04-27T00:00:00.000Z,172.4,,118.1,118.1,
המשפחה הקדושה,172.4,2022-04-27T00:00:00.000Z,172.4,,118.1,118.1,
המשפחה הקדושה,172.4,2022-04-27T00:00:00.000Z,172.4,,118.1,118.1,
המשפחה הקדושה,172.4,2022-04-27T00:00:00.000Z,172.4,,118.1,118.1,
המשפחה הקדושה,172.4,2022-04-27T00:00:00.000Z,172.4,,118.1,118.1,
המשפחה הקדושה,172.4,2022-04-27T00:00:00.000Z,172.4,,118.1,118.1,
המשפחה הקדושה,172.4,2022-04-27T00:00:00.000Z,172.4,,118.1,118.1,
המשפחה הקדושה,172.4,2022-04-27T00:00:00.000Z,172.4,,118.1,118.1,
המשפחה הקדושה,172.4,2022-04-27T00:00:00.000Z,172.4,,118.1,118.1,
המשפחה הקדושה,172.4,2022-04-27T00:00:00.000Z,172.4,,118.1,118.1,
המשפחה הקדושה,172.4,2022-04-27T00:00:00.000Z,172.4,,118.1,118.1,
המשפחה הקדושה,172.4,2022-04-27T00:00:00.000Z,172.4,,118.1,118.1,
המשפחה הקדושה,172.4,2022-04-27T00:00:00.000Z,172.4,,118.1,118.1,
המשפחה הקדושה,172.4,2022-04-27T00:00:00.000Z,172.4,,118.1,118.1,
המשפחה הקדושה,172.4,2022-04-27T00:00:00.000Z,172.4,,118.1,118.1,
המשפחה הקדושה,172.4,2022-04-27T00:00:00.000Z,172.4,,118.1,118.1,
המשפחה הקדושה,172.4,2022-04-27T00:00:00.000Z,172.4,,118.1,118.1,
המשפחה הקדושה,172.4,2022-04-27T00:00:00.000Z,172.4,,118.1,118.1,
המשפחה הקדושה,172.4,2022-04-27T00:00:00.000Z,172.4,,118.1,118.1,
המשפחה הקדושה,172.4,2022-04-27T00:00:00.000Z,172.4,,118.1,118.1,
המשפחה הקדושה,172.4,2022-04-27T00:00:00.000Z,172.4,,118.1,118.1,
המשפחה הקדושה,172.4,2022-04-27T00:00:00.000Z,172.4,,118.1,118.1,
המשפחה הקדושה,172.4,2022-04-27T00:00:00.000Z,172.4,,118.1,118.1,
המשפחה הקדושה,172.4,2022-04-27T00:00:00.000Z,172.4,,118.1,118.1,
המשפחה הקדושה,172.4,2022-04-27T00:00:00.000Z,172.4,,118.1,118.1,
המשפחה הקדושה,172.4,2022-04-27T00:00:00.000Z,172.4,,118.1,118.1,
המשפחה הקדושה,172.4,2022-04-27T00:00:00.000Z,172.4,,118.1,118.1,
המשפחה הקדושה,172.4,2022-04-27T00:00:00.000Z,172.4,,118.1,118.1,
המשפחה הקדושה,172.4,2022-04-27T00:00:00.000Z,172.4,,118.1,118.1,
המשפחה הקדושה,172.4,2022-04-27T00:00:00.000Z,172.4,,118.1,118.1,
המשפחה הקדושה,172.4,2022-04-27T00:00:00.000Z,172.4,,118.1,118.1,
המשפחה הקדושה,172.4,2022-04-27T00:00:00.000Z,172.4,,118.1,118.1,
המשפחה הקדושה,172.4,2022-04-27T00:00:00.000Z,172.4,,118.1,118.1,
המשפחה הקדושה,172.4,2022-04-27T00:00:00.000Z,172.4,,118.1,118.1,
המשפחה הקדושה,172.4,2022-04-27T00:00:00.000Z,172.4,,118.1,118.1,
המשפחה הקדושה,172.4,2022-04-27T00:00:00.000Z,172.4,,118.1,118.1,
המשפחה הקדושה,172.4,2022-04-27T00:00:00.000Z,172.4,,118.1,118.1,
המשפחה הקדושה,172.4,2022-04-27T00:00:00.000Z,172.4,,118.1,118.1,
המשפחה הקדושה,172.4,2022-04-27T00:00:00.000Z,172.4,,118.1,118.1,
המשפחה הקדושה,172.4,2022-04-27T00:00:00.000Z,172.4,,118.1,118.1,
המשפחה הקדושה,172.4,2022-04-27T00:00:00.000Z,172.4,,118.1,118.1,
המשפחה הקדושה,172.4,2022-04-27T00:00:00.000Z,172.4,,118.1,118.1,
המשפחה הקדושה,172.4,2022-04-27T00:00:00.000Z,172.4,,118.1,118.1,
המשפחה הקדושה,172.4,2022-04-27T00:00:00.000Z,172.4,,118.1,118.1,
המשפחה הקדושה,172.4,2022-04-27T00:00:00.000Z,172.4,,118.1,118.1,
המשפחה הקדושה,172.4,2022-04-27T00:00:00.000Z,172.4,,118.1,118.1,
המשפחה הקדושה,172.4,2022-04-27T00:00:00.000Z,172.4,,118.1,118.1,
המשפחה הקדושה,172.4,2022-04-27T00:00:00.000Z,172.4,,118.1,118.1,
המשפחה הקדושה,172.4,2022-04-27T00:00:00.000Z,172.4,,118.1,118.1,
המשפחה הקדושה,172.4,2022-04-27T00:00:00.000Z,172.4,,118.1,118.1,
המשפחה הקדושה,172.4,2022-04-27T00:00:00.000Z,172.4,,118.1,118.1,
המשפחה הקדושה,172.4,2022-04-27T00:00:00.000Z,172.4,,118.1,118.1,
המשפחה הקדושה,172.4,2022-04-27T00:00:00.000Z,172.4,,118.1,118.1,
המשפחה הקדושה,172.4,2022-04-27T00:00:00.000Z,172.4,,118.1,118.1,
המשפחה הקדושה,172.4,2022-04-27T00:00:00.000Z,172.4,,118.1,118.1,
המשפחה הקדושה,172.4,2022-04-27T00:00:00.000Z,172.4,,118.1,118.1,
המשפחה הקדושה,172.4,2022-04-27T00:00:00.000Z,172.4,,118.1,118.1,
המשפחה הקדושה,172.4,2022-04-27T00:00:00.000Z,172.4,,118.1,118.1,
המשפחה הקדושה,172.4,2022-04-27T00:00:00.000Z,172.4,,118.1,118.1,
המשפחה הקדושה,172.4,2022-04-27T00:00:00.000Z,172.4,,118.1,118.1,
המשפחה הקדושה,172.4,2022-04-27T00:00:00.000Z,172.4,,118.1,118.1,
המשפחה הקדושה,172.4,2022-04-27T00:00:00.000Z,172.4,,118.1,118.1,
המשפחה הקדושה,172.4,2022-04-27T00:00:00.000Z,172.4,,118.1,118.1,
המשפחה הקדושה,172.4,2022-04-27T00:00:00.000Z,172.4,,118.1,118.1,
המשפחה הקדושה,172.4,2022-04-27T00:00:00.000Z,172.4,,118.1,118.1,
המשפחה הקדושה,172.4,2022-04-27T00:00:00.000Z,172.4,,118.1,118.1,
המשפחה הקדושה,172.4,2022-04-27T00:00:00.000Z,172.4,,118.1,118.1,
המשפחה הקדושה,172.4,2022-04-27T00:00:00.000Z,172.4,,118.1,118.1,
המשפחה הקדושה,172.4,2022-04-27T00:00:00.000Z,172.4,,118.1,118.1,
המשפחה הקדושה,172.4,2022-04-27T00:00:00.000Z,172.4,,118.1,118.1,
המשפחה הקדושה,172.4,2022-04-27T00:00:00.000Z,172.4,,118.1,118.1,
המשפחה הקדושה,172.4,2022-04-27T00:00:00.000Z,172.4,,118.1,118.1,
המשפחה הקדושה,172.4,2022-04-27T00:00:00.000Z,172.4,,118.1,118.1,
המשפחה הקדושה,172.4,2022-04-27T00:00:00.000Z,172.4,,118.1,118.1,
המשפחה הקדושה,172.4,2022-04-27T00:00:00.000Z,172.4,,118.1,118.1,
המשפחה הקדושה,172.4,2022-04-27T00:00:00.000Z,172.4,,118.1,118.1,
המשפחה הקדושה,172.4,2022-04-27T00:00:00.000Z,172.4,,118.1,118.1,
המשפחה הקדושה,172.4,2022-04-27T00:00:00.000Z,172.4,,118.1,118.1,
המשפחה הקדושה,172.4,2022-04-27T00:00:00.000Z,172.4,,118.1,118.1,
המשפחה הקדושה,172.4,2022-04-27T00:00:00.000Z,172.4,,118.1,118.1,
המשפחה הקדושה,172.4,2022-04-27T00:00:00.000Z,172.4,,118.1,118.1,
המשפחה הקדושה,172.4,2022-04-27T00:00:00.000Z,172.4,,118.1,118.1,
המשפחה הקדושה,172.4,2022-04-27T00:00:00.000Z,172.4,,118.1,118.1,
המשפחה הקדושה,172.4,2022-04-27T00:00:00.000Z,172.4,,118.1,118.1,
המשפחה הקדושה,172.4,2022-04-27T00:00:00.000Z,172.4,,118.1,118.1,
המשפחה הקדושה,172.4,2022-04-27T00:00:00.000Z,172.4,,118.1,118.1,
המשפחה הקדושה,172.4,2022-04-27T00:00:00.000Z,172.4,,118.1,118.1,
המשפחה הקדושה,172.4,2022-04-27T00:00:00.000Z,172.4,,118.1,118.1,
המשפחה הקדושה,172.4,2022-04-27T00:00:00.000Z,172.4,,118.1,118.1,
המשפחה הקדושה,172.4,2022-04-27T00:00:00.000Z,172.4,,118.1,118.1,
המשפחה הקדושה,172.4,2022-04-27T00:00:00.000Z,172.4,,118.1,118.1,
המשפחה הקדושה,172.4,2022-04-27T00:00:00.000Z,172.4,,118.1,118.1,
המשפחה הקדושה,172.4,2022-04-27T00:00:00.000Z,172.4,,118.1,118.1,
המשפחה הקדושה,172.4,2022-04-27T00:00:00.000Z,172.4,,118.1,118.1,
המשפחה הקדושה,172.4,2022-04-27T00:00:00.000Z,172.4,,118.1,118.1,
המשפחה הקדושה,172.4,2022-04-27T00:00:00.000Z,172.4,,118.1,118.1,
המשפחה הקדושה,172.4,2022-04-27T00:00:00.000Z,172.4,,118.1,118.1,
המשפחה הקדושה,172.4,2022-04-27T00:00:00.000Z,172.4,,118.1,118.1,
המשפחה הקדושה,172.4,2022-04-27T00:00:00.000Z,172.4,,118.1,118.1,
המשפחה הקדושה,172.4,2022-04-27T00:00:00.000Z,172.4,,118.1,118.1,
המשפחה הקדושה,172.4,2022-04-27T00:00:00.000Z,172.4,,118.1,118.1,
המשפחה הקדושה,172.4,2022-04-27T00:00:00.000Z,172.4,,118.1,118.1,
המשפחה הקדושה,172.4,2022-04-27T00:00:00.000Z,172.4,,118.1,118.1,
המשפחה הקדושה,172.4,2022-04-27T00:00:00.000Z,172.4,,118.1,118.1,
המשפחה הקדושה,172.4,2022-04-27T00:00:00.000Z,172.4,,118.1,118.1,
המשפחה הקדושה,172.4,2022-04-27T00:00:00.000Z,172.4,,118.1,118.1,
המשפחה הקדושה,172.4,2022-04-27T00:00:00.000Z,172.4,,118.1,118.1,
המשפחה הקדושה,172.4,2022-04-27T00:00:00.000Z,172.4,,118.1,118.1,
המשפחה הקדושה,172.4,2022-04-27T00:00:00.000Z,172.4,,118.1,118.1,
המשפחה הקדושה,172.4,2022-04-27T00:00:00.000Z,172.4,,118.1,118.1,
המשפחה הקדושה,172.4,2022-04-27T00:00:00.000Z,172.4,,118.1,118.1,
המשפחה הקדושה,172.4,2022-04-27T00:00:00.000Z,172.4,,118.1,118.1,
המשפחה הקדושה,172.4,2022-04-27T00:00:00.000Z,172.4,,118.1,118.1,
המשפחה הקדושה,172.4,2022-04-27T00:00:00.000Z,172.4,,118.1,118.1,
המשפחה הקדושה,172.4,2022-04-27T00:00:00.000Z,172.4,,118.1,118.1,
המשפחה הקדושה,172.4,2022-04-27T00:00:00.000Z,172.4,,118.1,118.1,
המשפחה הקדושה,172.4,2022-04-27T00:00:00.000Z,172.4,,118.1,118.1,
המשפחה הקדושה,172.4,2022-04-27T00:00:00.000Z,172.4,,118.1,118.1,
המשפחה הקדושה,172.4,2022-04-27T00:00:00.000Z,172.4,,118.1,118.1,
המשפחה הקדושה,172.4,2022-04-27T00:00:00.000Z,172.4,,118.1,118.1,
המשפחה הקדושה,172.4,2022-04-27T00:00:00.000Z,172.4,,118.1,118.1,
המשפחה הקדושה,172.4,2022-04-27T00:00:00.000Z,172.4,,118.1,118.1,
המשפחה הקדושה,172.4,2022-04-27T00:00:00.000Z,172.4,,118.1,118.1,
המשפחה הקדושה,172.4,2022-04-27T00:00:00.000Z,172.4,,118.1,118.1,
המשפחה הקדושה,172.4,2022-04-27T00:00:00.000Z,172.4,,118.1,118.1,
המשפחה הקדושה,172.4,2022-04-27T00:00:00.000Z,172.4,,118.1,118.1,
המשפחה הקדושה,172.4,2022-04-27T00:00:00.000Z,172.4,,118.1,118.1,
המשפחה הקדושה,172.4,2022-04-27T00:00:00.000Z,172.4,,118.1,118.1,
המשפחה הקדושה,172.4,2022-04-27T00:00:00.000Z,172.4,,118.1,118.1,
המשפחה הקדושה,172.4,2022-04-27T00:00:00.000Z,172.4,,118.1,118.1,
המשפחה הקדושה,172.4,2022-04-27T00:00:00.000Z,172.4,,118.1,118.1,
המשפחה הקדושה,172.4,2022-04-27T00:00:00.000Z,172.4,,118.1,118.1,
המשפחה הקדושה,172.4,2022-04-27T00:00:00.000Z,172.4,,118.1,118.1,
המשפחה הקדושה,172.4,2022-04-27T00:00:00.000Z,172.4,,118.1,118.1,
המשפחה הקדושה,172.4,2022-04-27T00:00:00.000Z,172.4,,118.1,118.1,
המשפחה הקדושה,172.4,2022-04-27T00:00:00.000Z,172.4,,118.1,118.1,
המשפחה הקדושה,172.4,2022-04-27T00:00:00.000Z,172.4,,118.1,118.1,
המשפחה הקדושה,172.4,2022-04-27T00:00:00.000Z,172.4,,118.1,118.1,
המשפחה הקדושה,172.4,2022-04-27T00:00:00.000Z,172.4,,118.1,118.1,
המשפחה הקדושה,172.4,2022-04-27T00:00:00.000Z,172.4,,118.1,118.1,
המשפחה הקדושה,172.4,2022-04-27T00:00:00.000Z,172.4,,118.1,118.1,
המשפחה הקדושה,172.4,2022-04-27T00:00:00.000Z,172.4,,118.1,118.1,
המשפחה הקדושה,172.4,2022-04-27T00:00:00.000Z,172.4,,118.1,118.1,
המשפחה הקדושה,172.4,2022-04-27T00:00:00.000Z,172.4,,118.1,118.1,
המשפחה הקדושה,172.4,2022-04-27T00:00:00.000Z,172.4,,118.1,118.1,
המשפחה הקדושה,172.4,2022-04-27T00:00:00.000Z,172.4,,118.1,118.1,
המשפחה הקדושה,172.4,2022-04-27T00:00:00.000Z,172.4,,118.1,118.1,
המשפחה הקדושה,172.4,2022-04-27T00:00:00.000Z,172.4,,118.1,118.1,
המשפחה הקדושה,172.4,2022-04-27T00:00:00.000Z,172.4,,118.1,118.1,
המשפחה הקדושה,172.4,2022-04-27T00:00:00.000Z,172.4,,118.1,118.1,
המשפחה הקדושה,172.4,2022-04-27T00:00:00.000Z,172.4,,118.1,118.1,
המשפחה הקדושה,172.4,2022-04-27T00:00:00.000Z,172.4,,118.1,118.1,
המשפחה הקדושה,172.4,2022-04-27T00:00:00.000Z,172.4,,118.1,118.1,
המשפחה הקדושה,172.4,2022-04-27T00:00:00.000Z,172.4,,118.1,118.1,
המשפחה הקדושה,172.4,2022-04-27T00:00:00.000Z,172.4,,118.1,118.1,
המשפחה הקדושה,172.4,2022-04-27T00:00:00.000Z,172.4,,118.1,118.1,
המשפחה הקדושה,172.4,2022-04-27T00:00:00.000Z,172.4,,118.1,118.1,
המשפחה הקדושה,172.4,2022-04-27T00:00:00.000Z,172.4,,118.1,118.1,
המשפחה הקדושה,172.4,2022-04-27T00:00:00.000Z,172.4,,118.1,118.1,
המשפחה הקדושה,172.4,2022-04-27T00:00:00.000Z,172.4,,118.1,118.1,
המשפחה הקדושה,172.4,2022-04-27T00:00:00.000Z,172.4,,118.1,118.1,
המשפחה הקדושה,172.4,2022-04-27T00:00:00.000Z,172.4,,118.1,118.1,
המשפחה הקדושה,172.4,2022-04-27T00:00:00.000Z,172.4,,118.1,118.1,
המשפחה הקדושה,172.4,2022-04-27T00:00:00.000Z,172.4,,118.1,118.1,
המשפחה הקדושה,172.4,2022-04-27T00:00:00.000Z,172.4,,118.1,118.1,
המשפחה הקדושה,172.4,2022-04-27T00:00:00.000Z,172.4,,118.1,118.1,
המשפחה הקדושה,172.4,2022-04-27T00:00:00.000Z,172.4,,118.1,118.1,
המשפחה הקדושה,172.4,2022-04-27T00:00:00.000Z,172.4,,118.1,118.1,
המשפחה הקדושה,172.4,2022-04-27T00:00:00.000Z,172.4,,118.1,118.1,
המשפחה הקדושה,172.4,2022-04-27T00:00:00.000Z,172.4,,118.1,118.1,
המשפחה הקדושה,172.4,2022-04-27T00:00:00.000Z,172.4,,118.1,118.1,
המשפחה הקדושה,172.4,2022-04-27T00:00:00.000Z,172.4,,118.1,118.1,
המשפחה הקדושה,172.4,2022-04-27T00:00:00.000Z,172.4,,118.1,118.1,
המשפחה הקדושה,172.4,2022-04-27T00:00:00.000Z,172.4,,118.1,118.1,
המשפחה הקדושה,172.4,2022-04-27T00:00:00.000Z,172.4,,118.1,118.1,
המשפחה הקדושה,172.4,2022-04-27T00:00:00.000Z,172.4,,118.1,118.1,
המשפחה הקדושה,172.4,2022-04-27T00:00:00.000Z,172.4,,118.1,118.1,
המשפחה הקדושה,172.4,2022-04-27T00:00:00.000Z,172.4,,118.1,118.1,
המשפחה הקדושה,172.4,2022-04-27T00:00:00.000Z,172.4,,118.1,118.1,
המשפחה הקדושה,172.4,2022-04-27T00:00:00.000Z,172.4,,118.1,118.1,
המשפחה הקדושה,172.4,2022-04-27T00:00:00.000Z,172.4,,118.1,118.1,
המשפחה הקדושה,172.4,2022-04-27T00:00:00.000Z,172.4,,118.1,118.1,
המשפחה הקדושה,172.4,2022-04-27T00:00:00.000Z,172.4,,118.1,118.1,
המשפחה הקדושה,172.4,2022-04-27T00:00:00.000Z,172.4,,118.1,118.1,
המשפחה הקדושה,172.4,2022-04-27T00:00:00.000Z,172.4,,118.1,118.1,
המשפחה הקדושה,172.4,2022-04-27T00:00:00.000Z,172.4,,118.1,118.1,
המשפחה הקדושה,172.4,2022-04-27T00:00:00.000Z,172.4,,118.1,118.1,
המשפחה הקדושה,172.4,2022-04-27T00:00:00.000Z,172.4,,118.1,118.1,
המשפחה הקדושה,172.4,2022-04-27T00:00:00.000Z,172.4,,118.1,118.1,
המשפחה הקדושה,172.4,2022-04-27T00:00:00.000Z,172.4,,118.1,118.1,
המשפחה הקדושה,172.4,2022-04-27T00:00:00.000Z,172.4,,118.1,118.1,
המשפחה הקדושה,172.4,2022-04-27T00:00:00.000Z,172.4,,118.1,118.1,
המשפחה הקדושה,172.4,2022-04-27T00:00:00.000Z,172.4,,118.1,118.1,
המשפחה הקדושה,172.4,2022-04-27T00:00:00.000Z,172.4,,118.1,118.1,
המשפחה הקדושה,172.4,2022-04-27T00:00:00.000Z,172.4,,118.1,118.1,
המשפחה הקדושה,172.4,2022-04-27T00:00:00.000Z,172.4,,118.1,118.1,
המשפחה הקדושה,172.4,2022-04-27T00:00:00.000Z,172.4,,118.1,118.1,
המשפחה הקדושה,172.4,2022-04-27T00:00:00.000Z,172.4,,118.1,118.1,
המשפחה הקדושה,172.4,2022-04-27T00:00:00.000Z,172.4,,118.1,118.1,
המשפחה הקדושה,172.4,2022-04-27T00:00:00.000Z,172.4,,118.1,118.1,
המשפחה הקדושה,172.4,2022-04-27T00:00:00.000Z,172.4,,118.1,118.1,
המשפחה הקדושה,172.4,2022-04-27T00:00:00.000Z,172.4,,118.1,118.1,
המשפחה הקדושה,172.4,2022-04-27T00:00:00.000Z,172.4,,118.1,118.1,
המשפחה הקדושה,172.4,2022-04-27T00:00:00.000Z,172.4,,118.1,118.1,
המשפחה הקדושה,172.4,2022-04-27T00:00:00.000Z,172.4,,118.1,118.1,
המשפחה הקדושה,172.4,2022-04-27T00:00:00.000Z,172.4,,118.1,118.1,
המשפחה הקדושה,172.4,2022-04-27T00:00:00.000Z,172.4,,118.1,118.1,
המשפחה הקדושה,172.4,2022-04-27T00:00:00.000Z,172.4,,118.1,118.1,
המשפחה הקדושה,172.4,2022-04-27T00:00:00.000Z,172.4,,118.1,118.1,
המשפחה הקדושה,172.4,2022-04-27T00:00:00.000Z,172.4,,118.1,118.1,
המשפחה הקדושה,172.4,2022-04-27T00:00:00.000Z,172.4,,118.1,118.1,
המשפחה הקדושה,172.4,2022-04-27T00:00:00.000Z,172.4,,118.1,118.1,
המשפחה הקדושה,172.4,2022-04-27T00:00:00.000Z,172.4,,118.1,118.1,
המשפחה הקדושה,172.4,2022-04-27T00:00:00.000Z,172.4,,118.1,118.1,
המשפחה הקדושה,172.4,2022-04-27T00:00:00.000Z,172.4,,118.1,118.1,
המשפחה הקדושה,172.4,2022-04-27T00:00:00.000Z,172.4,,118.1,118.1,
המשפחה הקדושה,172.4,2022-04-27T00:00:00.000Z,172.4,,118.1,118.1,
המשפחה הקדושה,172.4,2022-04-27T00:00:00.000Z,172.4,,118.1,118.1,
המשפחה הקדושה,172.4,2022-04-27T00:00:00.000Z,172.4,,118.1,118.1,
המשפחה הקדושה,172.4,2022-04-27T00:00:00.000Z,172.4,,118.1,118.1,
המשפחה הקדושה,172.4,2022-04-27T00:00:00.000Z,172.4,,118.1,118.1,
המשפחה הקדושה,172.4,2022-04-27T00:00:00.000Z,172.4,,118.1,118.1,
המשפחה הקדושה,172.4,2022-04-27T00:00:00.000Z,172.4,,118.1,118.1,
המשפחה הקדושה,172.4,2022-04-27T00:00:00.000Z,172.4,,118.1,118.1,
המשפחה הקדושה,172.4,2022-04-27T00:00:00.000Z,172.4,,118.1,118.1,
המשפחה הקדושה,172.4,2022-04-27T00:00:00.000Z,172.4,,118.1,118.1,
המשפחה הקדושה,172.4,2022-04-27T00:00:00.000Z,172.4,,118.1,118.1,
המשפחה הקדושה,172.4,2022-04-27T00:00:00.000Z,172.4,,118.1,118.1,
המשפחה הקדושה,172.4,2022-04-27T00:00:00.000Z,172.4,,118.1,118.1,
המשפחה הקדושה,172.4,2022-04-27T00:00:00.000Z,172.4,,118.1,118.1,
המשפחה הקדושה,172.4,2022-04-27T00:00:00.000Z,172.4,,118.1,118.1,
המשפחה הקדושה,172.4,2022-04-27T00:00:00.000Z,172.4,,118.1,118.1,
המשפחה הקדושה,172.4,2022-04-27T00:00:00.000Z,172.4,,118.1,118.1,
המשפחה הקדושה,172.4,2022-04-27T00:00:00.000Z,172.4,,118.1,118.1,
המשפחה הקדושה,172.4,2022-04-27T00:00:00.000Z,172.4,,118.1,118.1,
המשפחה הקדושה,172.4,2022-04-27T00:00:00.000Z,172.4,,118.1,118.1,
המשפחה הקדושה,172.4,2022-04-27T00:00:00.000Z,172.4,,118.1,118.1,
המשפחה הקדושה,172.4,2022-04-27T00:00:00.000Z,172.4,,118.1,118.1,
המשפחה הקדושה,172.4,2022-04-27T00:00:00.000Z,172.4,,118.1,118.1,
המשפחה הקדושה,172.4,2022-04-27T00:00:00.000Z,172.4,,118.1,118.1,
המשפחה הקדושה,172.4,2022-04-27T00:00:00.000Z,172.4,,118.1,118.1,
המשפחה הקדושה,172.4,2022-04-27T00:00:00.000Z,172.4,,118.1,118.1,
המשפחה הקדושה,172.4,2022-04-27T00:00:00.000Z,172.4,,118.1,118.1,
המשפחה הקדושה,172.4,2022-04-27T00:00:00.000Z,172.4,,118.1,118.1,
המשפחה הקדושה,172.4,2022-04-27T00:00:00.000Z,172.4,,118.1,118.1,
המשפחה הקדושה,172.4,2022-04-27T00:00:00.000Z,172.4,,118.1,118.1,
המשפחה הקדושה,172.4,2022-04-27T00:00:00.000Z,172.4,,118.1,118.1,
המשפחה הקדושה,172.4,2022-04-27T00:00:00.000Z,172.4,,118.1,118.1,
המשפחה הקדושה,172.4,2022-04-27T00:00:00.000Z,172.4,,118.1,118.1,
המשפחה הקדושה,172.4,2022-04-27T00:00:00.000Z,172.4,,118.1,118.1,
המשפחה הקדושה,172.4,2022-04-27T00:00:00.000Z,172.4,,118.1,118.1,
המשפחה הקדושה,172.4,2022-04-27T00:00:00.000Z,172.4,,118.1,118.1,
המשפחה הקדושה,172.4,2022-04-27T00:00:00.000Z,172.4,,118.1,118.1,
המשפחה הקדושה,172.4,2022-04-27T00:00:00.000Z,172.4,,118.1,118.1,
המשפחה הקדושה,172.4,2022-04-27T00:00:00.000Z,172.4,,118.1,118.1,
המשפחה הקדושה,172.4,2022-04-27T00:00:00.000Z,172.4,,118.1,118.1,
המשפחה הקדושה,172.4,2022-04-27T00:00:00.000Z,172.4,,118.1,118.1,
המשפחה הקדושה,172.4,2022-04-27T00:00:00.000Z,172.4,,118.1,118.1,
המשפחה הקדושה,172.4,2022-04-27T00:00:00.000Z,172.4,,118.1,118.1,
המשפחה הקדושה,172.4,2022-04-27T00:00:00.000Z,172.4,,118.1,118.1,
המשפחה הקדושה,172.4,2022-04-27T00:00:00.000Z,172.4,,118.1,118.1,
המשפחה הקדושה,172.4,2022-04-27T00:00:00.000Z,172.4,,118.1,118.1,
המשפחה הקדושה,172.4,2022-04-27T00:00:00.000Z,172.4,,118.1,118.1,
המשפחה הקדושה,172.4,2022-04-27T00:00:00.000Z,172.4,,118.1,118.1,
המשפחה הקדושה,172.4,2022-04-27T00:00:00.000Z,172.4,,118.1,118.1,
המשפחה הקדושה,172.4,2022-04-27T00:00:00.000Z,172.4,,118.1,118.1,
המשפחה הקדושה,172.4,2022-04-27T00:00:00.000Z,172.4,,118.1,118.1,
המשפחה הקדושה,172.4,2022-04-27T00:00:00.000Z,172.4,,118.1,118.1,
המשפחה הקדושה,172.4,2022-04-27T00:00:00.000Z,172.4,,118.1,118.1,
המשפחה הקדושה,172.4,2022-04-27T00:00:00.000Z,172.4,,118.1,118.1,
המשפחה הקדושה,172.4,2022-04-27T00:00:00.000Z,172.4,,118.1,118.1,
המשפחה הקדושה,172.4,2022-04-27T00:00:00.000Z,172.4,,118.1,118.1,
המשפחה הקדושה,172.4,2022-04-27T00:00:00.000Z,172.4,,118.1,118.1,
המשפחה הקדושה,172.4,2022-04-27T00:00:00.000Z,172.4,,118.1,118.1,
המשפחה הקדושה,172.4,2022-04-27T00:00:00.000Z,172.4,,118.1,118.1,
המשפחה הקדושה,172.4,2022-04-27T00:00:00.000Z,172.4,,118.1,118.1,
המשפחה הקדושה,172.4,2022-04-27T00:00:00.000Z,172.4,,118.1,118.1,
המשפחה הקדושה,172.4,2022-04-27T00:00:00.000Z,172.4,,118.1,118.1,
המשפחה הקדושה,172.4,2022-04-27T00:00:00.000Z,172.4,,118.1,118.1,
המשפחה הקדושה,172.4,2022-04-27T00:00:00.000Z,172.4,,118.1,118.1,
המשפחה הקדושה,172.4,2022-04-27T00:00:00.000Z,172.4,,118.1,118.1,
כלל המוסדות,91.2,2022-04-27T00:00:00.000Z,93.2,85.7,88.6,85.3,78.7
המרכזי בעמק,98.1,2022-04-27T00:00:00.000Z,98.1,101.9,71.3,71.3,76.9
המרכזי בעמק,98.1,2022-04-27T00:00:00.000Z,98.1,101.9,71.3,71.3,76.9
המרכזי בעמק,98.1,2022-04-27T00:00:00.000Z,98.1,101.9,71.3,71.3,76.9
המרכזי בעמק,98.1,2022-04-27T00:00:00.000Z,98.1,101.9,71.3,71.3,76.9
המרכזי בעמק,98.1,2022-04-27T00:00:00.000Z,98.1,101.9,71.3,71.3,76.9
המרכזי בעמק,98.1,2022-04-27T00:00:00.000Z,98.1,101.9,71.3,71.3,76.9
המרכזי בעמק,98.1,2022-04-27T00:00:00.000Z,98.1,101.9,71.3,71.3,76.9
המרכזי בעמק,98.1,2022-04-27T00:00:00.000Z,98.1,101.9,71.3,71.3,76.9
המרכזי בעמק,98.1,2022-04-27T00:00:00.000Z,98.1,101.9,71.3,71.3,76.9
המרכזי בעמק,98.1,2022-04-27T00:00:00.000Z,98.1,101.9,71.3,71.3,76.9
המרכזי בעמק,98.1,2022-04-27T00:00:00.000Z,98.1,101.9,71.3,71.3,76.9
המרכזי בעמק,98.1,2022-04-27T00:00:00.000Z,98.1,101.9,71.3,71.3,76.9
המרכזי בעמק,98.1,2022-04-27T00:00:00.000Z,98.1,101.9,71.3,71.3,76.9
המרכזי בעמק,98.1,2022-04-27T00:00:00.000Z,98.1,101.9,71.3,71.3,76.9
המרכזי בעמק,98.1,2022-04-27T00:00:00.000Z,98.1,101.9,71.3,71.3,76.9
המרכזי בעמק,98.1,2022-04-27T00:00:00.000Z,98.1,101.9,71.3,71.3,76.9
המרכזי בעמק,98.1,2022-04-27T00:00:00.000Z,98.1,101.9,71.3,71.3,76.9
המרכזי בעמק,98.1,2022-04-27T00:00:00.000Z,98.1,101.9,71.3,71.3,76.9
המרכזי בעמק,98.1,2022-04-27T00:00:00.000Z,98.1,101.9,71.3,71.3,76.9
המרכזי בעמק,98.1,2022-04-27T00:00:00.000Z,98.1,101.9,71.3,71.3,76.9
המרכזי בעמק,98.1,2022-04-27T00:00:00.000Z,98.1,101.9,71.3,71.3,76.9
המרכזי בעמק,98.1,2022-04-27T00:00:00.000Z,98.1,101.9,71.3,71.3,76.9
המרכזי בעמק,98.1,2022-04-27T00:00:00.000Z,98.1,101.9,71.3,71.3,76.9
המרכזי בעמק,98.1,2022-04-27T00:00:00.000Z,98.1,101.9,71.3,71.3,76.9
המרכזי בעמק,98.1,2022-04-27T00:00:00.000Z,98.1,101.9,71.3,71.3,76.9
המרכזי בעמק,98.1,2022-04-27T00:00:00.000Z,98.1,101.9,71.3,71.3,76.9
המרכזי בעמק,98.1,2022-04-27T00:00:00.000Z,98.1,101.9,71.3,71.3,76.9
המרכזי בעמק,98.1,2022-04-27T00:00:00.000Z,98.1,101.9,71.3,71.3,76.9
המרכזי בעמק,98.1,2022-04-27T00:00:00.000Z,98.1,101.9,71.3,71.3,76.9
המרכזי בעמק,98.1,2022-04-27T00:00:00.000Z,98.1,101.9,71.3,71.3,76.9
המרכזי בעמק,98.1,2022-04-27T00:00:00.000Z,98.1,101.9,71.3,71.3,76.9
המרכזי בעמק,98.1,2022-04-27T00:00:00.000Z,98.1,101.9,71.3,71.3,76.9
המרכזי בעמק,98.1,2022-04-27T00:00:00.000Z,98.1,101.9,71.3,71.3,76.9
המרכזי בעמק,98.1,2022-04-27T00:00:00.000Z,98.1,101.9,71.3,71.3,76.9
המרכזי בעמק,98.1,2022-04-27T00:00:00.000Z,98.1,101.9,71.3,71.3,76.9
המרכזי בעמק,98.1,2022-04-27T00:00:00.000Z,98.1,101.9,71.3,71.3,76.9
המרכזי בעמק,98.1,2022-04-27T00:00:00.000Z,98.1,101.9,71.3,71.3,76.9
שמואל הרופא,75,2022-04-27T00:00:00.000Z,75,102.8,75.4,75.4,85.6
שמואל הרופא,75,2022-04-27T00:00:00.000Z,75,102.8,75.4,75.4,85.6
שמואל הרופא,75,2022-04-27T00:00:00.000Z,75,102.8,75.4,75.4,85.6
שמואל הרופא,75,2022-04-27T00:00:00.000Z,75,102.8,75.4,75.4,85.6
מאיר,64,2022-04-27T00:00:00.000Z,64,71,75.6,75.6,80.8
מאיר,64,2022-04-27T00:00:00.000Z,64,71,75.6,75.6,80.8
מאיר,64,2022-04-27T00:00:00.000Z,64,71,75.6,75.6,80.8
מאיר,64,2022-04-27T00:00:00.000Z,64,71,75.6,75.6,80.8
מאיר,64,2022-04-27T00:00:00.000Z,64,71,75.6,75.6,80.8
מאיר,64,2022-04-27T00:00:00.000Z,64,71,75.6,75.6,80.8
מאיר,64,2022-04-27T00:00:00.000Z,64,71,75.6,75.6,80.8
מאיר,64,2022-04-27T00:00:00.000Z,64,71,75.6,75.6,80.8
מאיר,64,2022-04-27T00:00:00.000Z,64,71,75.6,75.6,80.8
מאיר,64,2022-04-27T00:00:00.000Z,64,71,75.6,75.6,80.8
מאיר,64,2022-04-27T00:00:00.000Z,64,71,75.6,75.6,80.8
מאיר,64,2022-04-27T00:00:00.000Z,64,71,75.6,75.6,80.8
מאיר,64,2022-04-27T00:00:00.000Z,64,71,75.6,75.6,80.8
מאיר,64,2022-04-27T00:00:00.000Z,64,71,75.6,75.6,80.8
מאיר,64,2022-04-27T00:00:00.000Z,64,71,75.6,75.6,80.8
מאיר,64,2022-04-27T00:00:00.000Z,64,71,75.6,75.6,80.8
מאיר,64,2022-04-27T00:00:00.000Z,64,71,75.6,75.6,80.8
מאיר,64,2022-04-27T00:00:00.000Z,64,71,75.6,75.6,80.8
מאיר,64,2022-04-27T00:00:00.000Z,64,71,75.6,75.6,80.8
מאיר,64,2022-04-27T00:00:00.000Z,64,71,75.6,75.6,80.8
מאיר,64,2022-04-27T00:00:00.000Z,64,71,75.6,75.6,80.8
מאיר,64,2022-04-27T00:00:00.000Z,64,71,75.6,75.6,80.8
מאיר,64,2022-04-27T00:00:00.000Z,64,71,75.6,75.6,80.8
מאיר,64,2022-04-27T00:00:00.000Z,64,71,75.6,75.6,80.8
מאיר,64,2022-04-27T00:00:00.000Z,64,71,75.6,75.6,80.8
מאיר,64,2022-04-27T00:00:00.000Z,64,71,75.6,75.6,80.8
מאיר,64,2022-04-27T00:00:00.000Z,64,71,75.6,75.6,80.8
מאיר,64,2022-04-27T00:00:00.000Z,64,71,75.6,75.6,80.8
מאיר,64,2022-04-27T00:00:00.000Z,64,71,75.6,75.6,80.8
מאיר,64,2022-04-27T00:00:00.000Z,64,71,75.6,75.6,80.8
מאיר,64,2022-04-27T00:00:00.000Z,64,71,75.6,75.6,80.8
מאיר,64,2022-04-27T00:00:00.000Z,64,71,75.6,75.6,80.8
מאיר,64,2022-04-27T00:00:00.000Z,64,71,75.6,75.6,80.8
הדסה הר הצופים,77.8,2022-04-27T00:00:00.000Z,77.8,91.7,85.8,85.8,85.8
הדסה הר הצופים,77.8,2022-04-27T00:00:00.000Z,77.8,91.7,85.8,85.8,85.8
הדסה הר הצופים,77.8,2022-04-27T00:00:00.000Z,77.8,91.7,85.8,85.8,85.8
הדסה הר הצופים,77.8,2022-04-27T00:00:00.000Z,77.8,91.7,85.8,85.8,85.8
הדסה הר הצופים,77.8,2022-04-27T00:00:00.000Z,77.8,91.7,85.8,85.8,85.8
הדסה הר הצופים,77.8,2022-04-27T00:00:00.000Z,77.8,91.7,85.8,85.8,85.8
הדסה הר הצופים,77.8,2022-04-27T00:00:00.000Z,77.8,91.7,85.8,85.8,85.8
הדסה הר הצופים,77.8,2022-04-27T00:00:00.000Z,77.8,91.7,85.8,85.8,85.8
הדסה הר הצופים,77.8,2022-04-27T00:00:00.000Z,77.8,91.7,85.8,85.8,85.8
הדסה הר הצופים,77.8,2022-04-27T00:00:00.000Z,77.8,91.7,85.8,85.8,85.8
הדסה הר הצופים,77.8,2022-04-27T00:00:00.000Z,77.8,91.7,85.8,85.8,85.8
הדסה הר הצופים,77.8,2022-04-27T00:00:00.000Z,77.8,91.7,85.8,85.8,85.8
הדסה הר הצופים,77.8,2022-04-27T00:00:00.000Z,77.8,91.7,85.8,85.8,85.8
הדסה הר הצופים,77.8,2022-04-27T00:00:00.000Z,77.8,91.7,85.8,85.8,85.8
הדסה הר הצופים,77.8,2022-04-27T00:00:00.000Z,77.8,91.7,85.8,85.8,85.8
הדסה הר הצופים,77.8,2022-04-27T00:00:00.000Z,77.8,91.7,85.8,85.8,85.8
הדסה הר הצופים,77.8,2022-04-27T00:00:00.000Z,77.8,91.7,85.8,85.8,85.8
הדסה הר הצופים,77.8,2022-04-27T00:00:00.000Z,77.8,91.7,85.8,85.8,85.8
הדסה הר הצופים,77.8,2022-04-27T00:00:00.000Z,77.8,91.7,85.8,85.8,85.8
הדסה הר הצופים,77.8,2022-04-27T00:00:00.000Z,77.8,91.7,85.8,85.8,85.8
הדסה הר הצופים,77.8,2022-04-27T00:00:00.000Z,77.8,91.7,85.8,85.8,85.8
הדסה הר הצופים,77.8,2022-04-27T00:00:00.000Z,77.8,91.7,85.8,85.8,85.8
הדסה הר הצופים,77.8,2022-04-27T00:00:00.000Z,77.8,91.7,85.8,85.8,85.8
הדסה הר הצופים,77.8,2022-04-27T00:00:00.000Z,77.8,91.7,85.8,85.8,85.8
הדסה הר הצופים,77.8,2022-04-27T00:00:00.000Z,77.8,91.7,85.8,85.8,85.8
הדסה הר הצופים,77.8,2022-04-27T00:00:00.000Z,77.8,91.7,85.8,85.8,85.8
הדסה הר הצופים,77.8,2022-04-27T00:00:00.000Z,77.8,91.7,85.8,85.8,85.8
הדסה הר הצופים,77.8,2022-04-27T00:00:00.000Z,77.8,91.7,85.8,85.8,85.8
הדסה הר הצופים,77.8,2022-04-27T00:00:00.000Z,77.8,91.7,85.8,85.8,85.8
הדסה הר הצופים,77.8,2022-04-27T00:00:00.000Z,77.8,91.7,85.8,85.8,85.8
הדסה הר הצופים,77.8,2022-04-27T00:00:00.000Z,77.8,91.7,85.8,85.8,85.8
הדסה הר הצופים,77.8,2022-04-27T00:00:00.000Z,77.8,91.7,85.8,85.8,85.8
הדסה הר הצופים,77.8,2022-04-27T00:00:00.000Z,77.8,91.7,85.8,85.8,85.8
הדסה הר הצופים,77.8,2022-04-27T00:00:00.000Z,77.8,91.7,85.8,85.8,85.8
הדסה הר הצופים,77.8,2022-04-27T00:00:00.000Z,77.8,91.7,85.8,85.8,85.8
הדסה הר הצופים,77.8,2022-04-27T00:00:00.000Z,77.8,91.7,85.8,85.8,85.8
הדסה הר הצופים,77.8,2022-04-27T00:00:00.000Z,77.8,91.7,85.8,85.8,85.8
הדסה הר הצופים,77.8,2022-04-27T00:00:00.000Z,77.8,91.7,85.8,85.8,85.8
הדסה הר הצופים,77.8,2022-04-27T00:00:00.000Z,77.8,91.7,85.8,85.8,85.8
הדסה הר הצופים,77.8,2022-04-27T00:00:00.000Z,77.8,91.7,85.8,85.8,85.8
הדסה הר הצופים,77.8,2022-04-27T00:00:00.000Z,77.8,91.7,85.8,85.8,85.8
הדסה הר הצופים,77.8,2022-04-27T00:00:00.000Z,77.8,91.7,85.8,85.8,85.8
הדסה הר הצופים,77.8,2022-04-27T00:00:00.000Z,77.8,91.7,85.8,85.8,85.8
הדסה הר הצופים,77.8,2022-04-27T00:00:00.000Z,77.8,91.7,85.8,85.8,85.8
הדסה הר הצופים,77.8,2022-04-27T00:00:00.000Z,77.8,91.7,85.8,85.8,85.8
הדסה הר הצופים,77.8,2022-04-27T00:00:00.000Z,77.8,91.7,85.8,85.8,85.8
הדסה הר הצופים,77.8,2022-04-27T00:00:00.000Z,77.8,91.7,85.8,85.8,85.8
הדסה הר הצופים,77.8,2022-04-27T00:00:00.000Z,77.8,91.7,85.8,85.8,85.8
הדסה הר הצופים,77.8,2022-04-27T00:00:00.000Z,77.8,91.7,85.8,85.8,85.8
הדסה הר הצופים,77.8,2022-04-27T00:00:00.000Z,77.8,91.7,85.8,85.8,85.8
הדסה הר הצופים,77.8,2022-04-27T00:00:00.000Z,77.8,91.7,85.8,85.8,85.8
הדסה הר הצופים,77.8,2022-04-27T00:00:00.000Z,77.8,91.7,85.8,85.8,85.8
הדסה הר הצופים,77.8,2022-04-27T00:00:00.000Z,77.8,91.7,85.8,85.8,85.8
הדסה הר הצופים,77.8,2022-04-27T00:00:00.000Z,77.8,91.7,85.8,85.8,85.8
הדסה הר הצופים,77.8,2022-04-27T00:00:00.000Z,77.8,91.7,85.8,85.8,85.8
הדסה הר הצופים,77.8,2022-04-27T00:00:00.000Z,77.8,91.7,85.8,85.8,85.8
הדסה הר הצופים,77.8,2022-04-27T00:00:00.000Z,77.8,91.7,85.8,85.8,85.8
הדסה הר הצופים,77.8,2022-04-27T00:00:00.000Z,77.8,91.7,85.8,85.8,85.8
הדסה הר הצופים,77.8,2022-04-27T00:00:00.000Z,77.8,91.7,85.8,85.8,85.8
הדסה הר הצופים,77.8,2022-04-27T00:00:00.000Z,77.8,91.7,85.8,85.8,85.8
הדסה הר הצופים,77.8,2022-04-27T00:00:00.000Z,77.8,91.7,85.8,85.8,85.8
הדסה הר הצופים,77.8,2022-04-27T00:00:00.000Z,77.8,91.7,85.8,85.8,85.8
הדסה הר הצופים,77.8,2022-04-27T00:00:00.000Z,77.8,91.7,85.8,85.8,85.8
הדסה הר הצופים,77.8,2022-04-27T00:00:00.000Z,77.8,91.7,85.8,85.8,85.8
הדסה הר הצופים,77.8,2022-04-27T00:00:00.000Z,77.8,91.7,85.8,85.8,85.8
הדסה הר הצופים,77.8,2022-04-27T00:00:00.000Z,77.8,91.7,85.8,85.8,85.8
הדסה הר הצופים,77.8,2022-04-27T00:00:00.000Z,77.8,91.7,85.8,85.8,85.8
הדסה הר הצופים,77.8,2022-04-27T00:00:00.000Z,77.8,91.7,85.8,85.8,85.8
הדסה הר הצופים,77.8,2022-04-27T00:00:00.000Z,77.8,91.7,85.8,85.8,85.8
הדסה הר הצופים,77.8,2022-04-27T00:00:00.000Z,77.8,91.7,85.8,85.8,85.8
הדסה הר הצופים,77.8,2022-04-27T00:00:00.000Z,77.8,91.7,85.8,85.8,85.8
הדסה הר הצופים,77.8,2022-04-27T00:00:00.000Z,77.8,91.7,85.8,85.8,85.8
הדסה הר הצופים,77.8,2022-04-27T00:00:00.000Z,77.8,91.7,85.8,85.8,85.8
הדסה הר הצופים,77.8,2022-04-27T00:00:00.000Z,77.8,91.7,85.8,85.8,85.8
הדסה הר הצופים,77.8,2022-04-27T00:00:00.000Z,77.8,91.7,85.8,85.8,85.8
הדסה הר הצופים,77.8,2022-04-27T00:00:00.000Z,77.8,91.7,85.8,85.8,85.8
הדסה הר הצופים,77.8,2022-04-27T00:00:00.000Z,77.8,91.7,85.8,85.8,85.8
הדסה הר הצופים,77.8,2022-04-27T00:00:00.000Z,77.8,91.7,85.8,85.8,85.8
הדסה הר הצופים,77.8,2022-04-27T00:00:00.000Z,77.8,91.7,85.8,85.8,85.8
הדסה הר הצופים,77.8,2022-04-27T00:00:00.000Z,77.8,91.7,85.8,85.8,85.8
הדסה הר הצופים,77.8,2022-04-27T00:00:00.000Z,77.8,91.7,85.8,85.8,85.8
הדסה הר הצופים,77.8,2022-04-27T00:00:00.000Z,77.8,91.7,85.8,85.8,85.8
הדסה הר הצופים,77.8,2022-04-27T00:00:00.000Z,77.8,91.7,85.8,85.8,85.8
הדסה הר הצופים,77.8,2022-04-27T00:00:00.000Z,77.8,91.7,85.8,85.8,85.8
הדסה הר הצופים,77.8,2022-04-27T00:00:00.000Z,77.8,91.7,85.8,85.8,85.8
הדסה הר הצופים,77.8,2022-04-27T00:00:00.000Z,77.8,91.7,85.8,85.8,85.8
הדסה הר הצופים,77.8,2022-04-27T00:00:00.000Z,77.8,91.7,85.8,85.8,85.8
הדסה הר הצופים,77.8,2022-04-27T00:00:00.000Z,77.8,91.7,85.8,85.8,85.8
הדסה הר הצופים,77.8,2022-04-27T00:00:00.000Z,77.8,91.7,85.8,85.8,85.8
הדסה הר הצופים,77.8,2022-04-27T00:00:00.000Z,77.8,91.7,85.8,85.8,85.8
הדסה הר הצופים,77.8,2022-04-27T00:00:00.000Z,77.8,91.7,85.8,85.8,85.8
הדסה הר הצופים,77.8,2022-04-27T00:00:00.000Z,77.8,91.7,85.8,85.8,85.8
הדסה הר הצופים,77.8,2022-04-27T00:00:00.000Z,77.8,91.7,85.8,85.8,85.8
הדסה הר הצופים,77.8,2022-04-27T00:00:00.000Z,77.8,91.7,85.8,85.8,85.8
הדסה הר הצופים,77.8,2022-04-27T00:00:00.000Z,77.8,91.7,85.8,85.8,85.8
הדסה הר הצופים,77.8,2022-04-27T00:00:00.000Z,77.8,91.7,85.8,85.8,85.8
המשפחה הקדושה,172.4,2022-04-27T00:00:00.000Z,172.4,,118.1,118.1,
המשפחה הקדושה,172.4,2022-04-27T00:00:00.000Z,172.4,,118.1,118.1,
המשפחה הקדושה,172.4,2022-04-27T00:00:00.000Z,172.4,,118.1,118.1,
המשפחה הקדושה,172.4,2022-04-27T00:00:00.000Z,172.4,,118.1,118.1,
המשפחה הקדושה,172.4,2022-04-27T00:00:00.000Z,172.4,,118.1,118.1,
המשפחה הקדושה,172.4,2022-04-27T00:00:00.000Z,172.4,,118.1,118.1,
המשפחה הקדושה,172.4,2022-04-27T00:00:00.000Z,172.4,,118.1,118.1,
המשפחה הקדושה,172.4,2022-04-27T00:00:00.000Z,172.4,,118.1,118.1,
המשפחה הקדושה,172.4,2022-04-27T00:00:00.000Z,172.4,,118.1,118.1,
המשפחה הקדושה,172.4,2022-04-27T00:00:00.000Z,172.4,,118.1,118.1,
המשפחה הקדושה,172.4,2022-04-27T00:00:00.000Z,172.4,,118.1,118.1,
המשפחה הקדושה,172.4,2022-04-27T00:00:00.000Z,172.4,,118.1,118.1,
המשפחה הקדושה,172.4,2022-04-27T00:00:00.000Z,172.4,,118.1,118.1,
המשפחה הקדושה,172.4,2022-04-27T00:00:00.000Z,172.4,,118.1,118.1,
המשפחה הקדושה,172.4,2022-04-27T00:00:00.000Z,172.4,,118.1,118.1,
המשפחה הקדושה,172.4,2022-04-27T00:00:00.000Z,172.4,,118.1,118.1,
המשפחה הקדושה,172.4,2022-04-27T00:00:00.000Z,172.4,,118.1,118.1,
המשפחה הקדושה,172.4,2022-04-27T00:00:00.000Z,172.4,,118.1,118.1,
המשפחה הקדושה,172.4,2022-04-27T00:00:00.000Z,172.4,,118.1,118.1,
המשפחה הקדושה,172.4,2022-04-27T00:00:00.000Z,172.4,,118.1,118.1,
המשפחה הקדושה,172.4,2022-04-27T00:00:00.000Z,172.4,,118.1,118.1,
המשפחה הקדושה,172.4,2022-04-27T00:00:00.000Z,172.4,,118.1,118.1,
המשפחה הקדושה,172.4,2022-04-27T00:00:00.000Z,172.4,,118.1,118.1,
המשפחה הקדושה,172.4,2022-04-27T00:00:00.000Z,172.4,,118.1,118.1,
המשפחה הקדושה,172.4,2022-04-27T00:00:00.000Z,172.4,,118.1,118.1,
המשפחה הקדושה,172.4,2022-04-27T00:00:00.000Z,172.4,,118.1,118.1,
המשפחה הקדושה,172.4,2022-04-27T00:00:00.000Z,172.4,,118.1,118.1,
המשפחה הקדושה,172.4,2022-04-27T00:00:00.000Z,172.4,,118.1,118.1,
המשפחה הקדושה,172.4,2022-04-27T00:00:00.000Z,172.4,,118.1,118.1,
המשפחה הקדושה,172.4,2022-04-27T00:00:00.000Z,172.4,,118.1,118.1,
המשפחה הקדושה,172.4,2022-04-27T00:00:00.000Z,172.4,,118.1,118.1,
המשפחה הקדושה,172.4,2022-04-27T00:00:00.000Z,172.4,,118.1,118.1,
המשפחה הקדושה,172.4,2022-04-27T00:00:00.000Z,172.4,,118.1,118.1,
המשפחה הקדושה,172.4,2022-04-27T00:00:00.000Z,172.4,,118.1,118.1,
המשפחה הקדושה,172.4,2022-04-27T00:00:00.000Z,172.4,,118.1,118.1,
המשפחה הקדושה,172.4,2022-04-27T00:00:00.000Z,172.4,,118.1,118.1,
המשפחה הקדושה,172.4,2022-04-27T00:00:00.000Z,172.4,,118.1,118.1,
המשפחה הקדושה,172.4,2022-04-27T00:00:00.000Z,172.4,,118.1,118.1,
המשפחה הקדושה,172.4,2022-04-27T00:00:00.000Z,172.4,,118.1,118.1,
המשפחה הקדושה,172.4,2022-04-27T00:00:00.000Z,172.4,,118.1,118.1,
המשפחה הקדושה,172.4,2022-04-27T00:00:00.000Z,172.4,,118.1,118.1,
המשפחה הקדושה,172.4,2022-04-27T00:00:00.000Z,172.4,,118.1,118.1,
המשפחה הקדושה,172.4,2022-04-27T00:00:00.000Z,172.4,,118.1,118.1,
המשפחה הקדושה,172.4,2022-04-27T00:00:00.000Z,172.4,,118.1,118.1,
המשפחה הקדושה,172.4,2022-04-27T00:00:00.000Z,172.4,,118.1,118.1,
המשפחה הקדושה,172.4,2022-04-27T00:00:00.000Z,172.4,,118.1,118.1,
המשפחה הקדושה,172.4,2022-04-27T00:00:00.000Z,172.4,,118.1,118.1,
המשפחה הקדושה,172.4,2022-04-27T00:00:00.000Z,172.4,,118.1,118.1,
המשפחה הקדושה,172.4,2022-04-27T00:00:00.000Z,172.4,,118.1,118.1,
המשפחה הקדושה,172.4,2022-04-27T00:00:00.000Z,172.4,,118.1,118.1,
המשפחה הקדושה,172.4,2022-04-27T00:00:00.000Z,172.4,,118.1,118.1,
המשפחה הקדושה,172.4,2022-04-27T00:00:00.000Z,172.4,,118.1,118.1,
המשפחה הקדושה,172.4,2022-04-27T00:00:00.000Z,172.4,,118.1,118.1,
המשפחה הקדושה,172.4,2022-04-27T00:00:00.000Z,172.4,,118.1,118.1,
המשפחה הקדושה,172.4,2022-04-27T00:00:00.000Z,172.4,,118.1,118.1,
המשפחה הקדושה,172.4,2022-04-27T00:00:00.000Z,172.4,,118.1,118.1,
המשפחה הקדושה,172.4,2022-04-27T00:00:00.000Z,172.4,,118.1,118.1,
המשפחה הקדושה,172.4,2022-04-27T00:00:00.000Z,172.4,,118.1,118.1,
המשפחה הקדושה,172.4,2022-04-27T00:00:00.000Z,172.4,,118.1,118.1,
המשפחה הקדושה,172.4,2022-04-27T00:00:00.000Z,172.4,,118.1,118.1,
המשפחה הקדושה,172.4,2022-04-27T00:00:00.000Z,172.4,,118.1,118.1,
המשפחה הקדושה,172.4,2022-04-27T00:00:00.000Z,172.4,,118.1,118.1,
המשפחה הקדושה,172.4,2022-04-27T00:00:00.000Z,172.4,,118.1,118.1,
המשפחה הקדושה,172.4,2022-04-27T00:00:00.000Z,172.4,,118.1,118.1,
המשפחה הקדושה,172.4,2022-04-27T00:00:00.000Z,172.4,,118.1,118.1,
המשפחה הקדושה,172.4,2022-04-27T00:00:00.000Z,172.4,,118.1,118.1,
המשפחה הקדושה,172.4,2022-04-27T00:00:00.000Z,172.4,,118.1,118.1,
המשפחה הקדושה,172.4,2022-04-27T00:00:00.000Z,172.4,,118.1,118.1,
המשפחה הקדושה,172.4,2022-04-27T00:00:00.000Z,172.4,,118.1,118.1,
המשפחה הקדושה,172.4,2022-04-27T00:00:00.000Z,172.4,,118.1,118.1,
המשפחה הקדושה,172.4,2022-04-27T00:00:00.000Z,172.4,,118.1,118.1,
המשפחה הקדושה,172.4,2022-04-27T00:00:00.000Z,172.4,,118.1,118.1,
המשפחה הקדושה,172.4,2022-04-27T00:00:00.000Z,172.4,,118.1,118.1,
המשפחה הקדושה,172.4,2022-04-27T00:00:00.000Z,172.4,,118.1,118.1,
המשפחה הקדושה,172.4,2022-04-27T00:00:00.000Z,172.4,,118.1,118.1,
המשפחה הקדושה,172.4,2022-04-27T00:00:00.000Z,172.4,,118.1,118.1,
המשפחה הקדושה,172.4,2022-04-27T00:00:00.000Z,172.4,,118.1,118.1,
המשפחה הקדושה,172.4,2022-04-27T00:00:00.000Z,172.4,,118.1,118.1,
המשפחה הקדושה,172.4,2022-04-27T00:00:00.000Z,172.4,,118.1,118.1,
שמואל הרופא,75,2022-04-27T00:00:00.000Z,75,102.8,75.4,75.4,85.6
שמואל הרופא,75,2022-04-27T00:00:00.000Z,75,102.8,75.4,75.4,85.6
איכילוב,88.7,2022-04-27T00:00:00.000Z,88.7,89.3,123.3,123.3,118
איכילוב,88.7,2022-04-27T00:00:00.000Z,88.7,89.3,123.3,123.3,118
איכילוב,88.7,2022-04-27T00:00:00.000Z,88.7,89.3,123.3,123.3,118
וולפסון,78.3,2022-04-27T00:00:00.000Z,78.3,99.6,77.6,77.6,81.6
וולפסון,78.3,2022-04-27T00:00:00.000Z,78.3,99.6,77.6,77.6,81.6
וולפסון,78.3,2022-04-27T00:00:00.000Z,78.3,99.6,77.6,77.6,81.6
וולפסון,78.3,2022-04-27T00:00:00.000Z,78.3,99.6,77.6,77.6,81.6
וולפסון,78.3,2022-04-27T00:00:00.000Z,78.3,99.6,77.6,77.6,81.6
וולפסון,78.3,2022-04-27T00:00:00.000Z,78.3,99.6,77.6,77.6,81.6
וולפסון,78.3,2022-04-27T00:00:00.000Z,78.3,99.6,77.6,77.6,81.6
וולפסון,78.3,2022-04-27T00:00:00.000Z,78.3,99.6,77.6,77.6,81.6
וולפסון,78.3,2022-04-27T00:00:00.000Z,78.3,99.6,77.6,77.6,81.6
וולפסון,78.3,2022-04-27T00:00:00.000Z,78.3,99.6,77.6,77.6,81.6
וולפסון,78.3,2022-04-27T00:00:00.000Z,78.3,99.6,77.6,77.6,81.6
וולפסון,78.3,2022-04-27T00:00:00.000Z,78.3,99.6,77.6,77.6,81.6
וולפסון,78.3,2022-04-27T00:00:00.000Z,78.3,99.6,77.6,77.6,81.6
וולפסון,78.3,2022-04-27T00:00:00.000Z,78.3,99.6,77.6,77.6,81.6
וולפסון,78.3,2022-04-27T00:00:00.000Z,78.3,99.6,77.6,77.6,81.6
וולפסון,78.3,2022-04-27T00:00:00.000Z,78.3,99.6,77.6,77.6,81.6
וולפסון,78.3,2022-04-27T00:00:00.000Z,78.3,99.6,77.6,77.6,81.6
וולפסון,78.3,2022-04-27T00:00:00.000Z,78.3,99.6,77.6,77.6,81.6
וולפסון,78.3,2022-04-27T00:00:00.000Z,78.3,99.6,77.6,77.6,81.6
וולפסון,78.3,2022-04-27T00:00:00.000Z,78.3,99.6,77.6,77.6,81.6
וולפסון,78.3,2022-04-27T00:00:00.000Z,78.3,99.6,77.6,77.6,81.6
וולפסון,78.3,2022-04-27T00:00:00.000Z,78.3,99.6,77.6,77.6,81.6
וולפסון,78.3,2022-04-27T00:00:00.000Z,78.3,99.6,77.6,77.6,81.6
וולפסון,78.3,2022-04-27T00:00:00.000Z,78.3,99.6,77.6,77.6,81.6
וולפסון,78.3,2022-04-27T00:00:00.000Z,78.3,99.6,77.6,77.6,81.6
וולפסון,78.3,2022-04-27T00:00:00.000Z,78.3,99.6,77.6,77.6,81.6
וולפסון,78.3,2022-04-27T00:00:00.000Z,78.3,99.6,77.6,77.6,81.6
וולפסון,78.3,2022-04-27T00:00:00.000Z,78.3,99.6,77.6,77.6,81.6
וולפסון,78.3,2022-04-27T00:00:00.000Z,78.3,99.6,77.6,77.6,81.6
וולפסון,78.3,2022-04-27T00:00:00.000Z,78.3,99.6,77.6,77.6,81.6
וולפסון,78.3,2022-04-27T00:00:00.000Z,78.3,99.6,77.6,77.6,81.6
וולפסון,78.3,2022-04-27T00:00:00.000Z,78.3,99.6,77.6,77.6,81.6
וולפסון,78.3,2022-04-27T00:00:00.000Z,78.3,99.6,77.6,77.6,81.6
וולפסון,78.3,2022-04-27T00:00:00.000Z,78.3,99.6,77.6,77.6,81.6
וולפסון,78.3,2022-04-27T00:00:00.000Z,78.3,99.6,77.6,77.6,81.6
וולפסון,78.3,2022-04-27T00:00:00.000Z,78.3,99.6,77.6,77.6,81.6
וולפסון,78.3,2022-04-27T00:00:00.000Z,78.3,99.6,77.6,77.6,81.6
וולפסון,78.3,2022-04-27T00:00:00.000Z,78.3,99.6,77.6,77.6,81.6
וולפסון,78.3,2022-04-27T00:00:00.000Z,78.3,99.6,77.6,77.6,81.6
וולפסון,78.3,2022-04-27T00:00:00.000Z,78.3,99.6,77.6,77.6,81.6
וולפסון,78.3,2022-04-27T00:00:00.000Z,78.3,99.6,77.6,77.6,81.6
וולפסון,78.3,2022-04-27T00:00:00.000Z,78.3,99.6,77.6,77.6,81.6
וולפסון,78.3,2022-04-27T00:00:00.000Z,78.3,99.6,77.6,77.6,81.6
וולפסון,78.3,2022-04-27T00:00:00.000Z,78.3,99.6,77.6,77.6,81.6
וולפסון,78.3,2022-04-27T00:00:00.000Z,78.3,99.6,77.6,77.6,81.6
וולפסון,78.3,2022-04-27T00:00:00.000Z,78.3,99.6,77.6,77.6,81.6
וולפסון,78.3,2022-04-27T00:00:00.000Z,78.3,99.6,77.6,77.6,81.6
וולפסון,78.3,2022-04-27T00:00:00.000Z,78.3,99.6,77.6,77.6,81.6
וולפסון,78.3,2022-04-27T00:00:00.000Z,78.3,99.6,77.6,77.6,81.6
וולפסון,78.3,2022-04-27T00:00:00.000Z,78.3,99.6,77.6,77.6,81.6
וולפסון,78.3,2022-04-27T00:00:00.000Z,78.3,99.6,77.6,77.6,81.6
וולפסון,78.3,2022-04-27T00:00:00.000Z,78.3,99.6,77.6,77.6,81.6
וולפסון,78.3,2022-04-27T00:00:00.000Z,78.3,99.6,77.6,77.6,81.6
וולפסון,78.3,2022-04-27T00:00:00.000Z,78.3,99.6,77.6,77.6,81.6
וולפסון,78.3,2022-04-27T00:00:00.000Z,78.3,99.6,77.6,77.6,81.6
וולפסון,78.3,2022-04-27T00:00:00.000Z,78.3,99.6,77.6,77.6,81.6
וולפסון,78.3,2022-04-27T00:00:00.000Z,78.3,99.6,77.6,77.6,81.6
וולפסון,78.3,2022-04-27T00:00:00.000Z,78.3,99.6,77.6,77.6,81.6
וולפסון,78.3,2022-04-27T00:00:00.000Z,78.3,99.6,77.6,77.6,81.6
וולפסון,78.3,2022-04-27T00:00:00.000Z,78.3,99.6,77.6,77.6,81.6
וולפסון,78.3,2022-04-27T00:00:00.000Z,78.3,99.6,77.6,77.6,81.6
וולפסון,78.3,2022-04-27T00:00:00.000Z,78.3,99.6,77.6,77.6,81.6
וולפסון,78.3,2022-04-27T00:00:00.000Z,78.3,99.6,77.6,77.6,81.6
וולפסון,78.3,2022-04-27T00:00:00.000Z,78.3,99.6,77.6,77.6,81.6
וולפסון,78.3,2022-04-27T00:00:00.000Z,78.3,99.6,77.6,77.6,81.6
וולפסון,78.3,2022-04-27T00:00:00.000Z,78.3,99.6,77.6,77.6,81.6
וולפסון,78.3,2022-04-27T00:00:00.000Z,78.3,99.6,77.6,77.6,81.6
וולפסון,78.3,2022-04-27T00:00:00.000Z,78.3,99.6,77.6,77.6,81.6
וולפסון,78.3,2022-04-27T00:00:00.000Z,78.3,99.6,77.6,77.6,81.6
וולפסון,78.3,2022-04-27T00:00:00.000Z,78.3,99.6,77.6,77.6,81.6
בני ציון,93.4,2022-04-28T00:00:00.000Z,93.4,95,86.4,95.6,85.5
בני ציון,93.4,2022-04-28T00:00:00.000Z,93.4,94.1,86.4,94.3,85.5
בני ציון,93.4,2022-04-28T00:00:00.000Z,93.4,88.4,86.4,86.4,85.7
בני ציון,93.4,2022-04-28T00:00:00.000Z,93.4,88.4,86.4,86.4,85.7
בני ציון,93.4,2022-04-28T00:00:00.000Z,93.4,88.4,86.4,86.4,85.7
בני ציון,93.4,2022-04-28T00:00:00.000Z,93.4,88.4,86.4,86.4,85.7
בני ציון,93.4,2022-04-28T00:00:00.000Z,93.4,88.4,86.4,86.4,85.7
בני ציון,93.4,2022-04-28T00:00:00.000Z,93.4,88.4,86.4,86.4,85.7
בני ציון,93.4,2022-04-28T00:00:00.000Z,93.4,88.4,86.4,86.4,85.7
בני ציון,93.4,2022-04-28T00:00:00.000Z,93.4,88.4,86.4,86.4,85.7
בני ציון,93.4,2022-04-28T00:00:00.000Z,93.4,88.4,86.4,86.4,85.7
פוריה,67.9,2022-04-28T00:00:00.000Z,67.9,62.8,78,78,73
פוריה,67.9,2022-04-28T00:00:00.000Z,67.9,62.8,78,78,73
פוריה,67.9,2022-04-28T00:00:00.000Z,67.9,62.8,78,78,73
פוריה,67.9,2022-04-28T00:00:00.000Z,67.9,62.8,78,78,73
הלל יפה,97.9,2022-04-28T00:00:00.000Z,97.9,92.5,80,80,89.5
הלל יפה,97.9,2022-04-28T00:00:00.000Z,97.9,92.5,80,80,89.5
הלל יפה,97.9,2022-04-28T00:00:00.000Z,97.9,92.5,80,80,89.5
הלל יפה,97.9,2022-04-28T00:00:00.000Z,97.9,92.5,80,80,89.5
הלל יפה,97.9,2022-04-28T00:00:00.000Z,97.9,92.5,80,80,89.5
הלל יפה,97.9,2022-04-28T00:00:00.000Z,97.9,92.5,80,80,89.5
הלל יפה,97.9,2022-04-28T00:00:00.000Z,97.9,92.5,80,80,89.5
הלל יפה,97.9,2022-04-28T00:00:00.000Z,97.9,92.5,80,80,89.5
הלל יפה,97.9,2022-04-28T00:00:00.000Z,97.9,92.5,80,80,89.5
הלל יפה,97.9,2022-04-28T00:00:00.000Z,97.9,92.5,80,80,89.5
הלל יפה,97.9,2022-04-28T00:00:00.000Z,97.9,92.5,80,80,89.5
הלל יפה,97.9,2022-04-28T00:00:00.000Z,97.9,92.5,80,80,89.5
הלל יפה,97.9,2022-04-28T00:00:00.000Z,97.9,92.5,80,80,89.5
הלל יפה,97.9,2022-04-28T00:00:00.000Z,97.9,92.5,80,80,89.5
הלל יפה,97.9,2022-04-28T00:00:00.000Z,97.9,92.5,80,80,89.5
הלל יפה,97.9,2022-04-28T00:00:00.000Z,97.9,92.5,80,80,89.5
יוספטל,93.8,2022-04-28T00:00:00.000Z,93.8,56.3,58.5,58.5,53.8
יוספטל,93.8,2022-04-28T00:00:00.000Z,93.8,56.3,58.5,58.5,53.8
קפלן,74.7,2022-04-28T00:00:00.000Z,74.7,97.3,72.4,72.4,78
קפלן,74.7,2022-04-28T00:00:00.000Z,74.7,97.3,72.4,72.4,78
קפלן,74.7,2022-04-28T00:00:00.000Z,74.7,97.3,72.4,72.4,78
קפלן,74.7,2022-04-28T00:00:00.000Z,74.7,97.3,72.4,72.4,78
קפלן,74.7,2022-04-28T00:00:00.000Z,74.7,97.3,72.4,72.4,78
קפלן,74.7,2022-04-28T00:00:00.000Z,74.7,97.3,72.4,72.4,78
קפלן,74.7,2022-04-28T00:00:00.000Z,74.7,97.3,72.4,72.4,78
קפלן,74.7,2022-04-28T00:00:00.000Z,74.7,97.3,72.4,72.4,78
קפלן,74.7,2022-04-28T00:00:00.000Z,74.7,97.3,72.4,72.4,78
קפלן,74.7,2022-04-28T00:00:00.000Z,74.7,97.3,72.4,72.4,78
קפלן,74.7,2022-04-28T00:00:00.000Z,74.7,97.3,72.4,72.4,78
קפלן,74.7,2022-04-28T00:00:00.000Z,74.7,97.3,72.4,72.4,78
קפלן,74.7,2022-04-28T00:00:00.000Z,74.7,97.3,72.4,72.4,78
קפלן,74.7,2022-04-28T00:00:00.000Z,74.7,97.3,72.4,72.4,78
קפלן,74.7,2022-04-28T00:00:00.000Z,74.7,97.3,72.4,72.4,78
קפלן,74.7,2022-04-28T00:00:00.000Z,74.7,97.3,72.4,72.4,78
קפלן,74.7,2022-04-28T00:00:00.000Z,74.7,97.3,72.4,72.4,78
קפלן,74.7,2022-04-28T00:00:00.000Z,74.7,97.3,72.4,72.4,78
קפלן,74.7,2022-04-28T00:00:00.000Z,74.7,97.3,72.4,72.4,78
קפלן,74.7,2022-04-28T00:00:00.000Z,74.7,97.3,72.4,72.4,78
קפלן,74.7,2022-04-28T00:00:00.000Z,74.7,97.3,72.4,72.4,78
קפלן,74.7,2022-04-28T00:00:00.000Z,74.7,97.3,72.4,72.4,78
קפלן,74.7,2022-04-28T00:00:00.000Z,74.7,97.3,72.4,72.4,78
קפלן,74.7,2022-04-28T00:00:00.000Z,74.7,97.3,72.4,72.4,78
קפלן,74.7,2022-04-28T00:00:00.000Z,74.7,97.3,72.4,72.4,78
קפלן,74.7,2022-04-28T00:00:00.000Z,74.7,97.3,72.4,72.4,78
קפלן,74.7,2022-04-28T00:00:00.000Z,74.7,97.3,72.4,72.4,78
קפלן,74.7,2022-04-28T00:00:00.000Z,74.7,97.3,72.4,72.4,78
קפלן,74.7,2022-04-28T00:00:00.000Z,74.7,97.3,72.4,72.4,78
קפלן,74.7,2022-04-28T00:00:00.000Z,74.7,97.3,72.4,72.4,78
קפלן,74.7,2022-04-28T00:00:00.000Z,74.7,97.3,72.4,72.4,78
קפלן,74.7,2022-04-28T00:00:00.000Z,74.7,97.3,72.4,72.4,78
קפלן,74.7,2022-04-28T00:00:00.000Z,74.7,97.3,72.4,72.4,78
מאיר,67.5,2022-04-28T00:00:00.000Z,67.5,70.5,76.1,76.1,82.4
מאיר,67.5,2022-04-28T00:00:00.000Z,67.5,70.5,76.1,76.1,82.4
מאיר,67.5,2022-04-28T00:00:00.000Z,67.5,70.5,76.1,76.1,82.4
מאיר,67.5,2022-04-28T00:00:00.000Z,67.5,70.5,76.1,76.1,82.4
מאיר,67.5,2022-04-28T00:00:00.000Z,67.5,70.5,76.1,76.1,82.4
מאיר,67.5,2022-04-28T00:00:00.000Z,67.5,70.5,76.1,76.1,82.4
מאיר,67.5,2022-04-28T00:00:00.000Z,67.5,70.5,76.1,76.1,82.4
מאיר,67.5,2022-04-28T00:00:00.000Z,67.5,70.5,76.1,76.1,82.4
מאיר,67.5,2022-04-28T00:00:00.000Z,67.5,70.5,76.1,76.1,82.4
מאיר,67.5,2022-04-28T00:00:00.000Z,67.5,70.5,76.1,76.1,82.4
מאיר,67.5,2022-04-28T00:00:00.000Z,67.5,70.5,76.1,76.1,82.4
מאיר,67.5,2022-04-28T00:00:00.000Z,67.5,70.5,76.1,76.1,82.4
מאיר,67.5,2022-04-28T00:00:00.000Z,67.5,70.5,76.1,76.1,82.4
מאיר,67.5,2022-04-28T00:00:00.000Z,67.5,70.5,76.1,76.1,82.4
מאיר,67.5,2022-04-28T00:00:00.000Z,67.5,70.5,76.1,76.1,82.4
מאיר,67.5,2022-04-28T00:00:00.000Z,67.5,70.5,76.1,76.1,82.4
מאיר,67.5,2022-04-28T00:00:00.000Z,67.5,70.5,76.1,76.1,82.4
מאיר,67.5,2022-04-28T00:00:00.000Z,67.5,70.5,76.1,76.1,82.4
מאיר,67.5,2022-04-28T00:00:00.000Z,67.5,70.5,76.1,76.1,82.4
מאיר,67.5,2022-04-28T00:00:00.000Z,67.5,70.5,76.1,76.1,82.4
מאיר,67.5,2022-04-28T00:00:00.000Z,67.5,70.5,76.1,76.1,82.4
מאיר,67.5,2022-04-28T00:00:00.000Z,67.5,70.5,76.1,76.1,82.4
מאיר,67.5,2022-04-28T00:00:00.000Z,67.5,70.5,76.1,76.1,82.4
מאיר,67.5,2022-04-28T00:00:00.000Z,67.5,70.5,76.1,76.1,82.4
מאיר,67.5,2022-04-28T00:00:00.000Z,67.5,70.5,76.1,76.1,82.4
מאיר,67.5,2022-04-28T00:00:00.000Z,67.5,70.5,76.1,76.1,82.4
מאיר,67.5,2022-04-28T00:00:00.000Z,67.5,70.5,76.1,76.1,82.4
מאיר,67.5,2022-04-28T00:00:00.000Z,67.5,70.5,76.1,76.1,82.4
מאיר,67.5,2022-04-28T00:00:00.000Z,67.5,70.5,76.1,76.1,82.4
מאיר,67.5,2022-04-28T00:00:00.000Z,67.5,70.5,76.1,76.1,82.4
מאיר,67.5,2022-04-28T00:00:00.000Z,67.5,70.5,76.1,76.1,82.4
מאיר,67.5,2022-04-28T00:00:00.000Z,67.5,70.5,76.1,76.1,82.4
שמואל הרופא,94.4,2022-04-28T00:00:00.000Z,94.4,86.1,76.8,76.8,83
שמואל הרופא,94.4,2022-04-28T00:00:00.000Z,94.4,86.1,76.8,76.8,83
שמואל הרופא,94.4,2022-04-28T00:00:00.000Z,94.4,86.1,76.8,76.8,83
שמואל הרופא,94.4,2022-04-28T00:00:00.000Z,94.4,86.1,76.8,76.8,83
שמואל הרופא,94.4,2022-04-28T00:00:00.000Z,94.4,86.1,76.8,76.8,83
שמואל הרופא,94.4,2022-04-28T00:00:00.000Z,94.4,86.1,76.8,76.8,83
שמואל הרופא,94.4,2022-04-28T00:00:00.000Z,94.4,86.1,76.8,76.8,83
שמואל הרופא,94.4,2022-04-28T00:00:00.000Z,94.4,86.1,76.8,76.8,83
שמואל הרופא,94.4,2022-04-28T00:00:00.000Z,94.4,86.1,76.8,76.8,83
שמואל הרופא,94.4,2022-04-28T00:00:00.000Z,94.4,86.1,76.8,76.8,83
שמואל הרופא,94.4,2022-04-28T00:00:00.000Z,94.4,86.1,76.8,76.8,83
שמואל הרופא,94.4,2022-04-28T00:00:00.000Z,94.4,86.1,76.8,76.8,83
שמואל הרופא,94.4,2022-04-28T00:00:00.000Z,94.4,86.1,76.8,76.8,83
שמואל הרופא,94.4,2022-04-28T00:00:00.000Z,94.4,86.1,76.8,76.8,83
שמואל הרופא,94.4,2022-04-28T00:00:00.000Z,94.4,86.1,76.8,76.8,83
שמואל הרופא,94.4,2022-04-28T00:00:00.000Z,94.4,86.1,76.8,76.8,83
שמואל הרופא,94.4,2022-04-28T00:00:00.000Z,94.4,86.1,76.8,76.8,83
שמואל הרופא,94.4,2022-04-28T00:00:00.000Z,94.4,86.1,76.8,76.8,83
שמואל הרופא,94.4,2022-04-28T00:00:00.000Z,94.4,86.1,76.8,76.8,83
שמואל הרופא,94.4,2022-04-28T00:00:00.000Z,94.4,86.1,76.8,76.8,83
שמואל הרופא,94.4,2022-04-28T00:00:00.000Z,94.4,86.1,76.8,76.8,83
שמואל הרופא,94.4,2022-04-28T00:00:00.000Z,94.4,86.1,76.8,76.8,83
שמואל הרופא,94.4,2022-04-28T00:00:00.000Z,94.4,86.1,76.8,76.8,83
שמואל הרופא,94.4,2022-04-28T00:00:00.000Z,94.4,86.1,76.8,76.8,83
שמואל הרופא,94.4,2022-04-28T00:00:00.000Z,94.4,86.1,76.8,76.8,83
שמואל הרופא,94.4,2022-04-28T00:00:00.000Z,94.4,86.1,76.8,76.8,83
שמואל הרופא,94.4,2022-04-28T00:00:00.000Z,94.4,86.1,76.8,76.8,83
שמואל הרופא,94.4,2022-04-28T00:00:00.000Z,94.4,86.1,76.8,76.8,83
שמואל הרופא,94.4,2022-04-28T00:00:00.000Z,94.4,86.1,76.8,76.8,83
שמואל הרופא,94.4,2022-04-28T00:00:00.000Z,94.4,86.1,76.8,76.8,83
שמואל הרופא,94.4,2022-04-28T00:00:00.000Z,94.4,86.1,76.8,76.8,83
שמואל הרופא,94.4,2022-04-28T00:00:00.000Z,94.4,86.1,76.8,76.8,83
שמואל הרופא,94.4,2022-04-28T00:00:00.000Z,94.4,86.1,76.8,76.8,83
שמואל הרופא,94.4,2022-04-28T00:00:00.000Z,94.4,86.1,76.8,76.8,83
שמואל הרופא,94.4,2022-04-28T00:00:00.000Z,94.4,86.1,76.8,76.8,83
שמואל הרופא,94.4,2022-04-28T00:00:00.000Z,94.4,86.1,76.8,76.8,83
שמואל הרופא,94.4,2022-04-28T00:00:00.000Z,94.4,86.1,76.8,76.8,83
שמואל הרופא,94.4,2022-04-28T00:00:00.000Z,94.4,86.1,76.8,76.8,83
שמואל הרופא,94.4,2022-04-28T00:00:00.000Z,94.4,86.1,76.8,76.8,83
שמואל הרופא,94.4,2022-04-28T00:00:00.000Z,94.4,86.1,76.8,76.8,83
שמואל הרופא,94.4,2022-04-28T00:00:00.000Z,94.4,86.1,76.8,76.8,83
שמואל הרופא,94.4,2022-04-28T00:00:00.000Z,94.4,86.1,76.8,76.8,83
שמואל הרופא,94.4,2022-04-28T00:00:00.000Z,94.4,86.1,76.8,76.8,83
שמואל הרופא,94.4,2022-04-28T00:00:00.000Z,94.4,86.1,76.8,76.8,83
שמואל הרופא,94.4,2022-04-28T00:00:00.000Z,94.4,86.1,76.8,76.8,83
שמואל הרופא,94.4,2022-04-28T00:00:00.000Z,94.4,86.1,76.8,76.8,83
שמואל הרופא,94.4,2022-04-28T00:00:00.000Z,94.4,86.1,76.8,76.8,83
שמואל הרופא,94.4,2022-04-28T00:00:00.000Z,94.4,86.1,76.8,76.8,83
שמואל הרופא,94.4,2022-04-28T00:00:00.000Z,94.4,86.1,76.8,76.8,83
שמואל הרופא,94.4,2022-04-28T00:00:00.000Z,94.4,86.1,76.8,76.8,83
שמואל הרופא,94.4,2022-04-28T00:00:00.000Z,94.4,86.1,76.8,76.8,83
שמואל הרופא,94.4,2022-04-28T00:00:00.000Z,94.4,86.1,76.8,76.8,83
שמואל הרופא,94.4,2022-04-28T00:00:00.000Z,94.4,86.1,76.8,76.8,83
שמואל הרופא,94.4,2022-04-28T00:00:00.000Z,94.4,86.1,76.8,76.8,83
שמואל הרופא,94.4,2022-04-28T00:00:00.000Z,94.4,86.1,76.8,76.8,83
שמואל הרופא,94.4,2022-04-28T00:00:00.000Z,94.4,86.1,76.8,76.8,83
שמואל הרופא,94.4,2022-04-28T00:00:00.000Z,94.4,86.1,76.8,76.8,83
שמואל הרופא,94.4,2022-04-28T00:00:00.000Z,94.4,86.1,76.8,76.8,83
שמואל הרופא,94.4,2022-04-28T00:00:00.000Z,94.4,86.1,76.8,76.8,83
שמואל הרופא,94.4,2022-04-28T00:00:00.000Z,94.4,86.1,76.8,76.8,83
שמואל הרופא,94.4,2022-04-28T00:00:00.000Z,94.4,86.1,76.8,76.8,83
שמואל הרופא,94.4,2022-04-28T00:00:00.000Z,94.4,86.1,76.8,76.8,83
שמואל הרופא,94.4,2022-04-28T00:00:00.000Z,94.4,86.1,76.8,76.8,83
שמואל הרופא,94.4,2022-04-28T00:00:00.000Z,94.4,86.1,76.8,76.8,83
שמואל הרופא,94.4,2022-04-28T00:00:00.000Z,94.4,86.1,76.8,76.8,83
שמואל הרופא,94.4,2022-04-28T00:00:00.000Z,94.4,86.1,76.8,76.8,83
שמואל הרופא,94.4,2022-04-28T00:00:00.000Z,94.4,86.1,76.8,76.8,83
שמואל הרופא,94.4,2022-04-28T00:00:00.000Z,94.4,86.1,76.8,76.8,83
שמואל הרופא,94.4,2022-04-28T00:00:00.000Z,94.4,86.1,76.8,76.8,83
שמואל הרופא,94.4,2022-04-28T00:00:00.000Z,94.4,86.1,76.8,76.8,83
שמואל הרופא,94.4,2022-04-28T00:00:00.000Z,94.4,86.1,76.8,76.8,83
שמואל הרופא,94.4,2022-04-28T00:00:00.000Z,94.4,86.1,76.8,76.8,83
שמואל הרופא,94.4,2022-04-28T00:00:00.000Z,94.4,86.1,76.8,76.8,83
שמואל הרופא,94.4,2022-04-28T00:00:00.000Z,94.4,86.1,76.8,76.8,83
שמואל הרופא,94.4,2022-04-28T00:00:00.000Z,94.4,86.1,76.8,76.8,83
שמואל הרופא,94.4,2022-04-28T00:00:00.000Z,94.4,86.1,76.8,76.8,83
שמואל הרופא,94.4,2022-04-28T00:00:00.000Z,94.4,86.1,76.8,76.8,83
שמואל הרופא,94.4,2022-04-28T00:00:00.000Z,94.4,86.1,76.8,76.8,83
שמואל הרופא,94.4,2022-04-28T00:00:00.000Z,94.4,86.1,76.8,76.8,83
שמואל הרופא,94.4,2022-04-28T00:00:00.000Z,94.4,86.1,76.8,76.8,83
שמואל הרופא,94.4,2022-04-28T00:00:00.000Z,94.4,86.1,76.8,76.8,83
שמואל הרופא,94.4,2022-04-28T00:00:00.000Z,94.4,86.1,76.8,76.8,83
שמואל הרופא,94.4,2022-04-28T00:00:00.000Z,94.4,86.1,76.8,76.8,83
שמואל הרופא,94.4,2022-04-28T00:00:00.000Z,94.4,86.1,76.8,76.8,83
שמואל הרופא,94.4,2022-04-28T00:00:00.000Z,94.4,86.1,76.8,76.8,83
שמואל הרופא,94.4,2022-04-28T00:00:00.000Z,94.4,86.1,76.8,76.8,83
שמואל הרופא,94.4,2022-04-28T00:00:00.000Z,94.4,86.1,76.8,76.8,83
שמואל הרופא,94.4,2022-04-28T00:00:00.000Z,94.4,86.1,76.8,76.8,83
שמואל הרופא,94.4,2022-04-28T00:00:00.000Z,94.4,86.1,76.8,76.8,83
שמואל הרופא,94.4,2022-04-28T00:00:00.000Z,94.4,86.1,76.8,76.8,83
שמואל הרופא,94.4,2022-04-28T00:00:00.000Z,94.4,86.1,76.8,76.8,83
שמואל הרופא,94.4,2022-04-28T00:00:00.000Z,94.4,86.1,76.8,76.8,83
שמואל הרופא,94.4,2022-04-28T00:00:00.000Z,94.4,86.1,76.8,76.8,83
שמואל הרופא,94.4,2022-04-28T00:00:00.000Z,94.4,86.1,76.8,76.8,83
שמואל הרופא,94.4,2022-04-28T00:00:00.000Z,94.4,86.1,76.8,76.8,83
שמואל הרופא,94.4,2022-04-28T00:00:00.000Z,94.4,86.1,76.8,76.8,83
שמואל הרופא,94.4,2022-04-28T00:00:00.000Z,94.4,86.1,76.8,76.8,83
שמואל הרופא,94.4,2022-04-28T00:00:00.000Z,94.4,86.1,76.8,76.8,83
שמואל הרופא,94.4,2022-04-28T00:00:00.000Z,94.4,86.1,76.8,76.8,83
שמואל הרופא,94.4,2022-04-28T00:00:00.000Z,94.4,86.1,76.8,76.8,83
שמואל הרופא,94.4,2022-04-28T00:00:00.000Z,94.4,86.1,76.8,76.8,83
שמואל הרופא,94.4,2022-04-28T00:00:00.000Z,94.4,86.1,76.8,76.8,83
שמואל הרופא,94.4,2022-04-28T00:00:00.000Z,94.4,86.1,76.8,76.8,83
שמואל הרופא,94.4,2022-04-28T00:00:00.000Z,94.4,86.1,76.8,76.8,83
שמואל הרופא,94.4,2022-04-28T00:00:00.000Z,94.4,86.1,76.8,76.8,83
שמואל הרופא,94.4,2022-04-28T00:00:00.000Z,94.4,86.1,76.8,76.8,83
שמואל הרופא,94.4,2022-04-28T00:00:00.000Z,94.4,86.1,76.8,76.8,83
שמואל הרופא,94.4,2022-04-28T00:00:00.000Z,94.4,86.1,76.8,76.8,83
שמואל הרופא,94.4,2022-04-28T00:00:00.000Z,94.4,86.1,76.8,76.8,83
שמואל הרופא,94.4,2022-04-28T00:00:00.000Z,94.4,86.1,76.8,76.8,83
שמואל הרופא,94.4,2022-04-28T00:00:00.000Z,94.4,86.1,76.8,76.8,83
שמואל הרופא,94.4,2022-04-28T00:00:00.000Z,94.4,86.1,76.8,76.8,83
שמואל הרופא,94.4,2022-04-28T00:00:00.000Z,94.4,86.1,76.8,76.8,83
שמואל הרופא,94.4,2022-04-28T00:00:00.000Z,94.4,86.1,76.8,76.8,83
שמואל הרופא,94.4,2022-04-28T00:00:00.000Z,94.4,86.1,76.8,76.8,83
שמואל הרופא,94.4,2022-04-28T00:00:00.000Z,94.4,86.1,76.8,76.8,83
שמואל הרופא,94.4,2022-04-28T00:00:00.000Z,94.4,86.1,76.8,76.8,83
שמואל הרופא,94.4,2022-04-28T00:00:00.000Z,94.4,86.1,76.8,76.8,83
שמואל הרופא,94.4,2022-04-28T00:00:00.000Z,94.4,86.1,76.8,76.8,83
שמואל הרופא,94.4,2022-04-28T00:00:00.000Z,94.4,86.1,76.8,76.8,83
שמואל הרופא,94.4,2022-04-28T00:00:00.000Z,94.4,86.1,76.8,76.8,83
שמואל הרופא,94.4,2022-04-28T00:00:00.000Z,94.4,86.1,76.8,76.8,83
שמואל הרופא,94.4,2022-04-28T00:00:00.000Z,94.4,86.1,76.8,76.8,83
שמואל הרופא,94.4,2022-04-28T00:00:00.000Z,94.4,86.1,76.8,76.8,83
שמואל הרופא,94.4,2022-04-28T00:00:00.000Z,94.4,86.1,76.8,76.8,83
שמואל הרופא,94.4,2022-04-28T00:00:00.000Z,94.4,86.1,76.8,76.8,83
שמואל הרופא,94.4,2022-04-28T00:00:00.000Z,94.4,86.1,76.8,76.8,83
שמואל הרופא,94.4,2022-04-28T00:00:00.000Z,94.4,86.1,76.8,76.8,83
שמואל הרופא,94.4,2022-04-28T00:00:00.000Z,94.4,86.1,76.8,76.8,83
שמואל הרופא,94.4,2022-04-28T00:00:00.000Z,94.4,86.1,76.8,76.8,83
שמואל הרופא,94.4,2022-04-28T00:00:00.000Z,94.4,86.1,76.8,76.8,83
שמואל הרופא,94.4,2022-04-28T00:00:00.000Z,94.4,86.1,76.8,76.8,83
שמואל הרופא,94.4,2022-04-28T00:00:00.000Z,94.4,86.1,76.8,76.8,83
שמואל הרופא,94.4,2022-04-28T00:00:00.000Z,94.4,86.1,76.8,76.8,83
שמואל הרופא,94.4,2022-04-28T00:00:00.000Z,94.4,86.1,76.8,76.8,83
שמואל הרופא,94.4,2022-04-28T00:00:00.000Z,94.4,86.1,76.8,76.8,83
בני ציון,93.4,2022-04-28T00:00:00.000Z,93.4,93.2,86.4,93,85.5
בני ציון,93.4,2022-04-28T00:00:00.000Z,93.4,92.2,86.4,91.7,85.5
בני ציון,93.4,2022-04-28T00:00:00.000Z,93.4,91.3,86.4,90.3,85.6
בני ציון,93.4,2022-04-28T00:00:00.000Z,93.4,90.3,86.4,89,85.6
בני ציון,93.4,2022-04-28T00:00:00.000Z,93.4,89.4,86.4,87.7,85.6
בני ציון,93.4,2022-04-28T00:00:00.000Z,93.4,88.4,86.4,86.4,85.7
בני ציון,93.4,2022-04-28T00:00:00.000Z,93.4,88.4,86.4,86.4,85.7
בני ציון,93.4,2022-04-28T00:00:00.000Z,93.4,88.4,86.4,86.4,85.7
בני ציון,93.4,2022-04-28T00:00:00.000Z,93.4,88.4,86.4,86.4,85.7
בני ציון,93.4,2022-04-28T00:00:00.000Z,93.4,88.4,86.4,86.4,85.7
בני ציון,93.4,2022-04-28T00:00:00.000Z,93.4,88.4,86.4,86.4,85.7
בני ציון,93.4,2022-04-28T00:00:00.000Z,93.4,88.4,86.4,86.4,85.7
בני ציון,93.4,2022-04-28T00:00:00.000Z,93.4,88.4,86.4,86.4,85.7
בני ציון,93.4,2022-04-28T00:00:00.000Z,93.4,88.4,86.4,86.4,85.7
בני ציון,93.4,2022-04-28T00:00:00.000Z,93.4,88.4,86.4,86.4,85.7
בני ציון,93.4,2022-04-28T00:00:00.000Z,93.4,88.4,86.4,86.4,85.7
בני ציון,93.4,2022-04-28T00:00:00.000Z,93.4,88.4,86.4,86.4,85.7
בני ציון,93.4,2022-04-28T00:00:00.000Z,93.4,88.4,86.4,86.4,85.7
בני ציון,93.4,2022-04-28T00:00:00.000Z,93.4,88.4,86.4,86.4,85.7
בני ציון,93.4,2022-04-28T00:00:00.000Z,93.4,88.4,86.4,86.4,85.7
בני ציון,93.4,2022-04-28T00:00:00.000Z,93.4,88.4,86.4,86.4,85.7
בני ציון,93.4,2022-04-28T00:00:00.000Z,93.4,88.4,86.4,86.4,85.7
בני ציון,93.4,2022-04-28T00:00:00.000Z,93.4,88.4,86.4,86.4,85.7
בני ציון,93.4,2022-04-28T00:00:00.000Z,93.4,88.4,86.4,86.4,85.7
בני ציון,93.4,2022-04-28T00:00:00.000Z,93.4,88.4,86.4,86.4,85.7
בני ציון,93.4,2022-04-28T00:00:00.000Z,93.4,88.4,86.4,86.4,85.7
בני ציון,93.4,2022-04-28T00:00:00.000Z,93.4,88.4,86.4,86.4,85.7
בני ציון,93.4,2022-04-28T00:00:00.000Z,93.4,88.4,86.4,86.4,85.7
בני ציון,93.4,2022-04-28T00:00:00.000Z,93.4,88.4,86.4,86.4,85.7
בני ציון,93.4,2022-04-28T00:00:00.000Z,93.4,88.4,86.4,86.4,85.7
בני ציון,93.4,2022-04-28T00:00:00.000Z,93.4,88.4,86.4,86.4,85.7
בני ציון,93.4,2022-04-28T00:00:00.000Z,93.4,88.4,86.4,86.4,85.7
בני ציון,93.4,2022-04-28T00:00:00.000Z,93.4,88.4,86.4,86.4,85.7
בני ציון,93.4,2022-04-28T00:00:00.000Z,93.4,88.4,86.4,86.4,85.7
בני ציון,93.4,2022-04-28T00:00:00.000Z,93.4,88.4,86.4,86.4,85.7
בני ציון,93.4,2022-04-28T00:00:00.000Z,93.4,88.4,86.4,86.4,85.7
בני ציון,93.4,2022-04-28T00:00:00.000Z,93.4,88.4,86.4,86.4,85.7
בני ציון,93.4,2022-04-28T00:00:00.000Z,93.4,88.4,86.4,86.4,85.7
בני ציון,93.4,2022-04-28T00:00:00.000Z,93.4,88.4,86.4,86.4,85.7
בני ציון,93.4,2022-04-28T00:00:00.000Z,93.4,88.4,86.4,86.4,85.7
בני ציון,93.4,2022-04-28T00:00:00.000Z,93.4,88.4,86.4,86.4,85.7
בני ציון,93.4,2022-04-28T00:00:00.000Z,93.4,88.4,86.4,86.4,85.7
בני ציון,93.4,2022-04-28T00:00:00.000Z,93.4,88.4,86.4,86.4,85.7
בני ציון,93.4,2022-04-28T00:00:00.000Z,93.4,88.4,86.4,86.4,85.7
בני ציון,93.4,2022-04-28T00:00:00.000Z,93.4,88.4,86.4,86.4,85.7
בני ציון,93.4,2022-04-28T00:00:00.000Z,93.4,88.4,86.4,86.4,85.7
בני ציון,93.4,2022-04-28T00:00:00.000Z,93.4,88.4,86.4,86.4,85.7
בני ציון,93.4,2022-04-28T00:00:00.000Z,93.4,88.4,86.4,86.4,85.7
בני ציון,93.4,2022-04-28T00:00:00.000Z,93.4,88.4,86.4,86.4,85.7
בני ציון,93.4,2022-04-28T00:00:00.000Z,93.4,88.4,86.4,86.4,85.7
בני ציון,93.4,2022-04-28T00:00:00.000Z,93.4,88.4,86.4,86.4,85.7
בני ציון,93.4,2022-04-28T00:00:00.000Z,93.4,88.4,86.4,86.4,85.7
בני ציון,93.4,2022-04-28T00:00:00.000Z,93.4,88.4,86.4,86.4,85.7
בני ציון,93.4,2022-04-28T00:00:00.000Z,93.4,88.4,86.4,86.4,85.7
בני ציון,93.4,2022-04-28T00:00:00.000Z,93.4,88.4,86.4,86.4,85.7
בני ציון,93.4,2022-04-28T00:00:00.000Z,93.4,88.4,86.4,86.4,85.7
בני ציון,93.4,2022-04-28T00:00:00.000Z,93.4,88.4,86.4,86.4,85.7
בני ציון,93.4,2022-04-28T00:00:00.000Z,93.4,88.4,86.4,86.4,85.7
בני ציון,93.4,2022-04-28T00:00:00.000Z,93.4,88.4,86.4,86.4,85.7
שמואל הרופא,94.4,2022-04-28T00:00:00.000Z,94.4,86.1,76.8,76.8,83
שמואל הרופא,94.4,2022-04-28T00:00:00.000Z,94.4,86.1,76.8,76.8,83
שמואל הרופא,94.4,2022-04-28T00:00:00.000Z,94.4,86.1,76.8,76.8,83
שמואל הרופא,94.4,2022-04-28T00:00:00.000Z,94.4,86.1,76.8,76.8,83
שמואל הרופא,94.4,2022-04-28T00:00:00.000Z,94.4,86.1,76.8,76.8,83
שמואל הרופא,94.4,2022-04-28T00:00:00.000Z,94.4,86.1,76.8,76.8,83
שמואל הרופא,94.4,2022-04-28T00:00:00.000Z,94.4,86.1,76.8,76.8,83
שמואל הרופא,94.4,2022-04-28T00:00:00.000Z,94.4,86.1,76.8,76.8,83
שמואל הרופא,94.4,2022-04-28T00:00:00.000Z,94.4,86.1,76.8,76.8,83
שמואל הרופא,94.4,2022-04-28T00:00:00.000Z,94.4,86.1,76.8,76.8,83
שמואל הרופא,94.4,2022-04-28T00:00:00.000Z,94.4,86.1,76.8,76.8,83
שמואל הרופא,94.4,2022-04-28T00:00:00.000Z,94.4,86.1,76.8,76.8,83
שמואל הרופא,94.4,2022-04-28T00:00:00.000Z,94.4,86.1,76.8,76.8,83
שמואל הרופא,94.4,2022-04-28T00:00:00.000Z,94.4,86.1,76.8,76.8,83
שמואל הרופא,94.4,2022-04-28T00:00:00.000Z,94.4,86.1,76.8,76.8,83
שמואל הרופא,94.4,2022-04-28T00:00:00.000Z,94.4,86.1,76.8,76.8,83
שמואל הרופא,94.4,2022-04-28T00:00:00.000Z,94.4,86.1,76.8,76.8,83
שמואל הרופא,94.4,2022-04-28T00:00:00.000Z,94.4,86.1,76.8,76.8,83
שמואל הרופא,94.4,2022-04-28T00:00:00.000Z,94.4,86.1,76.8,76.8,83
שמואל הרופא,94.4,2022-04-28T00:00:00.000Z,94.4,86.1,76.8,76.8,83
שמואל הרופא,94.4,2022-04-28T00:00:00.000Z,94.4,86.1,76.8,76.8,83
שמואל הרופא,94.4,2022-04-28T00:00:00.000Z,94.4,86.1,76.8,76.8,83
שמואל הרופא,94.4,2022-04-28T00:00:00.000Z,94.4,86.1,76.8,76.8,83
שמואל הרופא,94.4,2022-04-28T00:00:00.000Z,94.4,86.1,76.8,76.8,83
שמואל הרופא,94.4,2022-04-28T00:00:00.000Z,94.4,86.1,76.8,76.8,83
שמואל הרופא,94.4,2022-04-28T00:00:00.000Z,94.4,86.1,76.8,76.8,83
שמואל הרופא,94.4,2022-04-28T00:00:00.000Z,94.4,86.1,76.8,76.8,83
שמואל הרופא,94.4,2022-04-28T00:00:00.000Z,94.4,86.1,76.8,76.8,83
שמואל הרופא,94.4,2022-04-28T00:00:00.000Z,94.4,86.1,76.8,76.8,83
שמואל הרופא,94.4,2022-04-28T00:00:00.000Z,94.4,86.1,76.8,76.8,83
שמואל הרופא,94.4,2022-04-28T00:00:00.000Z,94.4,86.1,76.8,76.8,83
שמואל הרופא,94.4,2022-04-28T00:00:00.000Z,94.4,86.1,76.8,76.8,83
שמואל הרופא,94.4,2022-04-28T00:00:00.000Z,94.4,86.1,76.8,76.8,83
שמואל הרופא,94.4,2022-04-28T00:00:00.000Z,94.4,86.1,76.8,76.8,83
בני ציון,93.4,2022-04-28T00:00:00.000Z,93.4,88.4,86.4,86.4,85.7
בני ציון,93.4,2022-04-28T00:00:00.000Z,93.4,88.4,86.4,86.4,85.7
בני ציון,93.4,2022-04-28T00:00:00.000Z,93.4,88.4,86.4,86.4,85.7
בני ציון,93.4,2022-04-28T00:00:00.000Z,93.4,88.4,86.4,86.4,85.7
בני ציון,93.4,2022-04-28T00:00:00.000Z,93.4,88.4,86.4,86.4,85.7
בני ציון,93.4,2022-04-28T00:00:00.000Z,93.4,88.4,86.4,86.4,85.7
בני ציון,93.4,2022-04-28T00:00:00.000Z,93.4,88.4,86.4,86.4,85.7
בני ציון,93.4,2022-04-28T00:00:00.000Z,93.4,88.4,86.4,86.4,85.7
בני ציון,93.4,2022-04-28T00:00:00.000Z,93.4,88.4,86.4,86.4,85.7
בני ציון,93.4,2022-04-28T00:00:00.000Z,93.4,88.4,86.4,86.4,85.7
בני ציון,93.4,2022-04-28T00:00:00.000Z,93.4,88.4,86.4,86.4,85.7
בני ציון,93.4,2022-04-28T00:00:00.000Z,93.4,88.4,86.4,86.4,85.7
בני ציון,93.4,2022-04-28T00:00:00.000Z,93.4,88.4,86.4,86.4,85.7
בני ציון,93.4,2022-04-28T00:00:00.000Z,93.4,88.4,86.4,86.4,85.7
בני ציון,93.4,2022-04-28T00:00:00.000Z,93.4,88.4,86.4,86.4,85.7
בני ציון,93.4,2022-04-28T00:00:00.000Z,93.4,88.4,86.4,86.4,85.7
בני ציון,93.4,2022-04-28T00:00:00.000Z,93.4,88.4,86.4,86.4,85.7
בני ציון,93.4,2022-04-28T00:00:00.000Z,93.4,88.4,86.4,86.4,85.7
בני ציון,93.4,2022-04-28T00:00:00.000Z,93.4,88.4,86.4,86.4,85.7
בני ציון,93.4,2022-04-28T00:00:00.000Z,93.4,88.4,86.4,86.4,85.7
בני ציון,93.4,2022-04-28T00:00:00.000Z,93.4,88.4,86.4,86.4,85.7
בני ציון,93.4,2022-04-28T00:00:00.000Z,93.4,88.4,86.4,86.4,85.7
בני ציון,93.4,2022-04-28T00:00:00.000Z,93.4,88.4,86.4,86.4,85.7
בני ציון,93.4,2022-04-28T00:00:00.000Z,93.4,88.4,86.4,86.4,85.7
בני ציון,93.4,2022-04-28T00:00:00.000Z,93.4,88.4,86.4,86.4,85.7
בני ציון,93.4,2022-04-28T00:00:00.000Z,93.4,88.4,86.4,86.4,85.7
בני ציון,93.4,2022-04-28T00:00:00.000Z,93.4,88.4,86.4,86.4,85.7
בני ציון,93.4,2022-04-28T00:00:00.000Z,93.4,88.4,86.4,86.4,85.7
בני ציון,93.4,2022-04-28T00:00:00.000Z,93.4,88.4,86.4,86.4,85.7
בני ציון,93.4,2022-04-28T00:00:00.000Z,93.4,88.4,86.4,86.4,85.7
בני ציון,93.4,2022-04-28T00:00:00.000Z,93.4,88.4,86.4,86.4,85.7
בני ציון,93.4,2022-04-28T00:00:00.000Z,93.4,88.4,86.4,86.4,85.7
בני ציון,93.4,2022-04-28T00:00:00.000Z,93.4,88.4,86.4,86.4,85.7
בני ציון,93.4,2022-04-28T00:00:00.000Z,93.4,88.4,86.4,86.4,85.7
שמואל הרופא,94.4,2022-04-28T00:00:00.000Z,94.4,86.1,76.8,76.8,83
שמואל הרופא,94.4,2022-04-28T00:00:00.000Z,94.4,86.1,76.8,76.8,83
שמואל הרופא,94.4,2022-04-28T00:00:00.000Z,94.4,86.1,76.8,76.8,83
שמואל הרופא,94.4,2022-04-28T00:00:00.000Z,94.4,86.1,76.8,76.8,83
שמואל הרופא,94.4,2022-04-28T00:00:00.000Z,94.4,86.1,76.8,76.8,83
שמואל הרופא,94.4,2022-04-28T00:00:00.000Z,94.4,86.1,76.8,76.8,83
שמואל הרופא,94.4,2022-04-28T00:00:00.000Z,94.4,86.1,76.8,76.8,83
שמואל הרופא,94.4,2022-04-28T00:00:00.000Z,94.4,86.1,76.8,76.8,83
שמואל הרופא,94.4,2022-04-28T00:00:00.000Z,94.4,86.1,76.8,76.8,83
שמואל הרופא,94.4,2022-04-28T00:00:00.000Z,94.4,86.1,76.8,76.8,83
שמואל הרופא,94.4,2022-04-28T00:00:00.000Z,94.4,86.1,76.8,76.8,83
שמואל הרופא,94.4,2022-04-28T00:00:00.000Z,94.4,86.1,76.8,76.8,83
שמואל הרופא,94.4,2022-04-28T00:00:00.000Z,94.4,86.1,76.8,76.8,83
שמואל הרופא,94.4,2022-04-28T00:00:00.000Z,94.4,86.1,76.8,76.8,83
שמואל הרופא,94.4,2022-04-28T00:00:00.000Z,94.4,86.1,76.8,76.8,83
שמואל הרופא,94.4,2022-04-28T00:00:00.000Z,94.4,86.1,76.8,76.8,83
שמואל הרופא,94.4,2022-04-28T00:00:00.000Z,94.4,86.1,76.8,76.8,83
שמואל הרופא,94.4,2022-04-28T00:00:00.000Z,94.4,86.1,76.8,76.8,83
שמואל הרופא,94.4,2022-04-28T00:00:00.000Z,94.4,86.1,76.8,76.8,83
שמואל הרופא,94.4,2022-04-28T00:00:00.000Z,94.4,86.1,76.8,76.8,83
שמואל הרופא,94.4,2022-04-28T00:00:00.000Z,94.4,86.1,76.8,76.8,83
שמואל הרופא,94.4,2022-04-28T00:00:00.000Z,94.4,86.1,76.8,76.8,83
שמואל הרופא,94.4,2022-04-28T00:00:00.000Z,94.4,86.1,76.8,76.8,83
שמואל הרופא,94.4,2022-04-28T00:00:00.000Z,94.4,86.1,76.8,76.8,83
שמואל הרופא,94.4,2022-04-28T00:00:00.000Z,94.4,86.1,76.8,76.8,83
שמואל הרופא,94.4,2022-04-28T00:00:00.000Z,94.4,86.1,76.8,76.8,83
שמואל הרופא,94.4,2022-04-28T00:00:00.000Z,94.4,86.1,76.8,76.8,83
שמואל הרופא,94.4,2022-04-28T00:00:00.000Z,94.4,86.1,76.8,76.8,83
שמואל הרופא,94.4,2022-04-28T00:00:00.000Z,94.4,86.1,76.8,76.8,83
שמואל הרופא,94.4,2022-04-28T00:00:00.000Z,94.4,86.1,76.8,76.8,83
שמואל הרופא,94.4,2022-04-28T00:00:00.000Z,94.4,86.1,76.8,76.8,83
שמואל הרופא,94.4,2022-04-28T00:00:00.000Z,94.4,86.1,76.8,76.8,83
שמואל הרופא,94.4,2022-04-28T00:00:00.000Z,94.4,86.1,76.8,76.8,83
שמואל הרופא,94.4,2022-04-28T00:00:00.000Z,94.4,86.1,76.8,76.8,83
שמואל הרופא,94.4,2022-04-28T00:00:00.000Z,94.4,86.1,76.8,76.8,83
שמואל הרופא,94.4,2022-04-28T00:00:00.000Z,94.4,86.1,76.8,76.8,83
שמואל הרופא,94.4,2022-04-28T00:00:00.000Z,94.4,86.1,76.8,76.8,83
שמואל הרופא,94.4,2022-04-28T00:00:00.000Z,94.4,86.1,76.8,76.8,83
שמואל הרופא,94.4,2022-04-28T00:00:00.000Z,94.4,86.1,76.8,76.8,83
שמואל הרופא,94.4,2022-04-28T00:00:00.000Z,94.4,86.1,76.8,76.8,83
שמואל הרופא,94.4,2022-04-28T00:00:00.000Z,94.4,86.1,76.8,76.8,83
שמואל הרופא,94.4,2022-04-28T00:00:00.000Z,94.4,86.1,76.8,76.8,83
שמואל הרופא,94.4,2022-04-28T00:00:00.000Z,94.4,86.1,76.8,76.8,83
שמואל הרופא,94.4,2022-04-28T00:00:00.000Z,94.4,86.1,76.8,76.8,83
שמואל הרופא,94.4,2022-04-28T00:00:00.000Z,94.4,86.1,76.8,76.8,83
שמואל הרופא,94.4,2022-04-28T00:00:00.000Z,94.4,86.1,76.8,76.8,83
שמואל הרופא,94.4,2022-04-28T00:00:00.000Z,94.4,86.1,76.8,76.8,83
שמואל הרופא,94.4,2022-04-28T00:00:00.000Z,94.4,86.1,76.8,76.8,83
שמואל הרופא,94.4,2022-04-28T00:00:00.000Z,94.4,86.1,76.8,76.8,83
שמואל הרופא,94.4,2022-04-28T00:00:00.000Z,94.4,86.1,76.8,76.8,83
רבין ק. בילינסון,111.5,2022-04-28T00:00:00.000Z,120.3,101.3,91.5,100.2,91.5
רבין ק. בילינסון,111.5,2022-04-28T00:00:00.000Z,119,101.5,91.5,99,91.8
רבין ק. בילינסון,111.5,2022-04-28T00:00:00.000Z,117.7,101.7,91.5,97.8,92
רבין ק. בילינסון,111.5,2022-04-28T00:00:00.000Z,116.5,101.9,91.5,96.5,92.3
רבין ק. בילינסון,111.5,2022-04-28T00:00:00.000Z,115.2,102.1,91.5,95.3,92.6
רבין ק. בילינסון,111.5,2022-04-28T00:00:00.000Z,114,102.3,91.5,94,92.9
רבין ק. בילינסון,111.5,2022-04-28T00:00:00.000Z,112.7,102.5,91.5,92.8,93.1
רבין ק. בילינסון,111.5,2022-04-28T00:00:00.000Z,111.5,102.6,91.5,91.5,93.4
רבין ק. בילינסון,111.5,2022-04-28T00:00:00.000Z,111.5,102.6,91.5,91.5,93.4
רבין ק. בילינסון,111.5,2022-04-28T00:00:00.000Z,111.5,102.6,91.5,91.5,93.4
רבין ק. בילינסון,111.5,2022-04-28T00:00:00.000Z,111.5,102.6,91.5,91.5,93.4
רבין ק. בילינסון,111.5,2022-04-28T00:00:00.000Z,111.5,102.6,91.5,91.5,93.4
רבין ק. בילינסון,111.5,2022-04-28T00:00:00.000Z,111.5,102.6,91.5,91.5,93.4
רבין ק. בילינסון,111.5,2022-04-28T00:00:00.000Z,111.5,102.6,91.5,91.5,93.4
רבין ק. בילינסון,111.5,2022-04-28T00:00:00.000Z,111.5,102.6,91.5,91.5,93.4
רבין ק. בילינסון,111.5,2022-04-28T00:00:00.000Z,111.5,102.6,91.5,91.5,93.4
רבין ק. בילינסון,111.5,2022-04-28T00:00:00.000Z,111.5,102.6,91.5,91.5,93.4
רבין ק. בילינסון,111.5,2022-04-28T00:00:00.000Z,111.5,102.6,91.5,91.5,93.4
רבין ק. בילינסון,111.5,2022-04-28T00:00:00.000Z,111.5,102.6,91.5,91.5,93.4
רבין ק. בילינסון,111.5,2022-04-28T00:00:00.000Z,111.5,102.6,91.5,91.5,93.4
רבין ק. בילינסון,111.5,2022-04-28T00:00:00.000Z,111.5,102.6,91.5,91.5,93.4
רבין ק. בילינסון,111.5,2022-04-28T00:00:00.000Z,111.5,102.6,91.5,91.5,93.4
רבין ק. בילינסון,111.5,2022-04-28T00:00:00.000Z,111.5,102.6,91.5,91.5,93.4
רבין ק. בילינסון,111.5,2022-04-28T00:00:00.000Z,111.5,102.6,91.5,91.5,93.4
רבין ק. בילינסון,111.5,2022-04-28T00:00:00.000Z,111.5,102.6,91.5,91.5,93.4
רבין ק. בילינסון,111.5,2022-04-28T00:00:00.000Z,111.5,102.6,91.5,91.5,93.4
רבין ק. בילינסון,111.5,2022-04-28T00:00:00.000Z,111.5,102.6,91.5,91.5,93.4
רבין ק. בילינסון,111.5,2022-04-28T00:00:00.000Z,111.5,102.6,91.5,91.5,93.4
רבין ק. בילינסון,111.5,2022-04-28T00:00:00.000Z,111.5,102.6,91.5,91.5,93.4
רבין ק. בילינסון,111.5,2022-04-28T00:00:00.000Z,111.5,102.6,91.5,91.5,93.4
רבין ק. בילינסון,111.5,2022-04-28T00:00:00.000Z,111.5,102.6,91.5,91.5,93.4
רבין ק. בילינסון,111.5,2022-04-28T00:00:00.000Z,111.5,102.6,91.5,91.5,93.4
רבין ק. בילינסון,111.5,2022-04-28T00:00:00.000Z,111.5,102.6,91.5,91.5,93.4
רבין ק. בילינסון,111.5,2022-04-28T00:00:00.000Z,111.5,102.6,91.5,91.5,93.4
רבין ק. בילינסון,111.5,2022-04-28T00:00:00.000Z,111.5,102.6,91.5,91.5,93.4
רבין ק. בילינסון,111.5,2022-04-28T00:00:00.000Z,111.5,102.6,91.5,91.5,93.4
רבין ק. בילינסון,111.5,2022-04-28T00:00:00.000Z,111.5,102.6,91.5,91.5,93.4
רבין ק. בילינסון,111.5,2022-04-28T00:00:00.000Z,111.5,102.6,91.5,91.5,93.4
רבין ק. בילינסון,111.5,2022-04-28T00:00:00.000Z,111.5,102.6,91.5,91.5,93.4
רבין ק. בילינסון,111.5,2022-04-28T00:00:00.000Z,111.5,102.6,91.5,91.5,93.4
רבין ק. בילינסון,111.5,2022-04-28T00:00:00.000Z,111.5,102.6,91.5,91.5,93.4
רבין ק. בילינסון,111.5,2022-04-28T00:00:00.000Z,111.5,102.6,91.5,91.5,93.4
רבין ק. בילינסון,111.5,2022-04-28T00:00:00.000Z,111.5,102.6,91.5,91.5,93.4
רבין ק. בילינסון,111.5,2022-04-28T00:00:00.000Z,111.5,102.6,91.5,91.5,93.4
רבין ק. בילינסון,111.5,2022-04-28T00:00:00.000Z,111.5,102.6,91.5,91.5,93.4
בני ציון,93.4,2022-04-28T00:00:00.000Z,93.4,88.4,86.4,86.4,85.7
בני ציון,93.4,2022-04-28T00:00:00.000Z,93.4,88.4,86.4,86.4,85.7
בני ציון,93.4,2022-04-28T00:00:00.000Z,93.4,88.4,86.4,86.4,85.7
בני ציון,93.4,2022-04-28T00:00:00.000Z,93.4,88.4,86.4,86.4,85.7
בני ציון,93.4,2022-04-28T00:00:00.000Z,93.4,88.4,86.4,86.4,85.7
בני ציון,93.4,2022-04-28T00:00:00.000Z,93.4,88.4,86.4,86.4,85.7
בני ציון,93.4,2022-04-28T00:00:00.000Z,93.4,88.4,86.4,86.4,85.7
בני ציון,93.4,2022-04-28T00:00:00.000Z,93.4,88.4,86.4,86.4,85.7
בני ציון,93.4,2022-04-28T00:00:00.000Z,93.4,88.4,86.4,86.4,85.7
בני ציון,93.4,2022-04-28T00:00:00.000Z,93.4,88.4,86.4,86.4,85.7
בני ציון,93.4,2022-04-28T00:00:00.000Z,93.4,88.4,86.4,86.4,85.7
בני ציון,93.4,2022-04-28T00:00:00.000Z,93.4,88.4,86.4,86.4,85.7
בני ציון,93.4,2022-04-28T00:00:00.000Z,93.4,88.4,86.4,86.4,85.7
בני ציון,93.4,2022-04-28T00:00:00.000Z,93.4,88.4,86.4,86.4,85.7
בני ציון,93.4,2022-04-28T00:00:00.000Z,93.4,88.4,86.4,86.4,85.7
בני ציון,93.4,2022-04-28T00:00:00.000Z,93.4,88.4,86.4,86.4,85.7
בני ציון,93.4,2022-04-28T00:00:00.000Z,93.4,88.4,86.4,86.4,85.7
בני ציון,93.4,2022-04-28T00:00:00.000Z,93.4,88.4,86.4,86.4,85.7
בני ציון,93.4,2022-04-28T00:00:00.000Z,93.4,88.4,86.4,86.4,85.7
בני ציון,93.4,2022-04-28T00:00:00.000Z,93.4,88.4,86.4,86.4,85.7
בני ציון,93.4,2022-04-28T00:00:00.000Z,93.4,88.4,86.4,86.4,85.7
בני ציון,93.4,2022-04-28T00:00:00.000Z,93.4,88.4,86.4,86.4,85.7
בני ציון,93.4,2022-04-28T00:00:00.000Z,93.4,88.4,86.4,86.4,85.7
בני ציון,93.4,2022-04-28T00:00:00.000Z,93.4,88.4,86.4,86.4,85.7
בני ציון,93.4,2022-04-28T00:00:00.000Z,93.4,88.4,86.4,86.4,85.7
בני ציון,93.4,2022-04-28T00:00:00.000Z,93.4,88.4,86.4,86.4,85.7
בני ציון,93.4,2022-04-28T00:00:00.000Z,93.4,88.4,86.4,86.4,85.7
בני ציון,93.4,2022-04-28T00:00:00.000Z,93.4,88.4,86.4,86.4,85.7
בני ציון,93.4,2022-04-28T00:00:00.000Z,93.4,88.4,86.4,86.4,85.7
בני ציון,93.4,2022-04-28T00:00:00.000Z,93.4,88.4,86.4,86.4,85.7
בני ציון,93.4,2022-04-28T00:00:00.000Z,93.4,88.4,86.4,86.4,85.7
בני ציון,93.4,2022-04-28T00:00:00.000Z,93.4,88.4,86.4,86.4,85.7
בני ציון,93.4,2022-04-28T00:00:00.000Z,93.4,88.4,86.4,86.4,85.7
בני ציון,93.4,2022-04-28T00:00:00.000Z,93.4,88.4,86.4,86.4,85.7
בני ציון,93.4,2022-04-28T00:00:00.000Z,93.4,88.4,86.4,86.4,85.7
בני ציון,93.4,2022-04-28T00:00:00.000Z,93.4,88.4,86.4,86.4,85.7
בני ציון,93.4,2022-04-28T00:00:00.000Z,93.4,88.4,86.4,86.4,85.7
בני ציון,93.4,2022-04-28T00:00:00.000Z,93.4,88.4,86.4,86.4,85.7
בני ציון,93.4,2022-04-28T00:00:00.000Z,93.4,88.4,86.4,86.4,85.7
בני ציון,93.4,2022-04-28T00:00:00.000Z,93.4,88.4,86.4,86.4,85.7
בני ציון,93.4,2022-04-28T00:00:00.000Z,93.4,88.4,86.4,86.4,85.7
בני ציון,93.4,2022-04-28T00:00:00.000Z,93.4,88.4,86.4,86.4,85.7
בני ציון,93.4,2022-04-28T00:00:00.000Z,93.4,88.4,86.4,86.4,85.7
בני ציון,93.4,2022-04-28T00:00:00.000Z,93.4,88.4,86.4,86.4,85.7
בני ציון,93.4,2022-04-28T00:00:00.000Z,93.4,88.4,86.4,86.4,85.7
בני ציון,93.4,2022-04-28T00:00:00.000Z,93.4,88.4,86.4,86.4,85.7
בני ציון,93.4,2022-04-28T00:00:00.000Z,93.4,88.4,86.4,86.4,85.7
בני ציון,93.4,2022-04-28T00:00:00.000Z,93.4,88.4,86.4,86.4,85.7
בני ציון,93.4,2022-04-28T00:00:00.000Z,93.4,88.4,86.4,86.4,85.7
בני ציון,93.4,2022-04-28T00:00:00.000Z,93.4,88.4,86.4,86.4,85.7
בני ציון,93.4,2022-04-28T00:00:00.000Z,93.4,88.4,86.4,86.4,85.7
בני ציון,93.4,2022-04-28T00:00:00.000Z,93.4,88.4,86.4,86.4,85.7
בני ציון,93.4,2022-04-28T00:00:00.000Z,93.4,88.4,86.4,86.4,85.7
בני ציון,93.4,2022-04-28T00:00:00.000Z,93.4,88.4,86.4,86.4,85.7
בני ציון,93.4,2022-04-28T00:00:00.000Z,93.4,88.4,86.4,86.4,85.7
בני ציון,93.4,2022-04-28T00:00:00.000Z,93.4,88.4,86.4,86.4,85.7
בני ציון,93.4,2022-04-28T00:00:00.000Z,93.4,88.4,86.4,86.4,85.7
בני ציון,93.4,2022-04-28T00:00:00.000Z,93.4,88.4,86.4,86.4,85.7
בני ציון,93.4,2022-04-28T00:00:00.000Z,93.4,88.4,86.4,86.4,85.7
בני ציון,93.4,2022-04-28T00:00:00.000Z,93.4,88.4,86.4,86.4,85.7
בני ציון,93.4,2022-04-28T00:00:00.000Z,93.4,88.4,86.4,86.4,85.7
בני ציון,93.4,2022-04-28T00:00:00.000Z,93.4,88.4,86.4,86.4,85.7
בני ציון,93.4,2022-04-28T00:00:00.000Z,93.4,88.4,86.4,86.4,85.7
בני ציון,93.4,2022-04-28T00:00:00.000Z,93.4,88.4,86.4,86.4,85.7
בני ציון,93.4,2022-04-28T00:00:00.000Z,93.4,88.4,86.4,86.4,85.7
בני ציון,93.4,2022-04-28T00:00:00.000Z,93.4,88.4,86.4,86.4,85.7
בני ציון,93.4,2022-04-28T00:00:00.000Z,93.4,88.4,86.4,86.4,85.7
בני ציון,93.4,2022-04-28T00:00:00.000Z,93.4,88.4,86.4,86.4,85.7
רבין ק. בילינסון,111.5,2022-04-28T00:00:00.000Z,111.5,102.6,91.5,91.5,93.4
רבין ק. בילינסון,111.5,2022-04-28T00:00:00.000Z,111.5,102.6,91.5,91.5,93.4
רבין ק. בילינסון,111.5,2022-04-28T00:00:00.000Z,111.5,102.6,91.5,91.5,93.4
רבין ק. בילינסון,111.5,2022-04-28T00:00:00.000Z,111.5,102.6,91.5,91.5,93.4
רבין ק. בילינסון,111.5,2022-04-28T00:00:00.000Z,111.5,102.6,91.5,91.5,93.4
רבין ק. בילינסון,111.5,2022-04-28T00:00:00.000Z,111.5,102.6,91.5,91.5,93.4
רבין ק. בילינסון,111.5,2022-04-28T00:00:00.000Z,111.5,102.6,91.5,91.5,93.4
רבין ק. בילינסון,111.5,2022-04-28T00:00:00.000Z,111.5,102.6,91.5,91.5,93.4
רבין ק. בילינסון,111.5,2022-04-28T00:00:00.000Z,111.5,102.6,91.5,91.5,93.4
רבין ק. בילינסון,111.5,2022-04-28T00:00:00.000Z,111.5,102.6,91.5,91.5,93.4
רבין ק. בילינסון,111.5,2022-04-28T00:00:00.000Z,111.5,102.6,91.5,91.5,93.4
רבין ק. בילינסון,111.5,2022-04-28T00:00:00.000Z,111.5,102.6,91.5,91.5,93.4
רבין ק. בילינסון,111.5,2022-04-28T00:00:00.000Z,111.5,102.6,91.5,91.5,93.4
רבין ק. בילינסון,111.5,2022-04-28T00:00:00.000Z,111.5,102.6,91.5,91.5,93.4
רבין ק. בילינסון,111.5,2022-04-28T00:00:00.000Z,111.5,102.6,91.5,91.5,93.4
רבין ק. בילינסון,111.5,2022-04-28T00:00:00.000Z,111.5,102.6,91.5,91.5,93.4
רבין ק. בילינסון,111.5,2022-04-28T00:00:00.000Z,111.5,102.6,91.5,91.5,93.4
רבין ק. בילינסון,111.5,2022-04-28T00:00:00.000Z,111.5,102.6,91.5,91.5,93.4
רבין ק. בילינסון,111.5,2022-04-28T00:00:00.000Z,111.5,102.6,91.5,91.5,93.4
רבין ק. בילינסון,111.5,2022-04-28T00:00:00.000Z,111.5,102.6,91.5,91.5,93.4
רבין ק. בילינסון,111.5,2022-04-28T00:00:00.000Z,111.5,102.6,91.5,91.5,93.4
רבין ק. בילינסון,111.5,2022-04-28T00:00:00.000Z,111.5,102.6,91.5,91.5,93.4
רבין ק. בילינסון,111.5,2022-04-28T00:00:00.000Z,111.5,102.6,91.5,91.5,93.4
רבין ק. בילינסון,111.5,2022-04-28T00:00:00.000Z,111.5,102.6,91.5,91.5,93.4
רבין ק. בילינסון,111.5,2022-04-28T00:00:00.000Z,111.5,102.6,91.5,91.5,93.4
רבין ק. בילינסון,111.5,2022-04-28T00:00:00.000Z,111.5,102.6,91.5,91.5,93.4
רבין ק. בילינסון,111.5,2022-04-28T00:00:00.000Z,111.5,102.6,91.5,91.5,93.4
רבין ק. בילינסון,111.5,2022-04-28T00:00:00.000Z,111.5,102.6,91.5,91.5,93.4
רבין ק. בילינסון,111.5,2022-04-28T00:00:00.000Z,111.5,102.6,91.5,91.5,93.4
רבין ק. בילינסון,111.5,2022-04-28T00:00:00.000Z,111.5,102.6,91.5,91.5,93.4
רבין ק. בילינסון,111.5,2022-04-28T00:00:00.000Z,111.5,102.6,91.5,91.5,93.4
רבין ק. בילינסון,111.5,2022-04-28T00:00:00.000Z,111.5,102.6,91.5,91.5,93.4
פוריה,67.9,2022-04-28T00:00:00.000Z,79.5,66.7,78,84.5,74.6
פוריה,67.9,2022-04-28T00:00:00.000Z,77.8,66.1,78,83.6,74.4
פוריה,67.9,2022-04-28T00:00:00.000Z,76.2,65.6,78,82.7,74.2
פוריה,67.9,2022-04-28T00:00:00.000Z,74.5,65,78,81.7,73.9
פוריה,67.9,2022-04-28T00:00:00.000Z,72.9,64.5,78,80.8,73.7
פוריה,67.9,2022-04-28T00:00:00.000Z,71.2,63.9,78,79.9,73.4
פוריה,67.9,2022-04-28T00:00:00.000Z,69.6,63.4,78,79,73.2
פוריה,67.9,2022-04-28T00:00:00.000Z,67.9,62.8,78,78,73
פוריה,67.9,2022-04-28T00:00:00.000Z,67.9,62.8,78,78,73
פוריה,67.9,2022-04-28T00:00:00.000Z,67.9,62.8,78,78,73
פוריה,67.9,2022-04-28T00:00:00.000Z,67.9,62.8,78,78,73
פוריה,67.9,2022-04-28T00:00:00.000Z,67.9,62.8,78,78,73
פוריה,67.9,2022-04-28T00:00:00.000Z,67.9,62.8,78,78,73
פוריה,67.9,2022-04-28T00:00:00.000Z,67.9,62.8,78,78,73
פוריה,67.9,2022-04-28T00:00:00.000Z,67.9,62.8,78,78,73
פוריה,67.9,2022-04-28T00:00:00.000Z,67.9,62.8,78,78,73
פוריה,67.9,2022-04-28T00:00:00.000Z,67.9,62.8,78,78,73
פוריה,67.9,2022-04-28T00:00:00.000Z,67.9,62.8,78,78,73
פוריה,67.9,2022-04-28T00:00:00.000Z,67.9,62.8,78,78,73
פוריה,67.9,2022-04-28T00:00:00.000Z,67.9,62.8,78,78,73
פוריה,67.9,2022-04-28T00:00:00.000Z,67.9,62.8,78,78,73
פוריה,67.9,2022-04-28T00:00:00.000Z,67.9,62.8,78,78,73
פוריה,67.9,2022-04-28T00:00:00.000Z,67.9,62.8,78,78,73
פוריה,67.9,2022-04-28T00:00:00.000Z,67.9,62.8,78,78,73
פוריה,67.9,2022-04-28T00:00:00.000Z,67.9,62.8,78,78,73
פוריה,67.9,2022-04-28T00:00:00.000Z,67.9,62.8,78,78,73
פוריה,67.9,2022-04-28T00:00:00.000Z,67.9,62.8,78,78,73
פוריה,67.9,2022-04-28T00:00:00.000Z,67.9,62.8,78,78,73
פוריה,67.9,2022-04-28T00:00:00.000Z,67.9,62.8,78,78,73
פוריה,67.9,2022-04-28T00:00:00.000Z,67.9,62.8,78,78,73
פוריה,67.9,2022-04-28T00:00:00.000Z,67.9,62.8,78,78,73
פוריה,67.9,2022-04-28T00:00:00.000Z,67.9,62.8,78,78,73
פוריה,67.9,2022-04-28T00:00:00.000Z,67.9,62.8,78,78,73
פוריה,67.9,2022-04-28T00:00:00.000Z,67.9,62.8,78,78,73
פוריה,67.9,2022-04-28T00:00:00.000Z,67.9,62.8,78,78,73
פוריה,67.9,2022-04-28T00:00:00.000Z,67.9,62.8,78,78,73
פוריה,67.9,2022-04-28T00:00:00.000Z,67.9,62.8,78,78,73
פוריה,67.9,2022-04-28T00:00:00.000Z,67.9,62.8,78,78,73
בני ציון,93.4,2022-04-28T00:00:00.000Z,93.4,88.4,86.4,86.4,85.7
בני ציון,93.4,2022-04-28T00:00:00.000Z,93.4,88.4,86.4,86.4,85.7
בני ציון,93.4,2022-04-28T00:00:00.000Z,93.4,88.4,86.4,86.4,85.7
בני ציון,93.4,2022-04-28T00:00:00.000Z,93.4,88.4,86.4,86.4,85.7
בני ציון,93.4,2022-04-28T00:00:00.000Z,93.4,88.4,86.4,86.4,85.7
בני ציון,93.4,2022-04-28T00:00:00.000Z,93.4,88.4,86.4,86.4,85.7
בני ציון,93.4,2022-04-28T00:00:00.000Z,93.4,88.4,86.4,86.4,85.7
בני ציון,93.4,2022-04-28T00:00:00.000Z,93.4,88.4,86.4,86.4,85.7
בני ציון,93.4,2022-04-28T00:00:00.000Z,93.4,88.4,86.4,86.4,85.7
בני ציון,93.4,2022-04-28T00:00:00.000Z,93.4,88.4,86.4,86.4,85.7
בני ציון,93.4,2022-04-28T00:00:00.000Z,93.4,88.4,86.4,86.4,85.7
בני ציון,93.4,2022-04-28T00:00:00.000Z,93.4,88.4,86.4,86.4,85.7
בני ציון,93.4,2022-04-28T00:00:00.000Z,93.4,88.4,86.4,86.4,85.7
בני ציון,93.4,2022-04-28T00:00:00.000Z,93.4,88.4,86.4,86.4,85.7
בני ציון,93.4,2022-04-28T00:00:00.000Z,93.4,88.4,86.4,86.4,85.7
בני ציון,93.4,2022-04-28T00:00:00.000Z,93.4,88.4,86.4,86.4,85.7
בני ציון,93.4,2022-04-28T00:00:00.000Z,93.4,88.4,86.4,86.4,85.7
בני ציון,93.4,2022-04-28T00:00:00.000Z,93.4,88.4,86.4,86.4,85.7
בני ציון,93.4,2022-04-28T00:00:00.000Z,93.4,88.4,86.4,86.4,85.7
בני ציון,93.4,2022-04-28T00:00:00.000Z,93.4,88.4,86.4,86.4,85.7
בני ציון,93.4,2022-04-28T00:00:00.000Z,93.4,88.4,86.4,86.4,85.7
בני ציון,93.4,2022-04-28T00:00:00.000Z,93.4,88.4,86.4,86.4,85.7
בני ציון,93.4,2022-04-28T00:00:00.000Z,93.4,88.4,86.4,86.4,85.7
בני ציון,93.4,2022-04-28T00:00:00.000Z,93.4,88.4,86.4,86.4,85.7
בני ציון,93.4,2022-04-28T00:00:00.000Z,93.4,88.4,86.4,86.4,85.7
בני ציון,93.4,2022-04-28T00:00:00.000Z,93.4,88.4,86.4,86.4,85.7
בני ציון,93.4,2022-04-28T00:00:00.000Z,93.4,88.4,86.4,86.4,85.7
בני ציון,93.4,2022-04-28T00:00:00.000Z,93.4,88.4,86.4,86.4,85.7
בני ציון,93.4,2022-04-28T00:00:00.000Z,93.4,88.4,86.4,86.4,85.7
בני ציון,93.4,2022-04-28T00:00:00.000Z,93.4,88.4,86.4,86.4,85.7
בני ציון,93.4,2022-04-28T00:00:00.000Z,93.4,88.4,86.4,86.4,85.7
בני ציון,93.4,2022-04-28T00:00:00.000Z,93.4,88.4,86.4,86.4,85.7
בני ציון,93.4,2022-04-28T00:00:00.000Z,93.4,88.4,86.4,86.4,85.7
בני ציון,93.4,2022-04-28T00:00:00.000Z,93.4,88.4,86.4,86.4,85.7
בני ציון,93.4,2022-04-28T00:00:00.000Z,93.4,88.4,86.4,86.4,85.7
בני ציון,93.4,2022-04-28T00:00:00.000Z,93.4,88.4,86.4,86.4,85.7
בני ציון,93.4,2022-04-28T00:00:00.000Z,93.4,88.4,86.4,86.4,85.7
בני ציון,93.4,2022-04-28T00:00:00.000Z,93.4,88.4,86.4,86.4,85.7
בני ציון,93.4,2022-04-28T00:00:00.000Z,93.4,88.4,86.4,86.4,85.7
בני ציון,93.4,2022-04-28T00:00:00.000Z,93.4,88.4,86.4,86.4,85.7
בני ציון,93.4,2022-04-28T00:00:00.000Z,93.4,88.4,86.4,86.4,85.7
בני ציון,93.4,2022-04-28T00:00:00.000Z,93.4,88.4,86.4,86.4,85.7
בני ציון,93.4,2022-04-28T00:00:00.000Z,93.4,88.4,86.4,86.4,85.7
בני ציון,93.4,2022-04-28T00:00:00.000Z,93.4,88.4,86.4,86.4,85.7
בני ציון,93.4,2022-04-28T00:00:00.000Z,93.4,88.4,86.4,86.4,85.7
בני ציון,93.4,2022-04-28T00:00:00.000Z,93.4,88.4,86.4,86.4,85.7
בני ציון,93.4,2022-04-28T00:00:00.000Z,93.4,88.4,86.4,86.4,85.7
בני ציון,93.4,2022-04-28T00:00:00.000Z,93.4,88.4,86.4,86.4,85.7
בני ציון,93.4,2022-04-28T00:00:00.000Z,93.4,88.4,86.4,86.4,85.7
בני ציון,93.4,2022-04-28T00:00:00.000Z,93.4,88.4,86.4,86.4,85.7
בני ציון,93.4,2022-04-28T00:00:00.000Z,93.4,88.4,86.4,86.4,85.7
בני ציון,93.4,2022-04-28T00:00:00.000Z,93.4,88.4,86.4,86.4,85.7
בני ציון,93.4,2022-04-28T00:00:00.000Z,93.4,88.4,86.4,86.4,85.7
בני ציון,93.4,2022-04-28T00:00:00.000Z,93.4,88.4,86.4,86.4,85.7
בני ציון,93.4,2022-04-28T00:00:00.000Z,93.4,88.4,86.4,86.4,85.7
בני ציון,93.4,2022-04-28T00:00:00.000Z,93.4,88.4,86.4,86.4,85.7
בני ציון,93.4,2022-04-28T00:00:00.000Z,93.4,88.4,86.4,86.4,85.7
בני ציון,93.4,2022-04-28T00:00:00.000Z,93.4,88.4,86.4,86.4,85.7
בני ציון,93.4,2022-04-28T00:00:00.000Z,93.4,88.4,86.4,86.4,85.7
בני ציון,93.4,2022-04-28T00:00:00.000Z,93.4,88.4,86.4,86.4,85.7
בני ציון,93.4,2022-04-28T00:00:00.000Z,93.4,88.4,86.4,86.4,85.7
בני ציון,93.4,2022-04-28T00:00:00.000Z,93.4,88.4,86.4,86.4,85.7
בני ציון,93.4,2022-04-28T00:00:00.000Z,93.4,88.4,86.4,86.4,85.7
בני ציון,93.4,2022-04-28T00:00:00.000Z,93.4,88.4,86.4,86.4,85.7
בני ציון,93.4,2022-04-28T00:00:00.000Z,93.4,88.4,86.4,86.4,85.7
בני ציון,93.4,2022-04-28T00:00:00.000Z,93.4,88.4,86.4,86.4,85.7
בני ציון,93.4,2022-04-28T00:00:00.000Z,93.4,88.4,86.4,86.4,85.7
בני ציון,93.4,2022-04-28T00:00:00.000Z,93.4,88.4,86.4,86.4,85.7
רבין ק. בילינסון,111.5,2022-04-28T00:00:00.000Z,111.5,102.6,91.5,91.5,93.4
רבין ק. בילינסון,111.5,2022-04-28T00:00:00.000Z,111.5,102.6,91.5,91.5,93.4
רבין ק. בילינסון,111.5,2022-04-28T00:00:00.000Z,111.5,102.6,91.5,91.5,93.4
רבין ק. בילינסון,111.5,2022-04-28T00:00:00.000Z,111.5,102.6,91.5,91.5,93.4
רבין ק. בילינסון,111.5,2022-04-28T00:00:00.000Z,111.5,102.6,91.5,91.5,93.4
רבין ק. בילינסון,111.5,2022-04-28T00:00:00.000Z,111.5,102.6,91.5,91.5,93.4
רבין ק. בילינסון,111.5,2022-04-28T00:00:00.000Z,111.5,102.6,91.5,91.5,93.4
רבין ק. בילינסון,111.5,2022-04-28T00:00:00.000Z,111.5,102.6,91.5,91.5,93.4
רבין ק. בילינסון,111.5,2022-04-28T00:00:00.000Z,111.5,102.6,91.5,91.5,93.4
רבין ק. בילינסון,111.5,2022-04-28T00:00:00.000Z,111.5,102.6,91.5,91.5,93.4
רבין ק. בילינסון,111.5,2022-04-28T00:00:00.000Z,111.5,102.6,91.5,91.5,93.4
רבין ק. בילינסון,111.5,2022-04-28T00:00:00.000Z,111.5,102.6,91.5,91.5,93.4
רבין ק. בילינסון,111.5,2022-04-28T00:00:00.000Z,111.5,102.6,91.5,91.5,93.4
רבין ק. בילינסון,111.5,2022-04-28T00:00:00.000Z,111.5,102.6,91.5,91.5,93.4
רבין ק. בילינסון,111.5,2022-04-28T00:00:00.000Z,111.5,102.6,91.5,91.5,93.4
רבין ק. בילינסון,111.5,2022-04-28T00:00:00.000Z,111.5,102.6,91.5,91.5,93.4
רבין ק. בילינסון,111.5,2022-04-28T00:00:00.000Z,111.5,102.6,91.5,91.5,93.4
רבין ק. בילינסון,111.5,2022-04-28T00:00:00.000Z,111.5,102.6,91.5,91.5,93.4
רבין ק. בילינסון,111.5,2022-04-28T00:00:00.000Z,111.5,102.6,91.5,91.5,93.4
רבין ק. בילינסון,111.5,2022-04-28T00:00:00.000Z,111.5,102.6,91.5,91.5,93.4
רבין ק. בילינסון,111.5,2022-04-28T00:00:00.000Z,111.5,102.6,91.5,91.5,93.4
רבין ק. בילינסון,111.5,2022-04-28T00:00:00.000Z,111.5,102.6,91.5,91.5,93.4
רבין ק. בילינסון,111.5,2022-04-28T00:00:00.000Z,111.5,102.6,91.5,91.5,93.4
רבין ק. בילינסון,111.5,2022-04-28T00:00:00.000Z,111.5,102.6,91.5,91.5,93.4
רבין ק. בילינסון,111.5,2022-04-28T00:00:00.000Z,111.5,102.6,91.5,91.5,93.4
רבין ק. בילינסון,111.5,2022-04-28T00:00:00.000Z,111.5,102.6,91.5,91.5,93.4
רבין ק. בילינסון,111.5,2022-04-28T00:00:00.000Z,111.5,102.6,91.5,91.5,93.4
רבין ק. בילינסון,111.5,2022-04-28T00:00:00.000Z,111.5,102.6,91.5,91.5,93.4
רבין ק. בילינסון,111.5,2022-04-28T00:00:00.000Z,111.5,102.6,91.5,91.5,93.4
רבין ק. בילינסון,111.5,2022-04-28T00:00:00.000Z,111.5,102.6,91.5,91.5,93.4
רבין ק. בילינסון,111.5,2022-04-28T00:00:00.000Z,111.5,102.6,91.5,91.5,93.4
רבין ק. בילינסון,111.5,2022-04-28T00:00:00.000Z,111.5,102.6,91.5,91.5,93.4
בני ציון,93.4,2022-04-28T00:00:00.000Z,93.4,88.4,86.4,86.4,85.7
בני ציון,93.4,2022-04-28T00:00:00.000Z,93.4,88.4,86.4,86.4,85.7
בני ציון,93.4,2022-04-28T00:00:00.000Z,93.4,88.4,86.4,86.4,85.7
בני ציון,93.4,2022-04-28T00:00:00.000Z,93.4,88.4,86.4,86.4,85.7
בני ציון,93.4,2022-04-28T00:00:00.000Z,93.4,88.4,86.4,86.4,85.7
בני ציון,93.4,2022-04-28T00:00:00.000Z,93.4,88.4,86.4,86.4,85.7
בני ציון,93.4,2022-04-28T00:00:00.000Z,93.4,88.4,86.4,86.4,85.7
בני ציון,93.4,2022-04-28T00:00:00.000Z,93.4,88.4,86.4,86.4,85.7
בני ציון,93.4,2022-04-28T00:00:00.000Z,93.4,88.4,86.4,86.4,85.7
בני ציון,93.4,2022-04-28T00:00:00.000Z,93.4,88.4,86.4,86.4,85.7
בני ציון,93.4,2022-04-28T00:00:00.000Z,93.4,88.4,86.4,86.4,85.7
בני ציון,93.4,2022-04-28T00:00:00.000Z,93.4,88.4,86.4,86.4,85.7
בני ציון,93.4,2022-04-28T00:00:00.000Z,93.4,88.4,86.4,86.4,85.7
בני ציון,93.4,2022-04-28T00:00:00.000Z,93.4,88.4,86.4,86.4,85.7
בני ציון,93.4,2022-04-28T00:00:00.000Z,93.4,88.4,86.4,86.4,85.7
בני ציון,93.4,2022-04-28T00:00:00.000Z,93.4,88.4,86.4,86.4,85.7
בני ציון,93.4,2022-04-28T00:00:00.000Z,93.4,88.4,86.4,86.4,85.7
בני ציון,93.4,2022-04-28T00:00:00.000Z,93.4,88.4,86.4,86.4,85.7
בני ציון,93.4,2022-04-28T00:00:00.000Z,93.4,88.4,86.4,86.4,85.7
בני ציון,93.4,2022-04-28T00:00:00.000Z,93.4,88.4,86.4,86.4,85.7
בני ציון,93.4,2022-04-28T00:00:00.000Z,93.4,88.4,86.4,86.4,85.7
בני ציון,93.4,2022-04-28T00:00:00.000Z,93.4,88.4,86.4,86.4,85.7
בני ציון,93.4,2022-04-28T00:00:00.000Z,93.4,88.4,86.4,86.4,85.7
בני ציון,93.4,2022-04-28T00:00:00.000Z,93.4,88.4,86.4,86.4,85.7
בני ציון,93.4,2022-04-28T00:00:00.000Z,93.4,88.4,86.4,86.4,85.7
בני ציון,93.4,2022-04-28T00:00:00.000Z,93.4,88.4,86.4,86.4,85.7
בני ציון,93.4,2022-04-28T00:00:00.000Z,93.4,88.4,86.4,86.4,85.7
בני ציון,93.4,2022-04-28T00:00:00.000Z,93.4,88.4,86.4,86.4,85.7
בני ציון,93.4,2022-04-28T00:00:00.000Z,93.4,88.4,86.4,86.4,85.7
בני ציון,93.4,2022-04-28T00:00:00.000Z,93.4,88.4,86.4,86.4,85.7
בני ציון,93.4,2022-04-28T00:00:00.000Z,93.4,88.4,86.4,86.4,85.7
בני ציון,93.4,2022-04-28T00:00:00.000Z,93.4,88.4,86.4,86.4,85.7
בני ציון,93.4,2022-04-28T00:00:00.000Z,93.4,88.4,86.4,86.4,85.7
בני ציון,93.4,2022-04-28T00:00:00.000Z,93.4,88.4,86.4,86.4,85.7
בני ציון,93.4,2022-04-28T00:00:00.000Z,93.4,88.4,86.4,86.4,85.7
בני ציון,93.4,2022-04-28T00:00:00.000Z,93.4,88.4,86.4,86.4,85.7
בני ציון,93.4,2022-04-28T00:00:00.000Z,93.4,88.4,86.4,86.4,85.7
בני ציון,93.4,2022-04-28T00:00:00.000Z,93.4,88.4,86.4,86.4,85.7
בני ציון,93.4,2022-04-28T00:00:00.000Z,93.4,88.4,86.4,86.4,85.7
בני ציון,93.4,2022-04-28T00:00:00.000Z,93.4,88.4,86.4,86.4,85.7
בני ציון,93.4,2022-04-28T00:00:00.000Z,93.4,88.4,86.4,86.4,85.7
בני ציון,93.4,2022-04-28T00:00:00.000Z,93.4,88.4,86.4,86.4,85.7
בני ציון,93.4,2022-04-28T00:00:00.000Z,93.4,88.4,86.4,86.4,85.7
בני ציון,93.4,2022-04-28T00:00:00.000Z,93.4,88.4,86.4,86.4,85.7
בני ציון,93.4,2022-04-28T00:00:00.000Z,93.4,88.4,86.4,86.4,85.7
בני ציון,93.4,2022-04-28T00:00:00.000Z,93.4,88.4,86.4,86.4,85.7
בני ציון,93.4,2022-04-28T00:00:00.000Z,93.4,88.4,86.4,86.4,85.7
בני ציון,93.4,2022-04-28T00:00:00.000Z,93.4,88.4,86.4,86.4,85.7
בני ציון,93.4,2022-04-28T00:00:00.000Z,93.4,88.4,86.4,86.4,85.7
בני ציון,93.4,2022-04-28T00:00:00.000Z,93.4,88.4,86.4,86.4,85.7
בני ציון,93.4,2022-04-28T00:00:00.000Z,93.4,88.4,86.4,86.4,85.7
בני ציון,93.4,2022-04-28T00:00:00.000Z,93.4,88.4,86.4,86.4,85.7
בני ציון,93.4,2022-04-28T00:00:00.000Z,93.4,88.4,86.4,86.4,85.7
בני ציון,93.4,2022-04-28T00:00:00.000Z,93.4,88.4,86.4,86.4,85.7
בני ציון,93.4,2022-04-28T00:00:00.000Z,93.4,88.4,86.4,86.4,85.7
בני ציון,93.4,2022-04-28T00:00:00.000Z,93.4,88.4,86.4,86.4,85.7
בני ציון,93.4,2022-04-28T00:00:00.000Z,93.4,88.4,86.4,86.4,85.7
בני ציון,93.4,2022-04-28T00:00:00.000Z,93.4,88.4,86.4,86.4,85.7
בני ציון,93.4,2022-04-28T00:00:00.000Z,93.4,88.4,86.4,86.4,85.7
בני ציון,93.4,2022-04-28T00:00:00.000Z,93.4,88.4,86.4,86.4,85.7
בני ציון,93.4,2022-04-28T00:00:00.000Z,93.4,88.4,86.4,86.4,85.7
בני ציון,93.4,2022-04-28T00:00:00.000Z,93.4,88.4,86.4,86.4,85.7
בני ציון,93.4,2022-04-28T00:00:00.000Z,93.4,88.4,86.4,86.4,85.7
בני ציון,93.4,2022-04-28T00:00:00.000Z,93.4,88.4,86.4,86.4,85.7
בני ציון,93.4,2022-04-28T00:00:00.000Z,93.4,88.4,86.4,86.4,85.7
בני ציון,93.4,2022-04-28T00:00:00.000Z,93.4,88.4,86.4,86.4,85.7
בני ציון,93.4,2022-04-28T00:00:00.000Z,93.4,88.4,86.4,86.4,85.7
בני ציון,93.4,2022-04-28T00:00:00.000Z,93.4,88.4,86.4,86.4,85.7
נהריה,87.9,2022-04-28T00:00:00.000Z,87.9,94.2,80.5,80.5,88.8
נהריה,87.9,2022-04-28T00:00:00.000Z,87.9,94.2,80.5,80.5,88.8
נהריה,87.9,2022-04-28T00:00:00.000Z,87.9,94.2,80.5,80.5,88.8
נהריה,87.9,2022-04-28T00:00:00.000Z,87.9,94.2,80.5,80.5,88.8
הלל יפה,97.9,2022-04-28T00:00:00.000Z,97.9,92.5,80,80,89.5
הלל יפה,97.9,2022-04-28T00:00:00.000Z,97.9,92.5,80,80,89.5
הלל יפה,97.9,2022-04-28T00:00:00.000Z,97.9,92.5,80,80,89.5
הלל יפה,97.9,2022-04-28T00:00:00.000Z,97.9,92.5,80,80,89.5
הלל יפה,97.9,2022-04-28T00:00:00.000Z,97.9,92.5,80,80,89.5
הלל יפה,97.9,2022-04-28T00:00:00.000Z,97.9,92.5,80,80,89.5
הלל יפה,97.9,2022-04-28T00:00:00.000Z,97.9,92.5,80,80,89.5
הלל יפה,97.9,2022-04-28T00:00:00.000Z,97.9,92.5,80,80,89.5
הלל יפה,97.9,2022-04-28T00:00:00.000Z,97.9,92.5,80,80,89.5
הלל יפה,97.9,2022-04-28T00:00:00.000Z,97.9,92.5,80,80,89.5
הלל יפה,97.9,2022-04-28T00:00:00.000Z,97.9,92.5,80,80,89.5
הלל יפה,97.9,2022-04-28T00:00:00.000Z,97.9,92.5,80,80,89.5
הלל יפה,97.9,2022-04-28T00:00:00.000Z,97.9,92.5,80,80,89.5
הלל יפה,97.9,2022-04-28T00:00:00.000Z,97.9,92.5,80,80,89.5
הלל יפה,97.9,2022-04-28T00:00:00.000Z,97.9,92.5,80,80,89.5
הלל יפה,97.9,2022-04-28T00:00:00.000Z,97.9,92.5,80,80,89.5
הלל יפה,97.9,2022-04-28T00:00:00.000Z,97.9,92.5,80,80,89.5
הלל יפה,97.9,2022-04-28T00:00:00.000Z,97.9,92.5,80,80,89.5
הלל יפה,97.9,2022-04-28T00:00:00.000Z,97.9,92.5,80,80,89.5
הלל יפה,97.9,2022-04-28T00:00:00.000Z,97.9,92.5,80,80,89.5
הלל יפה,97.9,2022-04-28T00:00:00.000Z,97.9,92.5,80,80,89.5
הלל יפה,97.9,2022-04-28T00:00:00.000Z,97.9,92.5,80,80,89.5
הלל יפה,97.9,2022-04-28T00:00:00.000Z,97.9,92.5,80,80,89.5
הלל יפה,97.9,2022-04-28T00:00:00.000Z,97.9,92.5,80,80,89.5
הלל יפה,97.9,2022-04-28T00:00:00.000Z,97.9,92.5,80,80,89.5
הלל יפה,97.9,2022-04-28T00:00:00.000Z,97.9,92.5,80,80,89.5
הלל יפה,97.9,2022-04-28T00:00:00.000Z,97.9,92.5,80,80,89.5
הלל יפה,97.9,2022-04-28T00:00:00.000Z,97.9,92.5,80,80,89.5
הלל יפה,97.9,2022-04-28T00:00:00.000Z,97.9,92.5,80,80,89.5
הלל יפה,97.9,2022-04-28T00:00:00.000Z,97.9,92.5,80,80,89.5
הלל יפה,97.9,2022-04-28T00:00:00.000Z,97.9,92.5,80,80,89.5
הלל יפה,97.9,2022-04-28T00:00:00.000Z,97.9,92.5,80,80,89.5
הלל יפה,97.9,2022-04-28T00:00:00.000Z,97.9,92.5,80,80,89.5
הלל יפה,97.9,2022-04-28T00:00:00.000Z,97.9,92.5,80,80,89.5
שמיר,84.6,2022-04-28T00:00:00.000Z,84.6,86.1,72.5,72.5,71.4
נהריה,87.9,2022-04-28T00:00:00.000Z,87.9,94.2,80.5,80.5,88.8
נהריה,87.9,2022-04-28T00:00:00.000Z,87.9,94.2,80.5,80.5,88.8
נהריה,87.9,2022-04-28T00:00:00.000Z,87.9,94.2,80.5,80.5,88.8
נהריה,87.9,2022-04-28T00:00:00.000Z,87.9,94.2,80.5,80.5,88.8
נהריה,87.9,2022-04-28T00:00:00.000Z,87.9,94.2,80.5,80.5,88.8
נהריה,87.9,2022-04-28T00:00:00.000Z,87.9,94.2,80.5,80.5,88.8
נהריה,87.9,2022-04-28T00:00:00.000Z,87.9,94.2,80.5,80.5,88.8
נהריה,87.9,2022-04-28T00:00:00.000Z,87.9,94.2,80.5,80.5,88.8
נהריה,87.9,2022-04-28T00:00:00.000Z,87.9,94.2,80.5,80.5,88.8
נהריה,87.9,2022-04-28T00:00:00.000Z,87.9,94.2,80.5,80.5,88.8
נהריה,87.9,2022-04-28T00:00:00.000Z,87.9,94.2,80.5,80.5,88.8
נהריה,87.9,2022-04-28T00:00:00.000Z,87.9,94.2,80.5,80.5,88.8
נהריה,87.9,2022-04-28T00:00:00.000Z,87.9,94.2,80.5,80.5,88.8
נהריה,87.9,2022-04-28T00:00:00.000Z,87.9,94.2,80.5,80.5,88.8
נהריה,87.9,2022-04-28T00:00:00.000Z,87.9,94.2,80.5,80.5,88.8
נהריה,87.9,2022-04-28T00:00:00.000Z,87.9,94.2,80.5,80.5,88.8
נהריה,87.9,2022-04-28T00:00:00.000Z,87.9,94.2,80.5,80.5,88.8
נהריה,87.9,2022-04-28T00:00:00.000Z,87.9,94.2,80.5,80.5,88.8
נהריה,87.9,2022-04-28T00:00:00.000Z,87.9,94.2,80.5,80.5,88.8
נהריה,87.9,2022-04-28T00:00:00.000Z,87.9,94.2,80.5,80.5,88.8
נהריה,87.9,2022-04-28T00:00:00.000Z,87.9,94.2,80.5,80.5,88.8
נהריה,87.9,2022-04-28T00:00:00.000Z,87.9,94.2,80.5,80.5,88.8
נהריה,87.9,2022-04-28T00:00:00.000Z,87.9,94.2,80.5,80.5,88.8
נהריה,87.9,2022-04-28T00:00:00.000Z,87.9,94.2,80.5,80.5,88.8
נהריה,87.9,2022-04-28T00:00:00.000Z,87.9,94.2,80.5,80.5,88.8
נהריה,87.9,2022-04-28T00:00:00.000Z,87.9,94.2,80.5,80.5,88.8
נהריה,87.9,2022-04-28T00:00:00.000Z,87.9,94.2,80.5,80.5,88.8
נהריה,87.9,2022-04-28T00:00:00.000Z,87.9,94.2,80.5,80.5,88.8
נהריה,87.9,2022-04-28T00:00:00.000Z,87.9,94.2,80.5,80.5,88.8
נהריה,87.9,2022-04-28T00:00:00.000Z,87.9,94.2,80.5,80.5,88.8
שמיר,84.6,2022-04-28T00:00:00.000Z,84.6,86.1,72.5,72.5,71.4
שמיר,84.6,2022-04-28T00:00:00.000Z,84.6,86.1,72.5,72.5,71.4
שמיר,84.6,2022-04-28T00:00:00.000Z,84.6,86.1,72.5,72.5,71.4
שמיר,84.6,2022-04-28T00:00:00.000Z,84.6,86.1,72.5,72.5,71.4
שמיר,84.6,2022-04-28T00:00:00.000Z,84.6,86.1,72.5,72.5,71.4
שמיר,84.6,2022-04-28T00:00:00.000Z,84.6,86.1,72.5,72.5,71.4
שמיר,84.6,2022-04-28T00:00:00.000Z,84.6,86.1,72.5,72.5,71.4
שמיר,84.6,2022-04-28T00:00:00.000Z,84.6,86.1,72.5,72.5,71.4
שמיר,84.6,2022-04-28T00:00:00.000Z,84.6,86.1,72.5,72.5,71.4
שמיר,84.6,2022-04-28T00:00:00.000Z,84.6,86.1,72.5,72.5,71.4
שמיר,84.6,2022-04-28T00:00:00.000Z,84.6,86.1,72.5,72.5,71.4
שמיר,84.6,2022-04-28T00:00:00.000Z,84.6,86.1,72.5,72.5,71.4
שמיר,84.6,2022-04-28T00:00:00.000Z,84.6,86.1,72.5,72.5,71.4
שמיר,84.6,2022-04-28T00:00:00.000Z,84.6,86.1,72.5,72.5,71.4
שמיר,84.6,2022-04-28T00:00:00.000Z,84.6,86.1,72.5,72.5,71.4
שמיר,84.6,2022-04-28T00:00:00.000Z,84.6,86.1,72.5,72.5,71.4
שמיר,84.6,2022-04-28T00:00:00.000Z,84.6,86.1,72.5,72.5,71.4
שמיר,84.6,2022-04-28T00:00:00.000Z,84.6,86.1,72.5,72.5,71.4
שמיר,84.6,2022-04-28T00:00:00.000Z,84.6,86.1,72.5,72.5,71.4
שמיר,84.6,2022-04-28T00:00:00.000Z,84.6,86.1,72.5,72.5,71.4
שמיר,84.6,2022-04-28T00:00:00.000Z,84.6,86.1,72.5,72.5,71.4
שמיר,84.6,2022-04-28T00:00:00.000Z,84.6,86.1,72.5,72.5,71.4
שמיר,84.6,2022-04-28T00:00:00.000Z,84.6,86.1,72.5,72.5,71.4
שמיר,84.6,2022-04-28T00:00:00.000Z,84.6,86.1,72.5,72.5,71.4
שמיר,84.6,2022-04-28T00:00:00.000Z,84.6,86.1,72.5,72.5,71.4
שמיר,84.6,2022-04-28T00:00:00.000Z,84.6,86.1,72.5,72.5,71.4
שמיר,84.6,2022-04-28T00:00:00.000Z,84.6,86.1,72.5,72.5,71.4
שמיר,84.6,2022-04-28T00:00:00.000Z,84.6,86.1,72.5,72.5,71.4
שמיר,84.6,2022-04-28T00:00:00.000Z,84.6,86.1,72.5,72.5,71.4
שמיר,84.6,2022-04-28T00:00:00.000Z,84.6,86.1,72.5,72.5,71.4
שמיר,84.6,2022-04-28T00:00:00.000Z,84.6,86.1,72.5,72.5,71.4
שמיר,84.6,2022-04-28T00:00:00.000Z,84.6,86.1,72.5,72.5,71.4
שמיר,84.6,2022-04-28T00:00:00.000Z,84.6,86.1,72.5,72.5,71.4
שמיר,84.6,2022-04-28T00:00:00.000Z,84.6,86.1,72.5,72.5,71.4
שמיר,84.6,2022-04-28T00:00:00.000Z,84.6,86.1,72.5,72.5,71.4
שמיר,84.6,2022-04-28T00:00:00.000Z,84.6,86.1,72.5,72.5,71.4
שמיר,84.6,2022-04-28T00:00:00.000Z,84.6,86.1,72.5,72.5,71.4
שמיר,84.6,2022-04-28T00:00:00.000Z,84.6,86.1,72.5,72.5,71.4
שמיר,84.6,2022-04-28T00:00:00.000Z,84.6,86.1,72.5,72.5,71.4
שמיר,84.6,2022-04-28T00:00:00.000Z,84.6,86.1,72.5,72.5,71.4
שמיר,84.6,2022-04-28T00:00:00.000Z,84.6,86.1,72.5,72.5,71.4
שמיר,84.6,2022-04-28T00:00:00.000Z,84.6,86.1,72.5,72.5,71.4
שמיר,84.6,2022-04-28T00:00:00.000Z,84.6,86.1,72.5,72.5,71.4
שמיר,84.6,2022-04-28T00:00:00.000Z,84.6,86.1,72.5,72.5,71.4
שמיר,84.6,2022-04-28T00:00:00.000Z,84.6,86.1,72.5,72.5,71.4
שמיר,84.6,2022-04-28T00:00:00.000Z,84.6,86.1,72.5,72.5,71.4
שמיר,84.6,2022-04-28T00:00:00.000Z,84.6,86.1,72.5,72.5,71.4
שמיר,84.6,2022-04-28T00:00:00.000Z,84.6,86.1,72.5,72.5,71.4
שמיר,84.6,2022-04-28T00:00:00.000Z,84.6,86.1,72.5,72.5,71.4
שמיר,84.6,2022-04-28T00:00:00.000Z,84.6,86.1,72.5,72.5,71.4
שמיר,84.6,2022-04-28T00:00:00.000Z,84.6,86.1,72.5,72.5,71.4
שמיר,84.6,2022-04-28T00:00:00.000Z,84.6,86.1,72.5,72.5,71.4
שמיר,84.6,2022-04-28T00:00:00.000Z,84.6,86.1,72.5,72.5,71.4
שמיר,84.6,2022-04-28T00:00:00.000Z,84.6,86.1,72.5,72.5,71.4
שמיר,84.6,2022-04-28T00:00:00.000Z,84.6,86.1,72.5,72.5,71.4
שמיר,84.6,2022-04-28T00:00:00.000Z,84.6,86.1,72.5,72.5,71.4
שמיר,84.6,2022-04-28T00:00:00.000Z,84.6,86.1,72.5,72.5,71.4
שמיר,84.6,2022-04-28T00:00:00.000Z,84.6,86.1,72.5,72.5,71.4
שמיר,84.6,2022-04-28T00:00:00.000Z,84.6,86.1,72.5,72.5,71.4
שמיר,84.6,2022-04-28T00:00:00.000Z,84.6,86.1,72.5,72.5,71.4
שמיר,84.6,2022-04-28T00:00:00.000Z,84.6,86.1,72.5,72.5,71.4
שמיר,84.6,2022-04-28T00:00:00.000Z,84.6,86.1,72.5,72.5,71.4
שמיר,84.6,2022-04-28T00:00:00.000Z,84.6,86.1,72.5,72.5,71.4
שמיר,84.6,2022-04-28T00:00:00.000Z,84.6,86.1,72.5,72.5,71.4
שמיר,84.6,2022-04-28T00:00:00.000Z,84.6,86.1,72.5,72.5,71.4
שמיר,84.6,2022-04-28T00:00:00.000Z,84.6,86.1,72.5,72.5,71.4
שמיר,84.6,2022-04-28T00:00:00.000Z,84.6,86.1,72.5,72.5,71.4
שמיר,84.6,2022-04-28T00:00:00.000Z,84.6,86.1,72.5,72.5,71.4
נהריה,87.9,2022-04-28T00:00:00.000Z,87.9,94.2,80.5,80.5,88.8
נהריה,87.9,2022-04-28T00:00:00.000Z,87.9,94.2,80.5,80.5,88.8
נהריה,87.9,2022-04-28T00:00:00.000Z,87.9,94.2,80.5,80.5,88.8
נהריה,87.9,2022-04-28T00:00:00.000Z,87.9,94.2,80.5,80.5,88.8
נהריה,87.9,2022-04-28T00:00:00.000Z,87.9,94.2,80.5,80.5,88.8
נהריה,87.9,2022-04-28T00:00:00.000Z,87.9,94.2,80.5,80.5,88.8
נהריה,87.9,2022-04-28T00:00:00.000Z,87.9,94.2,80.5,80.5,88.8
נהריה,87.9,2022-04-28T00:00:00.000Z,87.9,94.2,80.5,80.5,88.8
נהריה,87.9,2022-04-28T00:00:00.000Z,87.9,94.2,80.5,80.5,88.8
נהריה,87.9,2022-04-28T00:00:00.000Z,87.9,94.2,80.5,80.5,88.8
נהריה,87.9,2022-04-28T00:00:00.000Z,87.9,94.2,80.5,80.5,88.8
נהריה,87.9,2022-04-28T00:00:00.000Z,87.9,94.2,80.5,80.5,88.8
נהריה,87.9,2022-04-28T00:00:00.000Z,87.9,94.2,80.5,80.5,88.8
נהריה,87.9,2022-04-28T00:00:00.000Z,87.9,94.2,80.5,80.5,88.8
נהריה,87.9,2022-04-28T00:00:00.000Z,87.9,94.2,80.5,80.5,88.8
נהריה,87.9,2022-04-28T00:00:00.000Z,87.9,94.2,80.5,80.5,88.8
נהריה,87.9,2022-04-28T00:00:00.000Z,87.9,94.2,80.5,80.5,88.8
נהריה,87.9,2022-04-28T00:00:00.000Z,87.9,94.2,80.5,80.5,88.8
נהריה,87.9,2022-04-28T00:00:00.000Z,87.9,94.2,80.5,80.5,88.8
נהריה,87.9,2022-04-28T00:00:00.000Z,87.9,94.2,80.5,80.5,88.8
נהריה,87.9,2022-04-28T00:00:00.000Z,87.9,94.2,80.5,80.5,88.8
נהריה,87.9,2022-04-28T00:00:00.000Z,87.9,94.2,80.5,80.5,88.8
נהריה,87.9,2022-04-28T00:00:00.000Z,87.9,94.2,80.5,80.5,88.8
נהריה,87.9,2022-04-28T00:00:00.000Z,87.9,94.2,80.5,80.5,88.8
נהריה,87.9,2022-04-28T00:00:00.000Z,87.9,94.2,80.5,80.5,88.8
נהריה,87.9,2022-04-28T00:00:00.000Z,87.9,94.2,80.5,80.5,88.8
נהריה,87.9,2022-04-28T00:00:00.000Z,87.9,94.2,80.5,80.5,88.8
נהריה,87.9,2022-04-28T00:00:00.000Z,87.9,94.2,80.5,80.5,88.8
נהריה,87.9,2022-04-28T00:00:00.000Z,87.9,94.2,80.5,80.5,88.8
נהריה,87.9,2022-04-28T00:00:00.000Z,87.9,94.2,80.5,80.5,88.8
נהריה,87.9,2022-04-28T00:00:00.000Z,87.9,94.2,80.5,80.5,88.8
נהריה,87.9,2022-04-28T00:00:00.000Z,87.9,94.2,80.5,80.5,88.8
נהריה,87.9,2022-04-28T00:00:00.000Z,87.9,94.2,80.5,80.5,88.8
נהריה,87.9,2022-04-28T00:00:00.000Z,87.9,94.2,80.5,80.5,88.8
יוספטל,93.8,2022-04-28T00:00:00.000Z,93.8,56.3,58.5,58.5,53.8
יוספטל,93.8,2022-04-28T00:00:00.000Z,93.8,56.3,58.5,58.5,53.8
יוספטל,93.8,2022-04-28T00:00:00.000Z,93.8,56.3,58.5,58.5,53.8
יוספטל,93.8,2022-04-28T00:00:00.000Z,93.8,56.3,58.5,58.5,53.8
יוספטל,93.8,2022-04-28T00:00:00.000Z,93.8,56.3,58.5,58.5,53.8
יוספטל,93.8,2022-04-28T00:00:00.000Z,93.8,56.3,58.5,58.5,53.8
יוספטל,93.8,2022-04-28T00:00:00.000Z,93.8,56.3,58.5,58.5,53.8
יוספטל,93.8,2022-04-28T00:00:00.000Z,93.8,56.3,58.5,58.5,53.8
יוספטל,93.8,2022-04-28T00:00:00.000Z,93.8,56.3,58.5,58.5,53.8
יוספטל,93.8,2022-04-28T00:00:00.000Z,93.8,56.3,58.5,58.5,53.8
יוספטל,93.8,2022-04-28T00:00:00.000Z,93.8,56.3,58.5,58.5,53.8
יוספטל,93.8,2022-04-28T00:00:00.000Z,93.8,56.3,58.5,58.5,53.8
יוספטל,93.8,2022-04-28T00:00:00.000Z,93.8,56.3,58.5,58.5,53.8
יוספטל,93.8,2022-04-28T00:00:00.000Z,93.8,56.3,58.5,58.5,53.8
יוספטל,93.8,2022-04-28T00:00:00.000Z,93.8,56.3,58.5,58.5,53.8
יוספטל,93.8,2022-04-28T00:00:00.000Z,93.8,56.3,58.5,58.5,53.8
יוספטל,93.8,2022-04-28T00:00:00.000Z,93.8,56.3,58.5,58.5,53.8
יוספטל,93.8,2022-04-28T00:00:00.000Z,93.8,56.3,58.5,58.5,53.8
יוספטל,93.8,2022-04-28T00:00:00.000Z,93.8,56.3,58.5,58.5,53.8
יוספטל,93.8,2022-04-28T00:00:00.000Z,93.8,56.3,58.5,58.5,53.8
יוספטל,93.8,2022-04-28T00:00:00.000Z,93.8,56.3,58.5,58.5,53.8
יוספטל,93.8,2022-04-28T00:00:00.000Z,93.8,56.3,58.5,58.5,53.8
יוספטל,93.8,2022-04-28T00:00:00.000Z,93.8,56.3,58.5,58.5,53.8
יוספטל,93.8,2022-04-28T00:00:00.000Z,93.8,56.3,58.5,58.5,53.8
יוספטל,93.8,2022-04-28T00:00:00.000Z,93.8,56.3,58.5,58.5,53.8
יוספטל,93.8,2022-04-28T00:00:00.000Z,93.8,56.3,58.5,58.5,53.8
יוספטל,93.8,2022-04-28T00:00:00.000Z,93.8,56.3,58.5,58.5,53.8
יוספטל,93.8,2022-04-28T00:00:00.000Z,93.8,56.3,58.5,58.5,53.8
יוספטל,93.8,2022-04-28T00:00:00.000Z,93.8,56.3,58.5,58.5,53.8
יוספטל,93.8,2022-04-28T00:00:00.000Z,93.8,56.3,58.5,58.5,53.8
יוספטל,93.8,2022-04-28T00:00:00.000Z,93.8,56.3,58.5,58.5,53.8
יוספטל,93.8,2022-04-28T00:00:00.000Z,93.8,56.3,58.5,58.5,53.8
יוספטל,93.8,2022-04-28T00:00:00.000Z,93.8,56.3,58.5,58.5,53.8
יוספטל,93.8,2022-04-28T00:00:00.000Z,93.8,56.3,58.5,58.5,53.8
שמיר,84.6,2022-04-28T00:00:00.000Z,84.6,86.1,72.5,72.5,71.4
שמיר,84.6,2022-04-28T00:00:00.000Z,84.6,86.1,72.5,72.5,71.4
שמיר,84.6,2022-04-28T00:00:00.000Z,84.6,86.1,72.5,72.5,71.4
שמיר,84.6,2022-04-28T00:00:00.000Z,84.6,86.1,72.5,72.5,71.4
שמיר,84.6,2022-04-28T00:00:00.000Z,84.6,86.1,72.5,72.5,71.4
שמיר,84.6,2022-04-28T00:00:00.000Z,84.6,86.1,72.5,72.5,71.4
שמיר,84.6,2022-04-28T00:00:00.000Z,84.6,86.1,72.5,72.5,71.4
שמיר,84.6,2022-04-28T00:00:00.000Z,84.6,86.1,72.5,72.5,71.4
שמיר,84.6,2022-04-28T00:00:00.000Z,84.6,86.1,72.5,72.5,71.4
שמיר,84.6,2022-04-28T00:00:00.000Z,84.6,86.1,72.5,72.5,71.4
שמיר,84.6,2022-04-28T00:00:00.000Z,84.6,86.1,72.5,72.5,71.4
שמיר,84.6,2022-04-28T00:00:00.000Z,84.6,86.1,72.5,72.5,71.4
שמיר,84.6,2022-04-28T00:00:00.000Z,84.6,86.1,72.5,72.5,71.4
שמיר,84.6,2022-04-28T00:00:00.000Z,84.6,86.1,72.5,72.5,71.4
שמיר,84.6,2022-04-28T00:00:00.000Z,84.6,86.1,72.5,72.5,71.4
שמיר,84.6,2022-04-28T00:00:00.000Z,84.6,86.1,72.5,72.5,71.4
שמיר,84.6,2022-04-28T00:00:00.000Z,84.6,86.1,72.5,72.5,71.4
שמיר,84.6,2022-04-28T00:00:00.000Z,84.6,86.1,72.5,72.5,71.4
שמיר,84.6,2022-04-28T00:00:00.000Z,84.6,86.1,72.5,72.5,71.4
שמיר,84.6,2022-04-28T00:00:00.000Z,84.6,86.1,72.5,72.5,71.4
שמיר,84.6,2022-04-28T00:00:00.000Z,84.6,86.1,72.5,72.5,71.4
שמיר,84.6,2022-04-28T00:00:00.000Z,84.6,86.1,72.5,72.5,71.4
הלל יפה,97.9,2022-04-28T00:00:00.000Z,97.9,92.5,80,80,89.5
הלל יפה,97.9,2022-04-28T00:00:00.000Z,97.9,92.5,80,80,89.5
הלל יפה,97.9,2022-04-28T00:00:00.000Z,97.9,92.5,80,80,89.5
הלל יפה,97.9,2022-04-28T00:00:00.000Z,97.9,92.5,80,80,89.5
הלל יפה,97.9,2022-04-28T00:00:00.000Z,97.9,92.5,80,80,89.5
הלל יפה,97.9,2022-04-28T00:00:00.000Z,97.9,92.5,80,80,89.5
הלל יפה,97.9,2022-04-28T00:00:00.000Z,97.9,92.5,80,80,89.5
הלל יפה,97.9,2022-04-28T00:00:00.000Z,97.9,92.5,80,80,89.5
הלל יפה,97.9,2022-04-28T00:00:00.000Z,97.9,92.5,80,80,89.5
הלל יפה,97.9,2022-04-28T00:00:00.000Z,97.9,92.5,80,80,89.5
הלל יפה,97.9,2022-04-28T00:00:00.000Z,97.9,92.5,80,80,89.5
הלל יפה,97.9,2022-04-28T00:00:00.000Z,97.9,92.5,80,80,89.5
הלל יפה,97.9,2022-04-28T00:00:00.000Z,97.9,92.5,80,80,89.5
הלל יפה,97.9,2022-04-28T00:00:00.000Z,97.9,92.5,80,80,89.5
הלל יפה,97.9,2022-04-28T00:00:00.000Z,97.9,92.5,80,80,89.5
הלל יפה,97.9,2022-04-28T00:00:00.000Z,97.9,92.5,80,80,89.5
הלל יפה,97.9,2022-04-28T00:00:00.000Z,97.9,92.5,80,80,89.5
הלל יפה,97.9,2022-04-28T00:00:00.000Z,97.9,92.5,80,80,89.5
נהריה,87.9,2022-04-28T00:00:00.000Z,87.9,94.2,80.5,80.5,88.8
נהריה,87.9,2022-04-28T00:00:00.000Z,87.9,94.2,80.5,80.5,88.8
נהריה,87.9,2022-04-28T00:00:00.000Z,87.9,94.2,80.5,80.5,88.8
נהריה,87.9,2022-04-28T00:00:00.000Z,87.9,94.2,80.5,80.5,88.8
נהריה,87.9,2022-04-28T00:00:00.000Z,87.9,94.2,80.5,80.5,88.8
נהריה,87.9,2022-04-28T00:00:00.000Z,87.9,94.2,80.5,80.5,88.8
נהריה,87.9,2022-04-28T00:00:00.000Z,87.9,94.2,80.5,80.5,88.8
נהריה,87.9,2022-04-28T00:00:00.000Z,87.9,94.2,80.5,80.5,88.8
נהריה,87.9,2022-04-28T00:00:00.000Z,87.9,94.2,80.5,80.5,88.8
נהריה,87.9,2022-04-28T00:00:00.000Z,87.9,94.2,80.5,80.5,88.8
נהריה,87.9,2022-04-28T00:00:00.000Z,87.9,94.2,80.5,80.5,88.8
נהריה,87.9,2022-04-28T00:00:00.000Z,87.9,94.2,80.5,80.5,88.8
נהריה,87.9,2022-04-28T00:00:00.000Z,87.9,94.2,80.5,80.5,88.8
נהריה,87.9,2022-04-28T00:00:00.000Z,87.9,94.2,80.5,80.5,88.8
נהריה,87.9,2022-04-28T00:00:00.000Z,87.9,94.2,80.5,80.5,88.8
יוספטל,93.8,2022-04-28T00:00:00.000Z,93.8,56.3,58.5,58.5,53.8
יוספטל,93.8,2022-04-28T00:00:00.000Z,93.8,56.3,58.5,58.5,53.8
יוספטל,93.8,2022-04-28T00:00:00.000Z,93.8,56.3,58.5,58.5,53.8
יוספטל,93.8,2022-04-28T00:00:00.000Z,93.8,56.3,58.5,58.5,53.8
יוספטל,93.8,2022-04-28T00:00:00.000Z,93.8,56.3,58.5,58.5,53.8
יוספטל,93.8,2022-04-28T00:00:00.000Z,93.8,56.3,58.5,58.5,53.8
יוספטל,93.8,2022-04-28T00:00:00.000Z,93.8,56.3,58.5,58.5,53.8
יוספטל,93.8,2022-04-28T00:00:00.000Z,93.8,56.3,58.5,58.5,53.8
יוספטל,93.8,2022-04-28T00:00:00.000Z,93.8,56.3,58.5,58.5,53.8
יוספטל,93.8,2022-04-28T00:00:00.000Z,93.8,56.3,58.5,58.5,53.8
יוספטל,93.8,2022-04-28T00:00:00.000Z,93.8,56.3,58.5,58.5,53.8
יוספטל,93.8,2022-04-28T00:00:00.000Z,93.8,56.3,58.5,58.5,53.8
יוספטל,93.8,2022-04-28T00:00:00.000Z,93.8,56.3,58.5,58.5,53.8
יוספטל,93.8,2022-04-28T00:00:00.000Z,93.8,56.3,58.5,58.5,53.8
יוספטל,93.8,2022-04-28T00:00:00.000Z,93.8,56.3,58.5,58.5,53.8
יוספטל,93.8,2022-04-28T00:00:00.000Z,93.8,56.3,58.5,58.5,53.8
יוספטל,93.8,2022-04-28T00:00:00.000Z,93.8,56.3,58.5,58.5,53.8
יוספטל,93.8,2022-04-28T00:00:00.000Z,93.8,56.3,58.5,58.5,53.8
יוספטל,93.8,2022-04-28T00:00:00.000Z,93.8,56.3,58.5,58.5,53.8
יוספטל,93.8,2022-04-28T00:00:00.000Z,93.8,56.3,58.5,58.5,53.8
יוספטל,93.8,2022-04-28T00:00:00.000Z,93.8,56.3,58.5,58.5,53.8
יוספטל,93.8,2022-04-28T00:00:00.000Z,93.8,56.3,58.5,58.5,53.8
יוספטל,93.8,2022-04-28T00:00:00.000Z,93.8,56.3,58.5,58.5,53.8
יוספטל,93.8,2022-04-28T00:00:00.000Z,93.8,56.3,58.5,58.5,53.8
יוספטל,93.8,2022-04-28T00:00:00.000Z,93.8,56.3,58.5,58.5,53.8
יוספטל,93.8,2022-04-28T00:00:00.000Z,93.8,56.3,58.5,58.5,53.8
יוספטל,93.8,2022-04-28T00:00:00.000Z,93.8,56.3,58.5,58.5,53.8
יוספטל,93.8,2022-04-28T00:00:00.000Z,93.8,56.3,58.5,58.5,53.8
יוספטל,93.8,2022-04-28T00:00:00.000Z,93.8,56.3,58.5,58.5,53.8
יוספטל,93.8,2022-04-28T00:00:00.000Z,93.8,56.3,58.5,58.5,53.8
יוספטל,93.8,2022-04-28T00:00:00.000Z,93.8,56.3,58.5,58.5,53.8
יוספטל,93.8,2022-04-28T00:00:00.000Z,93.8,56.3,58.5,58.5,53.8
יוספטל,93.8,2022-04-28T00:00:00.000Z,93.8,56.3,58.5,58.5,53.8
יוספטל,93.8,2022-04-28T00:00:00.000Z,93.8,56.3,58.5,58.5,53.8
הלל יפה,97.9,2022-04-28T00:00:00.000Z,97.9,92.5,80,80,89.5
הלל יפה,97.9,2022-04-28T00:00:00.000Z,97.9,92.5,80,80,89.5
הלל יפה,97.9,2022-04-28T00:00:00.000Z,97.9,92.5,80,80,89.5
הלל יפה,97.9,2022-04-28T00:00:00.000Z,97.9,92.5,80,80,89.5
הלל יפה,97.9,2022-04-28T00:00:00.000Z,97.9,92.5,80,80,89.5
הלל יפה,97.9,2022-04-28T00:00:00.000Z,97.9,92.5,80,80,89.5
הלל יפה,97.9,2022-04-28T00:00:00.000Z,97.9,92.5,80,80,89.5
הלל יפה,97.9,2022-04-28T00:00:00.000Z,97.9,92.5,80,80,89.5
הלל יפה,97.9,2022-04-28T00:00:00.000Z,97.9,92.5,80,80,89.5
הלל יפה,97.9,2022-04-28T00:00:00.000Z,97.9,92.5,80,80,89.5
הלל יפה,97.9,2022-04-28T00:00:00.000Z,97.9,92.5,80,80,89.5
הלל יפה,97.9,2022-04-28T00:00:00.000Z,97.9,92.5,80,80,89.5
הלל יפה,97.9,2022-04-28T00:00:00.000Z,97.9,92.5,80,80,89.5
יוספטל,93.8,2022-04-28T00:00:00.000Z,93.8,56.3,58.5,58.5,53.8
יוספטל,93.8,2022-04-28T00:00:00.000Z,93.8,56.3,58.5,58.5,53.8
יוספטל,93.8,2022-04-28T00:00:00.000Z,93.8,56.3,58.5,58.5,53.8
יוספטל,93.8,2022-04-28T00:00:00.000Z,93.8,56.3,58.5,58.5,53.8
יוספטל,93.8,2022-04-28T00:00:00.000Z,93.8,56.3,58.5,58.5,53.8
יוספטל,93.8,2022-04-28T00:00:00.000Z,93.8,56.3,58.5,58.5,53.8
יוספטל,93.8,2022-04-28T00:00:00.000Z,93.8,56.3,58.5,58.5,53.8
יוספטל,93.8,2022-04-28T00:00:00.000Z,93.8,56.3,58.5,58.5,53.8
יוספטל,93.8,2022-04-28T00:00:00.000Z,93.8,56.3,58.5,58.5,53.8
יוספטל,93.8,2022-04-28T00:00:00.000Z,93.8,56.3,58.5,58.5,53.8
יוספטל,93.8,2022-04-28T00:00:00.000Z,93.8,56.3,58.5,58.5,53.8
יוספטל,93.8,2022-04-28T00:00:00.000Z,93.8,56.3,58.5,58.5,53.8
יוספטל,93.8,2022-04-28T00:00:00.000Z,93.8,56.3,58.5,58.5,53.8
יוספטל,93.8,2022-04-28T00:00:00.000Z,93.8,56.3,58.5,58.5,53.8
יוספטל,93.8,2022-04-28T00:00:00.000Z,93.8,56.3,58.5,58.5,53.8
יוספטל,93.8,2022-04-28T00:00:00.000Z,93.8,56.3,58.5,58.5,53.8
יוספטל,93.8,2022-04-28T00:00:00.000Z,93.8,56.3,58.5,58.5,53.8
יוספטל,93.8,2022-04-28T00:00:00.000Z,93.8,56.3,58.5,58.5,53.8
יוספטל,93.8,2022-04-28T00:00:00.000Z,93.8,56.3,58.5,58.5,53.8
יוספטל,93.8,2022-04-28T00:00:00.000Z,93.8,56.3,58.5,58.5,53.8
יוספטל,93.8,2022-04-28T00:00:00.000Z,93.8,56.3,58.5,58.5,53.8
יוספטל,93.8,2022-04-28T00:00:00.000Z,93.8,56.3,58.5,58.5,53.8
יוספטל,93.8,2022-04-28T00:00:00.000Z,93.8,56.3,58.5,58.5,53.8
יוספטל,93.8,2022-04-28T00:00:00.000Z,93.8,56.3,58.5,58.5,53.8
יוספטל,93.8,2022-04-28T00:00:00.000Z,93.8,56.3,58.5,58.5,53.8
יוספטל,93.8,2022-04-28T00:00:00.000Z,93.8,56.3,58.5,58.5,53.8
יוספטל,93.8,2022-04-28T00:00:00.000Z,93.8,56.3,58.5,58.5,53.8
יוספטל,93.8,2022-04-28T00:00:00.000Z,93.8,56.3,58.5,58.5,53.8
יוספטל,93.8,2022-04-28T00:00:00.000Z,93.8,56.3,58.5,58.5,53.8
יוספטל,93.8,2022-04-28T00:00:00.000Z,93.8,56.3,58.5,58.5,53.8
יוספטל,93.8,2022-04-28T00:00:00.000Z,93.8,56.3,58.5,58.5,53.8
יוספטל,93.8,2022-04-28T00:00:00.000Z,93.8,56.3,58.5,58.5,53.8
זיו צפת,87.5,2022-04-28T00:00:00.000Z,87.5,95.3,72.9,72.9,86.5
זיו צפת,87.5,2022-04-28T00:00:00.000Z,87.5,95.3,72.9,72.9,86.5
זיו צפת,87.5,2022-04-28T00:00:00.000Z,87.5,95.3,72.9,72.9,86.5
זיו צפת,87.5,2022-04-28T00:00:00.000Z,87.5,95.3,72.9,72.9,86.5
זיו צפת,87.5,2022-04-28T00:00:00.000Z,87.5,95.3,72.9,72.9,86.5
זיו צפת,87.5,2022-04-28T00:00:00.000Z,87.5,95.3,72.9,72.9,86.5
זיו צפת,87.5,2022-04-28T00:00:00.000Z,87.5,95.3,72.9,72.9,86.5
זיו צפת,87.5,2022-04-28T00:00:00.000Z,87.5,95.3,72.9,72.9,86.5
זיו צפת,87.5,2022-04-28T00:00:00.000Z,87.5,95.3,72.9,72.9,86.5
זיו צפת,87.5,2022-04-28T00:00:00.000Z,87.5,95.3,72.9,72.9,86.5
זיו צפת,87.5,2022-04-28T00:00:00.000Z,87.5,95.3,72.9,72.9,86.5
זיו צפת,87.5,2022-04-28T00:00:00.000Z,87.5,95.3,72.9,72.9,86.5
זיו צפת,87.5,2022-04-28T00:00:00.000Z,87.5,95.3,72.9,72.9,86.5
זיו צפת,87.5,2022-04-28T00:00:00.000Z,87.5,95.3,72.9,72.9,86.5
זיו צפת,87.5,2022-04-28T00:00:00.000Z,87.5,95.3,72.9,72.9,86.5
זיו צפת,87.5,2022-04-28T00:00:00.000Z,87.5,95.3,72.9,72.9,86.5
זיו צפת,87.5,2022-04-28T00:00:00.000Z,87.5,95.3,72.9,72.9,86.5
זיו צפת,87.5,2022-04-28T00:00:00.000Z,87.5,95.3,72.9,72.9,86.5
זיו צפת,87.5,2022-04-28T00:00:00.000Z,87.5,95.3,72.9,72.9,86.5
זיו צפת,87.5,2022-04-28T00:00:00.000Z,87.5,95.3,72.9,72.9,86.5
זיו צפת,87.5,2022-04-28T00:00:00.000Z,87.5,95.3,72.9,72.9,86.5
זיו צפת,87.5,2022-04-28T00:00:00.000Z,87.5,95.3,72.9,72.9,86.5
זיו צפת,87.5,2022-04-28T00:00:00.000Z,87.5,95.3,72.9,72.9,86.5
זיו צפת,87.5,2022-04-28T00:00:00.000Z,87.5,95.3,72.9,72.9,86.5
זיו צפת,87.5,2022-04-28T00:00:00.000Z,87.5,95.3,72.9,72.9,86.5
זיו צפת,87.5,2022-04-28T00:00:00.000Z,87.5,95.3,72.9,72.9,86.5
זיו צפת,87.5,2022-04-28T00:00:00.000Z,87.5,95.3,72.9,72.9,86.5
זיו צפת,87.5,2022-04-28T00:00:00.000Z,87.5,95.3,72.9,72.9,86.5
זיו צפת,87.5,2022-04-28T00:00:00.000Z,87.5,95.3,72.9,72.9,86.5
זיו צפת,87.5,2022-04-28T00:00:00.000Z,87.5,95.3,72.9,72.9,86.5
זיו צפת,87.5,2022-04-28T00:00:00.000Z,87.5,95.3,72.9,72.9,86.5
זיו צפת,87.5,2022-04-28T00:00:00.000Z,87.5,95.3,72.9,72.9,86.5
זיו צפת,87.5,2022-04-28T00:00:00.000Z,87.5,95.3,72.9,72.9,86.5
זיו צפת,87.5,2022-04-28T00:00:00.000Z,87.5,95.3,72.9,72.9,86.5
זיו צפת,87.5,2022-04-28T00:00:00.000Z,87.5,95.3,72.9,72.9,86.5
זיו צפת,87.5,2022-04-28T00:00:00.000Z,87.5,95.3,72.9,72.9,86.5
זיו צפת,87.5,2022-04-28T00:00:00.000Z,87.5,95.3,72.9,72.9,86.5
זיו צפת,87.5,2022-04-28T00:00:00.000Z,87.5,95.3,72.9,72.9,86.5
זיו צפת,87.5,2022-04-28T00:00:00.000Z,87.5,95.3,72.9,72.9,86.5
זיו צפת,87.5,2022-04-28T00:00:00.000Z,87.5,95.3,72.9,72.9,86.5
זיו צפת,87.5,2022-04-28T00:00:00.000Z,87.5,95.3,72.9,72.9,86.5
זיו צפת,87.5,2022-04-28T00:00:00.000Z,87.5,95.3,72.9,72.9,86.5
זיו צפת,87.5,2022-04-28T00:00:00.000Z,87.5,95.3,72.9,72.9,86.5
זיו צפת,87.5,2022-04-28T00:00:00.000Z,87.5,95.3,72.9,72.9,86.5
זיו צפת,87.5,2022-04-28T00:00:00.000Z,87.5,95.3,72.9,72.9,86.5
זיו צפת,87.5,2022-04-28T00:00:00.000Z,87.5,95.3,72.9,72.9,86.5
זיו צפת,87.5,2022-04-28T00:00:00.000Z,87.5,95.3,72.9,72.9,86.5
זיו צפת,87.5,2022-04-28T00:00:00.000Z,87.5,95.3,72.9,72.9,86.5
זיו צפת,87.5,2022-04-28T00:00:00.000Z,87.5,95.3,72.9,72.9,86.5
זיו צפת,87.5,2022-04-28T00:00:00.000Z,87.5,95.3,72.9,72.9,86.5
זיו צפת,87.5,2022-04-28T00:00:00.000Z,87.5,95.3,72.9,72.9,86.5
זיו צפת,87.5,2022-04-28T00:00:00.000Z,87.5,95.3,72.9,72.9,86.5
זיו צפת,87.5,2022-04-28T00:00:00.000Z,87.5,95.3,72.9,72.9,86.5
זיו צפת,87.5,2022-04-28T00:00:00.000Z,87.5,95.3,72.9,72.9,86.5
זיו צפת,87.5,2022-04-28T00:00:00.000Z,87.5,95.3,72.9,72.9,86.5
זיו צפת,87.5,2022-04-28T00:00:00.000Z,87.5,95.3,72.9,72.9,86.5
זיו צפת,87.5,2022-04-28T00:00:00.000Z,87.5,95.3,72.9,72.9,86.5
זיו צפת,87.5,2022-04-28T00:00:00.000Z,87.5,95.3,72.9,72.9,86.5
זיו צפת,87.5,2022-04-28T00:00:00.000Z,87.5,95.3,72.9,72.9,86.5
זיו צפת,87.5,2022-04-28T00:00:00.000Z,87.5,95.3,72.9,72.9,86.5
זיו צפת,87.5,2022-04-28T00:00:00.000Z,87.5,95.3,72.9,72.9,86.5
זיו צפת,87.5,2022-04-28T00:00:00.000Z,87.5,95.3,72.9,72.9,86.5
זיו צפת,87.5,2022-04-28T00:00:00.000Z,87.5,95.3,72.9,72.9,86.5
זיו צפת,87.5,2022-04-28T00:00:00.000Z,87.5,95.3,72.9,72.9,86.5
זיו צפת,87.5,2022-04-28T00:00:00.000Z,87.5,95.3,72.9,72.9,86.5
זיו צפת,87.5,2022-04-28T00:00:00.000Z,87.5,95.3,72.9,72.9,86.5
זיו צפת,87.5,2022-04-28T00:00:00.000Z,87.5,95.3,72.9,72.9,86.5
זיו צפת,87.5,2022-04-28T00:00:00.000Z,87.5,95.3,72.9,72.9,86.5
יוספטל,93.8,2022-04-28T00:00:00.000Z,93.8,56.3,58.5,58.5,53.8
יוספטל,93.8,2022-04-28T00:00:00.000Z,93.8,56.3,58.5,58.5,53.8
יוספטל,93.8,2022-04-28T00:00:00.000Z,93.8,56.3,58.5,58.5,53.8
יוספטל,93.8,2022-04-28T00:00:00.000Z,93.8,56.3,58.5,58.5,53.8
יוספטל,93.8,2022-04-28T00:00:00.000Z,93.8,56.3,58.5,58.5,53.8
יוספטל,93.8,2022-04-28T00:00:00.000Z,93.8,56.3,58.5,58.5,53.8
יוספטל,93.8,2022-04-28T00:00:00.000Z,93.8,56.3,58.5,58.5,53.8
יוספטל,93.8,2022-04-28T00:00:00.000Z,93.8,56.3,58.5,58.5,53.8
יוספטל,93.8,2022-04-28T00:00:00.000Z,93.8,56.3,58.5,58.5,53.8
יוספטל,93.8,2022-04-28T00:00:00.000Z,93.8,56.3,58.5,58.5,53.8
יוספטל,93.8,2022-04-28T00:00:00.000Z,93.8,56.3,58.5,58.5,53.8
יוספטל,93.8,2022-04-28T00:00:00.000Z,93.8,56.3,58.5,58.5,53.8
יוספטל,93.8,2022-04-28T00:00:00.000Z,93.8,56.3,58.5,58.5,53.8
יוספטל,93.8,2022-04-28T00:00:00.000Z,93.8,56.3,58.5,58.5,53.8
יוספטל,93.8,2022-04-28T00:00:00.000Z,93.8,56.3,58.5,58.5,53.8
זיו צפת,87.5,2022-04-28T00:00:00.000Z,87.5,95.3,72.9,72.9,86.5
זיו צפת,87.5,2022-04-28T00:00:00.000Z,87.5,95.3,72.9,72.9,86.5
זיו צפת,87.5,2022-04-28T00:00:00.000Z,87.5,95.3,72.9,72.9,86.5
זיו צפת,87.5,2022-04-28T00:00:00.000Z,87.5,95.3,72.9,72.9,86.5
זיו צפת,87.5,2022-04-28T00:00:00.000Z,87.5,95.3,72.9,72.9,86.5
זיו צפת,87.5,2022-04-28T00:00:00.000Z,87.5,95.3,72.9,72.9,86.5
זיו צפת,87.5,2022-04-28T00:00:00.000Z,87.5,95.3,72.9,72.9,86.5
זיו צפת,87.5,2022-04-28T00:00:00.000Z,87.5,95.3,72.9,72.9,86.5
זיו צפת,87.5,2022-04-28T00:00:00.000Z,87.5,95.3,72.9,72.9,86.5
זיו צפת,87.5,2022-04-28T00:00:00.000Z,87.5,95.3,72.9,72.9,86.5
זיו צפת,87.5,2022-04-28T00:00:00.000Z,87.5,95.3,72.9,72.9,86.5
זיו צפת,87.5,2022-04-28T00:00:00.000Z,87.5,95.3,72.9,72.9,86.5
זיו צפת,87.5,2022-04-28T00:00:00.000Z,87.5,95.3,72.9,72.9,86.5
זיו צפת,87.5,2022-04-28T00:00:00.000Z,87.5,95.3,72.9,72.9,86.5
זיו צפת,87.5,2022-04-28T00:00:00.000Z,87.5,95.3,72.9,72.9,86.5
זיו צפת,87.5,2022-04-28T00:00:00.000Z,87.5,95.3,72.9,72.9,86.5
זיו צפת,87.5,2022-04-28T00:00:00.000Z,87.5,95.3,72.9,72.9,86.5
זיו צפת,87.5,2022-04-28T00:00:00.000Z,87.5,95.3,72.9,72.9,86.5
זיו צפת,87.5,2022-04-28T00:00:00.000Z,87.5,95.3,72.9,72.9,86.5
זיו צפת,87.5,2022-04-28T00:00:00.000Z,87.5,95.3,72.9,72.9,86.5
זיו צפת,87.5,2022-04-28T00:00:00.000Z,87.5,95.3,72.9,72.9,86.5
זיו צפת,87.5,2022-04-28T00:00:00.000Z,87.5,95.3,72.9,72.9,86.5
זיו צפת,87.5,2022-04-28T00:00:00.000Z,87.5,95.3,72.9,72.9,86.5
זיו צפת,87.5,2022-04-28T00:00:00.000Z,87.5,95.3,72.9,72.9,86.5
זיו צפת,87.5,2022-04-28T00:00:00.000Z,87.5,95.3,72.9,72.9,86.5
זיו צפת,87.5,2022-04-28T00:00:00.000Z,87.5,95.3,72.9,72.9,86.5
זיו צפת,87.5,2022-04-28T00:00:00.000Z,87.5,95.3,72.9,72.9,86.5
זיו צפת,87.5,2022-04-28T00:00:00.000Z,87.5,95.3,72.9,72.9,86.5
זיו צפת,87.5,2022-04-28T00:00:00.000Z,87.5,95.3,72.9,72.9,86.5
זיו צפת,87.5,2022-04-28T00:00:00.000Z,87.5,95.3,72.9,72.9,86.5
זיו צפת,87.5,2022-04-28T00:00:00.000Z,87.5,95.3,72.9,72.9,86.5
זיו צפת,87.5,2022-04-28T00:00:00.000Z,87.5,95.3,72.9,72.9,86.5
זיו צפת,87.5,2022-04-28T00:00:00.000Z,87.5,95.3,72.9,72.9,86.5
זיו צפת,87.5,2022-04-28T00:00:00.000Z,87.5,95.3,72.9,72.9,86.5
שמיר,84.6,2022-04-28T00:00:00.000Z,84.6,86.1,72.5,72.5,71.4
שמיר,84.6,2022-04-28T00:00:00.000Z,84.6,86.1,72.5,72.5,71.4
שמיר,84.6,2022-04-28T00:00:00.000Z,84.6,86.1,72.5,72.5,71.4
שמיר,84.6,2022-04-28T00:00:00.000Z,84.6,86.1,72.5,72.5,71.4
שמיר,84.6,2022-04-28T00:00:00.000Z,84.6,86.1,72.5,72.5,71.4
שמיר,84.6,2022-04-28T00:00:00.000Z,84.6,86.1,72.5,72.5,71.4
שמיר,84.6,2022-04-28T00:00:00.000Z,84.6,86.1,72.5,72.5,71.4
שמיר,84.6,2022-04-28T00:00:00.000Z,84.6,86.1,72.5,72.5,71.4
שמיר,84.6,2022-04-28T00:00:00.000Z,84.6,86.1,72.5,72.5,71.4
שמיר,84.6,2022-04-28T00:00:00.000Z,84.6,86.1,72.5,72.5,71.4
שמיר,84.6,2022-04-28T00:00:00.000Z,84.6,86.1,72.5,72.5,71.4
שמיר,84.6,2022-04-28T00:00:00.000Z,84.6,86.1,72.5,72.5,71.4
שמיר,84.6,2022-04-28T00:00:00.000Z,84.6,86.1,72.5,72.5,71.4
שמיר,84.6,2022-04-28T00:00:00.000Z,84.6,86.1,72.5,72.5,71.4
שמיר,84.6,2022-04-28T00:00:00.000Z,84.6,86.1,72.5,72.5,71.4
שמיר,84.6,2022-04-28T00:00:00.000Z,84.6,86.1,72.5,72.5,71.4
שמיר,84.6,2022-04-28T00:00:00.000Z,84.6,86.1,72.5,72.5,71.4
שמיר,84.6,2022-04-28T00:00:00.000Z,84.6,86.1,72.5,72.5,71.4
שמיר,84.6,2022-04-28T00:00:00.000Z,84.6,86.1,72.5,72.5,71.4
שמיר,84.6,2022-04-28T00:00:00.000Z,84.6,86.1,72.5,72.5,71.4
שמיר,84.6,2022-04-28T00:00:00.000Z,84.6,86.1,72.5,72.5,71.4
שמיר,84.6,2022-04-28T00:00:00.000Z,84.6,86.1,72.5,72.5,71.4
שמיר,84.6,2022-04-28T00:00:00.000Z,84.6,86.1,72.5,72.5,71.4
שמיר,84.6,2022-04-28T00:00:00.000Z,84.6,86.1,72.5,72.5,71.4
שמיר,84.6,2022-04-28T00:00:00.000Z,84.6,86.1,72.5,72.5,71.4
שמיר,84.6,2022-04-28T00:00:00.000Z,84.6,86.1,72.5,72.5,71.4
שמיר,84.6,2022-04-28T00:00:00.000Z,84.6,86.1,72.5,72.5,71.4
שמיר,84.6,2022-04-28T00:00:00.000Z,84.6,86.1,72.5,72.5,71.4
שמיר,84.6,2022-04-28T00:00:00.000Z,84.6,86.1,72.5,72.5,71.4
שמיר,84.6,2022-04-28T00:00:00.000Z,84.6,86.1,72.5,72.5,71.4
שמיר,84.6,2022-04-28T00:00:00.000Z,84.6,86.1,72.5,72.5,71.4
שמיר,84.6,2022-04-28T00:00:00.000Z,84.6,86.1,72.5,72.5,71.4
זיו צפת,87.5,2022-04-28T00:00:00.000Z,87.5,95.3,72.9,72.9,86.5
זיו צפת,87.5,2022-04-28T00:00:00.000Z,87.5,95.3,72.9,72.9,86.5
זיו צפת,87.5,2022-04-28T00:00:00.000Z,87.5,95.3,72.9,72.9,86.5
זיו צפת,87.5,2022-04-28T00:00:00.000Z,87.5,95.3,72.9,72.9,86.5
זיו צפת,87.5,2022-04-28T00:00:00.000Z,87.5,95.3,72.9,72.9,86.5
זיו צפת,87.5,2022-04-28T00:00:00.000Z,87.5,95.3,72.9,72.9,86.5
זיו צפת,87.5,2022-04-28T00:00:00.000Z,87.5,95.3,72.9,72.9,86.5
זיו צפת,87.5,2022-04-28T00:00:00.000Z,87.5,95.3,72.9,72.9,86.5
זיו צפת,87.5,2022-04-28T00:00:00.000Z,87.5,95.3,72.9,72.9,86.5
זיו צפת,87.5,2022-04-28T00:00:00.000Z,87.5,95.3,72.9,72.9,86.5
זיו צפת,87.5,2022-04-28T00:00:00.000Z,87.5,95.3,72.9,72.9,86.5
זיו צפת,87.5,2022-04-28T00:00:00.000Z,87.5,95.3,72.9,72.9,86.5
זיו צפת,87.5,2022-04-28T00:00:00.000Z,87.5,95.3,72.9,72.9,86.5
זיו צפת,87.5,2022-04-28T00:00:00.000Z,87.5,95.3,72.9,72.9,86.5
זיו צפת,87.5,2022-04-28T00:00:00.000Z,87.5,95.3,72.9,72.9,86.5
זיו צפת,87.5,2022-04-28T00:00:00.000Z,87.5,95.3,72.9,72.9,86.5
זיו צפת,87.5,2022-04-28T00:00:00.000Z,87.5,95.3,72.9,72.9,86.5
זיו צפת,87.5,2022-04-28T00:00:00.000Z,87.5,95.3,72.9,72.9,86.5
זיו צפת,87.5,2022-04-28T00:00:00.000Z,87.5,95.3,72.9,72.9,86.5
זיו צפת,87.5,2022-04-28T00:00:00.000Z,87.5,95.3,72.9,72.9,86.5
זיו צפת,87.5,2022-04-28T00:00:00.000Z,87.5,95.3,72.9,72.9,86.5
זיו צפת,87.5,2022-04-28T00:00:00.000Z,87.5,95.3,72.9,72.9,86.5
זיו צפת,87.5,2022-04-28T00:00:00.000Z,87.5,95.3,72.9,72.9,86.5
זיו צפת,87.5,2022-04-28T00:00:00.000Z,87.5,95.3,72.9,72.9,86.5
זיו צפת,87.5,2022-04-28T00:00:00.000Z,87.5,95.3,72.9,72.9,86.5
זיו צפת,87.5,2022-04-28T00:00:00.000Z,87.5,95.3,72.9,72.9,86.5
זיו צפת,87.5,2022-04-28T00:00:00.000Z,87.5,95.3,72.9,72.9,86.5
זיו צפת,87.5,2022-04-28T00:00:00.000Z,87.5,95.3,72.9,72.9,86.5
זיו צפת,87.5,2022-04-28T00:00:00.000Z,87.5,95.3,72.9,72.9,86.5
זיו צפת,87.5,2022-04-28T00:00:00.000Z,87.5,95.3,72.9,72.9,86.5
זיו צפת,87.5,2022-04-28T00:00:00.000Z,87.5,95.3,72.9,72.9,86.5
זיו צפת,87.5,2022-04-28T00:00:00.000Z,87.5,95.3,72.9,72.9,86.5
זיו צפת,87.5,2022-04-28T00:00:00.000Z,87.5,95.3,72.9,72.9,86.5
זיו צפת,87.5,2022-04-28T00:00:00.000Z,87.5,95.3,72.9,72.9,86.5
זיו צפת,87.5,2022-04-28T00:00:00.000Z,87.5,95.3,72.9,72.9,86.5
זיו צפת,87.5,2022-04-28T00:00:00.000Z,87.5,95.3,72.9,72.9,86.5
זיו צפת,87.5,2022-04-28T00:00:00.000Z,87.5,95.3,72.9,72.9,86.5
זיו צפת,87.5,2022-04-28T00:00:00.000Z,87.5,95.3,72.9,72.9,86.5
זיו צפת,87.5,2022-04-28T00:00:00.000Z,87.5,95.3,72.9,72.9,86.5
זיו צפת,87.5,2022-04-28T00:00:00.000Z,87.5,95.3,72.9,72.9,86.5
זיו צפת,87.5,2022-04-28T00:00:00.000Z,87.5,95.3,72.9,72.9,86.5
זיו צפת,87.5,2022-04-28T00:00:00.000Z,87.5,95.3,72.9,72.9,86.5
זיו צפת,87.5,2022-04-28T00:00:00.000Z,87.5,95.3,72.9,72.9,86.5
זיו צפת,87.5,2022-04-28T00:00:00.000Z,87.5,95.3,72.9,72.9,86.5
זיו צפת,87.5,2022-04-28T00:00:00.000Z,87.5,95.3,72.9,72.9,86.5
זיו צפת,87.5,2022-04-28T00:00:00.000Z,87.5,95.3,72.9,72.9,86.5
זיו צפת,87.5,2022-04-28T00:00:00.000Z,87.5,95.3,72.9,72.9,86.5
זיו צפת,87.5,2022-04-28T00:00:00.000Z,87.5,95.3,72.9,72.9,86.5
זיו צפת,87.5,2022-04-28T00:00:00.000Z,87.5,95.3,72.9,72.9,86.5
זיו צפת,87.5,2022-04-28T00:00:00.000Z,87.5,95.3,72.9,72.9,86.5
זיו צפת,87.5,2022-04-28T00:00:00.000Z,87.5,95.3,72.9,72.9,86.5
זיו צפת,87.5,2022-04-28T00:00:00.000Z,87.5,95.3,72.9,72.9,86.5
זיו צפת,87.5,2022-04-28T00:00:00.000Z,87.5,95.3,72.9,72.9,86.5
זיו צפת,87.5,2022-04-28T00:00:00.000Z,87.5,95.3,72.9,72.9,86.5
זיו צפת,87.5,2022-04-28T00:00:00.000Z,87.5,95.3,72.9,72.9,86.5
זיו צפת,87.5,2022-04-28T00:00:00.000Z,87.5,95.3,72.9,72.9,86.5
זיו צפת,87.5,2022-04-28T00:00:00.000Z,87.5,95.3,72.9,72.9,86.5
זיו צפת,87.5,2022-04-28T00:00:00.000Z,87.5,95.3,72.9,72.9,86.5
זיו צפת,87.5,2022-04-28T00:00:00.000Z,87.5,95.3,72.9,72.9,86.5
זיו צפת,87.5,2022-04-28T00:00:00.000Z,87.5,95.3,72.9,72.9,86.5
זיו צפת,87.5,2022-04-28T00:00:00.000Z,87.5,95.3,72.9,72.9,86.5
זיו צפת,87.5,2022-04-28T00:00:00.000Z,87.5,95.3,72.9,72.9,86.5
זיו צפת,87.5,2022-04-28T00:00:00.000Z,87.5,95.3,72.9,72.9,86.5
זיו צפת,87.5,2022-04-28T00:00:00.000Z,87.5,95.3,72.9,72.9,86.5
זיו צפת,87.5,2022-04-28T00:00:00.000Z,87.5,95.3,72.9,72.9,86.5
זיו צפת,87.5,2022-04-28T00:00:00.000Z,87.5,95.3,72.9,72.9,86.5
זיו צפת,87.5,2022-04-28T00:00:00.000Z,87.5,95.3,72.9,72.9,86.5
זיו צפת,87.5,2022-04-28T00:00:00.000Z,87.5,95.3,72.9,72.9,86.5
זיו צפת,87.5,2022-04-28T00:00:00.000Z,87.5,95.3,72.9,72.9,86.5
זיו צפת,87.5,2022-04-28T00:00:00.000Z,87.5,95.3,72.9,72.9,86.5
זיו צפת,87.5,2022-04-28T00:00:00.000Z,87.5,95.3,72.9,72.9,86.5
זיו צפת,87.5,2022-04-28T00:00:00.000Z,87.5,95.3,72.9,72.9,86.5
זיו צפת,87.5,2022-04-28T00:00:00.000Z,87.5,95.3,72.9,72.9,86.5
זיו צפת,87.5,2022-04-28T00:00:00.000Z,87.5,95.3,72.9,72.9,86.5
זיו צפת,87.5,2022-04-28T00:00:00.000Z,87.5,95.3,72.9,72.9,86.5
זיו צפת,87.5,2022-04-28T00:00:00.000Z,87.5,95.3,72.9,72.9,86.5
זיו צפת,87.5,2022-04-28T00:00:00.000Z,87.5,95.3,72.9,72.9,86.5
זיו צפת,87.5,2022-04-28T00:00:00.000Z,87.5,95.3,72.9,72.9,86.5
זיו צפת,87.5,2022-04-28T00:00:00.000Z,87.5,95.3,72.9,72.9,86.5
זיו צפת,87.5,2022-04-28T00:00:00.000Z,87.5,95.3,72.9,72.9,86.5
זיו צפת,87.5,2022-04-28T00:00:00.000Z,87.5,95.3,72.9,72.9,86.5
זיו צפת,87.5,2022-04-28T00:00:00.000Z,87.5,95.3,72.9,72.9,86.5
זיו צפת,87.5,2022-04-28T00:00:00.000Z,87.5,95.3,72.9,72.9,86.5
זיו צפת,87.5,2022-04-28T00:00:00.000Z,87.5,95.3,72.9,72.9,86.5
זיו צפת,87.5,2022-04-28T00:00:00.000Z,87.5,95.3,72.9,72.9,86.5
זיו צפת,87.5,2022-04-28T00:00:00.000Z,87.5,95.3,72.9,72.9,86.5
זיו צפת,87.5,2022-04-28T00:00:00.000Z,87.5,95.3,72.9,72.9,86.5
זיו צפת,87.5,2022-04-28T00:00:00.000Z,87.5,95.3,72.9,72.9,86.5
זיו צפת,87.5,2022-04-28T00:00:00.000Z,87.5,95.3,72.9,72.9,86.5
זיו צפת,87.5,2022-04-28T00:00:00.000Z,87.5,95.3,72.9,72.9,86.5
זיו צפת,87.5,2022-04-28T00:00:00.000Z,87.5,95.3,72.9,72.9,86.5
זיו צפת,87.5,2022-04-28T00:00:00.000Z,87.5,95.3,72.9,72.9,86.5
זיו צפת,87.5,2022-04-28T00:00:00.000Z,87.5,95.3,72.9,72.9,86.5
זיו צפת,87.5,2022-04-28T00:00:00.000Z,87.5,95.3,72.9,72.9,86.5
זיו צפת,87.5,2022-04-28T00:00:00.000Z,87.5,95.3,72.9,72.9,86.5
זיו צפת,87.5,2022-04-28T00:00:00.000Z,87.5,95.3,72.9,72.9,86.5
זיו צפת,87.5,2022-04-28T00:00:00.000Z,87.5,95.3,72.9,72.9,86.5
זיו צפת,87.5,2022-04-28T00:00:00.000Z,87.5,95.3,72.9,72.9,86.5
זיו צפת,87.5,2022-04-28T00:00:00.000Z,87.5,95.3,72.9,72.9,86.5
זיו צפת,87.5,2022-04-28T00:00:00.000Z,87.5,95.3,72.9,72.9,86.5
זיו צפת,87.5,2022-04-28T00:00:00.000Z,87.5,95.3,72.9,72.9,86.5
זיו צפת,87.5,2022-04-28T00:00:00.000Z,87.5,95.3,72.9,72.9,86.5
זיו צפת,87.5,2022-04-28T00:00:00.000Z,87.5,95.3,72.9,72.9,86.5
זיו צפת,87.5,2022-04-28T00:00:00.000Z,87.5,95.3,72.9,72.9,86.5
זיו צפת,87.5,2022-04-28T00:00:00.000Z,87.5,95.3,72.9,72.9,86.5
זיו צפת,87.5,2022-04-28T00:00:00.000Z,87.5,95.3,72.9,72.9,86.5
זיו צפת,87.5,2022-04-28T00:00:00.000Z,87.5,95.3,72.9,72.9,86.5
זיו צפת,87.5,2022-04-28T00:00:00.000Z,87.5,95.3,72.9,72.9,86.5
זיו צפת,87.5,2022-04-28T00:00:00.000Z,87.5,95.3,72.9,72.9,86.5
זיו צפת,87.5,2022-04-28T00:00:00.000Z,87.5,95.3,72.9,72.9,86.5
זיו צפת,87.5,2022-04-28T00:00:00.000Z,87.5,95.3,72.9,72.9,86.5
זיו צפת,87.5,2022-04-28T00:00:00.000Z,87.5,95.3,72.9,72.9,86.5
זיו צפת,87.5,2022-04-28T00:00:00.000Z,87.5,95.3,72.9,72.9,86.5
זיו צפת,87.5,2022-04-28T00:00:00.000Z,87.5,95.3,72.9,72.9,86.5
זיו צפת,87.5,2022-04-28T00:00:00.000Z,87.5,95.3,72.9,72.9,86.5
זיו צפת,87.5,2022-04-28T00:00:00.000Z,87.5,95.3,72.9,72.9,86.5
זיו צפת,87.5,2022-04-28T00:00:00.000Z,87.5,95.3,72.9,72.9,86.5
זיו צפת,87.5,2022-04-28T00:00:00.000Z,87.5,95.3,72.9,72.9,86.5
זיו צפת,87.5,2022-04-28T00:00:00.000Z,87.5,95.3,72.9,72.9,86.5
זיו צפת,87.5,2022-04-28T00:00:00.000Z,87.5,95.3,72.9,72.9,86.5
זיו צפת,87.5,2022-04-28T00:00:00.000Z,87.5,95.3,72.9,72.9,86.5
זיו צפת,87.5,2022-04-28T00:00:00.000Z,87.5,95.3,72.9,72.9,86.5
זיו צפת,87.5,2022-04-28T00:00:00.000Z,87.5,95.3,72.9,72.9,86.5
זיו צפת,87.5,2022-04-28T00:00:00.000Z,87.5,95.3,72.9,72.9,86.5
זיו צפת,87.5,2022-04-28T00:00:00.000Z,87.5,95.3,72.9,72.9,86.5
זיו צפת,87.5,2022-04-28T00:00:00.000Z,87.5,95.3,72.9,72.9,86.5
זיו צפת,87.5,2022-04-28T00:00:00.000Z,87.5,95.3,72.9,72.9,86.5
זיו צפת,87.5,2022-04-28T00:00:00.000Z,87.5,95.3,72.9,72.9,86.5
זיו צפת,87.5,2022-04-28T00:00:00.000Z,87.5,95.3,72.9,72.9,86.5
זיו צפת,87.5,2022-04-28T00:00:00.000Z,87.5,95.3,72.9,72.9,86.5
זיו צפת,87.5,2022-04-28T00:00:00.000Z,87.5,95.3,72.9,72.9,86.5
זיו צפת,87.5,2022-04-28T00:00:00.000Z,87.5,95.3,72.9,72.9,86.5
זיו צפת,87.5,2022-04-28T00:00:00.000Z,87.5,95.3,72.9,72.9,86.5
זיו צפת,87.5,2022-04-28T00:00:00.000Z,87.5,95.3,72.9,72.9,86.5
זיו צפת,87.5,2022-04-28T00:00:00.000Z,87.5,95.3,72.9,72.9,86.5
זיו צפת,87.5,2022-04-28T00:00:00.000Z,87.5,95.3,72.9,72.9,86.5
שמיר,84.6,2022-04-28T00:00:00.000Z,84.6,86.1,72.5,72.5,71.4
שמיר,84.6,2022-04-28T00:00:00.000Z,84.6,86.1,72.5,72.5,71.4
שמיר,84.6,2022-04-28T00:00:00.000Z,84.6,86.1,72.5,72.5,71.4
שמיר,84.6,2022-04-28T00:00:00.000Z,84.6,86.1,72.5,72.5,71.4
שמיר,84.6,2022-04-28T00:00:00.000Z,84.6,86.1,72.5,72.5,71.4
שמיר,84.6,2022-04-28T00:00:00.000Z,84.6,86.1,72.5,72.5,71.4
שמיר,84.6,2022-04-28T00:00:00.000Z,84.6,86.1,72.5,72.5,71.4
שמיר,84.6,2022-04-28T00:00:00.000Z,84.6,86.1,72.5,72.5,71.4
שמיר,84.6,2022-04-28T00:00:00.000Z,84.6,86.1,72.5,72.5,71.4
שמיר,84.6,2022-04-28T00:00:00.000Z,84.6,86.1,72.5,72.5,71.4
שמיר,84.6,2022-04-28T00:00:00.000Z,84.6,86.1,72.5,72.5,71.4
שמיר,84.6,2022-04-28T00:00:00.000Z,84.6,86.1,72.5,72.5,71.4
שמיר,84.6,2022-04-28T00:00:00.000Z,84.6,86.1,72.5,72.5,71.4
שמיר,84.6,2022-04-28T00:00:00.000Z,84.6,86.1,72.5,72.5,71.4
שמיר,84.6,2022-04-28T00:00:00.000Z,84.6,86.1,72.5,72.5,71.4
שמיר,84.6,2022-04-28T00:00:00.000Z,84.6,86.1,72.5,72.5,71.4
שמיר,84.6,2022-04-28T00:00:00.000Z,84.6,86.1,72.5,72.5,71.4
שמיר,84.6,2022-04-28T00:00:00.000Z,84.6,86.1,72.5,72.5,71.4
שמיר,84.6,2022-04-28T00:00:00.000Z,84.6,86.1,72.5,72.5,71.4
שמיר,84.6,2022-04-28T00:00:00.000Z,84.6,86.1,72.5,72.5,71.4
שמיר,84.6,2022-04-28T00:00:00.000Z,84.6,86.1,72.5,72.5,71.4
שמיר,84.6,2022-04-28T00:00:00.000Z,84.6,86.1,72.5,72.5,71.4
שמיר,84.6,2022-04-28T00:00:00.000Z,84.6,86.1,72.5,72.5,71.4
שמיר,84.6,2022-04-28T00:00:00.000Z,84.6,86.1,72.5,72.5,71.4
שמיר,84.6,2022-04-28T00:00:00.000Z,84.6,86.1,72.5,72.5,71.4
שמיר,84.6,2022-04-28T00:00:00.000Z,84.6,86.1,72.5,72.5,71.4
שמיר,84.6,2022-04-28T00:00:00.000Z,84.6,86.1,72.5,72.5,71.4
שמיר,84.6,2022-04-28T00:00:00.000Z,84.6,86.1,72.5,72.5,71.4
שמיר,84.6,2022-04-28T00:00:00.000Z,84.6,86.1,72.5,72.5,71.4
שמיר,84.6,2022-04-28T00:00:00.000Z,84.6,86.1,72.5,72.5,71.4
שמיר,84.6,2022-04-28T00:00:00.000Z,84.6,86.1,72.5,72.5,71.4
שמיר,84.6,2022-04-28T00:00:00.000Z,84.6,86.1,72.5,72.5,71.4
שמיר,84.6,2022-04-28T00:00:00.000Z,84.6,86.1,72.5,72.5,71.4
שמיר,84.6,2022-04-28T00:00:00.000Z,84.6,86.1,72.5,72.5,71.4
זיו צפת,87.5,2022-04-28T00:00:00.000Z,87.5,95.3,72.9,72.9,86.5
זיו צפת,87.5,2022-04-28T00:00:00.000Z,87.5,95.3,72.9,72.9,86.5
זיו צפת,87.5,2022-04-28T00:00:00.000Z,87.5,95.3,72.9,72.9,86.5
זיו צפת,87.5,2022-04-28T00:00:00.000Z,87.5,95.3,72.9,72.9,86.5
זיו צפת,87.5,2022-04-28T00:00:00.000Z,87.5,95.3,72.9,72.9,86.5
זיו צפת,87.5,2022-04-28T00:00:00.000Z,87.5,95.3,72.9,72.9,86.5
זיו צפת,87.5,2022-04-28T00:00:00.000Z,87.5,95.3,72.9,72.9,86.5
שמיר,84.6,2022-04-28T00:00:00.000Z,84.6,86.1,72.5,72.5,71.4
שמיר,84.6,2022-04-28T00:00:00.000Z,84.6,86.1,72.5,72.5,71.4
שמיר,84.6,2022-04-28T00:00:00.000Z,84.6,86.1,72.5,72.5,71.4
שמיר,84.6,2022-04-28T00:00:00.000Z,84.6,86.1,72.5,72.5,71.4
שמיר,84.6,2022-04-28T00:00:00.000Z,84.6,86.1,72.5,72.5,71.4
שמיר,84.6,2022-04-28T00:00:00.000Z,84.6,86.1,72.5,72.5,71.4
שמיר,84.6,2022-04-28T00:00:00.000Z,84.6,86.1,72.5,72.5,71.4
שמיר,84.6,2022-04-28T00:00:00.000Z,84.6,86.1,72.5,72.5,71.4
שמיר,84.6,2022-04-28T00:00:00.000Z,84.6,86.1,72.5,72.5,71.4
שמיר,84.6,2022-04-28T00:00:00.000Z,84.6,86.1,72.5,72.5,71.4
שמיר,84.6,2022-04-28T00:00:00.000Z,84.6,86.1,72.5,72.5,71.4
שמיר,84.6,2022-04-28T00:00:00.000Z,84.6,86.1,72.5,72.5,71.4
שמיר,84.6,2022-04-28T00:00:00.000Z,84.6,86.1,72.5,72.5,71.4
שמיר,84.6,2022-04-28T00:00:00.000Z,84.6,86.1,72.5,72.5,71.4
שמיר,84.6,2022-04-28T00:00:00.000Z,84.6,86.1,72.5,72.5,71.4
שמיר,84.6,2022-04-28T00:00:00.000Z,84.6,86.1,72.5,72.5,71.4
שמיר,84.6,2022-04-28T00:00:00.000Z,84.6,86.1,72.5,72.5,71.4
שמיר,84.6,2022-04-28T00:00:00.000Z,84.6,86.1,72.5,72.5,71.4
שמיר,84.6,2022-04-28T00:00:00.000Z,84.6,86.1,72.5,72.5,71.4
שמיר,84.6,2022-04-28T00:00:00.000Z,84.6,86.1,72.5,72.5,71.4
שמיר,84.6,2022-04-28T00:00:00.000Z,84.6,86.1,72.5,72.5,71.4
שמיר,84.6,2022-04-28T00:00:00.000Z,84.6,86.1,72.5,72.5,71.4
שמיר,84.6,2022-04-28T00:00:00.000Z,84.6,86.1,72.5,72.5,71.4
שמיר,84.6,2022-04-28T00:00:00.000Z,84.6,86.1,72.5,72.5,71.4
שמיר,84.6,2022-04-28T00:00:00.000Z,84.6,86.1,72.5,72.5,71.4
שמיר,84.6,2022-04-28T00:00:00.000Z,84.6,86.1,72.5,72.5,71.4
שמיר,84.6,2022-04-28T00:00:00.000Z,84.6,86.1,72.5,72.5,71.4
שמיר,84.6,2022-04-28T00:00:00.000Z,84.6,86.1,72.5,72.5,71.4
שמיר,84.6,2022-04-28T00:00:00.000Z,84.6,86.1,72.5,72.5,71.4
שמיר,84.6,2022-04-28T00:00:00.000Z,84.6,86.1,72.5,72.5,71.4
שמיר,84.6,2022-04-28T00:00:00.000Z,84.6,86.1,72.5,72.5,71.4
שמיר,84.6,2022-04-28T00:00:00.000Z,84.6,86.1,72.5,72.5,71.4
שמיר,84.6,2022-04-28T00:00:00.000Z,84.6,86.1,72.5,72.5,71.4
שמיר,84.6,2022-04-28T00:00:00.000Z,84.6,86.1,72.5,72.5,71.4
זיו צפת,87.5,2022-04-28T00:00:00.000Z,87.5,95.3,72.9,72.9,86.5
זיו צפת,87.5,2022-04-28T00:00:00.000Z,87.5,95.3,72.9,72.9,86.5
זיו צפת,87.5,2022-04-28T00:00:00.000Z,87.5,95.3,72.9,72.9,86.5
זיו צפת,87.5,2022-04-28T00:00:00.000Z,87.5,95.3,72.9,72.9,86.5
זיו צפת,87.5,2022-04-28T00:00:00.000Z,87.5,95.3,72.9,72.9,86.5
זיו צפת,87.5,2022-04-28T00:00:00.000Z,87.5,95.3,72.9,72.9,86.5
זיו צפת,87.5,2022-04-28T00:00:00.000Z,87.5,95.3,72.9,72.9,86.5
זיו צפת,87.5,2022-04-28T00:00:00.000Z,87.5,95.3,72.9,72.9,86.5
זיו צפת,87.5,2022-04-28T00:00:00.000Z,87.5,95.3,72.9,72.9,86.5
זיו צפת,87.5,2022-04-28T00:00:00.000Z,87.5,95.3,72.9,72.9,86.5
זיו צפת,87.5,2022-04-28T00:00:00.000Z,87.5,95.3,72.9,72.9,86.5
זיו צפת,87.5,2022-04-28T00:00:00.000Z,87.5,95.3,72.9,72.9,86.5
זיו צפת,87.5,2022-04-28T00:00:00.000Z,87.5,95.3,72.9,72.9,86.5
זיו צפת,87.5,2022-04-28T00:00:00.000Z,87.5,95.3,72.9,72.9,86.5
זיו צפת,87.5,2022-04-28T00:00:00.000Z,87.5,95.3,72.9,72.9,86.5
זיו צפת,87.5,2022-04-28T00:00:00.000Z,87.5,95.3,72.9,72.9,86.5
זיו צפת,87.5,2022-04-28T00:00:00.000Z,87.5,95.3,72.9,72.9,86.5
זיו צפת,87.5,2022-04-28T00:00:00.000Z,87.5,95.3,72.9,72.9,86.5
זיו צפת,87.5,2022-04-28T00:00:00.000Z,87.5,95.3,72.9,72.9,86.5
זיו צפת,87.5,2022-04-28T00:00:00.000Z,87.5,95.3,72.9,72.9,86.5
זיו צפת,87.5,2022-04-28T00:00:00.000Z,87.5,95.3,72.9,72.9,86.5
זיו צפת,87.5,2022-04-28T00:00:00.000Z,87.5,95.3,72.9,72.9,86.5
זיו צפת,87.5,2022-04-28T00:00:00.000Z,87.5,95.3,72.9,72.9,86.5
זיו צפת,87.5,2022-04-28T00:00:00.000Z,87.5,95.3,72.9,72.9,86.5
זיו צפת,87.5,2022-04-28T00:00:00.000Z,87.5,95.3,72.9,72.9,86.5
זיו צפת,87.5,2022-04-28T00:00:00.000Z,87.5,95.3,72.9,72.9,86.5
זיו צפת,87.5,2022-04-28T00:00:00.000Z,87.5,95.3,72.9,72.9,86.5
זיו צפת,87.5,2022-04-28T00:00:00.000Z,87.5,95.3,72.9,72.9,86.5
זיו צפת,87.5,2022-04-28T00:00:00.000Z,87.5,95.3,72.9,72.9,86.5
זיו צפת,87.5,2022-04-28T00:00:00.000Z,87.5,95.3,72.9,72.9,86.5
זיו צפת,87.5,2022-04-28T00:00:00.000Z,87.5,95.3,72.9,72.9,86.5
זיו צפת,87.5,2022-04-28T00:00:00.000Z,87.5,95.3,72.9,72.9,86.5
זיו צפת,87.5,2022-04-28T00:00:00.000Z,87.5,95.3,72.9,72.9,86.5
זיו צפת,87.5,2022-04-28T00:00:00.000Z,87.5,95.3,72.9,72.9,86.5
זיו צפת,87.5,2022-04-28T00:00:00.000Z,87.5,95.3,72.9,72.9,86.5
זיו צפת,87.5,2022-04-28T00:00:00.000Z,87.5,95.3,72.9,72.9,86.5
זיו צפת,87.5,2022-04-28T00:00:00.000Z,87.5,95.3,72.9,72.9,86.5
זיו צפת,87.5,2022-04-28T00:00:00.000Z,87.5,95.3,72.9,72.9,86.5
זיו צפת,87.5,2022-04-28T00:00:00.000Z,87.5,95.3,72.9,72.9,86.5
זיו צפת,87.5,2022-04-28T00:00:00.000Z,87.5,95.3,72.9,72.9,86.5
זיו צפת,87.5,2022-04-28T00:00:00.000Z,87.5,95.3,72.9,72.9,86.5
זיו צפת,87.5,2022-04-28T00:00:00.000Z,87.5,95.3,72.9,72.9,86.5
זיו צפת,87.5,2022-04-28T00:00:00.000Z,87.5,95.3,72.9,72.9,86.5
זיו צפת,87.5,2022-04-28T00:00:00.000Z,87.5,95.3,72.9,72.9,86.5
זיו צפת,87.5,2022-04-28T00:00:00.000Z,87.5,95.3,72.9,72.9,86.5
זיו צפת,87.5,2022-04-28T00:00:00.000Z,87.5,95.3,72.9,72.9,86.5
זיו צפת,87.5,2022-04-28T00:00:00.000Z,87.5,95.3,72.9,72.9,86.5
זיו צפת,87.5,2022-04-28T00:00:00.000Z,87.5,95.3,72.9,72.9,86.5
זיו צפת,87.5,2022-04-28T00:00:00.000Z,87.5,95.3,72.9,72.9,86.5
זיו צפת,87.5,2022-04-28T00:00:00.000Z,87.5,95.3,72.9,72.9,86.5
זיו צפת,87.5,2022-04-28T00:00:00.000Z,87.5,95.3,72.9,72.9,86.5
זיו צפת,87.5,2022-04-28T00:00:00.000Z,87.5,95.3,72.9,72.9,86.5
זיו צפת,87.5,2022-04-28T00:00:00.000Z,87.5,95.3,72.9,72.9,86.5
זיו צפת,87.5,2022-04-28T00:00:00.000Z,87.5,95.3,72.9,72.9,86.5
זיו צפת,87.5,2022-04-28T00:00:00.000Z,87.5,95.3,72.9,72.9,86.5
זיו צפת,87.5,2022-04-28T00:00:00.000Z,87.5,95.3,72.9,72.9,86.5
זיו צפת,87.5,2022-04-28T00:00:00.000Z,87.5,95.3,72.9,72.9,86.5
שמיר,84.6,2022-04-28T00:00:00.000Z,84.6,86.1,72.5,72.5,71.4
שמיר,84.6,2022-04-28T00:00:00.000Z,84.6,86.1,72.5,72.5,71.4
שמיר,84.6,2022-04-28T00:00:00.000Z,84.6,86.1,72.5,72.5,71.4
שמיר,84.6,2022-04-28T00:00:00.000Z,84.6,86.1,72.5,72.5,71.4
שמיר,84.6,2022-04-28T00:00:00.000Z,84.6,86.1,72.5,72.5,71.4
שמיר,84.6,2022-04-28T00:00:00.000Z,84.6,86.1,72.5,72.5,71.4
שמיר,84.6,2022-04-28T00:00:00.000Z,84.6,86.1,72.5,72.5,71.4
שמיר,84.6,2022-04-28T00:00:00.000Z,84.6,86.1,72.5,72.5,71.4
שמיר,84.6,2022-04-28T00:00:00.000Z,84.6,86.1,72.5,72.5,71.4
שמיר,84.6,2022-04-28T00:00:00.000Z,84.6,86.1,72.5,72.5,71.4
שמיר,84.6,2022-04-28T00:00:00.000Z,84.6,86.1,72.5,72.5,71.4
זיו צפת,87.5,2022-04-28T00:00:00.000Z,87.5,95.3,72.9,72.9,86.5
זיו צפת,87.5,2022-04-28T00:00:00.000Z,87.5,95.3,72.9,72.9,86.5
זיו צפת,87.5,2022-04-28T00:00:00.000Z,87.5,95.3,72.9,72.9,86.5
זיו צפת,87.5,2022-04-28T00:00:00.000Z,87.5,95.3,72.9,72.9,86.5
זיו צפת,87.5,2022-04-28T00:00:00.000Z,87.5,95.3,72.9,72.9,86.5
זיו צפת,87.5,2022-04-28T00:00:00.000Z,87.5,95.3,72.9,72.9,86.5
זיו צפת,87.5,2022-04-28T00:00:00.000Z,87.5,95.3,72.9,72.9,86.5
זיו צפת,87.5,2022-04-28T00:00:00.000Z,87.5,95.3,72.9,72.9,86.5
זיו צפת,87.5,2022-04-28T00:00:00.000Z,87.5,95.3,72.9,72.9,86.5
זיו צפת,87.5,2022-04-28T00:00:00.000Z,87.5,95.3,72.9,72.9,86.5
זיו צפת,87.5,2022-04-28T00:00:00.000Z,87.5,95.3,72.9,72.9,86.5
זיו צפת,87.5,2022-04-28T00:00:00.000Z,87.5,95.3,72.9,72.9,86.5
זיו צפת,87.5,2022-04-28T00:00:00.000Z,87.5,95.3,72.9,72.9,86.5
זיו צפת,87.5,2022-04-28T00:00:00.000Z,87.5,95.3,72.9,72.9,86.5
זיו צפת,87.5,2022-04-28T00:00:00.000Z,87.5,95.3,72.9,72.9,86.5
זיו צפת,87.5,2022-04-28T00:00:00.000Z,87.5,95.3,72.9,72.9,86.5
זיו צפת,87.5,2022-04-28T00:00:00.000Z,87.5,95.3,72.9,72.9,86.5
זיו צפת,87.5,2022-04-28T00:00:00.000Z,87.5,95.3,72.9,72.9,86.5
זיו צפת,87.5,2022-04-28T00:00:00.000Z,87.5,95.3,72.9,72.9,86.5
שמיר,84.6,2022-04-28T00:00:00.000Z,84.6,86.1,72.5,72.5,71.4
שמיר,84.6,2022-04-28T00:00:00.000Z,84.6,86.1,72.5,72.5,71.4
שמיר,84.6,2022-04-28T00:00:00.000Z,84.6,86.1,72.5,72.5,71.4
שמיר,84.6,2022-04-28T00:00:00.000Z,84.6,86.1,72.5,72.5,71.4
שמיר,84.6,2022-04-28T00:00:00.000Z,84.6,86.1,72.5,72.5,71.4
שמיר,84.6,2022-04-28T00:00:00.000Z,84.6,86.1,72.5,72.5,71.4
שמיר,84.6,2022-04-28T00:00:00.000Z,84.6,86.1,72.5,72.5,71.4
שמיר,84.6,2022-04-28T00:00:00.000Z,84.6,86.1,72.5,72.5,71.4
שמיר,84.6,2022-04-28T00:00:00.000Z,84.6,86.1,72.5,72.5,71.4
שמיר,84.6,2022-04-28T00:00:00.000Z,84.6,86.1,72.5,72.5,71.4
שמיר,84.6,2022-04-28T00:00:00.000Z,84.6,86.1,72.5,72.5,71.4
שמיר,84.6,2022-04-28T00:00:00.000Z,84.6,86.1,72.5,72.5,71.4
שמיר,84.6,2022-04-28T00:00:00.000Z,84.6,86.1,72.5,72.5,71.4
שמיר,84.6,2022-04-28T00:00:00.000Z,84.6,86.1,72.5,72.5,71.4
שמיר,84.6,2022-04-28T00:00:00.000Z,84.6,86.1,72.5,72.5,71.4
שמיר,84.6,2022-04-28T00:00:00.000Z,84.6,86.1,72.5,72.5,71.4
שמיר,84.6,2022-04-28T00:00:00.000Z,84.6,86.1,72.5,72.5,71.4
שמיר,84.6,2022-04-28T00:00:00.000Z,84.6,86.1,72.5,72.5,71.4
שמיר,84.6,2022-04-28T00:00:00.000Z,84.6,86.1,72.5,72.5,71.4
שמיר,84.6,2022-04-28T00:00:00.000Z,84.6,86.1,72.5,72.5,71.4
שמיר,84.6,2022-04-28T00:00:00.000Z,84.6,86.1,72.5,72.5,71.4
שמיר,84.6,2022-04-28T00:00:00.000Z,84.6,86.1,72.5,72.5,71.4
שמיר,84.6,2022-04-28T00:00:00.000Z,84.6,86.1,72.5,72.5,71.4
שמיר,84.6,2022-04-28T00:00:00.000Z,84.6,86.1,72.5,72.5,71.4
שמיר,84.6,2022-04-28T00:00:00.000Z,84.6,86.1,72.5,72.5,71.4
שמיר,84.6,2022-04-28T00:00:00.000Z,84.6,86.1,72.5,72.5,71.4
שמיר,84.6,2022-04-28T00:00:00.000Z,84.6,86.1,72.5,72.5,71.4
שמיר,84.6,2022-04-28T00:00:00.000Z,84.6,86.1,72.5,72.5,71.4
שמיר,84.6,2022-04-28T00:00:00.000Z,84.6,86.1,72.5,72.5,71.4
שמיר,84.6,2022-04-28T00:00:00.000Z,84.6,86.1,72.5,72.5,71.4
שמיר,84.6,2022-04-28T00:00:00.000Z,84.6,86.1,72.5,72.5,71.4
שמיר,84.6,2022-04-28T00:00:00.000Z,84.6,86.1,72.5,72.5,71.4
שמיר,84.6,2022-04-28T00:00:00.000Z,84.6,86.1,72.5,72.5,71.4
שמיר,84.6,2022-04-28T00:00:00.000Z,84.6,86.1,72.5,72.5,71.4
שמיר,84.6,2022-04-28T00:00:00.000Z,84.6,86.1,72.5,72.5,71.4
שמיר,84.6,2022-04-28T00:00:00.000Z,84.6,86.1,72.5,72.5,71.4
שמיר,84.6,2022-04-28T00:00:00.000Z,84.6,86.1,72.5,72.5,71.4
שמיר,84.6,2022-04-28T00:00:00.000Z,84.6,86.1,72.5,72.5,71.4
שמיר,84.6,2022-04-28T00:00:00.000Z,84.6,86.1,72.5,72.5,71.4
שמיר,84.6,2022-04-28T00:00:00.000Z,84.6,86.1,72.5,72.5,71.4
שמיר,84.6,2022-04-28T00:00:00.000Z,84.6,86.1,72.5,72.5,71.4
שמיר,84.6,2022-04-28T00:00:00.000Z,84.6,86.1,72.5,72.5,71.4
שמיר,84.6,2022-04-28T00:00:00.000Z,84.6,86.1,72.5,72.5,71.4
שמיר,84.6,2022-04-28T00:00:00.000Z,84.6,86.1,72.5,72.5,71.4
שמיר,84.6,2022-04-28T00:00:00.000Z,84.6,86.1,72.5,72.5,71.4
שמיר,84.6,2022-04-28T00:00:00.000Z,84.6,86.1,72.5,72.5,71.4
המשפחה הקדושה,172.4,2022-04-28T00:00:00.000Z,172.4,,118.1,118.1,
המשפחה הקדושה,172.4,2022-04-28T00:00:00.000Z,172.4,,118.1,118.1,
המשפחה הקדושה,172.4,2022-04-28T00:00:00.000Z,172.4,,118.1,118.1,
המשפחה הקדושה,172.4,2022-04-28T00:00:00.000Z,172.4,,118.1,118.1,
המשפחה הקדושה,172.4,2022-04-28T00:00:00.000Z,172.4,,118.1,118.1,
המשפחה הקדושה,172.4,2022-04-28T00:00:00.000Z,172.4,,118.1,118.1,
המשפחה הקדושה,172.4,2022-04-28T00:00:00.000Z,172.4,,118.1,118.1,
המשפחה הקדושה,172.4,2022-04-28T00:00:00.000Z,172.4,,118.1,118.1,
המשפחה הקדושה,172.4,2022-04-28T00:00:00.000Z,172.4,,118.1,118.1,
המשפחה הקדושה,172.4,2022-04-28T00:00:00.000Z,172.4,,118.1,118.1,
המשפחה הקדושה,172.4,2022-04-28T00:00:00.000Z,172.4,,118.1,118.1,
המשפחה הקדושה,172.4,2022-04-28T00:00:00.000Z,172.4,,118.1,118.1,
המשפחה הקדושה,172.4,2022-04-28T00:00:00.000Z,172.4,,118.1,118.1,
המשפחה הקדושה,172.4,2022-04-28T00:00:00.000Z,172.4,,118.1,118.1,
המשפחה הקדושה,172.4,2022-04-28T00:00:00.000Z,172.4,,118.1,118.1,
המשפחה הקדושה,172.4,2022-04-28T00:00:00.000Z,172.4,,118.1,118.1,
המשפחה הקדושה,172.4,2022-04-28T00:00:00.000Z,172.4,,118.1,118.1,
המשפחה הקדושה,172.4,2022-04-28T00:00:00.000Z,172.4,,118.1,118.1,
המשפחה הקדושה,172.4,2022-04-28T00:00:00.000Z,172.4,,118.1,118.1,
המשפחה הקדושה,172.4,2022-04-28T00:00:00.000Z,172.4,,118.1,118.1,
המשפחה הקדושה,172.4,2022-04-28T00:00:00.000Z,172.4,,118.1,118.1,
המשפחה הקדושה,172.4,2022-04-28T00:00:00.000Z,172.4,,118.1,118.1,
המשפחה הקדושה,172.4,2022-04-28T00:00:00.000Z,172.4,,118.1,118.1,
המשפחה הקדושה,172.4,2022-04-28T00:00:00.000Z,172.4,,118.1,118.1,
המשפחה הקדושה,172.4,2022-04-28T00:00:00.000Z,172.4,,118.1,118.1,
המשפחה הקדושה,172.4,2022-04-28T00:00:00.000Z,172.4,,118.1,118.1,
המשפחה הקדושה,172.4,2022-04-28T00:00:00.000Z,172.4,,118.1,118.1,
המשפחה הקדושה,172.4,2022-04-28T00:00:00.000Z,172.4,,118.1,118.1,
המשפחה הקדושה,172.4,2022-04-28T00:00:00.000Z,172.4,,118.1,118.1,
המשפחה הקדושה,172.4,2022-04-28T00:00:00.000Z,172.4,,118.1,118.1,
המשפחה הקדושה,172.4,2022-04-28T00:00:00.000Z,172.4,,118.1,118.1,
המשפחה הקדושה,172.4,2022-04-28T00:00:00.000Z,172.4,,118.1,118.1,
המשפחה הקדושה,172.4,2022-04-28T00:00:00.000Z,172.4,,118.1,118.1,
המשפחה הקדושה,172.4,2022-04-28T00:00:00.000Z,172.4,,118.1,118.1,
המשפחה הקדושה,172.4,2022-04-28T00:00:00.000Z,172.4,,118.1,118.1,
המשפחה הקדושה,172.4,2022-04-28T00:00:00.000Z,172.4,,118.1,118.1,
המשפחה הקדושה,172.4,2022-04-28T00:00:00.000Z,172.4,,118.1,118.1,
המשפחה הקדושה,172.4,2022-04-28T00:00:00.000Z,172.4,,118.1,118.1,
המשפחה הקדושה,172.4,2022-04-28T00:00:00.000Z,172.4,,118.1,118.1,
המשפחה הקדושה,172.4,2022-04-28T00:00:00.000Z,172.4,,118.1,118.1,
המשפחה הקדושה,172.4,2022-04-28T00:00:00.000Z,172.4,,118.1,118.1,
המשפחה הקדושה,172.4,2022-04-28T00:00:00.000Z,172.4,,118.1,118.1,
המשפחה הקדושה,172.4,2022-04-28T00:00:00.000Z,172.4,,118.1,118.1,
המשפחה הקדושה,172.4,2022-04-28T00:00:00.000Z,172.4,,118.1,118.1,
המשפחה הקדושה,172.4,2022-04-28T00:00:00.000Z,172.4,,118.1,118.1,
המשפחה הקדושה,172.4,2022-04-28T00:00:00.000Z,172.4,,118.1,118.1,
המשפחה הקדושה,172.4,2022-04-28T00:00:00.000Z,172.4,,118.1,118.1,
המשפחה הקדושה,172.4,2022-04-28T00:00:00.000Z,172.4,,118.1,118.1,
המשפחה הקדושה,172.4,2022-04-28T00:00:00.000Z,172.4,,118.1,118.1,
המשפחה הקדושה,172.4,2022-04-28T00:00:00.000Z,172.4,,118.1,118.1,
המשפחה הקדושה,172.4,2022-04-28T00:00:00.000Z,172.4,,118.1,118.1,
המשפחה הקדושה,172.4,2022-04-28T00:00:00.000Z,172.4,,118.1,118.1,
המשפחה הקדושה,172.4,2022-04-28T00:00:00.000Z,172.4,,118.1,118.1,
המשפחה הקדושה,172.4,2022-04-28T00:00:00.000Z,172.4,,118.1,118.1,
המשפחה הקדושה,172.4,2022-04-28T00:00:00.000Z,172.4,,118.1,118.1,
המשפחה הקדושה,172.4,2022-04-28T00:00:00.000Z,172.4,,118.1,118.1,
המשפחה הקדושה,172.4,2022-04-28T00:00:00.000Z,172.4,,118.1,118.1,
המשפחה הקדושה,172.4,2022-04-28T00:00:00.000Z,172.4,,118.1,118.1,
המשפחה הקדושה,172.4,2022-04-28T00:00:00.000Z,172.4,,118.1,118.1,
המשפחה הקדושה,172.4,2022-04-28T00:00:00.000Z,172.4,,118.1,118.1,
המשפחה הקדושה,172.4,2022-04-28T00:00:00.000Z,172.4,,118.1,118.1,
המשפחה הקדושה,172.4,2022-04-28T00:00:00.000Z,172.4,,118.1,118.1,
המשפחה הקדושה,172.4,2022-04-28T00:00:00.000Z,172.4,,118.1,118.1,
המשפחה הקדושה,172.4,2022-04-28T00:00:00.000Z,172.4,,118.1,118.1,
המשפחה הקדושה,172.4,2022-04-28T00:00:00.000Z,172.4,,118.1,118.1,
המשפחה הקדושה,172.4,2022-04-28T00:00:00.000Z,172.4,,118.1,118.1,
המשפחה הקדושה,172.4,2022-04-28T00:00:00.000Z,172.4,,118.1,118.1,
המשפחה הקדושה,172.4,2022-04-28T00:00:00.000Z,172.4,,118.1,118.1,
המשפחה הקדושה,172.4,2022-04-28T00:00:00.000Z,172.4,,118.1,118.1,
המשפחה הקדושה,172.4,2022-04-28T00:00:00.000Z,172.4,,118.1,118.1,
המשפחה הקדושה,172.4,2022-04-28T00:00:00.000Z,172.4,,118.1,118.1,
המשפחה הקדושה,172.4,2022-04-28T00:00:00.000Z,172.4,,118.1,118.1,
המשפחה הקדושה,172.4,2022-04-28T00:00:00.000Z,172.4,,118.1,118.1,
המשפחה הקדושה,172.4,2022-04-28T00:00:00.000Z,172.4,,118.1,118.1,
המשפחה הקדושה,172.4,2022-04-28T00:00:00.000Z,172.4,,118.1,118.1,
המשפחה הקדושה,172.4,2022-04-28T00:00:00.000Z,172.4,,118.1,118.1,
המשפחה הקדושה,172.4,2022-04-28T00:00:00.000Z,172.4,,118.1,118.1,
המשפחה הקדושה,172.4,2022-04-28T00:00:00.000Z,172.4,,118.1,118.1,
המשפחה הקדושה,172.4,2022-04-28T00:00:00.000Z,172.4,,118.1,118.1,
המשפחה הקדושה,172.4,2022-04-28T00:00:00.000Z,172.4,,118.1,118.1,
המשפחה הקדושה,172.4,2022-04-28T00:00:00.000Z,172.4,,118.1,118.1,
המשפחה הקדושה,172.4,2022-04-28T00:00:00.000Z,172.4,,118.1,118.1,
המשפחה הקדושה,172.4,2022-04-28T00:00:00.000Z,172.4,,118.1,118.1,
המשפחה הקדושה,172.4,2022-04-28T00:00:00.000Z,172.4,,118.1,118.1,
המשפחה הקדושה,172.4,2022-04-28T00:00:00.000Z,172.4,,118.1,118.1,
המשפחה הקדושה,172.4,2022-04-28T00:00:00.000Z,172.4,,118.1,118.1,
המשפחה הקדושה,172.4,2022-04-28T00:00:00.000Z,172.4,,118.1,118.1,
המשפחה הקדושה,172.4,2022-04-28T00:00:00.000Z,172.4,,118.1,118.1,
המשפחה הקדושה,172.4,2022-04-28T00:00:00.000Z,172.4,,118.1,118.1,
המשפחה הקדושה,172.4,2022-04-28T00:00:00.000Z,172.4,,118.1,118.1,
המשפחה הקדושה,172.4,2022-04-28T00:00:00.000Z,172.4,,118.1,118.1,
המשפחה הקדושה,172.4,2022-04-28T00:00:00.000Z,172.4,,118.1,118.1,
המשפחה הקדושה,172.4,2022-04-28T00:00:00.000Z,172.4,,118.1,118.1,
המשפחה הקדושה,172.4,2022-04-28T00:00:00.000Z,172.4,,118.1,118.1,
המשפחה הקדושה,172.4,2022-04-28T00:00:00.000Z,172.4,,118.1,118.1,
המשפחה הקדושה,172.4,2022-04-28T00:00:00.000Z,172.4,,118.1,118.1,
המשפחה הקדושה,172.4,2022-04-28T00:00:00.000Z,172.4,,118.1,118.1,
המשפחה הקדושה,172.4,2022-04-28T00:00:00.000Z,172.4,,118.1,118.1,
המשפחה הקדושה,172.4,2022-04-28T00:00:00.000Z,172.4,,118.1,118.1,
המשפחה הקדושה,172.4,2022-04-28T00:00:00.000Z,172.4,,118.1,118.1,
המשפחה הקדושה,172.4,2022-04-28T00:00:00.000Z,172.4,,118.1,118.1,
המשפחה הקדושה,172.4,2022-04-28T00:00:00.000Z,172.4,,118.1,118.1,
המשפחה הקדושה,172.4,2022-04-28T00:00:00.000Z,172.4,,118.1,118.1,
המשפחה הקדושה,172.4,2022-04-28T00:00:00.000Z,172.4,,118.1,118.1,
המשפחה הקדושה,172.4,2022-04-28T00:00:00.000Z,172.4,,118.1,118.1,
המשפחה הקדושה,172.4,2022-04-28T00:00:00.000Z,172.4,,118.1,118.1,
המשפחה הקדושה,172.4,2022-04-28T00:00:00.000Z,172.4,,118.1,118.1,
המשפחה הקדושה,172.4,2022-04-28T00:00:00.000Z,172.4,,118.1,118.1,
המשפחה הקדושה,172.4,2022-04-28T00:00:00.000Z,172.4,,118.1,118.1,
המשפחה הקדושה,172.4,2022-04-28T00:00:00.000Z,172.4,,118.1,118.1,
המשפחה הקדושה,172.4,2022-04-28T00:00:00.000Z,172.4,,118.1,118.1,
המשפחה הקדושה,172.4,2022-04-28T00:00:00.000Z,172.4,,118.1,118.1,
המשפחה הקדושה,172.4,2022-04-28T00:00:00.000Z,172.4,,118.1,118.1,
המשפחה הקדושה,172.4,2022-04-28T00:00:00.000Z,172.4,,118.1,118.1,
המשפחה הקדושה,172.4,2022-04-28T00:00:00.000Z,172.4,,118.1,118.1,
המשפחה הקדושה,172.4,2022-04-28T00:00:00.000Z,172.4,,118.1,118.1,
המשפחה הקדושה,172.4,2022-04-28T00:00:00.000Z,172.4,,118.1,118.1,
המשפחה הקדושה,172.4,2022-04-28T00:00:00.000Z,172.4,,118.1,118.1,
המשפחה הקדושה,172.4,2022-04-28T00:00:00.000Z,172.4,,118.1,118.1,
המשפחה הקדושה,172.4,2022-04-28T00:00:00.000Z,172.4,,118.1,118.1,
המשפחה הקדושה,172.4,2022-04-28T00:00:00.000Z,172.4,,118.1,118.1,
המשפחה הקדושה,172.4,2022-04-28T00:00:00.000Z,172.4,,118.1,118.1,
המשפחה הקדושה,172.4,2022-04-28T00:00:00.000Z,172.4,,118.1,118.1,
המשפחה הקדושה,172.4,2022-04-28T00:00:00.000Z,172.4,,118.1,118.1,
המשפחה הקדושה,172.4,2022-04-28T00:00:00.000Z,172.4,,118.1,118.1,
המשפחה הקדושה,172.4,2022-04-28T00:00:00.000Z,172.4,,118.1,118.1,
המשפחה הקדושה,172.4,2022-04-28T00:00:00.000Z,172.4,,118.1,118.1,
המשפחה הקדושה,172.4,2022-04-28T00:00:00.000Z,172.4,,118.1,118.1,
המשפחה הקדושה,172.4,2022-04-28T00:00:00.000Z,172.4,,118.1,118.1,
המשפחה הקדושה,172.4,2022-04-28T00:00:00.000Z,172.4,,118.1,118.1,
המשפחה הקדושה,172.4,2022-04-28T00:00:00.000Z,172.4,,118.1,118.1,
המשפחה הקדושה,172.4,2022-04-28T00:00:00.000Z,172.4,,118.1,118.1,
המשפחה הקדושה,172.4,2022-04-28T00:00:00.000Z,172.4,,118.1,118.1,
המשפחה הקדושה,172.4,2022-04-28T00:00:00.000Z,172.4,,118.1,118.1,
המשפחה הקדושה,172.4,2022-04-28T00:00:00.000Z,172.4,,118.1,118.1,
המשפחה הקדושה,172.4,2022-04-28T00:00:00.000Z,172.4,,118.1,118.1,
המשפחה הקדושה,172.4,2022-04-28T00:00:00.000Z,172.4,,118.1,118.1,
המשפחה הקדושה,172.4,2022-04-28T00:00:00.000Z,172.4,,118.1,118.1,
המשפחה הקדושה,172.4,2022-04-28T00:00:00.000Z,172.4,,118.1,118.1,
המשפחה הקדושה,172.4,2022-04-28T00:00:00.000Z,172.4,,118.1,118.1,
המשפחה הקדושה,172.4,2022-04-28T00:00:00.000Z,172.4,,118.1,118.1,
המשפחה הקדושה,172.4,2022-04-28T00:00:00.000Z,172.4,,118.1,118.1,
המשפחה הקדושה,172.4,2022-04-28T00:00:00.000Z,172.4,,118.1,118.1,
המשפחה הקדושה,172.4,2022-04-28T00:00:00.000Z,172.4,,118.1,118.1,
המשפחה הקדושה,172.4,2022-04-28T00:00:00.000Z,172.4,,118.1,118.1,
המשפחה הקדושה,172.4,2022-04-28T00:00:00.000Z,172.4,,118.1,118.1,
המשפחה הקדושה,172.4,2022-04-28T00:00:00.000Z,172.4,,118.1,118.1,
המשפחה הקדושה,172.4,2022-04-28T00:00:00.000Z,172.4,,118.1,118.1,
המשפחה הקדושה,172.4,2022-04-28T00:00:00.000Z,172.4,,118.1,118.1,
המשפחה הקדושה,172.4,2022-04-28T00:00:00.000Z,172.4,,118.1,118.1,
המשפחה הקדושה,172.4,2022-04-28T00:00:00.000Z,172.4,,118.1,118.1,
המשפחה הקדושה,172.4,2022-04-28T00:00:00.000Z,172.4,,118.1,118.1,
המשפחה הקדושה,172.4,2022-04-28T00:00:00.000Z,172.4,,118.1,118.1,
המשפחה הקדושה,172.4,2022-04-28T00:00:00.000Z,172.4,,118.1,118.1,
המשפחה הקדושה,172.4,2022-04-28T00:00:00.000Z,172.4,,118.1,118.1,
המשפחה הקדושה,172.4,2022-04-28T00:00:00.000Z,172.4,,118.1,118.1,
המשפחה הקדושה,172.4,2022-04-28T00:00:00.000Z,172.4,,118.1,118.1,
המשפחה הקדושה,172.4,2022-04-28T00:00:00.000Z,172.4,,118.1,118.1,
המשפחה הקדושה,172.4,2022-04-28T00:00:00.000Z,172.4,,118.1,118.1,
המשפחה הקדושה,172.4,2022-04-28T00:00:00.000Z,172.4,,118.1,118.1,
המשפחה הקדושה,172.4,2022-04-28T00:00:00.000Z,172.4,,118.1,118.1,
המשפחה הקדושה,172.4,2022-04-28T00:00:00.000Z,172.4,,118.1,118.1,
המשפחה הקדושה,172.4,2022-04-28T00:00:00.000Z,172.4,,118.1,118.1,
המשפחה הקדושה,172.4,2022-04-28T00:00:00.000Z,172.4,,118.1,118.1,
המשפחה הקדושה,172.4,2022-04-28T00:00:00.000Z,172.4,,118.1,118.1,
המשפחה הקדושה,172.4,2022-04-28T00:00:00.000Z,172.4,,118.1,118.1,
המשפחה הקדושה,172.4,2022-04-28T00:00:00.000Z,172.4,,118.1,118.1,
המשפחה הקדושה,172.4,2022-04-28T00:00:00.000Z,172.4,,118.1,118.1,
המשפחה הקדושה,172.4,2022-04-28T00:00:00.000Z,172.4,,118.1,118.1,
המשפחה הקדושה,172.4,2022-04-28T00:00:00.000Z,172.4,,118.1,118.1,
המשפחה הקדושה,172.4,2022-04-28T00:00:00.000Z,172.4,,118.1,118.1,
המשפחה הקדושה,172.4,2022-04-28T00:00:00.000Z,172.4,,118.1,118.1,
המשפחה הקדושה,172.4,2022-04-28T00:00:00.000Z,172.4,,118.1,118.1,
המשפחה הקדושה,172.4,2022-04-28T00:00:00.000Z,172.4,,118.1,118.1,
המשפחה הקדושה,172.4,2022-04-28T00:00:00.000Z,172.4,,118.1,118.1,
המשפחה הקדושה,172.4,2022-04-28T00:00:00.000Z,172.4,,118.1,118.1,
המשפחה הקדושה,172.4,2022-04-28T00:00:00.000Z,172.4,,118.1,118.1,
המשפחה הקדושה,172.4,2022-04-28T00:00:00.000Z,172.4,,118.1,118.1,
איכילוב,80.7,2022-04-28T00:00:00.000Z,88.7,89.3,115.2,123.3,118
איכילוב,80.7,2022-04-28T00:00:00.000Z,87.5,89.4,115.2,122.2,118.5
איכילוב,80.7,2022-04-28T00:00:00.000Z,86.4,89.4,115.2,121,118.9
איכילוב,80.7,2022-04-28T00:00:00.000Z,85.2,89.5,115.2,119.8,119.4
איכילוב,80.7,2022-04-28T00:00:00.000Z,84.1,89.5,115.2,118.7,119.8
איכילוב,80.7,2022-04-28T00:00:00.000Z,83,89.6,115.2,117.5,120.3
איכילוב,80.7,2022-04-28T00:00:00.000Z,81.8,89.6,115.2,116.4,120.7
איכילוב,80.7,2022-04-28T00:00:00.000Z,80.7,89.7,115.2,115.2,121.2
איכילוב,80.7,2022-04-28T00:00:00.000Z,80.7,89.7,115.2,115.2,121.2
איכילוב,80.7,2022-04-28T00:00:00.000Z,80.7,89.7,115.2,115.2,121.2
איכילוב,80.7,2022-04-28T00:00:00.000Z,80.7,89.7,115.2,115.2,121.2
איכילוב,80.7,2022-04-28T00:00:00.000Z,80.7,89.7,115.2,115.2,121.2
איכילוב,80.7,2022-04-28T00:00:00.000Z,80.7,89.7,115.2,115.2,121.2
איכילוב,80.7,2022-04-28T00:00:00.000Z,80.7,89.7,115.2,115.2,121.2
איכילוב,80.7,2022-04-28T00:00:00.000Z,80.7,89.7,115.2,115.2,121.2
איכילוב,80.7,2022-04-28T00:00:00.000Z,80.7,89.7,115.2,115.2,121.2
איכילוב,80.7,2022-04-28T00:00:00.000Z,80.7,89.7,115.2,115.2,121.2
איכילוב,80.7,2022-04-28T00:00:00.000Z,80.7,89.7,115.2,115.2,121.2
איכילוב,80.7,2022-04-28T00:00:00.000Z,80.7,89.7,115.2,115.2,121.2
איכילוב,80.7,2022-04-28T00:00:00.000Z,80.7,89.7,115.2,115.2,121.2
איכילוב,80.7,2022-04-28T00:00:00.000Z,80.7,89.7,115.2,115.2,121.2
איכילוב,80.7,2022-04-28T00:00:00.000Z,80.7,89.7,115.2,115.2,121.2
איכילוב,80.7,2022-04-28T00:00:00.000Z,80.7,89.7,115.2,115.2,121.2
איכילוב,80.7,2022-04-28T00:00:00.000Z,80.7,89.7,115.2,115.2,121.2
איכילוב,80.7,2022-04-28T00:00:00.000Z,80.7,89.7,115.2,115.2,121.2
איכילוב,80.7,2022-04-28T00:00:00.000Z,80.7,89.7,115.2,115.2,121.2
איכילוב,80.7,2022-04-28T00:00:00.000Z,80.7,89.7,115.2,115.2,121.2
איכילוב,80.7,2022-04-28T00:00:00.000Z,80.7,89.7,115.2,115.2,121.2
איכילוב,80.7,2022-04-28T00:00:00.000Z,80.7,89.7,115.2,115.2,121.2
איכילוב,80.7,2022-04-28T00:00:00.000Z,80.7,89.7,115.2,115.2,121.2
איכילוב,80.7,2022-04-28T00:00:00.000Z,80.7,89.7,115.2,115.2,121.2
איכילוב,80.7,2022-04-28T00:00:00.000Z,80.7,89.7,115.2,115.2,121.2
איכילוב,80.7,2022-04-28T00:00:00.000Z,80.7,89.7,115.2,115.2,121.2
איכילוב,80.7,2022-04-28T00:00:00.000Z,80.7,89.7,115.2,115.2,121.2
איכילוב,80.7,2022-04-28T00:00:00.000Z,80.7,89.7,115.2,115.2,121.2
איכילוב,80.7,2022-04-28T00:00:00.000Z,80.7,89.7,115.2,115.2,121.2
איכילוב,80.7,2022-04-28T00:00:00.000Z,80.7,89.7,115.2,115.2,121.2
איכילוב,80.7,2022-04-28T00:00:00.000Z,80.7,89.7,115.2,115.2,121.2
איכילוב,80.7,2022-04-28T00:00:00.000Z,80.7,89.7,115.2,115.2,121.2
איכילוב,80.7,2022-04-28T00:00:00.000Z,80.7,89.7,115.2,115.2,121.2
איכילוב,80.7,2022-04-28T00:00:00.000Z,80.7,89.7,115.2,115.2,121.2
איכילוב,80.7,2022-04-28T00:00:00.000Z,80.7,89.7,115.2,115.2,121.2
איכילוב,80.7,2022-04-28T00:00:00.000Z,80.7,89.7,115.2,115.2,121.2
איכילוב,80.7,2022-04-28T00:00:00.000Z,80.7,89.7,115.2,115.2,121.2
איכילוב,80.7,2022-04-28T00:00:00.000Z,80.7,89.7,115.2,115.2,121.2
איכילוב,80.7,2022-04-28T00:00:00.000Z,80.7,89.7,115.2,115.2,121.2
איכילוב,80.7,2022-04-28T00:00:00.000Z,80.7,89.7,115.2,115.2,121.2
איכילוב,80.7,2022-04-28T00:00:00.000Z,80.7,89.7,115.2,115.2,121.2
איכילוב,80.7,2022-04-28T00:00:00.000Z,80.7,89.7,115.2,115.2,121.2
איכילוב,80.7,2022-04-28T00:00:00.000Z,80.7,89.7,115.2,115.2,121.2
איכילוב,80.7,2022-04-28T00:00:00.000Z,80.7,89.7,115.2,115.2,121.2
איכילוב,80.7,2022-04-28T00:00:00.000Z,80.7,89.7,115.2,115.2,121.2
איכילוב,80.7,2022-04-28T00:00:00.000Z,80.7,89.7,115.2,115.2,121.2
איכילוב,80.7,2022-04-28T00:00:00.000Z,80.7,89.7,115.2,115.2,121.2
איכילוב,80.7,2022-04-28T00:00:00.000Z,80.7,89.7,115.2,115.2,121.2
איכילוב,80.7,2022-04-28T00:00:00.000Z,80.7,89.7,115.2,115.2,121.2
איכילוב,80.7,2022-04-28T00:00:00.000Z,80.7,89.7,115.2,115.2,121.2
איכילוב,80.7,2022-04-28T00:00:00.000Z,80.7,89.7,115.2,115.2,121.2
איכילוב,80.7,2022-04-28T00:00:00.000Z,80.7,89.7,115.2,115.2,121.2
איכילוב,80.7,2022-04-28T00:00:00.000Z,80.7,89.7,115.2,115.2,121.2
איכילוב,80.7,2022-04-28T00:00:00.000Z,80.7,89.7,115.2,115.2,121.2
איכילוב,80.7,2022-04-28T00:00:00.000Z,80.7,89.7,115.2,115.2,121.2
איכילוב,80.7,2022-04-28T00:00:00.000Z,80.7,89.7,115.2,115.2,121.2
איכילוב,80.7,2022-04-28T00:00:00.000Z,80.7,89.7,115.2,115.2,121.2
איכילוב,80.7,2022-04-28T00:00:00.000Z,80.7,89.7,115.2,115.2,121.2
איכילוב,80.7,2022-04-28T00:00:00.000Z,80.7,89.7,115.2,115.2,121.2
איכילוב,80.7,2022-04-28T00:00:00.000Z,80.7,89.7,115.2,115.2,121.2
איכילוב,80.7,2022-04-28T00:00:00.000Z,80.7,89.7,115.2,115.2,121.2
איכילוב,80.7,2022-04-28T00:00:00.000Z,80.7,89.7,115.2,115.2,121.2
איכילוב,80.7,2022-04-28T00:00:00.000Z,80.7,89.7,115.2,115.2,121.2
איכילוב,80.7,2022-04-28T00:00:00.000Z,80.7,89.7,115.2,115.2,121.2
איכילוב,80.7,2022-04-28T00:00:00.000Z,80.7,89.7,115.2,115.2,121.2
איכילוב,80.7,2022-04-28T00:00:00.000Z,80.7,89.7,115.2,115.2,121.2
איכילוב,80.7,2022-04-28T00:00:00.000Z,80.7,89.7,115.2,115.2,121.2
איכילוב,80.7,2022-04-28T00:00:00.000Z,80.7,89.7,115.2,115.2,121.2
איכילוב,80.7,2022-04-28T00:00:00.000Z,80.7,89.7,115.2,115.2,121.2
איכילוב,80.7,2022-04-28T00:00:00.000Z,80.7,89.7,115.2,115.2,121.2
איכילוב,80.7,2022-04-28T00:00:00.000Z,80.7,89.7,115.2,115.2,121.2
איכילוב,80.7,2022-04-28T00:00:00.000Z,80.7,89.7,115.2,115.2,121.2
איכילוב,80.7,2022-04-28T00:00:00.000Z,80.7,89.7,115.2,115.2,121.2
איכילוב,80.7,2022-04-28T00:00:00.000Z,80.7,89.7,115.2,115.2,121.2
איכילוב,80.7,2022-04-28T00:00:00.000Z,80.7,89.7,115.2,115.2,121.2
איכילוב,80.7,2022-04-28T00:00:00.000Z,80.7,89.7,115.2,115.2,121.2
איכילוב,80.7,2022-04-28T00:00:00.000Z,80.7,89.7,115.2,115.2,121.2
איכילוב,80.7,2022-04-28T00:00:00.000Z,80.7,89.7,115.2,115.2,121.2
איכילוב,80.7,2022-04-28T00:00:00.000Z,80.7,89.7,115.2,115.2,121.2
איכילוב,80.7,2022-04-28T00:00:00.000Z,80.7,89.7,115.2,115.2,121.2
איכילוב,80.7,2022-04-28T00:00:00.000Z,80.7,89.7,115.2,115.2,121.2
איכילוב,80.7,2022-04-28T00:00:00.000Z,80.7,89.7,115.2,115.2,121.2
איכילוב,80.7,2022-04-28T00:00:00.000Z,80.7,89.7,115.2,115.2,121.2
איכילוב,80.7,2022-04-28T00:00:00.000Z,80.7,89.7,115.2,115.2,121.2
איכילוב,80.7,2022-04-28T00:00:00.000Z,80.7,89.7,115.2,115.2,121.2
איכילוב,80.7,2022-04-28T00:00:00.000Z,80.7,89.7,115.2,115.2,121.2
איכילוב,80.7,2022-04-28T00:00:00.000Z,80.7,89.7,115.2,115.2,121.2
איכילוב,80.7,2022-04-28T00:00:00.000Z,80.7,89.7,115.2,115.2,121.2
איכילוב,80.7,2022-04-28T00:00:00.000Z,80.7,89.7,115.2,115.2,121.2
איכילוב,80.7,2022-04-28T00:00:00.000Z,80.7,89.7,115.2,115.2,121.2
איכילוב,80.7,2022-04-28T00:00:00.000Z,80.7,89.7,115.2,115.2,121.2
איכילוב,80.7,2022-04-28T00:00:00.000Z,80.7,89.7,115.2,115.2,121.2
איכילוב,80.7,2022-04-28T00:00:00.000Z,80.7,89.7,115.2,115.2,121.2
איכילוב,80.7,2022-04-28T00:00:00.000Z,80.7,89.7,115.2,115.2,121.2
איכילוב,80.7,2022-04-28T00:00:00.000Z,80.7,89.7,115.2,115.2,121.2
איכילוב,80.7,2022-04-28T00:00:00.000Z,80.7,89.7,115.2,115.2,121.2
איכילוב,80.7,2022-04-28T00:00:00.000Z,80.7,89.7,115.2,115.2,121.2
איכילוב,80.7,2022-04-28T00:00:00.000Z,80.7,89.7,115.2,115.2,121.2
איכילוב,80.7,2022-04-28T00:00:00.000Z,80.7,89.7,115.2,115.2,121.2
איכילוב,80.7,2022-04-28T00:00:00.000Z,80.7,89.7,115.2,115.2,121.2
איכילוב,80.7,2022-04-28T00:00:00.000Z,80.7,89.7,115.2,115.2,121.2
איכילוב,80.7,2022-04-28T00:00:00.000Z,80.7,89.7,115.2,115.2,121.2
איכילוב,80.7,2022-04-28T00:00:00.000Z,80.7,89.7,115.2,115.2,121.2
איכילוב,80.7,2022-04-28T00:00:00.000Z,80.7,89.7,115.2,115.2,121.2
איכילוב,80.7,2022-04-28T00:00:00.000Z,80.7,89.7,115.2,115.2,121.2
איכילוב,80.7,2022-04-28T00:00:00.000Z,80.7,89.7,115.2,115.2,121.2
איכילוב,80.7,2022-04-28T00:00:00.000Z,80.7,89.7,115.2,115.2,121.2
איכילוב,80.7,2022-04-28T00:00:00.000Z,80.7,89.7,115.2,115.2,121.2
איכילוב,80.7,2022-04-28T00:00:00.000Z,80.7,89.7,115.2,115.2,121.2
איכילוב,80.7,2022-04-28T00:00:00.000Z,80.7,89.7,115.2,115.2,121.2
איכילוב,80.7,2022-04-28T00:00:00.000Z,80.7,89.7,115.2,115.2,121.2
איכילוב,80.7,2022-04-28T00:00:00.000Z,80.7,89.7,115.2,115.2,121.2
איכילוב,80.7,2022-04-28T00:00:00.000Z,80.7,89.7,115.2,115.2,121.2
איכילוב,80.7,2022-04-28T00:00:00.000Z,80.7,89.7,115.2,115.2,121.2
איכילוב,80.7,2022-04-28T00:00:00.000Z,80.7,89.7,115.2,115.2,121.2
איכילוב,80.7,2022-04-28T00:00:00.000Z,80.7,89.7,115.2,115.2,121.2
איכילוב,80.7,2022-04-28T00:00:00.000Z,80.7,89.7,115.2,115.2,121.2
איכילוב,80.7,2022-04-28T00:00:00.000Z,80.7,89.7,115.2,115.2,121.2
איכילוב,80.7,2022-04-28T00:00:00.000Z,80.7,89.7,115.2,115.2,121.2
איכילוב,80.7,2022-04-28T00:00:00.000Z,80.7,89.7,115.2,115.2,121.2
איכילוב,80.7,2022-04-28T00:00:00.000Z,80.7,89.7,115.2,115.2,121.2
איכילוב,80.7,2022-04-28T00:00:00.000Z,80.7,89.7,115.2,115.2,121.2
איכילוב,80.7,2022-04-28T00:00:00.000Z,80.7,89.7,115.2,115.2,121.2
איכילוב,80.7,2022-04-28T00:00:00.000Z,80.7,89.7,115.2,115.2,121.2
איכילוב,80.7,2022-04-28T00:00:00.000Z,80.7,89.7,115.2,115.2,121.2
איכילוב,80.7,2022-04-28T00:00:00.000Z,80.7,89.7,115.2,115.2,121.2
איכילוב,80.7,2022-04-28T00:00:00.000Z,80.7,89.7,115.2,115.2,121.2
איכילוב,80.7,2022-04-28T00:00:00.000Z,80.7,89.7,115.2,115.2,121.2
איכילוב,80.7,2022-04-28T00:00:00.000Z,80.7,89.7,115.2,115.2,121.2
איכילוב,80.7,2022-04-28T00:00:00.000Z,80.7,89.7,115.2,115.2,121.2
איכילוב,80.7,2022-04-28T00:00:00.000Z,80.7,89.7,115.2,115.2,121.2
איכילוב,80.7,2022-04-28T00:00:00.000Z,80.7,89.7,115.2,115.2,121.2
איכילוב,80.7,2022-04-28T00:00:00.000Z,80.7,89.7,115.2,115.2,121.2
איכילוב,80.7,2022-04-28T00:00:00.000Z,80.7,89.7,115.2,115.2,121.2
איכילוב,80.7,2022-04-28T00:00:00.000Z,80.7,89.7,115.2,115.2,121.2
איכילוב,80.7,2022-04-28T00:00:00.000Z,80.7,89.7,115.2,115.2,121.2
איכילוב,80.7,2022-04-28T00:00:00.000Z,80.7,89.7,115.2,115.2,121.2
איכילוב,80.7,2022-04-28T00:00:00.000Z,80.7,89.7,115.2,115.2,121.2
איכילוב,80.7,2022-04-28T00:00:00.000Z,80.7,89.7,115.2,115.2,121.2
איכילוב,80.7,2022-04-28T00:00:00.000Z,80.7,89.7,115.2,115.2,121.2
איכילוב,80.7,2022-04-28T00:00:00.000Z,80.7,89.7,115.2,115.2,121.2
איכילוב,80.7,2022-04-28T00:00:00.000Z,80.7,89.7,115.2,115.2,121.2
איכילוב,80.7,2022-04-28T00:00:00.000Z,80.7,89.7,115.2,115.2,121.2
איכילוב,80.7,2022-04-28T00:00:00.000Z,80.7,89.7,115.2,115.2,121.2
איכילוב,80.7,2022-04-28T00:00:00.000Z,80.7,89.7,115.2,115.2,121.2
איכילוב,80.7,2022-04-28T00:00:00.000Z,80.7,89.7,115.2,115.2,121.2
איכילוב,80.7,2022-04-28T00:00:00.000Z,80.7,89.7,115.2,115.2,121.2
איכילוב,80.7,2022-04-28T00:00:00.000Z,80.7,89.7,115.2,115.2,121.2
איכילוב,80.7,2022-04-28T00:00:00.000Z,80.7,89.7,115.2,115.2,121.2
איכילוב,80.7,2022-04-28T00:00:00.000Z,80.7,89.7,115.2,115.2,121.2
איכילוב,80.7,2022-04-28T00:00:00.000Z,80.7,89.7,115.2,115.2,121.2
איכילוב,80.7,2022-04-28T00:00:00.000Z,80.7,89.7,115.2,115.2,121.2
איכילוב,80.7,2022-04-28T00:00:00.000Z,80.7,89.7,115.2,115.2,121.2
איכילוב,80.7,2022-04-28T00:00:00.000Z,80.7,89.7,115.2,115.2,121.2
איכילוב,80.7,2022-04-28T00:00:00.000Z,80.7,89.7,115.2,115.2,121.2
איכילוב,80.7,2022-04-28T00:00:00.000Z,80.7,89.7,115.2,115.2,121.2
איכילוב,80.7,2022-04-28T00:00:00.000Z,80.7,89.7,115.2,115.2,121.2
איכילוב,80.7,2022-04-28T00:00:00.000Z,80.7,89.7,115.2,115.2,121.2
איכילוב,80.7,2022-04-28T00:00:00.000Z,80.7,89.7,115.2,115.2,121.2
איכילוב,80.7,2022-04-28T00:00:00.000Z,80.7,89.7,115.2,115.2,121.2
איכילוב,80.7,2022-04-28T00:00:00.000Z,80.7,89.7,115.2,115.2,121.2
איכילוב,80.7,2022-04-28T00:00:00.000Z,80.7,89.7,115.2,115.2,121.2
איכילוב,80.7,2022-04-28T00:00:00.000Z,80.7,89.7,115.2,115.2,121.2
איכילוב,80.7,2022-04-28T00:00:00.000Z,80.7,89.7,115.2,115.2,121.2
איכילוב,80.7,2022-04-28T00:00:00.000Z,80.7,89.7,115.2,115.2,121.2
איכילוב,80.7,2022-04-28T00:00:00.000Z,80.7,89.7,115.2,115.2,121.2
איכילוב,80.7,2022-04-28T00:00:00.000Z,80.7,89.7,115.2,115.2,121.2
איכילוב,80.7,2022-04-28T00:00:00.000Z,80.7,89.7,115.2,115.2,121.2
איכילוב,80.7,2022-04-28T00:00:00.000Z,80.7,89.7,115.2,115.2,121.2
איכילוב,80.7,2022-04-28T00:00:00.000Z,80.7,89.7,115.2,115.2,121.2
איכילוב,80.7,2022-04-28T00:00:00.000Z,80.7,89.7,115.2,115.2,121.2
איכילוב,80.7,2022-04-28T00:00:00.000Z,80.7,89.7,115.2,115.2,121.2
איכילוב,80.7,2022-04-28T00:00:00.000Z,80.7,89.7,115.2,115.2,121.2
איכילוב,80.7,2022-04-28T00:00:00.000Z,80.7,89.7,115.2,115.2,121.2
איכילוב,80.7,2022-04-28T00:00:00.000Z,80.7,89.7,115.2,115.2,121.2
איכילוב,80.7,2022-04-28T00:00:00.000Z,80.7,89.7,115.2,115.2,121.2
איכילוב,80.7,2022-04-28T00:00:00.000Z,80.7,89.7,115.2,115.2,121.2
איכילוב,80.7,2022-04-28T00:00:00.000Z,80.7,89.7,115.2,115.2,121.2
איכילוב,80.7,2022-04-28T00:00:00.000Z,80.7,89.7,115.2,115.2,121.2
איכילוב,80.7,2022-04-28T00:00:00.000Z,80.7,89.7,115.2,115.2,121.2
איכילוב,80.7,2022-04-28T00:00:00.000Z,80.7,89.7,115.2,115.2,121.2
איכילוב,80.7,2022-04-28T00:00:00.000Z,80.7,89.7,115.2,115.2,121.2
איכילוב,80.7,2022-04-28T00:00:00.000Z,80.7,89.7,115.2,115.2,121.2
איכילוב,80.7,2022-04-28T00:00:00.000Z,80.7,89.7,115.2,115.2,121.2
איכילוב,80.7,2022-04-28T00:00:00.000Z,80.7,89.7,115.2,115.2,121.2
איכילוב,80.7,2022-04-28T00:00:00.000Z,80.7,89.7,115.2,115.2,121.2
איכילוב,80.7,2022-04-28T00:00:00.000Z,80.7,89.7,115.2,115.2,121.2
איכילוב,80.7,2022-04-28T00:00:00.000Z,80.7,89.7,115.2,115.2,121.2
איכילוב,80.7,2022-04-28T00:00:00.000Z,80.7,89.7,115.2,115.2,121.2
איכילוב,80.7,2022-04-28T00:00:00.000Z,80.7,89.7,115.2,115.2,121.2
איכילוב,80.7,2022-04-28T00:00:00.000Z,80.7,89.7,115.2,115.2,121.2
איכילוב,80.7,2022-04-28T00:00:00.000Z,80.7,89.7,115.2,115.2,121.2
איכילוב,80.7,2022-04-28T00:00:00.000Z,80.7,89.7,115.2,115.2,121.2
איכילוב,80.7,2022-04-28T00:00:00.000Z,80.7,89.7,115.2,115.2,121.2
איכילוב,80.7,2022-04-28T00:00:00.000Z,80.7,89.7,115.2,115.2,121.2
איכילוב,80.7,2022-04-28T00:00:00.000Z,80.7,89.7,115.2,115.2,121.2
איכילוב,80.7,2022-04-28T00:00:00.000Z,80.7,89.7,115.2,115.2,121.2
איכילוב,80.7,2022-04-28T00:00:00.000Z,80.7,89.7,115.2,115.2,121.2
איכילוב,80.7,2022-04-28T00:00:00.000Z,80.7,89.7,115.2,115.2,121.2
איכילוב,80.7,2022-04-28T00:00:00.000Z,80.7,89.7,115.2,115.2,121.2
איכילוב,80.7,2022-04-28T00:00:00.000Z,80.7,89.7,115.2,115.2,121.2
איכילוב,80.7,2022-04-28T00:00:00.000Z,80.7,89.7,115.2,115.2,121.2
איכילוב,80.7,2022-04-28T00:00:00.000Z,80.7,89.7,115.2,115.2,121.2
איכילוב,80.7,2022-04-28T00:00:00.000Z,80.7,89.7,115.2,115.2,121.2
איכילוב,80.7,2022-04-28T00:00:00.000Z,80.7,89.7,115.2,115.2,121.2
איכילוב,80.7,2022-04-28T00:00:00.000Z,80.7,89.7,115.2,115.2,121.2
איכילוב,80.7,2022-04-28T00:00:00.000Z,80.7,89.7,115.2,115.2,121.2
איכילוב,80.7,2022-04-28T00:00:00.000Z,80.7,89.7,115.2,115.2,121.2
איכילוב,80.7,2022-04-28T00:00:00.000Z,80.7,89.7,115.2,115.2,121.2
איכילוב,80.7,2022-04-28T00:00:00.000Z,80.7,89.7,115.2,115.2,121.2
איכילוב,80.7,2022-04-28T00:00:00.000Z,80.7,89.7,115.2,115.2,121.2
איכילוב,80.7,2022-04-28T00:00:00.000Z,80.7,89.7,115.2,115.2,121.2
איכילוב,80.7,2022-04-28T00:00:00.000Z,80.7,89.7,115.2,115.2,121.2
איכילוב,80.7,2022-04-28T00:00:00.000Z,80.7,89.7,115.2,115.2,121.2
איכילוב,80.7,2022-04-28T00:00:00.000Z,80.7,89.7,115.2,115.2,121.2
איכילוב,80.7,2022-04-28T00:00:00.000Z,80.7,89.7,115.2,115.2,121.2
איכילוב,80.7,2022-04-28T00:00:00.000Z,80.7,89.7,115.2,115.2,121.2
איכילוב,80.7,2022-04-28T00:00:00.000Z,80.7,89.7,115.2,115.2,121.2
איכילוב,80.7,2022-04-28T00:00:00.000Z,80.7,89.7,115.2,115.2,121.2
איכילוב,80.7,2022-04-28T00:00:00.000Z,80.7,89.7,115.2,115.2,121.2
איכילוב,80.7,2022-04-28T00:00:00.000Z,80.7,89.7,115.2,115.2,121.2
איכילוב,80.7,2022-04-28T00:00:00.000Z,80.7,89.7,115.2,115.2,121.2
איכילוב,80.7,2022-04-28T00:00:00.000Z,80.7,89.7,115.2,115.2,121.2
איכילוב,80.7,2022-04-28T00:00:00.000Z,80.7,89.7,115.2,115.2,121.2
איכילוב,80.7,2022-04-28T00:00:00.000Z,80.7,89.7,115.2,115.2,121.2
איכילוב,80.7,2022-04-28T00:00:00.000Z,80.7,89.7,115.2,115.2,121.2
איכילוב,80.7,2022-04-28T00:00:00.000Z,80.7,89.7,115.2,115.2,121.2
איכילוב,80.7,2022-04-28T00:00:00.000Z,80.7,89.7,115.2,115.2,121.2
איכילוב,80.7,2022-04-28T00:00:00.000Z,80.7,89.7,115.2,115.2,121.2
איכילוב,80.7,2022-04-28T00:00:00.000Z,80.7,89.7,115.2,115.2,121.2
איכילוב,80.7,2022-04-28T00:00:00.000Z,80.7,89.7,115.2,115.2,121.2
איכילוב,80.7,2022-04-28T00:00:00.000Z,80.7,89.7,115.2,115.2,121.2
איכילוב,80.7,2022-04-28T00:00:00.000Z,80.7,89.7,115.2,115.2,121.2
איכילוב,80.7,2022-04-28T00:00:00.000Z,80.7,89.7,115.2,115.2,121.2
איכילוב,80.7,2022-04-28T00:00:00.000Z,80.7,89.7,115.2,115.2,121.2
איכילוב,80.7,2022-04-28T00:00:00.000Z,80.7,89.7,115.2,115.2,121.2
איכילוב,80.7,2022-04-28T00:00:00.000Z,80.7,89.7,115.2,115.2,121.2
איכילוב,80.7,2022-04-28T00:00:00.000Z,80.7,89.7,115.2,115.2,121.2
איכילוב,80.7,2022-04-28T00:00:00.000Z,80.7,89.7,115.2,115.2,121.2
איכילוב,80.7,2022-04-28T00:00:00.000Z,80.7,89.7,115.2,115.2,121.2
איכילוב,80.7,2022-04-28T00:00:00.000Z,80.7,89.7,115.2,115.2,121.2
איכילוב,80.7,2022-04-28T00:00:00.000Z,80.7,89.7,115.2,115.2,121.2
איכילוב,80.7,2022-04-28T00:00:00.000Z,80.7,89.7,115.2,115.2,121.2
איכילוב,80.7,2022-04-28T00:00:00.000Z,80.7,89.7,115.2,115.2,121.2
איכילוב,80.7,2022-04-28T00:00:00.000Z,80.7,89.7,115.2,115.2,121.2
איכילוב,80.7,2022-04-28T00:00:00.000Z,80.7,89.7,115.2,115.2,121.2
איכילוב,80.7,2022-04-28T00:00:00.000Z,80.7,89.7,115.2,115.2,121.2
איכילוב,80.7,2022-04-28T00:00:00.000Z,80.7,89.7,115.2,115.2,121.2
איכילוב,80.7,2022-04-28T00:00:00.000Z,80.7,89.7,115.2,115.2,121.2
איכילוב,80.7,2022-04-28T00:00:00.000Z,80.7,89.7,115.2,115.2,121.2
איכילוב,80.7,2022-04-28T00:00:00.000Z,80.7,89.7,115.2,115.2,121.2
איכילוב,80.7,2022-04-28T00:00:00.000Z,80.7,89.7,115.2,115.2,121.2
איכילוב,80.7,2022-04-28T00:00:00.000Z,80.7,89.7,115.2,115.2,121.2
איכילוב,80.7,2022-04-28T00:00:00.000Z,80.7,89.7,115.2,115.2,121.2
איכילוב,80.7,2022-04-28T00:00:00.000Z,80.7,89.7,115.2,115.2,121.2
איכילוב,80.7,2022-04-28T00:00:00.000Z,80.7,89.7,115.2,115.2,121.2
איכילוב,80.7,2022-04-28T00:00:00.000Z,80.7,89.7,115.2,115.2,121.2
איכילוב,80.7,2022-04-28T00:00:00.000Z,80.7,89.7,115.2,115.2,121.2
איכילוב,80.7,2022-04-28T00:00:00.000Z,80.7,89.7,115.2,115.2,121.2
איכילוב,80.7,2022-04-28T00:00:00.000Z,80.7,89.7,115.2,115.2,121.2
איכילוב,80.7,2022-04-28T00:00:00.000Z,80.7,89.7,115.2,115.2,121.2
איכילוב,80.7,2022-04-28T00:00:00.000Z,80.7,89.7,115.2,115.2,121.2
איכילוב,80.7,2022-04-28T00:00:00.000Z,80.7,89.7,115.2,115.2,121.2
איכילוב,80.7,2022-04-28T00:00:00.000Z,80.7,89.7,115.2,115.2,121.2
איכילוב,80.7,2022-04-28T00:00:00.000Z,80.7,89.7,115.2,115.2,121.2
איכילוב,80.7,2022-04-28T00:00:00.000Z,80.7,89.7,115.2,115.2,121.2
איכילוב,80.7,2022-04-28T00:00:00.000Z,80.7,89.7,115.2,115.2,121.2
איכילוב,80.7,2022-04-28T00:00:00.000Z,80.7,89.7,115.2,115.2,121.2
איכילוב,80.7,2022-04-28T00:00:00.000Z,80.7,89.7,115.2,115.2,121.2
איכילוב,80.7,2022-04-28T00:00:00.000Z,80.7,89.7,115.2,115.2,121.2
איכילוב,80.7,2022-04-28T00:00:00.000Z,80.7,89.7,115.2,115.2,121.2
איכילוב,80.7,2022-04-28T00:00:00.000Z,80.7,89.7,115.2,115.2,121.2
רבין ק. השרון,52.6,2022-04-28T00:00:00.000Z,57.9,62.3,57.7,70.5,71
רבין ק. השרון,52.6,2022-04-28T00:00:00.000Z,57.1,61.2,57.7,68.7,69.8
רבין ק. השרון,52.6,2022-04-28T00:00:00.000Z,56.4,60,57.7,66.9,68.6
רבין ק. השרון,52.6,2022-04-28T00:00:00.000Z,55.6,58.9,57.7,65,67.4
רבין ק. השרון,52.6,2022-04-28T00:00:00.000Z,54.9,57.8,57.7,63.2,66.2
רבין ק. השרון,52.6,2022-04-28T00:00:00.000Z,54.1,56.6,57.7,61.4,65
רבין ק. השרון,52.6,2022-04-28T00:00:00.000Z,53.4,55.5,57.7,59.5,63.8
רבין ק. השרון,52.6,2022-04-28T00:00:00.000Z,52.6,54.4,57.7,57.7,62.7
רבין ק. השרון,52.6,2022-04-28T00:00:00.000Z,52.6,54.4,57.7,57.7,62.7
רבין ק. השרון,52.6,2022-04-28T00:00:00.000Z,52.6,54.4,57.7,57.7,62.7
רבין ק. השרון,52.6,2022-04-28T00:00:00.000Z,52.6,54.4,57.7,57.7,62.7
רבין ק. השרון,52.6,2022-04-28T00:00:00.000Z,52.6,54.4,57.7,57.7,62.7
רבין ק. השרון,52.6,2022-04-28T00:00:00.000Z,52.6,54.4,57.7,57.7,62.7
רבין ק. השרון,52.6,2022-04-28T00:00:00.000Z,52.6,54.4,57.7,57.7,62.7
רבין ק. השרון,52.6,2022-04-28T00:00:00.000Z,52.6,54.4,57.7,57.7,62.7
רבין ק. השרון,52.6,2022-04-28T00:00:00.000Z,52.6,54.4,57.7,57.7,62.7
רבין ק. השרון,52.6,2022-04-28T00:00:00.000Z,52.6,54.4,57.7,57.7,62.7
רבין ק. השרון,52.6,2022-04-28T00:00:00.000Z,52.6,54.4,57.7,57.7,62.7
רבין ק. השרון,52.6,2022-04-28T00:00:00.000Z,52.6,54.4,57.7,57.7,62.7
רבין ק. השרון,52.6,2022-04-28T00:00:00.000Z,52.6,54.4,57.7,57.7,62.7
רבין ק. השרון,52.6,2022-04-28T00:00:00.000Z,52.6,54.4,57.7,57.7,62.7
רבין ק. השרון,52.6,2022-04-28T00:00:00.000Z,52.6,54.4,57.7,57.7,62.7
רבין ק. השרון,52.6,2022-04-28T00:00:00.000Z,52.6,54.4,57.7,57.7,62.7
רבין ק. השרון,52.6,2022-04-28T00:00:00.000Z,52.6,54.4,57.7,57.7,62.7
רבין ק. השרון,52.6,2022-04-28T00:00:00.000Z,52.6,54.4,57.7,57.7,62.7
רבין ק. השרון,52.6,2022-04-28T00:00:00.000Z,52.6,54.4,57.7,57.7,62.7
רבין ק. השרון,52.6,2022-04-28T00:00:00.000Z,52.6,54.4,57.7,57.7,62.7
רבין ק. השרון,52.6,2022-04-28T00:00:00.000Z,52.6,54.4,57.7,57.7,62.7
רבין ק. השרון,52.6,2022-04-28T00:00:00.000Z,52.6,54.4,57.7,57.7,62.7
רבין ק. השרון,52.6,2022-04-28T00:00:00.000Z,52.6,54.4,57.7,57.7,62.7
רבין ק. השרון,52.6,2022-04-28T00:00:00.000Z,52.6,54.4,57.7,57.7,62.7
רבין ק. השרון,52.6,2022-04-28T00:00:00.000Z,52.6,54.4,57.7,57.7,62.7
רבין ק. השרון,52.6,2022-04-28T00:00:00.000Z,52.6,54.4,57.7,57.7,62.7
רבין ק. השרון,52.6,2022-04-28T00:00:00.000Z,52.6,54.4,57.7,57.7,62.7
רבין ק. השרון,52.6,2022-04-28T00:00:00.000Z,52.6,54.4,57.7,57.7,62.7
רבין ק. השרון,52.6,2022-04-28T00:00:00.000Z,52.6,54.4,57.7,57.7,62.7
רבין ק. השרון,52.6,2022-04-28T00:00:00.000Z,52.6,54.4,57.7,57.7,62.7
רבין ק. השרון,52.6,2022-04-28T00:00:00.000Z,52.6,54.4,57.7,57.7,62.7
רבין ק. השרון,52.6,2022-04-28T00:00:00.000Z,52.6,54.4,57.7,57.7,62.7
רבין ק. השרון,52.6,2022-04-28T00:00:00.000Z,52.6,54.4,57.7,57.7,62.7
רבין ק. השרון,52.6,2022-04-28T00:00:00.000Z,52.6,54.4,57.7,57.7,62.7
רבין ק. השרון,52.6,2022-04-28T00:00:00.000Z,52.6,54.4,57.7,57.7,62.7
רבין ק. השרון,52.6,2022-04-28T00:00:00.000Z,52.6,54.4,57.7,57.7,62.7
רבין ק. השרון,52.6,2022-04-28T00:00:00.000Z,52.6,54.4,57.7,57.7,62.7
רבין ק. השרון,52.6,2022-04-28T00:00:00.000Z,52.6,54.4,57.7,57.7,62.7
רבין ק. השרון,52.6,2022-04-28T00:00:00.000Z,52.6,54.4,57.7,57.7,62.7
רבין ק. השרון,52.6,2022-04-28T00:00:00.000Z,52.6,54.4,57.7,57.7,62.7
רבין ק. השרון,52.6,2022-04-28T00:00:00.000Z,52.6,54.4,57.7,57.7,62.7
רבין ק. השרון,52.6,2022-04-28T00:00:00.000Z,52.6,54.4,57.7,57.7,62.7
רבין ק. השרון,52.6,2022-04-28T00:00:00.000Z,52.6,54.4,57.7,57.7,62.7
רבין ק. השרון,52.6,2022-04-28T00:00:00.000Z,52.6,54.4,57.7,57.7,62.7
רבין ק. השרון,52.6,2022-04-28T00:00:00.000Z,52.6,54.4,57.7,57.7,62.7
רבין ק. השרון,52.6,2022-04-28T00:00:00.000Z,52.6,54.4,57.7,57.7,62.7
רבין ק. השרון,52.6,2022-04-28T00:00:00.000Z,52.6,54.4,57.7,57.7,62.7
רבין ק. השרון,52.6,2022-04-28T00:00:00.000Z,52.6,54.4,57.7,57.7,62.7
רבין ק. השרון,52.6,2022-04-28T00:00:00.000Z,52.6,54.4,57.7,57.7,62.7
רבין ק. השרון,52.6,2022-04-28T00:00:00.000Z,52.6,54.4,57.7,57.7,62.7
רבין ק. השרון,52.6,2022-04-28T00:00:00.000Z,52.6,54.4,57.7,57.7,62.7
רבין ק. השרון,52.6,2022-04-28T00:00:00.000Z,52.6,54.4,57.7,57.7,62.7
רבין ק. השרון,52.6,2022-04-28T00:00:00.000Z,52.6,54.4,57.7,57.7,62.7
רבין ק. השרון,52.6,2022-04-28T00:00:00.000Z,52.6,54.4,57.7,57.7,62.7
רבין ק. השרון,52.6,2022-04-28T00:00:00.000Z,52.6,54.4,57.7,57.7,62.7
רבין ק. השרון,52.6,2022-04-28T00:00:00.000Z,52.6,54.4,57.7,57.7,62.7
רבין ק. השרון,52.6,2022-04-28T00:00:00.000Z,52.6,54.4,57.7,57.7,62.7
רבין ק. השרון,52.6,2022-04-28T00:00:00.000Z,52.6,54.4,57.7,57.7,62.7
רבין ק. השרון,52.6,2022-04-28T00:00:00.000Z,52.6,54.4,57.7,57.7,62.7
רבין ק. השרון,52.6,2022-04-28T00:00:00.000Z,52.6,54.4,57.7,57.7,62.7
רבין ק. השרון,52.6,2022-04-28T00:00:00.000Z,52.6,54.4,57.7,57.7,62.7
רבין ק. השרון,52.6,2022-04-28T00:00:00.000Z,52.6,54.4,57.7,57.7,62.7
רבין ק. השרון,52.6,2022-04-28T00:00:00.000Z,52.6,54.4,57.7,57.7,62.7
רבין ק. השרון,52.6,2022-04-28T00:00:00.000Z,52.6,54.4,57.7,57.7,62.7
רבין ק. השרון,52.6,2022-04-28T00:00:00.000Z,52.6,54.4,57.7,57.7,62.7
רבין ק. השרון,52.6,2022-04-28T00:00:00.000Z,52.6,54.4,57.7,57.7,62.7
רבין ק. השרון,52.6,2022-04-28T00:00:00.000Z,52.6,54.4,57.7,57.7,62.7
רבין ק. השרון,52.6,2022-04-28T00:00:00.000Z,52.6,54.4,57.7,57.7,62.7
רבין ק. השרון,52.6,2022-04-28T00:00:00.000Z,52.6,54.4,57.7,57.7,62.7
רבין ק. השרון,52.6,2022-04-28T00:00:00.000Z,52.6,54.4,57.7,57.7,62.7
רבין ק. השרון,52.6,2022-04-28T00:00:00.000Z,52.6,54.4,57.7,57.7,62.7
רבין ק. השרון,52.6,2022-04-28T00:00:00.000Z,52.6,54.4,57.7,57.7,62.7
רבין ק. השרון,52.6,2022-04-28T00:00:00.000Z,52.6,54.4,57.7,57.7,62.7
רבין ק. השרון,52.6,2022-04-28T00:00:00.000Z,52.6,54.4,57.7,57.7,62.7
רבין ק. השרון,52.6,2022-04-28T00:00:00.000Z,52.6,54.4,57.7,57.7,62.7
רבין ק. השרון,52.6,2022-04-28T00:00:00.000Z,52.6,54.4,57.7,57.7,62.7
רבין ק. השרון,52.6,2022-04-28T00:00:00.000Z,52.6,54.4,57.7,57.7,62.7
רבין ק. השרון,52.6,2022-04-28T00:00:00.000Z,52.6,54.4,57.7,57.7,62.7
רבין ק. השרון,52.6,2022-04-28T00:00:00.000Z,52.6,54.4,57.7,57.7,62.7
רבין ק. השרון,52.6,2022-04-28T00:00:00.000Z,52.6,54.4,57.7,57.7,62.7
רבין ק. השרון,52.6,2022-04-28T00:00:00.000Z,52.6,54.4,57.7,57.7,62.7
רבין ק. השרון,52.6,2022-04-28T00:00:00.000Z,52.6,54.4,57.7,57.7,62.7
רבין ק. השרון,52.6,2022-04-28T00:00:00.000Z,52.6,54.4,57.7,57.7,62.7
רבין ק. השרון,52.6,2022-04-28T00:00:00.000Z,52.6,54.4,57.7,57.7,62.7
רבין ק. השרון,52.6,2022-04-28T00:00:00.000Z,52.6,54.4,57.7,57.7,62.7
רבין ק. השרון,52.6,2022-04-28T00:00:00.000Z,52.6,54.4,57.7,57.7,62.7
רבין ק. השרון,52.6,2022-04-28T00:00:00.000Z,52.6,54.4,57.7,57.7,62.7
רבין ק. השרון,52.6,2022-04-28T00:00:00.000Z,52.6,54.4,57.7,57.7,62.7
רבין ק. השרון,52.6,2022-04-28T00:00:00.000Z,52.6,54.4,57.7,57.7,62.7
רבין ק. השרון,52.6,2022-04-28T00:00:00.000Z,52.6,54.4,57.7,57.7,62.7
רבין ק. השרון,52.6,2022-04-28T00:00:00.000Z,52.6,54.4,57.7,57.7,62.7
רבין ק. השרון,52.6,2022-04-28T00:00:00.000Z,52.6,54.4,57.7,57.7,62.7
רבין ק. השרון,52.6,2022-04-28T00:00:00.000Z,52.6,54.4,57.7,57.7,62.7
רבין ק. השרון,52.6,2022-04-28T00:00:00.000Z,52.6,54.4,57.7,57.7,62.7
רבין ק. השרון,52.6,2022-04-28T00:00:00.000Z,52.6,54.4,57.7,57.7,62.7
רבין ק. השרון,52.6,2022-04-28T00:00:00.000Z,52.6,54.4,57.7,57.7,62.7
רבין ק. השרון,52.6,2022-04-28T00:00:00.000Z,52.6,54.4,57.7,57.7,62.7
רבין ק. השרון,52.6,2022-04-28T00:00:00.000Z,52.6,54.4,57.7,57.7,62.7
רבין ק. השרון,52.6,2022-04-28T00:00:00.000Z,52.6,54.4,57.7,57.7,62.7
רבין ק. השרון,52.6,2022-04-28T00:00:00.000Z,52.6,54.4,57.7,57.7,62.7
רבין ק. השרון,52.6,2022-04-28T00:00:00.000Z,52.6,54.4,57.7,57.7,62.7
רבין ק. השרון,52.6,2022-04-28T00:00:00.000Z,52.6,54.4,57.7,57.7,62.7
רבין ק. השרון,52.6,2022-04-28T00:00:00.000Z,52.6,54.4,57.7,57.7,62.7
רבין ק. השרון,52.6,2022-04-28T00:00:00.000Z,52.6,54.4,57.7,57.7,62.7
רבין ק. השרון,52.6,2022-04-28T00:00:00.000Z,52.6,54.4,57.7,57.7,62.7
רבין ק. השרון,52.6,2022-04-28T00:00:00.000Z,52.6,54.4,57.7,57.7,62.7
רבין ק. השרון,52.6,2022-04-28T00:00:00.000Z,52.6,54.4,57.7,57.7,62.7
רבין ק. השרון,52.6,2022-04-28T00:00:00.000Z,52.6,54.4,57.7,57.7,62.7
רבין ק. השרון,52.6,2022-04-28T00:00:00.000Z,52.6,54.4,57.7,57.7,62.7
רבין ק. השרון,52.6,2022-04-28T00:00:00.000Z,52.6,54.4,57.7,57.7,62.7
רבין ק. השרון,52.6,2022-04-28T00:00:00.000Z,52.6,54.4,57.7,57.7,62.7
רבין ק. השרון,52.6,2022-04-28T00:00:00.000Z,52.6,54.4,57.7,57.7,62.7
רבין ק. השרון,52.6,2022-04-28T00:00:00.000Z,52.6,54.4,57.7,57.7,62.7
רבין ק. השרון,52.6,2022-04-28T00:00:00.000Z,52.6,54.4,57.7,57.7,62.7
רבין ק. השרון,52.6,2022-04-28T00:00:00.000Z,52.6,54.4,57.7,57.7,62.7
רבין ק. השרון,52.6,2022-04-28T00:00:00.000Z,52.6,54.4,57.7,57.7,62.7
רבין ק. השרון,52.6,2022-04-28T00:00:00.000Z,52.6,54.4,57.7,57.7,62.7
רבין ק. השרון,52.6,2022-04-28T00:00:00.000Z,52.6,54.4,57.7,57.7,62.7
רבין ק. השרון,52.6,2022-04-28T00:00:00.000Z,52.6,54.4,57.7,57.7,62.7
רבין ק. השרון,52.6,2022-04-28T00:00:00.000Z,52.6,54.4,57.7,57.7,62.7
רבין ק. השרון,52.6,2022-04-28T00:00:00.000Z,52.6,54.4,57.7,57.7,62.7
רבין ק. השרון,52.6,2022-04-28T00:00:00.000Z,52.6,54.4,57.7,57.7,62.7
רבין ק. השרון,52.6,2022-04-28T00:00:00.000Z,52.6,54.4,57.7,57.7,62.7
רבין ק. השרון,52.6,2022-04-28T00:00:00.000Z,52.6,54.4,57.7,57.7,62.7
רבין ק. השרון,52.6,2022-04-28T00:00:00.000Z,52.6,54.4,57.7,57.7,62.7
רבין ק. השרון,52.6,2022-04-28T00:00:00.000Z,52.6,54.4,57.7,57.7,62.7
רבין ק. השרון,52.6,2022-04-28T00:00:00.000Z,52.6,54.4,57.7,57.7,62.7
רבין ק. השרון,52.6,2022-04-28T00:00:00.000Z,52.6,54.4,57.7,57.7,62.7
רבין ק. השרון,52.6,2022-04-28T00:00:00.000Z,52.6,54.4,57.7,57.7,62.7
רבין ק. השרון,52.6,2022-04-28T00:00:00.000Z,52.6,54.4,57.7,57.7,62.7
רבין ק. השרון,52.6,2022-04-28T00:00:00.000Z,52.6,54.4,57.7,57.7,62.7
רבין ק. השרון,52.6,2022-04-28T00:00:00.000Z,52.6,54.4,57.7,57.7,62.7
רבין ק. השרון,52.6,2022-04-28T00:00:00.000Z,52.6,54.4,57.7,57.7,62.7
רבין ק. השרון,52.6,2022-04-28T00:00:00.000Z,52.6,54.4,57.7,57.7,62.7
רבין ק. השרון,52.6,2022-04-28T00:00:00.000Z,52.6,54.4,57.7,57.7,62.7
רבין ק. השרון,52.6,2022-04-28T00:00:00.000Z,52.6,54.4,57.7,57.7,62.7
רבין ק. השרון,52.6,2022-04-28T00:00:00.000Z,52.6,54.4,57.7,57.7,62.7
רבין ק. השרון,52.6,2022-04-28T00:00:00.000Z,52.6,54.4,57.7,57.7,62.7
רבין ק. השרון,52.6,2022-04-28T00:00:00.000Z,52.6,54.4,57.7,57.7,62.7
רבין ק. השרון,52.6,2022-04-28T00:00:00.000Z,52.6,54.4,57.7,57.7,62.7
רבין ק. השרון,52.6,2022-04-28T00:00:00.000Z,52.6,54.4,57.7,57.7,62.7
רבין ק. השרון,52.6,2022-04-28T00:00:00.000Z,52.6,54.4,57.7,57.7,62.7
רבין ק. השרון,52.6,2022-04-28T00:00:00.000Z,52.6,54.4,57.7,57.7,62.7
רבין ק. השרון,52.6,2022-04-28T00:00:00.000Z,52.6,54.4,57.7,57.7,62.7
רבין ק. השרון,52.6,2022-04-28T00:00:00.000Z,52.6,54.4,57.7,57.7,62.7
רבין ק. השרון,52.6,2022-04-28T00:00:00.000Z,52.6,54.4,57.7,57.7,62.7
רבין ק. השרון,52.6,2022-04-28T00:00:00.000Z,52.6,54.4,57.7,57.7,62.7
רבין ק. השרון,52.6,2022-04-28T00:00:00.000Z,52.6,54.4,57.7,57.7,62.7
רבין ק. השרון,52.6,2022-04-28T00:00:00.000Z,52.6,54.4,57.7,57.7,62.7
רבין ק. השרון,52.6,2022-04-28T00:00:00.000Z,52.6,54.4,57.7,57.7,62.7
רבין ק. השרון,52.6,2022-04-28T00:00:00.000Z,52.6,54.4,57.7,57.7,62.7
רבין ק. השרון,52.6,2022-04-28T00:00:00.000Z,52.6,54.4,57.7,57.7,62.7
רבין ק. השרון,52.6,2022-04-28T00:00:00.000Z,52.6,54.4,57.7,57.7,62.7
רבין ק. השרון,52.6,2022-04-28T00:00:00.000Z,52.6,54.4,57.7,57.7,62.7
רבין ק. השרון,52.6,2022-04-28T00:00:00.000Z,52.6,54.4,57.7,57.7,62.7
רבין ק. השרון,52.6,2022-04-28T00:00:00.000Z,52.6,54.4,57.7,57.7,62.7
רבין ק. השרון,52.6,2022-04-28T00:00:00.000Z,52.6,54.4,57.7,57.7,62.7
רבין ק. השרון,52.6,2022-04-28T00:00:00.000Z,52.6,54.4,57.7,57.7,62.7
רבין ק. השרון,52.6,2022-04-28T00:00:00.000Z,52.6,54.4,57.7,57.7,62.7
רבין ק. השרון,52.6,2022-04-28T00:00:00.000Z,52.6,54.4,57.7,57.7,62.7
רבין ק. השרון,52.6,2022-04-28T00:00:00.000Z,52.6,54.4,57.7,57.7,62.7
רבין ק. השרון,52.6,2022-04-28T00:00:00.000Z,52.6,54.4,57.7,57.7,62.7
רבין ק. השרון,52.6,2022-04-28T00:00:00.000Z,52.6,54.4,57.7,57.7,62.7
רבין ק. השרון,52.6,2022-04-28T00:00:00.000Z,52.6,54.4,57.7,57.7,62.7
רבין ק. השרון,52.6,2022-04-28T00:00:00.000Z,52.6,54.4,57.7,57.7,62.7
רבין ק. השרון,52.6,2022-04-28T00:00:00.000Z,52.6,54.4,57.7,57.7,62.7
רבין ק. השרון,52.6,2022-04-28T00:00:00.000Z,52.6,54.4,57.7,57.7,62.7
רבין ק. השרון,52.6,2022-04-28T00:00:00.000Z,52.6,54.4,57.7,57.7,62.7
רבין ק. השרון,52.6,2022-04-28T00:00:00.000Z,52.6,54.4,57.7,57.7,62.7
רבין ק. השרון,52.6,2022-04-28T00:00:00.000Z,52.6,54.4,57.7,57.7,62.7
רבין ק. השרון,52.6,2022-04-28T00:00:00.000Z,52.6,54.4,57.7,57.7,62.7
רבין ק. השרון,52.6,2022-04-28T00:00:00.000Z,52.6,54.4,57.7,57.7,62.7
רבין ק. השרון,52.6,2022-04-28T00:00:00.000Z,52.6,54.4,57.7,57.7,62.7
רבין ק. השרון,52.6,2022-04-28T00:00:00.000Z,52.6,54.4,57.7,57.7,62.7
רבין ק. השרון,52.6,2022-04-28T00:00:00.000Z,52.6,54.4,57.7,57.7,62.7
רבין ק. השרון,52.6,2022-04-28T00:00:00.000Z,52.6,54.4,57.7,57.7,62.7
רבין ק. השרון,52.6,2022-04-28T00:00:00.000Z,52.6,54.4,57.7,57.7,62.7
רבין ק. השרון,52.6,2022-04-28T00:00:00.000Z,52.6,54.4,57.7,57.7,62.7
רבין ק. השרון,52.6,2022-04-28T00:00:00.000Z,52.6,54.4,57.7,57.7,62.7
רבין ק. השרון,52.6,2022-04-28T00:00:00.000Z,52.6,54.4,57.7,57.7,62.7
רבין ק. השרון,52.6,2022-04-28T00:00:00.000Z,52.6,54.4,57.7,57.7,62.7
רבין ק. השרון,52.6,2022-04-28T00:00:00.000Z,52.6,54.4,57.7,57.7,62.7
רבין ק. השרון,52.6,2022-04-28T00:00:00.000Z,52.6,54.4,57.7,57.7,62.7
רבין ק. השרון,52.6,2022-04-28T00:00:00.000Z,52.6,54.4,57.7,57.7,62.7
רבין ק. השרון,52.6,2022-04-28T00:00:00.000Z,52.6,54.4,57.7,57.7,62.7
רבין ק. השרון,52.6,2022-04-28T00:00:00.000Z,52.6,54.4,57.7,57.7,62.7
המרכזי בעמק,99.4,2022-04-28T00:00:00.000Z,98.1,101.9,68.9,71.3,76.9
המרכזי בעמק,99.4,2022-04-28T00:00:00.000Z,98.2,101.1,68.9,71,76.9
המרכזי בעמק,99.4,2022-04-28T00:00:00.000Z,98.4,100.3,68.9,70.6,76.9
המרכזי בעמק,99.4,2022-04-28T00:00:00.000Z,98.6,99.4,68.9,70.3,77
המרכזי בעמק,99.4,2022-04-28T00:00:00.000Z,98.8,98.6,68.9,69.9,77
המרכזי בעמק,99.4,2022-04-28T00:00:00.000Z,99,97.8,68.9,69.6,77
המרכזי בעמק,99.4,2022-04-28T00:00:00.000Z,99.2,97,68.9,69.2,77
המרכזי בעמק,99.4,2022-04-28T00:00:00.000Z,99.4,96.1,68.9,68.9,77.1
המרכזי בעמק,99.4,2022-04-28T00:00:00.000Z,99.4,96.1,68.9,68.9,77.1
המרכזי בעמק,99.4,2022-04-28T00:00:00.000Z,99.4,96.1,68.9,68.9,77.1
המרכזי בעמק,99.4,2022-04-28T00:00:00.000Z,99.4,96.1,68.9,68.9,77.1
המרכזי בעמק,99.4,2022-04-28T00:00:00.000Z,99.4,96.1,68.9,68.9,77.1
המרכזי בעמק,99.4,2022-04-28T00:00:00.000Z,99.4,96.1,68.9,68.9,77.1
המרכזי בעמק,99.4,2022-04-28T00:00:00.000Z,99.4,96.1,68.9,68.9,77.1
המרכזי בעמק,99.4,2022-04-28T00:00:00.000Z,99.4,96.1,68.9,68.9,77.1
המרכזי בעמק,99.4,2022-04-28T00:00:00.000Z,99.4,96.1,68.9,68.9,77.1
המרכזי בעמק,99.4,2022-04-28T00:00:00.000Z,99.4,96.1,68.9,68.9,77.1
המרכזי בעמק,99.4,2022-04-28T00:00:00.000Z,99.4,96.1,68.9,68.9,77.1
המרכזי בעמק,99.4,2022-04-28T00:00:00.000Z,99.4,96.1,68.9,68.9,77.1
המרכזי בעמק,99.4,2022-04-28T00:00:00.000Z,99.4,96.1,68.9,68.9,77.1
המרכזי בעמק,99.4,2022-04-28T00:00:00.000Z,99.4,96.1,68.9,68.9,77.1
המרכזי בעמק,99.4,2022-04-28T00:00:00.000Z,99.4,96.1,68.9,68.9,77.1
המרכזי בעמק,99.4,2022-04-28T00:00:00.000Z,99.4,96.1,68.9,68.9,77.1
המרכזי בעמק,99.4,2022-04-28T00:00:00.000Z,99.4,96.1,68.9,68.9,77.1
המרכזי בעמק,99.4,2022-04-28T00:00:00.000Z,99.4,96.1,68.9,68.9,77.1
המרכזי בעמק,99.4,2022-04-28T00:00:00.000Z,99.4,96.1,68.9,68.9,77.1
המרכזי בעמק,99.4,2022-04-28T00:00:00.000Z,99.4,96.1,68.9,68.9,77.1
המרכזי בעמק,99.4,2022-04-28T00:00:00.000Z,99.4,96.1,68.9,68.9,77.1
המרכזי בעמק,99.4,2022-04-28T00:00:00.000Z,99.4,96.1,68.9,68.9,77.1
המרכזי בעמק,99.4,2022-04-28T00:00:00.000Z,99.4,96.1,68.9,68.9,77.1
המרכזי בעמק,99.4,2022-04-28T00:00:00.000Z,99.4,96.1,68.9,68.9,77.1
המרכזי בעמק,99.4,2022-04-28T00:00:00.000Z,99.4,96.1,68.9,68.9,77.1
המרכזי בעמק,99.4,2022-04-28T00:00:00.000Z,99.4,96.1,68.9,68.9,77.1
המרכזי בעמק,99.4,2022-04-28T00:00:00.000Z,99.4,96.1,68.9,68.9,77.1
המרכזי בעמק,99.4,2022-04-28T00:00:00.000Z,99.4,96.1,68.9,68.9,77.1
המרכזי בעמק,99.4,2022-04-28T00:00:00.000Z,99.4,96.1,68.9,68.9,77.1
המרכזי בעמק,99.4,2022-04-28T00:00:00.000Z,99.4,96.1,68.9,68.9,77.1
המרכזי בעמק,99.4,2022-04-28T00:00:00.000Z,99.4,96.1,68.9,68.9,77.1
המרכזי בעמק,99.4,2022-04-28T00:00:00.000Z,99.4,96.1,68.9,68.9,77.1
המרכזי בעמק,99.4,2022-04-28T00:00:00.000Z,99.4,96.1,68.9,68.9,77.1
המרכזי בעמק,99.4,2022-04-28T00:00:00.000Z,99.4,96.1,68.9,68.9,77.1
המרכזי בעמק,99.4,2022-04-28T00:00:00.000Z,99.4,96.1,68.9,68.9,77.1
המרכזי בעמק,99.4,2022-04-28T00:00:00.000Z,99.4,96.1,68.9,68.9,77.1
המרכזי בעמק,99.4,2022-04-28T00:00:00.000Z,99.4,96.1,68.9,68.9,77.1
המרכזי בעמק,99.4,2022-04-28T00:00:00.000Z,99.4,96.1,68.9,68.9,77.1
המרכזי בעמק,99.4,2022-04-28T00:00:00.000Z,99.4,96.1,68.9,68.9,77.1
המרכזי בעמק,99.4,2022-04-28T00:00:00.000Z,99.4,96.1,68.9,68.9,77.1
המרכזי בעמק,99.4,2022-04-28T00:00:00.000Z,99.4,96.1,68.9,68.9,77.1
המרכזי בעמק,99.4,2022-04-28T00:00:00.000Z,99.4,96.1,68.9,68.9,77.1
המרכזי בעמק,99.4,2022-04-28T00:00:00.000Z,99.4,96.1,68.9,68.9,77.1
המרכזי בעמק,99.4,2022-04-28T00:00:00.000Z,99.4,96.1,68.9,68.9,77.1
המרכזי בעמק,99.4,2022-04-28T00:00:00.000Z,99.4,96.1,68.9,68.9,77.1
המרכזי בעמק,99.4,2022-04-28T00:00:00.000Z,99.4,96.1,68.9,68.9,77.1
המרכזי בעמק,99.4,2022-04-28T00:00:00.000Z,99.4,96.1,68.9,68.9,77.1
המרכזי בעמק,99.4,2022-04-28T00:00:00.000Z,99.4,96.1,68.9,68.9,77.1
המרכזי בעמק,99.4,2022-04-28T00:00:00.000Z,99.4,96.1,68.9,68.9,77.1
המרכזי בעמק,99.4,2022-04-28T00:00:00.000Z,99.4,96.1,68.9,68.9,77.1
המרכזי בעמק,99.4,2022-04-28T00:00:00.000Z,99.4,96.1,68.9,68.9,77.1
המרכזי בעמק,99.4,2022-04-28T00:00:00.000Z,99.4,96.1,68.9,68.9,77.1
המרכזי בעמק,99.4,2022-04-28T00:00:00.000Z,99.4,96.1,68.9,68.9,77.1
המרכזי בעמק,99.4,2022-04-28T00:00:00.000Z,99.4,96.1,68.9,68.9,77.1
המרכזי בעמק,99.4,2022-04-28T00:00:00.000Z,99.4,96.1,68.9,68.9,77.1
המרכזי בעמק,99.4,2022-04-28T00:00:00.000Z,99.4,96.1,68.9,68.9,77.1
המרכזי בעמק,99.4,2022-04-28T00:00:00.000Z,99.4,96.1,68.9,68.9,77.1
המרכזי בעמק,99.4,2022-04-28T00:00:00.000Z,99.4,96.1,68.9,68.9,77.1
המרכזי בעמק,99.4,2022-04-28T00:00:00.000Z,99.4,96.1,68.9,68.9,77.1
המרכזי בעמק,99.4,2022-04-28T00:00:00.000Z,99.4,96.1,68.9,68.9,77.1
המרכזי בעמק,99.4,2022-04-28T00:00:00.000Z,99.4,96.1,68.9,68.9,77.1
המרכזי בעמק,99.4,2022-04-28T00:00:00.000Z,99.4,96.1,68.9,68.9,77.1
המרכזי בעמק,99.4,2022-04-28T00:00:00.000Z,99.4,96.1,68.9,68.9,77.1
המרכזי בעמק,99.4,2022-04-28T00:00:00.000Z,99.4,96.1,68.9,68.9,77.1
המרכזי בעמק,99.4,2022-04-28T00:00:00.000Z,99.4,96.1,68.9,68.9,77.1
המרכזי בעמק,99.4,2022-04-28T00:00:00.000Z,99.4,96.1,68.9,68.9,77.1
המרכזי בעמק,99.4,2022-04-28T00:00:00.000Z,99.4,96.1,68.9,68.9,77.1
המרכזי בעמק,99.4,2022-04-28T00:00:00.000Z,99.4,96.1,68.9,68.9,77.1
המרכזי בעמק,99.4,2022-04-28T00:00:00.000Z,99.4,96.1,68.9,68.9,77.1
המרכזי בעמק,99.4,2022-04-28T00:00:00.000Z,99.4,96.1,68.9,68.9,77.1
המרכזי בעמק,99.4,2022-04-28T00:00:00.000Z,99.4,96.1,68.9,68.9,77.1
המרכזי בעמק,99.4,2022-04-28T00:00:00.000Z,99.4,96.1,68.9,68.9,77.1
המרכזי בעמק,99.4,2022-04-28T00:00:00.000Z,99.4,96.1,68.9,68.9,77.1
המרכזי בעמק,99.4,2022-04-28T00:00:00.000Z,99.4,96.1,68.9,68.9,77.1
המרכזי בעמק,99.4,2022-04-28T00:00:00.000Z,99.4,96.1,68.9,68.9,77.1
המרכזי בעמק,99.4,2022-04-28T00:00:00.000Z,99.4,96.1,68.9,68.9,77.1
המרכזי בעמק,99.4,2022-04-28T00:00:00.000Z,99.4,96.1,68.9,68.9,77.1
המרכזי בעמק,99.4,2022-04-28T00:00:00.000Z,99.4,96.1,68.9,68.9,77.1
המרכזי בעמק,99.4,2022-04-28T00:00:00.000Z,99.4,96.1,68.9,68.9,77.1
המרכזי בעמק,99.4,2022-04-28T00:00:00.000Z,99.4,96.1,68.9,68.9,77.1
המרכזי בעמק,99.4,2022-04-28T00:00:00.000Z,99.4,96.1,68.9,68.9,77.1
המרכזי בעמק,99.4,2022-04-28T00:00:00.000Z,99.4,96.1,68.9,68.9,77.1
המרכזי בעמק,99.4,2022-04-28T00:00:00.000Z,99.4,96.1,68.9,68.9,77.1
המרכזי בעמק,99.4,2022-04-28T00:00:00.000Z,99.4,96.1,68.9,68.9,77.1
המרכזי בעמק,99.4,2022-04-28T00:00:00.000Z,99.4,96.1,68.9,68.9,77.1
המרכזי בעמק,99.4,2022-04-28T00:00:00.000Z,99.4,96.1,68.9,68.9,77.1
המרכזי בעמק,99.4,2022-04-28T00:00:00.000Z,99.4,96.1,68.9,68.9,77.1
המרכזי בעמק,99.4,2022-04-28T00:00:00.000Z,99.4,96.1,68.9,68.9,77.1
המרכזי בעמק,99.4,2022-04-28T00:00:00.000Z,99.4,96.1,68.9,68.9,77.1
המרכזי בעמק,99.4,2022-04-28T00:00:00.000Z,99.4,96.1,68.9,68.9,77.1
המרכזי בעמק,99.4,2022-04-28T00:00:00.000Z,99.4,96.1,68.9,68.9,77.1
המרכזי בעמק,99.4,2022-04-28T00:00:00.000Z,99.4,96.1,68.9,68.9,77.1
המרכזי בעמק,99.4,2022-04-28T00:00:00.000Z,99.4,96.1,68.9,68.9,77.1
המרכזי בעמק,99.4,2022-04-28T00:00:00.000Z,99.4,96.1,68.9,68.9,77.1
המרכזי בעמק,99.4,2022-04-28T00:00:00.000Z,99.4,96.1,68.9,68.9,77.1
המרכזי בעמק,99.4,2022-04-28T00:00:00.000Z,99.4,96.1,68.9,68.9,77.1
המרכזי בעמק,99.4,2022-04-28T00:00:00.000Z,99.4,96.1,68.9,68.9,77.1
המרכזי בעמק,99.4,2022-04-28T00:00:00.000Z,99.4,96.1,68.9,68.9,77.1
המרכזי בעמק,99.4,2022-04-28T00:00:00.000Z,99.4,96.1,68.9,68.9,77.1
המרכזי בעמק,99.4,2022-04-28T00:00:00.000Z,99.4,96.1,68.9,68.9,77.1
המרכזי בעמק,99.4,2022-04-28T00:00:00.000Z,99.4,96.1,68.9,68.9,77.1
המרכזי בעמק,99.4,2022-04-28T00:00:00.000Z,99.4,96.1,68.9,68.9,77.1
המרכזי בעמק,99.4,2022-04-28T00:00:00.000Z,99.4,96.1,68.9,68.9,77.1
המרכזי בעמק,99.4,2022-04-28T00:00:00.000Z,99.4,96.1,68.9,68.9,77.1
המרכזי בעמק,99.4,2022-04-28T00:00:00.000Z,99.4,96.1,68.9,68.9,77.1
המרכזי בעמק,99.4,2022-04-28T00:00:00.000Z,99.4,96.1,68.9,68.9,77.1
המרכזי בעמק,99.4,2022-04-28T00:00:00.000Z,99.4,96.1,68.9,68.9,77.1
המרכזי בעמק,99.4,2022-04-28T00:00:00.000Z,99.4,96.1,68.9,68.9,77.1
המרכזי בעמק,99.4,2022-04-28T00:00:00.000Z,99.4,96.1,68.9,68.9,77.1
המרכזי בעמק,99.4,2022-04-28T00:00:00.000Z,99.4,96.1,68.9,68.9,77.1
המרכזי בעמק,99.4,2022-04-28T00:00:00.000Z,99.4,96.1,68.9,68.9,77.1
המרכזי בעמק,99.4,2022-04-28T00:00:00.000Z,99.4,96.1,68.9,68.9,77.1
המרכזי בעמק,99.4,2022-04-28T00:00:00.000Z,99.4,96.1,68.9,68.9,77.1
המרכזי בעמק,99.4,2022-04-28T00:00:00.000Z,99.4,96.1,68.9,68.9,77.1
המרכזי בעמק,99.4,2022-04-28T00:00:00.000Z,99.4,96.1,68.9,68.9,77.1
המרכזי בעמק,99.4,2022-04-28T00:00:00.000Z,99.4,96.1,68.9,68.9,77.1
המרכזי בעמק,99.4,2022-04-28T00:00:00.000Z,99.4,96.1,68.9,68.9,77.1
המרכזי בעמק,99.4,2022-04-28T00:00:00.000Z,99.4,96.1,68.9,68.9,77.1
המרכזי בעמק,99.4,2022-04-28T00:00:00.000Z,99.4,96.1,68.9,68.9,77.1
המרכזי בעמק,99.4,2022-04-28T00:00:00.000Z,99.4,96.1,68.9,68.9,77.1
המרכזי בעמק,99.4,2022-04-28T00:00:00.000Z,99.4,96.1,68.9,68.9,77.1
המרכזי בעמק,99.4,2022-04-28T00:00:00.000Z,99.4,96.1,68.9,68.9,77.1
המרכזי בעמק,99.4,2022-04-28T00:00:00.000Z,99.4,96.1,68.9,68.9,77.1
המרכזי בעמק,99.4,2022-04-28T00:00:00.000Z,99.4,96.1,68.9,68.9,77.1
המרכזי בעמק,99.4,2022-04-28T00:00:00.000Z,99.4,96.1,68.9,68.9,77.1
המרכזי בעמק,99.4,2022-04-28T00:00:00.000Z,99.4,96.1,68.9,68.9,77.1
המרכזי בעמק,99.4,2022-04-28T00:00:00.000Z,99.4,96.1,68.9,68.9,77.1
המרכזי בעמק,99.4,2022-04-28T00:00:00.000Z,99.4,96.1,68.9,68.9,77.1
המרכזי בעמק,99.4,2022-04-28T00:00:00.000Z,99.4,96.1,68.9,68.9,77.1
המרכזי בעמק,99.4,2022-04-28T00:00:00.000Z,99.4,96.1,68.9,68.9,77.1
המרכזי בעמק,99.4,2022-04-28T00:00:00.000Z,99.4,96.1,68.9,68.9,77.1
המרכזי בעמק,99.4,2022-04-28T00:00:00.000Z,99.4,96.1,68.9,68.9,77.1
המרכזי בעמק,99.4,2022-04-28T00:00:00.000Z,99.4,96.1,68.9,68.9,77.1
המרכזי בעמק,99.4,2022-04-28T00:00:00.000Z,99.4,96.1,68.9,68.9,77.1
המרכזי בעמק,99.4,2022-04-28T00:00:00.000Z,99.4,96.1,68.9,68.9,77.1
המרכזי בעמק,99.4,2022-04-28T00:00:00.000Z,99.4,96.1,68.9,68.9,77.1
המרכזי בעמק,99.4,2022-04-28T00:00:00.000Z,99.4,96.1,68.9,68.9,77.1
המרכזי בעמק,99.4,2022-04-28T00:00:00.000Z,99.4,96.1,68.9,68.9,77.1
המרכזי בעמק,99.4,2022-04-28T00:00:00.000Z,99.4,96.1,68.9,68.9,77.1
המרכזי בעמק,99.4,2022-04-28T00:00:00.000Z,99.4,96.1,68.9,68.9,77.1
המרכזי בעמק,99.4,2022-04-28T00:00:00.000Z,99.4,96.1,68.9,68.9,77.1
המרכזי בעמק,99.4,2022-04-28T00:00:00.000Z,99.4,96.1,68.9,68.9,77.1
המרכזי בעמק,99.4,2022-04-28T00:00:00.000Z,99.4,96.1,68.9,68.9,77.1
המרכזי בעמק,99.4,2022-04-28T00:00:00.000Z,99.4,96.1,68.9,68.9,77.1
המרכזי בעמק,99.4,2022-04-28T00:00:00.000Z,99.4,96.1,68.9,68.9,77.1
המרכזי בעמק,99.4,2022-04-28T00:00:00.000Z,99.4,96.1,68.9,68.9,77.1
המרכזי בעמק,99.4,2022-04-28T00:00:00.000Z,99.4,96.1,68.9,68.9,77.1
המרכזי בעמק,99.4,2022-04-28T00:00:00.000Z,99.4,96.1,68.9,68.9,77.1
המרכזי בעמק,99.4,2022-04-28T00:00:00.000Z,99.4,96.1,68.9,68.9,77.1
המרכזי בעמק,99.4,2022-04-28T00:00:00.000Z,99.4,96.1,68.9,68.9,77.1
המרכזי בעמק,99.4,2022-04-28T00:00:00.000Z,99.4,96.1,68.9,68.9,77.1
המרכזי בעמק,99.4,2022-04-28T00:00:00.000Z,99.4,96.1,68.9,68.9,77.1
המרכזי בעמק,99.4,2022-04-28T00:00:00.000Z,99.4,96.1,68.9,68.9,77.1
המרכזי בעמק,99.4,2022-04-28T00:00:00.000Z,99.4,96.1,68.9,68.9,77.1
המרכזי בעמק,99.4,2022-04-28T00:00:00.000Z,99.4,96.1,68.9,68.9,77.1
המרכזי בעמק,99.4,2022-04-28T00:00:00.000Z,99.4,96.1,68.9,68.9,77.1
המרכזי בעמק,99.4,2022-04-28T00:00:00.000Z,99.4,96.1,68.9,68.9,77.1
המרכזי בעמק,99.4,2022-04-28T00:00:00.000Z,99.4,96.1,68.9,68.9,77.1
המרכזי בעמק,99.4,2022-04-28T00:00:00.000Z,99.4,96.1,68.9,68.9,77.1
המרכזי בעמק,99.4,2022-04-28T00:00:00.000Z,99.4,96.1,68.9,68.9,77.1
המרכזי בעמק,99.4,2022-04-28T00:00:00.000Z,99.4,96.1,68.9,68.9,77.1
המרכזי בעמק,99.4,2022-04-28T00:00:00.000Z,99.4,96.1,68.9,68.9,77.1
המרכזי בעמק,99.4,2022-04-28T00:00:00.000Z,99.4,96.1,68.9,68.9,77.1
המרכזי בעמק,99.4,2022-04-28T00:00:00.000Z,99.4,96.1,68.9,68.9,77.1
המרכזי בעמק,99.4,2022-04-28T00:00:00.000Z,99.4,96.1,68.9,68.9,77.1
המרכזי בעמק,99.4,2022-04-28T00:00:00.000Z,99.4,96.1,68.9,68.9,77.1
המרכזי בעמק,99.4,2022-04-28T00:00:00.000Z,99.4,96.1,68.9,68.9,77.1
המרכזי בעמק,99.4,2022-04-28T00:00:00.000Z,99.4,96.1,68.9,68.9,77.1
המרכזי בעמק,99.4,2022-04-28T00:00:00.000Z,99.4,96.1,68.9,68.9,77.1
המרכזי בעמק,99.4,2022-04-28T00:00:00.000Z,99.4,96.1,68.9,68.9,77.1
המרכזי בעמק,99.4,2022-04-28T00:00:00.000Z,99.4,96.1,68.9,68.9,77.1
המרכזי בעמק,99.4,2022-04-28T00:00:00.000Z,99.4,96.1,68.9,68.9,77.1
המרכזי בעמק,99.4,2022-04-28T00:00:00.000Z,99.4,96.1,68.9,68.9,77.1
המרכזי בעמק,99.4,2022-04-28T00:00:00.000Z,99.4,96.1,68.9,68.9,77.1
המרכזי בעמק,99.4,2022-04-28T00:00:00.000Z,99.4,96.1,68.9,68.9,77.1
המרכזי בעמק,99.4,2022-04-28T00:00:00.000Z,99.4,96.1,68.9,68.9,77.1
המרכזי בעמק,99.4,2022-04-28T00:00:00.000Z,99.4,96.1,68.9,68.9,77.1
המרכזי בעמק,99.4,2022-04-28T00:00:00.000Z,99.4,96.1,68.9,68.9,77.1
המרכזי בעמק,99.4,2022-04-28T00:00:00.000Z,99.4,96.1,68.9,68.9,77.1
המרכזי בעמק,99.4,2022-04-28T00:00:00.000Z,99.4,96.1,68.9,68.9,77.1
המרכזי בעמק,99.4,2022-04-28T00:00:00.000Z,99.4,96.1,68.9,68.9,77.1
המרכזי בעמק,99.4,2022-04-28T00:00:00.000Z,99.4,96.1,68.9,68.9,77.1
המרכזי בעמק,99.4,2022-04-28T00:00:00.000Z,99.4,96.1,68.9,68.9,77.1
המרכזי בעמק,99.4,2022-04-28T00:00:00.000Z,99.4,96.1,68.9,68.9,77.1
המרכזי בעמק,99.4,2022-04-28T00:00:00.000Z,99.4,96.1,68.9,68.9,77.1
המרכזי בעמק,99.4,2022-04-28T00:00:00.000Z,99.4,96.1,68.9,68.9,77.1
המרכזי בעמק,99.4,2022-04-28T00:00:00.000Z,99.4,96.1,68.9,68.9,77.1
המרכזי בעמק,99.4,2022-04-28T00:00:00.000Z,99.4,96.1,68.9,68.9,77.1
המרכזי בעמק,99.4,2022-04-28T00:00:00.000Z,99.4,96.1,68.9,68.9,77.1
המרכזי בעמק,99.4,2022-04-28T00:00:00.000Z,99.4,96.1,68.9,68.9,77.1
המרכזי בעמק,99.4,2022-04-28T00:00:00.000Z,99.4,96.1,68.9,68.9,77.1
המרכזי בעמק,99.4,2022-04-28T00:00:00.000Z,99.4,96.1,68.9,68.9,77.1
המרכזי בעמק,99.4,2022-04-28T00:00:00.000Z,99.4,96.1,68.9,68.9,77.1
המרכזי בעמק,99.4,2022-04-28T00:00:00.000Z,99.4,96.1,68.9,68.9,77.1
המרכזי בעמק,99.4,2022-04-28T00:00:00.000Z,99.4,96.1,68.9,68.9,77.1
המרכזי בעמק,99.4,2022-04-28T00:00:00.000Z,99.4,96.1,68.9,68.9,77.1
המרכזי בעמק,99.4,2022-04-28T00:00:00.000Z,99.4,96.1,68.9,68.9,77.1
המרכזי בעמק,99.4,2022-04-28T00:00:00.000Z,99.4,96.1,68.9,68.9,77.1
המרכזי בעמק,99.4,2022-04-28T00:00:00.000Z,99.4,96.1,68.9,68.9,77.1
המרכזי בעמק,99.4,2022-04-28T00:00:00.000Z,99.4,96.1,68.9,68.9,77.1
המרכזי בעמק,99.4,2022-04-28T00:00:00.000Z,99.4,96.1,68.9,68.9,77.1
המרכזי בעמק,99.4,2022-04-28T00:00:00.000Z,99.4,96.1,68.9,68.9,77.1
המרכזי בעמק,99.4,2022-04-28T00:00:00.000Z,99.4,96.1,68.9,68.9,77.1
המרכזי בעמק,99.4,2022-04-28T00:00:00.000Z,99.4,96.1,68.9,68.9,77.1
המרכזי בעמק,99.4,2022-04-28T00:00:00.000Z,99.4,96.1,68.9,68.9,77.1
המרכזי בעמק,99.4,2022-04-28T00:00:00.000Z,99.4,96.1,68.9,68.9,77.1
המרכזי בעמק,99.4,2022-04-28T00:00:00.000Z,99.4,96.1,68.9,68.9,77.1
המרכזי בעמק,99.4,2022-04-28T00:00:00.000Z,99.4,96.1,68.9,68.9,77.1
המרכזי בעמק,99.4,2022-04-28T00:00:00.000Z,99.4,96.1,68.9,68.9,77.1
המרכזי בעמק,99.4,2022-04-28T00:00:00.000Z,99.4,96.1,68.9,68.9,77.1
המרכזי בעמק,99.4,2022-04-28T00:00:00.000Z,99.4,96.1,68.9,68.9,77.1
המרכזי בעמק,99.4,2022-04-28T00:00:00.000Z,99.4,96.1,68.9,68.9,77.1
המרכזי בעמק,99.4,2022-04-28T00:00:00.000Z,99.4,96.1,68.9,68.9,77.1
המרכזי בעמק,99.4,2022-04-28T00:00:00.000Z,99.4,96.1,68.9,68.9,77.1
המרכזי בעמק,99.4,2022-04-28T00:00:00.000Z,99.4,96.1,68.9,68.9,77.1
המרכזי בעמק,99.4,2022-04-28T00:00:00.000Z,99.4,96.1,68.9,68.9,77.1
המרכזי בעמק,99.4,2022-04-28T00:00:00.000Z,99.4,96.1,68.9,68.9,77.1
המרכזי בעמק,99.4,2022-04-28T00:00:00.000Z,99.4,96.1,68.9,68.9,77.1
המרכזי בעמק,99.4,2022-04-28T00:00:00.000Z,99.4,96.1,68.9,68.9,77.1
המרכזי בעמק,99.4,2022-04-28T00:00:00.000Z,99.4,96.1,68.9,68.9,77.1
המרכזי בעמק,99.4,2022-04-28T00:00:00.000Z,99.4,96.1,68.9,68.9,77.1
המרכזי בעמק,99.4,2022-04-28T00:00:00.000Z,99.4,96.1,68.9,68.9,77.1
המרכזי בעמק,99.4,2022-04-28T00:00:00.000Z,99.4,96.1,68.9,68.9,77.1
המרכזי בעמק,99.4,2022-04-28T00:00:00.000Z,99.4,96.1,68.9,68.9,77.1
המרכזי בעמק,99.4,2022-04-28T00:00:00.000Z,99.4,96.1,68.9,68.9,77.1
המרכזי בעמק,99.4,2022-04-28T00:00:00.000Z,99.4,96.1,68.9,68.9,77.1
המרכזי בעמק,99.4,2022-04-28T00:00:00.000Z,99.4,96.1,68.9,68.9,77.1
המרכזי בעמק,99.4,2022-04-28T00:00:00.000Z,99.4,96.1,68.9,68.9,77.1
המרכזי בעמק,99.4,2022-04-28T00:00:00.000Z,99.4,96.1,68.9,68.9,77.1
המרכזי בעמק,99.4,2022-04-28T00:00:00.000Z,99.4,96.1,68.9,68.9,77.1
המרכזי בעמק,99.4,2022-04-28T00:00:00.000Z,99.4,96.1,68.9,68.9,77.1
המרכזי בעמק,99.4,2022-04-28T00:00:00.000Z,99.4,96.1,68.9,68.9,77.1
המרכזי בעמק,99.4,2022-04-28T00:00:00.000Z,99.4,96.1,68.9,68.9,77.1
המרכזי בעמק,99.4,2022-04-28T00:00:00.000Z,99.4,96.1,68.9,68.9,77.1
המרכזי בעמק,99.4,2022-04-28T00:00:00.000Z,99.4,96.1,68.9,68.9,77.1
המרכזי בעמק,99.4,2022-04-28T00:00:00.000Z,99.4,96.1,68.9,68.9,77.1
המרכזי בעמק,99.4,2022-04-28T00:00:00.000Z,99.4,96.1,68.9,68.9,77.1
המרכזי בעמק,99.4,2022-04-28T00:00:00.000Z,99.4,96.1,68.9,68.9,77.1
המרכזי בעמק,99.4,2022-04-28T00:00:00.000Z,99.4,96.1,68.9,68.9,77.1
המרכזי בעמק,99.4,2022-04-28T00:00:00.000Z,99.4,96.1,68.9,68.9,77.1
המרכזי בעמק,99.4,2022-04-28T00:00:00.000Z,99.4,96.1,68.9,68.9,77.1
המרכזי בעמק,99.4,2022-04-28T00:00:00.000Z,99.4,96.1,68.9,68.9,77.1
המרכזי בעמק,99.4,2022-04-28T00:00:00.000Z,99.4,96.1,68.9,68.9,77.1
המרכזי בעמק,99.4,2022-04-28T00:00:00.000Z,99.4,96.1,68.9,68.9,77.1
המרכזי בעמק,99.4,2022-04-28T00:00:00.000Z,99.4,96.1,68.9,68.9,77.1
המרכזי בעמק,99.4,2022-04-28T00:00:00.000Z,99.4,96.1,68.9,68.9,77.1
המרכזי בעמק,99.4,2022-04-28T00:00:00.000Z,99.4,96.1,68.9,68.9,77.1
המרכזי בעמק,99.4,2022-04-28T00:00:00.000Z,99.4,96.1,68.9,68.9,77.1
המרכזי בעמק,99.4,2022-04-28T00:00:00.000Z,99.4,96.1,68.9,68.9,77.1
המרכזי בעמק,99.4,2022-04-28T00:00:00.000Z,99.4,96.1,68.9,68.9,77.1
המרכזי בעמק,99.4,2022-04-28T00:00:00.000Z,99.4,96.1,68.9,68.9,77.1
המרכזי בעמק,99.4,2022-04-28T00:00:00.000Z,99.4,96.1,68.9,68.9,77.1
המרכזי בעמק,99.4,2022-04-28T00:00:00.000Z,99.4,96.1,68.9,68.9,77.1
יוספטל,93.8,2022-04-28T00:00:00.000Z,93.8,56.3,58.5,58.5,53.8
יוספטל,93.8,2022-04-28T00:00:00.000Z,93.8,56.3,58.5,58.5,53.8
יוספטל,93.8,2022-04-28T00:00:00.000Z,93.8,56.3,58.5,58.5,53.8
יוספטל,93.8,2022-04-28T00:00:00.000Z,93.8,56.3,58.5,58.5,53.8
יוספטל,93.8,2022-04-28T00:00:00.000Z,93.8,56.3,58.5,58.5,53.8
יוספטל,93.8,2022-04-28T00:00:00.000Z,93.8,56.3,58.5,58.5,53.8
יוספטל,93.8,2022-04-28T00:00:00.000Z,93.8,56.3,58.5,58.5,53.8
יוספטל,93.8,2022-04-28T00:00:00.000Z,93.8,56.3,58.5,58.5,53.8
יוספטל,93.8,2022-04-28T00:00:00.000Z,93.8,56.3,58.5,58.5,53.8
יוספטל,93.8,2022-04-28T00:00:00.000Z,93.8,56.3,58.5,58.5,53.8
יוספטל,93.8,2022-04-28T00:00:00.000Z,93.8,56.3,58.5,58.5,53.8
יוספטל,93.8,2022-04-28T00:00:00.000Z,93.8,56.3,58.5,58.5,53.8
יוספטל,93.8,2022-04-28T00:00:00.000Z,93.8,56.3,58.5,58.5,53.8
יוספטל,93.8,2022-04-28T00:00:00.000Z,93.8,56.3,58.5,58.5,53.8
יוספטל,93.8,2022-04-28T00:00:00.000Z,93.8,56.3,58.5,58.5,53.8
יוספטל,93.8,2022-04-28T00:00:00.000Z,93.8,56.3,58.5,58.5,53.8
יוספטל,93.8,2022-04-28T00:00:00.000Z,93.8,56.3,58.5,58.5,53.8
יוספטל,93.8,2022-04-28T00:00:00.000Z,93.8,56.3,58.5,58.5,53.8
נהריה,87.9,2022-04-28T00:00:00.000Z,87.9,94.2,80.5,80.5,88.8
נהריה,87.9,2022-04-28T00:00:00.000Z,87.9,94.2,80.5,80.5,88.8
נהריה,87.9,2022-04-28T00:00:00.000Z,87.9,94.2,80.5,80.5,88.8
נהריה,87.9,2022-04-28T00:00:00.000Z,87.9,94.2,80.5,80.5,88.8
נהריה,87.9,2022-04-28T00:00:00.000Z,87.9,94.2,80.5,80.5,88.8
נהריה,87.9,2022-04-28T00:00:00.000Z,87.9,94.2,80.5,80.5,88.8
נהריה,87.9,2022-04-28T00:00:00.000Z,87.9,94.2,80.5,80.5,88.8
נהריה,87.9,2022-04-28T00:00:00.000Z,87.9,94.2,80.5,80.5,88.8
נהריה,87.9,2022-04-28T00:00:00.000Z,87.9,94.2,80.5,80.5,88.8
נהריה,87.9,2022-04-28T00:00:00.000Z,87.9,94.2,80.5,80.5,88.8
נהריה,87.9,2022-04-28T00:00:00.000Z,87.9,94.2,80.5,80.5,88.8
נהריה,87.9,2022-04-28T00:00:00.000Z,87.9,94.2,80.5,80.5,88.8
נהריה,87.9,2022-04-28T00:00:00.000Z,87.9,94.2,80.5,80.5,88.8
נהריה,87.9,2022-04-28T00:00:00.000Z,87.9,94.2,80.5,80.5,88.8
נהריה,87.9,2022-04-28T00:00:00.000Z,87.9,94.2,80.5,80.5,88.8
נהריה,87.9,2022-04-28T00:00:00.000Z,87.9,94.2,80.5,80.5,88.8
"רמב""ם",92.4,2022-04-28T00:00:00.000Z,92.4,98,86.4,86.4,94.7
"רמב""ם",92.4,2022-04-28T00:00:00.000Z,92.4,98,86.4,86.4,94.7
"רמב""ם",92.4,2022-04-28T00:00:00.000Z,92.4,98,86.4,86.4,94.7
"רמב""ם",92.4,2022-04-28T00:00:00.000Z,92.4,98,86.4,86.4,94.7
שיבא,98.7,2022-04-28T00:00:00.000Z,98.7,84.9,105.4,105.4,102.7
שיבא,98.7,2022-04-28T00:00:00.000Z,98.7,84.9,105.4,105.4,102.7
שיבא,98.7,2022-04-28T00:00:00.000Z,98.7,84.9,105.4,105.4,102.7
שיבא,98.7,2022-04-28T00:00:00.000Z,98.7,84.9,105.4,105.4,102.7
שיבא,98.7,2022-04-28T00:00:00.000Z,98.7,84.9,105.4,105.4,102.7
שיבא,98.7,2022-04-28T00:00:00.000Z,98.7,84.9,105.4,105.4,102.7
שיבא,98.7,2022-04-28T00:00:00.000Z,98.7,84.9,105.4,105.4,102.7
שיבא,98.7,2022-04-28T00:00:00.000Z,98.7,84.9,105.4,105.4,102.7
שיבא,98.7,2022-04-28T00:00:00.000Z,98.7,84.9,105.4,105.4,102.7
שיבא,98.7,2022-04-28T00:00:00.000Z,98.7,84.9,105.4,105.4,102.7
שיבא,98.7,2022-04-28T00:00:00.000Z,98.7,84.9,105.4,105.4,102.7
שיבא,98.7,2022-04-28T00:00:00.000Z,98.7,84.9,105.4,105.4,102.7
שיבא,98.7,2022-04-28T00:00:00.000Z,98.7,84.9,105.4,105.4,102.7
שיבא,98.7,2022-04-28T00:00:00.000Z,98.7,84.9,105.4,105.4,102.7
שיבא,98.7,2022-04-28T00:00:00.000Z,98.7,84.9,105.4,105.4,102.7
שיבא,98.7,2022-04-28T00:00:00.000Z,98.7,84.9,105.4,105.4,102.7
שיבא,98.7,2022-04-28T00:00:00.000Z,98.7,84.9,105.4,105.4,102.7
שיבא,98.7,2022-04-28T00:00:00.000Z,98.7,84.9,105.4,105.4,102.7
שיבא,98.7,2022-04-28T00:00:00.000Z,98.7,84.9,105.4,105.4,102.7
שיבא,98.7,2022-04-28T00:00:00.000Z,98.7,84.9,105.4,105.4,102.7
שיבא,98.7,2022-04-28T00:00:00.000Z,98.7,84.9,105.4,105.4,102.7
שיבא,98.7,2022-04-28T00:00:00.000Z,98.7,84.9,105.4,105.4,102.7
שיבא,98.7,2022-04-28T00:00:00.000Z,98.7,84.9,105.4,105.4,102.7
שיבא,98.7,2022-04-28T00:00:00.000Z,98.7,84.9,105.4,105.4,102.7
שיבא,98.7,2022-04-28T00:00:00.000Z,98.7,84.9,105.4,105.4,102.7
שיבא,98.7,2022-04-28T00:00:00.000Z,98.7,84.9,105.4,105.4,102.7
שיבא,98.7,2022-04-28T00:00:00.000Z,98.7,84.9,105.4,105.4,102.7
שיבא,98.7,2022-04-28T00:00:00.000Z,98.7,84.9,105.4,105.4,102.7
שמיר,84.6,2022-04-28T00:00:00.000Z,84.6,86.1,72.5,72.5,71.4
שמיר,84.6,2022-04-28T00:00:00.000Z,84.6,86.1,72.5,72.5,71.4
זיו צפת,87.5,2022-04-28T00:00:00.000Z,87.5,95.3,72.9,72.9,86.5
זיו צפת,87.5,2022-04-28T00:00:00.000Z,87.5,95.3,72.9,72.9,86.5
זיו צפת,87.5,2022-04-28T00:00:00.000Z,87.5,95.3,72.9,72.9,86.5
זיו צפת,87.5,2022-04-28T00:00:00.000Z,87.5,95.3,72.9,72.9,86.5
זיו צפת,87.5,2022-04-28T00:00:00.000Z,87.5,95.3,72.9,72.9,86.5
זיו צפת,87.5,2022-04-28T00:00:00.000Z,87.5,95.3,72.9,72.9,86.5
זיו צפת,87.5,2022-04-28T00:00:00.000Z,87.5,95.3,72.9,72.9,86.5
זיו צפת,87.5,2022-04-28T00:00:00.000Z,87.5,95.3,72.9,72.9,86.5
זיו צפת,87.5,2022-04-28T00:00:00.000Z,87.5,95.3,72.9,72.9,86.5
זיו צפת,87.5,2022-04-28T00:00:00.000Z,87.5,95.3,72.9,72.9,86.5
זיו צפת,87.5,2022-04-28T00:00:00.000Z,87.5,95.3,72.9,72.9,86.5
זיו צפת,87.5,2022-04-28T00:00:00.000Z,87.5,95.3,72.9,72.9,86.5
זיו צפת,87.5,2022-04-28T00:00:00.000Z,87.5,95.3,72.9,72.9,86.5
זיו צפת,87.5,2022-04-28T00:00:00.000Z,87.5,95.3,72.9,72.9,86.5
זיו צפת,87.5,2022-04-28T00:00:00.000Z,87.5,95.3,72.9,72.9,86.5
זיו צפת,87.5,2022-04-28T00:00:00.000Z,87.5,95.3,72.9,72.9,86.5
זיו צפת,87.5,2022-04-28T00:00:00.000Z,87.5,95.3,72.9,72.9,86.5
זיו צפת,87.5,2022-04-28T00:00:00.000Z,87.5,95.3,72.9,72.9,86.5
זיו צפת,87.5,2022-04-28T00:00:00.000Z,87.5,95.3,72.9,72.9,86.5
זיו צפת,87.5,2022-04-28T00:00:00.000Z,87.5,95.3,72.9,72.9,86.5
זיו צפת,87.5,2022-04-28T00:00:00.000Z,87.5,95.3,72.9,72.9,86.5
זיו צפת,87.5,2022-04-28T00:00:00.000Z,87.5,95.3,72.9,72.9,86.5
זיו צפת,87.5,2022-04-28T00:00:00.000Z,87.5,95.3,72.9,72.9,86.5
זיו צפת,87.5,2022-04-28T00:00:00.000Z,87.5,95.3,72.9,72.9,86.5
זיו צפת,87.5,2022-04-28T00:00:00.000Z,87.5,95.3,72.9,72.9,86.5
זיו צפת,87.5,2022-04-28T00:00:00.000Z,87.5,95.3,72.9,72.9,86.5
זיו צפת,87.5,2022-04-28T00:00:00.000Z,87.5,95.3,72.9,72.9,86.5
זיו צפת,87.5,2022-04-28T00:00:00.000Z,87.5,95.3,72.9,72.9,86.5
זיו צפת,87.5,2022-04-28T00:00:00.000Z,87.5,95.3,72.9,72.9,86.5
זיו צפת,87.5,2022-04-28T00:00:00.000Z,87.5,95.3,72.9,72.9,86.5
זיו צפת,87.5,2022-04-28T00:00:00.000Z,87.5,95.3,72.9,72.9,86.5
זיו צפת,87.5,2022-04-28T00:00:00.000Z,87.5,95.3,72.9,72.9,86.5
זיו צפת,87.5,2022-04-28T00:00:00.000Z,87.5,95.3,72.9,72.9,86.5
זיו צפת,87.5,2022-04-28T00:00:00.000Z,87.5,95.3,72.9,72.9,86.5
זיו צפת,87.5,2022-04-28T00:00:00.000Z,87.5,95.3,72.9,72.9,86.5
זיו צפת,87.5,2022-04-28T00:00:00.000Z,87.5,95.3,72.9,72.9,86.5
זיו צפת,87.5,2022-04-28T00:00:00.000Z,87.5,95.3,72.9,72.9,86.5
זיו צפת,87.5,2022-04-28T00:00:00.000Z,87.5,95.3,72.9,72.9,86.5
שמיר,84.6,2022-04-28T00:00:00.000Z,84.6,86.1,72.5,72.5,71.4
שמיר,84.6,2022-04-28T00:00:00.000Z,84.6,86.1,72.5,72.5,71.4
שמיר,84.6,2022-04-28T00:00:00.000Z,84.6,86.1,72.5,72.5,71.4
שמיר,84.6,2022-04-28T00:00:00.000Z,84.6,86.1,72.5,72.5,71.4
שמיר,84.6,2022-04-28T00:00:00.000Z,84.6,86.1,72.5,72.5,71.4
שמיר,84.6,2022-04-28T00:00:00.000Z,84.6,86.1,72.5,72.5,71.4
שמיר,84.6,2022-04-28T00:00:00.000Z,84.6,86.1,72.5,72.5,71.4
שמיר,84.6,2022-04-28T00:00:00.000Z,84.6,86.1,72.5,72.5,71.4
שמיר,84.6,2022-04-28T00:00:00.000Z,84.6,86.1,72.5,72.5,71.4
שמיר,84.6,2022-04-28T00:00:00.000Z,84.6,86.1,72.5,72.5,71.4
שמיר,84.6,2022-04-28T00:00:00.000Z,84.6,86.1,72.5,72.5,71.4
שמיר,84.6,2022-04-28T00:00:00.000Z,84.6,86.1,72.5,72.5,71.4
שמיר,84.6,2022-04-28T00:00:00.000Z,84.6,86.1,72.5,72.5,71.4
שמיר,84.6,2022-04-28T00:00:00.000Z,84.6,86.1,72.5,72.5,71.4
שמיר,84.6,2022-04-28T00:00:00.000Z,84.6,86.1,72.5,72.5,71.4
שמיר,84.6,2022-04-28T00:00:00.000Z,84.6,86.1,72.5,72.5,71.4
שמיר,84.6,2022-04-28T00:00:00.000Z,84.6,86.1,72.5,72.5,71.4
שמיר,84.6,2022-04-28T00:00:00.000Z,84.6,86.1,72.5,72.5,71.4
שמיר,84.6,2022-04-28T00:00:00.000Z,84.6,86.1,72.5,72.5,71.4
שמיר,84.6,2022-04-28T00:00:00.000Z,84.6,86.1,72.5,72.5,71.4
שמיר,84.6,2022-04-28T00:00:00.000Z,84.6,86.1,72.5,72.5,71.4
שמיר,84.6,2022-04-28T00:00:00.000Z,84.6,86.1,72.5,72.5,71.4
שמיר,84.6,2022-04-28T00:00:00.000Z,84.6,86.1,72.5,72.5,71.4
מאיר,67.5,2022-04-28T00:00:00.000Z,67.5,70.5,76.1,76.1,82.4
מאיר,67.5,2022-04-28T00:00:00.000Z,67.5,70.5,76.1,76.1,82.4
מאיר,67.5,2022-04-28T00:00:00.000Z,67.5,70.5,76.1,76.1,82.4
מאיר,67.5,2022-04-28T00:00:00.000Z,67.5,70.5,76.1,76.1,82.4
מאיר,67.5,2022-04-28T00:00:00.000Z,67.5,70.5,76.1,76.1,82.4
מאיר,67.5,2022-04-28T00:00:00.000Z,67.5,70.5,76.1,76.1,82.4
מאיר,67.5,2022-04-28T00:00:00.000Z,67.5,70.5,76.1,76.1,82.4
מאיר,67.5,2022-04-28T00:00:00.000Z,67.5,70.5,76.1,76.1,82.4
מאיר,67.5,2022-04-28T00:00:00.000Z,67.5,70.5,76.1,76.1,82.4
מאיר,67.5,2022-04-28T00:00:00.000Z,67.5,70.5,76.1,76.1,82.4
מאיר,67.5,2022-04-28T00:00:00.000Z,67.5,70.5,76.1,76.1,82.4
מאיר,67.5,2022-04-28T00:00:00.000Z,67.5,70.5,76.1,76.1,82.4
מאיר,67.5,2022-04-28T00:00:00.000Z,67.5,70.5,76.1,76.1,82.4
מאיר,67.5,2022-04-28T00:00:00.000Z,67.5,70.5,76.1,76.1,82.4
מאיר,67.5,2022-04-28T00:00:00.000Z,67.5,70.5,76.1,76.1,82.4
מאיר,67.5,2022-04-28T00:00:00.000Z,67.5,70.5,76.1,76.1,82.4
מאיר,67.5,2022-04-28T00:00:00.000Z,67.5,70.5,76.1,76.1,82.4
מאיר,67.5,2022-04-28T00:00:00.000Z,67.5,70.5,76.1,76.1,82.4
מאיר,67.5,2022-04-28T00:00:00.000Z,67.5,70.5,76.1,76.1,82.4
מאיר,67.5,2022-04-28T00:00:00.000Z,67.5,70.5,76.1,76.1,82.4
מאיר,67.5,2022-04-28T00:00:00.000Z,67.5,70.5,76.1,76.1,82.4
מאיר,67.5,2022-04-28T00:00:00.000Z,67.5,70.5,76.1,76.1,82.4
מאיר,67.5,2022-04-28T00:00:00.000Z,67.5,70.5,76.1,76.1,82.4
מאיר,67.5,2022-04-28T00:00:00.000Z,67.5,70.5,76.1,76.1,82.4
מאיר,67.5,2022-04-28T00:00:00.000Z,67.5,70.5,76.1,76.1,82.4
מאיר,67.5,2022-04-28T00:00:00.000Z,67.5,70.5,76.1,76.1,82.4
מאיר,67.5,2022-04-28T00:00:00.000Z,67.5,70.5,76.1,76.1,82.4
מאיר,67.5,2022-04-28T00:00:00.000Z,67.5,70.5,76.1,76.1,82.4
מאיר,67.5,2022-04-28T00:00:00.000Z,67.5,70.5,76.1,76.1,82.4
מאיר,67.5,2022-04-28T00:00:00.000Z,67.5,70.5,76.1,76.1,82.4
מאיר,67.5,2022-04-28T00:00:00.000Z,67.5,70.5,76.1,76.1,82.4
מאיר,67.5,2022-04-28T00:00:00.000Z,67.5,70.5,76.1,76.1,82.4
מאיר,67.5,2022-04-28T00:00:00.000Z,67.5,70.5,76.1,76.1,82.4
מאיר,67.5,2022-04-28T00:00:00.000Z,67.5,70.5,76.1,76.1,82.4
מאיר,67.5,2022-04-28T00:00:00.000Z,67.5,70.5,76.1,76.1,82.4
מאיר,67.5,2022-04-28T00:00:00.000Z,67.5,70.5,76.1,76.1,82.4
מאיר,67.5,2022-04-28T00:00:00.000Z,67.5,70.5,76.1,76.1,82.4
מאיר,67.5,2022-04-28T00:00:00.000Z,67.5,70.5,76.1,76.1,82.4
מאיר,67.5,2022-04-28T00:00:00.000Z,67.5,70.5,76.1,76.1,82.4
מאיר,67.5,2022-04-28T00:00:00.000Z,67.5,70.5,76.1,76.1,82.4
מאיר,67.5,2022-04-28T00:00:00.000Z,67.5,70.5,76.1,76.1,82.4
מאיר,67.5,2022-04-28T00:00:00.000Z,67.5,70.5,76.1,76.1,82.4
מאיר,67.5,2022-04-28T00:00:00.000Z,67.5,70.5,76.1,76.1,82.4
מאיר,67.5,2022-04-28T00:00:00.000Z,67.5,70.5,76.1,76.1,82.4
מאיר,67.5,2022-04-28T00:00:00.000Z,67.5,70.5,76.1,76.1,82.4
מאיר,67.5,2022-04-28T00:00:00.000Z,67.5,70.5,76.1,76.1,82.4
סורוקה,59.7,2022-04-28T00:00:00.000Z,59.7,68.6,68.4,68.4,75.8
סורוקה,59.7,2022-04-28T00:00:00.000Z,59.7,68.6,68.4,68.4,75.8
סורוקה,59.7,2022-04-28T00:00:00.000Z,59.7,68.6,68.4,68.4,75.8
סורוקה,59.7,2022-04-28T00:00:00.000Z,59.7,68.6,68.4,68.4,75.8
סורוקה,59.7,2022-04-28T00:00:00.000Z,59.7,68.6,68.4,68.4,75.8
סורוקה,59.7,2022-04-28T00:00:00.000Z,59.7,68.6,68.4,68.4,75.8
סורוקה,59.7,2022-04-28T00:00:00.000Z,59.7,68.6,68.4,68.4,75.8
סורוקה,59.7,2022-04-28T00:00:00.000Z,59.7,68.6,68.4,68.4,75.8
סורוקה,59.7,2022-04-28T00:00:00.000Z,59.7,68.6,68.4,68.4,75.8
סורוקה,59.7,2022-04-28T00:00:00.000Z,59.7,68.6,68.4,68.4,75.8
סורוקה,59.7,2022-04-28T00:00:00.000Z,59.7,68.6,68.4,68.4,75.8
סורוקה,59.7,2022-04-28T00:00:00.000Z,59.7,68.6,68.4,68.4,75.8
סורוקה,59.7,2022-04-28T00:00:00.000Z,59.7,68.6,68.4,68.4,75.8
סורוקה,59.7,2022-04-28T00:00:00.000Z,59.7,68.6,68.4,68.4,75.8
סורוקה,59.7,2022-04-28T00:00:00.000Z,59.7,68.6,68.4,68.4,75.8
סורוקה,59.7,2022-04-28T00:00:00.000Z,59.7,68.6,68.4,68.4,75.8
סורוקה,59.7,2022-04-28T00:00:00.000Z,59.7,68.6,68.4,68.4,75.8
סורוקה,59.7,2022-04-28T00:00:00.000Z,59.7,68.6,68.4,68.4,75.8
סורוקה,59.7,2022-04-28T00:00:00.000Z,59.7,68.6,68.4,68.4,75.8
סורוקה,59.7,2022-04-28T00:00:00.000Z,59.7,68.6,68.4,68.4,75.8
סורוקה,59.7,2022-04-28T00:00:00.000Z,59.7,68.6,68.4,68.4,75.8
סורוקה,59.7,2022-04-28T00:00:00.000Z,59.7,68.6,68.4,68.4,75.8
סורוקה,59.7,2022-04-28T00:00:00.000Z,59.7,68.6,68.4,68.4,75.8
סורוקה,59.7,2022-04-28T00:00:00.000Z,59.7,68.6,68.4,68.4,75.8
סורוקה,59.7,2022-04-28T00:00:00.000Z,59.7,68.6,68.4,68.4,75.8
סורוקה,59.7,2022-04-28T00:00:00.000Z,59.7,68.6,68.4,68.4,75.8
סורוקה,59.7,2022-04-28T00:00:00.000Z,59.7,68.6,68.4,68.4,75.8
סורוקה,59.7,2022-04-28T00:00:00.000Z,59.7,68.6,68.4,68.4,75.8
סורוקה,59.7,2022-04-28T00:00:00.000Z,59.7,68.6,68.4,68.4,75.8
סורוקה,59.7,2022-04-28T00:00:00.000Z,59.7,68.6,68.4,68.4,75.8
סורוקה,59.7,2022-04-28T00:00:00.000Z,59.7,68.6,68.4,68.4,75.8
סורוקה,59.7,2022-04-28T00:00:00.000Z,59.7,68.6,68.4,68.4,75.8
סורוקה,59.7,2022-04-28T00:00:00.000Z,59.7,68.6,68.4,68.4,75.8
סורוקה,59.7,2022-04-28T00:00:00.000Z,64.3,76,68.4,73,79.8
סורוקה,59.7,2022-04-28T00:00:00.000Z,63.7,74.9,68.4,72.3,79.2
סורוקה,59.7,2022-04-28T00:00:00.000Z,63,73.9,68.4,71.7,78.6
סורוקה,59.7,2022-04-28T00:00:00.000Z,62.3,72.8,68.4,71,78.1
סורוקה,59.7,2022-04-28T00:00:00.000Z,61.7,71.8,68.4,70.3,77.5
סורוקה,59.7,2022-04-28T00:00:00.000Z,61,70.7,68.4,69.7,77
סורוקה,59.7,2022-04-28T00:00:00.000Z,60.4,69.7,68.4,69,76.4
סורוקה,59.7,2022-04-28T00:00:00.000Z,59.7,68.6,68.4,68.4,75.8
סורוקה,59.7,2022-04-28T00:00:00.000Z,59.7,68.6,68.4,68.4,75.8
סורוקה,59.7,2022-04-28T00:00:00.000Z,59.7,68.6,68.4,68.4,75.8
סורוקה,59.7,2022-04-28T00:00:00.000Z,59.7,68.6,68.4,68.4,75.8
סורוקה,59.7,2022-04-28T00:00:00.000Z,59.7,68.6,68.4,68.4,75.8
סורוקה,59.7,2022-04-28T00:00:00.000Z,59.7,68.6,68.4,68.4,75.8
סורוקה,59.7,2022-04-28T00:00:00.000Z,59.7,68.6,68.4,68.4,75.8
סורוקה,59.7,2022-04-28T00:00:00.000Z,59.7,68.6,68.4,68.4,75.8
סורוקה,59.7,2022-04-28T00:00:00.000Z,59.7,68.6,68.4,68.4,75.8
סורוקה,59.7,2022-04-28T00:00:00.000Z,59.7,68.6,68.4,68.4,75.8
סורוקה,59.7,2022-04-28T00:00:00.000Z,59.7,68.6,68.4,68.4,75.8
סורוקה,59.7,2022-04-28T00:00:00.000Z,59.7,68.6,68.4,68.4,75.8
סורוקה,59.7,2022-04-28T00:00:00.000Z,59.7,68.6,68.4,68.4,75.8
סורוקה,59.7,2022-04-28T00:00:00.000Z,59.7,68.6,68.4,68.4,75.8
סורוקה,59.7,2022-04-28T00:00:00.000Z,59.7,68.6,68.4,68.4,75.8
סורוקה,59.7,2022-04-28T00:00:00.000Z,59.7,68.6,68.4,68.4,75.8
סורוקה,59.7,2022-04-28T00:00:00.000Z,59.7,68.6,68.4,68.4,75.8
סורוקה,59.7,2022-04-28T00:00:00.000Z,59.7,68.6,68.4,68.4,75.8
סורוקה,59.7,2022-04-28T00:00:00.000Z,59.7,68.6,68.4,68.4,75.8
סורוקה,59.7,2022-04-28T00:00:00.000Z,59.7,68.6,68.4,68.4,75.8
סורוקה,59.7,2022-04-28T00:00:00.000Z,59.7,68.6,68.4,68.4,75.8
סורוקה,59.7,2022-04-28T00:00:00.000Z,59.7,68.6,68.4,68.4,75.8
סורוקה,59.7,2022-04-28T00:00:00.000Z,59.7,68.6,68.4,68.4,75.8
סורוקה,59.7,2022-04-28T00:00:00.000Z,59.7,68.6,68.4,68.4,75.8
סורוקה,59.7,2022-04-28T00:00:00.000Z,59.7,68.6,68.4,68.4,75.8
סורוקה,59.7,2022-04-28T00:00:00.000Z,59.7,68.6,68.4,68.4,75.8
סורוקה,59.7,2022-04-28T00:00:00.000Z,59.7,68.6,68.4,68.4,75.8
סורוקה,59.7,2022-04-28T00:00:00.000Z,59.7,68.6,68.4,68.4,75.8
סורוקה,59.7,2022-04-28T00:00:00.000Z,59.7,68.6,68.4,68.4,75.8
סורוקה,59.7,2022-04-28T00:00:00.000Z,59.7,68.6,68.4,68.4,75.8
סורוקה,59.7,2022-04-28T00:00:00.000Z,59.7,68.6,68.4,68.4,75.8
סורוקה,59.7,2022-04-28T00:00:00.000Z,59.7,68.6,68.4,68.4,75.8
סורוקה,59.7,2022-04-28T00:00:00.000Z,59.7,68.6,68.4,68.4,75.8
סורוקה,59.7,2022-04-28T00:00:00.000Z,59.7,68.6,68.4,68.4,75.8
סורוקה,59.7,2022-04-28T00:00:00.000Z,59.7,68.6,68.4,68.4,75.8
סורוקה,59.7,2022-04-28T00:00:00.000Z,59.7,68.6,68.4,68.4,75.8
סורוקה,59.7,2022-04-28T00:00:00.000Z,59.7,68.6,68.4,68.4,75.8
סורוקה,59.7,2022-04-28T00:00:00.000Z,59.7,68.6,68.4,68.4,75.8
סורוקה,59.7,2022-04-28T00:00:00.000Z,59.7,68.6,68.4,68.4,75.8
סורוקה,59.7,2022-04-28T00:00:00.000Z,59.7,68.6,68.4,68.4,75.8
סורוקה,59.7,2022-04-28T00:00:00.000Z,59.7,68.6,68.4,68.4,75.8
סורוקה,59.7,2022-04-28T00:00:00.000Z,59.7,68.6,68.4,68.4,75.8
סורוקה,59.7,2022-04-28T00:00:00.000Z,59.7,68.6,68.4,68.4,75.8
סורוקה,59.7,2022-04-28T00:00:00.000Z,59.7,68.6,68.4,68.4,75.8
סורוקה,59.7,2022-04-28T00:00:00.000Z,59.7,68.6,68.4,68.4,75.8
סורוקה,59.7,2022-04-28T00:00:00.000Z,59.7,68.6,68.4,68.4,75.8
סורוקה,59.7,2022-04-28T00:00:00.000Z,59.7,68.6,68.4,68.4,75.8
סורוקה,59.7,2022-04-28T00:00:00.000Z,59.7,68.6,68.4,68.4,75.8
שמואל הרופא,94.4,2022-04-28T00:00:00.000Z,75,102.8,76.8,75.4,85.6
שמואל הרופא,94.4,2022-04-28T00:00:00.000Z,77.8,100.4,76.8,75.6,85.3
שמואל הרופא,94.4,2022-04-28T00:00:00.000Z,80.6,98,76.8,75.8,84.9
שמואל הרופא,94.4,2022-04-28T00:00:00.000Z,83.3,95.6,76.8,76,84.5
שמואל הרופא,94.4,2022-04-28T00:00:00.000Z,86.1,93.3,76.8,76.2,84.1
שמואל הרופא,94.4,2022-04-28T00:00:00.000Z,88.9,90.9,76.8,76.4,83.7
שמואל הרופא,94.4,2022-04-28T00:00:00.000Z,91.7,88.5,76.8,76.6,83.4
שמואל הרופא,94.4,2022-04-28T00:00:00.000Z,94.4,86.1,76.8,76.8,83
שמואל הרופא,94.4,2022-04-28T00:00:00.000Z,94.4,86.1,76.8,76.8,83
שמואל הרופא,94.4,2022-04-28T00:00:00.000Z,94.4,86.1,76.8,76.8,83
שמואל הרופא,94.4,2022-04-28T00:00:00.000Z,94.4,86.1,76.8,76.8,83
שמואל הרופא,94.4,2022-04-28T00:00:00.000Z,94.4,86.1,76.8,76.8,83
שמואל הרופא,94.4,2022-04-28T00:00:00.000Z,94.4,86.1,76.8,76.8,83
שמואל הרופא,94.4,2022-04-28T00:00:00.000Z,94.4,86.1,76.8,76.8,83
שמואל הרופא,94.4,2022-04-28T00:00:00.000Z,94.4,86.1,76.8,76.8,83
שמואל הרופא,94.4,2022-04-28T00:00:00.000Z,94.4,86.1,76.8,76.8,83
שמואל הרופא,94.4,2022-04-28T00:00:00.000Z,94.4,86.1,76.8,76.8,83
שמואל הרופא,94.4,2022-04-28T00:00:00.000Z,94.4,86.1,76.8,76.8,83
שמואל הרופא,94.4,2022-04-28T00:00:00.000Z,94.4,86.1,76.8,76.8,83
שמואל הרופא,94.4,2022-04-28T00:00:00.000Z,94.4,86.1,76.8,76.8,83
שמואל הרופא,94.4,2022-04-28T00:00:00.000Z,94.4,86.1,76.8,76.8,83
שמואל הרופא,94.4,2022-04-28T00:00:00.000Z,94.4,86.1,76.8,76.8,83
שמואל הרופא,94.4,2022-04-28T00:00:00.000Z,94.4,86.1,76.8,76.8,83
שמואל הרופא,94.4,2022-04-28T00:00:00.000Z,94.4,86.1,76.8,76.8,83
שמואל הרופא,94.4,2022-04-28T00:00:00.000Z,94.4,86.1,76.8,76.8,83
שמואל הרופא,94.4,2022-04-28T00:00:00.000Z,94.4,86.1,76.8,76.8,83
שמואל הרופא,94.4,2022-04-28T00:00:00.000Z,94.4,86.1,76.8,76.8,83
שמואל הרופא,94.4,2022-04-28T00:00:00.000Z,94.4,86.1,76.8,76.8,83
שמואל הרופא,94.4,2022-04-28T00:00:00.000Z,94.4,86.1,76.8,76.8,83
שמואל הרופא,94.4,2022-04-28T00:00:00.000Z,94.4,86.1,76.8,76.8,83
שמואל הרופא,94.4,2022-04-28T00:00:00.000Z,94.4,86.1,76.8,76.8,83
שמואל הרופא,94.4,2022-04-28T00:00:00.000Z,94.4,86.1,76.8,76.8,83
שמואל הרופא,94.4,2022-04-28T00:00:00.000Z,94.4,86.1,76.8,76.8,83
שמואל הרופא,94.4,2022-04-28T00:00:00.000Z,94.4,86.1,76.8,76.8,83
שמואל הרופא,94.4,2022-04-28T00:00:00.000Z,94.4,86.1,76.8,76.8,83
שמואל הרופא,94.4,2022-04-28T00:00:00.000Z,94.4,86.1,76.8,76.8,83
שמואל הרופא,94.4,2022-04-28T00:00:00.000Z,94.4,86.1,76.8,76.8,83
שמואל הרופא,94.4,2022-04-28T00:00:00.000Z,94.4,86.1,76.8,76.8,83
שמואל הרופא,94.4,2022-04-28T00:00:00.000Z,94.4,86.1,76.8,76.8,83
שמואל הרופא,94.4,2022-04-28T00:00:00.000Z,94.4,86.1,76.8,76.8,83
שמואל הרופא,94.4,2022-04-28T00:00:00.000Z,94.4,86.1,76.8,76.8,83
שמואל הרופא,94.4,2022-04-28T00:00:00.000Z,94.4,86.1,76.8,76.8,83
שמואל הרופא,94.4,2022-04-28T00:00:00.000Z,94.4,86.1,76.8,76.8,83
שמואל הרופא,94.4,2022-04-28T00:00:00.000Z,94.4,86.1,76.8,76.8,83
שמואל הרופא,94.4,2022-04-28T00:00:00.000Z,94.4,86.1,76.8,76.8,83
שמואל הרופא,94.4,2022-04-28T00:00:00.000Z,94.4,86.1,76.8,76.8,83
שמואל הרופא,94.4,2022-04-28T00:00:00.000Z,94.4,86.1,76.8,76.8,83
שמואל הרופא,94.4,2022-04-28T00:00:00.000Z,94.4,86.1,76.8,76.8,83
שמואל הרופא,94.4,2022-04-28T00:00:00.000Z,94.4,86.1,76.8,76.8,83
שמואל הרופא,94.4,2022-04-28T00:00:00.000Z,94.4,86.1,76.8,76.8,83
שמואל הרופא,94.4,2022-04-28T00:00:00.000Z,94.4,86.1,76.8,76.8,83
שמואל הרופא,94.4,2022-04-28T00:00:00.000Z,94.4,86.1,76.8,76.8,83
שמואל הרופא,94.4,2022-04-28T00:00:00.000Z,94.4,86.1,76.8,76.8,83
שמואל הרופא,94.4,2022-04-28T00:00:00.000Z,94.4,86.1,76.8,76.8,83
שמואל הרופא,94.4,2022-04-28T00:00:00.000Z,94.4,86.1,76.8,76.8,83
שמואל הרופא,94.4,2022-04-28T00:00:00.000Z,94.4,86.1,76.8,76.8,83
שמואל הרופא,94.4,2022-04-28T00:00:00.000Z,94.4,86.1,76.8,76.8,83
שמואל הרופא,94.4,2022-04-28T00:00:00.000Z,94.4,86.1,76.8,76.8,83
שמואל הרופא,94.4,2022-04-28T00:00:00.000Z,94.4,86.1,76.8,76.8,83
שמואל הרופא,94.4,2022-04-28T00:00:00.000Z,94.4,86.1,76.8,76.8,83
שמואל הרופא,94.4,2022-04-28T00:00:00.000Z,94.4,86.1,76.8,76.8,83
שמואל הרופא,94.4,2022-04-28T00:00:00.000Z,94.4,86.1,76.8,76.8,83
שמואל הרופא,94.4,2022-04-28T00:00:00.000Z,94.4,86.1,76.8,76.8,83
שמואל הרופא,94.4,2022-04-28T00:00:00.000Z,94.4,86.1,76.8,76.8,83
שמואל הרופא,94.4,2022-04-28T00:00:00.000Z,94.4,86.1,76.8,76.8,83
שמואל הרופא,94.4,2022-04-28T00:00:00.000Z,94.4,86.1,76.8,76.8,83
שמואל הרופא,94.4,2022-04-28T00:00:00.000Z,94.4,86.1,76.8,76.8,83
שמואל הרופא,94.4,2022-04-28T00:00:00.000Z,94.4,86.1,76.8,76.8,83
שמואל הרופא,94.4,2022-04-28T00:00:00.000Z,94.4,86.1,76.8,76.8,83
שמואל הרופא,94.4,2022-04-28T00:00:00.000Z,94.4,86.1,76.8,76.8,83
שמואל הרופא,94.4,2022-04-28T00:00:00.000Z,94.4,86.1,76.8,76.8,83
שמואל הרופא,94.4,2022-04-28T00:00:00.000Z,94.4,86.1,76.8,76.8,83
שמואל הרופא,94.4,2022-04-28T00:00:00.000Z,94.4,86.1,76.8,76.8,83
שמואל הרופא,94.4,2022-04-28T00:00:00.000Z,94.4,86.1,76.8,76.8,83
שמואל הרופא,94.4,2022-04-28T00:00:00.000Z,94.4,86.1,76.8,76.8,83
שמואל הרופא,94.4,2022-04-28T00:00:00.000Z,94.4,86.1,76.8,76.8,83
שמואל הרופא,94.4,2022-04-28T00:00:00.000Z,94.4,86.1,76.8,76.8,83
שמואל הרופא,94.4,2022-04-28T00:00:00.000Z,94.4,86.1,76.8,76.8,83
שמואל הרופא,94.4,2022-04-28T00:00:00.000Z,94.4,86.1,76.8,76.8,83
שמואל הרופא,94.4,2022-04-28T00:00:00.000Z,94.4,86.1,76.8,76.8,83
שמואל הרופא,94.4,2022-04-28T00:00:00.000Z,94.4,86.1,76.8,76.8,83
שמואל הרופא,94.4,2022-04-28T00:00:00.000Z,94.4,86.1,76.8,76.8,83
שמואל הרופא,94.4,2022-04-28T00:00:00.000Z,94.4,86.1,76.8,76.8,83
שמואל הרופא,94.4,2022-04-28T00:00:00.000Z,94.4,86.1,76.8,76.8,83
שמואל הרופא,94.4,2022-04-28T00:00:00.000Z,94.4,86.1,76.8,76.8,83
שמואל הרופא,94.4,2022-04-28T00:00:00.000Z,94.4,86.1,76.8,76.8,83
שמואל הרופא,94.4,2022-04-28T00:00:00.000Z,94.4,86.1,76.8,76.8,83
שמואל הרופא,94.4,2022-04-28T00:00:00.000Z,94.4,86.1,76.8,76.8,83
שמואל הרופא,94.4,2022-04-28T00:00:00.000Z,94.4,86.1,76.8,76.8,83
שמואל הרופא,94.4,2022-04-28T00:00:00.000Z,94.4,86.1,76.8,76.8,83
שמואל הרופא,94.4,2022-04-28T00:00:00.000Z,94.4,86.1,76.8,76.8,83
שמואל הרופא,94.4,2022-04-28T00:00:00.000Z,94.4,86.1,76.8,76.8,83
שמואל הרופא,94.4,2022-04-28T00:00:00.000Z,94.4,86.1,76.8,76.8,83
שמואל הרופא,94.4,2022-04-28T00:00:00.000Z,94.4,86.1,76.8,76.8,83
שמואל הרופא,94.4,2022-04-28T00:00:00.000Z,94.4,86.1,76.8,76.8,83
שמואל הרופא,94.4,2022-04-28T00:00:00.000Z,94.4,86.1,76.8,76.8,83
שמואל הרופא,94.4,2022-04-28T00:00:00.000Z,94.4,86.1,76.8,76.8,83
שמואל הרופא,94.4,2022-04-28T00:00:00.000Z,94.4,86.1,76.8,76.8,83
שמואל הרופא,94.4,2022-04-28T00:00:00.000Z,94.4,86.1,76.8,76.8,83
שמואל הרופא,94.4,2022-04-28T00:00:00.000Z,94.4,86.1,76.8,76.8,83
שמואל הרופא,94.4,2022-04-28T00:00:00.000Z,94.4,86.1,76.8,76.8,83
שמואל הרופא,94.4,2022-04-28T00:00:00.000Z,94.4,86.1,76.8,76.8,83
שמואל הרופא,94.4,2022-04-28T00:00:00.000Z,94.4,86.1,76.8,76.8,83
שמואל הרופא,94.4,2022-04-28T00:00:00.000Z,94.4,86.1,76.8,76.8,83
שמואל הרופא,94.4,2022-04-28T00:00:00.000Z,94.4,86.1,76.8,76.8,83
שמואל הרופא,94.4,2022-04-28T00:00:00.000Z,94.4,86.1,76.8,76.8,83
שמואל הרופא,94.4,2022-04-28T00:00:00.000Z,94.4,86.1,76.8,76.8,83
שמואל הרופא,94.4,2022-04-28T00:00:00.000Z,94.4,86.1,76.8,76.8,83
שמואל הרופא,94.4,2022-04-28T00:00:00.000Z,94.4,86.1,76.8,76.8,83
שמואל הרופא,94.4,2022-04-28T00:00:00.000Z,94.4,86.1,76.8,76.8,83
שמואל הרופא,94.4,2022-04-28T00:00:00.000Z,94.4,86.1,76.8,76.8,83
שמואל הרופא,94.4,2022-04-28T00:00:00.000Z,94.4,86.1,76.8,76.8,83
שמואל הרופא,94.4,2022-04-28T00:00:00.000Z,94.4,86.1,76.8,76.8,83
שמואל הרופא,94.4,2022-04-28T00:00:00.000Z,94.4,86.1,76.8,76.8,83
שמואל הרופא,94.4,2022-04-28T00:00:00.000Z,94.4,86.1,76.8,76.8,83
שמואל הרופא,94.4,2022-04-28T00:00:00.000Z,94.4,86.1,76.8,76.8,83
שמואל הרופא,94.4,2022-04-28T00:00:00.000Z,94.4,86.1,76.8,76.8,83
שמואל הרופא,94.4,2022-04-28T00:00:00.000Z,94.4,86.1,76.8,76.8,83
שמואל הרופא,94.4,2022-04-28T00:00:00.000Z,94.4,86.1,76.8,76.8,83
שמואל הרופא,94.4,2022-04-28T00:00:00.000Z,94.4,86.1,76.8,76.8,83
שמואל הרופא,94.4,2022-04-28T00:00:00.000Z,94.4,86.1,76.8,76.8,83
שמואל הרופא,94.4,2022-04-28T00:00:00.000Z,94.4,86.1,76.8,76.8,83
שמואל הרופא,94.4,2022-04-28T00:00:00.000Z,94.4,86.1,76.8,76.8,83
שמואל הרופא,94.4,2022-04-28T00:00:00.000Z,94.4,86.1,76.8,76.8,83
שמואל הרופא,94.4,2022-04-28T00:00:00.000Z,94.4,86.1,76.8,76.8,83
שמואל הרופא,94.4,2022-04-28T00:00:00.000Z,94.4,86.1,76.8,76.8,83
שמואל הרופא,94.4,2022-04-28T00:00:00.000Z,94.4,86.1,76.8,76.8,83
שמואל הרופא,94.4,2022-04-28T00:00:00.000Z,94.4,86.1,76.8,76.8,83
שמואל הרופא,94.4,2022-04-28T00:00:00.000Z,94.4,86.1,76.8,76.8,83
שמואל הרופא,94.4,2022-04-28T00:00:00.000Z,94.4,86.1,76.8,76.8,83
שמואל הרופא,94.4,2022-04-28T00:00:00.000Z,94.4,86.1,76.8,76.8,83
שמואל הרופא,94.4,2022-04-28T00:00:00.000Z,94.4,86.1,76.8,76.8,83
שמואל הרופא,94.4,2022-04-28T00:00:00.000Z,94.4,86.1,76.8,76.8,83
שמואל הרופא,94.4,2022-04-28T00:00:00.000Z,94.4,86.1,76.8,76.8,83
שמואל הרופא,94.4,2022-04-28T00:00:00.000Z,94.4,86.1,76.8,76.8,83
שמואל הרופא,94.4,2022-04-28T00:00:00.000Z,94.4,86.1,76.8,76.8,83
שמואל הרופא,94.4,2022-04-28T00:00:00.000Z,94.4,86.1,76.8,76.8,83
שמואל הרופא,94.4,2022-04-28T00:00:00.000Z,94.4,86.1,76.8,76.8,83
שמואל הרופא,94.4,2022-04-28T00:00:00.000Z,94.4,86.1,76.8,76.8,83
שמואל הרופא,94.4,2022-04-28T00:00:00.000Z,94.4,86.1,76.8,76.8,83
שמואל הרופא,94.4,2022-04-28T00:00:00.000Z,94.4,86.1,76.8,76.8,83
ברזילי,89.1,2022-04-28T00:00:00.000Z,95.3,84.4,80,91.4,79.8
ברזילי,89.1,2022-04-28T00:00:00.000Z,94.4,83.3,80,89.8,79.3
ברזילי,89.1,2022-04-28T00:00:00.000Z,93.5,82.1,80,88.1,78.7
ברזילי,89.1,2022-04-28T00:00:00.000Z,92.6,81,80,86.5,78.2
ברזילי,89.1,2022-04-28T00:00:00.000Z,91.7,79.9,80,84.9,77.6
ברזילי,89.1,2022-04-28T00:00:00.000Z,90.8,78.8,80,83.2,77.1
ברזילי,89.1,2022-04-28T00:00:00.000Z,90,77.7,80,81.6,76.5
ברזילי,89.1,2022-04-28T00:00:00.000Z,89.1,76.6,80,80,76
ברזילי,89.1,2022-04-28T00:00:00.000Z,89.1,76.6,80,80,76
ברזילי,89.1,2022-04-28T00:00:00.000Z,89.1,76.6,80,80,76
ברזילי,89.1,2022-04-28T00:00:00.000Z,89.1,76.6,80,80,76
ברזילי,89.1,2022-04-28T00:00:00.000Z,89.1,76.6,80,80,76
ברזילי,89.1,2022-04-28T00:00:00.000Z,89.1,76.6,80,80,76
ברזילי,89.1,2022-04-28T00:00:00.000Z,89.1,76.6,80,80,76
ברזילי,89.1,2022-04-28T00:00:00.000Z,89.1,76.6,80,80,76
ברזילי,89.1,2022-04-28T00:00:00.000Z,89.1,76.6,80,80,76
ברזילי,89.1,2022-04-28T00:00:00.000Z,89.1,76.6,80,80,76
ברזילי,89.1,2022-04-28T00:00:00.000Z,89.1,76.6,80,80,76
ברזילי,89.1,2022-04-28T00:00:00.000Z,89.1,76.6,80,80,76
ברזילי,89.1,2022-04-28T00:00:00.000Z,89.1,76.6,80,80,76
ברזילי,89.1,2022-04-28T00:00:00.000Z,89.1,76.6,80,80,76
ברזילי,89.1,2022-04-28T00:00:00.000Z,89.1,76.6,80,80,76
ברזילי,89.1,2022-04-28T00:00:00.000Z,89.1,76.6,80,80,76
ברזילי,89.1,2022-04-28T00:00:00.000Z,89.1,76.6,80,80,76
ברזילי,89.1,2022-04-28T00:00:00.000Z,89.1,76.6,80,80,76
ברזילי,89.1,2022-04-28T00:00:00.000Z,89.1,76.6,80,80,76
ברזילי,89.1,2022-04-28T00:00:00.000Z,89.1,76.6,80,80,76
ברזילי,89.1,2022-04-28T00:00:00.000Z,89.1,76.6,80,80,76
ברזילי,89.1,2022-04-28T00:00:00.000Z,89.1,76.6,80,80,76
ברזילי,89.1,2022-04-28T00:00:00.000Z,89.1,76.6,80,80,76
ברזילי,89.1,2022-04-28T00:00:00.000Z,89.1,76.6,80,80,76
ברזילי,89.1,2022-04-28T00:00:00.000Z,89.1,76.6,80,80,76
ברזילי,89.1,2022-04-28T00:00:00.000Z,89.1,76.6,80,80,76
ברזילי,89.1,2022-04-28T00:00:00.000Z,89.1,76.6,80,80,76
ברזילי,89.1,2022-04-28T00:00:00.000Z,89.1,76.6,80,80,76
ברזילי,89.1,2022-04-28T00:00:00.000Z,89.1,76.6,80,80,76
ברזילי,89.1,2022-04-28T00:00:00.000Z,89.1,76.6,80,80,76
ברזילי,89.1,2022-04-28T00:00:00.000Z,89.1,76.6,80,80,76
ברזילי,89.1,2022-04-28T00:00:00.000Z,89.1,76.6,80,80,76
ברזילי,89.1,2022-04-28T00:00:00.000Z,89.1,76.6,80,80,76
ברזילי,89.1,2022-04-28T00:00:00.000Z,89.1,76.6,80,80,76
ברזילי,89.1,2022-04-28T00:00:00.000Z,89.1,76.6,80,80,76
ברזילי,89.1,2022-04-28T00:00:00.000Z,89.1,76.6,80,80,76
ברזילי,89.1,2022-04-28T00:00:00.000Z,89.1,76.6,80,80,76
ברזילי,89.1,2022-04-28T00:00:00.000Z,89.1,76.6,80,80,76
ברזילי,89.1,2022-04-28T00:00:00.000Z,89.1,76.6,80,80,76
ברזילי,89.1,2022-04-28T00:00:00.000Z,89.1,76.6,80,80,76
ברזילי,89.1,2022-04-28T00:00:00.000Z,89.1,76.6,80,80,76
ברזילי,89.1,2022-04-28T00:00:00.000Z,89.1,76.6,80,80,76
ברזילי,89.1,2022-04-28T00:00:00.000Z,89.1,76.6,80,80,76
ברזילי,89.1,2022-04-28T00:00:00.000Z,89.1,76.6,80,80,76
ברזילי,89.1,2022-04-28T00:00:00.000Z,89.1,76.6,80,80,76
ברזילי,89.1,2022-04-28T00:00:00.000Z,89.1,76.6,80,80,76
ברזילי,89.1,2022-04-28T00:00:00.000Z,89.1,76.6,80,80,76
ברזילי,89.1,2022-04-28T00:00:00.000Z,89.1,76.6,80,80,76
ברזילי,89.1,2022-04-28T00:00:00.000Z,89.1,76.6,80,80,76
ברזילי,89.1,2022-04-28T00:00:00.000Z,89.1,76.6,80,80,76
ברזילי,89.1,2022-04-28T00:00:00.000Z,89.1,76.6,80,80,76
ברזילי,89.1,2022-04-28T00:00:00.000Z,89.1,76.6,80,80,76
ברזילי,89.1,2022-04-28T00:00:00.000Z,89.1,76.6,80,80,76
ברזילי,89.1,2022-04-28T00:00:00.000Z,89.1,76.6,80,80,76
ברזילי,89.1,2022-04-28T00:00:00.000Z,89.1,76.6,80,80,76
ברזילי,89.1,2022-04-28T00:00:00.000Z,89.1,76.6,80,80,76
ברזילי,89.1,2022-04-28T00:00:00.000Z,89.1,76.6,80,80,76
ברזילי,89.1,2022-04-28T00:00:00.000Z,89.1,76.6,80,80,76
ברזילי,89.1,2022-04-28T00:00:00.000Z,89.1,76.6,80,80,76
ברזילי,89.1,2022-04-28T00:00:00.000Z,89.1,76.6,80,80,76
ברזילי,89.1,2022-04-28T00:00:00.000Z,89.1,76.6,80,80,76
ברזילי,89.1,2022-04-28T00:00:00.000Z,89.1,76.6,80,80,76
ברזילי,89.1,2022-04-28T00:00:00.000Z,89.1,76.6,80,80,76
ברזילי,89.1,2022-04-28T00:00:00.000Z,89.1,76.6,80,80,76
ברזילי,89.1,2022-04-28T00:00:00.000Z,89.1,76.6,80,80,76
ברזילי,89.1,2022-04-28T00:00:00.000Z,89.1,76.6,80,80,76
ברזילי,89.1,2022-04-28T00:00:00.000Z,89.1,76.6,80,80,76
ברזילי,89.1,2022-04-28T00:00:00.000Z,89.1,76.6,80,80,76
ברזילי,89.1,2022-04-28T00:00:00.000Z,89.1,76.6,80,80,76
ברזילי,89.1,2022-04-28T00:00:00.000Z,89.1,76.6,80,80,76
ברזילי,89.1,2022-04-28T00:00:00.000Z,89.1,76.6,80,80,76
ברזילי,89.1,2022-04-28T00:00:00.000Z,89.1,76.6,80,80,76
ברזילי,89.1,2022-04-28T00:00:00.000Z,89.1,76.6,80,80,76
ברזילי,89.1,2022-04-28T00:00:00.000Z,89.1,76.6,80,80,76
ברזילי,89.1,2022-04-28T00:00:00.000Z,89.1,76.6,80,80,76
ברזילי,89.1,2022-04-28T00:00:00.000Z,89.1,76.6,80,80,76
ברזילי,89.1,2022-04-28T00:00:00.000Z,89.1,76.6,80,80,76
ברזילי,89.1,2022-04-28T00:00:00.000Z,89.1,76.6,80,80,76
ברזילי,89.1,2022-04-28T00:00:00.000Z,89.1,76.6,80,80,76
"רמב""ם",92.4,2022-04-28T00:00:00.000Z,99,96.5,86.4,92.1,94
"רמב""ם",92.4,2022-04-28T00:00:00.000Z,98.1,96.7,86.4,91.3,94.1
"רמב""ם",92.4,2022-04-28T00:00:00.000Z,97.1,96.9,86.4,90.5,94.2
"רמב""ם",92.4,2022-04-28T00:00:00.000Z,96.2,97.1,86.4,89.7,94.3
"רמב""ם",92.4,2022-04-28T00:00:00.000Z,95.2,97.3,86.4,88.9,94.4
"רמב""ם",92.4,2022-04-28T00:00:00.000Z,94.3,97.5,86.4,88.1,94.5
"רמב""ם",92.4,2022-04-28T00:00:00.000Z,93.4,97.8,86.4,87.2,94.6
"רמב""ם",92.4,2022-04-28T00:00:00.000Z,92.4,98,86.4,86.4,94.7
"רמב""ם",92.4,2022-04-28T00:00:00.000Z,92.4,98,86.4,86.4,94.7
"רמב""ם",92.4,2022-04-28T00:00:00.000Z,92.4,98,86.4,86.4,94.7
"רמב""ם",92.4,2022-04-28T00:00:00.000Z,92.4,98,86.4,86.4,94.7
"רמב""ם",92.4,2022-04-28T00:00:00.000Z,92.4,98,86.4,86.4,94.7
"רמב""ם",92.4,2022-04-28T00:00:00.000Z,92.4,98,86.4,86.4,94.7
"רמב""ם",92.4,2022-04-28T00:00:00.000Z,92.4,98,86.4,86.4,94.7
"רמב""ם",92.4,2022-04-28T00:00:00.000Z,92.4,98,86.4,86.4,94.7
"רמב""ם",92.4,2022-04-28T00:00:00.000Z,92.4,98,86.4,86.4,94.7
"רמב""ם",92.4,2022-04-28T00:00:00.000Z,92.4,98,86.4,86.4,94.7
"רמב""ם",92.4,2022-04-28T00:00:00.000Z,92.4,98,86.4,86.4,94.7
"רמב""ם",92.4,2022-04-28T00:00:00.000Z,92.4,98,86.4,86.4,94.7
"רמב""ם",92.4,2022-04-28T00:00:00.000Z,92.4,98,86.4,86.4,94.7
"רמב""ם",92.4,2022-04-28T00:00:00.000Z,92.4,98,86.4,86.4,94.7
"רמב""ם",92.4,2022-04-28T00:00:00.000Z,92.4,98,86.4,86.4,94.7
"רמב""ם",92.4,2022-04-28T00:00:00.000Z,92.4,98,86.4,86.4,94.7
"רמב""ם",92.4,2022-04-28T00:00:00.000Z,92.4,98,86.4,86.4,94.7
"רמב""ם",92.4,2022-04-28T00:00:00.000Z,92.4,98,86.4,86.4,94.7
"רמב""ם",92.4,2022-04-28T00:00:00.000Z,92.4,98,86.4,86.4,94.7
"רמב""ם",92.4,2022-04-28T00:00:00.000Z,92.4,98,86.4,86.4,94.7
"רמב""ם",92.4,2022-04-28T00:00:00.000Z,92.4,98,86.4,86.4,94.7
"רמב""ם",92.4,2022-04-28T00:00:00.000Z,92.4,98,86.4,86.4,94.7
"רמב""ם",92.4,2022-04-28T00:00:00.000Z,92.4,98,86.4,86.4,94.7
"רמב""ם",92.4,2022-04-28T00:00:00.000Z,92.4,98,86.4,86.4,94.7
"רמב""ם",92.4,2022-04-28T00:00:00.000Z,92.4,98,86.4,86.4,94.7
"רמב""ם",92.4,2022-04-28T00:00:00.000Z,92.4,98,86.4,86.4,94.7
"רמב""ם",92.4,2022-04-28T00:00:00.000Z,92.4,98,86.4,86.4,94.7
"רמב""ם",92.4,2022-04-28T00:00:00.000Z,92.4,98,86.4,86.4,94.7
"רמב""ם",92.4,2022-04-28T00:00:00.000Z,92.4,98,86.4,86.4,94.7
"רמב""ם",92.4,2022-04-28T00:00:00.000Z,92.4,98,86.4,86.4,94.7
"רמב""ם",92.4,2022-04-28T00:00:00.000Z,92.4,98,86.4,86.4,94.7
"רמב""ם",92.4,2022-04-28T00:00:00.000Z,92.4,98,86.4,86.4,94.7
"רמב""ם",92.4,2022-04-28T00:00:00.000Z,92.4,98,86.4,86.4,94.7
"רמב""ם",92.4,2022-04-28T00:00:00.000Z,92.4,98,86.4,86.4,94.7
"רמב""ם",92.4,2022-04-28T00:00:00.000Z,92.4,98,86.4,86.4,94.7
"רמב""ם",92.4,2022-04-28T00:00:00.000Z,92.4,98,86.4,86.4,94.7
"רמב""ם",92.4,2022-04-28T00:00:00.000Z,92.4,98,86.4,86.4,94.7
"רמב""ם",92.4,2022-04-28T00:00:00.000Z,92.4,98,86.4,86.4,94.7
"רמב""ם",92.4,2022-04-28T00:00:00.000Z,92.4,98,86.4,86.4,94.7
"רמב""ם",92.4,2022-04-28T00:00:00.000Z,92.4,98,86.4,86.4,94.7
"רמב""ם",92.4,2022-04-28T00:00:00.000Z,92.4,98,86.4,86.4,94.7
"רמב""ם",92.4,2022-04-28T00:00:00.000Z,92.4,98,86.4,86.4,94.7
"רמב""ם",92.4,2022-04-28T00:00:00.000Z,92.4,98,86.4,86.4,94.7
"רמב""ם",92.4,2022-04-28T00:00:00.000Z,92.4,98,86.4,86.4,94.7
"רמב""ם",92.4,2022-04-28T00:00:00.000Z,92.4,98,86.4,86.4,94.7
ברזילי,89.1,2022-04-28T00:00:00.000Z,89.1,76.6,80,80,76
ברזילי,89.1,2022-04-28T00:00:00.000Z,89.1,76.6,80,80,76
ברזילי,89.1,2022-04-28T00:00:00.000Z,89.1,76.6,80,80,76
ברזילי,89.1,2022-04-28T00:00:00.000Z,89.1,76.6,80,80,76
ברזילי,89.1,2022-04-28T00:00:00.000Z,89.1,76.6,80,80,76
ברזילי,89.1,2022-04-28T00:00:00.000Z,89.1,76.6,80,80,76
ברזילי,89.1,2022-04-28T00:00:00.000Z,89.1,76.6,80,80,76
ברזילי,89.1,2022-04-28T00:00:00.000Z,89.1,76.6,80,80,76
ברזילי,89.1,2022-04-28T00:00:00.000Z,89.1,76.6,80,80,76
ברזילי,89.1,2022-04-28T00:00:00.000Z,89.1,76.6,80,80,76
ברזילי,89.1,2022-04-28T00:00:00.000Z,89.1,76.6,80,80,76
ברזילי,89.1,2022-04-28T00:00:00.000Z,89.1,76.6,80,80,76
ברזילי,89.1,2022-04-28T00:00:00.000Z,89.1,76.6,80,80,76
ברזילי,89.1,2022-04-28T00:00:00.000Z,89.1,76.6,80,80,76
ברזילי,89.1,2022-04-28T00:00:00.000Z,89.1,76.6,80,80,76
ברזילי,89.1,2022-04-28T00:00:00.000Z,89.1,76.6,80,80,76
ברזילי,89.1,2022-04-28T00:00:00.000Z,89.1,76.6,80,80,76
ברזילי,89.1,2022-04-28T00:00:00.000Z,89.1,76.6,80,80,76
ברזילי,89.1,2022-04-28T00:00:00.000Z,89.1,76.6,80,80,76
ברזילי,89.1,2022-04-28T00:00:00.000Z,89.1,76.6,80,80,76
ברזילי,89.1,2022-04-28T00:00:00.000Z,89.1,76.6,80,80,76
ברזילי,89.1,2022-04-28T00:00:00.000Z,89.1,76.6,80,80,76
ברזילי,89.1,2022-04-28T00:00:00.000Z,89.1,76.6,80,80,76
ברזילי,89.1,2022-04-28T00:00:00.000Z,89.1,76.6,80,80,76
ברזילי,89.1,2022-04-28T00:00:00.000Z,89.1,76.6,80,80,76
ברזילי,89.1,2022-04-28T00:00:00.000Z,89.1,76.6,80,80,76
ברזילי,89.1,2022-04-28T00:00:00.000Z,89.1,76.6,80,80,76
ברזילי,89.1,2022-04-28T00:00:00.000Z,89.1,76.6,80,80,76
ברזילי,89.1,2022-04-28T00:00:00.000Z,89.1,76.6,80,80,76
ברזילי,89.1,2022-04-28T00:00:00.000Z,89.1,76.6,80,80,76
ברזילי,89.1,2022-04-28T00:00:00.000Z,89.1,76.6,80,80,76
ברזילי,89.1,2022-04-28T00:00:00.000Z,89.1,76.6,80,80,76
ברזילי,89.1,2022-04-28T00:00:00.000Z,89.1,76.6,80,80,76
ברזילי,89.1,2022-04-28T00:00:00.000Z,89.1,76.6,80,80,76
"רמב""ם",92.4,2022-04-28T00:00:00.000Z,92.4,98,86.4,86.4,94.7
"רמב""ם",92.4,2022-04-28T00:00:00.000Z,92.4,98,86.4,86.4,94.7
"רמב""ם",92.4,2022-04-28T00:00:00.000Z,92.4,98,86.4,86.4,94.7
"רמב""ם",92.4,2022-04-28T00:00:00.000Z,92.4,98,86.4,86.4,94.7
"רמב""ם",92.4,2022-04-28T00:00:00.000Z,92.4,98,86.4,86.4,94.7
"רמב""ם",92.4,2022-04-28T00:00:00.000Z,92.4,98,86.4,86.4,94.7
"רמב""ם",92.4,2022-04-28T00:00:00.000Z,92.4,98,86.4,86.4,94.7
"רמב""ם",92.4,2022-04-28T00:00:00.000Z,92.4,98,86.4,86.4,94.7
"רמב""ם",92.4,2022-04-28T00:00:00.000Z,92.4,98,86.4,86.4,94.7
"רמב""ם",92.4,2022-04-28T00:00:00.000Z,92.4,98,86.4,86.4,94.7
"רמב""ם",92.4,2022-04-28T00:00:00.000Z,92.4,98,86.4,86.4,94.7
"רמב""ם",92.4,2022-04-28T00:00:00.000Z,92.4,98,86.4,86.4,94.7
"רמב""ם",92.4,2022-04-28T00:00:00.000Z,92.4,98,86.4,86.4,94.7
"רמב""ם",92.4,2022-04-28T00:00:00.000Z,92.4,98,86.4,86.4,94.7
"רמב""ם",92.4,2022-04-28T00:00:00.000Z,92.4,98,86.4,86.4,94.7
"רמב""ם",92.4,2022-04-28T00:00:00.000Z,92.4,98,86.4,86.4,94.7
"רמב""ם",92.4,2022-04-28T00:00:00.000Z,92.4,98,86.4,86.4,94.7
"רמב""ם",92.4,2022-04-28T00:00:00.000Z,92.4,98,86.4,86.4,94.7
"רמב""ם",92.4,2022-04-28T00:00:00.000Z,92.4,98,86.4,86.4,94.7
"רמב""ם",92.4,2022-04-28T00:00:00.000Z,92.4,98,86.4,86.4,94.7
"רמב""ם",92.4,2022-04-28T00:00:00.000Z,92.4,98,86.4,86.4,94.7
"רמב""ם",92.4,2022-04-28T00:00:00.000Z,92.4,98,86.4,86.4,94.7
"רמב""ם",92.4,2022-04-28T00:00:00.000Z,92.4,98,86.4,86.4,94.7
"רמב""ם",92.4,2022-04-28T00:00:00.000Z,92.4,98,86.4,86.4,94.7
"רמב""ם",92.4,2022-04-28T00:00:00.000Z,92.4,98,86.4,86.4,94.7
"רמב""ם",92.4,2022-04-28T00:00:00.000Z,92.4,98,86.4,86.4,94.7
"רמב""ם",92.4,2022-04-28T00:00:00.000Z,92.4,98,86.4,86.4,94.7
"רמב""ם",92.4,2022-04-28T00:00:00.000Z,92.4,98,86.4,86.4,94.7
"רמב""ם",92.4,2022-04-28T00:00:00.000Z,92.4,98,86.4,86.4,94.7
"רמב""ם",92.4,2022-04-28T00:00:00.000Z,92.4,98,86.4,86.4,94.7
"רמב""ם",92.4,2022-04-28T00:00:00.000Z,92.4,98,86.4,86.4,94.7
"רמב""ם",92.4,2022-04-28T00:00:00.000Z,92.4,98,86.4,86.4,94.7
"רמב""ם",92.4,2022-04-28T00:00:00.000Z,92.4,98,86.4,86.4,94.7
"רמב""ם",92.4,2022-04-28T00:00:00.000Z,92.4,98,86.4,86.4,94.7
ברזילי,89.1,2022-04-28T00:00:00.000Z,89.1,76.6,80,80,76
ברזילי,89.1,2022-04-28T00:00:00.000Z,89.1,76.6,80,80,76
ברזילי,89.1,2022-04-28T00:00:00.000Z,89.1,76.6,80,80,76
ברזילי,89.1,2022-04-28T00:00:00.000Z,89.1,76.6,80,80,76
ברזילי,89.1,2022-04-28T00:00:00.000Z,89.1,76.6,80,80,76
ברזילי,89.1,2022-04-28T00:00:00.000Z,89.1,76.6,80,80,76
ברזילי,89.1,2022-04-28T00:00:00.000Z,89.1,76.6,80,80,76
ברזילי,89.1,2022-04-28T00:00:00.000Z,89.1,76.6,80,80,76
ברזילי,89.1,2022-04-28T00:00:00.000Z,89.1,76.6,80,80,76
ברזילי,89.1,2022-04-28T00:00:00.000Z,89.1,76.6,80,80,76
ברזילי,89.1,2022-04-28T00:00:00.000Z,89.1,76.6,80,80,76
ברזילי,89.1,2022-04-28T00:00:00.000Z,89.1,76.6,80,80,76
ברזילי,89.1,2022-04-28T00:00:00.000Z,89.1,76.6,80,80,76
ברזילי,89.1,2022-04-28T00:00:00.000Z,89.1,76.6,80,80,76
ברזילי,89.1,2022-04-28T00:00:00.000Z,89.1,76.6,80,80,76
ברזילי,89.1,2022-04-28T00:00:00.000Z,89.1,76.6,80,80,76
ברזילי,89.1,2022-04-28T00:00:00.000Z,89.1,76.6,80,80,76
ברזילי,89.1,2022-04-28T00:00:00.000Z,89.1,76.6,80,80,76
ברזילי,89.1,2022-04-28T00:00:00.000Z,89.1,76.6,80,80,76
ברזילי,89.1,2022-04-28T00:00:00.000Z,89.1,76.6,80,80,76
ברזילי,89.1,2022-04-28T00:00:00.000Z,89.1,76.6,80,80,76
ברזילי,89.1,2022-04-28T00:00:00.000Z,89.1,76.6,80,80,76
ברזילי,89.1,2022-04-28T00:00:00.000Z,89.1,76.6,80,80,76
ברזילי,89.1,2022-04-28T00:00:00.000Z,89.1,76.6,80,80,76
ברזילי,89.1,2022-04-28T00:00:00.000Z,89.1,76.6,80,80,76
ברזילי,89.1,2022-04-28T00:00:00.000Z,89.1,76.6,80,80,76
ברזילי,89.1,2022-04-28T00:00:00.000Z,89.1,76.6,80,80,76
ברזילי,89.1,2022-04-28T00:00:00.000Z,89.1,76.6,80,80,76
ברזילי,89.1,2022-04-28T00:00:00.000Z,89.1,76.6,80,80,76
ברזילי,89.1,2022-04-28T00:00:00.000Z,89.1,76.6,80,80,76
ברזילי,89.1,2022-04-28T00:00:00.000Z,89.1,76.6,80,80,76
ברזילי,89.1,2022-04-28T00:00:00.000Z,89.1,76.6,80,80,76
ברזילי,89.1,2022-04-28T00:00:00.000Z,89.1,76.6,80,80,76
ברזילי,89.1,2022-04-28T00:00:00.000Z,89.1,76.6,80,80,76
"רמב""ם",92.4,2022-04-28T00:00:00.000Z,92.4,98,86.4,86.4,94.7
"רמב""ם",92.4,2022-04-28T00:00:00.000Z,92.4,98,86.4,86.4,94.7
"רמב""ם",92.4,2022-04-28T00:00:00.000Z,92.4,98,86.4,86.4,94.7
"רמב""ם",92.4,2022-04-28T00:00:00.000Z,92.4,98,86.4,86.4,94.7
"רמב""ם",92.4,2022-04-28T00:00:00.000Z,92.4,98,86.4,86.4,94.7
"רמב""ם",92.4,2022-04-28T00:00:00.000Z,92.4,98,86.4,86.4,94.7
"רמב""ם",92.4,2022-04-28T00:00:00.000Z,92.4,98,86.4,86.4,94.7
"רמב""ם",92.4,2022-04-28T00:00:00.000Z,92.4,98,86.4,86.4,94.7
"רמב""ם",92.4,2022-04-28T00:00:00.000Z,92.4,98,86.4,86.4,94.7
"רמב""ם",92.4,2022-04-28T00:00:00.000Z,92.4,98,86.4,86.4,94.7
"רמב""ם",92.4,2022-04-28T00:00:00.000Z,92.4,98,86.4,86.4,94.7
"רמב""ם",92.4,2022-04-28T00:00:00.000Z,92.4,98,86.4,86.4,94.7
"רמב""ם",92.4,2022-04-28T00:00:00.000Z,92.4,98,86.4,86.4,94.7
"רמב""ם",92.4,2022-04-28T00:00:00.000Z,92.4,98,86.4,86.4,94.7
"רמב""ם",92.4,2022-04-28T00:00:00.000Z,92.4,98,86.4,86.4,94.7
"רמב""ם",92.4,2022-04-28T00:00:00.000Z,92.4,98,86.4,86.4,94.7
"רמב""ם",92.4,2022-04-28T00:00:00.000Z,92.4,98,86.4,86.4,94.7
"רמב""ם",92.4,2022-04-28T00:00:00.000Z,92.4,98,86.4,86.4,94.7
"רמב""ם",92.4,2022-04-28T00:00:00.000Z,92.4,98,86.4,86.4,94.7
"רמב""ם",92.4,2022-04-28T00:00:00.000Z,92.4,98,86.4,86.4,94.7
"רמב""ם",92.4,2022-04-28T00:00:00.000Z,92.4,98,86.4,86.4,94.7
"רמב""ם",92.4,2022-04-28T00:00:00.000Z,92.4,98,86.4,86.4,94.7
"רמב""ם",92.4,2022-04-28T00:00:00.000Z,92.4,98,86.4,86.4,94.7
"רמב""ם",92.4,2022-04-28T00:00:00.000Z,92.4,98,86.4,86.4,94.7
"רמב""ם",92.4,2022-04-28T00:00:00.000Z,92.4,98,86.4,86.4,94.7
"רמב""ם",92.4,2022-04-28T00:00:00.000Z,92.4,98,86.4,86.4,94.7
"רמב""ם",92.4,2022-04-28T00:00:00.000Z,92.4,98,86.4,86.4,94.7
"רמב""ם",92.4,2022-04-28T00:00:00.000Z,92.4,98,86.4,86.4,94.7
"רמב""ם",92.4,2022-04-28T00:00:00.000Z,92.4,98,86.4,86.4,94.7
"רמב""ם",92.4,2022-04-28T00:00:00.000Z,92.4,98,86.4,86.4,94.7
"רמב""ם",92.4,2022-04-28T00:00:00.000Z,92.4,98,86.4,86.4,94.7
"רמב""ם",92.4,2022-04-28T00:00:00.000Z,92.4,98,86.4,86.4,94.7
"רמב""ם",92.4,2022-04-28T00:00:00.000Z,92.4,98,86.4,86.4,94.7
"רמב""ם",92.4,2022-04-28T00:00:00.000Z,92.4,98,86.4,86.4,94.7
הלל יפה,97.9,2022-04-28T00:00:00.000Z,102.1,97.9,80,87.2,98.1
הלל יפה,97.9,2022-04-28T00:00:00.000Z,101.5,97.2,80,86.2,96.8
הלל יפה,97.9,2022-04-28T00:00:00.000Z,100.9,96.4,80,85.1,95.6
הלל יפה,97.9,2022-04-28T00:00:00.000Z,100.3,95.6,80,84.1,94.4
הלל יפה,97.9,2022-04-28T00:00:00.000Z,99.7,94.8,80,83.1,93.2
הלל יפה,97.9,2022-04-28T00:00:00.000Z,99.1,94,80,82.1,92
הלל יפה,97.9,2022-04-28T00:00:00.000Z,98.5,93.2,80,81,90.7
הלל יפה,97.9,2022-04-28T00:00:00.000Z,97.9,92.5,80,80,89.5
הלל יפה,97.9,2022-04-28T00:00:00.000Z,97.9,92.5,80,80,89.5
הלל יפה,97.9,2022-04-28T00:00:00.000Z,97.9,92.5,80,80,89.5
הלל יפה,97.9,2022-04-28T00:00:00.000Z,97.9,92.5,80,80,89.5
הלל יפה,97.9,2022-04-28T00:00:00.000Z,97.9,92.5,80,80,89.5
הלל יפה,97.9,2022-04-28T00:00:00.000Z,97.9,92.5,80,80,89.5
הלל יפה,97.9,2022-04-28T00:00:00.000Z,97.9,92.5,80,80,89.5
הלל יפה,97.9,2022-04-28T00:00:00.000Z,97.9,92.5,80,80,89.5
הלל יפה,97.9,2022-04-28T00:00:00.000Z,97.9,92.5,80,80,89.5
הלל יפה,97.9,2022-04-28T00:00:00.000Z,97.9,92.5,80,80,89.5
הלל יפה,97.9,2022-04-28T00:00:00.000Z,97.9,92.5,80,80,89.5
הלל יפה,97.9,2022-04-28T00:00:00.000Z,97.9,92.5,80,80,89.5
הלל יפה,97.9,2022-04-28T00:00:00.000Z,97.9,92.5,80,80,89.5
שיבא,98.7,2022-04-28T00:00:00.000Z,104.2,,105.4,106.7,
שיבא,98.7,2022-04-28T00:00:00.000Z,103.4,84.9,105.4,106.5,102.7
שיבא,98.7,2022-04-28T00:00:00.000Z,102.6,84.9,105.4,106.3,102.7
שיבא,98.7,2022-04-28T00:00:00.000Z,101.9,84.9,105.4,106.1,102.7
שיבא,98.7,2022-04-28T00:00:00.000Z,101.1,84.9,105.4,105.9,102.7
שיבא,98.7,2022-04-28T00:00:00.000Z,100.3,84.9,105.4,105.8,102.7
שיבא,98.7,2022-04-28T00:00:00.000Z,99.5,84.9,105.4,105.6,102.7
שיבא,98.7,2022-04-28T00:00:00.000Z,98.7,84.9,105.4,105.4,102.7
שיבא,98.7,2022-04-28T00:00:00.000Z,98.7,84.9,105.4,105.4,102.7
שיבא,98.7,2022-04-28T00:00:00.000Z,98.7,84.9,105.4,105.4,102.7
שיבא,98.7,2022-04-28T00:00:00.000Z,98.7,84.9,105.4,105.4,102.7
שיבא,98.7,2022-04-28T00:00:00.000Z,98.7,84.9,105.4,105.4,102.7
שיבא,98.7,2022-04-28T00:00:00.000Z,98.7,84.9,105.4,105.4,102.7
שיבא,98.7,2022-04-28T00:00:00.000Z,98.7,84.9,105.4,105.4,102.7
שיבא,98.7,2022-04-28T00:00:00.000Z,98.7,84.9,105.4,105.4,102.7
שיבא,98.7,2022-04-28T00:00:00.000Z,98.7,84.9,105.4,105.4,102.7
שיבא,98.7,2022-04-28T00:00:00.000Z,98.7,84.9,105.4,105.4,102.7
שיבא,98.7,2022-04-28T00:00:00.000Z,98.7,84.9,105.4,105.4,102.7
שיבא,98.7,2022-04-28T00:00:00.000Z,98.7,84.9,105.4,105.4,102.7
שיבא,98.7,2022-04-28T00:00:00.000Z,98.7,84.9,105.4,105.4,102.7
שיבא,98.7,2022-04-28T00:00:00.000Z,98.7,84.9,105.4,105.4,102.7
שיבא,98.7,2022-04-28T00:00:00.000Z,98.7,84.9,105.4,105.4,102.7
שיבא,98.7,2022-04-28T00:00:00.000Z,98.7,84.9,105.4,105.4,102.7
שיבא,98.7,2022-04-28T00:00:00.000Z,98.7,84.9,105.4,105.4,102.7
שיבא,98.7,2022-04-28T00:00:00.000Z,98.7,84.9,105.4,105.4,102.7
שיבא,98.7,2022-04-28T00:00:00.000Z,98.7,84.9,105.4,105.4,102.7
שיבא,98.7,2022-04-28T00:00:00.000Z,98.7,84.9,105.4,105.4,102.7
שיבא,98.7,2022-04-28T00:00:00.000Z,98.7,84.9,105.4,105.4,102.7
שיבא,98.7,2022-04-28T00:00:00.000Z,98.7,84.9,105.4,105.4,102.7
שיבא,98.7,2022-04-28T00:00:00.000Z,98.7,84.9,105.4,105.4,102.7
שיבא,98.7,2022-04-28T00:00:00.000Z,98.7,84.9,105.4,105.4,102.7
שיבא,98.7,2022-04-28T00:00:00.000Z,98.7,84.9,105.4,105.4,102.7
שיבא,98.7,2022-04-28T00:00:00.000Z,98.7,84.9,105.4,105.4,102.7
שיבא,98.7,2022-04-28T00:00:00.000Z,98.7,84.9,105.4,105.4,102.7
שיבא,98.7,2022-04-28T00:00:00.000Z,98.7,84.9,105.4,105.4,102.7
שיבא,98.7,2022-04-28T00:00:00.000Z,98.7,84.9,105.4,105.4,102.7
שיבא,98.7,2022-04-28T00:00:00.000Z,98.7,84.9,105.4,105.4,102.7
שיבא,98.7,2022-04-28T00:00:00.000Z,98.7,84.9,105.4,105.4,102.7
שיבא,98.7,2022-04-28T00:00:00.000Z,98.7,84.9,105.4,105.4,102.7
שיבא,98.7,2022-04-28T00:00:00.000Z,98.7,84.9,105.4,105.4,102.7
שיבא,98.7,2022-04-28T00:00:00.000Z,98.7,84.9,105.4,105.4,102.7
שיבא,98.7,2022-04-28T00:00:00.000Z,98.7,84.9,105.4,105.4,102.7
שיבא,98.7,2022-04-28T00:00:00.000Z,98.7,84.9,105.4,105.4,102.7
ברזילי,89.1,2022-04-28T00:00:00.000Z,89.1,76.6,80,80,76
ברזילי,89.1,2022-04-28T00:00:00.000Z,89.1,76.6,80,80,76
ברזילי,89.1,2022-04-28T00:00:00.000Z,89.1,76.6,80,80,76
ברזילי,89.1,2022-04-28T00:00:00.000Z,89.1,76.6,80,80,76
ברזילי,89.1,2022-04-28T00:00:00.000Z,89.1,76.6,80,80,76
ברזילי,89.1,2022-04-28T00:00:00.000Z,89.1,76.6,80,80,76
ברזילי,89.1,2022-04-28T00:00:00.000Z,89.1,76.6,80,80,76
ברזילי,89.1,2022-04-28T00:00:00.000Z,89.1,76.6,80,80,76
ברזילי,89.1,2022-04-28T00:00:00.000Z,89.1,76.6,80,80,76
ברזילי,89.1,2022-04-28T00:00:00.000Z,89.1,76.6,80,80,76
ברזילי,89.1,2022-04-28T00:00:00.000Z,89.1,76.6,80,80,76
ברזילי,89.1,2022-04-28T00:00:00.000Z,89.1,76.6,80,80,76
ברזילי,89.1,2022-04-28T00:00:00.000Z,89.1,76.6,80,80,76
ברזילי,89.1,2022-04-28T00:00:00.000Z,89.1,76.6,80,80,76
ברזילי,89.1,2022-04-28T00:00:00.000Z,89.1,76.6,80,80,76
ברזילי,89.1,2022-04-28T00:00:00.000Z,89.1,76.6,80,80,76
ברזילי,89.1,2022-04-28T00:00:00.000Z,89.1,76.6,80,80,76
ברזילי,89.1,2022-04-28T00:00:00.000Z,89.1,76.6,80,80,76
ברזילי,89.1,2022-04-28T00:00:00.000Z,89.1,76.6,80,80,76
ברזילי,89.1,2022-04-28T00:00:00.000Z,89.1,76.6,80,80,76
ברזילי,89.1,2022-04-28T00:00:00.000Z,89.1,76.6,80,80,76
ברזילי,89.1,2022-04-28T00:00:00.000Z,89.1,76.6,80,80,76
ברזילי,89.1,2022-04-28T00:00:00.000Z,89.1,76.6,80,80,76
ברזילי,89.1,2022-04-28T00:00:00.000Z,89.1,76.6,80,80,76
ברזילי,89.1,2022-04-28T00:00:00.000Z,89.1,76.6,80,80,76
ברזילי,89.1,2022-04-28T00:00:00.000Z,89.1,76.6,80,80,76
ברזילי,89.1,2022-04-28T00:00:00.000Z,89.1,76.6,80,80,76
ברזילי,89.1,2022-04-28T00:00:00.000Z,89.1,76.6,80,80,76
ברזילי,89.1,2022-04-28T00:00:00.000Z,89.1,76.6,80,80,76
ברזילי,89.1,2022-04-28T00:00:00.000Z,89.1,76.6,80,80,76
ברזילי,89.1,2022-04-28T00:00:00.000Z,89.1,76.6,80,80,76
ברזילי,89.1,2022-04-28T00:00:00.000Z,89.1,76.6,80,80,76
ברזילי,89.1,2022-04-28T00:00:00.000Z,89.1,76.6,80,80,76
ברזילי,89.1,2022-04-28T00:00:00.000Z,89.1,76.6,80,80,76
ברזילי,89.1,2022-04-28T00:00:00.000Z,89.1,76.6,80,80,76
ברזילי,89.1,2022-04-28T00:00:00.000Z,89.1,76.6,80,80,76
ברזילי,89.1,2022-04-28T00:00:00.000Z,89.1,76.6,80,80,76
ברזילי,89.1,2022-04-28T00:00:00.000Z,89.1,76.6,80,80,76
ברזילי,89.1,2022-04-28T00:00:00.000Z,89.1,76.6,80,80,76
ברזילי,89.1,2022-04-28T00:00:00.000Z,89.1,76.6,80,80,76
ברזילי,89.1,2022-04-28T00:00:00.000Z,89.1,76.6,80,80,76
ברזילי,89.1,2022-04-28T00:00:00.000Z,89.1,76.6,80,80,76
ברזילי,89.1,2022-04-28T00:00:00.000Z,89.1,76.6,80,80,76
ברזילי,89.1,2022-04-28T00:00:00.000Z,89.1,76.6,80,80,76
ברזילי,89.1,2022-04-28T00:00:00.000Z,89.1,76.6,80,80,76
ברזילי,89.1,2022-04-28T00:00:00.000Z,89.1,76.6,80,80,76
ברזילי,89.1,2022-04-28T00:00:00.000Z,89.1,76.6,80,80,76
ברזילי,89.1,2022-04-28T00:00:00.000Z,89.1,76.6,80,80,76
ברזילי,89.1,2022-04-28T00:00:00.000Z,89.1,76.6,80,80,76
ברזילי,89.1,2022-04-28T00:00:00.000Z,89.1,76.6,80,80,76
ברזילי,89.1,2022-04-28T00:00:00.000Z,89.1,76.6,80,80,76
ברזילי,89.1,2022-04-28T00:00:00.000Z,89.1,76.6,80,80,76
ברזילי,89.1,2022-04-28T00:00:00.000Z,89.1,76.6,80,80,76
ברזילי,89.1,2022-04-28T00:00:00.000Z,89.1,76.6,80,80,76
ברזילי,89.1,2022-04-28T00:00:00.000Z,89.1,76.6,80,80,76
ברזילי,89.1,2022-04-28T00:00:00.000Z,89.1,76.6,80,80,76
ברזילי,89.1,2022-04-28T00:00:00.000Z,89.1,76.6,80,80,76
ברזילי,89.1,2022-04-28T00:00:00.000Z,89.1,76.6,80,80,76
ברזילי,89.1,2022-04-28T00:00:00.000Z,89.1,76.6,80,80,76
ברזילי,89.1,2022-04-28T00:00:00.000Z,89.1,76.6,80,80,76
ברזילי,89.1,2022-04-28T00:00:00.000Z,89.1,76.6,80,80,76
ברזילי,89.1,2022-04-28T00:00:00.000Z,89.1,76.6,80,80,76
ברזילי,89.1,2022-04-28T00:00:00.000Z,89.1,76.6,80,80,76
ברזילי,89.1,2022-04-28T00:00:00.000Z,89.1,76.6,80,80,76
ברזילי,89.1,2022-04-28T00:00:00.000Z,89.1,76.6,80,80,76
ברזילי,89.1,2022-04-28T00:00:00.000Z,89.1,76.6,80,80,76
ברזילי,89.1,2022-04-28T00:00:00.000Z,89.1,76.6,80,80,76
ברזילי,89.1,2022-04-28T00:00:00.000Z,89.1,76.6,80,80,76
ברזילי,89.1,2022-04-28T00:00:00.000Z,89.1,76.6,80,80,76
ברזילי,89.1,2022-04-28T00:00:00.000Z,89.1,76.6,80,80,76
ברזילי,89.1,2022-04-28T00:00:00.000Z,89.1,76.6,80,80,76
ברזילי,89.1,2022-04-28T00:00:00.000Z,89.1,76.6,80,80,76
ברזילי,89.1,2022-04-28T00:00:00.000Z,89.1,76.6,80,80,76
ברזילי,89.1,2022-04-28T00:00:00.000Z,89.1,76.6,80,80,76
ברזילי,89.1,2022-04-28T00:00:00.000Z,89.1,76.6,80,80,76
ברזילי,89.1,2022-04-28T00:00:00.000Z,89.1,76.6,80,80,76
ברזילי,89.1,2022-04-28T00:00:00.000Z,89.1,76.6,80,80,76
ברזילי,89.1,2022-04-28T00:00:00.000Z,89.1,76.6,80,80,76
ברזילי,89.1,2022-04-28T00:00:00.000Z,89.1,76.6,80,80,76
ברזילי,89.1,2022-04-28T00:00:00.000Z,89.1,76.6,80,80,76
ברזילי,89.1,2022-04-28T00:00:00.000Z,89.1,76.6,80,80,76
ברזילי,89.1,2022-04-28T00:00:00.000Z,89.1,76.6,80,80,76
ברזילי,89.1,2022-04-28T00:00:00.000Z,89.1,76.6,80,80,76
ברזילי,89.1,2022-04-28T00:00:00.000Z,89.1,76.6,80,80,76
ברזילי,89.1,2022-04-28T00:00:00.000Z,89.1,76.6,80,80,76
ברזילי,89.1,2022-04-28T00:00:00.000Z,89.1,76.6,80,80,76
ברזילי,89.1,2022-04-28T00:00:00.000Z,89.1,76.6,80,80,76
ברזילי,89.1,2022-04-28T00:00:00.000Z,89.1,76.6,80,80,76
ברזילי,89.1,2022-04-28T00:00:00.000Z,89.1,76.6,80,80,76
ברזילי,89.1,2022-04-28T00:00:00.000Z,89.1,76.6,80,80,76
ברזילי,89.1,2022-04-28T00:00:00.000Z,89.1,76.6,80,80,76
ברזילי,89.1,2022-04-28T00:00:00.000Z,89.1,76.6,80,80,76
ברזילי,89.1,2022-04-28T00:00:00.000Z,89.1,76.6,80,80,76
ברזילי,89.1,2022-04-28T00:00:00.000Z,89.1,76.6,80,80,76
ברזילי,89.1,2022-04-28T00:00:00.000Z,89.1,76.6,80,80,76
ברזילי,89.1,2022-04-28T00:00:00.000Z,89.1,76.6,80,80,76
ברזילי,89.1,2022-04-28T00:00:00.000Z,89.1,76.6,80,80,76
ברזילי,89.1,2022-04-28T00:00:00.000Z,89.1,76.6,80,80,76
ברזילי,89.1,2022-04-28T00:00:00.000Z,89.1,76.6,80,80,76
ברזילי,89.1,2022-04-28T00:00:00.000Z,89.1,76.6,80,80,76
ברזילי,89.1,2022-04-28T00:00:00.000Z,89.1,76.6,80,80,76
ברזילי,89.1,2022-04-28T00:00:00.000Z,89.1,76.6,80,80,76
יוספטל,93.8,2022-04-28T00:00:00.000Z,81.3,50,58.5,53.8,49.2
יוספטל,93.8,2022-04-28T00:00:00.000Z,83,50.9,58.5,54.5,49.9
יוספטל,93.8,2022-04-28T00:00:00.000Z,84.8,51.8,58.5,55.2,50.5
יוספטל,93.8,2022-04-28T00:00:00.000Z,86.6,52.7,58.5,55.8,51.2
יוספטל,93.8,2022-04-28T00:00:00.000Z,88.4,53.6,58.5,56.5,51.9
יוספטל,93.8,2022-04-28T00:00:00.000Z,90.2,54.5,58.5,57.1,52.5
יוספטל,93.8,2022-04-28T00:00:00.000Z,92,55.4,58.5,57.8,53.2
יוספטל,93.8,2022-04-28T00:00:00.000Z,93.8,56.3,58.5,58.5,53.8
יוספטל,93.8,2022-04-28T00:00:00.000Z,93.8,56.3,58.5,58.5,53.8
יוספטל,93.8,2022-04-28T00:00:00.000Z,93.8,56.3,58.5,58.5,53.8
יוספטל,93.8,2022-04-28T00:00:00.000Z,93.8,56.3,58.5,58.5,53.8
יוספטל,93.8,2022-04-28T00:00:00.000Z,93.8,56.3,58.5,58.5,53.8
יוספטל,93.8,2022-04-28T00:00:00.000Z,93.8,56.3,58.5,58.5,53.8
יוספטל,93.8,2022-04-28T00:00:00.000Z,93.8,56.3,58.5,58.5,53.8
יוספטל,93.8,2022-04-28T00:00:00.000Z,93.8,56.3,58.5,58.5,53.8
יוספטל,93.8,2022-04-28T00:00:00.000Z,93.8,56.3,58.5,58.5,53.8
יוספטל,93.8,2022-04-28T00:00:00.000Z,93.8,56.3,58.5,58.5,53.8
יוספטל,93.8,2022-04-28T00:00:00.000Z,93.8,56.3,58.5,58.5,53.8
"רמב""ם",92.4,2022-04-28T00:00:00.000Z,92.4,98,86.4,86.4,94.7
"רמב""ם",92.4,2022-04-28T00:00:00.000Z,92.4,98,86.4,86.4,94.7
"רמב""ם",92.4,2022-04-28T00:00:00.000Z,92.4,98,86.4,86.4,94.7
"רמב""ם",92.4,2022-04-28T00:00:00.000Z,92.4,98,86.4,86.4,94.7
"רמב""ם",92.4,2022-04-28T00:00:00.000Z,92.4,98,86.4,86.4,94.7
"רמב""ם",92.4,2022-04-28T00:00:00.000Z,92.4,98,86.4,86.4,94.7
"רמב""ם",92.4,2022-04-28T00:00:00.000Z,92.4,98,86.4,86.4,94.7
"רמב""ם",92.4,2022-04-28T00:00:00.000Z,92.4,98,86.4,86.4,94.7
"רמב""ם",92.4,2022-04-28T00:00:00.000Z,92.4,98,86.4,86.4,94.7
"רמב""ם",92.4,2022-04-28T00:00:00.000Z,92.4,98,86.4,86.4,94.7
"רמב""ם",92.4,2022-04-28T00:00:00.000Z,92.4,98,86.4,86.4,94.7
"רמב""ם",92.4,2022-04-28T00:00:00.000Z,92.4,98,86.4,86.4,94.7
"רמב""ם",92.4,2022-04-28T00:00:00.000Z,92.4,98,86.4,86.4,94.7
"רמב""ם",92.4,2022-04-28T00:00:00.000Z,92.4,98,86.4,86.4,94.7
"רמב""ם",92.4,2022-04-28T00:00:00.000Z,92.4,98,86.4,86.4,94.7
"רמב""ם",92.4,2022-04-28T00:00:00.000Z,92.4,98,86.4,86.4,94.7
"רמב""ם",92.4,2022-04-28T00:00:00.000Z,92.4,98,86.4,86.4,94.7
"רמב""ם",92.4,2022-04-28T00:00:00.000Z,92.4,98,86.4,86.4,94.7
"רמב""ם",92.4,2022-04-28T00:00:00.000Z,92.4,98,86.4,86.4,94.7
"רמב""ם",92.4,2022-04-28T00:00:00.000Z,92.4,98,86.4,86.4,94.7
"רמב""ם",92.4,2022-04-28T00:00:00.000Z,92.4,98,86.4,86.4,94.7
"רמב""ם",92.4,2022-04-28T00:00:00.000Z,92.4,98,86.4,86.4,94.7
"רמב""ם",92.4,2022-04-28T00:00:00.000Z,92.4,98,86.4,86.4,94.7
"רמב""ם",92.4,2022-04-28T00:00:00.000Z,92.4,98,86.4,86.4,94.7
"רמב""ם",92.4,2022-04-28T00:00:00.000Z,92.4,98,86.4,86.4,94.7
"רמב""ם",92.4,2022-04-28T00:00:00.000Z,92.4,98,86.4,86.4,94.7
"רמב""ם",92.4,2022-04-28T00:00:00.000Z,92.4,98,86.4,86.4,94.7
"רמב""ם",92.4,2022-04-28T00:00:00.000Z,92.4,98,86.4,86.4,94.7
"רמב""ם",92.4,2022-04-28T00:00:00.000Z,92.4,98,86.4,86.4,94.7
"רמב""ם",92.4,2022-04-28T00:00:00.000Z,92.4,98,86.4,86.4,94.7
"רמב""ם",92.4,2022-04-28T00:00:00.000Z,92.4,98,86.4,86.4,94.7
"רמב""ם",92.4,2022-04-28T00:00:00.000Z,92.4,98,86.4,86.4,94.7
"רמב""ם",92.4,2022-04-28T00:00:00.000Z,92.4,98,86.4,86.4,94.7
"רמב""ם",92.4,2022-04-28T00:00:00.000Z,92.4,98,86.4,86.4,94.7
הלל יפה,97.9,2022-04-28T00:00:00.000Z,97.9,92.5,80,80,89.5
הלל יפה,97.9,2022-04-28T00:00:00.000Z,97.9,92.5,80,80,89.5
הלל יפה,97.9,2022-04-28T00:00:00.000Z,97.9,92.5,80,80,89.5
הלל יפה,97.9,2022-04-28T00:00:00.000Z,97.9,92.5,80,80,89.5
הלל יפה,97.9,2022-04-28T00:00:00.000Z,97.9,92.5,80,80,89.5
הלל יפה,97.9,2022-04-28T00:00:00.000Z,97.9,92.5,80,80,89.5
הלל יפה,97.9,2022-04-28T00:00:00.000Z,97.9,92.5,80,80,89.5
הלל יפה,97.9,2022-04-28T00:00:00.000Z,97.9,92.5,80,80,89.5
הלל יפה,97.9,2022-04-28T00:00:00.000Z,97.9,92.5,80,80,89.5
הלל יפה,97.9,2022-04-28T00:00:00.000Z,97.9,92.5,80,80,89.5
הלל יפה,97.9,2022-04-28T00:00:00.000Z,97.9,92.5,80,80,89.5
הלל יפה,97.9,2022-04-28T00:00:00.000Z,97.9,92.5,80,80,89.5
הלל יפה,97.9,2022-04-28T00:00:00.000Z,97.9,92.5,80,80,89.5
הלל יפה,97.9,2022-04-28T00:00:00.000Z,97.9,92.5,80,80,89.5
הלל יפה,97.9,2022-04-28T00:00:00.000Z,97.9,92.5,80,80,89.5
הלל יפה,97.9,2022-04-28T00:00:00.000Z,97.9,92.5,80,80,89.5
הלל יפה,97.9,2022-04-28T00:00:00.000Z,97.9,92.5,80,80,89.5
הלל יפה,97.9,2022-04-28T00:00:00.000Z,97.9,92.5,80,80,89.5
הלל יפה,97.9,2022-04-28T00:00:00.000Z,97.9,92.5,80,80,89.5
הלל יפה,97.9,2022-04-28T00:00:00.000Z,97.9,92.5,80,80,89.5
הלל יפה,97.9,2022-04-28T00:00:00.000Z,97.9,92.5,80,80,89.5
הלל יפה,97.9,2022-04-28T00:00:00.000Z,97.9,92.5,80,80,89.5
הלל יפה,97.9,2022-04-28T00:00:00.000Z,97.9,92.5,80,80,89.5
הלל יפה,97.9,2022-04-28T00:00:00.000Z,97.9,92.5,80,80,89.5
הלל יפה,97.9,2022-04-28T00:00:00.000Z,97.9,92.5,80,80,89.5
הלל יפה,97.9,2022-04-28T00:00:00.000Z,97.9,92.5,80,80,89.5
הלל יפה,97.9,2022-04-28T00:00:00.000Z,97.9,92.5,80,80,89.5
הלל יפה,97.9,2022-04-28T00:00:00.000Z,97.9,92.5,80,80,89.5
הלל יפה,97.9,2022-04-28T00:00:00.000Z,97.9,92.5,80,80,89.5
הלל יפה,97.9,2022-04-28T00:00:00.000Z,97.9,92.5,80,80,89.5
הלל יפה,97.9,2022-04-28T00:00:00.000Z,97.9,92.5,80,80,89.5
הלל יפה,97.9,2022-04-28T00:00:00.000Z,97.9,92.5,80,80,89.5
הלל יפה,97.9,2022-04-28T00:00:00.000Z,97.9,92.5,80,80,89.5
הלל יפה,97.9,2022-04-28T00:00:00.000Z,97.9,92.5,80,80,89.5
נהריה,87.9,2022-04-28T00:00:00.000Z,90.5,93.7,80.5,86.2,86.3
נהריה,87.9,2022-04-28T00:00:00.000Z,90.2,93.8,80.5,85.4,86.7
נהריה,87.9,2022-04-28T00:00:00.000Z,89.8,93.8,80.5,84.6,87
נהריה,87.9,2022-04-28T00:00:00.000Z,89.4,93.9,80.5,83.8,87.4
נהריה,87.9,2022-04-28T00:00:00.000Z,89,94,80.5,83,87.7
נהריה,87.9,2022-04-28T00:00:00.000Z,88.6,94.1,80.5,82.2,88.1
נהריה,87.9,2022-04-28T00:00:00.000Z,88.3,94.1,80.5,81.4,88.4
נהריה,87.9,2022-04-28T00:00:00.000Z,87.9,94.2,80.5,80.5,88.8
נהריה,87.9,2022-04-28T00:00:00.000Z,87.9,94.2,80.5,80.5,88.8
נהריה,87.9,2022-04-28T00:00:00.000Z,87.9,94.2,80.5,80.5,88.8
נהריה,87.9,2022-04-28T00:00:00.000Z,87.9,94.2,80.5,80.5,88.8
נהריה,87.9,2022-04-28T00:00:00.000Z,87.9,94.2,80.5,80.5,88.8
נהריה,87.9,2022-04-28T00:00:00.000Z,87.9,94.2,80.5,80.5,88.8
נהריה,87.9,2022-04-28T00:00:00.000Z,87.9,94.2,80.5,80.5,88.8
נהריה,87.9,2022-04-28T00:00:00.000Z,87.9,94.2,80.5,80.5,88.8
נהריה,87.9,2022-04-28T00:00:00.000Z,87.9,94.2,80.5,80.5,88.8
נהריה,87.9,2022-04-28T00:00:00.000Z,87.9,94.2,80.5,80.5,88.8
נהריה,87.9,2022-04-28T00:00:00.000Z,87.9,94.2,80.5,80.5,88.8
יוספטל,93.8,2022-04-28T00:00:00.000Z,93.8,56.3,58.5,58.5,53.8
יוספטל,93.8,2022-04-28T00:00:00.000Z,93.8,56.3,58.5,58.5,53.8
יוספטל,93.8,2022-04-28T00:00:00.000Z,93.8,56.3,58.5,58.5,53.8
יוספטל,93.8,2022-04-28T00:00:00.000Z,93.8,56.3,58.5,58.5,53.8
יוספטל,93.8,2022-04-28T00:00:00.000Z,93.8,56.3,58.5,58.5,53.8
יוספטל,93.8,2022-04-28T00:00:00.000Z,93.8,56.3,58.5,58.5,53.8
יוספטל,93.8,2022-04-28T00:00:00.000Z,93.8,56.3,58.5,58.5,53.8
יוספטל,93.8,2022-04-28T00:00:00.000Z,93.8,56.3,58.5,58.5,53.8
יוספטל,93.8,2022-04-28T00:00:00.000Z,93.8,56.3,58.5,58.5,53.8
יוספטל,93.8,2022-04-28T00:00:00.000Z,93.8,56.3,58.5,58.5,53.8
יוספטל,93.8,2022-04-28T00:00:00.000Z,93.8,56.3,58.5,58.5,53.8
יוספטל,93.8,2022-04-28T00:00:00.000Z,93.8,56.3,58.5,58.5,53.8
יוספטל,93.8,2022-04-28T00:00:00.000Z,93.8,56.3,58.5,58.5,53.8
יוספטל,93.8,2022-04-28T00:00:00.000Z,93.8,56.3,58.5,58.5,53.8
יוספטל,93.8,2022-04-28T00:00:00.000Z,93.8,56.3,58.5,58.5,53.8
יוספטל,93.8,2022-04-28T00:00:00.000Z,93.8,56.3,58.5,58.5,53.8
יוספטל,93.8,2022-04-28T00:00:00.000Z,93.8,56.3,58.5,58.5,53.8
יוספטל,93.8,2022-04-28T00:00:00.000Z,93.8,56.3,58.5,58.5,53.8
יוספטל,93.8,2022-04-28T00:00:00.000Z,93.8,56.3,58.5,58.5,53.8
יוספטל,93.8,2022-04-28T00:00:00.000Z,93.8,56.3,58.5,58.5,53.8
יוספטל,93.8,2022-04-28T00:00:00.000Z,93.8,56.3,58.5,58.5,53.8
יוספטל,93.8,2022-04-28T00:00:00.000Z,93.8,56.3,58.5,58.5,53.8
יוספטל,93.8,2022-04-28T00:00:00.000Z,93.8,56.3,58.5,58.5,53.8
יוספטל,93.8,2022-04-28T00:00:00.000Z,93.8,56.3,58.5,58.5,53.8
יוספטל,93.8,2022-04-28T00:00:00.000Z,93.8,56.3,58.5,58.5,53.8
יוספטל,93.8,2022-04-28T00:00:00.000Z,93.8,56.3,58.5,58.5,53.8
יוספטל,93.8,2022-04-28T00:00:00.000Z,93.8,56.3,58.5,58.5,53.8
יוספטל,93.8,2022-04-28T00:00:00.000Z,93.8,56.3,58.5,58.5,53.8
יוספטל,93.8,2022-04-28T00:00:00.000Z,93.8,56.3,58.5,58.5,53.8
יוספטל,93.8,2022-04-28T00:00:00.000Z,93.8,56.3,58.5,58.5,53.8
יוספטל,93.8,2022-04-28T00:00:00.000Z,93.8,56.3,58.5,58.5,53.8
יוספטל,93.8,2022-04-28T00:00:00.000Z,93.8,56.3,58.5,58.5,53.8
יוספטל,93.8,2022-04-28T00:00:00.000Z,93.8,56.3,58.5,58.5,53.8
יוספטל,93.8,2022-04-28T00:00:00.000Z,93.8,56.3,58.5,58.5,53.8
שיבא,98.7,2022-04-28T00:00:00.000Z,98.7,84.9,105.4,105.4,102.7
שיבא,98.7,2022-04-28T00:00:00.000Z,98.7,84.9,105.4,105.4,102.7
שיבא,98.7,2022-04-28T00:00:00.000Z,98.7,84.9,105.4,105.4,102.7
שיבא,98.7,2022-04-28T00:00:00.000Z,98.7,84.9,105.4,105.4,102.7
שיבא,98.7,2022-04-28T00:00:00.000Z,98.7,84.9,105.4,105.4,102.7
שיבא,98.7,2022-04-28T00:00:00.000Z,98.7,84.9,105.4,105.4,102.7
שיבא,98.7,2022-04-28T00:00:00.000Z,98.7,84.9,105.4,105.4,102.7
שיבא,98.7,2022-04-28T00:00:00.000Z,98.7,84.9,105.4,105.4,102.7
שיבא,98.7,2022-04-28T00:00:00.000Z,98.7,84.9,105.4,105.4,102.7
שיבא,98.7,2022-04-28T00:00:00.000Z,98.7,84.9,105.4,105.4,102.7
שיבא,98.7,2022-04-28T00:00:00.000Z,98.7,84.9,105.4,105.4,102.7
שיבא,98.7,2022-04-28T00:00:00.000Z,98.7,84.9,105.4,105.4,102.7
שיבא,98.7,2022-04-28T00:00:00.000Z,98.7,84.9,105.4,105.4,102.7
שיבא,98.7,2022-04-28T00:00:00.000Z,98.7,84.9,105.4,105.4,102.7
שיבא,98.7,2022-04-28T00:00:00.000Z,98.7,84.9,105.4,105.4,102.7
שיבא,98.7,2022-04-28T00:00:00.000Z,98.7,84.9,105.4,105.4,102.7
שיבא,98.7,2022-04-28T00:00:00.000Z,98.7,84.9,105.4,105.4,102.7
שיבא,98.7,2022-04-28T00:00:00.000Z,98.7,84.9,105.4,105.4,102.7
שיבא,98.7,2022-04-28T00:00:00.000Z,98.7,84.9,105.4,105.4,102.7
שיבא,98.7,2022-04-28T00:00:00.000Z,98.7,84.9,105.4,105.4,102.7
שיבא,98.7,2022-04-28T00:00:00.000Z,98.7,84.9,105.4,105.4,102.7
שיבא,98.7,2022-04-28T00:00:00.000Z,98.7,84.9,105.4,105.4,102.7
שיבא,98.7,2022-04-28T00:00:00.000Z,98.7,84.9,105.4,105.4,102.7
שיבא,98.7,2022-04-28T00:00:00.000Z,98.7,84.9,105.4,105.4,102.7
שיבא,98.7,2022-04-28T00:00:00.000Z,98.7,84.9,105.4,105.4,102.7
שיבא,98.7,2022-04-28T00:00:00.000Z,98.7,84.9,105.4,105.4,102.7
שיבא,98.7,2022-04-28T00:00:00.000Z,98.7,84.9,105.4,105.4,102.7
שיבא,98.7,2022-04-28T00:00:00.000Z,98.7,84.9,105.4,105.4,102.7
שיבא,98.7,2022-04-28T00:00:00.000Z,98.7,84.9,105.4,105.4,102.7
שיבא,98.7,2022-04-28T00:00:00.000Z,98.7,84.9,105.4,105.4,102.7
שיבא,98.7,2022-04-28T00:00:00.000Z,98.7,84.9,105.4,105.4,102.7
שיבא,98.7,2022-04-28T00:00:00.000Z,98.7,84.9,105.4,105.4,102.7
שיבא,98.7,2022-04-28T00:00:00.000Z,98.7,84.9,105.4,105.4,102.7
שיבא,98.7,2022-04-28T00:00:00.000Z,98.7,84.9,105.4,105.4,102.7
שיבא,98.7,2022-04-28T00:00:00.000Z,98.7,84.9,105.4,105.4,102.7
שיבא,98.7,2022-04-28T00:00:00.000Z,98.7,84.9,105.4,105.4,102.7
שיבא,98.7,2022-04-28T00:00:00.000Z,98.7,84.9,105.4,105.4,102.7
שיבא,98.7,2022-04-28T00:00:00.000Z,98.7,84.9,105.4,105.4,102.7
שיבא,98.7,2022-04-28T00:00:00.000Z,98.7,84.9,105.4,105.4,102.7
שיבא,98.7,2022-04-28T00:00:00.000Z,98.7,84.9,105.4,105.4,102.7
שיבא,98.7,2022-04-28T00:00:00.000Z,98.7,84.9,105.4,105.4,102.7
שיבא,98.7,2022-04-28T00:00:00.000Z,98.7,84.9,105.4,105.4,102.7
שיבא,98.7,2022-04-28T00:00:00.000Z,98.7,84.9,105.4,105.4,102.7
שיבא,98.7,2022-04-28T00:00:00.000Z,98.7,84.9,105.4,105.4,102.7
שיבא,98.7,2022-04-28T00:00:00.000Z,98.7,84.9,105.4,105.4,102.7
שיבא,98.7,2022-04-28T00:00:00.000Z,98.7,84.9,105.4,105.4,102.7
שיבא,98.7,2022-04-28T00:00:00.000Z,98.7,84.9,105.4,105.4,102.7
שיבא,98.7,2022-04-28T00:00:00.000Z,98.7,84.9,105.4,105.4,102.7
שיבא,98.7,2022-04-28T00:00:00.000Z,98.7,84.9,105.4,105.4,102.7
שיבא,98.7,2022-04-28T00:00:00.000Z,98.7,84.9,105.4,105.4,102.7
שיבא,98.7,2022-04-28T00:00:00.000Z,98.7,84.9,105.4,105.4,102.7
שיבא,98.7,2022-04-28T00:00:00.000Z,98.7,84.9,105.4,105.4,102.7
שיבא,98.7,2022-04-28T00:00:00.000Z,98.7,84.9,105.4,105.4,102.7
שיבא,98.7,2022-04-28T00:00:00.000Z,98.7,84.9,105.4,105.4,102.7
שיבא,98.7,2022-04-28T00:00:00.000Z,98.7,84.9,105.4,105.4,102.7
שיבא,98.7,2022-04-28T00:00:00.000Z,98.7,84.9,105.4,105.4,102.7
שיבא,98.7,2022-04-28T00:00:00.000Z,98.7,84.9,105.4,105.4,102.7
שיבא,98.7,2022-04-28T00:00:00.000Z,98.7,84.9,105.4,105.4,102.7
שיבא,98.7,2022-04-28T00:00:00.000Z,98.7,84.9,105.4,105.4,102.7
שיבא,98.7,2022-04-28T00:00:00.000Z,98.7,84.9,105.4,105.4,102.7
שיבא,98.7,2022-04-28T00:00:00.000Z,98.7,84.9,105.4,105.4,102.7
שיבא,98.7,2022-04-28T00:00:00.000Z,98.7,84.9,105.4,105.4,102.7
שיבא,98.7,2022-04-28T00:00:00.000Z,98.7,84.9,105.4,105.4,102.7
שיבא,98.7,2022-04-28T00:00:00.000Z,98.7,84.9,105.4,105.4,102.7
שיבא,98.7,2022-04-28T00:00:00.000Z,98.7,84.9,105.4,105.4,102.7
שיבא,98.7,2022-04-28T00:00:00.000Z,98.7,84.9,105.4,105.4,102.7
שיבא,98.7,2022-04-28T00:00:00.000Z,98.7,84.9,105.4,105.4,102.7
שיבא,98.7,2022-04-28T00:00:00.000Z,98.7,84.9,105.4,105.4,102.7
נהריה,87.9,2022-04-28T00:00:00.000Z,87.9,94.2,80.5,80.5,88.8
נהריה,87.9,2022-04-28T00:00:00.000Z,87.9,94.2,80.5,80.5,88.8
נהריה,87.9,2022-04-28T00:00:00.000Z,87.9,94.2,80.5,80.5,88.8
נהריה,87.9,2022-04-28T00:00:00.000Z,87.9,94.2,80.5,80.5,88.8
נהריה,87.9,2022-04-28T00:00:00.000Z,87.9,94.2,80.5,80.5,88.8
נהריה,87.9,2022-04-28T00:00:00.000Z,87.9,94.2,80.5,80.5,88.8
נהריה,87.9,2022-04-28T00:00:00.000Z,87.9,94.2,80.5,80.5,88.8
נהריה,87.9,2022-04-28T00:00:00.000Z,87.9,94.2,80.5,80.5,88.8
נהריה,87.9,2022-04-28T00:00:00.000Z,87.9,94.2,80.5,80.5,88.8
נהריה,87.9,2022-04-28T00:00:00.000Z,87.9,94.2,80.5,80.5,88.8
נהריה,87.9,2022-04-28T00:00:00.000Z,87.9,94.2,80.5,80.5,88.8
נהריה,87.9,2022-04-28T00:00:00.000Z,87.9,94.2,80.5,80.5,88.8
נהריה,87.9,2022-04-28T00:00:00.000Z,87.9,94.2,80.5,80.5,88.8
נהריה,87.9,2022-04-28T00:00:00.000Z,87.9,94.2,80.5,80.5,88.8
נהריה,87.9,2022-04-28T00:00:00.000Z,87.9,94.2,80.5,80.5,88.8
נהריה,87.9,2022-04-28T00:00:00.000Z,87.9,94.2,80.5,80.5,88.8
נהריה,87.9,2022-04-28T00:00:00.000Z,87.9,94.2,80.5,80.5,88.8
נהריה,87.9,2022-04-28T00:00:00.000Z,87.9,94.2,80.5,80.5,88.8
נהריה,87.9,2022-04-28T00:00:00.000Z,87.9,94.2,80.5,80.5,88.8
נהריה,87.9,2022-04-28T00:00:00.000Z,87.9,94.2,80.5,80.5,88.8
נהריה,87.9,2022-04-28T00:00:00.000Z,87.9,94.2,80.5,80.5,88.8
נהריה,87.9,2022-04-28T00:00:00.000Z,87.9,94.2,80.5,80.5,88.8
נהריה,87.9,2022-04-28T00:00:00.000Z,87.9,94.2,80.5,80.5,88.8
נהריה,87.9,2022-04-28T00:00:00.000Z,87.9,94.2,80.5,80.5,88.8
נהריה,87.9,2022-04-28T00:00:00.000Z,87.9,94.2,80.5,80.5,88.8
נהריה,87.9,2022-04-28T00:00:00.000Z,87.9,94.2,80.5,80.5,88.8
נהריה,87.9,2022-04-28T00:00:00.000Z,87.9,94.2,80.5,80.5,88.8
נהריה,87.9,2022-04-28T00:00:00.000Z,87.9,94.2,80.5,80.5,88.8
נהריה,87.9,2022-04-28T00:00:00.000Z,87.9,94.2,80.5,80.5,88.8
נהריה,87.9,2022-04-28T00:00:00.000Z,87.9,94.2,80.5,80.5,88.8
נהריה,87.9,2022-04-28T00:00:00.000Z,87.9,94.2,80.5,80.5,88.8
נהריה,87.9,2022-04-28T00:00:00.000Z,87.9,94.2,80.5,80.5,88.8
נהריה,87.9,2022-04-28T00:00:00.000Z,87.9,94.2,80.5,80.5,88.8
נהריה,87.9,2022-04-28T00:00:00.000Z,87.9,94.2,80.5,80.5,88.8
הלל יפה,97.9,2022-04-28T00:00:00.000Z,97.9,92.5,80,80,89.5
הלל יפה,97.9,2022-04-28T00:00:00.000Z,97.9,92.5,80,80,89.5
הלל יפה,97.9,2022-04-28T00:00:00.000Z,97.9,92.5,80,80,89.5
הלל יפה,97.9,2022-04-28T00:00:00.000Z,97.9,92.5,80,80,89.5
הלל יפה,97.9,2022-04-28T00:00:00.000Z,97.9,92.5,80,80,89.5
הלל יפה,97.9,2022-04-28T00:00:00.000Z,97.9,92.5,80,80,89.5
הלל יפה,97.9,2022-04-28T00:00:00.000Z,97.9,92.5,80,80,89.5
הלל יפה,97.9,2022-04-28T00:00:00.000Z,97.9,92.5,80,80,89.5
הלל יפה,97.9,2022-04-28T00:00:00.000Z,97.9,92.5,80,80,89.5
הלל יפה,97.9,2022-04-28T00:00:00.000Z,97.9,92.5,80,80,89.5
הלל יפה,97.9,2022-04-28T00:00:00.000Z,97.9,92.5,80,80,89.5
הלל יפה,97.9,2022-04-28T00:00:00.000Z,97.9,92.5,80,80,89.5
הלל יפה,97.9,2022-04-28T00:00:00.000Z,97.9,92.5,80,80,89.5
הלל יפה,97.9,2022-04-28T00:00:00.000Z,97.9,92.5,80,80,89.5
הלל יפה,97.9,2022-04-28T00:00:00.000Z,97.9,92.5,80,80,89.5
הלל יפה,97.9,2022-04-28T00:00:00.000Z,97.9,92.5,80,80,89.5
הלל יפה,97.9,2022-04-28T00:00:00.000Z,97.9,92.5,80,80,89.5
הלל יפה,97.9,2022-04-28T00:00:00.000Z,97.9,92.5,80,80,89.5
הלל יפה,97.9,2022-04-28T00:00:00.000Z,97.9,92.5,80,80,89.5
הלל יפה,97.9,2022-04-28T00:00:00.000Z,97.9,92.5,80,80,89.5
הלל יפה,97.9,2022-04-28T00:00:00.000Z,97.9,92.5,80,80,89.5
הלל יפה,97.9,2022-04-28T00:00:00.000Z,97.9,92.5,80,80,89.5
הלל יפה,97.9,2022-04-28T00:00:00.000Z,97.9,92.5,80,80,89.5
הלל יפה,97.9,2022-04-28T00:00:00.000Z,97.9,92.5,80,80,89.5
הלל יפה,97.9,2022-04-28T00:00:00.000Z,97.9,92.5,80,80,89.5
הלל יפה,97.9,2022-04-28T00:00:00.000Z,97.9,92.5,80,80,89.5
הלל יפה,97.9,2022-04-28T00:00:00.000Z,97.9,92.5,80,80,89.5
הלל יפה,97.9,2022-04-28T00:00:00.000Z,97.9,92.5,80,80,89.5
הלל יפה,97.9,2022-04-28T00:00:00.000Z,97.9,92.5,80,80,89.5
הלל יפה,97.9,2022-04-28T00:00:00.000Z,97.9,92.5,80,80,89.5
הלל יפה,97.9,2022-04-28T00:00:00.000Z,97.9,92.5,80,80,89.5
הלל יפה,97.9,2022-04-28T00:00:00.000Z,97.9,92.5,80,80,89.5
הלל יפה,97.9,2022-04-28T00:00:00.000Z,97.9,92.5,80,80,89.5
הלל יפה,97.9,2022-04-28T00:00:00.000Z,97.9,92.5,80,80,89.5
שיבא,98.7,2022-04-28T00:00:00.000Z,98.7,84.9,105.4,105.4,102.7
שיבא,98.7,2022-04-28T00:00:00.000Z,98.7,84.9,105.4,105.4,102.7
שיבא,98.7,2022-04-28T00:00:00.000Z,98.7,84.9,105.4,105.4,102.7
שיבא,98.7,2022-04-28T00:00:00.000Z,98.7,84.9,105.4,105.4,102.7
שיבא,98.7,2022-04-28T00:00:00.000Z,98.7,84.9,105.4,105.4,102.7
שיבא,98.7,2022-04-28T00:00:00.000Z,98.7,84.9,105.4,105.4,102.7
שיבא,98.7,2022-04-28T00:00:00.000Z,98.7,84.9,105.4,105.4,102.7
שיבא,98.7,2022-04-28T00:00:00.000Z,98.7,84.9,105.4,105.4,102.7
שיבא,98.7,2022-04-28T00:00:00.000Z,98.7,84.9,105.4,105.4,102.7
שיבא,98.7,2022-04-28T00:00:00.000Z,98.7,84.9,105.4,105.4,102.7
שיבא,98.7,2022-04-28T00:00:00.000Z,98.7,84.9,105.4,105.4,102.7
שיבא,98.7,2022-04-28T00:00:00.000Z,98.7,84.9,105.4,105.4,102.7
שיבא,98.7,2022-04-28T00:00:00.000Z,98.7,84.9,105.4,105.4,102.7
שיבא,98.7,2022-04-28T00:00:00.000Z,98.7,84.9,105.4,105.4,102.7
שיבא,98.7,2022-04-28T00:00:00.000Z,98.7,84.9,105.4,105.4,102.7
שיבא,98.7,2022-04-28T00:00:00.000Z,98.7,84.9,105.4,105.4,102.7
שיבא,98.7,2022-04-28T00:00:00.000Z,98.7,84.9,105.4,105.4,102.7
שיבא,98.7,2022-04-28T00:00:00.000Z,98.7,84.9,105.4,105.4,102.7
שיבא,98.7,2022-04-28T00:00:00.000Z,98.7,84.9,105.4,105.4,102.7
שיבא,98.7,2022-04-28T00:00:00.000Z,98.7,84.9,105.4,105.4,102.7
שיבא,98.7,2022-04-28T00:00:00.000Z,98.7,84.9,105.4,105.4,102.7
שיבא,98.7,2022-04-28T00:00:00.000Z,98.7,84.9,105.4,105.4,102.7
שיבא,98.7,2022-04-28T00:00:00.000Z,98.7,84.9,105.4,105.4,102.7
שיבא,98.7,2022-04-28T00:00:00.000Z,98.7,84.9,105.4,105.4,102.7
שיבא,98.7,2022-04-28T00:00:00.000Z,98.7,84.9,105.4,105.4,102.7
שיבא,98.7,2022-04-28T00:00:00.000Z,98.7,84.9,105.4,105.4,102.7
שיבא,98.7,2022-04-28T00:00:00.000Z,98.7,84.9,105.4,105.4,102.7
שיבא,98.7,2022-04-28T00:00:00.000Z,98.7,84.9,105.4,105.4,102.7
שיבא,98.7,2022-04-28T00:00:00.000Z,98.7,84.9,105.4,105.4,102.7
שיבא,98.7,2022-04-28T00:00:00.000Z,98.7,84.9,105.4,105.4,102.7
שיבא,98.7,2022-04-28T00:00:00.000Z,98.7,84.9,105.4,105.4,102.7
שיבא,98.7,2022-04-28T00:00:00.000Z,98.7,84.9,105.4,105.4,102.7
שיבא,98.7,2022-04-28T00:00:00.000Z,98.7,84.9,105.4,105.4,102.7
שיבא,98.7,2022-04-28T00:00:00.000Z,98.7,84.9,105.4,105.4,102.7
יוספטל,93.8,2022-04-28T00:00:00.000Z,93.8,56.3,58.5,58.5,53.8
יוספטל,93.8,2022-04-28T00:00:00.000Z,93.8,56.3,58.5,58.5,53.8
יוספטל,93.8,2022-04-28T00:00:00.000Z,93.8,56.3,58.5,58.5,53.8
יוספטל,93.8,2022-04-28T00:00:00.000Z,93.8,56.3,58.5,58.5,53.8
יוספטל,93.8,2022-04-28T00:00:00.000Z,93.8,56.3,58.5,58.5,53.8
יוספטל,93.8,2022-04-28T00:00:00.000Z,93.8,56.3,58.5,58.5,53.8
יוספטל,93.8,2022-04-28T00:00:00.000Z,93.8,56.3,58.5,58.5,53.8
יוספטל,93.8,2022-04-28T00:00:00.000Z,93.8,56.3,58.5,58.5,53.8
יוספטל,93.8,2022-04-28T00:00:00.000Z,93.8,56.3,58.5,58.5,53.8
יוספטל,93.8,2022-04-28T00:00:00.000Z,93.8,56.3,58.5,58.5,53.8
יוספטל,93.8,2022-04-28T00:00:00.000Z,93.8,56.3,58.5,58.5,53.8
יוספטל,93.8,2022-04-28T00:00:00.000Z,93.8,56.3,58.5,58.5,53.8
יוספטל,93.8,2022-04-28T00:00:00.000Z,93.8,56.3,58.5,58.5,53.8
יוספטל,93.8,2022-04-28T00:00:00.000Z,93.8,56.3,58.5,58.5,53.8
יוספטל,93.8,2022-04-28T00:00:00.000Z,93.8,56.3,58.5,58.5,53.8
יוספטל,93.8,2022-04-28T00:00:00.000Z,93.8,56.3,58.5,58.5,53.8
יוספטל,93.8,2022-04-28T00:00:00.000Z,93.8,56.3,58.5,58.5,53.8
יוספטל,93.8,2022-04-28T00:00:00.000Z,93.8,56.3,58.5,58.5,53.8
יוספטל,93.8,2022-04-28T00:00:00.000Z,93.8,56.3,58.5,58.5,53.8
יוספטל,93.8,2022-04-28T00:00:00.000Z,93.8,56.3,58.5,58.5,53.8
יוספטל,93.8,2022-04-28T00:00:00.000Z,93.8,56.3,58.5,58.5,53.8
יוספטל,93.8,2022-04-28T00:00:00.000Z,93.8,56.3,58.5,58.5,53.8
יוספטל,93.8,2022-04-28T00:00:00.000Z,93.8,56.3,58.5,58.5,53.8
יוספטל,93.8,2022-04-28T00:00:00.000Z,93.8,56.3,58.5,58.5,53.8
יוספטל,93.8,2022-04-28T00:00:00.000Z,93.8,56.3,58.5,58.5,53.8
יוספטל,93.8,2022-04-28T00:00:00.000Z,93.8,56.3,58.5,58.5,53.8
יוספטל,93.8,2022-04-28T00:00:00.000Z,93.8,56.3,58.5,58.5,53.8
יוספטל,93.8,2022-04-28T00:00:00.000Z,93.8,56.3,58.5,58.5,53.8
יוספטל,93.8,2022-04-28T00:00:00.000Z,93.8,56.3,58.5,58.5,53.8
יוספטל,93.8,2022-04-28T00:00:00.000Z,93.8,56.3,58.5,58.5,53.8
יוספטל,93.8,2022-04-28T00:00:00.000Z,93.8,56.3,58.5,58.5,53.8
יוספטל,93.8,2022-04-28T00:00:00.000Z,93.8,56.3,58.5,58.5,53.8
יוספטל,93.8,2022-04-28T00:00:00.000Z,93.8,56.3,58.5,58.5,53.8
יוספטל,93.8,2022-04-28T00:00:00.000Z,93.8,56.3,58.5,58.5,53.8
נהריה,87.9,2022-04-28T00:00:00.000Z,87.9,94.2,80.5,80.5,88.8
נהריה,87.9,2022-04-28T00:00:00.000Z,87.9,94.2,80.5,80.5,88.8
נהריה,87.9,2022-04-28T00:00:00.000Z,87.9,94.2,80.5,80.5,88.8
נהריה,87.9,2022-04-28T00:00:00.000Z,87.9,94.2,80.5,80.5,88.8
נהריה,87.9,2022-04-28T00:00:00.000Z,87.9,94.2,80.5,80.5,88.8
נהריה,87.9,2022-04-28T00:00:00.000Z,87.9,94.2,80.5,80.5,88.8
נהריה,87.9,2022-04-28T00:00:00.000Z,87.9,94.2,80.5,80.5,88.8
נהריה,87.9,2022-04-28T00:00:00.000Z,87.9,94.2,80.5,80.5,88.8
נהריה,87.9,2022-04-28T00:00:00.000Z,87.9,94.2,80.5,80.5,88.8
נהריה,87.9,2022-04-28T00:00:00.000Z,87.9,94.2,80.5,80.5,88.8
נהריה,87.9,2022-04-28T00:00:00.000Z,87.9,94.2,80.5,80.5,88.8
נהריה,87.9,2022-04-28T00:00:00.000Z,87.9,94.2,80.5,80.5,88.8
נהריה,87.9,2022-04-28T00:00:00.000Z,87.9,94.2,80.5,80.5,88.8
נהריה,87.9,2022-04-28T00:00:00.000Z,87.9,94.2,80.5,80.5,88.8
נהריה,87.9,2022-04-28T00:00:00.000Z,87.9,94.2,80.5,80.5,88.8
נהריה,87.9,2022-04-28T00:00:00.000Z,87.9,94.2,80.5,80.5,88.8
נהריה,87.9,2022-04-28T00:00:00.000Z,87.9,94.2,80.5,80.5,88.8
נהריה,87.9,2022-04-28T00:00:00.000Z,87.9,94.2,80.5,80.5,88.8
נהריה,87.9,2022-04-28T00:00:00.000Z,87.9,94.2,80.5,80.5,88.8
נהריה,87.9,2022-04-28T00:00:00.000Z,87.9,94.2,80.5,80.5,88.8
נהריה,87.9,2022-04-28T00:00:00.000Z,87.9,94.2,80.5,80.5,88.8
נהריה,87.9,2022-04-28T00:00:00.000Z,87.9,94.2,80.5,80.5,88.8
נהריה,87.9,2022-04-28T00:00:00.000Z,87.9,94.2,80.5,80.5,88.8
נהריה,87.9,2022-04-28T00:00:00.000Z,87.9,94.2,80.5,80.5,88.8
נהריה,87.9,2022-04-28T00:00:00.000Z,87.9,94.2,80.5,80.5,88.8
נהריה,87.9,2022-04-28T00:00:00.000Z,87.9,94.2,80.5,80.5,88.8
נהריה,87.9,2022-04-28T00:00:00.000Z,87.9,94.2,80.5,80.5,88.8
נהריה,87.9,2022-04-28T00:00:00.000Z,87.9,94.2,80.5,80.5,88.8
נהריה,87.9,2022-04-28T00:00:00.000Z,87.9,94.2,80.5,80.5,88.8
נהריה,87.9,2022-04-28T00:00:00.000Z,87.9,94.2,80.5,80.5,88.8
נהריה,87.9,2022-04-28T00:00:00.000Z,87.9,94.2,80.5,80.5,88.8
נהריה,87.9,2022-04-28T00:00:00.000Z,87.9,94.2,80.5,80.5,88.8
נהריה,87.9,2022-04-28T00:00:00.000Z,87.9,94.2,80.5,80.5,88.8
נהריה,87.9,2022-04-28T00:00:00.000Z,87.9,94.2,80.5,80.5,88.8
"רמב""ם",92.4,2022-04-28T00:00:00.000Z,92.4,98,86.4,86.4,94.7
"רמב""ם",92.4,2022-04-28T00:00:00.000Z,92.4,98,86.4,86.4,94.7
"רמב""ם",92.4,2022-04-28T00:00:00.000Z,92.4,98,86.4,86.4,94.7
"רמב""ם",92.4,2022-04-28T00:00:00.000Z,92.4,98,86.4,86.4,94.7
"רמב""ם",92.4,2022-04-28T00:00:00.000Z,92.4,98,86.4,86.4,94.7
"רמב""ם",92.4,2022-04-28T00:00:00.000Z,92.4,98,86.4,86.4,94.7
"רמב""ם",92.4,2022-04-28T00:00:00.000Z,92.4,98,86.4,86.4,94.7
"רמב""ם",92.4,2022-04-28T00:00:00.000Z,92.4,98,86.4,86.4,94.7
"רמב""ם",92.4,2022-04-28T00:00:00.000Z,92.4,98,86.4,86.4,94.7
"רמב""ם",92.4,2022-04-28T00:00:00.000Z,92.4,98,86.4,86.4,94.7
"רמב""ם",92.4,2022-04-28T00:00:00.000Z,92.4,98,86.4,86.4,94.7
"רמב""ם",92.4,2022-04-28T00:00:00.000Z,92.4,98,86.4,86.4,94.7
"רמב""ם",92.4,2022-04-28T00:00:00.000Z,92.4,98,86.4,86.4,94.7
"רמב""ם",92.4,2022-04-28T00:00:00.000Z,92.4,98,86.4,86.4,94.7
"רמב""ם",92.4,2022-04-28T00:00:00.000Z,92.4,98,86.4,86.4,94.7
"רמב""ם",92.4,2022-04-28T00:00:00.000Z,92.4,98,86.4,86.4,94.7
"רמב""ם",92.4,2022-04-28T00:00:00.000Z,92.4,98,86.4,86.4,94.7
"רמב""ם",92.4,2022-04-28T00:00:00.000Z,92.4,98,86.4,86.4,94.7
"רמב""ם",92.4,2022-04-28T00:00:00.000Z,92.4,98,86.4,86.4,94.7
"רמב""ם",92.4,2022-04-28T00:00:00.000Z,92.4,98,86.4,86.4,94.7
"רמב""ם",92.4,2022-04-28T00:00:00.000Z,92.4,98,86.4,86.4,94.7
"רמב""ם",92.4,2022-04-28T00:00:00.000Z,92.4,98,86.4,86.4,94.7
"רמב""ם",92.4,2022-04-28T00:00:00.000Z,92.4,98,86.4,86.4,94.7
"רמב""ם",92.4,2022-04-28T00:00:00.000Z,92.4,98,86.4,86.4,94.7
"רמב""ם",92.4,2022-04-28T00:00:00.000Z,92.4,98,86.4,86.4,94.7
"רמב""ם",92.4,2022-04-28T00:00:00.000Z,92.4,98,86.4,86.4,94.7
"רמב""ם",92.4,2022-04-28T00:00:00.000Z,92.4,98,86.4,86.4,94.7
"רמב""ם",92.4,2022-04-28T00:00:00.000Z,92.4,98,86.4,86.4,94.7
"רמב""ם",92.4,2022-04-28T00:00:00.000Z,92.4,98,86.4,86.4,94.7
"רמב""ם",92.4,2022-04-28T00:00:00.000Z,92.4,98,86.4,86.4,94.7
"רמב""ם",92.4,2022-04-28T00:00:00.000Z,92.4,98,86.4,86.4,94.7
"רמב""ם",92.4,2022-04-28T00:00:00.000Z,92.4,98,86.4,86.4,94.7
"רמב""ם",92.4,2022-04-28T00:00:00.000Z,92.4,98,86.4,86.4,94.7
"רמב""ם",92.4,2022-04-28T00:00:00.000Z,92.4,98,86.4,86.4,94.7
ברזילי,89.1,2022-04-28T00:00:00.000Z,89.1,76.6,80,80,76
ברזילי,89.1,2022-04-28T00:00:00.000Z,89.1,76.6,80,80,76
ברזילי,89.1,2022-04-28T00:00:00.000Z,89.1,76.6,80,80,76
ברזילי,89.1,2022-04-28T00:00:00.000Z,89.1,76.6,80,80,76
ברזילי,89.1,2022-04-28T00:00:00.000Z,89.1,76.6,80,80,76
ברזילי,89.1,2022-04-28T00:00:00.000Z,89.1,76.6,80,80,76
ברזילי,89.1,2022-04-28T00:00:00.000Z,89.1,76.6,80,80,76
ברזילי,89.1,2022-04-28T00:00:00.000Z,89.1,76.6,80,80,76
ברזילי,89.1,2022-04-28T00:00:00.000Z,89.1,76.6,80,80,76
ברזילי,89.1,2022-04-28T00:00:00.000Z,89.1,76.6,80,80,76
ברזילי,89.1,2022-04-28T00:00:00.000Z,89.1,76.6,80,80,76
ברזילי,89.1,2022-04-28T00:00:00.000Z,89.1,76.6,80,80,76
ברזילי,89.1,2022-04-28T00:00:00.000Z,89.1,76.6,80,80,76
ברזילי,89.1,2022-04-28T00:00:00.000Z,89.1,76.6,80,80,76
ברזילי,89.1,2022-04-28T00:00:00.000Z,89.1,76.6,80,80,76
ברזילי,89.1,2022-04-28T00:00:00.000Z,89.1,76.6,80,80,76
ברזילי,89.1,2022-04-28T00:00:00.000Z,89.1,76.6,80,80,76
ברזילי,89.1,2022-04-28T00:00:00.000Z,89.1,76.6,80,80,76
ברזילי,89.1,2022-04-28T00:00:00.000Z,89.1,76.6,80,80,76
ברזילי,89.1,2022-04-28T00:00:00.000Z,89.1,76.6,80,80,76
ברזילי,89.1,2022-04-28T00:00:00.000Z,89.1,76.6,80,80,76
ברזילי,89.1,2022-04-28T00:00:00.000Z,89.1,76.6,80,80,76
ברזילי,89.1,2022-04-28T00:00:00.000Z,89.1,76.6,80,80,76
ברזילי,89.1,2022-04-28T00:00:00.000Z,89.1,76.6,80,80,76
ברזילי,89.1,2022-04-28T00:00:00.000Z,89.1,76.6,80,80,76
ברזילי,89.1,2022-04-28T00:00:00.000Z,89.1,76.6,80,80,76
ברזילי,89.1,2022-04-28T00:00:00.000Z,89.1,76.6,80,80,76
ברזילי,89.1,2022-04-28T00:00:00.000Z,89.1,76.6,80,80,76
ברזילי,89.1,2022-04-28T00:00:00.000Z,89.1,76.6,80,80,76
ברזילי,89.1,2022-04-28T00:00:00.000Z,89.1,76.6,80,80,76
ברזילי,89.1,2022-04-28T00:00:00.000Z,89.1,76.6,80,80,76
ברזילי,89.1,2022-04-28T00:00:00.000Z,89.1,76.6,80,80,76
ברזילי,89.1,2022-04-28T00:00:00.000Z,89.1,76.6,80,80,76
ברזילי,89.1,2022-04-28T00:00:00.000Z,89.1,76.6,80,80,76
ברזילי,89.1,2022-04-28T00:00:00.000Z,89.1,76.6,80,80,76
ברזילי,89.1,2022-04-28T00:00:00.000Z,89.1,76.6,80,80,76
ברזילי,89.1,2022-04-28T00:00:00.000Z,89.1,76.6,80,80,76
ברזילי,89.1,2022-04-28T00:00:00.000Z,89.1,76.6,80,80,76
ברזילי,89.1,2022-04-28T00:00:00.000Z,89.1,76.6,80,80,76
ברזילי,89.1,2022-04-28T00:00:00.000Z,89.1,76.6,80,80,76
ברזילי,89.1,2022-04-28T00:00:00.000Z,89.1,76.6,80,80,76
ברזילי,89.1,2022-04-28T00:00:00.000Z,89.1,76.6,80,80,76
ברזילי,89.1,2022-04-28T00:00:00.000Z,89.1,76.6,80,80,76
ברזילי,89.1,2022-04-28T00:00:00.000Z,89.1,76.6,80,80,76
ברזילי,89.1,2022-04-28T00:00:00.000Z,89.1,76.6,80,80,76
ברזילי,89.1,2022-04-28T00:00:00.000Z,89.1,76.6,80,80,76
ברזילי,89.1,2022-04-28T00:00:00.000Z,89.1,76.6,80,80,76
ברזילי,89.1,2022-04-28T00:00:00.000Z,89.1,76.6,80,80,76
ברזילי,89.1,2022-04-28T00:00:00.000Z,89.1,76.6,80,80,76
ברזילי,89.1,2022-04-28T00:00:00.000Z,89.1,76.6,80,80,76
ברזילי,89.1,2022-04-28T00:00:00.000Z,89.1,76.6,80,80,76
ברזילי,89.1,2022-04-28T00:00:00.000Z,89.1,76.6,80,80,76
ברזילי,89.1,2022-04-28T00:00:00.000Z,89.1,76.6,80,80,76
ברזילי,89.1,2022-04-28T00:00:00.000Z,89.1,76.6,80,80,76
ברזילי,89.1,2022-04-28T00:00:00.000Z,89.1,76.6,80,80,76
ברזילי,89.1,2022-04-28T00:00:00.000Z,89.1,76.6,80,80,76
ברזילי,89.1,2022-04-28T00:00:00.000Z,89.1,76.6,80,80,76
ברזילי,89.1,2022-04-28T00:00:00.000Z,89.1,76.6,80,80,76
ברזילי,89.1,2022-04-28T00:00:00.000Z,89.1,76.6,80,80,76
ברזילי,89.1,2022-04-28T00:00:00.000Z,89.1,76.6,80,80,76
ברזילי,89.1,2022-04-28T00:00:00.000Z,89.1,76.6,80,80,76
ברזילי,89.1,2022-04-28T00:00:00.000Z,89.1,76.6,80,80,76
ברזילי,89.1,2022-04-28T00:00:00.000Z,89.1,76.6,80,80,76
ברזילי,89.1,2022-04-28T00:00:00.000Z,89.1,76.6,80,80,76
ברזילי,89.1,2022-04-28T00:00:00.000Z,89.1,76.6,80,80,76
ברזילי,89.1,2022-04-28T00:00:00.000Z,89.1,76.6,80,80,76
ברזילי,89.1,2022-04-28T00:00:00.000Z,89.1,76.6,80,80,76
ברזילי,89.1,2022-04-28T00:00:00.000Z,89.1,76.6,80,80,76
ברזילי,89.1,2022-04-28T00:00:00.000Z,89.1,76.6,80,80,76
ברזילי,89.1,2022-04-28T00:00:00.000Z,89.1,76.6,80,80,76
ברזילי,89.1,2022-04-28T00:00:00.000Z,89.1,76.6,80,80,76
ברזילי,89.1,2022-04-28T00:00:00.000Z,89.1,76.6,80,80,76
ברזילי,89.1,2022-04-28T00:00:00.000Z,89.1,76.6,80,80,76
ברזילי,89.1,2022-04-28T00:00:00.000Z,89.1,76.6,80,80,76
ברזילי,89.1,2022-04-28T00:00:00.000Z,89.1,76.6,80,80,76
ברזילי,89.1,2022-04-28T00:00:00.000Z,89.1,76.6,80,80,76
ברזילי,89.1,2022-04-28T00:00:00.000Z,89.1,76.6,80,80,76
ברזילי,89.1,2022-04-28T00:00:00.000Z,89.1,76.6,80,80,76
ברזילי,89.1,2022-04-28T00:00:00.000Z,89.1,76.6,80,80,76
ברזילי,89.1,2022-04-28T00:00:00.000Z,89.1,76.6,80,80,76
ברזילי,89.1,2022-04-28T00:00:00.000Z,89.1,76.6,80,80,76
ברזילי,89.1,2022-04-28T00:00:00.000Z,89.1,76.6,80,80,76
ברזילי,89.1,2022-04-28T00:00:00.000Z,89.1,76.6,80,80,76
ברזילי,89.1,2022-04-28T00:00:00.000Z,89.1,76.6,80,80,76
ברזילי,89.1,2022-04-28T00:00:00.000Z,89.1,76.6,80,80,76
ברזילי,89.1,2022-04-28T00:00:00.000Z,89.1,76.6,80,80,76
ברזילי,89.1,2022-04-28T00:00:00.000Z,89.1,76.6,80,80,76
ברזילי,89.1,2022-04-28T00:00:00.000Z,89.1,76.6,80,80,76
ברזילי,89.1,2022-04-28T00:00:00.000Z,89.1,76.6,80,80,76
ברזילי,89.1,2022-04-28T00:00:00.000Z,89.1,76.6,80,80,76
ברזילי,89.1,2022-04-28T00:00:00.000Z,89.1,76.6,80,80,76
ברזילי,89.1,2022-04-28T00:00:00.000Z,89.1,76.6,80,80,76
ברזילי,89.1,2022-04-28T00:00:00.000Z,89.1,76.6,80,80,76
ברזילי,89.1,2022-04-28T00:00:00.000Z,89.1,76.6,80,80,76
ברזילי,89.1,2022-04-28T00:00:00.000Z,89.1,76.6,80,80,76
ברזילי,89.1,2022-04-28T00:00:00.000Z,89.1,76.6,80,80,76
ברזילי,89.1,2022-04-28T00:00:00.000Z,89.1,76.6,80,80,76
ברזילי,89.1,2022-04-28T00:00:00.000Z,89.1,76.6,80,80,76
ברזילי,89.1,2022-04-28T00:00:00.000Z,89.1,76.6,80,80,76
ברזילי,89.1,2022-04-28T00:00:00.000Z,89.1,76.6,80,80,76
ברזילי,89.1,2022-04-28T00:00:00.000Z,89.1,76.6,80,80,76
ברזילי,89.1,2022-04-28T00:00:00.000Z,89.1,76.6,80,80,76
נהריה,87.9,2022-04-28T00:00:00.000Z,87.9,94.2,80.5,80.5,88.8
נהריה,87.9,2022-04-28T00:00:00.000Z,87.9,94.2,80.5,80.5,88.8
נהריה,87.9,2022-04-28T00:00:00.000Z,87.9,94.2,80.5,80.5,88.8
נהריה,87.9,2022-04-28T00:00:00.000Z,87.9,94.2,80.5,80.5,88.8
נהריה,87.9,2022-04-28T00:00:00.000Z,87.9,94.2,80.5,80.5,88.8
נהריה,87.9,2022-04-28T00:00:00.000Z,87.9,94.2,80.5,80.5,88.8
נהריה,87.9,2022-04-28T00:00:00.000Z,87.9,94.2,80.5,80.5,88.8
נהריה,87.9,2022-04-28T00:00:00.000Z,87.9,94.2,80.5,80.5,88.8
נהריה,87.9,2022-04-28T00:00:00.000Z,87.9,94.2,80.5,80.5,88.8
נהריה,87.9,2022-04-28T00:00:00.000Z,87.9,94.2,80.5,80.5,88.8
נהריה,87.9,2022-04-28T00:00:00.000Z,87.9,94.2,80.5,80.5,88.8
נהריה,87.9,2022-04-28T00:00:00.000Z,87.9,94.2,80.5,80.5,88.8
נהריה,87.9,2022-04-28T00:00:00.000Z,87.9,94.2,80.5,80.5,88.8
נהריה,87.9,2022-04-28T00:00:00.000Z,87.9,94.2,80.5,80.5,88.8
נהריה,87.9,2022-04-28T00:00:00.000Z,87.9,94.2,80.5,80.5,88.8
נהריה,87.9,2022-04-28T00:00:00.000Z,87.9,94.2,80.5,80.5,88.8
נהריה,87.9,2022-04-28T00:00:00.000Z,87.9,94.2,80.5,80.5,88.8
נהריה,87.9,2022-04-28T00:00:00.000Z,87.9,94.2,80.5,80.5,88.8
נהריה,87.9,2022-04-28T00:00:00.000Z,87.9,94.2,80.5,80.5,88.8
נהריה,87.9,2022-04-28T00:00:00.000Z,87.9,94.2,80.5,80.5,88.8
נהריה,87.9,2022-04-28T00:00:00.000Z,87.9,94.2,80.5,80.5,88.8
נהריה,87.9,2022-04-28T00:00:00.000Z,87.9,94.2,80.5,80.5,88.8
נהריה,87.9,2022-04-28T00:00:00.000Z,87.9,94.2,80.5,80.5,88.8
נהריה,87.9,2022-04-28T00:00:00.000Z,87.9,94.2,80.5,80.5,88.8
נהריה,87.9,2022-04-28T00:00:00.000Z,87.9,94.2,80.5,80.5,88.8
נהריה,87.9,2022-04-28T00:00:00.000Z,87.9,94.2,80.5,80.5,88.8
נהריה,87.9,2022-04-28T00:00:00.000Z,87.9,94.2,80.5,80.5,88.8
נהריה,87.9,2022-04-28T00:00:00.000Z,87.9,94.2,80.5,80.5,88.8
נהריה,87.9,2022-04-28T00:00:00.000Z,87.9,94.2,80.5,80.5,88.8
נהריה,87.9,2022-04-28T00:00:00.000Z,87.9,94.2,80.5,80.5,88.8
נהריה,87.9,2022-04-28T00:00:00.000Z,87.9,94.2,80.5,80.5,88.8
נהריה,87.9,2022-04-28T00:00:00.000Z,87.9,94.2,80.5,80.5,88.8
נהריה,87.9,2022-04-28T00:00:00.000Z,87.9,94.2,80.5,80.5,88.8
נהריה,87.9,2022-04-28T00:00:00.000Z,87.9,94.2,80.5,80.5,88.8
הלל יפה,97.9,2022-04-28T00:00:00.000Z,97.9,92.5,80,80,89.5
הלל יפה,97.9,2022-04-28T00:00:00.000Z,97.9,92.5,80,80,89.5
הלל יפה,97.9,2022-04-28T00:00:00.000Z,97.9,92.5,80,80,89.5
הלל יפה,97.9,2022-04-28T00:00:00.000Z,97.9,92.5,80,80,89.5
הלל יפה,97.9,2022-04-28T00:00:00.000Z,97.9,92.5,80,80,89.5
הלל יפה,97.9,2022-04-28T00:00:00.000Z,97.9,92.5,80,80,89.5
הלל יפה,97.9,2022-04-28T00:00:00.000Z,97.9,92.5,80,80,89.5
הלל יפה,97.9,2022-04-28T00:00:00.000Z,97.9,92.5,80,80,89.5
הלל יפה,97.9,2022-04-28T00:00:00.000Z,97.9,92.5,80,80,89.5
הלל יפה,97.9,2022-04-28T00:00:00.000Z,97.9,92.5,80,80,89.5
הלל יפה,97.9,2022-04-28T00:00:00.000Z,97.9,92.5,80,80,89.5
הלל יפה,97.9,2022-04-28T00:00:00.000Z,97.9,92.5,80,80,89.5
הלל יפה,97.9,2022-04-28T00:00:00.000Z,97.9,92.5,80,80,89.5
הלל יפה,97.9,2022-04-28T00:00:00.000Z,97.9,92.5,80,80,89.5
הלל יפה,97.9,2022-04-28T00:00:00.000Z,97.9,92.5,80,80,89.5
הלל יפה,97.9,2022-04-28T00:00:00.000Z,97.9,92.5,80,80,89.5
הלל יפה,97.9,2022-04-28T00:00:00.000Z,97.9,92.5,80,80,89.5
הלל יפה,97.9,2022-04-28T00:00:00.000Z,97.9,92.5,80,80,89.5
הלל יפה,97.9,2022-04-28T00:00:00.000Z,97.9,92.5,80,80,89.5
הלל יפה,97.9,2022-04-28T00:00:00.000Z,97.9,92.5,80,80,89.5
הלל יפה,97.9,2022-04-28T00:00:00.000Z,97.9,92.5,80,80,89.5
הלל יפה,97.9,2022-04-28T00:00:00.000Z,97.9,92.5,80,80,89.5
הלל יפה,97.9,2022-04-28T00:00:00.000Z,97.9,92.5,80,80,89.5
הלל יפה,97.9,2022-04-28T00:00:00.000Z,97.9,92.5,80,80,89.5
הלל יפה,97.9,2022-04-28T00:00:00.000Z,97.9,92.5,80,80,89.5
הלל יפה,97.9,2022-04-28T00:00:00.000Z,97.9,92.5,80,80,89.5
הלל יפה,97.9,2022-04-28T00:00:00.000Z,97.9,92.5,80,80,89.5
הלל יפה,97.9,2022-04-28T00:00:00.000Z,97.9,92.5,80,80,89.5
הלל יפה,97.9,2022-04-28T00:00:00.000Z,97.9,92.5,80,80,89.5
הלל יפה,97.9,2022-04-28T00:00:00.000Z,97.9,92.5,80,80,89.5
הלל יפה,97.9,2022-04-28T00:00:00.000Z,97.9,92.5,80,80,89.5
הלל יפה,97.9,2022-04-28T00:00:00.000Z,97.9,92.5,80,80,89.5
הלל יפה,97.9,2022-04-28T00:00:00.000Z,97.9,92.5,80,80,89.5
הלל יפה,97.9,2022-04-28T00:00:00.000Z,97.9,92.5,80,80,89.5
יוספטל,93.8,2022-04-28T00:00:00.000Z,93.8,56.3,58.5,58.5,53.8
יוספטל,93.8,2022-04-28T00:00:00.000Z,93.8,56.3,58.5,58.5,53.8
יוספטל,93.8,2022-04-28T00:00:00.000Z,93.8,56.3,58.5,58.5,53.8
יוספטל,93.8,2022-04-28T00:00:00.000Z,93.8,56.3,58.5,58.5,53.8
יוספטל,93.8,2022-04-28T00:00:00.000Z,93.8,56.3,58.5,58.5,53.8
יוספטל,93.8,2022-04-28T00:00:00.000Z,93.8,56.3,58.5,58.5,53.8
יוספטל,93.8,2022-04-28T00:00:00.000Z,93.8,56.3,58.5,58.5,53.8
יוספטל,93.8,2022-04-28T00:00:00.000Z,93.8,56.3,58.5,58.5,53.8
יוספטל,93.8,2022-04-28T00:00:00.000Z,93.8,56.3,58.5,58.5,53.8
יוספטל,93.8,2022-04-28T00:00:00.000Z,93.8,56.3,58.5,58.5,53.8
יוספטל,93.8,2022-04-28T00:00:00.000Z,93.8,56.3,58.5,58.5,53.8
יוספטל,93.8,2022-04-28T00:00:00.000Z,93.8,56.3,58.5,58.5,53.8
יוספטל,93.8,2022-04-28T00:00:00.000Z,93.8,56.3,58.5,58.5,53.8
יוספטל,93.8,2022-04-28T00:00:00.000Z,93.8,56.3,58.5,58.5,53.8
יוספטל,93.8,2022-04-28T00:00:00.000Z,93.8,56.3,58.5,58.5,53.8
יוספטל,93.8,2022-04-28T00:00:00.000Z,93.8,56.3,58.5,58.5,53.8
נהריה,87.9,2022-04-28T00:00:00.000Z,87.9,94.2,80.5,80.5,88.8
נהריה,87.9,2022-04-28T00:00:00.000Z,87.9,94.2,80.5,80.5,88.8
נהריה,87.9,2022-04-28T00:00:00.000Z,87.9,94.2,80.5,80.5,88.8
נהריה,87.9,2022-04-28T00:00:00.000Z,87.9,94.2,80.5,80.5,88.8
נהריה,87.9,2022-04-28T00:00:00.000Z,87.9,94.2,80.5,80.5,88.8
נהריה,87.9,2022-04-28T00:00:00.000Z,87.9,94.2,80.5,80.5,88.8
נהריה,87.9,2022-04-28T00:00:00.000Z,87.9,94.2,80.5,80.5,88.8
נהריה,87.9,2022-04-28T00:00:00.000Z,87.9,94.2,80.5,80.5,88.8
נהריה,87.9,2022-04-28T00:00:00.000Z,87.9,94.2,80.5,80.5,88.8
נהריה,87.9,2022-04-28T00:00:00.000Z,87.9,94.2,80.5,80.5,88.8
נהריה,87.9,2022-04-28T00:00:00.000Z,87.9,94.2,80.5,80.5,88.8
נהריה,87.9,2022-04-28T00:00:00.000Z,87.9,94.2,80.5,80.5,88.8
נהריה,87.9,2022-04-28T00:00:00.000Z,87.9,94.2,80.5,80.5,88.8
נהריה,87.9,2022-04-28T00:00:00.000Z,87.9,94.2,80.5,80.5,88.8
נהריה,87.9,2022-04-28T00:00:00.000Z,87.9,94.2,80.5,80.5,88.8
נהריה,87.9,2022-04-28T00:00:00.000Z,87.9,94.2,80.5,80.5,88.8
נהריה,87.9,2022-04-28T00:00:00.000Z,87.9,94.2,80.5,80.5,88.8
נהריה,87.9,2022-04-28T00:00:00.000Z,87.9,94.2,80.5,80.5,88.8
נהריה,87.9,2022-04-28T00:00:00.000Z,87.9,94.2,80.5,80.5,88.8
נהריה,87.9,2022-04-28T00:00:00.000Z,87.9,94.2,80.5,80.5,88.8
נהריה,87.9,2022-04-28T00:00:00.000Z,87.9,94.2,80.5,80.5,88.8
נהריה,87.9,2022-04-28T00:00:00.000Z,87.9,94.2,80.5,80.5,88.8
נהריה,87.9,2022-04-28T00:00:00.000Z,87.9,94.2,80.5,80.5,88.8
נהריה,87.9,2022-04-28T00:00:00.000Z,87.9,94.2,80.5,80.5,88.8
נהריה,87.9,2022-04-28T00:00:00.000Z,87.9,94.2,80.5,80.5,88.8
נהריה,87.9,2022-04-28T00:00:00.000Z,87.9,94.2,80.5,80.5,88.8
נהריה,87.9,2022-04-28T00:00:00.000Z,87.9,94.2,80.5,80.5,88.8
נהריה,87.9,2022-04-28T00:00:00.000Z,87.9,94.2,80.5,80.5,88.8
נהריה,87.9,2022-04-28T00:00:00.000Z,87.9,94.2,80.5,80.5,88.8
נהריה,87.9,2022-04-28T00:00:00.000Z,87.9,94.2,80.5,80.5,88.8
נהריה,87.9,2022-04-28T00:00:00.000Z,87.9,94.2,80.5,80.5,88.8
נהריה,87.9,2022-04-28T00:00:00.000Z,87.9,94.2,80.5,80.5,88.8
נהריה,87.9,2022-04-28T00:00:00.000Z,87.9,94.2,80.5,80.5,88.8
נהריה,87.9,2022-04-28T00:00:00.000Z,87.9,94.2,80.5,80.5,88.8
נהריה,87.9,2022-04-28T00:00:00.000Z,87.9,94.2,80.5,80.5,88.8
נהריה,87.9,2022-04-28T00:00:00.000Z,87.9,94.2,80.5,80.5,88.8
נהריה,87.9,2022-04-28T00:00:00.000Z,87.9,94.2,80.5,80.5,88.8
נהריה,87.9,2022-04-28T00:00:00.000Z,87.9,94.2,80.5,80.5,88.8
נהריה,87.9,2022-04-28T00:00:00.000Z,87.9,94.2,80.5,80.5,88.8
נהריה,87.9,2022-04-28T00:00:00.000Z,87.9,94.2,80.5,80.5,88.8
נהריה,87.9,2022-04-28T00:00:00.000Z,87.9,94.2,80.5,80.5,88.8
נהריה,87.9,2022-04-28T00:00:00.000Z,87.9,94.2,80.5,80.5,88.8
נהריה,87.9,2022-04-28T00:00:00.000Z,87.9,94.2,80.5,80.5,88.8
נהריה,87.9,2022-04-28T00:00:00.000Z,87.9,94.2,80.5,80.5,88.8
נהריה,87.9,2022-04-28T00:00:00.000Z,87.9,94.2,80.5,80.5,88.8
נהריה,87.9,2022-04-28T00:00:00.000Z,87.9,94.2,80.5,80.5,88.8
נהריה,87.9,2022-04-28T00:00:00.000Z,87.9,94.2,80.5,80.5,88.8
נהריה,87.9,2022-04-28T00:00:00.000Z,87.9,94.2,80.5,80.5,88.8
נהריה,87.9,2022-04-28T00:00:00.000Z,87.9,94.2,80.5,80.5,88.8
נהריה,87.9,2022-04-28T00:00:00.000Z,87.9,94.2,80.5,80.5,88.8
נהריה,87.9,2022-04-28T00:00:00.000Z,87.9,94.2,80.5,80.5,88.8
נהריה,87.9,2022-04-28T00:00:00.000Z,87.9,94.2,80.5,80.5,88.8
"רמב""ם",92.4,2022-04-28T00:00:00.000Z,92.4,98,86.4,86.4,94.7
"רמב""ם",92.4,2022-04-28T00:00:00.000Z,92.4,98,86.4,86.4,94.7
"רמב""ם",92.4,2022-04-28T00:00:00.000Z,92.4,98,86.4,86.4,94.7
"רמב""ם",92.4,2022-04-28T00:00:00.000Z,92.4,98,86.4,86.4,94.7
"רמב""ם",92.4,2022-04-28T00:00:00.000Z,92.4,98,86.4,86.4,94.7
"רמב""ם",92.4,2022-04-28T00:00:00.000Z,92.4,98,86.4,86.4,94.7
"רמב""ם",92.4,2022-04-28T00:00:00.000Z,92.4,98,86.4,86.4,94.7
"רמב""ם",92.4,2022-04-28T00:00:00.000Z,92.4,98,86.4,86.4,94.7
"רמב""ם",92.4,2022-04-28T00:00:00.000Z,92.4,98,86.4,86.4,94.7
"רמב""ם",92.4,2022-04-28T00:00:00.000Z,92.4,98,86.4,86.4,94.7
"רמב""ם",92.4,2022-04-28T00:00:00.000Z,92.4,98,86.4,86.4,94.7
"רמב""ם",92.4,2022-04-28T00:00:00.000Z,92.4,98,86.4,86.4,94.7
"רמב""ם",92.4,2022-04-28T00:00:00.000Z,92.4,98,86.4,86.4,94.7
"רמב""ם",92.4,2022-04-28T00:00:00.000Z,92.4,98,86.4,86.4,94.7
"רמב""ם",92.4,2022-04-28T00:00:00.000Z,92.4,98,86.4,86.4,94.7
"רמב""ם",92.4,2022-04-28T00:00:00.000Z,92.4,98,86.4,86.4,94.7
"רמב""ם",92.4,2022-04-28T00:00:00.000Z,92.4,98,86.4,86.4,94.7
"רמב""ם",92.4,2022-04-28T00:00:00.000Z,92.4,98,86.4,86.4,94.7
"רמב""ם",92.4,2022-04-28T00:00:00.000Z,92.4,98,86.4,86.4,94.7
"רמב""ם",92.4,2022-04-28T00:00:00.000Z,92.4,98,86.4,86.4,94.7
"רמב""ם",92.4,2022-04-28T00:00:00.000Z,92.4,98,86.4,86.4,94.7
"רמב""ם",92.4,2022-04-28T00:00:00.000Z,92.4,98,86.4,86.4,94.7
"רמב""ם",92.4,2022-04-28T00:00:00.000Z,92.4,98,86.4,86.4,94.7
"רמב""ם",92.4,2022-04-28T00:00:00.000Z,92.4,98,86.4,86.4,94.7
"רמב""ם",92.4,2022-04-28T00:00:00.000Z,92.4,98,86.4,86.4,94.7
"רמב""ם",92.4,2022-04-28T00:00:00.000Z,92.4,98,86.4,86.4,94.7
"רמב""ם",92.4,2022-04-28T00:00:00.000Z,92.4,98,86.4,86.4,94.7
"רמב""ם",92.4,2022-04-28T00:00:00.000Z,92.4,98,86.4,86.4,94.7
"רמב""ם",92.4,2022-04-28T00:00:00.000Z,92.4,98,86.4,86.4,94.7
"רמב""ם",92.4,2022-04-28T00:00:00.000Z,92.4,98,86.4,86.4,94.7
"רמב""ם",92.4,2022-04-28T00:00:00.000Z,92.4,98,86.4,86.4,94.7
"רמב""ם",92.4,2022-04-28T00:00:00.000Z,92.4,98,86.4,86.4,94.7
"רמב""ם",92.4,2022-04-28T00:00:00.000Z,92.4,98,86.4,86.4,94.7
"רמב""ם",92.4,2022-04-28T00:00:00.000Z,92.4,98,86.4,86.4,94.7
שיבא,98.7,2022-04-28T00:00:00.000Z,98.7,84.9,105.4,105.4,102.7
שיבא,98.7,2022-04-28T00:00:00.000Z,98.7,84.9,105.4,105.4,102.7
שיבא,98.7,2022-04-28T00:00:00.000Z,98.7,84.9,105.4,105.4,102.7
שיבא,98.7,2022-04-28T00:00:00.000Z,98.7,84.9,105.4,105.4,102.7
שיבא,98.7,2022-04-28T00:00:00.000Z,98.7,84.9,105.4,105.4,102.7
שיבא,98.7,2022-04-28T00:00:00.000Z,98.7,84.9,105.4,105.4,102.7
שיבא,98.7,2022-04-28T00:00:00.000Z,98.7,84.9,105.4,105.4,102.7
שיבא,98.7,2022-04-28T00:00:00.000Z,98.7,84.9,105.4,105.4,102.7
שיבא,98.7,2022-04-28T00:00:00.000Z,98.7,84.9,105.4,105.4,102.7
שיבא,98.7,2022-04-28T00:00:00.000Z,98.7,84.9,105.4,105.4,102.7
שיבא,98.7,2022-04-28T00:00:00.000Z,98.7,84.9,105.4,105.4,102.7
שיבא,98.7,2022-04-28T00:00:00.000Z,98.7,84.9,105.4,105.4,102.7
שיבא,98.7,2022-04-28T00:00:00.000Z,98.7,84.9,105.4,105.4,102.7
שיבא,98.7,2022-04-28T00:00:00.000Z,98.7,84.9,105.4,105.4,102.7
שיבא,98.7,2022-04-28T00:00:00.000Z,98.7,84.9,105.4,105.4,102.7
שיבא,98.7,2022-04-28T00:00:00.000Z,98.7,84.9,105.4,105.4,102.7
שיבא,98.7,2022-04-28T00:00:00.000Z,98.7,84.9,105.4,105.4,102.7
שיבא,98.7,2022-04-28T00:00:00.000Z,98.7,84.9,105.4,105.4,102.7
שיבא,98.7,2022-04-28T00:00:00.000Z,98.7,84.9,105.4,105.4,102.7
שיבא,98.7,2022-04-28T00:00:00.000Z,98.7,84.9,105.4,105.4,102.7
שיבא,98.7,2022-04-28T00:00:00.000Z,98.7,84.9,105.4,105.4,102.7
שיבא,98.7,2022-04-28T00:00:00.000Z,98.7,84.9,105.4,105.4,102.7
שיבא,98.7,2022-04-28T00:00:00.000Z,98.7,84.9,105.4,105.4,102.7
שיבא,98.7,2022-04-28T00:00:00.000Z,98.7,84.9,105.4,105.4,102.7
שיבא,98.7,2022-04-28T00:00:00.000Z,98.7,84.9,105.4,105.4,102.7
שיבא,98.7,2022-04-28T00:00:00.000Z,98.7,84.9,105.4,105.4,102.7
שיבא,98.7,2022-04-28T00:00:00.000Z,98.7,84.9,105.4,105.4,102.7
שיבא,98.7,2022-04-28T00:00:00.000Z,98.7,84.9,105.4,105.4,102.7
שיבא,98.7,2022-04-28T00:00:00.000Z,98.7,84.9,105.4,105.4,102.7
שיבא,98.7,2022-04-28T00:00:00.000Z,98.7,84.9,105.4,105.4,102.7
שיבא,98.7,2022-04-28T00:00:00.000Z,98.7,84.9,105.4,105.4,102.7
שיבא,98.7,2022-04-28T00:00:00.000Z,98.7,84.9,105.4,105.4,102.7
שיבא,98.7,2022-04-28T00:00:00.000Z,98.7,84.9,105.4,105.4,102.7
שיבא,98.7,2022-04-28T00:00:00.000Z,98.7,84.9,105.4,105.4,102.7
שיבא,98.7,2022-04-28T00:00:00.000Z,98.7,84.9,105.4,105.4,102.7
שיבא,98.7,2022-04-28T00:00:00.000Z,98.7,84.9,105.4,105.4,102.7
שיבא,98.7,2022-04-28T00:00:00.000Z,98.7,84.9,105.4,105.4,102.7
שיבא,98.7,2022-04-28T00:00:00.000Z,98.7,84.9,105.4,105.4,102.7
שיבא,98.7,2022-04-28T00:00:00.000Z,98.7,84.9,105.4,105.4,102.7
שיבא,98.7,2022-04-28T00:00:00.000Z,98.7,84.9,105.4,105.4,102.7
שיבא,98.7,2022-04-28T00:00:00.000Z,98.7,84.9,105.4,105.4,102.7
שיבא,98.7,2022-04-28T00:00:00.000Z,98.7,84.9,105.4,105.4,102.7
שיבא,98.7,2022-04-28T00:00:00.000Z,98.7,84.9,105.4,105.4,102.7
שיבא,98.7,2022-04-28T00:00:00.000Z,98.7,84.9,105.4,105.4,102.7
שיבא,98.7,2022-04-28T00:00:00.000Z,98.7,84.9,105.4,105.4,102.7
שיבא,98.7,2022-04-28T00:00:00.000Z,98.7,84.9,105.4,105.4,102.7
שיבא,98.7,2022-04-28T00:00:00.000Z,98.7,84.9,105.4,105.4,102.7
שיבא,98.7,2022-04-28T00:00:00.000Z,98.7,84.9,105.4,105.4,102.7
שיבא,98.7,2022-04-28T00:00:00.000Z,98.7,84.9,105.4,105.4,102.7
שיבא,98.7,2022-04-28T00:00:00.000Z,98.7,84.9,105.4,105.4,102.7
שיבא,98.7,2022-04-28T00:00:00.000Z,98.7,84.9,105.4,105.4,102.7
שיבא,98.7,2022-04-28T00:00:00.000Z,98.7,84.9,105.4,105.4,102.7
שיבא,98.7,2022-04-28T00:00:00.000Z,98.7,84.9,105.4,105.4,102.7
שיבא,98.7,2022-04-28T00:00:00.000Z,98.7,84.9,105.4,105.4,102.7
שיבא,98.7,2022-04-28T00:00:00.000Z,98.7,84.9,105.4,105.4,102.7
שיבא,98.7,2022-04-28T00:00:00.000Z,98.7,84.9,105.4,105.4,102.7
שיבא,98.7,2022-04-28T00:00:00.000Z,98.7,84.9,105.4,105.4,102.7
שיבא,98.7,2022-04-28T00:00:00.000Z,98.7,84.9,105.4,105.4,102.7
שיבא,98.7,2022-04-28T00:00:00.000Z,98.7,84.9,105.4,105.4,102.7
שיבא,98.7,2022-04-28T00:00:00.000Z,98.7,84.9,105.4,105.4,102.7
שיבא,98.7,2022-04-28T00:00:00.000Z,98.7,84.9,105.4,105.4,102.7
שיבא,98.7,2022-04-28T00:00:00.000Z,98.7,84.9,105.4,105.4,102.7
שיבא,98.7,2022-04-28T00:00:00.000Z,98.7,84.9,105.4,105.4,102.7
שיבא,98.7,2022-04-28T00:00:00.000Z,98.7,84.9,105.4,105.4,102.7
שיבא,98.7,2022-04-28T00:00:00.000Z,98.7,84.9,105.4,105.4,102.7
שיבא,98.7,2022-04-28T00:00:00.000Z,98.7,84.9,105.4,105.4,102.7
שיבא,98.7,2022-04-28T00:00:00.000Z,98.7,84.9,105.4,105.4,102.7
שיבא,98.7,2022-04-28T00:00:00.000Z,98.7,84.9,105.4,105.4,102.7
יוספטל,93.8,2022-04-28T00:00:00.000Z,93.8,56.3,58.5,58.5,53.8
יוספטל,93.8,2022-04-28T00:00:00.000Z,93.8,56.3,58.5,58.5,53.8
יוספטל,93.8,2022-04-28T00:00:00.000Z,93.8,56.3,58.5,58.5,53.8
יוספטל,93.8,2022-04-28T00:00:00.000Z,93.8,56.3,58.5,58.5,53.8
יוספטל,93.8,2022-04-28T00:00:00.000Z,93.8,56.3,58.5,58.5,53.8
יוספטל,93.8,2022-04-28T00:00:00.000Z,93.8,56.3,58.5,58.5,53.8
יוספטל,93.8,2022-04-28T00:00:00.000Z,93.8,56.3,58.5,58.5,53.8
יוספטל,93.8,2022-04-28T00:00:00.000Z,93.8,56.3,58.5,58.5,53.8
יוספטל,93.8,2022-04-28T00:00:00.000Z,93.8,56.3,58.5,58.5,53.8
יוספטל,93.8,2022-04-28T00:00:00.000Z,93.8,56.3,58.5,58.5,53.8
יוספטל,93.8,2022-04-28T00:00:00.000Z,93.8,56.3,58.5,58.5,53.8
יוספטל,93.8,2022-04-28T00:00:00.000Z,93.8,56.3,58.5,58.5,53.8
יוספטל,93.8,2022-04-28T00:00:00.000Z,93.8,56.3,58.5,58.5,53.8
יוספטל,93.8,2022-04-28T00:00:00.000Z,93.8,56.3,58.5,58.5,53.8
יוספטל,93.8,2022-04-28T00:00:00.000Z,93.8,56.3,58.5,58.5,53.8
יוספטל,93.8,2022-04-28T00:00:00.000Z,93.8,56.3,58.5,58.5,53.8
יוספטל,93.8,2022-04-28T00:00:00.000Z,93.8,56.3,58.5,58.5,53.8
יוספטל,93.8,2022-04-28T00:00:00.000Z,93.8,56.3,58.5,58.5,53.8
יוספטל,93.8,2022-04-28T00:00:00.000Z,93.8,56.3,58.5,58.5,53.8
יוספטל,93.8,2022-04-28T00:00:00.000Z,93.8,56.3,58.5,58.5,53.8
יוספטל,93.8,2022-04-28T00:00:00.000Z,93.8,56.3,58.5,58.5,53.8
יוספטל,93.8,2022-04-28T00:00:00.000Z,93.8,56.3,58.5,58.5,53.8
יוספטל,93.8,2022-04-28T00:00:00.000Z,93.8,56.3,58.5,58.5,53.8
יוספטל,93.8,2022-04-28T00:00:00.000Z,93.8,56.3,58.5,58.5,53.8
יוספטל,93.8,2022-04-28T00:00:00.000Z,93.8,56.3,58.5,58.5,53.8
יוספטל,93.8,2022-04-28T00:00:00.000Z,93.8,56.3,58.5,58.5,53.8
יוספטל,93.8,2022-04-28T00:00:00.000Z,93.8,56.3,58.5,58.5,53.8
יוספטל,93.8,2022-04-28T00:00:00.000Z,93.8,56.3,58.5,58.5,53.8
יוספטל,93.8,2022-04-28T00:00:00.000Z,93.8,56.3,58.5,58.5,53.8
יוספטל,93.8,2022-04-28T00:00:00.000Z,93.8,56.3,58.5,58.5,53.8
יוספטל,93.8,2022-04-28T00:00:00.000Z,93.8,56.3,58.5,58.5,53.8
יוספטל,93.8,2022-04-28T00:00:00.000Z,93.8,56.3,58.5,58.5,53.8
יוספטל,93.8,2022-04-28T00:00:00.000Z,93.8,56.3,58.5,58.5,53.8
יוספטל,93.8,2022-04-28T00:00:00.000Z,93.8,56.3,58.5,58.5,53.8
ברזילי,89.1,2022-04-28T00:00:00.000Z,89.1,76.6,80,80,76
ברזילי,89.1,2022-04-28T00:00:00.000Z,89.1,76.6,80,80,76
ברזילי,89.1,2022-04-28T00:00:00.000Z,89.1,76.6,80,80,76
ברזילי,89.1,2022-04-28T00:00:00.000Z,89.1,76.6,80,80,76
ברזילי,89.1,2022-04-28T00:00:00.000Z,89.1,76.6,80,80,76
ברזילי,89.1,2022-04-28T00:00:00.000Z,89.1,76.6,80,80,76
ברזילי,89.1,2022-04-28T00:00:00.000Z,89.1,76.6,80,80,76
ברזילי,89.1,2022-04-28T00:00:00.000Z,89.1,76.6,80,80,76
ברזילי,89.1,2022-04-28T00:00:00.000Z,89.1,76.6,80,80,76
ברזילי,89.1,2022-04-28T00:00:00.000Z,89.1,76.6,80,80,76
ברזילי,89.1,2022-04-28T00:00:00.000Z,89.1,76.6,80,80,76
ברזילי,89.1,2022-04-28T00:00:00.000Z,89.1,76.6,80,80,76
ברזילי,89.1,2022-04-28T00:00:00.000Z,89.1,76.6,80,80,76
ברזילי,89.1,2022-04-28T00:00:00.000Z,89.1,76.6,80,80,76
ברזילי,89.1,2022-04-28T00:00:00.000Z,89.1,76.6,80,80,76
ברזילי,89.1,2022-04-28T00:00:00.000Z,89.1,76.6,80,80,76
ברזילי,89.1,2022-04-28T00:00:00.000Z,89.1,76.6,80,80,76
ברזילי,89.1,2022-04-28T00:00:00.000Z,89.1,76.6,80,80,76
ברזילי,89.1,2022-04-28T00:00:00.000Z,89.1,76.6,80,80,76
ברזילי,89.1,2022-04-28T00:00:00.000Z,89.1,76.6,80,80,76
ברזילי,89.1,2022-04-28T00:00:00.000Z,89.1,76.6,80,80,76
ברזילי,89.1,2022-04-28T00:00:00.000Z,89.1,76.6,80,80,76
ברזילי,89.1,2022-04-28T00:00:00.000Z,89.1,76.6,80,80,76
ברזילי,89.1,2022-04-28T00:00:00.000Z,89.1,76.6,80,80,76
ברזילי,89.1,2022-04-28T00:00:00.000Z,89.1,76.6,80,80,76
ברזילי,89.1,2022-04-28T00:00:00.000Z,89.1,76.6,80,80,76
ברזילי,89.1,2022-04-28T00:00:00.000Z,89.1,76.6,80,80,76
ברזילי,89.1,2022-04-28T00:00:00.000Z,89.1,76.6,80,80,76
ברזילי,89.1,2022-04-28T00:00:00.000Z,89.1,76.6,80,80,76
ברזילי,89.1,2022-04-28T00:00:00.000Z,89.1,76.6,80,80,76
ברזילי,89.1,2022-04-28T00:00:00.000Z,89.1,76.6,80,80,76
ברזילי,89.1,2022-04-28T00:00:00.000Z,89.1,76.6,80,80,76
ברזילי,89.1,2022-04-28T00:00:00.000Z,89.1,76.6,80,80,76
ברזילי,89.1,2022-04-28T00:00:00.000Z,89.1,76.6,80,80,76
הלל יפה,97.9,2022-04-28T00:00:00.000Z,97.9,92.5,80,80,89.5
הלל יפה,97.9,2022-04-28T00:00:00.000Z,97.9,92.5,80,80,89.5
הלל יפה,97.9,2022-04-28T00:00:00.000Z,97.9,92.5,80,80,89.5
הלל יפה,97.9,2022-04-28T00:00:00.000Z,97.9,92.5,80,80,89.5
הלל יפה,97.9,2022-04-28T00:00:00.000Z,97.9,92.5,80,80,89.5
הלל יפה,97.9,2022-04-28T00:00:00.000Z,97.9,92.5,80,80,89.5
הלל יפה,97.9,2022-04-28T00:00:00.000Z,97.9,92.5,80,80,89.5
הלל יפה,97.9,2022-04-28T00:00:00.000Z,97.9,92.5,80,80,89.5
הלל יפה,97.9,2022-04-28T00:00:00.000Z,97.9,92.5,80,80,89.5
הלל יפה,97.9,2022-04-28T00:00:00.000Z,97.9,92.5,80,80,89.5
הלל יפה,97.9,2022-04-28T00:00:00.000Z,97.9,92.5,80,80,89.5
הלל יפה,97.9,2022-04-28T00:00:00.000Z,97.9,92.5,80,80,89.5
הלל יפה,97.9,2022-04-28T00:00:00.000Z,97.9,92.5,80,80,89.5
הלל יפה,97.9,2022-04-28T00:00:00.000Z,97.9,92.5,80,80,89.5
הלל יפה,97.9,2022-04-28T00:00:00.000Z,97.9,92.5,80,80,89.5
הלל יפה,97.9,2022-04-28T00:00:00.000Z,97.9,92.5,80,80,89.5
הלל יפה,97.9,2022-04-28T00:00:00.000Z,97.9,92.5,80,80,89.5
הלל יפה,97.9,2022-04-28T00:00:00.000Z,97.9,92.5,80,80,89.5
הלל יפה,97.9,2022-04-28T00:00:00.000Z,97.9,92.5,80,80,89.5
הלל יפה,97.9,2022-04-28T00:00:00.000Z,97.9,92.5,80,80,89.5
הלל יפה,97.9,2022-04-28T00:00:00.000Z,97.9,92.5,80,80,89.5
הלל יפה,97.9,2022-04-28T00:00:00.000Z,97.9,92.5,80,80,89.5
הלל יפה,97.9,2022-04-28T00:00:00.000Z,97.9,92.5,80,80,89.5
הלל יפה,97.9,2022-04-28T00:00:00.000Z,97.9,92.5,80,80,89.5
הלל יפה,97.9,2022-04-28T00:00:00.000Z,97.9,92.5,80,80,89.5
הלל יפה,97.9,2022-04-28T00:00:00.000Z,97.9,92.5,80,80,89.5
הלל יפה,97.9,2022-04-28T00:00:00.000Z,97.9,92.5,80,80,89.5
הלל יפה,97.9,2022-04-28T00:00:00.000Z,97.9,92.5,80,80,89.5
הלל יפה,97.9,2022-04-28T00:00:00.000Z,97.9,92.5,80,80,89.5
הלל יפה,97.9,2022-04-28T00:00:00.000Z,97.9,92.5,80,80,89.5
הלל יפה,97.9,2022-04-28T00:00:00.000Z,97.9,92.5,80,80,89.5
הלל יפה,97.9,2022-04-28T00:00:00.000Z,97.9,92.5,80,80,89.5
הלל יפה,97.9,2022-04-28T00:00:00.000Z,97.9,92.5,80,80,89.5
הלל יפה,97.9,2022-04-28T00:00:00.000Z,97.9,92.5,80,80,89.5
שמיר,84.6,2022-04-28T00:00:00.000Z,91.5,86.1,72.5,73.7,69.1
שמיר,84.6,2022-04-28T00:00:00.000Z,90.5,86.1,72.5,73.6,69.5
שמיר,84.6,2022-04-28T00:00:00.000Z,89.5,86.1,72.5,73.4,69.8
שמיר,84.6,2022-04-28T00:00:00.000Z,88.5,86.1,72.5,73.2,70.1
שמיר,84.6,2022-04-28T00:00:00.000Z,87.5,86.1,72.5,73,70.4
שמיר,84.6,2022-04-28T00:00:00.000Z,86.5,86.1,72.5,72.9,70.7
שמיר,84.6,2022-04-28T00:00:00.000Z,85.5,86.1,72.5,72.7,71.1
שמיר,84.6,2022-04-28T00:00:00.000Z,84.6,86.1,72.5,72.5,71.4
שמיר,84.6,2022-04-28T00:00:00.000Z,84.6,86.1,72.5,72.5,71.4
שמיר,84.6,2022-04-28T00:00:00.000Z,84.6,86.1,72.5,72.5,71.4
שמיר,84.6,2022-04-28T00:00:00.000Z,84.6,86.1,72.5,72.5,71.4
שמיר,84.6,2022-04-28T00:00:00.000Z,84.6,86.1,72.5,72.5,71.4
שמיר,84.6,2022-04-28T00:00:00.000Z,84.6,86.1,72.5,72.5,71.4
שמיר,84.6,2022-04-28T00:00:00.000Z,84.6,86.1,72.5,72.5,71.4
שמיר,84.6,2022-04-28T00:00:00.000Z,84.6,86.1,72.5,72.5,71.4
שמיר,84.6,2022-04-28T00:00:00.000Z,84.6,86.1,72.5,72.5,71.4
שמיר,84.6,2022-04-28T00:00:00.000Z,84.6,86.1,72.5,72.5,71.4
שמיר,84.6,2022-04-28T00:00:00.000Z,84.6,86.1,72.5,72.5,71.4
"רמב""ם",92.4,2022-04-28T00:00:00.000Z,92.4,98,86.4,86.4,94.7
"רמב""ם",92.4,2022-04-28T00:00:00.000Z,92.4,98,86.4,86.4,94.7
"רמב""ם",92.4,2022-04-28T00:00:00.000Z,92.4,98,86.4,86.4,94.7
"רמב""ם",92.4,2022-04-28T00:00:00.000Z,92.4,98,86.4,86.4,94.7
"רמב""ם",92.4,2022-04-28T00:00:00.000Z,92.4,98,86.4,86.4,94.7
"רמב""ם",92.4,2022-04-28T00:00:00.000Z,92.4,98,86.4,86.4,94.7
"רמב""ם",92.4,2022-04-28T00:00:00.000Z,92.4,98,86.4,86.4,94.7
"רמב""ם",92.4,2022-04-28T00:00:00.000Z,92.4,98,86.4,86.4,94.7
"רמב""ם",92.4,2022-04-28T00:00:00.000Z,92.4,98,86.4,86.4,94.7
"רמב""ם",92.4,2022-04-28T00:00:00.000Z,92.4,98,86.4,86.4,94.7
"רמב""ם",92.4,2022-04-28T00:00:00.000Z,92.4,98,86.4,86.4,94.7
"רמב""ם",92.4,2022-04-28T00:00:00.000Z,92.4,98,86.4,86.4,94.7
"רמב""ם",92.4,2022-04-28T00:00:00.000Z,92.4,98,86.4,86.4,94.7
"רמב""ם",92.4,2022-04-28T00:00:00.000Z,92.4,98,86.4,86.4,94.7
"רמב""ם",92.4,2022-04-28T00:00:00.000Z,92.4,98,86.4,86.4,94.7
"רמב""ם",92.4,2022-04-28T00:00:00.000Z,92.4,98,86.4,86.4,94.7
"רמב""ם",92.4,2022-04-28T00:00:00.000Z,92.4,98,86.4,86.4,94.7
"רמב""ם",92.4,2022-04-28T00:00:00.000Z,92.4,98,86.4,86.4,94.7
"רמב""ם",92.4,2022-04-28T00:00:00.000Z,92.4,98,86.4,86.4,94.7
"רמב""ם",92.4,2022-04-28T00:00:00.000Z,92.4,98,86.4,86.4,94.7
"רמב""ם",92.4,2022-04-28T00:00:00.000Z,92.4,98,86.4,86.4,94.7
"רמב""ם",92.4,2022-04-28T00:00:00.000Z,92.4,98,86.4,86.4,94.7
"רמב""ם",92.4,2022-04-28T00:00:00.000Z,92.4,98,86.4,86.4,94.7
"רמב""ם",92.4,2022-04-28T00:00:00.000Z,92.4,98,86.4,86.4,94.7
"רמב""ם",92.4,2022-04-28T00:00:00.000Z,92.4,98,86.4,86.4,94.7
"רמב""ם",92.4,2022-04-28T00:00:00.000Z,92.4,98,86.4,86.4,94.7
"רמב""ם",92.4,2022-04-28T00:00:00.000Z,92.4,98,86.4,86.4,94.7
"רמב""ם",92.4,2022-04-28T00:00:00.000Z,92.4,98,86.4,86.4,94.7
"רמב""ם",92.4,2022-04-28T00:00:00.000Z,92.4,98,86.4,86.4,94.7
"רמב""ם",92.4,2022-04-28T00:00:00.000Z,92.4,98,86.4,86.4,94.7
"רמב""ם",92.4,2022-04-28T00:00:00.000Z,92.4,98,86.4,86.4,94.7
"רמב""ם",92.4,2022-04-28T00:00:00.000Z,92.4,98,86.4,86.4,94.7
"רמב""ם",92.4,2022-04-28T00:00:00.000Z,92.4,98,86.4,86.4,94.7
"רמב""ם",92.4,2022-04-28T00:00:00.000Z,92.4,98,86.4,86.4,94.7
"רמב""ם",92.4,2022-04-28T00:00:00.000Z,92.4,98,86.4,86.4,94.7
"רמב""ם",92.4,2022-04-28T00:00:00.000Z,92.4,98,86.4,86.4,94.7
"רמב""ם",92.4,2022-04-28T00:00:00.000Z,92.4,98,86.4,86.4,94.7
"רמב""ם",92.4,2022-04-28T00:00:00.000Z,92.4,98,86.4,86.4,94.7
"רמב""ם",92.4,2022-04-28T00:00:00.000Z,92.4,98,86.4,86.4,94.7
"רמב""ם",92.4,2022-04-28T00:00:00.000Z,92.4,98,86.4,86.4,94.7
"רמב""ם",92.4,2022-04-28T00:00:00.000Z,92.4,98,86.4,86.4,94.7
"רמב""ם",92.4,2022-04-28T00:00:00.000Z,92.4,98,86.4,86.4,94.7
"רמב""ם",92.4,2022-04-28T00:00:00.000Z,92.4,98,86.4,86.4,94.7
"רמב""ם",92.4,2022-04-28T00:00:00.000Z,92.4,98,86.4,86.4,94.7
"רמב""ם",92.4,2022-04-28T00:00:00.000Z,92.4,98,86.4,86.4,94.7
"רמב""ם",92.4,2022-04-28T00:00:00.000Z,92.4,98,86.4,86.4,94.7
"רמב""ם",92.4,2022-04-28T00:00:00.000Z,92.4,98,86.4,86.4,94.7
"רמב""ם",92.4,2022-04-28T00:00:00.000Z,92.4,98,86.4,86.4,94.7
"רמב""ם",92.4,2022-04-28T00:00:00.000Z,92.4,98,86.4,86.4,94.7
"רמב""ם",92.4,2022-04-28T00:00:00.000Z,92.4,98,86.4,86.4,94.7
"רמב""ם",92.4,2022-04-28T00:00:00.000Z,92.4,98,86.4,86.4,94.7
"רמב""ם",92.4,2022-04-28T00:00:00.000Z,92.4,98,86.4,86.4,94.7
"רמב""ם",92.4,2022-04-28T00:00:00.000Z,92.4,98,86.4,86.4,94.7
"רמב""ם",92.4,2022-04-28T00:00:00.000Z,92.4,98,86.4,86.4,94.7
"רמב""ם",92.4,2022-04-28T00:00:00.000Z,92.4,98,86.4,86.4,94.7
"רמב""ם",92.4,2022-04-28T00:00:00.000Z,92.4,98,86.4,86.4,94.7
"רמב""ם",92.4,2022-04-28T00:00:00.000Z,92.4,98,86.4,86.4,94.7
"רמב""ם",92.4,2022-04-28T00:00:00.000Z,92.4,98,86.4,86.4,94.7
"רמב""ם",92.4,2022-04-28T00:00:00.000Z,92.4,98,86.4,86.4,94.7
"רמב""ם",92.4,2022-04-28T00:00:00.000Z,92.4,98,86.4,86.4,94.7
"רמב""ם",92.4,2022-04-28T00:00:00.000Z,92.4,98,86.4,86.4,94.7
"רמב""ם",92.4,2022-04-28T00:00:00.000Z,92.4,98,86.4,86.4,94.7
"רמב""ם",92.4,2022-04-28T00:00:00.000Z,92.4,98,86.4,86.4,94.7
"רמב""ם",92.4,2022-04-28T00:00:00.000Z,92.4,98,86.4,86.4,94.7
שיבא,98.7,2022-04-28T00:00:00.000Z,98.7,84.9,105.4,105.4,102.7
שיבא,98.7,2022-04-28T00:00:00.000Z,98.7,84.9,105.4,105.4,102.7
שיבא,98.7,2022-04-28T00:00:00.000Z,98.7,84.9,105.4,105.4,102.7
שיבא,98.7,2022-04-28T00:00:00.000Z,98.7,84.9,105.4,105.4,102.7
שיבא,98.7,2022-04-28T00:00:00.000Z,98.7,84.9,105.4,105.4,102.7
שיבא,98.7,2022-04-28T00:00:00.000Z,98.7,84.9,105.4,105.4,102.7
שיבא,98.7,2022-04-28T00:00:00.000Z,98.7,84.9,105.4,105.4,102.7
שיבא,98.7,2022-04-28T00:00:00.000Z,98.7,84.9,105.4,105.4,102.7
שיבא,98.7,2022-04-28T00:00:00.000Z,98.7,84.9,105.4,105.4,102.7
שיבא,98.7,2022-04-28T00:00:00.000Z,98.7,84.9,105.4,105.4,102.7
שיבא,98.7,2022-04-28T00:00:00.000Z,98.7,84.9,105.4,105.4,102.7
שיבא,98.7,2022-04-28T00:00:00.000Z,98.7,84.9,105.4,105.4,102.7
שיבא,98.7,2022-04-28T00:00:00.000Z,98.7,84.9,105.4,105.4,102.7
שיבא,98.7,2022-04-28T00:00:00.000Z,98.7,84.9,105.4,105.4,102.7
שיבא,98.7,2022-04-28T00:00:00.000Z,98.7,84.9,105.4,105.4,102.7
שיבא,98.7,2022-04-28T00:00:00.000Z,98.7,84.9,105.4,105.4,102.7
שיבא,98.7,2022-04-28T00:00:00.000Z,98.7,84.9,105.4,105.4,102.7
שיבא,98.7,2022-04-28T00:00:00.000Z,98.7,84.9,105.4,105.4,102.7
שיבא,98.7,2022-04-28T00:00:00.000Z,98.7,84.9,105.4,105.4,102.7
שיבא,98.7,2022-04-28T00:00:00.000Z,98.7,84.9,105.4,105.4,102.7
שיבא,98.7,2022-04-28T00:00:00.000Z,98.7,84.9,105.4,105.4,102.7
שיבא,98.7,2022-04-28T00:00:00.000Z,98.7,84.9,105.4,105.4,102.7
שיבא,98.7,2022-04-28T00:00:00.000Z,98.7,84.9,105.4,105.4,102.7
שיבא,98.7,2022-04-28T00:00:00.000Z,98.7,84.9,105.4,105.4,102.7
שיבא,98.7,2022-04-28T00:00:00.000Z,98.7,84.9,105.4,105.4,102.7
שיבא,98.7,2022-04-28T00:00:00.000Z,98.7,84.9,105.4,105.4,102.7
שיבא,98.7,2022-04-28T00:00:00.000Z,98.7,84.9,105.4,105.4,102.7
שיבא,98.7,2022-04-28T00:00:00.000Z,98.7,84.9,105.4,105.4,102.7
שיבא,98.7,2022-04-28T00:00:00.000Z,98.7,84.9,105.4,105.4,102.7
שיבא,98.7,2022-04-28T00:00:00.000Z,98.7,84.9,105.4,105.4,102.7
שיבא,98.7,2022-04-28T00:00:00.000Z,98.7,84.9,105.4,105.4,102.7
שיבא,98.7,2022-04-28T00:00:00.000Z,98.7,84.9,105.4,105.4,102.7
שיבא,98.7,2022-04-28T00:00:00.000Z,98.7,84.9,105.4,105.4,102.7
שיבא,98.7,2022-04-28T00:00:00.000Z,98.7,84.9,105.4,105.4,102.7
שיבא,98.7,2022-04-28T00:00:00.000Z,98.7,84.9,105.4,105.4,102.7
שיבא,98.7,2022-04-28T00:00:00.000Z,98.7,84.9,105.4,105.4,102.7
שיבא,98.7,2022-04-28T00:00:00.000Z,98.7,84.9,105.4,105.4,102.7
שיבא,98.7,2022-04-28T00:00:00.000Z,98.7,84.9,105.4,105.4,102.7
שיבא,98.7,2022-04-28T00:00:00.000Z,98.7,84.9,105.4,105.4,102.7
שיבא,98.7,2022-04-28T00:00:00.000Z,98.7,84.9,105.4,105.4,102.7
נהריה,87.9,2022-04-28T00:00:00.000Z,87.9,94.2,80.5,80.5,88.8
נהריה,87.9,2022-04-28T00:00:00.000Z,87.9,94.2,80.5,80.5,88.8
נהריה,87.9,2022-04-28T00:00:00.000Z,87.9,94.2,80.5,80.5,88.8
נהריה,87.9,2022-04-28T00:00:00.000Z,87.9,94.2,80.5,80.5,88.8
נהריה,87.9,2022-04-28T00:00:00.000Z,87.9,94.2,80.5,80.5,88.8
נהריה,87.9,2022-04-28T00:00:00.000Z,87.9,94.2,80.5,80.5,88.8
נהריה,87.9,2022-04-28T00:00:00.000Z,87.9,94.2,80.5,80.5,88.8
נהריה,87.9,2022-04-28T00:00:00.000Z,87.9,94.2,80.5,80.5,88.8
נהריה,87.9,2022-04-28T00:00:00.000Z,87.9,94.2,80.5,80.5,88.8
נהריה,87.9,2022-04-28T00:00:00.000Z,87.9,94.2,80.5,80.5,88.8
נהריה,87.9,2022-04-28T00:00:00.000Z,87.9,94.2,80.5,80.5,88.8
נהריה,87.9,2022-04-28T00:00:00.000Z,87.9,94.2,80.5,80.5,88.8
נהריה,87.9,2022-04-28T00:00:00.000Z,87.9,94.2,80.5,80.5,88.8
נהריה,87.9,2022-04-28T00:00:00.000Z,87.9,94.2,80.5,80.5,88.8
נהריה,87.9,2022-04-28T00:00:00.000Z,87.9,94.2,80.5,80.5,88.8
נהריה,87.9,2022-04-28T00:00:00.000Z,87.9,94.2,80.5,80.5,88.8
נהריה,87.9,2022-04-28T00:00:00.000Z,87.9,94.2,80.5,80.5,88.8
נהריה,87.9,2022-04-28T00:00:00.000Z,87.9,94.2,80.5,80.5,88.8
נהריה,87.9,2022-04-28T00:00:00.000Z,87.9,94.2,80.5,80.5,88.8
נהריה,87.9,2022-04-28T00:00:00.000Z,87.9,94.2,80.5,80.5,88.8
נהריה,87.9,2022-04-28T00:00:00.000Z,87.9,94.2,80.5,80.5,88.8
נהריה,87.9,2022-04-28T00:00:00.000Z,87.9,94.2,80.5,80.5,88.8
נהריה,87.9,2022-04-28T00:00:00.000Z,87.9,94.2,80.5,80.5,88.8
נהריה,87.9,2022-04-28T00:00:00.000Z,87.9,94.2,80.5,80.5,88.8
נהריה,87.9,2022-04-28T00:00:00.000Z,87.9,94.2,80.5,80.5,88.8
נהריה,87.9,2022-04-28T00:00:00.000Z,87.9,94.2,80.5,80.5,88.8
נהריה,87.9,2022-04-28T00:00:00.000Z,87.9,94.2,80.5,80.5,88.8
נהריה,87.9,2022-04-28T00:00:00.000Z,87.9,94.2,80.5,80.5,88.8
נהריה,87.9,2022-04-28T00:00:00.000Z,87.9,94.2,80.5,80.5,88.8
נהריה,87.9,2022-04-28T00:00:00.000Z,87.9,94.2,80.5,80.5,88.8
נהריה,87.9,2022-04-28T00:00:00.000Z,87.9,94.2,80.5,80.5,88.8
נהריה,87.9,2022-04-28T00:00:00.000Z,87.9,94.2,80.5,80.5,88.8
נהריה,87.9,2022-04-28T00:00:00.000Z,87.9,94.2,80.5,80.5,88.8
נהריה,87.9,2022-04-28T00:00:00.000Z,87.9,94.2,80.5,80.5,88.8
יוספטל,93.8,2022-04-28T00:00:00.000Z,93.8,56.3,58.5,58.5,53.8
יוספטל,93.8,2022-04-28T00:00:00.000Z,93.8,56.3,58.5,58.5,53.8
יוספטל,93.8,2022-04-28T00:00:00.000Z,93.8,56.3,58.5,58.5,53.8
יוספטל,93.8,2022-04-28T00:00:00.000Z,93.8,56.3,58.5,58.5,53.8
יוספטל,93.8,2022-04-28T00:00:00.000Z,93.8,56.3,58.5,58.5,53.8
יוספטל,93.8,2022-04-28T00:00:00.000Z,93.8,56.3,58.5,58.5,53.8
יוספטל,93.8,2022-04-28T00:00:00.000Z,93.8,56.3,58.5,58.5,53.8
יוספטל,93.8,2022-04-28T00:00:00.000Z,93.8,56.3,58.5,58.5,53.8
יוספטל,93.8,2022-04-28T00:00:00.000Z,93.8,56.3,58.5,58.5,53.8
יוספטל,93.8,2022-04-28T00:00:00.000Z,93.8,56.3,58.5,58.5,53.8
יוספטל,93.8,2022-04-28T00:00:00.000Z,93.8,56.3,58.5,58.5,53.8
יוספטל,93.8,2022-04-28T00:00:00.000Z,93.8,56.3,58.5,58.5,53.8
יוספטל,93.8,2022-04-28T00:00:00.000Z,93.8,56.3,58.5,58.5,53.8
יוספטל,93.8,2022-04-28T00:00:00.000Z,93.8,56.3,58.5,58.5,53.8
יוספטל,93.8,2022-04-28T00:00:00.000Z,93.8,56.3,58.5,58.5,53.8
יוספטל,93.8,2022-04-28T00:00:00.000Z,93.8,56.3,58.5,58.5,53.8
יוספטל,93.8,2022-04-28T00:00:00.000Z,93.8,56.3,58.5,58.5,53.8
יוספטל,93.8,2022-04-28T00:00:00.000Z,93.8,56.3,58.5,58.5,53.8
יוספטל,93.8,2022-04-28T00:00:00.000Z,93.8,56.3,58.5,58.5,53.8
יוספטל,93.8,2022-04-28T00:00:00.000Z,93.8,56.3,58.5,58.5,53.8
יוספטל,93.8,2022-04-28T00:00:00.000Z,93.8,56.3,58.5,58.5,53.8
יוספטל,93.8,2022-04-28T00:00:00.000Z,93.8,56.3,58.5,58.5,53.8
יוספטל,93.8,2022-04-28T00:00:00.000Z,93.8,56.3,58.5,58.5,53.8
יוספטל,93.8,2022-04-28T00:00:00.000Z,93.8,56.3,58.5,58.5,53.8
יוספטל,93.8,2022-04-28T00:00:00.000Z,93.8,56.3,58.5,58.5,53.8
יוספטל,93.8,2022-04-28T00:00:00.000Z,93.8,56.3,58.5,58.5,53.8
יוספטל,93.8,2022-04-28T00:00:00.000Z,93.8,56.3,58.5,58.5,53.8
יוספטל,93.8,2022-04-28T00:00:00.000Z,93.8,56.3,58.5,58.5,53.8
יוספטל,93.8,2022-04-28T00:00:00.000Z,93.8,56.3,58.5,58.5,53.8
יוספטל,93.8,2022-04-28T00:00:00.000Z,93.8,56.3,58.5,58.5,53.8
יוספטל,93.8,2022-04-28T00:00:00.000Z,93.8,56.3,58.5,58.5,53.8
יוספטל,93.8,2022-04-28T00:00:00.000Z,93.8,56.3,58.5,58.5,53.8
יוספטל,93.8,2022-04-28T00:00:00.000Z,93.8,56.3,58.5,58.5,53.8
יוספטל,93.8,2022-04-28T00:00:00.000Z,93.8,56.3,58.5,58.5,53.8
"רמב""ם",92.4,2022-04-28T00:00:00.000Z,92.4,98,86.4,86.4,94.7
"רמב""ם",92.4,2022-04-28T00:00:00.000Z,92.4,98,86.4,86.4,94.7
"רמב""ם",92.4,2022-04-28T00:00:00.000Z,92.4,98,86.4,86.4,94.7
"רמב""ם",92.4,2022-04-28T00:00:00.000Z,92.4,98,86.4,86.4,94.7
"רמב""ם",92.4,2022-04-28T00:00:00.000Z,92.4,98,86.4,86.4,94.7
"רמב""ם",92.4,2022-04-28T00:00:00.000Z,92.4,98,86.4,86.4,94.7
"רמב""ם",92.4,2022-04-28T00:00:00.000Z,92.4,98,86.4,86.4,94.7
"רמב""ם",92.4,2022-04-28T00:00:00.000Z,92.4,98,86.4,86.4,94.7
"רמב""ם",92.4,2022-04-28T00:00:00.000Z,92.4,98,86.4,86.4,94.7
"רמב""ם",92.4,2022-04-28T00:00:00.000Z,92.4,98,86.4,86.4,94.7
"רמב""ם",92.4,2022-04-28T00:00:00.000Z,92.4,98,86.4,86.4,94.7
"רמב""ם",92.4,2022-04-28T00:00:00.000Z,92.4,98,86.4,86.4,94.7
"רמב""ם",92.4,2022-04-28T00:00:00.000Z,92.4,98,86.4,86.4,94.7
"רמב""ם",92.4,2022-04-28T00:00:00.000Z,92.4,98,86.4,86.4,94.7
"רמב""ם",92.4,2022-04-28T00:00:00.000Z,92.4,98,86.4,86.4,94.7
"רמב""ם",92.4,2022-04-28T00:00:00.000Z,92.4,98,86.4,86.4,94.7
"רמב""ם",92.4,2022-04-28T00:00:00.000Z,92.4,98,86.4,86.4,94.7
"רמב""ם",92.4,2022-04-28T00:00:00.000Z,92.4,98,86.4,86.4,94.7
"רמב""ם",92.4,2022-04-28T00:00:00.000Z,92.4,98,86.4,86.4,94.7
"רמב""ם",92.4,2022-04-28T00:00:00.000Z,92.4,98,86.4,86.4,94.7
"רמב""ם",92.4,2022-04-28T00:00:00.000Z,92.4,98,86.4,86.4,94.7
"רמב""ם",92.4,2022-04-28T00:00:00.000Z,92.4,98,86.4,86.4,94.7
"רמב""ם",92.4,2022-04-28T00:00:00.000Z,92.4,98,86.4,86.4,94.7
"רמב""ם",92.4,2022-04-28T00:00:00.000Z,92.4,98,86.4,86.4,94.7
"רמב""ם",92.4,2022-04-28T00:00:00.000Z,92.4,98,86.4,86.4,94.7
"רמב""ם",92.4,2022-04-28T00:00:00.000Z,92.4,98,86.4,86.4,94.7
"רמב""ם",92.4,2022-04-28T00:00:00.000Z,92.4,98,86.4,86.4,94.7
"רמב""ם",92.4,2022-04-28T00:00:00.000Z,92.4,98,86.4,86.4,94.7
"רמב""ם",92.4,2022-04-28T00:00:00.000Z,92.4,98,86.4,86.4,94.7
"רמב""ם",92.4,2022-04-28T00:00:00.000Z,92.4,98,86.4,86.4,94.7
"רמב""ם",92.4,2022-04-28T00:00:00.000Z,92.4,98,86.4,86.4,94.7
"רמב""ם",92.4,2022-04-28T00:00:00.000Z,92.4,98,86.4,86.4,94.7
"רמב""ם",92.4,2022-04-28T00:00:00.000Z,92.4,98,86.4,86.4,94.7
"רמב""ם",92.4,2022-04-28T00:00:00.000Z,92.4,98,86.4,86.4,94.7
שיבא,98.7,2022-04-28T00:00:00.000Z,98.7,84.9,105.4,105.4,102.7
שיבא,98.7,2022-04-28T00:00:00.000Z,98.7,84.9,105.4,105.4,102.7
שיבא,98.7,2022-04-28T00:00:00.000Z,98.7,84.9,105.4,105.4,102.7
שיבא,98.7,2022-04-28T00:00:00.000Z,98.7,84.9,105.4,105.4,102.7
שיבא,98.7,2022-04-28T00:00:00.000Z,98.7,84.9,105.4,105.4,102.7
שיבא,98.7,2022-04-28T00:00:00.000Z,98.7,84.9,105.4,105.4,102.7
שיבא,98.7,2022-04-28T00:00:00.000Z,98.7,84.9,105.4,105.4,102.7
שיבא,98.7,2022-04-28T00:00:00.000Z,98.7,84.9,105.4,105.4,102.7
שיבא,98.7,2022-04-28T00:00:00.000Z,98.7,84.9,105.4,105.4,102.7
שיבא,98.7,2022-04-28T00:00:00.000Z,98.7,84.9,105.4,105.4,102.7
שיבא,98.7,2022-04-28T00:00:00.000Z,98.7,84.9,105.4,105.4,102.7
שיבא,98.7,2022-04-28T00:00:00.000Z,98.7,84.9,105.4,105.4,102.7
שיבא,98.7,2022-04-28T00:00:00.000Z,98.7,84.9,105.4,105.4,102.7
שיבא,98.7,2022-04-28T00:00:00.000Z,98.7,84.9,105.4,105.4,102.7
שיבא,98.7,2022-04-28T00:00:00.000Z,98.7,84.9,105.4,105.4,102.7
שיבא,98.7,2022-04-28T00:00:00.000Z,98.7,84.9,105.4,105.4,102.7
שיבא,98.7,2022-04-28T00:00:00.000Z,98.7,84.9,105.4,105.4,102.7
שיבא,98.7,2022-04-28T00:00:00.000Z,98.7,84.9,105.4,105.4,102.7
שיבא,98.7,2022-04-28T00:00:00.000Z,98.7,84.9,105.4,105.4,102.7
שיבא,98.7,2022-04-28T00:00:00.000Z,98.7,84.9,105.4,105.4,102.7
שיבא,98.7,2022-04-28T00:00:00.000Z,98.7,84.9,105.4,105.4,102.7
שיבא,98.7,2022-04-28T00:00:00.000Z,98.7,84.9,105.4,105.4,102.7
שיבא,98.7,2022-04-28T00:00:00.000Z,98.7,84.9,105.4,105.4,102.7
שיבא,98.7,2022-04-28T00:00:00.000Z,98.7,84.9,105.4,105.4,102.7
שיבא,98.7,2022-04-28T00:00:00.000Z,98.7,84.9,105.4,105.4,102.7
שיבא,98.7,2022-04-28T00:00:00.000Z,98.7,84.9,105.4,105.4,102.7
שיבא,98.7,2022-04-28T00:00:00.000Z,98.7,84.9,105.4,105.4,102.7
שיבא,98.7,2022-04-28T00:00:00.000Z,98.7,84.9,105.4,105.4,102.7
שיבא,98.7,2022-04-28T00:00:00.000Z,98.7,84.9,105.4,105.4,102.7
שיבא,98.7,2022-04-28T00:00:00.000Z,98.7,84.9,105.4,105.4,102.7
שיבא,98.7,2022-04-28T00:00:00.000Z,98.7,84.9,105.4,105.4,102.7
שיבא,98.7,2022-04-28T00:00:00.000Z,98.7,84.9,105.4,105.4,102.7
שיבא,98.7,2022-04-28T00:00:00.000Z,98.7,84.9,105.4,105.4,102.7
שיבא,98.7,2022-04-28T00:00:00.000Z,98.7,84.9,105.4,105.4,102.7
הלל יפה,97.9,2022-04-28T00:00:00.000Z,97.9,92.5,80,80,89.5
הלל יפה,97.9,2022-04-28T00:00:00.000Z,97.9,92.5,80,80,89.5
הלל יפה,97.9,2022-04-28T00:00:00.000Z,97.9,92.5,80,80,89.5
הלל יפה,97.9,2022-04-28T00:00:00.000Z,97.9,92.5,80,80,89.5
הלל יפה,97.9,2022-04-28T00:00:00.000Z,97.9,92.5,80,80,89.5
הלל יפה,97.9,2022-04-28T00:00:00.000Z,97.9,92.5,80,80,89.5
הלל יפה,97.9,2022-04-28T00:00:00.000Z,97.9,92.5,80,80,89.5
הלל יפה,97.9,2022-04-28T00:00:00.000Z,97.9,92.5,80,80,89.5
הלל יפה,97.9,2022-04-28T00:00:00.000Z,97.9,92.5,80,80,89.5
הלל יפה,97.9,2022-04-28T00:00:00.000Z,97.9,92.5,80,80,89.5
הלל יפה,97.9,2022-04-28T00:00:00.000Z,97.9,92.5,80,80,89.5
הלל יפה,97.9,2022-04-28T00:00:00.000Z,97.9,92.5,80,80,89.5
הלל יפה,97.9,2022-04-28T00:00:00.000Z,97.9,92.5,80,80,89.5
הלל יפה,97.9,2022-04-28T00:00:00.000Z,97.9,92.5,80,80,89.5
הלל יפה,97.9,2022-04-28T00:00:00.000Z,97.9,92.5,80,80,89.5
הלל יפה,97.9,2022-04-28T00:00:00.000Z,97.9,92.5,80,80,89.5
הלל יפה,97.9,2022-04-28T00:00:00.000Z,97.9,92.5,80,80,89.5
הלל יפה,97.9,2022-04-28T00:00:00.000Z,97.9,92.5,80,80,89.5
הלל יפה,97.9,2022-04-28T00:00:00.000Z,97.9,92.5,80,80,89.5
הלל יפה,97.9,2022-04-28T00:00:00.000Z,97.9,92.5,80,80,89.5
הלל יפה,97.9,2022-04-28T00:00:00.000Z,97.9,92.5,80,80,89.5
הלל יפה,97.9,2022-04-28T00:00:00.000Z,97.9,92.5,80,80,89.5
הלל יפה,97.9,2022-04-28T00:00:00.000Z,97.9,92.5,80,80,89.5
הלל יפה,97.9,2022-04-28T00:00:00.000Z,97.9,92.5,80,80,89.5
הלל יפה,97.9,2022-04-28T00:00:00.000Z,97.9,92.5,80,80,89.5
הלל יפה,97.9,2022-04-28T00:00:00.000Z,97.9,92.5,80,80,89.5
הלל יפה,97.9,2022-04-28T00:00:00.000Z,97.9,92.5,80,80,89.5
הלל יפה,97.9,2022-04-28T00:00:00.000Z,97.9,92.5,80,80,89.5
הלל יפה,97.9,2022-04-28T00:00:00.000Z,97.9,92.5,80,80,89.5
הלל יפה,97.9,2022-04-28T00:00:00.000Z,97.9,92.5,80,80,89.5
הלל יפה,97.9,2022-04-28T00:00:00.000Z,97.9,92.5,80,80,89.5
הלל יפה,97.9,2022-04-28T00:00:00.000Z,97.9,92.5,80,80,89.5
הלל יפה,97.9,2022-04-28T00:00:00.000Z,97.9,92.5,80,80,89.5
הלל יפה,97.9,2022-04-28T00:00:00.000Z,97.9,92.5,80,80,89.5
נהריה,87.9,2022-04-28T00:00:00.000Z,87.9,94.2,80.5,80.5,88.8
נהריה,87.9,2022-04-28T00:00:00.000Z,87.9,94.2,80.5,80.5,88.8
נהריה,87.9,2022-04-28T00:00:00.000Z,87.9,94.2,80.5,80.5,88.8
נהריה,87.9,2022-04-28T00:00:00.000Z,87.9,94.2,80.5,80.5,88.8
נהריה,87.9,2022-04-28T00:00:00.000Z,87.9,94.2,80.5,80.5,88.8
נהריה,87.9,2022-04-28T00:00:00.000Z,87.9,94.2,80.5,80.5,88.8
נהריה,87.9,2022-04-28T00:00:00.000Z,87.9,94.2,80.5,80.5,88.8
נהריה,87.9,2022-04-28T00:00:00.000Z,87.9,94.2,80.5,80.5,88.8
נהריה,87.9,2022-04-28T00:00:00.000Z,87.9,94.2,80.5,80.5,88.8
נהריה,87.9,2022-04-28T00:00:00.000Z,87.9,94.2,80.5,80.5,88.8
נהריה,87.9,2022-04-28T00:00:00.000Z,87.9,94.2,80.5,80.5,88.8
נהריה,87.9,2022-04-28T00:00:00.000Z,87.9,94.2,80.5,80.5,88.8
נהריה,87.9,2022-04-28T00:00:00.000Z,87.9,94.2,80.5,80.5,88.8
נהריה,87.9,2022-04-28T00:00:00.000Z,87.9,94.2,80.5,80.5,88.8
נהריה,87.9,2022-04-28T00:00:00.000Z,87.9,94.2,80.5,80.5,88.8
נהריה,87.9,2022-04-28T00:00:00.000Z,87.9,94.2,80.5,80.5,88.8
נהריה,87.9,2022-04-28T00:00:00.000Z,87.9,94.2,80.5,80.5,88.8
נהריה,87.9,2022-04-28T00:00:00.000Z,87.9,94.2,80.5,80.5,88.8
נהריה,87.9,2022-04-28T00:00:00.000Z,87.9,94.2,80.5,80.5,88.8
נהריה,87.9,2022-04-28T00:00:00.000Z,87.9,94.2,80.5,80.5,88.8
נהריה,87.9,2022-04-28T00:00:00.000Z,87.9,94.2,80.5,80.5,88.8
נהריה,87.9,2022-04-28T00:00:00.000Z,87.9,94.2,80.5,80.5,88.8
נהריה,87.9,2022-04-28T00:00:00.000Z,87.9,94.2,80.5,80.5,88.8
נהריה,87.9,2022-04-28T00:00:00.000Z,87.9,94.2,80.5,80.5,88.8
נהריה,87.9,2022-04-28T00:00:00.000Z,87.9,94.2,80.5,80.5,88.8
נהריה,87.9,2022-04-28T00:00:00.000Z,87.9,94.2,80.5,80.5,88.8
נהריה,87.9,2022-04-28T00:00:00.000Z,87.9,94.2,80.5,80.5,88.8
נהריה,87.9,2022-04-28T00:00:00.000Z,87.9,94.2,80.5,80.5,88.8
נהריה,87.9,2022-04-28T00:00:00.000Z,87.9,94.2,80.5,80.5,88.8
נהריה,87.9,2022-04-28T00:00:00.000Z,87.9,94.2,80.5,80.5,88.8
נהריה,87.9,2022-04-28T00:00:00.000Z,87.9,94.2,80.5,80.5,88.8
נהריה,87.9,2022-04-28T00:00:00.000Z,87.9,94.2,80.5,80.5,88.8
נהריה,87.9,2022-04-28T00:00:00.000Z,87.9,94.2,80.5,80.5,88.8
נהריה,87.9,2022-04-28T00:00:00.000Z,87.9,94.2,80.5,80.5,88.8
נהריה,87.9,2022-04-28T00:00:00.000Z,87.9,94.2,80.5,80.5,88.8
נהריה,87.9,2022-04-28T00:00:00.000Z,87.9,94.2,80.5,80.5,88.8
נהריה,87.9,2022-04-28T00:00:00.000Z,87.9,94.2,80.5,80.5,88.8
נהריה,87.9,2022-04-28T00:00:00.000Z,87.9,94.2,80.5,80.5,88.8
נהריה,87.9,2022-04-28T00:00:00.000Z,87.9,94.2,80.5,80.5,88.8
נהריה,87.9,2022-04-28T00:00:00.000Z,87.9,94.2,80.5,80.5,88.8
נהריה,87.9,2022-04-28T00:00:00.000Z,87.9,94.2,80.5,80.5,88.8
נהריה,87.9,2022-04-28T00:00:00.000Z,87.9,94.2,80.5,80.5,88.8
נהריה,87.9,2022-04-28T00:00:00.000Z,87.9,94.2,80.5,80.5,88.8
נהריה,87.9,2022-04-28T00:00:00.000Z,87.9,94.2,80.5,80.5,88.8
נהריה,87.9,2022-04-28T00:00:00.000Z,87.9,94.2,80.5,80.5,88.8
נהריה,87.9,2022-04-28T00:00:00.000Z,87.9,94.2,80.5,80.5,88.8
נהריה,87.9,2022-04-28T00:00:00.000Z,87.9,94.2,80.5,80.5,88.8
נהריה,87.9,2022-04-28T00:00:00.000Z,87.9,94.2,80.5,80.5,88.8
נהריה,87.9,2022-04-28T00:00:00.000Z,87.9,94.2,80.5,80.5,88.8
נהריה,87.9,2022-04-28T00:00:00.000Z,87.9,94.2,80.5,80.5,88.8
נהריה,87.9,2022-04-28T00:00:00.000Z,87.9,94.2,80.5,80.5,88.8
נהריה,87.9,2022-04-28T00:00:00.000Z,87.9,94.2,80.5,80.5,88.8
נהריה,87.9,2022-04-28T00:00:00.000Z,87.9,94.2,80.5,80.5,88.8
נהריה,87.9,2022-04-28T00:00:00.000Z,87.9,94.2,80.5,80.5,88.8
נהריה,87.9,2022-04-28T00:00:00.000Z,87.9,94.2,80.5,80.5,88.8
נהריה,87.9,2022-04-28T00:00:00.000Z,87.9,94.2,80.5,80.5,88.8
נהריה,87.9,2022-04-28T00:00:00.000Z,87.9,94.2,80.5,80.5,88.8
נהריה,87.9,2022-04-28T00:00:00.000Z,87.9,94.2,80.5,80.5,88.8
נהריה,87.9,2022-04-28T00:00:00.000Z,87.9,94.2,80.5,80.5,88.8
נהריה,87.9,2022-04-28T00:00:00.000Z,87.9,94.2,80.5,80.5,88.8
נהריה,87.9,2022-04-28T00:00:00.000Z,87.9,94.2,80.5,80.5,88.8
נהריה,87.9,2022-04-28T00:00:00.000Z,87.9,94.2,80.5,80.5,88.8
נהריה,87.9,2022-04-28T00:00:00.000Z,87.9,94.2,80.5,80.5,88.8
נהריה,87.9,2022-04-28T00:00:00.000Z,87.9,94.2,80.5,80.5,88.8
נהריה,87.9,2022-04-28T00:00:00.000Z,87.9,94.2,80.5,80.5,88.8
נהריה,87.9,2022-04-28T00:00:00.000Z,87.9,94.2,80.5,80.5,88.8
נהריה,87.9,2022-04-28T00:00:00.000Z,87.9,94.2,80.5,80.5,88.8
נהריה,87.9,2022-04-28T00:00:00.000Z,87.9,94.2,80.5,80.5,88.8
"רמב""ם",92.4,2022-04-28T00:00:00.000Z,92.4,98,86.4,86.4,94.7
"רמב""ם",92.4,2022-04-28T00:00:00.000Z,92.4,98,86.4,86.4,94.7
"רמב""ם",92.4,2022-04-28T00:00:00.000Z,92.4,98,86.4,86.4,94.7
"רמב""ם",92.4,2022-04-28T00:00:00.000Z,92.4,98,86.4,86.4,94.7
"רמב""ם",92.4,2022-04-28T00:00:00.000Z,92.4,98,86.4,86.4,94.7
"רמב""ם",92.4,2022-04-28T00:00:00.000Z,92.4,98,86.4,86.4,94.7
"רמב""ם",92.4,2022-04-28T00:00:00.000Z,92.4,98,86.4,86.4,94.7
"רמב""ם",92.4,2022-04-28T00:00:00.000Z,92.4,98,86.4,86.4,94.7
"רמב""ם",92.4,2022-04-28T00:00:00.000Z,92.4,98,86.4,86.4,94.7
"רמב""ם",92.4,2022-04-28T00:00:00.000Z,92.4,98,86.4,86.4,94.7
"רמב""ם",92.4,2022-04-28T00:00:00.000Z,92.4,98,86.4,86.4,94.7
"רמב""ם",92.4,2022-04-28T00:00:00.000Z,92.4,98,86.4,86.4,94.7
"רמב""ם",92.4,2022-04-28T00:00:00.000Z,92.4,98,86.4,86.4,94.7
"רמב""ם",92.4,2022-04-28T00:00:00.000Z,92.4,98,86.4,86.4,94.7
"רמב""ם",92.4,2022-04-28T00:00:00.000Z,92.4,98,86.4,86.4,94.7
"רמב""ם",92.4,2022-04-28T00:00:00.000Z,92.4,98,86.4,86.4,94.7
"רמב""ם",92.4,2022-04-28T00:00:00.000Z,92.4,98,86.4,86.4,94.7
"רמב""ם",92.4,2022-04-28T00:00:00.000Z,92.4,98,86.4,86.4,94.7
"רמב""ם",92.4,2022-04-28T00:00:00.000Z,92.4,98,86.4,86.4,94.7
"רמב""ם",92.4,2022-04-28T00:00:00.000Z,92.4,98,86.4,86.4,94.7
"רמב""ם",92.4,2022-04-28T00:00:00.000Z,92.4,98,86.4,86.4,94.7
"רמב""ם",92.4,2022-04-28T00:00:00.000Z,92.4,98,86.4,86.4,94.7
"רמב""ם",92.4,2022-04-28T00:00:00.000Z,92.4,98,86.4,86.4,94.7
"רמב""ם",92.4,2022-04-28T00:00:00.000Z,92.4,98,86.4,86.4,94.7
"רמב""ם",92.4,2022-04-28T00:00:00.000Z,92.4,98,86.4,86.4,94.7
"רמב""ם",92.4,2022-04-28T00:00:00.000Z,92.4,98,86.4,86.4,94.7
"רמב""ם",92.4,2022-04-28T00:00:00.000Z,92.4,98,86.4,86.4,94.7
"רמב""ם",92.4,2022-04-28T00:00:00.000Z,92.4,98,86.4,86.4,94.7
"רמב""ם",92.4,2022-04-28T00:00:00.000Z,92.4,98,86.4,86.4,94.7
"רמב""ם",92.4,2022-04-28T00:00:00.000Z,92.4,98,86.4,86.4,94.7
"רמב""ם",92.4,2022-04-28T00:00:00.000Z,92.4,98,86.4,86.4,94.7
"רמב""ם",92.4,2022-04-28T00:00:00.000Z,92.4,98,86.4,86.4,94.7
"רמב""ם",92.4,2022-04-28T00:00:00.000Z,92.4,98,86.4,86.4,94.7
"רמב""ם",92.4,2022-04-28T00:00:00.000Z,92.4,98,86.4,86.4,94.7
"רמב""ם",92.4,2022-04-28T00:00:00.000Z,92.4,98,86.4,86.4,94.7
"רמב""ם",92.4,2022-04-28T00:00:00.000Z,92.4,98,86.4,86.4,94.7
"רמב""ם",92.4,2022-04-28T00:00:00.000Z,92.4,98,86.4,86.4,94.7
"רמב""ם",92.4,2022-04-28T00:00:00.000Z,92.4,98,86.4,86.4,94.7
"רמב""ם",92.4,2022-04-28T00:00:00.000Z,92.4,98,86.4,86.4,94.7
"רמב""ם",92.4,2022-04-28T00:00:00.000Z,92.4,98,86.4,86.4,94.7
"רמב""ם",92.4,2022-04-28T00:00:00.000Z,92.4,98,86.4,86.4,94.7
"רמב""ם",92.4,2022-04-28T00:00:00.000Z,92.4,98,86.4,86.4,94.7
"רמב""ם",92.4,2022-04-28T00:00:00.000Z,92.4,98,86.4,86.4,94.7
"רמב""ם",92.4,2022-04-28T00:00:00.000Z,92.4,98,86.4,86.4,94.7
"רמב""ם",92.4,2022-04-28T00:00:00.000Z,92.4,98,86.4,86.4,94.7
"רמב""ם",92.4,2022-04-28T00:00:00.000Z,92.4,98,86.4,86.4,94.7
"רמב""ם",92.4,2022-04-28T00:00:00.000Z,92.4,98,86.4,86.4,94.7
"רמב""ם",92.4,2022-04-28T00:00:00.000Z,92.4,98,86.4,86.4,94.7
"רמב""ם",92.4,2022-04-28T00:00:00.000Z,92.4,98,86.4,86.4,94.7
"רמב""ם",92.4,2022-04-28T00:00:00.000Z,92.4,98,86.4,86.4,94.7
"רמב""ם",92.4,2022-04-28T00:00:00.000Z,92.4,98,86.4,86.4,94.7
"רמב""ם",92.4,2022-04-28T00:00:00.000Z,92.4,98,86.4,86.4,94.7
"רמב""ם",92.4,2022-04-28T00:00:00.000Z,92.4,98,86.4,86.4,94.7
"רמב""ם",92.4,2022-04-28T00:00:00.000Z,92.4,98,86.4,86.4,94.7
"רמב""ם",92.4,2022-04-28T00:00:00.000Z,92.4,98,86.4,86.4,94.7
"רמב""ם",92.4,2022-04-28T00:00:00.000Z,92.4,98,86.4,86.4,94.7
"רמב""ם",92.4,2022-04-28T00:00:00.000Z,92.4,98,86.4,86.4,94.7
"רמב""ם",92.4,2022-04-28T00:00:00.000Z,92.4,98,86.4,86.4,94.7
"רמב""ם",92.4,2022-04-28T00:00:00.000Z,92.4,98,86.4,86.4,94.7
"רמב""ם",92.4,2022-04-28T00:00:00.000Z,92.4,98,86.4,86.4,94.7
"רמב""ם",92.4,2022-04-28T00:00:00.000Z,92.4,98,86.4,86.4,94.7
"רמב""ם",92.4,2022-04-28T00:00:00.000Z,92.4,98,86.4,86.4,94.7
"רמב""ם",92.4,2022-04-28T00:00:00.000Z,92.4,98,86.4,86.4,94.7
"רמב""ם",92.4,2022-04-28T00:00:00.000Z,92.4,98,86.4,86.4,94.7
"רמב""ם",92.4,2022-04-28T00:00:00.000Z,92.4,98,86.4,86.4,94.7
"רמב""ם",92.4,2022-04-28T00:00:00.000Z,92.4,98,86.4,86.4,94.7
"רמב""ם",92.4,2022-04-28T00:00:00.000Z,92.4,98,86.4,86.4,94.7
"רמב""ם",92.4,2022-04-28T00:00:00.000Z,92.4,98,86.4,86.4,94.7
שיבא,98.7,2022-04-28T00:00:00.000Z,98.7,84.9,105.4,105.4,102.7
שיבא,98.7,2022-04-28T00:00:00.000Z,98.7,84.9,105.4,105.4,102.7
שיבא,98.7,2022-04-28T00:00:00.000Z,98.7,84.9,105.4,105.4,102.7
שיבא,98.7,2022-04-28T00:00:00.000Z,98.7,84.9,105.4,105.4,102.7
שיבא,98.7,2022-04-28T00:00:00.000Z,98.7,84.9,105.4,105.4,102.7
שיבא,98.7,2022-04-28T00:00:00.000Z,98.7,84.9,105.4,105.4,102.7
שיבא,98.7,2022-04-28T00:00:00.000Z,98.7,84.9,105.4,105.4,102.7
שיבא,98.7,2022-04-28T00:00:00.000Z,98.7,84.9,105.4,105.4,102.7
שיבא,98.7,2022-04-28T00:00:00.000Z,98.7,84.9,105.4,105.4,102.7
שיבא,98.7,2022-04-28T00:00:00.000Z,98.7,84.9,105.4,105.4,102.7
שיבא,98.7,2022-04-28T00:00:00.000Z,98.7,84.9,105.4,105.4,102.7
שיבא,98.7,2022-04-28T00:00:00.000Z,98.7,84.9,105.4,105.4,102.7
שיבא,98.7,2022-04-28T00:00:00.000Z,98.7,84.9,105.4,105.4,102.7
שיבא,98.7,2022-04-28T00:00:00.000Z,98.7,84.9,105.4,105.4,102.7
שיבא,98.7,2022-04-28T00:00:00.000Z,98.7,84.9,105.4,105.4,102.7
שיבא,98.7,2022-04-28T00:00:00.000Z,98.7,84.9,105.4,105.4,102.7
שיבא,98.7,2022-04-28T00:00:00.000Z,98.7,84.9,105.4,105.4,102.7
שיבא,98.7,2022-04-28T00:00:00.000Z,98.7,84.9,105.4,105.4,102.7
שיבא,98.7,2022-04-28T00:00:00.000Z,98.7,84.9,105.4,105.4,102.7
שיבא,98.7,2022-04-28T00:00:00.000Z,98.7,84.9,105.4,105.4,102.7
שיבא,98.7,2022-04-28T00:00:00.000Z,98.7,84.9,105.4,105.4,102.7
שיבא,98.7,2022-04-28T00:00:00.000Z,98.7,84.9,105.4,105.4,102.7
שיבא,98.7,2022-04-28T00:00:00.000Z,98.7,84.9,105.4,105.4,102.7
שיבא,98.7,2022-04-28T00:00:00.000Z,98.7,84.9,105.4,105.4,102.7
שיבא,98.7,2022-04-28T00:00:00.000Z,98.7,84.9,105.4,105.4,102.7
שיבא,98.7,2022-04-28T00:00:00.000Z,98.7,84.9,105.4,105.4,102.7
שיבא,98.7,2022-04-28T00:00:00.000Z,98.7,84.9,105.4,105.4,102.7
שיבא,98.7,2022-04-28T00:00:00.000Z,98.7,84.9,105.4,105.4,102.7
שיבא,98.7,2022-04-28T00:00:00.000Z,98.7,84.9,105.4,105.4,102.7
שיבא,98.7,2022-04-28T00:00:00.000Z,98.7,84.9,105.4,105.4,102.7
שיבא,98.7,2022-04-28T00:00:00.000Z,98.7,84.9,105.4,105.4,102.7
שיבא,98.7,2022-04-28T00:00:00.000Z,98.7,84.9,105.4,105.4,102.7
שיבא,98.7,2022-04-28T00:00:00.000Z,98.7,84.9,105.4,105.4,102.7
שיבא,98.7,2022-04-28T00:00:00.000Z,98.7,84.9,105.4,105.4,102.7
שיבא,98.7,2022-04-28T00:00:00.000Z,98.7,84.9,105.4,105.4,102.7
שיבא,98.7,2022-04-28T00:00:00.000Z,98.7,84.9,105.4,105.4,102.7
שיבא,98.7,2022-04-28T00:00:00.000Z,98.7,84.9,105.4,105.4,102.7
שיבא,98.7,2022-04-28T00:00:00.000Z,98.7,84.9,105.4,105.4,102.7
שיבא,98.7,2022-04-28T00:00:00.000Z,98.7,84.9,105.4,105.4,102.7
שיבא,98.7,2022-04-28T00:00:00.000Z,98.7,84.9,105.4,105.4,102.7
שיבא,98.7,2022-04-28T00:00:00.000Z,98.7,84.9,105.4,105.4,102.7
שיבא,98.7,2022-04-28T00:00:00.000Z,98.7,84.9,105.4,105.4,102.7
שיבא,98.7,2022-04-28T00:00:00.000Z,98.7,84.9,105.4,105.4,102.7
שיבא,98.7,2022-04-28T00:00:00.000Z,98.7,84.9,105.4,105.4,102.7
שיבא,98.7,2022-04-28T00:00:00.000Z,98.7,84.9,105.4,105.4,102.7
שיבא,98.7,2022-04-28T00:00:00.000Z,98.7,84.9,105.4,105.4,102.7
שיבא,98.7,2022-04-28T00:00:00.000Z,98.7,84.9,105.4,105.4,102.7
שיבא,98.7,2022-04-28T00:00:00.000Z,98.7,84.9,105.4,105.4,102.7
שיבא,98.7,2022-04-28T00:00:00.000Z,98.7,84.9,105.4,105.4,102.7
שיבא,98.7,2022-04-28T00:00:00.000Z,98.7,84.9,105.4,105.4,102.7
שיבא,98.7,2022-04-28T00:00:00.000Z,98.7,84.9,105.4,105.4,102.7
שיבא,98.7,2022-04-28T00:00:00.000Z,98.7,84.9,105.4,105.4,102.7
שיבא,98.7,2022-04-28T00:00:00.000Z,98.7,84.9,105.4,105.4,102.7
שיבא,98.7,2022-04-28T00:00:00.000Z,98.7,84.9,105.4,105.4,102.7
שיבא,98.7,2022-04-28T00:00:00.000Z,98.7,84.9,105.4,105.4,102.7
שיבא,98.7,2022-04-28T00:00:00.000Z,98.7,84.9,105.4,105.4,102.7
שיבא,98.7,2022-04-28T00:00:00.000Z,98.7,84.9,105.4,105.4,102.7
שיבא,98.7,2022-04-28T00:00:00.000Z,98.7,84.9,105.4,105.4,102.7
שיבא,98.7,2022-04-28T00:00:00.000Z,98.7,84.9,105.4,105.4,102.7
שיבא,98.7,2022-04-28T00:00:00.000Z,98.7,84.9,105.4,105.4,102.7
שיבא,98.7,2022-04-28T00:00:00.000Z,98.7,84.9,105.4,105.4,102.7
שיבא,98.7,2022-04-28T00:00:00.000Z,98.7,84.9,105.4,105.4,102.7
שיבא,98.7,2022-04-28T00:00:00.000Z,98.7,84.9,105.4,105.4,102.7
שיבא,98.7,2022-04-28T00:00:00.000Z,98.7,84.9,105.4,105.4,102.7
שיבא,98.7,2022-04-28T00:00:00.000Z,98.7,84.9,105.4,105.4,102.7
שיבא,98.7,2022-04-28T00:00:00.000Z,98.7,84.9,105.4,105.4,102.7
שיבא,98.7,2022-04-28T00:00:00.000Z,98.7,84.9,105.4,105.4,102.7
שיבא,98.7,2022-04-28T00:00:00.000Z,98.7,84.9,105.4,105.4,102.7
הלל יפה,97.9,2022-04-28T00:00:00.000Z,97.9,92.5,80,80,89.5
הלל יפה,97.9,2022-04-28T00:00:00.000Z,97.9,92.5,80,80,89.5
הלל יפה,97.9,2022-04-28T00:00:00.000Z,97.9,92.5,80,80,89.5
הלל יפה,97.9,2022-04-28T00:00:00.000Z,97.9,92.5,80,80,89.5
הלל יפה,97.9,2022-04-28T00:00:00.000Z,97.9,92.5,80,80,89.5
הלל יפה,97.9,2022-04-28T00:00:00.000Z,97.9,92.5,80,80,89.5
הלל יפה,97.9,2022-04-28T00:00:00.000Z,97.9,92.5,80,80,89.5
הלל יפה,97.9,2022-04-28T00:00:00.000Z,97.9,92.5,80,80,89.5
הלל יפה,97.9,2022-04-28T00:00:00.000Z,97.9,92.5,80,80,89.5
הלל יפה,97.9,2022-04-28T00:00:00.000Z,97.9,92.5,80,80,89.5
הלל יפה,97.9,2022-04-28T00:00:00.000Z,97.9,92.5,80,80,89.5
הלל יפה,97.9,2022-04-28T00:00:00.000Z,97.9,92.5,80,80,89.5
הלל יפה,97.9,2022-04-28T00:00:00.000Z,97.9,92.5,80,80,89.5
הלל יפה,97.9,2022-04-28T00:00:00.000Z,97.9,92.5,80,80,89.5
הלל יפה,97.9,2022-04-28T00:00:00.000Z,97.9,92.5,80,80,89.5
הלל יפה,97.9,2022-04-28T00:00:00.000Z,97.9,92.5,80,80,89.5
הלל יפה,97.9,2022-04-28T00:00:00.000Z,97.9,92.5,80,80,89.5
הלל יפה,97.9,2022-04-28T00:00:00.000Z,97.9,92.5,80,80,89.5
הלל יפה,97.9,2022-04-28T00:00:00.000Z,97.9,92.5,80,80,89.5
הלל יפה,97.9,2022-04-28T00:00:00.000Z,97.9,92.5,80,80,89.5
הלל יפה,97.9,2022-04-28T00:00:00.000Z,97.9,92.5,80,80,89.5
הלל יפה,97.9,2022-04-28T00:00:00.000Z,97.9,92.5,80,80,89.5
הלל יפה,97.9,2022-04-28T00:00:00.000Z,97.9,92.5,80,80,89.5
הלל יפה,97.9,2022-04-28T00:00:00.000Z,97.9,92.5,80,80,89.5
הלל יפה,97.9,2022-04-28T00:00:00.000Z,97.9,92.5,80,80,89.5
הלל יפה,97.9,2022-04-28T00:00:00.000Z,97.9,92.5,80,80,89.5
הלל יפה,97.9,2022-04-28T00:00:00.000Z,97.9,92.5,80,80,89.5
הלל יפה,97.9,2022-04-28T00:00:00.000Z,97.9,92.5,80,80,89.5
הלל יפה,97.9,2022-04-28T00:00:00.000Z,97.9,92.5,80,80,89.5
הלל יפה,97.9,2022-04-28T00:00:00.000Z,97.9,92.5,80,80,89.5
הלל יפה,97.9,2022-04-28T00:00:00.000Z,97.9,92.5,80,80,89.5
הלל יפה,97.9,2022-04-28T00:00:00.000Z,97.9,92.5,80,80,89.5
הלל יפה,97.9,2022-04-28T00:00:00.000Z,97.9,92.5,80,80,89.5
הלל יפה,97.9,2022-04-28T00:00:00.000Z,97.9,92.5,80,80,89.5
יוספטל,93.8,2022-04-28T00:00:00.000Z,93.8,56.3,58.5,58.5,53.8
יוספטל,93.8,2022-04-28T00:00:00.000Z,93.8,56.3,58.5,58.5,53.8
יוספטל,93.8,2022-04-28T00:00:00.000Z,93.8,56.3,58.5,58.5,53.8
יוספטל,93.8,2022-04-28T00:00:00.000Z,93.8,56.3,58.5,58.5,53.8
יוספטל,93.8,2022-04-28T00:00:00.000Z,93.8,56.3,58.5,58.5,53.8
יוספטל,93.8,2022-04-28T00:00:00.000Z,93.8,56.3,58.5,58.5,53.8
יוספטל,93.8,2022-04-28T00:00:00.000Z,93.8,56.3,58.5,58.5,53.8
יוספטל,93.8,2022-04-28T00:00:00.000Z,93.8,56.3,58.5,58.5,53.8
יוספטל,93.8,2022-04-28T00:00:00.000Z,93.8,56.3,58.5,58.5,53.8
יוספטל,93.8,2022-04-28T00:00:00.000Z,93.8,56.3,58.5,58.5,53.8
יוספטל,93.8,2022-04-28T00:00:00.000Z,93.8,56.3,58.5,58.5,53.8
יוספטל,93.8,2022-04-28T00:00:00.000Z,93.8,56.3,58.5,58.5,53.8
יוספטל,93.8,2022-04-28T00:00:00.000Z,93.8,56.3,58.5,58.5,53.8
יוספטל,93.8,2022-04-28T00:00:00.000Z,93.8,56.3,58.5,58.5,53.8
יוספטל,93.8,2022-04-28T00:00:00.000Z,93.8,56.3,58.5,58.5,53.8
יוספטל,93.8,2022-04-28T00:00:00.000Z,93.8,56.3,58.5,58.5,53.8
יוספטל,93.8,2022-04-28T00:00:00.000Z,93.8,56.3,58.5,58.5,53.8
יוספטל,93.8,2022-04-28T00:00:00.000Z,93.8,56.3,58.5,58.5,53.8
יוספטל,93.8,2022-04-28T00:00:00.000Z,93.8,56.3,58.5,58.5,53.8
יוספטל,93.8,2022-04-28T00:00:00.000Z,93.8,56.3,58.5,58.5,53.8
יוספטל,93.8,2022-04-28T00:00:00.000Z,93.8,56.3,58.5,58.5,53.8
יוספטל,93.8,2022-04-28T00:00:00.000Z,93.8,56.3,58.5,58.5,53.8
יוספטל,93.8,2022-04-28T00:00:00.000Z,93.8,56.3,58.5,58.5,53.8
יוספטל,93.8,2022-04-28T00:00:00.000Z,93.8,56.3,58.5,58.5,53.8
יוספטל,93.8,2022-04-28T00:00:00.000Z,93.8,56.3,58.5,58.5,53.8
יוספטל,93.8,2022-04-28T00:00:00.000Z,93.8,56.3,58.5,58.5,53.8
יוספטל,93.8,2022-04-28T00:00:00.000Z,93.8,56.3,58.5,58.5,53.8
יוספטל,93.8,2022-04-28T00:00:00.000Z,93.8,56.3,58.5,58.5,53.8
יוספטל,93.8,2022-04-28T00:00:00.000Z,93.8,56.3,58.5,58.5,53.8
יוספטל,93.8,2022-04-28T00:00:00.000Z,93.8,56.3,58.5,58.5,53.8
יוספטל,93.8,2022-04-28T00:00:00.000Z,93.8,56.3,58.5,58.5,53.8
יוספטל,93.8,2022-04-28T00:00:00.000Z,93.8,56.3,58.5,58.5,53.8
יוספטל,93.8,2022-04-28T00:00:00.000Z,93.8,56.3,58.5,58.5,53.8
יוספטל,93.8,2022-04-28T00:00:00.000Z,93.8,56.3,58.5,58.5,53.8
ברזילי,89.1,2022-04-28T00:00:00.000Z,89.1,76.6,80,80,76
ברזילי,89.1,2022-04-28T00:00:00.000Z,89.1,76.6,80,80,76
ברזילי,89.1,2022-04-28T00:00:00.000Z,89.1,76.6,80,80,76
ברזילי,89.1,2022-04-28T00:00:00.000Z,89.1,76.6,80,80,76
ברזילי,89.1,2022-04-28T00:00:00.000Z,89.1,76.6,80,80,76
ברזילי,89.1,2022-04-28T00:00:00.000Z,89.1,76.6,80,80,76
ברזילי,89.1,2022-04-28T00:00:00.000Z,89.1,76.6,80,80,76
ברזילי,89.1,2022-04-28T00:00:00.000Z,89.1,76.6,80,80,76
ברזילי,89.1,2022-04-28T00:00:00.000Z,89.1,76.6,80,80,76
ברזילי,89.1,2022-04-28T00:00:00.000Z,89.1,76.6,80,80,76
ברזילי,89.1,2022-04-28T00:00:00.000Z,89.1,76.6,80,80,76
ברזילי,89.1,2022-04-28T00:00:00.000Z,89.1,76.6,80,80,76
ברזילי,89.1,2022-04-28T00:00:00.000Z,89.1,76.6,80,80,76
ברזילי,89.1,2022-04-28T00:00:00.000Z,89.1,76.6,80,80,76
ברזילי,89.1,2022-04-28T00:00:00.000Z,89.1,76.6,80,80,76
ברזילי,89.1,2022-04-28T00:00:00.000Z,89.1,76.6,80,80,76
ברזילי,89.1,2022-04-28T00:00:00.000Z,89.1,76.6,80,80,76
ברזילי,89.1,2022-04-28T00:00:00.000Z,89.1,76.6,80,80,76
ברזילי,89.1,2022-04-28T00:00:00.000Z,89.1,76.6,80,80,76
ברזילי,89.1,2022-04-28T00:00:00.000Z,89.1,76.6,80,80,76
ברזילי,89.1,2022-04-28T00:00:00.000Z,89.1,76.6,80,80,76
ברזילי,89.1,2022-04-28T00:00:00.000Z,89.1,76.6,80,80,76
ברזילי,89.1,2022-04-28T00:00:00.000Z,89.1,76.6,80,80,76
ברזילי,89.1,2022-04-28T00:00:00.000Z,89.1,76.6,80,80,76
ברזילי,89.1,2022-04-28T00:00:00.000Z,89.1,76.6,80,80,76
ברזילי,89.1,2022-04-28T00:00:00.000Z,89.1,76.6,80,80,76
ברזילי,89.1,2022-04-28T00:00:00.000Z,89.1,76.6,80,80,76
ברזילי,89.1,2022-04-28T00:00:00.000Z,89.1,76.6,80,80,76
ברזילי,89.1,2022-04-28T00:00:00.000Z,89.1,76.6,80,80,76
ברזילי,89.1,2022-04-28T00:00:00.000Z,89.1,76.6,80,80,76
ברזילי,89.1,2022-04-28T00:00:00.000Z,89.1,76.6,80,80,76
ברזילי,89.1,2022-04-28T00:00:00.000Z,89.1,76.6,80,80,76
ברזילי,89.1,2022-04-28T00:00:00.000Z,89.1,76.6,80,80,76
ברזילי,89.1,2022-04-28T00:00:00.000Z,89.1,76.6,80,80,76
ברזילי,89.1,2022-04-28T00:00:00.000Z,89.1,76.6,80,80,76
ברזילי,89.1,2022-04-28T00:00:00.000Z,89.1,76.6,80,80,76
ברזילי,89.1,2022-04-28T00:00:00.000Z,89.1,76.6,80,80,76
ברזילי,89.1,2022-04-28T00:00:00.000Z,89.1,76.6,80,80,76
ברזילי,89.1,2022-04-28T00:00:00.000Z,89.1,76.6,80,80,76
ברזילי,89.1,2022-04-28T00:00:00.000Z,89.1,76.6,80,80,76
ברזילי,89.1,2022-04-28T00:00:00.000Z,89.1,76.6,80,80,76
ברזילי,89.1,2022-04-28T00:00:00.000Z,89.1,76.6,80,80,76
ברזילי,89.1,2022-04-28T00:00:00.000Z,89.1,76.6,80,80,76
ברזילי,89.1,2022-04-28T00:00:00.000Z,89.1,76.6,80,80,76
ברזילי,89.1,2022-04-28T00:00:00.000Z,89.1,76.6,80,80,76
ברזילי,89.1,2022-04-28T00:00:00.000Z,89.1,76.6,80,80,76
ברזילי,89.1,2022-04-28T00:00:00.000Z,89.1,76.6,80,80,76
ברזילי,89.1,2022-04-28T00:00:00.000Z,89.1,76.6,80,80,76
ברזילי,89.1,2022-04-28T00:00:00.000Z,89.1,76.6,80,80,76
"רמב""ם",92.4,2022-04-28T00:00:00.000Z,92.4,98,86.4,86.4,94.7
"רמב""ם",92.4,2022-04-28T00:00:00.000Z,92.4,98,86.4,86.4,94.7
"רמב""ם",92.4,2022-04-28T00:00:00.000Z,92.4,98,86.4,86.4,94.7
"רמב""ם",92.4,2022-04-28T00:00:00.000Z,92.4,98,86.4,86.4,94.7
"רמב""ם",92.4,2022-04-28T00:00:00.000Z,92.4,98,86.4,86.4,94.7
"רמב""ם",92.4,2022-04-28T00:00:00.000Z,92.4,98,86.4,86.4,94.7
"רמב""ם",92.4,2022-04-28T00:00:00.000Z,92.4,98,86.4,86.4,94.7
"רמב""ם",92.4,2022-04-28T00:00:00.000Z,92.4,98,86.4,86.4,94.7
"רמב""ם",92.4,2022-04-28T00:00:00.000Z,92.4,98,86.4,86.4,94.7
"רמב""ם",92.4,2022-04-28T00:00:00.000Z,92.4,98,86.4,86.4,94.7
"רמב""ם",92.4,2022-04-28T00:00:00.000Z,92.4,98,86.4,86.4,94.7
"רמב""ם",92.4,2022-04-28T00:00:00.000Z,92.4,98,86.4,86.4,94.7
"רמב""ם",92.4,2022-04-28T00:00:00.000Z,92.4,98,86.4,86.4,94.7
"רמב""ם",92.4,2022-04-28T00:00:00.000Z,92.4,98,86.4,86.4,94.7
"רמב""ם",92.4,2022-04-28T00:00:00.000Z,92.4,98,86.4,86.4,94.7
"רמב""ם",92.4,2022-04-28T00:00:00.000Z,92.4,98,86.4,86.4,94.7
"רמב""ם",92.4,2022-04-28T00:00:00.000Z,92.4,98,86.4,86.4,94.7
"רמב""ם",92.4,2022-04-28T00:00:00.000Z,92.4,98,86.4,86.4,94.7
"רמב""ם",92.4,2022-04-28T00:00:00.000Z,92.4,98,86.4,86.4,94.7
"רמב""ם",92.4,2022-04-28T00:00:00.000Z,92.4,98,86.4,86.4,94.7
"רמב""ם",92.4,2022-04-28T00:00:00.000Z,92.4,98,86.4,86.4,94.7
"רמב""ם",92.4,2022-04-28T00:00:00.000Z,92.4,98,86.4,86.4,94.7
"רמב""ם",92.4,2022-04-28T00:00:00.000Z,92.4,98,86.4,86.4,94.7
"רמב""ם",92.4,2022-04-28T00:00:00.000Z,92.4,98,86.4,86.4,94.7
"רמב""ם",92.4,2022-04-28T00:00:00.000Z,92.4,98,86.4,86.4,94.7
"רמב""ם",92.4,2022-04-28T00:00:00.000Z,92.4,98,86.4,86.4,94.7
"רמב""ם",92.4,2022-04-28T00:00:00.000Z,92.4,98,86.4,86.4,94.7
"רמב""ם",92.4,2022-04-28T00:00:00.000Z,92.4,98,86.4,86.4,94.7
"רמב""ם",92.4,2022-04-28T00:00:00.000Z,92.4,98,86.4,86.4,94.7
"רמב""ם",92.4,2022-04-28T00:00:00.000Z,92.4,98,86.4,86.4,94.7
"רמב""ם",92.4,2022-04-28T00:00:00.000Z,92.4,98,86.4,86.4,94.7
"רמב""ם",92.4,2022-04-28T00:00:00.000Z,92.4,98,86.4,86.4,94.7
"רמב""ם",92.4,2022-04-28T00:00:00.000Z,92.4,98,86.4,86.4,94.7
"רמב""ם",92.4,2022-04-28T00:00:00.000Z,92.4,98,86.4,86.4,94.7
"רמב""ם",92.4,2022-04-28T00:00:00.000Z,92.4,98,86.4,86.4,94.7
"רמב""ם",92.4,2022-04-28T00:00:00.000Z,92.4,98,86.4,86.4,94.7
"רמב""ם",92.4,2022-04-28T00:00:00.000Z,92.4,98,86.4,86.4,94.7
"רמב""ם",92.4,2022-04-28T00:00:00.000Z,92.4,98,86.4,86.4,94.7
"רמב""ם",92.4,2022-04-28T00:00:00.000Z,92.4,98,86.4,86.4,94.7
"רמב""ם",92.4,2022-04-28T00:00:00.000Z,92.4,98,86.4,86.4,94.7
"רמב""ם",92.4,2022-04-28T00:00:00.000Z,92.4,98,86.4,86.4,94.7
"רמב""ם",92.4,2022-04-28T00:00:00.000Z,92.4,98,86.4,86.4,94.7
"רמב""ם",92.4,2022-04-28T00:00:00.000Z,92.4,98,86.4,86.4,94.7
"רמב""ם",92.4,2022-04-28T00:00:00.000Z,92.4,98,86.4,86.4,94.7
"רמב""ם",92.4,2022-04-28T00:00:00.000Z,92.4,98,86.4,86.4,94.7
"רמב""ם",92.4,2022-04-28T00:00:00.000Z,92.4,98,86.4,86.4,94.7
"רמב""ם",92.4,2022-04-28T00:00:00.000Z,92.4,98,86.4,86.4,94.7
"רמב""ם",92.4,2022-04-28T00:00:00.000Z,92.4,98,86.4,86.4,94.7
"רמב""ם",92.4,2022-04-28T00:00:00.000Z,92.4,98,86.4,86.4,94.7
הלל יפה,97.9,2022-04-28T00:00:00.000Z,97.9,92.5,80,80,89.5
הלל יפה,97.9,2022-04-28T00:00:00.000Z,97.9,92.5,80,80,89.5
הלל יפה,97.9,2022-04-28T00:00:00.000Z,97.9,92.5,80,80,89.5
הלל יפה,97.9,2022-04-28T00:00:00.000Z,97.9,92.5,80,80,89.5
הלל יפה,97.9,2022-04-28T00:00:00.000Z,97.9,92.5,80,80,89.5
הלל יפה,97.9,2022-04-28T00:00:00.000Z,97.9,92.5,80,80,89.5
הלל יפה,97.9,2022-04-28T00:00:00.000Z,97.9,92.5,80,80,89.5
הלל יפה,97.9,2022-04-28T00:00:00.000Z,97.9,92.5,80,80,89.5
הלל יפה,97.9,2022-04-28T00:00:00.000Z,97.9,92.5,80,80,89.5
הלל יפה,97.9,2022-04-28T00:00:00.000Z,97.9,92.5,80,80,89.5
הלל יפה,97.9,2022-04-28T00:00:00.000Z,97.9,92.5,80,80,89.5
הלל יפה,97.9,2022-04-28T00:00:00.000Z,97.9,92.5,80,80,89.5
הלל יפה,97.9,2022-04-28T00:00:00.000Z,97.9,92.5,80,80,89.5
הלל יפה,97.9,2022-04-28T00:00:00.000Z,97.9,92.5,80,80,89.5
הלל יפה,97.9,2022-04-28T00:00:00.000Z,97.9,92.5,80,80,89.5
הלל יפה,97.9,2022-04-28T00:00:00.000Z,97.9,92.5,80,80,89.5
הלל יפה,97.9,2022-04-28T00:00:00.000Z,97.9,92.5,80,80,89.5
הלל יפה,97.9,2022-04-28T00:00:00.000Z,97.9,92.5,80,80,89.5
הלל יפה,97.9,2022-04-28T00:00:00.000Z,97.9,92.5,80,80,89.5
הלל יפה,97.9,2022-04-28T00:00:00.000Z,97.9,92.5,80,80,89.5
הלל יפה,97.9,2022-04-28T00:00:00.000Z,97.9,92.5,80,80,89.5
הלל יפה,97.9,2022-04-28T00:00:00.000Z,97.9,92.5,80,80,89.5
הלל יפה,97.9,2022-04-28T00:00:00.000Z,97.9,92.5,80,80,89.5
הלל יפה,97.9,2022-04-28T00:00:00.000Z,97.9,92.5,80,80,89.5
הלל יפה,97.9,2022-04-28T00:00:00.000Z,97.9,92.5,80,80,89.5
הלל יפה,97.9,2022-04-28T00:00:00.000Z,97.9,92.5,80,80,89.5
הלל יפה,97.9,2022-04-28T00:00:00.000Z,97.9,92.5,80,80,89.5
הלל יפה,97.9,2022-04-28T00:00:00.000Z,97.9,92.5,80,80,89.5
הלל יפה,97.9,2022-04-28T00:00:00.000Z,97.9,92.5,80,80,89.5
הלל יפה,97.9,2022-04-28T00:00:00.000Z,97.9,92.5,80,80,89.5
הלל יפה,97.9,2022-04-28T00:00:00.000Z,97.9,92.5,80,80,89.5
הלל יפה,97.9,2022-04-28T00:00:00.000Z,97.9,92.5,80,80,89.5
הלל יפה,97.9,2022-04-28T00:00:00.000Z,97.9,92.5,80,80,89.5
הלל יפה,97.9,2022-04-28T00:00:00.000Z,97.9,92.5,80,80,89.5
הלל יפה,97.9,2022-04-28T00:00:00.000Z,97.9,92.5,80,80,89.5
הלל יפה,97.9,2022-04-28T00:00:00.000Z,97.9,92.5,80,80,89.5
הלל יפה,97.9,2022-04-28T00:00:00.000Z,97.9,92.5,80,80,89.5
הלל יפה,97.9,2022-04-28T00:00:00.000Z,97.9,92.5,80,80,89.5
הלל יפה,97.9,2022-04-28T00:00:00.000Z,97.9,92.5,80,80,89.5
הלל יפה,97.9,2022-04-28T00:00:00.000Z,97.9,92.5,80,80,89.5
הלל יפה,97.9,2022-04-28T00:00:00.000Z,97.9,92.5,80,80,89.5
הלל יפה,97.9,2022-04-28T00:00:00.000Z,97.9,92.5,80,80,89.5
הלל יפה,97.9,2022-04-28T00:00:00.000Z,97.9,92.5,80,80,89.5
הלל יפה,97.9,2022-04-28T00:00:00.000Z,97.9,92.5,80,80,89.5
הלל יפה,97.9,2022-04-28T00:00:00.000Z,97.9,92.5,80,80,89.5
הלל יפה,97.9,2022-04-28T00:00:00.000Z,97.9,92.5,80,80,89.5
הלל יפה,97.9,2022-04-28T00:00:00.000Z,97.9,92.5,80,80,89.5
הלל יפה,97.9,2022-04-28T00:00:00.000Z,97.9,92.5,80,80,89.5
הלל יפה,97.9,2022-04-28T00:00:00.000Z,97.9,92.5,80,80,89.5
הלל יפה,97.9,2022-04-28T00:00:00.000Z,97.9,92.5,80,80,89.5
הלל יפה,97.9,2022-04-28T00:00:00.000Z,97.9,92.5,80,80,89.5
הלל יפה,97.9,2022-04-28T00:00:00.000Z,97.9,92.5,80,80,89.5
הלל יפה,97.9,2022-04-28T00:00:00.000Z,97.9,92.5,80,80,89.5
הלל יפה,97.9,2022-04-28T00:00:00.000Z,97.9,92.5,80,80,89.5
הלל יפה,97.9,2022-04-28T00:00:00.000Z,97.9,92.5,80,80,89.5
הלל יפה,97.9,2022-04-28T00:00:00.000Z,97.9,92.5,80,80,89.5
הלל יפה,97.9,2022-04-28T00:00:00.000Z,97.9,92.5,80,80,89.5
הלל יפה,97.9,2022-04-28T00:00:00.000Z,97.9,92.5,80,80,89.5
הלל יפה,97.9,2022-04-28T00:00:00.000Z,97.9,92.5,80,80,89.5
הלל יפה,97.9,2022-04-28T00:00:00.000Z,97.9,92.5,80,80,89.5
הלל יפה,97.9,2022-04-28T00:00:00.000Z,97.9,92.5,80,80,89.5
הלל יפה,97.9,2022-04-28T00:00:00.000Z,97.9,92.5,80,80,89.5
הלל יפה,97.9,2022-04-28T00:00:00.000Z,97.9,92.5,80,80,89.5
הלל יפה,97.9,2022-04-28T00:00:00.000Z,97.9,92.5,80,80,89.5
הלל יפה,97.9,2022-04-28T00:00:00.000Z,97.9,92.5,80,80,89.5
הלל יפה,97.9,2022-04-28T00:00:00.000Z,97.9,92.5,80,80,89.5
הלל יפה,97.9,2022-04-28T00:00:00.000Z,97.9,92.5,80,80,89.5
הלל יפה,97.9,2022-04-28T00:00:00.000Z,97.9,92.5,80,80,89.5
שמיר,84.6,2022-04-28T00:00:00.000Z,84.6,86.1,72.5,72.5,71.4
שמיר,84.6,2022-04-28T00:00:00.000Z,84.6,86.1,72.5,72.5,71.4
שמיר,84.6,2022-04-28T00:00:00.000Z,84.6,86.1,72.5,72.5,71.4
שמיר,84.6,2022-04-28T00:00:00.000Z,84.6,86.1,72.5,72.5,71.4
שמיר,84.6,2022-04-28T00:00:00.000Z,84.6,86.1,72.5,72.5,71.4
שמיר,84.6,2022-04-28T00:00:00.000Z,84.6,86.1,72.5,72.5,71.4
שמיר,84.6,2022-04-28T00:00:00.000Z,84.6,86.1,72.5,72.5,71.4
שמיר,84.6,2022-04-28T00:00:00.000Z,84.6,86.1,72.5,72.5,71.4
שמיר,84.6,2022-04-28T00:00:00.000Z,84.6,86.1,72.5,72.5,71.4
שמיר,84.6,2022-04-28T00:00:00.000Z,84.6,86.1,72.5,72.5,71.4
שמיר,84.6,2022-04-28T00:00:00.000Z,84.6,86.1,72.5,72.5,71.4
שמיר,84.6,2022-04-28T00:00:00.000Z,84.6,86.1,72.5,72.5,71.4
שמיר,84.6,2022-04-28T00:00:00.000Z,84.6,86.1,72.5,72.5,71.4
שמיר,84.6,2022-04-28T00:00:00.000Z,84.6,86.1,72.5,72.5,71.4
שמיר,84.6,2022-04-28T00:00:00.000Z,84.6,86.1,72.5,72.5,71.4
שמיר,84.6,2022-04-28T00:00:00.000Z,84.6,86.1,72.5,72.5,71.4
שמיר,84.6,2022-04-28T00:00:00.000Z,84.6,86.1,72.5,72.5,71.4
שמיר,84.6,2022-04-28T00:00:00.000Z,84.6,86.1,72.5,72.5,71.4
שמיר,84.6,2022-04-28T00:00:00.000Z,84.6,86.1,72.5,72.5,71.4
שמיר,84.6,2022-04-28T00:00:00.000Z,84.6,86.1,72.5,72.5,71.4
שמיר,84.6,2022-04-28T00:00:00.000Z,84.6,86.1,72.5,72.5,71.4
שמיר,84.6,2022-04-28T00:00:00.000Z,84.6,86.1,72.5,72.5,71.4
שמיר,84.6,2022-04-28T00:00:00.000Z,84.6,86.1,72.5,72.5,71.4
שמיר,84.6,2022-04-28T00:00:00.000Z,84.6,86.1,72.5,72.5,71.4
שמיר,84.6,2022-04-28T00:00:00.000Z,84.6,86.1,72.5,72.5,71.4
שמיר,84.6,2022-04-28T00:00:00.000Z,84.6,86.1,72.5,72.5,71.4
שמיר,84.6,2022-04-28T00:00:00.000Z,84.6,86.1,72.5,72.5,71.4
שמיר,84.6,2022-04-28T00:00:00.000Z,84.6,86.1,72.5,72.5,71.4
שמיר,84.6,2022-04-28T00:00:00.000Z,84.6,86.1,72.5,72.5,71.4
שמיר,84.6,2022-04-28T00:00:00.000Z,84.6,86.1,72.5,72.5,71.4
שמיר,84.6,2022-04-28T00:00:00.000Z,84.6,86.1,72.5,72.5,71.4
שמיר,84.6,2022-04-28T00:00:00.000Z,84.6,86.1,72.5,72.5,71.4
שמיר,84.6,2022-04-28T00:00:00.000Z,84.6,86.1,72.5,72.5,71.4
שמיר,84.6,2022-04-28T00:00:00.000Z,84.6,86.1,72.5,72.5,71.4
שיבא,98.7,2022-04-28T00:00:00.000Z,98.7,84.9,105.4,105.4,102.7
שיבא,98.7,2022-04-28T00:00:00.000Z,98.7,84.9,105.4,105.4,102.7
שיבא,98.7,2022-04-28T00:00:00.000Z,98.7,84.9,105.4,105.4,102.7
שיבא,98.7,2022-04-28T00:00:00.000Z,98.7,84.9,105.4,105.4,102.7
שיבא,98.7,2022-04-28T00:00:00.000Z,98.7,84.9,105.4,105.4,102.7
שיבא,98.7,2022-04-28T00:00:00.000Z,98.7,84.9,105.4,105.4,102.7
שיבא,98.7,2022-04-28T00:00:00.000Z,98.7,84.9,105.4,105.4,102.7
שיבא,98.7,2022-04-28T00:00:00.000Z,98.7,84.9,105.4,105.4,102.7
שיבא,98.7,2022-04-28T00:00:00.000Z,98.7,84.9,105.4,105.4,102.7
שיבא,98.7,2022-04-28T00:00:00.000Z,98.7,84.9,105.4,105.4,102.7
שיבא,98.7,2022-04-28T00:00:00.000Z,98.7,84.9,105.4,105.4,102.7
שיבא,98.7,2022-04-28T00:00:00.000Z,98.7,84.9,105.4,105.4,102.7
שיבא,98.7,2022-04-28T00:00:00.000Z,98.7,84.9,105.4,105.4,102.7
שיבא,98.7,2022-04-28T00:00:00.000Z,98.7,84.9,105.4,105.4,102.7
שיבא,98.7,2022-04-28T00:00:00.000Z,98.7,84.9,105.4,105.4,102.7
שיבא,98.7,2022-04-28T00:00:00.000Z,98.7,84.9,105.4,105.4,102.7
שיבא,98.7,2022-04-28T00:00:00.000Z,98.7,84.9,105.4,105.4,102.7
שיבא,98.7,2022-04-28T00:00:00.000Z,98.7,84.9,105.4,105.4,102.7
שיבא,98.7,2022-04-28T00:00:00.000Z,98.7,84.9,105.4,105.4,102.7
שיבא,98.7,2022-04-28T00:00:00.000Z,98.7,84.9,105.4,105.4,102.7
שיבא,98.7,2022-04-28T00:00:00.000Z,98.7,84.9,105.4,105.4,102.7
שיבא,98.7,2022-04-28T00:00:00.000Z,98.7,84.9,105.4,105.4,102.7
שיבא,98.7,2022-04-28T00:00:00.000Z,98.7,84.9,105.4,105.4,102.7
שיבא,98.7,2022-04-28T00:00:00.000Z,98.7,84.9,105.4,105.4,102.7
שיבא,98.7,2022-04-28T00:00:00.000Z,98.7,84.9,105.4,105.4,102.7
שיבא,98.7,2022-04-28T00:00:00.000Z,98.7,84.9,105.4,105.4,102.7
שיבא,98.7,2022-04-28T00:00:00.000Z,98.7,84.9,105.4,105.4,102.7
שיבא,98.7,2022-04-28T00:00:00.000Z,98.7,84.9,105.4,105.4,102.7
שיבא,98.7,2022-04-28T00:00:00.000Z,98.7,84.9,105.4,105.4,102.7
שיבא,98.7,2022-04-28T00:00:00.000Z,98.7,84.9,105.4,105.4,102.7
שיבא,98.7,2022-04-28T00:00:00.000Z,98.7,84.9,105.4,105.4,102.7
שיבא,98.7,2022-04-28T00:00:00.000Z,98.7,84.9,105.4,105.4,102.7
שיבא,98.7,2022-04-28T00:00:00.000Z,98.7,84.9,105.4,105.4,102.7
שיבא,98.7,2022-04-28T00:00:00.000Z,98.7,84.9,105.4,105.4,102.7
שמיר,84.6,2022-04-28T00:00:00.000Z,84.6,86.1,72.5,72.5,71.4
שמיר,84.6,2022-04-28T00:00:00.000Z,84.6,86.1,72.5,72.5,71.4
שמיר,84.6,2022-04-28T00:00:00.000Z,84.6,86.1,72.5,72.5,71.4
שמיר,84.6,2022-04-28T00:00:00.000Z,84.6,86.1,72.5,72.5,71.4
שמיר,84.6,2022-04-28T00:00:00.000Z,84.6,86.1,72.5,72.5,71.4
שמיר,84.6,2022-04-28T00:00:00.000Z,84.6,86.1,72.5,72.5,71.4
שמיר,84.6,2022-04-28T00:00:00.000Z,84.6,86.1,72.5,72.5,71.4
שמיר,84.6,2022-04-28T00:00:00.000Z,84.6,86.1,72.5,72.5,71.4
שמיר,84.6,2022-04-28T00:00:00.000Z,84.6,86.1,72.5,72.5,71.4
שמיר,84.6,2022-04-28T00:00:00.000Z,84.6,86.1,72.5,72.5,71.4
שמיר,84.6,2022-04-28T00:00:00.000Z,84.6,86.1,72.5,72.5,71.4
שמיר,84.6,2022-04-28T00:00:00.000Z,84.6,86.1,72.5,72.5,71.4
שמיר,84.6,2022-04-28T00:00:00.000Z,84.6,86.1,72.5,72.5,71.4
שמיר,84.6,2022-04-28T00:00:00.000Z,84.6,86.1,72.5,72.5,71.4
שמיר,84.6,2022-04-28T00:00:00.000Z,84.6,86.1,72.5,72.5,71.4
שמיר,84.6,2022-04-28T00:00:00.000Z,84.6,86.1,72.5,72.5,71.4
שמיר,84.6,2022-04-28T00:00:00.000Z,84.6,86.1,72.5,72.5,71.4
שמיר,84.6,2022-04-28T00:00:00.000Z,84.6,86.1,72.5,72.5,71.4
שמיר,84.6,2022-04-28T00:00:00.000Z,84.6,86.1,72.5,72.5,71.4
שמיר,84.6,2022-04-28T00:00:00.000Z,84.6,86.1,72.5,72.5,71.4
שמיר,84.6,2022-04-28T00:00:00.000Z,84.6,86.1,72.5,72.5,71.4
שמיר,84.6,2022-04-28T00:00:00.000Z,84.6,86.1,72.5,72.5,71.4
שמיר,84.6,2022-04-28T00:00:00.000Z,84.6,86.1,72.5,72.5,71.4
שמיר,84.6,2022-04-28T00:00:00.000Z,84.6,86.1,72.5,72.5,71.4
שמיר,84.6,2022-04-28T00:00:00.000Z,84.6,86.1,72.5,72.5,71.4
שמיר,84.6,2022-04-28T00:00:00.000Z,84.6,86.1,72.5,72.5,71.4
שמיר,84.6,2022-04-28T00:00:00.000Z,84.6,86.1,72.5,72.5,71.4
שמיר,84.6,2022-04-28T00:00:00.000Z,84.6,86.1,72.5,72.5,71.4
שמיר,84.6,2022-04-28T00:00:00.000Z,84.6,86.1,72.5,72.5,71.4
שמיר,84.6,2022-04-28T00:00:00.000Z,84.6,86.1,72.5,72.5,71.4
שמיר,84.6,2022-04-28T00:00:00.000Z,84.6,86.1,72.5,72.5,71.4
שמיר,84.6,2022-04-28T00:00:00.000Z,84.6,86.1,72.5,72.5,71.4
שמיר,84.6,2022-04-28T00:00:00.000Z,84.6,86.1,72.5,72.5,71.4
שמיר,84.6,2022-04-28T00:00:00.000Z,84.6,86.1,72.5,72.5,71.4
נהריה,87.9,2022-04-28T00:00:00.000Z,87.9,94.2,80.5,80.5,88.8
נהריה,87.9,2022-04-28T00:00:00.000Z,87.9,94.2,80.5,80.5,88.8
נהריה,87.9,2022-04-28T00:00:00.000Z,87.9,94.2,80.5,80.5,88.8
נהריה,87.9,2022-04-28T00:00:00.000Z,87.9,94.2,80.5,80.5,88.8
נהריה,87.9,2022-04-28T00:00:00.000Z,87.9,94.2,80.5,80.5,88.8
נהריה,87.9,2022-04-28T00:00:00.000Z,87.9,94.2,80.5,80.5,88.8
נהריה,87.9,2022-04-28T00:00:00.000Z,87.9,94.2,80.5,80.5,88.8
נהריה,87.9,2022-04-28T00:00:00.000Z,87.9,94.2,80.5,80.5,88.8
נהריה,87.9,2022-04-28T00:00:00.000Z,87.9,94.2,80.5,80.5,88.8
נהריה,87.9,2022-04-28T00:00:00.000Z,87.9,94.2,80.5,80.5,88.8
נהריה,87.9,2022-04-28T00:00:00.000Z,87.9,94.2,80.5,80.5,88.8
נהריה,87.9,2022-04-28T00:00:00.000Z,87.9,94.2,80.5,80.5,88.8
נהריה,87.9,2022-04-28T00:00:00.000Z,87.9,94.2,80.5,80.5,88.8
נהריה,87.9,2022-04-28T00:00:00.000Z,87.9,94.2,80.5,80.5,88.8
נהריה,87.9,2022-04-28T00:00:00.000Z,87.9,94.2,80.5,80.5,88.8
נהריה,87.9,2022-04-28T00:00:00.000Z,87.9,94.2,80.5,80.5,88.8
נהריה,87.9,2022-04-28T00:00:00.000Z,87.9,94.2,80.5,80.5,88.8
נהריה,87.9,2022-04-28T00:00:00.000Z,87.9,94.2,80.5,80.5,88.8
נהריה,87.9,2022-04-28T00:00:00.000Z,87.9,94.2,80.5,80.5,88.8
נהריה,87.9,2022-04-28T00:00:00.000Z,87.9,94.2,80.5,80.5,88.8
נהריה,87.9,2022-04-28T00:00:00.000Z,87.9,94.2,80.5,80.5,88.8
נהריה,87.9,2022-04-28T00:00:00.000Z,87.9,94.2,80.5,80.5,88.8
נהריה,87.9,2022-04-28T00:00:00.000Z,87.9,94.2,80.5,80.5,88.8
נהריה,87.9,2022-04-28T00:00:00.000Z,87.9,94.2,80.5,80.5,88.8
נהריה,87.9,2022-04-28T00:00:00.000Z,87.9,94.2,80.5,80.5,88.8
נהריה,87.9,2022-04-28T00:00:00.000Z,87.9,94.2,80.5,80.5,88.8
נהריה,87.9,2022-04-28T00:00:00.000Z,87.9,94.2,80.5,80.5,88.8
נהריה,87.9,2022-04-28T00:00:00.000Z,87.9,94.2,80.5,80.5,88.8
נהריה,87.9,2022-04-28T00:00:00.000Z,87.9,94.2,80.5,80.5,88.8
נהריה,87.9,2022-04-28T00:00:00.000Z,87.9,94.2,80.5,80.5,88.8
נהריה,87.9,2022-04-28T00:00:00.000Z,87.9,94.2,80.5,80.5,88.8
נהריה,87.9,2022-04-28T00:00:00.000Z,87.9,94.2,80.5,80.5,88.8
נהריה,87.9,2022-04-28T00:00:00.000Z,87.9,94.2,80.5,80.5,88.8
נהריה,87.9,2022-04-28T00:00:00.000Z,87.9,94.2,80.5,80.5,88.8
שיבא,98.7,2022-04-28T00:00:00.000Z,98.7,84.9,105.4,105.4,102.7
שיבא,98.7,2022-04-28T00:00:00.000Z,98.7,84.9,105.4,105.4,102.7
שיבא,98.7,2022-04-28T00:00:00.000Z,98.7,84.9,105.4,105.4,102.7
שיבא,98.7,2022-04-28T00:00:00.000Z,98.7,84.9,105.4,105.4,102.7
שיבא,98.7,2022-04-28T00:00:00.000Z,98.7,84.9,105.4,105.4,102.7
שיבא,98.7,2022-04-28T00:00:00.000Z,98.7,84.9,105.4,105.4,102.7
שיבא,98.7,2022-04-28T00:00:00.000Z,98.7,84.9,105.4,105.4,102.7
שיבא,98.7,2022-04-28T00:00:00.000Z,98.7,84.9,105.4,105.4,102.7
שיבא,98.7,2022-04-28T00:00:00.000Z,98.7,84.9,105.4,105.4,102.7
שיבא,98.7,2022-04-28T00:00:00.000Z,98.7,84.9,105.4,105.4,102.7
שיבא,98.7,2022-04-28T00:00:00.000Z,98.7,84.9,105.4,105.4,102.7
שיבא,98.7,2022-04-28T00:00:00.000Z,98.7,84.9,105.4,105.4,102.7
שיבא,98.7,2022-04-28T00:00:00.000Z,98.7,84.9,105.4,105.4,102.7
שיבא,98.7,2022-04-28T00:00:00.000Z,98.7,84.9,105.4,105.4,102.7
שיבא,98.7,2022-04-28T00:00:00.000Z,98.7,84.9,105.4,105.4,102.7
שיבא,98.7,2022-04-28T00:00:00.000Z,98.7,84.9,105.4,105.4,102.7
שיבא,98.7,2022-04-28T00:00:00.000Z,98.7,84.9,105.4,105.4,102.7
שיבא,98.7,2022-04-28T00:00:00.000Z,98.7,84.9,105.4,105.4,102.7
שיבא,98.7,2022-04-28T00:00:00.000Z,98.7,84.9,105.4,105.4,102.7
שיבא,98.7,2022-04-28T00:00:00.000Z,98.7,84.9,105.4,105.4,102.7
שיבא,98.7,2022-04-28T00:00:00.000Z,98.7,84.9,105.4,105.4,102.7
שיבא,98.7,2022-04-28T00:00:00.000Z,98.7,84.9,105.4,105.4,102.7
שיבא,98.7,2022-04-28T00:00:00.000Z,98.7,84.9,105.4,105.4,102.7
שיבא,98.7,2022-04-28T00:00:00.000Z,98.7,84.9,105.4,105.4,102.7
יוספטל,93.8,2022-04-28T00:00:00.000Z,93.8,56.3,58.5,58.5,53.8
יוספטל,93.8,2022-04-28T00:00:00.000Z,93.8,56.3,58.5,58.5,53.8
יוספטל,93.8,2022-04-28T00:00:00.000Z,93.8,56.3,58.5,58.5,53.8
יוספטל,93.8,2022-04-28T00:00:00.000Z,93.8,56.3,58.5,58.5,53.8
יוספטל,93.8,2022-04-28T00:00:00.000Z,93.8,56.3,58.5,58.5,53.8
יוספטל,93.8,2022-04-28T00:00:00.000Z,93.8,56.3,58.5,58.5,53.8
יוספטל,93.8,2022-04-28T00:00:00.000Z,93.8,56.3,58.5,58.5,53.8
יוספטל,93.8,2022-04-28T00:00:00.000Z,93.8,56.3,58.5,58.5,53.8
יוספטל,93.8,2022-04-28T00:00:00.000Z,93.8,56.3,58.5,58.5,53.8
יוספטל,93.8,2022-04-28T00:00:00.000Z,93.8,56.3,58.5,58.5,53.8
יוספטל,93.8,2022-04-28T00:00:00.000Z,93.8,56.3,58.5,58.5,53.8
יוספטל,93.8,2022-04-28T00:00:00.000Z,93.8,56.3,58.5,58.5,53.8
יוספטל,93.8,2022-04-28T00:00:00.000Z,93.8,56.3,58.5,58.5,53.8
יוספטל,93.8,2022-04-28T00:00:00.000Z,93.8,56.3,58.5,58.5,53.8
יוספטל,93.8,2022-04-28T00:00:00.000Z,93.8,56.3,58.5,58.5,53.8
יוספטל,93.8,2022-04-28T00:00:00.000Z,93.8,56.3,58.5,58.5,53.8
יוספטל,93.8,2022-04-28T00:00:00.000Z,93.8,56.3,58.5,58.5,53.8
יוספטל,93.8,2022-04-28T00:00:00.000Z,93.8,56.3,58.5,58.5,53.8
יוספטל,93.8,2022-04-28T00:00:00.000Z,93.8,56.3,58.5,58.5,53.8
יוספטל,93.8,2022-04-28T00:00:00.000Z,93.8,56.3,58.5,58.5,53.8
יוספטל,93.8,2022-04-28T00:00:00.000Z,93.8,56.3,58.5,58.5,53.8
יוספטל,93.8,2022-04-28T00:00:00.000Z,93.8,56.3,58.5,58.5,53.8
יוספטל,93.8,2022-04-28T00:00:00.000Z,93.8,56.3,58.5,58.5,53.8
יוספטל,93.8,2022-04-28T00:00:00.000Z,93.8,56.3,58.5,58.5,53.8
יוספטל,93.8,2022-04-28T00:00:00.000Z,93.8,56.3,58.5,58.5,53.8
יוספטל,93.8,2022-04-28T00:00:00.000Z,93.8,56.3,58.5,58.5,53.8
יוספטל,93.8,2022-04-28T00:00:00.000Z,93.8,56.3,58.5,58.5,53.8
יוספטל,93.8,2022-04-28T00:00:00.000Z,93.8,56.3,58.5,58.5,53.8
יוספטל,93.8,2022-04-28T00:00:00.000Z,93.8,56.3,58.5,58.5,53.8
יוספטל,93.8,2022-04-28T00:00:00.000Z,93.8,56.3,58.5,58.5,53.8
יוספטל,93.8,2022-04-28T00:00:00.000Z,93.8,56.3,58.5,58.5,53.8
יוספטל,93.8,2022-04-28T00:00:00.000Z,93.8,56.3,58.5,58.5,53.8
יוספטל,93.8,2022-04-28T00:00:00.000Z,93.8,56.3,58.5,58.5,53.8
יוספטל,93.8,2022-04-28T00:00:00.000Z,93.8,56.3,58.5,58.5,53.8
זיו צפת,87.5,2022-04-28T00:00:00.000Z,95.3,90.6,72.9,84.7,83.6
זיו צפת,87.5,2022-04-28T00:00:00.000Z,94.2,91.3,72.9,83,84
זיו צפת,87.5,2022-04-28T00:00:00.000Z,93.1,92,72.9,81.4,84.4
זיו צפת,87.5,2022-04-28T00:00:00.000Z,92,92.6,72.9,79.7,84.8
זיו צפת,87.5,2022-04-28T00:00:00.000Z,90.8,93.3,72.9,78,85.2
זיו צפת,87.5,2022-04-28T00:00:00.000Z,89.7,94,72.9,76.3,85.6
זיו צפת,87.5,2022-04-28T00:00:00.000Z,88.6,94.6,72.9,74.6,86
זיו צפת,87.5,2022-04-28T00:00:00.000Z,87.5,95.3,72.9,72.9,86.5
זיו צפת,87.5,2022-04-28T00:00:00.000Z,87.5,95.3,72.9,72.9,86.5
זיו צפת,87.5,2022-04-28T00:00:00.000Z,87.5,95.3,72.9,72.9,86.5
זיו צפת,87.5,2022-04-28T00:00:00.000Z,87.5,95.3,72.9,72.9,86.5
זיו צפת,87.5,2022-04-28T00:00:00.000Z,87.5,95.3,72.9,72.9,86.5
זיו צפת,87.5,2022-04-28T00:00:00.000Z,87.5,95.3,72.9,72.9,86.5
זיו צפת,87.5,2022-04-28T00:00:00.000Z,87.5,95.3,72.9,72.9,86.5
זיו צפת,87.5,2022-04-28T00:00:00.000Z,87.5,95.3,72.9,72.9,86.5
זיו צפת,87.5,2022-04-28T00:00:00.000Z,87.5,95.3,72.9,72.9,86.5
זיו צפת,87.5,2022-04-28T00:00:00.000Z,87.5,95.3,72.9,72.9,86.5
זיו צפת,87.5,2022-04-28T00:00:00.000Z,87.5,95.3,72.9,72.9,86.5
הלל יפה,97.9,2022-04-28T00:00:00.000Z,97.9,92.5,80,80,89.5
הלל יפה,97.9,2022-04-28T00:00:00.000Z,97.9,92.5,80,80,89.5
הלל יפה,97.9,2022-04-28T00:00:00.000Z,97.9,92.5,80,80,89.5
הלל יפה,97.9,2022-04-28T00:00:00.000Z,97.9,92.5,80,80,89.5
הלל יפה,97.9,2022-04-28T00:00:00.000Z,97.9,92.5,80,80,89.5
הלל יפה,97.9,2022-04-28T00:00:00.000Z,97.9,92.5,80,80,89.5
הלל יפה,97.9,2022-04-28T00:00:00.000Z,97.9,92.5,80,80,89.5
הלל יפה,97.9,2022-04-28T00:00:00.000Z,97.9,92.5,80,80,89.5
הלל יפה,97.9,2022-04-28T00:00:00.000Z,97.9,92.5,80,80,89.5
הלל יפה,97.9,2022-04-28T00:00:00.000Z,97.9,92.5,80,80,89.5
הלל יפה,97.9,2022-04-28T00:00:00.000Z,97.9,92.5,80,80,89.5
הלל יפה,97.9,2022-04-28T00:00:00.000Z,97.9,92.5,80,80,89.5
הלל יפה,97.9,2022-04-28T00:00:00.000Z,97.9,92.5,80,80,89.5
הלל יפה,97.9,2022-04-28T00:00:00.000Z,97.9,92.5,80,80,89.5
הלל יפה,97.9,2022-04-28T00:00:00.000Z,97.9,92.5,80,80,89.5
הלל יפה,97.9,2022-04-28T00:00:00.000Z,97.9,92.5,80,80,89.5
הלל יפה,97.9,2022-04-28T00:00:00.000Z,97.9,92.5,80,80,89.5
הלל יפה,97.9,2022-04-28T00:00:00.000Z,97.9,92.5,80,80,89.5
הלל יפה,97.9,2022-04-28T00:00:00.000Z,97.9,92.5,80,80,89.5
הלל יפה,97.9,2022-04-28T00:00:00.000Z,97.9,92.5,80,80,89.5
הלל יפה,97.9,2022-04-28T00:00:00.000Z,97.9,92.5,80,80,89.5
הלל יפה,97.9,2022-04-28T00:00:00.000Z,97.9,92.5,80,80,89.5
הלל יפה,97.9,2022-04-28T00:00:00.000Z,97.9,92.5,80,80,89.5
הלל יפה,97.9,2022-04-28T00:00:00.000Z,97.9,92.5,80,80,89.5
הלל יפה,97.9,2022-04-28T00:00:00.000Z,97.9,92.5,80,80,89.5
הלל יפה,97.9,2022-04-28T00:00:00.000Z,97.9,92.5,80,80,89.5
הלל יפה,97.9,2022-04-28T00:00:00.000Z,97.9,92.5,80,80,89.5
הלל יפה,97.9,2022-04-28T00:00:00.000Z,97.9,92.5,80,80,89.5
הלל יפה,97.9,2022-04-28T00:00:00.000Z,97.9,92.5,80,80,89.5
הלל יפה,97.9,2022-04-28T00:00:00.000Z,97.9,92.5,80,80,89.5
הלל יפה,97.9,2022-04-28T00:00:00.000Z,97.9,92.5,80,80,89.5
הלל יפה,97.9,2022-04-28T00:00:00.000Z,97.9,92.5,80,80,89.5
הלל יפה,97.9,2022-04-28T00:00:00.000Z,97.9,92.5,80,80,89.5
הלל יפה,97.9,2022-04-28T00:00:00.000Z,97.9,92.5,80,80,89.5
נהריה,87.9,2022-04-28T00:00:00.000Z,87.9,94.2,80.5,80.5,88.8
נהריה,87.9,2022-04-28T00:00:00.000Z,87.9,94.2,80.5,80.5,88.8
נהריה,87.9,2022-04-28T00:00:00.000Z,87.9,94.2,80.5,80.5,88.8
נהריה,87.9,2022-04-28T00:00:00.000Z,87.9,94.2,80.5,80.5,88.8
נהריה,87.9,2022-04-28T00:00:00.000Z,87.9,94.2,80.5,80.5,88.8
נהריה,87.9,2022-04-28T00:00:00.000Z,87.9,94.2,80.5,80.5,88.8
נהריה,87.9,2022-04-28T00:00:00.000Z,87.9,94.2,80.5,80.5,88.8
נהריה,87.9,2022-04-28T00:00:00.000Z,87.9,94.2,80.5,80.5,88.8
נהריה,87.9,2022-04-28T00:00:00.000Z,87.9,94.2,80.5,80.5,88.8
נהריה,87.9,2022-04-28T00:00:00.000Z,87.9,94.2,80.5,80.5,88.8
נהריה,87.9,2022-04-28T00:00:00.000Z,87.9,94.2,80.5,80.5,88.8
נהריה,87.9,2022-04-28T00:00:00.000Z,87.9,94.2,80.5,80.5,88.8
נהריה,87.9,2022-04-28T00:00:00.000Z,87.9,94.2,80.5,80.5,88.8
נהריה,87.9,2022-04-28T00:00:00.000Z,87.9,94.2,80.5,80.5,88.8
נהריה,87.9,2022-04-28T00:00:00.000Z,87.9,94.2,80.5,80.5,88.8
נהריה,87.9,2022-04-28T00:00:00.000Z,87.9,94.2,80.5,80.5,88.8
נהריה,87.9,2022-04-28T00:00:00.000Z,87.9,94.2,80.5,80.5,88.8
נהריה,87.9,2022-04-28T00:00:00.000Z,87.9,94.2,80.5,80.5,88.8
נהריה,87.9,2022-04-28T00:00:00.000Z,87.9,94.2,80.5,80.5,88.8
נהריה,87.9,2022-04-28T00:00:00.000Z,87.9,94.2,80.5,80.5,88.8
נהריה,87.9,2022-04-28T00:00:00.000Z,87.9,94.2,80.5,80.5,88.8
נהריה,87.9,2022-04-28T00:00:00.000Z,87.9,94.2,80.5,80.5,88.8
נהריה,87.9,2022-04-28T00:00:00.000Z,87.9,94.2,80.5,80.5,88.8
נהריה,87.9,2022-04-28T00:00:00.000Z,87.9,94.2,80.5,80.5,88.8
נהריה,87.9,2022-04-28T00:00:00.000Z,87.9,94.2,80.5,80.5,88.8
נהריה,87.9,2022-04-28T00:00:00.000Z,87.9,94.2,80.5,80.5,88.8
נהריה,87.9,2022-04-28T00:00:00.000Z,87.9,94.2,80.5,80.5,88.8
נהריה,87.9,2022-04-28T00:00:00.000Z,87.9,94.2,80.5,80.5,88.8
נהריה,87.9,2022-04-28T00:00:00.000Z,87.9,94.2,80.5,80.5,88.8
נהריה,87.9,2022-04-28T00:00:00.000Z,87.9,94.2,80.5,80.5,88.8
נהריה,87.9,2022-04-28T00:00:00.000Z,87.9,94.2,80.5,80.5,88.8
נהריה,87.9,2022-04-28T00:00:00.000Z,87.9,94.2,80.5,80.5,88.8
נהריה,87.9,2022-04-28T00:00:00.000Z,87.9,94.2,80.5,80.5,88.8
נהריה,87.9,2022-04-28T00:00:00.000Z,87.9,94.2,80.5,80.5,88.8
יוספטל,93.8,2022-04-28T00:00:00.000Z,93.8,56.3,58.5,58.5,53.8
יוספטל,93.8,2022-04-28T00:00:00.000Z,93.8,56.3,58.5,58.5,53.8
יוספטל,93.8,2022-04-28T00:00:00.000Z,93.8,56.3,58.5,58.5,53.8
יוספטל,93.8,2022-04-28T00:00:00.000Z,93.8,56.3,58.5,58.5,53.8
יוספטל,93.8,2022-04-28T00:00:00.000Z,93.8,56.3,58.5,58.5,53.8
יוספטל,93.8,2022-04-28T00:00:00.000Z,93.8,56.3,58.5,58.5,53.8
יוספטל,93.8,2022-04-28T00:00:00.000Z,93.8,56.3,58.5,58.5,53.8
יוספטל,93.8,2022-04-28T00:00:00.000Z,93.8,56.3,58.5,58.5,53.8
יוספטל,93.8,2022-04-28T00:00:00.000Z,93.8,56.3,58.5,58.5,53.8
יוספטל,93.8,2022-04-28T00:00:00.000Z,93.8,56.3,58.5,58.5,53.8
יוספטל,93.8,2022-04-28T00:00:00.000Z,93.8,56.3,58.5,58.5,53.8
יוספטל,93.8,2022-04-28T00:00:00.000Z,93.8,56.3,58.5,58.5,53.8
יוספטל,93.8,2022-04-28T00:00:00.000Z,93.8,56.3,58.5,58.5,53.8
יוספטל,93.8,2022-04-28T00:00:00.000Z,93.8,56.3,58.5,58.5,53.8
יוספטל,93.8,2022-04-28T00:00:00.000Z,93.8,56.3,58.5,58.5,53.8
יוספטל,93.8,2022-04-28T00:00:00.000Z,93.8,56.3,58.5,58.5,53.8
יוספטל,93.8,2022-04-28T00:00:00.000Z,93.8,56.3,58.5,58.5,53.8
יוספטל,93.8,2022-04-28T00:00:00.000Z,93.8,56.3,58.5,58.5,53.8
יוספטל,93.8,2022-04-28T00:00:00.000Z,93.8,56.3,58.5,58.5,53.8
יוספטל,93.8,2022-04-28T00:00:00.000Z,93.8,56.3,58.5,58.5,53.8
יוספטל,93.8,2022-04-28T00:00:00.000Z,93.8,56.3,58.5,58.5,53.8
יוספטל,93.8,2022-04-28T00:00:00.000Z,93.8,56.3,58.5,58.5,53.8
יוספטל,93.8,2022-04-28T00:00:00.000Z,93.8,56.3,58.5,58.5,53.8
יוספטל,93.8,2022-04-28T00:00:00.000Z,93.8,56.3,58.5,58.5,53.8
יוספטל,93.8,2022-04-28T00:00:00.000Z,93.8,56.3,58.5,58.5,53.8
יוספטל,93.8,2022-04-28T00:00:00.000Z,93.8,56.3,58.5,58.5,53.8
יוספטל,93.8,2022-04-28T00:00:00.000Z,93.8,56.3,58.5,58.5,53.8
יוספטל,93.8,2022-04-28T00:00:00.000Z,93.8,56.3,58.5,58.5,53.8
יוספטל,93.8,2022-04-28T00:00:00.000Z,93.8,56.3,58.5,58.5,53.8
יוספטל,93.8,2022-04-28T00:00:00.000Z,93.8,56.3,58.5,58.5,53.8
יוספטל,93.8,2022-04-28T00:00:00.000Z,93.8,56.3,58.5,58.5,53.8
יוספטל,93.8,2022-04-28T00:00:00.000Z,93.8,56.3,58.5,58.5,53.8
יוספטל,93.8,2022-04-28T00:00:00.000Z,93.8,56.3,58.5,58.5,53.8
יוספטל,93.8,2022-04-28T00:00:00.000Z,93.8,56.3,58.5,58.5,53.8
זיו צפת,87.5,2022-04-28T00:00:00.000Z,87.5,95.3,72.9,72.9,86.5
זיו צפת,87.5,2022-04-28T00:00:00.000Z,87.5,95.3,72.9,72.9,86.5
זיו צפת,87.5,2022-04-28T00:00:00.000Z,87.5,95.3,72.9,72.9,86.5
זיו צפת,87.5,2022-04-28T00:00:00.000Z,87.5,95.3,72.9,72.9,86.5
זיו צפת,87.5,2022-04-28T00:00:00.000Z,87.5,95.3,72.9,72.9,86.5
זיו צפת,87.5,2022-04-28T00:00:00.000Z,87.5,95.3,72.9,72.9,86.5
זיו צפת,87.5,2022-04-28T00:00:00.000Z,87.5,95.3,72.9,72.9,86.5
זיו צפת,87.5,2022-04-28T00:00:00.000Z,87.5,95.3,72.9,72.9,86.5
זיו צפת,87.5,2022-04-28T00:00:00.000Z,87.5,95.3,72.9,72.9,86.5
זיו צפת,87.5,2022-04-28T00:00:00.000Z,87.5,95.3,72.9,72.9,86.5
זיו צפת,87.5,2022-04-28T00:00:00.000Z,87.5,95.3,72.9,72.9,86.5
זיו צפת,87.5,2022-04-28T00:00:00.000Z,87.5,95.3,72.9,72.9,86.5
זיו צפת,87.5,2022-04-28T00:00:00.000Z,87.5,95.3,72.9,72.9,86.5
זיו צפת,87.5,2022-04-28T00:00:00.000Z,87.5,95.3,72.9,72.9,86.5
זיו צפת,87.5,2022-04-28T00:00:00.000Z,87.5,95.3,72.9,72.9,86.5
זיו צפת,87.5,2022-04-28T00:00:00.000Z,87.5,95.3,72.9,72.9,86.5
זיו צפת,87.5,2022-04-28T00:00:00.000Z,87.5,95.3,72.9,72.9,86.5
זיו צפת,87.5,2022-04-28T00:00:00.000Z,87.5,95.3,72.9,72.9,86.5
זיו צפת,87.5,2022-04-28T00:00:00.000Z,87.5,95.3,72.9,72.9,86.5
זיו צפת,87.5,2022-04-28T00:00:00.000Z,87.5,95.3,72.9,72.9,86.5
זיו צפת,87.5,2022-04-28T00:00:00.000Z,87.5,95.3,72.9,72.9,86.5
זיו צפת,87.5,2022-04-28T00:00:00.000Z,87.5,95.3,72.9,72.9,86.5
זיו צפת,87.5,2022-04-28T00:00:00.000Z,87.5,95.3,72.9,72.9,86.5
זיו צפת,87.5,2022-04-28T00:00:00.000Z,87.5,95.3,72.9,72.9,86.5
זיו צפת,87.5,2022-04-28T00:00:00.000Z,87.5,95.3,72.9,72.9,86.5
זיו צפת,87.5,2022-04-28T00:00:00.000Z,87.5,95.3,72.9,72.9,86.5
זיו צפת,87.5,2022-04-28T00:00:00.000Z,87.5,95.3,72.9,72.9,86.5
זיו צפת,87.5,2022-04-28T00:00:00.000Z,87.5,95.3,72.9,72.9,86.5
זיו צפת,87.5,2022-04-28T00:00:00.000Z,87.5,95.3,72.9,72.9,86.5
זיו צפת,87.5,2022-04-28T00:00:00.000Z,87.5,95.3,72.9,72.9,86.5
זיו צפת,87.5,2022-04-28T00:00:00.000Z,87.5,95.3,72.9,72.9,86.5
זיו צפת,87.5,2022-04-28T00:00:00.000Z,87.5,95.3,72.9,72.9,86.5
זיו צפת,87.5,2022-04-28T00:00:00.000Z,87.5,95.3,72.9,72.9,86.5
זיו צפת,87.5,2022-04-28T00:00:00.000Z,87.5,95.3,72.9,72.9,86.5
הלל יפה,97.9,2022-04-28T00:00:00.000Z,97.9,92.5,80,80,89.5
הלל יפה,97.9,2022-04-28T00:00:00.000Z,97.9,92.5,80,80,89.5
הלל יפה,97.9,2022-04-28T00:00:00.000Z,97.9,92.5,80,80,89.5
הלל יפה,97.9,2022-04-28T00:00:00.000Z,97.9,92.5,80,80,89.5
הלל יפה,97.9,2022-04-28T00:00:00.000Z,97.9,92.5,80,80,89.5
הלל יפה,97.9,2022-04-28T00:00:00.000Z,97.9,92.5,80,80,89.5
הלל יפה,97.9,2022-04-28T00:00:00.000Z,97.9,92.5,80,80,89.5
הלל יפה,97.9,2022-04-28T00:00:00.000Z,97.9,92.5,80,80,89.5
הלל יפה,97.9,2022-04-28T00:00:00.000Z,97.9,92.5,80,80,89.5
הלל יפה,97.9,2022-04-28T00:00:00.000Z,97.9,92.5,80,80,89.5
הלל יפה,97.9,2022-04-28T00:00:00.000Z,97.9,92.5,80,80,89.5
הלל יפה,97.9,2022-04-28T00:00:00.000Z,97.9,92.5,80,80,89.5
הלל יפה,97.9,2022-04-28T00:00:00.000Z,97.9,92.5,80,80,89.5
הלל יפה,97.9,2022-04-28T00:00:00.000Z,97.9,92.5,80,80,89.5
הלל יפה,97.9,2022-04-28T00:00:00.000Z,97.9,92.5,80,80,89.5
הלל יפה,97.9,2022-04-28T00:00:00.000Z,97.9,92.5,80,80,89.5
הלל יפה,97.9,2022-04-28T00:00:00.000Z,97.9,92.5,80,80,89.5
הלל יפה,97.9,2022-04-28T00:00:00.000Z,97.9,92.5,80,80,89.5
הלל יפה,97.9,2022-04-28T00:00:00.000Z,97.9,92.5,80,80,89.5
הלל יפה,97.9,2022-04-28T00:00:00.000Z,97.9,92.5,80,80,89.5
הלל יפה,97.9,2022-04-28T00:00:00.000Z,97.9,92.5,80,80,89.5
הלל יפה,97.9,2022-04-28T00:00:00.000Z,97.9,92.5,80,80,89.5
הלל יפה,97.9,2022-04-28T00:00:00.000Z,97.9,92.5,80,80,89.5
הלל יפה,97.9,2022-04-28T00:00:00.000Z,97.9,92.5,80,80,89.5
הלל יפה,97.9,2022-04-28T00:00:00.000Z,97.9,92.5,80,80,89.5
הלל יפה,97.9,2022-04-28T00:00:00.000Z,97.9,92.5,80,80,89.5
הלל יפה,97.9,2022-04-28T00:00:00.000Z,97.9,92.5,80,80,89.5
הלל יפה,97.9,2022-04-28T00:00:00.000Z,97.9,92.5,80,80,89.5
הלל יפה,97.9,2022-04-28T00:00:00.000Z,97.9,92.5,80,80,89.5
הלל יפה,97.9,2022-04-28T00:00:00.000Z,97.9,92.5,80,80,89.5
הלל יפה,97.9,2022-04-28T00:00:00.000Z,97.9,92.5,80,80,89.5
הלל יפה,97.9,2022-04-28T00:00:00.000Z,97.9,92.5,80,80,89.5
הלל יפה,97.9,2022-04-28T00:00:00.000Z,97.9,92.5,80,80,89.5
הלל יפה,97.9,2022-04-28T00:00:00.000Z,97.9,92.5,80,80,89.5
שמיר,84.6,2022-04-28T00:00:00.000Z,84.6,86.1,72.5,72.5,71.4
שמיר,84.6,2022-04-28T00:00:00.000Z,84.6,86.1,72.5,72.5,71.4
שמיר,84.6,2022-04-28T00:00:00.000Z,84.6,86.1,72.5,72.5,71.4
שמיר,84.6,2022-04-28T00:00:00.000Z,84.6,86.1,72.5,72.5,71.4
שמיר,84.6,2022-04-28T00:00:00.000Z,84.6,86.1,72.5,72.5,71.4
שמיר,84.6,2022-04-28T00:00:00.000Z,84.6,86.1,72.5,72.5,71.4
שמיר,84.6,2022-04-28T00:00:00.000Z,84.6,86.1,72.5,72.5,71.4
שמיר,84.6,2022-04-28T00:00:00.000Z,84.6,86.1,72.5,72.5,71.4
שמיר,84.6,2022-04-28T00:00:00.000Z,84.6,86.1,72.5,72.5,71.4
שמיר,84.6,2022-04-28T00:00:00.000Z,84.6,86.1,72.5,72.5,71.4
שמיר,84.6,2022-04-28T00:00:00.000Z,84.6,86.1,72.5,72.5,71.4
שמיר,84.6,2022-04-28T00:00:00.000Z,84.6,86.1,72.5,72.5,71.4
שמיר,84.6,2022-04-28T00:00:00.000Z,84.6,86.1,72.5,72.5,71.4
שמיר,84.6,2022-04-28T00:00:00.000Z,84.6,86.1,72.5,72.5,71.4
שמיר,84.6,2022-04-28T00:00:00.000Z,84.6,86.1,72.5,72.5,71.4
שמיר,84.6,2022-04-28T00:00:00.000Z,84.6,86.1,72.5,72.5,71.4
שמיר,84.6,2022-04-28T00:00:00.000Z,84.6,86.1,72.5,72.5,71.4
שמיר,84.6,2022-04-28T00:00:00.000Z,84.6,86.1,72.5,72.5,71.4
שמיר,84.6,2022-04-28T00:00:00.000Z,84.6,86.1,72.5,72.5,71.4
שמיר,84.6,2022-04-28T00:00:00.000Z,84.6,86.1,72.5,72.5,71.4
שמיר,84.6,2022-04-28T00:00:00.000Z,84.6,86.1,72.5,72.5,71.4
שמיר,84.6,2022-04-28T00:00:00.000Z,84.6,86.1,72.5,72.5,71.4
שמיר,84.6,2022-04-28T00:00:00.000Z,84.6,86.1,72.5,72.5,71.4
שמיר,84.6,2022-04-28T00:00:00.000Z,84.6,86.1,72.5,72.5,71.4
שמיר,84.6,2022-04-28T00:00:00.000Z,84.6,86.1,72.5,72.5,71.4
שמיר,84.6,2022-04-28T00:00:00.000Z,84.6,86.1,72.5,72.5,71.4
שמיר,84.6,2022-04-28T00:00:00.000Z,84.6,86.1,72.5,72.5,71.4
שמיר,84.6,2022-04-28T00:00:00.000Z,84.6,86.1,72.5,72.5,71.4
שמיר,84.6,2022-04-28T00:00:00.000Z,84.6,86.1,72.5,72.5,71.4
שמיר,84.6,2022-04-28T00:00:00.000Z,84.6,86.1,72.5,72.5,71.4
שמיר,84.6,2022-04-28T00:00:00.000Z,84.6,86.1,72.5,72.5,71.4
שמיר,84.6,2022-04-28T00:00:00.000Z,84.6,86.1,72.5,72.5,71.4
שמיר,84.6,2022-04-28T00:00:00.000Z,84.6,86.1,72.5,72.5,71.4
שמיר,84.6,2022-04-28T00:00:00.000Z,84.6,86.1,72.5,72.5,71.4
יוספטל,93.8,2022-04-28T00:00:00.000Z,93.8,56.3,58.5,58.5,53.8
יוספטל,93.8,2022-04-28T00:00:00.000Z,93.8,56.3,58.5,58.5,53.8
יוספטל,93.8,2022-04-28T00:00:00.000Z,93.8,56.3,58.5,58.5,53.8
יוספטל,93.8,2022-04-28T00:00:00.000Z,93.8,56.3,58.5,58.5,53.8
יוספטל,93.8,2022-04-28T00:00:00.000Z,93.8,56.3,58.5,58.5,53.8
יוספטל,93.8,2022-04-28T00:00:00.000Z,93.8,56.3,58.5,58.5,53.8
יוספטל,93.8,2022-04-28T00:00:00.000Z,93.8,56.3,58.5,58.5,53.8
יוספטל,93.8,2022-04-28T00:00:00.000Z,93.8,56.3,58.5,58.5,53.8
יוספטל,93.8,2022-04-28T00:00:00.000Z,93.8,56.3,58.5,58.5,53.8
יוספטל,93.8,2022-04-28T00:00:00.000Z,93.8,56.3,58.5,58.5,53.8
יוספטל,93.8,2022-04-28T00:00:00.000Z,93.8,56.3,58.5,58.5,53.8
יוספטל,93.8,2022-04-28T00:00:00.000Z,93.8,56.3,58.5,58.5,53.8
יוספטל,93.8,2022-04-28T00:00:00.000Z,93.8,56.3,58.5,58.5,53.8
יוספטל,93.8,2022-04-28T00:00:00.000Z,93.8,56.3,58.5,58.5,53.8
יוספטל,93.8,2022-04-28T00:00:00.000Z,93.8,56.3,58.5,58.5,53.8
יוספטל,93.8,2022-04-28T00:00:00.000Z,93.8,56.3,58.5,58.5,53.8
יוספטל,93.8,2022-04-28T00:00:00.000Z,93.8,56.3,58.5,58.5,53.8
יוספטל,93.8,2022-04-28T00:00:00.000Z,93.8,56.3,58.5,58.5,53.8
יוספטל,93.8,2022-04-28T00:00:00.000Z,93.8,56.3,58.5,58.5,53.8
יוספטל,93.8,2022-04-28T00:00:00.000Z,93.8,56.3,58.5,58.5,53.8
יוספטל,93.8,2022-04-28T00:00:00.000Z,93.8,56.3,58.5,58.5,53.8
יוספטל,93.8,2022-04-28T00:00:00.000Z,93.8,56.3,58.5,58.5,53.8
יוספטל,93.8,2022-04-28T00:00:00.000Z,93.8,56.3,58.5,58.5,53.8
יוספטל,93.8,2022-04-28T00:00:00.000Z,93.8,56.3,58.5,58.5,53.8
יוספטל,93.8,2022-04-28T00:00:00.000Z,93.8,56.3,58.5,58.5,53.8
יוספטל,93.8,2022-04-28T00:00:00.000Z,93.8,56.3,58.5,58.5,53.8
יוספטל,93.8,2022-04-28T00:00:00.000Z,93.8,56.3,58.5,58.5,53.8
יוספטל,93.8,2022-04-28T00:00:00.000Z,93.8,56.3,58.5,58.5,53.8
יוספטל,93.8,2022-04-28T00:00:00.000Z,93.8,56.3,58.5,58.5,53.8
יוספטל,93.8,2022-04-28T00:00:00.000Z,93.8,56.3,58.5,58.5,53.8
יוספטל,93.8,2022-04-28T00:00:00.000Z,93.8,56.3,58.5,58.5,53.8
יוספטל,93.8,2022-04-28T00:00:00.000Z,93.8,56.3,58.5,58.5,53.8
יוספטל,93.8,2022-04-28T00:00:00.000Z,93.8,56.3,58.5,58.5,53.8
יוספטל,93.8,2022-04-28T00:00:00.000Z,93.8,56.3,58.5,58.5,53.8
שמיר,84.6,2022-04-28T00:00:00.000Z,84.6,86.1,72.5,72.5,71.4
שמיר,84.6,2022-04-28T00:00:00.000Z,84.6,86.1,72.5,72.5,71.4
שמיר,84.6,2022-04-28T00:00:00.000Z,84.6,86.1,72.5,72.5,71.4
שמיר,84.6,2022-04-28T00:00:00.000Z,84.6,86.1,72.5,72.5,71.4
שמיר,84.6,2022-04-28T00:00:00.000Z,84.6,86.1,72.5,72.5,71.4
שמיר,84.6,2022-04-28T00:00:00.000Z,84.6,86.1,72.5,72.5,71.4
שמיר,84.6,2022-04-28T00:00:00.000Z,84.6,86.1,72.5,72.5,71.4
שמיר,84.6,2022-04-28T00:00:00.000Z,84.6,86.1,72.5,72.5,71.4
שמיר,84.6,2022-04-28T00:00:00.000Z,84.6,86.1,72.5,72.5,71.4
שמיר,84.6,2022-04-28T00:00:00.000Z,84.6,86.1,72.5,72.5,71.4
שמיר,84.6,2022-04-28T00:00:00.000Z,84.6,86.1,72.5,72.5,71.4
פוריה,67.9,2022-04-28T00:00:00.000Z,67.9,62.8,78,78,73
פוריה,67.9,2022-04-28T00:00:00.000Z,67.9,62.8,78,78,73
פוריה,67.9,2022-04-28T00:00:00.000Z,67.9,62.8,78,78,73
פוריה,67.9,2022-04-28T00:00:00.000Z,67.9,62.8,78,78,73
פוריה,67.9,2022-04-28T00:00:00.000Z,67.9,62.8,78,78,73
פוריה,67.9,2022-04-28T00:00:00.000Z,67.9,62.8,78,78,73
פוריה,67.9,2022-04-28T00:00:00.000Z,67.9,62.8,78,78,73
פוריה,67.9,2022-04-28T00:00:00.000Z,67.9,62.8,78,78,73
פוריה,67.9,2022-04-28T00:00:00.000Z,67.9,62.8,78,78,73
פוריה,67.9,2022-04-28T00:00:00.000Z,67.9,62.8,78,78,73
פוריה,67.9,2022-04-28T00:00:00.000Z,67.9,62.8,78,78,73
פוריה,67.9,2022-04-28T00:00:00.000Z,67.9,62.8,78,78,73
פוריה,67.9,2022-04-28T00:00:00.000Z,67.9,62.8,78,78,73
פוריה,67.9,2022-04-28T00:00:00.000Z,67.9,62.8,78,78,73
פוריה,67.9,2022-04-28T00:00:00.000Z,67.9,62.8,78,78,73
פוריה,67.9,2022-04-28T00:00:00.000Z,67.9,62.8,78,78,73
פוריה,67.9,2022-04-28T00:00:00.000Z,67.9,62.8,78,78,73
פוריה,67.9,2022-04-28T00:00:00.000Z,67.9,62.8,78,78,73
פוריה,67.9,2022-04-28T00:00:00.000Z,67.9,62.8,78,78,73
פוריה,67.9,2022-04-28T00:00:00.000Z,67.9,62.8,78,78,73
פוריה,67.9,2022-04-28T00:00:00.000Z,67.9,62.8,78,78,73
פוריה,67.9,2022-04-28T00:00:00.000Z,67.9,62.8,78,78,73
פוריה,67.9,2022-04-28T00:00:00.000Z,67.9,62.8,78,78,73
פוריה,67.9,2022-04-28T00:00:00.000Z,67.9,62.8,78,78,73
פוריה,67.9,2022-04-28T00:00:00.000Z,67.9,62.8,78,78,73
פוריה,67.9,2022-04-28T00:00:00.000Z,67.9,62.8,78,78,73
פוריה,67.9,2022-04-28T00:00:00.000Z,67.9,62.8,78,78,73
פוריה,67.9,2022-04-28T00:00:00.000Z,67.9,62.8,78,78,73
פוריה,67.9,2022-04-28T00:00:00.000Z,67.9,62.8,78,78,73
פוריה,67.9,2022-04-28T00:00:00.000Z,67.9,62.8,78,78,73
פוריה,67.9,2022-04-28T00:00:00.000Z,67.9,62.8,78,78,73
פוריה,67.9,2022-04-28T00:00:00.000Z,67.9,62.8,78,78,73
רבין ק. בילינסון,111.5,2022-04-28T00:00:00.000Z,111.5,102.6,91.5,91.5,93.4
רבין ק. בילינסון,111.5,2022-04-28T00:00:00.000Z,111.5,102.6,91.5,91.5,93.4
רבין ק. בילינסון,111.5,2022-04-28T00:00:00.000Z,111.5,102.6,91.5,91.5,93.4
רבין ק. בילינסון,111.5,2022-04-28T00:00:00.000Z,111.5,102.6,91.5,91.5,93.4
רבין ק. בילינסון,111.5,2022-04-28T00:00:00.000Z,111.5,102.6,91.5,91.5,93.4
רבין ק. בילינסון,111.5,2022-04-28T00:00:00.000Z,111.5,102.6,91.5,91.5,93.4
רבין ק. בילינסון,111.5,2022-04-28T00:00:00.000Z,111.5,102.6,91.5,91.5,93.4
רבין ק. בילינסון,111.5,2022-04-28T00:00:00.000Z,111.5,102.6,91.5,91.5,93.4
רבין ק. בילינסון,111.5,2022-04-28T00:00:00.000Z,111.5,102.6,91.5,91.5,93.4
רבין ק. בילינסון,111.5,2022-04-28T00:00:00.000Z,111.5,102.6,91.5,91.5,93.4
רבין ק. בילינסון,111.5,2022-04-28T00:00:00.000Z,111.5,102.6,91.5,91.5,93.4
רבין ק. בילינסון,111.5,2022-04-28T00:00:00.000Z,111.5,102.6,91.5,91.5,93.4
רבין ק. בילינסון,111.5,2022-04-28T00:00:00.000Z,111.5,102.6,91.5,91.5,93.4
רבין ק. בילינסון,111.5,2022-04-28T00:00:00.000Z,111.5,102.6,91.5,91.5,93.4
רבין ק. בילינסון,111.5,2022-04-28T00:00:00.000Z,111.5,102.6,91.5,91.5,93.4
רבין ק. בילינסון,111.5,2022-04-28T00:00:00.000Z,111.5,102.6,91.5,91.5,93.4
רבין ק. בילינסון,111.5,2022-04-28T00:00:00.000Z,111.5,102.6,91.5,91.5,93.4
רבין ק. בילינסון,111.5,2022-04-28T00:00:00.000Z,111.5,102.6,91.5,91.5,93.4
רבין ק. בילינסון,111.5,2022-04-28T00:00:00.000Z,111.5,102.6,91.5,91.5,93.4
רבין ק. בילינסון,111.5,2022-04-28T00:00:00.000Z,111.5,102.6,91.5,91.5,93.4
רבין ק. בילינסון,111.5,2022-04-28T00:00:00.000Z,111.5,102.6,91.5,91.5,93.4
רבין ק. בילינסון,111.5,2022-04-28T00:00:00.000Z,111.5,102.6,91.5,91.5,93.4
רבין ק. בילינסון,111.5,2022-04-28T00:00:00.000Z,111.5,102.6,91.5,91.5,93.4
רבין ק. בילינסון,111.5,2022-04-28T00:00:00.000Z,111.5,102.6,91.5,91.5,93.4
רבין ק. בילינסון,111.5,2022-04-28T00:00:00.000Z,111.5,102.6,91.5,91.5,93.4
רבין ק. בילינסון,111.5,2022-04-28T00:00:00.000Z,111.5,102.6,91.5,91.5,93.4
רבין ק. בילינסון,111.5,2022-04-28T00:00:00.000Z,111.5,102.6,91.5,91.5,93.4
רבין ק. בילינסון,111.5,2022-04-28T00:00:00.000Z,111.5,102.6,91.5,91.5,93.4
רבין ק. בילינסון,111.5,2022-04-28T00:00:00.000Z,111.5,102.6,91.5,91.5,93.4
רבין ק. בילינסון,111.5,2022-04-28T00:00:00.000Z,111.5,102.6,91.5,91.5,93.4
רבין ק. בילינסון,111.5,2022-04-28T00:00:00.000Z,111.5,102.6,91.5,91.5,93.4
רבין ק. בילינסון,111.5,2022-04-28T00:00:00.000Z,111.5,102.6,91.5,91.5,93.4
רבין ק. בילינסון,111.5,2022-04-28T00:00:00.000Z,111.5,102.6,91.5,91.5,93.4
רבין ק. בילינסון,111.5,2022-04-28T00:00:00.000Z,111.5,102.6,91.5,91.5,93.4
רבין ק. בילינסון,111.5,2022-04-28T00:00:00.000Z,111.5,102.6,91.5,91.5,93.4
רבין ק. בילינסון,111.5,2022-04-28T00:00:00.000Z,111.5,102.6,91.5,91.5,93.4
רבין ק. בילינסון,111.5,2022-04-28T00:00:00.000Z,111.5,102.6,91.5,91.5,93.4
רבין ק. בילינסון,111.5,2022-04-28T00:00:00.000Z,111.5,102.6,91.5,91.5,93.4
רבין ק. בילינסון,111.5,2022-04-28T00:00:00.000Z,111.5,102.6,91.5,91.5,93.4
רבין ק. בילינסון,111.5,2022-04-28T00:00:00.000Z,111.5,102.6,91.5,91.5,93.4
רבין ק. בילינסון,111.5,2022-04-28T00:00:00.000Z,111.5,102.6,91.5,91.5,93.4
רבין ק. בילינסון,111.5,2022-04-28T00:00:00.000Z,111.5,102.6,91.5,91.5,93.4
רבין ק. בילינסון,111.5,2022-04-28T00:00:00.000Z,111.5,102.6,91.5,91.5,93.4
רבין ק. בילינסון,111.5,2022-04-28T00:00:00.000Z,111.5,102.6,91.5,91.5,93.4
רבין ק. בילינסון,111.5,2022-04-28T00:00:00.000Z,111.5,102.6,91.5,91.5,93.4
רבין ק. בילינסון,111.5,2022-04-28T00:00:00.000Z,111.5,102.6,91.5,91.5,93.4
רבין ק. בילינסון,111.5,2022-04-28T00:00:00.000Z,111.5,102.6,91.5,91.5,93.4
רבין ק. בילינסון,111.5,2022-04-28T00:00:00.000Z,111.5,102.6,91.5,91.5,93.4
רבין ק. בילינסון,111.5,2022-04-28T00:00:00.000Z,111.5,102.6,91.5,91.5,93.4
רבין ק. בילינסון,111.5,2022-04-28T00:00:00.000Z,111.5,102.6,91.5,91.5,93.4
רבין ק. בילינסון,111.5,2022-04-28T00:00:00.000Z,111.5,102.6,91.5,91.5,93.4
רבין ק. בילינסון,111.5,2022-04-28T00:00:00.000Z,111.5,102.6,91.5,91.5,93.4
רבין ק. בילינסון,111.5,2022-04-28T00:00:00.000Z,111.5,102.6,91.5,91.5,93.4
רבין ק. בילינסון,111.5,2022-04-28T00:00:00.000Z,111.5,102.6,91.5,91.5,93.4
רבין ק. בילינסון,111.5,2022-04-28T00:00:00.000Z,111.5,102.6,91.5,91.5,93.4
רבין ק. בילינסון,111.5,2022-04-28T00:00:00.000Z,111.5,102.6,91.5,91.5,93.4
רבין ק. בילינסון,111.5,2022-04-28T00:00:00.000Z,111.5,102.6,91.5,91.5,93.4
רבין ק. בילינסון,111.5,2022-04-28T00:00:00.000Z,111.5,102.6,91.5,91.5,93.4
רבין ק. בילינסון,111.5,2022-04-28T00:00:00.000Z,111.5,102.6,91.5,91.5,93.4
רבין ק. בילינסון,111.5,2022-04-28T00:00:00.000Z,111.5,102.6,91.5,91.5,93.4
רבין ק. בילינסון,111.5,2022-04-28T00:00:00.000Z,111.5,102.6,91.5,91.5,93.4
רבין ק. בילינסון,111.5,2022-04-28T00:00:00.000Z,111.5,102.6,91.5,91.5,93.4
רבין ק. בילינסון,111.5,2022-04-28T00:00:00.000Z,111.5,102.6,91.5,91.5,93.4
רבין ק. בילינסון,111.5,2022-04-28T00:00:00.000Z,111.5,102.6,91.5,91.5,93.4
הדסה הר הצופים,66.7,2022-04-28T00:00:00.000Z,77.8,91.7,81.3,85.8,85.8
הדסה הר הצופים,66.7,2022-04-28T00:00:00.000Z,76.2,89.3,81.3,85.1,84.8
הדסה הר הצופים,66.7,2022-04-28T00:00:00.000Z,74.6,86.9,81.3,84.5,83.8
הדסה הר הצופים,66.7,2022-04-28T00:00:00.000Z,66.7,75,81.3,81.3,78.8
הדסה הר הצופים,66.7,2022-04-28T00:00:00.000Z,66.7,75,81.3,81.3,78.8
הדסה הר הצופים,66.7,2022-04-28T00:00:00.000Z,66.7,75,81.3,81.3,78.8
הדסה הר הצופים,66.7,2022-04-28T00:00:00.000Z,66.7,75,81.3,81.3,78.8
הדסה הר הצופים,66.7,2022-04-28T00:00:00.000Z,66.7,75,81.3,81.3,78.8
הדסה הר הצופים,66.7,2022-04-28T00:00:00.000Z,66.7,75,81.3,81.3,78.8
הדסה הר הצופים,66.7,2022-04-28T00:00:00.000Z,66.7,75,81.3,81.3,78.8
הדסה הר הצופים,66.7,2022-04-28T00:00:00.000Z,66.7,75,81.3,81.3,78.8
הדסה הר הצופים,66.7,2022-04-28T00:00:00.000Z,66.7,75,81.3,81.3,78.8
הדסה הר הצופים,66.7,2022-04-28T00:00:00.000Z,66.7,75,81.3,81.3,78.8
הדסה הר הצופים,66.7,2022-04-28T00:00:00.000Z,66.7,75,81.3,81.3,78.8
הדסה הר הצופים,66.7,2022-04-28T00:00:00.000Z,66.7,75,81.3,81.3,78.8
הדסה הר הצופים,66.7,2022-04-28T00:00:00.000Z,66.7,75,81.3,81.3,78.8
הדסה הר הצופים,66.7,2022-04-28T00:00:00.000Z,66.7,75,81.3,81.3,78.8
הדסה הר הצופים,66.7,2022-04-28T00:00:00.000Z,66.7,75,81.3,81.3,78.8
הדסה הר הצופים,66.7,2022-04-28T00:00:00.000Z,66.7,75,81.3,81.3,78.8
הדסה הר הצופים,66.7,2022-04-28T00:00:00.000Z,66.7,75,81.3,81.3,78.8
הדסה הר הצופים,66.7,2022-04-28T00:00:00.000Z,66.7,75,81.3,81.3,78.8
הדסה הר הצופים,66.7,2022-04-28T00:00:00.000Z,66.7,75,81.3,81.3,78.8
הדסה הר הצופים,66.7,2022-04-28T00:00:00.000Z,66.7,75,81.3,81.3,78.8
הדסה הר הצופים,66.7,2022-04-28T00:00:00.000Z,66.7,75,81.3,81.3,78.8
הדסה הר הצופים,66.7,2022-04-28T00:00:00.000Z,66.7,75,81.3,81.3,78.8
הדסה הר הצופים,66.7,2022-04-28T00:00:00.000Z,66.7,75,81.3,81.3,78.8
הדסה הר הצופים,66.7,2022-04-28T00:00:00.000Z,66.7,75,81.3,81.3,78.8
הדסה הר הצופים,66.7,2022-04-28T00:00:00.000Z,66.7,75,81.3,81.3,78.8
הדסה הר הצופים,66.7,2022-04-28T00:00:00.000Z,66.7,75,81.3,81.3,78.8
הדסה הר הצופים,66.7,2022-04-28T00:00:00.000Z,66.7,75,81.3,81.3,78.8
הדסה הר הצופים,66.7,2022-04-28T00:00:00.000Z,66.7,75,81.3,81.3,78.8
הדסה הר הצופים,66.7,2022-04-28T00:00:00.000Z,66.7,75,81.3,81.3,78.8
הדסה הר הצופים,66.7,2022-04-28T00:00:00.000Z,66.7,75,81.3,81.3,78.8
הדסה הר הצופים,66.7,2022-04-28T00:00:00.000Z,66.7,75,81.3,81.3,78.8
הדסה הר הצופים,66.7,2022-04-28T00:00:00.000Z,66.7,75,81.3,81.3,78.8
הדסה הר הצופים,66.7,2022-04-28T00:00:00.000Z,66.7,75,81.3,81.3,78.8
הדסה הר הצופים,66.7,2022-04-28T00:00:00.000Z,66.7,75,81.3,81.3,78.8
הדסה הר הצופים,66.7,2022-04-28T00:00:00.000Z,66.7,75,81.3,81.3,78.8
הדסה הר הצופים,66.7,2022-04-28T00:00:00.000Z,66.7,75,81.3,81.3,78.8
הדסה הר הצופים,66.7,2022-04-28T00:00:00.000Z,66.7,75,81.3,81.3,78.8
הדסה הר הצופים,66.7,2022-04-28T00:00:00.000Z,66.7,75,81.3,81.3,78.8
הדסה הר הצופים,66.7,2022-04-28T00:00:00.000Z,66.7,75,81.3,81.3,78.8
הדסה הר הצופים,66.7,2022-04-28T00:00:00.000Z,66.7,75,81.3,81.3,78.8
הדסה הר הצופים,66.7,2022-04-28T00:00:00.000Z,66.7,75,81.3,81.3,78.8
הדסה הר הצופים,66.7,2022-04-28T00:00:00.000Z,66.7,75,81.3,81.3,78.8
הדסה הר הצופים,66.7,2022-04-28T00:00:00.000Z,66.7,75,81.3,81.3,78.8
הדסה הר הצופים,66.7,2022-04-28T00:00:00.000Z,66.7,75,81.3,81.3,78.8
הדסה הר הצופים,66.7,2022-04-28T00:00:00.000Z,66.7,75,81.3,81.3,78.8
הדסה הר הצופים,66.7,2022-04-28T00:00:00.000Z,66.7,75,81.3,81.3,78.8
הדסה הר הצופים,66.7,2022-04-28T00:00:00.000Z,66.7,75,81.3,81.3,78.8
הדסה הר הצופים,66.7,2022-04-28T00:00:00.000Z,66.7,75,81.3,81.3,78.8
הדסה הר הצופים,66.7,2022-04-28T00:00:00.000Z,66.7,75,81.3,81.3,78.8
הדסה הר הצופים,66.7,2022-04-28T00:00:00.000Z,66.7,75,81.3,81.3,78.8
הדסה הר הצופים,66.7,2022-04-28T00:00:00.000Z,66.7,75,81.3,81.3,78.8
הדסה הר הצופים,66.7,2022-04-28T00:00:00.000Z,66.7,75,81.3,81.3,78.8
הדסה הר הצופים,66.7,2022-04-28T00:00:00.000Z,66.7,75,81.3,81.3,78.8
הדסה הר הצופים,66.7,2022-04-28T00:00:00.000Z,66.7,75,81.3,81.3,78.8
הדסה הר הצופים,66.7,2022-04-28T00:00:00.000Z,66.7,75,81.3,81.3,78.8
הדסה הר הצופים,66.7,2022-04-28T00:00:00.000Z,66.7,75,81.3,81.3,78.8
הדסה הר הצופים,66.7,2022-04-28T00:00:00.000Z,66.7,75,81.3,81.3,78.8
הדסה הר הצופים,66.7,2022-04-28T00:00:00.000Z,66.7,75,81.3,81.3,78.8
הדסה הר הצופים,66.7,2022-04-28T00:00:00.000Z,66.7,75,81.3,81.3,78.8
הדסה הר הצופים,66.7,2022-04-28T00:00:00.000Z,66.7,75,81.3,81.3,78.8
הדסה הר הצופים,66.7,2022-04-28T00:00:00.000Z,66.7,75,81.3,81.3,78.8
הדסה הר הצופים,66.7,2022-04-28T00:00:00.000Z,66.7,75,81.3,81.3,78.8
הדסה הר הצופים,66.7,2022-04-28T00:00:00.000Z,66.7,75,81.3,81.3,78.8
הדסה הר הצופים,66.7,2022-04-28T00:00:00.000Z,66.7,75,81.3,81.3,78.8
הדסה הר הצופים,66.7,2022-04-28T00:00:00.000Z,66.7,75,81.3,81.3,78.8
הדסה הר הצופים,66.7,2022-04-28T00:00:00.000Z,66.7,75,81.3,81.3,78.8
הדסה הר הצופים,66.7,2022-04-28T00:00:00.000Z,66.7,75,81.3,81.3,78.8
הדסה הר הצופים,66.7,2022-04-28T00:00:00.000Z,66.7,75,81.3,81.3,78.8
הדסה הר הצופים,66.7,2022-04-28T00:00:00.000Z,66.7,75,81.3,81.3,78.8
הדסה הר הצופים,66.7,2022-04-28T00:00:00.000Z,66.7,75,81.3,81.3,78.8
הדסה הר הצופים,66.7,2022-04-28T00:00:00.000Z,66.7,75,81.3,81.3,78.8
הדסה הר הצופים,66.7,2022-04-28T00:00:00.000Z,66.7,75,81.3,81.3,78.8
הדסה הר הצופים,66.7,2022-04-28T00:00:00.000Z,66.7,75,81.3,81.3,78.8
הדסה הר הצופים,66.7,2022-04-28T00:00:00.000Z,66.7,75,81.3,81.3,78.8
הדסה הר הצופים,66.7,2022-04-28T00:00:00.000Z,66.7,75,81.3,81.3,78.8
הדסה הר הצופים,66.7,2022-04-28T00:00:00.000Z,66.7,75,81.3,81.3,78.8
הדסה הר הצופים,66.7,2022-04-28T00:00:00.000Z,66.7,75,81.3,81.3,78.8
הדסה הר הצופים,66.7,2022-04-28T00:00:00.000Z,66.7,75,81.3,81.3,78.8
הדסה הר הצופים,66.7,2022-04-28T00:00:00.000Z,66.7,75,81.3,81.3,78.8
הדסה הר הצופים,66.7,2022-04-28T00:00:00.000Z,66.7,75,81.3,81.3,78.8
הדסה הר הצופים,66.7,2022-04-28T00:00:00.000Z,66.7,75,81.3,81.3,78.8
הדסה הר הצופים,66.7,2022-04-28T00:00:00.000Z,66.7,75,81.3,81.3,78.8
הדסה הר הצופים,66.7,2022-04-28T00:00:00.000Z,66.7,75,81.3,81.3,78.8
הדסה הר הצופים,66.7,2022-04-28T00:00:00.000Z,66.7,75,81.3,81.3,78.8
הדסה הר הצופים,66.7,2022-04-28T00:00:00.000Z,66.7,75,81.3,81.3,78.8
הדסה הר הצופים,66.7,2022-04-28T00:00:00.000Z,66.7,75,81.3,81.3,78.8
הדסה הר הצופים,66.7,2022-04-28T00:00:00.000Z,66.7,75,81.3,81.3,78.8
הדסה הר הצופים,66.7,2022-04-28T00:00:00.000Z,66.7,75,81.3,81.3,78.8
הדסה הר הצופים,66.7,2022-04-28T00:00:00.000Z,66.7,75,81.3,81.3,78.8
הדסה הר הצופים,66.7,2022-04-28T00:00:00.000Z,66.7,75,81.3,81.3,78.8
הדסה הר הצופים,66.7,2022-04-28T00:00:00.000Z,66.7,75,81.3,81.3,78.8
הדסה הר הצופים,66.7,2022-04-28T00:00:00.000Z,66.7,75,81.3,81.3,78.8
הדסה הר הצופים,66.7,2022-04-28T00:00:00.000Z,66.7,75,81.3,81.3,78.8
הדסה הר הצופים,66.7,2022-04-28T00:00:00.000Z,66.7,75,81.3,81.3,78.8
הדסה הר הצופים,66.7,2022-04-28T00:00:00.000Z,66.7,75,81.3,81.3,78.8
הדסה הר הצופים,66.7,2022-04-28T00:00:00.000Z,66.7,75,81.3,81.3,78.8
הדסה הר הצופים,66.7,2022-04-28T00:00:00.000Z,66.7,75,81.3,81.3,78.8
הדסה הר הצופים,66.7,2022-04-28T00:00:00.000Z,66.7,75,81.3,81.3,78.8
הדסה הר הצופים,66.7,2022-04-28T00:00:00.000Z,66.7,75,81.3,81.3,78.8
הדסה הר הצופים,66.7,2022-04-28T00:00:00.000Z,66.7,75,81.3,81.3,78.8
הדסה הר הצופים,66.7,2022-04-28T00:00:00.000Z,66.7,75,81.3,81.3,78.8
הדסה הר הצופים,66.7,2022-04-28T00:00:00.000Z,66.7,75,81.3,81.3,78.8
הדסה הר הצופים,66.7,2022-04-28T00:00:00.000Z,66.7,75,81.3,81.3,78.8
הדסה הר הצופים,66.7,2022-04-28T00:00:00.000Z,66.7,75,81.3,81.3,78.8
הדסה הר הצופים,66.7,2022-04-28T00:00:00.000Z,66.7,75,81.3,81.3,78.8
הדסה הר הצופים,66.7,2022-04-28T00:00:00.000Z,66.7,75,81.3,81.3,78.8
הדסה הר הצופים,66.7,2022-04-28T00:00:00.000Z,66.7,75,81.3,81.3,78.8
הדסה הר הצופים,66.7,2022-04-28T00:00:00.000Z,66.7,75,81.3,81.3,78.8
הדסה הר הצופים,66.7,2022-04-28T00:00:00.000Z,66.7,75,81.3,81.3,78.8
הדסה הר הצופים,66.7,2022-04-28T00:00:00.000Z,66.7,75,81.3,81.3,78.8
הדסה הר הצופים,66.7,2022-04-28T00:00:00.000Z,66.7,75,81.3,81.3,78.8
הדסה הר הצופים,66.7,2022-04-28T00:00:00.000Z,66.7,75,81.3,81.3,78.8
הדסה הר הצופים,66.7,2022-04-28T00:00:00.000Z,66.7,75,81.3,81.3,78.8
הדסה הר הצופים,66.7,2022-04-28T00:00:00.000Z,66.7,75,81.3,81.3,78.8
הדסה הר הצופים,66.7,2022-04-28T00:00:00.000Z,66.7,75,81.3,81.3,78.8
מאיר,67.5,2022-04-28T00:00:00.000Z,64,71,76.1,75.6,80.8
מאיר,67.5,2022-04-28T00:00:00.000Z,64.5,70.9,76.1,75.7,81.1
מאיר,67.5,2022-04-28T00:00:00.000Z,65,70.9,76.1,75.7,81.3
מאיר,67.5,2022-04-28T00:00:00.000Z,65.5,70.8,76.1,75.8,81.5
מאיר,67.5,2022-04-28T00:00:00.000Z,66,70.7,76.1,75.9,81.7
מאיר,67.5,2022-04-28T00:00:00.000Z,66.5,70.6,76.1,75.9,82
מאיר,67.5,2022-04-28T00:00:00.000Z,67,70.6,76.1,76,82.2
מאיר,67.5,2022-04-28T00:00:00.000Z,67.5,70.5,76.1,76.1,82.4
מאיר,67.5,2022-04-28T00:00:00.000Z,67.5,70.5,76.1,76.1,82.4
מאיר,67.5,2022-04-28T00:00:00.000Z,67.5,70.5,76.1,76.1,82.4
מאיר,67.5,2022-04-28T00:00:00.000Z,67.5,70.5,76.1,76.1,82.4
מאיר,67.5,2022-04-28T00:00:00.000Z,67.5,70.5,76.1,76.1,82.4
מאיר,67.5,2022-04-28T00:00:00.000Z,67.5,70.5,76.1,76.1,82.4
מאיר,67.5,2022-04-28T00:00:00.000Z,67.5,70.5,76.1,76.1,82.4
מאיר,67.5,2022-04-28T00:00:00.000Z,67.5,70.5,76.1,76.1,82.4
מאיר,67.5,2022-04-28T00:00:00.000Z,67.5,70.5,76.1,76.1,82.4
מאיר,67.5,2022-04-28T00:00:00.000Z,67.5,70.5,76.1,76.1,82.4
מאיר,67.5,2022-04-28T00:00:00.000Z,67.5,70.5,76.1,76.1,82.4
מאיר,67.5,2022-04-28T00:00:00.000Z,67.5,70.5,76.1,76.1,82.4
מאיר,67.5,2022-04-28T00:00:00.000Z,67.5,70.5,76.1,76.1,82.4
מאיר,67.5,2022-04-28T00:00:00.000Z,67.5,70.5,76.1,76.1,82.4
מאיר,67.5,2022-04-28T00:00:00.000Z,67.5,70.5,76.1,76.1,82.4
מאיר,67.5,2022-04-28T00:00:00.000Z,67.5,70.5,76.1,76.1,82.4
מאיר,67.5,2022-04-28T00:00:00.000Z,67.5,70.5,76.1,76.1,82.4
מאיר,67.5,2022-04-28T00:00:00.000Z,67.5,70.5,76.1,76.1,82.4
מאיר,67.5,2022-04-28T00:00:00.000Z,67.5,70.5,76.1,76.1,82.4
מאיר,67.5,2022-04-28T00:00:00.000Z,67.5,70.5,76.1,76.1,82.4
מאיר,67.5,2022-04-28T00:00:00.000Z,67.5,70.5,76.1,76.1,82.4
מאיר,67.5,2022-04-28T00:00:00.000Z,67.5,70.5,76.1,76.1,82.4
מאיר,67.5,2022-04-28T00:00:00.000Z,67.5,70.5,76.1,76.1,82.4
מאיר,67.5,2022-04-28T00:00:00.000Z,67.5,70.5,76.1,76.1,82.4
מאיר,67.5,2022-04-28T00:00:00.000Z,67.5,70.5,76.1,76.1,82.4
מאיר,67.5,2022-04-28T00:00:00.000Z,67.5,70.5,76.1,76.1,82.4
מאיר,67.5,2022-04-28T00:00:00.000Z,67.5,70.5,76.1,76.1,82.4
מאיר,67.5,2022-04-28T00:00:00.000Z,67.5,70.5,76.1,76.1,82.4
מאיר,67.5,2022-04-28T00:00:00.000Z,67.5,70.5,76.1,76.1,82.4
מאיר,67.5,2022-04-28T00:00:00.000Z,67.5,70.5,76.1,76.1,82.4
מאיר,67.5,2022-04-28T00:00:00.000Z,67.5,70.5,76.1,76.1,82.4
מאיר,67.5,2022-04-28T00:00:00.000Z,67.5,70.5,76.1,76.1,82.4
מאיר,67.5,2022-04-28T00:00:00.000Z,67.5,70.5,76.1,76.1,82.4
מאיר,67.5,2022-04-28T00:00:00.000Z,67.5,70.5,76.1,76.1,82.4
מאיר,67.5,2022-04-28T00:00:00.000Z,67.5,70.5,76.1,76.1,82.4
מאיר,67.5,2022-04-28T00:00:00.000Z,67.5,70.5,76.1,76.1,82.4
מאיר,67.5,2022-04-28T00:00:00.000Z,67.5,70.5,76.1,76.1,82.4
מאיר,67.5,2022-04-28T00:00:00.000Z,67.5,70.5,76.1,76.1,82.4
מאיר,67.5,2022-04-28T00:00:00.000Z,67.5,70.5,76.1,76.1,82.4
מאיר,67.5,2022-04-28T00:00:00.000Z,67.5,70.5,76.1,76.1,82.4
מאיר,67.5,2022-04-28T00:00:00.000Z,67.5,70.5,76.1,76.1,82.4
מאיר,67.5,2022-04-28T00:00:00.000Z,67.5,70.5,76.1,76.1,82.4
מאיר,67.5,2022-04-28T00:00:00.000Z,67.5,70.5,76.1,76.1,82.4
מאיר,67.5,2022-04-28T00:00:00.000Z,67.5,70.5,76.1,76.1,82.4
מאיר,67.5,2022-04-28T00:00:00.000Z,67.5,70.5,76.1,76.1,82.4
מאיר,67.5,2022-04-28T00:00:00.000Z,67.5,70.5,76.1,76.1,82.4
מאיר,67.5,2022-04-28T00:00:00.000Z,67.5,70.5,76.1,76.1,82.4
מאיר,67.5,2022-04-28T00:00:00.000Z,67.5,70.5,76.1,76.1,82.4
מאיר,67.5,2022-04-28T00:00:00.000Z,67.5,70.5,76.1,76.1,82.4
מאיר,67.5,2022-04-28T00:00:00.000Z,67.5,70.5,76.1,76.1,82.4
מאיר,67.5,2022-04-28T00:00:00.000Z,67.5,70.5,76.1,76.1,82.4
מאיר,67.5,2022-04-28T00:00:00.000Z,67.5,70.5,76.1,76.1,82.4
מאיר,67.5,2022-04-28T00:00:00.000Z,67.5,70.5,76.1,76.1,82.4
מאיר,67.5,2022-04-28T00:00:00.000Z,67.5,70.5,76.1,76.1,82.4
מאיר,67.5,2022-04-28T00:00:00.000Z,67.5,70.5,76.1,76.1,82.4
מאיר,67.5,2022-04-28T00:00:00.000Z,67.5,70.5,76.1,76.1,82.4
מאיר,67.5,2022-04-28T00:00:00.000Z,67.5,70.5,76.1,76.1,82.4
מאיר,67.5,2022-04-28T00:00:00.000Z,67.5,70.5,76.1,76.1,82.4
מאיר,67.5,2022-04-28T00:00:00.000Z,67.5,70.5,76.1,76.1,82.4
מאיר,67.5,2022-04-28T00:00:00.000Z,67.5,70.5,76.1,76.1,82.4
מאיר,67.5,2022-04-28T00:00:00.000Z,67.5,70.5,76.1,76.1,82.4
מאיר,67.5,2022-04-28T00:00:00.000Z,67.5,70.5,76.1,76.1,82.4
מאיר,67.5,2022-04-28T00:00:00.000Z,67.5,70.5,76.1,76.1,82.4
מאיר,67.5,2022-04-28T00:00:00.000Z,67.5,70.5,76.1,76.1,82.4
מאיר,67.5,2022-04-28T00:00:00.000Z,67.5,70.5,76.1,76.1,82.4
מאיר,67.5,2022-04-28T00:00:00.000Z,67.5,70.5,76.1,76.1,82.4
מאיר,67.5,2022-04-28T00:00:00.000Z,67.5,70.5,76.1,76.1,82.4
מאיר,67.5,2022-04-28T00:00:00.000Z,67.5,70.5,76.1,76.1,82.4
מאיר,67.5,2022-04-28T00:00:00.000Z,67.5,70.5,76.1,76.1,82.4
מאיר,67.5,2022-04-28T00:00:00.000Z,67.5,70.5,76.1,76.1,82.4
מאיר,67.5,2022-04-28T00:00:00.000Z,67.5,70.5,76.1,76.1,82.4
מאיר,67.5,2022-04-28T00:00:00.000Z,67.5,70.5,76.1,76.1,82.4
מאיר,67.5,2022-04-28T00:00:00.000Z,67.5,70.5,76.1,76.1,82.4
מאיר,67.5,2022-04-28T00:00:00.000Z,67.5,70.5,76.1,76.1,82.4
מאיר,67.5,2022-04-28T00:00:00.000Z,67.5,70.5,76.1,76.1,82.4
מאיר,67.5,2022-04-28T00:00:00.000Z,67.5,70.5,76.1,76.1,82.4
מאיר,67.5,2022-04-28T00:00:00.000Z,67.5,70.5,76.1,76.1,82.4
מאיר,67.5,2022-04-28T00:00:00.000Z,67.5,70.5,76.1,76.1,82.4
מאיר,67.5,2022-04-28T00:00:00.000Z,67.5,70.5,76.1,76.1,82.4
מאיר,67.5,2022-04-28T00:00:00.000Z,67.5,70.5,76.1,76.1,82.4
מאיר,67.5,2022-04-28T00:00:00.000Z,67.5,70.5,76.1,76.1,82.4
מאיר,67.5,2022-04-28T00:00:00.000Z,67.5,70.5,76.1,76.1,82.4
מאיר,67.5,2022-04-28T00:00:00.000Z,67.5,70.5,76.1,76.1,82.4
מאיר,67.5,2022-04-28T00:00:00.000Z,67.5,70.5,76.1,76.1,82.4
מאיר,67.5,2022-04-28T00:00:00.000Z,67.5,70.5,76.1,76.1,82.4
מאיר,67.5,2022-04-28T00:00:00.000Z,67.5,70.5,76.1,76.1,82.4
מאיר,67.5,2022-04-28T00:00:00.000Z,67.5,70.5,76.1,76.1,82.4
מאיר,67.5,2022-04-28T00:00:00.000Z,67.5,70.5,76.1,76.1,82.4
מאיר,67.5,2022-04-28T00:00:00.000Z,67.5,70.5,76.1,76.1,82.4
מאיר,67.5,2022-04-28T00:00:00.000Z,67.5,70.5,76.1,76.1,82.4
מאיר,67.5,2022-04-28T00:00:00.000Z,67.5,70.5,76.1,76.1,82.4
מאיר,67.5,2022-04-28T00:00:00.000Z,67.5,70.5,76.1,76.1,82.4
מאיר,67.5,2022-04-28T00:00:00.000Z,67.5,70.5,76.1,76.1,82.4
מאיר,67.5,2022-04-28T00:00:00.000Z,67.5,70.5,76.1,76.1,82.4
מאיר,67.5,2022-04-28T00:00:00.000Z,67.5,70.5,76.1,76.1,82.4
מאיר,67.5,2022-04-28T00:00:00.000Z,67.5,70.5,76.1,76.1,82.4
מאיר,67.5,2022-04-28T00:00:00.000Z,67.5,70.5,76.1,76.1,82.4
מאיר,67.5,2022-04-28T00:00:00.000Z,67.5,70.5,76.1,76.1,82.4
מאיר,67.5,2022-04-28T00:00:00.000Z,67.5,70.5,76.1,76.1,82.4
מאיר,67.5,2022-04-28T00:00:00.000Z,67.5,70.5,76.1,76.1,82.4
מאיר,67.5,2022-04-28T00:00:00.000Z,67.5,70.5,76.1,76.1,82.4
מאיר,67.5,2022-04-28T00:00:00.000Z,67.5,70.5,76.1,76.1,82.4
מאיר,67.5,2022-04-28T00:00:00.000Z,67.5,70.5,76.1,76.1,82.4
מאיר,67.5,2022-04-28T00:00:00.000Z,67.5,70.5,76.1,76.1,82.4
מאיר,67.5,2022-04-28T00:00:00.000Z,67.5,70.5,76.1,76.1,82.4
מאיר,67.5,2022-04-28T00:00:00.000Z,67.5,70.5,76.1,76.1,82.4
מאיר,67.5,2022-04-28T00:00:00.000Z,67.5,70.5,76.1,76.1,82.4
מאיר,67.5,2022-04-28T00:00:00.000Z,67.5,70.5,76.1,76.1,82.4
מאיר,67.5,2022-04-28T00:00:00.000Z,67.5,70.5,76.1,76.1,82.4
מאיר,67.5,2022-04-28T00:00:00.000Z,67.5,70.5,76.1,76.1,82.4
מאיר,67.5,2022-04-28T00:00:00.000Z,67.5,70.5,76.1,76.1,82.4
מאיר,67.5,2022-04-28T00:00:00.000Z,67.5,70.5,76.1,76.1,82.4
מאיר,67.5,2022-04-28T00:00:00.000Z,67.5,70.5,76.1,76.1,82.4
מאיר,67.5,2022-04-28T00:00:00.000Z,67.5,70.5,76.1,76.1,82.4
מאיר,67.5,2022-04-28T00:00:00.000Z,67.5,70.5,76.1,76.1,82.4
מאיר,67.5,2022-04-28T00:00:00.000Z,67.5,70.5,76.1,76.1,82.4
מאיר,67.5,2022-04-28T00:00:00.000Z,67.5,70.5,76.1,76.1,82.4
מאיר,67.5,2022-04-28T00:00:00.000Z,67.5,70.5,76.1,76.1,82.4
מאיר,67.5,2022-04-28T00:00:00.000Z,67.5,70.5,76.1,76.1,82.4
מאיר,67.5,2022-04-28T00:00:00.000Z,67.5,70.5,76.1,76.1,82.4
מאיר,67.5,2022-04-28T00:00:00.000Z,67.5,70.5,76.1,76.1,82.4
מאיר,67.5,2022-04-28T00:00:00.000Z,67.5,70.5,76.1,76.1,82.4
מאיר,67.5,2022-04-28T00:00:00.000Z,67.5,70.5,76.1,76.1,82.4
מאיר,67.5,2022-04-28T00:00:00.000Z,67.5,70.5,76.1,76.1,82.4
מאיר,67.5,2022-04-28T00:00:00.000Z,67.5,70.5,76.1,76.1,82.4
מאיר,67.5,2022-04-28T00:00:00.000Z,67.5,70.5,76.1,76.1,82.4
מאיר,67.5,2022-04-28T00:00:00.000Z,67.5,70.5,76.1,76.1,82.4
מאיר,67.5,2022-04-28T00:00:00.000Z,67.5,70.5,76.1,76.1,82.4
מאיר,67.5,2022-04-28T00:00:00.000Z,67.5,70.5,76.1,76.1,82.4
מאיר,67.5,2022-04-28T00:00:00.000Z,67.5,70.5,76.1,76.1,82.4
מאיר,67.5,2022-04-28T00:00:00.000Z,67.5,70.5,76.1,76.1,82.4
מאיר,67.5,2022-04-28T00:00:00.000Z,67.5,70.5,76.1,76.1,82.4
מאיר,67.5,2022-04-28T00:00:00.000Z,67.5,70.5,76.1,76.1,82.4
מאיר,67.5,2022-04-28T00:00:00.000Z,67.5,70.5,76.1,76.1,82.4
מאיר,67.5,2022-04-28T00:00:00.000Z,67.5,70.5,76.1,76.1,82.4
מאיר,67.5,2022-04-28T00:00:00.000Z,67.5,70.5,76.1,76.1,82.4
מאיר,67.5,2022-04-28T00:00:00.000Z,67.5,70.5,76.1,76.1,82.4
מאיר,67.5,2022-04-28T00:00:00.000Z,67.5,70.5,76.1,76.1,82.4
מאיר,67.5,2022-04-28T00:00:00.000Z,67.5,70.5,76.1,76.1,82.4
מאיר,67.5,2022-04-28T00:00:00.000Z,67.5,70.5,76.1,76.1,82.4
מאיר,67.5,2022-04-28T00:00:00.000Z,67.5,70.5,76.1,76.1,82.4
מאיר,67.5,2022-04-28T00:00:00.000Z,67.5,70.5,76.1,76.1,82.4
מאיר,67.5,2022-04-28T00:00:00.000Z,67.5,70.5,76.1,76.1,82.4
מאיר,67.5,2022-04-28T00:00:00.000Z,67.5,70.5,76.1,76.1,82.4
מאיר,67.5,2022-04-28T00:00:00.000Z,67.5,70.5,76.1,76.1,82.4
מאיר,67.5,2022-04-28T00:00:00.000Z,67.5,70.5,76.1,76.1,82.4
מאיר,67.5,2022-04-28T00:00:00.000Z,67.5,70.5,76.1,76.1,82.4
מאיר,67.5,2022-04-28T00:00:00.000Z,67.5,70.5,76.1,76.1,82.4
מאיר,67.5,2022-04-28T00:00:00.000Z,67.5,70.5,76.1,76.1,82.4
מאיר,67.5,2022-04-28T00:00:00.000Z,67.5,70.5,76.1,76.1,82.4
מאיר,67.5,2022-04-28T00:00:00.000Z,67.5,70.5,76.1,76.1,82.4
מאיר,67.5,2022-04-28T00:00:00.000Z,67.5,70.5,76.1,76.1,82.4
מאיר,67.5,2022-04-28T00:00:00.000Z,67.5,70.5,76.1,76.1,82.4
מאיר,67.5,2022-04-28T00:00:00.000Z,67.5,70.5,76.1,76.1,82.4
מאיר,67.5,2022-04-28T00:00:00.000Z,67.5,70.5,76.1,76.1,82.4
מאיר,67.5,2022-04-28T00:00:00.000Z,67.5,70.5,76.1,76.1,82.4
מאיר,67.5,2022-04-28T00:00:00.000Z,67.5,70.5,76.1,76.1,82.4
מאיר,67.5,2022-04-28T00:00:00.000Z,67.5,70.5,76.1,76.1,82.4
מאיר,67.5,2022-04-28T00:00:00.000Z,67.5,70.5,76.1,76.1,82.4
מאיר,67.5,2022-04-28T00:00:00.000Z,67.5,70.5,76.1,76.1,82.4
מאיר,67.5,2022-04-28T00:00:00.000Z,67.5,70.5,76.1,76.1,82.4
מאיר,67.5,2022-04-28T00:00:00.000Z,67.5,70.5,76.1,76.1,82.4
מאיר,67.5,2022-04-28T00:00:00.000Z,67.5,70.5,76.1,76.1,82.4
מאיר,67.5,2022-04-28T00:00:00.000Z,67.5,70.5,76.1,76.1,82.4
מאיר,67.5,2022-04-28T00:00:00.000Z,67.5,70.5,76.1,76.1,82.4
מאיר,67.5,2022-04-28T00:00:00.000Z,67.5,70.5,76.1,76.1,82.4
מאיר,67.5,2022-04-28T00:00:00.000Z,67.5,70.5,76.1,76.1,82.4
מאיר,67.5,2022-04-28T00:00:00.000Z,67.5,70.5,76.1,76.1,82.4
מאיר,67.5,2022-04-28T00:00:00.000Z,67.5,70.5,76.1,76.1,82.4
מאיר,67.5,2022-04-28T00:00:00.000Z,67.5,70.5,76.1,76.1,82.4
מאיר,67.5,2022-04-28T00:00:00.000Z,67.5,70.5,76.1,76.1,82.4
מאיר,67.5,2022-04-28T00:00:00.000Z,67.5,70.5,76.1,76.1,82.4
מאיר,67.5,2022-04-28T00:00:00.000Z,67.5,70.5,76.1,76.1,82.4
מאיר,67.5,2022-04-28T00:00:00.000Z,67.5,70.5,76.1,76.1,82.4
מאיר,67.5,2022-04-28T00:00:00.000Z,67.5,70.5,76.1,76.1,82.4
מאיר,67.5,2022-04-28T00:00:00.000Z,67.5,70.5,76.1,76.1,82.4
מאיר,67.5,2022-04-28T00:00:00.000Z,67.5,70.5,76.1,76.1,82.4
מאיר,67.5,2022-04-28T00:00:00.000Z,67.5,70.5,76.1,76.1,82.4
מאיר,67.5,2022-04-28T00:00:00.000Z,67.5,70.5,76.1,76.1,82.4
מאיר,67.5,2022-04-28T00:00:00.000Z,67.5,70.5,76.1,76.1,82.4
מאיר,67.5,2022-04-28T00:00:00.000Z,67.5,70.5,76.1,76.1,82.4
מאיר,67.5,2022-04-28T00:00:00.000Z,67.5,70.5,76.1,76.1,82.4
מאיר,67.5,2022-04-28T00:00:00.000Z,67.5,70.5,76.1,76.1,82.4
מאיר,67.5,2022-04-28T00:00:00.000Z,67.5,70.5,76.1,76.1,82.4
מאיר,67.5,2022-04-28T00:00:00.000Z,67.5,70.5,76.1,76.1,82.4
מאיר,67.5,2022-04-28T00:00:00.000Z,67.5,70.5,76.1,76.1,82.4
מאיר,67.5,2022-04-28T00:00:00.000Z,67.5,70.5,76.1,76.1,82.4
מאיר,67.5,2022-04-28T00:00:00.000Z,67.5,70.5,76.1,76.1,82.4
מאיר,67.5,2022-04-28T00:00:00.000Z,67.5,70.5,76.1,76.1,82.4
מאיר,67.5,2022-04-28T00:00:00.000Z,67.5,70.5,76.1,76.1,82.4
מאיר,67.5,2022-04-28T00:00:00.000Z,67.5,70.5,76.1,76.1,82.4
מאיר,67.5,2022-04-28T00:00:00.000Z,67.5,70.5,76.1,76.1,82.4
מאיר,67.5,2022-04-28T00:00:00.000Z,67.5,70.5,76.1,76.1,82.4
מאיר,67.5,2022-04-28T00:00:00.000Z,67.5,70.5,76.1,76.1,82.4
מאיר,67.5,2022-04-28T00:00:00.000Z,67.5,70.5,76.1,76.1,82.4
מאיר,67.5,2022-04-28T00:00:00.000Z,67.5,70.5,76.1,76.1,82.4
מאיר,67.5,2022-04-28T00:00:00.000Z,67.5,70.5,76.1,76.1,82.4
מאיר,67.5,2022-04-28T00:00:00.000Z,67.5,70.5,76.1,76.1,82.4
מאיר,67.5,2022-04-28T00:00:00.000Z,67.5,70.5,76.1,76.1,82.4
מאיר,67.5,2022-04-28T00:00:00.000Z,67.5,70.5,76.1,76.1,82.4
מאיר,67.5,2022-04-28T00:00:00.000Z,67.5,70.5,76.1,76.1,82.4
מאיר,67.5,2022-04-28T00:00:00.000Z,67.5,70.5,76.1,76.1,82.4
מאיר,67.5,2022-04-28T00:00:00.000Z,67.5,70.5,76.1,76.1,82.4
מאיר,67.5,2022-04-28T00:00:00.000Z,67.5,70.5,76.1,76.1,82.4
מאיר,67.5,2022-04-28T00:00:00.000Z,67.5,70.5,76.1,76.1,82.4
מאיר,67.5,2022-04-28T00:00:00.000Z,67.5,70.5,76.1,76.1,82.4
מאיר,67.5,2022-04-28T00:00:00.000Z,67.5,70.5,76.1,76.1,82.4
מאיר,67.5,2022-04-28T00:00:00.000Z,67.5,70.5,76.1,76.1,82.4
מאיר,67.5,2022-04-28T00:00:00.000Z,67.5,70.5,76.1,76.1,82.4
מאיר,67.5,2022-04-28T00:00:00.000Z,67.5,70.5,76.1,76.1,82.4
מאיר,67.5,2022-04-28T00:00:00.000Z,67.5,70.5,76.1,76.1,82.4
מאיר,67.5,2022-04-28T00:00:00.000Z,67.5,70.5,76.1,76.1,82.4
מאיר,67.5,2022-04-28T00:00:00.000Z,67.5,70.5,76.1,76.1,82.4
מאיר,67.5,2022-04-28T00:00:00.000Z,67.5,70.5,76.1,76.1,82.4
מאיר,67.5,2022-04-28T00:00:00.000Z,67.5,70.5,76.1,76.1,82.4
מאיר,67.5,2022-04-28T00:00:00.000Z,67.5,70.5,76.1,76.1,82.4
מאיר,67.5,2022-04-28T00:00:00.000Z,67.5,70.5,76.1,76.1,82.4
מאיר,67.5,2022-04-28T00:00:00.000Z,67.5,70.5,76.1,76.1,82.4
מאיר,67.5,2022-04-28T00:00:00.000Z,67.5,70.5,76.1,76.1,82.4
מאיר,67.5,2022-04-28T00:00:00.000Z,67.5,70.5,76.1,76.1,82.4
מאיר,67.5,2022-04-28T00:00:00.000Z,67.5,70.5,76.1,76.1,82.4
מאיר,67.5,2022-04-28T00:00:00.000Z,67.5,70.5,76.1,76.1,82.4
מאיר,67.5,2022-04-28T00:00:00.000Z,67.5,70.5,76.1,76.1,82.4
מאיר,67.5,2022-04-28T00:00:00.000Z,67.5,70.5,76.1,76.1,82.4
מאיר,67.5,2022-04-28T00:00:00.000Z,67.5,70.5,76.1,76.1,82.4
סורוקה,59.7,2022-04-28T00:00:00.000Z,59.7,68.6,68.4,68.4,75.8
סורוקה,59.7,2022-04-28T00:00:00.000Z,59.7,68.6,68.4,68.4,75.8
סורוקה,59.7,2022-04-28T00:00:00.000Z,59.7,68.6,68.4,68.4,75.8
סורוקה,59.7,2022-04-28T00:00:00.000Z,59.7,68.6,68.4,68.4,75.8
סורוקה,59.7,2022-04-28T00:00:00.000Z,59.7,68.6,68.4,68.4,75.8
סורוקה,59.7,2022-04-28T00:00:00.000Z,59.7,68.6,68.4,68.4,75.8
סורוקה,59.7,2022-04-28T00:00:00.000Z,59.7,68.6,68.4,68.4,75.8
סורוקה,59.7,2022-04-28T00:00:00.000Z,59.7,68.6,68.4,68.4,75.8
סורוקה,59.7,2022-04-28T00:00:00.000Z,59.7,68.6,68.4,68.4,75.8
סורוקה,59.7,2022-04-28T00:00:00.000Z,59.7,68.6,68.4,68.4,75.8
סורוקה,59.7,2022-04-28T00:00:00.000Z,59.7,68.6,68.4,68.4,75.8
סורוקה,59.7,2022-04-28T00:00:00.000Z,59.7,68.6,68.4,68.4,75.8
סורוקה,59.7,2022-04-28T00:00:00.000Z,59.7,68.6,68.4,68.4,75.8
סורוקה,59.7,2022-04-28T00:00:00.000Z,59.7,68.6,68.4,68.4,75.8
סורוקה,59.7,2022-04-28T00:00:00.000Z,59.7,68.6,68.4,68.4,75.8
סורוקה,59.7,2022-04-28T00:00:00.000Z,59.7,68.6,68.4,68.4,75.8
סורוקה,59.7,2022-04-28T00:00:00.000Z,59.7,68.6,68.4,68.4,75.8
סורוקה,59.7,2022-04-28T00:00:00.000Z,59.7,68.6,68.4,68.4,75.8
סורוקה,59.7,2022-04-28T00:00:00.000Z,59.7,68.6,68.4,68.4,75.8
סורוקה,59.7,2022-04-28T00:00:00.000Z,59.7,68.6,68.4,68.4,75.8
סורוקה,59.7,2022-04-28T00:00:00.000Z,59.7,68.6,68.4,68.4,75.8
סורוקה,59.7,2022-04-28T00:00:00.000Z,59.7,68.6,68.4,68.4,75.8
סורוקה,59.7,2022-04-28T00:00:00.000Z,59.7,68.6,68.4,68.4,75.8
סורוקה,59.7,2022-04-28T00:00:00.000Z,59.7,68.6,68.4,68.4,75.8
סורוקה,59.7,2022-04-28T00:00:00.000Z,59.7,68.6,68.4,68.4,75.8
סורוקה,59.7,2022-04-28T00:00:00.000Z,59.7,68.6,68.4,68.4,75.8
סורוקה,59.7,2022-04-28T00:00:00.000Z,59.7,68.6,68.4,68.4,75.8
סורוקה,59.7,2022-04-28T00:00:00.000Z,59.7,68.6,68.4,68.4,75.8
סורוקה,59.7,2022-04-28T00:00:00.000Z,59.7,68.6,68.4,68.4,75.8
סורוקה,59.7,2022-04-28T00:00:00.000Z,59.7,68.6,68.4,68.4,75.8
סורוקה,59.7,2022-04-28T00:00:00.000Z,59.7,68.6,68.4,68.4,75.8
סורוקה,59.7,2022-04-28T00:00:00.000Z,59.7,68.6,68.4,68.4,75.8
סורוקה,59.7,2022-04-28T00:00:00.000Z,59.7,68.6,68.4,68.4,75.8
סורוקה,59.7,2022-04-28T00:00:00.000Z,59.7,68.6,68.4,68.4,75.8
סורוקה,59.7,2022-04-28T00:00:00.000Z,59.7,68.6,68.4,68.4,75.8
סורוקה,59.7,2022-04-28T00:00:00.000Z,59.7,68.6,68.4,68.4,75.8
סורוקה,59.7,2022-04-28T00:00:00.000Z,59.7,68.6,68.4,68.4,75.8
סורוקה,59.7,2022-04-28T00:00:00.000Z,59.7,68.6,68.4,68.4,75.8
סורוקה,59.7,2022-04-28T00:00:00.000Z,59.7,68.6,68.4,68.4,75.8
סורוקה,59.7,2022-04-28T00:00:00.000Z,59.7,68.6,68.4,68.4,75.8
סורוקה,59.7,2022-04-28T00:00:00.000Z,59.7,68.6,68.4,68.4,75.8
סורוקה,59.7,2022-04-28T00:00:00.000Z,59.7,68.6,68.4,68.4,75.8
סורוקה,59.7,2022-04-28T00:00:00.000Z,59.7,68.6,68.4,68.4,75.8
סורוקה,59.7,2022-04-28T00:00:00.000Z,59.7,68.6,68.4,68.4,75.8
סורוקה,59.7,2022-04-28T00:00:00.000Z,59.7,68.6,68.4,68.4,75.8
סורוקה,59.7,2022-04-28T00:00:00.000Z,59.7,68.6,68.4,68.4,75.8
סורוקה,59.7,2022-04-28T00:00:00.000Z,59.7,68.6,68.4,68.4,75.8
סורוקה,59.7,2022-04-28T00:00:00.000Z,59.7,68.6,68.4,68.4,75.8
סורוקה,59.7,2022-04-28T00:00:00.000Z,59.7,68.6,68.4,68.4,75.8
סורוקה,59.7,2022-04-28T00:00:00.000Z,59.7,68.6,68.4,68.4,75.8
סורוקה,59.7,2022-04-28T00:00:00.000Z,59.7,68.6,68.4,68.4,75.8
סורוקה,59.7,2022-04-28T00:00:00.000Z,59.7,68.6,68.4,68.4,75.8
סורוקה,59.7,2022-04-28T00:00:00.000Z,59.7,68.6,68.4,68.4,75.8
סורוקה,59.7,2022-04-28T00:00:00.000Z,59.7,68.6,68.4,68.4,75.8
סורוקה,59.7,2022-04-28T00:00:00.000Z,59.7,68.6,68.4,68.4,75.8
סורוקה,59.7,2022-04-28T00:00:00.000Z,59.7,68.6,68.4,68.4,75.8
סורוקה,59.7,2022-04-28T00:00:00.000Z,59.7,68.6,68.4,68.4,75.8
סורוקה,59.7,2022-04-28T00:00:00.000Z,59.7,68.6,68.4,68.4,75.8
סורוקה,59.7,2022-04-28T00:00:00.000Z,59.7,68.6,68.4,68.4,75.8
סורוקה,59.7,2022-04-28T00:00:00.000Z,59.7,68.6,68.4,68.4,75.8
סורוקה,59.7,2022-04-28T00:00:00.000Z,59.7,68.6,68.4,68.4,75.8
סורוקה,59.7,2022-04-28T00:00:00.000Z,59.7,68.6,68.4,68.4,75.8
סורוקה,59.7,2022-04-28T00:00:00.000Z,59.7,68.6,68.4,68.4,75.8
סורוקה,59.7,2022-04-28T00:00:00.000Z,59.7,68.6,68.4,68.4,75.8
סורוקה,59.7,2022-04-28T00:00:00.000Z,59.7,68.6,68.4,68.4,75.8
סורוקה,59.7,2022-04-28T00:00:00.000Z,59.7,68.6,68.4,68.4,75.8
סורוקה,59.7,2022-04-28T00:00:00.000Z,59.7,68.6,68.4,68.4,75.8
סורוקה,59.7,2022-04-28T00:00:00.000Z,59.7,68.6,68.4,68.4,75.8
סורוקה,59.7,2022-04-28T00:00:00.000Z,59.7,68.6,68.4,68.4,75.8
סורוקה,59.7,2022-04-28T00:00:00.000Z,59.7,68.6,68.4,68.4,75.8
סורוקה,59.7,2022-04-28T00:00:00.000Z,59.7,68.6,68.4,68.4,75.8
סורוקה,59.7,2022-04-28T00:00:00.000Z,59.7,68.6,68.4,68.4,75.8
סורוקה,59.7,2022-04-28T00:00:00.000Z,59.7,68.6,68.4,68.4,75.8
סורוקה,59.7,2022-04-28T00:00:00.000Z,59.7,68.6,68.4,68.4,75.8
סורוקה,59.7,2022-04-28T00:00:00.000Z,59.7,68.6,68.4,68.4,75.8
סורוקה,59.7,2022-04-28T00:00:00.000Z,59.7,68.6,68.4,68.4,75.8
סורוקה,59.7,2022-04-28T00:00:00.000Z,59.7,68.6,68.4,68.4,75.8
סורוקה,59.7,2022-04-28T00:00:00.000Z,59.7,68.6,68.4,68.4,75.8
סורוקה,59.7,2022-04-28T00:00:00.000Z,59.7,68.6,68.4,68.4,75.8
סורוקה,59.7,2022-04-28T00:00:00.000Z,59.7,68.6,68.4,68.4,75.8
סורוקה,59.7,2022-04-28T00:00:00.000Z,59.7,68.6,68.4,68.4,75.8
סורוקה,59.7,2022-04-28T00:00:00.000Z,59.7,68.6,68.4,68.4,75.8
סורוקה,59.7,2022-04-28T00:00:00.000Z,59.7,68.6,68.4,68.4,75.8
סורוקה,59.7,2022-04-28T00:00:00.000Z,59.7,68.6,68.4,68.4,75.8
סורוקה,59.7,2022-04-28T00:00:00.000Z,59.7,68.6,68.4,68.4,75.8
סורוקה,59.7,2022-04-28T00:00:00.000Z,59.7,68.6,68.4,68.4,75.8
סורוקה,59.7,2022-04-28T00:00:00.000Z,59.7,68.6,68.4,68.4,75.8
סורוקה,59.7,2022-04-28T00:00:00.000Z,59.7,68.6,68.4,68.4,75.8
סורוקה,59.7,2022-04-28T00:00:00.000Z,59.7,68.6,68.4,68.4,75.8
סורוקה,59.7,2022-04-28T00:00:00.000Z,59.7,68.6,68.4,68.4,75.8
סורוקה,59.7,2022-04-28T00:00:00.000Z,59.7,68.6,68.4,68.4,75.8
סורוקה,59.7,2022-04-28T00:00:00.000Z,59.7,68.6,68.4,68.4,75.8
סורוקה,59.7,2022-04-28T00:00:00.000Z,59.7,68.6,68.4,68.4,75.8
סורוקה,59.7,2022-04-28T00:00:00.000Z,59.7,68.6,68.4,68.4,75.8
סורוקה,59.7,2022-04-28T00:00:00.000Z,59.7,68.6,68.4,68.4,75.8
סורוקה,59.7,2022-04-28T00:00:00.000Z,59.7,68.6,68.4,68.4,75.8
סורוקה,59.7,2022-04-28T00:00:00.000Z,59.7,68.6,68.4,68.4,75.8
סורוקה,59.7,2022-04-28T00:00:00.000Z,59.7,68.6,68.4,68.4,75.8
סורוקה,59.7,2022-04-28T00:00:00.000Z,59.7,68.6,68.4,68.4,75.8
סורוקה,59.7,2022-04-28T00:00:00.000Z,59.7,68.6,68.4,68.4,75.8
סורוקה,59.7,2022-04-28T00:00:00.000Z,59.7,68.6,68.4,68.4,75.8
סורוקה,59.7,2022-04-28T00:00:00.000Z,59.7,68.6,68.4,68.4,75.8
סורוקה,59.7,2022-04-28T00:00:00.000Z,59.7,68.6,68.4,68.4,75.8
סורוקה,59.7,2022-04-28T00:00:00.000Z,59.7,68.6,68.4,68.4,75.8
סורוקה,59.7,2022-04-28T00:00:00.000Z,59.7,68.6,68.4,68.4,75.8
סורוקה,59.7,2022-04-28T00:00:00.000Z,59.7,68.6,68.4,68.4,75.8
סורוקה,59.7,2022-04-28T00:00:00.000Z,59.7,68.6,68.4,68.4,75.8
סורוקה,59.7,2022-04-28T00:00:00.000Z,59.7,68.6,68.4,68.4,75.8
סורוקה,59.7,2022-04-28T00:00:00.000Z,59.7,68.6,68.4,68.4,75.8
סורוקה,59.7,2022-04-28T00:00:00.000Z,59.7,68.6,68.4,68.4,75.8
סורוקה,59.7,2022-04-28T00:00:00.000Z,59.7,68.6,68.4,68.4,75.8
סורוקה,59.7,2022-04-28T00:00:00.000Z,59.7,68.6,68.4,68.4,75.8
סורוקה,59.7,2022-04-28T00:00:00.000Z,59.7,68.6,68.4,68.4,75.8
סורוקה,59.7,2022-04-28T00:00:00.000Z,59.7,68.6,68.4,68.4,75.8
סורוקה,59.7,2022-04-28T00:00:00.000Z,59.7,68.6,68.4,68.4,75.8
סורוקה,59.7,2022-04-28T00:00:00.000Z,59.7,68.6,68.4,68.4,75.8
סורוקה,59.7,2022-04-28T00:00:00.000Z,59.7,68.6,68.4,68.4,75.8
סורוקה,59.7,2022-04-28T00:00:00.000Z,59.7,68.6,68.4,68.4,75.8
סורוקה,59.7,2022-04-28T00:00:00.000Z,59.7,68.6,68.4,68.4,75.8
סורוקה,59.7,2022-04-28T00:00:00.000Z,59.7,68.6,68.4,68.4,75.8
סורוקה,59.7,2022-04-28T00:00:00.000Z,59.7,68.6,68.4,68.4,75.8
סורוקה,59.7,2022-04-28T00:00:00.000Z,59.7,68.6,68.4,68.4,75.8
סורוקה,59.7,2022-04-28T00:00:00.000Z,59.7,68.6,68.4,68.4,75.8
סורוקה,59.7,2022-04-28T00:00:00.000Z,59.7,68.6,68.4,68.4,75.8
סורוקה,59.7,2022-04-28T00:00:00.000Z,59.7,68.6,68.4,68.4,75.8
סורוקה,59.7,2022-04-28T00:00:00.000Z,59.7,68.6,68.4,68.4,75.8
סורוקה,59.7,2022-04-28T00:00:00.000Z,59.7,68.6,68.4,68.4,75.8
סורוקה,59.7,2022-04-28T00:00:00.000Z,59.7,68.6,68.4,68.4,75.8
סורוקה,59.7,2022-04-28T00:00:00.000Z,59.7,68.6,68.4,68.4,75.8
סורוקה,59.7,2022-04-28T00:00:00.000Z,59.7,68.6,68.4,68.4,75.8
סורוקה,59.7,2022-04-28T00:00:00.000Z,59.7,68.6,68.4,68.4,75.8
סורוקה,59.7,2022-04-28T00:00:00.000Z,59.7,68.6,68.4,68.4,75.8
סורוקה,59.7,2022-04-28T00:00:00.000Z,59.7,68.6,68.4,68.4,75.8
סורוקה,59.7,2022-04-28T00:00:00.000Z,59.7,68.6,68.4,68.4,75.8
סורוקה,59.7,2022-04-28T00:00:00.000Z,59.7,68.6,68.4,68.4,75.8
סורוקה,59.7,2022-04-28T00:00:00.000Z,59.7,68.6,68.4,68.4,75.8
סורוקה,59.7,2022-04-28T00:00:00.000Z,59.7,68.6,68.4,68.4,75.8
סורוקה,59.7,2022-04-28T00:00:00.000Z,59.7,68.6,68.4,68.4,75.8
סורוקה,59.7,2022-04-28T00:00:00.000Z,59.7,68.6,68.4,68.4,75.8
סורוקה,59.7,2022-04-28T00:00:00.000Z,59.7,68.6,68.4,68.4,75.8
סורוקה,59.7,2022-04-28T00:00:00.000Z,59.7,68.6,68.4,68.4,75.8
סורוקה,59.7,2022-04-28T00:00:00.000Z,59.7,68.6,68.4,68.4,75.8
סורוקה,59.7,2022-04-28T00:00:00.000Z,59.7,68.6,68.4,68.4,75.8
סורוקה,59.7,2022-04-28T00:00:00.000Z,59.7,68.6,68.4,68.4,75.8
סורוקה,59.7,2022-04-28T00:00:00.000Z,59.7,68.6,68.4,68.4,75.8
סורוקה,59.7,2022-04-28T00:00:00.000Z,59.7,68.6,68.4,68.4,75.8
סורוקה,59.7,2022-04-28T00:00:00.000Z,59.7,68.6,68.4,68.4,75.8
סורוקה,59.7,2022-04-28T00:00:00.000Z,59.7,68.6,68.4,68.4,75.8
סורוקה,59.7,2022-04-28T00:00:00.000Z,59.7,68.6,68.4,68.4,75.8
סורוקה,59.7,2022-04-28T00:00:00.000Z,59.7,68.6,68.4,68.4,75.8
סורוקה,59.7,2022-04-28T00:00:00.000Z,59.7,68.6,68.4,68.4,75.8
סורוקה,59.7,2022-04-28T00:00:00.000Z,59.7,68.6,68.4,68.4,75.8
סורוקה,59.7,2022-04-28T00:00:00.000Z,59.7,68.6,68.4,68.4,75.8
סורוקה,59.7,2022-04-28T00:00:00.000Z,59.7,68.6,68.4,68.4,75.8
סורוקה,59.7,2022-04-28T00:00:00.000Z,59.7,68.6,68.4,68.4,75.8
סורוקה,59.7,2022-04-28T00:00:00.000Z,59.7,68.6,68.4,68.4,75.8
סורוקה,59.7,2022-04-28T00:00:00.000Z,59.7,68.6,68.4,68.4,75.8
סורוקה,59.7,2022-04-28T00:00:00.000Z,59.7,68.6,68.4,68.4,75.8
סורוקה,59.7,2022-04-28T00:00:00.000Z,59.7,68.6,68.4,68.4,75.8
סורוקה,59.7,2022-04-28T00:00:00.000Z,59.7,68.6,68.4,68.4,75.8
סורוקה,59.7,2022-04-28T00:00:00.000Z,59.7,68.6,68.4,68.4,75.8
סורוקה,59.7,2022-04-28T00:00:00.000Z,59.7,68.6,68.4,68.4,75.8
סורוקה,59.7,2022-04-28T00:00:00.000Z,59.7,68.6,68.4,68.4,75.8
סורוקה,59.7,2022-04-28T00:00:00.000Z,59.7,68.6,68.4,68.4,75.8
סורוקה,59.7,2022-04-28T00:00:00.000Z,59.7,68.6,68.4,68.4,75.8
סורוקה,59.7,2022-04-28T00:00:00.000Z,59.7,68.6,68.4,68.4,75.8
סורוקה,59.7,2022-04-28T00:00:00.000Z,59.7,68.6,68.4,68.4,75.8
סורוקה,59.7,2022-04-28T00:00:00.000Z,59.7,68.6,68.4,68.4,75.8
סורוקה,59.7,2022-04-28T00:00:00.000Z,59.7,68.6,68.4,68.4,75.8
סורוקה,59.7,2022-04-28T00:00:00.000Z,59.7,68.6,68.4,68.4,75.8
סורוקה,59.7,2022-04-28T00:00:00.000Z,59.7,68.6,68.4,68.4,75.8
סורוקה,59.7,2022-04-28T00:00:00.000Z,59.7,68.6,68.4,68.4,75.8
סורוקה,59.7,2022-04-28T00:00:00.000Z,59.7,68.6,68.4,68.4,75.8
סורוקה,59.7,2022-04-28T00:00:00.000Z,59.7,68.6,68.4,68.4,75.8
סורוקה,59.7,2022-04-28T00:00:00.000Z,59.7,68.6,68.4,68.4,75.8
סורוקה,59.7,2022-04-28T00:00:00.000Z,59.7,68.6,68.4,68.4,75.8
סורוקה,59.7,2022-04-28T00:00:00.000Z,59.7,68.6,68.4,68.4,75.8
סורוקה,59.7,2022-04-28T00:00:00.000Z,59.7,68.6,68.4,68.4,75.8
סורוקה,59.7,2022-04-28T00:00:00.000Z,59.7,68.6,68.4,68.4,75.8
סורוקה,59.7,2022-04-28T00:00:00.000Z,59.7,68.6,68.4,68.4,75.8
סורוקה,59.7,2022-04-28T00:00:00.000Z,59.7,68.6,68.4,68.4,75.8
סורוקה,59.7,2022-04-28T00:00:00.000Z,59.7,68.6,68.4,68.4,75.8
סורוקה,59.7,2022-04-28T00:00:00.000Z,59.7,68.6,68.4,68.4,75.8
סורוקה,59.7,2022-04-28T00:00:00.000Z,59.7,68.6,68.4,68.4,75.8
סורוקה,59.7,2022-04-28T00:00:00.000Z,59.7,68.6,68.4,68.4,75.8
סורוקה,59.7,2022-04-28T00:00:00.000Z,59.7,68.6,68.4,68.4,75.8
סורוקה,59.7,2022-04-28T00:00:00.000Z,59.7,68.6,68.4,68.4,75.8
סורוקה,59.7,2022-04-28T00:00:00.000Z,59.7,68.6,68.4,68.4,75.8
סורוקה,59.7,2022-04-28T00:00:00.000Z,59.7,68.6,68.4,68.4,75.8
סורוקה,59.7,2022-04-28T00:00:00.000Z,59.7,68.6,68.4,68.4,75.8
סורוקה,59.7,2022-04-28T00:00:00.000Z,59.7,68.6,68.4,68.4,75.8
סורוקה,59.7,2022-04-28T00:00:00.000Z,59.7,68.6,68.4,68.4,75.8
סורוקה,59.7,2022-04-28T00:00:00.000Z,59.7,68.6,68.4,68.4,75.8
סורוקה,59.7,2022-04-28T00:00:00.000Z,59.7,68.6,68.4,68.4,75.8
סורוקה,59.7,2022-04-28T00:00:00.000Z,59.7,68.6,68.4,68.4,75.8
סורוקה,59.7,2022-04-28T00:00:00.000Z,59.7,68.6,68.4,68.4,75.8
סורוקה,59.7,2022-04-28T00:00:00.000Z,59.7,68.6,68.4,68.4,75.8
סורוקה,59.7,2022-04-28T00:00:00.000Z,59.7,68.6,68.4,68.4,75.8
סורוקה,59.7,2022-04-28T00:00:00.000Z,59.7,68.6,68.4,68.4,75.8
סורוקה,59.7,2022-04-28T00:00:00.000Z,59.7,68.6,68.4,68.4,75.8
סורוקה,59.7,2022-04-28T00:00:00.000Z,59.7,68.6,68.4,68.4,75.8
סורוקה,59.7,2022-04-28T00:00:00.000Z,59.7,68.6,68.4,68.4,75.8
סורוקה,59.7,2022-04-28T00:00:00.000Z,59.7,68.6,68.4,68.4,75.8
סורוקה,59.7,2022-04-28T00:00:00.000Z,59.7,68.6,68.4,68.4,75.8
סורוקה,59.7,2022-04-28T00:00:00.000Z,59.7,68.6,68.4,68.4,75.8
סורוקה,59.7,2022-04-28T00:00:00.000Z,59.7,68.6,68.4,68.4,75.8
סורוקה,59.7,2022-04-28T00:00:00.000Z,59.7,68.6,68.4,68.4,75.8
סורוקה,59.7,2022-04-28T00:00:00.000Z,59.7,68.6,68.4,68.4,75.8
סורוקה,59.7,2022-04-28T00:00:00.000Z,59.7,68.6,68.4,68.4,75.8
סורוקה,59.7,2022-04-28T00:00:00.000Z,59.7,68.6,68.4,68.4,75.8
סורוקה,59.7,2022-04-28T00:00:00.000Z,59.7,68.6,68.4,68.4,75.8
סורוקה,59.7,2022-04-28T00:00:00.000Z,59.7,68.6,68.4,68.4,75.8
סורוקה,59.7,2022-04-28T00:00:00.000Z,59.7,68.6,68.4,68.4,75.8
סורוקה,59.7,2022-04-28T00:00:00.000Z,59.7,68.6,68.4,68.4,75.8
סורוקה,59.7,2022-04-28T00:00:00.000Z,59.7,68.6,68.4,68.4,75.8
סורוקה,59.7,2022-04-28T00:00:00.000Z,59.7,68.6,68.4,68.4,75.8
סורוקה,59.7,2022-04-28T00:00:00.000Z,59.7,68.6,68.4,68.4,75.8
סורוקה,59.7,2022-04-28T00:00:00.000Z,59.7,68.6,68.4,68.4,75.8
סורוקה,59.7,2022-04-28T00:00:00.000Z,59.7,68.6,68.4,68.4,75.8
סורוקה,59.7,2022-04-28T00:00:00.000Z,59.7,68.6,68.4,68.4,75.8
סורוקה,59.7,2022-04-28T00:00:00.000Z,59.7,68.6,68.4,68.4,75.8
סורוקה,59.7,2022-04-28T00:00:00.000Z,59.7,68.6,68.4,68.4,75.8
סורוקה,59.7,2022-04-28T00:00:00.000Z,59.7,68.6,68.4,68.4,75.8
סורוקה,59.7,2022-04-28T00:00:00.000Z,59.7,68.6,68.4,68.4,75.8
סורוקה,59.7,2022-04-28T00:00:00.000Z,59.7,68.6,68.4,68.4,75.8
סורוקה,59.7,2022-04-28T00:00:00.000Z,59.7,68.6,68.4,68.4,75.8
סורוקה,59.7,2022-04-28T00:00:00.000Z,59.7,68.6,68.4,68.4,75.8
סורוקה,59.7,2022-04-28T00:00:00.000Z,59.7,68.6,68.4,68.4,75.8
סורוקה,59.7,2022-04-28T00:00:00.000Z,59.7,68.6,68.4,68.4,75.8
סורוקה,59.7,2022-04-28T00:00:00.000Z,59.7,68.6,68.4,68.4,75.8
סורוקה,59.7,2022-04-28T00:00:00.000Z,59.7,68.6,68.4,68.4,75.8
סורוקה,59.7,2022-04-28T00:00:00.000Z,59.7,68.6,68.4,68.4,75.8
סורוקה,59.7,2022-04-28T00:00:00.000Z,59.7,68.6,68.4,68.4,75.8
סורוקה,59.7,2022-04-28T00:00:00.000Z,59.7,68.6,68.4,68.4,75.8
סורוקה,59.7,2022-04-28T00:00:00.000Z,59.7,68.6,68.4,68.4,75.8
סורוקה,59.7,2022-04-28T00:00:00.000Z,59.7,68.6,68.4,68.4,75.8
סורוקה,59.7,2022-04-28T00:00:00.000Z,59.7,68.6,68.4,68.4,75.8
סורוקה,59.7,2022-04-28T00:00:00.000Z,59.7,68.6,68.4,68.4,75.8
סורוקה,59.7,2022-04-28T00:00:00.000Z,59.7,68.6,68.4,68.4,75.8
סורוקה,59.7,2022-04-28T00:00:00.000Z,59.7,68.6,68.4,68.4,75.8
סורוקה,59.7,2022-04-28T00:00:00.000Z,59.7,68.6,68.4,68.4,75.8
סורוקה,59.7,2022-04-28T00:00:00.000Z,59.7,68.6,68.4,68.4,75.8
סורוקה,59.7,2022-04-28T00:00:00.000Z,59.7,68.6,68.4,68.4,75.8
סורוקה,59.7,2022-04-28T00:00:00.000Z,59.7,68.6,68.4,68.4,75.8
סורוקה,59.7,2022-04-28T00:00:00.000Z,59.7,68.6,68.4,68.4,75.8
סורוקה,59.7,2022-04-28T00:00:00.000Z,59.7,68.6,68.4,68.4,75.8
סורוקה,59.7,2022-04-28T00:00:00.000Z,59.7,68.6,68.4,68.4,75.8
סורוקה,59.7,2022-04-28T00:00:00.000Z,59.7,68.6,68.4,68.4,75.8
סורוקה,59.7,2022-04-28T00:00:00.000Z,59.7,68.6,68.4,68.4,75.8
סורוקה,59.7,2022-04-28T00:00:00.000Z,59.7,68.6,68.4,68.4,75.8
סורוקה,59.7,2022-04-28T00:00:00.000Z,59.7,68.6,68.4,68.4,75.8
סורוקה,59.7,2022-04-28T00:00:00.000Z,59.7,68.6,68.4,68.4,75.8
סורוקה,59.7,2022-04-28T00:00:00.000Z,59.7,68.6,68.4,68.4,75.8
סורוקה,59.7,2022-04-28T00:00:00.000Z,59.7,68.6,68.4,68.4,75.8
סורוקה,59.7,2022-04-28T00:00:00.000Z,59.7,68.6,68.4,68.4,75.8
סורוקה,59.7,2022-04-28T00:00:00.000Z,59.7,68.6,68.4,68.4,75.8
סורוקה,59.7,2022-04-28T00:00:00.000Z,59.7,68.6,68.4,68.4,75.8
סורוקה,59.7,2022-04-28T00:00:00.000Z,59.7,68.6,68.4,68.4,75.8
סורוקה,59.7,2022-04-28T00:00:00.000Z,59.7,68.6,68.4,68.4,75.8
סורוקה,59.7,2022-04-28T00:00:00.000Z,59.7,68.6,68.4,68.4,75.8
סורוקה,59.7,2022-04-28T00:00:00.000Z,59.7,68.6,68.4,68.4,75.8
סורוקה,59.7,2022-04-28T00:00:00.000Z,59.7,68.6,68.4,68.4,75.8
סורוקה,59.7,2022-04-28T00:00:00.000Z,59.7,68.6,68.4,68.4,75.8
סורוקה,59.7,2022-04-28T00:00:00.000Z,59.7,68.6,68.4,68.4,75.8
סורוקה,59.7,2022-04-28T00:00:00.000Z,59.7,68.6,68.4,68.4,75.8
סורוקה,59.7,2022-04-28T00:00:00.000Z,59.7,68.6,68.4,68.4,75.8
סורוקה,59.7,2022-04-28T00:00:00.000Z,59.7,68.6,68.4,68.4,75.8
סורוקה,59.7,2022-04-28T00:00:00.000Z,59.7,68.6,68.4,68.4,75.8
סורוקה,59.7,2022-04-28T00:00:00.000Z,59.7,68.6,68.4,68.4,75.8
סורוקה,59.7,2022-04-28T00:00:00.000Z,59.7,68.6,68.4,68.4,75.8
סורוקה,59.7,2022-04-28T00:00:00.000Z,59.7,68.6,68.4,68.4,75.8
סורוקה,59.7,2022-04-28T00:00:00.000Z,59.7,68.6,68.4,68.4,75.8
סורוקה,59.7,2022-04-28T00:00:00.000Z,59.7,68.6,68.4,68.4,75.8
סורוקה,59.7,2022-04-28T00:00:00.000Z,59.7,68.6,68.4,68.4,75.8
סורוקה,59.7,2022-04-28T00:00:00.000Z,59.7,68.6,68.4,68.4,75.8
סורוקה,59.7,2022-04-28T00:00:00.000Z,59.7,68.6,68.4,68.4,75.8
סורוקה,59.7,2022-04-28T00:00:00.000Z,59.7,68.6,68.4,68.4,75.8
סורוקה,59.7,2022-04-28T00:00:00.000Z,59.7,68.6,68.4,68.4,75.8
סורוקה,59.7,2022-04-28T00:00:00.000Z,59.7,68.6,68.4,68.4,75.8
סורוקה,59.7,2022-04-28T00:00:00.000Z,59.7,68.6,68.4,68.4,75.8
סורוקה,59.7,2022-04-28T00:00:00.000Z,59.7,68.6,68.4,68.4,75.8
סורוקה,59.7,2022-04-28T00:00:00.000Z,59.7,68.6,68.4,68.4,75.8
סורוקה,59.7,2022-04-28T00:00:00.000Z,59.7,68.6,68.4,68.4,75.8
סורוקה,59.7,2022-04-28T00:00:00.000Z,59.7,68.6,68.4,68.4,75.8
סורוקה,59.7,2022-04-28T00:00:00.000Z,59.7,68.6,68.4,68.4,75.8
סורוקה,59.7,2022-04-28T00:00:00.000Z,59.7,68.6,68.4,68.4,75.8
מאיר,67.5,2022-04-28T00:00:00.000Z,67.5,70.5,76.1,76.1,82.4
מאיר,67.5,2022-04-28T00:00:00.000Z,67.5,70.5,76.1,76.1,82.4
מאיר,67.5,2022-04-28T00:00:00.000Z,67.5,70.5,76.1,76.1,82.4
מאיר,67.5,2022-04-28T00:00:00.000Z,67.5,70.5,76.1,76.1,82.4
מאיר,67.5,2022-04-28T00:00:00.000Z,67.5,70.5,76.1,76.1,82.4
מאיר,67.5,2022-04-28T00:00:00.000Z,67.5,70.5,76.1,76.1,82.4
מאיר,67.5,2022-04-28T00:00:00.000Z,67.5,70.5,76.1,76.1,82.4
מאיר,67.5,2022-04-28T00:00:00.000Z,67.5,70.5,76.1,76.1,82.4
מאיר,67.5,2022-04-28T00:00:00.000Z,67.5,70.5,76.1,76.1,82.4
מאיר,67.5,2022-04-28T00:00:00.000Z,67.5,70.5,76.1,76.1,82.4
מאיר,67.5,2022-04-28T00:00:00.000Z,67.5,70.5,76.1,76.1,82.4
מאיר,67.5,2022-04-28T00:00:00.000Z,67.5,70.5,76.1,76.1,82.4
מאיר,67.5,2022-04-28T00:00:00.000Z,67.5,70.5,76.1,76.1,82.4
מאיר,67.5,2022-04-28T00:00:00.000Z,67.5,70.5,76.1,76.1,82.4
מאיר,67.5,2022-04-28T00:00:00.000Z,67.5,70.5,76.1,76.1,82.4
מאיר,67.5,2022-04-28T00:00:00.000Z,67.5,70.5,76.1,76.1,82.4
מאיר,67.5,2022-04-28T00:00:00.000Z,67.5,70.5,76.1,76.1,82.4
מאיר,67.5,2022-04-28T00:00:00.000Z,67.5,70.5,76.1,76.1,82.4
מאיר,67.5,2022-04-28T00:00:00.000Z,67.5,70.5,76.1,76.1,82.4
מאיר,67.5,2022-04-28T00:00:00.000Z,67.5,70.5,76.1,76.1,82.4
מאיר,67.5,2022-04-28T00:00:00.000Z,67.5,70.5,76.1,76.1,82.4
מאיר,67.5,2022-04-28T00:00:00.000Z,67.5,70.5,76.1,76.1,82.4
מאיר,67.5,2022-04-28T00:00:00.000Z,67.5,70.5,76.1,76.1,82.4
מאיר,67.5,2022-04-28T00:00:00.000Z,67.5,70.5,76.1,76.1,82.4
מאיר,67.5,2022-04-28T00:00:00.000Z,67.5,70.5,76.1,76.1,82.4
מאיר,67.5,2022-04-28T00:00:00.000Z,67.5,70.5,76.1,76.1,82.4
מאיר,67.5,2022-04-28T00:00:00.000Z,67.5,70.5,76.1,76.1,82.4
מאיר,67.5,2022-04-28T00:00:00.000Z,67.5,70.5,76.1,76.1,82.4
מאיר,67.5,2022-04-28T00:00:00.000Z,67.5,70.5,76.1,76.1,82.4
מאיר,67.5,2022-04-28T00:00:00.000Z,67.5,70.5,76.1,76.1,82.4
מאיר,67.5,2022-04-28T00:00:00.000Z,67.5,70.5,76.1,76.1,82.4
מאיר,67.5,2022-04-28T00:00:00.000Z,67.5,70.5,76.1,76.1,82.4
מאיר,67.5,2022-04-28T00:00:00.000Z,67.5,70.5,76.1,76.1,82.4
מאיר,67.5,2022-04-28T00:00:00.000Z,67.5,70.5,76.1,76.1,82.4
מאיר,67.5,2022-04-28T00:00:00.000Z,67.5,70.5,76.1,76.1,82.4
מאיר,67.5,2022-04-28T00:00:00.000Z,67.5,70.5,76.1,76.1,82.4
מאיר,67.5,2022-04-28T00:00:00.000Z,67.5,70.5,76.1,76.1,82.4
מאיר,67.5,2022-04-28T00:00:00.000Z,67.5,70.5,76.1,76.1,82.4
מאיר,67.5,2022-04-28T00:00:00.000Z,67.5,70.5,76.1,76.1,82.4
מאיר,67.5,2022-04-28T00:00:00.000Z,67.5,70.5,76.1,76.1,82.4
מאיר,67.5,2022-04-28T00:00:00.000Z,67.5,70.5,76.1,76.1,82.4
מאיר,67.5,2022-04-28T00:00:00.000Z,67.5,70.5,76.1,76.1,82.4
מאיר,67.5,2022-04-28T00:00:00.000Z,67.5,70.5,76.1,76.1,82.4
מאיר,67.5,2022-04-28T00:00:00.000Z,67.5,70.5,76.1,76.1,82.4
מאיר,67.5,2022-04-28T00:00:00.000Z,67.5,70.5,76.1,76.1,82.4
מאיר,67.5,2022-04-28T00:00:00.000Z,67.5,70.5,76.1,76.1,82.4
מאיר,67.5,2022-04-28T00:00:00.000Z,67.5,70.5,76.1,76.1,82.4
מאיר,67.5,2022-04-28T00:00:00.000Z,67.5,70.5,76.1,76.1,82.4
מאיר,67.5,2022-04-28T00:00:00.000Z,67.5,70.5,76.1,76.1,82.4
מאיר,67.5,2022-04-28T00:00:00.000Z,67.5,70.5,76.1,76.1,82.4
מאיר,67.5,2022-04-28T00:00:00.000Z,67.5,70.5,76.1,76.1,82.4
מאיר,67.5,2022-04-28T00:00:00.000Z,67.5,70.5,76.1,76.1,82.4
מאיר,67.5,2022-04-28T00:00:00.000Z,67.5,70.5,76.1,76.1,82.4
מאיר,67.5,2022-04-28T00:00:00.000Z,67.5,70.5,76.1,76.1,82.4
מאיר,67.5,2022-04-28T00:00:00.000Z,67.5,70.5,76.1,76.1,82.4
מאיר,67.5,2022-04-28T00:00:00.000Z,67.5,70.5,76.1,76.1,82.4
מאיר,67.5,2022-04-28T00:00:00.000Z,67.5,70.5,76.1,76.1,82.4
מאיר,67.5,2022-04-28T00:00:00.000Z,67.5,70.5,76.1,76.1,82.4
מאיר,67.5,2022-04-28T00:00:00.000Z,67.5,70.5,76.1,76.1,82.4
מאיר,67.5,2022-04-28T00:00:00.000Z,67.5,70.5,76.1,76.1,82.4
מאיר,67.5,2022-04-28T00:00:00.000Z,67.5,70.5,76.1,76.1,82.4
מאיר,67.5,2022-04-28T00:00:00.000Z,67.5,70.5,76.1,76.1,82.4
מאיר,67.5,2022-04-28T00:00:00.000Z,67.5,70.5,76.1,76.1,82.4
מאיר,67.5,2022-04-28T00:00:00.000Z,67.5,70.5,76.1,76.1,82.4
מאיר,67.5,2022-04-28T00:00:00.000Z,67.5,70.5,76.1,76.1,82.4
מאיר,67.5,2022-04-28T00:00:00.000Z,67.5,70.5,76.1,76.1,82.4
מאיר,67.5,2022-04-28T00:00:00.000Z,67.5,70.5,76.1,76.1,82.4
מאיר,67.5,2022-04-28T00:00:00.000Z,67.5,70.5,76.1,76.1,82.4
מאיר,67.5,2022-04-28T00:00:00.000Z,67.5,70.5,76.1,76.1,82.4
מאיר,67.5,2022-04-28T00:00:00.000Z,67.5,70.5,76.1,76.1,82.4
מאיר,67.5,2022-04-28T00:00:00.000Z,67.5,70.5,76.1,76.1,82.4
מאיר,67.5,2022-04-28T00:00:00.000Z,67.5,70.5,76.1,76.1,82.4
מאיר,67.5,2022-04-28T00:00:00.000Z,67.5,70.5,76.1,76.1,82.4
מאיר,67.5,2022-04-28T00:00:00.000Z,67.5,70.5,76.1,76.1,82.4
מאיר,67.5,2022-04-28T00:00:00.000Z,67.5,70.5,76.1,76.1,82.4
מאיר,67.5,2022-04-28T00:00:00.000Z,67.5,70.5,76.1,76.1,82.4
מאיר,67.5,2022-04-28T00:00:00.000Z,67.5,70.5,76.1,76.1,82.4
מאיר,67.5,2022-04-28T00:00:00.000Z,67.5,70.5,76.1,76.1,82.4
מאיר,67.5,2022-04-28T00:00:00.000Z,67.5,70.5,76.1,76.1,82.4
מאיר,67.5,2022-04-28T00:00:00.000Z,67.5,70.5,76.1,76.1,82.4
מאיר,67.5,2022-04-28T00:00:00.000Z,67.5,70.5,76.1,76.1,82.4
מאיר,67.5,2022-04-28T00:00:00.000Z,67.5,70.5,76.1,76.1,82.4
מאיר,67.5,2022-04-28T00:00:00.000Z,67.5,70.5,76.1,76.1,82.4
מאיר,67.5,2022-04-28T00:00:00.000Z,67.5,70.5,76.1,76.1,82.4
מאיר,67.5,2022-04-28T00:00:00.000Z,67.5,70.5,76.1,76.1,82.4
מאיר,67.5,2022-04-28T00:00:00.000Z,67.5,70.5,76.1,76.1,82.4
מאיר,67.5,2022-04-28T00:00:00.000Z,67.5,70.5,76.1,76.1,82.4
מאיר,67.5,2022-04-28T00:00:00.000Z,67.5,70.5,76.1,76.1,82.4
מאיר,67.5,2022-04-28T00:00:00.000Z,67.5,70.5,76.1,76.1,82.4
מאיר,67.5,2022-04-28T00:00:00.000Z,67.5,70.5,76.1,76.1,82.4
מאיר,67.5,2022-04-28T00:00:00.000Z,67.5,70.5,76.1,76.1,82.4
מאיר,67.5,2022-04-28T00:00:00.000Z,67.5,70.5,76.1,76.1,82.4
מאיר,67.5,2022-04-28T00:00:00.000Z,67.5,70.5,76.1,76.1,82.4
מאיר,67.5,2022-04-28T00:00:00.000Z,67.5,70.5,76.1,76.1,82.4
מאיר,67.5,2022-04-28T00:00:00.000Z,67.5,70.5,76.1,76.1,82.4
מאיר,67.5,2022-04-28T00:00:00.000Z,67.5,70.5,76.1,76.1,82.4
מאיר,67.5,2022-04-28T00:00:00.000Z,67.5,70.5,76.1,76.1,82.4
הדסה עין כרם,108.7,2022-04-28T00:00:00.000Z,113.6,127.2,86.2,90.7,96.7
הדסה עין כרם,108.7,2022-04-28T00:00:00.000Z,112.9,126.8,86.2,90.1,96.8
הדסה עין כרם,108.7,2022-04-28T00:00:00.000Z,112.2,126.4,86.2,89.5,97
הדסה עין כרם,108.7,2022-04-28T00:00:00.000Z,111.5,125.9,86.2,88.8,97.1
הדסה עין כרם,108.7,2022-04-28T00:00:00.000Z,110.8,125.5,86.2,88.2,97.3
הדסה עין כרם,108.7,2022-04-28T00:00:00.000Z,110.1,125.1,86.2,87.5,97.4
הדסה עין כרם,108.7,2022-04-28T00:00:00.000Z,109.4,124.7,86.2,86.9,97.6
הדסה עין כרם,108.7,2022-04-28T00:00:00.000Z,108.7,124.3,86.2,86.2,97.8
הדסה עין כרם,108.7,2022-04-28T00:00:00.000Z,108.7,124.3,86.2,86.2,97.8
הדסה עין כרם,108.7,2022-04-28T00:00:00.000Z,108.7,124.3,86.2,86.2,97.8
הדסה עין כרם,108.7,2022-04-28T00:00:00.000Z,108.7,124.3,86.2,86.2,97.8
הדסה עין כרם,108.7,2022-04-28T00:00:00.000Z,108.7,124.3,86.2,86.2,97.8
הדסה עין כרם,108.7,2022-04-28T00:00:00.000Z,108.7,124.3,86.2,86.2,97.8
הדסה עין כרם,108.7,2022-04-28T00:00:00.000Z,108.7,124.3,86.2,86.2,97.8
הדסה עין כרם,108.7,2022-04-28T00:00:00.000Z,108.7,124.3,86.2,86.2,97.8
הדסה עין כרם,108.7,2022-04-28T00:00:00.000Z,108.7,124.3,86.2,86.2,97.8
הדסה עין כרם,108.7,2022-04-28T00:00:00.000Z,108.7,124.3,86.2,86.2,97.8
הדסה עין כרם,108.7,2022-04-28T00:00:00.000Z,108.7,124.3,86.2,86.2,97.8
הדסה עין כרם,108.7,2022-04-28T00:00:00.000Z,108.7,124.3,86.2,86.2,97.8
הדסה עין כרם,108.7,2022-04-28T00:00:00.000Z,108.7,124.3,86.2,86.2,97.8
הדסה עין כרם,108.7,2022-04-28T00:00:00.000Z,108.7,124.3,86.2,86.2,97.8
הדסה עין כרם,108.7,2022-04-28T00:00:00.000Z,108.7,124.3,86.2,86.2,97.8
הדסה עין כרם,108.7,2022-04-28T00:00:00.000Z,108.7,124.3,86.2,86.2,97.8
הדסה עין כרם,108.7,2022-04-28T00:00:00.000Z,108.7,124.3,86.2,86.2,97.8
הדסה עין כרם,108.7,2022-04-28T00:00:00.000Z,108.7,124.3,86.2,86.2,97.8
הדסה עין כרם,108.7,2022-04-28T00:00:00.000Z,108.7,124.3,86.2,86.2,97.8
הדסה עין כרם,108.7,2022-04-28T00:00:00.000Z,108.7,124.3,86.2,86.2,97.8
הדסה עין כרם,108.7,2022-04-28T00:00:00.000Z,108.7,124.3,86.2,86.2,97.8
הדסה עין כרם,108.7,2022-04-28T00:00:00.000Z,108.7,124.3,86.2,86.2,97.8
הדסה עין כרם,108.7,2022-04-28T00:00:00.000Z,108.7,124.3,86.2,86.2,97.8
הדסה עין כרם,108.7,2022-04-28T00:00:00.000Z,108.7,124.3,86.2,86.2,97.8
הדסה עין כרם,108.7,2022-04-28T00:00:00.000Z,108.7,124.3,86.2,86.2,97.8
הדסה עין כרם,108.7,2022-04-28T00:00:00.000Z,108.7,124.3,86.2,86.2,97.8
הדסה עין כרם,108.7,2022-04-28T00:00:00.000Z,108.7,124.3,86.2,86.2,97.8
הדסה עין כרם,108.7,2022-04-28T00:00:00.000Z,108.7,124.3,86.2,86.2,97.8
הדסה עין כרם,108.7,2022-04-28T00:00:00.000Z,108.7,124.3,86.2,86.2,97.8
הדסה עין כרם,108.7,2022-04-28T00:00:00.000Z,108.7,124.3,86.2,86.2,97.8
הדסה עין כרם,108.7,2022-04-28T00:00:00.000Z,108.7,124.3,86.2,86.2,97.8
הדסה עין כרם,108.7,2022-04-28T00:00:00.000Z,108.7,124.3,86.2,86.2,97.8
הדסה עין כרם,108.7,2022-04-28T00:00:00.000Z,108.7,124.3,86.2,86.2,97.8
הדסה עין כרם,108.7,2022-04-28T00:00:00.000Z,108.7,124.3,86.2,86.2,97.8
הדסה עין כרם,108.7,2022-04-28T00:00:00.000Z,108.7,124.3,86.2,86.2,97.8
הדסה עין כרם,108.7,2022-04-28T00:00:00.000Z,108.7,124.3,86.2,86.2,97.8
הדסה עין כרם,108.7,2022-04-28T00:00:00.000Z,108.7,124.3,86.2,86.2,97.8
הדסה עין כרם,108.7,2022-04-28T00:00:00.000Z,108.7,124.3,86.2,86.2,97.8
הדסה עין כרם,108.7,2022-04-28T00:00:00.000Z,108.7,124.3,86.2,86.2,97.8
שמיר,84.6,2022-04-28T00:00:00.000Z,84.6,86.1,72.5,72.5,71.4
שמיר,84.6,2022-04-28T00:00:00.000Z,84.6,86.1,72.5,72.5,71.4
שמיר,84.6,2022-04-28T00:00:00.000Z,84.6,86.1,72.5,72.5,71.4
שמיר,84.6,2022-04-28T00:00:00.000Z,84.6,86.1,72.5,72.5,71.4
שמיר,84.6,2022-04-28T00:00:00.000Z,84.6,86.1,72.5,72.5,71.4
שמיר,84.6,2022-04-28T00:00:00.000Z,84.6,86.1,72.5,72.5,71.4
שמיר,84.6,2022-04-28T00:00:00.000Z,84.6,86.1,72.5,72.5,71.4
שמואל הרופא,94.4,2022-04-28T00:00:00.000Z,94.4,86.1,76.8,76.8,83
שמואל הרופא,94.4,2022-04-28T00:00:00.000Z,94.4,86.1,76.8,76.8,83
שמואל הרופא,94.4,2022-04-28T00:00:00.000Z,94.4,86.1,76.8,76.8,83
שמואל הרופא,94.4,2022-04-28T00:00:00.000Z,94.4,86.1,76.8,76.8,83
שמואל הרופא,94.4,2022-04-28T00:00:00.000Z,94.4,86.1,76.8,76.8,83
שמואל הרופא,94.4,2022-04-28T00:00:00.000Z,94.4,86.1,76.8,76.8,83
שמואל הרופא,94.4,2022-04-28T00:00:00.000Z,94.4,86.1,76.8,76.8,83
שמואל הרופא,94.4,2022-04-28T00:00:00.000Z,94.4,86.1,76.8,76.8,83
שמואל הרופא,94.4,2022-04-28T00:00:00.000Z,94.4,86.1,76.8,76.8,83
שמואל הרופא,94.4,2022-04-28T00:00:00.000Z,94.4,86.1,76.8,76.8,83
שמואל הרופא,94.4,2022-04-28T00:00:00.000Z,94.4,86.1,76.8,76.8,83
שמואל הרופא,94.4,2022-04-28T00:00:00.000Z,94.4,86.1,76.8,76.8,83
שמואל הרופא,94.4,2022-04-28T00:00:00.000Z,94.4,86.1,76.8,76.8,83
שמואל הרופא,94.4,2022-04-28T00:00:00.000Z,94.4,86.1,76.8,76.8,83
שמואל הרופא,94.4,2022-04-28T00:00:00.000Z,94.4,86.1,76.8,76.8,83
שמואל הרופא,94.4,2022-04-28T00:00:00.000Z,94.4,86.1,76.8,76.8,83
שמואל הרופא,94.4,2022-04-28T00:00:00.000Z,94.4,86.1,76.8,76.8,83
שמואל הרופא,94.4,2022-04-28T00:00:00.000Z,94.4,86.1,76.8,76.8,83
שמואל הרופא,94.4,2022-04-28T00:00:00.000Z,94.4,86.1,76.8,76.8,83
שמואל הרופא,94.4,2022-04-28T00:00:00.000Z,94.4,86.1,76.8,76.8,83
שמואל הרופא,94.4,2022-04-28T00:00:00.000Z,94.4,86.1,76.8,76.8,83
שמואל הרופא,94.4,2022-04-28T00:00:00.000Z,94.4,86.1,76.8,76.8,83
שמואל הרופא,94.4,2022-04-28T00:00:00.000Z,94.4,86.1,76.8,76.8,83
שמואל הרופא,94.4,2022-04-28T00:00:00.000Z,94.4,86.1,76.8,76.8,83
שמואל הרופא,94.4,2022-04-28T00:00:00.000Z,94.4,86.1,76.8,76.8,83
שמואל הרופא,94.4,2022-04-28T00:00:00.000Z,94.4,86.1,76.8,76.8,83
שמואל הרופא,94.4,2022-04-28T00:00:00.000Z,94.4,86.1,76.8,76.8,83
שמואל הרופא,94.4,2022-04-28T00:00:00.000Z,94.4,86.1,76.8,76.8,83
שמואל הרופא,94.4,2022-04-28T00:00:00.000Z,94.4,86.1,76.8,76.8,83
שמואל הרופא,94.4,2022-04-28T00:00:00.000Z,94.4,86.1,76.8,76.8,83
שמואל הרופא,94.4,2022-04-28T00:00:00.000Z,94.4,86.1,76.8,76.8,83
שמואל הרופא,94.4,2022-04-28T00:00:00.000Z,94.4,86.1,76.8,76.8,83
שמואל הרופא,94.4,2022-04-28T00:00:00.000Z,94.4,86.1,76.8,76.8,83
הדסה עין כרם,108.7,2022-04-28T00:00:00.000Z,108.7,124.3,86.2,86.2,97.8
הדסה עין כרם,108.7,2022-04-28T00:00:00.000Z,108.7,124.3,86.2,86.2,97.8
הדסה עין כרם,108.7,2022-04-28T00:00:00.000Z,108.7,124.3,86.2,86.2,97.8
הדסה עין כרם,108.7,2022-04-28T00:00:00.000Z,108.7,124.3,86.2,86.2,97.8
הדסה עין כרם,108.7,2022-04-28T00:00:00.000Z,108.7,124.3,86.2,86.2,97.8
הדסה עין כרם,108.7,2022-04-28T00:00:00.000Z,108.7,124.3,86.2,86.2,97.8
הדסה עין כרם,108.7,2022-04-28T00:00:00.000Z,108.7,124.3,86.2,86.2,97.8
הדסה עין כרם,108.7,2022-04-28T00:00:00.000Z,108.7,124.3,86.2,86.2,97.8
הדסה עין כרם,108.7,2022-04-28T00:00:00.000Z,108.7,124.3,86.2,86.2,97.8
הדסה עין כרם,108.7,2022-04-28T00:00:00.000Z,108.7,124.3,86.2,86.2,97.8
הדסה עין כרם,108.7,2022-04-28T00:00:00.000Z,108.7,124.3,86.2,86.2,97.8
הדסה עין כרם,108.7,2022-04-28T00:00:00.000Z,108.7,124.3,86.2,86.2,97.8
הדסה עין כרם,108.7,2022-04-28T00:00:00.000Z,108.7,124.3,86.2,86.2,97.8
הדסה עין כרם,108.7,2022-04-28T00:00:00.000Z,108.7,124.3,86.2,86.2,97.8
הדסה עין כרם,108.7,2022-04-28T00:00:00.000Z,108.7,124.3,86.2,86.2,97.8
הדסה עין כרם,108.7,2022-04-28T00:00:00.000Z,108.7,124.3,86.2,86.2,97.8
הדסה עין כרם,108.7,2022-04-28T00:00:00.000Z,108.7,124.3,86.2,86.2,97.8
הדסה עין כרם,108.7,2022-04-28T00:00:00.000Z,108.7,124.3,86.2,86.2,97.8
הדסה עין כרם,108.7,2022-04-28T00:00:00.000Z,108.7,124.3,86.2,86.2,97.8
הדסה עין כרם,108.7,2022-04-28T00:00:00.000Z,108.7,124.3,86.2,86.2,97.8
הדסה עין כרם,108.7,2022-04-28T00:00:00.000Z,108.7,124.3,86.2,86.2,97.8
הדסה עין כרם,108.7,2022-04-28T00:00:00.000Z,108.7,124.3,86.2,86.2,97.8
הדסה עין כרם,108.7,2022-04-28T00:00:00.000Z,108.7,124.3,86.2,86.2,97.8
הדסה עין כרם,108.7,2022-04-28T00:00:00.000Z,108.7,124.3,86.2,86.2,97.8
הדסה עין כרם,108.7,2022-04-28T00:00:00.000Z,108.7,124.3,86.2,86.2,97.8
הדסה עין כרם,108.7,2022-04-28T00:00:00.000Z,108.7,124.3,86.2,86.2,97.8
הדסה עין כרם,108.7,2022-04-28T00:00:00.000Z,108.7,124.3,86.2,86.2,97.8
הדסה עין כרם,108.7,2022-04-28T00:00:00.000Z,108.7,124.3,86.2,86.2,97.8
הדסה עין כרם,108.7,2022-04-28T00:00:00.000Z,108.7,124.3,86.2,86.2,97.8
הדסה עין כרם,108.7,2022-04-28T00:00:00.000Z,108.7,124.3,86.2,86.2,97.8
הדסה עין כרם,108.7,2022-04-28T00:00:00.000Z,108.7,124.3,86.2,86.2,97.8
הדסה עין כרם,108.7,2022-04-28T00:00:00.000Z,108.7,124.3,86.2,86.2,97.8
הדסה עין כרם,108.7,2022-04-28T00:00:00.000Z,108.7,124.3,86.2,86.2,97.8
הדסה עין כרם,108.7,2022-04-28T00:00:00.000Z,108.7,124.3,86.2,86.2,97.8
הדסה עין כרם,108.7,2022-04-28T00:00:00.000Z,108.7,124.3,86.2,86.2,97.8
הדסה עין כרם,108.7,2022-04-28T00:00:00.000Z,108.7,124.3,86.2,86.2,97.8
הדסה עין כרם,108.7,2022-04-28T00:00:00.000Z,108.7,124.3,86.2,86.2,97.8
הדסה עין כרם,108.7,2022-04-28T00:00:00.000Z,108.7,124.3,86.2,86.2,97.8
הדסה עין כרם,108.7,2022-04-28T00:00:00.000Z,108.7,124.3,86.2,86.2,97.8
הדסה עין כרם,108.7,2022-04-28T00:00:00.000Z,108.7,124.3,86.2,86.2,97.8
הדסה עין כרם,108.7,2022-04-28T00:00:00.000Z,108.7,124.3,86.2,86.2,97.8
הדסה עין כרם,108.7,2022-04-28T00:00:00.000Z,108.7,124.3,86.2,86.2,97.8
הדסה עין כרם,108.7,2022-04-28T00:00:00.000Z,108.7,124.3,86.2,86.2,97.8
הדסה עין כרם,108.7,2022-04-28T00:00:00.000Z,108.7,124.3,86.2,86.2,97.8
הדסה עין כרם,108.7,2022-04-28T00:00:00.000Z,108.7,124.3,86.2,86.2,97.8
הדסה עין כרם,108.7,2022-04-28T00:00:00.000Z,108.7,124.3,86.2,86.2,97.8
הדסה עין כרם,108.7,2022-04-28T00:00:00.000Z,108.7,124.3,86.2,86.2,97.8
הדסה עין כרם,108.7,2022-04-28T00:00:00.000Z,108.7,124.3,86.2,86.2,97.8
הדסה עין כרם,108.7,2022-04-28T00:00:00.000Z,108.7,124.3,86.2,86.2,97.8
הדסה עין כרם,108.7,2022-04-28T00:00:00.000Z,108.7,124.3,86.2,86.2,97.8
הדסה עין כרם,108.7,2022-04-28T00:00:00.000Z,108.7,124.3,86.2,86.2,97.8
הדסה עין כרם,108.7,2022-04-28T00:00:00.000Z,108.7,124.3,86.2,86.2,97.8
הדסה עין כרם,108.7,2022-04-28T00:00:00.000Z,108.7,124.3,86.2,86.2,97.8
הדסה עין כרם,108.7,2022-04-28T00:00:00.000Z,108.7,124.3,86.2,86.2,97.8
הדסה עין כרם,108.7,2022-04-28T00:00:00.000Z,108.7,124.3,86.2,86.2,97.8
הדסה עין כרם,108.7,2022-04-28T00:00:00.000Z,108.7,124.3,86.2,86.2,97.8
הדסה עין כרם,108.7,2022-04-28T00:00:00.000Z,108.7,124.3,86.2,86.2,97.8
הדסה עין כרם,108.7,2022-04-28T00:00:00.000Z,108.7,124.3,86.2,86.2,97.8
הדסה עין כרם,108.7,2022-04-28T00:00:00.000Z,108.7,124.3,86.2,86.2,97.8
הדסה עין כרם,108.7,2022-04-28T00:00:00.000Z,108.7,124.3,86.2,86.2,97.8
הדסה עין כרם,108.7,2022-04-28T00:00:00.000Z,108.7,124.3,86.2,86.2,97.8
הדסה עין כרם,108.7,2022-04-28T00:00:00.000Z,108.7,124.3,86.2,86.2,97.8
הדסה עין כרם,108.7,2022-04-28T00:00:00.000Z,108.7,124.3,86.2,86.2,97.8
הדסה עין כרם,108.7,2022-04-28T00:00:00.000Z,108.7,124.3,86.2,86.2,97.8
הדסה עין כרם,108.7,2022-04-28T00:00:00.000Z,108.7,124.3,86.2,86.2,97.8
הדסה עין כרם,108.7,2022-04-28T00:00:00.000Z,108.7,124.3,86.2,86.2,97.8
הדסה עין כרם,108.7,2022-04-28T00:00:00.000Z,108.7,124.3,86.2,86.2,97.8
הדסה עין כרם,108.7,2022-04-28T00:00:00.000Z,108.7,124.3,86.2,86.2,97.8
הדסה עין כרם,108.7,2022-04-28T00:00:00.000Z,108.7,124.3,86.2,86.2,97.8
הדסה עין כרם,108.7,2022-04-28T00:00:00.000Z,108.7,124.3,86.2,86.2,97.8
הדסה עין כרם,108.7,2022-04-28T00:00:00.000Z,108.7,124.3,86.2,86.2,97.8
הדסה עין כרם,108.7,2022-04-28T00:00:00.000Z,108.7,124.3,86.2,86.2,97.8
הדסה עין כרם,108.7,2022-04-28T00:00:00.000Z,108.7,124.3,86.2,86.2,97.8
הדסה עין כרם,108.7,2022-04-28T00:00:00.000Z,108.7,124.3,86.2,86.2,97.8
הדסה עין כרם,108.7,2022-04-28T00:00:00.000Z,108.7,124.3,86.2,86.2,97.8
הדסה עין כרם,108.7,2022-04-28T00:00:00.000Z,108.7,124.3,86.2,86.2,97.8
הדסה עין כרם,108.7,2022-04-28T00:00:00.000Z,108.7,124.3,86.2,86.2,97.8
הדסה עין כרם,108.7,2022-04-28T00:00:00.000Z,108.7,124.3,86.2,86.2,97.8
הדסה עין כרם,108.7,2022-04-28T00:00:00.000Z,108.7,124.3,86.2,86.2,97.8
הדסה עין כרם,108.7,2022-04-28T00:00:00.000Z,108.7,124.3,86.2,86.2,97.8
הדסה עין כרם,108.7,2022-04-28T00:00:00.000Z,108.7,124.3,86.2,86.2,97.8
הדסה עין כרם,108.7,2022-04-28T00:00:00.000Z,108.7,124.3,86.2,86.2,97.8
הדסה עין כרם,108.7,2022-04-28T00:00:00.000Z,108.7,124.3,86.2,86.2,97.8
הדסה עין כרם,108.7,2022-04-28T00:00:00.000Z,108.7,124.3,86.2,86.2,97.8
הדסה עין כרם,108.7,2022-04-28T00:00:00.000Z,108.7,124.3,86.2,86.2,97.8
הדסה עין כרם,108.7,2022-04-28T00:00:00.000Z,108.7,124.3,86.2,86.2,97.8
הדסה עין כרם,108.7,2022-04-28T00:00:00.000Z,108.7,124.3,86.2,86.2,97.8
הדסה עין כרם,108.7,2022-04-28T00:00:00.000Z,108.7,124.3,86.2,86.2,97.8
הדסה עין כרם,108.7,2022-04-28T00:00:00.000Z,108.7,124.3,86.2,86.2,97.8
הדסה עין כרם,108.7,2022-04-28T00:00:00.000Z,108.7,124.3,86.2,86.2,97.8
הדסה עין כרם,108.7,2022-04-28T00:00:00.000Z,108.7,124.3,86.2,86.2,97.8
הדסה עין כרם,108.7,2022-04-28T00:00:00.000Z,108.7,124.3,86.2,86.2,97.8
הדסה עין כרם,108.7,2022-04-28T00:00:00.000Z,108.7,124.3,86.2,86.2,97.8
הדסה עין כרם,108.7,2022-04-28T00:00:00.000Z,108.7,124.3,86.2,86.2,97.8
הדסה עין כרם,108.7,2022-04-28T00:00:00.000Z,108.7,124.3,86.2,86.2,97.8
הדסה עין כרם,108.7,2022-04-28T00:00:00.000Z,108.7,124.3,86.2,86.2,97.8
הדסה עין כרם,108.7,2022-04-28T00:00:00.000Z,108.7,124.3,86.2,86.2,97.8
הדסה עין כרם,108.7,2022-04-28T00:00:00.000Z,108.7,124.3,86.2,86.2,97.8
הדסה עין כרם,108.7,2022-04-28T00:00:00.000Z,108.7,124.3,86.2,86.2,97.8
הדסה עין כרם,108.7,2022-04-28T00:00:00.000Z,108.7,124.3,86.2,86.2,97.8
הדסה עין כרם,108.7,2022-04-28T00:00:00.000Z,108.7,124.3,86.2,86.2,97.8
הדסה עין כרם,108.7,2022-04-28T00:00:00.000Z,108.7,124.3,86.2,86.2,97.8
הדסה עין כרם,108.7,2022-04-28T00:00:00.000Z,108.7,124.3,86.2,86.2,97.8
הדסה עין כרם,108.7,2022-04-28T00:00:00.000Z,108.7,124.3,86.2,86.2,97.8
הדסה עין כרם,108.7,2022-04-28T00:00:00.000Z,108.7,124.3,86.2,86.2,97.8
הדסה עין כרם,108.7,2022-04-28T00:00:00.000Z,108.7,124.3,86.2,86.2,97.8
הדסה עין כרם,108.7,2022-04-28T00:00:00.000Z,108.7,124.3,86.2,86.2,97.8
הדסה עין כרם,108.7,2022-04-28T00:00:00.000Z,108.7,124.3,86.2,86.2,97.8
הדסה עין כרם,108.7,2022-04-28T00:00:00.000Z,108.7,124.3,86.2,86.2,97.8
הדסה עין כרם,108.7,2022-04-28T00:00:00.000Z,108.7,124.3,86.2,86.2,97.8
הדסה עין כרם,108.7,2022-04-28T00:00:00.000Z,108.7,124.3,86.2,86.2,97.8
הדסה עין כרם,108.7,2022-04-28T00:00:00.000Z,108.7,124.3,86.2,86.2,97.8
הדסה עין כרם,108.7,2022-04-28T00:00:00.000Z,108.7,124.3,86.2,86.2,97.8
הדסה עין כרם,108.7,2022-04-28T00:00:00.000Z,108.7,124.3,86.2,86.2,97.8
הדסה עין כרם,108.7,2022-04-28T00:00:00.000Z,108.7,124.3,86.2,86.2,97.8
הדסה עין כרם,108.7,2022-04-28T00:00:00.000Z,108.7,124.3,86.2,86.2,97.8
הדסה עין כרם,108.7,2022-04-28T00:00:00.000Z,108.7,124.3,86.2,86.2,97.8
הדסה עין כרם,108.7,2022-04-28T00:00:00.000Z,108.7,124.3,86.2,86.2,97.8
הדסה עין כרם,108.7,2022-04-28T00:00:00.000Z,108.7,124.3,86.2,86.2,97.8
הדסה עין כרם,108.7,2022-04-28T00:00:00.000Z,108.7,124.3,86.2,86.2,97.8
הדסה עין כרם,108.7,2022-04-28T00:00:00.000Z,108.7,124.3,86.2,86.2,97.8
הדסה עין כרם,108.7,2022-04-28T00:00:00.000Z,108.7,124.3,86.2,86.2,97.8
הדסה עין כרם,108.7,2022-04-28T00:00:00.000Z,108.7,124.3,86.2,86.2,97.8
הדסה עין כרם,108.7,2022-04-28T00:00:00.000Z,108.7,124.3,86.2,86.2,97.8
הדסה עין כרם,108.7,2022-04-28T00:00:00.000Z,108.7,124.3,86.2,86.2,97.8
הדסה עין כרם,108.7,2022-04-28T00:00:00.000Z,108.7,124.3,86.2,86.2,97.8
הדסה עין כרם,108.7,2022-04-28T00:00:00.000Z,108.7,124.3,86.2,86.2,97.8
הדסה עין כרם,108.7,2022-04-28T00:00:00.000Z,108.7,124.3,86.2,86.2,97.8
הדסה עין כרם,108.7,2022-04-28T00:00:00.000Z,108.7,124.3,86.2,86.2,97.8
הדסה עין כרם,108.7,2022-04-28T00:00:00.000Z,108.7,124.3,86.2,86.2,97.8
הדסה עין כרם,108.7,2022-04-28T00:00:00.000Z,108.7,124.3,86.2,86.2,97.8
הדסה עין כרם,108.7,2022-04-28T00:00:00.000Z,108.7,124.3,86.2,86.2,97.8
הדסה עין כרם,108.7,2022-04-28T00:00:00.000Z,108.7,124.3,86.2,86.2,97.8
הדסה עין כרם,108.7,2022-04-28T00:00:00.000Z,108.7,124.3,86.2,86.2,97.8
הדסה עין כרם,108.7,2022-04-28T00:00:00.000Z,108.7,124.3,86.2,86.2,97.8
הדסה עין כרם,108.7,2022-04-28T00:00:00.000Z,108.7,124.3,86.2,86.2,97.8
הדסה עין כרם,108.7,2022-04-28T00:00:00.000Z,108.7,124.3,86.2,86.2,97.8
הדסה עין כרם,108.7,2022-04-28T00:00:00.000Z,108.7,124.3,86.2,86.2,97.8
הדסה עין כרם,108.7,2022-04-28T00:00:00.000Z,108.7,124.3,86.2,86.2,97.8
הדסה עין כרם,108.7,2022-04-28T00:00:00.000Z,108.7,124.3,86.2,86.2,97.8
הדסה עין כרם,108.7,2022-04-28T00:00:00.000Z,108.7,124.3,86.2,86.2,97.8
הדסה עין כרם,108.7,2022-04-28T00:00:00.000Z,108.7,124.3,86.2,86.2,97.8
הדסה עין כרם,108.7,2022-04-28T00:00:00.000Z,108.7,124.3,86.2,86.2,97.8
הדסה עין כרם,108.7,2022-04-28T00:00:00.000Z,108.7,124.3,86.2,86.2,97.8
הדסה עין כרם,108.7,2022-04-28T00:00:00.000Z,108.7,124.3,86.2,86.2,97.8
הדסה עין כרם,108.7,2022-04-28T00:00:00.000Z,108.7,124.3,86.2,86.2,97.8
הדסה עין כרם,108.7,2022-04-28T00:00:00.000Z,108.7,124.3,86.2,86.2,97.8
הדסה עין כרם,108.7,2022-04-28T00:00:00.000Z,108.7,124.3,86.2,86.2,97.8
הדסה עין כרם,108.7,2022-04-28T00:00:00.000Z,108.7,124.3,86.2,86.2,97.8
הדסה עין כרם,108.7,2022-04-28T00:00:00.000Z,108.7,124.3,86.2,86.2,97.8
הדסה עין כרם,108.7,2022-04-28T00:00:00.000Z,108.7,124.3,86.2,86.2,97.8
הדסה עין כרם,108.7,2022-04-28T00:00:00.000Z,108.7,124.3,86.2,86.2,97.8
הדסה עין כרם,108.7,2022-04-28T00:00:00.000Z,108.7,124.3,86.2,86.2,97.8
הדסה עין כרם,108.7,2022-04-28T00:00:00.000Z,108.7,124.3,86.2,86.2,97.8
הדסה עין כרם,108.7,2022-04-28T00:00:00.000Z,108.7,124.3,86.2,86.2,97.8
הדסה עין כרם,108.7,2022-04-28T00:00:00.000Z,108.7,124.3,86.2,86.2,97.8
הדסה עין כרם,108.7,2022-04-28T00:00:00.000Z,108.7,124.3,86.2,86.2,97.8
הדסה עין כרם,108.7,2022-04-28T00:00:00.000Z,108.7,124.3,86.2,86.2,97.8
הדסה עין כרם,108.7,2022-04-28T00:00:00.000Z,108.7,124.3,86.2,86.2,97.8
הדסה עין כרם,108.7,2022-04-28T00:00:00.000Z,108.7,124.3,86.2,86.2,97.8
הדסה עין כרם,108.7,2022-04-28T00:00:00.000Z,108.7,124.3,86.2,86.2,97.8
הדסה עין כרם,108.7,2022-04-28T00:00:00.000Z,108.7,124.3,86.2,86.2,97.8
הדסה עין כרם,108.7,2022-04-28T00:00:00.000Z,108.7,124.3,86.2,86.2,97.8
הדסה עין כרם,108.7,2022-04-28T00:00:00.000Z,108.7,124.3,86.2,86.2,97.8
הדסה עין כרם,108.7,2022-04-28T00:00:00.000Z,108.7,124.3,86.2,86.2,97.8
הדסה עין כרם,108.7,2022-04-28T00:00:00.000Z,108.7,124.3,86.2,86.2,97.8
הדסה עין כרם,108.7,2022-04-28T00:00:00.000Z,108.7,124.3,86.2,86.2,97.8
הדסה עין כרם,108.7,2022-04-28T00:00:00.000Z,108.7,124.3,86.2,86.2,97.8
הדסה עין כרם,108.7,2022-04-28T00:00:00.000Z,108.7,124.3,86.2,86.2,97.8
הדסה עין כרם,108.7,2022-04-28T00:00:00.000Z,108.7,124.3,86.2,86.2,97.8
הדסה עין כרם,108.7,2022-04-28T00:00:00.000Z,108.7,124.3,86.2,86.2,97.8
הדסה עין כרם,108.7,2022-04-28T00:00:00.000Z,108.7,124.3,86.2,86.2,97.8
הדסה עין כרם,108.7,2022-04-28T00:00:00.000Z,108.7,124.3,86.2,86.2,97.8
הדסה עין כרם,108.7,2022-04-28T00:00:00.000Z,108.7,124.3,86.2,86.2,97.8
הדסה עין כרם,108.7,2022-04-28T00:00:00.000Z,108.7,124.3,86.2,86.2,97.8
הדסה עין כרם,108.7,2022-04-28T00:00:00.000Z,108.7,124.3,86.2,86.2,97.8
הדסה עין כרם,108.7,2022-04-28T00:00:00.000Z,108.7,124.3,86.2,86.2,97.8
הדסה עין כרם,108.7,2022-04-28T00:00:00.000Z,108.7,124.3,86.2,86.2,97.8
הדסה עין כרם,108.7,2022-04-28T00:00:00.000Z,108.7,124.3,86.2,86.2,97.8
הדסה עין כרם,108.7,2022-04-28T00:00:00.000Z,108.7,124.3,86.2,86.2,97.8
הדסה עין כרם,108.7,2022-04-28T00:00:00.000Z,108.7,124.3,86.2,86.2,97.8
הדסה עין כרם,108.7,2022-04-28T00:00:00.000Z,108.7,124.3,86.2,86.2,97.8
הדסה עין כרם,108.7,2022-04-28T00:00:00.000Z,108.7,124.3,86.2,86.2,97.8
הדסה עין כרם,108.7,2022-04-28T00:00:00.000Z,108.7,124.3,86.2,86.2,97.8
הדסה עין כרם,108.7,2022-04-28T00:00:00.000Z,108.7,124.3,86.2,86.2,97.8
הדסה עין כרם,108.7,2022-04-28T00:00:00.000Z,108.7,124.3,86.2,86.2,97.8
הדסה עין כרם,108.7,2022-04-28T00:00:00.000Z,108.7,124.3,86.2,86.2,97.8
הדסה עין כרם,108.7,2022-04-28T00:00:00.000Z,108.7,124.3,86.2,86.2,97.8
הדסה עין כרם,108.7,2022-04-28T00:00:00.000Z,108.7,124.3,86.2,86.2,97.8
הדסה עין כרם,108.7,2022-04-28T00:00:00.000Z,108.7,124.3,86.2,86.2,97.8
הדסה עין כרם,108.7,2022-04-28T00:00:00.000Z,108.7,124.3,86.2,86.2,97.8
הדסה עין כרם,108.7,2022-04-28T00:00:00.000Z,108.7,124.3,86.2,86.2,97.8
הדסה עין כרם,108.7,2022-04-28T00:00:00.000Z,108.7,124.3,86.2,86.2,97.8
הדסה עין כרם,108.7,2022-04-28T00:00:00.000Z,108.7,124.3,86.2,86.2,97.8
הדסה עין כרם,108.7,2022-04-28T00:00:00.000Z,108.7,124.3,86.2,86.2,97.8
הדסה עין כרם,108.7,2022-04-28T00:00:00.000Z,108.7,124.3,86.2,86.2,97.8
הדסה עין כרם,108.7,2022-04-28T00:00:00.000Z,108.7,124.3,86.2,86.2,97.8
הדסה עין כרם,108.7,2022-04-28T00:00:00.000Z,108.7,124.3,86.2,86.2,97.8
הדסה עין כרם,108.7,2022-04-28T00:00:00.000Z,108.7,124.3,86.2,86.2,97.8
הדסה עין כרם,108.7,2022-04-28T00:00:00.000Z,108.7,124.3,86.2,86.2,97.8
הדסה עין כרם,108.7,2022-04-28T00:00:00.000Z,108.7,124.3,86.2,86.2,97.8
הדסה עין כרם,108.7,2022-04-28T00:00:00.000Z,108.7,124.3,86.2,86.2,97.8
הדסה עין כרם,108.7,2022-04-28T00:00:00.000Z,108.7,124.3,86.2,86.2,97.8
הדסה עין כרם,108.7,2022-04-28T00:00:00.000Z,108.7,124.3,86.2,86.2,97.8
הדסה עין כרם,108.7,2022-04-28T00:00:00.000Z,108.7,124.3,86.2,86.2,97.8
הדסה עין כרם,108.7,2022-04-28T00:00:00.000Z,108.7,124.3,86.2,86.2,97.8
הדסה עין כרם,108.7,2022-04-28T00:00:00.000Z,108.7,124.3,86.2,86.2,97.8
הדסה עין כרם,108.7,2022-04-28T00:00:00.000Z,108.7,124.3,86.2,86.2,97.8
הדסה עין כרם,108.7,2022-04-28T00:00:00.000Z,108.7,124.3,86.2,86.2,97.8
הדסה עין כרם,108.7,2022-04-28T00:00:00.000Z,108.7,124.3,86.2,86.2,97.8
הדסה עין כרם,108.7,2022-04-28T00:00:00.000Z,108.7,124.3,86.2,86.2,97.8
הדסה עין כרם,108.7,2022-04-28T00:00:00.000Z,108.7,124.3,86.2,86.2,97.8
הדסה עין כרם,108.7,2022-04-28T00:00:00.000Z,108.7,124.3,86.2,86.2,97.8
הדסה עין כרם,108.7,2022-04-28T00:00:00.000Z,108.7,124.3,86.2,86.2,97.8
הדסה עין כרם,108.7,2022-04-28T00:00:00.000Z,108.7,124.3,86.2,86.2,97.8
הדסה עין כרם,108.7,2022-04-28T00:00:00.000Z,108.7,124.3,86.2,86.2,97.8
הדסה עין כרם,108.7,2022-04-28T00:00:00.000Z,108.7,124.3,86.2,86.2,97.8
הדסה עין כרם,108.7,2022-04-28T00:00:00.000Z,108.7,124.3,86.2,86.2,97.8
הדסה עין כרם,108.7,2022-04-28T00:00:00.000Z,108.7,124.3,86.2,86.2,97.8
הדסה עין כרם,108.7,2022-04-28T00:00:00.000Z,108.7,124.3,86.2,86.2,97.8
הדסה עין כרם,108.7,2022-04-28T00:00:00.000Z,108.7,124.3,86.2,86.2,97.8
הדסה עין כרם,108.7,2022-04-28T00:00:00.000Z,108.7,124.3,86.2,86.2,97.8
הדסה עין כרם,108.7,2022-04-28T00:00:00.000Z,108.7,124.3,86.2,86.2,97.8
הדסה עין כרם,108.7,2022-04-28T00:00:00.000Z,108.7,124.3,86.2,86.2,97.8
הדסה עין כרם,108.7,2022-04-28T00:00:00.000Z,108.7,124.3,86.2,86.2,97.8
הדסה עין כרם,108.7,2022-04-28T00:00:00.000Z,108.7,124.3,86.2,86.2,97.8
הדסה עין כרם,108.7,2022-04-28T00:00:00.000Z,108.7,124.3,86.2,86.2,97.8
הדסה עין כרם,108.7,2022-04-28T00:00:00.000Z,108.7,124.3,86.2,86.2,97.8
הדסה עין כרם,108.7,2022-04-28T00:00:00.000Z,108.7,124.3,86.2,86.2,97.8
הדסה עין כרם,108.7,2022-04-28T00:00:00.000Z,108.7,124.3,86.2,86.2,97.8
הדסה עין כרם,108.7,2022-04-28T00:00:00.000Z,108.7,124.3,86.2,86.2,97.8
הדסה עין כרם,108.7,2022-04-28T00:00:00.000Z,108.7,124.3,86.2,86.2,97.8
הדסה עין כרם,108.7,2022-04-28T00:00:00.000Z,108.7,124.3,86.2,86.2,97.8
הדסה עין כרם,108.7,2022-04-28T00:00:00.000Z,108.7,124.3,86.2,86.2,97.8
הדסה עין כרם,108.7,2022-04-28T00:00:00.000Z,108.7,124.3,86.2,86.2,97.8
הדסה עין כרם,108.7,2022-04-28T00:00:00.000Z,108.7,124.3,86.2,86.2,97.8
הדסה עין כרם,108.7,2022-04-28T00:00:00.000Z,108.7,124.3,86.2,86.2,97.8
הדסה עין כרם,108.7,2022-04-28T00:00:00.000Z,108.7,124.3,86.2,86.2,97.8
הדסה עין כרם,108.7,2022-04-28T00:00:00.000Z,108.7,124.3,86.2,86.2,97.8
הדסה עין כרם,108.7,2022-04-28T00:00:00.000Z,108.7,124.3,86.2,86.2,97.8
הדסה עין כרם,108.7,2022-04-28T00:00:00.000Z,108.7,124.3,86.2,86.2,97.8
הדסה עין כרם,108.7,2022-04-28T00:00:00.000Z,108.7,124.3,86.2,86.2,97.8
הדסה עין כרם,108.7,2022-04-28T00:00:00.000Z,108.7,124.3,86.2,86.2,97.8
הדסה עין כרם,108.7,2022-04-28T00:00:00.000Z,108.7,124.3,86.2,86.2,97.8
הדסה עין כרם,108.7,2022-04-28T00:00:00.000Z,108.7,124.3,86.2,86.2,97.8
הדסה עין כרם,108.7,2022-04-28T00:00:00.000Z,108.7,124.3,86.2,86.2,97.8
הדסה עין כרם,108.7,2022-04-28T00:00:00.000Z,108.7,124.3,86.2,86.2,97.8
הדסה עין כרם,108.7,2022-04-28T00:00:00.000Z,108.7,124.3,86.2,86.2,97.8
הדסה עין כרם,108.7,2022-04-28T00:00:00.000Z,108.7,124.3,86.2,86.2,97.8
הדסה עין כרם,108.7,2022-04-28T00:00:00.000Z,108.7,124.3,86.2,86.2,97.8
הדסה עין כרם,108.7,2022-04-28T00:00:00.000Z,108.7,124.3,86.2,86.2,97.8
הדסה עין כרם,108.7,2022-04-28T00:00:00.000Z,108.7,124.3,86.2,86.2,97.8
הדסה עין כרם,108.7,2022-04-28T00:00:00.000Z,108.7,124.3,86.2,86.2,97.8
הדסה עין כרם,108.7,2022-04-28T00:00:00.000Z,108.7,124.3,86.2,86.2,97.8
הדסה עין כרם,108.7,2022-04-28T00:00:00.000Z,108.7,124.3,86.2,86.2,97.8
הדסה עין כרם,108.7,2022-04-28T00:00:00.000Z,108.7,124.3,86.2,86.2,97.8
הדסה עין כרם,108.7,2022-04-28T00:00:00.000Z,108.7,124.3,86.2,86.2,97.8
הדסה עין כרם,108.7,2022-04-28T00:00:00.000Z,108.7,124.3,86.2,86.2,97.8
הדסה עין כרם,108.7,2022-04-28T00:00:00.000Z,108.7,124.3,86.2,86.2,97.8
הדסה עין כרם,108.7,2022-04-28T00:00:00.000Z,108.7,124.3,86.2,86.2,97.8
הדסה עין כרם,108.7,2022-04-28T00:00:00.000Z,108.7,124.3,86.2,86.2,97.8
הדסה עין כרם,108.7,2022-04-28T00:00:00.000Z,108.7,124.3,86.2,86.2,97.8
הדסה עין כרם,108.7,2022-04-28T00:00:00.000Z,108.7,124.3,86.2,86.2,97.8
הדסה עין כרם,108.7,2022-04-28T00:00:00.000Z,108.7,124.3,86.2,86.2,97.8
הדסה עין כרם,108.7,2022-04-28T00:00:00.000Z,108.7,124.3,86.2,86.2,97.8
הדסה עין כרם,108.7,2022-04-28T00:00:00.000Z,108.7,124.3,86.2,86.2,97.8
הדסה עין כרם,108.7,2022-04-28T00:00:00.000Z,108.7,124.3,86.2,86.2,97.8
הדסה עין כרם,108.7,2022-04-28T00:00:00.000Z,108.7,124.3,86.2,86.2,97.8
הדסה עין כרם,108.7,2022-04-28T00:00:00.000Z,108.7,124.3,86.2,86.2,97.8
הדסה עין כרם,108.7,2022-04-28T00:00:00.000Z,108.7,124.3,86.2,86.2,97.8
הדסה עין כרם,108.7,2022-04-28T00:00:00.000Z,108.7,124.3,86.2,86.2,97.8
הדסה עין כרם,108.7,2022-04-28T00:00:00.000Z,108.7,124.3,86.2,86.2,97.8
הדסה עין כרם,108.7,2022-04-28T00:00:00.000Z,108.7,124.3,86.2,86.2,97.8
הדסה עין כרם,108.7,2022-04-28T00:00:00.000Z,108.7,124.3,86.2,86.2,97.8
הדסה עין כרם,108.7,2022-04-28T00:00:00.000Z,108.7,124.3,86.2,86.2,97.8
הדסה עין כרם,108.7,2022-04-28T00:00:00.000Z,108.7,124.3,86.2,86.2,97.8
הדסה עין כרם,108.7,2022-04-28T00:00:00.000Z,108.7,124.3,86.2,86.2,97.8
הדסה עין כרם,108.7,2022-04-28T00:00:00.000Z,108.7,124.3,86.2,86.2,97.8
הדסה עין כרם,108.7,2022-04-28T00:00:00.000Z,108.7,124.3,86.2,86.2,97.8
הדסה עין כרם,108.7,2022-04-28T00:00:00.000Z,108.7,124.3,86.2,86.2,97.8
הדסה עין כרם,108.7,2022-04-28T00:00:00.000Z,108.7,124.3,86.2,86.2,97.8
הדסה עין כרם,108.7,2022-04-28T00:00:00.000Z,108.7,124.3,86.2,86.2,97.8
הדסה עין כרם,108.7,2022-04-28T00:00:00.000Z,108.7,124.3,86.2,86.2,97.8
הדסה עין כרם,108.7,2022-04-28T00:00:00.000Z,108.7,124.3,86.2,86.2,97.8
הדסה עין כרם,108.7,2022-04-28T00:00:00.000Z,108.7,124.3,86.2,86.2,97.8
הדסה עין כרם,108.7,2022-04-28T00:00:00.000Z,108.7,124.3,86.2,86.2,97.8
הדסה עין כרם,108.7,2022-04-28T00:00:00.000Z,108.7,124.3,86.2,86.2,97.8
הדסה עין כרם,108.7,2022-04-28T00:00:00.000Z,108.7,124.3,86.2,86.2,97.8
הדסה עין כרם,108.7,2022-04-28T00:00:00.000Z,108.7,124.3,86.2,86.2,97.8
הדסה עין כרם,108.7,2022-04-28T00:00:00.000Z,108.7,124.3,86.2,86.2,97.8
הדסה עין כרם,108.7,2022-04-28T00:00:00.000Z,108.7,124.3,86.2,86.2,97.8
הדסה עין כרם,108.7,2022-04-28T00:00:00.000Z,108.7,124.3,86.2,86.2,97.8
הדסה עין כרם,108.7,2022-04-28T00:00:00.000Z,108.7,124.3,86.2,86.2,97.8
הדסה עין כרם,108.7,2022-04-28T00:00:00.000Z,108.7,124.3,86.2,86.2,97.8
הדסה עין כרם,108.7,2022-04-28T00:00:00.000Z,108.7,124.3,86.2,86.2,97.8
הדסה עין כרם,108.7,2022-04-28T00:00:00.000Z,108.7,124.3,86.2,86.2,97.8
הדסה עין כרם,108.7,2022-04-28T00:00:00.000Z,108.7,124.3,86.2,86.2,97.8
הדסה עין כרם,108.7,2022-04-28T00:00:00.000Z,108.7,124.3,86.2,86.2,97.8
הדסה עין כרם,108.7,2022-04-28T00:00:00.000Z,108.7,124.3,86.2,86.2,97.8
הדסה עין כרם,108.7,2022-04-28T00:00:00.000Z,108.7,124.3,86.2,86.2,97.8
הדסה עין כרם,108.7,2022-04-28T00:00:00.000Z,108.7,124.3,86.2,86.2,97.8
הדסה עין כרם,108.7,2022-04-28T00:00:00.000Z,108.7,124.3,86.2,86.2,97.8
הדסה עין כרם,108.7,2022-04-28T00:00:00.000Z,108.7,124.3,86.2,86.2,97.8
הדסה עין כרם,108.7,2022-04-28T00:00:00.000Z,108.7,124.3,86.2,86.2,97.8
הדסה עין כרם,108.7,2022-04-28T00:00:00.000Z,108.7,124.3,86.2,86.2,97.8
הדסה עין כרם,108.7,2022-04-28T00:00:00.000Z,108.7,124.3,86.2,86.2,97.8
הדסה עין כרם,108.7,2022-04-28T00:00:00.000Z,108.7,124.3,86.2,86.2,97.8
הדסה עין כרם,108.7,2022-04-28T00:00:00.000Z,108.7,124.3,86.2,86.2,97.8
הדסה עין כרם,108.7,2022-04-28T00:00:00.000Z,108.7,124.3,86.2,86.2,97.8
הדסה עין כרם,108.7,2022-04-28T00:00:00.000Z,108.7,124.3,86.2,86.2,97.8
הדסה עין כרם,108.7,2022-04-28T00:00:00.000Z,108.7,124.3,86.2,86.2,97.8
הדסה עין כרם,108.7,2022-04-28T00:00:00.000Z,108.7,124.3,86.2,86.2,97.8
הדסה עין כרם,108.7,2022-04-28T00:00:00.000Z,108.7,124.3,86.2,86.2,97.8
הדסה עין כרם,108.7,2022-04-28T00:00:00.000Z,108.7,124.3,86.2,86.2,97.8
הדסה עין כרם,108.7,2022-04-28T00:00:00.000Z,108.7,124.3,86.2,86.2,97.8
הדסה עין כרם,108.7,2022-04-28T00:00:00.000Z,108.7,124.3,86.2,86.2,97.8
הדסה עין כרם,108.7,2022-04-28T00:00:00.000Z,108.7,124.3,86.2,86.2,97.8
הדסה עין כרם,108.7,2022-04-28T00:00:00.000Z,108.7,124.3,86.2,86.2,97.8
הדסה עין כרם,108.7,2022-04-28T00:00:00.000Z,108.7,124.3,86.2,86.2,97.8
הדסה עין כרם,108.7,2022-04-28T00:00:00.000Z,108.7,124.3,86.2,86.2,97.8
הדסה עין כרם,108.7,2022-04-28T00:00:00.000Z,108.7,124.3,86.2,86.2,97.8
הדסה עין כרם,108.7,2022-04-28T00:00:00.000Z,108.7,124.3,86.2,86.2,97.8
הדסה עין כרם,108.7,2022-04-28T00:00:00.000Z,108.7,124.3,86.2,86.2,97.8
הדסה עין כרם,108.7,2022-04-28T00:00:00.000Z,108.7,124.3,86.2,86.2,97.8
הדסה עין כרם,108.7,2022-04-28T00:00:00.000Z,108.7,124.3,86.2,86.2,97.8
הדסה עין כרם,108.7,2022-04-28T00:00:00.000Z,108.7,124.3,86.2,86.2,97.8
הדסה עין כרם,108.7,2022-04-28T00:00:00.000Z,108.7,124.3,86.2,86.2,97.8
הדסה עין כרם,108.7,2022-04-28T00:00:00.000Z,108.7,124.3,86.2,86.2,97.8
הדסה עין כרם,108.7,2022-04-28T00:00:00.000Z,108.7,124.3,86.2,86.2,97.8
הדסה עין כרם,108.7,2022-04-28T00:00:00.000Z,108.7,124.3,86.2,86.2,97.8
הדסה עין כרם,108.7,2022-04-28T00:00:00.000Z,108.7,124.3,86.2,86.2,97.8
הדסה עין כרם,108.7,2022-04-28T00:00:00.000Z,108.7,124.3,86.2,86.2,97.8
הדסה עין כרם,108.7,2022-04-28T00:00:00.000Z,108.7,124.3,86.2,86.2,97.8
הדסה עין כרם,108.7,2022-04-28T00:00:00.000Z,108.7,124.3,86.2,86.2,97.8
הדסה עין כרם,108.7,2022-04-28T00:00:00.000Z,108.7,124.3,86.2,86.2,97.8
הדסה עין כרם,108.7,2022-04-28T00:00:00.000Z,108.7,124.3,86.2,86.2,97.8
הדסה עין כרם,108.7,2022-04-28T00:00:00.000Z,108.7,124.3,86.2,86.2,97.8
הדסה עין כרם,108.7,2022-04-28T00:00:00.000Z,108.7,124.3,86.2,86.2,97.8
הדסה עין כרם,108.7,2022-04-28T00:00:00.000Z,108.7,124.3,86.2,86.2,97.8
הדסה עין כרם,108.7,2022-04-28T00:00:00.000Z,108.7,124.3,86.2,86.2,97.8
הדסה עין כרם,108.7,2022-04-28T00:00:00.000Z,108.7,124.3,86.2,86.2,97.8
הדסה עין כרם,108.7,2022-04-28T00:00:00.000Z,108.7,124.3,86.2,86.2,97.8
הדסה עין כרם,108.7,2022-04-28T00:00:00.000Z,108.7,124.3,86.2,86.2,97.8
הדסה עין כרם,108.7,2022-04-28T00:00:00.000Z,108.7,124.3,86.2,86.2,97.8
הדסה עין כרם,108.7,2022-04-28T00:00:00.000Z,108.7,124.3,86.2,86.2,97.8
הדסה עין כרם,108.7,2022-04-28T00:00:00.000Z,108.7,124.3,86.2,86.2,97.8
הדסה עין כרם,108.7,2022-04-28T00:00:00.000Z,108.7,124.3,86.2,86.2,97.8
הדסה עין כרם,108.7,2022-04-28T00:00:00.000Z,108.7,124.3,86.2,86.2,97.8
הדסה עין כרם,108.7,2022-04-28T00:00:00.000Z,108.7,124.3,86.2,86.2,97.8
הדסה עין כרם,108.7,2022-04-28T00:00:00.000Z,108.7,124.3,86.2,86.2,97.8
הדסה עין כרם,108.7,2022-04-28T00:00:00.000Z,108.7,124.3,86.2,86.2,97.8
הדסה עין כרם,108.7,2022-04-28T00:00:00.000Z,108.7,124.3,86.2,86.2,97.8
הדסה עין כרם,108.7,2022-04-28T00:00:00.000Z,108.7,124.3,86.2,86.2,97.8
הדסה עין כרם,108.7,2022-04-28T00:00:00.000Z,108.7,124.3,86.2,86.2,97.8
הדסה עין כרם,108.7,2022-04-28T00:00:00.000Z,108.7,124.3,86.2,86.2,97.8
הדסה עין כרם,108.7,2022-04-28T00:00:00.000Z,108.7,124.3,86.2,86.2,97.8
הדסה עין כרם,108.7,2022-04-28T00:00:00.000Z,108.7,124.3,86.2,86.2,97.8
הדסה עין כרם,108.7,2022-04-28T00:00:00.000Z,108.7,124.3,86.2,86.2,97.8
הדסה עין כרם,108.7,2022-04-28T00:00:00.000Z,108.7,124.3,86.2,86.2,97.8
הדסה עין כרם,108.7,2022-04-28T00:00:00.000Z,108.7,124.3,86.2,86.2,97.8
הדסה עין כרם,108.7,2022-04-28T00:00:00.000Z,108.7,124.3,86.2,86.2,97.8
הדסה עין כרם,108.7,2022-04-28T00:00:00.000Z,108.7,124.3,86.2,86.2,97.8
הדסה עין כרם,108.7,2022-04-28T00:00:00.000Z,108.7,124.3,86.2,86.2,97.8
הדסה עין כרם,108.7,2022-04-28T00:00:00.000Z,108.7,124.3,86.2,86.2,97.8
הדסה עין כרם,108.7,2022-04-28T00:00:00.000Z,108.7,124.3,86.2,86.2,97.8
הדסה עין כרם,108.7,2022-04-28T00:00:00.000Z,108.7,124.3,86.2,86.2,97.8
הדסה עין כרם,108.7,2022-04-28T00:00:00.000Z,108.7,124.3,86.2,86.2,97.8
הדסה עין כרם,108.7,2022-04-28T00:00:00.000Z,108.7,124.3,86.2,86.2,97.8
הדסה עין כרם,108.7,2022-04-28T00:00:00.000Z,108.7,124.3,86.2,86.2,97.8
הדסה עין כרם,108.7,2022-04-28T00:00:00.000Z,108.7,124.3,86.2,86.2,97.8
הדסה עין כרם,108.7,2022-04-28T00:00:00.000Z,108.7,124.3,86.2,86.2,97.8
הדסה עין כרם,108.7,2022-04-28T00:00:00.000Z,108.7,124.3,86.2,86.2,97.8
הדסה עין כרם,108.7,2022-04-28T00:00:00.000Z,108.7,124.3,86.2,86.2,97.8
הדסה עין כרם,108.7,2022-04-28T00:00:00.000Z,108.7,124.3,86.2,86.2,97.8
הדסה עין כרם,108.7,2022-04-28T00:00:00.000Z,108.7,124.3,86.2,86.2,97.8
הדסה עין כרם,108.7,2022-04-28T00:00:00.000Z,108.7,124.3,86.2,86.2,97.8
הדסה עין כרם,108.7,2022-04-28T00:00:00.000Z,108.7,124.3,86.2,86.2,97.8
הדסה עין כרם,108.7,2022-04-28T00:00:00.000Z,108.7,124.3,86.2,86.2,97.8
הדסה עין כרם,108.7,2022-04-28T00:00:00.000Z,108.7,124.3,86.2,86.2,97.8
הדסה עין כרם,108.7,2022-04-28T00:00:00.000Z,108.7,124.3,86.2,86.2,97.8
הדסה עין כרם,108.7,2022-04-28T00:00:00.000Z,108.7,124.3,86.2,86.2,97.8
הדסה עין כרם,108.7,2022-04-28T00:00:00.000Z,108.7,124.3,86.2,86.2,97.8
הדסה עין כרם,108.7,2022-04-28T00:00:00.000Z,108.7,124.3,86.2,86.2,97.8
הדסה עין כרם,108.7,2022-04-28T00:00:00.000Z,108.7,124.3,86.2,86.2,97.8
הדסה עין כרם,108.7,2022-04-28T00:00:00.000Z,108.7,124.3,86.2,86.2,97.8
הדסה עין כרם,108.7,2022-04-28T00:00:00.000Z,108.7,124.3,86.2,86.2,97.8
הדסה עין כרם,108.7,2022-04-28T00:00:00.000Z,108.7,124.3,86.2,86.2,97.8
הדסה עין כרם,108.7,2022-04-28T00:00:00.000Z,108.7,124.3,86.2,86.2,97.8
הדסה עין כרם,108.7,2022-04-28T00:00:00.000Z,108.7,124.3,86.2,86.2,97.8
הדסה עין כרם,108.7,2022-04-28T00:00:00.000Z,108.7,124.3,86.2,86.2,97.8
הדסה עין כרם,108.7,2022-04-28T00:00:00.000Z,108.7,124.3,86.2,86.2,97.8
הדסה עין כרם,108.7,2022-04-28T00:00:00.000Z,108.7,124.3,86.2,86.2,97.8
הדסה עין כרם,108.7,2022-04-28T00:00:00.000Z,108.7,124.3,86.2,86.2,97.8
הדסה עין כרם,108.7,2022-04-28T00:00:00.000Z,108.7,124.3,86.2,86.2,97.8
הדסה עין כרם,108.7,2022-04-28T00:00:00.000Z,108.7,124.3,86.2,86.2,97.8
שמואל הרופא,94.4,2022-04-28T00:00:00.000Z,94.4,86.1,76.8,76.8,83
שמואל הרופא,94.4,2022-04-28T00:00:00.000Z,94.4,86.1,76.8,76.8,83
שמואל הרופא,94.4,2022-04-28T00:00:00.000Z,94.4,86.1,76.8,76.8,83
שמואל הרופא,94.4,2022-04-28T00:00:00.000Z,94.4,86.1,76.8,76.8,83
שמואל הרופא,94.4,2022-04-28T00:00:00.000Z,94.4,86.1,76.8,76.8,83
שמואל הרופא,94.4,2022-04-28T00:00:00.000Z,94.4,86.1,76.8,76.8,83
שמואל הרופא,94.4,2022-04-28T00:00:00.000Z,94.4,86.1,76.8,76.8,83
שמואל הרופא,94.4,2022-04-28T00:00:00.000Z,94.4,86.1,76.8,76.8,83
שמואל הרופא,94.4,2022-04-28T00:00:00.000Z,94.4,86.1,76.8,76.8,83
שמואל הרופא,94.4,2022-04-28T00:00:00.000Z,94.4,86.1,76.8,76.8,83
שמואל הרופא,94.4,2022-04-28T00:00:00.000Z,94.4,86.1,76.8,76.8,83
שמואל הרופא,94.4,2022-04-28T00:00:00.000Z,94.4,86.1,76.8,76.8,83
שמואל הרופא,94.4,2022-04-28T00:00:00.000Z,94.4,86.1,76.8,76.8,83
שמואל הרופא,94.4,2022-04-28T00:00:00.000Z,94.4,86.1,76.8,76.8,83
שמואל הרופא,94.4,2022-04-28T00:00:00.000Z,94.4,86.1,76.8,76.8,83
שמואל הרופא,94.4,2022-04-28T00:00:00.000Z,94.4,86.1,76.8,76.8,83
שמואל הרופא,94.4,2022-04-28T00:00:00.000Z,94.4,86.1,76.8,76.8,83
שמואל הרופא,94.4,2022-04-28T00:00:00.000Z,94.4,86.1,76.8,76.8,83
שמואל הרופא,94.4,2022-04-28T00:00:00.000Z,94.4,86.1,76.8,76.8,83
שמואל הרופא,94.4,2022-04-28T00:00:00.000Z,94.4,86.1,76.8,76.8,83
שמואל הרופא,94.4,2022-04-28T00:00:00.000Z,94.4,86.1,76.8,76.8,83
שמואל הרופא,94.4,2022-04-28T00:00:00.000Z,94.4,86.1,76.8,76.8,83
שמואל הרופא,94.4,2022-04-28T00:00:00.000Z,94.4,86.1,76.8,76.8,83
שמואל הרופא,94.4,2022-04-28T00:00:00.000Z,94.4,86.1,76.8,76.8,83
שמואל הרופא,94.4,2022-04-28T00:00:00.000Z,94.4,86.1,76.8,76.8,83
שמואל הרופא,94.4,2022-04-28T00:00:00.000Z,94.4,86.1,76.8,76.8,83
שמואל הרופא,94.4,2022-04-28T00:00:00.000Z,94.4,86.1,76.8,76.8,83
שמואל הרופא,94.4,2022-04-28T00:00:00.000Z,94.4,86.1,76.8,76.8,83
שמואל הרופא,94.4,2022-04-28T00:00:00.000Z,94.4,86.1,76.8,76.8,83
שמואל הרופא,94.4,2022-04-28T00:00:00.000Z,94.4,86.1,76.8,76.8,83
שמואל הרופא,94.4,2022-04-28T00:00:00.000Z,94.4,86.1,76.8,76.8,83
שמואל הרופא,94.4,2022-04-28T00:00:00.000Z,94.4,86.1,76.8,76.8,83
פוריה,67.9,2022-04-28T00:00:00.000Z,67.9,62.8,78,78,73
פוריה,67.9,2022-04-28T00:00:00.000Z,67.9,62.8,78,78,73
פוריה,67.9,2022-04-28T00:00:00.000Z,67.9,62.8,78,78,73
פוריה,67.9,2022-04-28T00:00:00.000Z,67.9,62.8,78,78,73
פוריה,67.9,2022-04-28T00:00:00.000Z,67.9,62.8,78,78,73
פוריה,67.9,2022-04-28T00:00:00.000Z,67.9,62.8,78,78,73
פוריה,67.9,2022-04-28T00:00:00.000Z,67.9,62.8,78,78,73
פוריה,67.9,2022-04-28T00:00:00.000Z,67.9,62.8,78,78,73
פוריה,67.9,2022-04-28T00:00:00.000Z,67.9,62.8,78,78,73
פוריה,67.9,2022-04-28T00:00:00.000Z,67.9,62.8,78,78,73
פוריה,67.9,2022-04-28T00:00:00.000Z,67.9,62.8,78,78,73
פוריה,67.9,2022-04-28T00:00:00.000Z,67.9,62.8,78,78,73
פוריה,67.9,2022-04-28T00:00:00.000Z,67.9,62.8,78,78,73
פוריה,67.9,2022-04-28T00:00:00.000Z,67.9,62.8,78,78,73
פוריה,67.9,2022-04-28T00:00:00.000Z,67.9,62.8,78,78,73
פוריה,67.9,2022-04-28T00:00:00.000Z,67.9,62.8,78,78,73
פוריה,67.9,2022-04-28T00:00:00.000Z,67.9,62.8,78,78,73
פוריה,67.9,2022-04-28T00:00:00.000Z,67.9,62.8,78,78,73
פוריה,67.9,2022-04-28T00:00:00.000Z,67.9,62.8,78,78,73
פוריה,67.9,2022-04-28T00:00:00.000Z,67.9,62.8,78,78,73
פוריה,67.9,2022-04-28T00:00:00.000Z,67.9,62.8,78,78,73
פוריה,67.9,2022-04-28T00:00:00.000Z,67.9,62.8,78,78,73
פוריה,67.9,2022-04-28T00:00:00.000Z,67.9,62.8,78,78,73
פוריה,67.9,2022-04-28T00:00:00.000Z,67.9,62.8,78,78,73
פוריה,67.9,2022-04-28T00:00:00.000Z,67.9,62.8,78,78,73
פוריה,67.9,2022-04-28T00:00:00.000Z,67.9,62.8,78,78,73
פוריה,67.9,2022-04-28T00:00:00.000Z,67.9,62.8,78,78,73
פוריה,67.9,2022-04-28T00:00:00.000Z,67.9,62.8,78,78,73
פוריה,67.9,2022-04-28T00:00:00.000Z,67.9,62.8,78,78,73
פוריה,67.9,2022-04-28T00:00:00.000Z,67.9,62.8,78,78,73
פוריה,67.9,2022-04-28T00:00:00.000Z,67.9,62.8,78,78,73
פוריה,67.9,2022-04-28T00:00:00.000Z,67.9,62.8,78,78,73
הכרמל,60.4,2022-04-28T00:00:00.000Z,59.7,65.9,75.9,77.6,81.2
הכרמל,60.4,2022-04-28T00:00:00.000Z,59.8,66.3,75.9,77.3,80.8
הכרמל,60.4,2022-04-28T00:00:00.000Z,60,66.7,75.9,76.9,80.5
הכרמל,60.4,2022-04-28T00:00:00.000Z,60.1,67.1,75.9,76.6,80.2
הכרמל,60.4,2022-04-28T00:00:00.000Z,60.2,67.5,75.9,76.2,79.9
הכרמל,60.4,2022-04-28T00:00:00.000Z,60.4,67.9,75.9,75.9,79.6
הכרמל,60.4,2022-04-28T00:00:00.000Z,60.4,67.9,75.9,75.9,79.6
הכרמל,60.4,2022-04-28T00:00:00.000Z,60.4,67.9,75.9,75.9,79.6
הכרמל,60.4,2022-04-28T00:00:00.000Z,60.4,67.9,75.9,75.9,79.6
הכרמל,60.4,2022-04-28T00:00:00.000Z,60.4,67.9,75.9,75.9,79.6
הכרמל,60.4,2022-04-28T00:00:00.000Z,60.4,67.9,75.9,75.9,79.6
הכרמל,60.4,2022-04-28T00:00:00.000Z,60.4,67.9,75.9,75.9,79.6
הכרמל,60.4,2022-04-28T00:00:00.000Z,60.4,67.9,75.9,75.9,79.6
הכרמל,60.4,2022-04-28T00:00:00.000Z,60.4,67.9,75.9,75.9,79.6
הכרמל,60.4,2022-04-28T00:00:00.000Z,60.4,67.9,75.9,75.9,79.6
הכרמל,60.4,2022-04-28T00:00:00.000Z,60.4,67.9,75.9,75.9,79.6
הכרמל,60.4,2022-04-28T00:00:00.000Z,60.4,67.9,75.9,75.9,79.6
הכרמל,60.4,2022-04-28T00:00:00.000Z,60.4,67.9,75.9,75.9,79.6
הכרמל,60.4,2022-04-28T00:00:00.000Z,60.4,67.9,75.9,75.9,79.6
הכרמל,60.4,2022-04-28T00:00:00.000Z,60.4,67.9,75.9,75.9,79.6
הכרמל,60.4,2022-04-28T00:00:00.000Z,60.4,67.9,75.9,75.9,79.6
הכרמל,60.4,2022-04-28T00:00:00.000Z,60.4,67.9,75.9,75.9,79.6
הכרמל,60.4,2022-04-28T00:00:00.000Z,60.4,67.9,75.9,75.9,79.6
הכרמל,60.4,2022-04-28T00:00:00.000Z,60.4,67.9,75.9,75.9,79.6
הכרמל,60.4,2022-04-28T00:00:00.000Z,60.4,67.9,75.9,75.9,79.6
הכרמל,60.4,2022-04-28T00:00:00.000Z,60.4,67.9,75.9,75.9,79.6
הכרמל,60.4,2022-04-28T00:00:00.000Z,60.4,67.9,75.9,75.9,79.6
הכרמל,60.4,2022-04-28T00:00:00.000Z,60.4,67.9,75.9,75.9,79.6
הכרמל,60.4,2022-04-28T00:00:00.000Z,60.4,67.9,75.9,75.9,79.6
הכרמל,60.4,2022-04-28T00:00:00.000Z,60.4,67.9,75.9,75.9,79.6
הכרמל,60.4,2022-04-28T00:00:00.000Z,60.4,67.9,75.9,75.9,79.6
הכרמל,60.4,2022-04-28T00:00:00.000Z,60.4,67.9,75.9,75.9,79.6
הכרמל,60.4,2022-04-28T00:00:00.000Z,60.4,67.9,75.9,75.9,79.6
הכרמל,60.4,2022-04-28T00:00:00.000Z,60.4,67.9,75.9,75.9,79.6
פוריה,67.9,2022-04-28T00:00:00.000Z,67.9,62.8,78,78,73
פוריה,67.9,2022-04-28T00:00:00.000Z,67.9,62.8,78,78,73
פוריה,67.9,2022-04-28T00:00:00.000Z,67.9,62.8,78,78,73
פוריה,67.9,2022-04-28T00:00:00.000Z,67.9,62.8,78,78,73
פוריה,67.9,2022-04-28T00:00:00.000Z,67.9,62.8,78,78,73
פוריה,67.9,2022-04-28T00:00:00.000Z,67.9,62.8,78,78,73
פוריה,67.9,2022-04-28T00:00:00.000Z,67.9,62.8,78,78,73
פוריה,67.9,2022-04-28T00:00:00.000Z,67.9,62.8,78,78,73
פוריה,67.9,2022-04-28T00:00:00.000Z,67.9,62.8,78,78,73
פוריה,67.9,2022-04-28T00:00:00.000Z,67.9,62.8,78,78,73
פוריה,67.9,2022-04-28T00:00:00.000Z,67.9,62.8,78,78,73
פוריה,67.9,2022-04-28T00:00:00.000Z,67.9,62.8,78,78,73
פוריה,67.9,2022-04-28T00:00:00.000Z,67.9,62.8,78,78,73
פוריה,67.9,2022-04-28T00:00:00.000Z,67.9,62.8,78,78,73
פוריה,67.9,2022-04-28T00:00:00.000Z,67.9,62.8,78,78,73
פוריה,67.9,2022-04-28T00:00:00.000Z,67.9,62.8,78,78,73
פוריה,67.9,2022-04-28T00:00:00.000Z,67.9,62.8,78,78,73
פוריה,67.9,2022-04-28T00:00:00.000Z,67.9,62.8,78,78,73
פוריה,67.9,2022-04-28T00:00:00.000Z,67.9,62.8,78,78,73
פוריה,67.9,2022-04-28T00:00:00.000Z,67.9,62.8,78,78,73
פוריה,67.9,2022-04-28T00:00:00.000Z,67.9,62.8,78,78,73
פוריה,67.9,2022-04-28T00:00:00.000Z,67.9,62.8,78,78,73
פוריה,67.9,2022-04-28T00:00:00.000Z,67.9,62.8,78,78,73
פוריה,67.9,2022-04-28T00:00:00.000Z,67.9,62.8,78,78,73
פוריה,67.9,2022-04-28T00:00:00.000Z,67.9,62.8,78,78,73
פוריה,67.9,2022-04-28T00:00:00.000Z,67.9,62.8,78,78,73
פוריה,67.9,2022-04-28T00:00:00.000Z,67.9,62.8,78,78,73
פוריה,67.9,2022-04-28T00:00:00.000Z,67.9,62.8,78,78,73
פוריה,67.9,2022-04-28T00:00:00.000Z,67.9,62.8,78,78,73
פוריה,67.9,2022-04-28T00:00:00.000Z,67.9,62.8,78,78,73
פוריה,67.9,2022-04-28T00:00:00.000Z,67.9,62.8,78,78,73
פוריה,67.9,2022-04-28T00:00:00.000Z,67.9,62.8,78,78,73
פוריה,67.9,2022-04-28T00:00:00.000Z,67.9,62.8,78,78,73
פוריה,67.9,2022-04-28T00:00:00.000Z,67.9,62.8,78,78,73
פוריה,67.9,2022-04-28T00:00:00.000Z,67.9,62.8,78,78,73
פוריה,67.9,2022-04-28T00:00:00.000Z,67.9,62.8,78,78,73
פוריה,67.9,2022-04-28T00:00:00.000Z,67.9,62.8,78,78,73
פוריה,67.9,2022-04-28T00:00:00.000Z,67.9,62.8,78,78,73
פוריה,67.9,2022-04-28T00:00:00.000Z,67.9,62.8,78,78,73
פוריה,67.9,2022-04-28T00:00:00.000Z,67.9,62.8,78,78,73
פוריה,67.9,2022-04-28T00:00:00.000Z,67.9,62.8,78,78,73
פוריה,67.9,2022-04-28T00:00:00.000Z,67.9,62.8,78,78,73
פוריה,67.9,2022-04-28T00:00:00.000Z,67.9,62.8,78,78,73
פוריה,67.9,2022-04-28T00:00:00.000Z,67.9,62.8,78,78,73
פוריה,67.9,2022-04-28T00:00:00.000Z,67.9,62.8,78,78,73
פוריה,67.9,2022-04-28T00:00:00.000Z,67.9,62.8,78,78,73
פוריה,67.9,2022-04-28T00:00:00.000Z,67.9,62.8,78,78,73
פוריה,67.9,2022-04-28T00:00:00.000Z,67.9,62.8,78,78,73
פוריה,67.9,2022-04-28T00:00:00.000Z,67.9,62.8,78,78,73
פוריה,67.9,2022-04-28T00:00:00.000Z,67.9,62.8,78,78,73
פוריה,67.9,2022-04-28T00:00:00.000Z,67.9,62.8,78,78,73
פוריה,67.9,2022-04-28T00:00:00.000Z,67.9,62.8,78,78,73
פוריה,67.9,2022-04-28T00:00:00.000Z,67.9,62.8,78,78,73
פוריה,67.9,2022-04-28T00:00:00.000Z,67.9,62.8,78,78,73
פוריה,67.9,2022-04-28T00:00:00.000Z,67.9,62.8,78,78,73
פוריה,67.9,2022-04-28T00:00:00.000Z,67.9,62.8,78,78,73
פוריה,67.9,2022-04-28T00:00:00.000Z,67.9,62.8,78,78,73
פוריה,67.9,2022-04-28T00:00:00.000Z,67.9,62.8,78,78,73
פוריה,67.9,2022-04-28T00:00:00.000Z,67.9,62.8,78,78,73
פוריה,67.9,2022-04-28T00:00:00.000Z,67.9,62.8,78,78,73
פוריה,67.9,2022-04-28T00:00:00.000Z,67.9,62.8,78,78,73
פוריה,67.9,2022-04-28T00:00:00.000Z,67.9,62.8,78,78,73
פוריה,67.9,2022-04-28T00:00:00.000Z,67.9,62.8,78,78,73
פוריה,67.9,2022-04-28T00:00:00.000Z,67.9,62.8,78,78,73
פוריה,67.9,2022-04-28T00:00:00.000Z,67.9,62.8,78,78,73
פוריה,67.9,2022-04-28T00:00:00.000Z,67.9,62.8,78,78,73
פוריה,67.9,2022-04-28T00:00:00.000Z,67.9,62.8,78,78,73
פוריה,67.9,2022-04-28T00:00:00.000Z,67.9,62.8,78,78,73
בני ציון,93.4,2022-04-28T00:00:00.000Z,93.4,88.4,86.4,86.4,85.7
בני ציון,93.4,2022-04-28T00:00:00.000Z,93.4,88.4,86.4,86.4,85.7
בני ציון,93.4,2022-04-28T00:00:00.000Z,93.4,88.4,86.4,86.4,85.7
בני ציון,93.4,2022-04-28T00:00:00.000Z,93.4,88.4,86.4,86.4,85.7
בני ציון,93.4,2022-04-28T00:00:00.000Z,93.4,88.4,86.4,86.4,85.7
בני ציון,93.4,2022-04-28T00:00:00.000Z,93.4,88.4,86.4,86.4,85.7
בני ציון,93.4,2022-04-28T00:00:00.000Z,93.4,88.4,86.4,86.4,85.7
בני ציון,93.4,2022-04-28T00:00:00.000Z,93.4,88.4,86.4,86.4,85.7
בני ציון,93.4,2022-04-28T00:00:00.000Z,93.4,88.4,86.4,86.4,85.7
בני ציון,93.4,2022-04-28T00:00:00.000Z,93.4,88.4,86.4,86.4,85.7
בני ציון,93.4,2022-04-28T00:00:00.000Z,93.4,88.4,86.4,86.4,85.7
בני ציון,93.4,2022-04-28T00:00:00.000Z,93.4,88.4,86.4,86.4,85.7
בני ציון,93.4,2022-04-28T00:00:00.000Z,93.4,88.4,86.4,86.4,85.7
בני ציון,93.4,2022-04-28T00:00:00.000Z,93.4,88.4,86.4,86.4,85.7
בני ציון,93.4,2022-04-28T00:00:00.000Z,93.4,88.4,86.4,86.4,85.7
בני ציון,93.4,2022-04-28T00:00:00.000Z,93.4,88.4,86.4,86.4,85.7
בני ציון,93.4,2022-04-28T00:00:00.000Z,93.4,88.4,86.4,86.4,85.7
בני ציון,93.4,2022-04-28T00:00:00.000Z,93.4,88.4,86.4,86.4,85.7
בני ציון,93.4,2022-04-28T00:00:00.000Z,93.4,88.4,86.4,86.4,85.7
בני ציון,93.4,2022-04-28T00:00:00.000Z,93.4,88.4,86.4,86.4,85.7
בני ציון,93.4,2022-04-28T00:00:00.000Z,93.4,88.4,86.4,86.4,85.7
בני ציון,93.4,2022-04-28T00:00:00.000Z,93.4,88.4,86.4,86.4,85.7
בני ציון,93.4,2022-04-28T00:00:00.000Z,93.4,88.4,86.4,86.4,85.7
בני ציון,93.4,2022-04-28T00:00:00.000Z,93.4,88.4,86.4,86.4,85.7
בני ציון,93.4,2022-04-28T00:00:00.000Z,93.4,88.4,86.4,86.4,85.7
בני ציון,93.4,2022-04-28T00:00:00.000Z,93.4,88.4,86.4,86.4,85.7
בני ציון,93.4,2022-04-28T00:00:00.000Z,93.4,88.4,86.4,86.4,85.7
בני ציון,93.4,2022-04-28T00:00:00.000Z,93.4,88.4,86.4,86.4,85.7
בני ציון,93.4,2022-04-28T00:00:00.000Z,93.4,88.4,86.4,86.4,85.7
בני ציון,93.4,2022-04-28T00:00:00.000Z,93.4,88.4,86.4,86.4,85.7
בני ציון,93.4,2022-04-28T00:00:00.000Z,93.4,88.4,86.4,86.4,85.7
בני ציון,93.4,2022-04-28T00:00:00.000Z,93.4,88.4,86.4,86.4,85.7
בני ציון,93.4,2022-04-28T00:00:00.000Z,93.4,88.4,86.4,86.4,85.7
בני ציון,93.4,2022-04-28T00:00:00.000Z,93.4,88.4,86.4,86.4,85.7
בני ציון,93.4,2022-04-28T00:00:00.000Z,93.4,88.4,86.4,86.4,85.7
בני ציון,93.4,2022-04-28T00:00:00.000Z,93.4,88.4,86.4,86.4,85.7
בני ציון,93.4,2022-04-28T00:00:00.000Z,93.4,88.4,86.4,86.4,85.7
בני ציון,93.4,2022-04-28T00:00:00.000Z,93.4,88.4,86.4,86.4,85.7
בני ציון,93.4,2022-04-28T00:00:00.000Z,93.4,88.4,86.4,86.4,85.7
בני ציון,93.4,2022-04-28T00:00:00.000Z,93.4,88.4,86.4,86.4,85.7
בני ציון,93.4,2022-04-28T00:00:00.000Z,93.4,88.4,86.4,86.4,85.7
בני ציון,93.4,2022-04-28T00:00:00.000Z,93.4,88.4,86.4,86.4,85.7
בני ציון,93.4,2022-04-28T00:00:00.000Z,93.4,88.4,86.4,86.4,85.7
בני ציון,93.4,2022-04-28T00:00:00.000Z,93.4,88.4,86.4,86.4,85.7
בני ציון,93.4,2022-04-28T00:00:00.000Z,93.4,88.4,86.4,86.4,85.7
בני ציון,93.4,2022-04-28T00:00:00.000Z,93.4,88.4,86.4,86.4,85.7
בני ציון,93.4,2022-04-28T00:00:00.000Z,93.4,88.4,86.4,86.4,85.7
בני ציון,93.4,2022-04-28T00:00:00.000Z,93.4,88.4,86.4,86.4,85.7
בני ציון,93.4,2022-04-28T00:00:00.000Z,93.4,88.4,86.4,86.4,85.7
בני ציון,93.4,2022-04-28T00:00:00.000Z,93.4,88.4,86.4,86.4,85.7
בני ציון,93.4,2022-04-28T00:00:00.000Z,93.4,88.4,86.4,86.4,85.7
בני ציון,93.4,2022-04-28T00:00:00.000Z,93.4,88.4,86.4,86.4,85.7
בני ציון,93.4,2022-04-28T00:00:00.000Z,93.4,88.4,86.4,86.4,85.7
בני ציון,93.4,2022-04-28T00:00:00.000Z,93.4,88.4,86.4,86.4,85.7
בני ציון,93.4,2022-04-28T00:00:00.000Z,93.4,88.4,86.4,86.4,85.7
בני ציון,93.4,2022-04-28T00:00:00.000Z,93.4,88.4,86.4,86.4,85.7
בני ציון,93.4,2022-04-28T00:00:00.000Z,93.4,88.4,86.4,86.4,85.7
בני ציון,93.4,2022-04-28T00:00:00.000Z,93.4,88.4,86.4,86.4,85.7
בני ציון,93.4,2022-04-28T00:00:00.000Z,93.4,88.4,86.4,86.4,85.7
בני ציון,93.4,2022-04-28T00:00:00.000Z,93.4,88.4,86.4,86.4,85.7
בני ציון,93.4,2022-04-28T00:00:00.000Z,93.4,88.4,86.4,86.4,85.7
בני ציון,93.4,2022-04-28T00:00:00.000Z,93.4,88.4,86.4,86.4,85.7
בני ציון,93.4,2022-04-28T00:00:00.000Z,93.4,88.4,86.4,86.4,85.7
בני ציון,93.4,2022-04-28T00:00:00.000Z,93.4,88.4,86.4,86.4,85.7
בני ציון,93.4,2022-04-28T00:00:00.000Z,93.4,88.4,86.4,86.4,85.7
בני ציון,93.4,2022-04-28T00:00:00.000Z,93.4,88.4,86.4,86.4,85.7
אסותא אשדוד,139,2022-04-28T00:00:00.000Z,139,184.7,141.3,142.7,152.9
אסותא אשדוד,139,2022-04-28T00:00:00.000Z,139,183.5,141.3,142.5,153.6
אסותא אשדוד,139,2022-04-28T00:00:00.000Z,139,182.3,141.3,142.3,154.4
אסותא אשדוד,139,2022-04-28T00:00:00.000Z,139,181.1,141.3,142.1,155.1
אסותא אשדוד,139,2022-04-28T00:00:00.000Z,139,179.9,141.3,141.9,155.8
אסותא אשדוד,139,2022-04-28T00:00:00.000Z,139,178.7,141.3,141.7,156.6
אסותא אשדוד,139,2022-04-28T00:00:00.000Z,139,177.5,141.3,141.5,157.3
אסותא אשדוד,139,2022-04-28T00:00:00.000Z,139,176.3,141.3,141.3,158
אסותא אשדוד,139,2022-04-28T00:00:00.000Z,139,176.3,141.3,141.3,158
אסותא אשדוד,139,2022-04-28T00:00:00.000Z,139,176.3,141.3,141.3,158
אסותא אשדוד,139,2022-04-28T00:00:00.000Z,139,176.3,141.3,141.3,158
אסותא אשדוד,139,2022-04-28T00:00:00.000Z,139,176.3,141.3,141.3,158
אסותא אשדוד,139,2022-04-28T00:00:00.000Z,139,176.3,141.3,141.3,158
אסותא אשדוד,139,2022-04-28T00:00:00.000Z,139,176.3,141.3,141.3,158
אסותא אשדוד,139,2022-04-28T00:00:00.000Z,139,176.3,141.3,141.3,158
אסותא אשדוד,139,2022-04-28T00:00:00.000Z,139,176.3,141.3,141.3,158
אסותא אשדוד,139,2022-04-28T00:00:00.000Z,139,176.3,141.3,141.3,158
אסותא אשדוד,139,2022-04-28T00:00:00.000Z,139,176.3,141.3,141.3,158
אסותא אשדוד,139,2022-04-28T00:00:00.000Z,139,176.3,141.3,141.3,158
אסותא אשדוד,139,2022-04-28T00:00:00.000Z,139,176.3,141.3,141.3,158
אסותא אשדוד,139,2022-04-28T00:00:00.000Z,139,176.3,141.3,141.3,158
אסותא אשדוד,139,2022-04-28T00:00:00.000Z,139,176.3,141.3,141.3,158
אסותא אשדוד,139,2022-04-28T00:00:00.000Z,139,176.3,141.3,141.3,158
אסותא אשדוד,139,2022-04-28T00:00:00.000Z,139,176.3,141.3,141.3,158
אסותא אשדוד,139,2022-04-28T00:00:00.000Z,139,176.3,141.3,141.3,158
אסותא אשדוד,139,2022-04-28T00:00:00.000Z,139,176.3,141.3,141.3,158
אסותא אשדוד,139,2022-04-28T00:00:00.000Z,139,176.3,141.3,141.3,158
אסותא אשדוד,139,2022-04-28T00:00:00.000Z,139,176.3,141.3,141.3,158
אסותא אשדוד,139,2022-04-28T00:00:00.000Z,139,176.3,141.3,141.3,158
אסותא אשדוד,139,2022-04-28T00:00:00.000Z,139,176.3,141.3,141.3,158
אסותא אשדוד,139,2022-04-28T00:00:00.000Z,139,176.3,141.3,141.3,158
אסותא אשדוד,139,2022-04-28T00:00:00.000Z,139,176.3,141.3,141.3,158
אסותא אשדוד,139,2022-04-28T00:00:00.000Z,139,176.3,141.3,141.3,158
אסותא אשדוד,139,2022-04-28T00:00:00.000Z,139,176.3,141.3,141.3,158
אסותא אשדוד,139,2022-04-28T00:00:00.000Z,139,176.3,141.3,141.3,158
אסותא אשדוד,139,2022-04-28T00:00:00.000Z,139,176.3,141.3,141.3,158
אסותא אשדוד,139,2022-04-28T00:00:00.000Z,139,176.3,141.3,141.3,158
אסותא אשדוד,139,2022-04-28T00:00:00.000Z,139,176.3,141.3,141.3,158
אסותא אשדוד,139,2022-04-28T00:00:00.000Z,139,176.3,141.3,141.3,158
אסותא אשדוד,139,2022-04-28T00:00:00.000Z,139,176.3,141.3,141.3,158
אסותא אשדוד,139,2022-04-28T00:00:00.000Z,139,176.3,141.3,141.3,158
אסותא אשדוד,139,2022-04-28T00:00:00.000Z,139,176.3,141.3,141.3,158
אסותא אשדוד,139,2022-04-28T00:00:00.000Z,139,176.3,141.3,141.3,158
אסותא אשדוד,139,2022-04-28T00:00:00.000Z,139,176.3,141.3,141.3,158
אסותא אשדוד,139,2022-04-28T00:00:00.000Z,139,176.3,141.3,141.3,158
אסותא אשדוד,139,2022-04-28T00:00:00.000Z,139,176.3,141.3,141.3,158
אסותא אשדוד,139,2022-04-28T00:00:00.000Z,139,176.3,141.3,141.3,158
אסותא אשדוד,139,2022-04-28T00:00:00.000Z,139,176.3,141.3,141.3,158
אסותא אשדוד,139,2022-04-28T00:00:00.000Z,139,176.3,141.3,141.3,158
אסותא אשדוד,139,2022-04-28T00:00:00.000Z,139,176.3,141.3,141.3,158
אסותא אשדוד,139,2022-04-28T00:00:00.000Z,139,176.3,141.3,141.3,158
אסותא אשדוד,139,2022-04-28T00:00:00.000Z,139,176.3,141.3,141.3,158
אסותא אשדוד,139,2022-04-28T00:00:00.000Z,139,176.3,141.3,141.3,158
אסותא אשדוד,139,2022-04-28T00:00:00.000Z,139,176.3,141.3,141.3,158
אסותא אשדוד,139,2022-04-28T00:00:00.000Z,139,176.3,141.3,141.3,158
אסותא אשדוד,139,2022-04-28T00:00:00.000Z,139,176.3,141.3,141.3,158
אסותא אשדוד,139,2022-04-28T00:00:00.000Z,139,176.3,141.3,141.3,158
אסותא אשדוד,139,2022-04-28T00:00:00.000Z,139,176.3,141.3,141.3,158
אסותא אשדוד,139,2022-04-28T00:00:00.000Z,139,176.3,141.3,141.3,158
אסותא אשדוד,139,2022-04-28T00:00:00.000Z,139,176.3,141.3,141.3,158
אסותא אשדוד,139,2022-04-28T00:00:00.000Z,139,176.3,141.3,141.3,158
אסותא אשדוד,139,2022-04-28T00:00:00.000Z,139,176.3,141.3,141.3,158
אסותא אשדוד,139,2022-04-28T00:00:00.000Z,139,176.3,141.3,141.3,158
אסותא אשדוד,139,2022-04-28T00:00:00.000Z,139,176.3,141.3,141.3,158
אסותא אשדוד,139,2022-04-28T00:00:00.000Z,139,176.3,141.3,141.3,158
אסותא אשדוד,139,2022-04-28T00:00:00.000Z,139,176.3,141.3,141.3,158
אסותא אשדוד,139,2022-04-28T00:00:00.000Z,139,176.3,141.3,141.3,158
אסותא אשדוד,139,2022-04-28T00:00:00.000Z,139,176.3,141.3,141.3,158
אסותא אשדוד,139,2022-04-28T00:00:00.000Z,139,176.3,141.3,141.3,158
אסותא אשדוד,139,2022-04-28T00:00:00.000Z,139,176.3,141.3,141.3,158
אסותא אשדוד,139,2022-04-28T00:00:00.000Z,139,176.3,141.3,141.3,158
אסותא אשדוד,139,2022-04-28T00:00:00.000Z,139,176.3,141.3,141.3,158
אסותא אשדוד,139,2022-04-28T00:00:00.000Z,139,176.3,141.3,141.3,158
אסותא אשדוד,139,2022-04-28T00:00:00.000Z,139,176.3,141.3,141.3,158
אסותא אשדוד,139,2022-04-28T00:00:00.000Z,139,176.3,141.3,141.3,158
אסותא אשדוד,139,2022-04-28T00:00:00.000Z,139,176.3,141.3,141.3,158
אסותא אשדוד,139,2022-04-28T00:00:00.000Z,139,176.3,141.3,141.3,158
אסותא אשדוד,139,2022-04-28T00:00:00.000Z,139,176.3,141.3,141.3,158
אסותא אשדוד,139,2022-04-28T00:00:00.000Z,139,176.3,141.3,141.3,158
אסותא אשדוד,139,2022-04-28T00:00:00.000Z,139,176.3,141.3,141.3,158
אסותא אשדוד,139,2022-04-28T00:00:00.000Z,139,176.3,141.3,141.3,158
אסותא אשדוד,139,2022-04-28T00:00:00.000Z,139,176.3,141.3,141.3,158
אסותא אשדוד,139,2022-04-28T00:00:00.000Z,139,176.3,141.3,141.3,158
אסותא אשדוד,139,2022-04-28T00:00:00.000Z,139,176.3,141.3,141.3,158
אסותא אשדוד,139,2022-04-28T00:00:00.000Z,139,176.3,141.3,141.3,158
אסותא אשדוד,139,2022-04-28T00:00:00.000Z,139,176.3,141.3,141.3,158
אסותא אשדוד,139,2022-04-28T00:00:00.000Z,139,176.3,141.3,141.3,158
אסותא אשדוד,139,2022-04-28T00:00:00.000Z,139,176.3,141.3,141.3,158
אסותא אשדוד,139,2022-04-28T00:00:00.000Z,139,176.3,141.3,141.3,158
אסותא אשדוד,139,2022-04-28T00:00:00.000Z,139,176.3,141.3,141.3,158
אסותא אשדוד,139,2022-04-28T00:00:00.000Z,139,176.3,141.3,141.3,158
אסותא אשדוד,139,2022-04-28T00:00:00.000Z,139,176.3,141.3,141.3,158
אסותא אשדוד,139,2022-04-28T00:00:00.000Z,139,176.3,141.3,141.3,158
אסותא אשדוד,139,2022-04-28T00:00:00.000Z,139,176.3,141.3,141.3,158
אסותא אשדוד,139,2022-04-28T00:00:00.000Z,139,176.3,141.3,141.3,158
אסותא אשדוד,139,2022-04-28T00:00:00.000Z,139,176.3,141.3,141.3,158
אסותא אשדוד,139,2022-04-28T00:00:00.000Z,139,176.3,141.3,141.3,158
אסותא אשדוד,139,2022-04-28T00:00:00.000Z,139,176.3,141.3,141.3,158
אסותא אשדוד,139,2022-04-28T00:00:00.000Z,139,176.3,141.3,141.3,158
אסותא אשדוד,139,2022-04-28T00:00:00.000Z,139,176.3,141.3,141.3,158
אסותא אשדוד,139,2022-04-28T00:00:00.000Z,139,176.3,141.3,141.3,158
אסותא אשדוד,139,2022-04-28T00:00:00.000Z,139,176.3,141.3,141.3,158
אסותא אשדוד,139,2022-04-28T00:00:00.000Z,139,176.3,141.3,141.3,158
אסותא אשדוד,139,2022-04-28T00:00:00.000Z,139,176.3,141.3,141.3,158
אסותא אשדוד,139,2022-04-28T00:00:00.000Z,139,176.3,141.3,141.3,158
אסותא אשדוד,139,2022-04-28T00:00:00.000Z,139,176.3,141.3,141.3,158
אסותא אשדוד,139,2022-04-28T00:00:00.000Z,139,176.3,141.3,141.3,158
אסותא אשדוד,139,2022-04-28T00:00:00.000Z,139,176.3,141.3,141.3,158
אסותא אשדוד,139,2022-04-28T00:00:00.000Z,139,176.3,141.3,141.3,158
אסותא אשדוד,139,2022-04-28T00:00:00.000Z,139,176.3,141.3,141.3,158
אסותא אשדוד,139,2022-04-28T00:00:00.000Z,139,176.3,141.3,141.3,158
אסותא אשדוד,139,2022-04-28T00:00:00.000Z,139,176.3,141.3,141.3,158
אסותא אשדוד,139,2022-04-28T00:00:00.000Z,139,176.3,141.3,141.3,158
אסותא אשדוד,139,2022-04-28T00:00:00.000Z,139,176.3,141.3,141.3,158
אסותא אשדוד,139,2022-04-28T00:00:00.000Z,139,176.3,141.3,141.3,158
אסותא אשדוד,139,2022-04-28T00:00:00.000Z,139,176.3,141.3,141.3,158
אסותא אשדוד,139,2022-04-28T00:00:00.000Z,139,176.3,141.3,141.3,158
אסותא אשדוד,139,2022-04-28T00:00:00.000Z,139,176.3,141.3,141.3,158
אסותא אשדוד,139,2022-04-28T00:00:00.000Z,139,176.3,141.3,141.3,158
אסותא אשדוד,139,2022-04-28T00:00:00.000Z,139,176.3,141.3,141.3,158
אסותא אשדוד,139,2022-04-28T00:00:00.000Z,139,176.3,141.3,141.3,158
אסותא אשדוד,139,2022-04-28T00:00:00.000Z,139,176.3,141.3,141.3,158
אסותא אשדוד,139,2022-04-28T00:00:00.000Z,139,176.3,141.3,141.3,158
אסותא אשדוד,139,2022-04-28T00:00:00.000Z,139,176.3,141.3,141.3,158
אסותא אשדוד,139,2022-04-28T00:00:00.000Z,139,176.3,141.3,141.3,158
אסותא אשדוד,139,2022-04-28T00:00:00.000Z,139,176.3,141.3,141.3,158
אסותא אשדוד,139,2022-04-28T00:00:00.000Z,139,176.3,141.3,141.3,158
אסותא אשדוד,139,2022-04-28T00:00:00.000Z,139,176.3,141.3,141.3,158
אסותא אשדוד,139,2022-04-28T00:00:00.000Z,139,176.3,141.3,141.3,158
אסותא אשדוד,139,2022-04-28T00:00:00.000Z,139,176.3,141.3,141.3,158
אסותא אשדוד,139,2022-04-28T00:00:00.000Z,139,176.3,141.3,141.3,158
אסותא אשדוד,139,2022-04-28T00:00:00.000Z,139,176.3,141.3,141.3,158
אסותא אשדוד,139,2022-04-28T00:00:00.000Z,139,176.3,141.3,141.3,158
אסותא אשדוד,139,2022-04-28T00:00:00.000Z,139,176.3,141.3,141.3,158
אסותא אשדוד,139,2022-04-28T00:00:00.000Z,139,176.3,141.3,141.3,158
אסותא אשדוד,139,2022-04-28T00:00:00.000Z,139,176.3,141.3,141.3,158
אסותא אשדוד,139,2022-04-28T00:00:00.000Z,139,176.3,141.3,141.3,158
אסותא אשדוד,139,2022-04-28T00:00:00.000Z,139,176.3,141.3,141.3,158
אסותא אשדוד,139,2022-04-28T00:00:00.000Z,139,176.3,141.3,141.3,158
אסותא אשדוד,139,2022-04-28T00:00:00.000Z,139,176.3,141.3,141.3,158
אסותא אשדוד,139,2022-04-28T00:00:00.000Z,139,176.3,141.3,141.3,158
אסותא אשדוד,139,2022-04-28T00:00:00.000Z,139,176.3,141.3,141.3,158
אסותא אשדוד,139,2022-04-28T00:00:00.000Z,139,176.3,141.3,141.3,158
אסותא אשדוד,139,2022-04-28T00:00:00.000Z,139,176.3,141.3,141.3,158
אסותא אשדוד,139,2022-04-28T00:00:00.000Z,139,176.3,141.3,141.3,158
אסותא אשדוד,139,2022-04-28T00:00:00.000Z,139,176.3,141.3,141.3,158
אסותא אשדוד,139,2022-04-28T00:00:00.000Z,139,176.3,141.3,141.3,158
אסותא אשדוד,139,2022-04-28T00:00:00.000Z,139,176.3,141.3,141.3,158
אסותא אשדוד,139,2022-04-28T00:00:00.000Z,139,176.3,141.3,141.3,158
אסותא אשדוד,139,2022-04-28T00:00:00.000Z,139,176.3,141.3,141.3,158
אסותא אשדוד,139,2022-04-28T00:00:00.000Z,139,176.3,141.3,141.3,158
אסותא אשדוד,139,2022-04-28T00:00:00.000Z,139,176.3,141.3,141.3,158
אסותא אשדוד,139,2022-04-28T00:00:00.000Z,139,176.3,141.3,141.3,158
אסותא אשדוד,139,2022-04-28T00:00:00.000Z,139,176.3,141.3,141.3,158
אסותא אשדוד,139,2022-04-28T00:00:00.000Z,139,176.3,141.3,141.3,158
אסותא אשדוד,139,2022-04-28T00:00:00.000Z,139,176.3,141.3,141.3,158
אסותא אשדוד,139,2022-04-28T00:00:00.000Z,139,176.3,141.3,141.3,158
אסותא אשדוד,139,2022-04-28T00:00:00.000Z,139,176.3,141.3,141.3,158
אסותא אשדוד,139,2022-04-28T00:00:00.000Z,139,176.3,141.3,141.3,158
אסותא אשדוד,139,2022-04-28T00:00:00.000Z,139,176.3,141.3,141.3,158
אסותא אשדוד,139,2022-04-28T00:00:00.000Z,139,176.3,141.3,141.3,158
אסותא אשדוד,139,2022-04-28T00:00:00.000Z,139,176.3,141.3,141.3,158
אסותא אשדוד,139,2022-04-28T00:00:00.000Z,139,176.3,141.3,141.3,158
אסותא אשדוד,139,2022-04-28T00:00:00.000Z,139,176.3,141.3,141.3,158
אסותא אשדוד,139,2022-04-28T00:00:00.000Z,139,176.3,141.3,141.3,158
אסותא אשדוד,139,2022-04-28T00:00:00.000Z,139,176.3,141.3,141.3,158
אסותא אשדוד,139,2022-04-28T00:00:00.000Z,139,176.3,141.3,141.3,158
אסותא אשדוד,139,2022-04-28T00:00:00.000Z,139,176.3,141.3,141.3,158
אסותא אשדוד,139,2022-04-28T00:00:00.000Z,139,176.3,141.3,141.3,158
אסותא אשדוד,139,2022-04-28T00:00:00.000Z,139,176.3,141.3,141.3,158
אסותא אשדוד,139,2022-04-28T00:00:00.000Z,139,176.3,141.3,141.3,158
אסותא אשדוד,139,2022-04-28T00:00:00.000Z,139,176.3,141.3,141.3,158
אסותא אשדוד,139,2022-04-28T00:00:00.000Z,139,176.3,141.3,141.3,158
אסותא אשדוד,139,2022-04-28T00:00:00.000Z,139,176.3,141.3,141.3,158
אסותא אשדוד,139,2022-04-28T00:00:00.000Z,139,176.3,141.3,141.3,158
אסותא אשדוד,139,2022-04-28T00:00:00.000Z,139,176.3,141.3,141.3,158
אסותא אשדוד,139,2022-04-28T00:00:00.000Z,139,176.3,141.3,141.3,158
אסותא אשדוד,139,2022-04-28T00:00:00.000Z,139,176.3,141.3,141.3,158
אסותא אשדוד,139,2022-04-28T00:00:00.000Z,139,176.3,141.3,141.3,158
אסותא אשדוד,139,2022-04-28T00:00:00.000Z,139,176.3,141.3,141.3,158
אסותא אשדוד,139,2022-04-28T00:00:00.000Z,139,176.3,141.3,141.3,158
אסותא אשדוד,139,2022-04-28T00:00:00.000Z,139,176.3,141.3,141.3,158
אסותא אשדוד,139,2022-04-28T00:00:00.000Z,139,176.3,141.3,141.3,158
אסותא אשדוד,139,2022-04-28T00:00:00.000Z,139,176.3,141.3,141.3,158
אסותא אשדוד,139,2022-04-28T00:00:00.000Z,139,176.3,141.3,141.3,158
אסותא אשדוד,139,2022-04-28T00:00:00.000Z,139,176.3,141.3,141.3,158
אסותא אשדוד,139,2022-04-28T00:00:00.000Z,139,176.3,141.3,141.3,158
אסותא אשדוד,139,2022-04-28T00:00:00.000Z,139,176.3,141.3,141.3,158
אסותא אשדוד,139,2022-04-28T00:00:00.000Z,139,176.3,141.3,141.3,158
אסותא אשדוד,139,2022-04-28T00:00:00.000Z,139,176.3,141.3,141.3,158
אסותא אשדוד,139,2022-04-28T00:00:00.000Z,139,176.3,141.3,141.3,158
אסותא אשדוד,139,2022-04-28T00:00:00.000Z,139,176.3,141.3,141.3,158
אסותא אשדוד,139,2022-04-28T00:00:00.000Z,139,176.3,141.3,141.3,158
אסותא אשדוד,139,2022-04-28T00:00:00.000Z,139,176.3,141.3,141.3,158
אסותא אשדוד,139,2022-04-28T00:00:00.000Z,139,176.3,141.3,141.3,158
אסותא אשדוד,139,2022-04-28T00:00:00.000Z,139,176.3,141.3,141.3,158
אסותא אשדוד,139,2022-04-28T00:00:00.000Z,139,176.3,141.3,141.3,158
אסותא אשדוד,139,2022-04-28T00:00:00.000Z,139,176.3,141.3,141.3,158
אסותא אשדוד,139,2022-04-28T00:00:00.000Z,139,176.3,141.3,141.3,158
אסותא אשדוד,139,2022-04-28T00:00:00.000Z,139,176.3,141.3,141.3,158
אסותא אשדוד,139,2022-04-28T00:00:00.000Z,139,176.3,141.3,141.3,158
אסותא אשדוד,139,2022-04-28T00:00:00.000Z,139,176.3,141.3,141.3,158
אסותא אשדוד,139,2022-04-28T00:00:00.000Z,139,176.3,141.3,141.3,158
אסותא אשדוד,139,2022-04-28T00:00:00.000Z,139,176.3,141.3,141.3,158
אסותא אשדוד,139,2022-04-28T00:00:00.000Z,139,176.3,141.3,141.3,158
אסותא אשדוד,139,2022-04-28T00:00:00.000Z,139,176.3,141.3,141.3,158
אסותא אשדוד,139,2022-04-28T00:00:00.000Z,139,176.3,141.3,141.3,158
אסותא אשדוד,139,2022-04-28T00:00:00.000Z,139,176.3,141.3,141.3,158
אסותא אשדוד,139,2022-04-28T00:00:00.000Z,139,176.3,141.3,141.3,158
אסותא אשדוד,139,2022-04-28T00:00:00.000Z,139,176.3,141.3,141.3,158
אסותא אשדוד,139,2022-04-28T00:00:00.000Z,139,176.3,141.3,141.3,158
אסותא אשדוד,139,2022-04-28T00:00:00.000Z,139,176.3,141.3,141.3,158
אסותא אשדוד,139,2022-04-28T00:00:00.000Z,139,176.3,141.3,141.3,158
אסותא אשדוד,139,2022-04-28T00:00:00.000Z,139,176.3,141.3,141.3,158
אסותא אשדוד,139,2022-04-28T00:00:00.000Z,139,176.3,141.3,141.3,158
אסותא אשדוד,139,2022-04-28T00:00:00.000Z,139,176.3,141.3,141.3,158
אסותא אשדוד,139,2022-04-28T00:00:00.000Z,139,176.3,141.3,141.3,158
אסותא אשדוד,139,2022-04-28T00:00:00.000Z,139,176.3,141.3,141.3,158
אסותא אשדוד,139,2022-04-28T00:00:00.000Z,139,176.3,141.3,141.3,158
אסותא אשדוד,139,2022-04-28T00:00:00.000Z,139,176.3,141.3,141.3,158
אסותא אשדוד,139,2022-04-28T00:00:00.000Z,139,176.3,141.3,141.3,158
אסותא אשדוד,139,2022-04-28T00:00:00.000Z,139,176.3,141.3,141.3,158
אסותא אשדוד,139,2022-04-28T00:00:00.000Z,139,176.3,141.3,141.3,158
אסותא אשדוד,139,2022-04-28T00:00:00.000Z,139,176.3,141.3,141.3,158
אסותא אשדוד,139,2022-04-28T00:00:00.000Z,139,176.3,141.3,141.3,158
אסותא אשדוד,139,2022-04-28T00:00:00.000Z,139,176.3,141.3,141.3,158
אסותא אשדוד,139,2022-04-28T00:00:00.000Z,139,176.3,141.3,141.3,158
אסותא אשדוד,139,2022-04-28T00:00:00.000Z,139,176.3,141.3,141.3,158
אסותא אשדוד,139,2022-04-28T00:00:00.000Z,139,176.3,141.3,141.3,158
אסותא אשדוד,139,2022-04-28T00:00:00.000Z,139,176.3,141.3,141.3,158
אסותא אשדוד,139,2022-04-28T00:00:00.000Z,139,176.3,141.3,141.3,158
אסותא אשדוד,139,2022-04-28T00:00:00.000Z,139,176.3,141.3,141.3,158
אסותא אשדוד,139,2022-04-28T00:00:00.000Z,139,176.3,141.3,141.3,158
אסותא אשדוד,139,2022-04-28T00:00:00.000Z,139,176.3,141.3,141.3,158
אסותא אשדוד,139,2022-04-28T00:00:00.000Z,139,176.3,141.3,141.3,158
אסותא אשדוד,139,2022-04-28T00:00:00.000Z,139,176.3,141.3,141.3,158
אסותא אשדוד,139,2022-04-28T00:00:00.000Z,139,176.3,141.3,141.3,158
אסותא אשדוד,139,2022-04-28T00:00:00.000Z,139,176.3,141.3,141.3,158
אסותא אשדוד,139,2022-04-28T00:00:00.000Z,139,176.3,141.3,141.3,158
אסותא אשדוד,139,2022-04-28T00:00:00.000Z,139,176.3,141.3,141.3,158
אסותא אשדוד,139,2022-04-28T00:00:00.000Z,139,176.3,141.3,141.3,158
אסותא אשדוד,139,2022-04-28T00:00:00.000Z,139,176.3,141.3,141.3,158
אסותא אשדוד,139,2022-04-28T00:00:00.000Z,139,176.3,141.3,141.3,158
אסותא אשדוד,139,2022-04-28T00:00:00.000Z,139,176.3,141.3,141.3,158
אסותא אשדוד,139,2022-04-28T00:00:00.000Z,139,176.3,141.3,141.3,158
אסותא אשדוד,139,2022-04-28T00:00:00.000Z,139,176.3,141.3,141.3,158
אסותא אשדוד,139,2022-04-28T00:00:00.000Z,139,176.3,141.3,141.3,158
אסותא אשדוד,139,2022-04-28T00:00:00.000Z,139,176.3,141.3,141.3,158
אסותא אשדוד,139,2022-04-28T00:00:00.000Z,139,176.3,141.3,141.3,158
אסותא אשדוד,139,2022-04-28T00:00:00.000Z,139,176.3,141.3,141.3,158
אסותא אשדוד,139,2022-04-28T00:00:00.000Z,139,176.3,141.3,141.3,158
אסותא אשדוד,139,2022-04-28T00:00:00.000Z,139,176.3,141.3,141.3,158
אסותא אשדוד,139,2022-04-28T00:00:00.000Z,139,176.3,141.3,141.3,158
אסותא אשדוד,139,2022-04-28T00:00:00.000Z,139,176.3,141.3,141.3,158
אסותא אשדוד,139,2022-04-28T00:00:00.000Z,139,176.3,141.3,141.3,158
אסותא אשדוד,139,2022-04-28T00:00:00.000Z,139,176.3,141.3,141.3,158
אסותא אשדוד,139,2022-04-28T00:00:00.000Z,139,176.3,141.3,141.3,158
אסותא אשדוד,139,2022-04-28T00:00:00.000Z,139,176.3,141.3,141.3,158
אסותא אשדוד,139,2022-04-28T00:00:00.000Z,139,176.3,141.3,141.3,158
אסותא אשדוד,139,2022-04-28T00:00:00.000Z,139,176.3,141.3,141.3,158
אסותא אשדוד,139,2022-04-28T00:00:00.000Z,139,176.3,141.3,141.3,158
אסותא אשדוד,139,2022-04-28T00:00:00.000Z,139,176.3,141.3,141.3,158
אסותא אשדוד,139,2022-04-28T00:00:00.000Z,139,176.3,141.3,141.3,158
אסותא אשדוד,139,2022-04-28T00:00:00.000Z,139,176.3,141.3,141.3,158
אסותא אשדוד,139,2022-04-28T00:00:00.000Z,139,176.3,141.3,141.3,158
אסותא אשדוד,139,2022-04-28T00:00:00.000Z,139,176.3,141.3,141.3,158
אסותא אשדוד,139,2022-04-28T00:00:00.000Z,139,176.3,141.3,141.3,158
אסותא אשדוד,139,2022-04-28T00:00:00.000Z,139,176.3,141.3,141.3,158
אסותא אשדוד,139,2022-04-28T00:00:00.000Z,139,176.3,141.3,141.3,158
אסותא אשדוד,139,2022-04-28T00:00:00.000Z,139,176.3,141.3,141.3,158
אסותא אשדוד,139,2022-04-28T00:00:00.000Z,139,176.3,141.3,141.3,158
אסותא אשדוד,139,2022-04-28T00:00:00.000Z,139,176.3,141.3,141.3,158
אסותא אשדוד,139,2022-04-28T00:00:00.000Z,139,176.3,141.3,141.3,158
אסותא אשדוד,139,2022-04-28T00:00:00.000Z,139,176.3,141.3,141.3,158
אסותא אשדוד,139,2022-04-28T00:00:00.000Z,139,176.3,141.3,141.3,158
אסותא אשדוד,139,2022-04-28T00:00:00.000Z,139,176.3,141.3,141.3,158
אסותא אשדוד,139,2022-04-28T00:00:00.000Z,139,176.3,141.3,141.3,158
אסותא אשדוד,139,2022-04-28T00:00:00.000Z,139,176.3,141.3,141.3,158
אסותא אשדוד,139,2022-04-28T00:00:00.000Z,139,176.3,141.3,141.3,158
אסותא אשדוד,139,2022-04-28T00:00:00.000Z,139,176.3,141.3,141.3,158
אסותא אשדוד,139,2022-04-28T00:00:00.000Z,139,176.3,141.3,141.3,158
אסותא אשדוד,139,2022-04-28T00:00:00.000Z,139,176.3,141.3,141.3,158
אסותא אשדוד,139,2022-04-28T00:00:00.000Z,139,176.3,141.3,141.3,158
אסותא אשדוד,139,2022-04-28T00:00:00.000Z,139,176.3,141.3,141.3,158
אסותא אשדוד,139,2022-04-28T00:00:00.000Z,139,176.3,141.3,141.3,158
אסותא אשדוד,139,2022-04-28T00:00:00.000Z,139,176.3,141.3,141.3,158
אסותא אשדוד,139,2022-04-28T00:00:00.000Z,139,176.3,141.3,141.3,158
אסותא אשדוד,139,2022-04-28T00:00:00.000Z,139,176.3,141.3,141.3,158
אסותא אשדוד,139,2022-04-28T00:00:00.000Z,139,176.3,141.3,141.3,158
אסותא אשדוד,139,2022-04-28T00:00:00.000Z,139,176.3,141.3,141.3,158
אסותא אשדוד,139,2022-04-28T00:00:00.000Z,139,176.3,141.3,141.3,158
אסותא אשדוד,139,2022-04-28T00:00:00.000Z,139,176.3,141.3,141.3,158
אסותא אשדוד,139,2022-04-28T00:00:00.000Z,139,176.3,141.3,141.3,158
אסותא אשדוד,139,2022-04-28T00:00:00.000Z,139,176.3,141.3,141.3,158
אסותא אשדוד,139,2022-04-28T00:00:00.000Z,139,176.3,141.3,141.3,158
אסותא אשדוד,139,2022-04-28T00:00:00.000Z,139,176.3,141.3,141.3,158
אסותא אשדוד,139,2022-04-28T00:00:00.000Z,139,176.3,141.3,141.3,158
אסותא אשדוד,139,2022-04-28T00:00:00.000Z,139,176.3,141.3,141.3,158
אסותא אשדוד,139,2022-04-28T00:00:00.000Z,139,176.3,141.3,141.3,158
אסותא אשדוד,139,2022-04-28T00:00:00.000Z,139,176.3,141.3,141.3,158
אסותא אשדוד,139,2022-04-28T00:00:00.000Z,139,176.3,141.3,141.3,158
אסותא אשדוד,139,2022-04-28T00:00:00.000Z,139,176.3,141.3,141.3,158
אסותא אשדוד,139,2022-04-28T00:00:00.000Z,139,176.3,141.3,141.3,158
אסותא אשדוד,139,2022-04-28T00:00:00.000Z,139,176.3,141.3,141.3,158
אסותא אשדוד,139,2022-04-28T00:00:00.000Z,139,176.3,141.3,141.3,158
אסותא אשדוד,139,2022-04-28T00:00:00.000Z,139,176.3,141.3,141.3,158
אסותא אשדוד,139,2022-04-28T00:00:00.000Z,139,176.3,141.3,141.3,158
אסותא אשדוד,139,2022-04-28T00:00:00.000Z,139,176.3,141.3,141.3,158
אסותא אשדוד,139,2022-04-28T00:00:00.000Z,139,176.3,141.3,141.3,158
אסותא אשדוד,139,2022-04-28T00:00:00.000Z,139,176.3,141.3,141.3,158
אסותא אשדוד,139,2022-04-28T00:00:00.000Z,139,176.3,141.3,141.3,158
אסותא אשדוד,139,2022-04-28T00:00:00.000Z,139,176.3,141.3,141.3,158
אסותא אשדוד,139,2022-04-28T00:00:00.000Z,139,176.3,141.3,141.3,158
אסותא אשדוד,139,2022-04-28T00:00:00.000Z,139,176.3,141.3,141.3,158
אסותא אשדוד,139,2022-04-28T00:00:00.000Z,139,176.3,141.3,141.3,158
אסותא אשדוד,139,2022-04-28T00:00:00.000Z,139,176.3,141.3,141.3,158
אסותא אשדוד,139,2022-04-28T00:00:00.000Z,139,176.3,141.3,141.3,158
אסותא אשדוד,139,2022-04-28T00:00:00.000Z,139,176.3,141.3,141.3,158
אסותא אשדוד,139,2022-04-28T00:00:00.000Z,139,176.3,141.3,141.3,158
אסותא אשדוד,139,2022-04-28T00:00:00.000Z,139,176.3,141.3,141.3,158
אסותא אשדוד,139,2022-04-28T00:00:00.000Z,139,176.3,141.3,141.3,158
אסותא אשדוד,139,2022-04-28T00:00:00.000Z,139,176.3,141.3,141.3,158
אסותא אשדוד,139,2022-04-28T00:00:00.000Z,139,176.3,141.3,141.3,158
אסותא אשדוד,139,2022-04-28T00:00:00.000Z,139,176.3,141.3,141.3,158
אסותא אשדוד,139,2022-04-28T00:00:00.000Z,139,176.3,141.3,141.3,158
אסותא אשדוד,139,2022-04-28T00:00:00.000Z,139,176.3,141.3,141.3,158
אסותא אשדוד,139,2022-04-28T00:00:00.000Z,139,176.3,141.3,141.3,158
אסותא אשדוד,139,2022-04-28T00:00:00.000Z,139,176.3,141.3,141.3,158
אסותא אשדוד,139,2022-04-28T00:00:00.000Z,139,176.3,141.3,141.3,158
אסותא אשדוד,139,2022-04-28T00:00:00.000Z,139,176.3,141.3,141.3,158
אסותא אשדוד,139,2022-04-28T00:00:00.000Z,139,176.3,141.3,141.3,158
אסותא אשדוד,139,2022-04-28T00:00:00.000Z,139,176.3,141.3,141.3,158
אסותא אשדוד,139,2022-04-28T00:00:00.000Z,139,176.3,141.3,141.3,158
אסותא אשדוד,139,2022-04-28T00:00:00.000Z,139,176.3,141.3,141.3,158
אסותא אשדוד,139,2022-04-28T00:00:00.000Z,139,176.3,141.3,141.3,158
אסותא אשדוד,139,2022-04-28T00:00:00.000Z,139,176.3,141.3,141.3,158
אסותא אשדוד,139,2022-04-28T00:00:00.000Z,139,176.3,141.3,141.3,158
אסותא אשדוד,139,2022-04-28T00:00:00.000Z,139,176.3,141.3,141.3,158
אסותא אשדוד,139,2022-04-28T00:00:00.000Z,139,176.3,141.3,141.3,158
אסותא אשדוד,139,2022-04-28T00:00:00.000Z,139,176.3,141.3,141.3,158
אסותא אשדוד,139,2022-04-28T00:00:00.000Z,139,176.3,141.3,141.3,158
אסותא אשדוד,139,2022-04-28T00:00:00.000Z,139,176.3,141.3,141.3,158
אסותא אשדוד,139,2022-04-28T00:00:00.000Z,139,176.3,141.3,141.3,158
אסותא אשדוד,139,2022-04-28T00:00:00.000Z,139,176.3,141.3,141.3,158
אסותא אשדוד,139,2022-04-28T00:00:00.000Z,139,176.3,141.3,141.3,158
אסותא אשדוד,139,2022-04-28T00:00:00.000Z,139,176.3,141.3,141.3,158
אסותא אשדוד,139,2022-04-28T00:00:00.000Z,139,176.3,141.3,141.3,158
אסותא אשדוד,139,2022-04-28T00:00:00.000Z,139,176.3,141.3,141.3,158
אסותא אשדוד,139,2022-04-28T00:00:00.000Z,139,176.3,141.3,141.3,158
אסותא אשדוד,139,2022-04-28T00:00:00.000Z,139,176.3,141.3,141.3,158
אסותא אשדוד,139,2022-04-28T00:00:00.000Z,139,176.3,141.3,141.3,158
אסותא אשדוד,139,2022-04-28T00:00:00.000Z,139,176.3,141.3,141.3,158
אסותא אשדוד,139,2022-04-28T00:00:00.000Z,139,176.3,141.3,141.3,158
אסותא אשדוד,139,2022-04-28T00:00:00.000Z,139,176.3,141.3,141.3,158
אסותא אשדוד,139,2022-04-28T00:00:00.000Z,139,176.3,141.3,141.3,158
אסותא אשדוד,139,2022-04-28T00:00:00.000Z,139,176.3,141.3,141.3,158
אסותא אשדוד,139,2022-04-28T00:00:00.000Z,139,176.3,141.3,141.3,158
אסותא אשדוד,139,2022-04-28T00:00:00.000Z,139,176.3,141.3,141.3,158
אסותא אשדוד,139,2022-04-28T00:00:00.000Z,139,176.3,141.3,141.3,158
אסותא אשדוד,139,2022-04-28T00:00:00.000Z,139,176.3,141.3,141.3,158
אסותא אשדוד,139,2022-04-28T00:00:00.000Z,139,176.3,141.3,141.3,158
אסותא אשדוד,139,2022-04-28T00:00:00.000Z,139,176.3,141.3,141.3,158
אסותא אשדוד,139,2022-04-28T00:00:00.000Z,139,176.3,141.3,141.3,158
אסותא אשדוד,139,2022-04-28T00:00:00.000Z,139,176.3,141.3,141.3,158
אסותא אשדוד,139,2022-04-28T00:00:00.000Z,139,176.3,141.3,141.3,158
אסותא אשדוד,139,2022-04-28T00:00:00.000Z,139,176.3,141.3,141.3,158
אסותא אשדוד,139,2022-04-28T00:00:00.000Z,139,176.3,141.3,141.3,158
אסותא אשדוד,139,2022-04-28T00:00:00.000Z,139,176.3,141.3,141.3,158
אסותא אשדוד,139,2022-04-28T00:00:00.000Z,139,176.3,141.3,141.3,158
אסותא אשדוד,139,2022-04-28T00:00:00.000Z,139,176.3,141.3,141.3,158
אסותא אשדוד,139,2022-04-28T00:00:00.000Z,139,176.3,141.3,141.3,158
אסותא אשדוד,139,2022-04-28T00:00:00.000Z,139,176.3,141.3,141.3,158
אסותא אשדוד,139,2022-04-28T00:00:00.000Z,139,176.3,141.3,141.3,158
אסותא אשדוד,139,2022-04-28T00:00:00.000Z,139,176.3,141.3,141.3,158
אסותא אשדוד,139,2022-04-28T00:00:00.000Z,139,176.3,141.3,141.3,158
אסותא אשדוד,139,2022-04-28T00:00:00.000Z,139,176.3,141.3,141.3,158
אסותא אשדוד,139,2022-04-28T00:00:00.000Z,139,176.3,141.3,141.3,158
אסותא אשדוד,139,2022-04-28T00:00:00.000Z,139,176.3,141.3,141.3,158
אסותא אשדוד,139,2022-04-28T00:00:00.000Z,139,176.3,141.3,141.3,158
אסותא אשדוד,139,2022-04-28T00:00:00.000Z,139,176.3,141.3,141.3,158
אסותא אשדוד,139,2022-04-28T00:00:00.000Z,139,176.3,141.3,141.3,158
אסותא אשדוד,139,2022-04-28T00:00:00.000Z,139,176.3,141.3,141.3,158
אסותא אשדוד,139,2022-04-28T00:00:00.000Z,139,176.3,141.3,141.3,158
אסותא אשדוד,139,2022-04-28T00:00:00.000Z,139,176.3,141.3,141.3,158
אסותא אשדוד,139,2022-04-28T00:00:00.000Z,139,176.3,141.3,141.3,158
אסותא אשדוד,139,2022-04-28T00:00:00.000Z,139,176.3,141.3,141.3,158
אסותא אשדוד,139,2022-04-28T00:00:00.000Z,139,176.3,141.3,141.3,158
אסותא אשדוד,139,2022-04-28T00:00:00.000Z,139,176.3,141.3,141.3,158
אסותא אשדוד,139,2022-04-28T00:00:00.000Z,139,176.3,141.3,141.3,158
אסותא אשדוד,139,2022-04-28T00:00:00.000Z,139,176.3,141.3,141.3,158
אסותא אשדוד,139,2022-04-28T00:00:00.000Z,139,176.3,141.3,141.3,158
אסותא אשדוד,139,2022-04-28T00:00:00.000Z,139,176.3,141.3,141.3,158
אסותא אשדוד,139,2022-04-28T00:00:00.000Z,139,176.3,141.3,141.3,158
אסותא אשדוד,139,2022-04-28T00:00:00.000Z,139,176.3,141.3,141.3,158
אסותא אשדוד,139,2022-04-28T00:00:00.000Z,139,176.3,141.3,141.3,158
אסותא אשדוד,139,2022-04-28T00:00:00.000Z,139,176.3,141.3,141.3,158
אסותא אשדוד,139,2022-04-28T00:00:00.000Z,139,176.3,141.3,141.3,158
אסותא אשדוד,139,2022-04-28T00:00:00.000Z,139,176.3,141.3,141.3,158
אסותא אשדוד,139,2022-04-28T00:00:00.000Z,139,176.3,141.3,141.3,158
אסותא אשדוד,139,2022-04-28T00:00:00.000Z,139,176.3,141.3,141.3,158
אסותא אשדוד,139,2022-04-28T00:00:00.000Z,139,176.3,141.3,141.3,158
אסותא אשדוד,139,2022-04-28T00:00:00.000Z,139,176.3,141.3,141.3,158
אסותא אשדוד,139,2022-04-28T00:00:00.000Z,139,176.3,141.3,141.3,158
אסותא אשדוד,139,2022-04-28T00:00:00.000Z,139,176.3,141.3,141.3,158
אסותא אשדוד,139,2022-04-28T00:00:00.000Z,139,176.3,141.3,141.3,158
אסותא אשדוד,139,2022-04-28T00:00:00.000Z,139,176.3,141.3,141.3,158
אסותא אשדוד,139,2022-04-28T00:00:00.000Z,139,176.3,141.3,141.3,158
אסותא אשדוד,139,2022-04-28T00:00:00.000Z,139,176.3,141.3,141.3,158
אסותא אשדוד,139,2022-04-28T00:00:00.000Z,139,176.3,141.3,141.3,158
אסותא אשדוד,139,2022-04-28T00:00:00.000Z,139,176.3,141.3,141.3,158
אסותא אשדוד,139,2022-04-28T00:00:00.000Z,139,176.3,141.3,141.3,158
אסותא אשדוד,139,2022-04-28T00:00:00.000Z,139,176.3,141.3,141.3,158
אסותא אשדוד,139,2022-04-28T00:00:00.000Z,139,176.3,141.3,141.3,158
אסותא אשדוד,139,2022-04-28T00:00:00.000Z,139,176.3,141.3,141.3,158
אסותא אשדוד,139,2022-04-28T00:00:00.000Z,139,176.3,141.3,141.3,158
אסותא אשדוד,139,2022-04-28T00:00:00.000Z,139,176.3,141.3,141.3,158
אסותא אשדוד,139,2022-04-28T00:00:00.000Z,139,176.3,141.3,141.3,158
אסותא אשדוד,139,2022-04-28T00:00:00.000Z,139,176.3,141.3,141.3,158
אסותא אשדוד,139,2022-04-28T00:00:00.000Z,139,176.3,141.3,141.3,158
אסותא אשדוד,139,2022-04-28T00:00:00.000Z,139,176.3,141.3,141.3,158
אסותא אשדוד,139,2022-04-28T00:00:00.000Z,139,176.3,141.3,141.3,158
אסותא אשדוד,139,2022-04-28T00:00:00.000Z,139,176.3,141.3,141.3,158
אסותא אשדוד,139,2022-04-28T00:00:00.000Z,139,176.3,141.3,141.3,158
אסותא אשדוד,139,2022-04-28T00:00:00.000Z,139,176.3,141.3,141.3,158
אסותא אשדוד,139,2022-04-28T00:00:00.000Z,139,176.3,141.3,141.3,158
אסותא אשדוד,139,2022-04-28T00:00:00.000Z,139,176.3,141.3,141.3,158
אסותא אשדוד,139,2022-04-28T00:00:00.000Z,139,176.3,141.3,141.3,158
אסותא אשדוד,139,2022-04-28T00:00:00.000Z,139,176.3,141.3,141.3,158
אסותא אשדוד,139,2022-04-28T00:00:00.000Z,139,176.3,141.3,141.3,158
אסותא אשדוד,139,2022-04-28T00:00:00.000Z,139,176.3,141.3,141.3,158
אסותא אשדוד,139,2022-04-28T00:00:00.000Z,139,176.3,141.3,141.3,158
אסותא אשדוד,139,2022-04-28T00:00:00.000Z,139,176.3,141.3,141.3,158
אסותא אשדוד,139,2022-04-28T00:00:00.000Z,139,176.3,141.3,141.3,158
אסותא אשדוד,139,2022-04-28T00:00:00.000Z,139,176.3,141.3,141.3,158
אסותא אשדוד,139,2022-04-28T00:00:00.000Z,139,176.3,141.3,141.3,158
אסותא אשדוד,139,2022-04-28T00:00:00.000Z,139,176.3,141.3,141.3,158
אסותא אשדוד,139,2022-04-28T00:00:00.000Z,139,176.3,141.3,141.3,158
אסותא אשדוד,139,2022-04-28T00:00:00.000Z,139,176.3,141.3,141.3,158
אסותא אשדוד,139,2022-04-28T00:00:00.000Z,139,176.3,141.3,141.3,158
אסותא אשדוד,139,2022-04-28T00:00:00.000Z,139,176.3,141.3,141.3,158
אסותא אשדוד,139,2022-04-28T00:00:00.000Z,139,176.3,141.3,141.3,158
קפלן,74.7,2022-04-28T00:00:00.000Z,84.7,103.3,72.4,79.9,84.5
קפלן,74.7,2022-04-28T00:00:00.000Z,83.2,102.5,72.4,78.8,83.5
קפלן,74.7,2022-04-28T00:00:00.000Z,81.8,101.6,72.4,77.7,82.6
קפלן,74.7,2022-04-28T00:00:00.000Z,80.4,100.8,72.4,76.7,81.7
קפלן,74.7,2022-04-28T00:00:00.000Z,79,99.9,72.4,75.6,80.8
קפלן,74.7,2022-04-28T00:00:00.000Z,77.5,99,72.4,74.6,79.8
קפלן,74.7,2022-04-28T00:00:00.000Z,76.1,98.2,72.4,73.5,78.9
קפלן,74.7,2022-04-28T00:00:00.000Z,74.7,97.3,72.4,72.4,78
קפלן,74.7,2022-04-28T00:00:00.000Z,74.7,97.3,72.4,72.4,78
קפלן,74.7,2022-04-28T00:00:00.000Z,74.7,97.3,72.4,72.4,78
קפלן,74.7,2022-04-28T00:00:00.000Z,74.7,97.3,72.4,72.4,78
קפלן,74.7,2022-04-28T00:00:00.000Z,74.7,97.3,72.4,72.4,78
קפלן,74.7,2022-04-28T00:00:00.000Z,74.7,97.3,72.4,72.4,78
קפלן,74.7,2022-04-28T00:00:00.000Z,74.7,97.3,72.4,72.4,78
קפלן,74.7,2022-04-28T00:00:00.000Z,74.7,97.3,72.4,72.4,78
קפלן,74.7,2022-04-28T00:00:00.000Z,74.7,97.3,72.4,72.4,78
קפלן,74.7,2022-04-28T00:00:00.000Z,74.7,97.3,72.4,72.4,78
קפלן,74.7,2022-04-28T00:00:00.000Z,74.7,97.3,72.4,72.4,78
קפלן,74.7,2022-04-28T00:00:00.000Z,74.7,97.3,72.4,72.4,78
קפלן,74.7,2022-04-28T00:00:00.000Z,74.7,97.3,72.4,72.4,78
קפלן,74.7,2022-04-28T00:00:00.000Z,74.7,97.3,72.4,72.4,78
קפלן,74.7,2022-04-28T00:00:00.000Z,74.7,97.3,72.4,72.4,78
קפלן,74.7,2022-04-28T00:00:00.000Z,74.7,97.3,72.4,72.4,78
קפלן,74.7,2022-04-28T00:00:00.000Z,74.7,97.3,72.4,72.4,78
קפלן,74.7,2022-04-28T00:00:00.000Z,74.7,97.3,72.4,72.4,78
קפלן,74.7,2022-04-28T00:00:00.000Z,74.7,97.3,72.4,72.4,78
קפלן,74.7,2022-04-28T00:00:00.000Z,74.7,97.3,72.4,72.4,78
קפלן,74.7,2022-04-28T00:00:00.000Z,74.7,97.3,72.4,72.4,78
קפלן,74.7,2022-04-28T00:00:00.000Z,74.7,97.3,72.4,72.4,78
קפלן,74.7,2022-04-28T00:00:00.000Z,74.7,97.3,72.4,72.4,78
קפלן,74.7,2022-04-28T00:00:00.000Z,74.7,97.3,72.4,72.4,78
קפלן,74.7,2022-04-28T00:00:00.000Z,74.7,97.3,72.4,72.4,78
קפלן,74.7,2022-04-28T00:00:00.000Z,74.7,97.3,72.4,72.4,78
קפלן,74.7,2022-04-28T00:00:00.000Z,74.7,97.3,72.4,72.4,78
קפלן,74.7,2022-04-28T00:00:00.000Z,74.7,97.3,72.4,72.4,78
קפלן,74.7,2022-04-28T00:00:00.000Z,74.7,97.3,72.4,72.4,78
קפלן,74.7,2022-04-28T00:00:00.000Z,74.7,97.3,72.4,72.4,78
קפלן,74.7,2022-04-28T00:00:00.000Z,74.7,97.3,72.4,72.4,78
קפלן,74.7,2022-04-28T00:00:00.000Z,74.7,97.3,72.4,72.4,78
קפלן,74.7,2022-04-28T00:00:00.000Z,74.7,97.3,72.4,72.4,78
קפלן,74.7,2022-04-28T00:00:00.000Z,74.7,97.3,72.4,72.4,78
קפלן,74.7,2022-04-28T00:00:00.000Z,74.7,97.3,72.4,72.4,78
קפלן,74.7,2022-04-28T00:00:00.000Z,74.7,97.3,72.4,72.4,78
קפלן,74.7,2022-04-28T00:00:00.000Z,74.7,97.3,72.4,72.4,78
קפלן,74.7,2022-04-28T00:00:00.000Z,74.7,97.3,72.4,72.4,78
קפלן,74.7,2022-04-28T00:00:00.000Z,74.7,97.3,72.4,72.4,78
קפלן,74.7,2022-04-28T00:00:00.000Z,74.7,97.3,72.4,72.4,78
קפלן,74.7,2022-04-28T00:00:00.000Z,74.7,97.3,72.4,72.4,78
קפלן,74.7,2022-04-28T00:00:00.000Z,74.7,97.3,72.4,72.4,78
קפלן,74.7,2022-04-28T00:00:00.000Z,74.7,97.3,72.4,72.4,78
קפלן,74.7,2022-04-28T00:00:00.000Z,74.7,97.3,72.4,72.4,78
קפלן,74.7,2022-04-28T00:00:00.000Z,74.7,97.3,72.4,72.4,78
קפלן,74.7,2022-04-28T00:00:00.000Z,74.7,97.3,72.4,72.4,78
קפלן,74.7,2022-04-28T00:00:00.000Z,74.7,97.3,72.4,72.4,78
קפלן,74.7,2022-04-28T00:00:00.000Z,74.7,97.3,72.4,72.4,78
קפלן,74.7,2022-04-28T00:00:00.000Z,74.7,97.3,72.4,72.4,78
קפלן,74.7,2022-04-28T00:00:00.000Z,74.7,97.3,72.4,72.4,78
קפלן,74.7,2022-04-28T00:00:00.000Z,74.7,97.3,72.4,72.4,78
קפלן,74.7,2022-04-28T00:00:00.000Z,74.7,97.3,72.4,72.4,78
קפלן,74.7,2022-04-28T00:00:00.000Z,74.7,97.3,72.4,72.4,78
קפלן,74.7,2022-04-28T00:00:00.000Z,74.7,97.3,72.4,72.4,78
קפלן,74.7,2022-04-28T00:00:00.000Z,74.7,97.3,72.4,72.4,78
קפלן,74.7,2022-04-28T00:00:00.000Z,74.7,97.3,72.4,72.4,78
קפלן,74.7,2022-04-28T00:00:00.000Z,74.7,97.3,72.4,72.4,78
קפלן,74.7,2022-04-28T00:00:00.000Z,74.7,97.3,72.4,72.4,78
קפלן,74.7,2022-04-28T00:00:00.000Z,74.7,97.3,72.4,72.4,78
קפלן,74.7,2022-04-28T00:00:00.000Z,74.7,97.3,72.4,72.4,78
הכרמל,60.4,2022-04-28T00:00:00.000Z,60.4,67.9,75.9,75.9,79.6
הכרמל,60.4,2022-04-28T00:00:00.000Z,60.4,67.9,75.9,75.9,79.6
הכרמל,60.4,2022-04-28T00:00:00.000Z,60.4,67.9,75.9,75.9,79.6
הכרמל,60.4,2022-04-28T00:00:00.000Z,60.4,67.9,75.9,75.9,79.6
הכרמל,60.4,2022-04-28T00:00:00.000Z,60.4,67.9,75.9,75.9,79.6
הכרמל,60.4,2022-04-28T00:00:00.000Z,60.4,67.9,75.9,75.9,79.6
הכרמל,60.4,2022-04-28T00:00:00.000Z,60.4,67.9,75.9,75.9,79.6
הכרמל,60.4,2022-04-28T00:00:00.000Z,60.4,67.9,75.9,75.9,79.6
הכרמל,60.4,2022-04-28T00:00:00.000Z,60.4,67.9,75.9,75.9,79.6
הכרמל,60.4,2022-04-28T00:00:00.000Z,60.4,67.9,75.9,75.9,79.6
הכרמל,60.4,2022-04-28T00:00:00.000Z,60.4,67.9,75.9,75.9,79.6
הכרמל,60.4,2022-04-28T00:00:00.000Z,60.4,67.9,75.9,75.9,79.6
הכרמל,60.4,2022-04-28T00:00:00.000Z,60.4,67.9,75.9,75.9,79.6
הכרמל,60.4,2022-04-28T00:00:00.000Z,60.4,67.9,75.9,75.9,79.6
הכרמל,60.4,2022-04-28T00:00:00.000Z,60.4,67.9,75.9,75.9,79.6
הכרמל,60.4,2022-04-28T00:00:00.000Z,60.4,67.9,75.9,75.9,79.6
הכרמל,60.4,2022-04-28T00:00:00.000Z,60.4,67.9,75.9,75.9,79.6
הכרמל,60.4,2022-04-28T00:00:00.000Z,60.4,67.9,75.9,75.9,79.6
הכרמל,60.4,2022-04-28T00:00:00.000Z,60.4,67.9,75.9,75.9,79.6
הכרמל,60.4,2022-04-28T00:00:00.000Z,60.4,67.9,75.9,75.9,79.6
הכרמל,60.4,2022-04-28T00:00:00.000Z,60.4,67.9,75.9,75.9,79.6
הכרמל,60.4,2022-04-28T00:00:00.000Z,60.4,67.9,75.9,75.9,79.6
הכרמל,60.4,2022-04-28T00:00:00.000Z,60.4,67.9,75.9,75.9,79.6
הכרמל,60.4,2022-04-28T00:00:00.000Z,60.4,67.9,75.9,75.9,79.6
הכרמל,60.4,2022-04-28T00:00:00.000Z,60.4,67.9,75.9,75.9,79.6
הכרמל,60.4,2022-04-28T00:00:00.000Z,60.4,67.9,75.9,75.9,79.6
הכרמל,60.4,2022-04-28T00:00:00.000Z,60.4,67.9,75.9,75.9,79.6
הכרמל,60.4,2022-04-28T00:00:00.000Z,60.4,67.9,75.9,75.9,79.6
הכרמל,60.4,2022-04-28T00:00:00.000Z,60.4,67.9,75.9,75.9,79.6
הכרמל,60.4,2022-04-28T00:00:00.000Z,60.4,67.9,75.9,75.9,79.6
הכרמל,60.4,2022-04-28T00:00:00.000Z,60.4,67.9,75.9,75.9,79.6
הכרמל,60.4,2022-04-28T00:00:00.000Z,60.4,67.9,75.9,75.9,79.6
הכרמל,60.4,2022-04-28T00:00:00.000Z,60.4,67.9,75.9,75.9,79.6
פוריה,67.9,2022-04-28T00:00:00.000Z,67.9,62.8,78,78,73
פוריה,67.9,2022-04-28T00:00:00.000Z,67.9,62.8,78,78,73
פוריה,67.9,2022-04-28T00:00:00.000Z,67.9,62.8,78,78,73
פוריה,67.9,2022-04-28T00:00:00.000Z,67.9,62.8,78,78,73
פוריה,67.9,2022-04-28T00:00:00.000Z,67.9,62.8,78,78,73
פוריה,67.9,2022-04-28T00:00:00.000Z,67.9,62.8,78,78,73
פוריה,67.9,2022-04-28T00:00:00.000Z,67.9,62.8,78,78,73
פוריה,67.9,2022-04-28T00:00:00.000Z,67.9,62.8,78,78,73
פוריה,67.9,2022-04-28T00:00:00.000Z,67.9,62.8,78,78,73
פוריה,67.9,2022-04-28T00:00:00.000Z,67.9,62.8,78,78,73
פוריה,67.9,2022-04-28T00:00:00.000Z,67.9,62.8,78,78,73
פוריה,67.9,2022-04-28T00:00:00.000Z,67.9,62.8,78,78,73
פוריה,67.9,2022-04-28T00:00:00.000Z,67.9,62.8,78,78,73
פוריה,67.9,2022-04-28T00:00:00.000Z,67.9,62.8,78,78,73
פוריה,67.9,2022-04-28T00:00:00.000Z,67.9,62.8,78,78,73
פוריה,67.9,2022-04-28T00:00:00.000Z,67.9,62.8,78,78,73
פוריה,67.9,2022-04-28T00:00:00.000Z,67.9,62.8,78,78,73
פוריה,67.9,2022-04-28T00:00:00.000Z,67.9,62.8,78,78,73
פוריה,67.9,2022-04-28T00:00:00.000Z,67.9,62.8,78,78,73
פוריה,67.9,2022-04-28T00:00:00.000Z,67.9,62.8,78,78,73
פוריה,67.9,2022-04-28T00:00:00.000Z,67.9,62.8,78,78,73
פוריה,67.9,2022-04-28T00:00:00.000Z,67.9,62.8,78,78,73
פוריה,67.9,2022-04-28T00:00:00.000Z,67.9,62.8,78,78,73
פוריה,67.9,2022-04-28T00:00:00.000Z,67.9,62.8,78,78,73
פוריה,67.9,2022-04-28T00:00:00.000Z,67.9,62.8,78,78,73
פוריה,67.9,2022-04-28T00:00:00.000Z,67.9,62.8,78,78,73
פוריה,67.9,2022-04-28T00:00:00.000Z,67.9,62.8,78,78,73
פוריה,67.9,2022-04-28T00:00:00.000Z,67.9,62.8,78,78,73
הכרמל,60.4,2022-04-28T00:00:00.000Z,60.4,67.9,75.9,75.9,79.6
הכרמל,60.4,2022-04-28T00:00:00.000Z,60.4,67.9,75.9,75.9,79.6
הכרמל,60.4,2022-04-28T00:00:00.000Z,60.4,67.9,75.9,75.9,79.6
הכרמל,60.4,2022-04-28T00:00:00.000Z,60.4,67.9,75.9,75.9,79.6
הכרמל,60.4,2022-04-28T00:00:00.000Z,60.4,67.9,75.9,75.9,79.6
איכילוב,80.7,2022-04-28T00:00:00.000Z,80.7,89.7,115.2,115.2,121.2
איכילוב,80.7,2022-04-28T00:00:00.000Z,80.7,89.7,115.2,115.2,121.2
איכילוב,80.7,2022-04-28T00:00:00.000Z,80.7,89.7,115.2,115.2,121.2
איכילוב,80.7,2022-04-28T00:00:00.000Z,80.7,89.7,115.2,115.2,121.2
איכילוב,80.7,2022-04-28T00:00:00.000Z,80.7,89.7,115.2,115.2,121.2
איכילוב,80.7,2022-04-28T00:00:00.000Z,80.7,89.7,115.2,115.2,121.2
איכילוב,80.7,2022-04-28T00:00:00.000Z,80.7,89.7,115.2,115.2,121.2
איכילוב,80.7,2022-04-28T00:00:00.000Z,80.7,89.7,115.2,115.2,121.2
איכילוב,80.7,2022-04-28T00:00:00.000Z,80.7,89.7,115.2,115.2,121.2
איכילוב,80.7,2022-04-28T00:00:00.000Z,80.7,89.7,115.2,115.2,121.2
איכילוב,80.7,2022-04-28T00:00:00.000Z,80.7,89.7,115.2,115.2,121.2
איכילוב,80.7,2022-04-28T00:00:00.000Z,80.7,89.7,115.2,115.2,121.2
איכילוב,80.7,2022-04-28T00:00:00.000Z,80.7,89.7,115.2,115.2,121.2
איכילוב,80.7,2022-04-28T00:00:00.000Z,80.7,89.7,115.2,115.2,121.2
איכילוב,80.7,2022-04-28T00:00:00.000Z,80.7,89.7,115.2,115.2,121.2
איכילוב,80.7,2022-04-28T00:00:00.000Z,80.7,89.7,115.2,115.2,121.2
איכילוב,80.7,2022-04-28T00:00:00.000Z,80.7,89.7,115.2,115.2,121.2
איכילוב,80.7,2022-04-28T00:00:00.000Z,80.7,89.7,115.2,115.2,121.2
איכילוב,80.7,2022-04-28T00:00:00.000Z,80.7,89.7,115.2,115.2,121.2
איכילוב,80.7,2022-04-28T00:00:00.000Z,80.7,89.7,115.2,115.2,121.2
איכילוב,80.7,2022-04-28T00:00:00.000Z,80.7,89.7,115.2,115.2,121.2
איכילוב,80.7,2022-04-28T00:00:00.000Z,80.7,89.7,115.2,115.2,121.2
איכילוב,80.7,2022-04-28T00:00:00.000Z,80.7,89.7,115.2,115.2,121.2
איכילוב,80.7,2022-04-28T00:00:00.000Z,80.7,89.7,115.2,115.2,121.2
איכילוב,80.7,2022-04-28T00:00:00.000Z,80.7,89.7,115.2,115.2,121.2
איכילוב,80.7,2022-04-28T00:00:00.000Z,80.7,89.7,115.2,115.2,121.2
איכילוב,80.7,2022-04-28T00:00:00.000Z,80.7,89.7,115.2,115.2,121.2
איכילוב,80.7,2022-04-28T00:00:00.000Z,80.7,89.7,115.2,115.2,121.2
איכילוב,80.7,2022-04-28T00:00:00.000Z,80.7,89.7,115.2,115.2,121.2
איכילוב,80.7,2022-04-28T00:00:00.000Z,80.7,89.7,115.2,115.2,121.2
איכילוב,80.7,2022-04-28T00:00:00.000Z,80.7,89.7,115.2,115.2,121.2
איכילוב,80.7,2022-04-28T00:00:00.000Z,80.7,89.7,115.2,115.2,121.2
איכילוב,80.7,2022-04-28T00:00:00.000Z,80.7,89.7,115.2,115.2,121.2
איכילוב,80.7,2022-04-28T00:00:00.000Z,80.7,89.7,115.2,115.2,121.2
איכילוב,80.7,2022-04-28T00:00:00.000Z,80.7,89.7,115.2,115.2,121.2
איכילוב,80.7,2022-04-28T00:00:00.000Z,80.7,89.7,115.2,115.2,121.2
איכילוב,80.7,2022-04-28T00:00:00.000Z,80.7,89.7,115.2,115.2,121.2
איכילוב,80.7,2022-04-28T00:00:00.000Z,80.7,89.7,115.2,115.2,121.2
איכילוב,80.7,2022-04-28T00:00:00.000Z,80.7,89.7,115.2,115.2,121.2
איכילוב,80.7,2022-04-28T00:00:00.000Z,80.7,89.7,115.2,115.2,121.2
איכילוב,80.7,2022-04-28T00:00:00.000Z,80.7,89.7,115.2,115.2,121.2
איכילוב,80.7,2022-04-28T00:00:00.000Z,80.7,89.7,115.2,115.2,121.2
איכילוב,80.7,2022-04-28T00:00:00.000Z,80.7,89.7,115.2,115.2,121.2
איכילוב,80.7,2022-04-28T00:00:00.000Z,80.7,89.7,115.2,115.2,121.2
איכילוב,80.7,2022-04-28T00:00:00.000Z,80.7,89.7,115.2,115.2,121.2
איכילוב,80.7,2022-04-28T00:00:00.000Z,80.7,89.7,115.2,115.2,121.2
איכילוב,80.7,2022-04-28T00:00:00.000Z,80.7,89.7,115.2,115.2,121.2
איכילוב,80.7,2022-04-28T00:00:00.000Z,80.7,89.7,115.2,115.2,121.2
איכילוב,80.7,2022-04-28T00:00:00.000Z,80.7,89.7,115.2,115.2,121.2
איכילוב,80.7,2022-04-28T00:00:00.000Z,80.7,89.7,115.2,115.2,121.2
איכילוב,80.7,2022-04-28T00:00:00.000Z,80.7,89.7,115.2,115.2,121.2
איכילוב,80.7,2022-04-28T00:00:00.000Z,80.7,89.7,115.2,115.2,121.2
איכילוב,80.7,2022-04-28T00:00:00.000Z,80.7,89.7,115.2,115.2,121.2
איכילוב,80.7,2022-04-28T00:00:00.000Z,80.7,89.7,115.2,115.2,121.2
איכילוב,80.7,2022-04-28T00:00:00.000Z,80.7,89.7,115.2,115.2,121.2
איכילוב,80.7,2022-04-28T00:00:00.000Z,80.7,89.7,115.2,115.2,121.2
איכילוב,80.7,2022-04-28T00:00:00.000Z,80.7,89.7,115.2,115.2,121.2
איכילוב,80.7,2022-04-28T00:00:00.000Z,80.7,89.7,115.2,115.2,121.2
איכילוב,80.7,2022-04-28T00:00:00.000Z,80.7,89.7,115.2,115.2,121.2
איכילוב,80.7,2022-04-28T00:00:00.000Z,80.7,89.7,115.2,115.2,121.2
איכילוב,80.7,2022-04-28T00:00:00.000Z,80.7,89.7,115.2,115.2,121.2
איכילוב,80.7,2022-04-28T00:00:00.000Z,80.7,89.7,115.2,115.2,121.2
איכילוב,80.7,2022-04-28T00:00:00.000Z,80.7,89.7,115.2,115.2,121.2
איכילוב,80.7,2022-04-28T00:00:00.000Z,80.7,89.7,115.2,115.2,121.2
בני ציון,93.4,2022-04-28T00:00:00.000Z,93.4,88.4,86.4,86.4,85.7
בני ציון,93.4,2022-04-28T00:00:00.000Z,93.4,88.4,86.4,86.4,85.7
הכרמל,60.4,2022-04-28T00:00:00.000Z,60.4,67.9,75.9,75.9,79.6
הכרמל,60.4,2022-04-28T00:00:00.000Z,60.4,67.9,75.9,75.9,79.6
הכרמל,60.4,2022-04-28T00:00:00.000Z,60.4,67.9,75.9,75.9,79.6
הכרמל,60.4,2022-04-28T00:00:00.000Z,60.4,67.9,75.9,75.9,79.6
הכרמל,60.4,2022-04-28T00:00:00.000Z,60.4,67.9,75.9,75.9,79.6
הכרמל,60.4,2022-04-28T00:00:00.000Z,60.4,67.9,75.9,75.9,79.6
הכרמל,60.4,2022-04-28T00:00:00.000Z,60.4,67.9,75.9,75.9,79.6
הכרמל,60.4,2022-04-28T00:00:00.000Z,60.4,67.9,75.9,75.9,79.6
הכרמל,60.4,2022-04-28T00:00:00.000Z,60.4,67.9,75.9,75.9,79.6
הכרמל,60.4,2022-04-28T00:00:00.000Z,60.4,67.9,75.9,75.9,79.6
הכרמל,60.4,2022-04-28T00:00:00.000Z,60.4,67.9,75.9,75.9,79.6
הכרמל,60.4,2022-04-28T00:00:00.000Z,60.4,67.9,75.9,75.9,79.6
הכרמל,60.4,2022-04-28T00:00:00.000Z,60.4,67.9,75.9,75.9,79.6
הכרמל,60.4,2022-04-28T00:00:00.000Z,60.4,67.9,75.9,75.9,79.6
הכרמל,60.4,2022-04-28T00:00:00.000Z,60.4,67.9,75.9,75.9,79.6
הכרמל,60.4,2022-04-28T00:00:00.000Z,60.4,67.9,75.9,75.9,79.6
הכרמל,60.4,2022-04-28T00:00:00.000Z,60.4,67.9,75.9,75.9,79.6
הכרמל,60.4,2022-04-28T00:00:00.000Z,60.4,67.9,75.9,75.9,79.6
הכרמל,60.4,2022-04-28T00:00:00.000Z,60.4,67.9,75.9,75.9,79.6
הכרמל,60.4,2022-04-28T00:00:00.000Z,60.4,67.9,75.9,75.9,79.6
הכרמל,60.4,2022-04-28T00:00:00.000Z,60.4,67.9,75.9,75.9,79.6
הכרמל,60.4,2022-04-28T00:00:00.000Z,60.4,67.9,75.9,75.9,79.6
הכרמל,60.4,2022-04-28T00:00:00.000Z,60.4,67.9,75.9,75.9,79.6
הכרמל,60.4,2022-04-28T00:00:00.000Z,60.4,67.9,75.9,75.9,79.6
הכרמל,60.4,2022-04-28T00:00:00.000Z,60.4,67.9,75.9,75.9,79.6
הכרמל,60.4,2022-04-28T00:00:00.000Z,60.4,67.9,75.9,75.9,79.6
הכרמל,60.4,2022-04-28T00:00:00.000Z,60.4,67.9,75.9,75.9,79.6
הכרמל,60.4,2022-04-28T00:00:00.000Z,60.4,67.9,75.9,75.9,79.6
הכרמל,60.4,2022-04-28T00:00:00.000Z,60.4,67.9,75.9,75.9,79.6
הכרמל,60.4,2022-04-28T00:00:00.000Z,60.4,67.9,75.9,75.9,79.6
הכרמל,60.4,2022-04-28T00:00:00.000Z,60.4,67.9,75.9,75.9,79.6
הכרמל,60.4,2022-04-28T00:00:00.000Z,60.4,67.9,75.9,75.9,79.6
הכרמל,60.4,2022-04-28T00:00:00.000Z,60.4,67.9,75.9,75.9,79.6
הכרמל,60.4,2022-04-28T00:00:00.000Z,60.4,67.9,75.9,75.9,79.6
רבין ק. בילינסון,111.5,2022-04-28T00:00:00.000Z,111.5,102.6,91.5,91.5,93.4
רבין ק. בילינסון,111.5,2022-04-28T00:00:00.000Z,111.5,102.6,91.5,91.5,93.4
רבין ק. בילינסון,111.5,2022-04-28T00:00:00.000Z,111.5,102.6,91.5,91.5,93.4
רבין ק. בילינסון,111.5,2022-04-28T00:00:00.000Z,111.5,102.6,91.5,91.5,93.4
רבין ק. בילינסון,111.5,2022-04-28T00:00:00.000Z,111.5,102.6,91.5,91.5,93.4
רבין ק. בילינסון,111.5,2022-04-28T00:00:00.000Z,111.5,102.6,91.5,91.5,93.4
רבין ק. בילינסון,111.5,2022-04-28T00:00:00.000Z,111.5,102.6,91.5,91.5,93.4
רבין ק. בילינסון,111.5,2022-04-28T00:00:00.000Z,111.5,102.6,91.5,91.5,93.4
רבין ק. בילינסון,111.5,2022-04-28T00:00:00.000Z,111.5,102.6,91.5,91.5,93.4
רבין ק. בילינסון,111.5,2022-04-28T00:00:00.000Z,111.5,102.6,91.5,91.5,93.4
רבין ק. בילינסון,111.5,2022-04-28T00:00:00.000Z,111.5,102.6,91.5,91.5,93.4
רבין ק. בילינסון,111.5,2022-04-28T00:00:00.000Z,111.5,102.6,91.5,91.5,93.4
רבין ק. בילינסון,111.5,2022-04-28T00:00:00.000Z,111.5,102.6,91.5,91.5,93.4
רבין ק. בילינסון,111.5,2022-04-28T00:00:00.000Z,111.5,102.6,91.5,91.5,93.4
רבין ק. בילינסון,111.5,2022-04-28T00:00:00.000Z,111.5,102.6,91.5,91.5,93.4
רבין ק. בילינסון,111.5,2022-04-28T00:00:00.000Z,111.5,102.6,91.5,91.5,93.4
רבין ק. בילינסון,111.5,2022-04-28T00:00:00.000Z,111.5,102.6,91.5,91.5,93.4
רבין ק. בילינסון,111.5,2022-04-28T00:00:00.000Z,111.5,102.6,91.5,91.5,93.4
רבין ק. בילינסון,111.5,2022-04-28T00:00:00.000Z,111.5,102.6,91.5,91.5,93.4
רבין ק. בילינסון,111.5,2022-04-28T00:00:00.000Z,111.5,102.6,91.5,91.5,93.4
רבין ק. בילינסון,111.5,2022-04-28T00:00:00.000Z,111.5,102.6,91.5,91.5,93.4
רבין ק. בילינסון,111.5,2022-04-28T00:00:00.000Z,111.5,102.6,91.5,91.5,93.4
רבין ק. בילינסון,111.5,2022-04-28T00:00:00.000Z,111.5,102.6,91.5,91.5,93.4
רבין ק. בילינסון,111.5,2022-04-28T00:00:00.000Z,111.5,102.6,91.5,91.5,93.4
רבין ק. בילינסון,111.5,2022-04-28T00:00:00.000Z,111.5,102.6,91.5,91.5,93.4
רבין ק. בילינסון,111.5,2022-04-28T00:00:00.000Z,111.5,102.6,91.5,91.5,93.4
רבין ק. בילינסון,111.5,2022-04-28T00:00:00.000Z,111.5,102.6,91.5,91.5,93.4
רבין ק. בילינסון,111.5,2022-04-28T00:00:00.000Z,111.5,102.6,91.5,91.5,93.4
רבין ק. בילינסון,111.5,2022-04-28T00:00:00.000Z,111.5,102.6,91.5,91.5,93.4
רבין ק. בילינסון,111.5,2022-04-28T00:00:00.000Z,111.5,102.6,91.5,91.5,93.4
רבין ק. בילינסון,111.5,2022-04-28T00:00:00.000Z,111.5,102.6,91.5,91.5,93.4
רבין ק. בילינסון,111.5,2022-04-28T00:00:00.000Z,111.5,102.6,91.5,91.5,93.4
בני ציון,93.4,2022-04-28T00:00:00.000Z,93.4,88.4,86.4,86.4,85.7
בני ציון,93.4,2022-04-28T00:00:00.000Z,93.4,88.4,86.4,86.4,85.7
בני ציון,93.4,2022-04-28T00:00:00.000Z,93.4,88.4,86.4,86.4,85.7
בני ציון,93.4,2022-04-28T00:00:00.000Z,93.4,88.4,86.4,86.4,85.7
בני ציון,93.4,2022-04-28T00:00:00.000Z,93.4,88.4,86.4,86.4,85.7
בני ציון,93.4,2022-04-28T00:00:00.000Z,93.4,88.4,86.4,86.4,85.7
בני ציון,93.4,2022-04-28T00:00:00.000Z,93.4,88.4,86.4,86.4,85.7
בני ציון,93.4,2022-04-28T00:00:00.000Z,93.4,88.4,86.4,86.4,85.7
בני ציון,93.4,2022-04-28T00:00:00.000Z,93.4,88.4,86.4,86.4,85.7
בני ציון,93.4,2022-04-28T00:00:00.000Z,93.4,88.4,86.4,86.4,85.7
בני ציון,93.4,2022-04-28T00:00:00.000Z,93.4,88.4,86.4,86.4,85.7
בני ציון,93.4,2022-04-28T00:00:00.000Z,93.4,88.4,86.4,86.4,85.7
בני ציון,93.4,2022-04-28T00:00:00.000Z,93.4,88.4,86.4,86.4,85.7
בני ציון,93.4,2022-04-28T00:00:00.000Z,93.4,88.4,86.4,86.4,85.7
בני ציון,93.4,2022-04-28T00:00:00.000Z,93.4,88.4,86.4,86.4,85.7
בני ציון,93.4,2022-04-28T00:00:00.000Z,93.4,88.4,86.4,86.4,85.7
בני ציון,93.4,2022-04-28T00:00:00.000Z,93.4,88.4,86.4,86.4,85.7
בני ציון,93.4,2022-04-28T00:00:00.000Z,93.4,88.4,86.4,86.4,85.7
בני ציון,93.4,2022-04-28T00:00:00.000Z,93.4,88.4,86.4,86.4,85.7
בני ציון,93.4,2022-04-28T00:00:00.000Z,93.4,88.4,86.4,86.4,85.7
בני ציון,93.4,2022-04-28T00:00:00.000Z,93.4,88.4,86.4,86.4,85.7
בני ציון,93.4,2022-04-28T00:00:00.000Z,93.4,88.4,86.4,86.4,85.7
בני ציון,93.4,2022-04-28T00:00:00.000Z,93.4,88.4,86.4,86.4,85.7
בני ציון,93.4,2022-04-28T00:00:00.000Z,93.4,88.4,86.4,86.4,85.7
בני ציון,93.4,2022-04-28T00:00:00.000Z,93.4,88.4,86.4,86.4,85.7
בני ציון,93.4,2022-04-28T00:00:00.000Z,93.4,88.4,86.4,86.4,85.7
בני ציון,93.4,2022-04-28T00:00:00.000Z,93.4,88.4,86.4,86.4,85.7
בני ציון,93.4,2022-04-28T00:00:00.000Z,93.4,88.4,86.4,86.4,85.7
בני ציון,93.4,2022-04-28T00:00:00.000Z,93.4,88.4,86.4,86.4,85.7
בני ציון,93.4,2022-04-28T00:00:00.000Z,93.4,88.4,86.4,86.4,85.7
בני ציון,93.4,2022-04-28T00:00:00.000Z,93.4,88.4,86.4,86.4,85.7
בני ציון,93.4,2022-04-28T00:00:00.000Z,93.4,88.4,86.4,86.4,85.7
בני ציון,93.4,2022-04-28T00:00:00.000Z,93.4,88.4,86.4,86.4,85.7
בני ציון,93.4,2022-04-28T00:00:00.000Z,93.4,88.4,86.4,86.4,85.7
פוריה,67.9,2022-04-28T00:00:00.000Z,67.9,62.8,78,78,73
פוריה,67.9,2022-04-28T00:00:00.000Z,67.9,62.8,78,78,73
פוריה,67.9,2022-04-28T00:00:00.000Z,67.9,62.8,78,78,73
פוריה,67.9,2022-04-28T00:00:00.000Z,67.9,62.8,78,78,73
פוריה,67.9,2022-04-28T00:00:00.000Z,67.9,62.8,78,78,73
פוריה,67.9,2022-04-28T00:00:00.000Z,67.9,62.8,78,78,73
פוריה,67.9,2022-04-28T00:00:00.000Z,67.9,62.8,78,78,73
פוריה,67.9,2022-04-28T00:00:00.000Z,67.9,62.8,78,78,73
פוריה,67.9,2022-04-28T00:00:00.000Z,67.9,62.8,78,78,73
פוריה,67.9,2022-04-28T00:00:00.000Z,67.9,62.8,78,78,73
פוריה,67.9,2022-04-28T00:00:00.000Z,67.9,62.8,78,78,73
פוריה,67.9,2022-04-28T00:00:00.000Z,67.9,62.8,78,78,73
פוריה,67.9,2022-04-28T00:00:00.000Z,67.9,62.8,78,78,73
פוריה,67.9,2022-04-28T00:00:00.000Z,67.9,62.8,78,78,73
פוריה,67.9,2022-04-28T00:00:00.000Z,67.9,62.8,78,78,73
פוריה,67.9,2022-04-28T00:00:00.000Z,67.9,62.8,78,78,73
פוריה,67.9,2022-04-28T00:00:00.000Z,67.9,62.8,78,78,73
פוריה,67.9,2022-04-28T00:00:00.000Z,67.9,62.8,78,78,73
פוריה,67.9,2022-04-28T00:00:00.000Z,67.9,62.8,78,78,73
פוריה,67.9,2022-04-28T00:00:00.000Z,67.9,62.8,78,78,73
פוריה,67.9,2022-04-28T00:00:00.000Z,67.9,62.8,78,78,73
פוריה,67.9,2022-04-28T00:00:00.000Z,67.9,62.8,78,78,73
פוריה,67.9,2022-04-28T00:00:00.000Z,67.9,62.8,78,78,73
פוריה,67.9,2022-04-28T00:00:00.000Z,67.9,62.8,78,78,73
פוריה,67.9,2022-04-28T00:00:00.000Z,67.9,62.8,78,78,73
פוריה,67.9,2022-04-28T00:00:00.000Z,67.9,62.8,78,78,73
פוריה,67.9,2022-04-28T00:00:00.000Z,67.9,62.8,78,78,73
פוריה,67.9,2022-04-28T00:00:00.000Z,67.9,62.8,78,78,73
פוריה,67.9,2022-04-28T00:00:00.000Z,67.9,62.8,78,78,73
פוריה,67.9,2022-04-28T00:00:00.000Z,67.9,62.8,78,78,73
פוריה,67.9,2022-04-28T00:00:00.000Z,67.9,62.8,78,78,73
פוריה,67.9,2022-04-28T00:00:00.000Z,67.9,62.8,78,78,73
פוריה,67.9,2022-04-28T00:00:00.000Z,67.9,62.8,78,78,73
פוריה,67.9,2022-04-28T00:00:00.000Z,67.9,62.8,78,78,73
פוריה,67.9,2022-04-28T00:00:00.000Z,67.9,62.8,78,78,73
פוריה,67.9,2022-04-28T00:00:00.000Z,67.9,62.8,78,78,73
פוריה,67.9,2022-04-28T00:00:00.000Z,67.9,62.8,78,78,73
פוריה,67.9,2022-04-28T00:00:00.000Z,67.9,62.8,78,78,73
פוריה,67.9,2022-04-28T00:00:00.000Z,67.9,62.8,78,78,73
פוריה,67.9,2022-04-28T00:00:00.000Z,67.9,62.8,78,78,73
פוריה,67.9,2022-04-28T00:00:00.000Z,67.9,62.8,78,78,73
פוריה,67.9,2022-04-28T00:00:00.000Z,67.9,62.8,78,78,73
פוריה,67.9,2022-04-28T00:00:00.000Z,67.9,62.8,78,78,73
פוריה,67.9,2022-04-28T00:00:00.000Z,67.9,62.8,78,78,73
פוריה,67.9,2022-04-28T00:00:00.000Z,67.9,62.8,78,78,73
פוריה,67.9,2022-04-28T00:00:00.000Z,67.9,62.8,78,78,73
פוריה,67.9,2022-04-28T00:00:00.000Z,67.9,62.8,78,78,73
פוריה,67.9,2022-04-28T00:00:00.000Z,67.9,62.8,78,78,73
פוריה,67.9,2022-04-28T00:00:00.000Z,67.9,62.8,78,78,73
פוריה,67.9,2022-04-28T00:00:00.000Z,67.9,62.8,78,78,73
פוריה,67.9,2022-04-28T00:00:00.000Z,67.9,62.8,78,78,73
פוריה,67.9,2022-04-28T00:00:00.000Z,67.9,62.8,78,78,73
פוריה,67.9,2022-04-28T00:00:00.000Z,67.9,62.8,78,78,73
פוריה,67.9,2022-04-28T00:00:00.000Z,67.9,62.8,78,78,73
פוריה,67.9,2022-04-28T00:00:00.000Z,67.9,62.8,78,78,73
פוריה,67.9,2022-04-28T00:00:00.000Z,67.9,62.8,78,78,73
פוריה,67.9,2022-04-28T00:00:00.000Z,67.9,62.8,78,78,73
פוריה,67.9,2022-04-28T00:00:00.000Z,67.9,62.8,78,78,73
פוריה,67.9,2022-04-28T00:00:00.000Z,67.9,62.8,78,78,73
פוריה,67.9,2022-04-28T00:00:00.000Z,67.9,62.8,78,78,73
פוריה,67.9,2022-04-28T00:00:00.000Z,67.9,62.8,78,78,73
פוריה,67.9,2022-04-28T00:00:00.000Z,67.9,62.8,78,78,73
פוריה,67.9,2022-04-28T00:00:00.000Z,67.9,62.8,78,78,73
פוריה,67.9,2022-04-28T00:00:00.000Z,67.9,62.8,78,78,73
פוריה,67.9,2022-04-28T00:00:00.000Z,67.9,62.8,78,78,73
פוריה,67.9,2022-04-28T00:00:00.000Z,67.9,62.8,78,78,73
פוריה,67.9,2022-04-28T00:00:00.000Z,67.9,62.8,78,78,73
פוריה,67.9,2022-04-28T00:00:00.000Z,67.9,62.8,78,78,73
רבין ק. בילינסון,111.5,2022-04-28T00:00:00.000Z,111.5,102.6,91.5,91.5,93.4
רבין ק. בילינסון,111.5,2022-04-28T00:00:00.000Z,111.5,102.6,91.5,91.5,93.4
רבין ק. בילינסון,111.5,2022-04-28T00:00:00.000Z,111.5,102.6,91.5,91.5,93.4
רבין ק. בילינסון,111.5,2022-04-28T00:00:00.000Z,111.5,102.6,91.5,91.5,93.4
רבין ק. בילינסון,111.5,2022-04-28T00:00:00.000Z,111.5,102.6,91.5,91.5,93.4
רבין ק. בילינסון,111.5,2022-04-28T00:00:00.000Z,111.5,102.6,91.5,91.5,93.4
רבין ק. בילינסון,111.5,2022-04-28T00:00:00.000Z,111.5,102.6,91.5,91.5,93.4
רבין ק. בילינסון,111.5,2022-04-28T00:00:00.000Z,111.5,102.6,91.5,91.5,93.4
רבין ק. בילינסון,111.5,2022-04-28T00:00:00.000Z,111.5,102.6,91.5,91.5,93.4
רבין ק. בילינסון,111.5,2022-04-28T00:00:00.000Z,111.5,102.6,91.5,91.5,93.4
רבין ק. בילינסון,111.5,2022-04-28T00:00:00.000Z,111.5,102.6,91.5,91.5,93.4
רבין ק. בילינסון,111.5,2022-04-28T00:00:00.000Z,111.5,102.6,91.5,91.5,93.4
רבין ק. בילינסון,111.5,2022-04-28T00:00:00.000Z,111.5,102.6,91.5,91.5,93.4
רבין ק. בילינסון,111.5,2022-04-28T00:00:00.000Z,111.5,102.6,91.5,91.5,93.4
רבין ק. בילינסון,111.5,2022-04-28T00:00:00.000Z,111.5,102.6,91.5,91.5,93.4
רבין ק. בילינסון,111.5,2022-04-28T00:00:00.000Z,111.5,102.6,91.5,91.5,93.4
רבין ק. בילינסון,111.5,2022-04-28T00:00:00.000Z,111.5,102.6,91.5,91.5,93.4
רבין ק. בילינסון,111.5,2022-04-28T00:00:00.000Z,111.5,102.6,91.5,91.5,93.4
רבין ק. בילינסון,111.5,2022-04-28T00:00:00.000Z,111.5,102.6,91.5,91.5,93.4
רבין ק. בילינסון,111.5,2022-04-28T00:00:00.000Z,111.5,102.6,91.5,91.5,93.4
רבין ק. בילינסון,111.5,2022-04-28T00:00:00.000Z,111.5,102.6,91.5,91.5,93.4
רבין ק. בילינסון,111.5,2022-04-28T00:00:00.000Z,111.5,102.6,91.5,91.5,93.4
רבין ק. בילינסון,111.5,2022-04-28T00:00:00.000Z,111.5,102.6,91.5,91.5,93.4
רבין ק. בילינסון,111.5,2022-04-28T00:00:00.000Z,111.5,102.6,91.5,91.5,93.4
רבין ק. בילינסון,111.5,2022-04-28T00:00:00.000Z,111.5,102.6,91.5,91.5,93.4
רבין ק. בילינסון,111.5,2022-04-28T00:00:00.000Z,111.5,102.6,91.5,91.5,93.4
רבין ק. בילינסון,111.5,2022-04-28T00:00:00.000Z,111.5,102.6,91.5,91.5,93.4
רבין ק. בילינסון,111.5,2022-04-28T00:00:00.000Z,111.5,102.6,91.5,91.5,93.4
רבין ק. בילינסון,111.5,2022-04-28T00:00:00.000Z,111.5,102.6,91.5,91.5,93.4
רבין ק. בילינסון,111.5,2022-04-28T00:00:00.000Z,111.5,102.6,91.5,91.5,93.4
רבין ק. בילינסון,111.5,2022-04-28T00:00:00.000Z,111.5,102.6,91.5,91.5,93.4
רבין ק. בילינסון,111.5,2022-04-28T00:00:00.000Z,111.5,102.6,91.5,91.5,93.4
לניאדו,92.3,2022-04-28T00:00:00.000Z,100,98.7,94.7,97.5,104.2
לניאדו,92.3,2022-04-28T00:00:00.000Z,98.9,100,94.7,97.1,103.7
הכרמל,60.4,2022-04-28T00:00:00.000Z,60.4,67.9,75.9,75.9,79.6
הכרמל,60.4,2022-04-28T00:00:00.000Z,60.4,67.9,75.9,75.9,79.6
הכרמל,60.4,2022-04-28T00:00:00.000Z,60.4,67.9,75.9,75.9,79.6
הכרמל,60.4,2022-04-28T00:00:00.000Z,60.4,67.9,75.9,75.9,79.6
הכרמל,60.4,2022-04-28T00:00:00.000Z,60.4,67.9,75.9,75.9,79.6
הכרמל,60.4,2022-04-28T00:00:00.000Z,60.4,67.9,75.9,75.9,79.6
הכרמל,60.4,2022-04-28T00:00:00.000Z,60.4,67.9,75.9,75.9,79.6
הכרמל,60.4,2022-04-28T00:00:00.000Z,60.4,67.9,75.9,75.9,79.6
הכרמל,60.4,2022-04-28T00:00:00.000Z,60.4,67.9,75.9,75.9,79.6
הכרמל,60.4,2022-04-28T00:00:00.000Z,60.4,67.9,75.9,75.9,79.6
הכרמל,60.4,2022-04-28T00:00:00.000Z,60.4,67.9,75.9,75.9,79.6
הכרמל,60.4,2022-04-28T00:00:00.000Z,60.4,67.9,75.9,75.9,79.6
הכרמל,60.4,2022-04-28T00:00:00.000Z,60.4,67.9,75.9,75.9,79.6
הכרמל,60.4,2022-04-28T00:00:00.000Z,60.4,67.9,75.9,75.9,79.6
הכרמל,60.4,2022-04-28T00:00:00.000Z,60.4,67.9,75.9,75.9,79.6
הכרמל,60.4,2022-04-28T00:00:00.000Z,60.4,67.9,75.9,75.9,79.6
הכרמל,60.4,2022-04-28T00:00:00.000Z,60.4,67.9,75.9,75.9,79.6
הכרמל,60.4,2022-04-28T00:00:00.000Z,60.4,67.9,75.9,75.9,79.6
הכרמל,60.4,2022-04-28T00:00:00.000Z,60.4,67.9,75.9,75.9,79.6
הכרמל,60.4,2022-04-28T00:00:00.000Z,60.4,67.9,75.9,75.9,79.6
הכרמל,60.4,2022-04-28T00:00:00.000Z,60.4,67.9,75.9,75.9,79.6
הכרמל,60.4,2022-04-28T00:00:00.000Z,60.4,67.9,75.9,75.9,79.6
הכרמל,60.4,2022-04-28T00:00:00.000Z,60.4,67.9,75.9,75.9,79.6
הכרמל,60.4,2022-04-28T00:00:00.000Z,60.4,67.9,75.9,75.9,79.6
הכרמל,60.4,2022-04-28T00:00:00.000Z,60.4,67.9,75.9,75.9,79.6
הכרמל,60.4,2022-04-28T00:00:00.000Z,60.4,67.9,75.9,75.9,79.6
הכרמל,60.4,2022-04-28T00:00:00.000Z,60.4,67.9,75.9,75.9,79.6
הכרמל,60.4,2022-04-28T00:00:00.000Z,60.4,67.9,75.9,75.9,79.6
הכרמל,60.4,2022-04-28T00:00:00.000Z,60.4,67.9,75.9,75.9,79.6
הכרמל,60.4,2022-04-28T00:00:00.000Z,60.4,67.9,75.9,75.9,79.6
הכרמל,60.4,2022-04-28T00:00:00.000Z,60.4,67.9,75.9,75.9,79.6
הכרמל,60.4,2022-04-28T00:00:00.000Z,60.4,67.9,75.9,75.9,79.6
הכרמל,60.4,2022-04-28T00:00:00.000Z,60.4,67.9,75.9,75.9,79.6
הכרמל,60.4,2022-04-28T00:00:00.000Z,60.4,67.9,75.9,75.9,79.6
רבין ק. בילינסון,111.5,2022-04-28T00:00:00.000Z,111.5,102.6,91.5,91.5,93.4
רבין ק. בילינסון,111.5,2022-04-28T00:00:00.000Z,111.5,102.6,91.5,91.5,93.4
רבין ק. בילינסון,111.5,2022-04-28T00:00:00.000Z,111.5,102.6,91.5,91.5,93.4
רבין ק. בילינסון,111.5,2022-04-28T00:00:00.000Z,111.5,102.6,91.5,91.5,93.4
רבין ק. בילינסון,111.5,2022-04-28T00:00:00.000Z,111.5,102.6,91.5,91.5,93.4
רבין ק. בילינסון,111.5,2022-04-28T00:00:00.000Z,111.5,102.6,91.5,91.5,93.4
רבין ק. בילינסון,111.5,2022-04-28T00:00:00.000Z,111.5,102.6,91.5,91.5,93.4
רבין ק. בילינסון,111.5,2022-04-28T00:00:00.000Z,111.5,102.6,91.5,91.5,93.4
רבין ק. בילינסון,111.5,2022-04-28T00:00:00.000Z,111.5,102.6,91.5,91.5,93.4
רבין ק. בילינסון,111.5,2022-04-28T00:00:00.000Z,111.5,102.6,91.5,91.5,93.4
רבין ק. בילינסון,111.5,2022-04-28T00:00:00.000Z,111.5,102.6,91.5,91.5,93.4
רבין ק. בילינסון,111.5,2022-04-28T00:00:00.000Z,111.5,102.6,91.5,91.5,93.4
רבין ק. בילינסון,111.5,2022-04-28T00:00:00.000Z,111.5,102.6,91.5,91.5,93.4
רבין ק. בילינסון,111.5,2022-04-28T00:00:00.000Z,111.5,102.6,91.5,91.5,93.4
רבין ק. בילינסון,111.5,2022-04-28T00:00:00.000Z,111.5,102.6,91.5,91.5,93.4
רבין ק. בילינסון,111.5,2022-04-28T00:00:00.000Z,111.5,102.6,91.5,91.5,93.4
רבין ק. בילינסון,111.5,2022-04-28T00:00:00.000Z,111.5,102.6,91.5,91.5,93.4
רבין ק. בילינסון,111.5,2022-04-28T00:00:00.000Z,111.5,102.6,91.5,91.5,93.4
רבין ק. בילינסון,111.5,2022-04-28T00:00:00.000Z,111.5,102.6,91.5,91.5,93.4
רבין ק. בילינסון,111.5,2022-04-28T00:00:00.000Z,111.5,102.6,91.5,91.5,93.4
רבין ק. בילינסון,111.5,2022-04-28T00:00:00.000Z,111.5,102.6,91.5,91.5,93.4
רבין ק. בילינסון,111.5,2022-04-28T00:00:00.000Z,111.5,102.6,91.5,91.5,93.4
רבין ק. בילינסון,111.5,2022-04-28T00:00:00.000Z,111.5,102.6,91.5,91.5,93.4
רבין ק. בילינסון,111.5,2022-04-28T00:00:00.000Z,111.5,102.6,91.5,91.5,93.4
רבין ק. בילינסון,111.5,2022-04-28T00:00:00.000Z,111.5,102.6,91.5,91.5,93.4
רבין ק. בילינסון,111.5,2022-04-28T00:00:00.000Z,111.5,102.6,91.5,91.5,93.4
רבין ק. בילינסון,111.5,2022-04-28T00:00:00.000Z,111.5,102.6,91.5,91.5,93.4
רבין ק. בילינסון,111.5,2022-04-28T00:00:00.000Z,111.5,102.6,91.5,91.5,93.4
רבין ק. בילינסון,111.5,2022-04-28T00:00:00.000Z,111.5,102.6,91.5,91.5,93.4
רבין ק. בילינסון,111.5,2022-04-28T00:00:00.000Z,111.5,102.6,91.5,91.5,93.4
רבין ק. בילינסון,111.5,2022-04-28T00:00:00.000Z,111.5,102.6,91.5,91.5,93.4
רבין ק. בילינסון,111.5,2022-04-28T00:00:00.000Z,111.5,102.6,91.5,91.5,93.4
בני ציון,93.4,2022-04-28T00:00:00.000Z,93.4,88.4,86.4,86.4,85.7
בני ציון,93.4,2022-04-28T00:00:00.000Z,93.4,88.4,86.4,86.4,85.7
בני ציון,93.4,2022-04-28T00:00:00.000Z,93.4,88.4,86.4,86.4,85.7
בני ציון,93.4,2022-04-28T00:00:00.000Z,93.4,88.4,86.4,86.4,85.7
בני ציון,93.4,2022-04-28T00:00:00.000Z,93.4,88.4,86.4,86.4,85.7
בני ציון,93.4,2022-04-28T00:00:00.000Z,93.4,88.4,86.4,86.4,85.7
בני ציון,93.4,2022-04-28T00:00:00.000Z,93.4,88.4,86.4,86.4,85.7
בני ציון,93.4,2022-04-28T00:00:00.000Z,93.4,88.4,86.4,86.4,85.7
בני ציון,93.4,2022-04-28T00:00:00.000Z,93.4,88.4,86.4,86.4,85.7
בני ציון,93.4,2022-04-28T00:00:00.000Z,93.4,88.4,86.4,86.4,85.7
בני ציון,93.4,2022-04-28T00:00:00.000Z,93.4,88.4,86.4,86.4,85.7
בני ציון,93.4,2022-04-28T00:00:00.000Z,93.4,88.4,86.4,86.4,85.7
בני ציון,93.4,2022-04-28T00:00:00.000Z,93.4,88.4,86.4,86.4,85.7
בני ציון,93.4,2022-04-28T00:00:00.000Z,93.4,88.4,86.4,86.4,85.7
בני ציון,93.4,2022-04-28T00:00:00.000Z,93.4,88.4,86.4,86.4,85.7
בני ציון,93.4,2022-04-28T00:00:00.000Z,93.4,88.4,86.4,86.4,85.7
בני ציון,93.4,2022-04-28T00:00:00.000Z,93.4,88.4,86.4,86.4,85.7
בני ציון,93.4,2022-04-28T00:00:00.000Z,93.4,88.4,86.4,86.4,85.7
בני ציון,93.4,2022-04-28T00:00:00.000Z,93.4,88.4,86.4,86.4,85.7
בני ציון,93.4,2022-04-28T00:00:00.000Z,93.4,88.4,86.4,86.4,85.7
בני ציון,93.4,2022-04-28T00:00:00.000Z,93.4,88.4,86.4,86.4,85.7
בני ציון,93.4,2022-04-28T00:00:00.000Z,93.4,88.4,86.4,86.4,85.7
בני ציון,93.4,2022-04-28T00:00:00.000Z,93.4,88.4,86.4,86.4,85.7
בני ציון,93.4,2022-04-28T00:00:00.000Z,93.4,88.4,86.4,86.4,85.7
בני ציון,93.4,2022-04-28T00:00:00.000Z,93.4,88.4,86.4,86.4,85.7
בני ציון,93.4,2022-04-28T00:00:00.000Z,93.4,88.4,86.4,86.4,85.7
בני ציון,93.4,2022-04-28T00:00:00.000Z,93.4,88.4,86.4,86.4,85.7
בני ציון,93.4,2022-04-28T00:00:00.000Z,93.4,88.4,86.4,86.4,85.7
בני ציון,93.4,2022-04-28T00:00:00.000Z,93.4,88.4,86.4,86.4,85.7
בני ציון,93.4,2022-04-28T00:00:00.000Z,93.4,88.4,86.4,86.4,85.7
בני ציון,93.4,2022-04-28T00:00:00.000Z,93.4,88.4,86.4,86.4,85.7
פוריה,67.9,2022-04-28T00:00:00.000Z,67.9,62.8,78,78,73
פוריה,67.9,2022-04-28T00:00:00.000Z,67.9,62.8,78,78,73
פוריה,67.9,2022-04-28T00:00:00.000Z,67.9,62.8,78,78,73
פוריה,67.9,2022-04-28T00:00:00.000Z,67.9,62.8,78,78,73
פוריה,67.9,2022-04-28T00:00:00.000Z,67.9,62.8,78,78,73
פוריה,67.9,2022-04-28T00:00:00.000Z,67.9,62.8,78,78,73
פוריה,67.9,2022-04-28T00:00:00.000Z,67.9,62.8,78,78,73
פוריה,67.9,2022-04-28T00:00:00.000Z,67.9,62.8,78,78,73
פוריה,67.9,2022-04-28T00:00:00.000Z,67.9,62.8,78,78,73
פוריה,67.9,2022-04-28T00:00:00.000Z,67.9,62.8,78,78,73
פוריה,67.9,2022-04-28T00:00:00.000Z,67.9,62.8,78,78,73
פוריה,67.9,2022-04-28T00:00:00.000Z,67.9,62.8,78,78,73
פוריה,67.9,2022-04-28T00:00:00.000Z,67.9,62.8,78,78,73
פוריה,67.9,2022-04-28T00:00:00.000Z,67.9,62.8,78,78,73
פוריה,67.9,2022-04-28T00:00:00.000Z,67.9,62.8,78,78,73
פוריה,67.9,2022-04-28T00:00:00.000Z,67.9,62.8,78,78,73
פוריה,67.9,2022-04-28T00:00:00.000Z,67.9,62.8,78,78,73
פוריה,67.9,2022-04-28T00:00:00.000Z,67.9,62.8,78,78,73
פוריה,67.9,2022-04-28T00:00:00.000Z,67.9,62.8,78,78,73
פוריה,67.9,2022-04-28T00:00:00.000Z,67.9,62.8,78,78,73
פוריה,67.9,2022-04-28T00:00:00.000Z,67.9,62.8,78,78,73
פוריה,67.9,2022-04-28T00:00:00.000Z,67.9,62.8,78,78,73
פוריה,67.9,2022-04-28T00:00:00.000Z,67.9,62.8,78,78,73
פוריה,67.9,2022-04-28T00:00:00.000Z,67.9,62.8,78,78,73
פוריה,67.9,2022-04-28T00:00:00.000Z,67.9,62.8,78,78,73
פוריה,67.9,2022-04-28T00:00:00.000Z,67.9,62.8,78,78,73
פוריה,67.9,2022-04-28T00:00:00.000Z,67.9,62.8,78,78,73
פוריה,67.9,2022-04-28T00:00:00.000Z,67.9,62.8,78,78,73
פוריה,67.9,2022-04-28T00:00:00.000Z,67.9,62.8,78,78,73
פוריה,67.9,2022-04-28T00:00:00.000Z,67.9,62.8,78,78,73
פוריה,67.9,2022-04-28T00:00:00.000Z,67.9,62.8,78,78,73
פוריה,67.9,2022-04-28T00:00:00.000Z,67.9,62.8,78,78,73
פוריה,67.9,2022-04-28T00:00:00.000Z,67.9,62.8,78,78,73
פוריה,67.9,2022-04-28T00:00:00.000Z,67.9,62.8,78,78,73
הכרמל,60.4,2022-04-28T00:00:00.000Z,60.4,67.9,75.9,75.9,79.6
הכרמל,60.4,2022-04-28T00:00:00.000Z,60.4,67.9,75.9,75.9,79.6
הכרמל,60.4,2022-04-28T00:00:00.000Z,60.4,67.9,75.9,75.9,79.6
הכרמל,60.4,2022-04-28T00:00:00.000Z,60.4,67.9,75.9,75.9,79.6
הכרמל,60.4,2022-04-28T00:00:00.000Z,60.4,67.9,75.9,75.9,79.6
הכרמל,60.4,2022-04-28T00:00:00.000Z,60.4,67.9,75.9,75.9,79.6
הכרמל,60.4,2022-04-28T00:00:00.000Z,60.4,67.9,75.9,75.9,79.6
הכרמל,60.4,2022-04-28T00:00:00.000Z,60.4,67.9,75.9,75.9,79.6
הכרמל,60.4,2022-04-28T00:00:00.000Z,60.4,67.9,75.9,75.9,79.6
הכרמל,60.4,2022-04-28T00:00:00.000Z,60.4,67.9,75.9,75.9,79.6
הכרמל,60.4,2022-04-28T00:00:00.000Z,60.4,67.9,75.9,75.9,79.6
הכרמל,60.4,2022-04-28T00:00:00.000Z,60.4,67.9,75.9,75.9,79.6
הכרמל,60.4,2022-04-28T00:00:00.000Z,60.4,67.9,75.9,75.9,79.6
הכרמל,60.4,2022-04-28T00:00:00.000Z,60.4,67.9,75.9,75.9,79.6
הכרמל,60.4,2022-04-28T00:00:00.000Z,60.4,67.9,75.9,75.9,79.6
הכרמל,60.4,2022-04-28T00:00:00.000Z,60.4,67.9,75.9,75.9,79.6
הכרמל,60.4,2022-04-28T00:00:00.000Z,60.4,67.9,75.9,75.9,79.6
הכרמל,60.4,2022-04-28T00:00:00.000Z,60.4,67.9,75.9,75.9,79.6
הכרמל,60.4,2022-04-28T00:00:00.000Z,60.4,67.9,75.9,75.9,79.6
הכרמל,60.4,2022-04-28T00:00:00.000Z,60.4,67.9,75.9,75.9,79.6
הכרמל,60.4,2022-04-28T00:00:00.000Z,60.4,67.9,75.9,75.9,79.6
הכרמל,60.4,2022-04-28T00:00:00.000Z,60.4,67.9,75.9,75.9,79.6
הכרמל,60.4,2022-04-28T00:00:00.000Z,60.4,67.9,75.9,75.9,79.6
הכרמל,60.4,2022-04-28T00:00:00.000Z,60.4,67.9,75.9,75.9,79.6
הכרמל,60.4,2022-04-28T00:00:00.000Z,60.4,67.9,75.9,75.9,79.6
הכרמל,60.4,2022-04-28T00:00:00.000Z,60.4,67.9,75.9,75.9,79.6
הכרמל,60.4,2022-04-28T00:00:00.000Z,60.4,67.9,75.9,75.9,79.6
הכרמל,60.4,2022-04-28T00:00:00.000Z,60.4,67.9,75.9,75.9,79.6
הכרמל,60.4,2022-04-28T00:00:00.000Z,60.4,67.9,75.9,75.9,79.6
הכרמל,60.4,2022-04-28T00:00:00.000Z,60.4,67.9,75.9,75.9,79.6
הכרמל,60.4,2022-04-28T00:00:00.000Z,60.4,67.9,75.9,75.9,79.6
הכרמל,60.4,2022-04-28T00:00:00.000Z,60.4,67.9,75.9,75.9,79.6
הכרמל,60.4,2022-04-28T00:00:00.000Z,60.4,67.9,75.9,75.9,79.6
הכרמל,60.4,2022-04-28T00:00:00.000Z,60.4,67.9,75.9,75.9,79.6
הכרמל,60.4,2022-04-28T00:00:00.000Z,60.4,67.9,75.9,75.9,79.6
רבין ק. בילינסון,111.5,2022-04-28T00:00:00.000Z,111.5,102.6,91.5,91.5,93.4
רבין ק. בילינסון,111.5,2022-04-28T00:00:00.000Z,111.5,102.6,91.5,91.5,93.4
רבין ק. בילינסון,111.5,2022-04-28T00:00:00.000Z,111.5,102.6,91.5,91.5,93.4
רבין ק. בילינסון,111.5,2022-04-28T00:00:00.000Z,111.5,102.6,91.5,91.5,93.4
רבין ק. בילינסון,111.5,2022-04-28T00:00:00.000Z,111.5,102.6,91.5,91.5,93.4
רבין ק. בילינסון,111.5,2022-04-28T00:00:00.000Z,111.5,102.6,91.5,91.5,93.4
רבין ק. בילינסון,111.5,2022-04-28T00:00:00.000Z,111.5,102.6,91.5,91.5,93.4
רבין ק. בילינסון,111.5,2022-04-28T00:00:00.000Z,111.5,102.6,91.5,91.5,93.4
רבין ק. בילינסון,111.5,2022-04-28T00:00:00.000Z,111.5,102.6,91.5,91.5,93.4
רבין ק. בילינסון,111.5,2022-04-28T00:00:00.000Z,111.5,102.6,91.5,91.5,93.4
רבין ק. בילינסון,111.5,2022-04-28T00:00:00.000Z,111.5,102.6,91.5,91.5,93.4
רבין ק. בילינסון,111.5,2022-04-28T00:00:00.000Z,111.5,102.6,91.5,91.5,93.4
רבין ק. בילינסון,111.5,2022-04-28T00:00:00.000Z,111.5,102.6,91.5,91.5,93.4
רבין ק. בילינסון,111.5,2022-04-28T00:00:00.000Z,111.5,102.6,91.5,91.5,93.4
רבין ק. בילינסון,111.5,2022-04-28T00:00:00.000Z,111.5,102.6,91.5,91.5,93.4
רבין ק. בילינסון,111.5,2022-04-28T00:00:00.000Z,111.5,102.6,91.5,91.5,93.4
רבין ק. בילינסון,111.5,2022-04-28T00:00:00.000Z,111.5,102.6,91.5,91.5,93.4
רבין ק. בילינסון,111.5,2022-04-28T00:00:00.000Z,111.5,102.6,91.5,91.5,93.4
רבין ק. בילינסון,111.5,2022-04-28T00:00:00.000Z,111.5,102.6,91.5,91.5,93.4
רבין ק. בילינסון,111.5,2022-04-28T00:00:00.000Z,111.5,102.6,91.5,91.5,93.4
רבין ק. בילינסון,111.5,2022-04-28T00:00:00.000Z,111.5,102.6,91.5,91.5,93.4
רבין ק. בילינסון,111.5,2022-04-28T00:00:00.000Z,111.5,102.6,91.5,91.5,93.4
רבין ק. בילינסון,111.5,2022-04-28T00:00:00.000Z,111.5,102.6,91.5,91.5,93.4
רבין ק. בילינסון,111.5,2022-04-28T00:00:00.000Z,111.5,102.6,91.5,91.5,93.4
רבין ק. בילינסון,111.5,2022-04-28T00:00:00.000Z,111.5,102.6,91.5,91.5,93.4
רבין ק. בילינסון,111.5,2022-04-28T00:00:00.000Z,111.5,102.6,91.5,91.5,93.4
רבין ק. בילינסון,111.5,2022-04-28T00:00:00.000Z,111.5,102.6,91.5,91.5,93.4
רבין ק. בילינסון,111.5,2022-04-28T00:00:00.000Z,111.5,102.6,91.5,91.5,93.4
רבין ק. בילינסון,111.5,2022-04-28T00:00:00.000Z,111.5,102.6,91.5,91.5,93.4
רבין ק. בילינסון,111.5,2022-04-28T00:00:00.000Z,111.5,102.6,91.5,91.5,93.4
רבין ק. בילינסון,111.5,2022-04-28T00:00:00.000Z,111.5,102.6,91.5,91.5,93.4
רבין ק. בילינסון,111.5,2022-04-28T00:00:00.000Z,111.5,102.6,91.5,91.5,93.4
פוריה,67.9,2022-04-28T00:00:00.000Z,67.9,62.8,78,78,73
פוריה,67.9,2022-04-28T00:00:00.000Z,67.9,62.8,78,78,73
פוריה,67.9,2022-04-28T00:00:00.000Z,67.9,62.8,78,78,73
פוריה,67.9,2022-04-28T00:00:00.000Z,67.9,62.8,78,78,73
פוריה,67.9,2022-04-28T00:00:00.000Z,67.9,62.8,78,78,73
פוריה,67.9,2022-04-28T00:00:00.000Z,67.9,62.8,78,78,73
הכרמל,60.4,2022-04-28T00:00:00.000Z,60.4,67.9,75.9,75.9,79.6
הכרמל,60.4,2022-04-28T00:00:00.000Z,60.4,67.9,75.9,75.9,79.6
הכרמל,60.4,2022-04-28T00:00:00.000Z,60.4,67.9,75.9,75.9,79.6
הכרמל,60.4,2022-04-28T00:00:00.000Z,60.4,67.9,75.9,75.9,79.6
הכרמל,60.4,2022-04-28T00:00:00.000Z,60.4,67.9,75.9,75.9,79.6
הכרמל,60.4,2022-04-28T00:00:00.000Z,60.4,67.9,75.9,75.9,79.6
הכרמל,60.4,2022-04-28T00:00:00.000Z,60.4,67.9,75.9,75.9,79.6
הכרמל,60.4,2022-04-28T00:00:00.000Z,60.4,67.9,75.9,75.9,79.6
הכרמל,60.4,2022-04-28T00:00:00.000Z,60.4,67.9,75.9,75.9,79.6
הכרמל,60.4,2022-04-28T00:00:00.000Z,60.4,67.9,75.9,75.9,79.6
הכרמל,60.4,2022-04-28T00:00:00.000Z,60.4,67.9,75.9,75.9,79.6
הכרמל,60.4,2022-04-28T00:00:00.000Z,60.4,67.9,75.9,75.9,79.6
הכרמל,60.4,2022-04-28T00:00:00.000Z,60.4,67.9,75.9,75.9,79.6
הכרמל,60.4,2022-04-28T00:00:00.000Z,60.4,67.9,75.9,75.9,79.6
הכרמל,60.4,2022-04-28T00:00:00.000Z,60.4,67.9,75.9,75.9,79.6
הכרמל,60.4,2022-04-28T00:00:00.000Z,60.4,67.9,75.9,75.9,79.6
הכרמל,60.4,2022-04-28T00:00:00.000Z,60.4,67.9,75.9,75.9,79.6
הכרמל,60.4,2022-04-28T00:00:00.000Z,60.4,67.9,75.9,75.9,79.6
הכרמל,60.4,2022-04-28T00:00:00.000Z,60.4,67.9,75.9,75.9,79.6
הכרמל,60.4,2022-04-28T00:00:00.000Z,60.4,67.9,75.9,75.9,79.6
הכרמל,60.4,2022-04-28T00:00:00.000Z,60.4,67.9,75.9,75.9,79.6
הכרמל,60.4,2022-04-28T00:00:00.000Z,60.4,67.9,75.9,75.9,79.6
הכרמל,60.4,2022-04-28T00:00:00.000Z,60.4,67.9,75.9,75.9,79.6
הכרמל,60.4,2022-04-28T00:00:00.000Z,60.4,67.9,75.9,75.9,79.6
הכרמל,60.4,2022-04-28T00:00:00.000Z,60.4,67.9,75.9,75.9,79.6
הכרמל,60.4,2022-04-28T00:00:00.000Z,60.4,67.9,75.9,75.9,79.6
הכרמל,60.4,2022-04-28T00:00:00.000Z,60.4,67.9,75.9,75.9,79.6
הכרמל,60.4,2022-04-28T00:00:00.000Z,60.4,67.9,75.9,75.9,79.6
הכרמל,60.4,2022-04-28T00:00:00.000Z,60.4,67.9,75.9,75.9,79.6
רבין ק. בילינסון,111.5,2022-04-28T00:00:00.000Z,111.5,102.6,91.5,91.5,93.4
רבין ק. בילינסון,111.5,2022-04-28T00:00:00.000Z,111.5,102.6,91.5,91.5,93.4
רבין ק. בילינסון,111.5,2022-04-28T00:00:00.000Z,111.5,102.6,91.5,91.5,93.4
רבין ק. בילינסון,111.5,2022-04-28T00:00:00.000Z,111.5,102.6,91.5,91.5,93.4
פוריה,67.9,2022-04-28T00:00:00.000Z,67.9,62.8,78,78,73
פוריה,67.9,2022-04-28T00:00:00.000Z,67.9,62.8,78,78,73
פוריה,67.9,2022-04-28T00:00:00.000Z,67.9,62.8,78,78,73
הכרמל,60.4,2022-04-28T00:00:00.000Z,60.4,67.9,75.9,75.9,79.6
הכרמל,60.4,2022-04-28T00:00:00.000Z,60.4,67.9,75.9,75.9,79.6
הכרמל,60.4,2022-04-28T00:00:00.000Z,60.4,67.9,75.9,75.9,79.6
הכרמל,60.4,2022-04-28T00:00:00.000Z,60.4,67.9,75.9,75.9,79.6
הכרמל,60.4,2022-04-28T00:00:00.000Z,60.4,67.9,75.9,75.9,79.6
הכרמל,60.4,2022-04-28T00:00:00.000Z,60.4,67.9,75.9,75.9,79.6
הכרמל,60.4,2022-04-28T00:00:00.000Z,60.4,67.9,75.9,75.9,79.6
הכרמל,60.4,2022-04-28T00:00:00.000Z,60.4,67.9,75.9,75.9,79.6
הכרמל,60.4,2022-04-28T00:00:00.000Z,60.4,67.9,75.9,75.9,79.6
הכרמל,60.4,2022-04-28T00:00:00.000Z,60.4,67.9,75.9,75.9,79.6
הכרמל,60.4,2022-04-28T00:00:00.000Z,60.4,67.9,75.9,75.9,79.6
הכרמל,60.4,2022-04-28T00:00:00.000Z,60.4,67.9,75.9,75.9,79.6
הכרמל,60.4,2022-04-28T00:00:00.000Z,60.4,67.9,75.9,75.9,79.6
הכרמל,60.4,2022-04-28T00:00:00.000Z,60.4,67.9,75.9,75.9,79.6
הכרמל,60.4,2022-04-28T00:00:00.000Z,60.4,67.9,75.9,75.9,79.6
הכרמל,60.4,2022-04-28T00:00:00.000Z,60.4,67.9,75.9,75.9,79.6
הכרמל,60.4,2022-04-28T00:00:00.000Z,60.4,67.9,75.9,75.9,79.6
הכרמל,60.4,2022-04-28T00:00:00.000Z,60.4,67.9,75.9,75.9,79.6
הכרמל,60.4,2022-04-28T00:00:00.000Z,60.4,67.9,75.9,75.9,79.6
הכרמל,60.4,2022-04-28T00:00:00.000Z,60.4,67.9,75.9,75.9,79.6
הכרמל,60.4,2022-04-28T00:00:00.000Z,60.4,67.9,75.9,75.9,79.6
הכרמל,60.4,2022-04-28T00:00:00.000Z,60.4,67.9,75.9,75.9,79.6
הכרמל,60.4,2022-04-28T00:00:00.000Z,60.4,67.9,75.9,75.9,79.6
הכרמל,60.4,2022-04-28T00:00:00.000Z,60.4,67.9,75.9,75.9,79.6
הכרמל,60.4,2022-04-28T00:00:00.000Z,60.4,67.9,75.9,75.9,79.6
הכרמל,60.4,2022-04-28T00:00:00.000Z,60.4,67.9,75.9,75.9,79.6
הכרמל,60.4,2022-04-28T00:00:00.000Z,60.4,67.9,75.9,75.9,79.6
הכרמל,60.4,2022-04-28T00:00:00.000Z,60.4,67.9,75.9,75.9,79.6
הכרמל,60.4,2022-04-28T00:00:00.000Z,60.4,67.9,75.9,75.9,79.6
הכרמל,60.4,2022-04-28T00:00:00.000Z,60.4,67.9,75.9,75.9,79.6
הכרמל,60.4,2022-04-28T00:00:00.000Z,60.4,67.9,75.9,75.9,79.6
הכרמל,60.4,2022-04-28T00:00:00.000Z,60.4,67.9,75.9,75.9,79.6
הכרמל,60.4,2022-04-28T00:00:00.000Z,60.4,67.9,75.9,75.9,79.6
הכרמל,60.4,2022-04-28T00:00:00.000Z,60.4,67.9,75.9,75.9,79.6
הכרמל,60.4,2022-04-28T00:00:00.000Z,60.4,67.9,75.9,75.9,79.6
הכרמל,60.4,2022-04-28T00:00:00.000Z,60.4,67.9,75.9,75.9,79.6
הכרמל,60.4,2022-04-28T00:00:00.000Z,60.4,67.9,75.9,75.9,79.6
רבין ק. בילינסון,111.5,2022-04-28T00:00:00.000Z,111.5,102.6,91.5,91.5,93.4
רבין ק. בילינסון,111.5,2022-04-28T00:00:00.000Z,111.5,102.6,91.5,91.5,93.4
רבין ק. בילינסון,111.5,2022-04-28T00:00:00.000Z,111.5,102.6,91.5,91.5,93.4
רבין ק. בילינסון,111.5,2022-04-28T00:00:00.000Z,111.5,102.6,91.5,91.5,93.4
רבין ק. בילינסון,111.5,2022-04-28T00:00:00.000Z,111.5,102.6,91.5,91.5,93.4
רבין ק. בילינסון,111.5,2022-04-28T00:00:00.000Z,111.5,102.6,91.5,91.5,93.4
פוריה,67.9,2022-04-28T00:00:00.000Z,67.9,62.8,78,78,73
פוריה,67.9,2022-04-28T00:00:00.000Z,67.9,62.8,78,78,73
פוריה,67.9,2022-04-28T00:00:00.000Z,67.9,62.8,78,78,73
פוריה,67.9,2022-04-28T00:00:00.000Z,67.9,62.8,78,78,73
פוריה,67.9,2022-04-28T00:00:00.000Z,67.9,62.8,78,78,73
פוריה,67.9,2022-04-28T00:00:00.000Z,67.9,62.8,78,78,73
פוריה,67.9,2022-04-28T00:00:00.000Z,67.9,62.8,78,78,73
פוריה,67.9,2022-04-28T00:00:00.000Z,67.9,62.8,78,78,73
פוריה,67.9,2022-04-28T00:00:00.000Z,67.9,62.8,78,78,73
הכרמל,60.4,2022-04-28T00:00:00.000Z,60.4,67.9,75.9,75.9,79.6
הכרמל,60.4,2022-04-28T00:00:00.000Z,60.4,67.9,75.9,75.9,79.6
הכרמל,60.4,2022-04-28T00:00:00.000Z,60.4,67.9,75.9,75.9,79.6
הכרמל,60.4,2022-04-28T00:00:00.000Z,60.4,67.9,75.9,75.9,79.6
הכרמל,60.4,2022-04-28T00:00:00.000Z,60.4,67.9,75.9,75.9,79.6
הכרמל,60.4,2022-04-28T00:00:00.000Z,60.4,67.9,75.9,75.9,79.6
הכרמל,60.4,2022-04-28T00:00:00.000Z,60.4,67.9,75.9,75.9,79.6
הכרמל,60.4,2022-04-28T00:00:00.000Z,60.4,67.9,75.9,75.9,79.6
הכרמל,60.4,2022-04-28T00:00:00.000Z,60.4,67.9,75.9,75.9,79.6
הכרמל,60.4,2022-04-28T00:00:00.000Z,60.4,67.9,75.9,75.9,79.6
הכרמל,60.4,2022-04-28T00:00:00.000Z,60.4,67.9,75.9,75.9,79.6
הכרמל,60.4,2022-04-28T00:00:00.000Z,60.4,67.9,75.9,75.9,79.6
הכרמל,60.4,2022-04-28T00:00:00.000Z,60.4,67.9,75.9,75.9,79.6
הכרמל,60.4,2022-04-28T00:00:00.000Z,60.4,67.9,75.9,75.9,79.6
הכרמל,60.4,2022-04-28T00:00:00.000Z,60.4,67.9,75.9,75.9,79.6
הכרמל,60.4,2022-04-28T00:00:00.000Z,60.4,67.9,75.9,75.9,79.6
הכרמל,60.4,2022-04-28T00:00:00.000Z,60.4,67.9,75.9,75.9,79.6
הכרמל,60.4,2022-04-28T00:00:00.000Z,60.4,67.9,75.9,75.9,79.6
הכרמל,60.4,2022-04-28T00:00:00.000Z,60.4,67.9,75.9,75.9,79.6
הכרמל,60.4,2022-04-28T00:00:00.000Z,60.4,67.9,75.9,75.9,79.6
הכרמל,60.4,2022-04-28T00:00:00.000Z,60.4,67.9,75.9,75.9,79.6
הכרמל,60.4,2022-04-28T00:00:00.000Z,60.4,67.9,75.9,75.9,79.6
הכרמל,60.4,2022-04-28T00:00:00.000Z,60.4,67.9,75.9,75.9,79.6
הכרמל,60.4,2022-04-28T00:00:00.000Z,60.4,67.9,75.9,75.9,79.6
הכרמל,60.4,2022-04-28T00:00:00.000Z,60.4,67.9,75.9,75.9,79.6
הכרמל,60.4,2022-04-28T00:00:00.000Z,60.4,67.9,75.9,75.9,79.6
הכרמל,60.4,2022-04-28T00:00:00.000Z,60.4,67.9,75.9,75.9,79.6
הכרמל,60.4,2022-04-28T00:00:00.000Z,60.4,67.9,75.9,75.9,79.6
הכרמל,60.4,2022-04-28T00:00:00.000Z,60.4,67.9,75.9,75.9,79.6
הכרמל,60.4,2022-04-28T00:00:00.000Z,60.4,67.9,75.9,75.9,79.6
הכרמל,60.4,2022-04-28T00:00:00.000Z,60.4,67.9,75.9,75.9,79.6
הכרמל,60.4,2022-04-28T00:00:00.000Z,60.4,67.9,75.9,75.9,79.6
הכרמל,60.4,2022-04-28T00:00:00.000Z,60.4,67.9,75.9,75.9,79.6
הכרמל,60.4,2022-04-28T00:00:00.000Z,60.4,67.9,75.9,75.9,79.6
הכרמל,60.4,2022-04-28T00:00:00.000Z,60.4,67.9,75.9,75.9,79.6
הכרמל,60.4,2022-04-28T00:00:00.000Z,60.4,67.9,75.9,75.9,79.6
פוריה,67.9,2022-04-28T00:00:00.000Z,67.9,62.8,78,78,73
פוריה,67.9,2022-04-28T00:00:00.000Z,67.9,62.8,78,78,73
פוריה,67.9,2022-04-28T00:00:00.000Z,67.9,62.8,78,78,73
פוריה,67.9,2022-04-28T00:00:00.000Z,67.9,62.8,78,78,73
פוריה,67.9,2022-04-28T00:00:00.000Z,67.9,62.8,78,78,73
פוריה,67.9,2022-04-28T00:00:00.000Z,67.9,62.8,78,78,73
פוריה,67.9,2022-04-28T00:00:00.000Z,67.9,62.8,78,78,73
פוריה,67.9,2022-04-28T00:00:00.000Z,67.9,62.8,78,78,73
פוריה,67.9,2022-04-28T00:00:00.000Z,67.9,62.8,78,78,73
פוריה,67.9,2022-04-28T00:00:00.000Z,67.9,62.8,78,78,73
פוריה,67.9,2022-04-28T00:00:00.000Z,67.9,62.8,78,78,73
פוריה,67.9,2022-04-28T00:00:00.000Z,67.9,62.8,78,78,73
פוריה,67.9,2022-04-28T00:00:00.000Z,67.9,62.8,78,78,73
פוריה,67.9,2022-04-28T00:00:00.000Z,67.9,62.8,78,78,73
פוריה,67.9,2022-04-28T00:00:00.000Z,67.9,62.8,78,78,73
פוריה,67.9,2022-04-28T00:00:00.000Z,67.9,62.8,78,78,73
פוריה,67.9,2022-04-28T00:00:00.000Z,67.9,62.8,78,78,73
פוריה,67.9,2022-04-28T00:00:00.000Z,67.9,62.8,78,78,73
לניאדו,92.3,2022-04-28T00:00:00.000Z,97.8,101.3,94.7,96.7,103.1
לניאדו,92.3,2022-04-28T00:00:00.000Z,96.7,102.6,94.7,96.3,102.6
לניאדו,92.3,2022-04-28T00:00:00.000Z,95.6,103.8,94.7,95.9,102.1
לניאדו,92.3,2022-04-28T00:00:00.000Z,94.5,105.1,94.7,95.5,101.6
לניאדו,92.3,2022-04-28T00:00:00.000Z,93.4,106.4,94.7,95.1,101.1
לניאדו,92.3,2022-04-28T00:00:00.000Z,92.3,107.7,94.7,94.7,100.6
לניאדו,92.3,2022-04-28T00:00:00.000Z,92.3,107.7,94.7,94.7,100.6
לניאדו,92.3,2022-04-28T00:00:00.000Z,92.3,107.7,94.7,94.7,100.6
לניאדו,92.3,2022-04-28T00:00:00.000Z,92.3,107.7,94.7,94.7,100.6
לניאדו,92.3,2022-04-28T00:00:00.000Z,92.3,107.7,94.7,94.7,100.6
לניאדו,92.3,2022-04-28T00:00:00.000Z,92.3,107.7,94.7,94.7,100.6
לניאדו,92.3,2022-04-28T00:00:00.000Z,92.3,107.7,94.7,94.7,100.6
לניאדו,92.3,2022-04-28T00:00:00.000Z,92.3,107.7,94.7,94.7,100.6
לניאדו,92.3,2022-04-28T00:00:00.000Z,92.3,107.7,94.7,94.7,100.6
רבין ק. בילינסון,111.5,2022-04-28T00:00:00.000Z,111.5,102.6,91.5,91.5,93.4
רבין ק. בילינסון,111.5,2022-04-28T00:00:00.000Z,111.5,102.6,91.5,91.5,93.4
רבין ק. בילינסון,111.5,2022-04-28T00:00:00.000Z,111.5,102.6,91.5,91.5,93.4
רבין ק. בילינסון,111.5,2022-04-28T00:00:00.000Z,111.5,102.6,91.5,91.5,93.4
רבין ק. בילינסון,111.5,2022-04-28T00:00:00.000Z,111.5,102.6,91.5,91.5,93.4
רבין ק. בילינסון,111.5,2022-04-28T00:00:00.000Z,111.5,102.6,91.5,91.5,93.4
רבין ק. בילינסון,111.5,2022-04-28T00:00:00.000Z,111.5,102.6,91.5,91.5,93.4
רבין ק. בילינסון,111.5,2022-04-28T00:00:00.000Z,111.5,102.6,91.5,91.5,93.4
רבין ק. בילינסון,111.5,2022-04-28T00:00:00.000Z,111.5,102.6,91.5,91.5,93.4
רבין ק. בילינסון,111.5,2022-04-28T00:00:00.000Z,111.5,102.6,91.5,91.5,93.4
רבין ק. בילינסון,111.5,2022-04-28T00:00:00.000Z,111.5,102.6,91.5,91.5,93.4
רבין ק. בילינסון,111.5,2022-04-28T00:00:00.000Z,111.5,102.6,91.5,91.5,93.4
רבין ק. בילינסון,111.5,2022-04-28T00:00:00.000Z,111.5,102.6,91.5,91.5,93.4
רבין ק. בילינסון,111.5,2022-04-28T00:00:00.000Z,111.5,102.6,91.5,91.5,93.4
רבין ק. בילינסון,111.5,2022-04-28T00:00:00.000Z,111.5,102.6,91.5,91.5,93.4
רבין ק. בילינסון,111.5,2022-04-28T00:00:00.000Z,111.5,102.6,91.5,91.5,93.4
רבין ק. בילינסון,111.5,2022-04-28T00:00:00.000Z,111.5,102.6,91.5,91.5,93.4
רבין ק. בילינסון,111.5,2022-04-28T00:00:00.000Z,111.5,102.6,91.5,91.5,93.4
רבין ק. בילינסון,111.5,2022-04-28T00:00:00.000Z,111.5,102.6,91.5,91.5,93.4
פוריה,67.9,2022-04-28T00:00:00.000Z,67.9,62.8,78,78,73
פוריה,67.9,2022-04-28T00:00:00.000Z,67.9,62.8,78,78,73
פוריה,67.9,2022-04-28T00:00:00.000Z,67.9,62.8,78,78,73
פוריה,67.9,2022-04-28T00:00:00.000Z,67.9,62.8,78,78,73
פוריה,67.9,2022-04-28T00:00:00.000Z,67.9,62.8,78,78,73
פוריה,67.9,2022-04-28T00:00:00.000Z,67.9,62.8,78,78,73
פוריה,67.9,2022-04-28T00:00:00.000Z,67.9,62.8,78,78,73
פוריה,67.9,2022-04-28T00:00:00.000Z,67.9,62.8,78,78,73
פוריה,67.9,2022-04-28T00:00:00.000Z,67.9,62.8,78,78,73
פוריה,67.9,2022-04-28T00:00:00.000Z,67.9,62.8,78,78,73
פוריה,67.9,2022-04-28T00:00:00.000Z,67.9,62.8,78,78,73
הכרמל,60.4,2022-04-28T00:00:00.000Z,60.4,67.9,75.9,75.9,79.6
הכרמל,60.4,2022-04-28T00:00:00.000Z,60.4,67.9,75.9,75.9,79.6
הכרמל,60.4,2022-04-28T00:00:00.000Z,60.4,67.9,75.9,75.9,79.6
הכרמל,60.4,2022-04-28T00:00:00.000Z,60.4,67.9,75.9,75.9,79.6
הכרמל,60.4,2022-04-28T00:00:00.000Z,60.4,67.9,75.9,75.9,79.6
הכרמל,60.4,2022-04-28T00:00:00.000Z,60.4,67.9,75.9,75.9,79.6
הכרמל,60.4,2022-04-28T00:00:00.000Z,60.4,67.9,75.9,75.9,79.6
הכרמל,60.4,2022-04-28T00:00:00.000Z,60.4,67.9,75.9,75.9,79.6
הכרמל,60.4,2022-04-28T00:00:00.000Z,60.4,67.9,75.9,75.9,79.6
הכרמל,60.4,2022-04-28T00:00:00.000Z,60.4,67.9,75.9,75.9,79.6
הכרמל,60.4,2022-04-28T00:00:00.000Z,60.4,67.9,75.9,75.9,79.6
הכרמל,60.4,2022-04-28T00:00:00.000Z,60.4,67.9,75.9,75.9,79.6
הכרמל,60.4,2022-04-28T00:00:00.000Z,60.4,67.9,75.9,75.9,79.6
הכרמל,60.4,2022-04-28T00:00:00.000Z,60.4,67.9,75.9,75.9,79.6
הכרמל,60.4,2022-04-28T00:00:00.000Z,60.4,67.9,75.9,75.9,79.6
הכרמל,60.4,2022-04-28T00:00:00.000Z,60.4,67.9,75.9,75.9,79.6
הכרמל,60.4,2022-04-28T00:00:00.000Z,60.4,67.9,75.9,75.9,79.6
הכרמל,60.4,2022-04-28T00:00:00.000Z,60.4,67.9,75.9,75.9,79.6
הכרמל,60.4,2022-04-28T00:00:00.000Z,60.4,67.9,75.9,75.9,79.6
הכרמל,60.4,2022-04-28T00:00:00.000Z,60.4,67.9,75.9,75.9,79.6
הכרמל,60.4,2022-04-28T00:00:00.000Z,60.4,67.9,75.9,75.9,79.6
הכרמל,60.4,2022-04-28T00:00:00.000Z,60.4,67.9,75.9,75.9,79.6
הכרמל,60.4,2022-04-28T00:00:00.000Z,60.4,67.9,75.9,75.9,79.6
הכרמל,60.4,2022-04-28T00:00:00.000Z,60.4,67.9,75.9,75.9,79.6
הכרמל,60.4,2022-04-28T00:00:00.000Z,60.4,67.9,75.9,75.9,79.6
רבין ק. בילינסון,111.5,2022-04-28T00:00:00.000Z,111.5,102.6,91.5,91.5,93.4
רבין ק. בילינסון,111.5,2022-04-28T00:00:00.000Z,111.5,102.6,91.5,91.5,93.4
רבין ק. בילינסון,111.5,2022-04-28T00:00:00.000Z,111.5,102.6,91.5,91.5,93.4
רבין ק. בילינסון,111.5,2022-04-28T00:00:00.000Z,111.5,102.6,91.5,91.5,93.4
רבין ק. בילינסון,111.5,2022-04-28T00:00:00.000Z,111.5,102.6,91.5,91.5,93.4
רבין ק. בילינסון,111.5,2022-04-28T00:00:00.000Z,111.5,102.6,91.5,91.5,93.4
רבין ק. בילינסון,111.5,2022-04-28T00:00:00.000Z,111.5,102.6,91.5,91.5,93.4
רבין ק. בילינסון,111.5,2022-04-28T00:00:00.000Z,111.5,102.6,91.5,91.5,93.4
הכרמל,60.4,2022-04-28T00:00:00.000Z,60.4,67.9,75.9,75.9,79.6
הכרמל,60.4,2022-04-28T00:00:00.000Z,60.4,67.9,75.9,75.9,79.6
הכרמל,60.4,2022-04-28T00:00:00.000Z,60.4,67.9,75.9,75.9,79.6
הכרמל,60.4,2022-04-28T00:00:00.000Z,60.4,67.9,75.9,75.9,79.6
הכרמל,60.4,2022-04-28T00:00:00.000Z,60.4,67.9,75.9,75.9,79.6
הכרמל,60.4,2022-04-28T00:00:00.000Z,60.4,67.9,75.9,75.9,79.6
הכרמל,60.4,2022-04-28T00:00:00.000Z,60.4,67.9,75.9,75.9,79.6
הכרמל,60.4,2022-04-28T00:00:00.000Z,60.4,67.9,75.9,75.9,79.6
הכרמל,60.4,2022-04-28T00:00:00.000Z,60.4,67.9,75.9,75.9,79.6
הכרמל,60.4,2022-04-28T00:00:00.000Z,60.4,67.9,75.9,75.9,79.6
הכרמל,60.4,2022-04-28T00:00:00.000Z,60.4,67.9,75.9,75.9,79.6
הכרמל,60.4,2022-04-28T00:00:00.000Z,60.4,67.9,75.9,75.9,79.6
הכרמל,60.4,2022-04-28T00:00:00.000Z,60.4,67.9,75.9,75.9,79.6
הכרמל,60.4,2022-04-28T00:00:00.000Z,60.4,67.9,75.9,75.9,79.6
הכרמל,60.4,2022-04-28T00:00:00.000Z,60.4,67.9,75.9,75.9,79.6
הכרמל,60.4,2022-04-28T00:00:00.000Z,60.4,67.9,75.9,75.9,79.6
הכרמל,60.4,2022-04-28T00:00:00.000Z,60.4,67.9,75.9,75.9,79.6
הכרמל,60.4,2022-04-28T00:00:00.000Z,60.4,67.9,75.9,75.9,79.6
הכרמל,60.4,2022-04-28T00:00:00.000Z,60.4,67.9,75.9,75.9,79.6
הכרמל,60.4,2022-04-28T00:00:00.000Z,60.4,67.9,75.9,75.9,79.6
הכרמל,60.4,2022-04-28T00:00:00.000Z,60.4,67.9,75.9,75.9,79.6
הכרמל,60.4,2022-04-28T00:00:00.000Z,60.4,67.9,75.9,75.9,79.6
הכרמל,60.4,2022-04-28T00:00:00.000Z,60.4,67.9,75.9,75.9,79.6
הכרמל,60.4,2022-04-28T00:00:00.000Z,60.4,67.9,75.9,75.9,79.6
הכרמל,60.4,2022-04-28T00:00:00.000Z,60.4,67.9,75.9,75.9,79.6
הכרמל,60.4,2022-04-28T00:00:00.000Z,60.4,67.9,75.9,75.9,79.6
הכרמל,60.4,2022-04-28T00:00:00.000Z,60.4,67.9,75.9,75.9,79.6
הכרמל,60.4,2022-04-28T00:00:00.000Z,60.4,67.9,75.9,75.9,79.6
הכרמל,60.4,2022-04-28T00:00:00.000Z,60.4,67.9,75.9,75.9,79.6
הכרמל,60.4,2022-04-28T00:00:00.000Z,60.4,67.9,75.9,75.9,79.6
הכרמל,60.4,2022-04-28T00:00:00.000Z,60.4,67.9,75.9,75.9,79.6
הכרמל,60.4,2022-04-28T00:00:00.000Z,60.4,67.9,75.9,75.9,79.6
הכרמל,60.4,2022-04-28T00:00:00.000Z,60.4,67.9,75.9,75.9,79.6
הכרמל,60.4,2022-04-28T00:00:00.000Z,60.4,67.9,75.9,75.9,79.6
הכרמל,60.4,2022-04-28T00:00:00.000Z,60.4,67.9,75.9,75.9,79.6
הכרמל,60.4,2022-04-28T00:00:00.000Z,60.4,67.9,75.9,75.9,79.6
הכרמל,60.4,2022-04-28T00:00:00.000Z,60.4,67.9,75.9,75.9,79.6
הכרמל,60.4,2022-04-28T00:00:00.000Z,60.4,67.9,75.9,75.9,79.6
הכרמל,60.4,2022-04-28T00:00:00.000Z,60.4,67.9,75.9,75.9,79.6
הכרמל,60.4,2022-04-28T00:00:00.000Z,60.4,67.9,75.9,75.9,79.6
הכרמל,60.4,2022-04-28T00:00:00.000Z,60.4,67.9,75.9,75.9,79.6
הכרמל,60.4,2022-04-28T00:00:00.000Z,60.4,67.9,75.9,75.9,79.6
הכרמל,60.4,2022-04-28T00:00:00.000Z,60.4,67.9,75.9,75.9,79.6
הכרמל,60.4,2022-04-28T00:00:00.000Z,60.4,67.9,75.9,75.9,79.6
הכרמל,60.4,2022-04-28T00:00:00.000Z,60.4,67.9,75.9,75.9,79.6
הכרמל,60.4,2022-04-28T00:00:00.000Z,60.4,67.9,75.9,75.9,79.6
הכרמל,60.4,2022-04-28T00:00:00.000Z,60.4,67.9,75.9,75.9,79.6
הכרמל,60.4,2022-04-28T00:00:00.000Z,60.4,67.9,75.9,75.9,79.6
הכרמל,60.4,2022-04-28T00:00:00.000Z,60.4,67.9,75.9,75.9,79.6
הכרמל,60.4,2022-04-28T00:00:00.000Z,60.4,67.9,75.9,75.9,79.6
הכרמל,60.4,2022-04-28T00:00:00.000Z,60.4,67.9,75.9,75.9,79.6
הכרמל,60.4,2022-04-28T00:00:00.000Z,60.4,67.9,75.9,75.9,79.6
הכרמל,60.4,2022-04-28T00:00:00.000Z,60.4,67.9,75.9,75.9,79.6
הכרמל,60.4,2022-04-28T00:00:00.000Z,60.4,67.9,75.9,75.9,79.6
הכרמל,60.4,2022-04-28T00:00:00.000Z,60.4,67.9,75.9,75.9,79.6
הכרמל,60.4,2022-04-28T00:00:00.000Z,60.4,67.9,75.9,75.9,79.6
הכרמל,60.4,2022-04-28T00:00:00.000Z,60.4,67.9,75.9,75.9,79.6
הכרמל,60.4,2022-04-28T00:00:00.000Z,60.4,67.9,75.9,75.9,79.6
הכרמל,60.4,2022-04-28T00:00:00.000Z,60.4,67.9,75.9,75.9,79.6
הכרמל,60.4,2022-04-28T00:00:00.000Z,60.4,67.9,75.9,75.9,79.6
הכרמל,60.4,2022-04-28T00:00:00.000Z,60.4,67.9,75.9,75.9,79.6
הכרמל,60.4,2022-04-28T00:00:00.000Z,60.4,67.9,75.9,75.9,79.6
הכרמל,60.4,2022-04-28T00:00:00.000Z,60.4,67.9,75.9,75.9,79.6
וולפסון,73.4,2022-04-28T00:00:00.000Z,78.3,99.6,67.3,77.6,81.6
וולפסון,73.4,2022-04-28T00:00:00.000Z,77.6,98.4,67.3,76.1,82
וולפסון,73.4,2022-04-28T00:00:00.000Z,76.9,97.1,67.3,74.7,82.4
וולפסון,73.4,2022-04-28T00:00:00.000Z,76.2,95.9,67.3,73.2,82.9
וולפסון,73.4,2022-04-28T00:00:00.000Z,75.5,94.7,67.3,71.7,83.3
וולפסון,73.4,2022-04-28T00:00:00.000Z,74.8,93.4,67.3,70.3,83.7
וולפסון,73.4,2022-04-28T00:00:00.000Z,74.1,92.2,67.3,68.8,84.2
וולפסון,73.4,2022-04-28T00:00:00.000Z,73.4,91,67.3,67.3,84.6
וולפסון,73.4,2022-04-28T00:00:00.000Z,73.4,91,67.3,67.3,84.6
וולפסון,73.4,2022-04-28T00:00:00.000Z,73.4,91,67.3,67.3,84.6
וולפסון,73.4,2022-04-28T00:00:00.000Z,73.4,91,67.3,67.3,84.6
וולפסון,73.4,2022-04-28T00:00:00.000Z,73.4,91,67.3,67.3,84.6
וולפסון,73.4,2022-04-28T00:00:00.000Z,73.4,91,67.3,67.3,84.6
וולפסון,73.4,2022-04-28T00:00:00.000Z,73.4,91,67.3,67.3,84.6
וולפסון,73.4,2022-04-28T00:00:00.000Z,73.4,91,67.3,67.3,84.6
וולפסון,73.4,2022-04-28T00:00:00.000Z,73.4,91,67.3,67.3,84.6
וולפסון,73.4,2022-04-28T00:00:00.000Z,73.4,91,67.3,67.3,84.6
וולפסון,73.4,2022-04-28T00:00:00.000Z,73.4,91,67.3,67.3,84.6
וולפסון,73.4,2022-04-28T00:00:00.000Z,73.4,91,67.3,67.3,84.6
וולפסון,73.4,2022-04-28T00:00:00.000Z,73.4,91,67.3,67.3,84.6
וולפסון,73.4,2022-04-28T00:00:00.000Z,73.4,91,67.3,67.3,84.6
וולפסון,73.4,2022-04-28T00:00:00.000Z,73.4,91,67.3,67.3,84.6
וולפסון,73.4,2022-04-28T00:00:00.000Z,73.4,91,67.3,67.3,84.6
וולפסון,73.4,2022-04-28T00:00:00.000Z,73.4,91,67.3,67.3,84.6
וולפסון,73.4,2022-04-28T00:00:00.000Z,73.4,91,67.3,67.3,84.6
וולפסון,73.4,2022-04-28T00:00:00.000Z,73.4,91,67.3,67.3,84.6
וולפסון,73.4,2022-04-28T00:00:00.000Z,73.4,91,67.3,67.3,84.6
וולפסון,73.4,2022-04-28T00:00:00.000Z,73.4,91,67.3,67.3,84.6
וולפסון,73.4,2022-04-28T00:00:00.000Z,73.4,91,67.3,67.3,84.6
וולפסון,73.4,2022-04-28T00:00:00.000Z,73.4,91,67.3,67.3,84.6
וולפסון,73.4,2022-04-28T00:00:00.000Z,73.4,91,67.3,67.3,84.6
וולפסון,73.4,2022-04-28T00:00:00.000Z,73.4,91,67.3,67.3,84.6
וולפסון,73.4,2022-04-28T00:00:00.000Z,73.4,91,67.3,67.3,84.6
וולפסון,73.4,2022-04-28T00:00:00.000Z,73.4,91,67.3,67.3,84.6
וולפסון,73.4,2022-04-28T00:00:00.000Z,73.4,91,67.3,67.3,84.6
וולפסון,73.4,2022-04-28T00:00:00.000Z,73.4,91,67.3,67.3,84.6
וולפסון,73.4,2022-04-28T00:00:00.000Z,73.4,91,67.3,67.3,84.6
וולפסון,73.4,2022-04-28T00:00:00.000Z,73.4,91,67.3,67.3,84.6
וולפסון,73.4,2022-04-28T00:00:00.000Z,73.4,91,67.3,67.3,84.6
וולפסון,73.4,2022-04-28T00:00:00.000Z,73.4,91,67.3,67.3,84.6
וולפסון,73.4,2022-04-28T00:00:00.000Z,73.4,91,67.3,67.3,84.6
וולפסון,73.4,2022-04-28T00:00:00.000Z,73.4,91,67.3,67.3,84.6
וולפסון,73.4,2022-04-28T00:00:00.000Z,73.4,91,67.3,67.3,84.6
וולפסון,73.4,2022-04-28T00:00:00.000Z,73.4,91,67.3,67.3,84.6
וולפסון,73.4,2022-04-28T00:00:00.000Z,73.4,91,67.3,67.3,84.6
וולפסון,73.4,2022-04-28T00:00:00.000Z,73.4,91,67.3,67.3,84.6
וולפסון,73.4,2022-04-28T00:00:00.000Z,73.4,91,67.3,67.3,84.6
וולפסון,73.4,2022-04-28T00:00:00.000Z,73.4,91,67.3,67.3,84.6
וולפסון,73.4,2022-04-28T00:00:00.000Z,73.4,91,67.3,67.3,84.6
וולפסון,73.4,2022-04-28T00:00:00.000Z,73.4,91,67.3,67.3,84.6
וולפסון,73.4,2022-04-28T00:00:00.000Z,73.4,91,67.3,67.3,84.6
וולפסון,73.4,2022-04-28T00:00:00.000Z,73.4,91,67.3,67.3,84.6
וולפסון,73.4,2022-04-28T00:00:00.000Z,73.4,91,67.3,67.3,84.6
וולפסון,73.4,2022-04-28T00:00:00.000Z,73.4,91,67.3,67.3,84.6
וולפסון,73.4,2022-04-28T00:00:00.000Z,73.4,91,67.3,67.3,84.6
וולפסון,73.4,2022-04-28T00:00:00.000Z,73.4,91,67.3,67.3,84.6
וולפסון,73.4,2022-04-28T00:00:00.000Z,73.4,91,67.3,67.3,84.6
וולפסון,73.4,2022-04-28T00:00:00.000Z,73.4,91,67.3,67.3,84.6
וולפסון,73.4,2022-04-28T00:00:00.000Z,73.4,91,67.3,67.3,84.6
וולפסון,73.4,2022-04-28T00:00:00.000Z,73.4,91,67.3,67.3,84.6
וולפסון,73.4,2022-04-28T00:00:00.000Z,73.4,91,67.3,67.3,84.6
וולפסון,73.4,2022-04-28T00:00:00.000Z,73.4,91,67.3,67.3,84.6
וולפסון,73.4,2022-04-28T00:00:00.000Z,73.4,91,67.3,67.3,84.6
וולפסון,73.4,2022-04-28T00:00:00.000Z,73.4,91,67.3,67.3,84.6
וולפסון,73.4,2022-04-28T00:00:00.000Z,73.4,91,67.3,67.3,84.6
וולפסון,73.4,2022-04-28T00:00:00.000Z,73.4,91,67.3,67.3,84.6
וולפסון,73.4,2022-04-28T00:00:00.000Z,73.4,91,67.3,67.3,84.6
וולפסון,73.4,2022-04-28T00:00:00.000Z,73.4,91,67.3,67.3,84.6
וולפסון,73.4,2022-04-28T00:00:00.000Z,73.4,91,67.3,67.3,84.6
וולפסון,73.4,2022-04-28T00:00:00.000Z,73.4,91,67.3,67.3,84.6
וולפסון,73.4,2022-04-28T00:00:00.000Z,73.4,91,67.3,67.3,84.6
וולפסון,73.4,2022-04-28T00:00:00.000Z,73.4,91,67.3,67.3,84.6
וולפסון,73.4,2022-04-28T00:00:00.000Z,73.4,91,67.3,67.3,84.6
וולפסון,73.4,2022-04-28T00:00:00.000Z,73.4,91,67.3,67.3,84.6
וולפסון,73.4,2022-04-28T00:00:00.000Z,73.4,91,67.3,67.3,84.6
וולפסון,73.4,2022-04-28T00:00:00.000Z,73.4,91,67.3,67.3,84.6
וולפסון,73.4,2022-04-28T00:00:00.000Z,73.4,91,67.3,67.3,84.6
וולפסון,73.4,2022-04-28T00:00:00.000Z,73.4,91,67.3,67.3,84.6
וולפסון,73.4,2022-04-28T00:00:00.000Z,73.4,91,67.3,67.3,84.6
וולפסון,73.4,2022-04-28T00:00:00.000Z,73.4,91,67.3,67.3,84.6
וולפסון,73.4,2022-04-28T00:00:00.000Z,73.4,91,67.3,67.3,84.6
וולפסון,73.4,2022-04-28T00:00:00.000Z,73.4,91,67.3,67.3,84.6
וולפסון,73.4,2022-04-28T00:00:00.000Z,73.4,91,67.3,67.3,84.6
וולפסון,73.4,2022-04-28T00:00:00.000Z,73.4,91,67.3,67.3,84.6
וולפסון,73.4,2022-04-28T00:00:00.000Z,73.4,91,67.3,67.3,84.6
וולפסון,73.4,2022-04-28T00:00:00.000Z,73.4,91,67.3,67.3,84.6
וולפסון,73.4,2022-04-28T00:00:00.000Z,73.4,91,67.3,67.3,84.6
וולפסון,73.4,2022-04-28T00:00:00.000Z,73.4,91,67.3,67.3,84.6
וולפסון,73.4,2022-04-28T00:00:00.000Z,73.4,91,67.3,67.3,84.6
וולפסון,73.4,2022-04-28T00:00:00.000Z,73.4,91,67.3,67.3,84.6
וולפסון,73.4,2022-04-28T00:00:00.000Z,73.4,91,67.3,67.3,84.6
וולפסון,73.4,2022-04-28T00:00:00.000Z,73.4,91,67.3,67.3,84.6
וולפסון,73.4,2022-04-28T00:00:00.000Z,73.4,91,67.3,67.3,84.6
וולפסון,73.4,2022-04-28T00:00:00.000Z,73.4,91,67.3,67.3,84.6
וולפסון,73.4,2022-04-28T00:00:00.000Z,73.4,91,67.3,67.3,84.6
וולפסון,73.4,2022-04-28T00:00:00.000Z,73.4,91,67.3,67.3,84.6
וולפסון,73.4,2022-04-28T00:00:00.000Z,73.4,91,67.3,67.3,84.6
וולפסון,73.4,2022-04-28T00:00:00.000Z,73.4,91,67.3,67.3,84.6
וולפסון,73.4,2022-04-28T00:00:00.000Z,73.4,91,67.3,67.3,84.6
וולפסון,73.4,2022-04-28T00:00:00.000Z,73.4,91,67.3,67.3,84.6
וולפסון,73.4,2022-04-28T00:00:00.000Z,73.4,91,67.3,67.3,84.6
וולפסון,73.4,2022-04-28T00:00:00.000Z,73.4,91,67.3,67.3,84.6
וולפסון,73.4,2022-04-28T00:00:00.000Z,73.4,91,67.3,67.3,84.6
וולפסון,73.4,2022-04-28T00:00:00.000Z,73.4,91,67.3,67.3,84.6
וולפסון,73.4,2022-04-28T00:00:00.000Z,73.4,91,67.3,67.3,84.6
וולפסון,73.4,2022-04-28T00:00:00.000Z,73.4,91,67.3,67.3,84.6
וולפסון,73.4,2022-04-28T00:00:00.000Z,73.4,91,67.3,67.3,84.6
וולפסון,73.4,2022-04-28T00:00:00.000Z,73.4,91,67.3,67.3,84.6
וולפסון,73.4,2022-04-28T00:00:00.000Z,73.4,91,67.3,67.3,84.6
וולפסון,73.4,2022-04-28T00:00:00.000Z,73.4,91,67.3,67.3,84.6
וולפסון,73.4,2022-04-28T00:00:00.000Z,73.4,91,67.3,67.3,84.6
וולפסון,73.4,2022-04-28T00:00:00.000Z,73.4,91,67.3,67.3,84.6
וולפסון,73.4,2022-04-28T00:00:00.000Z,73.4,91,67.3,67.3,84.6
וולפסון,73.4,2022-04-28T00:00:00.000Z,73.4,91,67.3,67.3,84.6
וולפסון,73.4,2022-04-28T00:00:00.000Z,73.4,91,67.3,67.3,84.6
וולפסון,73.4,2022-04-28T00:00:00.000Z,73.4,91,67.3,67.3,84.6
וולפסון,73.4,2022-04-28T00:00:00.000Z,73.4,91,67.3,67.3,84.6
וולפסון,73.4,2022-04-28T00:00:00.000Z,73.4,91,67.3,67.3,84.6
וולפסון,73.4,2022-04-28T00:00:00.000Z,73.4,91,67.3,67.3,84.6
וולפסון,73.4,2022-04-28T00:00:00.000Z,73.4,91,67.3,67.3,84.6
וולפסון,73.4,2022-04-28T00:00:00.000Z,73.4,91,67.3,67.3,84.6
וולפסון,73.4,2022-04-28T00:00:00.000Z,73.4,91,67.3,67.3,84.6
וולפסון,73.4,2022-04-28T00:00:00.000Z,73.4,91,67.3,67.3,84.6
וולפסון,73.4,2022-04-28T00:00:00.000Z,73.4,91,67.3,67.3,84.6
וולפסון,73.4,2022-04-28T00:00:00.000Z,73.4,91,67.3,67.3,84.6
וולפסון,73.4,2022-04-28T00:00:00.000Z,73.4,91,67.3,67.3,84.6
וולפסון,73.4,2022-04-28T00:00:00.000Z,73.4,91,67.3,67.3,84.6
וולפסון,73.4,2022-04-28T00:00:00.000Z,73.4,91,67.3,67.3,84.6
וולפסון,73.4,2022-04-28T00:00:00.000Z,73.4,91,67.3,67.3,84.6
וולפסון,73.4,2022-04-28T00:00:00.000Z,73.4,91,67.3,67.3,84.6
וולפסון,73.4,2022-04-28T00:00:00.000Z,73.4,91,67.3,67.3,84.6
וולפסון,73.4,2022-04-28T00:00:00.000Z,73.4,91,67.3,67.3,84.6
וולפסון,73.4,2022-04-28T00:00:00.000Z,73.4,91,67.3,67.3,84.6
וולפסון,73.4,2022-04-28T00:00:00.000Z,73.4,91,67.3,67.3,84.6
וולפסון,73.4,2022-04-28T00:00:00.000Z,73.4,91,67.3,67.3,84.6
וולפסון,73.4,2022-04-28T00:00:00.000Z,73.4,91,67.3,67.3,84.6
וולפסון,73.4,2022-04-28T00:00:00.000Z,73.4,91,67.3,67.3,84.6
וולפסון,73.4,2022-04-28T00:00:00.000Z,73.4,91,67.3,67.3,84.6
וולפסון,73.4,2022-04-28T00:00:00.000Z,73.4,91,67.3,67.3,84.6
וולפסון,73.4,2022-04-28T00:00:00.000Z,73.4,91,67.3,67.3,84.6
וולפסון,73.4,2022-04-28T00:00:00.000Z,73.4,91,67.3,67.3,84.6
וולפסון,73.4,2022-04-28T00:00:00.000Z,73.4,91,67.3,67.3,84.6
וולפסון,73.4,2022-04-28T00:00:00.000Z,73.4,91,67.3,67.3,84.6
וולפסון,73.4,2022-04-28T00:00:00.000Z,73.4,91,67.3,67.3,84.6
וולפסון,73.4,2022-04-28T00:00:00.000Z,73.4,91,67.3,67.3,84.6
וולפסון,73.4,2022-04-28T00:00:00.000Z,73.4,91,67.3,67.3,84.6
וולפסון,73.4,2022-04-28T00:00:00.000Z,73.4,91,67.3,67.3,84.6
וולפסון,73.4,2022-04-28T00:00:00.000Z,73.4,91,67.3,67.3,84.6
וולפסון,73.4,2022-04-28T00:00:00.000Z,73.4,91,67.3,67.3,84.6
וולפסון,73.4,2022-04-28T00:00:00.000Z,73.4,91,67.3,67.3,84.6
וולפסון,73.4,2022-04-28T00:00:00.000Z,73.4,91,67.3,67.3,84.6
וולפסון,73.4,2022-04-28T00:00:00.000Z,73.4,91,67.3,67.3,84.6
וולפסון,73.4,2022-04-28T00:00:00.000Z,73.4,91,67.3,67.3,84.6
וולפסון,73.4,2022-04-28T00:00:00.000Z,73.4,91,67.3,67.3,84.6
וולפסון,73.4,2022-04-28T00:00:00.000Z,73.4,91,67.3,67.3,84.6
וולפסון,73.4,2022-04-28T00:00:00.000Z,73.4,91,67.3,67.3,84.6
וולפסון,73.4,2022-04-28T00:00:00.000Z,73.4,91,67.3,67.3,84.6
וולפסון,73.4,2022-04-28T00:00:00.000Z,73.4,91,67.3,67.3,84.6
וולפסון,73.4,2022-04-28T00:00:00.000Z,73.4,91,67.3,67.3,84.6
וולפסון,73.4,2022-04-28T00:00:00.000Z,73.4,91,67.3,67.3,84.6
וולפסון,73.4,2022-04-28T00:00:00.000Z,73.4,91,67.3,67.3,84.6
וולפסון,73.4,2022-04-28T00:00:00.000Z,73.4,91,67.3,67.3,84.6
וולפסון,73.4,2022-04-28T00:00:00.000Z,73.4,91,67.3,67.3,84.6
וולפסון,73.4,2022-04-28T00:00:00.000Z,73.4,91,67.3,67.3,84.6
וולפסון,73.4,2022-04-28T00:00:00.000Z,73.4,91,67.3,67.3,84.6
וולפסון,73.4,2022-04-28T00:00:00.000Z,73.4,91,67.3,67.3,84.6
וולפסון,73.4,2022-04-28T00:00:00.000Z,73.4,91,67.3,67.3,84.6
וולפסון,73.4,2022-04-28T00:00:00.000Z,73.4,91,67.3,67.3,84.6
וולפסון,73.4,2022-04-28T00:00:00.000Z,73.4,91,67.3,67.3,84.6
וולפסון,73.4,2022-04-28T00:00:00.000Z,73.4,91,67.3,67.3,84.6
וולפסון,73.4,2022-04-28T00:00:00.000Z,73.4,91,67.3,67.3,84.6
וולפסון,73.4,2022-04-28T00:00:00.000Z,73.4,91,67.3,67.3,84.6
וולפסון,73.4,2022-04-28T00:00:00.000Z,73.4,91,67.3,67.3,84.6
וולפסון,73.4,2022-04-28T00:00:00.000Z,73.4,91,67.3,67.3,84.6
וולפסון,73.4,2022-04-28T00:00:00.000Z,73.4,91,67.3,67.3,84.6
וולפסון,73.4,2022-04-28T00:00:00.000Z,73.4,91,67.3,67.3,84.6
וולפסון,73.4,2022-04-28T00:00:00.000Z,73.4,91,67.3,67.3,84.6
וולפסון,73.4,2022-04-28T00:00:00.000Z,73.4,91,67.3,67.3,84.6
וולפסון,73.4,2022-04-28T00:00:00.000Z,73.4,91,67.3,67.3,84.6
וולפסון,73.4,2022-04-28T00:00:00.000Z,73.4,91,67.3,67.3,84.6
וולפסון,73.4,2022-04-28T00:00:00.000Z,73.4,91,67.3,67.3,84.6
וולפסון,73.4,2022-04-28T00:00:00.000Z,73.4,91,67.3,67.3,84.6
וולפסון,73.4,2022-04-28T00:00:00.000Z,73.4,91,67.3,67.3,84.6
וולפסון,73.4,2022-04-28T00:00:00.000Z,73.4,91,67.3,67.3,84.6
וולפסון,73.4,2022-04-28T00:00:00.000Z,73.4,91,67.3,67.3,84.6
וולפסון,73.4,2022-04-28T00:00:00.000Z,73.4,91,67.3,67.3,84.6
וולפסון,73.4,2022-04-28T00:00:00.000Z,73.4,91,67.3,67.3,84.6
וולפסון,73.4,2022-04-28T00:00:00.000Z,73.4,91,67.3,67.3,84.6
וולפסון,73.4,2022-04-28T00:00:00.000Z,73.4,91,67.3,67.3,84.6
וולפסון,73.4,2022-04-28T00:00:00.000Z,73.4,91,67.3,67.3,84.6
וולפסון,73.4,2022-04-28T00:00:00.000Z,73.4,91,67.3,67.3,84.6
וולפסון,73.4,2022-04-28T00:00:00.000Z,73.4,91,67.3,67.3,84.6
וולפסון,73.4,2022-04-28T00:00:00.000Z,73.4,91,67.3,67.3,84.6
וולפסון,73.4,2022-04-28T00:00:00.000Z,73.4,91,67.3,67.3,84.6
וולפסון,73.4,2022-04-28T00:00:00.000Z,73.4,91,67.3,67.3,84.6
וולפסון,73.4,2022-04-28T00:00:00.000Z,73.4,91,67.3,67.3,84.6
וולפסון,73.4,2022-04-28T00:00:00.000Z,73.4,91,67.3,67.3,84.6
וולפסון,73.4,2022-04-28T00:00:00.000Z,73.4,91,67.3,67.3,84.6
וולפסון,73.4,2022-04-28T00:00:00.000Z,73.4,91,67.3,67.3,84.6
וולפסון,73.4,2022-04-28T00:00:00.000Z,73.4,91,67.3,67.3,84.6
וולפסון,73.4,2022-04-28T00:00:00.000Z,73.4,91,67.3,67.3,84.6
וולפסון,73.4,2022-04-28T00:00:00.000Z,73.4,91,67.3,67.3,84.6
וולפסון,73.4,2022-04-28T00:00:00.000Z,73.4,91,67.3,67.3,84.6
וולפסון,73.4,2022-04-28T00:00:00.000Z,73.4,91,67.3,67.3,84.6
וולפסון,73.4,2022-04-28T00:00:00.000Z,73.4,91,67.3,67.3,84.6
וולפסון,73.4,2022-04-28T00:00:00.000Z,73.4,91,67.3,67.3,84.6
לניאדו,92.3,2022-04-28T00:00:00.000Z,92.3,107.7,94.7,94.7,100.6
לניאדו,92.3,2022-04-28T00:00:00.000Z,92.3,107.7,94.7,94.7,100.6
לניאדו,92.3,2022-04-28T00:00:00.000Z,92.3,107.7,94.7,94.7,100.6
לניאדו,92.3,2022-04-28T00:00:00.000Z,92.3,107.7,94.7,94.7,100.6
לניאדו,92.3,2022-04-28T00:00:00.000Z,92.3,107.7,94.7,94.7,100.6
לניאדו,92.3,2022-04-28T00:00:00.000Z,92.3,107.7,94.7,94.7,100.6
לניאדו,92.3,2022-04-28T00:00:00.000Z,92.3,107.7,94.7,94.7,100.6
לניאדו,92.3,2022-04-28T00:00:00.000Z,92.3,107.7,94.7,94.7,100.6
לניאדו,92.3,2022-04-28T00:00:00.000Z,92.3,107.7,94.7,94.7,100.6
לניאדו,92.3,2022-04-28T00:00:00.000Z,92.3,107.7,94.7,94.7,100.6
לניאדו,92.3,2022-04-28T00:00:00.000Z,92.3,107.7,94.7,94.7,100.6
לניאדו,92.3,2022-04-28T00:00:00.000Z,92.3,107.7,94.7,94.7,100.6
לניאדו,92.3,2022-04-28T00:00:00.000Z,92.3,107.7,94.7,94.7,100.6
לניאדו,92.3,2022-04-28T00:00:00.000Z,92.3,107.7,94.7,94.7,100.6
לניאדו,92.3,2022-04-28T00:00:00.000Z,92.3,107.7,94.7,94.7,100.6
לניאדו,92.3,2022-04-28T00:00:00.000Z,92.3,107.7,94.7,94.7,100.6
לניאדו,92.3,2022-04-28T00:00:00.000Z,92.3,107.7,94.7,94.7,100.6
לניאדו,92.3,2022-04-28T00:00:00.000Z,92.3,107.7,94.7,94.7,100.6
לניאדו,92.3,2022-04-28T00:00:00.000Z,92.3,107.7,94.7,94.7,100.6
לניאדו,92.3,2022-04-28T00:00:00.000Z,92.3,107.7,94.7,94.7,100.6
לניאדו,92.3,2022-04-28T00:00:00.000Z,92.3,107.7,94.7,94.7,100.6
לניאדו,92.3,2022-04-28T00:00:00.000Z,92.3,107.7,94.7,94.7,100.6
לניאדו,92.3,2022-04-28T00:00:00.000Z,92.3,107.7,94.7,94.7,100.6
לניאדו,92.3,2022-04-28T00:00:00.000Z,92.3,107.7,94.7,94.7,100.6
לניאדו,92.3,2022-04-28T00:00:00.000Z,92.3,107.7,94.7,94.7,100.6
לניאדו,92.3,2022-04-28T00:00:00.000Z,92.3,107.7,94.7,94.7,100.6
לניאדו,92.3,2022-04-28T00:00:00.000Z,92.3,107.7,94.7,94.7,100.6
לניאדו,92.3,2022-04-28T00:00:00.000Z,92.3,107.7,94.7,94.7,100.6
לניאדו,92.3,2022-04-28T00:00:00.000Z,92.3,107.7,94.7,94.7,100.6
לניאדו,92.3,2022-04-28T00:00:00.000Z,92.3,107.7,94.7,94.7,100.6
לניאדו,92.3,2022-04-28T00:00:00.000Z,92.3,107.7,94.7,94.7,100.6
לניאדו,92.3,2022-04-28T00:00:00.000Z,92.3,107.7,94.7,94.7,100.6
לניאדו,92.3,2022-04-28T00:00:00.000Z,92.3,107.7,94.7,94.7,100.6
לניאדו,92.3,2022-04-28T00:00:00.000Z,92.3,107.7,94.7,94.7,100.6
וולפסון,73.4,2022-04-28T00:00:00.000Z,73.4,91,67.3,67.3,84.6
וולפסון,73.4,2022-04-28T00:00:00.000Z,73.4,91,67.3,67.3,84.6
וולפסון,73.4,2022-04-28T00:00:00.000Z,73.4,91,67.3,67.3,84.6
וולפסון,73.4,2022-04-28T00:00:00.000Z,73.4,91,67.3,67.3,84.6
וולפסון,73.4,2022-04-28T00:00:00.000Z,73.4,91,67.3,67.3,84.6
וולפסון,73.4,2022-04-28T00:00:00.000Z,73.4,91,67.3,67.3,84.6
וולפסון,73.4,2022-04-28T00:00:00.000Z,73.4,91,67.3,67.3,84.6
וולפסון,73.4,2022-04-28T00:00:00.000Z,73.4,91,67.3,67.3,84.6
וולפסון,73.4,2022-04-28T00:00:00.000Z,73.4,91,67.3,67.3,84.6
וולפסון,73.4,2022-04-28T00:00:00.000Z,73.4,91,67.3,67.3,84.6
וולפסון,73.4,2022-04-28T00:00:00.000Z,73.4,91,67.3,67.3,84.6
וולפסון,73.4,2022-04-28T00:00:00.000Z,73.4,91,67.3,67.3,84.6
וולפסון,73.4,2022-04-28T00:00:00.000Z,73.4,91,67.3,67.3,84.6
וולפסון,73.4,2022-04-28T00:00:00.000Z,73.4,91,67.3,67.3,84.6
וולפסון,73.4,2022-04-28T00:00:00.000Z,73.4,91,67.3,67.3,84.6
וולפסון,73.4,2022-04-28T00:00:00.000Z,73.4,91,67.3,67.3,84.6
וולפסון,73.4,2022-04-28T00:00:00.000Z,73.4,91,67.3,67.3,84.6
וולפסון,73.4,2022-04-28T00:00:00.000Z,73.4,91,67.3,67.3,84.6
וולפסון,73.4,2022-04-28T00:00:00.000Z,73.4,91,67.3,67.3,84.6
וולפסון,73.4,2022-04-28T00:00:00.000Z,73.4,91,67.3,67.3,84.6
וולפסון,73.4,2022-04-28T00:00:00.000Z,73.4,91,67.3,67.3,84.6
וולפסון,73.4,2022-04-28T00:00:00.000Z,73.4,91,67.3,67.3,84.6
וולפסון,73.4,2022-04-28T00:00:00.000Z,73.4,91,67.3,67.3,84.6
וולפסון,73.4,2022-04-28T00:00:00.000Z,73.4,91,67.3,67.3,84.6
וולפסון,73.4,2022-04-28T00:00:00.000Z,73.4,91,67.3,67.3,84.6
וולפסון,73.4,2022-04-28T00:00:00.000Z,73.4,91,67.3,67.3,84.6
וולפסון,73.4,2022-04-28T00:00:00.000Z,73.4,91,67.3,67.3,84.6
וולפסון,73.4,2022-04-28T00:00:00.000Z,73.4,91,67.3,67.3,84.6
וולפסון,73.4,2022-04-28T00:00:00.000Z,73.4,91,67.3,67.3,84.6
וולפסון,73.4,2022-04-28T00:00:00.000Z,73.4,91,67.3,67.3,84.6
וולפסון,73.4,2022-04-28T00:00:00.000Z,73.4,91,67.3,67.3,84.6
וולפסון,73.4,2022-04-28T00:00:00.000Z,73.4,91,67.3,67.3,84.6
וולפסון,73.4,2022-04-28T00:00:00.000Z,73.4,91,67.3,67.3,84.6
וולפסון,73.4,2022-04-28T00:00:00.000Z,73.4,91,67.3,67.3,84.6
לניאדו,92.3,2022-04-28T00:00:00.000Z,92.3,107.7,94.7,94.7,100.6
לניאדו,92.3,2022-04-28T00:00:00.000Z,92.3,107.7,94.7,94.7,100.6
לניאדו,92.3,2022-04-28T00:00:00.000Z,92.3,107.7,94.7,94.7,100.6
לניאדו,92.3,2022-04-28T00:00:00.000Z,92.3,107.7,94.7,94.7,100.6
לניאדו,92.3,2022-04-28T00:00:00.000Z,92.3,107.7,94.7,94.7,100.6
לניאדו,92.3,2022-04-28T00:00:00.000Z,92.3,107.7,94.7,94.7,100.6
לניאדו,92.3,2022-04-28T00:00:00.000Z,92.3,107.7,94.7,94.7,100.6
לניאדו,92.3,2022-04-28T00:00:00.000Z,92.3,107.7,94.7,94.7,100.6
לניאדו,92.3,2022-04-28T00:00:00.000Z,92.3,107.7,94.7,94.7,100.6
לניאדו,92.3,2022-04-28T00:00:00.000Z,92.3,107.7,94.7,94.7,100.6
לניאדו,92.3,2022-04-28T00:00:00.000Z,92.3,107.7,94.7,94.7,100.6
לניאדו,92.3,2022-04-28T00:00:00.000Z,92.3,107.7,94.7,94.7,100.6
לניאדו,92.3,2022-04-28T00:00:00.000Z,92.3,107.7,94.7,94.7,100.6
לניאדו,92.3,2022-04-28T00:00:00.000Z,92.3,107.7,94.7,94.7,100.6
לניאדו,92.3,2022-04-28T00:00:00.000Z,92.3,107.7,94.7,94.7,100.6
לניאדו,92.3,2022-04-28T00:00:00.000Z,92.3,107.7,94.7,94.7,100.6
לניאדו,92.3,2022-04-28T00:00:00.000Z,92.3,107.7,94.7,94.7,100.6
לניאדו,92.3,2022-04-28T00:00:00.000Z,92.3,107.7,94.7,94.7,100.6
לניאדו,92.3,2022-04-28T00:00:00.000Z,92.3,107.7,94.7,94.7,100.6
לניאדו,92.3,2022-04-28T00:00:00.000Z,92.3,107.7,94.7,94.7,100.6
לניאדו,92.3,2022-04-28T00:00:00.000Z,92.3,107.7,94.7,94.7,100.6
לניאדו,92.3,2022-04-28T00:00:00.000Z,92.3,107.7,94.7,94.7,100.6
לניאדו,92.3,2022-04-28T00:00:00.000Z,92.3,107.7,94.7,94.7,100.6
לניאדו,92.3,2022-04-28T00:00:00.000Z,92.3,107.7,94.7,94.7,100.6
לניאדו,92.3,2022-04-28T00:00:00.000Z,92.3,107.7,94.7,94.7,100.6
לניאדו,92.3,2022-04-28T00:00:00.000Z,92.3,107.7,94.7,94.7,100.6
לניאדו,92.3,2022-04-28T00:00:00.000Z,92.3,107.7,94.7,94.7,100.6
לניאדו,92.3,2022-04-28T00:00:00.000Z,92.3,107.7,94.7,94.7,100.6
לניאדו,92.3,2022-04-28T00:00:00.000Z,92.3,107.7,94.7,94.7,100.6
לניאדו,92.3,2022-04-28T00:00:00.000Z,92.3,107.7,94.7,94.7,100.6
לניאדו,92.3,2022-04-28T00:00:00.000Z,92.3,107.7,94.7,94.7,100.6
לניאדו,92.3,2022-04-28T00:00:00.000Z,92.3,107.7,94.7,94.7,100.6
לניאדו,92.3,2022-04-28T00:00:00.000Z,92.3,107.7,94.7,94.7,100.6
לניאדו,92.3,2022-04-28T00:00:00.000Z,92.3,107.7,94.7,94.7,100.6
וולפסון,73.4,2022-04-28T00:00:00.000Z,73.4,91,67.3,67.3,84.6
וולפסון,73.4,2022-04-28T00:00:00.000Z,73.4,91,67.3,67.3,84.6
וולפסון,73.4,2022-04-28T00:00:00.000Z,73.4,91,67.3,67.3,84.6
וולפסון,73.4,2022-04-28T00:00:00.000Z,73.4,91,67.3,67.3,84.6
וולפסון,73.4,2022-04-28T00:00:00.000Z,73.4,91,67.3,67.3,84.6
וולפסון,73.4,2022-04-28T00:00:00.000Z,73.4,91,67.3,67.3,84.6
וולפסון,73.4,2022-04-28T00:00:00.000Z,73.4,91,67.3,67.3,84.6
וולפסון,73.4,2022-04-28T00:00:00.000Z,73.4,91,67.3,67.3,84.6
וולפסון,73.4,2022-04-28T00:00:00.000Z,73.4,91,67.3,67.3,84.6
וולפסון,73.4,2022-04-28T00:00:00.000Z,73.4,91,67.3,67.3,84.6
וולפסון,73.4,2022-04-28T00:00:00.000Z,73.4,91,67.3,67.3,84.6
וולפסון,73.4,2022-04-28T00:00:00.000Z,73.4,91,67.3,67.3,84.6
וולפסון,73.4,2022-04-28T00:00:00.000Z,73.4,91,67.3,67.3,84.6
וולפסון,73.4,2022-04-28T00:00:00.000Z,73.4,91,67.3,67.3,84.6
וולפסון,73.4,2022-04-28T00:00:00.000Z,73.4,91,67.3,67.3,84.6
וולפסון,73.4,2022-04-28T00:00:00.000Z,73.4,91,67.3,67.3,84.6
וולפסון,73.4,2022-04-28T00:00:00.000Z,73.4,91,67.3,67.3,84.6
וולפסון,73.4,2022-04-28T00:00:00.000Z,73.4,91,67.3,67.3,84.6
וולפסון,73.4,2022-04-28T00:00:00.000Z,73.4,91,67.3,67.3,84.6
וולפסון,73.4,2022-04-28T00:00:00.000Z,73.4,91,67.3,67.3,84.6
וולפסון,73.4,2022-04-28T00:00:00.000Z,73.4,91,67.3,67.3,84.6
וולפסון,73.4,2022-04-28T00:00:00.000Z,73.4,91,67.3,67.3,84.6
וולפסון,73.4,2022-04-28T00:00:00.000Z,73.4,91,67.3,67.3,84.6
וולפסון,73.4,2022-04-28T00:00:00.000Z,73.4,91,67.3,67.3,84.6
וולפסון,73.4,2022-04-28T00:00:00.000Z,73.4,91,67.3,67.3,84.6
וולפסון,73.4,2022-04-28T00:00:00.000Z,73.4,91,67.3,67.3,84.6
וולפסון,73.4,2022-04-28T00:00:00.000Z,73.4,91,67.3,67.3,84.6
וולפסון,73.4,2022-04-28T00:00:00.000Z,73.4,91,67.3,67.3,84.6
וולפסון,73.4,2022-04-28T00:00:00.000Z,73.4,91,67.3,67.3,84.6
וולפסון,73.4,2022-04-28T00:00:00.000Z,73.4,91,67.3,67.3,84.6
וולפסון,73.4,2022-04-28T00:00:00.000Z,73.4,91,67.3,67.3,84.6
וולפסון,73.4,2022-04-28T00:00:00.000Z,73.4,91,67.3,67.3,84.6
וולפסון,73.4,2022-04-28T00:00:00.000Z,73.4,91,67.3,67.3,84.6
וולפסון,73.4,2022-04-28T00:00:00.000Z,73.4,91,67.3,67.3,84.6
לניאדו,92.3,2022-04-28T00:00:00.000Z,92.3,107.7,94.7,94.7,100.6
לניאדו,92.3,2022-04-28T00:00:00.000Z,92.3,107.7,94.7,94.7,100.6
לניאדו,92.3,2022-04-28T00:00:00.000Z,92.3,107.7,94.7,94.7,100.6
לניאדו,92.3,2022-04-28T00:00:00.000Z,92.3,107.7,94.7,94.7,100.6
לניאדו,92.3,2022-04-28T00:00:00.000Z,92.3,107.7,94.7,94.7,100.6
לניאדו,92.3,2022-04-28T00:00:00.000Z,92.3,107.7,94.7,94.7,100.6
לניאדו,92.3,2022-04-28T00:00:00.000Z,92.3,107.7,94.7,94.7,100.6
לניאדו,92.3,2022-04-28T00:00:00.000Z,92.3,107.7,94.7,94.7,100.6
לניאדו,92.3,2022-04-28T00:00:00.000Z,92.3,107.7,94.7,94.7,100.6
לניאדו,92.3,2022-04-28T00:00:00.000Z,92.3,107.7,94.7,94.7,100.6
לניאדו,92.3,2022-04-28T00:00:00.000Z,92.3,107.7,94.7,94.7,100.6
לניאדו,92.3,2022-04-28T00:00:00.000Z,92.3,107.7,94.7,94.7,100.6
לניאדו,92.3,2022-04-28T00:00:00.000Z,92.3,107.7,94.7,94.7,100.6
לניאדו,92.3,2022-04-28T00:00:00.000Z,92.3,107.7,94.7,94.7,100.6
לניאדו,92.3,2022-04-28T00:00:00.000Z,92.3,107.7,94.7,94.7,100.6
לניאדו,92.3,2022-04-28T00:00:00.000Z,92.3,107.7,94.7,94.7,100.6
לניאדו,92.3,2022-04-28T00:00:00.000Z,92.3,107.7,94.7,94.7,100.6
לניאדו,92.3,2022-04-28T00:00:00.000Z,92.3,107.7,94.7,94.7,100.6
לניאדו,92.3,2022-04-28T00:00:00.000Z,92.3,107.7,94.7,94.7,100.6
לניאדו,92.3,2022-04-28T00:00:00.000Z,92.3,107.7,94.7,94.7,100.6
לניאדו,92.3,2022-04-28T00:00:00.000Z,92.3,107.7,94.7,94.7,100.6
לניאדו,92.3,2022-04-28T00:00:00.000Z,92.3,107.7,94.7,94.7,100.6
לניאדו,92.3,2022-04-28T00:00:00.000Z,92.3,107.7,94.7,94.7,100.6
לניאדו,92.3,2022-04-28T00:00:00.000Z,92.3,107.7,94.7,94.7,100.6
לניאדו,92.3,2022-04-28T00:00:00.000Z,92.3,107.7,94.7,94.7,100.6
לניאדו,92.3,2022-04-28T00:00:00.000Z,92.3,107.7,94.7,94.7,100.6
לניאדו,92.3,2022-04-28T00:00:00.000Z,92.3,107.7,94.7,94.7,100.6
לניאדו,92.3,2022-04-28T00:00:00.000Z,92.3,107.7,94.7,94.7,100.6
לניאדו,92.3,2022-04-28T00:00:00.000Z,92.3,107.7,94.7,94.7,100.6
לניאדו,92.3,2022-04-28T00:00:00.000Z,92.3,107.7,94.7,94.7,100.6
לניאדו,92.3,2022-04-28T00:00:00.000Z,92.3,107.7,94.7,94.7,100.6
לניאדו,92.3,2022-04-28T00:00:00.000Z,92.3,107.7,94.7,94.7,100.6
לניאדו,92.3,2022-04-28T00:00:00.000Z,92.3,107.7,94.7,94.7,100.6
לניאדו,92.3,2022-04-28T00:00:00.000Z,92.3,107.7,94.7,94.7,100.6
לניאדו,92.3,2022-04-28T00:00:00.000Z,92.3,107.7,94.7,94.7,100.6
לניאדו,92.3,2022-04-28T00:00:00.000Z,92.3,107.7,94.7,94.7,100.6
לניאדו,92.3,2022-04-28T00:00:00.000Z,92.3,107.7,94.7,94.7,100.6
לניאדו,92.3,2022-04-28T00:00:00.000Z,92.3,107.7,94.7,94.7,100.6
לניאדו,92.3,2022-04-28T00:00:00.000Z,92.3,107.7,94.7,94.7,100.6
לניאדו,92.3,2022-04-28T00:00:00.000Z,92.3,107.7,94.7,94.7,100.6
לניאדו,92.3,2022-04-28T00:00:00.000Z,92.3,107.7,94.7,94.7,100.6
לניאדו,92.3,2022-04-28T00:00:00.000Z,92.3,107.7,94.7,94.7,100.6
לניאדו,92.3,2022-04-28T00:00:00.000Z,92.3,107.7,94.7,94.7,100.6
לניאדו,92.3,2022-04-28T00:00:00.000Z,92.3,107.7,94.7,94.7,100.6
לניאדו,92.3,2022-04-28T00:00:00.000Z,92.3,107.7,94.7,94.7,100.6
לניאדו,92.3,2022-04-28T00:00:00.000Z,92.3,107.7,94.7,94.7,100.6
לניאדו,92.3,2022-04-28T00:00:00.000Z,92.3,107.7,94.7,94.7,100.6
לניאדו,92.3,2022-04-28T00:00:00.000Z,92.3,107.7,94.7,94.7,100.6
לניאדו,92.3,2022-04-28T00:00:00.000Z,92.3,107.7,94.7,94.7,100.6
לניאדו,92.3,2022-04-28T00:00:00.000Z,92.3,107.7,94.7,94.7,100.6
לניאדו,92.3,2022-04-28T00:00:00.000Z,92.3,107.7,94.7,94.7,100.6
לניאדו,92.3,2022-04-28T00:00:00.000Z,92.3,107.7,94.7,94.7,100.6
לניאדו,92.3,2022-04-28T00:00:00.000Z,92.3,107.7,94.7,94.7,100.6
לניאדו,92.3,2022-04-28T00:00:00.000Z,92.3,107.7,94.7,94.7,100.6
לניאדו,92.3,2022-04-28T00:00:00.000Z,92.3,107.7,94.7,94.7,100.6
לניאדו,92.3,2022-04-28T00:00:00.000Z,92.3,107.7,94.7,94.7,100.6
לניאדו,92.3,2022-04-28T00:00:00.000Z,92.3,107.7,94.7,94.7,100.6
לניאדו,92.3,2022-04-28T00:00:00.000Z,92.3,107.7,94.7,94.7,100.6
לניאדו,92.3,2022-04-28T00:00:00.000Z,92.3,107.7,94.7,94.7,100.6
לניאדו,92.3,2022-04-28T00:00:00.000Z,92.3,107.7,94.7,94.7,100.6
לניאדו,92.3,2022-04-28T00:00:00.000Z,92.3,107.7,94.7,94.7,100.6
לניאדו,92.3,2022-04-28T00:00:00.000Z,92.3,107.7,94.7,94.7,100.6
לניאדו,92.3,2022-04-28T00:00:00.000Z,92.3,107.7,94.7,94.7,100.6
לניאדו,92.3,2022-04-28T00:00:00.000Z,92.3,107.7,94.7,94.7,100.6
לניאדו,92.3,2022-04-28T00:00:00.000Z,92.3,107.7,94.7,94.7,100.6
לניאדו,92.3,2022-04-28T00:00:00.000Z,92.3,107.7,94.7,94.7,100.6
לניאדו,92.3,2022-04-28T00:00:00.000Z,92.3,107.7,94.7,94.7,100.6
לניאדו,92.3,2022-04-28T00:00:00.000Z,92.3,107.7,94.7,94.7,100.6
וולפסון,73.4,2022-04-28T00:00:00.000Z,73.4,91,67.3,67.3,84.6
וולפסון,73.4,2022-04-28T00:00:00.000Z,73.4,91,67.3,67.3,84.6
וולפסון,73.4,2022-04-28T00:00:00.000Z,73.4,91,67.3,67.3,84.6
וולפסון,73.4,2022-04-28T00:00:00.000Z,73.4,91,67.3,67.3,84.6
וולפסון,73.4,2022-04-28T00:00:00.000Z,73.4,91,67.3,67.3,84.6
וולפסון,73.4,2022-04-28T00:00:00.000Z,73.4,91,67.3,67.3,84.6
וולפסון,73.4,2022-04-28T00:00:00.000Z,73.4,91,67.3,67.3,84.6
וולפסון,73.4,2022-04-28T00:00:00.000Z,73.4,91,67.3,67.3,84.6
וולפסון,73.4,2022-04-28T00:00:00.000Z,73.4,91,67.3,67.3,84.6
וולפסון,73.4,2022-04-28T00:00:00.000Z,73.4,91,67.3,67.3,84.6
וולפסון,73.4,2022-04-28T00:00:00.000Z,73.4,91,67.3,67.3,84.6
וולפסון,73.4,2022-04-28T00:00:00.000Z,73.4,91,67.3,67.3,84.6
וולפסון,73.4,2022-04-28T00:00:00.000Z,73.4,91,67.3,67.3,84.6
וולפסון,73.4,2022-04-28T00:00:00.000Z,73.4,91,67.3,67.3,84.6
וולפסון,73.4,2022-04-28T00:00:00.000Z,73.4,91,67.3,67.3,84.6
וולפסון,73.4,2022-04-28T00:00:00.000Z,73.4,91,67.3,67.3,84.6
וולפסון,73.4,2022-04-28T00:00:00.000Z,73.4,91,67.3,67.3,84.6
וולפסון,73.4,2022-04-28T00:00:00.000Z,73.4,91,67.3,67.3,84.6
וולפסון,73.4,2022-04-28T00:00:00.000Z,73.4,91,67.3,67.3,84.6
וולפסון,73.4,2022-04-28T00:00:00.000Z,73.4,91,67.3,67.3,84.6
וולפסון,73.4,2022-04-28T00:00:00.000Z,73.4,91,67.3,67.3,84.6
וולפסון,73.4,2022-04-28T00:00:00.000Z,73.4,91,67.3,67.3,84.6
וולפסון,73.4,2022-04-28T00:00:00.000Z,73.4,91,67.3,67.3,84.6
וולפסון,73.4,2022-04-28T00:00:00.000Z,73.4,91,67.3,67.3,84.6
וולפסון,73.4,2022-04-28T00:00:00.000Z,73.4,91,67.3,67.3,84.6
וולפסון,73.4,2022-04-28T00:00:00.000Z,73.4,91,67.3,67.3,84.6
וולפסון,73.4,2022-04-28T00:00:00.000Z,73.4,91,67.3,67.3,84.6
וולפסון,73.4,2022-04-28T00:00:00.000Z,73.4,91,67.3,67.3,84.6
וולפסון,73.4,2022-04-28T00:00:00.000Z,73.4,91,67.3,67.3,84.6
וולפסון,73.4,2022-04-28T00:00:00.000Z,73.4,91,67.3,67.3,84.6
וולפסון,73.4,2022-04-28T00:00:00.000Z,73.4,91,67.3,67.3,84.6
וולפסון,73.4,2022-04-28T00:00:00.000Z,73.4,91,67.3,67.3,84.6
וולפסון,73.4,2022-04-28T00:00:00.000Z,73.4,91,67.3,67.3,84.6
וולפסון,73.4,2022-04-28T00:00:00.000Z,73.4,91,67.3,67.3,84.6
לניאדו,92.3,2022-04-28T00:00:00.000Z,92.3,107.7,94.7,94.7,100.6
לניאדו,92.3,2022-04-28T00:00:00.000Z,92.3,107.7,94.7,94.7,100.6
לניאדו,92.3,2022-04-28T00:00:00.000Z,92.3,107.7,94.7,94.7,100.6
לניאדו,92.3,2022-04-28T00:00:00.000Z,92.3,107.7,94.7,94.7,100.6
לניאדו,92.3,2022-04-28T00:00:00.000Z,92.3,107.7,94.7,94.7,100.6
לניאדו,92.3,2022-04-28T00:00:00.000Z,92.3,107.7,94.7,94.7,100.6
לניאדו,92.3,2022-04-28T00:00:00.000Z,92.3,107.7,94.7,94.7,100.6
לניאדו,92.3,2022-04-28T00:00:00.000Z,92.3,107.7,94.7,94.7,100.6
לניאדו,92.3,2022-04-28T00:00:00.000Z,92.3,107.7,94.7,94.7,100.6
לניאדו,92.3,2022-04-28T00:00:00.000Z,92.3,107.7,94.7,94.7,100.6
לניאדו,92.3,2022-04-28T00:00:00.000Z,92.3,107.7,94.7,94.7,100.6
לניאדו,92.3,2022-04-28T00:00:00.000Z,92.3,107.7,94.7,94.7,100.6
לניאדו,92.3,2022-04-28T00:00:00.000Z,92.3,107.7,94.7,94.7,100.6
לניאדו,92.3,2022-04-28T00:00:00.000Z,92.3,107.7,94.7,94.7,100.6
לניאדו,92.3,2022-04-28T00:00:00.000Z,92.3,107.7,94.7,94.7,100.6
לניאדו,92.3,2022-04-28T00:00:00.000Z,92.3,107.7,94.7,94.7,100.6
לניאדו,92.3,2022-04-28T00:00:00.000Z,92.3,107.7,94.7,94.7,100.6
לניאדו,92.3,2022-04-28T00:00:00.000Z,92.3,107.7,94.7,94.7,100.6
לניאדו,92.3,2022-04-28T00:00:00.000Z,92.3,107.7,94.7,94.7,100.6
לניאדו,92.3,2022-04-28T00:00:00.000Z,92.3,107.7,94.7,94.7,100.6
לניאדו,92.3,2022-04-28T00:00:00.000Z,92.3,107.7,94.7,94.7,100.6
לניאדו,92.3,2022-04-28T00:00:00.000Z,92.3,107.7,94.7,94.7,100.6
לניאדו,92.3,2022-04-28T00:00:00.000Z,92.3,107.7,94.7,94.7,100.6
לניאדו,92.3,2022-04-28T00:00:00.000Z,92.3,107.7,94.7,94.7,100.6
לניאדו,92.3,2022-04-28T00:00:00.000Z,92.3,107.7,94.7,94.7,100.6
לניאדו,92.3,2022-04-28T00:00:00.000Z,92.3,107.7,94.7,94.7,100.6
לניאדו,92.3,2022-04-28T00:00:00.000Z,92.3,107.7,94.7,94.7,100.6
לניאדו,92.3,2022-04-28T00:00:00.000Z,92.3,107.7,94.7,94.7,100.6
לניאדו,92.3,2022-04-28T00:00:00.000Z,92.3,107.7,94.7,94.7,100.6
לניאדו,92.3,2022-04-28T00:00:00.000Z,92.3,107.7,94.7,94.7,100.6
לניאדו,92.3,2022-04-28T00:00:00.000Z,92.3,107.7,94.7,94.7,100.6
לניאדו,92.3,2022-04-28T00:00:00.000Z,92.3,107.7,94.7,94.7,100.6
לניאדו,92.3,2022-04-28T00:00:00.000Z,92.3,107.7,94.7,94.7,100.6
לניאדו,92.3,2022-04-28T00:00:00.000Z,92.3,107.7,94.7,94.7,100.6
וולפסון,73.4,2022-04-28T00:00:00.000Z,73.4,91,67.3,67.3,84.6
וולפסון,73.4,2022-04-28T00:00:00.000Z,73.4,91,67.3,67.3,84.6
וולפסון,73.4,2022-04-28T00:00:00.000Z,73.4,91,67.3,67.3,84.6
וולפסון,73.4,2022-04-28T00:00:00.000Z,73.4,91,67.3,67.3,84.6
וולפסון,73.4,2022-04-28T00:00:00.000Z,73.4,91,67.3,67.3,84.6
וולפסון,73.4,2022-04-28T00:00:00.000Z,73.4,91,67.3,67.3,84.6
וולפסון,73.4,2022-04-28T00:00:00.000Z,73.4,91,67.3,67.3,84.6
וולפסון,73.4,2022-04-28T00:00:00.000Z,73.4,91,67.3,67.3,84.6
וולפסון,73.4,2022-04-28T00:00:00.000Z,73.4,91,67.3,67.3,84.6
וולפסון,73.4,2022-04-28T00:00:00.000Z,73.4,91,67.3,67.3,84.6
וולפסון,73.4,2022-04-28T00:00:00.000Z,73.4,91,67.3,67.3,84.6
וולפסון,73.4,2022-04-28T00:00:00.000Z,73.4,91,67.3,67.3,84.6
וולפסון,73.4,2022-04-28T00:00:00.000Z,73.4,91,67.3,67.3,84.6
וולפסון,73.4,2022-04-28T00:00:00.000Z,73.4,91,67.3,67.3,84.6
וולפסון,73.4,2022-04-28T00:00:00.000Z,73.4,91,67.3,67.3,84.6
וולפסון,73.4,2022-04-28T00:00:00.000Z,73.4,91,67.3,67.3,84.6
וולפסון,73.4,2022-04-28T00:00:00.000Z,73.4,91,67.3,67.3,84.6
וולפסון,73.4,2022-04-28T00:00:00.000Z,73.4,91,67.3,67.3,84.6
וולפסון,73.4,2022-04-28T00:00:00.000Z,73.4,91,67.3,67.3,84.6
וולפסון,73.4,2022-04-28T00:00:00.000Z,73.4,91,67.3,67.3,84.6
וולפסון,73.4,2022-04-28T00:00:00.000Z,73.4,91,67.3,67.3,84.6
וולפסון,73.4,2022-04-28T00:00:00.000Z,73.4,91,67.3,67.3,84.6
וולפסון,73.4,2022-04-28T00:00:00.000Z,73.4,91,67.3,67.3,84.6
וולפסון,73.4,2022-04-28T00:00:00.000Z,73.4,91,67.3,67.3,84.6
וולפסון,73.4,2022-04-28T00:00:00.000Z,73.4,91,67.3,67.3,84.6
וולפסון,73.4,2022-04-28T00:00:00.000Z,73.4,91,67.3,67.3,84.6
וולפסון,73.4,2022-04-28T00:00:00.000Z,73.4,91,67.3,67.3,84.6
וולפסון,73.4,2022-04-28T00:00:00.000Z,73.4,91,67.3,67.3,84.6
וולפסון,73.4,2022-04-28T00:00:00.000Z,73.4,91,67.3,67.3,84.6
וולפסון,73.4,2022-04-28T00:00:00.000Z,73.4,91,67.3,67.3,84.6
וולפסון,73.4,2022-04-28T00:00:00.000Z,73.4,91,67.3,67.3,84.6
וולפסון,73.4,2022-04-28T00:00:00.000Z,73.4,91,67.3,67.3,84.6
וולפסון,73.4,2022-04-28T00:00:00.000Z,73.4,91,67.3,67.3,84.6
וולפסון,73.4,2022-04-28T00:00:00.000Z,73.4,91,67.3,67.3,84.6
וולפסון,73.4,2022-04-28T00:00:00.000Z,73.4,91,67.3,67.3,84.6
וולפסון,73.4,2022-04-28T00:00:00.000Z,73.4,91,67.3,67.3,84.6
וולפסון,73.4,2022-04-28T00:00:00.000Z,73.4,91,67.3,67.3,84.6
וולפסון,73.4,2022-04-28T00:00:00.000Z,73.4,91,67.3,67.3,84.6
וולפסון,73.4,2022-04-28T00:00:00.000Z,73.4,91,67.3,67.3,84.6
וולפסון,73.4,2022-04-28T00:00:00.000Z,73.4,91,67.3,67.3,84.6
וולפסון,73.4,2022-04-28T00:00:00.000Z,73.4,91,67.3,67.3,84.6
וולפסון,73.4,2022-04-28T00:00:00.000Z,73.4,91,67.3,67.3,84.6
וולפסון,73.4,2022-04-28T00:00:00.000Z,73.4,91,67.3,67.3,84.6
וולפסון,73.4,2022-04-28T00:00:00.000Z,73.4,91,67.3,67.3,84.6
וולפסון,73.4,2022-04-28T00:00:00.000Z,73.4,91,67.3,67.3,84.6
וולפסון,73.4,2022-04-28T00:00:00.000Z,73.4,91,67.3,67.3,84.6
וולפסון,73.4,2022-04-28T00:00:00.000Z,73.4,91,67.3,67.3,84.6
וולפסון,73.4,2022-04-28T00:00:00.000Z,73.4,91,67.3,67.3,84.6
וולפסון,73.4,2022-04-28T00:00:00.000Z,73.4,91,67.3,67.3,84.6
וולפסון,73.4,2022-04-28T00:00:00.000Z,73.4,91,67.3,67.3,84.6
וולפסון,73.4,2022-04-28T00:00:00.000Z,73.4,91,67.3,67.3,84.6
וולפסון,73.4,2022-04-28T00:00:00.000Z,73.4,91,67.3,67.3,84.6
וולפסון,73.4,2022-04-28T00:00:00.000Z,73.4,91,67.3,67.3,84.6
וולפסון,73.4,2022-04-28T00:00:00.000Z,73.4,91,67.3,67.3,84.6
וולפסון,73.4,2022-04-28T00:00:00.000Z,73.4,91,67.3,67.3,84.6
וולפסון,73.4,2022-04-28T00:00:00.000Z,73.4,91,67.3,67.3,84.6
וולפסון,73.4,2022-04-28T00:00:00.000Z,73.4,91,67.3,67.3,84.6
וולפסון,73.4,2022-04-28T00:00:00.000Z,73.4,91,67.3,67.3,84.6
וולפסון,73.4,2022-04-28T00:00:00.000Z,73.4,91,67.3,67.3,84.6
וולפסון,73.4,2022-04-28T00:00:00.000Z,73.4,91,67.3,67.3,84.6
וולפסון,73.4,2022-04-28T00:00:00.000Z,73.4,91,67.3,67.3,84.6
וולפסון,73.4,2022-04-28T00:00:00.000Z,73.4,91,67.3,67.3,84.6
וולפסון,73.4,2022-04-28T00:00:00.000Z,73.4,91,67.3,67.3,84.6
וולפסון,73.4,2022-04-28T00:00:00.000Z,73.4,91,67.3,67.3,84.6
וולפסון,73.4,2022-04-28T00:00:00.000Z,73.4,91,67.3,67.3,84.6
וולפסון,73.4,2022-04-28T00:00:00.000Z,73.4,91,67.3,67.3,84.6
וולפסון,73.4,2022-04-28T00:00:00.000Z,73.4,91,67.3,67.3,84.6
וולפסון,73.4,2022-04-28T00:00:00.000Z,73.4,91,67.3,67.3,84.6
לניאדו,92.3,2022-04-28T00:00:00.000Z,92.3,107.7,94.7,94.7,100.6
לניאדו,92.3,2022-04-28T00:00:00.000Z,92.3,107.7,94.7,94.7,100.6
לניאדו,92.3,2022-04-28T00:00:00.000Z,92.3,107.7,94.7,94.7,100.6
לניאדו,92.3,2022-04-28T00:00:00.000Z,92.3,107.7,94.7,94.7,100.6
לניאדו,92.3,2022-04-28T00:00:00.000Z,92.3,107.7,94.7,94.7,100.6
לניאדו,92.3,2022-04-28T00:00:00.000Z,92.3,107.7,94.7,94.7,100.6
לניאדו,92.3,2022-04-28T00:00:00.000Z,92.3,107.7,94.7,94.7,100.6
לניאדו,92.3,2022-04-28T00:00:00.000Z,92.3,107.7,94.7,94.7,100.6
לניאדו,92.3,2022-04-28T00:00:00.000Z,92.3,107.7,94.7,94.7,100.6
לניאדו,92.3,2022-04-28T00:00:00.000Z,92.3,107.7,94.7,94.7,100.6
לניאדו,92.3,2022-04-28T00:00:00.000Z,92.3,107.7,94.7,94.7,100.6
לניאדו,92.3,2022-04-28T00:00:00.000Z,92.3,107.7,94.7,94.7,100.6
לניאדו,92.3,2022-04-28T00:00:00.000Z,92.3,107.7,94.7,94.7,100.6
לניאדו,92.3,2022-04-28T00:00:00.000Z,92.3,107.7,94.7,94.7,100.6
לניאדו,92.3,2022-04-28T00:00:00.000Z,92.3,107.7,94.7,94.7,100.6
לניאדו,92.3,2022-04-28T00:00:00.000Z,92.3,107.7,94.7,94.7,100.6
לניאדו,92.3,2022-04-28T00:00:00.000Z,92.3,107.7,94.7,94.7,100.6
לניאדו,92.3,2022-04-28T00:00:00.000Z,92.3,107.7,94.7,94.7,100.6
לניאדו,92.3,2022-04-28T00:00:00.000Z,92.3,107.7,94.7,94.7,100.6
לניאדו,92.3,2022-04-28T00:00:00.000Z,92.3,107.7,94.7,94.7,100.6
לניאדו,92.3,2022-04-28T00:00:00.000Z,92.3,107.7,94.7,94.7,100.6
לניאדו,92.3,2022-04-28T00:00:00.000Z,92.3,107.7,94.7,94.7,100.6
לניאדו,92.3,2022-04-28T00:00:00.000Z,92.3,107.7,94.7,94.7,100.6
לניאדו,92.3,2022-04-28T00:00:00.000Z,92.3,107.7,94.7,94.7,100.6
לניאדו,92.3,2022-04-28T00:00:00.000Z,92.3,107.7,94.7,94.7,100.6
לניאדו,92.3,2022-04-28T00:00:00.000Z,92.3,107.7,94.7,94.7,100.6
לניאדו,92.3,2022-04-28T00:00:00.000Z,92.3,107.7,94.7,94.7,100.6
לניאדו,92.3,2022-04-28T00:00:00.000Z,92.3,107.7,94.7,94.7,100.6
לניאדו,92.3,2022-04-28T00:00:00.000Z,92.3,107.7,94.7,94.7,100.6
לניאדו,92.3,2022-04-28T00:00:00.000Z,92.3,107.7,94.7,94.7,100.6
לניאדו,92.3,2022-04-28T00:00:00.000Z,92.3,107.7,94.7,94.7,100.6
לניאדו,92.3,2022-04-28T00:00:00.000Z,92.3,107.7,94.7,94.7,100.6
לניאדו,92.3,2022-04-28T00:00:00.000Z,92.3,107.7,94.7,94.7,100.6
לניאדו,92.3,2022-04-28T00:00:00.000Z,92.3,107.7,94.7,94.7,100.6
וולפסון,73.4,2022-04-28T00:00:00.000Z,73.4,91,67.3,67.3,84.6
וולפסון,73.4,2022-04-28T00:00:00.000Z,73.4,91,67.3,67.3,84.6
וולפסון,73.4,2022-04-28T00:00:00.000Z,73.4,91,67.3,67.3,84.6
וולפסון,73.4,2022-04-28T00:00:00.000Z,73.4,91,67.3,67.3,84.6
וולפסון,73.4,2022-04-28T00:00:00.000Z,73.4,91,67.3,67.3,84.6
וולפסון,73.4,2022-04-28T00:00:00.000Z,73.4,91,67.3,67.3,84.6
וולפסון,73.4,2022-04-28T00:00:00.000Z,73.4,91,67.3,67.3,84.6
וולפסון,73.4,2022-04-28T00:00:00.000Z,73.4,91,67.3,67.3,84.6
וולפסון,73.4,2022-04-28T00:00:00.000Z,73.4,91,67.3,67.3,84.6
וולפסון,73.4,2022-04-28T00:00:00.000Z,73.4,91,67.3,67.3,84.6
וולפסון,73.4,2022-04-28T00:00:00.000Z,73.4,91,67.3,67.3,84.6
וולפסון,73.4,2022-04-28T00:00:00.000Z,73.4,91,67.3,67.3,84.6
וולפסון,73.4,2022-04-28T00:00:00.000Z,73.4,91,67.3,67.3,84.6
וולפסון,73.4,2022-04-28T00:00:00.000Z,73.4,91,67.3,67.3,84.6
וולפסון,73.4,2022-04-28T00:00:00.000Z,73.4,91,67.3,67.3,84.6
וולפסון,73.4,2022-04-28T00:00:00.000Z,73.4,91,67.3,67.3,84.6
וולפסון,73.4,2022-04-28T00:00:00.000Z,73.4,91,67.3,67.3,84.6
וולפסון,73.4,2022-04-28T00:00:00.000Z,73.4,91,67.3,67.3,84.6
וולפסון,73.4,2022-04-28T00:00:00.000Z,73.4,91,67.3,67.3,84.6
וולפסון,73.4,2022-04-28T00:00:00.000Z,73.4,91,67.3,67.3,84.6
וולפסון,73.4,2022-04-28T00:00:00.000Z,73.4,91,67.3,67.3,84.6
וולפסון,73.4,2022-04-28T00:00:00.000Z,73.4,91,67.3,67.3,84.6
וולפסון,73.4,2022-04-28T00:00:00.000Z,73.4,91,67.3,67.3,84.6
וולפסון,73.4,2022-04-28T00:00:00.000Z,73.4,91,67.3,67.3,84.6
וולפסון,73.4,2022-04-28T00:00:00.000Z,73.4,91,67.3,67.3,84.6
וולפסון,73.4,2022-04-28T00:00:00.000Z,73.4,91,67.3,67.3,84.6
וולפסון,73.4,2022-04-28T00:00:00.000Z,73.4,91,67.3,67.3,84.6
וולפסון,73.4,2022-04-28T00:00:00.000Z,73.4,91,67.3,67.3,84.6
וולפסון,73.4,2022-04-28T00:00:00.000Z,73.4,91,67.3,67.3,84.6
וולפסון,73.4,2022-04-28T00:00:00.000Z,73.4,91,67.3,67.3,84.6
וולפסון,73.4,2022-04-28T00:00:00.000Z,73.4,91,67.3,67.3,84.6
וולפסון,73.4,2022-04-28T00:00:00.000Z,73.4,91,67.3,67.3,84.6
וולפסון,73.4,2022-04-28T00:00:00.000Z,73.4,91,67.3,67.3,84.6
וולפסון,73.4,2022-04-28T00:00:00.000Z,73.4,91,67.3,67.3,84.6
לניאדו,92.3,2022-04-28T00:00:00.000Z,92.3,107.7,94.7,94.7,100.6
לניאדו,92.3,2022-04-28T00:00:00.000Z,92.3,107.7,94.7,94.7,100.6
לניאדו,92.3,2022-04-28T00:00:00.000Z,92.3,107.7,94.7,94.7,100.6
לניאדו,92.3,2022-04-28T00:00:00.000Z,92.3,107.7,94.7,94.7,100.6
לניאדו,92.3,2022-04-28T00:00:00.000Z,92.3,107.7,94.7,94.7,100.6
לניאדו,92.3,2022-04-28T00:00:00.000Z,92.3,107.7,94.7,94.7,100.6
לניאדו,92.3,2022-04-28T00:00:00.000Z,92.3,107.7,94.7,94.7,100.6
לניאדו,92.3,2022-04-28T00:00:00.000Z,92.3,107.7,94.7,94.7,100.6
לניאדו,92.3,2022-04-28T00:00:00.000Z,92.3,107.7,94.7,94.7,100.6
לניאדו,92.3,2022-04-28T00:00:00.000Z,92.3,107.7,94.7,94.7,100.6
לניאדו,92.3,2022-04-28T00:00:00.000Z,92.3,107.7,94.7,94.7,100.6
לניאדו,92.3,2022-04-28T00:00:00.000Z,92.3,107.7,94.7,94.7,100.6
לניאדו,92.3,2022-04-28T00:00:00.000Z,92.3,107.7,94.7,94.7,100.6
לניאדו,92.3,2022-04-28T00:00:00.000Z,92.3,107.7,94.7,94.7,100.6
לניאדו,92.3,2022-04-28T00:00:00.000Z,92.3,107.7,94.7,94.7,100.6
לניאדו,92.3,2022-04-28T00:00:00.000Z,92.3,107.7,94.7,94.7,100.6
לניאדו,92.3,2022-04-28T00:00:00.000Z,92.3,107.7,94.7,94.7,100.6
לניאדו,92.3,2022-04-28T00:00:00.000Z,92.3,107.7,94.7,94.7,100.6
לניאדו,92.3,2022-04-28T00:00:00.000Z,92.3,107.7,94.7,94.7,100.6
לניאדו,92.3,2022-04-28T00:00:00.000Z,92.3,107.7,94.7,94.7,100.6
לניאדו,92.3,2022-04-28T00:00:00.000Z,92.3,107.7,94.7,94.7,100.6
לניאדו,92.3,2022-04-28T00:00:00.000Z,92.3,107.7,94.7,94.7,100.6
לניאדו,92.3,2022-04-28T00:00:00.000Z,92.3,107.7,94.7,94.7,100.6
לניאדו,92.3,2022-04-28T00:00:00.000Z,92.3,107.7,94.7,94.7,100.6
לניאדו,92.3,2022-04-28T00:00:00.000Z,92.3,107.7,94.7,94.7,100.6
לניאדו,92.3,2022-04-28T00:00:00.000Z,92.3,107.7,94.7,94.7,100.6
לניאדו,92.3,2022-04-28T00:00:00.000Z,92.3,107.7,94.7,94.7,100.6
לניאדו,92.3,2022-04-28T00:00:00.000Z,92.3,107.7,94.7,94.7,100.6
לניאדו,92.3,2022-04-28T00:00:00.000Z,92.3,107.7,94.7,94.7,100.6
לניאדו,92.3,2022-04-28T00:00:00.000Z,92.3,107.7,94.7,94.7,100.6
לניאדו,92.3,2022-04-28T00:00:00.000Z,92.3,107.7,94.7,94.7,100.6
לניאדו,92.3,2022-04-28T00:00:00.000Z,92.3,107.7,94.7,94.7,100.6
לניאדו,92.3,2022-04-28T00:00:00.000Z,92.3,107.7,94.7,94.7,100.6
לניאדו,92.3,2022-04-28T00:00:00.000Z,92.3,107.7,94.7,94.7,100.6
לניאדו,92.3,2022-04-28T00:00:00.000Z,92.3,107.7,94.7,94.7,100.6
לניאדו,92.3,2022-04-28T00:00:00.000Z,92.3,107.7,94.7,94.7,100.6
לניאדו,92.3,2022-04-28T00:00:00.000Z,92.3,107.7,94.7,94.7,100.6
לניאדו,92.3,2022-04-28T00:00:00.000Z,92.3,107.7,94.7,94.7,100.6
לניאדו,92.3,2022-04-28T00:00:00.000Z,92.3,107.7,94.7,94.7,100.6
לניאדו,92.3,2022-04-28T00:00:00.000Z,92.3,107.7,94.7,94.7,100.6
לניאדו,92.3,2022-04-28T00:00:00.000Z,92.3,107.7,94.7,94.7,100.6
לניאדו,92.3,2022-04-28T00:00:00.000Z,92.3,107.7,94.7,94.7,100.6
לניאדו,92.3,2022-04-28T00:00:00.000Z,92.3,107.7,94.7,94.7,100.6
לניאדו,92.3,2022-04-28T00:00:00.000Z,92.3,107.7,94.7,94.7,100.6
לניאדו,92.3,2022-04-28T00:00:00.000Z,92.3,107.7,94.7,94.7,100.6
לניאדו,92.3,2022-04-28T00:00:00.000Z,92.3,107.7,94.7,94.7,100.6
לניאדו,92.3,2022-04-28T00:00:00.000Z,92.3,107.7,94.7,94.7,100.6
לניאדו,92.3,2022-04-28T00:00:00.000Z,92.3,107.7,94.7,94.7,100.6
לניאדו,92.3,2022-04-28T00:00:00.000Z,92.3,107.7,94.7,94.7,100.6
לניאדו,92.3,2022-04-28T00:00:00.000Z,92.3,107.7,94.7,94.7,100.6
לניאדו,92.3,2022-04-28T00:00:00.000Z,92.3,107.7,94.7,94.7,100.6
לניאדו,92.3,2022-04-28T00:00:00.000Z,92.3,107.7,94.7,94.7,100.6
לניאדו,92.3,2022-04-28T00:00:00.000Z,92.3,107.7,94.7,94.7,100.6
לניאדו,92.3,2022-04-28T00:00:00.000Z,92.3,107.7,94.7,94.7,100.6
לניאדו,92.3,2022-04-28T00:00:00.000Z,92.3,107.7,94.7,94.7,100.6
לניאדו,92.3,2022-04-28T00:00:00.000Z,92.3,107.7,94.7,94.7,100.6
לניאדו,92.3,2022-04-28T00:00:00.000Z,92.3,107.7,94.7,94.7,100.6
לניאדו,92.3,2022-04-28T00:00:00.000Z,92.3,107.7,94.7,94.7,100.6
לניאדו,92.3,2022-04-28T00:00:00.000Z,92.3,107.7,94.7,94.7,100.6
לניאדו,92.3,2022-04-28T00:00:00.000Z,92.3,107.7,94.7,94.7,100.6
לניאדו,92.3,2022-04-28T00:00:00.000Z,92.3,107.7,94.7,94.7,100.6
לניאדו,92.3,2022-04-28T00:00:00.000Z,92.3,107.7,94.7,94.7,100.6
לניאדו,92.3,2022-04-28T00:00:00.000Z,92.3,107.7,94.7,94.7,100.6
לניאדו,92.3,2022-04-28T00:00:00.000Z,92.3,107.7,94.7,94.7,100.6
לניאדו,92.3,2022-04-28T00:00:00.000Z,92.3,107.7,94.7,94.7,100.6
לניאדו,92.3,2022-04-28T00:00:00.000Z,92.3,107.7,94.7,94.7,100.6
לניאדו,92.3,2022-04-28T00:00:00.000Z,92.3,107.7,94.7,94.7,100.6
לניאדו,92.3,2022-04-28T00:00:00.000Z,92.3,107.7,94.7,94.7,100.6
וולפסון,73.4,2022-04-28T00:00:00.000Z,73.4,91,67.3,67.3,84.6
וולפסון,73.4,2022-04-28T00:00:00.000Z,73.4,91,67.3,67.3,84.6
וולפסון,73.4,2022-04-28T00:00:00.000Z,73.4,91,67.3,67.3,84.6
וולפסון,73.4,2022-04-28T00:00:00.000Z,73.4,91,67.3,67.3,84.6
וולפסון,73.4,2022-04-28T00:00:00.000Z,73.4,91,67.3,67.3,84.6
וולפסון,73.4,2022-04-28T00:00:00.000Z,73.4,91,67.3,67.3,84.6
וולפסון,73.4,2022-04-28T00:00:00.000Z,73.4,91,67.3,67.3,84.6
וולפסון,73.4,2022-04-28T00:00:00.000Z,73.4,91,67.3,67.3,84.6
וולפסון,73.4,2022-04-28T00:00:00.000Z,73.4,91,67.3,67.3,84.6
וולפסון,73.4,2022-04-28T00:00:00.000Z,73.4,91,67.3,67.3,84.6
וולפסון,73.4,2022-04-28T00:00:00.000Z,73.4,91,67.3,67.3,84.6
וולפסון,73.4,2022-04-28T00:00:00.000Z,73.4,91,67.3,67.3,84.6
וולפסון,73.4,2022-04-28T00:00:00.000Z,73.4,91,67.3,67.3,84.6
וולפסון,73.4,2022-04-28T00:00:00.000Z,73.4,91,67.3,67.3,84.6
וולפסון,73.4,2022-04-28T00:00:00.000Z,73.4,91,67.3,67.3,84.6
וולפסון,73.4,2022-04-28T00:00:00.000Z,73.4,91,67.3,67.3,84.6
וולפסון,73.4,2022-04-28T00:00:00.000Z,73.4,91,67.3,67.3,84.6
וולפסון,73.4,2022-04-28T00:00:00.000Z,73.4,91,67.3,67.3,84.6
וולפסון,73.4,2022-04-28T00:00:00.000Z,73.4,91,67.3,67.3,84.6
וולפסון,73.4,2022-04-28T00:00:00.000Z,73.4,91,67.3,67.3,84.6
וולפסון,73.4,2022-04-28T00:00:00.000Z,73.4,91,67.3,67.3,84.6
וולפסון,73.4,2022-04-28T00:00:00.000Z,73.4,91,67.3,67.3,84.6
וולפסון,73.4,2022-04-28T00:00:00.000Z,73.4,91,67.3,67.3,84.6
וולפסון,73.4,2022-04-28T00:00:00.000Z,73.4,91,67.3,67.3,84.6
וולפסון,73.4,2022-04-28T00:00:00.000Z,73.4,91,67.3,67.3,84.6
וולפסון,73.4,2022-04-28T00:00:00.000Z,73.4,91,67.3,67.3,84.6
וולפסון,73.4,2022-04-28T00:00:00.000Z,73.4,91,67.3,67.3,84.6
וולפסון,73.4,2022-04-28T00:00:00.000Z,73.4,91,67.3,67.3,84.6
וולפסון,73.4,2022-04-28T00:00:00.000Z,73.4,91,67.3,67.3,84.6
וולפסון,73.4,2022-04-28T00:00:00.000Z,73.4,91,67.3,67.3,84.6
וולפסון,73.4,2022-04-28T00:00:00.000Z,73.4,91,67.3,67.3,84.6
לניאדו,92.3,2022-04-28T00:00:00.000Z,92.3,107.7,94.7,94.7,100.6
לניאדו,92.3,2022-04-28T00:00:00.000Z,92.3,107.7,94.7,94.7,100.6
לניאדו,92.3,2022-04-28T00:00:00.000Z,92.3,107.7,94.7,94.7,100.6
לניאדו,92.3,2022-04-28T00:00:00.000Z,92.3,107.7,94.7,94.7,100.6
לניאדו,92.3,2022-04-28T00:00:00.000Z,92.3,107.7,94.7,94.7,100.6
לניאדו,92.3,2022-04-28T00:00:00.000Z,92.3,107.7,94.7,94.7,100.6
לניאדו,92.3,2022-04-28T00:00:00.000Z,92.3,107.7,94.7,94.7,100.6
לניאדו,92.3,2022-04-28T00:00:00.000Z,92.3,107.7,94.7,94.7,100.6
לניאדו,92.3,2022-04-28T00:00:00.000Z,92.3,107.7,94.7,94.7,100.6
לניאדו,92.3,2022-04-28T00:00:00.000Z,92.3,107.7,94.7,94.7,100.6
לניאדו,92.3,2022-04-28T00:00:00.000Z,92.3,107.7,94.7,94.7,100.6
לניאדו,92.3,2022-04-28T00:00:00.000Z,92.3,107.7,94.7,94.7,100.6
לניאדו,92.3,2022-04-28T00:00:00.000Z,92.3,107.7,94.7,94.7,100.6
לניאדו,92.3,2022-04-28T00:00:00.000Z,92.3,107.7,94.7,94.7,100.6
לניאדו,92.3,2022-04-28T00:00:00.000Z,92.3,107.7,94.7,94.7,100.6
לניאדו,92.3,2022-04-28T00:00:00.000Z,92.3,107.7,94.7,94.7,100.6
לניאדו,92.3,2022-04-28T00:00:00.000Z,92.3,107.7,94.7,94.7,100.6
לניאדו,92.3,2022-04-28T00:00:00.000Z,92.3,107.7,94.7,94.7,100.6
לניאדו,92.3,2022-04-28T00:00:00.000Z,92.3,107.7,94.7,94.7,100.6
לניאדו,92.3,2022-04-28T00:00:00.000Z,92.3,107.7,94.7,94.7,100.6
לניאדו,92.3,2022-04-28T00:00:00.000Z,92.3,107.7,94.7,94.7,100.6
לניאדו,92.3,2022-04-28T00:00:00.000Z,92.3,107.7,94.7,94.7,100.6
לניאדו,92.3,2022-04-28T00:00:00.000Z,92.3,107.7,94.7,94.7,100.6
לניאדו,92.3,2022-04-28T00:00:00.000Z,92.3,107.7,94.7,94.7,100.6
לניאדו,92.3,2022-04-28T00:00:00.000Z,92.3,107.7,94.7,94.7,100.6
לניאדו,92.3,2022-04-28T00:00:00.000Z,92.3,107.7,94.7,94.7,100.6
לניאדו,92.3,2022-04-28T00:00:00.000Z,92.3,107.7,94.7,94.7,100.6
לניאדו,92.3,2022-04-28T00:00:00.000Z,92.3,107.7,94.7,94.7,100.6
לניאדו,92.3,2022-04-28T00:00:00.000Z,92.3,107.7,94.7,94.7,100.6
לניאדו,92.3,2022-04-28T00:00:00.000Z,92.3,107.7,94.7,94.7,100.6
לניאדו,92.3,2022-04-28T00:00:00.000Z,92.3,107.7,94.7,94.7,100.6
לניאדו,92.3,2022-04-28T00:00:00.000Z,92.3,107.7,94.7,94.7,100.6
לניאדו,92.3,2022-04-28T00:00:00.000Z,92.3,107.7,94.7,94.7,100.6
לניאדו,92.3,2022-04-28T00:00:00.000Z,92.3,107.7,94.7,94.7,100.6
לניאדו,92.3,2022-04-28T00:00:00.000Z,92.3,107.7,94.7,94.7,100.6
לניאדו,92.3,2022-04-28T00:00:00.000Z,92.3,107.7,94.7,94.7,100.6
לניאדו,92.3,2022-04-28T00:00:00.000Z,92.3,107.7,94.7,94.7,100.6
לניאדו,92.3,2022-04-28T00:00:00.000Z,92.3,107.7,94.7,94.7,100.6
לניאדו,92.3,2022-04-28T00:00:00.000Z,92.3,107.7,94.7,94.7,100.6
לניאדו,92.3,2022-04-28T00:00:00.000Z,92.3,107.7,94.7,94.7,100.6
לניאדו,92.3,2022-04-28T00:00:00.000Z,92.3,107.7,94.7,94.7,100.6
לניאדו,92.3,2022-04-28T00:00:00.000Z,92.3,107.7,94.7,94.7,100.6
לניאדו,92.3,2022-04-28T00:00:00.000Z,92.3,107.7,94.7,94.7,100.6
לניאדו,92.3,2022-04-28T00:00:00.000Z,92.3,107.7,94.7,94.7,100.6
לניאדו,92.3,2022-04-28T00:00:00.000Z,92.3,107.7,94.7,94.7,100.6
לניאדו,92.3,2022-04-28T00:00:00.000Z,92.3,107.7,94.7,94.7,100.6
לניאדו,92.3,2022-04-28T00:00:00.000Z,92.3,107.7,94.7,94.7,100.6
לניאדו,92.3,2022-04-28T00:00:00.000Z,92.3,107.7,94.7,94.7,100.6
לניאדו,92.3,2022-04-28T00:00:00.000Z,92.3,107.7,94.7,94.7,100.6
לניאדו,92.3,2022-04-28T00:00:00.000Z,92.3,107.7,94.7,94.7,100.6
לניאדו,92.3,2022-04-28T00:00:00.000Z,92.3,107.7,94.7,94.7,100.6
לניאדו,92.3,2022-04-28T00:00:00.000Z,92.3,107.7,94.7,94.7,100.6
לניאדו,92.3,2022-04-28T00:00:00.000Z,92.3,107.7,94.7,94.7,100.6
לניאדו,92.3,2022-04-28T00:00:00.000Z,92.3,107.7,94.7,94.7,100.6
לניאדו,92.3,2022-04-28T00:00:00.000Z,92.3,107.7,94.7,94.7,100.6
לניאדו,92.3,2022-04-28T00:00:00.000Z,92.3,107.7,94.7,94.7,100.6
לניאדו,92.3,2022-04-28T00:00:00.000Z,92.3,107.7,94.7,94.7,100.6
לניאדו,92.3,2022-04-28T00:00:00.000Z,92.3,107.7,94.7,94.7,100.6
לניאדו,92.3,2022-04-28T00:00:00.000Z,92.3,107.7,94.7,94.7,100.6
לניאדו,92.3,2022-04-28T00:00:00.000Z,92.3,107.7,94.7,94.7,100.6
לניאדו,92.3,2022-04-28T00:00:00.000Z,92.3,107.7,94.7,94.7,100.6
לניאדו,92.3,2022-04-28T00:00:00.000Z,92.3,107.7,94.7,94.7,100.6
לניאדו,92.3,2022-04-28T00:00:00.000Z,92.3,107.7,94.7,94.7,100.6
לניאדו,92.3,2022-04-28T00:00:00.000Z,92.3,107.7,94.7,94.7,100.6
לניאדו,92.3,2022-04-28T00:00:00.000Z,92.3,107.7,94.7,94.7,100.6
לניאדו,92.3,2022-04-28T00:00:00.000Z,92.3,107.7,94.7,94.7,100.6
לניאדו,92.3,2022-04-28T00:00:00.000Z,92.3,107.7,94.7,94.7,100.6
לניאדו,92.3,2022-04-28T00:00:00.000Z,92.3,107.7,94.7,94.7,100.6
לניאדו,92.3,2022-04-28T00:00:00.000Z,92.3,107.7,94.7,94.7,100.6
לניאדו,92.3,2022-04-28T00:00:00.000Z,92.3,107.7,94.7,94.7,100.6
לניאדו,92.3,2022-04-28T00:00:00.000Z,92.3,107.7,94.7,94.7,100.6
לניאדו,92.3,2022-04-28T00:00:00.000Z,92.3,107.7,94.7,94.7,100.6
לניאדו,92.3,2022-04-28T00:00:00.000Z,92.3,107.7,94.7,94.7,100.6
לניאדו,92.3,2022-04-28T00:00:00.000Z,92.3,107.7,94.7,94.7,100.6
לניאדו,92.3,2022-04-28T00:00:00.000Z,92.3,107.7,94.7,94.7,100.6
לניאדו,92.3,2022-04-28T00:00:00.000Z,92.3,107.7,94.7,94.7,100.6
לניאדו,92.3,2022-04-28T00:00:00.000Z,92.3,107.7,94.7,94.7,100.6
לניאדו,92.3,2022-04-28T00:00:00.000Z,92.3,107.7,94.7,94.7,100.6
לניאדו,92.3,2022-04-28T00:00:00.000Z,92.3,107.7,94.7,94.7,100.6
לניאדו,92.3,2022-04-28T00:00:00.000Z,92.3,107.7,94.7,94.7,100.6
לניאדו,92.3,2022-04-28T00:00:00.000Z,92.3,107.7,94.7,94.7,100.6
לניאדו,92.3,2022-04-28T00:00:00.000Z,92.3,107.7,94.7,94.7,100.6
לניאדו,92.3,2022-04-28T00:00:00.000Z,92.3,107.7,94.7,94.7,100.6
לניאדו,92.3,2022-04-28T00:00:00.000Z,92.3,107.7,94.7,94.7,100.6
לניאדו,92.3,2022-04-28T00:00:00.000Z,92.3,107.7,94.7,94.7,100.6
לניאדו,92.3,2022-04-28T00:00:00.000Z,92.3,107.7,94.7,94.7,100.6
לניאדו,92.3,2022-04-28T00:00:00.000Z,92.3,107.7,94.7,94.7,100.6
לניאדו,92.3,2022-04-28T00:00:00.000Z,92.3,107.7,94.7,94.7,100.6
לניאדו,92.3,2022-04-28T00:00:00.000Z,92.3,107.7,94.7,94.7,100.6
לניאדו,92.3,2022-04-28T00:00:00.000Z,92.3,107.7,94.7,94.7,100.6
לניאדו,92.3,2022-04-28T00:00:00.000Z,92.3,107.7,94.7,94.7,100.6
לניאדו,92.3,2022-04-28T00:00:00.000Z,92.3,107.7,94.7,94.7,100.6
לניאדו,92.3,2022-04-28T00:00:00.000Z,92.3,107.7,94.7,94.7,100.6
לניאדו,92.3,2022-04-28T00:00:00.000Z,92.3,107.7,94.7,94.7,100.6
לניאדו,92.3,2022-04-28T00:00:00.000Z,92.3,107.7,94.7,94.7,100.6
לניאדו,92.3,2022-04-28T00:00:00.000Z,92.3,107.7,94.7,94.7,100.6
לניאדו,92.3,2022-04-28T00:00:00.000Z,92.3,107.7,94.7,94.7,100.6
לניאדו,92.3,2022-04-28T00:00:00.000Z,92.3,107.7,94.7,94.7,100.6
לניאדו,92.3,2022-04-28T00:00:00.000Z,92.3,107.7,94.7,94.7,100.6
לניאדו,92.3,2022-04-28T00:00:00.000Z,92.3,107.7,94.7,94.7,100.6
לניאדו,92.3,2022-04-28T00:00:00.000Z,92.3,107.7,94.7,94.7,100.6
לניאדו,92.3,2022-04-28T00:00:00.000Z,92.3,107.7,94.7,94.7,100.6
לניאדו,92.3,2022-04-28T00:00:00.000Z,92.3,107.7,94.7,94.7,100.6
לניאדו,92.3,2022-04-28T00:00:00.000Z,92.3,107.7,94.7,94.7,100.6
לניאדו,92.3,2022-04-28T00:00:00.000Z,92.3,107.7,94.7,94.7,100.6
לניאדו,92.3,2022-04-28T00:00:00.000Z,92.3,107.7,94.7,94.7,100.6
לניאדו,92.3,2022-04-28T00:00:00.000Z,92.3,107.7,94.7,94.7,100.6
לניאדו,92.3,2022-04-28T00:00:00.000Z,92.3,107.7,94.7,94.7,100.6
לניאדו,92.3,2022-04-28T00:00:00.000Z,92.3,107.7,94.7,94.7,100.6
לניאדו,92.3,2022-04-28T00:00:00.000Z,92.3,107.7,94.7,94.7,100.6
לניאדו,92.3,2022-04-28T00:00:00.000Z,92.3,107.7,94.7,94.7,100.6
לניאדו,92.3,2022-04-28T00:00:00.000Z,92.3,107.7,94.7,94.7,100.6
לניאדו,92.3,2022-04-28T00:00:00.000Z,92.3,107.7,94.7,94.7,100.6
לניאדו,92.3,2022-04-28T00:00:00.000Z,92.3,107.7,94.7,94.7,100.6
לניאדו,92.3,2022-04-28T00:00:00.000Z,92.3,107.7,94.7,94.7,100.6
לניאדו,92.3,2022-04-28T00:00:00.000Z,92.3,107.7,94.7,94.7,100.6
לניאדו,92.3,2022-04-28T00:00:00.000Z,92.3,107.7,94.7,94.7,100.6
לניאדו,92.3,2022-04-28T00:00:00.000Z,92.3,107.7,94.7,94.7,100.6
לניאדו,92.3,2022-04-28T00:00:00.000Z,92.3,107.7,94.7,94.7,100.6
לניאדו,92.3,2022-04-28T00:00:00.000Z,92.3,107.7,94.7,94.7,100.6
לניאדו,92.3,2022-04-28T00:00:00.000Z,92.3,107.7,94.7,94.7,100.6
לניאדו,92.3,2022-04-28T00:00:00.000Z,92.3,107.7,94.7,94.7,100.6
לניאדו,92.3,2022-04-28T00:00:00.000Z,92.3,107.7,94.7,94.7,100.6
לניאדו,92.3,2022-04-28T00:00:00.000Z,92.3,107.7,94.7,94.7,100.6
לניאדו,92.3,2022-04-28T00:00:00.000Z,92.3,107.7,94.7,94.7,100.6
לניאדו,92.3,2022-04-28T00:00:00.000Z,92.3,107.7,94.7,94.7,100.6
לניאדו,92.3,2022-04-28T00:00:00.000Z,92.3,107.7,94.7,94.7,100.6
לניאדו,92.3,2022-04-28T00:00:00.000Z,92.3,107.7,94.7,94.7,100.6
לניאדו,92.3,2022-04-28T00:00:00.000Z,92.3,107.7,94.7,94.7,100.6
לניאדו,92.3,2022-04-28T00:00:00.000Z,92.3,107.7,94.7,94.7,100.6
לניאדו,92.3,2022-04-28T00:00:00.000Z,92.3,107.7,94.7,94.7,100.6
לניאדו,92.3,2022-04-28T00:00:00.000Z,92.3,107.7,94.7,94.7,100.6
לניאדו,92.3,2022-04-28T00:00:00.000Z,92.3,107.7,94.7,94.7,100.6
רבין ק. השרון,52.6,2022-04-28T00:00:00.000Z,52.6,54.4,57.7,57.7,62.7
רבין ק. השרון,52.6,2022-04-28T00:00:00.000Z,52.6,54.4,57.7,57.7,62.7
רבין ק. השרון,52.6,2022-04-28T00:00:00.000Z,52.6,54.4,57.7,57.7,62.7
רבין ק. השרון,52.6,2022-04-28T00:00:00.000Z,52.6,54.4,57.7,57.7,62.7
רבין ק. השרון,52.6,2022-04-28T00:00:00.000Z,52.6,54.4,57.7,57.7,62.7
רבין ק. השרון,52.6,2022-04-28T00:00:00.000Z,52.6,54.4,57.7,57.7,62.7
רבין ק. השרון,52.6,2022-04-28T00:00:00.000Z,52.6,54.4,57.7,57.7,62.7
רבין ק. השרון,52.6,2022-04-28T00:00:00.000Z,52.6,54.4,57.7,57.7,62.7
רבין ק. השרון,52.6,2022-04-28T00:00:00.000Z,52.6,54.4,57.7,57.7,62.7
רבין ק. השרון,52.6,2022-04-28T00:00:00.000Z,52.6,54.4,57.7,57.7,62.7
רבין ק. השרון,52.6,2022-04-28T00:00:00.000Z,52.6,54.4,57.7,57.7,62.7
רבין ק. השרון,52.6,2022-04-28T00:00:00.000Z,52.6,54.4,57.7,57.7,62.7
רבין ק. השרון,52.6,2022-04-28T00:00:00.000Z,52.6,54.4,57.7,57.7,62.7
רבין ק. השרון,52.6,2022-04-28T00:00:00.000Z,52.6,54.4,57.7,57.7,62.7
רבין ק. השרון,52.6,2022-04-28T00:00:00.000Z,52.6,54.4,57.7,57.7,62.7
רבין ק. השרון,52.6,2022-04-28T00:00:00.000Z,52.6,54.4,57.7,57.7,62.7
רבין ק. השרון,52.6,2022-04-28T00:00:00.000Z,52.6,54.4,57.7,57.7,62.7
רבין ק. השרון,52.6,2022-04-28T00:00:00.000Z,52.6,54.4,57.7,57.7,62.7
רבין ק. השרון,52.6,2022-04-28T00:00:00.000Z,52.6,54.4,57.7,57.7,62.7
רבין ק. השרון,52.6,2022-04-28T00:00:00.000Z,52.6,54.4,57.7,57.7,62.7
רבין ק. השרון,52.6,2022-04-28T00:00:00.000Z,52.6,54.4,57.7,57.7,62.7
רבין ק. השרון,52.6,2022-04-28T00:00:00.000Z,52.6,54.4,57.7,57.7,62.7
רבין ק. השרון,52.6,2022-04-28T00:00:00.000Z,52.6,54.4,57.7,57.7,62.7
רבין ק. השרון,52.6,2022-04-28T00:00:00.000Z,52.6,54.4,57.7,57.7,62.7
רבין ק. השרון,52.6,2022-04-28T00:00:00.000Z,52.6,54.4,57.7,57.7,62.7
רבין ק. השרון,52.6,2022-04-28T00:00:00.000Z,52.6,54.4,57.7,57.7,62.7
רבין ק. השרון,52.6,2022-04-28T00:00:00.000Z,52.6,54.4,57.7,57.7,62.7
רבין ק. השרון,52.6,2022-04-28T00:00:00.000Z,52.6,54.4,57.7,57.7,62.7
רבין ק. השרון,52.6,2022-04-28T00:00:00.000Z,52.6,54.4,57.7,57.7,62.7
רבין ק. השרון,52.6,2022-04-28T00:00:00.000Z,52.6,54.4,57.7,57.7,62.7
רבין ק. השרון,52.6,2022-04-28T00:00:00.000Z,52.6,54.4,57.7,57.7,62.7
רבין ק. השרון,52.6,2022-04-28T00:00:00.000Z,52.6,54.4,57.7,57.7,62.7
רבין ק. השרון,52.6,2022-04-28T00:00:00.000Z,52.6,54.4,57.7,57.7,62.7
רבין ק. השרון,52.6,2022-04-28T00:00:00.000Z,52.6,54.4,57.7,57.7,62.7
רבין ק. השרון,52.6,2022-04-28T00:00:00.000Z,52.6,54.4,57.7,57.7,62.7
רבין ק. השרון,52.6,2022-04-28T00:00:00.000Z,52.6,54.4,57.7,57.7,62.7
רבין ק. השרון,52.6,2022-04-28T00:00:00.000Z,52.6,54.4,57.7,57.7,62.7
רבין ק. השרון,52.6,2022-04-28T00:00:00.000Z,52.6,54.4,57.7,57.7,62.7
רבין ק. השרון,52.6,2022-04-28T00:00:00.000Z,52.6,54.4,57.7,57.7,62.7
רבין ק. השרון,52.6,2022-04-28T00:00:00.000Z,52.6,54.4,57.7,57.7,62.7
רבין ק. השרון,52.6,2022-04-28T00:00:00.000Z,52.6,54.4,57.7,57.7,62.7
רבין ק. השרון,52.6,2022-04-28T00:00:00.000Z,52.6,54.4,57.7,57.7,62.7
רבין ק. השרון,52.6,2022-04-28T00:00:00.000Z,52.6,54.4,57.7,57.7,62.7
רבין ק. השרון,52.6,2022-04-28T00:00:00.000Z,52.6,54.4,57.7,57.7,62.7
רבין ק. השרון,52.6,2022-04-28T00:00:00.000Z,52.6,54.4,57.7,57.7,62.7
רבין ק. השרון,52.6,2022-04-28T00:00:00.000Z,52.6,54.4,57.7,57.7,62.7
רבין ק. השרון,52.6,2022-04-28T00:00:00.000Z,52.6,54.4,57.7,57.7,62.7
רבין ק. השרון,52.6,2022-04-28T00:00:00.000Z,52.6,54.4,57.7,57.7,62.7
רבין ק. השרון,52.6,2022-04-28T00:00:00.000Z,52.6,54.4,57.7,57.7,62.7
רבין ק. השרון,52.6,2022-04-28T00:00:00.000Z,52.6,54.4,57.7,57.7,62.7
רבין ק. השרון,52.6,2022-04-28T00:00:00.000Z,52.6,54.4,57.7,57.7,62.7
רבין ק. השרון,52.6,2022-04-28T00:00:00.000Z,52.6,54.4,57.7,57.7,62.7
רבין ק. השרון,52.6,2022-04-28T00:00:00.000Z,52.6,54.4,57.7,57.7,62.7
רבין ק. השרון,52.6,2022-04-28T00:00:00.000Z,52.6,54.4,57.7,57.7,62.7
רבין ק. השרון,52.6,2022-04-28T00:00:00.000Z,52.6,54.4,57.7,57.7,62.7
רבין ק. השרון,52.6,2022-04-28T00:00:00.000Z,52.6,54.4,57.7,57.7,62.7
רבין ק. השרון,52.6,2022-04-28T00:00:00.000Z,52.6,54.4,57.7,57.7,62.7
רבין ק. השרון,52.6,2022-04-28T00:00:00.000Z,52.6,54.4,57.7,57.7,62.7
רבין ק. השרון,52.6,2022-04-28T00:00:00.000Z,52.6,54.4,57.7,57.7,62.7
רבין ק. השרון,52.6,2022-04-28T00:00:00.000Z,52.6,54.4,57.7,57.7,62.7
רבין ק. השרון,52.6,2022-04-28T00:00:00.000Z,52.6,54.4,57.7,57.7,62.7
רבין ק. השרון,52.6,2022-04-28T00:00:00.000Z,52.6,54.4,57.7,57.7,62.7
רבין ק. השרון,52.6,2022-04-28T00:00:00.000Z,52.6,54.4,57.7,57.7,62.7
רבין ק. השרון,52.6,2022-04-28T00:00:00.000Z,52.6,54.4,57.7,57.7,62.7
רבין ק. השרון,52.6,2022-04-28T00:00:00.000Z,52.6,54.4,57.7,57.7,62.7
רבין ק. השרון,52.6,2022-04-28T00:00:00.000Z,52.6,54.4,57.7,57.7,62.7
רבין ק. השרון,52.6,2022-04-28T00:00:00.000Z,52.6,54.4,57.7,57.7,62.7
רבין ק. השרון,52.6,2022-04-28T00:00:00.000Z,52.6,54.4,57.7,57.7,62.7
רבין ק. השרון,52.6,2022-04-28T00:00:00.000Z,52.6,54.4,57.7,57.7,62.7
רבין ק. השרון,52.6,2022-04-28T00:00:00.000Z,52.6,54.4,57.7,57.7,62.7
רבין ק. השרון,52.6,2022-04-28T00:00:00.000Z,52.6,54.4,57.7,57.7,62.7
רבין ק. השרון,52.6,2022-04-28T00:00:00.000Z,52.6,54.4,57.7,57.7,62.7
רבין ק. השרון,52.6,2022-04-28T00:00:00.000Z,52.6,54.4,57.7,57.7,62.7
רבין ק. השרון,52.6,2022-04-28T00:00:00.000Z,52.6,54.4,57.7,57.7,62.7
רבין ק. השרון,52.6,2022-04-28T00:00:00.000Z,52.6,54.4,57.7,57.7,62.7
רבין ק. השרון,52.6,2022-04-28T00:00:00.000Z,52.6,54.4,57.7,57.7,62.7
רבין ק. השרון,52.6,2022-04-28T00:00:00.000Z,52.6,54.4,57.7,57.7,62.7
רבין ק. השרון,52.6,2022-04-28T00:00:00.000Z,52.6,54.4,57.7,57.7,62.7
רבין ק. השרון,52.6,2022-04-28T00:00:00.000Z,52.6,54.4,57.7,57.7,62.7
רבין ק. השרון,52.6,2022-04-28T00:00:00.000Z,52.6,54.4,57.7,57.7,62.7
רבין ק. השרון,52.6,2022-04-28T00:00:00.000Z,52.6,54.4,57.7,57.7,62.7
רבין ק. השרון,52.6,2022-04-28T00:00:00.000Z,52.6,54.4,57.7,57.7,62.7
רבין ק. השרון,52.6,2022-04-28T00:00:00.000Z,52.6,54.4,57.7,57.7,62.7
רבין ק. השרון,52.6,2022-04-28T00:00:00.000Z,52.6,54.4,57.7,57.7,62.7
רבין ק. השרון,52.6,2022-04-28T00:00:00.000Z,52.6,54.4,57.7,57.7,62.7
רבין ק. השרון,52.6,2022-04-28T00:00:00.000Z,52.6,54.4,57.7,57.7,62.7
רבין ק. השרון,52.6,2022-04-28T00:00:00.000Z,52.6,54.4,57.7,57.7,62.7
רבין ק. השרון,52.6,2022-04-28T00:00:00.000Z,52.6,54.4,57.7,57.7,62.7
רבין ק. השרון,52.6,2022-04-28T00:00:00.000Z,52.6,54.4,57.7,57.7,62.7
רבין ק. השרון,52.6,2022-04-28T00:00:00.000Z,52.6,54.4,57.7,57.7,62.7
רבין ק. השרון,52.6,2022-04-28T00:00:00.000Z,52.6,54.4,57.7,57.7,62.7
רבין ק. השרון,52.6,2022-04-28T00:00:00.000Z,52.6,54.4,57.7,57.7,62.7
רבין ק. השרון,52.6,2022-04-28T00:00:00.000Z,52.6,54.4,57.7,57.7,62.7
רבין ק. השרון,52.6,2022-04-28T00:00:00.000Z,52.6,54.4,57.7,57.7,62.7
רבין ק. השרון,52.6,2022-04-28T00:00:00.000Z,52.6,54.4,57.7,57.7,62.7
רבין ק. השרון,52.6,2022-04-28T00:00:00.000Z,52.6,54.4,57.7,57.7,62.7
רבין ק. השרון,52.6,2022-04-28T00:00:00.000Z,52.6,54.4,57.7,57.7,62.7
רבין ק. השרון,52.6,2022-04-28T00:00:00.000Z,52.6,54.4,57.7,57.7,62.7
רבין ק. השרון,52.6,2022-04-28T00:00:00.000Z,52.6,54.4,57.7,57.7,62.7
רבין ק. השרון,52.6,2022-04-28T00:00:00.000Z,52.6,54.4,57.7,57.7,62.7
רבין ק. השרון,52.6,2022-04-28T00:00:00.000Z,52.6,54.4,57.7,57.7,62.7
רבין ק. השרון,52.6,2022-04-28T00:00:00.000Z,52.6,54.4,57.7,57.7,62.7
רבין ק. השרון,52.6,2022-04-28T00:00:00.000Z,52.6,54.4,57.7,57.7,62.7
רבין ק. השרון,52.6,2022-04-28T00:00:00.000Z,52.6,54.4,57.7,57.7,62.7
רבין ק. השרון,52.6,2022-04-28T00:00:00.000Z,52.6,54.4,57.7,57.7,62.7
רבין ק. השרון,52.6,2022-04-28T00:00:00.000Z,52.6,54.4,57.7,57.7,62.7
רבין ק. השרון,52.6,2022-04-28T00:00:00.000Z,52.6,54.4,57.7,57.7,62.7
רבין ק. השרון,52.6,2022-04-28T00:00:00.000Z,52.6,54.4,57.7,57.7,62.7
רבין ק. השרון,52.6,2022-04-28T00:00:00.000Z,52.6,54.4,57.7,57.7,62.7
רבין ק. השרון,52.6,2022-04-28T00:00:00.000Z,52.6,54.4,57.7,57.7,62.7
רבין ק. השרון,52.6,2022-04-28T00:00:00.000Z,52.6,54.4,57.7,57.7,62.7
רבין ק. השרון,52.6,2022-04-28T00:00:00.000Z,52.6,54.4,57.7,57.7,62.7
רבין ק. השרון,52.6,2022-04-28T00:00:00.000Z,52.6,54.4,57.7,57.7,62.7
רבין ק. השרון,52.6,2022-04-28T00:00:00.000Z,52.6,54.4,57.7,57.7,62.7
רבין ק. השרון,52.6,2022-04-28T00:00:00.000Z,52.6,54.4,57.7,57.7,62.7
רבין ק. השרון,52.6,2022-04-28T00:00:00.000Z,52.6,54.4,57.7,57.7,62.7
רבין ק. השרון,52.6,2022-04-28T00:00:00.000Z,52.6,54.4,57.7,57.7,62.7
רבין ק. השרון,52.6,2022-04-28T00:00:00.000Z,52.6,54.4,57.7,57.7,62.7
רבין ק. השרון,52.6,2022-04-28T00:00:00.000Z,52.6,54.4,57.7,57.7,62.7
רבין ק. השרון,52.6,2022-04-28T00:00:00.000Z,52.6,54.4,57.7,57.7,62.7
רבין ק. השרון,52.6,2022-04-28T00:00:00.000Z,52.6,54.4,57.7,57.7,62.7
רבין ק. השרון,52.6,2022-04-28T00:00:00.000Z,52.6,54.4,57.7,57.7,62.7
רבין ק. השרון,52.6,2022-04-28T00:00:00.000Z,52.6,54.4,57.7,57.7,62.7
רבין ק. השרון,52.6,2022-04-28T00:00:00.000Z,52.6,54.4,57.7,57.7,62.7
רבין ק. השרון,52.6,2022-04-28T00:00:00.000Z,52.6,54.4,57.7,57.7,62.7
רבין ק. השרון,52.6,2022-04-28T00:00:00.000Z,52.6,54.4,57.7,57.7,62.7
רבין ק. השרון,52.6,2022-04-28T00:00:00.000Z,52.6,54.4,57.7,57.7,62.7
רבין ק. השרון,52.6,2022-04-28T00:00:00.000Z,52.6,54.4,57.7,57.7,62.7
רבין ק. השרון,52.6,2022-04-28T00:00:00.000Z,52.6,54.4,57.7,57.7,62.7
רבין ק. השרון,52.6,2022-04-28T00:00:00.000Z,52.6,54.4,57.7,57.7,62.7
רבין ק. השרון,52.6,2022-04-28T00:00:00.000Z,52.6,54.4,57.7,57.7,62.7
רבין ק. השרון,52.6,2022-04-28T00:00:00.000Z,52.6,54.4,57.7,57.7,62.7
רבין ק. השרון,52.6,2022-04-28T00:00:00.000Z,52.6,54.4,57.7,57.7,62.7
רבין ק. השרון,52.6,2022-04-28T00:00:00.000Z,52.6,54.4,57.7,57.7,62.7
רבין ק. השרון,52.6,2022-04-28T00:00:00.000Z,52.6,54.4,57.7,57.7,62.7
רבין ק. השרון,52.6,2022-04-28T00:00:00.000Z,52.6,54.4,57.7,57.7,62.7
רבין ק. השרון,52.6,2022-04-28T00:00:00.000Z,52.6,54.4,57.7,57.7,62.7
רבין ק. השרון,52.6,2022-04-28T00:00:00.000Z,52.6,54.4,57.7,57.7,62.7
רבין ק. השרון,52.6,2022-04-28T00:00:00.000Z,52.6,54.4,57.7,57.7,62.7
רבין ק. השרון,52.6,2022-04-28T00:00:00.000Z,52.6,54.4,57.7,57.7,62.7
רבין ק. השרון,52.6,2022-04-28T00:00:00.000Z,52.6,54.4,57.7,57.7,62.7
רבין ק. השרון,52.6,2022-04-28T00:00:00.000Z,52.6,54.4,57.7,57.7,62.7
רבין ק. השרון,52.6,2022-04-28T00:00:00.000Z,52.6,54.4,57.7,57.7,62.7
רבין ק. השרון,52.6,2022-04-28T00:00:00.000Z,52.6,54.4,57.7,57.7,62.7
רבין ק. השרון,52.6,2022-04-28T00:00:00.000Z,52.6,54.4,57.7,57.7,62.7
רבין ק. השרון,52.6,2022-04-28T00:00:00.000Z,52.6,54.4,57.7,57.7,62.7
רבין ק. השרון,52.6,2022-04-28T00:00:00.000Z,52.6,54.4,57.7,57.7,62.7
רבין ק. השרון,52.6,2022-04-28T00:00:00.000Z,52.6,54.4,57.7,57.7,62.7
רבין ק. השרון,52.6,2022-04-28T00:00:00.000Z,52.6,54.4,57.7,57.7,62.7
רבין ק. השרון,52.6,2022-04-28T00:00:00.000Z,52.6,54.4,57.7,57.7,62.7
רבין ק. השרון,52.6,2022-04-28T00:00:00.000Z,52.6,54.4,57.7,57.7,62.7
רבין ק. השרון,52.6,2022-04-28T00:00:00.000Z,52.6,54.4,57.7,57.7,62.7
רבין ק. השרון,52.6,2022-04-28T00:00:00.000Z,52.6,54.4,57.7,57.7,62.7
רבין ק. השרון,52.6,2022-04-28T00:00:00.000Z,52.6,54.4,57.7,57.7,62.7
רבין ק. השרון,52.6,2022-04-28T00:00:00.000Z,52.6,54.4,57.7,57.7,62.7
רבין ק. השרון,52.6,2022-04-28T00:00:00.000Z,52.6,54.4,57.7,57.7,62.7
רבין ק. השרון,52.6,2022-04-28T00:00:00.000Z,52.6,54.4,57.7,57.7,62.7
רבין ק. השרון,52.6,2022-04-28T00:00:00.000Z,52.6,54.4,57.7,57.7,62.7
רבין ק. השרון,52.6,2022-04-28T00:00:00.000Z,52.6,54.4,57.7,57.7,62.7
רבין ק. השרון,52.6,2022-04-28T00:00:00.000Z,52.6,54.4,57.7,57.7,62.7
רבין ק. השרון,52.6,2022-04-28T00:00:00.000Z,52.6,54.4,57.7,57.7,62.7
רבין ק. השרון,52.6,2022-04-28T00:00:00.000Z,52.6,54.4,57.7,57.7,62.7
רבין ק. השרון,52.6,2022-04-28T00:00:00.000Z,52.6,54.4,57.7,57.7,62.7
רבין ק. השרון,52.6,2022-04-28T00:00:00.000Z,52.6,54.4,57.7,57.7,62.7
רבין ק. השרון,52.6,2022-04-28T00:00:00.000Z,52.6,54.4,57.7,57.7,62.7
רבין ק. השרון,52.6,2022-04-28T00:00:00.000Z,52.6,54.4,57.7,57.7,62.7
רבין ק. השרון,52.6,2022-04-28T00:00:00.000Z,52.6,54.4,57.7,57.7,62.7
רבין ק. השרון,52.6,2022-04-28T00:00:00.000Z,52.6,54.4,57.7,57.7,62.7
רבין ק. השרון,52.6,2022-04-28T00:00:00.000Z,52.6,54.4,57.7,57.7,62.7
רבין ק. השרון,52.6,2022-04-28T00:00:00.000Z,52.6,54.4,57.7,57.7,62.7
רבין ק. השרון,52.6,2022-04-28T00:00:00.000Z,52.6,54.4,57.7,57.7,62.7
רבין ק. השרון,52.6,2022-04-28T00:00:00.000Z,52.6,54.4,57.7,57.7,62.7
רבין ק. השרון,52.6,2022-04-28T00:00:00.000Z,52.6,54.4,57.7,57.7,62.7
רבין ק. השרון,52.6,2022-04-28T00:00:00.000Z,52.6,54.4,57.7,57.7,62.7
רבין ק. השרון,52.6,2022-04-28T00:00:00.000Z,52.6,54.4,57.7,57.7,62.7
רבין ק. השרון,52.6,2022-04-28T00:00:00.000Z,52.6,54.4,57.7,57.7,62.7
רבין ק. השרון,52.6,2022-04-28T00:00:00.000Z,52.6,54.4,57.7,57.7,62.7
רבין ק. השרון,52.6,2022-04-28T00:00:00.000Z,52.6,54.4,57.7,57.7,62.7
רבין ק. השרון,52.6,2022-04-28T00:00:00.000Z,52.6,54.4,57.7,57.7,62.7
רבין ק. השרון,52.6,2022-04-28T00:00:00.000Z,52.6,54.4,57.7,57.7,62.7
רבין ק. השרון,52.6,2022-04-28T00:00:00.000Z,52.6,54.4,57.7,57.7,62.7
רבין ק. השרון,52.6,2022-04-28T00:00:00.000Z,52.6,54.4,57.7,57.7,62.7
רבין ק. השרון,52.6,2022-04-28T00:00:00.000Z,52.6,54.4,57.7,57.7,62.7
רבין ק. השרון,52.6,2022-04-28T00:00:00.000Z,52.6,54.4,57.7,57.7,62.7
רבין ק. השרון,52.6,2022-04-28T00:00:00.000Z,52.6,54.4,57.7,57.7,62.7
רבין ק. השרון,52.6,2022-04-28T00:00:00.000Z,52.6,54.4,57.7,57.7,62.7
רבין ק. השרון,52.6,2022-04-28T00:00:00.000Z,52.6,54.4,57.7,57.7,62.7
רבין ק. השרון,52.6,2022-04-28T00:00:00.000Z,52.6,54.4,57.7,57.7,62.7
רבין ק. השרון,52.6,2022-04-28T00:00:00.000Z,52.6,54.4,57.7,57.7,62.7
רבין ק. השרון,52.6,2022-04-28T00:00:00.000Z,52.6,54.4,57.7,57.7,62.7
רבין ק. השרון,52.6,2022-04-28T00:00:00.000Z,52.6,54.4,57.7,57.7,62.7
רבין ק. השרון,52.6,2022-04-28T00:00:00.000Z,52.6,54.4,57.7,57.7,62.7
רבין ק. השרון,52.6,2022-04-28T00:00:00.000Z,52.6,54.4,57.7,57.7,62.7
רבין ק. השרון,52.6,2022-04-28T00:00:00.000Z,52.6,54.4,57.7,57.7,62.7
רבין ק. השרון,52.6,2022-04-28T00:00:00.000Z,52.6,54.4,57.7,57.7,62.7
רבין ק. השרון,52.6,2022-04-28T00:00:00.000Z,52.6,54.4,57.7,57.7,62.7
רבין ק. השרון,52.6,2022-04-28T00:00:00.000Z,52.6,54.4,57.7,57.7,62.7
רבין ק. השרון,52.6,2022-04-28T00:00:00.000Z,52.6,54.4,57.7,57.7,62.7
רבין ק. השרון,52.6,2022-04-28T00:00:00.000Z,52.6,54.4,57.7,57.7,62.7
רבין ק. השרון,52.6,2022-04-28T00:00:00.000Z,52.6,54.4,57.7,57.7,62.7
רבין ק. השרון,52.6,2022-04-28T00:00:00.000Z,52.6,54.4,57.7,57.7,62.7
רבין ק. השרון,52.6,2022-04-28T00:00:00.000Z,52.6,54.4,57.7,57.7,62.7
רבין ק. השרון,52.6,2022-04-28T00:00:00.000Z,52.6,54.4,57.7,57.7,62.7
רבין ק. השרון,52.6,2022-04-28T00:00:00.000Z,52.6,54.4,57.7,57.7,62.7
רבין ק. השרון,52.6,2022-04-28T00:00:00.000Z,52.6,54.4,57.7,57.7,62.7
רבין ק. השרון,52.6,2022-04-28T00:00:00.000Z,52.6,54.4,57.7,57.7,62.7
רבין ק. השרון,52.6,2022-04-28T00:00:00.000Z,52.6,54.4,57.7,57.7,62.7
רבין ק. השרון,52.6,2022-04-28T00:00:00.000Z,52.6,54.4,57.7,57.7,62.7
רבין ק. השרון,52.6,2022-04-28T00:00:00.000Z,52.6,54.4,57.7,57.7,62.7
רבין ק. השרון,52.6,2022-04-28T00:00:00.000Z,52.6,54.4,57.7,57.7,62.7
רבין ק. השרון,52.6,2022-04-28T00:00:00.000Z,52.6,54.4,57.7,57.7,62.7
רבין ק. השרון,52.6,2022-04-28T00:00:00.000Z,52.6,54.4,57.7,57.7,62.7
רבין ק. השרון,52.6,2022-04-28T00:00:00.000Z,52.6,54.4,57.7,57.7,62.7
רבין ק. השרון,52.6,2022-04-28T00:00:00.000Z,52.6,54.4,57.7,57.7,62.7
רבין ק. השרון,52.6,2022-04-28T00:00:00.000Z,52.6,54.4,57.7,57.7,62.7
רבין ק. השרון,52.6,2022-04-28T00:00:00.000Z,52.6,54.4,57.7,57.7,62.7
רבין ק. השרון,52.6,2022-04-28T00:00:00.000Z,52.6,54.4,57.7,57.7,62.7
רבין ק. השרון,52.6,2022-04-28T00:00:00.000Z,52.6,54.4,57.7,57.7,62.7
רבין ק. השרון,52.6,2022-04-28T00:00:00.000Z,52.6,54.4,57.7,57.7,62.7
רבין ק. השרון,52.6,2022-04-28T00:00:00.000Z,52.6,54.4,57.7,57.7,62.7
רבין ק. השרון,52.6,2022-04-28T00:00:00.000Z,52.6,54.4,57.7,57.7,62.7
רבין ק. השרון,52.6,2022-04-28T00:00:00.000Z,52.6,54.4,57.7,57.7,62.7
רבין ק. השרון,52.6,2022-04-28T00:00:00.000Z,52.6,54.4,57.7,57.7,62.7
רבין ק. השרון,52.6,2022-04-28T00:00:00.000Z,52.6,54.4,57.7,57.7,62.7
רבין ק. השרון,52.6,2022-04-28T00:00:00.000Z,52.6,54.4,57.7,57.7,62.7
רבין ק. השרון,52.6,2022-04-28T00:00:00.000Z,52.6,54.4,57.7,57.7,62.7
רבין ק. השרון,52.6,2022-04-28T00:00:00.000Z,52.6,54.4,57.7,57.7,62.7
רבין ק. השרון,52.6,2022-04-28T00:00:00.000Z,52.6,54.4,57.7,57.7,62.7
רבין ק. השרון,52.6,2022-04-28T00:00:00.000Z,52.6,54.4,57.7,57.7,62.7
רבין ק. השרון,52.6,2022-04-28T00:00:00.000Z,52.6,54.4,57.7,57.7,62.7
רבין ק. השרון,52.6,2022-04-28T00:00:00.000Z,52.6,54.4,57.7,57.7,62.7
רבין ק. השרון,52.6,2022-04-28T00:00:00.000Z,52.6,54.4,57.7,57.7,62.7
רבין ק. השרון,52.6,2022-04-28T00:00:00.000Z,52.6,54.4,57.7,57.7,62.7
רבין ק. השרון,52.6,2022-04-28T00:00:00.000Z,52.6,54.4,57.7,57.7,62.7
רבין ק. השרון,52.6,2022-04-28T00:00:00.000Z,52.6,54.4,57.7,57.7,62.7
רבין ק. השרון,52.6,2022-04-28T00:00:00.000Z,52.6,54.4,57.7,57.7,62.7
רבין ק. השרון,52.6,2022-04-28T00:00:00.000Z,52.6,54.4,57.7,57.7,62.7
רבין ק. השרון,52.6,2022-04-28T00:00:00.000Z,52.6,54.4,57.7,57.7,62.7
רבין ק. השרון,52.6,2022-04-28T00:00:00.000Z,52.6,54.4,57.7,57.7,62.7
רבין ק. השרון,52.6,2022-04-28T00:00:00.000Z,52.6,54.4,57.7,57.7,62.7
רבין ק. השרון,52.6,2022-04-28T00:00:00.000Z,52.6,54.4,57.7,57.7,62.7
רבין ק. השרון,52.6,2022-04-28T00:00:00.000Z,52.6,54.4,57.7,57.7,62.7
רבין ק. השרון,52.6,2022-04-28T00:00:00.000Z,52.6,54.4,57.7,57.7,62.7
רבין ק. השרון,52.6,2022-04-28T00:00:00.000Z,52.6,54.4,57.7,57.7,62.7
רבין ק. השרון,52.6,2022-04-28T00:00:00.000Z,52.6,54.4,57.7,57.7,62.7
רבין ק. השרון,52.6,2022-04-28T00:00:00.000Z,52.6,54.4,57.7,57.7,62.7
רבין ק. השרון,52.6,2022-04-28T00:00:00.000Z,52.6,54.4,57.7,57.7,62.7
רבין ק. השרון,52.6,2022-04-28T00:00:00.000Z,52.6,54.4,57.7,57.7,62.7
המרכזי בעמק,99.4,2022-04-28T00:00:00.000Z,99.4,96.1,68.9,68.9,77.1
המרכזי בעמק,99.4,2022-04-28T00:00:00.000Z,99.4,96.1,68.9,68.9,77.1
המרכזי בעמק,99.4,2022-04-28T00:00:00.000Z,99.4,96.1,68.9,68.9,77.1
המרכזי בעמק,99.4,2022-04-28T00:00:00.000Z,99.4,96.1,68.9,68.9,77.1
המרכזי בעמק,99.4,2022-04-28T00:00:00.000Z,99.4,96.1,68.9,68.9,77.1
המרכזי בעמק,99.4,2022-04-28T00:00:00.000Z,99.4,96.1,68.9,68.9,77.1
המרכזי בעמק,99.4,2022-04-28T00:00:00.000Z,99.4,96.1,68.9,68.9,77.1
המרכזי בעמק,99.4,2022-04-28T00:00:00.000Z,99.4,96.1,68.9,68.9,77.1
המרכזי בעמק,99.4,2022-04-28T00:00:00.000Z,99.4,96.1,68.9,68.9,77.1
המרכזי בעמק,99.4,2022-04-28T00:00:00.000Z,99.4,96.1,68.9,68.9,77.1
המרכזי בעמק,99.4,2022-04-28T00:00:00.000Z,99.4,96.1,68.9,68.9,77.1
המרכזי בעמק,99.4,2022-04-28T00:00:00.000Z,99.4,96.1,68.9,68.9,77.1
המרכזי בעמק,99.4,2022-04-28T00:00:00.000Z,99.4,96.1,68.9,68.9,77.1
המרכזי בעמק,99.4,2022-04-28T00:00:00.000Z,99.4,96.1,68.9,68.9,77.1
המרכזי בעמק,99.4,2022-04-28T00:00:00.000Z,99.4,96.1,68.9,68.9,77.1
המרכזי בעמק,99.4,2022-04-28T00:00:00.000Z,99.4,96.1,68.9,68.9,77.1
המרכזי בעמק,99.4,2022-04-28T00:00:00.000Z,99.4,96.1,68.9,68.9,77.1
המרכזי בעמק,99.4,2022-04-28T00:00:00.000Z,99.4,96.1,68.9,68.9,77.1
המרכזי בעמק,99.4,2022-04-28T00:00:00.000Z,99.4,96.1,68.9,68.9,77.1
המרכזי בעמק,99.4,2022-04-28T00:00:00.000Z,99.4,96.1,68.9,68.9,77.1
המרכזי בעמק,99.4,2022-04-28T00:00:00.000Z,99.4,96.1,68.9,68.9,77.1
המרכזי בעמק,99.4,2022-04-28T00:00:00.000Z,99.4,96.1,68.9,68.9,77.1
המרכזי בעמק,99.4,2022-04-28T00:00:00.000Z,99.4,96.1,68.9,68.9,77.1
המרכזי בעמק,99.4,2022-04-28T00:00:00.000Z,99.4,96.1,68.9,68.9,77.1
המרכזי בעמק,99.4,2022-04-28T00:00:00.000Z,99.4,96.1,68.9,68.9,77.1
המרכזי בעמק,99.4,2022-04-28T00:00:00.000Z,99.4,96.1,68.9,68.9,77.1
המרכזי בעמק,99.4,2022-04-28T00:00:00.000Z,99.4,96.1,68.9,68.9,77.1
המרכזי בעמק,99.4,2022-04-28T00:00:00.000Z,99.4,96.1,68.9,68.9,77.1
המרכזי בעמק,99.4,2022-04-28T00:00:00.000Z,99.4,96.1,68.9,68.9,77.1
המרכזי בעמק,99.4,2022-04-28T00:00:00.000Z,99.4,96.1,68.9,68.9,77.1
המרכזי בעמק,99.4,2022-04-28T00:00:00.000Z,99.4,96.1,68.9,68.9,77.1
המרכזי בעמק,99.4,2022-04-28T00:00:00.000Z,99.4,96.1,68.9,68.9,77.1
המרכזי בעמק,99.4,2022-04-28T00:00:00.000Z,99.4,96.1,68.9,68.9,77.1
המרכזי בעמק,99.4,2022-04-28T00:00:00.000Z,99.4,96.1,68.9,68.9,77.1
המרכזי בעמק,99.4,2022-04-28T00:00:00.000Z,99.4,96.1,68.9,68.9,77.1
המרכזי בעמק,99.4,2022-04-28T00:00:00.000Z,99.4,96.1,68.9,68.9,77.1
המרכזי בעמק,99.4,2022-04-28T00:00:00.000Z,99.4,96.1,68.9,68.9,77.1
המרכזי בעמק,99.4,2022-04-28T00:00:00.000Z,99.4,96.1,68.9,68.9,77.1
המרכזי בעמק,99.4,2022-04-28T00:00:00.000Z,99.4,96.1,68.9,68.9,77.1
המרכזי בעמק,99.4,2022-04-28T00:00:00.000Z,99.4,96.1,68.9,68.9,77.1
המרכזי בעמק,99.4,2022-04-28T00:00:00.000Z,99.4,96.1,68.9,68.9,77.1
המרכזי בעמק,99.4,2022-04-28T00:00:00.000Z,99.4,96.1,68.9,68.9,77.1
המרכזי בעמק,99.4,2022-04-28T00:00:00.000Z,99.4,96.1,68.9,68.9,77.1
המרכזי בעמק,99.4,2022-04-28T00:00:00.000Z,99.4,96.1,68.9,68.9,77.1
המרכזי בעמק,99.4,2022-04-28T00:00:00.000Z,99.4,96.1,68.9,68.9,77.1
המרכזי בעמק,99.4,2022-04-28T00:00:00.000Z,99.4,96.1,68.9,68.9,77.1
המרכזי בעמק,99.4,2022-04-28T00:00:00.000Z,99.4,96.1,68.9,68.9,77.1
המרכזי בעמק,99.4,2022-04-28T00:00:00.000Z,99.4,96.1,68.9,68.9,77.1
המרכזי בעמק,99.4,2022-04-28T00:00:00.000Z,99.4,96.1,68.9,68.9,77.1
המרכזי בעמק,99.4,2022-04-28T00:00:00.000Z,99.4,96.1,68.9,68.9,77.1
המרכזי בעמק,99.4,2022-04-28T00:00:00.000Z,99.4,96.1,68.9,68.9,77.1
המרכזי בעמק,99.4,2022-04-28T00:00:00.000Z,99.4,96.1,68.9,68.9,77.1
המרכזי בעמק,99.4,2022-04-28T00:00:00.000Z,99.4,96.1,68.9,68.9,77.1
המרכזי בעמק,99.4,2022-04-28T00:00:00.000Z,99.4,96.1,68.9,68.9,77.1
המרכזי בעמק,99.4,2022-04-28T00:00:00.000Z,99.4,96.1,68.9,68.9,77.1
המרכזי בעמק,99.4,2022-04-28T00:00:00.000Z,99.4,96.1,68.9,68.9,77.1
המרכזי בעמק,99.4,2022-04-28T00:00:00.000Z,99.4,96.1,68.9,68.9,77.1
המרכזי בעמק,99.4,2022-04-28T00:00:00.000Z,99.4,96.1,68.9,68.9,77.1
המרכזי בעמק,99.4,2022-04-28T00:00:00.000Z,99.4,96.1,68.9,68.9,77.1
המרכזי בעמק,99.4,2022-04-28T00:00:00.000Z,99.4,96.1,68.9,68.9,77.1
המרכזי בעמק,99.4,2022-04-28T00:00:00.000Z,99.4,96.1,68.9,68.9,77.1
המרכזי בעמק,99.4,2022-04-28T00:00:00.000Z,99.4,96.1,68.9,68.9,77.1
המרכזי בעמק,99.4,2022-04-28T00:00:00.000Z,99.4,96.1,68.9,68.9,77.1
המרכזי בעמק,99.4,2022-04-28T00:00:00.000Z,99.4,96.1,68.9,68.9,77.1
המרכזי בעמק,99.4,2022-04-28T00:00:00.000Z,99.4,96.1,68.9,68.9,77.1
המרכזי בעמק,99.4,2022-04-28T00:00:00.000Z,99.4,96.1,68.9,68.9,77.1
המרכזי בעמק,99.4,2022-04-28T00:00:00.000Z,99.4,96.1,68.9,68.9,77.1
המרכזי בעמק,99.4,2022-04-28T00:00:00.000Z,99.4,96.1,68.9,68.9,77.1
המרכזי בעמק,99.4,2022-04-28T00:00:00.000Z,99.4,96.1,68.9,68.9,77.1
המרכזי בעמק,99.4,2022-04-28T00:00:00.000Z,99.4,96.1,68.9,68.9,77.1
המרכזי בעמק,99.4,2022-04-28T00:00:00.000Z,99.4,96.1,68.9,68.9,77.1
המרכזי בעמק,99.4,2022-04-28T00:00:00.000Z,99.4,96.1,68.9,68.9,77.1
המרכזי בעמק,99.4,2022-04-28T00:00:00.000Z,99.4,96.1,68.9,68.9,77.1
המרכזי בעמק,99.4,2022-04-28T00:00:00.000Z,99.4,96.1,68.9,68.9,77.1
המרכזי בעמק,99.4,2022-04-28T00:00:00.000Z,99.4,96.1,68.9,68.9,77.1
המרכזי בעמק,99.4,2022-04-28T00:00:00.000Z,99.4,96.1,68.9,68.9,77.1
המרכזי בעמק,99.4,2022-04-28T00:00:00.000Z,99.4,96.1,68.9,68.9,77.1
המרכזי בעמק,99.4,2022-04-28T00:00:00.000Z,99.4,96.1,68.9,68.9,77.1
המרכזי בעמק,99.4,2022-04-28T00:00:00.000Z,99.4,96.1,68.9,68.9,77.1
המרכזי בעמק,99.4,2022-04-28T00:00:00.000Z,99.4,96.1,68.9,68.9,77.1
המרכזי בעמק,99.4,2022-04-28T00:00:00.000Z,99.4,96.1,68.9,68.9,77.1
המרכזי בעמק,99.4,2022-04-28T00:00:00.000Z,99.4,96.1,68.9,68.9,77.1
המרכזי בעמק,99.4,2022-04-28T00:00:00.000Z,99.4,96.1,68.9,68.9,77.1
המרכזי בעמק,99.4,2022-04-28T00:00:00.000Z,99.4,96.1,68.9,68.9,77.1
המרכזי בעמק,99.4,2022-04-28T00:00:00.000Z,99.4,96.1,68.9,68.9,77.1
המרכזי בעמק,99.4,2022-04-28T00:00:00.000Z,99.4,96.1,68.9,68.9,77.1
המרכזי בעמק,99.4,2022-04-28T00:00:00.000Z,99.4,96.1,68.9,68.9,77.1
המרכזי בעמק,99.4,2022-04-28T00:00:00.000Z,99.4,96.1,68.9,68.9,77.1
המרכזי בעמק,99.4,2022-04-28T00:00:00.000Z,99.4,96.1,68.9,68.9,77.1
המרכזי בעמק,99.4,2022-04-28T00:00:00.000Z,99.4,96.1,68.9,68.9,77.1
המרכזי בעמק,99.4,2022-04-28T00:00:00.000Z,99.4,96.1,68.9,68.9,77.1
המרכזי בעמק,99.4,2022-04-28T00:00:00.000Z,99.4,96.1,68.9,68.9,77.1
המרכזי בעמק,99.4,2022-04-28T00:00:00.000Z,99.4,96.1,68.9,68.9,77.1
המרכזי בעמק,99.4,2022-04-28T00:00:00.000Z,99.4,96.1,68.9,68.9,77.1
המרכזי בעמק,99.4,2022-04-28T00:00:00.000Z,99.4,96.1,68.9,68.9,77.1
המרכזי בעמק,99.4,2022-04-28T00:00:00.000Z,99.4,96.1,68.9,68.9,77.1
המרכזי בעמק,99.4,2022-04-28T00:00:00.000Z,99.4,96.1,68.9,68.9,77.1
המרכזי בעמק,99.4,2022-04-28T00:00:00.000Z,99.4,96.1,68.9,68.9,77.1
המרכזי בעמק,99.4,2022-04-28T00:00:00.000Z,99.4,96.1,68.9,68.9,77.1
המרכזי בעמק,99.4,2022-04-28T00:00:00.000Z,99.4,96.1,68.9,68.9,77.1
המרכזי בעמק,99.4,2022-04-28T00:00:00.000Z,99.4,96.1,68.9,68.9,77.1
המרכזי בעמק,99.4,2022-04-28T00:00:00.000Z,99.4,96.1,68.9,68.9,77.1
המרכזי בעמק,99.4,2022-04-28T00:00:00.000Z,99.4,96.1,68.9,68.9,77.1
המרכזי בעמק,99.4,2022-04-28T00:00:00.000Z,99.4,96.1,68.9,68.9,77.1
המרכזי בעמק,99.4,2022-04-28T00:00:00.000Z,99.4,96.1,68.9,68.9,77.1
המרכזי בעמק,99.4,2022-04-28T00:00:00.000Z,99.4,96.1,68.9,68.9,77.1
המרכזי בעמק,99.4,2022-04-28T00:00:00.000Z,99.4,96.1,68.9,68.9,77.1
המרכזי בעמק,99.4,2022-04-28T00:00:00.000Z,99.4,96.1,68.9,68.9,77.1
המרכזי בעמק,99.4,2022-04-28T00:00:00.000Z,99.4,96.1,68.9,68.9,77.1
המרכזי בעמק,99.4,2022-04-28T00:00:00.000Z,99.4,96.1,68.9,68.9,77.1
המרכזי בעמק,99.4,2022-04-28T00:00:00.000Z,99.4,96.1,68.9,68.9,77.1
המרכזי בעמק,99.4,2022-04-28T00:00:00.000Z,99.4,96.1,68.9,68.9,77.1
המרכזי בעמק,99.4,2022-04-28T00:00:00.000Z,99.4,96.1,68.9,68.9,77.1
המרכזי בעמק,99.4,2022-04-28T00:00:00.000Z,99.4,96.1,68.9,68.9,77.1
המרכזי בעמק,99.4,2022-04-28T00:00:00.000Z,99.4,96.1,68.9,68.9,77.1
המרכזי בעמק,99.4,2022-04-28T00:00:00.000Z,99.4,96.1,68.9,68.9,77.1
המרכזי בעמק,99.4,2022-04-28T00:00:00.000Z,99.4,96.1,68.9,68.9,77.1
המרכזי בעמק,99.4,2022-04-28T00:00:00.000Z,99.4,96.1,68.9,68.9,77.1
המרכזי בעמק,99.4,2022-04-28T00:00:00.000Z,99.4,96.1,68.9,68.9,77.1
המרכזי בעמק,99.4,2022-04-28T00:00:00.000Z,99.4,96.1,68.9,68.9,77.1
המרכזי בעמק,99.4,2022-04-28T00:00:00.000Z,99.4,96.1,68.9,68.9,77.1
המרכזי בעמק,99.4,2022-04-28T00:00:00.000Z,99.4,96.1,68.9,68.9,77.1
המרכזי בעמק,99.4,2022-04-28T00:00:00.000Z,99.4,96.1,68.9,68.9,77.1
המרכזי בעמק,99.4,2022-04-28T00:00:00.000Z,99.4,96.1,68.9,68.9,77.1
המרכזי בעמק,99.4,2022-04-28T00:00:00.000Z,99.4,96.1,68.9,68.9,77.1
המרכזי בעמק,99.4,2022-04-28T00:00:00.000Z,99.4,96.1,68.9,68.9,77.1
המרכזי בעמק,99.4,2022-04-28T00:00:00.000Z,99.4,96.1,68.9,68.9,77.1
המרכזי בעמק,99.4,2022-04-28T00:00:00.000Z,99.4,96.1,68.9,68.9,77.1
המרכזי בעמק,99.4,2022-04-28T00:00:00.000Z,99.4,96.1,68.9,68.9,77.1
המרכזי בעמק,99.4,2022-04-28T00:00:00.000Z,99.4,96.1,68.9,68.9,77.1
המרכזי בעמק,99.4,2022-04-28T00:00:00.000Z,99.4,96.1,68.9,68.9,77.1
המרכזי בעמק,99.4,2022-04-28T00:00:00.000Z,99.4,96.1,68.9,68.9,77.1
המרכזי בעמק,99.4,2022-04-28T00:00:00.000Z,99.4,96.1,68.9,68.9,77.1
המרכזי בעמק,99.4,2022-04-28T00:00:00.000Z,99.4,96.1,68.9,68.9,77.1
המרכזי בעמק,99.4,2022-04-28T00:00:00.000Z,99.4,96.1,68.9,68.9,77.1
המרכזי בעמק,99.4,2022-04-28T00:00:00.000Z,99.4,96.1,68.9,68.9,77.1
המרכזי בעמק,99.4,2022-04-28T00:00:00.000Z,99.4,96.1,68.9,68.9,77.1
המרכזי בעמק,99.4,2022-04-28T00:00:00.000Z,99.4,96.1,68.9,68.9,77.1
המרכזי בעמק,99.4,2022-04-28T00:00:00.000Z,99.4,96.1,68.9,68.9,77.1
המרכזי בעמק,99.4,2022-04-28T00:00:00.000Z,99.4,96.1,68.9,68.9,77.1
המרכזי בעמק,99.4,2022-04-28T00:00:00.000Z,99.4,96.1,68.9,68.9,77.1
המרכזי בעמק,99.4,2022-04-28T00:00:00.000Z,99.4,96.1,68.9,68.9,77.1
המרכזי בעמק,99.4,2022-04-28T00:00:00.000Z,99.4,96.1,68.9,68.9,77.1
המרכזי בעמק,99.4,2022-04-28T00:00:00.000Z,99.4,96.1,68.9,68.9,77.1
המרכזי בעמק,99.4,2022-04-28T00:00:00.000Z,99.4,96.1,68.9,68.9,77.1
המרכזי בעמק,99.4,2022-04-28T00:00:00.000Z,99.4,96.1,68.9,68.9,77.1
המרכזי בעמק,99.4,2022-04-28T00:00:00.000Z,99.4,96.1,68.9,68.9,77.1
המרכזי בעמק,99.4,2022-04-28T00:00:00.000Z,99.4,96.1,68.9,68.9,77.1
המרכזי בעמק,99.4,2022-04-28T00:00:00.000Z,99.4,96.1,68.9,68.9,77.1
המרכזי בעמק,99.4,2022-04-28T00:00:00.000Z,99.4,96.1,68.9,68.9,77.1
המרכזי בעמק,99.4,2022-04-28T00:00:00.000Z,99.4,96.1,68.9,68.9,77.1
המרכזי בעמק,99.4,2022-04-28T00:00:00.000Z,99.4,96.1,68.9,68.9,77.1
המרכזי בעמק,99.4,2022-04-28T00:00:00.000Z,99.4,96.1,68.9,68.9,77.1
המרכזי בעמק,99.4,2022-04-28T00:00:00.000Z,99.4,96.1,68.9,68.9,77.1
המרכזי בעמק,99.4,2022-04-28T00:00:00.000Z,99.4,96.1,68.9,68.9,77.1
המרכזי בעמק,99.4,2022-04-28T00:00:00.000Z,99.4,96.1,68.9,68.9,77.1
המרכזי בעמק,99.4,2022-04-28T00:00:00.000Z,99.4,96.1,68.9,68.9,77.1
המרכזי בעמק,99.4,2022-04-28T00:00:00.000Z,99.4,96.1,68.9,68.9,77.1
המרכזי בעמק,99.4,2022-04-28T00:00:00.000Z,99.4,96.1,68.9,68.9,77.1
המרכזי בעמק,99.4,2022-04-28T00:00:00.000Z,99.4,96.1,68.9,68.9,77.1
המרכזי בעמק,99.4,2022-04-28T00:00:00.000Z,99.4,96.1,68.9,68.9,77.1
המרכזי בעמק,99.4,2022-04-28T00:00:00.000Z,99.4,96.1,68.9,68.9,77.1
המרכזי בעמק,99.4,2022-04-28T00:00:00.000Z,99.4,96.1,68.9,68.9,77.1
המרכזי בעמק,99.4,2022-04-28T00:00:00.000Z,99.4,96.1,68.9,68.9,77.1
המרכזי בעמק,99.4,2022-04-28T00:00:00.000Z,99.4,96.1,68.9,68.9,77.1
המרכזי בעמק,99.4,2022-04-28T00:00:00.000Z,99.4,96.1,68.9,68.9,77.1
המרכזי בעמק,99.4,2022-04-28T00:00:00.000Z,99.4,96.1,68.9,68.9,77.1
המרכזי בעמק,99.4,2022-04-28T00:00:00.000Z,99.4,96.1,68.9,68.9,77.1
המרכזי בעמק,99.4,2022-04-28T00:00:00.000Z,99.4,96.1,68.9,68.9,77.1
המרכזי בעמק,99.4,2022-04-28T00:00:00.000Z,99.4,96.1,68.9,68.9,77.1
המרכזי בעמק,99.4,2022-04-28T00:00:00.000Z,99.4,96.1,68.9,68.9,77.1
המרכזי בעמק,99.4,2022-04-28T00:00:00.000Z,99.4,96.1,68.9,68.9,77.1
המרכזי בעמק,99.4,2022-04-28T00:00:00.000Z,99.4,96.1,68.9,68.9,77.1
המרכזי בעמק,99.4,2022-04-28T00:00:00.000Z,99.4,96.1,68.9,68.9,77.1
המרכזי בעמק,99.4,2022-04-28T00:00:00.000Z,99.4,96.1,68.9,68.9,77.1
המרכזי בעמק,99.4,2022-04-28T00:00:00.000Z,99.4,96.1,68.9,68.9,77.1
המרכזי בעמק,99.4,2022-04-28T00:00:00.000Z,99.4,96.1,68.9,68.9,77.1
המרכזי בעמק,99.4,2022-04-28T00:00:00.000Z,99.4,96.1,68.9,68.9,77.1
המרכזי בעמק,99.4,2022-04-28T00:00:00.000Z,99.4,96.1,68.9,68.9,77.1
המרכזי בעמק,99.4,2022-04-28T00:00:00.000Z,99.4,96.1,68.9,68.9,77.1
המרכזי בעמק,99.4,2022-04-28T00:00:00.000Z,99.4,96.1,68.9,68.9,77.1
שמואל הרופא,94.4,2022-04-28T00:00:00.000Z,94.4,86.1,76.8,76.8,83
שמואל הרופא,94.4,2022-04-28T00:00:00.000Z,94.4,86.1,76.8,76.8,83
שמואל הרופא,94.4,2022-04-28T00:00:00.000Z,94.4,86.1,76.8,76.8,83
שמואל הרופא,94.4,2022-04-28T00:00:00.000Z,94.4,86.1,76.8,76.8,83
שמואל הרופא,94.4,2022-04-28T00:00:00.000Z,94.4,86.1,76.8,76.8,83
שמואל הרופא,94.4,2022-04-28T00:00:00.000Z,94.4,86.1,76.8,76.8,83
שמואל הרופא,94.4,2022-04-28T00:00:00.000Z,94.4,86.1,76.8,76.8,83
שמואל הרופא,94.4,2022-04-28T00:00:00.000Z,94.4,86.1,76.8,76.8,83
שמואל הרופא,94.4,2022-04-28T00:00:00.000Z,94.4,86.1,76.8,76.8,83
שמואל הרופא,94.4,2022-04-28T00:00:00.000Z,94.4,86.1,76.8,76.8,83
שמואל הרופא,94.4,2022-04-28T00:00:00.000Z,94.4,86.1,76.8,76.8,83
שמואל הרופא,94.4,2022-04-28T00:00:00.000Z,94.4,86.1,76.8,76.8,83
שמואל הרופא,94.4,2022-04-28T00:00:00.000Z,94.4,86.1,76.8,76.8,83
שמואל הרופא,94.4,2022-04-28T00:00:00.000Z,94.4,86.1,76.8,76.8,83
שמואל הרופא,94.4,2022-04-28T00:00:00.000Z,94.4,86.1,76.8,76.8,83
קפלן,74.7,2022-04-28T00:00:00.000Z,74.7,97.3,72.4,72.4,78
קפלן,74.7,2022-04-28T00:00:00.000Z,74.7,97.3,72.4,72.4,78
קפלן,74.7,2022-04-28T00:00:00.000Z,74.7,97.3,72.4,72.4,78
קפלן,74.7,2022-04-28T00:00:00.000Z,74.7,97.3,72.4,72.4,78
קפלן,74.7,2022-04-28T00:00:00.000Z,74.7,97.3,72.4,72.4,78
קפלן,74.7,2022-04-28T00:00:00.000Z,74.7,97.3,72.4,72.4,78
קפלן,74.7,2022-04-28T00:00:00.000Z,74.7,97.3,72.4,72.4,78
קפלן,74.7,2022-04-28T00:00:00.000Z,74.7,97.3,72.4,72.4,78
קפלן,74.7,2022-04-28T00:00:00.000Z,74.7,97.3,72.4,72.4,78
קפלן,74.7,2022-04-28T00:00:00.000Z,74.7,97.3,72.4,72.4,78
קפלן,74.7,2022-04-28T00:00:00.000Z,74.7,97.3,72.4,72.4,78
קפלן,74.7,2022-04-28T00:00:00.000Z,74.7,97.3,72.4,72.4,78
קפלן,74.7,2022-04-28T00:00:00.000Z,74.7,97.3,72.4,72.4,78
קפלן,74.7,2022-04-28T00:00:00.000Z,74.7,97.3,72.4,72.4,78
קפלן,74.7,2022-04-28T00:00:00.000Z,74.7,97.3,72.4,72.4,78
קפלן,74.7,2022-04-28T00:00:00.000Z,74.7,97.3,72.4,72.4,78
קפלן,74.7,2022-04-28T00:00:00.000Z,74.7,97.3,72.4,72.4,78
קפלן,74.7,2022-04-28T00:00:00.000Z,74.7,97.3,72.4,72.4,78
קפלן,74.7,2022-04-28T00:00:00.000Z,74.7,97.3,72.4,72.4,78
קפלן,74.7,2022-04-28T00:00:00.000Z,74.7,97.3,72.4,72.4,78
קפלן,74.7,2022-04-28T00:00:00.000Z,74.7,97.3,72.4,72.4,78
קפלן,74.7,2022-04-28T00:00:00.000Z,74.7,97.3,72.4,72.4,78
קפלן,74.7,2022-04-28T00:00:00.000Z,74.7,97.3,72.4,72.4,78
קפלן,74.7,2022-04-28T00:00:00.000Z,74.7,97.3,72.4,72.4,78
קפלן,74.7,2022-04-28T00:00:00.000Z,74.7,97.3,72.4,72.4,78
קפלן,74.7,2022-04-28T00:00:00.000Z,74.7,97.3,72.4,72.4,78
קפלן,74.7,2022-04-28T00:00:00.000Z,74.7,97.3,72.4,72.4,78
קפלן,74.7,2022-04-28T00:00:00.000Z,74.7,97.3,72.4,72.4,78
קפלן,74.7,2022-04-28T00:00:00.000Z,74.7,97.3,72.4,72.4,78
קפלן,74.7,2022-04-28T00:00:00.000Z,74.7,97.3,72.4,72.4,78
קפלן,74.7,2022-04-28T00:00:00.000Z,74.7,97.3,72.4,72.4,78
קפלן,74.7,2022-04-28T00:00:00.000Z,74.7,97.3,72.4,72.4,78
קפלן,74.7,2022-04-28T00:00:00.000Z,74.7,97.3,72.4,72.4,78
קפלן,74.7,2022-04-28T00:00:00.000Z,74.7,97.3,72.4,72.4,78
קפלן,74.7,2022-04-28T00:00:00.000Z,74.7,97.3,72.4,72.4,78
קפלן,74.7,2022-04-28T00:00:00.000Z,74.7,97.3,72.4,72.4,78
קפלן,74.7,2022-04-28T00:00:00.000Z,74.7,97.3,72.4,72.4,78
קפלן,74.7,2022-04-28T00:00:00.000Z,74.7,97.3,72.4,72.4,78
קפלן,74.7,2022-04-28T00:00:00.000Z,74.7,97.3,72.4,72.4,78
קפלן,74.7,2022-04-28T00:00:00.000Z,74.7,97.3,72.4,72.4,78
קפלן,74.7,2022-04-28T00:00:00.000Z,74.7,97.3,72.4,72.4,78
קפלן,74.7,2022-04-28T00:00:00.000Z,74.7,97.3,72.4,72.4,78
קפלן,74.7,2022-04-28T00:00:00.000Z,74.7,97.3,72.4,72.4,78
קפלן,74.7,2022-04-28T00:00:00.000Z,74.7,97.3,72.4,72.4,78
קפלן,74.7,2022-04-28T00:00:00.000Z,74.7,97.3,72.4,72.4,78
קפלן,74.7,2022-04-28T00:00:00.000Z,74.7,97.3,72.4,72.4,78
קפלן,74.7,2022-04-28T00:00:00.000Z,74.7,97.3,72.4,72.4,78
קפלן,74.7,2022-04-28T00:00:00.000Z,74.7,97.3,72.4,72.4,78
קפלן,74.7,2022-04-28T00:00:00.000Z,74.7,97.3,72.4,72.4,78
קפלן,74.7,2022-04-28T00:00:00.000Z,74.7,97.3,72.4,72.4,78
קפלן,74.7,2022-04-28T00:00:00.000Z,74.7,97.3,72.4,72.4,78
קפלן,74.7,2022-04-28T00:00:00.000Z,74.7,97.3,72.4,72.4,78
קפלן,74.7,2022-04-28T00:00:00.000Z,74.7,97.3,72.4,72.4,78
קפלן,74.7,2022-04-28T00:00:00.000Z,74.7,97.3,72.4,72.4,78
קפלן,74.7,2022-04-28T00:00:00.000Z,74.7,97.3,72.4,72.4,78
קפלן,74.7,2022-04-28T00:00:00.000Z,74.7,97.3,72.4,72.4,78
קפלן,74.7,2022-04-28T00:00:00.000Z,74.7,97.3,72.4,72.4,78
קפלן,74.7,2022-04-28T00:00:00.000Z,74.7,97.3,72.4,72.4,78
קפלן,74.7,2022-04-28T00:00:00.000Z,74.7,97.3,72.4,72.4,78
קפלן,74.7,2022-04-28T00:00:00.000Z,74.7,97.3,72.4,72.4,78
קפלן,74.7,2022-04-28T00:00:00.000Z,74.7,97.3,72.4,72.4,78
קפלן,74.7,2022-04-28T00:00:00.000Z,74.7,97.3,72.4,72.4,78
קפלן,74.7,2022-04-28T00:00:00.000Z,74.7,97.3,72.4,72.4,78
קפלן,74.7,2022-04-28T00:00:00.000Z,74.7,97.3,72.4,72.4,78
קפלן,74.7,2022-04-28T00:00:00.000Z,74.7,97.3,72.4,72.4,78
קפלן,74.7,2022-04-28T00:00:00.000Z,74.7,97.3,72.4,72.4,78
קפלן,74.7,2022-04-28T00:00:00.000Z,74.7,97.3,72.4,72.4,78
קפלן,74.7,2022-04-28T00:00:00.000Z,74.7,97.3,72.4,72.4,78
קפלן,74.7,2022-04-28T00:00:00.000Z,74.7,97.3,72.4,72.4,78
קפלן,74.7,2022-04-28T00:00:00.000Z,74.7,97.3,72.4,72.4,78
קפלן,74.7,2022-04-28T00:00:00.000Z,74.7,97.3,72.4,72.4,78
קפלן,74.7,2022-04-28T00:00:00.000Z,74.7,97.3,72.4,72.4,78
קפלן,74.7,2022-04-28T00:00:00.000Z,74.7,97.3,72.4,72.4,78
קפלן,74.7,2022-04-28T00:00:00.000Z,74.7,97.3,72.4,72.4,78
קפלן,74.7,2022-04-28T00:00:00.000Z,74.7,97.3,72.4,72.4,78
קפלן,74.7,2022-04-28T00:00:00.000Z,74.7,97.3,72.4,72.4,78
קפלן,74.7,2022-04-28T00:00:00.000Z,74.7,97.3,72.4,72.4,78
קפלן,74.7,2022-04-28T00:00:00.000Z,74.7,97.3,72.4,72.4,78
קפלן,74.7,2022-04-28T00:00:00.000Z,74.7,97.3,72.4,72.4,78
קפלן,74.7,2022-04-28T00:00:00.000Z,74.7,97.3,72.4,72.4,78
קפלן,74.7,2022-04-28T00:00:00.000Z,74.7,97.3,72.4,72.4,78
קפלן,74.7,2022-04-28T00:00:00.000Z,74.7,97.3,72.4,72.4,78
קפלן,74.7,2022-04-28T00:00:00.000Z,74.7,97.3,72.4,72.4,78
קפלן,74.7,2022-04-28T00:00:00.000Z,74.7,97.3,72.4,72.4,78
קפלן,74.7,2022-04-28T00:00:00.000Z,74.7,97.3,72.4,72.4,78
קפלן,74.7,2022-04-28T00:00:00.000Z,74.7,97.3,72.4,72.4,78
קפלן,74.7,2022-04-28T00:00:00.000Z,74.7,97.3,72.4,72.4,78
קפלן,74.7,2022-04-28T00:00:00.000Z,74.7,97.3,72.4,72.4,78
קפלן,74.7,2022-04-28T00:00:00.000Z,74.7,97.3,72.4,72.4,78
קפלן,74.7,2022-04-28T00:00:00.000Z,74.7,97.3,72.4,72.4,78
קפלן,74.7,2022-04-28T00:00:00.000Z,74.7,97.3,72.4,72.4,78
קפלן,74.7,2022-04-28T00:00:00.000Z,74.7,97.3,72.4,72.4,78
קפלן,74.7,2022-04-28T00:00:00.000Z,74.7,97.3,72.4,72.4,78
קפלן,74.7,2022-04-28T00:00:00.000Z,74.7,97.3,72.4,72.4,78
קפלן,74.7,2022-04-28T00:00:00.000Z,74.7,97.3,72.4,72.4,78
קפלן,74.7,2022-04-28T00:00:00.000Z,74.7,97.3,72.4,72.4,78
קפלן,74.7,2022-04-28T00:00:00.000Z,74.7,97.3,72.4,72.4,78
קפלן,74.7,2022-04-28T00:00:00.000Z,74.7,97.3,72.4,72.4,78
קפלן,74.7,2022-04-28T00:00:00.000Z,74.7,97.3,72.4,72.4,78
קפלן,74.7,2022-04-28T00:00:00.000Z,74.7,97.3,72.4,72.4,78
קפלן,74.7,2022-04-28T00:00:00.000Z,74.7,97.3,72.4,72.4,78
קפלן,74.7,2022-04-28T00:00:00.000Z,74.7,97.3,72.4,72.4,78
קפלן,74.7,2022-04-28T00:00:00.000Z,74.7,97.3,72.4,72.4,78
קפלן,74.7,2022-04-28T00:00:00.000Z,74.7,97.3,72.4,72.4,78
קפלן,74.7,2022-04-28T00:00:00.000Z,74.7,97.3,72.4,72.4,78
קפלן,74.7,2022-04-28T00:00:00.000Z,74.7,97.3,72.4,72.4,78
קפלן,74.7,2022-04-28T00:00:00.000Z,74.7,97.3,72.4,72.4,78
קפלן,74.7,2022-04-28T00:00:00.000Z,74.7,97.3,72.4,72.4,78
קפלן,74.7,2022-04-28T00:00:00.000Z,74.7,97.3,72.4,72.4,78
קפלן,74.7,2022-04-28T00:00:00.000Z,74.7,97.3,72.4,72.4,78
קפלן,74.7,2022-04-28T00:00:00.000Z,74.7,97.3,72.4,72.4,78
קפלן,74.7,2022-04-28T00:00:00.000Z,74.7,97.3,72.4,72.4,78
קפלן,74.7,2022-04-28T00:00:00.000Z,74.7,97.3,72.4,72.4,78
קפלן,74.7,2022-04-28T00:00:00.000Z,74.7,97.3,72.4,72.4,78
קפלן,74.7,2022-04-28T00:00:00.000Z,74.7,97.3,72.4,72.4,78
קפלן,74.7,2022-04-28T00:00:00.000Z,74.7,97.3,72.4,72.4,78
קפלן,74.7,2022-04-28T00:00:00.000Z,74.7,97.3,72.4,72.4,78
קפלן,74.7,2022-04-28T00:00:00.000Z,74.7,97.3,72.4,72.4,78
קפלן,74.7,2022-04-28T00:00:00.000Z,74.7,97.3,72.4,72.4,78
קפלן,74.7,2022-04-28T00:00:00.000Z,74.7,97.3,72.4,72.4,78
קפלן,74.7,2022-04-28T00:00:00.000Z,74.7,97.3,72.4,72.4,78
קפלן,74.7,2022-04-28T00:00:00.000Z,74.7,97.3,72.4,72.4,78
קפלן,74.7,2022-04-28T00:00:00.000Z,74.7,97.3,72.4,72.4,78
קפלן,74.7,2022-04-28T00:00:00.000Z,74.7,97.3,72.4,72.4,78
קפלן,74.7,2022-04-28T00:00:00.000Z,74.7,97.3,72.4,72.4,78
קפלן,74.7,2022-04-28T00:00:00.000Z,74.7,97.3,72.4,72.4,78
קפלן,74.7,2022-04-28T00:00:00.000Z,74.7,97.3,72.4,72.4,78
קפלן,74.7,2022-04-28T00:00:00.000Z,74.7,97.3,72.4,72.4,78
קפלן,74.7,2022-04-28T00:00:00.000Z,74.7,97.3,72.4,72.4,78
קפלן,74.7,2022-04-28T00:00:00.000Z,74.7,97.3,72.4,72.4,78
קפלן,74.7,2022-04-28T00:00:00.000Z,74.7,97.3,72.4,72.4,78
קפלן,74.7,2022-04-28T00:00:00.000Z,74.7,97.3,72.4,72.4,78
קפלן,74.7,2022-04-28T00:00:00.000Z,74.7,97.3,72.4,72.4,78
קפלן,74.7,2022-04-28T00:00:00.000Z,74.7,97.3,72.4,72.4,78
קפלן,74.7,2022-04-28T00:00:00.000Z,74.7,97.3,72.4,72.4,78
קפלן,74.7,2022-04-28T00:00:00.000Z,74.7,97.3,72.4,72.4,78
קפלן,74.7,2022-04-28T00:00:00.000Z,74.7,97.3,72.4,72.4,78
קפלן,74.7,2022-04-28T00:00:00.000Z,74.7,97.3,72.4,72.4,78
קפלן,74.7,2022-04-28T00:00:00.000Z,74.7,97.3,72.4,72.4,78
קפלן,74.7,2022-04-28T00:00:00.000Z,74.7,97.3,72.4,72.4,78
קפלן,74.7,2022-04-28T00:00:00.000Z,74.7,97.3,72.4,72.4,78
קפלן,74.7,2022-04-28T00:00:00.000Z,74.7,97.3,72.4,72.4,78
קפלן,74.7,2022-04-28T00:00:00.000Z,74.7,97.3,72.4,72.4,78
קפלן,74.7,2022-04-28T00:00:00.000Z,74.7,97.3,72.4,72.4,78
קפלן,74.7,2022-04-28T00:00:00.000Z,74.7,97.3,72.4,72.4,78
קפלן,74.7,2022-04-28T00:00:00.000Z,74.7,97.3,72.4,72.4,78
קפלן,74.7,2022-04-28T00:00:00.000Z,74.7,97.3,72.4,72.4,78
קפלן,74.7,2022-04-28T00:00:00.000Z,74.7,97.3,72.4,72.4,78
קפלן,74.7,2022-04-28T00:00:00.000Z,74.7,97.3,72.4,72.4,78
קפלן,74.7,2022-04-28T00:00:00.000Z,74.7,97.3,72.4,72.4,78
קפלן,74.7,2022-04-28T00:00:00.000Z,74.7,97.3,72.4,72.4,78
קפלן,74.7,2022-04-28T00:00:00.000Z,74.7,97.3,72.4,72.4,78
קפלן,74.7,2022-04-28T00:00:00.000Z,74.7,97.3,72.4,72.4,78
קפלן,74.7,2022-04-28T00:00:00.000Z,74.7,97.3,72.4,72.4,78
קפלן,74.7,2022-04-28T00:00:00.000Z,74.7,97.3,72.4,72.4,78
קפלן,74.7,2022-04-28T00:00:00.000Z,74.7,97.3,72.4,72.4,78
קפלן,74.7,2022-04-28T00:00:00.000Z,74.7,97.3,72.4,72.4,78
קפלן,74.7,2022-04-28T00:00:00.000Z,74.7,97.3,72.4,72.4,78
קפלן,74.7,2022-04-28T00:00:00.000Z,74.7,97.3,72.4,72.4,78
קפלן,74.7,2022-04-28T00:00:00.000Z,74.7,97.3,72.4,72.4,78
קפלן,74.7,2022-04-28T00:00:00.000Z,74.7,97.3,72.4,72.4,78
קפלן,74.7,2022-04-28T00:00:00.000Z,74.7,97.3,72.4,72.4,78
קפלן,74.7,2022-04-28T00:00:00.000Z,74.7,97.3,72.4,72.4,78
קפלן,74.7,2022-04-28T00:00:00.000Z,74.7,97.3,72.4,72.4,78
קפלן,74.7,2022-04-28T00:00:00.000Z,74.7,97.3,72.4,72.4,78
קפלן,74.7,2022-04-28T00:00:00.000Z,74.7,97.3,72.4,72.4,78
קפלן,74.7,2022-04-28T00:00:00.000Z,74.7,97.3,72.4,72.4,78
קפלן,74.7,2022-04-28T00:00:00.000Z,74.7,97.3,72.4,72.4,78
קפלן,74.7,2022-04-28T00:00:00.000Z,74.7,97.3,72.4,72.4,78
קפלן,74.7,2022-04-28T00:00:00.000Z,74.7,97.3,72.4,72.4,78
קפלן,74.7,2022-04-28T00:00:00.000Z,74.7,97.3,72.4,72.4,78
קפלן,74.7,2022-04-28T00:00:00.000Z,74.7,97.3,72.4,72.4,78
קפלן,74.7,2022-04-28T00:00:00.000Z,74.7,97.3,72.4,72.4,78
קפלן,74.7,2022-04-28T00:00:00.000Z,74.7,97.3,72.4,72.4,78
קפלן,74.7,2022-04-28T00:00:00.000Z,74.7,97.3,72.4,72.4,78
קפלן,74.7,2022-04-28T00:00:00.000Z,74.7,97.3,72.4,72.4,78
קפלן,74.7,2022-04-28T00:00:00.000Z,74.7,97.3,72.4,72.4,78
קפלן,74.7,2022-04-28T00:00:00.000Z,74.7,97.3,72.4,72.4,78
קפלן,74.7,2022-04-28T00:00:00.000Z,74.7,97.3,72.4,72.4,78
קפלן,74.7,2022-04-28T00:00:00.000Z,74.7,97.3,72.4,72.4,78
קפלן,74.7,2022-04-28T00:00:00.000Z,74.7,97.3,72.4,72.4,78
קפלן,74.7,2022-04-28T00:00:00.000Z,74.7,97.3,72.4,72.4,78
קפלן,74.7,2022-04-28T00:00:00.000Z,74.7,97.3,72.4,72.4,78
קפלן,74.7,2022-04-28T00:00:00.000Z,74.7,97.3,72.4,72.4,78
קפלן,74.7,2022-04-28T00:00:00.000Z,74.7,97.3,72.4,72.4,78
קפלן,74.7,2022-04-28T00:00:00.000Z,74.7,97.3,72.4,72.4,78
קפלן,74.7,2022-04-28T00:00:00.000Z,74.7,97.3,72.4,72.4,78
קפלן,74.7,2022-04-28T00:00:00.000Z,74.7,97.3,72.4,72.4,78
קפלן,74.7,2022-04-28T00:00:00.000Z,74.7,97.3,72.4,72.4,78
קפלן,74.7,2022-04-28T00:00:00.000Z,74.7,97.3,72.4,72.4,78
קפלן,74.7,2022-04-28T00:00:00.000Z,74.7,97.3,72.4,72.4,78
קפלן,74.7,2022-04-28T00:00:00.000Z,74.7,97.3,72.4,72.4,78
קפלן,74.7,2022-04-28T00:00:00.000Z,74.7,97.3,72.4,72.4,78
קפלן,74.7,2022-04-28T00:00:00.000Z,74.7,97.3,72.4,72.4,78
קפלן,74.7,2022-04-28T00:00:00.000Z,74.7,97.3,72.4,72.4,78
קפלן,74.7,2022-04-28T00:00:00.000Z,74.7,97.3,72.4,72.4,78
קפלן,74.7,2022-04-28T00:00:00.000Z,74.7,97.3,72.4,72.4,78
קפלן,74.7,2022-04-28T00:00:00.000Z,74.7,97.3,72.4,72.4,78
קפלן,74.7,2022-04-28T00:00:00.000Z,74.7,97.3,72.4,72.4,78
קפלן,74.7,2022-04-28T00:00:00.000Z,74.7,97.3,72.4,72.4,78
קפלן,74.7,2022-04-28T00:00:00.000Z,74.7,97.3,72.4,72.4,78
קפלן,74.7,2022-04-28T00:00:00.000Z,74.7,97.3,72.4,72.4,78
קפלן,74.7,2022-04-28T00:00:00.000Z,74.7,97.3,72.4,72.4,78
קפלן,74.7,2022-04-28T00:00:00.000Z,74.7,97.3,72.4,72.4,78
קפלן,74.7,2022-04-28T00:00:00.000Z,74.7,97.3,72.4,72.4,78
קפלן,74.7,2022-04-28T00:00:00.000Z,74.7,97.3,72.4,72.4,78
קפלן,74.7,2022-04-28T00:00:00.000Z,74.7,97.3,72.4,72.4,78
קפלן,74.7,2022-04-28T00:00:00.000Z,74.7,97.3,72.4,72.4,78
קפלן,74.7,2022-04-28T00:00:00.000Z,74.7,97.3,72.4,72.4,78
קפלן,74.7,2022-04-28T00:00:00.000Z,74.7,97.3,72.4,72.4,78
קפלן,74.7,2022-04-28T00:00:00.000Z,74.7,97.3,72.4,72.4,78
קפלן,74.7,2022-04-28T00:00:00.000Z,74.7,97.3,72.4,72.4,78
קפלן,74.7,2022-04-28T00:00:00.000Z,74.7,97.3,72.4,72.4,78
קפלן,74.7,2022-04-28T00:00:00.000Z,74.7,97.3,72.4,72.4,78
קפלן,74.7,2022-04-28T00:00:00.000Z,74.7,97.3,72.4,72.4,78
קפלן,74.7,2022-04-28T00:00:00.000Z,74.7,97.3,72.4,72.4,78
קפלן,74.7,2022-04-28T00:00:00.000Z,74.7,97.3,72.4,72.4,78
קפלן,74.7,2022-04-28T00:00:00.000Z,74.7,97.3,72.4,72.4,78
קפלן,74.7,2022-04-28T00:00:00.000Z,74.7,97.3,72.4,72.4,78
קפלן,74.7,2022-04-28T00:00:00.000Z,74.7,97.3,72.4,72.4,78
קפלן,74.7,2022-04-28T00:00:00.000Z,74.7,97.3,72.4,72.4,78
קפלן,74.7,2022-04-28T00:00:00.000Z,74.7,97.3,72.4,72.4,78
קפלן,74.7,2022-04-28T00:00:00.000Z,74.7,97.3,72.4,72.4,78
קפלן,74.7,2022-04-28T00:00:00.000Z,74.7,97.3,72.4,72.4,78
קפלן,74.7,2022-04-28T00:00:00.000Z,74.7,97.3,72.4,72.4,78
קפלן,74.7,2022-04-28T00:00:00.000Z,74.7,97.3,72.4,72.4,78
קפלן,74.7,2022-04-28T00:00:00.000Z,74.7,97.3,72.4,72.4,78
קפלן,74.7,2022-04-28T00:00:00.000Z,74.7,97.3,72.4,72.4,78
קפלן,74.7,2022-04-28T00:00:00.000Z,74.7,97.3,72.4,72.4,78
קפלן,74.7,2022-04-28T00:00:00.000Z,74.7,97.3,72.4,72.4,78
קפלן,74.7,2022-04-28T00:00:00.000Z,74.7,97.3,72.4,72.4,78
קפלן,74.7,2022-04-28T00:00:00.000Z,74.7,97.3,72.4,72.4,78
קפלן,74.7,2022-04-28T00:00:00.000Z,74.7,97.3,72.4,72.4,78
קפלן,74.7,2022-04-28T00:00:00.000Z,74.7,97.3,72.4,72.4,78
קפלן,74.7,2022-04-28T00:00:00.000Z,74.7,97.3,72.4,72.4,78
קפלן,74.7,2022-04-28T00:00:00.000Z,74.7,97.3,72.4,72.4,78
קפלן,74.7,2022-04-28T00:00:00.000Z,74.7,97.3,72.4,72.4,78
קפלן,74.7,2022-04-28T00:00:00.000Z,74.7,97.3,72.4,72.4,78
קפלן,74.7,2022-04-28T00:00:00.000Z,74.7,97.3,72.4,72.4,78
קפלן,74.7,2022-04-28T00:00:00.000Z,74.7,97.3,72.4,72.4,78
קפלן,74.7,2022-04-28T00:00:00.000Z,74.7,97.3,72.4,72.4,78
קפלן,74.7,2022-04-28T00:00:00.000Z,74.7,97.3,72.4,72.4,78
קפלן,74.7,2022-04-28T00:00:00.000Z,74.7,97.3,72.4,72.4,78
קפלן,74.7,2022-04-28T00:00:00.000Z,74.7,97.3,72.4,72.4,78
קפלן,74.7,2022-04-28T00:00:00.000Z,74.7,97.3,72.4,72.4,78
קפלן,74.7,2022-04-28T00:00:00.000Z,74.7,97.3,72.4,72.4,78
קפלן,74.7,2022-04-28T00:00:00.000Z,74.7,97.3,72.4,72.4,78
קפלן,74.7,2022-04-28T00:00:00.000Z,74.7,97.3,72.4,72.4,78
קפלן,74.7,2022-04-28T00:00:00.000Z,74.7,97.3,72.4,72.4,78
קפלן,74.7,2022-04-28T00:00:00.000Z,74.7,97.3,72.4,72.4,78
קפלן,74.7,2022-04-28T00:00:00.000Z,74.7,97.3,72.4,72.4,78
קפלן,74.7,2022-04-28T00:00:00.000Z,74.7,97.3,72.4,72.4,78
קפלן,74.7,2022-04-28T00:00:00.000Z,74.7,97.3,72.4,72.4,78
קפלן,74.7,2022-04-28T00:00:00.000Z,74.7,97.3,72.4,72.4,78
קפלן,74.7,2022-04-28T00:00:00.000Z,74.7,97.3,72.4,72.4,78
קפלן,74.7,2022-04-28T00:00:00.000Z,74.7,97.3,72.4,72.4,78
קפלן,74.7,2022-04-28T00:00:00.000Z,74.7,97.3,72.4,72.4,78
קפלן,74.7,2022-04-28T00:00:00.000Z,74.7,97.3,72.4,72.4,78
קפלן,74.7,2022-04-28T00:00:00.000Z,74.7,97.3,72.4,72.4,78
קפלן,74.7,2022-04-28T00:00:00.000Z,74.7,97.3,72.4,72.4,78
קפלן,74.7,2022-04-28T00:00:00.000Z,74.7,97.3,72.4,72.4,78
קפלן,74.7,2022-04-28T00:00:00.000Z,74.7,97.3,72.4,72.4,78
קפלן,74.7,2022-04-28T00:00:00.000Z,74.7,97.3,72.4,72.4,78
קפלן,74.7,2022-04-28T00:00:00.000Z,74.7,97.3,72.4,72.4,78
קפלן,74.7,2022-04-28T00:00:00.000Z,74.7,97.3,72.4,72.4,78
קפלן,74.7,2022-04-28T00:00:00.000Z,74.7,97.3,72.4,72.4,78
קפלן,74.7,2022-04-28T00:00:00.000Z,74.7,97.3,72.4,72.4,78
קפלן,74.7,2022-04-28T00:00:00.000Z,74.7,97.3,72.4,72.4,78
קפלן,74.7,2022-04-28T00:00:00.000Z,74.7,97.3,72.4,72.4,78
קפלן,74.7,2022-04-28T00:00:00.000Z,74.7,97.3,72.4,72.4,78
קפלן,74.7,2022-04-28T00:00:00.000Z,74.7,97.3,72.4,72.4,78
קפלן,74.7,2022-04-28T00:00:00.000Z,74.7,97.3,72.4,72.4,78
קפלן,74.7,2022-04-28T00:00:00.000Z,74.7,97.3,72.4,72.4,78
קפלן,74.7,2022-04-28T00:00:00.000Z,74.7,97.3,72.4,72.4,78
קפלן,74.7,2022-04-28T00:00:00.000Z,74.7,97.3,72.4,72.4,78
קפלן,74.7,2022-04-28T00:00:00.000Z,74.7,97.3,72.4,72.4,78
קפלן,74.7,2022-04-28T00:00:00.000Z,74.7,97.3,72.4,72.4,78
קפלן,74.7,2022-04-28T00:00:00.000Z,74.7,97.3,72.4,72.4,78
קפלן,74.7,2022-04-28T00:00:00.000Z,74.7,97.3,72.4,72.4,78
קפלן,74.7,2022-04-28T00:00:00.000Z,74.7,97.3,72.4,72.4,78
קפלן,74.7,2022-04-28T00:00:00.000Z,74.7,97.3,72.4,72.4,78
קפלן,74.7,2022-04-28T00:00:00.000Z,74.7,97.3,72.4,72.4,78
קפלן,74.7,2022-04-28T00:00:00.000Z,74.7,97.3,72.4,72.4,78
קפלן,74.7,2022-04-28T00:00:00.000Z,74.7,97.3,72.4,72.4,78
קפלן,74.7,2022-04-28T00:00:00.000Z,74.7,97.3,72.4,72.4,78
קפלן,74.7,2022-04-28T00:00:00.000Z,74.7,97.3,72.4,72.4,78
קפלן,74.7,2022-04-28T00:00:00.000Z,74.7,97.3,72.4,72.4,78
קפלן,74.7,2022-04-28T00:00:00.000Z,74.7,97.3,72.4,72.4,78
קפלן,74.7,2022-04-28T00:00:00.000Z,74.7,97.3,72.4,72.4,78
קפלן,74.7,2022-04-28T00:00:00.000Z,74.7,97.3,72.4,72.4,78
קפלן,74.7,2022-04-28T00:00:00.000Z,74.7,97.3,72.4,72.4,78
קפלן,74.7,2022-04-28T00:00:00.000Z,74.7,97.3,72.4,72.4,78
קפלן,74.7,2022-04-28T00:00:00.000Z,74.7,97.3,72.4,72.4,78
קפלן,74.7,2022-04-28T00:00:00.000Z,74.7,97.3,72.4,72.4,78
קפלן,74.7,2022-04-28T00:00:00.000Z,74.7,97.3,72.4,72.4,78
קפלן,74.7,2022-04-28T00:00:00.000Z,74.7,97.3,72.4,72.4,78
קפלן,74.7,2022-04-28T00:00:00.000Z,74.7,97.3,72.4,72.4,78
קפלן,74.7,2022-04-28T00:00:00.000Z,74.7,97.3,72.4,72.4,78
קפלן,74.7,2022-04-28T00:00:00.000Z,74.7,97.3,72.4,72.4,78
קפלן,74.7,2022-04-28T00:00:00.000Z,74.7,97.3,72.4,72.4,78
קפלן,74.7,2022-04-28T00:00:00.000Z,74.7,97.3,72.4,72.4,78
קפלן,74.7,2022-04-28T00:00:00.000Z,74.7,97.3,72.4,72.4,78
קפלן,74.7,2022-04-28T00:00:00.000Z,74.7,97.3,72.4,72.4,78
קפלן,74.7,2022-04-28T00:00:00.000Z,74.7,97.3,72.4,72.4,78
קפלן,74.7,2022-04-28T00:00:00.000Z,74.7,97.3,72.4,72.4,78
קפלן,74.7,2022-04-28T00:00:00.000Z,74.7,97.3,72.4,72.4,78
קפלן,74.7,2022-04-28T00:00:00.000Z,74.7,97.3,72.4,72.4,78
קפלן,74.7,2022-04-28T00:00:00.000Z,74.7,97.3,72.4,72.4,78
קפלן,74.7,2022-04-28T00:00:00.000Z,74.7,97.3,72.4,72.4,78
קפלן,74.7,2022-04-28T00:00:00.000Z,74.7,97.3,72.4,72.4,78
קפלן,74.7,2022-04-28T00:00:00.000Z,74.7,97.3,72.4,72.4,78
קפלן,74.7,2022-04-28T00:00:00.000Z,74.7,97.3,72.4,72.4,78
קפלן,74.7,2022-04-28T00:00:00.000Z,74.7,97.3,72.4,72.4,78
קפלן,74.7,2022-04-28T00:00:00.000Z,74.7,97.3,72.4,72.4,78
קפלן,74.7,2022-04-28T00:00:00.000Z,74.7,97.3,72.4,72.4,78
קפלן,74.7,2022-04-28T00:00:00.000Z,74.7,97.3,72.4,72.4,78
קפלן,74.7,2022-04-28T00:00:00.000Z,74.7,97.3,72.4,72.4,78
רבין ק. בילינסון,111.5,2022-04-28T00:00:00.000Z,111.5,102.6,91.5,91.5,93.4
רבין ק. בילינסון,111.5,2022-04-28T00:00:00.000Z,111.5,102.6,91.5,91.5,93.4
רבין ק. בילינסון,111.5,2022-04-28T00:00:00.000Z,111.5,102.6,91.5,91.5,93.4
רבין ק. בילינסון,111.5,2022-04-28T00:00:00.000Z,111.5,102.6,91.5,91.5,93.4
רבין ק. בילינסון,111.5,2022-04-28T00:00:00.000Z,111.5,102.6,91.5,91.5,93.4
רבין ק. בילינסון,111.5,2022-04-28T00:00:00.000Z,111.5,102.6,91.5,91.5,93.4
רבין ק. בילינסון,111.5,2022-04-28T00:00:00.000Z,111.5,102.6,91.5,91.5,93.4
רבין ק. בילינסון,111.5,2022-04-28T00:00:00.000Z,111.5,102.6,91.5,91.5,93.4
רבין ק. בילינסון,111.5,2022-04-28T00:00:00.000Z,111.5,102.6,91.5,91.5,93.4
רבין ק. בילינסון,111.5,2022-04-28T00:00:00.000Z,111.5,102.6,91.5,91.5,93.4
רבין ק. בילינסון,111.5,2022-04-28T00:00:00.000Z,111.5,102.6,91.5,91.5,93.4
רבין ק. בילינסון,111.5,2022-04-28T00:00:00.000Z,111.5,102.6,91.5,91.5,93.4
רבין ק. בילינסון,111.5,2022-04-28T00:00:00.000Z,111.5,102.6,91.5,91.5,93.4
רבין ק. בילינסון,111.5,2022-04-28T00:00:00.000Z,111.5,102.6,91.5,91.5,93.4
רבין ק. בילינסון,111.5,2022-04-28T00:00:00.000Z,111.5,102.6,91.5,91.5,93.4
רבין ק. בילינסון,111.5,2022-04-28T00:00:00.000Z,111.5,102.6,91.5,91.5,93.4
רבין ק. בילינסון,111.5,2022-04-28T00:00:00.000Z,111.5,102.6,91.5,91.5,93.4
רבין ק. בילינסון,111.5,2022-04-28T00:00:00.000Z,111.5,102.6,91.5,91.5,93.4
רבין ק. בילינסון,111.5,2022-04-28T00:00:00.000Z,111.5,102.6,91.5,91.5,93.4
רבין ק. בילינסון,111.5,2022-04-28T00:00:00.000Z,111.5,102.6,91.5,91.5,93.4
רבין ק. בילינסון,111.5,2022-04-28T00:00:00.000Z,111.5,102.6,91.5,91.5,93.4
רבין ק. בילינסון,111.5,2022-04-28T00:00:00.000Z,111.5,102.6,91.5,91.5,93.4
רבין ק. בילינסון,111.5,2022-04-28T00:00:00.000Z,111.5,102.6,91.5,91.5,93.4
רבין ק. בילינסון,111.5,2022-04-28T00:00:00.000Z,111.5,102.6,91.5,91.5,93.4
רבין ק. בילינסון,111.5,2022-04-28T00:00:00.000Z,111.5,102.6,91.5,91.5,93.4
רבין ק. בילינסון,111.5,2022-04-28T00:00:00.000Z,111.5,102.6,91.5,91.5,93.4
רבין ק. בילינסון,111.5,2022-04-28T00:00:00.000Z,111.5,102.6,91.5,91.5,93.4
רבין ק. בילינסון,111.5,2022-04-28T00:00:00.000Z,111.5,102.6,91.5,91.5,93.4
פוריה,67.9,2022-04-28T00:00:00.000Z,67.9,62.8,78,78,73
פוריה,67.9,2022-04-28T00:00:00.000Z,67.9,62.8,78,78,73
פוריה,67.9,2022-04-28T00:00:00.000Z,67.9,62.8,78,78,73
פוריה,67.9,2022-04-28T00:00:00.000Z,67.9,62.8,78,78,73
פוריה,67.9,2022-04-28T00:00:00.000Z,67.9,62.8,78,78,73
פוריה,67.9,2022-04-28T00:00:00.000Z,67.9,62.8,78,78,73
פוריה,67.9,2022-04-28T00:00:00.000Z,67.9,62.8,78,78,73
פוריה,67.9,2022-04-28T00:00:00.000Z,67.9,62.8,78,78,73
פוריה,67.9,2022-04-28T00:00:00.000Z,67.9,62.8,78,78,73
פוריה,67.9,2022-04-28T00:00:00.000Z,67.9,62.8,78,78,73
פוריה,67.9,2022-04-28T00:00:00.000Z,67.9,62.8,78,78,73
פוריה,67.9,2022-04-28T00:00:00.000Z,67.9,62.8,78,78,73
פוריה,67.9,2022-04-28T00:00:00.000Z,67.9,62.8,78,78,73
פוריה,67.9,2022-04-28T00:00:00.000Z,67.9,62.8,78,78,73
פוריה,67.9,2022-04-28T00:00:00.000Z,67.9,62.8,78,78,73
פוריה,67.9,2022-04-28T00:00:00.000Z,67.9,62.8,78,78,73
פוריה,67.9,2022-04-28T00:00:00.000Z,67.9,62.8,78,78,73
פוריה,67.9,2022-04-28T00:00:00.000Z,67.9,62.8,78,78,73
פוריה,67.9,2022-04-28T00:00:00.000Z,67.9,62.8,78,78,73
פוריה,67.9,2022-04-28T00:00:00.000Z,67.9,62.8,78,78,73
פוריה,67.9,2022-04-28T00:00:00.000Z,67.9,62.8,78,78,73
פוריה,67.9,2022-04-28T00:00:00.000Z,67.9,62.8,78,78,73
פוריה,67.9,2022-04-28T00:00:00.000Z,67.9,62.8,78,78,73
פוריה,67.9,2022-04-28T00:00:00.000Z,67.9,62.8,78,78,73
פוריה,67.9,2022-04-28T00:00:00.000Z,67.9,62.8,78,78,73
פוריה,67.9,2022-04-28T00:00:00.000Z,67.9,62.8,78,78,73
פוריה,67.9,2022-04-28T00:00:00.000Z,67.9,62.8,78,78,73
פוריה,67.9,2022-04-28T00:00:00.000Z,67.9,62.8,78,78,73
פוריה,67.9,2022-04-28T00:00:00.000Z,67.9,62.8,78,78,73
פוריה,67.9,2022-04-28T00:00:00.000Z,67.9,62.8,78,78,73
פוריה,67.9,2022-04-28T00:00:00.000Z,67.9,62.8,78,78,73
הכרמל,60.4,2022-04-28T00:00:00.000Z,60.4,67.9,75.9,75.9,79.6
סורוקה,59.7,2022-04-28T00:00:00.000Z,59.7,68.6,68.4,68.4,75.8
סורוקה,59.7,2022-04-28T00:00:00.000Z,59.7,68.6,68.4,68.4,75.8
סורוקה,59.7,2022-04-28T00:00:00.000Z,59.7,68.6,68.4,68.4,75.8
סורוקה,59.7,2022-04-28T00:00:00.000Z,59.7,68.6,68.4,68.4,75.8
סורוקה,59.7,2022-04-28T00:00:00.000Z,59.7,68.6,68.4,68.4,75.8
סורוקה,59.7,2022-04-28T00:00:00.000Z,59.7,68.6,68.4,68.4,75.8
סורוקה,59.7,2022-04-28T00:00:00.000Z,59.7,68.6,68.4,68.4,75.8
סורוקה,59.7,2022-04-28T00:00:00.000Z,59.7,68.6,68.4,68.4,75.8
סורוקה,59.7,2022-04-28T00:00:00.000Z,59.7,68.6,68.4,68.4,75.8
סורוקה,59.7,2022-04-28T00:00:00.000Z,59.7,68.6,68.4,68.4,75.8
סורוקה,59.7,2022-04-28T00:00:00.000Z,59.7,68.6,68.4,68.4,75.8
סורוקה,59.7,2022-04-28T00:00:00.000Z,59.7,68.6,68.4,68.4,75.8
סורוקה,59.7,2022-04-28T00:00:00.000Z,59.7,68.6,68.4,68.4,75.8
סורוקה,59.7,2022-04-28T00:00:00.000Z,59.7,68.6,68.4,68.4,75.8
סורוקה,59.7,2022-04-28T00:00:00.000Z,59.7,68.6,68.4,68.4,75.8
סורוקה,59.7,2022-04-28T00:00:00.000Z,59.7,68.6,68.4,68.4,75.8
סורוקה,59.7,2022-04-28T00:00:00.000Z,59.7,68.6,68.4,68.4,75.8
סורוקה,59.7,2022-04-28T00:00:00.000Z,59.7,68.6,68.4,68.4,75.8
סורוקה,59.7,2022-04-28T00:00:00.000Z,59.7,68.6,68.4,68.4,75.8
סורוקה,59.7,2022-04-28T00:00:00.000Z,59.7,68.6,68.4,68.4,75.8
סורוקה,59.7,2022-04-28T00:00:00.000Z,59.7,68.6,68.4,68.4,75.8
סורוקה,59.7,2022-04-28T00:00:00.000Z,59.7,68.6,68.4,68.4,75.8
סורוקה,59.7,2022-04-28T00:00:00.000Z,59.7,68.6,68.4,68.4,75.8
סורוקה,59.7,2022-04-28T00:00:00.000Z,59.7,68.6,68.4,68.4,75.8
סורוקה,59.7,2022-04-28T00:00:00.000Z,59.7,68.6,68.4,68.4,75.8
סורוקה,59.7,2022-04-28T00:00:00.000Z,59.7,68.6,68.4,68.4,75.8
סורוקה,59.7,2022-04-28T00:00:00.000Z,59.7,68.6,68.4,68.4,75.8
סורוקה,59.7,2022-04-28T00:00:00.000Z,59.7,68.6,68.4,68.4,75.8
סורוקה,59.7,2022-04-28T00:00:00.000Z,59.7,68.6,68.4,68.4,75.8
סורוקה,59.7,2022-04-28T00:00:00.000Z,59.7,68.6,68.4,68.4,75.8
סורוקה,59.7,2022-04-28T00:00:00.000Z,59.7,68.6,68.4,68.4,75.8
סורוקה,59.7,2022-04-28T00:00:00.000Z,59.7,68.6,68.4,68.4,75.8
סורוקה,59.7,2022-04-28T00:00:00.000Z,59.7,68.6,68.4,68.4,75.8
סורוקה,59.7,2022-04-28T00:00:00.000Z,59.7,68.6,68.4,68.4,75.8
איכילוב,80.7,2022-04-28T00:00:00.000Z,80.7,89.7,115.2,115.2,121.2
איכילוב,80.7,2022-04-28T00:00:00.000Z,80.7,89.7,115.2,115.2,121.2
איכילוב,80.7,2022-04-28T00:00:00.000Z,80.7,89.7,115.2,115.2,121.2
איכילוב,80.7,2022-04-28T00:00:00.000Z,80.7,89.7,115.2,115.2,121.2
איכילוב,80.7,2022-04-28T00:00:00.000Z,80.7,89.7,115.2,115.2,121.2
איכילוב,80.7,2022-04-28T00:00:00.000Z,80.7,89.7,115.2,115.2,121.2
איכילוב,80.7,2022-04-28T00:00:00.000Z,80.7,89.7,115.2,115.2,121.2
איכילוב,80.7,2022-04-28T00:00:00.000Z,80.7,89.7,115.2,115.2,121.2
איכילוב,80.7,2022-04-28T00:00:00.000Z,80.7,89.7,115.2,115.2,121.2
איכילוב,80.7,2022-04-28T00:00:00.000Z,80.7,89.7,115.2,115.2,121.2
איכילוב,80.7,2022-04-28T00:00:00.000Z,80.7,89.7,115.2,115.2,121.2
איכילוב,80.7,2022-04-28T00:00:00.000Z,80.7,89.7,115.2,115.2,121.2
איכילוב,80.7,2022-04-28T00:00:00.000Z,80.7,89.7,115.2,115.2,121.2
איכילוב,80.7,2022-04-28T00:00:00.000Z,80.7,89.7,115.2,115.2,121.2
איכילוב,80.7,2022-04-28T00:00:00.000Z,80.7,89.7,115.2,115.2,121.2
איכילוב,80.7,2022-04-28T00:00:00.000Z,80.7,89.7,115.2,115.2,121.2
איכילוב,80.7,2022-04-28T00:00:00.000Z,80.7,89.7,115.2,115.2,121.2
איכילוב,80.7,2022-04-28T00:00:00.000Z,80.7,89.7,115.2,115.2,121.2
איכילוב,80.7,2022-04-28T00:00:00.000Z,80.7,89.7,115.2,115.2,121.2
איכילוב,80.7,2022-04-28T00:00:00.000Z,80.7,89.7,115.2,115.2,121.2
איכילוב,80.7,2022-04-28T00:00:00.000Z,80.7,89.7,115.2,115.2,121.2
איכילוב,80.7,2022-04-28T00:00:00.000Z,80.7,89.7,115.2,115.2,121.2
איכילוב,80.7,2022-04-28T00:00:00.000Z,80.7,89.7,115.2,115.2,121.2
איכילוב,80.7,2022-04-28T00:00:00.000Z,80.7,89.7,115.2,115.2,121.2
איכילוב,80.7,2022-04-28T00:00:00.000Z,80.7,89.7,115.2,115.2,121.2
איכילוב,80.7,2022-04-28T00:00:00.000Z,80.7,89.7,115.2,115.2,121.2
איכילוב,80.7,2022-04-28T00:00:00.000Z,80.7,89.7,115.2,115.2,121.2
איכילוב,80.7,2022-04-28T00:00:00.000Z,80.7,89.7,115.2,115.2,121.2
איכילוב,80.7,2022-04-28T00:00:00.000Z,80.7,89.7,115.2,115.2,121.2
איכילוב,80.7,2022-04-28T00:00:00.000Z,80.7,89.7,115.2,115.2,121.2
איכילוב,80.7,2022-04-28T00:00:00.000Z,80.7,89.7,115.2,115.2,121.2
איכילוב,80.7,2022-04-28T00:00:00.000Z,80.7,89.7,115.2,115.2,121.2
איכילוב,80.7,2022-04-28T00:00:00.000Z,80.7,89.7,115.2,115.2,121.2
איכילוב,80.7,2022-04-28T00:00:00.000Z,80.7,89.7,115.2,115.2,121.2
איכילוב,80.7,2022-04-28T00:00:00.000Z,80.7,89.7,115.2,115.2,121.2
סורוקה,59.7,2022-04-28T00:00:00.000Z,59.7,68.6,68.4,68.4,75.8
סורוקה,59.7,2022-04-28T00:00:00.000Z,59.7,68.6,68.4,68.4,75.8
סורוקה,59.7,2022-04-28T00:00:00.000Z,59.7,68.6,68.4,68.4,75.8
סורוקה,59.7,2022-04-28T00:00:00.000Z,59.7,68.6,68.4,68.4,75.8
סורוקה,59.7,2022-04-28T00:00:00.000Z,59.7,68.6,68.4,68.4,75.8
סורוקה,59.7,2022-04-28T00:00:00.000Z,59.7,68.6,68.4,68.4,75.8
סורוקה,59.7,2022-04-28T00:00:00.000Z,59.7,68.6,68.4,68.4,75.8
סורוקה,59.7,2022-04-28T00:00:00.000Z,59.7,68.6,68.4,68.4,75.8
סורוקה,59.7,2022-04-28T00:00:00.000Z,59.7,68.6,68.4,68.4,75.8
סורוקה,59.7,2022-04-28T00:00:00.000Z,59.7,68.6,68.4,68.4,75.8
סורוקה,59.7,2022-04-28T00:00:00.000Z,59.7,68.6,68.4,68.4,75.8
סורוקה,59.7,2022-04-28T00:00:00.000Z,59.7,68.6,68.4,68.4,75.8
סורוקה,59.7,2022-04-28T00:00:00.000Z,59.7,68.6,68.4,68.4,75.8
סורוקה,59.7,2022-04-28T00:00:00.000Z,59.7,68.6,68.4,68.4,75.8
סורוקה,59.7,2022-04-28T00:00:00.000Z,59.7,68.6,68.4,68.4,75.8
סורוקה,59.7,2022-04-28T00:00:00.000Z,59.7,68.6,68.4,68.4,75.8
סורוקה,59.7,2022-04-28T00:00:00.000Z,59.7,68.6,68.4,68.4,75.8
סורוקה,59.7,2022-04-28T00:00:00.000Z,59.7,68.6,68.4,68.4,75.8
סורוקה,59.7,2022-04-28T00:00:00.000Z,59.7,68.6,68.4,68.4,75.8
סורוקה,59.7,2022-04-28T00:00:00.000Z,59.7,68.6,68.4,68.4,75.8
סורוקה,59.7,2022-04-28T00:00:00.000Z,59.7,68.6,68.4,68.4,75.8
סורוקה,59.7,2022-04-28T00:00:00.000Z,59.7,68.6,68.4,68.4,75.8
סורוקה,59.7,2022-04-28T00:00:00.000Z,59.7,68.6,68.4,68.4,75.8
סורוקה,59.7,2022-04-28T00:00:00.000Z,59.7,68.6,68.4,68.4,75.8
סורוקה,59.7,2022-04-28T00:00:00.000Z,59.7,68.6,68.4,68.4,75.8
סורוקה,59.7,2022-04-28T00:00:00.000Z,59.7,68.6,68.4,68.4,75.8
סורוקה,59.7,2022-04-28T00:00:00.000Z,59.7,68.6,68.4,68.4,75.8
סורוקה,59.7,2022-04-28T00:00:00.000Z,59.7,68.6,68.4,68.4,75.8
סורוקה,59.7,2022-04-28T00:00:00.000Z,59.7,68.6,68.4,68.4,75.8
סורוקה,59.7,2022-04-28T00:00:00.000Z,59.7,68.6,68.4,68.4,75.8
סורוקה,59.7,2022-04-28T00:00:00.000Z,59.7,68.6,68.4,68.4,75.8
סורוקה,59.7,2022-04-28T00:00:00.000Z,59.7,68.6,68.4,68.4,75.8
סורוקה,59.7,2022-04-28T00:00:00.000Z,59.7,68.6,68.4,68.4,75.8
מאיר,67.5,2022-04-28T00:00:00.000Z,67.5,70.5,76.1,76.1,82.4
מאיר,67.5,2022-04-28T00:00:00.000Z,67.5,70.5,76.1,76.1,82.4
מאיר,67.5,2022-04-28T00:00:00.000Z,67.5,70.5,76.1,76.1,82.4
מאיר,67.5,2022-04-28T00:00:00.000Z,67.5,70.5,76.1,76.1,82.4
מאיר,67.5,2022-04-28T00:00:00.000Z,67.5,70.5,76.1,76.1,82.4
מאיר,67.5,2022-04-28T00:00:00.000Z,67.5,70.5,76.1,76.1,82.4
מאיר,67.5,2022-04-28T00:00:00.000Z,67.5,70.5,76.1,76.1,82.4
מאיר,67.5,2022-04-28T00:00:00.000Z,67.5,70.5,76.1,76.1,82.4
מאיר,67.5,2022-04-28T00:00:00.000Z,67.5,70.5,76.1,76.1,82.4
מאיר,67.5,2022-04-28T00:00:00.000Z,67.5,70.5,76.1,76.1,82.4
מאיר,67.5,2022-04-28T00:00:00.000Z,67.5,70.5,76.1,76.1,82.4
מאיר,67.5,2022-04-28T00:00:00.000Z,67.5,70.5,76.1,76.1,82.4
מאיר,67.5,2022-04-28T00:00:00.000Z,67.5,70.5,76.1,76.1,82.4
מאיר,67.5,2022-04-28T00:00:00.000Z,67.5,70.5,76.1,76.1,82.4
מאיר,67.5,2022-04-28T00:00:00.000Z,67.5,70.5,76.1,76.1,82.4
מאיר,67.5,2022-04-28T00:00:00.000Z,67.5,70.5,76.1,76.1,82.4
מאיר,67.5,2022-04-28T00:00:00.000Z,67.5,70.5,76.1,76.1,82.4
מאיר,67.5,2022-04-28T00:00:00.000Z,67.5,70.5,76.1,76.1,82.4
מאיר,67.5,2022-04-28T00:00:00.000Z,67.5,70.5,76.1,76.1,82.4
מאיר,67.5,2022-04-28T00:00:00.000Z,67.5,70.5,76.1,76.1,82.4
מאיר,67.5,2022-04-28T00:00:00.000Z,67.5,70.5,76.1,76.1,82.4
מאיר,67.5,2022-04-28T00:00:00.000Z,67.5,70.5,76.1,76.1,82.4
מאיר,67.5,2022-04-28T00:00:00.000Z,67.5,70.5,76.1,76.1,82.4
מאיר,67.5,2022-04-28T00:00:00.000Z,67.5,70.5,76.1,76.1,82.4
מאיר,67.5,2022-04-28T00:00:00.000Z,67.5,70.5,76.1,76.1,82.4
מאיר,67.5,2022-04-28T00:00:00.000Z,67.5,70.5,76.1,76.1,82.4
מאיר,67.5,2022-04-28T00:00:00.000Z,67.5,70.5,76.1,76.1,82.4
מאיר,67.5,2022-04-28T00:00:00.000Z,67.5,70.5,76.1,76.1,82.4
מאיר,67.5,2022-04-28T00:00:00.000Z,67.5,70.5,76.1,76.1,82.4
מאיר,67.5,2022-04-28T00:00:00.000Z,67.5,70.5,76.1,76.1,82.4
מאיר,67.5,2022-04-28T00:00:00.000Z,67.5,70.5,76.1,76.1,82.4
מאיר,67.5,2022-04-28T00:00:00.000Z,67.5,70.5,76.1,76.1,82.4
מאיר,67.5,2022-04-28T00:00:00.000Z,67.5,70.5,76.1,76.1,82.4
מאיר,67.5,2022-04-28T00:00:00.000Z,67.5,70.5,76.1,76.1,82.4
הכרמל,60.4,2022-04-28T00:00:00.000Z,59.4,65.1,75.9,78.3,81.8
הכרמל,60.4,2022-04-28T00:00:00.000Z,59.6,65.5,75.9,78,81.5
זיו צפת,87.5,2022-04-28T00:00:00.000Z,87.5,95.3,72.9,72.9,86.5
זיו צפת,87.5,2022-04-28T00:00:00.000Z,87.5,95.3,72.9,72.9,86.5
זיו צפת,87.5,2022-04-28T00:00:00.000Z,87.5,95.3,72.9,72.9,86.5
זיו צפת,87.5,2022-04-28T00:00:00.000Z,87.5,95.3,72.9,72.9,86.5
זיו צפת,87.5,2022-04-28T00:00:00.000Z,87.5,95.3,72.9,72.9,86.5
זיו צפת,87.5,2022-04-28T00:00:00.000Z,87.5,95.3,72.9,72.9,86.5
זיו צפת,87.5,2022-04-28T00:00:00.000Z,87.5,95.3,72.9,72.9,86.5
זיו צפת,87.5,2022-04-28T00:00:00.000Z,87.5,95.3,72.9,72.9,86.5
זיו צפת,87.5,2022-04-28T00:00:00.000Z,87.5,95.3,72.9,72.9,86.5
זיו צפת,87.5,2022-04-28T00:00:00.000Z,87.5,95.3,72.9,72.9,86.5
זיו צפת,87.5,2022-04-28T00:00:00.000Z,87.5,95.3,72.9,72.9,86.5
זיו צפת,87.5,2022-04-28T00:00:00.000Z,87.5,95.3,72.9,72.9,86.5
זיו צפת,87.5,2022-04-28T00:00:00.000Z,87.5,95.3,72.9,72.9,86.5
זיו צפת,87.5,2022-04-28T00:00:00.000Z,87.5,95.3,72.9,72.9,86.5
זיו צפת,87.5,2022-04-28T00:00:00.000Z,87.5,95.3,72.9,72.9,86.5
שמיר,84.6,2022-04-28T00:00:00.000Z,84.6,86.1,72.5,72.5,71.4
שמיר,84.6,2022-04-28T00:00:00.000Z,84.6,86.1,72.5,72.5,71.4
שמיר,84.6,2022-04-28T00:00:00.000Z,84.6,86.1,72.5,72.5,71.4
שמיר,84.6,2022-04-28T00:00:00.000Z,84.6,86.1,72.5,72.5,71.4
שמיר,84.6,2022-04-28T00:00:00.000Z,84.6,86.1,72.5,72.5,71.4
שמיר,84.6,2022-04-28T00:00:00.000Z,84.6,86.1,72.5,72.5,71.4
שמיר,84.6,2022-04-28T00:00:00.000Z,84.6,86.1,72.5,72.5,71.4
שמיר,84.6,2022-04-28T00:00:00.000Z,84.6,86.1,72.5,72.5,71.4
שמיר,84.6,2022-04-28T00:00:00.000Z,84.6,86.1,72.5,72.5,71.4
שמיר,84.6,2022-04-28T00:00:00.000Z,84.6,86.1,72.5,72.5,71.4
שמיר,84.6,2022-04-28T00:00:00.000Z,84.6,86.1,72.5,72.5,71.4
שמיר,84.6,2022-04-28T00:00:00.000Z,84.6,86.1,72.5,72.5,71.4
שמיר,84.6,2022-04-28T00:00:00.000Z,84.6,86.1,72.5,72.5,71.4
שמיר,84.6,2022-04-28T00:00:00.000Z,84.6,86.1,72.5,72.5,71.4
שמיר,84.6,2022-04-28T00:00:00.000Z,84.6,86.1,72.5,72.5,71.4
שמיר,84.6,2022-04-28T00:00:00.000Z,84.6,86.1,72.5,72.5,71.4
שמיר,84.6,2022-04-28T00:00:00.000Z,84.6,86.1,72.5,72.5,71.4
שמיר,84.6,2022-04-28T00:00:00.000Z,84.6,86.1,72.5,72.5,71.4
שמיר,84.6,2022-04-28T00:00:00.000Z,84.6,86.1,72.5,72.5,71.4
זיו צפת,87.5,2022-04-28T00:00:00.000Z,87.5,95.3,72.9,72.9,86.5
זיו צפת,87.5,2022-04-28T00:00:00.000Z,87.5,95.3,72.9,72.9,86.5
זיו צפת,87.5,2022-04-28T00:00:00.000Z,87.5,95.3,72.9,72.9,86.5
זיו צפת,87.5,2022-04-28T00:00:00.000Z,87.5,95.3,72.9,72.9,86.5
זיו צפת,87.5,2022-04-28T00:00:00.000Z,87.5,95.3,72.9,72.9,86.5
זיו צפת,87.5,2022-04-28T00:00:00.000Z,87.5,95.3,72.9,72.9,86.5
זיו צפת,87.5,2022-04-28T00:00:00.000Z,87.5,95.3,72.9,72.9,86.5
זיו צפת,87.5,2022-04-28T00:00:00.000Z,87.5,95.3,72.9,72.9,86.5
זיו צפת,87.5,2022-04-28T00:00:00.000Z,87.5,95.3,72.9,72.9,86.5
זיו צפת,87.5,2022-04-28T00:00:00.000Z,87.5,95.3,72.9,72.9,86.5
זיו צפת,87.5,2022-04-28T00:00:00.000Z,87.5,95.3,72.9,72.9,86.5
זיו צפת,87.5,2022-04-28T00:00:00.000Z,87.5,95.3,72.9,72.9,86.5
זיו צפת,87.5,2022-04-28T00:00:00.000Z,87.5,95.3,72.9,72.9,86.5
זיו צפת,87.5,2022-04-28T00:00:00.000Z,87.5,95.3,72.9,72.9,86.5
זיו צפת,87.5,2022-04-28T00:00:00.000Z,87.5,95.3,72.9,72.9,86.5
שמיר,84.6,2022-04-28T00:00:00.000Z,84.6,86.1,72.5,72.5,71.4
שמיר,84.6,2022-04-28T00:00:00.000Z,84.6,86.1,72.5,72.5,71.4
שמיר,84.6,2022-04-28T00:00:00.000Z,84.6,86.1,72.5,72.5,71.4
שמיר,84.6,2022-04-28T00:00:00.000Z,84.6,86.1,72.5,72.5,71.4
שמיר,84.6,2022-04-28T00:00:00.000Z,84.6,86.1,72.5,72.5,71.4
שמיר,84.6,2022-04-28T00:00:00.000Z,84.6,86.1,72.5,72.5,71.4
שמיר,84.6,2022-04-28T00:00:00.000Z,84.6,86.1,72.5,72.5,71.4
שמיר,84.6,2022-04-28T00:00:00.000Z,84.6,86.1,72.5,72.5,71.4
שמיר,84.6,2022-04-28T00:00:00.000Z,84.6,86.1,72.5,72.5,71.4
שמיר,84.6,2022-04-28T00:00:00.000Z,84.6,86.1,72.5,72.5,71.4
שמיר,84.6,2022-04-28T00:00:00.000Z,84.6,86.1,72.5,72.5,71.4
קפלן,74.7,2022-04-28T00:00:00.000Z,74.7,97.3,72.4,72.4,78
קפלן,74.7,2022-04-28T00:00:00.000Z,74.7,97.3,72.4,72.4,78
קפלן,74.7,2022-04-28T00:00:00.000Z,74.7,97.3,72.4,72.4,78
קפלן,74.7,2022-04-28T00:00:00.000Z,74.7,97.3,72.4,72.4,78
קפלן,74.7,2022-04-28T00:00:00.000Z,74.7,97.3,72.4,72.4,78
קפלן,74.7,2022-04-28T00:00:00.000Z,74.7,97.3,72.4,72.4,78
קפלן,74.7,2022-04-28T00:00:00.000Z,74.7,97.3,72.4,72.4,78
קפלן,74.7,2022-04-28T00:00:00.000Z,74.7,97.3,72.4,72.4,78
קפלן,74.7,2022-04-28T00:00:00.000Z,74.7,97.3,72.4,72.4,78
קפלן,74.7,2022-04-28T00:00:00.000Z,74.7,97.3,72.4,72.4,78
קפלן,74.7,2022-04-28T00:00:00.000Z,74.7,97.3,72.4,72.4,78
קפלן,74.7,2022-04-28T00:00:00.000Z,74.7,97.3,72.4,72.4,78
קפלן,74.7,2022-04-28T00:00:00.000Z,74.7,97.3,72.4,72.4,78
קפלן,74.7,2022-04-28T00:00:00.000Z,74.7,97.3,72.4,72.4,78
קפלן,74.7,2022-04-28T00:00:00.000Z,74.7,97.3,72.4,72.4,78
קפלן,74.7,2022-04-28T00:00:00.000Z,74.7,97.3,72.4,72.4,78
קפלן,74.7,2022-04-28T00:00:00.000Z,74.7,97.3,72.4,72.4,78
קפלן,74.7,2022-04-28T00:00:00.000Z,74.7,97.3,72.4,72.4,78
קפלן,74.7,2022-04-28T00:00:00.000Z,74.7,97.3,72.4,72.4,78
קפלן,74.7,2022-04-28T00:00:00.000Z,74.7,97.3,72.4,72.4,78
קפלן,74.7,2022-04-28T00:00:00.000Z,74.7,97.3,72.4,72.4,78
קפלן,74.7,2022-04-28T00:00:00.000Z,74.7,97.3,72.4,72.4,78
קפלן,74.7,2022-04-28T00:00:00.000Z,74.7,97.3,72.4,72.4,78
קפלן,74.7,2022-04-28T00:00:00.000Z,74.7,97.3,72.4,72.4,78
הדסה הר הצופים,66.7,2022-04-28T00:00:00.000Z,73,84.5,81.3,83.8,82.8
הדסה הר הצופים,66.7,2022-04-28T00:00:00.000Z,71.4,82.1,81.3,83.2,81.8
הדסה הר הצופים,66.7,2022-04-28T00:00:00.000Z,69.8,79.8,81.3,82.5,80.8
הדסה הר הצופים,66.7,2022-04-28T00:00:00.000Z,68.3,77.4,81.3,81.9,79.8
הדסה הר הצופים,66.7,2022-04-28T00:00:00.000Z,66.7,75,81.3,81.3,78.8
הדסה הר הצופים,66.7,2022-04-28T00:00:00.000Z,66.7,75,81.3,81.3,78.8
הדסה הר הצופים,66.7,2022-04-28T00:00:00.000Z,66.7,75,81.3,81.3,78.8
הדסה הר הצופים,66.7,2022-04-28T00:00:00.000Z,66.7,75,81.3,81.3,78.8
הדסה הר הצופים,66.7,2022-04-28T00:00:00.000Z,66.7,75,81.3,81.3,78.8
הדסה הר הצופים,66.7,2022-04-28T00:00:00.000Z,66.7,75,81.3,81.3,78.8
הדסה הר הצופים,66.7,2022-04-28T00:00:00.000Z,66.7,75,81.3,81.3,78.8
הדסה הר הצופים,66.7,2022-04-28T00:00:00.000Z,66.7,75,81.3,81.3,78.8
הדסה הר הצופים,66.7,2022-04-28T00:00:00.000Z,66.7,75,81.3,81.3,78.8
הדסה הר הצופים,66.7,2022-04-28T00:00:00.000Z,66.7,75,81.3,81.3,78.8
הדסה הר הצופים,66.7,2022-04-28T00:00:00.000Z,66.7,75,81.3,81.3,78.8
הדסה הר הצופים,66.7,2022-04-28T00:00:00.000Z,66.7,75,81.3,81.3,78.8
הדסה הר הצופים,66.7,2022-04-28T00:00:00.000Z,66.7,75,81.3,81.3,78.8
הדסה הר הצופים,66.7,2022-04-28T00:00:00.000Z,66.7,75,81.3,81.3,78.8
הדסה הר הצופים,66.7,2022-04-28T00:00:00.000Z,66.7,75,81.3,81.3,78.8
הדסה הר הצופים,66.7,2022-04-28T00:00:00.000Z,66.7,75,81.3,81.3,78.8
הדסה הר הצופים,66.7,2022-04-28T00:00:00.000Z,66.7,75,81.3,81.3,78.8
הדסה הר הצופים,66.7,2022-04-28T00:00:00.000Z,66.7,75,81.3,81.3,78.8
הדסה הר הצופים,66.7,2022-04-28T00:00:00.000Z,66.7,75,81.3,81.3,78.8
הדסה הר הצופים,66.7,2022-04-28T00:00:00.000Z,66.7,75,81.3,81.3,78.8
הדסה הר הצופים,66.7,2022-04-28T00:00:00.000Z,66.7,75,81.3,81.3,78.8
הדסה הר הצופים,66.7,2022-04-28T00:00:00.000Z,66.7,75,81.3,81.3,78.8
הדסה הר הצופים,66.7,2022-04-28T00:00:00.000Z,66.7,75,81.3,81.3,78.8
הדסה הר הצופים,66.7,2022-04-28T00:00:00.000Z,66.7,75,81.3,81.3,78.8
הדסה הר הצופים,66.7,2022-04-28T00:00:00.000Z,66.7,75,81.3,81.3,78.8
הדסה הר הצופים,66.7,2022-04-28T00:00:00.000Z,66.7,75,81.3,81.3,78.8
הדסה הר הצופים,66.7,2022-04-28T00:00:00.000Z,66.7,75,81.3,81.3,78.8
הדסה הר הצופים,66.7,2022-04-28T00:00:00.000Z,66.7,75,81.3,81.3,78.8
הדסה הר הצופים,66.7,2022-04-28T00:00:00.000Z,66.7,75,81.3,81.3,78.8
הדסה הר הצופים,66.7,2022-04-28T00:00:00.000Z,66.7,75,81.3,81.3,78.8
הדסה הר הצופים,66.7,2022-04-28T00:00:00.000Z,66.7,75,81.3,81.3,78.8
הדסה הר הצופים,66.7,2022-04-28T00:00:00.000Z,66.7,75,81.3,81.3,78.8
הדסה הר הצופים,66.7,2022-04-28T00:00:00.000Z,66.7,75,81.3,81.3,78.8
הדסה הר הצופים,66.7,2022-04-28T00:00:00.000Z,66.7,75,81.3,81.3,78.8
הדסה הר הצופים,66.7,2022-04-28T00:00:00.000Z,66.7,75,81.3,81.3,78.8
הדסה הר הצופים,66.7,2022-04-28T00:00:00.000Z,66.7,75,81.3,81.3,78.8
הדסה הר הצופים,66.7,2022-04-28T00:00:00.000Z,66.7,75,81.3,81.3,78.8
הדסה הר הצופים,66.7,2022-04-28T00:00:00.000Z,66.7,75,81.3,81.3,78.8
הדסה הר הצופים,66.7,2022-04-28T00:00:00.000Z,66.7,75,81.3,81.3,78.8
הדסה הר הצופים,66.7,2022-04-28T00:00:00.000Z,66.7,75,81.3,81.3,78.8
הדסה הר הצופים,66.7,2022-04-28T00:00:00.000Z,66.7,75,81.3,81.3,78.8
הדסה הר הצופים,66.7,2022-04-28T00:00:00.000Z,66.7,75,81.3,81.3,78.8
הדסה הר הצופים,66.7,2022-04-28T00:00:00.000Z,66.7,75,81.3,81.3,78.8
הדסה הר הצופים,66.7,2022-04-28T00:00:00.000Z,66.7,75,81.3,81.3,78.8
הדסה הר הצופים,66.7,2022-04-28T00:00:00.000Z,66.7,75,81.3,81.3,78.8
הדסה הר הצופים,66.7,2022-04-28T00:00:00.000Z,66.7,75,81.3,81.3,78.8
הדסה הר הצופים,66.7,2022-04-28T00:00:00.000Z,66.7,75,81.3,81.3,78.8
הדסה הר הצופים,66.7,2022-04-28T00:00:00.000Z,66.7,75,81.3,81.3,78.8
הדסה הר הצופים,66.7,2022-04-28T00:00:00.000Z,66.7,75,81.3,81.3,78.8
הדסה הר הצופים,66.7,2022-04-28T00:00:00.000Z,66.7,75,81.3,81.3,78.8
הדסה הר הצופים,66.7,2022-04-28T00:00:00.000Z,66.7,75,81.3,81.3,78.8
הדסה הר הצופים,66.7,2022-04-28T00:00:00.000Z,66.7,75,81.3,81.3,78.8
הדסה הר הצופים,66.7,2022-04-28T00:00:00.000Z,66.7,75,81.3,81.3,78.8
הדסה הר הצופים,66.7,2022-04-28T00:00:00.000Z,66.7,75,81.3,81.3,78.8
הדסה הר הצופים,66.7,2022-04-28T00:00:00.000Z,66.7,75,81.3,81.3,78.8
הדסה הר הצופים,66.7,2022-04-28T00:00:00.000Z,66.7,75,81.3,81.3,78.8
הדסה הר הצופים,66.7,2022-04-28T00:00:00.000Z,66.7,75,81.3,81.3,78.8
הדסה הר הצופים,66.7,2022-04-28T00:00:00.000Z,66.7,75,81.3,81.3,78.8
הדסה הר הצופים,66.7,2022-04-28T00:00:00.000Z,66.7,75,81.3,81.3,78.8
הדסה הר הצופים,66.7,2022-04-28T00:00:00.000Z,66.7,75,81.3,81.3,78.8
הדסה הר הצופים,66.7,2022-04-28T00:00:00.000Z,66.7,75,81.3,81.3,78.8
הדסה הר הצופים,66.7,2022-04-28T00:00:00.000Z,66.7,75,81.3,81.3,78.8
הדסה הר הצופים,66.7,2022-04-28T00:00:00.000Z,66.7,75,81.3,81.3,78.8
הדסה הר הצופים,66.7,2022-04-28T00:00:00.000Z,66.7,75,81.3,81.3,78.8
הדסה הר הצופים,66.7,2022-04-28T00:00:00.000Z,66.7,75,81.3,81.3,78.8
הדסה הר הצופים,66.7,2022-04-28T00:00:00.000Z,66.7,75,81.3,81.3,78.8
הדסה הר הצופים,66.7,2022-04-28T00:00:00.000Z,66.7,75,81.3,81.3,78.8
הדסה הר הצופים,66.7,2022-04-28T00:00:00.000Z,66.7,75,81.3,81.3,78.8
הדסה הר הצופים,66.7,2022-04-28T00:00:00.000Z,66.7,75,81.3,81.3,78.8
הדסה הר הצופים,66.7,2022-04-28T00:00:00.000Z,66.7,75,81.3,81.3,78.8
הדסה הר הצופים,66.7,2022-04-28T00:00:00.000Z,66.7,75,81.3,81.3,78.8
הדסה הר הצופים,66.7,2022-04-28T00:00:00.000Z,66.7,75,81.3,81.3,78.8
הדסה הר הצופים,66.7,2022-04-28T00:00:00.000Z,66.7,75,81.3,81.3,78.8
הדסה הר הצופים,66.7,2022-04-28T00:00:00.000Z,66.7,75,81.3,81.3,78.8
הדסה הר הצופים,66.7,2022-04-28T00:00:00.000Z,66.7,75,81.3,81.3,78.8
הדסה הר הצופים,66.7,2022-04-28T00:00:00.000Z,66.7,75,81.3,81.3,78.8
הדסה הר הצופים,66.7,2022-04-28T00:00:00.000Z,66.7,75,81.3,81.3,78.8
הדסה הר הצופים,66.7,2022-04-28T00:00:00.000Z,66.7,75,81.3,81.3,78.8
הדסה הר הצופים,66.7,2022-04-28T00:00:00.000Z,66.7,75,81.3,81.3,78.8
הדסה הר הצופים,66.7,2022-04-28T00:00:00.000Z,66.7,75,81.3,81.3,78.8
הדסה הר הצופים,66.7,2022-04-28T00:00:00.000Z,66.7,75,81.3,81.3,78.8
הדסה הר הצופים,66.7,2022-04-28T00:00:00.000Z,66.7,75,81.3,81.3,78.8
הדסה הר הצופים,66.7,2022-04-28T00:00:00.000Z,66.7,75,81.3,81.3,78.8
הדסה הר הצופים,66.7,2022-04-28T00:00:00.000Z,66.7,75,81.3,81.3,78.8
הדסה הר הצופים,66.7,2022-04-28T00:00:00.000Z,66.7,75,81.3,81.3,78.8
הדסה הר הצופים,66.7,2022-04-28T00:00:00.000Z,66.7,75,81.3,81.3,78.8
הדסה הר הצופים,66.7,2022-04-28T00:00:00.000Z,66.7,75,81.3,81.3,78.8
הדסה הר הצופים,66.7,2022-04-28T00:00:00.000Z,66.7,75,81.3,81.3,78.8
הדסה הר הצופים,66.7,2022-04-28T00:00:00.000Z,66.7,75,81.3,81.3,78.8
הדסה הר הצופים,66.7,2022-04-28T00:00:00.000Z,66.7,75,81.3,81.3,78.8
הדסה הר הצופים,66.7,2022-04-28T00:00:00.000Z,66.7,75,81.3,81.3,78.8
הדסה הר הצופים,66.7,2022-04-28T00:00:00.000Z,66.7,75,81.3,81.3,78.8
הדסה הר הצופים,66.7,2022-04-28T00:00:00.000Z,66.7,75,81.3,81.3,78.8
הדסה הר הצופים,66.7,2022-04-28T00:00:00.000Z,66.7,75,81.3,81.3,78.8
הדסה הר הצופים,66.7,2022-04-28T00:00:00.000Z,66.7,75,81.3,81.3,78.8
הדסה הר הצופים,66.7,2022-04-28T00:00:00.000Z,66.7,75,81.3,81.3,78.8
הדסה הר הצופים,66.7,2022-04-28T00:00:00.000Z,66.7,75,81.3,81.3,78.8
הדסה הר הצופים,66.7,2022-04-28T00:00:00.000Z,66.7,75,81.3,81.3,78.8
הדסה הר הצופים,66.7,2022-04-28T00:00:00.000Z,66.7,75,81.3,81.3,78.8
הדסה הר הצופים,66.7,2022-04-28T00:00:00.000Z,66.7,75,81.3,81.3,78.8
הדסה הר הצופים,66.7,2022-04-28T00:00:00.000Z,66.7,75,81.3,81.3,78.8
הדסה הר הצופים,66.7,2022-04-28T00:00:00.000Z,66.7,75,81.3,81.3,78.8
הדסה הר הצופים,66.7,2022-04-28T00:00:00.000Z,66.7,75,81.3,81.3,78.8
הדסה הר הצופים,66.7,2022-04-28T00:00:00.000Z,66.7,75,81.3,81.3,78.8
הדסה הר הצופים,66.7,2022-04-28T00:00:00.000Z,66.7,75,81.3,81.3,78.8
הדסה הר הצופים,66.7,2022-04-28T00:00:00.000Z,66.7,75,81.3,81.3,78.8
הדסה הר הצופים,66.7,2022-04-28T00:00:00.000Z,66.7,75,81.3,81.3,78.8
הדסה הר הצופים,66.7,2022-04-28T00:00:00.000Z,66.7,75,81.3,81.3,78.8
הדסה הר הצופים,66.7,2022-04-28T00:00:00.000Z,66.7,75,81.3,81.3,78.8
הדסה הר הצופים,66.7,2022-04-28T00:00:00.000Z,66.7,75,81.3,81.3,78.8
הדסה הר הצופים,66.7,2022-04-28T00:00:00.000Z,66.7,75,81.3,81.3,78.8
הדסה הר הצופים,66.7,2022-04-28T00:00:00.000Z,66.7,75,81.3,81.3,78.8
הדסה הר הצופים,66.7,2022-04-28T00:00:00.000Z,66.7,75,81.3,81.3,78.8
הדסה הר הצופים,66.7,2022-04-28T00:00:00.000Z,66.7,75,81.3,81.3,78.8
הדסה הר הצופים,66.7,2022-04-28T00:00:00.000Z,66.7,75,81.3,81.3,78.8
הדסה הר הצופים,66.7,2022-04-28T00:00:00.000Z,66.7,75,81.3,81.3,78.8
הדסה הר הצופים,66.7,2022-04-28T00:00:00.000Z,66.7,75,81.3,81.3,78.8
הדסה הר הצופים,66.7,2022-04-28T00:00:00.000Z,66.7,75,81.3,81.3,78.8
הדסה הר הצופים,66.7,2022-04-28T00:00:00.000Z,66.7,75,81.3,81.3,78.8
הדסה הר הצופים,66.7,2022-04-28T00:00:00.000Z,66.7,75,81.3,81.3,78.8
הדסה הר הצופים,66.7,2022-04-28T00:00:00.000Z,66.7,75,81.3,81.3,78.8
הדסה הר הצופים,66.7,2022-04-28T00:00:00.000Z,66.7,75,81.3,81.3,78.8
הדסה הר הצופים,66.7,2022-04-28T00:00:00.000Z,66.7,75,81.3,81.3,78.8
הדסה הר הצופים,66.7,2022-04-28T00:00:00.000Z,66.7,75,81.3,81.3,78.8
הדסה הר הצופים,66.7,2022-04-28T00:00:00.000Z,66.7,75,81.3,81.3,78.8
הדסה הר הצופים,66.7,2022-04-28T00:00:00.000Z,66.7,75,81.3,81.3,78.8
הדסה הר הצופים,66.7,2022-04-28T00:00:00.000Z,66.7,75,81.3,81.3,78.8
הדסה הר הצופים,66.7,2022-04-28T00:00:00.000Z,66.7,75,81.3,81.3,78.8
הדסה הר הצופים,66.7,2022-04-28T00:00:00.000Z,66.7,75,81.3,81.3,78.8
הדסה הר הצופים,66.7,2022-04-28T00:00:00.000Z,66.7,75,81.3,81.3,78.8
הדסה הר הצופים,66.7,2022-04-28T00:00:00.000Z,66.7,75,81.3,81.3,78.8
הדסה הר הצופים,66.7,2022-04-28T00:00:00.000Z,66.7,75,81.3,81.3,78.8
הדסה הר הצופים,66.7,2022-04-28T00:00:00.000Z,66.7,75,81.3,81.3,78.8
הדסה הר הצופים,66.7,2022-04-28T00:00:00.000Z,66.7,75,81.3,81.3,78.8
הדסה הר הצופים,66.7,2022-04-28T00:00:00.000Z,66.7,75,81.3,81.3,78.8
הדסה הר הצופים,66.7,2022-04-28T00:00:00.000Z,66.7,75,81.3,81.3,78.8
הדסה הר הצופים,66.7,2022-04-28T00:00:00.000Z,66.7,75,81.3,81.3,78.8
הדסה הר הצופים,66.7,2022-04-28T00:00:00.000Z,66.7,75,81.3,81.3,78.8
הדסה הר הצופים,66.7,2022-04-28T00:00:00.000Z,66.7,75,81.3,81.3,78.8
הדסה הר הצופים,66.7,2022-04-28T00:00:00.000Z,66.7,75,81.3,81.3,78.8
הדסה הר הצופים,66.7,2022-04-28T00:00:00.000Z,66.7,75,81.3,81.3,78.8
הדסה הר הצופים,66.7,2022-04-28T00:00:00.000Z,66.7,75,81.3,81.3,78.8
הדסה הר הצופים,66.7,2022-04-28T00:00:00.000Z,66.7,75,81.3,81.3,78.8
הדסה הר הצופים,66.7,2022-04-28T00:00:00.000Z,66.7,75,81.3,81.3,78.8
הדסה הר הצופים,66.7,2022-04-28T00:00:00.000Z,66.7,75,81.3,81.3,78.8
הדסה הר הצופים,66.7,2022-04-28T00:00:00.000Z,66.7,75,81.3,81.3,78.8
הדסה הר הצופים,66.7,2022-04-28T00:00:00.000Z,66.7,75,81.3,81.3,78.8
הדסה הר הצופים,66.7,2022-04-28T00:00:00.000Z,66.7,75,81.3,81.3,78.8
הדסה הר הצופים,66.7,2022-04-28T00:00:00.000Z,66.7,75,81.3,81.3,78.8
הדסה הר הצופים,66.7,2022-04-28T00:00:00.000Z,66.7,75,81.3,81.3,78.8
הדסה הר הצופים,66.7,2022-04-28T00:00:00.000Z,66.7,75,81.3,81.3,78.8
הדסה הר הצופים,66.7,2022-04-28T00:00:00.000Z,66.7,75,81.3,81.3,78.8
הדסה הר הצופים,66.7,2022-04-28T00:00:00.000Z,66.7,75,81.3,81.3,78.8
הדסה הר הצופים,66.7,2022-04-28T00:00:00.000Z,66.7,75,81.3,81.3,78.8
הדסה הר הצופים,66.7,2022-04-28T00:00:00.000Z,66.7,75,81.3,81.3,78.8
הדסה הר הצופים,66.7,2022-04-28T00:00:00.000Z,66.7,75,81.3,81.3,78.8
הדסה הר הצופים,66.7,2022-04-28T00:00:00.000Z,66.7,75,81.3,81.3,78.8
הדסה הר הצופים,66.7,2022-04-28T00:00:00.000Z,66.7,75,81.3,81.3,78.8
הדסה הר הצופים,66.7,2022-04-28T00:00:00.000Z,66.7,75,81.3,81.3,78.8
הדסה הר הצופים,66.7,2022-04-28T00:00:00.000Z,66.7,75,81.3,81.3,78.8
הדסה הר הצופים,66.7,2022-04-28T00:00:00.000Z,66.7,75,81.3,81.3,78.8
הדסה הר הצופים,66.7,2022-04-28T00:00:00.000Z,66.7,75,81.3,81.3,78.8
הדסה הר הצופים,66.7,2022-04-28T00:00:00.000Z,66.7,75,81.3,81.3,78.8
הדסה הר הצופים,66.7,2022-04-28T00:00:00.000Z,66.7,75,81.3,81.3,78.8
הדסה הר הצופים,66.7,2022-04-28T00:00:00.000Z,66.7,75,81.3,81.3,78.8
הדסה הר הצופים,66.7,2022-04-28T00:00:00.000Z,66.7,75,81.3,81.3,78.8
הדסה הר הצופים,66.7,2022-04-28T00:00:00.000Z,66.7,75,81.3,81.3,78.8
הדסה הר הצופים,66.7,2022-04-28T00:00:00.000Z,66.7,75,81.3,81.3,78.8
הדסה הר הצופים,66.7,2022-04-28T00:00:00.000Z,66.7,75,81.3,81.3,78.8
הדסה הר הצופים,66.7,2022-04-28T00:00:00.000Z,66.7,75,81.3,81.3,78.8
הדסה הר הצופים,66.7,2022-04-28T00:00:00.000Z,66.7,75,81.3,81.3,78.8
הדסה הר הצופים,66.7,2022-04-28T00:00:00.000Z,66.7,75,81.3,81.3,78.8
הדסה הר הצופים,66.7,2022-04-28T00:00:00.000Z,66.7,75,81.3,81.3,78.8
הדסה הר הצופים,66.7,2022-04-28T00:00:00.000Z,66.7,75,81.3,81.3,78.8
הדסה הר הצופים,66.7,2022-04-28T00:00:00.000Z,66.7,75,81.3,81.3,78.8
הדסה הר הצופים,66.7,2022-04-28T00:00:00.000Z,66.7,75,81.3,81.3,78.8
הדסה הר הצופים,66.7,2022-04-28T00:00:00.000Z,66.7,75,81.3,81.3,78.8
הדסה הר הצופים,66.7,2022-04-28T00:00:00.000Z,66.7,75,81.3,81.3,78.8
הדסה הר הצופים,66.7,2022-04-28T00:00:00.000Z,66.7,75,81.3,81.3,78.8
הדסה הר הצופים,66.7,2022-04-28T00:00:00.000Z,66.7,75,81.3,81.3,78.8
הדסה הר הצופים,66.7,2022-04-28T00:00:00.000Z,66.7,75,81.3,81.3,78.8
הדסה הר הצופים,66.7,2022-04-28T00:00:00.000Z,66.7,75,81.3,81.3,78.8
הדסה הר הצופים,66.7,2022-04-28T00:00:00.000Z,66.7,75,81.3,81.3,78.8
הדסה הר הצופים,66.7,2022-04-28T00:00:00.000Z,66.7,75,81.3,81.3,78.8
הדסה הר הצופים,66.7,2022-04-28T00:00:00.000Z,66.7,75,81.3,81.3,78.8
הדסה הר הצופים,66.7,2022-04-28T00:00:00.000Z,66.7,75,81.3,81.3,78.8
הדסה הר הצופים,66.7,2022-04-28T00:00:00.000Z,66.7,75,81.3,81.3,78.8
הדסה הר הצופים,66.7,2022-04-28T00:00:00.000Z,66.7,75,81.3,81.3,78.8
הדסה הר הצופים,66.7,2022-04-28T00:00:00.000Z,66.7,75,81.3,81.3,78.8
הדסה הר הצופים,66.7,2022-04-28T00:00:00.000Z,66.7,75,81.3,81.3,78.8
הדסה הר הצופים,66.7,2022-04-28T00:00:00.000Z,66.7,75,81.3,81.3,78.8
הדסה הר הצופים,66.7,2022-04-28T00:00:00.000Z,66.7,75,81.3,81.3,78.8
הדסה הר הצופים,66.7,2022-04-28T00:00:00.000Z,66.7,75,81.3,81.3,78.8
הדסה הר הצופים,66.7,2022-04-28T00:00:00.000Z,66.7,75,81.3,81.3,78.8
הדסה הר הצופים,66.7,2022-04-28T00:00:00.000Z,66.7,75,81.3,81.3,78.8
הדסה הר הצופים,66.7,2022-04-28T00:00:00.000Z,66.7,75,81.3,81.3,78.8
הדסה הר הצופים,66.7,2022-04-28T00:00:00.000Z,66.7,75,81.3,81.3,78.8
הדסה הר הצופים,66.7,2022-04-28T00:00:00.000Z,66.7,75,81.3,81.3,78.8
הדסה הר הצופים,66.7,2022-04-28T00:00:00.000Z,66.7,75,81.3,81.3,78.8
הדסה הר הצופים,66.7,2022-04-28T00:00:00.000Z,66.7,75,81.3,81.3,78.8
הדסה הר הצופים,66.7,2022-04-28T00:00:00.000Z,66.7,75,81.3,81.3,78.8
הדסה הר הצופים,66.7,2022-04-28T00:00:00.000Z,66.7,75,81.3,81.3,78.8
הדסה הר הצופים,66.7,2022-04-28T00:00:00.000Z,66.7,75,81.3,81.3,78.8
הדסה הר הצופים,66.7,2022-04-28T00:00:00.000Z,66.7,75,81.3,81.3,78.8
הדסה הר הצופים,66.7,2022-04-28T00:00:00.000Z,66.7,75,81.3,81.3,78.8
הדסה הר הצופים,66.7,2022-04-28T00:00:00.000Z,66.7,75,81.3,81.3,78.8
הדסה הר הצופים,66.7,2022-04-28T00:00:00.000Z,66.7,75,81.3,81.3,78.8
הדסה הר הצופים,66.7,2022-04-28T00:00:00.000Z,66.7,75,81.3,81.3,78.8
הדסה הר הצופים,66.7,2022-04-28T00:00:00.000Z,66.7,75,81.3,81.3,78.8
הדסה הר הצופים,66.7,2022-04-28T00:00:00.000Z,66.7,75,81.3,81.3,78.8
הדסה הר הצופים,66.7,2022-04-28T00:00:00.000Z,66.7,75,81.3,81.3,78.8
הדסה הר הצופים,66.7,2022-04-28T00:00:00.000Z,66.7,75,81.3,81.3,78.8
הדסה הר הצופים,66.7,2022-04-28T00:00:00.000Z,66.7,75,81.3,81.3,78.8
הדסה הר הצופים,66.7,2022-04-28T00:00:00.000Z,66.7,75,81.3,81.3,78.8
הדסה הר הצופים,66.7,2022-04-28T00:00:00.000Z,66.7,75,81.3,81.3,78.8
הדסה הר הצופים,66.7,2022-04-28T00:00:00.000Z,66.7,75,81.3,81.3,78.8
הדסה הר הצופים,66.7,2022-04-28T00:00:00.000Z,66.7,75,81.3,81.3,78.8
הדסה הר הצופים,66.7,2022-04-28T00:00:00.000Z,66.7,75,81.3,81.3,78.8
הדסה הר הצופים,66.7,2022-04-28T00:00:00.000Z,66.7,75,81.3,81.3,78.8
הדסה הר הצופים,66.7,2022-04-28T00:00:00.000Z,66.7,75,81.3,81.3,78.8
הדסה הר הצופים,66.7,2022-04-28T00:00:00.000Z,66.7,75,81.3,81.3,78.8
הדסה הר הצופים,66.7,2022-04-28T00:00:00.000Z,66.7,75,81.3,81.3,78.8
הדסה הר הצופים,66.7,2022-04-28T00:00:00.000Z,66.7,75,81.3,81.3,78.8
המשפחה הקדושה,172.4,2022-04-28T00:00:00.000Z,172.4,,118.1,118.1,
המשפחה הקדושה,172.4,2022-04-28T00:00:00.000Z,172.4,,118.1,118.1,
המשפחה הקדושה,172.4,2022-04-28T00:00:00.000Z,172.4,,118.1,118.1,
המשפחה הקדושה,172.4,2022-04-28T00:00:00.000Z,172.4,,118.1,118.1,
המשפחה הקדושה,172.4,2022-04-28T00:00:00.000Z,172.4,,118.1,118.1,
המשפחה הקדושה,172.4,2022-04-28T00:00:00.000Z,172.4,,118.1,118.1,
המשפחה הקדושה,172.4,2022-04-28T00:00:00.000Z,172.4,,118.1,118.1,
המשפחה הקדושה,172.4,2022-04-28T00:00:00.000Z,172.4,,118.1,118.1,
המשפחה הקדושה,172.4,2022-04-28T00:00:00.000Z,172.4,,118.1,118.1,
המשפחה הקדושה,172.4,2022-04-28T00:00:00.000Z,172.4,,118.1,118.1,
המשפחה הקדושה,172.4,2022-04-28T00:00:00.000Z,172.4,,118.1,118.1,
המשפחה הקדושה,172.4,2022-04-28T00:00:00.000Z,172.4,,118.1,118.1,
המשפחה הקדושה,172.4,2022-04-28T00:00:00.000Z,172.4,,118.1,118.1,
המשפחה הקדושה,172.4,2022-04-28T00:00:00.000Z,172.4,,118.1,118.1,
המשפחה הקדושה,172.4,2022-04-28T00:00:00.000Z,172.4,,118.1,118.1,
המשפחה הקדושה,172.4,2022-04-28T00:00:00.000Z,172.4,,118.1,118.1,
המשפחה הקדושה,172.4,2022-04-28T00:00:00.000Z,172.4,,118.1,118.1,
המשפחה הקדושה,172.4,2022-04-28T00:00:00.000Z,172.4,,118.1,118.1,
המשפחה הקדושה,172.4,2022-04-28T00:00:00.000Z,172.4,,118.1,118.1,
המשפחה הקדושה,172.4,2022-04-28T00:00:00.000Z,172.4,,118.1,118.1,
המשפחה הקדושה,172.4,2022-04-28T00:00:00.000Z,172.4,,118.1,118.1,
המשפחה הקדושה,172.4,2022-04-28T00:00:00.000Z,172.4,,118.1,118.1,
המשפחה הקדושה,172.4,2022-04-28T00:00:00.000Z,172.4,,118.1,118.1,
המשפחה הקדושה,172.4,2022-04-28T00:00:00.000Z,172.4,,118.1,118.1,
המשפחה הקדושה,172.4,2022-04-28T00:00:00.000Z,172.4,,118.1,118.1,
המשפחה הקדושה,172.4,2022-04-28T00:00:00.000Z,172.4,,118.1,118.1,
המשפחה הקדושה,172.4,2022-04-28T00:00:00.000Z,172.4,,118.1,118.1,
המשפחה הקדושה,172.4,2022-04-28T00:00:00.000Z,172.4,,118.1,118.1,
המשפחה הקדושה,172.4,2022-04-28T00:00:00.000Z,172.4,,118.1,118.1,
המשפחה הקדושה,172.4,2022-04-28T00:00:00.000Z,172.4,,118.1,118.1,
המשפחה הקדושה,172.4,2022-04-28T00:00:00.000Z,172.4,,118.1,118.1,
המשפחה הקדושה,172.4,2022-04-28T00:00:00.000Z,172.4,,118.1,118.1,
המשפחה הקדושה,172.4,2022-04-28T00:00:00.000Z,172.4,,118.1,118.1,
המשפחה הקדושה,172.4,2022-04-28T00:00:00.000Z,172.4,,118.1,118.1,
המשפחה הקדושה,172.4,2022-04-28T00:00:00.000Z,172.4,,118.1,118.1,
המשפחה הקדושה,172.4,2022-04-28T00:00:00.000Z,172.4,,118.1,118.1,
המשפחה הקדושה,172.4,2022-04-28T00:00:00.000Z,172.4,,118.1,118.1,
המשפחה הקדושה,172.4,2022-04-28T00:00:00.000Z,172.4,,118.1,118.1,
המשפחה הקדושה,172.4,2022-04-28T00:00:00.000Z,172.4,,118.1,118.1,
המשפחה הקדושה,172.4,2022-04-28T00:00:00.000Z,172.4,,118.1,118.1,
המשפחה הקדושה,172.4,2022-04-28T00:00:00.000Z,172.4,,118.1,118.1,
המשפחה הקדושה,172.4,2022-04-28T00:00:00.000Z,172.4,,118.1,118.1,
המשפחה הקדושה,172.4,2022-04-28T00:00:00.000Z,172.4,,118.1,118.1,
המשפחה הקדושה,172.4,2022-04-28T00:00:00.000Z,172.4,,118.1,118.1,
המשפחה הקדושה,172.4,2022-04-28T00:00:00.000Z,172.4,,118.1,118.1,
המשפחה הקדושה,172.4,2022-04-28T00:00:00.000Z,172.4,,118.1,118.1,
המשפחה הקדושה,172.4,2022-04-28T00:00:00.000Z,172.4,,118.1,118.1,
המשפחה הקדושה,172.4,2022-04-28T00:00:00.000Z,172.4,,118.1,118.1,
המשפחה הקדושה,172.4,2022-04-28T00:00:00.000Z,172.4,,118.1,118.1,
המשפחה הקדושה,172.4,2022-04-28T00:00:00.000Z,172.4,,118.1,118.1,
המשפחה הקדושה,172.4,2022-04-28T00:00:00.000Z,172.4,,118.1,118.1,
המשפחה הקדושה,172.4,2022-04-28T00:00:00.000Z,172.4,,118.1,118.1,
המשפחה הקדושה,172.4,2022-04-28T00:00:00.000Z,172.4,,118.1,118.1,
המשפחה הקדושה,172.4,2022-04-28T00:00:00.000Z,172.4,,118.1,118.1,
המשפחה הקדושה,172.4,2022-04-28T00:00:00.000Z,172.4,,118.1,118.1,
המשפחה הקדושה,172.4,2022-04-28T00:00:00.000Z,172.4,,118.1,118.1,
המשפחה הקדושה,172.4,2022-04-28T00:00:00.000Z,172.4,,118.1,118.1,
המשפחה הקדושה,172.4,2022-04-28T00:00:00.000Z,172.4,,118.1,118.1,
המשפחה הקדושה,172.4,2022-04-28T00:00:00.000Z,172.4,,118.1,118.1,
המשפחה הקדושה,172.4,2022-04-28T00:00:00.000Z,172.4,,118.1,118.1,
המשפחה הקדושה,172.4,2022-04-28T00:00:00.000Z,172.4,,118.1,118.1,
המשפחה הקדושה,172.4,2022-04-28T00:00:00.000Z,172.4,,118.1,118.1,
המשפחה הקדושה,172.4,2022-04-28T00:00:00.000Z,172.4,,118.1,118.1,
המשפחה הקדושה,172.4,2022-04-28T00:00:00.000Z,172.4,,118.1,118.1,
המשפחה הקדושה,172.4,2022-04-28T00:00:00.000Z,172.4,,118.1,118.1,
המשפחה הקדושה,172.4,2022-04-28T00:00:00.000Z,172.4,,118.1,118.1,
המשפחה הקדושה,172.4,2022-04-28T00:00:00.000Z,172.4,,118.1,118.1,
המשפחה הקדושה,172.4,2022-04-28T00:00:00.000Z,172.4,,118.1,118.1,
המשפחה הקדושה,172.4,2022-04-28T00:00:00.000Z,172.4,,118.1,118.1,
המשפחה הקדושה,172.4,2022-04-28T00:00:00.000Z,172.4,,118.1,118.1,
המשפחה הקדושה,172.4,2022-04-28T00:00:00.000Z,172.4,,118.1,118.1,
המשפחה הקדושה,172.4,2022-04-28T00:00:00.000Z,172.4,,118.1,118.1,
המשפחה הקדושה,172.4,2022-04-28T00:00:00.000Z,172.4,,118.1,118.1,
המשפחה הקדושה,172.4,2022-04-28T00:00:00.000Z,172.4,,118.1,118.1,
המשפחה הקדושה,172.4,2022-04-28T00:00:00.000Z,172.4,,118.1,118.1,
המשפחה הקדושה,172.4,2022-04-28T00:00:00.000Z,172.4,,118.1,118.1,
המשפחה הקדושה,172.4,2022-04-28T00:00:00.000Z,172.4,,118.1,118.1,
המשפחה הקדושה,172.4,2022-04-28T00:00:00.000Z,172.4,,118.1,118.1,
המשפחה הקדושה,172.4,2022-04-28T00:00:00.000Z,172.4,,118.1,118.1,
המשפחה הקדושה,172.4,2022-04-28T00:00:00.000Z,172.4,,118.1,118.1,
המשפחה הקדושה,172.4,2022-04-28T00:00:00.000Z,172.4,,118.1,118.1,
המשפחה הקדושה,172.4,2022-04-28T00:00:00.000Z,172.4,,118.1,118.1,
המשפחה הקדושה,172.4,2022-04-28T00:00:00.000Z,172.4,,118.1,118.1,
המשפחה הקדושה,172.4,2022-04-28T00:00:00.000Z,172.4,,118.1,118.1,
המשפחה הקדושה,172.4,2022-04-28T00:00:00.000Z,172.4,,118.1,118.1,
המשפחה הקדושה,172.4,2022-04-28T00:00:00.000Z,172.4,,118.1,118.1,
המשפחה הקדושה,172.4,2022-04-28T00:00:00.000Z,172.4,,118.1,118.1,
המשפחה הקדושה,172.4,2022-04-28T00:00:00.000Z,172.4,,118.1,118.1,
המשפחה הקדושה,172.4,2022-04-28T00:00:00.000Z,172.4,,118.1,118.1,
המשפחה הקדושה,172.4,2022-04-28T00:00:00.000Z,172.4,,118.1,118.1,
המשפחה הקדושה,172.4,2022-04-28T00:00:00.000Z,172.4,,118.1,118.1,
המשפחה הקדושה,172.4,2022-04-28T00:00:00.000Z,172.4,,118.1,118.1,
המשפחה הקדושה,172.4,2022-04-28T00:00:00.000Z,172.4,,118.1,118.1,
המשפחה הקדושה,172.4,2022-04-28T00:00:00.000Z,172.4,,118.1,118.1,
המשפחה הקדושה,172.4,2022-04-28T00:00:00.000Z,172.4,,118.1,118.1,
המשפחה הקדושה,172.4,2022-04-28T00:00:00.000Z,172.4,,118.1,118.1,
המשפחה הקדושה,172.4,2022-04-28T00:00:00.000Z,172.4,,118.1,118.1,
המשפחה הקדושה,172.4,2022-04-28T00:00:00.000Z,172.4,,118.1,118.1,
המשפחה הקדושה,172.4,2022-04-28T00:00:00.000Z,172.4,,118.1,118.1,
המשפחה הקדושה,172.4,2022-04-28T00:00:00.000Z,172.4,,118.1,118.1,
המשפחה הקדושה,172.4,2022-04-28T00:00:00.000Z,172.4,,118.1,118.1,
המשפחה הקדושה,172.4,2022-04-28T00:00:00.000Z,172.4,,118.1,118.1,
המשפחה הקדושה,172.4,2022-04-28T00:00:00.000Z,172.4,,118.1,118.1,
המשפחה הקדושה,172.4,2022-04-28T00:00:00.000Z,172.4,,118.1,118.1,
המשפחה הקדושה,172.4,2022-04-28T00:00:00.000Z,172.4,,118.1,118.1,
המשפחה הקדושה,172.4,2022-04-28T00:00:00.000Z,172.4,,118.1,118.1,
המשפחה הקדושה,172.4,2022-04-28T00:00:00.000Z,172.4,,118.1,118.1,
המשפחה הקדושה,172.4,2022-04-28T00:00:00.000Z,172.4,,118.1,118.1,
המשפחה הקדושה,172.4,2022-04-28T00:00:00.000Z,172.4,,118.1,118.1,
המשפחה הקדושה,172.4,2022-04-28T00:00:00.000Z,172.4,,118.1,118.1,
המשפחה הקדושה,172.4,2022-04-28T00:00:00.000Z,172.4,,118.1,118.1,
המשפחה הקדושה,172.4,2022-04-28T00:00:00.000Z,172.4,,118.1,118.1,
המשפחה הקדושה,172.4,2022-04-28T00:00:00.000Z,172.4,,118.1,118.1,
המשפחה הקדושה,172.4,2022-04-28T00:00:00.000Z,172.4,,118.1,118.1,
המשפחה הקדושה,172.4,2022-04-28T00:00:00.000Z,172.4,,118.1,118.1,
המשפחה הקדושה,172.4,2022-04-28T00:00:00.000Z,172.4,,118.1,118.1,
המשפחה הקדושה,172.4,2022-04-28T00:00:00.000Z,172.4,,118.1,118.1,
המשפחה הקדושה,172.4,2022-04-28T00:00:00.000Z,172.4,,118.1,118.1,
המשפחה הקדושה,172.4,2022-04-28T00:00:00.000Z,172.4,,118.1,118.1,
המשפחה הקדושה,172.4,2022-04-28T00:00:00.000Z,172.4,,118.1,118.1,
המשפחה הקדושה,172.4,2022-04-28T00:00:00.000Z,172.4,,118.1,118.1,
המשפחה הקדושה,172.4,2022-04-28T00:00:00.000Z,172.4,,118.1,118.1,
המשפחה הקדושה,172.4,2022-04-28T00:00:00.000Z,172.4,,118.1,118.1,
המשפחה הקדושה,172.4,2022-04-28T00:00:00.000Z,172.4,,118.1,118.1,
המשפחה הקדושה,172.4,2022-04-28T00:00:00.000Z,172.4,,118.1,118.1,
המשפחה הקדושה,172.4,2022-04-28T00:00:00.000Z,172.4,,118.1,118.1,
המשפחה הקדושה,172.4,2022-04-28T00:00:00.000Z,172.4,,118.1,118.1,
המשפחה הקדושה,172.4,2022-04-28T00:00:00.000Z,172.4,,118.1,118.1,
המשפחה הקדושה,172.4,2022-04-28T00:00:00.000Z,172.4,,118.1,118.1,
המשפחה הקדושה,172.4,2022-04-28T00:00:00.000Z,172.4,,118.1,118.1,
המשפחה הקדושה,172.4,2022-04-28T00:00:00.000Z,172.4,,118.1,118.1,
המשפחה הקדושה,172.4,2022-04-28T00:00:00.000Z,172.4,,118.1,118.1,
המשפחה הקדושה,172.4,2022-04-28T00:00:00.000Z,172.4,,118.1,118.1,
המשפחה הקדושה,172.4,2022-04-28T00:00:00.000Z,172.4,,118.1,118.1,
המשפחה הקדושה,172.4,2022-04-28T00:00:00.000Z,172.4,,118.1,118.1,
המשפחה הקדושה,172.4,2022-04-28T00:00:00.000Z,172.4,,118.1,118.1,
המשפחה הקדושה,172.4,2022-04-28T00:00:00.000Z,172.4,,118.1,118.1,
המשפחה הקדושה,172.4,2022-04-28T00:00:00.000Z,172.4,,118.1,118.1,
המשפחה הקדושה,172.4,2022-04-28T00:00:00.000Z,172.4,,118.1,118.1,
המשפחה הקדושה,172.4,2022-04-28T00:00:00.000Z,172.4,,118.1,118.1,
המשפחה הקדושה,172.4,2022-04-28T00:00:00.000Z,172.4,,118.1,118.1,
המשפחה הקדושה,172.4,2022-04-28T00:00:00.000Z,172.4,,118.1,118.1,
המשפחה הקדושה,172.4,2022-04-28T00:00:00.000Z,172.4,,118.1,118.1,
המשפחה הקדושה,172.4,2022-04-28T00:00:00.000Z,172.4,,118.1,118.1,
המשפחה הקדושה,172.4,2022-04-28T00:00:00.000Z,172.4,,118.1,118.1,
המשפחה הקדושה,172.4,2022-04-28T00:00:00.000Z,172.4,,118.1,118.1,
המשפחה הקדושה,172.4,2022-04-28T00:00:00.000Z,172.4,,118.1,118.1,
המשפחה הקדושה,172.4,2022-04-28T00:00:00.000Z,172.4,,118.1,118.1,
המשפחה הקדושה,172.4,2022-04-28T00:00:00.000Z,172.4,,118.1,118.1,
המשפחה הקדושה,172.4,2022-04-28T00:00:00.000Z,172.4,,118.1,118.1,
המשפחה הקדושה,172.4,2022-04-28T00:00:00.000Z,172.4,,118.1,118.1,
המשפחה הקדושה,172.4,2022-04-28T00:00:00.000Z,172.4,,118.1,118.1,
המשפחה הקדושה,172.4,2022-04-28T00:00:00.000Z,172.4,,118.1,118.1,
המשפחה הקדושה,172.4,2022-04-28T00:00:00.000Z,172.4,,118.1,118.1,
המשפחה הקדושה,172.4,2022-04-28T00:00:00.000Z,172.4,,118.1,118.1,
המשפחה הקדושה,172.4,2022-04-28T00:00:00.000Z,172.4,,118.1,118.1,
המשפחה הקדושה,172.4,2022-04-28T00:00:00.000Z,172.4,,118.1,118.1,
המשפחה הקדושה,172.4,2022-04-28T00:00:00.000Z,172.4,,118.1,118.1,
המשפחה הקדושה,172.4,2022-04-28T00:00:00.000Z,172.4,,118.1,118.1,
המשפחה הקדושה,172.4,2022-04-28T00:00:00.000Z,172.4,,118.1,118.1,
המשפחה הקדושה,172.4,2022-04-28T00:00:00.000Z,172.4,,118.1,118.1,
המשפחה הקדושה,172.4,2022-04-28T00:00:00.000Z,172.4,,118.1,118.1,
המשפחה הקדושה,172.4,2022-04-28T00:00:00.000Z,172.4,,118.1,118.1,
המשפחה הקדושה,172.4,2022-04-28T00:00:00.000Z,172.4,,118.1,118.1,
המשפחה הקדושה,172.4,2022-04-28T00:00:00.000Z,172.4,,118.1,118.1,
המשפחה הקדושה,172.4,2022-04-28T00:00:00.000Z,172.4,,118.1,118.1,
המשפחה הקדושה,172.4,2022-04-28T00:00:00.000Z,172.4,,118.1,118.1,
המשפחה הקדושה,172.4,2022-04-28T00:00:00.000Z,172.4,,118.1,118.1,
המשפחה הקדושה,172.4,2022-04-28T00:00:00.000Z,172.4,,118.1,118.1,
המשפחה הקדושה,172.4,2022-04-28T00:00:00.000Z,172.4,,118.1,118.1,
המשפחה הקדושה,172.4,2022-04-28T00:00:00.000Z,172.4,,118.1,118.1,
המשפחה הקדושה,172.4,2022-04-28T00:00:00.000Z,172.4,,118.1,118.1,
המשפחה הקדושה,172.4,2022-04-28T00:00:00.000Z,172.4,,118.1,118.1,
המשפחה הקדושה,172.4,2022-04-28T00:00:00.000Z,172.4,,118.1,118.1,
המשפחה הקדושה,172.4,2022-04-28T00:00:00.000Z,172.4,,118.1,118.1,
המשפחה הקדושה,172.4,2022-04-28T00:00:00.000Z,172.4,,118.1,118.1,
המשפחה הקדושה,172.4,2022-04-28T00:00:00.000Z,172.4,,118.1,118.1,
המשפחה הקדושה,172.4,2022-04-28T00:00:00.000Z,172.4,,118.1,118.1,
המשפחה הקדושה,172.4,2022-04-28T00:00:00.000Z,172.4,,118.1,118.1,
המשפחה הקדושה,172.4,2022-04-28T00:00:00.000Z,172.4,,118.1,118.1,
המשפחה הקדושה,172.4,2022-04-28T00:00:00.000Z,172.4,,118.1,118.1,
המשפחה הקדושה,172.4,2022-04-28T00:00:00.000Z,172.4,,118.1,118.1,
המשפחה הקדושה,172.4,2022-04-28T00:00:00.000Z,172.4,,118.1,118.1,
המשפחה הקדושה,172.4,2022-04-28T00:00:00.000Z,172.4,,118.1,118.1,
המשפחה הקדושה,172.4,2022-04-28T00:00:00.000Z,172.4,,118.1,118.1,
המשפחה הקדושה,172.4,2022-04-28T00:00:00.000Z,172.4,,118.1,118.1,
המשפחה הקדושה,172.4,2022-04-28T00:00:00.000Z,172.4,,118.1,118.1,
המשפחה הקדושה,172.4,2022-04-28T00:00:00.000Z,172.4,,118.1,118.1,
המשפחה הקדושה,172.4,2022-04-28T00:00:00.000Z,172.4,,118.1,118.1,
המשפחה הקדושה,172.4,2022-04-28T00:00:00.000Z,172.4,,118.1,118.1,
המשפחה הקדושה,172.4,2022-04-28T00:00:00.000Z,172.4,,118.1,118.1,
המשפחה הקדושה,172.4,2022-04-28T00:00:00.000Z,172.4,,118.1,118.1,
המשפחה הקדושה,172.4,2022-04-28T00:00:00.000Z,172.4,,118.1,118.1,
המשפחה הקדושה,172.4,2022-04-28T00:00:00.000Z,172.4,,118.1,118.1,
המשפחה הקדושה,172.4,2022-04-28T00:00:00.000Z,172.4,,118.1,118.1,
המשפחה הקדושה,172.4,2022-04-28T00:00:00.000Z,172.4,,118.1,118.1,
המשפחה הקדושה,172.4,2022-04-28T00:00:00.000Z,172.4,,118.1,118.1,
המשפחה הקדושה,172.4,2022-04-28T00:00:00.000Z,172.4,,118.1,118.1,
המשפחה הקדושה,172.4,2022-04-28T00:00:00.000Z,172.4,,118.1,118.1,
המשפחה הקדושה,172.4,2022-04-28T00:00:00.000Z,172.4,,118.1,118.1,
המשפחה הקדושה,172.4,2022-04-28T00:00:00.000Z,172.4,,118.1,118.1,
המשפחה הקדושה,172.4,2022-04-28T00:00:00.000Z,172.4,,118.1,118.1,
המשפחה הקדושה,172.4,2022-04-28T00:00:00.000Z,172.4,,118.1,118.1,
המשפחה הקדושה,172.4,2022-04-28T00:00:00.000Z,172.4,,118.1,118.1,
המשפחה הקדושה,172.4,2022-04-28T00:00:00.000Z,172.4,,118.1,118.1,
המשפחה הקדושה,172.4,2022-04-28T00:00:00.000Z,172.4,,118.1,118.1,
המשפחה הקדושה,172.4,2022-04-28T00:00:00.000Z,172.4,,118.1,118.1,
המשפחה הקדושה,172.4,2022-04-28T00:00:00.000Z,172.4,,118.1,118.1,
המשפחה הקדושה,172.4,2022-04-28T00:00:00.000Z,172.4,,118.1,118.1,
המשפחה הקדושה,172.4,2022-04-28T00:00:00.000Z,172.4,,118.1,118.1,
המשפחה הקדושה,172.4,2022-04-28T00:00:00.000Z,172.4,,118.1,118.1,
המשפחה הקדושה,172.4,2022-04-28T00:00:00.000Z,172.4,,118.1,118.1,
המשפחה הקדושה,172.4,2022-04-28T00:00:00.000Z,172.4,,118.1,118.1,
המשפחה הקדושה,172.4,2022-04-28T00:00:00.000Z,172.4,,118.1,118.1,
כלל המוסדות,86.7,2022-04-28T00:00:00.000Z,92.4,86.6,83.6,85,79.7
איכילוב,80.7,2022-04-28T00:00:00.000Z,80.7,89.7,115.2,115.2,121.2
איכילוב,80.7,2022-04-28T00:00:00.000Z,80.7,89.7,115.2,115.2,121.2
איכילוב,80.7,2022-04-28T00:00:00.000Z,80.7,89.7,115.2,115.2,121.2
איכילוב,80.7,2022-04-28T00:00:00.000Z,80.7,89.7,115.2,115.2,121.2
איכילוב,80.7,2022-04-28T00:00:00.000Z,80.7,89.7,115.2,115.2,121.2
איכילוב,80.7,2022-04-28T00:00:00.000Z,80.7,89.7,115.2,115.2,121.2
איכילוב,80.7,2022-04-28T00:00:00.000Z,80.7,89.7,115.2,115.2,121.2
איכילוב,80.7,2022-04-28T00:00:00.000Z,80.7,89.7,115.2,115.2,121.2
איכילוב,80.7,2022-04-28T00:00:00.000Z,80.7,89.7,115.2,115.2,121.2
איכילוב,80.7,2022-04-28T00:00:00.000Z,80.7,89.7,115.2,115.2,121.2
איכילוב,80.7,2022-04-28T00:00:00.000Z,80.7,89.7,115.2,115.2,121.2
איכילוב,80.7,2022-04-28T00:00:00.000Z,80.7,89.7,115.2,115.2,121.2
איכילוב,80.7,2022-04-28T00:00:00.000Z,80.7,89.7,115.2,115.2,121.2
איכילוב,80.7,2022-04-28T00:00:00.000Z,80.7,89.7,115.2,115.2,121.2
איכילוב,80.7,2022-04-28T00:00:00.000Z,80.7,89.7,115.2,115.2,121.2
איכילוב,80.7,2022-04-28T00:00:00.000Z,80.7,89.7,115.2,115.2,121.2
איכילוב,80.7,2022-04-28T00:00:00.000Z,80.7,89.7,115.2,115.2,121.2
איכילוב,80.7,2022-04-28T00:00:00.000Z,80.7,89.7,115.2,115.2,121.2
איכילוב,80.7,2022-04-28T00:00:00.000Z,80.7,89.7,115.2,115.2,121.2
איכילוב,80.7,2022-04-28T00:00:00.000Z,80.7,89.7,115.2,115.2,121.2
איכילוב,80.7,2022-04-28T00:00:00.000Z,80.7,89.7,115.2,115.2,121.2
איכילוב,80.7,2022-04-28T00:00:00.000Z,80.7,89.7,115.2,115.2,121.2
איכילוב,80.7,2022-04-28T00:00:00.000Z,80.7,89.7,115.2,115.2,121.2
איכילוב,80.7,2022-04-28T00:00:00.000Z,80.7,89.7,115.2,115.2,121.2
איכילוב,80.7,2022-04-28T00:00:00.000Z,80.7,89.7,115.2,115.2,121.2
איכילוב,80.7,2022-04-28T00:00:00.000Z,80.7,89.7,115.2,115.2,121.2
איכילוב,80.7,2022-04-28T00:00:00.000Z,80.7,89.7,115.2,115.2,121.2
איכילוב,80.7,2022-04-28T00:00:00.000Z,80.7,89.7,115.2,115.2,121.2
איכילוב,80.7,2022-04-28T00:00:00.000Z,80.7,89.7,115.2,115.2,121.2
איכילוב,80.7,2022-04-28T00:00:00.000Z,80.7,89.7,115.2,115.2,121.2
איכילוב,80.7,2022-04-28T00:00:00.000Z,80.7,89.7,115.2,115.2,121.2
איכילוב,80.7,2022-04-28T00:00:00.000Z,80.7,89.7,115.2,115.2,121.2
איכילוב,80.7,2022-04-28T00:00:00.000Z,80.7,89.7,115.2,115.2,121.2
איכילוב,80.7,2022-04-28T00:00:00.000Z,80.7,89.7,115.2,115.2,121.2
איכילוב,80.7,2022-04-28T00:00:00.000Z,80.7,89.7,115.2,115.2,121.2
איכילוב,80.7,2022-04-28T00:00:00.000Z,80.7,89.7,115.2,115.2,121.2
איכילוב,80.7,2022-04-28T00:00:00.000Z,80.7,89.7,115.2,115.2,121.2
איכילוב,80.7,2022-04-28T00:00:00.000Z,80.7,89.7,115.2,115.2,121.2
איכילוב,80.7,2022-04-28T00:00:00.000Z,80.7,89.7,115.2,115.2,121.2
איכילוב,80.7,2022-04-28T00:00:00.000Z,80.7,89.7,115.2,115.2,121.2
איכילוב,80.7,2022-04-28T00:00:00.000Z,80.7,89.7,115.2,115.2,121.2
איכילוב,80.7,2022-04-28T00:00:00.000Z,80.7,89.7,115.2,115.2,121.2
איכילוב,80.7,2022-04-28T00:00:00.000Z,80.7,89.7,115.2,115.2,121.2
איכילוב,80.7,2022-04-28T00:00:00.000Z,80.7,89.7,115.2,115.2,121.2
איכילוב,80.7,2022-04-28T00:00:00.000Z,80.7,89.7,115.2,115.2,121.2
איכילוב,80.7,2022-04-28T00:00:00.000Z,80.7,89.7,115.2,115.2,121.2
איכילוב,80.7,2022-04-28T00:00:00.000Z,80.7,89.7,115.2,115.2,121.2
איכילוב,80.7,2022-04-28T00:00:00.000Z,80.7,89.7,115.2,115.2,121.2
איכילוב,80.7,2022-04-28T00:00:00.000Z,80.7,89.7,115.2,115.2,121.2
איכילוב,80.7,2022-04-28T00:00:00.000Z,80.7,89.7,115.2,115.2,121.2
איכילוב,80.7,2022-04-28T00:00:00.000Z,80.7,89.7,115.2,115.2,121.2
איכילוב,80.7,2022-04-28T00:00:00.000Z,80.7,89.7,115.2,115.2,121.2
איכילוב,80.7,2022-04-28T00:00:00.000Z,80.7,89.7,115.2,115.2,121.2
איכילוב,80.7,2022-04-28T00:00:00.000Z,80.7,89.7,115.2,115.2,121.2
איכילוב,80.7,2022-04-28T00:00:00.000Z,80.7,89.7,115.2,115.2,121.2
איכילוב,80.7,2022-04-28T00:00:00.000Z,80.7,89.7,115.2,115.2,121.2
איכילוב,80.7,2022-04-28T00:00:00.000Z,80.7,89.7,115.2,115.2,121.2
איכילוב,80.7,2022-04-28T00:00:00.000Z,80.7,89.7,115.2,115.2,121.2
איכילוב,80.7,2022-04-28T00:00:00.000Z,80.7,89.7,115.2,115.2,121.2
איכילוב,80.7,2022-04-28T00:00:00.000Z,80.7,89.7,115.2,115.2,121.2
איכילוב,80.7,2022-04-28T00:00:00.000Z,80.7,89.7,115.2,115.2,121.2
איכילוב,80.7,2022-04-28T00:00:00.000Z,80.7,89.7,115.2,115.2,121.2
איכילוב,80.7,2022-04-28T00:00:00.000Z,80.7,89.7,115.2,115.2,121.2
הדסה הר הצופים,66.7,2022-04-28T00:00:00.000Z,66.7,75,81.3,81.3,78.8
הדסה הר הצופים,66.7,2022-04-28T00:00:00.000Z,66.7,75,81.3,81.3,78.8
הדסה הר הצופים,66.7,2022-04-28T00:00:00.000Z,66.7,75,81.3,81.3,78.8
הדסה הר הצופים,66.7,2022-04-28T00:00:00.000Z,66.7,75,81.3,81.3,78.8
הדסה הר הצופים,66.7,2022-04-28T00:00:00.000Z,66.7,75,81.3,81.3,78.8
הדסה הר הצופים,66.7,2022-04-28T00:00:00.000Z,66.7,75,81.3,81.3,78.8
הדסה הר הצופים,66.7,2022-04-28T00:00:00.000Z,66.7,75,81.3,81.3,78.8
הדסה הר הצופים,66.7,2022-04-28T00:00:00.000Z,66.7,75,81.3,81.3,78.8
הדסה הר הצופים,66.7,2022-04-28T00:00:00.000Z,66.7,75,81.3,81.3,78.8
הדסה הר הצופים,66.7,2022-04-28T00:00:00.000Z,66.7,75,81.3,81.3,78.8
הדסה הר הצופים,66.7,2022-04-28T00:00:00.000Z,66.7,75,81.3,81.3,78.8
הדסה הר הצופים,66.7,2022-04-28T00:00:00.000Z,66.7,75,81.3,81.3,78.8
הדסה הר הצופים,66.7,2022-04-28T00:00:00.000Z,66.7,75,81.3,81.3,78.8
הדסה הר הצופים,66.7,2022-04-28T00:00:00.000Z,66.7,75,81.3,81.3,78.8
הדסה הר הצופים,66.7,2022-04-28T00:00:00.000Z,66.7,75,81.3,81.3,78.8
הדסה הר הצופים,66.7,2022-04-28T00:00:00.000Z,66.7,75,81.3,81.3,78.8
הדסה הר הצופים,66.7,2022-04-28T00:00:00.000Z,66.7,75,81.3,81.3,78.8
הדסה הר הצופים,66.7,2022-04-28T00:00:00.000Z,66.7,75,81.3,81.3,78.8
הדסה הר הצופים,66.7,2022-04-28T00:00:00.000Z,66.7,75,81.3,81.3,78.8
הדסה הר הצופים,66.7,2022-04-28T00:00:00.000Z,66.7,75,81.3,81.3,78.8
הדסה הר הצופים,66.7,2022-04-28T00:00:00.000Z,66.7,75,81.3,81.3,78.8
הדסה הר הצופים,66.7,2022-04-28T00:00:00.000Z,66.7,75,81.3,81.3,78.8
הדסה הר הצופים,66.7,2022-04-28T00:00:00.000Z,66.7,75,81.3,81.3,78.8
הדסה הר הצופים,66.7,2022-04-28T00:00:00.000Z,66.7,75,81.3,81.3,78.8
הדסה הר הצופים,66.7,2022-04-28T00:00:00.000Z,66.7,75,81.3,81.3,78.8
הדסה הר הצופים,66.7,2022-04-28T00:00:00.000Z,66.7,75,81.3,81.3,78.8
הדסה הר הצופים,66.7,2022-04-28T00:00:00.000Z,66.7,75,81.3,81.3,78.8
הדסה הר הצופים,66.7,2022-04-28T00:00:00.000Z,66.7,75,81.3,81.3,78.8
הדסה הר הצופים,66.7,2022-04-28T00:00:00.000Z,66.7,75,81.3,81.3,78.8
הדסה הר הצופים,66.7,2022-04-28T00:00:00.000Z,66.7,75,81.3,81.3,78.8
הדסה הר הצופים,66.7,2022-04-28T00:00:00.000Z,66.7,75,81.3,81.3,78.8
הדסה הר הצופים,66.7,2022-04-28T00:00:00.000Z,66.7,75,81.3,81.3,78.8
הדסה הר הצופים,66.7,2022-04-28T00:00:00.000Z,66.7,75,81.3,81.3,78.8
הדסה הר הצופים,66.7,2022-04-28T00:00:00.000Z,66.7,75,81.3,81.3,78.8
הדסה הר הצופים,66.7,2022-04-28T00:00:00.000Z,66.7,75,81.3,81.3,78.8
הדסה הר הצופים,66.7,2022-04-28T00:00:00.000Z,66.7,75,81.3,81.3,78.8
הדסה הר הצופים,66.7,2022-04-28T00:00:00.000Z,66.7,75,81.3,81.3,78.8
הדסה הר הצופים,66.7,2022-04-28T00:00:00.000Z,66.7,75,81.3,81.3,78.8
הדסה הר הצופים,66.7,2022-04-28T00:00:00.000Z,66.7,75,81.3,81.3,78.8
הדסה הר הצופים,66.7,2022-04-28T00:00:00.000Z,66.7,75,81.3,81.3,78.8
הדסה הר הצופים,66.7,2022-04-28T00:00:00.000Z,66.7,75,81.3,81.3,78.8
הדסה הר הצופים,66.7,2022-04-28T00:00:00.000Z,66.7,75,81.3,81.3,78.8
הדסה הר הצופים,66.7,2022-04-28T00:00:00.000Z,66.7,75,81.3,81.3,78.8
הדסה הר הצופים,66.7,2022-04-28T00:00:00.000Z,66.7,75,81.3,81.3,78.8
הדסה הר הצופים,66.7,2022-04-28T00:00:00.000Z,66.7,75,81.3,81.3,78.8
הדסה הר הצופים,66.7,2022-04-28T00:00:00.000Z,66.7,75,81.3,81.3,78.8
הדסה הר הצופים,66.7,2022-04-28T00:00:00.000Z,66.7,75,81.3,81.3,78.8
הדסה הר הצופים,66.7,2022-04-28T00:00:00.000Z,66.7,75,81.3,81.3,78.8
הדסה הר הצופים,66.7,2022-04-28T00:00:00.000Z,66.7,75,81.3,81.3,78.8
הדסה הר הצופים,66.7,2022-04-28T00:00:00.000Z,66.7,75,81.3,81.3,78.8
הדסה הר הצופים,66.7,2022-04-28T00:00:00.000Z,66.7,75,81.3,81.3,78.8
הדסה הר הצופים,66.7,2022-04-28T00:00:00.000Z,66.7,75,81.3,81.3,78.8
הדסה הר הצופים,66.7,2022-04-28T00:00:00.000Z,66.7,75,81.3,81.3,78.8
הדסה הר הצופים,66.7,2022-04-28T00:00:00.000Z,66.7,75,81.3,81.3,78.8
הדסה הר הצופים,66.7,2022-04-28T00:00:00.000Z,66.7,75,81.3,81.3,78.8
הדסה הר הצופים,66.7,2022-04-28T00:00:00.000Z,66.7,75,81.3,81.3,78.8
הדסה הר הצופים,66.7,2022-04-28T00:00:00.000Z,66.7,75,81.3,81.3,78.8
הדסה הר הצופים,66.7,2022-04-28T00:00:00.000Z,66.7,75,81.3,81.3,78.8
הדסה הר הצופים,66.7,2022-04-28T00:00:00.000Z,66.7,75,81.3,81.3,78.8
הדסה הר הצופים,66.7,2022-04-28T00:00:00.000Z,66.7,75,81.3,81.3,78.8
הדסה הר הצופים,66.7,2022-04-28T00:00:00.000Z,66.7,75,81.3,81.3,78.8
הדסה הר הצופים,66.7,2022-04-28T00:00:00.000Z,66.7,75,81.3,81.3,78.8
הדסה הר הצופים,66.7,2022-04-28T00:00:00.000Z,66.7,75,81.3,81.3,78.8
הדסה הר הצופים,66.7,2022-04-28T00:00:00.000Z,66.7,75,81.3,81.3,78.8
הדסה הר הצופים,66.7,2022-04-28T00:00:00.000Z,66.7,75,81.3,81.3,78.8
הדסה הר הצופים,66.7,2022-04-28T00:00:00.000Z,66.7,75,81.3,81.3,78.8
הדסה הר הצופים,66.7,2022-04-28T00:00:00.000Z,66.7,75,81.3,81.3,78.8
הדסה הר הצופים,66.7,2022-04-28T00:00:00.000Z,66.7,75,81.3,81.3,78.8
הדסה הר הצופים,66.7,2022-04-28T00:00:00.000Z,66.7,75,81.3,81.3,78.8
הדסה הר הצופים,66.7,2022-04-28T00:00:00.000Z,66.7,75,81.3,81.3,78.8
הדסה הר הצופים,66.7,2022-04-28T00:00:00.000Z,66.7,75,81.3,81.3,78.8
הדסה הר הצופים,66.7,2022-04-28T00:00:00.000Z,66.7,75,81.3,81.3,78.8
הדסה הר הצופים,66.7,2022-04-28T00:00:00.000Z,66.7,75,81.3,81.3,78.8
הדסה הר הצופים,66.7,2022-04-28T00:00:00.000Z,66.7,75,81.3,81.3,78.8
הדסה הר הצופים,66.7,2022-04-28T00:00:00.000Z,66.7,75,81.3,81.3,78.8
הדסה הר הצופים,66.7,2022-04-28T00:00:00.000Z,66.7,75,81.3,81.3,78.8
הדסה הר הצופים,66.7,2022-04-28T00:00:00.000Z,66.7,75,81.3,81.3,78.8
הדסה הר הצופים,66.7,2022-04-28T00:00:00.000Z,66.7,75,81.3,81.3,78.8
הדסה הר הצופים,66.7,2022-04-28T00:00:00.000Z,66.7,75,81.3,81.3,78.8
הדסה הר הצופים,66.7,2022-04-28T00:00:00.000Z,66.7,75,81.3,81.3,78.8
הדסה הר הצופים,66.7,2022-04-28T00:00:00.000Z,66.7,75,81.3,81.3,78.8
הדסה הר הצופים,66.7,2022-04-28T00:00:00.000Z,66.7,75,81.3,81.3,78.8
הדסה הר הצופים,66.7,2022-04-28T00:00:00.000Z,66.7,75,81.3,81.3,78.8
הדסה הר הצופים,66.7,2022-04-28T00:00:00.000Z,66.7,75,81.3,81.3,78.8
הדסה הר הצופים,66.7,2022-04-28T00:00:00.000Z,66.7,75,81.3,81.3,78.8
הדסה הר הצופים,66.7,2022-04-28T00:00:00.000Z,66.7,75,81.3,81.3,78.8
הדסה הר הצופים,66.7,2022-04-28T00:00:00.000Z,66.7,75,81.3,81.3,78.8
הדסה הר הצופים,66.7,2022-04-28T00:00:00.000Z,66.7,75,81.3,81.3,78.8
הדסה הר הצופים,66.7,2022-04-28T00:00:00.000Z,66.7,75,81.3,81.3,78.8
הדסה הר הצופים,66.7,2022-04-28T00:00:00.000Z,66.7,75,81.3,81.3,78.8
הדסה הר הצופים,66.7,2022-04-28T00:00:00.000Z,66.7,75,81.3,81.3,78.8
הדסה הר הצופים,66.7,2022-04-28T00:00:00.000Z,66.7,75,81.3,81.3,78.8
הדסה הר הצופים,66.7,2022-04-28T00:00:00.000Z,66.7,75,81.3,81.3,78.8
הדסה הר הצופים,66.7,2022-04-28T00:00:00.000Z,66.7,75,81.3,81.3,78.8
הדסה הר הצופים,66.7,2022-04-28T00:00:00.000Z,66.7,75,81.3,81.3,78.8
הדסה הר הצופים,66.7,2022-04-28T00:00:00.000Z,66.7,75,81.3,81.3,78.8
המשפחה הקדושה,172.4,2022-04-28T00:00:00.000Z,172.4,,118.1,118.1,
המשפחה הקדושה,172.4,2022-04-28T00:00:00.000Z,172.4,,118.1,118.1,
המשפחה הקדושה,172.4,2022-04-28T00:00:00.000Z,172.4,,118.1,118.1,
המשפחה הקדושה,172.4,2022-04-28T00:00:00.000Z,172.4,,118.1,118.1,
המשפחה הקדושה,172.4,2022-04-28T00:00:00.000Z,172.4,,118.1,118.1,
המשפחה הקדושה,172.4,2022-04-28T00:00:00.000Z,172.4,,118.1,118.1,
המשפחה הקדושה,172.4,2022-04-28T00:00:00.000Z,172.4,,118.1,118.1,
המשפחה הקדושה,172.4,2022-04-28T00:00:00.000Z,172.4,,118.1,118.1,
המשפחה הקדושה,172.4,2022-04-28T00:00:00.000Z,172.4,,118.1,118.1,
המשפחה הקדושה,172.4,2022-04-28T00:00:00.000Z,172.4,,118.1,118.1,
המשפחה הקדושה,172.4,2022-04-28T00:00:00.000Z,172.4,,118.1,118.1,
המשפחה הקדושה,172.4,2022-04-28T00:00:00.000Z,172.4,,118.1,118.1,
המשפחה הקדושה,172.4,2022-04-28T00:00:00.000Z,172.4,,118.1,118.1,
המשפחה הקדושה,172.4,2022-04-28T00:00:00.000Z,172.4,,118.1,118.1,
המשפחה הקדושה,172.4,2022-04-28T00:00:00.000Z,172.4,,118.1,118.1,
המשפחה הקדושה,172.4,2022-04-28T00:00:00.000Z,172.4,,118.1,118.1,
המשפחה הקדושה,172.4,2022-04-28T00:00:00.000Z,172.4,,118.1,118.1,
המשפחה הקדושה,172.4,2022-04-28T00:00:00.000Z,172.4,,118.1,118.1,
המשפחה הקדושה,172.4,2022-04-28T00:00:00.000Z,172.4,,118.1,118.1,
המשפחה הקדושה,172.4,2022-04-28T00:00:00.000Z,172.4,,118.1,118.1,
המשפחה הקדושה,172.4,2022-04-28T00:00:00.000Z,172.4,,118.1,118.1,
המשפחה הקדושה,172.4,2022-04-28T00:00:00.000Z,172.4,,118.1,118.1,
המשפחה הקדושה,172.4,2022-04-28T00:00:00.000Z,172.4,,118.1,118.1,
המשפחה הקדושה,172.4,2022-04-28T00:00:00.000Z,172.4,,118.1,118.1,
המשפחה הקדושה,172.4,2022-04-28T00:00:00.000Z,172.4,,118.1,118.1,
המשפחה הקדושה,172.4,2022-04-28T00:00:00.000Z,172.4,,118.1,118.1,
המשפחה הקדושה,172.4,2022-04-28T00:00:00.000Z,172.4,,118.1,118.1,
המשפחה הקדושה,172.4,2022-04-28T00:00:00.000Z,172.4,,118.1,118.1,
המשפחה הקדושה,172.4,2022-04-28T00:00:00.000Z,172.4,,118.1,118.1,
המשפחה הקדושה,172.4,2022-04-28T00:00:00.000Z,172.4,,118.1,118.1,
המשפחה הקדושה,172.4,2022-04-28T00:00:00.000Z,172.4,,118.1,118.1,
המשפחה הקדושה,172.4,2022-04-28T00:00:00.000Z,172.4,,118.1,118.1,
המשפחה הקדושה,172.4,2022-04-28T00:00:00.000Z,172.4,,118.1,118.1,
המשפחה הקדושה,172.4,2022-04-28T00:00:00.000Z,172.4,,118.1,118.1,
המשפחה הקדושה,172.4,2022-04-28T00:00:00.000Z,172.4,,118.1,118.1,
המשפחה הקדושה,172.4,2022-04-28T00:00:00.000Z,172.4,,118.1,118.1,
המשפחה הקדושה,172.4,2022-04-28T00:00:00.000Z,172.4,,118.1,118.1,
המשפחה הקדושה,172.4,2022-04-28T00:00:00.000Z,172.4,,118.1,118.1,
המשפחה הקדושה,172.4,2022-04-28T00:00:00.000Z,172.4,,118.1,118.1,
המשפחה הקדושה,172.4,2022-04-28T00:00:00.000Z,172.4,,118.1,118.1,
המשפחה הקדושה,172.4,2022-04-28T00:00:00.000Z,172.4,,118.1,118.1,
המשפחה הקדושה,172.4,2022-04-28T00:00:00.000Z,172.4,,118.1,118.1,
המשפחה הקדושה,172.4,2022-04-28T00:00:00.000Z,172.4,,118.1,118.1,
המשפחה הקדושה,172.4,2022-04-28T00:00:00.000Z,172.4,,118.1,118.1,
המשפחה הקדושה,172.4,2022-04-28T00:00:00.000Z,172.4,,118.1,118.1,
המשפחה הקדושה,172.4,2022-04-28T00:00:00.000Z,172.4,,118.1,118.1,
המשפחה הקדושה,172.4,2022-04-28T00:00:00.000Z,172.4,,118.1,118.1,
המשפחה הקדושה,172.4,2022-04-28T00:00:00.000Z,172.4,,118.1,118.1,
המשפחה הקדושה,172.4,2022-04-28T00:00:00.000Z,172.4,,118.1,118.1,
הכרמל,60.4,2022-04-28T00:00:00.000Z,60.4,67.9,75.9,75.9,79.6
הכרמל,60.4,2022-04-28T00:00:00.000Z,60.4,67.9,75.9,75.9,79.6
הכרמל,60.4,2022-04-28T00:00:00.000Z,60.4,67.9,75.9,75.9,79.6
הכרמל,60.4,2022-04-28T00:00:00.000Z,60.4,67.9,75.9,75.9,79.6
הכרמל,60.4,2022-04-28T00:00:00.000Z,60.4,67.9,75.9,75.9,79.6
הכרמל,60.4,2022-04-28T00:00:00.000Z,60.4,67.9,75.9,75.9,79.6
הכרמל,60.4,2022-04-28T00:00:00.000Z,60.4,67.9,75.9,75.9,79.6
הכרמל,60.4,2022-04-28T00:00:00.000Z,60.4,67.9,75.9,75.9,79.6
הכרמל,60.4,2022-04-28T00:00:00.000Z,60.4,67.9,75.9,75.9,79.6
הכרמל,60.4,2022-04-28T00:00:00.000Z,60.4,67.9,75.9,75.9,79.6
הכרמל,60.4,2022-04-28T00:00:00.000Z,60.4,67.9,75.9,75.9,79.6
הכרמל,60.4,2022-04-28T00:00:00.000Z,60.4,67.9,75.9,75.9,79.6
הכרמל,60.4,2022-04-28T00:00:00.000Z,60.4,67.9,75.9,75.9,79.6
הכרמל,60.4,2022-04-28T00:00:00.000Z,60.4,67.9,75.9,75.9,79.6
הכרמל,60.4,2022-04-28T00:00:00.000Z,60.4,67.9,75.9,75.9,79.6
הכרמל,60.4,2022-04-28T00:00:00.000Z,60.4,67.9,75.9,75.9,79.6
הכרמל,60.4,2022-04-28T00:00:00.000Z,60.4,67.9,75.9,75.9,79.6
הכרמל,60.4,2022-04-28T00:00:00.000Z,60.4,67.9,75.9,75.9,79.6
הכרמל,60.4,2022-04-28T00:00:00.000Z,60.4,67.9,75.9,75.9,79.6
הכרמל,60.4,2022-04-28T00:00:00.000Z,60.4,67.9,75.9,75.9,79.6
הכרמל,60.4,2022-04-28T00:00:00.000Z,60.4,67.9,75.9,75.9,79.6
הכרמל,60.4,2022-04-28T00:00:00.000Z,60.4,67.9,75.9,75.9,79.6
הכרמל,60.4,2022-04-28T00:00:00.000Z,60.4,67.9,75.9,75.9,79.6
הכרמל,60.4,2022-04-28T00:00:00.000Z,60.4,67.9,75.9,75.9,79.6
הכרמל,60.4,2022-04-28T00:00:00.000Z,60.4,67.9,75.9,75.9,79.6
הכרמל,60.4,2022-04-28T00:00:00.000Z,60.4,67.9,75.9,75.9,79.6
הכרמל,60.4,2022-04-28T00:00:00.000Z,60.4,67.9,75.9,75.9,79.6
הכרמל,60.4,2022-04-28T00:00:00.000Z,60.4,67.9,75.9,75.9,79.6
הכרמל,60.4,2022-04-28T00:00:00.000Z,60.4,67.9,75.9,75.9,79.6
הכרמל,60.4,2022-04-28T00:00:00.000Z,60.4,67.9,75.9,75.9,79.6
רבין ק. בילינסון,111.5,2022-04-28T00:00:00.000Z,111.5,102.6,91.5,91.5,93.4
רבין ק. בילינסון,111.5,2022-04-28T00:00:00.000Z,111.5,102.6,91.5,91.5,93.4
רבין ק. בילינסון,111.5,2022-04-28T00:00:00.000Z,111.5,102.6,91.5,91.5,93.4
רבין ק. בילינסון,111.5,2022-04-28T00:00:00.000Z,111.5,102.6,91.5,91.5,93.4
רבין ק. בילינסון,111.5,2022-04-28T00:00:00.000Z,111.5,102.6,91.5,91.5,93.4
רבין ק. בילינסון,111.5,2022-04-28T00:00:00.000Z,111.5,102.6,91.5,91.5,93.4
רבין ק. בילינסון,111.5,2022-04-28T00:00:00.000Z,111.5,102.6,91.5,91.5,93.4
רבין ק. בילינסון,111.5,2022-04-28T00:00:00.000Z,111.5,102.6,91.5,91.5,93.4
רבין ק. בילינסון,111.5,2022-04-28T00:00:00.000Z,111.5,102.6,91.5,91.5,93.4
רבין ק. בילינסון,111.5,2022-04-28T00:00:00.000Z,111.5,102.6,91.5,91.5,93.4
רבין ק. בילינסון,111.5,2022-04-28T00:00:00.000Z,111.5,102.6,91.5,91.5,93.4
רבין ק. בילינסון,111.5,2022-04-28T00:00:00.000Z,111.5,102.6,91.5,91.5,93.4
רבין ק. בילינסון,111.5,2022-04-28T00:00:00.000Z,111.5,102.6,91.5,91.5,93.4
רבין ק. בילינסון,111.5,2022-04-28T00:00:00.000Z,111.5,102.6,91.5,91.5,93.4
רבין ק. בילינסון,111.5,2022-04-28T00:00:00.000Z,111.5,102.6,91.5,91.5,93.4
רבין ק. בילינסון,111.5,2022-04-28T00:00:00.000Z,111.5,102.6,91.5,91.5,93.4
רבין ק. בילינסון,111.5,2022-04-28T00:00:00.000Z,111.5,102.6,91.5,91.5,93.4
רבין ק. בילינסון,111.5,2022-04-28T00:00:00.000Z,111.5,102.6,91.5,91.5,93.4
רבין ק. בילינסון,111.5,2022-04-28T00:00:00.000Z,111.5,102.6,91.5,91.5,93.4
רבין ק. בילינסון,111.5,2022-04-28T00:00:00.000Z,111.5,102.6,91.5,91.5,93.4
רבין ק. בילינסון,111.5,2022-04-28T00:00:00.000Z,111.5,102.6,91.5,91.5,93.4
רבין ק. בילינסון,111.5,2022-04-28T00:00:00.000Z,111.5,102.6,91.5,91.5,93.4
רבין ק. בילינסון,111.5,2022-04-28T00:00:00.000Z,111.5,102.6,91.5,91.5,93.4
רבין ק. בילינסון,111.5,2022-04-28T00:00:00.000Z,111.5,102.6,91.5,91.5,93.4
רבין ק. בילינסון,111.5,2022-04-28T00:00:00.000Z,111.5,102.6,91.5,91.5,93.4
רבין ק. בילינסון,111.5,2022-04-28T00:00:00.000Z,111.5,102.6,91.5,91.5,93.4
פוריה,67.9,2022-04-28T00:00:00.000Z,67.9,62.8,78,78,73
פוריה,67.9,2022-04-28T00:00:00.000Z,67.9,62.8,78,78,73
פוריה,67.9,2022-04-28T00:00:00.000Z,67.9,62.8,78,78,73
פוריה,67.9,2022-04-28T00:00:00.000Z,67.9,62.8,78,78,73
פוריה,67.9,2022-04-28T00:00:00.000Z,67.9,62.8,78,78,73
פוריה,67.9,2022-04-28T00:00:00.000Z,67.9,62.8,78,78,73
פוריה,67.9,2022-04-28T00:00:00.000Z,67.9,62.8,78,78,73
פוריה,67.9,2022-04-28T00:00:00.000Z,67.9,62.8,78,78,73
פוריה,67.9,2022-04-28T00:00:00.000Z,67.9,62.8,78,78,73
פוריה,67.9,2022-04-28T00:00:00.000Z,67.9,62.8,78,78,73
פוריה,67.9,2022-04-28T00:00:00.000Z,67.9,62.8,78,78,73
פוריה,67.9,2022-04-28T00:00:00.000Z,67.9,62.8,78,78,73
פוריה,67.9,2022-04-28T00:00:00.000Z,67.9,62.8,78,78,73
פוריה,67.9,2022-04-28T00:00:00.000Z,67.9,62.8,78,78,73
פוריה,67.9,2022-04-28T00:00:00.000Z,67.9,62.8,78,78,73
פוריה,67.9,2022-04-28T00:00:00.000Z,67.9,62.8,78,78,73
פוריה,67.9,2022-04-28T00:00:00.000Z,67.9,62.8,78,78,73
פוריה,67.9,2022-04-28T00:00:00.000Z,67.9,62.8,78,78,73
פוריה,67.9,2022-04-28T00:00:00.000Z,67.9,62.8,78,78,73
פוריה,67.9,2022-04-28T00:00:00.000Z,67.9,62.8,78,78,73
פוריה,67.9,2022-04-28T00:00:00.000Z,67.9,62.8,78,78,73
פוריה,67.9,2022-04-28T00:00:00.000Z,67.9,62.8,78,78,73
פוריה,67.9,2022-04-28T00:00:00.000Z,67.9,62.8,78,78,73
פוריה,67.9,2022-04-28T00:00:00.000Z,67.9,62.8,78,78,73
פוריה,67.9,2022-04-28T00:00:00.000Z,67.9,62.8,78,78,73
הכרמל,60.4,2022-04-28T00:00:00.000Z,60.4,67.9,75.9,75.9,79.6
הכרמל,60.4,2022-04-28T00:00:00.000Z,60.4,67.9,75.9,75.9,79.6
הכרמל,60.4,2022-04-28T00:00:00.000Z,60.4,67.9,75.9,75.9,79.6
הכרמל,60.4,2022-04-28T00:00:00.000Z,60.4,67.9,75.9,75.9,79.6
הכרמל,60.4,2022-04-28T00:00:00.000Z,60.4,67.9,75.9,75.9,79.6
הכרמל,60.4,2022-04-28T00:00:00.000Z,60.4,67.9,75.9,75.9,79.6
הכרמל,60.4,2022-04-28T00:00:00.000Z,60.4,67.9,75.9,75.9,79.6
הכרמל,60.4,2022-04-28T00:00:00.000Z,60.4,67.9,75.9,75.9,79.6
הכרמל,60.4,2022-04-28T00:00:00.000Z,60.4,67.9,75.9,75.9,79.6
הכרמל,60.4,2022-04-28T00:00:00.000Z,60.4,67.9,75.9,75.9,79.6
הכרמל,60.4,2022-04-28T00:00:00.000Z,60.4,67.9,75.9,75.9,79.6
הכרמל,60.4,2022-04-28T00:00:00.000Z,60.4,67.9,75.9,75.9,79.6
הכרמל,60.4,2022-04-28T00:00:00.000Z,60.4,67.9,75.9,75.9,79.6
הכרמל,60.4,2022-04-28T00:00:00.000Z,60.4,67.9,75.9,75.9,79.6
הכרמל,60.4,2022-04-28T00:00:00.000Z,60.4,67.9,75.9,75.9,79.6
הכרמל,60.4,2022-04-28T00:00:00.000Z,60.4,67.9,75.9,75.9,79.6
הכרמל,60.4,2022-04-28T00:00:00.000Z,60.4,67.9,75.9,75.9,79.6
הכרמל,60.4,2022-04-28T00:00:00.000Z,60.4,67.9,75.9,75.9,79.6
הכרמל,60.4,2022-04-28T00:00:00.000Z,60.4,67.9,75.9,75.9,79.6
הכרמל,60.4,2022-04-28T00:00:00.000Z,60.4,67.9,75.9,75.9,79.6
הכרמל,60.4,2022-04-28T00:00:00.000Z,60.4,67.9,75.9,75.9,79.6
הכרמל,60.4,2022-04-28T00:00:00.000Z,60.4,67.9,75.9,75.9,79.6
הכרמל,60.4,2022-04-28T00:00:00.000Z,60.4,67.9,75.9,75.9,79.6
הכרמל,60.4,2022-04-28T00:00:00.000Z,60.4,67.9,75.9,75.9,79.6
הכרמל,60.4,2022-04-28T00:00:00.000Z,60.4,67.9,75.9,75.9,79.6
הכרמל,60.4,2022-04-28T00:00:00.000Z,60.4,67.9,75.9,75.9,79.6
הכרמל,60.4,2022-04-28T00:00:00.000Z,60.4,67.9,75.9,75.9,79.6
הכרמל,60.4,2022-04-28T00:00:00.000Z,60.4,67.9,75.9,75.9,79.6
הכרמל,60.4,2022-04-28T00:00:00.000Z,60.4,67.9,75.9,75.9,79.6
הכרמל,60.4,2022-04-28T00:00:00.000Z,60.4,67.9,75.9,75.9,79.6
הכרמל,60.4,2022-04-28T00:00:00.000Z,60.4,67.9,75.9,75.9,79.6
הכרמל,60.4,2022-04-28T00:00:00.000Z,60.4,67.9,75.9,75.9,79.6
פוריה,67.9,2022-04-28T00:00:00.000Z,67.9,62.8,78,78,73
פוריה,67.9,2022-04-28T00:00:00.000Z,67.9,62.8,78,78,73
פוריה,67.9,2022-04-28T00:00:00.000Z,67.9,62.8,78,78,73
פוריה,67.9,2022-04-28T00:00:00.000Z,67.9,62.8,78,78,73
פוריה,67.9,2022-04-28T00:00:00.000Z,67.9,62.8,78,78,73
פוריה,67.9,2022-04-28T00:00:00.000Z,67.9,62.8,78,78,73
פוריה,67.9,2022-04-28T00:00:00.000Z,67.9,62.8,78,78,73
פוריה,67.9,2022-04-28T00:00:00.000Z,67.9,62.8,78,78,73
פוריה,67.9,2022-04-28T00:00:00.000Z,67.9,62.8,78,78,73
פוריה,67.9,2022-04-28T00:00:00.000Z,67.9,62.8,78,78,73
פוריה,67.9,2022-04-28T00:00:00.000Z,67.9,62.8,78,78,73
פוריה,67.9,2022-04-28T00:00:00.000Z,67.9,62.8,78,78,73
פוריה,67.9,2022-04-28T00:00:00.000Z,67.9,62.8,78,78,73
פוריה,67.9,2022-04-28T00:00:00.000Z,67.9,62.8,78,78,73
פוריה,67.9,2022-04-28T00:00:00.000Z,67.9,62.8,78,78,73
פוריה,67.9,2022-04-28T00:00:00.000Z,67.9,62.8,78,78,73
לניאדו,92.3,2022-04-28T00:00:00.000Z,92.3,107.7,94.7,94.7,100.6
לניאדו,92.3,2022-04-28T00:00:00.000Z,92.3,107.7,94.7,94.7,100.6
לניאדו,92.3,2022-04-28T00:00:00.000Z,92.3,107.7,94.7,94.7,100.6
לניאדו,92.3,2022-04-28T00:00:00.000Z,92.3,107.7,94.7,94.7,100.6
לניאדו,92.3,2022-04-28T00:00:00.000Z,92.3,107.7,94.7,94.7,100.6
לניאדו,92.3,2022-04-28T00:00:00.000Z,92.3,107.7,94.7,94.7,100.6
לניאדו,92.3,2022-04-28T00:00:00.000Z,92.3,107.7,94.7,94.7,100.6
לניאדו,92.3,2022-04-28T00:00:00.000Z,92.3,107.7,94.7,94.7,100.6
לניאדו,92.3,2022-04-28T00:00:00.000Z,92.3,107.7,94.7,94.7,100.6
לניאדו,92.3,2022-04-28T00:00:00.000Z,92.3,107.7,94.7,94.7,100.6
לניאדו,92.3,2022-04-28T00:00:00.000Z,92.3,107.7,94.7,94.7,100.6
לניאדו,92.3,2022-04-28T00:00:00.000Z,92.3,107.7,94.7,94.7,100.6
לניאדו,92.3,2022-04-28T00:00:00.000Z,92.3,107.7,94.7,94.7,100.6
לניאדו,92.3,2022-04-28T00:00:00.000Z,92.3,107.7,94.7,94.7,100.6
לניאדו,92.3,2022-04-28T00:00:00.000Z,92.3,107.7,94.7,94.7,100.6
לניאדו,92.3,2022-04-28T00:00:00.000Z,92.3,107.7,94.7,94.7,100.6
לניאדו,92.3,2022-04-28T00:00:00.000Z,92.3,107.7,94.7,94.7,100.6
לניאדו,92.3,2022-04-28T00:00:00.000Z,92.3,107.7,94.7,94.7,100.6
לניאדו,92.3,2022-04-28T00:00:00.000Z,92.3,107.7,94.7,94.7,100.6
לניאדו,92.3,2022-04-28T00:00:00.000Z,92.3,107.7,94.7,94.7,100.6
רבין ק. בילינסון,111.5,2022-04-28T00:00:00.000Z,111.5,102.6,91.5,91.5,93.4
רבין ק. בילינסון,111.5,2022-04-28T00:00:00.000Z,111.5,102.6,91.5,91.5,93.4
רבין ק. בילינסון,111.5,2022-04-28T00:00:00.000Z,111.5,102.6,91.5,91.5,93.4
רבין ק. בילינסון,111.5,2022-04-28T00:00:00.000Z,111.5,102.6,91.5,91.5,93.4
רבין ק. בילינסון,111.5,2022-04-28T00:00:00.000Z,111.5,102.6,91.5,91.5,93.4
רבין ק. בילינסון,111.5,2022-04-28T00:00:00.000Z,111.5,102.6,91.5,91.5,93.4
רבין ק. בילינסון,111.5,2022-04-28T00:00:00.000Z,111.5,102.6,91.5,91.5,93.4
רבין ק. בילינסון,111.5,2022-04-28T00:00:00.000Z,111.5,102.6,91.5,91.5,93.4
רבין ק. בילינסון,111.5,2022-04-28T00:00:00.000Z,111.5,102.6,91.5,91.5,93.4
רבין ק. בילינסון,111.5,2022-04-28T00:00:00.000Z,111.5,102.6,91.5,91.5,93.4
רבין ק. בילינסון,111.5,2022-04-28T00:00:00.000Z,111.5,102.6,91.5,91.5,93.4
רבין ק. בילינסון,111.5,2022-04-28T00:00:00.000Z,111.5,102.6,91.5,91.5,93.4
רבין ק. בילינסון,111.5,2022-04-28T00:00:00.000Z,111.5,102.6,91.5,91.5,93.4
פוריה,67.9,2022-04-28T00:00:00.000Z,67.9,62.8,78,78,73
פוריה,67.9,2022-04-28T00:00:00.000Z,67.9,62.8,78,78,73
פוריה,67.9,2022-04-28T00:00:00.000Z,67.9,62.8,78,78,73
פוריה,67.9,2022-04-28T00:00:00.000Z,67.9,62.8,78,78,73
פוריה,67.9,2022-04-28T00:00:00.000Z,67.9,62.8,78,78,73
פוריה,67.9,2022-04-28T00:00:00.000Z,67.9,62.8,78,78,73
פוריה,67.9,2022-04-28T00:00:00.000Z,67.9,62.8,78,78,73
פוריה,67.9,2022-04-28T00:00:00.000Z,67.9,62.8,78,78,73
פוריה,67.9,2022-04-28T00:00:00.000Z,67.9,62.8,78,78,73
פוריה,67.9,2022-04-28T00:00:00.000Z,67.9,62.8,78,78,73
פוריה,67.9,2022-04-28T00:00:00.000Z,67.9,62.8,78,78,73
פוריה,67.9,2022-04-28T00:00:00.000Z,67.9,62.8,78,78,73
פוריה,67.9,2022-04-28T00:00:00.000Z,67.9,62.8,78,78,73
פוריה,67.9,2022-04-28T00:00:00.000Z,67.9,62.8,78,78,73
פוריה,67.9,2022-04-28T00:00:00.000Z,67.9,62.8,78,78,73
פוריה,67.9,2022-04-28T00:00:00.000Z,67.9,62.8,78,78,73
פוריה,67.9,2022-04-28T00:00:00.000Z,67.9,62.8,78,78,73
פוריה,67.9,2022-04-28T00:00:00.000Z,67.9,62.8,78,78,73
הכרמל,60.4,2022-04-28T00:00:00.000Z,60.4,67.9,75.9,75.9,79.6
הכרמל,60.4,2022-04-28T00:00:00.000Z,60.4,67.9,75.9,75.9,79.6
הכרמל,60.4,2022-04-28T00:00:00.000Z,60.4,67.9,75.9,75.9,79.6
הכרמל,60.4,2022-04-28T00:00:00.000Z,60.4,67.9,75.9,75.9,79.6
הכרמל,60.4,2022-04-28T00:00:00.000Z,60.4,67.9,75.9,75.9,79.6
הכרמל,60.4,2022-04-28T00:00:00.000Z,60.4,67.9,75.9,75.9,79.6
הכרמל,60.4,2022-04-28T00:00:00.000Z,60.4,67.9,75.9,75.9,79.6
הכרמל,60.4,2022-04-28T00:00:00.000Z,60.4,67.9,75.9,75.9,79.6
הכרמל,60.4,2022-04-28T00:00:00.000Z,60.4,67.9,75.9,75.9,79.6
רבין ק. בילינסון,111.5,2022-04-28T00:00:00.000Z,111.5,102.6,91.5,91.5,93.4
רבין ק. בילינסון,111.5,2022-04-28T00:00:00.000Z,111.5,102.6,91.5,91.5,93.4
רבין ק. בילינסון,111.5,2022-04-28T00:00:00.000Z,111.5,102.6,91.5,91.5,93.4
רבין ק. בילינסון,111.5,2022-04-28T00:00:00.000Z,111.5,102.6,91.5,91.5,93.4
רבין ק. בילינסון,111.5,2022-04-28T00:00:00.000Z,111.5,102.6,91.5,91.5,93.4
רבין ק. בילינסון,111.5,2022-04-28T00:00:00.000Z,111.5,102.6,91.5,91.5,93.4
רבין ק. בילינסון,111.5,2022-04-28T00:00:00.000Z,111.5,102.6,91.5,91.5,93.4
רבין ק. בילינסון,111.5,2022-04-28T00:00:00.000Z,111.5,102.6,91.5,91.5,93.4
רבין ק. בילינסון,111.5,2022-04-28T00:00:00.000Z,111.5,102.6,91.5,91.5,93.4
רבין ק. בילינסון,111.5,2022-04-28T00:00:00.000Z,111.5,102.6,91.5,91.5,93.4
רבין ק. בילינסון,111.5,2022-04-28T00:00:00.000Z,111.5,102.6,91.5,91.5,93.4
רבין ק. בילינסון,111.5,2022-04-28T00:00:00.000Z,111.5,102.6,91.5,91.5,93.4
רבין ק. בילינסון,111.5,2022-04-28T00:00:00.000Z,111.5,102.6,91.5,91.5,93.4
רבין ק. בילינסון,111.5,2022-04-28T00:00:00.000Z,111.5,102.6,91.5,91.5,93.4
רבין ק. בילינסון,111.5,2022-04-28T00:00:00.000Z,111.5,102.6,91.5,91.5,93.4
רבין ק. בילינסון,111.5,2022-04-28T00:00:00.000Z,111.5,102.6,91.5,91.5,93.4
רבין ק. בילינסון,111.5,2022-04-28T00:00:00.000Z,111.5,102.6,91.5,91.5,93.4
רבין ק. בילינסון,111.5,2022-04-28T00:00:00.000Z,111.5,102.6,91.5,91.5,93.4
רבין ק. בילינסון,111.5,2022-04-28T00:00:00.000Z,111.5,102.6,91.5,91.5,93.4
רבין ק. בילינסון,111.5,2022-04-28T00:00:00.000Z,111.5,102.6,91.5,91.5,93.4
רבין ק. בילינסון,111.5,2022-04-28T00:00:00.000Z,111.5,102.6,91.5,91.5,93.4
רבין ק. בילינסון,111.5,2022-04-28T00:00:00.000Z,111.5,102.6,91.5,91.5,93.4
רבין ק. בילינסון,111.5,2022-04-28T00:00:00.000Z,111.5,102.6,91.5,91.5,93.4
רבין ק. בילינסון,111.5,2022-04-28T00:00:00.000Z,111.5,102.6,91.5,91.5,93.4
הכרמל,60.4,2022-04-28T00:00:00.000Z,60.4,67.9,75.9,75.9,79.6
הכרמל,60.4,2022-04-28T00:00:00.000Z,60.4,67.9,75.9,75.9,79.6
רבין ק. בילינסון,111.5,2022-04-28T00:00:00.000Z,111.5,102.6,91.5,91.5,93.4
רבין ק. בילינסון,111.5,2022-04-28T00:00:00.000Z,111.5,102.6,91.5,91.5,93.4
רבין ק. בילינסון,111.5,2022-04-28T00:00:00.000Z,111.5,102.6,91.5,91.5,93.4
רבין ק. בילינסון,111.5,2022-04-28T00:00:00.000Z,111.5,102.6,91.5,91.5,93.4
רבין ק. בילינסון,111.5,2022-04-28T00:00:00.000Z,111.5,102.6,91.5,91.5,93.4
רבין ק. בילינסון,111.5,2022-04-28T00:00:00.000Z,111.5,102.6,91.5,91.5,93.4
רבין ק. בילינסון,111.5,2022-04-28T00:00:00.000Z,111.5,102.6,91.5,91.5,93.4
רבין ק. בילינסון,111.5,2022-04-28T00:00:00.000Z,111.5,102.6,91.5,91.5,93.4
רבין ק. בילינסון,111.5,2022-04-28T00:00:00.000Z,111.5,102.6,91.5,91.5,93.4
רבין ק. בילינסון,111.5,2022-04-28T00:00:00.000Z,111.5,102.6,91.5,91.5,93.4
רבין ק. בילינסון,111.5,2022-04-28T00:00:00.000Z,111.5,102.6,91.5,91.5,93.4
רבין ק. בילינסון,111.5,2022-04-28T00:00:00.000Z,111.5,102.6,91.5,91.5,93.4
שמואל הרופא,77.8,2022-04-29T00:00:00.000Z,77.8,80.6,74.5,74.5,82.7
שמואל הרופא,77.8,2022-04-29T00:00:00.000Z,77.8,80.6,74.5,74.5,82.7
שמואל הרופא,77.8,2022-04-29T00:00:00.000Z,77.8,80.6,74.5,74.5,82.7
שמואל הרופא,77.8,2022-04-29T00:00:00.000Z,77.8,80.6,74.5,74.5,82.7
שיבא,99.6,2022-04-29T00:00:00.000Z,99.6,82,99.5,99.5,100.4
שיבא,99.6,2022-04-29T00:00:00.000Z,99.6,82,99.5,99.5,100.4
שיבא,99.6,2022-04-29T00:00:00.000Z,99.6,82,99.5,99.5,100.4
שיבא,99.6,2022-04-29T00:00:00.000Z,99.6,82,99.5,99.5,100.4
שיבא,99.6,2022-04-29T00:00:00.000Z,99.6,82,99.5,99.5,100.4
שיבא,99.6,2022-04-29T00:00:00.000Z,99.6,82,99.5,99.5,100.4
שיבא,99.6,2022-04-29T00:00:00.000Z,99.6,82,99.5,99.5,100.4
שיבא,99.6,2022-04-29T00:00:00.000Z,99.6,82,99.5,99.5,100.4
שיבא,99.6,2022-04-29T00:00:00.000Z,99.6,82,99.5,99.5,100.4
שיבא,99.6,2022-04-29T00:00:00.000Z,99.6,82,99.5,99.5,100.4
שיבא,99.6,2022-04-29T00:00:00.000Z,99.6,82,99.5,99.5,100.4
שיבא,99.6,2022-04-29T00:00:00.000Z,99.6,82,99.5,99.5,100.4
שיבא,99.6,2022-04-29T00:00:00.000Z,99.6,82,99.5,99.5,100.4
שיבא,99.6,2022-04-29T00:00:00.000Z,99.6,82,99.5,99.5,100.4
שיבא,99.6,2022-04-29T00:00:00.000Z,99.6,82,99.5,99.5,100.4
שיבא,99.6,2022-04-29T00:00:00.000Z,99.6,82,99.5,99.5,100.4
שיבא,99.6,2022-04-29T00:00:00.000Z,99.6,82,99.5,99.5,100.4
שיבא,99.6,2022-04-29T00:00:00.000Z,99.6,82,99.5,99.5,100.4
שיבא,99.6,2022-04-29T00:00:00.000Z,99.6,82,99.5,99.5,100.4
שיבא,99.6,2022-04-29T00:00:00.000Z,99.6,82,99.5,99.5,100.4
שיבא,99.6,2022-04-29T00:00:00.000Z,99.6,82,99.5,99.5,100.4
שיבא,99.6,2022-04-29T00:00:00.000Z,99.6,82,99.5,99.5,100.4
שיבא,99.6,2022-04-29T00:00:00.000Z,99.6,82,99.5,99.5,100.4
שיבא,99.6,2022-04-29T00:00:00.000Z,99.6,82,99.5,99.5,100.4
שיבא,99.6,2022-04-29T00:00:00.000Z,99.6,82,99.5,99.5,100.4
שיבא,99.6,2022-04-29T00:00:00.000Z,99.6,82,99.5,99.5,100.4
שיבא,99.6,2022-04-29T00:00:00.000Z,99.6,82,99.5,99.5,100.4
שיבא,99.6,2022-04-29T00:00:00.000Z,99.6,82,99.5,99.5,100.4
שיבא,99.6,2022-04-29T00:00:00.000Z,99.6,82,99.5,99.5,100.4
שיבא,99.6,2022-04-29T00:00:00.000Z,99.6,82,99.5,99.5,100.4
שיבא,99.6,2022-04-29T00:00:00.000Z,99.6,82,99.5,99.5,100.4
שיבא,99.6,2022-04-29T00:00:00.000Z,99.6,82,99.5,99.5,100.4
שיבא,99.6,2022-04-29T00:00:00.000Z,99.6,82,99.5,99.5,100.4
שיבא,99.6,2022-04-29T00:00:00.000Z,99.6,82,99.5,99.5,100.4
שיבא,99.6,2022-04-29T00:00:00.000Z,99.6,82,99.5,99.5,100.4
שיבא,99.6,2022-04-29T00:00:00.000Z,99.6,82,99.5,99.5,100.4
שיבא,99.6,2022-04-29T00:00:00.000Z,99.6,82,99.5,99.5,100.4
שיבא,99.6,2022-04-29T00:00:00.000Z,99.6,82,99.5,99.5,100.4
שיבא,99.6,2022-04-29T00:00:00.000Z,99.6,82,99.5,99.5,100.4
שיבא,99.6,2022-04-29T00:00:00.000Z,99.6,82,99.5,99.5,100.4
שיבא,99.6,2022-04-29T00:00:00.000Z,99.6,82,99.5,99.5,100.4
שיבא,99.6,2022-04-29T00:00:00.000Z,99.6,82,99.5,99.5,100.4
שיבא,99.6,2022-04-29T00:00:00.000Z,99.6,82,99.5,99.5,100.4
שיבא,99.6,2022-04-29T00:00:00.000Z,99.6,82,99.5,99.5,100.4
"רמב""ם",93.9,2022-04-29T00:00:00.000Z,93.9,96,77.1,77.1,88.4
"רמב""ם",93.9,2022-04-29T00:00:00.000Z,93.9,96,77.1,77.1,88.4
"רמב""ם",93.9,2022-04-29T00:00:00.000Z,93.9,96,77.1,77.1,88.4
"רמב""ם",93.9,2022-04-29T00:00:00.000Z,93.9,96,77.1,77.1,88.4
"רמב""ם",93.9,2022-04-29T00:00:00.000Z,93.9,96,77.1,77.1,88.4
"רמב""ם",93.9,2022-04-29T00:00:00.000Z,93.9,96,77.1,77.1,88.4
"רמב""ם",93.9,2022-04-29T00:00:00.000Z,93.9,96,77.1,77.1,88.4
"רמב""ם",93.9,2022-04-29T00:00:00.000Z,93.9,96,77.1,77.1,88.4
"רמב""ם",93.9,2022-04-29T00:00:00.000Z,93.9,96,77.1,77.1,88.4
"רמב""ם",93.9,2022-04-29T00:00:00.000Z,93.9,96,77.1,77.1,88.4
"רמב""ם",93.9,2022-04-29T00:00:00.000Z,93.9,96,77.1,77.1,88.4
"רמב""ם",93.9,2022-04-29T00:00:00.000Z,93.9,96,77.1,77.1,88.4
"רמב""ם",93.9,2022-04-29T00:00:00.000Z,93.9,96,77.1,77.1,88.4
"רמב""ם",93.9,2022-04-29T00:00:00.000Z,93.9,96,77.1,77.1,88.4
"רמב""ם",93.9,2022-04-29T00:00:00.000Z,93.9,96,77.1,77.1,88.4
"רמב""ם",93.9,2022-04-29T00:00:00.000Z,93.9,96,77.1,77.1,88.4
"רמב""ם",93.9,2022-04-29T00:00:00.000Z,93.9,96,77.1,77.1,88.4
"רמב""ם",93.9,2022-04-29T00:00:00.000Z,93.9,96,77.1,77.1,88.4
"רמב""ם",93.9,2022-04-29T00:00:00.000Z,93.9,96,77.1,77.1,88.4
"רמב""ם",93.9,2022-04-29T00:00:00.000Z,93.9,96,77.1,77.1,88.4
"רמב""ם",93.9,2022-04-29T00:00:00.000Z,93.9,96,77.1,77.1,88.4
"רמב""ם",93.9,2022-04-29T00:00:00.000Z,93.9,96,77.1,77.1,88.4
"רמב""ם",93.9,2022-04-29T00:00:00.000Z,93.9,96,77.1,77.1,88.4
"רמב""ם",93.9,2022-04-29T00:00:00.000Z,93.9,96,77.1,77.1,88.4
נהריה,101.6,2022-04-29T00:00:00.000Z,101.6,85.3,78.6,78.6,82.6
נהריה,101.6,2022-04-29T00:00:00.000Z,101.6,85.3,78.6,78.6,82.6
נהריה,101.6,2022-04-29T00:00:00.000Z,101.6,85.3,78.6,78.6,82.6
נהריה,101.6,2022-04-29T00:00:00.000Z,101.6,85.3,78.6,78.6,82.6
נהריה,101.6,2022-04-29T00:00:00.000Z,101.6,85.3,78.6,78.6,82.6
נהריה,101.6,2022-04-29T00:00:00.000Z,101.6,85.3,78.6,78.6,82.6
נהריה,101.6,2022-04-29T00:00:00.000Z,101.6,85.3,78.6,78.6,82.6
נהריה,101.6,2022-04-29T00:00:00.000Z,101.6,85.3,78.6,78.6,82.6
נהריה,101.6,2022-04-29T00:00:00.000Z,101.6,85.3,78.6,78.6,82.6
נהריה,101.6,2022-04-29T00:00:00.000Z,101.6,85.3,78.6,78.6,82.6
נהריה,101.6,2022-04-29T00:00:00.000Z,101.6,85.3,78.6,78.6,82.6
נהריה,101.6,2022-04-29T00:00:00.000Z,101.6,85.3,78.6,78.6,82.6
נהריה,101.6,2022-04-29T00:00:00.000Z,101.6,85.3,78.6,78.6,82.6
נהריה,101.6,2022-04-29T00:00:00.000Z,101.6,85.3,78.6,78.6,82.6
נהריה,101.6,2022-04-29T00:00:00.000Z,101.6,85.3,78.6,78.6,82.6
נהריה,101.6,2022-04-29T00:00:00.000Z,101.6,85.3,78.6,78.6,82.6
נהריה,101.6,2022-04-29T00:00:00.000Z,101.6,85.3,78.6,78.6,82.6
נהריה,101.6,2022-04-29T00:00:00.000Z,101.6,85.3,78.6,78.6,82.6
נהריה,101.6,2022-04-29T00:00:00.000Z,101.6,85.3,78.6,78.6,82.6
נהריה,101.6,2022-04-29T00:00:00.000Z,101.6,85.3,78.6,78.6,82.6
נהריה,101.6,2022-04-29T00:00:00.000Z,101.6,85.3,78.6,78.6,82.6
נהריה,101.6,2022-04-29T00:00:00.000Z,101.6,85.3,78.6,78.6,82.6
נהריה,101.6,2022-04-29T00:00:00.000Z,101.6,85.3,78.6,78.6,82.6
נהריה,101.6,2022-04-29T00:00:00.000Z,101.6,85.3,78.6,78.6,82.6
נהריה,101.6,2022-04-29T00:00:00.000Z,101.6,85.3,78.6,78.6,82.6
נהריה,101.6,2022-04-29T00:00:00.000Z,101.6,85.3,78.6,78.6,82.6
נהריה,101.6,2022-04-29T00:00:00.000Z,101.6,85.3,78.6,78.6,82.6
נהריה,101.6,2022-04-29T00:00:00.000Z,101.6,85.3,78.6,78.6,82.6
נהריה,101.6,2022-04-29T00:00:00.000Z,101.6,85.3,78.6,78.6,82.6
נהריה,101.6,2022-04-29T00:00:00.000Z,101.6,85.3,78.6,78.6,82.6
נהריה,101.6,2022-04-29T00:00:00.000Z,101.6,85.3,78.6,78.6,82.6
נהריה,101.6,2022-04-29T00:00:00.000Z,101.6,85.3,78.6,78.6,82.6
נהריה,101.6,2022-04-29T00:00:00.000Z,101.6,85.3,78.6,78.6,82.6
נהריה,101.6,2022-04-29T00:00:00.000Z,101.6,85.3,78.6,78.6,82.6
שמיר,83.8,2022-04-29T00:00:00.000Z,83.8,86.5,66.7,66.7,67.3
שמיר,83.8,2022-04-29T00:00:00.000Z,83.8,86.5,66.7,66.7,67.3
שמיר,83.8,2022-04-29T00:00:00.000Z,83.8,86.5,66.7,66.7,67.3
שמיר,83.8,2022-04-29T00:00:00.000Z,83.8,86.5,66.7,66.7,67.3
שמיר,83.8,2022-04-29T00:00:00.000Z,83.8,86.5,66.7,66.7,67.3
שמיר,83.8,2022-04-29T00:00:00.000Z,83.8,86.5,66.7,66.7,67.3
שמיר,83.8,2022-04-29T00:00:00.000Z,83.8,86.5,66.7,66.7,67.3
שמיר,83.8,2022-04-29T00:00:00.000Z,83.8,86.5,66.7,66.7,67.3
שמיר,83.8,2022-04-29T00:00:00.000Z,83.8,86.5,66.7,66.7,67.3
שמיר,83.8,2022-04-29T00:00:00.000Z,83.8,86.5,66.7,66.7,67.3
שמיר,83.8,2022-04-29T00:00:00.000Z,83.8,86.5,66.7,66.7,67.3
שמיר,83.8,2022-04-29T00:00:00.000Z,83.8,86.5,66.7,66.7,67.3
שמיר,83.8,2022-04-29T00:00:00.000Z,83.8,86.5,66.7,66.7,67.3
שמיר,83.8,2022-04-29T00:00:00.000Z,83.8,86.5,66.7,66.7,67.3
שמיר,83.8,2022-04-29T00:00:00.000Z,83.8,86.5,66.7,66.7,67.3
שמיר,83.8,2022-04-29T00:00:00.000Z,83.8,86.5,66.7,66.7,67.3
שמיר,83.8,2022-04-29T00:00:00.000Z,83.8,86.5,66.7,66.7,67.3
שמיר,83.8,2022-04-29T00:00:00.000Z,83.8,86.5,66.7,66.7,67.3
שמיר,83.8,2022-04-29T00:00:00.000Z,83.8,86.5,66.7,66.7,67.3
שמיר,83.8,2022-04-29T00:00:00.000Z,83.8,86.5,66.7,66.7,67.3
שמיר,83.8,2022-04-29T00:00:00.000Z,83.8,86.5,66.7,66.7,67.3
שמיר,83.8,2022-04-29T00:00:00.000Z,83.8,86.5,66.7,66.7,67.3
שמיר,83.8,2022-04-29T00:00:00.000Z,83.8,86.5,66.7,66.7,67.3
שמיר,83.8,2022-04-29T00:00:00.000Z,83.8,86.5,66.7,66.7,67.3
שמיר,83.8,2022-04-29T00:00:00.000Z,83.8,86.5,66.7,66.7,67.3
שמיר,83.8,2022-04-29T00:00:00.000Z,83.8,86.5,66.7,66.7,67.3
שמיר,83.8,2022-04-29T00:00:00.000Z,83.8,86.5,66.7,66.7,67.3
שמיר,83.8,2022-04-29T00:00:00.000Z,83.8,86.5,66.7,66.7,67.3
שמיר,83.8,2022-04-29T00:00:00.000Z,83.8,86.5,66.7,66.7,67.3
שמיר,83.8,2022-04-29T00:00:00.000Z,83.8,86.5,66.7,66.7,67.3
שמיר,83.8,2022-04-29T00:00:00.000Z,83.8,86.5,66.7,66.7,67.3
שמיר,83.8,2022-04-29T00:00:00.000Z,83.8,86.5,66.7,66.7,67.3
שמיר,83.8,2022-04-29T00:00:00.000Z,83.8,86.5,66.7,66.7,67.3
שמיר,83.8,2022-04-29T00:00:00.000Z,83.8,86.5,66.7,66.7,67.3
שמיר,83.8,2022-04-29T00:00:00.000Z,83.8,86.5,66.7,66.7,67.3
שמיר,83.8,2022-04-29T00:00:00.000Z,83.8,86.5,66.7,66.7,67.3
שמיר,83.8,2022-04-29T00:00:00.000Z,83.8,86.5,66.7,66.7,67.3
שמיר,83.8,2022-04-29T00:00:00.000Z,83.8,86.5,66.7,66.7,67.3
שמיר,83.8,2022-04-29T00:00:00.000Z,83.8,86.5,66.7,66.7,67.3
שמיר,83.8,2022-04-29T00:00:00.000Z,83.8,86.5,66.7,66.7,67.3
שמיר,83.8,2022-04-29T00:00:00.000Z,83.8,86.5,66.7,66.7,67.3
שמיר,83.8,2022-04-29T00:00:00.000Z,83.8,86.5,66.7,66.7,67.3
שמיר,83.8,2022-04-29T00:00:00.000Z,83.8,86.5,66.7,66.7,67.3
שמיר,83.8,2022-04-29T00:00:00.000Z,83.8,86.5,66.7,66.7,67.3
שמיר,83.8,2022-04-29T00:00:00.000Z,83.8,86.5,66.7,66.7,67.3
שמיר,83.8,2022-04-29T00:00:00.000Z,83.8,86.5,66.7,66.7,67.3
שמיר,83.8,2022-04-29T00:00:00.000Z,83.8,86.5,66.7,66.7,67.3
שמיר,83.8,2022-04-29T00:00:00.000Z,83.8,86.5,66.7,66.7,67.3
שמיר,83.8,2022-04-29T00:00:00.000Z,83.8,86.5,66.7,66.7,67.3
שמיר,83.8,2022-04-29T00:00:00.000Z,83.8,86.5,66.7,66.7,67.3
שמיר,83.8,2022-04-29T00:00:00.000Z,83.8,86.5,66.7,66.7,67.3
שמיר,83.8,2022-04-29T00:00:00.000Z,83.8,86.5,66.7,66.7,67.3
שמיר,83.8,2022-04-29T00:00:00.000Z,83.8,86.5,66.7,66.7,67.3
שמיר,83.8,2022-04-29T00:00:00.000Z,83.8,86.5,66.7,66.7,67.3
שמיר,83.8,2022-04-29T00:00:00.000Z,83.8,86.5,66.7,66.7,67.3
שמיר,83.8,2022-04-29T00:00:00.000Z,83.8,86.5,66.7,66.7,67.3
וולפסון,70.9,2022-04-29T00:00:00.000Z,70.9,88.5,62.1,62.1,73.6
וולפסון,70.9,2022-04-29T00:00:00.000Z,70.9,88.5,62.1,62.1,73.6
וולפסון,70.9,2022-04-29T00:00:00.000Z,70.9,88.5,62.1,62.1,73.6
וולפסון,70.9,2022-04-29T00:00:00.000Z,70.9,88.5,62.1,62.1,73.6
וולפסון,70.9,2022-04-29T00:00:00.000Z,70.9,88.5,62.1,62.1,73.6
וולפסון,70.9,2022-04-29T00:00:00.000Z,70.9,88.5,62.1,62.1,73.6
וולפסון,70.9,2022-04-29T00:00:00.000Z,70.9,88.5,62.1,62.1,73.6
וולפסון,70.9,2022-04-29T00:00:00.000Z,70.9,88.5,62.1,62.1,73.6
וולפסון,70.9,2022-04-29T00:00:00.000Z,70.9,88.5,62.1,62.1,73.6
וולפסון,70.9,2022-04-29T00:00:00.000Z,70.9,88.5,62.1,62.1,73.6
וולפסון,70.9,2022-04-29T00:00:00.000Z,70.9,88.5,62.1,62.1,73.6
וולפסון,70.9,2022-04-29T00:00:00.000Z,70.9,88.5,62.1,62.1,73.6
וולפסון,70.9,2022-04-29T00:00:00.000Z,70.9,88.5,62.1,62.1,73.6
וולפסון,70.9,2022-04-29T00:00:00.000Z,70.9,88.5,62.1,62.1,73.6
וולפסון,70.9,2022-04-29T00:00:00.000Z,70.9,88.5,62.1,62.1,73.6
וולפסון,70.9,2022-04-29T00:00:00.000Z,70.9,88.5,62.1,62.1,73.6
וולפסון,70.9,2022-04-29T00:00:00.000Z,70.9,88.5,62.1,62.1,73.6
וולפסון,70.9,2022-04-29T00:00:00.000Z,70.9,88.5,62.1,62.1,73.6
וולפסון,70.9,2022-04-29T00:00:00.000Z,70.9,88.5,62.1,62.1,73.6
וולפסון,70.9,2022-04-29T00:00:00.000Z,70.9,88.5,62.1,62.1,73.6
וולפסון,70.9,2022-04-29T00:00:00.000Z,70.9,88.5,62.1,62.1,73.6
וולפסון,70.9,2022-04-29T00:00:00.000Z,70.9,88.5,62.1,62.1,73.6
וולפסון,70.9,2022-04-29T00:00:00.000Z,70.9,88.5,62.1,62.1,73.6
וולפסון,70.9,2022-04-29T00:00:00.000Z,70.9,88.5,62.1,62.1,73.6
וולפסון,70.9,2022-04-29T00:00:00.000Z,70.9,88.5,62.1,62.1,73.6
וולפסון,70.9,2022-04-29T00:00:00.000Z,70.9,88.5,62.1,62.1,73.6
וולפסון,70.9,2022-04-29T00:00:00.000Z,70.9,88.5,62.1,62.1,73.6
וולפסון,70.9,2022-04-29T00:00:00.000Z,70.9,88.5,62.1,62.1,73.6
וולפסון,70.9,2022-04-29T00:00:00.000Z,70.9,88.5,62.1,62.1,73.6
וולפסון,70.9,2022-04-29T00:00:00.000Z,70.9,88.5,62.1,62.1,73.6
וולפסון,70.9,2022-04-29T00:00:00.000Z,70.9,88.5,62.1,62.1,73.6
וולפסון,70.9,2022-04-29T00:00:00.000Z,70.9,88.5,62.1,62.1,73.6
וולפסון,70.9,2022-04-29T00:00:00.000Z,70.9,88.5,62.1,62.1,73.6
לניאדו,78.2,2022-04-29T00:00:00.000Z,78.2,88.5,73,73,96.1
לניאדו,78.2,2022-04-29T00:00:00.000Z,78.2,88.5,73,73,96.1
לניאדו,78.2,2022-04-29T00:00:00.000Z,78.2,88.5,73,73,96.1
לניאדו,78.2,2022-04-29T00:00:00.000Z,78.2,88.5,73,73,96.1
לניאדו,78.2,2022-04-29T00:00:00.000Z,78.2,88.5,73,73,96.1
לניאדו,78.2,2022-04-29T00:00:00.000Z,78.2,88.5,73,73,96.1
לניאדו,78.2,2022-04-29T00:00:00.000Z,78.2,88.5,73,73,96.1
לניאדו,78.2,2022-04-29T00:00:00.000Z,78.2,88.5,73,73,96.1
שמואל הרופא,77.8,2022-04-29T00:00:00.000Z,94.4,86.1,74.5,76.8,83
שמואל הרופא,77.8,2022-04-29T00:00:00.000Z,92.1,85.3,74.5,76.5,82.9
שמואל הרופא,77.8,2022-04-29T00:00:00.000Z,89.7,84.5,74.5,76.2,82.9
שמואל הרופא,77.8,2022-04-29T00:00:00.000Z,87.3,83.7,74.5,75.8,82.9
שמואל הרופא,77.8,2022-04-29T00:00:00.000Z,84.9,82.9,74.5,75.5,82.8
שמואל הרופא,77.8,2022-04-29T00:00:00.000Z,82.5,82.1,74.5,75.2,82.8
שמואל הרופא,77.8,2022-04-29T00:00:00.000Z,80.2,81.3,74.5,74.8,82.7
שמואל הרופא,77.8,2022-04-29T00:00:00.000Z,77.8,80.6,74.5,74.5,82.7
שמואל הרופא,77.8,2022-04-29T00:00:00.000Z,77.8,80.6,74.5,74.5,82.7
שמואל הרופא,77.8,2022-04-29T00:00:00.000Z,77.8,80.6,74.5,74.5,82.7
שמואל הרופא,77.8,2022-04-29T00:00:00.000Z,77.8,80.6,74.5,74.5,82.7
שמואל הרופא,77.8,2022-04-29T00:00:00.000Z,77.8,80.6,74.5,74.5,82.7
שמואל הרופא,77.8,2022-04-29T00:00:00.000Z,77.8,80.6,74.5,74.5,82.7
שמואל הרופא,77.8,2022-04-29T00:00:00.000Z,77.8,80.6,74.5,74.5,82.7
שמואל הרופא,77.8,2022-04-29T00:00:00.000Z,77.8,80.6,74.5,74.5,82.7
שמואל הרופא,77.8,2022-04-29T00:00:00.000Z,77.8,80.6,74.5,74.5,82.7
שמואל הרופא,77.8,2022-04-29T00:00:00.000Z,77.8,80.6,74.5,74.5,82.7
שמואל הרופא,77.8,2022-04-29T00:00:00.000Z,77.8,80.6,74.5,74.5,82.7
שמואל הרופא,77.8,2022-04-29T00:00:00.000Z,77.8,80.6,74.5,74.5,82.7
שמואל הרופא,77.8,2022-04-29T00:00:00.000Z,77.8,80.6,74.5,74.5,82.7
שמואל הרופא,77.8,2022-04-29T00:00:00.000Z,77.8,80.6,74.5,74.5,82.7
שמואל הרופא,77.8,2022-04-29T00:00:00.000Z,77.8,80.6,74.5,74.5,82.7
שמואל הרופא,77.8,2022-04-29T00:00:00.000Z,77.8,80.6,74.5,74.5,82.7
שמואל הרופא,77.8,2022-04-29T00:00:00.000Z,77.8,80.6,74.5,74.5,82.7
שמואל הרופא,77.8,2022-04-29T00:00:00.000Z,77.8,80.6,74.5,74.5,82.7
שמואל הרופא,77.8,2022-04-29T00:00:00.000Z,77.8,80.6,74.5,74.5,82.7
שמואל הרופא,77.8,2022-04-29T00:00:00.000Z,77.8,80.6,74.5,74.5,82.7
שמואל הרופא,77.8,2022-04-29T00:00:00.000Z,77.8,80.6,74.5,74.5,82.7
שמואל הרופא,77.8,2022-04-29T00:00:00.000Z,77.8,80.6,74.5,74.5,82.7
שמואל הרופא,77.8,2022-04-29T00:00:00.000Z,77.8,80.6,74.5,74.5,82.7
שמואל הרופא,77.8,2022-04-29T00:00:00.000Z,77.8,80.6,74.5,74.5,82.7
שמואל הרופא,77.8,2022-04-29T00:00:00.000Z,77.8,80.6,74.5,74.5,82.7
שמואל הרופא,77.8,2022-04-29T00:00:00.000Z,77.8,80.6,74.5,74.5,82.7
שמואל הרופא,77.8,2022-04-29T00:00:00.000Z,77.8,80.6,74.5,74.5,82.7
שמואל הרופא,77.8,2022-04-29T00:00:00.000Z,77.8,80.6,74.5,74.5,82.7
שמואל הרופא,77.8,2022-04-29T00:00:00.000Z,77.8,80.6,74.5,74.5,82.7
שמואל הרופא,77.8,2022-04-29T00:00:00.000Z,77.8,80.6,74.5,74.5,82.7
שמואל הרופא,77.8,2022-04-29T00:00:00.000Z,77.8,80.6,74.5,74.5,82.7
שמואל הרופא,77.8,2022-04-29T00:00:00.000Z,77.8,80.6,74.5,74.5,82.7
שמואל הרופא,77.8,2022-04-29T00:00:00.000Z,77.8,80.6,74.5,74.5,82.7
שמואל הרופא,77.8,2022-04-29T00:00:00.000Z,77.8,80.6,74.5,74.5,82.7
שמואל הרופא,77.8,2022-04-29T00:00:00.000Z,77.8,80.6,74.5,74.5,82.7
שמואל הרופא,77.8,2022-04-29T00:00:00.000Z,77.8,80.6,74.5,74.5,82.7
שמואל הרופא,77.8,2022-04-29T00:00:00.000Z,77.8,80.6,74.5,74.5,82.7
שמואל הרופא,77.8,2022-04-29T00:00:00.000Z,77.8,80.6,74.5,74.5,82.7
שמואל הרופא,77.8,2022-04-29T00:00:00.000Z,77.8,80.6,74.5,74.5,82.7
שמואל הרופא,77.8,2022-04-29T00:00:00.000Z,77.8,80.6,74.5,74.5,82.7
שמואל הרופא,77.8,2022-04-29T00:00:00.000Z,77.8,80.6,74.5,74.5,82.7
שמואל הרופא,77.8,2022-04-29T00:00:00.000Z,77.8,80.6,74.5,74.5,82.7
שמואל הרופא,77.8,2022-04-29T00:00:00.000Z,77.8,80.6,74.5,74.5,82.7
שמואל הרופא,77.8,2022-04-29T00:00:00.000Z,77.8,80.6,74.5,74.5,82.7
שמואל הרופא,77.8,2022-04-29T00:00:00.000Z,77.8,80.6,74.5,74.5,82.7
שמואל הרופא,77.8,2022-04-29T00:00:00.000Z,77.8,80.6,74.5,74.5,82.7
שמואל הרופא,77.8,2022-04-29T00:00:00.000Z,77.8,80.6,74.5,74.5,82.7
שמואל הרופא,77.8,2022-04-29T00:00:00.000Z,77.8,80.6,74.5,74.5,82.7
שמואל הרופא,77.8,2022-04-29T00:00:00.000Z,77.8,80.6,74.5,74.5,82.7
שמואל הרופא,77.8,2022-04-29T00:00:00.000Z,77.8,80.6,74.5,74.5,82.7
שמואל הרופא,77.8,2022-04-29T00:00:00.000Z,77.8,80.6,74.5,74.5,82.7
שמואל הרופא,77.8,2022-04-29T00:00:00.000Z,77.8,80.6,74.5,74.5,82.7
שמואל הרופא,77.8,2022-04-29T00:00:00.000Z,77.8,80.6,74.5,74.5,82.7
שמואל הרופא,77.8,2022-04-29T00:00:00.000Z,77.8,80.6,74.5,74.5,82.7
שמואל הרופא,77.8,2022-04-29T00:00:00.000Z,77.8,80.6,74.5,74.5,82.7
שמואל הרופא,77.8,2022-04-29T00:00:00.000Z,77.8,80.6,74.5,74.5,82.7
שמואל הרופא,77.8,2022-04-29T00:00:00.000Z,77.8,80.6,74.5,74.5,82.7
שמואל הרופא,77.8,2022-04-29T00:00:00.000Z,77.8,80.6,74.5,74.5,82.7
שמואל הרופא,77.8,2022-04-29T00:00:00.000Z,77.8,80.6,74.5,74.5,82.7
שמואל הרופא,77.8,2022-04-29T00:00:00.000Z,77.8,80.6,74.5,74.5,82.7
שמואל הרופא,77.8,2022-04-29T00:00:00.000Z,77.8,80.6,74.5,74.5,82.7
שמואל הרופא,77.8,2022-04-29T00:00:00.000Z,77.8,80.6,74.5,74.5,82.7
שמואל הרופא,77.8,2022-04-29T00:00:00.000Z,77.8,80.6,74.5,74.5,82.7
שמואל הרופא,77.8,2022-04-29T00:00:00.000Z,77.8,80.6,74.5,74.5,82.7
שמואל הרופא,77.8,2022-04-29T00:00:00.000Z,77.8,80.6,74.5,74.5,82.7
שמואל הרופא,77.8,2022-04-29T00:00:00.000Z,77.8,80.6,74.5,74.5,82.7
שמואל הרופא,77.8,2022-04-29T00:00:00.000Z,77.8,80.6,74.5,74.5,82.7
שמואל הרופא,77.8,2022-04-29T00:00:00.000Z,77.8,80.6,74.5,74.5,82.7
שמואל הרופא,77.8,2022-04-29T00:00:00.000Z,77.8,80.6,74.5,74.5,82.7
שמואל הרופא,77.8,2022-04-29T00:00:00.000Z,77.8,80.6,74.5,74.5,82.7
שמואל הרופא,77.8,2022-04-29T00:00:00.000Z,77.8,80.6,74.5,74.5,82.7
שמואל הרופא,77.8,2022-04-29T00:00:00.000Z,77.8,80.6,74.5,74.5,82.7
שמואל הרופא,77.8,2022-04-29T00:00:00.000Z,77.8,80.6,74.5,74.5,82.7
שמואל הרופא,77.8,2022-04-29T00:00:00.000Z,77.8,80.6,74.5,74.5,82.7
שמואל הרופא,77.8,2022-04-29T00:00:00.000Z,77.8,80.6,74.5,74.5,82.7
"רמב""ם",93.9,2022-04-29T00:00:00.000Z,93.9,96,77.1,77.1,88.4
"רמב""ם",93.9,2022-04-29T00:00:00.000Z,93.9,96,77.1,77.1,88.4
"רמב""ם",93.9,2022-04-29T00:00:00.000Z,93.9,96,77.1,77.1,88.4
"רמב""ם",93.9,2022-04-29T00:00:00.000Z,93.9,96,77.1,77.1,88.4
"רמב""ם",93.9,2022-04-29T00:00:00.000Z,93.9,96,77.1,77.1,88.4
"רמב""ם",93.9,2022-04-29T00:00:00.000Z,93.9,96,77.1,77.1,88.4
"רמב""ם",93.9,2022-04-29T00:00:00.000Z,93.9,96,77.1,77.1,88.4
"רמב""ם",93.9,2022-04-29T00:00:00.000Z,93.9,96,77.1,77.1,88.4
"רמב""ם",93.9,2022-04-29T00:00:00.000Z,93.9,96,77.1,77.1,88.4
"רמב""ם",93.9,2022-04-29T00:00:00.000Z,93.9,96,77.1,77.1,88.4
"רמב""ם",93.9,2022-04-29T00:00:00.000Z,93.9,96,77.1,77.1,88.4
"רמב""ם",93.9,2022-04-29T00:00:00.000Z,93.9,96,77.1,77.1,88.4
"רמב""ם",93.9,2022-04-29T00:00:00.000Z,93.9,96,77.1,77.1,88.4
"רמב""ם",93.9,2022-04-29T00:00:00.000Z,93.9,96,77.1,77.1,88.4
"רמב""ם",93.9,2022-04-29T00:00:00.000Z,93.9,96,77.1,77.1,88.4
"רמב""ם",93.9,2022-04-29T00:00:00.000Z,93.9,96,77.1,77.1,88.4
"רמב""ם",93.9,2022-04-29T00:00:00.000Z,93.9,96,77.1,77.1,88.4
"רמב""ם",93.9,2022-04-29T00:00:00.000Z,93.9,96,77.1,77.1,88.4
"רמב""ם",93.9,2022-04-29T00:00:00.000Z,93.9,96,77.1,77.1,88.4
"רמב""ם",93.9,2022-04-29T00:00:00.000Z,93.9,96,77.1,77.1,88.4
"רמב""ם",93.9,2022-04-29T00:00:00.000Z,93.9,96,77.1,77.1,88.4
"רמב""ם",93.9,2022-04-29T00:00:00.000Z,93.9,96,77.1,77.1,88.4
"רמב""ם",93.9,2022-04-29T00:00:00.000Z,93.9,96,77.1,77.1,88.4
"רמב""ם",93.9,2022-04-29T00:00:00.000Z,93.9,96,77.1,77.1,88.4
"רמב""ם",93.9,2022-04-29T00:00:00.000Z,93.9,96,77.1,77.1,88.4
"רמב""ם",93.9,2022-04-29T00:00:00.000Z,93.9,96,77.1,77.1,88.4
"רמב""ם",93.9,2022-04-29T00:00:00.000Z,93.9,96,77.1,77.1,88.4
"רמב""ם",93.9,2022-04-29T00:00:00.000Z,93.9,96,77.1,77.1,88.4
"רמב""ם",93.9,2022-04-29T00:00:00.000Z,93.9,96,77.1,77.1,88.4
"רמב""ם",93.9,2022-04-29T00:00:00.000Z,93.9,96,77.1,77.1,88.4
"רמב""ם",93.9,2022-04-29T00:00:00.000Z,93.9,96,77.1,77.1,88.4
"רמב""ם",93.9,2022-04-29T00:00:00.000Z,93.9,96,77.1,77.1,88.4
"רמב""ם",93.9,2022-04-29T00:00:00.000Z,93.9,96,77.1,77.1,88.4
"רמב""ם",93.9,2022-04-29T00:00:00.000Z,93.9,96,77.1,77.1,88.4
"רמב""ם",93.9,2022-04-29T00:00:00.000Z,93.9,96,77.1,77.1,88.4
"רמב""ם",93.9,2022-04-29T00:00:00.000Z,93.9,96,77.1,77.1,88.4
"רמב""ם",93.9,2022-04-29T00:00:00.000Z,93.9,96,77.1,77.1,88.4
"רמב""ם",93.9,2022-04-29T00:00:00.000Z,93.9,96,77.1,77.1,88.4
"רמב""ם",93.9,2022-04-29T00:00:00.000Z,93.9,96,77.1,77.1,88.4
"רמב""ם",93.9,2022-04-29T00:00:00.000Z,93.9,96,77.1,77.1,88.4
"רמב""ם",93.9,2022-04-29T00:00:00.000Z,93.9,96,77.1,77.1,88.4
"רמב""ם",93.9,2022-04-29T00:00:00.000Z,93.9,96,77.1,77.1,88.4
"רמב""ם",93.9,2022-04-29T00:00:00.000Z,93.9,96,77.1,77.1,88.4
"רמב""ם",93.9,2022-04-29T00:00:00.000Z,93.9,96,77.1,77.1,88.4
"רמב""ם",93.9,2022-04-29T00:00:00.000Z,93.9,96,77.1,77.1,88.4
"רמב""ם",93.9,2022-04-29T00:00:00.000Z,93.9,96,77.1,77.1,88.4
"רמב""ם",93.9,2022-04-29T00:00:00.000Z,93.9,96,77.1,77.1,88.4
"רמב""ם",93.9,2022-04-29T00:00:00.000Z,93.9,96,77.1,77.1,88.4
"רמב""ם",93.9,2022-04-29T00:00:00.000Z,93.9,96,77.1,77.1,88.4
"רמב""ם",93.9,2022-04-29T00:00:00.000Z,93.9,96,77.1,77.1,88.4
"רמב""ם",93.9,2022-04-29T00:00:00.000Z,93.9,96,77.1,77.1,88.4
"רמב""ם",93.9,2022-04-29T00:00:00.000Z,93.9,96,77.1,77.1,88.4
"רמב""ם",93.9,2022-04-29T00:00:00.000Z,93.9,96,77.1,77.1,88.4
"רמב""ם",93.9,2022-04-29T00:00:00.000Z,93.9,96,77.1,77.1,88.4
"רמב""ם",93.9,2022-04-29T00:00:00.000Z,93.9,96,77.1,77.1,88.4
"רמב""ם",93.9,2022-04-29T00:00:00.000Z,93.9,96,77.1,77.1,88.4
"רמב""ם",93.9,2022-04-29T00:00:00.000Z,93.9,96,77.1,77.1,88.4
"רמב""ם",93.9,2022-04-29T00:00:00.000Z,93.9,96,77.1,77.1,88.4
"רמב""ם",93.9,2022-04-29T00:00:00.000Z,93.9,96,77.1,77.1,88.4
"רמב""ם",93.9,2022-04-29T00:00:00.000Z,93.9,96,77.1,77.1,88.4
"רמב""ם",93.9,2022-04-29T00:00:00.000Z,93.9,96,77.1,77.1,88.4
"רמב""ם",93.9,2022-04-29T00:00:00.000Z,93.9,96,77.1,77.1,88.4
"רמב""ם",93.9,2022-04-29T00:00:00.000Z,93.9,96,77.1,77.1,88.4
"רמב""ם",93.9,2022-04-29T00:00:00.000Z,93.9,96,77.1,77.1,88.4
"רמב""ם",93.9,2022-04-29T00:00:00.000Z,93.9,96,77.1,77.1,88.4
"רמב""ם",93.9,2022-04-29T00:00:00.000Z,93.9,96,77.1,77.1,88.4
"רמב""ם",93.9,2022-04-29T00:00:00.000Z,93.9,96,77.1,77.1,88.4
"רמב""ם",93.9,2022-04-29T00:00:00.000Z,93.9,96,77.1,77.1,88.4
"רמב""ם",93.9,2022-04-29T00:00:00.000Z,93.9,96,77.1,77.1,88.4
"רמב""ם",93.9,2022-04-29T00:00:00.000Z,93.9,96,77.1,77.1,88.4
"רמב""ם",93.9,2022-04-29T00:00:00.000Z,93.9,96,77.1,77.1,88.4
"רמב""ם",93.9,2022-04-29T00:00:00.000Z,93.9,96,77.1,77.1,88.4
"רמב""ם",93.9,2022-04-29T00:00:00.000Z,93.9,96,77.1,77.1,88.4
"רמב""ם",93.9,2022-04-29T00:00:00.000Z,93.9,96,77.1,77.1,88.4
"רמב""ם",93.9,2022-04-29T00:00:00.000Z,93.9,96,77.1,77.1,88.4
"רמב""ם",93.9,2022-04-29T00:00:00.000Z,93.9,96,77.1,77.1,88.4
"רמב""ם",93.9,2022-04-29T00:00:00.000Z,93.9,96,77.1,77.1,88.4
"רמב""ם",93.9,2022-04-29T00:00:00.000Z,93.9,96,77.1,77.1,88.4
"רמב""ם",93.9,2022-04-29T00:00:00.000Z,93.9,96,77.1,77.1,88.4
"רמב""ם",93.9,2022-04-29T00:00:00.000Z,93.9,96,77.1,77.1,88.4
"רמב""ם",93.9,2022-04-29T00:00:00.000Z,93.9,96,77.1,77.1,88.4
"רמב""ם",93.9,2022-04-29T00:00:00.000Z,93.9,96,77.1,77.1,88.4
"רמב""ם",93.9,2022-04-29T00:00:00.000Z,93.9,96,77.1,77.1,88.4
"רמב""ם",93.9,2022-04-29T00:00:00.000Z,93.9,96,77.1,77.1,88.4
"רמב""ם",93.9,2022-04-29T00:00:00.000Z,93.9,96,77.1,77.1,88.4
"רמב""ם",93.9,2022-04-29T00:00:00.000Z,93.9,96,77.1,77.1,88.4
"רמב""ם",93.9,2022-04-29T00:00:00.000Z,93.9,96,77.1,77.1,88.4
"רמב""ם",93.9,2022-04-29T00:00:00.000Z,93.9,96,77.1,77.1,88.4
"רמב""ם",93.9,2022-04-29T00:00:00.000Z,93.9,96,77.1,77.1,88.4
"רמב""ם",93.9,2022-04-29T00:00:00.000Z,93.9,96,77.1,77.1,88.4
"רמב""ם",93.9,2022-04-29T00:00:00.000Z,93.9,96,77.1,77.1,88.4
"רמב""ם",93.9,2022-04-29T00:00:00.000Z,93.9,96,77.1,77.1,88.4
"רמב""ם",93.9,2022-04-29T00:00:00.000Z,93.9,96,77.1,77.1,88.4
"רמב""ם",93.9,2022-04-29T00:00:00.000Z,93.9,96,77.1,77.1,88.4
"רמב""ם",93.9,2022-04-29T00:00:00.000Z,93.9,96,77.1,77.1,88.4
"רמב""ם",93.9,2022-04-29T00:00:00.000Z,93.9,96,77.1,77.1,88.4
"רמב""ם",93.9,2022-04-29T00:00:00.000Z,93.9,96,77.1,77.1,88.4
"רמב""ם",93.9,2022-04-29T00:00:00.000Z,93.9,96,77.1,77.1,88.4
"רמב""ם",93.9,2022-04-29T00:00:00.000Z,93.9,96,77.1,77.1,88.4
"רמב""ם",93.9,2022-04-29T00:00:00.000Z,93.9,96,77.1,77.1,88.4
"רמב""ם",93.9,2022-04-29T00:00:00.000Z,93.9,96,77.1,77.1,88.4
"רמב""ם",93.9,2022-04-29T00:00:00.000Z,93.9,96,77.1,77.1,88.4
שיבא,99.6,2022-04-29T00:00:00.000Z,99.6,82,99.5,99.5,100.4
שיבא,99.6,2022-04-29T00:00:00.000Z,99.6,82,99.5,99.5,100.4
שיבא,99.6,2022-04-29T00:00:00.000Z,99.6,82,99.5,99.5,100.4
שיבא,99.6,2022-04-29T00:00:00.000Z,99.6,82,99.5,99.5,100.4
שיבא,99.6,2022-04-29T00:00:00.000Z,99.6,82,99.5,99.5,100.4
שיבא,99.6,2022-04-29T00:00:00.000Z,99.6,82,99.5,99.5,100.4
שיבא,99.6,2022-04-29T00:00:00.000Z,99.6,82,99.5,99.5,100.4
שיבא,99.6,2022-04-29T00:00:00.000Z,99.6,82,99.5,99.5,100.4
שיבא,99.6,2022-04-29T00:00:00.000Z,99.6,82,99.5,99.5,100.4
שיבא,99.6,2022-04-29T00:00:00.000Z,99.6,82,99.5,99.5,100.4
שיבא,99.6,2022-04-29T00:00:00.000Z,99.6,82,99.5,99.5,100.4
שיבא,99.6,2022-04-29T00:00:00.000Z,99.6,82,99.5,99.5,100.4
שיבא,99.6,2022-04-29T00:00:00.000Z,99.6,82,99.5,99.5,100.4
שיבא,99.6,2022-04-29T00:00:00.000Z,99.6,82,99.5,99.5,100.4
שיבא,99.6,2022-04-29T00:00:00.000Z,99.6,82,99.5,99.5,100.4
שיבא,99.6,2022-04-29T00:00:00.000Z,99.6,82,99.5,99.5,100.4
שיבא,99.6,2022-04-29T00:00:00.000Z,99.6,82,99.5,99.5,100.4
שיבא,99.6,2022-04-29T00:00:00.000Z,99.6,82,99.5,99.5,100.4
שיבא,99.6,2022-04-29T00:00:00.000Z,99.6,82,99.5,99.5,100.4
שיבא,99.6,2022-04-29T00:00:00.000Z,99.6,82,99.5,99.5,100.4
שיבא,99.6,2022-04-29T00:00:00.000Z,99.6,82,99.5,99.5,100.4
שיבא,99.6,2022-04-29T00:00:00.000Z,99.6,82,99.5,99.5,100.4
שיבא,99.6,2022-04-29T00:00:00.000Z,99.6,82,99.5,99.5,100.4
שיבא,99.6,2022-04-29T00:00:00.000Z,99.6,82,99.5,99.5,100.4
ברזילי,91.1,2022-04-29T00:00:00.000Z,91.1,66.7,74.3,74.3,68.7
ברזילי,91.1,2022-04-29T00:00:00.000Z,91.1,66.7,74.3,74.3,68.7
ברזילי,91.1,2022-04-29T00:00:00.000Z,91.1,66.7,74.3,74.3,68.7
ברזילי,91.1,2022-04-29T00:00:00.000Z,91.1,66.7,74.3,74.3,68.7
ברזילי,91.1,2022-04-29T00:00:00.000Z,91.1,66.7,74.3,74.3,68.7
ברזילי,91.1,2022-04-29T00:00:00.000Z,91.1,66.7,74.3,74.3,68.7
ברזילי,91.1,2022-04-29T00:00:00.000Z,91.1,66.7,74.3,74.3,68.7
ברזילי,91.1,2022-04-29T00:00:00.000Z,91.1,66.7,74.3,74.3,68.7
ברזילי,91.1,2022-04-29T00:00:00.000Z,91.1,66.7,74.3,74.3,68.7
ברזילי,91.1,2022-04-29T00:00:00.000Z,91.1,66.7,74.3,74.3,68.7
ברזילי,91.1,2022-04-29T00:00:00.000Z,91.1,66.7,74.3,74.3,68.7
ברזילי,91.1,2022-04-29T00:00:00.000Z,91.1,66.7,74.3,74.3,68.7
ברזילי,91.1,2022-04-29T00:00:00.000Z,91.1,66.7,74.3,74.3,68.7
ברזילי,91.1,2022-04-29T00:00:00.000Z,91.1,66.7,74.3,74.3,68.7
ברזילי,91.1,2022-04-29T00:00:00.000Z,91.1,66.7,74.3,74.3,68.7
ברזילי,91.1,2022-04-29T00:00:00.000Z,91.1,66.7,74.3,74.3,68.7
ברזילי,91.1,2022-04-29T00:00:00.000Z,91.1,66.7,74.3,74.3,68.7
ברזילי,91.1,2022-04-29T00:00:00.000Z,91.1,66.7,74.3,74.3,68.7
ברזילי,91.1,2022-04-29T00:00:00.000Z,91.1,66.7,74.3,74.3,68.7
ברזילי,91.1,2022-04-29T00:00:00.000Z,91.1,66.7,74.3,74.3,68.7
ברזילי,91.1,2022-04-29T00:00:00.000Z,91.1,66.7,74.3,74.3,68.7
ברזילי,91.1,2022-04-29T00:00:00.000Z,91.1,66.7,74.3,74.3,68.7
ברזילי,91.1,2022-04-29T00:00:00.000Z,91.1,66.7,74.3,74.3,68.7
ברזילי,91.1,2022-04-29T00:00:00.000Z,91.1,66.7,74.3,74.3,68.7
ברזילי,91.1,2022-04-29T00:00:00.000Z,91.1,66.7,74.3,74.3,68.7
ברזילי,91.1,2022-04-29T00:00:00.000Z,91.1,66.7,74.3,74.3,68.7
ברזילי,91.1,2022-04-29T00:00:00.000Z,91.1,66.7,74.3,74.3,68.7
ברזילי,91.1,2022-04-29T00:00:00.000Z,91.1,66.7,74.3,74.3,68.7
ברזילי,91.1,2022-04-29T00:00:00.000Z,91.1,66.7,74.3,74.3,68.7
ברזילי,91.1,2022-04-29T00:00:00.000Z,91.1,66.7,74.3,74.3,68.7
ברזילי,91.1,2022-04-29T00:00:00.000Z,91.1,66.7,74.3,74.3,68.7
ברזילי,91.1,2022-04-29T00:00:00.000Z,91.1,66.7,74.3,74.3,68.7
ברזילי,91.1,2022-04-29T00:00:00.000Z,91.1,66.7,74.3,74.3,68.7
ברזילי,91.1,2022-04-29T00:00:00.000Z,91.1,66.7,74.3,74.3,68.7
נהריה,101.6,2022-04-29T00:00:00.000Z,87.9,94.2,78.6,80.5,88.8
נהריה,101.6,2022-04-29T00:00:00.000Z,89.8,92.9,78.6,80.3,87.9
נהריה,101.6,2022-04-29T00:00:00.000Z,91.8,91.7,78.6,80,87
נהריה,101.6,2022-04-29T00:00:00.000Z,93.8,90.4,78.6,79.7,86.1
נהריה,101.6,2022-04-29T00:00:00.000Z,95.7,89.1,78.6,79.5,85.2
נהריה,101.6,2022-04-29T00:00:00.000Z,97.7,87.8,78.6,79.2,84.4
נהריה,101.6,2022-04-29T00:00:00.000Z,99.6,86.5,78.6,78.9,83.5
נהריה,101.6,2022-04-29T00:00:00.000Z,101.6,85.3,78.6,78.6,82.6
נהריה,101.6,2022-04-29T00:00:00.000Z,101.6,85.3,78.6,78.6,82.6
נהריה,101.6,2022-04-29T00:00:00.000Z,101.6,85.3,78.6,78.6,82.6
נהריה,101.6,2022-04-29T00:00:00.000Z,101.6,85.3,78.6,78.6,82.6
נהריה,101.6,2022-04-29T00:00:00.000Z,101.6,85.3,78.6,78.6,82.6
נהריה,101.6,2022-04-29T00:00:00.000Z,101.6,85.3,78.6,78.6,82.6
נהריה,101.6,2022-04-29T00:00:00.000Z,101.6,85.3,78.6,78.6,82.6
נהריה,101.6,2022-04-29T00:00:00.000Z,101.6,85.3,78.6,78.6,82.6
נהריה,101.6,2022-04-29T00:00:00.000Z,101.6,85.3,78.6,78.6,82.6
נהריה,101.6,2022-04-29T00:00:00.000Z,101.6,85.3,78.6,78.6,82.6
נהריה,101.6,2022-04-29T00:00:00.000Z,101.6,85.3,78.6,78.6,82.6
נהריה,101.6,2022-04-29T00:00:00.000Z,101.6,85.3,78.6,78.6,82.6
"רמב""ם",93.9,2022-04-29T00:00:00.000Z,93.9,96,77.1,77.1,88.4
"רמב""ם",93.9,2022-04-29T00:00:00.000Z,93.9,96,77.1,77.1,88.4
"רמב""ם",93.9,2022-04-29T00:00:00.000Z,93.9,96,77.1,77.1,88.4
"רמב""ם",93.9,2022-04-29T00:00:00.000Z,93.9,96,77.1,77.1,88.4
"רמב""ם",93.9,2022-04-29T00:00:00.000Z,93.9,96,77.1,77.1,88.4
"רמב""ם",93.9,2022-04-29T00:00:00.000Z,93.9,96,77.1,77.1,88.4
"רמב""ם",93.9,2022-04-29T00:00:00.000Z,93.9,96,77.1,77.1,88.4
"רמב""ם",93.9,2022-04-29T00:00:00.000Z,93.9,96,77.1,77.1,88.4
"רמב""ם",93.9,2022-04-29T00:00:00.000Z,93.9,96,77.1,77.1,88.4
"רמב""ם",93.9,2022-04-29T00:00:00.000Z,93.9,96,77.1,77.1,88.4
"רמב""ם",93.9,2022-04-29T00:00:00.000Z,93.9,96,77.1,77.1,88.4
"רמב""ם",93.9,2022-04-29T00:00:00.000Z,93.9,96,77.1,77.1,88.4
"רמב""ם",93.9,2022-04-29T00:00:00.000Z,93.9,96,77.1,77.1,88.4
"רמב""ם",93.9,2022-04-29T00:00:00.000Z,93.9,96,77.1,77.1,88.4
"רמב""ם",93.9,2022-04-29T00:00:00.000Z,93.9,96,77.1,77.1,88.4
"רמב""ם",93.9,2022-04-29T00:00:00.000Z,93.9,96,77.1,77.1,88.4
"רמב""ם",93.9,2022-04-29T00:00:00.000Z,93.9,96,77.1,77.1,88.4
"רמב""ם",93.9,2022-04-29T00:00:00.000Z,93.9,96,77.1,77.1,88.4
"רמב""ם",93.9,2022-04-29T00:00:00.000Z,93.9,96,77.1,77.1,88.4
"רמב""ם",93.9,2022-04-29T00:00:00.000Z,93.9,96,77.1,77.1,88.4
"רמב""ם",93.9,2022-04-29T00:00:00.000Z,93.9,96,77.1,77.1,88.4
"רמב""ם",93.9,2022-04-29T00:00:00.000Z,93.9,96,77.1,77.1,88.4
"רמב""ם",93.9,2022-04-29T00:00:00.000Z,93.9,96,77.1,77.1,88.4
"רמב""ם",93.9,2022-04-29T00:00:00.000Z,93.9,96,77.1,77.1,88.4
"רמב""ם",93.9,2022-04-29T00:00:00.000Z,93.9,96,77.1,77.1,88.4
"רמב""ם",93.9,2022-04-29T00:00:00.000Z,93.9,96,77.1,77.1,88.4
"רמב""ם",93.9,2022-04-29T00:00:00.000Z,93.9,96,77.1,77.1,88.4
"רמב""ם",93.9,2022-04-29T00:00:00.000Z,93.9,96,77.1,77.1,88.4
"רמב""ם",93.9,2022-04-29T00:00:00.000Z,93.9,96,77.1,77.1,88.4
"רמב""ם",93.9,2022-04-29T00:00:00.000Z,93.9,96,77.1,77.1,88.4
"רמב""ם",93.9,2022-04-29T00:00:00.000Z,93.9,96,77.1,77.1,88.4
"רמב""ם",93.9,2022-04-29T00:00:00.000Z,93.9,96,77.1,77.1,88.4
"רמב""ם",93.9,2022-04-29T00:00:00.000Z,93.9,96,77.1,77.1,88.4
"רמב""ם",93.9,2022-04-29T00:00:00.000Z,93.9,96,77.1,77.1,88.4
שיבא,99.6,2022-04-29T00:00:00.000Z,99.6,82,99.5,99.5,100.4
שיבא,99.6,2022-04-29T00:00:00.000Z,99.6,82,99.5,99.5,100.4
שיבא,99.6,2022-04-29T00:00:00.000Z,99.6,82,99.5,99.5,100.4
שיבא,99.6,2022-04-29T00:00:00.000Z,99.6,82,99.5,99.5,100.4
שיבא,99.6,2022-04-29T00:00:00.000Z,99.6,82,99.5,99.5,100.4
שיבא,99.6,2022-04-29T00:00:00.000Z,99.6,82,99.5,99.5,100.4
שיבא,99.6,2022-04-29T00:00:00.000Z,99.6,82,99.5,99.5,100.4
שיבא,99.6,2022-04-29T00:00:00.000Z,99.6,82,99.5,99.5,100.4
שיבא,99.6,2022-04-29T00:00:00.000Z,99.6,82,99.5,99.5,100.4
שיבא,99.6,2022-04-29T00:00:00.000Z,99.6,82,99.5,99.5,100.4
שיבא,99.6,2022-04-29T00:00:00.000Z,99.6,82,99.5,99.5,100.4
שיבא,99.6,2022-04-29T00:00:00.000Z,99.6,82,99.5,99.5,100.4
שיבא,99.6,2022-04-29T00:00:00.000Z,99.6,82,99.5,99.5,100.4
שיבא,99.6,2022-04-29T00:00:00.000Z,99.6,82,99.5,99.5,100.4
שיבא,99.6,2022-04-29T00:00:00.000Z,99.6,82,99.5,99.5,100.4
שיבא,99.6,2022-04-29T00:00:00.000Z,99.6,82,99.5,99.5,100.4
שיבא,99.6,2022-04-29T00:00:00.000Z,99.6,82,99.5,99.5,100.4
שיבא,99.6,2022-04-29T00:00:00.000Z,99.6,82,99.5,99.5,100.4
שיבא,99.6,2022-04-29T00:00:00.000Z,99.6,82,99.5,99.5,100.4
שיבא,99.6,2022-04-29T00:00:00.000Z,99.6,82,99.5,99.5,100.4
שיבא,99.6,2022-04-29T00:00:00.000Z,99.6,82,99.5,99.5,100.4
שיבא,99.6,2022-04-29T00:00:00.000Z,99.6,82,99.5,99.5,100.4
שיבא,99.6,2022-04-29T00:00:00.000Z,99.6,82,99.5,99.5,100.4
שיבא,99.6,2022-04-29T00:00:00.000Z,99.6,82,99.5,99.5,100.4
שיבא,99.6,2022-04-29T00:00:00.000Z,99.6,82,99.5,99.5,100.4
שיבא,99.6,2022-04-29T00:00:00.000Z,99.6,82,99.5,99.5,100.4
שיבא,99.6,2022-04-29T00:00:00.000Z,99.6,82,99.5,99.5,100.4
שיבא,99.6,2022-04-29T00:00:00.000Z,99.6,82,99.5,99.5,100.4
שיבא,99.6,2022-04-29T00:00:00.000Z,99.6,82,99.5,99.5,100.4
שיבא,99.6,2022-04-29T00:00:00.000Z,99.6,82,99.5,99.5,100.4
שיבא,99.6,2022-04-29T00:00:00.000Z,99.6,82,99.5,99.5,100.4
שיבא,99.6,2022-04-29T00:00:00.000Z,99.6,82,99.5,99.5,100.4
שיבא,99.6,2022-04-29T00:00:00.000Z,99.6,82,99.5,99.5,100.4
שיבא,99.6,2022-04-29T00:00:00.000Z,99.6,82,99.5,99.5,100.4
שיבא,99.6,2022-04-29T00:00:00.000Z,99.6,82,99.5,99.5,100.4
שיבא,99.6,2022-04-29T00:00:00.000Z,99.6,82,99.5,99.5,100.4
שיבא,99.6,2022-04-29T00:00:00.000Z,99.6,82,99.5,99.5,100.4
שיבא,99.6,2022-04-29T00:00:00.000Z,99.6,82,99.5,99.5,100.4
שיבא,99.6,2022-04-29T00:00:00.000Z,99.6,82,99.5,99.5,100.4
שיבא,99.6,2022-04-29T00:00:00.000Z,99.6,82,99.5,99.5,100.4
שיבא,99.6,2022-04-29T00:00:00.000Z,99.6,82,99.5,99.5,100.4
שיבא,99.6,2022-04-29T00:00:00.000Z,99.6,82,99.5,99.5,100.4
שיבא,99.6,2022-04-29T00:00:00.000Z,99.6,82,99.5,99.5,100.4
שיבא,99.6,2022-04-29T00:00:00.000Z,99.6,82,99.5,99.5,100.4
שיבא,99.6,2022-04-29T00:00:00.000Z,99.6,82,99.5,99.5,100.4
שיבא,99.6,2022-04-29T00:00:00.000Z,99.6,82,99.5,99.5,100.4
שיבא,99.6,2022-04-29T00:00:00.000Z,99.6,82,99.5,99.5,100.4
שיבא,99.6,2022-04-29T00:00:00.000Z,99.6,82,99.5,99.5,100.4
שיבא,99.6,2022-04-29T00:00:00.000Z,99.6,82,99.5,99.5,100.4
שיבא,99.6,2022-04-29T00:00:00.000Z,99.6,82,99.5,99.5,100.4
שיבא,99.6,2022-04-29T00:00:00.000Z,99.6,82,99.5,99.5,100.4
שיבא,99.6,2022-04-29T00:00:00.000Z,99.6,82,99.5,99.5,100.4
שיבא,99.6,2022-04-29T00:00:00.000Z,99.6,82,99.5,99.5,100.4
שיבא,99.6,2022-04-29T00:00:00.000Z,99.6,82,99.5,99.5,100.4
שיבא,99.6,2022-04-29T00:00:00.000Z,99.6,82,99.5,99.5,100.4
שיבא,99.6,2022-04-29T00:00:00.000Z,99.6,82,99.5,99.5,100.4
שיבא,99.6,2022-04-29T00:00:00.000Z,99.6,82,99.5,99.5,100.4
שיבא,99.6,2022-04-29T00:00:00.000Z,99.6,82,99.5,99.5,100.4
שיבא,99.6,2022-04-29T00:00:00.000Z,99.6,82,99.5,99.5,100.4
שיבא,99.6,2022-04-29T00:00:00.000Z,99.6,82,99.5,99.5,100.4
שיבא,99.6,2022-04-29T00:00:00.000Z,99.6,82,99.5,99.5,100.4
שיבא,99.6,2022-04-29T00:00:00.000Z,99.6,82,99.5,99.5,100.4
שיבא,99.6,2022-04-29T00:00:00.000Z,99.6,82,99.5,99.5,100.4
שיבא,99.6,2022-04-29T00:00:00.000Z,99.6,82,99.5,99.5,100.4
שיבא,99.6,2022-04-29T00:00:00.000Z,99.6,82,99.5,99.5,100.4
שיבא,99.6,2022-04-29T00:00:00.000Z,99.6,82,99.5,99.5,100.4
שיבא,99.6,2022-04-29T00:00:00.000Z,99.6,82,99.5,99.5,100.4
שיבא,99.6,2022-04-29T00:00:00.000Z,99.6,82,99.5,99.5,100.4
הלל יפה,102.1,2022-04-29T00:00:00.000Z,97.9,92.5,76.3,80,89.5
הלל יפה,102.1,2022-04-29T00:00:00.000Z,98.5,90.7,76.3,79.5,88.4
הלל יפה,102.1,2022-04-29T00:00:00.000Z,99.1,88.9,76.3,78.9,87.2
הלל יפה,102.1,2022-04-29T00:00:00.000Z,99.7,87.2,76.3,78.4,86.1
הלל יפה,102.1,2022-04-29T00:00:00.000Z,100.3,85.4,76.3,77.9,85
הלל יפה,102.1,2022-04-29T00:00:00.000Z,100.9,83.7,76.3,77.4,83.8
הלל יפה,102.1,2022-04-29T00:00:00.000Z,101.5,81.9,76.3,76.8,82.7
הלל יפה,102.1,2022-04-29T00:00:00.000Z,102.1,80.1,76.3,76.3,81.6
הלל יפה,102.1,2022-04-29T00:00:00.000Z,102.1,80.1,76.3,76.3,81.6
הלל יפה,102.1,2022-04-29T00:00:00.000Z,102.1,80.1,76.3,76.3,81.6
הלל יפה,102.1,2022-04-29T00:00:00.000Z,102.1,80.1,76.3,76.3,81.6
הלל יפה,102.1,2022-04-29T00:00:00.000Z,102.1,80.1,76.3,76.3,81.6
הלל יפה,102.1,2022-04-29T00:00:00.000Z,102.1,80.1,76.3,76.3,81.6
הלל יפה,102.1,2022-04-29T00:00:00.000Z,102.1,80.1,76.3,76.3,81.6
הלל יפה,102.1,2022-04-29T00:00:00.000Z,102.1,80.1,76.3,76.3,81.6
הלל יפה,102.1,2022-04-29T00:00:00.000Z,102.1,80.1,76.3,76.3,81.6
הלל יפה,102.1,2022-04-29T00:00:00.000Z,102.1,80.1,76.3,76.3,81.6
הלל יפה,102.1,2022-04-29T00:00:00.000Z,102.1,80.1,76.3,76.3,81.6
הלל יפה,102.1,2022-04-29T00:00:00.000Z,102.1,80.1,76.3,76.3,81.6
הלל יפה,102.1,2022-04-29T00:00:00.000Z,102.1,80.1,76.3,76.3,81.6
הלל יפה,102.1,2022-04-29T00:00:00.000Z,102.1,80.1,76.3,76.3,81.6
ברזילי,91.1,2022-04-29T00:00:00.000Z,91.1,66.7,74.3,74.3,68.7
ברזילי,91.1,2022-04-29T00:00:00.000Z,91.1,66.7,74.3,74.3,68.7
ברזילי,91.1,2022-04-29T00:00:00.000Z,91.1,66.7,74.3,74.3,68.7
ברזילי,91.1,2022-04-29T00:00:00.000Z,91.1,66.7,74.3,74.3,68.7
ברזילי,91.1,2022-04-29T00:00:00.000Z,91.1,66.7,74.3,74.3,68.7
ברזילי,91.1,2022-04-29T00:00:00.000Z,91.1,66.7,74.3,74.3,68.7
ברזילי,91.1,2022-04-29T00:00:00.000Z,91.1,66.7,74.3,74.3,68.7
ברזילי,91.1,2022-04-29T00:00:00.000Z,91.1,66.7,74.3,74.3,68.7
ברזילי,91.1,2022-04-29T00:00:00.000Z,91.1,66.7,74.3,74.3,68.7
ברזילי,91.1,2022-04-29T00:00:00.000Z,91.1,66.7,74.3,74.3,68.7
ברזילי,91.1,2022-04-29T00:00:00.000Z,91.1,66.7,74.3,74.3,68.7
ברזילי,91.1,2022-04-29T00:00:00.000Z,91.1,66.7,74.3,74.3,68.7
ברזילי,91.1,2022-04-29T00:00:00.000Z,91.1,66.7,74.3,74.3,68.7
ברזילי,91.1,2022-04-29T00:00:00.000Z,91.1,66.7,74.3,74.3,68.7
ברזילי,91.1,2022-04-29T00:00:00.000Z,91.1,66.7,74.3,74.3,68.7
ברזילי,91.1,2022-04-29T00:00:00.000Z,91.1,66.7,74.3,74.3,68.7
ברזילי,91.1,2022-04-29T00:00:00.000Z,91.1,66.7,74.3,74.3,68.7
ברזילי,91.1,2022-04-29T00:00:00.000Z,91.1,66.7,74.3,74.3,68.7
ברזילי,91.1,2022-04-29T00:00:00.000Z,91.1,66.7,74.3,74.3,68.7
ברזילי,91.1,2022-04-29T00:00:00.000Z,91.1,66.7,74.3,74.3,68.7
ברזילי,91.1,2022-04-29T00:00:00.000Z,91.1,66.7,74.3,74.3,68.7
ברזילי,91.1,2022-04-29T00:00:00.000Z,91.1,66.7,74.3,74.3,68.7
ברזילי,91.1,2022-04-29T00:00:00.000Z,91.1,66.7,74.3,74.3,68.7
ברזילי,91.1,2022-04-29T00:00:00.000Z,91.1,66.7,74.3,74.3,68.7
ברזילי,91.1,2022-04-29T00:00:00.000Z,91.1,66.7,74.3,74.3,68.7
ברזילי,91.1,2022-04-29T00:00:00.000Z,91.1,66.7,74.3,74.3,68.7
ברזילי,91.1,2022-04-29T00:00:00.000Z,91.1,66.7,74.3,74.3,68.7
ברזילי,91.1,2022-04-29T00:00:00.000Z,91.1,66.7,74.3,74.3,68.7
ברזילי,91.1,2022-04-29T00:00:00.000Z,91.1,66.7,74.3,74.3,68.7
ברזילי,91.1,2022-04-29T00:00:00.000Z,91.1,66.7,74.3,74.3,68.7
ברזילי,91.1,2022-04-29T00:00:00.000Z,91.1,66.7,74.3,74.3,68.7
ברזילי,91.1,2022-04-29T00:00:00.000Z,91.1,66.7,74.3,74.3,68.7
ברזילי,91.1,2022-04-29T00:00:00.000Z,91.1,66.7,74.3,74.3,68.7
ברזילי,91.1,2022-04-29T00:00:00.000Z,91.1,66.7,74.3,74.3,68.7
"רמב""ם",93.9,2022-04-29T00:00:00.000Z,93.9,96,77.1,77.1,88.4
"רמב""ם",93.9,2022-04-29T00:00:00.000Z,93.9,96,77.1,77.1,88.4
"רמב""ם",93.9,2022-04-29T00:00:00.000Z,93.9,96,77.1,77.1,88.4
"רמב""ם",93.9,2022-04-29T00:00:00.000Z,93.9,96,77.1,77.1,88.4
"רמב""ם",93.9,2022-04-29T00:00:00.000Z,93.9,96,77.1,77.1,88.4
"רמב""ם",93.9,2022-04-29T00:00:00.000Z,93.9,96,77.1,77.1,88.4
"רמב""ם",93.9,2022-04-29T00:00:00.000Z,93.9,96,77.1,77.1,88.4
"רמב""ם",93.9,2022-04-29T00:00:00.000Z,93.9,96,77.1,77.1,88.4
"רמב""ם",93.9,2022-04-29T00:00:00.000Z,93.9,96,77.1,77.1,88.4
"רמב""ם",93.9,2022-04-29T00:00:00.000Z,93.9,96,77.1,77.1,88.4
ברזילי,91.1,2022-04-29T00:00:00.000Z,91.1,66.7,74.3,74.3,68.7
ברזילי,91.1,2022-04-29T00:00:00.000Z,91.1,66.7,74.3,74.3,68.7
ברזילי,91.1,2022-04-29T00:00:00.000Z,91.1,66.7,74.3,74.3,68.7
ברזילי,91.1,2022-04-29T00:00:00.000Z,91.1,66.7,74.3,74.3,68.7
ברזילי,91.1,2022-04-29T00:00:00.000Z,91.1,66.7,74.3,74.3,68.7
ברזילי,91.1,2022-04-29T00:00:00.000Z,91.1,66.7,74.3,74.3,68.7
ברזילי,91.1,2022-04-29T00:00:00.000Z,91.1,66.7,74.3,74.3,68.7
ברזילי,91.1,2022-04-29T00:00:00.000Z,91.1,66.7,74.3,74.3,68.7
ברזילי,91.1,2022-04-29T00:00:00.000Z,91.1,66.7,74.3,74.3,68.7
ברזילי,91.1,2022-04-29T00:00:00.000Z,91.1,66.7,74.3,74.3,68.7
ברזילי,91.1,2022-04-29T00:00:00.000Z,91.1,66.7,74.3,74.3,68.7
ברזילי,91.1,2022-04-29T00:00:00.000Z,91.1,66.7,74.3,74.3,68.7
ברזילי,91.1,2022-04-29T00:00:00.000Z,91.1,66.7,74.3,74.3,68.7
ברזילי,91.1,2022-04-29T00:00:00.000Z,91.1,66.7,74.3,74.3,68.7
ברזילי,91.1,2022-04-29T00:00:00.000Z,91.1,66.7,74.3,74.3,68.7
ברזילי,91.1,2022-04-29T00:00:00.000Z,91.1,66.7,74.3,74.3,68.7
ברזילי,91.1,2022-04-29T00:00:00.000Z,91.1,66.7,74.3,74.3,68.7
ברזילי,91.1,2022-04-29T00:00:00.000Z,91.1,66.7,74.3,74.3,68.7
ברזילי,91.1,2022-04-29T00:00:00.000Z,91.1,66.7,74.3,74.3,68.7
ברזילי,91.1,2022-04-29T00:00:00.000Z,91.1,66.7,74.3,74.3,68.7
ברזילי,91.1,2022-04-29T00:00:00.000Z,91.1,66.7,74.3,74.3,68.7
ברזילי,91.1,2022-04-29T00:00:00.000Z,91.1,66.7,74.3,74.3,68.7
ברזילי,91.1,2022-04-29T00:00:00.000Z,91.1,66.7,74.3,74.3,68.7
ברזילי,91.1,2022-04-29T00:00:00.000Z,91.1,66.7,74.3,74.3,68.7
ברזילי,91.1,2022-04-29T00:00:00.000Z,91.1,66.7,74.3,74.3,68.7
ברזילי,91.1,2022-04-29T00:00:00.000Z,91.1,66.7,74.3,74.3,68.7
ברזילי,91.1,2022-04-29T00:00:00.000Z,91.1,66.7,74.3,74.3,68.7
ברזילי,91.1,2022-04-29T00:00:00.000Z,91.1,66.7,74.3,74.3,68.7
ברזילי,91.1,2022-04-29T00:00:00.000Z,91.1,66.7,74.3,74.3,68.7
ברזילי,91.1,2022-04-29T00:00:00.000Z,91.1,66.7,74.3,74.3,68.7
ברזילי,91.1,2022-04-29T00:00:00.000Z,91.1,66.7,74.3,74.3,68.7
ברזילי,91.1,2022-04-29T00:00:00.000Z,91.1,66.7,74.3,74.3,68.7
ברזילי,91.1,2022-04-29T00:00:00.000Z,91.1,66.7,74.3,74.3,68.7
ברזילי,91.1,2022-04-29T00:00:00.000Z,91.1,66.7,74.3,74.3,68.7
הלל יפה,102.1,2022-04-29T00:00:00.000Z,102.1,80.1,76.3,76.3,81.6
הלל יפה,102.1,2022-04-29T00:00:00.000Z,102.1,80.1,76.3,76.3,81.6
הלל יפה,102.1,2022-04-29T00:00:00.000Z,102.1,80.1,76.3,76.3,81.6
הלל יפה,102.1,2022-04-29T00:00:00.000Z,102.1,80.1,76.3,76.3,81.6
הלל יפה,102.1,2022-04-29T00:00:00.000Z,102.1,80.1,76.3,76.3,81.6
הלל יפה,102.1,2022-04-29T00:00:00.000Z,102.1,80.1,76.3,76.3,81.6
הלל יפה,102.1,2022-04-29T00:00:00.000Z,102.1,80.1,76.3,76.3,81.6
הלל יפה,102.1,2022-04-29T00:00:00.000Z,102.1,80.1,76.3,76.3,81.6
הלל יפה,102.1,2022-04-29T00:00:00.000Z,102.1,80.1,76.3,76.3,81.6
הלל יפה,102.1,2022-04-29T00:00:00.000Z,102.1,80.1,76.3,76.3,81.6
הלל יפה,102.1,2022-04-29T00:00:00.000Z,102.1,80.1,76.3,76.3,81.6
הלל יפה,102.1,2022-04-29T00:00:00.000Z,102.1,80.1,76.3,76.3,81.6
הלל יפה,102.1,2022-04-29T00:00:00.000Z,102.1,80.1,76.3,76.3,81.6
הלל יפה,102.1,2022-04-29T00:00:00.000Z,102.1,80.1,76.3,76.3,81.6
הלל יפה,102.1,2022-04-29T00:00:00.000Z,102.1,80.1,76.3,76.3,81.6
הלל יפה,102.1,2022-04-29T00:00:00.000Z,102.1,80.1,76.3,76.3,81.6
הלל יפה,102.1,2022-04-29T00:00:00.000Z,102.1,80.1,76.3,76.3,81.6
הלל יפה,102.1,2022-04-29T00:00:00.000Z,102.1,80.1,76.3,76.3,81.6
הלל יפה,102.1,2022-04-29T00:00:00.000Z,102.1,80.1,76.3,76.3,81.6
הלל יפה,102.1,2022-04-29T00:00:00.000Z,102.1,80.1,76.3,76.3,81.6
הלל יפה,102.1,2022-04-29T00:00:00.000Z,102.1,80.1,76.3,76.3,81.6
הלל יפה,102.1,2022-04-29T00:00:00.000Z,102.1,80.1,76.3,76.3,81.6
הלל יפה,102.1,2022-04-29T00:00:00.000Z,102.1,80.1,76.3,76.3,81.6
הלל יפה,102.1,2022-04-29T00:00:00.000Z,102.1,80.1,76.3,76.3,81.6
הלל יפה,102.1,2022-04-29T00:00:00.000Z,102.1,80.1,76.3,76.3,81.6
הלל יפה,102.1,2022-04-29T00:00:00.000Z,102.1,80.1,76.3,76.3,81.6
הלל יפה,102.1,2022-04-29T00:00:00.000Z,102.1,80.1,76.3,76.3,81.6
הלל יפה,102.1,2022-04-29T00:00:00.000Z,102.1,80.1,76.3,76.3,81.6
הלל יפה,102.1,2022-04-29T00:00:00.000Z,102.1,80.1,76.3,76.3,81.6
הלל יפה,102.1,2022-04-29T00:00:00.000Z,102.1,80.1,76.3,76.3,81.6
הלל יפה,102.1,2022-04-29T00:00:00.000Z,102.1,80.1,76.3,76.3,81.6
הלל יפה,102.1,2022-04-29T00:00:00.000Z,102.1,80.1,76.3,76.3,81.6
הלל יפה,102.1,2022-04-29T00:00:00.000Z,102.1,80.1,76.3,76.3,81.6
הלל יפה,102.1,2022-04-29T00:00:00.000Z,102.1,80.1,76.3,76.3,81.6
"רמב""ם",93.9,2022-04-29T00:00:00.000Z,93.9,96,77.1,77.1,88.4
"רמב""ם",93.9,2022-04-29T00:00:00.000Z,93.9,96,77.1,77.1,88.4
"רמב""ם",93.9,2022-04-29T00:00:00.000Z,93.9,96,77.1,77.1,88.4
"רמב""ם",93.9,2022-04-29T00:00:00.000Z,93.9,96,77.1,77.1,88.4
"רמב""ם",93.9,2022-04-29T00:00:00.000Z,93.9,96,77.1,77.1,88.4
"רמב""ם",93.9,2022-04-29T00:00:00.000Z,93.9,96,77.1,77.1,88.4
"רמב""ם",93.9,2022-04-29T00:00:00.000Z,93.9,96,77.1,77.1,88.4
"רמב""ם",93.9,2022-04-29T00:00:00.000Z,93.9,96,77.1,77.1,88.4
"רמב""ם",93.9,2022-04-29T00:00:00.000Z,93.9,96,77.1,77.1,88.4
"רמב""ם",93.9,2022-04-29T00:00:00.000Z,93.9,96,77.1,77.1,88.4
"רמב""ם",93.9,2022-04-29T00:00:00.000Z,93.9,96,77.1,77.1,88.4
"רמב""ם",93.9,2022-04-29T00:00:00.000Z,93.9,96,77.1,77.1,88.4
"רמב""ם",93.9,2022-04-29T00:00:00.000Z,93.9,96,77.1,77.1,88.4
"רמב""ם",93.9,2022-04-29T00:00:00.000Z,93.9,96,77.1,77.1,88.4
"רמב""ם",93.9,2022-04-29T00:00:00.000Z,93.9,96,77.1,77.1,88.4
"רמב""ם",93.9,2022-04-29T00:00:00.000Z,93.9,96,77.1,77.1,88.4
"רמב""ם",93.9,2022-04-29T00:00:00.000Z,93.9,96,77.1,77.1,88.4
"רמב""ם",93.9,2022-04-29T00:00:00.000Z,93.9,96,77.1,77.1,88.4
"רמב""ם",93.9,2022-04-29T00:00:00.000Z,93.9,96,77.1,77.1,88.4
"רמב""ם",93.9,2022-04-29T00:00:00.000Z,93.9,96,77.1,77.1,88.4
"רמב""ם",93.9,2022-04-29T00:00:00.000Z,93.9,96,77.1,77.1,88.4
"רמב""ם",93.9,2022-04-29T00:00:00.000Z,93.9,96,77.1,77.1,88.4
"רמב""ם",93.9,2022-04-29T00:00:00.000Z,93.9,96,77.1,77.1,88.4
"רמב""ם",93.9,2022-04-29T00:00:00.000Z,93.9,96,77.1,77.1,88.4
"רמב""ם",93.9,2022-04-29T00:00:00.000Z,93.9,96,77.1,77.1,88.4
"רמב""ם",93.9,2022-04-29T00:00:00.000Z,93.9,96,77.1,77.1,88.4
"רמב""ם",93.9,2022-04-29T00:00:00.000Z,93.9,96,77.1,77.1,88.4
"רמב""ם",93.9,2022-04-29T00:00:00.000Z,93.9,96,77.1,77.1,88.4
"רמב""ם",93.9,2022-04-29T00:00:00.000Z,93.9,96,77.1,77.1,88.4
"רמב""ם",93.9,2022-04-29T00:00:00.000Z,93.9,96,77.1,77.1,88.4
"רמב""ם",93.9,2022-04-29T00:00:00.000Z,93.9,96,77.1,77.1,88.4
"רמב""ם",93.9,2022-04-29T00:00:00.000Z,93.9,96,77.1,77.1,88.4
"רמב""ם",93.9,2022-04-29T00:00:00.000Z,93.9,96,77.1,77.1,88.4
נהריה,101.6,2022-04-29T00:00:00.000Z,101.6,85.3,78.6,78.6,82.6
נהריה,101.6,2022-04-29T00:00:00.000Z,101.6,85.3,78.6,78.6,82.6
נהריה,101.6,2022-04-29T00:00:00.000Z,101.6,85.3,78.6,78.6,82.6
נהריה,101.6,2022-04-29T00:00:00.000Z,101.6,85.3,78.6,78.6,82.6
נהריה,101.6,2022-04-29T00:00:00.000Z,101.6,85.3,78.6,78.6,82.6
נהריה,101.6,2022-04-29T00:00:00.000Z,101.6,85.3,78.6,78.6,82.6
נהריה,101.6,2022-04-29T00:00:00.000Z,101.6,85.3,78.6,78.6,82.6
נהריה,101.6,2022-04-29T00:00:00.000Z,101.6,85.3,78.6,78.6,82.6
נהריה,101.6,2022-04-29T00:00:00.000Z,101.6,85.3,78.6,78.6,82.6
נהריה,101.6,2022-04-29T00:00:00.000Z,101.6,85.3,78.6,78.6,82.6
נהריה,101.6,2022-04-29T00:00:00.000Z,101.6,85.3,78.6,78.6,82.6
נהריה,101.6,2022-04-29T00:00:00.000Z,101.6,85.3,78.6,78.6,82.6
נהריה,101.6,2022-04-29T00:00:00.000Z,101.6,85.3,78.6,78.6,82.6
נהריה,101.6,2022-04-29T00:00:00.000Z,101.6,85.3,78.6,78.6,82.6
נהריה,101.6,2022-04-29T00:00:00.000Z,101.6,85.3,78.6,78.6,82.6
נהריה,101.6,2022-04-29T00:00:00.000Z,101.6,85.3,78.6,78.6,82.6
נהריה,101.6,2022-04-29T00:00:00.000Z,101.6,85.3,78.6,78.6,82.6
נהריה,101.6,2022-04-29T00:00:00.000Z,101.6,85.3,78.6,78.6,82.6
נהריה,101.6,2022-04-29T00:00:00.000Z,101.6,85.3,78.6,78.6,82.6
נהריה,101.6,2022-04-29T00:00:00.000Z,101.6,85.3,78.6,78.6,82.6
נהריה,101.6,2022-04-29T00:00:00.000Z,101.6,85.3,78.6,78.6,82.6
נהריה,101.6,2022-04-29T00:00:00.000Z,101.6,85.3,78.6,78.6,82.6
נהריה,101.6,2022-04-29T00:00:00.000Z,101.6,85.3,78.6,78.6,82.6
נהריה,101.6,2022-04-29T00:00:00.000Z,101.6,85.3,78.6,78.6,82.6
נהריה,101.6,2022-04-29T00:00:00.000Z,101.6,85.3,78.6,78.6,82.6
נהריה,101.6,2022-04-29T00:00:00.000Z,101.6,85.3,78.6,78.6,82.6
נהריה,101.6,2022-04-29T00:00:00.000Z,101.6,85.3,78.6,78.6,82.6
נהריה,101.6,2022-04-29T00:00:00.000Z,101.6,85.3,78.6,78.6,82.6
נהריה,101.6,2022-04-29T00:00:00.000Z,101.6,85.3,78.6,78.6,82.6
נהריה,101.6,2022-04-29T00:00:00.000Z,101.6,85.3,78.6,78.6,82.6
נהריה,101.6,2022-04-29T00:00:00.000Z,101.6,85.3,78.6,78.6,82.6
נהריה,101.6,2022-04-29T00:00:00.000Z,101.6,85.3,78.6,78.6,82.6
נהריה,101.6,2022-04-29T00:00:00.000Z,101.6,85.3,78.6,78.6,82.6
נהריה,101.6,2022-04-29T00:00:00.000Z,101.6,85.3,78.6,78.6,82.6
נהריה,101.6,2022-04-29T00:00:00.000Z,101.6,85.3,78.6,78.6,82.6
נהריה,101.6,2022-04-29T00:00:00.000Z,101.6,85.3,78.6,78.6,82.6
נהריה,101.6,2022-04-29T00:00:00.000Z,101.6,85.3,78.6,78.6,82.6
נהריה,101.6,2022-04-29T00:00:00.000Z,101.6,85.3,78.6,78.6,82.6
נהריה,101.6,2022-04-29T00:00:00.000Z,101.6,85.3,78.6,78.6,82.6
נהריה,101.6,2022-04-29T00:00:00.000Z,101.6,85.3,78.6,78.6,82.6
נהריה,101.6,2022-04-29T00:00:00.000Z,101.6,85.3,78.6,78.6,82.6
נהריה,101.6,2022-04-29T00:00:00.000Z,101.6,85.3,78.6,78.6,82.6
נהריה,101.6,2022-04-29T00:00:00.000Z,101.6,85.3,78.6,78.6,82.6
נהריה,101.6,2022-04-29T00:00:00.000Z,101.6,85.3,78.6,78.6,82.6
נהריה,101.6,2022-04-29T00:00:00.000Z,101.6,85.3,78.6,78.6,82.6
נהריה,101.6,2022-04-29T00:00:00.000Z,101.6,85.3,78.6,78.6,82.6
נהריה,101.6,2022-04-29T00:00:00.000Z,101.6,85.3,78.6,78.6,82.6
נהריה,101.6,2022-04-29T00:00:00.000Z,101.6,85.3,78.6,78.6,82.6
נהריה,101.6,2022-04-29T00:00:00.000Z,101.6,85.3,78.6,78.6,82.6
נהריה,101.6,2022-04-29T00:00:00.000Z,101.6,85.3,78.6,78.6,82.6
נהריה,101.6,2022-04-29T00:00:00.000Z,101.6,85.3,78.6,78.6,82.6
נהריה,101.6,2022-04-29T00:00:00.000Z,101.6,85.3,78.6,78.6,82.6
נהריה,101.6,2022-04-29T00:00:00.000Z,101.6,85.3,78.6,78.6,82.6
נהריה,101.6,2022-04-29T00:00:00.000Z,101.6,85.3,78.6,78.6,82.6
נהריה,101.6,2022-04-29T00:00:00.000Z,101.6,85.3,78.6,78.6,82.6
נהריה,101.6,2022-04-29T00:00:00.000Z,101.6,85.3,78.6,78.6,82.6
נהריה,101.6,2022-04-29T00:00:00.000Z,101.6,85.3,78.6,78.6,82.6
נהריה,101.6,2022-04-29T00:00:00.000Z,101.6,85.3,78.6,78.6,82.6
נהריה,101.6,2022-04-29T00:00:00.000Z,101.6,85.3,78.6,78.6,82.6
נהריה,101.6,2022-04-29T00:00:00.000Z,101.6,85.3,78.6,78.6,82.6
נהריה,101.6,2022-04-29T00:00:00.000Z,101.6,85.3,78.6,78.6,82.6
נהריה,101.6,2022-04-29T00:00:00.000Z,101.6,85.3,78.6,78.6,82.6
נהריה,101.6,2022-04-29T00:00:00.000Z,101.6,85.3,78.6,78.6,82.6
נהריה,101.6,2022-04-29T00:00:00.000Z,101.6,85.3,78.6,78.6,82.6
נהריה,101.6,2022-04-29T00:00:00.000Z,101.6,85.3,78.6,78.6,82.6
נהריה,101.6,2022-04-29T00:00:00.000Z,101.6,85.3,78.6,78.6,82.6
נהריה,101.6,2022-04-29T00:00:00.000Z,101.6,85.3,78.6,78.6,82.6
נהריה,101.6,2022-04-29T00:00:00.000Z,101.6,85.3,78.6,78.6,82.6
שיבא,99.6,2022-04-29T00:00:00.000Z,99.6,82,99.5,99.5,100.4
שיבא,99.6,2022-04-29T00:00:00.000Z,99.6,82,99.5,99.5,100.4
שיבא,99.6,2022-04-29T00:00:00.000Z,99.6,82,99.5,99.5,100.4
שיבא,99.6,2022-04-29T00:00:00.000Z,99.6,82,99.5,99.5,100.4
שיבא,99.6,2022-04-29T00:00:00.000Z,99.6,82,99.5,99.5,100.4
שיבא,99.6,2022-04-29T00:00:00.000Z,99.6,82,99.5,99.5,100.4
שיבא,99.6,2022-04-29T00:00:00.000Z,99.6,82,99.5,99.5,100.4
שיבא,99.6,2022-04-29T00:00:00.000Z,99.6,82,99.5,99.5,100.4
שיבא,99.6,2022-04-29T00:00:00.000Z,99.6,82,99.5,99.5,100.4
שיבא,99.6,2022-04-29T00:00:00.000Z,99.6,82,99.5,99.5,100.4
שיבא,99.6,2022-04-29T00:00:00.000Z,99.6,82,99.5,99.5,100.4
שיבא,99.6,2022-04-29T00:00:00.000Z,99.6,82,99.5,99.5,100.4
שיבא,99.6,2022-04-29T00:00:00.000Z,99.6,82,99.5,99.5,100.4
שיבא,99.6,2022-04-29T00:00:00.000Z,99.6,82,99.5,99.5,100.4
שיבא,99.6,2022-04-29T00:00:00.000Z,99.6,82,99.5,99.5,100.4
שיבא,99.6,2022-04-29T00:00:00.000Z,99.6,82,99.5,99.5,100.4
שיבא,99.6,2022-04-29T00:00:00.000Z,99.6,82,99.5,99.5,100.4
שיבא,99.6,2022-04-29T00:00:00.000Z,99.6,82,99.5,99.5,100.4
שיבא,99.6,2022-04-29T00:00:00.000Z,99.6,82,99.5,99.5,100.4
שיבא,99.6,2022-04-29T00:00:00.000Z,99.6,82,99.5,99.5,100.4
שיבא,99.6,2022-04-29T00:00:00.000Z,99.6,82,99.5,99.5,100.4
שיבא,99.6,2022-04-29T00:00:00.000Z,99.6,82,99.5,99.5,100.4
שיבא,99.6,2022-04-29T00:00:00.000Z,99.6,82,99.5,99.5,100.4
שיבא,99.6,2022-04-29T00:00:00.000Z,99.6,82,99.5,99.5,100.4
שיבא,99.6,2022-04-29T00:00:00.000Z,99.6,82,99.5,99.5,100.4
שיבא,99.6,2022-04-29T00:00:00.000Z,99.6,82,99.5,99.5,100.4
שיבא,99.6,2022-04-29T00:00:00.000Z,99.6,82,99.5,99.5,100.4
שיבא,99.6,2022-04-29T00:00:00.000Z,99.6,82,99.5,99.5,100.4
שיבא,99.6,2022-04-29T00:00:00.000Z,99.6,82,99.5,99.5,100.4
שיבא,99.6,2022-04-29T00:00:00.000Z,99.6,82,99.5,99.5,100.4
שיבא,99.6,2022-04-29T00:00:00.000Z,99.6,82,99.5,99.5,100.4
שיבא,99.6,2022-04-29T00:00:00.000Z,99.6,82,99.5,99.5,100.4
שיבא,99.6,2022-04-29T00:00:00.000Z,99.6,82,99.5,99.5,100.4
שיבא,99.6,2022-04-29T00:00:00.000Z,99.6,82,99.5,99.5,100.4
ברזילי,91.1,2022-04-29T00:00:00.000Z,91.1,66.7,74.3,74.3,68.7
ברזילי,91.1,2022-04-29T00:00:00.000Z,91.1,66.7,74.3,74.3,68.7
ברזילי,91.1,2022-04-29T00:00:00.000Z,91.1,66.7,74.3,74.3,68.7
ברזילי,91.1,2022-04-29T00:00:00.000Z,91.1,66.7,74.3,74.3,68.7
ברזילי,91.1,2022-04-29T00:00:00.000Z,91.1,66.7,74.3,74.3,68.7
ברזילי,91.1,2022-04-29T00:00:00.000Z,91.1,66.7,74.3,74.3,68.7
ברזילי,91.1,2022-04-29T00:00:00.000Z,91.1,66.7,74.3,74.3,68.7
ברזילי,91.1,2022-04-29T00:00:00.000Z,91.1,66.7,74.3,74.3,68.7
ברזילי,91.1,2022-04-29T00:00:00.000Z,91.1,66.7,74.3,74.3,68.7
ברזילי,91.1,2022-04-29T00:00:00.000Z,91.1,66.7,74.3,74.3,68.7
ברזילי,91.1,2022-04-29T00:00:00.000Z,91.1,66.7,74.3,74.3,68.7
ברזילי,91.1,2022-04-29T00:00:00.000Z,91.1,66.7,74.3,74.3,68.7
ברזילי,91.1,2022-04-29T00:00:00.000Z,91.1,66.7,74.3,74.3,68.7
ברזילי,91.1,2022-04-29T00:00:00.000Z,91.1,66.7,74.3,74.3,68.7
ברזילי,91.1,2022-04-29T00:00:00.000Z,91.1,66.7,74.3,74.3,68.7
ברזילי,91.1,2022-04-29T00:00:00.000Z,91.1,66.7,74.3,74.3,68.7
ברזילי,91.1,2022-04-29T00:00:00.000Z,91.1,66.7,74.3,74.3,68.7
ברזילי,91.1,2022-04-29T00:00:00.000Z,91.1,66.7,74.3,74.3,68.7
ברזילי,91.1,2022-04-29T00:00:00.000Z,91.1,66.7,74.3,74.3,68.7
ברזילי,91.1,2022-04-29T00:00:00.000Z,91.1,66.7,74.3,74.3,68.7
ברזילי,91.1,2022-04-29T00:00:00.000Z,91.1,66.7,74.3,74.3,68.7
ברזילי,91.1,2022-04-29T00:00:00.000Z,91.1,66.7,74.3,74.3,68.7
ברזילי,91.1,2022-04-29T00:00:00.000Z,91.1,66.7,74.3,74.3,68.7
ברזילי,91.1,2022-04-29T00:00:00.000Z,91.1,66.7,74.3,74.3,68.7
ברזילי,91.1,2022-04-29T00:00:00.000Z,91.1,66.7,74.3,74.3,68.7
ברזילי,91.1,2022-04-29T00:00:00.000Z,91.1,66.7,74.3,74.3,68.7
ברזילי,91.1,2022-04-29T00:00:00.000Z,91.1,66.7,74.3,74.3,68.7
ברזילי,91.1,2022-04-29T00:00:00.000Z,91.1,66.7,74.3,74.3,68.7
ברזילי,91.1,2022-04-29T00:00:00.000Z,91.1,66.7,74.3,74.3,68.7
ברזילי,91.1,2022-04-29T00:00:00.000Z,91.1,66.7,74.3,74.3,68.7
ברזילי,91.1,2022-04-29T00:00:00.000Z,91.1,66.7,74.3,74.3,68.7
ברזילי,91.1,2022-04-29T00:00:00.000Z,91.1,66.7,74.3,74.3,68.7
ברזילי,91.1,2022-04-29T00:00:00.000Z,91.1,66.7,74.3,74.3,68.7
ברזילי,91.1,2022-04-29T00:00:00.000Z,91.1,66.7,74.3,74.3,68.7
יוספטל,75,2022-04-29T00:00:00.000Z,93.8,56.3,40,58.5,53.8
יוספטל,75,2022-04-29T00:00:00.000Z,91.1,56.3,40,55.8,52.5
יוספטל,75,2022-04-29T00:00:00.000Z,88.4,56.3,40,53.2,51.2
יוספטל,75,2022-04-29T00:00:00.000Z,85.7,56.3,40,50.5,49.9
יוספטל,75,2022-04-29T00:00:00.000Z,83,56.3,40,47.9,48.6
יוספטל,75,2022-04-29T00:00:00.000Z,80.4,56.3,40,45.3,47.3
יוספטל,75,2022-04-29T00:00:00.000Z,77.7,56.3,40,42.6,45.9
יוספטל,75,2022-04-29T00:00:00.000Z,75,56.3,40,40,44.6
יוספטל,75,2022-04-29T00:00:00.000Z,75,56.3,40,40,44.6
יוספטל,75,2022-04-29T00:00:00.000Z,75,56.3,40,40,44.6
יוספטל,75,2022-04-29T00:00:00.000Z,75,56.3,40,40,44.6
יוספטל,75,2022-04-29T00:00:00.000Z,75,56.3,40,40,44.6
יוספטל,75,2022-04-29T00:00:00.000Z,75,56.3,40,40,44.6
יוספטל,75,2022-04-29T00:00:00.000Z,75,56.3,40,40,44.6
יוספטל,75,2022-04-29T00:00:00.000Z,75,56.3,40,40,44.6
יוספטל,75,2022-04-29T00:00:00.000Z,75,56.3,40,40,44.6
יוספטל,75,2022-04-29T00:00:00.000Z,75,56.3,40,40,44.6
יוספטל,75,2022-04-29T00:00:00.000Z,75,56.3,40,40,44.6
יוספטל,75,2022-04-29T00:00:00.000Z,75,56.3,40,40,44.6
הלל יפה,102.1,2022-04-29T00:00:00.000Z,102.1,80.1,76.3,76.3,81.6
הלל יפה,102.1,2022-04-29T00:00:00.000Z,102.1,80.1,76.3,76.3,81.6
שיבא,99.6,2022-04-29T00:00:00.000Z,99.6,82,99.5,99.5,100.4
שיבא,99.6,2022-04-29T00:00:00.000Z,99.6,82,99.5,99.5,100.4
שיבא,99.6,2022-04-29T00:00:00.000Z,99.6,82,99.5,99.5,100.4
שיבא,99.6,2022-04-29T00:00:00.000Z,99.6,82,99.5,99.5,100.4
שיבא,99.6,2022-04-29T00:00:00.000Z,99.6,82,99.5,99.5,100.4
שיבא,99.6,2022-04-29T00:00:00.000Z,99.6,82,99.5,99.5,100.4
שיבא,99.6,2022-04-29T00:00:00.000Z,99.6,82,99.5,99.5,100.4
שיבא,99.6,2022-04-29T00:00:00.000Z,99.6,82,99.5,99.5,100.4
שיבא,99.6,2022-04-29T00:00:00.000Z,99.6,82,99.5,99.5,100.4
שיבא,99.6,2022-04-29T00:00:00.000Z,99.6,82,99.5,99.5,100.4
שיבא,99.6,2022-04-29T00:00:00.000Z,99.6,82,99.5,99.5,100.4
שיבא,99.6,2022-04-29T00:00:00.000Z,99.6,82,99.5,99.5,100.4
שיבא,99.6,2022-04-29T00:00:00.000Z,99.6,82,99.5,99.5,100.4
שיבא,99.6,2022-04-29T00:00:00.000Z,99.6,82,99.5,99.5,100.4
שיבא,99.6,2022-04-29T00:00:00.000Z,99.6,82,99.5,99.5,100.4
שיבא,99.6,2022-04-29T00:00:00.000Z,99.6,82,99.5,99.5,100.4
שיבא,99.6,2022-04-29T00:00:00.000Z,99.6,82,99.5,99.5,100.4
שיבא,99.6,2022-04-29T00:00:00.000Z,99.6,82,99.5,99.5,100.4
שיבא,99.6,2022-04-29T00:00:00.000Z,99.6,82,99.5,99.5,100.4
שיבא,99.6,2022-04-29T00:00:00.000Z,99.6,82,99.5,99.5,100.4
שיבא,99.6,2022-04-29T00:00:00.000Z,99.6,82,99.5,99.5,100.4
שיבא,99.6,2022-04-29T00:00:00.000Z,99.6,82,99.5,99.5,100.4
שיבא,99.6,2022-04-29T00:00:00.000Z,99.6,82,99.5,99.5,100.4
שיבא,99.6,2022-04-29T00:00:00.000Z,99.6,82,99.5,99.5,100.4
שיבא,99.6,2022-04-29T00:00:00.000Z,99.6,82,99.5,99.5,100.4
שיבא,99.6,2022-04-29T00:00:00.000Z,99.6,82,99.5,99.5,100.4
שיבא,99.6,2022-04-29T00:00:00.000Z,99.6,82,99.5,99.5,100.4
שיבא,99.6,2022-04-29T00:00:00.000Z,99.6,82,99.5,99.5,100.4
שיבא,99.6,2022-04-29T00:00:00.000Z,99.6,82,99.5,99.5,100.4
שיבא,99.6,2022-04-29T00:00:00.000Z,99.6,82,99.5,99.5,100.4
שיבא,99.6,2022-04-29T00:00:00.000Z,99.6,82,99.5,99.5,100.4
שיבא,99.6,2022-04-29T00:00:00.000Z,99.6,82,99.5,99.5,100.4
שיבא,99.6,2022-04-29T00:00:00.000Z,99.6,82,99.5,99.5,100.4
שיבא,99.6,2022-04-29T00:00:00.000Z,99.6,82,99.5,99.5,100.4
שיבא,99.6,2022-04-29T00:00:00.000Z,99.6,82,99.5,99.5,100.4
שיבא,99.6,2022-04-29T00:00:00.000Z,99.6,82,99.5,99.5,100.4
שיבא,99.6,2022-04-29T00:00:00.000Z,99.6,82,99.5,99.5,100.4
שיבא,99.6,2022-04-29T00:00:00.000Z,99.6,82,99.5,99.5,100.4
שיבא,99.6,2022-04-29T00:00:00.000Z,99.6,82,99.5,99.5,100.4
שיבא,99.6,2022-04-29T00:00:00.000Z,99.6,82,99.5,99.5,100.4
שיבא,99.6,2022-04-29T00:00:00.000Z,99.6,82,99.5,99.5,100.4
שיבא,99.6,2022-04-29T00:00:00.000Z,99.6,82,99.5,99.5,100.4
שיבא,99.6,2022-04-29T00:00:00.000Z,99.6,82,99.5,99.5,100.4
שיבא,99.6,2022-04-29T00:00:00.000Z,99.6,82,99.5,99.5,100.4
שיבא,99.6,2022-04-29T00:00:00.000Z,99.6,82,99.5,99.5,100.4
שיבא,99.6,2022-04-29T00:00:00.000Z,99.6,82,99.5,99.5,100.4
שיבא,99.6,2022-04-29T00:00:00.000Z,99.6,82,99.5,99.5,100.4
שיבא,99.6,2022-04-29T00:00:00.000Z,99.6,82,99.5,99.5,100.4
שיבא,99.6,2022-04-29T00:00:00.000Z,99.6,82,99.5,99.5,100.4
שיבא,99.6,2022-04-29T00:00:00.000Z,99.6,82,99.5,99.5,100.4
שיבא,99.6,2022-04-29T00:00:00.000Z,99.6,82,99.5,99.5,100.4
שיבא,99.6,2022-04-29T00:00:00.000Z,99.6,82,99.5,99.5,100.4
שיבא,99.6,2022-04-29T00:00:00.000Z,99.6,82,99.5,99.5,100.4
שיבא,99.6,2022-04-29T00:00:00.000Z,99.6,82,99.5,99.5,100.4
שיבא,99.6,2022-04-29T00:00:00.000Z,99.6,82,99.5,99.5,100.4
שיבא,99.6,2022-04-29T00:00:00.000Z,99.6,82,99.5,99.5,100.4
שיבא,99.6,2022-04-29T00:00:00.000Z,99.6,82,99.5,99.5,100.4
שיבא,99.6,2022-04-29T00:00:00.000Z,99.6,82,99.5,99.5,100.4
שיבא,99.6,2022-04-29T00:00:00.000Z,99.6,82,99.5,99.5,100.4
שיבא,99.6,2022-04-29T00:00:00.000Z,99.6,82,99.5,99.5,100.4
שיבא,99.6,2022-04-29T00:00:00.000Z,99.6,82,99.5,99.5,100.4
שיבא,99.6,2022-04-29T00:00:00.000Z,99.6,82,99.5,99.5,100.4
שיבא,99.6,2022-04-29T00:00:00.000Z,99.6,82,99.5,99.5,100.4
שיבא,99.6,2022-04-29T00:00:00.000Z,99.6,82,99.5,99.5,100.4
שיבא,99.6,2022-04-29T00:00:00.000Z,99.6,82,99.5,99.5,100.4
שיבא,99.6,2022-04-29T00:00:00.000Z,99.6,82,99.5,99.5,100.4
שיבא,99.6,2022-04-29T00:00:00.000Z,99.6,82,99.5,99.5,100.4
שיבא,99.6,2022-04-29T00:00:00.000Z,99.6,82,99.5,99.5,100.4
יוספטל,75,2022-04-29T00:00:00.000Z,75,56.3,40,40,44.6
יוספטל,75,2022-04-29T00:00:00.000Z,75,56.3,40,40,44.6
יוספטל,75,2022-04-29T00:00:00.000Z,75,56.3,40,40,44.6
יוספטל,75,2022-04-29T00:00:00.000Z,75,56.3,40,40,44.6
יוספטל,75,2022-04-29T00:00:00.000Z,75,56.3,40,40,44.6
יוספטל,75,2022-04-29T00:00:00.000Z,75,56.3,40,40,44.6
יוספטל,75,2022-04-29T00:00:00.000Z,75,56.3,40,40,44.6
יוספטל,75,2022-04-29T00:00:00.000Z,75,56.3,40,40,44.6
יוספטל,75,2022-04-29T00:00:00.000Z,75,56.3,40,40,44.6
יוספטל,75,2022-04-29T00:00:00.000Z,75,56.3,40,40,44.6
יוספטל,75,2022-04-29T00:00:00.000Z,75,56.3,40,40,44.6
יוספטל,75,2022-04-29T00:00:00.000Z,75,56.3,40,40,44.6
יוספטל,75,2022-04-29T00:00:00.000Z,75,56.3,40,40,44.6
יוספטל,75,2022-04-29T00:00:00.000Z,75,56.3,40,40,44.6
יוספטל,75,2022-04-29T00:00:00.000Z,75,56.3,40,40,44.6
יוספטל,75,2022-04-29T00:00:00.000Z,75,56.3,40,40,44.6
יוספטל,75,2022-04-29T00:00:00.000Z,75,56.3,40,40,44.6
יוספטל,75,2022-04-29T00:00:00.000Z,75,56.3,40,40,44.6
יוספטל,75,2022-04-29T00:00:00.000Z,75,56.3,40,40,44.6
יוספטל,75,2022-04-29T00:00:00.000Z,75,56.3,40,40,44.6
יוספטל,75,2022-04-29T00:00:00.000Z,75,56.3,40,40,44.6
יוספטל,75,2022-04-29T00:00:00.000Z,75,56.3,40,40,44.6
יוספטל,75,2022-04-29T00:00:00.000Z,75,56.3,40,40,44.6
יוספטל,75,2022-04-29T00:00:00.000Z,75,56.3,40,40,44.6
יוספטל,75,2022-04-29T00:00:00.000Z,75,56.3,40,40,44.6
יוספטל,75,2022-04-29T00:00:00.000Z,75,56.3,40,40,44.6
יוספטל,75,2022-04-29T00:00:00.000Z,75,56.3,40,40,44.6
יוספטל,75,2022-04-29T00:00:00.000Z,75,56.3,40,40,44.6
יוספטל,75,2022-04-29T00:00:00.000Z,75,56.3,40,40,44.6
יוספטל,75,2022-04-29T00:00:00.000Z,75,56.3,40,40,44.6
יוספטל,75,2022-04-29T00:00:00.000Z,75,56.3,40,40,44.6
יוספטל,75,2022-04-29T00:00:00.000Z,75,56.3,40,40,44.6
יוספטל,75,2022-04-29T00:00:00.000Z,75,56.3,40,40,44.6
יוספטל,75,2022-04-29T00:00:00.000Z,75,56.3,40,40,44.6
יוספטל,75,2022-04-29T00:00:00.000Z,75,56.3,40,40,44.6
יוספטל,75,2022-04-29T00:00:00.000Z,75,56.3,40,40,44.6
יוספטל,75,2022-04-29T00:00:00.000Z,75,56.3,40,40,44.6
יוספטל,75,2022-04-29T00:00:00.000Z,75,56.3,40,40,44.6
יוספטל,75,2022-04-29T00:00:00.000Z,75,56.3,40,40,44.6
יוספטל,75,2022-04-29T00:00:00.000Z,75,56.3,40,40,44.6
יוספטל,75,2022-04-29T00:00:00.000Z,75,56.3,40,40,44.6
יוספטל,75,2022-04-29T00:00:00.000Z,75,56.3,40,40,44.6
יוספטל,75,2022-04-29T00:00:00.000Z,75,56.3,40,40,44.6
יוספטל,75,2022-04-29T00:00:00.000Z,75,56.3,40,40,44.6
יוספטל,75,2022-04-29T00:00:00.000Z,75,56.3,40,40,44.6
יוספטל,75,2022-04-29T00:00:00.000Z,75,56.3,40,40,44.6
יוספטל,75,2022-04-29T00:00:00.000Z,75,56.3,40,40,44.6
יוספטל,75,2022-04-29T00:00:00.000Z,75,56.3,40,40,44.6
יוספטל,75,2022-04-29T00:00:00.000Z,75,56.3,40,40,44.6
יוספטל,75,2022-04-29T00:00:00.000Z,75,56.3,40,40,44.6
יוספטל,75,2022-04-29T00:00:00.000Z,75,56.3,40,40,44.6
יוספטל,75,2022-04-29T00:00:00.000Z,75,56.3,40,40,44.6
יוספטל,75,2022-04-29T00:00:00.000Z,75,56.3,40,40,44.6
יוספטל,75,2022-04-29T00:00:00.000Z,75,56.3,40,40,44.6
יוספטל,75,2022-04-29T00:00:00.000Z,75,56.3,40,40,44.6
יוספטל,75,2022-04-29T00:00:00.000Z,75,56.3,40,40,44.6
יוספטל,75,2022-04-29T00:00:00.000Z,75,56.3,40,40,44.6
יוספטל,75,2022-04-29T00:00:00.000Z,75,56.3,40,40,44.6
יוספטל,75,2022-04-29T00:00:00.000Z,75,56.3,40,40,44.6
יוספטל,75,2022-04-29T00:00:00.000Z,75,56.3,40,40,44.6
יוספטל,75,2022-04-29T00:00:00.000Z,75,56.3,40,40,44.6
יוספטל,75,2022-04-29T00:00:00.000Z,75,56.3,40,40,44.6
יוספטל,75,2022-04-29T00:00:00.000Z,75,56.3,40,40,44.6
יוספטל,75,2022-04-29T00:00:00.000Z,75,56.3,40,40,44.6
יוספטל,75,2022-04-29T00:00:00.000Z,75,56.3,40,40,44.6
יוספטל,75,2022-04-29T00:00:00.000Z,75,56.3,40,40,44.6
יוספטל,75,2022-04-29T00:00:00.000Z,75,56.3,40,40,44.6
יוספטל,75,2022-04-29T00:00:00.000Z,75,56.3,40,40,44.6
נהריה,101.6,2022-04-29T00:00:00.000Z,101.6,85.3,78.6,78.6,82.6
נהריה,101.6,2022-04-29T00:00:00.000Z,101.6,85.3,78.6,78.6,82.6
נהריה,101.6,2022-04-29T00:00:00.000Z,101.6,85.3,78.6,78.6,82.6
נהריה,101.6,2022-04-29T00:00:00.000Z,101.6,85.3,78.6,78.6,82.6
נהריה,101.6,2022-04-29T00:00:00.000Z,101.6,85.3,78.6,78.6,82.6
נהריה,101.6,2022-04-29T00:00:00.000Z,101.6,85.3,78.6,78.6,82.6
נהריה,101.6,2022-04-29T00:00:00.000Z,101.6,85.3,78.6,78.6,82.6
נהריה,101.6,2022-04-29T00:00:00.000Z,101.6,85.3,78.6,78.6,82.6
נהריה,101.6,2022-04-29T00:00:00.000Z,101.6,85.3,78.6,78.6,82.6
נהריה,101.6,2022-04-29T00:00:00.000Z,101.6,85.3,78.6,78.6,82.6
נהריה,101.6,2022-04-29T00:00:00.000Z,101.6,85.3,78.6,78.6,82.6
נהריה,101.6,2022-04-29T00:00:00.000Z,101.6,85.3,78.6,78.6,82.6
נהריה,101.6,2022-04-29T00:00:00.000Z,101.6,85.3,78.6,78.6,82.6
נהריה,101.6,2022-04-29T00:00:00.000Z,101.6,85.3,78.6,78.6,82.6
נהריה,101.6,2022-04-29T00:00:00.000Z,101.6,85.3,78.6,78.6,82.6
נהריה,101.6,2022-04-29T00:00:00.000Z,101.6,85.3,78.6,78.6,82.6
נהריה,101.6,2022-04-29T00:00:00.000Z,101.6,85.3,78.6,78.6,82.6
נהריה,101.6,2022-04-29T00:00:00.000Z,101.6,85.3,78.6,78.6,82.6
נהריה,101.6,2022-04-29T00:00:00.000Z,101.6,85.3,78.6,78.6,82.6
נהריה,101.6,2022-04-29T00:00:00.000Z,101.6,85.3,78.6,78.6,82.6
נהריה,101.6,2022-04-29T00:00:00.000Z,101.6,85.3,78.6,78.6,82.6
נהריה,101.6,2022-04-29T00:00:00.000Z,101.6,85.3,78.6,78.6,82.6
נהריה,101.6,2022-04-29T00:00:00.000Z,101.6,85.3,78.6,78.6,82.6
נהריה,101.6,2022-04-29T00:00:00.000Z,101.6,85.3,78.6,78.6,82.6
נהריה,101.6,2022-04-29T00:00:00.000Z,101.6,85.3,78.6,78.6,82.6
נהריה,101.6,2022-04-29T00:00:00.000Z,101.6,85.3,78.6,78.6,82.6
נהריה,101.6,2022-04-29T00:00:00.000Z,101.6,85.3,78.6,78.6,82.6
נהריה,101.6,2022-04-29T00:00:00.000Z,101.6,85.3,78.6,78.6,82.6
נהריה,101.6,2022-04-29T00:00:00.000Z,101.6,85.3,78.6,78.6,82.6
נהריה,101.6,2022-04-29T00:00:00.000Z,101.6,85.3,78.6,78.6,82.6
נהריה,101.6,2022-04-29T00:00:00.000Z,101.6,85.3,78.6,78.6,82.6
נהריה,101.6,2022-04-29T00:00:00.000Z,101.6,85.3,78.6,78.6,82.6
נהריה,101.6,2022-04-29T00:00:00.000Z,101.6,85.3,78.6,78.6,82.6
נהריה,101.6,2022-04-29T00:00:00.000Z,101.6,85.3,78.6,78.6,82.6
הלל יפה,102.1,2022-04-29T00:00:00.000Z,102.1,80.1,76.3,76.3,81.6
הלל יפה,102.1,2022-04-29T00:00:00.000Z,102.1,80.1,76.3,76.3,81.6
הלל יפה,102.1,2022-04-29T00:00:00.000Z,102.1,80.1,76.3,76.3,81.6
הלל יפה,102.1,2022-04-29T00:00:00.000Z,102.1,80.1,76.3,76.3,81.6
הלל יפה,102.1,2022-04-29T00:00:00.000Z,102.1,80.1,76.3,76.3,81.6
הלל יפה,102.1,2022-04-29T00:00:00.000Z,102.1,80.1,76.3,76.3,81.6
הלל יפה,102.1,2022-04-29T00:00:00.000Z,102.1,80.1,76.3,76.3,81.6
הלל יפה,102.1,2022-04-29T00:00:00.000Z,102.1,80.1,76.3,76.3,81.6
הלל יפה,102.1,2022-04-29T00:00:00.000Z,102.1,80.1,76.3,76.3,81.6
הלל יפה,102.1,2022-04-29T00:00:00.000Z,102.1,80.1,76.3,76.3,81.6
הלל יפה,102.1,2022-04-29T00:00:00.000Z,102.1,80.1,76.3,76.3,81.6
הלל יפה,102.1,2022-04-29T00:00:00.000Z,102.1,80.1,76.3,76.3,81.6
הלל יפה,102.1,2022-04-29T00:00:00.000Z,102.1,80.1,76.3,76.3,81.6
הלל יפה,102.1,2022-04-29T00:00:00.000Z,102.1,80.1,76.3,76.3,81.6
הלל יפה,102.1,2022-04-29T00:00:00.000Z,102.1,80.1,76.3,76.3,81.6
הלל יפה,102.1,2022-04-29T00:00:00.000Z,102.1,80.1,76.3,76.3,81.6
הלל יפה,102.1,2022-04-29T00:00:00.000Z,102.1,80.1,76.3,76.3,81.6
הלל יפה,102.1,2022-04-29T00:00:00.000Z,102.1,80.1,76.3,76.3,81.6
הלל יפה,102.1,2022-04-29T00:00:00.000Z,102.1,80.1,76.3,76.3,81.6
הלל יפה,102.1,2022-04-29T00:00:00.000Z,102.1,80.1,76.3,76.3,81.6
הלל יפה,102.1,2022-04-29T00:00:00.000Z,102.1,80.1,76.3,76.3,81.6
הלל יפה,102.1,2022-04-29T00:00:00.000Z,102.1,80.1,76.3,76.3,81.6
הלל יפה,102.1,2022-04-29T00:00:00.000Z,102.1,80.1,76.3,76.3,81.6
הלל יפה,102.1,2022-04-29T00:00:00.000Z,102.1,80.1,76.3,76.3,81.6
הלל יפה,102.1,2022-04-29T00:00:00.000Z,102.1,80.1,76.3,76.3,81.6
הלל יפה,102.1,2022-04-29T00:00:00.000Z,102.1,80.1,76.3,76.3,81.6
הלל יפה,102.1,2022-04-29T00:00:00.000Z,102.1,80.1,76.3,76.3,81.6
הלל יפה,102.1,2022-04-29T00:00:00.000Z,102.1,80.1,76.3,76.3,81.6
הלל יפה,102.1,2022-04-29T00:00:00.000Z,102.1,80.1,76.3,76.3,81.6
הלל יפה,102.1,2022-04-29T00:00:00.000Z,102.1,80.1,76.3,76.3,81.6
הלל יפה,102.1,2022-04-29T00:00:00.000Z,102.1,80.1,76.3,76.3,81.6
הלל יפה,102.1,2022-04-29T00:00:00.000Z,102.1,80.1,76.3,76.3,81.6
הלל יפה,102.1,2022-04-29T00:00:00.000Z,102.1,80.1,76.3,76.3,81.6
הלל יפה,102.1,2022-04-29T00:00:00.000Z,102.1,80.1,76.3,76.3,81.6
שיבא,99.6,2022-04-29T00:00:00.000Z,99.6,82,99.5,99.5,100.4
שיבא,99.6,2022-04-29T00:00:00.000Z,99.6,82,99.5,99.5,100.4
שיבא,99.6,2022-04-29T00:00:00.000Z,99.6,82,99.5,99.5,100.4
שיבא,99.6,2022-04-29T00:00:00.000Z,99.6,82,99.5,99.5,100.4
שיבא,99.6,2022-04-29T00:00:00.000Z,99.6,82,99.5,99.5,100.4
שיבא,99.6,2022-04-29T00:00:00.000Z,99.6,82,99.5,99.5,100.4
שיבא,99.6,2022-04-29T00:00:00.000Z,99.6,82,99.5,99.5,100.4
שיבא,99.6,2022-04-29T00:00:00.000Z,99.6,82,99.5,99.5,100.4
נהריה,101.6,2022-04-29T00:00:00.000Z,101.6,85.3,78.6,78.6,82.6
נהריה,101.6,2022-04-29T00:00:00.000Z,101.6,85.3,78.6,78.6,82.6
נהריה,101.6,2022-04-29T00:00:00.000Z,101.6,85.3,78.6,78.6,82.6
נהריה,101.6,2022-04-29T00:00:00.000Z,101.6,85.3,78.6,78.6,82.6
נהריה,101.6,2022-04-29T00:00:00.000Z,101.6,85.3,78.6,78.6,82.6
נהריה,101.6,2022-04-29T00:00:00.000Z,101.6,85.3,78.6,78.6,82.6
נהריה,101.6,2022-04-29T00:00:00.000Z,101.6,85.3,78.6,78.6,82.6
נהריה,101.6,2022-04-29T00:00:00.000Z,101.6,85.3,78.6,78.6,82.6
נהריה,101.6,2022-04-29T00:00:00.000Z,101.6,85.3,78.6,78.6,82.6
נהריה,101.6,2022-04-29T00:00:00.000Z,101.6,85.3,78.6,78.6,82.6
נהריה,101.6,2022-04-29T00:00:00.000Z,101.6,85.3,78.6,78.6,82.6
נהריה,101.6,2022-04-29T00:00:00.000Z,101.6,85.3,78.6,78.6,82.6
נהריה,101.6,2022-04-29T00:00:00.000Z,101.6,85.3,78.6,78.6,82.6
נהריה,101.6,2022-04-29T00:00:00.000Z,101.6,85.3,78.6,78.6,82.6
נהריה,101.6,2022-04-29T00:00:00.000Z,101.6,85.3,78.6,78.6,82.6
נהריה,101.6,2022-04-29T00:00:00.000Z,101.6,85.3,78.6,78.6,82.6
נהריה,101.6,2022-04-29T00:00:00.000Z,101.6,85.3,78.6,78.6,82.6
נהריה,101.6,2022-04-29T00:00:00.000Z,101.6,85.3,78.6,78.6,82.6
נהריה,101.6,2022-04-29T00:00:00.000Z,101.6,85.3,78.6,78.6,82.6
נהריה,101.6,2022-04-29T00:00:00.000Z,101.6,85.3,78.6,78.6,82.6
נהריה,101.6,2022-04-29T00:00:00.000Z,101.6,85.3,78.6,78.6,82.6
נהריה,101.6,2022-04-29T00:00:00.000Z,101.6,85.3,78.6,78.6,82.6
נהריה,101.6,2022-04-29T00:00:00.000Z,101.6,85.3,78.6,78.6,82.6
נהריה,101.6,2022-04-29T00:00:00.000Z,101.6,85.3,78.6,78.6,82.6
נהריה,101.6,2022-04-29T00:00:00.000Z,101.6,85.3,78.6,78.6,82.6
נהריה,101.6,2022-04-29T00:00:00.000Z,101.6,85.3,78.6,78.6,82.6
נהריה,101.6,2022-04-29T00:00:00.000Z,101.6,85.3,78.6,78.6,82.6
נהריה,101.6,2022-04-29T00:00:00.000Z,101.6,85.3,78.6,78.6,82.6
נהריה,101.6,2022-04-29T00:00:00.000Z,101.6,85.3,78.6,78.6,82.6
נהריה,101.6,2022-04-29T00:00:00.000Z,101.6,85.3,78.6,78.6,82.6
נהריה,101.6,2022-04-29T00:00:00.000Z,101.6,85.3,78.6,78.6,82.6
נהריה,101.6,2022-04-29T00:00:00.000Z,101.6,85.3,78.6,78.6,82.6
נהריה,101.6,2022-04-29T00:00:00.000Z,101.6,85.3,78.6,78.6,82.6
נהריה,101.6,2022-04-29T00:00:00.000Z,101.6,85.3,78.6,78.6,82.6
ברזילי,91.1,2022-04-29T00:00:00.000Z,91.1,66.7,74.3,74.3,68.7
ברזילי,91.1,2022-04-29T00:00:00.000Z,91.1,66.7,74.3,74.3,68.7
ברזילי,91.1,2022-04-29T00:00:00.000Z,91.1,66.7,74.3,74.3,68.7
ברזילי,91.1,2022-04-29T00:00:00.000Z,91.1,66.7,74.3,74.3,68.7
ברזילי,91.1,2022-04-29T00:00:00.000Z,91.1,66.7,74.3,74.3,68.7
ברזילי,91.1,2022-04-29T00:00:00.000Z,91.1,66.7,74.3,74.3,68.7
ברזילי,91.1,2022-04-29T00:00:00.000Z,91.1,66.7,74.3,74.3,68.7
ברזילי,91.1,2022-04-29T00:00:00.000Z,91.1,66.7,74.3,74.3,68.7
ברזילי,91.1,2022-04-29T00:00:00.000Z,91.1,66.7,74.3,74.3,68.7
ברזילי,91.1,2022-04-29T00:00:00.000Z,91.1,66.7,74.3,74.3,68.7
ברזילי,91.1,2022-04-29T00:00:00.000Z,91.1,66.7,74.3,74.3,68.7
ברזילי,91.1,2022-04-29T00:00:00.000Z,91.1,66.7,74.3,74.3,68.7
ברזילי,91.1,2022-04-29T00:00:00.000Z,91.1,66.7,74.3,74.3,68.7
ברזילי,91.1,2022-04-29T00:00:00.000Z,91.1,66.7,74.3,74.3,68.7
ברזילי,91.1,2022-04-29T00:00:00.000Z,91.1,66.7,74.3,74.3,68.7
ברזילי,91.1,2022-04-29T00:00:00.000Z,91.1,66.7,74.3,74.3,68.7
ברזילי,91.1,2022-04-29T00:00:00.000Z,91.1,66.7,74.3,74.3,68.7
ברזילי,91.1,2022-04-29T00:00:00.000Z,91.1,66.7,74.3,74.3,68.7
ברזילי,91.1,2022-04-29T00:00:00.000Z,91.1,66.7,74.3,74.3,68.7
ברזילי,91.1,2022-04-29T00:00:00.000Z,91.1,66.7,74.3,74.3,68.7
ברזילי,91.1,2022-04-29T00:00:00.000Z,91.1,66.7,74.3,74.3,68.7
ברזילי,91.1,2022-04-29T00:00:00.000Z,91.1,66.7,74.3,74.3,68.7
ברזילי,91.1,2022-04-29T00:00:00.000Z,91.1,66.7,74.3,74.3,68.7
ברזילי,91.1,2022-04-29T00:00:00.000Z,91.1,66.7,74.3,74.3,68.7
ברזילי,91.1,2022-04-29T00:00:00.000Z,91.1,66.7,74.3,74.3,68.7
ברזילי,91.1,2022-04-29T00:00:00.000Z,91.1,66.7,74.3,74.3,68.7
ברזילי,91.1,2022-04-29T00:00:00.000Z,91.1,66.7,74.3,74.3,68.7
ברזילי,91.1,2022-04-29T00:00:00.000Z,91.1,66.7,74.3,74.3,68.7
ברזילי,91.1,2022-04-29T00:00:00.000Z,91.1,66.7,74.3,74.3,68.7
ברזילי,91.1,2022-04-29T00:00:00.000Z,91.1,66.7,74.3,74.3,68.7
ברזילי,91.1,2022-04-29T00:00:00.000Z,91.1,66.7,74.3,74.3,68.7
ברזילי,91.1,2022-04-29T00:00:00.000Z,91.1,66.7,74.3,74.3,68.7
ברזילי,91.1,2022-04-29T00:00:00.000Z,91.1,66.7,74.3,74.3,68.7
יוספטל,75,2022-04-29T00:00:00.000Z,75,56.3,40,40,44.6
יוספטל,75,2022-04-29T00:00:00.000Z,75,56.3,40,40,44.6
יוספטל,75,2022-04-29T00:00:00.000Z,75,56.3,40,40,44.6
יוספטל,75,2022-04-29T00:00:00.000Z,75,56.3,40,40,44.6
יוספטל,75,2022-04-29T00:00:00.000Z,75,56.3,40,40,44.6
יוספטל,75,2022-04-29T00:00:00.000Z,75,56.3,40,40,44.6
יוספטל,75,2022-04-29T00:00:00.000Z,75,56.3,40,40,44.6
יוספטל,75,2022-04-29T00:00:00.000Z,75,56.3,40,40,44.6
יוספטל,75,2022-04-29T00:00:00.000Z,75,56.3,40,40,44.6
יוספטל,75,2022-04-29T00:00:00.000Z,75,56.3,40,40,44.6
יוספטל,75,2022-04-29T00:00:00.000Z,75,56.3,40,40,44.6
יוספטל,75,2022-04-29T00:00:00.000Z,75,56.3,40,40,44.6
יוספטל,75,2022-04-29T00:00:00.000Z,75,56.3,40,40,44.6
יוספטל,75,2022-04-29T00:00:00.000Z,75,56.3,40,40,44.6
יוספטל,75,2022-04-29T00:00:00.000Z,75,56.3,40,40,44.6
יוספטל,75,2022-04-29T00:00:00.000Z,75,56.3,40,40,44.6
יוספטל,75,2022-04-29T00:00:00.000Z,75,56.3,40,40,44.6
יוספטל,75,2022-04-29T00:00:00.000Z,75,56.3,40,40,44.6
יוספטל,75,2022-04-29T00:00:00.000Z,75,56.3,40,40,44.6
יוספטל,75,2022-04-29T00:00:00.000Z,75,56.3,40,40,44.6
יוספטל,75,2022-04-29T00:00:00.000Z,75,56.3,40,40,44.6
יוספטל,75,2022-04-29T00:00:00.000Z,75,56.3,40,40,44.6
יוספטל,75,2022-04-29T00:00:00.000Z,75,56.3,40,40,44.6
יוספטל,75,2022-04-29T00:00:00.000Z,75,56.3,40,40,44.6
יוספטל,75,2022-04-29T00:00:00.000Z,75,56.3,40,40,44.6
יוספטל,75,2022-04-29T00:00:00.000Z,75,56.3,40,40,44.6
יוספטל,75,2022-04-29T00:00:00.000Z,75,56.3,40,40,44.6
יוספטל,75,2022-04-29T00:00:00.000Z,75,56.3,40,40,44.6
יוספטל,75,2022-04-29T00:00:00.000Z,75,56.3,40,40,44.6
יוספטל,75,2022-04-29T00:00:00.000Z,75,56.3,40,40,44.6
יוספטל,75,2022-04-29T00:00:00.000Z,75,56.3,40,40,44.6
יוספטל,75,2022-04-29T00:00:00.000Z,75,56.3,40,40,44.6
יוספטל,75,2022-04-29T00:00:00.000Z,75,56.3,40,40,44.6
יוספטל,75,2022-04-29T00:00:00.000Z,75,56.3,40,40,44.6
הלל יפה,102.1,2022-04-29T00:00:00.000Z,102.1,80.1,76.3,76.3,81.6
הלל יפה,102.1,2022-04-29T00:00:00.000Z,102.1,80.1,76.3,76.3,81.6
הלל יפה,102.1,2022-04-29T00:00:00.000Z,102.1,80.1,76.3,76.3,81.6
הלל יפה,102.1,2022-04-29T00:00:00.000Z,102.1,80.1,76.3,76.3,81.6
הלל יפה,102.1,2022-04-29T00:00:00.000Z,102.1,80.1,76.3,76.3,81.6
הלל יפה,102.1,2022-04-29T00:00:00.000Z,102.1,80.1,76.3,76.3,81.6
הלל יפה,102.1,2022-04-29T00:00:00.000Z,102.1,80.1,76.3,76.3,81.6
הלל יפה,102.1,2022-04-29T00:00:00.000Z,102.1,80.1,76.3,76.3,81.6
הלל יפה,102.1,2022-04-29T00:00:00.000Z,102.1,80.1,76.3,76.3,81.6
הלל יפה,102.1,2022-04-29T00:00:00.000Z,102.1,80.1,76.3,76.3,81.6
הלל יפה,102.1,2022-04-29T00:00:00.000Z,102.1,80.1,76.3,76.3,81.6
הלל יפה,102.1,2022-04-29T00:00:00.000Z,102.1,80.1,76.3,76.3,81.6
הלל יפה,102.1,2022-04-29T00:00:00.000Z,102.1,80.1,76.3,76.3,81.6
הלל יפה,102.1,2022-04-29T00:00:00.000Z,102.1,80.1,76.3,76.3,81.6
הלל יפה,102.1,2022-04-29T00:00:00.000Z,102.1,80.1,76.3,76.3,81.6
הלל יפה,102.1,2022-04-29T00:00:00.000Z,102.1,80.1,76.3,76.3,81.6
הלל יפה,102.1,2022-04-29T00:00:00.000Z,102.1,80.1,76.3,76.3,81.6
הלל יפה,102.1,2022-04-29T00:00:00.000Z,102.1,80.1,76.3,76.3,81.6
הלל יפה,102.1,2022-04-29T00:00:00.000Z,102.1,80.1,76.3,76.3,81.6
הלל יפה,102.1,2022-04-29T00:00:00.000Z,102.1,80.1,76.3,76.3,81.6
הלל יפה,102.1,2022-04-29T00:00:00.000Z,102.1,80.1,76.3,76.3,81.6
הלל יפה,102.1,2022-04-29T00:00:00.000Z,102.1,80.1,76.3,76.3,81.6
הלל יפה,102.1,2022-04-29T00:00:00.000Z,102.1,80.1,76.3,76.3,81.6
הלל יפה,102.1,2022-04-29T00:00:00.000Z,102.1,80.1,76.3,76.3,81.6
הלל יפה,102.1,2022-04-29T00:00:00.000Z,102.1,80.1,76.3,76.3,81.6
הלל יפה,102.1,2022-04-29T00:00:00.000Z,102.1,80.1,76.3,76.3,81.6
הלל יפה,102.1,2022-04-29T00:00:00.000Z,102.1,80.1,76.3,76.3,81.6
הלל יפה,102.1,2022-04-29T00:00:00.000Z,102.1,80.1,76.3,76.3,81.6
הלל יפה,102.1,2022-04-29T00:00:00.000Z,102.1,80.1,76.3,76.3,81.6
הלל יפה,102.1,2022-04-29T00:00:00.000Z,102.1,80.1,76.3,76.3,81.6
הלל יפה,102.1,2022-04-29T00:00:00.000Z,102.1,80.1,76.3,76.3,81.6
הלל יפה,102.1,2022-04-29T00:00:00.000Z,102.1,80.1,76.3,76.3,81.6
הלל יפה,102.1,2022-04-29T00:00:00.000Z,102.1,80.1,76.3,76.3,81.6
הלל יפה,102.1,2022-04-29T00:00:00.000Z,102.1,80.1,76.3,76.3,81.6
נהריה,101.6,2022-04-29T00:00:00.000Z,101.6,85.3,78.6,78.6,82.6
נהריה,101.6,2022-04-29T00:00:00.000Z,101.6,85.3,78.6,78.6,82.6
נהריה,101.6,2022-04-29T00:00:00.000Z,101.6,85.3,78.6,78.6,82.6
נהריה,101.6,2022-04-29T00:00:00.000Z,101.6,85.3,78.6,78.6,82.6
נהריה,101.6,2022-04-29T00:00:00.000Z,101.6,85.3,78.6,78.6,82.6
נהריה,101.6,2022-04-29T00:00:00.000Z,101.6,85.3,78.6,78.6,82.6
נהריה,101.6,2022-04-29T00:00:00.000Z,101.6,85.3,78.6,78.6,82.6
נהריה,101.6,2022-04-29T00:00:00.000Z,101.6,85.3,78.6,78.6,82.6
נהריה,101.6,2022-04-29T00:00:00.000Z,101.6,85.3,78.6,78.6,82.6
נהריה,101.6,2022-04-29T00:00:00.000Z,101.6,85.3,78.6,78.6,82.6
נהריה,101.6,2022-04-29T00:00:00.000Z,101.6,85.3,78.6,78.6,82.6
נהריה,101.6,2022-04-29T00:00:00.000Z,101.6,85.3,78.6,78.6,82.6
נהריה,101.6,2022-04-29T00:00:00.000Z,101.6,85.3,78.6,78.6,82.6
נהריה,101.6,2022-04-29T00:00:00.000Z,101.6,85.3,78.6,78.6,82.6
נהריה,101.6,2022-04-29T00:00:00.000Z,101.6,85.3,78.6,78.6,82.6
נהריה,101.6,2022-04-29T00:00:00.000Z,101.6,85.3,78.6,78.6,82.6
נהריה,101.6,2022-04-29T00:00:00.000Z,101.6,85.3,78.6,78.6,82.6
נהריה,101.6,2022-04-29T00:00:00.000Z,101.6,85.3,78.6,78.6,82.6
נהריה,101.6,2022-04-29T00:00:00.000Z,101.6,85.3,78.6,78.6,82.6
נהריה,101.6,2022-04-29T00:00:00.000Z,101.6,85.3,78.6,78.6,82.6
נהריה,101.6,2022-04-29T00:00:00.000Z,101.6,85.3,78.6,78.6,82.6
נהריה,101.6,2022-04-29T00:00:00.000Z,101.6,85.3,78.6,78.6,82.6
נהריה,101.6,2022-04-29T00:00:00.000Z,101.6,85.3,78.6,78.6,82.6
נהריה,101.6,2022-04-29T00:00:00.000Z,101.6,85.3,78.6,78.6,82.6
נהריה,101.6,2022-04-29T00:00:00.000Z,101.6,85.3,78.6,78.6,82.6
נהריה,101.6,2022-04-29T00:00:00.000Z,101.6,85.3,78.6,78.6,82.6
נהריה,101.6,2022-04-29T00:00:00.000Z,101.6,85.3,78.6,78.6,82.6
נהריה,101.6,2022-04-29T00:00:00.000Z,101.6,85.3,78.6,78.6,82.6
נהריה,101.6,2022-04-29T00:00:00.000Z,101.6,85.3,78.6,78.6,82.6
נהריה,101.6,2022-04-29T00:00:00.000Z,101.6,85.3,78.6,78.6,82.6
נהריה,101.6,2022-04-29T00:00:00.000Z,101.6,85.3,78.6,78.6,82.6
נהריה,101.6,2022-04-29T00:00:00.000Z,101.6,85.3,78.6,78.6,82.6
נהריה,101.6,2022-04-29T00:00:00.000Z,101.6,85.3,78.6,78.6,82.6
נהריה,101.6,2022-04-29T00:00:00.000Z,101.6,85.3,78.6,78.6,82.6
הלל יפה,102.1,2022-04-29T00:00:00.000Z,102.1,80.1,76.3,76.3,81.6
הלל יפה,102.1,2022-04-29T00:00:00.000Z,102.1,80.1,76.3,76.3,81.6
הלל יפה,102.1,2022-04-29T00:00:00.000Z,102.1,80.1,76.3,76.3,81.6
הלל יפה,102.1,2022-04-29T00:00:00.000Z,102.1,80.1,76.3,76.3,81.6
הלל יפה,102.1,2022-04-29T00:00:00.000Z,102.1,80.1,76.3,76.3,81.6
הלל יפה,102.1,2022-04-29T00:00:00.000Z,102.1,80.1,76.3,76.3,81.6
הלל יפה,102.1,2022-04-29T00:00:00.000Z,102.1,80.1,76.3,76.3,81.6
הלל יפה,102.1,2022-04-29T00:00:00.000Z,102.1,80.1,76.3,76.3,81.6
הלל יפה,102.1,2022-04-29T00:00:00.000Z,102.1,80.1,76.3,76.3,81.6
הלל יפה,102.1,2022-04-29T00:00:00.000Z,102.1,80.1,76.3,76.3,81.6
הלל יפה,102.1,2022-04-29T00:00:00.000Z,102.1,80.1,76.3,76.3,81.6
הלל יפה,102.1,2022-04-29T00:00:00.000Z,102.1,80.1,76.3,76.3,81.6
הלל יפה,102.1,2022-04-29T00:00:00.000Z,102.1,80.1,76.3,76.3,81.6
הלל יפה,102.1,2022-04-29T00:00:00.000Z,102.1,80.1,76.3,76.3,81.6
הלל יפה,102.1,2022-04-29T00:00:00.000Z,102.1,80.1,76.3,76.3,81.6
הלל יפה,102.1,2022-04-29T00:00:00.000Z,102.1,80.1,76.3,76.3,81.6
הלל יפה,102.1,2022-04-29T00:00:00.000Z,102.1,80.1,76.3,76.3,81.6
הלל יפה,102.1,2022-04-29T00:00:00.000Z,102.1,80.1,76.3,76.3,81.6
הלל יפה,102.1,2022-04-29T00:00:00.000Z,102.1,80.1,76.3,76.3,81.6
הלל יפה,102.1,2022-04-29T00:00:00.000Z,102.1,80.1,76.3,76.3,81.6
הלל יפה,102.1,2022-04-29T00:00:00.000Z,102.1,80.1,76.3,76.3,81.6
הלל יפה,102.1,2022-04-29T00:00:00.000Z,102.1,80.1,76.3,76.3,81.6
הלל יפה,102.1,2022-04-29T00:00:00.000Z,102.1,80.1,76.3,76.3,81.6
הלל יפה,102.1,2022-04-29T00:00:00.000Z,102.1,80.1,76.3,76.3,81.6
הלל יפה,102.1,2022-04-29T00:00:00.000Z,102.1,80.1,76.3,76.3,81.6
הלל יפה,102.1,2022-04-29T00:00:00.000Z,102.1,80.1,76.3,76.3,81.6
הלל יפה,102.1,2022-04-29T00:00:00.000Z,102.1,80.1,76.3,76.3,81.6
הלל יפה,102.1,2022-04-29T00:00:00.000Z,102.1,80.1,76.3,76.3,81.6
הלל יפה,102.1,2022-04-29T00:00:00.000Z,102.1,80.1,76.3,76.3,81.6
הלל יפה,102.1,2022-04-29T00:00:00.000Z,102.1,80.1,76.3,76.3,81.6
הלל יפה,102.1,2022-04-29T00:00:00.000Z,102.1,80.1,76.3,76.3,81.6
הלל יפה,102.1,2022-04-29T00:00:00.000Z,102.1,80.1,76.3,76.3,81.6
הלל יפה,102.1,2022-04-29T00:00:00.000Z,102.1,80.1,76.3,76.3,81.6
הלל יפה,102.1,2022-04-29T00:00:00.000Z,102.1,80.1,76.3,76.3,81.6
נהריה,101.6,2022-04-29T00:00:00.000Z,101.6,85.3,78.6,78.6,82.6
נהריה,101.6,2022-04-29T00:00:00.000Z,101.6,85.3,78.6,78.6,82.6
נהריה,101.6,2022-04-29T00:00:00.000Z,101.6,85.3,78.6,78.6,82.6
נהריה,101.6,2022-04-29T00:00:00.000Z,101.6,85.3,78.6,78.6,82.6
נהריה,101.6,2022-04-29T00:00:00.000Z,101.6,85.3,78.6,78.6,82.6
נהריה,101.6,2022-04-29T00:00:00.000Z,101.6,85.3,78.6,78.6,82.6
נהריה,101.6,2022-04-29T00:00:00.000Z,101.6,85.3,78.6,78.6,82.6
נהריה,101.6,2022-04-29T00:00:00.000Z,101.6,85.3,78.6,78.6,82.6
נהריה,101.6,2022-04-29T00:00:00.000Z,101.6,85.3,78.6,78.6,82.6
נהריה,101.6,2022-04-29T00:00:00.000Z,101.6,85.3,78.6,78.6,82.6
נהריה,101.6,2022-04-29T00:00:00.000Z,101.6,85.3,78.6,78.6,82.6
נהריה,101.6,2022-04-29T00:00:00.000Z,101.6,85.3,78.6,78.6,82.6
נהריה,101.6,2022-04-29T00:00:00.000Z,101.6,85.3,78.6,78.6,82.6
נהריה,101.6,2022-04-29T00:00:00.000Z,101.6,85.3,78.6,78.6,82.6
נהריה,101.6,2022-04-29T00:00:00.000Z,101.6,85.3,78.6,78.6,82.6
נהריה,101.6,2022-04-29T00:00:00.000Z,101.6,85.3,78.6,78.6,82.6
נהריה,101.6,2022-04-29T00:00:00.000Z,101.6,85.3,78.6,78.6,82.6
נהריה,101.6,2022-04-29T00:00:00.000Z,101.6,85.3,78.6,78.6,82.6
נהריה,101.6,2022-04-29T00:00:00.000Z,101.6,85.3,78.6,78.6,82.6
נהריה,101.6,2022-04-29T00:00:00.000Z,101.6,85.3,78.6,78.6,82.6
נהריה,101.6,2022-04-29T00:00:00.000Z,101.6,85.3,78.6,78.6,82.6
נהריה,101.6,2022-04-29T00:00:00.000Z,101.6,85.3,78.6,78.6,82.6
נהריה,101.6,2022-04-29T00:00:00.000Z,101.6,85.3,78.6,78.6,82.6
נהריה,101.6,2022-04-29T00:00:00.000Z,101.6,85.3,78.6,78.6,82.6
נהריה,101.6,2022-04-29T00:00:00.000Z,101.6,85.3,78.6,78.6,82.6
נהריה,101.6,2022-04-29T00:00:00.000Z,101.6,85.3,78.6,78.6,82.6
נהריה,101.6,2022-04-29T00:00:00.000Z,101.6,85.3,78.6,78.6,82.6
נהריה,101.6,2022-04-29T00:00:00.000Z,101.6,85.3,78.6,78.6,82.6
נהריה,101.6,2022-04-29T00:00:00.000Z,101.6,85.3,78.6,78.6,82.6
יוספטל,75,2022-04-29T00:00:00.000Z,75,56.3,40,40,44.6
יוספטל,75,2022-04-29T00:00:00.000Z,75,56.3,40,40,44.6
יוספטל,75,2022-04-29T00:00:00.000Z,75,56.3,40,40,44.6
יוספטל,75,2022-04-29T00:00:00.000Z,75,56.3,40,40,44.6
יוספטל,75,2022-04-29T00:00:00.000Z,75,56.3,40,40,44.6
יוספטל,75,2022-04-29T00:00:00.000Z,75,56.3,40,40,44.6
יוספטל,75,2022-04-29T00:00:00.000Z,75,56.3,40,40,44.6
יוספטל,75,2022-04-29T00:00:00.000Z,75,56.3,40,40,44.6
יוספטל,75,2022-04-29T00:00:00.000Z,75,56.3,40,40,44.6
יוספטל,75,2022-04-29T00:00:00.000Z,75,56.3,40,40,44.6
יוספטל,75,2022-04-29T00:00:00.000Z,75,56.3,40,40,44.6
יוספטל,75,2022-04-29T00:00:00.000Z,75,56.3,40,40,44.6
יוספטל,75,2022-04-29T00:00:00.000Z,75,56.3,40,40,44.6
יוספטל,75,2022-04-29T00:00:00.000Z,75,56.3,40,40,44.6
יוספטל,75,2022-04-29T00:00:00.000Z,75,56.3,40,40,44.6
יוספטל,75,2022-04-29T00:00:00.000Z,75,56.3,40,40,44.6
יוספטל,75,2022-04-29T00:00:00.000Z,75,56.3,40,40,44.6
יוספטל,75,2022-04-29T00:00:00.000Z,75,56.3,40,40,44.6
יוספטל,75,2022-04-29T00:00:00.000Z,75,56.3,40,40,44.6
יוספטל,75,2022-04-29T00:00:00.000Z,75,56.3,40,40,44.6
יוספטל,75,2022-04-29T00:00:00.000Z,75,56.3,40,40,44.6
יוספטל,75,2022-04-29T00:00:00.000Z,75,56.3,40,40,44.6
יוספטל,75,2022-04-29T00:00:00.000Z,75,56.3,40,40,44.6
יוספטל,75,2022-04-29T00:00:00.000Z,75,56.3,40,40,44.6
יוספטל,75,2022-04-29T00:00:00.000Z,75,56.3,40,40,44.6
יוספטל,75,2022-04-29T00:00:00.000Z,75,56.3,40,40,44.6
יוספטל,75,2022-04-29T00:00:00.000Z,75,56.3,40,40,44.6
יוספטל,75,2022-04-29T00:00:00.000Z,75,56.3,40,40,44.6
יוספטל,75,2022-04-29T00:00:00.000Z,75,56.3,40,40,44.6
יוספטל,75,2022-04-29T00:00:00.000Z,75,56.3,40,40,44.6
יוספטל,75,2022-04-29T00:00:00.000Z,75,56.3,40,40,44.6
יוספטל,75,2022-04-29T00:00:00.000Z,75,56.3,40,40,44.6
יוספטל,75,2022-04-29T00:00:00.000Z,75,56.3,40,40,44.6
יוספטל,75,2022-04-29T00:00:00.000Z,75,56.3,40,40,44.6
הלל יפה,102.1,2022-04-29T00:00:00.000Z,102.1,80.1,76.3,76.3,81.6
הלל יפה,102.1,2022-04-29T00:00:00.000Z,102.1,80.1,76.3,76.3,81.6
הלל יפה,102.1,2022-04-29T00:00:00.000Z,102.1,80.1,76.3,76.3,81.6
הלל יפה,102.1,2022-04-29T00:00:00.000Z,102.1,80.1,76.3,76.3,81.6
הלל יפה,102.1,2022-04-29T00:00:00.000Z,102.1,80.1,76.3,76.3,81.6
הלל יפה,102.1,2022-04-29T00:00:00.000Z,102.1,80.1,76.3,76.3,81.6
הלל יפה,102.1,2022-04-29T00:00:00.000Z,102.1,80.1,76.3,76.3,81.6
הלל יפה,102.1,2022-04-29T00:00:00.000Z,102.1,80.1,76.3,76.3,81.6
הלל יפה,102.1,2022-04-29T00:00:00.000Z,102.1,80.1,76.3,76.3,81.6
הלל יפה,102.1,2022-04-29T00:00:00.000Z,102.1,80.1,76.3,76.3,81.6
הלל יפה,102.1,2022-04-29T00:00:00.000Z,102.1,80.1,76.3,76.3,81.6
הלל יפה,102.1,2022-04-29T00:00:00.000Z,102.1,80.1,76.3,76.3,81.6
הלל יפה,102.1,2022-04-29T00:00:00.000Z,102.1,80.1,76.3,76.3,81.6
הלל יפה,102.1,2022-04-29T00:00:00.000Z,102.1,80.1,76.3,76.3,81.6
הלל יפה,102.1,2022-04-29T00:00:00.000Z,102.1,80.1,76.3,76.3,81.6
הלל יפה,102.1,2022-04-29T00:00:00.000Z,102.1,80.1,76.3,76.3,81.6
הלל יפה,102.1,2022-04-29T00:00:00.000Z,102.1,80.1,76.3,76.3,81.6
הלל יפה,102.1,2022-04-29T00:00:00.000Z,102.1,80.1,76.3,76.3,81.6
הלל יפה,102.1,2022-04-29T00:00:00.000Z,102.1,80.1,76.3,76.3,81.6
הלל יפה,102.1,2022-04-29T00:00:00.000Z,102.1,80.1,76.3,76.3,81.6
הלל יפה,102.1,2022-04-29T00:00:00.000Z,102.1,80.1,76.3,76.3,81.6
הלל יפה,102.1,2022-04-29T00:00:00.000Z,102.1,80.1,76.3,76.3,81.6
הלל יפה,102.1,2022-04-29T00:00:00.000Z,102.1,80.1,76.3,76.3,81.6
הלל יפה,102.1,2022-04-29T00:00:00.000Z,102.1,80.1,76.3,76.3,81.6
הלל יפה,102.1,2022-04-29T00:00:00.000Z,102.1,80.1,76.3,76.3,81.6
הלל יפה,102.1,2022-04-29T00:00:00.000Z,102.1,80.1,76.3,76.3,81.6
הלל יפה,102.1,2022-04-29T00:00:00.000Z,102.1,80.1,76.3,76.3,81.6
הלל יפה,102.1,2022-04-29T00:00:00.000Z,102.1,80.1,76.3,76.3,81.6
הלל יפה,102.1,2022-04-29T00:00:00.000Z,102.1,80.1,76.3,76.3,81.6
הלל יפה,102.1,2022-04-29T00:00:00.000Z,102.1,80.1,76.3,76.3,81.6
הלל יפה,102.1,2022-04-29T00:00:00.000Z,102.1,80.1,76.3,76.3,81.6
הלל יפה,102.1,2022-04-29T00:00:00.000Z,102.1,80.1,76.3,76.3,81.6
הלל יפה,102.1,2022-04-29T00:00:00.000Z,102.1,80.1,76.3,76.3,81.6
הלל יפה,102.1,2022-04-29T00:00:00.000Z,102.1,80.1,76.3,76.3,81.6
נהריה,101.6,2022-04-29T00:00:00.000Z,101.6,85.3,78.6,78.6,82.6
נהריה,101.6,2022-04-29T00:00:00.000Z,101.6,85.3,78.6,78.6,82.6
נהריה,101.6,2022-04-29T00:00:00.000Z,101.6,85.3,78.6,78.6,82.6
נהריה,101.6,2022-04-29T00:00:00.000Z,101.6,85.3,78.6,78.6,82.6
נהריה,101.6,2022-04-29T00:00:00.000Z,101.6,85.3,78.6,78.6,82.6
נהריה,101.6,2022-04-29T00:00:00.000Z,101.6,85.3,78.6,78.6,82.6
נהריה,101.6,2022-04-29T00:00:00.000Z,101.6,85.3,78.6,78.6,82.6
נהריה,101.6,2022-04-29T00:00:00.000Z,101.6,85.3,78.6,78.6,82.6
נהריה,101.6,2022-04-29T00:00:00.000Z,101.6,85.3,78.6,78.6,82.6
נהריה,101.6,2022-04-29T00:00:00.000Z,101.6,85.3,78.6,78.6,82.6
נהריה,101.6,2022-04-29T00:00:00.000Z,101.6,85.3,78.6,78.6,82.6
נהריה,101.6,2022-04-29T00:00:00.000Z,101.6,85.3,78.6,78.6,82.6
נהריה,101.6,2022-04-29T00:00:00.000Z,101.6,85.3,78.6,78.6,82.6
נהריה,101.6,2022-04-29T00:00:00.000Z,101.6,85.3,78.6,78.6,82.6
נהריה,101.6,2022-04-29T00:00:00.000Z,101.6,85.3,78.6,78.6,82.6
נהריה,101.6,2022-04-29T00:00:00.000Z,101.6,85.3,78.6,78.6,82.6
נהריה,101.6,2022-04-29T00:00:00.000Z,101.6,85.3,78.6,78.6,82.6
נהריה,101.6,2022-04-29T00:00:00.000Z,101.6,85.3,78.6,78.6,82.6
נהריה,101.6,2022-04-29T00:00:00.000Z,101.6,85.3,78.6,78.6,82.6
נהריה,101.6,2022-04-29T00:00:00.000Z,101.6,85.3,78.6,78.6,82.6
נהריה,101.6,2022-04-29T00:00:00.000Z,101.6,85.3,78.6,78.6,82.6
נהריה,101.6,2022-04-29T00:00:00.000Z,101.6,85.3,78.6,78.6,82.6
נהריה,101.6,2022-04-29T00:00:00.000Z,101.6,85.3,78.6,78.6,82.6
נהריה,101.6,2022-04-29T00:00:00.000Z,101.6,85.3,78.6,78.6,82.6
נהריה,101.6,2022-04-29T00:00:00.000Z,101.6,85.3,78.6,78.6,82.6
נהריה,101.6,2022-04-29T00:00:00.000Z,101.6,85.3,78.6,78.6,82.6
נהריה,101.6,2022-04-29T00:00:00.000Z,101.6,85.3,78.6,78.6,82.6
נהריה,101.6,2022-04-29T00:00:00.000Z,101.6,85.3,78.6,78.6,82.6
יוספטל,75,2022-04-29T00:00:00.000Z,75,56.3,40,40,44.6
יוספטל,75,2022-04-29T00:00:00.000Z,75,56.3,40,40,44.6
יוספטל,75,2022-04-29T00:00:00.000Z,75,56.3,40,40,44.6
יוספטל,75,2022-04-29T00:00:00.000Z,75,56.3,40,40,44.6
יוספטל,75,2022-04-29T00:00:00.000Z,75,56.3,40,40,44.6
יוספטל,75,2022-04-29T00:00:00.000Z,75,56.3,40,40,44.6
יוספטל,75,2022-04-29T00:00:00.000Z,75,56.3,40,40,44.6
יוספטל,75,2022-04-29T00:00:00.000Z,75,56.3,40,40,44.6
יוספטל,75,2022-04-29T00:00:00.000Z,75,56.3,40,40,44.6
יוספטל,75,2022-04-29T00:00:00.000Z,75,56.3,40,40,44.6
יוספטל,75,2022-04-29T00:00:00.000Z,75,56.3,40,40,44.6
יוספטל,75,2022-04-29T00:00:00.000Z,75,56.3,40,40,44.6
יוספטל,75,2022-04-29T00:00:00.000Z,75,56.3,40,40,44.6
יוספטל,75,2022-04-29T00:00:00.000Z,75,56.3,40,40,44.6
יוספטל,75,2022-04-29T00:00:00.000Z,75,56.3,40,40,44.6
יוספטל,75,2022-04-29T00:00:00.000Z,75,56.3,40,40,44.6
יוספטל,75,2022-04-29T00:00:00.000Z,75,56.3,40,40,44.6
יוספטל,75,2022-04-29T00:00:00.000Z,75,56.3,40,40,44.6
יוספטל,75,2022-04-29T00:00:00.000Z,75,56.3,40,40,44.6
יוספטל,75,2022-04-29T00:00:00.000Z,75,56.3,40,40,44.6
יוספטל,75,2022-04-29T00:00:00.000Z,75,56.3,40,40,44.6
יוספטל,75,2022-04-29T00:00:00.000Z,75,56.3,40,40,44.6
יוספטל,75,2022-04-29T00:00:00.000Z,75,56.3,40,40,44.6
יוספטל,75,2022-04-29T00:00:00.000Z,75,56.3,40,40,44.6
יוספטל,75,2022-04-29T00:00:00.000Z,75,56.3,40,40,44.6
יוספטל,75,2022-04-29T00:00:00.000Z,75,56.3,40,40,44.6
יוספטל,75,2022-04-29T00:00:00.000Z,75,56.3,40,40,44.6
יוספטל,75,2022-04-29T00:00:00.000Z,75,56.3,40,40,44.6
יוספטל,75,2022-04-29T00:00:00.000Z,75,56.3,40,40,44.6
יוספטל,75,2022-04-29T00:00:00.000Z,75,56.3,40,40,44.6
יוספטל,75,2022-04-29T00:00:00.000Z,75,56.3,40,40,44.6
יוספטל,75,2022-04-29T00:00:00.000Z,75,56.3,40,40,44.6
יוספטל,75,2022-04-29T00:00:00.000Z,75,56.3,40,40,44.6
יוספטל,75,2022-04-29T00:00:00.000Z,75,56.3,40,40,44.6
הלל יפה,102.1,2022-04-29T00:00:00.000Z,102.1,80.1,76.3,76.3,81.6
הלל יפה,102.1,2022-04-29T00:00:00.000Z,102.1,80.1,76.3,76.3,81.6
הלל יפה,102.1,2022-04-29T00:00:00.000Z,102.1,80.1,76.3,76.3,81.6
הלל יפה,102.1,2022-04-29T00:00:00.000Z,102.1,80.1,76.3,76.3,81.6
הלל יפה,102.1,2022-04-29T00:00:00.000Z,102.1,80.1,76.3,76.3,81.6
הלל יפה,102.1,2022-04-29T00:00:00.000Z,102.1,80.1,76.3,76.3,81.6
הלל יפה,102.1,2022-04-29T00:00:00.000Z,102.1,80.1,76.3,76.3,81.6
הלל יפה,102.1,2022-04-29T00:00:00.000Z,102.1,80.1,76.3,76.3,81.6
הלל יפה,102.1,2022-04-29T00:00:00.000Z,102.1,80.1,76.3,76.3,81.6
הלל יפה,102.1,2022-04-29T00:00:00.000Z,102.1,80.1,76.3,76.3,81.6
הלל יפה,102.1,2022-04-29T00:00:00.000Z,102.1,80.1,76.3,76.3,81.6
הלל יפה,102.1,2022-04-29T00:00:00.000Z,102.1,80.1,76.3,76.3,81.6
הלל יפה,102.1,2022-04-29T00:00:00.000Z,102.1,80.1,76.3,76.3,81.6
הלל יפה,102.1,2022-04-29T00:00:00.000Z,102.1,80.1,76.3,76.3,81.6
הלל יפה,102.1,2022-04-29T00:00:00.000Z,102.1,80.1,76.3,76.3,81.6
הלל יפה,102.1,2022-04-29T00:00:00.000Z,102.1,80.1,76.3,76.3,81.6
הלל יפה,102.1,2022-04-29T00:00:00.000Z,102.1,80.1,76.3,76.3,81.6
הלל יפה,102.1,2022-04-29T00:00:00.000Z,102.1,80.1,76.3,76.3,81.6
הלל יפה,102.1,2022-04-29T00:00:00.000Z,102.1,80.1,76.3,76.3,81.6
הלל יפה,102.1,2022-04-29T00:00:00.000Z,102.1,80.1,76.3,76.3,81.6
הלל יפה,102.1,2022-04-29T00:00:00.000Z,102.1,80.1,76.3,76.3,81.6
הלל יפה,102.1,2022-04-29T00:00:00.000Z,102.1,80.1,76.3,76.3,81.6
הלל יפה,102.1,2022-04-29T00:00:00.000Z,102.1,80.1,76.3,76.3,81.6
הלל יפה,102.1,2022-04-29T00:00:00.000Z,102.1,80.1,76.3,76.3,81.6
הלל יפה,102.1,2022-04-29T00:00:00.000Z,102.1,80.1,76.3,76.3,81.6
הלל יפה,102.1,2022-04-29T00:00:00.000Z,102.1,80.1,76.3,76.3,81.6
הלל יפה,102.1,2022-04-29T00:00:00.000Z,102.1,80.1,76.3,76.3,81.6
הלל יפה,102.1,2022-04-29T00:00:00.000Z,102.1,80.1,76.3,76.3,81.6
הלל יפה,102.1,2022-04-29T00:00:00.000Z,102.1,80.1,76.3,76.3,81.6
הלל יפה,102.1,2022-04-29T00:00:00.000Z,102.1,80.1,76.3,76.3,81.6
הלל יפה,102.1,2022-04-29T00:00:00.000Z,102.1,80.1,76.3,76.3,81.6
הלל יפה,102.1,2022-04-29T00:00:00.000Z,102.1,80.1,76.3,76.3,81.6
הלל יפה,102.1,2022-04-29T00:00:00.000Z,102.1,80.1,76.3,76.3,81.6
הלל יפה,102.1,2022-04-29T00:00:00.000Z,102.1,80.1,76.3,76.3,81.6
יוספטל,75,2022-04-29T00:00:00.000Z,75,56.3,40,40,44.6
יוספטל,75,2022-04-29T00:00:00.000Z,75,56.3,40,40,44.6
יוספטל,75,2022-04-29T00:00:00.000Z,75,56.3,40,40,44.6
יוספטל,75,2022-04-29T00:00:00.000Z,75,56.3,40,40,44.6
יוספטל,75,2022-04-29T00:00:00.000Z,75,56.3,40,40,44.6
יוספטל,75,2022-04-29T00:00:00.000Z,75,56.3,40,40,44.6
יוספטל,75,2022-04-29T00:00:00.000Z,75,56.3,40,40,44.6
יוספטל,75,2022-04-29T00:00:00.000Z,75,56.3,40,40,44.6
יוספטל,75,2022-04-29T00:00:00.000Z,75,56.3,40,40,44.6
יוספטל,75,2022-04-29T00:00:00.000Z,75,56.3,40,40,44.6
יוספטל,75,2022-04-29T00:00:00.000Z,75,56.3,40,40,44.6
יוספטל,75,2022-04-29T00:00:00.000Z,75,56.3,40,40,44.6
יוספטל,75,2022-04-29T00:00:00.000Z,75,56.3,40,40,44.6
יוספטל,75,2022-04-29T00:00:00.000Z,75,56.3,40,40,44.6
יוספטל,75,2022-04-29T00:00:00.000Z,75,56.3,40,40,44.6
יוספטל,75,2022-04-29T00:00:00.000Z,75,56.3,40,40,44.6
יוספטל,75,2022-04-29T00:00:00.000Z,75,56.3,40,40,44.6
יוספטל,75,2022-04-29T00:00:00.000Z,75,56.3,40,40,44.6
יוספטל,75,2022-04-29T00:00:00.000Z,75,56.3,40,40,44.6
יוספטל,75,2022-04-29T00:00:00.000Z,75,56.3,40,40,44.6
יוספטל,75,2022-04-29T00:00:00.000Z,75,56.3,40,40,44.6
יוספטל,75,2022-04-29T00:00:00.000Z,75,56.3,40,40,44.6
יוספטל,75,2022-04-29T00:00:00.000Z,75,56.3,40,40,44.6
הלל יפה,102.1,2022-04-29T00:00:00.000Z,102.1,80.1,76.3,76.3,81.6
הלל יפה,102.1,2022-04-29T00:00:00.000Z,102.1,80.1,76.3,76.3,81.6
הלל יפה,102.1,2022-04-29T00:00:00.000Z,102.1,80.1,76.3,76.3,81.6
הלל יפה,102.1,2022-04-29T00:00:00.000Z,102.1,80.1,76.3,76.3,81.6
הלל יפה,102.1,2022-04-29T00:00:00.000Z,102.1,80.1,76.3,76.3,81.6
הלל יפה,102.1,2022-04-29T00:00:00.000Z,102.1,80.1,76.3,76.3,81.6
הלל יפה,102.1,2022-04-29T00:00:00.000Z,102.1,80.1,76.3,76.3,81.6
הלל יפה,102.1,2022-04-29T00:00:00.000Z,102.1,80.1,76.3,76.3,81.6
הלל יפה,102.1,2022-04-29T00:00:00.000Z,102.1,80.1,76.3,76.3,81.6
הלל יפה,102.1,2022-04-29T00:00:00.000Z,102.1,80.1,76.3,76.3,81.6
הלל יפה,102.1,2022-04-29T00:00:00.000Z,102.1,80.1,76.3,76.3,81.6
הלל יפה,102.1,2022-04-29T00:00:00.000Z,102.1,80.1,76.3,76.3,81.6
הלל יפה,102.1,2022-04-29T00:00:00.000Z,102.1,80.1,76.3,76.3,81.6
נהריה,101.6,2022-04-29T00:00:00.000Z,101.6,85.3,78.6,78.6,82.6
נהריה,101.6,2022-04-29T00:00:00.000Z,101.6,85.3,78.6,78.6,82.6
נהריה,101.6,2022-04-29T00:00:00.000Z,101.6,85.3,78.6,78.6,82.6
נהריה,101.6,2022-04-29T00:00:00.000Z,101.6,85.3,78.6,78.6,82.6
נהריה,101.6,2022-04-29T00:00:00.000Z,101.6,85.3,78.6,78.6,82.6
נהריה,101.6,2022-04-29T00:00:00.000Z,101.6,85.3,78.6,78.6,82.6
נהריה,101.6,2022-04-29T00:00:00.000Z,101.6,85.3,78.6,78.6,82.6
נהריה,101.6,2022-04-29T00:00:00.000Z,101.6,85.3,78.6,78.6,82.6
נהריה,101.6,2022-04-29T00:00:00.000Z,101.6,85.3,78.6,78.6,82.6
נהריה,101.6,2022-04-29T00:00:00.000Z,101.6,85.3,78.6,78.6,82.6
נהריה,101.6,2022-04-29T00:00:00.000Z,101.6,85.3,78.6,78.6,82.6
נהריה,101.6,2022-04-29T00:00:00.000Z,101.6,85.3,78.6,78.6,82.6
נהריה,101.6,2022-04-29T00:00:00.000Z,101.6,85.3,78.6,78.6,82.6
נהריה,101.6,2022-04-29T00:00:00.000Z,101.6,85.3,78.6,78.6,82.6
נהריה,101.6,2022-04-29T00:00:00.000Z,101.6,85.3,78.6,78.6,82.6
זיו צפת,84.4,2022-04-29T00:00:00.000Z,87.5,95.3,56.5,72.9,86.5
זיו צפת,84.4,2022-04-29T00:00:00.000Z,87.1,95.5,56.5,70.6,85
זיו צפת,84.4,2022-04-29T00:00:00.000Z,86.6,95.8,56.5,68.2,83.5
זיו צפת,84.4,2022-04-29T00:00:00.000Z,86.2,96,56.5,65.9,82
זיו צפת,84.4,2022-04-29T00:00:00.000Z,85.7,96.2,56.5,63.5,80.5
זיו צפת,84.4,2022-04-29T00:00:00.000Z,85.3,96.4,56.5,61.2,79
זיו צפת,84.4,2022-04-29T00:00:00.000Z,84.8,96.7,56.5,58.8,77.6
זיו צפת,84.4,2022-04-29T00:00:00.000Z,84.4,96.9,56.5,56.5,76.1
זיו צפת,84.4,2022-04-29T00:00:00.000Z,84.4,96.9,56.5,56.5,76.1
זיו צפת,84.4,2022-04-29T00:00:00.000Z,84.4,96.9,56.5,56.5,76.1
זיו צפת,84.4,2022-04-29T00:00:00.000Z,84.4,96.9,56.5,56.5,76.1
זיו צפת,84.4,2022-04-29T00:00:00.000Z,84.4,96.9,56.5,56.5,76.1
זיו צפת,84.4,2022-04-29T00:00:00.000Z,84.4,96.9,56.5,56.5,76.1
זיו צפת,84.4,2022-04-29T00:00:00.000Z,84.4,96.9,56.5,56.5,76.1
זיו צפת,84.4,2022-04-29T00:00:00.000Z,84.4,96.9,56.5,56.5,76.1
זיו צפת,84.4,2022-04-29T00:00:00.000Z,84.4,96.9,56.5,56.5,76.1
זיו צפת,84.4,2022-04-29T00:00:00.000Z,84.4,96.9,56.5,56.5,76.1
זיו צפת,84.4,2022-04-29T00:00:00.000Z,84.4,96.9,56.5,56.5,76.1
זיו צפת,84.4,2022-04-29T00:00:00.000Z,84.4,96.9,56.5,56.5,76.1
יוספטל,75,2022-04-29T00:00:00.000Z,75,56.3,40,40,44.6
יוספטל,75,2022-04-29T00:00:00.000Z,75,56.3,40,40,44.6
יוספטל,75,2022-04-29T00:00:00.000Z,75,56.3,40,40,44.6
יוספטל,75,2022-04-29T00:00:00.000Z,75,56.3,40,40,44.6
יוספטל,75,2022-04-29T00:00:00.000Z,75,56.3,40,40,44.6
יוספטל,75,2022-04-29T00:00:00.000Z,75,56.3,40,40,44.6
יוספטל,75,2022-04-29T00:00:00.000Z,75,56.3,40,40,44.6
יוספטל,75,2022-04-29T00:00:00.000Z,75,56.3,40,40,44.6
יוספטל,75,2022-04-29T00:00:00.000Z,75,56.3,40,40,44.6
יוספטל,75,2022-04-29T00:00:00.000Z,75,56.3,40,40,44.6
יוספטל,75,2022-04-29T00:00:00.000Z,75,56.3,40,40,44.6
יוספטל,75,2022-04-29T00:00:00.000Z,75,56.3,40,40,44.6
יוספטל,75,2022-04-29T00:00:00.000Z,75,56.3,40,40,44.6
יוספטל,75,2022-04-29T00:00:00.000Z,75,56.3,40,40,44.6
יוספטל,75,2022-04-29T00:00:00.000Z,75,56.3,40,40,44.6
יוספטל,75,2022-04-29T00:00:00.000Z,75,56.3,40,40,44.6
יוספטל,75,2022-04-29T00:00:00.000Z,75,56.3,40,40,44.6
יוספטל,75,2022-04-29T00:00:00.000Z,75,56.3,40,40,44.6
יוספטל,75,2022-04-29T00:00:00.000Z,75,56.3,40,40,44.6
יוספטל,75,2022-04-29T00:00:00.000Z,75,56.3,40,40,44.6
יוספטל,75,2022-04-29T00:00:00.000Z,75,56.3,40,40,44.6
הלל יפה,102.1,2022-04-29T00:00:00.000Z,102.1,80.1,76.3,76.3,81.6
הלל יפה,102.1,2022-04-29T00:00:00.000Z,102.1,80.1,76.3,76.3,81.6
הלל יפה,102.1,2022-04-29T00:00:00.000Z,102.1,80.1,76.3,76.3,81.6
הלל יפה,102.1,2022-04-29T00:00:00.000Z,102.1,80.1,76.3,76.3,81.6
הלל יפה,102.1,2022-04-29T00:00:00.000Z,102.1,80.1,76.3,76.3,81.6
הלל יפה,102.1,2022-04-29T00:00:00.000Z,102.1,80.1,76.3,76.3,81.6
הלל יפה,102.1,2022-04-29T00:00:00.000Z,102.1,80.1,76.3,76.3,81.6
הלל יפה,102.1,2022-04-29T00:00:00.000Z,102.1,80.1,76.3,76.3,81.6
הלל יפה,102.1,2022-04-29T00:00:00.000Z,102.1,80.1,76.3,76.3,81.6
הלל יפה,102.1,2022-04-29T00:00:00.000Z,102.1,80.1,76.3,76.3,81.6
הלל יפה,102.1,2022-04-29T00:00:00.000Z,102.1,80.1,76.3,76.3,81.6
זיו צפת,84.4,2022-04-29T00:00:00.000Z,84.4,96.9,56.5,56.5,76.1
זיו צפת,84.4,2022-04-29T00:00:00.000Z,84.4,96.9,56.5,56.5,76.1
זיו צפת,84.4,2022-04-29T00:00:00.000Z,84.4,96.9,56.5,56.5,76.1
זיו צפת,84.4,2022-04-29T00:00:00.000Z,84.4,96.9,56.5,56.5,76.1
זיו צפת,84.4,2022-04-29T00:00:00.000Z,84.4,96.9,56.5,56.5,76.1
זיו צפת,84.4,2022-04-29T00:00:00.000Z,84.4,96.9,56.5,56.5,76.1
זיו צפת,84.4,2022-04-29T00:00:00.000Z,84.4,96.9,56.5,56.5,76.1
זיו צפת,84.4,2022-04-29T00:00:00.000Z,84.4,96.9,56.5,56.5,76.1
זיו צפת,84.4,2022-04-29T00:00:00.000Z,84.4,96.9,56.5,56.5,76.1
זיו צפת,84.4,2022-04-29T00:00:00.000Z,84.4,96.9,56.5,56.5,76.1
זיו צפת,84.4,2022-04-29T00:00:00.000Z,84.4,96.9,56.5,56.5,76.1
זיו צפת,84.4,2022-04-29T00:00:00.000Z,84.4,96.9,56.5,56.5,76.1
זיו צפת,84.4,2022-04-29T00:00:00.000Z,84.4,96.9,56.5,56.5,76.1
זיו צפת,84.4,2022-04-29T00:00:00.000Z,84.4,96.9,56.5,56.5,76.1
זיו צפת,84.4,2022-04-29T00:00:00.000Z,84.4,96.9,56.5,56.5,76.1
זיו צפת,84.4,2022-04-29T00:00:00.000Z,84.4,96.9,56.5,56.5,76.1
זיו צפת,84.4,2022-04-29T00:00:00.000Z,84.4,96.9,56.5,56.5,76.1
זיו צפת,84.4,2022-04-29T00:00:00.000Z,84.4,96.9,56.5,56.5,76.1
זיו צפת,84.4,2022-04-29T00:00:00.000Z,84.4,96.9,56.5,56.5,76.1
זיו צפת,84.4,2022-04-29T00:00:00.000Z,84.4,96.9,56.5,56.5,76.1
זיו צפת,84.4,2022-04-29T00:00:00.000Z,84.4,96.9,56.5,56.5,76.1
זיו צפת,84.4,2022-04-29T00:00:00.000Z,84.4,96.9,56.5,56.5,76.1
זיו צפת,84.4,2022-04-29T00:00:00.000Z,84.4,96.9,56.5,56.5,76.1
זיו צפת,84.4,2022-04-29T00:00:00.000Z,84.4,96.9,56.5,56.5,76.1
זיו צפת,84.4,2022-04-29T00:00:00.000Z,84.4,96.9,56.5,56.5,76.1
זיו צפת,84.4,2022-04-29T00:00:00.000Z,84.4,96.9,56.5,56.5,76.1
זיו צפת,84.4,2022-04-29T00:00:00.000Z,84.4,96.9,56.5,56.5,76.1
זיו צפת,84.4,2022-04-29T00:00:00.000Z,84.4,96.9,56.5,56.5,76.1
זיו צפת,84.4,2022-04-29T00:00:00.000Z,84.4,96.9,56.5,56.5,76.1
זיו צפת,84.4,2022-04-29T00:00:00.000Z,84.4,96.9,56.5,56.5,76.1
זיו צפת,84.4,2022-04-29T00:00:00.000Z,84.4,96.9,56.5,56.5,76.1
זיו צפת,84.4,2022-04-29T00:00:00.000Z,84.4,96.9,56.5,56.5,76.1
שמיר,83.8,2022-04-29T00:00:00.000Z,84.6,86.1,66.7,72.5,71.4
שמיר,83.8,2022-04-29T00:00:00.000Z,84.4,86.2,66.7,71.7,70.8
שמיר,83.8,2022-04-29T00:00:00.000Z,84.3,86.2,66.7,70.8,70.2
שמיר,83.8,2022-04-29T00:00:00.000Z,84.2,86.3,66.7,70,69.6
שמיר,83.8,2022-04-29T00:00:00.000Z,84.1,86.3,66.7,69.2,69.1
שמיר,83.8,2022-04-29T00:00:00.000Z,84,86.4,66.7,68.3,68.5
שמיר,83.8,2022-04-29T00:00:00.000Z,83.9,86.4,66.7,67.5,67.9
שמיר,83.8,2022-04-29T00:00:00.000Z,83.8,86.5,66.7,66.7,67.3
שמיר,83.8,2022-04-29T00:00:00.000Z,83.8,86.5,66.7,66.7,67.3
שמיר,83.8,2022-04-29T00:00:00.000Z,83.8,86.5,66.7,66.7,67.3
שמיר,83.8,2022-04-29T00:00:00.000Z,83.8,86.5,66.7,66.7,67.3
שמיר,83.8,2022-04-29T00:00:00.000Z,83.8,86.5,66.7,66.7,67.3
שמיר,83.8,2022-04-29T00:00:00.000Z,83.8,86.5,66.7,66.7,67.3
שמיר,83.8,2022-04-29T00:00:00.000Z,83.8,86.5,66.7,66.7,67.3
שמיר,83.8,2022-04-29T00:00:00.000Z,83.8,86.5,66.7,66.7,67.3
שמיר,83.8,2022-04-29T00:00:00.000Z,83.8,86.5,66.7,66.7,67.3
שמיר,83.8,2022-04-29T00:00:00.000Z,83.8,86.5,66.7,66.7,67.3
שמיר,83.8,2022-04-29T00:00:00.000Z,83.8,86.5,66.7,66.7,67.3
שמיר,83.8,2022-04-29T00:00:00.000Z,83.8,86.5,66.7,66.7,67.3
זיו צפת,84.4,2022-04-29T00:00:00.000Z,84.4,96.9,56.5,56.5,76.1
זיו צפת,84.4,2022-04-29T00:00:00.000Z,84.4,96.9,56.5,56.5,76.1
זיו צפת,84.4,2022-04-29T00:00:00.000Z,84.4,96.9,56.5,56.5,76.1
זיו צפת,84.4,2022-04-29T00:00:00.000Z,84.4,96.9,56.5,56.5,76.1
זיו צפת,84.4,2022-04-29T00:00:00.000Z,84.4,96.9,56.5,56.5,76.1
זיו צפת,84.4,2022-04-29T00:00:00.000Z,84.4,96.9,56.5,56.5,76.1
זיו צפת,84.4,2022-04-29T00:00:00.000Z,84.4,96.9,56.5,56.5,76.1
זיו צפת,84.4,2022-04-29T00:00:00.000Z,84.4,96.9,56.5,56.5,76.1
זיו צפת,84.4,2022-04-29T00:00:00.000Z,84.4,96.9,56.5,56.5,76.1
זיו צפת,84.4,2022-04-29T00:00:00.000Z,84.4,96.9,56.5,56.5,76.1
זיו צפת,84.4,2022-04-29T00:00:00.000Z,84.4,96.9,56.5,56.5,76.1
זיו צפת,84.4,2022-04-29T00:00:00.000Z,84.4,96.9,56.5,56.5,76.1
זיו צפת,84.4,2022-04-29T00:00:00.000Z,84.4,96.9,56.5,56.5,76.1
זיו צפת,84.4,2022-04-29T00:00:00.000Z,84.4,96.9,56.5,56.5,76.1
זיו צפת,84.4,2022-04-29T00:00:00.000Z,84.4,96.9,56.5,56.5,76.1
זיו צפת,84.4,2022-04-29T00:00:00.000Z,84.4,96.9,56.5,56.5,76.1
זיו צפת,84.4,2022-04-29T00:00:00.000Z,84.4,96.9,56.5,56.5,76.1
זיו צפת,84.4,2022-04-29T00:00:00.000Z,84.4,96.9,56.5,56.5,76.1
זיו צפת,84.4,2022-04-29T00:00:00.000Z,84.4,96.9,56.5,56.5,76.1
זיו צפת,84.4,2022-04-29T00:00:00.000Z,84.4,96.9,56.5,56.5,76.1
זיו צפת,84.4,2022-04-29T00:00:00.000Z,84.4,96.9,56.5,56.5,76.1
זיו צפת,84.4,2022-04-29T00:00:00.000Z,84.4,96.9,56.5,56.5,76.1
זיו צפת,84.4,2022-04-29T00:00:00.000Z,84.4,96.9,56.5,56.5,76.1
זיו צפת,84.4,2022-04-29T00:00:00.000Z,84.4,96.9,56.5,56.5,76.1
זיו צפת,84.4,2022-04-29T00:00:00.000Z,84.4,96.9,56.5,56.5,76.1
זיו צפת,84.4,2022-04-29T00:00:00.000Z,84.4,96.9,56.5,56.5,76.1
זיו צפת,84.4,2022-04-29T00:00:00.000Z,84.4,96.9,56.5,56.5,76.1
זיו צפת,84.4,2022-04-29T00:00:00.000Z,84.4,96.9,56.5,56.5,76.1
זיו צפת,84.4,2022-04-29T00:00:00.000Z,84.4,96.9,56.5,56.5,76.1
זיו צפת,84.4,2022-04-29T00:00:00.000Z,84.4,96.9,56.5,56.5,76.1
זיו צפת,84.4,2022-04-29T00:00:00.000Z,84.4,96.9,56.5,56.5,76.1
זיו צפת,84.4,2022-04-29T00:00:00.000Z,84.4,96.9,56.5,56.5,76.1
יוספטל,75,2022-04-29T00:00:00.000Z,75,56.3,40,40,44.6
יוספטל,75,2022-04-29T00:00:00.000Z,75,56.3,40,40,44.6
יוספטל,75,2022-04-29T00:00:00.000Z,75,56.3,40,40,44.6
יוספטל,75,2022-04-29T00:00:00.000Z,75,56.3,40,40,44.6
יוספטל,75,2022-04-29T00:00:00.000Z,75,56.3,40,40,44.6
זיו צפת,84.4,2022-04-29T00:00:00.000Z,84.4,96.9,56.5,56.5,76.1
זיו צפת,84.4,2022-04-29T00:00:00.000Z,84.4,96.9,56.5,56.5,76.1
זיו צפת,84.4,2022-04-29T00:00:00.000Z,84.4,96.9,56.5,56.5,76.1
זיו צפת,84.4,2022-04-29T00:00:00.000Z,84.4,96.9,56.5,56.5,76.1
זיו צפת,84.4,2022-04-29T00:00:00.000Z,84.4,96.9,56.5,56.5,76.1
זיו צפת,84.4,2022-04-29T00:00:00.000Z,84.4,96.9,56.5,56.5,76.1
זיו צפת,84.4,2022-04-29T00:00:00.000Z,84.4,96.9,56.5,56.5,76.1
זיו צפת,84.4,2022-04-29T00:00:00.000Z,84.4,96.9,56.5,56.5,76.1
זיו צפת,84.4,2022-04-29T00:00:00.000Z,84.4,96.9,56.5,56.5,76.1
זיו צפת,84.4,2022-04-29T00:00:00.000Z,84.4,96.9,56.5,56.5,76.1
זיו צפת,84.4,2022-04-29T00:00:00.000Z,84.4,96.9,56.5,56.5,76.1
זיו צפת,84.4,2022-04-29T00:00:00.000Z,84.4,96.9,56.5,56.5,76.1
זיו צפת,84.4,2022-04-29T00:00:00.000Z,84.4,96.9,56.5,56.5,76.1
זיו צפת,84.4,2022-04-29T00:00:00.000Z,84.4,96.9,56.5,56.5,76.1
זיו צפת,84.4,2022-04-29T00:00:00.000Z,84.4,96.9,56.5,56.5,76.1
זיו צפת,84.4,2022-04-29T00:00:00.000Z,84.4,96.9,56.5,56.5,76.1
זיו צפת,84.4,2022-04-29T00:00:00.000Z,84.4,96.9,56.5,56.5,76.1
זיו צפת,84.4,2022-04-29T00:00:00.000Z,84.4,96.9,56.5,56.5,76.1
זיו צפת,84.4,2022-04-29T00:00:00.000Z,84.4,96.9,56.5,56.5,76.1
זיו צפת,84.4,2022-04-29T00:00:00.000Z,84.4,96.9,56.5,56.5,76.1
זיו צפת,84.4,2022-04-29T00:00:00.000Z,84.4,96.9,56.5,56.5,76.1
זיו צפת,84.4,2022-04-29T00:00:00.000Z,84.4,96.9,56.5,56.5,76.1
זיו צפת,84.4,2022-04-29T00:00:00.000Z,84.4,96.9,56.5,56.5,76.1
זיו צפת,84.4,2022-04-29T00:00:00.000Z,84.4,96.9,56.5,56.5,76.1
שמיר,83.8,2022-04-29T00:00:00.000Z,83.8,86.5,66.7,66.7,67.3
שמיר,83.8,2022-04-29T00:00:00.000Z,83.8,86.5,66.7,66.7,67.3
שמיר,83.8,2022-04-29T00:00:00.000Z,83.8,86.5,66.7,66.7,67.3
שמיר,83.8,2022-04-29T00:00:00.000Z,83.8,86.5,66.7,66.7,67.3
שמיר,83.8,2022-04-29T00:00:00.000Z,83.8,86.5,66.7,66.7,67.3
שמיר,83.8,2022-04-29T00:00:00.000Z,83.8,86.5,66.7,66.7,67.3
שמיר,83.8,2022-04-29T00:00:00.000Z,83.8,86.5,66.7,66.7,67.3
שמיר,83.8,2022-04-29T00:00:00.000Z,83.8,86.5,66.7,66.7,67.3
שמיר,83.8,2022-04-29T00:00:00.000Z,83.8,86.5,66.7,66.7,67.3
שמיר,83.8,2022-04-29T00:00:00.000Z,83.8,86.5,66.7,66.7,67.3
שמיר,83.8,2022-04-29T00:00:00.000Z,83.8,86.5,66.7,66.7,67.3
שמיר,83.8,2022-04-29T00:00:00.000Z,83.8,86.5,66.7,66.7,67.3
שמיר,83.8,2022-04-29T00:00:00.000Z,83.8,86.5,66.7,66.7,67.3
שמיר,83.8,2022-04-29T00:00:00.000Z,83.8,86.5,66.7,66.7,67.3
שמיר,83.8,2022-04-29T00:00:00.000Z,83.8,86.5,66.7,66.7,67.3
שמיר,83.8,2022-04-29T00:00:00.000Z,83.8,86.5,66.7,66.7,67.3
שמיר,83.8,2022-04-29T00:00:00.000Z,83.8,86.5,66.7,66.7,67.3
שמיר,83.8,2022-04-29T00:00:00.000Z,83.8,86.5,66.7,66.7,67.3
שמיר,83.8,2022-04-29T00:00:00.000Z,83.8,86.5,66.7,66.7,67.3
שמיר,83.8,2022-04-29T00:00:00.000Z,83.8,86.5,66.7,66.7,67.3
שמיר,83.8,2022-04-29T00:00:00.000Z,83.8,86.5,66.7,66.7,67.3
שמיר,83.8,2022-04-29T00:00:00.000Z,83.8,86.5,66.7,66.7,67.3
שמיר,83.8,2022-04-29T00:00:00.000Z,83.8,86.5,66.7,66.7,67.3
שמיר,83.8,2022-04-29T00:00:00.000Z,83.8,86.5,66.7,66.7,67.3
שמיר,83.8,2022-04-29T00:00:00.000Z,83.8,86.5,66.7,66.7,67.3
שמיר,83.8,2022-04-29T00:00:00.000Z,83.8,86.5,66.7,66.7,67.3
שמיר,83.8,2022-04-29T00:00:00.000Z,83.8,86.5,66.7,66.7,67.3
שמיר,83.8,2022-04-29T00:00:00.000Z,83.8,86.5,66.7,66.7,67.3
שמיר,83.8,2022-04-29T00:00:00.000Z,83.8,86.5,66.7,66.7,67.3
שמיר,83.8,2022-04-29T00:00:00.000Z,83.8,86.5,66.7,66.7,67.3
שמיר,83.8,2022-04-29T00:00:00.000Z,83.8,86.5,66.7,66.7,67.3
שמיר,83.8,2022-04-29T00:00:00.000Z,83.8,86.5,66.7,66.7,67.3
שמיר,83.8,2022-04-29T00:00:00.000Z,83.8,86.5,66.7,66.7,67.3
שמיר,83.8,2022-04-29T00:00:00.000Z,83.8,86.5,66.7,66.7,67.3
זיו צפת,84.4,2022-04-29T00:00:00.000Z,84.4,96.9,56.5,56.5,76.1
זיו צפת,84.4,2022-04-29T00:00:00.000Z,84.4,96.9,56.5,56.5,76.1
זיו צפת,84.4,2022-04-29T00:00:00.000Z,84.4,96.9,56.5,56.5,76.1
זיו צפת,84.4,2022-04-29T00:00:00.000Z,84.4,96.9,56.5,56.5,76.1
זיו צפת,84.4,2022-04-29T00:00:00.000Z,84.4,96.9,56.5,56.5,76.1
זיו צפת,84.4,2022-04-29T00:00:00.000Z,84.4,96.9,56.5,56.5,76.1
זיו צפת,84.4,2022-04-29T00:00:00.000Z,84.4,96.9,56.5,56.5,76.1
זיו צפת,84.4,2022-04-29T00:00:00.000Z,84.4,96.9,56.5,56.5,76.1
זיו צפת,84.4,2022-04-29T00:00:00.000Z,84.4,96.9,56.5,56.5,76.1
זיו צפת,84.4,2022-04-29T00:00:00.000Z,84.4,96.9,56.5,56.5,76.1
זיו צפת,84.4,2022-04-29T00:00:00.000Z,84.4,96.9,56.5,56.5,76.1
זיו צפת,84.4,2022-04-29T00:00:00.000Z,84.4,96.9,56.5,56.5,76.1
זיו צפת,84.4,2022-04-29T00:00:00.000Z,84.4,96.9,56.5,56.5,76.1
זיו צפת,84.4,2022-04-29T00:00:00.000Z,84.4,96.9,56.5,56.5,76.1
זיו צפת,84.4,2022-04-29T00:00:00.000Z,84.4,96.9,56.5,56.5,76.1
זיו צפת,84.4,2022-04-29T00:00:00.000Z,84.4,96.9,56.5,56.5,76.1
זיו צפת,84.4,2022-04-29T00:00:00.000Z,84.4,96.9,56.5,56.5,76.1
זיו צפת,84.4,2022-04-29T00:00:00.000Z,84.4,96.9,56.5,56.5,76.1
זיו צפת,84.4,2022-04-29T00:00:00.000Z,84.4,96.9,56.5,56.5,76.1
זיו צפת,84.4,2022-04-29T00:00:00.000Z,84.4,96.9,56.5,56.5,76.1
זיו צפת,84.4,2022-04-29T00:00:00.000Z,84.4,96.9,56.5,56.5,76.1
זיו צפת,84.4,2022-04-29T00:00:00.000Z,84.4,96.9,56.5,56.5,76.1
זיו צפת,84.4,2022-04-29T00:00:00.000Z,84.4,96.9,56.5,56.5,76.1
זיו צפת,84.4,2022-04-29T00:00:00.000Z,84.4,96.9,56.5,56.5,76.1
זיו צפת,84.4,2022-04-29T00:00:00.000Z,84.4,96.9,56.5,56.5,76.1
זיו צפת,84.4,2022-04-29T00:00:00.000Z,84.4,96.9,56.5,56.5,76.1
זיו צפת,84.4,2022-04-29T00:00:00.000Z,84.4,96.9,56.5,56.5,76.1
זיו צפת,84.4,2022-04-29T00:00:00.000Z,84.4,96.9,56.5,56.5,76.1
זיו צפת,84.4,2022-04-29T00:00:00.000Z,84.4,96.9,56.5,56.5,76.1
זיו צפת,84.4,2022-04-29T00:00:00.000Z,84.4,96.9,56.5,56.5,76.1
זיו צפת,84.4,2022-04-29T00:00:00.000Z,84.4,96.9,56.5,56.5,76.1
זיו צפת,84.4,2022-04-29T00:00:00.000Z,84.4,96.9,56.5,56.5,76.1
זיו צפת,84.4,2022-04-29T00:00:00.000Z,84.4,96.9,56.5,56.5,76.1
זיו צפת,84.4,2022-04-29T00:00:00.000Z,84.4,96.9,56.5,56.5,76.1
שמיר,83.8,2022-04-29T00:00:00.000Z,83.8,86.5,66.7,66.7,67.3
שמיר,83.8,2022-04-29T00:00:00.000Z,83.8,86.5,66.7,66.7,67.3
שמיר,83.8,2022-04-29T00:00:00.000Z,83.8,86.5,66.7,66.7,67.3
שמיר,83.8,2022-04-29T00:00:00.000Z,83.8,86.5,66.7,66.7,67.3
שמיר,83.8,2022-04-29T00:00:00.000Z,83.8,86.5,66.7,66.7,67.3
שמיר,83.8,2022-04-29T00:00:00.000Z,83.8,86.5,66.7,66.7,67.3
שמיר,83.8,2022-04-29T00:00:00.000Z,83.8,86.5,66.7,66.7,67.3
שמיר,83.8,2022-04-29T00:00:00.000Z,83.8,86.5,66.7,66.7,67.3
שמיר,83.8,2022-04-29T00:00:00.000Z,83.8,86.5,66.7,66.7,67.3
שמיר,83.8,2022-04-29T00:00:00.000Z,83.8,86.5,66.7,66.7,67.3
שמיר,83.8,2022-04-29T00:00:00.000Z,83.8,86.5,66.7,66.7,67.3
שמיר,83.8,2022-04-29T00:00:00.000Z,83.8,86.5,66.7,66.7,67.3
שמיר,83.8,2022-04-29T00:00:00.000Z,83.8,86.5,66.7,66.7,67.3
שמיר,83.8,2022-04-29T00:00:00.000Z,83.8,86.5,66.7,66.7,67.3
שמיר,83.8,2022-04-29T00:00:00.000Z,83.8,86.5,66.7,66.7,67.3
שמיר,83.8,2022-04-29T00:00:00.000Z,83.8,86.5,66.7,66.7,67.3
שמיר,83.8,2022-04-29T00:00:00.000Z,83.8,86.5,66.7,66.7,67.3
שמיר,83.8,2022-04-29T00:00:00.000Z,83.8,86.5,66.7,66.7,67.3
שמיר,83.8,2022-04-29T00:00:00.000Z,83.8,86.5,66.7,66.7,67.3
שמיר,83.8,2022-04-29T00:00:00.000Z,83.8,86.5,66.7,66.7,67.3
שמיר,83.8,2022-04-29T00:00:00.000Z,83.8,86.5,66.7,66.7,67.3
שמיר,83.8,2022-04-29T00:00:00.000Z,83.8,86.5,66.7,66.7,67.3
שמיר,83.8,2022-04-29T00:00:00.000Z,83.8,86.5,66.7,66.7,67.3
שמיר,83.8,2022-04-29T00:00:00.000Z,83.8,86.5,66.7,66.7,67.3
שמיר,83.8,2022-04-29T00:00:00.000Z,83.8,86.5,66.7,66.7,67.3
שמיר,83.8,2022-04-29T00:00:00.000Z,83.8,86.5,66.7,66.7,67.3
שמיר,83.8,2022-04-29T00:00:00.000Z,83.8,86.5,66.7,66.7,67.3
שמיר,83.8,2022-04-29T00:00:00.000Z,83.8,86.5,66.7,66.7,67.3
שמיר,83.8,2022-04-29T00:00:00.000Z,83.8,86.5,66.7,66.7,67.3
שמיר,83.8,2022-04-29T00:00:00.000Z,83.8,86.5,66.7,66.7,67.3
שמיר,83.8,2022-04-29T00:00:00.000Z,83.8,86.5,66.7,66.7,67.3
שמיר,83.8,2022-04-29T00:00:00.000Z,83.8,86.5,66.7,66.7,67.3
שמיר,83.8,2022-04-29T00:00:00.000Z,83.8,86.5,66.7,66.7,67.3
שמיר,83.8,2022-04-29T00:00:00.000Z,83.8,86.5,66.7,66.7,67.3
זיו צפת,84.4,2022-04-29T00:00:00.000Z,84.4,96.9,56.5,56.5,76.1
זיו צפת,84.4,2022-04-29T00:00:00.000Z,84.4,96.9,56.5,56.5,76.1
זיו צפת,84.4,2022-04-29T00:00:00.000Z,84.4,96.9,56.5,56.5,76.1
זיו צפת,84.4,2022-04-29T00:00:00.000Z,84.4,96.9,56.5,56.5,76.1
זיו צפת,84.4,2022-04-29T00:00:00.000Z,84.4,96.9,56.5,56.5,76.1
זיו צפת,84.4,2022-04-29T00:00:00.000Z,84.4,96.9,56.5,56.5,76.1
זיו צפת,84.4,2022-04-29T00:00:00.000Z,84.4,96.9,56.5,56.5,76.1
זיו צפת,84.4,2022-04-29T00:00:00.000Z,84.4,96.9,56.5,56.5,76.1
זיו צפת,84.4,2022-04-29T00:00:00.000Z,84.4,96.9,56.5,56.5,76.1
זיו צפת,84.4,2022-04-29T00:00:00.000Z,84.4,96.9,56.5,56.5,76.1
זיו צפת,84.4,2022-04-29T00:00:00.000Z,84.4,96.9,56.5,56.5,76.1
זיו צפת,84.4,2022-04-29T00:00:00.000Z,84.4,96.9,56.5,56.5,76.1
זיו צפת,84.4,2022-04-29T00:00:00.000Z,84.4,96.9,56.5,56.5,76.1
זיו צפת,84.4,2022-04-29T00:00:00.000Z,84.4,96.9,56.5,56.5,76.1
זיו צפת,84.4,2022-04-29T00:00:00.000Z,84.4,96.9,56.5,56.5,76.1
זיו צפת,84.4,2022-04-29T00:00:00.000Z,84.4,96.9,56.5,56.5,76.1
זיו צפת,84.4,2022-04-29T00:00:00.000Z,84.4,96.9,56.5,56.5,76.1
זיו צפת,84.4,2022-04-29T00:00:00.000Z,84.4,96.9,56.5,56.5,76.1
זיו צפת,84.4,2022-04-29T00:00:00.000Z,84.4,96.9,56.5,56.5,76.1
זיו צפת,84.4,2022-04-29T00:00:00.000Z,84.4,96.9,56.5,56.5,76.1
זיו צפת,84.4,2022-04-29T00:00:00.000Z,84.4,96.9,56.5,56.5,76.1
זיו צפת,84.4,2022-04-29T00:00:00.000Z,84.4,96.9,56.5,56.5,76.1
זיו צפת,84.4,2022-04-29T00:00:00.000Z,84.4,96.9,56.5,56.5,76.1
זיו צפת,84.4,2022-04-29T00:00:00.000Z,84.4,96.9,56.5,56.5,76.1
זיו צפת,84.4,2022-04-29T00:00:00.000Z,84.4,96.9,56.5,56.5,76.1
זיו צפת,84.4,2022-04-29T00:00:00.000Z,84.4,96.9,56.5,56.5,76.1
זיו צפת,84.4,2022-04-29T00:00:00.000Z,84.4,96.9,56.5,56.5,76.1
זיו צפת,84.4,2022-04-29T00:00:00.000Z,84.4,96.9,56.5,56.5,76.1
זיו צפת,84.4,2022-04-29T00:00:00.000Z,84.4,96.9,56.5,56.5,76.1
זיו צפת,84.4,2022-04-29T00:00:00.000Z,84.4,96.9,56.5,56.5,76.1
זיו צפת,84.4,2022-04-29T00:00:00.000Z,84.4,96.9,56.5,56.5,76.1
זיו צפת,84.4,2022-04-29T00:00:00.000Z,84.4,96.9,56.5,56.5,76.1
זיו צפת,84.4,2022-04-29T00:00:00.000Z,84.4,96.9,56.5,56.5,76.1
זיו צפת,84.4,2022-04-29T00:00:00.000Z,84.4,96.9,56.5,56.5,76.1
שמיר,83.8,2022-04-29T00:00:00.000Z,83.8,86.5,66.7,66.7,67.3
שמיר,83.8,2022-04-29T00:00:00.000Z,83.8,86.5,66.7,66.7,67.3
שמיר,83.8,2022-04-29T00:00:00.000Z,83.8,86.5,66.7,66.7,67.3
שמיר,83.8,2022-04-29T00:00:00.000Z,83.8,86.5,66.7,66.7,67.3
שמיר,83.8,2022-04-29T00:00:00.000Z,83.8,86.5,66.7,66.7,67.3
שמיר,83.8,2022-04-29T00:00:00.000Z,83.8,86.5,66.7,66.7,67.3
שמיר,83.8,2022-04-29T00:00:00.000Z,83.8,86.5,66.7,66.7,67.3
שמיר,83.8,2022-04-29T00:00:00.000Z,83.8,86.5,66.7,66.7,67.3
שמיר,83.8,2022-04-29T00:00:00.000Z,83.8,86.5,66.7,66.7,67.3
שמיר,83.8,2022-04-29T00:00:00.000Z,83.8,86.5,66.7,66.7,67.3
שמיר,83.8,2022-04-29T00:00:00.000Z,83.8,86.5,66.7,66.7,67.3
שמיר,83.8,2022-04-29T00:00:00.000Z,83.8,86.5,66.7,66.7,67.3
שמיר,83.8,2022-04-29T00:00:00.000Z,83.8,86.5,66.7,66.7,67.3
שמיר,83.8,2022-04-29T00:00:00.000Z,83.8,86.5,66.7,66.7,67.3
שמיר,83.8,2022-04-29T00:00:00.000Z,83.8,86.5,66.7,66.7,67.3
שמיר,83.8,2022-04-29T00:00:00.000Z,83.8,86.5,66.7,66.7,67.3
שמיר,83.8,2022-04-29T00:00:00.000Z,83.8,86.5,66.7,66.7,67.3
שמיר,83.8,2022-04-29T00:00:00.000Z,83.8,86.5,66.7,66.7,67.3
שמיר,83.8,2022-04-29T00:00:00.000Z,83.8,86.5,66.7,66.7,67.3
שמיר,83.8,2022-04-29T00:00:00.000Z,83.8,86.5,66.7,66.7,67.3
שמיר,83.8,2022-04-29T00:00:00.000Z,83.8,86.5,66.7,66.7,67.3
שמיר,83.8,2022-04-29T00:00:00.000Z,83.8,86.5,66.7,66.7,67.3
שמיר,83.8,2022-04-29T00:00:00.000Z,83.8,86.5,66.7,66.7,67.3
שמיר,83.8,2022-04-29T00:00:00.000Z,83.8,86.5,66.7,66.7,67.3
שמיר,83.8,2022-04-29T00:00:00.000Z,83.8,86.5,66.7,66.7,67.3
שמיר,83.8,2022-04-29T00:00:00.000Z,83.8,86.5,66.7,66.7,67.3
שמיר,83.8,2022-04-29T00:00:00.000Z,83.8,86.5,66.7,66.7,67.3
שמיר,83.8,2022-04-29T00:00:00.000Z,83.8,86.5,66.7,66.7,67.3
שמיר,83.8,2022-04-29T00:00:00.000Z,83.8,86.5,66.7,66.7,67.3
שמיר,83.8,2022-04-29T00:00:00.000Z,83.8,86.5,66.7,66.7,67.3
שמיר,83.8,2022-04-29T00:00:00.000Z,83.8,86.5,66.7,66.7,67.3
שמיר,83.8,2022-04-29T00:00:00.000Z,83.8,86.5,66.7,66.7,67.3
שמיר,83.8,2022-04-29T00:00:00.000Z,83.8,86.5,66.7,66.7,67.3
שמיר,83.8,2022-04-29T00:00:00.000Z,83.8,86.5,66.7,66.7,67.3
כלל המוסדות,86.8,2022-04-29T00:00:00.000Z,91.5,87.1,76,84.1,80.7
שמיר,83.8,2022-04-29T00:00:00.000Z,83.8,86.5,66.7,66.7,67.3
שמיר,83.8,2022-04-29T00:00:00.000Z,83.8,86.5,66.7,66.7,67.3
שמיר,83.8,2022-04-29T00:00:00.000Z,83.8,86.5,66.7,66.7,67.3
שמיר,83.8,2022-04-29T00:00:00.000Z,83.8,86.5,66.7,66.7,67.3
שמיר,83.8,2022-04-29T00:00:00.000Z,83.8,86.5,66.7,66.7,67.3
שמיר,83.8,2022-04-29T00:00:00.000Z,83.8,86.5,66.7,66.7,67.3
שמיר,83.8,2022-04-29T00:00:00.000Z,83.8,86.5,66.7,66.7,67.3
שמיר,83.8,2022-04-29T00:00:00.000Z,83.8,86.5,66.7,66.7,67.3
זיו צפת,84.4,2022-04-29T00:00:00.000Z,84.4,96.9,56.5,56.5,76.1
זיו צפת,84.4,2022-04-29T00:00:00.000Z,84.4,96.9,56.5,56.5,76.1
זיו צפת,84.4,2022-04-29T00:00:00.000Z,84.4,96.9,56.5,56.5,76.1
זיו צפת,84.4,2022-04-29T00:00:00.000Z,84.4,96.9,56.5,56.5,76.1
זיו צפת,84.4,2022-04-29T00:00:00.000Z,84.4,96.9,56.5,56.5,76.1
זיו צפת,84.4,2022-04-29T00:00:00.000Z,84.4,96.9,56.5,56.5,76.1
זיו צפת,84.4,2022-04-29T00:00:00.000Z,84.4,96.9,56.5,56.5,76.1
זיו צפת,84.4,2022-04-29T00:00:00.000Z,84.4,96.9,56.5,56.5,76.1
זיו צפת,84.4,2022-04-29T00:00:00.000Z,84.4,96.9,56.5,56.5,76.1
זיו צפת,84.4,2022-04-29T00:00:00.000Z,84.4,96.9,56.5,56.5,76.1
זיו צפת,84.4,2022-04-29T00:00:00.000Z,84.4,96.9,56.5,56.5,76.1
זיו צפת,84.4,2022-04-29T00:00:00.000Z,84.4,96.9,56.5,56.5,76.1
זיו צפת,84.4,2022-04-29T00:00:00.000Z,84.4,96.9,56.5,56.5,76.1
זיו צפת,84.4,2022-04-29T00:00:00.000Z,84.4,96.9,56.5,56.5,76.1
זיו צפת,84.4,2022-04-29T00:00:00.000Z,84.4,96.9,56.5,56.5,76.1
זיו צפת,84.4,2022-04-29T00:00:00.000Z,84.4,96.9,56.5,56.5,76.1
זיו צפת,84.4,2022-04-29T00:00:00.000Z,84.4,96.9,56.5,56.5,76.1
זיו צפת,84.4,2022-04-29T00:00:00.000Z,84.4,96.9,56.5,56.5,76.1
זיו צפת,84.4,2022-04-29T00:00:00.000Z,84.4,96.9,56.5,56.5,76.1
זיו צפת,84.4,2022-04-29T00:00:00.000Z,84.4,96.9,56.5,56.5,76.1
זיו צפת,84.4,2022-04-29T00:00:00.000Z,84.4,96.9,56.5,56.5,76.1
זיו צפת,84.4,2022-04-29T00:00:00.000Z,84.4,96.9,56.5,56.5,76.1
זיו צפת,84.4,2022-04-29T00:00:00.000Z,84.4,96.9,56.5,56.5,76.1
זיו צפת,84.4,2022-04-29T00:00:00.000Z,84.4,96.9,56.5,56.5,76.1
זיו צפת,84.4,2022-04-29T00:00:00.000Z,84.4,96.9,56.5,56.5,76.1
זיו צפת,84.4,2022-04-29T00:00:00.000Z,84.4,96.9,56.5,56.5,76.1
שמיר,83.8,2022-04-29T00:00:00.000Z,83.8,86.5,66.7,66.7,67.3
שמיר,83.8,2022-04-29T00:00:00.000Z,83.8,86.5,66.7,66.7,67.3
שמיר,83.8,2022-04-29T00:00:00.000Z,83.8,86.5,66.7,66.7,67.3
שמיר,83.8,2022-04-29T00:00:00.000Z,83.8,86.5,66.7,66.7,67.3
שמיר,83.8,2022-04-29T00:00:00.000Z,83.8,86.5,66.7,66.7,67.3
שמיר,83.8,2022-04-29T00:00:00.000Z,83.8,86.5,66.7,66.7,67.3
שמיר,83.8,2022-04-29T00:00:00.000Z,83.8,86.5,66.7,66.7,67.3
שמיר,83.8,2022-04-29T00:00:00.000Z,83.8,86.5,66.7,66.7,67.3
שמיר,83.8,2022-04-29T00:00:00.000Z,83.8,86.5,66.7,66.7,67.3
שמיר,83.8,2022-04-29T00:00:00.000Z,83.8,86.5,66.7,66.7,67.3
שמיר,83.8,2022-04-29T00:00:00.000Z,83.8,86.5,66.7,66.7,67.3
שמיר,83.8,2022-04-29T00:00:00.000Z,83.8,86.5,66.7,66.7,67.3
שמיר,83.8,2022-04-29T00:00:00.000Z,83.8,86.5,66.7,66.7,67.3
שמיר,83.8,2022-04-29T00:00:00.000Z,83.8,86.5,66.7,66.7,67.3
שמיר,83.8,2022-04-29T00:00:00.000Z,83.8,86.5,66.7,66.7,67.3
שמיר,83.8,2022-04-29T00:00:00.000Z,83.8,86.5,66.7,66.7,67.3
שמיר,83.8,2022-04-29T00:00:00.000Z,83.8,86.5,66.7,66.7,67.3
שמיר,83.8,2022-04-29T00:00:00.000Z,83.8,86.5,66.7,66.7,67.3
שמיר,83.8,2022-04-29T00:00:00.000Z,83.8,86.5,66.7,66.7,67.3
שמיר,83.8,2022-04-29T00:00:00.000Z,83.8,86.5,66.7,66.7,67.3
שמיר,83.8,2022-04-29T00:00:00.000Z,83.8,86.5,66.7,66.7,67.3
שמיר,83.8,2022-04-29T00:00:00.000Z,83.8,86.5,66.7,66.7,67.3
שמיר,83.8,2022-04-29T00:00:00.000Z,83.8,86.5,66.7,66.7,67.3
שמיר,83.8,2022-04-29T00:00:00.000Z,83.8,86.5,66.7,66.7,67.3
שמיר,83.8,2022-04-29T00:00:00.000Z,83.8,86.5,66.7,66.7,67.3
שמיר,83.8,2022-04-29T00:00:00.000Z,83.8,86.5,66.7,66.7,67.3
שמיר,83.8,2022-04-29T00:00:00.000Z,83.8,86.5,66.7,66.7,67.3
שמיר,83.8,2022-04-29T00:00:00.000Z,83.8,86.5,66.7,66.7,67.3
שמיר,83.8,2022-04-29T00:00:00.000Z,83.8,86.5,66.7,66.7,67.3
שמיר,83.8,2022-04-29T00:00:00.000Z,83.8,86.5,66.7,66.7,67.3
שמיר,83.8,2022-04-29T00:00:00.000Z,83.8,86.5,66.7,66.7,67.3
שמיר,83.8,2022-04-29T00:00:00.000Z,83.8,86.5,66.7,66.7,67.3
זיו צפת,84.4,2022-04-29T00:00:00.000Z,84.4,96.9,56.5,56.5,76.1
זיו צפת,84.4,2022-04-29T00:00:00.000Z,84.4,96.9,56.5,56.5,76.1
זיו צפת,84.4,2022-04-29T00:00:00.000Z,84.4,96.9,56.5,56.5,76.1
שמיר,83.8,2022-04-29T00:00:00.000Z,83.8,86.5,66.7,66.7,67.3
שמיר,83.8,2022-04-29T00:00:00.000Z,83.8,86.5,66.7,66.7,67.3
שמיר,83.8,2022-04-29T00:00:00.000Z,83.8,86.5,66.7,66.7,67.3
שמיר,83.8,2022-04-29T00:00:00.000Z,83.8,86.5,66.7,66.7,67.3
שמיר,83.8,2022-04-29T00:00:00.000Z,83.8,86.5,66.7,66.7,67.3
שמיר,83.8,2022-04-29T00:00:00.000Z,83.8,86.5,66.7,66.7,67.3
שמיר,83.8,2022-04-29T00:00:00.000Z,83.8,86.5,66.7,66.7,67.3
שמיר,83.8,2022-04-29T00:00:00.000Z,83.8,86.5,66.7,66.7,67.3
שמיר,83.8,2022-04-29T00:00:00.000Z,83.8,86.5,66.7,66.7,67.3
שמיר,83.8,2022-04-29T00:00:00.000Z,83.8,86.5,66.7,66.7,67.3
שמיר,83.8,2022-04-29T00:00:00.000Z,83.8,86.5,66.7,66.7,67.3
שמיר,83.8,2022-04-29T00:00:00.000Z,83.8,86.5,66.7,66.7,67.3
שמיר,83.8,2022-04-29T00:00:00.000Z,83.8,86.5,66.7,66.7,67.3
שמיר,83.8,2022-04-29T00:00:00.000Z,83.8,86.5,66.7,66.7,67.3
שמיר,83.8,2022-04-29T00:00:00.000Z,83.8,86.5,66.7,66.7,67.3
שמיר,83.8,2022-04-29T00:00:00.000Z,83.8,86.5,66.7,66.7,67.3
שמיר,83.8,2022-04-29T00:00:00.000Z,83.8,86.5,66.7,66.7,67.3
שמיר,83.8,2022-04-29T00:00:00.000Z,83.8,86.5,66.7,66.7,67.3
שמיר,83.8,2022-04-29T00:00:00.000Z,83.8,86.5,66.7,66.7,67.3
שמיר,83.8,2022-04-29T00:00:00.000Z,83.8,86.5,66.7,66.7,67.3
שמיר,83.8,2022-04-29T00:00:00.000Z,83.8,86.5,66.7,66.7,67.3
שמיר,83.8,2022-04-29T00:00:00.000Z,83.8,86.5,66.7,66.7,67.3
שמיר,83.8,2022-04-29T00:00:00.000Z,83.8,86.5,66.7,66.7,67.3
שמיר,83.8,2022-04-29T00:00:00.000Z,83.8,86.5,66.7,66.7,67.3
שמיר,83.8,2022-04-29T00:00:00.000Z,83.8,86.5,66.7,66.7,67.3
שמיר,83.8,2022-04-29T00:00:00.000Z,83.8,86.5,66.7,66.7,67.3
שמיר,83.8,2022-04-29T00:00:00.000Z,83.8,86.5,66.7,66.7,67.3
שמיר,83.8,2022-04-29T00:00:00.000Z,83.8,86.5,66.7,66.7,67.3
שמיר,83.8,2022-04-29T00:00:00.000Z,83.8,86.5,66.7,66.7,67.3
שמיר,83.8,2022-04-29T00:00:00.000Z,83.8,86.5,66.7,66.7,67.3
שמיר,83.8,2022-04-29T00:00:00.000Z,83.8,86.5,66.7,66.7,67.3
שמיר,83.8,2022-04-29T00:00:00.000Z,83.8,86.5,66.7,66.7,67.3
שמיר,83.8,2022-04-29T00:00:00.000Z,83.8,86.5,66.7,66.7,67.3
שמיר,83.8,2022-04-29T00:00:00.000Z,83.8,86.5,66.7,66.7,67.3
שמיר,83.8,2022-04-29T00:00:00.000Z,83.8,86.5,66.7,66.7,67.3
שמיר,83.8,2022-04-29T00:00:00.000Z,83.8,86.5,66.7,66.7,67.3
שמיר,83.8,2022-04-29T00:00:00.000Z,83.8,86.5,66.7,66.7,67.3
שמיר,83.8,2022-04-29T00:00:00.000Z,83.8,86.5,66.7,66.7,67.3
שמיר,83.8,2022-04-29T00:00:00.000Z,83.8,86.5,66.7,66.7,67.3
שמיר,83.8,2022-04-29T00:00:00.000Z,83.8,86.5,66.7,66.7,67.3
שמיר,83.8,2022-04-29T00:00:00.000Z,83.8,86.5,66.7,66.7,67.3
שמיר,83.8,2022-04-29T00:00:00.000Z,83.8,86.5,66.7,66.7,67.3
שמיר,83.8,2022-04-29T00:00:00.000Z,83.8,86.5,66.7,66.7,67.3
שמיר,83.8,2022-04-29T00:00:00.000Z,83.8,86.5,66.7,66.7,67.3
שמיר,83.8,2022-04-29T00:00:00.000Z,83.8,86.5,66.7,66.7,67.3
שמיר,83.8,2022-04-29T00:00:00.000Z,83.8,86.5,66.7,66.7,67.3
שמיר,83.8,2022-04-29T00:00:00.000Z,83.8,86.5,66.7,66.7,67.3
שמיר,83.8,2022-04-29T00:00:00.000Z,83.8,86.5,66.7,66.7,67.3
שמיר,83.8,2022-04-29T00:00:00.000Z,83.8,86.5,66.7,66.7,67.3
שמיר,83.8,2022-04-29T00:00:00.000Z,83.8,86.5,66.7,66.7,67.3
שמיר,83.8,2022-04-29T00:00:00.000Z,83.8,86.5,66.7,66.7,67.3
שמיר,83.8,2022-04-29T00:00:00.000Z,83.8,86.5,66.7,66.7,67.3
שמיר,83.8,2022-04-29T00:00:00.000Z,83.8,86.5,66.7,66.7,67.3
שמיר,83.8,2022-04-29T00:00:00.000Z,83.8,86.5,66.7,66.7,67.3
שמיר,83.8,2022-04-29T00:00:00.000Z,83.8,86.5,66.7,66.7,67.3
שמיר,83.8,2022-04-29T00:00:00.000Z,83.8,86.5,66.7,66.7,67.3
שמיר,83.8,2022-04-29T00:00:00.000Z,83.8,86.5,66.7,66.7,67.3
איכילוב,79.3,2022-04-29T00:00:00.000Z,80.7,89.7,95.6,115.2,121.2
איכילוב,79.3,2022-04-29T00:00:00.000Z,80.5,88.3,95.6,112.4,120.2
איכילוב,79.3,2022-04-29T00:00:00.000Z,80.3,87,95.6,109.6,119.2
איכילוב,79.3,2022-04-29T00:00:00.000Z,80.1,85.7,95.6,106.8,118.1
איכילוב,79.3,2022-04-29T00:00:00.000Z,79.9,84.3,95.6,104,117.1
איכילוב,79.3,2022-04-29T00:00:00.000Z,79.7,83,95.6,101.2,116.1
איכילוב,79.3,2022-04-29T00:00:00.000Z,79.5,81.7,95.6,98.4,115.1
איכילוב,79.3,2022-04-29T00:00:00.000Z,79.3,80.3,95.6,95.6,114.1
איכילוב,79.3,2022-04-29T00:00:00.000Z,79.3,80.3,95.6,95.6,114.1
איכילוב,79.3,2022-04-29T00:00:00.000Z,79.3,80.3,95.6,95.6,114.1
איכילוב,79.3,2022-04-29T00:00:00.000Z,79.3,80.3,95.6,95.6,114.1
איכילוב,79.3,2022-04-29T00:00:00.000Z,79.3,80.3,95.6,95.6,114.1
איכילוב,79.3,2022-04-29T00:00:00.000Z,79.3,80.3,95.6,95.6,114.1
איכילוב,79.3,2022-04-29T00:00:00.000Z,79.3,80.3,95.6,95.6,114.1
איכילוב,79.3,2022-04-29T00:00:00.000Z,79.3,80.3,95.6,95.6,114.1
איכילוב,79.3,2022-04-29T00:00:00.000Z,79.3,80.3,95.6,95.6,114.1
איכילוב,79.3,2022-04-29T00:00:00.000Z,79.3,80.3,95.6,95.6,114.1
איכילוב,79.3,2022-04-29T00:00:00.000Z,79.3,80.3,95.6,95.6,114.1
איכילוב,79.3,2022-04-29T00:00:00.000Z,79.3,80.3,95.6,95.6,114.1
איכילוב,79.3,2022-04-29T00:00:00.000Z,79.3,80.3,95.6,95.6,114.1
איכילוב,79.3,2022-04-29T00:00:00.000Z,79.3,80.3,95.6,95.6,114.1
איכילוב,79.3,2022-04-29T00:00:00.000Z,79.3,80.3,95.6,95.6,114.1
איכילוב,79.3,2022-04-29T00:00:00.000Z,79.3,80.3,95.6,95.6,114.1
איכילוב,79.3,2022-04-29T00:00:00.000Z,79.3,80.3,95.6,95.6,114.1
איכילוב,79.3,2022-04-29T00:00:00.000Z,79.3,80.3,95.6,95.6,114.1
איכילוב,79.3,2022-04-29T00:00:00.000Z,79.3,80.3,95.6,95.6,114.1
איכילוב,79.3,2022-04-29T00:00:00.000Z,79.3,80.3,95.6,95.6,114.1
איכילוב,79.3,2022-04-29T00:00:00.000Z,79.3,80.3,95.6,95.6,114.1
איכילוב,79.3,2022-04-29T00:00:00.000Z,79.3,80.3,95.6,95.6,114.1
איכילוב,79.3,2022-04-29T00:00:00.000Z,79.3,80.3,95.6,95.6,114.1
איכילוב,79.3,2022-04-29T00:00:00.000Z,79.3,80.3,95.6,95.6,114.1
איכילוב,79.3,2022-04-29T00:00:00.000Z,79.3,80.3,95.6,95.6,114.1
איכילוב,79.3,2022-04-29T00:00:00.000Z,79.3,80.3,95.6,95.6,114.1
איכילוב,79.3,2022-04-29T00:00:00.000Z,79.3,80.3,95.6,95.6,114.1
איכילוב,79.3,2022-04-29T00:00:00.000Z,79.3,80.3,95.6,95.6,114.1
איכילוב,79.3,2022-04-29T00:00:00.000Z,79.3,80.3,95.6,95.6,114.1
איכילוב,79.3,2022-04-29T00:00:00.000Z,79.3,80.3,95.6,95.6,114.1
איכילוב,79.3,2022-04-29T00:00:00.000Z,79.3,80.3,95.6,95.6,114.1
איכילוב,79.3,2022-04-29T00:00:00.000Z,79.3,80.3,95.6,95.6,114.1
איכילוב,79.3,2022-04-29T00:00:00.000Z,79.3,80.3,95.6,95.6,114.1
איכילוב,79.3,2022-04-29T00:00:00.000Z,79.3,80.3,95.6,95.6,114.1
איכילוב,79.3,2022-04-29T00:00:00.000Z,79.3,80.3,95.6,95.6,114.1
איכילוב,79.3,2022-04-29T00:00:00.000Z,79.3,80.3,95.6,95.6,114.1
איכילוב,79.3,2022-04-29T00:00:00.000Z,79.3,80.3,95.6,95.6,114.1
איכילוב,79.3,2022-04-29T00:00:00.000Z,79.3,80.3,95.6,95.6,114.1
איכילוב,79.3,2022-04-29T00:00:00.000Z,79.3,80.3,95.6,95.6,114.1
איכילוב,79.3,2022-04-29T00:00:00.000Z,79.3,80.3,95.6,95.6,114.1
איכילוב,79.3,2022-04-29T00:00:00.000Z,79.3,80.3,95.6,95.6,114.1
איכילוב,79.3,2022-04-29T00:00:00.000Z,79.3,80.3,95.6,95.6,114.1
איכילוב,79.3,2022-04-29T00:00:00.000Z,79.3,80.3,95.6,95.6,114.1
איכילוב,79.3,2022-04-29T00:00:00.000Z,79.3,80.3,95.6,95.6,114.1
איכילוב,79.3,2022-04-29T00:00:00.000Z,79.3,80.3,95.6,95.6,114.1
איכילוב,79.3,2022-04-29T00:00:00.000Z,79.3,80.3,95.6,95.6,114.1
איכילוב,79.3,2022-04-29T00:00:00.000Z,79.3,80.3,95.6,95.6,114.1
איכילוב,79.3,2022-04-29T00:00:00.000Z,79.3,80.3,95.6,95.6,114.1
איכילוב,79.3,2022-04-29T00:00:00.000Z,79.3,80.3,95.6,95.6,114.1
איכילוב,79.3,2022-04-29T00:00:00.000Z,79.3,80.3,95.6,95.6,114.1
איכילוב,79.3,2022-04-29T00:00:00.000Z,79.3,80.3,95.6,95.6,114.1
איכילוב,79.3,2022-04-29T00:00:00.000Z,79.3,80.3,95.6,95.6,114.1
איכילוב,79.3,2022-04-29T00:00:00.000Z,79.3,80.3,95.6,95.6,114.1
איכילוב,79.3,2022-04-29T00:00:00.000Z,79.3,80.3,95.6,95.6,114.1
איכילוב,79.3,2022-04-29T00:00:00.000Z,79.3,80.3,95.6,95.6,114.1
איכילוב,79.3,2022-04-29T00:00:00.000Z,79.3,80.3,95.6,95.6,114.1
איכילוב,79.3,2022-04-29T00:00:00.000Z,79.3,80.3,95.6,95.6,114.1
איכילוב,79.3,2022-04-29T00:00:00.000Z,79.3,80.3,95.6,95.6,114.1
איכילוב,79.3,2022-04-29T00:00:00.000Z,79.3,80.3,95.6,95.6,114.1
איכילוב,79.3,2022-04-29T00:00:00.000Z,79.3,80.3,95.6,95.6,114.1
איכילוב,79.3,2022-04-29T00:00:00.000Z,79.3,80.3,95.6,95.6,114.1
איכילוב,79.3,2022-04-29T00:00:00.000Z,79.3,80.3,95.6,95.6,114.1
איכילוב,79.3,2022-04-29T00:00:00.000Z,79.3,80.3,95.6,95.6,114.1
איכילוב,79.3,2022-04-29T00:00:00.000Z,79.3,80.3,95.6,95.6,114.1
איכילוב,79.3,2022-04-29T00:00:00.000Z,79.3,80.3,95.6,95.6,114.1
איכילוב,79.3,2022-04-29T00:00:00.000Z,79.3,80.3,95.6,95.6,114.1
איכילוב,79.3,2022-04-29T00:00:00.000Z,79.3,80.3,95.6,95.6,114.1
איכילוב,79.3,2022-04-29T00:00:00.000Z,79.3,80.3,95.6,95.6,114.1
איכילוב,79.3,2022-04-29T00:00:00.000Z,79.3,80.3,95.6,95.6,114.1
איכילוב,79.3,2022-04-29T00:00:00.000Z,79.3,80.3,95.6,95.6,114.1
איכילוב,79.3,2022-04-29T00:00:00.000Z,79.3,80.3,95.6,95.6,114.1
איכילוב,79.3,2022-04-29T00:00:00.000Z,79.3,80.3,95.6,95.6,114.1
איכילוב,79.3,2022-04-29T00:00:00.000Z,79.3,80.3,95.6,95.6,114.1
איכילוב,79.3,2022-04-29T00:00:00.000Z,79.3,80.3,95.6,95.6,114.1
איכילוב,79.3,2022-04-29T00:00:00.000Z,79.3,80.3,95.6,95.6,114.1
איכילוב,79.3,2022-04-29T00:00:00.000Z,79.3,80.3,95.6,95.6,114.1
איכילוב,79.3,2022-04-29T00:00:00.000Z,79.3,80.3,95.6,95.6,114.1
איכילוב,79.3,2022-04-29T00:00:00.000Z,79.3,80.3,95.6,95.6,114.1
איכילוב,79.3,2022-04-29T00:00:00.000Z,79.3,80.3,95.6,95.6,114.1
איכילוב,79.3,2022-04-29T00:00:00.000Z,79.3,80.3,95.6,95.6,114.1
איכילוב,79.3,2022-04-29T00:00:00.000Z,79.3,80.3,95.6,95.6,114.1
איכילוב,79.3,2022-04-29T00:00:00.000Z,79.3,80.3,95.6,95.6,114.1
איכילוב,79.3,2022-04-29T00:00:00.000Z,79.3,80.3,95.6,95.6,114.1
איכילוב,79.3,2022-04-29T00:00:00.000Z,79.3,80.3,95.6,95.6,114.1
איכילוב,79.3,2022-04-29T00:00:00.000Z,79.3,80.3,95.6,95.6,114.1
איכילוב,79.3,2022-04-29T00:00:00.000Z,79.3,80.3,95.6,95.6,114.1
איכילוב,79.3,2022-04-29T00:00:00.000Z,79.3,80.3,95.6,95.6,114.1
איכילוב,79.3,2022-04-29T00:00:00.000Z,79.3,80.3,95.6,95.6,114.1
איכילוב,79.3,2022-04-29T00:00:00.000Z,79.3,80.3,95.6,95.6,114.1
איכילוב,79.3,2022-04-29T00:00:00.000Z,79.3,80.3,95.6,95.6,114.1
איכילוב,79.3,2022-04-29T00:00:00.000Z,79.3,80.3,95.6,95.6,114.1
איכילוב,79.3,2022-04-29T00:00:00.000Z,79.3,80.3,95.6,95.6,114.1
איכילוב,79.3,2022-04-29T00:00:00.000Z,79.3,80.3,95.6,95.6,114.1
איכילוב,79.3,2022-04-29T00:00:00.000Z,79.3,80.3,95.6,95.6,114.1
איכילוב,79.3,2022-04-29T00:00:00.000Z,79.3,80.3,95.6,95.6,114.1
איכילוב,79.3,2022-04-29T00:00:00.000Z,79.3,80.3,95.6,95.6,114.1
איכילוב,79.3,2022-04-29T00:00:00.000Z,79.3,80.3,95.6,95.6,114.1
איכילוב,79.3,2022-04-29T00:00:00.000Z,79.3,80.3,95.6,95.6,114.1
איכילוב,79.3,2022-04-29T00:00:00.000Z,79.3,80.3,95.6,95.6,114.1
איכילוב,79.3,2022-04-29T00:00:00.000Z,79.3,80.3,95.6,95.6,114.1
איכילוב,79.3,2022-04-29T00:00:00.000Z,79.3,80.3,95.6,95.6,114.1
איכילוב,79.3,2022-04-29T00:00:00.000Z,79.3,80.3,95.6,95.6,114.1
איכילוב,79.3,2022-04-29T00:00:00.000Z,79.3,80.3,95.6,95.6,114.1
איכילוב,79.3,2022-04-29T00:00:00.000Z,79.3,80.3,95.6,95.6,114.1
איכילוב,79.3,2022-04-29T00:00:00.000Z,79.3,80.3,95.6,95.6,114.1
איכילוב,79.3,2022-04-29T00:00:00.000Z,79.3,80.3,95.6,95.6,114.1
איכילוב,79.3,2022-04-29T00:00:00.000Z,79.3,80.3,95.6,95.6,114.1
איכילוב,79.3,2022-04-29T00:00:00.000Z,79.3,80.3,95.6,95.6,114.1
איכילוב,79.3,2022-04-29T00:00:00.000Z,79.3,80.3,95.6,95.6,114.1
איכילוב,79.3,2022-04-29T00:00:00.000Z,79.3,80.3,95.6,95.6,114.1
איכילוב,79.3,2022-04-29T00:00:00.000Z,79.3,80.3,95.6,95.6,114.1
איכילוב,79.3,2022-04-29T00:00:00.000Z,79.3,80.3,95.6,95.6,114.1
איכילוב,79.3,2022-04-29T00:00:00.000Z,79.3,80.3,95.6,95.6,114.1
איכילוב,79.3,2022-04-29T00:00:00.000Z,79.3,80.3,95.6,95.6,114.1
איכילוב,79.3,2022-04-29T00:00:00.000Z,79.3,80.3,95.6,95.6,114.1
איכילוב,79.3,2022-04-29T00:00:00.000Z,79.3,80.3,95.6,95.6,114.1
איכילוב,79.3,2022-04-29T00:00:00.000Z,79.3,80.3,95.6,95.6,114.1
איכילוב,79.3,2022-04-29T00:00:00.000Z,79.3,80.3,95.6,95.6,114.1
איכילוב,79.3,2022-04-29T00:00:00.000Z,79.3,80.3,95.6,95.6,114.1
איכילוב,79.3,2022-04-29T00:00:00.000Z,79.3,80.3,95.6,95.6,114.1
איכילוב,79.3,2022-04-29T00:00:00.000Z,79.3,80.3,95.6,95.6,114.1
איכילוב,79.3,2022-04-29T00:00:00.000Z,79.3,80.3,95.6,95.6,114.1
איכילוב,79.3,2022-04-29T00:00:00.000Z,79.3,80.3,95.6,95.6,114.1
איכילוב,79.3,2022-04-29T00:00:00.000Z,79.3,80.3,95.6,95.6,114.1
איכילוב,79.3,2022-04-29T00:00:00.000Z,79.3,80.3,95.6,95.6,114.1
איכילוב,79.3,2022-04-29T00:00:00.000Z,79.3,80.3,95.6,95.6,114.1
איכילוב,79.3,2022-04-29T00:00:00.000Z,79.3,80.3,95.6,95.6,114.1
איכילוב,79.3,2022-04-29T00:00:00.000Z,79.3,80.3,95.6,95.6,114.1
איכילוב,79.3,2022-04-29T00:00:00.000Z,79.3,80.3,95.6,95.6,114.1
איכילוב,79.3,2022-04-29T00:00:00.000Z,79.3,80.3,95.6,95.6,114.1
איכילוב,79.3,2022-04-29T00:00:00.000Z,79.3,80.3,95.6,95.6,114.1
איכילוב,79.3,2022-04-29T00:00:00.000Z,79.3,80.3,95.6,95.6,114.1
איכילוב,79.3,2022-04-29T00:00:00.000Z,79.3,80.3,95.6,95.6,114.1
איכילוב,79.3,2022-04-29T00:00:00.000Z,79.3,80.3,95.6,95.6,114.1
איכילוב,79.3,2022-04-29T00:00:00.000Z,79.3,80.3,95.6,95.6,114.1
איכילוב,79.3,2022-04-29T00:00:00.000Z,79.3,80.3,95.6,95.6,114.1
איכילוב,79.3,2022-04-29T00:00:00.000Z,79.3,80.3,95.6,95.6,114.1
איכילוב,79.3,2022-04-29T00:00:00.000Z,79.3,80.3,95.6,95.6,114.1
איכילוב,79.3,2022-04-29T00:00:00.000Z,79.3,80.3,95.6,95.6,114.1
איכילוב,79.3,2022-04-29T00:00:00.000Z,79.3,80.3,95.6,95.6,114.1
איכילוב,79.3,2022-04-29T00:00:00.000Z,79.3,80.3,95.6,95.6,114.1
איכילוב,79.3,2022-04-29T00:00:00.000Z,79.3,80.3,95.6,95.6,114.1
איכילוב,79.3,2022-04-29T00:00:00.000Z,79.3,80.3,95.6,95.6,114.1
איכילוב,79.3,2022-04-29T00:00:00.000Z,79.3,80.3,95.6,95.6,114.1
איכילוב,79.3,2022-04-29T00:00:00.000Z,79.3,80.3,95.6,95.6,114.1
איכילוב,79.3,2022-04-29T00:00:00.000Z,79.3,80.3,95.6,95.6,114.1
איכילוב,79.3,2022-04-29T00:00:00.000Z,79.3,80.3,95.6,95.6,114.1
איכילוב,79.3,2022-04-29T00:00:00.000Z,79.3,80.3,95.6,95.6,114.1
איכילוב,79.3,2022-04-29T00:00:00.000Z,79.3,80.3,95.6,95.6,114.1
איכילוב,79.3,2022-04-29T00:00:00.000Z,79.3,80.3,95.6,95.6,114.1
איכילוב,79.3,2022-04-29T00:00:00.000Z,79.3,80.3,95.6,95.6,114.1
איכילוב,79.3,2022-04-29T00:00:00.000Z,79.3,80.3,95.6,95.6,114.1
איכילוב,79.3,2022-04-29T00:00:00.000Z,79.3,80.3,95.6,95.6,114.1
איכילוב,79.3,2022-04-29T00:00:00.000Z,79.3,80.3,95.6,95.6,114.1
איכילוב,79.3,2022-04-29T00:00:00.000Z,79.3,80.3,95.6,95.6,114.1
איכילוב,79.3,2022-04-29T00:00:00.000Z,79.3,80.3,95.6,95.6,114.1
איכילוב,79.3,2022-04-29T00:00:00.000Z,79.3,80.3,95.6,95.6,114.1
איכילוב,79.3,2022-04-29T00:00:00.000Z,79.3,80.3,95.6,95.6,114.1
איכילוב,79.3,2022-04-29T00:00:00.000Z,79.3,80.3,95.6,95.6,114.1
איכילוב,79.3,2022-04-29T00:00:00.000Z,79.3,80.3,95.6,95.6,114.1
איכילוב,79.3,2022-04-29T00:00:00.000Z,79.3,80.3,95.6,95.6,114.1
איכילוב,79.3,2022-04-29T00:00:00.000Z,79.3,80.3,95.6,95.6,114.1
איכילוב,79.3,2022-04-29T00:00:00.000Z,79.3,80.3,95.6,95.6,114.1
איכילוב,79.3,2022-04-29T00:00:00.000Z,79.3,80.3,95.6,95.6,114.1
איכילוב,79.3,2022-04-29T00:00:00.000Z,79.3,80.3,95.6,95.6,114.1
איכילוב,79.3,2022-04-29T00:00:00.000Z,79.3,80.3,95.6,95.6,114.1
איכילוב,79.3,2022-04-29T00:00:00.000Z,79.3,80.3,95.6,95.6,114.1
איכילוב,79.3,2022-04-29T00:00:00.000Z,79.3,80.3,95.6,95.6,114.1
איכילוב,79.3,2022-04-29T00:00:00.000Z,79.3,80.3,95.6,95.6,114.1
איכילוב,79.3,2022-04-29T00:00:00.000Z,79.3,80.3,95.6,95.6,114.1
איכילוב,79.3,2022-04-29T00:00:00.000Z,79.3,80.3,95.6,95.6,114.1
איכילוב,79.3,2022-04-29T00:00:00.000Z,79.3,80.3,95.6,95.6,114.1
איכילוב,79.3,2022-04-29T00:00:00.000Z,79.3,80.3,95.6,95.6,114.1
איכילוב,79.3,2022-04-29T00:00:00.000Z,79.3,80.3,95.6,95.6,114.1
איכילוב,79.3,2022-04-29T00:00:00.000Z,79.3,80.3,95.6,95.6,114.1
איכילוב,79.3,2022-04-29T00:00:00.000Z,79.3,80.3,95.6,95.6,114.1
איכילוב,79.3,2022-04-29T00:00:00.000Z,79.3,80.3,95.6,95.6,114.1
איכילוב,79.3,2022-04-29T00:00:00.000Z,79.3,80.3,95.6,95.6,114.1
איכילוב,79.3,2022-04-29T00:00:00.000Z,79.3,80.3,95.6,95.6,114.1
איכילוב,79.3,2022-04-29T00:00:00.000Z,79.3,80.3,95.6,95.6,114.1
איכילוב,79.3,2022-04-29T00:00:00.000Z,79.3,80.3,95.6,95.6,114.1
איכילוב,79.3,2022-04-29T00:00:00.000Z,79.3,80.3,95.6,95.6,114.1
איכילוב,79.3,2022-04-29T00:00:00.000Z,79.3,80.3,95.6,95.6,114.1
איכילוב,79.3,2022-04-29T00:00:00.000Z,79.3,80.3,95.6,95.6,114.1
איכילוב,79.3,2022-04-29T00:00:00.000Z,79.3,80.3,95.6,95.6,114.1
איכילוב,79.3,2022-04-29T00:00:00.000Z,79.3,80.3,95.6,95.6,114.1
איכילוב,79.3,2022-04-29T00:00:00.000Z,79.3,80.3,95.6,95.6,114.1
איכילוב,79.3,2022-04-29T00:00:00.000Z,79.3,80.3,95.6,95.6,114.1
איכילוב,79.3,2022-04-29T00:00:00.000Z,79.3,80.3,95.6,95.6,114.1
איכילוב,79.3,2022-04-29T00:00:00.000Z,79.3,80.3,95.6,95.6,114.1
איכילוב,79.3,2022-04-29T00:00:00.000Z,79.3,80.3,95.6,95.6,114.1
איכילוב,79.3,2022-04-29T00:00:00.000Z,79.3,80.3,95.6,95.6,114.1
איכילוב,79.3,2022-04-29T00:00:00.000Z,79.3,80.3,95.6,95.6,114.1
איכילוב,79.3,2022-04-29T00:00:00.000Z,79.3,80.3,95.6,95.6,114.1
איכילוב,79.3,2022-04-29T00:00:00.000Z,79.3,80.3,95.6,95.6,114.1
איכילוב,79.3,2022-04-29T00:00:00.000Z,79.3,80.3,95.6,95.6,114.1
איכילוב,79.3,2022-04-29T00:00:00.000Z,79.3,80.3,95.6,95.6,114.1
איכילוב,79.3,2022-04-29T00:00:00.000Z,79.3,80.3,95.6,95.6,114.1
איכילוב,79.3,2022-04-29T00:00:00.000Z,79.3,80.3,95.6,95.6,114.1
איכילוב,79.3,2022-04-29T00:00:00.000Z,79.3,80.3,95.6,95.6,114.1
איכילוב,79.3,2022-04-29T00:00:00.000Z,79.3,80.3,95.6,95.6,114.1
איכילוב,79.3,2022-04-29T00:00:00.000Z,79.3,80.3,95.6,95.6,114.1
איכילוב,79.3,2022-04-29T00:00:00.000Z,79.3,80.3,95.6,95.6,114.1
איכילוב,79.3,2022-04-29T00:00:00.000Z,79.3,80.3,95.6,95.6,114.1
איכילוב,79.3,2022-04-29T00:00:00.000Z,79.3,80.3,95.6,95.6,114.1
איכילוב,79.3,2022-04-29T00:00:00.000Z,79.3,80.3,95.6,95.6,114.1
איכילוב,79.3,2022-04-29T00:00:00.000Z,79.3,80.3,95.6,95.6,114.1
איכילוב,79.3,2022-04-29T00:00:00.000Z,79.3,80.3,95.6,95.6,114.1
איכילוב,79.3,2022-04-29T00:00:00.000Z,79.3,80.3,95.6,95.6,114.1
איכילוב,79.3,2022-04-29T00:00:00.000Z,79.3,80.3,95.6,95.6,114.1
איכילוב,79.3,2022-04-29T00:00:00.000Z,79.3,80.3,95.6,95.6,114.1
איכילוב,79.3,2022-04-29T00:00:00.000Z,79.3,80.3,95.6,95.6,114.1
איכילוב,79.3,2022-04-29T00:00:00.000Z,79.3,80.3,95.6,95.6,114.1
איכילוב,79.3,2022-04-29T00:00:00.000Z,79.3,80.3,95.6,95.6,114.1
איכילוב,79.3,2022-04-29T00:00:00.000Z,79.3,80.3,95.6,95.6,114.1
איכילוב,79.3,2022-04-29T00:00:00.000Z,79.3,80.3,95.6,95.6,114.1
איכילוב,79.3,2022-04-29T00:00:00.000Z,79.3,80.3,95.6,95.6,114.1
איכילוב,79.3,2022-04-29T00:00:00.000Z,79.3,80.3,95.6,95.6,114.1
איכילוב,79.3,2022-04-29T00:00:00.000Z,79.3,80.3,95.6,95.6,114.1
איכילוב,79.3,2022-04-29T00:00:00.000Z,79.3,80.3,95.6,95.6,114.1
איכילוב,79.3,2022-04-29T00:00:00.000Z,79.3,80.3,95.6,95.6,114.1
איכילוב,79.3,2022-04-29T00:00:00.000Z,79.3,80.3,95.6,95.6,114.1
איכילוב,79.3,2022-04-29T00:00:00.000Z,79.3,80.3,95.6,95.6,114.1
איכילוב,79.3,2022-04-29T00:00:00.000Z,79.3,80.3,95.6,95.6,114.1
איכילוב,79.3,2022-04-29T00:00:00.000Z,79.3,80.3,95.6,95.6,114.1
איכילוב,79.3,2022-04-29T00:00:00.000Z,79.3,80.3,95.6,95.6,114.1
איכילוב,79.3,2022-04-29T00:00:00.000Z,79.3,80.3,95.6,95.6,114.1
איכילוב,79.3,2022-04-29T00:00:00.000Z,79.3,80.3,95.6,95.6,114.1
איכילוב,79.3,2022-04-29T00:00:00.000Z,79.3,80.3,95.6,95.6,114.1
איכילוב,79.3,2022-04-29T00:00:00.000Z,79.3,80.3,95.6,95.6,114.1
איכילוב,79.3,2022-04-29T00:00:00.000Z,79.3,80.3,95.6,95.6,114.1
איכילוב,79.3,2022-04-29T00:00:00.000Z,79.3,80.3,95.6,95.6,114.1
איכילוב,79.3,2022-04-29T00:00:00.000Z,79.3,80.3,95.6,95.6,114.1
איכילוב,79.3,2022-04-29T00:00:00.000Z,79.3,80.3,95.6,95.6,114.1
איכילוב,79.3,2022-04-29T00:00:00.000Z,79.3,80.3,95.6,95.6,114.1
איכילוב,79.3,2022-04-29T00:00:00.000Z,79.3,80.3,95.6,95.6,114.1
איכילוב,79.3,2022-04-29T00:00:00.000Z,79.3,80.3,95.6,95.6,114.1
איכילוב,79.3,2022-04-29T00:00:00.000Z,79.3,80.3,95.6,95.6,114.1
איכילוב,79.3,2022-04-29T00:00:00.000Z,79.3,80.3,95.6,95.6,114.1
איכילוב,79.3,2022-04-29T00:00:00.000Z,79.3,80.3,95.6,95.6,114.1
איכילוב,79.3,2022-04-29T00:00:00.000Z,79.3,80.3,95.6,95.6,114.1
איכילוב,79.3,2022-04-29T00:00:00.000Z,79.3,80.3,95.6,95.6,114.1
איכילוב,79.3,2022-04-29T00:00:00.000Z,79.3,80.3,95.6,95.6,114.1
איכילוב,79.3,2022-04-29T00:00:00.000Z,79.3,80.3,95.6,95.6,114.1
איכילוב,79.3,2022-04-29T00:00:00.000Z,79.3,80.3,95.6,95.6,114.1
איכילוב,79.3,2022-04-29T00:00:00.000Z,79.3,80.3,95.6,95.6,114.1
איכילוב,79.3,2022-04-29T00:00:00.000Z,79.3,80.3,95.6,95.6,114.1
איכילוב,79.3,2022-04-29T00:00:00.000Z,79.3,80.3,95.6,95.6,114.1
איכילוב,79.3,2022-04-29T00:00:00.000Z,79.3,80.3,95.6,95.6,114.1
איכילוב,79.3,2022-04-29T00:00:00.000Z,79.3,80.3,95.6,95.6,114.1
איכילוב,79.3,2022-04-29T00:00:00.000Z,79.3,80.3,95.6,95.6,114.1
איכילוב,79.3,2022-04-29T00:00:00.000Z,79.3,80.3,95.6,95.6,114.1
איכילוב,79.3,2022-04-29T00:00:00.000Z,79.3,80.3,95.6,95.6,114.1
איכילוב,79.3,2022-04-29T00:00:00.000Z,79.3,80.3,95.6,95.6,114.1
איכילוב,79.3,2022-04-29T00:00:00.000Z,79.3,80.3,95.6,95.6,114.1
איכילוב,79.3,2022-04-29T00:00:00.000Z,79.3,80.3,95.6,95.6,114.1
איכילוב,79.3,2022-04-29T00:00:00.000Z,79.3,80.3,95.6,95.6,114.1
איכילוב,79.3,2022-04-29T00:00:00.000Z,79.3,80.3,95.6,95.6,114.1
איכילוב,79.3,2022-04-29T00:00:00.000Z,79.3,80.3,95.6,95.6,114.1
איכילוב,79.3,2022-04-29T00:00:00.000Z,79.3,80.3,95.6,95.6,114.1
איכילוב,79.3,2022-04-29T00:00:00.000Z,79.3,80.3,95.6,95.6,114.1
איכילוב,79.3,2022-04-29T00:00:00.000Z,79.3,80.3,95.6,95.6,114.1
איכילוב,79.3,2022-04-29T00:00:00.000Z,79.3,80.3,95.6,95.6,114.1
איכילוב,79.3,2022-04-29T00:00:00.000Z,79.3,80.3,95.6,95.6,114.1
איכילוב,79.3,2022-04-29T00:00:00.000Z,79.3,80.3,95.6,95.6,114.1
איכילוב,79.3,2022-04-29T00:00:00.000Z,79.3,80.3,95.6,95.6,114.1
איכילוב,79.3,2022-04-29T00:00:00.000Z,79.3,80.3,95.6,95.6,114.1
איכילוב,79.3,2022-04-29T00:00:00.000Z,79.3,80.3,95.6,95.6,114.1
איכילוב,79.3,2022-04-29T00:00:00.000Z,79.3,80.3,95.6,95.6,114.1
איכילוב,79.3,2022-04-29T00:00:00.000Z,79.3,80.3,95.6,95.6,114.1
איכילוב,79.3,2022-04-29T00:00:00.000Z,79.3,80.3,95.6,95.6,114.1
איכילוב,79.3,2022-04-29T00:00:00.000Z,79.3,80.3,95.6,95.6,114.1
איכילוב,79.3,2022-04-29T00:00:00.000Z,79.3,80.3,95.6,95.6,114.1
איכילוב,79.3,2022-04-29T00:00:00.000Z,79.3,80.3,95.6,95.6,114.1
איכילוב,79.3,2022-04-29T00:00:00.000Z,79.3,80.3,95.6,95.6,114.1
איכילוב,79.3,2022-04-29T00:00:00.000Z,79.3,80.3,95.6,95.6,114.1
איכילוב,79.3,2022-04-29T00:00:00.000Z,79.3,80.3,95.6,95.6,114.1
איכילוב,79.3,2022-04-29T00:00:00.000Z,79.3,80.3,95.6,95.6,114.1
איכילוב,79.3,2022-04-29T00:00:00.000Z,79.3,80.3,95.6,95.6,114.1
איכילוב,79.3,2022-04-29T00:00:00.000Z,79.3,80.3,95.6,95.6,114.1
איכילוב,79.3,2022-04-29T00:00:00.000Z,79.3,80.3,95.6,95.6,114.1
איכילוב,79.3,2022-04-29T00:00:00.000Z,79.3,80.3,95.6,95.6,114.1
איכילוב,79.3,2022-04-29T00:00:00.000Z,79.3,80.3,95.6,95.6,114.1
איכילוב,79.3,2022-04-29T00:00:00.000Z,79.3,80.3,95.6,95.6,114.1
איכילוב,79.3,2022-04-29T00:00:00.000Z,79.3,80.3,95.6,95.6,114.1
איכילוב,79.3,2022-04-29T00:00:00.000Z,79.3,80.3,95.6,95.6,114.1
בני ציון,85.1,2022-04-29T00:00:00.000Z,85.1,90.1,68.6,68.6,82.2
בני ציון,85.1,2022-04-29T00:00:00.000Z,85.1,90.1,68.6,68.6,82.2
בני ציון,85.1,2022-04-29T00:00:00.000Z,85.1,90.1,68.6,68.6,82.2
בני ציון,85.1,2022-04-29T00:00:00.000Z,85.1,90.1,68.6,68.6,82.2
בני ציון,85.1,2022-04-29T00:00:00.000Z,85.1,90.1,68.6,68.6,82.2
בני ציון,85.1,2022-04-29T00:00:00.000Z,85.1,90.1,68.6,68.6,82.2
בני ציון,85.1,2022-04-29T00:00:00.000Z,85.1,90.1,68.6,68.6,82.2
בני ציון,85.1,2022-04-29T00:00:00.000Z,85.1,90.1,68.6,68.6,82.2
בני ציון,85.1,2022-04-29T00:00:00.000Z,85.1,90.1,68.6,68.6,82.2
בני ציון,85.1,2022-04-29T00:00:00.000Z,85.1,90.1,68.6,68.6,82.2
בני ציון,85.1,2022-04-29T00:00:00.000Z,85.1,90.1,68.6,68.6,82.2
בני ציון,85.1,2022-04-29T00:00:00.000Z,85.1,90.1,68.6,68.6,82.2
בני ציון,85.1,2022-04-29T00:00:00.000Z,85.1,90.1,68.6,68.6,82.2
בני ציון,85.1,2022-04-29T00:00:00.000Z,85.1,90.1,68.6,68.6,82.2
בני ציון,85.1,2022-04-29T00:00:00.000Z,85.1,90.1,68.6,68.6,82.2
בני ציון,85.1,2022-04-29T00:00:00.000Z,85.1,90.1,68.6,68.6,82.2
בני ציון,85.1,2022-04-29T00:00:00.000Z,85.1,90.1,68.6,68.6,82.2
בני ציון,85.1,2022-04-29T00:00:00.000Z,85.1,90.1,68.6,68.6,82.2
בני ציון,85.1,2022-04-29T00:00:00.000Z,85.1,90.1,68.6,68.6,82.2
בני ציון,85.1,2022-04-29T00:00:00.000Z,85.1,90.1,68.6,68.6,82.2
בני ציון,85.1,2022-04-29T00:00:00.000Z,85.1,90.1,68.6,68.6,82.2
בני ציון,85.1,2022-04-29T00:00:00.000Z,85.1,90.1,68.6,68.6,82.2
בני ציון,85.1,2022-04-29T00:00:00.000Z,85.1,90.1,68.6,68.6,82.2
בני ציון,85.1,2022-04-29T00:00:00.000Z,85.1,90.1,68.6,68.6,82.2
בני ציון,85.1,2022-04-29T00:00:00.000Z,85.1,90.1,68.6,68.6,82.2
בני ציון,85.1,2022-04-29T00:00:00.000Z,85.1,90.1,68.6,68.6,82.2
בני ציון,85.1,2022-04-29T00:00:00.000Z,85.1,90.1,68.6,68.6,82.2
בני ציון,85.1,2022-04-29T00:00:00.000Z,85.1,90.1,68.6,68.6,82.2
בני ציון,85.1,2022-04-29T00:00:00.000Z,85.1,90.1,68.6,68.6,82.2
בני ציון,85.1,2022-04-29T00:00:00.000Z,85.1,90.1,68.6,68.6,82.2
בני ציון,85.1,2022-04-29T00:00:00.000Z,85.1,90.1,68.6,68.6,82.2
בני ציון,85.1,2022-04-29T00:00:00.000Z,85.1,90.1,68.6,68.6,82.2
וולפסון,70.9,2022-04-29T00:00:00.000Z,70.9,88.5,62.1,62.1,73.6
וולפסון,70.9,2022-04-29T00:00:00.000Z,70.9,88.5,62.1,62.1,73.6
וולפסון,70.9,2022-04-29T00:00:00.000Z,70.9,88.5,62.1,62.1,73.6
וולפסון,70.9,2022-04-29T00:00:00.000Z,70.9,88.5,62.1,62.1,73.6
וולפסון,70.9,2022-04-29T00:00:00.000Z,70.9,88.5,62.1,62.1,73.6
וולפסון,70.9,2022-04-29T00:00:00.000Z,70.9,88.5,62.1,62.1,73.6
וולפסון,70.9,2022-04-29T00:00:00.000Z,70.9,88.5,62.1,62.1,73.6
וולפסון,70.9,2022-04-29T00:00:00.000Z,70.9,88.5,62.1,62.1,73.6
וולפסון,70.9,2022-04-29T00:00:00.000Z,70.9,88.5,62.1,62.1,73.6
וולפסון,70.9,2022-04-29T00:00:00.000Z,70.9,88.5,62.1,62.1,73.6
וולפסון,70.9,2022-04-29T00:00:00.000Z,70.9,88.5,62.1,62.1,73.6
וולפסון,70.9,2022-04-29T00:00:00.000Z,70.9,88.5,62.1,62.1,73.6
וולפסון,70.9,2022-04-29T00:00:00.000Z,70.9,88.5,62.1,62.1,73.6
וולפסון,70.9,2022-04-29T00:00:00.000Z,70.9,88.5,62.1,62.1,73.6
וולפסון,70.9,2022-04-29T00:00:00.000Z,70.9,88.5,62.1,62.1,73.6
וולפסון,70.9,2022-04-29T00:00:00.000Z,70.9,88.5,62.1,62.1,73.6
וולפסון,70.9,2022-04-29T00:00:00.000Z,70.9,88.5,62.1,62.1,73.6
וולפסון,70.9,2022-04-29T00:00:00.000Z,70.9,88.5,62.1,62.1,73.6
וולפסון,70.9,2022-04-29T00:00:00.000Z,70.9,88.5,62.1,62.1,73.6
וולפסון,70.9,2022-04-29T00:00:00.000Z,70.9,88.5,62.1,62.1,73.6
וולפסון,70.9,2022-04-29T00:00:00.000Z,70.9,88.5,62.1,62.1,73.6
וולפסון,70.9,2022-04-29T00:00:00.000Z,70.9,88.5,62.1,62.1,73.6
וולפסון,70.9,2022-04-29T00:00:00.000Z,70.9,88.5,62.1,62.1,73.6
וולפסון,70.9,2022-04-29T00:00:00.000Z,70.9,88.5,62.1,62.1,73.6
לניאדו,78.2,2022-04-29T00:00:00.000Z,78.2,88.5,73,73,96.1
לניאדו,78.2,2022-04-29T00:00:00.000Z,78.2,88.5,73,73,96.1
לניאדו,78.2,2022-04-29T00:00:00.000Z,78.2,88.5,73,73,96.1
לניאדו,78.2,2022-04-29T00:00:00.000Z,78.2,88.5,73,73,96.1
לניאדו,78.2,2022-04-29T00:00:00.000Z,78.2,88.5,73,73,96.1
לניאדו,78.2,2022-04-29T00:00:00.000Z,78.2,88.5,73,73,96.1
לניאדו,78.2,2022-04-29T00:00:00.000Z,78.2,88.5,73,73,96.1
לניאדו,78.2,2022-04-29T00:00:00.000Z,78.2,88.5,73,73,96.1
לניאדו,78.2,2022-04-29T00:00:00.000Z,78.2,88.5,73,73,96.1
לניאדו,78.2,2022-04-29T00:00:00.000Z,78.2,88.5,73,73,96.1
לניאדו,78.2,2022-04-29T00:00:00.000Z,78.2,88.5,73,73,96.1
וולפסון,70.9,2022-04-29T00:00:00.000Z,70.9,88.5,62.1,62.1,73.6
וולפסון,70.9,2022-04-29T00:00:00.000Z,70.9,88.5,62.1,62.1,73.6
וולפסון,70.9,2022-04-29T00:00:00.000Z,70.9,88.5,62.1,62.1,73.6
וולפסון,70.9,2022-04-29T00:00:00.000Z,70.9,88.5,62.1,62.1,73.6
וולפסון,70.9,2022-04-29T00:00:00.000Z,70.9,88.5,62.1,62.1,73.6
וולפסון,70.9,2022-04-29T00:00:00.000Z,70.9,88.5,62.1,62.1,73.6
וולפסון,70.9,2022-04-29T00:00:00.000Z,70.9,88.5,62.1,62.1,73.6
וולפסון,70.9,2022-04-29T00:00:00.000Z,70.9,88.5,62.1,62.1,73.6
וולפסון,70.9,2022-04-29T00:00:00.000Z,70.9,88.5,62.1,62.1,73.6
וולפסון,70.9,2022-04-29T00:00:00.000Z,70.9,88.5,62.1,62.1,73.6
וולפסון,70.9,2022-04-29T00:00:00.000Z,70.9,88.5,62.1,62.1,73.6
וולפסון,70.9,2022-04-29T00:00:00.000Z,70.9,88.5,62.1,62.1,73.6
וולפסון,70.9,2022-04-29T00:00:00.000Z,70.9,88.5,62.1,62.1,73.6
וולפסון,70.9,2022-04-29T00:00:00.000Z,70.9,88.5,62.1,62.1,73.6
וולפסון,70.9,2022-04-29T00:00:00.000Z,70.9,88.5,62.1,62.1,73.6
וולפסון,70.9,2022-04-29T00:00:00.000Z,70.9,88.5,62.1,62.1,73.6
וולפסון,70.9,2022-04-29T00:00:00.000Z,70.9,88.5,62.1,62.1,73.6
וולפסון,70.9,2022-04-29T00:00:00.000Z,70.9,88.5,62.1,62.1,73.6
וולפסון,70.9,2022-04-29T00:00:00.000Z,70.9,88.5,62.1,62.1,73.6
וולפסון,70.9,2022-04-29T00:00:00.000Z,70.9,88.5,62.1,62.1,73.6
וולפסון,70.9,2022-04-29T00:00:00.000Z,70.9,88.5,62.1,62.1,73.6
וולפסון,70.9,2022-04-29T00:00:00.000Z,70.9,88.5,62.1,62.1,73.6
וולפסון,70.9,2022-04-29T00:00:00.000Z,70.9,88.5,62.1,62.1,73.6
וולפסון,70.9,2022-04-29T00:00:00.000Z,70.9,88.5,62.1,62.1,73.6
וולפסון,70.9,2022-04-29T00:00:00.000Z,70.9,88.5,62.1,62.1,73.6
וולפסון,70.9,2022-04-29T00:00:00.000Z,70.9,88.5,62.1,62.1,73.6
וולפסון,70.9,2022-04-29T00:00:00.000Z,70.9,88.5,62.1,62.1,73.6
וולפסון,70.9,2022-04-29T00:00:00.000Z,70.9,88.5,62.1,62.1,73.6
וולפסון,70.9,2022-04-29T00:00:00.000Z,70.9,88.5,62.1,62.1,73.6
וולפסון,70.9,2022-04-29T00:00:00.000Z,70.9,88.5,62.1,62.1,73.6
וולפסון,70.9,2022-04-29T00:00:00.000Z,70.9,88.5,62.1,62.1,73.6
וולפסון,70.9,2022-04-29T00:00:00.000Z,70.9,88.5,62.1,62.1,73.6
וולפסון,70.9,2022-04-29T00:00:00.000Z,70.9,88.5,62.1,62.1,73.6
לניאדו,78.2,2022-04-29T00:00:00.000Z,78.2,88.5,73,73,96.1
לניאדו,78.2,2022-04-29T00:00:00.000Z,78.2,88.5,73,73,96.1
לניאדו,78.2,2022-04-29T00:00:00.000Z,78.2,88.5,73,73,96.1
לניאדו,78.2,2022-04-29T00:00:00.000Z,78.2,88.5,73,73,96.1
לניאדו,78.2,2022-04-29T00:00:00.000Z,78.2,88.5,73,73,96.1
לניאדו,78.2,2022-04-29T00:00:00.000Z,78.2,88.5,73,73,96.1
לניאדו,78.2,2022-04-29T00:00:00.000Z,78.2,88.5,73,73,96.1
לניאדו,78.2,2022-04-29T00:00:00.000Z,78.2,88.5,73,73,96.1
לניאדו,78.2,2022-04-29T00:00:00.000Z,78.2,88.5,73,73,96.1
לניאדו,78.2,2022-04-29T00:00:00.000Z,78.2,88.5,73,73,96.1
לניאדו,78.2,2022-04-29T00:00:00.000Z,78.2,88.5,73,73,96.1
לניאדו,78.2,2022-04-29T00:00:00.000Z,78.2,88.5,73,73,96.1
לניאדו,78.2,2022-04-29T00:00:00.000Z,78.2,88.5,73,73,96.1
לניאדו,78.2,2022-04-29T00:00:00.000Z,78.2,88.5,73,73,96.1
לניאדו,78.2,2022-04-29T00:00:00.000Z,78.2,88.5,73,73,96.1
לניאדו,78.2,2022-04-29T00:00:00.000Z,78.2,88.5,73,73,96.1
לניאדו,78.2,2022-04-29T00:00:00.000Z,78.2,88.5,73,73,96.1
לניאדו,78.2,2022-04-29T00:00:00.000Z,78.2,88.5,73,73,96.1
לניאדו,78.2,2022-04-29T00:00:00.000Z,78.2,88.5,73,73,96.1
לניאדו,78.2,2022-04-29T00:00:00.000Z,78.2,88.5,73,73,96.1
לניאדו,78.2,2022-04-29T00:00:00.000Z,78.2,88.5,73,73,96.1
לניאדו,78.2,2022-04-29T00:00:00.000Z,78.2,88.5,73,73,96.1
לניאדו,78.2,2022-04-29T00:00:00.000Z,78.2,88.5,73,73,96.1
לניאדו,78.2,2022-04-29T00:00:00.000Z,78.2,88.5,73,73,96.1
לניאדו,78.2,2022-04-29T00:00:00.000Z,78.2,88.5,73,73,96.1
לניאדו,78.2,2022-04-29T00:00:00.000Z,78.2,88.5,73,73,96.1
לניאדו,78.2,2022-04-29T00:00:00.000Z,78.2,88.5,73,73,96.1
לניאדו,78.2,2022-04-29T00:00:00.000Z,78.2,88.5,73,73,96.1
לניאדו,78.2,2022-04-29T00:00:00.000Z,78.2,88.5,73,73,96.1
לניאדו,78.2,2022-04-29T00:00:00.000Z,78.2,88.5,73,73,96.1
לניאדו,78.2,2022-04-29T00:00:00.000Z,78.2,88.5,73,73,96.1
לניאדו,78.2,2022-04-29T00:00:00.000Z,78.2,88.5,73,73,96.1
לניאדו,78.2,2022-04-29T00:00:00.000Z,78.2,88.5,73,73,96.1
לניאדו,78.2,2022-04-29T00:00:00.000Z,78.2,88.5,73,73,96.1
לניאדו,78.2,2022-04-29T00:00:00.000Z,78.2,88.5,73,73,96.1
לניאדו,78.2,2022-04-29T00:00:00.000Z,78.2,88.5,73,73,96.1
לניאדו,78.2,2022-04-29T00:00:00.000Z,78.2,88.5,73,73,96.1
לניאדו,78.2,2022-04-29T00:00:00.000Z,78.2,88.5,73,73,96.1
לניאדו,78.2,2022-04-29T00:00:00.000Z,78.2,88.5,73,73,96.1
לניאדו,78.2,2022-04-29T00:00:00.000Z,78.2,88.5,73,73,96.1
לניאדו,78.2,2022-04-29T00:00:00.000Z,78.2,88.5,73,73,96.1
לניאדו,78.2,2022-04-29T00:00:00.000Z,78.2,88.5,73,73,96.1
לניאדו,78.2,2022-04-29T00:00:00.000Z,78.2,88.5,73,73,96.1
לניאדו,78.2,2022-04-29T00:00:00.000Z,78.2,88.5,73,73,96.1
לניאדו,78.2,2022-04-29T00:00:00.000Z,78.2,88.5,73,73,96.1
לניאדו,78.2,2022-04-29T00:00:00.000Z,78.2,88.5,73,73,96.1
לניאדו,78.2,2022-04-29T00:00:00.000Z,78.2,88.5,73,73,96.1
לניאדו,78.2,2022-04-29T00:00:00.000Z,78.2,88.5,73,73,96.1
וולפסון,70.9,2022-04-29T00:00:00.000Z,70.9,88.5,62.1,62.1,73.6
וולפסון,70.9,2022-04-29T00:00:00.000Z,70.9,88.5,62.1,62.1,73.6
וולפסון,70.9,2022-04-29T00:00:00.000Z,70.9,88.5,62.1,62.1,73.6
וולפסון,70.9,2022-04-29T00:00:00.000Z,70.9,88.5,62.1,62.1,73.6
וולפסון,70.9,2022-04-29T00:00:00.000Z,70.9,88.5,62.1,62.1,73.6
וולפסון,70.9,2022-04-29T00:00:00.000Z,70.9,88.5,62.1,62.1,73.6
וולפסון,70.9,2022-04-29T00:00:00.000Z,70.9,88.5,62.1,62.1,73.6
וולפסון,70.9,2022-04-29T00:00:00.000Z,70.9,88.5,62.1,62.1,73.6
וולפסון,70.9,2022-04-29T00:00:00.000Z,70.9,88.5,62.1,62.1,73.6
וולפסון,70.9,2022-04-29T00:00:00.000Z,70.9,88.5,62.1,62.1,73.6
לניאדו,78.2,2022-04-29T00:00:00.000Z,78.2,88.5,73,73,96.1
לניאדו,78.2,2022-04-29T00:00:00.000Z,78.2,88.5,73,73,96.1
לניאדו,78.2,2022-04-29T00:00:00.000Z,78.2,88.5,73,73,96.1
לניאדו,78.2,2022-04-29T00:00:00.000Z,78.2,88.5,73,73,96.1
לניאדו,78.2,2022-04-29T00:00:00.000Z,78.2,88.5,73,73,96.1
לניאדו,78.2,2022-04-29T00:00:00.000Z,78.2,88.5,73,73,96.1
לניאדו,78.2,2022-04-29T00:00:00.000Z,78.2,88.5,73,73,96.1
לניאדו,78.2,2022-04-29T00:00:00.000Z,78.2,88.5,73,73,96.1
לניאדו,78.2,2022-04-29T00:00:00.000Z,78.2,88.5,73,73,96.1
לניאדו,78.2,2022-04-29T00:00:00.000Z,78.2,88.5,73,73,96.1
לניאדו,78.2,2022-04-29T00:00:00.000Z,78.2,88.5,73,73,96.1
לניאדו,78.2,2022-04-29T00:00:00.000Z,78.2,88.5,73,73,96.1
לניאדו,78.2,2022-04-29T00:00:00.000Z,78.2,88.5,73,73,96.1
לניאדו,78.2,2022-04-29T00:00:00.000Z,78.2,88.5,73,73,96.1
לניאדו,78.2,2022-04-29T00:00:00.000Z,78.2,88.5,73,73,96.1
לניאדו,78.2,2022-04-29T00:00:00.000Z,78.2,88.5,73,73,96.1
לניאדו,78.2,2022-04-29T00:00:00.000Z,78.2,88.5,73,73,96.1
לניאדו,78.2,2022-04-29T00:00:00.000Z,78.2,88.5,73,73,96.1
לניאדו,78.2,2022-04-29T00:00:00.000Z,78.2,88.5,73,73,96.1
לניאדו,78.2,2022-04-29T00:00:00.000Z,78.2,88.5,73,73,96.1
לניאדו,78.2,2022-04-29T00:00:00.000Z,78.2,88.5,73,73,96.1
לניאדו,78.2,2022-04-29T00:00:00.000Z,78.2,88.5,73,73,96.1
לניאדו,78.2,2022-04-29T00:00:00.000Z,78.2,88.5,73,73,96.1
וולפסון,70.9,2022-04-29T00:00:00.000Z,70.9,88.5,62.1,62.1,73.6
וולפסון,70.9,2022-04-29T00:00:00.000Z,70.9,88.5,62.1,62.1,73.6
וולפסון,70.9,2022-04-29T00:00:00.000Z,70.9,88.5,62.1,62.1,73.6
וולפסון,70.9,2022-04-29T00:00:00.000Z,70.9,88.5,62.1,62.1,73.6
וולפסון,70.9,2022-04-29T00:00:00.000Z,70.9,88.5,62.1,62.1,73.6
וולפסון,70.9,2022-04-29T00:00:00.000Z,70.9,88.5,62.1,62.1,73.6
וולפסון,70.9,2022-04-29T00:00:00.000Z,70.9,88.5,62.1,62.1,73.6
וולפסון,70.9,2022-04-29T00:00:00.000Z,70.9,88.5,62.1,62.1,73.6
וולפסון,70.9,2022-04-29T00:00:00.000Z,70.9,88.5,62.1,62.1,73.6
וולפסון,70.9,2022-04-29T00:00:00.000Z,70.9,88.5,62.1,62.1,73.6
וולפסון,70.9,2022-04-29T00:00:00.000Z,70.9,88.5,62.1,62.1,73.6
וולפסון,70.9,2022-04-29T00:00:00.000Z,70.9,88.5,62.1,62.1,73.6
וולפסון,70.9,2022-04-29T00:00:00.000Z,70.9,88.5,62.1,62.1,73.6
וולפסון,70.9,2022-04-29T00:00:00.000Z,70.9,88.5,62.1,62.1,73.6
וולפסון,70.9,2022-04-29T00:00:00.000Z,70.9,88.5,62.1,62.1,73.6
וולפסון,70.9,2022-04-29T00:00:00.000Z,70.9,88.5,62.1,62.1,73.6
וולפסון,70.9,2022-04-29T00:00:00.000Z,70.9,88.5,62.1,62.1,73.6
וולפסון,70.9,2022-04-29T00:00:00.000Z,70.9,88.5,62.1,62.1,73.6
וולפסון,70.9,2022-04-29T00:00:00.000Z,70.9,88.5,62.1,62.1,73.6
וולפסון,70.9,2022-04-29T00:00:00.000Z,70.9,88.5,62.1,62.1,73.6
וולפסון,70.9,2022-04-29T00:00:00.000Z,70.9,88.5,62.1,62.1,73.6
וולפסון,70.9,2022-04-29T00:00:00.000Z,70.9,88.5,62.1,62.1,73.6
וולפסון,70.9,2022-04-29T00:00:00.000Z,70.9,88.5,62.1,62.1,73.6
וולפסון,70.9,2022-04-29T00:00:00.000Z,70.9,88.5,62.1,62.1,73.6
וולפסון,70.9,2022-04-29T00:00:00.000Z,70.9,88.5,62.1,62.1,73.6
וולפסון,70.9,2022-04-29T00:00:00.000Z,70.9,88.5,62.1,62.1,73.6
וולפסון,70.9,2022-04-29T00:00:00.000Z,70.9,88.5,62.1,62.1,73.6
וולפסון,70.9,2022-04-29T00:00:00.000Z,70.9,88.5,62.1,62.1,73.6
וולפסון,70.9,2022-04-29T00:00:00.000Z,70.9,88.5,62.1,62.1,73.6
וולפסון,70.9,2022-04-29T00:00:00.000Z,70.9,88.5,62.1,62.1,73.6
וולפסון,70.9,2022-04-29T00:00:00.000Z,70.9,88.5,62.1,62.1,73.6
וולפסון,70.9,2022-04-29T00:00:00.000Z,70.9,88.5,62.1,62.1,73.6
וולפסון,70.9,2022-04-29T00:00:00.000Z,70.9,88.5,62.1,62.1,73.6
וולפסון,70.9,2022-04-29T00:00:00.000Z,70.9,88.5,62.1,62.1,73.6
וולפסון,70.9,2022-04-29T00:00:00.000Z,70.9,88.5,62.1,62.1,73.6
לניאדו,78.2,2022-04-29T00:00:00.000Z,78.2,88.5,73,73,96.1
לניאדו,78.2,2022-04-29T00:00:00.000Z,78.2,88.5,73,73,96.1
לניאדו,78.2,2022-04-29T00:00:00.000Z,78.2,88.5,73,73,96.1
לניאדו,78.2,2022-04-29T00:00:00.000Z,78.2,88.5,73,73,96.1
לניאדו,78.2,2022-04-29T00:00:00.000Z,78.2,88.5,73,73,96.1
לניאדו,78.2,2022-04-29T00:00:00.000Z,78.2,88.5,73,73,96.1
לניאדו,78.2,2022-04-29T00:00:00.000Z,78.2,88.5,73,73,96.1
לניאדו,78.2,2022-04-29T00:00:00.000Z,78.2,88.5,73,73,96.1
לניאדו,78.2,2022-04-29T00:00:00.000Z,78.2,88.5,73,73,96.1
לניאדו,78.2,2022-04-29T00:00:00.000Z,78.2,88.5,73,73,96.1
לניאדו,78.2,2022-04-29T00:00:00.000Z,78.2,88.5,73,73,96.1
לניאדו,78.2,2022-04-29T00:00:00.000Z,78.2,88.5,73,73,96.1
לניאדו,78.2,2022-04-29T00:00:00.000Z,78.2,88.5,73,73,96.1
לניאדו,78.2,2022-04-29T00:00:00.000Z,78.2,88.5,73,73,96.1
לניאדו,78.2,2022-04-29T00:00:00.000Z,78.2,88.5,73,73,96.1
לניאדו,78.2,2022-04-29T00:00:00.000Z,78.2,88.5,73,73,96.1
לניאדו,78.2,2022-04-29T00:00:00.000Z,78.2,88.5,73,73,96.1
לניאדו,78.2,2022-04-29T00:00:00.000Z,78.2,88.5,73,73,96.1
לניאדו,78.2,2022-04-29T00:00:00.000Z,78.2,88.5,73,73,96.1
לניאדו,78.2,2022-04-29T00:00:00.000Z,78.2,88.5,73,73,96.1
לניאדו,78.2,2022-04-29T00:00:00.000Z,78.2,88.5,73,73,96.1
לניאדו,78.2,2022-04-29T00:00:00.000Z,78.2,88.5,73,73,96.1
לניאדו,78.2,2022-04-29T00:00:00.000Z,78.2,88.5,73,73,96.1
לניאדו,78.2,2022-04-29T00:00:00.000Z,78.2,88.5,73,73,96.1
לניאדו,78.2,2022-04-29T00:00:00.000Z,78.2,88.5,73,73,96.1
לניאדו,78.2,2022-04-29T00:00:00.000Z,78.2,88.5,73,73,96.1
לניאדו,78.2,2022-04-29T00:00:00.000Z,78.2,88.5,73,73,96.1
לניאדו,78.2,2022-04-29T00:00:00.000Z,78.2,88.5,73,73,96.1
לניאדו,78.2,2022-04-29T00:00:00.000Z,78.2,88.5,73,73,96.1
לניאדו,78.2,2022-04-29T00:00:00.000Z,78.2,88.5,73,73,96.1
לניאדו,78.2,2022-04-29T00:00:00.000Z,78.2,88.5,73,73,96.1
לניאדו,78.2,2022-04-29T00:00:00.000Z,78.2,88.5,73,73,96.1
לניאדו,78.2,2022-04-29T00:00:00.000Z,78.2,88.5,73,73,96.1
לניאדו,78.2,2022-04-29T00:00:00.000Z,78.2,88.5,73,73,96.1
לניאדו,78.2,2022-04-29T00:00:00.000Z,78.2,88.5,73,73,96.1
לניאדו,78.2,2022-04-29T00:00:00.000Z,78.2,88.5,73,73,96.1
לניאדו,78.2,2022-04-29T00:00:00.000Z,78.2,88.5,73,73,96.1
לניאדו,78.2,2022-04-29T00:00:00.000Z,78.2,88.5,73,73,96.1
לניאדו,78.2,2022-04-29T00:00:00.000Z,78.2,88.5,73,73,96.1
לניאדו,78.2,2022-04-29T00:00:00.000Z,78.2,88.5,73,73,96.1
לניאדו,78.2,2022-04-29T00:00:00.000Z,78.2,88.5,73,73,96.1
לניאדו,78.2,2022-04-29T00:00:00.000Z,78.2,88.5,73,73,96.1
לניאדו,78.2,2022-04-29T00:00:00.000Z,78.2,88.5,73,73,96.1
לניאדו,78.2,2022-04-29T00:00:00.000Z,78.2,88.5,73,73,96.1
לניאדו,78.2,2022-04-29T00:00:00.000Z,78.2,88.5,73,73,96.1
לניאדו,78.2,2022-04-29T00:00:00.000Z,78.2,88.5,73,73,96.1
לניאדו,78.2,2022-04-29T00:00:00.000Z,78.2,88.5,73,73,96.1
לניאדו,78.2,2022-04-29T00:00:00.000Z,78.2,88.5,73,73,96.1
לניאדו,78.2,2022-04-29T00:00:00.000Z,78.2,88.5,73,73,96.1
לניאדו,78.2,2022-04-29T00:00:00.000Z,78.2,88.5,73,73,96.1
לניאדו,78.2,2022-04-29T00:00:00.000Z,78.2,88.5,73,73,96.1
לניאדו,78.2,2022-04-29T00:00:00.000Z,78.2,88.5,73,73,96.1
וולפסון,70.9,2022-04-29T00:00:00.000Z,70.9,88.5,62.1,62.1,73.6
וולפסון,70.9,2022-04-29T00:00:00.000Z,70.9,88.5,62.1,62.1,73.6
וולפסון,70.9,2022-04-29T00:00:00.000Z,70.9,88.5,62.1,62.1,73.6
וולפסון,70.9,2022-04-29T00:00:00.000Z,70.9,88.5,62.1,62.1,73.6
וולפסון,70.9,2022-04-29T00:00:00.000Z,70.9,88.5,62.1,62.1,73.6
וולפסון,70.9,2022-04-29T00:00:00.000Z,70.9,88.5,62.1,62.1,73.6
וולפסון,70.9,2022-04-29T00:00:00.000Z,70.9,88.5,62.1,62.1,73.6
וולפסון,70.9,2022-04-29T00:00:00.000Z,70.9,88.5,62.1,62.1,73.6
וולפסון,70.9,2022-04-29T00:00:00.000Z,70.9,88.5,62.1,62.1,73.6
וולפסון,70.9,2022-04-29T00:00:00.000Z,70.9,88.5,62.1,62.1,73.6
וולפסון,70.9,2022-04-29T00:00:00.000Z,70.9,88.5,62.1,62.1,73.6
וולפסון,70.9,2022-04-29T00:00:00.000Z,70.9,88.5,62.1,62.1,73.6
וולפסון,70.9,2022-04-29T00:00:00.000Z,70.9,88.5,62.1,62.1,73.6
וולפסון,70.9,2022-04-29T00:00:00.000Z,70.9,88.5,62.1,62.1,73.6
וולפסון,70.9,2022-04-29T00:00:00.000Z,70.9,88.5,62.1,62.1,73.6
וולפסון,70.9,2022-04-29T00:00:00.000Z,70.9,88.5,62.1,62.1,73.6
וולפסון,70.9,2022-04-29T00:00:00.000Z,70.9,88.5,62.1,62.1,73.6
וולפסון,70.9,2022-04-29T00:00:00.000Z,70.9,88.5,62.1,62.1,73.6
וולפסון,70.9,2022-04-29T00:00:00.000Z,70.9,88.5,62.1,62.1,73.6
וולפסון,70.9,2022-04-29T00:00:00.000Z,70.9,88.5,62.1,62.1,73.6
וולפסון,70.9,2022-04-29T00:00:00.000Z,70.9,88.5,62.1,62.1,73.6
וולפסון,70.9,2022-04-29T00:00:00.000Z,70.9,88.5,62.1,62.1,73.6
וולפסון,70.9,2022-04-29T00:00:00.000Z,70.9,88.5,62.1,62.1,73.6
וולפסון,70.9,2022-04-29T00:00:00.000Z,70.9,88.5,62.1,62.1,73.6
וולפסון,70.9,2022-04-29T00:00:00.000Z,70.9,88.5,62.1,62.1,73.6
וולפסון,70.9,2022-04-29T00:00:00.000Z,70.9,88.5,62.1,62.1,73.6
וולפסון,70.9,2022-04-29T00:00:00.000Z,70.9,88.5,62.1,62.1,73.6
וולפסון,70.9,2022-04-29T00:00:00.000Z,70.9,88.5,62.1,62.1,73.6
וולפסון,70.9,2022-04-29T00:00:00.000Z,70.9,88.5,62.1,62.1,73.6
וולפסון,70.9,2022-04-29T00:00:00.000Z,70.9,88.5,62.1,62.1,73.6
וולפסון,70.9,2022-04-29T00:00:00.000Z,70.9,88.5,62.1,62.1,73.6
וולפסון,70.9,2022-04-29T00:00:00.000Z,70.9,88.5,62.1,62.1,73.6
בני ציון,85.1,2022-04-29T00:00:00.000Z,85.1,90.1,68.6,68.6,82.2
בני ציון,85.1,2022-04-29T00:00:00.000Z,85.1,90.1,68.6,68.6,82.2
בני ציון,85.1,2022-04-29T00:00:00.000Z,85.1,90.1,68.6,68.6,82.2
בני ציון,85.1,2022-04-29T00:00:00.000Z,85.1,90.1,68.6,68.6,82.2
בני ציון,85.1,2022-04-29T00:00:00.000Z,85.1,90.1,68.6,68.6,82.2
בני ציון,85.1,2022-04-29T00:00:00.000Z,85.1,90.1,68.6,68.6,82.2
בני ציון,85.1,2022-04-29T00:00:00.000Z,85.1,90.1,68.6,68.6,82.2
בני ציון,85.1,2022-04-29T00:00:00.000Z,85.1,90.1,68.6,68.6,82.2
בני ציון,85.1,2022-04-29T00:00:00.000Z,85.1,90.1,68.6,68.6,82.2
בני ציון,85.1,2022-04-29T00:00:00.000Z,85.1,90.1,68.6,68.6,82.2
בני ציון,85.1,2022-04-29T00:00:00.000Z,85.1,90.1,68.6,68.6,82.2
בני ציון,85.1,2022-04-29T00:00:00.000Z,85.1,90.1,68.6,68.6,82.2
בני ציון,85.1,2022-04-29T00:00:00.000Z,85.1,90.1,68.6,68.6,82.2
בני ציון,85.1,2022-04-29T00:00:00.000Z,85.1,90.1,68.6,68.6,82.2
בני ציון,85.1,2022-04-29T00:00:00.000Z,85.1,90.1,68.6,68.6,82.2
לניאדו,78.2,2022-04-29T00:00:00.000Z,78.2,88.5,73,73,96.1
לניאדו,78.2,2022-04-29T00:00:00.000Z,78.2,88.5,73,73,96.1
לניאדו,78.2,2022-04-29T00:00:00.000Z,78.2,88.5,73,73,96.1
לניאדו,78.2,2022-04-29T00:00:00.000Z,78.2,88.5,73,73,96.1
לניאדו,78.2,2022-04-29T00:00:00.000Z,78.2,88.5,73,73,96.1
לניאדו,78.2,2022-04-29T00:00:00.000Z,78.2,88.5,73,73,96.1
לניאדו,78.2,2022-04-29T00:00:00.000Z,78.2,88.5,73,73,96.1
וולפסון,70.9,2022-04-29T00:00:00.000Z,70.9,88.5,62.1,62.1,73.6
וולפסון,70.9,2022-04-29T00:00:00.000Z,70.9,88.5,62.1,62.1,73.6
וולפסון,70.9,2022-04-29T00:00:00.000Z,70.9,88.5,62.1,62.1,73.6
וולפסון,70.9,2022-04-29T00:00:00.000Z,70.9,88.5,62.1,62.1,73.6
וולפסון,70.9,2022-04-29T00:00:00.000Z,70.9,88.5,62.1,62.1,73.6
וולפסון,70.9,2022-04-29T00:00:00.000Z,70.9,88.5,62.1,62.1,73.6
וולפסון,70.9,2022-04-29T00:00:00.000Z,70.9,88.5,62.1,62.1,73.6
וולפסון,70.9,2022-04-29T00:00:00.000Z,70.9,88.5,62.1,62.1,73.6
וולפסון,70.9,2022-04-29T00:00:00.000Z,70.9,88.5,62.1,62.1,73.6
וולפסון,70.9,2022-04-29T00:00:00.000Z,70.9,88.5,62.1,62.1,73.6
וולפסון,70.9,2022-04-29T00:00:00.000Z,70.9,88.5,62.1,62.1,73.6
וולפסון,70.9,2022-04-29T00:00:00.000Z,70.9,88.5,62.1,62.1,73.6
וולפסון,70.9,2022-04-29T00:00:00.000Z,70.9,88.5,62.1,62.1,73.6
וולפסון,70.9,2022-04-29T00:00:00.000Z,70.9,88.5,62.1,62.1,73.6
וולפסון,70.9,2022-04-29T00:00:00.000Z,70.9,88.5,62.1,62.1,73.6
וולפסון,70.9,2022-04-29T00:00:00.000Z,70.9,88.5,62.1,62.1,73.6
וולפסון,70.9,2022-04-29T00:00:00.000Z,70.9,88.5,62.1,62.1,73.6
וולפסון,70.9,2022-04-29T00:00:00.000Z,70.9,88.5,62.1,62.1,73.6
וולפסון,70.9,2022-04-29T00:00:00.000Z,70.9,88.5,62.1,62.1,73.6
וולפסון,70.9,2022-04-29T00:00:00.000Z,70.9,88.5,62.1,62.1,73.6
וולפסון,70.9,2022-04-29T00:00:00.000Z,70.9,88.5,62.1,62.1,73.6
וולפסון,70.9,2022-04-29T00:00:00.000Z,70.9,88.5,62.1,62.1,73.6
וולפסון,70.9,2022-04-29T00:00:00.000Z,70.9,88.5,62.1,62.1,73.6
וולפסון,70.9,2022-04-29T00:00:00.000Z,70.9,88.5,62.1,62.1,73.6
וולפסון,70.9,2022-04-29T00:00:00.000Z,70.9,88.5,62.1,62.1,73.6
וולפסון,70.9,2022-04-29T00:00:00.000Z,70.9,88.5,62.1,62.1,73.6
וולפסון,70.9,2022-04-29T00:00:00.000Z,70.9,88.5,62.1,62.1,73.6
וולפסון,70.9,2022-04-29T00:00:00.000Z,70.9,88.5,62.1,62.1,73.6
הלל יפה,102.1,2022-04-29T00:00:00.000Z,102.1,80.1,76.3,76.3,81.6
הלל יפה,102.1,2022-04-29T00:00:00.000Z,102.1,80.1,76.3,76.3,81.6
הלל יפה,102.1,2022-04-29T00:00:00.000Z,102.1,80.1,76.3,76.3,81.6
הלל יפה,102.1,2022-04-29T00:00:00.000Z,102.1,80.1,76.3,76.3,81.6
הלל יפה,102.1,2022-04-29T00:00:00.000Z,102.1,80.1,76.3,76.3,81.6
הלל יפה,102.1,2022-04-29T00:00:00.000Z,102.1,80.1,76.3,76.3,81.6
הלל יפה,102.1,2022-04-29T00:00:00.000Z,102.1,80.1,76.3,76.3,81.6
הלל יפה,102.1,2022-04-29T00:00:00.000Z,102.1,80.1,76.3,76.3,81.6
הלל יפה,102.1,2022-04-29T00:00:00.000Z,102.1,80.1,76.3,76.3,81.6
הלל יפה,102.1,2022-04-29T00:00:00.000Z,102.1,80.1,76.3,76.3,81.6
הלל יפה,102.1,2022-04-29T00:00:00.000Z,102.1,80.1,76.3,76.3,81.6
הלל יפה,102.1,2022-04-29T00:00:00.000Z,102.1,80.1,76.3,76.3,81.6
הלל יפה,102.1,2022-04-29T00:00:00.000Z,102.1,80.1,76.3,76.3,81.6
הלל יפה,102.1,2022-04-29T00:00:00.000Z,102.1,80.1,76.3,76.3,81.6
הלל יפה,102.1,2022-04-29T00:00:00.000Z,102.1,80.1,76.3,76.3,81.6
הלל יפה,102.1,2022-04-29T00:00:00.000Z,102.1,80.1,76.3,76.3,81.6
הלל יפה,102.1,2022-04-29T00:00:00.000Z,102.1,80.1,76.3,76.3,81.6
הלל יפה,102.1,2022-04-29T00:00:00.000Z,102.1,80.1,76.3,76.3,81.6
הלל יפה,102.1,2022-04-29T00:00:00.000Z,102.1,80.1,76.3,76.3,81.6
הלל יפה,102.1,2022-04-29T00:00:00.000Z,102.1,80.1,76.3,76.3,81.6
הלל יפה,102.1,2022-04-29T00:00:00.000Z,102.1,80.1,76.3,76.3,81.6
הלל יפה,102.1,2022-04-29T00:00:00.000Z,102.1,80.1,76.3,76.3,81.6
הלל יפה,102.1,2022-04-29T00:00:00.000Z,102.1,80.1,76.3,76.3,81.6
הלל יפה,102.1,2022-04-29T00:00:00.000Z,102.1,80.1,76.3,76.3,81.6
הלל יפה,102.1,2022-04-29T00:00:00.000Z,102.1,80.1,76.3,76.3,81.6
הלל יפה,102.1,2022-04-29T00:00:00.000Z,102.1,80.1,76.3,76.3,81.6
הלל יפה,102.1,2022-04-29T00:00:00.000Z,102.1,80.1,76.3,76.3,81.6
הלל יפה,102.1,2022-04-29T00:00:00.000Z,102.1,80.1,76.3,76.3,81.6
הלל יפה,102.1,2022-04-29T00:00:00.000Z,102.1,80.1,76.3,76.3,81.6
הלל יפה,102.1,2022-04-29T00:00:00.000Z,102.1,80.1,76.3,76.3,81.6
הלל יפה,102.1,2022-04-29T00:00:00.000Z,102.1,80.1,76.3,76.3,81.6
הלל יפה,102.1,2022-04-29T00:00:00.000Z,102.1,80.1,76.3,76.3,81.6
נהריה,101.6,2022-04-29T00:00:00.000Z,101.6,85.3,78.6,78.6,82.6
נהריה,101.6,2022-04-29T00:00:00.000Z,101.6,85.3,78.6,78.6,82.6
נהריה,101.6,2022-04-29T00:00:00.000Z,101.6,85.3,78.6,78.6,82.6
נהריה,101.6,2022-04-29T00:00:00.000Z,101.6,85.3,78.6,78.6,82.6
נהריה,101.6,2022-04-29T00:00:00.000Z,101.6,85.3,78.6,78.6,82.6
ברזילי,91.1,2022-04-29T00:00:00.000Z,89.1,76.6,74.3,80,76
ברזילי,91.1,2022-04-29T00:00:00.000Z,89.4,75.1,74.3,79.2,75
ברזילי,91.1,2022-04-29T00:00:00.000Z,89.7,73.7,74.3,78.4,73.9
ברזילי,91.1,2022-04-29T00:00:00.000Z,90,72.3,74.3,77.6,72.9
ברזילי,91.1,2022-04-29T00:00:00.000Z,90.3,70.9,74.3,76.8,71.8
ברזילי,91.1,2022-04-29T00:00:00.000Z,90.6,69.5,74.3,75.9,70.8
ברזילי,91.1,2022-04-29T00:00:00.000Z,90.8,68.1,74.3,75.1,69.7
ברזילי,91.1,2022-04-29T00:00:00.000Z,91.1,66.7,74.3,74.3,68.7
ברזילי,91.1,2022-04-29T00:00:00.000Z,91.1,66.7,74.3,74.3,68.7
ברזילי,91.1,2022-04-29T00:00:00.000Z,91.1,66.7,74.3,74.3,68.7
ברזילי,91.1,2022-04-29T00:00:00.000Z,91.1,66.7,74.3,74.3,68.7
ברזילי,91.1,2022-04-29T00:00:00.000Z,91.1,66.7,74.3,74.3,68.7
ברזילי,91.1,2022-04-29T00:00:00.000Z,91.1,66.7,74.3,74.3,68.7
ברזילי,91.1,2022-04-29T00:00:00.000Z,91.1,66.7,74.3,74.3,68.7
ברזילי,91.1,2022-04-29T00:00:00.000Z,91.1,66.7,74.3,74.3,68.7
ברזילי,91.1,2022-04-29T00:00:00.000Z,91.1,66.7,74.3,74.3,68.7
ברזילי,91.1,2022-04-29T00:00:00.000Z,91.1,66.7,74.3,74.3,68.7
ברזילי,91.1,2022-04-29T00:00:00.000Z,91.1,66.7,74.3,74.3,68.7
ברזילי,91.1,2022-04-29T00:00:00.000Z,91.1,66.7,74.3,74.3,68.7
"רמב""ם",93.9,2022-04-29T00:00:00.000Z,92.4,98,77.1,86.4,94.7
"רמב""ם",93.9,2022-04-29T00:00:00.000Z,92.6,97.7,77.1,85.1,93.8
"רמב""ם",93.9,2022-04-29T00:00:00.000Z,92.9,97.4,77.1,83.8,92.9
"רמב""ם",93.9,2022-04-29T00:00:00.000Z,93.1,97.1,77.1,82.4,92
"רמב""ם",93.9,2022-04-29T00:00:00.000Z,93.3,96.8,77.1,81.1,91.1
"רמב""ם",93.9,2022-04-29T00:00:00.000Z,93.5,96.5,77.1,79.8,90.2
"רמב""ם",93.9,2022-04-29T00:00:00.000Z,93.7,96.2,77.1,78.5,89.3
"רמב""ם",93.9,2022-04-29T00:00:00.000Z,93.9,96,77.1,77.1,88.4
"רמב""ם",93.9,2022-04-29T00:00:00.000Z,93.9,96,77.1,77.1,88.4
"רמב""ם",93.9,2022-04-29T00:00:00.000Z,93.9,96,77.1,77.1,88.4
"רמב""ם",93.9,2022-04-29T00:00:00.000Z,93.9,96,77.1,77.1,88.4
"רמב""ם",93.9,2022-04-29T00:00:00.000Z,93.9,96,77.1,77.1,88.4
"רמב""ם",93.9,2022-04-29T00:00:00.000Z,93.9,96,77.1,77.1,88.4
"רמב""ם",93.9,2022-04-29T00:00:00.000Z,93.9,96,77.1,77.1,88.4
"רמב""ם",93.9,2022-04-29T00:00:00.000Z,93.9,96,77.1,77.1,88.4
"רמב""ם",93.9,2022-04-29T00:00:00.000Z,93.9,96,77.1,77.1,88.4
"רמב""ם",93.9,2022-04-29T00:00:00.000Z,93.9,96,77.1,77.1,88.4
"רמב""ם",93.9,2022-04-29T00:00:00.000Z,93.9,96,77.1,77.1,88.4
"רמב""ם",93.9,2022-04-29T00:00:00.000Z,93.9,96,77.1,77.1,88.4
ברזילי,91.1,2022-04-29T00:00:00.000Z,91.1,66.7,74.3,74.3,68.7
ברזילי,91.1,2022-04-29T00:00:00.000Z,91.1,66.7,74.3,74.3,68.7
ברזילי,91.1,2022-04-29T00:00:00.000Z,91.1,66.7,74.3,74.3,68.7
ברזילי,91.1,2022-04-29T00:00:00.000Z,91.1,66.7,74.3,74.3,68.7
ברזילי,91.1,2022-04-29T00:00:00.000Z,91.1,66.7,74.3,74.3,68.7
ברזילי,91.1,2022-04-29T00:00:00.000Z,91.1,66.7,74.3,74.3,68.7
ברזילי,91.1,2022-04-29T00:00:00.000Z,91.1,66.7,74.3,74.3,68.7
ברזילי,91.1,2022-04-29T00:00:00.000Z,91.1,66.7,74.3,74.3,68.7
ברזילי,91.1,2022-04-29T00:00:00.000Z,91.1,66.7,74.3,74.3,68.7
ברזילי,91.1,2022-04-29T00:00:00.000Z,91.1,66.7,74.3,74.3,68.7
ברזילי,91.1,2022-04-29T00:00:00.000Z,91.1,66.7,74.3,74.3,68.7
ברזילי,91.1,2022-04-29T00:00:00.000Z,91.1,66.7,74.3,74.3,68.7
ברזילי,91.1,2022-04-29T00:00:00.000Z,91.1,66.7,74.3,74.3,68.7
ברזילי,91.1,2022-04-29T00:00:00.000Z,91.1,66.7,74.3,74.3,68.7
ברזילי,91.1,2022-04-29T00:00:00.000Z,91.1,66.7,74.3,74.3,68.7
ברזילי,91.1,2022-04-29T00:00:00.000Z,91.1,66.7,74.3,74.3,68.7
ברזילי,91.1,2022-04-29T00:00:00.000Z,91.1,66.7,74.3,74.3,68.7
ברזילי,91.1,2022-04-29T00:00:00.000Z,91.1,66.7,74.3,74.3,68.7
ברזילי,91.1,2022-04-29T00:00:00.000Z,91.1,66.7,74.3,74.3,68.7
ברזילי,91.1,2022-04-29T00:00:00.000Z,91.1,66.7,74.3,74.3,68.7
ברזילי,91.1,2022-04-29T00:00:00.000Z,91.1,66.7,74.3,74.3,68.7
ברזילי,91.1,2022-04-29T00:00:00.000Z,91.1,66.7,74.3,74.3,68.7
ברזילי,91.1,2022-04-29T00:00:00.000Z,91.1,66.7,74.3,74.3,68.7
ברזילי,91.1,2022-04-29T00:00:00.000Z,91.1,66.7,74.3,74.3,68.7
ברזילי,91.1,2022-04-29T00:00:00.000Z,91.1,66.7,74.3,74.3,68.7
ברזילי,91.1,2022-04-29T00:00:00.000Z,91.1,66.7,74.3,74.3,68.7
ברזילי,91.1,2022-04-29T00:00:00.000Z,91.1,66.7,74.3,74.3,68.7
ברזילי,91.1,2022-04-29T00:00:00.000Z,91.1,66.7,74.3,74.3,68.7
ברזילי,91.1,2022-04-29T00:00:00.000Z,91.1,66.7,74.3,74.3,68.7
ברזילי,91.1,2022-04-29T00:00:00.000Z,91.1,66.7,74.3,74.3,68.7
ברזילי,91.1,2022-04-29T00:00:00.000Z,91.1,66.7,74.3,74.3,68.7
ברזילי,91.1,2022-04-29T00:00:00.000Z,91.1,66.7,74.3,74.3,68.7
ברזילי,91.1,2022-04-29T00:00:00.000Z,91.1,66.7,74.3,74.3,68.7
ברזילי,91.1,2022-04-29T00:00:00.000Z,91.1,66.7,74.3,74.3,68.7
"רמב""ם",93.9,2022-04-29T00:00:00.000Z,93.9,96,77.1,77.1,88.4
"רמב""ם",93.9,2022-04-29T00:00:00.000Z,93.9,96,77.1,77.1,88.4
"רמב""ם",93.9,2022-04-29T00:00:00.000Z,93.9,96,77.1,77.1,88.4
"רמב""ם",93.9,2022-04-29T00:00:00.000Z,93.9,96,77.1,77.1,88.4
"רמב""ם",93.9,2022-04-29T00:00:00.000Z,93.9,96,77.1,77.1,88.4
"רמב""ם",93.9,2022-04-29T00:00:00.000Z,93.9,96,77.1,77.1,88.4
"רמב""ם",93.9,2022-04-29T00:00:00.000Z,93.9,96,77.1,77.1,88.4
"רמב""ם",93.9,2022-04-29T00:00:00.000Z,93.9,96,77.1,77.1,88.4
"רמב""ם",93.9,2022-04-29T00:00:00.000Z,93.9,96,77.1,77.1,88.4
"רמב""ם",93.9,2022-04-29T00:00:00.000Z,93.9,96,77.1,77.1,88.4
"רמב""ם",93.9,2022-04-29T00:00:00.000Z,93.9,96,77.1,77.1,88.4
"רמב""ם",93.9,2022-04-29T00:00:00.000Z,93.9,96,77.1,77.1,88.4
"רמב""ם",93.9,2022-04-29T00:00:00.000Z,93.9,96,77.1,77.1,88.4
"רמב""ם",93.9,2022-04-29T00:00:00.000Z,93.9,96,77.1,77.1,88.4
"רמב""ם",93.9,2022-04-29T00:00:00.000Z,93.9,96,77.1,77.1,88.4
"רמב""ם",93.9,2022-04-29T00:00:00.000Z,93.9,96,77.1,77.1,88.4
"רמב""ם",93.9,2022-04-29T00:00:00.000Z,93.9,96,77.1,77.1,88.4
"רמב""ם",93.9,2022-04-29T00:00:00.000Z,93.9,96,77.1,77.1,88.4
"רמב""ם",93.9,2022-04-29T00:00:00.000Z,93.9,96,77.1,77.1,88.4
"רמב""ם",93.9,2022-04-29T00:00:00.000Z,93.9,96,77.1,77.1,88.4
"רמב""ם",93.9,2022-04-29T00:00:00.000Z,93.9,96,77.1,77.1,88.4
"רמב""ם",93.9,2022-04-29T00:00:00.000Z,93.9,96,77.1,77.1,88.4
"רמב""ם",93.9,2022-04-29T00:00:00.000Z,93.9,96,77.1,77.1,88.4
"רמב""ם",93.9,2022-04-29T00:00:00.000Z,93.9,96,77.1,77.1,88.4
"רמב""ם",93.9,2022-04-29T00:00:00.000Z,93.9,96,77.1,77.1,88.4
"רמב""ם",93.9,2022-04-29T00:00:00.000Z,93.9,96,77.1,77.1,88.4
"רמב""ם",93.9,2022-04-29T00:00:00.000Z,93.9,96,77.1,77.1,88.4
"רמב""ם",93.9,2022-04-29T00:00:00.000Z,93.9,96,77.1,77.1,88.4
"רמב""ם",93.9,2022-04-29T00:00:00.000Z,93.9,96,77.1,77.1,88.4
"רמב""ם",93.9,2022-04-29T00:00:00.000Z,93.9,96,77.1,77.1,88.4
"רמב""ם",93.9,2022-04-29T00:00:00.000Z,93.9,96,77.1,77.1,88.4
"רמב""ם",93.9,2022-04-29T00:00:00.000Z,93.9,96,77.1,77.1,88.4
"רמב""ם",93.9,2022-04-29T00:00:00.000Z,93.9,96,77.1,77.1,88.4
"רמב""ם",93.9,2022-04-29T00:00:00.000Z,93.9,96,77.1,77.1,88.4
שיבא,99.6,2022-04-29T00:00:00.000Z,98.7,84.9,99.5,105.4,102.7
שיבא,99.6,2022-04-29T00:00:00.000Z,98.9,84.5,99.5,104.5,102.3
שיבא,99.6,2022-04-29T00:00:00.000Z,99,84.1,99.5,103.7,102
שיבא,99.6,2022-04-29T00:00:00.000Z,99.1,83.7,99.5,102.9,101.7
שיבא,99.6,2022-04-29T00:00:00.000Z,99.2,83.3,99.5,102,101.4
שיבא,99.6,2022-04-29T00:00:00.000Z,99.3,82.8,99.5,101.2,101.1
שיבא,99.6,2022-04-29T00:00:00.000Z,99.5,82.4,99.5,100.3,100.8
שיבא,99.6,2022-04-29T00:00:00.000Z,99.6,82,99.5,99.5,100.4
שיבא,99.6,2022-04-29T00:00:00.000Z,99.6,82,99.5,99.5,100.4
שיבא,99.6,2022-04-29T00:00:00.000Z,99.6,82,99.5,99.5,100.4
שיבא,99.6,2022-04-29T00:00:00.000Z,99.6,82,99.5,99.5,100.4
שיבא,99.6,2022-04-29T00:00:00.000Z,99.6,82,99.5,99.5,100.4
שיבא,99.6,2022-04-29T00:00:00.000Z,99.6,82,99.5,99.5,100.4
שיבא,99.6,2022-04-29T00:00:00.000Z,99.6,82,99.5,99.5,100.4
שיבא,99.6,2022-04-29T00:00:00.000Z,99.6,82,99.5,99.5,100.4
שיבא,99.6,2022-04-29T00:00:00.000Z,99.6,82,99.5,99.5,100.4
שיבא,99.6,2022-04-29T00:00:00.000Z,99.6,82,99.5,99.5,100.4
שיבא,99.6,2022-04-29T00:00:00.000Z,99.6,82,99.5,99.5,100.4
שיבא,99.6,2022-04-29T00:00:00.000Z,99.6,82,99.5,99.5,100.4
שיבא,99.6,2022-04-29T00:00:00.000Z,99.6,82,99.5,99.5,100.4
שיבא,99.6,2022-04-29T00:00:00.000Z,99.6,82,99.5,99.5,100.4
שיבא,99.6,2022-04-29T00:00:00.000Z,99.6,82,99.5,99.5,100.4
שיבא,99.6,2022-04-29T00:00:00.000Z,99.6,82,99.5,99.5,100.4
שיבא,99.6,2022-04-29T00:00:00.000Z,99.6,82,99.5,99.5,100.4
שיבא,99.6,2022-04-29T00:00:00.000Z,99.6,82,99.5,99.5,100.4
שיבא,99.6,2022-04-29T00:00:00.000Z,99.6,82,99.5,99.5,100.4
שיבא,99.6,2022-04-29T00:00:00.000Z,99.6,82,99.5,99.5,100.4
שיבא,99.6,2022-04-29T00:00:00.000Z,99.6,82,99.5,99.5,100.4
שיבא,99.6,2022-04-29T00:00:00.000Z,99.6,82,99.5,99.5,100.4
שיבא,99.6,2022-04-29T00:00:00.000Z,99.6,82,99.5,99.5,100.4
שיבא,99.6,2022-04-29T00:00:00.000Z,99.6,82,99.5,99.5,100.4
שיבא,99.6,2022-04-29T00:00:00.000Z,99.6,82,99.5,99.5,100.4
שיבא,99.6,2022-04-29T00:00:00.000Z,99.6,82,99.5,99.5,100.4
שיבא,99.6,2022-04-29T00:00:00.000Z,99.6,82,99.5,99.5,100.4
שיבא,99.6,2022-04-29T00:00:00.000Z,99.6,82,99.5,99.5,100.4
שיבא,99.6,2022-04-29T00:00:00.000Z,99.6,82,99.5,99.5,100.4
שיבא,99.6,2022-04-29T00:00:00.000Z,99.6,82,99.5,99.5,100.4
שיבא,99.6,2022-04-29T00:00:00.000Z,99.6,82,99.5,99.5,100.4
שיבא,99.6,2022-04-29T00:00:00.000Z,99.6,82,99.5,99.5,100.4
שיבא,99.6,2022-04-29T00:00:00.000Z,99.6,82,99.5,99.5,100.4
שיבא,99.6,2022-04-29T00:00:00.000Z,99.6,82,99.5,99.5,100.4
שיבא,99.6,2022-04-29T00:00:00.000Z,99.6,82,99.5,99.5,100.4
שיבא,99.6,2022-04-29T00:00:00.000Z,99.6,82,99.5,99.5,100.4
שיבא,99.6,2022-04-29T00:00:00.000Z,99.6,82,99.5,99.5,100.4
ברזילי,91.1,2022-04-29T00:00:00.000Z,91.1,66.7,74.3,74.3,68.7
ברזילי,91.1,2022-04-29T00:00:00.000Z,91.1,66.7,74.3,74.3,68.7
ברזילי,91.1,2022-04-29T00:00:00.000Z,91.1,66.7,74.3,74.3,68.7
ברזילי,91.1,2022-04-29T00:00:00.000Z,91.1,66.7,74.3,74.3,68.7
ברזילי,91.1,2022-04-29T00:00:00.000Z,91.1,66.7,74.3,74.3,68.7
ברזילי,91.1,2022-04-29T00:00:00.000Z,91.1,66.7,74.3,74.3,68.7
ברזילי,91.1,2022-04-29T00:00:00.000Z,91.1,66.7,74.3,74.3,68.7
ברזילי,91.1,2022-04-29T00:00:00.000Z,91.1,66.7,74.3,74.3,68.7
ברזילי,91.1,2022-04-29T00:00:00.000Z,91.1,66.7,74.3,74.3,68.7
ברזילי,91.1,2022-04-29T00:00:00.000Z,91.1,66.7,74.3,74.3,68.7
ברזילי,91.1,2022-04-29T00:00:00.000Z,91.1,66.7,74.3,74.3,68.7
ברזילי,91.1,2022-04-29T00:00:00.000Z,91.1,66.7,74.3,74.3,68.7
ברזילי,91.1,2022-04-29T00:00:00.000Z,91.1,66.7,74.3,74.3,68.7
ברזילי,91.1,2022-04-29T00:00:00.000Z,91.1,66.7,74.3,74.3,68.7
ברזילי,91.1,2022-04-29T00:00:00.000Z,91.1,66.7,74.3,74.3,68.7
ברזילי,91.1,2022-04-29T00:00:00.000Z,91.1,66.7,74.3,74.3,68.7
ברזילי,91.1,2022-04-29T00:00:00.000Z,91.1,66.7,74.3,74.3,68.7
ברזילי,91.1,2022-04-29T00:00:00.000Z,91.1,66.7,74.3,74.3,68.7
ברזילי,91.1,2022-04-29T00:00:00.000Z,91.1,66.7,74.3,74.3,68.7
ברזילי,91.1,2022-04-29T00:00:00.000Z,91.1,66.7,74.3,74.3,68.7
ברזילי,91.1,2022-04-29T00:00:00.000Z,91.1,66.7,74.3,74.3,68.7
ברזילי,91.1,2022-04-29T00:00:00.000Z,91.1,66.7,74.3,74.3,68.7
ברזילי,91.1,2022-04-29T00:00:00.000Z,91.1,66.7,74.3,74.3,68.7
ברזילי,91.1,2022-04-29T00:00:00.000Z,91.1,66.7,74.3,74.3,68.7
ברזילי,91.1,2022-04-29T00:00:00.000Z,91.1,66.7,74.3,74.3,68.7
ברזילי,91.1,2022-04-29T00:00:00.000Z,91.1,66.7,74.3,74.3,68.7
ברזילי,91.1,2022-04-29T00:00:00.000Z,91.1,66.7,74.3,74.3,68.7
ברזילי,91.1,2022-04-29T00:00:00.000Z,91.1,66.7,74.3,74.3,68.7
ברזילי,91.1,2022-04-29T00:00:00.000Z,91.1,66.7,74.3,74.3,68.7
ברזילי,91.1,2022-04-29T00:00:00.000Z,91.1,66.7,74.3,74.3,68.7
ברזילי,91.1,2022-04-29T00:00:00.000Z,91.1,66.7,74.3,74.3,68.7
ברזילי,91.1,2022-04-29T00:00:00.000Z,91.1,66.7,74.3,74.3,68.7
ברזילי,91.1,2022-04-29T00:00:00.000Z,91.1,66.7,74.3,74.3,68.7
ברזילי,91.1,2022-04-29T00:00:00.000Z,91.1,66.7,74.3,74.3,68.7
שיבא,99.6,2022-04-29T00:00:00.000Z,99.6,82,99.5,99.5,100.4
שיבא,99.6,2022-04-29T00:00:00.000Z,99.6,82,99.5,99.5,100.4
שיבא,99.6,2022-04-29T00:00:00.000Z,99.6,82,99.5,99.5,100.4
שיבא,99.6,2022-04-29T00:00:00.000Z,99.6,82,99.5,99.5,100.4
שיבא,99.6,2022-04-29T00:00:00.000Z,99.6,82,99.5,99.5,100.4
שיבא,99.6,2022-04-29T00:00:00.000Z,99.6,82,99.5,99.5,100.4
שיבא,99.6,2022-04-29T00:00:00.000Z,99.6,82,99.5,99.5,100.4
שיבא,99.6,2022-04-29T00:00:00.000Z,99.6,82,99.5,99.5,100.4
שיבא,99.6,2022-04-29T00:00:00.000Z,99.6,82,99.5,99.5,100.4
שיבא,99.6,2022-04-29T00:00:00.000Z,99.6,82,99.5,99.5,100.4
שיבא,99.6,2022-04-29T00:00:00.000Z,99.6,82,99.5,99.5,100.4
שיבא,99.6,2022-04-29T00:00:00.000Z,99.6,82,99.5,99.5,100.4
שיבא,99.6,2022-04-29T00:00:00.000Z,99.6,82,99.5,99.5,100.4
שיבא,99.6,2022-04-29T00:00:00.000Z,99.6,82,99.5,99.5,100.4
שיבא,99.6,2022-04-29T00:00:00.000Z,99.6,82,99.5,99.5,100.4
שיבא,99.6,2022-04-29T00:00:00.000Z,99.6,82,99.5,99.5,100.4
שיבא,99.6,2022-04-29T00:00:00.000Z,99.6,82,99.5,99.5,100.4
שיבא,99.6,2022-04-29T00:00:00.000Z,99.6,82,99.5,99.5,100.4
שיבא,99.6,2022-04-29T00:00:00.000Z,99.6,82,99.5,99.5,100.4
שיבא,99.6,2022-04-29T00:00:00.000Z,99.6,82,99.5,99.5,100.4
שיבא,99.6,2022-04-29T00:00:00.000Z,99.6,82,99.5,99.5,100.4
שיבא,99.6,2022-04-29T00:00:00.000Z,99.6,82,99.5,99.5,100.4
שיבא,99.6,2022-04-29T00:00:00.000Z,99.6,82,99.5,99.5,100.4
שיבא,99.6,2022-04-29T00:00:00.000Z,99.6,82,99.5,99.5,100.4
שיבא,99.6,2022-04-29T00:00:00.000Z,99.6,82,99.5,99.5,100.4
שיבא,99.6,2022-04-29T00:00:00.000Z,99.6,82,99.5,99.5,100.4
שיבא,99.6,2022-04-29T00:00:00.000Z,99.6,82,99.5,99.5,100.4
שיבא,99.6,2022-04-29T00:00:00.000Z,99.6,82,99.5,99.5,100.4
שיבא,99.6,2022-04-29T00:00:00.000Z,99.6,82,99.5,99.5,100.4
שיבא,99.6,2022-04-29T00:00:00.000Z,99.6,82,99.5,99.5,100.4
שיבא,99.6,2022-04-29T00:00:00.000Z,99.6,82,99.5,99.5,100.4
שיבא,99.6,2022-04-29T00:00:00.000Z,99.6,82,99.5,99.5,100.4
שיבא,99.6,2022-04-29T00:00:00.000Z,99.6,82,99.5,99.5,100.4
שיבא,99.6,2022-04-29T00:00:00.000Z,99.6,82,99.5,99.5,100.4
ברזילי,91.1,2022-04-29T00:00:00.000Z,91.1,66.7,74.3,74.3,68.7
ברזילי,91.1,2022-04-29T00:00:00.000Z,91.1,66.7,74.3,74.3,68.7
ברזילי,91.1,2022-04-29T00:00:00.000Z,91.1,66.7,74.3,74.3,68.7
ברזילי,91.1,2022-04-29T00:00:00.000Z,91.1,66.7,74.3,74.3,68.7
ברזילי,91.1,2022-04-29T00:00:00.000Z,91.1,66.7,74.3,74.3,68.7
ברזילי,91.1,2022-04-29T00:00:00.000Z,91.1,66.7,74.3,74.3,68.7
ברזילי,91.1,2022-04-29T00:00:00.000Z,91.1,66.7,74.3,74.3,68.7
ברזילי,91.1,2022-04-29T00:00:00.000Z,91.1,66.7,74.3,74.3,68.7
ברזילי,91.1,2022-04-29T00:00:00.000Z,91.1,66.7,74.3,74.3,68.7
ברזילי,91.1,2022-04-29T00:00:00.000Z,91.1,66.7,74.3,74.3,68.7
ברזילי,91.1,2022-04-29T00:00:00.000Z,91.1,66.7,74.3,74.3,68.7
ברזילי,91.1,2022-04-29T00:00:00.000Z,91.1,66.7,74.3,74.3,68.7
ברזילי,91.1,2022-04-29T00:00:00.000Z,91.1,66.7,74.3,74.3,68.7
ברזילי,91.1,2022-04-29T00:00:00.000Z,91.1,66.7,74.3,74.3,68.7
ברזילי,91.1,2022-04-29T00:00:00.000Z,91.1,66.7,74.3,74.3,68.7
ברזילי,91.1,2022-04-29T00:00:00.000Z,91.1,66.7,74.3,74.3,68.7
ברזילי,91.1,2022-04-29T00:00:00.000Z,91.1,66.7,74.3,74.3,68.7
ברזילי,91.1,2022-04-29T00:00:00.000Z,91.1,66.7,74.3,74.3,68.7
ברזילי,91.1,2022-04-29T00:00:00.000Z,91.1,66.7,74.3,74.3,68.7
ברזילי,91.1,2022-04-29T00:00:00.000Z,91.1,66.7,74.3,74.3,68.7
ברזילי,91.1,2022-04-29T00:00:00.000Z,91.1,66.7,74.3,74.3,68.7
ברזילי,91.1,2022-04-29T00:00:00.000Z,91.1,66.7,74.3,74.3,68.7
ברזילי,91.1,2022-04-29T00:00:00.000Z,91.1,66.7,74.3,74.3,68.7
ברזילי,91.1,2022-04-29T00:00:00.000Z,91.1,66.7,74.3,74.3,68.7
ברזילי,91.1,2022-04-29T00:00:00.000Z,91.1,66.7,74.3,74.3,68.7
ברזילי,91.1,2022-04-29T00:00:00.000Z,91.1,66.7,74.3,74.3,68.7
ברזילי,91.1,2022-04-29T00:00:00.000Z,91.1,66.7,74.3,74.3,68.7
ברזילי,91.1,2022-04-29T00:00:00.000Z,91.1,66.7,74.3,74.3,68.7
ברזילי,91.1,2022-04-29T00:00:00.000Z,91.1,66.7,74.3,74.3,68.7
ברזילי,91.1,2022-04-29T00:00:00.000Z,91.1,66.7,74.3,74.3,68.7
ברזילי,91.1,2022-04-29T00:00:00.000Z,91.1,66.7,74.3,74.3,68.7
ברזילי,91.1,2022-04-29T00:00:00.000Z,91.1,66.7,74.3,74.3,68.7
ברזילי,91.1,2022-04-29T00:00:00.000Z,91.1,66.7,74.3,74.3,68.7
ברזילי,91.1,2022-04-29T00:00:00.000Z,91.1,66.7,74.3,74.3,68.7
ברזילי,91.1,2022-04-29T00:00:00.000Z,91.1,66.7,74.3,74.3,68.7
ברזילי,91.1,2022-04-29T00:00:00.000Z,91.1,66.7,74.3,74.3,68.7
ברזילי,91.1,2022-04-29T00:00:00.000Z,91.1,66.7,74.3,74.3,68.7
ברזילי,91.1,2022-04-29T00:00:00.000Z,91.1,66.7,74.3,74.3,68.7
ברזילי,91.1,2022-04-29T00:00:00.000Z,91.1,66.7,74.3,74.3,68.7
ברזילי,91.1,2022-04-29T00:00:00.000Z,91.1,66.7,74.3,74.3,68.7
ברזילי,91.1,2022-04-29T00:00:00.000Z,91.1,66.7,74.3,74.3,68.7
ברזילי,91.1,2022-04-29T00:00:00.000Z,91.1,66.7,74.3,74.3,68.7
ברזילי,91.1,2022-04-29T00:00:00.000Z,91.1,66.7,74.3,74.3,68.7
ברזילי,91.1,2022-04-29T00:00:00.000Z,91.1,66.7,74.3,74.3,68.7
ברזילי,91.1,2022-04-29T00:00:00.000Z,91.1,66.7,74.3,74.3,68.7
ברזילי,91.1,2022-04-29T00:00:00.000Z,91.1,66.7,74.3,74.3,68.7
ברזילי,91.1,2022-04-29T00:00:00.000Z,91.1,66.7,74.3,74.3,68.7
ברזילי,91.1,2022-04-29T00:00:00.000Z,91.1,66.7,74.3,74.3,68.7
ברזילי,91.1,2022-04-29T00:00:00.000Z,91.1,66.7,74.3,74.3,68.7
ברזילי,91.1,2022-04-29T00:00:00.000Z,91.1,66.7,74.3,74.3,68.7
ברזילי,91.1,2022-04-29T00:00:00.000Z,91.1,66.7,74.3,74.3,68.7
ברזילי,91.1,2022-04-29T00:00:00.000Z,91.1,66.7,74.3,74.3,68.7
ברזילי,91.1,2022-04-29T00:00:00.000Z,91.1,66.7,74.3,74.3,68.7
ברזילי,91.1,2022-04-29T00:00:00.000Z,91.1,66.7,74.3,74.3,68.7
ברזילי,91.1,2022-04-29T00:00:00.000Z,91.1,66.7,74.3,74.3,68.7
ברזילי,91.1,2022-04-29T00:00:00.000Z,91.1,66.7,74.3,74.3,68.7
ברזילי,91.1,2022-04-29T00:00:00.000Z,91.1,66.7,74.3,74.3,68.7
ברזילי,91.1,2022-04-29T00:00:00.000Z,91.1,66.7,74.3,74.3,68.7
ברזילי,91.1,2022-04-29T00:00:00.000Z,91.1,66.7,74.3,74.3,68.7
ברזילי,91.1,2022-04-29T00:00:00.000Z,91.1,66.7,74.3,74.3,68.7
ברזילי,91.1,2022-04-29T00:00:00.000Z,91.1,66.7,74.3,74.3,68.7
ברזילי,91.1,2022-04-29T00:00:00.000Z,91.1,66.7,74.3,74.3,68.7
ברזילי,91.1,2022-04-29T00:00:00.000Z,91.1,66.7,74.3,74.3,68.7
ברזילי,91.1,2022-04-29T00:00:00.000Z,91.1,66.7,74.3,74.3,68.7
ברזילי,91.1,2022-04-29T00:00:00.000Z,91.1,66.7,74.3,74.3,68.7
ברזילי,91.1,2022-04-29T00:00:00.000Z,91.1,66.7,74.3,74.3,68.7
ברזילי,91.1,2022-04-29T00:00:00.000Z,91.1,66.7,74.3,74.3,68.7
ברזילי,91.1,2022-04-29T00:00:00.000Z,91.1,66.7,74.3,74.3,68.7
"רמב""ם",93.9,2022-04-29T00:00:00.000Z,93.9,96,77.1,77.1,88.4
"רמב""ם",93.9,2022-04-29T00:00:00.000Z,93.9,96,77.1,77.1,88.4
"רמב""ם",93.9,2022-04-29T00:00:00.000Z,93.9,96,77.1,77.1,88.4
"רמב""ם",93.9,2022-04-29T00:00:00.000Z,93.9,96,77.1,77.1,88.4
"רמב""ם",93.9,2022-04-29T00:00:00.000Z,93.9,96,77.1,77.1,88.4
"רמב""ם",93.9,2022-04-29T00:00:00.000Z,93.9,96,77.1,77.1,88.4
"רמב""ם",93.9,2022-04-29T00:00:00.000Z,93.9,96,77.1,77.1,88.4
"רמב""ם",93.9,2022-04-29T00:00:00.000Z,93.9,96,77.1,77.1,88.4
"רמב""ם",93.9,2022-04-29T00:00:00.000Z,93.9,96,77.1,77.1,88.4
"רמב""ם",93.9,2022-04-29T00:00:00.000Z,93.9,96,77.1,77.1,88.4
"רמב""ם",93.9,2022-04-29T00:00:00.000Z,93.9,96,77.1,77.1,88.4
"רמב""ם",93.9,2022-04-29T00:00:00.000Z,93.9,96,77.1,77.1,88.4
"רמב""ם",93.9,2022-04-29T00:00:00.000Z,93.9,96,77.1,77.1,88.4
"רמב""ם",93.9,2022-04-29T00:00:00.000Z,93.9,96,77.1,77.1,88.4
"רמב""ם",93.9,2022-04-29T00:00:00.000Z,93.9,96,77.1,77.1,88.4
"רמב""ם",93.9,2022-04-29T00:00:00.000Z,93.9,96,77.1,77.1,88.4
"רמב""ם",93.9,2022-04-29T00:00:00.000Z,93.9,96,77.1,77.1,88.4
"רמב""ם",93.9,2022-04-29T00:00:00.000Z,93.9,96,77.1,77.1,88.4
"רמב""ם",93.9,2022-04-29T00:00:00.000Z,93.9,96,77.1,77.1,88.4
"רמב""ם",93.9,2022-04-29T00:00:00.000Z,93.9,96,77.1,77.1,88.4
"רמב""ם",93.9,2022-04-29T00:00:00.000Z,93.9,96,77.1,77.1,88.4
"רמב""ם",93.9,2022-04-29T00:00:00.000Z,93.9,96,77.1,77.1,88.4
"רמב""ם",93.9,2022-04-29T00:00:00.000Z,93.9,96,77.1,77.1,88.4
"רמב""ם",93.9,2022-04-29T00:00:00.000Z,93.9,96,77.1,77.1,88.4
"רמב""ם",93.9,2022-04-29T00:00:00.000Z,93.9,96,77.1,77.1,88.4
"רמב""ם",93.9,2022-04-29T00:00:00.000Z,93.9,96,77.1,77.1,88.4
"רמב""ם",93.9,2022-04-29T00:00:00.000Z,93.9,96,77.1,77.1,88.4
"רמב""ם",93.9,2022-04-29T00:00:00.000Z,93.9,96,77.1,77.1,88.4
"רמב""ם",93.9,2022-04-29T00:00:00.000Z,93.9,96,77.1,77.1,88.4
"רמב""ם",93.9,2022-04-29T00:00:00.000Z,93.9,96,77.1,77.1,88.4
"רמב""ם",93.9,2022-04-29T00:00:00.000Z,93.9,96,77.1,77.1,88.4
"רמב""ם",93.9,2022-04-29T00:00:00.000Z,93.9,96,77.1,77.1,88.4
"רמב""ם",93.9,2022-04-29T00:00:00.000Z,93.9,96,77.1,77.1,88.4
"רמב""ם",93.9,2022-04-29T00:00:00.000Z,93.9,96,77.1,77.1,88.4
"רמב""ם",93.9,2022-04-29T00:00:00.000Z,93.9,96,77.1,77.1,88.4
"רמב""ם",93.9,2022-04-29T00:00:00.000Z,93.9,96,77.1,77.1,88.4
"רמב""ם",93.9,2022-04-29T00:00:00.000Z,93.9,96,77.1,77.1,88.4
"רמב""ם",93.9,2022-04-29T00:00:00.000Z,93.9,96,77.1,77.1,88.4
"רמב""ם",93.9,2022-04-29T00:00:00.000Z,93.9,96,77.1,77.1,88.4
"רמב""ם",93.9,2022-04-29T00:00:00.000Z,93.9,96,77.1,77.1,88.4
"רמב""ם",93.9,2022-04-29T00:00:00.000Z,93.9,96,77.1,77.1,88.4
"רמב""ם",93.9,2022-04-29T00:00:00.000Z,93.9,96,77.1,77.1,88.4
"רמב""ם",93.9,2022-04-29T00:00:00.000Z,93.9,96,77.1,77.1,88.4
"רמב""ם",93.9,2022-04-29T00:00:00.000Z,93.9,96,77.1,77.1,88.4
"רמב""ם",93.9,2022-04-29T00:00:00.000Z,93.9,96,77.1,77.1,88.4
"רמב""ם",93.9,2022-04-29T00:00:00.000Z,93.9,96,77.1,77.1,88.4
"רמב""ם",93.9,2022-04-29T00:00:00.000Z,93.9,96,77.1,77.1,88.4
"רמב""ם",93.9,2022-04-29T00:00:00.000Z,93.9,96,77.1,77.1,88.4
"רמב""ם",93.9,2022-04-29T00:00:00.000Z,93.9,96,77.1,77.1,88.4
"רמב""ם",93.9,2022-04-29T00:00:00.000Z,93.9,96,77.1,77.1,88.4
"רמב""ם",93.9,2022-04-29T00:00:00.000Z,93.9,96,77.1,77.1,88.4
"רמב""ם",93.9,2022-04-29T00:00:00.000Z,93.9,96,77.1,77.1,88.4
"רמב""ם",93.9,2022-04-29T00:00:00.000Z,93.9,96,77.1,77.1,88.4
"רמב""ם",93.9,2022-04-29T00:00:00.000Z,93.9,96,77.1,77.1,88.4
"רמב""ם",93.9,2022-04-29T00:00:00.000Z,93.9,96,77.1,77.1,88.4
"רמב""ם",93.9,2022-04-29T00:00:00.000Z,93.9,96,77.1,77.1,88.4
"רמב""ם",93.9,2022-04-29T00:00:00.000Z,93.9,96,77.1,77.1,88.4
"רמב""ם",93.9,2022-04-29T00:00:00.000Z,93.9,96,77.1,77.1,88.4
"רמב""ם",93.9,2022-04-29T00:00:00.000Z,93.9,96,77.1,77.1,88.4
"רמב""ם",93.9,2022-04-29T00:00:00.000Z,93.9,96,77.1,77.1,88.4
"רמב""ם",93.9,2022-04-29T00:00:00.000Z,93.9,96,77.1,77.1,88.4
"רמב""ם",93.9,2022-04-29T00:00:00.000Z,93.9,96,77.1,77.1,88.4
"רמב""ם",93.9,2022-04-29T00:00:00.000Z,93.9,96,77.1,77.1,88.4
"רמב""ם",93.9,2022-04-29T00:00:00.000Z,93.9,96,77.1,77.1,88.4
"רמב""ם",93.9,2022-04-29T00:00:00.000Z,93.9,96,77.1,77.1,88.4
"רמב""ם",93.9,2022-04-29T00:00:00.000Z,93.9,96,77.1,77.1,88.4
"רמב""ם",93.9,2022-04-29T00:00:00.000Z,93.9,96,77.1,77.1,88.4
"רמב""ם",93.9,2022-04-29T00:00:00.000Z,93.9,96,77.1,77.1,88.4
שמואל הרופא,77.8,2022-04-29T00:00:00.000Z,77.8,80.6,74.5,74.5,82.7
שמואל הרופא,77.8,2022-04-29T00:00:00.000Z,77.8,80.6,74.5,74.5,82.7
שמואל הרופא,77.8,2022-04-29T00:00:00.000Z,77.8,80.6,74.5,74.5,82.7
שמואל הרופא,77.8,2022-04-29T00:00:00.000Z,77.8,80.6,74.5,74.5,82.7
שמואל הרופא,77.8,2022-04-29T00:00:00.000Z,77.8,80.6,74.5,74.5,82.7
שמואל הרופא,77.8,2022-04-29T00:00:00.000Z,77.8,80.6,74.5,74.5,82.7
שמואל הרופא,77.8,2022-04-29T00:00:00.000Z,77.8,80.6,74.5,74.5,82.7
שמואל הרופא,77.8,2022-04-29T00:00:00.000Z,77.8,80.6,74.5,74.5,82.7
שמואל הרופא,77.8,2022-04-29T00:00:00.000Z,77.8,80.6,74.5,74.5,82.7
שמואל הרופא,77.8,2022-04-29T00:00:00.000Z,77.8,80.6,74.5,74.5,82.7
שמואל הרופא,77.8,2022-04-29T00:00:00.000Z,77.8,80.6,74.5,74.5,82.7
שמואל הרופא,77.8,2022-04-29T00:00:00.000Z,77.8,80.6,74.5,74.5,82.7
שמואל הרופא,77.8,2022-04-29T00:00:00.000Z,77.8,80.6,74.5,74.5,82.7
שמואל הרופא,77.8,2022-04-29T00:00:00.000Z,77.8,80.6,74.5,74.5,82.7
שמואל הרופא,77.8,2022-04-29T00:00:00.000Z,77.8,80.6,74.5,74.5,82.7
שמואל הרופא,77.8,2022-04-29T00:00:00.000Z,77.8,80.6,74.5,74.5,82.7
שמואל הרופא,77.8,2022-04-29T00:00:00.000Z,77.8,80.6,74.5,74.5,82.7
שמואל הרופא,77.8,2022-04-29T00:00:00.000Z,77.8,80.6,74.5,74.5,82.7
שמואל הרופא,77.8,2022-04-29T00:00:00.000Z,77.8,80.6,74.5,74.5,82.7
שמואל הרופא,77.8,2022-04-29T00:00:00.000Z,77.8,80.6,74.5,74.5,82.7
שמואל הרופא,77.8,2022-04-29T00:00:00.000Z,77.8,80.6,74.5,74.5,82.7
שמואל הרופא,77.8,2022-04-29T00:00:00.000Z,77.8,80.6,74.5,74.5,82.7
שמואל הרופא,77.8,2022-04-29T00:00:00.000Z,77.8,80.6,74.5,74.5,82.7
שמואל הרופא,77.8,2022-04-29T00:00:00.000Z,77.8,80.6,74.5,74.5,82.7
שמואל הרופא,77.8,2022-04-29T00:00:00.000Z,77.8,80.6,74.5,74.5,82.7
שמואל הרופא,77.8,2022-04-29T00:00:00.000Z,77.8,80.6,74.5,74.5,82.7
שמואל הרופא,77.8,2022-04-29T00:00:00.000Z,77.8,80.6,74.5,74.5,82.7
שמואל הרופא,77.8,2022-04-29T00:00:00.000Z,77.8,80.6,74.5,74.5,82.7
שמואל הרופא,77.8,2022-04-29T00:00:00.000Z,77.8,80.6,74.5,74.5,82.7
שמואל הרופא,77.8,2022-04-29T00:00:00.000Z,77.8,80.6,74.5,74.5,82.7
שמואל הרופא,77.8,2022-04-29T00:00:00.000Z,77.8,80.6,74.5,74.5,82.7
שמואל הרופא,77.8,2022-04-29T00:00:00.000Z,77.8,80.6,74.5,74.5,82.7
שמואל הרופא,77.8,2022-04-29T00:00:00.000Z,77.8,80.6,74.5,74.5,82.7
שמואל הרופא,77.8,2022-04-29T00:00:00.000Z,77.8,80.6,74.5,74.5,82.7
הדסה הר הצופים,69.4,2022-04-29T00:00:00.000Z,66.7,75,75.7,81.3,78.8
הדסה הר הצופים,69.4,2022-04-29T00:00:00.000Z,67.1,73.8,75.7,80.5,77.9
הדסה הר הצופים,69.4,2022-04-29T00:00:00.000Z,67.5,72.6,75.7,79.7,77
הדסה הר הצופים,69.4,2022-04-29T00:00:00.000Z,67.9,71.4,75.7,78.9,76.1
הדסה הר הצופים,69.4,2022-04-29T00:00:00.000Z,68.3,70.2,75.7,78.1,75.2
הדסה הר הצופים,69.4,2022-04-29T00:00:00.000Z,68.7,69,75.7,77.3,74.4
הדסה הר הצופים,69.4,2022-04-29T00:00:00.000Z,69,67.9,75.7,76.5,73.5
הדסה הר הצופים,69.4,2022-04-29T00:00:00.000Z,69.4,66.7,75.7,75.7,72.6
הדסה הר הצופים,69.4,2022-04-29T00:00:00.000Z,69.4,66.7,75.7,75.7,72.6
הדסה הר הצופים,69.4,2022-04-29T00:00:00.000Z,69.4,66.7,75.7,75.7,72.6
הדסה הר הצופים,69.4,2022-04-29T00:00:00.000Z,69.4,66.7,75.7,75.7,72.6
הדסה הר הצופים,69.4,2022-04-29T00:00:00.000Z,69.4,66.7,75.7,75.7,72.6
הדסה הר הצופים,69.4,2022-04-29T00:00:00.000Z,69.4,66.7,75.7,75.7,72.6
הדסה הר הצופים,69.4,2022-04-29T00:00:00.000Z,69.4,66.7,75.7,75.7,72.6
הדסה הר הצופים,69.4,2022-04-29T00:00:00.000Z,69.4,66.7,75.7,75.7,72.6
הדסה הר הצופים,69.4,2022-04-29T00:00:00.000Z,69.4,66.7,75.7,75.7,72.6
הדסה הר הצופים,69.4,2022-04-29T00:00:00.000Z,69.4,66.7,75.7,75.7,72.6
הדסה הר הצופים,69.4,2022-04-29T00:00:00.000Z,69.4,66.7,75.7,75.7,72.6
הדסה הר הצופים,69.4,2022-04-29T00:00:00.000Z,69.4,66.7,75.7,75.7,72.6
הדסה הר הצופים,69.4,2022-04-29T00:00:00.000Z,69.4,66.7,75.7,75.7,72.6
הדסה הר הצופים,69.4,2022-04-29T00:00:00.000Z,69.4,66.7,75.7,75.7,72.6
הדסה הר הצופים,69.4,2022-04-29T00:00:00.000Z,69.4,66.7,75.7,75.7,72.6
הדסה הר הצופים,69.4,2022-04-29T00:00:00.000Z,69.4,66.7,75.7,75.7,72.6
הדסה הר הצופים,69.4,2022-04-29T00:00:00.000Z,69.4,66.7,75.7,75.7,72.6
הדסה הר הצופים,69.4,2022-04-29T00:00:00.000Z,69.4,66.7,75.7,75.7,72.6
הדסה הר הצופים,69.4,2022-04-29T00:00:00.000Z,69.4,66.7,75.7,75.7,72.6
הדסה הר הצופים,69.4,2022-04-29T00:00:00.000Z,69.4,66.7,75.7,75.7,72.6
הדסה הר הצופים,69.4,2022-04-29T00:00:00.000Z,69.4,66.7,75.7,75.7,72.6
הדסה הר הצופים,69.4,2022-04-29T00:00:00.000Z,69.4,66.7,75.7,75.7,72.6
הדסה הר הצופים,69.4,2022-04-29T00:00:00.000Z,69.4,66.7,75.7,75.7,72.6
הדסה הר הצופים,69.4,2022-04-29T00:00:00.000Z,69.4,66.7,75.7,75.7,72.6
הדסה הר הצופים,69.4,2022-04-29T00:00:00.000Z,69.4,66.7,75.7,75.7,72.6
הדסה הר הצופים,69.4,2022-04-29T00:00:00.000Z,69.4,66.7,75.7,75.7,72.6
הדסה הר הצופים,69.4,2022-04-29T00:00:00.000Z,69.4,66.7,75.7,75.7,72.6
הדסה הר הצופים,69.4,2022-04-29T00:00:00.000Z,69.4,66.7,75.7,75.7,72.6
הדסה הר הצופים,69.4,2022-04-29T00:00:00.000Z,69.4,66.7,75.7,75.7,72.6
הדסה הר הצופים,69.4,2022-04-29T00:00:00.000Z,69.4,66.7,75.7,75.7,72.6
הדסה הר הצופים,69.4,2022-04-29T00:00:00.000Z,69.4,66.7,75.7,75.7,72.6
הדסה הר הצופים,69.4,2022-04-29T00:00:00.000Z,69.4,66.7,75.7,75.7,72.6
הדסה הר הצופים,69.4,2022-04-29T00:00:00.000Z,69.4,66.7,75.7,75.7,72.6
הדסה הר הצופים,69.4,2022-04-29T00:00:00.000Z,69.4,66.7,75.7,75.7,72.6
הדסה הר הצופים,69.4,2022-04-29T00:00:00.000Z,69.4,66.7,75.7,75.7,72.6
הדסה הר הצופים,69.4,2022-04-29T00:00:00.000Z,69.4,66.7,75.7,75.7,72.6
הדסה הר הצופים,69.4,2022-04-29T00:00:00.000Z,69.4,66.7,75.7,75.7,72.6
הדסה הר הצופים,69.4,2022-04-29T00:00:00.000Z,69.4,66.7,75.7,75.7,72.6
הדסה הר הצופים,69.4,2022-04-29T00:00:00.000Z,69.4,66.7,75.7,75.7,72.6
הדסה הר הצופים,69.4,2022-04-29T00:00:00.000Z,69.4,66.7,75.7,75.7,72.6
הדסה הר הצופים,69.4,2022-04-29T00:00:00.000Z,69.4,66.7,75.7,75.7,72.6
הדסה הר הצופים,69.4,2022-04-29T00:00:00.000Z,69.4,66.7,75.7,75.7,72.6
הדסה הר הצופים,69.4,2022-04-29T00:00:00.000Z,69.4,66.7,75.7,75.7,72.6
הדסה הר הצופים,69.4,2022-04-29T00:00:00.000Z,69.4,66.7,75.7,75.7,72.6
הדסה הר הצופים,69.4,2022-04-29T00:00:00.000Z,69.4,66.7,75.7,75.7,72.6
הדסה הר הצופים,69.4,2022-04-29T00:00:00.000Z,69.4,66.7,75.7,75.7,72.6
הדסה הר הצופים,69.4,2022-04-29T00:00:00.000Z,69.4,66.7,75.7,75.7,72.6
הדסה הר הצופים,69.4,2022-04-29T00:00:00.000Z,69.4,66.7,75.7,75.7,72.6
הדסה הר הצופים,69.4,2022-04-29T00:00:00.000Z,69.4,66.7,75.7,75.7,72.6
הדסה הר הצופים,69.4,2022-04-29T00:00:00.000Z,69.4,66.7,75.7,75.7,72.6
הדסה הר הצופים,69.4,2022-04-29T00:00:00.000Z,69.4,66.7,75.7,75.7,72.6
הדסה הר הצופים,69.4,2022-04-29T00:00:00.000Z,69.4,66.7,75.7,75.7,72.6
הדסה הר הצופים,69.4,2022-04-29T00:00:00.000Z,69.4,66.7,75.7,75.7,72.6
הדסה הר הצופים,69.4,2022-04-29T00:00:00.000Z,69.4,66.7,75.7,75.7,72.6
הדסה הר הצופים,69.4,2022-04-29T00:00:00.000Z,69.4,66.7,75.7,75.7,72.6
הדסה הר הצופים,69.4,2022-04-29T00:00:00.000Z,69.4,66.7,75.7,75.7,72.6
הדסה הר הצופים,69.4,2022-04-29T00:00:00.000Z,69.4,66.7,75.7,75.7,72.6
הדסה הר הצופים,69.4,2022-04-29T00:00:00.000Z,69.4,66.7,75.7,75.7,72.6
וולפסון,70.9,2022-04-29T00:00:00.000Z,70.9,88.5,62.1,62.1,73.6
וולפסון,70.9,2022-04-29T00:00:00.000Z,70.9,88.5,62.1,62.1,73.6
וולפסון,70.9,2022-04-29T00:00:00.000Z,70.9,88.5,62.1,62.1,73.6
וולפסון,70.9,2022-04-29T00:00:00.000Z,70.9,88.5,62.1,62.1,73.6
וולפסון,70.9,2022-04-29T00:00:00.000Z,70.9,88.5,62.1,62.1,73.6
וולפסון,70.9,2022-04-29T00:00:00.000Z,70.9,88.5,62.1,62.1,73.6
וולפסון,70.9,2022-04-29T00:00:00.000Z,70.9,88.5,62.1,62.1,73.6
לניאדו,78.2,2022-04-29T00:00:00.000Z,78.2,88.5,73,73,96.1
לניאדו,78.2,2022-04-29T00:00:00.000Z,78.2,88.5,73,73,96.1
לניאדו,78.2,2022-04-29T00:00:00.000Z,78.2,88.5,73,73,96.1
לניאדו,78.2,2022-04-29T00:00:00.000Z,78.2,88.5,73,73,96.1
לניאדו,78.2,2022-04-29T00:00:00.000Z,78.2,88.5,73,73,96.1
לניאדו,78.2,2022-04-29T00:00:00.000Z,78.2,88.5,73,73,96.1
לניאדו,78.2,2022-04-29T00:00:00.000Z,78.2,88.5,73,73,96.1
לניאדו,78.2,2022-04-29T00:00:00.000Z,78.2,88.5,73,73,96.1
לניאדו,78.2,2022-04-29T00:00:00.000Z,78.2,88.5,73,73,96.1
לניאדו,78.2,2022-04-29T00:00:00.000Z,78.2,88.5,73,73,96.1
לניאדו,78.2,2022-04-29T00:00:00.000Z,78.2,88.5,73,73,96.1
לניאדו,78.2,2022-04-29T00:00:00.000Z,78.2,88.5,73,73,96.1
לניאדו,78.2,2022-04-29T00:00:00.000Z,78.2,88.5,73,73,96.1
לניאדו,78.2,2022-04-29T00:00:00.000Z,78.2,88.5,73,73,96.1
לניאדו,78.2,2022-04-29T00:00:00.000Z,78.2,88.5,73,73,96.1
לניאדו,78.2,2022-04-29T00:00:00.000Z,78.2,88.5,73,73,96.1
לניאדו,78.2,2022-04-29T00:00:00.000Z,78.2,88.5,73,73,96.1
לניאדו,78.2,2022-04-29T00:00:00.000Z,78.2,88.5,73,73,96.1
לניאדו,78.2,2022-04-29T00:00:00.000Z,78.2,88.5,73,73,96.1
לניאדו,78.2,2022-04-29T00:00:00.000Z,78.2,88.5,73,73,96.1
לניאדו,78.2,2022-04-29T00:00:00.000Z,78.2,88.5,73,73,96.1
לניאדו,78.2,2022-04-29T00:00:00.000Z,78.2,88.5,73,73,96.1
לניאדו,78.2,2022-04-29T00:00:00.000Z,78.2,88.5,73,73,96.1
לניאדו,78.2,2022-04-29T00:00:00.000Z,78.2,88.5,73,73,96.1
לניאדו,78.2,2022-04-29T00:00:00.000Z,78.2,88.5,73,73,96.1
לניאדו,78.2,2022-04-29T00:00:00.000Z,78.2,88.5,73,73,96.1
לניאדו,78.2,2022-04-29T00:00:00.000Z,78.2,88.5,73,73,96.1
לניאדו,78.2,2022-04-29T00:00:00.000Z,78.2,88.5,73,73,96.1
לניאדו,78.2,2022-04-29T00:00:00.000Z,78.2,88.5,73,73,96.1
לניאדו,78.2,2022-04-29T00:00:00.000Z,78.2,88.5,73,73,96.1
לניאדו,78.2,2022-04-29T00:00:00.000Z,78.2,88.5,73,73,96.1
לניאדו,78.2,2022-04-29T00:00:00.000Z,78.2,88.5,73,73,96.1
לניאדו,78.2,2022-04-29T00:00:00.000Z,78.2,88.5,73,73,96.1
לניאדו,78.2,2022-04-29T00:00:00.000Z,78.2,88.5,73,73,96.1
לניאדו,78.2,2022-04-29T00:00:00.000Z,78.2,88.5,73,73,96.1
לניאדו,78.2,2022-04-29T00:00:00.000Z,78.2,88.5,73,73,96.1
לניאדו,78.2,2022-04-29T00:00:00.000Z,78.2,88.5,73,73,96.1
לניאדו,78.2,2022-04-29T00:00:00.000Z,78.2,88.5,73,73,96.1
לניאדו,78.2,2022-04-29T00:00:00.000Z,78.2,88.5,73,73,96.1
לניאדו,78.2,2022-04-29T00:00:00.000Z,78.2,88.5,73,73,96.1
לניאדו,78.2,2022-04-29T00:00:00.000Z,78.2,88.5,73,73,96.1
לניאדו,78.2,2022-04-29T00:00:00.000Z,78.2,88.5,73,73,96.1
לניאדו,78.2,2022-04-29T00:00:00.000Z,78.2,88.5,73,73,96.1
וולפסון,70.9,2022-04-29T00:00:00.000Z,70.9,88.5,62.1,62.1,73.6
וולפסון,70.9,2022-04-29T00:00:00.000Z,70.9,88.5,62.1,62.1,73.6
וולפסון,70.9,2022-04-29T00:00:00.000Z,70.9,88.5,62.1,62.1,73.6
וולפסון,70.9,2022-04-29T00:00:00.000Z,70.9,88.5,62.1,62.1,73.6
וולפסון,70.9,2022-04-29T00:00:00.000Z,70.9,88.5,62.1,62.1,73.6
וולפסון,70.9,2022-04-29T00:00:00.000Z,70.9,88.5,62.1,62.1,73.6
וולפסון,70.9,2022-04-29T00:00:00.000Z,70.9,88.5,62.1,62.1,73.6
וולפסון,70.9,2022-04-29T00:00:00.000Z,70.9,88.5,62.1,62.1,73.6
וולפסון,70.9,2022-04-29T00:00:00.000Z,70.9,88.5,62.1,62.1,73.6
וולפסון,70.9,2022-04-29T00:00:00.000Z,70.9,88.5,62.1,62.1,73.6
וולפסון,70.9,2022-04-29T00:00:00.000Z,70.9,88.5,62.1,62.1,73.6
וולפסון,70.9,2022-04-29T00:00:00.000Z,70.9,88.5,62.1,62.1,73.6
וולפסון,70.9,2022-04-29T00:00:00.000Z,70.9,88.5,62.1,62.1,73.6
וולפסון,70.9,2022-04-29T00:00:00.000Z,70.9,88.5,62.1,62.1,73.6
וולפסון,70.9,2022-04-29T00:00:00.000Z,70.9,88.5,62.1,62.1,73.6
וולפסון,70.9,2022-04-29T00:00:00.000Z,70.9,88.5,62.1,62.1,73.6
סורוקה,57,2022-04-29T00:00:00.000Z,59.7,68.6,62.5,68.4,75.8
סורוקה,57,2022-04-29T00:00:00.000Z,59.3,67.3,62.5,67.5,75
סורוקה,57,2022-04-29T00:00:00.000Z,58.9,65.9,62.5,66.7,74.2
סורוקה,57,2022-04-29T00:00:00.000Z,58.5,64.6,62.5,65.9,73.4
סורוקה,57,2022-04-29T00:00:00.000Z,58.1,63.3,62.5,65,72.6
סורוקה,57,2022-04-29T00:00:00.000Z,57.8,62,62.5,64.2,71.8
סורוקה,57,2022-04-29T00:00:00.000Z,57.4,60.6,62.5,63.3,70.9
סורוקה,57,2022-04-29T00:00:00.000Z,57,59.3,62.5,62.5,70.1
סורוקה,57,2022-04-29T00:00:00.000Z,57,59.3,62.5,62.5,70.1
סורוקה,57,2022-04-29T00:00:00.000Z,57,59.3,62.5,62.5,70.1
סורוקה,57,2022-04-29T00:00:00.000Z,57,59.3,62.5,62.5,70.1
סורוקה,57,2022-04-29T00:00:00.000Z,57,59.3,62.5,62.5,70.1
סורוקה,57,2022-04-29T00:00:00.000Z,57,59.3,62.5,62.5,70.1
סורוקה,57,2022-04-29T00:00:00.000Z,57,59.3,62.5,62.5,70.1
סורוקה,57,2022-04-29T00:00:00.000Z,57,59.3,62.5,62.5,70.1
סורוקה,57,2022-04-29T00:00:00.000Z,57,59.3,62.5,62.5,70.1
סורוקה,57,2022-04-29T00:00:00.000Z,57,59.3,62.5,62.5,70.1
סורוקה,57,2022-04-29T00:00:00.000Z,57,59.3,62.5,62.5,70.1
סורוקה,57,2022-04-29T00:00:00.000Z,57,59.3,62.5,62.5,70.1
סורוקה,57,2022-04-29T00:00:00.000Z,57,59.3,62.5,62.5,70.1
סורוקה,57,2022-04-29T00:00:00.000Z,57,59.3,62.5,62.5,70.1
סורוקה,57,2022-04-29T00:00:00.000Z,57,59.3,62.5,62.5,70.1
סורוקה,57,2022-04-29T00:00:00.000Z,57,59.3,62.5,62.5,70.1
סורוקה,57,2022-04-29T00:00:00.000Z,57,59.3,62.5,62.5,70.1
סורוקה,57,2022-04-29T00:00:00.000Z,57,59.3,62.5,62.5,70.1
סורוקה,57,2022-04-29T00:00:00.000Z,57,59.3,62.5,62.5,70.1
סורוקה,57,2022-04-29T00:00:00.000Z,57,59.3,62.5,62.5,70.1
סורוקה,57,2022-04-29T00:00:00.000Z,57,59.3,62.5,62.5,70.1
סורוקה,57,2022-04-29T00:00:00.000Z,57,59.3,62.5,62.5,70.1
סורוקה,57,2022-04-29T00:00:00.000Z,57,59.3,62.5,62.5,70.1
סורוקה,57,2022-04-29T00:00:00.000Z,57,59.3,62.5,62.5,70.1
סורוקה,57,2022-04-29T00:00:00.000Z,57,59.3,62.5,62.5,70.1
סורוקה,57,2022-04-29T00:00:00.000Z,57,59.3,62.5,62.5,70.1
סורוקה,57,2022-04-29T00:00:00.000Z,57,59.3,62.5,62.5,70.1
סורוקה,57,2022-04-29T00:00:00.000Z,57,59.3,62.5,62.5,70.1
סורוקה,57,2022-04-29T00:00:00.000Z,57,59.3,62.5,62.5,70.1
סורוקה,57,2022-04-29T00:00:00.000Z,57,59.3,62.5,62.5,70.1
סורוקה,57,2022-04-29T00:00:00.000Z,57,59.3,62.5,62.5,70.1
סורוקה,57,2022-04-29T00:00:00.000Z,57,59.3,62.5,62.5,70.1
סורוקה,57,2022-04-29T00:00:00.000Z,57,59.3,62.5,62.5,70.1
סורוקה,57,2022-04-29T00:00:00.000Z,57,59.3,62.5,62.5,70.1
סורוקה,57,2022-04-29T00:00:00.000Z,57,59.3,62.5,62.5,70.1
סורוקה,57,2022-04-29T00:00:00.000Z,57,59.3,62.5,62.5,70.1
סורוקה,57,2022-04-29T00:00:00.000Z,57,59.3,62.5,62.5,70.1
סורוקה,57,2022-04-29T00:00:00.000Z,57,59.3,62.5,62.5,70.1
סורוקה,57,2022-04-29T00:00:00.000Z,57,59.3,62.5,62.5,70.1
סורוקה,57,2022-04-29T00:00:00.000Z,57,59.3,62.5,62.5,70.1
סורוקה,57,2022-04-29T00:00:00.000Z,57,59.3,62.5,62.5,70.1
סורוקה,57,2022-04-29T00:00:00.000Z,57,59.3,62.5,62.5,70.1
סורוקה,57,2022-04-29T00:00:00.000Z,57,59.3,62.5,62.5,70.1
סורוקה,57,2022-04-29T00:00:00.000Z,57,59.3,62.5,62.5,70.1
סורוקה,57,2022-04-29T00:00:00.000Z,57,59.3,62.5,62.5,70.1
סורוקה,57,2022-04-29T00:00:00.000Z,57,59.3,62.5,62.5,70.1
סורוקה,57,2022-04-29T00:00:00.000Z,57,59.3,62.5,62.5,70.1
סורוקה,57,2022-04-29T00:00:00.000Z,57,59.3,62.5,62.5,70.1
מאיר,76.5,2022-04-29T00:00:00.000Z,67.5,70.5,83.9,76.1,82.4
מאיר,76.5,2022-04-29T00:00:00.000Z,68.8,70,83.9,77.2,81.6
מאיר,76.5,2022-04-29T00:00:00.000Z,70.1,69.5,83.9,78.3,80.8
מאיר,76.5,2022-04-29T00:00:00.000Z,71.4,69,83.9,79.5,80.1
מאיר,76.5,2022-04-29T00:00:00.000Z,72.6,68.5,83.9,80.6,79.3
מאיר,76.5,2022-04-29T00:00:00.000Z,73.9,68,83.9,81.7,78.5
מאיר,76.5,2022-04-29T00:00:00.000Z,75.2,67.5,83.9,82.8,77.8
סורוקה,57,2022-04-29T00:00:00.000Z,57,59.3,62.5,62.5,70.1
סורוקה,57,2022-04-29T00:00:00.000Z,57,59.3,62.5,62.5,70.1
סורוקה,57,2022-04-29T00:00:00.000Z,57,59.3,62.5,62.5,70.1
סורוקה,57,2022-04-29T00:00:00.000Z,57,59.3,62.5,62.5,70.1
סורוקה,57,2022-04-29T00:00:00.000Z,57,59.3,62.5,62.5,70.1
סורוקה,57,2022-04-29T00:00:00.000Z,57,59.3,62.5,62.5,70.1
סורוקה,57,2022-04-29T00:00:00.000Z,57,59.3,62.5,62.5,70.1
סורוקה,57,2022-04-29T00:00:00.000Z,57,59.3,62.5,62.5,70.1
סורוקה,57,2022-04-29T00:00:00.000Z,57,59.3,62.5,62.5,70.1
סורוקה,57,2022-04-29T00:00:00.000Z,57,59.3,62.5,62.5,70.1
סורוקה,57,2022-04-29T00:00:00.000Z,57,59.3,62.5,62.5,70.1
סורוקה,57,2022-04-29T00:00:00.000Z,57,59.3,62.5,62.5,70.1
סורוקה,57,2022-04-29T00:00:00.000Z,57,59.3,62.5,62.5,70.1
סורוקה,57,2022-04-29T00:00:00.000Z,57,59.3,62.5,62.5,70.1
סורוקה,57,2022-04-29T00:00:00.000Z,57,59.3,62.5,62.5,70.1
סורוקה,57,2022-04-29T00:00:00.000Z,57,59.3,62.5,62.5,70.1
סורוקה,57,2022-04-29T00:00:00.000Z,57,59.3,62.5,62.5,70.1
סורוקה,57,2022-04-29T00:00:00.000Z,57,59.3,62.5,62.5,70.1
סורוקה,57,2022-04-29T00:00:00.000Z,57,59.3,62.5,62.5,70.1
סורוקה,57,2022-04-29T00:00:00.000Z,57,59.3,62.5,62.5,70.1
סורוקה,57,2022-04-29T00:00:00.000Z,57,59.3,62.5,62.5,70.1
סורוקה,57,2022-04-29T00:00:00.000Z,57,59.3,62.5,62.5,70.1
סורוקה,57,2022-04-29T00:00:00.000Z,57,59.3,62.5,62.5,70.1
סורוקה,57,2022-04-29T00:00:00.000Z,57,59.3,62.5,62.5,70.1
סורוקה,57,2022-04-29T00:00:00.000Z,57,59.3,62.5,62.5,70.1
סורוקה,57,2022-04-29T00:00:00.000Z,57,59.3,62.5,62.5,70.1
סורוקה,57,2022-04-29T00:00:00.000Z,57,59.3,62.5,62.5,70.1
סורוקה,57,2022-04-29T00:00:00.000Z,57,59.3,62.5,62.5,70.1
סורוקה,57,2022-04-29T00:00:00.000Z,57,59.3,62.5,62.5,70.1
סורוקה,57,2022-04-29T00:00:00.000Z,57,59.3,62.5,62.5,70.1
סורוקה,57,2022-04-29T00:00:00.000Z,57,59.3,62.5,62.5,70.1
סורוקה,57,2022-04-29T00:00:00.000Z,57,59.3,62.5,62.5,70.1
סורוקה,57,2022-04-29T00:00:00.000Z,57,59.3,62.5,62.5,70.1
סורוקה,57,2022-04-29T00:00:00.000Z,57,59.3,62.5,62.5,70.1
מאיר,76.5,2022-04-29T00:00:00.000Z,76.5,67,83.9,83.9,77
מאיר,76.5,2022-04-29T00:00:00.000Z,76.5,67,83.9,83.9,77
מאיר,76.5,2022-04-29T00:00:00.000Z,76.5,67,83.9,83.9,77
מאיר,76.5,2022-04-29T00:00:00.000Z,76.5,67,83.9,83.9,77
מאיר,76.5,2022-04-29T00:00:00.000Z,76.5,67,83.9,83.9,77
מאיר,76.5,2022-04-29T00:00:00.000Z,76.5,67,83.9,83.9,77
מאיר,76.5,2022-04-29T00:00:00.000Z,76.5,67,83.9,83.9,77
מאיר,76.5,2022-04-29T00:00:00.000Z,76.5,67,83.9,83.9,77
מאיר,76.5,2022-04-29T00:00:00.000Z,76.5,67,83.9,83.9,77
מאיר,76.5,2022-04-29T00:00:00.000Z,76.5,67,83.9,83.9,77
מאיר,76.5,2022-04-29T00:00:00.000Z,76.5,67,83.9,83.9,77
מאיר,76.5,2022-04-29T00:00:00.000Z,76.5,67,83.9,83.9,77
מאיר,76.5,2022-04-29T00:00:00.000Z,76.5,67,83.9,83.9,77
מאיר,76.5,2022-04-29T00:00:00.000Z,76.5,67,83.9,83.9,77
מאיר,76.5,2022-04-29T00:00:00.000Z,76.5,67,83.9,83.9,77
מאיר,76.5,2022-04-29T00:00:00.000Z,76.5,67,83.9,83.9,77
מאיר,76.5,2022-04-29T00:00:00.000Z,76.5,67,83.9,83.9,77
מאיר,76.5,2022-04-29T00:00:00.000Z,76.5,67,83.9,83.9,77
מאיר,76.5,2022-04-29T00:00:00.000Z,76.5,67,83.9,83.9,77
מאיר,76.5,2022-04-29T00:00:00.000Z,76.5,67,83.9,83.9,77
מאיר,76.5,2022-04-29T00:00:00.000Z,76.5,67,83.9,83.9,77
מאיר,76.5,2022-04-29T00:00:00.000Z,76.5,67,83.9,83.9,77
מאיר,76.5,2022-04-29T00:00:00.000Z,76.5,67,83.9,83.9,77
מאיר,76.5,2022-04-29T00:00:00.000Z,76.5,67,83.9,83.9,77
מאיר,76.5,2022-04-29T00:00:00.000Z,76.5,67,83.9,83.9,77
מאיר,76.5,2022-04-29T00:00:00.000Z,76.5,67,83.9,83.9,77
מאיר,76.5,2022-04-29T00:00:00.000Z,76.5,67,83.9,83.9,77
מאיר,76.5,2022-04-29T00:00:00.000Z,76.5,67,83.9,83.9,77
מאיר,76.5,2022-04-29T00:00:00.000Z,76.5,67,83.9,83.9,77
מאיר,76.5,2022-04-29T00:00:00.000Z,76.5,67,83.9,83.9,77
מאיר,76.5,2022-04-29T00:00:00.000Z,76.5,67,83.9,83.9,77
מאיר,76.5,2022-04-29T00:00:00.000Z,76.5,67,83.9,83.9,77
מאיר,76.5,2022-04-29T00:00:00.000Z,76.5,67,83.9,83.9,77
מאיר,76.5,2022-04-29T00:00:00.000Z,76.5,67,83.9,83.9,77
מאיר,76.5,2022-04-29T00:00:00.000Z,76.5,67,83.9,83.9,77
מאיר,76.5,2022-04-29T00:00:00.000Z,76.5,67,83.9,83.9,77
מאיר,76.5,2022-04-29T00:00:00.000Z,76.5,67,83.9,83.9,77
מאיר,76.5,2022-04-29T00:00:00.000Z,76.5,67,83.9,83.9,77
מאיר,76.5,2022-04-29T00:00:00.000Z,76.5,67,83.9,83.9,77
מאיר,76.5,2022-04-29T00:00:00.000Z,76.5,67,83.9,83.9,77
מאיר,76.5,2022-04-29T00:00:00.000Z,76.5,67,83.9,83.9,77
מאיר,76.5,2022-04-29T00:00:00.000Z,76.5,67,83.9,83.9,77
מאיר,76.5,2022-04-29T00:00:00.000Z,76.5,67,83.9,83.9,77
מאיר,76.5,2022-04-29T00:00:00.000Z,76.5,67,83.9,83.9,77
מאיר,76.5,2022-04-29T00:00:00.000Z,76.5,67,83.9,83.9,77
מאיר,76.5,2022-04-29T00:00:00.000Z,76.5,67,83.9,83.9,77
מאיר,76.5,2022-04-29T00:00:00.000Z,76.5,67,83.9,83.9,77
מאיר,76.5,2022-04-29T00:00:00.000Z,76.5,67,83.9,83.9,77
מאיר,76.5,2022-04-29T00:00:00.000Z,76.5,67,83.9,83.9,77
מאיר,76.5,2022-04-29T00:00:00.000Z,76.5,67,83.9,83.9,77
מאיר,76.5,2022-04-29T00:00:00.000Z,76.5,67,83.9,83.9,77
מאיר,76.5,2022-04-29T00:00:00.000Z,76.5,67,83.9,83.9,77
מאיר,76.5,2022-04-29T00:00:00.000Z,76.5,67,83.9,83.9,77
מאיר,76.5,2022-04-29T00:00:00.000Z,76.5,67,83.9,83.9,77
מאיר,76.5,2022-04-29T00:00:00.000Z,76.5,67,83.9,83.9,77
מאיר,76.5,2022-04-29T00:00:00.000Z,76.5,67,83.9,83.9,77
מאיר,76.5,2022-04-29T00:00:00.000Z,76.5,67,83.9,83.9,77
מאיר,76.5,2022-04-29T00:00:00.000Z,76.5,67,83.9,83.9,77
מאיר,76.5,2022-04-29T00:00:00.000Z,76.5,67,83.9,83.9,77
מאיר,76.5,2022-04-29T00:00:00.000Z,76.5,67,83.9,83.9,77
מאיר,76.5,2022-04-29T00:00:00.000Z,76.5,67,83.9,83.9,77
מאיר,76.5,2022-04-29T00:00:00.000Z,76.5,67,83.9,83.9,77
מאיר,76.5,2022-04-29T00:00:00.000Z,76.5,67,83.9,83.9,77
מאיר,76.5,2022-04-29T00:00:00.000Z,76.5,67,83.9,83.9,77
מאיר,76.5,2022-04-29T00:00:00.000Z,76.5,67,83.9,83.9,77
מאיר,76.5,2022-04-29T00:00:00.000Z,76.5,67,83.9,83.9,77
מאיר,76.5,2022-04-29T00:00:00.000Z,76.5,67,83.9,83.9,77
מאיר,76.5,2022-04-29T00:00:00.000Z,76.5,67,83.9,83.9,77
סורוקה,57,2022-04-29T00:00:00.000Z,57,59.3,62.5,62.5,70.1
מאיר,76.5,2022-04-29T00:00:00.000Z,76.5,67,83.9,83.9,77
מאיר,76.5,2022-04-29T00:00:00.000Z,76.5,67,83.9,83.9,77
מאיר,76.5,2022-04-29T00:00:00.000Z,76.5,67,83.9,83.9,77
מאיר,76.5,2022-04-29T00:00:00.000Z,76.5,67,83.9,83.9,77
מאיר,76.5,2022-04-29T00:00:00.000Z,76.5,67,83.9,83.9,77
מאיר,76.5,2022-04-29T00:00:00.000Z,76.5,67,83.9,83.9,77
מאיר,76.5,2022-04-29T00:00:00.000Z,76.5,67,83.9,83.9,77
מאיר,76.5,2022-04-29T00:00:00.000Z,76.5,67,83.9,83.9,77
מאיר,76.5,2022-04-29T00:00:00.000Z,76.5,67,83.9,83.9,77
מאיר,76.5,2022-04-29T00:00:00.000Z,76.5,67,83.9,83.9,77
מאיר,76.5,2022-04-29T00:00:00.000Z,76.5,67,83.9,83.9,77
מאיר,76.5,2022-04-29T00:00:00.000Z,76.5,67,83.9,83.9,77
מאיר,76.5,2022-04-29T00:00:00.000Z,76.5,67,83.9,83.9,77
מאיר,76.5,2022-04-29T00:00:00.000Z,76.5,67,83.9,83.9,77
מאיר,76.5,2022-04-29T00:00:00.000Z,76.5,67,83.9,83.9,77
מאיר,76.5,2022-04-29T00:00:00.000Z,76.5,67,83.9,83.9,77
מאיר,76.5,2022-04-29T00:00:00.000Z,76.5,67,83.9,83.9,77
מאיר,76.5,2022-04-29T00:00:00.000Z,76.5,67,83.9,83.9,77
מאיר,76.5,2022-04-29T00:00:00.000Z,76.5,67,83.9,83.9,77
מאיר,76.5,2022-04-29T00:00:00.000Z,76.5,67,83.9,83.9,77
מאיר,76.5,2022-04-29T00:00:00.000Z,76.5,67,83.9,83.9,77
מאיר,76.5,2022-04-29T00:00:00.000Z,76.5,67,83.9,83.9,77
מאיר,76.5,2022-04-29T00:00:00.000Z,76.5,67,83.9,83.9,77
מאיר,76.5,2022-04-29T00:00:00.000Z,76.5,67,83.9,83.9,77
מאיר,76.5,2022-04-29T00:00:00.000Z,76.5,67,83.9,83.9,77
מאיר,76.5,2022-04-29T00:00:00.000Z,76.5,67,83.9,83.9,77
מאיר,76.5,2022-04-29T00:00:00.000Z,76.5,67,83.9,83.9,77
מאיר,76.5,2022-04-29T00:00:00.000Z,76.5,67,83.9,83.9,77
מאיר,76.5,2022-04-29T00:00:00.000Z,76.5,67,83.9,83.9,77
מאיר,76.5,2022-04-29T00:00:00.000Z,76.5,67,83.9,83.9,77
מאיר,76.5,2022-04-29T00:00:00.000Z,76.5,67,83.9,83.9,77
מאיר,76.5,2022-04-29T00:00:00.000Z,76.5,67,83.9,83.9,77
מאיר,76.5,2022-04-29T00:00:00.000Z,76.5,67,83.9,83.9,77
מאיר,76.5,2022-04-29T00:00:00.000Z,76.5,67,83.9,83.9,77
מאיר,76.5,2022-04-29T00:00:00.000Z,76.5,67,83.9,83.9,77
מאיר,76.5,2022-04-29T00:00:00.000Z,76.5,67,83.9,83.9,77
מאיר,76.5,2022-04-29T00:00:00.000Z,76.5,67,83.9,83.9,77
מאיר,76.5,2022-04-29T00:00:00.000Z,76.5,67,83.9,83.9,77
מאיר,76.5,2022-04-29T00:00:00.000Z,76.5,67,83.9,83.9,77
מאיר,76.5,2022-04-29T00:00:00.000Z,76.5,67,83.9,83.9,77
מאיר,76.5,2022-04-29T00:00:00.000Z,76.5,67,83.9,83.9,77
מאיר,76.5,2022-04-29T00:00:00.000Z,76.5,67,83.9,83.9,77
מאיר,76.5,2022-04-29T00:00:00.000Z,76.5,67,83.9,83.9,77
מאיר,76.5,2022-04-29T00:00:00.000Z,76.5,67,83.9,83.9,77
מאיר,76.5,2022-04-29T00:00:00.000Z,76.5,67,83.9,83.9,77
מאיר,76.5,2022-04-29T00:00:00.000Z,76.5,67,83.9,83.9,77
מאיר,76.5,2022-04-29T00:00:00.000Z,76.5,67,83.9,83.9,77
מאיר,76.5,2022-04-29T00:00:00.000Z,76.5,67,83.9,83.9,77
מאיר,76.5,2022-04-29T00:00:00.000Z,76.5,67,83.9,83.9,77
מאיר,76.5,2022-04-29T00:00:00.000Z,76.5,67,83.9,83.9,77
מאיר,76.5,2022-04-29T00:00:00.000Z,76.5,67,83.9,83.9,77
מאיר,76.5,2022-04-29T00:00:00.000Z,76.5,67,83.9,83.9,77
מאיר,76.5,2022-04-29T00:00:00.000Z,76.5,67,83.9,83.9,77
מאיר,76.5,2022-04-29T00:00:00.000Z,76.5,67,83.9,83.9,77
מאיר,76.5,2022-04-29T00:00:00.000Z,76.5,67,83.9,83.9,77
מאיר,76.5,2022-04-29T00:00:00.000Z,76.5,67,83.9,83.9,77
מאיר,76.5,2022-04-29T00:00:00.000Z,76.5,67,83.9,83.9,77
מאיר,76.5,2022-04-29T00:00:00.000Z,76.5,67,83.9,83.9,77
מאיר,76.5,2022-04-29T00:00:00.000Z,76.5,67,83.9,83.9,77
מאיר,76.5,2022-04-29T00:00:00.000Z,76.5,67,83.9,83.9,77
מאיר,76.5,2022-04-29T00:00:00.000Z,76.5,67,83.9,83.9,77
מאיר,76.5,2022-04-29T00:00:00.000Z,76.5,67,83.9,83.9,77
מאיר,76.5,2022-04-29T00:00:00.000Z,76.5,67,83.9,83.9,77
מאיר,76.5,2022-04-29T00:00:00.000Z,76.5,67,83.9,83.9,77
מאיר,76.5,2022-04-29T00:00:00.000Z,76.5,67,83.9,83.9,77
מאיר,76.5,2022-04-29T00:00:00.000Z,76.5,67,83.9,83.9,77
מאיר,76.5,2022-04-29T00:00:00.000Z,76.5,67,83.9,83.9,77
מאיר,76.5,2022-04-29T00:00:00.000Z,76.5,67,83.9,83.9,77
מאיר,76.5,2022-04-29T00:00:00.000Z,76.5,67,83.9,83.9,77
מאיר,76.5,2022-04-29T00:00:00.000Z,76.5,67,83.9,83.9,77
מאיר,76.5,2022-04-29T00:00:00.000Z,76.5,67,83.9,83.9,77
מאיר,76.5,2022-04-29T00:00:00.000Z,76.5,67,83.9,83.9,77
מאיר,76.5,2022-04-29T00:00:00.000Z,76.5,67,83.9,83.9,77
מאיר,76.5,2022-04-29T00:00:00.000Z,76.5,67,83.9,83.9,77
מאיר,76.5,2022-04-29T00:00:00.000Z,76.5,67,83.9,83.9,77
מאיר,76.5,2022-04-29T00:00:00.000Z,76.5,67,83.9,83.9,77
מאיר,76.5,2022-04-29T00:00:00.000Z,76.5,67,83.9,83.9,77
מאיר,76.5,2022-04-29T00:00:00.000Z,76.5,67,83.9,83.9,77
מאיר,76.5,2022-04-29T00:00:00.000Z,76.5,67,83.9,83.9,77
מאיר,76.5,2022-04-29T00:00:00.000Z,76.5,67,83.9,83.9,77
מאיר,76.5,2022-04-29T00:00:00.000Z,76.5,67,83.9,83.9,77
מאיר,76.5,2022-04-29T00:00:00.000Z,76.5,67,83.9,83.9,77
מאיר,76.5,2022-04-29T00:00:00.000Z,76.5,67,83.9,83.9,77
מאיר,76.5,2022-04-29T00:00:00.000Z,76.5,67,83.9,83.9,77
מאיר,76.5,2022-04-29T00:00:00.000Z,76.5,67,83.9,83.9,77
מאיר,76.5,2022-04-29T00:00:00.000Z,76.5,67,83.9,83.9,77
מאיר,76.5,2022-04-29T00:00:00.000Z,76.5,67,83.9,83.9,77
מאיר,76.5,2022-04-29T00:00:00.000Z,76.5,67,83.9,83.9,77
מאיר,76.5,2022-04-29T00:00:00.000Z,76.5,67,83.9,83.9,77
מאיר,76.5,2022-04-29T00:00:00.000Z,76.5,67,83.9,83.9,77
מאיר,76.5,2022-04-29T00:00:00.000Z,76.5,67,83.9,83.9,77
מאיר,76.5,2022-04-29T00:00:00.000Z,76.5,67,83.9,83.9,77
מאיר,76.5,2022-04-29T00:00:00.000Z,76.5,67,83.9,83.9,77
מאיר,76.5,2022-04-29T00:00:00.000Z,76.5,67,83.9,83.9,77
מאיר,76.5,2022-04-29T00:00:00.000Z,76.5,67,83.9,83.9,77
מאיר,76.5,2022-04-29T00:00:00.000Z,76.5,67,83.9,83.9,77
מאיר,76.5,2022-04-29T00:00:00.000Z,76.5,67,83.9,83.9,77
מאיר,76.5,2022-04-29T00:00:00.000Z,76.5,67,83.9,83.9,77
מאיר,76.5,2022-04-29T00:00:00.000Z,76.5,67,83.9,83.9,77
מאיר,76.5,2022-04-29T00:00:00.000Z,76.5,67,83.9,83.9,77
מאיר,76.5,2022-04-29T00:00:00.000Z,76.5,67,83.9,83.9,77
מאיר,76.5,2022-04-29T00:00:00.000Z,76.5,67,83.9,83.9,77
מאיר,76.5,2022-04-29T00:00:00.000Z,76.5,67,83.9,83.9,77
מאיר,76.5,2022-04-29T00:00:00.000Z,76.5,67,83.9,83.9,77
מאיר,76.5,2022-04-29T00:00:00.000Z,76.5,67,83.9,83.9,77
מאיר,76.5,2022-04-29T00:00:00.000Z,76.5,67,83.9,83.9,77
מאיר,76.5,2022-04-29T00:00:00.000Z,76.5,67,83.9,83.9,77
מאיר,76.5,2022-04-29T00:00:00.000Z,76.5,67,83.9,83.9,77
מאיר,76.5,2022-04-29T00:00:00.000Z,76.5,67,83.9,83.9,77
מאיר,76.5,2022-04-29T00:00:00.000Z,76.5,67,83.9,83.9,77
מאיר,76.5,2022-04-29T00:00:00.000Z,76.5,67,83.9,83.9,77
מאיר,76.5,2022-04-29T00:00:00.000Z,76.5,67,83.9,83.9,77
מאיר,76.5,2022-04-29T00:00:00.000Z,76.5,67,83.9,83.9,77
מאיר,76.5,2022-04-29T00:00:00.000Z,76.5,67,83.9,83.9,77
מאיר,76.5,2022-04-29T00:00:00.000Z,76.5,67,83.9,83.9,77
מאיר,76.5,2022-04-29T00:00:00.000Z,76.5,67,83.9,83.9,77
מאיר,76.5,2022-04-29T00:00:00.000Z,76.5,67,83.9,83.9,77
מאיר,76.5,2022-04-29T00:00:00.000Z,76.5,67,83.9,83.9,77
מאיר,76.5,2022-04-29T00:00:00.000Z,76.5,67,83.9,83.9,77
מאיר,76.5,2022-04-29T00:00:00.000Z,76.5,67,83.9,83.9,77
מאיר,76.5,2022-04-29T00:00:00.000Z,76.5,67,83.9,83.9,77
מאיר,76.5,2022-04-29T00:00:00.000Z,76.5,67,83.9,83.9,77
מאיר,76.5,2022-04-29T00:00:00.000Z,76.5,67,83.9,83.9,77
מאיר,76.5,2022-04-29T00:00:00.000Z,76.5,67,83.9,83.9,77
מאיר,76.5,2022-04-29T00:00:00.000Z,76.5,67,83.9,83.9,77
מאיר,76.5,2022-04-29T00:00:00.000Z,76.5,67,83.9,83.9,77
מאיר,76.5,2022-04-29T00:00:00.000Z,76.5,67,83.9,83.9,77
מאיר,76.5,2022-04-29T00:00:00.000Z,76.5,67,83.9,83.9,77
מאיר,76.5,2022-04-29T00:00:00.000Z,76.5,67,83.9,83.9,77
מאיר,76.5,2022-04-29T00:00:00.000Z,76.5,67,83.9,83.9,77
מאיר,76.5,2022-04-29T00:00:00.000Z,76.5,67,83.9,83.9,77
מאיר,76.5,2022-04-29T00:00:00.000Z,76.5,67,83.9,83.9,77
מאיר,76.5,2022-04-29T00:00:00.000Z,76.5,67,83.9,83.9,77
מאיר,76.5,2022-04-29T00:00:00.000Z,76.5,67,83.9,83.9,77
מאיר,76.5,2022-04-29T00:00:00.000Z,76.5,67,83.9,83.9,77
מאיר,76.5,2022-04-29T00:00:00.000Z,76.5,67,83.9,83.9,77
מאיר,76.5,2022-04-29T00:00:00.000Z,76.5,67,83.9,83.9,77
מאיר,76.5,2022-04-29T00:00:00.000Z,76.5,67,83.9,83.9,77
מאיר,76.5,2022-04-29T00:00:00.000Z,76.5,67,83.9,83.9,77
מאיר,76.5,2022-04-29T00:00:00.000Z,76.5,67,83.9,83.9,77
מאיר,76.5,2022-04-29T00:00:00.000Z,76.5,67,83.9,83.9,77
מאיר,76.5,2022-04-29T00:00:00.000Z,76.5,67,83.9,83.9,77
מאיר,76.5,2022-04-29T00:00:00.000Z,76.5,67,83.9,83.9,77
מאיר,76.5,2022-04-29T00:00:00.000Z,76.5,67,83.9,83.9,77
מאיר,76.5,2022-04-29T00:00:00.000Z,76.5,67,83.9,83.9,77
מאיר,76.5,2022-04-29T00:00:00.000Z,76.5,67,83.9,83.9,77
מאיר,76.5,2022-04-29T00:00:00.000Z,76.5,67,83.9,83.9,77
מאיר,76.5,2022-04-29T00:00:00.000Z,76.5,67,83.9,83.9,77
מאיר,76.5,2022-04-29T00:00:00.000Z,76.5,67,83.9,83.9,77
מאיר,76.5,2022-04-29T00:00:00.000Z,76.5,67,83.9,83.9,77
מאיר,76.5,2022-04-29T00:00:00.000Z,76.5,67,83.9,83.9,77
מאיר,76.5,2022-04-29T00:00:00.000Z,76.5,67,83.9,83.9,77
מאיר,76.5,2022-04-29T00:00:00.000Z,76.5,67,83.9,83.9,77
מאיר,76.5,2022-04-29T00:00:00.000Z,76.5,67,83.9,83.9,77
מאיר,76.5,2022-04-29T00:00:00.000Z,76.5,67,83.9,83.9,77
מאיר,76.5,2022-04-29T00:00:00.000Z,76.5,67,83.9,83.9,77
מאיר,76.5,2022-04-29T00:00:00.000Z,76.5,67,83.9,83.9,77
מאיר,76.5,2022-04-29T00:00:00.000Z,76.5,67,83.9,83.9,77
מאיר,76.5,2022-04-29T00:00:00.000Z,76.5,67,83.9,83.9,77
מאיר,76.5,2022-04-29T00:00:00.000Z,76.5,67,83.9,83.9,77
מאיר,76.5,2022-04-29T00:00:00.000Z,76.5,67,83.9,83.9,77
מאיר,76.5,2022-04-29T00:00:00.000Z,76.5,67,83.9,83.9,77
מאיר,76.5,2022-04-29T00:00:00.000Z,76.5,67,83.9,83.9,77
מאיר,76.5,2022-04-29T00:00:00.000Z,76.5,67,83.9,83.9,77
מאיר,76.5,2022-04-29T00:00:00.000Z,76.5,67,83.9,83.9,77
מאיר,76.5,2022-04-29T00:00:00.000Z,76.5,67,83.9,83.9,77
מאיר,76.5,2022-04-29T00:00:00.000Z,76.5,67,83.9,83.9,77
מאיר,76.5,2022-04-29T00:00:00.000Z,76.5,67,83.9,83.9,77
מאיר,76.5,2022-04-29T00:00:00.000Z,76.5,67,83.9,83.9,77
מאיר,76.5,2022-04-29T00:00:00.000Z,76.5,67,83.9,83.9,77
מאיר,76.5,2022-04-29T00:00:00.000Z,76.5,67,83.9,83.9,77
מאיר,76.5,2022-04-29T00:00:00.000Z,76.5,67,83.9,83.9,77
מאיר,76.5,2022-04-29T00:00:00.000Z,76.5,67,83.9,83.9,77
מאיר,76.5,2022-04-29T00:00:00.000Z,76.5,67,83.9,83.9,77
מאיר,76.5,2022-04-29T00:00:00.000Z,76.5,67,83.9,83.9,77
מאיר,76.5,2022-04-29T00:00:00.000Z,76.5,67,83.9,83.9,77
מאיר,76.5,2022-04-29T00:00:00.000Z,76.5,67,83.9,83.9,77
מאיר,76.5,2022-04-29T00:00:00.000Z,76.5,67,83.9,83.9,77
מאיר,76.5,2022-04-29T00:00:00.000Z,76.5,67,83.9,83.9,77
מאיר,76.5,2022-04-29T00:00:00.000Z,76.5,67,83.9,83.9,77
מאיר,76.5,2022-04-29T00:00:00.000Z,76.5,67,83.9,83.9,77
מאיר,76.5,2022-04-29T00:00:00.000Z,76.5,67,83.9,83.9,77
מאיר,76.5,2022-04-29T00:00:00.000Z,76.5,67,83.9,83.9,77
מאיר,76.5,2022-04-29T00:00:00.000Z,76.5,67,83.9,83.9,77
מאיר,76.5,2022-04-29T00:00:00.000Z,76.5,67,83.9,83.9,77
מאיר,76.5,2022-04-29T00:00:00.000Z,76.5,67,83.9,83.9,77
מאיר,76.5,2022-04-29T00:00:00.000Z,76.5,67,83.9,83.9,77
מאיר,76.5,2022-04-29T00:00:00.000Z,76.5,67,83.9,83.9,77
מאיר,76.5,2022-04-29T00:00:00.000Z,76.5,67,83.9,83.9,77
מאיר,76.5,2022-04-29T00:00:00.000Z,76.5,67,83.9,83.9,77
מאיר,76.5,2022-04-29T00:00:00.000Z,76.5,67,83.9,83.9,77
מאיר,76.5,2022-04-29T00:00:00.000Z,76.5,67,83.9,83.9,77
מאיר,76.5,2022-04-29T00:00:00.000Z,76.5,67,83.9,83.9,77
מאיר,76.5,2022-04-29T00:00:00.000Z,76.5,67,83.9,83.9,77
מאיר,76.5,2022-04-29T00:00:00.000Z,76.5,67,83.9,83.9,77
מאיר,76.5,2022-04-29T00:00:00.000Z,76.5,67,83.9,83.9,77
מאיר,76.5,2022-04-29T00:00:00.000Z,76.5,67,83.9,83.9,77
מאיר,76.5,2022-04-29T00:00:00.000Z,76.5,67,83.9,83.9,77
מאיר,76.5,2022-04-29T00:00:00.000Z,76.5,67,83.9,83.9,77
מאיר,76.5,2022-04-29T00:00:00.000Z,76.5,67,83.9,83.9,77
מאיר,76.5,2022-04-29T00:00:00.000Z,76.5,67,83.9,83.9,77
מאיר,76.5,2022-04-29T00:00:00.000Z,76.5,67,83.9,83.9,77
מאיר,76.5,2022-04-29T00:00:00.000Z,76.5,67,83.9,83.9,77
מאיר,76.5,2022-04-29T00:00:00.000Z,76.5,67,83.9,83.9,77
מאיר,76.5,2022-04-29T00:00:00.000Z,76.5,67,83.9,83.9,77
מאיר,76.5,2022-04-29T00:00:00.000Z,76.5,67,83.9,83.9,77
מאיר,76.5,2022-04-29T00:00:00.000Z,76.5,67,83.9,83.9,77
מאיר,76.5,2022-04-29T00:00:00.000Z,76.5,67,83.9,83.9,77
מאיר,76.5,2022-04-29T00:00:00.000Z,76.5,67,83.9,83.9,77
מאיר,76.5,2022-04-29T00:00:00.000Z,76.5,67,83.9,83.9,77
מאיר,76.5,2022-04-29T00:00:00.000Z,76.5,67,83.9,83.9,77
מאיר,76.5,2022-04-29T00:00:00.000Z,76.5,67,83.9,83.9,77
מאיר,76.5,2022-04-29T00:00:00.000Z,76.5,67,83.9,83.9,77
מאיר,76.5,2022-04-29T00:00:00.000Z,76.5,67,83.9,83.9,77
מאיר,76.5,2022-04-29T00:00:00.000Z,76.5,67,83.9,83.9,77
מאיר,76.5,2022-04-29T00:00:00.000Z,76.5,67,83.9,83.9,77
מאיר,76.5,2022-04-29T00:00:00.000Z,76.5,67,83.9,83.9,77
מאיר,76.5,2022-04-29T00:00:00.000Z,76.5,67,83.9,83.9,77
מאיר,76.5,2022-04-29T00:00:00.000Z,76.5,67,83.9,83.9,77
מאיר,76.5,2022-04-29T00:00:00.000Z,76.5,67,83.9,83.9,77
מאיר,76.5,2022-04-29T00:00:00.000Z,76.5,67,83.9,83.9,77
מאיר,76.5,2022-04-29T00:00:00.000Z,76.5,67,83.9,83.9,77
מאיר,76.5,2022-04-29T00:00:00.000Z,76.5,67,83.9,83.9,77
מאיר,76.5,2022-04-29T00:00:00.000Z,76.5,67,83.9,83.9,77
מאיר,76.5,2022-04-29T00:00:00.000Z,76.5,67,83.9,83.9,77
מאיר,76.5,2022-04-29T00:00:00.000Z,76.5,67,83.9,83.9,77
מאיר,76.5,2022-04-29T00:00:00.000Z,76.5,67,83.9,83.9,77
מאיר,76.5,2022-04-29T00:00:00.000Z,76.5,67,83.9,83.9,77
מאיר,76.5,2022-04-29T00:00:00.000Z,76.5,67,83.9,83.9,77
מאיר,76.5,2022-04-29T00:00:00.000Z,76.5,67,83.9,83.9,77
מאיר,76.5,2022-04-29T00:00:00.000Z,76.5,67,83.9,83.9,77
מאיר,76.5,2022-04-29T00:00:00.000Z,76.5,67,83.9,83.9,77
מאיר,76.5,2022-04-29T00:00:00.000Z,76.5,67,83.9,83.9,77
מאיר,76.5,2022-04-29T00:00:00.000Z,76.5,67,83.9,83.9,77
מאיר,76.5,2022-04-29T00:00:00.000Z,76.5,67,83.9,83.9,77
מאיר,76.5,2022-04-29T00:00:00.000Z,76.5,67,83.9,83.9,77
מאיר,76.5,2022-04-29T00:00:00.000Z,76.5,67,83.9,83.9,77
מאיר,76.5,2022-04-29T00:00:00.000Z,76.5,67,83.9,83.9,77
מאיר,76.5,2022-04-29T00:00:00.000Z,76.5,67,83.9,83.9,77
מאיר,76.5,2022-04-29T00:00:00.000Z,76.5,67,83.9,83.9,77
מאיר,76.5,2022-04-29T00:00:00.000Z,76.5,67,83.9,83.9,77
מאיר,76.5,2022-04-29T00:00:00.000Z,76.5,67,83.9,83.9,77
מאיר,76.5,2022-04-29T00:00:00.000Z,76.5,67,83.9,83.9,77
מאיר,76.5,2022-04-29T00:00:00.000Z,76.5,67,83.9,83.9,77
מאיר,76.5,2022-04-29T00:00:00.000Z,76.5,67,83.9,83.9,77
מאיר,76.5,2022-04-29T00:00:00.000Z,76.5,67,83.9,83.9,77
מאיר,76.5,2022-04-29T00:00:00.000Z,76.5,67,83.9,83.9,77
מאיר,76.5,2022-04-29T00:00:00.000Z,76.5,67,83.9,83.9,77
זיו צפת,84.4,2022-04-29T00:00:00.000Z,84.4,96.9,56.5,56.5,76.1
זיו צפת,84.4,2022-04-29T00:00:00.000Z,84.4,96.9,56.5,56.5,76.1
זיו צפת,84.4,2022-04-29T00:00:00.000Z,84.4,96.9,56.5,56.5,76.1
זיו צפת,84.4,2022-04-29T00:00:00.000Z,84.4,96.9,56.5,56.5,76.1
זיו צפת,84.4,2022-04-29T00:00:00.000Z,84.4,96.9,56.5,56.5,76.1
זיו צפת,84.4,2022-04-29T00:00:00.000Z,84.4,96.9,56.5,56.5,76.1
זיו צפת,84.4,2022-04-29T00:00:00.000Z,84.4,96.9,56.5,56.5,76.1
זיו צפת,84.4,2022-04-29T00:00:00.000Z,84.4,96.9,56.5,56.5,76.1
זיו צפת,84.4,2022-04-29T00:00:00.000Z,84.4,96.9,56.5,56.5,76.1
זיו צפת,84.4,2022-04-29T00:00:00.000Z,84.4,96.9,56.5,56.5,76.1
זיו צפת,84.4,2022-04-29T00:00:00.000Z,84.4,96.9,56.5,56.5,76.1
זיו צפת,84.4,2022-04-29T00:00:00.000Z,84.4,96.9,56.5,56.5,76.1
זיו צפת,84.4,2022-04-29T00:00:00.000Z,84.4,96.9,56.5,56.5,76.1
זיו צפת,84.4,2022-04-29T00:00:00.000Z,84.4,96.9,56.5,56.5,76.1
זיו צפת,84.4,2022-04-29T00:00:00.000Z,84.4,96.9,56.5,56.5,76.1
זיו צפת,84.4,2022-04-29T00:00:00.000Z,84.4,96.9,56.5,56.5,76.1
זיו צפת,84.4,2022-04-29T00:00:00.000Z,84.4,96.9,56.5,56.5,76.1
זיו צפת,84.4,2022-04-29T00:00:00.000Z,84.4,96.9,56.5,56.5,76.1
זיו צפת,84.4,2022-04-29T00:00:00.000Z,84.4,96.9,56.5,56.5,76.1
זיו צפת,84.4,2022-04-29T00:00:00.000Z,84.4,96.9,56.5,56.5,76.1
זיו צפת,84.4,2022-04-29T00:00:00.000Z,84.4,96.9,56.5,56.5,76.1
זיו צפת,84.4,2022-04-29T00:00:00.000Z,84.4,96.9,56.5,56.5,76.1
זיו צפת,84.4,2022-04-29T00:00:00.000Z,84.4,96.9,56.5,56.5,76.1
זיו צפת,84.4,2022-04-29T00:00:00.000Z,84.4,96.9,56.5,56.5,76.1
זיו צפת,84.4,2022-04-29T00:00:00.000Z,84.4,96.9,56.5,56.5,76.1
זיו צפת,84.4,2022-04-29T00:00:00.000Z,84.4,96.9,56.5,56.5,76.1
זיו צפת,84.4,2022-04-29T00:00:00.000Z,84.4,96.9,56.5,56.5,76.1
זיו צפת,84.4,2022-04-29T00:00:00.000Z,84.4,96.9,56.5,56.5,76.1
זיו צפת,84.4,2022-04-29T00:00:00.000Z,84.4,96.9,56.5,56.5,76.1
זיו צפת,84.4,2022-04-29T00:00:00.000Z,84.4,96.9,56.5,56.5,76.1
זיו צפת,84.4,2022-04-29T00:00:00.000Z,84.4,96.9,56.5,56.5,76.1
זיו צפת,84.4,2022-04-29T00:00:00.000Z,84.4,96.9,56.5,56.5,76.1
זיו צפת,84.4,2022-04-29T00:00:00.000Z,84.4,96.9,56.5,56.5,76.1
זיו צפת,84.4,2022-04-29T00:00:00.000Z,84.4,96.9,56.5,56.5,76.1
זיו צפת,84.4,2022-04-29T00:00:00.000Z,84.4,96.9,56.5,56.5,76.1
זיו צפת,84.4,2022-04-29T00:00:00.000Z,84.4,96.9,56.5,56.5,76.1
זיו צפת,84.4,2022-04-29T00:00:00.000Z,84.4,96.9,56.5,56.5,76.1
זיו צפת,84.4,2022-04-29T00:00:00.000Z,84.4,96.9,56.5,56.5,76.1
זיו צפת,84.4,2022-04-29T00:00:00.000Z,84.4,96.9,56.5,56.5,76.1
זיו צפת,84.4,2022-04-29T00:00:00.000Z,84.4,96.9,56.5,56.5,76.1
זיו צפת,84.4,2022-04-29T00:00:00.000Z,84.4,96.9,56.5,56.5,76.1
זיו צפת,84.4,2022-04-29T00:00:00.000Z,84.4,96.9,56.5,56.5,76.1
זיו צפת,84.4,2022-04-29T00:00:00.000Z,84.4,96.9,56.5,56.5,76.1
זיו צפת,84.4,2022-04-29T00:00:00.000Z,84.4,96.9,56.5,56.5,76.1
זיו צפת,84.4,2022-04-29T00:00:00.000Z,84.4,96.9,56.5,56.5,76.1
זיו צפת,84.4,2022-04-29T00:00:00.000Z,84.4,96.9,56.5,56.5,76.1
זיו צפת,84.4,2022-04-29T00:00:00.000Z,84.4,96.9,56.5,56.5,76.1
זיו צפת,84.4,2022-04-29T00:00:00.000Z,84.4,96.9,56.5,56.5,76.1
זיו צפת,84.4,2022-04-29T00:00:00.000Z,84.4,96.9,56.5,56.5,76.1
זיו צפת,84.4,2022-04-29T00:00:00.000Z,84.4,96.9,56.5,56.5,76.1
זיו צפת,84.4,2022-04-29T00:00:00.000Z,84.4,96.9,56.5,56.5,76.1
זיו צפת,84.4,2022-04-29T00:00:00.000Z,84.4,96.9,56.5,56.5,76.1
זיו צפת,84.4,2022-04-29T00:00:00.000Z,84.4,96.9,56.5,56.5,76.1
זיו צפת,84.4,2022-04-29T00:00:00.000Z,84.4,96.9,56.5,56.5,76.1
זיו צפת,84.4,2022-04-29T00:00:00.000Z,84.4,96.9,56.5,56.5,76.1
זיו צפת,84.4,2022-04-29T00:00:00.000Z,84.4,96.9,56.5,56.5,76.1
זיו צפת,84.4,2022-04-29T00:00:00.000Z,84.4,96.9,56.5,56.5,76.1
זיו צפת,84.4,2022-04-29T00:00:00.000Z,84.4,96.9,56.5,56.5,76.1
זיו צפת,84.4,2022-04-29T00:00:00.000Z,84.4,96.9,56.5,56.5,76.1
יוספטל,75,2022-04-29T00:00:00.000Z,75,56.3,40,40,44.6
יוספטל,75,2022-04-29T00:00:00.000Z,75,56.3,40,40,44.6
יוספטל,75,2022-04-29T00:00:00.000Z,75,56.3,40,40,44.6
יוספטל,75,2022-04-29T00:00:00.000Z,75,56.3,40,40,44.6
יוספטל,75,2022-04-29T00:00:00.000Z,75,56.3,40,40,44.6
יוספטל,75,2022-04-29T00:00:00.000Z,75,56.3,40,40,44.6
יוספטל,75,2022-04-29T00:00:00.000Z,75,56.3,40,40,44.6
יוספטל,75,2022-04-29T00:00:00.000Z,75,56.3,40,40,44.6
יוספטל,75,2022-04-29T00:00:00.000Z,75,56.3,40,40,44.6
יוספטל,75,2022-04-29T00:00:00.000Z,75,56.3,40,40,44.6
יוספטל,75,2022-04-29T00:00:00.000Z,75,56.3,40,40,44.6
יוספטל,75,2022-04-29T00:00:00.000Z,75,56.3,40,40,44.6
יוספטל,75,2022-04-29T00:00:00.000Z,75,56.3,40,40,44.6
יוספטל,75,2022-04-29T00:00:00.000Z,75,56.3,40,40,44.6
יוספטל,75,2022-04-29T00:00:00.000Z,75,56.3,40,40,44.6
יוספטל,75,2022-04-29T00:00:00.000Z,75,56.3,40,40,44.6
יוספטל,75,2022-04-29T00:00:00.000Z,75,56.3,40,40,44.6
יוספטל,75,2022-04-29T00:00:00.000Z,75,56.3,40,40,44.6
יוספטל,75,2022-04-29T00:00:00.000Z,75,56.3,40,40,44.6
יוספטל,75,2022-04-29T00:00:00.000Z,75,56.3,40,40,44.6
יוספטל,75,2022-04-29T00:00:00.000Z,75,56.3,40,40,44.6
יוספטל,75,2022-04-29T00:00:00.000Z,75,56.3,40,40,44.6
יוספטל,75,2022-04-29T00:00:00.000Z,75,56.3,40,40,44.6
יוספטל,75,2022-04-29T00:00:00.000Z,75,56.3,40,40,44.6
יוספטל,75,2022-04-29T00:00:00.000Z,75,56.3,40,40,44.6
יוספטל,75,2022-04-29T00:00:00.000Z,75,56.3,40,40,44.6
יוספטל,75,2022-04-29T00:00:00.000Z,75,56.3,40,40,44.6
יוספטל,75,2022-04-29T00:00:00.000Z,75,56.3,40,40,44.6
יוספטל,75,2022-04-29T00:00:00.000Z,75,56.3,40,40,44.6
יוספטל,75,2022-04-29T00:00:00.000Z,75,56.3,40,40,44.6
יוספטל,75,2022-04-29T00:00:00.000Z,75,56.3,40,40,44.6
יוספטל,75,2022-04-29T00:00:00.000Z,75,56.3,40,40,44.6
יוספטל,75,2022-04-29T00:00:00.000Z,75,56.3,40,40,44.6
יוספטל,75,2022-04-29T00:00:00.000Z,75,56.3,40,40,44.6
זיו צפת,84.4,2022-04-29T00:00:00.000Z,84.4,96.9,56.5,56.5,76.1
זיו צפת,84.4,2022-04-29T00:00:00.000Z,84.4,96.9,56.5,56.5,76.1
זיו צפת,84.4,2022-04-29T00:00:00.000Z,84.4,96.9,56.5,56.5,76.1
זיו צפת,84.4,2022-04-29T00:00:00.000Z,84.4,96.9,56.5,56.5,76.1
יוספטל,75,2022-04-29T00:00:00.000Z,75,56.3,40,40,44.6
יוספטל,75,2022-04-29T00:00:00.000Z,75,56.3,40,40,44.6
יוספטל,75,2022-04-29T00:00:00.000Z,75,56.3,40,40,44.6
יוספטל,75,2022-04-29T00:00:00.000Z,75,56.3,40,40,44.6
יוספטל,75,2022-04-29T00:00:00.000Z,75,56.3,40,40,44.6
יוספטל,75,2022-04-29T00:00:00.000Z,75,56.3,40,40,44.6
יוספטל,75,2022-04-29T00:00:00.000Z,75,56.3,40,40,44.6
יוספטל,75,2022-04-29T00:00:00.000Z,75,56.3,40,40,44.6
יוספטל,75,2022-04-29T00:00:00.000Z,75,56.3,40,40,44.6
יוספטל,75,2022-04-29T00:00:00.000Z,75,56.3,40,40,44.6
יוספטל,75,2022-04-29T00:00:00.000Z,75,56.3,40,40,44.6
יוספטל,75,2022-04-29T00:00:00.000Z,75,56.3,40,40,44.6
יוספטל,75,2022-04-29T00:00:00.000Z,75,56.3,40,40,44.6
יוספטל,75,2022-04-29T00:00:00.000Z,75,56.3,40,40,44.6
יוספטל,75,2022-04-29T00:00:00.000Z,75,56.3,40,40,44.6
יוספטל,75,2022-04-29T00:00:00.000Z,75,56.3,40,40,44.6
יוספטל,75,2022-04-29T00:00:00.000Z,75,56.3,40,40,44.6
יוספטל,75,2022-04-29T00:00:00.000Z,75,56.3,40,40,44.6
יוספטל,75,2022-04-29T00:00:00.000Z,75,56.3,40,40,44.6
יוספטל,75,2022-04-29T00:00:00.000Z,75,56.3,40,40,44.6
יוספטל,75,2022-04-29T00:00:00.000Z,75,56.3,40,40,44.6
יוספטל,75,2022-04-29T00:00:00.000Z,75,56.3,40,40,44.6
יוספטל,75,2022-04-29T00:00:00.000Z,75,56.3,40,40,44.6
יוספטל,75,2022-04-29T00:00:00.000Z,75,56.3,40,40,44.6
יוספטל,75,2022-04-29T00:00:00.000Z,75,56.3,40,40,44.6
יוספטל,75,2022-04-29T00:00:00.000Z,75,56.3,40,40,44.6
יוספטל,75,2022-04-29T00:00:00.000Z,75,56.3,40,40,44.6
יוספטל,75,2022-04-29T00:00:00.000Z,75,56.3,40,40,44.6
זיו צפת,84.4,2022-04-29T00:00:00.000Z,84.4,96.9,56.5,56.5,76.1
זיו צפת,84.4,2022-04-29T00:00:00.000Z,84.4,96.9,56.5,56.5,76.1
זיו צפת,84.4,2022-04-29T00:00:00.000Z,84.4,96.9,56.5,56.5,76.1
זיו צפת,84.4,2022-04-29T00:00:00.000Z,84.4,96.9,56.5,56.5,76.1
זיו צפת,84.4,2022-04-29T00:00:00.000Z,84.4,96.9,56.5,56.5,76.1
זיו צפת,84.4,2022-04-29T00:00:00.000Z,84.4,96.9,56.5,56.5,76.1
זיו צפת,84.4,2022-04-29T00:00:00.000Z,84.4,96.9,56.5,56.5,76.1
זיו צפת,84.4,2022-04-29T00:00:00.000Z,84.4,96.9,56.5,56.5,76.1
זיו צפת,84.4,2022-04-29T00:00:00.000Z,84.4,96.9,56.5,56.5,76.1
זיו צפת,84.4,2022-04-29T00:00:00.000Z,84.4,96.9,56.5,56.5,76.1
סורוקה,57,2022-04-29T00:00:00.000Z,57,59.3,62.5,62.5,70.1
סורוקה,57,2022-04-29T00:00:00.000Z,57,59.3,62.5,62.5,70.1
סורוקה,57,2022-04-29T00:00:00.000Z,57,59.3,62.5,62.5,70.1
סורוקה,57,2022-04-29T00:00:00.000Z,57,59.3,62.5,62.5,70.1
סורוקה,57,2022-04-29T00:00:00.000Z,57,59.3,62.5,62.5,70.1
סורוקה,57,2022-04-29T00:00:00.000Z,57,59.3,62.5,62.5,70.1
סורוקה,57,2022-04-29T00:00:00.000Z,57,59.3,62.5,62.5,70.1
סורוקה,57,2022-04-29T00:00:00.000Z,57,59.3,62.5,62.5,70.1
סורוקה,57,2022-04-29T00:00:00.000Z,57,59.3,62.5,62.5,70.1
סורוקה,57,2022-04-29T00:00:00.000Z,57,59.3,62.5,62.5,70.1
סורוקה,57,2022-04-29T00:00:00.000Z,57,59.3,62.5,62.5,70.1
סורוקה,57,2022-04-29T00:00:00.000Z,57,59.3,62.5,62.5,70.1
סורוקה,57,2022-04-29T00:00:00.000Z,57,59.3,62.5,62.5,70.1
סורוקה,57,2022-04-29T00:00:00.000Z,57,59.3,62.5,62.5,70.1
סורוקה,57,2022-04-29T00:00:00.000Z,57,59.3,62.5,62.5,70.1
סורוקה,57,2022-04-29T00:00:00.000Z,57,59.3,62.5,62.5,70.1
סורוקה,57,2022-04-29T00:00:00.000Z,57,59.3,62.5,62.5,70.1
סורוקה,57,2022-04-29T00:00:00.000Z,57,59.3,62.5,62.5,70.1
סורוקה,57,2022-04-29T00:00:00.000Z,57,59.3,62.5,62.5,70.1
סורוקה,57,2022-04-29T00:00:00.000Z,57,59.3,62.5,62.5,70.1
סורוקה,57,2022-04-29T00:00:00.000Z,57,59.3,62.5,62.5,70.1
סורוקה,57,2022-04-29T00:00:00.000Z,57,59.3,62.5,62.5,70.1
סורוקה,57,2022-04-29T00:00:00.000Z,57,59.3,62.5,62.5,70.1
סורוקה,57,2022-04-29T00:00:00.000Z,57,59.3,62.5,62.5,70.1
סורוקה,57,2022-04-29T00:00:00.000Z,57,59.3,62.5,62.5,70.1
סורוקה,57,2022-04-29T00:00:00.000Z,57,59.3,62.5,62.5,70.1
סורוקה,57,2022-04-29T00:00:00.000Z,57,59.3,62.5,62.5,70.1
סורוקה,57,2022-04-29T00:00:00.000Z,57,59.3,62.5,62.5,70.1
סורוקה,57,2022-04-29T00:00:00.000Z,57,59.3,62.5,62.5,70.1
סורוקה,57,2022-04-29T00:00:00.000Z,57,59.3,62.5,62.5,70.1
סורוקה,57,2022-04-29T00:00:00.000Z,57,59.3,62.5,62.5,70.1
סורוקה,57,2022-04-29T00:00:00.000Z,57,59.3,62.5,62.5,70.1
סורוקה,57,2022-04-29T00:00:00.000Z,57,59.3,62.5,62.5,70.1
סורוקה,57,2022-04-29T00:00:00.000Z,57,59.3,62.5,62.5,70.1
סורוקה,57,2022-04-29T00:00:00.000Z,57,59.3,62.5,62.5,70.1
סורוקה,57,2022-04-29T00:00:00.000Z,57,59.3,62.5,62.5,70.1
סורוקה,57,2022-04-29T00:00:00.000Z,57,59.3,62.5,62.5,70.1
סורוקה,57,2022-04-29T00:00:00.000Z,57,59.3,62.5,62.5,70.1
סורוקה,57,2022-04-29T00:00:00.000Z,57,59.3,62.5,62.5,70.1
סורוקה,57,2022-04-29T00:00:00.000Z,57,59.3,62.5,62.5,70.1
סורוקה,57,2022-04-29T00:00:00.000Z,57,59.3,62.5,62.5,70.1
סורוקה,57,2022-04-29T00:00:00.000Z,57,59.3,62.5,62.5,70.1
סורוקה,57,2022-04-29T00:00:00.000Z,57,59.3,62.5,62.5,70.1
סורוקה,57,2022-04-29T00:00:00.000Z,57,59.3,62.5,62.5,70.1
סורוקה,57,2022-04-29T00:00:00.000Z,57,59.3,62.5,62.5,70.1
סורוקה,57,2022-04-29T00:00:00.000Z,57,59.3,62.5,62.5,70.1
סורוקה,57,2022-04-29T00:00:00.000Z,57,59.3,62.5,62.5,70.1
סורוקה,57,2022-04-29T00:00:00.000Z,57,59.3,62.5,62.5,70.1
סורוקה,57,2022-04-29T00:00:00.000Z,57,59.3,62.5,62.5,70.1
סורוקה,57,2022-04-29T00:00:00.000Z,57,59.3,62.5,62.5,70.1
סורוקה,57,2022-04-29T00:00:00.000Z,57,59.3,62.5,62.5,70.1
סורוקה,57,2022-04-29T00:00:00.000Z,57,59.3,62.5,62.5,70.1
סורוקה,57,2022-04-29T00:00:00.000Z,57,59.3,62.5,62.5,70.1
סורוקה,57,2022-04-29T00:00:00.000Z,57,59.3,62.5,62.5,70.1
סורוקה,57,2022-04-29T00:00:00.000Z,57,59.3,62.5,62.5,70.1
סורוקה,57,2022-04-29T00:00:00.000Z,57,59.3,62.5,62.5,70.1
סורוקה,57,2022-04-29T00:00:00.000Z,57,59.3,62.5,62.5,70.1
סורוקה,57,2022-04-29T00:00:00.000Z,57,59.3,62.5,62.5,70.1
סורוקה,57,2022-04-29T00:00:00.000Z,57,59.3,62.5,62.5,70.1
סורוקה,57,2022-04-29T00:00:00.000Z,57,59.3,62.5,62.5,70.1
סורוקה,57,2022-04-29T00:00:00.000Z,57,59.3,62.5,62.5,70.1
סורוקה,57,2022-04-29T00:00:00.000Z,57,59.3,62.5,62.5,70.1
סורוקה,57,2022-04-29T00:00:00.000Z,57,59.3,62.5,62.5,70.1
סורוקה,57,2022-04-29T00:00:00.000Z,57,59.3,62.5,62.5,70.1
סורוקה,57,2022-04-29T00:00:00.000Z,57,59.3,62.5,62.5,70.1
סורוקה,57,2022-04-29T00:00:00.000Z,57,59.3,62.5,62.5,70.1
סורוקה,57,2022-04-29T00:00:00.000Z,57,59.3,62.5,62.5,70.1
סורוקה,57,2022-04-29T00:00:00.000Z,57,59.3,62.5,62.5,70.1
סורוקה,57,2022-04-29T00:00:00.000Z,57,59.3,62.5,62.5,70.1
סורוקה,57,2022-04-29T00:00:00.000Z,57,59.3,62.5,62.5,70.1
סורוקה,57,2022-04-29T00:00:00.000Z,57,59.3,62.5,62.5,70.1
סורוקה,57,2022-04-29T00:00:00.000Z,57,59.3,62.5,62.5,70.1
סורוקה,57,2022-04-29T00:00:00.000Z,57,59.3,62.5,62.5,70.1
סורוקה,57,2022-04-29T00:00:00.000Z,57,59.3,62.5,62.5,70.1
סורוקה,57,2022-04-29T00:00:00.000Z,57,59.3,62.5,62.5,70.1
סורוקה,57,2022-04-29T00:00:00.000Z,57,59.3,62.5,62.5,70.1
סורוקה,57,2022-04-29T00:00:00.000Z,57,59.3,62.5,62.5,70.1
סורוקה,57,2022-04-29T00:00:00.000Z,57,59.3,62.5,62.5,70.1
סורוקה,57,2022-04-29T00:00:00.000Z,57,59.3,62.5,62.5,70.1
סורוקה,57,2022-04-29T00:00:00.000Z,57,59.3,62.5,62.5,70.1
סורוקה,57,2022-04-29T00:00:00.000Z,57,59.3,62.5,62.5,70.1
סורוקה,57,2022-04-29T00:00:00.000Z,57,59.3,62.5,62.5,70.1
סורוקה,57,2022-04-29T00:00:00.000Z,57,59.3,62.5,62.5,70.1
סורוקה,57,2022-04-29T00:00:00.000Z,57,59.3,62.5,62.5,70.1
סורוקה,57,2022-04-29T00:00:00.000Z,57,59.3,62.5,62.5,70.1
סורוקה,57,2022-04-29T00:00:00.000Z,57,59.3,62.5,62.5,70.1
סורוקה,57,2022-04-29T00:00:00.000Z,57,59.3,62.5,62.5,70.1
סורוקה,57,2022-04-29T00:00:00.000Z,57,59.3,62.5,62.5,70.1
סורוקה,57,2022-04-29T00:00:00.000Z,57,59.3,62.5,62.5,70.1
סורוקה,57,2022-04-29T00:00:00.000Z,57,59.3,62.5,62.5,70.1
סורוקה,57,2022-04-29T00:00:00.000Z,57,59.3,62.5,62.5,70.1
סורוקה,57,2022-04-29T00:00:00.000Z,57,59.3,62.5,62.5,70.1
סורוקה,57,2022-04-29T00:00:00.000Z,57,59.3,62.5,62.5,70.1
סורוקה,57,2022-04-29T00:00:00.000Z,57,59.3,62.5,62.5,70.1
סורוקה,57,2022-04-29T00:00:00.000Z,57,59.3,62.5,62.5,70.1
סורוקה,57,2022-04-29T00:00:00.000Z,57,59.3,62.5,62.5,70.1
סורוקה,57,2022-04-29T00:00:00.000Z,57,59.3,62.5,62.5,70.1
סורוקה,57,2022-04-29T00:00:00.000Z,57,59.3,62.5,62.5,70.1
סורוקה,57,2022-04-29T00:00:00.000Z,57,59.3,62.5,62.5,70.1
סורוקה,57,2022-04-29T00:00:00.000Z,57,59.3,62.5,62.5,70.1
סורוקה,57,2022-04-29T00:00:00.000Z,57,59.3,62.5,62.5,70.1
סורוקה,57,2022-04-29T00:00:00.000Z,57,59.3,62.5,62.5,70.1
סורוקה,57,2022-04-29T00:00:00.000Z,57,59.3,62.5,62.5,70.1
סורוקה,57,2022-04-29T00:00:00.000Z,57,59.3,62.5,62.5,70.1
סורוקה,57,2022-04-29T00:00:00.000Z,57,59.3,62.5,62.5,70.1
סורוקה,57,2022-04-29T00:00:00.000Z,57,59.3,62.5,62.5,70.1
סורוקה,57,2022-04-29T00:00:00.000Z,57,59.3,62.5,62.5,70.1
סורוקה,57,2022-04-29T00:00:00.000Z,57,59.3,62.5,62.5,70.1
סורוקה,57,2022-04-29T00:00:00.000Z,57,59.3,62.5,62.5,70.1
סורוקה,57,2022-04-29T00:00:00.000Z,57,59.3,62.5,62.5,70.1
סורוקה,57,2022-04-29T00:00:00.000Z,57,59.3,62.5,62.5,70.1
סורוקה,57,2022-04-29T00:00:00.000Z,57,59.3,62.5,62.5,70.1
סורוקה,57,2022-04-29T00:00:00.000Z,57,59.3,62.5,62.5,70.1
סורוקה,57,2022-04-29T00:00:00.000Z,57,59.3,62.5,62.5,70.1
סורוקה,57,2022-04-29T00:00:00.000Z,57,59.3,62.5,62.5,70.1
סורוקה,57,2022-04-29T00:00:00.000Z,57,59.3,62.5,62.5,70.1
סורוקה,57,2022-04-29T00:00:00.000Z,57,59.3,62.5,62.5,70.1
סורוקה,57,2022-04-29T00:00:00.000Z,57,59.3,62.5,62.5,70.1
סורוקה,57,2022-04-29T00:00:00.000Z,57,59.3,62.5,62.5,70.1
סורוקה,57,2022-04-29T00:00:00.000Z,57,59.3,62.5,62.5,70.1
סורוקה,57,2022-04-29T00:00:00.000Z,57,59.3,62.5,62.5,70.1
סורוקה,57,2022-04-29T00:00:00.000Z,57,59.3,62.5,62.5,70.1
סורוקה,57,2022-04-29T00:00:00.000Z,57,59.3,62.5,62.5,70.1
סורוקה,57,2022-04-29T00:00:00.000Z,57,59.3,62.5,62.5,70.1
סורוקה,57,2022-04-29T00:00:00.000Z,57,59.3,62.5,62.5,70.1
סורוקה,57,2022-04-29T00:00:00.000Z,57,59.3,62.5,62.5,70.1
סורוקה,57,2022-04-29T00:00:00.000Z,57,59.3,62.5,62.5,70.1
סורוקה,57,2022-04-29T00:00:00.000Z,57,59.3,62.5,62.5,70.1
סורוקה,57,2022-04-29T00:00:00.000Z,57,59.3,62.5,62.5,70.1
סורוקה,57,2022-04-29T00:00:00.000Z,57,59.3,62.5,62.5,70.1
סורוקה,57,2022-04-29T00:00:00.000Z,57,59.3,62.5,62.5,70.1
סורוקה,57,2022-04-29T00:00:00.000Z,57,59.3,62.5,62.5,70.1
סורוקה,57,2022-04-29T00:00:00.000Z,57,59.3,62.5,62.5,70.1
סורוקה,57,2022-04-29T00:00:00.000Z,57,59.3,62.5,62.5,70.1
סורוקה,57,2022-04-29T00:00:00.000Z,57,59.3,62.5,62.5,70.1
סורוקה,57,2022-04-29T00:00:00.000Z,57,59.3,62.5,62.5,70.1
סורוקה,57,2022-04-29T00:00:00.000Z,57,59.3,62.5,62.5,70.1
סורוקה,57,2022-04-29T00:00:00.000Z,57,59.3,62.5,62.5,70.1
סורוקה,57,2022-04-29T00:00:00.000Z,57,59.3,62.5,62.5,70.1
סורוקה,57,2022-04-29T00:00:00.000Z,57,59.3,62.5,62.5,70.1
סורוקה,57,2022-04-29T00:00:00.000Z,57,59.3,62.5,62.5,70.1
סורוקה,57,2022-04-29T00:00:00.000Z,57,59.3,62.5,62.5,70.1
סורוקה,57,2022-04-29T00:00:00.000Z,57,59.3,62.5,62.5,70.1
סורוקה,57,2022-04-29T00:00:00.000Z,57,59.3,62.5,62.5,70.1
סורוקה,57,2022-04-29T00:00:00.000Z,57,59.3,62.5,62.5,70.1
סורוקה,57,2022-04-29T00:00:00.000Z,57,59.3,62.5,62.5,70.1
סורוקה,57,2022-04-29T00:00:00.000Z,57,59.3,62.5,62.5,70.1
סורוקה,57,2022-04-29T00:00:00.000Z,57,59.3,62.5,62.5,70.1
סורוקה,57,2022-04-29T00:00:00.000Z,57,59.3,62.5,62.5,70.1
סורוקה,57,2022-04-29T00:00:00.000Z,57,59.3,62.5,62.5,70.1
סורוקה,57,2022-04-29T00:00:00.000Z,57,59.3,62.5,62.5,70.1
סורוקה,57,2022-04-29T00:00:00.000Z,57,59.3,62.5,62.5,70.1
סורוקה,57,2022-04-29T00:00:00.000Z,57,59.3,62.5,62.5,70.1
סורוקה,57,2022-04-29T00:00:00.000Z,57,59.3,62.5,62.5,70.1
סורוקה,57,2022-04-29T00:00:00.000Z,57,59.3,62.5,62.5,70.1
סורוקה,57,2022-04-29T00:00:00.000Z,57,59.3,62.5,62.5,70.1
סורוקה,57,2022-04-29T00:00:00.000Z,57,59.3,62.5,62.5,70.1
סורוקה,57,2022-04-29T00:00:00.000Z,57,59.3,62.5,62.5,70.1
סורוקה,57,2022-04-29T00:00:00.000Z,57,59.3,62.5,62.5,70.1
סורוקה,57,2022-04-29T00:00:00.000Z,57,59.3,62.5,62.5,70.1
סורוקה,57,2022-04-29T00:00:00.000Z,57,59.3,62.5,62.5,70.1
סורוקה,57,2022-04-29T00:00:00.000Z,57,59.3,62.5,62.5,70.1
סורוקה,57,2022-04-29T00:00:00.000Z,57,59.3,62.5,62.5,70.1
סורוקה,57,2022-04-29T00:00:00.000Z,57,59.3,62.5,62.5,70.1
סורוקה,57,2022-04-29T00:00:00.000Z,57,59.3,62.5,62.5,70.1
סורוקה,57,2022-04-29T00:00:00.000Z,57,59.3,62.5,62.5,70.1
סורוקה,57,2022-04-29T00:00:00.000Z,57,59.3,62.5,62.5,70.1
סורוקה,57,2022-04-29T00:00:00.000Z,57,59.3,62.5,62.5,70.1
סורוקה,57,2022-04-29T00:00:00.000Z,57,59.3,62.5,62.5,70.1
סורוקה,57,2022-04-29T00:00:00.000Z,57,59.3,62.5,62.5,70.1
סורוקה,57,2022-04-29T00:00:00.000Z,57,59.3,62.5,62.5,70.1
סורוקה,57,2022-04-29T00:00:00.000Z,57,59.3,62.5,62.5,70.1
סורוקה,57,2022-04-29T00:00:00.000Z,57,59.3,62.5,62.5,70.1
סורוקה,57,2022-04-29T00:00:00.000Z,57,59.3,62.5,62.5,70.1
סורוקה,57,2022-04-29T00:00:00.000Z,57,59.3,62.5,62.5,70.1
סורוקה,57,2022-04-29T00:00:00.000Z,57,59.3,62.5,62.5,70.1
סורוקה,57,2022-04-29T00:00:00.000Z,57,59.3,62.5,62.5,70.1
סורוקה,57,2022-04-29T00:00:00.000Z,57,59.3,62.5,62.5,70.1
סורוקה,57,2022-04-29T00:00:00.000Z,57,59.3,62.5,62.5,70.1
סורוקה,57,2022-04-29T00:00:00.000Z,57,59.3,62.5,62.5,70.1
סורוקה,57,2022-04-29T00:00:00.000Z,57,59.3,62.5,62.5,70.1
סורוקה,57,2022-04-29T00:00:00.000Z,57,59.3,62.5,62.5,70.1
סורוקה,57,2022-04-29T00:00:00.000Z,57,59.3,62.5,62.5,70.1
סורוקה,57,2022-04-29T00:00:00.000Z,57,59.3,62.5,62.5,70.1
סורוקה,57,2022-04-29T00:00:00.000Z,57,59.3,62.5,62.5,70.1
סורוקה,57,2022-04-29T00:00:00.000Z,57,59.3,62.5,62.5,70.1
סורוקה,57,2022-04-29T00:00:00.000Z,57,59.3,62.5,62.5,70.1
סורוקה,57,2022-04-29T00:00:00.000Z,57,59.3,62.5,62.5,70.1
סורוקה,57,2022-04-29T00:00:00.000Z,57,59.3,62.5,62.5,70.1
סורוקה,57,2022-04-29T00:00:00.000Z,57,59.3,62.5,62.5,70.1
סורוקה,57,2022-04-29T00:00:00.000Z,57,59.3,62.5,62.5,70.1
סורוקה,57,2022-04-29T00:00:00.000Z,57,59.3,62.5,62.5,70.1
סורוקה,57,2022-04-29T00:00:00.000Z,57,59.3,62.5,62.5,70.1
סורוקה,57,2022-04-29T00:00:00.000Z,57,59.3,62.5,62.5,70.1
סורוקה,57,2022-04-29T00:00:00.000Z,57,59.3,62.5,62.5,70.1
סורוקה,57,2022-04-29T00:00:00.000Z,57,59.3,62.5,62.5,70.1
סורוקה,57,2022-04-29T00:00:00.000Z,57,59.3,62.5,62.5,70.1
סורוקה,57,2022-04-29T00:00:00.000Z,57,59.3,62.5,62.5,70.1
סורוקה,57,2022-04-29T00:00:00.000Z,57,59.3,62.5,62.5,70.1
סורוקה,57,2022-04-29T00:00:00.000Z,57,59.3,62.5,62.5,70.1
סורוקה,57,2022-04-29T00:00:00.000Z,57,59.3,62.5,62.5,70.1
הדסה עין כרם,118.4,2022-04-29T00:00:00.000Z,108.7,124.3,81,86.2,97.8
הדסה עין כרם,118.4,2022-04-29T00:00:00.000Z,110.1,123,81,85.5,96.8
הדסה עין כרם,118.4,2022-04-29T00:00:00.000Z,111.5,121.8,81,84.7,95.8
הדסה עין כרם,118.4,2022-04-29T00:00:00.000Z,112.9,120.5,81,84,94.9
הדסה עין כרם,118.4,2022-04-29T00:00:00.000Z,114.3,119.3,81,83.2,93.9
הדסה עין כרם,118.4,2022-04-29T00:00:00.000Z,115.7,118,81,82.5,92.9
הדסה עין כרם,118.4,2022-04-29T00:00:00.000Z,117.1,116.8,81,81.7,92
הדסה עין כרם,118.4,2022-04-29T00:00:00.000Z,118.4,115.5,81,81,91
הדסה עין כרם,118.4,2022-04-29T00:00:00.000Z,118.4,115.5,81,81,91
הדסה עין כרם,118.4,2022-04-29T00:00:00.000Z,118.4,115.5,81,81,91
הדסה עין כרם,118.4,2022-04-29T00:00:00.000Z,118.4,115.5,81,81,91
הדסה עין כרם,118.4,2022-04-29T00:00:00.000Z,118.4,115.5,81,81,91
הדסה עין כרם,118.4,2022-04-29T00:00:00.000Z,118.4,115.5,81,81,91
הדסה עין כרם,118.4,2022-04-29T00:00:00.000Z,118.4,115.5,81,81,91
הדסה עין כרם,118.4,2022-04-29T00:00:00.000Z,118.4,115.5,81,81,91
הדסה עין כרם,118.4,2022-04-29T00:00:00.000Z,118.4,115.5,81,81,91
הדסה עין כרם,118.4,2022-04-29T00:00:00.000Z,118.4,115.5,81,81,91
הדסה עין כרם,118.4,2022-04-29T00:00:00.000Z,118.4,115.5,81,81,91
הדסה עין כרם,118.4,2022-04-29T00:00:00.000Z,118.4,115.5,81,81,91
הדסה עין כרם,118.4,2022-04-29T00:00:00.000Z,118.4,115.5,81,81,91
הדסה עין כרם,118.4,2022-04-29T00:00:00.000Z,118.4,115.5,81,81,91
הדסה עין כרם,118.4,2022-04-29T00:00:00.000Z,118.4,115.5,81,81,91
הדסה עין כרם,118.4,2022-04-29T00:00:00.000Z,118.4,115.5,81,81,91
הדסה עין כרם,118.4,2022-04-29T00:00:00.000Z,118.4,115.5,81,81,91
הדסה עין כרם,118.4,2022-04-29T00:00:00.000Z,118.4,115.5,81,81,91
הדסה עין כרם,118.4,2022-04-29T00:00:00.000Z,118.4,115.5,81,81,91
הדסה עין כרם,118.4,2022-04-29T00:00:00.000Z,118.4,115.5,81,81,91
הדסה עין כרם,118.4,2022-04-29T00:00:00.000Z,118.4,115.5,81,81,91
הדסה עין כרם,118.4,2022-04-29T00:00:00.000Z,118.4,115.5,81,81,91
הדסה עין כרם,118.4,2022-04-29T00:00:00.000Z,118.4,115.5,81,81,91
הדסה עין כרם,118.4,2022-04-29T00:00:00.000Z,118.4,115.5,81,81,91
הדסה עין כרם,118.4,2022-04-29T00:00:00.000Z,118.4,115.5,81,81,91
הדסה עין כרם,118.4,2022-04-29T00:00:00.000Z,118.4,115.5,81,81,91
הדסה עין כרם,118.4,2022-04-29T00:00:00.000Z,118.4,115.5,81,81,91
הדסה עין כרם,118.4,2022-04-29T00:00:00.000Z,118.4,115.5,81,81,91
הדסה עין כרם,118.4,2022-04-29T00:00:00.000Z,118.4,115.5,81,81,91
הדסה עין כרם,118.4,2022-04-29T00:00:00.000Z,118.4,115.5,81,81,91
הדסה עין כרם,118.4,2022-04-29T00:00:00.000Z,118.4,115.5,81,81,91
הדסה עין כרם,118.4,2022-04-29T00:00:00.000Z,118.4,115.5,81,81,91
הדסה עין כרם,118.4,2022-04-29T00:00:00.000Z,118.4,115.5,81,81,91
הדסה עין כרם,118.4,2022-04-29T00:00:00.000Z,118.4,115.5,81,81,91
הדסה עין כרם,118.4,2022-04-29T00:00:00.000Z,118.4,115.5,81,81,91
הדסה עין כרם,118.4,2022-04-29T00:00:00.000Z,118.4,115.5,81,81,91
הדסה עין כרם,118.4,2022-04-29T00:00:00.000Z,118.4,115.5,81,81,91
הדסה עין כרם,118.4,2022-04-29T00:00:00.000Z,118.4,115.5,81,81,91
הדסה עין כרם,118.4,2022-04-29T00:00:00.000Z,118.4,115.5,81,81,91
הדסה עין כרם,118.4,2022-04-29T00:00:00.000Z,118.4,115.5,81,81,91
הדסה עין כרם,118.4,2022-04-29T00:00:00.000Z,118.4,115.5,81,81,91
הדסה עין כרם,118.4,2022-04-29T00:00:00.000Z,118.4,115.5,81,81,91
הדסה עין כרם,118.4,2022-04-29T00:00:00.000Z,118.4,115.5,81,81,91
הדסה עין כרם,118.4,2022-04-29T00:00:00.000Z,118.4,115.5,81,81,91
הדסה עין כרם,118.4,2022-04-29T00:00:00.000Z,118.4,115.5,81,81,91
הדסה עין כרם,118.4,2022-04-29T00:00:00.000Z,118.4,115.5,81,81,91
הדסה עין כרם,118.4,2022-04-29T00:00:00.000Z,118.4,115.5,81,81,91
הדסה עין כרם,118.4,2022-04-29T00:00:00.000Z,118.4,115.5,81,81,91
הדסה עין כרם,118.4,2022-04-29T00:00:00.000Z,118.4,115.5,81,81,91
הדסה עין כרם,118.4,2022-04-29T00:00:00.000Z,118.4,115.5,81,81,91
הדסה עין כרם,118.4,2022-04-29T00:00:00.000Z,118.4,115.5,81,81,91
הדסה עין כרם,118.4,2022-04-29T00:00:00.000Z,118.4,115.5,81,81,91
הדסה עין כרם,118.4,2022-04-29T00:00:00.000Z,118.4,115.5,81,81,91
הדסה עין כרם,118.4,2022-04-29T00:00:00.000Z,118.4,115.5,81,81,91
הדסה עין כרם,118.4,2022-04-29T00:00:00.000Z,118.4,115.5,81,81,91
הדסה עין כרם,118.4,2022-04-29T00:00:00.000Z,118.4,115.5,81,81,91
הדסה עין כרם,118.4,2022-04-29T00:00:00.000Z,118.4,115.5,81,81,91
הדסה עין כרם,118.4,2022-04-29T00:00:00.000Z,118.4,115.5,81,81,91
הדסה עין כרם,118.4,2022-04-29T00:00:00.000Z,118.4,115.5,81,81,91
הדסה עין כרם,118.4,2022-04-29T00:00:00.000Z,118.4,115.5,81,81,91
הדסה עין כרם,118.4,2022-04-29T00:00:00.000Z,118.4,115.5,81,81,91
הדסה עין כרם,118.4,2022-04-29T00:00:00.000Z,118.4,115.5,81,81,91
הדסה עין כרם,118.4,2022-04-29T00:00:00.000Z,118.4,115.5,81,81,91
הדסה עין כרם,118.4,2022-04-29T00:00:00.000Z,118.4,115.5,81,81,91
הדסה עין כרם,118.4,2022-04-29T00:00:00.000Z,118.4,115.5,81,81,91
הדסה עין כרם,118.4,2022-04-29T00:00:00.000Z,118.4,115.5,81,81,91
הדסה עין כרם,118.4,2022-04-29T00:00:00.000Z,118.4,115.5,81,81,91
הדסה עין כרם,118.4,2022-04-29T00:00:00.000Z,118.4,115.5,81,81,91
הדסה עין כרם,118.4,2022-04-29T00:00:00.000Z,118.4,115.5,81,81,91
הדסה עין כרם,118.4,2022-04-29T00:00:00.000Z,118.4,115.5,81,81,91
הדסה עין כרם,118.4,2022-04-29T00:00:00.000Z,118.4,115.5,81,81,91
הדסה עין כרם,118.4,2022-04-29T00:00:00.000Z,118.4,115.5,81,81,91
הדסה עין כרם,118.4,2022-04-29T00:00:00.000Z,118.4,115.5,81,81,91
הדסה עין כרם,118.4,2022-04-29T00:00:00.000Z,118.4,115.5,81,81,91
הדסה עין כרם,118.4,2022-04-29T00:00:00.000Z,118.4,115.5,81,81,91
הדסה עין כרם,118.4,2022-04-29T00:00:00.000Z,118.4,115.5,81,81,91
הדסה עין כרם,118.4,2022-04-29T00:00:00.000Z,118.4,115.5,81,81,91
הדסה עין כרם,118.4,2022-04-29T00:00:00.000Z,118.4,115.5,81,81,91
הדסה עין כרם,118.4,2022-04-29T00:00:00.000Z,118.4,115.5,81,81,91
הדסה עין כרם,118.4,2022-04-29T00:00:00.000Z,118.4,115.5,81,81,91
הדסה עין כרם,118.4,2022-04-29T00:00:00.000Z,118.4,115.5,81,81,91
הדסה עין כרם,118.4,2022-04-29T00:00:00.000Z,118.4,115.5,81,81,91
הדסה עין כרם,118.4,2022-04-29T00:00:00.000Z,118.4,115.5,81,81,91
הדסה עין כרם,118.4,2022-04-29T00:00:00.000Z,118.4,115.5,81,81,91
הדסה עין כרם,118.4,2022-04-29T00:00:00.000Z,118.4,115.5,81,81,91
הדסה עין כרם,118.4,2022-04-29T00:00:00.000Z,118.4,115.5,81,81,91
הדסה עין כרם,118.4,2022-04-29T00:00:00.000Z,118.4,115.5,81,81,91
הדסה עין כרם,118.4,2022-04-29T00:00:00.000Z,118.4,115.5,81,81,91
הדסה עין כרם,118.4,2022-04-29T00:00:00.000Z,118.4,115.5,81,81,91
הדסה עין כרם,118.4,2022-04-29T00:00:00.000Z,118.4,115.5,81,81,91
הדסה עין כרם,118.4,2022-04-29T00:00:00.000Z,118.4,115.5,81,81,91
הדסה עין כרם,118.4,2022-04-29T00:00:00.000Z,118.4,115.5,81,81,91
הדסה עין כרם,118.4,2022-04-29T00:00:00.000Z,118.4,115.5,81,81,91
הדסה עין כרם,118.4,2022-04-29T00:00:00.000Z,118.4,115.5,81,81,91
הדסה עין כרם,118.4,2022-04-29T00:00:00.000Z,118.4,115.5,81,81,91
הדסה עין כרם,118.4,2022-04-29T00:00:00.000Z,118.4,115.5,81,81,91
הדסה עין כרם,118.4,2022-04-29T00:00:00.000Z,118.4,115.5,81,81,91
הדסה עין כרם,118.4,2022-04-29T00:00:00.000Z,118.4,115.5,81,81,91
הדסה עין כרם,118.4,2022-04-29T00:00:00.000Z,118.4,115.5,81,81,91
הדסה עין כרם,118.4,2022-04-29T00:00:00.000Z,118.4,115.5,81,81,91
הדסה עין כרם,118.4,2022-04-29T00:00:00.000Z,118.4,115.5,81,81,91
הדסה עין כרם,118.4,2022-04-29T00:00:00.000Z,118.4,115.5,81,81,91
הדסה עין כרם,118.4,2022-04-29T00:00:00.000Z,118.4,115.5,81,81,91
הדסה עין כרם,118.4,2022-04-29T00:00:00.000Z,118.4,115.5,81,81,91
הדסה עין כרם,118.4,2022-04-29T00:00:00.000Z,118.4,115.5,81,81,91
הדסה עין כרם,118.4,2022-04-29T00:00:00.000Z,118.4,115.5,81,81,91
הדסה עין כרם,118.4,2022-04-29T00:00:00.000Z,118.4,115.5,81,81,91
הדסה עין כרם,118.4,2022-04-29T00:00:00.000Z,118.4,115.5,81,81,91
הדסה עין כרם,118.4,2022-04-29T00:00:00.000Z,118.4,115.5,81,81,91
הדסה עין כרם,118.4,2022-04-29T00:00:00.000Z,118.4,115.5,81,81,91
הדסה עין כרם,118.4,2022-04-29T00:00:00.000Z,118.4,115.5,81,81,91
הדסה עין כרם,118.4,2022-04-29T00:00:00.000Z,118.4,115.5,81,81,91
הדסה עין כרם,118.4,2022-04-29T00:00:00.000Z,118.4,115.5,81,81,91
הדסה עין כרם,118.4,2022-04-29T00:00:00.000Z,118.4,115.5,81,81,91
הדסה עין כרם,118.4,2022-04-29T00:00:00.000Z,118.4,115.5,81,81,91
הדסה עין כרם,118.4,2022-04-29T00:00:00.000Z,118.4,115.5,81,81,91
הדסה עין כרם,118.4,2022-04-29T00:00:00.000Z,118.4,115.5,81,81,91
הדסה עין כרם,118.4,2022-04-29T00:00:00.000Z,118.4,115.5,81,81,91
הדסה עין כרם,118.4,2022-04-29T00:00:00.000Z,118.4,115.5,81,81,91
הדסה עין כרם,118.4,2022-04-29T00:00:00.000Z,118.4,115.5,81,81,91
הדסה עין כרם,118.4,2022-04-29T00:00:00.000Z,118.4,115.5,81,81,91
הדסה עין כרם,118.4,2022-04-29T00:00:00.000Z,118.4,115.5,81,81,91
הדסה עין כרם,118.4,2022-04-29T00:00:00.000Z,118.4,115.5,81,81,91
הדסה עין כרם,118.4,2022-04-29T00:00:00.000Z,118.4,115.5,81,81,91
הדסה עין כרם,118.4,2022-04-29T00:00:00.000Z,118.4,115.5,81,81,91
הדסה עין כרם,118.4,2022-04-29T00:00:00.000Z,118.4,115.5,81,81,91
הדסה עין כרם,118.4,2022-04-29T00:00:00.000Z,118.4,115.5,81,81,91
הדסה עין כרם,118.4,2022-04-29T00:00:00.000Z,118.4,115.5,81,81,91
הדסה עין כרם,118.4,2022-04-29T00:00:00.000Z,118.4,115.5,81,81,91
הדסה עין כרם,118.4,2022-04-29T00:00:00.000Z,118.4,115.5,81,81,91
הדסה עין כרם,118.4,2022-04-29T00:00:00.000Z,118.4,115.5,81,81,91
הדסה עין כרם,118.4,2022-04-29T00:00:00.000Z,118.4,115.5,81,81,91
הדסה עין כרם,118.4,2022-04-29T00:00:00.000Z,118.4,115.5,81,81,91
הדסה עין כרם,118.4,2022-04-29T00:00:00.000Z,118.4,115.5,81,81,91
הדסה עין כרם,118.4,2022-04-29T00:00:00.000Z,118.4,115.5,81,81,91
הדסה עין כרם,118.4,2022-04-29T00:00:00.000Z,118.4,115.5,81,81,91
הדסה עין כרם,118.4,2022-04-29T00:00:00.000Z,118.4,115.5,81,81,91
הדסה עין כרם,118.4,2022-04-29T00:00:00.000Z,118.4,115.5,81,81,91
הדסה עין כרם,118.4,2022-04-29T00:00:00.000Z,118.4,115.5,81,81,91
הדסה עין כרם,118.4,2022-04-29T00:00:00.000Z,118.4,115.5,81,81,91
הדסה עין כרם,118.4,2022-04-29T00:00:00.000Z,118.4,115.5,81,81,91
הדסה עין כרם,118.4,2022-04-29T00:00:00.000Z,118.4,115.5,81,81,91
הדסה עין כרם,118.4,2022-04-29T00:00:00.000Z,118.4,115.5,81,81,91
הדסה עין כרם,118.4,2022-04-29T00:00:00.000Z,118.4,115.5,81,81,91
הדסה עין כרם,118.4,2022-04-29T00:00:00.000Z,118.4,115.5,81,81,91
הדסה עין כרם,118.4,2022-04-29T00:00:00.000Z,118.4,115.5,81,81,91
הדסה עין כרם,118.4,2022-04-29T00:00:00.000Z,118.4,115.5,81,81,91
הדסה עין כרם,118.4,2022-04-29T00:00:00.000Z,118.4,115.5,81,81,91
הדסה עין כרם,118.4,2022-04-29T00:00:00.000Z,118.4,115.5,81,81,91
הדסה עין כרם,118.4,2022-04-29T00:00:00.000Z,118.4,115.5,81,81,91
הדסה עין כרם,118.4,2022-04-29T00:00:00.000Z,118.4,115.5,81,81,91
הדסה עין כרם,118.4,2022-04-29T00:00:00.000Z,118.4,115.5,81,81,91
הדסה עין כרם,118.4,2022-04-29T00:00:00.000Z,118.4,115.5,81,81,91
הדסה עין כרם,118.4,2022-04-29T00:00:00.000Z,118.4,115.5,81,81,91
הדסה עין כרם,118.4,2022-04-29T00:00:00.000Z,118.4,115.5,81,81,91
הדסה עין כרם,118.4,2022-04-29T00:00:00.000Z,118.4,115.5,81,81,91
הדסה עין כרם,118.4,2022-04-29T00:00:00.000Z,118.4,115.5,81,81,91
הדסה עין כרם,118.4,2022-04-29T00:00:00.000Z,118.4,115.5,81,81,91
הדסה עין כרם,118.4,2022-04-29T00:00:00.000Z,118.4,115.5,81,81,91
הדסה עין כרם,118.4,2022-04-29T00:00:00.000Z,118.4,115.5,81,81,91
הדסה עין כרם,118.4,2022-04-29T00:00:00.000Z,118.4,115.5,81,81,91
הדסה עין כרם,118.4,2022-04-29T00:00:00.000Z,118.4,115.5,81,81,91
הדסה עין כרם,118.4,2022-04-29T00:00:00.000Z,118.4,115.5,81,81,91
הדסה עין כרם,118.4,2022-04-29T00:00:00.000Z,118.4,115.5,81,81,91
הדסה עין כרם,118.4,2022-04-29T00:00:00.000Z,118.4,115.5,81,81,91
הדסה עין כרם,118.4,2022-04-29T00:00:00.000Z,118.4,115.5,81,81,91
הדסה עין כרם,118.4,2022-04-29T00:00:00.000Z,118.4,115.5,81,81,91
הדסה עין כרם,118.4,2022-04-29T00:00:00.000Z,118.4,115.5,81,81,91
הדסה עין כרם,118.4,2022-04-29T00:00:00.000Z,118.4,115.5,81,81,91
הדסה עין כרם,118.4,2022-04-29T00:00:00.000Z,118.4,115.5,81,81,91
הדסה עין כרם,118.4,2022-04-29T00:00:00.000Z,118.4,115.5,81,81,91
הדסה עין כרם,118.4,2022-04-29T00:00:00.000Z,118.4,115.5,81,81,91
שמואל הרופא,77.8,2022-04-29T00:00:00.000Z,77.8,80.6,74.5,74.5,82.7
שמואל הרופא,77.8,2022-04-29T00:00:00.000Z,77.8,80.6,74.5,74.5,82.7
שמואל הרופא,77.8,2022-04-29T00:00:00.000Z,77.8,80.6,74.5,74.5,82.7
שמואל הרופא,77.8,2022-04-29T00:00:00.000Z,77.8,80.6,74.5,74.5,82.7
שמואל הרופא,77.8,2022-04-29T00:00:00.000Z,77.8,80.6,74.5,74.5,82.7
שמואל הרופא,77.8,2022-04-29T00:00:00.000Z,77.8,80.6,74.5,74.5,82.7
שמואל הרופא,77.8,2022-04-29T00:00:00.000Z,77.8,80.6,74.5,74.5,82.7
שמואל הרופא,77.8,2022-04-29T00:00:00.000Z,77.8,80.6,74.5,74.5,82.7
שמואל הרופא,77.8,2022-04-29T00:00:00.000Z,77.8,80.6,74.5,74.5,82.7
שמואל הרופא,77.8,2022-04-29T00:00:00.000Z,77.8,80.6,74.5,74.5,82.7
שמואל הרופא,77.8,2022-04-29T00:00:00.000Z,77.8,80.6,74.5,74.5,82.7
שמואל הרופא,77.8,2022-04-29T00:00:00.000Z,77.8,80.6,74.5,74.5,82.7
שמואל הרופא,77.8,2022-04-29T00:00:00.000Z,77.8,80.6,74.5,74.5,82.7
שמואל הרופא,77.8,2022-04-29T00:00:00.000Z,77.8,80.6,74.5,74.5,82.7
שמואל הרופא,77.8,2022-04-29T00:00:00.000Z,77.8,80.6,74.5,74.5,82.7
שמואל הרופא,77.8,2022-04-29T00:00:00.000Z,77.8,80.6,74.5,74.5,82.7
שמואל הרופא,77.8,2022-04-29T00:00:00.000Z,77.8,80.6,74.5,74.5,82.7
שמואל הרופא,77.8,2022-04-29T00:00:00.000Z,77.8,80.6,74.5,74.5,82.7
שמואל הרופא,77.8,2022-04-29T00:00:00.000Z,77.8,80.6,74.5,74.5,82.7
שמואל הרופא,77.8,2022-04-29T00:00:00.000Z,77.8,80.6,74.5,74.5,82.7
שמואל הרופא,77.8,2022-04-29T00:00:00.000Z,77.8,80.6,74.5,74.5,82.7
שמואל הרופא,77.8,2022-04-29T00:00:00.000Z,77.8,80.6,74.5,74.5,82.7
שמואל הרופא,77.8,2022-04-29T00:00:00.000Z,77.8,80.6,74.5,74.5,82.7
שמואל הרופא,77.8,2022-04-29T00:00:00.000Z,77.8,80.6,74.5,74.5,82.7
שמואל הרופא,77.8,2022-04-29T00:00:00.000Z,77.8,80.6,74.5,74.5,82.7
שמואל הרופא,77.8,2022-04-29T00:00:00.000Z,77.8,80.6,74.5,74.5,82.7
שמואל הרופא,77.8,2022-04-29T00:00:00.000Z,77.8,80.6,74.5,74.5,82.7
שמואל הרופא,77.8,2022-04-29T00:00:00.000Z,77.8,80.6,74.5,74.5,82.7
שמואל הרופא,77.8,2022-04-29T00:00:00.000Z,77.8,80.6,74.5,74.5,82.7
שמואל הרופא,77.8,2022-04-29T00:00:00.000Z,77.8,80.6,74.5,74.5,82.7
שמואל הרופא,77.8,2022-04-29T00:00:00.000Z,77.8,80.6,74.5,74.5,82.7
שמואל הרופא,77.8,2022-04-29T00:00:00.000Z,77.8,80.6,74.5,74.5,82.7
שמואל הרופא,77.8,2022-04-29T00:00:00.000Z,77.8,80.6,74.5,74.5,82.7
שמואל הרופא,77.8,2022-04-29T00:00:00.000Z,77.8,80.6,74.5,74.5,82.7
שמואל הרופא,77.8,2022-04-29T00:00:00.000Z,77.8,80.6,74.5,74.5,82.7
שמואל הרופא,77.8,2022-04-29T00:00:00.000Z,77.8,80.6,74.5,74.5,82.7
שמואל הרופא,77.8,2022-04-29T00:00:00.000Z,77.8,80.6,74.5,74.5,82.7
שמואל הרופא,77.8,2022-04-29T00:00:00.000Z,77.8,80.6,74.5,74.5,82.7
שמואל הרופא,77.8,2022-04-29T00:00:00.000Z,77.8,80.6,74.5,74.5,82.7
שמואל הרופא,77.8,2022-04-29T00:00:00.000Z,77.8,80.6,74.5,74.5,82.7
שמואל הרופא,77.8,2022-04-29T00:00:00.000Z,77.8,80.6,74.5,74.5,82.7
שמואל הרופא,77.8,2022-04-29T00:00:00.000Z,77.8,80.6,74.5,74.5,82.7
שמואל הרופא,77.8,2022-04-29T00:00:00.000Z,77.8,80.6,74.5,74.5,82.7
שמואל הרופא,77.8,2022-04-29T00:00:00.000Z,77.8,80.6,74.5,74.5,82.7
שמואל הרופא,77.8,2022-04-29T00:00:00.000Z,77.8,80.6,74.5,74.5,82.7
שמואל הרופא,77.8,2022-04-29T00:00:00.000Z,77.8,80.6,74.5,74.5,82.7
שמואל הרופא,77.8,2022-04-29T00:00:00.000Z,77.8,80.6,74.5,74.5,82.7
שמואל הרופא,77.8,2022-04-29T00:00:00.000Z,77.8,80.6,74.5,74.5,82.7
שמואל הרופא,77.8,2022-04-29T00:00:00.000Z,77.8,80.6,74.5,74.5,82.7
שמואל הרופא,77.8,2022-04-29T00:00:00.000Z,77.8,80.6,74.5,74.5,82.7
שמואל הרופא,77.8,2022-04-29T00:00:00.000Z,77.8,80.6,74.5,74.5,82.7
שמואל הרופא,77.8,2022-04-29T00:00:00.000Z,77.8,80.6,74.5,74.5,82.7
שמואל הרופא,77.8,2022-04-29T00:00:00.000Z,77.8,80.6,74.5,74.5,82.7
שמואל הרופא,77.8,2022-04-29T00:00:00.000Z,77.8,80.6,74.5,74.5,82.7
שמואל הרופא,77.8,2022-04-29T00:00:00.000Z,77.8,80.6,74.5,74.5,82.7
שמואל הרופא,77.8,2022-04-29T00:00:00.000Z,77.8,80.6,74.5,74.5,82.7
שמואל הרופא,77.8,2022-04-29T00:00:00.000Z,77.8,80.6,74.5,74.5,82.7
שמואל הרופא,77.8,2022-04-29T00:00:00.000Z,77.8,80.6,74.5,74.5,82.7
שמואל הרופא,77.8,2022-04-29T00:00:00.000Z,77.8,80.6,74.5,74.5,82.7
שמואל הרופא,77.8,2022-04-29T00:00:00.000Z,77.8,80.6,74.5,74.5,82.7
שמואל הרופא,77.8,2022-04-29T00:00:00.000Z,77.8,80.6,74.5,74.5,82.7
שמואל הרופא,77.8,2022-04-29T00:00:00.000Z,77.8,80.6,74.5,74.5,82.7
שמואל הרופא,77.8,2022-04-29T00:00:00.000Z,77.8,80.6,74.5,74.5,82.7
שמואל הרופא,77.8,2022-04-29T00:00:00.000Z,77.8,80.6,74.5,74.5,82.7
שמואל הרופא,77.8,2022-04-29T00:00:00.000Z,77.8,80.6,74.5,74.5,82.7
שמואל הרופא,77.8,2022-04-29T00:00:00.000Z,77.8,80.6,74.5,74.5,82.7
שמואל הרופא,77.8,2022-04-29T00:00:00.000Z,77.8,80.6,74.5,74.5,82.7
שמואל הרופא,77.8,2022-04-29T00:00:00.000Z,77.8,80.6,74.5,74.5,82.7
שמואל הרופא,77.8,2022-04-29T00:00:00.000Z,77.8,80.6,74.5,74.5,82.7
שמואל הרופא,77.8,2022-04-29T00:00:00.000Z,77.8,80.6,74.5,74.5,82.7
שמואל הרופא,77.8,2022-04-29T00:00:00.000Z,77.8,80.6,74.5,74.5,82.7
שמואל הרופא,77.8,2022-04-29T00:00:00.000Z,77.8,80.6,74.5,74.5,82.7
שמואל הרופא,77.8,2022-04-29T00:00:00.000Z,77.8,80.6,74.5,74.5,82.7
שמואל הרופא,77.8,2022-04-29T00:00:00.000Z,77.8,80.6,74.5,74.5,82.7
שמואל הרופא,77.8,2022-04-29T00:00:00.000Z,77.8,80.6,74.5,74.5,82.7
שמואל הרופא,77.8,2022-04-29T00:00:00.000Z,77.8,80.6,74.5,74.5,82.7
שמואל הרופא,77.8,2022-04-29T00:00:00.000Z,77.8,80.6,74.5,74.5,82.7
הדסה עין כרם,118.4,2022-04-29T00:00:00.000Z,118.4,115.5,81,81,91
הדסה עין כרם,118.4,2022-04-29T00:00:00.000Z,118.4,115.5,81,81,91
הדסה עין כרם,118.4,2022-04-29T00:00:00.000Z,118.4,115.5,81,81,91
הדסה עין כרם,118.4,2022-04-29T00:00:00.000Z,118.4,115.5,81,81,91
הדסה עין כרם,118.4,2022-04-29T00:00:00.000Z,118.4,115.5,81,81,91
הדסה עין כרם,118.4,2022-04-29T00:00:00.000Z,118.4,115.5,81,81,91
הדסה עין כרם,118.4,2022-04-29T00:00:00.000Z,118.4,115.5,81,81,91
הדסה עין כרם,118.4,2022-04-29T00:00:00.000Z,118.4,115.5,81,81,91
הדסה עין כרם,118.4,2022-04-29T00:00:00.000Z,118.4,115.5,81,81,91
הדסה עין כרם,118.4,2022-04-29T00:00:00.000Z,118.4,115.5,81,81,91
הדסה עין כרם,118.4,2022-04-29T00:00:00.000Z,118.4,115.5,81,81,91
הדסה עין כרם,118.4,2022-04-29T00:00:00.000Z,118.4,115.5,81,81,91
הדסה עין כרם,118.4,2022-04-29T00:00:00.000Z,118.4,115.5,81,81,91
הדסה עין כרם,118.4,2022-04-29T00:00:00.000Z,118.4,115.5,81,81,91
הדסה עין כרם,118.4,2022-04-29T00:00:00.000Z,118.4,115.5,81,81,91
הדסה עין כרם,118.4,2022-04-29T00:00:00.000Z,118.4,115.5,81,81,91
הדסה עין כרם,118.4,2022-04-29T00:00:00.000Z,118.4,115.5,81,81,91
הדסה עין כרם,118.4,2022-04-29T00:00:00.000Z,118.4,115.5,81,81,91
הדסה עין כרם,118.4,2022-04-29T00:00:00.000Z,118.4,115.5,81,81,91
הדסה עין כרם,118.4,2022-04-29T00:00:00.000Z,118.4,115.5,81,81,91
הדסה עין כרם,118.4,2022-04-29T00:00:00.000Z,118.4,115.5,81,81,91
הדסה עין כרם,118.4,2022-04-29T00:00:00.000Z,118.4,115.5,81,81,91
הדסה עין כרם,118.4,2022-04-29T00:00:00.000Z,118.4,115.5,81,81,91
הדסה עין כרם,118.4,2022-04-29T00:00:00.000Z,118.4,115.5,81,81,91
הדסה עין כרם,118.4,2022-04-29T00:00:00.000Z,118.4,115.5,81,81,91
הדסה עין כרם,118.4,2022-04-29T00:00:00.000Z,118.4,115.5,81,81,91
הדסה עין כרם,118.4,2022-04-29T00:00:00.000Z,118.4,115.5,81,81,91
הדסה עין כרם,118.4,2022-04-29T00:00:00.000Z,118.4,115.5,81,81,91
הדסה עין כרם,118.4,2022-04-29T00:00:00.000Z,118.4,115.5,81,81,91
הדסה עין כרם,118.4,2022-04-29T00:00:00.000Z,118.4,115.5,81,81,91
הדסה עין כרם,118.4,2022-04-29T00:00:00.000Z,118.4,115.5,81,81,91
הדסה עין כרם,118.4,2022-04-29T00:00:00.000Z,118.4,115.5,81,81,91
הדסה עין כרם,118.4,2022-04-29T00:00:00.000Z,118.4,115.5,81,81,91
הדסה עין כרם,118.4,2022-04-29T00:00:00.000Z,118.4,115.5,81,81,91
הדסה עין כרם,118.4,2022-04-29T00:00:00.000Z,118.4,115.5,81,81,91
הדסה עין כרם,118.4,2022-04-29T00:00:00.000Z,118.4,115.5,81,81,91
הדסה עין כרם,118.4,2022-04-29T00:00:00.000Z,118.4,115.5,81,81,91
הדסה עין כרם,118.4,2022-04-29T00:00:00.000Z,118.4,115.5,81,81,91
הדסה עין כרם,118.4,2022-04-29T00:00:00.000Z,118.4,115.5,81,81,91
הדסה עין כרם,118.4,2022-04-29T00:00:00.000Z,118.4,115.5,81,81,91
הדסה עין כרם,118.4,2022-04-29T00:00:00.000Z,118.4,115.5,81,81,91
הדסה עין כרם,118.4,2022-04-29T00:00:00.000Z,118.4,115.5,81,81,91
הדסה עין כרם,118.4,2022-04-29T00:00:00.000Z,118.4,115.5,81,81,91
הדסה עין כרם,118.4,2022-04-29T00:00:00.000Z,118.4,115.5,81,81,91
הדסה עין כרם,118.4,2022-04-29T00:00:00.000Z,118.4,115.5,81,81,91
הדסה עין כרם,118.4,2022-04-29T00:00:00.000Z,118.4,115.5,81,81,91
הדסה עין כרם,118.4,2022-04-29T00:00:00.000Z,118.4,115.5,81,81,91
הדסה עין כרם,118.4,2022-04-29T00:00:00.000Z,118.4,115.5,81,81,91
הדסה עין כרם,118.4,2022-04-29T00:00:00.000Z,118.4,115.5,81,81,91
הדסה עין כרם,118.4,2022-04-29T00:00:00.000Z,118.4,115.5,81,81,91
הדסה עין כרם,118.4,2022-04-29T00:00:00.000Z,118.4,115.5,81,81,91
הדסה עין כרם,118.4,2022-04-29T00:00:00.000Z,118.4,115.5,81,81,91
הדסה עין כרם,118.4,2022-04-29T00:00:00.000Z,118.4,115.5,81,81,91
הדסה עין כרם,118.4,2022-04-29T00:00:00.000Z,118.4,115.5,81,81,91
הדסה עין כרם,118.4,2022-04-29T00:00:00.000Z,118.4,115.5,81,81,91
הדסה עין כרם,118.4,2022-04-29T00:00:00.000Z,118.4,115.5,81,81,91
הדסה עין כרם,118.4,2022-04-29T00:00:00.000Z,118.4,115.5,81,81,91
הדסה עין כרם,118.4,2022-04-29T00:00:00.000Z,118.4,115.5,81,81,91
הדסה עין כרם,118.4,2022-04-29T00:00:00.000Z,118.4,115.5,81,81,91
הדסה עין כרם,118.4,2022-04-29T00:00:00.000Z,118.4,115.5,81,81,91
הדסה עין כרם,118.4,2022-04-29T00:00:00.000Z,118.4,115.5,81,81,91
הדסה עין כרם,118.4,2022-04-29T00:00:00.000Z,118.4,115.5,81,81,91
הדסה עין כרם,118.4,2022-04-29T00:00:00.000Z,118.4,115.5,81,81,91
הדסה עין כרם,118.4,2022-04-29T00:00:00.000Z,118.4,115.5,81,81,91
הדסה עין כרם,118.4,2022-04-29T00:00:00.000Z,118.4,115.5,81,81,91
הדסה עין כרם,118.4,2022-04-29T00:00:00.000Z,118.4,115.5,81,81,91
הדסה עין כרם,118.4,2022-04-29T00:00:00.000Z,118.4,115.5,81,81,91
הדסה עין כרם,118.4,2022-04-29T00:00:00.000Z,118.4,115.5,81,81,91
הדסה עין כרם,118.4,2022-04-29T00:00:00.000Z,118.4,115.5,81,81,91
הדסה עין כרם,118.4,2022-04-29T00:00:00.000Z,118.4,115.5,81,81,91
הדסה עין כרם,118.4,2022-04-29T00:00:00.000Z,118.4,115.5,81,81,91
הדסה עין כרם,118.4,2022-04-29T00:00:00.000Z,118.4,115.5,81,81,91
הדסה עין כרם,118.4,2022-04-29T00:00:00.000Z,118.4,115.5,81,81,91
הדסה עין כרם,118.4,2022-04-29T00:00:00.000Z,118.4,115.5,81,81,91
הדסה עין כרם,118.4,2022-04-29T00:00:00.000Z,118.4,115.5,81,81,91
הדסה עין כרם,118.4,2022-04-29T00:00:00.000Z,118.4,115.5,81,81,91
הדסה עין כרם,118.4,2022-04-29T00:00:00.000Z,118.4,115.5,81,81,91
הדסה עין כרם,118.4,2022-04-29T00:00:00.000Z,118.4,115.5,81,81,91
הדסה עין כרם,118.4,2022-04-29T00:00:00.000Z,118.4,115.5,81,81,91
הדסה עין כרם,118.4,2022-04-29T00:00:00.000Z,118.4,115.5,81,81,91
הדסה עין כרם,118.4,2022-04-29T00:00:00.000Z,118.4,115.5,81,81,91
הדסה עין כרם,118.4,2022-04-29T00:00:00.000Z,118.4,115.5,81,81,91
הדסה עין כרם,118.4,2022-04-29T00:00:00.000Z,118.4,115.5,81,81,91
הדסה עין כרם,118.4,2022-04-29T00:00:00.000Z,118.4,115.5,81,81,91
הדסה עין כרם,118.4,2022-04-29T00:00:00.000Z,118.4,115.5,81,81,91
הדסה עין כרם,118.4,2022-04-29T00:00:00.000Z,118.4,115.5,81,81,91
הדסה עין כרם,118.4,2022-04-29T00:00:00.000Z,118.4,115.5,81,81,91
הדסה עין כרם,118.4,2022-04-29T00:00:00.000Z,118.4,115.5,81,81,91
הדסה עין כרם,118.4,2022-04-29T00:00:00.000Z,118.4,115.5,81,81,91
הדסה עין כרם,118.4,2022-04-29T00:00:00.000Z,118.4,115.5,81,81,91
הדסה עין כרם,118.4,2022-04-29T00:00:00.000Z,118.4,115.5,81,81,91
הדסה עין כרם,118.4,2022-04-29T00:00:00.000Z,118.4,115.5,81,81,91
הדסה עין כרם,118.4,2022-04-29T00:00:00.000Z,118.4,115.5,81,81,91
הדסה עין כרם,118.4,2022-04-29T00:00:00.000Z,118.4,115.5,81,81,91
הדסה עין כרם,118.4,2022-04-29T00:00:00.000Z,118.4,115.5,81,81,91
הדסה עין כרם,118.4,2022-04-29T00:00:00.000Z,118.4,115.5,81,81,91
הדסה עין כרם,118.4,2022-04-29T00:00:00.000Z,118.4,115.5,81,81,91
הדסה עין כרם,118.4,2022-04-29T00:00:00.000Z,118.4,115.5,81,81,91
הדסה עין כרם,118.4,2022-04-29T00:00:00.000Z,118.4,115.5,81,81,91
הדסה עין כרם,118.4,2022-04-29T00:00:00.000Z,118.4,115.5,81,81,91
הדסה עין כרם,118.4,2022-04-29T00:00:00.000Z,118.4,115.5,81,81,91
הדסה עין כרם,118.4,2022-04-29T00:00:00.000Z,118.4,115.5,81,81,91
הדסה עין כרם,118.4,2022-04-29T00:00:00.000Z,118.4,115.5,81,81,91
הדסה עין כרם,118.4,2022-04-29T00:00:00.000Z,118.4,115.5,81,81,91
הדסה עין כרם,118.4,2022-04-29T00:00:00.000Z,118.4,115.5,81,81,91
הדסה עין כרם,118.4,2022-04-29T00:00:00.000Z,118.4,115.5,81,81,91
הדסה עין כרם,118.4,2022-04-29T00:00:00.000Z,118.4,115.5,81,81,91
הדסה עין כרם,118.4,2022-04-29T00:00:00.000Z,118.4,115.5,81,81,91
הדסה עין כרם,118.4,2022-04-29T00:00:00.000Z,118.4,115.5,81,81,91
הדסה עין כרם,118.4,2022-04-29T00:00:00.000Z,118.4,115.5,81,81,91
הדסה עין כרם,118.4,2022-04-29T00:00:00.000Z,118.4,115.5,81,81,91
הדסה עין כרם,118.4,2022-04-29T00:00:00.000Z,118.4,115.5,81,81,91
הדסה עין כרם,118.4,2022-04-29T00:00:00.000Z,118.4,115.5,81,81,91
הדסה עין כרם,118.4,2022-04-29T00:00:00.000Z,118.4,115.5,81,81,91
הדסה עין כרם,118.4,2022-04-29T00:00:00.000Z,118.4,115.5,81,81,91
הדסה עין כרם,118.4,2022-04-29T00:00:00.000Z,118.4,115.5,81,81,91
הדסה עין כרם,118.4,2022-04-29T00:00:00.000Z,118.4,115.5,81,81,91
הדסה עין כרם,118.4,2022-04-29T00:00:00.000Z,118.4,115.5,81,81,91
הדסה עין כרם,118.4,2022-04-29T00:00:00.000Z,118.4,115.5,81,81,91
הדסה עין כרם,118.4,2022-04-29T00:00:00.000Z,118.4,115.5,81,81,91
הדסה עין כרם,118.4,2022-04-29T00:00:00.000Z,118.4,115.5,81,81,91
הדסה עין כרם,118.4,2022-04-29T00:00:00.000Z,118.4,115.5,81,81,91
הדסה עין כרם,118.4,2022-04-29T00:00:00.000Z,118.4,115.5,81,81,91
הדסה עין כרם,118.4,2022-04-29T00:00:00.000Z,118.4,115.5,81,81,91
הדסה עין כרם,118.4,2022-04-29T00:00:00.000Z,118.4,115.5,81,81,91
הדסה עין כרם,118.4,2022-04-29T00:00:00.000Z,118.4,115.5,81,81,91
הדסה עין כרם,118.4,2022-04-29T00:00:00.000Z,118.4,115.5,81,81,91
הדסה עין כרם,118.4,2022-04-29T00:00:00.000Z,118.4,115.5,81,81,91
הדסה עין כרם,118.4,2022-04-29T00:00:00.000Z,118.4,115.5,81,81,91
הדסה עין כרם,118.4,2022-04-29T00:00:00.000Z,118.4,115.5,81,81,91
הדסה עין כרם,118.4,2022-04-29T00:00:00.000Z,118.4,115.5,81,81,91
הדסה עין כרם,118.4,2022-04-29T00:00:00.000Z,118.4,115.5,81,81,91
הדסה עין כרם,118.4,2022-04-29T00:00:00.000Z,118.4,115.5,81,81,91
הדסה עין כרם,118.4,2022-04-29T00:00:00.000Z,118.4,115.5,81,81,91
הדסה עין כרם,118.4,2022-04-29T00:00:00.000Z,118.4,115.5,81,81,91
הדסה עין כרם,118.4,2022-04-29T00:00:00.000Z,118.4,115.5,81,81,91
הדסה עין כרם,118.4,2022-04-29T00:00:00.000Z,118.4,115.5,81,81,91
הדסה עין כרם,118.4,2022-04-29T00:00:00.000Z,118.4,115.5,81,81,91
הדסה עין כרם,118.4,2022-04-29T00:00:00.000Z,118.4,115.5,81,81,91
הדסה עין כרם,118.4,2022-04-29T00:00:00.000Z,118.4,115.5,81,81,91
הדסה עין כרם,118.4,2022-04-29T00:00:00.000Z,118.4,115.5,81,81,91
הדסה עין כרם,118.4,2022-04-29T00:00:00.000Z,118.4,115.5,81,81,91
הדסה עין כרם,118.4,2022-04-29T00:00:00.000Z,118.4,115.5,81,81,91
הדסה עין כרם,118.4,2022-04-29T00:00:00.000Z,118.4,115.5,81,81,91
הדסה עין כרם,118.4,2022-04-29T00:00:00.000Z,118.4,115.5,81,81,91
אסותא אשדוד,120.3,2022-04-29T00:00:00.000Z,139,176.3,112.6,141.3,158
אסותא אשדוד,120.3,2022-04-29T00:00:00.000Z,136.3,177,112.6,137.2,157.4
אסותא אשדוד,120.3,2022-04-29T00:00:00.000Z,133.7,177.7,112.6,133.1,156.8
אסותא אשדוד,120.3,2022-04-29T00:00:00.000Z,131,178.5,112.6,129,156.1
אסותא אשדוד,120.3,2022-04-29T00:00:00.000Z,128.3,179.2,112.6,124.9,155.5
אסותא אשדוד,120.3,2022-04-29T00:00:00.000Z,125.7,179.9,112.6,120.8,154.9
אסותא אשדוד,120.3,2022-04-29T00:00:00.000Z,123,180.6,112.6,116.7,154.2
אסותא אשדוד,120.3,2022-04-29T00:00:00.000Z,120.3,181.4,112.6,112.6,153.6
אסותא אשדוד,120.3,2022-04-29T00:00:00.000Z,120.3,181.4,112.6,112.6,153.6
אסותא אשדוד,120.3,2022-04-29T00:00:00.000Z,120.3,181.4,112.6,112.6,153.6
אסותא אשדוד,120.3,2022-04-29T00:00:00.000Z,120.3,181.4,112.6,112.6,153.6
אסותא אשדוד,120.3,2022-04-29T00:00:00.000Z,120.3,181.4,112.6,112.6,153.6
אסותא אשדוד,120.3,2022-04-29T00:00:00.000Z,120.3,181.4,112.6,112.6,153.6
אסותא אשדוד,120.3,2022-04-29T00:00:00.000Z,120.3,181.4,112.6,112.6,153.6
אסותא אשדוד,120.3,2022-04-29T00:00:00.000Z,120.3,181.4,112.6,112.6,153.6
אסותא אשדוד,120.3,2022-04-29T00:00:00.000Z,120.3,181.4,112.6,112.6,153.6
אסותא אשדוד,120.3,2022-04-29T00:00:00.000Z,120.3,181.4,112.6,112.6,153.6
אסותא אשדוד,120.3,2022-04-29T00:00:00.000Z,120.3,181.4,112.6,112.6,153.6
אסותא אשדוד,120.3,2022-04-29T00:00:00.000Z,120.3,181.4,112.6,112.6,153.6
אסותא אשדוד,120.3,2022-04-29T00:00:00.000Z,120.3,181.4,112.6,112.6,153.6
אסותא אשדוד,120.3,2022-04-29T00:00:00.000Z,120.3,181.4,112.6,112.6,153.6
אסותא אשדוד,120.3,2022-04-29T00:00:00.000Z,120.3,181.4,112.6,112.6,153.6
אסותא אשדוד,120.3,2022-04-29T00:00:00.000Z,120.3,181.4,112.6,112.6,153.6
אסותא אשדוד,120.3,2022-04-29T00:00:00.000Z,120.3,181.4,112.6,112.6,153.6
אסותא אשדוד,120.3,2022-04-29T00:00:00.000Z,120.3,181.4,112.6,112.6,153.6
אסותא אשדוד,120.3,2022-04-29T00:00:00.000Z,120.3,181.4,112.6,112.6,153.6
אסותא אשדוד,120.3,2022-04-29T00:00:00.000Z,120.3,181.4,112.6,112.6,153.6
אסותא אשדוד,120.3,2022-04-29T00:00:00.000Z,120.3,181.4,112.6,112.6,153.6
אסותא אשדוד,120.3,2022-04-29T00:00:00.000Z,120.3,181.4,112.6,112.6,153.6
אסותא אשדוד,120.3,2022-04-29T00:00:00.000Z,120.3,181.4,112.6,112.6,153.6
אסותא אשדוד,120.3,2022-04-29T00:00:00.000Z,120.3,181.4,112.6,112.6,153.6
אסותא אשדוד,120.3,2022-04-29T00:00:00.000Z,120.3,181.4,112.6,112.6,153.6
אסותא אשדוד,120.3,2022-04-29T00:00:00.000Z,120.3,181.4,112.6,112.6,153.6
אסותא אשדוד,120.3,2022-04-29T00:00:00.000Z,120.3,181.4,112.6,112.6,153.6
אסותא אשדוד,120.3,2022-04-29T00:00:00.000Z,120.3,181.4,112.6,112.6,153.6
אסותא אשדוד,120.3,2022-04-29T00:00:00.000Z,120.3,181.4,112.6,112.6,153.6
אסותא אשדוד,120.3,2022-04-29T00:00:00.000Z,120.3,181.4,112.6,112.6,153.6
אסותא אשדוד,120.3,2022-04-29T00:00:00.000Z,120.3,181.4,112.6,112.6,153.6
אסותא אשדוד,120.3,2022-04-29T00:00:00.000Z,120.3,181.4,112.6,112.6,153.6
אסותא אשדוד,120.3,2022-04-29T00:00:00.000Z,120.3,181.4,112.6,112.6,153.6
אסותא אשדוד,120.3,2022-04-29T00:00:00.000Z,120.3,181.4,112.6,112.6,153.6
אסותא אשדוד,120.3,2022-04-29T00:00:00.000Z,120.3,181.4,112.6,112.6,153.6
אסותא אשדוד,120.3,2022-04-29T00:00:00.000Z,120.3,181.4,112.6,112.6,153.6
אסותא אשדוד,120.3,2022-04-29T00:00:00.000Z,120.3,181.4,112.6,112.6,153.6
אסותא אשדוד,120.3,2022-04-29T00:00:00.000Z,120.3,181.4,112.6,112.6,153.6
אסותא אשדוד,120.3,2022-04-29T00:00:00.000Z,120.3,181.4,112.6,112.6,153.6
אסותא אשדוד,120.3,2022-04-29T00:00:00.000Z,120.3,181.4,112.6,112.6,153.6
אסותא אשדוד,120.3,2022-04-29T00:00:00.000Z,120.3,181.4,112.6,112.6,153.6
אסותא אשדוד,120.3,2022-04-29T00:00:00.000Z,120.3,181.4,112.6,112.6,153.6
אסותא אשדוד,120.3,2022-04-29T00:00:00.000Z,120.3,181.4,112.6,112.6,153.6
אסותא אשדוד,120.3,2022-04-29T00:00:00.000Z,120.3,181.4,112.6,112.6,153.6
אסותא אשדוד,120.3,2022-04-29T00:00:00.000Z,120.3,181.4,112.6,112.6,153.6
אסותא אשדוד,120.3,2022-04-29T00:00:00.000Z,120.3,181.4,112.6,112.6,153.6
אסותא אשדוד,120.3,2022-04-29T00:00:00.000Z,120.3,181.4,112.6,112.6,153.6
אסותא אשדוד,120.3,2022-04-29T00:00:00.000Z,120.3,181.4,112.6,112.6,153.6
אסותא אשדוד,120.3,2022-04-29T00:00:00.000Z,120.3,181.4,112.6,112.6,153.6
אסותא אשדוד,120.3,2022-04-29T00:00:00.000Z,120.3,181.4,112.6,112.6,153.6
אסותא אשדוד,120.3,2022-04-29T00:00:00.000Z,120.3,181.4,112.6,112.6,153.6
אסותא אשדוד,120.3,2022-04-29T00:00:00.000Z,120.3,181.4,112.6,112.6,153.6
אסותא אשדוד,120.3,2022-04-29T00:00:00.000Z,120.3,181.4,112.6,112.6,153.6
אסותא אשדוד,120.3,2022-04-29T00:00:00.000Z,120.3,181.4,112.6,112.6,153.6
אסותא אשדוד,120.3,2022-04-29T00:00:00.000Z,120.3,181.4,112.6,112.6,153.6
אסותא אשדוד,120.3,2022-04-29T00:00:00.000Z,120.3,181.4,112.6,112.6,153.6
אסותא אשדוד,120.3,2022-04-29T00:00:00.000Z,120.3,181.4,112.6,112.6,153.6
אסותא אשדוד,120.3,2022-04-29T00:00:00.000Z,120.3,181.4,112.6,112.6,153.6
אסותא אשדוד,120.3,2022-04-29T00:00:00.000Z,120.3,181.4,112.6,112.6,153.6
אסותא אשדוד,120.3,2022-04-29T00:00:00.000Z,120.3,181.4,112.6,112.6,153.6
אסותא אשדוד,120.3,2022-04-29T00:00:00.000Z,120.3,181.4,112.6,112.6,153.6
אסותא אשדוד,120.3,2022-04-29T00:00:00.000Z,120.3,181.4,112.6,112.6,153.6
אסותא אשדוד,120.3,2022-04-29T00:00:00.000Z,120.3,181.4,112.6,112.6,153.6
אסותא אשדוד,120.3,2022-04-29T00:00:00.000Z,120.3,181.4,112.6,112.6,153.6
אסותא אשדוד,120.3,2022-04-29T00:00:00.000Z,120.3,181.4,112.6,112.6,153.6
אסותא אשדוד,120.3,2022-04-29T00:00:00.000Z,120.3,181.4,112.6,112.6,153.6
אסותא אשדוד,120.3,2022-04-29T00:00:00.000Z,120.3,181.4,112.6,112.6,153.6
אסותא אשדוד,120.3,2022-04-29T00:00:00.000Z,120.3,181.4,112.6,112.6,153.6
אסותא אשדוד,120.3,2022-04-29T00:00:00.000Z,120.3,181.4,112.6,112.6,153.6
אסותא אשדוד,120.3,2022-04-29T00:00:00.000Z,120.3,181.4,112.6,112.6,153.6
אסותא אשדוד,120.3,2022-04-29T00:00:00.000Z,120.3,181.4,112.6,112.6,153.6
אסותא אשדוד,120.3,2022-04-29T00:00:00.000Z,120.3,181.4,112.6,112.6,153.6
אסותא אשדוד,120.3,2022-04-29T00:00:00.000Z,120.3,181.4,112.6,112.6,153.6
אסותא אשדוד,120.3,2022-04-29T00:00:00.000Z,120.3,181.4,112.6,112.6,153.6
אסותא אשדוד,120.3,2022-04-29T00:00:00.000Z,120.3,181.4,112.6,112.6,153.6
אסותא אשדוד,120.3,2022-04-29T00:00:00.000Z,120.3,181.4,112.6,112.6,153.6
אסותא אשדוד,120.3,2022-04-29T00:00:00.000Z,120.3,181.4,112.6,112.6,153.6
אסותא אשדוד,120.3,2022-04-29T00:00:00.000Z,120.3,181.4,112.6,112.6,153.6
אסותא אשדוד,120.3,2022-04-29T00:00:00.000Z,120.3,181.4,112.6,112.6,153.6
אסותא אשדוד,120.3,2022-04-29T00:00:00.000Z,120.3,181.4,112.6,112.6,153.6
אסותא אשדוד,120.3,2022-04-29T00:00:00.000Z,120.3,181.4,112.6,112.6,153.6
אסותא אשדוד,120.3,2022-04-29T00:00:00.000Z,120.3,181.4,112.6,112.6,153.6
אסותא אשדוד,120.3,2022-04-29T00:00:00.000Z,120.3,181.4,112.6,112.6,153.6
אסותא אשדוד,120.3,2022-04-29T00:00:00.000Z,120.3,181.4,112.6,112.6,153.6
אסותא אשדוד,120.3,2022-04-29T00:00:00.000Z,120.3,181.4,112.6,112.6,153.6
אסותא אשדוד,120.3,2022-04-29T00:00:00.000Z,120.3,181.4,112.6,112.6,153.6
אסותא אשדוד,120.3,2022-04-29T00:00:00.000Z,120.3,181.4,112.6,112.6,153.6
אסותא אשדוד,120.3,2022-04-29T00:00:00.000Z,120.3,181.4,112.6,112.6,153.6
אסותא אשדוד,120.3,2022-04-29T00:00:00.000Z,120.3,181.4,112.6,112.6,153.6
אסותא אשדוד,120.3,2022-04-29T00:00:00.000Z,120.3,181.4,112.6,112.6,153.6
אסותא אשדוד,120.3,2022-04-29T00:00:00.000Z,120.3,181.4,112.6,112.6,153.6
אסותא אשדוד,120.3,2022-04-29T00:00:00.000Z,120.3,181.4,112.6,112.6,153.6
אסותא אשדוד,120.3,2022-04-29T00:00:00.000Z,120.3,181.4,112.6,112.6,153.6
אסותא אשדוד,120.3,2022-04-29T00:00:00.000Z,120.3,181.4,112.6,112.6,153.6
אסותא אשדוד,120.3,2022-04-29T00:00:00.000Z,120.3,181.4,112.6,112.6,153.6
אסותא אשדוד,120.3,2022-04-29T00:00:00.000Z,120.3,181.4,112.6,112.6,153.6
אסותא אשדוד,120.3,2022-04-29T00:00:00.000Z,120.3,181.4,112.6,112.6,153.6
אסותא אשדוד,120.3,2022-04-29T00:00:00.000Z,120.3,181.4,112.6,112.6,153.6
אסותא אשדוד,120.3,2022-04-29T00:00:00.000Z,120.3,181.4,112.6,112.6,153.6
אסותא אשדוד,120.3,2022-04-29T00:00:00.000Z,120.3,181.4,112.6,112.6,153.6
אסותא אשדוד,120.3,2022-04-29T00:00:00.000Z,120.3,181.4,112.6,112.6,153.6
אסותא אשדוד,120.3,2022-04-29T00:00:00.000Z,120.3,181.4,112.6,112.6,153.6
אסותא אשדוד,120.3,2022-04-29T00:00:00.000Z,120.3,181.4,112.6,112.6,153.6
אסותא אשדוד,120.3,2022-04-29T00:00:00.000Z,120.3,181.4,112.6,112.6,153.6
אסותא אשדוד,120.3,2022-04-29T00:00:00.000Z,120.3,181.4,112.6,112.6,153.6
אסותא אשדוד,120.3,2022-04-29T00:00:00.000Z,120.3,181.4,112.6,112.6,153.6
אסותא אשדוד,120.3,2022-04-29T00:00:00.000Z,120.3,181.4,112.6,112.6,153.6
אסותא אשדוד,120.3,2022-04-29T00:00:00.000Z,120.3,181.4,112.6,112.6,153.6
אסותא אשדוד,120.3,2022-04-29T00:00:00.000Z,120.3,181.4,112.6,112.6,153.6
אסותא אשדוד,120.3,2022-04-29T00:00:00.000Z,120.3,181.4,112.6,112.6,153.6
אסותא אשדוד,120.3,2022-04-29T00:00:00.000Z,120.3,181.4,112.6,112.6,153.6
אסותא אשדוד,120.3,2022-04-29T00:00:00.000Z,120.3,181.4,112.6,112.6,153.6
אסותא אשדוד,120.3,2022-04-29T00:00:00.000Z,120.3,181.4,112.6,112.6,153.6
אסותא אשדוד,120.3,2022-04-29T00:00:00.000Z,120.3,181.4,112.6,112.6,153.6
אסותא אשדוד,120.3,2022-04-29T00:00:00.000Z,120.3,181.4,112.6,112.6,153.6
אסותא אשדוד,120.3,2022-04-29T00:00:00.000Z,120.3,181.4,112.6,112.6,153.6
אסותא אשדוד,120.3,2022-04-29T00:00:00.000Z,120.3,181.4,112.6,112.6,153.6
אסותא אשדוד,120.3,2022-04-29T00:00:00.000Z,120.3,181.4,112.6,112.6,153.6
אסותא אשדוד,120.3,2022-04-29T00:00:00.000Z,120.3,181.4,112.6,112.6,153.6
אסותא אשדוד,120.3,2022-04-29T00:00:00.000Z,120.3,181.4,112.6,112.6,153.6
אסותא אשדוד,120.3,2022-04-29T00:00:00.000Z,120.3,181.4,112.6,112.6,153.6
אסותא אשדוד,120.3,2022-04-29T00:00:00.000Z,120.3,181.4,112.6,112.6,153.6
אסותא אשדוד,120.3,2022-04-29T00:00:00.000Z,120.3,181.4,112.6,112.6,153.6
אסותא אשדוד,120.3,2022-04-29T00:00:00.000Z,120.3,181.4,112.6,112.6,153.6
אסותא אשדוד,120.3,2022-04-29T00:00:00.000Z,120.3,181.4,112.6,112.6,153.6
אסותא אשדוד,120.3,2022-04-29T00:00:00.000Z,120.3,181.4,112.6,112.6,153.6
אסותא אשדוד,120.3,2022-04-29T00:00:00.000Z,120.3,181.4,112.6,112.6,153.6
אסותא אשדוד,120.3,2022-04-29T00:00:00.000Z,120.3,181.4,112.6,112.6,153.6
אסותא אשדוד,120.3,2022-04-29T00:00:00.000Z,120.3,181.4,112.6,112.6,153.6
אסותא אשדוד,120.3,2022-04-29T00:00:00.000Z,120.3,181.4,112.6,112.6,153.6
אסותא אשדוד,120.3,2022-04-29T00:00:00.000Z,120.3,181.4,112.6,112.6,153.6
אסותא אשדוד,120.3,2022-04-29T00:00:00.000Z,120.3,181.4,112.6,112.6,153.6
אסותא אשדוד,120.3,2022-04-29T00:00:00.000Z,120.3,181.4,112.6,112.6,153.6
אסותא אשדוד,120.3,2022-04-29T00:00:00.000Z,120.3,181.4,112.6,112.6,153.6
אסותא אשדוד,120.3,2022-04-29T00:00:00.000Z,120.3,181.4,112.6,112.6,153.6
אסותא אשדוד,120.3,2022-04-29T00:00:00.000Z,120.3,181.4,112.6,112.6,153.6
אסותא אשדוד,120.3,2022-04-29T00:00:00.000Z,120.3,181.4,112.6,112.6,153.6
אסותא אשדוד,120.3,2022-04-29T00:00:00.000Z,120.3,181.4,112.6,112.6,153.6
אסותא אשדוד,120.3,2022-04-29T00:00:00.000Z,120.3,181.4,112.6,112.6,153.6
אסותא אשדוד,120.3,2022-04-29T00:00:00.000Z,120.3,181.4,112.6,112.6,153.6
אסותא אשדוד,120.3,2022-04-29T00:00:00.000Z,120.3,181.4,112.6,112.6,153.6
אסותא אשדוד,120.3,2022-04-29T00:00:00.000Z,120.3,181.4,112.6,112.6,153.6
אסותא אשדוד,120.3,2022-04-29T00:00:00.000Z,120.3,181.4,112.6,112.6,153.6
אסותא אשדוד,120.3,2022-04-29T00:00:00.000Z,120.3,181.4,112.6,112.6,153.6
אסותא אשדוד,120.3,2022-04-29T00:00:00.000Z,120.3,181.4,112.6,112.6,153.6
אסותא אשדוד,120.3,2022-04-29T00:00:00.000Z,120.3,181.4,112.6,112.6,153.6
אסותא אשדוד,120.3,2022-04-29T00:00:00.000Z,120.3,181.4,112.6,112.6,153.6
אסותא אשדוד,120.3,2022-04-29T00:00:00.000Z,120.3,181.4,112.6,112.6,153.6
אסותא אשדוד,120.3,2022-04-29T00:00:00.000Z,120.3,181.4,112.6,112.6,153.6
אסותא אשדוד,120.3,2022-04-29T00:00:00.000Z,120.3,181.4,112.6,112.6,153.6
אסותא אשדוד,120.3,2022-04-29T00:00:00.000Z,120.3,181.4,112.6,112.6,153.6
אסותא אשדוד,120.3,2022-04-29T00:00:00.000Z,120.3,181.4,112.6,112.6,153.6
אסותא אשדוד,120.3,2022-04-29T00:00:00.000Z,120.3,181.4,112.6,112.6,153.6
אסותא אשדוד,120.3,2022-04-29T00:00:00.000Z,120.3,181.4,112.6,112.6,153.6
אסותא אשדוד,120.3,2022-04-29T00:00:00.000Z,120.3,181.4,112.6,112.6,153.6
אסותא אשדוד,120.3,2022-04-29T00:00:00.000Z,120.3,181.4,112.6,112.6,153.6
אסותא אשדוד,120.3,2022-04-29T00:00:00.000Z,120.3,181.4,112.6,112.6,153.6
אסותא אשדוד,120.3,2022-04-29T00:00:00.000Z,120.3,181.4,112.6,112.6,153.6
אסותא אשדוד,120.3,2022-04-29T00:00:00.000Z,120.3,181.4,112.6,112.6,153.6
אסותא אשדוד,120.3,2022-04-29T00:00:00.000Z,120.3,181.4,112.6,112.6,153.6
אסותא אשדוד,120.3,2022-04-29T00:00:00.000Z,120.3,181.4,112.6,112.6,153.6
אסותא אשדוד,120.3,2022-04-29T00:00:00.000Z,120.3,181.4,112.6,112.6,153.6
אסותא אשדוד,120.3,2022-04-29T00:00:00.000Z,120.3,181.4,112.6,112.6,153.6
אסותא אשדוד,120.3,2022-04-29T00:00:00.000Z,120.3,181.4,112.6,112.6,153.6
אסותא אשדוד,120.3,2022-04-29T00:00:00.000Z,120.3,181.4,112.6,112.6,153.6
אסותא אשדוד,120.3,2022-04-29T00:00:00.000Z,120.3,181.4,112.6,112.6,153.6
אסותא אשדוד,120.3,2022-04-29T00:00:00.000Z,120.3,181.4,112.6,112.6,153.6
אסותא אשדוד,120.3,2022-04-29T00:00:00.000Z,120.3,181.4,112.6,112.6,153.6
אסותא אשדוד,120.3,2022-04-29T00:00:00.000Z,120.3,181.4,112.6,112.6,153.6
אסותא אשדוד,120.3,2022-04-29T00:00:00.000Z,120.3,181.4,112.6,112.6,153.6
אסותא אשדוד,120.3,2022-04-29T00:00:00.000Z,120.3,181.4,112.6,112.6,153.6
אסותא אשדוד,120.3,2022-04-29T00:00:00.000Z,120.3,181.4,112.6,112.6,153.6
אסותא אשדוד,120.3,2022-04-29T00:00:00.000Z,120.3,181.4,112.6,112.6,153.6
אסותא אשדוד,120.3,2022-04-29T00:00:00.000Z,120.3,181.4,112.6,112.6,153.6
אסותא אשדוד,120.3,2022-04-29T00:00:00.000Z,120.3,181.4,112.6,112.6,153.6
אסותא אשדוד,120.3,2022-04-29T00:00:00.000Z,120.3,181.4,112.6,112.6,153.6
אסותא אשדוד,120.3,2022-04-29T00:00:00.000Z,120.3,181.4,112.6,112.6,153.6
אסותא אשדוד,120.3,2022-04-29T00:00:00.000Z,120.3,181.4,112.6,112.6,153.6
אסותא אשדוד,120.3,2022-04-29T00:00:00.000Z,120.3,181.4,112.6,112.6,153.6
אסותא אשדוד,120.3,2022-04-29T00:00:00.000Z,120.3,181.4,112.6,112.6,153.6
אסותא אשדוד,120.3,2022-04-29T00:00:00.000Z,120.3,181.4,112.6,112.6,153.6
אסותא אשדוד,120.3,2022-04-29T00:00:00.000Z,120.3,181.4,112.6,112.6,153.6
אסותא אשדוד,120.3,2022-04-29T00:00:00.000Z,120.3,181.4,112.6,112.6,153.6
אסותא אשדוד,120.3,2022-04-29T00:00:00.000Z,120.3,181.4,112.6,112.6,153.6
אסותא אשדוד,120.3,2022-04-29T00:00:00.000Z,120.3,181.4,112.6,112.6,153.6
אסותא אשדוד,120.3,2022-04-29T00:00:00.000Z,120.3,181.4,112.6,112.6,153.6
אסותא אשדוד,120.3,2022-04-29T00:00:00.000Z,120.3,181.4,112.6,112.6,153.6
אסותא אשדוד,120.3,2022-04-29T00:00:00.000Z,120.3,181.4,112.6,112.6,153.6
אסותא אשדוד,120.3,2022-04-29T00:00:00.000Z,120.3,181.4,112.6,112.6,153.6
אסותא אשדוד,120.3,2022-04-29T00:00:00.000Z,120.3,181.4,112.6,112.6,153.6
אסותא אשדוד,120.3,2022-04-29T00:00:00.000Z,120.3,181.4,112.6,112.6,153.6
אסותא אשדוד,120.3,2022-04-29T00:00:00.000Z,120.3,181.4,112.6,112.6,153.6
אסותא אשדוד,120.3,2022-04-29T00:00:00.000Z,120.3,181.4,112.6,112.6,153.6
אסותא אשדוד,120.3,2022-04-29T00:00:00.000Z,120.3,181.4,112.6,112.6,153.6
אסותא אשדוד,120.3,2022-04-29T00:00:00.000Z,120.3,181.4,112.6,112.6,153.6
אסותא אשדוד,120.3,2022-04-29T00:00:00.000Z,120.3,181.4,112.6,112.6,153.6
אסותא אשדוד,120.3,2022-04-29T00:00:00.000Z,120.3,181.4,112.6,112.6,153.6
אסותא אשדוד,120.3,2022-04-29T00:00:00.000Z,120.3,181.4,112.6,112.6,153.6
אסותא אשדוד,120.3,2022-04-29T00:00:00.000Z,120.3,181.4,112.6,112.6,153.6
אסותא אשדוד,120.3,2022-04-29T00:00:00.000Z,120.3,181.4,112.6,112.6,153.6
אסותא אשדוד,120.3,2022-04-29T00:00:00.000Z,120.3,181.4,112.6,112.6,153.6
אסותא אשדוד,120.3,2022-04-29T00:00:00.000Z,120.3,181.4,112.6,112.6,153.6
אסותא אשדוד,120.3,2022-04-29T00:00:00.000Z,120.3,181.4,112.6,112.6,153.6
אסותא אשדוד,120.3,2022-04-29T00:00:00.000Z,120.3,181.4,112.6,112.6,153.6
אסותא אשדוד,120.3,2022-04-29T00:00:00.000Z,120.3,181.4,112.6,112.6,153.6
אסותא אשדוד,120.3,2022-04-29T00:00:00.000Z,120.3,181.4,112.6,112.6,153.6
אסותא אשדוד,120.3,2022-04-29T00:00:00.000Z,120.3,181.4,112.6,112.6,153.6
אסותא אשדוד,120.3,2022-04-29T00:00:00.000Z,120.3,181.4,112.6,112.6,153.6
אסותא אשדוד,120.3,2022-04-29T00:00:00.000Z,120.3,181.4,112.6,112.6,153.6
אסותא אשדוד,120.3,2022-04-29T00:00:00.000Z,120.3,181.4,112.6,112.6,153.6
אסותא אשדוד,120.3,2022-04-29T00:00:00.000Z,120.3,181.4,112.6,112.6,153.6
אסותא אשדוד,120.3,2022-04-29T00:00:00.000Z,120.3,181.4,112.6,112.6,153.6
אסותא אשדוד,120.3,2022-04-29T00:00:00.000Z,120.3,181.4,112.6,112.6,153.6
אסותא אשדוד,120.3,2022-04-29T00:00:00.000Z,120.3,181.4,112.6,112.6,153.6
אסותא אשדוד,120.3,2022-04-29T00:00:00.000Z,120.3,181.4,112.6,112.6,153.6
אסותא אשדוד,120.3,2022-04-29T00:00:00.000Z,120.3,181.4,112.6,112.6,153.6
אסותא אשדוד,120.3,2022-04-29T00:00:00.000Z,120.3,181.4,112.6,112.6,153.6
אסותא אשדוד,120.3,2022-04-29T00:00:00.000Z,120.3,181.4,112.6,112.6,153.6
אסותא אשדוד,120.3,2022-04-29T00:00:00.000Z,120.3,181.4,112.6,112.6,153.6
אסותא אשדוד,120.3,2022-04-29T00:00:00.000Z,120.3,181.4,112.6,112.6,153.6
אסותא אשדוד,120.3,2022-04-29T00:00:00.000Z,120.3,181.4,112.6,112.6,153.6
אסותא אשדוד,120.3,2022-04-29T00:00:00.000Z,120.3,181.4,112.6,112.6,153.6
אסותא אשדוד,120.3,2022-04-29T00:00:00.000Z,120.3,181.4,112.6,112.6,153.6
אסותא אשדוד,120.3,2022-04-29T00:00:00.000Z,120.3,181.4,112.6,112.6,153.6
אסותא אשדוד,120.3,2022-04-29T00:00:00.000Z,120.3,181.4,112.6,112.6,153.6
אסותא אשדוד,120.3,2022-04-29T00:00:00.000Z,120.3,181.4,112.6,112.6,153.6
אסותא אשדוד,120.3,2022-04-29T00:00:00.000Z,120.3,181.4,112.6,112.6,153.6
אסותא אשדוד,120.3,2022-04-29T00:00:00.000Z,120.3,181.4,112.6,112.6,153.6
אסותא אשדוד,120.3,2022-04-29T00:00:00.000Z,120.3,181.4,112.6,112.6,153.6
אסותא אשדוד,120.3,2022-04-29T00:00:00.000Z,120.3,181.4,112.6,112.6,153.6
אסותא אשדוד,120.3,2022-04-29T00:00:00.000Z,120.3,181.4,112.6,112.6,153.6
אסותא אשדוד,120.3,2022-04-29T00:00:00.000Z,120.3,181.4,112.6,112.6,153.6
אסותא אשדוד,120.3,2022-04-29T00:00:00.000Z,120.3,181.4,112.6,112.6,153.6
אסותא אשדוד,120.3,2022-04-29T00:00:00.000Z,120.3,181.4,112.6,112.6,153.6
אסותא אשדוד,120.3,2022-04-29T00:00:00.000Z,120.3,181.4,112.6,112.6,153.6
אסותא אשדוד,120.3,2022-04-29T00:00:00.000Z,120.3,181.4,112.6,112.6,153.6
אסותא אשדוד,120.3,2022-04-29T00:00:00.000Z,120.3,181.4,112.6,112.6,153.6
אסותא אשדוד,120.3,2022-04-29T00:00:00.000Z,120.3,181.4,112.6,112.6,153.6
אסותא אשדוד,120.3,2022-04-29T00:00:00.000Z,120.3,181.4,112.6,112.6,153.6
אסותא אשדוד,120.3,2022-04-29T00:00:00.000Z,120.3,181.4,112.6,112.6,153.6
אסותא אשדוד,120.3,2022-04-29T00:00:00.000Z,120.3,181.4,112.6,112.6,153.6
אסותא אשדוד,120.3,2022-04-29T00:00:00.000Z,120.3,181.4,112.6,112.6,153.6
אסותא אשדוד,120.3,2022-04-29T00:00:00.000Z,120.3,181.4,112.6,112.6,153.6
אסותא אשדוד,120.3,2022-04-29T00:00:00.000Z,120.3,181.4,112.6,112.6,153.6
אסותא אשדוד,120.3,2022-04-29T00:00:00.000Z,120.3,181.4,112.6,112.6,153.6
אסותא אשדוד,120.3,2022-04-29T00:00:00.000Z,120.3,181.4,112.6,112.6,153.6
אסותא אשדוד,120.3,2022-04-29T00:00:00.000Z,120.3,181.4,112.6,112.6,153.6
אסותא אשדוד,120.3,2022-04-29T00:00:00.000Z,120.3,181.4,112.6,112.6,153.6
אסותא אשדוד,120.3,2022-04-29T00:00:00.000Z,120.3,181.4,112.6,112.6,153.6
אסותא אשדוד,120.3,2022-04-29T00:00:00.000Z,120.3,181.4,112.6,112.6,153.6
אסותא אשדוד,120.3,2022-04-29T00:00:00.000Z,120.3,181.4,112.6,112.6,153.6
אסותא אשדוד,120.3,2022-04-29T00:00:00.000Z,120.3,181.4,112.6,112.6,153.6
אסותא אשדוד,120.3,2022-04-29T00:00:00.000Z,120.3,181.4,112.6,112.6,153.6
אסותא אשדוד,120.3,2022-04-29T00:00:00.000Z,120.3,181.4,112.6,112.6,153.6
אסותא אשדוד,120.3,2022-04-29T00:00:00.000Z,120.3,181.4,112.6,112.6,153.6
אסותא אשדוד,120.3,2022-04-29T00:00:00.000Z,120.3,181.4,112.6,112.6,153.6
אסותא אשדוד,120.3,2022-04-29T00:00:00.000Z,120.3,181.4,112.6,112.6,153.6
אסותא אשדוד,120.3,2022-04-29T00:00:00.000Z,120.3,181.4,112.6,112.6,153.6
אסותא אשדוד,120.3,2022-04-29T00:00:00.000Z,120.3,181.4,112.6,112.6,153.6
אסותא אשדוד,120.3,2022-04-29T00:00:00.000Z,120.3,181.4,112.6,112.6,153.6
אסותא אשדוד,120.3,2022-04-29T00:00:00.000Z,120.3,181.4,112.6,112.6,153.6
אסותא אשדוד,120.3,2022-04-29T00:00:00.000Z,120.3,181.4,112.6,112.6,153.6
אסותא אשדוד,120.3,2022-04-29T00:00:00.000Z,120.3,181.4,112.6,112.6,153.6
אסותא אשדוד,120.3,2022-04-29T00:00:00.000Z,120.3,181.4,112.6,112.6,153.6
אסותא אשדוד,120.3,2022-04-29T00:00:00.000Z,120.3,181.4,112.6,112.6,153.6
אסותא אשדוד,120.3,2022-04-29T00:00:00.000Z,120.3,181.4,112.6,112.6,153.6
אסותא אשדוד,120.3,2022-04-29T00:00:00.000Z,120.3,181.4,112.6,112.6,153.6
אסותא אשדוד,120.3,2022-04-29T00:00:00.000Z,120.3,181.4,112.6,112.6,153.6
אסותא אשדוד,120.3,2022-04-29T00:00:00.000Z,120.3,181.4,112.6,112.6,153.6
אסותא אשדוד,120.3,2022-04-29T00:00:00.000Z,120.3,181.4,112.6,112.6,153.6
אסותא אשדוד,120.3,2022-04-29T00:00:00.000Z,120.3,181.4,112.6,112.6,153.6
אסותא אשדוד,120.3,2022-04-29T00:00:00.000Z,120.3,181.4,112.6,112.6,153.6
אסותא אשדוד,120.3,2022-04-29T00:00:00.000Z,120.3,181.4,112.6,112.6,153.6
אסותא אשדוד,120.3,2022-04-29T00:00:00.000Z,120.3,181.4,112.6,112.6,153.6
אסותא אשדוד,120.3,2022-04-29T00:00:00.000Z,120.3,181.4,112.6,112.6,153.6
אסותא אשדוד,120.3,2022-04-29T00:00:00.000Z,120.3,181.4,112.6,112.6,153.6
אסותא אשדוד,120.3,2022-04-29T00:00:00.000Z,120.3,181.4,112.6,112.6,153.6
אסותא אשדוד,120.3,2022-04-29T00:00:00.000Z,120.3,181.4,112.6,112.6,153.6
אסותא אשדוד,120.3,2022-04-29T00:00:00.000Z,120.3,181.4,112.6,112.6,153.6
אסותא אשדוד,120.3,2022-04-29T00:00:00.000Z,120.3,181.4,112.6,112.6,153.6
אסותא אשדוד,120.3,2022-04-29T00:00:00.000Z,120.3,181.4,112.6,112.6,153.6
אסותא אשדוד,120.3,2022-04-29T00:00:00.000Z,120.3,181.4,112.6,112.6,153.6
אסותא אשדוד,120.3,2022-04-29T00:00:00.000Z,120.3,181.4,112.6,112.6,153.6
אסותא אשדוד,120.3,2022-04-29T00:00:00.000Z,120.3,181.4,112.6,112.6,153.6
אסותא אשדוד,120.3,2022-04-29T00:00:00.000Z,120.3,181.4,112.6,112.6,153.6
אסותא אשדוד,120.3,2022-04-29T00:00:00.000Z,120.3,181.4,112.6,112.6,153.6
אסותא אשדוד,120.3,2022-04-29T00:00:00.000Z,120.3,181.4,112.6,112.6,153.6
אסותא אשדוד,120.3,2022-04-29T00:00:00.000Z,120.3,181.4,112.6,112.6,153.6
אסותא אשדוד,120.3,2022-04-29T00:00:00.000Z,120.3,181.4,112.6,112.6,153.6
אסותא אשדוד,120.3,2022-04-29T00:00:00.000Z,120.3,181.4,112.6,112.6,153.6
אסותא אשדוד,120.3,2022-04-29T00:00:00.000Z,120.3,181.4,112.6,112.6,153.6
אסותא אשדוד,120.3,2022-04-29T00:00:00.000Z,120.3,181.4,112.6,112.6,153.6
אסותא אשדוד,120.3,2022-04-29T00:00:00.000Z,120.3,181.4,112.6,112.6,153.6
אסותא אשדוד,120.3,2022-04-29T00:00:00.000Z,120.3,181.4,112.6,112.6,153.6
אסותא אשדוד,120.3,2022-04-29T00:00:00.000Z,120.3,181.4,112.6,112.6,153.6
אסותא אשדוד,120.3,2022-04-29T00:00:00.000Z,120.3,181.4,112.6,112.6,153.6
אסותא אשדוד,120.3,2022-04-29T00:00:00.000Z,120.3,181.4,112.6,112.6,153.6
אסותא אשדוד,120.3,2022-04-29T00:00:00.000Z,120.3,181.4,112.6,112.6,153.6
אסותא אשדוד,120.3,2022-04-29T00:00:00.000Z,120.3,181.4,112.6,112.6,153.6
אסותא אשדוד,120.3,2022-04-29T00:00:00.000Z,120.3,181.4,112.6,112.6,153.6
אסותא אשדוד,120.3,2022-04-29T00:00:00.000Z,120.3,181.4,112.6,112.6,153.6
אסותא אשדוד,120.3,2022-04-29T00:00:00.000Z,120.3,181.4,112.6,112.6,153.6
אסותא אשדוד,120.3,2022-04-29T00:00:00.000Z,120.3,181.4,112.6,112.6,153.6
אסותא אשדוד,120.3,2022-04-29T00:00:00.000Z,120.3,181.4,112.6,112.6,153.6
אסותא אשדוד,120.3,2022-04-29T00:00:00.000Z,120.3,181.4,112.6,112.6,153.6
אסותא אשדוד,120.3,2022-04-29T00:00:00.000Z,120.3,181.4,112.6,112.6,153.6
אסותא אשדוד,120.3,2022-04-29T00:00:00.000Z,120.3,181.4,112.6,112.6,153.6
אסותא אשדוד,120.3,2022-04-29T00:00:00.000Z,120.3,181.4,112.6,112.6,153.6
אסותא אשדוד,120.3,2022-04-29T00:00:00.000Z,120.3,181.4,112.6,112.6,153.6
אסותא אשדוד,120.3,2022-04-29T00:00:00.000Z,120.3,181.4,112.6,112.6,153.6
אסותא אשדוד,120.3,2022-04-29T00:00:00.000Z,120.3,181.4,112.6,112.6,153.6
אסותא אשדוד,120.3,2022-04-29T00:00:00.000Z,120.3,181.4,112.6,112.6,153.6
אסותא אשדוד,120.3,2022-04-29T00:00:00.000Z,120.3,181.4,112.6,112.6,153.6
אסותא אשדוד,120.3,2022-04-29T00:00:00.000Z,120.3,181.4,112.6,112.6,153.6
אסותא אשדוד,120.3,2022-04-29T00:00:00.000Z,120.3,181.4,112.6,112.6,153.6
אסותא אשדוד,120.3,2022-04-29T00:00:00.000Z,120.3,181.4,112.6,112.6,153.6
אסותא אשדוד,120.3,2022-04-29T00:00:00.000Z,120.3,181.4,112.6,112.6,153.6
שמואל הרופא,77.8,2022-04-29T00:00:00.000Z,77.8,80.6,74.5,74.5,82.7
שמואל הרופא,77.8,2022-04-29T00:00:00.000Z,77.8,80.6,74.5,74.5,82.7
שמואל הרופא,77.8,2022-04-29T00:00:00.000Z,77.8,80.6,74.5,74.5,82.7
שמואל הרופא,77.8,2022-04-29T00:00:00.000Z,77.8,80.6,74.5,74.5,82.7
שמואל הרופא,77.8,2022-04-29T00:00:00.000Z,77.8,80.6,74.5,74.5,82.7
שמואל הרופא,77.8,2022-04-29T00:00:00.000Z,77.8,80.6,74.5,74.5,82.7
שמואל הרופא,77.8,2022-04-29T00:00:00.000Z,77.8,80.6,74.5,74.5,82.7
שמואל הרופא,77.8,2022-04-29T00:00:00.000Z,77.8,80.6,74.5,74.5,82.7
שמואל הרופא,77.8,2022-04-29T00:00:00.000Z,77.8,80.6,74.5,74.5,82.7
שמואל הרופא,77.8,2022-04-29T00:00:00.000Z,77.8,80.6,74.5,74.5,82.7
שמואל הרופא,77.8,2022-04-29T00:00:00.000Z,77.8,80.6,74.5,74.5,82.7
שמואל הרופא,77.8,2022-04-29T00:00:00.000Z,77.8,80.6,74.5,74.5,82.7
שמואל הרופא,77.8,2022-04-29T00:00:00.000Z,77.8,80.6,74.5,74.5,82.7
שמואל הרופא,77.8,2022-04-29T00:00:00.000Z,77.8,80.6,74.5,74.5,82.7
שמואל הרופא,77.8,2022-04-29T00:00:00.000Z,77.8,80.6,74.5,74.5,82.7
שמואל הרופא,77.8,2022-04-29T00:00:00.000Z,77.8,80.6,74.5,74.5,82.7
שמואל הרופא,77.8,2022-04-29T00:00:00.000Z,77.8,80.6,74.5,74.5,82.7
שמואל הרופא,77.8,2022-04-29T00:00:00.000Z,77.8,80.6,74.5,74.5,82.7
שמואל הרופא,77.8,2022-04-29T00:00:00.000Z,77.8,80.6,74.5,74.5,82.7
שמואל הרופא,77.8,2022-04-29T00:00:00.000Z,77.8,80.6,74.5,74.5,82.7
שמואל הרופא,77.8,2022-04-29T00:00:00.000Z,77.8,80.6,74.5,74.5,82.7
שמואל הרופא,77.8,2022-04-29T00:00:00.000Z,77.8,80.6,74.5,74.5,82.7
שמואל הרופא,77.8,2022-04-29T00:00:00.000Z,77.8,80.6,74.5,74.5,82.7
שמואל הרופא,77.8,2022-04-29T00:00:00.000Z,77.8,80.6,74.5,74.5,82.7
שמואל הרופא,77.8,2022-04-29T00:00:00.000Z,77.8,80.6,74.5,74.5,82.7
שמואל הרופא,77.8,2022-04-29T00:00:00.000Z,77.8,80.6,74.5,74.5,82.7
שמואל הרופא,77.8,2022-04-29T00:00:00.000Z,77.8,80.6,74.5,74.5,82.7
שמואל הרופא,77.8,2022-04-29T00:00:00.000Z,77.8,80.6,74.5,74.5,82.7
שמואל הרופא,77.8,2022-04-29T00:00:00.000Z,77.8,80.6,74.5,74.5,82.7
שמואל הרופא,77.8,2022-04-29T00:00:00.000Z,77.8,80.6,74.5,74.5,82.7
שמואל הרופא,77.8,2022-04-29T00:00:00.000Z,77.8,80.6,74.5,74.5,82.7
שמואל הרופא,77.8,2022-04-29T00:00:00.000Z,77.8,80.6,74.5,74.5,82.7
שמואל הרופא,77.8,2022-04-29T00:00:00.000Z,77.8,80.6,74.5,74.5,82.7
שמואל הרופא,77.8,2022-04-29T00:00:00.000Z,77.8,80.6,74.5,74.5,82.7
שמואל הרופא,77.8,2022-04-29T00:00:00.000Z,77.8,80.6,74.5,74.5,82.7
שמואל הרופא,77.8,2022-04-29T00:00:00.000Z,77.8,80.6,74.5,74.5,82.7
שמואל הרופא,77.8,2022-04-29T00:00:00.000Z,77.8,80.6,74.5,74.5,82.7
שמואל הרופא,77.8,2022-04-29T00:00:00.000Z,77.8,80.6,74.5,74.5,82.7
שמואל הרופא,77.8,2022-04-29T00:00:00.000Z,77.8,80.6,74.5,74.5,82.7
שמואל הרופא,77.8,2022-04-29T00:00:00.000Z,77.8,80.6,74.5,74.5,82.7
שמואל הרופא,77.8,2022-04-29T00:00:00.000Z,77.8,80.6,74.5,74.5,82.7
שמואל הרופא,77.8,2022-04-29T00:00:00.000Z,77.8,80.6,74.5,74.5,82.7
שמואל הרופא,77.8,2022-04-29T00:00:00.000Z,77.8,80.6,74.5,74.5,82.7
שמואל הרופא,77.8,2022-04-29T00:00:00.000Z,77.8,80.6,74.5,74.5,82.7
שמואל הרופא,77.8,2022-04-29T00:00:00.000Z,77.8,80.6,74.5,74.5,82.7
שמואל הרופא,77.8,2022-04-29T00:00:00.000Z,77.8,80.6,74.5,74.5,82.7
שמואל הרופא,77.8,2022-04-29T00:00:00.000Z,77.8,80.6,74.5,74.5,82.7
שמואל הרופא,77.8,2022-04-29T00:00:00.000Z,77.8,80.6,74.5,74.5,82.7
שמואל הרופא,77.8,2022-04-29T00:00:00.000Z,77.8,80.6,74.5,74.5,82.7
שמואל הרופא,77.8,2022-04-29T00:00:00.000Z,77.8,80.6,74.5,74.5,82.7
שמואל הרופא,77.8,2022-04-29T00:00:00.000Z,77.8,80.6,74.5,74.5,82.7
שמואל הרופא,77.8,2022-04-29T00:00:00.000Z,77.8,80.6,74.5,74.5,82.7
שמואל הרופא,77.8,2022-04-29T00:00:00.000Z,77.8,80.6,74.5,74.5,82.7
שמואל הרופא,77.8,2022-04-29T00:00:00.000Z,77.8,80.6,74.5,74.5,82.7
שמואל הרופא,77.8,2022-04-29T00:00:00.000Z,77.8,80.6,74.5,74.5,82.7
שמואל הרופא,77.8,2022-04-29T00:00:00.000Z,77.8,80.6,74.5,74.5,82.7
שמואל הרופא,77.8,2022-04-29T00:00:00.000Z,77.8,80.6,74.5,74.5,82.7
שמואל הרופא,77.8,2022-04-29T00:00:00.000Z,77.8,80.6,74.5,74.5,82.7
שמואל הרופא,77.8,2022-04-29T00:00:00.000Z,77.8,80.6,74.5,74.5,82.7
שמואל הרופא,77.8,2022-04-29T00:00:00.000Z,77.8,80.6,74.5,74.5,82.7
שמואל הרופא,77.8,2022-04-29T00:00:00.000Z,77.8,80.6,74.5,74.5,82.7
שמואל הרופא,77.8,2022-04-29T00:00:00.000Z,77.8,80.6,74.5,74.5,82.7
שמואל הרופא,77.8,2022-04-29T00:00:00.000Z,77.8,80.6,74.5,74.5,82.7
שמואל הרופא,77.8,2022-04-29T00:00:00.000Z,77.8,80.6,74.5,74.5,82.7
שמואל הרופא,77.8,2022-04-29T00:00:00.000Z,77.8,80.6,74.5,74.5,82.7
שמואל הרופא,77.8,2022-04-29T00:00:00.000Z,77.8,80.6,74.5,74.5,82.7
שמואל הרופא,77.8,2022-04-29T00:00:00.000Z,77.8,80.6,74.5,74.5,82.7
שמואל הרופא,77.8,2022-04-29T00:00:00.000Z,77.8,80.6,74.5,74.5,82.7
בני ציון,85.1,2022-04-29T00:00:00.000Z,93.4,88.4,68.6,86.4,85.7
בני ציון,85.1,2022-04-29T00:00:00.000Z,92.2,88.7,68.6,83.8,85.2
בני ציון,85.1,2022-04-29T00:00:00.000Z,91,88.9,68.6,81.3,84.7
בני ציון,85.1,2022-04-29T00:00:00.000Z,89.8,89.1,68.6,78.8,84.2
בני ציון,85.1,2022-04-29T00:00:00.000Z,88.7,89.4,68.6,76.2,83.7
בני ציון,85.1,2022-04-29T00:00:00.000Z,87.5,89.6,68.6,73.7,83.2
בני ציון,85.1,2022-04-29T00:00:00.000Z,86.3,89.8,68.6,71.1,82.7
בני ציון,85.1,2022-04-29T00:00:00.000Z,85.1,90.1,68.6,68.6,82.2
בני ציון,85.1,2022-04-29T00:00:00.000Z,85.1,90.1,68.6,68.6,82.2
בני ציון,85.1,2022-04-29T00:00:00.000Z,85.1,90.1,68.6,68.6,82.2
בני ציון,85.1,2022-04-29T00:00:00.000Z,85.1,90.1,68.6,68.6,82.2
בני ציון,85.1,2022-04-29T00:00:00.000Z,85.1,90.1,68.6,68.6,82.2
בני ציון,85.1,2022-04-29T00:00:00.000Z,85.1,90.1,68.6,68.6,82.2
בני ציון,85.1,2022-04-29T00:00:00.000Z,85.1,90.1,68.6,68.6,82.2
בני ציון,85.1,2022-04-29T00:00:00.000Z,85.1,90.1,68.6,68.6,82.2
בני ציון,85.1,2022-04-29T00:00:00.000Z,85.1,90.1,68.6,68.6,82.2
בני ציון,85.1,2022-04-29T00:00:00.000Z,85.1,90.1,68.6,68.6,82.2
בני ציון,85.1,2022-04-29T00:00:00.000Z,85.1,90.1,68.6,68.6,82.2
בני ציון,85.1,2022-04-29T00:00:00.000Z,85.1,90.1,68.6,68.6,82.2
בני ציון,85.1,2022-04-29T00:00:00.000Z,85.1,90.1,68.6,68.6,82.2
בני ציון,85.1,2022-04-29T00:00:00.000Z,85.1,90.1,68.6,68.6,82.2
בני ציון,85.1,2022-04-29T00:00:00.000Z,85.1,90.1,68.6,68.6,82.2
בני ציון,85.1,2022-04-29T00:00:00.000Z,85.1,90.1,68.6,68.6,82.2
בני ציון,85.1,2022-04-29T00:00:00.000Z,85.1,90.1,68.6,68.6,82.2
בני ציון,85.1,2022-04-29T00:00:00.000Z,85.1,90.1,68.6,68.6,82.2
בני ציון,85.1,2022-04-29T00:00:00.000Z,85.1,90.1,68.6,68.6,82.2
בני ציון,85.1,2022-04-29T00:00:00.000Z,85.1,90.1,68.6,68.6,82.2
בני ציון,85.1,2022-04-29T00:00:00.000Z,85.1,90.1,68.6,68.6,82.2
בני ציון,85.1,2022-04-29T00:00:00.000Z,85.1,90.1,68.6,68.6,82.2
בני ציון,85.1,2022-04-29T00:00:00.000Z,85.1,90.1,68.6,68.6,82.2
בני ציון,85.1,2022-04-29T00:00:00.000Z,85.1,90.1,68.6,68.6,82.2
בני ציון,85.1,2022-04-29T00:00:00.000Z,85.1,90.1,68.6,68.6,82.2
בני ציון,85.1,2022-04-29T00:00:00.000Z,85.1,90.1,68.6,68.6,82.2
בני ציון,85.1,2022-04-29T00:00:00.000Z,85.1,90.1,68.6,68.6,82.2
בני ציון,85.1,2022-04-29T00:00:00.000Z,85.1,90.1,68.6,68.6,82.2
בני ציון,85.1,2022-04-29T00:00:00.000Z,85.1,90.1,68.6,68.6,82.2
בני ציון,85.1,2022-04-29T00:00:00.000Z,85.1,90.1,68.6,68.6,82.2
בני ציון,85.1,2022-04-29T00:00:00.000Z,85.1,90.1,68.6,68.6,82.2
בני ציון,85.1,2022-04-29T00:00:00.000Z,85.1,90.1,68.6,68.6,82.2
בני ציון,85.1,2022-04-29T00:00:00.000Z,85.1,90.1,68.6,68.6,82.2
בני ציון,85.1,2022-04-29T00:00:00.000Z,85.1,90.1,68.6,68.6,82.2
בני ציון,85.1,2022-04-29T00:00:00.000Z,85.1,90.1,68.6,68.6,82.2
בני ציון,85.1,2022-04-29T00:00:00.000Z,85.1,90.1,68.6,68.6,82.2
בני ציון,85.1,2022-04-29T00:00:00.000Z,85.1,90.1,68.6,68.6,82.2
בני ציון,85.1,2022-04-29T00:00:00.000Z,85.1,90.1,68.6,68.6,82.2
בני ציון,85.1,2022-04-29T00:00:00.000Z,85.1,90.1,68.6,68.6,82.2
בני ציון,85.1,2022-04-29T00:00:00.000Z,85.1,90.1,68.6,68.6,82.2
בני ציון,85.1,2022-04-29T00:00:00.000Z,85.1,90.1,68.6,68.6,82.2
בני ציון,85.1,2022-04-29T00:00:00.000Z,85.1,90.1,68.6,68.6,82.2
בני ציון,85.1,2022-04-29T00:00:00.000Z,85.1,90.1,68.6,68.6,82.2
בני ציון,85.1,2022-04-29T00:00:00.000Z,85.1,90.1,68.6,68.6,82.2
בני ציון,85.1,2022-04-29T00:00:00.000Z,85.1,90.1,68.6,68.6,82.2
בני ציון,85.1,2022-04-29T00:00:00.000Z,85.1,90.1,68.6,68.6,82.2
בני ציון,85.1,2022-04-29T00:00:00.000Z,85.1,90.1,68.6,68.6,82.2
בני ציון,85.1,2022-04-29T00:00:00.000Z,85.1,90.1,68.6,68.6,82.2
בני ציון,85.1,2022-04-29T00:00:00.000Z,85.1,90.1,68.6,68.6,82.2
בני ציון,85.1,2022-04-29T00:00:00.000Z,85.1,90.1,68.6,68.6,82.2
בני ציון,85.1,2022-04-29T00:00:00.000Z,85.1,90.1,68.6,68.6,82.2
בני ציון,85.1,2022-04-29T00:00:00.000Z,85.1,90.1,68.6,68.6,82.2
בני ציון,85.1,2022-04-29T00:00:00.000Z,85.1,90.1,68.6,68.6,82.2
בני ציון,85.1,2022-04-29T00:00:00.000Z,85.1,90.1,68.6,68.6,82.2
בני ציון,85.1,2022-04-29T00:00:00.000Z,85.1,90.1,68.6,68.6,82.2
בני ציון,85.1,2022-04-29T00:00:00.000Z,85.1,90.1,68.6,68.6,82.2
בני ציון,85.1,2022-04-29T00:00:00.000Z,85.1,90.1,68.6,68.6,82.2
בני ציון,85.1,2022-04-29T00:00:00.000Z,85.1,90.1,68.6,68.6,82.2
בני ציון,85.1,2022-04-29T00:00:00.000Z,85.1,90.1,68.6,68.6,82.2
בני ציון,85.1,2022-04-29T00:00:00.000Z,85.1,90.1,68.6,68.6,82.2
בני ציון,85.1,2022-04-29T00:00:00.000Z,85.1,90.1,68.6,68.6,82.2
בני ציון,85.1,2022-04-29T00:00:00.000Z,85.1,90.1,68.6,68.6,82.2
בני ציון,85.1,2022-04-29T00:00:00.000Z,85.1,90.1,68.6,68.6,82.2
בני ציון,85.1,2022-04-29T00:00:00.000Z,85.1,90.1,68.6,68.6,82.2
שמואל הרופא,77.8,2022-04-29T00:00:00.000Z,77.8,80.6,74.5,74.5,82.7
שמואל הרופא,77.8,2022-04-29T00:00:00.000Z,77.8,80.6,74.5,74.5,82.7
בני ציון,85.1,2022-04-29T00:00:00.000Z,85.1,90.1,68.6,68.6,82.2
בני ציון,85.1,2022-04-29T00:00:00.000Z,85.1,90.1,68.6,68.6,82.2
בני ציון,85.1,2022-04-29T00:00:00.000Z,85.1,90.1,68.6,68.6,82.2
בני ציון,85.1,2022-04-29T00:00:00.000Z,85.1,90.1,68.6,68.6,82.2
בני ציון,85.1,2022-04-29T00:00:00.000Z,85.1,90.1,68.6,68.6,82.2
בני ציון,85.1,2022-04-29T00:00:00.000Z,85.1,90.1,68.6,68.6,82.2
בני ציון,85.1,2022-04-29T00:00:00.000Z,85.1,90.1,68.6,68.6,82.2
בני ציון,85.1,2022-04-29T00:00:00.000Z,85.1,90.1,68.6,68.6,82.2
בני ציון,85.1,2022-04-29T00:00:00.000Z,85.1,90.1,68.6,68.6,82.2
בני ציון,85.1,2022-04-29T00:00:00.000Z,85.1,90.1,68.6,68.6,82.2
בני ציון,85.1,2022-04-29T00:00:00.000Z,85.1,90.1,68.6,68.6,82.2
בני ציון,85.1,2022-04-29T00:00:00.000Z,85.1,90.1,68.6,68.6,82.2
בני ציון,85.1,2022-04-29T00:00:00.000Z,85.1,90.1,68.6,68.6,82.2
בני ציון,85.1,2022-04-29T00:00:00.000Z,85.1,90.1,68.6,68.6,82.2
בני ציון,85.1,2022-04-29T00:00:00.000Z,85.1,90.1,68.6,68.6,82.2
בני ציון,85.1,2022-04-29T00:00:00.000Z,85.1,90.1,68.6,68.6,82.2
בני ציון,85.1,2022-04-29T00:00:00.000Z,85.1,90.1,68.6,68.6,82.2
בני ציון,85.1,2022-04-29T00:00:00.000Z,85.1,90.1,68.6,68.6,82.2
בני ציון,85.1,2022-04-29T00:00:00.000Z,85.1,90.1,68.6,68.6,82.2
בני ציון,85.1,2022-04-29T00:00:00.000Z,85.1,90.1,68.6,68.6,82.2
בני ציון,85.1,2022-04-29T00:00:00.000Z,85.1,90.1,68.6,68.6,82.2
בני ציון,85.1,2022-04-29T00:00:00.000Z,85.1,90.1,68.6,68.6,82.2
בני ציון,85.1,2022-04-29T00:00:00.000Z,85.1,90.1,68.6,68.6,82.2
בני ציון,85.1,2022-04-29T00:00:00.000Z,85.1,90.1,68.6,68.6,82.2
בני ציון,85.1,2022-04-29T00:00:00.000Z,85.1,90.1,68.6,68.6,82.2
בני ציון,85.1,2022-04-29T00:00:00.000Z,85.1,90.1,68.6,68.6,82.2
בני ציון,85.1,2022-04-29T00:00:00.000Z,85.1,90.1,68.6,68.6,82.2
בני ציון,85.1,2022-04-29T00:00:00.000Z,85.1,90.1,68.6,68.6,82.2
בני ציון,85.1,2022-04-29T00:00:00.000Z,85.1,90.1,68.6,68.6,82.2
בני ציון,85.1,2022-04-29T00:00:00.000Z,85.1,90.1,68.6,68.6,82.2
בני ציון,85.1,2022-04-29T00:00:00.000Z,85.1,90.1,68.6,68.6,82.2
בני ציון,85.1,2022-04-29T00:00:00.000Z,85.1,90.1,68.6,68.6,82.2
בני ציון,85.1,2022-04-29T00:00:00.000Z,85.1,90.1,68.6,68.6,82.2
בני ציון,85.1,2022-04-29T00:00:00.000Z,85.1,90.1,68.6,68.6,82.2
בני ציון,85.1,2022-04-29T00:00:00.000Z,85.1,90.1,68.6,68.6,82.2
בני ציון,85.1,2022-04-29T00:00:00.000Z,85.1,90.1,68.6,68.6,82.2
פוריה,64.1,2022-04-29T00:00:00.000Z,65.2,61,63.4,67.6,68.7
פוריה,64.1,2022-04-29T00:00:00.000Z,64.1,60.3,63.4,63.4,67
רבין ק. בילינסון,116.7,2022-04-29T00:00:00.000Z,116.7,92.5,86.8,86.8,85.4
רבין ק. בילינסון,116.7,2022-04-29T00:00:00.000Z,116.7,92.5,86.8,86.8,85.4
הכרמל,59.4,2022-04-29T00:00:00.000Z,60.4,67.9,66.9,75.9,79.6
הכרמל,59.4,2022-04-29T00:00:00.000Z,60.2,67.8,66.9,74.6,78.6
הכרמל,59.4,2022-04-29T00:00:00.000Z,60.1,67.7,66.9,73.3,77.6
פוריה,64.1,2022-04-29T00:00:00.000Z,64.1,60.3,63.4,63.4,67
פוריה,64.1,2022-04-29T00:00:00.000Z,64.1,60.3,63.4,63.4,67
פוריה,64.1,2022-04-29T00:00:00.000Z,64.1,60.3,63.4,63.4,67
פוריה,64.1,2022-04-29T00:00:00.000Z,64.1,60.3,63.4,63.4,67
פוריה,64.1,2022-04-29T00:00:00.000Z,64.1,60.3,63.4,63.4,67
פוריה,64.1,2022-04-29T00:00:00.000Z,64.1,60.3,63.4,63.4,67
פוריה,64.1,2022-04-29T00:00:00.000Z,64.1,60.3,63.4,63.4,67
פוריה,64.1,2022-04-29T00:00:00.000Z,64.1,60.3,63.4,63.4,67
פוריה,64.1,2022-04-29T00:00:00.000Z,64.1,60.3,63.4,63.4,67
פוריה,64.1,2022-04-29T00:00:00.000Z,64.1,60.3,63.4,63.4,67
פוריה,64.1,2022-04-29T00:00:00.000Z,64.1,60.3,63.4,63.4,67
פוריה,64.1,2022-04-29T00:00:00.000Z,64.1,60.3,63.4,63.4,67
פוריה,64.1,2022-04-29T00:00:00.000Z,64.1,60.3,63.4,63.4,67
פוריה,64.1,2022-04-29T00:00:00.000Z,64.1,60.3,63.4,63.4,67
פוריה,64.1,2022-04-29T00:00:00.000Z,64.1,60.3,63.4,63.4,67
פוריה,64.1,2022-04-29T00:00:00.000Z,64.1,60.3,63.4,63.4,67
פוריה,64.1,2022-04-29T00:00:00.000Z,64.1,60.3,63.4,63.4,67
פוריה,64.1,2022-04-29T00:00:00.000Z,64.1,60.3,63.4,63.4,67
פוריה,64.1,2022-04-29T00:00:00.000Z,64.1,60.3,63.4,63.4,67
פוריה,64.1,2022-04-29T00:00:00.000Z,64.1,60.3,63.4,63.4,67
פוריה,64.1,2022-04-29T00:00:00.000Z,64.1,60.3,63.4,63.4,67
פוריה,64.1,2022-04-29T00:00:00.000Z,64.1,60.3,63.4,63.4,67
פוריה,64.1,2022-04-29T00:00:00.000Z,64.1,60.3,63.4,63.4,67
פוריה,64.1,2022-04-29T00:00:00.000Z,64.1,60.3,63.4,63.4,67
פוריה,64.1,2022-04-29T00:00:00.000Z,64.1,60.3,63.4,63.4,67
פוריה,64.1,2022-04-29T00:00:00.000Z,64.1,60.3,63.4,63.4,67
פוריה,64.1,2022-04-29T00:00:00.000Z,64.1,60.3,63.4,63.4,67
פוריה,64.1,2022-04-29T00:00:00.000Z,64.1,60.3,63.4,63.4,67
פוריה,64.1,2022-04-29T00:00:00.000Z,64.1,60.3,63.4,63.4,67
פוריה,64.1,2022-04-29T00:00:00.000Z,64.1,60.3,63.4,63.4,67
פוריה,64.1,2022-04-29T00:00:00.000Z,64.1,60.3,63.4,63.4,67
פוריה,64.1,2022-04-29T00:00:00.000Z,64.1,60.3,63.4,63.4,67
פוריה,64.1,2022-04-29T00:00:00.000Z,64.1,60.3,63.4,63.4,67
פוריה,64.1,2022-04-29T00:00:00.000Z,64.1,60.3,63.4,63.4,67
הכרמל,59.4,2022-04-29T00:00:00.000Z,60,67.5,66.9,72,76.7
הכרמל,59.4,2022-04-29T00:00:00.000Z,59.8,67.4,66.9,70.7,75.7
הכרמל,59.4,2022-04-29T00:00:00.000Z,59.7,67.3,66.9,69.4,74.7
הכרמל,59.4,2022-04-29T00:00:00.000Z,59.6,67.1,66.9,68.2,73.8
הכרמל,59.4,2022-04-29T00:00:00.000Z,59.4,67,66.9,66.9,72.8
הכרמל,59.4,2022-04-29T00:00:00.000Z,59.4,67,66.9,66.9,72.8
הכרמל,59.4,2022-04-29T00:00:00.000Z,59.4,67,66.9,66.9,72.8
הכרמל,59.4,2022-04-29T00:00:00.000Z,59.4,67,66.9,66.9,72.8
הכרמל,59.4,2022-04-29T00:00:00.000Z,59.4,67,66.9,66.9,72.8
הכרמל,59.4,2022-04-29T00:00:00.000Z,59.4,67,66.9,66.9,72.8
הכרמל,59.4,2022-04-29T00:00:00.000Z,59.4,67,66.9,66.9,72.8
הכרמל,59.4,2022-04-29T00:00:00.000Z,59.4,67,66.9,66.9,72.8
הכרמל,59.4,2022-04-29T00:00:00.000Z,59.4,67,66.9,66.9,72.8
הכרמל,59.4,2022-04-29T00:00:00.000Z,59.4,67,66.9,66.9,72.8
הכרמל,59.4,2022-04-29T00:00:00.000Z,59.4,67,66.9,66.9,72.8
הכרמל,59.4,2022-04-29T00:00:00.000Z,59.4,67,66.9,66.9,72.8
הכרמל,59.4,2022-04-29T00:00:00.000Z,59.4,67,66.9,66.9,72.8
הכרמל,59.4,2022-04-29T00:00:00.000Z,59.4,67,66.9,66.9,72.8
הכרמל,59.4,2022-04-29T00:00:00.000Z,59.4,67,66.9,66.9,72.8
הכרמל,59.4,2022-04-29T00:00:00.000Z,59.4,67,66.9,66.9,72.8
הכרמל,59.4,2022-04-29T00:00:00.000Z,59.4,67,66.9,66.9,72.8
הכרמל,59.4,2022-04-29T00:00:00.000Z,59.4,67,66.9,66.9,72.8
הכרמל,59.4,2022-04-29T00:00:00.000Z,59.4,67,66.9,66.9,72.8
הכרמל,59.4,2022-04-29T00:00:00.000Z,59.4,67,66.9,66.9,72.8
הכרמל,59.4,2022-04-29T00:00:00.000Z,59.4,67,66.9,66.9,72.8
הכרמל,59.4,2022-04-29T00:00:00.000Z,59.4,67,66.9,66.9,72.8
הכרמל,59.4,2022-04-29T00:00:00.000Z,59.4,67,66.9,66.9,72.8
הכרמל,59.4,2022-04-29T00:00:00.000Z,59.4,67,66.9,66.9,72.8
הכרמל,59.4,2022-04-29T00:00:00.000Z,59.4,67,66.9,66.9,72.8
הכרמל,59.4,2022-04-29T00:00:00.000Z,59.4,67,66.9,66.9,72.8
הכרמל,59.4,2022-04-29T00:00:00.000Z,59.4,67,66.9,66.9,72.8
הכרמל,59.4,2022-04-29T00:00:00.000Z,59.4,67,66.9,66.9,72.8
הכרמל,59.4,2022-04-29T00:00:00.000Z,59.4,67,66.9,66.9,72.8
הכרמל,59.4,2022-04-29T00:00:00.000Z,59.4,67,66.9,66.9,72.8
הכרמל,59.4,2022-04-29T00:00:00.000Z,59.4,67,66.9,66.9,72.8
הכרמל,59.4,2022-04-29T00:00:00.000Z,59.4,67,66.9,66.9,72.8
הכרמל,59.4,2022-04-29T00:00:00.000Z,59.4,67,66.9,66.9,72.8
הכרמל,59.4,2022-04-29T00:00:00.000Z,59.4,67,66.9,66.9,72.8
הכרמל,59.4,2022-04-29T00:00:00.000Z,59.4,67,66.9,66.9,72.8
הכרמל,59.4,2022-04-29T00:00:00.000Z,59.4,67,66.9,66.9,72.8
הכרמל,59.4,2022-04-29T00:00:00.000Z,59.4,67,66.9,66.9,72.8
הכרמל,59.4,2022-04-29T00:00:00.000Z,59.4,67,66.9,66.9,72.8
הכרמל,59.4,2022-04-29T00:00:00.000Z,59.4,67,66.9,66.9,72.8
הכרמל,59.4,2022-04-29T00:00:00.000Z,59.4,67,66.9,66.9,72.8
הכרמל,59.4,2022-04-29T00:00:00.000Z,59.4,67,66.9,66.9,72.8
הכרמל,59.4,2022-04-29T00:00:00.000Z,59.4,67,66.9,66.9,72.8
הכרמל,59.4,2022-04-29T00:00:00.000Z,59.4,67,66.9,66.9,72.8
הכרמל,59.4,2022-04-29T00:00:00.000Z,59.4,67,66.9,66.9,72.8
הכרמל,59.4,2022-04-29T00:00:00.000Z,59.4,67,66.9,66.9,72.8
הכרמל,59.4,2022-04-29T00:00:00.000Z,59.4,67,66.9,66.9,72.8
הכרמל,59.4,2022-04-29T00:00:00.000Z,59.4,67,66.9,66.9,72.8
הכרמל,59.4,2022-04-29T00:00:00.000Z,59.4,67,66.9,66.9,72.8
הכרמל,59.4,2022-04-29T00:00:00.000Z,59.4,67,66.9,66.9,72.8
הכרמל,59.4,2022-04-29T00:00:00.000Z,59.4,67,66.9,66.9,72.8
הכרמל,59.4,2022-04-29T00:00:00.000Z,59.4,67,66.9,66.9,72.8
הכרמל,59.4,2022-04-29T00:00:00.000Z,59.4,67,66.9,66.9,72.8
הכרמל,59.4,2022-04-29T00:00:00.000Z,59.4,67,66.9,66.9,72.8
הכרמל,59.4,2022-04-29T00:00:00.000Z,59.4,67,66.9,66.9,72.8
הכרמל,59.4,2022-04-29T00:00:00.000Z,59.4,67,66.9,66.9,72.8
הכרמל,59.4,2022-04-29T00:00:00.000Z,59.4,67,66.9,66.9,72.8
הכרמל,59.4,2022-04-29T00:00:00.000Z,59.4,67,66.9,66.9,72.8
הכרמל,59.4,2022-04-29T00:00:00.000Z,59.4,67,66.9,66.9,72.8
הכרמל,59.4,2022-04-29T00:00:00.000Z,59.4,67,66.9,66.9,72.8
הכרמל,59.4,2022-04-29T00:00:00.000Z,59.4,67,66.9,66.9,72.8
הכרמל,59.4,2022-04-29T00:00:00.000Z,59.4,67,66.9,66.9,72.8
הכרמל,59.4,2022-04-29T00:00:00.000Z,59.4,67,66.9,66.9,72.8
הכרמל,59.4,2022-04-29T00:00:00.000Z,59.4,67,66.9,66.9,72.8
הכרמל,59.4,2022-04-29T00:00:00.000Z,59.4,67,66.9,66.9,72.8
בני ציון,85.1,2022-04-29T00:00:00.000Z,85.1,90.1,68.6,68.6,82.2
בני ציון,85.1,2022-04-29T00:00:00.000Z,85.1,90.1,68.6,68.6,82.2
בני ציון,85.1,2022-04-29T00:00:00.000Z,85.1,90.1,68.6,68.6,82.2
בני ציון,85.1,2022-04-29T00:00:00.000Z,85.1,90.1,68.6,68.6,82.2
בני ציון,85.1,2022-04-29T00:00:00.000Z,85.1,90.1,68.6,68.6,82.2
בני ציון,85.1,2022-04-29T00:00:00.000Z,85.1,90.1,68.6,68.6,82.2
בני ציון,85.1,2022-04-29T00:00:00.000Z,85.1,90.1,68.6,68.6,82.2
בני ציון,85.1,2022-04-29T00:00:00.000Z,85.1,90.1,68.6,68.6,82.2
בני ציון,85.1,2022-04-29T00:00:00.000Z,85.1,90.1,68.6,68.6,82.2
בני ציון,85.1,2022-04-29T00:00:00.000Z,85.1,90.1,68.6,68.6,82.2
בני ציון,85.1,2022-04-29T00:00:00.000Z,85.1,90.1,68.6,68.6,82.2
בני ציון,85.1,2022-04-29T00:00:00.000Z,85.1,90.1,68.6,68.6,82.2
בני ציון,85.1,2022-04-29T00:00:00.000Z,85.1,90.1,68.6,68.6,82.2
בני ציון,85.1,2022-04-29T00:00:00.000Z,85.1,90.1,68.6,68.6,82.2
בני ציון,85.1,2022-04-29T00:00:00.000Z,85.1,90.1,68.6,68.6,82.2
בני ציון,85.1,2022-04-29T00:00:00.000Z,85.1,90.1,68.6,68.6,82.2
בני ציון,85.1,2022-04-29T00:00:00.000Z,85.1,90.1,68.6,68.6,82.2
בני ציון,85.1,2022-04-29T00:00:00.000Z,85.1,90.1,68.6,68.6,82.2
בני ציון,85.1,2022-04-29T00:00:00.000Z,85.1,90.1,68.6,68.6,82.2
בני ציון,85.1,2022-04-29T00:00:00.000Z,85.1,90.1,68.6,68.6,82.2
בני ציון,85.1,2022-04-29T00:00:00.000Z,85.1,90.1,68.6,68.6,82.2
בני ציון,85.1,2022-04-29T00:00:00.000Z,85.1,90.1,68.6,68.6,82.2
בני ציון,85.1,2022-04-29T00:00:00.000Z,85.1,90.1,68.6,68.6,82.2
בני ציון,85.1,2022-04-29T00:00:00.000Z,85.1,90.1,68.6,68.6,82.2
בני ציון,85.1,2022-04-29T00:00:00.000Z,85.1,90.1,68.6,68.6,82.2
בני ציון,85.1,2022-04-29T00:00:00.000Z,85.1,90.1,68.6,68.6,82.2
בני ציון,85.1,2022-04-29T00:00:00.000Z,85.1,90.1,68.6,68.6,82.2
בני ציון,85.1,2022-04-29T00:00:00.000Z,85.1,90.1,68.6,68.6,82.2
בני ציון,85.1,2022-04-29T00:00:00.000Z,85.1,90.1,68.6,68.6,82.2
בני ציון,85.1,2022-04-29T00:00:00.000Z,85.1,90.1,68.6,68.6,82.2
בני ציון,85.1,2022-04-29T00:00:00.000Z,85.1,90.1,68.6,68.6,82.2
בני ציון,85.1,2022-04-29T00:00:00.000Z,85.1,90.1,68.6,68.6,82.2
בני ציון,85.1,2022-04-29T00:00:00.000Z,85.1,90.1,68.6,68.6,82.2
בני ציון,85.1,2022-04-29T00:00:00.000Z,85.1,90.1,68.6,68.6,82.2
רבין ק. בילינסון,116.7,2022-04-29T00:00:00.000Z,116.7,92.5,86.8,86.8,85.4
רבין ק. בילינסון,116.7,2022-04-29T00:00:00.000Z,116.7,92.5,86.8,86.8,85.4
רבין ק. בילינסון,116.7,2022-04-29T00:00:00.000Z,116.7,92.5,86.8,86.8,85.4
רבין ק. בילינסון,116.7,2022-04-29T00:00:00.000Z,116.7,92.5,86.8,86.8,85.4
רבין ק. בילינסון,116.7,2022-04-29T00:00:00.000Z,116.7,92.5,86.8,86.8,85.4
רבין ק. בילינסון,116.7,2022-04-29T00:00:00.000Z,116.7,92.5,86.8,86.8,85.4
רבין ק. בילינסון,116.7,2022-04-29T00:00:00.000Z,116.7,92.5,86.8,86.8,85.4
רבין ק. בילינסון,116.7,2022-04-29T00:00:00.000Z,116.7,92.5,86.8,86.8,85.4
רבין ק. בילינסון,116.7,2022-04-29T00:00:00.000Z,116.7,92.5,86.8,86.8,85.4
רבין ק. בילינסון,116.7,2022-04-29T00:00:00.000Z,116.7,92.5,86.8,86.8,85.4
רבין ק. בילינסון,116.7,2022-04-29T00:00:00.000Z,116.7,92.5,86.8,86.8,85.4
רבין ק. בילינסון,116.7,2022-04-29T00:00:00.000Z,116.7,92.5,86.8,86.8,85.4
רבין ק. בילינסון,116.7,2022-04-29T00:00:00.000Z,116.7,92.5,86.8,86.8,85.4
רבין ק. בילינסון,116.7,2022-04-29T00:00:00.000Z,116.7,92.5,86.8,86.8,85.4
רבין ק. בילינסון,116.7,2022-04-29T00:00:00.000Z,116.7,92.5,86.8,86.8,85.4
רבין ק. בילינסון,116.7,2022-04-29T00:00:00.000Z,116.7,92.5,86.8,86.8,85.4
רבין ק. בילינסון,116.7,2022-04-29T00:00:00.000Z,116.7,92.5,86.8,86.8,85.4
רבין ק. בילינסון,116.7,2022-04-29T00:00:00.000Z,116.7,92.5,86.8,86.8,85.4
רבין ק. בילינסון,116.7,2022-04-29T00:00:00.000Z,116.7,92.5,86.8,86.8,85.4
רבין ק. בילינסון,116.7,2022-04-29T00:00:00.000Z,116.7,92.5,86.8,86.8,85.4
רבין ק. בילינסון,116.7,2022-04-29T00:00:00.000Z,116.7,92.5,86.8,86.8,85.4
רבין ק. בילינסון,116.7,2022-04-29T00:00:00.000Z,116.7,92.5,86.8,86.8,85.4
רבין ק. בילינסון,116.7,2022-04-29T00:00:00.000Z,116.7,92.5,86.8,86.8,85.4
רבין ק. בילינסון,116.7,2022-04-29T00:00:00.000Z,116.7,92.5,86.8,86.8,85.4
רבין ק. בילינסון,116.7,2022-04-29T00:00:00.000Z,116.7,92.5,86.8,86.8,85.4
רבין ק. בילינסון,116.7,2022-04-29T00:00:00.000Z,116.7,92.5,86.8,86.8,85.4
רבין ק. בילינסון,116.7,2022-04-29T00:00:00.000Z,116.7,92.5,86.8,86.8,85.4
רבין ק. בילינסון,116.7,2022-04-29T00:00:00.000Z,116.7,92.5,86.8,86.8,85.4
רבין ק. בילינסון,116.7,2022-04-29T00:00:00.000Z,116.7,92.5,86.8,86.8,85.4
רבין ק. בילינסון,116.7,2022-04-29T00:00:00.000Z,116.7,92.5,86.8,86.8,85.4
רבין ק. בילינסון,116.7,2022-04-29T00:00:00.000Z,116.7,92.5,86.8,86.8,85.4
רבין ק. בילינסון,116.7,2022-04-29T00:00:00.000Z,116.7,92.5,86.8,86.8,85.4
הכרמל,59.4,2022-04-29T00:00:00.000Z,59.4,67,66.9,66.9,72.8
הכרמל,59.4,2022-04-29T00:00:00.000Z,59.4,67,66.9,66.9,72.8
הכרמל,59.4,2022-04-29T00:00:00.000Z,59.4,67,66.9,66.9,72.8
הכרמל,59.4,2022-04-29T00:00:00.000Z,59.4,67,66.9,66.9,72.8
הכרמל,59.4,2022-04-29T00:00:00.000Z,59.4,67,66.9,66.9,72.8
הכרמל,59.4,2022-04-29T00:00:00.000Z,59.4,67,66.9,66.9,72.8
הכרמל,59.4,2022-04-29T00:00:00.000Z,59.4,67,66.9,66.9,72.8
הכרמל,59.4,2022-04-29T00:00:00.000Z,59.4,67,66.9,66.9,72.8
הכרמל,59.4,2022-04-29T00:00:00.000Z,59.4,67,66.9,66.9,72.8
הכרמל,59.4,2022-04-29T00:00:00.000Z,59.4,67,66.9,66.9,72.8
הכרמל,59.4,2022-04-29T00:00:00.000Z,59.4,67,66.9,66.9,72.8
הכרמל,59.4,2022-04-29T00:00:00.000Z,59.4,67,66.9,66.9,72.8
הכרמל,59.4,2022-04-29T00:00:00.000Z,59.4,67,66.9,66.9,72.8
הכרמל,59.4,2022-04-29T00:00:00.000Z,59.4,67,66.9,66.9,72.8
הכרמל,59.4,2022-04-29T00:00:00.000Z,59.4,67,66.9,66.9,72.8
הכרמל,59.4,2022-04-29T00:00:00.000Z,59.4,67,66.9,66.9,72.8
הכרמל,59.4,2022-04-29T00:00:00.000Z,59.4,67,66.9,66.9,72.8
הכרמל,59.4,2022-04-29T00:00:00.000Z,59.4,67,66.9,66.9,72.8
הכרמל,59.4,2022-04-29T00:00:00.000Z,59.4,67,66.9,66.9,72.8
הכרמל,59.4,2022-04-29T00:00:00.000Z,59.4,67,66.9,66.9,72.8
הכרמל,59.4,2022-04-29T00:00:00.000Z,59.4,67,66.9,66.9,72.8
הכרמל,59.4,2022-04-29T00:00:00.000Z,59.4,67,66.9,66.9,72.8
הכרמל,59.4,2022-04-29T00:00:00.000Z,59.4,67,66.9,66.9,72.8
הכרמל,59.4,2022-04-29T00:00:00.000Z,59.4,67,66.9,66.9,72.8
הכרמל,59.4,2022-04-29T00:00:00.000Z,59.4,67,66.9,66.9,72.8
הכרמל,59.4,2022-04-29T00:00:00.000Z,59.4,67,66.9,66.9,72.8
הכרמל,59.4,2022-04-29T00:00:00.000Z,59.4,67,66.9,66.9,72.8
הכרמל,59.4,2022-04-29T00:00:00.000Z,59.4,67,66.9,66.9,72.8
הכרמל,59.4,2022-04-29T00:00:00.000Z,59.4,67,66.9,66.9,72.8
הכרמל,59.4,2022-04-29T00:00:00.000Z,59.4,67,66.9,66.9,72.8
הכרמל,59.4,2022-04-29T00:00:00.000Z,59.4,67,66.9,66.9,72.8
הכרמל,59.4,2022-04-29T00:00:00.000Z,59.4,67,66.9,66.9,72.8
הכרמל,59.4,2022-04-29T00:00:00.000Z,59.4,67,66.9,66.9,72.8
הכרמל,59.4,2022-04-29T00:00:00.000Z,59.4,67,66.9,66.9,72.8
פוריה,64.1,2022-04-29T00:00:00.000Z,64.1,60.3,63.4,63.4,67
פוריה,64.1,2022-04-29T00:00:00.000Z,64.1,60.3,63.4,63.4,67
פוריה,64.1,2022-04-29T00:00:00.000Z,64.1,60.3,63.4,63.4,67
פוריה,64.1,2022-04-29T00:00:00.000Z,64.1,60.3,63.4,63.4,67
פוריה,64.1,2022-04-29T00:00:00.000Z,64.1,60.3,63.4,63.4,67
פוריה,64.1,2022-04-29T00:00:00.000Z,64.1,60.3,63.4,63.4,67
פוריה,64.1,2022-04-29T00:00:00.000Z,64.1,60.3,63.4,63.4,67
פוריה,64.1,2022-04-29T00:00:00.000Z,64.1,60.3,63.4,63.4,67
פוריה,64.1,2022-04-29T00:00:00.000Z,64.1,60.3,63.4,63.4,67
פוריה,64.1,2022-04-29T00:00:00.000Z,64.1,60.3,63.4,63.4,67
פוריה,64.1,2022-04-29T00:00:00.000Z,64.1,60.3,63.4,63.4,67
פוריה,64.1,2022-04-29T00:00:00.000Z,64.1,60.3,63.4,63.4,67
פוריה,64.1,2022-04-29T00:00:00.000Z,64.1,60.3,63.4,63.4,67
פוריה,64.1,2022-04-29T00:00:00.000Z,64.1,60.3,63.4,63.4,67
פוריה,64.1,2022-04-29T00:00:00.000Z,64.1,60.3,63.4,63.4,67
פוריה,64.1,2022-04-29T00:00:00.000Z,64.1,60.3,63.4,63.4,67
פוריה,64.1,2022-04-29T00:00:00.000Z,64.1,60.3,63.4,63.4,67
פוריה,64.1,2022-04-29T00:00:00.000Z,64.1,60.3,63.4,63.4,67
פוריה,64.1,2022-04-29T00:00:00.000Z,64.1,60.3,63.4,63.4,67
פוריה,64.1,2022-04-29T00:00:00.000Z,64.1,60.3,63.4,63.4,67
פוריה,64.1,2022-04-29T00:00:00.000Z,64.1,60.3,63.4,63.4,67
פוריה,64.1,2022-04-29T00:00:00.000Z,64.1,60.3,63.4,63.4,67
פוריה,64.1,2022-04-29T00:00:00.000Z,64.1,60.3,63.4,63.4,67
פוריה,64.1,2022-04-29T00:00:00.000Z,64.1,60.3,63.4,63.4,67
פוריה,64.1,2022-04-29T00:00:00.000Z,64.1,60.3,63.4,63.4,67
פוריה,64.1,2022-04-29T00:00:00.000Z,64.1,60.3,63.4,63.4,67
פוריה,64.1,2022-04-29T00:00:00.000Z,64.1,60.3,63.4,63.4,67
פוריה,64.1,2022-04-29T00:00:00.000Z,64.1,60.3,63.4,63.4,67
פוריה,64.1,2022-04-29T00:00:00.000Z,64.1,60.3,63.4,63.4,67
פוריה,64.1,2022-04-29T00:00:00.000Z,64.1,60.3,63.4,63.4,67
פוריה,64.1,2022-04-29T00:00:00.000Z,64.1,60.3,63.4,63.4,67
פוריה,64.1,2022-04-29T00:00:00.000Z,64.1,60.3,63.4,63.4,67
פוריה,64.1,2022-04-29T00:00:00.000Z,64.1,60.3,63.4,63.4,67
פוריה,64.1,2022-04-29T00:00:00.000Z,64.1,60.3,63.4,63.4,67
פוריה,64.1,2022-04-29T00:00:00.000Z,64.1,60.3,63.4,63.4,67
פוריה,64.1,2022-04-29T00:00:00.000Z,64.1,60.3,63.4,63.4,67
פוריה,64.1,2022-04-29T00:00:00.000Z,64.1,60.3,63.4,63.4,67
פוריה,64.1,2022-04-29T00:00:00.000Z,64.1,60.3,63.4,63.4,67
פוריה,64.1,2022-04-29T00:00:00.000Z,64.1,60.3,63.4,63.4,67
פוריה,64.1,2022-04-29T00:00:00.000Z,64.1,60.3,63.4,63.4,67
פוריה,64.1,2022-04-29T00:00:00.000Z,64.1,60.3,63.4,63.4,67
פוריה,64.1,2022-04-29T00:00:00.000Z,64.1,60.3,63.4,63.4,67
פוריה,64.1,2022-04-29T00:00:00.000Z,64.1,60.3,63.4,63.4,67
פוריה,64.1,2022-04-29T00:00:00.000Z,64.1,60.3,63.4,63.4,67
פוריה,64.1,2022-04-29T00:00:00.000Z,64.1,60.3,63.4,63.4,67
פוריה,64.1,2022-04-29T00:00:00.000Z,64.1,60.3,63.4,63.4,67
פוריה,64.1,2022-04-29T00:00:00.000Z,64.1,60.3,63.4,63.4,67
פוריה,64.1,2022-04-29T00:00:00.000Z,64.1,60.3,63.4,63.4,67
פוריה,64.1,2022-04-29T00:00:00.000Z,64.1,60.3,63.4,63.4,67
פוריה,64.1,2022-04-29T00:00:00.000Z,64.1,60.3,63.4,63.4,67
פוריה,64.1,2022-04-29T00:00:00.000Z,64.1,60.3,63.4,63.4,67
פוריה,64.1,2022-04-29T00:00:00.000Z,64.1,60.3,63.4,63.4,67
פוריה,64.1,2022-04-29T00:00:00.000Z,64.1,60.3,63.4,63.4,67
פוריה,64.1,2022-04-29T00:00:00.000Z,64.1,60.3,63.4,63.4,67
פוריה,64.1,2022-04-29T00:00:00.000Z,64.1,60.3,63.4,63.4,67
פוריה,64.1,2022-04-29T00:00:00.000Z,64.1,60.3,63.4,63.4,67
פוריה,64.1,2022-04-29T00:00:00.000Z,64.1,60.3,63.4,63.4,67
פוריה,64.1,2022-04-29T00:00:00.000Z,64.1,60.3,63.4,63.4,67
פוריה,64.1,2022-04-29T00:00:00.000Z,64.1,60.3,63.4,63.4,67
פוריה,64.1,2022-04-29T00:00:00.000Z,64.1,60.3,63.4,63.4,67
פוריה,64.1,2022-04-29T00:00:00.000Z,64.1,60.3,63.4,63.4,67
פוריה,64.1,2022-04-29T00:00:00.000Z,64.1,60.3,63.4,63.4,67
פוריה,64.1,2022-04-29T00:00:00.000Z,64.1,60.3,63.4,63.4,67
פוריה,64.1,2022-04-29T00:00:00.000Z,64.1,60.3,63.4,63.4,67
פוריה,64.1,2022-04-29T00:00:00.000Z,64.1,60.3,63.4,63.4,67
פוריה,64.1,2022-04-29T00:00:00.000Z,64.1,60.3,63.4,63.4,67
פוריה,64.1,2022-04-29T00:00:00.000Z,64.1,60.3,63.4,63.4,67
פוריה,64.1,2022-04-29T00:00:00.000Z,64.1,60.3,63.4,63.4,67
רבין ק. בילינסון,116.7,2022-04-29T00:00:00.000Z,116.7,92.5,86.8,86.8,85.4
רבין ק. בילינסון,116.7,2022-04-29T00:00:00.000Z,116.7,92.5,86.8,86.8,85.4
רבין ק. בילינסון,116.7,2022-04-29T00:00:00.000Z,116.7,92.5,86.8,86.8,85.4
רבין ק. בילינסון,116.7,2022-04-29T00:00:00.000Z,116.7,92.5,86.8,86.8,85.4
רבין ק. בילינסון,116.7,2022-04-29T00:00:00.000Z,116.7,92.5,86.8,86.8,85.4
רבין ק. בילינסון,116.7,2022-04-29T00:00:00.000Z,116.7,92.5,86.8,86.8,85.4
רבין ק. בילינסון,116.7,2022-04-29T00:00:00.000Z,116.7,92.5,86.8,86.8,85.4
רבין ק. בילינסון,116.7,2022-04-29T00:00:00.000Z,116.7,92.5,86.8,86.8,85.4
רבין ק. בילינסון,116.7,2022-04-29T00:00:00.000Z,116.7,92.5,86.8,86.8,85.4
רבין ק. בילינסון,116.7,2022-04-29T00:00:00.000Z,116.7,92.5,86.8,86.8,85.4
רבין ק. בילינסון,116.7,2022-04-29T00:00:00.000Z,116.7,92.5,86.8,86.8,85.4
רבין ק. בילינסון,116.7,2022-04-29T00:00:00.000Z,116.7,92.5,86.8,86.8,85.4
רבין ק. בילינסון,116.7,2022-04-29T00:00:00.000Z,116.7,92.5,86.8,86.8,85.4
רבין ק. בילינסון,116.7,2022-04-29T00:00:00.000Z,116.7,92.5,86.8,86.8,85.4
רבין ק. בילינסון,116.7,2022-04-29T00:00:00.000Z,116.7,92.5,86.8,86.8,85.4
רבין ק. בילינסון,116.7,2022-04-29T00:00:00.000Z,116.7,92.5,86.8,86.8,85.4
רבין ק. בילינסון,116.7,2022-04-29T00:00:00.000Z,116.7,92.5,86.8,86.8,85.4
רבין ק. בילינסון,116.7,2022-04-29T00:00:00.000Z,116.7,92.5,86.8,86.8,85.4
רבין ק. בילינסון,116.7,2022-04-29T00:00:00.000Z,116.7,92.5,86.8,86.8,85.4
רבין ק. בילינסון,116.7,2022-04-29T00:00:00.000Z,116.7,92.5,86.8,86.8,85.4
רבין ק. בילינסון,116.7,2022-04-29T00:00:00.000Z,116.7,92.5,86.8,86.8,85.4
רבין ק. בילינסון,116.7,2022-04-29T00:00:00.000Z,116.7,92.5,86.8,86.8,85.4
רבין ק. בילינסון,116.7,2022-04-29T00:00:00.000Z,116.7,92.5,86.8,86.8,85.4
רבין ק. בילינסון,116.7,2022-04-29T00:00:00.000Z,116.7,92.5,86.8,86.8,85.4
רבין ק. בילינסון,116.7,2022-04-29T00:00:00.000Z,116.7,92.5,86.8,86.8,85.4
רבין ק. בילינסון,116.7,2022-04-29T00:00:00.000Z,116.7,92.5,86.8,86.8,85.4
רבין ק. בילינסון,116.7,2022-04-29T00:00:00.000Z,116.7,92.5,86.8,86.8,85.4
רבין ק. בילינסון,116.7,2022-04-29T00:00:00.000Z,116.7,92.5,86.8,86.8,85.4
רבין ק. בילינסון,116.7,2022-04-29T00:00:00.000Z,116.7,92.5,86.8,86.8,85.4
רבין ק. בילינסון,116.7,2022-04-29T00:00:00.000Z,116.7,92.5,86.8,86.8,85.4
רבין ק. בילינסון,116.7,2022-04-29T00:00:00.000Z,116.7,92.5,86.8,86.8,85.4
רבין ק. בילינסון,116.7,2022-04-29T00:00:00.000Z,116.7,92.5,86.8,86.8,85.4
רבין ק. בילינסון,116.7,2022-04-29T00:00:00.000Z,116.7,92.5,86.8,86.8,85.4
רבין ק. בילינסון,116.7,2022-04-29T00:00:00.000Z,116.7,92.5,86.8,86.8,85.4
רבין ק. בילינסון,116.7,2022-04-29T00:00:00.000Z,116.7,92.5,86.8,86.8,85.4
רבין ק. בילינסון,116.7,2022-04-29T00:00:00.000Z,116.7,92.5,86.8,86.8,85.4
רבין ק. בילינסון,116.7,2022-04-29T00:00:00.000Z,116.7,92.5,86.8,86.8,85.4
רבין ק. בילינסון,116.7,2022-04-29T00:00:00.000Z,116.7,92.5,86.8,86.8,85.4
רבין ק. בילינסון,116.7,2022-04-29T00:00:00.000Z,116.7,92.5,86.8,86.8,85.4
רבין ק. בילינסון,116.7,2022-04-29T00:00:00.000Z,116.7,92.5,86.8,86.8,85.4
רבין ק. בילינסון,116.7,2022-04-29T00:00:00.000Z,116.7,92.5,86.8,86.8,85.4
רבין ק. בילינסון,116.7,2022-04-29T00:00:00.000Z,116.7,92.5,86.8,86.8,85.4
רבין ק. בילינסון,116.7,2022-04-29T00:00:00.000Z,116.7,92.5,86.8,86.8,85.4
רבין ק. בילינסון,116.7,2022-04-29T00:00:00.000Z,116.7,92.5,86.8,86.8,85.4
רבין ק. בילינסון,116.7,2022-04-29T00:00:00.000Z,116.7,92.5,86.8,86.8,85.4
רבין ק. בילינסון,116.7,2022-04-29T00:00:00.000Z,116.7,92.5,86.8,86.8,85.4
רבין ק. בילינסון,116.7,2022-04-29T00:00:00.000Z,116.7,92.5,86.8,86.8,85.4
רבין ק. בילינסון,116.7,2022-04-29T00:00:00.000Z,116.7,92.5,86.8,86.8,85.4
רבין ק. בילינסון,116.7,2022-04-29T00:00:00.000Z,116.7,92.5,86.8,86.8,85.4
רבין ק. בילינסון,116.7,2022-04-29T00:00:00.000Z,116.7,92.5,86.8,86.8,85.4
רבין ק. בילינסון,116.7,2022-04-29T00:00:00.000Z,116.7,92.5,86.8,86.8,85.4
רבין ק. בילינסון,116.7,2022-04-29T00:00:00.000Z,116.7,92.5,86.8,86.8,85.4
רבין ק. בילינסון,116.7,2022-04-29T00:00:00.000Z,116.7,92.5,86.8,86.8,85.4
רבין ק. בילינסון,116.7,2022-04-29T00:00:00.000Z,116.7,92.5,86.8,86.8,85.4
רבין ק. בילינסון,116.7,2022-04-29T00:00:00.000Z,116.7,92.5,86.8,86.8,85.4
רבין ק. בילינסון,116.7,2022-04-29T00:00:00.000Z,116.7,92.5,86.8,86.8,85.4
רבין ק. בילינסון,116.7,2022-04-29T00:00:00.000Z,116.7,92.5,86.8,86.8,85.4
רבין ק. בילינסון,116.7,2022-04-29T00:00:00.000Z,116.7,92.5,86.8,86.8,85.4
רבין ק. בילינסון,116.7,2022-04-29T00:00:00.000Z,116.7,92.5,86.8,86.8,85.4
רבין ק. בילינסון,116.7,2022-04-29T00:00:00.000Z,116.7,92.5,86.8,86.8,85.4
רבין ק. בילינסון,116.7,2022-04-29T00:00:00.000Z,116.7,92.5,86.8,86.8,85.4
רבין ק. בילינסון,116.7,2022-04-29T00:00:00.000Z,116.7,92.5,86.8,86.8,85.4
רבין ק. בילינסון,116.7,2022-04-29T00:00:00.000Z,116.7,92.5,86.8,86.8,85.4
רבין ק. בילינסון,116.7,2022-04-29T00:00:00.000Z,116.7,92.5,86.8,86.8,85.4
הכרמל,59.4,2022-04-29T00:00:00.000Z,59.4,67,66.9,66.9,72.8
הכרמל,59.4,2022-04-29T00:00:00.000Z,59.4,67,66.9,66.9,72.8
הכרמל,59.4,2022-04-29T00:00:00.000Z,59.4,67,66.9,66.9,72.8
הכרמל,59.4,2022-04-29T00:00:00.000Z,59.4,67,66.9,66.9,72.8
הכרמל,59.4,2022-04-29T00:00:00.000Z,59.4,67,66.9,66.9,72.8
הכרמל,59.4,2022-04-29T00:00:00.000Z,59.4,67,66.9,66.9,72.8
הכרמל,59.4,2022-04-29T00:00:00.000Z,59.4,67,66.9,66.9,72.8
הכרמל,59.4,2022-04-29T00:00:00.000Z,59.4,67,66.9,66.9,72.8
הכרמל,59.4,2022-04-29T00:00:00.000Z,59.4,67,66.9,66.9,72.8
הכרמל,59.4,2022-04-29T00:00:00.000Z,59.4,67,66.9,66.9,72.8
הכרמל,59.4,2022-04-29T00:00:00.000Z,59.4,67,66.9,66.9,72.8
הכרמל,59.4,2022-04-29T00:00:00.000Z,59.4,67,66.9,66.9,72.8
הכרמל,59.4,2022-04-29T00:00:00.000Z,59.4,67,66.9,66.9,72.8
הכרמל,59.4,2022-04-29T00:00:00.000Z,59.4,67,66.9,66.9,72.8
הכרמל,59.4,2022-04-29T00:00:00.000Z,59.4,67,66.9,66.9,72.8
הכרמל,59.4,2022-04-29T00:00:00.000Z,59.4,67,66.9,66.9,72.8
הכרמל,59.4,2022-04-29T00:00:00.000Z,59.4,67,66.9,66.9,72.8
הכרמל,59.4,2022-04-29T00:00:00.000Z,59.4,67,66.9,66.9,72.8
הכרמל,59.4,2022-04-29T00:00:00.000Z,59.4,67,66.9,66.9,72.8
הכרמל,59.4,2022-04-29T00:00:00.000Z,59.4,67,66.9,66.9,72.8
הכרמל,59.4,2022-04-29T00:00:00.000Z,59.4,67,66.9,66.9,72.8
הכרמל,59.4,2022-04-29T00:00:00.000Z,59.4,67,66.9,66.9,72.8
הכרמל,59.4,2022-04-29T00:00:00.000Z,59.4,67,66.9,66.9,72.8
הכרמל,59.4,2022-04-29T00:00:00.000Z,59.4,67,66.9,66.9,72.8
הכרמל,59.4,2022-04-29T00:00:00.000Z,59.4,67,66.9,66.9,72.8
הכרמל,59.4,2022-04-29T00:00:00.000Z,59.4,67,66.9,66.9,72.8
הכרמל,59.4,2022-04-29T00:00:00.000Z,59.4,67,66.9,66.9,72.8
הכרמל,59.4,2022-04-29T00:00:00.000Z,59.4,67,66.9,66.9,72.8
הכרמל,59.4,2022-04-29T00:00:00.000Z,59.4,67,66.9,66.9,72.8
הכרמל,59.4,2022-04-29T00:00:00.000Z,59.4,67,66.9,66.9,72.8
הכרמל,59.4,2022-04-29T00:00:00.000Z,59.4,67,66.9,66.9,72.8
הכרמל,59.4,2022-04-29T00:00:00.000Z,59.4,67,66.9,66.9,72.8
הכרמל,59.4,2022-04-29T00:00:00.000Z,59.4,67,66.9,66.9,72.8
הכרמל,59.4,2022-04-29T00:00:00.000Z,59.4,67,66.9,66.9,72.8
הכרמל,59.4,2022-04-29T00:00:00.000Z,59.4,67,66.9,66.9,72.8
הכרמל,59.4,2022-04-29T00:00:00.000Z,59.4,67,66.9,66.9,72.8
הכרמל,59.4,2022-04-29T00:00:00.000Z,59.4,67,66.9,66.9,72.8
הכרמל,59.4,2022-04-29T00:00:00.000Z,59.4,67,66.9,66.9,72.8
הכרמל,59.4,2022-04-29T00:00:00.000Z,59.4,67,66.9,66.9,72.8
הכרמל,59.4,2022-04-29T00:00:00.000Z,59.4,67,66.9,66.9,72.8
הכרמל,59.4,2022-04-29T00:00:00.000Z,59.4,67,66.9,66.9,72.8
הכרמל,59.4,2022-04-29T00:00:00.000Z,59.4,67,66.9,66.9,72.8
הכרמל,59.4,2022-04-29T00:00:00.000Z,59.4,67,66.9,66.9,72.8
הכרמל,59.4,2022-04-29T00:00:00.000Z,59.4,67,66.9,66.9,72.8
הכרמל,59.4,2022-04-29T00:00:00.000Z,59.4,67,66.9,66.9,72.8
הכרמל,59.4,2022-04-29T00:00:00.000Z,59.4,67,66.9,66.9,72.8
הכרמל,59.4,2022-04-29T00:00:00.000Z,59.4,67,66.9,66.9,72.8
הכרמל,59.4,2022-04-29T00:00:00.000Z,59.4,67,66.9,66.9,72.8
הכרמל,59.4,2022-04-29T00:00:00.000Z,59.4,67,66.9,66.9,72.8
הכרמל,59.4,2022-04-29T00:00:00.000Z,59.4,67,66.9,66.9,72.8
הכרמל,59.4,2022-04-29T00:00:00.000Z,59.4,67,66.9,66.9,72.8
הכרמל,59.4,2022-04-29T00:00:00.000Z,59.4,67,66.9,66.9,72.8
הכרמל,59.4,2022-04-29T00:00:00.000Z,59.4,67,66.9,66.9,72.8
הכרמל,59.4,2022-04-29T00:00:00.000Z,59.4,67,66.9,66.9,72.8
הכרמל,59.4,2022-04-29T00:00:00.000Z,59.4,67,66.9,66.9,72.8
הכרמל,59.4,2022-04-29T00:00:00.000Z,59.4,67,66.9,66.9,72.8
הכרמל,59.4,2022-04-29T00:00:00.000Z,59.4,67,66.9,66.9,72.8
הכרמל,59.4,2022-04-29T00:00:00.000Z,59.4,67,66.9,66.9,72.8
הכרמל,59.4,2022-04-29T00:00:00.000Z,59.4,67,66.9,66.9,72.8
הכרמל,59.4,2022-04-29T00:00:00.000Z,59.4,67,66.9,66.9,72.8
הכרמל,59.4,2022-04-29T00:00:00.000Z,59.4,67,66.9,66.9,72.8
הכרמל,59.4,2022-04-29T00:00:00.000Z,59.4,67,66.9,66.9,72.8
הכרמל,59.4,2022-04-29T00:00:00.000Z,59.4,67,66.9,66.9,72.8
הכרמל,59.4,2022-04-29T00:00:00.000Z,59.4,67,66.9,66.9,72.8
הכרמל,59.4,2022-04-29T00:00:00.000Z,59.4,67,66.9,66.9,72.8
הכרמל,59.4,2022-04-29T00:00:00.000Z,59.4,67,66.9,66.9,72.8
הכרמל,59.4,2022-04-29T00:00:00.000Z,59.4,67,66.9,66.9,72.8
הכרמל,59.4,2022-04-29T00:00:00.000Z,59.4,67,66.9,66.9,72.8
בני ציון,85.1,2022-04-29T00:00:00.000Z,85.1,90.1,68.6,68.6,82.2
בני ציון,85.1,2022-04-29T00:00:00.000Z,85.1,90.1,68.6,68.6,82.2
בני ציון,85.1,2022-04-29T00:00:00.000Z,85.1,90.1,68.6,68.6,82.2
בני ציון,85.1,2022-04-29T00:00:00.000Z,85.1,90.1,68.6,68.6,82.2
בני ציון,85.1,2022-04-29T00:00:00.000Z,85.1,90.1,68.6,68.6,82.2
בני ציון,85.1,2022-04-29T00:00:00.000Z,85.1,90.1,68.6,68.6,82.2
בני ציון,85.1,2022-04-29T00:00:00.000Z,85.1,90.1,68.6,68.6,82.2
בני ציון,85.1,2022-04-29T00:00:00.000Z,85.1,90.1,68.6,68.6,82.2
בני ציון,85.1,2022-04-29T00:00:00.000Z,85.1,90.1,68.6,68.6,82.2
בני ציון,85.1,2022-04-29T00:00:00.000Z,85.1,90.1,68.6,68.6,82.2
בני ציון,85.1,2022-04-29T00:00:00.000Z,85.1,90.1,68.6,68.6,82.2
בני ציון,85.1,2022-04-29T00:00:00.000Z,85.1,90.1,68.6,68.6,82.2
בני ציון,85.1,2022-04-29T00:00:00.000Z,85.1,90.1,68.6,68.6,82.2
בני ציון,85.1,2022-04-29T00:00:00.000Z,85.1,90.1,68.6,68.6,82.2
בני ציון,85.1,2022-04-29T00:00:00.000Z,85.1,90.1,68.6,68.6,82.2
בני ציון,85.1,2022-04-29T00:00:00.000Z,85.1,90.1,68.6,68.6,82.2
בני ציון,85.1,2022-04-29T00:00:00.000Z,85.1,90.1,68.6,68.6,82.2
בני ציון,85.1,2022-04-29T00:00:00.000Z,85.1,90.1,68.6,68.6,82.2
בני ציון,85.1,2022-04-29T00:00:00.000Z,85.1,90.1,68.6,68.6,82.2
בני ציון,85.1,2022-04-29T00:00:00.000Z,85.1,90.1,68.6,68.6,82.2
בני ציון,85.1,2022-04-29T00:00:00.000Z,85.1,90.1,68.6,68.6,82.2
בני ציון,85.1,2022-04-29T00:00:00.000Z,85.1,90.1,68.6,68.6,82.2
בני ציון,85.1,2022-04-29T00:00:00.000Z,85.1,90.1,68.6,68.6,82.2
בני ציון,85.1,2022-04-29T00:00:00.000Z,85.1,90.1,68.6,68.6,82.2
בני ציון,85.1,2022-04-29T00:00:00.000Z,85.1,90.1,68.6,68.6,82.2
בני ציון,85.1,2022-04-29T00:00:00.000Z,85.1,90.1,68.6,68.6,82.2
בני ציון,85.1,2022-04-29T00:00:00.000Z,85.1,90.1,68.6,68.6,82.2
בני ציון,85.1,2022-04-29T00:00:00.000Z,85.1,90.1,68.6,68.6,82.2
בני ציון,85.1,2022-04-29T00:00:00.000Z,85.1,90.1,68.6,68.6,82.2
בני ציון,85.1,2022-04-29T00:00:00.000Z,85.1,90.1,68.6,68.6,82.2
בני ציון,85.1,2022-04-29T00:00:00.000Z,85.1,90.1,68.6,68.6,82.2
בני ציון,85.1,2022-04-29T00:00:00.000Z,85.1,90.1,68.6,68.6,82.2
בני ציון,85.1,2022-04-29T00:00:00.000Z,85.1,90.1,68.6,68.6,82.2
בני ציון,85.1,2022-04-29T00:00:00.000Z,85.1,90.1,68.6,68.6,82.2
פוריה,64.1,2022-04-29T00:00:00.000Z,64.1,60.3,63.4,63.4,67
פוריה,64.1,2022-04-29T00:00:00.000Z,64.1,60.3,63.4,63.4,67
פוריה,64.1,2022-04-29T00:00:00.000Z,64.1,60.3,63.4,63.4,67
פוריה,64.1,2022-04-29T00:00:00.000Z,64.1,60.3,63.4,63.4,67
פוריה,64.1,2022-04-29T00:00:00.000Z,64.1,60.3,63.4,63.4,67
פוריה,64.1,2022-04-29T00:00:00.000Z,64.1,60.3,63.4,63.4,67
פוריה,64.1,2022-04-29T00:00:00.000Z,64.1,60.3,63.4,63.4,67
פוריה,64.1,2022-04-29T00:00:00.000Z,64.1,60.3,63.4,63.4,67
פוריה,64.1,2022-04-29T00:00:00.000Z,64.1,60.3,63.4,63.4,67
פוריה,64.1,2022-04-29T00:00:00.000Z,64.1,60.3,63.4,63.4,67
פוריה,64.1,2022-04-29T00:00:00.000Z,64.1,60.3,63.4,63.4,67
פוריה,64.1,2022-04-29T00:00:00.000Z,64.1,60.3,63.4,63.4,67
פוריה,64.1,2022-04-29T00:00:00.000Z,64.1,60.3,63.4,63.4,67
פוריה,64.1,2022-04-29T00:00:00.000Z,64.1,60.3,63.4,63.4,67
פוריה,64.1,2022-04-29T00:00:00.000Z,64.1,60.3,63.4,63.4,67
פוריה,64.1,2022-04-29T00:00:00.000Z,64.1,60.3,63.4,63.4,67
פוריה,64.1,2022-04-29T00:00:00.000Z,64.1,60.3,63.4,63.4,67
פוריה,64.1,2022-04-29T00:00:00.000Z,64.1,60.3,63.4,63.4,67
פוריה,64.1,2022-04-29T00:00:00.000Z,64.1,60.3,63.4,63.4,67
פוריה,64.1,2022-04-29T00:00:00.000Z,64.1,60.3,63.4,63.4,67
פוריה,64.1,2022-04-29T00:00:00.000Z,64.1,60.3,63.4,63.4,67
פוריה,64.1,2022-04-29T00:00:00.000Z,64.1,60.3,63.4,63.4,67
פוריה,64.1,2022-04-29T00:00:00.000Z,64.1,60.3,63.4,63.4,67
פוריה,64.1,2022-04-29T00:00:00.000Z,64.1,60.3,63.4,63.4,67
פוריה,64.1,2022-04-29T00:00:00.000Z,64.1,60.3,63.4,63.4,67
פוריה,64.1,2022-04-29T00:00:00.000Z,64.1,60.3,63.4,63.4,67
פוריה,64.1,2022-04-29T00:00:00.000Z,64.1,60.3,63.4,63.4,67
פוריה,64.1,2022-04-29T00:00:00.000Z,64.1,60.3,63.4,63.4,67
פוריה,64.1,2022-04-29T00:00:00.000Z,64.1,60.3,63.4,63.4,67
פוריה,64.1,2022-04-29T00:00:00.000Z,64.1,60.3,63.4,63.4,67
פוריה,64.1,2022-04-29T00:00:00.000Z,64.1,60.3,63.4,63.4,67
פוריה,64.1,2022-04-29T00:00:00.000Z,64.1,60.3,63.4,63.4,67
פוריה,64.1,2022-04-29T00:00:00.000Z,64.1,60.3,63.4,63.4,67
פוריה,64.1,2022-04-29T00:00:00.000Z,64.1,60.3,63.4,63.4,67
פוריה,64.1,2022-04-29T00:00:00.000Z,64.1,60.3,63.4,63.4,67
פוריה,64.1,2022-04-29T00:00:00.000Z,64.1,60.3,63.4,63.4,67
פוריה,64.1,2022-04-29T00:00:00.000Z,64.1,60.3,63.4,63.4,67
פוריה,64.1,2022-04-29T00:00:00.000Z,64.1,60.3,63.4,63.4,67
פוריה,64.1,2022-04-29T00:00:00.000Z,64.1,60.3,63.4,63.4,67
פוריה,64.1,2022-04-29T00:00:00.000Z,64.1,60.3,63.4,63.4,67
פוריה,64.1,2022-04-29T00:00:00.000Z,64.1,60.3,63.4,63.4,67
פוריה,64.1,2022-04-29T00:00:00.000Z,64.1,60.3,63.4,63.4,67
פוריה,64.1,2022-04-29T00:00:00.000Z,64.1,60.3,63.4,63.4,67
פוריה,64.1,2022-04-29T00:00:00.000Z,64.1,60.3,63.4,63.4,67
פוריה,64.1,2022-04-29T00:00:00.000Z,64.1,60.3,63.4,63.4,67
פוריה,64.1,2022-04-29T00:00:00.000Z,64.1,60.3,63.4,63.4,67
פוריה,64.1,2022-04-29T00:00:00.000Z,64.1,60.3,63.4,63.4,67
פוריה,64.1,2022-04-29T00:00:00.000Z,64.1,60.3,63.4,63.4,67
פוריה,64.1,2022-04-29T00:00:00.000Z,64.1,60.3,63.4,63.4,67
פוריה,64.1,2022-04-29T00:00:00.000Z,64.1,60.3,63.4,63.4,67
פוריה,64.1,2022-04-29T00:00:00.000Z,64.1,60.3,63.4,63.4,67
פוריה,64.1,2022-04-29T00:00:00.000Z,64.1,60.3,63.4,63.4,67
פוריה,64.1,2022-04-29T00:00:00.000Z,64.1,60.3,63.4,63.4,67
פוריה,64.1,2022-04-29T00:00:00.000Z,64.1,60.3,63.4,63.4,67
פוריה,64.1,2022-04-29T00:00:00.000Z,64.1,60.3,63.4,63.4,67
פוריה,64.1,2022-04-29T00:00:00.000Z,64.1,60.3,63.4,63.4,67
פוריה,64.1,2022-04-29T00:00:00.000Z,64.1,60.3,63.4,63.4,67
פוריה,64.1,2022-04-29T00:00:00.000Z,64.1,60.3,63.4,63.4,67
פוריה,64.1,2022-04-29T00:00:00.000Z,64.1,60.3,63.4,63.4,67
פוריה,64.1,2022-04-29T00:00:00.000Z,64.1,60.3,63.4,63.4,67
פוריה,64.1,2022-04-29T00:00:00.000Z,64.1,60.3,63.4,63.4,67
פוריה,64.1,2022-04-29T00:00:00.000Z,64.1,60.3,63.4,63.4,67
פוריה,64.1,2022-04-29T00:00:00.000Z,64.1,60.3,63.4,63.4,67
פוריה,64.1,2022-04-29T00:00:00.000Z,64.1,60.3,63.4,63.4,67
פוריה,64.1,2022-04-29T00:00:00.000Z,64.1,60.3,63.4,63.4,67
פוריה,64.1,2022-04-29T00:00:00.000Z,64.1,60.3,63.4,63.4,67
פוריה,64.1,2022-04-29T00:00:00.000Z,64.1,60.3,63.4,63.4,67
פוריה,64.1,2022-04-29T00:00:00.000Z,64.1,60.3,63.4,63.4,67
רבין ק. בילינסון,116.7,2022-04-29T00:00:00.000Z,116.7,92.5,86.8,86.8,85.4
רבין ק. בילינסון,116.7,2022-04-29T00:00:00.000Z,116.7,92.5,86.8,86.8,85.4
רבין ק. בילינסון,116.7,2022-04-29T00:00:00.000Z,116.7,92.5,86.8,86.8,85.4
רבין ק. בילינסון,116.7,2022-04-29T00:00:00.000Z,116.7,92.5,86.8,86.8,85.4
רבין ק. בילינסון,116.7,2022-04-29T00:00:00.000Z,116.7,92.5,86.8,86.8,85.4
רבין ק. בילינסון,116.7,2022-04-29T00:00:00.000Z,116.7,92.5,86.8,86.8,85.4
רבין ק. בילינסון,116.7,2022-04-29T00:00:00.000Z,116.7,92.5,86.8,86.8,85.4
רבין ק. בילינסון,116.7,2022-04-29T00:00:00.000Z,116.7,92.5,86.8,86.8,85.4
רבין ק. בילינסון,116.7,2022-04-29T00:00:00.000Z,116.7,92.5,86.8,86.8,85.4
רבין ק. בילינסון,116.7,2022-04-29T00:00:00.000Z,116.7,92.5,86.8,86.8,85.4
רבין ק. בילינסון,116.7,2022-04-29T00:00:00.000Z,116.7,92.5,86.8,86.8,85.4
רבין ק. בילינסון,116.7,2022-04-29T00:00:00.000Z,116.7,92.5,86.8,86.8,85.4
רבין ק. בילינסון,116.7,2022-04-29T00:00:00.000Z,116.7,92.5,86.8,86.8,85.4
רבין ק. בילינסון,116.7,2022-04-29T00:00:00.000Z,116.7,92.5,86.8,86.8,85.4
רבין ק. בילינסון,116.7,2022-04-29T00:00:00.000Z,116.7,92.5,86.8,86.8,85.4
רבין ק. בילינסון,116.7,2022-04-29T00:00:00.000Z,116.7,92.5,86.8,86.8,85.4
רבין ק. בילינסון,116.7,2022-04-29T00:00:00.000Z,116.7,92.5,86.8,86.8,85.4
רבין ק. בילינסון,116.7,2022-04-29T00:00:00.000Z,116.7,92.5,86.8,86.8,85.4
רבין ק. בילינסון,116.7,2022-04-29T00:00:00.000Z,116.7,92.5,86.8,86.8,85.4
רבין ק. בילינסון,116.7,2022-04-29T00:00:00.000Z,116.7,92.5,86.8,86.8,85.4
רבין ק. בילינסון,116.7,2022-04-29T00:00:00.000Z,116.7,92.5,86.8,86.8,85.4
רבין ק. בילינסון,116.7,2022-04-29T00:00:00.000Z,116.7,92.5,86.8,86.8,85.4
רבין ק. בילינסון,116.7,2022-04-29T00:00:00.000Z,116.7,92.5,86.8,86.8,85.4
רבין ק. בילינסון,116.7,2022-04-29T00:00:00.000Z,116.7,92.5,86.8,86.8,85.4
רבין ק. בילינסון,116.7,2022-04-29T00:00:00.000Z,116.7,92.5,86.8,86.8,85.4
רבין ק. בילינסון,116.7,2022-04-29T00:00:00.000Z,116.7,92.5,86.8,86.8,85.4
רבין ק. בילינסון,116.7,2022-04-29T00:00:00.000Z,116.7,92.5,86.8,86.8,85.4
רבין ק. בילינסון,116.7,2022-04-29T00:00:00.000Z,116.7,92.5,86.8,86.8,85.4
רבין ק. בילינסון,116.7,2022-04-29T00:00:00.000Z,116.7,92.5,86.8,86.8,85.4
רבין ק. בילינסון,116.7,2022-04-29T00:00:00.000Z,116.7,92.5,86.8,86.8,85.4
רבין ק. בילינסון,116.7,2022-04-29T00:00:00.000Z,116.7,92.5,86.8,86.8,85.4
רבין ק. בילינסון,116.7,2022-04-29T00:00:00.000Z,116.7,92.5,86.8,86.8,85.4
הכרמל,59.4,2022-04-29T00:00:00.000Z,59.4,67,66.9,66.9,72.8
הכרמל,59.4,2022-04-29T00:00:00.000Z,59.4,67,66.9,66.9,72.8
הכרמל,59.4,2022-04-29T00:00:00.000Z,59.4,67,66.9,66.9,72.8
הכרמל,59.4,2022-04-29T00:00:00.000Z,59.4,67,66.9,66.9,72.8
הכרמל,59.4,2022-04-29T00:00:00.000Z,59.4,67,66.9,66.9,72.8
הכרמל,59.4,2022-04-29T00:00:00.000Z,59.4,67,66.9,66.9,72.8
הכרמל,59.4,2022-04-29T00:00:00.000Z,59.4,67,66.9,66.9,72.8
הכרמל,59.4,2022-04-29T00:00:00.000Z,59.4,67,66.9,66.9,72.8
הכרמל,59.4,2022-04-29T00:00:00.000Z,59.4,67,66.9,66.9,72.8
הכרמל,59.4,2022-04-29T00:00:00.000Z,59.4,67,66.9,66.9,72.8
הכרמל,59.4,2022-04-29T00:00:00.000Z,59.4,67,66.9,66.9,72.8
הכרמל,59.4,2022-04-29T00:00:00.000Z,59.4,67,66.9,66.9,72.8
הכרמל,59.4,2022-04-29T00:00:00.000Z,59.4,67,66.9,66.9,72.8
הכרמל,59.4,2022-04-29T00:00:00.000Z,59.4,67,66.9,66.9,72.8
הכרמל,59.4,2022-04-29T00:00:00.000Z,59.4,67,66.9,66.9,72.8
הכרמל,59.4,2022-04-29T00:00:00.000Z,59.4,67,66.9,66.9,72.8
הכרמל,59.4,2022-04-29T00:00:00.000Z,59.4,67,66.9,66.9,72.8
הכרמל,59.4,2022-04-29T00:00:00.000Z,59.4,67,66.9,66.9,72.8
הכרמל,59.4,2022-04-29T00:00:00.000Z,59.4,67,66.9,66.9,72.8
הכרמל,59.4,2022-04-29T00:00:00.000Z,59.4,67,66.9,66.9,72.8
הכרמל,59.4,2022-04-29T00:00:00.000Z,59.4,67,66.9,66.9,72.8
הכרמל,59.4,2022-04-29T00:00:00.000Z,59.4,67,66.9,66.9,72.8
הכרמל,59.4,2022-04-29T00:00:00.000Z,59.4,67,66.9,66.9,72.8
הכרמל,59.4,2022-04-29T00:00:00.000Z,59.4,67,66.9,66.9,72.8
הכרמל,59.4,2022-04-29T00:00:00.000Z,59.4,67,66.9,66.9,72.8
הכרמל,59.4,2022-04-29T00:00:00.000Z,59.4,67,66.9,66.9,72.8
הכרמל,59.4,2022-04-29T00:00:00.000Z,59.4,67,66.9,66.9,72.8
הכרמל,59.4,2022-04-29T00:00:00.000Z,59.4,67,66.9,66.9,72.8
הכרמל,59.4,2022-04-29T00:00:00.000Z,59.4,67,66.9,66.9,72.8
הכרמל,59.4,2022-04-29T00:00:00.000Z,59.4,67,66.9,66.9,72.8
הכרמל,59.4,2022-04-29T00:00:00.000Z,59.4,67,66.9,66.9,72.8
הכרמל,59.4,2022-04-29T00:00:00.000Z,59.4,67,66.9,66.9,72.8
הכרמל,59.4,2022-04-29T00:00:00.000Z,59.4,67,66.9,66.9,72.8
הכרמל,59.4,2022-04-29T00:00:00.000Z,59.4,67,66.9,66.9,72.8
רבין ק. בילינסון,116.7,2022-04-29T00:00:00.000Z,116.7,92.5,86.8,86.8,85.4
רבין ק. בילינסון,116.7,2022-04-29T00:00:00.000Z,116.7,92.5,86.8,86.8,85.4
רבין ק. בילינסון,116.7,2022-04-29T00:00:00.000Z,116.7,92.5,86.8,86.8,85.4
רבין ק. בילינסון,116.7,2022-04-29T00:00:00.000Z,116.7,92.5,86.8,86.8,85.4
רבין ק. בילינסון,116.7,2022-04-29T00:00:00.000Z,116.7,92.5,86.8,86.8,85.4
רבין ק. בילינסון,116.7,2022-04-29T00:00:00.000Z,116.7,92.5,86.8,86.8,85.4
רבין ק. בילינסון,116.7,2022-04-29T00:00:00.000Z,116.7,92.5,86.8,86.8,85.4
רבין ק. בילינסון,116.7,2022-04-29T00:00:00.000Z,116.7,92.5,86.8,86.8,85.4
רבין ק. בילינסון,116.7,2022-04-29T00:00:00.000Z,116.7,92.5,86.8,86.8,85.4
רבין ק. בילינסון,116.7,2022-04-29T00:00:00.000Z,116.7,92.5,86.8,86.8,85.4
רבין ק. בילינסון,116.7,2022-04-29T00:00:00.000Z,116.7,92.5,86.8,86.8,85.4
רבין ק. בילינסון,116.7,2022-04-29T00:00:00.000Z,116.7,92.5,86.8,86.8,85.4
רבין ק. בילינסון,116.7,2022-04-29T00:00:00.000Z,116.7,92.5,86.8,86.8,85.4
רבין ק. בילינסון,116.7,2022-04-29T00:00:00.000Z,116.7,92.5,86.8,86.8,85.4
רבין ק. בילינסון,116.7,2022-04-29T00:00:00.000Z,116.7,92.5,86.8,86.8,85.4
רבין ק. בילינסון,116.7,2022-04-29T00:00:00.000Z,116.7,92.5,86.8,86.8,85.4
רבין ק. בילינסון,116.7,2022-04-29T00:00:00.000Z,116.7,92.5,86.8,86.8,85.4
רבין ק. בילינסון,116.7,2022-04-29T00:00:00.000Z,116.7,92.5,86.8,86.8,85.4
רבין ק. בילינסון,116.7,2022-04-29T00:00:00.000Z,116.7,92.5,86.8,86.8,85.4
רבין ק. בילינסון,116.7,2022-04-29T00:00:00.000Z,116.7,92.5,86.8,86.8,85.4
רבין ק. בילינסון,116.7,2022-04-29T00:00:00.000Z,116.7,92.5,86.8,86.8,85.4
רבין ק. בילינסון,116.7,2022-04-29T00:00:00.000Z,116.7,92.5,86.8,86.8,85.4
רבין ק. בילינסון,116.7,2022-04-29T00:00:00.000Z,116.7,92.5,86.8,86.8,85.4
רבין ק. בילינסון,116.7,2022-04-29T00:00:00.000Z,116.7,92.5,86.8,86.8,85.4
רבין ק. בילינסון,116.7,2022-04-29T00:00:00.000Z,116.7,92.5,86.8,86.8,85.4
רבין ק. בילינסון,116.7,2022-04-29T00:00:00.000Z,116.7,92.5,86.8,86.8,85.4
רבין ק. בילינסון,116.7,2022-04-29T00:00:00.000Z,116.7,92.5,86.8,86.8,85.4
רבין ק. בילינסון,116.7,2022-04-29T00:00:00.000Z,116.7,92.5,86.8,86.8,85.4
רבין ק. בילינסון,116.7,2022-04-29T00:00:00.000Z,116.7,92.5,86.8,86.8,85.4
רבין ק. בילינסון,116.7,2022-04-29T00:00:00.000Z,116.7,92.5,86.8,86.8,85.4
רבין ק. בילינסון,116.7,2022-04-29T00:00:00.000Z,116.7,92.5,86.8,86.8,85.4
רבין ק. בילינסון,116.7,2022-04-29T00:00:00.000Z,116.7,92.5,86.8,86.8,85.4
הכרמל,59.4,2022-04-29T00:00:00.000Z,59.4,67,66.9,66.9,72.8
הכרמל,59.4,2022-04-29T00:00:00.000Z,59.4,67,66.9,66.9,72.8
הכרמל,59.4,2022-04-29T00:00:00.000Z,59.4,67,66.9,66.9,72.8
הכרמל,59.4,2022-04-29T00:00:00.000Z,59.4,67,66.9,66.9,72.8
הכרמל,59.4,2022-04-29T00:00:00.000Z,59.4,67,66.9,66.9,72.8
הכרמל,59.4,2022-04-29T00:00:00.000Z,59.4,67,66.9,66.9,72.8
הכרמל,59.4,2022-04-29T00:00:00.000Z,59.4,67,66.9,66.9,72.8
הכרמל,59.4,2022-04-29T00:00:00.000Z,59.4,67,66.9,66.9,72.8
הכרמל,59.4,2022-04-29T00:00:00.000Z,59.4,67,66.9,66.9,72.8
הכרמל,59.4,2022-04-29T00:00:00.000Z,59.4,67,66.9,66.9,72.8
הכרמל,59.4,2022-04-29T00:00:00.000Z,59.4,67,66.9,66.9,72.8
הכרמל,59.4,2022-04-29T00:00:00.000Z,59.4,67,66.9,66.9,72.8
הכרמל,59.4,2022-04-29T00:00:00.000Z,59.4,67,66.9,66.9,72.8
הכרמל,59.4,2022-04-29T00:00:00.000Z,59.4,67,66.9,66.9,72.8
הכרמל,59.4,2022-04-29T00:00:00.000Z,59.4,67,66.9,66.9,72.8
הכרמל,59.4,2022-04-29T00:00:00.000Z,59.4,67,66.9,66.9,72.8
הכרמל,59.4,2022-04-29T00:00:00.000Z,59.4,67,66.9,66.9,72.8
הכרמל,59.4,2022-04-29T00:00:00.000Z,59.4,67,66.9,66.9,72.8
הכרמל,59.4,2022-04-29T00:00:00.000Z,59.4,67,66.9,66.9,72.8
הכרמל,59.4,2022-04-29T00:00:00.000Z,59.4,67,66.9,66.9,72.8
הכרמל,59.4,2022-04-29T00:00:00.000Z,59.4,67,66.9,66.9,72.8
הכרמל,59.4,2022-04-29T00:00:00.000Z,59.4,67,66.9,66.9,72.8
הכרמל,59.4,2022-04-29T00:00:00.000Z,59.4,67,66.9,66.9,72.8
הכרמל,59.4,2022-04-29T00:00:00.000Z,59.4,67,66.9,66.9,72.8
הכרמל,59.4,2022-04-29T00:00:00.000Z,59.4,67,66.9,66.9,72.8
הכרמל,59.4,2022-04-29T00:00:00.000Z,59.4,67,66.9,66.9,72.8
הכרמל,59.4,2022-04-29T00:00:00.000Z,59.4,67,66.9,66.9,72.8
הכרמל,59.4,2022-04-29T00:00:00.000Z,59.4,67,66.9,66.9,72.8
הכרמל,59.4,2022-04-29T00:00:00.000Z,59.4,67,66.9,66.9,72.8
הכרמל,59.4,2022-04-29T00:00:00.000Z,59.4,67,66.9,66.9,72.8
הכרמל,59.4,2022-04-29T00:00:00.000Z,59.4,67,66.9,66.9,72.8
הכרמל,59.4,2022-04-29T00:00:00.000Z,59.4,67,66.9,66.9,72.8
הכרמל,59.4,2022-04-29T00:00:00.000Z,59.4,67,66.9,66.9,72.8
הכרמל,59.4,2022-04-29T00:00:00.000Z,59.4,67,66.9,66.9,72.8
הכרמל,59.4,2022-04-29T00:00:00.000Z,59.4,67,66.9,66.9,72.8
הכרמל,59.4,2022-04-29T00:00:00.000Z,59.4,67,66.9,66.9,72.8
הכרמל,59.4,2022-04-29T00:00:00.000Z,59.4,67,66.9,66.9,72.8
הכרמל,59.4,2022-04-29T00:00:00.000Z,59.4,67,66.9,66.9,72.8
הכרמל,59.4,2022-04-29T00:00:00.000Z,59.4,67,66.9,66.9,72.8
הכרמל,59.4,2022-04-29T00:00:00.000Z,59.4,67,66.9,66.9,72.8
הכרמל,59.4,2022-04-29T00:00:00.000Z,59.4,67,66.9,66.9,72.8
הכרמל,59.4,2022-04-29T00:00:00.000Z,59.4,67,66.9,66.9,72.8
הכרמל,59.4,2022-04-29T00:00:00.000Z,59.4,67,66.9,66.9,72.8
הכרמל,59.4,2022-04-29T00:00:00.000Z,59.4,67,66.9,66.9,72.8
הכרמל,59.4,2022-04-29T00:00:00.000Z,59.4,67,66.9,66.9,72.8
הכרמל,59.4,2022-04-29T00:00:00.000Z,59.4,67,66.9,66.9,72.8
הכרמל,59.4,2022-04-29T00:00:00.000Z,59.4,67,66.9,66.9,72.8
הכרמל,59.4,2022-04-29T00:00:00.000Z,59.4,67,66.9,66.9,72.8
הכרמל,59.4,2022-04-29T00:00:00.000Z,59.4,67,66.9,66.9,72.8
הכרמל,59.4,2022-04-29T00:00:00.000Z,59.4,67,66.9,66.9,72.8
הכרמל,59.4,2022-04-29T00:00:00.000Z,59.4,67,66.9,66.9,72.8
הכרמל,59.4,2022-04-29T00:00:00.000Z,59.4,67,66.9,66.9,72.8
הכרמל,59.4,2022-04-29T00:00:00.000Z,59.4,67,66.9,66.9,72.8
הכרמל,59.4,2022-04-29T00:00:00.000Z,59.4,67,66.9,66.9,72.8
הכרמל,59.4,2022-04-29T00:00:00.000Z,59.4,67,66.9,66.9,72.8
הכרמל,59.4,2022-04-29T00:00:00.000Z,59.4,67,66.9,66.9,72.8
הכרמל,59.4,2022-04-29T00:00:00.000Z,59.4,67,66.9,66.9,72.8
הכרמל,59.4,2022-04-29T00:00:00.000Z,59.4,67,66.9,66.9,72.8
הכרמל,59.4,2022-04-29T00:00:00.000Z,59.4,67,66.9,66.9,72.8
הכרמל,59.4,2022-04-29T00:00:00.000Z,59.4,67,66.9,66.9,72.8
הכרמל,59.4,2022-04-29T00:00:00.000Z,59.4,67,66.9,66.9,72.8
הכרמל,59.4,2022-04-29T00:00:00.000Z,59.4,67,66.9,66.9,72.8
הכרמל,59.4,2022-04-29T00:00:00.000Z,59.4,67,66.9,66.9,72.8
הכרמל,59.4,2022-04-29T00:00:00.000Z,59.4,67,66.9,66.9,72.8
הכרמל,59.4,2022-04-29T00:00:00.000Z,59.4,67,66.9,66.9,72.8
הכרמל,59.4,2022-04-29T00:00:00.000Z,59.4,67,66.9,66.9,72.8
הכרמל,59.4,2022-04-29T00:00:00.000Z,59.4,67,66.9,66.9,72.8
הכרמל,59.4,2022-04-29T00:00:00.000Z,59.4,67,66.9,66.9,72.8
הכרמל,59.4,2022-04-29T00:00:00.000Z,59.4,67,66.9,66.9,72.8
הכרמל,59.4,2022-04-29T00:00:00.000Z,59.4,67,66.9,66.9,72.8
הכרמל,59.4,2022-04-29T00:00:00.000Z,59.4,67,66.9,66.9,72.8
הכרמל,59.4,2022-04-29T00:00:00.000Z,59.4,67,66.9,66.9,72.8
הכרמל,59.4,2022-04-29T00:00:00.000Z,59.4,67,66.9,66.9,72.8
הכרמל,59.4,2022-04-29T00:00:00.000Z,59.4,67,66.9,66.9,72.8
הכרמל,59.4,2022-04-29T00:00:00.000Z,59.4,67,66.9,66.9,72.8
הכרמל,59.4,2022-04-29T00:00:00.000Z,59.4,67,66.9,66.9,72.8
הכרמל,59.4,2022-04-29T00:00:00.000Z,59.4,67,66.9,66.9,72.8
הכרמל,59.4,2022-04-29T00:00:00.000Z,59.4,67,66.9,66.9,72.8
הכרמל,59.4,2022-04-29T00:00:00.000Z,59.4,67,66.9,66.9,72.8
הכרמל,59.4,2022-04-29T00:00:00.000Z,59.4,67,66.9,66.9,72.8
הכרמל,59.4,2022-04-29T00:00:00.000Z,59.4,67,66.9,66.9,72.8
הכרמל,59.4,2022-04-29T00:00:00.000Z,59.4,67,66.9,66.9,72.8
הכרמל,59.4,2022-04-29T00:00:00.000Z,59.4,67,66.9,66.9,72.8
הכרמל,59.4,2022-04-29T00:00:00.000Z,59.4,67,66.9,66.9,72.8
הכרמל,59.4,2022-04-29T00:00:00.000Z,59.4,67,66.9,66.9,72.8
הכרמל,59.4,2022-04-29T00:00:00.000Z,59.4,67,66.9,66.9,72.8
הכרמל,59.4,2022-04-29T00:00:00.000Z,59.4,67,66.9,66.9,72.8
הכרמל,59.4,2022-04-29T00:00:00.000Z,59.4,67,66.9,66.9,72.8
הכרמל,59.4,2022-04-29T00:00:00.000Z,59.4,67,66.9,66.9,72.8
הכרמל,59.4,2022-04-29T00:00:00.000Z,59.4,67,66.9,66.9,72.8
הכרמל,59.4,2022-04-29T00:00:00.000Z,59.4,67,66.9,66.9,72.8
הכרמל,59.4,2022-04-29T00:00:00.000Z,59.4,67,66.9,66.9,72.8
הכרמל,59.4,2022-04-29T00:00:00.000Z,59.4,67,66.9,66.9,72.8
הכרמל,59.4,2022-04-29T00:00:00.000Z,59.4,67,66.9,66.9,72.8
הכרמל,59.4,2022-04-29T00:00:00.000Z,59.4,67,66.9,66.9,72.8
הכרמל,59.4,2022-04-29T00:00:00.000Z,59.4,67,66.9,66.9,72.8
הכרמל,59.4,2022-04-29T00:00:00.000Z,59.4,67,66.9,66.9,72.8
הכרמל,59.4,2022-04-29T00:00:00.000Z,59.4,67,66.9,66.9,72.8
הכרמל,59.4,2022-04-29T00:00:00.000Z,59.4,67,66.9,66.9,72.8
הכרמל,59.4,2022-04-29T00:00:00.000Z,59.4,67,66.9,66.9,72.8
הכרמל,59.4,2022-04-29T00:00:00.000Z,59.4,67,66.9,66.9,72.8
הכרמל,59.4,2022-04-29T00:00:00.000Z,59.4,67,66.9,66.9,72.8
בני ציון,85.1,2022-04-29T00:00:00.000Z,85.1,90.1,68.6,68.6,82.2
בני ציון,85.1,2022-04-29T00:00:00.000Z,85.1,90.1,68.6,68.6,82.2
בני ציון,85.1,2022-04-29T00:00:00.000Z,85.1,90.1,68.6,68.6,82.2
בני ציון,85.1,2022-04-29T00:00:00.000Z,85.1,90.1,68.6,68.6,82.2
בני ציון,85.1,2022-04-29T00:00:00.000Z,85.1,90.1,68.6,68.6,82.2
בני ציון,85.1,2022-04-29T00:00:00.000Z,85.1,90.1,68.6,68.6,82.2
בני ציון,85.1,2022-04-29T00:00:00.000Z,85.1,90.1,68.6,68.6,82.2
בני ציון,85.1,2022-04-29T00:00:00.000Z,85.1,90.1,68.6,68.6,82.2
בני ציון,85.1,2022-04-29T00:00:00.000Z,85.1,90.1,68.6,68.6,82.2
בני ציון,85.1,2022-04-29T00:00:00.000Z,85.1,90.1,68.6,68.6,82.2
בני ציון,85.1,2022-04-29T00:00:00.000Z,85.1,90.1,68.6,68.6,82.2
בני ציון,85.1,2022-04-29T00:00:00.000Z,85.1,90.1,68.6,68.6,82.2
בני ציון,85.1,2022-04-29T00:00:00.000Z,85.1,90.1,68.6,68.6,82.2
בני ציון,85.1,2022-04-29T00:00:00.000Z,85.1,90.1,68.6,68.6,82.2
בני ציון,85.1,2022-04-29T00:00:00.000Z,85.1,90.1,68.6,68.6,82.2
בני ציון,85.1,2022-04-29T00:00:00.000Z,85.1,90.1,68.6,68.6,82.2
בני ציון,85.1,2022-04-29T00:00:00.000Z,85.1,90.1,68.6,68.6,82.2
בני ציון,85.1,2022-04-29T00:00:00.000Z,85.1,90.1,68.6,68.6,82.2
בני ציון,85.1,2022-04-29T00:00:00.000Z,85.1,90.1,68.6,68.6,82.2
בני ציון,85.1,2022-04-29T00:00:00.000Z,85.1,90.1,68.6,68.6,82.2
בני ציון,85.1,2022-04-29T00:00:00.000Z,85.1,90.1,68.6,68.6,82.2
בני ציון,85.1,2022-04-29T00:00:00.000Z,85.1,90.1,68.6,68.6,82.2
בני ציון,85.1,2022-04-29T00:00:00.000Z,85.1,90.1,68.6,68.6,82.2
בני ציון,85.1,2022-04-29T00:00:00.000Z,85.1,90.1,68.6,68.6,82.2
בני ציון,85.1,2022-04-29T00:00:00.000Z,85.1,90.1,68.6,68.6,82.2
בני ציון,85.1,2022-04-29T00:00:00.000Z,85.1,90.1,68.6,68.6,82.2
בני ציון,85.1,2022-04-29T00:00:00.000Z,85.1,90.1,68.6,68.6,82.2
בני ציון,85.1,2022-04-29T00:00:00.000Z,85.1,90.1,68.6,68.6,82.2
בני ציון,85.1,2022-04-29T00:00:00.000Z,85.1,90.1,68.6,68.6,82.2
בני ציון,85.1,2022-04-29T00:00:00.000Z,85.1,90.1,68.6,68.6,82.2
בני ציון,85.1,2022-04-29T00:00:00.000Z,85.1,90.1,68.6,68.6,82.2
בני ציון,85.1,2022-04-29T00:00:00.000Z,85.1,90.1,68.6,68.6,82.2
בני ציון,85.1,2022-04-29T00:00:00.000Z,85.1,90.1,68.6,68.6,82.2
בני ציון,85.1,2022-04-29T00:00:00.000Z,85.1,90.1,68.6,68.6,82.2
הכרמל,59.4,2022-04-29T00:00:00.000Z,59.4,67,66.9,66.9,72.8
הכרמל,59.4,2022-04-29T00:00:00.000Z,59.4,67,66.9,66.9,72.8
הכרמל,59.4,2022-04-29T00:00:00.000Z,59.4,67,66.9,66.9,72.8
הכרמל,59.4,2022-04-29T00:00:00.000Z,59.4,67,66.9,66.9,72.8
הכרמל,59.4,2022-04-29T00:00:00.000Z,59.4,67,66.9,66.9,72.8
הכרמל,59.4,2022-04-29T00:00:00.000Z,59.4,67,66.9,66.9,72.8
הכרמל,59.4,2022-04-29T00:00:00.000Z,59.4,67,66.9,66.9,72.8
הכרמל,59.4,2022-04-29T00:00:00.000Z,59.4,67,66.9,66.9,72.8
הכרמל,59.4,2022-04-29T00:00:00.000Z,59.4,67,66.9,66.9,72.8
הכרמל,59.4,2022-04-29T00:00:00.000Z,59.4,67,66.9,66.9,72.8
הכרמל,59.4,2022-04-29T00:00:00.000Z,59.4,67,66.9,66.9,72.8
הכרמל,59.4,2022-04-29T00:00:00.000Z,59.4,67,66.9,66.9,72.8
הכרמל,59.4,2022-04-29T00:00:00.000Z,59.4,67,66.9,66.9,72.8
הכרמל,59.4,2022-04-29T00:00:00.000Z,59.4,67,66.9,66.9,72.8
הכרמל,59.4,2022-04-29T00:00:00.000Z,59.4,67,66.9,66.9,72.8
רבין ק. בילינסון,116.7,2022-04-29T00:00:00.000Z,116.7,92.5,86.8,86.8,85.4
רבין ק. בילינסון,116.7,2022-04-29T00:00:00.000Z,116.7,92.5,86.8,86.8,85.4
רבין ק. בילינסון,116.7,2022-04-29T00:00:00.000Z,116.7,92.5,86.8,86.8,85.4
רבין ק. בילינסון,116.7,2022-04-29T00:00:00.000Z,116.7,92.5,86.8,86.8,85.4
רבין ק. בילינסון,116.7,2022-04-29T00:00:00.000Z,116.7,92.5,86.8,86.8,85.4
רבין ק. בילינסון,116.7,2022-04-29T00:00:00.000Z,116.7,92.5,86.8,86.8,85.4
רבין ק. בילינסון,116.7,2022-04-29T00:00:00.000Z,116.7,92.5,86.8,86.8,85.4
רבין ק. בילינסון,116.7,2022-04-29T00:00:00.000Z,116.7,92.5,86.8,86.8,85.4
רבין ק. בילינסון,116.7,2022-04-29T00:00:00.000Z,116.7,92.5,86.8,86.8,85.4
רבין ק. בילינסון,116.7,2022-04-29T00:00:00.000Z,116.7,92.5,86.8,86.8,85.4
רבין ק. בילינסון,116.7,2022-04-29T00:00:00.000Z,116.7,92.5,86.8,86.8,85.4
רבין ק. בילינסון,116.7,2022-04-29T00:00:00.000Z,116.7,92.5,86.8,86.8,85.4
רבין ק. בילינסון,116.7,2022-04-29T00:00:00.000Z,116.7,92.5,86.8,86.8,85.4
רבין ק. בילינסון,116.7,2022-04-29T00:00:00.000Z,116.7,92.5,86.8,86.8,85.4
רבין ק. בילינסון,116.7,2022-04-29T00:00:00.000Z,116.7,92.5,86.8,86.8,85.4
רבין ק. בילינסון,116.7,2022-04-29T00:00:00.000Z,116.7,92.5,86.8,86.8,85.4
רבין ק. בילינסון,116.7,2022-04-29T00:00:00.000Z,116.7,92.5,86.8,86.8,85.4
רבין ק. בילינסון,116.7,2022-04-29T00:00:00.000Z,116.7,92.5,86.8,86.8,85.4
רבין ק. בילינסון,116.7,2022-04-29T00:00:00.000Z,116.7,92.5,86.8,86.8,85.4
רבין ק. בילינסון,116.7,2022-04-29T00:00:00.000Z,116.7,92.5,86.8,86.8,85.4
רבין ק. בילינסון,116.7,2022-04-29T00:00:00.000Z,116.7,92.5,86.8,86.8,85.4
רבין ק. בילינסון,116.7,2022-04-29T00:00:00.000Z,116.7,92.5,86.8,86.8,85.4
רבין ק. בילינסון,116.7,2022-04-29T00:00:00.000Z,116.7,92.5,86.8,86.8,85.4
רבין ק. בילינסון,116.7,2022-04-29T00:00:00.000Z,116.7,92.5,86.8,86.8,85.4
רבין ק. בילינסון,116.7,2022-04-29T00:00:00.000Z,116.7,92.5,86.8,86.8,85.4
רבין ק. בילינסון,116.7,2022-04-29T00:00:00.000Z,116.7,92.5,86.8,86.8,85.4
רבין ק. בילינסון,116.7,2022-04-29T00:00:00.000Z,116.7,92.5,86.8,86.8,85.4
רבין ק. בילינסון,116.7,2022-04-29T00:00:00.000Z,116.7,92.5,86.8,86.8,85.4
רבין ק. בילינסון,116.7,2022-04-29T00:00:00.000Z,116.7,92.5,86.8,86.8,85.4
רבין ק. בילינסון,116.7,2022-04-29T00:00:00.000Z,116.7,92.5,86.8,86.8,85.4
רבין ק. בילינסון,116.7,2022-04-29T00:00:00.000Z,116.7,92.5,86.8,86.8,85.4
רבין ק. בילינסון,116.7,2022-04-29T00:00:00.000Z,116.7,92.5,86.8,86.8,85.4
פוריה,64.1,2022-04-29T00:00:00.000Z,64.1,60.3,63.4,63.4,67
פוריה,64.1,2022-04-29T00:00:00.000Z,64.1,60.3,63.4,63.4,67
פוריה,64.1,2022-04-29T00:00:00.000Z,64.1,60.3,63.4,63.4,67
פוריה,64.1,2022-04-29T00:00:00.000Z,64.1,60.3,63.4,63.4,67
פוריה,64.1,2022-04-29T00:00:00.000Z,64.1,60.3,63.4,63.4,67
פוריה,64.1,2022-04-29T00:00:00.000Z,64.1,60.3,63.4,63.4,67
פוריה,64.1,2022-04-29T00:00:00.000Z,64.1,60.3,63.4,63.4,67
פוריה,64.1,2022-04-29T00:00:00.000Z,64.1,60.3,63.4,63.4,67
פוריה,64.1,2022-04-29T00:00:00.000Z,64.1,60.3,63.4,63.4,67
פוריה,64.1,2022-04-29T00:00:00.000Z,64.1,60.3,63.4,63.4,67
פוריה,64.1,2022-04-29T00:00:00.000Z,64.1,60.3,63.4,63.4,67
פוריה,64.1,2022-04-29T00:00:00.000Z,64.1,60.3,63.4,63.4,67
פוריה,64.1,2022-04-29T00:00:00.000Z,64.1,60.3,63.4,63.4,67
פוריה,64.1,2022-04-29T00:00:00.000Z,64.1,60.3,63.4,63.4,67
פוריה,64.1,2022-04-29T00:00:00.000Z,64.1,60.3,63.4,63.4,67
פוריה,64.1,2022-04-29T00:00:00.000Z,64.1,60.3,63.4,63.4,67
פוריה,64.1,2022-04-29T00:00:00.000Z,64.1,60.3,63.4,63.4,67
פוריה,64.1,2022-04-29T00:00:00.000Z,64.1,60.3,63.4,63.4,67
פוריה,64.1,2022-04-29T00:00:00.000Z,64.1,60.3,63.4,63.4,67
פוריה,64.1,2022-04-29T00:00:00.000Z,64.1,60.3,63.4,63.4,67
פוריה,64.1,2022-04-29T00:00:00.000Z,64.1,60.3,63.4,63.4,67
פוריה,64.1,2022-04-29T00:00:00.000Z,64.1,60.3,63.4,63.4,67
פוריה,64.1,2022-04-29T00:00:00.000Z,64.1,60.3,63.4,63.4,67
פוריה,64.1,2022-04-29T00:00:00.000Z,64.1,60.3,63.4,63.4,67
פוריה,64.1,2022-04-29T00:00:00.000Z,64.1,60.3,63.4,63.4,67
פוריה,64.1,2022-04-29T00:00:00.000Z,64.1,60.3,63.4,63.4,67
פוריה,64.1,2022-04-29T00:00:00.000Z,64.1,60.3,63.4,63.4,67
פוריה,64.1,2022-04-29T00:00:00.000Z,64.1,60.3,63.4,63.4,67
פוריה,64.1,2022-04-29T00:00:00.000Z,64.1,60.3,63.4,63.4,67
פוריה,64.1,2022-04-29T00:00:00.000Z,64.1,60.3,63.4,63.4,67
פוריה,64.1,2022-04-29T00:00:00.000Z,64.1,60.3,63.4,63.4,67
פוריה,64.1,2022-04-29T00:00:00.000Z,64.1,60.3,63.4,63.4,67
פוריה,64.1,2022-04-29T00:00:00.000Z,64.1,60.3,63.4,63.4,67
פוריה,64.1,2022-04-29T00:00:00.000Z,64.1,60.3,63.4,63.4,67
רבין ק. בילינסון,116.7,2022-04-29T00:00:00.000Z,116.7,92.5,86.8,86.8,85.4
רבין ק. בילינסון,116.7,2022-04-29T00:00:00.000Z,116.7,92.5,86.8,86.8,85.4
רבין ק. בילינסון,116.7,2022-04-29T00:00:00.000Z,116.7,92.5,86.8,86.8,85.4
רבין ק. בילינסון,116.7,2022-04-29T00:00:00.000Z,116.7,92.5,86.8,86.8,85.4
רבין ק. בילינסון,116.7,2022-04-29T00:00:00.000Z,116.7,92.5,86.8,86.8,85.4
רבין ק. בילינסון,116.7,2022-04-29T00:00:00.000Z,116.7,92.5,86.8,86.8,85.4
רבין ק. בילינסון,116.7,2022-04-29T00:00:00.000Z,116.7,92.5,86.8,86.8,85.4
רבין ק. בילינסון,116.7,2022-04-29T00:00:00.000Z,116.7,92.5,86.8,86.8,85.4
רבין ק. בילינסון,116.7,2022-04-29T00:00:00.000Z,116.7,92.5,86.8,86.8,85.4
רבין ק. בילינסון,116.7,2022-04-29T00:00:00.000Z,116.7,92.5,86.8,86.8,85.4
רבין ק. בילינסון,116.7,2022-04-29T00:00:00.000Z,116.7,92.5,86.8,86.8,85.4
רבין ק. בילינסון,116.7,2022-04-29T00:00:00.000Z,116.7,92.5,86.8,86.8,85.4
רבין ק. בילינסון,116.7,2022-04-29T00:00:00.000Z,116.7,92.5,86.8,86.8,85.4
רבין ק. בילינסון,116.7,2022-04-29T00:00:00.000Z,116.7,92.5,86.8,86.8,85.4
רבין ק. בילינסון,116.7,2022-04-29T00:00:00.000Z,116.7,92.5,86.8,86.8,85.4
רבין ק. בילינסון,116.7,2022-04-29T00:00:00.000Z,116.7,92.5,86.8,86.8,85.4
רבין ק. בילינסון,116.7,2022-04-29T00:00:00.000Z,116.7,92.5,86.8,86.8,85.4
רבין ק. בילינסון,116.7,2022-04-29T00:00:00.000Z,116.7,92.5,86.8,86.8,85.4
רבין ק. בילינסון,116.7,2022-04-29T00:00:00.000Z,116.7,92.5,86.8,86.8,85.4
רבין ק. בילינסון,116.7,2022-04-29T00:00:00.000Z,116.7,92.5,86.8,86.8,85.4
רבין ק. בילינסון,116.7,2022-04-29T00:00:00.000Z,116.7,92.5,86.8,86.8,85.4
רבין ק. בילינסון,116.7,2022-04-29T00:00:00.000Z,116.7,92.5,86.8,86.8,85.4
רבין ק. בילינסון,116.7,2022-04-29T00:00:00.000Z,116.7,92.5,86.8,86.8,85.4
רבין ק. בילינסון,116.7,2022-04-29T00:00:00.000Z,116.7,92.5,86.8,86.8,85.4
רבין ק. בילינסון,116.7,2022-04-29T00:00:00.000Z,116.7,92.5,86.8,86.8,85.4
רבין ק. בילינסון,116.7,2022-04-29T00:00:00.000Z,116.7,92.5,86.8,86.8,85.4
רבין ק. בילינסון,116.7,2022-04-29T00:00:00.000Z,116.7,92.5,86.8,86.8,85.4
רבין ק. בילינסון,116.7,2022-04-29T00:00:00.000Z,116.7,92.5,86.8,86.8,85.4
רבין ק. בילינסון,116.7,2022-04-29T00:00:00.000Z,116.7,92.5,86.8,86.8,85.4
רבין ק. בילינסון,116.7,2022-04-29T00:00:00.000Z,116.7,92.5,86.8,86.8,85.4
רבין ק. בילינסון,116.7,2022-04-29T00:00:00.000Z,116.7,92.5,86.8,86.8,85.4
רבין ק. בילינסון,116.7,2022-04-29T00:00:00.000Z,116.7,92.5,86.8,86.8,85.4
בני ציון,85.1,2022-04-29T00:00:00.000Z,85.1,90.1,68.6,68.6,82.2
בני ציון,85.1,2022-04-29T00:00:00.000Z,85.1,90.1,68.6,68.6,82.2
בני ציון,85.1,2022-04-29T00:00:00.000Z,85.1,90.1,68.6,68.6,82.2
בני ציון,85.1,2022-04-29T00:00:00.000Z,85.1,90.1,68.6,68.6,82.2
בני ציון,85.1,2022-04-29T00:00:00.000Z,85.1,90.1,68.6,68.6,82.2
בני ציון,85.1,2022-04-29T00:00:00.000Z,85.1,90.1,68.6,68.6,82.2
בני ציון,85.1,2022-04-29T00:00:00.000Z,85.1,90.1,68.6,68.6,82.2
בני ציון,85.1,2022-04-29T00:00:00.000Z,85.1,90.1,68.6,68.6,82.2
בני ציון,85.1,2022-04-29T00:00:00.000Z,85.1,90.1,68.6,68.6,82.2
בני ציון,85.1,2022-04-29T00:00:00.000Z,85.1,90.1,68.6,68.6,82.2
בני ציון,85.1,2022-04-29T00:00:00.000Z,85.1,90.1,68.6,68.6,82.2
בני ציון,85.1,2022-04-29T00:00:00.000Z,85.1,90.1,68.6,68.6,82.2
בני ציון,85.1,2022-04-29T00:00:00.000Z,85.1,90.1,68.6,68.6,82.2
בני ציון,85.1,2022-04-29T00:00:00.000Z,85.1,90.1,68.6,68.6,82.2
בני ציון,85.1,2022-04-29T00:00:00.000Z,85.1,90.1,68.6,68.6,82.2
בני ציון,85.1,2022-04-29T00:00:00.000Z,85.1,90.1,68.6,68.6,82.2
בני ציון,85.1,2022-04-29T00:00:00.000Z,85.1,90.1,68.6,68.6,82.2
בני ציון,85.1,2022-04-29T00:00:00.000Z,85.1,90.1,68.6,68.6,82.2
בני ציון,85.1,2022-04-29T00:00:00.000Z,85.1,90.1,68.6,68.6,82.2
בני ציון,85.1,2022-04-29T00:00:00.000Z,85.1,90.1,68.6,68.6,82.2
בני ציון,85.1,2022-04-29T00:00:00.000Z,85.1,90.1,68.6,68.6,82.2
בני ציון,85.1,2022-04-29T00:00:00.000Z,85.1,90.1,68.6,68.6,82.2
בני ציון,85.1,2022-04-29T00:00:00.000Z,85.1,90.1,68.6,68.6,82.2
בני ציון,85.1,2022-04-29T00:00:00.000Z,85.1,90.1,68.6,68.6,82.2
בני ציון,85.1,2022-04-29T00:00:00.000Z,85.1,90.1,68.6,68.6,82.2
בני ציון,85.1,2022-04-29T00:00:00.000Z,85.1,90.1,68.6,68.6,82.2
בני ציון,85.1,2022-04-29T00:00:00.000Z,85.1,90.1,68.6,68.6,82.2
בני ציון,85.1,2022-04-29T00:00:00.000Z,85.1,90.1,68.6,68.6,82.2
בני ציון,85.1,2022-04-29T00:00:00.000Z,85.1,90.1,68.6,68.6,82.2
בני ציון,85.1,2022-04-29T00:00:00.000Z,85.1,90.1,68.6,68.6,82.2
בני ציון,85.1,2022-04-29T00:00:00.000Z,85.1,90.1,68.6,68.6,82.2
בני ציון,85.1,2022-04-29T00:00:00.000Z,85.1,90.1,68.6,68.6,82.2
בני ציון,85.1,2022-04-29T00:00:00.000Z,85.1,90.1,68.6,68.6,82.2
בני ציון,85.1,2022-04-29T00:00:00.000Z,85.1,90.1,68.6,68.6,82.2
פוריה,64.1,2022-04-29T00:00:00.000Z,64.1,60.3,63.4,63.4,67
פוריה,64.1,2022-04-29T00:00:00.000Z,64.1,60.3,63.4,63.4,67
פוריה,64.1,2022-04-29T00:00:00.000Z,64.1,60.3,63.4,63.4,67
פוריה,64.1,2022-04-29T00:00:00.000Z,64.1,60.3,63.4,63.4,67
פוריה,64.1,2022-04-29T00:00:00.000Z,64.1,60.3,63.4,63.4,67
פוריה,64.1,2022-04-29T00:00:00.000Z,64.1,60.3,63.4,63.4,67
פוריה,64.1,2022-04-29T00:00:00.000Z,64.1,60.3,63.4,63.4,67
פוריה,64.1,2022-04-29T00:00:00.000Z,64.1,60.3,63.4,63.4,67
פוריה,64.1,2022-04-29T00:00:00.000Z,64.1,60.3,63.4,63.4,67
פוריה,64.1,2022-04-29T00:00:00.000Z,64.1,60.3,63.4,63.4,67
פוריה,64.1,2022-04-29T00:00:00.000Z,64.1,60.3,63.4,63.4,67
פוריה,64.1,2022-04-29T00:00:00.000Z,64.1,60.3,63.4,63.4,67
פוריה,64.1,2022-04-29T00:00:00.000Z,64.1,60.3,63.4,63.4,67
פוריה,64.1,2022-04-29T00:00:00.000Z,64.1,60.3,63.4,63.4,67
פוריה,64.1,2022-04-29T00:00:00.000Z,64.1,60.3,63.4,63.4,67
פוריה,64.1,2022-04-29T00:00:00.000Z,64.1,60.3,63.4,63.4,67
פוריה,64.1,2022-04-29T00:00:00.000Z,64.1,60.3,63.4,63.4,67
פוריה,64.1,2022-04-29T00:00:00.000Z,64.1,60.3,63.4,63.4,67
פוריה,64.1,2022-04-29T00:00:00.000Z,64.1,60.3,63.4,63.4,67
פוריה,64.1,2022-04-29T00:00:00.000Z,64.1,60.3,63.4,63.4,67
פוריה,64.1,2022-04-29T00:00:00.000Z,64.1,60.3,63.4,63.4,67
פוריה,64.1,2022-04-29T00:00:00.000Z,64.1,60.3,63.4,63.4,67
פוריה,64.1,2022-04-29T00:00:00.000Z,64.1,60.3,63.4,63.4,67
פוריה,64.1,2022-04-29T00:00:00.000Z,64.1,60.3,63.4,63.4,67
פוריה,64.1,2022-04-29T00:00:00.000Z,64.1,60.3,63.4,63.4,67
פוריה,64.1,2022-04-29T00:00:00.000Z,64.1,60.3,63.4,63.4,67
פוריה,64.1,2022-04-29T00:00:00.000Z,64.1,60.3,63.4,63.4,67
פוריה,64.1,2022-04-29T00:00:00.000Z,64.1,60.3,63.4,63.4,67
פוריה,64.1,2022-04-29T00:00:00.000Z,64.1,60.3,63.4,63.4,67
פוריה,64.1,2022-04-29T00:00:00.000Z,64.1,60.3,63.4,63.4,67
פוריה,64.1,2022-04-29T00:00:00.000Z,64.1,60.3,63.4,63.4,67
פוריה,64.1,2022-04-29T00:00:00.000Z,64.1,60.3,63.4,63.4,67
פוריה,64.1,2022-04-29T00:00:00.000Z,64.1,60.3,63.4,63.4,67
פוריה,64.1,2022-04-29T00:00:00.000Z,64.1,60.3,63.4,63.4,67
רבין ק. בילינסון,116.7,2022-04-29T00:00:00.000Z,116.7,92.5,86.8,86.8,85.4
רבין ק. בילינסון,116.7,2022-04-29T00:00:00.000Z,116.7,92.5,86.8,86.8,85.4
רבין ק. בילינסון,116.7,2022-04-29T00:00:00.000Z,116.7,92.5,86.8,86.8,85.4
רבין ק. בילינסון,116.7,2022-04-29T00:00:00.000Z,116.7,92.5,86.8,86.8,85.4
רבין ק. בילינסון,116.7,2022-04-29T00:00:00.000Z,116.7,92.5,86.8,86.8,85.4
רבין ק. בילינסון,116.7,2022-04-29T00:00:00.000Z,116.7,92.5,86.8,86.8,85.4
רבין ק. בילינסון,116.7,2022-04-29T00:00:00.000Z,116.7,92.5,86.8,86.8,85.4
רבין ק. בילינסון,116.7,2022-04-29T00:00:00.000Z,116.7,92.5,86.8,86.8,85.4
רבין ק. בילינסון,116.7,2022-04-29T00:00:00.000Z,116.7,92.5,86.8,86.8,85.4
רבין ק. בילינסון,116.7,2022-04-29T00:00:00.000Z,116.7,92.5,86.8,86.8,85.4
רבין ק. בילינסון,116.7,2022-04-29T00:00:00.000Z,116.7,92.5,86.8,86.8,85.4
רבין ק. בילינסון,116.7,2022-04-29T00:00:00.000Z,116.7,92.5,86.8,86.8,85.4
רבין ק. בילינסון,116.7,2022-04-29T00:00:00.000Z,116.7,92.5,86.8,86.8,85.4
רבין ק. בילינסון,116.7,2022-04-29T00:00:00.000Z,116.7,92.5,86.8,86.8,85.4
רבין ק. בילינסון,116.7,2022-04-29T00:00:00.000Z,116.7,92.5,86.8,86.8,85.4
רבין ק. בילינסון,116.7,2022-04-29T00:00:00.000Z,116.7,92.5,86.8,86.8,85.4
רבין ק. בילינסון,116.7,2022-04-29T00:00:00.000Z,116.7,92.5,86.8,86.8,85.4
רבין ק. בילינסון,116.7,2022-04-29T00:00:00.000Z,116.7,92.5,86.8,86.8,85.4
רבין ק. בילינסון,116.7,2022-04-29T00:00:00.000Z,116.7,92.5,86.8,86.8,85.4
רבין ק. בילינסון,116.7,2022-04-29T00:00:00.000Z,116.7,92.5,86.8,86.8,85.4
רבין ק. בילינסון,116.7,2022-04-29T00:00:00.000Z,116.7,92.5,86.8,86.8,85.4
רבין ק. בילינסון,116.7,2022-04-29T00:00:00.000Z,116.7,92.5,86.8,86.8,85.4
רבין ק. בילינסון,116.7,2022-04-29T00:00:00.000Z,116.7,92.5,86.8,86.8,85.4
רבין ק. בילינסון,116.7,2022-04-29T00:00:00.000Z,116.7,92.5,86.8,86.8,85.4
רבין ק. בילינסון,116.7,2022-04-29T00:00:00.000Z,116.7,92.5,86.8,86.8,85.4
רבין ק. בילינסון,116.7,2022-04-29T00:00:00.000Z,116.7,92.5,86.8,86.8,85.4
רבין ק. בילינסון,116.7,2022-04-29T00:00:00.000Z,116.7,92.5,86.8,86.8,85.4
רבין ק. בילינסון,116.7,2022-04-29T00:00:00.000Z,116.7,92.5,86.8,86.8,85.4
רבין ק. בילינסון,116.7,2022-04-29T00:00:00.000Z,116.7,92.5,86.8,86.8,85.4
רבין ק. בילינסון,116.7,2022-04-29T00:00:00.000Z,116.7,92.5,86.8,86.8,85.4
רבין ק. בילינסון,116.7,2022-04-29T00:00:00.000Z,116.7,92.5,86.8,86.8,85.4
רבין ק. בילינסון,116.7,2022-04-29T00:00:00.000Z,116.7,92.5,86.8,86.8,85.4
פוריה,64.1,2022-04-29T00:00:00.000Z,64.1,60.3,63.4,63.4,67
פוריה,64.1,2022-04-29T00:00:00.000Z,64.1,60.3,63.4,63.4,67
פוריה,64.1,2022-04-29T00:00:00.000Z,64.1,60.3,63.4,63.4,67
פוריה,64.1,2022-04-29T00:00:00.000Z,64.1,60.3,63.4,63.4,67
פוריה,64.1,2022-04-29T00:00:00.000Z,64.1,60.3,63.4,63.4,67
פוריה,64.1,2022-04-29T00:00:00.000Z,64.1,60.3,63.4,63.4,67
פוריה,64.1,2022-04-29T00:00:00.000Z,64.1,60.3,63.4,63.4,67
פוריה,64.1,2022-04-29T00:00:00.000Z,64.1,60.3,63.4,63.4,67
פוריה,64.1,2022-04-29T00:00:00.000Z,64.1,60.3,63.4,63.4,67
פוריה,64.1,2022-04-29T00:00:00.000Z,64.1,60.3,63.4,63.4,67
פוריה,64.1,2022-04-29T00:00:00.000Z,64.1,60.3,63.4,63.4,67
פוריה,64.1,2022-04-29T00:00:00.000Z,64.1,60.3,63.4,63.4,67
פוריה,64.1,2022-04-29T00:00:00.000Z,64.1,60.3,63.4,63.4,67
פוריה,64.1,2022-04-29T00:00:00.000Z,64.1,60.3,63.4,63.4,67
פוריה,64.1,2022-04-29T00:00:00.000Z,64.1,60.3,63.4,63.4,67
פוריה,64.1,2022-04-29T00:00:00.000Z,64.1,60.3,63.4,63.4,67
פוריה,64.1,2022-04-29T00:00:00.000Z,64.1,60.3,63.4,63.4,67
פוריה,64.1,2022-04-29T00:00:00.000Z,64.1,60.3,63.4,63.4,67
פוריה,64.1,2022-04-29T00:00:00.000Z,64.1,60.3,63.4,63.4,67
פוריה,64.1,2022-04-29T00:00:00.000Z,64.1,60.3,63.4,63.4,67
פוריה,64.1,2022-04-29T00:00:00.000Z,64.1,60.3,63.4,63.4,67
פוריה,64.1,2022-04-29T00:00:00.000Z,64.1,60.3,63.4,63.4,67
פוריה,64.1,2022-04-29T00:00:00.000Z,64.1,60.3,63.4,63.4,67
פוריה,64.1,2022-04-29T00:00:00.000Z,64.1,60.3,63.4,63.4,67
פוריה,64.1,2022-04-29T00:00:00.000Z,64.1,60.3,63.4,63.4,67
פוריה,64.1,2022-04-29T00:00:00.000Z,64.1,60.3,63.4,63.4,67
פוריה,64.1,2022-04-29T00:00:00.000Z,64.1,60.3,63.4,63.4,67
פוריה,64.1,2022-04-29T00:00:00.000Z,64.1,60.3,63.4,63.4,67
פוריה,64.1,2022-04-29T00:00:00.000Z,64.1,60.3,63.4,63.4,67
פוריה,64.1,2022-04-29T00:00:00.000Z,64.1,60.3,63.4,63.4,67
פוריה,64.1,2022-04-29T00:00:00.000Z,64.1,60.3,63.4,63.4,67
פוריה,64.1,2022-04-29T00:00:00.000Z,64.1,60.3,63.4,63.4,67
פוריה,64.1,2022-04-29T00:00:00.000Z,64.1,60.3,63.4,63.4,67
פוריה,64.1,2022-04-29T00:00:00.000Z,64.1,60.3,63.4,63.4,67
פוריה,64.1,2022-04-29T00:00:00.000Z,64.1,60.3,63.4,63.4,67
פוריה,64.1,2022-04-29T00:00:00.000Z,64.1,60.3,63.4,63.4,67
פוריה,64.1,2022-04-29T00:00:00.000Z,64.1,60.3,63.4,63.4,67
פוריה,64.1,2022-04-29T00:00:00.000Z,64.1,60.3,63.4,63.4,67
פוריה,64.1,2022-04-29T00:00:00.000Z,64.1,60.3,63.4,63.4,67
פוריה,64.1,2022-04-29T00:00:00.000Z,64.1,60.3,63.4,63.4,67
פוריה,64.1,2022-04-29T00:00:00.000Z,64.1,60.3,63.4,63.4,67
פוריה,64.1,2022-04-29T00:00:00.000Z,64.1,60.3,63.4,63.4,67
פוריה,64.1,2022-04-29T00:00:00.000Z,64.1,60.3,63.4,63.4,67
פוריה,64.1,2022-04-29T00:00:00.000Z,64.1,60.3,63.4,63.4,67
פוריה,64.1,2022-04-29T00:00:00.000Z,64.1,60.3,63.4,63.4,67
פוריה,64.1,2022-04-29T00:00:00.000Z,64.1,60.3,63.4,63.4,67
פוריה,64.1,2022-04-29T00:00:00.000Z,64.1,60.3,63.4,63.4,67
רבין ק. בילינסון,116.7,2022-04-29T00:00:00.000Z,116.7,92.5,86.8,86.8,85.4
רבין ק. בילינסון,116.7,2022-04-29T00:00:00.000Z,116.7,92.5,86.8,86.8,85.4
רבין ק. בילינסון,116.7,2022-04-29T00:00:00.000Z,116.7,92.5,86.8,86.8,85.4
רבין ק. בילינסון,116.7,2022-04-29T00:00:00.000Z,116.7,92.5,86.8,86.8,85.4
רבין ק. בילינסון,116.7,2022-04-29T00:00:00.000Z,116.7,92.5,86.8,86.8,85.4
רבין ק. בילינסון,116.7,2022-04-29T00:00:00.000Z,116.7,92.5,86.8,86.8,85.4
רבין ק. בילינסון,116.7,2022-04-29T00:00:00.000Z,116.7,92.5,86.8,86.8,85.4
רבין ק. בילינסון,116.7,2022-04-29T00:00:00.000Z,116.7,92.5,86.8,86.8,85.4
רבין ק. בילינסון,116.7,2022-04-29T00:00:00.000Z,116.7,92.5,86.8,86.8,85.4
רבין ק. בילינסון,116.7,2022-04-29T00:00:00.000Z,116.7,92.5,86.8,86.8,85.4
רבין ק. בילינסון,116.7,2022-04-29T00:00:00.000Z,116.7,92.5,86.8,86.8,85.4
רבין ק. בילינסון,116.7,2022-04-29T00:00:00.000Z,116.7,92.5,86.8,86.8,85.4
רבין ק. בילינסון,116.7,2022-04-29T00:00:00.000Z,116.7,92.5,86.8,86.8,85.4
רבין ק. בילינסון,116.7,2022-04-29T00:00:00.000Z,116.7,92.5,86.8,86.8,85.4
רבין ק. בילינסון,116.7,2022-04-29T00:00:00.000Z,116.7,92.5,86.8,86.8,85.4
רבין ק. בילינסון,116.7,2022-04-29T00:00:00.000Z,116.7,92.5,86.8,86.8,85.4
רבין ק. בילינסון,116.7,2022-04-29T00:00:00.000Z,116.7,92.5,86.8,86.8,85.4
רבין ק. בילינסון,116.7,2022-04-29T00:00:00.000Z,116.7,92.5,86.8,86.8,85.4
רבין ק. בילינסון,116.7,2022-04-29T00:00:00.000Z,116.7,92.5,86.8,86.8,85.4
רבין ק. בילינסון,116.7,2022-04-29T00:00:00.000Z,116.7,92.5,86.8,86.8,85.4
רבין ק. בילינסון,116.7,2022-04-29T00:00:00.000Z,116.7,92.5,86.8,86.8,85.4
רבין ק. בילינסון,116.7,2022-04-29T00:00:00.000Z,116.7,92.5,86.8,86.8,85.4
רבין ק. בילינסון,116.7,2022-04-29T00:00:00.000Z,116.7,92.5,86.8,86.8,85.4
רבין ק. בילינסון,116.7,2022-04-29T00:00:00.000Z,116.7,92.5,86.8,86.8,85.4
רבין ק. בילינסון,116.7,2022-04-29T00:00:00.000Z,116.7,92.5,86.8,86.8,85.4
רבין ק. בילינסון,116.7,2022-04-29T00:00:00.000Z,116.7,92.5,86.8,86.8,85.4
רבין ק. בילינסון,116.7,2022-04-29T00:00:00.000Z,116.7,92.5,86.8,86.8,85.4
רבין ק. בילינסון,116.7,2022-04-29T00:00:00.000Z,116.7,92.5,86.8,86.8,85.4
רבין ק. בילינסון,116.7,2022-04-29T00:00:00.000Z,116.7,92.5,86.8,86.8,85.4
רבין ק. בילינסון,116.7,2022-04-29T00:00:00.000Z,116.7,92.5,86.8,86.8,85.4
רבין ק. בילינסון,116.7,2022-04-29T00:00:00.000Z,116.7,92.5,86.8,86.8,85.4
רבין ק. בילינסון,116.7,2022-04-29T00:00:00.000Z,116.7,92.5,86.8,86.8,85.4
בני ציון,85.1,2022-04-29T00:00:00.000Z,85.1,90.1,68.6,68.6,82.2
בני ציון,85.1,2022-04-29T00:00:00.000Z,85.1,90.1,68.6,68.6,82.2
בני ציון,85.1,2022-04-29T00:00:00.000Z,85.1,90.1,68.6,68.6,82.2
בני ציון,85.1,2022-04-29T00:00:00.000Z,85.1,90.1,68.6,68.6,82.2
בני ציון,85.1,2022-04-29T00:00:00.000Z,85.1,90.1,68.6,68.6,82.2
בני ציון,85.1,2022-04-29T00:00:00.000Z,85.1,90.1,68.6,68.6,82.2
בני ציון,85.1,2022-04-29T00:00:00.000Z,85.1,90.1,68.6,68.6,82.2
בני ציון,85.1,2022-04-29T00:00:00.000Z,85.1,90.1,68.6,68.6,82.2
בני ציון,85.1,2022-04-29T00:00:00.000Z,85.1,90.1,68.6,68.6,82.2
בני ציון,85.1,2022-04-29T00:00:00.000Z,85.1,90.1,68.6,68.6,82.2
בני ציון,85.1,2022-04-29T00:00:00.000Z,85.1,90.1,68.6,68.6,82.2
בני ציון,85.1,2022-04-29T00:00:00.000Z,85.1,90.1,68.6,68.6,82.2
בני ציון,85.1,2022-04-29T00:00:00.000Z,85.1,90.1,68.6,68.6,82.2
בני ציון,85.1,2022-04-29T00:00:00.000Z,85.1,90.1,68.6,68.6,82.2
בני ציון,85.1,2022-04-29T00:00:00.000Z,85.1,90.1,68.6,68.6,82.2
בני ציון,85.1,2022-04-29T00:00:00.000Z,85.1,90.1,68.6,68.6,82.2
בני ציון,85.1,2022-04-29T00:00:00.000Z,85.1,90.1,68.6,68.6,82.2
בני ציון,85.1,2022-04-29T00:00:00.000Z,85.1,90.1,68.6,68.6,82.2
בני ציון,85.1,2022-04-29T00:00:00.000Z,85.1,90.1,68.6,68.6,82.2
בני ציון,85.1,2022-04-29T00:00:00.000Z,85.1,90.1,68.6,68.6,82.2
בני ציון,85.1,2022-04-29T00:00:00.000Z,85.1,90.1,68.6,68.6,82.2
בני ציון,85.1,2022-04-29T00:00:00.000Z,85.1,90.1,68.6,68.6,82.2
בני ציון,85.1,2022-04-29T00:00:00.000Z,85.1,90.1,68.6,68.6,82.2
בני ציון,85.1,2022-04-29T00:00:00.000Z,85.1,90.1,68.6,68.6,82.2
בני ציון,85.1,2022-04-29T00:00:00.000Z,85.1,90.1,68.6,68.6,82.2
בני ציון,85.1,2022-04-29T00:00:00.000Z,85.1,90.1,68.6,68.6,82.2
בני ציון,85.1,2022-04-29T00:00:00.000Z,85.1,90.1,68.6,68.6,82.2
בני ציון,85.1,2022-04-29T00:00:00.000Z,85.1,90.1,68.6,68.6,82.2
בני ציון,85.1,2022-04-29T00:00:00.000Z,85.1,90.1,68.6,68.6,82.2
בני ציון,85.1,2022-04-29T00:00:00.000Z,85.1,90.1,68.6,68.6,82.2
בני ציון,85.1,2022-04-29T00:00:00.000Z,85.1,90.1,68.6,68.6,82.2
בני ציון,85.1,2022-04-29T00:00:00.000Z,85.1,90.1,68.6,68.6,82.2
בני ציון,85.1,2022-04-29T00:00:00.000Z,85.1,90.1,68.6,68.6,82.2
בני ציון,85.1,2022-04-29T00:00:00.000Z,85.1,90.1,68.6,68.6,82.2
רבין ק. בילינסון,116.7,2022-04-29T00:00:00.000Z,116.7,92.5,86.8,86.8,85.4
רבין ק. בילינסון,116.7,2022-04-29T00:00:00.000Z,116.7,92.5,86.8,86.8,85.4
רבין ק. בילינסון,116.7,2022-04-29T00:00:00.000Z,116.7,92.5,86.8,86.8,85.4
רבין ק. בילינסון,116.7,2022-04-29T00:00:00.000Z,116.7,92.5,86.8,86.8,85.4
רבין ק. בילינסון,116.7,2022-04-29T00:00:00.000Z,116.7,92.5,86.8,86.8,85.4
רבין ק. בילינסון,116.7,2022-04-29T00:00:00.000Z,116.7,92.5,86.8,86.8,85.4
רבין ק. בילינסון,116.7,2022-04-29T00:00:00.000Z,116.7,92.5,86.8,86.8,85.4
רבין ק. בילינסון,116.7,2022-04-29T00:00:00.000Z,116.7,92.5,86.8,86.8,85.4
רבין ק. בילינסון,116.7,2022-04-29T00:00:00.000Z,116.7,92.5,86.8,86.8,85.4
רבין ק. בילינסון,116.7,2022-04-29T00:00:00.000Z,116.7,92.5,86.8,86.8,85.4
רבין ק. בילינסון,116.7,2022-04-29T00:00:00.000Z,116.7,92.5,86.8,86.8,85.4
רבין ק. בילינסון,116.7,2022-04-29T00:00:00.000Z,116.7,92.5,86.8,86.8,85.4
רבין ק. בילינסון,116.7,2022-04-29T00:00:00.000Z,116.7,92.5,86.8,86.8,85.4
רבין ק. בילינסון,116.7,2022-04-29T00:00:00.000Z,116.7,92.5,86.8,86.8,85.4
רבין ק. בילינסון,116.7,2022-04-29T00:00:00.000Z,116.7,92.5,86.8,86.8,85.4
רבין ק. בילינסון,116.7,2022-04-29T00:00:00.000Z,116.7,92.5,86.8,86.8,85.4
וולפסון,70.9,2022-04-29T00:00:00.000Z,73.4,91,62.1,67.3,84.6
וולפסון,70.9,2022-04-29T00:00:00.000Z,73,90.6,62.1,66.6,83.1
וולפסון,70.9,2022-04-29T00:00:00.000Z,72.7,90.3,62.1,65.8,81.5
וולפסון,70.9,2022-04-29T00:00:00.000Z,72.3,89.9,62.1,65.1,79.9
וולפסון,70.9,2022-04-29T00:00:00.000Z,72,89.6,62.1,64.3,78.4
וולפסון,70.9,2022-04-29T00:00:00.000Z,71.6,89.2,62.1,63.6,76.8
וולפסון,70.9,2022-04-29T00:00:00.000Z,71.3,88.9,62.1,62.8,75.2
וולפסון,70.9,2022-04-29T00:00:00.000Z,70.9,88.5,62.1,62.1,73.6
וולפסון,70.9,2022-04-29T00:00:00.000Z,70.9,88.5,62.1,62.1,73.6
וולפסון,70.9,2022-04-29T00:00:00.000Z,70.9,88.5,62.1,62.1,73.6
וולפסון,70.9,2022-04-29T00:00:00.000Z,70.9,88.5,62.1,62.1,73.6
וולפסון,70.9,2022-04-29T00:00:00.000Z,70.9,88.5,62.1,62.1,73.6
וולפסון,70.9,2022-04-29T00:00:00.000Z,70.9,88.5,62.1,62.1,73.6
וולפסון,70.9,2022-04-29T00:00:00.000Z,70.9,88.5,62.1,62.1,73.6
וולפסון,70.9,2022-04-29T00:00:00.000Z,70.9,88.5,62.1,62.1,73.6
וולפסון,70.9,2022-04-29T00:00:00.000Z,70.9,88.5,62.1,62.1,73.6
וולפסון,70.9,2022-04-29T00:00:00.000Z,70.9,88.5,62.1,62.1,73.6
וולפסון,70.9,2022-04-29T00:00:00.000Z,70.9,88.5,62.1,62.1,73.6
וולפסון,70.9,2022-04-29T00:00:00.000Z,70.9,88.5,62.1,62.1,73.6
וולפסון,70.9,2022-04-29T00:00:00.000Z,70.9,88.5,62.1,62.1,73.6
וולפסון,70.9,2022-04-29T00:00:00.000Z,70.9,88.5,62.1,62.1,73.6
וולפסון,70.9,2022-04-29T00:00:00.000Z,70.9,88.5,62.1,62.1,73.6
וולפסון,70.9,2022-04-29T00:00:00.000Z,70.9,88.5,62.1,62.1,73.6
וולפסון,70.9,2022-04-29T00:00:00.000Z,70.9,88.5,62.1,62.1,73.6
וולפסון,70.9,2022-04-29T00:00:00.000Z,70.9,88.5,62.1,62.1,73.6
וולפסון,70.9,2022-04-29T00:00:00.000Z,70.9,88.5,62.1,62.1,73.6
וולפסון,70.9,2022-04-29T00:00:00.000Z,70.9,88.5,62.1,62.1,73.6
וולפסון,70.9,2022-04-29T00:00:00.000Z,70.9,88.5,62.1,62.1,73.6
וולפסון,70.9,2022-04-29T00:00:00.000Z,70.9,88.5,62.1,62.1,73.6
וולפסון,70.9,2022-04-29T00:00:00.000Z,70.9,88.5,62.1,62.1,73.6
וולפסון,70.9,2022-04-29T00:00:00.000Z,70.9,88.5,62.1,62.1,73.6
וולפסון,70.9,2022-04-29T00:00:00.000Z,70.9,88.5,62.1,62.1,73.6
וולפסון,70.9,2022-04-29T00:00:00.000Z,70.9,88.5,62.1,62.1,73.6
וולפסון,70.9,2022-04-29T00:00:00.000Z,70.9,88.5,62.1,62.1,73.6
וולפסון,70.9,2022-04-29T00:00:00.000Z,70.9,88.5,62.1,62.1,73.6
וולפסון,70.9,2022-04-29T00:00:00.000Z,70.9,88.5,62.1,62.1,73.6
וולפסון,70.9,2022-04-29T00:00:00.000Z,70.9,88.5,62.1,62.1,73.6
לניאדו,78.2,2022-04-29T00:00:00.000Z,92.3,107.7,73,94.7,100.6
לניאדו,78.2,2022-04-29T00:00:00.000Z,90.3,104.9,73,91.6,99.9
לניאדו,78.2,2022-04-29T00:00:00.000Z,88.3,102.2,73,88.5,99.3
וולפסון,70.9,2022-04-29T00:00:00.000Z,70.9,88.5,62.1,62.1,73.6
וולפסון,70.9,2022-04-29T00:00:00.000Z,70.9,88.5,62.1,62.1,73.6
וולפסון,70.9,2022-04-29T00:00:00.000Z,70.9,88.5,62.1,62.1,73.6
וולפסון,70.9,2022-04-29T00:00:00.000Z,70.9,88.5,62.1,62.1,73.6
וולפסון,70.9,2022-04-29T00:00:00.000Z,70.9,88.5,62.1,62.1,73.6
וולפסון,70.9,2022-04-29T00:00:00.000Z,70.9,88.5,62.1,62.1,73.6
וולפסון,70.9,2022-04-29T00:00:00.000Z,70.9,88.5,62.1,62.1,73.6
וולפסון,70.9,2022-04-29T00:00:00.000Z,70.9,88.5,62.1,62.1,73.6
וולפסון,70.9,2022-04-29T00:00:00.000Z,70.9,88.5,62.1,62.1,73.6
וולפסון,70.9,2022-04-29T00:00:00.000Z,70.9,88.5,62.1,62.1,73.6
וולפסון,70.9,2022-04-29T00:00:00.000Z,70.9,88.5,62.1,62.1,73.6
וולפסון,70.9,2022-04-29T00:00:00.000Z,70.9,88.5,62.1,62.1,73.6
וולפסון,70.9,2022-04-29T00:00:00.000Z,70.9,88.5,62.1,62.1,73.6
וולפסון,70.9,2022-04-29T00:00:00.000Z,70.9,88.5,62.1,62.1,73.6
וולפסון,70.9,2022-04-29T00:00:00.000Z,70.9,88.5,62.1,62.1,73.6
וולפסון,70.9,2022-04-29T00:00:00.000Z,70.9,88.5,62.1,62.1,73.6
וולפסון,70.9,2022-04-29T00:00:00.000Z,70.9,88.5,62.1,62.1,73.6
וולפסון,70.9,2022-04-29T00:00:00.000Z,70.9,88.5,62.1,62.1,73.6
וולפסון,70.9,2022-04-29T00:00:00.000Z,70.9,88.5,62.1,62.1,73.6
וולפסון,70.9,2022-04-29T00:00:00.000Z,70.9,88.5,62.1,62.1,73.6
וולפסון,70.9,2022-04-29T00:00:00.000Z,70.9,88.5,62.1,62.1,73.6
וולפסון,70.9,2022-04-29T00:00:00.000Z,70.9,88.5,62.1,62.1,73.6
וולפסון,70.9,2022-04-29T00:00:00.000Z,70.9,88.5,62.1,62.1,73.6
וולפסון,70.9,2022-04-29T00:00:00.000Z,70.9,88.5,62.1,62.1,73.6
וולפסון,70.9,2022-04-29T00:00:00.000Z,70.9,88.5,62.1,62.1,73.6
וולפסון,70.9,2022-04-29T00:00:00.000Z,70.9,88.5,62.1,62.1,73.6
וולפסון,70.9,2022-04-29T00:00:00.000Z,70.9,88.5,62.1,62.1,73.6
וולפסון,70.9,2022-04-29T00:00:00.000Z,70.9,88.5,62.1,62.1,73.6
וולפסון,70.9,2022-04-29T00:00:00.000Z,70.9,88.5,62.1,62.1,73.6
וולפסון,70.9,2022-04-29T00:00:00.000Z,70.9,88.5,62.1,62.1,73.6
וולפסון,70.9,2022-04-29T00:00:00.000Z,70.9,88.5,62.1,62.1,73.6
וולפסון,70.9,2022-04-29T00:00:00.000Z,70.9,88.5,62.1,62.1,73.6
וולפסון,70.9,2022-04-29T00:00:00.000Z,70.9,88.5,62.1,62.1,73.6
וולפסון,70.9,2022-04-29T00:00:00.000Z,70.9,88.5,62.1,62.1,73.6
לניאדו,78.2,2022-04-29T00:00:00.000Z,86.3,99.5,73,85.4,98.6
לניאדו,78.2,2022-04-29T00:00:00.000Z,84.2,96.7,73,82.3,98
לניאדו,78.2,2022-04-29T00:00:00.000Z,82.2,94,73,79.2,97.4
לניאדו,78.2,2022-04-29T00:00:00.000Z,80.2,91.2,73,76.1,96.7
לניאדו,78.2,2022-04-29T00:00:00.000Z,78.2,88.5,73,73,96.1
לניאדו,78.2,2022-04-29T00:00:00.000Z,78.2,88.5,73,73,96.1
לניאדו,78.2,2022-04-29T00:00:00.000Z,78.2,88.5,73,73,96.1
לניאדו,78.2,2022-04-29T00:00:00.000Z,78.2,88.5,73,73,96.1
לניאדו,78.2,2022-04-29T00:00:00.000Z,78.2,88.5,73,73,96.1
לניאדו,78.2,2022-04-29T00:00:00.000Z,78.2,88.5,73,73,96.1
לניאדו,78.2,2022-04-29T00:00:00.000Z,78.2,88.5,73,73,96.1
לניאדו,78.2,2022-04-29T00:00:00.000Z,78.2,88.5,73,73,96.1
לניאדו,78.2,2022-04-29T00:00:00.000Z,78.2,88.5,73,73,96.1
לניאדו,78.2,2022-04-29T00:00:00.000Z,78.2,88.5,73,73,96.1
לניאדו,78.2,2022-04-29T00:00:00.000Z,78.2,88.5,73,73,96.1
לניאדו,78.2,2022-04-29T00:00:00.000Z,78.2,88.5,73,73,96.1
לניאדו,78.2,2022-04-29T00:00:00.000Z,78.2,88.5,73,73,96.1
לניאדו,78.2,2022-04-29T00:00:00.000Z,78.2,88.5,73,73,96.1
לניאדו,78.2,2022-04-29T00:00:00.000Z,78.2,88.5,73,73,96.1
לניאדו,78.2,2022-04-29T00:00:00.000Z,78.2,88.5,73,73,96.1
לניאדו,78.2,2022-04-29T00:00:00.000Z,78.2,88.5,73,73,96.1
לניאדו,78.2,2022-04-29T00:00:00.000Z,78.2,88.5,73,73,96.1
לניאדו,78.2,2022-04-29T00:00:00.000Z,78.2,88.5,73,73,96.1
לניאדו,78.2,2022-04-29T00:00:00.000Z,78.2,88.5,73,73,96.1
לניאדו,78.2,2022-04-29T00:00:00.000Z,78.2,88.5,73,73,96.1
לניאדו,78.2,2022-04-29T00:00:00.000Z,78.2,88.5,73,73,96.1
לניאדו,78.2,2022-04-29T00:00:00.000Z,78.2,88.5,73,73,96.1
לניאדו,78.2,2022-04-29T00:00:00.000Z,78.2,88.5,73,73,96.1
לניאדו,78.2,2022-04-29T00:00:00.000Z,78.2,88.5,73,73,96.1
לניאדו,78.2,2022-04-29T00:00:00.000Z,78.2,88.5,73,73,96.1
לניאדו,78.2,2022-04-29T00:00:00.000Z,78.2,88.5,73,73,96.1
לניאדו,78.2,2022-04-29T00:00:00.000Z,78.2,88.5,73,73,96.1
לניאדו,78.2,2022-04-29T00:00:00.000Z,78.2,88.5,73,73,96.1
לניאדו,78.2,2022-04-29T00:00:00.000Z,78.2,88.5,73,73,96.1
לניאדו,78.2,2022-04-29T00:00:00.000Z,78.2,88.5,73,73,96.1
לניאדו,78.2,2022-04-29T00:00:00.000Z,78.2,88.5,73,73,96.1
לניאדו,78.2,2022-04-29T00:00:00.000Z,78.2,88.5,73,73,96.1
לניאדו,78.2,2022-04-29T00:00:00.000Z,78.2,88.5,73,73,96.1
לניאדו,78.2,2022-04-29T00:00:00.000Z,78.2,88.5,73,73,96.1
לניאדו,78.2,2022-04-29T00:00:00.000Z,78.2,88.5,73,73,96.1
לניאדו,78.2,2022-04-29T00:00:00.000Z,78.2,88.5,73,73,96.1
לניאדו,78.2,2022-04-29T00:00:00.000Z,78.2,88.5,73,73,96.1
לניאדו,78.2,2022-04-29T00:00:00.000Z,78.2,88.5,73,73,96.1
לניאדו,78.2,2022-04-29T00:00:00.000Z,78.2,88.5,73,73,96.1
לניאדו,78.2,2022-04-29T00:00:00.000Z,78.2,88.5,73,73,96.1
לניאדו,78.2,2022-04-29T00:00:00.000Z,78.2,88.5,73,73,96.1
לניאדו,78.2,2022-04-29T00:00:00.000Z,78.2,88.5,73,73,96.1
לניאדו,78.2,2022-04-29T00:00:00.000Z,78.2,88.5,73,73,96.1
לניאדו,78.2,2022-04-29T00:00:00.000Z,78.2,88.5,73,73,96.1
לניאדו,78.2,2022-04-29T00:00:00.000Z,78.2,88.5,73,73,96.1
לניאדו,78.2,2022-04-29T00:00:00.000Z,78.2,88.5,73,73,96.1
לניאדו,78.2,2022-04-29T00:00:00.000Z,78.2,88.5,73,73,96.1
לניאדו,78.2,2022-04-29T00:00:00.000Z,78.2,88.5,73,73,96.1
לניאדו,78.2,2022-04-29T00:00:00.000Z,78.2,88.5,73,73,96.1
לניאדו,78.2,2022-04-29T00:00:00.000Z,78.2,88.5,73,73,96.1
לניאדו,78.2,2022-04-29T00:00:00.000Z,78.2,88.5,73,73,96.1
לניאדו,78.2,2022-04-29T00:00:00.000Z,78.2,88.5,73,73,96.1
לניאדו,78.2,2022-04-29T00:00:00.000Z,78.2,88.5,73,73,96.1
לניאדו,78.2,2022-04-29T00:00:00.000Z,78.2,88.5,73,73,96.1
לניאדו,78.2,2022-04-29T00:00:00.000Z,78.2,88.5,73,73,96.1
לניאדו,78.2,2022-04-29T00:00:00.000Z,78.2,88.5,73,73,96.1
לניאדו,78.2,2022-04-29T00:00:00.000Z,78.2,88.5,73,73,96.1
לניאדו,78.2,2022-04-29T00:00:00.000Z,78.2,88.5,73,73,96.1
לניאדו,78.2,2022-04-29T00:00:00.000Z,78.2,88.5,73,73,96.1
לניאדו,78.2,2022-04-29T00:00:00.000Z,78.2,88.5,73,73,96.1
לניאדו,78.2,2022-04-29T00:00:00.000Z,78.2,88.5,73,73,96.1
לניאדו,78.2,2022-04-29T00:00:00.000Z,78.2,88.5,73,73,96.1
לניאדו,78.2,2022-04-29T00:00:00.000Z,78.2,88.5,73,73,96.1
וולפסון,70.9,2022-04-29T00:00:00.000Z,70.9,88.5,62.1,62.1,73.6
וולפסון,70.9,2022-04-29T00:00:00.000Z,70.9,88.5,62.1,62.1,73.6
וולפסון,70.9,2022-04-29T00:00:00.000Z,70.9,88.5,62.1,62.1,73.6
וולפסון,70.9,2022-04-29T00:00:00.000Z,70.9,88.5,62.1,62.1,73.6
וולפסון,70.9,2022-04-29T00:00:00.000Z,70.9,88.5,62.1,62.1,73.6
וולפסון,70.9,2022-04-29T00:00:00.000Z,70.9,88.5,62.1,62.1,73.6
וולפסון,70.9,2022-04-29T00:00:00.000Z,70.9,88.5,62.1,62.1,73.6
וולפסון,70.9,2022-04-29T00:00:00.000Z,70.9,88.5,62.1,62.1,73.6
וולפסון,70.9,2022-04-29T00:00:00.000Z,70.9,88.5,62.1,62.1,73.6
וולפסון,70.9,2022-04-29T00:00:00.000Z,70.9,88.5,62.1,62.1,73.6
וולפסון,70.9,2022-04-29T00:00:00.000Z,70.9,88.5,62.1,62.1,73.6
וולפסון,70.9,2022-04-29T00:00:00.000Z,70.9,88.5,62.1,62.1,73.6
וולפסון,70.9,2022-04-29T00:00:00.000Z,70.9,88.5,62.1,62.1,73.6
וולפסון,70.9,2022-04-29T00:00:00.000Z,70.9,88.5,62.1,62.1,73.6
וולפסון,70.9,2022-04-29T00:00:00.000Z,70.9,88.5,62.1,62.1,73.6
וולפסון,70.9,2022-04-29T00:00:00.000Z,70.9,88.5,62.1,62.1,73.6
וולפסון,70.9,2022-04-29T00:00:00.000Z,70.9,88.5,62.1,62.1,73.6
וולפסון,70.9,2022-04-29T00:00:00.000Z,70.9,88.5,62.1,62.1,73.6
וולפסון,70.9,2022-04-29T00:00:00.000Z,70.9,88.5,62.1,62.1,73.6
וולפסון,70.9,2022-04-29T00:00:00.000Z,70.9,88.5,62.1,62.1,73.6
וולפסון,70.9,2022-04-29T00:00:00.000Z,70.9,88.5,62.1,62.1,73.6
וולפסון,70.9,2022-04-29T00:00:00.000Z,70.9,88.5,62.1,62.1,73.6
וולפסון,70.9,2022-04-29T00:00:00.000Z,70.9,88.5,62.1,62.1,73.6
וולפסון,70.9,2022-04-29T00:00:00.000Z,70.9,88.5,62.1,62.1,73.6
וולפסון,70.9,2022-04-29T00:00:00.000Z,70.9,88.5,62.1,62.1,73.6
וולפסון,70.9,2022-04-29T00:00:00.000Z,70.9,88.5,62.1,62.1,73.6
וולפסון,70.9,2022-04-29T00:00:00.000Z,70.9,88.5,62.1,62.1,73.6
וולפסון,70.9,2022-04-29T00:00:00.000Z,70.9,88.5,62.1,62.1,73.6
וולפסון,70.9,2022-04-29T00:00:00.000Z,70.9,88.5,62.1,62.1,73.6
וולפסון,70.9,2022-04-29T00:00:00.000Z,70.9,88.5,62.1,62.1,73.6
וולפסון,70.9,2022-04-29T00:00:00.000Z,70.9,88.5,62.1,62.1,73.6
וולפסון,70.9,2022-04-29T00:00:00.000Z,70.9,88.5,62.1,62.1,73.6
וולפסון,70.9,2022-04-29T00:00:00.000Z,70.9,88.5,62.1,62.1,73.6
וולפסון,70.9,2022-04-29T00:00:00.000Z,70.9,88.5,62.1,62.1,73.6
לניאדו,78.2,2022-04-29T00:00:00.000Z,78.2,88.5,73,73,96.1
לניאדו,78.2,2022-04-29T00:00:00.000Z,78.2,88.5,73,73,96.1
לניאדו,78.2,2022-04-29T00:00:00.000Z,78.2,88.5,73,73,96.1
לניאדו,78.2,2022-04-29T00:00:00.000Z,78.2,88.5,73,73,96.1
לניאדו,78.2,2022-04-29T00:00:00.000Z,78.2,88.5,73,73,96.1
לניאדו,78.2,2022-04-29T00:00:00.000Z,78.2,88.5,73,73,96.1
לניאדו,78.2,2022-04-29T00:00:00.000Z,78.2,88.5,73,73,96.1
לניאדו,78.2,2022-04-29T00:00:00.000Z,78.2,88.5,73,73,96.1
לניאדו,78.2,2022-04-29T00:00:00.000Z,78.2,88.5,73,73,96.1
לניאדו,78.2,2022-04-29T00:00:00.000Z,78.2,88.5,73,73,96.1
לניאדו,78.2,2022-04-29T00:00:00.000Z,78.2,88.5,73,73,96.1
לניאדו,78.2,2022-04-29T00:00:00.000Z,78.2,88.5,73,73,96.1
לניאדו,78.2,2022-04-29T00:00:00.000Z,78.2,88.5,73,73,96.1
לניאדו,78.2,2022-04-29T00:00:00.000Z,78.2,88.5,73,73,96.1
לניאדו,78.2,2022-04-29T00:00:00.000Z,78.2,88.5,73,73,96.1
לניאדו,78.2,2022-04-29T00:00:00.000Z,78.2,88.5,73,73,96.1
לניאדו,78.2,2022-04-29T00:00:00.000Z,78.2,88.5,73,73,96.1
לניאדו,78.2,2022-04-29T00:00:00.000Z,78.2,88.5,73,73,96.1
לניאדו,78.2,2022-04-29T00:00:00.000Z,78.2,88.5,73,73,96.1
לניאדו,78.2,2022-04-29T00:00:00.000Z,78.2,88.5,73,73,96.1
לניאדו,78.2,2022-04-29T00:00:00.000Z,78.2,88.5,73,73,96.1
לניאדו,78.2,2022-04-29T00:00:00.000Z,78.2,88.5,73,73,96.1
לניאדו,78.2,2022-04-29T00:00:00.000Z,78.2,88.5,73,73,96.1
לניאדו,78.2,2022-04-29T00:00:00.000Z,78.2,88.5,73,73,96.1
לניאדו,78.2,2022-04-29T00:00:00.000Z,78.2,88.5,73,73,96.1
לניאדו,78.2,2022-04-29T00:00:00.000Z,78.2,88.5,73,73,96.1
לניאדו,78.2,2022-04-29T00:00:00.000Z,78.2,88.5,73,73,96.1
לניאדו,78.2,2022-04-29T00:00:00.000Z,78.2,88.5,73,73,96.1
לניאדו,78.2,2022-04-29T00:00:00.000Z,78.2,88.5,73,73,96.1
לניאדו,78.2,2022-04-29T00:00:00.000Z,78.2,88.5,73,73,96.1
לניאדו,78.2,2022-04-29T00:00:00.000Z,78.2,88.5,73,73,96.1
לניאדו,78.2,2022-04-29T00:00:00.000Z,78.2,88.5,73,73,96.1
לניאדו,78.2,2022-04-29T00:00:00.000Z,78.2,88.5,73,73,96.1
לניאדו,78.2,2022-04-29T00:00:00.000Z,78.2,88.5,73,73,96.1
לניאדו,78.2,2022-04-29T00:00:00.000Z,78.2,88.5,73,73,96.1
לניאדו,78.2,2022-04-29T00:00:00.000Z,78.2,88.5,73,73,96.1
לניאדו,78.2,2022-04-29T00:00:00.000Z,78.2,88.5,73,73,96.1
לניאדו,78.2,2022-04-29T00:00:00.000Z,78.2,88.5,73,73,96.1
לניאדו,78.2,2022-04-29T00:00:00.000Z,78.2,88.5,73,73,96.1
לניאדו,78.2,2022-04-29T00:00:00.000Z,78.2,88.5,73,73,96.1
לניאדו,78.2,2022-04-29T00:00:00.000Z,78.2,88.5,73,73,96.1
לניאדו,78.2,2022-04-29T00:00:00.000Z,78.2,88.5,73,73,96.1
לניאדו,78.2,2022-04-29T00:00:00.000Z,78.2,88.5,73,73,96.1
לניאדו,78.2,2022-04-29T00:00:00.000Z,78.2,88.5,73,73,96.1
לניאדו,78.2,2022-04-29T00:00:00.000Z,78.2,88.5,73,73,96.1
לניאדו,78.2,2022-04-29T00:00:00.000Z,78.2,88.5,73,73,96.1
לניאדו,78.2,2022-04-29T00:00:00.000Z,78.2,88.5,73,73,96.1
לניאדו,78.2,2022-04-29T00:00:00.000Z,78.2,88.5,73,73,96.1
לניאדו,78.2,2022-04-29T00:00:00.000Z,78.2,88.5,73,73,96.1
לניאדו,78.2,2022-04-29T00:00:00.000Z,78.2,88.5,73,73,96.1
לניאדו,78.2,2022-04-29T00:00:00.000Z,78.2,88.5,73,73,96.1
לניאדו,78.2,2022-04-29T00:00:00.000Z,78.2,88.5,73,73,96.1
לניאדו,78.2,2022-04-29T00:00:00.000Z,78.2,88.5,73,73,96.1
לניאדו,78.2,2022-04-29T00:00:00.000Z,78.2,88.5,73,73,96.1
לניאדו,78.2,2022-04-29T00:00:00.000Z,78.2,88.5,73,73,96.1
לניאדו,78.2,2022-04-29T00:00:00.000Z,78.2,88.5,73,73,96.1
לניאדו,78.2,2022-04-29T00:00:00.000Z,78.2,88.5,73,73,96.1
לניאדו,78.2,2022-04-29T00:00:00.000Z,78.2,88.5,73,73,96.1
לניאדו,78.2,2022-04-29T00:00:00.000Z,78.2,88.5,73,73,96.1
לניאדו,78.2,2022-04-29T00:00:00.000Z,78.2,88.5,73,73,96.1
לניאדו,78.2,2022-04-29T00:00:00.000Z,78.2,88.5,73,73,96.1
איכילוב,79.3,2022-04-29T00:00:00.000Z,79.3,80.3,95.6,95.6,114.1
איכילוב,79.3,2022-04-29T00:00:00.000Z,79.3,80.3,95.6,95.6,114.1
איכילוב,79.3,2022-04-29T00:00:00.000Z,79.3,80.3,95.6,95.6,114.1
איכילוב,79.3,2022-04-29T00:00:00.000Z,79.3,80.3,95.6,95.6,114.1
איכילוב,79.3,2022-04-29T00:00:00.000Z,79.3,80.3,95.6,95.6,114.1
איכילוב,79.3,2022-04-29T00:00:00.000Z,79.3,80.3,95.6,95.6,114.1
איכילוב,79.3,2022-04-29T00:00:00.000Z,79.3,80.3,95.6,95.6,114.1
איכילוב,79.3,2022-04-29T00:00:00.000Z,79.3,80.3,95.6,95.6,114.1
איכילוב,79.3,2022-04-29T00:00:00.000Z,79.3,80.3,95.6,95.6,114.1
איכילוב,79.3,2022-04-29T00:00:00.000Z,79.3,80.3,95.6,95.6,114.1
איכילוב,79.3,2022-04-29T00:00:00.000Z,79.3,80.3,95.6,95.6,114.1
איכילוב,79.3,2022-04-29T00:00:00.000Z,79.3,80.3,95.6,95.6,114.1
איכילוב,79.3,2022-04-29T00:00:00.000Z,79.3,80.3,95.6,95.6,114.1
איכילוב,79.3,2022-04-29T00:00:00.000Z,79.3,80.3,95.6,95.6,114.1
איכילוב,79.3,2022-04-29T00:00:00.000Z,79.3,80.3,95.6,95.6,114.1
איכילוב,79.3,2022-04-29T00:00:00.000Z,79.3,80.3,95.6,95.6,114.1
איכילוב,79.3,2022-04-29T00:00:00.000Z,79.3,80.3,95.6,95.6,114.1
איכילוב,79.3,2022-04-29T00:00:00.000Z,79.3,80.3,95.6,95.6,114.1
איכילוב,79.3,2022-04-29T00:00:00.000Z,79.3,80.3,95.6,95.6,114.1
איכילוב,79.3,2022-04-29T00:00:00.000Z,79.3,80.3,95.6,95.6,114.1
איכילוב,79.3,2022-04-29T00:00:00.000Z,79.3,80.3,95.6,95.6,114.1
איכילוב,79.3,2022-04-29T00:00:00.000Z,79.3,80.3,95.6,95.6,114.1
איכילוב,79.3,2022-04-29T00:00:00.000Z,79.3,80.3,95.6,95.6,114.1
איכילוב,79.3,2022-04-29T00:00:00.000Z,79.3,80.3,95.6,95.6,114.1
איכילוב,79.3,2022-04-29T00:00:00.000Z,79.3,80.3,95.6,95.6,114.1
איכילוב,79.3,2022-04-29T00:00:00.000Z,79.3,80.3,95.6,95.6,114.1
איכילוב,79.3,2022-04-29T00:00:00.000Z,79.3,80.3,95.6,95.6,114.1
איכילוב,79.3,2022-04-29T00:00:00.000Z,79.3,80.3,95.6,95.6,114.1
איכילוב,79.3,2022-04-29T00:00:00.000Z,79.3,80.3,95.6,95.6,114.1
איכילוב,79.3,2022-04-29T00:00:00.000Z,79.3,80.3,95.6,95.6,114.1
איכילוב,79.3,2022-04-29T00:00:00.000Z,79.3,80.3,95.6,95.6,114.1
רבין ק. השרון,66.7,2022-04-29T00:00:00.000Z,52.6,54.4,57.3,57.7,62.7
רבין ק. השרון,66.7,2022-04-29T00:00:00.000Z,54.6,55.1,57.3,57.6,62.4
רבין ק. השרון,66.7,2022-04-29T00:00:00.000Z,56.6,55.9,57.3,57.6,62.2
רבין ק. השרון,66.7,2022-04-29T00:00:00.000Z,58.6,56.6,57.3,57.5,61.9
רבין ק. השרון,66.7,2022-04-29T00:00:00.000Z,60.7,57.4,57.3,57.4,61.7
רבין ק. השרון,66.7,2022-04-29T00:00:00.000Z,62.7,58.1,57.3,57.4,61.5
רבין ק. השרון,66.7,2022-04-29T00:00:00.000Z,64.7,58.9,57.3,57.3,61.2
רבין ק. השרון,66.7,2022-04-29T00:00:00.000Z,66.7,59.6,57.3,57.3,61
רבין ק. השרון,66.7,2022-04-29T00:00:00.000Z,66.7,59.6,57.3,57.3,61
רבין ק. השרון,66.7,2022-04-29T00:00:00.000Z,66.7,59.6,57.3,57.3,61
רבין ק. השרון,66.7,2022-04-29T00:00:00.000Z,66.7,59.6,57.3,57.3,61
רבין ק. השרון,66.7,2022-04-29T00:00:00.000Z,66.7,59.6,57.3,57.3,61
רבין ק. השרון,66.7,2022-04-29T00:00:00.000Z,66.7,59.6,57.3,57.3,61
רבין ק. השרון,66.7,2022-04-29T00:00:00.000Z,66.7,59.6,57.3,57.3,61
רבין ק. השרון,66.7,2022-04-29T00:00:00.000Z,66.7,59.6,57.3,57.3,61
רבין ק. השרון,66.7,2022-04-29T00:00:00.000Z,66.7,59.6,57.3,57.3,61
רבין ק. השרון,66.7,2022-04-29T00:00:00.000Z,66.7,59.6,57.3,57.3,61
רבין ק. השרון,66.7,2022-04-29T00:00:00.000Z,66.7,59.6,57.3,57.3,61
רבין ק. השרון,66.7,2022-04-29T00:00:00.000Z,66.7,59.6,57.3,57.3,61
רבין ק. השרון,66.7,2022-04-29T00:00:00.000Z,66.7,59.6,57.3,57.3,61
רבין ק. השרון,66.7,2022-04-29T00:00:00.000Z,66.7,59.6,57.3,57.3,61
רבין ק. השרון,66.7,2022-04-29T00:00:00.000Z,66.7,59.6,57.3,57.3,61
רבין ק. השרון,66.7,2022-04-29T00:00:00.000Z,66.7,59.6,57.3,57.3,61
רבין ק. השרון,66.7,2022-04-29T00:00:00.000Z,66.7,59.6,57.3,57.3,61
רבין ק. השרון,66.7,2022-04-29T00:00:00.000Z,66.7,59.6,57.3,57.3,61
רבין ק. השרון,66.7,2022-04-29T00:00:00.000Z,66.7,59.6,57.3,57.3,61
רבין ק. השרון,66.7,2022-04-29T00:00:00.000Z,66.7,59.6,57.3,57.3,61
רבין ק. השרון,66.7,2022-04-29T00:00:00.000Z,66.7,59.6,57.3,57.3,61
רבין ק. השרון,66.7,2022-04-29T00:00:00.000Z,66.7,59.6,57.3,57.3,61
רבין ק. השרון,66.7,2022-04-29T00:00:00.000Z,66.7,59.6,57.3,57.3,61
רבין ק. השרון,66.7,2022-04-29T00:00:00.000Z,66.7,59.6,57.3,57.3,61
רבין ק. השרון,66.7,2022-04-29T00:00:00.000Z,66.7,59.6,57.3,57.3,61
רבין ק. השרון,66.7,2022-04-29T00:00:00.000Z,66.7,59.6,57.3,57.3,61
רבין ק. השרון,66.7,2022-04-29T00:00:00.000Z,66.7,59.6,57.3,57.3,61
רבין ק. השרון,66.7,2022-04-29T00:00:00.000Z,66.7,59.6,57.3,57.3,61
רבין ק. השרון,66.7,2022-04-29T00:00:00.000Z,66.7,59.6,57.3,57.3,61
רבין ק. השרון,66.7,2022-04-29T00:00:00.000Z,66.7,59.6,57.3,57.3,61
רבין ק. השרון,66.7,2022-04-29T00:00:00.000Z,66.7,59.6,57.3,57.3,61
רבין ק. השרון,66.7,2022-04-29T00:00:00.000Z,66.7,59.6,57.3,57.3,61
רבין ק. השרון,66.7,2022-04-29T00:00:00.000Z,66.7,59.6,57.3,57.3,61
רבין ק. השרון,66.7,2022-04-29T00:00:00.000Z,66.7,59.6,57.3,57.3,61
רבין ק. השרון,66.7,2022-04-29T00:00:00.000Z,66.7,59.6,57.3,57.3,61
רבין ק. השרון,66.7,2022-04-29T00:00:00.000Z,66.7,59.6,57.3,57.3,61
רבין ק. השרון,66.7,2022-04-29T00:00:00.000Z,66.7,59.6,57.3,57.3,61
רבין ק. השרון,66.7,2022-04-29T00:00:00.000Z,66.7,59.6,57.3,57.3,61
רבין ק. השרון,66.7,2022-04-29T00:00:00.000Z,66.7,59.6,57.3,57.3,61
רבין ק. השרון,66.7,2022-04-29T00:00:00.000Z,66.7,59.6,57.3,57.3,61
רבין ק. השרון,66.7,2022-04-29T00:00:00.000Z,66.7,59.6,57.3,57.3,61
רבין ק. השרון,66.7,2022-04-29T00:00:00.000Z,66.7,59.6,57.3,57.3,61
רבין ק. השרון,66.7,2022-04-29T00:00:00.000Z,66.7,59.6,57.3,57.3,61
רבין ק. השרון,66.7,2022-04-29T00:00:00.000Z,66.7,59.6,57.3,57.3,61
רבין ק. השרון,66.7,2022-04-29T00:00:00.000Z,66.7,59.6,57.3,57.3,61
רבין ק. השרון,66.7,2022-04-29T00:00:00.000Z,66.7,59.6,57.3,57.3,61
רבין ק. השרון,66.7,2022-04-29T00:00:00.000Z,66.7,59.6,57.3,57.3,61
רבין ק. השרון,66.7,2022-04-29T00:00:00.000Z,66.7,59.6,57.3,57.3,61
רבין ק. השרון,66.7,2022-04-29T00:00:00.000Z,66.7,59.6,57.3,57.3,61
רבין ק. השרון,66.7,2022-04-29T00:00:00.000Z,66.7,59.6,57.3,57.3,61
רבין ק. השרון,66.7,2022-04-29T00:00:00.000Z,66.7,59.6,57.3,57.3,61
רבין ק. השרון,66.7,2022-04-29T00:00:00.000Z,66.7,59.6,57.3,57.3,61
רבין ק. השרון,66.7,2022-04-29T00:00:00.000Z,66.7,59.6,57.3,57.3,61
רבין ק. השרון,66.7,2022-04-29T00:00:00.000Z,66.7,59.6,57.3,57.3,61
רבין ק. השרון,66.7,2022-04-29T00:00:00.000Z,66.7,59.6,57.3,57.3,61
רבין ק. השרון,66.7,2022-04-29T00:00:00.000Z,66.7,59.6,57.3,57.3,61
רבין ק. השרון,66.7,2022-04-29T00:00:00.000Z,66.7,59.6,57.3,57.3,61
רבין ק. השרון,66.7,2022-04-29T00:00:00.000Z,66.7,59.6,57.3,57.3,61
רבין ק. השרון,66.7,2022-04-29T00:00:00.000Z,66.7,59.6,57.3,57.3,61
רבין ק. השרון,66.7,2022-04-29T00:00:00.000Z,66.7,59.6,57.3,57.3,61
רבין ק. השרון,66.7,2022-04-29T00:00:00.000Z,66.7,59.6,57.3,57.3,61
רבין ק. השרון,66.7,2022-04-29T00:00:00.000Z,66.7,59.6,57.3,57.3,61
רבין ק. השרון,66.7,2022-04-29T00:00:00.000Z,66.7,59.6,57.3,57.3,61
רבין ק. השרון,66.7,2022-04-29T00:00:00.000Z,66.7,59.6,57.3,57.3,61
רבין ק. השרון,66.7,2022-04-29T00:00:00.000Z,66.7,59.6,57.3,57.3,61
רבין ק. השרון,66.7,2022-04-29T00:00:00.000Z,66.7,59.6,57.3,57.3,61
רבין ק. השרון,66.7,2022-04-29T00:00:00.000Z,66.7,59.6,57.3,57.3,61
רבין ק. השרון,66.7,2022-04-29T00:00:00.000Z,66.7,59.6,57.3,57.3,61
רבין ק. השרון,66.7,2022-04-29T00:00:00.000Z,66.7,59.6,57.3,57.3,61
רבין ק. השרון,66.7,2022-04-29T00:00:00.000Z,66.7,59.6,57.3,57.3,61
רבין ק. השרון,66.7,2022-04-29T00:00:00.000Z,66.7,59.6,57.3,57.3,61
רבין ק. השרון,66.7,2022-04-29T00:00:00.000Z,66.7,59.6,57.3,57.3,61
רבין ק. השרון,66.7,2022-04-29T00:00:00.000Z,66.7,59.6,57.3,57.3,61
רבין ק. השרון,66.7,2022-04-29T00:00:00.000Z,66.7,59.6,57.3,57.3,61
רבין ק. השרון,66.7,2022-04-29T00:00:00.000Z,66.7,59.6,57.3,57.3,61
רבין ק. השרון,66.7,2022-04-29T00:00:00.000Z,66.7,59.6,57.3,57.3,61
רבין ק. השרון,66.7,2022-04-29T00:00:00.000Z,66.7,59.6,57.3,57.3,61
רבין ק. השרון,66.7,2022-04-29T00:00:00.000Z,66.7,59.6,57.3,57.3,61
רבין ק. השרון,66.7,2022-04-29T00:00:00.000Z,66.7,59.6,57.3,57.3,61
רבין ק. השרון,66.7,2022-04-29T00:00:00.000Z,66.7,59.6,57.3,57.3,61
רבין ק. השרון,66.7,2022-04-29T00:00:00.000Z,66.7,59.6,57.3,57.3,61
רבין ק. השרון,66.7,2022-04-29T00:00:00.000Z,66.7,59.6,57.3,57.3,61
רבין ק. השרון,66.7,2022-04-29T00:00:00.000Z,66.7,59.6,57.3,57.3,61
רבין ק. השרון,66.7,2022-04-29T00:00:00.000Z,66.7,59.6,57.3,57.3,61
רבין ק. השרון,66.7,2022-04-29T00:00:00.000Z,66.7,59.6,57.3,57.3,61
רבין ק. השרון,66.7,2022-04-29T00:00:00.000Z,66.7,59.6,57.3,57.3,61
רבין ק. השרון,66.7,2022-04-29T00:00:00.000Z,66.7,59.6,57.3,57.3,61
רבין ק. השרון,66.7,2022-04-29T00:00:00.000Z,66.7,59.6,57.3,57.3,61
רבין ק. השרון,66.7,2022-04-29T00:00:00.000Z,66.7,59.6,57.3,57.3,61
רבין ק. השרון,66.7,2022-04-29T00:00:00.000Z,66.7,59.6,57.3,57.3,61
רבין ק. השרון,66.7,2022-04-29T00:00:00.000Z,66.7,59.6,57.3,57.3,61
רבין ק. השרון,66.7,2022-04-29T00:00:00.000Z,66.7,59.6,57.3,57.3,61
רבין ק. השרון,66.7,2022-04-29T00:00:00.000Z,66.7,59.6,57.3,57.3,61
רבין ק. השרון,66.7,2022-04-29T00:00:00.000Z,66.7,59.6,57.3,57.3,61
רבין ק. השרון,66.7,2022-04-29T00:00:00.000Z,66.7,59.6,57.3,57.3,61
רבין ק. השרון,66.7,2022-04-29T00:00:00.000Z,66.7,59.6,57.3,57.3,61
רבין ק. השרון,66.7,2022-04-29T00:00:00.000Z,66.7,59.6,57.3,57.3,61
רבין ק. השרון,66.7,2022-04-29T00:00:00.000Z,66.7,59.6,57.3,57.3,61
רבין ק. השרון,66.7,2022-04-29T00:00:00.000Z,66.7,59.6,57.3,57.3,61
רבין ק. השרון,66.7,2022-04-29T00:00:00.000Z,66.7,59.6,57.3,57.3,61
רבין ק. השרון,66.7,2022-04-29T00:00:00.000Z,66.7,59.6,57.3,57.3,61
רבין ק. השרון,66.7,2022-04-29T00:00:00.000Z,66.7,59.6,57.3,57.3,61
רבין ק. השרון,66.7,2022-04-29T00:00:00.000Z,66.7,59.6,57.3,57.3,61
רבין ק. השרון,66.7,2022-04-29T00:00:00.000Z,66.7,59.6,57.3,57.3,61
רבין ק. השרון,66.7,2022-04-29T00:00:00.000Z,66.7,59.6,57.3,57.3,61
רבין ק. השרון,66.7,2022-04-29T00:00:00.000Z,66.7,59.6,57.3,57.3,61
רבין ק. השרון,66.7,2022-04-29T00:00:00.000Z,66.7,59.6,57.3,57.3,61
רבין ק. השרון,66.7,2022-04-29T00:00:00.000Z,66.7,59.6,57.3,57.3,61
רבין ק. השרון,66.7,2022-04-29T00:00:00.000Z,66.7,59.6,57.3,57.3,61
רבין ק. השרון,66.7,2022-04-29T00:00:00.000Z,66.7,59.6,57.3,57.3,61
רבין ק. השרון,66.7,2022-04-29T00:00:00.000Z,66.7,59.6,57.3,57.3,61
רבין ק. השרון,66.7,2022-04-29T00:00:00.000Z,66.7,59.6,57.3,57.3,61
רבין ק. השרון,66.7,2022-04-29T00:00:00.000Z,66.7,59.6,57.3,57.3,61
רבין ק. השרון,66.7,2022-04-29T00:00:00.000Z,66.7,59.6,57.3,57.3,61
רבין ק. השרון,66.7,2022-04-29T00:00:00.000Z,66.7,59.6,57.3,57.3,61
רבין ק. השרון,66.7,2022-04-29T00:00:00.000Z,66.7,59.6,57.3,57.3,61
רבין ק. השרון,66.7,2022-04-29T00:00:00.000Z,66.7,59.6,57.3,57.3,61
רבין ק. השרון,66.7,2022-04-29T00:00:00.000Z,66.7,59.6,57.3,57.3,61
רבין ק. השרון,66.7,2022-04-29T00:00:00.000Z,66.7,59.6,57.3,57.3,61
רבין ק. השרון,66.7,2022-04-29T00:00:00.000Z,66.7,59.6,57.3,57.3,61
רבין ק. השרון,66.7,2022-04-29T00:00:00.000Z,66.7,59.6,57.3,57.3,61
רבין ק. השרון,66.7,2022-04-29T00:00:00.000Z,66.7,59.6,57.3,57.3,61
רבין ק. השרון,66.7,2022-04-29T00:00:00.000Z,66.7,59.6,57.3,57.3,61
רבין ק. השרון,66.7,2022-04-29T00:00:00.000Z,66.7,59.6,57.3,57.3,61
רבין ק. השרון,66.7,2022-04-29T00:00:00.000Z,66.7,59.6,57.3,57.3,61
רבין ק. השרון,66.7,2022-04-29T00:00:00.000Z,66.7,59.6,57.3,57.3,61
רבין ק. השרון,66.7,2022-04-29T00:00:00.000Z,66.7,59.6,57.3,57.3,61
רבין ק. השרון,66.7,2022-04-29T00:00:00.000Z,66.7,59.6,57.3,57.3,61
רבין ק. השרון,66.7,2022-04-29T00:00:00.000Z,66.7,59.6,57.3,57.3,61
רבין ק. השרון,66.7,2022-04-29T00:00:00.000Z,66.7,59.6,57.3,57.3,61
רבין ק. השרון,66.7,2022-04-29T00:00:00.000Z,66.7,59.6,57.3,57.3,61
רבין ק. השרון,66.7,2022-04-29T00:00:00.000Z,66.7,59.6,57.3,57.3,61
רבין ק. השרון,66.7,2022-04-29T00:00:00.000Z,66.7,59.6,57.3,57.3,61
רבין ק. השרון,66.7,2022-04-29T00:00:00.000Z,66.7,59.6,57.3,57.3,61
רבין ק. השרון,66.7,2022-04-29T00:00:00.000Z,66.7,59.6,57.3,57.3,61
רבין ק. השרון,66.7,2022-04-29T00:00:00.000Z,66.7,59.6,57.3,57.3,61
רבין ק. השרון,66.7,2022-04-29T00:00:00.000Z,66.7,59.6,57.3,57.3,61
רבין ק. השרון,66.7,2022-04-29T00:00:00.000Z,66.7,59.6,57.3,57.3,61
רבין ק. השרון,66.7,2022-04-29T00:00:00.000Z,66.7,59.6,57.3,57.3,61
רבין ק. השרון,66.7,2022-04-29T00:00:00.000Z,66.7,59.6,57.3,57.3,61
רבין ק. השרון,66.7,2022-04-29T00:00:00.000Z,66.7,59.6,57.3,57.3,61
רבין ק. השרון,66.7,2022-04-29T00:00:00.000Z,66.7,59.6,57.3,57.3,61
רבין ק. השרון,66.7,2022-04-29T00:00:00.000Z,66.7,59.6,57.3,57.3,61
רבין ק. השרון,66.7,2022-04-29T00:00:00.000Z,66.7,59.6,57.3,57.3,61
רבין ק. השרון,66.7,2022-04-29T00:00:00.000Z,66.7,59.6,57.3,57.3,61
רבין ק. השרון,66.7,2022-04-29T00:00:00.000Z,66.7,59.6,57.3,57.3,61
רבין ק. השרון,66.7,2022-04-29T00:00:00.000Z,66.7,59.6,57.3,57.3,61
רבין ק. השרון,66.7,2022-04-29T00:00:00.000Z,66.7,59.6,57.3,57.3,61
רבין ק. השרון,66.7,2022-04-29T00:00:00.000Z,66.7,59.6,57.3,57.3,61
רבין ק. השרון,66.7,2022-04-29T00:00:00.000Z,66.7,59.6,57.3,57.3,61
רבין ק. השרון,66.7,2022-04-29T00:00:00.000Z,66.7,59.6,57.3,57.3,61
רבין ק. השרון,66.7,2022-04-29T00:00:00.000Z,66.7,59.6,57.3,57.3,61
רבין ק. השרון,66.7,2022-04-29T00:00:00.000Z,66.7,59.6,57.3,57.3,61
רבין ק. השרון,66.7,2022-04-29T00:00:00.000Z,66.7,59.6,57.3,57.3,61
רבין ק. השרון,66.7,2022-04-29T00:00:00.000Z,66.7,59.6,57.3,57.3,61
רבין ק. השרון,66.7,2022-04-29T00:00:00.000Z,66.7,59.6,57.3,57.3,61
רבין ק. השרון,66.7,2022-04-29T00:00:00.000Z,66.7,59.6,57.3,57.3,61
רבין ק. השרון,66.7,2022-04-29T00:00:00.000Z,66.7,59.6,57.3,57.3,61
רבין ק. השרון,66.7,2022-04-29T00:00:00.000Z,66.7,59.6,57.3,57.3,61
רבין ק. השרון,66.7,2022-04-29T00:00:00.000Z,66.7,59.6,57.3,57.3,61
רבין ק. השרון,66.7,2022-04-29T00:00:00.000Z,66.7,59.6,57.3,57.3,61
רבין ק. השרון,66.7,2022-04-29T00:00:00.000Z,66.7,59.6,57.3,57.3,61
רבין ק. השרון,66.7,2022-04-29T00:00:00.000Z,66.7,59.6,57.3,57.3,61
רבין ק. השרון,66.7,2022-04-29T00:00:00.000Z,66.7,59.6,57.3,57.3,61
רבין ק. השרון,66.7,2022-04-29T00:00:00.000Z,66.7,59.6,57.3,57.3,61
רבין ק. השרון,66.7,2022-04-29T00:00:00.000Z,66.7,59.6,57.3,57.3,61
רבין ק. השרון,66.7,2022-04-29T00:00:00.000Z,66.7,59.6,57.3,57.3,61
רבין ק. השרון,66.7,2022-04-29T00:00:00.000Z,66.7,59.6,57.3,57.3,61
רבין ק. השרון,66.7,2022-04-29T00:00:00.000Z,66.7,59.6,57.3,57.3,61
רבין ק. השרון,66.7,2022-04-29T00:00:00.000Z,66.7,59.6,57.3,57.3,61
רבין ק. השרון,66.7,2022-04-29T00:00:00.000Z,66.7,59.6,57.3,57.3,61
רבין ק. השרון,66.7,2022-04-29T00:00:00.000Z,66.7,59.6,57.3,57.3,61
רבין ק. השרון,66.7,2022-04-29T00:00:00.000Z,66.7,59.6,57.3,57.3,61
רבין ק. השרון,66.7,2022-04-29T00:00:00.000Z,66.7,59.6,57.3,57.3,61
רבין ק. השרון,66.7,2022-04-29T00:00:00.000Z,66.7,59.6,57.3,57.3,61
רבין ק. השרון,66.7,2022-04-29T00:00:00.000Z,66.7,59.6,57.3,57.3,61
רבין ק. השרון,66.7,2022-04-29T00:00:00.000Z,66.7,59.6,57.3,57.3,61
רבין ק. השרון,66.7,2022-04-29T00:00:00.000Z,66.7,59.6,57.3,57.3,61
רבין ק. השרון,66.7,2022-04-29T00:00:00.000Z,66.7,59.6,57.3,57.3,61
רבין ק. השרון,66.7,2022-04-29T00:00:00.000Z,66.7,59.6,57.3,57.3,61
רבין ק. השרון,66.7,2022-04-29T00:00:00.000Z,66.7,59.6,57.3,57.3,61
רבין ק. השרון,66.7,2022-04-29T00:00:00.000Z,66.7,59.6,57.3,57.3,61
רבין ק. השרון,66.7,2022-04-29T00:00:00.000Z,66.7,59.6,57.3,57.3,61
רבין ק. השרון,66.7,2022-04-29T00:00:00.000Z,66.7,59.6,57.3,57.3,61
רבין ק. השרון,66.7,2022-04-29T00:00:00.000Z,66.7,59.6,57.3,57.3,61
רבין ק. השרון,66.7,2022-04-29T00:00:00.000Z,66.7,59.6,57.3,57.3,61
רבין ק. השרון,66.7,2022-04-29T00:00:00.000Z,66.7,59.6,57.3,57.3,61
רבין ק. השרון,66.7,2022-04-29T00:00:00.000Z,66.7,59.6,57.3,57.3,61
רבין ק. השרון,66.7,2022-04-29T00:00:00.000Z,66.7,59.6,57.3,57.3,61
רבין ק. השרון,66.7,2022-04-29T00:00:00.000Z,66.7,59.6,57.3,57.3,61
רבין ק. השרון,66.7,2022-04-29T00:00:00.000Z,66.7,59.6,57.3,57.3,61
רבין ק. השרון,66.7,2022-04-29T00:00:00.000Z,66.7,59.6,57.3,57.3,61
רבין ק. השרון,66.7,2022-04-29T00:00:00.000Z,66.7,59.6,57.3,57.3,61
רבין ק. השרון,66.7,2022-04-29T00:00:00.000Z,66.7,59.6,57.3,57.3,61
רבין ק. השרון,66.7,2022-04-29T00:00:00.000Z,66.7,59.6,57.3,57.3,61
רבין ק. השרון,66.7,2022-04-29T00:00:00.000Z,66.7,59.6,57.3,57.3,61
רבין ק. השרון,66.7,2022-04-29T00:00:00.000Z,66.7,59.6,57.3,57.3,61
רבין ק. השרון,66.7,2022-04-29T00:00:00.000Z,66.7,59.6,57.3,57.3,61
רבין ק. השרון,66.7,2022-04-29T00:00:00.000Z,66.7,59.6,57.3,57.3,61
רבין ק. השרון,66.7,2022-04-29T00:00:00.000Z,66.7,59.6,57.3,57.3,61
רבין ק. השרון,66.7,2022-04-29T00:00:00.000Z,66.7,59.6,57.3,57.3,61
רבין ק. השרון,66.7,2022-04-29T00:00:00.000Z,66.7,59.6,57.3,57.3,61
רבין ק. השרון,66.7,2022-04-29T00:00:00.000Z,66.7,59.6,57.3,57.3,61
רבין ק. השרון,66.7,2022-04-29T00:00:00.000Z,66.7,59.6,57.3,57.3,61
רבין ק. השרון,66.7,2022-04-29T00:00:00.000Z,66.7,59.6,57.3,57.3,61
רבין ק. השרון,66.7,2022-04-29T00:00:00.000Z,66.7,59.6,57.3,57.3,61
רבין ק. השרון,66.7,2022-04-29T00:00:00.000Z,66.7,59.6,57.3,57.3,61
רבין ק. השרון,66.7,2022-04-29T00:00:00.000Z,66.7,59.6,57.3,57.3,61
רבין ק. השרון,66.7,2022-04-29T00:00:00.000Z,66.7,59.6,57.3,57.3,61
רבין ק. השרון,66.7,2022-04-29T00:00:00.000Z,66.7,59.6,57.3,57.3,61
רבין ק. השרון,66.7,2022-04-29T00:00:00.000Z,66.7,59.6,57.3,57.3,61
רבין ק. השרון,66.7,2022-04-29T00:00:00.000Z,66.7,59.6,57.3,57.3,61
רבין ק. השרון,66.7,2022-04-29T00:00:00.000Z,66.7,59.6,57.3,57.3,61
רבין ק. השרון,66.7,2022-04-29T00:00:00.000Z,66.7,59.6,57.3,57.3,61
רבין ק. השרון,66.7,2022-04-29T00:00:00.000Z,66.7,59.6,57.3,57.3,61
רבין ק. השרון,66.7,2022-04-29T00:00:00.000Z,66.7,59.6,57.3,57.3,61
רבין ק. השרון,66.7,2022-04-29T00:00:00.000Z,66.7,59.6,57.3,57.3,61
רבין ק. השרון,66.7,2022-04-29T00:00:00.000Z,66.7,59.6,57.3,57.3,61
רבין ק. השרון,66.7,2022-04-29T00:00:00.000Z,66.7,59.6,57.3,57.3,61
רבין ק. השרון,66.7,2022-04-29T00:00:00.000Z,66.7,59.6,57.3,57.3,61
רבין ק. השרון,66.7,2022-04-29T00:00:00.000Z,66.7,59.6,57.3,57.3,61
רבין ק. השרון,66.7,2022-04-29T00:00:00.000Z,66.7,59.6,57.3,57.3,61
רבין ק. השרון,66.7,2022-04-29T00:00:00.000Z,66.7,59.6,57.3,57.3,61
רבין ק. השרון,66.7,2022-04-29T00:00:00.000Z,66.7,59.6,57.3,57.3,61
רבין ק. השרון,66.7,2022-04-29T00:00:00.000Z,66.7,59.6,57.3,57.3,61
רבין ק. השרון,66.7,2022-04-29T00:00:00.000Z,66.7,59.6,57.3,57.3,61
רבין ק. השרון,66.7,2022-04-29T00:00:00.000Z,66.7,59.6,57.3,57.3,61
רבין ק. השרון,66.7,2022-04-29T00:00:00.000Z,66.7,59.6,57.3,57.3,61
רבין ק. השרון,66.7,2022-04-29T00:00:00.000Z,66.7,59.6,57.3,57.3,61
רבין ק. השרון,66.7,2022-04-29T00:00:00.000Z,66.7,59.6,57.3,57.3,61
רבין ק. השרון,66.7,2022-04-29T00:00:00.000Z,66.7,59.6,57.3,57.3,61
רבין ק. השרון,66.7,2022-04-29T00:00:00.000Z,66.7,59.6,57.3,57.3,61
רבין ק. השרון,66.7,2022-04-29T00:00:00.000Z,66.7,59.6,57.3,57.3,61
רבין ק. השרון,66.7,2022-04-29T00:00:00.000Z,66.7,59.6,57.3,57.3,61
רבין ק. השרון,66.7,2022-04-29T00:00:00.000Z,66.7,59.6,57.3,57.3,61
רבין ק. השרון,66.7,2022-04-29T00:00:00.000Z,66.7,59.6,57.3,57.3,61
רבין ק. השרון,66.7,2022-04-29T00:00:00.000Z,66.7,59.6,57.3,57.3,61
רבין ק. השרון,66.7,2022-04-29T00:00:00.000Z,66.7,59.6,57.3,57.3,61
רבין ק. השרון,66.7,2022-04-29T00:00:00.000Z,66.7,59.6,57.3,57.3,61
רבין ק. השרון,66.7,2022-04-29T00:00:00.000Z,66.7,59.6,57.3,57.3,61
המרכזי בעמק,96.1,2022-04-29T00:00:00.000Z,99.4,96.1,64.3,68.9,77.1
המרכזי בעמק,96.1,2022-04-29T00:00:00.000Z,98.9,94.6,64.3,68.2,75.7
המרכזי בעמק,96.1,2022-04-29T00:00:00.000Z,98.4,93,64.3,67.6,74.3
המרכזי בעמק,96.1,2022-04-29T00:00:00.000Z,98,91.4,64.3,66.9,72.9
המרכזי בעמק,96.1,2022-04-29T00:00:00.000Z,97.5,89.9,64.3,66.3,71.5
המרכזי בעמק,96.1,2022-04-29T00:00:00.000Z,97.1,88.3,64.3,65.6,70
המרכזי בעמק,96.1,2022-04-29T00:00:00.000Z,96.6,86.7,64.3,65,68.6
המרכזי בעמק,96.1,2022-04-29T00:00:00.000Z,96.1,85.2,64.3,64.3,67.2
המרכזי בעמק,96.1,2022-04-29T00:00:00.000Z,96.1,85.2,64.3,64.3,67.2
המרכזי בעמק,96.1,2022-04-29T00:00:00.000Z,96.1,85.2,64.3,64.3,67.2
המרכזי בעמק,96.1,2022-04-29T00:00:00.000Z,96.1,85.2,64.3,64.3,67.2
המרכזי בעמק,96.1,2022-04-29T00:00:00.000Z,96.1,85.2,64.3,64.3,67.2
המרכזי בעמק,96.1,2022-04-29T00:00:00.000Z,96.1,85.2,64.3,64.3,67.2
המרכזי בעמק,96.1,2022-04-29T00:00:00.000Z,96.1,85.2,64.3,64.3,67.2
המרכזי בעמק,96.1,2022-04-29T00:00:00.000Z,96.1,85.2,64.3,64.3,67.2
המרכזי בעמק,96.1,2022-04-29T00:00:00.000Z,96.1,85.2,64.3,64.3,67.2
המרכזי בעמק,96.1,2022-04-29T00:00:00.000Z,96.1,85.2,64.3,64.3,67.2
המרכזי בעמק,96.1,2022-04-29T00:00:00.000Z,96.1,85.2,64.3,64.3,67.2
המרכזי בעמק,96.1,2022-04-29T00:00:00.000Z,96.1,85.2,64.3,64.3,67.2
המרכזי בעמק,96.1,2022-04-29T00:00:00.000Z,96.1,85.2,64.3,64.3,67.2
המרכזי בעמק,96.1,2022-04-29T00:00:00.000Z,96.1,85.2,64.3,64.3,67.2
המרכזי בעמק,96.1,2022-04-29T00:00:00.000Z,96.1,85.2,64.3,64.3,67.2
המרכזי בעמק,96.1,2022-04-29T00:00:00.000Z,96.1,85.2,64.3,64.3,67.2
המרכזי בעמק,96.1,2022-04-29T00:00:00.000Z,96.1,85.2,64.3,64.3,67.2
המרכזי בעמק,96.1,2022-04-29T00:00:00.000Z,96.1,85.2,64.3,64.3,67.2
המרכזי בעמק,96.1,2022-04-29T00:00:00.000Z,96.1,85.2,64.3,64.3,67.2
המרכזי בעמק,96.1,2022-04-29T00:00:00.000Z,96.1,85.2,64.3,64.3,67.2
המרכזי בעמק,96.1,2022-04-29T00:00:00.000Z,96.1,85.2,64.3,64.3,67.2
המרכזי בעמק,96.1,2022-04-29T00:00:00.000Z,96.1,85.2,64.3,64.3,67.2
המרכזי בעמק,96.1,2022-04-29T00:00:00.000Z,96.1,85.2,64.3,64.3,67.2
המרכזי בעמק,96.1,2022-04-29T00:00:00.000Z,96.1,85.2,64.3,64.3,67.2
המרכזי בעמק,96.1,2022-04-29T00:00:00.000Z,96.1,85.2,64.3,64.3,67.2
המרכזי בעמק,96.1,2022-04-29T00:00:00.000Z,96.1,85.2,64.3,64.3,67.2
המרכזי בעמק,96.1,2022-04-29T00:00:00.000Z,96.1,85.2,64.3,64.3,67.2
המרכזי בעמק,96.1,2022-04-29T00:00:00.000Z,96.1,85.2,64.3,64.3,67.2
המרכזי בעמק,96.1,2022-04-29T00:00:00.000Z,96.1,85.2,64.3,64.3,67.2
המרכזי בעמק,96.1,2022-04-29T00:00:00.000Z,96.1,85.2,64.3,64.3,67.2
המרכזי בעמק,96.1,2022-04-29T00:00:00.000Z,96.1,85.2,64.3,64.3,67.2
המרכזי בעמק,96.1,2022-04-29T00:00:00.000Z,96.1,85.2,64.3,64.3,67.2
המרכזי בעמק,96.1,2022-04-29T00:00:00.000Z,96.1,85.2,64.3,64.3,67.2
המרכזי בעמק,96.1,2022-04-29T00:00:00.000Z,96.1,85.2,64.3,64.3,67.2
המרכזי בעמק,96.1,2022-04-29T00:00:00.000Z,96.1,85.2,64.3,64.3,67.2
המרכזי בעמק,96.1,2022-04-29T00:00:00.000Z,96.1,85.2,64.3,64.3,67.2
המרכזי בעמק,96.1,2022-04-29T00:00:00.000Z,96.1,85.2,64.3,64.3,67.2
המרכזי בעמק,96.1,2022-04-29T00:00:00.000Z,96.1,85.2,64.3,64.3,67.2
המרכזי בעמק,96.1,2022-04-29T00:00:00.000Z,96.1,85.2,64.3,64.3,67.2
המרכזי בעמק,96.1,2022-04-29T00:00:00.000Z,96.1,85.2,64.3,64.3,67.2
המרכזי בעמק,96.1,2022-04-29T00:00:00.000Z,96.1,85.2,64.3,64.3,67.2
המרכזי בעמק,96.1,2022-04-29T00:00:00.000Z,96.1,85.2,64.3,64.3,67.2
המרכזי בעמק,96.1,2022-04-29T00:00:00.000Z,96.1,85.2,64.3,64.3,67.2
המרכזי בעמק,96.1,2022-04-29T00:00:00.000Z,96.1,85.2,64.3,64.3,67.2
המרכזי בעמק,96.1,2022-04-29T00:00:00.000Z,96.1,85.2,64.3,64.3,67.2
המרכזי בעמק,96.1,2022-04-29T00:00:00.000Z,96.1,85.2,64.3,64.3,67.2
המרכזי בעמק,96.1,2022-04-29T00:00:00.000Z,96.1,85.2,64.3,64.3,67.2
המרכזי בעמק,96.1,2022-04-29T00:00:00.000Z,96.1,85.2,64.3,64.3,67.2
המרכזי בעמק,96.1,2022-04-29T00:00:00.000Z,96.1,85.2,64.3,64.3,67.2
המרכזי בעמק,96.1,2022-04-29T00:00:00.000Z,96.1,85.2,64.3,64.3,67.2
המרכזי בעמק,96.1,2022-04-29T00:00:00.000Z,96.1,85.2,64.3,64.3,67.2
המרכזי בעמק,96.1,2022-04-29T00:00:00.000Z,96.1,85.2,64.3,64.3,67.2
המרכזי בעמק,96.1,2022-04-29T00:00:00.000Z,96.1,85.2,64.3,64.3,67.2
המרכזי בעמק,96.1,2022-04-29T00:00:00.000Z,96.1,85.2,64.3,64.3,67.2
המרכזי בעמק,96.1,2022-04-29T00:00:00.000Z,96.1,85.2,64.3,64.3,67.2
המרכזי בעמק,96.1,2022-04-29T00:00:00.000Z,96.1,85.2,64.3,64.3,67.2
המרכזי בעמק,96.1,2022-04-29T00:00:00.000Z,96.1,85.2,64.3,64.3,67.2
המרכזי בעמק,96.1,2022-04-29T00:00:00.000Z,96.1,85.2,64.3,64.3,67.2
המרכזי בעמק,96.1,2022-04-29T00:00:00.000Z,96.1,85.2,64.3,64.3,67.2
המרכזי בעמק,96.1,2022-04-29T00:00:00.000Z,96.1,85.2,64.3,64.3,67.2
המרכזי בעמק,96.1,2022-04-29T00:00:00.000Z,96.1,85.2,64.3,64.3,67.2
המרכזי בעמק,96.1,2022-04-29T00:00:00.000Z,96.1,85.2,64.3,64.3,67.2
המרכזי בעמק,96.1,2022-04-29T00:00:00.000Z,96.1,85.2,64.3,64.3,67.2
המרכזי בעמק,96.1,2022-04-29T00:00:00.000Z,96.1,85.2,64.3,64.3,67.2
המרכזי בעמק,96.1,2022-04-29T00:00:00.000Z,96.1,85.2,64.3,64.3,67.2
המרכזי בעמק,96.1,2022-04-29T00:00:00.000Z,96.1,85.2,64.3,64.3,67.2
המרכזי בעמק,96.1,2022-04-29T00:00:00.000Z,96.1,85.2,64.3,64.3,67.2
המרכזי בעמק,96.1,2022-04-29T00:00:00.000Z,96.1,85.2,64.3,64.3,67.2
המרכזי בעמק,96.1,2022-04-29T00:00:00.000Z,96.1,85.2,64.3,64.3,67.2
המרכזי בעמק,96.1,2022-04-29T00:00:00.000Z,96.1,85.2,64.3,64.3,67.2
המרכזי בעמק,96.1,2022-04-29T00:00:00.000Z,96.1,85.2,64.3,64.3,67.2
המרכזי בעמק,96.1,2022-04-29T00:00:00.000Z,96.1,85.2,64.3,64.3,67.2
המרכזי בעמק,96.1,2022-04-29T00:00:00.000Z,96.1,85.2,64.3,64.3,67.2
המרכזי בעמק,96.1,2022-04-29T00:00:00.000Z,96.1,85.2,64.3,64.3,67.2
המרכזי בעמק,96.1,2022-04-29T00:00:00.000Z,96.1,85.2,64.3,64.3,67.2
המרכזי בעמק,96.1,2022-04-29T00:00:00.000Z,96.1,85.2,64.3,64.3,67.2
המרכזי בעמק,96.1,2022-04-29T00:00:00.000Z,96.1,85.2,64.3,64.3,67.2
המרכזי בעמק,96.1,2022-04-29T00:00:00.000Z,96.1,85.2,64.3,64.3,67.2
המרכזי בעמק,96.1,2022-04-29T00:00:00.000Z,96.1,85.2,64.3,64.3,67.2
המרכזי בעמק,96.1,2022-04-29T00:00:00.000Z,96.1,85.2,64.3,64.3,67.2
המרכזי בעמק,96.1,2022-04-29T00:00:00.000Z,96.1,85.2,64.3,64.3,67.2
המרכזי בעמק,96.1,2022-04-29T00:00:00.000Z,96.1,85.2,64.3,64.3,67.2
המרכזי בעמק,96.1,2022-04-29T00:00:00.000Z,96.1,85.2,64.3,64.3,67.2
המרכזי בעמק,96.1,2022-04-29T00:00:00.000Z,96.1,85.2,64.3,64.3,67.2
המרכזי בעמק,96.1,2022-04-29T00:00:00.000Z,96.1,85.2,64.3,64.3,67.2
המרכזי בעמק,96.1,2022-04-29T00:00:00.000Z,96.1,85.2,64.3,64.3,67.2
המרכזי בעמק,96.1,2022-04-29T00:00:00.000Z,96.1,85.2,64.3,64.3,67.2
המרכזי בעמק,96.1,2022-04-29T00:00:00.000Z,96.1,85.2,64.3,64.3,67.2
המרכזי בעמק,96.1,2022-04-29T00:00:00.000Z,96.1,85.2,64.3,64.3,67.2
המרכזי בעמק,96.1,2022-04-29T00:00:00.000Z,96.1,85.2,64.3,64.3,67.2
המרכזי בעמק,96.1,2022-04-29T00:00:00.000Z,96.1,85.2,64.3,64.3,67.2
המרכזי בעמק,96.1,2022-04-29T00:00:00.000Z,96.1,85.2,64.3,64.3,67.2
המרכזי בעמק,96.1,2022-04-29T00:00:00.000Z,96.1,85.2,64.3,64.3,67.2
המרכזי בעמק,96.1,2022-04-29T00:00:00.000Z,96.1,85.2,64.3,64.3,67.2
המרכזי בעמק,96.1,2022-04-29T00:00:00.000Z,96.1,85.2,64.3,64.3,67.2
המרכזי בעמק,96.1,2022-04-29T00:00:00.000Z,96.1,85.2,64.3,64.3,67.2
המרכזי בעמק,96.1,2022-04-29T00:00:00.000Z,96.1,85.2,64.3,64.3,67.2
המרכזי בעמק,96.1,2022-04-29T00:00:00.000Z,96.1,85.2,64.3,64.3,67.2
המרכזי בעמק,96.1,2022-04-29T00:00:00.000Z,96.1,85.2,64.3,64.3,67.2
המרכזי בעמק,96.1,2022-04-29T00:00:00.000Z,96.1,85.2,64.3,64.3,67.2
המרכזי בעמק,96.1,2022-04-29T00:00:00.000Z,96.1,85.2,64.3,64.3,67.2
המרכזי בעמק,96.1,2022-04-29T00:00:00.000Z,96.1,85.2,64.3,64.3,67.2
המרכזי בעמק,96.1,2022-04-29T00:00:00.000Z,96.1,85.2,64.3,64.3,67.2
המרכזי בעמק,96.1,2022-04-29T00:00:00.000Z,96.1,85.2,64.3,64.3,67.2
המרכזי בעמק,96.1,2022-04-29T00:00:00.000Z,96.1,85.2,64.3,64.3,67.2
המרכזי בעמק,96.1,2022-04-29T00:00:00.000Z,96.1,85.2,64.3,64.3,67.2
המרכזי בעמק,96.1,2022-04-29T00:00:00.000Z,96.1,85.2,64.3,64.3,67.2
המרכזי בעמק,96.1,2022-04-29T00:00:00.000Z,96.1,85.2,64.3,64.3,67.2
המרכזי בעמק,96.1,2022-04-29T00:00:00.000Z,96.1,85.2,64.3,64.3,67.2
המרכזי בעמק,96.1,2022-04-29T00:00:00.000Z,96.1,85.2,64.3,64.3,67.2
המרכזי בעמק,96.1,2022-04-29T00:00:00.000Z,96.1,85.2,64.3,64.3,67.2
המרכזי בעמק,96.1,2022-04-29T00:00:00.000Z,96.1,85.2,64.3,64.3,67.2
המרכזי בעמק,96.1,2022-04-29T00:00:00.000Z,96.1,85.2,64.3,64.3,67.2
המרכזי בעמק,96.1,2022-04-29T00:00:00.000Z,96.1,85.2,64.3,64.3,67.2
המרכזי בעמק,96.1,2022-04-29T00:00:00.000Z,96.1,85.2,64.3,64.3,67.2
המרכזי בעמק,96.1,2022-04-29T00:00:00.000Z,96.1,85.2,64.3,64.3,67.2
המרכזי בעמק,96.1,2022-04-29T00:00:00.000Z,96.1,85.2,64.3,64.3,67.2
המרכזי בעמק,96.1,2022-04-29T00:00:00.000Z,96.1,85.2,64.3,64.3,67.2
המרכזי בעמק,96.1,2022-04-29T00:00:00.000Z,96.1,85.2,64.3,64.3,67.2
המרכזי בעמק,96.1,2022-04-29T00:00:00.000Z,96.1,85.2,64.3,64.3,67.2
המרכזי בעמק,96.1,2022-04-29T00:00:00.000Z,96.1,85.2,64.3,64.3,67.2
המרכזי בעמק,96.1,2022-04-29T00:00:00.000Z,96.1,85.2,64.3,64.3,67.2
המרכזי בעמק,96.1,2022-04-29T00:00:00.000Z,96.1,85.2,64.3,64.3,67.2
המרכזי בעמק,96.1,2022-04-29T00:00:00.000Z,96.1,85.2,64.3,64.3,67.2
המרכזי בעמק,96.1,2022-04-29T00:00:00.000Z,96.1,85.2,64.3,64.3,67.2
המרכזי בעמק,96.1,2022-04-29T00:00:00.000Z,96.1,85.2,64.3,64.3,67.2
המרכזי בעמק,96.1,2022-04-29T00:00:00.000Z,96.1,85.2,64.3,64.3,67.2
המרכזי בעמק,96.1,2022-04-29T00:00:00.000Z,96.1,85.2,64.3,64.3,67.2
המרכזי בעמק,96.1,2022-04-29T00:00:00.000Z,96.1,85.2,64.3,64.3,67.2
המרכזי בעמק,96.1,2022-04-29T00:00:00.000Z,96.1,85.2,64.3,64.3,67.2
המרכזי בעמק,96.1,2022-04-29T00:00:00.000Z,96.1,85.2,64.3,64.3,67.2
המרכזי בעמק,96.1,2022-04-29T00:00:00.000Z,96.1,85.2,64.3,64.3,67.2
המרכזי בעמק,96.1,2022-04-29T00:00:00.000Z,96.1,85.2,64.3,64.3,67.2
המרכזי בעמק,96.1,2022-04-29T00:00:00.000Z,96.1,85.2,64.3,64.3,67.2
המרכזי בעמק,96.1,2022-04-29T00:00:00.000Z,96.1,85.2,64.3,64.3,67.2
המרכזי בעמק,96.1,2022-04-29T00:00:00.000Z,96.1,85.2,64.3,64.3,67.2
המרכזי בעמק,96.1,2022-04-29T00:00:00.000Z,96.1,85.2,64.3,64.3,67.2
המרכזי בעמק,96.1,2022-04-29T00:00:00.000Z,96.1,85.2,64.3,64.3,67.2
המרכזי בעמק,96.1,2022-04-29T00:00:00.000Z,96.1,85.2,64.3,64.3,67.2
המרכזי בעמק,96.1,2022-04-29T00:00:00.000Z,96.1,85.2,64.3,64.3,67.2
המרכזי בעמק,96.1,2022-04-29T00:00:00.000Z,96.1,85.2,64.3,64.3,67.2
המרכזי בעמק,96.1,2022-04-29T00:00:00.000Z,96.1,85.2,64.3,64.3,67.2
המרכזי בעמק,96.1,2022-04-29T00:00:00.000Z,96.1,85.2,64.3,64.3,67.2
המרכזי בעמק,96.1,2022-04-29T00:00:00.000Z,96.1,85.2,64.3,64.3,67.2
המרכזי בעמק,96.1,2022-04-29T00:00:00.000Z,96.1,85.2,64.3,64.3,67.2
המרכזי בעמק,96.1,2022-04-29T00:00:00.000Z,96.1,85.2,64.3,64.3,67.2
המרכזי בעמק,96.1,2022-04-29T00:00:00.000Z,96.1,85.2,64.3,64.3,67.2
המרכזי בעמק,96.1,2022-04-29T00:00:00.000Z,96.1,85.2,64.3,64.3,67.2
המרכזי בעמק,96.1,2022-04-29T00:00:00.000Z,96.1,85.2,64.3,64.3,67.2
המרכזי בעמק,96.1,2022-04-29T00:00:00.000Z,96.1,85.2,64.3,64.3,67.2
המרכזי בעמק,96.1,2022-04-29T00:00:00.000Z,96.1,85.2,64.3,64.3,67.2
המרכזי בעמק,96.1,2022-04-29T00:00:00.000Z,96.1,85.2,64.3,64.3,67.2
המרכזי בעמק,96.1,2022-04-29T00:00:00.000Z,96.1,85.2,64.3,64.3,67.2
המרכזי בעמק,96.1,2022-04-29T00:00:00.000Z,96.1,85.2,64.3,64.3,67.2
המרכזי בעמק,96.1,2022-04-29T00:00:00.000Z,96.1,85.2,64.3,64.3,67.2
המרכזי בעמק,96.1,2022-04-29T00:00:00.000Z,96.1,85.2,64.3,64.3,67.2
המרכזי בעמק,96.1,2022-04-29T00:00:00.000Z,96.1,85.2,64.3,64.3,67.2
המרכזי בעמק,96.1,2022-04-29T00:00:00.000Z,96.1,85.2,64.3,64.3,67.2
המרכזי בעמק,96.1,2022-04-29T00:00:00.000Z,96.1,85.2,64.3,64.3,67.2
המרכזי בעמק,96.1,2022-04-29T00:00:00.000Z,96.1,85.2,64.3,64.3,67.2
המרכזי בעמק,96.1,2022-04-29T00:00:00.000Z,96.1,85.2,64.3,64.3,67.2
המרכזי בעמק,96.1,2022-04-29T00:00:00.000Z,96.1,85.2,64.3,64.3,67.2
המרכזי בעמק,96.1,2022-04-29T00:00:00.000Z,96.1,85.2,64.3,64.3,67.2
המרכזי בעמק,96.1,2022-04-29T00:00:00.000Z,96.1,85.2,64.3,64.3,67.2
המרכזי בעמק,96.1,2022-04-29T00:00:00.000Z,96.1,85.2,64.3,64.3,67.2
המרכזי בעמק,96.1,2022-04-29T00:00:00.000Z,96.1,85.2,64.3,64.3,67.2
המרכזי בעמק,96.1,2022-04-29T00:00:00.000Z,96.1,85.2,64.3,64.3,67.2
המרכזי בעמק,96.1,2022-04-29T00:00:00.000Z,96.1,85.2,64.3,64.3,67.2
המרכזי בעמק,96.1,2022-04-29T00:00:00.000Z,96.1,85.2,64.3,64.3,67.2
המרכזי בעמק,96.1,2022-04-29T00:00:00.000Z,96.1,85.2,64.3,64.3,67.2
המרכזי בעמק,96.1,2022-04-29T00:00:00.000Z,96.1,85.2,64.3,64.3,67.2
המרכזי בעמק,96.1,2022-04-29T00:00:00.000Z,96.1,85.2,64.3,64.3,67.2
המרכזי בעמק,96.1,2022-04-29T00:00:00.000Z,96.1,85.2,64.3,64.3,67.2
המרכזי בעמק,96.1,2022-04-29T00:00:00.000Z,96.1,85.2,64.3,64.3,67.2
המרכזי בעמק,96.1,2022-04-29T00:00:00.000Z,96.1,85.2,64.3,64.3,67.2
המרכזי בעמק,96.1,2022-04-29T00:00:00.000Z,96.1,85.2,64.3,64.3,67.2
המרכזי בעמק,96.1,2022-04-29T00:00:00.000Z,96.1,85.2,64.3,64.3,67.2
המרכזי בעמק,96.1,2022-04-29T00:00:00.000Z,96.1,85.2,64.3,64.3,67.2
המרכזי בעמק,96.1,2022-04-29T00:00:00.000Z,96.1,85.2,64.3,64.3,67.2
המרכזי בעמק,96.1,2022-04-29T00:00:00.000Z,96.1,85.2,64.3,64.3,67.2
המרכזי בעמק,96.1,2022-04-29T00:00:00.000Z,96.1,85.2,64.3,64.3,67.2
המרכזי בעמק,96.1,2022-04-29T00:00:00.000Z,96.1,85.2,64.3,64.3,67.2
המרכזי בעמק,96.1,2022-04-29T00:00:00.000Z,96.1,85.2,64.3,64.3,67.2
המרכזי בעמק,96.1,2022-04-29T00:00:00.000Z,96.1,85.2,64.3,64.3,67.2
המרכזי בעמק,96.1,2022-04-29T00:00:00.000Z,96.1,85.2,64.3,64.3,67.2
המרכזי בעמק,96.1,2022-04-29T00:00:00.000Z,96.1,85.2,64.3,64.3,67.2
המרכזי בעמק,96.1,2022-04-29T00:00:00.000Z,96.1,85.2,64.3,64.3,67.2
המרכזי בעמק,96.1,2022-04-29T00:00:00.000Z,96.1,85.2,64.3,64.3,67.2
המרכזי בעמק,96.1,2022-04-29T00:00:00.000Z,96.1,85.2,64.3,64.3,67.2
המרכזי בעמק,96.1,2022-04-29T00:00:00.000Z,96.1,85.2,64.3,64.3,67.2
המרכזי בעמק,96.1,2022-04-29T00:00:00.000Z,96.1,85.2,64.3,64.3,67.2
המרכזי בעמק,96.1,2022-04-29T00:00:00.000Z,96.1,85.2,64.3,64.3,67.2
המרכזי בעמק,96.1,2022-04-29T00:00:00.000Z,96.1,85.2,64.3,64.3,67.2
המרכזי בעמק,96.1,2022-04-29T00:00:00.000Z,96.1,85.2,64.3,64.3,67.2
המרכזי בעמק,96.1,2022-04-29T00:00:00.000Z,96.1,85.2,64.3,64.3,67.2
המרכזי בעמק,96.1,2022-04-29T00:00:00.000Z,96.1,85.2,64.3,64.3,67.2
המרכזי בעמק,96.1,2022-04-29T00:00:00.000Z,96.1,85.2,64.3,64.3,67.2
המרכזי בעמק,96.1,2022-04-29T00:00:00.000Z,96.1,85.2,64.3,64.3,67.2
המרכזי בעמק,96.1,2022-04-29T00:00:00.000Z,96.1,85.2,64.3,64.3,67.2
המרכזי בעמק,96.1,2022-04-29T00:00:00.000Z,96.1,85.2,64.3,64.3,67.2
המרכזי בעמק,96.1,2022-04-29T00:00:00.000Z,96.1,85.2,64.3,64.3,67.2
המרכזי בעמק,96.1,2022-04-29T00:00:00.000Z,96.1,85.2,64.3,64.3,67.2
המרכזי בעמק,96.1,2022-04-29T00:00:00.000Z,96.1,85.2,64.3,64.3,67.2
המרכזי בעמק,96.1,2022-04-29T00:00:00.000Z,96.1,85.2,64.3,64.3,67.2
המרכזי בעמק,96.1,2022-04-29T00:00:00.000Z,96.1,85.2,64.3,64.3,67.2
המרכזי בעמק,96.1,2022-04-29T00:00:00.000Z,96.1,85.2,64.3,64.3,67.2
המרכזי בעמק,96.1,2022-04-29T00:00:00.000Z,96.1,85.2,64.3,64.3,67.2
המרכזי בעמק,96.1,2022-04-29T00:00:00.000Z,96.1,85.2,64.3,64.3,67.2
המרכזי בעמק,96.1,2022-04-29T00:00:00.000Z,96.1,85.2,64.3,64.3,67.2
המרכזי בעמק,96.1,2022-04-29T00:00:00.000Z,96.1,85.2,64.3,64.3,67.2
המרכזי בעמק,96.1,2022-04-29T00:00:00.000Z,96.1,85.2,64.3,64.3,67.2
המרכזי בעמק,96.1,2022-04-29T00:00:00.000Z,96.1,85.2,64.3,64.3,67.2
המרכזי בעמק,96.1,2022-04-29T00:00:00.000Z,96.1,85.2,64.3,64.3,67.2
המרכזי בעמק,96.1,2022-04-29T00:00:00.000Z,96.1,85.2,64.3,64.3,67.2
המרכזי בעמק,96.1,2022-04-29T00:00:00.000Z,96.1,85.2,64.3,64.3,67.2
המרכזי בעמק,96.1,2022-04-29T00:00:00.000Z,96.1,85.2,64.3,64.3,67.2
המרכזי בעמק,96.1,2022-04-29T00:00:00.000Z,96.1,85.2,64.3,64.3,67.2
המרכזי בעמק,96.1,2022-04-29T00:00:00.000Z,96.1,85.2,64.3,64.3,67.2
המרכזי בעמק,96.1,2022-04-29T00:00:00.000Z,96.1,85.2,64.3,64.3,67.2
המרכזי בעמק,96.1,2022-04-29T00:00:00.000Z,96.1,85.2,64.3,64.3,67.2
המרכזי בעמק,96.1,2022-04-29T00:00:00.000Z,96.1,85.2,64.3,64.3,67.2
המרכזי בעמק,96.1,2022-04-29T00:00:00.000Z,96.1,85.2,64.3,64.3,67.2
המרכזי בעמק,96.1,2022-04-29T00:00:00.000Z,96.1,85.2,64.3,64.3,67.2
המרכזי בעמק,96.1,2022-04-29T00:00:00.000Z,96.1,85.2,64.3,64.3,67.2
המרכזי בעמק,96.1,2022-04-29T00:00:00.000Z,96.1,85.2,64.3,64.3,67.2
המרכזי בעמק,96.1,2022-04-29T00:00:00.000Z,96.1,85.2,64.3,64.3,67.2
המרכזי בעמק,96.1,2022-04-29T00:00:00.000Z,96.1,85.2,64.3,64.3,67.2
המרכזי בעמק,96.1,2022-04-29T00:00:00.000Z,96.1,85.2,64.3,64.3,67.2
המרכזי בעמק,96.1,2022-04-29T00:00:00.000Z,96.1,85.2,64.3,64.3,67.2
המרכזי בעמק,96.1,2022-04-29T00:00:00.000Z,96.1,85.2,64.3,64.3,67.2
המרכזי בעמק,96.1,2022-04-29T00:00:00.000Z,96.1,85.2,64.3,64.3,67.2
המרכזי בעמק,96.1,2022-04-29T00:00:00.000Z,96.1,85.2,64.3,64.3,67.2
המרכזי בעמק,96.1,2022-04-29T00:00:00.000Z,96.1,85.2,64.3,64.3,67.2
המרכזי בעמק,96.1,2022-04-29T00:00:00.000Z,96.1,85.2,64.3,64.3,67.2
המרכזי בעמק,96.1,2022-04-29T00:00:00.000Z,96.1,85.2,64.3,64.3,67.2
המרכזי בעמק,96.1,2022-04-29T00:00:00.000Z,96.1,85.2,64.3,64.3,67.2
המרכזי בעמק,96.1,2022-04-29T00:00:00.000Z,96.1,85.2,64.3,64.3,67.2
המרכזי בעמק,96.1,2022-04-29T00:00:00.000Z,96.1,85.2,64.3,64.3,67.2
המרכזי בעמק,96.1,2022-04-29T00:00:00.000Z,96.1,85.2,64.3,64.3,67.2
המרכזי בעמק,96.1,2022-04-29T00:00:00.000Z,96.1,85.2,64.3,64.3,67.2
המרכזי בעמק,96.1,2022-04-29T00:00:00.000Z,96.1,85.2,64.3,64.3,67.2
המרכזי בעמק,96.1,2022-04-29T00:00:00.000Z,96.1,85.2,64.3,64.3,67.2
המרכזי בעמק,96.1,2022-04-29T00:00:00.000Z,96.1,85.2,64.3,64.3,67.2
המרכזי בעמק,96.1,2022-04-29T00:00:00.000Z,96.1,85.2,64.3,64.3,67.2
המרכזי בעמק,96.1,2022-04-29T00:00:00.000Z,96.1,85.2,64.3,64.3,67.2
המרכזי בעמק,96.1,2022-04-29T00:00:00.000Z,96.1,85.2,64.3,64.3,67.2
המרכזי בעמק,96.1,2022-04-29T00:00:00.000Z,96.1,85.2,64.3,64.3,67.2
המרכזי בעמק,96.1,2022-04-29T00:00:00.000Z,96.1,85.2,64.3,64.3,67.2
המרכזי בעמק,96.1,2022-04-29T00:00:00.000Z,96.1,85.2,64.3,64.3,67.2
המרכזי בעמק,96.1,2022-04-29T00:00:00.000Z,96.1,85.2,64.3,64.3,67.2
המרכזי בעמק,96.1,2022-04-29T00:00:00.000Z,96.1,85.2,64.3,64.3,67.2
המרכזי בעמק,96.1,2022-04-29T00:00:00.000Z,96.1,85.2,64.3,64.3,67.2
המרכזי בעמק,96.1,2022-04-29T00:00:00.000Z,96.1,85.2,64.3,64.3,67.2
המרכזי בעמק,96.1,2022-04-29T00:00:00.000Z,96.1,85.2,64.3,64.3,67.2
המרכזי בעמק,96.1,2022-04-29T00:00:00.000Z,96.1,85.2,64.3,64.3,67.2
המרכזי בעמק,96.1,2022-04-29T00:00:00.000Z,96.1,85.2,64.3,64.3,67.2
המרכזי בעמק,96.1,2022-04-29T00:00:00.000Z,96.1,85.2,64.3,64.3,67.2
המרכזי בעמק,96.1,2022-04-29T00:00:00.000Z,96.1,85.2,64.3,64.3,67.2
המרכזי בעמק,96.1,2022-04-29T00:00:00.000Z,96.1,85.2,64.3,64.3,67.2
המרכזי בעמק,96.1,2022-04-29T00:00:00.000Z,96.1,85.2,64.3,64.3,67.2
המרכזי בעמק,96.1,2022-04-29T00:00:00.000Z,96.1,85.2,64.3,64.3,67.2
המרכזי בעמק,96.1,2022-04-29T00:00:00.000Z,96.1,85.2,64.3,64.3,67.2
המרכזי בעמק,96.1,2022-04-29T00:00:00.000Z,96.1,85.2,64.3,64.3,67.2
המרכזי בעמק,96.1,2022-04-29T00:00:00.000Z,96.1,85.2,64.3,64.3,67.2
המרכזי בעמק,96.1,2022-04-29T00:00:00.000Z,96.1,85.2,64.3,64.3,67.2
המרכזי בעמק,96.1,2022-04-29T00:00:00.000Z,96.1,85.2,64.3,64.3,67.2
המרכזי בעמק,96.1,2022-04-29T00:00:00.000Z,96.1,85.2,64.3,64.3,67.2
המרכזי בעמק,96.1,2022-04-29T00:00:00.000Z,96.1,85.2,64.3,64.3,67.2
המרכזי בעמק,96.1,2022-04-29T00:00:00.000Z,96.1,85.2,64.3,64.3,67.2
המרכזי בעמק,96.1,2022-04-29T00:00:00.000Z,96.1,85.2,64.3,64.3,67.2
המרכזי בעמק,96.1,2022-04-29T00:00:00.000Z,96.1,85.2,64.3,64.3,67.2
המרכזי בעמק,96.1,2022-04-29T00:00:00.000Z,96.1,85.2,64.3,64.3,67.2
המרכזי בעמק,96.1,2022-04-29T00:00:00.000Z,96.1,85.2,64.3,64.3,67.2
המרכזי בעמק,96.1,2022-04-29T00:00:00.000Z,96.1,85.2,64.3,64.3,67.2
המרכזי בעמק,96.1,2022-04-29T00:00:00.000Z,96.1,85.2,64.3,64.3,67.2
המרכזי בעמק,96.1,2022-04-29T00:00:00.000Z,96.1,85.2,64.3,64.3,67.2
המרכזי בעמק,96.1,2022-04-29T00:00:00.000Z,96.1,85.2,64.3,64.3,67.2
המרכזי בעמק,96.1,2022-04-29T00:00:00.000Z,96.1,85.2,64.3,64.3,67.2
המרכזי בעמק,96.1,2022-04-29T00:00:00.000Z,96.1,85.2,64.3,64.3,67.2
המרכזי בעמק,96.1,2022-04-29T00:00:00.000Z,96.1,85.2,64.3,64.3,67.2
המרכזי בעמק,96.1,2022-04-29T00:00:00.000Z,96.1,85.2,64.3,64.3,67.2
המרכזי בעמק,96.1,2022-04-29T00:00:00.000Z,96.1,85.2,64.3,64.3,67.2
המרכזי בעמק,96.1,2022-04-29T00:00:00.000Z,96.1,85.2,64.3,64.3,67.2
המרכזי בעמק,96.1,2022-04-29T00:00:00.000Z,96.1,85.2,64.3,64.3,67.2
המרכזי בעמק,96.1,2022-04-29T00:00:00.000Z,96.1,85.2,64.3,64.3,67.2
המרכזי בעמק,96.1,2022-04-29T00:00:00.000Z,96.1,85.2,64.3,64.3,67.2
המרכזי בעמק,96.1,2022-04-29T00:00:00.000Z,96.1,85.2,64.3,64.3,67.2
המרכזי בעמק,96.1,2022-04-29T00:00:00.000Z,96.1,85.2,64.3,64.3,67.2
המרכזי בעמק,96.1,2022-04-29T00:00:00.000Z,96.1,85.2,64.3,64.3,67.2
המרכזי בעמק,96.1,2022-04-29T00:00:00.000Z,96.1,85.2,64.3,64.3,67.2
המרכזי בעמק,96.1,2022-04-29T00:00:00.000Z,96.1,85.2,64.3,64.3,67.2
המרכזי בעמק,96.1,2022-04-29T00:00:00.000Z,96.1,85.2,64.3,64.3,67.2
המרכזי בעמק,96.1,2022-04-29T00:00:00.000Z,96.1,85.2,64.3,64.3,67.2
המרכזי בעמק,96.1,2022-04-29T00:00:00.000Z,96.1,85.2,64.3,64.3,67.2
המרכזי בעמק,96.1,2022-04-29T00:00:00.000Z,96.1,85.2,64.3,64.3,67.2
המרכזי בעמק,96.1,2022-04-29T00:00:00.000Z,96.1,85.2,64.3,64.3,67.2
המרכזי בעמק,96.1,2022-04-29T00:00:00.000Z,96.1,85.2,64.3,64.3,67.2
המרכזי בעמק,96.1,2022-04-29T00:00:00.000Z,96.1,85.2,64.3,64.3,67.2
המרכזי בעמק,96.1,2022-04-29T00:00:00.000Z,96.1,85.2,64.3,64.3,67.2
המרכזי בעמק,96.1,2022-04-29T00:00:00.000Z,96.1,85.2,64.3,64.3,67.2
המרכזי בעמק,96.1,2022-04-29T00:00:00.000Z,96.1,85.2,64.3,64.3,67.2
המרכזי בעמק,96.1,2022-04-29T00:00:00.000Z,96.1,85.2,64.3,64.3,67.2
המרכזי בעמק,96.1,2022-04-29T00:00:00.000Z,96.1,85.2,64.3,64.3,67.2
המרכזי בעמק,96.1,2022-04-29T00:00:00.000Z,96.1,85.2,64.3,64.3,67.2
המרכזי בעמק,96.1,2022-04-29T00:00:00.000Z,96.1,85.2,64.3,64.3,67.2
המרכזי בעמק,96.1,2022-04-29T00:00:00.000Z,96.1,85.2,64.3,64.3,67.2
המרכזי בעמק,96.1,2022-04-29T00:00:00.000Z,96.1,85.2,64.3,64.3,67.2
המרכזי בעמק,96.1,2022-04-29T00:00:00.000Z,96.1,85.2,64.3,64.3,67.2
המרכזי בעמק,96.1,2022-04-29T00:00:00.000Z,96.1,85.2,64.3,64.3,67.2
המרכזי בעמק,96.1,2022-04-29T00:00:00.000Z,96.1,85.2,64.3,64.3,67.2
המרכזי בעמק,96.1,2022-04-29T00:00:00.000Z,96.1,85.2,64.3,64.3,67.2
המרכזי בעמק,96.1,2022-04-29T00:00:00.000Z,96.1,85.2,64.3,64.3,67.2
המרכזי בעמק,96.1,2022-04-29T00:00:00.000Z,96.1,85.2,64.3,64.3,67.2
המרכזי בעמק,96.1,2022-04-29T00:00:00.000Z,96.1,85.2,64.3,64.3,67.2
המרכזי בעמק,96.1,2022-04-29T00:00:00.000Z,96.1,85.2,64.3,64.3,67.2
המרכזי בעמק,96.1,2022-04-29T00:00:00.000Z,96.1,85.2,64.3,64.3,67.2
המרכזי בעמק,96.1,2022-04-29T00:00:00.000Z,96.1,85.2,64.3,64.3,67.2
רבין ק. השרון,66.7,2022-04-29T00:00:00.000Z,66.7,59.6,57.3,57.3,61
רבין ק. השרון,66.7,2022-04-29T00:00:00.000Z,66.7,59.6,57.3,57.3,61
רבין ק. השרון,66.7,2022-04-29T00:00:00.000Z,66.7,59.6,57.3,57.3,61
רבין ק. השרון,66.7,2022-04-29T00:00:00.000Z,66.7,59.6,57.3,57.3,61
רבין ק. השרון,66.7,2022-04-29T00:00:00.000Z,66.7,59.6,57.3,57.3,61
רבין ק. השרון,66.7,2022-04-29T00:00:00.000Z,66.7,59.6,57.3,57.3,61
רבין ק. השרון,66.7,2022-04-29T00:00:00.000Z,66.7,59.6,57.3,57.3,61
רבין ק. השרון,66.7,2022-04-29T00:00:00.000Z,66.7,59.6,57.3,57.3,61
רבין ק. השרון,66.7,2022-04-29T00:00:00.000Z,66.7,59.6,57.3,57.3,61
רבין ק. השרון,66.7,2022-04-29T00:00:00.000Z,66.7,59.6,57.3,57.3,61
רבין ק. השרון,66.7,2022-04-29T00:00:00.000Z,66.7,59.6,57.3,57.3,61
רבין ק. השרון,66.7,2022-04-29T00:00:00.000Z,66.7,59.6,57.3,57.3,61
רבין ק. השרון,66.7,2022-04-29T00:00:00.000Z,66.7,59.6,57.3,57.3,61
רבין ק. השרון,66.7,2022-04-29T00:00:00.000Z,66.7,59.6,57.3,57.3,61
רבין ק. השרון,66.7,2022-04-29T00:00:00.000Z,66.7,59.6,57.3,57.3,61
רבין ק. השרון,66.7,2022-04-29T00:00:00.000Z,66.7,59.6,57.3,57.3,61
רבין ק. השרון,66.7,2022-04-29T00:00:00.000Z,66.7,59.6,57.3,57.3,61
רבין ק. השרון,66.7,2022-04-29T00:00:00.000Z,66.7,59.6,57.3,57.3,61
רבין ק. השרון,66.7,2022-04-29T00:00:00.000Z,66.7,59.6,57.3,57.3,61
רבין ק. השרון,66.7,2022-04-29T00:00:00.000Z,66.7,59.6,57.3,57.3,61
רבין ק. השרון,66.7,2022-04-29T00:00:00.000Z,66.7,59.6,57.3,57.3,61
רבין ק. השרון,66.7,2022-04-29T00:00:00.000Z,66.7,59.6,57.3,57.3,61
רבין ק. השרון,66.7,2022-04-29T00:00:00.000Z,66.7,59.6,57.3,57.3,61
רבין ק. השרון,66.7,2022-04-29T00:00:00.000Z,66.7,59.6,57.3,57.3,61
רבין ק. השרון,66.7,2022-04-29T00:00:00.000Z,66.7,59.6,57.3,57.3,61
רבין ק. השרון,66.7,2022-04-29T00:00:00.000Z,66.7,59.6,57.3,57.3,61
רבין ק. השרון,66.7,2022-04-29T00:00:00.000Z,66.7,59.6,57.3,57.3,61
רבין ק. השרון,66.7,2022-04-29T00:00:00.000Z,66.7,59.6,57.3,57.3,61
רבין ק. השרון,66.7,2022-04-29T00:00:00.000Z,66.7,59.6,57.3,57.3,61
רבין ק. השרון,66.7,2022-04-29T00:00:00.000Z,66.7,59.6,57.3,57.3,61
רבין ק. השרון,66.7,2022-04-29T00:00:00.000Z,66.7,59.6,57.3,57.3,61
רבין ק. השרון,66.7,2022-04-29T00:00:00.000Z,66.7,59.6,57.3,57.3,61
רבין ק. השרון,66.7,2022-04-29T00:00:00.000Z,66.7,59.6,57.3,57.3,61
רבין ק. השרון,66.7,2022-04-29T00:00:00.000Z,66.7,59.6,57.3,57.3,61
רבין ק. השרון,66.7,2022-04-29T00:00:00.000Z,66.7,59.6,57.3,57.3,61
רבין ק. השרון,66.7,2022-04-29T00:00:00.000Z,66.7,59.6,57.3,57.3,61
רבין ק. השרון,66.7,2022-04-29T00:00:00.000Z,66.7,59.6,57.3,57.3,61
רבין ק. השרון,66.7,2022-04-29T00:00:00.000Z,66.7,59.6,57.3,57.3,61
רבין ק. השרון,66.7,2022-04-29T00:00:00.000Z,66.7,59.6,57.3,57.3,61
רבין ק. השרון,66.7,2022-04-29T00:00:00.000Z,66.7,59.6,57.3,57.3,61
רבין ק. השרון,66.7,2022-04-29T00:00:00.000Z,66.7,59.6,57.3,57.3,61
רבין ק. השרון,66.7,2022-04-29T00:00:00.000Z,66.7,59.6,57.3,57.3,61
רבין ק. השרון,66.7,2022-04-29T00:00:00.000Z,66.7,59.6,57.3,57.3,61
רבין ק. השרון,66.7,2022-04-29T00:00:00.000Z,66.7,59.6,57.3,57.3,61
רבין ק. השרון,66.7,2022-04-29T00:00:00.000Z,66.7,59.6,57.3,57.3,61
רבין ק. השרון,66.7,2022-04-29T00:00:00.000Z,66.7,59.6,57.3,57.3,61
רבין ק. השרון,66.7,2022-04-29T00:00:00.000Z,66.7,59.6,57.3,57.3,61
רבין ק. השרון,66.7,2022-04-29T00:00:00.000Z,66.7,59.6,57.3,57.3,61
רבין ק. השרון,66.7,2022-04-29T00:00:00.000Z,66.7,59.6,57.3,57.3,61
רבין ק. השרון,66.7,2022-04-29T00:00:00.000Z,66.7,59.6,57.3,57.3,61
רבין ק. השרון,66.7,2022-04-29T00:00:00.000Z,66.7,59.6,57.3,57.3,61
רבין ק. השרון,66.7,2022-04-29T00:00:00.000Z,66.7,59.6,57.3,57.3,61
רבין ק. השרון,66.7,2022-04-29T00:00:00.000Z,66.7,59.6,57.3,57.3,61
רבין ק. השרון,66.7,2022-04-29T00:00:00.000Z,66.7,59.6,57.3,57.3,61
רבין ק. השרון,66.7,2022-04-29T00:00:00.000Z,66.7,59.6,57.3,57.3,61
רבין ק. השרון,66.7,2022-04-29T00:00:00.000Z,66.7,59.6,57.3,57.3,61
רבין ק. השרון,66.7,2022-04-29T00:00:00.000Z,66.7,59.6,57.3,57.3,61
רבין ק. השרון,66.7,2022-04-29T00:00:00.000Z,66.7,59.6,57.3,57.3,61
רבין ק. השרון,66.7,2022-04-29T00:00:00.000Z,66.7,59.6,57.3,57.3,61
רבין ק. השרון,66.7,2022-04-29T00:00:00.000Z,66.7,59.6,57.3,57.3,61
רבין ק. השרון,66.7,2022-04-29T00:00:00.000Z,66.7,59.6,57.3,57.3,61
רבין ק. השרון,66.7,2022-04-29T00:00:00.000Z,66.7,59.6,57.3,57.3,61
רבין ק. השרון,66.7,2022-04-29T00:00:00.000Z,66.7,59.6,57.3,57.3,61
רבין ק. השרון,66.7,2022-04-29T00:00:00.000Z,66.7,59.6,57.3,57.3,61
רבין ק. השרון,66.7,2022-04-29T00:00:00.000Z,66.7,59.6,57.3,57.3,61
רבין ק. השרון,66.7,2022-04-29T00:00:00.000Z,66.7,59.6,57.3,57.3,61
רבין ק. השרון,66.7,2022-04-29T00:00:00.000Z,66.7,59.6,57.3,57.3,61
רבין ק. השרון,66.7,2022-04-29T00:00:00.000Z,66.7,59.6,57.3,57.3,61
רבין ק. השרון,66.7,2022-04-29T00:00:00.000Z,66.7,59.6,57.3,57.3,61
רבין ק. השרון,66.7,2022-04-29T00:00:00.000Z,66.7,59.6,57.3,57.3,61
רבין ק. השרון,66.7,2022-04-29T00:00:00.000Z,66.7,59.6,57.3,57.3,61
רבין ק. השרון,66.7,2022-04-29T00:00:00.000Z,66.7,59.6,57.3,57.3,61
רבין ק. השרון,66.7,2022-04-29T00:00:00.000Z,66.7,59.6,57.3,57.3,61
רבין ק. השרון,66.7,2022-04-29T00:00:00.000Z,66.7,59.6,57.3,57.3,61
רבין ק. השרון,66.7,2022-04-29T00:00:00.000Z,66.7,59.6,57.3,57.3,61
רבין ק. השרון,66.7,2022-04-29T00:00:00.000Z,66.7,59.6,57.3,57.3,61
רבין ק. השרון,66.7,2022-04-29T00:00:00.000Z,66.7,59.6,57.3,57.3,61
וולפסון,70.9,2022-04-29T00:00:00.000Z,70.9,88.5,62.1,62.1,73.6
נהריה,101.6,2022-04-29T00:00:00.000Z,101.6,85.3,78.6,78.6,82.6
נהריה,101.6,2022-04-29T00:00:00.000Z,101.6,85.3,78.6,78.6,82.6
נהריה,101.6,2022-04-29T00:00:00.000Z,101.6,85.3,78.6,78.6,82.6
נהריה,101.6,2022-04-29T00:00:00.000Z,101.6,85.3,78.6,78.6,82.6
נהריה,101.6,2022-04-29T00:00:00.000Z,101.6,85.3,78.6,78.6,82.6
נהריה,101.6,2022-04-29T00:00:00.000Z,101.6,85.3,78.6,78.6,82.6
שמיר,83.8,2022-04-29T00:00:00.000Z,83.8,86.5,66.7,66.7,67.3
שמיר,83.8,2022-04-29T00:00:00.000Z,83.8,86.5,66.7,66.7,67.3
שמיר,83.8,2022-04-29T00:00:00.000Z,83.8,86.5,66.7,66.7,67.3
שמיר,83.8,2022-04-29T00:00:00.000Z,83.8,86.5,66.7,66.7,67.3
שמיר,83.8,2022-04-29T00:00:00.000Z,83.8,86.5,66.7,66.7,67.3
שמיר,83.8,2022-04-29T00:00:00.000Z,83.8,86.5,66.7,66.7,67.3
שמיר,83.8,2022-04-29T00:00:00.000Z,83.8,86.5,66.7,66.7,67.3
שמיר,83.8,2022-04-29T00:00:00.000Z,83.8,86.5,66.7,66.7,67.3
שמיר,83.8,2022-04-29T00:00:00.000Z,83.8,86.5,66.7,66.7,67.3
שמיר,83.8,2022-04-29T00:00:00.000Z,83.8,86.5,66.7,66.7,67.3
שמיר,83.8,2022-04-29T00:00:00.000Z,83.8,86.5,66.7,66.7,67.3
שמיר,83.8,2022-04-29T00:00:00.000Z,83.8,86.5,66.7,66.7,67.3
שמיר,83.8,2022-04-29T00:00:00.000Z,83.8,86.5,66.7,66.7,67.3
שמיר,83.8,2022-04-29T00:00:00.000Z,83.8,86.5,66.7,66.7,67.3
שמיר,83.8,2022-04-29T00:00:00.000Z,83.8,86.5,66.7,66.7,67.3
שמיר,83.8,2022-04-29T00:00:00.000Z,83.8,86.5,66.7,66.7,67.3
שמיר,83.8,2022-04-29T00:00:00.000Z,83.8,86.5,66.7,66.7,67.3
שמיר,83.8,2022-04-29T00:00:00.000Z,83.8,86.5,66.7,66.7,67.3
שמיר,83.8,2022-04-29T00:00:00.000Z,83.8,86.5,66.7,66.7,67.3
שמיר,83.8,2022-04-29T00:00:00.000Z,83.8,86.5,66.7,66.7,67.3
שמיר,83.8,2022-04-29T00:00:00.000Z,83.8,86.5,66.7,66.7,67.3
שמיר,83.8,2022-04-29T00:00:00.000Z,83.8,86.5,66.7,66.7,67.3
שמיר,83.8,2022-04-29T00:00:00.000Z,83.8,86.5,66.7,66.7,67.3
שמיר,83.8,2022-04-29T00:00:00.000Z,83.8,86.5,66.7,66.7,67.3
שמיר,83.8,2022-04-29T00:00:00.000Z,83.8,86.5,66.7,66.7,67.3
שמיר,83.8,2022-04-29T00:00:00.000Z,83.8,86.5,66.7,66.7,67.3
זיו צפת,84.4,2022-04-29T00:00:00.000Z,84.4,96.9,56.5,56.5,76.1
זיו צפת,84.4,2022-04-29T00:00:00.000Z,84.4,96.9,56.5,56.5,76.1
זיו צפת,84.4,2022-04-29T00:00:00.000Z,84.4,96.9,56.5,56.5,76.1
זיו צפת,84.4,2022-04-29T00:00:00.000Z,84.4,96.9,56.5,56.5,76.1
זיו צפת,84.4,2022-04-29T00:00:00.000Z,84.4,96.9,56.5,56.5,76.1
זיו צפת,84.4,2022-04-29T00:00:00.000Z,84.4,96.9,56.5,56.5,76.1
זיו צפת,84.4,2022-04-29T00:00:00.000Z,84.4,96.9,56.5,56.5,76.1
זיו צפת,84.4,2022-04-29T00:00:00.000Z,84.4,96.9,56.5,56.5,76.1
שמיר,83.8,2022-04-29T00:00:00.000Z,83.8,86.5,66.7,66.7,67.3
שמיר,83.8,2022-04-29T00:00:00.000Z,83.8,86.5,66.7,66.7,67.3
שמיר,83.8,2022-04-29T00:00:00.000Z,83.8,86.5,66.7,66.7,67.3
שמיר,83.8,2022-04-29T00:00:00.000Z,83.8,86.5,66.7,66.7,67.3
שמיר,83.8,2022-04-29T00:00:00.000Z,83.8,86.5,66.7,66.7,67.3
שמיר,83.8,2022-04-29T00:00:00.000Z,83.8,86.5,66.7,66.7,67.3
שמיר,83.8,2022-04-29T00:00:00.000Z,83.8,86.5,66.7,66.7,67.3
שמיר,83.8,2022-04-29T00:00:00.000Z,83.8,86.5,66.7,66.7,67.3
שמיר,83.8,2022-04-29T00:00:00.000Z,83.8,86.5,66.7,66.7,67.3
שמיר,83.8,2022-04-29T00:00:00.000Z,83.8,86.5,66.7,66.7,67.3
שמיר,83.8,2022-04-29T00:00:00.000Z,83.8,86.5,66.7,66.7,67.3
שמיר,83.8,2022-04-29T00:00:00.000Z,83.8,86.5,66.7,66.7,67.3
שמיר,83.8,2022-04-29T00:00:00.000Z,83.8,86.5,66.7,66.7,67.3
שמיר,83.8,2022-04-29T00:00:00.000Z,83.8,86.5,66.7,66.7,67.3
שמיר,83.8,2022-04-29T00:00:00.000Z,83.8,86.5,66.7,66.7,67.3
שמיר,83.8,2022-04-29T00:00:00.000Z,83.8,86.5,66.7,66.7,67.3
שמיר,83.8,2022-04-29T00:00:00.000Z,83.8,86.5,66.7,66.7,67.3
שמיר,83.8,2022-04-29T00:00:00.000Z,83.8,86.5,66.7,66.7,67.3
שמיר,83.8,2022-04-29T00:00:00.000Z,83.8,86.5,66.7,66.7,67.3
שמיר,83.8,2022-04-29T00:00:00.000Z,83.8,86.5,66.7,66.7,67.3
סורוקה,57,2022-04-29T00:00:00.000Z,57,59.3,62.5,62.5,70.1
סורוקה,57,2022-04-29T00:00:00.000Z,57,59.3,62.5,62.5,70.1
סורוקה,57,2022-04-29T00:00:00.000Z,57,59.3,62.5,62.5,70.1
סורוקה,57,2022-04-29T00:00:00.000Z,57,59.3,62.5,62.5,70.1
סורוקה,57,2022-04-29T00:00:00.000Z,57,59.3,62.5,62.5,70.1
סורוקה,57,2022-04-29T00:00:00.000Z,57,59.3,62.5,62.5,70.1
סורוקה,57,2022-04-29T00:00:00.000Z,57,59.3,62.5,62.5,70.1
סורוקה,57,2022-04-29T00:00:00.000Z,57,59.3,62.5,62.5,70.1
סורוקה,57,2022-04-29T00:00:00.000Z,57,59.3,62.5,62.5,70.1
סורוקה,57,2022-04-29T00:00:00.000Z,57,59.3,62.5,62.5,70.1
סורוקה,57,2022-04-29T00:00:00.000Z,57,59.3,62.5,62.5,70.1
סורוקה,57,2022-04-29T00:00:00.000Z,57,59.3,62.5,62.5,70.1
סורוקה,57,2022-04-29T00:00:00.000Z,57,59.3,62.5,62.5,70.1
סורוקה,57,2022-04-29T00:00:00.000Z,57,59.3,62.5,62.5,70.1
סורוקה,57,2022-04-29T00:00:00.000Z,57,59.3,62.5,62.5,70.1
סורוקה,57,2022-04-29T00:00:00.000Z,57,59.3,62.5,62.5,70.1
סורוקה,57,2022-04-29T00:00:00.000Z,57,59.3,62.5,62.5,70.1
סורוקה,57,2022-04-29T00:00:00.000Z,57,59.3,62.5,62.5,70.1
סורוקה,57,2022-04-29T00:00:00.000Z,57,59.3,62.5,62.5,70.1
סורוקה,57,2022-04-29T00:00:00.000Z,57,59.3,62.5,62.5,70.1
סורוקה,57,2022-04-29T00:00:00.000Z,57,59.3,62.5,62.5,70.1
סורוקה,57,2022-04-29T00:00:00.000Z,57,59.3,62.5,62.5,70.1
סורוקה,57,2022-04-29T00:00:00.000Z,57,59.3,62.5,62.5,70.1
סורוקה,57,2022-04-29T00:00:00.000Z,57,59.3,62.5,62.5,70.1
סורוקה,57,2022-04-29T00:00:00.000Z,57,59.3,62.5,62.5,70.1
סורוקה,57,2022-04-29T00:00:00.000Z,57,59.3,62.5,62.5,70.1
סורוקה,57,2022-04-29T00:00:00.000Z,57,59.3,62.5,62.5,70.1
סורוקה,57,2022-04-29T00:00:00.000Z,57,59.3,62.5,62.5,70.1
סורוקה,57,2022-04-29T00:00:00.000Z,57,59.3,62.5,62.5,70.1
סורוקה,57,2022-04-29T00:00:00.000Z,57,59.3,62.5,62.5,70.1
סורוקה,57,2022-04-29T00:00:00.000Z,57,59.3,62.5,62.5,70.1
סורוקה,57,2022-04-29T00:00:00.000Z,57,59.3,62.5,62.5,70.1
סורוקה,57,2022-04-29T00:00:00.000Z,57,59.3,62.5,62.5,70.1
מאיר,76.5,2022-04-29T00:00:00.000Z,76.5,67,83.9,83.9,77
שמואל הרופא,77.8,2022-04-29T00:00:00.000Z,77.8,80.6,74.5,74.5,82.7
שמואל הרופא,77.8,2022-04-29T00:00:00.000Z,77.8,80.6,74.5,74.5,82.7
שמואל הרופא,77.8,2022-04-29T00:00:00.000Z,77.8,80.6,74.5,74.5,82.7
שמואל הרופא,77.8,2022-04-29T00:00:00.000Z,77.8,80.6,74.5,74.5,82.7
שמואל הרופא,77.8,2022-04-29T00:00:00.000Z,77.8,80.6,74.5,74.5,82.7
שמואל הרופא,77.8,2022-04-29T00:00:00.000Z,77.8,80.6,74.5,74.5,82.7
שמואל הרופא,77.8,2022-04-29T00:00:00.000Z,77.8,80.6,74.5,74.5,82.7
שמואל הרופא,77.8,2022-04-29T00:00:00.000Z,77.8,80.6,74.5,74.5,82.7
שמואל הרופא,77.8,2022-04-29T00:00:00.000Z,77.8,80.6,74.5,74.5,82.7
שמואל הרופא,77.8,2022-04-29T00:00:00.000Z,77.8,80.6,74.5,74.5,82.7
שמואל הרופא,77.8,2022-04-29T00:00:00.000Z,77.8,80.6,74.5,74.5,82.7
שמואל הרופא,77.8,2022-04-29T00:00:00.000Z,77.8,80.6,74.5,74.5,82.7
שמואל הרופא,77.8,2022-04-29T00:00:00.000Z,77.8,80.6,74.5,74.5,82.7
שמואל הרופא,77.8,2022-04-29T00:00:00.000Z,77.8,80.6,74.5,74.5,82.7
שמואל הרופא,77.8,2022-04-29T00:00:00.000Z,77.8,80.6,74.5,74.5,82.7
שמואל הרופא,77.8,2022-04-29T00:00:00.000Z,77.8,80.6,74.5,74.5,82.7
שמואל הרופא,77.8,2022-04-29T00:00:00.000Z,77.8,80.6,74.5,74.5,82.7
שמואל הרופא,77.8,2022-04-29T00:00:00.000Z,77.8,80.6,74.5,74.5,82.7
שמואל הרופא,77.8,2022-04-29T00:00:00.000Z,77.8,80.6,74.5,74.5,82.7
שמואל הרופא,77.8,2022-04-29T00:00:00.000Z,77.8,80.6,74.5,74.5,82.7
שמואל הרופא,77.8,2022-04-29T00:00:00.000Z,77.8,80.6,74.5,74.5,82.7
שמואל הרופא,77.8,2022-04-29T00:00:00.000Z,77.8,80.6,74.5,74.5,82.7
שמואל הרופא,77.8,2022-04-29T00:00:00.000Z,77.8,80.6,74.5,74.5,82.7
שמואל הרופא,77.8,2022-04-29T00:00:00.000Z,77.8,80.6,74.5,74.5,82.7
שמואל הרופא,77.8,2022-04-29T00:00:00.000Z,77.8,80.6,74.5,74.5,82.7
יוספטל,75,2022-04-29T00:00:00.000Z,75,56.3,40,40,44.6
יוספטל,75,2022-04-29T00:00:00.000Z,75,56.3,40,40,44.6
יוספטל,75,2022-04-29T00:00:00.000Z,75,56.3,40,40,44.6
יוספטל,75,2022-04-29T00:00:00.000Z,75,56.3,40,40,44.6
יוספטל,75,2022-04-29T00:00:00.000Z,75,56.3,40,40,44.6
יוספטל,75,2022-04-29T00:00:00.000Z,75,56.3,40,40,44.6
יוספטל,75,2022-04-29T00:00:00.000Z,75,56.3,40,40,44.6
יוספטל,75,2022-04-29T00:00:00.000Z,75,56.3,40,40,44.6
יוספטל,75,2022-04-29T00:00:00.000Z,75,56.3,40,40,44.6
יוספטל,75,2022-04-29T00:00:00.000Z,75,56.3,40,40,44.6
יוספטל,75,2022-04-29T00:00:00.000Z,75,56.3,40,40,44.6
הלל יפה,102.1,2022-04-29T00:00:00.000Z,102.1,80.1,76.3,76.3,81.6
הלל יפה,102.1,2022-04-29T00:00:00.000Z,102.1,80.1,76.3,76.3,81.6
הלל יפה,102.1,2022-04-29T00:00:00.000Z,102.1,80.1,76.3,76.3,81.6
הלל יפה,102.1,2022-04-29T00:00:00.000Z,102.1,80.1,76.3,76.3,81.6
הלל יפה,102.1,2022-04-29T00:00:00.000Z,102.1,80.1,76.3,76.3,81.6
הלל יפה,102.1,2022-04-29T00:00:00.000Z,102.1,80.1,76.3,76.3,81.6
הלל יפה,102.1,2022-04-29T00:00:00.000Z,102.1,80.1,76.3,76.3,81.6
הלל יפה,102.1,2022-04-29T00:00:00.000Z,102.1,80.1,76.3,76.3,81.6
הלל יפה,102.1,2022-04-29T00:00:00.000Z,102.1,80.1,76.3,76.3,81.6
הלל יפה,102.1,2022-04-29T00:00:00.000Z,102.1,80.1,76.3,76.3,81.6
הלל יפה,102.1,2022-04-29T00:00:00.000Z,102.1,80.1,76.3,76.3,81.6
הלל יפה,102.1,2022-04-29T00:00:00.000Z,102.1,80.1,76.3,76.3,81.6
הלל יפה,102.1,2022-04-29T00:00:00.000Z,102.1,80.1,76.3,76.3,81.6
הלל יפה,102.1,2022-04-29T00:00:00.000Z,102.1,80.1,76.3,76.3,81.6
הלל יפה,102.1,2022-04-29T00:00:00.000Z,102.1,80.1,76.3,76.3,81.6
הלל יפה,102.1,2022-04-29T00:00:00.000Z,102.1,80.1,76.3,76.3,81.6
הלל יפה,102.1,2022-04-29T00:00:00.000Z,102.1,80.1,76.3,76.3,81.6
הלל יפה,102.1,2022-04-29T00:00:00.000Z,102.1,80.1,76.3,76.3,81.6
הלל יפה,102.1,2022-04-29T00:00:00.000Z,102.1,80.1,76.3,76.3,81.6
הלל יפה,102.1,2022-04-29T00:00:00.000Z,102.1,80.1,76.3,76.3,81.6
הלל יפה,102.1,2022-04-29T00:00:00.000Z,102.1,80.1,76.3,76.3,81.6
נהריה,101.6,2022-04-29T00:00:00.000Z,101.6,85.3,78.6,78.6,82.6
נהריה,101.6,2022-04-29T00:00:00.000Z,101.6,85.3,78.6,78.6,82.6
נהריה,101.6,2022-04-29T00:00:00.000Z,101.6,85.3,78.6,78.6,82.6
נהריה,101.6,2022-04-29T00:00:00.000Z,101.6,85.3,78.6,78.6,82.6
נהריה,101.6,2022-04-29T00:00:00.000Z,101.6,85.3,78.6,78.6,82.6
נהריה,101.6,2022-04-29T00:00:00.000Z,101.6,85.3,78.6,78.6,82.6
נהריה,101.6,2022-04-29T00:00:00.000Z,101.6,85.3,78.6,78.6,82.6
נהריה,101.6,2022-04-29T00:00:00.000Z,101.6,85.3,78.6,78.6,82.6
נהריה,101.6,2022-04-29T00:00:00.000Z,101.6,85.3,78.6,78.6,82.6
נהריה,101.6,2022-04-29T00:00:00.000Z,101.6,85.3,78.6,78.6,82.6
נהריה,101.6,2022-04-29T00:00:00.000Z,101.6,85.3,78.6,78.6,82.6
נהריה,101.6,2022-04-29T00:00:00.000Z,101.6,85.3,78.6,78.6,82.6
נהריה,101.6,2022-04-29T00:00:00.000Z,101.6,85.3,78.6,78.6,82.6
נהריה,101.6,2022-04-29T00:00:00.000Z,101.6,85.3,78.6,78.6,82.6
נהריה,101.6,2022-04-29T00:00:00.000Z,101.6,85.3,78.6,78.6,82.6
נהריה,101.6,2022-04-29T00:00:00.000Z,101.6,85.3,78.6,78.6,82.6
נהריה,101.6,2022-04-29T00:00:00.000Z,101.6,85.3,78.6,78.6,82.6
נהריה,101.6,2022-04-29T00:00:00.000Z,101.6,85.3,78.6,78.6,82.6
יוספטל,75,2022-04-29T00:00:00.000Z,75,56.3,40,40,44.6
יוספטל,75,2022-04-29T00:00:00.000Z,75,56.3,40,40,44.6
יוספטל,75,2022-04-29T00:00:00.000Z,75,56.3,40,40,44.6
יוספטל,75,2022-04-29T00:00:00.000Z,75,56.3,40,40,44.6
יוספטל,75,2022-04-29T00:00:00.000Z,75,56.3,40,40,44.6
יוספטל,75,2022-04-29T00:00:00.000Z,75,56.3,40,40,44.6
יוספטל,75,2022-04-29T00:00:00.000Z,75,56.3,40,40,44.6
יוספטל,75,2022-04-29T00:00:00.000Z,75,56.3,40,40,44.6
יוספטל,75,2022-04-29T00:00:00.000Z,75,56.3,40,40,44.6
יוספטל,75,2022-04-29T00:00:00.000Z,75,56.3,40,40,44.6
יוספטל,75,2022-04-29T00:00:00.000Z,75,56.3,40,40,44.6
יוספטל,75,2022-04-29T00:00:00.000Z,75,56.3,40,40,44.6
יוספטל,75,2022-04-29T00:00:00.000Z,75,56.3,40,40,44.6
הלל יפה,102.1,2022-04-29T00:00:00.000Z,102.1,80.1,76.3,76.3,81.6
הלל יפה,102.1,2022-04-29T00:00:00.000Z,102.1,80.1,76.3,76.3,81.6
הלל יפה,102.1,2022-04-29T00:00:00.000Z,102.1,80.1,76.3,76.3,81.6
הלל יפה,102.1,2022-04-29T00:00:00.000Z,102.1,80.1,76.3,76.3,81.6
הלל יפה,102.1,2022-04-29T00:00:00.000Z,102.1,80.1,76.3,76.3,81.6
הלל יפה,102.1,2022-04-29T00:00:00.000Z,102.1,80.1,76.3,76.3,81.6
הלל יפה,102.1,2022-04-29T00:00:00.000Z,102.1,80.1,76.3,76.3,81.6
הלל יפה,102.1,2022-04-29T00:00:00.000Z,102.1,80.1,76.3,76.3,81.6
הלל יפה,102.1,2022-04-29T00:00:00.000Z,102.1,80.1,76.3,76.3,81.6
הלל יפה,102.1,2022-04-29T00:00:00.000Z,102.1,80.1,76.3,76.3,81.6
הלל יפה,102.1,2022-04-29T00:00:00.000Z,102.1,80.1,76.3,76.3,81.6
הלל יפה,102.1,2022-04-29T00:00:00.000Z,102.1,80.1,76.3,76.3,81.6
הלל יפה,102.1,2022-04-29T00:00:00.000Z,102.1,80.1,76.3,76.3,81.6
הלל יפה,102.1,2022-04-29T00:00:00.000Z,102.1,80.1,76.3,76.3,81.6
הלל יפה,102.1,2022-04-29T00:00:00.000Z,102.1,80.1,76.3,76.3,81.6
הלל יפה,102.1,2022-04-29T00:00:00.000Z,102.1,80.1,76.3,76.3,81.6
הלל יפה,102.1,2022-04-29T00:00:00.000Z,102.1,80.1,76.3,76.3,81.6
הלל יפה,102.1,2022-04-29T00:00:00.000Z,102.1,80.1,76.3,76.3,81.6
הלל יפה,102.1,2022-04-29T00:00:00.000Z,102.1,80.1,76.3,76.3,81.6
הלל יפה,102.1,2022-04-29T00:00:00.000Z,102.1,80.1,76.3,76.3,81.6
זיו צפת,84.4,2022-04-29T00:00:00.000Z,84.4,96.9,56.5,56.5,76.1
זיו צפת,84.4,2022-04-29T00:00:00.000Z,84.4,96.9,56.5,56.5,76.1
זיו צפת,84.4,2022-04-29T00:00:00.000Z,84.4,96.9,56.5,56.5,76.1
זיו צפת,84.4,2022-04-29T00:00:00.000Z,84.4,96.9,56.5,56.5,76.1
זיו צפת,84.4,2022-04-29T00:00:00.000Z,84.4,96.9,56.5,56.5,76.1
זיו צפת,84.4,2022-04-29T00:00:00.000Z,84.4,96.9,56.5,56.5,76.1
זיו צפת,84.4,2022-04-29T00:00:00.000Z,84.4,96.9,56.5,56.5,76.1
זיו צפת,84.4,2022-04-29T00:00:00.000Z,84.4,96.9,56.5,56.5,76.1
זיו צפת,84.4,2022-04-29T00:00:00.000Z,84.4,96.9,56.5,56.5,76.1
קפלן,76.7,2022-04-29T00:00:00.000Z,74.7,97.3,67.5,72.4,78
קפלן,76.7,2022-04-29T00:00:00.000Z,75,95.9,67.5,71.7,77
קפלן,76.7,2022-04-29T00:00:00.000Z,75.2,94.5,67.5,71,76
קפלן,76.7,2022-04-29T00:00:00.000Z,75.5,93,67.5,70.3,75
קפלן,76.7,2022-04-29T00:00:00.000Z,75.8,91.6,67.5,69.6,74
קפלן,76.7,2022-04-29T00:00:00.000Z,76.1,90.2,67.5,68.9,72.9
קפלן,76.7,2022-04-29T00:00:00.000Z,76.4,88.8,67.5,68.2,71.9
קפלן,76.7,2022-04-29T00:00:00.000Z,76.7,87.3,67.5,67.5,70.9
קפלן,76.7,2022-04-29T00:00:00.000Z,76.7,87.3,67.5,67.5,70.9
קפלן,76.7,2022-04-29T00:00:00.000Z,76.7,87.3,67.5,67.5,70.9
קפלן,76.7,2022-04-29T00:00:00.000Z,76.7,87.3,67.5,67.5,70.9
קפלן,76.7,2022-04-29T00:00:00.000Z,76.7,87.3,67.5,67.5,70.9
קפלן,76.7,2022-04-29T00:00:00.000Z,76.7,87.3,67.5,67.5,70.9
קפלן,76.7,2022-04-29T00:00:00.000Z,76.7,87.3,67.5,67.5,70.9
קפלן,76.7,2022-04-29T00:00:00.000Z,76.7,87.3,67.5,67.5,70.9
קפלן,76.7,2022-04-29T00:00:00.000Z,76.7,87.3,67.5,67.5,70.9
קפלן,76.7,2022-04-29T00:00:00.000Z,76.7,87.3,67.5,67.5,70.9
קפלן,76.7,2022-04-29T00:00:00.000Z,76.7,87.3,67.5,67.5,70.9
קפלן,76.7,2022-04-29T00:00:00.000Z,76.7,87.3,67.5,67.5,70.9
קפלן,76.7,2022-04-29T00:00:00.000Z,76.7,87.3,67.5,67.5,70.9
קפלן,76.7,2022-04-29T00:00:00.000Z,76.7,87.3,67.5,67.5,70.9
קפלן,76.7,2022-04-29T00:00:00.000Z,76.7,87.3,67.5,67.5,70.9
קפלן,76.7,2022-04-29T00:00:00.000Z,76.7,87.3,67.5,67.5,70.9
קפלן,76.7,2022-04-29T00:00:00.000Z,76.7,87.3,67.5,67.5,70.9
קפלן,76.7,2022-04-29T00:00:00.000Z,76.7,87.3,67.5,67.5,70.9
קפלן,76.7,2022-04-29T00:00:00.000Z,76.7,87.3,67.5,67.5,70.9
קפלן,76.7,2022-04-29T00:00:00.000Z,76.7,87.3,67.5,67.5,70.9
קפלן,76.7,2022-04-29T00:00:00.000Z,76.7,87.3,67.5,67.5,70.9
קפלן,76.7,2022-04-29T00:00:00.000Z,76.7,87.3,67.5,67.5,70.9
קפלן,76.7,2022-04-29T00:00:00.000Z,76.7,87.3,67.5,67.5,70.9
קפלן,76.7,2022-04-29T00:00:00.000Z,76.7,87.3,67.5,67.5,70.9
קפלן,76.7,2022-04-29T00:00:00.000Z,76.7,87.3,67.5,67.5,70.9
קפלן,76.7,2022-04-29T00:00:00.000Z,76.7,87.3,67.5,67.5,70.9
קפלן,76.7,2022-04-29T00:00:00.000Z,76.7,87.3,67.5,67.5,70.9
קפלן,76.7,2022-04-29T00:00:00.000Z,76.7,87.3,67.5,67.5,70.9
קפלן,76.7,2022-04-29T00:00:00.000Z,76.7,87.3,67.5,67.5,70.9
קפלן,76.7,2022-04-29T00:00:00.000Z,76.7,87.3,67.5,67.5,70.9
קפלן,76.7,2022-04-29T00:00:00.000Z,76.7,87.3,67.5,67.5,70.9
קפלן,76.7,2022-04-29T00:00:00.000Z,76.7,87.3,67.5,67.5,70.9
קפלן,76.7,2022-04-29T00:00:00.000Z,76.7,87.3,67.5,67.5,70.9
קפלן,76.7,2022-04-29T00:00:00.000Z,76.7,87.3,67.5,67.5,70.9
קפלן,76.7,2022-04-29T00:00:00.000Z,76.7,87.3,67.5,67.5,70.9
קפלן,76.7,2022-04-29T00:00:00.000Z,76.7,87.3,67.5,67.5,70.9
קפלן,76.7,2022-04-29T00:00:00.000Z,76.7,87.3,67.5,67.5,70.9
קפלן,76.7,2022-04-29T00:00:00.000Z,76.7,87.3,67.5,67.5,70.9
קפלן,76.7,2022-04-29T00:00:00.000Z,76.7,87.3,67.5,67.5,70.9
קפלן,76.7,2022-04-29T00:00:00.000Z,76.7,87.3,67.5,67.5,70.9
קפלן,76.7,2022-04-29T00:00:00.000Z,76.7,87.3,67.5,67.5,70.9
קפלן,76.7,2022-04-29T00:00:00.000Z,76.7,87.3,67.5,67.5,70.9
קפלן,76.7,2022-04-29T00:00:00.000Z,76.7,87.3,67.5,67.5,70.9
קפלן,76.7,2022-04-29T00:00:00.000Z,76.7,87.3,67.5,67.5,70.9
קפלן,76.7,2022-04-29T00:00:00.000Z,76.7,87.3,67.5,67.5,70.9
קפלן,76.7,2022-04-29T00:00:00.000Z,76.7,87.3,67.5,67.5,70.9
קפלן,76.7,2022-04-29T00:00:00.000Z,76.7,87.3,67.5,67.5,70.9
קפלן,76.7,2022-04-29T00:00:00.000Z,76.7,87.3,67.5,67.5,70.9
קפלן,76.7,2022-04-29T00:00:00.000Z,76.7,87.3,67.5,67.5,70.9
קפלן,76.7,2022-04-29T00:00:00.000Z,76.7,87.3,67.5,67.5,70.9
קפלן,76.7,2022-04-29T00:00:00.000Z,76.7,87.3,67.5,67.5,70.9
קפלן,76.7,2022-04-29T00:00:00.000Z,76.7,87.3,67.5,67.5,70.9
קפלן,76.7,2022-04-29T00:00:00.000Z,76.7,87.3,67.5,67.5,70.9
קפלן,76.7,2022-04-29T00:00:00.000Z,76.7,87.3,67.5,67.5,70.9
קפלן,76.7,2022-04-29T00:00:00.000Z,76.7,87.3,67.5,67.5,70.9
קפלן,76.7,2022-04-29T00:00:00.000Z,76.7,87.3,67.5,67.5,70.9
קפלן,76.7,2022-04-29T00:00:00.000Z,76.7,87.3,67.5,67.5,70.9
קפלן,76.7,2022-04-29T00:00:00.000Z,76.7,87.3,67.5,67.5,70.9
קפלן,76.7,2022-04-29T00:00:00.000Z,76.7,87.3,67.5,67.5,70.9
קפלן,76.7,2022-04-29T00:00:00.000Z,76.7,87.3,67.5,67.5,70.9
קפלן,76.7,2022-04-29T00:00:00.000Z,76.7,87.3,67.5,67.5,70.9
קפלן,76.7,2022-04-29T00:00:00.000Z,76.7,87.3,67.5,67.5,70.9
קפלן,76.7,2022-04-29T00:00:00.000Z,76.7,87.3,67.5,67.5,70.9
קפלן,76.7,2022-04-29T00:00:00.000Z,76.7,87.3,67.5,67.5,70.9
קפלן,76.7,2022-04-29T00:00:00.000Z,76.7,87.3,67.5,67.5,70.9
קפלן,76.7,2022-04-29T00:00:00.000Z,76.7,87.3,67.5,67.5,70.9
קפלן,76.7,2022-04-29T00:00:00.000Z,76.7,87.3,67.5,67.5,70.9
קפלן,76.7,2022-04-29T00:00:00.000Z,76.7,87.3,67.5,67.5,70.9
קפלן,76.7,2022-04-29T00:00:00.000Z,76.7,87.3,67.5,67.5,70.9
קפלן,76.7,2022-04-29T00:00:00.000Z,76.7,87.3,67.5,67.5,70.9
קפלן,76.7,2022-04-29T00:00:00.000Z,76.7,87.3,67.5,67.5,70.9
קפלן,76.7,2022-04-29T00:00:00.000Z,76.7,87.3,67.5,67.5,70.9
קפלן,76.7,2022-04-29T00:00:00.000Z,76.7,87.3,67.5,67.5,70.9
קפלן,76.7,2022-04-29T00:00:00.000Z,76.7,87.3,67.5,67.5,70.9
קפלן,76.7,2022-04-29T00:00:00.000Z,76.7,87.3,67.5,67.5,70.9
קפלן,76.7,2022-04-29T00:00:00.000Z,76.7,87.3,67.5,67.5,70.9
קפלן,76.7,2022-04-29T00:00:00.000Z,76.7,87.3,67.5,67.5,70.9
קפלן,76.7,2022-04-29T00:00:00.000Z,76.7,87.3,67.5,67.5,70.9
קפלן,76.7,2022-04-29T00:00:00.000Z,76.7,87.3,67.5,67.5,70.9
קפלן,76.7,2022-04-29T00:00:00.000Z,76.7,87.3,67.5,67.5,70.9
קפלן,76.7,2022-04-29T00:00:00.000Z,76.7,87.3,67.5,67.5,70.9
קפלן,76.7,2022-04-29T00:00:00.000Z,76.7,87.3,67.5,67.5,70.9
קפלן,76.7,2022-04-29T00:00:00.000Z,76.7,87.3,67.5,67.5,70.9
קפלן,76.7,2022-04-29T00:00:00.000Z,76.7,87.3,67.5,67.5,70.9
קפלן,76.7,2022-04-29T00:00:00.000Z,76.7,87.3,67.5,67.5,70.9
קפלן,76.7,2022-04-29T00:00:00.000Z,76.7,87.3,67.5,67.5,70.9
קפלן,76.7,2022-04-29T00:00:00.000Z,76.7,87.3,67.5,67.5,70.9
קפלן,76.7,2022-04-29T00:00:00.000Z,76.7,87.3,67.5,67.5,70.9
קפלן,76.7,2022-04-29T00:00:00.000Z,76.7,87.3,67.5,67.5,70.9
קפלן,76.7,2022-04-29T00:00:00.000Z,76.7,87.3,67.5,67.5,70.9
קפלן,76.7,2022-04-29T00:00:00.000Z,76.7,87.3,67.5,67.5,70.9
קפלן,76.7,2022-04-29T00:00:00.000Z,76.7,87.3,67.5,67.5,70.9
קפלן,76.7,2022-04-29T00:00:00.000Z,76.7,87.3,67.5,67.5,70.9
קפלן,76.7,2022-04-29T00:00:00.000Z,76.7,87.3,67.5,67.5,70.9
קפלן,76.7,2022-04-29T00:00:00.000Z,76.7,87.3,67.5,67.5,70.9
קפלן,76.7,2022-04-29T00:00:00.000Z,76.7,87.3,67.5,67.5,70.9
קפלן,76.7,2022-04-29T00:00:00.000Z,76.7,87.3,67.5,67.5,70.9
קפלן,76.7,2022-04-29T00:00:00.000Z,76.7,87.3,67.5,67.5,70.9
קפלן,76.7,2022-04-29T00:00:00.000Z,76.7,87.3,67.5,67.5,70.9
קפלן,76.7,2022-04-29T00:00:00.000Z,76.7,87.3,67.5,67.5,70.9
קפלן,76.7,2022-04-29T00:00:00.000Z,76.7,87.3,67.5,67.5,70.9
קפלן,76.7,2022-04-29T00:00:00.000Z,76.7,87.3,67.5,67.5,70.9
קפלן,76.7,2022-04-29T00:00:00.000Z,76.7,87.3,67.5,67.5,70.9
קפלן,76.7,2022-04-29T00:00:00.000Z,76.7,87.3,67.5,67.5,70.9
קפלן,76.7,2022-04-29T00:00:00.000Z,76.7,87.3,67.5,67.5,70.9
קפלן,76.7,2022-04-29T00:00:00.000Z,76.7,87.3,67.5,67.5,70.9
קפלן,76.7,2022-04-29T00:00:00.000Z,76.7,87.3,67.5,67.5,70.9
קפלן,76.7,2022-04-29T00:00:00.000Z,76.7,87.3,67.5,67.5,70.9
קפלן,76.7,2022-04-29T00:00:00.000Z,76.7,87.3,67.5,67.5,70.9
קפלן,76.7,2022-04-29T00:00:00.000Z,76.7,87.3,67.5,67.5,70.9
קפלן,76.7,2022-04-29T00:00:00.000Z,76.7,87.3,67.5,67.5,70.9
קפלן,76.7,2022-04-29T00:00:00.000Z,76.7,87.3,67.5,67.5,70.9
קפלן,76.7,2022-04-29T00:00:00.000Z,76.7,87.3,67.5,67.5,70.9
קפלן,76.7,2022-04-29T00:00:00.000Z,76.7,87.3,67.5,67.5,70.9
קפלן,76.7,2022-04-29T00:00:00.000Z,76.7,87.3,67.5,67.5,70.9
קפלן,76.7,2022-04-29T00:00:00.000Z,76.7,87.3,67.5,67.5,70.9
קפלן,76.7,2022-04-29T00:00:00.000Z,76.7,87.3,67.5,67.5,70.9
קפלן,76.7,2022-04-29T00:00:00.000Z,76.7,87.3,67.5,67.5,70.9
קפלן,76.7,2022-04-29T00:00:00.000Z,76.7,87.3,67.5,67.5,70.9
קפלן,76.7,2022-04-29T00:00:00.000Z,76.7,87.3,67.5,67.5,70.9
קפלן,76.7,2022-04-29T00:00:00.000Z,76.7,87.3,67.5,67.5,70.9
קפלן,76.7,2022-04-29T00:00:00.000Z,76.7,87.3,67.5,67.5,70.9
קפלן,76.7,2022-04-29T00:00:00.000Z,76.7,87.3,67.5,67.5,70.9
קפלן,76.7,2022-04-29T00:00:00.000Z,76.7,87.3,67.5,67.5,70.9
קפלן,76.7,2022-04-29T00:00:00.000Z,76.7,87.3,67.5,67.5,70.9
קפלן,76.7,2022-04-29T00:00:00.000Z,76.7,87.3,67.5,67.5,70.9
קפלן,76.7,2022-04-29T00:00:00.000Z,76.7,87.3,67.5,67.5,70.9
קפלן,76.7,2022-04-29T00:00:00.000Z,76.7,87.3,67.5,67.5,70.9
קפלן,76.7,2022-04-29T00:00:00.000Z,76.7,87.3,67.5,67.5,70.9
קפלן,76.7,2022-04-29T00:00:00.000Z,76.7,87.3,67.5,67.5,70.9
קפלן,76.7,2022-04-29T00:00:00.000Z,76.7,87.3,67.5,67.5,70.9
קפלן,76.7,2022-04-29T00:00:00.000Z,76.7,87.3,67.5,67.5,70.9
קפלן,76.7,2022-04-29T00:00:00.000Z,76.7,87.3,67.5,67.5,70.9
קפלן,76.7,2022-04-29T00:00:00.000Z,76.7,87.3,67.5,67.5,70.9
קפלן,76.7,2022-04-29T00:00:00.000Z,76.7,87.3,67.5,67.5,70.9
קפלן,76.7,2022-04-29T00:00:00.000Z,76.7,87.3,67.5,67.5,70.9
קפלן,76.7,2022-04-29T00:00:00.000Z,76.7,87.3,67.5,67.5,70.9
קפלן,76.7,2022-04-29T00:00:00.000Z,76.7,87.3,67.5,67.5,70.9
קפלן,76.7,2022-04-29T00:00:00.000Z,76.7,87.3,67.5,67.5,70.9
קפלן,76.7,2022-04-29T00:00:00.000Z,76.7,87.3,67.5,67.5,70.9
קפלן,76.7,2022-04-29T00:00:00.000Z,76.7,87.3,67.5,67.5,70.9
קפלן,76.7,2022-04-29T00:00:00.000Z,76.7,87.3,67.5,67.5,70.9
קפלן,76.7,2022-04-29T00:00:00.000Z,76.7,87.3,67.5,67.5,70.9
קפלן,76.7,2022-04-29T00:00:00.000Z,76.7,87.3,67.5,67.5,70.9
קפלן,76.7,2022-04-29T00:00:00.000Z,76.7,87.3,67.5,67.5,70.9
קפלן,76.7,2022-04-29T00:00:00.000Z,76.7,87.3,67.5,67.5,70.9
קפלן,76.7,2022-04-29T00:00:00.000Z,76.7,87.3,67.5,67.5,70.9
קפלן,76.7,2022-04-29T00:00:00.000Z,76.7,87.3,67.5,67.5,70.9
קפלן,76.7,2022-04-29T00:00:00.000Z,76.7,87.3,67.5,67.5,70.9
קפלן,76.7,2022-04-29T00:00:00.000Z,76.7,87.3,67.5,67.5,70.9
קפלן,76.7,2022-04-29T00:00:00.000Z,76.7,87.3,67.5,67.5,70.9
קפלן,76.7,2022-04-29T00:00:00.000Z,76.7,87.3,67.5,67.5,70.9
קפלן,76.7,2022-04-29T00:00:00.000Z,76.7,87.3,67.5,67.5,70.9
קפלן,76.7,2022-04-29T00:00:00.000Z,76.7,87.3,67.5,67.5,70.9
קפלן,76.7,2022-04-29T00:00:00.000Z,76.7,87.3,67.5,67.5,70.9
קפלן,76.7,2022-04-29T00:00:00.000Z,76.7,87.3,67.5,67.5,70.9
קפלן,76.7,2022-04-29T00:00:00.000Z,76.7,87.3,67.5,67.5,70.9
קפלן,76.7,2022-04-29T00:00:00.000Z,76.7,87.3,67.5,67.5,70.9
קפלן,76.7,2022-04-29T00:00:00.000Z,76.7,87.3,67.5,67.5,70.9
קפלן,76.7,2022-04-29T00:00:00.000Z,76.7,87.3,67.5,67.5,70.9
קפלן,76.7,2022-04-29T00:00:00.000Z,76.7,87.3,67.5,67.5,70.9
קפלן,76.7,2022-04-29T00:00:00.000Z,76.7,87.3,67.5,67.5,70.9
קפלן,76.7,2022-04-29T00:00:00.000Z,76.7,87.3,67.5,67.5,70.9
קפלן,76.7,2022-04-29T00:00:00.000Z,76.7,87.3,67.5,67.5,70.9
קפלן,76.7,2022-04-29T00:00:00.000Z,76.7,87.3,67.5,67.5,70.9
קפלן,76.7,2022-04-29T00:00:00.000Z,76.7,87.3,67.5,67.5,70.9
קפלן,76.7,2022-04-29T00:00:00.000Z,76.7,87.3,67.5,67.5,70.9
קפלן,76.7,2022-04-29T00:00:00.000Z,76.7,87.3,67.5,67.5,70.9
קפלן,76.7,2022-04-29T00:00:00.000Z,76.7,87.3,67.5,67.5,70.9
קפלן,76.7,2022-04-29T00:00:00.000Z,76.7,87.3,67.5,67.5,70.9
קפלן,76.7,2022-04-29T00:00:00.000Z,76.7,87.3,67.5,67.5,70.9
קפלן,76.7,2022-04-29T00:00:00.000Z,76.7,87.3,67.5,67.5,70.9
קפלן,76.7,2022-04-29T00:00:00.000Z,76.7,87.3,67.5,67.5,70.9
קפלן,76.7,2022-04-29T00:00:00.000Z,76.7,87.3,67.5,67.5,70.9
קפלן,76.7,2022-04-29T00:00:00.000Z,76.7,87.3,67.5,67.5,70.9
קפלן,76.7,2022-04-29T00:00:00.000Z,76.7,87.3,67.5,67.5,70.9
קפלן,76.7,2022-04-29T00:00:00.000Z,76.7,87.3,67.5,67.5,70.9
קפלן,76.7,2022-04-29T00:00:00.000Z,76.7,87.3,67.5,67.5,70.9
קפלן,76.7,2022-04-29T00:00:00.000Z,76.7,87.3,67.5,67.5,70.9
קפלן,76.7,2022-04-29T00:00:00.000Z,76.7,87.3,67.5,67.5,70.9
קפלן,76.7,2022-04-29T00:00:00.000Z,76.7,87.3,67.5,67.5,70.9
קפלן,76.7,2022-04-29T00:00:00.000Z,76.7,87.3,67.5,67.5,70.9
קפלן,76.7,2022-04-29T00:00:00.000Z,76.7,87.3,67.5,67.5,70.9
קפלן,76.7,2022-04-29T00:00:00.000Z,76.7,87.3,67.5,67.5,70.9
קפלן,76.7,2022-04-29T00:00:00.000Z,76.7,87.3,67.5,67.5,70.9
קפלן,76.7,2022-04-29T00:00:00.000Z,76.7,87.3,67.5,67.5,70.9
קפלן,76.7,2022-04-29T00:00:00.000Z,76.7,87.3,67.5,67.5,70.9
קפלן,76.7,2022-04-29T00:00:00.000Z,76.7,87.3,67.5,67.5,70.9
קפלן,76.7,2022-04-29T00:00:00.000Z,76.7,87.3,67.5,67.5,70.9
קפלן,76.7,2022-04-29T00:00:00.000Z,76.7,87.3,67.5,67.5,70.9
קפלן,76.7,2022-04-29T00:00:00.000Z,76.7,87.3,67.5,67.5,70.9
קפלן,76.7,2022-04-29T00:00:00.000Z,76.7,87.3,67.5,67.5,70.9
קפלן,76.7,2022-04-29T00:00:00.000Z,76.7,87.3,67.5,67.5,70.9
קפלן,76.7,2022-04-29T00:00:00.000Z,76.7,87.3,67.5,67.5,70.9
קפלן,76.7,2022-04-29T00:00:00.000Z,76.7,87.3,67.5,67.5,70.9
קפלן,76.7,2022-04-29T00:00:00.000Z,76.7,87.3,67.5,67.5,70.9
קפלן,76.7,2022-04-29T00:00:00.000Z,76.7,87.3,67.5,67.5,70.9
קפלן,76.7,2022-04-29T00:00:00.000Z,76.7,87.3,67.5,67.5,70.9
קפלן,76.7,2022-04-29T00:00:00.000Z,76.7,87.3,67.5,67.5,70.9
קפלן,76.7,2022-04-29T00:00:00.000Z,76.7,87.3,67.5,67.5,70.9
קפלן,76.7,2022-04-29T00:00:00.000Z,76.7,87.3,67.5,67.5,70.9
קפלן,76.7,2022-04-29T00:00:00.000Z,76.7,87.3,67.5,67.5,70.9
קפלן,76.7,2022-04-29T00:00:00.000Z,76.7,87.3,67.5,67.5,70.9
קפלן,76.7,2022-04-29T00:00:00.000Z,76.7,87.3,67.5,67.5,70.9
קפלן,76.7,2022-04-29T00:00:00.000Z,76.7,87.3,67.5,67.5,70.9
קפלן,76.7,2022-04-29T00:00:00.000Z,76.7,87.3,67.5,67.5,70.9
קפלן,76.7,2022-04-29T00:00:00.000Z,76.7,87.3,67.5,67.5,70.9
קפלן,76.7,2022-04-29T00:00:00.000Z,76.7,87.3,67.5,67.5,70.9
קפלן,76.7,2022-04-29T00:00:00.000Z,76.7,87.3,67.5,67.5,70.9
קפלן,76.7,2022-04-29T00:00:00.000Z,76.7,87.3,67.5,67.5,70.9
קפלן,76.7,2022-04-29T00:00:00.000Z,76.7,87.3,67.5,67.5,70.9
קפלן,76.7,2022-04-29T00:00:00.000Z,76.7,87.3,67.5,67.5,70.9
קפלן,76.7,2022-04-29T00:00:00.000Z,76.7,87.3,67.5,67.5,70.9
קפלן,76.7,2022-04-29T00:00:00.000Z,76.7,87.3,67.5,67.5,70.9
קפלן,76.7,2022-04-29T00:00:00.000Z,76.7,87.3,67.5,67.5,70.9
קפלן,76.7,2022-04-29T00:00:00.000Z,76.7,87.3,67.5,67.5,70.9
קפלן,76.7,2022-04-29T00:00:00.000Z,76.7,87.3,67.5,67.5,70.9
קפלן,76.7,2022-04-29T00:00:00.000Z,76.7,87.3,67.5,67.5,70.9
קפלן,76.7,2022-04-29T00:00:00.000Z,76.7,87.3,67.5,67.5,70.9
קפלן,76.7,2022-04-29T00:00:00.000Z,76.7,87.3,67.5,67.5,70.9
קפלן,76.7,2022-04-29T00:00:00.000Z,76.7,87.3,67.5,67.5,70.9
קפלן,76.7,2022-04-29T00:00:00.000Z,76.7,87.3,67.5,67.5,70.9
קפלן,76.7,2022-04-29T00:00:00.000Z,76.7,87.3,67.5,67.5,70.9
קפלן,76.7,2022-04-29T00:00:00.000Z,76.7,87.3,67.5,67.5,70.9
קפלן,76.7,2022-04-29T00:00:00.000Z,76.7,87.3,67.5,67.5,70.9
קפלן,76.7,2022-04-29T00:00:00.000Z,76.7,87.3,67.5,67.5,70.9
קפלן,76.7,2022-04-29T00:00:00.000Z,76.7,87.3,67.5,67.5,70.9
קפלן,76.7,2022-04-29T00:00:00.000Z,76.7,87.3,67.5,67.5,70.9
קפלן,76.7,2022-04-29T00:00:00.000Z,76.7,87.3,67.5,67.5,70.9
קפלן,76.7,2022-04-29T00:00:00.000Z,76.7,87.3,67.5,67.5,70.9
קפלן,76.7,2022-04-29T00:00:00.000Z,76.7,87.3,67.5,67.5,70.9
קפלן,76.7,2022-04-29T00:00:00.000Z,76.7,87.3,67.5,67.5,70.9
קפלן,76.7,2022-04-29T00:00:00.000Z,76.7,87.3,67.5,67.5,70.9
קפלן,76.7,2022-04-29T00:00:00.000Z,76.7,87.3,67.5,67.5,70.9
קפלן,76.7,2022-04-29T00:00:00.000Z,76.7,87.3,67.5,67.5,70.9
קפלן,76.7,2022-04-29T00:00:00.000Z,76.7,87.3,67.5,67.5,70.9
קפלן,76.7,2022-04-29T00:00:00.000Z,76.7,87.3,67.5,67.5,70.9
קפלן,76.7,2022-04-29T00:00:00.000Z,76.7,87.3,67.5,67.5,70.9
קפלן,76.7,2022-04-29T00:00:00.000Z,76.7,87.3,67.5,67.5,70.9
קפלן,76.7,2022-04-29T00:00:00.000Z,76.7,87.3,67.5,67.5,70.9
קפלן,76.7,2022-04-29T00:00:00.000Z,76.7,87.3,67.5,67.5,70.9
קפלן,76.7,2022-04-29T00:00:00.000Z,76.7,87.3,67.5,67.5,70.9
קפלן,76.7,2022-04-29T00:00:00.000Z,76.7,87.3,67.5,67.5,70.9
קפלן,76.7,2022-04-29T00:00:00.000Z,76.7,87.3,67.5,67.5,70.9
קפלן,76.7,2022-04-29T00:00:00.000Z,76.7,87.3,67.5,67.5,70.9
קפלן,76.7,2022-04-29T00:00:00.000Z,76.7,87.3,67.5,67.5,70.9
קפלן,76.7,2022-04-29T00:00:00.000Z,76.7,87.3,67.5,67.5,70.9
קפלן,76.7,2022-04-29T00:00:00.000Z,76.7,87.3,67.5,67.5,70.9
קפלן,76.7,2022-04-29T00:00:00.000Z,76.7,87.3,67.5,67.5,70.9
קפלן,76.7,2022-04-29T00:00:00.000Z,76.7,87.3,67.5,67.5,70.9
קפלן,76.7,2022-04-29T00:00:00.000Z,76.7,87.3,67.5,67.5,70.9
קפלן,76.7,2022-04-29T00:00:00.000Z,76.7,87.3,67.5,67.5,70.9
קפלן,76.7,2022-04-29T00:00:00.000Z,76.7,87.3,67.5,67.5,70.9
קפלן,76.7,2022-04-29T00:00:00.000Z,76.7,87.3,67.5,67.5,70.9
קפלן,76.7,2022-04-29T00:00:00.000Z,76.7,87.3,67.5,67.5,70.9
קפלן,76.7,2022-04-29T00:00:00.000Z,76.7,87.3,67.5,67.5,70.9
קפלן,76.7,2022-04-29T00:00:00.000Z,76.7,87.3,67.5,67.5,70.9
קפלן,76.7,2022-04-29T00:00:00.000Z,76.7,87.3,67.5,67.5,70.9
קפלן,76.7,2022-04-29T00:00:00.000Z,76.7,87.3,67.5,67.5,70.9
קפלן,76.7,2022-04-29T00:00:00.000Z,76.7,87.3,67.5,67.5,70.9
קפלן,76.7,2022-04-29T00:00:00.000Z,76.7,87.3,67.5,67.5,70.9
קפלן,76.7,2022-04-29T00:00:00.000Z,76.7,87.3,67.5,67.5,70.9
קפלן,76.7,2022-04-29T00:00:00.000Z,76.7,87.3,67.5,67.5,70.9
קפלן,76.7,2022-04-29T00:00:00.000Z,76.7,87.3,67.5,67.5,70.9
קפלן,76.7,2022-04-29T00:00:00.000Z,76.7,87.3,67.5,67.5,70.9
קפלן,76.7,2022-04-29T00:00:00.000Z,76.7,87.3,67.5,67.5,70.9
קפלן,76.7,2022-04-29T00:00:00.000Z,76.7,87.3,67.5,67.5,70.9
קפלן,76.7,2022-04-29T00:00:00.000Z,76.7,87.3,67.5,67.5,70.9
קפלן,76.7,2022-04-29T00:00:00.000Z,76.7,87.3,67.5,67.5,70.9
קפלן,76.7,2022-04-29T00:00:00.000Z,76.7,87.3,67.5,67.5,70.9
קפלן,76.7,2022-04-29T00:00:00.000Z,76.7,87.3,67.5,67.5,70.9
קפלן,76.7,2022-04-29T00:00:00.000Z,76.7,87.3,67.5,67.5,70.9
קפלן,76.7,2022-04-29T00:00:00.000Z,76.7,87.3,67.5,67.5,70.9
קפלן,76.7,2022-04-29T00:00:00.000Z,76.7,87.3,67.5,67.5,70.9
קפלן,76.7,2022-04-29T00:00:00.000Z,76.7,87.3,67.5,67.5,70.9
קפלן,76.7,2022-04-29T00:00:00.000Z,76.7,87.3,67.5,67.5,70.9
קפלן,76.7,2022-04-29T00:00:00.000Z,76.7,87.3,67.5,67.5,70.9
קפלן,76.7,2022-04-29T00:00:00.000Z,76.7,87.3,67.5,67.5,70.9
קפלן,76.7,2022-04-29T00:00:00.000Z,76.7,87.3,67.5,67.5,70.9
קפלן,76.7,2022-04-29T00:00:00.000Z,76.7,87.3,67.5,67.5,70.9
קפלן,76.7,2022-04-29T00:00:00.000Z,76.7,87.3,67.5,67.5,70.9
קפלן,76.7,2022-04-29T00:00:00.000Z,76.7,87.3,67.5,67.5,70.9
קפלן,76.7,2022-04-29T00:00:00.000Z,76.7,87.3,67.5,67.5,70.9
קפלן,76.7,2022-04-29T00:00:00.000Z,76.7,87.3,67.5,67.5,70.9
קפלן,76.7,2022-04-29T00:00:00.000Z,76.7,87.3,67.5,67.5,70.9
הדסה הר הצופים,69.4,2022-04-29T00:00:00.000Z,69.4,66.7,75.7,75.7,72.6
הדסה הר הצופים,69.4,2022-04-29T00:00:00.000Z,69.4,66.7,75.7,75.7,72.6
הדסה הר הצופים,69.4,2022-04-29T00:00:00.000Z,69.4,66.7,75.7,75.7,72.6
הדסה הר הצופים,69.4,2022-04-29T00:00:00.000Z,69.4,66.7,75.7,75.7,72.6
הדסה הר הצופים,69.4,2022-04-29T00:00:00.000Z,69.4,66.7,75.7,75.7,72.6
הדסה הר הצופים,69.4,2022-04-29T00:00:00.000Z,69.4,66.7,75.7,75.7,72.6
הדסה הר הצופים,69.4,2022-04-29T00:00:00.000Z,69.4,66.7,75.7,75.7,72.6
הדסה הר הצופים,69.4,2022-04-29T00:00:00.000Z,69.4,66.7,75.7,75.7,72.6
הדסה הר הצופים,69.4,2022-04-29T00:00:00.000Z,69.4,66.7,75.7,75.7,72.6
הדסה הר הצופים,69.4,2022-04-29T00:00:00.000Z,69.4,66.7,75.7,75.7,72.6
הדסה הר הצופים,69.4,2022-04-29T00:00:00.000Z,69.4,66.7,75.7,75.7,72.6
הדסה הר הצופים,69.4,2022-04-29T00:00:00.000Z,69.4,66.7,75.7,75.7,72.6
הדסה הר הצופים,69.4,2022-04-29T00:00:00.000Z,69.4,66.7,75.7,75.7,72.6
הדסה הר הצופים,69.4,2022-04-29T00:00:00.000Z,69.4,66.7,75.7,75.7,72.6
הדסה הר הצופים,69.4,2022-04-29T00:00:00.000Z,69.4,66.7,75.7,75.7,72.6
הדסה הר הצופים,69.4,2022-04-29T00:00:00.000Z,69.4,66.7,75.7,75.7,72.6
הדסה הר הצופים,69.4,2022-04-29T00:00:00.000Z,69.4,66.7,75.7,75.7,72.6
הדסה הר הצופים,69.4,2022-04-29T00:00:00.000Z,69.4,66.7,75.7,75.7,72.6
הדסה הר הצופים,69.4,2022-04-29T00:00:00.000Z,69.4,66.7,75.7,75.7,72.6
הדסה הר הצופים,69.4,2022-04-29T00:00:00.000Z,69.4,66.7,75.7,75.7,72.6
הדסה הר הצופים,69.4,2022-04-29T00:00:00.000Z,69.4,66.7,75.7,75.7,72.6
הדסה הר הצופים,69.4,2022-04-29T00:00:00.000Z,69.4,66.7,75.7,75.7,72.6
הדסה הר הצופים,69.4,2022-04-29T00:00:00.000Z,69.4,66.7,75.7,75.7,72.6
הדסה הר הצופים,69.4,2022-04-29T00:00:00.000Z,69.4,66.7,75.7,75.7,72.6
הדסה הר הצופים,69.4,2022-04-29T00:00:00.000Z,69.4,66.7,75.7,75.7,72.6
הדסה הר הצופים,69.4,2022-04-29T00:00:00.000Z,69.4,66.7,75.7,75.7,72.6
הדסה הר הצופים,69.4,2022-04-29T00:00:00.000Z,69.4,66.7,75.7,75.7,72.6
הדסה הר הצופים,69.4,2022-04-29T00:00:00.000Z,69.4,66.7,75.7,75.7,72.6
הדסה הר הצופים,69.4,2022-04-29T00:00:00.000Z,69.4,66.7,75.7,75.7,72.6
הדסה הר הצופים,69.4,2022-04-29T00:00:00.000Z,69.4,66.7,75.7,75.7,72.6
הדסה הר הצופים,69.4,2022-04-29T00:00:00.000Z,69.4,66.7,75.7,75.7,72.6
הדסה הר הצופים,69.4,2022-04-29T00:00:00.000Z,69.4,66.7,75.7,75.7,72.6
הדסה הר הצופים,69.4,2022-04-29T00:00:00.000Z,69.4,66.7,75.7,75.7,72.6
הדסה הר הצופים,69.4,2022-04-29T00:00:00.000Z,69.4,66.7,75.7,75.7,72.6
הדסה הר הצופים,69.4,2022-04-29T00:00:00.000Z,69.4,66.7,75.7,75.7,72.6
הדסה הר הצופים,69.4,2022-04-29T00:00:00.000Z,69.4,66.7,75.7,75.7,72.6
הדסה הר הצופים,69.4,2022-04-29T00:00:00.000Z,69.4,66.7,75.7,75.7,72.6
הדסה הר הצופים,69.4,2022-04-29T00:00:00.000Z,69.4,66.7,75.7,75.7,72.6
הדסה הר הצופים,69.4,2022-04-29T00:00:00.000Z,69.4,66.7,75.7,75.7,72.6
הדסה הר הצופים,69.4,2022-04-29T00:00:00.000Z,69.4,66.7,75.7,75.7,72.6
הדסה הר הצופים,69.4,2022-04-29T00:00:00.000Z,69.4,66.7,75.7,75.7,72.6
הדסה הר הצופים,69.4,2022-04-29T00:00:00.000Z,69.4,66.7,75.7,75.7,72.6
הדסה הר הצופים,69.4,2022-04-29T00:00:00.000Z,69.4,66.7,75.7,75.7,72.6
הדסה הר הצופים,69.4,2022-04-29T00:00:00.000Z,69.4,66.7,75.7,75.7,72.6
הדסה הר הצופים,69.4,2022-04-29T00:00:00.000Z,69.4,66.7,75.7,75.7,72.6
הדסה הר הצופים,69.4,2022-04-29T00:00:00.000Z,69.4,66.7,75.7,75.7,72.6
הדסה הר הצופים,69.4,2022-04-29T00:00:00.000Z,69.4,66.7,75.7,75.7,72.6
הדסה הר הצופים,69.4,2022-04-29T00:00:00.000Z,69.4,66.7,75.7,75.7,72.6
הדסה הר הצופים,69.4,2022-04-29T00:00:00.000Z,69.4,66.7,75.7,75.7,72.6
הדסה הר הצופים,69.4,2022-04-29T00:00:00.000Z,69.4,66.7,75.7,75.7,72.6
הדסה הר הצופים,69.4,2022-04-29T00:00:00.000Z,69.4,66.7,75.7,75.7,72.6
הדסה הר הצופים,69.4,2022-04-29T00:00:00.000Z,69.4,66.7,75.7,75.7,72.6
הדסה הר הצופים,69.4,2022-04-29T00:00:00.000Z,69.4,66.7,75.7,75.7,72.6
הדסה הר הצופים,69.4,2022-04-29T00:00:00.000Z,69.4,66.7,75.7,75.7,72.6
הדסה הר הצופים,69.4,2022-04-29T00:00:00.000Z,69.4,66.7,75.7,75.7,72.6
הדסה הר הצופים,69.4,2022-04-29T00:00:00.000Z,69.4,66.7,75.7,75.7,72.6
הדסה הר הצופים,69.4,2022-04-29T00:00:00.000Z,69.4,66.7,75.7,75.7,72.6
הדסה הר הצופים,69.4,2022-04-29T00:00:00.000Z,69.4,66.7,75.7,75.7,72.6
הדסה הר הצופים,69.4,2022-04-29T00:00:00.000Z,69.4,66.7,75.7,75.7,72.6
הדסה הר הצופים,69.4,2022-04-29T00:00:00.000Z,69.4,66.7,75.7,75.7,72.6
הדסה הר הצופים,69.4,2022-04-29T00:00:00.000Z,69.4,66.7,75.7,75.7,72.6
הדסה הר הצופים,69.4,2022-04-29T00:00:00.000Z,69.4,66.7,75.7,75.7,72.6
הדסה הר הצופים,69.4,2022-04-29T00:00:00.000Z,69.4,66.7,75.7,75.7,72.6
הדסה הר הצופים,69.4,2022-04-29T00:00:00.000Z,69.4,66.7,75.7,75.7,72.6
הדסה הר הצופים,69.4,2022-04-29T00:00:00.000Z,69.4,66.7,75.7,75.7,72.6
הדסה הר הצופים,69.4,2022-04-29T00:00:00.000Z,69.4,66.7,75.7,75.7,72.6
הדסה הר הצופים,69.4,2022-04-29T00:00:00.000Z,69.4,66.7,75.7,75.7,72.6
הדסה הר הצופים,69.4,2022-04-29T00:00:00.000Z,69.4,66.7,75.7,75.7,72.6
הדסה הר הצופים,69.4,2022-04-29T00:00:00.000Z,69.4,66.7,75.7,75.7,72.6
הדסה הר הצופים,69.4,2022-04-29T00:00:00.000Z,69.4,66.7,75.7,75.7,72.6
הדסה הר הצופים,69.4,2022-04-29T00:00:00.000Z,69.4,66.7,75.7,75.7,72.6
הדסה הר הצופים,69.4,2022-04-29T00:00:00.000Z,69.4,66.7,75.7,75.7,72.6
הדסה הר הצופים,69.4,2022-04-29T00:00:00.000Z,69.4,66.7,75.7,75.7,72.6
הדסה הר הצופים,69.4,2022-04-29T00:00:00.000Z,69.4,66.7,75.7,75.7,72.6
הדסה הר הצופים,69.4,2022-04-29T00:00:00.000Z,69.4,66.7,75.7,75.7,72.6
הדסה הר הצופים,69.4,2022-04-29T00:00:00.000Z,69.4,66.7,75.7,75.7,72.6
הדסה הר הצופים,69.4,2022-04-29T00:00:00.000Z,69.4,66.7,75.7,75.7,72.6
הדסה הר הצופים,69.4,2022-04-29T00:00:00.000Z,69.4,66.7,75.7,75.7,72.6
הדסה הר הצופים,69.4,2022-04-29T00:00:00.000Z,69.4,66.7,75.7,75.7,72.6
הדסה הר הצופים,69.4,2022-04-29T00:00:00.000Z,69.4,66.7,75.7,75.7,72.6
הדסה הר הצופים,69.4,2022-04-29T00:00:00.000Z,69.4,66.7,75.7,75.7,72.6
הדסה הר הצופים,69.4,2022-04-29T00:00:00.000Z,69.4,66.7,75.7,75.7,72.6
הדסה הר הצופים,69.4,2022-04-29T00:00:00.000Z,69.4,66.7,75.7,75.7,72.6
הדסה הר הצופים,69.4,2022-04-29T00:00:00.000Z,69.4,66.7,75.7,75.7,72.6
הדסה הר הצופים,69.4,2022-04-29T00:00:00.000Z,69.4,66.7,75.7,75.7,72.6
הדסה הר הצופים,69.4,2022-04-29T00:00:00.000Z,69.4,66.7,75.7,75.7,72.6
הדסה הר הצופים,69.4,2022-04-29T00:00:00.000Z,69.4,66.7,75.7,75.7,72.6
הדסה הר הצופים,69.4,2022-04-29T00:00:00.000Z,69.4,66.7,75.7,75.7,72.6
הדסה הר הצופים,69.4,2022-04-29T00:00:00.000Z,69.4,66.7,75.7,75.7,72.6
הדסה הר הצופים,69.4,2022-04-29T00:00:00.000Z,69.4,66.7,75.7,75.7,72.6
הדסה הר הצופים,69.4,2022-04-29T00:00:00.000Z,69.4,66.7,75.7,75.7,72.6
הדסה הר הצופים,69.4,2022-04-29T00:00:00.000Z,69.4,66.7,75.7,75.7,72.6
הדסה הר הצופים,69.4,2022-04-29T00:00:00.000Z,69.4,66.7,75.7,75.7,72.6
הדסה הר הצופים,69.4,2022-04-29T00:00:00.000Z,69.4,66.7,75.7,75.7,72.6
הדסה הר הצופים,69.4,2022-04-29T00:00:00.000Z,69.4,66.7,75.7,75.7,72.6
הדסה הר הצופים,69.4,2022-04-29T00:00:00.000Z,69.4,66.7,75.7,75.7,72.6
הדסה הר הצופים,69.4,2022-04-29T00:00:00.000Z,69.4,66.7,75.7,75.7,72.6
הדסה הר הצופים,69.4,2022-04-29T00:00:00.000Z,69.4,66.7,75.7,75.7,72.6
הדסה הר הצופים,69.4,2022-04-29T00:00:00.000Z,69.4,66.7,75.7,75.7,72.6
הדסה הר הצופים,69.4,2022-04-29T00:00:00.000Z,69.4,66.7,75.7,75.7,72.6
הדסה הר הצופים,69.4,2022-04-29T00:00:00.000Z,69.4,66.7,75.7,75.7,72.6
הדסה הר הצופים,69.4,2022-04-29T00:00:00.000Z,69.4,66.7,75.7,75.7,72.6
הדסה הר הצופים,69.4,2022-04-29T00:00:00.000Z,69.4,66.7,75.7,75.7,72.6
הדסה הר הצופים,69.4,2022-04-29T00:00:00.000Z,69.4,66.7,75.7,75.7,72.6
הדסה הר הצופים,69.4,2022-04-29T00:00:00.000Z,69.4,66.7,75.7,75.7,72.6
הדסה הר הצופים,69.4,2022-04-29T00:00:00.000Z,69.4,66.7,75.7,75.7,72.6
הדסה הר הצופים,69.4,2022-04-29T00:00:00.000Z,69.4,66.7,75.7,75.7,72.6
הדסה הר הצופים,69.4,2022-04-29T00:00:00.000Z,69.4,66.7,75.7,75.7,72.6
הדסה הר הצופים,69.4,2022-04-29T00:00:00.000Z,69.4,66.7,75.7,75.7,72.6
הדסה הר הצופים,69.4,2022-04-29T00:00:00.000Z,69.4,66.7,75.7,75.7,72.6
הדסה הר הצופים,69.4,2022-04-29T00:00:00.000Z,69.4,66.7,75.7,75.7,72.6
הדסה הר הצופים,69.4,2022-04-29T00:00:00.000Z,69.4,66.7,75.7,75.7,72.6
הדסה הר הצופים,69.4,2022-04-29T00:00:00.000Z,69.4,66.7,75.7,75.7,72.6
הדסה הר הצופים,69.4,2022-04-29T00:00:00.000Z,69.4,66.7,75.7,75.7,72.6
הדסה הר הצופים,69.4,2022-04-29T00:00:00.000Z,69.4,66.7,75.7,75.7,72.6
הדסה הר הצופים,69.4,2022-04-29T00:00:00.000Z,69.4,66.7,75.7,75.7,72.6
הדסה הר הצופים,69.4,2022-04-29T00:00:00.000Z,69.4,66.7,75.7,75.7,72.6
הדסה הר הצופים,69.4,2022-04-29T00:00:00.000Z,69.4,66.7,75.7,75.7,72.6
הדסה הר הצופים,69.4,2022-04-29T00:00:00.000Z,69.4,66.7,75.7,75.7,72.6
הדסה הר הצופים,69.4,2022-04-29T00:00:00.000Z,69.4,66.7,75.7,75.7,72.6
הדסה הר הצופים,69.4,2022-04-29T00:00:00.000Z,69.4,66.7,75.7,75.7,72.6
הדסה הר הצופים,69.4,2022-04-29T00:00:00.000Z,69.4,66.7,75.7,75.7,72.6
הדסה הר הצופים,69.4,2022-04-29T00:00:00.000Z,69.4,66.7,75.7,75.7,72.6
הדסה הר הצופים,69.4,2022-04-29T00:00:00.000Z,69.4,66.7,75.7,75.7,72.6
הדסה הר הצופים,69.4,2022-04-29T00:00:00.000Z,69.4,66.7,75.7,75.7,72.6
הדסה הר הצופים,69.4,2022-04-29T00:00:00.000Z,69.4,66.7,75.7,75.7,72.6
הדסה הר הצופים,69.4,2022-04-29T00:00:00.000Z,69.4,66.7,75.7,75.7,72.6
הדסה הר הצופים,69.4,2022-04-29T00:00:00.000Z,69.4,66.7,75.7,75.7,72.6
הדסה הר הצופים,69.4,2022-04-29T00:00:00.000Z,69.4,66.7,75.7,75.7,72.6
הדסה הר הצופים,69.4,2022-04-29T00:00:00.000Z,69.4,66.7,75.7,75.7,72.6
הדסה הר הצופים,69.4,2022-04-29T00:00:00.000Z,69.4,66.7,75.7,75.7,72.6
הדסה הר הצופים,69.4,2022-04-29T00:00:00.000Z,69.4,66.7,75.7,75.7,72.6
הדסה הר הצופים,69.4,2022-04-29T00:00:00.000Z,69.4,66.7,75.7,75.7,72.6
הדסה הר הצופים,69.4,2022-04-29T00:00:00.000Z,69.4,66.7,75.7,75.7,72.6
הדסה הר הצופים,69.4,2022-04-29T00:00:00.000Z,69.4,66.7,75.7,75.7,72.6
הדסה הר הצופים,69.4,2022-04-29T00:00:00.000Z,69.4,66.7,75.7,75.7,72.6
הדסה הר הצופים,69.4,2022-04-29T00:00:00.000Z,69.4,66.7,75.7,75.7,72.6
הדסה הר הצופים,69.4,2022-04-29T00:00:00.000Z,69.4,66.7,75.7,75.7,72.6
הדסה הר הצופים,69.4,2022-04-29T00:00:00.000Z,69.4,66.7,75.7,75.7,72.6
הדסה הר הצופים,69.4,2022-04-29T00:00:00.000Z,69.4,66.7,75.7,75.7,72.6
הדסה הר הצופים,69.4,2022-04-29T00:00:00.000Z,69.4,66.7,75.7,75.7,72.6
הדסה הר הצופים,69.4,2022-04-29T00:00:00.000Z,69.4,66.7,75.7,75.7,72.6
הדסה הר הצופים,69.4,2022-04-29T00:00:00.000Z,69.4,66.7,75.7,75.7,72.6
הדסה הר הצופים,69.4,2022-04-29T00:00:00.000Z,69.4,66.7,75.7,75.7,72.6
הדסה הר הצופים,69.4,2022-04-29T00:00:00.000Z,69.4,66.7,75.7,75.7,72.6
הדסה הר הצופים,69.4,2022-04-29T00:00:00.000Z,69.4,66.7,75.7,75.7,72.6
הדסה הר הצופים,69.4,2022-04-29T00:00:00.000Z,69.4,66.7,75.7,75.7,72.6
הדסה הר הצופים,69.4,2022-04-29T00:00:00.000Z,69.4,66.7,75.7,75.7,72.6
הדסה הר הצופים,69.4,2022-04-29T00:00:00.000Z,69.4,66.7,75.7,75.7,72.6
הדסה הר הצופים,69.4,2022-04-29T00:00:00.000Z,69.4,66.7,75.7,75.7,72.6
הדסה הר הצופים,69.4,2022-04-29T00:00:00.000Z,69.4,66.7,75.7,75.7,72.6
הדסה הר הצופים,69.4,2022-04-29T00:00:00.000Z,69.4,66.7,75.7,75.7,72.6
הדסה הר הצופים,69.4,2022-04-29T00:00:00.000Z,69.4,66.7,75.7,75.7,72.6
הדסה הר הצופים,69.4,2022-04-29T00:00:00.000Z,69.4,66.7,75.7,75.7,72.6
הדסה הר הצופים,69.4,2022-04-29T00:00:00.000Z,69.4,66.7,75.7,75.7,72.6
הדסה הר הצופים,69.4,2022-04-29T00:00:00.000Z,69.4,66.7,75.7,75.7,72.6
הדסה הר הצופים,69.4,2022-04-29T00:00:00.000Z,69.4,66.7,75.7,75.7,72.6
הדסה הר הצופים,69.4,2022-04-29T00:00:00.000Z,69.4,66.7,75.7,75.7,72.6
הדסה הר הצופים,69.4,2022-04-29T00:00:00.000Z,69.4,66.7,75.7,75.7,72.6
הדסה הר הצופים,69.4,2022-04-29T00:00:00.000Z,69.4,66.7,75.7,75.7,72.6
הדסה הר הצופים,69.4,2022-04-29T00:00:00.000Z,69.4,66.7,75.7,75.7,72.6
הדסה הר הצופים,69.4,2022-04-29T00:00:00.000Z,69.4,66.7,75.7,75.7,72.6
הדסה הר הצופים,69.4,2022-04-29T00:00:00.000Z,69.4,66.7,75.7,75.7,72.6
פוריה,64.1,2022-04-29T00:00:00.000Z,64.7,60.6,63.4,65.5,67.9
פוריה,64.1,2022-04-29T00:00:00.000Z,64.1,60.3,63.4,63.4,67
פוריה,64.1,2022-04-29T00:00:00.000Z,64.1,60.3,63.4,63.4,67
פוריה,64.1,2022-04-29T00:00:00.000Z,64.1,60.3,63.4,63.4,67
פוריה,64.1,2022-04-29T00:00:00.000Z,64.1,60.3,63.4,63.4,67
פוריה,64.1,2022-04-29T00:00:00.000Z,64.1,60.3,63.4,63.4,67
פוריה,64.1,2022-04-29T00:00:00.000Z,64.1,60.3,63.4,63.4,67
פוריה,64.1,2022-04-29T00:00:00.000Z,64.1,60.3,63.4,63.4,67
פוריה,64.1,2022-04-29T00:00:00.000Z,64.1,60.3,63.4,63.4,67
פוריה,64.1,2022-04-29T00:00:00.000Z,64.1,60.3,63.4,63.4,67
פוריה,64.1,2022-04-29T00:00:00.000Z,64.1,60.3,63.4,63.4,67
פוריה,64.1,2022-04-29T00:00:00.000Z,64.1,60.3,63.4,63.4,67
פוריה,64.1,2022-04-29T00:00:00.000Z,64.1,60.3,63.4,63.4,67
פוריה,64.1,2022-04-29T00:00:00.000Z,64.1,60.3,63.4,63.4,67
פוריה,64.1,2022-04-29T00:00:00.000Z,64.1,60.3,63.4,63.4,67
פוריה,64.1,2022-04-29T00:00:00.000Z,64.1,60.3,63.4,63.4,67
פוריה,64.1,2022-04-29T00:00:00.000Z,64.1,60.3,63.4,63.4,67
פוריה,64.1,2022-04-29T00:00:00.000Z,64.1,60.3,63.4,63.4,67
פוריה,64.1,2022-04-29T00:00:00.000Z,64.1,60.3,63.4,63.4,67
פוריה,64.1,2022-04-29T00:00:00.000Z,64.1,60.3,63.4,63.4,67
פוריה,64.1,2022-04-29T00:00:00.000Z,64.1,60.3,63.4,63.4,67
פוריה,64.1,2022-04-29T00:00:00.000Z,64.1,60.3,63.4,63.4,67
פוריה,64.1,2022-04-29T00:00:00.000Z,64.1,60.3,63.4,63.4,67
פוריה,64.1,2022-04-29T00:00:00.000Z,64.1,60.3,63.4,63.4,67
פוריה,64.1,2022-04-29T00:00:00.000Z,64.1,60.3,63.4,63.4,67
פוריה,64.1,2022-04-29T00:00:00.000Z,64.1,60.3,63.4,63.4,67
פוריה,64.1,2022-04-29T00:00:00.000Z,64.1,60.3,63.4,63.4,67
פוריה,64.1,2022-04-29T00:00:00.000Z,64.1,60.3,63.4,63.4,67
פוריה,64.1,2022-04-29T00:00:00.000Z,64.1,60.3,63.4,63.4,67
פוריה,64.1,2022-04-29T00:00:00.000Z,64.1,60.3,63.4,63.4,67
פוריה,64.1,2022-04-29T00:00:00.000Z,64.1,60.3,63.4,63.4,67
פוריה,64.1,2022-04-29T00:00:00.000Z,64.1,60.3,63.4,63.4,67
קפלן,76.7,2022-04-29T00:00:00.000Z,76.7,87.3,67.5,67.5,70.9
קפלן,76.7,2022-04-29T00:00:00.000Z,76.7,87.3,67.5,67.5,70.9
קפלן,76.7,2022-04-29T00:00:00.000Z,76.7,87.3,67.5,67.5,70.9
קפלן,76.7,2022-04-29T00:00:00.000Z,76.7,87.3,67.5,67.5,70.9
קפלן,76.7,2022-04-29T00:00:00.000Z,76.7,87.3,67.5,67.5,70.9
קפלן,76.7,2022-04-29T00:00:00.000Z,76.7,87.3,67.5,67.5,70.9
קפלן,76.7,2022-04-29T00:00:00.000Z,76.7,87.3,67.5,67.5,70.9
קפלן,76.7,2022-04-29T00:00:00.000Z,76.7,87.3,67.5,67.5,70.9
קפלן,76.7,2022-04-29T00:00:00.000Z,76.7,87.3,67.5,67.5,70.9
קפלן,76.7,2022-04-29T00:00:00.000Z,76.7,87.3,67.5,67.5,70.9
קפלן,76.7,2022-04-29T00:00:00.000Z,76.7,87.3,67.5,67.5,70.9
קפלן,76.7,2022-04-29T00:00:00.000Z,76.7,87.3,67.5,67.5,70.9
קפלן,76.7,2022-04-29T00:00:00.000Z,76.7,87.3,67.5,67.5,70.9
קפלן,76.7,2022-04-29T00:00:00.000Z,76.7,87.3,67.5,67.5,70.9
קפלן,76.7,2022-04-29T00:00:00.000Z,76.7,87.3,67.5,67.5,70.9
קפלן,76.7,2022-04-29T00:00:00.000Z,76.7,87.3,67.5,67.5,70.9
קפלן,76.7,2022-04-29T00:00:00.000Z,76.7,87.3,67.5,67.5,70.9
קפלן,76.7,2022-04-29T00:00:00.000Z,76.7,87.3,67.5,67.5,70.9
קפלן,76.7,2022-04-29T00:00:00.000Z,76.7,87.3,67.5,67.5,70.9
קפלן,76.7,2022-04-29T00:00:00.000Z,76.7,87.3,67.5,67.5,70.9
קפלן,76.7,2022-04-29T00:00:00.000Z,76.7,87.3,67.5,67.5,70.9
קפלן,76.7,2022-04-29T00:00:00.000Z,76.7,87.3,67.5,67.5,70.9
קפלן,76.7,2022-04-29T00:00:00.000Z,76.7,87.3,67.5,67.5,70.9
קפלן,76.7,2022-04-29T00:00:00.000Z,76.7,87.3,67.5,67.5,70.9
קפלן,76.7,2022-04-29T00:00:00.000Z,76.7,87.3,67.5,67.5,70.9
קפלן,76.7,2022-04-29T00:00:00.000Z,76.7,87.3,67.5,67.5,70.9
קפלן,76.7,2022-04-29T00:00:00.000Z,76.7,87.3,67.5,67.5,70.9
קפלן,76.7,2022-04-29T00:00:00.000Z,76.7,87.3,67.5,67.5,70.9
קפלן,76.7,2022-04-29T00:00:00.000Z,76.7,87.3,67.5,67.5,70.9
קפלן,76.7,2022-04-29T00:00:00.000Z,76.7,87.3,67.5,67.5,70.9
קפלן,76.7,2022-04-29T00:00:00.000Z,76.7,87.3,67.5,67.5,70.9
קפלן,76.7,2022-04-29T00:00:00.000Z,76.7,87.3,67.5,67.5,70.9
הדסה הר הצופים,69.4,2022-04-29T00:00:00.000Z,69.4,66.7,75.7,75.7,72.6
הדסה הר הצופים,69.4,2022-04-29T00:00:00.000Z,69.4,66.7,75.7,75.7,72.6
הדסה הר הצופים,69.4,2022-04-29T00:00:00.000Z,69.4,66.7,75.7,75.7,72.6
הדסה הר הצופים,69.4,2022-04-29T00:00:00.000Z,69.4,66.7,75.7,75.7,72.6
הדסה הר הצופים,69.4,2022-04-29T00:00:00.000Z,69.4,66.7,75.7,75.7,72.6
הדסה הר הצופים,69.4,2022-04-29T00:00:00.000Z,69.4,66.7,75.7,75.7,72.6
הדסה הר הצופים,69.4,2022-04-29T00:00:00.000Z,69.4,66.7,75.7,75.7,72.6
הדסה הר הצופים,69.4,2022-04-29T00:00:00.000Z,69.4,66.7,75.7,75.7,72.6
הדסה הר הצופים,69.4,2022-04-29T00:00:00.000Z,69.4,66.7,75.7,75.7,72.6
הדסה הר הצופים,69.4,2022-04-29T00:00:00.000Z,69.4,66.7,75.7,75.7,72.6
הדסה הר הצופים,69.4,2022-04-29T00:00:00.000Z,69.4,66.7,75.7,75.7,72.6
הדסה הר הצופים,69.4,2022-04-29T00:00:00.000Z,69.4,66.7,75.7,75.7,72.6
הדסה הר הצופים,69.4,2022-04-29T00:00:00.000Z,69.4,66.7,75.7,75.7,72.6
הדסה הר הצופים,69.4,2022-04-29T00:00:00.000Z,69.4,66.7,75.7,75.7,72.6
הדסה הר הצופים,69.4,2022-04-29T00:00:00.000Z,69.4,66.7,75.7,75.7,72.6
הדסה הר הצופים,69.4,2022-04-29T00:00:00.000Z,69.4,66.7,75.7,75.7,72.6
הדסה הר הצופים,69.4,2022-04-29T00:00:00.000Z,69.4,66.7,75.7,75.7,72.6
הדסה הר הצופים,69.4,2022-04-29T00:00:00.000Z,69.4,66.7,75.7,75.7,72.6
הדסה הר הצופים,69.4,2022-04-29T00:00:00.000Z,69.4,66.7,75.7,75.7,72.6
הדסה הר הצופים,69.4,2022-04-29T00:00:00.000Z,69.4,66.7,75.7,75.7,72.6
הדסה הר הצופים,69.4,2022-04-29T00:00:00.000Z,69.4,66.7,75.7,75.7,72.6
הדסה הר הצופים,69.4,2022-04-29T00:00:00.000Z,69.4,66.7,75.7,75.7,72.6
הדסה הר הצופים,69.4,2022-04-29T00:00:00.000Z,69.4,66.7,75.7,75.7,72.6
הדסה הר הצופים,69.4,2022-04-29T00:00:00.000Z,69.4,66.7,75.7,75.7,72.6
הדסה הר הצופים,69.4,2022-04-29T00:00:00.000Z,69.4,66.7,75.7,75.7,72.6
הדסה הר הצופים,69.4,2022-04-29T00:00:00.000Z,69.4,66.7,75.7,75.7,72.6
הדסה הר הצופים,69.4,2022-04-29T00:00:00.000Z,69.4,66.7,75.7,75.7,72.6
הדסה הר הצופים,69.4,2022-04-29T00:00:00.000Z,69.4,66.7,75.7,75.7,72.6
הדסה הר הצופים,69.4,2022-04-29T00:00:00.000Z,69.4,66.7,75.7,75.7,72.6
הדסה הר הצופים,69.4,2022-04-29T00:00:00.000Z,69.4,66.7,75.7,75.7,72.6
הדסה הר הצופים,69.4,2022-04-29T00:00:00.000Z,69.4,66.7,75.7,75.7,72.6
הדסה הר הצופים,69.4,2022-04-29T00:00:00.000Z,69.4,66.7,75.7,75.7,72.6
הדסה הר הצופים,69.4,2022-04-29T00:00:00.000Z,69.4,66.7,75.7,75.7,72.6
הדסה הר הצופים,69.4,2022-04-29T00:00:00.000Z,69.4,66.7,75.7,75.7,72.6
הדסה הר הצופים,69.4,2022-04-29T00:00:00.000Z,69.4,66.7,75.7,75.7,72.6
הדסה הר הצופים,69.4,2022-04-29T00:00:00.000Z,69.4,66.7,75.7,75.7,72.6
הדסה הר הצופים,69.4,2022-04-29T00:00:00.000Z,69.4,66.7,75.7,75.7,72.6
הדסה הר הצופים,69.4,2022-04-29T00:00:00.000Z,69.4,66.7,75.7,75.7,72.6
הדסה הר הצופים,69.4,2022-04-29T00:00:00.000Z,69.4,66.7,75.7,75.7,72.6
הדסה הר הצופים,69.4,2022-04-29T00:00:00.000Z,69.4,66.7,75.7,75.7,72.6
הדסה הר הצופים,69.4,2022-04-29T00:00:00.000Z,69.4,66.7,75.7,75.7,72.6
הדסה הר הצופים,69.4,2022-04-29T00:00:00.000Z,69.4,66.7,75.7,75.7,72.6
הדסה הר הצופים,69.4,2022-04-29T00:00:00.000Z,69.4,66.7,75.7,75.7,72.6
הדסה הר הצופים,69.4,2022-04-29T00:00:00.000Z,69.4,66.7,75.7,75.7,72.6
הדסה הר הצופים,69.4,2022-04-29T00:00:00.000Z,69.4,66.7,75.7,75.7,72.6
הדסה הר הצופים,69.4,2022-04-29T00:00:00.000Z,69.4,66.7,75.7,75.7,72.6
הדסה הר הצופים,69.4,2022-04-29T00:00:00.000Z,69.4,66.7,75.7,75.7,72.6
הדסה הר הצופים,69.4,2022-04-29T00:00:00.000Z,69.4,66.7,75.7,75.7,72.6
הדסה הר הצופים,69.4,2022-04-29T00:00:00.000Z,69.4,66.7,75.7,75.7,72.6
הדסה הר הצופים,69.4,2022-04-29T00:00:00.000Z,69.4,66.7,75.7,75.7,72.6
הדסה הר הצופים,69.4,2022-04-29T00:00:00.000Z,69.4,66.7,75.7,75.7,72.6
הדסה הר הצופים,69.4,2022-04-29T00:00:00.000Z,69.4,66.7,75.7,75.7,72.6
הדסה הר הצופים,69.4,2022-04-29T00:00:00.000Z,69.4,66.7,75.7,75.7,72.6
הדסה הר הצופים,69.4,2022-04-29T00:00:00.000Z,69.4,66.7,75.7,75.7,72.6
הדסה הר הצופים,69.4,2022-04-29T00:00:00.000Z,69.4,66.7,75.7,75.7,72.6
הדסה הר הצופים,69.4,2022-04-29T00:00:00.000Z,69.4,66.7,75.7,75.7,72.6
הדסה הר הצופים,69.4,2022-04-29T00:00:00.000Z,69.4,66.7,75.7,75.7,72.6
הדסה הר הצופים,69.4,2022-04-29T00:00:00.000Z,69.4,66.7,75.7,75.7,72.6
הדסה הר הצופים,69.4,2022-04-29T00:00:00.000Z,69.4,66.7,75.7,75.7,72.6
הדסה הר הצופים,69.4,2022-04-29T00:00:00.000Z,69.4,66.7,75.7,75.7,72.6
הדסה הר הצופים,69.4,2022-04-29T00:00:00.000Z,69.4,66.7,75.7,75.7,72.6
הדסה הר הצופים,69.4,2022-04-29T00:00:00.000Z,69.4,66.7,75.7,75.7,72.6
הדסה הר הצופים,69.4,2022-04-29T00:00:00.000Z,69.4,66.7,75.7,75.7,72.6
הדסה הר הצופים,69.4,2022-04-29T00:00:00.000Z,69.4,66.7,75.7,75.7,72.6
הדסה הר הצופים,69.4,2022-04-29T00:00:00.000Z,69.4,66.7,75.7,75.7,72.6
הדסה הר הצופים,69.4,2022-04-29T00:00:00.000Z,69.4,66.7,75.7,75.7,72.6
הדסה הר הצופים,69.4,2022-04-29T00:00:00.000Z,69.4,66.7,75.7,75.7,72.6
הדסה הר הצופים,69.4,2022-04-29T00:00:00.000Z,69.4,66.7,75.7,75.7,72.6
הדסה הר הצופים,69.4,2022-04-29T00:00:00.000Z,69.4,66.7,75.7,75.7,72.6
הדסה הר הצופים,69.4,2022-04-29T00:00:00.000Z,69.4,66.7,75.7,75.7,72.6
הדסה הר הצופים,69.4,2022-04-29T00:00:00.000Z,69.4,66.7,75.7,75.7,72.6
הדסה הר הצופים,69.4,2022-04-29T00:00:00.000Z,69.4,66.7,75.7,75.7,72.6
הדסה הר הצופים,69.4,2022-04-29T00:00:00.000Z,69.4,66.7,75.7,75.7,72.6
הדסה הר הצופים,69.4,2022-04-29T00:00:00.000Z,69.4,66.7,75.7,75.7,72.6
הדסה הר הצופים,69.4,2022-04-29T00:00:00.000Z,69.4,66.7,75.7,75.7,72.6
הדסה הר הצופים,69.4,2022-04-29T00:00:00.000Z,69.4,66.7,75.7,75.7,72.6
הדסה הר הצופים,69.4,2022-04-29T00:00:00.000Z,69.4,66.7,75.7,75.7,72.6
הדסה הר הצופים,69.4,2022-04-29T00:00:00.000Z,69.4,66.7,75.7,75.7,72.6
הדסה הר הצופים,69.4,2022-04-29T00:00:00.000Z,69.4,66.7,75.7,75.7,72.6
הדסה הר הצופים,69.4,2022-04-29T00:00:00.000Z,69.4,66.7,75.7,75.7,72.6
הדסה הר הצופים,69.4,2022-04-29T00:00:00.000Z,69.4,66.7,75.7,75.7,72.6
הדסה הר הצופים,69.4,2022-04-29T00:00:00.000Z,69.4,66.7,75.7,75.7,72.6
הדסה הר הצופים,69.4,2022-04-29T00:00:00.000Z,69.4,66.7,75.7,75.7,72.6
הדסה הר הצופים,69.4,2022-04-29T00:00:00.000Z,69.4,66.7,75.7,75.7,72.6
הדסה הר הצופים,69.4,2022-04-29T00:00:00.000Z,69.4,66.7,75.7,75.7,72.6
הדסה הר הצופים,69.4,2022-04-29T00:00:00.000Z,69.4,66.7,75.7,75.7,72.6
הדסה הר הצופים,69.4,2022-04-29T00:00:00.000Z,69.4,66.7,75.7,75.7,72.6
הדסה הר הצופים,69.4,2022-04-29T00:00:00.000Z,69.4,66.7,75.7,75.7,72.6
הדסה הר הצופים,69.4,2022-04-29T00:00:00.000Z,69.4,66.7,75.7,75.7,72.6
הדסה הר הצופים,69.4,2022-04-29T00:00:00.000Z,69.4,66.7,75.7,75.7,72.6
הדסה הר הצופים,69.4,2022-04-29T00:00:00.000Z,69.4,66.7,75.7,75.7,72.6
הדסה הר הצופים,69.4,2022-04-29T00:00:00.000Z,69.4,66.7,75.7,75.7,72.6
הדסה הר הצופים,69.4,2022-04-29T00:00:00.000Z,69.4,66.7,75.7,75.7,72.6
הדסה הר הצופים,69.4,2022-04-29T00:00:00.000Z,69.4,66.7,75.7,75.7,72.6
הדסה הר הצופים,69.4,2022-04-29T00:00:00.000Z,69.4,66.7,75.7,75.7,72.6
הדסה הר הצופים,69.4,2022-04-29T00:00:00.000Z,69.4,66.7,75.7,75.7,72.6
זיו צפת,84.4,2022-04-29T00:00:00.000Z,84.4,96.9,56.5,56.5,76.1
זיו צפת,84.4,2022-04-29T00:00:00.000Z,84.4,96.9,56.5,56.5,76.1
זיו צפת,84.4,2022-04-29T00:00:00.000Z,84.4,96.9,56.5,56.5,76.1
זיו צפת,84.4,2022-04-29T00:00:00.000Z,84.4,96.9,56.5,56.5,76.1
זיו צפת,84.4,2022-04-29T00:00:00.000Z,84.4,96.9,56.5,56.5,76.1
זיו צפת,84.4,2022-04-29T00:00:00.000Z,84.4,96.9,56.5,56.5,76.1
זיו צפת,84.4,2022-04-29T00:00:00.000Z,84.4,96.9,56.5,56.5,76.1
זיו צפת,84.4,2022-04-29T00:00:00.000Z,84.4,96.9,56.5,56.5,76.1
זיו צפת,84.4,2022-04-29T00:00:00.000Z,84.4,96.9,56.5,56.5,76.1
זיו צפת,84.4,2022-04-29T00:00:00.000Z,84.4,96.9,56.5,56.5,76.1
זיו צפת,84.4,2022-04-29T00:00:00.000Z,84.4,96.9,56.5,56.5,76.1
זיו צפת,84.4,2022-04-29T00:00:00.000Z,84.4,96.9,56.5,56.5,76.1
זיו צפת,84.4,2022-04-29T00:00:00.000Z,84.4,96.9,56.5,56.5,76.1
זיו צפת,84.4,2022-04-29T00:00:00.000Z,84.4,96.9,56.5,56.5,76.1
זיו צפת,84.4,2022-04-29T00:00:00.000Z,84.4,96.9,56.5,56.5,76.1
זיו צפת,84.4,2022-04-29T00:00:00.000Z,84.4,96.9,56.5,56.5,76.1
זיו צפת,84.4,2022-04-29T00:00:00.000Z,84.4,96.9,56.5,56.5,76.1
זיו צפת,84.4,2022-04-29T00:00:00.000Z,84.4,96.9,56.5,56.5,76.1
זיו צפת,84.4,2022-04-29T00:00:00.000Z,84.4,96.9,56.5,56.5,76.1
זיו צפת,84.4,2022-04-29T00:00:00.000Z,84.4,96.9,56.5,56.5,76.1
זיו צפת,84.4,2022-04-29T00:00:00.000Z,84.4,96.9,56.5,56.5,76.1
זיו צפת,84.4,2022-04-29T00:00:00.000Z,84.4,96.9,56.5,56.5,76.1
זיו צפת,84.4,2022-04-29T00:00:00.000Z,84.4,96.9,56.5,56.5,76.1
זיו צפת,84.4,2022-04-29T00:00:00.000Z,84.4,96.9,56.5,56.5,76.1
זיו צפת,84.4,2022-04-29T00:00:00.000Z,84.4,96.9,56.5,56.5,76.1
זיו צפת,84.4,2022-04-29T00:00:00.000Z,84.4,96.9,56.5,56.5,76.1
זיו צפת,84.4,2022-04-29T00:00:00.000Z,84.4,96.9,56.5,56.5,76.1
זיו צפת,84.4,2022-04-29T00:00:00.000Z,84.4,96.9,56.5,56.5,76.1
זיו צפת,84.4,2022-04-29T00:00:00.000Z,84.4,96.9,56.5,56.5,76.1
זיו צפת,84.4,2022-04-29T00:00:00.000Z,84.4,96.9,56.5,56.5,76.1
שמואל הרופא,77.8,2022-04-29T00:00:00.000Z,77.8,80.6,74.5,74.5,82.7
שמואל הרופא,77.8,2022-04-29T00:00:00.000Z,77.8,80.6,74.5,74.5,82.7
שמואל הרופא,77.8,2022-04-29T00:00:00.000Z,77.8,80.6,74.5,74.5,82.7
שמואל הרופא,77.8,2022-04-29T00:00:00.000Z,77.8,80.6,74.5,74.5,82.7
שמואל הרופא,77.8,2022-04-29T00:00:00.000Z,77.8,80.6,74.5,74.5,82.7
שמואל הרופא,77.8,2022-04-29T00:00:00.000Z,77.8,80.6,74.5,74.5,82.7
שמואל הרופא,77.8,2022-04-29T00:00:00.000Z,77.8,80.6,74.5,74.5,82.7
שמואל הרופא,77.8,2022-04-29T00:00:00.000Z,77.8,80.6,74.5,74.5,82.7
שמואל הרופא,77.8,2022-04-29T00:00:00.000Z,77.8,80.6,74.5,74.5,82.7
שמואל הרופא,77.8,2022-04-29T00:00:00.000Z,77.8,80.6,74.5,74.5,82.7
שמואל הרופא,77.8,2022-04-29T00:00:00.000Z,77.8,80.6,74.5,74.5,82.7
שמואל הרופא,77.8,2022-04-29T00:00:00.000Z,77.8,80.6,74.5,74.5,82.7
שמואל הרופא,77.8,2022-04-29T00:00:00.000Z,77.8,80.6,74.5,74.5,82.7
שמואל הרופא,77.8,2022-04-29T00:00:00.000Z,77.8,80.6,74.5,74.5,82.7
שמואל הרופא,77.8,2022-04-29T00:00:00.000Z,77.8,80.6,74.5,74.5,82.7
שמואל הרופא,77.8,2022-04-29T00:00:00.000Z,77.8,80.6,74.5,74.5,82.7
שמואל הרופא,77.8,2022-04-29T00:00:00.000Z,77.8,80.6,74.5,74.5,82.7
שמואל הרופא,77.8,2022-04-29T00:00:00.000Z,77.8,80.6,74.5,74.5,82.7
שמואל הרופא,77.8,2022-04-29T00:00:00.000Z,77.8,80.6,74.5,74.5,82.7
שמואל הרופא,77.8,2022-04-29T00:00:00.000Z,77.8,80.6,74.5,74.5,82.7
שמואל הרופא,77.8,2022-04-29T00:00:00.000Z,77.8,80.6,74.5,74.5,82.7
שמואל הרופא,77.8,2022-04-29T00:00:00.000Z,77.8,80.6,74.5,74.5,82.7
שמואל הרופא,77.8,2022-04-29T00:00:00.000Z,77.8,80.6,74.5,74.5,82.7
שמואל הרופא,77.8,2022-04-29T00:00:00.000Z,77.8,80.6,74.5,74.5,82.7
שמואל הרופא,77.8,2022-04-29T00:00:00.000Z,77.8,80.6,74.5,74.5,82.7
שמואל הרופא,77.8,2022-04-29T00:00:00.000Z,77.8,80.6,74.5,74.5,82.7
שמואל הרופא,77.8,2022-04-29T00:00:00.000Z,77.8,80.6,74.5,74.5,82.7
שמואל הרופא,77.8,2022-04-29T00:00:00.000Z,77.8,80.6,74.5,74.5,82.7
שמואל הרופא,77.8,2022-04-29T00:00:00.000Z,77.8,80.6,74.5,74.5,82.7
שמואל הרופא,77.8,2022-04-29T00:00:00.000Z,77.8,80.6,74.5,74.5,82.7
שמואל הרופא,77.8,2022-04-29T00:00:00.000Z,77.8,80.6,74.5,74.5,82.7
שמואל הרופא,77.8,2022-04-29T00:00:00.000Z,77.8,80.6,74.5,74.5,82.7
פוריה,64.1,2022-04-29T00:00:00.000Z,67.9,62.8,63.4,78,73
פוריה,64.1,2022-04-29T00:00:00.000Z,67.4,62.5,63.4,75.9,72.1
פוריה,64.1,2022-04-29T00:00:00.000Z,66.8,62.1,63.4,73.8,71.3
פוריה,64.1,2022-04-29T00:00:00.000Z,66.3,61.7,63.4,71.8,70.4
פוריה,64.1,2022-04-29T00:00:00.000Z,65.8,61.4,63.4,69.7,69.6
רבין ק. בילינסון,116.7,2022-04-29T00:00:00.000Z,111.5,102.6,86.8,91.5,93.4
רבין ק. בילינסון,116.7,2022-04-29T00:00:00.000Z,112.2,101.2,86.8,90.9,92.3
רבין ק. בילינסון,116.7,2022-04-29T00:00:00.000Z,113,99.7,86.8,90.2,91.1
רבין ק. בילינסון,116.7,2022-04-29T00:00:00.000Z,113.7,98.3,86.8,89.5,90
רבין ק. בילינסון,116.7,2022-04-29T00:00:00.000Z,114.5,96.9,86.8,88.8,88.8
רבין ק. בילינסון,116.7,2022-04-29T00:00:00.000Z,115.2,95.4,86.8,88.1,87.7
רבין ק. בילינסון,116.7,2022-04-29T00:00:00.000Z,116,94,86.8,87.5,86.5
רבין ק. בילינסון,116.7,2022-04-29T00:00:00.000Z,116.7,92.5,86.8,86.8,85.4
רבין ק. בילינסון,116.7,2022-04-29T00:00:00.000Z,116.7,92.5,86.8,86.8,85.4
רבין ק. בילינסון,116.7,2022-04-29T00:00:00.000Z,116.7,92.5,86.8,86.8,85.4
רבין ק. בילינסון,116.7,2022-04-29T00:00:00.000Z,116.7,92.5,86.8,86.8,85.4
רבין ק. בילינסון,116.7,2022-04-29T00:00:00.000Z,116.7,92.5,86.8,86.8,85.4
רבין ק. בילינסון,116.7,2022-04-29T00:00:00.000Z,116.7,92.5,86.8,86.8,85.4
רבין ק. בילינסון,116.7,2022-04-29T00:00:00.000Z,116.7,92.5,86.8,86.8,85.4
רבין ק. בילינסון,116.7,2022-04-29T00:00:00.000Z,116.7,92.5,86.8,86.8,85.4
רבין ק. בילינסון,116.7,2022-04-29T00:00:00.000Z,116.7,92.5,86.8,86.8,85.4
רבין ק. בילינסון,116.7,2022-04-29T00:00:00.000Z,116.7,92.5,86.8,86.8,85.4
רבין ק. בילינסון,116.7,2022-04-29T00:00:00.000Z,116.7,92.5,86.8,86.8,85.4
שמיר,83.8,2022-04-29T00:00:00.000Z,83.8,86.5,66.7,66.7,67.3
שמיר,83.8,2022-04-29T00:00:00.000Z,83.8,86.5,66.7,66.7,67.3
שמיר,83.8,2022-04-29T00:00:00.000Z,83.8,86.5,66.7,66.7,67.3
שמיר,83.8,2022-04-29T00:00:00.000Z,83.8,86.5,66.7,66.7,67.3
פוריה,73.1,2022-04-30T00:00:00.000Z,73.1,66.7,71.3,71.3,65.4
פוריה,73.1,2022-04-30T00:00:00.000Z,73.1,66.7,71.3,71.3,65.4
פוריה,73.1,2022-04-30T00:00:00.000Z,73.1,66.7,71.3,71.3,65.4
פוריה,73.1,2022-04-30T00:00:00.000Z,73.1,66.7,71.3,71.3,65.4
פוריה,73.1,2022-04-30T00:00:00.000Z,73.1,66.7,71.3,71.3,65.4
פוריה,73.1,2022-04-30T00:00:00.000Z,73.1,66.7,71.3,71.3,65.4
פוריה,73.1,2022-04-30T00:00:00.000Z,73.1,66.7,71.3,71.3,65.4
פוריה,73.1,2022-04-30T00:00:00.000Z,73.1,66.7,71.3,71.3,65.4
פוריה,73.1,2022-04-30T00:00:00.000Z,73.1,66.7,71.3,71.3,65.4
פוריה,73.1,2022-04-30T00:00:00.000Z,73.1,66.7,71.3,71.3,65.4
פוריה,73.1,2022-04-30T00:00:00.000Z,73.1,66.7,71.3,71.3,65.4
פוריה,73.1,2022-04-30T00:00:00.000Z,73.1,66.7,71.3,71.3,65.4
פוריה,73.1,2022-04-30T00:00:00.000Z,73.1,66.7,71.3,71.3,65.4
פוריה,73.1,2022-04-30T00:00:00.000Z,73.1,66.7,71.3,71.3,65.4
פוריה,73.1,2022-04-30T00:00:00.000Z,73.1,66.7,71.3,71.3,65.4
פוריה,73.1,2022-04-30T00:00:00.000Z,73.1,66.7,71.3,71.3,65.4
פוריה,73.1,2022-04-30T00:00:00.000Z,73.1,66.7,71.3,71.3,65.4
פוריה,73.1,2022-04-30T00:00:00.000Z,73.1,66.7,71.3,71.3,65.4
פוריה,73.1,2022-04-30T00:00:00.000Z,73.1,66.7,71.3,71.3,65.4
פוריה,73.1,2022-04-30T00:00:00.000Z,73.1,66.7,71.3,71.3,65.4
פוריה,73.1,2022-04-30T00:00:00.000Z,73.1,66.7,71.3,71.3,65.4
פוריה,73.1,2022-04-30T00:00:00.000Z,73.1,66.7,71.3,71.3,65.4
פוריה,73.1,2022-04-30T00:00:00.000Z,73.1,66.7,71.3,71.3,65.4
פוריה,73.1,2022-04-30T00:00:00.000Z,73.1,66.7,71.3,71.3,65.4
פוריה,73.1,2022-04-30T00:00:00.000Z,73.1,66.7,71.3,71.3,65.4
פוריה,73.1,2022-04-30T00:00:00.000Z,73.1,66.7,71.3,71.3,65.4
פוריה,73.1,2022-04-30T00:00:00.000Z,73.1,66.7,71.3,71.3,65.4
פוריה,73.1,2022-04-30T00:00:00.000Z,73.1,66.7,71.3,71.3,65.4
פוריה,73.1,2022-04-30T00:00:00.000Z,73.1,66.7,71.3,71.3,65.4
פוריה,73.1,2022-04-30T00:00:00.000Z,73.1,66.7,71.3,71.3,65.4
פוריה,73.1,2022-04-30T00:00:00.000Z,73.1,66.7,71.3,71.3,65.4
פוריה,73.1,2022-04-30T00:00:00.000Z,73.1,66.7,71.3,71.3,65.4
פוריה,73.1,2022-04-30T00:00:00.000Z,73.1,66.7,71.3,71.3,65.4
פוריה,73.1,2022-04-30T00:00:00.000Z,73.1,66.7,71.3,71.3,65.4
פוריה,73.1,2022-04-30T00:00:00.000Z,73.1,66.7,71.3,71.3,65.4
פוריה,73.1,2022-04-30T00:00:00.000Z,73.1,66.7,71.3,71.3,65.4
פוריה,73.1,2022-04-30T00:00:00.000Z,73.1,66.7,71.3,71.3,65.4
כלל המוסדות,94.3,2022-04-30T00:00:00.000Z,91.5,87.1,81.3,82.8,81
"רמב""ם",98,2022-04-30T00:00:00.000Z,93.9,96,82.3,77.1,88.4
שיבא,111.7,2022-04-30T00:00:00.000Z,99.6,82,105.6,99.5,100.4
שיבא,111.7,2022-04-30T00:00:00.000Z,101.3,82.3,105.6,100.4,99.5
שיבא,111.7,2022-04-30T00:00:00.000Z,103,82.6,105.6,101.2,98.6
שיבא,111.7,2022-04-30T00:00:00.000Z,104.8,82.9,105.6,102.1,97.6
שיבא,111.7,2022-04-30T00:00:00.000Z,106.5,83.2,105.6,103,96.7
שיבא,111.7,2022-04-30T00:00:00.000Z,108.2,83.5,105.6,103.9,95.7
שיבא,111.7,2022-04-30T00:00:00.000Z,110,83.8,105.6,104.8,94.8
שיבא,111.7,2022-04-30T00:00:00.000Z,111.7,84.1,105.6,105.6,93.9
שיבא,111.7,2022-04-30T00:00:00.000Z,111.7,84.1,105.6,105.6,93.9
שיבא,111.7,2022-04-30T00:00:00.000Z,111.7,84.1,105.6,105.6,93.9
שיבא,111.7,2022-04-30T00:00:00.000Z,111.7,84.1,105.6,105.6,93.9
שיבא,111.7,2022-04-30T00:00:00.000Z,111.7,84.1,105.6,105.6,93.9
שיבא,111.7,2022-04-30T00:00:00.000Z,111.7,84.1,105.6,105.6,93.9
שיבא,111.7,2022-04-30T00:00:00.000Z,111.7,84.1,105.6,105.6,93.9
שיבא,111.7,2022-04-30T00:00:00.000Z,111.7,84.1,105.6,105.6,93.9
שיבא,111.7,2022-04-30T00:00:00.000Z,111.7,84.1,105.6,105.6,93.9
שיבא,111.7,2022-04-30T00:00:00.000Z,111.7,84.1,105.6,105.6,93.9
שיבא,111.7,2022-04-30T00:00:00.000Z,111.7,84.1,105.6,105.6,93.9
שיבא,111.7,2022-04-30T00:00:00.000Z,111.7,84.1,105.6,105.6,93.9
שיבא,111.7,2022-04-30T00:00:00.000Z,111.7,84.1,105.6,105.6,93.9
שיבא,111.7,2022-04-30T00:00:00.000Z,111.7,84.1,105.6,105.6,93.9
שיבא,111.7,2022-04-30T00:00:00.000Z,111.7,84.1,105.6,105.6,93.9
שיבא,111.7,2022-04-30T00:00:00.000Z,111.7,84.1,105.6,105.6,93.9
שיבא,111.7,2022-04-30T00:00:00.000Z,111.7,84.1,105.6,105.6,93.9
שיבא,111.7,2022-04-30T00:00:00.000Z,111.7,84.1,105.6,105.6,93.9
שיבא,111.7,2022-04-30T00:00:00.000Z,111.7,84.1,105.6,105.6,93.9
ברזילי,102.1,2022-04-30T00:00:00.000Z,91.1,66.7,79.6,74.3,68.7
ברזילי,102.1,2022-04-30T00:00:00.000Z,92.7,67.6,79.6,75.1,67.5
ברזילי,102.1,2022-04-30T00:00:00.000Z,94.3,68.5,79.6,75.9,66.3
ברזילי,102.1,2022-04-30T00:00:00.000Z,95.8,69.3,79.6,76.6,65.1
ברזילי,102.1,2022-04-30T00:00:00.000Z,97.4,70.2,79.6,77.4,63.9
ברזילי,102.1,2022-04-30T00:00:00.000Z,99,71.1,79.6,78.1,62.7
ברזילי,102.1,2022-04-30T00:00:00.000Z,100.5,72,79.6,78.9,61.5
ברזילי,102.1,2022-04-30T00:00:00.000Z,102.1,72.9,79.6,79.6,60.3
ברזילי,102.1,2022-04-30T00:00:00.000Z,102.1,72.9,79.6,79.6,60.3
ברזילי,102.1,2022-04-30T00:00:00.000Z,102.1,72.9,79.6,79.6,60.3
ברזילי,102.1,2022-04-30T00:00:00.000Z,102.1,72.9,79.6,79.6,60.3
ברזילי,102.1,2022-04-30T00:00:00.000Z,102.1,72.9,79.6,79.6,60.3
ברזילי,102.1,2022-04-30T00:00:00.000Z,102.1,72.9,79.6,79.6,60.3
ברזילי,102.1,2022-04-30T00:00:00.000Z,102.1,72.9,79.6,79.6,60.3
ברזילי,102.1,2022-04-30T00:00:00.000Z,102.1,72.9,79.6,79.6,60.3
ברזילי,102.1,2022-04-30T00:00:00.000Z,102.1,72.9,79.6,79.6,60.3
ברזילי,102.1,2022-04-30T00:00:00.000Z,102.1,72.9,79.6,79.6,60.3
ברזילי,102.1,2022-04-30T00:00:00.000Z,102.1,72.9,79.6,79.6,60.3
ברזילי,102.1,2022-04-30T00:00:00.000Z,102.1,72.9,79.6,79.6,60.3
ברזילי,102.1,2022-04-30T00:00:00.000Z,102.1,72.9,79.6,79.6,60.3
ברזילי,102.1,2022-04-30T00:00:00.000Z,102.1,72.9,79.6,79.6,60.3
ברזילי,102.1,2022-04-30T00:00:00.000Z,102.1,72.9,79.6,79.6,60.3
ברזילי,102.1,2022-04-30T00:00:00.000Z,102.1,72.9,79.6,79.6,60.3
ברזילי,102.1,2022-04-30T00:00:00.000Z,102.1,72.9,79.6,79.6,60.3
ברזילי,102.1,2022-04-30T00:00:00.000Z,102.1,72.9,79.6,79.6,60.3
ברזילי,102.1,2022-04-30T00:00:00.000Z,102.1,72.9,79.6,79.6,60.3
ברזילי,102.1,2022-04-30T00:00:00.000Z,102.1,72.9,79.6,79.6,60.3
ברזילי,102.1,2022-04-30T00:00:00.000Z,102.1,72.9,79.6,79.6,60.3
ברזילי,102.1,2022-04-30T00:00:00.000Z,102.1,72.9,79.6,79.6,60.3
ברזילי,102.1,2022-04-30T00:00:00.000Z,102.1,72.9,79.6,79.6,60.3
ברזילי,102.1,2022-04-30T00:00:00.000Z,102.1,72.9,79.6,79.6,60.3
ברזילי,102.1,2022-04-30T00:00:00.000Z,102.1,72.9,79.6,79.6,60.3
ברזילי,102.1,2022-04-30T00:00:00.000Z,102.1,72.9,79.6,79.6,60.3
ברזילי,102.1,2022-04-30T00:00:00.000Z,102.1,72.9,79.6,79.6,60.3
ברזילי,102.1,2022-04-30T00:00:00.000Z,102.1,72.9,79.6,79.6,60.3
שיבא,111.7,2022-04-30T00:00:00.000Z,111.7,84.1,105.6,105.6,93.9
שיבא,111.7,2022-04-30T00:00:00.000Z,111.7,84.1,105.6,105.6,93.9
שיבא,111.7,2022-04-30T00:00:00.000Z,111.7,84.1,105.6,105.6,93.9
שיבא,111.7,2022-04-30T00:00:00.000Z,111.7,84.1,105.6,105.6,93.9
שיבא,111.7,2022-04-30T00:00:00.000Z,111.7,84.1,105.6,105.6,93.9
שיבא,111.7,2022-04-30T00:00:00.000Z,111.7,84.1,105.6,105.6,93.9
שיבא,111.7,2022-04-30T00:00:00.000Z,111.7,84.1,105.6,105.6,93.9
שיבא,111.7,2022-04-30T00:00:00.000Z,111.7,84.1,105.6,105.6,93.9
שיבא,111.7,2022-04-30T00:00:00.000Z,111.7,84.1,105.6,105.6,93.9
שיבא,111.7,2022-04-30T00:00:00.000Z,111.7,84.1,105.6,105.6,93.9
שיבא,111.7,2022-04-30T00:00:00.000Z,111.7,84.1,105.6,105.6,93.9
שיבא,111.7,2022-04-30T00:00:00.000Z,111.7,84.1,105.6,105.6,93.9
שיבא,111.7,2022-04-30T00:00:00.000Z,111.7,84.1,105.6,105.6,93.9
שיבא,111.7,2022-04-30T00:00:00.000Z,111.7,84.1,105.6,105.6,93.9
שיבא,111.7,2022-04-30T00:00:00.000Z,111.7,84.1,105.6,105.6,93.9
שיבא,111.7,2022-04-30T00:00:00.000Z,111.7,84.1,105.6,105.6,93.9
שיבא,111.7,2022-04-30T00:00:00.000Z,111.7,84.1,105.6,105.6,93.9
שיבא,111.7,2022-04-30T00:00:00.000Z,111.7,84.1,105.6,105.6,93.9
שיבא,111.7,2022-04-30T00:00:00.000Z,111.7,84.1,105.6,105.6,93.9
שיבא,111.7,2022-04-30T00:00:00.000Z,111.7,84.1,105.6,105.6,93.9
שיבא,111.7,2022-04-30T00:00:00.000Z,111.7,84.1,105.6,105.6,93.9
שיבא,111.7,2022-04-30T00:00:00.000Z,111.7,84.1,105.6,105.6,93.9
שיבא,111.7,2022-04-30T00:00:00.000Z,111.7,84.1,105.6,105.6,93.9
שיבא,111.7,2022-04-30T00:00:00.000Z,111.7,84.1,105.6,105.6,93.9
שיבא,111.7,2022-04-30T00:00:00.000Z,111.7,84.1,105.6,105.6,93.9
שיבא,111.7,2022-04-30T00:00:00.000Z,111.7,84.1,105.6,105.6,93.9
שיבא,111.7,2022-04-30T00:00:00.000Z,111.7,84.1,105.6,105.6,93.9
שיבא,111.7,2022-04-30T00:00:00.000Z,111.7,84.1,105.6,105.6,93.9
שיבא,111.7,2022-04-30T00:00:00.000Z,111.7,84.1,105.6,105.6,93.9
שיבא,111.7,2022-04-30T00:00:00.000Z,111.7,84.1,105.6,105.6,93.9
שיבא,111.7,2022-04-30T00:00:00.000Z,111.7,84.1,105.6,105.6,93.9
שיבא,111.7,2022-04-30T00:00:00.000Z,111.7,84.1,105.6,105.6,93.9
שיבא,111.7,2022-04-30T00:00:00.000Z,111.7,84.1,105.6,105.6,93.9
ברזילי,102.1,2022-04-30T00:00:00.000Z,102.1,72.9,79.6,79.6,60.3
ברזילי,102.1,2022-04-30T00:00:00.000Z,102.1,72.9,79.6,79.6,60.3
ברזילי,102.1,2022-04-30T00:00:00.000Z,102.1,72.9,79.6,79.6,60.3
ברזילי,102.1,2022-04-30T00:00:00.000Z,102.1,72.9,79.6,79.6,60.3
ברזילי,102.1,2022-04-30T00:00:00.000Z,102.1,72.9,79.6,79.6,60.3
ברזילי,102.1,2022-04-30T00:00:00.000Z,102.1,72.9,79.6,79.6,60.3
ברזילי,102.1,2022-04-30T00:00:00.000Z,102.1,72.9,79.6,79.6,60.3
ברזילי,102.1,2022-04-30T00:00:00.000Z,102.1,72.9,79.6,79.6,60.3
ברזילי,102.1,2022-04-30T00:00:00.000Z,102.1,72.9,79.6,79.6,60.3
ברזילי,102.1,2022-04-30T00:00:00.000Z,102.1,72.9,79.6,79.6,60.3
ברזילי,102.1,2022-04-30T00:00:00.000Z,102.1,72.9,79.6,79.6,60.3
ברזילי,102.1,2022-04-30T00:00:00.000Z,102.1,72.9,79.6,79.6,60.3
ברזילי,102.1,2022-04-30T00:00:00.000Z,102.1,72.9,79.6,79.6,60.3
ברזילי,102.1,2022-04-30T00:00:00.000Z,102.1,72.9,79.6,79.6,60.3
ברזילי,102.1,2022-04-30T00:00:00.000Z,102.1,72.9,79.6,79.6,60.3
ברזילי,102.1,2022-04-30T00:00:00.000Z,102.1,72.9,79.6,79.6,60.3
ברזילי,102.1,2022-04-30T00:00:00.000Z,102.1,72.9,79.6,79.6,60.3
ברזילי,102.1,2022-04-30T00:00:00.000Z,102.1,72.9,79.6,79.6,60.3
ברזילי,102.1,2022-04-30T00:00:00.000Z,102.1,72.9,79.6,79.6,60.3
ברזילי,102.1,2022-04-30T00:00:00.000Z,102.1,72.9,79.6,79.6,60.3
ברזילי,102.1,2022-04-30T00:00:00.000Z,102.1,72.9,79.6,79.6,60.3
ברזילי,102.1,2022-04-30T00:00:00.000Z,102.1,72.9,79.6,79.6,60.3
ברזילי,102.1,2022-04-30T00:00:00.000Z,102.1,72.9,79.6,79.6,60.3
ברזילי,102.1,2022-04-30T00:00:00.000Z,102.1,72.9,79.6,79.6,60.3
ברזילי,102.1,2022-04-30T00:00:00.000Z,102.1,72.9,79.6,79.6,60.3
ברזילי,102.1,2022-04-30T00:00:00.000Z,102.1,72.9,79.6,79.6,60.3
ברזילי,102.1,2022-04-30T00:00:00.000Z,102.1,72.9,79.6,79.6,60.3
ברזילי,102.1,2022-04-30T00:00:00.000Z,102.1,72.9,79.6,79.6,60.3
ברזילי,102.1,2022-04-30T00:00:00.000Z,102.1,72.9,79.6,79.6,60.3
ברזילי,102.1,2022-04-30T00:00:00.000Z,102.1,72.9,79.6,79.6,60.3
ברזילי,102.1,2022-04-30T00:00:00.000Z,102.1,72.9,79.6,79.6,60.3
ברזילי,102.1,2022-04-30T00:00:00.000Z,102.1,72.9,79.6,79.6,60.3
ברזילי,102.1,2022-04-30T00:00:00.000Z,102.1,72.9,79.6,79.6,60.3
ברזילי,102.1,2022-04-30T00:00:00.000Z,102.1,72.9,79.6,79.6,60.3
"רמב""ם",98,2022-04-30T00:00:00.000Z,94.5,95.9,82.3,77.9,87.2
"רמב""ם",98,2022-04-30T00:00:00.000Z,95.1,95.8,82.3,78.6,86.1
"רמב""ם",98,2022-04-30T00:00:00.000Z,95.7,95.7,82.3,79.4,84.9
"רמב""ם",98,2022-04-30T00:00:00.000Z,96.2,95.7,82.3,80.1,83.7
"רמב""ם",98,2022-04-30T00:00:00.000Z,96.8,95.6,82.3,80.9,82.5
"רמב""ם",98,2022-04-30T00:00:00.000Z,97.4,95.5,82.3,81.6,81.3
"רמב""ם",98,2022-04-30T00:00:00.000Z,98,95.5,82.3,82.3,80.1
"רמב""ם",98,2022-04-30T00:00:00.000Z,98,95.5,82.3,82.3,80.1
"רמב""ם",98,2022-04-30T00:00:00.000Z,98,95.5,82.3,82.3,80.1
"רמב""ם",98,2022-04-30T00:00:00.000Z,98,95.5,82.3,82.3,80.1
"רמב""ם",98,2022-04-30T00:00:00.000Z,98,95.5,82.3,82.3,80.1
"רמב""ם",98,2022-04-30T00:00:00.000Z,98,95.5,82.3,82.3,80.1
"רמב""ם",98,2022-04-30T00:00:00.000Z,98,95.5,82.3,82.3,80.1
"רמב""ם",98,2022-04-30T00:00:00.000Z,98,95.5,82.3,82.3,80.1
"רמב""ם",98,2022-04-30T00:00:00.000Z,98,95.5,82.3,82.3,80.1
"רמב""ם",98,2022-04-30T00:00:00.000Z,98,95.5,82.3,82.3,80.1
"רמב""ם",98,2022-04-30T00:00:00.000Z,98,95.5,82.3,82.3,80.1
"רמב""ם",98,2022-04-30T00:00:00.000Z,98,95.5,82.3,82.3,80.1
"רמב""ם",98,2022-04-30T00:00:00.000Z,98,95.5,82.3,82.3,80.1
"רמב""ם",98,2022-04-30T00:00:00.000Z,98,95.5,82.3,82.3,80.1
"רמב""ם",98,2022-04-30T00:00:00.000Z,98,95.5,82.3,82.3,80.1
"רמב""ם",98,2022-04-30T00:00:00.000Z,98,95.5,82.3,82.3,80.1
"רמב""ם",98,2022-04-30T00:00:00.000Z,98,95.5,82.3,82.3,80.1
"רמב""ם",98,2022-04-30T00:00:00.000Z,98,95.5,82.3,82.3,80.1
"רמב""ם",98,2022-04-30T00:00:00.000Z,98,95.5,82.3,82.3,80.1
"רמב""ם",98,2022-04-30T00:00:00.000Z,98,95.5,82.3,82.3,80.1
"רמב""ם",98,2022-04-30T00:00:00.000Z,98,95.5,82.3,82.3,80.1
"רמב""ם",98,2022-04-30T00:00:00.000Z,98,95.5,82.3,82.3,80.1
"רמב""ם",98,2022-04-30T00:00:00.000Z,98,95.5,82.3,82.3,80.1
"רמב""ם",98,2022-04-30T00:00:00.000Z,98,95.5,82.3,82.3,80.1
"רמב""ם",98,2022-04-30T00:00:00.000Z,98,95.5,82.3,82.3,80.1
שיבא,111.7,2022-04-30T00:00:00.000Z,111.7,84.1,105.6,105.6,93.9
שיבא,111.7,2022-04-30T00:00:00.000Z,111.7,84.1,105.6,105.6,93.9
שיבא,111.7,2022-04-30T00:00:00.000Z,111.7,84.1,105.6,105.6,93.9
שיבא,111.7,2022-04-30T00:00:00.000Z,111.7,84.1,105.6,105.6,93.9
שיבא,111.7,2022-04-30T00:00:00.000Z,111.7,84.1,105.6,105.6,93.9
ברזילי,102.1,2022-04-30T00:00:00.000Z,102.1,72.9,79.6,79.6,60.3
ברזילי,102.1,2022-04-30T00:00:00.000Z,102.1,72.9,79.6,79.6,60.3
ברזילי,102.1,2022-04-30T00:00:00.000Z,102.1,72.9,79.6,79.6,60.3
ברזילי,102.1,2022-04-30T00:00:00.000Z,102.1,72.9,79.6,79.6,60.3
ברזילי,102.1,2022-04-30T00:00:00.000Z,102.1,72.9,79.6,79.6,60.3
ברזילי,102.1,2022-04-30T00:00:00.000Z,102.1,72.9,79.6,79.6,60.3
ברזילי,102.1,2022-04-30T00:00:00.000Z,102.1,72.9,79.6,79.6,60.3
שיבא,111.7,2022-04-30T00:00:00.000Z,111.7,84.1,105.6,105.6,93.9
שיבא,111.7,2022-04-30T00:00:00.000Z,111.7,84.1,105.6,105.6,93.9
שיבא,111.7,2022-04-30T00:00:00.000Z,111.7,84.1,105.6,105.6,93.9
שיבא,111.7,2022-04-30T00:00:00.000Z,111.7,84.1,105.6,105.6,93.9
שיבא,111.7,2022-04-30T00:00:00.000Z,111.7,84.1,105.6,105.6,93.9
שיבא,111.7,2022-04-30T00:00:00.000Z,111.7,84.1,105.6,105.6,93.9
שיבא,111.7,2022-04-30T00:00:00.000Z,111.7,84.1,105.6,105.6,93.9
שיבא,111.7,2022-04-30T00:00:00.000Z,111.7,84.1,105.6,105.6,93.9
שיבא,111.7,2022-04-30T00:00:00.000Z,111.7,84.1,105.6,105.6,93.9
שיבא,111.7,2022-04-30T00:00:00.000Z,111.7,84.1,105.6,105.6,93.9
שיבא,111.7,2022-04-30T00:00:00.000Z,111.7,84.1,105.6,105.6,93.9
שיבא,111.7,2022-04-30T00:00:00.000Z,111.7,84.1,105.6,105.6,93.9
שיבא,111.7,2022-04-30T00:00:00.000Z,111.7,84.1,105.6,105.6,93.9
שיבא,111.7,2022-04-30T00:00:00.000Z,111.7,84.1,105.6,105.6,93.9
שיבא,111.7,2022-04-30T00:00:00.000Z,111.7,84.1,105.6,105.6,93.9
שיבא,111.7,2022-04-30T00:00:00.000Z,111.7,84.1,105.6,105.6,93.9
שיבא,111.7,2022-04-30T00:00:00.000Z,111.7,84.1,105.6,105.6,93.9
שיבא,111.7,2022-04-30T00:00:00.000Z,111.7,84.1,105.6,105.6,93.9
שיבא,111.7,2022-04-30T00:00:00.000Z,111.7,84.1,105.6,105.6,93.9
שיבא,111.7,2022-04-30T00:00:00.000Z,111.7,84.1,105.6,105.6,93.9
שיבא,111.7,2022-04-30T00:00:00.000Z,111.7,84.1,105.6,105.6,93.9
שיבא,111.7,2022-04-30T00:00:00.000Z,111.7,84.1,105.6,105.6,93.9
שיבא,111.7,2022-04-30T00:00:00.000Z,111.7,84.1,105.6,105.6,93.9
שיבא,111.7,2022-04-30T00:00:00.000Z,111.7,84.1,105.6,105.6,93.9
שיבא,111.7,2022-04-30T00:00:00.000Z,111.7,84.1,105.6,105.6,93.9
שיבא,111.7,2022-04-30T00:00:00.000Z,111.7,84.1,105.6,105.6,93.9
שיבא,111.7,2022-04-30T00:00:00.000Z,111.7,84.1,105.6,105.6,93.9
שיבא,111.7,2022-04-30T00:00:00.000Z,111.7,84.1,105.6,105.6,93.9
שיבא,111.7,2022-04-30T00:00:00.000Z,111.7,84.1,105.6,105.6,93.9
שיבא,111.7,2022-04-30T00:00:00.000Z,111.7,84.1,105.6,105.6,93.9
שיבא,111.7,2022-04-30T00:00:00.000Z,111.7,84.1,105.6,105.6,93.9
שיבא,111.7,2022-04-30T00:00:00.000Z,111.7,84.1,105.6,105.6,93.9
שיבא,111.7,2022-04-30T00:00:00.000Z,111.7,84.1,105.6,105.6,93.9
שיבא,111.7,2022-04-30T00:00:00.000Z,111.7,84.1,105.6,105.6,93.9
ברזילי,102.1,2022-04-30T00:00:00.000Z,102.1,72.9,79.6,79.6,60.3
ברזילי,102.1,2022-04-30T00:00:00.000Z,102.1,72.9,79.6,79.6,60.3
ברזילי,102.1,2022-04-30T00:00:00.000Z,102.1,72.9,79.6,79.6,60.3
ברזילי,102.1,2022-04-30T00:00:00.000Z,102.1,72.9,79.6,79.6,60.3
ברזילי,102.1,2022-04-30T00:00:00.000Z,102.1,72.9,79.6,79.6,60.3
ברזילי,102.1,2022-04-30T00:00:00.000Z,102.1,72.9,79.6,79.6,60.3
ברזילי,102.1,2022-04-30T00:00:00.000Z,102.1,72.9,79.6,79.6,60.3
ברזילי,102.1,2022-04-30T00:00:00.000Z,102.1,72.9,79.6,79.6,60.3
ברזילי,102.1,2022-04-30T00:00:00.000Z,102.1,72.9,79.6,79.6,60.3
ברזילי,102.1,2022-04-30T00:00:00.000Z,102.1,72.9,79.6,79.6,60.3
ברזילי,102.1,2022-04-30T00:00:00.000Z,102.1,72.9,79.6,79.6,60.3
ברזילי,102.1,2022-04-30T00:00:00.000Z,102.1,72.9,79.6,79.6,60.3
ברזילי,102.1,2022-04-30T00:00:00.000Z,102.1,72.9,79.6,79.6,60.3
נהריה,117.4,2022-04-30T00:00:00.000Z,103.8,85.4,89.6,80.2,81.9
נהריה,117.4,2022-04-30T00:00:00.000Z,106.1,85.6,89.6,81.8,81.3
נהריה,117.4,2022-04-30T00:00:00.000Z,108.3,85.7,89.6,83.3,80.6
נהריה,117.4,2022-04-30T00:00:00.000Z,110.6,85.9,89.6,84.9,79.9
נהריה,117.4,2022-04-30T00:00:00.000Z,112.9,86,89.6,86.5,79.3
נהריה,117.4,2022-04-30T00:00:00.000Z,115.1,86.2,89.6,88,78.6
נהריה,117.4,2022-04-30T00:00:00.000Z,117.4,86.3,89.6,89.6,77.9
נהריה,117.4,2022-04-30T00:00:00.000Z,117.4,86.3,89.6,89.6,77.9
נהריה,117.4,2022-04-30T00:00:00.000Z,117.4,86.3,89.6,89.6,77.9
שיבא,111.7,2022-04-30T00:00:00.000Z,111.7,84.1,105.6,105.6,93.9
שיבא,111.7,2022-04-30T00:00:00.000Z,111.7,84.1,105.6,105.6,93.9
שיבא,111.7,2022-04-30T00:00:00.000Z,111.7,84.1,105.6,105.6,93.9
שיבא,111.7,2022-04-30T00:00:00.000Z,111.7,84.1,105.6,105.6,93.9
שיבא,111.7,2022-04-30T00:00:00.000Z,111.7,84.1,105.6,105.6,93.9
הלל יפה,114.4,2022-04-30T00:00:00.000Z,110.9,80.6,82.1,80.5,76.6
הלל יפה,114.4,2022-04-30T00:00:00.000Z,112.6,80.7,82.1,81.3,75.6
הלל יפה,114.4,2022-04-30T00:00:00.000Z,114.4,80.8,82.1,82.1,74.6
הלל יפה,114.4,2022-04-30T00:00:00.000Z,114.4,80.8,82.1,82.1,74.6
הלל יפה,114.4,2022-04-30T00:00:00.000Z,114.4,80.8,82.1,82.1,74.6
הלל יפה,114.4,2022-04-30T00:00:00.000Z,114.4,80.8,82.1,82.1,74.6
הלל יפה,114.4,2022-04-30T00:00:00.000Z,114.4,80.8,82.1,82.1,74.6
הלל יפה,114.4,2022-04-30T00:00:00.000Z,114.4,80.8,82.1,82.1,74.6
הלל יפה,114.4,2022-04-30T00:00:00.000Z,114.4,80.8,82.1,82.1,74.6
הלל יפה,114.4,2022-04-30T00:00:00.000Z,114.4,80.8,82.1,82.1,74.6
הלל יפה,114.4,2022-04-30T00:00:00.000Z,114.4,80.8,82.1,82.1,74.6
הלל יפה,114.4,2022-04-30T00:00:00.000Z,114.4,80.8,82.1,82.1,74.6
הלל יפה,114.4,2022-04-30T00:00:00.000Z,114.4,80.8,82.1,82.1,74.6
הלל יפה,114.4,2022-04-30T00:00:00.000Z,114.4,80.8,82.1,82.1,74.6
הלל יפה,114.4,2022-04-30T00:00:00.000Z,114.4,80.8,82.1,82.1,74.6
הלל יפה,114.4,2022-04-30T00:00:00.000Z,114.4,80.8,82.1,82.1,74.6
הלל יפה,114.4,2022-04-30T00:00:00.000Z,114.4,80.8,82.1,82.1,74.6
הלל יפה,114.4,2022-04-30T00:00:00.000Z,114.4,80.8,82.1,82.1,74.6
הלל יפה,114.4,2022-04-30T00:00:00.000Z,114.4,80.8,82.1,82.1,74.6
הלל יפה,114.4,2022-04-30T00:00:00.000Z,114.4,80.8,82.1,82.1,74.6
הלל יפה,114.4,2022-04-30T00:00:00.000Z,114.4,80.8,82.1,82.1,74.6
הלל יפה,114.4,2022-04-30T00:00:00.000Z,114.4,80.8,82.1,82.1,74.6
הלל יפה,114.4,2022-04-30T00:00:00.000Z,114.4,80.8,82.1,82.1,74.6
הלל יפה,114.4,2022-04-30T00:00:00.000Z,114.4,80.8,82.1,82.1,74.6
הלל יפה,114.4,2022-04-30T00:00:00.000Z,114.4,80.8,82.1,82.1,74.6
הלל יפה,114.4,2022-04-30T00:00:00.000Z,114.4,80.8,82.1,82.1,74.6
הלל יפה,114.4,2022-04-30T00:00:00.000Z,114.4,80.8,82.1,82.1,74.6
הלל יפה,114.4,2022-04-30T00:00:00.000Z,114.4,80.8,82.1,82.1,74.6
הלל יפה,114.4,2022-04-30T00:00:00.000Z,114.4,80.8,82.1,82.1,74.6
הלל יפה,114.4,2022-04-30T00:00:00.000Z,114.4,80.8,82.1,82.1,74.6
הלל יפה,114.4,2022-04-30T00:00:00.000Z,114.4,80.8,82.1,82.1,74.6
הלל יפה,114.4,2022-04-30T00:00:00.000Z,114.4,80.8,82.1,82.1,74.6
נהריה,117.4,2022-04-30T00:00:00.000Z,117.4,86.3,89.6,89.6,77.9
נהריה,117.4,2022-04-30T00:00:00.000Z,117.4,86.3,89.6,89.6,77.9
הלל יפה,114.4,2022-04-30T00:00:00.000Z,114.4,80.8,82.1,82.1,74.6
הלל יפה,114.4,2022-04-30T00:00:00.000Z,114.4,80.8,82.1,82.1,74.6
הלל יפה,114.4,2022-04-30T00:00:00.000Z,114.4,80.8,82.1,82.1,74.6
הלל יפה,114.4,2022-04-30T00:00:00.000Z,114.4,80.8,82.1,82.1,74.6
ברזילי,102.1,2022-04-30T00:00:00.000Z,102.1,72.9,79.6,79.6,60.3
ברזילי,102.1,2022-04-30T00:00:00.000Z,102.1,72.9,79.6,79.6,60.3
ברזילי,102.1,2022-04-30T00:00:00.000Z,102.1,72.9,79.6,79.6,60.3
ברזילי,102.1,2022-04-30T00:00:00.000Z,102.1,72.9,79.6,79.6,60.3
ברזילי,102.1,2022-04-30T00:00:00.000Z,102.1,72.9,79.6,79.6,60.3
ברזילי,102.1,2022-04-30T00:00:00.000Z,102.1,72.9,79.6,79.6,60.3
ברזילי,102.1,2022-04-30T00:00:00.000Z,102.1,72.9,79.6,79.6,60.3
ברזילי,102.1,2022-04-30T00:00:00.000Z,102.1,72.9,79.6,79.6,60.3
ברזילי,102.1,2022-04-30T00:00:00.000Z,102.1,72.9,79.6,79.6,60.3
ברזילי,102.1,2022-04-30T00:00:00.000Z,102.1,72.9,79.6,79.6,60.3
ברזילי,102.1,2022-04-30T00:00:00.000Z,102.1,72.9,79.6,79.6,60.3
ברזילי,102.1,2022-04-30T00:00:00.000Z,102.1,72.9,79.6,79.6,60.3
ברזילי,102.1,2022-04-30T00:00:00.000Z,102.1,72.9,79.6,79.6,60.3
ברזילי,102.1,2022-04-30T00:00:00.000Z,102.1,72.9,79.6,79.6,60.3
ברזילי,102.1,2022-04-30T00:00:00.000Z,102.1,72.9,79.6,79.6,60.3
ברזילי,102.1,2022-04-30T00:00:00.000Z,102.1,72.9,79.6,79.6,60.3
ברזילי,102.1,2022-04-30T00:00:00.000Z,102.1,72.9,79.6,79.6,60.3
ברזילי,102.1,2022-04-30T00:00:00.000Z,102.1,72.9,79.6,79.6,60.3
ברזילי,102.1,2022-04-30T00:00:00.000Z,102.1,72.9,79.6,79.6,60.3
ברזילי,102.1,2022-04-30T00:00:00.000Z,102.1,72.9,79.6,79.6,60.3
ברזילי,102.1,2022-04-30T00:00:00.000Z,102.1,72.9,79.6,79.6,60.3
ברזילי,102.1,2022-04-30T00:00:00.000Z,102.1,72.9,79.6,79.6,60.3
ברזילי,102.1,2022-04-30T00:00:00.000Z,102.1,72.9,79.6,79.6,60.3
ברזילי,102.1,2022-04-30T00:00:00.000Z,102.1,72.9,79.6,79.6,60.3
ברזילי,102.1,2022-04-30T00:00:00.000Z,102.1,72.9,79.6,79.6,60.3
ברזילי,102.1,2022-04-30T00:00:00.000Z,102.1,72.9,79.6,79.6,60.3
ברזילי,102.1,2022-04-30T00:00:00.000Z,102.1,72.9,79.6,79.6,60.3
ברזילי,102.1,2022-04-30T00:00:00.000Z,102.1,72.9,79.6,79.6,60.3
יוספטל,81.3,2022-04-30T00:00:00.000Z,75,56.3,46.2,40,44.6
נהריה,117.4,2022-04-30T00:00:00.000Z,117.4,86.3,89.6,89.6,77.9
נהריה,117.4,2022-04-30T00:00:00.000Z,117.4,86.3,89.6,89.6,77.9
נהריה,117.4,2022-04-30T00:00:00.000Z,117.4,86.3,89.6,89.6,77.9
נהריה,117.4,2022-04-30T00:00:00.000Z,117.4,86.3,89.6,89.6,77.9
נהריה,117.4,2022-04-30T00:00:00.000Z,117.4,86.3,89.6,89.6,77.9
נהריה,117.4,2022-04-30T00:00:00.000Z,117.4,86.3,89.6,89.6,77.9
נהריה,117.4,2022-04-30T00:00:00.000Z,117.4,86.3,89.6,89.6,77.9
נהריה,117.4,2022-04-30T00:00:00.000Z,117.4,86.3,89.6,89.6,77.9
יוספטל,81.3,2022-04-30T00:00:00.000Z,81.3,62.5,46.2,46.2,40
יוספטל,81.3,2022-04-30T00:00:00.000Z,81.3,62.5,46.2,46.2,40
יוספטל,81.3,2022-04-30T00:00:00.000Z,81.3,62.5,46.2,46.2,40
יוספטל,81.3,2022-04-30T00:00:00.000Z,81.3,62.5,46.2,46.2,40
יוספטל,81.3,2022-04-30T00:00:00.000Z,81.3,62.5,46.2,46.2,40
יוספטל,81.3,2022-04-30T00:00:00.000Z,81.3,62.5,46.2,46.2,40
יוספטל,81.3,2022-04-30T00:00:00.000Z,81.3,62.5,46.2,46.2,40
יוספטל,81.3,2022-04-30T00:00:00.000Z,81.3,62.5,46.2,46.2,40
יוספטל,81.3,2022-04-30T00:00:00.000Z,81.3,62.5,46.2,46.2,40
יוספטל,81.3,2022-04-30T00:00:00.000Z,81.3,62.5,46.2,46.2,40
ברזילי,102.1,2022-04-30T00:00:00.000Z,102.1,72.9,79.6,79.6,60.3
ברזילי,102.1,2022-04-30T00:00:00.000Z,102.1,72.9,79.6,79.6,60.3
ברזילי,102.1,2022-04-30T00:00:00.000Z,102.1,72.9,79.6,79.6,60.3
ברזילי,102.1,2022-04-30T00:00:00.000Z,102.1,72.9,79.6,79.6,60.3
ברזילי,102.1,2022-04-30T00:00:00.000Z,102.1,72.9,79.6,79.6,60.3
ברזילי,102.1,2022-04-30T00:00:00.000Z,102.1,72.9,79.6,79.6,60.3
ברזילי,102.1,2022-04-30T00:00:00.000Z,102.1,72.9,79.6,79.6,60.3
ברזילי,102.1,2022-04-30T00:00:00.000Z,102.1,72.9,79.6,79.6,60.3
ברזילי,102.1,2022-04-30T00:00:00.000Z,102.1,72.9,79.6,79.6,60.3
ברזילי,102.1,2022-04-30T00:00:00.000Z,102.1,72.9,79.6,79.6,60.3
ברזילי,102.1,2022-04-30T00:00:00.000Z,102.1,72.9,79.6,79.6,60.3
ברזילי,102.1,2022-04-30T00:00:00.000Z,102.1,72.9,79.6,79.6,60.3
ברזילי,102.1,2022-04-30T00:00:00.000Z,102.1,72.9,79.6,79.6,60.3
ברזילי,102.1,2022-04-30T00:00:00.000Z,102.1,72.9,79.6,79.6,60.3
ברזילי,102.1,2022-04-30T00:00:00.000Z,102.1,72.9,79.6,79.6,60.3
ברזילי,102.1,2022-04-30T00:00:00.000Z,102.1,72.9,79.6,79.6,60.3
ברזילי,102.1,2022-04-30T00:00:00.000Z,102.1,72.9,79.6,79.6,60.3
ברזילי,102.1,2022-04-30T00:00:00.000Z,102.1,72.9,79.6,79.6,60.3
ברזילי,102.1,2022-04-30T00:00:00.000Z,102.1,72.9,79.6,79.6,60.3
ברזילי,102.1,2022-04-30T00:00:00.000Z,102.1,72.9,79.6,79.6,60.3
ברזילי,102.1,2022-04-30T00:00:00.000Z,102.1,72.9,79.6,79.6,60.3
ברזילי,102.1,2022-04-30T00:00:00.000Z,102.1,72.9,79.6,79.6,60.3
"רמב""ם",98,2022-04-30T00:00:00.000Z,98,95.5,82.3,82.3,80.1
"רמב""ם",98,2022-04-30T00:00:00.000Z,98,95.5,82.3,82.3,80.1
"רמב""ם",98,2022-04-30T00:00:00.000Z,98,95.5,82.3,82.3,80.1
"רמב""ם",98,2022-04-30T00:00:00.000Z,98,95.5,82.3,82.3,80.1
"רמב""ם",98,2022-04-30T00:00:00.000Z,98,95.5,82.3,82.3,80.1
"רמב""ם",98,2022-04-30T00:00:00.000Z,98,95.5,82.3,82.3,80.1
"רמב""ם",98,2022-04-30T00:00:00.000Z,98,95.5,82.3,82.3,80.1
"רמב""ם",98,2022-04-30T00:00:00.000Z,98,95.5,82.3,82.3,80.1
"רמב""ם",98,2022-04-30T00:00:00.000Z,98,95.5,82.3,82.3,80.1
"רמב""ם",98,2022-04-30T00:00:00.000Z,98,95.5,82.3,82.3,80.1
"רמב""ם",98,2022-04-30T00:00:00.000Z,98,95.5,82.3,82.3,80.1
"רמב""ם",98,2022-04-30T00:00:00.000Z,98,95.5,82.3,82.3,80.1
נהריה,117.4,2022-04-30T00:00:00.000Z,117.4,86.3,89.6,89.6,77.9
נהריה,117.4,2022-04-30T00:00:00.000Z,117.4,86.3,89.6,89.6,77.9
נהריה,117.4,2022-04-30T00:00:00.000Z,117.4,86.3,89.6,89.6,77.9
נהריה,117.4,2022-04-30T00:00:00.000Z,117.4,86.3,89.6,89.6,77.9
נהריה,117.4,2022-04-30T00:00:00.000Z,117.4,86.3,89.6,89.6,77.9
נהריה,117.4,2022-04-30T00:00:00.000Z,117.4,86.3,89.6,89.6,77.9
נהריה,117.4,2022-04-30T00:00:00.000Z,117.4,86.3,89.6,89.6,77.9
נהריה,117.4,2022-04-30T00:00:00.000Z,117.4,86.3,89.6,89.6,77.9
נהריה,117.4,2022-04-30T00:00:00.000Z,117.4,86.3,89.6,89.6,77.9
נהריה,117.4,2022-04-30T00:00:00.000Z,117.4,86.3,89.6,89.6,77.9
נהריה,117.4,2022-04-30T00:00:00.000Z,117.4,86.3,89.6,89.6,77.9
נהריה,117.4,2022-04-30T00:00:00.000Z,117.4,86.3,89.6,89.6,77.9
נהריה,117.4,2022-04-30T00:00:00.000Z,117.4,86.3,89.6,89.6,77.9
נהריה,117.4,2022-04-30T00:00:00.000Z,117.4,86.3,89.6,89.6,77.9
נהריה,117.4,2022-04-30T00:00:00.000Z,117.4,86.3,89.6,89.6,77.9
נהריה,117.4,2022-04-30T00:00:00.000Z,117.4,86.3,89.6,89.6,77.9
נהריה,117.4,2022-04-30T00:00:00.000Z,117.4,86.3,89.6,89.6,77.9
נהריה,117.4,2022-04-30T00:00:00.000Z,117.4,86.3,89.6,89.6,77.9
נהריה,117.4,2022-04-30T00:00:00.000Z,117.4,86.3,89.6,89.6,77.9
נהריה,117.4,2022-04-30T00:00:00.000Z,117.4,86.3,89.6,89.6,77.9
הלל יפה,114.4,2022-04-30T00:00:00.000Z,114.4,80.8,82.1,82.1,74.6
הלל יפה,114.4,2022-04-30T00:00:00.000Z,114.4,80.8,82.1,82.1,74.6
הלל יפה,114.4,2022-04-30T00:00:00.000Z,114.4,80.8,82.1,82.1,74.6
הלל יפה,114.4,2022-04-30T00:00:00.000Z,114.4,80.8,82.1,82.1,74.6
הלל יפה,114.4,2022-04-30T00:00:00.000Z,114.4,80.8,82.1,82.1,74.6
הלל יפה,114.4,2022-04-30T00:00:00.000Z,114.4,80.8,82.1,82.1,74.6
הלל יפה,114.4,2022-04-30T00:00:00.000Z,114.4,80.8,82.1,82.1,74.6
הלל יפה,114.4,2022-04-30T00:00:00.000Z,114.4,80.8,82.1,82.1,74.6
הלל יפה,114.4,2022-04-30T00:00:00.000Z,114.4,80.8,82.1,82.1,74.6
הלל יפה,114.4,2022-04-30T00:00:00.000Z,114.4,80.8,82.1,82.1,74.6
הלל יפה,114.4,2022-04-30T00:00:00.000Z,114.4,80.8,82.1,82.1,74.6
הלל יפה,114.4,2022-04-30T00:00:00.000Z,114.4,80.8,82.1,82.1,74.6
הלל יפה,114.4,2022-04-30T00:00:00.000Z,114.4,80.8,82.1,82.1,74.6
הלל יפה,114.4,2022-04-30T00:00:00.000Z,114.4,80.8,82.1,82.1,74.6
יוספטל,81.3,2022-04-30T00:00:00.000Z,81.3,62.5,46.2,46.2,40
יוספטל,81.3,2022-04-30T00:00:00.000Z,81.3,62.5,46.2,46.2,40
יוספטל,81.3,2022-04-30T00:00:00.000Z,81.3,62.5,46.2,46.2,40
יוספטל,81.3,2022-04-30T00:00:00.000Z,81.3,62.5,46.2,46.2,40
יוספטל,81.3,2022-04-30T00:00:00.000Z,81.3,62.5,46.2,46.2,40
יוספטל,81.3,2022-04-30T00:00:00.000Z,81.3,62.5,46.2,46.2,40
יוספטל,81.3,2022-04-30T00:00:00.000Z,81.3,62.5,46.2,46.2,40
יוספטל,81.3,2022-04-30T00:00:00.000Z,81.3,62.5,46.2,46.2,40
יוספטל,81.3,2022-04-30T00:00:00.000Z,81.3,62.5,46.2,46.2,40
יוספטל,81.3,2022-04-30T00:00:00.000Z,81.3,62.5,46.2,46.2,40
יוספטל,81.3,2022-04-30T00:00:00.000Z,81.3,62.5,46.2,46.2,40
יוספטל,81.3,2022-04-30T00:00:00.000Z,81.3,62.5,46.2,46.2,40
יוספטל,81.3,2022-04-30T00:00:00.000Z,81.3,62.5,46.2,46.2,40
יוספטל,81.3,2022-04-30T00:00:00.000Z,81.3,62.5,46.2,46.2,40
יוספטל,81.3,2022-04-30T00:00:00.000Z,81.3,62.5,46.2,46.2,40
יוספטל,81.3,2022-04-30T00:00:00.000Z,81.3,62.5,46.2,46.2,40
יוספטל,81.3,2022-04-30T00:00:00.000Z,81.3,62.5,46.2,46.2,40
ברזילי,102.1,2022-04-30T00:00:00.000Z,102.1,72.9,79.6,79.6,60.3
ברזילי,102.1,2022-04-30T00:00:00.000Z,102.1,72.9,79.6,79.6,60.3
ברזילי,102.1,2022-04-30T00:00:00.000Z,102.1,72.9,79.6,79.6,60.3
נהריה,117.4,2022-04-30T00:00:00.000Z,117.4,86.3,89.6,89.6,77.9
נהריה,117.4,2022-04-30T00:00:00.000Z,117.4,86.3,89.6,89.6,77.9
נהריה,117.4,2022-04-30T00:00:00.000Z,117.4,86.3,89.6,89.6,77.9
נהריה,117.4,2022-04-30T00:00:00.000Z,117.4,86.3,89.6,89.6,77.9
נהריה,117.4,2022-04-30T00:00:00.000Z,117.4,86.3,89.6,89.6,77.9
נהריה,117.4,2022-04-30T00:00:00.000Z,117.4,86.3,89.6,89.6,77.9
נהריה,117.4,2022-04-30T00:00:00.000Z,117.4,86.3,89.6,89.6,77.9
נהריה,117.4,2022-04-30T00:00:00.000Z,117.4,86.3,89.6,89.6,77.9
נהריה,117.4,2022-04-30T00:00:00.000Z,117.4,86.3,89.6,89.6,77.9
נהריה,117.4,2022-04-30T00:00:00.000Z,117.4,86.3,89.6,89.6,77.9
נהריה,117.4,2022-04-30T00:00:00.000Z,117.4,86.3,89.6,89.6,77.9
נהריה,117.4,2022-04-30T00:00:00.000Z,117.4,86.3,89.6,89.6,77.9
נהריה,117.4,2022-04-30T00:00:00.000Z,117.4,86.3,89.6,89.6,77.9
נהריה,117.4,2022-04-30T00:00:00.000Z,117.4,86.3,89.6,89.6,77.9
נהריה,117.4,2022-04-30T00:00:00.000Z,117.4,86.3,89.6,89.6,77.9
נהריה,117.4,2022-04-30T00:00:00.000Z,117.4,86.3,89.6,89.6,77.9
נהריה,117.4,2022-04-30T00:00:00.000Z,117.4,86.3,89.6,89.6,77.9
נהריה,117.4,2022-04-30T00:00:00.000Z,117.4,86.3,89.6,89.6,77.9
נהריה,117.4,2022-04-30T00:00:00.000Z,117.4,86.3,89.6,89.6,77.9
נהריה,117.4,2022-04-30T00:00:00.000Z,117.4,86.3,89.6,89.6,77.9
נהריה,117.4,2022-04-30T00:00:00.000Z,117.4,86.3,89.6,89.6,77.9
נהריה,117.4,2022-04-30T00:00:00.000Z,117.4,86.3,89.6,89.6,77.9
נהריה,117.4,2022-04-30T00:00:00.000Z,117.4,86.3,89.6,89.6,77.9
נהריה,117.4,2022-04-30T00:00:00.000Z,117.4,86.3,89.6,89.6,77.9
נהריה,117.4,2022-04-30T00:00:00.000Z,117.4,86.3,89.6,89.6,77.9
נהריה,117.4,2022-04-30T00:00:00.000Z,117.4,86.3,89.6,89.6,77.9
נהריה,117.4,2022-04-30T00:00:00.000Z,117.4,86.3,89.6,89.6,77.9
נהריה,117.4,2022-04-30T00:00:00.000Z,117.4,86.3,89.6,89.6,77.9
נהריה,117.4,2022-04-30T00:00:00.000Z,117.4,86.3,89.6,89.6,77.9
נהריה,117.4,2022-04-30T00:00:00.000Z,117.4,86.3,89.6,89.6,77.9
נהריה,117.4,2022-04-30T00:00:00.000Z,117.4,86.3,89.6,89.6,77.9
נהריה,117.4,2022-04-30T00:00:00.000Z,117.4,86.3,89.6,89.6,77.9
נהריה,117.4,2022-04-30T00:00:00.000Z,117.4,86.3,89.6,89.6,77.9
נהריה,117.4,2022-04-30T00:00:00.000Z,117.4,86.3,89.6,89.6,77.9
"רמב""ם",98,2022-04-30T00:00:00.000Z,98,95.5,82.3,82.3,80.1
"רמב""ם",98,2022-04-30T00:00:00.000Z,98,95.5,82.3,82.3,80.1
"רמב""ם",98,2022-04-30T00:00:00.000Z,98,95.5,82.3,82.3,80.1
"רמב""ם",98,2022-04-30T00:00:00.000Z,98,95.5,82.3,82.3,80.1
"רמב""ם",98,2022-04-30T00:00:00.000Z,98,95.5,82.3,82.3,80.1
"רמב""ם",98,2022-04-30T00:00:00.000Z,98,95.5,82.3,82.3,80.1
"רמב""ם",98,2022-04-30T00:00:00.000Z,98,95.5,82.3,82.3,80.1
"רמב""ם",98,2022-04-30T00:00:00.000Z,98,95.5,82.3,82.3,80.1
"רמב""ם",98,2022-04-30T00:00:00.000Z,98,95.5,82.3,82.3,80.1
"רמב""ם",98,2022-04-30T00:00:00.000Z,98,95.5,82.3,82.3,80.1
"רמב""ם",98,2022-04-30T00:00:00.000Z,98,95.5,82.3,82.3,80.1
"רמב""ם",98,2022-04-30T00:00:00.000Z,98,95.5,82.3,82.3,80.1
"רמב""ם",98,2022-04-30T00:00:00.000Z,98,95.5,82.3,82.3,80.1
"רמב""ם",98,2022-04-30T00:00:00.000Z,98,95.5,82.3,82.3,80.1
"רמב""ם",98,2022-04-30T00:00:00.000Z,98,95.5,82.3,82.3,80.1
"רמב""ם",98,2022-04-30T00:00:00.000Z,98,95.5,82.3,82.3,80.1
"רמב""ם",98,2022-04-30T00:00:00.000Z,98,95.5,82.3,82.3,80.1
"רמב""ם",98,2022-04-30T00:00:00.000Z,98,95.5,82.3,82.3,80.1
"רמב""ם",98,2022-04-30T00:00:00.000Z,98,95.5,82.3,82.3,80.1
"רמב""ם",98,2022-04-30T00:00:00.000Z,98,95.5,82.3,82.3,80.1
"רמב""ם",98,2022-04-30T00:00:00.000Z,98,95.5,82.3,82.3,80.1
"רמב""ם",98,2022-04-30T00:00:00.000Z,98,95.5,82.3,82.3,80.1
"רמב""ם",98,2022-04-30T00:00:00.000Z,98,95.5,82.3,82.3,80.1
"רמב""ם",98,2022-04-30T00:00:00.000Z,98,95.5,82.3,82.3,80.1
"רמב""ם",98,2022-04-30T00:00:00.000Z,98,95.5,82.3,82.3,80.1
"רמב""ם",98,2022-04-30T00:00:00.000Z,98,95.5,82.3,82.3,80.1
"רמב""ם",98,2022-04-30T00:00:00.000Z,98,95.5,82.3,82.3,80.1
"רמב""ם",98,2022-04-30T00:00:00.000Z,98,95.5,82.3,82.3,80.1
"רמב""ם",98,2022-04-30T00:00:00.000Z,98,95.5,82.3,82.3,80.1
"רמב""ם",98,2022-04-30T00:00:00.000Z,98,95.5,82.3,82.3,80.1
"רמב""ם",98,2022-04-30T00:00:00.000Z,98,95.5,82.3,82.3,80.1
"רמב""ם",98,2022-04-30T00:00:00.000Z,98,95.5,82.3,82.3,80.1
"רמב""ם",98,2022-04-30T00:00:00.000Z,98,95.5,82.3,82.3,80.1
"רמב""ם",98,2022-04-30T00:00:00.000Z,98,95.5,82.3,82.3,80.1
יוספטל,81.3,2022-04-30T00:00:00.000Z,81.3,62.5,46.2,46.2,40
יוספטל,81.3,2022-04-30T00:00:00.000Z,81.3,62.5,46.2,46.2,40
יוספטל,81.3,2022-04-30T00:00:00.000Z,81.3,62.5,46.2,46.2,40
יוספטל,81.3,2022-04-30T00:00:00.000Z,81.3,62.5,46.2,46.2,40
יוספטל,81.3,2022-04-30T00:00:00.000Z,81.3,62.5,46.2,46.2,40
יוספטל,81.3,2022-04-30T00:00:00.000Z,81.3,62.5,46.2,46.2,40
יוספטל,81.3,2022-04-30T00:00:00.000Z,81.3,62.5,46.2,46.2,40
יוספטל,81.3,2022-04-30T00:00:00.000Z,81.3,62.5,46.2,46.2,40
יוספטל,81.3,2022-04-30T00:00:00.000Z,81.3,62.5,46.2,46.2,40
יוספטל,81.3,2022-04-30T00:00:00.000Z,81.3,62.5,46.2,46.2,40
יוספטל,81.3,2022-04-30T00:00:00.000Z,81.3,62.5,46.2,46.2,40
יוספטל,81.3,2022-04-30T00:00:00.000Z,81.3,62.5,46.2,46.2,40
יוספטל,81.3,2022-04-30T00:00:00.000Z,81.3,62.5,46.2,46.2,40
יוספטל,81.3,2022-04-30T00:00:00.000Z,81.3,62.5,46.2,46.2,40
יוספטל,81.3,2022-04-30T00:00:00.000Z,81.3,62.5,46.2,46.2,40
יוספטל,81.3,2022-04-30T00:00:00.000Z,81.3,62.5,46.2,46.2,40
יוספטל,81.3,2022-04-30T00:00:00.000Z,81.3,62.5,46.2,46.2,40
יוספטל,81.3,2022-04-30T00:00:00.000Z,81.3,62.5,46.2,46.2,40
יוספטל,81.3,2022-04-30T00:00:00.000Z,81.3,62.5,46.2,46.2,40
יוספטל,81.3,2022-04-30T00:00:00.000Z,81.3,62.5,46.2,46.2,40
יוספטל,81.3,2022-04-30T00:00:00.000Z,81.3,62.5,46.2,46.2,40
יוספטל,81.3,2022-04-30T00:00:00.000Z,81.3,62.5,46.2,46.2,40
יוספטל,81.3,2022-04-30T00:00:00.000Z,81.3,62.5,46.2,46.2,40
יוספטל,81.3,2022-04-30T00:00:00.000Z,81.3,62.5,46.2,46.2,40
יוספטל,81.3,2022-04-30T00:00:00.000Z,81.3,62.5,46.2,46.2,40
יוספטל,81.3,2022-04-30T00:00:00.000Z,81.3,62.5,46.2,46.2,40
יוספטל,81.3,2022-04-30T00:00:00.000Z,81.3,62.5,46.2,46.2,40
יוספטל,81.3,2022-04-30T00:00:00.000Z,81.3,62.5,46.2,46.2,40
יוספטל,81.3,2022-04-30T00:00:00.000Z,81.3,62.5,46.2,46.2,40
יוספטל,81.3,2022-04-30T00:00:00.000Z,81.3,62.5,46.2,46.2,40
יוספטל,81.3,2022-04-30T00:00:00.000Z,81.3,62.5,46.2,46.2,40
יוספטל,81.3,2022-04-30T00:00:00.000Z,81.3,62.5,46.2,46.2,40
יוספטל,81.3,2022-04-30T00:00:00.000Z,81.3,62.5,46.2,46.2,40
יוספטל,81.3,2022-04-30T00:00:00.000Z,81.3,62.5,46.2,46.2,40
הלל יפה,114.4,2022-04-30T00:00:00.000Z,114.4,80.8,82.1,82.1,74.6
הלל יפה,114.4,2022-04-30T00:00:00.000Z,114.4,80.8,82.1,82.1,74.6
הלל יפה,114.4,2022-04-30T00:00:00.000Z,114.4,80.8,82.1,82.1,74.6
הלל יפה,114.4,2022-04-30T00:00:00.000Z,114.4,80.8,82.1,82.1,74.6
הלל יפה,114.4,2022-04-30T00:00:00.000Z,114.4,80.8,82.1,82.1,74.6
הלל יפה,114.4,2022-04-30T00:00:00.000Z,114.4,80.8,82.1,82.1,74.6
הלל יפה,114.4,2022-04-30T00:00:00.000Z,114.4,80.8,82.1,82.1,74.6
הלל יפה,114.4,2022-04-30T00:00:00.000Z,114.4,80.8,82.1,82.1,74.6
הלל יפה,114.4,2022-04-30T00:00:00.000Z,114.4,80.8,82.1,82.1,74.6
הלל יפה,114.4,2022-04-30T00:00:00.000Z,114.4,80.8,82.1,82.1,74.6
הלל יפה,114.4,2022-04-30T00:00:00.000Z,114.4,80.8,82.1,82.1,74.6
הלל יפה,114.4,2022-04-30T00:00:00.000Z,114.4,80.8,82.1,82.1,74.6
הלל יפה,114.4,2022-04-30T00:00:00.000Z,114.4,80.8,82.1,82.1,74.6
הלל יפה,114.4,2022-04-30T00:00:00.000Z,114.4,80.8,82.1,82.1,74.6
הלל יפה,114.4,2022-04-30T00:00:00.000Z,114.4,80.8,82.1,82.1,74.6
הלל יפה,114.4,2022-04-30T00:00:00.000Z,114.4,80.8,82.1,82.1,74.6
הלל יפה,114.4,2022-04-30T00:00:00.000Z,114.4,80.8,82.1,82.1,74.6
הלל יפה,114.4,2022-04-30T00:00:00.000Z,114.4,80.8,82.1,82.1,74.6
הלל יפה,114.4,2022-04-30T00:00:00.000Z,114.4,80.8,82.1,82.1,74.6
הלל יפה,114.4,2022-04-30T00:00:00.000Z,114.4,80.8,82.1,82.1,74.6
הלל יפה,114.4,2022-04-30T00:00:00.000Z,114.4,80.8,82.1,82.1,74.6
הלל יפה,114.4,2022-04-30T00:00:00.000Z,114.4,80.8,82.1,82.1,74.6
הלל יפה,114.4,2022-04-30T00:00:00.000Z,114.4,80.8,82.1,82.1,74.6
הלל יפה,114.4,2022-04-30T00:00:00.000Z,114.4,80.8,82.1,82.1,74.6
הלל יפה,114.4,2022-04-30T00:00:00.000Z,114.4,80.8,82.1,82.1,74.6
הלל יפה,114.4,2022-04-30T00:00:00.000Z,114.4,80.8,82.1,82.1,74.6
הלל יפה,114.4,2022-04-30T00:00:00.000Z,114.4,80.8,82.1,82.1,74.6
הלל יפה,114.4,2022-04-30T00:00:00.000Z,114.4,80.8,82.1,82.1,74.6
הלל יפה,114.4,2022-04-30T00:00:00.000Z,114.4,80.8,82.1,82.1,74.6
הלל יפה,114.4,2022-04-30T00:00:00.000Z,114.4,80.8,82.1,82.1,74.6
הלל יפה,114.4,2022-04-30T00:00:00.000Z,114.4,80.8,82.1,82.1,74.6
הלל יפה,114.4,2022-04-30T00:00:00.000Z,114.4,80.8,82.1,82.1,74.6
הלל יפה,114.4,2022-04-30T00:00:00.000Z,114.4,80.8,82.1,82.1,74.6
הלל יפה,114.4,2022-04-30T00:00:00.000Z,114.4,80.8,82.1,82.1,74.6
נהריה,117.4,2022-04-30T00:00:00.000Z,117.4,86.3,89.6,89.6,77.9
נהריה,117.4,2022-04-30T00:00:00.000Z,117.4,86.3,89.6,89.6,77.9
נהריה,117.4,2022-04-30T00:00:00.000Z,117.4,86.3,89.6,89.6,77.9
נהריה,117.4,2022-04-30T00:00:00.000Z,117.4,86.3,89.6,89.6,77.9
נהריה,117.4,2022-04-30T00:00:00.000Z,117.4,86.3,89.6,89.6,77.9
נהריה,117.4,2022-04-30T00:00:00.000Z,117.4,86.3,89.6,89.6,77.9
נהריה,117.4,2022-04-30T00:00:00.000Z,117.4,86.3,89.6,89.6,77.9
נהריה,117.4,2022-04-30T00:00:00.000Z,117.4,86.3,89.6,89.6,77.9
נהריה,117.4,2022-04-30T00:00:00.000Z,117.4,86.3,89.6,89.6,77.9
נהריה,117.4,2022-04-30T00:00:00.000Z,117.4,86.3,89.6,89.6,77.9
נהריה,117.4,2022-04-30T00:00:00.000Z,117.4,86.3,89.6,89.6,77.9
נהריה,117.4,2022-04-30T00:00:00.000Z,117.4,86.3,89.6,89.6,77.9
נהריה,117.4,2022-04-30T00:00:00.000Z,117.4,86.3,89.6,89.6,77.9
נהריה,117.4,2022-04-30T00:00:00.000Z,117.4,86.3,89.6,89.6,77.9
נהריה,117.4,2022-04-30T00:00:00.000Z,117.4,86.3,89.6,89.6,77.9
נהריה,117.4,2022-04-30T00:00:00.000Z,117.4,86.3,89.6,89.6,77.9
נהריה,117.4,2022-04-30T00:00:00.000Z,117.4,86.3,89.6,89.6,77.9
נהריה,117.4,2022-04-30T00:00:00.000Z,117.4,86.3,89.6,89.6,77.9
נהריה,117.4,2022-04-30T00:00:00.000Z,117.4,86.3,89.6,89.6,77.9
נהריה,117.4,2022-04-30T00:00:00.000Z,117.4,86.3,89.6,89.6,77.9
נהריה,117.4,2022-04-30T00:00:00.000Z,117.4,86.3,89.6,89.6,77.9
נהריה,117.4,2022-04-30T00:00:00.000Z,117.4,86.3,89.6,89.6,77.9
נהריה,117.4,2022-04-30T00:00:00.000Z,117.4,86.3,89.6,89.6,77.9
נהריה,117.4,2022-04-30T00:00:00.000Z,117.4,86.3,89.6,89.6,77.9
נהריה,117.4,2022-04-30T00:00:00.000Z,117.4,86.3,89.6,89.6,77.9
נהריה,117.4,2022-04-30T00:00:00.000Z,117.4,86.3,89.6,89.6,77.9
נהריה,117.4,2022-04-30T00:00:00.000Z,117.4,86.3,89.6,89.6,77.9
נהריה,117.4,2022-04-30T00:00:00.000Z,117.4,86.3,89.6,89.6,77.9
נהריה,117.4,2022-04-30T00:00:00.000Z,117.4,86.3,89.6,89.6,77.9
נהריה,117.4,2022-04-30T00:00:00.000Z,117.4,86.3,89.6,89.6,77.9
נהריה,117.4,2022-04-30T00:00:00.000Z,117.4,86.3,89.6,89.6,77.9
נהריה,117.4,2022-04-30T00:00:00.000Z,117.4,86.3,89.6,89.6,77.9
נהריה,117.4,2022-04-30T00:00:00.000Z,117.4,86.3,89.6,89.6,77.9
נהריה,117.4,2022-04-30T00:00:00.000Z,117.4,86.3,89.6,89.6,77.9
יוספטל,81.3,2022-04-30T00:00:00.000Z,81.3,62.5,46.2,46.2,40
יוספטל,81.3,2022-04-30T00:00:00.000Z,81.3,62.5,46.2,46.2,40
יוספטל,81.3,2022-04-30T00:00:00.000Z,81.3,62.5,46.2,46.2,40
יוספטל,81.3,2022-04-30T00:00:00.000Z,81.3,62.5,46.2,46.2,40
יוספטל,81.3,2022-04-30T00:00:00.000Z,81.3,62.5,46.2,46.2,40
יוספטל,81.3,2022-04-30T00:00:00.000Z,81.3,62.5,46.2,46.2,40
יוספטל,81.3,2022-04-30T00:00:00.000Z,81.3,62.5,46.2,46.2,40
יוספטל,81.3,2022-04-30T00:00:00.000Z,81.3,62.5,46.2,46.2,40
יוספטל,81.3,2022-04-30T00:00:00.000Z,81.3,62.5,46.2,46.2,40
יוספטל,81.3,2022-04-30T00:00:00.000Z,81.3,62.5,46.2,46.2,40
יוספטל,81.3,2022-04-30T00:00:00.000Z,81.3,62.5,46.2,46.2,40
יוספטל,81.3,2022-04-30T00:00:00.000Z,81.3,62.5,46.2,46.2,40
יוספטל,81.3,2022-04-30T00:00:00.000Z,81.3,62.5,46.2,46.2,40
יוספטל,81.3,2022-04-30T00:00:00.000Z,81.3,62.5,46.2,46.2,40
יוספטל,81.3,2022-04-30T00:00:00.000Z,81.3,62.5,46.2,46.2,40
יוספטל,81.3,2022-04-30T00:00:00.000Z,81.3,62.5,46.2,46.2,40
יוספטל,81.3,2022-04-30T00:00:00.000Z,81.3,62.5,46.2,46.2,40
יוספטל,81.3,2022-04-30T00:00:00.000Z,81.3,62.5,46.2,46.2,40
יוספטל,81.3,2022-04-30T00:00:00.000Z,81.3,62.5,46.2,46.2,40
יוספטל,81.3,2022-04-30T00:00:00.000Z,81.3,62.5,46.2,46.2,40
יוספטל,81.3,2022-04-30T00:00:00.000Z,81.3,62.5,46.2,46.2,40
יוספטל,81.3,2022-04-30T00:00:00.000Z,81.3,62.5,46.2,46.2,40
יוספטל,81.3,2022-04-30T00:00:00.000Z,81.3,62.5,46.2,46.2,40
יוספטל,81.3,2022-04-30T00:00:00.000Z,81.3,62.5,46.2,46.2,40
יוספטל,81.3,2022-04-30T00:00:00.000Z,81.3,62.5,46.2,46.2,40
יוספטל,81.3,2022-04-30T00:00:00.000Z,81.3,62.5,46.2,46.2,40
יוספטל,81.3,2022-04-30T00:00:00.000Z,81.3,62.5,46.2,46.2,40
יוספטל,81.3,2022-04-30T00:00:00.000Z,81.3,62.5,46.2,46.2,40
יוספטל,81.3,2022-04-30T00:00:00.000Z,81.3,62.5,46.2,46.2,40
יוספטל,81.3,2022-04-30T00:00:00.000Z,81.3,62.5,46.2,46.2,40
יוספטל,81.3,2022-04-30T00:00:00.000Z,81.3,62.5,46.2,46.2,40
יוספטל,81.3,2022-04-30T00:00:00.000Z,81.3,62.5,46.2,46.2,40
יוספטל,81.3,2022-04-30T00:00:00.000Z,81.3,62.5,46.2,46.2,40
יוספטל,81.3,2022-04-30T00:00:00.000Z,81.3,62.5,46.2,46.2,40
הלל יפה,114.4,2022-04-30T00:00:00.000Z,114.4,80.8,82.1,82.1,74.6
הלל יפה,114.4,2022-04-30T00:00:00.000Z,114.4,80.8,82.1,82.1,74.6
הלל יפה,114.4,2022-04-30T00:00:00.000Z,114.4,80.8,82.1,82.1,74.6
הלל יפה,114.4,2022-04-30T00:00:00.000Z,114.4,80.8,82.1,82.1,74.6
הלל יפה,114.4,2022-04-30T00:00:00.000Z,114.4,80.8,82.1,82.1,74.6
הלל יפה,114.4,2022-04-30T00:00:00.000Z,114.4,80.8,82.1,82.1,74.6
הלל יפה,114.4,2022-04-30T00:00:00.000Z,114.4,80.8,82.1,82.1,74.6
הלל יפה,114.4,2022-04-30T00:00:00.000Z,114.4,80.8,82.1,82.1,74.6
הלל יפה,114.4,2022-04-30T00:00:00.000Z,114.4,80.8,82.1,82.1,74.6
הלל יפה,114.4,2022-04-30T00:00:00.000Z,114.4,80.8,82.1,82.1,74.6
הלל יפה,114.4,2022-04-30T00:00:00.000Z,114.4,80.8,82.1,82.1,74.6
הלל יפה,114.4,2022-04-30T00:00:00.000Z,114.4,80.8,82.1,82.1,74.6
הלל יפה,114.4,2022-04-30T00:00:00.000Z,114.4,80.8,82.1,82.1,74.6
הלל יפה,114.4,2022-04-30T00:00:00.000Z,114.4,80.8,82.1,82.1,74.6
הלל יפה,114.4,2022-04-30T00:00:00.000Z,114.4,80.8,82.1,82.1,74.6
הלל יפה,114.4,2022-04-30T00:00:00.000Z,114.4,80.8,82.1,82.1,74.6
הלל יפה,114.4,2022-04-30T00:00:00.000Z,114.4,80.8,82.1,82.1,74.6
הלל יפה,114.4,2022-04-30T00:00:00.000Z,114.4,80.8,82.1,82.1,74.6
הלל יפה,114.4,2022-04-30T00:00:00.000Z,114.4,80.8,82.1,82.1,74.6
הלל יפה,114.4,2022-04-30T00:00:00.000Z,114.4,80.8,82.1,82.1,74.6
הלל יפה,114.4,2022-04-30T00:00:00.000Z,114.4,80.8,82.1,82.1,74.6
הלל יפה,114.4,2022-04-30T00:00:00.000Z,114.4,80.8,82.1,82.1,74.6
הלל יפה,114.4,2022-04-30T00:00:00.000Z,114.4,80.8,82.1,82.1,74.6
הלל יפה,114.4,2022-04-30T00:00:00.000Z,114.4,80.8,82.1,82.1,74.6
הלל יפה,114.4,2022-04-30T00:00:00.000Z,114.4,80.8,82.1,82.1,74.6
הלל יפה,114.4,2022-04-30T00:00:00.000Z,114.4,80.8,82.1,82.1,74.6
הלל יפה,114.4,2022-04-30T00:00:00.000Z,114.4,80.8,82.1,82.1,74.6
הלל יפה,114.4,2022-04-30T00:00:00.000Z,114.4,80.8,82.1,82.1,74.6
הלל יפה,114.4,2022-04-30T00:00:00.000Z,114.4,80.8,82.1,82.1,74.6
הלל יפה,114.4,2022-04-30T00:00:00.000Z,114.4,80.8,82.1,82.1,74.6
הלל יפה,114.4,2022-04-30T00:00:00.000Z,114.4,80.8,82.1,82.1,74.6
הלל יפה,114.4,2022-04-30T00:00:00.000Z,114.4,80.8,82.1,82.1,74.6
הלל יפה,114.4,2022-04-30T00:00:00.000Z,114.4,80.8,82.1,82.1,74.6
הלל יפה,114.4,2022-04-30T00:00:00.000Z,114.4,80.8,82.1,82.1,74.6
נהריה,117.4,2022-04-30T00:00:00.000Z,117.4,86.3,89.6,89.6,77.9
נהריה,117.4,2022-04-30T00:00:00.000Z,117.4,86.3,89.6,89.6,77.9
נהריה,117.4,2022-04-30T00:00:00.000Z,117.4,86.3,89.6,89.6,77.9
נהריה,117.4,2022-04-30T00:00:00.000Z,117.4,86.3,89.6,89.6,77.9
נהריה,117.4,2022-04-30T00:00:00.000Z,117.4,86.3,89.6,89.6,77.9
נהריה,117.4,2022-04-30T00:00:00.000Z,117.4,86.3,89.6,89.6,77.9
נהריה,117.4,2022-04-30T00:00:00.000Z,117.4,86.3,89.6,89.6,77.9
נהריה,117.4,2022-04-30T00:00:00.000Z,117.4,86.3,89.6,89.6,77.9
נהריה,117.4,2022-04-30T00:00:00.000Z,117.4,86.3,89.6,89.6,77.9
נהריה,117.4,2022-04-30T00:00:00.000Z,117.4,86.3,89.6,89.6,77.9
נהריה,117.4,2022-04-30T00:00:00.000Z,117.4,86.3,89.6,89.6,77.9
נהריה,117.4,2022-04-30T00:00:00.000Z,117.4,86.3,89.6,89.6,77.9
נהריה,117.4,2022-04-30T00:00:00.000Z,117.4,86.3,89.6,89.6,77.9
נהריה,117.4,2022-04-30T00:00:00.000Z,117.4,86.3,89.6,89.6,77.9
נהריה,117.4,2022-04-30T00:00:00.000Z,117.4,86.3,89.6,89.6,77.9
נהריה,117.4,2022-04-30T00:00:00.000Z,117.4,86.3,89.6,89.6,77.9
נהריה,117.4,2022-04-30T00:00:00.000Z,117.4,86.3,89.6,89.6,77.9
נהריה,117.4,2022-04-30T00:00:00.000Z,117.4,86.3,89.6,89.6,77.9
נהריה,117.4,2022-04-30T00:00:00.000Z,117.4,86.3,89.6,89.6,77.9
נהריה,117.4,2022-04-30T00:00:00.000Z,117.4,86.3,89.6,89.6,77.9
"רמב""ם",98,2022-04-30T00:00:00.000Z,98,95.5,82.3,82.3,80.1
"רמב""ם",98,2022-04-30T00:00:00.000Z,98,95.5,82.3,82.3,80.1
"רמב""ם",98,2022-04-30T00:00:00.000Z,98,95.5,82.3,82.3,80.1
"רמב""ם",98,2022-04-30T00:00:00.000Z,98,95.5,82.3,82.3,80.1
"רמב""ם",98,2022-04-30T00:00:00.000Z,98,95.5,82.3,82.3,80.1
"רמב""ם",98,2022-04-30T00:00:00.000Z,98,95.5,82.3,82.3,80.1
"רמב""ם",98,2022-04-30T00:00:00.000Z,98,95.5,82.3,82.3,80.1
"רמב""ם",98,2022-04-30T00:00:00.000Z,98,95.5,82.3,82.3,80.1
"רמב""ם",98,2022-04-30T00:00:00.000Z,98,95.5,82.3,82.3,80.1
"רמב""ם",98,2022-04-30T00:00:00.000Z,98,95.5,82.3,82.3,80.1
"רמב""ם",98,2022-04-30T00:00:00.000Z,98,95.5,82.3,82.3,80.1
"רמב""ם",98,2022-04-30T00:00:00.000Z,98,95.5,82.3,82.3,80.1
"רמב""ם",98,2022-04-30T00:00:00.000Z,98,95.5,82.3,82.3,80.1
"רמב""ם",98,2022-04-30T00:00:00.000Z,98,95.5,82.3,82.3,80.1
"רמב""ם",98,2022-04-30T00:00:00.000Z,98,95.5,82.3,82.3,80.1
"רמב""ם",98,2022-04-30T00:00:00.000Z,98,95.5,82.3,82.3,80.1
"רמב""ם",98,2022-04-30T00:00:00.000Z,98,95.5,82.3,82.3,80.1
"רמב""ם",98,2022-04-30T00:00:00.000Z,98,95.5,82.3,82.3,80.1
"רמב""ם",98,2022-04-30T00:00:00.000Z,98,95.5,82.3,82.3,80.1
"רמב""ם",98,2022-04-30T00:00:00.000Z,98,95.5,82.3,82.3,80.1
"רמב""ם",98,2022-04-30T00:00:00.000Z,98,95.5,82.3,82.3,80.1
"רמב""ם",98,2022-04-30T00:00:00.000Z,98,95.5,82.3,82.3,80.1
"רמב""ם",98,2022-04-30T00:00:00.000Z,98,95.5,82.3,82.3,80.1
"רמב""ם",98,2022-04-30T00:00:00.000Z,98,95.5,82.3,82.3,80.1
"רמב""ם",98,2022-04-30T00:00:00.000Z,98,95.5,82.3,82.3,80.1
"רמב""ם",98,2022-04-30T00:00:00.000Z,98,95.5,82.3,82.3,80.1
"רמב""ם",98,2022-04-30T00:00:00.000Z,98,95.5,82.3,82.3,80.1
"רמב""ם",98,2022-04-30T00:00:00.000Z,98,95.5,82.3,82.3,80.1
"רמב""ם",98,2022-04-30T00:00:00.000Z,98,95.5,82.3,82.3,80.1
"רמב""ם",98,2022-04-30T00:00:00.000Z,98,95.5,82.3,82.3,80.1
"רמב""ם",98,2022-04-30T00:00:00.000Z,98,95.5,82.3,82.3,80.1
"רמב""ם",98,2022-04-30T00:00:00.000Z,98,95.5,82.3,82.3,80.1
"רמב""ם",98,2022-04-30T00:00:00.000Z,98,95.5,82.3,82.3,80.1
"רמב""ם",98,2022-04-30T00:00:00.000Z,98,95.5,82.3,82.3,80.1
"רמב""ם",98,2022-04-30T00:00:00.000Z,98,95.5,82.3,82.3,80.1
"רמב""ם",98,2022-04-30T00:00:00.000Z,98,95.5,82.3,82.3,80.1
"רמב""ם",98,2022-04-30T00:00:00.000Z,98,95.5,82.3,82.3,80.1
"רמב""ם",98,2022-04-30T00:00:00.000Z,98,95.5,82.3,82.3,80.1
"רמב""ם",98,2022-04-30T00:00:00.000Z,98,95.5,82.3,82.3,80.1
"רמב""ם",98,2022-04-30T00:00:00.000Z,98,95.5,82.3,82.3,80.1
"רמב""ם",98,2022-04-30T00:00:00.000Z,98,95.5,82.3,82.3,80.1
"רמב""ם",98,2022-04-30T00:00:00.000Z,98,95.5,82.3,82.3,80.1
"רמב""ם",98,2022-04-30T00:00:00.000Z,98,95.5,82.3,82.3,80.1
"רמב""ם",98,2022-04-30T00:00:00.000Z,98,95.5,82.3,82.3,80.1
"רמב""ם",98,2022-04-30T00:00:00.000Z,98,95.5,82.3,82.3,80.1
"רמב""ם",98,2022-04-30T00:00:00.000Z,98,95.5,82.3,82.3,80.1
"רמב""ם",98,2022-04-30T00:00:00.000Z,98,95.5,82.3,82.3,80.1
"רמב""ם",98,2022-04-30T00:00:00.000Z,98,95.5,82.3,82.3,80.1
"רמב""ם",98,2022-04-30T00:00:00.000Z,98,95.5,82.3,82.3,80.1
"רמב""ם",98,2022-04-30T00:00:00.000Z,98,95.5,82.3,82.3,80.1
"רמב""ם",98,2022-04-30T00:00:00.000Z,98,95.5,82.3,82.3,80.1
"רמב""ם",98,2022-04-30T00:00:00.000Z,98,95.5,82.3,82.3,80.1
"רמב""ם",98,2022-04-30T00:00:00.000Z,98,95.5,82.3,82.3,80.1
"רמב""ם",98,2022-04-30T00:00:00.000Z,98,95.5,82.3,82.3,80.1
"רמב""ם",98,2022-04-30T00:00:00.000Z,98,95.5,82.3,82.3,80.1
"רמב""ם",98,2022-04-30T00:00:00.000Z,98,95.5,82.3,82.3,80.1
"רמב""ם",98,2022-04-30T00:00:00.000Z,98,95.5,82.3,82.3,80.1
"רמב""ם",98,2022-04-30T00:00:00.000Z,98,95.5,82.3,82.3,80.1
"רמב""ם",98,2022-04-30T00:00:00.000Z,98,95.5,82.3,82.3,80.1
"רמב""ם",98,2022-04-30T00:00:00.000Z,98,95.5,82.3,82.3,80.1
"רמב""ם",98,2022-04-30T00:00:00.000Z,98,95.5,82.3,82.3,80.1
"רמב""ם",98,2022-04-30T00:00:00.000Z,98,95.5,82.3,82.3,80.1
"רמב""ם",98,2022-04-30T00:00:00.000Z,98,95.5,82.3,82.3,80.1
"רמב""ם",98,2022-04-30T00:00:00.000Z,98,95.5,82.3,82.3,80.1
"רמב""ם",98,2022-04-30T00:00:00.000Z,98,95.5,82.3,82.3,80.1
"רמב""ם",98,2022-04-30T00:00:00.000Z,98,95.5,82.3,82.3,80.1
"רמב""ם",98,2022-04-30T00:00:00.000Z,98,95.5,82.3,82.3,80.1
"רמב""ם",98,2022-04-30T00:00:00.000Z,98,95.5,82.3,82.3,80.1
יוספטל,81.3,2022-04-30T00:00:00.000Z,81.3,62.5,46.2,46.2,40
יוספטל,81.3,2022-04-30T00:00:00.000Z,81.3,62.5,46.2,46.2,40
יוספטל,81.3,2022-04-30T00:00:00.000Z,81.3,62.5,46.2,46.2,40
יוספטל,81.3,2022-04-30T00:00:00.000Z,81.3,62.5,46.2,46.2,40
יוספטל,81.3,2022-04-30T00:00:00.000Z,81.3,62.5,46.2,46.2,40
יוספטל,81.3,2022-04-30T00:00:00.000Z,81.3,62.5,46.2,46.2,40
יוספטל,81.3,2022-04-30T00:00:00.000Z,81.3,62.5,46.2,46.2,40
יוספטל,81.3,2022-04-30T00:00:00.000Z,81.3,62.5,46.2,46.2,40
יוספטל,81.3,2022-04-30T00:00:00.000Z,81.3,62.5,46.2,46.2,40
יוספטל,81.3,2022-04-30T00:00:00.000Z,81.3,62.5,46.2,46.2,40
יוספטל,81.3,2022-04-30T00:00:00.000Z,81.3,62.5,46.2,46.2,40
יוספטל,81.3,2022-04-30T00:00:00.000Z,81.3,62.5,46.2,46.2,40
יוספטל,81.3,2022-04-30T00:00:00.000Z,81.3,62.5,46.2,46.2,40
יוספטל,81.3,2022-04-30T00:00:00.000Z,81.3,62.5,46.2,46.2,40
יוספטל,81.3,2022-04-30T00:00:00.000Z,81.3,62.5,46.2,46.2,40
יוספטל,81.3,2022-04-30T00:00:00.000Z,81.3,62.5,46.2,46.2,40
יוספטל,81.3,2022-04-30T00:00:00.000Z,81.3,62.5,46.2,46.2,40
יוספטל,81.3,2022-04-30T00:00:00.000Z,81.3,62.5,46.2,46.2,40
יוספטל,81.3,2022-04-30T00:00:00.000Z,81.3,62.5,46.2,46.2,40
יוספטל,81.3,2022-04-30T00:00:00.000Z,81.3,62.5,46.2,46.2,40
יוספטל,81.3,2022-04-30T00:00:00.000Z,81.3,62.5,46.2,46.2,40
יוספטל,81.3,2022-04-30T00:00:00.000Z,81.3,62.5,46.2,46.2,40
יוספטל,81.3,2022-04-30T00:00:00.000Z,81.3,62.5,46.2,46.2,40
יוספטל,81.3,2022-04-30T00:00:00.000Z,81.3,62.5,46.2,46.2,40
יוספטל,81.3,2022-04-30T00:00:00.000Z,81.3,62.5,46.2,46.2,40
יוספטל,81.3,2022-04-30T00:00:00.000Z,81.3,62.5,46.2,46.2,40
יוספטל,81.3,2022-04-30T00:00:00.000Z,81.3,62.5,46.2,46.2,40
יוספטל,81.3,2022-04-30T00:00:00.000Z,81.3,62.5,46.2,46.2,40
יוספטל,81.3,2022-04-30T00:00:00.000Z,81.3,62.5,46.2,46.2,40
יוספטל,81.3,2022-04-30T00:00:00.000Z,81.3,62.5,46.2,46.2,40
יוספטל,81.3,2022-04-30T00:00:00.000Z,81.3,62.5,46.2,46.2,40
יוספטל,81.3,2022-04-30T00:00:00.000Z,81.3,62.5,46.2,46.2,40
יוספטל,81.3,2022-04-30T00:00:00.000Z,81.3,62.5,46.2,46.2,40
יוספטל,81.3,2022-04-30T00:00:00.000Z,81.3,62.5,46.2,46.2,40
"רמב""ם",98,2022-04-30T00:00:00.000Z,98,95.5,82.3,82.3,80.1
"רמב""ם",98,2022-04-30T00:00:00.000Z,98,95.5,82.3,82.3,80.1
"רמב""ם",98,2022-04-30T00:00:00.000Z,98,95.5,82.3,82.3,80.1
"רמב""ם",98,2022-04-30T00:00:00.000Z,98,95.5,82.3,82.3,80.1
"רמב""ם",98,2022-04-30T00:00:00.000Z,98,95.5,82.3,82.3,80.1
"רמב""ם",98,2022-04-30T00:00:00.000Z,98,95.5,82.3,82.3,80.1
"רמב""ם",98,2022-04-30T00:00:00.000Z,98,95.5,82.3,82.3,80.1
"רמב""ם",98,2022-04-30T00:00:00.000Z,98,95.5,82.3,82.3,80.1
"רמב""ם",98,2022-04-30T00:00:00.000Z,98,95.5,82.3,82.3,80.1
"רמב""ם",98,2022-04-30T00:00:00.000Z,98,95.5,82.3,82.3,80.1
"רמב""ם",98,2022-04-30T00:00:00.000Z,98,95.5,82.3,82.3,80.1
"רמב""ם",98,2022-04-30T00:00:00.000Z,98,95.5,82.3,82.3,80.1
"רמב""ם",98,2022-04-30T00:00:00.000Z,98,95.5,82.3,82.3,80.1
"רמב""ם",98,2022-04-30T00:00:00.000Z,98,95.5,82.3,82.3,80.1
"רמב""ם",98,2022-04-30T00:00:00.000Z,98,95.5,82.3,82.3,80.1
"רמב""ם",98,2022-04-30T00:00:00.000Z,98,95.5,82.3,82.3,80.1
"רמב""ם",98,2022-04-30T00:00:00.000Z,98,95.5,82.3,82.3,80.1
"רמב""ם",98,2022-04-30T00:00:00.000Z,98,95.5,82.3,82.3,80.1
"רמב""ם",98,2022-04-30T00:00:00.000Z,98,95.5,82.3,82.3,80.1
"רמב""ם",98,2022-04-30T00:00:00.000Z,98,95.5,82.3,82.3,80.1
"רמב""ם",98,2022-04-30T00:00:00.000Z,98,95.5,82.3,82.3,80.1
"רמב""ם",98,2022-04-30T00:00:00.000Z,98,95.5,82.3,82.3,80.1
"רמב""ם",98,2022-04-30T00:00:00.000Z,98,95.5,82.3,82.3,80.1
"רמב""ם",98,2022-04-30T00:00:00.000Z,98,95.5,82.3,82.3,80.1
"רמב""ם",98,2022-04-30T00:00:00.000Z,98,95.5,82.3,82.3,80.1
"רמב""ם",98,2022-04-30T00:00:00.000Z,98,95.5,82.3,82.3,80.1
"רמב""ם",98,2022-04-30T00:00:00.000Z,98,95.5,82.3,82.3,80.1
"רמב""ם",98,2022-04-30T00:00:00.000Z,98,95.5,82.3,82.3,80.1
"רמב""ם",98,2022-04-30T00:00:00.000Z,98,95.5,82.3,82.3,80.1
"רמב""ם",98,2022-04-30T00:00:00.000Z,98,95.5,82.3,82.3,80.1
"רמב""ם",98,2022-04-30T00:00:00.000Z,98,95.5,82.3,82.3,80.1
"רמב""ם",98,2022-04-30T00:00:00.000Z,98,95.5,82.3,82.3,80.1
"רמב""ם",98,2022-04-30T00:00:00.000Z,98,95.5,82.3,82.3,80.1
"רמב""ם",98,2022-04-30T00:00:00.000Z,98,95.5,82.3,82.3,80.1
יוספטל,81.3,2022-04-30T00:00:00.000Z,81.3,62.5,46.2,46.2,40
יוספטל,81.3,2022-04-30T00:00:00.000Z,81.3,62.5,46.2,46.2,40
יוספטל,81.3,2022-04-30T00:00:00.000Z,81.3,62.5,46.2,46.2,40
יוספטל,81.3,2022-04-30T00:00:00.000Z,81.3,62.5,46.2,46.2,40
יוספטל,81.3,2022-04-30T00:00:00.000Z,81.3,62.5,46.2,46.2,40
יוספטל,81.3,2022-04-30T00:00:00.000Z,81.3,62.5,46.2,46.2,40
יוספטל,81.3,2022-04-30T00:00:00.000Z,81.3,62.5,46.2,46.2,40
יוספטל,81.3,2022-04-30T00:00:00.000Z,81.3,62.5,46.2,46.2,40
יוספטל,81.3,2022-04-30T00:00:00.000Z,81.3,62.5,46.2,46.2,40
יוספטל,81.3,2022-04-30T00:00:00.000Z,81.3,62.5,46.2,46.2,40
יוספטל,81.3,2022-04-30T00:00:00.000Z,81.3,62.5,46.2,46.2,40
יוספטל,81.3,2022-04-30T00:00:00.000Z,81.3,62.5,46.2,46.2,40
יוספטל,81.3,2022-04-30T00:00:00.000Z,81.3,62.5,46.2,46.2,40
יוספטל,81.3,2022-04-30T00:00:00.000Z,81.3,62.5,46.2,46.2,40
יוספטל,81.3,2022-04-30T00:00:00.000Z,81.3,62.5,46.2,46.2,40
יוספטל,81.3,2022-04-30T00:00:00.000Z,81.3,62.5,46.2,46.2,40
יוספטל,81.3,2022-04-30T00:00:00.000Z,81.3,62.5,46.2,46.2,40
יוספטל,81.3,2022-04-30T00:00:00.000Z,81.3,62.5,46.2,46.2,40
יוספטל,81.3,2022-04-30T00:00:00.000Z,81.3,62.5,46.2,46.2,40
יוספטל,81.3,2022-04-30T00:00:00.000Z,81.3,62.5,46.2,46.2,40
יוספטל,81.3,2022-04-30T00:00:00.000Z,81.3,62.5,46.2,46.2,40
יוספטל,81.3,2022-04-30T00:00:00.000Z,81.3,62.5,46.2,46.2,40
יוספטל,81.3,2022-04-30T00:00:00.000Z,81.3,62.5,46.2,46.2,40
יוספטל,81.3,2022-04-30T00:00:00.000Z,81.3,62.5,46.2,46.2,40
יוספטל,81.3,2022-04-30T00:00:00.000Z,81.3,62.5,46.2,46.2,40
יוספטל,81.3,2022-04-30T00:00:00.000Z,81.3,62.5,46.2,46.2,40
יוספטל,81.3,2022-04-30T00:00:00.000Z,81.3,62.5,46.2,46.2,40
יוספטל,81.3,2022-04-30T00:00:00.000Z,81.3,62.5,46.2,46.2,40
יוספטל,81.3,2022-04-30T00:00:00.000Z,81.3,62.5,46.2,46.2,40
יוספטל,81.3,2022-04-30T00:00:00.000Z,81.3,62.5,46.2,46.2,40
יוספטל,81.3,2022-04-30T00:00:00.000Z,81.3,62.5,46.2,46.2,40
יוספטל,81.3,2022-04-30T00:00:00.000Z,81.3,62.5,46.2,46.2,40
יוספטל,81.3,2022-04-30T00:00:00.000Z,81.3,62.5,46.2,46.2,40
יוספטל,81.3,2022-04-30T00:00:00.000Z,81.3,62.5,46.2,46.2,40
הלל יפה,114.4,2022-04-30T00:00:00.000Z,114.4,80.8,82.1,82.1,74.6
הלל יפה,114.4,2022-04-30T00:00:00.000Z,114.4,80.8,82.1,82.1,74.6
הלל יפה,114.4,2022-04-30T00:00:00.000Z,114.4,80.8,82.1,82.1,74.6
הלל יפה,114.4,2022-04-30T00:00:00.000Z,114.4,80.8,82.1,82.1,74.6
הלל יפה,114.4,2022-04-30T00:00:00.000Z,114.4,80.8,82.1,82.1,74.6
הלל יפה,114.4,2022-04-30T00:00:00.000Z,114.4,80.8,82.1,82.1,74.6
הלל יפה,114.4,2022-04-30T00:00:00.000Z,114.4,80.8,82.1,82.1,74.6
הלל יפה,114.4,2022-04-30T00:00:00.000Z,114.4,80.8,82.1,82.1,74.6
הלל יפה,114.4,2022-04-30T00:00:00.000Z,114.4,80.8,82.1,82.1,74.6
הלל יפה,114.4,2022-04-30T00:00:00.000Z,114.4,80.8,82.1,82.1,74.6
הלל יפה,114.4,2022-04-30T00:00:00.000Z,114.4,80.8,82.1,82.1,74.6
הלל יפה,114.4,2022-04-30T00:00:00.000Z,114.4,80.8,82.1,82.1,74.6
הלל יפה,114.4,2022-04-30T00:00:00.000Z,114.4,80.8,82.1,82.1,74.6
הלל יפה,114.4,2022-04-30T00:00:00.000Z,114.4,80.8,82.1,82.1,74.6
הלל יפה,114.4,2022-04-30T00:00:00.000Z,114.4,80.8,82.1,82.1,74.6
הלל יפה,114.4,2022-04-30T00:00:00.000Z,114.4,80.8,82.1,82.1,74.6
הלל יפה,114.4,2022-04-30T00:00:00.000Z,114.4,80.8,82.1,82.1,74.6
הלל יפה,114.4,2022-04-30T00:00:00.000Z,114.4,80.8,82.1,82.1,74.6
הלל יפה,114.4,2022-04-30T00:00:00.000Z,114.4,80.8,82.1,82.1,74.6
הלל יפה,114.4,2022-04-30T00:00:00.000Z,114.4,80.8,82.1,82.1,74.6
הלל יפה,114.4,2022-04-30T00:00:00.000Z,114.4,80.8,82.1,82.1,74.6
הלל יפה,114.4,2022-04-30T00:00:00.000Z,114.4,80.8,82.1,82.1,74.6
הלל יפה,114.4,2022-04-30T00:00:00.000Z,114.4,80.8,82.1,82.1,74.6
הלל יפה,114.4,2022-04-30T00:00:00.000Z,114.4,80.8,82.1,82.1,74.6
הלל יפה,114.4,2022-04-30T00:00:00.000Z,114.4,80.8,82.1,82.1,74.6
הלל יפה,114.4,2022-04-30T00:00:00.000Z,114.4,80.8,82.1,82.1,74.6
הלל יפה,114.4,2022-04-30T00:00:00.000Z,114.4,80.8,82.1,82.1,74.6
הלל יפה,114.4,2022-04-30T00:00:00.000Z,114.4,80.8,82.1,82.1,74.6
הלל יפה,114.4,2022-04-30T00:00:00.000Z,114.4,80.8,82.1,82.1,74.6
הלל יפה,114.4,2022-04-30T00:00:00.000Z,114.4,80.8,82.1,82.1,74.6
הלל יפה,114.4,2022-04-30T00:00:00.000Z,114.4,80.8,82.1,82.1,74.6
הלל יפה,114.4,2022-04-30T00:00:00.000Z,114.4,80.8,82.1,82.1,74.6
הלל יפה,114.4,2022-04-30T00:00:00.000Z,114.4,80.8,82.1,82.1,74.6
הלל יפה,114.4,2022-04-30T00:00:00.000Z,114.4,80.8,82.1,82.1,74.6
"רמב""ם",98,2022-04-30T00:00:00.000Z,98,95.5,82.3,82.3,80.1
"רמב""ם",98,2022-04-30T00:00:00.000Z,98,95.5,82.3,82.3,80.1
"רמב""ם",98,2022-04-30T00:00:00.000Z,98,95.5,82.3,82.3,80.1
"רמב""ם",98,2022-04-30T00:00:00.000Z,98,95.5,82.3,82.3,80.1
"רמב""ם",98,2022-04-30T00:00:00.000Z,98,95.5,82.3,82.3,80.1
יוספטל,81.3,2022-04-30T00:00:00.000Z,81.3,62.5,46.2,46.2,40
יוספטל,81.3,2022-04-30T00:00:00.000Z,81.3,62.5,46.2,46.2,40
יוספטל,81.3,2022-04-30T00:00:00.000Z,81.3,62.5,46.2,46.2,40
יוספטל,81.3,2022-04-30T00:00:00.000Z,81.3,62.5,46.2,46.2,40
יוספטל,81.3,2022-04-30T00:00:00.000Z,81.3,62.5,46.2,46.2,40
יוספטל,81.3,2022-04-30T00:00:00.000Z,81.3,62.5,46.2,46.2,40
יוספטל,81.3,2022-04-30T00:00:00.000Z,81.3,62.5,46.2,46.2,40
יוספטל,81.3,2022-04-30T00:00:00.000Z,81.3,62.5,46.2,46.2,40
יוספטל,81.3,2022-04-30T00:00:00.000Z,81.3,62.5,46.2,46.2,40
יוספטל,81.3,2022-04-30T00:00:00.000Z,81.3,62.5,46.2,46.2,40
יוספטל,81.3,2022-04-30T00:00:00.000Z,81.3,62.5,46.2,46.2,40
יוספטל,81.3,2022-04-30T00:00:00.000Z,81.3,62.5,46.2,46.2,40
יוספטל,81.3,2022-04-30T00:00:00.000Z,81.3,62.5,46.2,46.2,40
יוספטל,81.3,2022-04-30T00:00:00.000Z,81.3,62.5,46.2,46.2,40
הלל יפה,114.4,2022-04-30T00:00:00.000Z,114.4,80.8,82.1,82.1,74.6
הלל יפה,114.4,2022-04-30T00:00:00.000Z,114.4,80.8,82.1,82.1,74.6
הלל יפה,114.4,2022-04-30T00:00:00.000Z,114.4,80.8,82.1,82.1,74.6
הלל יפה,114.4,2022-04-30T00:00:00.000Z,114.4,80.8,82.1,82.1,74.6
זיו צפת,90.6,2022-04-30T00:00:00.000Z,84.4,96.9,68.6,56.5,76.1
זיו צפת,90.6,2022-04-30T00:00:00.000Z,85.3,98.2,68.6,58.2,76.1
זיו צפת,90.6,2022-04-30T00:00:00.000Z,86.2,99.6,68.6,59.9,76.1
זיו צפת,90.6,2022-04-30T00:00:00.000Z,87.1,100.9,68.6,61.7,76.1
זיו צפת,90.6,2022-04-30T00:00:00.000Z,87.9,102.2,68.6,63.4,76.1
זיו צפת,90.6,2022-04-30T00:00:00.000Z,88.8,103.6,68.6,65.1,76.1
זיו צפת,90.6,2022-04-30T00:00:00.000Z,89.7,104.9,68.6,66.9,76.1
זיו צפת,90.6,2022-04-30T00:00:00.000Z,90.6,106.3,68.6,68.6,76.1
זיו צפת,90.6,2022-04-30T00:00:00.000Z,90.6,106.3,68.6,68.6,76.1
זיו צפת,90.6,2022-04-30T00:00:00.000Z,90.6,106.3,68.6,68.6,76.1
זיו צפת,90.6,2022-04-30T00:00:00.000Z,90.6,106.3,68.6,68.6,76.1
זיו צפת,90.6,2022-04-30T00:00:00.000Z,90.6,106.3,68.6,68.6,76.1
זיו צפת,90.6,2022-04-30T00:00:00.000Z,90.6,106.3,68.6,68.6,76.1
זיו צפת,90.6,2022-04-30T00:00:00.000Z,90.6,106.3,68.6,68.6,76.1
זיו צפת,90.6,2022-04-30T00:00:00.000Z,90.6,106.3,68.6,68.6,76.1
זיו צפת,90.6,2022-04-30T00:00:00.000Z,90.6,106.3,68.6,68.6,76.1
זיו צפת,90.6,2022-04-30T00:00:00.000Z,90.6,106.3,68.6,68.6,76.1
זיו צפת,90.6,2022-04-30T00:00:00.000Z,90.6,106.3,68.6,68.6,76.1
זיו צפת,90.6,2022-04-30T00:00:00.000Z,90.6,106.3,68.6,68.6,76.1
זיו צפת,90.6,2022-04-30T00:00:00.000Z,90.6,106.3,68.6,68.6,76.1
זיו צפת,90.6,2022-04-30T00:00:00.000Z,90.6,106.3,68.6,68.6,76.1
זיו צפת,90.6,2022-04-30T00:00:00.000Z,90.6,106.3,68.6,68.6,76.1
זיו צפת,90.6,2022-04-30T00:00:00.000Z,90.6,106.3,68.6,68.6,76.1
זיו צפת,90.6,2022-04-30T00:00:00.000Z,90.6,106.3,68.6,68.6,76.1
זיו צפת,90.6,2022-04-30T00:00:00.000Z,90.6,106.3,68.6,68.6,76.1
זיו צפת,90.6,2022-04-30T00:00:00.000Z,90.6,106.3,68.6,68.6,76.1
זיו צפת,90.6,2022-04-30T00:00:00.000Z,90.6,106.3,68.6,68.6,76.1
זיו צפת,90.6,2022-04-30T00:00:00.000Z,90.6,106.3,68.6,68.6,76.1
זיו צפת,90.6,2022-04-30T00:00:00.000Z,90.6,106.3,68.6,68.6,76.1
זיו צפת,90.6,2022-04-30T00:00:00.000Z,90.6,106.3,68.6,68.6,76.1
זיו צפת,90.6,2022-04-30T00:00:00.000Z,90.6,106.3,68.6,68.6,76.1
זיו צפת,90.6,2022-04-30T00:00:00.000Z,90.6,106.3,68.6,68.6,76.1
זיו צפת,90.6,2022-04-30T00:00:00.000Z,90.6,106.3,68.6,68.6,76.1
זיו צפת,90.6,2022-04-30T00:00:00.000Z,90.6,106.3,68.6,68.6,76.1
זיו צפת,90.6,2022-04-30T00:00:00.000Z,90.6,106.3,68.6,68.6,76.1
זיו צפת,90.6,2022-04-30T00:00:00.000Z,90.6,106.3,68.6,68.6,76.1
זיו צפת,90.6,2022-04-30T00:00:00.000Z,90.6,106.3,68.6,68.6,76.1
זיו צפת,90.6,2022-04-30T00:00:00.000Z,90.6,106.3,68.6,68.6,76.1
זיו צפת,90.6,2022-04-30T00:00:00.000Z,90.6,106.3,68.6,68.6,76.1
זיו צפת,90.6,2022-04-30T00:00:00.000Z,90.6,106.3,68.6,68.6,76.1
זיו צפת,90.6,2022-04-30T00:00:00.000Z,90.6,106.3,68.6,68.6,76.1
זיו צפת,90.6,2022-04-30T00:00:00.000Z,90.6,106.3,68.6,68.6,76.1
זיו צפת,90.6,2022-04-30T00:00:00.000Z,90.6,106.3,68.6,68.6,76.1
זיו צפת,90.6,2022-04-30T00:00:00.000Z,90.6,106.3,68.6,68.6,76.1
זיו צפת,90.6,2022-04-30T00:00:00.000Z,90.6,106.3,68.6,68.6,76.1
זיו צפת,90.6,2022-04-30T00:00:00.000Z,90.6,106.3,68.6,68.6,76.1
זיו צפת,90.6,2022-04-30T00:00:00.000Z,90.6,106.3,68.6,68.6,76.1
זיו צפת,90.6,2022-04-30T00:00:00.000Z,90.6,106.3,68.6,68.6,76.1
זיו צפת,90.6,2022-04-30T00:00:00.000Z,90.6,106.3,68.6,68.6,76.1
זיו צפת,90.6,2022-04-30T00:00:00.000Z,90.6,106.3,68.6,68.6,76.1
זיו צפת,90.6,2022-04-30T00:00:00.000Z,90.6,106.3,68.6,68.6,76.1
זיו צפת,90.6,2022-04-30T00:00:00.000Z,90.6,106.3,68.6,68.6,76.1
זיו צפת,90.6,2022-04-30T00:00:00.000Z,90.6,106.3,68.6,68.6,76.1
זיו צפת,90.6,2022-04-30T00:00:00.000Z,90.6,106.3,68.6,68.6,76.1
זיו צפת,90.6,2022-04-30T00:00:00.000Z,90.6,106.3,68.6,68.6,76.1
זיו צפת,90.6,2022-04-30T00:00:00.000Z,90.6,106.3,68.6,68.6,76.1
זיו צפת,90.6,2022-04-30T00:00:00.000Z,90.6,106.3,68.6,68.6,76.1
זיו צפת,90.6,2022-04-30T00:00:00.000Z,90.6,106.3,68.6,68.6,76.1
זיו צפת,90.6,2022-04-30T00:00:00.000Z,90.6,106.3,68.6,68.6,76.1
זיו צפת,90.6,2022-04-30T00:00:00.000Z,90.6,106.3,68.6,68.6,76.1
זיו צפת,90.6,2022-04-30T00:00:00.000Z,90.6,106.3,68.6,68.6,76.1
זיו צפת,90.6,2022-04-30T00:00:00.000Z,90.6,106.3,68.6,68.6,76.1
זיו צפת,90.6,2022-04-30T00:00:00.000Z,90.6,106.3,68.6,68.6,76.1
זיו צפת,90.6,2022-04-30T00:00:00.000Z,90.6,106.3,68.6,68.6,76.1
זיו צפת,90.6,2022-04-30T00:00:00.000Z,90.6,106.3,68.6,68.6,76.1
זיו צפת,90.6,2022-04-30T00:00:00.000Z,90.6,106.3,68.6,68.6,76.1
זיו צפת,90.6,2022-04-30T00:00:00.000Z,90.6,106.3,68.6,68.6,76.1
זיו צפת,90.6,2022-04-30T00:00:00.000Z,90.6,106.3,68.6,68.6,76.1
זיו צפת,90.6,2022-04-30T00:00:00.000Z,90.6,106.3,68.6,68.6,76.1
זיו צפת,90.6,2022-04-30T00:00:00.000Z,90.6,106.3,68.6,68.6,76.1
זיו צפת,90.6,2022-04-30T00:00:00.000Z,90.6,106.3,68.6,68.6,76.1
זיו צפת,90.6,2022-04-30T00:00:00.000Z,90.6,106.3,68.6,68.6,76.1
זיו צפת,90.6,2022-04-30T00:00:00.000Z,90.6,106.3,68.6,68.6,76.1
זיו צפת,90.6,2022-04-30T00:00:00.000Z,90.6,106.3,68.6,68.6,76.1
זיו צפת,90.6,2022-04-30T00:00:00.000Z,90.6,106.3,68.6,68.6,76.1
זיו צפת,90.6,2022-04-30T00:00:00.000Z,90.6,106.3,68.6,68.6,76.1
זיו צפת,90.6,2022-04-30T00:00:00.000Z,90.6,106.3,68.6,68.6,76.1
זיו צפת,90.6,2022-04-30T00:00:00.000Z,90.6,106.3,68.6,68.6,76.1
זיו צפת,90.6,2022-04-30T00:00:00.000Z,90.6,106.3,68.6,68.6,76.1
זיו צפת,90.6,2022-04-30T00:00:00.000Z,90.6,106.3,68.6,68.6,76.1
זיו צפת,90.6,2022-04-30T00:00:00.000Z,90.6,106.3,68.6,68.6,76.1
זיו צפת,90.6,2022-04-30T00:00:00.000Z,90.6,106.3,68.6,68.6,76.1
זיו צפת,90.6,2022-04-30T00:00:00.000Z,90.6,106.3,68.6,68.6,76.1
זיו צפת,90.6,2022-04-30T00:00:00.000Z,90.6,106.3,68.6,68.6,76.1
זיו צפת,90.6,2022-04-30T00:00:00.000Z,90.6,106.3,68.6,68.6,76.1
זיו צפת,90.6,2022-04-30T00:00:00.000Z,90.6,106.3,68.6,68.6,76.1
זיו צפת,90.6,2022-04-30T00:00:00.000Z,90.6,106.3,68.6,68.6,76.1
זיו צפת,90.6,2022-04-30T00:00:00.000Z,90.6,106.3,68.6,68.6,76.1
זיו צפת,90.6,2022-04-30T00:00:00.000Z,90.6,106.3,68.6,68.6,76.1
זיו צפת,90.6,2022-04-30T00:00:00.000Z,90.6,106.3,68.6,68.6,76.1
זיו צפת,90.6,2022-04-30T00:00:00.000Z,90.6,106.3,68.6,68.6,76.1
זיו צפת,90.6,2022-04-30T00:00:00.000Z,90.6,106.3,68.6,68.6,76.1
זיו צפת,90.6,2022-04-30T00:00:00.000Z,90.6,106.3,68.6,68.6,76.1
זיו צפת,90.6,2022-04-30T00:00:00.000Z,90.6,106.3,68.6,68.6,76.1
זיו צפת,90.6,2022-04-30T00:00:00.000Z,90.6,106.3,68.6,68.6,76.1
זיו צפת,90.6,2022-04-30T00:00:00.000Z,90.6,106.3,68.6,68.6,76.1
זיו צפת,90.6,2022-04-30T00:00:00.000Z,90.6,106.3,68.6,68.6,76.1
זיו צפת,90.6,2022-04-30T00:00:00.000Z,90.6,106.3,68.6,68.6,76.1
זיו צפת,90.6,2022-04-30T00:00:00.000Z,90.6,106.3,68.6,68.6,76.1
זיו צפת,90.6,2022-04-30T00:00:00.000Z,90.6,106.3,68.6,68.6,76.1
זיו צפת,90.6,2022-04-30T00:00:00.000Z,90.6,106.3,68.6,68.6,76.1
זיו צפת,90.6,2022-04-30T00:00:00.000Z,90.6,106.3,68.6,68.6,76.1
זיו צפת,90.6,2022-04-30T00:00:00.000Z,90.6,106.3,68.6,68.6,76.1
זיו צפת,90.6,2022-04-30T00:00:00.000Z,90.6,106.3,68.6,68.6,76.1
זיו צפת,90.6,2022-04-30T00:00:00.000Z,90.6,106.3,68.6,68.6,76.1
זיו צפת,90.6,2022-04-30T00:00:00.000Z,90.6,106.3,68.6,68.6,76.1
זיו צפת,90.6,2022-04-30T00:00:00.000Z,90.6,106.3,68.6,68.6,76.1
זיו צפת,90.6,2022-04-30T00:00:00.000Z,90.6,106.3,68.6,68.6,76.1
זיו צפת,90.6,2022-04-30T00:00:00.000Z,90.6,106.3,68.6,68.6,76.1
זיו צפת,90.6,2022-04-30T00:00:00.000Z,90.6,106.3,68.6,68.6,76.1
זיו צפת,90.6,2022-04-30T00:00:00.000Z,90.6,106.3,68.6,68.6,76.1
זיו צפת,90.6,2022-04-30T00:00:00.000Z,90.6,106.3,68.6,68.6,76.1
זיו צפת,90.6,2022-04-30T00:00:00.000Z,90.6,106.3,68.6,68.6,76.1
זיו צפת,90.6,2022-04-30T00:00:00.000Z,90.6,106.3,68.6,68.6,76.1
זיו צפת,90.6,2022-04-30T00:00:00.000Z,90.6,106.3,68.6,68.6,76.1
זיו צפת,90.6,2022-04-30T00:00:00.000Z,90.6,106.3,68.6,68.6,76.1
זיו צפת,90.6,2022-04-30T00:00:00.000Z,90.6,106.3,68.6,68.6,76.1
זיו צפת,90.6,2022-04-30T00:00:00.000Z,90.6,106.3,68.6,68.6,76.1
זיו צפת,90.6,2022-04-30T00:00:00.000Z,90.6,106.3,68.6,68.6,76.1
זיו צפת,90.6,2022-04-30T00:00:00.000Z,90.6,106.3,68.6,68.6,76.1
זיו צפת,90.6,2022-04-30T00:00:00.000Z,90.6,106.3,68.6,68.6,76.1
זיו צפת,90.6,2022-04-30T00:00:00.000Z,90.6,106.3,68.6,68.6,76.1
זיו צפת,90.6,2022-04-30T00:00:00.000Z,90.6,106.3,68.6,68.6,76.1
זיו צפת,90.6,2022-04-30T00:00:00.000Z,90.6,106.3,68.6,68.6,76.1
זיו צפת,90.6,2022-04-30T00:00:00.000Z,90.6,106.3,68.6,68.6,76.1
זיו צפת,90.6,2022-04-30T00:00:00.000Z,90.6,106.3,68.6,68.6,76.1
זיו צפת,90.6,2022-04-30T00:00:00.000Z,90.6,106.3,68.6,68.6,76.1
זיו צפת,90.6,2022-04-30T00:00:00.000Z,90.6,106.3,68.6,68.6,76.1
זיו צפת,90.6,2022-04-30T00:00:00.000Z,90.6,106.3,68.6,68.6,76.1
זיו צפת,90.6,2022-04-30T00:00:00.000Z,90.6,106.3,68.6,68.6,76.1
זיו צפת,90.6,2022-04-30T00:00:00.000Z,90.6,106.3,68.6,68.6,76.1
זיו צפת,90.6,2022-04-30T00:00:00.000Z,90.6,106.3,68.6,68.6,76.1
זיו צפת,90.6,2022-04-30T00:00:00.000Z,90.6,106.3,68.6,68.6,76.1
זיו צפת,90.6,2022-04-30T00:00:00.000Z,90.6,106.3,68.6,68.6,76.1
זיו צפת,90.6,2022-04-30T00:00:00.000Z,90.6,106.3,68.6,68.6,76.1
זיו צפת,90.6,2022-04-30T00:00:00.000Z,90.6,106.3,68.6,68.6,76.1
זיו צפת,90.6,2022-04-30T00:00:00.000Z,90.6,106.3,68.6,68.6,76.1
שמיר,90.7,2022-04-30T00:00:00.000Z,83.8,86.5,70.4,66.7,67.3
זיו צפת,90.6,2022-04-30T00:00:00.000Z,90.6,106.3,68.6,68.6,76.1
זיו צפת,90.6,2022-04-30T00:00:00.000Z,90.6,106.3,68.6,68.6,76.1
זיו צפת,90.6,2022-04-30T00:00:00.000Z,90.6,106.3,68.6,68.6,76.1
זיו צפת,90.6,2022-04-30T00:00:00.000Z,90.6,106.3,68.6,68.6,76.1
זיו צפת,90.6,2022-04-30T00:00:00.000Z,90.6,106.3,68.6,68.6,76.1
זיו צפת,90.6,2022-04-30T00:00:00.000Z,90.6,106.3,68.6,68.6,76.1
זיו צפת,90.6,2022-04-30T00:00:00.000Z,90.6,106.3,68.6,68.6,76.1
זיו צפת,90.6,2022-04-30T00:00:00.000Z,90.6,106.3,68.6,68.6,76.1
זיו צפת,90.6,2022-04-30T00:00:00.000Z,90.6,106.3,68.6,68.6,76.1
זיו צפת,90.6,2022-04-30T00:00:00.000Z,90.6,106.3,68.6,68.6,76.1
זיו צפת,90.6,2022-04-30T00:00:00.000Z,90.6,106.3,68.6,68.6,76.1
זיו צפת,90.6,2022-04-30T00:00:00.000Z,90.6,106.3,68.6,68.6,76.1
זיו צפת,90.6,2022-04-30T00:00:00.000Z,90.6,106.3,68.6,68.6,76.1
זיו צפת,90.6,2022-04-30T00:00:00.000Z,90.6,106.3,68.6,68.6,76.1
זיו צפת,90.6,2022-04-30T00:00:00.000Z,90.6,106.3,68.6,68.6,76.1
זיו צפת,90.6,2022-04-30T00:00:00.000Z,90.6,106.3,68.6,68.6,76.1
זיו צפת,90.6,2022-04-30T00:00:00.000Z,90.6,106.3,68.6,68.6,76.1
זיו צפת,90.6,2022-04-30T00:00:00.000Z,90.6,106.3,68.6,68.6,76.1
זיו צפת,90.6,2022-04-30T00:00:00.000Z,90.6,106.3,68.6,68.6,76.1
זיו צפת,90.6,2022-04-30T00:00:00.000Z,90.6,106.3,68.6,68.6,76.1
זיו צפת,90.6,2022-04-30T00:00:00.000Z,90.6,106.3,68.6,68.6,76.1
זיו צפת,90.6,2022-04-30T00:00:00.000Z,90.6,106.3,68.6,68.6,76.1
זיו צפת,90.6,2022-04-30T00:00:00.000Z,90.6,106.3,68.6,68.6,76.1
זיו צפת,90.6,2022-04-30T00:00:00.000Z,90.6,106.3,68.6,68.6,76.1
זיו צפת,90.6,2022-04-30T00:00:00.000Z,90.6,106.3,68.6,68.6,76.1
זיו צפת,90.6,2022-04-30T00:00:00.000Z,90.6,106.3,68.6,68.6,76.1
זיו צפת,90.6,2022-04-30T00:00:00.000Z,90.6,106.3,68.6,68.6,76.1
זיו צפת,90.6,2022-04-30T00:00:00.000Z,90.6,106.3,68.6,68.6,76.1
זיו צפת,90.6,2022-04-30T00:00:00.000Z,90.6,106.3,68.6,68.6,76.1
זיו צפת,90.6,2022-04-30T00:00:00.000Z,90.6,106.3,68.6,68.6,76.1
זיו צפת,90.6,2022-04-30T00:00:00.000Z,90.6,106.3,68.6,68.6,76.1
זיו צפת,90.6,2022-04-30T00:00:00.000Z,90.6,106.3,68.6,68.6,76.1
זיו צפת,90.6,2022-04-30T00:00:00.000Z,90.6,106.3,68.6,68.6,76.1
זיו צפת,90.6,2022-04-30T00:00:00.000Z,90.6,106.3,68.6,68.6,76.1
שמיר,90.7,2022-04-30T00:00:00.000Z,84.8,86.5,70.4,67.2,66.7
שמיר,90.7,2022-04-30T00:00:00.000Z,85.8,86.5,70.4,67.7,66
שמיר,90.7,2022-04-30T00:00:00.000Z,86.8,86.5,70.4,68.3,65.3
שמיר,90.7,2022-04-30T00:00:00.000Z,87.8,86.5,70.4,68.8,64.6
שמיר,90.7,2022-04-30T00:00:00.000Z,88.7,86.5,70.4,69.3,63.9
שמיר,90.7,2022-04-30T00:00:00.000Z,89.7,86.5,70.4,69.8,63.2
שמיר,90.7,2022-04-30T00:00:00.000Z,90.7,86.5,70.4,70.4,62.5
שמיר,90.7,2022-04-30T00:00:00.000Z,90.7,86.5,70.4,70.4,62.5
שמיר,90.7,2022-04-30T00:00:00.000Z,90.7,86.5,70.4,70.4,62.5
שמיר,90.7,2022-04-30T00:00:00.000Z,90.7,86.5,70.4,70.4,62.5
שמיר,90.7,2022-04-30T00:00:00.000Z,90.7,86.5,70.4,70.4,62.5
שמיר,90.7,2022-04-30T00:00:00.000Z,90.7,86.5,70.4,70.4,62.5
שמיר,90.7,2022-04-30T00:00:00.000Z,90.7,86.5,70.4,70.4,62.5
שמיר,90.7,2022-04-30T00:00:00.000Z,90.7,86.5,70.4,70.4,62.5
שמיר,90.7,2022-04-30T00:00:00.000Z,90.7,86.5,70.4,70.4,62.5
שמיר,90.7,2022-04-30T00:00:00.000Z,90.7,86.5,70.4,70.4,62.5
שמיר,90.7,2022-04-30T00:00:00.000Z,90.7,86.5,70.4,70.4,62.5
שמיר,90.7,2022-04-30T00:00:00.000Z,90.7,86.5,70.4,70.4,62.5
שמיר,90.7,2022-04-30T00:00:00.000Z,90.7,86.5,70.4,70.4,62.5
שמיר,90.7,2022-04-30T00:00:00.000Z,90.7,86.5,70.4,70.4,62.5
שמיר,90.7,2022-04-30T00:00:00.000Z,90.7,86.5,70.4,70.4,62.5
שמיר,90.7,2022-04-30T00:00:00.000Z,90.7,86.5,70.4,70.4,62.5
שמיר,90.7,2022-04-30T00:00:00.000Z,90.7,86.5,70.4,70.4,62.5
שמיר,90.7,2022-04-30T00:00:00.000Z,90.7,86.5,70.4,70.4,62.5
שמיר,90.7,2022-04-30T00:00:00.000Z,90.7,86.5,70.4,70.4,62.5
שמיר,90.7,2022-04-30T00:00:00.000Z,90.7,86.5,70.4,70.4,62.5
שמיר,90.7,2022-04-30T00:00:00.000Z,90.7,86.5,70.4,70.4,62.5
שמיר,90.7,2022-04-30T00:00:00.000Z,90.7,86.5,70.4,70.4,62.5
שמיר,90.7,2022-04-30T00:00:00.000Z,90.7,86.5,70.4,70.4,62.5
שמיר,90.7,2022-04-30T00:00:00.000Z,90.7,86.5,70.4,70.4,62.5
שמיר,90.7,2022-04-30T00:00:00.000Z,90.7,86.5,70.4,70.4,62.5
שמיר,90.7,2022-04-30T00:00:00.000Z,90.7,86.5,70.4,70.4,62.5
שמיר,90.7,2022-04-30T00:00:00.000Z,90.7,86.5,70.4,70.4,62.5
שמיר,90.7,2022-04-30T00:00:00.000Z,90.7,86.5,70.4,70.4,62.5
זיו צפת,90.6,2022-04-30T00:00:00.000Z,90.6,106.3,68.6,68.6,76.1
זיו צפת,90.6,2022-04-30T00:00:00.000Z,90.6,106.3,68.6,68.6,76.1
זיו צפת,90.6,2022-04-30T00:00:00.000Z,90.6,106.3,68.6,68.6,76.1
זיו צפת,90.6,2022-04-30T00:00:00.000Z,90.6,106.3,68.6,68.6,76.1
זיו צפת,90.6,2022-04-30T00:00:00.000Z,90.6,106.3,68.6,68.6,76.1
זיו צפת,90.6,2022-04-30T00:00:00.000Z,90.6,106.3,68.6,68.6,76.1
זיו צפת,90.6,2022-04-30T00:00:00.000Z,90.6,106.3,68.6,68.6,76.1
זיו צפת,90.6,2022-04-30T00:00:00.000Z,90.6,106.3,68.6,68.6,76.1
זיו צפת,90.6,2022-04-30T00:00:00.000Z,90.6,106.3,68.6,68.6,76.1
זיו צפת,90.6,2022-04-30T00:00:00.000Z,90.6,106.3,68.6,68.6,76.1
זיו צפת,90.6,2022-04-30T00:00:00.000Z,90.6,106.3,68.6,68.6,76.1
זיו צפת,90.6,2022-04-30T00:00:00.000Z,90.6,106.3,68.6,68.6,76.1
זיו צפת,90.6,2022-04-30T00:00:00.000Z,90.6,106.3,68.6,68.6,76.1
זיו צפת,90.6,2022-04-30T00:00:00.000Z,90.6,106.3,68.6,68.6,76.1
זיו צפת,90.6,2022-04-30T00:00:00.000Z,90.6,106.3,68.6,68.6,76.1
זיו צפת,90.6,2022-04-30T00:00:00.000Z,90.6,106.3,68.6,68.6,76.1
זיו צפת,90.6,2022-04-30T00:00:00.000Z,90.6,106.3,68.6,68.6,76.1
זיו צפת,90.6,2022-04-30T00:00:00.000Z,90.6,106.3,68.6,68.6,76.1
זיו צפת,90.6,2022-04-30T00:00:00.000Z,90.6,106.3,68.6,68.6,76.1
זיו צפת,90.6,2022-04-30T00:00:00.000Z,90.6,106.3,68.6,68.6,76.1
זיו צפת,90.6,2022-04-30T00:00:00.000Z,90.6,106.3,68.6,68.6,76.1
זיו צפת,90.6,2022-04-30T00:00:00.000Z,90.6,106.3,68.6,68.6,76.1
זיו צפת,90.6,2022-04-30T00:00:00.000Z,90.6,106.3,68.6,68.6,76.1
זיו צפת,90.6,2022-04-30T00:00:00.000Z,90.6,106.3,68.6,68.6,76.1
זיו צפת,90.6,2022-04-30T00:00:00.000Z,90.6,106.3,68.6,68.6,76.1
זיו צפת,90.6,2022-04-30T00:00:00.000Z,90.6,106.3,68.6,68.6,76.1
זיו צפת,90.6,2022-04-30T00:00:00.000Z,90.6,106.3,68.6,68.6,76.1
זיו צפת,90.6,2022-04-30T00:00:00.000Z,90.6,106.3,68.6,68.6,76.1
זיו צפת,90.6,2022-04-30T00:00:00.000Z,90.6,106.3,68.6,68.6,76.1
זיו צפת,90.6,2022-04-30T00:00:00.000Z,90.6,106.3,68.6,68.6,76.1
זיו צפת,90.6,2022-04-30T00:00:00.000Z,90.6,106.3,68.6,68.6,76.1
זיו צפת,90.6,2022-04-30T00:00:00.000Z,90.6,106.3,68.6,68.6,76.1
זיו צפת,90.6,2022-04-30T00:00:00.000Z,90.6,106.3,68.6,68.6,76.1
זיו צפת,90.6,2022-04-30T00:00:00.000Z,90.6,106.3,68.6,68.6,76.1
זיו צפת,90.6,2022-04-30T00:00:00.000Z,90.6,106.3,68.6,68.6,76.1
זיו צפת,90.6,2022-04-30T00:00:00.000Z,90.6,106.3,68.6,68.6,76.1
זיו צפת,90.6,2022-04-30T00:00:00.000Z,90.6,106.3,68.6,68.6,76.1
זיו צפת,90.6,2022-04-30T00:00:00.000Z,90.6,106.3,68.6,68.6,76.1
זיו צפת,90.6,2022-04-30T00:00:00.000Z,90.6,106.3,68.6,68.6,76.1
זיו צפת,90.6,2022-04-30T00:00:00.000Z,90.6,106.3,68.6,68.6,76.1
זיו צפת,90.6,2022-04-30T00:00:00.000Z,90.6,106.3,68.6,68.6,76.1
זיו צפת,90.6,2022-04-30T00:00:00.000Z,90.6,106.3,68.6,68.6,76.1
זיו צפת,90.6,2022-04-30T00:00:00.000Z,90.6,106.3,68.6,68.6,76.1
זיו צפת,90.6,2022-04-30T00:00:00.000Z,90.6,106.3,68.6,68.6,76.1
זיו צפת,90.6,2022-04-30T00:00:00.000Z,90.6,106.3,68.6,68.6,76.1
זיו צפת,90.6,2022-04-30T00:00:00.000Z,90.6,106.3,68.6,68.6,76.1
זיו צפת,90.6,2022-04-30T00:00:00.000Z,90.6,106.3,68.6,68.6,76.1
זיו צפת,90.6,2022-04-30T00:00:00.000Z,90.6,106.3,68.6,68.6,76.1
זיו צפת,90.6,2022-04-30T00:00:00.000Z,90.6,106.3,68.6,68.6,76.1
זיו צפת,90.6,2022-04-30T00:00:00.000Z,90.6,106.3,68.6,68.6,76.1
זיו צפת,90.6,2022-04-30T00:00:00.000Z,90.6,106.3,68.6,68.6,76.1
זיו צפת,90.6,2022-04-30T00:00:00.000Z,90.6,106.3,68.6,68.6,76.1
זיו צפת,90.6,2022-04-30T00:00:00.000Z,90.6,106.3,68.6,68.6,76.1
זיו צפת,90.6,2022-04-30T00:00:00.000Z,90.6,106.3,68.6,68.6,76.1
שמיר,90.7,2022-04-30T00:00:00.000Z,90.7,86.5,70.4,70.4,62.5
שמיר,90.7,2022-04-30T00:00:00.000Z,90.7,86.5,70.4,70.4,62.5
שמיר,90.7,2022-04-30T00:00:00.000Z,90.7,86.5,70.4,70.4,62.5
שמיר,90.7,2022-04-30T00:00:00.000Z,90.7,86.5,70.4,70.4,62.5
שמיר,90.7,2022-04-30T00:00:00.000Z,90.7,86.5,70.4,70.4,62.5
שמיר,90.7,2022-04-30T00:00:00.000Z,90.7,86.5,70.4,70.4,62.5
שמיר,90.7,2022-04-30T00:00:00.000Z,90.7,86.5,70.4,70.4,62.5
שמיר,90.7,2022-04-30T00:00:00.000Z,90.7,86.5,70.4,70.4,62.5
שמיר,90.7,2022-04-30T00:00:00.000Z,90.7,86.5,70.4,70.4,62.5
שמיר,90.7,2022-04-30T00:00:00.000Z,90.7,86.5,70.4,70.4,62.5
שמיר,90.7,2022-04-30T00:00:00.000Z,90.7,86.5,70.4,70.4,62.5
שמיר,90.7,2022-04-30T00:00:00.000Z,90.7,86.5,70.4,70.4,62.5
שמיר,90.7,2022-04-30T00:00:00.000Z,90.7,86.5,70.4,70.4,62.5
שמיר,90.7,2022-04-30T00:00:00.000Z,90.7,86.5,70.4,70.4,62.5
שמיר,90.7,2022-04-30T00:00:00.000Z,90.7,86.5,70.4,70.4,62.5
שמיר,90.7,2022-04-30T00:00:00.000Z,90.7,86.5,70.4,70.4,62.5
שמיר,90.7,2022-04-30T00:00:00.000Z,90.7,86.5,70.4,70.4,62.5
שמיר,90.7,2022-04-30T00:00:00.000Z,90.7,86.5,70.4,70.4,62.5
שמיר,90.7,2022-04-30T00:00:00.000Z,90.7,86.5,70.4,70.4,62.5
שמיר,90.7,2022-04-30T00:00:00.000Z,90.7,86.5,70.4,70.4,62.5
שמיר,90.7,2022-04-30T00:00:00.000Z,90.7,86.5,70.4,70.4,62.5
שמיר,90.7,2022-04-30T00:00:00.000Z,90.7,86.5,70.4,70.4,62.5
שמיר,90.7,2022-04-30T00:00:00.000Z,90.7,86.5,70.4,70.4,62.5
שמיר,90.7,2022-04-30T00:00:00.000Z,90.7,86.5,70.4,70.4,62.5
שמיר,90.7,2022-04-30T00:00:00.000Z,90.7,86.5,70.4,70.4,62.5
שמיר,90.7,2022-04-30T00:00:00.000Z,90.7,86.5,70.4,70.4,62.5
שמיר,90.7,2022-04-30T00:00:00.000Z,90.7,86.5,70.4,70.4,62.5
שמיר,90.7,2022-04-30T00:00:00.000Z,90.7,86.5,70.4,70.4,62.5
שמיר,90.7,2022-04-30T00:00:00.000Z,90.7,86.5,70.4,70.4,62.5
שמיר,90.7,2022-04-30T00:00:00.000Z,90.7,86.5,70.4,70.4,62.5
שמיר,90.7,2022-04-30T00:00:00.000Z,90.7,86.5,70.4,70.4,62.5
שמיר,90.7,2022-04-30T00:00:00.000Z,90.7,86.5,70.4,70.4,62.5
שמיר,90.7,2022-04-30T00:00:00.000Z,90.7,86.5,70.4,70.4,62.5
שמיר,90.7,2022-04-30T00:00:00.000Z,90.7,86.5,70.4,70.4,62.5
שמיר,90.7,2022-04-30T00:00:00.000Z,90.7,86.5,70.4,70.4,62.5
שמיר,90.7,2022-04-30T00:00:00.000Z,90.7,86.5,70.4,70.4,62.5
שמיר,90.7,2022-04-30T00:00:00.000Z,90.7,86.5,70.4,70.4,62.5
שמיר,90.7,2022-04-30T00:00:00.000Z,90.7,86.5,70.4,70.4,62.5
שמיר,90.7,2022-04-30T00:00:00.000Z,90.7,86.5,70.4,70.4,62.5
שמיר,90.7,2022-04-30T00:00:00.000Z,90.7,86.5,70.4,70.4,62.5
שמיר,90.7,2022-04-30T00:00:00.000Z,90.7,86.5,70.4,70.4,62.5
שמיר,90.7,2022-04-30T00:00:00.000Z,90.7,86.5,70.4,70.4,62.5
שמיר,90.7,2022-04-30T00:00:00.000Z,90.7,86.5,70.4,70.4,62.5
שמיר,90.7,2022-04-30T00:00:00.000Z,90.7,86.5,70.4,70.4,62.5
שמיר,90.7,2022-04-30T00:00:00.000Z,90.7,86.5,70.4,70.4,62.5
שמיר,90.7,2022-04-30T00:00:00.000Z,90.7,86.5,70.4,70.4,62.5
שמיר,90.7,2022-04-30T00:00:00.000Z,90.7,86.5,70.4,70.4,62.5
שמיר,90.7,2022-04-30T00:00:00.000Z,90.7,86.5,70.4,70.4,62.5
שמיר,90.7,2022-04-30T00:00:00.000Z,90.7,86.5,70.4,70.4,62.5
שמיר,90.7,2022-04-30T00:00:00.000Z,90.7,86.5,70.4,70.4,62.5
שמיר,90.7,2022-04-30T00:00:00.000Z,90.7,86.5,70.4,70.4,62.5
שמיר,90.7,2022-04-30T00:00:00.000Z,90.7,86.5,70.4,70.4,62.5
שמיר,90.7,2022-04-30T00:00:00.000Z,90.7,86.5,70.4,70.4,62.5
שמיר,90.7,2022-04-30T00:00:00.000Z,90.7,86.5,70.4,70.4,62.5
שמיר,90.7,2022-04-30T00:00:00.000Z,90.7,86.5,70.4,70.4,62.5
שמיר,90.7,2022-04-30T00:00:00.000Z,90.7,86.5,70.4,70.4,62.5
שמיר,90.7,2022-04-30T00:00:00.000Z,90.7,86.5,70.4,70.4,62.5
שמיר,90.7,2022-04-30T00:00:00.000Z,90.7,86.5,70.4,70.4,62.5
שמיר,90.7,2022-04-30T00:00:00.000Z,90.7,86.5,70.4,70.4,62.5
שמיר,90.7,2022-04-30T00:00:00.000Z,90.7,86.5,70.4,70.4,62.5
שמיר,90.7,2022-04-30T00:00:00.000Z,90.7,86.5,70.4,70.4,62.5
שמיר,90.7,2022-04-30T00:00:00.000Z,90.7,86.5,70.4,70.4,62.5
שמיר,90.7,2022-04-30T00:00:00.000Z,90.7,86.5,70.4,70.4,62.5
שמיר,90.7,2022-04-30T00:00:00.000Z,90.7,86.5,70.4,70.4,62.5
שמיר,90.7,2022-04-30T00:00:00.000Z,90.7,86.5,70.4,70.4,62.5
שמיר,90.7,2022-04-30T00:00:00.000Z,90.7,86.5,70.4,70.4,62.5
שמיר,90.7,2022-04-30T00:00:00.000Z,90.7,86.5,70.4,70.4,62.5
שמיר,90.7,2022-04-30T00:00:00.000Z,90.7,86.5,70.4,70.4,62.5
שמיר,90.7,2022-04-30T00:00:00.000Z,90.7,86.5,70.4,70.4,62.5
שמיר,90.7,2022-04-30T00:00:00.000Z,90.7,86.5,70.4,70.4,62.5
שמיר,90.7,2022-04-30T00:00:00.000Z,90.7,86.5,70.4,70.4,62.5
שמיר,90.7,2022-04-30T00:00:00.000Z,90.7,86.5,70.4,70.4,62.5
שמיר,90.7,2022-04-30T00:00:00.000Z,90.7,86.5,70.4,70.4,62.5
שמיר,90.7,2022-04-30T00:00:00.000Z,90.7,86.5,70.4,70.4,62.5
שמיר,90.7,2022-04-30T00:00:00.000Z,90.7,86.5,70.4,70.4,62.5
שמיר,90.7,2022-04-30T00:00:00.000Z,90.7,86.5,70.4,70.4,62.5
שמיר,90.7,2022-04-30T00:00:00.000Z,90.7,86.5,70.4,70.4,62.5
שמיר,90.7,2022-04-30T00:00:00.000Z,90.7,86.5,70.4,70.4,62.5
שמיר,90.7,2022-04-30T00:00:00.000Z,90.7,86.5,70.4,70.4,62.5
שמיר,90.7,2022-04-30T00:00:00.000Z,90.7,86.5,70.4,70.4,62.5
שמיר,90.7,2022-04-30T00:00:00.000Z,90.7,86.5,70.4,70.4,62.5
שמיר,90.7,2022-04-30T00:00:00.000Z,90.7,86.5,70.4,70.4,62.5
שמיר,90.7,2022-04-30T00:00:00.000Z,90.7,86.5,70.4,70.4,62.5
שמיר,90.7,2022-04-30T00:00:00.000Z,90.7,86.5,70.4,70.4,62.5
שמיר,90.7,2022-04-30T00:00:00.000Z,90.7,86.5,70.4,70.4,62.5
שמיר,90.7,2022-04-30T00:00:00.000Z,90.7,86.5,70.4,70.4,62.5
שמיר,90.7,2022-04-30T00:00:00.000Z,90.7,86.5,70.4,70.4,62.5
שמיר,90.7,2022-04-30T00:00:00.000Z,90.7,86.5,70.4,70.4,62.5
שמיר,90.7,2022-04-30T00:00:00.000Z,90.7,86.5,70.4,70.4,62.5
שמיר,90.7,2022-04-30T00:00:00.000Z,90.7,86.5,70.4,70.4,62.5
שמיר,90.7,2022-04-30T00:00:00.000Z,90.7,86.5,70.4,70.4,62.5
שמיר,90.7,2022-04-30T00:00:00.000Z,90.7,86.5,70.4,70.4,62.5
פוריה,73.1,2022-04-30T00:00:00.000Z,73.1,66.7,71.3,71.3,65.4
פוריה,73.1,2022-04-30T00:00:00.000Z,73.1,66.7,71.3,71.3,65.4
פוריה,73.1,2022-04-30T00:00:00.000Z,73.1,66.7,71.3,71.3,65.4
פוריה,73.1,2022-04-30T00:00:00.000Z,73.1,66.7,71.3,71.3,65.4
פוריה,73.1,2022-04-30T00:00:00.000Z,73.1,66.7,71.3,71.3,65.4
פוריה,73.1,2022-04-30T00:00:00.000Z,73.1,66.7,71.3,71.3,65.4
פוריה,73.1,2022-04-30T00:00:00.000Z,73.1,66.7,71.3,71.3,65.4
פוריה,73.1,2022-04-30T00:00:00.000Z,73.1,66.7,71.3,71.3,65.4
פוריה,73.1,2022-04-30T00:00:00.000Z,73.1,66.7,71.3,71.3,65.4
רבין ק. בילינסון,128.2,2022-04-30T00:00:00.000Z,128.2,89.9,93.7,93.7,77.4
רבין ק. בילינסון,128.2,2022-04-30T00:00:00.000Z,128.2,89.9,93.7,93.7,77.4
רבין ק. בילינסון,128.2,2022-04-30T00:00:00.000Z,128.2,89.9,93.7,93.7,77.4
רבין ק. בילינסון,128.2,2022-04-30T00:00:00.000Z,128.2,89.9,93.7,93.7,77.4
רבין ק. בילינסון,128.2,2022-04-30T00:00:00.000Z,128.2,89.9,93.7,93.7,77.4
רבין ק. בילינסון,128.2,2022-04-30T00:00:00.000Z,128.2,89.9,93.7,93.7,77.4
רבין ק. בילינסון,128.2,2022-04-30T00:00:00.000Z,128.2,89.9,93.7,93.7,77.4
רבין ק. בילינסון,128.2,2022-04-30T00:00:00.000Z,128.2,89.9,93.7,93.7,77.4
רבין ק. בילינסון,128.2,2022-04-30T00:00:00.000Z,128.2,89.9,93.7,93.7,77.4
רבין ק. בילינסון,128.2,2022-04-30T00:00:00.000Z,128.2,89.9,93.7,93.7,77.4
רבין ק. בילינסון,128.2,2022-04-30T00:00:00.000Z,128.2,89.9,93.7,93.7,77.4
רבין ק. בילינסון,128.2,2022-04-30T00:00:00.000Z,128.2,89.9,93.7,93.7,77.4
רבין ק. בילינסון,128.2,2022-04-30T00:00:00.000Z,128.2,89.9,93.7,93.7,77.4
רבין ק. בילינסון,128.2,2022-04-30T00:00:00.000Z,128.2,89.9,93.7,93.7,77.4
רבין ק. בילינסון,128.2,2022-04-30T00:00:00.000Z,128.2,89.9,93.7,93.7,77.4
רבין ק. בילינסון,128.2,2022-04-30T00:00:00.000Z,128.2,89.9,93.7,93.7,77.4
רבין ק. בילינסון,128.2,2022-04-30T00:00:00.000Z,128.2,89.9,93.7,93.7,77.4
רבין ק. בילינסון,128.2,2022-04-30T00:00:00.000Z,128.2,89.9,93.7,93.7,77.4
רבין ק. בילינסון,128.2,2022-04-30T00:00:00.000Z,128.2,89.9,93.7,93.7,77.4
רבין ק. בילינסון,128.2,2022-04-30T00:00:00.000Z,128.2,89.9,93.7,93.7,77.4
רבין ק. בילינסון,128.2,2022-04-30T00:00:00.000Z,128.2,89.9,93.7,93.7,77.4
רבין ק. בילינסון,128.2,2022-04-30T00:00:00.000Z,128.2,89.9,93.7,93.7,77.4
רבין ק. בילינסון,128.2,2022-04-30T00:00:00.000Z,128.2,89.9,93.7,93.7,77.4
רבין ק. בילינסון,128.2,2022-04-30T00:00:00.000Z,128.2,89.9,93.7,93.7,77.4
רבין ק. בילינסון,128.2,2022-04-30T00:00:00.000Z,128.2,89.9,93.7,93.7,77.4
רבין ק. בילינסון,128.2,2022-04-30T00:00:00.000Z,128.2,89.9,93.7,93.7,77.4
רבין ק. בילינסון,128.2,2022-04-30T00:00:00.000Z,128.2,89.9,93.7,93.7,77.4
רבין ק. בילינסון,128.2,2022-04-30T00:00:00.000Z,128.2,89.9,93.7,93.7,77.4
רבין ק. בילינסון,128.2,2022-04-30T00:00:00.000Z,128.2,89.9,93.7,93.7,77.4
רבין ק. בילינסון,128.2,2022-04-30T00:00:00.000Z,128.2,89.9,93.7,93.7,77.4
רבין ק. בילינסון,128.2,2022-04-30T00:00:00.000Z,128.2,89.9,93.7,93.7,77.4
רבין ק. בילינסון,128.2,2022-04-30T00:00:00.000Z,128.2,89.9,93.7,93.7,77.4
רבין ק. בילינסון,128.2,2022-04-30T00:00:00.000Z,128.2,89.9,93.7,93.7,77.4
רבין ק. בילינסון,128.2,2022-04-30T00:00:00.000Z,128.2,89.9,93.7,93.7,77.4
רבין ק. בילינסון,128.2,2022-04-30T00:00:00.000Z,128.2,89.9,93.7,93.7,77.4
רבין ק. בילינסון,128.2,2022-04-30T00:00:00.000Z,128.2,89.9,93.7,93.7,77.4
רבין ק. בילינסון,128.2,2022-04-30T00:00:00.000Z,128.2,89.9,93.7,93.7,77.4
רבין ק. בילינסון,128.2,2022-04-30T00:00:00.000Z,128.2,89.9,93.7,93.7,77.4
רבין ק. בילינסון,128.2,2022-04-30T00:00:00.000Z,128.2,89.9,93.7,93.7,77.4
לניאדו,96.2,2022-04-30T00:00:00.000Z,78.2,88.5,83.6,73,96.1
לניאדו,96.2,2022-04-30T00:00:00.000Z,96.2,80.8,83.6,83.6,74.4
לניאדו,96.2,2022-04-30T00:00:00.000Z,96.2,80.8,83.6,83.6,74.4
לניאדו,96.2,2022-04-30T00:00:00.000Z,96.2,80.8,83.6,83.6,74.4
לניאדו,96.2,2022-04-30T00:00:00.000Z,96.2,80.8,83.6,83.6,74.4
לניאדו,96.2,2022-04-30T00:00:00.000Z,96.2,80.8,83.6,83.6,74.4
לניאדו,96.2,2022-04-30T00:00:00.000Z,96.2,80.8,83.6,83.6,74.4
לניאדו,96.2,2022-04-30T00:00:00.000Z,96.2,80.8,83.6,83.6,74.4
לניאדו,96.2,2022-04-30T00:00:00.000Z,96.2,80.8,83.6,83.6,74.4
לניאדו,96.2,2022-04-30T00:00:00.000Z,96.2,80.8,83.6,83.6,74.4
לניאדו,96.2,2022-04-30T00:00:00.000Z,96.2,80.8,83.6,83.6,74.4
לניאדו,96.2,2022-04-30T00:00:00.000Z,96.2,80.8,83.6,83.6,74.4
לניאדו,96.2,2022-04-30T00:00:00.000Z,96.2,80.8,83.6,83.6,74.4
לניאדו,96.2,2022-04-30T00:00:00.000Z,96.2,80.8,83.6,83.6,74.4
לניאדו,96.2,2022-04-30T00:00:00.000Z,96.2,80.8,83.6,83.6,74.4
לניאדו,96.2,2022-04-30T00:00:00.000Z,96.2,80.8,83.6,83.6,74.4
לניאדו,96.2,2022-04-30T00:00:00.000Z,96.2,80.8,83.6,83.6,74.4
לניאדו,96.2,2022-04-30T00:00:00.000Z,96.2,80.8,83.6,83.6,74.4
לניאדו,96.2,2022-04-30T00:00:00.000Z,96.2,80.8,83.6,83.6,74.4
לניאדו,96.2,2022-04-30T00:00:00.000Z,96.2,80.8,83.6,83.6,74.4
לניאדו,96.2,2022-04-30T00:00:00.000Z,96.2,80.8,83.6,83.6,74.4
לניאדו,96.2,2022-04-30T00:00:00.000Z,96.2,80.8,83.6,83.6,74.4
לניאדו,96.2,2022-04-30T00:00:00.000Z,96.2,80.8,83.6,83.6,74.4
לניאדו,96.2,2022-04-30T00:00:00.000Z,96.2,80.8,83.6,83.6,74.4
לניאדו,96.2,2022-04-30T00:00:00.000Z,96.2,80.8,83.6,83.6,74.4
לניאדו,96.2,2022-04-30T00:00:00.000Z,96.2,80.8,83.6,83.6,74.4
לניאדו,96.2,2022-04-30T00:00:00.000Z,96.2,80.8,83.6,83.6,74.4
לניאדו,96.2,2022-04-30T00:00:00.000Z,96.2,80.8,83.6,83.6,74.4
לניאדו,96.2,2022-04-30T00:00:00.000Z,96.2,80.8,83.6,83.6,74.4
לניאדו,96.2,2022-04-30T00:00:00.000Z,96.2,80.8,83.6,83.6,74.4
לניאדו,96.2,2022-04-30T00:00:00.000Z,96.2,80.8,83.6,83.6,74.4
לניאדו,96.2,2022-04-30T00:00:00.000Z,96.2,80.8,83.6,83.6,74.4
לניאדו,96.2,2022-04-30T00:00:00.000Z,96.2,80.8,83.6,83.6,74.4
לניאדו,96.2,2022-04-30T00:00:00.000Z,96.2,80.8,83.6,83.6,74.4
לניאדו,96.2,2022-04-30T00:00:00.000Z,96.2,80.8,83.6,83.6,74.4
לניאדו,96.2,2022-04-30T00:00:00.000Z,96.2,80.8,83.6,83.6,74.4
לניאדו,96.2,2022-04-30T00:00:00.000Z,96.2,80.8,83.6,83.6,74.4
לניאדו,96.2,2022-04-30T00:00:00.000Z,96.2,80.8,83.6,83.6,74.4
לניאדו,96.2,2022-04-30T00:00:00.000Z,96.2,80.8,83.6,83.6,74.4
לניאדו,96.2,2022-04-30T00:00:00.000Z,96.2,80.8,83.6,83.6,74.4
לניאדו,96.2,2022-04-30T00:00:00.000Z,96.2,80.8,83.6,83.6,74.4
לניאדו,96.2,2022-04-30T00:00:00.000Z,96.2,80.8,83.6,83.6,74.4
לניאדו,96.2,2022-04-30T00:00:00.000Z,96.2,80.8,83.6,83.6,74.4
לניאדו,96.2,2022-04-30T00:00:00.000Z,96.2,80.8,83.6,83.6,74.4
לניאדו,96.2,2022-04-30T00:00:00.000Z,96.2,80.8,83.6,83.6,74.4
רבין ק. בילינסון,128.2,2022-04-30T00:00:00.000Z,128.2,89.9,93.7,93.7,77.4
רבין ק. בילינסון,128.2,2022-04-30T00:00:00.000Z,128.2,89.9,93.7,93.7,77.4
רבין ק. בילינסון,128.2,2022-04-30T00:00:00.000Z,128.2,89.9,93.7,93.7,77.4
רבין ק. בילינסון,128.2,2022-04-30T00:00:00.000Z,128.2,89.9,93.7,93.7,77.4
רבין ק. בילינסון,128.2,2022-04-30T00:00:00.000Z,128.2,89.9,93.7,93.7,77.4
רבין ק. בילינסון,128.2,2022-04-30T00:00:00.000Z,128.2,89.9,93.7,93.7,77.4
רבין ק. בילינסון,128.2,2022-04-30T00:00:00.000Z,128.2,89.9,93.7,93.7,77.4
רבין ק. בילינסון,128.2,2022-04-30T00:00:00.000Z,128.2,89.9,93.7,93.7,77.4
רבין ק. בילינסון,128.2,2022-04-30T00:00:00.000Z,128.2,89.9,93.7,93.7,77.4
רבין ק. בילינסון,128.2,2022-04-30T00:00:00.000Z,128.2,89.9,93.7,93.7,77.4
פוריה,73.1,2022-04-30T00:00:00.000Z,73.1,66.7,71.3,71.3,65.4
פוריה,73.1,2022-04-30T00:00:00.000Z,73.1,66.7,71.3,71.3,65.4
פוריה,73.1,2022-04-30T00:00:00.000Z,73.1,66.7,71.3,71.3,65.4
פוריה,73.1,2022-04-30T00:00:00.000Z,73.1,66.7,71.3,71.3,65.4
פוריה,73.1,2022-04-30T00:00:00.000Z,73.1,66.7,71.3,71.3,65.4
פוריה,73.1,2022-04-30T00:00:00.000Z,73.1,66.7,71.3,71.3,65.4
פוריה,73.1,2022-04-30T00:00:00.000Z,73.1,66.7,71.3,71.3,65.4
פוריה,73.1,2022-04-30T00:00:00.000Z,73.1,66.7,71.3,71.3,65.4
פוריה,73.1,2022-04-30T00:00:00.000Z,73.1,66.7,71.3,71.3,65.4
פוריה,73.1,2022-04-30T00:00:00.000Z,73.1,66.7,71.3,71.3,65.4
פוריה,73.1,2022-04-30T00:00:00.000Z,73.1,66.7,71.3,71.3,65.4
פוריה,73.1,2022-04-30T00:00:00.000Z,73.1,66.7,71.3,71.3,65.4
פוריה,73.1,2022-04-30T00:00:00.000Z,73.1,66.7,71.3,71.3,65.4
פוריה,73.1,2022-04-30T00:00:00.000Z,73.1,66.7,71.3,71.3,65.4
פוריה,73.1,2022-04-30T00:00:00.000Z,73.1,66.7,71.3,71.3,65.4
פוריה,73.1,2022-04-30T00:00:00.000Z,73.1,66.7,71.3,71.3,65.4
פוריה,73.1,2022-04-30T00:00:00.000Z,73.1,66.7,71.3,71.3,65.4
פוריה,73.1,2022-04-30T00:00:00.000Z,73.1,66.7,71.3,71.3,65.4
פוריה,73.1,2022-04-30T00:00:00.000Z,73.1,66.7,71.3,71.3,65.4
פוריה,73.1,2022-04-30T00:00:00.000Z,73.1,66.7,71.3,71.3,65.4
פוריה,73.1,2022-04-30T00:00:00.000Z,73.1,66.7,71.3,71.3,65.4
פוריה,73.1,2022-04-30T00:00:00.000Z,73.1,66.7,71.3,71.3,65.4
רבין ק. בילינסון,128.2,2022-04-30T00:00:00.000Z,128.2,89.9,93.7,93.7,77.4
רבין ק. בילינסון,128.2,2022-04-30T00:00:00.000Z,128.2,89.9,93.7,93.7,77.4
רבין ק. בילינסון,128.2,2022-04-30T00:00:00.000Z,128.2,89.9,93.7,93.7,77.4
רבין ק. בילינסון,128.2,2022-04-30T00:00:00.000Z,128.2,89.9,93.7,93.7,77.4
רבין ק. בילינסון,128.2,2022-04-30T00:00:00.000Z,128.2,89.9,93.7,93.7,77.4
רבין ק. בילינסון,128.2,2022-04-30T00:00:00.000Z,128.2,89.9,93.7,93.7,77.4
רבין ק. בילינסון,128.2,2022-04-30T00:00:00.000Z,128.2,89.9,93.7,93.7,77.4
רבין ק. בילינסון,128.2,2022-04-30T00:00:00.000Z,128.2,89.9,93.7,93.7,77.4
רבין ק. בילינסון,128.2,2022-04-30T00:00:00.000Z,128.2,89.9,93.7,93.7,77.4
רבין ק. בילינסון,128.2,2022-04-30T00:00:00.000Z,128.2,89.9,93.7,93.7,77.4
רבין ק. בילינסון,128.2,2022-04-30T00:00:00.000Z,128.2,89.9,93.7,93.7,77.4
רבין ק. בילינסון,128.2,2022-04-30T00:00:00.000Z,128.2,89.9,93.7,93.7,77.4
רבין ק. בילינסון,128.2,2022-04-30T00:00:00.000Z,128.2,89.9,93.7,93.7,77.4
רבין ק. בילינסון,128.2,2022-04-30T00:00:00.000Z,128.2,89.9,93.7,93.7,77.4
רבין ק. בילינסון,128.2,2022-04-30T00:00:00.000Z,128.2,89.9,93.7,93.7,77.4
לניאדו,96.2,2022-04-30T00:00:00.000Z,80.8,87.4,83.6,74.5,93
לניאדו,96.2,2022-04-30T00:00:00.000Z,83.3,86.3,83.6,76,89.9
לניאדו,96.2,2022-04-30T00:00:00.000Z,85.9,85.2,83.6,77.5,86.8
לניאדו,96.2,2022-04-30T00:00:00.000Z,88.5,84.1,83.6,79,83.7
לניאדו,96.2,2022-04-30T00:00:00.000Z,91,83,83.6,80.5,80.6
לניאדו,96.2,2022-04-30T00:00:00.000Z,93.6,81.9,83.6,82.1,77.5
לניאדו,96.2,2022-04-30T00:00:00.000Z,96.2,80.8,83.6,83.6,74.4
לניאדו,96.2,2022-04-30T00:00:00.000Z,96.2,80.8,83.6,83.6,74.4
לניאדו,96.2,2022-04-30T00:00:00.000Z,96.2,80.8,83.6,83.6,74.4
לניאדו,96.2,2022-04-30T00:00:00.000Z,96.2,80.8,83.6,83.6,74.4
לניאדו,96.2,2022-04-30T00:00:00.000Z,96.2,80.8,83.6,83.6,74.4
לניאדו,96.2,2022-04-30T00:00:00.000Z,96.2,80.8,83.6,83.6,74.4
לניאדו,96.2,2022-04-30T00:00:00.000Z,96.2,80.8,83.6,83.6,74.4
לניאדו,96.2,2022-04-30T00:00:00.000Z,96.2,80.8,83.6,83.6,74.4
לניאדו,96.2,2022-04-30T00:00:00.000Z,96.2,80.8,83.6,83.6,74.4
לניאדו,96.2,2022-04-30T00:00:00.000Z,96.2,80.8,83.6,83.6,74.4
לניאדו,96.2,2022-04-30T00:00:00.000Z,96.2,80.8,83.6,83.6,74.4
לניאדו,96.2,2022-04-30T00:00:00.000Z,96.2,80.8,83.6,83.6,74.4
רבין ק. בילינסון,128.2,2022-04-30T00:00:00.000Z,128.2,89.9,93.7,93.7,77.4
רבין ק. בילינסון,128.2,2022-04-30T00:00:00.000Z,128.2,89.9,93.7,93.7,77.4
רבין ק. בילינסון,128.2,2022-04-30T00:00:00.000Z,128.2,89.9,93.7,93.7,77.4
רבין ק. בילינסון,128.2,2022-04-30T00:00:00.000Z,128.2,89.9,93.7,93.7,77.4
רבין ק. בילינסון,128.2,2022-04-30T00:00:00.000Z,128.2,89.9,93.7,93.7,77.4
רבין ק. בילינסון,128.2,2022-04-30T00:00:00.000Z,128.2,89.9,93.7,93.7,77.4
רבין ק. בילינסון,128.2,2022-04-30T00:00:00.000Z,128.2,89.9,93.7,93.7,77.4
רבין ק. בילינסון,128.2,2022-04-30T00:00:00.000Z,128.2,89.9,93.7,93.7,77.4
רבין ק. בילינסון,128.2,2022-04-30T00:00:00.000Z,128.2,89.9,93.7,93.7,77.4
רבין ק. בילינסון,128.2,2022-04-30T00:00:00.000Z,128.2,89.9,93.7,93.7,77.4
רבין ק. בילינסון,128.2,2022-04-30T00:00:00.000Z,128.2,89.9,93.7,93.7,77.4
רבין ק. בילינסון,128.2,2022-04-30T00:00:00.000Z,128.2,89.9,93.7,93.7,77.4
רבין ק. בילינסון,128.2,2022-04-30T00:00:00.000Z,128.2,89.9,93.7,93.7,77.4
רבין ק. בילינסון,128.2,2022-04-30T00:00:00.000Z,128.2,89.9,93.7,93.7,77.4
רבין ק. בילינסון,128.2,2022-04-30T00:00:00.000Z,128.2,89.9,93.7,93.7,77.4
רבין ק. בילינסון,128.2,2022-04-30T00:00:00.000Z,128.2,89.9,93.7,93.7,77.4
רבין ק. בילינסון,128.2,2022-04-30T00:00:00.000Z,128.2,89.9,93.7,93.7,77.4
רבין ק. בילינסון,128.2,2022-04-30T00:00:00.000Z,128.2,89.9,93.7,93.7,77.4
לניאדו,96.2,2022-04-30T00:00:00.000Z,96.2,80.8,83.6,83.6,74.4
לניאדו,96.2,2022-04-30T00:00:00.000Z,96.2,80.8,83.6,83.6,74.4
לניאדו,96.2,2022-04-30T00:00:00.000Z,96.2,80.8,83.6,83.6,74.4
לניאדו,96.2,2022-04-30T00:00:00.000Z,96.2,80.8,83.6,83.6,74.4
לניאדו,96.2,2022-04-30T00:00:00.000Z,96.2,80.8,83.6,83.6,74.4
לניאדו,96.2,2022-04-30T00:00:00.000Z,96.2,80.8,83.6,83.6,74.4
לניאדו,96.2,2022-04-30T00:00:00.000Z,96.2,80.8,83.6,83.6,74.4
לניאדו,96.2,2022-04-30T00:00:00.000Z,96.2,80.8,83.6,83.6,74.4
לניאדו,96.2,2022-04-30T00:00:00.000Z,96.2,80.8,83.6,83.6,74.4
לניאדו,96.2,2022-04-30T00:00:00.000Z,96.2,80.8,83.6,83.6,74.4
לניאדו,96.2,2022-04-30T00:00:00.000Z,96.2,80.8,83.6,83.6,74.4
לניאדו,96.2,2022-04-30T00:00:00.000Z,96.2,80.8,83.6,83.6,74.4
לניאדו,96.2,2022-04-30T00:00:00.000Z,96.2,80.8,83.6,83.6,74.4
לניאדו,96.2,2022-04-30T00:00:00.000Z,96.2,80.8,83.6,83.6,74.4
לניאדו,96.2,2022-04-30T00:00:00.000Z,96.2,80.8,83.6,83.6,74.4
לניאדו,96.2,2022-04-30T00:00:00.000Z,96.2,80.8,83.6,83.6,74.4
לניאדו,96.2,2022-04-30T00:00:00.000Z,96.2,80.8,83.6,83.6,74.4
לניאדו,96.2,2022-04-30T00:00:00.000Z,96.2,80.8,83.6,83.6,74.4
לניאדו,96.2,2022-04-30T00:00:00.000Z,96.2,80.8,83.6,83.6,74.4
לניאדו,96.2,2022-04-30T00:00:00.000Z,96.2,80.8,83.6,83.6,74.4
לניאדו,96.2,2022-04-30T00:00:00.000Z,96.2,80.8,83.6,83.6,74.4
לניאדו,96.2,2022-04-30T00:00:00.000Z,96.2,80.8,83.6,83.6,74.4
לניאדו,96.2,2022-04-30T00:00:00.000Z,96.2,80.8,83.6,83.6,74.4
לניאדו,96.2,2022-04-30T00:00:00.000Z,96.2,80.8,83.6,83.6,74.4
לניאדו,96.2,2022-04-30T00:00:00.000Z,96.2,80.8,83.6,83.6,74.4
לניאדו,96.2,2022-04-30T00:00:00.000Z,96.2,80.8,83.6,83.6,74.4
לניאדו,96.2,2022-04-30T00:00:00.000Z,96.2,80.8,83.6,83.6,74.4
לניאדו,96.2,2022-04-30T00:00:00.000Z,96.2,80.8,83.6,83.6,74.4
לניאדו,96.2,2022-04-30T00:00:00.000Z,96.2,80.8,83.6,83.6,74.4
לניאדו,96.2,2022-04-30T00:00:00.000Z,96.2,80.8,83.6,83.6,74.4
לניאדו,96.2,2022-04-30T00:00:00.000Z,96.2,80.8,83.6,83.6,74.4
לניאדו,96.2,2022-04-30T00:00:00.000Z,96.2,80.8,83.6,83.6,74.4
לניאדו,96.2,2022-04-30T00:00:00.000Z,96.2,80.8,83.6,83.6,74.4
לניאדו,96.2,2022-04-30T00:00:00.000Z,96.2,80.8,83.6,83.6,74.4
וולפסון,77.5,2022-04-30T00:00:00.000Z,77.5,89.8,67.9,67.9,70.3
וולפסון,77.5,2022-04-30T00:00:00.000Z,77.5,89.8,67.9,67.9,70.3
וולפסון,77.5,2022-04-30T00:00:00.000Z,77.5,89.8,67.9,67.9,70.3
וולפסון,77.5,2022-04-30T00:00:00.000Z,77.5,89.8,67.9,67.9,70.3
וולפסון,77.5,2022-04-30T00:00:00.000Z,77.5,89.8,67.9,67.9,70.3
וולפסון,77.5,2022-04-30T00:00:00.000Z,77.5,89.8,67.9,67.9,70.3
וולפסון,77.5,2022-04-30T00:00:00.000Z,77.5,89.8,67.9,67.9,70.3
וולפסון,77.5,2022-04-30T00:00:00.000Z,77.5,89.8,67.9,67.9,70.3
וולפסון,77.5,2022-04-30T00:00:00.000Z,77.5,89.8,67.9,67.9,70.3
וולפסון,77.5,2022-04-30T00:00:00.000Z,77.5,89.8,67.9,67.9,70.3
וולפסון,77.5,2022-04-30T00:00:00.000Z,77.5,89.8,67.9,67.9,70.3
וולפסון,77.5,2022-04-30T00:00:00.000Z,77.5,89.8,67.9,67.9,70.3
וולפסון,77.5,2022-04-30T00:00:00.000Z,77.5,89.8,67.9,67.9,70.3
וולפסון,77.5,2022-04-30T00:00:00.000Z,77.5,89.8,67.9,67.9,70.3
וולפסון,77.5,2022-04-30T00:00:00.000Z,77.5,89.8,67.9,67.9,70.3
וולפסון,77.5,2022-04-30T00:00:00.000Z,77.5,89.8,67.9,67.9,70.3
וולפסון,77.5,2022-04-30T00:00:00.000Z,77.5,89.8,67.9,67.9,70.3
וולפסון,77.5,2022-04-30T00:00:00.000Z,77.5,89.8,67.9,67.9,70.3
וולפסון,77.5,2022-04-30T00:00:00.000Z,77.5,89.8,67.9,67.9,70.3
וולפסון,77.5,2022-04-30T00:00:00.000Z,77.5,89.8,67.9,67.9,70.3
וולפסון,77.5,2022-04-30T00:00:00.000Z,77.5,89.8,67.9,67.9,70.3
וולפסון,77.5,2022-04-30T00:00:00.000Z,77.5,89.8,67.9,67.9,70.3
וולפסון,77.5,2022-04-30T00:00:00.000Z,77.5,89.8,67.9,67.9,70.3
וולפסון,77.5,2022-04-30T00:00:00.000Z,77.5,89.8,67.9,67.9,70.3
וולפסון,77.5,2022-04-30T00:00:00.000Z,77.5,89.8,67.9,67.9,70.3
וולפסון,77.5,2022-04-30T00:00:00.000Z,77.5,89.8,67.9,67.9,70.3
וולפסון,77.5,2022-04-30T00:00:00.000Z,77.5,89.8,67.9,67.9,70.3
וולפסון,77.5,2022-04-30T00:00:00.000Z,77.5,89.8,67.9,67.9,70.3
וולפסון,77.5,2022-04-30T00:00:00.000Z,77.5,89.8,67.9,67.9,70.3
וולפסון,77.5,2022-04-30T00:00:00.000Z,77.5,89.8,67.9,67.9,70.3
וולפסון,77.5,2022-04-30T00:00:00.000Z,77.5,89.8,67.9,67.9,70.3
וולפסון,77.5,2022-04-30T00:00:00.000Z,77.5,89.8,67.9,67.9,70.3
וולפסון,77.5,2022-04-30T00:00:00.000Z,77.5,89.8,67.9,67.9,70.3
וולפסון,77.5,2022-04-30T00:00:00.000Z,77.5,89.8,67.9,67.9,70.3
לניאדו,96.2,2022-04-30T00:00:00.000Z,96.2,80.8,83.6,83.6,74.4
לניאדו,96.2,2022-04-30T00:00:00.000Z,96.2,80.8,83.6,83.6,74.4
לניאדו,96.2,2022-04-30T00:00:00.000Z,96.2,80.8,83.6,83.6,74.4
לניאדו,96.2,2022-04-30T00:00:00.000Z,96.2,80.8,83.6,83.6,74.4
לניאדו,96.2,2022-04-30T00:00:00.000Z,96.2,80.8,83.6,83.6,74.4
לניאדו,96.2,2022-04-30T00:00:00.000Z,96.2,80.8,83.6,83.6,74.4
לניאדו,96.2,2022-04-30T00:00:00.000Z,96.2,80.8,83.6,83.6,74.4
לניאדו,96.2,2022-04-30T00:00:00.000Z,96.2,80.8,83.6,83.6,74.4
לניאדו,96.2,2022-04-30T00:00:00.000Z,96.2,80.8,83.6,83.6,74.4
לניאדו,96.2,2022-04-30T00:00:00.000Z,96.2,80.8,83.6,83.6,74.4
לניאדו,96.2,2022-04-30T00:00:00.000Z,96.2,80.8,83.6,83.6,74.4
לניאדו,96.2,2022-04-30T00:00:00.000Z,96.2,80.8,83.6,83.6,74.4
לניאדו,96.2,2022-04-30T00:00:00.000Z,96.2,80.8,83.6,83.6,74.4
לניאדו,96.2,2022-04-30T00:00:00.000Z,96.2,80.8,83.6,83.6,74.4
לניאדו,96.2,2022-04-30T00:00:00.000Z,96.2,80.8,83.6,83.6,74.4
לניאדו,96.2,2022-04-30T00:00:00.000Z,96.2,80.8,83.6,83.6,74.4
לניאדו,96.2,2022-04-30T00:00:00.000Z,96.2,80.8,83.6,83.6,74.4
לניאדו,96.2,2022-04-30T00:00:00.000Z,96.2,80.8,83.6,83.6,74.4
לניאדו,96.2,2022-04-30T00:00:00.000Z,96.2,80.8,83.6,83.6,74.4
לניאדו,96.2,2022-04-30T00:00:00.000Z,96.2,80.8,83.6,83.6,74.4
לניאדו,96.2,2022-04-30T00:00:00.000Z,96.2,80.8,83.6,83.6,74.4
לניאדו,96.2,2022-04-30T00:00:00.000Z,96.2,80.8,83.6,83.6,74.4
לניאדו,96.2,2022-04-30T00:00:00.000Z,96.2,80.8,83.6,83.6,74.4
לניאדו,96.2,2022-04-30T00:00:00.000Z,96.2,80.8,83.6,83.6,74.4
וולפסון,77.5,2022-04-30T00:00:00.000Z,77.5,89.8,67.9,67.9,70.3
וולפסון,77.5,2022-04-30T00:00:00.000Z,77.5,89.8,67.9,67.9,70.3
וולפסון,77.5,2022-04-30T00:00:00.000Z,77.5,89.8,67.9,67.9,70.3
וולפסון,77.5,2022-04-30T00:00:00.000Z,77.5,89.8,67.9,67.9,70.3
וולפסון,77.5,2022-04-30T00:00:00.000Z,77.5,89.8,67.9,67.9,70.3
וולפסון,77.5,2022-04-30T00:00:00.000Z,77.5,89.8,67.9,67.9,70.3
וולפסון,77.5,2022-04-30T00:00:00.000Z,77.5,89.8,67.9,67.9,70.3
וולפסון,77.5,2022-04-30T00:00:00.000Z,77.5,89.8,67.9,67.9,70.3
וולפסון,77.5,2022-04-30T00:00:00.000Z,77.5,89.8,67.9,67.9,70.3
רבין ק. בילינסון,128.2,2022-04-30T00:00:00.000Z,128.2,89.9,93.7,93.7,77.4
רבין ק. בילינסון,128.2,2022-04-30T00:00:00.000Z,128.2,89.9,93.7,93.7,77.4
רבין ק. בילינסון,128.2,2022-04-30T00:00:00.000Z,128.2,89.9,93.7,93.7,77.4
רבין ק. בילינסון,128.2,2022-04-30T00:00:00.000Z,128.2,89.9,93.7,93.7,77.4
רבין ק. בילינסון,128.2,2022-04-30T00:00:00.000Z,128.2,89.9,93.7,93.7,77.4
רבין ק. בילינסון,128.2,2022-04-30T00:00:00.000Z,128.2,89.9,93.7,93.7,77.4
לניאדו,96.2,2022-04-30T00:00:00.000Z,96.2,80.8,83.6,83.6,74.4
לניאדו,96.2,2022-04-30T00:00:00.000Z,96.2,80.8,83.6,83.6,74.4
לניאדו,96.2,2022-04-30T00:00:00.000Z,96.2,80.8,83.6,83.6,74.4
לניאדו,96.2,2022-04-30T00:00:00.000Z,96.2,80.8,83.6,83.6,74.4
לניאדו,96.2,2022-04-30T00:00:00.000Z,96.2,80.8,83.6,83.6,74.4
לניאדו,96.2,2022-04-30T00:00:00.000Z,96.2,80.8,83.6,83.6,74.4
לניאדו,96.2,2022-04-30T00:00:00.000Z,96.2,80.8,83.6,83.6,74.4
לניאדו,96.2,2022-04-30T00:00:00.000Z,96.2,80.8,83.6,83.6,74.4
לניאדו,96.2,2022-04-30T00:00:00.000Z,96.2,80.8,83.6,83.6,74.4
לניאדו,96.2,2022-04-30T00:00:00.000Z,96.2,80.8,83.6,83.6,74.4
לניאדו,96.2,2022-04-30T00:00:00.000Z,96.2,80.8,83.6,83.6,74.4
לניאדו,96.2,2022-04-30T00:00:00.000Z,96.2,80.8,83.6,83.6,74.4
לניאדו,96.2,2022-04-30T00:00:00.000Z,96.2,80.8,83.6,83.6,74.4
לניאדו,96.2,2022-04-30T00:00:00.000Z,96.2,80.8,83.6,83.6,74.4
לניאדו,96.2,2022-04-30T00:00:00.000Z,96.2,80.8,83.6,83.6,74.4
לניאדו,96.2,2022-04-30T00:00:00.000Z,96.2,80.8,83.6,83.6,74.4
לניאדו,96.2,2022-04-30T00:00:00.000Z,96.2,80.8,83.6,83.6,74.4
לניאדו,96.2,2022-04-30T00:00:00.000Z,96.2,80.8,83.6,83.6,74.4
לניאדו,96.2,2022-04-30T00:00:00.000Z,96.2,80.8,83.6,83.6,74.4
לניאדו,96.2,2022-04-30T00:00:00.000Z,96.2,80.8,83.6,83.6,74.4
לניאדו,96.2,2022-04-30T00:00:00.000Z,96.2,80.8,83.6,83.6,74.4
לניאדו,96.2,2022-04-30T00:00:00.000Z,96.2,80.8,83.6,83.6,74.4
לניאדו,96.2,2022-04-30T00:00:00.000Z,96.2,80.8,83.6,83.6,74.4
לניאדו,96.2,2022-04-30T00:00:00.000Z,96.2,80.8,83.6,83.6,74.4
לניאדו,96.2,2022-04-30T00:00:00.000Z,96.2,80.8,83.6,83.6,74.4
לניאדו,96.2,2022-04-30T00:00:00.000Z,96.2,80.8,83.6,83.6,74.4
לניאדו,96.2,2022-04-30T00:00:00.000Z,96.2,80.8,83.6,83.6,74.4
לניאדו,96.2,2022-04-30T00:00:00.000Z,96.2,80.8,83.6,83.6,74.4
לניאדו,96.2,2022-04-30T00:00:00.000Z,96.2,80.8,83.6,83.6,74.4
לניאדו,96.2,2022-04-30T00:00:00.000Z,96.2,80.8,83.6,83.6,74.4
לניאדו,96.2,2022-04-30T00:00:00.000Z,96.2,80.8,83.6,83.6,74.4
לניאדו,96.2,2022-04-30T00:00:00.000Z,96.2,80.8,83.6,83.6,74.4
לניאדו,96.2,2022-04-30T00:00:00.000Z,96.2,80.8,83.6,83.6,74.4
לניאדו,96.2,2022-04-30T00:00:00.000Z,96.2,80.8,83.6,83.6,74.4
לניאדו,96.2,2022-04-30T00:00:00.000Z,96.2,80.8,83.6,83.6,74.4
לניאדו,96.2,2022-04-30T00:00:00.000Z,96.2,80.8,83.6,83.6,74.4
לניאדו,96.2,2022-04-30T00:00:00.000Z,96.2,80.8,83.6,83.6,74.4
לניאדו,96.2,2022-04-30T00:00:00.000Z,96.2,80.8,83.6,83.6,74.4
לניאדו,96.2,2022-04-30T00:00:00.000Z,96.2,80.8,83.6,83.6,74.4
לניאדו,96.2,2022-04-30T00:00:00.000Z,96.2,80.8,83.6,83.6,74.4
לניאדו,96.2,2022-04-30T00:00:00.000Z,96.2,80.8,83.6,83.6,74.4
לניאדו,96.2,2022-04-30T00:00:00.000Z,96.2,80.8,83.6,83.6,74.4
לניאדו,96.2,2022-04-30T00:00:00.000Z,96.2,80.8,83.6,83.6,74.4
לניאדו,96.2,2022-04-30T00:00:00.000Z,96.2,80.8,83.6,83.6,74.4
לניאדו,96.2,2022-04-30T00:00:00.000Z,96.2,80.8,83.6,83.6,74.4
לניאדו,96.2,2022-04-30T00:00:00.000Z,96.2,80.8,83.6,83.6,74.4
לניאדו,96.2,2022-04-30T00:00:00.000Z,96.2,80.8,83.6,83.6,74.4
לניאדו,96.2,2022-04-30T00:00:00.000Z,96.2,80.8,83.6,83.6,74.4
לניאדו,96.2,2022-04-30T00:00:00.000Z,96.2,80.8,83.6,83.6,74.4
לניאדו,96.2,2022-04-30T00:00:00.000Z,96.2,80.8,83.6,83.6,74.4
לניאדו,96.2,2022-04-30T00:00:00.000Z,96.2,80.8,83.6,83.6,74.4
לניאדו,96.2,2022-04-30T00:00:00.000Z,96.2,80.8,83.6,83.6,74.4
לניאדו,96.2,2022-04-30T00:00:00.000Z,96.2,80.8,83.6,83.6,74.4
לניאדו,96.2,2022-04-30T00:00:00.000Z,96.2,80.8,83.6,83.6,74.4
לניאדו,96.2,2022-04-30T00:00:00.000Z,96.2,80.8,83.6,83.6,74.4
לניאדו,96.2,2022-04-30T00:00:00.000Z,96.2,80.8,83.6,83.6,74.4
לניאדו,96.2,2022-04-30T00:00:00.000Z,96.2,80.8,83.6,83.6,74.4
לניאדו,96.2,2022-04-30T00:00:00.000Z,96.2,80.8,83.6,83.6,74.4
לניאדו,96.2,2022-04-30T00:00:00.000Z,96.2,80.8,83.6,83.6,74.4
לניאדו,96.2,2022-04-30T00:00:00.000Z,96.2,80.8,83.6,83.6,74.4
לניאדו,96.2,2022-04-30T00:00:00.000Z,96.2,80.8,83.6,83.6,74.4
וולפסון,77.5,2022-04-30T00:00:00.000Z,77.5,89.8,67.9,67.9,70.3
וולפסון,77.5,2022-04-30T00:00:00.000Z,77.5,89.8,67.9,67.9,70.3
וולפסון,77.5,2022-04-30T00:00:00.000Z,77.5,89.8,67.9,67.9,70.3
וולפסון,77.5,2022-04-30T00:00:00.000Z,77.5,89.8,67.9,67.9,70.3
וולפסון,77.5,2022-04-30T00:00:00.000Z,77.5,89.8,67.9,67.9,70.3
וולפסון,77.5,2022-04-30T00:00:00.000Z,77.5,89.8,67.9,67.9,70.3
וולפסון,77.5,2022-04-30T00:00:00.000Z,77.5,89.8,67.9,67.9,70.3
וולפסון,77.5,2022-04-30T00:00:00.000Z,77.5,89.8,67.9,67.9,70.3
וולפסון,77.5,2022-04-30T00:00:00.000Z,77.5,89.8,67.9,67.9,70.3
וולפסון,77.5,2022-04-30T00:00:00.000Z,77.5,89.8,67.9,67.9,70.3
וולפסון,77.5,2022-04-30T00:00:00.000Z,77.5,89.8,67.9,67.9,70.3
וולפסון,77.5,2022-04-30T00:00:00.000Z,77.5,89.8,67.9,67.9,70.3
וולפסון,77.5,2022-04-30T00:00:00.000Z,77.5,89.8,67.9,67.9,70.3
וולפסון,77.5,2022-04-30T00:00:00.000Z,77.5,89.8,67.9,67.9,70.3
וולפסון,77.5,2022-04-30T00:00:00.000Z,77.5,89.8,67.9,67.9,70.3
וולפסון,77.5,2022-04-30T00:00:00.000Z,77.5,89.8,67.9,67.9,70.3
וולפסון,77.5,2022-04-30T00:00:00.000Z,77.5,89.8,67.9,67.9,70.3
וולפסון,77.5,2022-04-30T00:00:00.000Z,77.5,89.8,67.9,67.9,70.3
וולפסון,77.5,2022-04-30T00:00:00.000Z,77.5,89.8,67.9,67.9,70.3
וולפסון,77.5,2022-04-30T00:00:00.000Z,77.5,89.8,67.9,67.9,70.3
וולפסון,77.5,2022-04-30T00:00:00.000Z,77.5,89.8,67.9,67.9,70.3
וולפסון,77.5,2022-04-30T00:00:00.000Z,77.5,89.8,67.9,67.9,70.3
וולפסון,77.5,2022-04-30T00:00:00.000Z,77.5,89.8,67.9,67.9,70.3
וולפסון,77.5,2022-04-30T00:00:00.000Z,77.5,89.8,67.9,67.9,70.3
וולפסון,77.5,2022-04-30T00:00:00.000Z,77.5,89.8,67.9,67.9,70.3
וולפסון,77.5,2022-04-30T00:00:00.000Z,77.5,89.8,67.9,67.9,70.3
וולפסון,77.5,2022-04-30T00:00:00.000Z,77.5,89.8,67.9,67.9,70.3
וולפסון,77.5,2022-04-30T00:00:00.000Z,77.5,89.8,67.9,67.9,70.3
וולפסון,77.5,2022-04-30T00:00:00.000Z,77.5,89.8,67.9,67.9,70.3
וולפסון,77.5,2022-04-30T00:00:00.000Z,77.5,89.8,67.9,67.9,70.3
וולפסון,77.5,2022-04-30T00:00:00.000Z,77.5,89.8,67.9,67.9,70.3
וולפסון,77.5,2022-04-30T00:00:00.000Z,77.5,89.8,67.9,67.9,70.3
וולפסון,77.5,2022-04-30T00:00:00.000Z,77.5,89.8,67.9,67.9,70.3
וולפסון,77.5,2022-04-30T00:00:00.000Z,77.5,89.8,67.9,67.9,70.3
וולפסון,77.5,2022-04-30T00:00:00.000Z,77.5,89.8,67.9,67.9,70.3
וולפסון,77.5,2022-04-30T00:00:00.000Z,77.5,89.8,67.9,67.9,70.3
וולפסון,77.5,2022-04-30T00:00:00.000Z,77.5,89.8,67.9,67.9,70.3
וולפסון,77.5,2022-04-30T00:00:00.000Z,77.5,89.8,67.9,67.9,70.3
וולפסון,77.5,2022-04-30T00:00:00.000Z,77.5,89.8,67.9,67.9,70.3
וולפסון,77.5,2022-04-30T00:00:00.000Z,77.5,89.8,67.9,67.9,70.3
וולפסון,77.5,2022-04-30T00:00:00.000Z,77.5,89.8,67.9,67.9,70.3
וולפסון,77.5,2022-04-30T00:00:00.000Z,77.5,89.8,67.9,67.9,70.3
וולפסון,77.5,2022-04-30T00:00:00.000Z,77.5,89.8,67.9,67.9,70.3
וולפסון,77.5,2022-04-30T00:00:00.000Z,77.5,89.8,67.9,67.9,70.3
וולפסון,77.5,2022-04-30T00:00:00.000Z,77.5,89.8,67.9,67.9,70.3
וולפסון,77.5,2022-04-30T00:00:00.000Z,77.5,89.8,67.9,67.9,70.3
וולפסון,77.5,2022-04-30T00:00:00.000Z,77.5,89.8,67.9,67.9,70.3
וולפסון,77.5,2022-04-30T00:00:00.000Z,77.5,89.8,67.9,67.9,70.3
וולפסון,77.5,2022-04-30T00:00:00.000Z,77.5,89.8,67.9,67.9,70.3
וולפסון,77.5,2022-04-30T00:00:00.000Z,77.5,89.8,67.9,67.9,70.3
וולפסון,77.5,2022-04-30T00:00:00.000Z,77.5,89.8,67.9,67.9,70.3
וולפסון,77.5,2022-04-30T00:00:00.000Z,77.5,89.8,67.9,67.9,70.3
וולפסון,77.5,2022-04-30T00:00:00.000Z,77.5,89.8,67.9,67.9,70.3
וולפסון,77.5,2022-04-30T00:00:00.000Z,77.5,89.8,67.9,67.9,70.3
וולפסון,77.5,2022-04-30T00:00:00.000Z,77.5,89.8,67.9,67.9,70.3
וולפסון,77.5,2022-04-30T00:00:00.000Z,77.5,89.8,67.9,67.9,70.3
וולפסון,77.5,2022-04-30T00:00:00.000Z,77.5,89.8,67.9,67.9,70.3
וולפסון,77.5,2022-04-30T00:00:00.000Z,77.5,89.8,67.9,67.9,70.3
וולפסון,77.5,2022-04-30T00:00:00.000Z,77.5,89.8,67.9,67.9,70.3
וולפסון,77.5,2022-04-30T00:00:00.000Z,77.5,89.8,67.9,67.9,70.3
וולפסון,77.5,2022-04-30T00:00:00.000Z,77.5,89.8,67.9,67.9,70.3
וולפסון,77.5,2022-04-30T00:00:00.000Z,77.5,89.8,67.9,67.9,70.3
וולפסון,77.5,2022-04-30T00:00:00.000Z,77.5,89.8,67.9,67.9,70.3
וולפסון,77.5,2022-04-30T00:00:00.000Z,77.5,89.8,67.9,67.9,70.3
וולפסון,77.5,2022-04-30T00:00:00.000Z,77.5,89.8,67.9,67.9,70.3
וולפסון,77.5,2022-04-30T00:00:00.000Z,77.5,89.8,67.9,67.9,70.3
וולפסון,77.5,2022-04-30T00:00:00.000Z,77.5,89.8,67.9,67.9,70.3
וולפסון,77.5,2022-04-30T00:00:00.000Z,77.5,89.8,67.9,67.9,70.3
לניאדו,96.2,2022-04-30T00:00:00.000Z,96.2,80.8,83.6,83.6,74.4
לניאדו,96.2,2022-04-30T00:00:00.000Z,96.2,80.8,83.6,83.6,74.4
לניאדו,96.2,2022-04-30T00:00:00.000Z,96.2,80.8,83.6,83.6,74.4
לניאדו,96.2,2022-04-30T00:00:00.000Z,96.2,80.8,83.6,83.6,74.4
לניאדו,96.2,2022-04-30T00:00:00.000Z,96.2,80.8,83.6,83.6,74.4
לניאדו,96.2,2022-04-30T00:00:00.000Z,96.2,80.8,83.6,83.6,74.4
לניאדו,96.2,2022-04-30T00:00:00.000Z,96.2,80.8,83.6,83.6,74.4
לניאדו,96.2,2022-04-30T00:00:00.000Z,96.2,80.8,83.6,83.6,74.4
לניאדו,96.2,2022-04-30T00:00:00.000Z,96.2,80.8,83.6,83.6,74.4
לניאדו,96.2,2022-04-30T00:00:00.000Z,96.2,80.8,83.6,83.6,74.4
לניאדו,96.2,2022-04-30T00:00:00.000Z,96.2,80.8,83.6,83.6,74.4
לניאדו,96.2,2022-04-30T00:00:00.000Z,96.2,80.8,83.6,83.6,74.4
לניאדו,96.2,2022-04-30T00:00:00.000Z,96.2,80.8,83.6,83.6,74.4
לניאדו,96.2,2022-04-30T00:00:00.000Z,96.2,80.8,83.6,83.6,74.4
לניאדו,96.2,2022-04-30T00:00:00.000Z,96.2,80.8,83.6,83.6,74.4
לניאדו,96.2,2022-04-30T00:00:00.000Z,96.2,80.8,83.6,83.6,74.4
לניאדו,96.2,2022-04-30T00:00:00.000Z,96.2,80.8,83.6,83.6,74.4
לניאדו,96.2,2022-04-30T00:00:00.000Z,96.2,80.8,83.6,83.6,74.4
לניאדו,96.2,2022-04-30T00:00:00.000Z,96.2,80.8,83.6,83.6,74.4
לניאדו,96.2,2022-04-30T00:00:00.000Z,96.2,80.8,83.6,83.6,74.4
לניאדו,96.2,2022-04-30T00:00:00.000Z,96.2,80.8,83.6,83.6,74.4
לניאדו,96.2,2022-04-30T00:00:00.000Z,96.2,80.8,83.6,83.6,74.4
לניאדו,96.2,2022-04-30T00:00:00.000Z,96.2,80.8,83.6,83.6,74.4
לניאדו,96.2,2022-04-30T00:00:00.000Z,96.2,80.8,83.6,83.6,74.4
לניאדו,96.2,2022-04-30T00:00:00.000Z,96.2,80.8,83.6,83.6,74.4
לניאדו,96.2,2022-04-30T00:00:00.000Z,96.2,80.8,83.6,83.6,74.4
לניאדו,96.2,2022-04-30T00:00:00.000Z,96.2,80.8,83.6,83.6,74.4
לניאדו,96.2,2022-04-30T00:00:00.000Z,96.2,80.8,83.6,83.6,74.4
לניאדו,96.2,2022-04-30T00:00:00.000Z,96.2,80.8,83.6,83.6,74.4
לניאדו,96.2,2022-04-30T00:00:00.000Z,96.2,80.8,83.6,83.6,74.4
לניאדו,96.2,2022-04-30T00:00:00.000Z,96.2,80.8,83.6,83.6,74.4
לניאדו,96.2,2022-04-30T00:00:00.000Z,96.2,80.8,83.6,83.6,74.4
לניאדו,96.2,2022-04-30T00:00:00.000Z,96.2,80.8,83.6,83.6,74.4
לניאדו,96.2,2022-04-30T00:00:00.000Z,96.2,80.8,83.6,83.6,74.4
וולפסון,77.5,2022-04-30T00:00:00.000Z,77.5,89.8,67.9,67.9,70.3
וולפסון,77.5,2022-04-30T00:00:00.000Z,77.5,89.8,67.9,67.9,70.3
וולפסון,77.5,2022-04-30T00:00:00.000Z,77.5,89.8,67.9,67.9,70.3
וולפסון,77.5,2022-04-30T00:00:00.000Z,77.5,89.8,67.9,67.9,70.3
וולפסון,77.5,2022-04-30T00:00:00.000Z,77.5,89.8,67.9,67.9,70.3
וולפסון,77.5,2022-04-30T00:00:00.000Z,77.5,89.8,67.9,67.9,70.3
וולפסון,77.5,2022-04-30T00:00:00.000Z,77.5,89.8,67.9,67.9,70.3
וולפסון,77.5,2022-04-30T00:00:00.000Z,77.5,89.8,67.9,67.9,70.3
וולפסון,77.5,2022-04-30T00:00:00.000Z,77.5,89.8,67.9,67.9,70.3
וולפסון,77.5,2022-04-30T00:00:00.000Z,77.5,89.8,67.9,67.9,70.3
וולפסון,77.5,2022-04-30T00:00:00.000Z,77.5,89.8,67.9,67.9,70.3
וולפסון,77.5,2022-04-30T00:00:00.000Z,77.5,89.8,67.9,67.9,70.3
וולפסון,77.5,2022-04-30T00:00:00.000Z,77.5,89.8,67.9,67.9,70.3
וולפסון,77.5,2022-04-30T00:00:00.000Z,77.5,89.8,67.9,67.9,70.3
וולפסון,77.5,2022-04-30T00:00:00.000Z,77.5,89.8,67.9,67.9,70.3
וולפסון,77.5,2022-04-30T00:00:00.000Z,77.5,89.8,67.9,67.9,70.3
וולפסון,77.5,2022-04-30T00:00:00.000Z,77.5,89.8,67.9,67.9,70.3
וולפסון,77.5,2022-04-30T00:00:00.000Z,77.5,89.8,67.9,67.9,70.3
וולפסון,77.5,2022-04-30T00:00:00.000Z,77.5,89.8,67.9,67.9,70.3
וולפסון,77.5,2022-04-30T00:00:00.000Z,77.5,89.8,67.9,67.9,70.3
וולפסון,77.5,2022-04-30T00:00:00.000Z,77.5,89.8,67.9,67.9,70.3
וולפסון,77.5,2022-04-30T00:00:00.000Z,77.5,89.8,67.9,67.9,70.3
וולפסון,77.5,2022-04-30T00:00:00.000Z,77.5,89.8,67.9,67.9,70.3
וולפסון,77.5,2022-04-30T00:00:00.000Z,77.5,89.8,67.9,67.9,70.3
וולפסון,77.5,2022-04-30T00:00:00.000Z,77.5,89.8,67.9,67.9,70.3
וולפסון,77.5,2022-04-30T00:00:00.000Z,77.5,89.8,67.9,67.9,70.3
וולפסון,77.5,2022-04-30T00:00:00.000Z,77.5,89.8,67.9,67.9,70.3
וולפסון,77.5,2022-04-30T00:00:00.000Z,77.5,89.8,67.9,67.9,70.3
וולפסון,77.5,2022-04-30T00:00:00.000Z,77.5,89.8,67.9,67.9,70.3
וולפסון,77.5,2022-04-30T00:00:00.000Z,77.5,89.8,67.9,67.9,70.3
וולפסון,77.5,2022-04-30T00:00:00.000Z,77.5,89.8,67.9,67.9,70.3
וולפסון,77.5,2022-04-30T00:00:00.000Z,77.5,89.8,67.9,67.9,70.3
וולפסון,77.5,2022-04-30T00:00:00.000Z,77.5,89.8,67.9,67.9,70.3
וולפסון,77.5,2022-04-30T00:00:00.000Z,77.5,89.8,67.9,67.9,70.3
לניאדו,96.2,2022-04-30T00:00:00.000Z,96.2,80.8,83.6,83.6,74.4
לניאדו,96.2,2022-04-30T00:00:00.000Z,96.2,80.8,83.6,83.6,74.4
וולפסון,77.5,2022-04-30T00:00:00.000Z,77.5,89.8,67.9,67.9,70.3
וולפסון,77.5,2022-04-30T00:00:00.000Z,77.5,89.8,67.9,67.9,70.3
הכרמל,63.2,2022-04-30T00:00:00.000Z,63.2,67.9,73.2,73.2,66.1
הכרמל,63.2,2022-04-30T00:00:00.000Z,63.2,67.9,73.2,73.2,66.1
הכרמל,63.2,2022-04-30T00:00:00.000Z,63.2,67.9,73.2,73.2,66.1
הכרמל,63.2,2022-04-30T00:00:00.000Z,63.2,67.9,73.2,73.2,66.1
הכרמל,63.2,2022-04-30T00:00:00.000Z,63.2,67.9,73.2,73.2,66.1
הכרמל,63.2,2022-04-30T00:00:00.000Z,63.2,67.9,73.2,73.2,66.1
הכרמל,63.2,2022-04-30T00:00:00.000Z,63.2,67.9,73.2,73.2,66.1
הכרמל,63.2,2022-04-30T00:00:00.000Z,63.2,67.9,73.2,73.2,66.1
הכרמל,63.2,2022-04-30T00:00:00.000Z,63.2,67.9,73.2,73.2,66.1
הכרמל,63.2,2022-04-30T00:00:00.000Z,63.2,67.9,73.2,73.2,66.1
הכרמל,63.2,2022-04-30T00:00:00.000Z,63.2,67.9,73.2,73.2,66.1
הכרמל,63.2,2022-04-30T00:00:00.000Z,63.2,67.9,73.2,73.2,66.1
הכרמל,63.2,2022-04-30T00:00:00.000Z,63.2,67.9,73.2,73.2,66.1
הכרמל,63.2,2022-04-30T00:00:00.000Z,63.2,67.9,73.2,73.2,66.1
הכרמל,63.2,2022-04-30T00:00:00.000Z,63.2,67.9,73.2,73.2,66.1
הכרמל,63.2,2022-04-30T00:00:00.000Z,63.2,67.9,73.2,73.2,66.1
הכרמל,63.2,2022-04-30T00:00:00.000Z,63.2,67.9,73.2,73.2,66.1
הכרמל,63.2,2022-04-30T00:00:00.000Z,63.2,67.9,73.2,73.2,66.1
הכרמל,63.2,2022-04-30T00:00:00.000Z,63.2,67.9,73.2,73.2,66.1
הכרמל,63.2,2022-04-30T00:00:00.000Z,63.2,67.9,73.2,73.2,66.1
הכרמל,63.2,2022-04-30T00:00:00.000Z,63.2,67.9,73.2,73.2,66.1
הכרמל,63.2,2022-04-30T00:00:00.000Z,63.2,67.9,73.2,73.2,66.1
הכרמל,63.2,2022-04-30T00:00:00.000Z,63.2,67.9,73.2,73.2,66.1
הכרמל,63.2,2022-04-30T00:00:00.000Z,63.2,67.9,73.2,73.2,66.1
הכרמל,63.2,2022-04-30T00:00:00.000Z,63.2,67.9,73.2,73.2,66.1
הכרמל,63.2,2022-04-30T00:00:00.000Z,63.2,67.9,73.2,73.2,66.1
הכרמל,63.2,2022-04-30T00:00:00.000Z,63.2,67.9,73.2,73.2,66.1
הכרמל,63.2,2022-04-30T00:00:00.000Z,63.2,67.9,73.2,73.2,66.1
הכרמל,63.2,2022-04-30T00:00:00.000Z,63.2,67.9,73.2,73.2,66.1
הכרמל,63.2,2022-04-30T00:00:00.000Z,63.2,67.9,73.2,73.2,66.1
הכרמל,63.2,2022-04-30T00:00:00.000Z,63.2,67.9,73.2,73.2,66.1
הכרמל,63.2,2022-04-30T00:00:00.000Z,63.2,67.9,73.2,73.2,66.1
הכרמל,63.2,2022-04-30T00:00:00.000Z,63.2,67.9,73.2,73.2,66.1
הכרמל,63.2,2022-04-30T00:00:00.000Z,63.2,67.9,73.2,73.2,66.1
הכרמל,63.2,2022-04-30T00:00:00.000Z,63.2,67.9,73.2,73.2,66.1
הכרמל,63.2,2022-04-30T00:00:00.000Z,63.2,67.9,73.2,73.2,66.1
הכרמל,63.2,2022-04-30T00:00:00.000Z,63.2,67.9,73.2,73.2,66.1
הכרמל,63.2,2022-04-30T00:00:00.000Z,63.2,67.9,73.2,73.2,66.1
הכרמל,63.2,2022-04-30T00:00:00.000Z,63.2,67.9,73.2,73.2,66.1
הכרמל,63.2,2022-04-30T00:00:00.000Z,63.2,67.9,73.2,73.2,66.1
הכרמל,63.2,2022-04-30T00:00:00.000Z,63.2,67.9,73.2,73.2,66.1
הכרמל,63.2,2022-04-30T00:00:00.000Z,63.2,67.9,73.2,73.2,66.1
הכרמל,63.2,2022-04-30T00:00:00.000Z,63.2,67.9,73.2,73.2,66.1
הכרמל,63.2,2022-04-30T00:00:00.000Z,63.2,67.9,73.2,73.2,66.1
הכרמל,63.2,2022-04-30T00:00:00.000Z,63.2,67.9,73.2,73.2,66.1
הכרמל,63.2,2022-04-30T00:00:00.000Z,63.2,67.9,73.2,73.2,66.1
הכרמל,63.2,2022-04-30T00:00:00.000Z,63.2,67.9,73.2,73.2,66.1
הכרמל,63.2,2022-04-30T00:00:00.000Z,63.2,67.9,73.2,73.2,66.1
הכרמל,63.2,2022-04-30T00:00:00.000Z,63.2,67.9,73.2,73.2,66.1
הכרמל,63.2,2022-04-30T00:00:00.000Z,63.2,67.9,73.2,73.2,66.1
הכרמל,63.2,2022-04-30T00:00:00.000Z,63.2,67.9,73.2,73.2,66.1
הכרמל,63.2,2022-04-30T00:00:00.000Z,63.2,67.9,73.2,73.2,66.1
הכרמל,63.2,2022-04-30T00:00:00.000Z,63.2,67.9,73.2,73.2,66.1
הכרמל,63.2,2022-04-30T00:00:00.000Z,63.2,67.9,73.2,73.2,66.1
הכרמל,63.2,2022-04-30T00:00:00.000Z,63.2,67.9,73.2,73.2,66.1
הכרמל,63.2,2022-04-30T00:00:00.000Z,63.2,67.9,73.2,73.2,66.1
הכרמל,63.2,2022-04-30T00:00:00.000Z,63.2,67.9,73.2,73.2,66.1
הכרמל,63.2,2022-04-30T00:00:00.000Z,63.2,67.9,73.2,73.2,66.1
הכרמל,63.2,2022-04-30T00:00:00.000Z,63.2,67.9,73.2,73.2,66.1
הכרמל,63.2,2022-04-30T00:00:00.000Z,63.2,67.9,73.2,73.2,66.1
הכרמל,63.2,2022-04-30T00:00:00.000Z,63.2,67.9,73.2,73.2,66.1
הכרמל,63.2,2022-04-30T00:00:00.000Z,63.2,67.9,73.2,73.2,66.1
הכרמל,63.2,2022-04-30T00:00:00.000Z,63.2,67.9,73.2,73.2,66.1
הכרמל,63.2,2022-04-30T00:00:00.000Z,63.2,67.9,73.2,73.2,66.1
הכרמל,63.2,2022-04-30T00:00:00.000Z,63.2,67.9,73.2,73.2,66.1
הכרמל,63.2,2022-04-30T00:00:00.000Z,63.2,67.9,73.2,73.2,66.1
הכרמל,63.2,2022-04-30T00:00:00.000Z,63.2,67.9,73.2,73.2,66.1
הכרמל,63.2,2022-04-30T00:00:00.000Z,63.2,67.9,73.2,73.2,66.1
הכרמל,63.2,2022-04-30T00:00:00.000Z,63.2,67.9,73.2,73.2,66.1
הכרמל,63.2,2022-04-30T00:00:00.000Z,63.2,67.9,73.2,73.2,66.1
הכרמל,63.2,2022-04-30T00:00:00.000Z,63.2,67.9,73.2,73.2,66.1
הכרמל,63.2,2022-04-30T00:00:00.000Z,63.2,67.9,73.2,73.2,66.1
הכרמל,63.2,2022-04-30T00:00:00.000Z,63.2,67.9,73.2,73.2,66.1
הכרמל,63.2,2022-04-30T00:00:00.000Z,63.2,67.9,73.2,73.2,66.1
הכרמל,63.2,2022-04-30T00:00:00.000Z,63.2,67.9,73.2,73.2,66.1
הכרמל,63.2,2022-04-30T00:00:00.000Z,63.2,67.9,73.2,73.2,66.1
הכרמל,63.2,2022-04-30T00:00:00.000Z,63.2,67.9,73.2,73.2,66.1
הכרמל,63.2,2022-04-30T00:00:00.000Z,63.2,67.9,73.2,73.2,66.1
הכרמל,63.2,2022-04-30T00:00:00.000Z,63.2,67.9,73.2,73.2,66.1
הכרמל,63.2,2022-04-30T00:00:00.000Z,63.2,67.9,73.2,73.2,66.1
הכרמל,63.2,2022-04-30T00:00:00.000Z,63.2,67.9,73.2,73.2,66.1
הכרמל,63.2,2022-04-30T00:00:00.000Z,63.2,67.9,73.2,73.2,66.1
הכרמל,63.2,2022-04-30T00:00:00.000Z,63.2,67.9,73.2,73.2,66.1
הכרמל,63.2,2022-04-30T00:00:00.000Z,63.2,67.9,73.2,73.2,66.1
הכרמל,63.2,2022-04-30T00:00:00.000Z,63.2,67.9,73.2,73.2,66.1
הכרמל,63.2,2022-04-30T00:00:00.000Z,63.2,67.9,73.2,73.2,66.1
הכרמל,63.2,2022-04-30T00:00:00.000Z,63.2,67.9,73.2,73.2,66.1
הכרמל,63.2,2022-04-30T00:00:00.000Z,63.2,67.9,73.2,73.2,66.1
הכרמל,63.2,2022-04-30T00:00:00.000Z,63.2,67.9,73.2,73.2,66.1
הכרמל,63.2,2022-04-30T00:00:00.000Z,63.2,67.9,73.2,73.2,66.1
הכרמל,63.2,2022-04-30T00:00:00.000Z,63.2,67.9,73.2,73.2,66.1
הכרמל,63.2,2022-04-30T00:00:00.000Z,63.2,67.9,73.2,73.2,66.1
הכרמל,63.2,2022-04-30T00:00:00.000Z,63.2,67.9,73.2,73.2,66.1
הכרמל,63.2,2022-04-30T00:00:00.000Z,63.2,67.9,73.2,73.2,66.1
הכרמל,63.2,2022-04-30T00:00:00.000Z,63.2,67.9,73.2,73.2,66.1
הכרמל,63.2,2022-04-30T00:00:00.000Z,63.2,67.9,73.2,73.2,66.1
הכרמל,63.2,2022-04-30T00:00:00.000Z,63.2,67.9,73.2,73.2,66.1
הכרמל,63.2,2022-04-30T00:00:00.000Z,63.2,67.9,73.2,73.2,66.1
הכרמל,63.2,2022-04-30T00:00:00.000Z,63.2,67.9,73.2,73.2,66.1
הכרמל,63.2,2022-04-30T00:00:00.000Z,63.2,67.9,73.2,73.2,66.1
הכרמל,63.2,2022-04-30T00:00:00.000Z,63.2,67.9,73.2,73.2,66.1
הכרמל,63.2,2022-04-30T00:00:00.000Z,63.2,67.9,73.2,73.2,66.1
הכרמל,63.2,2022-04-30T00:00:00.000Z,63.2,67.9,73.2,73.2,66.1
הכרמל,63.2,2022-04-30T00:00:00.000Z,63.2,67.9,73.2,73.2,66.1
בני ציון,89.3,2022-04-30T00:00:00.000Z,85.1,90.1,77.4,68.6,82.2
בני ציון,89.3,2022-04-30T00:00:00.000Z,85.7,90.4,77.4,69.8,80.7
בני ציון,89.3,2022-04-30T00:00:00.000Z,86.3,90.8,77.4,71.1,79.2
בני ציון,89.3,2022-04-30T00:00:00.000Z,86.9,91.1,77.4,72.4,77.8
בני ציון,89.3,2022-04-30T00:00:00.000Z,87.5,91.5,77.4,73.6,76.3
בני ציון,89.3,2022-04-30T00:00:00.000Z,88.1,91.9,77.4,74.9,74.8
בני ציון,89.3,2022-04-30T00:00:00.000Z,88.7,92.2,77.4,76.1,73.3
בני ציון,89.3,2022-04-30T00:00:00.000Z,89.3,92.6,77.4,77.4,71.8
בני ציון,89.3,2022-04-30T00:00:00.000Z,89.3,92.6,77.4,77.4,71.8
בני ציון,89.3,2022-04-30T00:00:00.000Z,89.3,92.6,77.4,77.4,71.8
בני ציון,89.3,2022-04-30T00:00:00.000Z,89.3,92.6,77.4,77.4,71.8
בני ציון,89.3,2022-04-30T00:00:00.000Z,89.3,92.6,77.4,77.4,71.8
בני ציון,89.3,2022-04-30T00:00:00.000Z,89.3,92.6,77.4,77.4,71.8
בני ציון,89.3,2022-04-30T00:00:00.000Z,89.3,92.6,77.4,77.4,71.8
בני ציון,89.3,2022-04-30T00:00:00.000Z,89.3,92.6,77.4,77.4,71.8
בני ציון,89.3,2022-04-30T00:00:00.000Z,89.3,92.6,77.4,77.4,71.8
בני ציון,89.3,2022-04-30T00:00:00.000Z,89.3,92.6,77.4,77.4,71.8
בני ציון,89.3,2022-04-30T00:00:00.000Z,89.3,92.6,77.4,77.4,71.8
בני ציון,89.3,2022-04-30T00:00:00.000Z,89.3,92.6,77.4,77.4,71.8
בני ציון,89.3,2022-04-30T00:00:00.000Z,89.3,92.6,77.4,77.4,71.8
בני ציון,89.3,2022-04-30T00:00:00.000Z,89.3,92.6,77.4,77.4,71.8
בני ציון,89.3,2022-04-30T00:00:00.000Z,89.3,92.6,77.4,77.4,71.8
בני ציון,89.3,2022-04-30T00:00:00.000Z,89.3,92.6,77.4,77.4,71.8
בני ציון,89.3,2022-04-30T00:00:00.000Z,89.3,92.6,77.4,77.4,71.8
בני ציון,89.3,2022-04-30T00:00:00.000Z,89.3,92.6,77.4,77.4,71.8
בני ציון,89.3,2022-04-30T00:00:00.000Z,89.3,92.6,77.4,77.4,71.8
בני ציון,89.3,2022-04-30T00:00:00.000Z,89.3,92.6,77.4,77.4,71.8
בני ציון,89.3,2022-04-30T00:00:00.000Z,89.3,92.6,77.4,77.4,71.8
בני ציון,89.3,2022-04-30T00:00:00.000Z,89.3,92.6,77.4,77.4,71.8
בני ציון,89.3,2022-04-30T00:00:00.000Z,89.3,92.6,77.4,77.4,71.8
בני ציון,89.3,2022-04-30T00:00:00.000Z,89.3,92.6,77.4,77.4,71.8
בני ציון,89.3,2022-04-30T00:00:00.000Z,89.3,92.6,77.4,77.4,71.8
בני ציון,89.3,2022-04-30T00:00:00.000Z,89.3,92.6,77.4,77.4,71.8
בני ציון,89.3,2022-04-30T00:00:00.000Z,89.3,92.6,77.4,77.4,71.8
בני ציון,89.3,2022-04-30T00:00:00.000Z,89.3,92.6,77.4,77.4,71.8
בני ציון,89.3,2022-04-30T00:00:00.000Z,89.3,92.6,77.4,77.4,71.8
בני ציון,89.3,2022-04-30T00:00:00.000Z,89.3,92.6,77.4,77.4,71.8
בני ציון,89.3,2022-04-30T00:00:00.000Z,89.3,92.6,77.4,77.4,71.8
בני ציון,89.3,2022-04-30T00:00:00.000Z,89.3,92.6,77.4,77.4,71.8
בני ציון,89.3,2022-04-30T00:00:00.000Z,89.3,92.6,77.4,77.4,71.8
בני ציון,89.3,2022-04-30T00:00:00.000Z,89.3,92.6,77.4,77.4,71.8
בני ציון,89.3,2022-04-30T00:00:00.000Z,89.3,92.6,77.4,77.4,71.8
בני ציון,89.3,2022-04-30T00:00:00.000Z,89.3,92.6,77.4,77.4,71.8
בני ציון,89.3,2022-04-30T00:00:00.000Z,89.3,92.6,77.4,77.4,71.8
בני ציון,89.3,2022-04-30T00:00:00.000Z,89.3,92.6,77.4,77.4,71.8
בני ציון,89.3,2022-04-30T00:00:00.000Z,89.3,92.6,77.4,77.4,71.8
בני ציון,89.3,2022-04-30T00:00:00.000Z,89.3,92.6,77.4,77.4,71.8
בני ציון,89.3,2022-04-30T00:00:00.000Z,89.3,92.6,77.4,77.4,71.8
בני ציון,89.3,2022-04-30T00:00:00.000Z,89.3,92.6,77.4,77.4,71.8
בני ציון,89.3,2022-04-30T00:00:00.000Z,89.3,92.6,77.4,77.4,71.8
בני ציון,89.3,2022-04-30T00:00:00.000Z,89.3,92.6,77.4,77.4,71.8
בני ציון,89.3,2022-04-30T00:00:00.000Z,89.3,92.6,77.4,77.4,71.8
בני ציון,89.3,2022-04-30T00:00:00.000Z,89.3,92.6,77.4,77.4,71.8
בני ציון,89.3,2022-04-30T00:00:00.000Z,89.3,92.6,77.4,77.4,71.8
בני ציון,89.3,2022-04-30T00:00:00.000Z,89.3,92.6,77.4,77.4,71.8
בני ציון,89.3,2022-04-30T00:00:00.000Z,89.3,92.6,77.4,77.4,71.8
בני ציון,89.3,2022-04-30T00:00:00.000Z,89.3,92.6,77.4,77.4,71.8
בני ציון,89.3,2022-04-30T00:00:00.000Z,89.3,92.6,77.4,77.4,71.8
בני ציון,89.3,2022-04-30T00:00:00.000Z,89.3,92.6,77.4,77.4,71.8
בני ציון,89.3,2022-04-30T00:00:00.000Z,89.3,92.6,77.4,77.4,71.8
בני ציון,89.3,2022-04-30T00:00:00.000Z,89.3,92.6,77.4,77.4,71.8
בני ציון,89.3,2022-04-30T00:00:00.000Z,89.3,92.6,77.4,77.4,71.8
בני ציון,89.3,2022-04-30T00:00:00.000Z,89.3,92.6,77.4,77.4,71.8
בני ציון,89.3,2022-04-30T00:00:00.000Z,89.3,92.6,77.4,77.4,71.8
בני ציון,89.3,2022-04-30T00:00:00.000Z,89.3,92.6,77.4,77.4,71.8
בני ציון,89.3,2022-04-30T00:00:00.000Z,89.3,92.6,77.4,77.4,71.8
בני ציון,89.3,2022-04-30T00:00:00.000Z,89.3,92.6,77.4,77.4,71.8
בני ציון,89.3,2022-04-30T00:00:00.000Z,89.3,92.6,77.4,77.4,71.8
בני ציון,89.3,2022-04-30T00:00:00.000Z,89.3,92.6,77.4,77.4,71.8
בני ציון,89.3,2022-04-30T00:00:00.000Z,89.3,92.6,77.4,77.4,71.8
בני ציון,89.3,2022-04-30T00:00:00.000Z,89.3,92.6,77.4,77.4,71.8
בני ציון,89.3,2022-04-30T00:00:00.000Z,89.3,92.6,77.4,77.4,71.8
בני ציון,89.3,2022-04-30T00:00:00.000Z,89.3,92.6,77.4,77.4,71.8
בני ציון,89.3,2022-04-30T00:00:00.000Z,89.3,92.6,77.4,77.4,71.8
בני ציון,89.3,2022-04-30T00:00:00.000Z,89.3,92.6,77.4,77.4,71.8
בני ציון,89.3,2022-04-30T00:00:00.000Z,89.3,92.6,77.4,77.4,71.8
בני ציון,89.3,2022-04-30T00:00:00.000Z,89.3,92.6,77.4,77.4,71.8
בני ציון,89.3,2022-04-30T00:00:00.000Z,89.3,92.6,77.4,77.4,71.8
בני ציון,89.3,2022-04-30T00:00:00.000Z,89.3,92.6,77.4,77.4,71.8
בני ציון,89.3,2022-04-30T00:00:00.000Z,89.3,92.6,77.4,77.4,71.8
בני ציון,89.3,2022-04-30T00:00:00.000Z,89.3,92.6,77.4,77.4,71.8
בני ציון,89.3,2022-04-30T00:00:00.000Z,89.3,92.6,77.4,77.4,71.8
בני ציון,89.3,2022-04-30T00:00:00.000Z,89.3,92.6,77.4,77.4,71.8
בני ציון,89.3,2022-04-30T00:00:00.000Z,89.3,92.6,77.4,77.4,71.8
בני ציון,89.3,2022-04-30T00:00:00.000Z,89.3,92.6,77.4,77.4,71.8
בני ציון,89.3,2022-04-30T00:00:00.000Z,89.3,92.6,77.4,77.4,71.8
בני ציון,89.3,2022-04-30T00:00:00.000Z,89.3,92.6,77.4,77.4,71.8
בני ציון,89.3,2022-04-30T00:00:00.000Z,89.3,92.6,77.4,77.4,71.8
בני ציון,89.3,2022-04-30T00:00:00.000Z,89.3,92.6,77.4,77.4,71.8
בני ציון,89.3,2022-04-30T00:00:00.000Z,89.3,92.6,77.4,77.4,71.8
בני ציון,89.3,2022-04-30T00:00:00.000Z,89.3,92.6,77.4,77.4,71.8
בני ציון,89.3,2022-04-30T00:00:00.000Z,89.3,92.6,77.4,77.4,71.8
בני ציון,89.3,2022-04-30T00:00:00.000Z,89.3,92.6,77.4,77.4,71.8
בני ציון,89.3,2022-04-30T00:00:00.000Z,89.3,92.6,77.4,77.4,71.8
בני ציון,89.3,2022-04-30T00:00:00.000Z,89.3,92.6,77.4,77.4,71.8
בני ציון,89.3,2022-04-30T00:00:00.000Z,89.3,92.6,77.4,77.4,71.8
בני ציון,89.3,2022-04-30T00:00:00.000Z,89.3,92.6,77.4,77.4,71.8
בני ציון,89.3,2022-04-30T00:00:00.000Z,89.3,92.6,77.4,77.4,71.8
בני ציון,89.3,2022-04-30T00:00:00.000Z,89.3,92.6,77.4,77.4,71.8
בני ציון,89.3,2022-04-30T00:00:00.000Z,89.3,92.6,77.4,77.4,71.8
בני ציון,89.3,2022-04-30T00:00:00.000Z,89.3,92.6,77.4,77.4,71.8
בני ציון,89.3,2022-04-30T00:00:00.000Z,89.3,92.6,77.4,77.4,71.8
בני ציון,89.3,2022-04-30T00:00:00.000Z,89.3,92.6,77.4,77.4,71.8
בני ציון,89.3,2022-04-30T00:00:00.000Z,89.3,92.6,77.4,77.4,71.8
בני ציון,89.3,2022-04-30T00:00:00.000Z,89.3,92.6,77.4,77.4,71.8
בני ציון,89.3,2022-04-30T00:00:00.000Z,89.3,92.6,77.4,77.4,71.8
בני ציון,89.3,2022-04-30T00:00:00.000Z,89.3,92.6,77.4,77.4,71.8
בני ציון,89.3,2022-04-30T00:00:00.000Z,89.3,92.6,77.4,77.4,71.8
בני ציון,89.3,2022-04-30T00:00:00.000Z,89.3,92.6,77.4,77.4,71.8
בני ציון,89.3,2022-04-30T00:00:00.000Z,89.3,92.6,77.4,77.4,71.8
בני ציון,89.3,2022-04-30T00:00:00.000Z,89.3,92.6,77.4,77.4,71.8
בני ציון,89.3,2022-04-30T00:00:00.000Z,89.3,92.6,77.4,77.4,71.8
בני ציון,89.3,2022-04-30T00:00:00.000Z,89.3,92.6,77.4,77.4,71.8
בני ציון,89.3,2022-04-30T00:00:00.000Z,89.3,92.6,77.4,77.4,71.8
בני ציון,89.3,2022-04-30T00:00:00.000Z,89.3,92.6,77.4,77.4,71.8
בני ציון,89.3,2022-04-30T00:00:00.000Z,89.3,92.6,77.4,77.4,71.8
בני ציון,89.3,2022-04-30T00:00:00.000Z,89.3,92.6,77.4,77.4,71.8
בני ציון,89.3,2022-04-30T00:00:00.000Z,89.3,92.6,77.4,77.4,71.8
בני ציון,89.3,2022-04-30T00:00:00.000Z,89.3,92.6,77.4,77.4,71.8
בני ציון,89.3,2022-04-30T00:00:00.000Z,89.3,92.6,77.4,77.4,71.8
בני ציון,89.3,2022-04-30T00:00:00.000Z,89.3,92.6,77.4,77.4,71.8
בני ציון,89.3,2022-04-30T00:00:00.000Z,89.3,92.6,77.4,77.4,71.8
בני ציון,89.3,2022-04-30T00:00:00.000Z,89.3,92.6,77.4,77.4,71.8
בני ציון,89.3,2022-04-30T00:00:00.000Z,89.3,92.6,77.4,77.4,71.8
בני ציון,89.3,2022-04-30T00:00:00.000Z,89.3,92.6,77.4,77.4,71.8
בני ציון,89.3,2022-04-30T00:00:00.000Z,89.3,92.6,77.4,77.4,71.8
בני ציון,89.3,2022-04-30T00:00:00.000Z,89.3,92.6,77.4,77.4,71.8
בני ציון,89.3,2022-04-30T00:00:00.000Z,89.3,92.6,77.4,77.4,71.8
בני ציון,89.3,2022-04-30T00:00:00.000Z,89.3,92.6,77.4,77.4,71.8
בני ציון,89.3,2022-04-30T00:00:00.000Z,89.3,92.6,77.4,77.4,71.8
בני ציון,89.3,2022-04-30T00:00:00.000Z,89.3,92.6,77.4,77.4,71.8
בני ציון,89.3,2022-04-30T00:00:00.000Z,89.3,92.6,77.4,77.4,71.8
בני ציון,89.3,2022-04-30T00:00:00.000Z,89.3,92.6,77.4,77.4,71.8
בני ציון,89.3,2022-04-30T00:00:00.000Z,89.3,92.6,77.4,77.4,71.8
בני ציון,89.3,2022-04-30T00:00:00.000Z,89.3,92.6,77.4,77.4,71.8
בני ציון,89.3,2022-04-30T00:00:00.000Z,89.3,92.6,77.4,77.4,71.8
בני ציון,89.3,2022-04-30T00:00:00.000Z,89.3,92.6,77.4,77.4,71.8
בני ציון,89.3,2022-04-30T00:00:00.000Z,89.3,92.6,77.4,77.4,71.8
בני ציון,89.3,2022-04-30T00:00:00.000Z,89.3,92.6,77.4,77.4,71.8
בני ציון,89.3,2022-04-30T00:00:00.000Z,89.3,92.6,77.4,77.4,71.8
בני ציון,89.3,2022-04-30T00:00:00.000Z,89.3,92.6,77.4,77.4,71.8
בני ציון,89.3,2022-04-30T00:00:00.000Z,89.3,92.6,77.4,77.4,71.8
בני ציון,89.3,2022-04-30T00:00:00.000Z,89.3,92.6,77.4,77.4,71.8
בני ציון,89.3,2022-04-30T00:00:00.000Z,89.3,92.6,77.4,77.4,71.8
בני ציון,89.3,2022-04-30T00:00:00.000Z,89.3,92.6,77.4,77.4,71.8
בני ציון,89.3,2022-04-30T00:00:00.000Z,89.3,92.6,77.4,77.4,71.8
בני ציון,89.3,2022-04-30T00:00:00.000Z,89.3,92.6,77.4,77.4,71.8
בני ציון,89.3,2022-04-30T00:00:00.000Z,89.3,92.6,77.4,77.4,71.8
בני ציון,89.3,2022-04-30T00:00:00.000Z,89.3,92.6,77.4,77.4,71.8
בני ציון,89.3,2022-04-30T00:00:00.000Z,89.3,92.6,77.4,77.4,71.8
בני ציון,89.3,2022-04-30T00:00:00.000Z,89.3,92.6,77.4,77.4,71.8
בני ציון,89.3,2022-04-30T00:00:00.000Z,89.3,92.6,77.4,77.4,71.8
בני ציון,89.3,2022-04-30T00:00:00.000Z,89.3,92.6,77.4,77.4,71.8
בני ציון,89.3,2022-04-30T00:00:00.000Z,89.3,92.6,77.4,77.4,71.8
בני ציון,89.3,2022-04-30T00:00:00.000Z,89.3,92.6,77.4,77.4,71.8
בני ציון,89.3,2022-04-30T00:00:00.000Z,89.3,92.6,77.4,77.4,71.8
בני ציון,89.3,2022-04-30T00:00:00.000Z,89.3,92.6,77.4,77.4,71.8
בני ציון,89.3,2022-04-30T00:00:00.000Z,89.3,92.6,77.4,77.4,71.8
בני ציון,89.3,2022-04-30T00:00:00.000Z,89.3,92.6,77.4,77.4,71.8
בני ציון,89.3,2022-04-30T00:00:00.000Z,89.3,92.6,77.4,77.4,71.8
בני ציון,89.3,2022-04-30T00:00:00.000Z,89.3,92.6,77.4,77.4,71.8
בני ציון,89.3,2022-04-30T00:00:00.000Z,89.3,92.6,77.4,77.4,71.8
בני ציון,89.3,2022-04-30T00:00:00.000Z,89.3,92.6,77.4,77.4,71.8
בני ציון,89.3,2022-04-30T00:00:00.000Z,89.3,92.6,77.4,77.4,71.8
בני ציון,89.3,2022-04-30T00:00:00.000Z,89.3,92.6,77.4,77.4,71.8
בני ציון,89.3,2022-04-30T00:00:00.000Z,89.3,92.6,77.4,77.4,71.8
בני ציון,89.3,2022-04-30T00:00:00.000Z,89.3,92.6,77.4,77.4,71.8
בני ציון,89.3,2022-04-30T00:00:00.000Z,89.3,92.6,77.4,77.4,71.8
בני ציון,89.3,2022-04-30T00:00:00.000Z,89.3,92.6,77.4,77.4,71.8
בני ציון,89.3,2022-04-30T00:00:00.000Z,89.3,92.6,77.4,77.4,71.8
בני ציון,89.3,2022-04-30T00:00:00.000Z,89.3,92.6,77.4,77.4,71.8
בני ציון,89.3,2022-04-30T00:00:00.000Z,89.3,92.6,77.4,77.4,71.8
בני ציון,89.3,2022-04-30T00:00:00.000Z,89.3,92.6,77.4,77.4,71.8
בני ציון,89.3,2022-04-30T00:00:00.000Z,89.3,92.6,77.4,77.4,71.8
בני ציון,89.3,2022-04-30T00:00:00.000Z,89.3,92.6,77.4,77.4,71.8
בני ציון,89.3,2022-04-30T00:00:00.000Z,89.3,92.6,77.4,77.4,71.8
בני ציון,89.3,2022-04-30T00:00:00.000Z,89.3,92.6,77.4,77.4,71.8
בני ציון,89.3,2022-04-30T00:00:00.000Z,89.3,92.6,77.4,77.4,71.8
בני ציון,89.3,2022-04-30T00:00:00.000Z,89.3,92.6,77.4,77.4,71.8
בני ציון,89.3,2022-04-30T00:00:00.000Z,89.3,92.6,77.4,77.4,71.8
בני ציון,89.3,2022-04-30T00:00:00.000Z,89.3,92.6,77.4,77.4,71.8
בני ציון,89.3,2022-04-30T00:00:00.000Z,89.3,92.6,77.4,77.4,71.8
בני ציון,89.3,2022-04-30T00:00:00.000Z,89.3,92.6,77.4,77.4,71.8
בני ציון,89.3,2022-04-30T00:00:00.000Z,89.3,92.6,77.4,77.4,71.8
בני ציון,89.3,2022-04-30T00:00:00.000Z,89.3,92.6,77.4,77.4,71.8
בני ציון,89.3,2022-04-30T00:00:00.000Z,89.3,92.6,77.4,77.4,71.8
בני ציון,89.3,2022-04-30T00:00:00.000Z,89.3,92.6,77.4,77.4,71.8
בני ציון,89.3,2022-04-30T00:00:00.000Z,89.3,92.6,77.4,77.4,71.8
בני ציון,89.3,2022-04-30T00:00:00.000Z,89.3,92.6,77.4,77.4,71.8
יוספטל,81.3,2022-04-30T00:00:00.000Z,81.3,62.5,46.2,46.2,40
יוספטל,81.3,2022-04-30T00:00:00.000Z,81.3,62.5,46.2,46.2,40
יוספטל,81.3,2022-04-30T00:00:00.000Z,81.3,62.5,46.2,46.2,40
יוספטל,81.3,2022-04-30T00:00:00.000Z,81.3,62.5,46.2,46.2,40
יוספטל,81.3,2022-04-30T00:00:00.000Z,81.3,62.5,46.2,46.2,40
יוספטל,81.3,2022-04-30T00:00:00.000Z,81.3,62.5,46.2,46.2,40
יוספטל,81.3,2022-04-30T00:00:00.000Z,81.3,62.5,46.2,46.2,40
יוספטל,81.3,2022-04-30T00:00:00.000Z,81.3,62.5,46.2,46.2,40
יוספטל,81.3,2022-04-30T00:00:00.000Z,81.3,62.5,46.2,46.2,40
יוספטל,81.3,2022-04-30T00:00:00.000Z,81.3,62.5,46.2,46.2,40
יוספטל,81.3,2022-04-30T00:00:00.000Z,81.3,62.5,46.2,46.2,40
יוספטל,81.3,2022-04-30T00:00:00.000Z,81.3,62.5,46.2,46.2,40
יוספטל,81.3,2022-04-30T00:00:00.000Z,81.3,62.5,46.2,46.2,40
יוספטל,81.3,2022-04-30T00:00:00.000Z,81.3,62.5,46.2,46.2,40
יוספטל,81.3,2022-04-30T00:00:00.000Z,81.3,62.5,46.2,46.2,40
יוספטל,81.3,2022-04-30T00:00:00.000Z,81.3,62.5,46.2,46.2,40
יוספטל,81.3,2022-04-30T00:00:00.000Z,81.3,62.5,46.2,46.2,40
ברזילי,102.1,2022-04-30T00:00:00.000Z,102.1,72.9,79.6,79.6,60.3
ברזילי,102.1,2022-04-30T00:00:00.000Z,102.1,72.9,79.6,79.6,60.3
ברזילי,102.1,2022-04-30T00:00:00.000Z,102.1,72.9,79.6,79.6,60.3
ברזילי,102.1,2022-04-30T00:00:00.000Z,102.1,72.9,79.6,79.6,60.3
ברזילי,102.1,2022-04-30T00:00:00.000Z,102.1,72.9,79.6,79.6,60.3
ברזילי,102.1,2022-04-30T00:00:00.000Z,102.1,72.9,79.6,79.6,60.3
ברזילי,102.1,2022-04-30T00:00:00.000Z,102.1,72.9,79.6,79.6,60.3
ברזילי,102.1,2022-04-30T00:00:00.000Z,102.1,72.9,79.6,79.6,60.3
ברזילי,102.1,2022-04-30T00:00:00.000Z,102.1,72.9,79.6,79.6,60.3
ברזילי,102.1,2022-04-30T00:00:00.000Z,102.1,72.9,79.6,79.6,60.3
ברזילי,102.1,2022-04-30T00:00:00.000Z,102.1,72.9,79.6,79.6,60.3
ברזילי,102.1,2022-04-30T00:00:00.000Z,102.1,72.9,79.6,79.6,60.3
ברזילי,102.1,2022-04-30T00:00:00.000Z,102.1,72.9,79.6,79.6,60.3
ברזילי,102.1,2022-04-30T00:00:00.000Z,102.1,72.9,79.6,79.6,60.3
ברזילי,102.1,2022-04-30T00:00:00.000Z,102.1,72.9,79.6,79.6,60.3
ברזילי,102.1,2022-04-30T00:00:00.000Z,102.1,72.9,79.6,79.6,60.3
ברזילי,102.1,2022-04-30T00:00:00.000Z,102.1,72.9,79.6,79.6,60.3
רבין ק. בילינסון,128.2,2022-04-30T00:00:00.000Z,128.2,89.9,93.7,93.7,77.4
רבין ק. בילינסון,128.2,2022-04-30T00:00:00.000Z,128.2,89.9,93.7,93.7,77.4
רבין ק. בילינסון,128.2,2022-04-30T00:00:00.000Z,128.2,89.9,93.7,93.7,77.4
רבין ק. בילינסון,128.2,2022-04-30T00:00:00.000Z,128.2,89.9,93.7,93.7,77.4
רבין ק. בילינסון,128.2,2022-04-30T00:00:00.000Z,128.2,89.9,93.7,93.7,77.4
רבין ק. בילינסון,128.2,2022-04-30T00:00:00.000Z,128.2,89.9,93.7,93.7,77.4
רבין ק. בילינסון,128.2,2022-04-30T00:00:00.000Z,128.2,89.9,93.7,93.7,77.4
רבין ק. בילינסון,128.2,2022-04-30T00:00:00.000Z,128.2,89.9,93.7,93.7,77.4
רבין ק. בילינסון,128.2,2022-04-30T00:00:00.000Z,128.2,89.9,93.7,93.7,77.4
רבין ק. בילינסון,128.2,2022-04-30T00:00:00.000Z,128.2,89.9,93.7,93.7,77.4
רבין ק. בילינסון,128.2,2022-04-30T00:00:00.000Z,128.2,89.9,93.7,93.7,77.4
לניאדו,96.2,2022-04-30T00:00:00.000Z,96.2,80.8,83.6,83.6,74.4
לניאדו,96.2,2022-04-30T00:00:00.000Z,96.2,80.8,83.6,83.6,74.4
לניאדו,96.2,2022-04-30T00:00:00.000Z,96.2,80.8,83.6,83.6,74.4
לניאדו,96.2,2022-04-30T00:00:00.000Z,96.2,80.8,83.6,83.6,74.4
לניאדו,96.2,2022-04-30T00:00:00.000Z,96.2,80.8,83.6,83.6,74.4
לניאדו,96.2,2022-04-30T00:00:00.000Z,96.2,80.8,83.6,83.6,74.4
לניאדו,96.2,2022-04-30T00:00:00.000Z,96.2,80.8,83.6,83.6,74.4
שמיר,90.7,2022-04-30T00:00:00.000Z,90.7,86.5,70.4,70.4,62.5
שמיר,90.7,2022-04-30T00:00:00.000Z,90.7,86.5,70.4,70.4,62.5
שמיר,90.7,2022-04-30T00:00:00.000Z,90.7,86.5,70.4,70.4,62.5
שמיר,90.7,2022-04-30T00:00:00.000Z,90.7,86.5,70.4,70.4,62.5
שמיר,90.7,2022-04-30T00:00:00.000Z,90.7,86.5,70.4,70.4,62.5
שמיר,90.7,2022-04-30T00:00:00.000Z,90.7,86.5,70.4,70.4,62.5
שמיר,90.7,2022-04-30T00:00:00.000Z,90.7,86.5,70.4,70.4,62.5
שמיר,90.7,2022-04-30T00:00:00.000Z,90.7,86.5,70.4,70.4,62.5
שמיר,90.7,2022-04-30T00:00:00.000Z,90.7,86.5,70.4,70.4,62.5
שמיר,90.7,2022-04-30T00:00:00.000Z,90.7,86.5,70.4,70.4,62.5
שמיר,90.7,2022-04-30T00:00:00.000Z,90.7,86.5,70.4,70.4,62.5
שמיר,90.7,2022-04-30T00:00:00.000Z,90.7,86.5,70.4,70.4,62.5
שמיר,90.7,2022-04-30T00:00:00.000Z,90.7,86.5,70.4,70.4,62.5
שמיר,90.7,2022-04-30T00:00:00.000Z,90.7,86.5,70.4,70.4,62.5
שמיר,90.7,2022-04-30T00:00:00.000Z,90.7,86.5,70.4,70.4,62.5
שמיר,90.7,2022-04-30T00:00:00.000Z,90.7,86.5,70.4,70.4,62.5
שמיר,90.7,2022-04-30T00:00:00.000Z,90.7,86.5,70.4,70.4,62.5
שמיר,90.7,2022-04-30T00:00:00.000Z,90.7,86.5,70.4,70.4,62.5
שמיר,90.7,2022-04-30T00:00:00.000Z,90.7,86.5,70.4,70.4,62.5
שמיר,90.7,2022-04-30T00:00:00.000Z,90.7,86.5,70.4,70.4,62.5
שמיר,90.7,2022-04-30T00:00:00.000Z,90.7,86.5,70.4,70.4,62.5
שמיר,90.7,2022-04-30T00:00:00.000Z,90.7,86.5,70.4,70.4,62.5
שמיר,90.7,2022-04-30T00:00:00.000Z,90.7,86.5,70.4,70.4,62.5
שמיר,90.7,2022-04-30T00:00:00.000Z,90.7,86.5,70.4,70.4,62.5
שמיר,90.7,2022-04-30T00:00:00.000Z,90.7,86.5,70.4,70.4,62.5
שמיר,90.7,2022-04-30T00:00:00.000Z,90.7,86.5,70.4,70.4,62.5
שמיר,90.7,2022-04-30T00:00:00.000Z,90.7,86.5,70.4,70.4,62.5
שמיר,90.7,2022-04-30T00:00:00.000Z,90.7,86.5,70.4,70.4,62.5
שמיר,90.7,2022-04-30T00:00:00.000Z,90.7,86.5,70.4,70.4,62.5
שמיר,90.7,2022-04-30T00:00:00.000Z,90.7,86.5,70.4,70.4,62.5
שמיר,90.7,2022-04-30T00:00:00.000Z,90.7,86.5,70.4,70.4,62.5
שמיר,90.7,2022-04-30T00:00:00.000Z,90.7,86.5,70.4,70.4,62.5
שמיר,90.7,2022-04-30T00:00:00.000Z,90.7,86.5,70.4,70.4,62.5
שמיר,90.7,2022-04-30T00:00:00.000Z,90.7,86.5,70.4,70.4,62.5
שמיר,90.7,2022-04-30T00:00:00.000Z,90.7,86.5,70.4,70.4,62.5
שמיר,90.7,2022-04-30T00:00:00.000Z,90.7,86.5,70.4,70.4,62.5
שמיר,90.7,2022-04-30T00:00:00.000Z,90.7,86.5,70.4,70.4,62.5
שמיר,90.7,2022-04-30T00:00:00.000Z,90.7,86.5,70.4,70.4,62.5
שמיר,90.7,2022-04-30T00:00:00.000Z,90.7,86.5,70.4,70.4,62.5
שמיר,90.7,2022-04-30T00:00:00.000Z,90.7,86.5,70.4,70.4,62.5
שמיר,90.7,2022-04-30T00:00:00.000Z,90.7,86.5,70.4,70.4,62.5
שמיר,90.7,2022-04-30T00:00:00.000Z,90.7,86.5,70.4,70.4,62.5
שמיר,90.7,2022-04-30T00:00:00.000Z,90.7,86.5,70.4,70.4,62.5
שמיר,90.7,2022-04-30T00:00:00.000Z,90.7,86.5,70.4,70.4,62.5
שמיר,90.7,2022-04-30T00:00:00.000Z,90.7,86.5,70.4,70.4,62.5
שמיר,90.7,2022-04-30T00:00:00.000Z,90.7,86.5,70.4,70.4,62.5
שמיר,90.7,2022-04-30T00:00:00.000Z,90.7,86.5,70.4,70.4,62.5
שמיר,90.7,2022-04-30T00:00:00.000Z,90.7,86.5,70.4,70.4,62.5
שמיר,90.7,2022-04-30T00:00:00.000Z,90.7,86.5,70.4,70.4,62.5
שמיר,90.7,2022-04-30T00:00:00.000Z,90.7,86.5,70.4,70.4,62.5
שמיר,90.7,2022-04-30T00:00:00.000Z,90.7,86.5,70.4,70.4,62.5
שמיר,90.7,2022-04-30T00:00:00.000Z,90.7,86.5,70.4,70.4,62.5
שמיר,90.7,2022-04-30T00:00:00.000Z,90.7,86.5,70.4,70.4,62.5
שמיר,90.7,2022-04-30T00:00:00.000Z,90.7,86.5,70.4,70.4,62.5
שמיר,90.7,2022-04-30T00:00:00.000Z,90.7,86.5,70.4,70.4,62.5
שמיר,90.7,2022-04-30T00:00:00.000Z,90.7,86.5,70.4,70.4,62.5
שמיר,90.7,2022-04-30T00:00:00.000Z,90.7,86.5,70.4,70.4,62.5
שמיר,90.7,2022-04-30T00:00:00.000Z,90.7,86.5,70.4,70.4,62.5
שמיר,90.7,2022-04-30T00:00:00.000Z,90.7,86.5,70.4,70.4,62.5
שמיר,90.7,2022-04-30T00:00:00.000Z,90.7,86.5,70.4,70.4,62.5
שמיר,90.7,2022-04-30T00:00:00.000Z,90.7,86.5,70.4,70.4,62.5
שמיר,90.7,2022-04-30T00:00:00.000Z,90.7,86.5,70.4,70.4,62.5
שמיר,90.7,2022-04-30T00:00:00.000Z,90.7,86.5,70.4,70.4,62.5
שמיר,90.7,2022-04-30T00:00:00.000Z,90.7,86.5,70.4,70.4,62.5
שמיר,90.7,2022-04-30T00:00:00.000Z,90.7,86.5,70.4,70.4,62.5
שמיר,90.7,2022-04-30T00:00:00.000Z,90.7,86.5,70.4,70.4,62.5
שמיר,90.7,2022-04-30T00:00:00.000Z,90.7,86.5,70.4,70.4,62.5
שמיר,90.7,2022-04-30T00:00:00.000Z,90.7,86.5,70.4,70.4,62.5
שמיר,90.7,2022-04-30T00:00:00.000Z,90.7,86.5,70.4,70.4,62.5
שמיר,90.7,2022-04-30T00:00:00.000Z,90.7,86.5,70.4,70.4,62.5
שמיר,90.7,2022-04-30T00:00:00.000Z,90.7,86.5,70.4,70.4,62.5
שמיר,90.7,2022-04-30T00:00:00.000Z,90.7,86.5,70.4,70.4,62.5
שמיר,90.7,2022-04-30T00:00:00.000Z,90.7,86.5,70.4,70.4,62.5
שמיר,90.7,2022-04-30T00:00:00.000Z,90.7,86.5,70.4,70.4,62.5
שמיר,90.7,2022-04-30T00:00:00.000Z,90.7,86.5,70.4,70.4,62.5
שמיר,90.7,2022-04-30T00:00:00.000Z,90.7,86.5,70.4,70.4,62.5
שמיר,90.7,2022-04-30T00:00:00.000Z,90.7,86.5,70.4,70.4,62.5
שמיר,90.7,2022-04-30T00:00:00.000Z,90.7,86.5,70.4,70.4,62.5
שמיר,90.7,2022-04-30T00:00:00.000Z,90.7,86.5,70.4,70.4,62.5
שמיר,90.7,2022-04-30T00:00:00.000Z,90.7,86.5,70.4,70.4,62.5
שמיר,90.7,2022-04-30T00:00:00.000Z,90.7,86.5,70.4,70.4,62.5
שמיר,90.7,2022-04-30T00:00:00.000Z,90.7,86.5,70.4,70.4,62.5
שמיר,90.7,2022-04-30T00:00:00.000Z,90.7,86.5,70.4,70.4,62.5
שמיר,90.7,2022-04-30T00:00:00.000Z,90.7,86.5,70.4,70.4,62.5
שמיר,90.7,2022-04-30T00:00:00.000Z,90.7,86.5,70.4,70.4,62.5
שמיר,90.7,2022-04-30T00:00:00.000Z,90.7,86.5,70.4,70.4,62.5
שמיר,90.7,2022-04-30T00:00:00.000Z,90.7,86.5,70.4,70.4,62.5
שמיר,90.7,2022-04-30T00:00:00.000Z,90.7,86.5,70.4,70.4,62.5
הדסה הר הצופים,80.6,2022-04-30T00:00:00.000Z,80.6,61.1,74.3,74.3,66
הדסה הר הצופים,80.6,2022-04-30T00:00:00.000Z,80.6,61.1,74.3,74.3,66
הדסה הר הצופים,80.6,2022-04-30T00:00:00.000Z,80.6,61.1,74.3,74.3,66
הדסה הר הצופים,80.6,2022-04-30T00:00:00.000Z,80.6,61.1,74.3,74.3,66
הדסה הר הצופים,80.6,2022-04-30T00:00:00.000Z,80.6,61.1,74.3,74.3,66
הדסה הר הצופים,80.6,2022-04-30T00:00:00.000Z,80.6,61.1,74.3,74.3,66
הדסה הר הצופים,80.6,2022-04-30T00:00:00.000Z,80.6,61.1,74.3,74.3,66
הדסה הר הצופים,80.6,2022-04-30T00:00:00.000Z,80.6,61.1,74.3,74.3,66
הדסה הר הצופים,80.6,2022-04-30T00:00:00.000Z,80.6,61.1,74.3,74.3,66
הדסה הר הצופים,80.6,2022-04-30T00:00:00.000Z,80.6,61.1,74.3,74.3,66
הדסה הר הצופים,80.6,2022-04-30T00:00:00.000Z,80.6,61.1,74.3,74.3,66
הדסה הר הצופים,80.6,2022-04-30T00:00:00.000Z,80.6,61.1,74.3,74.3,66
הדסה הר הצופים,80.6,2022-04-30T00:00:00.000Z,80.6,61.1,74.3,74.3,66
הדסה הר הצופים,80.6,2022-04-30T00:00:00.000Z,80.6,61.1,74.3,74.3,66
הדסה הר הצופים,80.6,2022-04-30T00:00:00.000Z,80.6,61.1,74.3,74.3,66
הדסה הר הצופים,80.6,2022-04-30T00:00:00.000Z,80.6,61.1,74.3,74.3,66
הדסה הר הצופים,80.6,2022-04-30T00:00:00.000Z,80.6,61.1,74.3,74.3,66
הדסה הר הצופים,80.6,2022-04-30T00:00:00.000Z,80.6,61.1,74.3,74.3,66
הדסה הר הצופים,80.6,2022-04-30T00:00:00.000Z,80.6,61.1,74.3,74.3,66
הדסה הר הצופים,80.6,2022-04-30T00:00:00.000Z,80.6,61.1,74.3,74.3,66
הדסה הר הצופים,80.6,2022-04-30T00:00:00.000Z,80.6,61.1,74.3,74.3,66
הדסה הר הצופים,80.6,2022-04-30T00:00:00.000Z,80.6,61.1,74.3,74.3,66
הדסה הר הצופים,80.6,2022-04-30T00:00:00.000Z,80.6,61.1,74.3,74.3,66
הדסה הר הצופים,80.6,2022-04-30T00:00:00.000Z,80.6,61.1,74.3,74.3,66
הדסה הר הצופים,80.6,2022-04-30T00:00:00.000Z,80.6,61.1,74.3,74.3,66
הדסה הר הצופים,80.6,2022-04-30T00:00:00.000Z,80.6,61.1,74.3,74.3,66
הדסה הר הצופים,80.6,2022-04-30T00:00:00.000Z,80.6,61.1,74.3,74.3,66
הדסה הר הצופים,80.6,2022-04-30T00:00:00.000Z,80.6,61.1,74.3,74.3,66
הדסה הר הצופים,80.6,2022-04-30T00:00:00.000Z,80.6,61.1,74.3,74.3,66
הדסה הר הצופים,80.6,2022-04-30T00:00:00.000Z,80.6,61.1,74.3,74.3,66
הדסה הר הצופים,80.6,2022-04-30T00:00:00.000Z,80.6,61.1,74.3,74.3,66
הדסה הר הצופים,80.6,2022-04-30T00:00:00.000Z,80.6,61.1,74.3,74.3,66
הדסה הר הצופים,80.6,2022-04-30T00:00:00.000Z,80.6,61.1,74.3,74.3,66
הדסה הר הצופים,80.6,2022-04-30T00:00:00.000Z,80.6,61.1,74.3,74.3,66
הדסה הר הצופים,80.6,2022-04-30T00:00:00.000Z,69.4,66.7,74.3,75.7,72.6
הדסה הר הצופים,80.6,2022-04-30T00:00:00.000Z,71,65.9,74.3,75.5,71.6
הדסה הר הצופים,80.6,2022-04-30T00:00:00.000Z,72.6,65.1,74.3,75.3,70.7
הדסה הר הצופים,80.6,2022-04-30T00:00:00.000Z,74.2,64.3,74.3,75.1,69.7
הדסה הר הצופים,80.6,2022-04-30T00:00:00.000Z,75.8,63.5,74.3,74.9,68.8
הדסה הר הצופים,80.6,2022-04-30T00:00:00.000Z,77.4,62.7,74.3,74.7,67.9
הדסה הר הצופים,80.6,2022-04-30T00:00:00.000Z,79,61.9,74.3,74.5,66.9
הדסה הר הצופים,80.6,2022-04-30T00:00:00.000Z,80.6,61.1,74.3,74.3,66
הדסה הר הצופים,80.6,2022-04-30T00:00:00.000Z,80.6,61.1,74.3,74.3,66
הדסה הר הצופים,80.6,2022-04-30T00:00:00.000Z,80.6,61.1,74.3,74.3,66
הדסה הר הצופים,80.6,2022-04-30T00:00:00.000Z,80.6,61.1,74.3,74.3,66
הדסה הר הצופים,80.6,2022-04-30T00:00:00.000Z,80.6,61.1,74.3,74.3,66
הדסה הר הצופים,80.6,2022-04-30T00:00:00.000Z,80.6,61.1,74.3,74.3,66
הדסה הר הצופים,80.6,2022-04-30T00:00:00.000Z,80.6,61.1,74.3,74.3,66
הדסה הר הצופים,80.6,2022-04-30T00:00:00.000Z,80.6,61.1,74.3,74.3,66
הדסה הר הצופים,80.6,2022-04-30T00:00:00.000Z,80.6,61.1,74.3,74.3,66
הדסה הר הצופים,80.6,2022-04-30T00:00:00.000Z,80.6,61.1,74.3,74.3,66
הדסה הר הצופים,80.6,2022-04-30T00:00:00.000Z,80.6,61.1,74.3,74.3,66
הדסה הר הצופים,80.6,2022-04-30T00:00:00.000Z,80.6,61.1,74.3,74.3,66
הדסה הר הצופים,80.6,2022-04-30T00:00:00.000Z,80.6,61.1,74.3,74.3,66
הדסה הר הצופים,80.6,2022-04-30T00:00:00.000Z,80.6,61.1,74.3,74.3,66
הדסה הר הצופים,80.6,2022-04-30T00:00:00.000Z,80.6,61.1,74.3,74.3,66
הדסה הר הצופים,80.6,2022-04-30T00:00:00.000Z,80.6,61.1,74.3,74.3,66
הדסה הר הצופים,80.6,2022-04-30T00:00:00.000Z,80.6,61.1,74.3,74.3,66
הדסה הר הצופים,80.6,2022-04-30T00:00:00.000Z,80.6,61.1,74.3,74.3,66
הדסה הר הצופים,80.6,2022-04-30T00:00:00.000Z,80.6,61.1,74.3,74.3,66
הדסה הר הצופים,80.6,2022-04-30T00:00:00.000Z,80.6,61.1,74.3,74.3,66
הדסה הר הצופים,80.6,2022-04-30T00:00:00.000Z,80.6,61.1,74.3,74.3,66
הדסה הר הצופים,80.6,2022-04-30T00:00:00.000Z,80.6,61.1,74.3,74.3,66
הדסה הר הצופים,80.6,2022-04-30T00:00:00.000Z,80.6,61.1,74.3,74.3,66
הדסה הר הצופים,80.6,2022-04-30T00:00:00.000Z,80.6,61.1,74.3,74.3,66
הדסה הר הצופים,80.6,2022-04-30T00:00:00.000Z,80.6,61.1,74.3,74.3,66
הדסה הר הצופים,80.6,2022-04-30T00:00:00.000Z,80.6,61.1,74.3,74.3,66
הדסה הר הצופים,80.6,2022-04-30T00:00:00.000Z,80.6,61.1,74.3,74.3,66
הדסה הר הצופים,80.6,2022-04-30T00:00:00.000Z,80.6,61.1,74.3,74.3,66
הדסה הר הצופים,80.6,2022-04-30T00:00:00.000Z,80.6,61.1,74.3,74.3,66
הדסה הר הצופים,80.6,2022-04-30T00:00:00.000Z,80.6,61.1,74.3,74.3,66
הדסה הר הצופים,80.6,2022-04-30T00:00:00.000Z,80.6,61.1,74.3,74.3,66
הדסה הר הצופים,80.6,2022-04-30T00:00:00.000Z,80.6,61.1,74.3,74.3,66
הדסה הר הצופים,80.6,2022-04-30T00:00:00.000Z,80.6,61.1,74.3,74.3,66
הדסה הר הצופים,80.6,2022-04-30T00:00:00.000Z,80.6,61.1,74.3,74.3,66
הדסה הר הצופים,80.6,2022-04-30T00:00:00.000Z,80.6,61.1,74.3,74.3,66
הדסה הר הצופים,80.6,2022-04-30T00:00:00.000Z,80.6,61.1,74.3,74.3,66
הדסה הר הצופים,80.6,2022-04-30T00:00:00.000Z,80.6,61.1,74.3,74.3,66
הדסה הר הצופים,80.6,2022-04-30T00:00:00.000Z,80.6,61.1,74.3,74.3,66
הדסה הר הצופים,80.6,2022-04-30T00:00:00.000Z,80.6,61.1,74.3,74.3,66
הדסה הר הצופים,80.6,2022-04-30T00:00:00.000Z,80.6,61.1,74.3,74.3,66
הדסה הר הצופים,80.6,2022-04-30T00:00:00.000Z,80.6,61.1,74.3,74.3,66
הדסה הר הצופים,80.6,2022-04-30T00:00:00.000Z,80.6,61.1,74.3,74.3,66
הדסה הר הצופים,80.6,2022-04-30T00:00:00.000Z,80.6,61.1,74.3,74.3,66
הדסה הר הצופים,80.6,2022-04-30T00:00:00.000Z,80.6,61.1,74.3,74.3,66
הדסה הר הצופים,80.6,2022-04-30T00:00:00.000Z,80.6,61.1,74.3,74.3,66
הדסה הר הצופים,80.6,2022-04-30T00:00:00.000Z,80.6,61.1,74.3,74.3,66
הדסה הר הצופים,80.6,2022-04-30T00:00:00.000Z,80.6,61.1,74.3,74.3,66
הדסה הר הצופים,80.6,2022-04-30T00:00:00.000Z,80.6,61.1,74.3,74.3,66
הדסה הר הצופים,80.6,2022-04-30T00:00:00.000Z,80.6,61.1,74.3,74.3,66
הדסה הר הצופים,80.6,2022-04-30T00:00:00.000Z,80.6,61.1,74.3,74.3,66
הדסה הר הצופים,80.6,2022-04-30T00:00:00.000Z,80.6,61.1,74.3,74.3,66
הדסה הר הצופים,80.6,2022-04-30T00:00:00.000Z,80.6,61.1,74.3,74.3,66
הדסה הר הצופים,80.6,2022-04-30T00:00:00.000Z,80.6,61.1,74.3,74.3,66
הדסה הר הצופים,80.6,2022-04-30T00:00:00.000Z,80.6,61.1,74.3,74.3,66
הדסה הר הצופים,80.6,2022-04-30T00:00:00.000Z,80.6,61.1,74.3,74.3,66
הדסה הר הצופים,80.6,2022-04-30T00:00:00.000Z,80.6,61.1,74.3,74.3,66
הדסה הר הצופים,80.6,2022-04-30T00:00:00.000Z,80.6,61.1,74.3,74.3,66
הדסה הר הצופים,80.6,2022-04-30T00:00:00.000Z,80.6,61.1,74.3,74.3,66
הדסה הר הצופים,80.6,2022-04-30T00:00:00.000Z,80.6,61.1,74.3,74.3,66
הדסה הר הצופים,80.6,2022-04-30T00:00:00.000Z,80.6,61.1,74.3,74.3,66
הדסה הר הצופים,80.6,2022-04-30T00:00:00.000Z,80.6,61.1,74.3,74.3,66
הדסה הר הצופים,80.6,2022-04-30T00:00:00.000Z,80.6,61.1,74.3,74.3,66
הדסה הר הצופים,80.6,2022-04-30T00:00:00.000Z,80.6,61.1,74.3,74.3,66
הדסה הר הצופים,80.6,2022-04-30T00:00:00.000Z,80.6,61.1,74.3,74.3,66
הדסה הר הצופים,80.6,2022-04-30T00:00:00.000Z,80.6,61.1,74.3,74.3,66
הדסה הר הצופים,80.6,2022-04-30T00:00:00.000Z,80.6,61.1,74.3,74.3,66
הדסה הר הצופים,80.6,2022-04-30T00:00:00.000Z,80.6,61.1,74.3,74.3,66
הדסה הר הצופים,80.6,2022-04-30T00:00:00.000Z,80.6,61.1,74.3,74.3,66
הדסה הר הצופים,80.6,2022-04-30T00:00:00.000Z,80.6,61.1,74.3,74.3,66
הדסה הר הצופים,80.6,2022-04-30T00:00:00.000Z,80.6,61.1,74.3,74.3,66
הדסה הר הצופים,80.6,2022-04-30T00:00:00.000Z,80.6,61.1,74.3,74.3,66
הדסה הר הצופים,80.6,2022-04-30T00:00:00.000Z,80.6,61.1,74.3,74.3,66
הדסה הר הצופים,80.6,2022-04-30T00:00:00.000Z,80.6,61.1,74.3,74.3,66
הדסה הר הצופים,80.6,2022-04-30T00:00:00.000Z,80.6,61.1,74.3,74.3,66
הדסה הר הצופים,80.6,2022-04-30T00:00:00.000Z,80.6,61.1,74.3,74.3,66
הדסה הר הצופים,80.6,2022-04-30T00:00:00.000Z,80.6,61.1,74.3,74.3,66
הדסה הר הצופים,80.6,2022-04-30T00:00:00.000Z,80.6,61.1,74.3,74.3,66
מאיר,73,2022-04-30T00:00:00.000Z,76.5,67,75.6,83.9,77
מאיר,73,2022-04-30T00:00:00.000Z,76,66.6,75.6,82.7,76.1
מאיר,73,2022-04-30T00:00:00.000Z,75.5,66.1,75.6,81.5,75.1
מאיר,73,2022-04-30T00:00:00.000Z,75,65.7,75.6,80.4,74.2
מאיר,73,2022-04-30T00:00:00.000Z,74.5,65.3,75.6,79.2,73.2
מאיר,73,2022-04-30T00:00:00.000Z,74,64.9,75.6,78,72.3
מאיר,73,2022-04-30T00:00:00.000Z,73.5,64.4,75.6,76.8,71.4
מאיר,73,2022-04-30T00:00:00.000Z,73,64,75.6,75.6,70.4
מאיר,73,2022-04-30T00:00:00.000Z,73,64,75.6,75.6,70.4
מאיר,73,2022-04-30T00:00:00.000Z,73,64,75.6,75.6,70.4
מאיר,73,2022-04-30T00:00:00.000Z,73,64,75.6,75.6,70.4
מאיר,73,2022-04-30T00:00:00.000Z,73,64,75.6,75.6,70.4
מאיר,73,2022-04-30T00:00:00.000Z,73,64,75.6,75.6,70.4
מאיר,73,2022-04-30T00:00:00.000Z,73,64,75.6,75.6,70.4
מאיר,73,2022-04-30T00:00:00.000Z,73,64,75.6,75.6,70.4
מאיר,73,2022-04-30T00:00:00.000Z,73,64,75.6,75.6,70.4
מאיר,73,2022-04-30T00:00:00.000Z,73,64,75.6,75.6,70.4
מאיר,73,2022-04-30T00:00:00.000Z,73,64,75.6,75.6,70.4
מאיר,73,2022-04-30T00:00:00.000Z,73,64,75.6,75.6,70.4
מאיר,73,2022-04-30T00:00:00.000Z,73,64,75.6,75.6,70.4
מאיר,73,2022-04-30T00:00:00.000Z,73,64,75.6,75.6,70.4
מאיר,73,2022-04-30T00:00:00.000Z,73,64,75.6,75.6,70.4
מאיר,73,2022-04-30T00:00:00.000Z,73,64,75.6,75.6,70.4
מאיר,73,2022-04-30T00:00:00.000Z,73,64,75.6,75.6,70.4
מאיר,73,2022-04-30T00:00:00.000Z,73,64,75.6,75.6,70.4
מאיר,73,2022-04-30T00:00:00.000Z,73,64,75.6,75.6,70.4
מאיר,73,2022-04-30T00:00:00.000Z,73,64,75.6,75.6,70.4
מאיר,73,2022-04-30T00:00:00.000Z,73,64,75.6,75.6,70.4
מאיר,73,2022-04-30T00:00:00.000Z,73,64,75.6,75.6,70.4
מאיר,73,2022-04-30T00:00:00.000Z,73,64,75.6,75.6,70.4
מאיר,73,2022-04-30T00:00:00.000Z,73,64,75.6,75.6,70.4
מאיר,73,2022-04-30T00:00:00.000Z,73,64,75.6,75.6,70.4
מאיר,73,2022-04-30T00:00:00.000Z,73,64,75.6,75.6,70.4
מאיר,73,2022-04-30T00:00:00.000Z,73,64,75.6,75.6,70.4
מאיר,73,2022-04-30T00:00:00.000Z,73,64,75.6,75.6,70.4
מאיר,73,2022-04-30T00:00:00.000Z,73,64,75.6,75.6,70.4
מאיר,73,2022-04-30T00:00:00.000Z,73,64,75.6,75.6,70.4
מאיר,73,2022-04-30T00:00:00.000Z,73,64,75.6,75.6,70.4
מאיר,73,2022-04-30T00:00:00.000Z,73,64,75.6,75.6,70.4
מאיר,73,2022-04-30T00:00:00.000Z,73,64,75.6,75.6,70.4
מאיר,73,2022-04-30T00:00:00.000Z,73,64,75.6,75.6,70.4
מאיר,73,2022-04-30T00:00:00.000Z,73,64,75.6,75.6,70.4
מאיר,73,2022-04-30T00:00:00.000Z,73,64,75.6,75.6,70.4
מאיר,73,2022-04-30T00:00:00.000Z,73,64,75.6,75.6,70.4
מאיר,73,2022-04-30T00:00:00.000Z,73,64,75.6,75.6,70.4
מאיר,73,2022-04-30T00:00:00.000Z,73,64,75.6,75.6,70.4
מאיר,73,2022-04-30T00:00:00.000Z,73,64,75.6,75.6,70.4
מאיר,73,2022-04-30T00:00:00.000Z,73,64,75.6,75.6,70.4
מאיר,73,2022-04-30T00:00:00.000Z,73,64,75.6,75.6,70.4
מאיר,73,2022-04-30T00:00:00.000Z,73,64,75.6,75.6,70.4
מאיר,73,2022-04-30T00:00:00.000Z,73,64,75.6,75.6,70.4
מאיר,73,2022-04-30T00:00:00.000Z,73,64,75.6,75.6,70.4
מאיר,73,2022-04-30T00:00:00.000Z,73,64,75.6,75.6,70.4
מאיר,73,2022-04-30T00:00:00.000Z,73,64,75.6,75.6,70.4
מאיר,73,2022-04-30T00:00:00.000Z,73,64,75.6,75.6,70.4
מאיר,73,2022-04-30T00:00:00.000Z,73,64,75.6,75.6,70.4
מאיר,73,2022-04-30T00:00:00.000Z,73,64,75.6,75.6,70.4
מאיר,73,2022-04-30T00:00:00.000Z,73,64,75.6,75.6,70.4
מאיר,73,2022-04-30T00:00:00.000Z,73,64,75.6,75.6,70.4
מאיר,73,2022-04-30T00:00:00.000Z,73,64,75.6,75.6,70.4
מאיר,73,2022-04-30T00:00:00.000Z,73,64,75.6,75.6,70.4
מאיר,73,2022-04-30T00:00:00.000Z,73,64,75.6,75.6,70.4
מאיר,73,2022-04-30T00:00:00.000Z,73,64,75.6,75.6,70.4
מאיר,73,2022-04-30T00:00:00.000Z,73,64,75.6,75.6,70.4
מאיר,73,2022-04-30T00:00:00.000Z,73,64,75.6,75.6,70.4
מאיר,73,2022-04-30T00:00:00.000Z,73,64,75.6,75.6,70.4
מאיר,73,2022-04-30T00:00:00.000Z,73,64,75.6,75.6,70.4
מאיר,73,2022-04-30T00:00:00.000Z,73,64,75.6,75.6,70.4
מאיר,73,2022-04-30T00:00:00.000Z,73,64,75.6,75.6,70.4
מאיר,73,2022-04-30T00:00:00.000Z,73,64,75.6,75.6,70.4
מאיר,73,2022-04-30T00:00:00.000Z,73,64,75.6,75.6,70.4
מאיר,73,2022-04-30T00:00:00.000Z,73,64,75.6,75.6,70.4
מאיר,73,2022-04-30T00:00:00.000Z,73,64,75.6,75.6,70.4
מאיר,73,2022-04-30T00:00:00.000Z,73,64,75.6,75.6,70.4
מאיר,73,2022-04-30T00:00:00.000Z,73,64,75.6,75.6,70.4
מאיר,73,2022-04-30T00:00:00.000Z,73,64,75.6,75.6,70.4
מאיר,73,2022-04-30T00:00:00.000Z,73,64,75.6,75.6,70.4
מאיר,73,2022-04-30T00:00:00.000Z,73,64,75.6,75.6,70.4
מאיר,73,2022-04-30T00:00:00.000Z,73,64,75.6,75.6,70.4
מאיר,73,2022-04-30T00:00:00.000Z,73,64,75.6,75.6,70.4
מאיר,73,2022-04-30T00:00:00.000Z,73,64,75.6,75.6,70.4
מאיר,73,2022-04-30T00:00:00.000Z,73,64,75.6,75.6,70.4
מאיר,73,2022-04-30T00:00:00.000Z,73,64,75.6,75.6,70.4
מאיר,73,2022-04-30T00:00:00.000Z,73,64,75.6,75.6,70.4
מאיר,73,2022-04-30T00:00:00.000Z,73,64,75.6,75.6,70.4
מאיר,73,2022-04-30T00:00:00.000Z,73,64,75.6,75.6,70.4
מאיר,73,2022-04-30T00:00:00.000Z,73,64,75.6,75.6,70.4
מאיר,73,2022-04-30T00:00:00.000Z,73,64,75.6,75.6,70.4
מאיר,73,2022-04-30T00:00:00.000Z,73,64,75.6,75.6,70.4
מאיר,73,2022-04-30T00:00:00.000Z,73,64,75.6,75.6,70.4
מאיר,73,2022-04-30T00:00:00.000Z,73,64,75.6,75.6,70.4
מאיר,73,2022-04-30T00:00:00.000Z,73,64,75.6,75.6,70.4
מאיר,73,2022-04-30T00:00:00.000Z,73,64,75.6,75.6,70.4
מאיר,73,2022-04-30T00:00:00.000Z,73,64,75.6,75.6,70.4
מאיר,73,2022-04-30T00:00:00.000Z,73,64,75.6,75.6,70.4
מאיר,73,2022-04-30T00:00:00.000Z,73,64,75.6,75.6,70.4
מאיר,73,2022-04-30T00:00:00.000Z,73,64,75.6,75.6,70.4
מאיר,73,2022-04-30T00:00:00.000Z,73,64,75.6,75.6,70.4
מאיר,73,2022-04-30T00:00:00.000Z,73,64,75.6,75.6,70.4
מאיר,73,2022-04-30T00:00:00.000Z,73,64,75.6,75.6,70.4
מאיר,73,2022-04-30T00:00:00.000Z,73,64,75.6,75.6,70.4
מאיר,73,2022-04-30T00:00:00.000Z,73,64,75.6,75.6,70.4
מאיר,73,2022-04-30T00:00:00.000Z,73,64,75.6,75.6,70.4
מאיר,73,2022-04-30T00:00:00.000Z,73,64,75.6,75.6,70.4
מאיר,73,2022-04-30T00:00:00.000Z,73,64,75.6,75.6,70.4
מאיר,73,2022-04-30T00:00:00.000Z,73,64,75.6,75.6,70.4
מאיר,73,2022-04-30T00:00:00.000Z,73,64,75.6,75.6,70.4
מאיר,73,2022-04-30T00:00:00.000Z,73,64,75.6,75.6,70.4
מאיר,73,2022-04-30T00:00:00.000Z,73,64,75.6,75.6,70.4
מאיר,73,2022-04-30T00:00:00.000Z,73,64,75.6,75.6,70.4
מאיר,73,2022-04-30T00:00:00.000Z,73,64,75.6,75.6,70.4
מאיר,73,2022-04-30T00:00:00.000Z,73,64,75.6,75.6,70.4
מאיר,73,2022-04-30T00:00:00.000Z,73,64,75.6,75.6,70.4
מאיר,73,2022-04-30T00:00:00.000Z,73,64,75.6,75.6,70.4
מאיר,73,2022-04-30T00:00:00.000Z,73,64,75.6,75.6,70.4
מאיר,73,2022-04-30T00:00:00.000Z,73,64,75.6,75.6,70.4
מאיר,73,2022-04-30T00:00:00.000Z,73,64,75.6,75.6,70.4
מאיר,73,2022-04-30T00:00:00.000Z,73,64,75.6,75.6,70.4
מאיר,73,2022-04-30T00:00:00.000Z,73,64,75.6,75.6,70.4
מאיר,73,2022-04-30T00:00:00.000Z,73,64,75.6,75.6,70.4
מאיר,73,2022-04-30T00:00:00.000Z,73,64,75.6,75.6,70.4
מאיר,73,2022-04-30T00:00:00.000Z,73,64,75.6,75.6,70.4
מאיר,73,2022-04-30T00:00:00.000Z,73,64,75.6,75.6,70.4
מאיר,73,2022-04-30T00:00:00.000Z,73,64,75.6,75.6,70.4
מאיר,73,2022-04-30T00:00:00.000Z,73,64,75.6,75.6,70.4
מאיר,73,2022-04-30T00:00:00.000Z,73,64,75.6,75.6,70.4
מאיר,73,2022-04-30T00:00:00.000Z,73,64,75.6,75.6,70.4
מאיר,73,2022-04-30T00:00:00.000Z,73,64,75.6,75.6,70.4
מאיר,73,2022-04-30T00:00:00.000Z,73,64,75.6,75.6,70.4
מאיר,73,2022-04-30T00:00:00.000Z,73,64,75.6,75.6,70.4
מאיר,73,2022-04-30T00:00:00.000Z,73,64,75.6,75.6,70.4
מאיר,73,2022-04-30T00:00:00.000Z,73,64,75.6,75.6,70.4
מאיר,73,2022-04-30T00:00:00.000Z,73,64,75.6,75.6,70.4
מאיר,73,2022-04-30T00:00:00.000Z,73,64,75.6,75.6,70.4
מאיר,73,2022-04-30T00:00:00.000Z,73,64,75.6,75.6,70.4
מאיר,73,2022-04-30T00:00:00.000Z,73,64,75.6,75.6,70.4
מאיר,73,2022-04-30T00:00:00.000Z,73,64,75.6,75.6,70.4
מאיר,73,2022-04-30T00:00:00.000Z,73,64,75.6,75.6,70.4
מאיר,73,2022-04-30T00:00:00.000Z,73,64,75.6,75.6,70.4
מאיר,73,2022-04-30T00:00:00.000Z,73,64,75.6,75.6,70.4
מאיר,73,2022-04-30T00:00:00.000Z,73,64,75.6,75.6,70.4
מאיר,73,2022-04-30T00:00:00.000Z,73,64,75.6,75.6,70.4
מאיר,73,2022-04-30T00:00:00.000Z,73,64,75.6,75.6,70.4
מאיר,73,2022-04-30T00:00:00.000Z,73,64,75.6,75.6,70.4
מאיר,73,2022-04-30T00:00:00.000Z,73,64,75.6,75.6,70.4
מאיר,73,2022-04-30T00:00:00.000Z,73,64,75.6,75.6,70.4
מאיר,73,2022-04-30T00:00:00.000Z,73,64,75.6,75.6,70.4
מאיר,73,2022-04-30T00:00:00.000Z,73,64,75.6,75.6,70.4
מאיר,73,2022-04-30T00:00:00.000Z,73,64,75.6,75.6,70.4
מאיר,73,2022-04-30T00:00:00.000Z,73,64,75.6,75.6,70.4
מאיר,73,2022-04-30T00:00:00.000Z,73,64,75.6,75.6,70.4
מאיר,73,2022-04-30T00:00:00.000Z,73,64,75.6,75.6,70.4
מאיר,73,2022-04-30T00:00:00.000Z,73,64,75.6,75.6,70.4
מאיר,73,2022-04-30T00:00:00.000Z,73,64,75.6,75.6,70.4
מאיר,73,2022-04-30T00:00:00.000Z,73,64,75.6,75.6,70.4
מאיר,73,2022-04-30T00:00:00.000Z,73,64,75.6,75.6,70.4
מאיר,73,2022-04-30T00:00:00.000Z,73,64,75.6,75.6,70.4
מאיר,73,2022-04-30T00:00:00.000Z,73,64,75.6,75.6,70.4
מאיר,73,2022-04-30T00:00:00.000Z,73,64,75.6,75.6,70.4
מאיר,73,2022-04-30T00:00:00.000Z,73,64,75.6,75.6,70.4
מאיר,73,2022-04-30T00:00:00.000Z,73,64,75.6,75.6,70.4
מאיר,73,2022-04-30T00:00:00.000Z,73,64,75.6,75.6,70.4
מאיר,73,2022-04-30T00:00:00.000Z,73,64,75.6,75.6,70.4
מאיר,73,2022-04-30T00:00:00.000Z,73,64,75.6,75.6,70.4
מאיר,73,2022-04-30T00:00:00.000Z,73,64,75.6,75.6,70.4
מאיר,73,2022-04-30T00:00:00.000Z,73,64,75.6,75.6,70.4
מאיר,73,2022-04-30T00:00:00.000Z,73,64,75.6,75.6,70.4
מאיר,73,2022-04-30T00:00:00.000Z,73,64,75.6,75.6,70.4
מאיר,73,2022-04-30T00:00:00.000Z,73,64,75.6,75.6,70.4
מאיר,73,2022-04-30T00:00:00.000Z,73,64,75.6,75.6,70.4
מאיר,73,2022-04-30T00:00:00.000Z,73,64,75.6,75.6,70.4
מאיר,73,2022-04-30T00:00:00.000Z,73,64,75.6,75.6,70.4
מאיר,73,2022-04-30T00:00:00.000Z,73,64,75.6,75.6,70.4
מאיר,73,2022-04-30T00:00:00.000Z,73,64,75.6,75.6,70.4
מאיר,73,2022-04-30T00:00:00.000Z,73,64,75.6,75.6,70.4
מאיר,73,2022-04-30T00:00:00.000Z,73,64,75.6,75.6,70.4
מאיר,73,2022-04-30T00:00:00.000Z,73,64,75.6,75.6,70.4
מאיר,73,2022-04-30T00:00:00.000Z,73,64,75.6,75.6,70.4
מאיר,73,2022-04-30T00:00:00.000Z,73,64,75.6,75.6,70.4
מאיר,73,2022-04-30T00:00:00.000Z,73,64,75.6,75.6,70.4
מאיר,73,2022-04-30T00:00:00.000Z,73,64,75.6,75.6,70.4
מאיר,73,2022-04-30T00:00:00.000Z,73,64,75.6,75.6,70.4
מאיר,73,2022-04-30T00:00:00.000Z,73,64,75.6,75.6,70.4
מאיר,73,2022-04-30T00:00:00.000Z,73,64,75.6,75.6,70.4
מאיר,73,2022-04-30T00:00:00.000Z,73,64,75.6,75.6,70.4
מאיר,73,2022-04-30T00:00:00.000Z,73,64,75.6,75.6,70.4
מאיר,73,2022-04-30T00:00:00.000Z,73,64,75.6,75.6,70.4
מאיר,73,2022-04-30T00:00:00.000Z,73,64,75.6,75.6,70.4
מאיר,73,2022-04-30T00:00:00.000Z,73,64,75.6,75.6,70.4
מאיר,73,2022-04-30T00:00:00.000Z,73,64,75.6,75.6,70.4
מאיר,73,2022-04-30T00:00:00.000Z,73,64,75.6,75.6,70.4
מאיר,73,2022-04-30T00:00:00.000Z,73,64,75.6,75.6,70.4
מאיר,73,2022-04-30T00:00:00.000Z,73,64,75.6,75.6,70.4
מאיר,73,2022-04-30T00:00:00.000Z,73,64,75.6,75.6,70.4
מאיר,73,2022-04-30T00:00:00.000Z,73,64,75.6,75.6,70.4
מאיר,73,2022-04-30T00:00:00.000Z,73,64,75.6,75.6,70.4
מאיר,73,2022-04-30T00:00:00.000Z,73,64,75.6,75.6,70.4
מאיר,73,2022-04-30T00:00:00.000Z,73,64,75.6,75.6,70.4
מאיר,73,2022-04-30T00:00:00.000Z,73,64,75.6,75.6,70.4
מאיר,73,2022-04-30T00:00:00.000Z,73,64,75.6,75.6,70.4
מאיר,73,2022-04-30T00:00:00.000Z,73,64,75.6,75.6,70.4
מאיר,73,2022-04-30T00:00:00.000Z,73,64,75.6,75.6,70.4
מאיר,73,2022-04-30T00:00:00.000Z,73,64,75.6,75.6,70.4
מאיר,73,2022-04-30T00:00:00.000Z,73,64,75.6,75.6,70.4
מאיר,73,2022-04-30T00:00:00.000Z,73,64,75.6,75.6,70.4
מאיר,73,2022-04-30T00:00:00.000Z,73,64,75.6,75.6,70.4
מאיר,73,2022-04-30T00:00:00.000Z,73,64,75.6,75.6,70.4
מאיר,73,2022-04-30T00:00:00.000Z,73,64,75.6,75.6,70.4
מאיר,73,2022-04-30T00:00:00.000Z,73,64,75.6,75.6,70.4
מאיר,73,2022-04-30T00:00:00.000Z,73,64,75.6,75.6,70.4
מאיר,73,2022-04-30T00:00:00.000Z,73,64,75.6,75.6,70.4
מאיר,73,2022-04-30T00:00:00.000Z,73,64,75.6,75.6,70.4
מאיר,73,2022-04-30T00:00:00.000Z,73,64,75.6,75.6,70.4
מאיר,73,2022-04-30T00:00:00.000Z,73,64,75.6,75.6,70.4
מאיר,73,2022-04-30T00:00:00.000Z,73,64,75.6,75.6,70.4
מאיר,73,2022-04-30T00:00:00.000Z,73,64,75.6,75.6,70.4
מאיר,73,2022-04-30T00:00:00.000Z,73,64,75.6,75.6,70.4
מאיר,73,2022-04-30T00:00:00.000Z,73,64,75.6,75.6,70.4
מאיר,73,2022-04-30T00:00:00.000Z,73,64,75.6,75.6,70.4
מאיר,73,2022-04-30T00:00:00.000Z,73,64,75.6,75.6,70.4
מאיר,73,2022-04-30T00:00:00.000Z,73,64,75.6,75.6,70.4
מאיר,73,2022-04-30T00:00:00.000Z,73,64,75.6,75.6,70.4
מאיר,73,2022-04-30T00:00:00.000Z,73,64,75.6,75.6,70.4
מאיר,73,2022-04-30T00:00:00.000Z,73,64,75.6,75.6,70.4
מאיר,73,2022-04-30T00:00:00.000Z,73,64,75.6,75.6,70.4
שיבא,111.7,2022-04-30T00:00:00.000Z,111.7,84.1,105.6,105.6,93.9
שיבא,111.7,2022-04-30T00:00:00.000Z,111.7,84.1,105.6,105.6,93.9
שיבא,111.7,2022-04-30T00:00:00.000Z,111.7,84.1,105.6,105.6,93.9
שיבא,111.7,2022-04-30T00:00:00.000Z,111.7,84.1,105.6,105.6,93.9
שיבא,111.7,2022-04-30T00:00:00.000Z,111.7,84.1,105.6,105.6,93.9
שיבא,111.7,2022-04-30T00:00:00.000Z,111.7,84.1,105.6,105.6,93.9
שיבא,111.7,2022-04-30T00:00:00.000Z,111.7,84.1,105.6,105.6,93.9
שיבא,111.7,2022-04-30T00:00:00.000Z,111.7,84.1,105.6,105.6,93.9
שיבא,111.7,2022-04-30T00:00:00.000Z,111.7,84.1,105.6,105.6,93.9
שיבא,111.7,2022-04-30T00:00:00.000Z,111.7,84.1,105.6,105.6,93.9
שיבא,111.7,2022-04-30T00:00:00.000Z,111.7,84.1,105.6,105.6,93.9
שיבא,111.7,2022-04-30T00:00:00.000Z,111.7,84.1,105.6,105.6,93.9
שיבא,111.7,2022-04-30T00:00:00.000Z,111.7,84.1,105.6,105.6,93.9
שיבא,111.7,2022-04-30T00:00:00.000Z,111.7,84.1,105.6,105.6,93.9
שיבא,111.7,2022-04-30T00:00:00.000Z,111.7,84.1,105.6,105.6,93.9
שיבא,111.7,2022-04-30T00:00:00.000Z,111.7,84.1,105.6,105.6,93.9
שיבא,111.7,2022-04-30T00:00:00.000Z,111.7,84.1,105.6,105.6,93.9
שיבא,111.7,2022-04-30T00:00:00.000Z,111.7,84.1,105.6,105.6,93.9
שיבא,111.7,2022-04-30T00:00:00.000Z,111.7,84.1,105.6,105.6,93.9
שיבא,111.7,2022-04-30T00:00:00.000Z,111.7,84.1,105.6,105.6,93.9
שיבא,111.7,2022-04-30T00:00:00.000Z,111.7,84.1,105.6,105.6,93.9
שיבא,111.7,2022-04-30T00:00:00.000Z,111.7,84.1,105.6,105.6,93.9
שיבא,111.7,2022-04-30T00:00:00.000Z,111.7,84.1,105.6,105.6,93.9
שיבא,111.7,2022-04-30T00:00:00.000Z,111.7,84.1,105.6,105.6,93.9
הלל יפה,114.4,2022-04-30T00:00:00.000Z,107.3,80.4,82.1,78.8,78.6
הלל יפה,114.4,2022-04-30T00:00:00.000Z,109.1,80.5,82.1,79.6,77.6
נהריה,117.4,2022-04-30T00:00:00.000Z,117.4,86.3,89.6,89.6,77.9
נהריה,117.4,2022-04-30T00:00:00.000Z,117.4,86.3,89.6,89.6,77.9
נהריה,117.4,2022-04-30T00:00:00.000Z,117.4,86.3,89.6,89.6,77.9
נהריה,117.4,2022-04-30T00:00:00.000Z,117.4,86.3,89.6,89.6,77.9
נהריה,117.4,2022-04-30T00:00:00.000Z,117.4,86.3,89.6,89.6,77.9
נהריה,117.4,2022-04-30T00:00:00.000Z,117.4,86.3,89.6,89.6,77.9
נהריה,117.4,2022-04-30T00:00:00.000Z,117.4,86.3,89.6,89.6,77.9
נהריה,117.4,2022-04-30T00:00:00.000Z,117.4,86.3,89.6,89.6,77.9
נהריה,117.4,2022-04-30T00:00:00.000Z,117.4,86.3,89.6,89.6,77.9
נהריה,117.4,2022-04-30T00:00:00.000Z,117.4,86.3,89.6,89.6,77.9
נהריה,117.4,2022-04-30T00:00:00.000Z,117.4,86.3,89.6,89.6,77.9
נהריה,117.4,2022-04-30T00:00:00.000Z,117.4,86.3,89.6,89.6,77.9
נהריה,117.4,2022-04-30T00:00:00.000Z,117.4,86.3,89.6,89.6,77.9
נהריה,117.4,2022-04-30T00:00:00.000Z,117.4,86.3,89.6,89.6,77.9
נהריה,117.4,2022-04-30T00:00:00.000Z,117.4,86.3,89.6,89.6,77.9
נהריה,117.4,2022-04-30T00:00:00.000Z,117.4,86.3,89.6,89.6,77.9
נהריה,117.4,2022-04-30T00:00:00.000Z,117.4,86.3,89.6,89.6,77.9
נהריה,117.4,2022-04-30T00:00:00.000Z,117.4,86.3,89.6,89.6,77.9
נהריה,117.4,2022-04-30T00:00:00.000Z,117.4,86.3,89.6,89.6,77.9
נהריה,117.4,2022-04-30T00:00:00.000Z,117.4,86.3,89.6,89.6,77.9
נהריה,117.4,2022-04-30T00:00:00.000Z,117.4,86.3,89.6,89.6,77.9
נהריה,117.4,2022-04-30T00:00:00.000Z,117.4,86.3,89.6,89.6,77.9
נהריה,117.4,2022-04-30T00:00:00.000Z,117.4,86.3,89.6,89.6,77.9
נהריה,117.4,2022-04-30T00:00:00.000Z,117.4,86.3,89.6,89.6,77.9
נהריה,117.4,2022-04-30T00:00:00.000Z,117.4,86.3,89.6,89.6,77.9
נהריה,117.4,2022-04-30T00:00:00.000Z,117.4,86.3,89.6,89.6,77.9
נהריה,117.4,2022-04-30T00:00:00.000Z,117.4,86.3,89.6,89.6,77.9
נהריה,117.4,2022-04-30T00:00:00.000Z,117.4,86.3,89.6,89.6,77.9
נהריה,117.4,2022-04-30T00:00:00.000Z,117.4,86.3,89.6,89.6,77.9
נהריה,117.4,2022-04-30T00:00:00.000Z,117.4,86.3,89.6,89.6,77.9
נהריה,117.4,2022-04-30T00:00:00.000Z,117.4,86.3,89.6,89.6,77.9
נהריה,117.4,2022-04-30T00:00:00.000Z,117.4,86.3,89.6,89.6,77.9
הלל יפה,114.4,2022-04-30T00:00:00.000Z,114.4,80.8,82.1,82.1,74.6
הלל יפה,114.4,2022-04-30T00:00:00.000Z,114.4,80.8,82.1,82.1,74.6
הלל יפה,114.4,2022-04-30T00:00:00.000Z,114.4,80.8,82.1,82.1,74.6
הלל יפה,114.4,2022-04-30T00:00:00.000Z,114.4,80.8,82.1,82.1,74.6
הלל יפה,114.4,2022-04-30T00:00:00.000Z,114.4,80.8,82.1,82.1,74.6
הלל יפה,114.4,2022-04-30T00:00:00.000Z,114.4,80.8,82.1,82.1,74.6
הלל יפה,114.4,2022-04-30T00:00:00.000Z,114.4,80.8,82.1,82.1,74.6
הלל יפה,114.4,2022-04-30T00:00:00.000Z,114.4,80.8,82.1,82.1,74.6
הלל יפה,114.4,2022-04-30T00:00:00.000Z,114.4,80.8,82.1,82.1,74.6
הלל יפה,114.4,2022-04-30T00:00:00.000Z,114.4,80.8,82.1,82.1,74.6
הלל יפה,114.4,2022-04-30T00:00:00.000Z,114.4,80.8,82.1,82.1,74.6
הלל יפה,114.4,2022-04-30T00:00:00.000Z,114.4,80.8,82.1,82.1,74.6
הלל יפה,114.4,2022-04-30T00:00:00.000Z,114.4,80.8,82.1,82.1,74.6
הלל יפה,114.4,2022-04-30T00:00:00.000Z,114.4,80.8,82.1,82.1,74.6
הלל יפה,114.4,2022-04-30T00:00:00.000Z,114.4,80.8,82.1,82.1,74.6
הלל יפה,114.4,2022-04-30T00:00:00.000Z,114.4,80.8,82.1,82.1,74.6
הלל יפה,114.4,2022-04-30T00:00:00.000Z,114.4,80.8,82.1,82.1,74.6
הלל יפה,114.4,2022-04-30T00:00:00.000Z,114.4,80.8,82.1,82.1,74.6
הלל יפה,114.4,2022-04-30T00:00:00.000Z,114.4,80.8,82.1,82.1,74.6
הלל יפה,114.4,2022-04-30T00:00:00.000Z,114.4,80.8,82.1,82.1,74.6
הלל יפה,114.4,2022-04-30T00:00:00.000Z,114.4,80.8,82.1,82.1,74.6
הלל יפה,114.4,2022-04-30T00:00:00.000Z,114.4,80.8,82.1,82.1,74.6
הלל יפה,114.4,2022-04-30T00:00:00.000Z,114.4,80.8,82.1,82.1,74.6
הלל יפה,114.4,2022-04-30T00:00:00.000Z,114.4,80.8,82.1,82.1,74.6
הלל יפה,114.4,2022-04-30T00:00:00.000Z,114.4,80.8,82.1,82.1,74.6
הלל יפה,114.4,2022-04-30T00:00:00.000Z,114.4,80.8,82.1,82.1,74.6
הלל יפה,114.4,2022-04-30T00:00:00.000Z,114.4,80.8,82.1,82.1,74.6
הלל יפה,114.4,2022-04-30T00:00:00.000Z,114.4,80.8,82.1,82.1,74.6
הלל יפה,114.4,2022-04-30T00:00:00.000Z,114.4,80.8,82.1,82.1,74.6
הלל יפה,114.4,2022-04-30T00:00:00.000Z,114.4,80.8,82.1,82.1,74.6
ברזילי,102.1,2022-04-30T00:00:00.000Z,102.1,72.9,79.6,79.6,60.3
ברזילי,102.1,2022-04-30T00:00:00.000Z,102.1,72.9,79.6,79.6,60.3
ברזילי,102.1,2022-04-30T00:00:00.000Z,102.1,72.9,79.6,79.6,60.3
ברזילי,102.1,2022-04-30T00:00:00.000Z,102.1,72.9,79.6,79.6,60.3
ברזילי,102.1,2022-04-30T00:00:00.000Z,102.1,72.9,79.6,79.6,60.3
ברזילי,102.1,2022-04-30T00:00:00.000Z,102.1,72.9,79.6,79.6,60.3
נהריה,117.4,2022-04-30T00:00:00.000Z,117.4,86.3,89.6,89.6,77.9
נהריה,117.4,2022-04-30T00:00:00.000Z,117.4,86.3,89.6,89.6,77.9
נהריה,117.4,2022-04-30T00:00:00.000Z,117.4,86.3,89.6,89.6,77.9
נהריה,117.4,2022-04-30T00:00:00.000Z,117.4,86.3,89.6,89.6,77.9
נהריה,117.4,2022-04-30T00:00:00.000Z,117.4,86.3,89.6,89.6,77.9
נהריה,117.4,2022-04-30T00:00:00.000Z,117.4,86.3,89.6,89.6,77.9
נהריה,117.4,2022-04-30T00:00:00.000Z,117.4,86.3,89.6,89.6,77.9
נהריה,117.4,2022-04-30T00:00:00.000Z,117.4,86.3,89.6,89.6,77.9
נהריה,117.4,2022-04-30T00:00:00.000Z,117.4,86.3,89.6,89.6,77.9
נהריה,117.4,2022-04-30T00:00:00.000Z,117.4,86.3,89.6,89.6,77.9
נהריה,117.4,2022-04-30T00:00:00.000Z,117.4,86.3,89.6,89.6,77.9
נהריה,117.4,2022-04-30T00:00:00.000Z,117.4,86.3,89.6,89.6,77.9
נהריה,117.4,2022-04-30T00:00:00.000Z,117.4,86.3,89.6,89.6,77.9
נהריה,117.4,2022-04-30T00:00:00.000Z,117.4,86.3,89.6,89.6,77.9
נהריה,117.4,2022-04-30T00:00:00.000Z,117.4,86.3,89.6,89.6,77.9
נהריה,117.4,2022-04-30T00:00:00.000Z,117.4,86.3,89.6,89.6,77.9
נהריה,117.4,2022-04-30T00:00:00.000Z,117.4,86.3,89.6,89.6,77.9
נהריה,117.4,2022-04-30T00:00:00.000Z,117.4,86.3,89.6,89.6,77.9
נהריה,117.4,2022-04-30T00:00:00.000Z,117.4,86.3,89.6,89.6,77.9
נהריה,117.4,2022-04-30T00:00:00.000Z,117.4,86.3,89.6,89.6,77.9
נהריה,117.4,2022-04-30T00:00:00.000Z,117.4,86.3,89.6,89.6,77.9
נהריה,117.4,2022-04-30T00:00:00.000Z,117.4,86.3,89.6,89.6,77.9
נהריה,117.4,2022-04-30T00:00:00.000Z,117.4,86.3,89.6,89.6,77.9
נהריה,117.4,2022-04-30T00:00:00.000Z,117.4,86.3,89.6,89.6,77.9
נהריה,117.4,2022-04-30T00:00:00.000Z,117.4,86.3,89.6,89.6,77.9
נהריה,117.4,2022-04-30T00:00:00.000Z,117.4,86.3,89.6,89.6,77.9
יוספטל,81.3,2022-04-30T00:00:00.000Z,75.9,57.1,46.2,40.9,44
יוספטל,81.3,2022-04-30T00:00:00.000Z,76.8,58,46.2,41.8,43.3
יוספטל,81.3,2022-04-30T00:00:00.000Z,77.7,58.9,46.2,42.6,42.6
יוספטל,81.3,2022-04-30T00:00:00.000Z,78.6,59.8,46.2,43.5,42
יוספטל,81.3,2022-04-30T00:00:00.000Z,79.5,60.7,46.2,44.4,41.3
יוספטל,81.3,2022-04-30T00:00:00.000Z,80.4,61.6,46.2,45.3,40.7
יוספטל,81.3,2022-04-30T00:00:00.000Z,81.3,62.5,46.2,46.2,40
יוספטל,81.3,2022-04-30T00:00:00.000Z,81.3,62.5,46.2,46.2,40
יוספטל,81.3,2022-04-30T00:00:00.000Z,81.3,62.5,46.2,46.2,40
יוספטל,81.3,2022-04-30T00:00:00.000Z,81.3,62.5,46.2,46.2,40
יוספטל,81.3,2022-04-30T00:00:00.000Z,81.3,62.5,46.2,46.2,40
יוספטל,81.3,2022-04-30T00:00:00.000Z,81.3,62.5,46.2,46.2,40
יוספטל,81.3,2022-04-30T00:00:00.000Z,81.3,62.5,46.2,46.2,40
יוספטל,81.3,2022-04-30T00:00:00.000Z,81.3,62.5,46.2,46.2,40
יוספטל,81.3,2022-04-30T00:00:00.000Z,81.3,62.5,46.2,46.2,40
יוספטל,81.3,2022-04-30T00:00:00.000Z,81.3,62.5,46.2,46.2,40
יוספטל,81.3,2022-04-30T00:00:00.000Z,81.3,62.5,46.2,46.2,40
יוספטל,81.3,2022-04-30T00:00:00.000Z,81.3,62.5,46.2,46.2,40
יוספטל,81.3,2022-04-30T00:00:00.000Z,81.3,62.5,46.2,46.2,40
יוספטל,81.3,2022-04-30T00:00:00.000Z,81.3,62.5,46.2,46.2,40
יוספטל,81.3,2022-04-30T00:00:00.000Z,81.3,62.5,46.2,46.2,40
יוספטל,81.3,2022-04-30T00:00:00.000Z,81.3,62.5,46.2,46.2,40
יוספטל,81.3,2022-04-30T00:00:00.000Z,81.3,62.5,46.2,46.2,40
יוספטל,81.3,2022-04-30T00:00:00.000Z,81.3,62.5,46.2,46.2,40
ברזילי,102.1,2022-04-30T00:00:00.000Z,102.1,72.9,79.6,79.6,60.3
ברזילי,102.1,2022-04-30T00:00:00.000Z,102.1,72.9,79.6,79.6,60.3
ברזילי,102.1,2022-04-30T00:00:00.000Z,102.1,72.9,79.6,79.6,60.3
ברזילי,102.1,2022-04-30T00:00:00.000Z,102.1,72.9,79.6,79.6,60.3
ברזילי,102.1,2022-04-30T00:00:00.000Z,102.1,72.9,79.6,79.6,60.3
ברזילי,102.1,2022-04-30T00:00:00.000Z,102.1,72.9,79.6,79.6,60.3
ברזילי,102.1,2022-04-30T00:00:00.000Z,102.1,72.9,79.6,79.6,60.3
ברזילי,102.1,2022-04-30T00:00:00.000Z,102.1,72.9,79.6,79.6,60.3
ברזילי,102.1,2022-04-30T00:00:00.000Z,102.1,72.9,79.6,79.6,60.3
ברזילי,102.1,2022-04-30T00:00:00.000Z,102.1,72.9,79.6,79.6,60.3
ברזילי,102.1,2022-04-30T00:00:00.000Z,102.1,72.9,79.6,79.6,60.3
ברזילי,102.1,2022-04-30T00:00:00.000Z,102.1,72.9,79.6,79.6,60.3
"רמב""ם",98,2022-04-30T00:00:00.000Z,98,95.5,82.3,82.3,80.1
"רמב""ם",98,2022-04-30T00:00:00.000Z,98,95.5,82.3,82.3,80.1
"רמב""ם",98,2022-04-30T00:00:00.000Z,98,95.5,82.3,82.3,80.1
"רמב""ם",98,2022-04-30T00:00:00.000Z,98,95.5,82.3,82.3,80.1
"רמב""ם",98,2022-04-30T00:00:00.000Z,98,95.5,82.3,82.3,80.1
"רמב""ם",98,2022-04-30T00:00:00.000Z,98,95.5,82.3,82.3,80.1
"רמב""ם",98,2022-04-30T00:00:00.000Z,98,95.5,82.3,82.3,80.1
"רמב""ם",98,2022-04-30T00:00:00.000Z,98,95.5,82.3,82.3,80.1
"רמב""ם",98,2022-04-30T00:00:00.000Z,98,95.5,82.3,82.3,80.1
"רמב""ם",98,2022-04-30T00:00:00.000Z,98,95.5,82.3,82.3,80.1
"רמב""ם",98,2022-04-30T00:00:00.000Z,98,95.5,82.3,82.3,80.1
"רמב""ם",98,2022-04-30T00:00:00.000Z,98,95.5,82.3,82.3,80.1
"רמב""ם",98,2022-04-30T00:00:00.000Z,98,95.5,82.3,82.3,80.1
"רמב""ם",98,2022-04-30T00:00:00.000Z,98,95.5,82.3,82.3,80.1
"רמב""ם",98,2022-04-30T00:00:00.000Z,98,95.5,82.3,82.3,80.1
"רמב""ם",98,2022-04-30T00:00:00.000Z,98,95.5,82.3,82.3,80.1
"רמב""ם",98,2022-04-30T00:00:00.000Z,98,95.5,82.3,82.3,80.1
"רמב""ם",98,2022-04-30T00:00:00.000Z,98,95.5,82.3,82.3,80.1
"רמב""ם",98,2022-04-30T00:00:00.000Z,98,95.5,82.3,82.3,80.1
"רמב""ם",98,2022-04-30T00:00:00.000Z,98,95.5,82.3,82.3,80.1
"רמב""ם",98,2022-04-30T00:00:00.000Z,98,95.5,82.3,82.3,80.1
"רמב""ם",98,2022-04-30T00:00:00.000Z,98,95.5,82.3,82.3,80.1
נהריה,117.4,2022-04-30T00:00:00.000Z,117.4,86.3,89.6,89.6,77.9
נהריה,117.4,2022-04-30T00:00:00.000Z,117.4,86.3,89.6,89.6,77.9
נהריה,117.4,2022-04-30T00:00:00.000Z,117.4,86.3,89.6,89.6,77.9
נהריה,117.4,2022-04-30T00:00:00.000Z,117.4,86.3,89.6,89.6,77.9
נהריה,117.4,2022-04-30T00:00:00.000Z,117.4,86.3,89.6,89.6,77.9
נהריה,117.4,2022-04-30T00:00:00.000Z,117.4,86.3,89.6,89.6,77.9
נהריה,117.4,2022-04-30T00:00:00.000Z,117.4,86.3,89.6,89.6,77.9
נהריה,117.4,2022-04-30T00:00:00.000Z,117.4,86.3,89.6,89.6,77.9
נהריה,117.4,2022-04-30T00:00:00.000Z,117.4,86.3,89.6,89.6,77.9
נהריה,117.4,2022-04-30T00:00:00.000Z,117.4,86.3,89.6,89.6,77.9
נהריה,117.4,2022-04-30T00:00:00.000Z,117.4,86.3,89.6,89.6,77.9
נהריה,117.4,2022-04-30T00:00:00.000Z,117.4,86.3,89.6,89.6,77.9
נהריה,117.4,2022-04-30T00:00:00.000Z,117.4,86.3,89.6,89.6,77.9
נהריה,117.4,2022-04-30T00:00:00.000Z,117.4,86.3,89.6,89.6,77.9
הלל יפה,114.4,2022-04-30T00:00:00.000Z,114.4,80.8,82.1,82.1,74.6
הלל יפה,114.4,2022-04-30T00:00:00.000Z,114.4,80.8,82.1,82.1,74.6
הלל יפה,114.4,2022-04-30T00:00:00.000Z,114.4,80.8,82.1,82.1,74.6
הלל יפה,114.4,2022-04-30T00:00:00.000Z,114.4,80.8,82.1,82.1,74.6
הלל יפה,114.4,2022-04-30T00:00:00.000Z,114.4,80.8,82.1,82.1,74.6
הלל יפה,114.4,2022-04-30T00:00:00.000Z,114.4,80.8,82.1,82.1,74.6
הלל יפה,114.4,2022-04-30T00:00:00.000Z,114.4,80.8,82.1,82.1,74.6
הלל יפה,114.4,2022-04-30T00:00:00.000Z,114.4,80.8,82.1,82.1,74.6
הלל יפה,114.4,2022-04-30T00:00:00.000Z,114.4,80.8,82.1,82.1,74.6
הלל יפה,114.4,2022-04-30T00:00:00.000Z,114.4,80.8,82.1,82.1,74.6
הלל יפה,114.4,2022-04-30T00:00:00.000Z,114.4,80.8,82.1,82.1,74.6
הלל יפה,114.4,2022-04-30T00:00:00.000Z,114.4,80.8,82.1,82.1,74.6
הלל יפה,114.4,2022-04-30T00:00:00.000Z,114.4,80.8,82.1,82.1,74.6
הלל יפה,114.4,2022-04-30T00:00:00.000Z,114.4,80.8,82.1,82.1,74.6
הלל יפה,114.4,2022-04-30T00:00:00.000Z,114.4,80.8,82.1,82.1,74.6
הלל יפה,114.4,2022-04-30T00:00:00.000Z,114.4,80.8,82.1,82.1,74.6
הלל יפה,114.4,2022-04-30T00:00:00.000Z,114.4,80.8,82.1,82.1,74.6
הלל יפה,114.4,2022-04-30T00:00:00.000Z,114.4,80.8,82.1,82.1,74.6
הלל יפה,114.4,2022-04-30T00:00:00.000Z,114.4,80.8,82.1,82.1,74.6
הלל יפה,114.4,2022-04-30T00:00:00.000Z,114.4,80.8,82.1,82.1,74.6
סורוקה,65.1,2022-04-30T00:00:00.000Z,57,59.3,68.4,62.5,70.1
סורוקה,65.1,2022-04-30T00:00:00.000Z,58.1,59.7,68.4,63.3,69.7
סורוקה,65.1,2022-04-30T00:00:00.000Z,59.3,60.2,68.4,64.2,69.3
סורוקה,65.1,2022-04-30T00:00:00.000Z,60.5,60.6,68.4,65,68.9
סורוקה,65.1,2022-04-30T00:00:00.000Z,61.6,61.1,68.4,65.9,68.5
סורוקה,65.1,2022-04-30T00:00:00.000Z,62.8,61.5,68.4,66.7,68.1
סורוקה,65.1,2022-04-30T00:00:00.000Z,64,62,68.4,67.5,67.7
סורוקה,65.1,2022-04-30T00:00:00.000Z,65.1,62.4,68.4,68.4,67.2
סורוקה,65.1,2022-04-30T00:00:00.000Z,65.1,62.4,68.4,68.4,67.2
סורוקה,65.1,2022-04-30T00:00:00.000Z,65.1,62.4,68.4,68.4,67.2
סורוקה,65.1,2022-04-30T00:00:00.000Z,65.1,62.4,68.4,68.4,67.2
סורוקה,65.1,2022-04-30T00:00:00.000Z,65.1,62.4,68.4,68.4,67.2
סורוקה,65.1,2022-04-30T00:00:00.000Z,65.1,62.4,68.4,68.4,67.2
סורוקה,65.1,2022-04-30T00:00:00.000Z,65.1,62.4,68.4,68.4,67.2
סורוקה,65.1,2022-04-30T00:00:00.000Z,65.1,62.4,68.4,68.4,67.2
סורוקה,65.1,2022-04-30T00:00:00.000Z,65.1,62.4,68.4,68.4,67.2
סורוקה,65.1,2022-04-30T00:00:00.000Z,65.1,62.4,68.4,68.4,67.2
סורוקה,65.1,2022-04-30T00:00:00.000Z,65.1,62.4,68.4,68.4,67.2
סורוקה,65.1,2022-04-30T00:00:00.000Z,65.1,62.4,68.4,68.4,67.2
סורוקה,65.1,2022-04-30T00:00:00.000Z,65.1,62.4,68.4,68.4,67.2
סורוקה,65.1,2022-04-30T00:00:00.000Z,65.1,62.4,68.4,68.4,67.2
סורוקה,65.1,2022-04-30T00:00:00.000Z,65.1,62.4,68.4,68.4,67.2
סורוקה,65.1,2022-04-30T00:00:00.000Z,65.1,62.4,68.4,68.4,67.2
סורוקה,65.1,2022-04-30T00:00:00.000Z,65.1,62.4,68.4,68.4,67.2
סורוקה,65.1,2022-04-30T00:00:00.000Z,65.1,62.4,68.4,68.4,67.2
סורוקה,65.1,2022-04-30T00:00:00.000Z,65.1,62.4,68.4,68.4,67.2
סורוקה,65.1,2022-04-30T00:00:00.000Z,65.1,62.4,68.4,68.4,67.2
סורוקה,65.1,2022-04-30T00:00:00.000Z,65.1,62.4,68.4,68.4,67.2
סורוקה,65.1,2022-04-30T00:00:00.000Z,65.1,62.4,68.4,68.4,67.2
סורוקה,65.1,2022-04-30T00:00:00.000Z,65.1,62.4,68.4,68.4,67.2
סורוקה,65.1,2022-04-30T00:00:00.000Z,65.1,62.4,68.4,68.4,67.2
סורוקה,65.1,2022-04-30T00:00:00.000Z,65.1,62.4,68.4,68.4,67.2
סורוקה,65.1,2022-04-30T00:00:00.000Z,65.1,62.4,68.4,68.4,67.2
סורוקה,65.1,2022-04-30T00:00:00.000Z,65.1,62.4,68.4,68.4,67.2
סורוקה,65.1,2022-04-30T00:00:00.000Z,65.1,62.4,68.4,68.4,67.2
סורוקה,65.1,2022-04-30T00:00:00.000Z,65.1,62.4,68.4,68.4,67.2
סורוקה,65.1,2022-04-30T00:00:00.000Z,65.1,62.4,68.4,68.4,67.2
סורוקה,65.1,2022-04-30T00:00:00.000Z,65.1,62.4,68.4,68.4,67.2
סורוקה,65.1,2022-04-30T00:00:00.000Z,65.1,62.4,68.4,68.4,67.2
סורוקה,65.1,2022-04-30T00:00:00.000Z,65.1,62.4,68.4,68.4,67.2
סורוקה,65.1,2022-04-30T00:00:00.000Z,65.1,62.4,68.4,68.4,67.2
סורוקה,65.1,2022-04-30T00:00:00.000Z,65.1,62.4,68.4,68.4,67.2
סורוקה,65.1,2022-04-30T00:00:00.000Z,65.1,62.4,68.4,68.4,67.2
סורוקה,65.1,2022-04-30T00:00:00.000Z,65.1,62.4,68.4,68.4,67.2
סורוקה,65.1,2022-04-30T00:00:00.000Z,65.1,62.4,68.4,68.4,67.2
סורוקה,65.1,2022-04-30T00:00:00.000Z,65.1,62.4,68.4,68.4,67.2
סורוקה,65.1,2022-04-30T00:00:00.000Z,65.1,62.4,68.4,68.4,67.2
סורוקה,65.1,2022-04-30T00:00:00.000Z,65.1,62.4,68.4,68.4,67.2
סורוקה,65.1,2022-04-30T00:00:00.000Z,65.1,62.4,68.4,68.4,67.2
סורוקה,65.1,2022-04-30T00:00:00.000Z,65.1,62.4,68.4,68.4,67.2
סורוקה,65.1,2022-04-30T00:00:00.000Z,65.1,62.4,68.4,68.4,67.2
סורוקה,65.1,2022-04-30T00:00:00.000Z,65.1,62.4,68.4,68.4,67.2
סורוקה,65.1,2022-04-30T00:00:00.000Z,65.1,62.4,68.4,68.4,67.2
סורוקה,65.1,2022-04-30T00:00:00.000Z,65.1,62.4,68.4,68.4,67.2
סורוקה,65.1,2022-04-30T00:00:00.000Z,65.1,62.4,68.4,68.4,67.2
סורוקה,65.1,2022-04-30T00:00:00.000Z,65.1,62.4,68.4,68.4,67.2
סורוקה,65.1,2022-04-30T00:00:00.000Z,65.1,62.4,68.4,68.4,67.2
סורוקה,65.1,2022-04-30T00:00:00.000Z,65.1,62.4,68.4,68.4,67.2
סורוקה,65.1,2022-04-30T00:00:00.000Z,65.1,62.4,68.4,68.4,67.2
סורוקה,65.1,2022-04-30T00:00:00.000Z,65.1,62.4,68.4,68.4,67.2
סורוקה,65.1,2022-04-30T00:00:00.000Z,65.1,62.4,68.4,68.4,67.2
סורוקה,65.1,2022-04-30T00:00:00.000Z,65.1,62.4,68.4,68.4,67.2
סורוקה,65.1,2022-04-30T00:00:00.000Z,65.1,62.4,68.4,68.4,67.2
סורוקה,65.1,2022-04-30T00:00:00.000Z,65.1,62.4,68.4,68.4,67.2
סורוקה,65.1,2022-04-30T00:00:00.000Z,65.1,62.4,68.4,68.4,67.2
סורוקה,65.1,2022-04-30T00:00:00.000Z,65.1,62.4,68.4,68.4,67.2
סורוקה,65.1,2022-04-30T00:00:00.000Z,65.1,62.4,68.4,68.4,67.2
סורוקה,65.1,2022-04-30T00:00:00.000Z,65.1,62.4,68.4,68.4,67.2
סורוקה,65.1,2022-04-30T00:00:00.000Z,65.1,62.4,68.4,68.4,67.2
סורוקה,65.1,2022-04-30T00:00:00.000Z,65.1,62.4,68.4,68.4,67.2
סורוקה,65.1,2022-04-30T00:00:00.000Z,65.1,62.4,68.4,68.4,67.2
סורוקה,65.1,2022-04-30T00:00:00.000Z,65.1,62.4,68.4,68.4,67.2
סורוקה,65.1,2022-04-30T00:00:00.000Z,65.1,62.4,68.4,68.4,67.2
סורוקה,65.1,2022-04-30T00:00:00.000Z,65.1,62.4,68.4,68.4,67.2
סורוקה,65.1,2022-04-30T00:00:00.000Z,65.1,62.4,68.4,68.4,67.2
סורוקה,65.1,2022-04-30T00:00:00.000Z,65.1,62.4,68.4,68.4,67.2
סורוקה,65.1,2022-04-30T00:00:00.000Z,65.1,62.4,68.4,68.4,67.2
סורוקה,65.1,2022-04-30T00:00:00.000Z,65.1,62.4,68.4,68.4,67.2
סורוקה,65.1,2022-04-30T00:00:00.000Z,65.1,62.4,68.4,68.4,67.2
סורוקה,65.1,2022-04-30T00:00:00.000Z,65.1,62.4,68.4,68.4,67.2
סורוקה,65.1,2022-04-30T00:00:00.000Z,65.1,62.4,68.4,68.4,67.2
סורוקה,65.1,2022-04-30T00:00:00.000Z,65.1,62.4,68.4,68.4,67.2
סורוקה,65.1,2022-04-30T00:00:00.000Z,65.1,62.4,68.4,68.4,67.2
סורוקה,65.1,2022-04-30T00:00:00.000Z,65.1,62.4,68.4,68.4,67.2
סורוקה,65.1,2022-04-30T00:00:00.000Z,65.1,62.4,68.4,68.4,67.2
סורוקה,65.1,2022-04-30T00:00:00.000Z,65.1,62.4,68.4,68.4,67.2
סורוקה,65.1,2022-04-30T00:00:00.000Z,65.1,62.4,68.4,68.4,67.2
סורוקה,65.1,2022-04-30T00:00:00.000Z,65.1,62.4,68.4,68.4,67.2
סורוקה,65.1,2022-04-30T00:00:00.000Z,65.1,62.4,68.4,68.4,67.2
סורוקה,65.1,2022-04-30T00:00:00.000Z,65.1,62.4,68.4,68.4,67.2
סורוקה,65.1,2022-04-30T00:00:00.000Z,65.1,62.4,68.4,68.4,67.2
סורוקה,65.1,2022-04-30T00:00:00.000Z,65.1,62.4,68.4,68.4,67.2
סורוקה,65.1,2022-04-30T00:00:00.000Z,65.1,62.4,68.4,68.4,67.2
סורוקה,65.1,2022-04-30T00:00:00.000Z,65.1,62.4,68.4,68.4,67.2
סורוקה,65.1,2022-04-30T00:00:00.000Z,65.1,62.4,68.4,68.4,67.2
סורוקה,65.1,2022-04-30T00:00:00.000Z,65.1,62.4,68.4,68.4,67.2
סורוקה,65.1,2022-04-30T00:00:00.000Z,65.1,62.4,68.4,68.4,67.2
סורוקה,65.1,2022-04-30T00:00:00.000Z,65.1,62.4,68.4,68.4,67.2
סורוקה,65.1,2022-04-30T00:00:00.000Z,65.1,62.4,68.4,68.4,67.2
סורוקה,65.1,2022-04-30T00:00:00.000Z,65.1,62.4,68.4,68.4,67.2
סורוקה,65.1,2022-04-30T00:00:00.000Z,65.1,62.4,68.4,68.4,67.2
סורוקה,65.1,2022-04-30T00:00:00.000Z,65.1,62.4,68.4,68.4,67.2
סורוקה,65.1,2022-04-30T00:00:00.000Z,65.1,62.4,68.4,68.4,67.2
סורוקה,65.1,2022-04-30T00:00:00.000Z,65.1,62.4,68.4,68.4,67.2
סורוקה,65.1,2022-04-30T00:00:00.000Z,65.1,62.4,68.4,68.4,67.2
סורוקה,65.1,2022-04-30T00:00:00.000Z,65.1,62.4,68.4,68.4,67.2
סורוקה,65.1,2022-04-30T00:00:00.000Z,65.1,62.4,68.4,68.4,67.2
סורוקה,65.1,2022-04-30T00:00:00.000Z,65.1,62.4,68.4,68.4,67.2
סורוקה,65.1,2022-04-30T00:00:00.000Z,65.1,62.4,68.4,68.4,67.2
סורוקה,65.1,2022-04-30T00:00:00.000Z,65.1,62.4,68.4,68.4,67.2
סורוקה,65.1,2022-04-30T00:00:00.000Z,65.1,62.4,68.4,68.4,67.2
סורוקה,65.1,2022-04-30T00:00:00.000Z,65.1,62.4,68.4,68.4,67.2
סורוקה,65.1,2022-04-30T00:00:00.000Z,65.1,62.4,68.4,68.4,67.2
סורוקה,65.1,2022-04-30T00:00:00.000Z,65.1,62.4,68.4,68.4,67.2
סורוקה,65.1,2022-04-30T00:00:00.000Z,65.1,62.4,68.4,68.4,67.2
סורוקה,65.1,2022-04-30T00:00:00.000Z,65.1,62.4,68.4,68.4,67.2
סורוקה,65.1,2022-04-30T00:00:00.000Z,65.1,62.4,68.4,68.4,67.2
סורוקה,65.1,2022-04-30T00:00:00.000Z,65.1,62.4,68.4,68.4,67.2
סורוקה,65.1,2022-04-30T00:00:00.000Z,65.1,62.4,68.4,68.4,67.2
סורוקה,65.1,2022-04-30T00:00:00.000Z,65.1,62.4,68.4,68.4,67.2
סורוקה,65.1,2022-04-30T00:00:00.000Z,65.1,62.4,68.4,68.4,67.2
סורוקה,65.1,2022-04-30T00:00:00.000Z,65.1,62.4,68.4,68.4,67.2
סורוקה,65.1,2022-04-30T00:00:00.000Z,65.1,62.4,68.4,68.4,67.2
סורוקה,65.1,2022-04-30T00:00:00.000Z,65.1,62.4,68.4,68.4,67.2
סורוקה,65.1,2022-04-30T00:00:00.000Z,65.1,62.4,68.4,68.4,67.2
סורוקה,65.1,2022-04-30T00:00:00.000Z,65.1,62.4,68.4,68.4,67.2
סורוקה,65.1,2022-04-30T00:00:00.000Z,65.1,62.4,68.4,68.4,67.2
סורוקה,65.1,2022-04-30T00:00:00.000Z,65.1,62.4,68.4,68.4,67.2
סורוקה,65.1,2022-04-30T00:00:00.000Z,65.1,62.4,68.4,68.4,67.2
סורוקה,65.1,2022-04-30T00:00:00.000Z,65.1,62.4,68.4,68.4,67.2
סורוקה,65.1,2022-04-30T00:00:00.000Z,65.1,62.4,68.4,68.4,67.2
סורוקה,65.1,2022-04-30T00:00:00.000Z,65.1,62.4,68.4,68.4,67.2
סורוקה,65.1,2022-04-30T00:00:00.000Z,65.1,62.4,68.4,68.4,67.2
סורוקה,65.1,2022-04-30T00:00:00.000Z,65.1,62.4,68.4,68.4,67.2
סורוקה,65.1,2022-04-30T00:00:00.000Z,65.1,62.4,68.4,68.4,67.2
סורוקה,65.1,2022-04-30T00:00:00.000Z,65.1,62.4,68.4,68.4,67.2
סורוקה,65.1,2022-04-30T00:00:00.000Z,65.1,62.4,68.4,68.4,67.2
סורוקה,65.1,2022-04-30T00:00:00.000Z,65.1,62.4,68.4,68.4,67.2
סורוקה,65.1,2022-04-30T00:00:00.000Z,65.1,62.4,68.4,68.4,67.2
סורוקה,65.1,2022-04-30T00:00:00.000Z,65.1,62.4,68.4,68.4,67.2
סורוקה,65.1,2022-04-30T00:00:00.000Z,65.1,62.4,68.4,68.4,67.2
סורוקה,65.1,2022-04-30T00:00:00.000Z,65.1,62.4,68.4,68.4,67.2
סורוקה,65.1,2022-04-30T00:00:00.000Z,65.1,62.4,68.4,68.4,67.2
סורוקה,65.1,2022-04-30T00:00:00.000Z,65.1,62.4,68.4,68.4,67.2
סורוקה,65.1,2022-04-30T00:00:00.000Z,65.1,62.4,68.4,68.4,67.2
סורוקה,65.1,2022-04-30T00:00:00.000Z,65.1,62.4,68.4,68.4,67.2
סורוקה,65.1,2022-04-30T00:00:00.000Z,65.1,62.4,68.4,68.4,67.2
סורוקה,65.1,2022-04-30T00:00:00.000Z,65.1,62.4,68.4,68.4,67.2
סורוקה,65.1,2022-04-30T00:00:00.000Z,65.1,62.4,68.4,68.4,67.2
סורוקה,65.1,2022-04-30T00:00:00.000Z,65.1,62.4,68.4,68.4,67.2
סורוקה,65.1,2022-04-30T00:00:00.000Z,65.1,62.4,68.4,68.4,67.2
סורוקה,65.1,2022-04-30T00:00:00.000Z,65.1,62.4,68.4,68.4,67.2
סורוקה,65.1,2022-04-30T00:00:00.000Z,65.1,62.4,68.4,68.4,67.2
סורוקה,65.1,2022-04-30T00:00:00.000Z,65.1,62.4,68.4,68.4,67.2
סורוקה,65.1,2022-04-30T00:00:00.000Z,65.1,62.4,68.4,68.4,67.2
סורוקה,65.1,2022-04-30T00:00:00.000Z,65.1,62.4,68.4,68.4,67.2
סורוקה,65.1,2022-04-30T00:00:00.000Z,65.1,62.4,68.4,68.4,67.2
סורוקה,65.1,2022-04-30T00:00:00.000Z,65.1,62.4,68.4,68.4,67.2
סורוקה,65.1,2022-04-30T00:00:00.000Z,65.1,62.4,68.4,68.4,67.2
סורוקה,65.1,2022-04-30T00:00:00.000Z,65.1,62.4,68.4,68.4,67.2
סורוקה,65.1,2022-04-30T00:00:00.000Z,65.1,62.4,68.4,68.4,67.2
סורוקה,65.1,2022-04-30T00:00:00.000Z,65.1,62.4,68.4,68.4,67.2
סורוקה,65.1,2022-04-30T00:00:00.000Z,65.1,62.4,68.4,68.4,67.2
סורוקה,65.1,2022-04-30T00:00:00.000Z,65.1,62.4,68.4,68.4,67.2
סורוקה,65.1,2022-04-30T00:00:00.000Z,65.1,62.4,68.4,68.4,67.2
סורוקה,65.1,2022-04-30T00:00:00.000Z,65.1,62.4,68.4,68.4,67.2
סורוקה,65.1,2022-04-30T00:00:00.000Z,65.1,62.4,68.4,68.4,67.2
סורוקה,65.1,2022-04-30T00:00:00.000Z,65.1,62.4,68.4,68.4,67.2
סורוקה,65.1,2022-04-30T00:00:00.000Z,65.1,62.4,68.4,68.4,67.2
סורוקה,65.1,2022-04-30T00:00:00.000Z,65.1,62.4,68.4,68.4,67.2
סורוקה,65.1,2022-04-30T00:00:00.000Z,65.1,62.4,68.4,68.4,67.2
סורוקה,65.1,2022-04-30T00:00:00.000Z,65.1,62.4,68.4,68.4,67.2
סורוקה,65.1,2022-04-30T00:00:00.000Z,65.1,62.4,68.4,68.4,67.2
הדסה עין כרם,123.3,2022-04-30T00:00:00.000Z,118.4,115.5,83.2,81,91
הדסה עין כרם,123.3,2022-04-30T00:00:00.000Z,119.1,115.1,83.2,81.3,90.3
הדסה עין כרם,123.3,2022-04-30T00:00:00.000Z,119.8,114.7,83.2,81.6,89.6
הדסה עין כרם,123.3,2022-04-30T00:00:00.000Z,120.5,114.3,83.2,81.9,88.9
הדסה עין כרם,123.3,2022-04-30T00:00:00.000Z,121.2,113.9,83.2,82.2,88.1
הדסה עין כרם,123.3,2022-04-30T00:00:00.000Z,121.9,113.5,83.2,82.6,87.4
הדסה עין כרם,123.3,2022-04-30T00:00:00.000Z,122.6,113,83.2,82.9,86.7
הדסה עין כרם,123.3,2022-04-30T00:00:00.000Z,123.3,112.6,83.2,83.2,86
הדסה עין כרם,123.3,2022-04-30T00:00:00.000Z,123.3,112.6,83.2,83.2,86
הדסה עין כרם,123.3,2022-04-30T00:00:00.000Z,123.3,112.6,83.2,83.2,86
הדסה עין כרם,123.3,2022-04-30T00:00:00.000Z,123.3,112.6,83.2,83.2,86
הדסה עין כרם,123.3,2022-04-30T00:00:00.000Z,123.3,112.6,83.2,83.2,86
הדסה עין כרם,123.3,2022-04-30T00:00:00.000Z,123.3,112.6,83.2,83.2,86
הדסה עין כרם,123.3,2022-04-30T00:00:00.000Z,123.3,112.6,83.2,83.2,86
הדסה עין כרם,123.3,2022-04-30T00:00:00.000Z,123.3,112.6,83.2,83.2,86
הדסה עין כרם,123.3,2022-04-30T00:00:00.000Z,123.3,112.6,83.2,83.2,86
הדסה עין כרם,123.3,2022-04-30T00:00:00.000Z,123.3,112.6,83.2,83.2,86
הדסה עין כרם,123.3,2022-04-30T00:00:00.000Z,123.3,112.6,83.2,83.2,86
הדסה עין כרם,123.3,2022-04-30T00:00:00.000Z,123.3,112.6,83.2,83.2,86
הדסה עין כרם,123.3,2022-04-30T00:00:00.000Z,123.3,112.6,83.2,83.2,86
הדסה עין כרם,123.3,2022-04-30T00:00:00.000Z,123.3,112.6,83.2,83.2,86
הדסה עין כרם,123.3,2022-04-30T00:00:00.000Z,123.3,112.6,83.2,83.2,86
הדסה עין כרם,123.3,2022-04-30T00:00:00.000Z,123.3,112.6,83.2,83.2,86
הדסה עין כרם,123.3,2022-04-30T00:00:00.000Z,123.3,112.6,83.2,83.2,86
הדסה עין כרם,123.3,2022-04-30T00:00:00.000Z,123.3,112.6,83.2,83.2,86
הדסה עין כרם,123.3,2022-04-30T00:00:00.000Z,123.3,112.6,83.2,83.2,86
הדסה עין כרם,123.3,2022-04-30T00:00:00.000Z,123.3,112.6,83.2,83.2,86
הדסה עין כרם,123.3,2022-04-30T00:00:00.000Z,123.3,112.6,83.2,83.2,86
הדסה עין כרם,123.3,2022-04-30T00:00:00.000Z,123.3,112.6,83.2,83.2,86
הדסה עין כרם,123.3,2022-04-30T00:00:00.000Z,123.3,112.6,83.2,83.2,86
הדסה עין כרם,123.3,2022-04-30T00:00:00.000Z,123.3,112.6,83.2,83.2,86
הדסה עין כרם,123.3,2022-04-30T00:00:00.000Z,123.3,112.6,83.2,83.2,86
הדסה עין כרם,123.3,2022-04-30T00:00:00.000Z,123.3,112.6,83.2,83.2,86
הדסה עין כרם,123.3,2022-04-30T00:00:00.000Z,123.3,112.6,83.2,83.2,86
הדסה עין כרם,123.3,2022-04-30T00:00:00.000Z,123.3,112.6,83.2,83.2,86
הדסה עין כרם,123.3,2022-04-30T00:00:00.000Z,123.3,112.6,83.2,83.2,86
הדסה עין כרם,123.3,2022-04-30T00:00:00.000Z,123.3,112.6,83.2,83.2,86
הדסה עין כרם,123.3,2022-04-30T00:00:00.000Z,123.3,112.6,83.2,83.2,86
הדסה עין כרם,123.3,2022-04-30T00:00:00.000Z,123.3,112.6,83.2,83.2,86
הדסה עין כרם,123.3,2022-04-30T00:00:00.000Z,123.3,112.6,83.2,83.2,86
הדסה עין כרם,123.3,2022-04-30T00:00:00.000Z,123.3,112.6,83.2,83.2,86
הדסה עין כרם,123.3,2022-04-30T00:00:00.000Z,123.3,112.6,83.2,83.2,86
הדסה עין כרם,123.3,2022-04-30T00:00:00.000Z,123.3,112.6,83.2,83.2,86
הדסה עין כרם,123.3,2022-04-30T00:00:00.000Z,123.3,112.6,83.2,83.2,86
הדסה עין כרם,123.3,2022-04-30T00:00:00.000Z,123.3,112.6,83.2,83.2,86
הדסה עין כרם,123.3,2022-04-30T00:00:00.000Z,123.3,112.6,83.2,83.2,86
הדסה עין כרם,123.3,2022-04-30T00:00:00.000Z,123.3,112.6,83.2,83.2,86
הדסה עין כרם,123.3,2022-04-30T00:00:00.000Z,123.3,112.6,83.2,83.2,86
הדסה עין כרם,123.3,2022-04-30T00:00:00.000Z,123.3,112.6,83.2,83.2,86
הדסה עין כרם,123.3,2022-04-30T00:00:00.000Z,123.3,112.6,83.2,83.2,86
הדסה עין כרם,123.3,2022-04-30T00:00:00.000Z,123.3,112.6,83.2,83.2,86
הדסה עין כרם,123.3,2022-04-30T00:00:00.000Z,123.3,112.6,83.2,83.2,86
הדסה עין כרם,123.3,2022-04-30T00:00:00.000Z,123.3,112.6,83.2,83.2,86
הדסה עין כרם,123.3,2022-04-30T00:00:00.000Z,123.3,112.6,83.2,83.2,86
הדסה עין כרם,123.3,2022-04-30T00:00:00.000Z,123.3,112.6,83.2,83.2,86
הדסה עין כרם,123.3,2022-04-30T00:00:00.000Z,123.3,112.6,83.2,83.2,86
הדסה עין כרם,123.3,2022-04-30T00:00:00.000Z,123.3,112.6,83.2,83.2,86
הדסה עין כרם,123.3,2022-04-30T00:00:00.000Z,123.3,112.6,83.2,83.2,86
הדסה עין כרם,123.3,2022-04-30T00:00:00.000Z,123.3,112.6,83.2,83.2,86
הדסה עין כרם,123.3,2022-04-30T00:00:00.000Z,123.3,112.6,83.2,83.2,86
הדסה עין כרם,123.3,2022-04-30T00:00:00.000Z,123.3,112.6,83.2,83.2,86
הדסה עין כרם,123.3,2022-04-30T00:00:00.000Z,123.3,112.6,83.2,83.2,86
הדסה עין כרם,123.3,2022-04-30T00:00:00.000Z,123.3,112.6,83.2,83.2,86
הדסה עין כרם,123.3,2022-04-30T00:00:00.000Z,123.3,112.6,83.2,83.2,86
הדסה עין כרם,123.3,2022-04-30T00:00:00.000Z,123.3,112.6,83.2,83.2,86
הדסה עין כרם,123.3,2022-04-30T00:00:00.000Z,123.3,112.6,83.2,83.2,86
הדסה עין כרם,123.3,2022-04-30T00:00:00.000Z,123.3,112.6,83.2,83.2,86
הדסה עין כרם,123.3,2022-04-30T00:00:00.000Z,123.3,112.6,83.2,83.2,86
הדסה עין כרם,123.3,2022-04-30T00:00:00.000Z,123.3,112.6,83.2,83.2,86
הדסה עין כרם,123.3,2022-04-30T00:00:00.000Z,123.3,112.6,83.2,83.2,86
הדסה עין כרם,123.3,2022-04-30T00:00:00.000Z,123.3,112.6,83.2,83.2,86
הדסה עין כרם,123.3,2022-04-30T00:00:00.000Z,123.3,112.6,83.2,83.2,86
הדסה עין כרם,123.3,2022-04-30T00:00:00.000Z,123.3,112.6,83.2,83.2,86
הדסה עין כרם,123.3,2022-04-30T00:00:00.000Z,123.3,112.6,83.2,83.2,86
הדסה עין כרם,123.3,2022-04-30T00:00:00.000Z,123.3,112.6,83.2,83.2,86
הדסה עין כרם,123.3,2022-04-30T00:00:00.000Z,123.3,112.6,83.2,83.2,86
הדסה עין כרם,123.3,2022-04-30T00:00:00.000Z,123.3,112.6,83.2,83.2,86
הדסה עין כרם,123.3,2022-04-30T00:00:00.000Z,123.3,112.6,83.2,83.2,86
הדסה עין כרם,123.3,2022-04-30T00:00:00.000Z,123.3,112.6,83.2,83.2,86
הדסה עין כרם,123.3,2022-04-30T00:00:00.000Z,123.3,112.6,83.2,83.2,86
הדסה עין כרם,123.3,2022-04-30T00:00:00.000Z,123.3,112.6,83.2,83.2,86
הדסה עין כרם,123.3,2022-04-30T00:00:00.000Z,123.3,112.6,83.2,83.2,86
הדסה עין כרם,123.3,2022-04-30T00:00:00.000Z,123.3,112.6,83.2,83.2,86
הדסה עין כרם,123.3,2022-04-30T00:00:00.000Z,123.3,112.6,83.2,83.2,86
הדסה עין כרם,123.3,2022-04-30T00:00:00.000Z,123.3,112.6,83.2,83.2,86
הדסה עין כרם,123.3,2022-04-30T00:00:00.000Z,123.3,112.6,83.2,83.2,86
הדסה עין כרם,123.3,2022-04-30T00:00:00.000Z,123.3,112.6,83.2,83.2,86
הדסה עין כרם,123.3,2022-04-30T00:00:00.000Z,123.3,112.6,83.2,83.2,86
הדסה עין כרם,123.3,2022-04-30T00:00:00.000Z,123.3,112.6,83.2,83.2,86
הדסה עין כרם,123.3,2022-04-30T00:00:00.000Z,123.3,112.6,83.2,83.2,86
הדסה עין כרם,123.3,2022-04-30T00:00:00.000Z,123.3,112.6,83.2,83.2,86
הדסה עין כרם,123.3,2022-04-30T00:00:00.000Z,123.3,112.6,83.2,83.2,86
הדסה עין כרם,123.3,2022-04-30T00:00:00.000Z,123.3,112.6,83.2,83.2,86
הדסה עין כרם,123.3,2022-04-30T00:00:00.000Z,123.3,112.6,83.2,83.2,86
הדסה עין כרם,123.3,2022-04-30T00:00:00.000Z,123.3,112.6,83.2,83.2,86
הדסה עין כרם,123.3,2022-04-30T00:00:00.000Z,123.3,112.6,83.2,83.2,86
הדסה עין כרם,123.3,2022-04-30T00:00:00.000Z,123.3,112.6,83.2,83.2,86
הדסה עין כרם,123.3,2022-04-30T00:00:00.000Z,123.3,112.6,83.2,83.2,86
הדסה עין כרם,123.3,2022-04-30T00:00:00.000Z,123.3,112.6,83.2,83.2,86
הדסה עין כרם,123.3,2022-04-30T00:00:00.000Z,123.3,112.6,83.2,83.2,86
הדסה עין כרם,123.3,2022-04-30T00:00:00.000Z,123.3,112.6,83.2,83.2,86
הדסה עין כרם,123.3,2022-04-30T00:00:00.000Z,123.3,112.6,83.2,83.2,86
הדסה עין כרם,123.3,2022-04-30T00:00:00.000Z,123.3,112.6,83.2,83.2,86
הדסה עין כרם,123.3,2022-04-30T00:00:00.000Z,123.3,112.6,83.2,83.2,86
הדסה עין כרם,123.3,2022-04-30T00:00:00.000Z,123.3,112.6,83.2,83.2,86
הדסה עין כרם,123.3,2022-04-30T00:00:00.000Z,123.3,112.6,83.2,83.2,86
הדסה עין כרם,123.3,2022-04-30T00:00:00.000Z,123.3,112.6,83.2,83.2,86
הדסה עין כרם,123.3,2022-04-30T00:00:00.000Z,123.3,112.6,83.2,83.2,86
הדסה עין כרם,123.3,2022-04-30T00:00:00.000Z,123.3,112.6,83.2,83.2,86
הדסה עין כרם,123.3,2022-04-30T00:00:00.000Z,123.3,112.6,83.2,83.2,86
הדסה עין כרם,123.3,2022-04-30T00:00:00.000Z,123.3,112.6,83.2,83.2,86
הדסה עין כרם,123.3,2022-04-30T00:00:00.000Z,123.3,112.6,83.2,83.2,86
הדסה עין כרם,123.3,2022-04-30T00:00:00.000Z,123.3,112.6,83.2,83.2,86
הדסה עין כרם,123.3,2022-04-30T00:00:00.000Z,123.3,112.6,83.2,83.2,86
הדסה עין כרם,123.3,2022-04-30T00:00:00.000Z,123.3,112.6,83.2,83.2,86
הדסה עין כרם,123.3,2022-04-30T00:00:00.000Z,123.3,112.6,83.2,83.2,86
הדסה עין כרם,123.3,2022-04-30T00:00:00.000Z,123.3,112.6,83.2,83.2,86
הדסה עין כרם,123.3,2022-04-30T00:00:00.000Z,123.3,112.6,83.2,83.2,86
הדסה עין כרם,123.3,2022-04-30T00:00:00.000Z,123.3,112.6,83.2,83.2,86
הדסה עין כרם,123.3,2022-04-30T00:00:00.000Z,123.3,112.6,83.2,83.2,86
הדסה עין כרם,123.3,2022-04-30T00:00:00.000Z,123.3,112.6,83.2,83.2,86
הדסה עין כרם,123.3,2022-04-30T00:00:00.000Z,123.3,112.6,83.2,83.2,86
הדסה עין כרם,123.3,2022-04-30T00:00:00.000Z,123.3,112.6,83.2,83.2,86
הדסה עין כרם,123.3,2022-04-30T00:00:00.000Z,123.3,112.6,83.2,83.2,86
הדסה עין כרם,123.3,2022-04-30T00:00:00.000Z,123.3,112.6,83.2,83.2,86
הדסה עין כרם,123.3,2022-04-30T00:00:00.000Z,123.3,112.6,83.2,83.2,86
הדסה עין כרם,123.3,2022-04-30T00:00:00.000Z,123.3,112.6,83.2,83.2,86
הדסה עין כרם,123.3,2022-04-30T00:00:00.000Z,123.3,112.6,83.2,83.2,86
הדסה עין כרם,123.3,2022-04-30T00:00:00.000Z,123.3,112.6,83.2,83.2,86
הדסה עין כרם,123.3,2022-04-30T00:00:00.000Z,123.3,112.6,83.2,83.2,86
הדסה עין כרם,123.3,2022-04-30T00:00:00.000Z,123.3,112.6,83.2,83.2,86
הדסה עין כרם,123.3,2022-04-30T00:00:00.000Z,123.3,112.6,83.2,83.2,86
הדסה עין כרם,123.3,2022-04-30T00:00:00.000Z,123.3,112.6,83.2,83.2,86
הדסה עין כרם,123.3,2022-04-30T00:00:00.000Z,123.3,112.6,83.2,83.2,86
הדסה עין כרם,123.3,2022-04-30T00:00:00.000Z,123.3,112.6,83.2,83.2,86
הדסה עין כרם,123.3,2022-04-30T00:00:00.000Z,123.3,112.6,83.2,83.2,86
הדסה עין כרם,123.3,2022-04-30T00:00:00.000Z,123.3,112.6,83.2,83.2,86
הדסה עין כרם,123.3,2022-04-30T00:00:00.000Z,123.3,112.6,83.2,83.2,86
הדסה עין כרם,123.3,2022-04-30T00:00:00.000Z,123.3,112.6,83.2,83.2,86
הדסה עין כרם,123.3,2022-04-30T00:00:00.000Z,123.3,112.6,83.2,83.2,86
הדסה עין כרם,123.3,2022-04-30T00:00:00.000Z,123.3,112.6,83.2,83.2,86
הדסה עין כרם,123.3,2022-04-30T00:00:00.000Z,123.3,112.6,83.2,83.2,86
הדסה עין כרם,123.3,2022-04-30T00:00:00.000Z,123.3,112.6,83.2,83.2,86
הדסה עין כרם,123.3,2022-04-30T00:00:00.000Z,123.3,112.6,83.2,83.2,86
הדסה עין כרם,123.3,2022-04-30T00:00:00.000Z,123.3,112.6,83.2,83.2,86
הדסה עין כרם,123.3,2022-04-30T00:00:00.000Z,123.3,112.6,83.2,83.2,86
הדסה עין כרם,123.3,2022-04-30T00:00:00.000Z,123.3,112.6,83.2,83.2,86
הדסה עין כרם,123.3,2022-04-30T00:00:00.000Z,123.3,112.6,83.2,83.2,86
הדסה עין כרם,123.3,2022-04-30T00:00:00.000Z,123.3,112.6,83.2,83.2,86
הדסה עין כרם,123.3,2022-04-30T00:00:00.000Z,123.3,112.6,83.2,83.2,86
הדסה עין כרם,123.3,2022-04-30T00:00:00.000Z,123.3,112.6,83.2,83.2,86
הדסה עין כרם,123.3,2022-04-30T00:00:00.000Z,123.3,112.6,83.2,83.2,86
הדסה עין כרם,123.3,2022-04-30T00:00:00.000Z,123.3,112.6,83.2,83.2,86
הדסה עין כרם,123.3,2022-04-30T00:00:00.000Z,123.3,112.6,83.2,83.2,86
הדסה עין כרם,123.3,2022-04-30T00:00:00.000Z,123.3,112.6,83.2,83.2,86
הדסה עין כרם,123.3,2022-04-30T00:00:00.000Z,123.3,112.6,83.2,83.2,86
הדסה עין כרם,123.3,2022-04-30T00:00:00.000Z,123.3,112.6,83.2,83.2,86
הדסה עין כרם,123.3,2022-04-30T00:00:00.000Z,123.3,112.6,83.2,83.2,86
הדסה עין כרם,123.3,2022-04-30T00:00:00.000Z,123.3,112.6,83.2,83.2,86
הדסה עין כרם,123.3,2022-04-30T00:00:00.000Z,123.3,112.6,83.2,83.2,86
הדסה עין כרם,123.3,2022-04-30T00:00:00.000Z,123.3,112.6,83.2,83.2,86
הדסה עין כרם,123.3,2022-04-30T00:00:00.000Z,123.3,112.6,83.2,83.2,86
הדסה עין כרם,123.3,2022-04-30T00:00:00.000Z,123.3,112.6,83.2,83.2,86
הדסה עין כרם,123.3,2022-04-30T00:00:00.000Z,123.3,112.6,83.2,83.2,86
הדסה עין כרם,123.3,2022-04-30T00:00:00.000Z,123.3,112.6,83.2,83.2,86
הדסה עין כרם,123.3,2022-04-30T00:00:00.000Z,123.3,112.6,83.2,83.2,86
הדסה עין כרם,123.3,2022-04-30T00:00:00.000Z,123.3,112.6,83.2,83.2,86
הדסה עין כרם,123.3,2022-04-30T00:00:00.000Z,123.3,112.6,83.2,83.2,86
הדסה עין כרם,123.3,2022-04-30T00:00:00.000Z,123.3,112.6,83.2,83.2,86
הדסה עין כרם,123.3,2022-04-30T00:00:00.000Z,123.3,112.6,83.2,83.2,86
הדסה עין כרם,123.3,2022-04-30T00:00:00.000Z,123.3,112.6,83.2,83.2,86
הדסה עין כרם,123.3,2022-04-30T00:00:00.000Z,123.3,112.6,83.2,83.2,86
הדסה עין כרם,123.3,2022-04-30T00:00:00.000Z,123.3,112.6,83.2,83.2,86
הדסה עין כרם,123.3,2022-04-30T00:00:00.000Z,123.3,112.6,83.2,83.2,86
הדסה עין כרם,123.3,2022-04-30T00:00:00.000Z,123.3,112.6,83.2,83.2,86
הדסה עין כרם,123.3,2022-04-30T00:00:00.000Z,123.3,112.6,83.2,83.2,86
הדסה עין כרם,123.3,2022-04-30T00:00:00.000Z,123.3,112.6,83.2,83.2,86
הדסה עין כרם,123.3,2022-04-30T00:00:00.000Z,123.3,112.6,83.2,83.2,86
הדסה עין כרם,123.3,2022-04-30T00:00:00.000Z,123.3,112.6,83.2,83.2,86
הדסה עין כרם,123.3,2022-04-30T00:00:00.000Z,123.3,112.6,83.2,83.2,86
הדסה עין כרם,123.3,2022-04-30T00:00:00.000Z,123.3,112.6,83.2,83.2,86
הדסה עין כרם,123.3,2022-04-30T00:00:00.000Z,123.3,112.6,83.2,83.2,86
הדסה עין כרם,123.3,2022-04-30T00:00:00.000Z,123.3,112.6,83.2,83.2,86
הדסה עין כרם,123.3,2022-04-30T00:00:00.000Z,123.3,112.6,83.2,83.2,86
הדסה עין כרם,123.3,2022-04-30T00:00:00.000Z,123.3,112.6,83.2,83.2,86
הדסה עין כרם,123.3,2022-04-30T00:00:00.000Z,123.3,112.6,83.2,83.2,86
הדסה עין כרם,123.3,2022-04-30T00:00:00.000Z,123.3,112.6,83.2,83.2,86
הדסה עין כרם,123.3,2022-04-30T00:00:00.000Z,123.3,112.6,83.2,83.2,86
הדסה עין כרם,123.3,2022-04-30T00:00:00.000Z,123.3,112.6,83.2,83.2,86
הדסה עין כרם,123.3,2022-04-30T00:00:00.000Z,123.3,112.6,83.2,83.2,86
הדסה עין כרם,123.3,2022-04-30T00:00:00.000Z,123.3,112.6,83.2,83.2,86
הדסה עין כרם,123.3,2022-04-30T00:00:00.000Z,123.3,112.6,83.2,83.2,86
הדסה עין כרם,123.3,2022-04-30T00:00:00.000Z,123.3,112.6,83.2,83.2,86
הדסה עין כרם,123.3,2022-04-30T00:00:00.000Z,123.3,112.6,83.2,83.2,86
הדסה עין כרם,123.3,2022-04-30T00:00:00.000Z,123.3,112.6,83.2,83.2,86
הדסה עין כרם,123.3,2022-04-30T00:00:00.000Z,123.3,112.6,83.2,83.2,86
הדסה עין כרם,123.3,2022-04-30T00:00:00.000Z,123.3,112.6,83.2,83.2,86
הדסה עין כרם,123.3,2022-04-30T00:00:00.000Z,123.3,112.6,83.2,83.2,86
הדסה עין כרם,123.3,2022-04-30T00:00:00.000Z,123.3,112.6,83.2,83.2,86
הדסה עין כרם,123.3,2022-04-30T00:00:00.000Z,123.3,112.6,83.2,83.2,86
הדסה עין כרם,123.3,2022-04-30T00:00:00.000Z,123.3,112.6,83.2,83.2,86
הדסה עין כרם,123.3,2022-04-30T00:00:00.000Z,123.3,112.6,83.2,83.2,86
הדסה עין כרם,123.3,2022-04-30T00:00:00.000Z,123.3,112.6,83.2,83.2,86
הדסה עין כרם,123.3,2022-04-30T00:00:00.000Z,123.3,112.6,83.2,83.2,86
הדסה עין כרם,123.3,2022-04-30T00:00:00.000Z,123.3,112.6,83.2,83.2,86
הדסה עין כרם,123.3,2022-04-30T00:00:00.000Z,123.3,112.6,83.2,83.2,86
הדסה עין כרם,123.3,2022-04-30T00:00:00.000Z,123.3,112.6,83.2,83.2,86
הדסה עין כרם,123.3,2022-04-30T00:00:00.000Z,123.3,112.6,83.2,83.2,86
הדסה עין כרם,123.3,2022-04-30T00:00:00.000Z,123.3,112.6,83.2,83.2,86
הדסה עין כרם,123.3,2022-04-30T00:00:00.000Z,123.3,112.6,83.2,83.2,86
הדסה עין כרם,123.3,2022-04-30T00:00:00.000Z,123.3,112.6,83.2,83.2,86
הדסה עין כרם,123.3,2022-04-30T00:00:00.000Z,123.3,112.6,83.2,83.2,86
הדסה עין כרם,123.3,2022-04-30T00:00:00.000Z,123.3,112.6,83.2,83.2,86
הדסה עין כרם,123.3,2022-04-30T00:00:00.000Z,123.3,112.6,83.2,83.2,86
הדסה עין כרם,123.3,2022-04-30T00:00:00.000Z,123.3,112.6,83.2,83.2,86
הדסה עין כרם,123.3,2022-04-30T00:00:00.000Z,123.3,112.6,83.2,83.2,86
הדסה עין כרם,123.3,2022-04-30T00:00:00.000Z,123.3,112.6,83.2,83.2,86
הדסה עין כרם,123.3,2022-04-30T00:00:00.000Z,123.3,112.6,83.2,83.2,86
הדסה עין כרם,123.3,2022-04-30T00:00:00.000Z,123.3,112.6,83.2,83.2,86
הדסה עין כרם,123.3,2022-04-30T00:00:00.000Z,123.3,112.6,83.2,83.2,86
הדסה עין כרם,123.3,2022-04-30T00:00:00.000Z,123.3,112.6,83.2,83.2,86
הדסה עין כרם,123.3,2022-04-30T00:00:00.000Z,123.3,112.6,83.2,83.2,86
הדסה עין כרם,123.3,2022-04-30T00:00:00.000Z,123.3,112.6,83.2,83.2,86
הדסה עין כרם,123.3,2022-04-30T00:00:00.000Z,123.3,112.6,83.2,83.2,86
הדסה עין כרם,123.3,2022-04-30T00:00:00.000Z,123.3,112.6,83.2,83.2,86
סורוקה,65.1,2022-04-30T00:00:00.000Z,65.1,62.4,68.4,68.4,67.2
סורוקה,65.1,2022-04-30T00:00:00.000Z,65.1,62.4,68.4,68.4,67.2
סורוקה,65.1,2022-04-30T00:00:00.000Z,65.1,62.4,68.4,68.4,67.2
סורוקה,65.1,2022-04-30T00:00:00.000Z,65.1,62.4,68.4,68.4,67.2
סורוקה,65.1,2022-04-30T00:00:00.000Z,65.1,62.4,68.4,68.4,67.2
סורוקה,65.1,2022-04-30T00:00:00.000Z,65.1,62.4,68.4,68.4,67.2
סורוקה,65.1,2022-04-30T00:00:00.000Z,65.1,62.4,68.4,68.4,67.2
סורוקה,65.1,2022-04-30T00:00:00.000Z,65.1,62.4,68.4,68.4,67.2
סורוקה,65.1,2022-04-30T00:00:00.000Z,65.1,62.4,68.4,68.4,67.2
סורוקה,65.1,2022-04-30T00:00:00.000Z,65.1,62.4,68.4,68.4,67.2
סורוקה,65.1,2022-04-30T00:00:00.000Z,65.1,62.4,68.4,68.4,67.2
סורוקה,65.1,2022-04-30T00:00:00.000Z,65.1,62.4,68.4,68.4,67.2
סורוקה,65.1,2022-04-30T00:00:00.000Z,65.1,62.4,68.4,68.4,67.2
סורוקה,65.1,2022-04-30T00:00:00.000Z,65.1,62.4,68.4,68.4,67.2
סורוקה,65.1,2022-04-30T00:00:00.000Z,65.1,62.4,68.4,68.4,67.2
סורוקה,65.1,2022-04-30T00:00:00.000Z,65.1,62.4,68.4,68.4,67.2
סורוקה,65.1,2022-04-30T00:00:00.000Z,65.1,62.4,68.4,68.4,67.2
סורוקה,65.1,2022-04-30T00:00:00.000Z,65.1,62.4,68.4,68.4,67.2
סורוקה,65.1,2022-04-30T00:00:00.000Z,65.1,62.4,68.4,68.4,67.2
סורוקה,65.1,2022-04-30T00:00:00.000Z,65.1,62.4,68.4,68.4,67.2
סורוקה,65.1,2022-04-30T00:00:00.000Z,65.1,62.4,68.4,68.4,67.2
סורוקה,65.1,2022-04-30T00:00:00.000Z,65.1,62.4,68.4,68.4,67.2
סורוקה,65.1,2022-04-30T00:00:00.000Z,65.1,62.4,68.4,68.4,67.2
סורוקה,65.1,2022-04-30T00:00:00.000Z,65.1,62.4,68.4,68.4,67.2
סורוקה,65.1,2022-04-30T00:00:00.000Z,65.1,62.4,68.4,68.4,67.2
סורוקה,65.1,2022-04-30T00:00:00.000Z,65.1,62.4,68.4,68.4,67.2
סורוקה,65.1,2022-04-30T00:00:00.000Z,65.1,62.4,68.4,68.4,67.2
סורוקה,65.1,2022-04-30T00:00:00.000Z,65.1,62.4,68.4,68.4,67.2
סורוקה,65.1,2022-04-30T00:00:00.000Z,65.1,62.4,68.4,68.4,67.2
סורוקה,65.1,2022-04-30T00:00:00.000Z,65.1,62.4,68.4,68.4,67.2
סורוקה,65.1,2022-04-30T00:00:00.000Z,65.1,62.4,68.4,68.4,67.2
סורוקה,65.1,2022-04-30T00:00:00.000Z,65.1,62.4,68.4,68.4,67.2
סורוקה,65.1,2022-04-30T00:00:00.000Z,65.1,62.4,68.4,68.4,67.2
סורוקה,65.1,2022-04-30T00:00:00.000Z,65.1,62.4,68.4,68.4,67.2
סורוקה,65.1,2022-04-30T00:00:00.000Z,65.1,62.4,68.4,68.4,67.2
סורוקה,65.1,2022-04-30T00:00:00.000Z,65.1,62.4,68.4,68.4,67.2
סורוקה,65.1,2022-04-30T00:00:00.000Z,65.1,62.4,68.4,68.4,67.2
סורוקה,65.1,2022-04-30T00:00:00.000Z,65.1,62.4,68.4,68.4,67.2
סורוקה,65.1,2022-04-30T00:00:00.000Z,65.1,62.4,68.4,68.4,67.2
סורוקה,65.1,2022-04-30T00:00:00.000Z,65.1,62.4,68.4,68.4,67.2
סורוקה,65.1,2022-04-30T00:00:00.000Z,65.1,62.4,68.4,68.4,67.2
סורוקה,65.1,2022-04-30T00:00:00.000Z,65.1,62.4,68.4,68.4,67.2
סורוקה,65.1,2022-04-30T00:00:00.000Z,65.1,62.4,68.4,68.4,67.2
סורוקה,65.1,2022-04-30T00:00:00.000Z,65.1,62.4,68.4,68.4,67.2
סורוקה,65.1,2022-04-30T00:00:00.000Z,65.1,62.4,68.4,68.4,67.2
סורוקה,65.1,2022-04-30T00:00:00.000Z,65.1,62.4,68.4,68.4,67.2
סורוקה,65.1,2022-04-30T00:00:00.000Z,65.1,62.4,68.4,68.4,67.2
סורוקה,65.1,2022-04-30T00:00:00.000Z,65.1,62.4,68.4,68.4,67.2
סורוקה,65.1,2022-04-30T00:00:00.000Z,65.1,62.4,68.4,68.4,67.2
סורוקה,65.1,2022-04-30T00:00:00.000Z,65.1,62.4,68.4,68.4,67.2
סורוקה,65.1,2022-04-30T00:00:00.000Z,65.1,62.4,68.4,68.4,67.2
סורוקה,65.1,2022-04-30T00:00:00.000Z,65.1,62.4,68.4,68.4,67.2
אסותא אשדוד,108.5,2022-04-30T00:00:00.000Z,120.3,181.4,99.7,112.6,153.6
אסותא אשדוד,108.5,2022-04-30T00:00:00.000Z,118.6,178.2,99.7,110.8,149.5
אסותא אשדוד,108.5,2022-04-30T00:00:00.000Z,116.9,175.1,99.7,108.9,145.5
אסותא אשדוד,108.5,2022-04-30T00:00:00.000Z,115.3,171.9,99.7,107.1,141.4
אסותא אשדוד,108.5,2022-04-30T00:00:00.000Z,113.6,168.8,99.7,105.2,137.4
אסותא אשדוד,108.5,2022-04-30T00:00:00.000Z,111.9,165.6,99.7,103.4,133.3
אסותא אשדוד,108.5,2022-04-30T00:00:00.000Z,110.2,162.5,99.7,101.5,129.3
אסותא אשדוד,108.5,2022-04-30T00:00:00.000Z,108.5,159.3,99.7,99.7,125.3
אסותא אשדוד,108.5,2022-04-30T00:00:00.000Z,108.5,159.3,99.7,99.7,125.3
אסותא אשדוד,108.5,2022-04-30T00:00:00.000Z,108.5,159.3,99.7,99.7,125.3
אסותא אשדוד,108.5,2022-04-30T00:00:00.000Z,108.5,159.3,99.7,99.7,125.3
אסותא אשדוד,108.5,2022-04-30T00:00:00.000Z,108.5,159.3,99.7,99.7,125.3
אסותא אשדוד,108.5,2022-04-30T00:00:00.000Z,108.5,159.3,99.7,99.7,125.3
אסותא אשדוד,108.5,2022-04-30T00:00:00.000Z,108.5,159.3,99.7,99.7,125.3
אסותא אשדוד,108.5,2022-04-30T00:00:00.000Z,108.5,159.3,99.7,99.7,125.3
אסותא אשדוד,108.5,2022-04-30T00:00:00.000Z,108.5,159.3,99.7,99.7,125.3
אסותא אשדוד,108.5,2022-04-30T00:00:00.000Z,108.5,159.3,99.7,99.7,125.3
אסותא אשדוד,108.5,2022-04-30T00:00:00.000Z,108.5,159.3,99.7,99.7,125.3
אסותא אשדוד,108.5,2022-04-30T00:00:00.000Z,108.5,159.3,99.7,99.7,125.3
אסותא אשדוד,108.5,2022-04-30T00:00:00.000Z,108.5,159.3,99.7,99.7,125.3
אסותא אשדוד,108.5,2022-04-30T00:00:00.000Z,108.5,159.3,99.7,99.7,125.3
אסותא אשדוד,108.5,2022-04-30T00:00:00.000Z,108.5,159.3,99.7,99.7,125.3
אסותא אשדוד,108.5,2022-04-30T00:00:00.000Z,108.5,159.3,99.7,99.7,125.3
אסותא אשדוד,108.5,2022-04-30T00:00:00.000Z,108.5,159.3,99.7,99.7,125.3
אסותא אשדוד,108.5,2022-04-30T00:00:00.000Z,108.5,159.3,99.7,99.7,125.3
אסותא אשדוד,108.5,2022-04-30T00:00:00.000Z,108.5,159.3,99.7,99.7,125.3
אסותא אשדוד,108.5,2022-04-30T00:00:00.000Z,108.5,159.3,99.7,99.7,125.3
אסותא אשדוד,108.5,2022-04-30T00:00:00.000Z,108.5,159.3,99.7,99.7,125.3
אסותא אשדוד,108.5,2022-04-30T00:00:00.000Z,108.5,159.3,99.7,99.7,125.3
אסותא אשדוד,108.5,2022-04-30T00:00:00.000Z,108.5,159.3,99.7,99.7,125.3
אסותא אשדוד,108.5,2022-04-30T00:00:00.000Z,108.5,159.3,99.7,99.7,125.3
אסותא אשדוד,108.5,2022-04-30T00:00:00.000Z,108.5,159.3,99.7,99.7,125.3
אסותא אשדוד,108.5,2022-04-30T00:00:00.000Z,108.5,159.3,99.7,99.7,125.3
אסותא אשדוד,108.5,2022-04-30T00:00:00.000Z,108.5,159.3,99.7,99.7,125.3
אסותא אשדוד,108.5,2022-04-30T00:00:00.000Z,108.5,159.3,99.7,99.7,125.3
אסותא אשדוד,108.5,2022-04-30T00:00:00.000Z,108.5,159.3,99.7,99.7,125.3
אסותא אשדוד,108.5,2022-04-30T00:00:00.000Z,108.5,159.3,99.7,99.7,125.3
אסותא אשדוד,108.5,2022-04-30T00:00:00.000Z,108.5,159.3,99.7,99.7,125.3
אסותא אשדוד,108.5,2022-04-30T00:00:00.000Z,108.5,159.3,99.7,99.7,125.3
אסותא אשדוד,108.5,2022-04-30T00:00:00.000Z,108.5,159.3,99.7,99.7,125.3
אסותא אשדוד,108.5,2022-04-30T00:00:00.000Z,108.5,159.3,99.7,99.7,125.3
אסותא אשדוד,108.5,2022-04-30T00:00:00.000Z,108.5,159.3,99.7,99.7,125.3
אסותא אשדוד,108.5,2022-04-30T00:00:00.000Z,108.5,159.3,99.7,99.7,125.3
אסותא אשדוד,108.5,2022-04-30T00:00:00.000Z,108.5,159.3,99.7,99.7,125.3
אסותא אשדוד,108.5,2022-04-30T00:00:00.000Z,108.5,159.3,99.7,99.7,125.3
אסותא אשדוד,108.5,2022-04-30T00:00:00.000Z,108.5,159.3,99.7,99.7,125.3
אסותא אשדוד,108.5,2022-04-30T00:00:00.000Z,108.5,159.3,99.7,99.7,125.3
אסותא אשדוד,108.5,2022-04-30T00:00:00.000Z,108.5,159.3,99.7,99.7,125.3
אסותא אשדוד,108.5,2022-04-30T00:00:00.000Z,108.5,159.3,99.7,99.7,125.3
אסותא אשדוד,108.5,2022-04-30T00:00:00.000Z,108.5,159.3,99.7,99.7,125.3
אסותא אשדוד,108.5,2022-04-30T00:00:00.000Z,108.5,159.3,99.7,99.7,125.3
אסותא אשדוד,108.5,2022-04-30T00:00:00.000Z,108.5,159.3,99.7,99.7,125.3
אסותא אשדוד,108.5,2022-04-30T00:00:00.000Z,108.5,159.3,99.7,99.7,125.3
אסותא אשדוד,108.5,2022-04-30T00:00:00.000Z,108.5,159.3,99.7,99.7,125.3
אסותא אשדוד,108.5,2022-04-30T00:00:00.000Z,108.5,159.3,99.7,99.7,125.3
אסותא אשדוד,108.5,2022-04-30T00:00:00.000Z,108.5,159.3,99.7,99.7,125.3
אסותא אשדוד,108.5,2022-04-30T00:00:00.000Z,108.5,159.3,99.7,99.7,125.3
אסותא אשדוד,108.5,2022-04-30T00:00:00.000Z,108.5,159.3,99.7,99.7,125.3
אסותא אשדוד,108.5,2022-04-30T00:00:00.000Z,108.5,159.3,99.7,99.7,125.3
אסותא אשדוד,108.5,2022-04-30T00:00:00.000Z,108.5,159.3,99.7,99.7,125.3
אסותא אשדוד,108.5,2022-04-30T00:00:00.000Z,108.5,159.3,99.7,99.7,125.3
אסותא אשדוד,108.5,2022-04-30T00:00:00.000Z,108.5,159.3,99.7,99.7,125.3
אסותא אשדוד,108.5,2022-04-30T00:00:00.000Z,108.5,159.3,99.7,99.7,125.3
אסותא אשדוד,108.5,2022-04-30T00:00:00.000Z,108.5,159.3,99.7,99.7,125.3
אסותא אשדוד,108.5,2022-04-30T00:00:00.000Z,108.5,159.3,99.7,99.7,125.3
אסותא אשדוד,108.5,2022-04-30T00:00:00.000Z,108.5,159.3,99.7,99.7,125.3
אסותא אשדוד,108.5,2022-04-30T00:00:00.000Z,108.5,159.3,99.7,99.7,125.3
אסותא אשדוד,108.5,2022-04-30T00:00:00.000Z,108.5,159.3,99.7,99.7,125.3
אסותא אשדוד,108.5,2022-04-30T00:00:00.000Z,108.5,159.3,99.7,99.7,125.3
אסותא אשדוד,108.5,2022-04-30T00:00:00.000Z,108.5,159.3,99.7,99.7,125.3
אסותא אשדוד,108.5,2022-04-30T00:00:00.000Z,108.5,159.3,99.7,99.7,125.3
אסותא אשדוד,108.5,2022-04-30T00:00:00.000Z,108.5,159.3,99.7,99.7,125.3
אסותא אשדוד,108.5,2022-04-30T00:00:00.000Z,108.5,159.3,99.7,99.7,125.3
אסותא אשדוד,108.5,2022-04-30T00:00:00.000Z,108.5,159.3,99.7,99.7,125.3
אסותא אשדוד,108.5,2022-04-30T00:00:00.000Z,108.5,159.3,99.7,99.7,125.3
אסותא אשדוד,108.5,2022-04-30T00:00:00.000Z,108.5,159.3,99.7,99.7,125.3
אסותא אשדוד,108.5,2022-04-30T00:00:00.000Z,108.5,159.3,99.7,99.7,125.3
אסותא אשדוד,108.5,2022-04-30T00:00:00.000Z,108.5,159.3,99.7,99.7,125.3
אסותא אשדוד,108.5,2022-04-30T00:00:00.000Z,108.5,159.3,99.7,99.7,125.3
אסותא אשדוד,108.5,2022-04-30T00:00:00.000Z,108.5,159.3,99.7,99.7,125.3
אסותא אשדוד,108.5,2022-04-30T00:00:00.000Z,108.5,159.3,99.7,99.7,125.3
אסותא אשדוד,108.5,2022-04-30T00:00:00.000Z,108.5,159.3,99.7,99.7,125.3
אסותא אשדוד,108.5,2022-04-30T00:00:00.000Z,108.5,159.3,99.7,99.7,125.3
אסותא אשדוד,108.5,2022-04-30T00:00:00.000Z,108.5,159.3,99.7,99.7,125.3
אסותא אשדוד,108.5,2022-04-30T00:00:00.000Z,108.5,159.3,99.7,99.7,125.3
אסותא אשדוד,108.5,2022-04-30T00:00:00.000Z,108.5,159.3,99.7,99.7,125.3
אסותא אשדוד,108.5,2022-04-30T00:00:00.000Z,108.5,159.3,99.7,99.7,125.3
אסותא אשדוד,108.5,2022-04-30T00:00:00.000Z,108.5,159.3,99.7,99.7,125.3
אסותא אשדוד,108.5,2022-04-30T00:00:00.000Z,108.5,159.3,99.7,99.7,125.3
אסותא אשדוד,108.5,2022-04-30T00:00:00.000Z,108.5,159.3,99.7,99.7,125.3
אסותא אשדוד,108.5,2022-04-30T00:00:00.000Z,108.5,159.3,99.7,99.7,125.3
אסותא אשדוד,108.5,2022-04-30T00:00:00.000Z,108.5,159.3,99.7,99.7,125.3
אסותא אשדוד,108.5,2022-04-30T00:00:00.000Z,108.5,159.3,99.7,99.7,125.3
אסותא אשדוד,108.5,2022-04-30T00:00:00.000Z,108.5,159.3,99.7,99.7,125.3
אסותא אשדוד,108.5,2022-04-30T00:00:00.000Z,108.5,159.3,99.7,99.7,125.3
אסותא אשדוד,108.5,2022-04-30T00:00:00.000Z,108.5,159.3,99.7,99.7,125.3
אסותא אשדוד,108.5,2022-04-30T00:00:00.000Z,108.5,159.3,99.7,99.7,125.3
אסותא אשדוד,108.5,2022-04-30T00:00:00.000Z,108.5,159.3,99.7,99.7,125.3
אסותא אשדוד,108.5,2022-04-30T00:00:00.000Z,108.5,159.3,99.7,99.7,125.3
אסותא אשדוד,108.5,2022-04-30T00:00:00.000Z,108.5,159.3,99.7,99.7,125.3
אסותא אשדוד,108.5,2022-04-30T00:00:00.000Z,108.5,159.3,99.7,99.7,125.3
אסותא אשדוד,108.5,2022-04-30T00:00:00.000Z,108.5,159.3,99.7,99.7,125.3
אסותא אשדוד,108.5,2022-04-30T00:00:00.000Z,108.5,159.3,99.7,99.7,125.3
אסותא אשדוד,108.5,2022-04-30T00:00:00.000Z,108.5,159.3,99.7,99.7,125.3
אסותא אשדוד,108.5,2022-04-30T00:00:00.000Z,108.5,159.3,99.7,99.7,125.3
אסותא אשדוד,108.5,2022-04-30T00:00:00.000Z,108.5,159.3,99.7,99.7,125.3
אסותא אשדוד,108.5,2022-04-30T00:00:00.000Z,108.5,159.3,99.7,99.7,125.3
אסותא אשדוד,108.5,2022-04-30T00:00:00.000Z,108.5,159.3,99.7,99.7,125.3
אסותא אשדוד,108.5,2022-04-30T00:00:00.000Z,108.5,159.3,99.7,99.7,125.3
אסותא אשדוד,108.5,2022-04-30T00:00:00.000Z,108.5,159.3,99.7,99.7,125.3
אסותא אשדוד,108.5,2022-04-30T00:00:00.000Z,108.5,159.3,99.7,99.7,125.3
אסותא אשדוד,108.5,2022-04-30T00:00:00.000Z,108.5,159.3,99.7,99.7,125.3
אסותא אשדוד,108.5,2022-04-30T00:00:00.000Z,108.5,159.3,99.7,99.7,125.3
אסותא אשדוד,108.5,2022-04-30T00:00:00.000Z,108.5,159.3,99.7,99.7,125.3
אסותא אשדוד,108.5,2022-04-30T00:00:00.000Z,108.5,159.3,99.7,99.7,125.3
אסותא אשדוד,108.5,2022-04-30T00:00:00.000Z,108.5,159.3,99.7,99.7,125.3
אסותא אשדוד,108.5,2022-04-30T00:00:00.000Z,108.5,159.3,99.7,99.7,125.3
אסותא אשדוד,108.5,2022-04-30T00:00:00.000Z,108.5,159.3,99.7,99.7,125.3
אסותא אשדוד,108.5,2022-04-30T00:00:00.000Z,108.5,159.3,99.7,99.7,125.3
אסותא אשדוד,108.5,2022-04-30T00:00:00.000Z,108.5,159.3,99.7,99.7,125.3
אסותא אשדוד,108.5,2022-04-30T00:00:00.000Z,108.5,159.3,99.7,99.7,125.3
אסותא אשדוד,108.5,2022-04-30T00:00:00.000Z,108.5,159.3,99.7,99.7,125.3
אסותא אשדוד,108.5,2022-04-30T00:00:00.000Z,108.5,159.3,99.7,99.7,125.3
אסותא אשדוד,108.5,2022-04-30T00:00:00.000Z,108.5,159.3,99.7,99.7,125.3
אסותא אשדוד,108.5,2022-04-30T00:00:00.000Z,108.5,159.3,99.7,99.7,125.3
אסותא אשדוד,108.5,2022-04-30T00:00:00.000Z,108.5,159.3,99.7,99.7,125.3
אסותא אשדוד,108.5,2022-04-30T00:00:00.000Z,108.5,159.3,99.7,99.7,125.3
אסותא אשדוד,108.5,2022-04-30T00:00:00.000Z,108.5,159.3,99.7,99.7,125.3
אסותא אשדוד,108.5,2022-04-30T00:00:00.000Z,108.5,159.3,99.7,99.7,125.3
אסותא אשדוד,108.5,2022-04-30T00:00:00.000Z,108.5,159.3,99.7,99.7,125.3
אסותא אשדוד,108.5,2022-04-30T00:00:00.000Z,108.5,159.3,99.7,99.7,125.3
אסותא אשדוד,108.5,2022-04-30T00:00:00.000Z,108.5,159.3,99.7,99.7,125.3
אסותא אשדוד,108.5,2022-04-30T00:00:00.000Z,108.5,159.3,99.7,99.7,125.3
אסותא אשדוד,108.5,2022-04-30T00:00:00.000Z,108.5,159.3,99.7,99.7,125.3
אסותא אשדוד,108.5,2022-04-30T00:00:00.000Z,108.5,159.3,99.7,99.7,125.3
אסותא אשדוד,108.5,2022-04-30T00:00:00.000Z,108.5,159.3,99.7,99.7,125.3
אסותא אשדוד,108.5,2022-04-30T00:00:00.000Z,108.5,159.3,99.7,99.7,125.3
אסותא אשדוד,108.5,2022-04-30T00:00:00.000Z,108.5,159.3,99.7,99.7,125.3
אסותא אשדוד,108.5,2022-04-30T00:00:00.000Z,108.5,159.3,99.7,99.7,125.3
אסותא אשדוד,108.5,2022-04-30T00:00:00.000Z,108.5,159.3,99.7,99.7,125.3
אסותא אשדוד,108.5,2022-04-30T00:00:00.000Z,108.5,159.3,99.7,99.7,125.3
אסותא אשדוד,108.5,2022-04-30T00:00:00.000Z,108.5,159.3,99.7,99.7,125.3
אסותא אשדוד,108.5,2022-04-30T00:00:00.000Z,108.5,159.3,99.7,99.7,125.3
אסותא אשדוד,108.5,2022-04-30T00:00:00.000Z,108.5,159.3,99.7,99.7,125.3
אסותא אשדוד,108.5,2022-04-30T00:00:00.000Z,108.5,159.3,99.7,99.7,125.3
אסותא אשדוד,108.5,2022-04-30T00:00:00.000Z,108.5,159.3,99.7,99.7,125.3
אסותא אשדוד,108.5,2022-04-30T00:00:00.000Z,108.5,159.3,99.7,99.7,125.3
אסותא אשדוד,108.5,2022-04-30T00:00:00.000Z,108.5,159.3,99.7,99.7,125.3
אסותא אשדוד,108.5,2022-04-30T00:00:00.000Z,108.5,159.3,99.7,99.7,125.3
אסותא אשדוד,108.5,2022-04-30T00:00:00.000Z,108.5,159.3,99.7,99.7,125.3
אסותא אשדוד,108.5,2022-04-30T00:00:00.000Z,108.5,159.3,99.7,99.7,125.3
אסותא אשדוד,108.5,2022-04-30T00:00:00.000Z,108.5,159.3,99.7,99.7,125.3
אסותא אשדוד,108.5,2022-04-30T00:00:00.000Z,108.5,159.3,99.7,99.7,125.3
אסותא אשדוד,108.5,2022-04-30T00:00:00.000Z,108.5,159.3,99.7,99.7,125.3
אסותא אשדוד,108.5,2022-04-30T00:00:00.000Z,108.5,159.3,99.7,99.7,125.3
אסותא אשדוד,108.5,2022-04-30T00:00:00.000Z,108.5,159.3,99.7,99.7,125.3
אסותא אשדוד,108.5,2022-04-30T00:00:00.000Z,108.5,159.3,99.7,99.7,125.3
אסותא אשדוד,108.5,2022-04-30T00:00:00.000Z,108.5,159.3,99.7,99.7,125.3
אסותא אשדוד,108.5,2022-04-30T00:00:00.000Z,108.5,159.3,99.7,99.7,125.3
אסותא אשדוד,108.5,2022-04-30T00:00:00.000Z,108.5,159.3,99.7,99.7,125.3
אסותא אשדוד,108.5,2022-04-30T00:00:00.000Z,108.5,159.3,99.7,99.7,125.3
אסותא אשדוד,108.5,2022-04-30T00:00:00.000Z,108.5,159.3,99.7,99.7,125.3
אסותא אשדוד,108.5,2022-04-30T00:00:00.000Z,108.5,159.3,99.7,99.7,125.3
אסותא אשדוד,108.5,2022-04-30T00:00:00.000Z,108.5,159.3,99.7,99.7,125.3
אסותא אשדוד,108.5,2022-04-30T00:00:00.000Z,108.5,159.3,99.7,99.7,125.3
אסותא אשדוד,108.5,2022-04-30T00:00:00.000Z,108.5,159.3,99.7,99.7,125.3
אסותא אשדוד,108.5,2022-04-30T00:00:00.000Z,108.5,159.3,99.7,99.7,125.3
אסותא אשדוד,108.5,2022-04-30T00:00:00.000Z,108.5,159.3,99.7,99.7,125.3
אסותא אשדוד,108.5,2022-04-30T00:00:00.000Z,108.5,159.3,99.7,99.7,125.3
אסותא אשדוד,108.5,2022-04-30T00:00:00.000Z,108.5,159.3,99.7,99.7,125.3
אסותא אשדוד,108.5,2022-04-30T00:00:00.000Z,108.5,159.3,99.7,99.7,125.3
אסותא אשדוד,108.5,2022-04-30T00:00:00.000Z,108.5,159.3,99.7,99.7,125.3
אסותא אשדוד,108.5,2022-04-30T00:00:00.000Z,108.5,159.3,99.7,99.7,125.3
אסותא אשדוד,108.5,2022-04-30T00:00:00.000Z,108.5,159.3,99.7,99.7,125.3
אסותא אשדוד,108.5,2022-04-30T00:00:00.000Z,108.5,159.3,99.7,99.7,125.3
אסותא אשדוד,108.5,2022-04-30T00:00:00.000Z,108.5,159.3,99.7,99.7,125.3
אסותא אשדוד,108.5,2022-04-30T00:00:00.000Z,108.5,159.3,99.7,99.7,125.3
אסותא אשדוד,108.5,2022-04-30T00:00:00.000Z,108.5,159.3,99.7,99.7,125.3
אסותא אשדוד,108.5,2022-04-30T00:00:00.000Z,108.5,159.3,99.7,99.7,125.3
אסותא אשדוד,108.5,2022-04-30T00:00:00.000Z,108.5,159.3,99.7,99.7,125.3
אסותא אשדוד,108.5,2022-04-30T00:00:00.000Z,108.5,159.3,99.7,99.7,125.3
אסותא אשדוד,108.5,2022-04-30T00:00:00.000Z,108.5,159.3,99.7,99.7,125.3
אסותא אשדוד,108.5,2022-04-30T00:00:00.000Z,108.5,159.3,99.7,99.7,125.3
אסותא אשדוד,108.5,2022-04-30T00:00:00.000Z,108.5,159.3,99.7,99.7,125.3
אסותא אשדוד,108.5,2022-04-30T00:00:00.000Z,108.5,159.3,99.7,99.7,125.3
אסותא אשדוד,108.5,2022-04-30T00:00:00.000Z,108.5,159.3,99.7,99.7,125.3
אסותא אשדוד,108.5,2022-04-30T00:00:00.000Z,108.5,159.3,99.7,99.7,125.3
אסותא אשדוד,108.5,2022-04-30T00:00:00.000Z,108.5,159.3,99.7,99.7,125.3
אסותא אשדוד,108.5,2022-04-30T00:00:00.000Z,108.5,159.3,99.7,99.7,125.3
אסותא אשדוד,108.5,2022-04-30T00:00:00.000Z,108.5,159.3,99.7,99.7,125.3
אסותא אשדוד,108.5,2022-04-30T00:00:00.000Z,108.5,159.3,99.7,99.7,125.3
אסותא אשדוד,108.5,2022-04-30T00:00:00.000Z,108.5,159.3,99.7,99.7,125.3
אסותא אשדוד,108.5,2022-04-30T00:00:00.000Z,108.5,159.3,99.7,99.7,125.3
אסותא אשדוד,108.5,2022-04-30T00:00:00.000Z,108.5,159.3,99.7,99.7,125.3
אסותא אשדוד,108.5,2022-04-30T00:00:00.000Z,108.5,159.3,99.7,99.7,125.3
אסותא אשדוד,108.5,2022-04-30T00:00:00.000Z,108.5,159.3,99.7,99.7,125.3
אסותא אשדוד,108.5,2022-04-30T00:00:00.000Z,108.5,159.3,99.7,99.7,125.3
אסותא אשדוד,108.5,2022-04-30T00:00:00.000Z,108.5,159.3,99.7,99.7,125.3
אסותא אשדוד,108.5,2022-04-30T00:00:00.000Z,108.5,159.3,99.7,99.7,125.3
אסותא אשדוד,108.5,2022-04-30T00:00:00.000Z,108.5,159.3,99.7,99.7,125.3
אסותא אשדוד,108.5,2022-04-30T00:00:00.000Z,108.5,159.3,99.7,99.7,125.3
אסותא אשדוד,108.5,2022-04-30T00:00:00.000Z,108.5,159.3,99.7,99.7,125.3
אסותא אשדוד,108.5,2022-04-30T00:00:00.000Z,108.5,159.3,99.7,99.7,125.3
אסותא אשדוד,108.5,2022-04-30T00:00:00.000Z,108.5,159.3,99.7,99.7,125.3
אסותא אשדוד,108.5,2022-04-30T00:00:00.000Z,108.5,159.3,99.7,99.7,125.3
אסותא אשדוד,108.5,2022-04-30T00:00:00.000Z,108.5,159.3,99.7,99.7,125.3
אסותא אשדוד,108.5,2022-04-30T00:00:00.000Z,108.5,159.3,99.7,99.7,125.3
אסותא אשדוד,108.5,2022-04-30T00:00:00.000Z,108.5,159.3,99.7,99.7,125.3
אסותא אשדוד,108.5,2022-04-30T00:00:00.000Z,108.5,159.3,99.7,99.7,125.3
אסותא אשדוד,108.5,2022-04-30T00:00:00.000Z,108.5,159.3,99.7,99.7,125.3
אסותא אשדוד,108.5,2022-04-30T00:00:00.000Z,108.5,159.3,99.7,99.7,125.3
אסותא אשדוד,108.5,2022-04-30T00:00:00.000Z,108.5,159.3,99.7,99.7,125.3
אסותא אשדוד,108.5,2022-04-30T00:00:00.000Z,108.5,159.3,99.7,99.7,125.3
אסותא אשדוד,108.5,2022-04-30T00:00:00.000Z,108.5,159.3,99.7,99.7,125.3
אסותא אשדוד,108.5,2022-04-30T00:00:00.000Z,108.5,159.3,99.7,99.7,125.3
אסותא אשדוד,108.5,2022-04-30T00:00:00.000Z,108.5,159.3,99.7,99.7,125.3
אסותא אשדוד,108.5,2022-04-30T00:00:00.000Z,108.5,159.3,99.7,99.7,125.3
אסותא אשדוד,108.5,2022-04-30T00:00:00.000Z,108.5,159.3,99.7,99.7,125.3
אסותא אשדוד,108.5,2022-04-30T00:00:00.000Z,108.5,159.3,99.7,99.7,125.3
אסותא אשדוד,108.5,2022-04-30T00:00:00.000Z,108.5,159.3,99.7,99.7,125.3
אסותא אשדוד,108.5,2022-04-30T00:00:00.000Z,108.5,159.3,99.7,99.7,125.3
אסותא אשדוד,108.5,2022-04-30T00:00:00.000Z,108.5,159.3,99.7,99.7,125.3
אסותא אשדוד,108.5,2022-04-30T00:00:00.000Z,108.5,159.3,99.7,99.7,125.3
אסותא אשדוד,108.5,2022-04-30T00:00:00.000Z,108.5,159.3,99.7,99.7,125.3
אסותא אשדוד,108.5,2022-04-30T00:00:00.000Z,108.5,159.3,99.7,99.7,125.3
שמואל הרופא,80.6,2022-04-30T00:00:00.000Z,77.8,80.6,76.5,74.5,82.7
שמואל הרופא,80.6,2022-04-30T00:00:00.000Z,78.2,80.6,76.5,74.8,82.5
שמואל הרופא,80.6,2022-04-30T00:00:00.000Z,78.6,80.6,76.5,75.1,82.4
שמואל הרופא,80.6,2022-04-30T00:00:00.000Z,79,80.6,76.5,75.4,82.2
שמואל הרופא,80.6,2022-04-30T00:00:00.000Z,79.4,80.6,76.5,75.7,82
שמואל הרופא,80.6,2022-04-30T00:00:00.000Z,79.8,80.6,76.5,76,81.9
שמואל הרופא,80.6,2022-04-30T00:00:00.000Z,80.2,80.6,76.5,76.2,81.7
שמואל הרופא,80.6,2022-04-30T00:00:00.000Z,80.6,80.6,76.5,76.5,81.5
שמואל הרופא,80.6,2022-04-30T00:00:00.000Z,80.6,80.6,76.5,76.5,81.5
שמואל הרופא,80.6,2022-04-30T00:00:00.000Z,80.6,80.6,76.5,76.5,81.5
שמואל הרופא,80.6,2022-04-30T00:00:00.000Z,80.6,80.6,76.5,76.5,81.5
שמואל הרופא,80.6,2022-04-30T00:00:00.000Z,80.6,80.6,76.5,76.5,81.5
שמואל הרופא,80.6,2022-04-30T00:00:00.000Z,80.6,80.6,76.5,76.5,81.5
שמואל הרופא,80.6,2022-04-30T00:00:00.000Z,80.6,80.6,76.5,76.5,81.5
שמואל הרופא,80.6,2022-04-30T00:00:00.000Z,80.6,80.6,76.5,76.5,81.5
שמואל הרופא,80.6,2022-04-30T00:00:00.000Z,80.6,80.6,76.5,76.5,81.5
שמואל הרופא,80.6,2022-04-30T00:00:00.000Z,80.6,80.6,76.5,76.5,81.5
שמואל הרופא,80.6,2022-04-30T00:00:00.000Z,80.6,80.6,76.5,76.5,81.5
שמואל הרופא,80.6,2022-04-30T00:00:00.000Z,80.6,80.6,76.5,76.5,81.5
שמואל הרופא,80.6,2022-04-30T00:00:00.000Z,80.6,80.6,76.5,76.5,81.5
שמואל הרופא,80.6,2022-04-30T00:00:00.000Z,80.6,80.6,76.5,76.5,81.5
שמואל הרופא,80.6,2022-04-30T00:00:00.000Z,80.6,80.6,76.5,76.5,81.5
שמואל הרופא,80.6,2022-04-30T00:00:00.000Z,80.6,80.6,76.5,76.5,81.5
שמואל הרופא,80.6,2022-04-30T00:00:00.000Z,80.6,80.6,76.5,76.5,81.5
שמואל הרופא,80.6,2022-04-30T00:00:00.000Z,80.6,80.6,76.5,76.5,81.5
שמואל הרופא,80.6,2022-04-30T00:00:00.000Z,80.6,80.6,76.5,76.5,81.5
שמואל הרופא,80.6,2022-04-30T00:00:00.000Z,80.6,80.6,76.5,76.5,81.5
שמואל הרופא,80.6,2022-04-30T00:00:00.000Z,80.6,80.6,76.5,76.5,81.5
שמואל הרופא,80.6,2022-04-30T00:00:00.000Z,80.6,80.6,76.5,76.5,81.5
שמואל הרופא,80.6,2022-04-30T00:00:00.000Z,80.6,80.6,76.5,76.5,81.5
שמואל הרופא,80.6,2022-04-30T00:00:00.000Z,80.6,80.6,76.5,76.5,81.5
שמואל הרופא,80.6,2022-04-30T00:00:00.000Z,80.6,80.6,76.5,76.5,81.5
שמואל הרופא,80.6,2022-04-30T00:00:00.000Z,80.6,80.6,76.5,76.5,81.5
שמואל הרופא,80.6,2022-04-30T00:00:00.000Z,80.6,80.6,76.5,76.5,81.5
שמואל הרופא,80.6,2022-04-30T00:00:00.000Z,80.6,80.6,76.5,76.5,81.5
שמואל הרופא,80.6,2022-04-30T00:00:00.000Z,80.6,80.6,76.5,76.5,81.5
שמואל הרופא,80.6,2022-04-30T00:00:00.000Z,80.6,80.6,76.5,76.5,81.5
שמואל הרופא,80.6,2022-04-30T00:00:00.000Z,80.6,80.6,76.5,76.5,81.5
שמואל הרופא,80.6,2022-04-30T00:00:00.000Z,80.6,80.6,76.5,76.5,81.5
שמואל הרופא,80.6,2022-04-30T00:00:00.000Z,80.6,80.6,76.5,76.5,81.5
שמואל הרופא,80.6,2022-04-30T00:00:00.000Z,80.6,80.6,76.5,76.5,81.5
שמואל הרופא,80.6,2022-04-30T00:00:00.000Z,80.6,80.6,76.5,76.5,81.5
שמואל הרופא,80.6,2022-04-30T00:00:00.000Z,80.6,80.6,76.5,76.5,81.5
שמואל הרופא,80.6,2022-04-30T00:00:00.000Z,80.6,80.6,76.5,76.5,81.5
שמואל הרופא,80.6,2022-04-30T00:00:00.000Z,80.6,80.6,76.5,76.5,81.5
שמואל הרופא,80.6,2022-04-30T00:00:00.000Z,80.6,80.6,76.5,76.5,81.5
שמואל הרופא,80.6,2022-04-30T00:00:00.000Z,80.6,80.6,76.5,76.5,81.5
שמואל הרופא,80.6,2022-04-30T00:00:00.000Z,80.6,80.6,76.5,76.5,81.5
שמואל הרופא,80.6,2022-04-30T00:00:00.000Z,80.6,80.6,76.5,76.5,81.5
שמואל הרופא,80.6,2022-04-30T00:00:00.000Z,80.6,80.6,76.5,76.5,81.5
שמואל הרופא,80.6,2022-04-30T00:00:00.000Z,80.6,80.6,76.5,76.5,81.5
שמואל הרופא,80.6,2022-04-30T00:00:00.000Z,80.6,80.6,76.5,76.5,81.5
שמואל הרופא,80.6,2022-04-30T00:00:00.000Z,80.6,80.6,76.5,76.5,81.5
שמואל הרופא,80.6,2022-04-30T00:00:00.000Z,80.6,80.6,76.5,76.5,81.5
שמואל הרופא,80.6,2022-04-30T00:00:00.000Z,80.6,80.6,76.5,76.5,81.5
שמואל הרופא,80.6,2022-04-30T00:00:00.000Z,80.6,80.6,76.5,76.5,81.5
שמואל הרופא,80.6,2022-04-30T00:00:00.000Z,80.6,80.6,76.5,76.5,81.5
שמואל הרופא,80.6,2022-04-30T00:00:00.000Z,80.6,80.6,76.5,76.5,81.5
שמואל הרופא,80.6,2022-04-30T00:00:00.000Z,80.6,80.6,76.5,76.5,81.5
שמואל הרופא,80.6,2022-04-30T00:00:00.000Z,80.6,80.6,76.5,76.5,81.5
שמואל הרופא,80.6,2022-04-30T00:00:00.000Z,80.6,80.6,76.5,76.5,81.5
שמואל הרופא,80.6,2022-04-30T00:00:00.000Z,80.6,80.6,76.5,76.5,81.5
שמואל הרופא,80.6,2022-04-30T00:00:00.000Z,80.6,80.6,76.5,76.5,81.5
שמואל הרופא,80.6,2022-04-30T00:00:00.000Z,80.6,80.6,76.5,76.5,81.5
שמואל הרופא,80.6,2022-04-30T00:00:00.000Z,80.6,80.6,76.5,76.5,81.5
שמואל הרופא,80.6,2022-04-30T00:00:00.000Z,80.6,80.6,76.5,76.5,81.5
שמואל הרופא,80.6,2022-04-30T00:00:00.000Z,80.6,80.6,76.5,76.5,81.5
שמואל הרופא,80.6,2022-04-30T00:00:00.000Z,80.6,80.6,76.5,76.5,81.5
שמואל הרופא,80.6,2022-04-30T00:00:00.000Z,80.6,80.6,76.5,76.5,81.5
שמואל הרופא,80.6,2022-04-30T00:00:00.000Z,80.6,80.6,76.5,76.5,81.5
שמואל הרופא,80.6,2022-04-30T00:00:00.000Z,80.6,80.6,76.5,76.5,81.5
שמואל הרופא,80.6,2022-04-30T00:00:00.000Z,80.6,80.6,76.5,76.5,81.5
שמואל הרופא,80.6,2022-04-30T00:00:00.000Z,80.6,80.6,76.5,76.5,81.5
שמואל הרופא,80.6,2022-04-30T00:00:00.000Z,80.6,80.6,76.5,76.5,81.5
שמואל הרופא,80.6,2022-04-30T00:00:00.000Z,80.6,80.6,76.5,76.5,81.5
שמואל הרופא,80.6,2022-04-30T00:00:00.000Z,80.6,80.6,76.5,76.5,81.5
שמואל הרופא,80.6,2022-04-30T00:00:00.000Z,80.6,80.6,76.5,76.5,81.5
שמואל הרופא,80.6,2022-04-30T00:00:00.000Z,80.6,80.6,76.5,76.5,81.5
שמואל הרופא,80.6,2022-04-30T00:00:00.000Z,80.6,80.6,76.5,76.5,81.5
שמואל הרופא,80.6,2022-04-30T00:00:00.000Z,80.6,80.6,76.5,76.5,81.5
שמואל הרופא,80.6,2022-04-30T00:00:00.000Z,80.6,80.6,76.5,76.5,81.5
שמואל הרופא,80.6,2022-04-30T00:00:00.000Z,80.6,80.6,76.5,76.5,81.5
שמואל הרופא,80.6,2022-04-30T00:00:00.000Z,80.6,80.6,76.5,76.5,81.5
שמואל הרופא,80.6,2022-04-30T00:00:00.000Z,80.6,80.6,76.5,76.5,81.5
שמואל הרופא,80.6,2022-04-30T00:00:00.000Z,80.6,80.6,76.5,76.5,81.5
שמואל הרופא,80.6,2022-04-30T00:00:00.000Z,80.6,80.6,76.5,76.5,81.5
שמואל הרופא,80.6,2022-04-30T00:00:00.000Z,80.6,80.6,76.5,76.5,81.5
שמואל הרופא,80.6,2022-04-30T00:00:00.000Z,80.6,80.6,76.5,76.5,81.5
שמואל הרופא,80.6,2022-04-30T00:00:00.000Z,80.6,80.6,76.5,76.5,81.5
שמואל הרופא,80.6,2022-04-30T00:00:00.000Z,80.6,80.6,76.5,76.5,81.5
שמואל הרופא,80.6,2022-04-30T00:00:00.000Z,80.6,80.6,76.5,76.5,81.5
שמואל הרופא,80.6,2022-04-30T00:00:00.000Z,80.6,80.6,76.5,76.5,81.5
שמואל הרופא,80.6,2022-04-30T00:00:00.000Z,80.6,80.6,76.5,76.5,81.5
שמואל הרופא,80.6,2022-04-30T00:00:00.000Z,80.6,80.6,76.5,76.5,81.5
שמואל הרופא,80.6,2022-04-30T00:00:00.000Z,80.6,80.6,76.5,76.5,81.5
שמואל הרופא,80.6,2022-04-30T00:00:00.000Z,80.6,80.6,76.5,76.5,81.5
שמואל הרופא,80.6,2022-04-30T00:00:00.000Z,80.6,80.6,76.5,76.5,81.5
שמואל הרופא,80.6,2022-04-30T00:00:00.000Z,80.6,80.6,76.5,76.5,81.5
שמואל הרופא,80.6,2022-04-30T00:00:00.000Z,80.6,80.6,76.5,76.5,81.5
שמואל הרופא,80.6,2022-04-30T00:00:00.000Z,80.6,80.6,76.5,76.5,81.5
שמואל הרופא,80.6,2022-04-30T00:00:00.000Z,80.6,80.6,76.5,76.5,81.5
שמואל הרופא,80.6,2022-04-30T00:00:00.000Z,80.6,80.6,76.5,76.5,81.5
שמואל הרופא,80.6,2022-04-30T00:00:00.000Z,80.6,80.6,76.5,76.5,81.5
שמואל הרופא,80.6,2022-04-30T00:00:00.000Z,80.6,80.6,76.5,76.5,81.5
שמואל הרופא,80.6,2022-04-30T00:00:00.000Z,80.6,80.6,76.5,76.5,81.5
שמואל הרופא,80.6,2022-04-30T00:00:00.000Z,80.6,80.6,76.5,76.5,81.5
שמואל הרופא,80.6,2022-04-30T00:00:00.000Z,80.6,80.6,76.5,76.5,81.5
שמואל הרופא,80.6,2022-04-30T00:00:00.000Z,80.6,80.6,76.5,76.5,81.5
שמואל הרופא,80.6,2022-04-30T00:00:00.000Z,80.6,80.6,76.5,76.5,81.5
שמואל הרופא,80.6,2022-04-30T00:00:00.000Z,80.6,80.6,76.5,76.5,81.5
שמואל הרופא,80.6,2022-04-30T00:00:00.000Z,80.6,80.6,76.5,76.5,81.5
שמואל הרופא,80.6,2022-04-30T00:00:00.000Z,80.6,80.6,76.5,76.5,81.5
שמואל הרופא,80.6,2022-04-30T00:00:00.000Z,80.6,80.6,76.5,76.5,81.5
שמואל הרופא,80.6,2022-04-30T00:00:00.000Z,80.6,80.6,76.5,76.5,81.5
שמואל הרופא,80.6,2022-04-30T00:00:00.000Z,80.6,80.6,76.5,76.5,81.5
שמואל הרופא,80.6,2022-04-30T00:00:00.000Z,80.6,80.6,76.5,76.5,81.5
שמואל הרופא,80.6,2022-04-30T00:00:00.000Z,80.6,80.6,76.5,76.5,81.5
שמואל הרופא,80.6,2022-04-30T00:00:00.000Z,80.6,80.6,76.5,76.5,81.5
שמואל הרופא,80.6,2022-04-30T00:00:00.000Z,80.6,80.6,76.5,76.5,81.5
שמואל הרופא,80.6,2022-04-30T00:00:00.000Z,80.6,80.6,76.5,76.5,81.5
שמואל הרופא,80.6,2022-04-30T00:00:00.000Z,80.6,80.6,76.5,76.5,81.5
שמואל הרופא,80.6,2022-04-30T00:00:00.000Z,80.6,80.6,76.5,76.5,81.5
שמואל הרופא,80.6,2022-04-30T00:00:00.000Z,80.6,80.6,76.5,76.5,81.5
שמואל הרופא,80.6,2022-04-30T00:00:00.000Z,80.6,80.6,76.5,76.5,81.5
שמואל הרופא,80.6,2022-04-30T00:00:00.000Z,80.6,80.6,76.5,76.5,81.5
שמואל הרופא,80.6,2022-04-30T00:00:00.000Z,80.6,80.6,76.5,76.5,81.5
שמואל הרופא,80.6,2022-04-30T00:00:00.000Z,80.6,80.6,76.5,76.5,81.5
שמואל הרופא,80.6,2022-04-30T00:00:00.000Z,80.6,80.6,76.5,76.5,81.5
שמואל הרופא,80.6,2022-04-30T00:00:00.000Z,80.6,80.6,76.5,76.5,81.5
שמואל הרופא,80.6,2022-04-30T00:00:00.000Z,80.6,80.6,76.5,76.5,81.5
שמואל הרופא,80.6,2022-04-30T00:00:00.000Z,80.6,80.6,76.5,76.5,81.5
שמואל הרופא,80.6,2022-04-30T00:00:00.000Z,80.6,80.6,76.5,76.5,81.5
שמואל הרופא,80.6,2022-04-30T00:00:00.000Z,80.6,80.6,76.5,76.5,81.5
שמואל הרופא,80.6,2022-04-30T00:00:00.000Z,80.6,80.6,76.5,76.5,81.5
שמואל הרופא,80.6,2022-04-30T00:00:00.000Z,80.6,80.6,76.5,76.5,81.5
שמואל הרופא,80.6,2022-04-30T00:00:00.000Z,80.6,80.6,76.5,76.5,81.5
שמואל הרופא,80.6,2022-04-30T00:00:00.000Z,80.6,80.6,76.5,76.5,81.5
שמואל הרופא,80.6,2022-04-30T00:00:00.000Z,80.6,80.6,76.5,76.5,81.5
שמואל הרופא,80.6,2022-04-30T00:00:00.000Z,80.6,80.6,76.5,76.5,81.5
שמואל הרופא,80.6,2022-04-30T00:00:00.000Z,80.6,80.6,76.5,76.5,81.5
שמואל הרופא,80.6,2022-04-30T00:00:00.000Z,80.6,80.6,76.5,76.5,81.5
שמואל הרופא,80.6,2022-04-30T00:00:00.000Z,80.6,80.6,76.5,76.5,81.5
שמואל הרופא,80.6,2022-04-30T00:00:00.000Z,80.6,80.6,76.5,76.5,81.5
שמואל הרופא,80.6,2022-04-30T00:00:00.000Z,80.6,80.6,76.5,76.5,81.5
שמואל הרופא,80.6,2022-04-30T00:00:00.000Z,80.6,80.6,76.5,76.5,81.5
שמואל הרופא,80.6,2022-04-30T00:00:00.000Z,80.6,80.6,76.5,76.5,81.5
שמואל הרופא,80.6,2022-04-30T00:00:00.000Z,80.6,80.6,76.5,76.5,81.5
שמואל הרופא,80.6,2022-04-30T00:00:00.000Z,80.6,80.6,76.5,76.5,81.5
שמואל הרופא,80.6,2022-04-30T00:00:00.000Z,80.6,80.6,76.5,76.5,81.5
שמואל הרופא,80.6,2022-04-30T00:00:00.000Z,80.6,80.6,76.5,76.5,81.5
שמואל הרופא,80.6,2022-04-30T00:00:00.000Z,80.6,80.6,76.5,76.5,81.5
שמואל הרופא,80.6,2022-04-30T00:00:00.000Z,80.6,80.6,76.5,76.5,81.5
שמואל הרופא,80.6,2022-04-30T00:00:00.000Z,80.6,80.6,76.5,76.5,81.5
שמואל הרופא,80.6,2022-04-30T00:00:00.000Z,80.6,80.6,76.5,76.5,81.5
שמואל הרופא,80.6,2022-04-30T00:00:00.000Z,80.6,80.6,76.5,76.5,81.5
שמואל הרופא,80.6,2022-04-30T00:00:00.000Z,80.6,80.6,76.5,76.5,81.5
שמואל הרופא,80.6,2022-04-30T00:00:00.000Z,80.6,80.6,76.5,76.5,81.5
שמואל הרופא,80.6,2022-04-30T00:00:00.000Z,80.6,80.6,76.5,76.5,81.5
שמואל הרופא,80.6,2022-04-30T00:00:00.000Z,80.6,80.6,76.5,76.5,81.5
הכרמל,63.2,2022-04-30T00:00:00.000Z,59.4,67,73.2,66.9,72.8
הכרמל,63.2,2022-04-30T00:00:00.000Z,60,67.1,73.2,67.8,71.8
הכרמל,63.2,2022-04-30T00:00:00.000Z,60.5,67.3,73.2,68.7,70.9
הכרמל,63.2,2022-04-30T00:00:00.000Z,61.1,67.4,73.2,69.6,69.9
הכרמל,63.2,2022-04-30T00:00:00.000Z,61.6,67.5,73.2,70.5,68.9
הכרמל,63.2,2022-04-30T00:00:00.000Z,62.1,67.7,73.2,71.4,68
הכרמל,63.2,2022-04-30T00:00:00.000Z,62.7,67.8,73.2,72.3,67
הכרמל,63.2,2022-04-30T00:00:00.000Z,63.2,67.9,73.2,73.2,66.1
הכרמל,63.2,2022-04-30T00:00:00.000Z,63.2,67.9,73.2,73.2,66.1
הכרמל,63.2,2022-04-30T00:00:00.000Z,63.2,67.9,73.2,73.2,66.1
הכרמל,63.2,2022-04-30T00:00:00.000Z,63.2,67.9,73.2,73.2,66.1
הכרמל,63.2,2022-04-30T00:00:00.000Z,63.2,67.9,73.2,73.2,66.1
הכרמל,63.2,2022-04-30T00:00:00.000Z,63.2,67.9,73.2,73.2,66.1
הכרמל,63.2,2022-04-30T00:00:00.000Z,63.2,67.9,73.2,73.2,66.1
הכרמל,63.2,2022-04-30T00:00:00.000Z,63.2,67.9,73.2,73.2,66.1
הכרמל,63.2,2022-04-30T00:00:00.000Z,63.2,67.9,73.2,73.2,66.1
הכרמל,63.2,2022-04-30T00:00:00.000Z,63.2,67.9,73.2,73.2,66.1
הכרמל,63.2,2022-04-30T00:00:00.000Z,63.2,67.9,73.2,73.2,66.1
הכרמל,63.2,2022-04-30T00:00:00.000Z,63.2,67.9,73.2,73.2,66.1
הכרמל,63.2,2022-04-30T00:00:00.000Z,63.2,67.9,73.2,73.2,66.1
הכרמל,63.2,2022-04-30T00:00:00.000Z,63.2,67.9,73.2,73.2,66.1
הכרמל,63.2,2022-04-30T00:00:00.000Z,63.2,67.9,73.2,73.2,66.1
הכרמל,63.2,2022-04-30T00:00:00.000Z,63.2,67.9,73.2,73.2,66.1
הכרמל,63.2,2022-04-30T00:00:00.000Z,63.2,67.9,73.2,73.2,66.1
הכרמל,63.2,2022-04-30T00:00:00.000Z,63.2,67.9,73.2,73.2,66.1
הכרמל,63.2,2022-04-30T00:00:00.000Z,63.2,67.9,73.2,73.2,66.1
הכרמל,63.2,2022-04-30T00:00:00.000Z,63.2,67.9,73.2,73.2,66.1
הכרמל,63.2,2022-04-30T00:00:00.000Z,63.2,67.9,73.2,73.2,66.1
הכרמל,63.2,2022-04-30T00:00:00.000Z,63.2,67.9,73.2,73.2,66.1
הכרמל,63.2,2022-04-30T00:00:00.000Z,63.2,67.9,73.2,73.2,66.1
הכרמל,63.2,2022-04-30T00:00:00.000Z,63.2,67.9,73.2,73.2,66.1
הכרמל,63.2,2022-04-30T00:00:00.000Z,63.2,67.9,73.2,73.2,66.1
הכרמל,63.2,2022-04-30T00:00:00.000Z,63.2,67.9,73.2,73.2,66.1
הכרמל,63.2,2022-04-30T00:00:00.000Z,63.2,67.9,73.2,73.2,66.1
הכרמל,63.2,2022-04-30T00:00:00.000Z,63.2,67.9,73.2,73.2,66.1
הכרמל,63.2,2022-04-30T00:00:00.000Z,63.2,67.9,73.2,73.2,66.1
הכרמל,63.2,2022-04-30T00:00:00.000Z,63.2,67.9,73.2,73.2,66.1
הכרמל,63.2,2022-04-30T00:00:00.000Z,63.2,67.9,73.2,73.2,66.1
הכרמל,63.2,2022-04-30T00:00:00.000Z,63.2,67.9,73.2,73.2,66.1
הכרמל,63.2,2022-04-30T00:00:00.000Z,63.2,67.9,73.2,73.2,66.1
הכרמל,63.2,2022-04-30T00:00:00.000Z,63.2,67.9,73.2,73.2,66.1
הכרמל,63.2,2022-04-30T00:00:00.000Z,63.2,67.9,73.2,73.2,66.1
הכרמל,63.2,2022-04-30T00:00:00.000Z,63.2,67.9,73.2,73.2,66.1
הכרמל,63.2,2022-04-30T00:00:00.000Z,63.2,67.9,73.2,73.2,66.1
הכרמל,63.2,2022-04-30T00:00:00.000Z,63.2,67.9,73.2,73.2,66.1
הכרמל,63.2,2022-04-30T00:00:00.000Z,63.2,67.9,73.2,73.2,66.1
הכרמל,63.2,2022-04-30T00:00:00.000Z,63.2,67.9,73.2,73.2,66.1
הכרמל,63.2,2022-04-30T00:00:00.000Z,63.2,67.9,73.2,73.2,66.1
הכרמל,63.2,2022-04-30T00:00:00.000Z,63.2,67.9,73.2,73.2,66.1
הכרמל,63.2,2022-04-30T00:00:00.000Z,63.2,67.9,73.2,73.2,66.1
הכרמל,63.2,2022-04-30T00:00:00.000Z,63.2,67.9,73.2,73.2,66.1
הכרמל,63.2,2022-04-30T00:00:00.000Z,63.2,67.9,73.2,73.2,66.1
הכרמל,63.2,2022-04-30T00:00:00.000Z,63.2,67.9,73.2,73.2,66.1
הכרמל,63.2,2022-04-30T00:00:00.000Z,63.2,67.9,73.2,73.2,66.1
הכרמל,63.2,2022-04-30T00:00:00.000Z,63.2,67.9,73.2,73.2,66.1
הכרמל,63.2,2022-04-30T00:00:00.000Z,63.2,67.9,73.2,73.2,66.1
הכרמל,63.2,2022-04-30T00:00:00.000Z,63.2,67.9,73.2,73.2,66.1
הכרמל,63.2,2022-04-30T00:00:00.000Z,63.2,67.9,73.2,73.2,66.1
הכרמל,63.2,2022-04-30T00:00:00.000Z,63.2,67.9,73.2,73.2,66.1
הכרמל,63.2,2022-04-30T00:00:00.000Z,63.2,67.9,73.2,73.2,66.1
הכרמל,63.2,2022-04-30T00:00:00.000Z,63.2,67.9,73.2,73.2,66.1
הכרמל,63.2,2022-04-30T00:00:00.000Z,63.2,67.9,73.2,73.2,66.1
הכרמל,63.2,2022-04-30T00:00:00.000Z,63.2,67.9,73.2,73.2,66.1
הכרמל,63.2,2022-04-30T00:00:00.000Z,63.2,67.9,73.2,73.2,66.1
הכרמל,63.2,2022-04-30T00:00:00.000Z,63.2,67.9,73.2,73.2,66.1
הכרמל,63.2,2022-04-30T00:00:00.000Z,63.2,67.9,73.2,73.2,66.1
הכרמל,63.2,2022-04-30T00:00:00.000Z,63.2,67.9,73.2,73.2,66.1
הכרמל,63.2,2022-04-30T00:00:00.000Z,63.2,67.9,73.2,73.2,66.1
הכרמל,63.2,2022-04-30T00:00:00.000Z,63.2,67.9,73.2,73.2,66.1
הכרמל,63.2,2022-04-30T00:00:00.000Z,63.2,67.9,73.2,73.2,66.1
הכרמל,63.2,2022-04-30T00:00:00.000Z,63.2,67.9,73.2,73.2,66.1
הכרמל,63.2,2022-04-30T00:00:00.000Z,63.2,67.9,73.2,73.2,66.1
הכרמל,63.2,2022-04-30T00:00:00.000Z,63.2,67.9,73.2,73.2,66.1
הכרמל,63.2,2022-04-30T00:00:00.000Z,63.2,67.9,73.2,73.2,66.1
הכרמל,63.2,2022-04-30T00:00:00.000Z,63.2,67.9,73.2,73.2,66.1
הכרמל,63.2,2022-04-30T00:00:00.000Z,63.2,67.9,73.2,73.2,66.1
הכרמל,63.2,2022-04-30T00:00:00.000Z,63.2,67.9,73.2,73.2,66.1
הכרמל,63.2,2022-04-30T00:00:00.000Z,63.2,67.9,73.2,73.2,66.1
הכרמל,63.2,2022-04-30T00:00:00.000Z,63.2,67.9,73.2,73.2,66.1
הכרמל,63.2,2022-04-30T00:00:00.000Z,63.2,67.9,73.2,73.2,66.1
הכרמל,63.2,2022-04-30T00:00:00.000Z,63.2,67.9,73.2,73.2,66.1
הכרמל,63.2,2022-04-30T00:00:00.000Z,63.2,67.9,73.2,73.2,66.1
הכרמל,63.2,2022-04-30T00:00:00.000Z,63.2,67.9,73.2,73.2,66.1
הכרמל,63.2,2022-04-30T00:00:00.000Z,63.2,67.9,73.2,73.2,66.1
הכרמל,63.2,2022-04-30T00:00:00.000Z,63.2,67.9,73.2,73.2,66.1
הכרמל,63.2,2022-04-30T00:00:00.000Z,63.2,67.9,73.2,73.2,66.1
הכרמל,63.2,2022-04-30T00:00:00.000Z,63.2,67.9,73.2,73.2,66.1
הכרמל,63.2,2022-04-30T00:00:00.000Z,63.2,67.9,73.2,73.2,66.1
הכרמל,63.2,2022-04-30T00:00:00.000Z,63.2,67.9,73.2,73.2,66.1
הכרמל,63.2,2022-04-30T00:00:00.000Z,63.2,67.9,73.2,73.2,66.1
הכרמל,63.2,2022-04-30T00:00:00.000Z,63.2,67.9,73.2,73.2,66.1
הכרמל,63.2,2022-04-30T00:00:00.000Z,63.2,67.9,73.2,73.2,66.1
הכרמל,63.2,2022-04-30T00:00:00.000Z,63.2,67.9,73.2,73.2,66.1
הכרמל,63.2,2022-04-30T00:00:00.000Z,63.2,67.9,73.2,73.2,66.1
הכרמל,63.2,2022-04-30T00:00:00.000Z,63.2,67.9,73.2,73.2,66.1
הכרמל,63.2,2022-04-30T00:00:00.000Z,63.2,67.9,73.2,73.2,66.1
הכרמל,63.2,2022-04-30T00:00:00.000Z,63.2,67.9,73.2,73.2,66.1
הכרמל,63.2,2022-04-30T00:00:00.000Z,63.2,67.9,73.2,73.2,66.1
הכרמל,63.2,2022-04-30T00:00:00.000Z,63.2,67.9,73.2,73.2,66.1
הכרמל,63.2,2022-04-30T00:00:00.000Z,63.2,67.9,73.2,73.2,66.1
הכרמל,63.2,2022-04-30T00:00:00.000Z,63.2,67.9,73.2,73.2,66.1
הכרמל,63.2,2022-04-30T00:00:00.000Z,63.2,67.9,73.2,73.2,66.1
הכרמל,63.2,2022-04-30T00:00:00.000Z,63.2,67.9,73.2,73.2,66.1
הכרמל,63.2,2022-04-30T00:00:00.000Z,63.2,67.9,73.2,73.2,66.1
הכרמל,63.2,2022-04-30T00:00:00.000Z,63.2,67.9,73.2,73.2,66.1
הכרמל,63.2,2022-04-30T00:00:00.000Z,63.2,67.9,73.2,73.2,66.1
הכרמל,63.2,2022-04-30T00:00:00.000Z,63.2,67.9,73.2,73.2,66.1
הכרמל,63.2,2022-04-30T00:00:00.000Z,63.2,67.9,73.2,73.2,66.1
הכרמל,63.2,2022-04-30T00:00:00.000Z,63.2,67.9,73.2,73.2,66.1
הכרמל,63.2,2022-04-30T00:00:00.000Z,63.2,67.9,73.2,73.2,66.1
הכרמל,63.2,2022-04-30T00:00:00.000Z,63.2,67.9,73.2,73.2,66.1
הכרמל,63.2,2022-04-30T00:00:00.000Z,63.2,67.9,73.2,73.2,66.1
הכרמל,63.2,2022-04-30T00:00:00.000Z,63.2,67.9,73.2,73.2,66.1
הכרמל,63.2,2022-04-30T00:00:00.000Z,63.2,67.9,73.2,73.2,66.1
הכרמל,63.2,2022-04-30T00:00:00.000Z,63.2,67.9,73.2,73.2,66.1
הכרמל,63.2,2022-04-30T00:00:00.000Z,63.2,67.9,73.2,73.2,66.1
הכרמל,63.2,2022-04-30T00:00:00.000Z,63.2,67.9,73.2,73.2,66.1
הכרמל,63.2,2022-04-30T00:00:00.000Z,63.2,67.9,73.2,73.2,66.1
הכרמל,63.2,2022-04-30T00:00:00.000Z,63.2,67.9,73.2,73.2,66.1
הכרמל,63.2,2022-04-30T00:00:00.000Z,63.2,67.9,73.2,73.2,66.1
הכרמל,63.2,2022-04-30T00:00:00.000Z,63.2,67.9,73.2,73.2,66.1
פוריה,73.1,2022-04-30T00:00:00.000Z,64.1,60.3,71.3,63.4,67
פוריה,73.1,2022-04-30T00:00:00.000Z,65.4,61.2,71.3,64.5,66.8
פוריה,73.1,2022-04-30T00:00:00.000Z,66.7,62.1,71.3,65.6,66.6
פוריה,73.1,2022-04-30T00:00:00.000Z,67.9,63,71.3,66.8,66.3
פוריה,73.1,2022-04-30T00:00:00.000Z,69.2,63.9,71.3,67.9,66.1
פוריה,73.1,2022-04-30T00:00:00.000Z,70.5,64.8,71.3,69,65.8
פוריה,73.1,2022-04-30T00:00:00.000Z,71.8,65.8,71.3,70.1,65.6
פוריה,73.1,2022-04-30T00:00:00.000Z,73.1,66.7,71.3,71.3,65.4
פוריה,73.1,2022-04-30T00:00:00.000Z,73.1,66.7,71.3,71.3,65.4
פוריה,73.1,2022-04-30T00:00:00.000Z,73.1,66.7,71.3,71.3,65.4
פוריה,73.1,2022-04-30T00:00:00.000Z,73.1,66.7,71.3,71.3,65.4
פוריה,73.1,2022-04-30T00:00:00.000Z,73.1,66.7,71.3,71.3,65.4
פוריה,73.1,2022-04-30T00:00:00.000Z,73.1,66.7,71.3,71.3,65.4
פוריה,73.1,2022-04-30T00:00:00.000Z,73.1,66.7,71.3,71.3,65.4
פוריה,73.1,2022-04-30T00:00:00.000Z,73.1,66.7,71.3,71.3,65.4
פוריה,73.1,2022-04-30T00:00:00.000Z,73.1,66.7,71.3,71.3,65.4
פוריה,73.1,2022-04-30T00:00:00.000Z,73.1,66.7,71.3,71.3,65.4
פוריה,73.1,2022-04-30T00:00:00.000Z,73.1,66.7,71.3,71.3,65.4
פוריה,73.1,2022-04-30T00:00:00.000Z,73.1,66.7,71.3,71.3,65.4
פוריה,73.1,2022-04-30T00:00:00.000Z,73.1,66.7,71.3,71.3,65.4
פוריה,73.1,2022-04-30T00:00:00.000Z,73.1,66.7,71.3,71.3,65.4
רבין ק. בילינסון,128.2,2022-04-30T00:00:00.000Z,116.7,92.5,93.7,86.8,85.4
רבין ק. בילינסון,128.2,2022-04-30T00:00:00.000Z,118.4,92.1,93.7,87.8,84.2
רבין ק. בילינסון,128.2,2022-04-30T00:00:00.000Z,120,91.8,93.7,88.7,83.1
רבין ק. בילינסון,128.2,2022-04-30T00:00:00.000Z,121.6,91.4,93.7,89.7,82
רבין ק. בילינסון,128.2,2022-04-30T00:00:00.000Z,123.3,91,93.7,90.7,80.8
רבין ק. בילינסון,128.2,2022-04-30T00:00:00.000Z,124.9,90.6,93.7,91.7,79.7
רבין ק. בילינסון,128.2,2022-04-30T00:00:00.000Z,126.6,90.2,93.7,92.7,78.5
רבין ק. בילינסון,128.2,2022-04-30T00:00:00.000Z,128.2,89.9,93.7,93.7,77.4
רבין ק. בילינסון,128.2,2022-04-30T00:00:00.000Z,128.2,89.9,93.7,93.7,77.4
רבין ק. בילינסון,128.2,2022-04-30T00:00:00.000Z,128.2,89.9,93.7,93.7,77.4
רבין ק. בילינסון,128.2,2022-04-30T00:00:00.000Z,128.2,89.9,93.7,93.7,77.4
רבין ק. בילינסון,128.2,2022-04-30T00:00:00.000Z,128.2,89.9,93.7,93.7,77.4
רבין ק. בילינסון,128.2,2022-04-30T00:00:00.000Z,128.2,89.9,93.7,93.7,77.4
רבין ק. בילינסון,128.2,2022-04-30T00:00:00.000Z,128.2,89.9,93.7,93.7,77.4
רבין ק. בילינסון,128.2,2022-04-30T00:00:00.000Z,128.2,89.9,93.7,93.7,77.4
רבין ק. בילינסון,128.2,2022-04-30T00:00:00.000Z,128.2,89.9,93.7,93.7,77.4
פוריה,73.1,2022-04-30T00:00:00.000Z,73.1,66.7,71.3,71.3,65.4
פוריה,73.1,2022-04-30T00:00:00.000Z,73.1,66.7,71.3,71.3,65.4
פוריה,73.1,2022-04-30T00:00:00.000Z,73.1,66.7,71.3,71.3,65.4
פוריה,73.1,2022-04-30T00:00:00.000Z,73.1,66.7,71.3,71.3,65.4
פוריה,73.1,2022-04-30T00:00:00.000Z,73.1,66.7,71.3,71.3,65.4
פוריה,73.1,2022-04-30T00:00:00.000Z,73.1,66.7,71.3,71.3,65.4
פוריה,73.1,2022-04-30T00:00:00.000Z,73.1,66.7,71.3,71.3,65.4
פוריה,73.1,2022-04-30T00:00:00.000Z,73.1,66.7,71.3,71.3,65.4
פוריה,73.1,2022-04-30T00:00:00.000Z,73.1,66.7,71.3,71.3,65.4
פוריה,73.1,2022-04-30T00:00:00.000Z,73.1,66.7,71.3,71.3,65.4
פוריה,73.1,2022-04-30T00:00:00.000Z,73.1,66.7,71.3,71.3,65.4
פוריה,73.1,2022-04-30T00:00:00.000Z,73.1,66.7,71.3,71.3,65.4
פוריה,73.1,2022-04-30T00:00:00.000Z,73.1,66.7,71.3,71.3,65.4
פוריה,73.1,2022-04-30T00:00:00.000Z,73.1,66.7,71.3,71.3,65.4
פוריה,73.1,2022-04-30T00:00:00.000Z,73.1,66.7,71.3,71.3,65.4
פוריה,73.1,2022-04-30T00:00:00.000Z,73.1,66.7,71.3,71.3,65.4
פוריה,73.1,2022-04-30T00:00:00.000Z,73.1,66.7,71.3,71.3,65.4
פוריה,73.1,2022-04-30T00:00:00.000Z,73.1,66.7,71.3,71.3,65.4
פוריה,73.1,2022-04-30T00:00:00.000Z,73.1,66.7,71.3,71.3,65.4
פוריה,73.1,2022-04-30T00:00:00.000Z,73.1,66.7,71.3,71.3,65.4
פוריה,73.1,2022-04-30T00:00:00.000Z,73.1,66.7,71.3,71.3,65.4
פוריה,73.1,2022-04-30T00:00:00.000Z,73.1,66.7,71.3,71.3,65.4
פוריה,73.1,2022-04-30T00:00:00.000Z,73.1,66.7,71.3,71.3,65.4
פוריה,73.1,2022-04-30T00:00:00.000Z,73.1,66.7,71.3,71.3,65.4
פוריה,73.1,2022-04-30T00:00:00.000Z,73.1,66.7,71.3,71.3,65.4
פוריה,73.1,2022-04-30T00:00:00.000Z,73.1,66.7,71.3,71.3,65.4
פוריה,73.1,2022-04-30T00:00:00.000Z,73.1,66.7,71.3,71.3,65.4
פוריה,73.1,2022-04-30T00:00:00.000Z,73.1,66.7,71.3,71.3,65.4
פוריה,73.1,2022-04-30T00:00:00.000Z,73.1,66.7,71.3,71.3,65.4
פוריה,73.1,2022-04-30T00:00:00.000Z,73.1,66.7,71.3,71.3,65.4
פוריה,73.1,2022-04-30T00:00:00.000Z,73.1,66.7,71.3,71.3,65.4
פוריה,73.1,2022-04-30T00:00:00.000Z,73.1,66.7,71.3,71.3,65.4
פוריה,73.1,2022-04-30T00:00:00.000Z,73.1,66.7,71.3,71.3,65.4
פוריה,73.1,2022-04-30T00:00:00.000Z,73.1,66.7,71.3,71.3,65.4
פוריה,73.1,2022-04-30T00:00:00.000Z,73.1,66.7,71.3,71.3,65.4
פוריה,73.1,2022-04-30T00:00:00.000Z,73.1,66.7,71.3,71.3,65.4
פוריה,73.1,2022-04-30T00:00:00.000Z,73.1,66.7,71.3,71.3,65.4
פוריה,73.1,2022-04-30T00:00:00.000Z,73.1,66.7,71.3,71.3,65.4
פוריה,73.1,2022-04-30T00:00:00.000Z,73.1,66.7,71.3,71.3,65.4
פוריה,73.1,2022-04-30T00:00:00.000Z,73.1,66.7,71.3,71.3,65.4
פוריה,73.1,2022-04-30T00:00:00.000Z,73.1,66.7,71.3,71.3,65.4
פוריה,73.1,2022-04-30T00:00:00.000Z,73.1,66.7,71.3,71.3,65.4
פוריה,73.1,2022-04-30T00:00:00.000Z,73.1,66.7,71.3,71.3,65.4
פוריה,73.1,2022-04-30T00:00:00.000Z,73.1,66.7,71.3,71.3,65.4
פוריה,73.1,2022-04-30T00:00:00.000Z,73.1,66.7,71.3,71.3,65.4
פוריה,73.1,2022-04-30T00:00:00.000Z,73.1,66.7,71.3,71.3,65.4
פוריה,73.1,2022-04-30T00:00:00.000Z,73.1,66.7,71.3,71.3,65.4
פוריה,73.1,2022-04-30T00:00:00.000Z,73.1,66.7,71.3,71.3,65.4
פוריה,73.1,2022-04-30T00:00:00.000Z,73.1,66.7,71.3,71.3,65.4
פוריה,73.1,2022-04-30T00:00:00.000Z,73.1,66.7,71.3,71.3,65.4
פוריה,73.1,2022-04-30T00:00:00.000Z,73.1,66.7,71.3,71.3,65.4
פוריה,73.1,2022-04-30T00:00:00.000Z,73.1,66.7,71.3,71.3,65.4
פוריה,73.1,2022-04-30T00:00:00.000Z,73.1,66.7,71.3,71.3,65.4
פוריה,73.1,2022-04-30T00:00:00.000Z,73.1,66.7,71.3,71.3,65.4
פוריה,73.1,2022-04-30T00:00:00.000Z,73.1,66.7,71.3,71.3,65.4
פוריה,73.1,2022-04-30T00:00:00.000Z,73.1,66.7,71.3,71.3,65.4
פוריה,73.1,2022-04-30T00:00:00.000Z,73.1,66.7,71.3,71.3,65.4
פוריה,73.1,2022-04-30T00:00:00.000Z,73.1,66.7,71.3,71.3,65.4
פוריה,73.1,2022-04-30T00:00:00.000Z,73.1,66.7,71.3,71.3,65.4
פוריה,73.1,2022-04-30T00:00:00.000Z,73.1,66.7,71.3,71.3,65.4
פוריה,73.1,2022-04-30T00:00:00.000Z,73.1,66.7,71.3,71.3,65.4
פוריה,73.1,2022-04-30T00:00:00.000Z,73.1,66.7,71.3,71.3,65.4
פוריה,73.1,2022-04-30T00:00:00.000Z,73.1,66.7,71.3,71.3,65.4
פוריה,73.1,2022-04-30T00:00:00.000Z,73.1,66.7,71.3,71.3,65.4
פוריה,73.1,2022-04-30T00:00:00.000Z,73.1,66.7,71.3,71.3,65.4
פוריה,73.1,2022-04-30T00:00:00.000Z,73.1,66.7,71.3,71.3,65.4
פוריה,73.1,2022-04-30T00:00:00.000Z,73.1,66.7,71.3,71.3,65.4
פוריה,73.1,2022-04-30T00:00:00.000Z,73.1,66.7,71.3,71.3,65.4
רבין ק. בילינסון,128.2,2022-04-30T00:00:00.000Z,128.2,89.9,93.7,93.7,77.4
רבין ק. בילינסון,128.2,2022-04-30T00:00:00.000Z,128.2,89.9,93.7,93.7,77.4
רבין ק. בילינסון,128.2,2022-04-30T00:00:00.000Z,128.2,89.9,93.7,93.7,77.4
רבין ק. בילינסון,128.2,2022-04-30T00:00:00.000Z,128.2,89.9,93.7,93.7,77.4
רבין ק. בילינסון,128.2,2022-04-30T00:00:00.000Z,128.2,89.9,93.7,93.7,77.4
רבין ק. בילינסון,128.2,2022-04-30T00:00:00.000Z,128.2,89.9,93.7,93.7,77.4
רבין ק. בילינסון,128.2,2022-04-30T00:00:00.000Z,128.2,89.9,93.7,93.7,77.4
רבין ק. בילינסון,128.2,2022-04-30T00:00:00.000Z,128.2,89.9,93.7,93.7,77.4
רבין ק. בילינסון,128.2,2022-04-30T00:00:00.000Z,128.2,89.9,93.7,93.7,77.4
רבין ק. בילינסון,128.2,2022-04-30T00:00:00.000Z,128.2,89.9,93.7,93.7,77.4
רבין ק. בילינסון,128.2,2022-04-30T00:00:00.000Z,128.2,89.9,93.7,93.7,77.4
רבין ק. בילינסון,128.2,2022-04-30T00:00:00.000Z,128.2,89.9,93.7,93.7,77.4
רבין ק. בילינסון,128.2,2022-04-30T00:00:00.000Z,128.2,89.9,93.7,93.7,77.4
רבין ק. בילינסון,128.2,2022-04-30T00:00:00.000Z,128.2,89.9,93.7,93.7,77.4
רבין ק. בילינסון,128.2,2022-04-30T00:00:00.000Z,128.2,89.9,93.7,93.7,77.4
רבין ק. בילינסון,128.2,2022-04-30T00:00:00.000Z,128.2,89.9,93.7,93.7,77.4
רבין ק. בילינסון,128.2,2022-04-30T00:00:00.000Z,128.2,89.9,93.7,93.7,77.4
רבין ק. בילינסון,128.2,2022-04-30T00:00:00.000Z,128.2,89.9,93.7,93.7,77.4
רבין ק. בילינסון,128.2,2022-04-30T00:00:00.000Z,128.2,89.9,93.7,93.7,77.4
רבין ק. בילינסון,128.2,2022-04-30T00:00:00.000Z,128.2,89.9,93.7,93.7,77.4
רבין ק. בילינסון,128.2,2022-04-30T00:00:00.000Z,128.2,89.9,93.7,93.7,77.4
רבין ק. בילינסון,128.2,2022-04-30T00:00:00.000Z,128.2,89.9,93.7,93.7,77.4
רבין ק. בילינסון,128.2,2022-04-30T00:00:00.000Z,128.2,89.9,93.7,93.7,77.4
רבין ק. בילינסון,128.2,2022-04-30T00:00:00.000Z,128.2,89.9,93.7,93.7,77.4
רבין ק. בילינסון,128.2,2022-04-30T00:00:00.000Z,128.2,89.9,93.7,93.7,77.4
רבין ק. בילינסון,128.2,2022-04-30T00:00:00.000Z,128.2,89.9,93.7,93.7,77.4
רבין ק. בילינסון,128.2,2022-04-30T00:00:00.000Z,128.2,89.9,93.7,93.7,77.4
רבין ק. בילינסון,128.2,2022-04-30T00:00:00.000Z,128.2,89.9,93.7,93.7,77.4
רבין ק. בילינסון,128.2,2022-04-30T00:00:00.000Z,128.2,89.9,93.7,93.7,77.4
רבין ק. בילינסון,128.2,2022-04-30T00:00:00.000Z,128.2,89.9,93.7,93.7,77.4
רבין ק. בילינסון,128.2,2022-04-30T00:00:00.000Z,128.2,89.9,93.7,93.7,77.4
רבין ק. בילינסון,128.2,2022-04-30T00:00:00.000Z,128.2,89.9,93.7,93.7,77.4
פוריה,73.1,2022-04-30T00:00:00.000Z,73.1,66.7,71.3,71.3,65.4
פוריה,73.1,2022-04-30T00:00:00.000Z,73.1,66.7,71.3,71.3,65.4
פוריה,73.1,2022-04-30T00:00:00.000Z,73.1,66.7,71.3,71.3,65.4
פוריה,73.1,2022-04-30T00:00:00.000Z,73.1,66.7,71.3,71.3,65.4
פוריה,73.1,2022-04-30T00:00:00.000Z,73.1,66.7,71.3,71.3,65.4
פוריה,73.1,2022-04-30T00:00:00.000Z,73.1,66.7,71.3,71.3,65.4
פוריה,73.1,2022-04-30T00:00:00.000Z,73.1,66.7,71.3,71.3,65.4
פוריה,73.1,2022-04-30T00:00:00.000Z,73.1,66.7,71.3,71.3,65.4
פוריה,73.1,2022-04-30T00:00:00.000Z,73.1,66.7,71.3,71.3,65.4
פוריה,73.1,2022-04-30T00:00:00.000Z,73.1,66.7,71.3,71.3,65.4
פוריה,73.1,2022-04-30T00:00:00.000Z,73.1,66.7,71.3,71.3,65.4
פוריה,73.1,2022-04-30T00:00:00.000Z,73.1,66.7,71.3,71.3,65.4
פוריה,73.1,2022-04-30T00:00:00.000Z,73.1,66.7,71.3,71.3,65.4
פוריה,73.1,2022-04-30T00:00:00.000Z,73.1,66.7,71.3,71.3,65.4
פוריה,73.1,2022-04-30T00:00:00.000Z,73.1,66.7,71.3,71.3,65.4
פוריה,73.1,2022-04-30T00:00:00.000Z,73.1,66.7,71.3,71.3,65.4
פוריה,73.1,2022-04-30T00:00:00.000Z,73.1,66.7,71.3,71.3,65.4
פוריה,73.1,2022-04-30T00:00:00.000Z,73.1,66.7,71.3,71.3,65.4
פוריה,73.1,2022-04-30T00:00:00.000Z,73.1,66.7,71.3,71.3,65.4
פוריה,73.1,2022-04-30T00:00:00.000Z,73.1,66.7,71.3,71.3,65.4
פוריה,73.1,2022-04-30T00:00:00.000Z,73.1,66.7,71.3,71.3,65.4
פוריה,73.1,2022-04-30T00:00:00.000Z,73.1,66.7,71.3,71.3,65.4
פוריה,73.1,2022-04-30T00:00:00.000Z,73.1,66.7,71.3,71.3,65.4
פוריה,73.1,2022-04-30T00:00:00.000Z,73.1,66.7,71.3,71.3,65.4
פוריה,73.1,2022-04-30T00:00:00.000Z,73.1,66.7,71.3,71.3,65.4
פוריה,73.1,2022-04-30T00:00:00.000Z,73.1,66.7,71.3,71.3,65.4
פוריה,73.1,2022-04-30T00:00:00.000Z,73.1,66.7,71.3,71.3,65.4
פוריה,73.1,2022-04-30T00:00:00.000Z,73.1,66.7,71.3,71.3,65.4
פוריה,73.1,2022-04-30T00:00:00.000Z,73.1,66.7,71.3,71.3,65.4
פוריה,73.1,2022-04-30T00:00:00.000Z,73.1,66.7,71.3,71.3,65.4
פוריה,73.1,2022-04-30T00:00:00.000Z,73.1,66.7,71.3,71.3,65.4
פוריה,73.1,2022-04-30T00:00:00.000Z,73.1,66.7,71.3,71.3,65.4
פוריה,73.1,2022-04-30T00:00:00.000Z,73.1,66.7,71.3,71.3,65.4
פוריה,73.1,2022-04-30T00:00:00.000Z,73.1,66.7,71.3,71.3,65.4
פוריה,73.1,2022-04-30T00:00:00.000Z,73.1,66.7,71.3,71.3,65.4
פוריה,73.1,2022-04-30T00:00:00.000Z,73.1,66.7,71.3,71.3,65.4
פוריה,73.1,2022-04-30T00:00:00.000Z,73.1,66.7,71.3,71.3,65.4
פוריה,73.1,2022-04-30T00:00:00.000Z,73.1,66.7,71.3,71.3,65.4
פוריה,73.1,2022-04-30T00:00:00.000Z,73.1,66.7,71.3,71.3,65.4
פוריה,73.1,2022-04-30T00:00:00.000Z,73.1,66.7,71.3,71.3,65.4
פוריה,73.1,2022-04-30T00:00:00.000Z,73.1,66.7,71.3,71.3,65.4
פוריה,73.1,2022-04-30T00:00:00.000Z,73.1,66.7,71.3,71.3,65.4
פוריה,73.1,2022-04-30T00:00:00.000Z,73.1,66.7,71.3,71.3,65.4
פוריה,73.1,2022-04-30T00:00:00.000Z,73.1,66.7,71.3,71.3,65.4
פוריה,73.1,2022-04-30T00:00:00.000Z,73.1,66.7,71.3,71.3,65.4
פוריה,73.1,2022-04-30T00:00:00.000Z,73.1,66.7,71.3,71.3,65.4
פוריה,73.1,2022-04-30T00:00:00.000Z,73.1,66.7,71.3,71.3,65.4
פוריה,73.1,2022-04-30T00:00:00.000Z,73.1,66.7,71.3,71.3,65.4
פוריה,73.1,2022-04-30T00:00:00.000Z,73.1,66.7,71.3,71.3,65.4
פוריה,73.1,2022-04-30T00:00:00.000Z,73.1,66.7,71.3,71.3,65.4
פוריה,73.1,2022-04-30T00:00:00.000Z,73.1,66.7,71.3,71.3,65.4
פוריה,73.1,2022-04-30T00:00:00.000Z,73.1,66.7,71.3,71.3,65.4
פוריה,73.1,2022-04-30T00:00:00.000Z,73.1,66.7,71.3,71.3,65.4
פוריה,73.1,2022-04-30T00:00:00.000Z,73.1,66.7,71.3,71.3,65.4
פוריה,73.1,2022-04-30T00:00:00.000Z,73.1,66.7,71.3,71.3,65.4
פוריה,73.1,2022-04-30T00:00:00.000Z,73.1,66.7,71.3,71.3,65.4
פוריה,73.1,2022-04-30T00:00:00.000Z,73.1,66.7,71.3,71.3,65.4
פוריה,73.1,2022-04-30T00:00:00.000Z,73.1,66.7,71.3,71.3,65.4
פוריה,73.1,2022-04-30T00:00:00.000Z,73.1,66.7,71.3,71.3,65.4
פוריה,73.1,2022-04-30T00:00:00.000Z,73.1,66.7,71.3,71.3,65.4
פוריה,73.1,2022-04-30T00:00:00.000Z,73.1,66.7,71.3,71.3,65.4
פוריה,73.1,2022-04-30T00:00:00.000Z,73.1,66.7,71.3,71.3,65.4
פוריה,73.1,2022-04-30T00:00:00.000Z,73.1,66.7,71.3,71.3,65.4
פוריה,73.1,2022-04-30T00:00:00.000Z,73.1,66.7,71.3,71.3,65.4
פוריה,73.1,2022-04-30T00:00:00.000Z,73.1,66.7,71.3,71.3,65.4
פוריה,73.1,2022-04-30T00:00:00.000Z,73.1,66.7,71.3,71.3,65.4
פוריה,73.1,2022-04-30T00:00:00.000Z,73.1,66.7,71.3,71.3,65.4
פוריה,73.1,2022-04-30T00:00:00.000Z,73.1,66.7,71.3,71.3,65.4
רבין ק. בילינסון,128.2,2022-04-30T00:00:00.000Z,128.2,89.9,93.7,93.7,77.4
רבין ק. בילינסון,128.2,2022-04-30T00:00:00.000Z,128.2,89.9,93.7,93.7,77.4
רבין ק. בילינסון,128.2,2022-04-30T00:00:00.000Z,128.2,89.9,93.7,93.7,77.4
רבין ק. בילינסון,128.2,2022-04-30T00:00:00.000Z,128.2,89.9,93.7,93.7,77.4
רבין ק. בילינסון,128.2,2022-04-30T00:00:00.000Z,128.2,89.9,93.7,93.7,77.4
רבין ק. בילינסון,128.2,2022-04-30T00:00:00.000Z,128.2,89.9,93.7,93.7,77.4
רבין ק. בילינסון,128.2,2022-04-30T00:00:00.000Z,128.2,89.9,93.7,93.7,77.4
רבין ק. בילינסון,128.2,2022-04-30T00:00:00.000Z,128.2,89.9,93.7,93.7,77.4
רבין ק. בילינסון,128.2,2022-04-30T00:00:00.000Z,128.2,89.9,93.7,93.7,77.4
רבין ק. בילינסון,128.2,2022-04-30T00:00:00.000Z,128.2,89.9,93.7,93.7,77.4
רבין ק. בילינסון,128.2,2022-04-30T00:00:00.000Z,128.2,89.9,93.7,93.7,77.4
רבין ק. בילינסון,128.2,2022-04-30T00:00:00.000Z,128.2,89.9,93.7,93.7,77.4
רבין ק. בילינסון,128.2,2022-04-30T00:00:00.000Z,128.2,89.9,93.7,93.7,77.4
רבין ק. בילינסון,128.2,2022-04-30T00:00:00.000Z,128.2,89.9,93.7,93.7,77.4
רבין ק. בילינסון,128.2,2022-04-30T00:00:00.000Z,128.2,89.9,93.7,93.7,77.4
רבין ק. בילינסון,128.2,2022-04-30T00:00:00.000Z,128.2,89.9,93.7,93.7,77.4
רבין ק. בילינסון,128.2,2022-04-30T00:00:00.000Z,128.2,89.9,93.7,93.7,77.4
רבין ק. בילינסון,128.2,2022-04-30T00:00:00.000Z,128.2,89.9,93.7,93.7,77.4
רבין ק. בילינסון,128.2,2022-04-30T00:00:00.000Z,128.2,89.9,93.7,93.7,77.4
רבין ק. בילינסון,128.2,2022-04-30T00:00:00.000Z,128.2,89.9,93.7,93.7,77.4
רבין ק. בילינסון,128.2,2022-04-30T00:00:00.000Z,128.2,89.9,93.7,93.7,77.4
רבין ק. בילינסון,128.2,2022-04-30T00:00:00.000Z,128.2,89.9,93.7,93.7,77.4
רבין ק. בילינסון,128.2,2022-04-30T00:00:00.000Z,128.2,89.9,93.7,93.7,77.4
רבין ק. בילינסון,128.2,2022-04-30T00:00:00.000Z,128.2,89.9,93.7,93.7,77.4
רבין ק. בילינסון,128.2,2022-04-30T00:00:00.000Z,128.2,89.9,93.7,93.7,77.4
רבין ק. בילינסון,128.2,2022-04-30T00:00:00.000Z,128.2,89.9,93.7,93.7,77.4
רבין ק. בילינסון,128.2,2022-04-30T00:00:00.000Z,128.2,89.9,93.7,93.7,77.4
רבין ק. בילינסון,128.2,2022-04-30T00:00:00.000Z,128.2,89.9,93.7,93.7,77.4
רבין ק. בילינסון,128.2,2022-04-30T00:00:00.000Z,128.2,89.9,93.7,93.7,77.4
רבין ק. בילינסון,128.2,2022-04-30T00:00:00.000Z,128.2,89.9,93.7,93.7,77.4
רבין ק. בילינסון,128.2,2022-04-30T00:00:00.000Z,128.2,89.9,93.7,93.7,77.4
רבין ק. בילינסון,128.2,2022-04-30T00:00:00.000Z,128.2,89.9,93.7,93.7,77.4
רבין ק. בילינסון,128.2,2022-04-30T00:00:00.000Z,128.2,89.9,93.7,93.7,77.4
רבין ק. בילינסון,128.2,2022-04-30T00:00:00.000Z,128.2,89.9,93.7,93.7,77.4
רבין ק. בילינסון,128.2,2022-04-30T00:00:00.000Z,128.2,89.9,93.7,93.7,77.4
רבין ק. בילינסון,128.2,2022-04-30T00:00:00.000Z,128.2,89.9,93.7,93.7,77.4
רבין ק. בילינסון,128.2,2022-04-30T00:00:00.000Z,128.2,89.9,93.7,93.7,77.4
רבין ק. בילינסון,128.2,2022-04-30T00:00:00.000Z,128.2,89.9,93.7,93.7,77.4
רבין ק. בילינסון,128.2,2022-04-30T00:00:00.000Z,128.2,89.9,93.7,93.7,77.4
רבין ק. בילינסון,128.2,2022-04-30T00:00:00.000Z,128.2,89.9,93.7,93.7,77.4
רבין ק. בילינסון,128.2,2022-04-30T00:00:00.000Z,128.2,89.9,93.7,93.7,77.4
רבין ק. בילינסון,128.2,2022-04-30T00:00:00.000Z,128.2,89.9,93.7,93.7,77.4
רבין ק. בילינסון,128.2,2022-04-30T00:00:00.000Z,128.2,89.9,93.7,93.7,77.4
רבין ק. בילינסון,128.2,2022-04-30T00:00:00.000Z,128.2,89.9,93.7,93.7,77.4
רבין ק. בילינסון,128.2,2022-04-30T00:00:00.000Z,128.2,89.9,93.7,93.7,77.4
רבין ק. בילינסון,128.2,2022-04-30T00:00:00.000Z,128.2,89.9,93.7,93.7,77.4
רבין ק. בילינסון,128.2,2022-04-30T00:00:00.000Z,128.2,89.9,93.7,93.7,77.4
רבין ק. בילינסון,128.2,2022-04-30T00:00:00.000Z,128.2,89.9,93.7,93.7,77.4
רבין ק. בילינסון,128.2,2022-04-30T00:00:00.000Z,128.2,89.9,93.7,93.7,77.4
רבין ק. בילינסון,128.2,2022-04-30T00:00:00.000Z,128.2,89.9,93.7,93.7,77.4
רבין ק. בילינסון,128.2,2022-04-30T00:00:00.000Z,128.2,89.9,93.7,93.7,77.4
רבין ק. בילינסון,128.2,2022-04-30T00:00:00.000Z,128.2,89.9,93.7,93.7,77.4
רבין ק. בילינסון,128.2,2022-04-30T00:00:00.000Z,128.2,89.9,93.7,93.7,77.4
רבין ק. בילינסון,128.2,2022-04-30T00:00:00.000Z,128.2,89.9,93.7,93.7,77.4
רבין ק. בילינסון,128.2,2022-04-30T00:00:00.000Z,128.2,89.9,93.7,93.7,77.4
רבין ק. בילינסון,128.2,2022-04-30T00:00:00.000Z,128.2,89.9,93.7,93.7,77.4
רבין ק. בילינסון,128.2,2022-04-30T00:00:00.000Z,128.2,89.9,93.7,93.7,77.4
רבין ק. בילינסון,128.2,2022-04-30T00:00:00.000Z,128.2,89.9,93.7,93.7,77.4
רבין ק. בילינסון,128.2,2022-04-30T00:00:00.000Z,128.2,89.9,93.7,93.7,77.4
רבין ק. בילינסון,128.2,2022-04-30T00:00:00.000Z,128.2,89.9,93.7,93.7,77.4
רבין ק. בילינסון,128.2,2022-04-30T00:00:00.000Z,128.2,89.9,93.7,93.7,77.4
רבין ק. בילינסון,128.2,2022-04-30T00:00:00.000Z,128.2,89.9,93.7,93.7,77.4
רבין ק. בילינסון,128.2,2022-04-30T00:00:00.000Z,128.2,89.9,93.7,93.7,77.4
רבין ק. בילינסון,128.2,2022-04-30T00:00:00.000Z,128.2,89.9,93.7,93.7,77.4
שיבא,111.7,2022-04-30T00:00:00.000Z,111.7,84.1,105.6,105.6,93.9
שיבא,111.7,2022-04-30T00:00:00.000Z,111.7,84.1,105.6,105.6,93.9
שיבא,111.7,2022-04-30T00:00:00.000Z,111.7,84.1,105.6,105.6,93.9
שיבא,111.7,2022-04-30T00:00:00.000Z,111.7,84.1,105.6,105.6,93.9
שיבא,111.7,2022-04-30T00:00:00.000Z,111.7,84.1,105.6,105.6,93.9
שיבא,111.7,2022-04-30T00:00:00.000Z,111.7,84.1,105.6,105.6,93.9
שיבא,111.7,2022-04-30T00:00:00.000Z,111.7,84.1,105.6,105.6,93.9
שיבא,111.7,2022-04-30T00:00:00.000Z,111.7,84.1,105.6,105.6,93.9
שיבא,111.7,2022-04-30T00:00:00.000Z,111.7,84.1,105.6,105.6,93.9
שיבא,111.7,2022-04-30T00:00:00.000Z,111.7,84.1,105.6,105.6,93.9
שיבא,111.7,2022-04-30T00:00:00.000Z,111.7,84.1,105.6,105.6,93.9
שיבא,111.7,2022-04-30T00:00:00.000Z,111.7,84.1,105.6,105.6,93.9
שיבא,111.7,2022-04-30T00:00:00.000Z,111.7,84.1,105.6,105.6,93.9
שיבא,111.7,2022-04-30T00:00:00.000Z,111.7,84.1,105.6,105.6,93.9
שיבא,111.7,2022-04-30T00:00:00.000Z,111.7,84.1,105.6,105.6,93.9
שיבא,111.7,2022-04-30T00:00:00.000Z,111.7,84.1,105.6,105.6,93.9
שיבא,111.7,2022-04-30T00:00:00.000Z,111.7,84.1,105.6,105.6,93.9
שיבא,111.7,2022-04-30T00:00:00.000Z,111.7,84.1,105.6,105.6,93.9
שיבא,111.7,2022-04-30T00:00:00.000Z,111.7,84.1,105.6,105.6,93.9
שיבא,111.7,2022-04-30T00:00:00.000Z,111.7,84.1,105.6,105.6,93.9
שיבא,111.7,2022-04-30T00:00:00.000Z,111.7,84.1,105.6,105.6,93.9
שיבא,111.7,2022-04-30T00:00:00.000Z,111.7,84.1,105.6,105.6,93.9
שיבא,111.7,2022-04-30T00:00:00.000Z,111.7,84.1,105.6,105.6,93.9
שיבא,111.7,2022-04-30T00:00:00.000Z,111.7,84.1,105.6,105.6,93.9
שיבא,111.7,2022-04-30T00:00:00.000Z,111.7,84.1,105.6,105.6,93.9
שיבא,111.7,2022-04-30T00:00:00.000Z,111.7,84.1,105.6,105.6,93.9
שיבא,111.7,2022-04-30T00:00:00.000Z,111.7,84.1,105.6,105.6,93.9
שיבא,111.7,2022-04-30T00:00:00.000Z,111.7,84.1,105.6,105.6,93.9
שיבא,111.7,2022-04-30T00:00:00.000Z,111.7,84.1,105.6,105.6,93.9
שיבא,111.7,2022-04-30T00:00:00.000Z,111.7,84.1,105.6,105.6,93.9
שיבא,111.7,2022-04-30T00:00:00.000Z,111.7,84.1,105.6,105.6,93.9
שיבא,111.7,2022-04-30T00:00:00.000Z,111.7,84.1,105.6,105.6,93.9
שיבא,111.7,2022-04-30T00:00:00.000Z,111.7,84.1,105.6,105.6,93.9
שיבא,111.7,2022-04-30T00:00:00.000Z,111.7,84.1,105.6,105.6,93.9
שיבא,111.7,2022-04-30T00:00:00.000Z,111.7,84.1,105.6,105.6,93.9
איכילוב,87,2022-04-30T00:00:00.000Z,79.3,80.3,107.7,95.6,114.1
איכילוב,87,2022-04-30T00:00:00.000Z,80.4,79.6,107.7,97.3,111.5
איכילוב,87,2022-04-30T00:00:00.000Z,81.5,78.9,107.7,99,108.9
איכילוב,87,2022-04-30T00:00:00.000Z,82.6,78.2,107.7,100.8,106.3
איכילוב,87,2022-04-30T00:00:00.000Z,83.7,77.5,107.7,102.5,103.7
איכילוב,87,2022-04-30T00:00:00.000Z,84.8,76.8,107.7,104.2,101.1
איכילוב,87,2022-04-30T00:00:00.000Z,85.9,76,107.7,106,98.5
איכילוב,87,2022-04-30T00:00:00.000Z,87,75.3,107.7,107.7,95.9
איכילוב,87,2022-04-30T00:00:00.000Z,87,75.3,107.7,107.7,95.9
איכילוב,87,2022-04-30T00:00:00.000Z,87,75.3,107.7,107.7,95.9
איכילוב,87,2022-04-30T00:00:00.000Z,87,75.3,107.7,107.7,95.9
איכילוב,87,2022-04-30T00:00:00.000Z,87,75.3,107.7,107.7,95.9
איכילוב,87,2022-04-30T00:00:00.000Z,87,75.3,107.7,107.7,95.9
איכילוב,87,2022-04-30T00:00:00.000Z,87,75.3,107.7,107.7,95.9
איכילוב,87,2022-04-30T00:00:00.000Z,87,75.3,107.7,107.7,95.9
איכילוב,87,2022-04-30T00:00:00.000Z,87,75.3,107.7,107.7,95.9
איכילוב,87,2022-04-30T00:00:00.000Z,87,75.3,107.7,107.7,95.9
איכילוב,87,2022-04-30T00:00:00.000Z,87,75.3,107.7,107.7,95.9
איכילוב,87,2022-04-30T00:00:00.000Z,87,75.3,107.7,107.7,95.9
איכילוב,87,2022-04-30T00:00:00.000Z,87,75.3,107.7,107.7,95.9
איכילוב,87,2022-04-30T00:00:00.000Z,87,75.3,107.7,107.7,95.9
איכילוב,87,2022-04-30T00:00:00.000Z,87,75.3,107.7,107.7,95.9
איכילוב,87,2022-04-30T00:00:00.000Z,87,75.3,107.7,107.7,95.9
איכילוב,87,2022-04-30T00:00:00.000Z,87,75.3,107.7,107.7,95.9
איכילוב,87,2022-04-30T00:00:00.000Z,87,75.3,107.7,107.7,95.9
איכילוב,87,2022-04-30T00:00:00.000Z,87,75.3,107.7,107.7,95.9
איכילוב,87,2022-04-30T00:00:00.000Z,87,75.3,107.7,107.7,95.9
איכילוב,87,2022-04-30T00:00:00.000Z,87,75.3,107.7,107.7,95.9
איכילוב,87,2022-04-30T00:00:00.000Z,87,75.3,107.7,107.7,95.9
איכילוב,87,2022-04-30T00:00:00.000Z,87,75.3,107.7,107.7,95.9
איכילוב,87,2022-04-30T00:00:00.000Z,87,75.3,107.7,107.7,95.9
איכילוב,87,2022-04-30T00:00:00.000Z,87,75.3,107.7,107.7,95.9
איכילוב,87,2022-04-30T00:00:00.000Z,87,75.3,107.7,107.7,95.9
איכילוב,87,2022-04-30T00:00:00.000Z,87,75.3,107.7,107.7,95.9
איכילוב,87,2022-04-30T00:00:00.000Z,87,75.3,107.7,107.7,95.9
איכילוב,87,2022-04-30T00:00:00.000Z,87,75.3,107.7,107.7,95.9
איכילוב,87,2022-04-30T00:00:00.000Z,87,75.3,107.7,107.7,95.9
איכילוב,87,2022-04-30T00:00:00.000Z,87,75.3,107.7,107.7,95.9
איכילוב,87,2022-04-30T00:00:00.000Z,87,75.3,107.7,107.7,95.9
איכילוב,87,2022-04-30T00:00:00.000Z,87,75.3,107.7,107.7,95.9
איכילוב,87,2022-04-30T00:00:00.000Z,87,75.3,107.7,107.7,95.9
איכילוב,87,2022-04-30T00:00:00.000Z,87,75.3,107.7,107.7,95.9
איכילוב,87,2022-04-30T00:00:00.000Z,87,75.3,107.7,107.7,95.9
איכילוב,87,2022-04-30T00:00:00.000Z,87,75.3,107.7,107.7,95.9
איכילוב,87,2022-04-30T00:00:00.000Z,87,75.3,107.7,107.7,95.9
איכילוב,87,2022-04-30T00:00:00.000Z,87,75.3,107.7,107.7,95.9
איכילוב,87,2022-04-30T00:00:00.000Z,87,75.3,107.7,107.7,95.9
איכילוב,87,2022-04-30T00:00:00.000Z,87,75.3,107.7,107.7,95.9
איכילוב,87,2022-04-30T00:00:00.000Z,87,75.3,107.7,107.7,95.9
איכילוב,87,2022-04-30T00:00:00.000Z,87,75.3,107.7,107.7,95.9
איכילוב,87,2022-04-30T00:00:00.000Z,87,75.3,107.7,107.7,95.9
איכילוב,87,2022-04-30T00:00:00.000Z,87,75.3,107.7,107.7,95.9
איכילוב,87,2022-04-30T00:00:00.000Z,87,75.3,107.7,107.7,95.9
איכילוב,87,2022-04-30T00:00:00.000Z,87,75.3,107.7,107.7,95.9
איכילוב,87,2022-04-30T00:00:00.000Z,87,75.3,107.7,107.7,95.9
איכילוב,87,2022-04-30T00:00:00.000Z,87,75.3,107.7,107.7,95.9
איכילוב,87,2022-04-30T00:00:00.000Z,87,75.3,107.7,107.7,95.9
איכילוב,87,2022-04-30T00:00:00.000Z,87,75.3,107.7,107.7,95.9
איכילוב,87,2022-04-30T00:00:00.000Z,87,75.3,107.7,107.7,95.9
איכילוב,87,2022-04-30T00:00:00.000Z,87,75.3,107.7,107.7,95.9
איכילוב,87,2022-04-30T00:00:00.000Z,87,75.3,107.7,107.7,95.9
איכילוב,87,2022-04-30T00:00:00.000Z,87,75.3,107.7,107.7,95.9
איכילוב,87,2022-04-30T00:00:00.000Z,87,75.3,107.7,107.7,95.9
איכילוב,87,2022-04-30T00:00:00.000Z,87,75.3,107.7,107.7,95.9
איכילוב,87,2022-04-30T00:00:00.000Z,87,75.3,107.7,107.7,95.9
איכילוב,87,2022-04-30T00:00:00.000Z,87,75.3,107.7,107.7,95.9
איכילוב,87,2022-04-30T00:00:00.000Z,87,75.3,107.7,107.7,95.9
איכילוב,87,2022-04-30T00:00:00.000Z,87,75.3,107.7,107.7,95.9
איכילוב,87,2022-04-30T00:00:00.000Z,87,75.3,107.7,107.7,95.9
איכילוב,87,2022-04-30T00:00:00.000Z,87,75.3,107.7,107.7,95.9
איכילוב,87,2022-04-30T00:00:00.000Z,87,75.3,107.7,107.7,95.9
איכילוב,87,2022-04-30T00:00:00.000Z,87,75.3,107.7,107.7,95.9
איכילוב,87,2022-04-30T00:00:00.000Z,87,75.3,107.7,107.7,95.9
איכילוב,87,2022-04-30T00:00:00.000Z,87,75.3,107.7,107.7,95.9
איכילוב,87,2022-04-30T00:00:00.000Z,87,75.3,107.7,107.7,95.9
איכילוב,87,2022-04-30T00:00:00.000Z,87,75.3,107.7,107.7,95.9
איכילוב,87,2022-04-30T00:00:00.000Z,87,75.3,107.7,107.7,95.9
איכילוב,87,2022-04-30T00:00:00.000Z,87,75.3,107.7,107.7,95.9
איכילוב,87,2022-04-30T00:00:00.000Z,87,75.3,107.7,107.7,95.9
איכילוב,87,2022-04-30T00:00:00.000Z,87,75.3,107.7,107.7,95.9
איכילוב,87,2022-04-30T00:00:00.000Z,87,75.3,107.7,107.7,95.9
איכילוב,87,2022-04-30T00:00:00.000Z,87,75.3,107.7,107.7,95.9
איכילוב,87,2022-04-30T00:00:00.000Z,87,75.3,107.7,107.7,95.9
איכילוב,87,2022-04-30T00:00:00.000Z,87,75.3,107.7,107.7,95.9
איכילוב,87,2022-04-30T00:00:00.000Z,87,75.3,107.7,107.7,95.9
איכילוב,87,2022-04-30T00:00:00.000Z,87,75.3,107.7,107.7,95.9
איכילוב,87,2022-04-30T00:00:00.000Z,87,75.3,107.7,107.7,95.9
איכילוב,87,2022-04-30T00:00:00.000Z,87,75.3,107.7,107.7,95.9
איכילוב,87,2022-04-30T00:00:00.000Z,87,75.3,107.7,107.7,95.9
איכילוב,87,2022-04-30T00:00:00.000Z,87,75.3,107.7,107.7,95.9
איכילוב,87,2022-04-30T00:00:00.000Z,87,75.3,107.7,107.7,95.9
איכילוב,87,2022-04-30T00:00:00.000Z,87,75.3,107.7,107.7,95.9
איכילוב,87,2022-04-30T00:00:00.000Z,87,75.3,107.7,107.7,95.9
איכילוב,87,2022-04-30T00:00:00.000Z,87,75.3,107.7,107.7,95.9
איכילוב,87,2022-04-30T00:00:00.000Z,87,75.3,107.7,107.7,95.9
איכילוב,87,2022-04-30T00:00:00.000Z,87,75.3,107.7,107.7,95.9
איכילוב,87,2022-04-30T00:00:00.000Z,87,75.3,107.7,107.7,95.9
איכילוב,87,2022-04-30T00:00:00.000Z,87,75.3,107.7,107.7,95.9
איכילוב,87,2022-04-30T00:00:00.000Z,87,75.3,107.7,107.7,95.9
איכילוב,87,2022-04-30T00:00:00.000Z,87,75.3,107.7,107.7,95.9
איכילוב,87,2022-04-30T00:00:00.000Z,87,75.3,107.7,107.7,95.9
איכילוב,87,2022-04-30T00:00:00.000Z,87,75.3,107.7,107.7,95.9
איכילוב,87,2022-04-30T00:00:00.000Z,87,75.3,107.7,107.7,95.9
איכילוב,87,2022-04-30T00:00:00.000Z,87,75.3,107.7,107.7,95.9
איכילוב,87,2022-04-30T00:00:00.000Z,87,75.3,107.7,107.7,95.9
איכילוב,87,2022-04-30T00:00:00.000Z,87,75.3,107.7,107.7,95.9
איכילוב,87,2022-04-30T00:00:00.000Z,87,75.3,107.7,107.7,95.9
איכילוב,87,2022-04-30T00:00:00.000Z,87,75.3,107.7,107.7,95.9
איכילוב,87,2022-04-30T00:00:00.000Z,87,75.3,107.7,107.7,95.9
איכילוב,87,2022-04-30T00:00:00.000Z,87,75.3,107.7,107.7,95.9
איכילוב,87,2022-04-30T00:00:00.000Z,87,75.3,107.7,107.7,95.9
איכילוב,87,2022-04-30T00:00:00.000Z,87,75.3,107.7,107.7,95.9
איכילוב,87,2022-04-30T00:00:00.000Z,87,75.3,107.7,107.7,95.9
איכילוב,87,2022-04-30T00:00:00.000Z,87,75.3,107.7,107.7,95.9
איכילוב,87,2022-04-30T00:00:00.000Z,87,75.3,107.7,107.7,95.9
איכילוב,87,2022-04-30T00:00:00.000Z,87,75.3,107.7,107.7,95.9
איכילוב,87,2022-04-30T00:00:00.000Z,87,75.3,107.7,107.7,95.9
איכילוב,87,2022-04-30T00:00:00.000Z,87,75.3,107.7,107.7,95.9
איכילוב,87,2022-04-30T00:00:00.000Z,87,75.3,107.7,107.7,95.9
איכילוב,87,2022-04-30T00:00:00.000Z,87,75.3,107.7,107.7,95.9
איכילוב,87,2022-04-30T00:00:00.000Z,87,75.3,107.7,107.7,95.9
איכילוב,87,2022-04-30T00:00:00.000Z,87,75.3,107.7,107.7,95.9
איכילוב,87,2022-04-30T00:00:00.000Z,87,75.3,107.7,107.7,95.9
איכילוב,87,2022-04-30T00:00:00.000Z,87,75.3,107.7,107.7,95.9
איכילוב,87,2022-04-30T00:00:00.000Z,87,75.3,107.7,107.7,95.9
איכילוב,87,2022-04-30T00:00:00.000Z,87,75.3,107.7,107.7,95.9
איכילוב,87,2022-04-30T00:00:00.000Z,87,75.3,107.7,107.7,95.9
איכילוב,87,2022-04-30T00:00:00.000Z,87,75.3,107.7,107.7,95.9
איכילוב,87,2022-04-30T00:00:00.000Z,87,75.3,107.7,107.7,95.9
איכילוב,87,2022-04-30T00:00:00.000Z,87,75.3,107.7,107.7,95.9
איכילוב,87,2022-04-30T00:00:00.000Z,87,75.3,107.7,107.7,95.9
איכילוב,87,2022-04-30T00:00:00.000Z,87,75.3,107.7,107.7,95.9
איכילוב,87,2022-04-30T00:00:00.000Z,87,75.3,107.7,107.7,95.9
איכילוב,87,2022-04-30T00:00:00.000Z,87,75.3,107.7,107.7,95.9
איכילוב,87,2022-04-30T00:00:00.000Z,87,75.3,107.7,107.7,95.9
איכילוב,87,2022-04-30T00:00:00.000Z,87,75.3,107.7,107.7,95.9
איכילוב,87,2022-04-30T00:00:00.000Z,87,75.3,107.7,107.7,95.9
איכילוב,87,2022-04-30T00:00:00.000Z,87,75.3,107.7,107.7,95.9
איכילוב,87,2022-04-30T00:00:00.000Z,87,75.3,107.7,107.7,95.9
איכילוב,87,2022-04-30T00:00:00.000Z,87,75.3,107.7,107.7,95.9
איכילוב,87,2022-04-30T00:00:00.000Z,87,75.3,107.7,107.7,95.9
איכילוב,87,2022-04-30T00:00:00.000Z,87,75.3,107.7,107.7,95.9
איכילוב,87,2022-04-30T00:00:00.000Z,87,75.3,107.7,107.7,95.9
איכילוב,87,2022-04-30T00:00:00.000Z,87,75.3,107.7,107.7,95.9
איכילוב,87,2022-04-30T00:00:00.000Z,87,75.3,107.7,107.7,95.9
איכילוב,87,2022-04-30T00:00:00.000Z,87,75.3,107.7,107.7,95.9
איכילוב,87,2022-04-30T00:00:00.000Z,87,75.3,107.7,107.7,95.9
איכילוב,87,2022-04-30T00:00:00.000Z,87,75.3,107.7,107.7,95.9
איכילוב,87,2022-04-30T00:00:00.000Z,87,75.3,107.7,107.7,95.9
איכילוב,87,2022-04-30T00:00:00.000Z,87,75.3,107.7,107.7,95.9
איכילוב,87,2022-04-30T00:00:00.000Z,87,75.3,107.7,107.7,95.9
איכילוב,87,2022-04-30T00:00:00.000Z,87,75.3,107.7,107.7,95.9
איכילוב,87,2022-04-30T00:00:00.000Z,87,75.3,107.7,107.7,95.9
איכילוב,87,2022-04-30T00:00:00.000Z,87,75.3,107.7,107.7,95.9
איכילוב,87,2022-04-30T00:00:00.000Z,87,75.3,107.7,107.7,95.9
איכילוב,87,2022-04-30T00:00:00.000Z,87,75.3,107.7,107.7,95.9
איכילוב,87,2022-04-30T00:00:00.000Z,87,75.3,107.7,107.7,95.9
איכילוב,87,2022-04-30T00:00:00.000Z,87,75.3,107.7,107.7,95.9
איכילוב,87,2022-04-30T00:00:00.000Z,87,75.3,107.7,107.7,95.9
איכילוב,87,2022-04-30T00:00:00.000Z,87,75.3,107.7,107.7,95.9
איכילוב,87,2022-04-30T00:00:00.000Z,87,75.3,107.7,107.7,95.9
איכילוב,87,2022-04-30T00:00:00.000Z,87,75.3,107.7,107.7,95.9
איכילוב,87,2022-04-30T00:00:00.000Z,87,75.3,107.7,107.7,95.9
איכילוב,87,2022-04-30T00:00:00.000Z,87,75.3,107.7,107.7,95.9
איכילוב,87,2022-04-30T00:00:00.000Z,87,75.3,107.7,107.7,95.9
איכילוב,87,2022-04-30T00:00:00.000Z,87,75.3,107.7,107.7,95.9
איכילוב,87,2022-04-30T00:00:00.000Z,87,75.3,107.7,107.7,95.9
איכילוב,87,2022-04-30T00:00:00.000Z,87,75.3,107.7,107.7,95.9
איכילוב,87,2022-04-30T00:00:00.000Z,87,75.3,107.7,107.7,95.9
איכילוב,87,2022-04-30T00:00:00.000Z,87,75.3,107.7,107.7,95.9
איכילוב,87,2022-04-30T00:00:00.000Z,87,75.3,107.7,107.7,95.9
איכילוב,87,2022-04-30T00:00:00.000Z,87,75.3,107.7,107.7,95.9
איכילוב,87,2022-04-30T00:00:00.000Z,87,75.3,107.7,107.7,95.9
איכילוב,87,2022-04-30T00:00:00.000Z,87,75.3,107.7,107.7,95.9
איכילוב,87,2022-04-30T00:00:00.000Z,87,75.3,107.7,107.7,95.9
איכילוב,87,2022-04-30T00:00:00.000Z,87,75.3,107.7,107.7,95.9
איכילוב,87,2022-04-30T00:00:00.000Z,87,75.3,107.7,107.7,95.9
איכילוב,87,2022-04-30T00:00:00.000Z,87,75.3,107.7,107.7,95.9
איכילוב,87,2022-04-30T00:00:00.000Z,87,75.3,107.7,107.7,95.9
איכילוב,87,2022-04-30T00:00:00.000Z,87,75.3,107.7,107.7,95.9
איכילוב,87,2022-04-30T00:00:00.000Z,87,75.3,107.7,107.7,95.9
איכילוב,87,2022-04-30T00:00:00.000Z,87,75.3,107.7,107.7,95.9
איכילוב,87,2022-04-30T00:00:00.000Z,87,75.3,107.7,107.7,95.9
איכילוב,87,2022-04-30T00:00:00.000Z,87,75.3,107.7,107.7,95.9
איכילוב,87,2022-04-30T00:00:00.000Z,87,75.3,107.7,107.7,95.9
איכילוב,87,2022-04-30T00:00:00.000Z,87,75.3,107.7,107.7,95.9
איכילוב,87,2022-04-30T00:00:00.000Z,87,75.3,107.7,107.7,95.9
איכילוב,87,2022-04-30T00:00:00.000Z,87,75.3,107.7,107.7,95.9
איכילוב,87,2022-04-30T00:00:00.000Z,87,75.3,107.7,107.7,95.9
איכילוב,87,2022-04-30T00:00:00.000Z,87,75.3,107.7,107.7,95.9
איכילוב,87,2022-04-30T00:00:00.000Z,87,75.3,107.7,107.7,95.9
איכילוב,87,2022-04-30T00:00:00.000Z,87,75.3,107.7,107.7,95.9
איכילוב,87,2022-04-30T00:00:00.000Z,87,75.3,107.7,107.7,95.9
איכילוב,87,2022-04-30T00:00:00.000Z,87,75.3,107.7,107.7,95.9
איכילוב,87,2022-04-30T00:00:00.000Z,87,75.3,107.7,107.7,95.9
איכילוב,87,2022-04-30T00:00:00.000Z,87,75.3,107.7,107.7,95.9
איכילוב,87,2022-04-30T00:00:00.000Z,87,75.3,107.7,107.7,95.9
איכילוב,87,2022-04-30T00:00:00.000Z,87,75.3,107.7,107.7,95.9
איכילוב,87,2022-04-30T00:00:00.000Z,87,75.3,107.7,107.7,95.9
איכילוב,87,2022-04-30T00:00:00.000Z,87,75.3,107.7,107.7,95.9
איכילוב,87,2022-04-30T00:00:00.000Z,87,75.3,107.7,107.7,95.9
איכילוב,87,2022-04-30T00:00:00.000Z,87,75.3,107.7,107.7,95.9
איכילוב,87,2022-04-30T00:00:00.000Z,87,75.3,107.7,107.7,95.9
איכילוב,87,2022-04-30T00:00:00.000Z,87,75.3,107.7,107.7,95.9
איכילוב,87,2022-04-30T00:00:00.000Z,87,75.3,107.7,107.7,95.9
איכילוב,87,2022-04-30T00:00:00.000Z,87,75.3,107.7,107.7,95.9
איכילוב,87,2022-04-30T00:00:00.000Z,87,75.3,107.7,107.7,95.9
איכילוב,87,2022-04-30T00:00:00.000Z,87,75.3,107.7,107.7,95.9
איכילוב,87,2022-04-30T00:00:00.000Z,87,75.3,107.7,107.7,95.9
איכילוב,87,2022-04-30T00:00:00.000Z,87,75.3,107.7,107.7,95.9
איכילוב,87,2022-04-30T00:00:00.000Z,87,75.3,107.7,107.7,95.9
איכילוב,87,2022-04-30T00:00:00.000Z,87,75.3,107.7,107.7,95.9
איכילוב,87,2022-04-30T00:00:00.000Z,87,75.3,107.7,107.7,95.9
איכילוב,87,2022-04-30T00:00:00.000Z,87,75.3,107.7,107.7,95.9
איכילוב,87,2022-04-30T00:00:00.000Z,87,75.3,107.7,107.7,95.9
איכילוב,87,2022-04-30T00:00:00.000Z,87,75.3,107.7,107.7,95.9
איכילוב,87,2022-04-30T00:00:00.000Z,87,75.3,107.7,107.7,95.9
איכילוב,87,2022-04-30T00:00:00.000Z,87,75.3,107.7,107.7,95.9
איכילוב,87,2022-04-30T00:00:00.000Z,87,75.3,107.7,107.7,95.9
איכילוב,87,2022-04-30T00:00:00.000Z,87,75.3,107.7,107.7,95.9
איכילוב,87,2022-04-30T00:00:00.000Z,87,75.3,107.7,107.7,95.9
איכילוב,87,2022-04-30T00:00:00.000Z,87,75.3,107.7,107.7,95.9
איכילוב,87,2022-04-30T00:00:00.000Z,87,75.3,107.7,107.7,95.9
איכילוב,87,2022-04-30T00:00:00.000Z,87,75.3,107.7,107.7,95.9
איכילוב,87,2022-04-30T00:00:00.000Z,87,75.3,107.7,107.7,95.9
המרכזי בעמק,102.6,2022-04-30T00:00:00.000Z,96.1,85.2,70.8,64.3,67.2
המרכזי בעמק,102.6,2022-04-30T00:00:00.000Z,97.1,86.3,70.8,65.3,67.1
המרכזי בעמק,102.6,2022-04-30T00:00:00.000Z,98,87.4,70.8,66.2,67
המרכזי בעמק,102.6,2022-04-30T00:00:00.000Z,98.9,88.5,70.8,67.1,66.9
המרכזי בעמק,102.6,2022-04-30T00:00:00.000Z,99.8,89.6,70.8,68.1,66.8
רבין ק. השרון,65.8,2022-04-30T00:00:00.000Z,66.7,59.6,60.6,57.3,61
רבין ק. השרון,65.8,2022-04-30T00:00:00.000Z,66.5,60,60.6,57.7,59.4
רבין ק. השרון,65.8,2022-04-30T00:00:00.000Z,66.4,60.4,60.6,58.2,57.8
רבין ק. השרון,65.8,2022-04-30T00:00:00.000Z,66.3,60.8,60.6,58.7,56.2
רבין ק. השרון,65.8,2022-04-30T00:00:00.000Z,66.2,61.2,60.6,59.2,54.6
רבין ק. השרון,65.8,2022-04-30T00:00:00.000Z,66,61.5,60.6,59.6,53
רבין ק. השרון,65.8,2022-04-30T00:00:00.000Z,65.9,61.9,60.6,60.1,51.4
רבין ק. השרון,65.8,2022-04-30T00:00:00.000Z,65.8,62.3,60.6,60.6,49.8
רבין ק. השרון,65.8,2022-04-30T00:00:00.000Z,65.8,62.3,60.6,60.6,49.8
רבין ק. השרון,65.8,2022-04-30T00:00:00.000Z,65.8,62.3,60.6,60.6,49.8
רבין ק. השרון,65.8,2022-04-30T00:00:00.000Z,65.8,62.3,60.6,60.6,49.8
רבין ק. השרון,65.8,2022-04-30T00:00:00.000Z,65.8,62.3,60.6,60.6,49.8
רבין ק. השרון,65.8,2022-04-30T00:00:00.000Z,65.8,62.3,60.6,60.6,49.8
רבין ק. השרון,65.8,2022-04-30T00:00:00.000Z,65.8,62.3,60.6,60.6,49.8
רבין ק. השרון,65.8,2022-04-30T00:00:00.000Z,65.8,62.3,60.6,60.6,49.8
רבין ק. השרון,65.8,2022-04-30T00:00:00.000Z,65.8,62.3,60.6,60.6,49.8
רבין ק. השרון,65.8,2022-04-30T00:00:00.000Z,65.8,62.3,60.6,60.6,49.8
רבין ק. השרון,65.8,2022-04-30T00:00:00.000Z,65.8,62.3,60.6,60.6,49.8
רבין ק. השרון,65.8,2022-04-30T00:00:00.000Z,65.8,62.3,60.6,60.6,49.8
רבין ק. השרון,65.8,2022-04-30T00:00:00.000Z,65.8,62.3,60.6,60.6,49.8
רבין ק. השרון,65.8,2022-04-30T00:00:00.000Z,65.8,62.3,60.6,60.6,49.8
רבין ק. השרון,65.8,2022-04-30T00:00:00.000Z,65.8,62.3,60.6,60.6,49.8
רבין ק. השרון,65.8,2022-04-30T00:00:00.000Z,65.8,62.3,60.6,60.6,49.8
רבין ק. השרון,65.8,2022-04-30T00:00:00.000Z,65.8,62.3,60.6,60.6,49.8
רבין ק. השרון,65.8,2022-04-30T00:00:00.000Z,65.8,62.3,60.6,60.6,49.8
רבין ק. השרון,65.8,2022-04-30T00:00:00.000Z,65.8,62.3,60.6,60.6,49.8
רבין ק. השרון,65.8,2022-04-30T00:00:00.000Z,65.8,62.3,60.6,60.6,49.8
רבין ק. השרון,65.8,2022-04-30T00:00:00.000Z,65.8,62.3,60.6,60.6,49.8
רבין ק. השרון,65.8,2022-04-30T00:00:00.000Z,65.8,62.3,60.6,60.6,49.8
רבין ק. השרון,65.8,2022-04-30T00:00:00.000Z,65.8,62.3,60.6,60.6,49.8
רבין ק. השרון,65.8,2022-04-30T00:00:00.000Z,65.8,62.3,60.6,60.6,49.8
רבין ק. השרון,65.8,2022-04-30T00:00:00.000Z,65.8,62.3,60.6,60.6,49.8
רבין ק. השרון,65.8,2022-04-30T00:00:00.000Z,65.8,62.3,60.6,60.6,49.8
רבין ק. השרון,65.8,2022-04-30T00:00:00.000Z,65.8,62.3,60.6,60.6,49.8
רבין ק. השרון,65.8,2022-04-30T00:00:00.000Z,65.8,62.3,60.6,60.6,49.8
רבין ק. השרון,65.8,2022-04-30T00:00:00.000Z,65.8,62.3,60.6,60.6,49.8
רבין ק. השרון,65.8,2022-04-30T00:00:00.000Z,65.8,62.3,60.6,60.6,49.8
רבין ק. השרון,65.8,2022-04-30T00:00:00.000Z,65.8,62.3,60.6,60.6,49.8
רבין ק. השרון,65.8,2022-04-30T00:00:00.000Z,65.8,62.3,60.6,60.6,49.8
רבין ק. השרון,65.8,2022-04-30T00:00:00.000Z,65.8,62.3,60.6,60.6,49.8
רבין ק. השרון,65.8,2022-04-30T00:00:00.000Z,65.8,62.3,60.6,60.6,49.8
רבין ק. השרון,65.8,2022-04-30T00:00:00.000Z,65.8,62.3,60.6,60.6,49.8
רבין ק. השרון,65.8,2022-04-30T00:00:00.000Z,65.8,62.3,60.6,60.6,49.8
רבין ק. השרון,65.8,2022-04-30T00:00:00.000Z,65.8,62.3,60.6,60.6,49.8
רבין ק. השרון,65.8,2022-04-30T00:00:00.000Z,65.8,62.3,60.6,60.6,49.8
רבין ק. השרון,65.8,2022-04-30T00:00:00.000Z,65.8,62.3,60.6,60.6,49.8
רבין ק. השרון,65.8,2022-04-30T00:00:00.000Z,65.8,62.3,60.6,60.6,49.8
רבין ק. השרון,65.8,2022-04-30T00:00:00.000Z,65.8,62.3,60.6,60.6,49.8
רבין ק. השרון,65.8,2022-04-30T00:00:00.000Z,65.8,62.3,60.6,60.6,49.8
רבין ק. השרון,65.8,2022-04-30T00:00:00.000Z,65.8,62.3,60.6,60.6,49.8
רבין ק. השרון,65.8,2022-04-30T00:00:00.000Z,65.8,62.3,60.6,60.6,49.8
רבין ק. השרון,65.8,2022-04-30T00:00:00.000Z,65.8,62.3,60.6,60.6,49.8
רבין ק. השרון,65.8,2022-04-30T00:00:00.000Z,65.8,62.3,60.6,60.6,49.8
רבין ק. השרון,65.8,2022-04-30T00:00:00.000Z,65.8,62.3,60.6,60.6,49.8
רבין ק. השרון,65.8,2022-04-30T00:00:00.000Z,65.8,62.3,60.6,60.6,49.8
רבין ק. השרון,65.8,2022-04-30T00:00:00.000Z,65.8,62.3,60.6,60.6,49.8
רבין ק. השרון,65.8,2022-04-30T00:00:00.000Z,65.8,62.3,60.6,60.6,49.8
רבין ק. השרון,65.8,2022-04-30T00:00:00.000Z,65.8,62.3,60.6,60.6,49.8
רבין ק. השרון,65.8,2022-04-30T00:00:00.000Z,65.8,62.3,60.6,60.6,49.8
רבין ק. השרון,65.8,2022-04-30T00:00:00.000Z,65.8,62.3,60.6,60.6,49.8
רבין ק. השרון,65.8,2022-04-30T00:00:00.000Z,65.8,62.3,60.6,60.6,49.8
רבין ק. השרון,65.8,2022-04-30T00:00:00.000Z,65.8,62.3,60.6,60.6,49.8
רבין ק. השרון,65.8,2022-04-30T00:00:00.000Z,65.8,62.3,60.6,60.6,49.8
רבין ק. השרון,65.8,2022-04-30T00:00:00.000Z,65.8,62.3,60.6,60.6,49.8
רבין ק. השרון,65.8,2022-04-30T00:00:00.000Z,65.8,62.3,60.6,60.6,49.8
רבין ק. השרון,65.8,2022-04-30T00:00:00.000Z,65.8,62.3,60.6,60.6,49.8
רבין ק. השרון,65.8,2022-04-30T00:00:00.000Z,65.8,62.3,60.6,60.6,49.8
רבין ק. השרון,65.8,2022-04-30T00:00:00.000Z,65.8,62.3,60.6,60.6,49.8
רבין ק. השרון,65.8,2022-04-30T00:00:00.000Z,65.8,62.3,60.6,60.6,49.8
רבין ק. השרון,65.8,2022-04-30T00:00:00.000Z,65.8,62.3,60.6,60.6,49.8
רבין ק. השרון,65.8,2022-04-30T00:00:00.000Z,65.8,62.3,60.6,60.6,49.8
רבין ק. השרון,65.8,2022-04-30T00:00:00.000Z,65.8,62.3,60.6,60.6,49.8
רבין ק. השרון,65.8,2022-04-30T00:00:00.000Z,65.8,62.3,60.6,60.6,49.8
רבין ק. השרון,65.8,2022-04-30T00:00:00.000Z,65.8,62.3,60.6,60.6,49.8
רבין ק. השרון,65.8,2022-04-30T00:00:00.000Z,65.8,62.3,60.6,60.6,49.8
רבין ק. השרון,65.8,2022-04-30T00:00:00.000Z,65.8,62.3,60.6,60.6,49.8
רבין ק. השרון,65.8,2022-04-30T00:00:00.000Z,65.8,62.3,60.6,60.6,49.8
רבין ק. השרון,65.8,2022-04-30T00:00:00.000Z,65.8,62.3,60.6,60.6,49.8
רבין ק. השרון,65.8,2022-04-30T00:00:00.000Z,65.8,62.3,60.6,60.6,49.8
רבין ק. השרון,65.8,2022-04-30T00:00:00.000Z,65.8,62.3,60.6,60.6,49.8
רבין ק. השרון,65.8,2022-04-30T00:00:00.000Z,65.8,62.3,60.6,60.6,49.8
רבין ק. השרון,65.8,2022-04-30T00:00:00.000Z,65.8,62.3,60.6,60.6,49.8
רבין ק. השרון,65.8,2022-04-30T00:00:00.000Z,65.8,62.3,60.6,60.6,49.8
רבין ק. השרון,65.8,2022-04-30T00:00:00.000Z,65.8,62.3,60.6,60.6,49.8
רבין ק. השרון,65.8,2022-04-30T00:00:00.000Z,65.8,62.3,60.6,60.6,49.8
רבין ק. השרון,65.8,2022-04-30T00:00:00.000Z,65.8,62.3,60.6,60.6,49.8
רבין ק. השרון,65.8,2022-04-30T00:00:00.000Z,65.8,62.3,60.6,60.6,49.8
רבין ק. השרון,65.8,2022-04-30T00:00:00.000Z,65.8,62.3,60.6,60.6,49.8
רבין ק. השרון,65.8,2022-04-30T00:00:00.000Z,65.8,62.3,60.6,60.6,49.8
רבין ק. השרון,65.8,2022-04-30T00:00:00.000Z,65.8,62.3,60.6,60.6,49.8
רבין ק. השרון,65.8,2022-04-30T00:00:00.000Z,65.8,62.3,60.6,60.6,49.8
רבין ק. השרון,65.8,2022-04-30T00:00:00.000Z,65.8,62.3,60.6,60.6,49.8
רבין ק. השרון,65.8,2022-04-30T00:00:00.000Z,65.8,62.3,60.6,60.6,49.8
רבין ק. השרון,65.8,2022-04-30T00:00:00.000Z,65.8,62.3,60.6,60.6,49.8
רבין ק. השרון,65.8,2022-04-30T00:00:00.000Z,65.8,62.3,60.6,60.6,49.8
רבין ק. השרון,65.8,2022-04-30T00:00:00.000Z,65.8,62.3,60.6,60.6,49.8
רבין ק. השרון,65.8,2022-04-30T00:00:00.000Z,65.8,62.3,60.6,60.6,49.8
רבין ק. השרון,65.8,2022-04-30T00:00:00.000Z,65.8,62.3,60.6,60.6,49.8
רבין ק. השרון,65.8,2022-04-30T00:00:00.000Z,65.8,62.3,60.6,60.6,49.8
רבין ק. השרון,65.8,2022-04-30T00:00:00.000Z,65.8,62.3,60.6,60.6,49.8
רבין ק. השרון,65.8,2022-04-30T00:00:00.000Z,65.8,62.3,60.6,60.6,49.8
רבין ק. השרון,65.8,2022-04-30T00:00:00.000Z,65.8,62.3,60.6,60.6,49.8
רבין ק. השרון,65.8,2022-04-30T00:00:00.000Z,65.8,62.3,60.6,60.6,49.8
רבין ק. השרון,65.8,2022-04-30T00:00:00.000Z,65.8,62.3,60.6,60.6,49.8
רבין ק. השרון,65.8,2022-04-30T00:00:00.000Z,65.8,62.3,60.6,60.6,49.8
רבין ק. השרון,65.8,2022-04-30T00:00:00.000Z,65.8,62.3,60.6,60.6,49.8
רבין ק. השרון,65.8,2022-04-30T00:00:00.000Z,65.8,62.3,60.6,60.6,49.8
רבין ק. השרון,65.8,2022-04-30T00:00:00.000Z,65.8,62.3,60.6,60.6,49.8
רבין ק. השרון,65.8,2022-04-30T00:00:00.000Z,65.8,62.3,60.6,60.6,49.8
רבין ק. השרון,65.8,2022-04-30T00:00:00.000Z,65.8,62.3,60.6,60.6,49.8
רבין ק. השרון,65.8,2022-04-30T00:00:00.000Z,65.8,62.3,60.6,60.6,49.8
רבין ק. השרון,65.8,2022-04-30T00:00:00.000Z,65.8,62.3,60.6,60.6,49.8
רבין ק. השרון,65.8,2022-04-30T00:00:00.000Z,65.8,62.3,60.6,60.6,49.8
רבין ק. השרון,65.8,2022-04-30T00:00:00.000Z,65.8,62.3,60.6,60.6,49.8
רבין ק. השרון,65.8,2022-04-30T00:00:00.000Z,65.8,62.3,60.6,60.6,49.8
רבין ק. השרון,65.8,2022-04-30T00:00:00.000Z,65.8,62.3,60.6,60.6,49.8
רבין ק. השרון,65.8,2022-04-30T00:00:00.000Z,65.8,62.3,60.6,60.6,49.8
רבין ק. השרון,65.8,2022-04-30T00:00:00.000Z,65.8,62.3,60.6,60.6,49.8
רבין ק. השרון,65.8,2022-04-30T00:00:00.000Z,65.8,62.3,60.6,60.6,49.8
רבין ק. השרון,65.8,2022-04-30T00:00:00.000Z,65.8,62.3,60.6,60.6,49.8
רבין ק. השרון,65.8,2022-04-30T00:00:00.000Z,65.8,62.3,60.6,60.6,49.8
רבין ק. השרון,65.8,2022-04-30T00:00:00.000Z,65.8,62.3,60.6,60.6,49.8
רבין ק. השרון,65.8,2022-04-30T00:00:00.000Z,65.8,62.3,60.6,60.6,49.8
רבין ק. השרון,65.8,2022-04-30T00:00:00.000Z,65.8,62.3,60.6,60.6,49.8
רבין ק. השרון,65.8,2022-04-30T00:00:00.000Z,65.8,62.3,60.6,60.6,49.8
רבין ק. השרון,65.8,2022-04-30T00:00:00.000Z,65.8,62.3,60.6,60.6,49.8
רבין ק. השרון,65.8,2022-04-30T00:00:00.000Z,65.8,62.3,60.6,60.6,49.8
רבין ק. השרון,65.8,2022-04-30T00:00:00.000Z,65.8,62.3,60.6,60.6,49.8
רבין ק. השרון,65.8,2022-04-30T00:00:00.000Z,65.8,62.3,60.6,60.6,49.8
רבין ק. השרון,65.8,2022-04-30T00:00:00.000Z,65.8,62.3,60.6,60.6,49.8
רבין ק. השרון,65.8,2022-04-30T00:00:00.000Z,65.8,62.3,60.6,60.6,49.8
רבין ק. השרון,65.8,2022-04-30T00:00:00.000Z,65.8,62.3,60.6,60.6,49.8
רבין ק. השרון,65.8,2022-04-30T00:00:00.000Z,65.8,62.3,60.6,60.6,49.8
רבין ק. השרון,65.8,2022-04-30T00:00:00.000Z,65.8,62.3,60.6,60.6,49.8
רבין ק. השרון,65.8,2022-04-30T00:00:00.000Z,65.8,62.3,60.6,60.6,49.8
רבין ק. השרון,65.8,2022-04-30T00:00:00.000Z,65.8,62.3,60.6,60.6,49.8
רבין ק. השרון,65.8,2022-04-30T00:00:00.000Z,65.8,62.3,60.6,60.6,49.8
רבין ק. השרון,65.8,2022-04-30T00:00:00.000Z,65.8,62.3,60.6,60.6,49.8
רבין ק. השרון,65.8,2022-04-30T00:00:00.000Z,65.8,62.3,60.6,60.6,49.8
רבין ק. השרון,65.8,2022-04-30T00:00:00.000Z,65.8,62.3,60.6,60.6,49.8
רבין ק. השרון,65.8,2022-04-30T00:00:00.000Z,65.8,62.3,60.6,60.6,49.8
רבין ק. השרון,65.8,2022-04-30T00:00:00.000Z,65.8,62.3,60.6,60.6,49.8
רבין ק. השרון,65.8,2022-04-30T00:00:00.000Z,65.8,62.3,60.6,60.6,49.8
רבין ק. השרון,65.8,2022-04-30T00:00:00.000Z,65.8,62.3,60.6,60.6,49.8
רבין ק. השרון,65.8,2022-04-30T00:00:00.000Z,65.8,62.3,60.6,60.6,49.8
רבין ק. השרון,65.8,2022-04-30T00:00:00.000Z,65.8,62.3,60.6,60.6,49.8
רבין ק. השרון,65.8,2022-04-30T00:00:00.000Z,65.8,62.3,60.6,60.6,49.8
רבין ק. השרון,65.8,2022-04-30T00:00:00.000Z,65.8,62.3,60.6,60.6,49.8
רבין ק. השרון,65.8,2022-04-30T00:00:00.000Z,65.8,62.3,60.6,60.6,49.8
רבין ק. השרון,65.8,2022-04-30T00:00:00.000Z,65.8,62.3,60.6,60.6,49.8
רבין ק. השרון,65.8,2022-04-30T00:00:00.000Z,65.8,62.3,60.6,60.6,49.8
רבין ק. השרון,65.8,2022-04-30T00:00:00.000Z,65.8,62.3,60.6,60.6,49.8
רבין ק. השרון,65.8,2022-04-30T00:00:00.000Z,65.8,62.3,60.6,60.6,49.8
רבין ק. השרון,65.8,2022-04-30T00:00:00.000Z,65.8,62.3,60.6,60.6,49.8
רבין ק. השרון,65.8,2022-04-30T00:00:00.000Z,65.8,62.3,60.6,60.6,49.8
רבין ק. השרון,65.8,2022-04-30T00:00:00.000Z,65.8,62.3,60.6,60.6,49.8
רבין ק. השרון,65.8,2022-04-30T00:00:00.000Z,65.8,62.3,60.6,60.6,49.8
רבין ק. השרון,65.8,2022-04-30T00:00:00.000Z,65.8,62.3,60.6,60.6,49.8
רבין ק. השרון,65.8,2022-04-30T00:00:00.000Z,65.8,62.3,60.6,60.6,49.8
רבין ק. השרון,65.8,2022-04-30T00:00:00.000Z,65.8,62.3,60.6,60.6,49.8
רבין ק. השרון,65.8,2022-04-30T00:00:00.000Z,65.8,62.3,60.6,60.6,49.8
רבין ק. השרון,65.8,2022-04-30T00:00:00.000Z,65.8,62.3,60.6,60.6,49.8
רבין ק. השרון,65.8,2022-04-30T00:00:00.000Z,65.8,62.3,60.6,60.6,49.8
רבין ק. השרון,65.8,2022-04-30T00:00:00.000Z,65.8,62.3,60.6,60.6,49.8
רבין ק. השרון,65.8,2022-04-30T00:00:00.000Z,65.8,62.3,60.6,60.6,49.8
רבין ק. השרון,65.8,2022-04-30T00:00:00.000Z,65.8,62.3,60.6,60.6,49.8
רבין ק. השרון,65.8,2022-04-30T00:00:00.000Z,65.8,62.3,60.6,60.6,49.8
רבין ק. השרון,65.8,2022-04-30T00:00:00.000Z,65.8,62.3,60.6,60.6,49.8
רבין ק. השרון,65.8,2022-04-30T00:00:00.000Z,65.8,62.3,60.6,60.6,49.8
רבין ק. השרון,65.8,2022-04-30T00:00:00.000Z,65.8,62.3,60.6,60.6,49.8
רבין ק. השרון,65.8,2022-04-30T00:00:00.000Z,65.8,62.3,60.6,60.6,49.8
רבין ק. השרון,65.8,2022-04-30T00:00:00.000Z,65.8,62.3,60.6,60.6,49.8
רבין ק. השרון,65.8,2022-04-30T00:00:00.000Z,65.8,62.3,60.6,60.6,49.8
רבין ק. השרון,65.8,2022-04-30T00:00:00.000Z,65.8,62.3,60.6,60.6,49.8
רבין ק. השרון,65.8,2022-04-30T00:00:00.000Z,65.8,62.3,60.6,60.6,49.8
רבין ק. השרון,65.8,2022-04-30T00:00:00.000Z,65.8,62.3,60.6,60.6,49.8
רבין ק. השרון,65.8,2022-04-30T00:00:00.000Z,65.8,62.3,60.6,60.6,49.8
רבין ק. השרון,65.8,2022-04-30T00:00:00.000Z,65.8,62.3,60.6,60.6,49.8
רבין ק. השרון,65.8,2022-04-30T00:00:00.000Z,65.8,62.3,60.6,60.6,49.8
רבין ק. השרון,65.8,2022-04-30T00:00:00.000Z,65.8,62.3,60.6,60.6,49.8
רבין ק. השרון,65.8,2022-04-30T00:00:00.000Z,65.8,62.3,60.6,60.6,49.8
רבין ק. השרון,65.8,2022-04-30T00:00:00.000Z,65.8,62.3,60.6,60.6,49.8
רבין ק. השרון,65.8,2022-04-30T00:00:00.000Z,65.8,62.3,60.6,60.6,49.8
רבין ק. השרון,65.8,2022-04-30T00:00:00.000Z,65.8,62.3,60.6,60.6,49.8
רבין ק. השרון,65.8,2022-04-30T00:00:00.000Z,65.8,62.3,60.6,60.6,49.8
רבין ק. השרון,65.8,2022-04-30T00:00:00.000Z,65.8,62.3,60.6,60.6,49.8
רבין ק. השרון,65.8,2022-04-30T00:00:00.000Z,65.8,62.3,60.6,60.6,49.8
רבין ק. השרון,65.8,2022-04-30T00:00:00.000Z,65.8,62.3,60.6,60.6,49.8
רבין ק. השרון,65.8,2022-04-30T00:00:00.000Z,65.8,62.3,60.6,60.6,49.8
רבין ק. השרון,65.8,2022-04-30T00:00:00.000Z,65.8,62.3,60.6,60.6,49.8
רבין ק. השרון,65.8,2022-04-30T00:00:00.000Z,65.8,62.3,60.6,60.6,49.8
רבין ק. השרון,65.8,2022-04-30T00:00:00.000Z,65.8,62.3,60.6,60.6,49.8
רבין ק. השרון,65.8,2022-04-30T00:00:00.000Z,65.8,62.3,60.6,60.6,49.8
רבין ק. השרון,65.8,2022-04-30T00:00:00.000Z,65.8,62.3,60.6,60.6,49.8
רבין ק. השרון,65.8,2022-04-30T00:00:00.000Z,65.8,62.3,60.6,60.6,49.8
רבין ק. השרון,65.8,2022-04-30T00:00:00.000Z,65.8,62.3,60.6,60.6,49.8
רבין ק. השרון,65.8,2022-04-30T00:00:00.000Z,65.8,62.3,60.6,60.6,49.8
רבין ק. השרון,65.8,2022-04-30T00:00:00.000Z,65.8,62.3,60.6,60.6,49.8
רבין ק. השרון,65.8,2022-04-30T00:00:00.000Z,65.8,62.3,60.6,60.6,49.8
רבין ק. השרון,65.8,2022-04-30T00:00:00.000Z,65.8,62.3,60.6,60.6,49.8
רבין ק. השרון,65.8,2022-04-30T00:00:00.000Z,65.8,62.3,60.6,60.6,49.8
רבין ק. השרון,65.8,2022-04-30T00:00:00.000Z,65.8,62.3,60.6,60.6,49.8
רבין ק. השרון,65.8,2022-04-30T00:00:00.000Z,65.8,62.3,60.6,60.6,49.8
רבין ק. השרון,65.8,2022-04-30T00:00:00.000Z,65.8,62.3,60.6,60.6,49.8
רבין ק. השרון,65.8,2022-04-30T00:00:00.000Z,65.8,62.3,60.6,60.6,49.8
רבין ק. השרון,65.8,2022-04-30T00:00:00.000Z,65.8,62.3,60.6,60.6,49.8
רבין ק. השרון,65.8,2022-04-30T00:00:00.000Z,65.8,62.3,60.6,60.6,49.8
רבין ק. השרון,65.8,2022-04-30T00:00:00.000Z,65.8,62.3,60.6,60.6,49.8
רבין ק. השרון,65.8,2022-04-30T00:00:00.000Z,65.8,62.3,60.6,60.6,49.8
רבין ק. השרון,65.8,2022-04-30T00:00:00.000Z,65.8,62.3,60.6,60.6,49.8
רבין ק. השרון,65.8,2022-04-30T00:00:00.000Z,65.8,62.3,60.6,60.6,49.8
רבין ק. השרון,65.8,2022-04-30T00:00:00.000Z,65.8,62.3,60.6,60.6,49.8
רבין ק. השרון,65.8,2022-04-30T00:00:00.000Z,65.8,62.3,60.6,60.6,49.8
רבין ק. השרון,65.8,2022-04-30T00:00:00.000Z,65.8,62.3,60.6,60.6,49.8
רבין ק. השרון,65.8,2022-04-30T00:00:00.000Z,65.8,62.3,60.6,60.6,49.8
רבין ק. השרון,65.8,2022-04-30T00:00:00.000Z,65.8,62.3,60.6,60.6,49.8
רבין ק. השרון,65.8,2022-04-30T00:00:00.000Z,65.8,62.3,60.6,60.6,49.8
רבין ק. השרון,65.8,2022-04-30T00:00:00.000Z,65.8,62.3,60.6,60.6,49.8
רבין ק. השרון,65.8,2022-04-30T00:00:00.000Z,65.8,62.3,60.6,60.6,49.8
רבין ק. השרון,65.8,2022-04-30T00:00:00.000Z,65.8,62.3,60.6,60.6,49.8
רבין ק. השרון,65.8,2022-04-30T00:00:00.000Z,65.8,62.3,60.6,60.6,49.8
רבין ק. השרון,65.8,2022-04-30T00:00:00.000Z,65.8,62.3,60.6,60.6,49.8
רבין ק. השרון,65.8,2022-04-30T00:00:00.000Z,65.8,62.3,60.6,60.6,49.8
רבין ק. השרון,65.8,2022-04-30T00:00:00.000Z,65.8,62.3,60.6,60.6,49.8
רבין ק. השרון,65.8,2022-04-30T00:00:00.000Z,65.8,62.3,60.6,60.6,49.8
המרכזי בעמק,102.6,2022-04-30T00:00:00.000Z,100.7,90.7,70.8,69,66.7
המרכזי בעמק,102.6,2022-04-30T00:00:00.000Z,101.7,91.8,70.8,69.9,66.7
המרכזי בעמק,102.6,2022-04-30T00:00:00.000Z,102.6,92.9,70.8,70.8,66.6
המרכזי בעמק,102.6,2022-04-30T00:00:00.000Z,102.6,92.9,70.8,70.8,66.6
המרכזי בעמק,102.6,2022-04-30T00:00:00.000Z,102.6,92.9,70.8,70.8,66.6
המרכזי בעמק,102.6,2022-04-30T00:00:00.000Z,102.6,92.9,70.8,70.8,66.6
המרכזי בעמק,102.6,2022-04-30T00:00:00.000Z,102.6,92.9,70.8,70.8,66.6
המרכזי בעמק,102.6,2022-04-30T00:00:00.000Z,102.6,92.9,70.8,70.8,66.6
המרכזי בעמק,102.6,2022-04-30T00:00:00.000Z,102.6,92.9,70.8,70.8,66.6
המרכזי בעמק,102.6,2022-04-30T00:00:00.000Z,102.6,92.9,70.8,70.8,66.6
המרכזי בעמק,102.6,2022-04-30T00:00:00.000Z,102.6,92.9,70.8,70.8,66.6
המרכזי בעמק,102.6,2022-04-30T00:00:00.000Z,102.6,92.9,70.8,70.8,66.6
המרכזי בעמק,102.6,2022-04-30T00:00:00.000Z,102.6,92.9,70.8,70.8,66.6
המרכזי בעמק,102.6,2022-04-30T00:00:00.000Z,102.6,92.9,70.8,70.8,66.6
המרכזי בעמק,102.6,2022-04-30T00:00:00.000Z,102.6,92.9,70.8,70.8,66.6
המרכזי בעמק,102.6,2022-04-30T00:00:00.000Z,102.6,92.9,70.8,70.8,66.6
המרכזי בעמק,102.6,2022-04-30T00:00:00.000Z,102.6,92.9,70.8,70.8,66.6
המרכזי בעמק,102.6,2022-04-30T00:00:00.000Z,102.6,92.9,70.8,70.8,66.6
המרכזי בעמק,102.6,2022-04-30T00:00:00.000Z,102.6,92.9,70.8,70.8,66.6
המרכזי בעמק,102.6,2022-04-30T00:00:00.000Z,102.6,92.9,70.8,70.8,66.6
המרכזי בעמק,102.6,2022-04-30T00:00:00.000Z,102.6,92.9,70.8,70.8,66.6
המרכזי בעמק,102.6,2022-04-30T00:00:00.000Z,102.6,92.9,70.8,70.8,66.6
המרכזי בעמק,102.6,2022-04-30T00:00:00.000Z,102.6,92.9,70.8,70.8,66.6
המרכזי בעמק,102.6,2022-04-30T00:00:00.000Z,102.6,92.9,70.8,70.8,66.6
המרכזי בעמק,102.6,2022-04-30T00:00:00.000Z,102.6,92.9,70.8,70.8,66.6
המרכזי בעמק,102.6,2022-04-30T00:00:00.000Z,102.6,92.9,70.8,70.8,66.6
המרכזי בעמק,102.6,2022-04-30T00:00:00.000Z,102.6,92.9,70.8,70.8,66.6
המרכזי בעמק,102.6,2022-04-30T00:00:00.000Z,102.6,92.9,70.8,70.8,66.6
המרכזי בעמק,102.6,2022-04-30T00:00:00.000Z,102.6,92.9,70.8,70.8,66.6
המרכזי בעמק,102.6,2022-04-30T00:00:00.000Z,102.6,92.9,70.8,70.8,66.6
המרכזי בעמק,102.6,2022-04-30T00:00:00.000Z,102.6,92.9,70.8,70.8,66.6
המרכזי בעמק,102.6,2022-04-30T00:00:00.000Z,102.6,92.9,70.8,70.8,66.6
המרכזי בעמק,102.6,2022-04-30T00:00:00.000Z,102.6,92.9,70.8,70.8,66.6
המרכזי בעמק,102.6,2022-04-30T00:00:00.000Z,102.6,92.9,70.8,70.8,66.6
המרכזי בעמק,102.6,2022-04-30T00:00:00.000Z,102.6,92.9,70.8,70.8,66.6
המרכזי בעמק,102.6,2022-04-30T00:00:00.000Z,102.6,92.9,70.8,70.8,66.6
המרכזי בעמק,102.6,2022-04-30T00:00:00.000Z,102.6,92.9,70.8,70.8,66.6
המרכזי בעמק,102.6,2022-04-30T00:00:00.000Z,102.6,92.9,70.8,70.8,66.6
המרכזי בעמק,102.6,2022-04-30T00:00:00.000Z,102.6,92.9,70.8,70.8,66.6
המרכזי בעמק,102.6,2022-04-30T00:00:00.000Z,102.6,92.9,70.8,70.8,66.6
המרכזי בעמק,102.6,2022-04-30T00:00:00.000Z,102.6,92.9,70.8,70.8,66.6
המרכזי בעמק,102.6,2022-04-30T00:00:00.000Z,102.6,92.9,70.8,70.8,66.6
המרכזי בעמק,102.6,2022-04-30T00:00:00.000Z,102.6,92.9,70.8,70.8,66.6
המרכזי בעמק,102.6,2022-04-30T00:00:00.000Z,102.6,92.9,70.8,70.8,66.6
המרכזי בעמק,102.6,2022-04-30T00:00:00.000Z,102.6,92.9,70.8,70.8,66.6
המרכזי בעמק,102.6,2022-04-30T00:00:00.000Z,102.6,92.9,70.8,70.8,66.6
המרכזי בעמק,102.6,2022-04-30T00:00:00.000Z,102.6,92.9,70.8,70.8,66.6
המרכזי בעמק,102.6,2022-04-30T00:00:00.000Z,102.6,92.9,70.8,70.8,66.6
המרכזי בעמק,102.6,2022-04-30T00:00:00.000Z,102.6,92.9,70.8,70.8,66.6
המרכזי בעמק,102.6,2022-04-30T00:00:00.000Z,102.6,92.9,70.8,70.8,66.6
המרכזי בעמק,102.6,2022-04-30T00:00:00.000Z,102.6,92.9,70.8,70.8,66.6
המרכזי בעמק,102.6,2022-04-30T00:00:00.000Z,102.6,92.9,70.8,70.8,66.6
המרכזי בעמק,102.6,2022-04-30T00:00:00.000Z,102.6,92.9,70.8,70.8,66.6
המרכזי בעמק,102.6,2022-04-30T00:00:00.000Z,102.6,92.9,70.8,70.8,66.6
המרכזי בעמק,102.6,2022-04-30T00:00:00.000Z,102.6,92.9,70.8,70.8,66.6
המרכזי בעמק,102.6,2022-04-30T00:00:00.000Z,102.6,92.9,70.8,70.8,66.6
המרכזי בעמק,102.6,2022-04-30T00:00:00.000Z,102.6,92.9,70.8,70.8,66.6
המרכזי בעמק,102.6,2022-04-30T00:00:00.000Z,102.6,92.9,70.8,70.8,66.6
המרכזי בעמק,102.6,2022-04-30T00:00:00.000Z,102.6,92.9,70.8,70.8,66.6
המרכזי בעמק,102.6,2022-04-30T00:00:00.000Z,102.6,92.9,70.8,70.8,66.6
המרכזי בעמק,102.6,2022-04-30T00:00:00.000Z,102.6,92.9,70.8,70.8,66.6
המרכזי בעמק,102.6,2022-04-30T00:00:00.000Z,102.6,92.9,70.8,70.8,66.6
המרכזי בעמק,102.6,2022-04-30T00:00:00.000Z,102.6,92.9,70.8,70.8,66.6
המרכזי בעמק,102.6,2022-04-30T00:00:00.000Z,102.6,92.9,70.8,70.8,66.6
המרכזי בעמק,102.6,2022-04-30T00:00:00.000Z,102.6,92.9,70.8,70.8,66.6
המרכזי בעמק,102.6,2022-04-30T00:00:00.000Z,102.6,92.9,70.8,70.8,66.6
המרכזי בעמק,102.6,2022-04-30T00:00:00.000Z,102.6,92.9,70.8,70.8,66.6
המרכזי בעמק,102.6,2022-04-30T00:00:00.000Z,102.6,92.9,70.8,70.8,66.6
המרכזי בעמק,102.6,2022-04-30T00:00:00.000Z,102.6,92.9,70.8,70.8,66.6
המרכזי בעמק,102.6,2022-04-30T00:00:00.000Z,102.6,92.9,70.8,70.8,66.6
המרכזי בעמק,102.6,2022-04-30T00:00:00.000Z,102.6,92.9,70.8,70.8,66.6
המרכזי בעמק,102.6,2022-04-30T00:00:00.000Z,102.6,92.9,70.8,70.8,66.6
המרכזי בעמק,102.6,2022-04-30T00:00:00.000Z,102.6,92.9,70.8,70.8,66.6
המרכזי בעמק,102.6,2022-04-30T00:00:00.000Z,102.6,92.9,70.8,70.8,66.6
המרכזי בעמק,102.6,2022-04-30T00:00:00.000Z,102.6,92.9,70.8,70.8,66.6
המרכזי בעמק,102.6,2022-04-30T00:00:00.000Z,102.6,92.9,70.8,70.8,66.6
המרכזי בעמק,102.6,2022-04-30T00:00:00.000Z,102.6,92.9,70.8,70.8,66.6
המרכזי בעמק,102.6,2022-04-30T00:00:00.000Z,102.6,92.9,70.8,70.8,66.6
המרכזי בעמק,102.6,2022-04-30T00:00:00.000Z,102.6,92.9,70.8,70.8,66.6
המרכזי בעמק,102.6,2022-04-30T00:00:00.000Z,102.6,92.9,70.8,70.8,66.6
המרכזי בעמק,102.6,2022-04-30T00:00:00.000Z,102.6,92.9,70.8,70.8,66.6
המרכזי בעמק,102.6,2022-04-30T00:00:00.000Z,102.6,92.9,70.8,70.8,66.6
המרכזי בעמק,102.6,2022-04-30T00:00:00.000Z,102.6,92.9,70.8,70.8,66.6
המרכזי בעמק,102.6,2022-04-30T00:00:00.000Z,102.6,92.9,70.8,70.8,66.6
המרכזי בעמק,102.6,2022-04-30T00:00:00.000Z,102.6,92.9,70.8,70.8,66.6
המרכזי בעמק,102.6,2022-04-30T00:00:00.000Z,102.6,92.9,70.8,70.8,66.6
המרכזי בעמק,102.6,2022-04-30T00:00:00.000Z,102.6,92.9,70.8,70.8,66.6
המרכזי בעמק,102.6,2022-04-30T00:00:00.000Z,102.6,92.9,70.8,70.8,66.6
המרכזי בעמק,102.6,2022-04-30T00:00:00.000Z,102.6,92.9,70.8,70.8,66.6
המרכזי בעמק,102.6,2022-04-30T00:00:00.000Z,102.6,92.9,70.8,70.8,66.6
המרכזי בעמק,102.6,2022-04-30T00:00:00.000Z,102.6,92.9,70.8,70.8,66.6
המרכזי בעמק,102.6,2022-04-30T00:00:00.000Z,102.6,92.9,70.8,70.8,66.6
המרכזי בעמק,102.6,2022-04-30T00:00:00.000Z,102.6,92.9,70.8,70.8,66.6
המרכזי בעמק,102.6,2022-04-30T00:00:00.000Z,102.6,92.9,70.8,70.8,66.6
המרכזי בעמק,102.6,2022-04-30T00:00:00.000Z,102.6,92.9,70.8,70.8,66.6
המרכזי בעמק,102.6,2022-04-30T00:00:00.000Z,102.6,92.9,70.8,70.8,66.6
המרכזי בעמק,102.6,2022-04-30T00:00:00.000Z,102.6,92.9,70.8,70.8,66.6
המרכזי בעמק,102.6,2022-04-30T00:00:00.000Z,102.6,92.9,70.8,70.8,66.6
המרכזי בעמק,102.6,2022-04-30T00:00:00.000Z,102.6,92.9,70.8,70.8,66.6
המרכזי בעמק,102.6,2022-04-30T00:00:00.000Z,102.6,92.9,70.8,70.8,66.6
המרכזי בעמק,102.6,2022-04-30T00:00:00.000Z,102.6,92.9,70.8,70.8,66.6
המרכזי בעמק,102.6,2022-04-30T00:00:00.000Z,102.6,92.9,70.8,70.8,66.6
המרכזי בעמק,102.6,2022-04-30T00:00:00.000Z,102.6,92.9,70.8,70.8,66.6
המרכזי בעמק,102.6,2022-04-30T00:00:00.000Z,102.6,92.9,70.8,70.8,66.6
המרכזי בעמק,102.6,2022-04-30T00:00:00.000Z,102.6,92.9,70.8,70.8,66.6
המרכזי בעמק,102.6,2022-04-30T00:00:00.000Z,102.6,92.9,70.8,70.8,66.6
המרכזי בעמק,102.6,2022-04-30T00:00:00.000Z,102.6,92.9,70.8,70.8,66.6
המרכזי בעמק,102.6,2022-04-30T00:00:00.000Z,102.6,92.9,70.8,70.8,66.6
המרכזי בעמק,102.6,2022-04-30T00:00:00.000Z,102.6,92.9,70.8,70.8,66.6
המרכזי בעמק,102.6,2022-04-30T00:00:00.000Z,102.6,92.9,70.8,70.8,66.6
המרכזי בעמק,102.6,2022-04-30T00:00:00.000Z,102.6,92.9,70.8,70.8,66.6
המרכזי בעמק,102.6,2022-04-30T00:00:00.000Z,102.6,92.9,70.8,70.8,66.6
המרכזי בעמק,102.6,2022-04-30T00:00:00.000Z,102.6,92.9,70.8,70.8,66.6
המרכזי בעמק,102.6,2022-04-30T00:00:00.000Z,102.6,92.9,70.8,70.8,66.6
המרכזי בעמק,102.6,2022-04-30T00:00:00.000Z,102.6,92.9,70.8,70.8,66.6
המרכזי בעמק,102.6,2022-04-30T00:00:00.000Z,102.6,92.9,70.8,70.8,66.6
המרכזי בעמק,102.6,2022-04-30T00:00:00.000Z,102.6,92.9,70.8,70.8,66.6
המרכזי בעמק,102.6,2022-04-30T00:00:00.000Z,102.6,92.9,70.8,70.8,66.6
המרכזי בעמק,102.6,2022-04-30T00:00:00.000Z,102.6,92.9,70.8,70.8,66.6
המרכזי בעמק,102.6,2022-04-30T00:00:00.000Z,102.6,92.9,70.8,70.8,66.6
המרכזי בעמק,102.6,2022-04-30T00:00:00.000Z,102.6,92.9,70.8,70.8,66.6
המרכזי בעמק,102.6,2022-04-30T00:00:00.000Z,102.6,92.9,70.8,70.8,66.6
המרכזי בעמק,102.6,2022-04-30T00:00:00.000Z,102.6,92.9,70.8,70.8,66.6
המרכזי בעמק,102.6,2022-04-30T00:00:00.000Z,102.6,92.9,70.8,70.8,66.6
המרכזי בעמק,102.6,2022-04-30T00:00:00.000Z,102.6,92.9,70.8,70.8,66.6
המרכזי בעמק,102.6,2022-04-30T00:00:00.000Z,102.6,92.9,70.8,70.8,66.6
המרכזי בעמק,102.6,2022-04-30T00:00:00.000Z,102.6,92.9,70.8,70.8,66.6
המרכזי בעמק,102.6,2022-04-30T00:00:00.000Z,102.6,92.9,70.8,70.8,66.6
המרכזי בעמק,102.6,2022-04-30T00:00:00.000Z,102.6,92.9,70.8,70.8,66.6
המרכזי בעמק,102.6,2022-04-30T00:00:00.000Z,102.6,92.9,70.8,70.8,66.6
המרכזי בעמק,102.6,2022-04-30T00:00:00.000Z,102.6,92.9,70.8,70.8,66.6
המרכזי בעמק,102.6,2022-04-30T00:00:00.000Z,102.6,92.9,70.8,70.8,66.6
המרכזי בעמק,102.6,2022-04-30T00:00:00.000Z,102.6,92.9,70.8,70.8,66.6
המרכזי בעמק,102.6,2022-04-30T00:00:00.000Z,102.6,92.9,70.8,70.8,66.6
המרכזי בעמק,102.6,2022-04-30T00:00:00.000Z,102.6,92.9,70.8,70.8,66.6
המרכזי בעמק,102.6,2022-04-30T00:00:00.000Z,102.6,92.9,70.8,70.8,66.6
המרכזי בעמק,102.6,2022-04-30T00:00:00.000Z,102.6,92.9,70.8,70.8,66.6
המרכזי בעמק,102.6,2022-04-30T00:00:00.000Z,102.6,92.9,70.8,70.8,66.6
המרכזי בעמק,102.6,2022-04-30T00:00:00.000Z,102.6,92.9,70.8,70.8,66.6
המרכזי בעמק,102.6,2022-04-30T00:00:00.000Z,102.6,92.9,70.8,70.8,66.6
המרכזי בעמק,102.6,2022-04-30T00:00:00.000Z,102.6,92.9,70.8,70.8,66.6
המרכזי בעמק,102.6,2022-04-30T00:00:00.000Z,102.6,92.9,70.8,70.8,66.6
המרכזי בעמק,102.6,2022-04-30T00:00:00.000Z,102.6,92.9,70.8,70.8,66.6
המרכזי בעמק,102.6,2022-04-30T00:00:00.000Z,102.6,92.9,70.8,70.8,66.6
המרכזי בעמק,102.6,2022-04-30T00:00:00.000Z,102.6,92.9,70.8,70.8,66.6
המרכזי בעמק,102.6,2022-04-30T00:00:00.000Z,102.6,92.9,70.8,70.8,66.6
המרכזי בעמק,102.6,2022-04-30T00:00:00.000Z,102.6,92.9,70.8,70.8,66.6
המרכזי בעמק,102.6,2022-04-30T00:00:00.000Z,102.6,92.9,70.8,70.8,66.6
המרכזי בעמק,102.6,2022-04-30T00:00:00.000Z,102.6,92.9,70.8,70.8,66.6
המרכזי בעמק,102.6,2022-04-30T00:00:00.000Z,102.6,92.9,70.8,70.8,66.6
המרכזי בעמק,102.6,2022-04-30T00:00:00.000Z,102.6,92.9,70.8,70.8,66.6
המרכזי בעמק,102.6,2022-04-30T00:00:00.000Z,102.6,92.9,70.8,70.8,66.6
המרכזי בעמק,102.6,2022-04-30T00:00:00.000Z,102.6,92.9,70.8,70.8,66.6
המרכזי בעמק,102.6,2022-04-30T00:00:00.000Z,102.6,92.9,70.8,70.8,66.6
המרכזי בעמק,102.6,2022-04-30T00:00:00.000Z,102.6,92.9,70.8,70.8,66.6
המרכזי בעמק,102.6,2022-04-30T00:00:00.000Z,102.6,92.9,70.8,70.8,66.6
המרכזי בעמק,102.6,2022-04-30T00:00:00.000Z,102.6,92.9,70.8,70.8,66.6
המרכזי בעמק,102.6,2022-04-30T00:00:00.000Z,102.6,92.9,70.8,70.8,66.6
המרכזי בעמק,102.6,2022-04-30T00:00:00.000Z,102.6,92.9,70.8,70.8,66.6
המרכזי בעמק,102.6,2022-04-30T00:00:00.000Z,102.6,92.9,70.8,70.8,66.6
המרכזי בעמק,102.6,2022-04-30T00:00:00.000Z,102.6,92.9,70.8,70.8,66.6
המרכזי בעמק,102.6,2022-04-30T00:00:00.000Z,102.6,92.9,70.8,70.8,66.6
המרכזי בעמק,102.6,2022-04-30T00:00:00.000Z,102.6,92.9,70.8,70.8,66.6
המרכזי בעמק,102.6,2022-04-30T00:00:00.000Z,102.6,92.9,70.8,70.8,66.6
המרכזי בעמק,102.6,2022-04-30T00:00:00.000Z,102.6,92.9,70.8,70.8,66.6
המרכזי בעמק,102.6,2022-04-30T00:00:00.000Z,102.6,92.9,70.8,70.8,66.6
המרכזי בעמק,102.6,2022-04-30T00:00:00.000Z,102.6,92.9,70.8,70.8,66.6
המרכזי בעמק,102.6,2022-04-30T00:00:00.000Z,102.6,92.9,70.8,70.8,66.6
המרכזי בעמק,102.6,2022-04-30T00:00:00.000Z,102.6,92.9,70.8,70.8,66.6
המרכזי בעמק,102.6,2022-04-30T00:00:00.000Z,102.6,92.9,70.8,70.8,66.6
המרכזי בעמק,102.6,2022-04-30T00:00:00.000Z,102.6,92.9,70.8,70.8,66.6
המרכזי בעמק,102.6,2022-04-30T00:00:00.000Z,102.6,92.9,70.8,70.8,66.6
המרכזי בעמק,102.6,2022-04-30T00:00:00.000Z,102.6,92.9,70.8,70.8,66.6
המרכזי בעמק,102.6,2022-04-30T00:00:00.000Z,102.6,92.9,70.8,70.8,66.6
המרכזי בעמק,102.6,2022-04-30T00:00:00.000Z,102.6,92.9,70.8,70.8,66.6
המרכזי בעמק,102.6,2022-04-30T00:00:00.000Z,102.6,92.9,70.8,70.8,66.6
המרכזי בעמק,102.6,2022-04-30T00:00:00.000Z,102.6,92.9,70.8,70.8,66.6
המרכזי בעמק,102.6,2022-04-30T00:00:00.000Z,102.6,92.9,70.8,70.8,66.6
המרכזי בעמק,102.6,2022-04-30T00:00:00.000Z,102.6,92.9,70.8,70.8,66.6
המרכזי בעמק,102.6,2022-04-30T00:00:00.000Z,102.6,92.9,70.8,70.8,66.6
המרכזי בעמק,102.6,2022-04-30T00:00:00.000Z,102.6,92.9,70.8,70.8,66.6
המרכזי בעמק,102.6,2022-04-30T00:00:00.000Z,102.6,92.9,70.8,70.8,66.6
המרכזי בעמק,102.6,2022-04-30T00:00:00.000Z,102.6,92.9,70.8,70.8,66.6
המרכזי בעמק,102.6,2022-04-30T00:00:00.000Z,102.6,92.9,70.8,70.8,66.6
המרכזי בעמק,102.6,2022-04-30T00:00:00.000Z,102.6,92.9,70.8,70.8,66.6
המרכזי בעמק,102.6,2022-04-30T00:00:00.000Z,102.6,92.9,70.8,70.8,66.6
המרכזי בעמק,102.6,2022-04-30T00:00:00.000Z,102.6,92.9,70.8,70.8,66.6
המרכזי בעמק,102.6,2022-04-30T00:00:00.000Z,102.6,92.9,70.8,70.8,66.6
המרכזי בעמק,102.6,2022-04-30T00:00:00.000Z,102.6,92.9,70.8,70.8,66.6
המרכזי בעמק,102.6,2022-04-30T00:00:00.000Z,102.6,92.9,70.8,70.8,66.6
המרכזי בעמק,102.6,2022-04-30T00:00:00.000Z,102.6,92.9,70.8,70.8,66.6
המרכזי בעמק,102.6,2022-04-30T00:00:00.000Z,102.6,92.9,70.8,70.8,66.6
המרכזי בעמק,102.6,2022-04-30T00:00:00.000Z,102.6,92.9,70.8,70.8,66.6
המרכזי בעמק,102.6,2022-04-30T00:00:00.000Z,102.6,92.9,70.8,70.8,66.6
המרכזי בעמק,102.6,2022-04-30T00:00:00.000Z,102.6,92.9,70.8,70.8,66.6
המרכזי בעמק,102.6,2022-04-30T00:00:00.000Z,102.6,92.9,70.8,70.8,66.6
המרכזי בעמק,102.6,2022-04-30T00:00:00.000Z,102.6,92.9,70.8,70.8,66.6
המרכזי בעמק,102.6,2022-04-30T00:00:00.000Z,102.6,92.9,70.8,70.8,66.6
המרכזי בעמק,102.6,2022-04-30T00:00:00.000Z,102.6,92.9,70.8,70.8,66.6
המרכזי בעמק,102.6,2022-04-30T00:00:00.000Z,102.6,92.9,70.8,70.8,66.6
המרכזי בעמק,102.6,2022-04-30T00:00:00.000Z,102.6,92.9,70.8,70.8,66.6
המרכזי בעמק,102.6,2022-04-30T00:00:00.000Z,102.6,92.9,70.8,70.8,66.6
המרכזי בעמק,102.6,2022-04-30T00:00:00.000Z,102.6,92.9,70.8,70.8,66.6
המרכזי בעמק,102.6,2022-04-30T00:00:00.000Z,102.6,92.9,70.8,70.8,66.6
המרכזי בעמק,102.6,2022-04-30T00:00:00.000Z,102.6,92.9,70.8,70.8,66.6
המרכזי בעמק,102.6,2022-04-30T00:00:00.000Z,102.6,92.9,70.8,70.8,66.6
המרכזי בעמק,102.6,2022-04-30T00:00:00.000Z,102.6,92.9,70.8,70.8,66.6
המרכזי בעמק,102.6,2022-04-30T00:00:00.000Z,102.6,92.9,70.8,70.8,66.6
המרכזי בעמק,102.6,2022-04-30T00:00:00.000Z,102.6,92.9,70.8,70.8,66.6
המרכזי בעמק,102.6,2022-04-30T00:00:00.000Z,102.6,92.9,70.8,70.8,66.6
המרכזי בעמק,102.6,2022-04-30T00:00:00.000Z,102.6,92.9,70.8,70.8,66.6
המרכזי בעמק,102.6,2022-04-30T00:00:00.000Z,102.6,92.9,70.8,70.8,66.6
המרכזי בעמק,102.6,2022-04-30T00:00:00.000Z,102.6,92.9,70.8,70.8,66.6
המרכזי בעמק,102.6,2022-04-30T00:00:00.000Z,102.6,92.9,70.8,70.8,66.6
המרכזי בעמק,102.6,2022-04-30T00:00:00.000Z,102.6,92.9,70.8,70.8,66.6
המרכזי בעמק,102.6,2022-04-30T00:00:00.000Z,102.6,92.9,70.8,70.8,66.6
המרכזי בעמק,102.6,2022-04-30T00:00:00.000Z,102.6,92.9,70.8,70.8,66.6
המרכזי בעמק,102.6,2022-04-30T00:00:00.000Z,102.6,92.9,70.8,70.8,66.6
המרכזי בעמק,102.6,2022-04-30T00:00:00.000Z,102.6,92.9,70.8,70.8,66.6
המרכזי בעמק,102.6,2022-04-30T00:00:00.000Z,102.6,92.9,70.8,70.8,66.6
וולפסון,77.5,2022-04-30T00:00:00.000Z,70.9,88.5,67.9,62.1,73.6
וולפסון,77.5,2022-04-30T00:00:00.000Z,71.8,88.7,67.9,62.9,73.2
וולפסון,77.5,2022-04-30T00:00:00.000Z,72.8,88.9,67.9,63.8,72.7
וולפסון,77.5,2022-04-30T00:00:00.000Z,73.7,89.1,67.9,64.6,72.2
וולפסון,77.5,2022-04-30T00:00:00.000Z,74.6,89.2,67.9,65.4,71.7
וולפסון,77.5,2022-04-30T00:00:00.000Z,75.6,89.4,67.9,66.3,71.2
וולפסון,77.5,2022-04-30T00:00:00.000Z,76.5,89.6,67.9,67.1,70.8
וולפסון,77.5,2022-04-30T00:00:00.000Z,77.5,89.8,67.9,67.9,70.3
וולפסון,77.5,2022-04-30T00:00:00.000Z,77.5,89.8,67.9,67.9,70.3
וולפסון,77.5,2022-04-30T00:00:00.000Z,77.5,89.8,67.9,67.9,70.3
וולפסון,77.5,2022-04-30T00:00:00.000Z,77.5,89.8,67.9,67.9,70.3
וולפסון,77.5,2022-04-30T00:00:00.000Z,77.5,89.8,67.9,67.9,70.3
וולפסון,77.5,2022-04-30T00:00:00.000Z,77.5,89.8,67.9,67.9,70.3
וולפסון,77.5,2022-04-30T00:00:00.000Z,77.5,89.8,67.9,67.9,70.3
וולפסון,77.5,2022-04-30T00:00:00.000Z,77.5,89.8,67.9,67.9,70.3
וולפסון,77.5,2022-04-30T00:00:00.000Z,77.5,89.8,67.9,67.9,70.3
וולפסון,77.5,2022-04-30T00:00:00.000Z,77.5,89.8,67.9,67.9,70.3
וולפסון,77.5,2022-04-30T00:00:00.000Z,77.5,89.8,67.9,67.9,70.3
וולפסון,77.5,2022-04-30T00:00:00.000Z,77.5,89.8,67.9,67.9,70.3
רבין ק. בילינסון,128.2,2022-04-30T00:00:00.000Z,128.2,89.9,93.7,93.7,77.4
רבין ק. בילינסון,128.2,2022-04-30T00:00:00.000Z,128.2,89.9,93.7,93.7,77.4
רבין ק. בילינסון,128.2,2022-04-30T00:00:00.000Z,128.2,89.9,93.7,93.7,77.4
רבין ק. בילינסון,128.2,2022-04-30T00:00:00.000Z,128.2,89.9,93.7,93.7,77.4
רבין ק. בילינסון,128.2,2022-04-30T00:00:00.000Z,128.2,89.9,93.7,93.7,77.4
רבין ק. בילינסון,128.2,2022-04-30T00:00:00.000Z,128.2,89.9,93.7,93.7,77.4
רבין ק. בילינסון,128.2,2022-04-30T00:00:00.000Z,128.2,89.9,93.7,93.7,77.4
רבין ק. בילינסון,128.2,2022-04-30T00:00:00.000Z,128.2,89.9,93.7,93.7,77.4
רבין ק. בילינסון,128.2,2022-04-30T00:00:00.000Z,128.2,89.9,93.7,93.7,77.4
רבין ק. בילינסון,128.2,2022-04-30T00:00:00.000Z,128.2,89.9,93.7,93.7,77.4
רבין ק. בילינסון,128.2,2022-04-30T00:00:00.000Z,128.2,89.9,93.7,93.7,77.4
רבין ק. בילינסון,128.2,2022-04-30T00:00:00.000Z,128.2,89.9,93.7,93.7,77.4
רבין ק. בילינסון,128.2,2022-04-30T00:00:00.000Z,128.2,89.9,93.7,93.7,77.4
רבין ק. בילינסון,128.2,2022-04-30T00:00:00.000Z,128.2,89.9,93.7,93.7,77.4
שמיר,90.7,2022-04-30T00:00:00.000Z,90.7,86.5,70.4,70.4,62.5
שמיר,90.7,2022-04-30T00:00:00.000Z,90.7,86.5,70.4,70.4,62.5
שמיר,90.7,2022-04-30T00:00:00.000Z,90.7,86.5,70.4,70.4,62.5
שמיר,90.7,2022-04-30T00:00:00.000Z,90.7,86.5,70.4,70.4,62.5
שמיר,90.7,2022-04-30T00:00:00.000Z,90.7,86.5,70.4,70.4,62.5
שמיר,90.7,2022-04-30T00:00:00.000Z,90.7,86.5,70.4,70.4,62.5
שמיר,90.7,2022-04-30T00:00:00.000Z,90.7,86.5,70.4,70.4,62.5
שמיר,90.7,2022-04-30T00:00:00.000Z,90.7,86.5,70.4,70.4,62.5
שמיר,90.7,2022-04-30T00:00:00.000Z,90.7,86.5,70.4,70.4,62.5
שמיר,90.7,2022-04-30T00:00:00.000Z,90.7,86.5,70.4,70.4,62.5
ברזילי,102.1,2022-04-30T00:00:00.000Z,102.1,72.9,79.6,79.6,60.3
ברזילי,102.1,2022-04-30T00:00:00.000Z,102.1,72.9,79.6,79.6,60.3
ברזילי,102.1,2022-04-30T00:00:00.000Z,102.1,72.9,79.6,79.6,60.3
ברזילי,102.1,2022-04-30T00:00:00.000Z,102.1,72.9,79.6,79.6,60.3
ברזילי,102.1,2022-04-30T00:00:00.000Z,102.1,72.9,79.6,79.6,60.3
ברזילי,102.1,2022-04-30T00:00:00.000Z,102.1,72.9,79.6,79.6,60.3
ברזילי,102.1,2022-04-30T00:00:00.000Z,102.1,72.9,79.6,79.6,60.3
ברזילי,102.1,2022-04-30T00:00:00.000Z,102.1,72.9,79.6,79.6,60.3
ברזילי,102.1,2022-04-30T00:00:00.000Z,102.1,72.9,79.6,79.6,60.3
ברזילי,102.1,2022-04-30T00:00:00.000Z,102.1,72.9,79.6,79.6,60.3
ברזילי,102.1,2022-04-30T00:00:00.000Z,102.1,72.9,79.6,79.6,60.3
ברזילי,102.1,2022-04-30T00:00:00.000Z,102.1,72.9,79.6,79.6,60.3
ברזילי,102.1,2022-04-30T00:00:00.000Z,102.1,72.9,79.6,79.6,60.3
ברזילי,102.1,2022-04-30T00:00:00.000Z,102.1,72.9,79.6,79.6,60.3
ברזילי,102.1,2022-04-30T00:00:00.000Z,102.1,72.9,79.6,79.6,60.3
ברזילי,102.1,2022-04-30T00:00:00.000Z,102.1,72.9,79.6,79.6,60.3
ברזילי,102.1,2022-04-30T00:00:00.000Z,102.1,72.9,79.6,79.6,60.3
ברזילי,102.1,2022-04-30T00:00:00.000Z,102.1,72.9,79.6,79.6,60.3
ברזילי,102.1,2022-04-30T00:00:00.000Z,102.1,72.9,79.6,79.6,60.3
ברזילי,102.1,2022-04-30T00:00:00.000Z,102.1,72.9,79.6,79.6,60.3
ברזילי,102.1,2022-04-30T00:00:00.000Z,102.1,72.9,79.6,79.6,60.3
ברזילי,102.1,2022-04-30T00:00:00.000Z,102.1,72.9,79.6,79.6,60.3
ברזילי,102.1,2022-04-30T00:00:00.000Z,102.1,72.9,79.6,79.6,60.3
ברזילי,102.1,2022-04-30T00:00:00.000Z,102.1,72.9,79.6,79.6,60.3
ברזילי,102.1,2022-04-30T00:00:00.000Z,102.1,72.9,79.6,79.6,60.3
ברזילי,102.1,2022-04-30T00:00:00.000Z,102.1,72.9,79.6,79.6,60.3
ברזילי,102.1,2022-04-30T00:00:00.000Z,102.1,72.9,79.6,79.6,60.3
בני ציון,89.3,2022-04-30T00:00:00.000Z,89.3,92.6,77.4,77.4,71.8
בני ציון,89.3,2022-04-30T00:00:00.000Z,89.3,92.6,77.4,77.4,71.8
שיבא,111.7,2022-04-30T00:00:00.000Z,111.7,84.1,105.6,105.6,93.9
שיבא,111.7,2022-04-30T00:00:00.000Z,111.7,84.1,105.6,105.6,93.9
שיבא,111.7,2022-04-30T00:00:00.000Z,111.7,84.1,105.6,105.6,93.9
שיבא,111.7,2022-04-30T00:00:00.000Z,111.7,84.1,105.6,105.6,93.9
שיבא,111.7,2022-04-30T00:00:00.000Z,111.7,84.1,105.6,105.6,93.9
שיבא,111.7,2022-04-30T00:00:00.000Z,111.7,84.1,105.6,105.6,93.9
שיבא,111.7,2022-04-30T00:00:00.000Z,111.7,84.1,105.6,105.6,93.9
שיבא,111.7,2022-04-30T00:00:00.000Z,111.7,84.1,105.6,105.6,93.9
שיבא,111.7,2022-04-30T00:00:00.000Z,111.7,84.1,105.6,105.6,93.9
שיבא,111.7,2022-04-30T00:00:00.000Z,111.7,84.1,105.6,105.6,93.9
שיבא,111.7,2022-04-30T00:00:00.000Z,111.7,84.1,105.6,105.6,93.9
שיבא,111.7,2022-04-30T00:00:00.000Z,111.7,84.1,105.6,105.6,93.9
שיבא,111.7,2022-04-30T00:00:00.000Z,111.7,84.1,105.6,105.6,93.9
שיבא,111.7,2022-04-30T00:00:00.000Z,111.7,84.1,105.6,105.6,93.9
שיבא,111.7,2022-04-30T00:00:00.000Z,111.7,84.1,105.6,105.6,93.9
שיבא,111.7,2022-04-30T00:00:00.000Z,111.7,84.1,105.6,105.6,93.9
שיבא,111.7,2022-04-30T00:00:00.000Z,111.7,84.1,105.6,105.6,93.9
שיבא,111.7,2022-04-30T00:00:00.000Z,111.7,84.1,105.6,105.6,93.9
שיבא,111.7,2022-04-30T00:00:00.000Z,111.7,84.1,105.6,105.6,93.9
שיבא,111.7,2022-04-30T00:00:00.000Z,111.7,84.1,105.6,105.6,93.9
שיבא,111.7,2022-04-30T00:00:00.000Z,111.7,84.1,105.6,105.6,93.9
שיבא,111.7,2022-04-30T00:00:00.000Z,111.7,84.1,105.6,105.6,93.9
שיבא,111.7,2022-04-30T00:00:00.000Z,111.7,84.1,105.6,105.6,93.9
שיבא,111.7,2022-04-30T00:00:00.000Z,111.7,84.1,105.6,105.6,93.9
שיבא,111.7,2022-04-30T00:00:00.000Z,111.7,84.1,105.6,105.6,93.9
שיבא,111.7,2022-04-30T00:00:00.000Z,111.7,84.1,105.6,105.6,93.9
שיבא,111.7,2022-04-30T00:00:00.000Z,111.7,84.1,105.6,105.6,93.9
שיבא,111.7,2022-04-30T00:00:00.000Z,111.7,84.1,105.6,105.6,93.9
שיבא,111.7,2022-04-30T00:00:00.000Z,111.7,84.1,105.6,105.6,93.9
שיבא,111.7,2022-04-30T00:00:00.000Z,111.7,84.1,105.6,105.6,93.9
שיבא,111.7,2022-04-30T00:00:00.000Z,111.7,84.1,105.6,105.6,93.9
שיבא,111.7,2022-04-30T00:00:00.000Z,111.7,84.1,105.6,105.6,93.9
שיבא,111.7,2022-04-30T00:00:00.000Z,111.7,84.1,105.6,105.6,93.9
שיבא,111.7,2022-04-30T00:00:00.000Z,111.7,84.1,105.6,105.6,93.9
נהריה,117.4,2022-04-30T00:00:00.000Z,101.6,85.3,89.6,78.6,82.6
ברזילי,102.1,2022-04-30T00:00:00.000Z,102.1,72.9,79.6,79.6,60.3
ברזילי,102.1,2022-04-30T00:00:00.000Z,102.1,72.9,79.6,79.6,60.3
ברזילי,102.1,2022-04-30T00:00:00.000Z,102.1,72.9,79.6,79.6,60.3
ברזילי,102.1,2022-04-30T00:00:00.000Z,102.1,72.9,79.6,79.6,60.3
ברזילי,102.1,2022-04-30T00:00:00.000Z,102.1,72.9,79.6,79.6,60.3
ברזילי,102.1,2022-04-30T00:00:00.000Z,102.1,72.9,79.6,79.6,60.3
ברזילי,102.1,2022-04-30T00:00:00.000Z,102.1,72.9,79.6,79.6,60.3
ברזילי,102.1,2022-04-30T00:00:00.000Z,102.1,72.9,79.6,79.6,60.3
ברזילי,102.1,2022-04-30T00:00:00.000Z,102.1,72.9,79.6,79.6,60.3
ברזילי,102.1,2022-04-30T00:00:00.000Z,102.1,72.9,79.6,79.6,60.3
ברזילי,102.1,2022-04-30T00:00:00.000Z,102.1,72.9,79.6,79.6,60.3
ברזילי,102.1,2022-04-30T00:00:00.000Z,102.1,72.9,79.6,79.6,60.3
ברזילי,102.1,2022-04-30T00:00:00.000Z,102.1,72.9,79.6,79.6,60.3
ברזילי,102.1,2022-04-30T00:00:00.000Z,102.1,72.9,79.6,79.6,60.3
ברזילי,102.1,2022-04-30T00:00:00.000Z,102.1,72.9,79.6,79.6,60.3
ברזילי,102.1,2022-04-30T00:00:00.000Z,102.1,72.9,79.6,79.6,60.3
ברזילי,102.1,2022-04-30T00:00:00.000Z,102.1,72.9,79.6,79.6,60.3
ברזילי,102.1,2022-04-30T00:00:00.000Z,102.1,72.9,79.6,79.6,60.3
ברזילי,102.1,2022-04-30T00:00:00.000Z,102.1,72.9,79.6,79.6,60.3
ברזילי,102.1,2022-04-30T00:00:00.000Z,102.1,72.9,79.6,79.6,60.3
ברזילי,102.1,2022-04-30T00:00:00.000Z,102.1,72.9,79.6,79.6,60.3
הלל יפה,114.4,2022-04-30T00:00:00.000Z,102.1,80.1,82.1,76.3,81.6
הלל יפה,114.4,2022-04-30T00:00:00.000Z,103.8,80.2,82.1,77.1,80.6
הלל יפה,114.4,2022-04-30T00:00:00.000Z,105.6,80.3,82.1,78,79.6
נהריה,117.4,2022-04-30T00:00:00.000Z,117.4,86.3,89.6,89.6,77.9
נהריה,117.4,2022-04-30T00:00:00.000Z,117.4,86.3,89.6,89.6,77.9
נהריה,117.4,2022-04-30T00:00:00.000Z,117.4,86.3,89.6,89.6,77.9
נהריה,117.4,2022-04-30T00:00:00.000Z,117.4,86.3,89.6,89.6,77.9
נהריה,117.4,2022-04-30T00:00:00.000Z,117.4,86.3,89.6,89.6,77.9
נהריה,117.4,2022-04-30T00:00:00.000Z,117.4,86.3,89.6,89.6,77.9
נהריה,117.4,2022-04-30T00:00:00.000Z,117.4,86.3,89.6,89.6,77.9
נהריה,117.4,2022-04-30T00:00:00.000Z,117.4,86.3,89.6,89.6,77.9
נהריה,117.4,2022-04-30T00:00:00.000Z,117.4,86.3,89.6,89.6,77.9
נהריה,117.4,2022-04-30T00:00:00.000Z,117.4,86.3,89.6,89.6,77.9
נהריה,117.4,2022-04-30T00:00:00.000Z,117.4,86.3,89.6,89.6,77.9
נהריה,117.4,2022-04-30T00:00:00.000Z,117.4,86.3,89.6,89.6,77.9
נהריה,117.4,2022-04-30T00:00:00.000Z,117.4,86.3,89.6,89.6,77.9
נהריה,117.4,2022-04-30T00:00:00.000Z,117.4,86.3,89.6,89.6,77.9
נהריה,117.4,2022-04-30T00:00:00.000Z,117.4,86.3,89.6,89.6,77.9
נהריה,117.4,2022-04-30T00:00:00.000Z,117.4,86.3,89.6,89.6,77.9
נהריה,117.4,2022-04-30T00:00:00.000Z,117.4,86.3,89.6,89.6,77.9
נהריה,117.4,2022-04-30T00:00:00.000Z,117.4,86.3,89.6,89.6,77.9
נהריה,117.4,2022-04-30T00:00:00.000Z,117.4,86.3,89.6,89.6,77.9
נהריה,117.4,2022-04-30T00:00:00.000Z,117.4,86.3,89.6,89.6,77.9
נהריה,117.4,2022-04-30T00:00:00.000Z,117.4,86.3,89.6,89.6,77.9
נהריה,117.4,2022-04-30T00:00:00.000Z,117.4,86.3,89.6,89.6,77.9
נהריה,117.4,2022-04-30T00:00:00.000Z,117.4,86.3,89.6,89.6,77.9
נהריה,117.4,2022-04-30T00:00:00.000Z,117.4,86.3,89.6,89.6,77.9
נהריה,117.4,2022-04-30T00:00:00.000Z,117.4,86.3,89.6,89.6,77.9
קפלן,87.3,2022-04-30T00:00:00.000Z,76.7,87.3,75.3,67.5,70.9
קפלן,87.3,2022-04-30T00:00:00.000Z,78.2,87.4,75.3,68.6,70.5
קפלן,87.3,2022-04-30T00:00:00.000Z,79.7,87.5,75.3,69.7,70
קפלן,87.3,2022-04-30T00:00:00.000Z,81.2,87.6,75.3,70.8,69.5
קפלן,87.3,2022-04-30T00:00:00.000Z,82.8,87.7,75.3,71.9,69.1
קפלן,87.3,2022-04-30T00:00:00.000Z,84.3,87.8,75.3,73,68.6
קפלן,87.3,2022-04-30T00:00:00.000Z,85.8,87.9,75.3,74.2,68.2
קפלן,87.3,2022-04-30T00:00:00.000Z,87.3,88,75.3,75.3,67.7
קפלן,87.3,2022-04-30T00:00:00.000Z,87.3,88,75.3,75.3,67.7
קפלן,87.3,2022-04-30T00:00:00.000Z,87.3,88,75.3,75.3,67.7
קפלן,87.3,2022-04-30T00:00:00.000Z,87.3,88,75.3,75.3,67.7
קפלן,87.3,2022-04-30T00:00:00.000Z,87.3,88,75.3,75.3,67.7
קפלן,87.3,2022-04-30T00:00:00.000Z,87.3,88,75.3,75.3,67.7
קפלן,87.3,2022-04-30T00:00:00.000Z,87.3,88,75.3,75.3,67.7
קפלן,87.3,2022-04-30T00:00:00.000Z,87.3,88,75.3,75.3,67.7
קפלן,87.3,2022-04-30T00:00:00.000Z,87.3,88,75.3,75.3,67.7
קפלן,87.3,2022-04-30T00:00:00.000Z,87.3,88,75.3,75.3,67.7
קפלן,87.3,2022-04-30T00:00:00.000Z,87.3,88,75.3,75.3,67.7
קפלן,87.3,2022-04-30T00:00:00.000Z,87.3,88,75.3,75.3,67.7
קפלן,87.3,2022-04-30T00:00:00.000Z,87.3,88,75.3,75.3,67.7
קפלן,87.3,2022-04-30T00:00:00.000Z,87.3,88,75.3,75.3,67.7
קפלן,87.3,2022-04-30T00:00:00.000Z,87.3,88,75.3,75.3,67.7
קפלן,87.3,2022-04-30T00:00:00.000Z,87.3,88,75.3,75.3,67.7
קפלן,87.3,2022-04-30T00:00:00.000Z,87.3,88,75.3,75.3,67.7
קפלן,87.3,2022-04-30T00:00:00.000Z,87.3,88,75.3,75.3,67.7
קפלן,87.3,2022-04-30T00:00:00.000Z,87.3,88,75.3,75.3,67.7
קפלן,87.3,2022-04-30T00:00:00.000Z,87.3,88,75.3,75.3,67.7
קפלן,87.3,2022-04-30T00:00:00.000Z,87.3,88,75.3,75.3,67.7
קפלן,87.3,2022-04-30T00:00:00.000Z,87.3,88,75.3,75.3,67.7
קפלן,87.3,2022-04-30T00:00:00.000Z,87.3,88,75.3,75.3,67.7
קפלן,87.3,2022-04-30T00:00:00.000Z,87.3,88,75.3,75.3,67.7
קפלן,87.3,2022-04-30T00:00:00.000Z,87.3,88,75.3,75.3,67.7
קפלן,87.3,2022-04-30T00:00:00.000Z,87.3,88,75.3,75.3,67.7
קפלן,87.3,2022-04-30T00:00:00.000Z,87.3,88,75.3,75.3,67.7
קפלן,87.3,2022-04-30T00:00:00.000Z,87.3,88,75.3,75.3,67.7
קפלן,87.3,2022-04-30T00:00:00.000Z,87.3,88,75.3,75.3,67.7
קפלן,87.3,2022-04-30T00:00:00.000Z,87.3,88,75.3,75.3,67.7
קפלן,87.3,2022-04-30T00:00:00.000Z,87.3,88,75.3,75.3,67.7
קפלן,87.3,2022-04-30T00:00:00.000Z,87.3,88,75.3,75.3,67.7
קפלן,87.3,2022-04-30T00:00:00.000Z,87.3,88,75.3,75.3,67.7
קפלן,87.3,2022-04-30T00:00:00.000Z,87.3,88,75.3,75.3,67.7
קפלן,87.3,2022-04-30T00:00:00.000Z,87.3,88,75.3,75.3,67.7
קפלן,87.3,2022-04-30T00:00:00.000Z,87.3,88,75.3,75.3,67.7
קפלן,87.3,2022-04-30T00:00:00.000Z,87.3,88,75.3,75.3,67.7
קפלן,87.3,2022-04-30T00:00:00.000Z,87.3,88,75.3,75.3,67.7
קפלן,87.3,2022-04-30T00:00:00.000Z,87.3,88,75.3,75.3,67.7
קפלן,87.3,2022-04-30T00:00:00.000Z,87.3,88,75.3,75.3,67.7
קפלן,87.3,2022-04-30T00:00:00.000Z,87.3,88,75.3,75.3,67.7
קפלן,87.3,2022-04-30T00:00:00.000Z,87.3,88,75.3,75.3,67.7
קפלן,87.3,2022-04-30T00:00:00.000Z,87.3,88,75.3,75.3,67.7
קפלן,87.3,2022-04-30T00:00:00.000Z,87.3,88,75.3,75.3,67.7
קפלן,87.3,2022-04-30T00:00:00.000Z,87.3,88,75.3,75.3,67.7
קפלן,87.3,2022-04-30T00:00:00.000Z,87.3,88,75.3,75.3,67.7
קפלן,87.3,2022-04-30T00:00:00.000Z,87.3,88,75.3,75.3,67.7
קפלן,87.3,2022-04-30T00:00:00.000Z,87.3,88,75.3,75.3,67.7
קפלן,87.3,2022-04-30T00:00:00.000Z,87.3,88,75.3,75.3,67.7
קפלן,87.3,2022-04-30T00:00:00.000Z,87.3,88,75.3,75.3,67.7
קפלן,87.3,2022-04-30T00:00:00.000Z,87.3,88,75.3,75.3,67.7
קפלן,87.3,2022-04-30T00:00:00.000Z,87.3,88,75.3,75.3,67.7
קפלן,87.3,2022-04-30T00:00:00.000Z,87.3,88,75.3,75.3,67.7
קפלן,87.3,2022-04-30T00:00:00.000Z,87.3,88,75.3,75.3,67.7
קפלן,87.3,2022-04-30T00:00:00.000Z,87.3,88,75.3,75.3,67.7
קפלן,87.3,2022-04-30T00:00:00.000Z,87.3,88,75.3,75.3,67.7
קפלן,87.3,2022-04-30T00:00:00.000Z,87.3,88,75.3,75.3,67.7
קפלן,87.3,2022-04-30T00:00:00.000Z,87.3,88,75.3,75.3,67.7
קפלן,87.3,2022-04-30T00:00:00.000Z,87.3,88,75.3,75.3,67.7
קפלן,87.3,2022-04-30T00:00:00.000Z,87.3,88,75.3,75.3,67.7
קפלן,87.3,2022-04-30T00:00:00.000Z,87.3,88,75.3,75.3,67.7
קפלן,87.3,2022-04-30T00:00:00.000Z,87.3,88,75.3,75.3,67.7
קפלן,87.3,2022-04-30T00:00:00.000Z,87.3,88,75.3,75.3,67.7
קפלן,87.3,2022-04-30T00:00:00.000Z,87.3,88,75.3,75.3,67.7
קפלן,87.3,2022-04-30T00:00:00.000Z,87.3,88,75.3,75.3,67.7
קפלן,87.3,2022-04-30T00:00:00.000Z,87.3,88,75.3,75.3,67.7
קפלן,87.3,2022-04-30T00:00:00.000Z,87.3,88,75.3,75.3,67.7
קפלן,87.3,2022-04-30T00:00:00.000Z,87.3,88,75.3,75.3,67.7
קפלן,87.3,2022-04-30T00:00:00.000Z,87.3,88,75.3,75.3,67.7
קפלן,87.3,2022-04-30T00:00:00.000Z,87.3,88,75.3,75.3,67.7
קפלן,87.3,2022-04-30T00:00:00.000Z,87.3,88,75.3,75.3,67.7
קפלן,87.3,2022-04-30T00:00:00.000Z,87.3,88,75.3,75.3,67.7
קפלן,87.3,2022-04-30T00:00:00.000Z,87.3,88,75.3,75.3,67.7
קפלן,87.3,2022-04-30T00:00:00.000Z,87.3,88,75.3,75.3,67.7
קפלן,87.3,2022-04-30T00:00:00.000Z,87.3,88,75.3,75.3,67.7
קפלן,87.3,2022-04-30T00:00:00.000Z,87.3,88,75.3,75.3,67.7
קפלן,87.3,2022-04-30T00:00:00.000Z,87.3,88,75.3,75.3,67.7
קפלן,87.3,2022-04-30T00:00:00.000Z,87.3,88,75.3,75.3,67.7
קפלן,87.3,2022-04-30T00:00:00.000Z,87.3,88,75.3,75.3,67.7
קפלן,87.3,2022-04-30T00:00:00.000Z,87.3,88,75.3,75.3,67.7
קפלן,87.3,2022-04-30T00:00:00.000Z,87.3,88,75.3,75.3,67.7
קפלן,87.3,2022-04-30T00:00:00.000Z,87.3,88,75.3,75.3,67.7
קפלן,87.3,2022-04-30T00:00:00.000Z,87.3,88,75.3,75.3,67.7
קפלן,87.3,2022-04-30T00:00:00.000Z,87.3,88,75.3,75.3,67.7
קפלן,87.3,2022-04-30T00:00:00.000Z,87.3,88,75.3,75.3,67.7
קפלן,87.3,2022-04-30T00:00:00.000Z,87.3,88,75.3,75.3,67.7
קפלן,87.3,2022-04-30T00:00:00.000Z,87.3,88,75.3,75.3,67.7
קפלן,87.3,2022-04-30T00:00:00.000Z,87.3,88,75.3,75.3,67.7
קפלן,87.3,2022-04-30T00:00:00.000Z,87.3,88,75.3,75.3,67.7
קפלן,87.3,2022-04-30T00:00:00.000Z,87.3,88,75.3,75.3,67.7
קפלן,87.3,2022-04-30T00:00:00.000Z,87.3,88,75.3,75.3,67.7
קפלן,87.3,2022-04-30T00:00:00.000Z,87.3,88,75.3,75.3,67.7
קפלן,87.3,2022-04-30T00:00:00.000Z,87.3,88,75.3,75.3,67.7
קפלן,87.3,2022-04-30T00:00:00.000Z,87.3,88,75.3,75.3,67.7
קפלן,87.3,2022-04-30T00:00:00.000Z,87.3,88,75.3,75.3,67.7
קפלן,87.3,2022-04-30T00:00:00.000Z,87.3,88,75.3,75.3,67.7
קפלן,87.3,2022-04-30T00:00:00.000Z,87.3,88,75.3,75.3,67.7
קפלן,87.3,2022-04-30T00:00:00.000Z,87.3,88,75.3,75.3,67.7
קפלן,87.3,2022-04-30T00:00:00.000Z,87.3,88,75.3,75.3,67.7
קפלן,87.3,2022-04-30T00:00:00.000Z,87.3,88,75.3,75.3,67.7
קפלן,87.3,2022-04-30T00:00:00.000Z,87.3,88,75.3,75.3,67.7
קפלן,87.3,2022-04-30T00:00:00.000Z,87.3,88,75.3,75.3,67.7
קפלן,87.3,2022-04-30T00:00:00.000Z,87.3,88,75.3,75.3,67.7
קפלן,87.3,2022-04-30T00:00:00.000Z,87.3,88,75.3,75.3,67.7
קפלן,87.3,2022-04-30T00:00:00.000Z,87.3,88,75.3,75.3,67.7
קפלן,87.3,2022-04-30T00:00:00.000Z,87.3,88,75.3,75.3,67.7
קפלן,87.3,2022-04-30T00:00:00.000Z,87.3,88,75.3,75.3,67.7
קפלן,87.3,2022-04-30T00:00:00.000Z,87.3,88,75.3,75.3,67.7
קפלן,87.3,2022-04-30T00:00:00.000Z,87.3,88,75.3,75.3,67.7
קפלן,87.3,2022-04-30T00:00:00.000Z,87.3,88,75.3,75.3,67.7
קפלן,87.3,2022-04-30T00:00:00.000Z,87.3,88,75.3,75.3,67.7
קפלן,87.3,2022-04-30T00:00:00.000Z,87.3,88,75.3,75.3,67.7
קפלן,87.3,2022-04-30T00:00:00.000Z,87.3,88,75.3,75.3,67.7
קפלן,87.3,2022-04-30T00:00:00.000Z,87.3,88,75.3,75.3,67.7
קפלן,87.3,2022-04-30T00:00:00.000Z,87.3,88,75.3,75.3,67.7
קפלן,87.3,2022-04-30T00:00:00.000Z,87.3,88,75.3,75.3,67.7
קפלן,87.3,2022-04-30T00:00:00.000Z,87.3,88,75.3,75.3,67.7
קפלן,87.3,2022-04-30T00:00:00.000Z,87.3,88,75.3,75.3,67.7
קפלן,87.3,2022-04-30T00:00:00.000Z,87.3,88,75.3,75.3,67.7
קפלן,87.3,2022-04-30T00:00:00.000Z,87.3,88,75.3,75.3,67.7
קפלן,87.3,2022-04-30T00:00:00.000Z,87.3,88,75.3,75.3,67.7
קפלן,87.3,2022-04-30T00:00:00.000Z,87.3,88,75.3,75.3,67.7
קפלן,87.3,2022-04-30T00:00:00.000Z,87.3,88,75.3,75.3,67.7
קפלן,87.3,2022-04-30T00:00:00.000Z,87.3,88,75.3,75.3,67.7
קפלן,87.3,2022-04-30T00:00:00.000Z,87.3,88,75.3,75.3,67.7
קפלן,87.3,2022-04-30T00:00:00.000Z,87.3,88,75.3,75.3,67.7
קפלן,87.3,2022-04-30T00:00:00.000Z,87.3,88,75.3,75.3,67.7
קפלן,87.3,2022-04-30T00:00:00.000Z,87.3,88,75.3,75.3,67.7
קפלן,87.3,2022-04-30T00:00:00.000Z,87.3,88,75.3,75.3,67.7
קפלן,87.3,2022-04-30T00:00:00.000Z,87.3,88,75.3,75.3,67.7
קפלן,87.3,2022-04-30T00:00:00.000Z,87.3,88,75.3,75.3,67.7
קפלן,87.3,2022-04-30T00:00:00.000Z,87.3,88,75.3,75.3,67.7
קפלן,87.3,2022-04-30T00:00:00.000Z,87.3,88,75.3,75.3,67.7
קפלן,87.3,2022-04-30T00:00:00.000Z,87.3,88,75.3,75.3,67.7
קפלן,87.3,2022-04-30T00:00:00.000Z,87.3,88,75.3,75.3,67.7
קפלן,87.3,2022-04-30T00:00:00.000Z,87.3,88,75.3,75.3,67.7
קפלן,87.3,2022-04-30T00:00:00.000Z,87.3,88,75.3,75.3,67.7
קפלן,87.3,2022-04-30T00:00:00.000Z,87.3,88,75.3,75.3,67.7
קפלן,87.3,2022-04-30T00:00:00.000Z,87.3,88,75.3,75.3,67.7
קפלן,87.3,2022-04-30T00:00:00.000Z,87.3,88,75.3,75.3,67.7
קפלן,87.3,2022-04-30T00:00:00.000Z,87.3,88,75.3,75.3,67.7
קפלן,87.3,2022-04-30T00:00:00.000Z,87.3,88,75.3,75.3,67.7
קפלן,87.3,2022-04-30T00:00:00.000Z,87.3,88,75.3,75.3,67.7
קפלן,87.3,2022-04-30T00:00:00.000Z,87.3,88,75.3,75.3,67.7
קפלן,87.3,2022-04-30T00:00:00.000Z,87.3,88,75.3,75.3,67.7
קפלן,87.3,2022-04-30T00:00:00.000Z,87.3,88,75.3,75.3,67.7
קפלן,87.3,2022-04-30T00:00:00.000Z,87.3,88,75.3,75.3,67.7
קפלן,87.3,2022-04-30T00:00:00.000Z,87.3,88,75.3,75.3,67.7
קפלן,87.3,2022-04-30T00:00:00.000Z,87.3,88,75.3,75.3,67.7
קפלן,87.3,2022-04-30T00:00:00.000Z,87.3,88,75.3,75.3,67.7
קפלן,87.3,2022-04-30T00:00:00.000Z,87.3,88,75.3,75.3,67.7
קפלן,87.3,2022-04-30T00:00:00.000Z,87.3,88,75.3,75.3,67.7
קפלן,87.3,2022-04-30T00:00:00.000Z,87.3,88,75.3,75.3,67.7
קפלן,87.3,2022-04-30T00:00:00.000Z,87.3,88,75.3,75.3,67.7
הדסה הר הצופים,80.6,2022-04-30T00:00:00.000Z,80.6,61.1,74.3,74.3,66
הדסה הר הצופים,80.6,2022-04-30T00:00:00.000Z,80.6,61.1,74.3,74.3,66
הדסה הר הצופים,80.6,2022-04-30T00:00:00.000Z,80.6,61.1,74.3,74.3,66
הדסה הר הצופים,80.6,2022-04-30T00:00:00.000Z,80.6,61.1,74.3,74.3,66
הדסה הר הצופים,80.6,2022-04-30T00:00:00.000Z,80.6,61.1,74.3,74.3,66
הדסה הר הצופים,80.6,2022-04-30T00:00:00.000Z,80.6,61.1,74.3,74.3,66
הדסה הר הצופים,80.6,2022-04-30T00:00:00.000Z,80.6,61.1,74.3,74.3,66
הדסה הר הצופים,80.6,2022-04-30T00:00:00.000Z,80.6,61.1,74.3,74.3,66
הדסה הר הצופים,80.6,2022-04-30T00:00:00.000Z,80.6,61.1,74.3,74.3,66
הדסה הר הצופים,80.6,2022-04-30T00:00:00.000Z,80.6,61.1,74.3,74.3,66
הדסה הר הצופים,80.6,2022-04-30T00:00:00.000Z,80.6,61.1,74.3,74.3,66
הדסה הר הצופים,80.6,2022-04-30T00:00:00.000Z,80.6,61.1,74.3,74.3,66
הדסה הר הצופים,80.6,2022-04-30T00:00:00.000Z,80.6,61.1,74.3,74.3,66
הדסה הר הצופים,80.6,2022-04-30T00:00:00.000Z,80.6,61.1,74.3,74.3,66
הדסה הר הצופים,80.6,2022-04-30T00:00:00.000Z,80.6,61.1,74.3,74.3,66
הדסה הר הצופים,80.6,2022-04-30T00:00:00.000Z,80.6,61.1,74.3,74.3,66
הדסה הר הצופים,80.6,2022-04-30T00:00:00.000Z,80.6,61.1,74.3,74.3,66
הדסה הר הצופים,80.6,2022-04-30T00:00:00.000Z,80.6,61.1,74.3,74.3,66
הדסה הר הצופים,80.6,2022-04-30T00:00:00.000Z,80.6,61.1,74.3,74.3,66
הדסה הר הצופים,80.6,2022-04-30T00:00:00.000Z,80.6,61.1,74.3,74.3,66
הדסה הר הצופים,80.6,2022-04-30T00:00:00.000Z,80.6,61.1,74.3,74.3,66
הדסה הר הצופים,80.6,2022-04-30T00:00:00.000Z,80.6,61.1,74.3,74.3,66
הדסה הר הצופים,80.6,2022-04-30T00:00:00.000Z,80.6,61.1,74.3,74.3,66
הדסה הר הצופים,80.6,2022-04-30T00:00:00.000Z,80.6,61.1,74.3,74.3,66
הדסה הר הצופים,80.6,2022-04-30T00:00:00.000Z,80.6,61.1,74.3,74.3,66
הדסה הר הצופים,80.6,2022-04-30T00:00:00.000Z,80.6,61.1,74.3,74.3,66
הדסה הר הצופים,80.6,2022-04-30T00:00:00.000Z,80.6,61.1,74.3,74.3,66
הדסה הר הצופים,80.6,2022-04-30T00:00:00.000Z,80.6,61.1,74.3,74.3,66
הדסה הר הצופים,80.6,2022-04-30T00:00:00.000Z,80.6,61.1,74.3,74.3,66
הדסה הר הצופים,80.6,2022-04-30T00:00:00.000Z,80.6,61.1,74.3,74.3,66
הדסה הר הצופים,80.6,2022-04-30T00:00:00.000Z,80.6,61.1,74.3,74.3,66
הדסה הר הצופים,80.6,2022-04-30T00:00:00.000Z,80.6,61.1,74.3,74.3,66
הדסה הר הצופים,80.6,2022-04-30T00:00:00.000Z,80.6,61.1,74.3,74.3,66
הדסה הר הצופים,80.6,2022-04-30T00:00:00.000Z,80.6,61.1,74.3,74.3,66
הדסה הר הצופים,80.6,2022-04-30T00:00:00.000Z,80.6,61.1,74.3,74.3,66
הדסה הר הצופים,80.6,2022-04-30T00:00:00.000Z,80.6,61.1,74.3,74.3,66
הדסה הר הצופים,80.6,2022-04-30T00:00:00.000Z,80.6,61.1,74.3,74.3,66
הדסה הר הצופים,80.6,2022-04-30T00:00:00.000Z,80.6,61.1,74.3,74.3,66
הדסה הר הצופים,80.6,2022-04-30T00:00:00.000Z,80.6,61.1,74.3,74.3,66
הדסה הר הצופים,80.6,2022-04-30T00:00:00.000Z,80.6,61.1,74.3,74.3,66
הדסה הר הצופים,80.6,2022-04-30T00:00:00.000Z,80.6,61.1,74.3,74.3,66
הדסה הר הצופים,80.6,2022-04-30T00:00:00.000Z,80.6,61.1,74.3,74.3,66
הדסה הר הצופים,80.6,2022-04-30T00:00:00.000Z,80.6,61.1,74.3,74.3,66
הדסה הר הצופים,80.6,2022-04-30T00:00:00.000Z,80.6,61.1,74.3,74.3,66
הדסה הר הצופים,80.6,2022-04-30T00:00:00.000Z,80.6,61.1,74.3,74.3,66
הדסה הר הצופים,80.6,2022-04-30T00:00:00.000Z,80.6,61.1,74.3,74.3,66
הדסה הר הצופים,80.6,2022-04-30T00:00:00.000Z,80.6,61.1,74.3,74.3,66
הדסה הר הצופים,80.6,2022-04-30T00:00:00.000Z,80.6,61.1,74.3,74.3,66
הדסה הר הצופים,80.6,2022-04-30T00:00:00.000Z,80.6,61.1,74.3,74.3,66
הדסה הר הצופים,80.6,2022-04-30T00:00:00.000Z,80.6,61.1,74.3,74.3,66
הדסה הר הצופים,80.6,2022-04-30T00:00:00.000Z,80.6,61.1,74.3,74.3,66
הדסה הר הצופים,80.6,2022-04-30T00:00:00.000Z,80.6,61.1,74.3,74.3,66
הדסה הר הצופים,80.6,2022-04-30T00:00:00.000Z,80.6,61.1,74.3,74.3,66
הדסה הר הצופים,80.6,2022-04-30T00:00:00.000Z,80.6,61.1,74.3,74.3,66
הדסה הר הצופים,80.6,2022-04-30T00:00:00.000Z,80.6,61.1,74.3,74.3,66
הדסה הר הצופים,80.6,2022-04-30T00:00:00.000Z,80.6,61.1,74.3,74.3,66
הדסה הר הצופים,80.6,2022-04-30T00:00:00.000Z,80.6,61.1,74.3,74.3,66
הדסה הר הצופים,80.6,2022-04-30T00:00:00.000Z,80.6,61.1,74.3,74.3,66
הדסה הר הצופים,80.6,2022-04-30T00:00:00.000Z,80.6,61.1,74.3,74.3,66
הדסה הר הצופים,80.6,2022-04-30T00:00:00.000Z,80.6,61.1,74.3,74.3,66
הדסה הר הצופים,80.6,2022-04-30T00:00:00.000Z,80.6,61.1,74.3,74.3,66
הדסה הר הצופים,80.6,2022-04-30T00:00:00.000Z,80.6,61.1,74.3,74.3,66
הדסה הר הצופים,80.6,2022-04-30T00:00:00.000Z,80.6,61.1,74.3,74.3,66
הדסה הר הצופים,80.6,2022-04-30T00:00:00.000Z,80.6,61.1,74.3,74.3,66
הדסה הר הצופים,80.6,2022-04-30T00:00:00.000Z,80.6,61.1,74.3,74.3,66
הדסה הר הצופים,80.6,2022-04-30T00:00:00.000Z,80.6,61.1,74.3,74.3,66
הדסה הר הצופים,80.6,2022-04-30T00:00:00.000Z,80.6,61.1,74.3,74.3,66
הדסה הר הצופים,80.6,2022-04-30T00:00:00.000Z,80.6,61.1,74.3,74.3,66
הדסה הר הצופים,80.6,2022-04-30T00:00:00.000Z,80.6,61.1,74.3,74.3,66
הדסה הר הצופים,80.6,2022-04-30T00:00:00.000Z,80.6,61.1,74.3,74.3,66
הדסה הר הצופים,80.6,2022-04-30T00:00:00.000Z,80.6,61.1,74.3,74.3,66
הדסה הר הצופים,80.6,2022-04-30T00:00:00.000Z,80.6,61.1,74.3,74.3,66
הדסה הר הצופים,80.6,2022-04-30T00:00:00.000Z,80.6,61.1,74.3,74.3,66
הדסה הר הצופים,80.6,2022-04-30T00:00:00.000Z,80.6,61.1,74.3,74.3,66
הדסה הר הצופים,80.6,2022-04-30T00:00:00.000Z,80.6,61.1,74.3,74.3,66
הדסה הר הצופים,80.6,2022-04-30T00:00:00.000Z,80.6,61.1,74.3,74.3,66
הדסה הר הצופים,80.6,2022-04-30T00:00:00.000Z,80.6,61.1,74.3,74.3,66
הדסה הר הצופים,80.6,2022-04-30T00:00:00.000Z,80.6,61.1,74.3,74.3,66
הדסה הר הצופים,80.6,2022-04-30T00:00:00.000Z,80.6,61.1,74.3,74.3,66
הדסה הר הצופים,80.6,2022-04-30T00:00:00.000Z,80.6,61.1,74.3,74.3,66
הדסה הר הצופים,80.6,2022-04-30T00:00:00.000Z,80.6,61.1,74.3,74.3,66
הדסה הר הצופים,80.6,2022-04-30T00:00:00.000Z,80.6,61.1,74.3,74.3,66
הדסה הר הצופים,80.6,2022-04-30T00:00:00.000Z,80.6,61.1,74.3,74.3,66
הדסה הר הצופים,80.6,2022-04-30T00:00:00.000Z,80.6,61.1,74.3,74.3,66
הדסה הר הצופים,80.6,2022-04-30T00:00:00.000Z,80.6,61.1,74.3,74.3,66
הדסה הר הצופים,80.6,2022-04-30T00:00:00.000Z,80.6,61.1,74.3,74.3,66
הדסה הר הצופים,80.6,2022-04-30T00:00:00.000Z,80.6,61.1,74.3,74.3,66
הדסה הר הצופים,80.6,2022-04-30T00:00:00.000Z,80.6,61.1,74.3,74.3,66
הדסה הר הצופים,80.6,2022-04-30T00:00:00.000Z,80.6,61.1,74.3,74.3,66
הדסה הר הצופים,80.6,2022-04-30T00:00:00.000Z,80.6,61.1,74.3,74.3,66
הדסה הר הצופים,80.6,2022-04-30T00:00:00.000Z,80.6,61.1,74.3,74.3,66
הדסה הר הצופים,80.6,2022-04-30T00:00:00.000Z,80.6,61.1,74.3,74.3,66
הדסה הר הצופים,80.6,2022-04-30T00:00:00.000Z,80.6,61.1,74.3,74.3,66
הדסה הר הצופים,80.6,2022-04-30T00:00:00.000Z,80.6,61.1,74.3,74.3,66
הדסה הר הצופים,80.6,2022-04-30T00:00:00.000Z,80.6,61.1,74.3,74.3,66
הדסה הר הצופים,80.6,2022-04-30T00:00:00.000Z,80.6,61.1,74.3,74.3,66
הדסה הר הצופים,80.6,2022-04-30T00:00:00.000Z,80.6,61.1,74.3,74.3,66
הדסה הר הצופים,80.6,2022-04-30T00:00:00.000Z,80.6,61.1,74.3,74.3,66
הדסה הר הצופים,80.6,2022-04-30T00:00:00.000Z,80.6,61.1,74.3,74.3,66
הדסה הר הצופים,80.6,2022-04-30T00:00:00.000Z,80.6,61.1,74.3,74.3,66
הדסה הר הצופים,80.6,2022-04-30T00:00:00.000Z,80.6,61.1,74.3,74.3,66
הדסה הר הצופים,80.6,2022-04-30T00:00:00.000Z,80.6,61.1,74.3,74.3,66
הדסה הר הצופים,80.6,2022-04-30T00:00:00.000Z,80.6,61.1,74.3,74.3,66
הדסה הר הצופים,80.6,2022-04-30T00:00:00.000Z,80.6,61.1,74.3,74.3,66
הדסה הר הצופים,80.6,2022-04-30T00:00:00.000Z,80.6,61.1,74.3,74.3,66
הדסה הר הצופים,80.6,2022-04-30T00:00:00.000Z,80.6,61.1,74.3,74.3,66
הדסה הר הצופים,80.6,2022-04-30T00:00:00.000Z,80.6,61.1,74.3,74.3,66
קפלן,87.3,2022-04-30T00:00:00.000Z,87.3,88,75.3,75.3,67.7
קפלן,87.3,2022-04-30T00:00:00.000Z,87.3,88,75.3,75.3,67.7
קפלן,87.3,2022-04-30T00:00:00.000Z,87.3,88,75.3,75.3,67.7
קפלן,87.3,2022-04-30T00:00:00.000Z,87.3,88,75.3,75.3,67.7
קפלן,87.3,2022-04-30T00:00:00.000Z,87.3,88,75.3,75.3,67.7
קפלן,87.3,2022-04-30T00:00:00.000Z,87.3,88,75.3,75.3,67.7
קפלן,87.3,2022-04-30T00:00:00.000Z,87.3,88,75.3,75.3,67.7
קפלן,87.3,2022-04-30T00:00:00.000Z,87.3,88,75.3,75.3,67.7
קפלן,87.3,2022-04-30T00:00:00.000Z,87.3,88,75.3,75.3,67.7
קפלן,87.3,2022-04-30T00:00:00.000Z,87.3,88,75.3,75.3,67.7
קפלן,87.3,2022-04-30T00:00:00.000Z,87.3,88,75.3,75.3,67.7
קפלן,87.3,2022-04-30T00:00:00.000Z,87.3,88,75.3,75.3,67.7
קפלן,87.3,2022-04-30T00:00:00.000Z,87.3,88,75.3,75.3,67.7
קפלן,87.3,2022-04-30T00:00:00.000Z,87.3,88,75.3,75.3,67.7
קפלן,87.3,2022-04-30T00:00:00.000Z,87.3,88,75.3,75.3,67.7
קפלן,87.3,2022-04-30T00:00:00.000Z,87.3,88,75.3,75.3,67.7
קפלן,87.3,2022-04-30T00:00:00.000Z,87.3,88,75.3,75.3,67.7
קפלן,87.3,2022-04-30T00:00:00.000Z,87.3,88,75.3,75.3,67.7
קפלן,87.3,2022-04-30T00:00:00.000Z,87.3,88,75.3,75.3,67.7
קפלן,87.3,2022-04-30T00:00:00.000Z,87.3,88,75.3,75.3,67.7
קפלן,87.3,2022-04-30T00:00:00.000Z,87.3,88,75.3,75.3,67.7
קפלן,87.3,2022-04-30T00:00:00.000Z,87.3,88,75.3,75.3,67.7
קפלן,87.3,2022-04-30T00:00:00.000Z,87.3,88,75.3,75.3,67.7
קפלן,87.3,2022-04-30T00:00:00.000Z,87.3,88,75.3,75.3,67.7
קפלן,87.3,2022-04-30T00:00:00.000Z,87.3,88,75.3,75.3,67.7
קפלן,87.3,2022-04-30T00:00:00.000Z,87.3,88,75.3,75.3,67.7
קפלן,87.3,2022-04-30T00:00:00.000Z,87.3,88,75.3,75.3,67.7
קפלן,87.3,2022-04-30T00:00:00.000Z,87.3,88,75.3,75.3,67.7
קפלן,87.3,2022-04-30T00:00:00.000Z,87.3,88,75.3,75.3,67.7
קפלן,87.3,2022-04-30T00:00:00.000Z,87.3,88,75.3,75.3,67.7
קפלן,87.3,2022-04-30T00:00:00.000Z,87.3,88,75.3,75.3,67.7
קפלן,87.3,2022-04-30T00:00:00.000Z,87.3,88,75.3,75.3,67.7
קפלן,87.3,2022-04-30T00:00:00.000Z,87.3,88,75.3,75.3,67.7
קפלן,87.3,2022-04-30T00:00:00.000Z,87.3,88,75.3,75.3,67.7
קפלן,87.3,2022-04-30T00:00:00.000Z,87.3,88,75.3,75.3,67.7
קפלן,87.3,2022-04-30T00:00:00.000Z,87.3,88,75.3,75.3,67.7
קפלן,87.3,2022-04-30T00:00:00.000Z,87.3,88,75.3,75.3,67.7
קפלן,87.3,2022-04-30T00:00:00.000Z,87.3,88,75.3,75.3,67.7
קפלן,87.3,2022-04-30T00:00:00.000Z,87.3,88,75.3,75.3,67.7
קפלן,87.3,2022-04-30T00:00:00.000Z,87.3,88,75.3,75.3,67.7
קפלן,87.3,2022-04-30T00:00:00.000Z,87.3,88,75.3,75.3,67.7
קפלן,87.3,2022-04-30T00:00:00.000Z,87.3,88,75.3,75.3,67.7
קפלן,87.3,2022-04-30T00:00:00.000Z,87.3,88,75.3,75.3,67.7
קפלן,87.3,2022-04-30T00:00:00.000Z,87.3,88,75.3,75.3,67.7
קפלן,87.3,2022-04-30T00:00:00.000Z,87.3,88,75.3,75.3,67.7
קפלן,87.3,2022-04-30T00:00:00.000Z,87.3,88,75.3,75.3,67.7
קפלן,87.3,2022-04-30T00:00:00.000Z,87.3,88,75.3,75.3,67.7
קפלן,87.3,2022-04-30T00:00:00.000Z,87.3,88,75.3,75.3,67.7
קפלן,87.3,2022-04-30T00:00:00.000Z,87.3,88,75.3,75.3,67.7
קפלן,87.3,2022-04-30T00:00:00.000Z,87.3,88,75.3,75.3,67.7
קפלן,87.3,2022-04-30T00:00:00.000Z,87.3,88,75.3,75.3,67.7
קפלן,87.3,2022-04-30T00:00:00.000Z,87.3,88,75.3,75.3,67.7
קפלן,87.3,2022-04-30T00:00:00.000Z,87.3,88,75.3,75.3,67.7
קפלן,87.3,2022-04-30T00:00:00.000Z,87.3,88,75.3,75.3,67.7
קפלן,87.3,2022-04-30T00:00:00.000Z,87.3,88,75.3,75.3,67.7
קפלן,87.3,2022-04-30T00:00:00.000Z,87.3,88,75.3,75.3,67.7
קפלן,87.3,2022-04-30T00:00:00.000Z,87.3,88,75.3,75.3,67.7
קפלן,87.3,2022-04-30T00:00:00.000Z,87.3,88,75.3,75.3,67.7
קפלן,87.3,2022-04-30T00:00:00.000Z,87.3,88,75.3,75.3,67.7
קפלן,87.3,2022-04-30T00:00:00.000Z,87.3,88,75.3,75.3,67.7
קפלן,87.3,2022-04-30T00:00:00.000Z,87.3,88,75.3,75.3,67.7
קפלן,87.3,2022-04-30T00:00:00.000Z,87.3,88,75.3,75.3,67.7
קפלן,87.3,2022-04-30T00:00:00.000Z,87.3,88,75.3,75.3,67.7
קפלן,87.3,2022-04-30T00:00:00.000Z,87.3,88,75.3,75.3,67.7
וולפסון,77.5,2022-04-30T00:00:00.000Z,77.5,89.8,67.9,67.9,70.3
וולפסון,77.5,2022-04-30T00:00:00.000Z,77.5,89.8,67.9,67.9,70.3
וולפסון,77.5,2022-04-30T00:00:00.000Z,77.5,89.8,67.9,67.9,70.3
וולפסון,77.5,2022-04-30T00:00:00.000Z,77.5,89.8,67.9,67.9,70.3
וולפסון,77.5,2022-04-30T00:00:00.000Z,77.5,89.8,67.9,67.9,70.3
וולפסון,77.5,2022-04-30T00:00:00.000Z,77.5,89.8,67.9,67.9,70.3
וולפסון,77.5,2022-04-30T00:00:00.000Z,77.5,89.8,67.9,67.9,70.3
וולפסון,77.5,2022-04-30T00:00:00.000Z,77.5,89.8,67.9,67.9,70.3
וולפסון,77.5,2022-04-30T00:00:00.000Z,77.5,89.8,67.9,67.9,70.3
וולפסון,77.5,2022-04-30T00:00:00.000Z,77.5,89.8,67.9,67.9,70.3
וולפסון,77.5,2022-04-30T00:00:00.000Z,77.5,89.8,67.9,67.9,70.3
וולפסון,77.5,2022-04-30T00:00:00.000Z,77.5,89.8,67.9,67.9,70.3
וולפסון,77.5,2022-04-30T00:00:00.000Z,77.5,89.8,67.9,67.9,70.3
וולפסון,77.5,2022-04-30T00:00:00.000Z,77.5,89.8,67.9,67.9,70.3
וולפסון,77.5,2022-04-30T00:00:00.000Z,77.5,89.8,67.9,67.9,70.3
וולפסון,77.5,2022-04-30T00:00:00.000Z,77.5,89.8,67.9,67.9,70.3
וולפסון,77.5,2022-04-30T00:00:00.000Z,77.5,89.8,67.9,67.9,70.3
וולפסון,77.5,2022-04-30T00:00:00.000Z,77.5,89.8,67.9,67.9,70.3
וולפסון,77.5,2022-04-30T00:00:00.000Z,77.5,89.8,67.9,67.9,70.3
וולפסון,77.5,2022-04-30T00:00:00.000Z,77.5,89.8,67.9,67.9,70.3
וולפסון,77.5,2022-04-30T00:00:00.000Z,77.5,89.8,67.9,67.9,70.3
וולפסון,77.5,2022-04-30T00:00:00.000Z,77.5,89.8,67.9,67.9,70.3
וולפסון,77.5,2022-04-30T00:00:00.000Z,77.5,89.8,67.9,67.9,70.3
וולפסון,77.5,2022-04-30T00:00:00.000Z,77.5,89.8,67.9,67.9,70.3
וולפסון,77.5,2022-04-30T00:00:00.000Z,77.5,89.8,67.9,67.9,70.3
וולפסון,77.5,2022-04-30T00:00:00.000Z,77.5,89.8,67.9,67.9,70.3
וולפסון,77.5,2022-04-30T00:00:00.000Z,77.5,89.8,67.9,67.9,70.3
וולפסון,77.5,2022-04-30T00:00:00.000Z,77.5,89.8,67.9,67.9,70.3
וולפסון,77.5,2022-04-30T00:00:00.000Z,77.5,89.8,67.9,67.9,70.3
וולפסון,77.5,2022-04-30T00:00:00.000Z,77.5,89.8,67.9,67.9,70.3
וולפסון,77.5,2022-04-30T00:00:00.000Z,77.5,89.8,67.9,67.9,70.3
וולפסון,77.5,2022-04-30T00:00:00.000Z,77.5,89.8,67.9,67.9,70.3
וולפסון,77.5,2022-04-30T00:00:00.000Z,77.5,89.8,67.9,67.9,70.3
וולפסון,77.5,2022-04-30T00:00:00.000Z,77.5,89.8,67.9,67.9,70.3
וולפסון,77.5,2022-04-30T00:00:00.000Z,77.5,89.8,67.9,67.9,70.3
וולפסון,77.5,2022-04-30T00:00:00.000Z,77.5,89.8,67.9,67.9,70.3
וולפסון,77.5,2022-04-30T00:00:00.000Z,77.5,89.8,67.9,67.9,70.3
וולפסון,77.5,2022-04-30T00:00:00.000Z,77.5,89.8,67.9,67.9,70.3
וולפסון,77.5,2022-04-30T00:00:00.000Z,77.5,89.8,67.9,67.9,70.3
וולפסון,77.5,2022-04-30T00:00:00.000Z,77.5,89.8,67.9,67.9,70.3
וולפסון,77.5,2022-04-30T00:00:00.000Z,77.5,89.8,67.9,67.9,70.3
וולפסון,77.5,2022-04-30T00:00:00.000Z,77.5,89.8,67.9,67.9,70.3
וולפסון,77.5,2022-04-30T00:00:00.000Z,77.5,89.8,67.9,67.9,70.3
וולפסון,77.5,2022-04-30T00:00:00.000Z,77.5,89.8,67.9,67.9,70.3
וולפסון,77.5,2022-04-30T00:00:00.000Z,77.5,89.8,67.9,67.9,70.3
וולפסון,77.5,2022-04-30T00:00:00.000Z,77.5,89.8,67.9,67.9,70.3
וולפסון,77.5,2022-04-30T00:00:00.000Z,77.5,89.8,67.9,67.9,70.3
וולפסון,77.5,2022-04-30T00:00:00.000Z,77.5,89.8,67.9,67.9,70.3
וולפסון,77.5,2022-04-30T00:00:00.000Z,77.5,89.8,67.9,67.9,70.3
וולפסון,77.5,2022-04-30T00:00:00.000Z,77.5,89.8,67.9,67.9,70.3
וולפסון,77.5,2022-04-30T00:00:00.000Z,77.5,89.8,67.9,67.9,70.3
וולפסון,77.5,2022-04-30T00:00:00.000Z,77.5,89.8,67.9,67.9,70.3
וולפסון,77.5,2022-04-30T00:00:00.000Z,77.5,89.8,67.9,67.9,70.3
וולפסון,77.5,2022-04-30T00:00:00.000Z,77.5,89.8,67.9,67.9,70.3
וולפסון,77.5,2022-04-30T00:00:00.000Z,77.5,89.8,67.9,67.9,70.3
וולפסון,77.5,2022-04-30T00:00:00.000Z,77.5,89.8,67.9,67.9,70.3
וולפסון,77.5,2022-04-30T00:00:00.000Z,77.5,89.8,67.9,67.9,70.3
וולפסון,77.5,2022-04-30T00:00:00.000Z,77.5,89.8,67.9,67.9,70.3
וולפסון,77.5,2022-04-30T00:00:00.000Z,77.5,89.8,67.9,67.9,70.3
בני ציון,89.3,2022-04-30T00:00:00.000Z,89.3,92.6,77.4,77.4,71.8
הלל יפה,114.4,2022-04-30T00:00:00.000Z,114.4,80.8,82.1,82.1,74.6
הלל יפה,114.4,2022-04-30T00:00:00.000Z,114.4,80.8,82.1,82.1,74.6
הלל יפה,114.4,2022-04-30T00:00:00.000Z,114.4,80.8,82.1,82.1,74.6
הלל יפה,114.4,2022-04-30T00:00:00.000Z,114.4,80.8,82.1,82.1,74.6
הלל יפה,114.4,2022-04-30T00:00:00.000Z,114.4,80.8,82.1,82.1,74.6
הלל יפה,114.4,2022-04-30T00:00:00.000Z,114.4,80.8,82.1,82.1,74.6
הלל יפה,114.4,2022-04-30T00:00:00.000Z,114.4,80.8,82.1,82.1,74.6
הלל יפה,114.4,2022-04-30T00:00:00.000Z,114.4,80.8,82.1,82.1,74.6
הלל יפה,114.4,2022-04-30T00:00:00.000Z,114.4,80.8,82.1,82.1,74.6
הלל יפה,114.4,2022-04-30T00:00:00.000Z,114.4,80.8,82.1,82.1,74.6
הלל יפה,114.4,2022-04-30T00:00:00.000Z,114.4,80.8,82.1,82.1,74.6
הלל יפה,114.4,2022-04-30T00:00:00.000Z,114.4,80.8,82.1,82.1,74.6
הלל יפה,114.4,2022-04-30T00:00:00.000Z,114.4,80.8,82.1,82.1,74.6
הלל יפה,114.4,2022-04-30T00:00:00.000Z,114.4,80.8,82.1,82.1,74.6
בני ציון,89.3,2022-04-30T00:00:00.000Z,89.3,92.6,77.4,77.4,71.8
בני ציון,89.3,2022-04-30T00:00:00.000Z,89.3,92.6,77.4,77.4,71.8
בני ציון,89.3,2022-04-30T00:00:00.000Z,89.3,92.6,77.4,77.4,71.8
בני ציון,89.3,2022-04-30T00:00:00.000Z,89.3,92.6,77.4,77.4,71.8
בני ציון,89.3,2022-04-30T00:00:00.000Z,89.3,92.6,77.4,77.4,71.8
בני ציון,89.3,2022-04-30T00:00:00.000Z,89.3,92.6,77.4,77.4,71.8
בני ציון,89.3,2022-04-30T00:00:00.000Z,89.3,92.6,77.4,77.4,71.8
בני ציון,89.3,2022-04-30T00:00:00.000Z,89.3,92.6,77.4,77.4,71.8
בני ציון,89.3,2022-04-30T00:00:00.000Z,89.3,92.6,77.4,77.4,71.8
בני ציון,89.3,2022-04-30T00:00:00.000Z,89.3,92.6,77.4,77.4,71.8
בני ציון,89.3,2022-04-30T00:00:00.000Z,89.3,92.6,77.4,77.4,71.8
בני ציון,89.3,2022-04-30T00:00:00.000Z,89.3,92.6,77.4,77.4,71.8
בני ציון,89.3,2022-04-30T00:00:00.000Z,89.3,92.6,77.4,77.4,71.8
בני ציון,89.3,2022-04-30T00:00:00.000Z,89.3,92.6,77.4,77.4,71.8
בני ציון,89.3,2022-04-30T00:00:00.000Z,89.3,92.6,77.4,77.4,71.8
בני ציון,89.3,2022-04-30T00:00:00.000Z,89.3,92.6,77.4,77.4,71.8
בני ציון,89.3,2022-04-30T00:00:00.000Z,89.3,92.6,77.4,77.4,71.8
בני ציון,89.3,2022-04-30T00:00:00.000Z,89.3,92.6,77.4,77.4,71.8
בני ציון,89.3,2022-04-30T00:00:00.000Z,89.3,92.6,77.4,77.4,71.8
בני ציון,89.3,2022-04-30T00:00:00.000Z,89.3,92.6,77.4,77.4,71.8
בני ציון,89.3,2022-04-30T00:00:00.000Z,89.3,92.6,77.4,77.4,71.8
בני ציון,89.3,2022-04-30T00:00:00.000Z,89.3,92.6,77.4,77.4,71.8
בני ציון,89.3,2022-04-30T00:00:00.000Z,89.3,92.6,77.4,77.4,71.8
בני ציון,89.3,2022-04-30T00:00:00.000Z,89.3,92.6,77.4,77.4,71.8
בני ציון,89.3,2022-04-30T00:00:00.000Z,89.3,92.6,77.4,77.4,71.8
בני ציון,89.3,2022-04-30T00:00:00.000Z,89.3,92.6,77.4,77.4,71.8
בני ציון,89.3,2022-04-30T00:00:00.000Z,89.3,92.6,77.4,77.4,71.8
בני ציון,89.3,2022-04-30T00:00:00.000Z,89.3,92.6,77.4,77.4,71.8
בני ציון,89.3,2022-04-30T00:00:00.000Z,89.3,92.6,77.4,77.4,71.8
בני ציון,89.3,2022-04-30T00:00:00.000Z,89.3,92.6,77.4,77.4,71.8
בני ציון,89.3,2022-04-30T00:00:00.000Z,89.3,92.6,77.4,77.4,71.8
בני ציון,89.3,2022-04-30T00:00:00.000Z,89.3,92.6,77.4,77.4,71.8
בני ציון,89.3,2022-04-30T00:00:00.000Z,89.3,92.6,77.4,77.4,71.8
שמואל הרופא,80.6,2022-04-30T00:00:00.000Z,80.6,80.6,76.5,76.5,81.5
שמואל הרופא,80.6,2022-04-30T00:00:00.000Z,80.6,80.6,76.5,76.5,81.5
שמואל הרופא,80.6,2022-04-30T00:00:00.000Z,80.6,80.6,76.5,76.5,81.5
שמואל הרופא,80.6,2022-04-30T00:00:00.000Z,80.6,80.6,76.5,76.5,81.5
שמואל הרופא,80.6,2022-04-30T00:00:00.000Z,80.6,80.6,76.5,76.5,81.5
שמואל הרופא,80.6,2022-04-30T00:00:00.000Z,80.6,80.6,76.5,76.5,81.5
שמואל הרופא,80.6,2022-04-30T00:00:00.000Z,80.6,80.6,76.5,76.5,81.5
שמואל הרופא,80.6,2022-04-30T00:00:00.000Z,80.6,80.6,76.5,76.5,81.5
שמואל הרופא,80.6,2022-04-30T00:00:00.000Z,80.6,80.6,76.5,76.5,81.5
שמואל הרופא,80.6,2022-04-30T00:00:00.000Z,80.6,80.6,76.5,76.5,81.5
שמואל הרופא,80.6,2022-04-30T00:00:00.000Z,80.6,80.6,76.5,76.5,81.5
שמואל הרופא,80.6,2022-04-30T00:00:00.000Z,80.6,80.6,76.5,76.5,81.5
שמואל הרופא,80.6,2022-04-30T00:00:00.000Z,80.6,80.6,76.5,76.5,81.5
שמואל הרופא,80.6,2022-04-30T00:00:00.000Z,80.6,80.6,76.5,76.5,81.5
שמואל הרופא,80.6,2022-04-30T00:00:00.000Z,80.6,80.6,76.5,76.5,81.5
שמואל הרופא,80.6,2022-04-30T00:00:00.000Z,80.6,80.6,76.5,76.5,81.5
שמואל הרופא,80.6,2022-04-30T00:00:00.000Z,80.6,80.6,76.5,76.5,81.5
שמואל הרופא,80.6,2022-04-30T00:00:00.000Z,80.6,80.6,76.5,76.5,81.5
שמואל הרופא,80.6,2022-04-30T00:00:00.000Z,80.6,80.6,76.5,76.5,81.5
שמואל הרופא,80.6,2022-04-30T00:00:00.000Z,80.6,80.6,76.5,76.5,81.5
שמואל הרופא,80.6,2022-04-30T00:00:00.000Z,80.6,80.6,76.5,76.5,81.5
שמואל הרופא,80.6,2022-04-30T00:00:00.000Z,80.6,80.6,76.5,76.5,81.5
שמואל הרופא,80.6,2022-04-30T00:00:00.000Z,80.6,80.6,76.5,76.5,81.5
שמואל הרופא,80.6,2022-04-30T00:00:00.000Z,80.6,80.6,76.5,76.5,81.5
שמואל הרופא,80.6,2022-04-30T00:00:00.000Z,80.6,80.6,76.5,76.5,81.5
שמואל הרופא,80.6,2022-04-30T00:00:00.000Z,80.6,80.6,76.5,76.5,81.5
שמואל הרופא,80.6,2022-04-30T00:00:00.000Z,80.6,80.6,76.5,76.5,81.5
שמואל הרופא,80.6,2022-04-30T00:00:00.000Z,80.6,80.6,76.5,76.5,81.5
שמואל הרופא,80.6,2022-04-30T00:00:00.000Z,80.6,80.6,76.5,76.5,81.5
שמואל הרופא,80.6,2022-04-30T00:00:00.000Z,80.6,80.6,76.5,76.5,81.5
שמואל הרופא,80.6,2022-04-30T00:00:00.000Z,80.6,80.6,76.5,76.5,81.5
שמואל הרופא,80.6,2022-04-30T00:00:00.000Z,80.6,80.6,76.5,76.5,81.5
שמואל הרופא,80.6,2022-04-30T00:00:00.000Z,80.6,80.6,76.5,76.5,81.5
שמואל הרופא,80.6,2022-04-30T00:00:00.000Z,80.6,80.6,76.5,76.5,81.5
שמואל הרופא,80.6,2022-04-30T00:00:00.000Z,80.6,80.6,76.5,76.5,81.5
שמואל הרופא,80.6,2022-04-30T00:00:00.000Z,80.6,80.6,76.5,76.5,81.5
שמואל הרופא,80.6,2022-04-30T00:00:00.000Z,80.6,80.6,76.5,76.5,81.5
שמואל הרופא,80.6,2022-04-30T00:00:00.000Z,80.6,80.6,76.5,76.5,81.5
שמואל הרופא,80.6,2022-04-30T00:00:00.000Z,80.6,80.6,76.5,76.5,81.5
שמואל הרופא,80.6,2022-04-30T00:00:00.000Z,80.6,80.6,76.5,76.5,81.5
שמואל הרופא,80.6,2022-04-30T00:00:00.000Z,80.6,80.6,76.5,76.5,81.5
שמואל הרופא,80.6,2022-04-30T00:00:00.000Z,80.6,80.6,76.5,76.5,81.5
שמואל הרופא,80.6,2022-04-30T00:00:00.000Z,80.6,80.6,76.5,76.5,81.5
שמואל הרופא,80.6,2022-04-30T00:00:00.000Z,80.6,80.6,76.5,76.5,81.5
שמואל הרופא,80.6,2022-04-30T00:00:00.000Z,80.6,80.6,76.5,76.5,81.5
שמואל הרופא,80.6,2022-04-30T00:00:00.000Z,80.6,80.6,76.5,76.5,81.5
שמואל הרופא,80.6,2022-04-30T00:00:00.000Z,80.6,80.6,76.5,76.5,81.5
שמואל הרופא,80.6,2022-04-30T00:00:00.000Z,80.6,80.6,76.5,76.5,81.5
שמואל הרופא,80.6,2022-04-30T00:00:00.000Z,80.6,80.6,76.5,76.5,81.5
שמואל הרופא,80.6,2022-04-30T00:00:00.000Z,80.6,80.6,76.5,76.5,81.5
שמואל הרופא,80.6,2022-04-30T00:00:00.000Z,80.6,80.6,76.5,76.5,81.5
שמואל הרופא,80.6,2022-04-30T00:00:00.000Z,80.6,80.6,76.5,76.5,81.5
שמואל הרופא,80.6,2022-04-30T00:00:00.000Z,80.6,80.6,76.5,76.5,81.5
שמואל הרופא,80.6,2022-04-30T00:00:00.000Z,80.6,80.6,76.5,76.5,81.5
שמואל הרופא,80.6,2022-04-30T00:00:00.000Z,80.6,80.6,76.5,76.5,81.5
שמואל הרופא,80.6,2022-04-30T00:00:00.000Z,80.6,80.6,76.5,76.5,81.5
שמואל הרופא,80.6,2022-04-30T00:00:00.000Z,80.6,80.6,76.5,76.5,81.5
שמואל הרופא,80.6,2022-04-30T00:00:00.000Z,80.6,80.6,76.5,76.5,81.5
שמואל הרופא,80.6,2022-04-30T00:00:00.000Z,80.6,80.6,76.5,76.5,81.5
שמואל הרופא,80.6,2022-04-30T00:00:00.000Z,80.6,80.6,76.5,76.5,81.5
שמואל הרופא,80.6,2022-04-30T00:00:00.000Z,80.6,80.6,76.5,76.5,81.5
שמואל הרופא,80.6,2022-04-30T00:00:00.000Z,80.6,80.6,76.5,76.5,81.5
שמואל הרופא,80.6,2022-04-30T00:00:00.000Z,80.6,80.6,76.5,76.5,81.5
שמואל הרופא,80.6,2022-04-30T00:00:00.000Z,80.6,80.6,76.5,76.5,81.5
שמואל הרופא,80.6,2022-04-30T00:00:00.000Z,80.6,80.6,76.5,76.5,81.5
שמואל הרופא,80.6,2022-04-30T00:00:00.000Z,80.6,80.6,76.5,76.5,81.5
"רמב""ם",98,2022-04-30T00:00:00.000Z,98,95.5,82.3,82.3,80.1
"רמב""ם",98,2022-04-30T00:00:00.000Z,98,95.5,82.3,82.3,80.1
"רמב""ם",98,2022-04-30T00:00:00.000Z,98,95.5,82.3,82.3,80.1
שיבא,111.7,2022-04-30T00:00:00.000Z,111.7,84.1,105.6,105.6,93.9
שיבא,111.7,2022-04-30T00:00:00.000Z,111.7,84.1,105.6,105.6,93.9
שיבא,111.7,2022-04-30T00:00:00.000Z,111.7,84.1,105.6,105.6,93.9
שיבא,111.7,2022-04-30T00:00:00.000Z,111.7,84.1,105.6,105.6,93.9
שיבא,111.7,2022-04-30T00:00:00.000Z,111.7,84.1,105.6,105.6,93.9
שיבא,111.7,2022-04-30T00:00:00.000Z,111.7,84.1,105.6,105.6,93.9
שיבא,111.7,2022-04-30T00:00:00.000Z,111.7,84.1,105.6,105.6,93.9
שיבא,111.7,2022-04-30T00:00:00.000Z,111.7,84.1,105.6,105.6,93.9
שיבא,111.7,2022-04-30T00:00:00.000Z,111.7,84.1,105.6,105.6,93.9
שיבא,111.7,2022-04-30T00:00:00.000Z,111.7,84.1,105.6,105.6,93.9
שיבא,111.7,2022-04-30T00:00:00.000Z,111.7,84.1,105.6,105.6,93.9
שיבא,111.7,2022-04-30T00:00:00.000Z,111.7,84.1,105.6,105.6,93.9
שיבא,111.7,2022-04-30T00:00:00.000Z,111.7,84.1,105.6,105.6,93.9
שיבא,111.7,2022-04-30T00:00:00.000Z,111.7,84.1,105.6,105.6,93.9
שיבא,111.7,2022-04-30T00:00:00.000Z,111.7,84.1,105.6,105.6,93.9
שיבא,111.7,2022-04-30T00:00:00.000Z,111.7,84.1,105.6,105.6,93.9
שיבא,111.7,2022-04-30T00:00:00.000Z,111.7,84.1,105.6,105.6,93.9
שיבא,111.7,2022-04-30T00:00:00.000Z,111.7,84.1,105.6,105.6,93.9
שיבא,111.7,2022-04-30T00:00:00.000Z,111.7,84.1,105.6,105.6,93.9
שיבא,111.7,2022-04-30T00:00:00.000Z,111.7,84.1,105.6,105.6,93.9
שיבא,111.7,2022-04-30T00:00:00.000Z,111.7,84.1,105.6,105.6,93.9
שיבא,111.7,2022-04-30T00:00:00.000Z,111.7,84.1,105.6,105.6,93.9
שיבא,111.7,2022-04-30T00:00:00.000Z,111.7,84.1,105.6,105.6,93.9
שיבא,111.7,2022-04-30T00:00:00.000Z,111.7,84.1,105.6,105.6,93.9
שיבא,111.7,2022-04-30T00:00:00.000Z,111.7,84.1,105.6,105.6,93.9
שיבא,111.7,2022-04-30T00:00:00.000Z,111.7,84.1,105.6,105.6,93.9
שיבא,111.7,2022-04-30T00:00:00.000Z,111.7,84.1,105.6,105.6,93.9
שיבא,111.7,2022-04-30T00:00:00.000Z,111.7,84.1,105.6,105.6,93.9
שיבא,111.7,2022-04-30T00:00:00.000Z,111.7,84.1,105.6,105.6,93.9
"רמב""ם",98,2022-04-30T00:00:00.000Z,98,95.5,82.3,82.3,80.1
"רמב""ם",98,2022-04-30T00:00:00.000Z,98,95.5,82.3,82.3,80.1
"רמב""ם",98,2022-04-30T00:00:00.000Z,98,95.5,82.3,82.3,80.1
"רמב""ם",98,2022-04-30T00:00:00.000Z,98,95.5,82.3,82.3,80.1
"רמב""ם",98,2022-04-30T00:00:00.000Z,98,95.5,82.3,82.3,80.1
"רמב""ם",98,2022-04-30T00:00:00.000Z,98,95.5,82.3,82.3,80.1
"רמב""ם",98,2022-04-30T00:00:00.000Z,98,95.5,82.3,82.3,80.1
"רמב""ם",98,2022-04-30T00:00:00.000Z,98,95.5,82.3,82.3,80.1
"רמב""ם",98,2022-04-30T00:00:00.000Z,98,95.5,82.3,82.3,80.1
"רמב""ם",98,2022-04-30T00:00:00.000Z,98,95.5,82.3,82.3,80.1
"רמב""ם",98,2022-04-30T00:00:00.000Z,98,95.5,82.3,82.3,80.1
"רמב""ם",98,2022-04-30T00:00:00.000Z,98,95.5,82.3,82.3,80.1
"רמב""ם",98,2022-04-30T00:00:00.000Z,98,95.5,82.3,82.3,80.1
"רמב""ם",98,2022-04-30T00:00:00.000Z,98,95.5,82.3,82.3,80.1
"רמב""ם",98,2022-04-30T00:00:00.000Z,98,95.5,82.3,82.3,80.1
יוספטל,81.3,2022-04-30T00:00:00.000Z,81.3,62.5,46.2,46.2,40
יוספטל,81.3,2022-04-30T00:00:00.000Z,81.3,62.5,46.2,46.2,40
יוספטל,81.3,2022-04-30T00:00:00.000Z,81.3,62.5,46.2,46.2,40
יוספטל,81.3,2022-04-30T00:00:00.000Z,81.3,62.5,46.2,46.2,40
יוספטל,81.3,2022-04-30T00:00:00.000Z,81.3,62.5,46.2,46.2,40
יוספטל,81.3,2022-04-30T00:00:00.000Z,81.3,62.5,46.2,46.2,40
הלל יפה,98.6,2022-05-01T00:00:00.000Z,98.6,92.5,80,80,80
הלל יפה,98.6,2022-05-01T00:00:00.000Z,98.6,92.5,80,80,80
הלל יפה,98.6,2022-05-01T00:00:00.000Z,98.6,92.5,80,80,80
הלל יפה,98.6,2022-05-01T00:00:00.000Z,98.6,92.5,80,80,80
הלל יפה,98.6,2022-05-01T00:00:00.000Z,98.6,92.5,80,80,80
יוספטל,62.5,2022-05-01T00:00:00.000Z,62.5,75,43.1,43.1,46.2
יוספטל,62.5,2022-05-01T00:00:00.000Z,62.5,75,43.1,43.1,46.2
יוספטל,62.5,2022-05-01T00:00:00.000Z,62.5,75,43.1,43.1,46.2
יוספטל,62.5,2022-05-01T00:00:00.000Z,62.5,75,43.1,43.1,46.2
יוספטל,62.5,2022-05-01T00:00:00.000Z,62.5,75,43.1,43.1,46.2
זיו צפת,101.6,2022-05-01T00:00:00.000Z,101.6,95.3,68.3,68.3,75.8
זיו צפת,101.6,2022-05-01T00:00:00.000Z,101.6,95.3,68.3,68.3,75.8
זיו צפת,101.6,2022-05-01T00:00:00.000Z,101.6,95.3,68.3,68.3,75.8
זיו צפת,101.6,2022-05-01T00:00:00.000Z,101.6,95.3,68.3,68.3,75.8
זיו צפת,101.6,2022-05-01T00:00:00.000Z,101.6,95.3,68.3,68.3,75.8
זיו צפת,101.6,2022-05-01T00:00:00.000Z,101.6,95.3,68.3,68.3,75.8
זיו צפת,101.6,2022-05-01T00:00:00.000Z,101.6,95.3,68.3,68.3,75.8
זיו צפת,101.6,2022-05-01T00:00:00.000Z,101.6,95.3,68.3,68.3,75.8
זיו צפת,101.6,2022-05-01T00:00:00.000Z,101.6,95.3,68.3,68.3,75.8
זיו צפת,101.6,2022-05-01T00:00:00.000Z,101.6,95.3,68.3,68.3,75.8
זיו צפת,101.6,2022-05-01T00:00:00.000Z,101.6,95.3,68.3,68.3,75.8
זיו צפת,101.6,2022-05-01T00:00:00.000Z,101.6,95.3,68.3,68.3,75.8
זיו צפת,101.6,2022-05-01T00:00:00.000Z,101.6,95.3,68.3,68.3,75.8
זיו צפת,101.6,2022-05-01T00:00:00.000Z,101.6,95.3,68.3,68.3,75.8
זיו צפת,101.6,2022-05-01T00:00:00.000Z,101.6,95.3,68.3,68.3,75.8
זיו צפת,101.6,2022-05-01T00:00:00.000Z,101.6,95.3,68.3,68.3,75.8
זיו צפת,101.6,2022-05-01T00:00:00.000Z,101.6,95.3,68.3,68.3,75.8
זיו צפת,101.6,2022-05-01T00:00:00.000Z,101.6,95.3,68.3,68.3,75.8
זיו צפת,101.6,2022-05-01T00:00:00.000Z,101.6,95.3,68.3,68.3,75.8
זיו צפת,101.6,2022-05-01T00:00:00.000Z,101.6,95.3,68.3,68.3,75.8
זיו צפת,101.6,2022-05-01T00:00:00.000Z,101.6,95.3,68.3,68.3,75.8
זיו צפת,101.6,2022-05-01T00:00:00.000Z,101.6,95.3,68.3,68.3,75.8
זיו צפת,101.6,2022-05-01T00:00:00.000Z,101.6,95.3,68.3,68.3,75.8
זיו צפת,101.6,2022-05-01T00:00:00.000Z,101.6,95.3,68.3,68.3,75.8
זיו צפת,101.6,2022-05-01T00:00:00.000Z,101.6,95.3,68.3,68.3,75.8
זיו צפת,101.6,2022-05-01T00:00:00.000Z,101.6,95.3,68.3,68.3,75.8
זיו צפת,101.6,2022-05-01T00:00:00.000Z,101.6,95.3,68.3,68.3,75.8
זיו צפת,101.6,2022-05-01T00:00:00.000Z,101.6,95.3,68.3,68.3,75.8
זיו צפת,101.6,2022-05-01T00:00:00.000Z,101.6,95.3,68.3,68.3,75.8
זיו צפת,101.6,2022-05-01T00:00:00.000Z,101.6,95.3,68.3,68.3,75.8
זיו צפת,101.6,2022-05-01T00:00:00.000Z,101.6,95.3,68.3,68.3,75.8
זיו צפת,101.6,2022-05-01T00:00:00.000Z,101.6,95.3,68.3,68.3,75.8
זיו צפת,101.6,2022-05-01T00:00:00.000Z,101.6,95.3,68.3,68.3,75.8
זיו צפת,101.6,2022-05-01T00:00:00.000Z,101.6,95.3,68.3,68.3,75.8
פוריה,74.4,2022-05-01T00:00:00.000Z,73.1,66.7,79.7,71.3,65.4
פוריה,74.4,2022-05-01T00:00:00.000Z,73.3,67,79.7,72.5,65.8
פוריה,74.4,2022-05-01T00:00:00.000Z,73.4,67.4,79.7,73.7,66.2
פוריה,74.4,2022-05-01T00:00:00.000Z,73.6,67.8,79.7,74.9,66.7
פוריה,74.4,2022-05-01T00:00:00.000Z,73.8,68.1,79.7,76.1,67.1
פוריה,74.4,2022-05-01T00:00:00.000Z,74,68.5,79.7,77.3,67.6
פוריה,74.4,2022-05-01T00:00:00.000Z,74.2,68.9,79.7,78.5,68
פוריה,74.4,2022-05-01T00:00:00.000Z,74.4,69.2,79.7,79.7,68.5
פוריה,74.4,2022-05-01T00:00:00.000Z,74.4,69.2,79.7,79.7,68.5
פוריה,74.4,2022-05-01T00:00:00.000Z,74.4,69.2,79.7,79.7,68.5
פוריה,74.4,2022-05-01T00:00:00.000Z,74.4,69.2,79.7,79.7,68.5
פוריה,74.4,2022-05-01T00:00:00.000Z,74.4,69.2,79.7,79.7,68.5
פוריה,74.4,2022-05-01T00:00:00.000Z,74.4,69.2,79.7,79.7,68.5
פוריה,74.4,2022-05-01T00:00:00.000Z,74.4,69.2,79.7,79.7,68.5
פוריה,74.4,2022-05-01T00:00:00.000Z,74.4,69.2,79.7,79.7,68.5
פוריה,74.4,2022-05-01T00:00:00.000Z,74.4,69.2,79.7,79.7,68.5
פוריה,74.4,2022-05-01T00:00:00.000Z,74.4,69.2,79.7,79.7,68.5
פוריה,74.4,2022-05-01T00:00:00.000Z,74.4,69.2,79.7,79.7,68.5
פוריה,74.4,2022-05-01T00:00:00.000Z,74.4,69.2,79.7,79.7,68.5
פוריה,74.4,2022-05-01T00:00:00.000Z,74.4,69.2,79.7,79.7,68.5
פוריה,74.4,2022-05-01T00:00:00.000Z,74.4,69.2,79.7,79.7,68.5
פוריה,74.4,2022-05-01T00:00:00.000Z,74.4,69.2,79.7,79.7,68.5
ברזילי,100.5,2022-05-01T00:00:00.000Z,102.1,72.9,85.9,79.6,60.3
ברזילי,100.5,2022-05-01T00:00:00.000Z,101.9,74,85.9,80.5,61.6
ברזילי,100.5,2022-05-01T00:00:00.000Z,101.6,75,85.9,81.4,62.9
ברזילי,100.5,2022-05-01T00:00:00.000Z,101.4,76,85.9,82.3,64.2
ברזילי,100.5,2022-05-01T00:00:00.000Z,101.2,77.1,85.9,83.2,65.5
ברזילי,100.5,2022-05-01T00:00:00.000Z,101,78.1,85.9,84.1,66.8
ברזילי,100.5,2022-05-01T00:00:00.000Z,100.7,79.2,85.9,85,68.1
ברזילי,100.5,2022-05-01T00:00:00.000Z,100.5,80.2,85.9,85.9,69.4
ברזילי,100.5,2022-05-01T00:00:00.000Z,100.5,80.2,85.9,85.9,69.4
ברזילי,100.5,2022-05-01T00:00:00.000Z,100.5,80.2,85.9,85.9,69.4
ברזילי,100.5,2022-05-01T00:00:00.000Z,100.5,80.2,85.9,85.9,69.4
ברזילי,100.5,2022-05-01T00:00:00.000Z,100.5,80.2,85.9,85.9,69.4
ברזילי,100.5,2022-05-01T00:00:00.000Z,100.5,80.2,85.9,85.9,69.4
ברזילי,100.5,2022-05-01T00:00:00.000Z,100.5,80.2,85.9,85.9,69.4
ברזילי,100.5,2022-05-01T00:00:00.000Z,100.5,80.2,85.9,85.9,69.4
ברזילי,100.5,2022-05-01T00:00:00.000Z,100.5,80.2,85.9,85.9,69.4
ברזילי,100.5,2022-05-01T00:00:00.000Z,100.5,80.2,85.9,85.9,69.4
ברזילי,100.5,2022-05-01T00:00:00.000Z,100.5,80.2,85.9,85.9,69.4
ברזילי,100.5,2022-05-01T00:00:00.000Z,100.5,80.2,85.9,85.9,69.4
ברזילי,100.5,2022-05-01T00:00:00.000Z,100.5,80.2,85.9,85.9,69.4
ברזילי,100.5,2022-05-01T00:00:00.000Z,100.5,80.2,85.9,85.9,69.4
ברזילי,100.5,2022-05-01T00:00:00.000Z,100.5,80.2,85.9,85.9,69.4
ברזילי,100.5,2022-05-01T00:00:00.000Z,100.5,80.2,85.9,85.9,69.4
ברזילי,100.5,2022-05-01T00:00:00.000Z,100.5,80.2,85.9,85.9,69.4
ברזילי,100.5,2022-05-01T00:00:00.000Z,100.5,80.2,85.9,85.9,69.4
ברזילי,100.5,2022-05-01T00:00:00.000Z,100.5,80.2,85.9,85.9,69.4
ברזילי,100.5,2022-05-01T00:00:00.000Z,100.5,80.2,85.9,85.9,69.4
ברזילי,100.5,2022-05-01T00:00:00.000Z,100.5,80.2,85.9,85.9,69.4
ברזילי,100.5,2022-05-01T00:00:00.000Z,100.5,80.2,85.9,85.9,69.4
ברזילי,100.5,2022-05-01T00:00:00.000Z,100.5,80.2,85.9,85.9,69.4
ברזילי,100.5,2022-05-01T00:00:00.000Z,100.5,80.2,85.9,85.9,69.4
ברזילי,100.5,2022-05-01T00:00:00.000Z,100.5,80.2,85.9,85.9,69.4
ברזילי,100.5,2022-05-01T00:00:00.000Z,100.5,80.2,85.9,85.9,69.4
ברזילי,100.5,2022-05-01T00:00:00.000Z,100.5,80.2,85.9,85.9,69.4
ברזילי,100.5,2022-05-01T00:00:00.000Z,100.5,80.2,85.9,85.9,69.4
ברזילי,100.5,2022-05-01T00:00:00.000Z,100.5,80.2,85.9,85.9,69.4
ברזילי,100.5,2022-05-01T00:00:00.000Z,100.5,80.2,85.9,85.9,69.4
ברזילי,100.5,2022-05-01T00:00:00.000Z,100.5,80.2,85.9,85.9,69.4
ברזילי,100.5,2022-05-01T00:00:00.000Z,100.5,80.2,85.9,85.9,69.4
ברזילי,100.5,2022-05-01T00:00:00.000Z,100.5,80.2,85.9,85.9,69.4
ברזילי,100.5,2022-05-01T00:00:00.000Z,100.5,80.2,85.9,85.9,69.4
ברזילי,100.5,2022-05-01T00:00:00.000Z,100.5,80.2,85.9,85.9,69.4
ברזילי,100.5,2022-05-01T00:00:00.000Z,100.5,80.2,85.9,85.9,69.4
ברזילי,100.5,2022-05-01T00:00:00.000Z,100.5,80.2,85.9,85.9,69.4
ברזילי,100.5,2022-05-01T00:00:00.000Z,100.5,80.2,85.9,85.9,69.4
ברזילי,100.5,2022-05-01T00:00:00.000Z,100.5,80.2,85.9,85.9,69.4
ברזילי,100.5,2022-05-01T00:00:00.000Z,100.5,80.2,85.9,85.9,69.4
ברזילי,100.5,2022-05-01T00:00:00.000Z,100.5,80.2,85.9,85.9,69.4
ברזילי,100.5,2022-05-01T00:00:00.000Z,100.5,80.2,85.9,85.9,69.4
ברזילי,100.5,2022-05-01T00:00:00.000Z,100.5,80.2,85.9,85.9,69.4
ברזילי,100.5,2022-05-01T00:00:00.000Z,100.5,80.2,85.9,85.9,69.4
ברזילי,100.5,2022-05-01T00:00:00.000Z,100.5,80.2,85.9,85.9,69.4
ברזילי,100.5,2022-05-01T00:00:00.000Z,100.5,80.2,85.9,85.9,69.4
ברזילי,100.5,2022-05-01T00:00:00.000Z,100.5,80.2,85.9,85.9,69.4
ברזילי,100.5,2022-05-01T00:00:00.000Z,100.5,80.2,85.9,85.9,69.4
ברזילי,100.5,2022-05-01T00:00:00.000Z,100.5,80.2,85.9,85.9,69.4
ברזילי,100.5,2022-05-01T00:00:00.000Z,100.5,80.2,85.9,85.9,69.4
ברזילי,100.5,2022-05-01T00:00:00.000Z,100.5,80.2,85.9,85.9,69.4
ברזילי,100.5,2022-05-01T00:00:00.000Z,100.5,80.2,85.9,85.9,69.4
ברזילי,100.5,2022-05-01T00:00:00.000Z,100.5,80.2,85.9,85.9,69.4
ברזילי,100.5,2022-05-01T00:00:00.000Z,100.5,80.2,85.9,85.9,69.4
ברזילי,100.5,2022-05-01T00:00:00.000Z,100.5,80.2,85.9,85.9,69.4
ברזילי,100.5,2022-05-01T00:00:00.000Z,100.5,80.2,85.9,85.9,69.4
ברזילי,100.5,2022-05-01T00:00:00.000Z,100.5,80.2,85.9,85.9,69.4
ברזילי,100.5,2022-05-01T00:00:00.000Z,100.5,80.2,85.9,85.9,69.4
ברזילי,100.5,2022-05-01T00:00:00.000Z,100.5,80.2,85.9,85.9,69.4
ברזילי,100.5,2022-05-01T00:00:00.000Z,100.5,80.2,85.9,85.9,69.4
ברזילי,100.5,2022-05-01T00:00:00.000Z,100.5,80.2,85.9,85.9,69.4
ברזילי,100.5,2022-05-01T00:00:00.000Z,100.5,80.2,85.9,85.9,69.4
ברזילי,100.5,2022-05-01T00:00:00.000Z,100.5,80.2,85.9,85.9,69.4
ברזילי,100.5,2022-05-01T00:00:00.000Z,100.5,80.2,85.9,85.9,69.4
ברזילי,100.5,2022-05-01T00:00:00.000Z,100.5,80.2,85.9,85.9,69.4
ברזילי,100.5,2022-05-01T00:00:00.000Z,100.5,80.2,85.9,85.9,69.4
ברזילי,100.5,2022-05-01T00:00:00.000Z,100.5,80.2,85.9,85.9,69.4
ברזילי,100.5,2022-05-01T00:00:00.000Z,100.5,80.2,85.9,85.9,69.4
ברזילי,100.5,2022-05-01T00:00:00.000Z,100.5,80.2,85.9,85.9,69.4
ברזילי,100.5,2022-05-01T00:00:00.000Z,100.5,80.2,85.9,85.9,69.4
ברזילי,100.5,2022-05-01T00:00:00.000Z,100.5,80.2,85.9,85.9,69.4
ברזילי,100.5,2022-05-01T00:00:00.000Z,100.5,80.2,85.9,85.9,69.4
ברזילי,100.5,2022-05-01T00:00:00.000Z,100.5,80.2,85.9,85.9,69.4
ברזילי,100.5,2022-05-01T00:00:00.000Z,100.5,80.2,85.9,85.9,69.4
ברזילי,100.5,2022-05-01T00:00:00.000Z,100.5,80.2,85.9,85.9,69.4
נהריה,101.6,2022-05-01T00:00:00.000Z,117.4,86.3,87.3,89.6,77.9
נהריה,101.6,2022-05-01T00:00:00.000Z,115.1,87.4,87.3,89.3,78.7
נהריה,101.6,2022-05-01T00:00:00.000Z,112.9,88.4,87.3,88.9,79.4
נהריה,101.6,2022-05-01T00:00:00.000Z,110.6,89.5,87.3,88.6,80.2
נהריה,101.6,2022-05-01T00:00:00.000Z,108.3,90.5,87.3,88.3,80.9
נהריה,101.6,2022-05-01T00:00:00.000Z,106.1,91.6,87.3,87.9,81.7
נהריה,101.6,2022-05-01T00:00:00.000Z,103.8,92.6,87.3,87.6,82.4
נהריה,101.6,2022-05-01T00:00:00.000Z,101.6,93.7,87.3,87.3,83.2
נהריה,101.6,2022-05-01T00:00:00.000Z,101.6,93.7,87.3,87.3,83.2
נהריה,101.6,2022-05-01T00:00:00.000Z,101.6,93.7,87.3,87.3,83.2
נהריה,101.6,2022-05-01T00:00:00.000Z,101.6,93.7,87.3,87.3,83.2
נהריה,101.6,2022-05-01T00:00:00.000Z,101.6,93.7,87.3,87.3,83.2
נהריה,101.6,2022-05-01T00:00:00.000Z,101.6,93.7,87.3,87.3,83.2
נהריה,101.6,2022-05-01T00:00:00.000Z,101.6,93.7,87.3,87.3,83.2
נהריה,101.6,2022-05-01T00:00:00.000Z,101.6,93.7,87.3,87.3,83.2
נהריה,101.6,2022-05-01T00:00:00.000Z,101.6,93.7,87.3,87.3,83.2
נהריה,101.6,2022-05-01T00:00:00.000Z,101.6,93.7,87.3,87.3,83.2
נהריה,101.6,2022-05-01T00:00:00.000Z,101.6,93.7,87.3,87.3,83.2
נהריה,101.6,2022-05-01T00:00:00.000Z,101.6,93.7,87.3,87.3,83.2
נהריה,101.6,2022-05-01T00:00:00.000Z,101.6,93.7,87.3,87.3,83.2
נהריה,101.6,2022-05-01T00:00:00.000Z,101.6,93.7,87.3,87.3,83.2
נהריה,101.6,2022-05-01T00:00:00.000Z,101.6,93.7,87.3,87.3,83.2
נהריה,101.6,2022-05-01T00:00:00.000Z,101.6,93.7,87.3,87.3,83.2
נהריה,101.6,2022-05-01T00:00:00.000Z,101.6,93.7,87.3,87.3,83.2
נהריה,101.6,2022-05-01T00:00:00.000Z,101.6,93.7,87.3,87.3,83.2
נהריה,101.6,2022-05-01T00:00:00.000Z,101.6,93.7,87.3,87.3,83.2
נהריה,101.6,2022-05-01T00:00:00.000Z,101.6,93.7,87.3,87.3,83.2
נהריה,101.6,2022-05-01T00:00:00.000Z,101.6,93.7,87.3,87.3,83.2
נהריה,101.6,2022-05-01T00:00:00.000Z,101.6,93.7,87.3,87.3,83.2
נהריה,101.6,2022-05-01T00:00:00.000Z,101.6,93.7,87.3,87.3,83.2
נהריה,101.6,2022-05-01T00:00:00.000Z,101.6,93.7,87.3,87.3,83.2
נהריה,101.6,2022-05-01T00:00:00.000Z,101.6,93.7,87.3,87.3,83.2
נהריה,101.6,2022-05-01T00:00:00.000Z,101.6,93.7,87.3,87.3,83.2
נהריה,101.6,2022-05-01T00:00:00.000Z,101.6,93.7,87.3,87.3,83.2
נהריה,101.6,2022-05-01T00:00:00.000Z,101.6,93.7,87.3,87.3,83.2
נהריה,101.6,2022-05-01T00:00:00.000Z,101.6,93.7,87.3,87.3,83.2
נהריה,101.6,2022-05-01T00:00:00.000Z,101.6,93.7,87.3,87.3,83.2
נהריה,101.6,2022-05-01T00:00:00.000Z,101.6,93.7,87.3,87.3,83.2
נהריה,101.6,2022-05-01T00:00:00.000Z,101.6,93.7,87.3,87.3,83.2
נהריה,101.6,2022-05-01T00:00:00.000Z,101.6,93.7,87.3,87.3,83.2
נהריה,101.6,2022-05-01T00:00:00.000Z,101.6,93.7,87.3,87.3,83.2
נהריה,101.6,2022-05-01T00:00:00.000Z,101.6,93.7,87.3,87.3,83.2
נהריה,101.6,2022-05-01T00:00:00.000Z,101.6,93.7,87.3,87.3,83.2
נהריה,101.6,2022-05-01T00:00:00.000Z,101.6,93.7,87.3,87.3,83.2
נהריה,101.6,2022-05-01T00:00:00.000Z,101.6,93.7,87.3,87.3,83.2
נהריה,101.6,2022-05-01T00:00:00.000Z,101.6,93.7,87.3,87.3,83.2
נהריה,101.6,2022-05-01T00:00:00.000Z,101.6,93.7,87.3,87.3,83.2
נהריה,101.6,2022-05-01T00:00:00.000Z,101.6,93.7,87.3,87.3,83.2
ברזילי,100.5,2022-05-01T00:00:00.000Z,100.5,80.2,85.9,85.9,69.4
ברזילי,100.5,2022-05-01T00:00:00.000Z,100.5,80.2,85.9,85.9,69.4
ברזילי,100.5,2022-05-01T00:00:00.000Z,100.5,80.2,85.9,85.9,69.4
ברזילי,100.5,2022-05-01T00:00:00.000Z,100.5,80.2,85.9,85.9,69.4
ברזילי,100.5,2022-05-01T00:00:00.000Z,100.5,80.2,85.9,85.9,69.4
ברזילי,100.5,2022-05-01T00:00:00.000Z,100.5,80.2,85.9,85.9,69.4
ברזילי,100.5,2022-05-01T00:00:00.000Z,100.5,80.2,85.9,85.9,69.4
ברזילי,100.5,2022-05-01T00:00:00.000Z,100.5,80.2,85.9,85.9,69.4
ברזילי,100.5,2022-05-01T00:00:00.000Z,100.5,80.2,85.9,85.9,69.4
ברזילי,100.5,2022-05-01T00:00:00.000Z,100.5,80.2,85.9,85.9,69.4
ברזילי,100.5,2022-05-01T00:00:00.000Z,100.5,80.2,85.9,85.9,69.4
ברזילי,100.5,2022-05-01T00:00:00.000Z,100.5,80.2,85.9,85.9,69.4
ברזילי,100.5,2022-05-01T00:00:00.000Z,100.5,80.2,85.9,85.9,69.4
ברזילי,100.5,2022-05-01T00:00:00.000Z,100.5,80.2,85.9,85.9,69.4
ברזילי,100.5,2022-05-01T00:00:00.000Z,100.5,80.2,85.9,85.9,69.4
ברזילי,100.5,2022-05-01T00:00:00.000Z,100.5,80.2,85.9,85.9,69.4
ברזילי,100.5,2022-05-01T00:00:00.000Z,100.5,80.2,85.9,85.9,69.4
ברזילי,100.5,2022-05-01T00:00:00.000Z,100.5,80.2,85.9,85.9,69.4
ברזילי,100.5,2022-05-01T00:00:00.000Z,100.5,80.2,85.9,85.9,69.4
ברזילי,100.5,2022-05-01T00:00:00.000Z,100.5,80.2,85.9,85.9,69.4
ברזילי,100.5,2022-05-01T00:00:00.000Z,100.5,80.2,85.9,85.9,69.4
ברזילי,100.5,2022-05-01T00:00:00.000Z,100.5,80.2,85.9,85.9,69.4
ברזילי,100.5,2022-05-01T00:00:00.000Z,100.5,80.2,85.9,85.9,69.4
ברזילי,100.5,2022-05-01T00:00:00.000Z,100.5,80.2,85.9,85.9,69.4
ברזילי,100.5,2022-05-01T00:00:00.000Z,100.5,80.2,85.9,85.9,69.4
ברזילי,100.5,2022-05-01T00:00:00.000Z,100.5,80.2,85.9,85.9,69.4
ברזילי,100.5,2022-05-01T00:00:00.000Z,100.5,80.2,85.9,85.9,69.4
ברזילי,100.5,2022-05-01T00:00:00.000Z,100.5,80.2,85.9,85.9,69.4
ברזילי,100.5,2022-05-01T00:00:00.000Z,100.5,80.2,85.9,85.9,69.4
ברזילי,100.5,2022-05-01T00:00:00.000Z,100.5,80.2,85.9,85.9,69.4
ברזילי,100.5,2022-05-01T00:00:00.000Z,100.5,80.2,85.9,85.9,69.4
ברזילי,100.5,2022-05-01T00:00:00.000Z,100.5,80.2,85.9,85.9,69.4
ברזילי,100.5,2022-05-01T00:00:00.000Z,100.5,80.2,85.9,85.9,69.4
ברזילי,100.5,2022-05-01T00:00:00.000Z,100.5,80.2,85.9,85.9,69.4
נהריה,101.6,2022-05-01T00:00:00.000Z,101.6,93.7,87.3,87.3,83.2
נהריה,101.6,2022-05-01T00:00:00.000Z,101.6,93.7,87.3,87.3,83.2
נהריה,101.6,2022-05-01T00:00:00.000Z,101.6,93.7,87.3,87.3,83.2
נהריה,101.6,2022-05-01T00:00:00.000Z,101.6,93.7,87.3,87.3,83.2
נהריה,101.6,2022-05-01T00:00:00.000Z,101.6,93.7,87.3,87.3,83.2
נהריה,101.6,2022-05-01T00:00:00.000Z,101.6,93.7,87.3,87.3,83.2
נהריה,101.6,2022-05-01T00:00:00.000Z,101.6,93.7,87.3,87.3,83.2
נהריה,101.6,2022-05-01T00:00:00.000Z,101.6,93.7,87.3,87.3,83.2
נהריה,101.6,2022-05-01T00:00:00.000Z,101.6,93.7,87.3,87.3,83.2
נהריה,101.6,2022-05-01T00:00:00.000Z,101.6,93.7,87.3,87.3,83.2
נהריה,101.6,2022-05-01T00:00:00.000Z,101.6,93.7,87.3,87.3,83.2
נהריה,101.6,2022-05-01T00:00:00.000Z,101.6,93.7,87.3,87.3,83.2
נהריה,101.6,2022-05-01T00:00:00.000Z,101.6,93.7,87.3,87.3,83.2
נהריה,101.6,2022-05-01T00:00:00.000Z,101.6,93.7,87.3,87.3,83.2
נהריה,101.6,2022-05-01T00:00:00.000Z,101.6,93.7,87.3,87.3,83.2
נהריה,101.6,2022-05-01T00:00:00.000Z,101.6,93.7,87.3,87.3,83.2
נהריה,101.6,2022-05-01T00:00:00.000Z,101.6,93.7,87.3,87.3,83.2
נהריה,101.6,2022-05-01T00:00:00.000Z,101.6,93.7,87.3,87.3,83.2
נהריה,101.6,2022-05-01T00:00:00.000Z,101.6,93.7,87.3,87.3,83.2
נהריה,101.6,2022-05-01T00:00:00.000Z,101.6,93.7,87.3,87.3,83.2
נהריה,101.6,2022-05-01T00:00:00.000Z,101.6,93.7,87.3,87.3,83.2
נהריה,101.6,2022-05-01T00:00:00.000Z,101.6,93.7,87.3,87.3,83.2
נהריה,101.6,2022-05-01T00:00:00.000Z,101.6,93.7,87.3,87.3,83.2
נהריה,101.6,2022-05-01T00:00:00.000Z,101.6,93.7,87.3,87.3,83.2
נהריה,101.6,2022-05-01T00:00:00.000Z,101.6,93.7,87.3,87.3,83.2
נהריה,101.6,2022-05-01T00:00:00.000Z,101.6,93.7,87.3,87.3,83.2
נהריה,101.6,2022-05-01T00:00:00.000Z,101.6,93.7,87.3,87.3,83.2
נהריה,101.6,2022-05-01T00:00:00.000Z,101.6,93.7,87.3,87.3,83.2
נהריה,101.6,2022-05-01T00:00:00.000Z,101.6,93.7,87.3,87.3,83.2
נהריה,101.6,2022-05-01T00:00:00.000Z,101.6,93.7,87.3,87.3,83.2
נהריה,101.6,2022-05-01T00:00:00.000Z,101.6,93.7,87.3,87.3,83.2
נהריה,101.6,2022-05-01T00:00:00.000Z,101.6,93.7,87.3,87.3,83.2
נהריה,101.6,2022-05-01T00:00:00.000Z,101.6,93.7,87.3,87.3,83.2
ברזילי,100.5,2022-05-01T00:00:00.000Z,100.5,80.2,85.9,85.9,69.4
ברזילי,100.5,2022-05-01T00:00:00.000Z,100.5,80.2,85.9,85.9,69.4
ברזילי,100.5,2022-05-01T00:00:00.000Z,100.5,80.2,85.9,85.9,69.4
ברזילי,100.5,2022-05-01T00:00:00.000Z,100.5,80.2,85.9,85.9,69.4
ברזילי,100.5,2022-05-01T00:00:00.000Z,100.5,80.2,85.9,85.9,69.4
ברזילי,100.5,2022-05-01T00:00:00.000Z,100.5,80.2,85.9,85.9,69.4
ברזילי,100.5,2022-05-01T00:00:00.000Z,100.5,80.2,85.9,85.9,69.4
ברזילי,100.5,2022-05-01T00:00:00.000Z,100.5,80.2,85.9,85.9,69.4
ברזילי,100.5,2022-05-01T00:00:00.000Z,100.5,80.2,85.9,85.9,69.4
ברזילי,100.5,2022-05-01T00:00:00.000Z,100.5,80.2,85.9,85.9,69.4
ברזילי,100.5,2022-05-01T00:00:00.000Z,100.5,80.2,85.9,85.9,69.4
ברזילי,100.5,2022-05-01T00:00:00.000Z,100.5,80.2,85.9,85.9,69.4
ברזילי,100.5,2022-05-01T00:00:00.000Z,100.5,80.2,85.9,85.9,69.4
ברזילי,100.5,2022-05-01T00:00:00.000Z,100.5,80.2,85.9,85.9,69.4
ברזילי,100.5,2022-05-01T00:00:00.000Z,100.5,80.2,85.9,85.9,69.4
ברזילי,100.5,2022-05-01T00:00:00.000Z,100.5,80.2,85.9,85.9,69.4
ברזילי,100.5,2022-05-01T00:00:00.000Z,100.5,80.2,85.9,85.9,69.4
ברזילי,100.5,2022-05-01T00:00:00.000Z,100.5,80.2,85.9,85.9,69.4
ברזילי,100.5,2022-05-01T00:00:00.000Z,100.5,80.2,85.9,85.9,69.4
ברזילי,100.5,2022-05-01T00:00:00.000Z,100.5,80.2,85.9,85.9,69.4
ברזילי,100.5,2022-05-01T00:00:00.000Z,100.5,80.2,85.9,85.9,69.4
ברזילי,100.5,2022-05-01T00:00:00.000Z,100.5,80.2,85.9,85.9,69.4
ברזילי,100.5,2022-05-01T00:00:00.000Z,100.5,80.2,85.9,85.9,69.4
ברזילי,100.5,2022-05-01T00:00:00.000Z,100.5,80.2,85.9,85.9,69.4
ברזילי,100.5,2022-05-01T00:00:00.000Z,100.5,80.2,85.9,85.9,69.4
ברזילי,100.5,2022-05-01T00:00:00.000Z,100.5,80.2,85.9,85.9,69.4
ברזילי,100.5,2022-05-01T00:00:00.000Z,100.5,80.2,85.9,85.9,69.4
ברזילי,100.5,2022-05-01T00:00:00.000Z,100.5,80.2,85.9,85.9,69.4
יוספטל,62.5,2022-05-01T00:00:00.000Z,81.3,62.5,43.1,46.2,40
יוספטל,62.5,2022-05-01T00:00:00.000Z,78.6,64.3,43.1,45.7,40.9
יוספטל,62.5,2022-05-01T00:00:00.000Z,75.9,66.1,43.1,45.3,41.8
יוספטל,62.5,2022-05-01T00:00:00.000Z,73.2,67.9,43.1,44.8,42.6
יוספטל,62.5,2022-05-01T00:00:00.000Z,70.5,69.6,43.1,44.4,43.5
יוספטל,62.5,2022-05-01T00:00:00.000Z,67.9,71.4,43.1,44,44.4
יוספטל,62.5,2022-05-01T00:00:00.000Z,65.2,73.2,43.1,43.5,45.3
יוספטל,62.5,2022-05-01T00:00:00.000Z,62.5,75,43.1,43.1,46.2
יוספטל,62.5,2022-05-01T00:00:00.000Z,62.5,75,43.1,43.1,46.2
יוספטל,62.5,2022-05-01T00:00:00.000Z,62.5,75,43.1,43.1,46.2
יוספטל,62.5,2022-05-01T00:00:00.000Z,62.5,75,43.1,43.1,46.2
יוספטל,62.5,2022-05-01T00:00:00.000Z,62.5,75,43.1,43.1,46.2
יוספטל,62.5,2022-05-01T00:00:00.000Z,62.5,75,43.1,43.1,46.2
יוספטל,62.5,2022-05-01T00:00:00.000Z,62.5,75,43.1,43.1,46.2
"רמב""ם",96,2022-05-01T00:00:00.000Z,96,100,87,87,82.8
"רמב""ם",96,2022-05-01T00:00:00.000Z,96,100,87,87,82.8
"רמב""ם",96,2022-05-01T00:00:00.000Z,96,100,87,87,82.8
"רמב""ם",96,2022-05-01T00:00:00.000Z,96,100,87,87,82.8
"רמב""ם",96,2022-05-01T00:00:00.000Z,96,100,87,87,82.8
"רמב""ם",96,2022-05-01T00:00:00.000Z,96,100,87,87,82.8
"רמב""ם",96,2022-05-01T00:00:00.000Z,96,100,87,87,82.8
"רמב""ם",96,2022-05-01T00:00:00.000Z,96,100,87,87,82.8
"רמב""ם",96,2022-05-01T00:00:00.000Z,96,100,87,87,82.8
"רמב""ם",96,2022-05-01T00:00:00.000Z,96,100,87,87,82.8
"רמב""ם",96,2022-05-01T00:00:00.000Z,96,100,87,87,82.8
"רמב""ם",96,2022-05-01T00:00:00.000Z,96,100,87,87,82.8
"רמב""ם",96,2022-05-01T00:00:00.000Z,96,100,87,87,82.8
"רמב""ם",96,2022-05-01T00:00:00.000Z,96,100,87,87,82.8
"רמב""ם",96,2022-05-01T00:00:00.000Z,96,100,87,87,82.8
"רמב""ם",96,2022-05-01T00:00:00.000Z,96,100,87,87,82.8
"רמב""ם",96,2022-05-01T00:00:00.000Z,96,100,87,87,82.8
"רמב""ם",96,2022-05-01T00:00:00.000Z,96,100,87,87,82.8
"רמב""ם",96,2022-05-01T00:00:00.000Z,96,100,87,87,82.8
"רמב""ם",96,2022-05-01T00:00:00.000Z,96,100,87,87,82.8
"רמב""ם",96,2022-05-01T00:00:00.000Z,96,100,87,87,82.8
"רמב""ם",96,2022-05-01T00:00:00.000Z,96,100,87,87,82.8
"רמב""ם",96,2022-05-01T00:00:00.000Z,96,100,87,87,82.8
"רמב""ם",96,2022-05-01T00:00:00.000Z,96,100,87,87,82.8
"רמב""ם",96,2022-05-01T00:00:00.000Z,96,100,87,87,82.8
"רמב""ם",96,2022-05-01T00:00:00.000Z,96,100,87,87,82.8
"רמב""ם",96,2022-05-01T00:00:00.000Z,96,100,87,87,82.8
"רמב""ם",96,2022-05-01T00:00:00.000Z,96,100,87,87,82.8
"רמב""ם",96,2022-05-01T00:00:00.000Z,96,100,87,87,82.8
"רמב""ם",96,2022-05-01T00:00:00.000Z,96,100,87,87,82.8
"רמב""ם",96,2022-05-01T00:00:00.000Z,96,100,87,87,82.8
"רמב""ם",96,2022-05-01T00:00:00.000Z,96,100,87,87,82.8
נהריה,101.6,2022-05-01T00:00:00.000Z,101.6,93.7,87.3,87.3,83.2
נהריה,101.6,2022-05-01T00:00:00.000Z,101.6,93.7,87.3,87.3,83.2
נהריה,101.6,2022-05-01T00:00:00.000Z,101.6,93.7,87.3,87.3,83.2
נהריה,101.6,2022-05-01T00:00:00.000Z,101.6,93.7,87.3,87.3,83.2
נהריה,101.6,2022-05-01T00:00:00.000Z,101.6,93.7,87.3,87.3,83.2
נהריה,101.6,2022-05-01T00:00:00.000Z,101.6,93.7,87.3,87.3,83.2
נהריה,101.6,2022-05-01T00:00:00.000Z,101.6,93.7,87.3,87.3,83.2
נהריה,101.6,2022-05-01T00:00:00.000Z,101.6,93.7,87.3,87.3,83.2
נהריה,101.6,2022-05-01T00:00:00.000Z,101.6,93.7,87.3,87.3,83.2
נהריה,101.6,2022-05-01T00:00:00.000Z,101.6,93.7,87.3,87.3,83.2
נהריה,101.6,2022-05-01T00:00:00.000Z,101.6,93.7,87.3,87.3,83.2
נהריה,101.6,2022-05-01T00:00:00.000Z,101.6,93.7,87.3,87.3,83.2
נהריה,101.6,2022-05-01T00:00:00.000Z,101.6,93.7,87.3,87.3,83.2
נהריה,101.6,2022-05-01T00:00:00.000Z,101.6,93.7,87.3,87.3,83.2
נהריה,101.6,2022-05-01T00:00:00.000Z,101.6,93.7,87.3,87.3,83.2
נהריה,101.6,2022-05-01T00:00:00.000Z,101.6,93.7,87.3,87.3,83.2
נהריה,101.6,2022-05-01T00:00:00.000Z,101.6,93.7,87.3,87.3,83.2
נהריה,101.6,2022-05-01T00:00:00.000Z,101.6,93.7,87.3,87.3,83.2
נהריה,101.6,2022-05-01T00:00:00.000Z,101.6,93.7,87.3,87.3,83.2
נהריה,101.6,2022-05-01T00:00:00.000Z,101.6,93.7,87.3,87.3,83.2
נהריה,101.6,2022-05-01T00:00:00.000Z,101.6,93.7,87.3,87.3,83.2
נהריה,101.6,2022-05-01T00:00:00.000Z,101.6,93.7,87.3,87.3,83.2
נהריה,101.6,2022-05-01T00:00:00.000Z,101.6,93.7,87.3,87.3,83.2
נהריה,101.6,2022-05-01T00:00:00.000Z,101.6,93.7,87.3,87.3,83.2
נהריה,101.6,2022-05-01T00:00:00.000Z,101.6,93.7,87.3,87.3,83.2
נהריה,101.6,2022-05-01T00:00:00.000Z,101.6,93.7,87.3,87.3,83.2
נהריה,101.6,2022-05-01T00:00:00.000Z,101.6,93.7,87.3,87.3,83.2
נהריה,101.6,2022-05-01T00:00:00.000Z,101.6,93.7,87.3,87.3,83.2
הלל יפה,98.6,2022-05-01T00:00:00.000Z,98.6,92.5,80,80,80
הלל יפה,98.6,2022-05-01T00:00:00.000Z,98.6,92.5,80,80,80
הלל יפה,98.6,2022-05-01T00:00:00.000Z,98.6,92.5,80,80,80
הלל יפה,98.6,2022-05-01T00:00:00.000Z,98.6,92.5,80,80,80
הלל יפה,98.6,2022-05-01T00:00:00.000Z,98.6,92.5,80,80,80
הלל יפה,98.6,2022-05-01T00:00:00.000Z,98.6,92.5,80,80,80
הלל יפה,98.6,2022-05-01T00:00:00.000Z,98.6,92.5,80,80,80
הלל יפה,98.6,2022-05-01T00:00:00.000Z,98.6,92.5,80,80,80
הלל יפה,98.6,2022-05-01T00:00:00.000Z,98.6,92.5,80,80,80
הלל יפה,98.6,2022-05-01T00:00:00.000Z,98.6,92.5,80,80,80
הלל יפה,98.6,2022-05-01T00:00:00.000Z,98.6,92.5,80,80,80
הלל יפה,98.6,2022-05-01T00:00:00.000Z,98.6,92.5,80,80,80
הלל יפה,98.6,2022-05-01T00:00:00.000Z,98.6,92.5,80,80,80
הלל יפה,98.6,2022-05-01T00:00:00.000Z,98.6,92.5,80,80,80
הלל יפה,98.6,2022-05-01T00:00:00.000Z,98.6,92.5,80,80,80
הלל יפה,98.6,2022-05-01T00:00:00.000Z,98.6,92.5,80,80,80
הלל יפה,98.6,2022-05-01T00:00:00.000Z,98.6,92.5,80,80,80
הלל יפה,98.6,2022-05-01T00:00:00.000Z,98.6,92.5,80,80,80
הלל יפה,98.6,2022-05-01T00:00:00.000Z,98.6,92.5,80,80,80
הלל יפה,98.6,2022-05-01T00:00:00.000Z,98.6,92.5,80,80,80
הלל יפה,98.6,2022-05-01T00:00:00.000Z,98.6,92.5,80,80,80
הלל יפה,98.6,2022-05-01T00:00:00.000Z,98.6,92.5,80,80,80
הלל יפה,98.6,2022-05-01T00:00:00.000Z,98.6,92.5,80,80,80
הלל יפה,98.6,2022-05-01T00:00:00.000Z,98.6,92.5,80,80,80
הלל יפה,98.6,2022-05-01T00:00:00.000Z,98.6,92.5,80,80,80
הלל יפה,98.6,2022-05-01T00:00:00.000Z,98.6,92.5,80,80,80
הלל יפה,98.6,2022-05-01T00:00:00.000Z,98.6,92.5,80,80,80
הלל יפה,98.6,2022-05-01T00:00:00.000Z,98.6,92.5,80,80,80
הלל יפה,98.6,2022-05-01T00:00:00.000Z,98.6,92.5,80,80,80
יוספטל,62.5,2022-05-01T00:00:00.000Z,62.5,75,43.1,43.1,46.2
יוספטל,62.5,2022-05-01T00:00:00.000Z,62.5,75,43.1,43.1,46.2
יוספטל,62.5,2022-05-01T00:00:00.000Z,62.5,75,43.1,43.1,46.2
יוספטל,62.5,2022-05-01T00:00:00.000Z,62.5,75,43.1,43.1,46.2
יוספטל,62.5,2022-05-01T00:00:00.000Z,62.5,75,43.1,43.1,46.2
יוספטל,62.5,2022-05-01T00:00:00.000Z,62.5,75,43.1,43.1,46.2
יוספטל,62.5,2022-05-01T00:00:00.000Z,62.5,75,43.1,43.1,46.2
יוספטל,62.5,2022-05-01T00:00:00.000Z,62.5,75,43.1,43.1,46.2
יוספטל,62.5,2022-05-01T00:00:00.000Z,62.5,75,43.1,43.1,46.2
יוספטל,62.5,2022-05-01T00:00:00.000Z,62.5,75,43.1,43.1,46.2
יוספטל,62.5,2022-05-01T00:00:00.000Z,62.5,75,43.1,43.1,46.2
יוספטל,62.5,2022-05-01T00:00:00.000Z,62.5,75,43.1,43.1,46.2
יוספטל,62.5,2022-05-01T00:00:00.000Z,62.5,75,43.1,43.1,46.2
יוספטל,62.5,2022-05-01T00:00:00.000Z,62.5,75,43.1,43.1,46.2
יוספטל,62.5,2022-05-01T00:00:00.000Z,62.5,75,43.1,43.1,46.2
יוספטל,62.5,2022-05-01T00:00:00.000Z,62.5,75,43.1,43.1,46.2
יוספטל,62.5,2022-05-01T00:00:00.000Z,62.5,75,43.1,43.1,46.2
יוספטל,62.5,2022-05-01T00:00:00.000Z,62.5,75,43.1,43.1,46.2
יוספטל,62.5,2022-05-01T00:00:00.000Z,62.5,75,43.1,43.1,46.2
יוספטל,62.5,2022-05-01T00:00:00.000Z,62.5,75,43.1,43.1,46.2
יוספטל,62.5,2022-05-01T00:00:00.000Z,62.5,75,43.1,43.1,46.2
יוספטל,62.5,2022-05-01T00:00:00.000Z,62.5,75,43.1,43.1,46.2
יוספטל,62.5,2022-05-01T00:00:00.000Z,62.5,75,43.1,43.1,46.2
יוספטל,62.5,2022-05-01T00:00:00.000Z,62.5,75,43.1,43.1,46.2
יוספטל,62.5,2022-05-01T00:00:00.000Z,62.5,75,43.1,43.1,46.2
יוספטל,62.5,2022-05-01T00:00:00.000Z,62.5,75,43.1,43.1,46.2
יוספטל,62.5,2022-05-01T00:00:00.000Z,62.5,75,43.1,43.1,46.2
יוספטל,62.5,2022-05-01T00:00:00.000Z,62.5,75,43.1,43.1,46.2
יוספטל,62.5,2022-05-01T00:00:00.000Z,62.5,75,43.1,43.1,46.2
יוספטל,62.5,2022-05-01T00:00:00.000Z,62.5,75,43.1,43.1,46.2
יוספטל,62.5,2022-05-01T00:00:00.000Z,62.5,75,43.1,43.1,46.2
יוספטל,62.5,2022-05-01T00:00:00.000Z,62.5,75,43.1,43.1,46.2
יוספטל,62.5,2022-05-01T00:00:00.000Z,62.5,75,43.1,43.1,46.2
יוספטל,62.5,2022-05-01T00:00:00.000Z,62.5,75,43.1,43.1,46.2
יוספטל,62.5,2022-05-01T00:00:00.000Z,62.5,75,43.1,43.1,46.2
יוספטל,62.5,2022-05-01T00:00:00.000Z,62.5,75,43.1,43.1,46.2
יוספטל,62.5,2022-05-01T00:00:00.000Z,62.5,75,43.1,43.1,46.2
יוספטל,62.5,2022-05-01T00:00:00.000Z,62.5,75,43.1,43.1,46.2
יוספטל,62.5,2022-05-01T00:00:00.000Z,62.5,75,43.1,43.1,46.2
יוספטל,62.5,2022-05-01T00:00:00.000Z,62.5,75,43.1,43.1,46.2
יוספטל,62.5,2022-05-01T00:00:00.000Z,62.5,75,43.1,43.1,46.2
יוספטל,62.5,2022-05-01T00:00:00.000Z,62.5,75,43.1,43.1,46.2
יוספטל,62.5,2022-05-01T00:00:00.000Z,62.5,75,43.1,43.1,46.2
יוספטל,62.5,2022-05-01T00:00:00.000Z,62.5,75,43.1,43.1,46.2
יוספטל,62.5,2022-05-01T00:00:00.000Z,62.5,75,43.1,43.1,46.2
יוספטל,62.5,2022-05-01T00:00:00.000Z,62.5,75,43.1,43.1,46.2
יוספטל,62.5,2022-05-01T00:00:00.000Z,62.5,75,43.1,43.1,46.2
יוספטל,62.5,2022-05-01T00:00:00.000Z,62.5,75,43.1,43.1,46.2
יוספטל,62.5,2022-05-01T00:00:00.000Z,62.5,75,43.1,43.1,46.2
הלל יפה,98.6,2022-05-01T00:00:00.000Z,98.6,92.5,80,80,80
הלל יפה,98.6,2022-05-01T00:00:00.000Z,98.6,92.5,80,80,80
הלל יפה,98.6,2022-05-01T00:00:00.000Z,98.6,92.5,80,80,80
הלל יפה,98.6,2022-05-01T00:00:00.000Z,98.6,92.5,80,80,80
הלל יפה,98.6,2022-05-01T00:00:00.000Z,98.6,92.5,80,80,80
הלל יפה,98.6,2022-05-01T00:00:00.000Z,98.6,92.5,80,80,80
הלל יפה,98.6,2022-05-01T00:00:00.000Z,98.6,92.5,80,80,80
הלל יפה,98.6,2022-05-01T00:00:00.000Z,98.6,92.5,80,80,80
הלל יפה,98.6,2022-05-01T00:00:00.000Z,98.6,92.5,80,80,80
הלל יפה,98.6,2022-05-01T00:00:00.000Z,98.6,92.5,80,80,80
הלל יפה,98.6,2022-05-01T00:00:00.000Z,98.6,92.5,80,80,80
הלל יפה,98.6,2022-05-01T00:00:00.000Z,98.6,92.5,80,80,80
הלל יפה,98.6,2022-05-01T00:00:00.000Z,98.6,92.5,80,80,80
הלל יפה,98.6,2022-05-01T00:00:00.000Z,98.6,92.5,80,80,80
הלל יפה,98.6,2022-05-01T00:00:00.000Z,98.6,92.5,80,80,80
הלל יפה,98.6,2022-05-01T00:00:00.000Z,98.6,92.5,80,80,80
הלל יפה,98.6,2022-05-01T00:00:00.000Z,98.6,92.5,80,80,80
הלל יפה,98.6,2022-05-01T00:00:00.000Z,98.6,92.5,80,80,80
הלל יפה,98.6,2022-05-01T00:00:00.000Z,98.6,92.5,80,80,80
הלל יפה,98.6,2022-05-01T00:00:00.000Z,98.6,92.5,80,80,80
הלל יפה,98.6,2022-05-01T00:00:00.000Z,98.6,92.5,80,80,80
הלל יפה,98.6,2022-05-01T00:00:00.000Z,98.6,92.5,80,80,80
הלל יפה,98.6,2022-05-01T00:00:00.000Z,98.6,92.5,80,80,80
הלל יפה,98.6,2022-05-01T00:00:00.000Z,98.6,92.5,80,80,80
הלל יפה,98.6,2022-05-01T00:00:00.000Z,98.6,92.5,80,80,80
הלל יפה,98.6,2022-05-01T00:00:00.000Z,98.6,92.5,80,80,80
הלל יפה,98.6,2022-05-01T00:00:00.000Z,98.6,92.5,80,80,80
הלל יפה,98.6,2022-05-01T00:00:00.000Z,98.6,92.5,80,80,80
הלל יפה,98.6,2022-05-01T00:00:00.000Z,98.6,92.5,80,80,80
הלל יפה,98.6,2022-05-01T00:00:00.000Z,98.6,92.5,80,80,80
הלל יפה,98.6,2022-05-01T00:00:00.000Z,98.6,92.5,80,80,80
הלל יפה,98.6,2022-05-01T00:00:00.000Z,98.6,92.5,80,80,80
הלל יפה,98.6,2022-05-01T00:00:00.000Z,98.6,92.5,80,80,80
הלל יפה,98.6,2022-05-01T00:00:00.000Z,98.6,92.5,80,80,80
יוספטל,62.5,2022-05-01T00:00:00.000Z,62.5,75,43.1,43.1,46.2
יוספטל,62.5,2022-05-01T00:00:00.000Z,62.5,75,43.1,43.1,46.2
יוספטל,62.5,2022-05-01T00:00:00.000Z,62.5,75,43.1,43.1,46.2
יוספטל,62.5,2022-05-01T00:00:00.000Z,62.5,75,43.1,43.1,46.2
יוספטל,62.5,2022-05-01T00:00:00.000Z,62.5,75,43.1,43.1,46.2
יוספטל,62.5,2022-05-01T00:00:00.000Z,62.5,75,43.1,43.1,46.2
יוספטל,62.5,2022-05-01T00:00:00.000Z,62.5,75,43.1,43.1,46.2
יוספטל,62.5,2022-05-01T00:00:00.000Z,62.5,75,43.1,43.1,46.2
יוספטל,62.5,2022-05-01T00:00:00.000Z,62.5,75,43.1,43.1,46.2
יוספטל,62.5,2022-05-01T00:00:00.000Z,62.5,75,43.1,43.1,46.2
יוספטל,62.5,2022-05-01T00:00:00.000Z,62.5,75,43.1,43.1,46.2
יוספטל,62.5,2022-05-01T00:00:00.000Z,62.5,75,43.1,43.1,46.2
יוספטל,62.5,2022-05-01T00:00:00.000Z,62.5,75,43.1,43.1,46.2
יוספטל,62.5,2022-05-01T00:00:00.000Z,62.5,75,43.1,43.1,46.2
יוספטל,62.5,2022-05-01T00:00:00.000Z,62.5,75,43.1,43.1,46.2
יוספטל,62.5,2022-05-01T00:00:00.000Z,62.5,75,43.1,43.1,46.2
יוספטל,62.5,2022-05-01T00:00:00.000Z,62.5,75,43.1,43.1,46.2
יוספטל,62.5,2022-05-01T00:00:00.000Z,62.5,75,43.1,43.1,46.2
יוספטל,62.5,2022-05-01T00:00:00.000Z,62.5,75,43.1,43.1,46.2
יוספטל,62.5,2022-05-01T00:00:00.000Z,62.5,75,43.1,43.1,46.2
יוספטל,62.5,2022-05-01T00:00:00.000Z,62.5,75,43.1,43.1,46.2
יוספטל,62.5,2022-05-01T00:00:00.000Z,62.5,75,43.1,43.1,46.2
יוספטל,62.5,2022-05-01T00:00:00.000Z,62.5,75,43.1,43.1,46.2
יוספטל,62.5,2022-05-01T00:00:00.000Z,62.5,75,43.1,43.1,46.2
יוספטל,62.5,2022-05-01T00:00:00.000Z,62.5,75,43.1,43.1,46.2
יוספטל,62.5,2022-05-01T00:00:00.000Z,62.5,75,43.1,43.1,46.2
יוספטל,62.5,2022-05-01T00:00:00.000Z,62.5,75,43.1,43.1,46.2
יוספטל,62.5,2022-05-01T00:00:00.000Z,62.5,75,43.1,43.1,46.2
הלל יפה,98.6,2022-05-01T00:00:00.000Z,98.6,92.5,80,80,80
הלל יפה,98.6,2022-05-01T00:00:00.000Z,98.6,92.5,80,80,80
הלל יפה,98.6,2022-05-01T00:00:00.000Z,98.6,92.5,80,80,80
הלל יפה,98.6,2022-05-01T00:00:00.000Z,98.6,92.5,80,80,80
הלל יפה,98.6,2022-05-01T00:00:00.000Z,98.6,92.5,80,80,80
הלל יפה,98.6,2022-05-01T00:00:00.000Z,98.6,92.5,80,80,80
הלל יפה,98.6,2022-05-01T00:00:00.000Z,98.6,92.5,80,80,80
הלל יפה,98.6,2022-05-01T00:00:00.000Z,98.6,92.5,80,80,80
הלל יפה,98.6,2022-05-01T00:00:00.000Z,98.6,92.5,80,80,80
הלל יפה,98.6,2022-05-01T00:00:00.000Z,98.6,92.5,80,80,80
הלל יפה,98.6,2022-05-01T00:00:00.000Z,98.6,92.5,80,80,80
הלל יפה,98.6,2022-05-01T00:00:00.000Z,98.6,92.5,80,80,80
הלל יפה,98.6,2022-05-01T00:00:00.000Z,98.6,92.5,80,80,80
הלל יפה,98.6,2022-05-01T00:00:00.000Z,98.6,92.5,80,80,80
הלל יפה,98.6,2022-05-01T00:00:00.000Z,98.6,92.5,80,80,80
הלל יפה,98.6,2022-05-01T00:00:00.000Z,98.6,92.5,80,80,80
הלל יפה,98.6,2022-05-01T00:00:00.000Z,98.6,92.5,80,80,80
הלל יפה,98.6,2022-05-01T00:00:00.000Z,98.6,92.5,80,80,80
הלל יפה,98.6,2022-05-01T00:00:00.000Z,98.6,92.5,80,80,80
הלל יפה,98.6,2022-05-01T00:00:00.000Z,98.6,92.5,80,80,80
הלל יפה,98.6,2022-05-01T00:00:00.000Z,98.6,92.5,80,80,80
הלל יפה,98.6,2022-05-01T00:00:00.000Z,98.6,92.5,80,80,80
הלל יפה,98.6,2022-05-01T00:00:00.000Z,98.6,92.5,80,80,80
הלל יפה,98.6,2022-05-01T00:00:00.000Z,98.6,92.5,80,80,80
הלל יפה,98.6,2022-05-01T00:00:00.000Z,98.6,92.5,80,80,80
הלל יפה,98.6,2022-05-01T00:00:00.000Z,98.6,92.5,80,80,80
הלל יפה,98.6,2022-05-01T00:00:00.000Z,98.6,92.5,80,80,80
הלל יפה,98.6,2022-05-01T00:00:00.000Z,98.6,92.5,80,80,80
הלל יפה,98.6,2022-05-01T00:00:00.000Z,98.6,92.5,80,80,80
הלל יפה,98.6,2022-05-01T00:00:00.000Z,98.6,92.5,80,80,80
הלל יפה,98.6,2022-05-01T00:00:00.000Z,98.6,92.5,80,80,80
הלל יפה,98.6,2022-05-01T00:00:00.000Z,98.6,92.5,80,80,80
הלל יפה,98.6,2022-05-01T00:00:00.000Z,98.6,92.5,80,80,80
הלל יפה,98.6,2022-05-01T00:00:00.000Z,98.6,92.5,80,80,80
הלל יפה,98.6,2022-05-01T00:00:00.000Z,98.6,92.5,80,80,80
הלל יפה,98.6,2022-05-01T00:00:00.000Z,98.6,92.5,80,80,80
הלל יפה,98.6,2022-05-01T00:00:00.000Z,98.6,92.5,80,80,80
הלל יפה,98.6,2022-05-01T00:00:00.000Z,98.6,92.5,80,80,80
הלל יפה,98.6,2022-05-01T00:00:00.000Z,98.6,92.5,80,80,80
הלל יפה,98.6,2022-05-01T00:00:00.000Z,98.6,92.5,80,80,80
הלל יפה,98.6,2022-05-01T00:00:00.000Z,98.6,92.5,80,80,80
הלל יפה,98.6,2022-05-01T00:00:00.000Z,98.6,92.5,80,80,80
הלל יפה,98.6,2022-05-01T00:00:00.000Z,98.6,92.5,80,80,80
הלל יפה,98.6,2022-05-01T00:00:00.000Z,98.6,92.5,80,80,80
הלל יפה,98.6,2022-05-01T00:00:00.000Z,98.6,92.5,80,80,80
הלל יפה,98.6,2022-05-01T00:00:00.000Z,98.6,92.5,80,80,80
הלל יפה,98.6,2022-05-01T00:00:00.000Z,98.6,92.5,80,80,80
הלל יפה,98.6,2022-05-01T00:00:00.000Z,98.6,92.5,80,80,80
הלל יפה,98.6,2022-05-01T00:00:00.000Z,98.6,92.5,80,80,80
הלל יפה,98.6,2022-05-01T00:00:00.000Z,98.6,92.5,80,80,80
הלל יפה,98.6,2022-05-01T00:00:00.000Z,98.6,92.5,80,80,80
הלל יפה,98.6,2022-05-01T00:00:00.000Z,98.6,92.5,80,80,80
הלל יפה,98.6,2022-05-01T00:00:00.000Z,98.6,92.5,80,80,80
הלל יפה,98.6,2022-05-01T00:00:00.000Z,98.6,92.5,80,80,80
הלל יפה,98.6,2022-05-01T00:00:00.000Z,98.6,92.5,80,80,80
הלל יפה,98.6,2022-05-01T00:00:00.000Z,98.6,92.5,80,80,80
הלל יפה,98.6,2022-05-01T00:00:00.000Z,98.6,92.5,80,80,80
הלל יפה,98.6,2022-05-01T00:00:00.000Z,98.6,92.5,80,80,80
הלל יפה,98.6,2022-05-01T00:00:00.000Z,98.6,92.5,80,80,80
הלל יפה,98.6,2022-05-01T00:00:00.000Z,98.6,92.5,80,80,80
"רמב""ם",96,2022-05-01T00:00:00.000Z,96,100,87,87,82.8
"רמב""ם",96,2022-05-01T00:00:00.000Z,96,100,87,87,82.8
"רמב""ם",96,2022-05-01T00:00:00.000Z,96,100,87,87,82.8
"רמב""ם",96,2022-05-01T00:00:00.000Z,96,100,87,87,82.8
"רמב""ם",96,2022-05-01T00:00:00.000Z,96,100,87,87,82.8
"רמב""ם",96,2022-05-01T00:00:00.000Z,96,100,87,87,82.8
"רמב""ם",96,2022-05-01T00:00:00.000Z,96,100,87,87,82.8
"רמב""ם",96,2022-05-01T00:00:00.000Z,96,100,87,87,82.8
"רמב""ם",96,2022-05-01T00:00:00.000Z,96,100,87,87,82.8
"רמב""ם",96,2022-05-01T00:00:00.000Z,96,100,87,87,82.8
"רמב""ם",96,2022-05-01T00:00:00.000Z,96,100,87,87,82.8
"רמב""ם",96,2022-05-01T00:00:00.000Z,96,100,87,87,82.8
"רמב""ם",96,2022-05-01T00:00:00.000Z,96,100,87,87,82.8
"רמב""ם",96,2022-05-01T00:00:00.000Z,96,100,87,87,82.8
"רמב""ם",96,2022-05-01T00:00:00.000Z,96,100,87,87,82.8
"רמב""ם",96,2022-05-01T00:00:00.000Z,96,100,87,87,82.8
"רמב""ם",96,2022-05-01T00:00:00.000Z,96,100,87,87,82.8
"רמב""ם",96,2022-05-01T00:00:00.000Z,96,100,87,87,82.8
"רמב""ם",96,2022-05-01T00:00:00.000Z,96,100,87,87,82.8
"רמב""ם",96,2022-05-01T00:00:00.000Z,96,100,87,87,82.8
"רמב""ם",96,2022-05-01T00:00:00.000Z,96,100,87,87,82.8
"רמב""ם",96,2022-05-01T00:00:00.000Z,96,100,87,87,82.8
"רמב""ם",96,2022-05-01T00:00:00.000Z,96,100,87,87,82.8
"רמב""ם",96,2022-05-01T00:00:00.000Z,96,100,87,87,82.8
"רמב""ם",96,2022-05-01T00:00:00.000Z,96,100,87,87,82.8
"רמב""ם",96,2022-05-01T00:00:00.000Z,96,100,87,87,82.8
"רמב""ם",96,2022-05-01T00:00:00.000Z,96,100,87,87,82.8
"רמב""ם",96,2022-05-01T00:00:00.000Z,96,100,87,87,82.8
"רמב""ם",96,2022-05-01T00:00:00.000Z,96,100,87,87,82.8
"רמב""ם",96,2022-05-01T00:00:00.000Z,96,100,87,87,82.8
"רמב""ם",96,2022-05-01T00:00:00.000Z,96,100,87,87,82.8
"רמב""ם",96,2022-05-01T00:00:00.000Z,96,100,87,87,82.8
"רמב""ם",96,2022-05-01T00:00:00.000Z,96,100,87,87,82.8
"רמב""ם",96,2022-05-01T00:00:00.000Z,96,100,87,87,82.8
זיו צפת,101.6,2022-05-01T00:00:00.000Z,90.6,106.3,68.3,68.6,76.1
זיו צפת,101.6,2022-05-01T00:00:00.000Z,92.2,104.7,68.3,68.5,76
זיו צפת,101.6,2022-05-01T00:00:00.000Z,93.8,103.1,68.3,68.5,76
זיו צפת,101.6,2022-05-01T00:00:00.000Z,95.3,101.6,68.3,68.5,76
זיו צפת,101.6,2022-05-01T00:00:00.000Z,96.9,100,68.3,68.4,75.9
זיו צפת,101.6,2022-05-01T00:00:00.000Z,98.4,98.4,68.3,68.4,75.9
זיו צפת,101.6,2022-05-01T00:00:00.000Z,100,96.9,68.3,68.3,75.8
זיו צפת,101.6,2022-05-01T00:00:00.000Z,101.6,95.3,68.3,68.3,75.8
זיו צפת,101.6,2022-05-01T00:00:00.000Z,101.6,95.3,68.3,68.3,75.8
זיו צפת,101.6,2022-05-01T00:00:00.000Z,101.6,95.3,68.3,68.3,75.8
זיו צפת,101.6,2022-05-01T00:00:00.000Z,101.6,95.3,68.3,68.3,75.8
זיו צפת,101.6,2022-05-01T00:00:00.000Z,101.6,95.3,68.3,68.3,75.8
זיו צפת,101.6,2022-05-01T00:00:00.000Z,101.6,95.3,68.3,68.3,75.8
זיו צפת,101.6,2022-05-01T00:00:00.000Z,101.6,95.3,68.3,68.3,75.8
זיו צפת,101.6,2022-05-01T00:00:00.000Z,101.6,95.3,68.3,68.3,75.8
זיו צפת,101.6,2022-05-01T00:00:00.000Z,101.6,95.3,68.3,68.3,75.8
זיו צפת,101.6,2022-05-01T00:00:00.000Z,101.6,95.3,68.3,68.3,75.8
זיו צפת,101.6,2022-05-01T00:00:00.000Z,101.6,95.3,68.3,68.3,75.8
זיו צפת,101.6,2022-05-01T00:00:00.000Z,101.6,95.3,68.3,68.3,75.8
זיו צפת,101.6,2022-05-01T00:00:00.000Z,101.6,95.3,68.3,68.3,75.8
זיו צפת,101.6,2022-05-01T00:00:00.000Z,101.6,95.3,68.3,68.3,75.8
זיו צפת,101.6,2022-05-01T00:00:00.000Z,101.6,95.3,68.3,68.3,75.8
זיו צפת,101.6,2022-05-01T00:00:00.000Z,101.6,95.3,68.3,68.3,75.8
זיו צפת,101.6,2022-05-01T00:00:00.000Z,101.6,95.3,68.3,68.3,75.8
זיו צפת,101.6,2022-05-01T00:00:00.000Z,101.6,95.3,68.3,68.3,75.8
זיו צפת,101.6,2022-05-01T00:00:00.000Z,101.6,95.3,68.3,68.3,75.8
זיו צפת,101.6,2022-05-01T00:00:00.000Z,101.6,95.3,68.3,68.3,75.8
זיו צפת,101.6,2022-05-01T00:00:00.000Z,101.6,95.3,68.3,68.3,75.8
זיו צפת,101.6,2022-05-01T00:00:00.000Z,101.6,95.3,68.3,68.3,75.8
זיו צפת,101.6,2022-05-01T00:00:00.000Z,101.6,95.3,68.3,68.3,75.8
זיו צפת,101.6,2022-05-01T00:00:00.000Z,101.6,95.3,68.3,68.3,75.8
זיו צפת,101.6,2022-05-01T00:00:00.000Z,101.6,95.3,68.3,68.3,75.8
זיו צפת,101.6,2022-05-01T00:00:00.000Z,101.6,95.3,68.3,68.3,75.8
זיו צפת,101.6,2022-05-01T00:00:00.000Z,101.6,95.3,68.3,68.3,75.8
זיו צפת,101.6,2022-05-01T00:00:00.000Z,101.6,95.3,68.3,68.3,75.8
זיו צפת,101.6,2022-05-01T00:00:00.000Z,101.6,95.3,68.3,68.3,75.8
זיו צפת,101.6,2022-05-01T00:00:00.000Z,101.6,95.3,68.3,68.3,75.8
זיו צפת,101.6,2022-05-01T00:00:00.000Z,101.6,95.3,68.3,68.3,75.8
זיו צפת,101.6,2022-05-01T00:00:00.000Z,101.6,95.3,68.3,68.3,75.8
זיו צפת,101.6,2022-05-01T00:00:00.000Z,101.6,95.3,68.3,68.3,75.8
זיו צפת,101.6,2022-05-01T00:00:00.000Z,101.6,95.3,68.3,68.3,75.8
זיו צפת,101.6,2022-05-01T00:00:00.000Z,101.6,95.3,68.3,68.3,75.8
זיו צפת,101.6,2022-05-01T00:00:00.000Z,101.6,95.3,68.3,68.3,75.8
זיו צפת,101.6,2022-05-01T00:00:00.000Z,101.6,95.3,68.3,68.3,75.8
זיו צפת,101.6,2022-05-01T00:00:00.000Z,101.6,95.3,68.3,68.3,75.8
זיו צפת,101.6,2022-05-01T00:00:00.000Z,101.6,95.3,68.3,68.3,75.8
זיו צפת,101.6,2022-05-01T00:00:00.000Z,101.6,95.3,68.3,68.3,75.8
זיו צפת,101.6,2022-05-01T00:00:00.000Z,101.6,95.3,68.3,68.3,75.8
זיו צפת,101.6,2022-05-01T00:00:00.000Z,101.6,95.3,68.3,68.3,75.8
זיו צפת,101.6,2022-05-01T00:00:00.000Z,101.6,95.3,68.3,68.3,75.8
זיו צפת,101.6,2022-05-01T00:00:00.000Z,101.6,95.3,68.3,68.3,75.8
זיו צפת,101.6,2022-05-01T00:00:00.000Z,101.6,95.3,68.3,68.3,75.8
זיו צפת,101.6,2022-05-01T00:00:00.000Z,101.6,95.3,68.3,68.3,75.8
זיו צפת,101.6,2022-05-01T00:00:00.000Z,101.6,95.3,68.3,68.3,75.8
זיו צפת,101.6,2022-05-01T00:00:00.000Z,101.6,95.3,68.3,68.3,75.8
זיו צפת,101.6,2022-05-01T00:00:00.000Z,101.6,95.3,68.3,68.3,75.8
זיו צפת,101.6,2022-05-01T00:00:00.000Z,101.6,95.3,68.3,68.3,75.8
זיו צפת,101.6,2022-05-01T00:00:00.000Z,101.6,95.3,68.3,68.3,75.8
זיו צפת,101.6,2022-05-01T00:00:00.000Z,101.6,95.3,68.3,68.3,75.8
זיו צפת,101.6,2022-05-01T00:00:00.000Z,101.6,95.3,68.3,68.3,75.8
זיו צפת,101.6,2022-05-01T00:00:00.000Z,101.6,95.3,68.3,68.3,75.8
זיו צפת,101.6,2022-05-01T00:00:00.000Z,101.6,95.3,68.3,68.3,75.8
זיו צפת,101.6,2022-05-01T00:00:00.000Z,101.6,95.3,68.3,68.3,75.8
זיו צפת,101.6,2022-05-01T00:00:00.000Z,101.6,95.3,68.3,68.3,75.8
זיו צפת,101.6,2022-05-01T00:00:00.000Z,101.6,95.3,68.3,68.3,75.8
זיו צפת,101.6,2022-05-01T00:00:00.000Z,101.6,95.3,68.3,68.3,75.8
זיו צפת,101.6,2022-05-01T00:00:00.000Z,101.6,95.3,68.3,68.3,75.8
זיו צפת,101.6,2022-05-01T00:00:00.000Z,101.6,95.3,68.3,68.3,75.8
זיו צפת,101.6,2022-05-01T00:00:00.000Z,101.6,95.3,68.3,68.3,75.8
זיו צפת,101.6,2022-05-01T00:00:00.000Z,101.6,95.3,68.3,68.3,75.8
זיו צפת,101.6,2022-05-01T00:00:00.000Z,101.6,95.3,68.3,68.3,75.8
זיו צפת,101.6,2022-05-01T00:00:00.000Z,101.6,95.3,68.3,68.3,75.8
זיו צפת,101.6,2022-05-01T00:00:00.000Z,101.6,95.3,68.3,68.3,75.8
זיו צפת,101.6,2022-05-01T00:00:00.000Z,101.6,95.3,68.3,68.3,75.8
זיו צפת,101.6,2022-05-01T00:00:00.000Z,101.6,95.3,68.3,68.3,75.8
זיו צפת,101.6,2022-05-01T00:00:00.000Z,101.6,95.3,68.3,68.3,75.8
זיו צפת,101.6,2022-05-01T00:00:00.000Z,101.6,95.3,68.3,68.3,75.8
זיו צפת,101.6,2022-05-01T00:00:00.000Z,101.6,95.3,68.3,68.3,75.8
"רמב""ם",96,2022-05-01T00:00:00.000Z,96,100,87,87,82.8
"רמב""ם",96,2022-05-01T00:00:00.000Z,96,100,87,87,82.8
"רמב""ם",96,2022-05-01T00:00:00.000Z,96,100,87,87,82.8
"רמב""ם",96,2022-05-01T00:00:00.000Z,96,100,87,87,82.8
"רמב""ם",96,2022-05-01T00:00:00.000Z,96,100,87,87,82.8
"רמב""ם",96,2022-05-01T00:00:00.000Z,96,100,87,87,82.8
"רמב""ם",96,2022-05-01T00:00:00.000Z,96,100,87,87,82.8
"רמב""ם",96,2022-05-01T00:00:00.000Z,96,100,87,87,82.8
"רמב""ם",96,2022-05-01T00:00:00.000Z,96,100,87,87,82.8
"רמב""ם",96,2022-05-01T00:00:00.000Z,96,100,87,87,82.8
"רמב""ם",96,2022-05-01T00:00:00.000Z,96,100,87,87,82.8
"רמב""ם",96,2022-05-01T00:00:00.000Z,96,100,87,87,82.8
"רמב""ם",96,2022-05-01T00:00:00.000Z,96,100,87,87,82.8
"רמב""ם",96,2022-05-01T00:00:00.000Z,96,100,87,87,82.8
"רמב""ם",96,2022-05-01T00:00:00.000Z,96,100,87,87,82.8
"רמב""ם",96,2022-05-01T00:00:00.000Z,96,100,87,87,82.8
"רמב""ם",96,2022-05-01T00:00:00.000Z,96,100,87,87,82.8
"רמב""ם",96,2022-05-01T00:00:00.000Z,96,100,87,87,82.8
"רמב""ם",96,2022-05-01T00:00:00.000Z,96,100,87,87,82.8
"רמב""ם",96,2022-05-01T00:00:00.000Z,96,100,87,87,82.8
"רמב""ם",96,2022-05-01T00:00:00.000Z,96,100,87,87,82.8
"רמב""ם",96,2022-05-01T00:00:00.000Z,96,100,87,87,82.8
"רמב""ם",96,2022-05-01T00:00:00.000Z,96,100,87,87,82.8
"רמב""ם",96,2022-05-01T00:00:00.000Z,96,100,87,87,82.8
"רמב""ם",96,2022-05-01T00:00:00.000Z,96,100,87,87,82.8
"רמב""ם",96,2022-05-01T00:00:00.000Z,96,100,87,87,82.8
"רמב""ם",96,2022-05-01T00:00:00.000Z,96,100,87,87,82.8
"רמב""ם",96,2022-05-01T00:00:00.000Z,96,100,87,87,82.8
"רמב""ם",96,2022-05-01T00:00:00.000Z,96,100,87,87,82.8
"רמב""ם",96,2022-05-01T00:00:00.000Z,96,100,87,87,82.8
"רמב""ם",96,2022-05-01T00:00:00.000Z,96,100,87,87,82.8
"רמב""ם",96,2022-05-01T00:00:00.000Z,96,100,87,87,82.8
בני ציון,86,2022-05-01T00:00:00.000Z,86,99.2,83.4,83.4,81.8
בני ציון,86,2022-05-01T00:00:00.000Z,86,99.2,83.4,83.4,81.8
בני ציון,86,2022-05-01T00:00:00.000Z,86,99.2,83.4,83.4,81.8
בני ציון,86,2022-05-01T00:00:00.000Z,86,99.2,83.4,83.4,81.8
בני ציון,86,2022-05-01T00:00:00.000Z,86,99.2,83.4,83.4,81.8
בני ציון,86,2022-05-01T00:00:00.000Z,86,99.2,83.4,83.4,81.8
בני ציון,86,2022-05-01T00:00:00.000Z,86,99.2,83.4,83.4,81.8
בני ציון,86,2022-05-01T00:00:00.000Z,86,99.2,83.4,83.4,81.8
בני ציון,86,2022-05-01T00:00:00.000Z,86,99.2,83.4,83.4,81.8
בני ציון,86,2022-05-01T00:00:00.000Z,86,99.2,83.4,83.4,81.8
בני ציון,86,2022-05-01T00:00:00.000Z,86,99.2,83.4,83.4,81.8
בני ציון,86,2022-05-01T00:00:00.000Z,86,99.2,83.4,83.4,81.8
בני ציון,86,2022-05-01T00:00:00.000Z,86,99.2,83.4,83.4,81.8
בני ציון,86,2022-05-01T00:00:00.000Z,86,99.2,83.4,83.4,81.8
בני ציון,86,2022-05-01T00:00:00.000Z,86,99.2,83.4,83.4,81.8
בני ציון,86,2022-05-01T00:00:00.000Z,86,99.2,83.4,83.4,81.8
בני ציון,86,2022-05-01T00:00:00.000Z,86,99.2,83.4,83.4,81.8
בני ציון,86,2022-05-01T00:00:00.000Z,86,99.2,83.4,83.4,81.8
בני ציון,86,2022-05-01T00:00:00.000Z,86,99.2,83.4,83.4,81.8
בני ציון,86,2022-05-01T00:00:00.000Z,86,99.2,83.4,83.4,81.8
בני ציון,86,2022-05-01T00:00:00.000Z,86,99.2,83.4,83.4,81.8
בני ציון,86,2022-05-01T00:00:00.000Z,86,99.2,83.4,83.4,81.8
בני ציון,86,2022-05-01T00:00:00.000Z,86,99.2,83.4,83.4,81.8
בני ציון,86,2022-05-01T00:00:00.000Z,86,99.2,83.4,83.4,81.8
בני ציון,86,2022-05-01T00:00:00.000Z,86,99.2,83.4,83.4,81.8
בני ציון,86,2022-05-01T00:00:00.000Z,86,99.2,83.4,83.4,81.8
בני ציון,86,2022-05-01T00:00:00.000Z,86,99.2,83.4,83.4,81.8
בני ציון,86,2022-05-01T00:00:00.000Z,86,99.2,83.4,83.4,81.8
בני ציון,86,2022-05-01T00:00:00.000Z,86,99.2,83.4,83.4,81.8
בני ציון,86,2022-05-01T00:00:00.000Z,86,99.2,83.4,83.4,81.8
בני ציון,86,2022-05-01T00:00:00.000Z,86,99.2,83.4,83.4,81.8
בני ציון,86,2022-05-01T00:00:00.000Z,86,99.2,83.4,83.4,81.8
בני ציון,86,2022-05-01T00:00:00.000Z,86,99.2,83.4,83.4,81.8
בני ציון,86,2022-05-01T00:00:00.000Z,86,99.2,83.4,83.4,81.8
בני ציון,86,2022-05-01T00:00:00.000Z,86,99.2,83.4,83.4,81.8
בני ציון,86,2022-05-01T00:00:00.000Z,86,99.2,83.4,83.4,81.8
בני ציון,86,2022-05-01T00:00:00.000Z,86,99.2,83.4,83.4,81.8
בני ציון,86,2022-05-01T00:00:00.000Z,86,99.2,83.4,83.4,81.8
בני ציון,86,2022-05-01T00:00:00.000Z,86,99.2,83.4,83.4,81.8
בני ציון,86,2022-05-01T00:00:00.000Z,86,99.2,83.4,83.4,81.8
בני ציון,86,2022-05-01T00:00:00.000Z,86,99.2,83.4,83.4,81.8
בני ציון,86,2022-05-01T00:00:00.000Z,86,99.2,83.4,83.4,81.8
בני ציון,86,2022-05-01T00:00:00.000Z,86,99.2,83.4,83.4,81.8
בני ציון,86,2022-05-01T00:00:00.000Z,86,99.2,83.4,83.4,81.8
בני ציון,86,2022-05-01T00:00:00.000Z,86,99.2,83.4,83.4,81.8
בני ציון,86,2022-05-01T00:00:00.000Z,86,99.2,83.4,83.4,81.8
בני ציון,86,2022-05-01T00:00:00.000Z,86,99.2,83.4,83.4,81.8
בני ציון,86,2022-05-01T00:00:00.000Z,86,99.2,83.4,83.4,81.8
בני ציון,86,2022-05-01T00:00:00.000Z,86,99.2,83.4,83.4,81.8
בני ציון,86,2022-05-01T00:00:00.000Z,86,99.2,83.4,83.4,81.8
בני ציון,86,2022-05-01T00:00:00.000Z,86,99.2,83.4,83.4,81.8
בני ציון,86,2022-05-01T00:00:00.000Z,86,99.2,83.4,83.4,81.8
בני ציון,86,2022-05-01T00:00:00.000Z,86,99.2,83.4,83.4,81.8
בני ציון,86,2022-05-01T00:00:00.000Z,86,99.2,83.4,83.4,81.8
בני ציון,86,2022-05-01T00:00:00.000Z,86,99.2,83.4,83.4,81.8
בני ציון,86,2022-05-01T00:00:00.000Z,86,99.2,83.4,83.4,81.8
בני ציון,86,2022-05-01T00:00:00.000Z,86,99.2,83.4,83.4,81.8
בני ציון,86,2022-05-01T00:00:00.000Z,86,99.2,83.4,83.4,81.8
בני ציון,86,2022-05-01T00:00:00.000Z,86,99.2,83.4,83.4,81.8
בני ציון,86,2022-05-01T00:00:00.000Z,86,99.2,83.4,83.4,81.8
בני ציון,86,2022-05-01T00:00:00.000Z,86,99.2,83.4,83.4,81.8
בני ציון,86,2022-05-01T00:00:00.000Z,86,99.2,83.4,83.4,81.8
בני ציון,86,2022-05-01T00:00:00.000Z,86,99.2,83.4,83.4,81.8
בני ציון,86,2022-05-01T00:00:00.000Z,86,99.2,83.4,83.4,81.8
בני ציון,86,2022-05-01T00:00:00.000Z,86,99.2,83.4,83.4,81.8
בני ציון,86,2022-05-01T00:00:00.000Z,86,99.2,83.4,83.4,81.8
בני ציון,86,2022-05-01T00:00:00.000Z,86,99.2,83.4,83.4,81.8
בני ציון,86,2022-05-01T00:00:00.000Z,86,99.2,83.4,83.4,81.8
בני ציון,86,2022-05-01T00:00:00.000Z,86,99.2,83.4,83.4,81.8
בני ציון,86,2022-05-01T00:00:00.000Z,86,99.2,83.4,83.4,81.8
בני ציון,86,2022-05-01T00:00:00.000Z,86,99.2,83.4,83.4,81.8
בני ציון,86,2022-05-01T00:00:00.000Z,86,99.2,83.4,83.4,81.8
בני ציון,86,2022-05-01T00:00:00.000Z,86,99.2,83.4,83.4,81.8
בני ציון,86,2022-05-01T00:00:00.000Z,86,99.2,83.4,83.4,81.8
בני ציון,86,2022-05-01T00:00:00.000Z,86,99.2,83.4,83.4,81.8
בני ציון,86,2022-05-01T00:00:00.000Z,86,99.2,83.4,83.4,81.8
בני ציון,86,2022-05-01T00:00:00.000Z,86,99.2,83.4,83.4,81.8
בני ציון,86,2022-05-01T00:00:00.000Z,86,99.2,83.4,83.4,81.8
פוריה,74.4,2022-05-01T00:00:00.000Z,74.4,69.2,79.7,79.7,68.5
פוריה,74.4,2022-05-01T00:00:00.000Z,74.4,69.2,79.7,79.7,68.5
פוריה,74.4,2022-05-01T00:00:00.000Z,74.4,69.2,79.7,79.7,68.5
פוריה,74.4,2022-05-01T00:00:00.000Z,74.4,69.2,79.7,79.7,68.5
פוריה,74.4,2022-05-01T00:00:00.000Z,74.4,69.2,79.7,79.7,68.5
פוריה,74.4,2022-05-01T00:00:00.000Z,74.4,69.2,79.7,79.7,68.5
פוריה,74.4,2022-05-01T00:00:00.000Z,74.4,69.2,79.7,79.7,68.5
פוריה,74.4,2022-05-01T00:00:00.000Z,74.4,69.2,79.7,79.7,68.5
פוריה,74.4,2022-05-01T00:00:00.000Z,74.4,69.2,79.7,79.7,68.5
פוריה,74.4,2022-05-01T00:00:00.000Z,74.4,69.2,79.7,79.7,68.5
פוריה,74.4,2022-05-01T00:00:00.000Z,74.4,69.2,79.7,79.7,68.5
פוריה,74.4,2022-05-01T00:00:00.000Z,74.4,69.2,79.7,79.7,68.5
פוריה,74.4,2022-05-01T00:00:00.000Z,74.4,69.2,79.7,79.7,68.5
פוריה,74.4,2022-05-01T00:00:00.000Z,74.4,69.2,79.7,79.7,68.5
פוריה,74.4,2022-05-01T00:00:00.000Z,74.4,69.2,79.7,79.7,68.5
פוריה,74.4,2022-05-01T00:00:00.000Z,74.4,69.2,79.7,79.7,68.5
פוריה,74.4,2022-05-01T00:00:00.000Z,74.4,69.2,79.7,79.7,68.5
פוריה,74.4,2022-05-01T00:00:00.000Z,74.4,69.2,79.7,79.7,68.5
פוריה,74.4,2022-05-01T00:00:00.000Z,74.4,69.2,79.7,79.7,68.5
פוריה,74.4,2022-05-01T00:00:00.000Z,74.4,69.2,79.7,79.7,68.5
פוריה,74.4,2022-05-01T00:00:00.000Z,74.4,69.2,79.7,79.7,68.5
פוריה,74.4,2022-05-01T00:00:00.000Z,74.4,69.2,79.7,79.7,68.5
פוריה,74.4,2022-05-01T00:00:00.000Z,74.4,69.2,79.7,79.7,68.5
פוריה,74.4,2022-05-01T00:00:00.000Z,74.4,69.2,79.7,79.7,68.5
פוריה,74.4,2022-05-01T00:00:00.000Z,74.4,69.2,79.7,79.7,68.5
פוריה,74.4,2022-05-01T00:00:00.000Z,74.4,69.2,79.7,79.7,68.5
פוריה,74.4,2022-05-01T00:00:00.000Z,74.4,69.2,79.7,79.7,68.5
פוריה,74.4,2022-05-01T00:00:00.000Z,74.4,69.2,79.7,79.7,68.5
פוריה,74.4,2022-05-01T00:00:00.000Z,74.4,69.2,79.7,79.7,68.5
פוריה,74.4,2022-05-01T00:00:00.000Z,74.4,69.2,79.7,79.7,68.5
פוריה,74.4,2022-05-01T00:00:00.000Z,74.4,69.2,79.7,79.7,68.5
פוריה,74.4,2022-05-01T00:00:00.000Z,74.4,69.2,79.7,79.7,68.5
פוריה,74.4,2022-05-01T00:00:00.000Z,74.4,69.2,79.7,79.7,68.5
פוריה,74.4,2022-05-01T00:00:00.000Z,74.4,69.2,79.7,79.7,68.5
פוריה,74.4,2022-05-01T00:00:00.000Z,74.4,69.2,79.7,79.7,68.5
פוריה,74.4,2022-05-01T00:00:00.000Z,74.4,69.2,79.7,79.7,68.5
פוריה,74.4,2022-05-01T00:00:00.000Z,74.4,69.2,79.7,79.7,68.5
פוריה,74.4,2022-05-01T00:00:00.000Z,74.4,69.2,79.7,79.7,68.5
פוריה,74.4,2022-05-01T00:00:00.000Z,74.4,69.2,79.7,79.7,68.5
פוריה,74.4,2022-05-01T00:00:00.000Z,74.4,69.2,79.7,79.7,68.5
פוריה,74.4,2022-05-01T00:00:00.000Z,74.4,69.2,79.7,79.7,68.5
פוריה,74.4,2022-05-01T00:00:00.000Z,74.4,69.2,79.7,79.7,68.5
פוריה,74.4,2022-05-01T00:00:00.000Z,74.4,69.2,79.7,79.7,68.5
פוריה,74.4,2022-05-01T00:00:00.000Z,74.4,69.2,79.7,79.7,68.5
פוריה,74.4,2022-05-01T00:00:00.000Z,74.4,69.2,79.7,79.7,68.5
פוריה,74.4,2022-05-01T00:00:00.000Z,74.4,69.2,79.7,79.7,68.5
פוריה,74.4,2022-05-01T00:00:00.000Z,74.4,69.2,79.7,79.7,68.5
פוריה,74.4,2022-05-01T00:00:00.000Z,74.4,69.2,79.7,79.7,68.5
פוריה,74.4,2022-05-01T00:00:00.000Z,74.4,69.2,79.7,79.7,68.5
פוריה,74.4,2022-05-01T00:00:00.000Z,74.4,69.2,79.7,79.7,68.5
פוריה,74.4,2022-05-01T00:00:00.000Z,74.4,69.2,79.7,79.7,68.5
פוריה,74.4,2022-05-01T00:00:00.000Z,74.4,69.2,79.7,79.7,68.5
פוריה,74.4,2022-05-01T00:00:00.000Z,74.4,69.2,79.7,79.7,68.5
פוריה,74.4,2022-05-01T00:00:00.000Z,74.4,69.2,79.7,79.7,68.5
פוריה,74.4,2022-05-01T00:00:00.000Z,74.4,69.2,79.7,79.7,68.5
פוריה,74.4,2022-05-01T00:00:00.000Z,74.4,69.2,79.7,79.7,68.5
פוריה,74.4,2022-05-01T00:00:00.000Z,74.4,69.2,79.7,79.7,68.5
פוריה,74.4,2022-05-01T00:00:00.000Z,74.4,69.2,79.7,79.7,68.5
פוריה,74.4,2022-05-01T00:00:00.000Z,74.4,69.2,79.7,79.7,68.5
פוריה,74.4,2022-05-01T00:00:00.000Z,74.4,69.2,79.7,79.7,68.5
פוריה,74.4,2022-05-01T00:00:00.000Z,74.4,69.2,79.7,79.7,68.5
פוריה,74.4,2022-05-01T00:00:00.000Z,74.4,69.2,79.7,79.7,68.5
פוריה,74.4,2022-05-01T00:00:00.000Z,74.4,69.2,79.7,79.7,68.5
פוריה,74.4,2022-05-01T00:00:00.000Z,74.4,69.2,79.7,79.7,68.5
פוריה,74.4,2022-05-01T00:00:00.000Z,74.4,69.2,79.7,79.7,68.5
פוריה,74.4,2022-05-01T00:00:00.000Z,74.4,69.2,79.7,79.7,68.5
פוריה,74.4,2022-05-01T00:00:00.000Z,74.4,69.2,79.7,79.7,68.5
פוריה,74.4,2022-05-01T00:00:00.000Z,74.4,69.2,79.7,79.7,68.5
פוריה,74.4,2022-05-01T00:00:00.000Z,74.4,69.2,79.7,79.7,68.5
פוריה,74.4,2022-05-01T00:00:00.000Z,74.4,69.2,79.7,79.7,68.5
פוריה,74.4,2022-05-01T00:00:00.000Z,74.4,69.2,79.7,79.7,68.5
פוריה,74.4,2022-05-01T00:00:00.000Z,74.4,69.2,79.7,79.7,68.5
פוריה,74.4,2022-05-01T00:00:00.000Z,74.4,69.2,79.7,79.7,68.5
פוריה,74.4,2022-05-01T00:00:00.000Z,74.4,69.2,79.7,79.7,68.5
פוריה,74.4,2022-05-01T00:00:00.000Z,74.4,69.2,79.7,79.7,68.5
פוריה,74.4,2022-05-01T00:00:00.000Z,74.4,69.2,79.7,79.7,68.5
פוריה,74.4,2022-05-01T00:00:00.000Z,74.4,69.2,79.7,79.7,68.5
פוריה,74.4,2022-05-01T00:00:00.000Z,74.4,69.2,79.7,79.7,68.5
פוריה,74.4,2022-05-01T00:00:00.000Z,74.4,69.2,79.7,79.7,68.5
פוריה,74.4,2022-05-01T00:00:00.000Z,74.4,69.2,79.7,79.7,68.5
פוריה,74.4,2022-05-01T00:00:00.000Z,74.4,69.2,79.7,79.7,68.5
פוריה,74.4,2022-05-01T00:00:00.000Z,74.4,69.2,79.7,79.7,68.5
פוריה,74.4,2022-05-01T00:00:00.000Z,74.4,69.2,79.7,79.7,68.5
פוריה,74.4,2022-05-01T00:00:00.000Z,74.4,69.2,79.7,79.7,68.5
פוריה,74.4,2022-05-01T00:00:00.000Z,74.4,69.2,79.7,79.7,68.5
פוריה,74.4,2022-05-01T00:00:00.000Z,74.4,69.2,79.7,79.7,68.5
פוריה,74.4,2022-05-01T00:00:00.000Z,74.4,69.2,79.7,79.7,68.5
פוריה,74.4,2022-05-01T00:00:00.000Z,74.4,69.2,79.7,79.7,68.5
פוריה,74.4,2022-05-01T00:00:00.000Z,74.4,69.2,79.7,79.7,68.5
פוריה,74.4,2022-05-01T00:00:00.000Z,74.4,69.2,79.7,79.7,68.5
פוריה,74.4,2022-05-01T00:00:00.000Z,74.4,69.2,79.7,79.7,68.5
פוריה,74.4,2022-05-01T00:00:00.000Z,74.4,69.2,79.7,79.7,68.5
פוריה,74.4,2022-05-01T00:00:00.000Z,74.4,69.2,79.7,79.7,68.5
פוריה,74.4,2022-05-01T00:00:00.000Z,74.4,69.2,79.7,79.7,68.5
פוריה,74.4,2022-05-01T00:00:00.000Z,74.4,69.2,79.7,79.7,68.5
פוריה,74.4,2022-05-01T00:00:00.000Z,74.4,69.2,79.7,79.7,68.5
פוריה,74.4,2022-05-01T00:00:00.000Z,74.4,69.2,79.7,79.7,68.5
פוריה,74.4,2022-05-01T00:00:00.000Z,74.4,69.2,79.7,79.7,68.5
פוריה,74.4,2022-05-01T00:00:00.000Z,74.4,69.2,79.7,79.7,68.5
פוריה,74.4,2022-05-01T00:00:00.000Z,74.4,69.2,79.7,79.7,68.5
פוריה,74.4,2022-05-01T00:00:00.000Z,74.4,69.2,79.7,79.7,68.5
פוריה,74.4,2022-05-01T00:00:00.000Z,74.4,69.2,79.7,79.7,68.5
פוריה,74.4,2022-05-01T00:00:00.000Z,74.4,69.2,79.7,79.7,68.5
פוריה,74.4,2022-05-01T00:00:00.000Z,74.4,69.2,79.7,79.7,68.5
פוריה,74.4,2022-05-01T00:00:00.000Z,74.4,69.2,79.7,79.7,68.5
פוריה,74.4,2022-05-01T00:00:00.000Z,74.4,69.2,79.7,79.7,68.5
לניאדו,102.6,2022-05-01T00:00:00.000Z,96.2,80.8,114.2,83.6,74.4
לניאדו,102.6,2022-05-01T00:00:00.000Z,97.1,83.9,114.2,87.9,76.4
לניאדו,102.6,2022-05-01T00:00:00.000Z,98,87,114.2,92.3,78.5
לניאדו,102.6,2022-05-01T00:00:00.000Z,98.9,90.1,114.2,96.7,80.6
לניאדו,102.6,2022-05-01T00:00:00.000Z,99.8,93.2,114.2,101.1,82.7
לניאדו,102.6,2022-05-01T00:00:00.000Z,100.7,96.3,114.2,105.5,84.7
לניאדו,102.6,2022-05-01T00:00:00.000Z,101.6,99.5,114.2,109.8,86.8
לניאדו,102.6,2022-05-01T00:00:00.000Z,102.6,102.6,114.2,114.2,88.9
לניאדו,102.6,2022-05-01T00:00:00.000Z,102.6,102.6,114.2,114.2,88.9
לניאדו,102.6,2022-05-01T00:00:00.000Z,102.6,102.6,114.2,114.2,88.9
לניאדו,102.6,2022-05-01T00:00:00.000Z,102.6,102.6,114.2,114.2,88.9
לניאדו,102.6,2022-05-01T00:00:00.000Z,102.6,102.6,114.2,114.2,88.9
לניאדו,102.6,2022-05-01T00:00:00.000Z,102.6,102.6,114.2,114.2,88.9
לניאדו,102.6,2022-05-01T00:00:00.000Z,102.6,102.6,114.2,114.2,88.9
לניאדו,102.6,2022-05-01T00:00:00.000Z,102.6,102.6,114.2,114.2,88.9
לניאדו,102.6,2022-05-01T00:00:00.000Z,102.6,102.6,114.2,114.2,88.9
לניאדו,102.6,2022-05-01T00:00:00.000Z,102.6,102.6,114.2,114.2,88.9
לניאדו,102.6,2022-05-01T00:00:00.000Z,102.6,102.6,114.2,114.2,88.9
לניאדו,102.6,2022-05-01T00:00:00.000Z,102.6,102.6,114.2,114.2,88.9
לניאדו,102.6,2022-05-01T00:00:00.000Z,102.6,102.6,114.2,114.2,88.9
לניאדו,102.6,2022-05-01T00:00:00.000Z,102.6,102.6,114.2,114.2,88.9
לניאדו,102.6,2022-05-01T00:00:00.000Z,102.6,102.6,114.2,114.2,88.9
לניאדו,102.6,2022-05-01T00:00:00.000Z,102.6,102.6,114.2,114.2,88.9
לניאדו,102.6,2022-05-01T00:00:00.000Z,102.6,102.6,114.2,114.2,88.9
לניאדו,102.6,2022-05-01T00:00:00.000Z,102.6,102.6,114.2,114.2,88.9
לניאדו,102.6,2022-05-01T00:00:00.000Z,102.6,102.6,114.2,114.2,88.9
לניאדו,102.6,2022-05-01T00:00:00.000Z,102.6,102.6,114.2,114.2,88.9
לניאדו,102.6,2022-05-01T00:00:00.000Z,102.6,102.6,114.2,114.2,88.9
לניאדו,102.6,2022-05-01T00:00:00.000Z,102.6,102.6,114.2,114.2,88.9
לניאדו,102.6,2022-05-01T00:00:00.000Z,102.6,102.6,114.2,114.2,88.9
לניאדו,102.6,2022-05-01T00:00:00.000Z,102.6,102.6,114.2,114.2,88.9
לניאדו,102.6,2022-05-01T00:00:00.000Z,102.6,102.6,114.2,114.2,88.9
רבין ק. בילינסון,131.3,2022-05-01T00:00:00.000Z,131.3,102.6,101.4,101.4,85
רבין ק. בילינסון,131.3,2022-05-01T00:00:00.000Z,131.3,102.6,101.4,101.4,85
רבין ק. בילינסון,131.3,2022-05-01T00:00:00.000Z,131.3,102.6,101.4,101.4,85
רבין ק. בילינסון,131.3,2022-05-01T00:00:00.000Z,131.3,102.6,101.4,101.4,85
רבין ק. בילינסון,131.3,2022-05-01T00:00:00.000Z,131.3,102.6,101.4,101.4,85
רבין ק. בילינסון,131.3,2022-05-01T00:00:00.000Z,131.3,102.6,101.4,101.4,85
רבין ק. בילינסון,131.3,2022-05-01T00:00:00.000Z,131.3,102.6,101.4,101.4,85
רבין ק. בילינסון,131.3,2022-05-01T00:00:00.000Z,131.3,102.6,101.4,101.4,85
רבין ק. בילינסון,131.3,2022-05-01T00:00:00.000Z,131.3,102.6,101.4,101.4,85
רבין ק. בילינסון,131.3,2022-05-01T00:00:00.000Z,131.3,102.6,101.4,101.4,85
רבין ק. בילינסון,131.3,2022-05-01T00:00:00.000Z,131.3,102.6,101.4,101.4,85
רבין ק. בילינסון,131.3,2022-05-01T00:00:00.000Z,131.3,102.6,101.4,101.4,85
רבין ק. בילינסון,131.3,2022-05-01T00:00:00.000Z,131.3,102.6,101.4,101.4,85
רבין ק. בילינסון,131.3,2022-05-01T00:00:00.000Z,131.3,102.6,101.4,101.4,85
רבין ק. בילינסון,131.3,2022-05-01T00:00:00.000Z,131.3,102.6,101.4,101.4,85
רבין ק. בילינסון,131.3,2022-05-01T00:00:00.000Z,131.3,102.6,101.4,101.4,85
רבין ק. בילינסון,131.3,2022-05-01T00:00:00.000Z,131.3,102.6,101.4,101.4,85
רבין ק. בילינסון,131.3,2022-05-01T00:00:00.000Z,131.3,102.6,101.4,101.4,85
רבין ק. בילינסון,131.3,2022-05-01T00:00:00.000Z,131.3,102.6,101.4,101.4,85
רבין ק. בילינסון,131.3,2022-05-01T00:00:00.000Z,131.3,102.6,101.4,101.4,85
רבין ק. בילינסון,131.3,2022-05-01T00:00:00.000Z,131.3,102.6,101.4,101.4,85
רבין ק. בילינסון,131.3,2022-05-01T00:00:00.000Z,131.3,102.6,101.4,101.4,85
רבין ק. בילינסון,131.3,2022-05-01T00:00:00.000Z,131.3,102.6,101.4,101.4,85
רבין ק. בילינסון,131.3,2022-05-01T00:00:00.000Z,131.3,102.6,101.4,101.4,85
רבין ק. בילינסון,131.3,2022-05-01T00:00:00.000Z,131.3,102.6,101.4,101.4,85
רבין ק. בילינסון,131.3,2022-05-01T00:00:00.000Z,131.3,102.6,101.4,101.4,85
רבין ק. בילינסון,131.3,2022-05-01T00:00:00.000Z,131.3,102.6,101.4,101.4,85
רבין ק. בילינסון,131.3,2022-05-01T00:00:00.000Z,131.3,102.6,101.4,101.4,85
רבין ק. בילינסון,131.3,2022-05-01T00:00:00.000Z,131.3,102.6,101.4,101.4,85
רבין ק. בילינסון,131.3,2022-05-01T00:00:00.000Z,131.3,102.6,101.4,101.4,85
רבין ק. בילינסון,131.3,2022-05-01T00:00:00.000Z,131.3,102.6,101.4,101.4,85
רבין ק. בילינסון,131.3,2022-05-01T00:00:00.000Z,131.3,102.6,101.4,101.4,85
וולפסון,81.6,2022-05-01T00:00:00.000Z,77.5,89.8,77.9,67.9,70.3
וולפסון,81.6,2022-05-01T00:00:00.000Z,78,91.2,77.9,69.4,71.4
וולפסון,81.6,2022-05-01T00:00:00.000Z,78.6,92.7,77.9,70.8,72.5
וולפסון,81.6,2022-05-01T00:00:00.000Z,79.2,94.1,77.9,72.2,73.5
וולפסון,81.6,2022-05-01T00:00:00.000Z,79.8,95.6,77.9,73.6,74.6
וולפסון,81.6,2022-05-01T00:00:00.000Z,80.4,97.1,77.9,75,75.7
וולפסון,81.6,2022-05-01T00:00:00.000Z,81,98.5,77.9,76.5,76.8
וולפסון,81.6,2022-05-01T00:00:00.000Z,81.6,100,77.9,77.9,77.9
וולפסון,81.6,2022-05-01T00:00:00.000Z,81.6,100,77.9,77.9,77.9
וולפסון,81.6,2022-05-01T00:00:00.000Z,81.6,100,77.9,77.9,77.9
וולפסון,81.6,2022-05-01T00:00:00.000Z,81.6,100,77.9,77.9,77.9
וולפסון,81.6,2022-05-01T00:00:00.000Z,81.6,100,77.9,77.9,77.9
וולפסון,81.6,2022-05-01T00:00:00.000Z,81.6,100,77.9,77.9,77.9
וולפסון,81.6,2022-05-01T00:00:00.000Z,81.6,100,77.9,77.9,77.9
וולפסון,81.6,2022-05-01T00:00:00.000Z,81.6,100,77.9,77.9,77.9
וולפסון,81.6,2022-05-01T00:00:00.000Z,81.6,100,77.9,77.9,77.9
וולפסון,81.6,2022-05-01T00:00:00.000Z,81.6,100,77.9,77.9,77.9
וולפסון,81.6,2022-05-01T00:00:00.000Z,81.6,100,77.9,77.9,77.9
וולפסון,81.6,2022-05-01T00:00:00.000Z,81.6,100,77.9,77.9,77.9
וולפסון,81.6,2022-05-01T00:00:00.000Z,81.6,100,77.9,77.9,77.9
וולפסון,81.6,2022-05-01T00:00:00.000Z,81.6,100,77.9,77.9,77.9
וולפסון,81.6,2022-05-01T00:00:00.000Z,81.6,100,77.9,77.9,77.9
וולפסון,81.6,2022-05-01T00:00:00.000Z,81.6,100,77.9,77.9,77.9
וולפסון,81.6,2022-05-01T00:00:00.000Z,81.6,100,77.9,77.9,77.9
וולפסון,81.6,2022-05-01T00:00:00.000Z,81.6,100,77.9,77.9,77.9
וולפסון,81.6,2022-05-01T00:00:00.000Z,81.6,100,77.9,77.9,77.9
וולפסון,81.6,2022-05-01T00:00:00.000Z,81.6,100,77.9,77.9,77.9
וולפסון,81.6,2022-05-01T00:00:00.000Z,81.6,100,77.9,77.9,77.9
וולפסון,81.6,2022-05-01T00:00:00.000Z,81.6,100,77.9,77.9,77.9
וולפסון,81.6,2022-05-01T00:00:00.000Z,81.6,100,77.9,77.9,77.9
וולפסון,81.6,2022-05-01T00:00:00.000Z,81.6,100,77.9,77.9,77.9
וולפסון,81.6,2022-05-01T00:00:00.000Z,81.6,100,77.9,77.9,77.9
פוריה,74.4,2022-05-01T00:00:00.000Z,74.4,69.2,79.7,79.7,68.5
פוריה,74.4,2022-05-01T00:00:00.000Z,74.4,69.2,79.7,79.7,68.5
פוריה,74.4,2022-05-01T00:00:00.000Z,74.4,69.2,79.7,79.7,68.5
פוריה,74.4,2022-05-01T00:00:00.000Z,74.4,69.2,79.7,79.7,68.5
פוריה,74.4,2022-05-01T00:00:00.000Z,74.4,69.2,79.7,79.7,68.5
פוריה,74.4,2022-05-01T00:00:00.000Z,74.4,69.2,79.7,79.7,68.5
פוריה,74.4,2022-05-01T00:00:00.000Z,74.4,69.2,79.7,79.7,68.5
פוריה,74.4,2022-05-01T00:00:00.000Z,74.4,69.2,79.7,79.7,68.5
לניאדו,102.6,2022-05-01T00:00:00.000Z,102.6,102.6,114.2,114.2,88.9
לניאדו,102.6,2022-05-01T00:00:00.000Z,102.6,102.6,114.2,114.2,88.9
לניאדו,102.6,2022-05-01T00:00:00.000Z,102.6,102.6,114.2,114.2,88.9
לניאדו,102.6,2022-05-01T00:00:00.000Z,102.6,102.6,114.2,114.2,88.9
לניאדו,102.6,2022-05-01T00:00:00.000Z,102.6,102.6,114.2,114.2,88.9
לניאדו,102.6,2022-05-01T00:00:00.000Z,102.6,102.6,114.2,114.2,88.9
לניאדו,102.6,2022-05-01T00:00:00.000Z,102.6,102.6,114.2,114.2,88.9
לניאדו,102.6,2022-05-01T00:00:00.000Z,102.6,102.6,114.2,114.2,88.9
לניאדו,102.6,2022-05-01T00:00:00.000Z,102.6,102.6,114.2,114.2,88.9
לניאדו,102.6,2022-05-01T00:00:00.000Z,102.6,102.6,114.2,114.2,88.9
לניאדו,102.6,2022-05-01T00:00:00.000Z,102.6,102.6,114.2,114.2,88.9
לניאדו,102.6,2022-05-01T00:00:00.000Z,102.6,102.6,114.2,114.2,88.9
לניאדו,102.6,2022-05-01T00:00:00.000Z,102.6,102.6,114.2,114.2,88.9
לניאדו,102.6,2022-05-01T00:00:00.000Z,102.6,102.6,114.2,114.2,88.9
לניאדו,102.6,2022-05-01T00:00:00.000Z,102.6,102.6,114.2,114.2,88.9
לניאדו,102.6,2022-05-01T00:00:00.000Z,102.6,102.6,114.2,114.2,88.9
לניאדו,102.6,2022-05-01T00:00:00.000Z,102.6,102.6,114.2,114.2,88.9
לניאדו,102.6,2022-05-01T00:00:00.000Z,102.6,102.6,114.2,114.2,88.9
לניאדו,102.6,2022-05-01T00:00:00.000Z,102.6,102.6,114.2,114.2,88.9
לניאדו,102.6,2022-05-01T00:00:00.000Z,102.6,102.6,114.2,114.2,88.9
לניאדו,102.6,2022-05-01T00:00:00.000Z,102.6,102.6,114.2,114.2,88.9
לניאדו,102.6,2022-05-01T00:00:00.000Z,102.6,102.6,114.2,114.2,88.9
לניאדו,102.6,2022-05-01T00:00:00.000Z,102.6,102.6,114.2,114.2,88.9
לניאדו,102.6,2022-05-01T00:00:00.000Z,102.6,102.6,114.2,114.2,88.9
לניאדו,102.6,2022-05-01T00:00:00.000Z,102.6,102.6,114.2,114.2,88.9
לניאדו,102.6,2022-05-01T00:00:00.000Z,102.6,102.6,114.2,114.2,88.9
לניאדו,102.6,2022-05-01T00:00:00.000Z,102.6,102.6,114.2,114.2,88.9
לניאדו,102.6,2022-05-01T00:00:00.000Z,102.6,102.6,114.2,114.2,88.9
לניאדו,102.6,2022-05-01T00:00:00.000Z,102.6,102.6,114.2,114.2,88.9
לניאדו,102.6,2022-05-01T00:00:00.000Z,102.6,102.6,114.2,114.2,88.9
לניאדו,102.6,2022-05-01T00:00:00.000Z,102.6,102.6,114.2,114.2,88.9
לניאדו,102.6,2022-05-01T00:00:00.000Z,102.6,102.6,114.2,114.2,88.9
לניאדו,102.6,2022-05-01T00:00:00.000Z,102.6,102.6,114.2,114.2,88.9
לניאדו,102.6,2022-05-01T00:00:00.000Z,102.6,102.6,114.2,114.2,88.9
רבין ק. בילינסון,131.3,2022-05-01T00:00:00.000Z,131.3,102.6,101.4,101.4,85
רבין ק. בילינסון,131.3,2022-05-01T00:00:00.000Z,131.3,102.6,101.4,101.4,85
רבין ק. בילינסון,131.3,2022-05-01T00:00:00.000Z,131.3,102.6,101.4,101.4,85
רבין ק. בילינסון,131.3,2022-05-01T00:00:00.000Z,131.3,102.6,101.4,101.4,85
רבין ק. בילינסון,131.3,2022-05-01T00:00:00.000Z,131.3,102.6,101.4,101.4,85
רבין ק. בילינסון,131.3,2022-05-01T00:00:00.000Z,131.3,102.6,101.4,101.4,85
רבין ק. בילינסון,131.3,2022-05-01T00:00:00.000Z,131.3,102.6,101.4,101.4,85
רבין ק. בילינסון,131.3,2022-05-01T00:00:00.000Z,131.3,102.6,101.4,101.4,85
רבין ק. בילינסון,131.3,2022-05-01T00:00:00.000Z,131.3,102.6,101.4,101.4,85
רבין ק. בילינסון,131.3,2022-05-01T00:00:00.000Z,131.3,102.6,101.4,101.4,85
רבין ק. בילינסון,131.3,2022-05-01T00:00:00.000Z,131.3,102.6,101.4,101.4,85
רבין ק. בילינסון,131.3,2022-05-01T00:00:00.000Z,131.3,102.6,101.4,101.4,85
רבין ק. בילינסון,131.3,2022-05-01T00:00:00.000Z,131.3,102.6,101.4,101.4,85
רבין ק. בילינסון,131.3,2022-05-01T00:00:00.000Z,131.3,102.6,101.4,101.4,85
רבין ק. בילינסון,131.3,2022-05-01T00:00:00.000Z,131.3,102.6,101.4,101.4,85
רבין ק. בילינסון,131.3,2022-05-01T00:00:00.000Z,131.3,102.6,101.4,101.4,85
רבין ק. בילינסון,131.3,2022-05-01T00:00:00.000Z,131.3,102.6,101.4,101.4,85
רבין ק. בילינסון,131.3,2022-05-01T00:00:00.000Z,131.3,102.6,101.4,101.4,85
רבין ק. בילינסון,131.3,2022-05-01T00:00:00.000Z,131.3,102.6,101.4,101.4,85
רבין ק. בילינסון,131.3,2022-05-01T00:00:00.000Z,131.3,102.6,101.4,101.4,85
רבין ק. בילינסון,131.3,2022-05-01T00:00:00.000Z,131.3,102.6,101.4,101.4,85
רבין ק. בילינסון,131.3,2022-05-01T00:00:00.000Z,131.3,102.6,101.4,101.4,85
רבין ק. בילינסון,131.3,2022-05-01T00:00:00.000Z,131.3,102.6,101.4,101.4,85
רבין ק. בילינסון,131.3,2022-05-01T00:00:00.000Z,131.3,102.6,101.4,101.4,85
רבין ק. בילינסון,131.3,2022-05-01T00:00:00.000Z,131.3,102.6,101.4,101.4,85
רבין ק. בילינסון,131.3,2022-05-01T00:00:00.000Z,131.3,102.6,101.4,101.4,85
רבין ק. בילינסון,131.3,2022-05-01T00:00:00.000Z,131.3,102.6,101.4,101.4,85
רבין ק. בילינסון,131.3,2022-05-01T00:00:00.000Z,131.3,102.6,101.4,101.4,85
רבין ק. בילינסון,131.3,2022-05-01T00:00:00.000Z,131.3,102.6,101.4,101.4,85
רבין ק. בילינסון,131.3,2022-05-01T00:00:00.000Z,131.3,102.6,101.4,101.4,85
רבין ק. בילינסון,131.3,2022-05-01T00:00:00.000Z,131.3,102.6,101.4,101.4,85
רבין ק. בילינסון,131.3,2022-05-01T00:00:00.000Z,131.3,102.6,101.4,101.4,85
וולפסון,81.6,2022-05-01T00:00:00.000Z,81.6,100,77.9,77.9,77.9
וולפסון,81.6,2022-05-01T00:00:00.000Z,81.6,100,77.9,77.9,77.9
וולפסון,81.6,2022-05-01T00:00:00.000Z,81.6,100,77.9,77.9,77.9
וולפסון,81.6,2022-05-01T00:00:00.000Z,81.6,100,77.9,77.9,77.9
וולפסון,81.6,2022-05-01T00:00:00.000Z,81.6,100,77.9,77.9,77.9
וולפסון,81.6,2022-05-01T00:00:00.000Z,81.6,100,77.9,77.9,77.9
וולפסון,81.6,2022-05-01T00:00:00.000Z,81.6,100,77.9,77.9,77.9
וולפסון,81.6,2022-05-01T00:00:00.000Z,81.6,100,77.9,77.9,77.9
וולפסון,81.6,2022-05-01T00:00:00.000Z,81.6,100,77.9,77.9,77.9
וולפסון,81.6,2022-05-01T00:00:00.000Z,81.6,100,77.9,77.9,77.9
וולפסון,81.6,2022-05-01T00:00:00.000Z,81.6,100,77.9,77.9,77.9
וולפסון,81.6,2022-05-01T00:00:00.000Z,81.6,100,77.9,77.9,77.9
וולפסון,81.6,2022-05-01T00:00:00.000Z,81.6,100,77.9,77.9,77.9
וולפסון,81.6,2022-05-01T00:00:00.000Z,81.6,100,77.9,77.9,77.9
וולפסון,81.6,2022-05-01T00:00:00.000Z,81.6,100,77.9,77.9,77.9
וולפסון,81.6,2022-05-01T00:00:00.000Z,81.6,100,77.9,77.9,77.9
וולפסון,81.6,2022-05-01T00:00:00.000Z,81.6,100,77.9,77.9,77.9
וולפסון,81.6,2022-05-01T00:00:00.000Z,81.6,100,77.9,77.9,77.9
וולפסון,81.6,2022-05-01T00:00:00.000Z,81.6,100,77.9,77.9,77.9
וולפסון,81.6,2022-05-01T00:00:00.000Z,81.6,100,77.9,77.9,77.9
וולפסון,81.6,2022-05-01T00:00:00.000Z,81.6,100,77.9,77.9,77.9
וולפסון,81.6,2022-05-01T00:00:00.000Z,81.6,100,77.9,77.9,77.9
וולפסון,81.6,2022-05-01T00:00:00.000Z,81.6,100,77.9,77.9,77.9
וולפסון,81.6,2022-05-01T00:00:00.000Z,81.6,100,77.9,77.9,77.9
וולפסון,81.6,2022-05-01T00:00:00.000Z,81.6,100,77.9,77.9,77.9
וולפסון,81.6,2022-05-01T00:00:00.000Z,81.6,100,77.9,77.9,77.9
וולפסון,81.6,2022-05-01T00:00:00.000Z,81.6,100,77.9,77.9,77.9
וולפסון,81.6,2022-05-01T00:00:00.000Z,81.6,100,77.9,77.9,77.9
וולפסון,81.6,2022-05-01T00:00:00.000Z,81.6,100,77.9,77.9,77.9
וולפסון,81.6,2022-05-01T00:00:00.000Z,81.6,100,77.9,77.9,77.9
וולפסון,81.6,2022-05-01T00:00:00.000Z,81.6,100,77.9,77.9,77.9
וולפסון,81.6,2022-05-01T00:00:00.000Z,81.6,100,77.9,77.9,77.9
וולפסון,81.6,2022-05-01T00:00:00.000Z,81.6,100,77.9,77.9,77.9
וולפסון,81.6,2022-05-01T00:00:00.000Z,81.6,100,77.9,77.9,77.9
לניאדו,102.6,2022-05-01T00:00:00.000Z,102.6,102.6,114.2,114.2,88.9
לניאדו,102.6,2022-05-01T00:00:00.000Z,102.6,102.6,114.2,114.2,88.9
לניאדו,102.6,2022-05-01T00:00:00.000Z,102.6,102.6,114.2,114.2,88.9
לניאדו,102.6,2022-05-01T00:00:00.000Z,102.6,102.6,114.2,114.2,88.9
לניאדו,102.6,2022-05-01T00:00:00.000Z,102.6,102.6,114.2,114.2,88.9
לניאדו,102.6,2022-05-01T00:00:00.000Z,102.6,102.6,114.2,114.2,88.9
לניאדו,102.6,2022-05-01T00:00:00.000Z,102.6,102.6,114.2,114.2,88.9
לניאדו,102.6,2022-05-01T00:00:00.000Z,102.6,102.6,114.2,114.2,88.9
לניאדו,102.6,2022-05-01T00:00:00.000Z,102.6,102.6,114.2,114.2,88.9
לניאדו,102.6,2022-05-01T00:00:00.000Z,102.6,102.6,114.2,114.2,88.9
לניאדו,102.6,2022-05-01T00:00:00.000Z,102.6,102.6,114.2,114.2,88.9
לניאדו,102.6,2022-05-01T00:00:00.000Z,102.6,102.6,114.2,114.2,88.9
לניאדו,102.6,2022-05-01T00:00:00.000Z,102.6,102.6,114.2,114.2,88.9
לניאדו,102.6,2022-05-01T00:00:00.000Z,102.6,102.6,114.2,114.2,88.9
לניאדו,102.6,2022-05-01T00:00:00.000Z,102.6,102.6,114.2,114.2,88.9
לניאדו,102.6,2022-05-01T00:00:00.000Z,102.6,102.6,114.2,114.2,88.9
לניאדו,102.6,2022-05-01T00:00:00.000Z,102.6,102.6,114.2,114.2,88.9
לניאדו,102.6,2022-05-01T00:00:00.000Z,102.6,102.6,114.2,114.2,88.9
לניאדו,102.6,2022-05-01T00:00:00.000Z,102.6,102.6,114.2,114.2,88.9
לניאדו,102.6,2022-05-01T00:00:00.000Z,102.6,102.6,114.2,114.2,88.9
לניאדו,102.6,2022-05-01T00:00:00.000Z,102.6,102.6,114.2,114.2,88.9
לניאדו,102.6,2022-05-01T00:00:00.000Z,102.6,102.6,114.2,114.2,88.9
לניאדו,102.6,2022-05-01T00:00:00.000Z,102.6,102.6,114.2,114.2,88.9
לניאדו,102.6,2022-05-01T00:00:00.000Z,102.6,102.6,114.2,114.2,88.9
לניאדו,102.6,2022-05-01T00:00:00.000Z,102.6,102.6,114.2,114.2,88.9
לניאדו,102.6,2022-05-01T00:00:00.000Z,102.6,102.6,114.2,114.2,88.9
לניאדו,102.6,2022-05-01T00:00:00.000Z,102.6,102.6,114.2,114.2,88.9
לניאדו,102.6,2022-05-01T00:00:00.000Z,102.6,102.6,114.2,114.2,88.9
לניאדו,102.6,2022-05-01T00:00:00.000Z,102.6,102.6,114.2,114.2,88.9
לניאדו,102.6,2022-05-01T00:00:00.000Z,102.6,102.6,114.2,114.2,88.9
לניאדו,102.6,2022-05-01T00:00:00.000Z,102.6,102.6,114.2,114.2,88.9
לניאדו,102.6,2022-05-01T00:00:00.000Z,102.6,102.6,114.2,114.2,88.9
לניאדו,102.6,2022-05-01T00:00:00.000Z,102.6,102.6,114.2,114.2,88.9
לניאדו,102.6,2022-05-01T00:00:00.000Z,102.6,102.6,114.2,114.2,88.9
וולפסון,81.6,2022-05-01T00:00:00.000Z,81.6,100,77.9,77.9,77.9
וולפסון,81.6,2022-05-01T00:00:00.000Z,81.6,100,77.9,77.9,77.9
וולפסון,81.6,2022-05-01T00:00:00.000Z,81.6,100,77.9,77.9,77.9
וולפסון,81.6,2022-05-01T00:00:00.000Z,81.6,100,77.9,77.9,77.9
וולפסון,81.6,2022-05-01T00:00:00.000Z,81.6,100,77.9,77.9,77.9
וולפסון,81.6,2022-05-01T00:00:00.000Z,81.6,100,77.9,77.9,77.9
וולפסון,81.6,2022-05-01T00:00:00.000Z,81.6,100,77.9,77.9,77.9
וולפסון,81.6,2022-05-01T00:00:00.000Z,81.6,100,77.9,77.9,77.9
וולפסון,81.6,2022-05-01T00:00:00.000Z,81.6,100,77.9,77.9,77.9
וולפסון,81.6,2022-05-01T00:00:00.000Z,81.6,100,77.9,77.9,77.9
וולפסון,81.6,2022-05-01T00:00:00.000Z,81.6,100,77.9,77.9,77.9
וולפסון,81.6,2022-05-01T00:00:00.000Z,81.6,100,77.9,77.9,77.9
וולפסון,81.6,2022-05-01T00:00:00.000Z,81.6,100,77.9,77.9,77.9
וולפסון,81.6,2022-05-01T00:00:00.000Z,81.6,100,77.9,77.9,77.9
וולפסון,81.6,2022-05-01T00:00:00.000Z,81.6,100,77.9,77.9,77.9
וולפסון,81.6,2022-05-01T00:00:00.000Z,81.6,100,77.9,77.9,77.9
וולפסון,81.6,2022-05-01T00:00:00.000Z,81.6,100,77.9,77.9,77.9
וולפסון,81.6,2022-05-01T00:00:00.000Z,81.6,100,77.9,77.9,77.9
וולפסון,81.6,2022-05-01T00:00:00.000Z,81.6,100,77.9,77.9,77.9
וולפסון,81.6,2022-05-01T00:00:00.000Z,81.6,100,77.9,77.9,77.9
וולפסון,81.6,2022-05-01T00:00:00.000Z,81.6,100,77.9,77.9,77.9
וולפסון,81.6,2022-05-01T00:00:00.000Z,81.6,100,77.9,77.9,77.9
וולפסון,81.6,2022-05-01T00:00:00.000Z,81.6,100,77.9,77.9,77.9
וולפסון,81.6,2022-05-01T00:00:00.000Z,81.6,100,77.9,77.9,77.9
וולפסון,81.6,2022-05-01T00:00:00.000Z,81.6,100,77.9,77.9,77.9
וולפסון,81.6,2022-05-01T00:00:00.000Z,81.6,100,77.9,77.9,77.9
וולפסון,81.6,2022-05-01T00:00:00.000Z,81.6,100,77.9,77.9,77.9
וולפסון,81.6,2022-05-01T00:00:00.000Z,81.6,100,77.9,77.9,77.9
וולפסון,81.6,2022-05-01T00:00:00.000Z,81.6,100,77.9,77.9,77.9
וולפסון,81.6,2022-05-01T00:00:00.000Z,81.6,100,77.9,77.9,77.9
וולפסון,81.6,2022-05-01T00:00:00.000Z,81.6,100,77.9,77.9,77.9
וולפסון,81.6,2022-05-01T00:00:00.000Z,81.6,100,77.9,77.9,77.9
וולפסון,81.6,2022-05-01T00:00:00.000Z,81.6,100,77.9,77.9,77.9
וולפסון,81.6,2022-05-01T00:00:00.000Z,81.6,100,77.9,77.9,77.9
לניאדו,102.6,2022-05-01T00:00:00.000Z,102.6,102.6,114.2,114.2,88.9
לניאדו,102.6,2022-05-01T00:00:00.000Z,102.6,102.6,114.2,114.2,88.9
לניאדו,102.6,2022-05-01T00:00:00.000Z,102.6,102.6,114.2,114.2,88.9
לניאדו,102.6,2022-05-01T00:00:00.000Z,102.6,102.6,114.2,114.2,88.9
לניאדו,102.6,2022-05-01T00:00:00.000Z,102.6,102.6,114.2,114.2,88.9
לניאדו,102.6,2022-05-01T00:00:00.000Z,102.6,102.6,114.2,114.2,88.9
לניאדו,102.6,2022-05-01T00:00:00.000Z,102.6,102.6,114.2,114.2,88.9
לניאדו,102.6,2022-05-01T00:00:00.000Z,102.6,102.6,114.2,114.2,88.9
לניאדו,102.6,2022-05-01T00:00:00.000Z,102.6,102.6,114.2,114.2,88.9
לניאדו,102.6,2022-05-01T00:00:00.000Z,102.6,102.6,114.2,114.2,88.9
לניאדו,102.6,2022-05-01T00:00:00.000Z,102.6,102.6,114.2,114.2,88.9
לניאדו,102.6,2022-05-01T00:00:00.000Z,102.6,102.6,114.2,114.2,88.9
לניאדו,102.6,2022-05-01T00:00:00.000Z,102.6,102.6,114.2,114.2,88.9
לניאדו,102.6,2022-05-01T00:00:00.000Z,102.6,102.6,114.2,114.2,88.9
לניאדו,102.6,2022-05-01T00:00:00.000Z,102.6,102.6,114.2,114.2,88.9
לניאדו,102.6,2022-05-01T00:00:00.000Z,102.6,102.6,114.2,114.2,88.9
לניאדו,102.6,2022-05-01T00:00:00.000Z,102.6,102.6,114.2,114.2,88.9
לניאדו,102.6,2022-05-01T00:00:00.000Z,102.6,102.6,114.2,114.2,88.9
לניאדו,102.6,2022-05-01T00:00:00.000Z,102.6,102.6,114.2,114.2,88.9
לניאדו,102.6,2022-05-01T00:00:00.000Z,102.6,102.6,114.2,114.2,88.9
לניאדו,102.6,2022-05-01T00:00:00.000Z,102.6,102.6,114.2,114.2,88.9
לניאדו,102.6,2022-05-01T00:00:00.000Z,102.6,102.6,114.2,114.2,88.9
לניאדו,102.6,2022-05-01T00:00:00.000Z,102.6,102.6,114.2,114.2,88.9
לניאדו,102.6,2022-05-01T00:00:00.000Z,102.6,102.6,114.2,114.2,88.9
לניאדו,102.6,2022-05-01T00:00:00.000Z,102.6,102.6,114.2,114.2,88.9
לניאדו,102.6,2022-05-01T00:00:00.000Z,102.6,102.6,114.2,114.2,88.9
לניאדו,102.6,2022-05-01T00:00:00.000Z,102.6,102.6,114.2,114.2,88.9
לניאדו,102.6,2022-05-01T00:00:00.000Z,102.6,102.6,114.2,114.2,88.9
לניאדו,102.6,2022-05-01T00:00:00.000Z,102.6,102.6,114.2,114.2,88.9
לניאדו,102.6,2022-05-01T00:00:00.000Z,102.6,102.6,114.2,114.2,88.9
לניאדו,102.6,2022-05-01T00:00:00.000Z,102.6,102.6,114.2,114.2,88.9
לניאדו,102.6,2022-05-01T00:00:00.000Z,102.6,102.6,114.2,114.2,88.9
לניאדו,102.6,2022-05-01T00:00:00.000Z,102.6,102.6,114.2,114.2,88.9
לניאדו,102.6,2022-05-01T00:00:00.000Z,102.6,102.6,114.2,114.2,88.9
וולפסון,81.6,2022-05-01T00:00:00.000Z,81.6,100,77.9,77.9,77.9
וולפסון,81.6,2022-05-01T00:00:00.000Z,81.6,100,77.9,77.9,77.9
וולפסון,81.6,2022-05-01T00:00:00.000Z,81.6,100,77.9,77.9,77.9
וולפסון,81.6,2022-05-01T00:00:00.000Z,81.6,100,77.9,77.9,77.9
וולפסון,81.6,2022-05-01T00:00:00.000Z,81.6,100,77.9,77.9,77.9
וולפסון,81.6,2022-05-01T00:00:00.000Z,81.6,100,77.9,77.9,77.9
וולפסון,81.6,2022-05-01T00:00:00.000Z,81.6,100,77.9,77.9,77.9
וולפסון,81.6,2022-05-01T00:00:00.000Z,81.6,100,77.9,77.9,77.9
וולפסון,81.6,2022-05-01T00:00:00.000Z,81.6,100,77.9,77.9,77.9
וולפסון,81.6,2022-05-01T00:00:00.000Z,81.6,100,77.9,77.9,77.9
וולפסון,81.6,2022-05-01T00:00:00.000Z,81.6,100,77.9,77.9,77.9
וולפסון,81.6,2022-05-01T00:00:00.000Z,81.6,100,77.9,77.9,77.9
וולפסון,81.6,2022-05-01T00:00:00.000Z,81.6,100,77.9,77.9,77.9
וולפסון,81.6,2022-05-01T00:00:00.000Z,81.6,100,77.9,77.9,77.9
וולפסון,81.6,2022-05-01T00:00:00.000Z,81.6,100,77.9,77.9,77.9
וולפסון,81.6,2022-05-01T00:00:00.000Z,81.6,100,77.9,77.9,77.9
וולפסון,81.6,2022-05-01T00:00:00.000Z,81.6,100,77.9,77.9,77.9
וולפסון,81.6,2022-05-01T00:00:00.000Z,81.6,100,77.9,77.9,77.9
וולפסון,81.6,2022-05-01T00:00:00.000Z,81.6,100,77.9,77.9,77.9
וולפסון,81.6,2022-05-01T00:00:00.000Z,81.6,100,77.9,77.9,77.9
וולפסון,81.6,2022-05-01T00:00:00.000Z,81.6,100,77.9,77.9,77.9
וולפסון,81.6,2022-05-01T00:00:00.000Z,81.6,100,77.9,77.9,77.9
וולפסון,81.6,2022-05-01T00:00:00.000Z,81.6,100,77.9,77.9,77.9
וולפסון,81.6,2022-05-01T00:00:00.000Z,81.6,100,77.9,77.9,77.9
וולפסון,81.6,2022-05-01T00:00:00.000Z,81.6,100,77.9,77.9,77.9
וולפסון,81.6,2022-05-01T00:00:00.000Z,81.6,100,77.9,77.9,77.9
וולפסון,81.6,2022-05-01T00:00:00.000Z,81.6,100,77.9,77.9,77.9
וולפסון,81.6,2022-05-01T00:00:00.000Z,81.6,100,77.9,77.9,77.9
וולפסון,81.6,2022-05-01T00:00:00.000Z,81.6,100,77.9,77.9,77.9
וולפסון,81.6,2022-05-01T00:00:00.000Z,81.6,100,77.9,77.9,77.9
וולפסון,81.6,2022-05-01T00:00:00.000Z,81.6,100,77.9,77.9,77.9
וולפסון,81.6,2022-05-01T00:00:00.000Z,81.6,100,77.9,77.9,77.9
וולפסון,81.6,2022-05-01T00:00:00.000Z,81.6,100,77.9,77.9,77.9
וולפסון,81.6,2022-05-01T00:00:00.000Z,81.6,100,77.9,77.9,77.9
רבין ק. בילינסון,131.3,2022-05-01T00:00:00.000Z,131.3,102.6,101.4,101.4,85
רבין ק. בילינסון,131.3,2022-05-01T00:00:00.000Z,131.3,102.6,101.4,101.4,85
רבין ק. בילינסון,131.3,2022-05-01T00:00:00.000Z,131.3,102.6,101.4,101.4,85
רבין ק. בילינסון,131.3,2022-05-01T00:00:00.000Z,131.3,102.6,101.4,101.4,85
רבין ק. בילינסון,131.3,2022-05-01T00:00:00.000Z,131.3,102.6,101.4,101.4,85
רבין ק. בילינסון,131.3,2022-05-01T00:00:00.000Z,131.3,102.6,101.4,101.4,85
רבין ק. בילינסון,131.3,2022-05-01T00:00:00.000Z,131.3,102.6,101.4,101.4,85
רבין ק. בילינסון,131.3,2022-05-01T00:00:00.000Z,131.3,102.6,101.4,101.4,85
רבין ק. בילינסון,131.3,2022-05-01T00:00:00.000Z,131.3,102.6,101.4,101.4,85
רבין ק. בילינסון,131.3,2022-05-01T00:00:00.000Z,131.3,102.6,101.4,101.4,85
רבין ק. בילינסון,131.3,2022-05-01T00:00:00.000Z,131.3,102.6,101.4,101.4,85
רבין ק. בילינסון,131.3,2022-05-01T00:00:00.000Z,131.3,102.6,101.4,101.4,85
רבין ק. בילינסון,131.3,2022-05-01T00:00:00.000Z,131.3,102.6,101.4,101.4,85
רבין ק. בילינסון,131.3,2022-05-01T00:00:00.000Z,131.3,102.6,101.4,101.4,85
רבין ק. בילינסון,131.3,2022-05-01T00:00:00.000Z,131.3,102.6,101.4,101.4,85
רבין ק. בילינסון,131.3,2022-05-01T00:00:00.000Z,131.3,102.6,101.4,101.4,85
רבין ק. בילינסון,131.3,2022-05-01T00:00:00.000Z,131.3,102.6,101.4,101.4,85
רבין ק. בילינסון,131.3,2022-05-01T00:00:00.000Z,131.3,102.6,101.4,101.4,85
רבין ק. בילינסון,131.3,2022-05-01T00:00:00.000Z,131.3,102.6,101.4,101.4,85
רבין ק. בילינסון,131.3,2022-05-01T00:00:00.000Z,131.3,102.6,101.4,101.4,85
רבין ק. בילינסון,131.3,2022-05-01T00:00:00.000Z,131.3,102.6,101.4,101.4,85
רבין ק. בילינסון,131.3,2022-05-01T00:00:00.000Z,131.3,102.6,101.4,101.4,85
רבין ק. בילינסון,131.3,2022-05-01T00:00:00.000Z,131.3,102.6,101.4,101.4,85
רבין ק. בילינסון,131.3,2022-05-01T00:00:00.000Z,131.3,102.6,101.4,101.4,85
רבין ק. בילינסון,131.3,2022-05-01T00:00:00.000Z,131.3,102.6,101.4,101.4,85
רבין ק. בילינסון,131.3,2022-05-01T00:00:00.000Z,131.3,102.6,101.4,101.4,85
רבין ק. בילינסון,131.3,2022-05-01T00:00:00.000Z,131.3,102.6,101.4,101.4,85
רבין ק. בילינסון,131.3,2022-05-01T00:00:00.000Z,131.3,102.6,101.4,101.4,85
רבין ק. בילינסון,131.3,2022-05-01T00:00:00.000Z,131.3,102.6,101.4,101.4,85
רבין ק. בילינסון,131.3,2022-05-01T00:00:00.000Z,131.3,102.6,101.4,101.4,85
רבין ק. בילינסון,131.3,2022-05-01T00:00:00.000Z,131.3,102.6,101.4,101.4,85
רבין ק. בילינסון,131.3,2022-05-01T00:00:00.000Z,131.3,102.6,101.4,101.4,85
לניאדו,102.6,2022-05-01T00:00:00.000Z,102.6,102.6,114.2,114.2,88.9
לניאדו,102.6,2022-05-01T00:00:00.000Z,102.6,102.6,114.2,114.2,88.9
לניאדו,102.6,2022-05-01T00:00:00.000Z,102.6,102.6,114.2,114.2,88.9
לניאדו,102.6,2022-05-01T00:00:00.000Z,102.6,102.6,114.2,114.2,88.9
לניאדו,102.6,2022-05-01T00:00:00.000Z,102.6,102.6,114.2,114.2,88.9
לניאדו,102.6,2022-05-01T00:00:00.000Z,102.6,102.6,114.2,114.2,88.9
לניאדו,102.6,2022-05-01T00:00:00.000Z,102.6,102.6,114.2,114.2,88.9
לניאדו,102.6,2022-05-01T00:00:00.000Z,102.6,102.6,114.2,114.2,88.9
לניאדו,102.6,2022-05-01T00:00:00.000Z,102.6,102.6,114.2,114.2,88.9
לניאדו,102.6,2022-05-01T00:00:00.000Z,102.6,102.6,114.2,114.2,88.9
הכרמל,56.6,2022-05-01T00:00:00.000Z,63.2,67.9,72,73.2,66.1
הכרמל,56.6,2022-05-01T00:00:00.000Z,62.3,68.7,72,73,67.1
הכרמל,56.6,2022-05-01T00:00:00.000Z,61.3,69.5,72,72.9,68.2
הכרמל,56.6,2022-05-01T00:00:00.000Z,60.4,70.4,72,72.7,69.2
הכרמל,56.6,2022-05-01T00:00:00.000Z,59.4,71.2,72,72.5,70.3
הכרמל,56.6,2022-05-01T00:00:00.000Z,58.5,72,72,72.3,71.3
הכרמל,56.6,2022-05-01T00:00:00.000Z,57.5,72.8,72,72.2,72.4
הכרמל,56.6,2022-05-01T00:00:00.000Z,56.6,73.6,72,72,73.4
הכרמל,56.6,2022-05-01T00:00:00.000Z,56.6,73.6,72,72,73.4
הכרמל,56.6,2022-05-01T00:00:00.000Z,56.6,73.6,72,72,73.4
הכרמל,56.6,2022-05-01T00:00:00.000Z,56.6,73.6,72,72,73.4
הכרמל,56.6,2022-05-01T00:00:00.000Z,56.6,73.6,72,72,73.4
הכרמל,56.6,2022-05-01T00:00:00.000Z,56.6,73.6,72,72,73.4
הכרמל,56.6,2022-05-01T00:00:00.000Z,56.6,73.6,72,72,73.4
הכרמל,56.6,2022-05-01T00:00:00.000Z,56.6,73.6,72,72,73.4
הכרמל,56.6,2022-05-01T00:00:00.000Z,56.6,73.6,72,72,73.4
הכרמל,56.6,2022-05-01T00:00:00.000Z,56.6,73.6,72,72,73.4
הכרמל,56.6,2022-05-01T00:00:00.000Z,56.6,73.6,72,72,73.4
הכרמל,56.6,2022-05-01T00:00:00.000Z,56.6,73.6,72,72,73.4
הכרמל,56.6,2022-05-01T00:00:00.000Z,56.6,73.6,72,72,73.4
הכרמל,56.6,2022-05-01T00:00:00.000Z,56.6,73.6,72,72,73.4
הכרמל,56.6,2022-05-01T00:00:00.000Z,56.6,73.6,72,72,73.4
הכרמל,56.6,2022-05-01T00:00:00.000Z,56.6,73.6,72,72,73.4
הכרמל,56.6,2022-05-01T00:00:00.000Z,56.6,73.6,72,72,73.4
הכרמל,56.6,2022-05-01T00:00:00.000Z,56.6,73.6,72,72,73.4
הכרמל,56.6,2022-05-01T00:00:00.000Z,56.6,73.6,72,72,73.4
הכרמל,56.6,2022-05-01T00:00:00.000Z,56.6,73.6,72,72,73.4
הכרמל,56.6,2022-05-01T00:00:00.000Z,56.6,73.6,72,72,73.4
הכרמל,56.6,2022-05-01T00:00:00.000Z,56.6,73.6,72,72,73.4
הכרמל,56.6,2022-05-01T00:00:00.000Z,56.6,73.6,72,72,73.4
הכרמל,56.6,2022-05-01T00:00:00.000Z,56.6,73.6,72,72,73.4
הכרמל,56.6,2022-05-01T00:00:00.000Z,56.6,73.6,72,72,73.4
וולפסון,81.6,2022-05-01T00:00:00.000Z,81.6,100,77.9,77.9,77.9
וולפסון,81.6,2022-05-01T00:00:00.000Z,81.6,100,77.9,77.9,77.9
וולפסון,81.6,2022-05-01T00:00:00.000Z,81.6,100,77.9,77.9,77.9
וולפסון,81.6,2022-05-01T00:00:00.000Z,81.6,100,77.9,77.9,77.9
וולפסון,81.6,2022-05-01T00:00:00.000Z,81.6,100,77.9,77.9,77.9
וולפסון,81.6,2022-05-01T00:00:00.000Z,81.6,100,77.9,77.9,77.9
וולפסון,81.6,2022-05-01T00:00:00.000Z,81.6,100,77.9,77.9,77.9
וולפסון,81.6,2022-05-01T00:00:00.000Z,81.6,100,77.9,77.9,77.9
וולפסון,81.6,2022-05-01T00:00:00.000Z,81.6,100,77.9,77.9,77.9
וולפסון,81.6,2022-05-01T00:00:00.000Z,81.6,100,77.9,77.9,77.9
רבין ק. בילינסון,131.3,2022-05-01T00:00:00.000Z,131.3,102.6,101.4,101.4,85
רבין ק. בילינסון,131.3,2022-05-01T00:00:00.000Z,131.3,102.6,101.4,101.4,85
רבין ק. בילינסון,131.3,2022-05-01T00:00:00.000Z,131.3,102.6,101.4,101.4,85
רבין ק. בילינסון,131.3,2022-05-01T00:00:00.000Z,131.3,102.6,101.4,101.4,85
רבין ק. בילינסון,131.3,2022-05-01T00:00:00.000Z,131.3,102.6,101.4,101.4,85
רבין ק. בילינסון,131.3,2022-05-01T00:00:00.000Z,131.3,102.6,101.4,101.4,85
רבין ק. בילינסון,131.3,2022-05-01T00:00:00.000Z,131.3,102.6,101.4,101.4,85
רבין ק. בילינסון,131.3,2022-05-01T00:00:00.000Z,131.3,102.6,101.4,101.4,85
רבין ק. בילינסון,131.3,2022-05-01T00:00:00.000Z,131.3,102.6,101.4,101.4,85
רבין ק. בילינסון,131.3,2022-05-01T00:00:00.000Z,131.3,102.6,101.4,101.4,85
רבין ק. בילינסון,131.3,2022-05-01T00:00:00.000Z,131.3,102.6,101.4,101.4,85
רבין ק. בילינסון,131.3,2022-05-01T00:00:00.000Z,131.3,102.6,101.4,101.4,85
רבין ק. בילינסון,131.3,2022-05-01T00:00:00.000Z,131.3,102.6,101.4,101.4,85
רבין ק. בילינסון,131.3,2022-05-01T00:00:00.000Z,131.3,102.6,101.4,101.4,85
רבין ק. בילינסון,131.3,2022-05-01T00:00:00.000Z,131.3,102.6,101.4,101.4,85
רבין ק. בילינסון,131.3,2022-05-01T00:00:00.000Z,131.3,102.6,101.4,101.4,85
רבין ק. בילינסון,131.3,2022-05-01T00:00:00.000Z,131.3,102.6,101.4,101.4,85
רבין ק. בילינסון,131.3,2022-05-01T00:00:00.000Z,131.3,102.6,101.4,101.4,85
רבין ק. בילינסון,131.3,2022-05-01T00:00:00.000Z,131.3,102.6,101.4,101.4,85
רבין ק. בילינסון,131.3,2022-05-01T00:00:00.000Z,131.3,102.6,101.4,101.4,85
רבין ק. בילינסון,131.3,2022-05-01T00:00:00.000Z,131.3,102.6,101.4,101.4,85
רבין ק. בילינסון,131.3,2022-05-01T00:00:00.000Z,131.3,102.6,101.4,101.4,85
רבין ק. בילינסון,131.3,2022-05-01T00:00:00.000Z,131.3,102.6,101.4,101.4,85
רבין ק. בילינסון,131.3,2022-05-01T00:00:00.000Z,131.3,102.6,101.4,101.4,85
רבין ק. בילינסון,131.3,2022-05-01T00:00:00.000Z,131.3,102.6,101.4,101.4,85
רבין ק. בילינסון,131.3,2022-05-01T00:00:00.000Z,131.3,102.6,101.4,101.4,85
רבין ק. בילינסון,131.3,2022-05-01T00:00:00.000Z,131.3,102.6,101.4,101.4,85
רבין ק. בילינסון,131.3,2022-05-01T00:00:00.000Z,131.3,102.6,101.4,101.4,85
רבין ק. בילינסון,131.3,2022-05-01T00:00:00.000Z,131.3,102.6,101.4,101.4,85
רבין ק. בילינסון,131.3,2022-05-01T00:00:00.000Z,131.3,102.6,101.4,101.4,85
רבין ק. בילינסון,131.3,2022-05-01T00:00:00.000Z,131.3,102.6,101.4,101.4,85
רבין ק. בילינסון,131.3,2022-05-01T00:00:00.000Z,131.3,102.6,101.4,101.4,85
הכרמל,56.6,2022-05-01T00:00:00.000Z,56.6,73.6,72,72,73.4
הכרמל,56.6,2022-05-01T00:00:00.000Z,56.6,73.6,72,72,73.4
הכרמל,56.6,2022-05-01T00:00:00.000Z,56.6,73.6,72,72,73.4
הכרמל,56.6,2022-05-01T00:00:00.000Z,56.6,73.6,72,72,73.4
הכרמל,56.6,2022-05-01T00:00:00.000Z,56.6,73.6,72,72,73.4
הכרמל,56.6,2022-05-01T00:00:00.000Z,56.6,73.6,72,72,73.4
הכרמל,56.6,2022-05-01T00:00:00.000Z,56.6,73.6,72,72,73.4
הכרמל,56.6,2022-05-01T00:00:00.000Z,56.6,73.6,72,72,73.4
הכרמל,56.6,2022-05-01T00:00:00.000Z,56.6,73.6,72,72,73.4
הכרמל,56.6,2022-05-01T00:00:00.000Z,56.6,73.6,72,72,73.4
הכרמל,56.6,2022-05-01T00:00:00.000Z,56.6,73.6,72,72,73.4
הכרמל,56.6,2022-05-01T00:00:00.000Z,56.6,73.6,72,72,73.4
הכרמל,56.6,2022-05-01T00:00:00.000Z,56.6,73.6,72,72,73.4
הכרמל,56.6,2022-05-01T00:00:00.000Z,56.6,73.6,72,72,73.4
הכרמל,56.6,2022-05-01T00:00:00.000Z,56.6,73.6,72,72,73.4
הכרמל,56.6,2022-05-01T00:00:00.000Z,56.6,73.6,72,72,73.4
הכרמל,56.6,2022-05-01T00:00:00.000Z,56.6,73.6,72,72,73.4
הכרמל,56.6,2022-05-01T00:00:00.000Z,56.6,73.6,72,72,73.4
הכרמל,56.6,2022-05-01T00:00:00.000Z,56.6,73.6,72,72,73.4
הכרמל,56.6,2022-05-01T00:00:00.000Z,56.6,73.6,72,72,73.4
הכרמל,56.6,2022-05-01T00:00:00.000Z,56.6,73.6,72,72,73.4
הכרמל,56.6,2022-05-01T00:00:00.000Z,56.6,73.6,72,72,73.4
הכרמל,56.6,2022-05-01T00:00:00.000Z,56.6,73.6,72,72,73.4
הכרמל,56.6,2022-05-01T00:00:00.000Z,56.6,73.6,72,72,73.4
הכרמל,56.6,2022-05-01T00:00:00.000Z,56.6,73.6,72,72,73.4
הכרמל,56.6,2022-05-01T00:00:00.000Z,56.6,73.6,72,72,73.4
הכרמל,56.6,2022-05-01T00:00:00.000Z,56.6,73.6,72,72,73.4
הכרמל,56.6,2022-05-01T00:00:00.000Z,56.6,73.6,72,72,73.4
הכרמל,56.6,2022-05-01T00:00:00.000Z,56.6,73.6,72,72,73.4
הכרמל,56.6,2022-05-01T00:00:00.000Z,56.6,73.6,72,72,73.4
הכרמל,56.6,2022-05-01T00:00:00.000Z,56.6,73.6,72,72,73.4
הכרמל,56.6,2022-05-01T00:00:00.000Z,56.6,73.6,72,72,73.4
הכרמל,56.6,2022-05-01T00:00:00.000Z,56.6,73.6,72,72,73.4
הכרמל,56.6,2022-05-01T00:00:00.000Z,56.6,73.6,72,72,73.4
הכרמל,56.6,2022-05-01T00:00:00.000Z,56.6,73.6,72,72,73.4
הכרמל,56.6,2022-05-01T00:00:00.000Z,56.6,73.6,72,72,73.4
הכרמל,56.6,2022-05-01T00:00:00.000Z,56.6,73.6,72,72,73.4
הכרמל,56.6,2022-05-01T00:00:00.000Z,56.6,73.6,72,72,73.4
הכרמל,56.6,2022-05-01T00:00:00.000Z,56.6,73.6,72,72,73.4
הכרמל,56.6,2022-05-01T00:00:00.000Z,56.6,73.6,72,72,73.4
הכרמל,56.6,2022-05-01T00:00:00.000Z,56.6,73.6,72,72,73.4
הכרמל,56.6,2022-05-01T00:00:00.000Z,56.6,73.6,72,72,73.4
הכרמל,56.6,2022-05-01T00:00:00.000Z,56.6,73.6,72,72,73.4
הכרמל,56.6,2022-05-01T00:00:00.000Z,56.6,73.6,72,72,73.4
הכרמל,56.6,2022-05-01T00:00:00.000Z,56.6,73.6,72,72,73.4
הכרמל,56.6,2022-05-01T00:00:00.000Z,56.6,73.6,72,72,73.4
הכרמל,56.6,2022-05-01T00:00:00.000Z,56.6,73.6,72,72,73.4
הכרמל,56.6,2022-05-01T00:00:00.000Z,56.6,73.6,72,72,73.4
הכרמל,56.6,2022-05-01T00:00:00.000Z,56.6,73.6,72,72,73.4
הכרמל,56.6,2022-05-01T00:00:00.000Z,56.6,73.6,72,72,73.4
הכרמל,56.6,2022-05-01T00:00:00.000Z,56.6,73.6,72,72,73.4
הכרמל,56.6,2022-05-01T00:00:00.000Z,56.6,73.6,72,72,73.4
הכרמל,56.6,2022-05-01T00:00:00.000Z,56.6,73.6,72,72,73.4
הכרמל,56.6,2022-05-01T00:00:00.000Z,56.6,73.6,72,72,73.4
הכרמל,56.6,2022-05-01T00:00:00.000Z,56.6,73.6,72,72,73.4
הכרמל,56.6,2022-05-01T00:00:00.000Z,56.6,73.6,72,72,73.4
הכרמל,56.6,2022-05-01T00:00:00.000Z,56.6,73.6,72,72,73.4
הכרמל,56.6,2022-05-01T00:00:00.000Z,56.6,73.6,72,72,73.4
הכרמל,56.6,2022-05-01T00:00:00.000Z,56.6,73.6,72,72,73.4
הכרמל,56.6,2022-05-01T00:00:00.000Z,56.6,73.6,72,72,73.4
הכרמל,56.6,2022-05-01T00:00:00.000Z,56.6,73.6,72,72,73.4
הכרמל,56.6,2022-05-01T00:00:00.000Z,56.6,73.6,72,72,73.4
הכרמל,56.6,2022-05-01T00:00:00.000Z,56.6,73.6,72,72,73.4
הכרמל,56.6,2022-05-01T00:00:00.000Z,56.6,73.6,72,72,73.4
הכרמל,56.6,2022-05-01T00:00:00.000Z,56.6,73.6,72,72,73.4
הכרמל,56.6,2022-05-01T00:00:00.000Z,56.6,73.6,72,72,73.4
הכרמל,56.6,2022-05-01T00:00:00.000Z,56.6,73.6,72,72,73.4
הכרמל,56.6,2022-05-01T00:00:00.000Z,56.6,73.6,72,72,73.4
רבין ק. בילינסון,131.3,2022-05-01T00:00:00.000Z,131.3,102.6,101.4,101.4,85
הכרמל,56.6,2022-05-01T00:00:00.000Z,56.6,73.6,72,72,73.4
הכרמל,56.6,2022-05-01T00:00:00.000Z,56.6,73.6,72,72,73.4
הכרמל,56.6,2022-05-01T00:00:00.000Z,56.6,73.6,72,72,73.4
הכרמל,56.6,2022-05-01T00:00:00.000Z,56.6,73.6,72,72,73.4
הכרמל,56.6,2022-05-01T00:00:00.000Z,56.6,73.6,72,72,73.4
הכרמל,56.6,2022-05-01T00:00:00.000Z,56.6,73.6,72,72,73.4
הכרמל,56.6,2022-05-01T00:00:00.000Z,56.6,73.6,72,72,73.4
הכרמל,56.6,2022-05-01T00:00:00.000Z,56.6,73.6,72,72,73.4
הכרמל,56.6,2022-05-01T00:00:00.000Z,56.6,73.6,72,72,73.4
הכרמל,56.6,2022-05-01T00:00:00.000Z,56.6,73.6,72,72,73.4
הכרמל,56.6,2022-05-01T00:00:00.000Z,56.6,73.6,72,72,73.4
הכרמל,56.6,2022-05-01T00:00:00.000Z,56.6,73.6,72,72,73.4
הכרמל,56.6,2022-05-01T00:00:00.000Z,56.6,73.6,72,72,73.4
הכרמל,56.6,2022-05-01T00:00:00.000Z,56.6,73.6,72,72,73.4
הכרמל,56.6,2022-05-01T00:00:00.000Z,56.6,73.6,72,72,73.4
הכרמל,56.6,2022-05-01T00:00:00.000Z,56.6,73.6,72,72,73.4
הכרמל,56.6,2022-05-01T00:00:00.000Z,56.6,73.6,72,72,73.4
הכרמל,56.6,2022-05-01T00:00:00.000Z,56.6,73.6,72,72,73.4
הכרמל,56.6,2022-05-01T00:00:00.000Z,56.6,73.6,72,72,73.4
הכרמל,56.6,2022-05-01T00:00:00.000Z,56.6,73.6,72,72,73.4
הכרמל,56.6,2022-05-01T00:00:00.000Z,56.6,73.6,72,72,73.4
הכרמל,56.6,2022-05-01T00:00:00.000Z,56.6,73.6,72,72,73.4
הכרמל,56.6,2022-05-01T00:00:00.000Z,56.6,73.6,72,72,73.4
הכרמל,56.6,2022-05-01T00:00:00.000Z,56.6,73.6,72,72,73.4
הכרמל,56.6,2022-05-01T00:00:00.000Z,56.6,73.6,72,72,73.4
הכרמל,56.6,2022-05-01T00:00:00.000Z,56.6,73.6,72,72,73.4
הכרמל,56.6,2022-05-01T00:00:00.000Z,56.6,73.6,72,72,73.4
הכרמל,56.6,2022-05-01T00:00:00.000Z,56.6,73.6,72,72,73.4
הכרמל,56.6,2022-05-01T00:00:00.000Z,56.6,73.6,72,72,73.4
הכרמל,56.6,2022-05-01T00:00:00.000Z,56.6,73.6,72,72,73.4
הכרמל,56.6,2022-05-01T00:00:00.000Z,56.6,73.6,72,72,73.4
הכרמל,56.6,2022-05-01T00:00:00.000Z,56.6,73.6,72,72,73.4
הכרמל,56.6,2022-05-01T00:00:00.000Z,56.6,73.6,72,72,73.4
הכרמל,56.6,2022-05-01T00:00:00.000Z,56.6,73.6,72,72,73.4
הכרמל,56.6,2022-05-01T00:00:00.000Z,56.6,73.6,72,72,73.4
הכרמל,56.6,2022-05-01T00:00:00.000Z,56.6,73.6,72,72,73.4
הכרמל,56.6,2022-05-01T00:00:00.000Z,56.6,73.6,72,72,73.4
הכרמל,56.6,2022-05-01T00:00:00.000Z,56.6,73.6,72,72,73.4
הכרמל,56.6,2022-05-01T00:00:00.000Z,56.6,73.6,72,72,73.4
הכרמל,56.6,2022-05-01T00:00:00.000Z,56.6,73.6,72,72,73.4
הכרמל,56.6,2022-05-01T00:00:00.000Z,56.6,73.6,72,72,73.4
הכרמל,56.6,2022-05-01T00:00:00.000Z,56.6,73.6,72,72,73.4
הכרמל,56.6,2022-05-01T00:00:00.000Z,56.6,73.6,72,72,73.4
הכרמל,56.6,2022-05-01T00:00:00.000Z,56.6,73.6,72,72,73.4
רבין ק. בילינסון,131.3,2022-05-01T00:00:00.000Z,128.2,89.9,101.4,93.7,77.4
רבין ק. בילינסון,131.3,2022-05-01T00:00:00.000Z,128.6,91.7,101.4,94.8,78.5
רבין ק. בילינסון,131.3,2022-05-01T00:00:00.000Z,129.1,93.5,101.4,95.9,79.6
רבין ק. בילינסון,131.3,2022-05-01T00:00:00.000Z,129.5,95.3,101.4,97,80.7
רבין ק. בילינסון,131.3,2022-05-01T00:00:00.000Z,130,97.2,101.4,98.1,81.7
רבין ק. בילינסון,131.3,2022-05-01T00:00:00.000Z,130.4,99,101.4,99.2,82.8
רבין ק. בילינסון,131.3,2022-05-01T00:00:00.000Z,130.8,100.8,101.4,100.3,83.9
רבין ק. בילינסון,131.3,2022-05-01T00:00:00.000Z,131.3,102.6,101.4,101.4,85
רבין ק. בילינסון,131.3,2022-05-01T00:00:00.000Z,131.3,102.6,101.4,101.4,85
רבין ק. בילינסון,131.3,2022-05-01T00:00:00.000Z,131.3,102.6,101.4,101.4,85
רבין ק. בילינסון,131.3,2022-05-01T00:00:00.000Z,131.3,102.6,101.4,101.4,85
רבין ק. בילינסון,131.3,2022-05-01T00:00:00.000Z,131.3,102.6,101.4,101.4,85
רבין ק. בילינסון,131.3,2022-05-01T00:00:00.000Z,131.3,102.6,101.4,101.4,85
רבין ק. בילינסון,131.3,2022-05-01T00:00:00.000Z,131.3,102.6,101.4,101.4,85
רבין ק. בילינסון,131.3,2022-05-01T00:00:00.000Z,131.3,102.6,101.4,101.4,85
שמיר,84.2,2022-05-01T00:00:00.000Z,90.7,86.5,70.7,70.4,62.5
שמיר,84.2,2022-05-01T00:00:00.000Z,89.8,87.1,70.7,70.4,63.1
שמיר,84.2,2022-05-01T00:00:00.000Z,88.9,87.8,70.7,70.5,63.6
שמיר,84.2,2022-05-01T00:00:00.000Z,87.9,88.5,70.7,70.5,64.2
שמיר,84.2,2022-05-01T00:00:00.000Z,87,89.1,70.7,70.6,64.8
שמיר,84.2,2022-05-01T00:00:00.000Z,86,89.8,70.7,70.6,65.3
שמיר,84.2,2022-05-01T00:00:00.000Z,85.1,90.5,70.7,70.7,65.9
שמיר,84.2,2022-05-01T00:00:00.000Z,84.2,91.1,70.7,70.7,66.4
שמיר,84.2,2022-05-01T00:00:00.000Z,84.2,91.1,70.7,70.7,66.4
שמיר,84.2,2022-05-01T00:00:00.000Z,84.2,91.1,70.7,70.7,66.4
שמיר,84.2,2022-05-01T00:00:00.000Z,84.2,91.1,70.7,70.7,66.4
שמיר,84.2,2022-05-01T00:00:00.000Z,84.2,91.1,70.7,70.7,66.4
שמיר,84.2,2022-05-01T00:00:00.000Z,84.2,91.1,70.7,70.7,66.4
שמיר,84.2,2022-05-01T00:00:00.000Z,84.2,91.1,70.7,70.7,66.4
שמיר,84.2,2022-05-01T00:00:00.000Z,84.2,91.1,70.7,70.7,66.4
שמיר,84.2,2022-05-01T00:00:00.000Z,84.2,91.1,70.7,70.7,66.4
שמיר,84.2,2022-05-01T00:00:00.000Z,84.2,91.1,70.7,70.7,66.4
שמיר,84.2,2022-05-01T00:00:00.000Z,84.2,91.1,70.7,70.7,66.4
שמיר,84.2,2022-05-01T00:00:00.000Z,84.2,91.1,70.7,70.7,66.4
שמיר,84.2,2022-05-01T00:00:00.000Z,84.2,91.1,70.7,70.7,66.4
שמיר,84.2,2022-05-01T00:00:00.000Z,84.2,91.1,70.7,70.7,66.4
שמיר,84.2,2022-05-01T00:00:00.000Z,84.2,91.1,70.7,70.7,66.4
שמיר,84.2,2022-05-01T00:00:00.000Z,84.2,91.1,70.7,70.7,66.4
שמיר,84.2,2022-05-01T00:00:00.000Z,84.2,91.1,70.7,70.7,66.4
שמיר,84.2,2022-05-01T00:00:00.000Z,84.2,91.1,70.7,70.7,66.4
שמיר,84.2,2022-05-01T00:00:00.000Z,84.2,91.1,70.7,70.7,66.4
שמיר,84.2,2022-05-01T00:00:00.000Z,84.2,91.1,70.7,70.7,66.4
שמיר,84.2,2022-05-01T00:00:00.000Z,84.2,91.1,70.7,70.7,66.4
שמיר,84.2,2022-05-01T00:00:00.000Z,84.2,91.1,70.7,70.7,66.4
שמיר,84.2,2022-05-01T00:00:00.000Z,84.2,91.1,70.7,70.7,66.4
שמיר,84.2,2022-05-01T00:00:00.000Z,84.2,91.1,70.7,70.7,66.4
שמיר,84.2,2022-05-01T00:00:00.000Z,84.2,91.1,70.7,70.7,66.4
שמיר,84.2,2022-05-01T00:00:00.000Z,84.2,91.1,70.7,70.7,66.4
שמיר,84.2,2022-05-01T00:00:00.000Z,84.2,91.1,70.7,70.7,66.4
שמיר,84.2,2022-05-01T00:00:00.000Z,84.2,91.1,70.7,70.7,66.4
שמיר,84.2,2022-05-01T00:00:00.000Z,84.2,91.1,70.7,70.7,66.4
שמיר,84.2,2022-05-01T00:00:00.000Z,84.2,91.1,70.7,70.7,66.4
שמיר,84.2,2022-05-01T00:00:00.000Z,84.2,91.1,70.7,70.7,66.4
שמיר,84.2,2022-05-01T00:00:00.000Z,84.2,91.1,70.7,70.7,66.4
שמיר,84.2,2022-05-01T00:00:00.000Z,84.2,91.1,70.7,70.7,66.4
שמיר,84.2,2022-05-01T00:00:00.000Z,84.2,91.1,70.7,70.7,66.4
שמיר,84.2,2022-05-01T00:00:00.000Z,84.2,91.1,70.7,70.7,66.4
שמיר,84.2,2022-05-01T00:00:00.000Z,84.2,91.1,70.7,70.7,66.4
שמיר,84.2,2022-05-01T00:00:00.000Z,84.2,91.1,70.7,70.7,66.4
שמיר,84.2,2022-05-01T00:00:00.000Z,84.2,91.1,70.7,70.7,66.4
שמיר,84.2,2022-05-01T00:00:00.000Z,84.2,91.1,70.7,70.7,66.4
שמיר,84.2,2022-05-01T00:00:00.000Z,84.2,91.1,70.7,70.7,66.4
שמיר,84.2,2022-05-01T00:00:00.000Z,84.2,91.1,70.7,70.7,66.4
שמיר,84.2,2022-05-01T00:00:00.000Z,84.2,91.1,70.7,70.7,66.4
שמיר,84.2,2022-05-01T00:00:00.000Z,84.2,91.1,70.7,70.7,66.4
שמיר,84.2,2022-05-01T00:00:00.000Z,84.2,91.1,70.7,70.7,66.4
שמיר,84.2,2022-05-01T00:00:00.000Z,84.2,91.1,70.7,70.7,66.4
שמיר,84.2,2022-05-01T00:00:00.000Z,84.2,91.1,70.7,70.7,66.4
שמיר,84.2,2022-05-01T00:00:00.000Z,84.2,91.1,70.7,70.7,66.4
שמיר,84.2,2022-05-01T00:00:00.000Z,84.2,91.1,70.7,70.7,66.4
שמיר,84.2,2022-05-01T00:00:00.000Z,84.2,91.1,70.7,70.7,66.4
שמיר,84.2,2022-05-01T00:00:00.000Z,84.2,91.1,70.7,70.7,66.4
שמיר,84.2,2022-05-01T00:00:00.000Z,84.2,91.1,70.7,70.7,66.4
שמיר,84.2,2022-05-01T00:00:00.000Z,84.2,91.1,70.7,70.7,66.4
שמיר,84.2,2022-05-01T00:00:00.000Z,84.2,91.1,70.7,70.7,66.4
שמיר,84.2,2022-05-01T00:00:00.000Z,84.2,91.1,70.7,70.7,66.4
שמיר,84.2,2022-05-01T00:00:00.000Z,84.2,91.1,70.7,70.7,66.4
שמיר,84.2,2022-05-01T00:00:00.000Z,84.2,91.1,70.7,70.7,66.4
שמיר,84.2,2022-05-01T00:00:00.000Z,84.2,91.1,70.7,70.7,66.4
שמיר,84.2,2022-05-01T00:00:00.000Z,84.2,91.1,70.7,70.7,66.4
שמיר,84.2,2022-05-01T00:00:00.000Z,84.2,91.1,70.7,70.7,66.4
שמיר,84.2,2022-05-01T00:00:00.000Z,84.2,91.1,70.7,70.7,66.4
שמיר,84.2,2022-05-01T00:00:00.000Z,84.2,91.1,70.7,70.7,66.4
שמיר,84.2,2022-05-01T00:00:00.000Z,84.2,91.1,70.7,70.7,66.4
שמיר,84.2,2022-05-01T00:00:00.000Z,84.2,91.1,70.7,70.7,66.4
שמיר,84.2,2022-05-01T00:00:00.000Z,84.2,91.1,70.7,70.7,66.4
שמיר,84.2,2022-05-01T00:00:00.000Z,84.2,91.1,70.7,70.7,66.4
שמיר,84.2,2022-05-01T00:00:00.000Z,84.2,91.1,70.7,70.7,66.4
שמיר,84.2,2022-05-01T00:00:00.000Z,84.2,91.1,70.7,70.7,66.4
שמיר,84.2,2022-05-01T00:00:00.000Z,84.2,91.1,70.7,70.7,66.4
שמיר,84.2,2022-05-01T00:00:00.000Z,84.2,91.1,70.7,70.7,66.4
שמיר,84.2,2022-05-01T00:00:00.000Z,84.2,91.1,70.7,70.7,66.4
שמיר,84.2,2022-05-01T00:00:00.000Z,84.2,91.1,70.7,70.7,66.4
שמיר,84.2,2022-05-01T00:00:00.000Z,84.2,91.1,70.7,70.7,66.4
שמיר,84.2,2022-05-01T00:00:00.000Z,84.2,91.1,70.7,70.7,66.4
שמיר,84.2,2022-05-01T00:00:00.000Z,84.2,91.1,70.7,70.7,66.4
שמיר,84.2,2022-05-01T00:00:00.000Z,84.2,91.1,70.7,70.7,66.4
שמיר,84.2,2022-05-01T00:00:00.000Z,84.2,91.1,70.7,70.7,66.4
שמיר,84.2,2022-05-01T00:00:00.000Z,84.2,91.1,70.7,70.7,66.4
שמיר,84.2,2022-05-01T00:00:00.000Z,84.2,91.1,70.7,70.7,66.4
שמיר,84.2,2022-05-01T00:00:00.000Z,84.2,91.1,70.7,70.7,66.4
שמיר,84.2,2022-05-01T00:00:00.000Z,84.2,91.1,70.7,70.7,66.4
שמיר,84.2,2022-05-01T00:00:00.000Z,84.2,91.1,70.7,70.7,66.4
שמיר,84.2,2022-05-01T00:00:00.000Z,84.2,91.1,70.7,70.7,66.4
שמיר,84.2,2022-05-01T00:00:00.000Z,84.2,91.1,70.7,70.7,66.4
שמיר,84.2,2022-05-01T00:00:00.000Z,84.2,91.1,70.7,70.7,66.4
שמיר,84.2,2022-05-01T00:00:00.000Z,84.2,91.1,70.7,70.7,66.4
שמיר,84.2,2022-05-01T00:00:00.000Z,84.2,91.1,70.7,70.7,66.4
שמיר,84.2,2022-05-01T00:00:00.000Z,84.2,91.1,70.7,70.7,66.4
שמיר,84.2,2022-05-01T00:00:00.000Z,84.2,91.1,70.7,70.7,66.4
שמיר,84.2,2022-05-01T00:00:00.000Z,84.2,91.1,70.7,70.7,66.4
שמיר,84.2,2022-05-01T00:00:00.000Z,84.2,91.1,70.7,70.7,66.4
שמיר,84.2,2022-05-01T00:00:00.000Z,84.2,91.1,70.7,70.7,66.4
שמיר,84.2,2022-05-01T00:00:00.000Z,84.2,91.1,70.7,70.7,66.4
שמיר,84.2,2022-05-01T00:00:00.000Z,84.2,91.1,70.7,70.7,66.4
שמיר,84.2,2022-05-01T00:00:00.000Z,84.2,91.1,70.7,70.7,66.4
שמיר,84.2,2022-05-01T00:00:00.000Z,84.2,91.1,70.7,70.7,66.4
שמיר,84.2,2022-05-01T00:00:00.000Z,84.2,91.1,70.7,70.7,66.4
שמיר,84.2,2022-05-01T00:00:00.000Z,84.2,91.1,70.7,70.7,66.4
שמיר,84.2,2022-05-01T00:00:00.000Z,84.2,91.1,70.7,70.7,66.4
שמיר,84.2,2022-05-01T00:00:00.000Z,84.2,91.1,70.7,70.7,66.4
שמיר,84.2,2022-05-01T00:00:00.000Z,84.2,91.1,70.7,70.7,66.4
שמיר,84.2,2022-05-01T00:00:00.000Z,84.2,91.1,70.7,70.7,66.4
שמיר,84.2,2022-05-01T00:00:00.000Z,84.2,91.1,70.7,70.7,66.4
שמיר,84.2,2022-05-01T00:00:00.000Z,84.2,91.1,70.7,70.7,66.4
שמיר,84.2,2022-05-01T00:00:00.000Z,84.2,91.1,70.7,70.7,66.4
שמיר,84.2,2022-05-01T00:00:00.000Z,84.2,91.1,70.7,70.7,66.4
שמיר,84.2,2022-05-01T00:00:00.000Z,84.2,91.1,70.7,70.7,66.4
שמיר,84.2,2022-05-01T00:00:00.000Z,84.2,91.1,70.7,70.7,66.4
שמיר,84.2,2022-05-01T00:00:00.000Z,84.2,91.1,70.7,70.7,66.4
שמיר,84.2,2022-05-01T00:00:00.000Z,84.2,91.1,70.7,70.7,66.4
שמיר,84.2,2022-05-01T00:00:00.000Z,84.2,91.1,70.7,70.7,66.4
שמיר,84.2,2022-05-01T00:00:00.000Z,84.2,91.1,70.7,70.7,66.4
שמיר,84.2,2022-05-01T00:00:00.000Z,84.2,91.1,70.7,70.7,66.4
שמיר,84.2,2022-05-01T00:00:00.000Z,84.2,91.1,70.7,70.7,66.4
שמיר,84.2,2022-05-01T00:00:00.000Z,84.2,91.1,70.7,70.7,66.4
שמיר,84.2,2022-05-01T00:00:00.000Z,84.2,91.1,70.7,70.7,66.4
שמיר,84.2,2022-05-01T00:00:00.000Z,84.2,91.1,70.7,70.7,66.4
שמיר,84.2,2022-05-01T00:00:00.000Z,84.2,91.1,70.7,70.7,66.4
שמיר,84.2,2022-05-01T00:00:00.000Z,84.2,91.1,70.7,70.7,66.4
שמיר,84.2,2022-05-01T00:00:00.000Z,84.2,91.1,70.7,70.7,66.4
שמיר,84.2,2022-05-01T00:00:00.000Z,84.2,91.1,70.7,70.7,66.4
שמיר,84.2,2022-05-01T00:00:00.000Z,84.2,91.1,70.7,70.7,66.4
שמיר,84.2,2022-05-01T00:00:00.000Z,84.2,91.1,70.7,70.7,66.4
שמיר,84.2,2022-05-01T00:00:00.000Z,84.2,91.1,70.7,70.7,66.4
שמיר,84.2,2022-05-01T00:00:00.000Z,84.2,91.1,70.7,70.7,66.4
שמיר,84.2,2022-05-01T00:00:00.000Z,84.2,91.1,70.7,70.7,66.4
שמיר,84.2,2022-05-01T00:00:00.000Z,84.2,91.1,70.7,70.7,66.4
שמיר,84.2,2022-05-01T00:00:00.000Z,84.2,91.1,70.7,70.7,66.4
שמיר,84.2,2022-05-01T00:00:00.000Z,84.2,91.1,70.7,70.7,66.4
שמיר,84.2,2022-05-01T00:00:00.000Z,84.2,91.1,70.7,70.7,66.4
שמיר,84.2,2022-05-01T00:00:00.000Z,84.2,91.1,70.7,70.7,66.4
שמיר,84.2,2022-05-01T00:00:00.000Z,84.2,91.1,70.7,70.7,66.4
שמיר,84.2,2022-05-01T00:00:00.000Z,84.2,91.1,70.7,70.7,66.4
שמיר,84.2,2022-05-01T00:00:00.000Z,84.2,91.1,70.7,70.7,66.4
שמיר,84.2,2022-05-01T00:00:00.000Z,84.2,91.1,70.7,70.7,66.4
שמיר,84.2,2022-05-01T00:00:00.000Z,84.2,91.1,70.7,70.7,66.4
שמיר,84.2,2022-05-01T00:00:00.000Z,84.2,91.1,70.7,70.7,66.4
שמיר,84.2,2022-05-01T00:00:00.000Z,84.2,91.1,70.7,70.7,66.4
מאיר,80.5,2022-05-01T00:00:00.000Z,73,64,81.1,75.6,70.4
מאיר,80.5,2022-05-01T00:00:00.000Z,74.1,65.2,81.1,76.4,71.1
מאיר,80.5,2022-05-01T00:00:00.000Z,80.5,72.5,81.1,81.1,75.3
מאיר,80.5,2022-05-01T00:00:00.000Z,80.5,72.5,81.1,81.1,75.3
מאיר,80.5,2022-05-01T00:00:00.000Z,80.5,72.5,81.1,81.1,75.3
מאיר,80.5,2022-05-01T00:00:00.000Z,80.5,72.5,81.1,81.1,75.3
מאיר,80.5,2022-05-01T00:00:00.000Z,80.5,72.5,81.1,81.1,75.3
מאיר,80.5,2022-05-01T00:00:00.000Z,80.5,72.5,81.1,81.1,75.3
מאיר,80.5,2022-05-01T00:00:00.000Z,80.5,72.5,81.1,81.1,75.3
מאיר,80.5,2022-05-01T00:00:00.000Z,80.5,72.5,81.1,81.1,75.3
מאיר,80.5,2022-05-01T00:00:00.000Z,80.5,72.5,81.1,81.1,75.3
מאיר,80.5,2022-05-01T00:00:00.000Z,80.5,72.5,81.1,81.1,75.3
מאיר,80.5,2022-05-01T00:00:00.000Z,80.5,72.5,81.1,81.1,75.3
מאיר,80.5,2022-05-01T00:00:00.000Z,80.5,72.5,81.1,81.1,75.3
מאיר,80.5,2022-05-01T00:00:00.000Z,80.5,72.5,81.1,81.1,75.3
מאיר,80.5,2022-05-01T00:00:00.000Z,80.5,72.5,81.1,81.1,75.3
מאיר,80.5,2022-05-01T00:00:00.000Z,80.5,72.5,81.1,81.1,75.3
מאיר,80.5,2022-05-01T00:00:00.000Z,80.5,72.5,81.1,81.1,75.3
מאיר,80.5,2022-05-01T00:00:00.000Z,80.5,72.5,81.1,81.1,75.3
מאיר,80.5,2022-05-01T00:00:00.000Z,80.5,72.5,81.1,81.1,75.3
מאיר,80.5,2022-05-01T00:00:00.000Z,80.5,72.5,81.1,81.1,75.3
מאיר,80.5,2022-05-01T00:00:00.000Z,80.5,72.5,81.1,81.1,75.3
מאיר,80.5,2022-05-01T00:00:00.000Z,80.5,72.5,81.1,81.1,75.3
מאיר,80.5,2022-05-01T00:00:00.000Z,80.5,72.5,81.1,81.1,75.3
מאיר,80.5,2022-05-01T00:00:00.000Z,80.5,72.5,81.1,81.1,75.3
מאיר,80.5,2022-05-01T00:00:00.000Z,80.5,72.5,81.1,81.1,75.3
מאיר,80.5,2022-05-01T00:00:00.000Z,80.5,72.5,81.1,81.1,75.3
מאיר,80.5,2022-05-01T00:00:00.000Z,80.5,72.5,81.1,81.1,75.3
מאיר,80.5,2022-05-01T00:00:00.000Z,80.5,72.5,81.1,81.1,75.3
מאיר,80.5,2022-05-01T00:00:00.000Z,80.5,72.5,81.1,81.1,75.3
מאיר,80.5,2022-05-01T00:00:00.000Z,80.5,72.5,81.1,81.1,75.3
מאיר,80.5,2022-05-01T00:00:00.000Z,80.5,72.5,81.1,81.1,75.3
מאיר,80.5,2022-05-01T00:00:00.000Z,80.5,72.5,81.1,81.1,75.3
מאיר,80.5,2022-05-01T00:00:00.000Z,80.5,72.5,81.1,81.1,75.3
מאיר,80.5,2022-05-01T00:00:00.000Z,80.5,72.5,81.1,81.1,75.3
מאיר,80.5,2022-05-01T00:00:00.000Z,80.5,72.5,81.1,81.1,75.3
מאיר,80.5,2022-05-01T00:00:00.000Z,80.5,72.5,81.1,81.1,75.3
מאיר,80.5,2022-05-01T00:00:00.000Z,80.5,72.5,81.1,81.1,75.3
מאיר,80.5,2022-05-01T00:00:00.000Z,80.5,72.5,81.1,81.1,75.3
מאיר,80.5,2022-05-01T00:00:00.000Z,80.5,72.5,81.1,81.1,75.3
מאיר,80.5,2022-05-01T00:00:00.000Z,80.5,72.5,81.1,81.1,75.3
מאיר,80.5,2022-05-01T00:00:00.000Z,80.5,72.5,81.1,81.1,75.3
מאיר,80.5,2022-05-01T00:00:00.000Z,80.5,72.5,81.1,81.1,75.3
מאיר,80.5,2022-05-01T00:00:00.000Z,80.5,72.5,81.1,81.1,75.3
מאיר,80.5,2022-05-01T00:00:00.000Z,80.5,72.5,81.1,81.1,75.3
מאיר,80.5,2022-05-01T00:00:00.000Z,80.5,72.5,81.1,81.1,75.3
מאיר,80.5,2022-05-01T00:00:00.000Z,80.5,72.5,81.1,81.1,75.3
מאיר,80.5,2022-05-01T00:00:00.000Z,80.5,72.5,81.1,81.1,75.3
מאיר,80.5,2022-05-01T00:00:00.000Z,80.5,72.5,81.1,81.1,75.3
מאיר,80.5,2022-05-01T00:00:00.000Z,80.5,72.5,81.1,81.1,75.3
מאיר,80.5,2022-05-01T00:00:00.000Z,80.5,72.5,81.1,81.1,75.3
מאיר,80.5,2022-05-01T00:00:00.000Z,80.5,72.5,81.1,81.1,75.3
מאיר,80.5,2022-05-01T00:00:00.000Z,80.5,72.5,81.1,81.1,75.3
מאיר,80.5,2022-05-01T00:00:00.000Z,80.5,72.5,81.1,81.1,75.3
מאיר,80.5,2022-05-01T00:00:00.000Z,80.5,72.5,81.1,81.1,75.3
מאיר,80.5,2022-05-01T00:00:00.000Z,80.5,72.5,81.1,81.1,75.3
מאיר,80.5,2022-05-01T00:00:00.000Z,80.5,72.5,81.1,81.1,75.3
מאיר,80.5,2022-05-01T00:00:00.000Z,80.5,72.5,81.1,81.1,75.3
מאיר,80.5,2022-05-01T00:00:00.000Z,80.5,72.5,81.1,81.1,75.3
מאיר,80.5,2022-05-01T00:00:00.000Z,80.5,72.5,81.1,81.1,75.3
מאיר,80.5,2022-05-01T00:00:00.000Z,80.5,72.5,81.1,81.1,75.3
מאיר,80.5,2022-05-01T00:00:00.000Z,80.5,72.5,81.1,81.1,75.3
מאיר,80.5,2022-05-01T00:00:00.000Z,80.5,72.5,81.1,81.1,75.3
מאיר,80.5,2022-05-01T00:00:00.000Z,80.5,72.5,81.1,81.1,75.3
מאיר,80.5,2022-05-01T00:00:00.000Z,80.5,72.5,81.1,81.1,75.3
מאיר,80.5,2022-05-01T00:00:00.000Z,80.5,72.5,81.1,81.1,75.3
מאיר,80.5,2022-05-01T00:00:00.000Z,80.5,72.5,81.1,81.1,75.3
מאיר,80.5,2022-05-01T00:00:00.000Z,80.5,72.5,81.1,81.1,75.3
מאיר,80.5,2022-05-01T00:00:00.000Z,80.5,72.5,81.1,81.1,75.3
מאיר,80.5,2022-05-01T00:00:00.000Z,80.5,72.5,81.1,81.1,75.3
מאיר,80.5,2022-05-01T00:00:00.000Z,80.5,72.5,81.1,81.1,75.3
מאיר,80.5,2022-05-01T00:00:00.000Z,80.5,72.5,81.1,81.1,75.3
מאיר,80.5,2022-05-01T00:00:00.000Z,80.5,72.5,81.1,81.1,75.3
מאיר,80.5,2022-05-01T00:00:00.000Z,80.5,72.5,81.1,81.1,75.3
מאיר,80.5,2022-05-01T00:00:00.000Z,80.5,72.5,81.1,81.1,75.3
מאיר,80.5,2022-05-01T00:00:00.000Z,80.5,72.5,81.1,81.1,75.3
מאיר,80.5,2022-05-01T00:00:00.000Z,80.5,72.5,81.1,81.1,75.3
מאיר,80.5,2022-05-01T00:00:00.000Z,80.5,72.5,81.1,81.1,75.3
מאיר,80.5,2022-05-01T00:00:00.000Z,80.5,72.5,81.1,81.1,75.3
מאיר,80.5,2022-05-01T00:00:00.000Z,80.5,72.5,81.1,81.1,75.3
מאיר,80.5,2022-05-01T00:00:00.000Z,80.5,72.5,81.1,81.1,75.3
מאיר,80.5,2022-05-01T00:00:00.000Z,80.5,72.5,81.1,81.1,75.3
מאיר,80.5,2022-05-01T00:00:00.000Z,80.5,72.5,81.1,81.1,75.3
מאיר,80.5,2022-05-01T00:00:00.000Z,80.5,72.5,81.1,81.1,75.3
מאיר,80.5,2022-05-01T00:00:00.000Z,80.5,72.5,81.1,81.1,75.3
מאיר,80.5,2022-05-01T00:00:00.000Z,80.5,72.5,81.1,81.1,75.3
מאיר,80.5,2022-05-01T00:00:00.000Z,80.5,72.5,81.1,81.1,75.3
מאיר,80.5,2022-05-01T00:00:00.000Z,80.5,72.5,81.1,81.1,75.3
מאיר,80.5,2022-05-01T00:00:00.000Z,80.5,72.5,81.1,81.1,75.3
מאיר,80.5,2022-05-01T00:00:00.000Z,80.5,72.5,81.1,81.1,75.3
מאיר,80.5,2022-05-01T00:00:00.000Z,80.5,72.5,81.1,81.1,75.3
מאיר,80.5,2022-05-01T00:00:00.000Z,80.5,72.5,81.1,81.1,75.3
מאיר,80.5,2022-05-01T00:00:00.000Z,80.5,72.5,81.1,81.1,75.3
מאיר,80.5,2022-05-01T00:00:00.000Z,80.5,72.5,81.1,81.1,75.3
מאיר,80.5,2022-05-01T00:00:00.000Z,80.5,72.5,81.1,81.1,75.3
מאיר,80.5,2022-05-01T00:00:00.000Z,80.5,72.5,81.1,81.1,75.3
מאיר,80.5,2022-05-01T00:00:00.000Z,80.5,72.5,81.1,81.1,75.3
מאיר,80.5,2022-05-01T00:00:00.000Z,80.5,72.5,81.1,81.1,75.3
מאיר,80.5,2022-05-01T00:00:00.000Z,80.5,72.5,81.1,81.1,75.3
מאיר,80.5,2022-05-01T00:00:00.000Z,80.5,72.5,81.1,81.1,75.3
מאיר,80.5,2022-05-01T00:00:00.000Z,80.5,72.5,81.1,81.1,75.3
מאיר,80.5,2022-05-01T00:00:00.000Z,80.5,72.5,81.1,81.1,75.3
מאיר,80.5,2022-05-01T00:00:00.000Z,80.5,72.5,81.1,81.1,75.3
מאיר,80.5,2022-05-01T00:00:00.000Z,80.5,72.5,81.1,81.1,75.3
מאיר,80.5,2022-05-01T00:00:00.000Z,80.5,72.5,81.1,81.1,75.3
מאיר,80.5,2022-05-01T00:00:00.000Z,80.5,72.5,81.1,81.1,75.3
מאיר,80.5,2022-05-01T00:00:00.000Z,80.5,72.5,81.1,81.1,75.3
מאיר,80.5,2022-05-01T00:00:00.000Z,80.5,72.5,81.1,81.1,75.3
מאיר,80.5,2022-05-01T00:00:00.000Z,80.5,72.5,81.1,81.1,75.3
מאיר,80.5,2022-05-01T00:00:00.000Z,80.5,72.5,81.1,81.1,75.3
מאיר,80.5,2022-05-01T00:00:00.000Z,80.5,72.5,81.1,81.1,75.3
הדסה עין כרם,120.4,2022-05-01T00:00:00.000Z,123.3,112.6,88.5,83.2,86
הדסה עין כרם,120.4,2022-05-01T00:00:00.000Z,122.9,113.9,88.5,84,86.4
הדסה עין כרם,120.4,2022-05-01T00:00:00.000Z,122.5,115.1,88.5,84.7,86.8
הדסה עין כרם,120.4,2022-05-01T00:00:00.000Z,122.1,116.4,88.5,85.5,87.3
הדסה עין כרם,120.4,2022-05-01T00:00:00.000Z,121.6,117.6,88.5,86.2,87.7
הדסה עין כרם,120.4,2022-05-01T00:00:00.000Z,121.2,118.9,88.5,87,88.2
הדסה עין כרם,120.4,2022-05-01T00:00:00.000Z,120.8,120.1,88.5,87.7,88.6
הדסה עין כרם,120.4,2022-05-01T00:00:00.000Z,120.4,121.4,88.5,88.5,89
הדסה עין כרם,120.4,2022-05-01T00:00:00.000Z,120.4,121.4,88.5,88.5,89
הדסה עין כרם,120.4,2022-05-01T00:00:00.000Z,120.4,121.4,88.5,88.5,89
הדסה עין כרם,120.4,2022-05-01T00:00:00.000Z,120.4,121.4,88.5,88.5,89
הדסה עין כרם,120.4,2022-05-01T00:00:00.000Z,120.4,121.4,88.5,88.5,89
הדסה עין כרם,120.4,2022-05-01T00:00:00.000Z,120.4,121.4,88.5,88.5,89
הדסה עין כרם,120.4,2022-05-01T00:00:00.000Z,120.4,121.4,88.5,88.5,89
הדסה עין כרם,120.4,2022-05-01T00:00:00.000Z,120.4,121.4,88.5,88.5,89
הדסה עין כרם,120.4,2022-05-01T00:00:00.000Z,120.4,121.4,88.5,88.5,89
הדסה עין כרם,120.4,2022-05-01T00:00:00.000Z,120.4,121.4,88.5,88.5,89
הדסה עין כרם,120.4,2022-05-01T00:00:00.000Z,120.4,121.4,88.5,88.5,89
הדסה עין כרם,120.4,2022-05-01T00:00:00.000Z,120.4,121.4,88.5,88.5,89
הדסה עין כרם,120.4,2022-05-01T00:00:00.000Z,120.4,121.4,88.5,88.5,89
הדסה עין כרם,120.4,2022-05-01T00:00:00.000Z,120.4,121.4,88.5,88.5,89
הדסה עין כרם,120.4,2022-05-01T00:00:00.000Z,120.4,121.4,88.5,88.5,89
הדסה עין כרם,120.4,2022-05-01T00:00:00.000Z,120.4,121.4,88.5,88.5,89
הדסה עין כרם,120.4,2022-05-01T00:00:00.000Z,120.4,121.4,88.5,88.5,89
הדסה עין כרם,120.4,2022-05-01T00:00:00.000Z,120.4,121.4,88.5,88.5,89
הדסה עין כרם,120.4,2022-05-01T00:00:00.000Z,120.4,121.4,88.5,88.5,89
הדסה עין כרם,120.4,2022-05-01T00:00:00.000Z,120.4,121.4,88.5,88.5,89
הדסה עין כרם,120.4,2022-05-01T00:00:00.000Z,120.4,121.4,88.5,88.5,89
הדסה עין כרם,120.4,2022-05-01T00:00:00.000Z,120.4,121.4,88.5,88.5,89
הדסה עין כרם,120.4,2022-05-01T00:00:00.000Z,120.4,121.4,88.5,88.5,89
הדסה עין כרם,120.4,2022-05-01T00:00:00.000Z,120.4,121.4,88.5,88.5,89
הדסה עין כרם,120.4,2022-05-01T00:00:00.000Z,120.4,121.4,88.5,88.5,89
הדסה עין כרם,120.4,2022-05-01T00:00:00.000Z,120.4,121.4,88.5,88.5,89
הדסה עין כרם,120.4,2022-05-01T00:00:00.000Z,120.4,121.4,88.5,88.5,89
הדסה עין כרם,120.4,2022-05-01T00:00:00.000Z,120.4,121.4,88.5,88.5,89
הדסה עין כרם,120.4,2022-05-01T00:00:00.000Z,120.4,121.4,88.5,88.5,89
הדסה עין כרם,120.4,2022-05-01T00:00:00.000Z,120.4,121.4,88.5,88.5,89
הדסה עין כרם,120.4,2022-05-01T00:00:00.000Z,120.4,121.4,88.5,88.5,89
הדסה עין כרם,120.4,2022-05-01T00:00:00.000Z,120.4,121.4,88.5,88.5,89
הדסה עין כרם,120.4,2022-05-01T00:00:00.000Z,120.4,121.4,88.5,88.5,89
הדסה עין כרם,120.4,2022-05-01T00:00:00.000Z,120.4,121.4,88.5,88.5,89
הדסה עין כרם,120.4,2022-05-01T00:00:00.000Z,120.4,121.4,88.5,88.5,89
הדסה עין כרם,120.4,2022-05-01T00:00:00.000Z,120.4,121.4,88.5,88.5,89
הדסה עין כרם,120.4,2022-05-01T00:00:00.000Z,120.4,121.4,88.5,88.5,89
הדסה עין כרם,120.4,2022-05-01T00:00:00.000Z,120.4,121.4,88.5,88.5,89
הדסה עין כרם,120.4,2022-05-01T00:00:00.000Z,120.4,121.4,88.5,88.5,89
הדסה עין כרם,120.4,2022-05-01T00:00:00.000Z,120.4,121.4,88.5,88.5,89
הדסה עין כרם,120.4,2022-05-01T00:00:00.000Z,120.4,121.4,88.5,88.5,89
הדסה עין כרם,120.4,2022-05-01T00:00:00.000Z,120.4,121.4,88.5,88.5,89
הדסה עין כרם,120.4,2022-05-01T00:00:00.000Z,120.4,121.4,88.5,88.5,89
הדסה עין כרם,120.4,2022-05-01T00:00:00.000Z,120.4,121.4,88.5,88.5,89
הדסה עין כרם,120.4,2022-05-01T00:00:00.000Z,120.4,121.4,88.5,88.5,89
הדסה עין כרם,120.4,2022-05-01T00:00:00.000Z,120.4,121.4,88.5,88.5,89
הדסה עין כרם,120.4,2022-05-01T00:00:00.000Z,120.4,121.4,88.5,88.5,89
הדסה עין כרם,120.4,2022-05-01T00:00:00.000Z,120.4,121.4,88.5,88.5,89
הדסה עין כרם,120.4,2022-05-01T00:00:00.000Z,120.4,121.4,88.5,88.5,89
הדסה עין כרם,120.4,2022-05-01T00:00:00.000Z,120.4,121.4,88.5,88.5,89
הדסה עין כרם,120.4,2022-05-01T00:00:00.000Z,120.4,121.4,88.5,88.5,89
הדסה עין כרם,120.4,2022-05-01T00:00:00.000Z,120.4,121.4,88.5,88.5,89
הדסה עין כרם,120.4,2022-05-01T00:00:00.000Z,120.4,121.4,88.5,88.5,89
הדסה עין כרם,120.4,2022-05-01T00:00:00.000Z,120.4,121.4,88.5,88.5,89
הדסה עין כרם,120.4,2022-05-01T00:00:00.000Z,120.4,121.4,88.5,88.5,89
הדסה עין כרם,120.4,2022-05-01T00:00:00.000Z,120.4,121.4,88.5,88.5,89
הדסה עין כרם,120.4,2022-05-01T00:00:00.000Z,120.4,121.4,88.5,88.5,89
הדסה עין כרם,120.4,2022-05-01T00:00:00.000Z,120.4,121.4,88.5,88.5,89
הדסה עין כרם,120.4,2022-05-01T00:00:00.000Z,120.4,121.4,88.5,88.5,89
הדסה עין כרם,120.4,2022-05-01T00:00:00.000Z,120.4,121.4,88.5,88.5,89
הדסה עין כרם,120.4,2022-05-01T00:00:00.000Z,120.4,121.4,88.5,88.5,89
הדסה עין כרם,120.4,2022-05-01T00:00:00.000Z,120.4,121.4,88.5,88.5,89
הדסה עין כרם,120.4,2022-05-01T00:00:00.000Z,120.4,121.4,88.5,88.5,89
הדסה עין כרם,120.4,2022-05-01T00:00:00.000Z,120.4,121.4,88.5,88.5,89
הדסה עין כרם,120.4,2022-05-01T00:00:00.000Z,120.4,121.4,88.5,88.5,89
הדסה עין כרם,120.4,2022-05-01T00:00:00.000Z,120.4,121.4,88.5,88.5,89
הדסה עין כרם,120.4,2022-05-01T00:00:00.000Z,120.4,121.4,88.5,88.5,89
הדסה עין כרם,120.4,2022-05-01T00:00:00.000Z,120.4,121.4,88.5,88.5,89
הדסה עין כרם,120.4,2022-05-01T00:00:00.000Z,120.4,121.4,88.5,88.5,89
הדסה עין כרם,120.4,2022-05-01T00:00:00.000Z,120.4,121.4,88.5,88.5,89
הדסה עין כרם,120.4,2022-05-01T00:00:00.000Z,120.4,121.4,88.5,88.5,89
הדסה עין כרם,120.4,2022-05-01T00:00:00.000Z,120.4,121.4,88.5,88.5,89
הדסה עין כרם,120.4,2022-05-01T00:00:00.000Z,120.4,121.4,88.5,88.5,89
הדסה עין כרם,120.4,2022-05-01T00:00:00.000Z,120.4,121.4,88.5,88.5,89
הדסה עין כרם,120.4,2022-05-01T00:00:00.000Z,120.4,121.4,88.5,88.5,89
הדסה עין כרם,120.4,2022-05-01T00:00:00.000Z,120.4,121.4,88.5,88.5,89
הדסה עין כרם,120.4,2022-05-01T00:00:00.000Z,120.4,121.4,88.5,88.5,89
הדסה עין כרם,120.4,2022-05-01T00:00:00.000Z,120.4,121.4,88.5,88.5,89
הדסה עין כרם,120.4,2022-05-01T00:00:00.000Z,120.4,121.4,88.5,88.5,89
הדסה עין כרם,120.4,2022-05-01T00:00:00.000Z,120.4,121.4,88.5,88.5,89
הדסה עין כרם,120.4,2022-05-01T00:00:00.000Z,120.4,121.4,88.5,88.5,89
הדסה עין כרם,120.4,2022-05-01T00:00:00.000Z,120.4,121.4,88.5,88.5,89
הדסה עין כרם,120.4,2022-05-01T00:00:00.000Z,120.4,121.4,88.5,88.5,89
הדסה עין כרם,120.4,2022-05-01T00:00:00.000Z,120.4,121.4,88.5,88.5,89
הדסה עין כרם,120.4,2022-05-01T00:00:00.000Z,120.4,121.4,88.5,88.5,89
הדסה עין כרם,120.4,2022-05-01T00:00:00.000Z,120.4,121.4,88.5,88.5,89
הדסה עין כרם,120.4,2022-05-01T00:00:00.000Z,120.4,121.4,88.5,88.5,89
הדסה עין כרם,120.4,2022-05-01T00:00:00.000Z,120.4,121.4,88.5,88.5,89
הדסה עין כרם,120.4,2022-05-01T00:00:00.000Z,120.4,121.4,88.5,88.5,89
הדסה עין כרם,120.4,2022-05-01T00:00:00.000Z,120.4,121.4,88.5,88.5,89
הדסה עין כרם,120.4,2022-05-01T00:00:00.000Z,120.4,121.4,88.5,88.5,89
הדסה עין כרם,120.4,2022-05-01T00:00:00.000Z,120.4,121.4,88.5,88.5,89
הדסה עין כרם,120.4,2022-05-01T00:00:00.000Z,120.4,121.4,88.5,88.5,89
הדסה עין כרם,120.4,2022-05-01T00:00:00.000Z,120.4,121.4,88.5,88.5,89
הדסה עין כרם,120.4,2022-05-01T00:00:00.000Z,120.4,121.4,88.5,88.5,89
הדסה עין כרם,120.4,2022-05-01T00:00:00.000Z,120.4,121.4,88.5,88.5,89
הדסה עין כרם,120.4,2022-05-01T00:00:00.000Z,120.4,121.4,88.5,88.5,89
הדסה עין כרם,120.4,2022-05-01T00:00:00.000Z,120.4,121.4,88.5,88.5,89
הדסה עין כרם,120.4,2022-05-01T00:00:00.000Z,120.4,121.4,88.5,88.5,89
הדסה עין כרם,120.4,2022-05-01T00:00:00.000Z,120.4,121.4,88.5,88.5,89
הדסה עין כרם,120.4,2022-05-01T00:00:00.000Z,120.4,121.4,88.5,88.5,89
הדסה עין כרם,120.4,2022-05-01T00:00:00.000Z,120.4,121.4,88.5,88.5,89
הדסה עין כרם,120.4,2022-05-01T00:00:00.000Z,120.4,121.4,88.5,88.5,89
הדסה עין כרם,120.4,2022-05-01T00:00:00.000Z,120.4,121.4,88.5,88.5,89
הדסה עין כרם,120.4,2022-05-01T00:00:00.000Z,120.4,121.4,88.5,88.5,89
הדסה עין כרם,120.4,2022-05-01T00:00:00.000Z,120.4,121.4,88.5,88.5,89
סורוקה,61.2,2022-05-01T00:00:00.000Z,65.1,62.4,72.2,68.4,67.2
סורוקה,61.2,2022-05-01T00:00:00.000Z,64.6,63.3,72.2,68.9,68.3
סורוקה,61.2,2022-05-01T00:00:00.000Z,64,64.2,72.2,69.5,69.4
סורוקה,61.2,2022-05-01T00:00:00.000Z,63.5,65.1,72.2,70,70.4
סורוקה,61.2,2022-05-01T00:00:00.000Z,62.9,65.9,72.2,70.6,71.5
סורוקה,61.2,2022-05-01T00:00:00.000Z,62.3,66.8,72.2,71.1,72.5
סורוקה,61.2,2022-05-01T00:00:00.000Z,61.8,67.7,72.2,71.7,73.6
סורוקה,61.2,2022-05-01T00:00:00.000Z,61.2,68.6,72.2,72.2,74.6
סורוקה,61.2,2022-05-01T00:00:00.000Z,61.2,68.6,72.2,72.2,74.6
סורוקה,61.2,2022-05-01T00:00:00.000Z,61.2,68.6,72.2,72.2,74.6
סורוקה,61.2,2022-05-01T00:00:00.000Z,61.2,68.6,72.2,72.2,74.6
סורוקה,61.2,2022-05-01T00:00:00.000Z,61.2,68.6,72.2,72.2,74.6
סורוקה,61.2,2022-05-01T00:00:00.000Z,61.2,68.6,72.2,72.2,74.6
סורוקה,61.2,2022-05-01T00:00:00.000Z,61.2,68.6,72.2,72.2,74.6
סורוקה,61.2,2022-05-01T00:00:00.000Z,61.2,68.6,72.2,72.2,74.6
סורוקה,61.2,2022-05-01T00:00:00.000Z,61.2,68.6,72.2,72.2,74.6
סורוקה,61.2,2022-05-01T00:00:00.000Z,61.2,68.6,72.2,72.2,74.6
סורוקה,61.2,2022-05-01T00:00:00.000Z,61.2,68.6,72.2,72.2,74.6
סורוקה,61.2,2022-05-01T00:00:00.000Z,61.2,68.6,72.2,72.2,74.6
סורוקה,61.2,2022-05-01T00:00:00.000Z,61.2,68.6,72.2,72.2,74.6
סורוקה,61.2,2022-05-01T00:00:00.000Z,61.2,68.6,72.2,72.2,74.6
סורוקה,61.2,2022-05-01T00:00:00.000Z,61.2,68.6,72.2,72.2,74.6
סורוקה,61.2,2022-05-01T00:00:00.000Z,61.2,68.6,72.2,72.2,74.6
סורוקה,61.2,2022-05-01T00:00:00.000Z,61.2,68.6,72.2,72.2,74.6
סורוקה,61.2,2022-05-01T00:00:00.000Z,61.2,68.6,72.2,72.2,74.6
סורוקה,61.2,2022-05-01T00:00:00.000Z,61.2,68.6,72.2,72.2,74.6
סורוקה,61.2,2022-05-01T00:00:00.000Z,61.2,68.6,72.2,72.2,74.6
סורוקה,61.2,2022-05-01T00:00:00.000Z,61.2,68.6,72.2,72.2,74.6
סורוקה,61.2,2022-05-01T00:00:00.000Z,61.2,68.6,72.2,72.2,74.6
סורוקה,61.2,2022-05-01T00:00:00.000Z,61.2,68.6,72.2,72.2,74.6
סורוקה,61.2,2022-05-01T00:00:00.000Z,61.2,68.6,72.2,72.2,74.6
סורוקה,61.2,2022-05-01T00:00:00.000Z,61.2,68.6,72.2,72.2,74.6
סורוקה,61.2,2022-05-01T00:00:00.000Z,61.2,68.6,72.2,72.2,74.6
סורוקה,61.2,2022-05-01T00:00:00.000Z,61.2,68.6,72.2,72.2,74.6
סורוקה,61.2,2022-05-01T00:00:00.000Z,61.2,68.6,72.2,72.2,74.6
סורוקה,61.2,2022-05-01T00:00:00.000Z,61.2,68.6,72.2,72.2,74.6
סורוקה,61.2,2022-05-01T00:00:00.000Z,61.2,68.6,72.2,72.2,74.6
סורוקה,61.2,2022-05-01T00:00:00.000Z,61.2,68.6,72.2,72.2,74.6
סורוקה,61.2,2022-05-01T00:00:00.000Z,61.2,68.6,72.2,72.2,74.6
סורוקה,61.2,2022-05-01T00:00:00.000Z,61.2,68.6,72.2,72.2,74.6
סורוקה,61.2,2022-05-01T00:00:00.000Z,61.2,68.6,72.2,72.2,74.6
סורוקה,61.2,2022-05-01T00:00:00.000Z,61.2,68.6,72.2,72.2,74.6
סורוקה,61.2,2022-05-01T00:00:00.000Z,61.2,68.6,72.2,72.2,74.6
סורוקה,61.2,2022-05-01T00:00:00.000Z,61.2,68.6,72.2,72.2,74.6
סורוקה,61.2,2022-05-01T00:00:00.000Z,61.2,68.6,72.2,72.2,74.6
סורוקה,61.2,2022-05-01T00:00:00.000Z,61.2,68.6,72.2,72.2,74.6
סורוקה,61.2,2022-05-01T00:00:00.000Z,61.2,68.6,72.2,72.2,74.6
סורוקה,61.2,2022-05-01T00:00:00.000Z,61.2,68.6,72.2,72.2,74.6
סורוקה,61.2,2022-05-01T00:00:00.000Z,61.2,68.6,72.2,72.2,74.6
סורוקה,61.2,2022-05-01T00:00:00.000Z,61.2,68.6,72.2,72.2,74.6
סורוקה,61.2,2022-05-01T00:00:00.000Z,61.2,68.6,72.2,72.2,74.6
סורוקה,61.2,2022-05-01T00:00:00.000Z,61.2,68.6,72.2,72.2,74.6
סורוקה,61.2,2022-05-01T00:00:00.000Z,61.2,68.6,72.2,72.2,74.6
סורוקה,61.2,2022-05-01T00:00:00.000Z,61.2,68.6,72.2,72.2,74.6
סורוקה,61.2,2022-05-01T00:00:00.000Z,61.2,68.6,72.2,72.2,74.6
סורוקה,61.2,2022-05-01T00:00:00.000Z,61.2,68.6,72.2,72.2,74.6
סורוקה,61.2,2022-05-01T00:00:00.000Z,61.2,68.6,72.2,72.2,74.6
סורוקה,61.2,2022-05-01T00:00:00.000Z,61.2,68.6,72.2,72.2,74.6
סורוקה,61.2,2022-05-01T00:00:00.000Z,61.2,68.6,72.2,72.2,74.6
סורוקה,61.2,2022-05-01T00:00:00.000Z,61.2,68.6,72.2,72.2,74.6
סורוקה,61.2,2022-05-01T00:00:00.000Z,61.2,68.6,72.2,72.2,74.6
סורוקה,61.2,2022-05-01T00:00:00.000Z,61.2,68.6,72.2,72.2,74.6
סורוקה,61.2,2022-05-01T00:00:00.000Z,61.2,68.6,72.2,72.2,74.6
סורוקה,61.2,2022-05-01T00:00:00.000Z,61.2,68.6,72.2,72.2,74.6
סורוקה,61.2,2022-05-01T00:00:00.000Z,61.2,68.6,72.2,72.2,74.6
סורוקה,61.2,2022-05-01T00:00:00.000Z,61.2,68.6,72.2,72.2,74.6
סורוקה,61.2,2022-05-01T00:00:00.000Z,61.2,68.6,72.2,72.2,74.6
סורוקה,61.2,2022-05-01T00:00:00.000Z,61.2,68.6,72.2,72.2,74.6
סורוקה,61.2,2022-05-01T00:00:00.000Z,61.2,68.6,72.2,72.2,74.6
סורוקה,61.2,2022-05-01T00:00:00.000Z,61.2,68.6,72.2,72.2,74.6
סורוקה,61.2,2022-05-01T00:00:00.000Z,61.2,68.6,72.2,72.2,74.6
סורוקה,61.2,2022-05-01T00:00:00.000Z,61.2,68.6,72.2,72.2,74.6
סורוקה,61.2,2022-05-01T00:00:00.000Z,61.2,68.6,72.2,72.2,74.6
סורוקה,61.2,2022-05-01T00:00:00.000Z,61.2,68.6,72.2,72.2,74.6
סורוקה,61.2,2022-05-01T00:00:00.000Z,61.2,68.6,72.2,72.2,74.6
סורוקה,61.2,2022-05-01T00:00:00.000Z,61.2,68.6,72.2,72.2,74.6
סורוקה,61.2,2022-05-01T00:00:00.000Z,61.2,68.6,72.2,72.2,74.6
סורוקה,61.2,2022-05-01T00:00:00.000Z,61.2,68.6,72.2,72.2,74.6
סורוקה,61.2,2022-05-01T00:00:00.000Z,61.2,68.6,72.2,72.2,74.6
סורוקה,61.2,2022-05-01T00:00:00.000Z,61.2,68.6,72.2,72.2,74.6
סורוקה,61.2,2022-05-01T00:00:00.000Z,61.2,68.6,72.2,72.2,74.6
סורוקה,61.2,2022-05-01T00:00:00.000Z,61.2,68.6,72.2,72.2,74.6
סורוקה,61.2,2022-05-01T00:00:00.000Z,61.2,68.6,72.2,72.2,74.6
סורוקה,61.2,2022-05-01T00:00:00.000Z,61.2,68.6,72.2,72.2,74.6
סורוקה,61.2,2022-05-01T00:00:00.000Z,61.2,68.6,72.2,72.2,74.6
סורוקה,61.2,2022-05-01T00:00:00.000Z,61.2,68.6,72.2,72.2,74.6
סורוקה,61.2,2022-05-01T00:00:00.000Z,61.2,68.6,72.2,72.2,74.6
סורוקה,61.2,2022-05-01T00:00:00.000Z,61.2,68.6,72.2,72.2,74.6
סורוקה,61.2,2022-05-01T00:00:00.000Z,61.2,68.6,72.2,72.2,74.6
סורוקה,61.2,2022-05-01T00:00:00.000Z,61.2,68.6,72.2,72.2,74.6
סורוקה,61.2,2022-05-01T00:00:00.000Z,61.2,68.6,72.2,72.2,74.6
סורוקה,61.2,2022-05-01T00:00:00.000Z,61.2,68.6,72.2,72.2,74.6
סורוקה,61.2,2022-05-01T00:00:00.000Z,61.2,68.6,72.2,72.2,74.6
סורוקה,61.2,2022-05-01T00:00:00.000Z,61.2,68.6,72.2,72.2,74.6
סורוקה,61.2,2022-05-01T00:00:00.000Z,61.2,68.6,72.2,72.2,74.6
סורוקה,61.2,2022-05-01T00:00:00.000Z,61.2,68.6,72.2,72.2,74.6
סורוקה,61.2,2022-05-01T00:00:00.000Z,61.2,68.6,72.2,72.2,74.6
סורוקה,61.2,2022-05-01T00:00:00.000Z,61.2,68.6,72.2,72.2,74.6
סורוקה,61.2,2022-05-01T00:00:00.000Z,61.2,68.6,72.2,72.2,74.6
סורוקה,61.2,2022-05-01T00:00:00.000Z,61.2,68.6,72.2,72.2,74.6
סורוקה,61.2,2022-05-01T00:00:00.000Z,61.2,68.6,72.2,72.2,74.6
סורוקה,61.2,2022-05-01T00:00:00.000Z,61.2,68.6,72.2,72.2,74.6
סורוקה,61.2,2022-05-01T00:00:00.000Z,61.2,68.6,72.2,72.2,74.6
סורוקה,61.2,2022-05-01T00:00:00.000Z,61.2,68.6,72.2,72.2,74.6
סורוקה,61.2,2022-05-01T00:00:00.000Z,61.2,68.6,72.2,72.2,74.6
סורוקה,61.2,2022-05-01T00:00:00.000Z,61.2,68.6,72.2,72.2,74.6
סורוקה,61.2,2022-05-01T00:00:00.000Z,61.2,68.6,72.2,72.2,74.6
סורוקה,61.2,2022-05-01T00:00:00.000Z,61.2,68.6,72.2,72.2,74.6
סורוקה,61.2,2022-05-01T00:00:00.000Z,61.2,68.6,72.2,72.2,74.6
סורוקה,61.2,2022-05-01T00:00:00.000Z,61.2,68.6,72.2,72.2,74.6
סורוקה,61.2,2022-05-01T00:00:00.000Z,61.2,68.6,72.2,72.2,74.6
סורוקה,61.2,2022-05-01T00:00:00.000Z,61.2,68.6,72.2,72.2,74.6
סורוקה,61.2,2022-05-01T00:00:00.000Z,61.2,68.6,72.2,72.2,74.6
סורוקה,61.2,2022-05-01T00:00:00.000Z,61.2,68.6,72.2,72.2,74.6
סורוקה,61.2,2022-05-01T00:00:00.000Z,61.2,68.6,72.2,72.2,74.6
סורוקה,61.2,2022-05-01T00:00:00.000Z,61.2,68.6,72.2,72.2,74.6
סורוקה,61.2,2022-05-01T00:00:00.000Z,61.2,68.6,72.2,72.2,74.6
סורוקה,61.2,2022-05-01T00:00:00.000Z,61.2,68.6,72.2,72.2,74.6
סורוקה,61.2,2022-05-01T00:00:00.000Z,61.2,68.6,72.2,72.2,74.6
סורוקה,61.2,2022-05-01T00:00:00.000Z,61.2,68.6,72.2,72.2,74.6
סורוקה,61.2,2022-05-01T00:00:00.000Z,61.2,68.6,72.2,72.2,74.6
סורוקה,61.2,2022-05-01T00:00:00.000Z,61.2,68.6,72.2,72.2,74.6
סורוקה,61.2,2022-05-01T00:00:00.000Z,61.2,68.6,72.2,72.2,74.6
סורוקה,61.2,2022-05-01T00:00:00.000Z,61.2,68.6,72.2,72.2,74.6
סורוקה,61.2,2022-05-01T00:00:00.000Z,61.2,68.6,72.2,72.2,74.6
סורוקה,61.2,2022-05-01T00:00:00.000Z,61.2,68.6,72.2,72.2,74.6
סורוקה,61.2,2022-05-01T00:00:00.000Z,61.2,68.6,72.2,72.2,74.6
סורוקה,61.2,2022-05-01T00:00:00.000Z,61.2,68.6,72.2,72.2,74.6
סורוקה,61.2,2022-05-01T00:00:00.000Z,61.2,68.6,72.2,72.2,74.6
סורוקה,61.2,2022-05-01T00:00:00.000Z,61.2,68.6,72.2,72.2,74.6
סורוקה,61.2,2022-05-01T00:00:00.000Z,61.2,68.6,72.2,72.2,74.6
סורוקה,61.2,2022-05-01T00:00:00.000Z,61.2,68.6,72.2,72.2,74.6
סורוקה,61.2,2022-05-01T00:00:00.000Z,61.2,68.6,72.2,72.2,74.6
סורוקה,61.2,2022-05-01T00:00:00.000Z,61.2,68.6,72.2,72.2,74.6
סורוקה,61.2,2022-05-01T00:00:00.000Z,61.2,68.6,72.2,72.2,74.6
סורוקה,61.2,2022-05-01T00:00:00.000Z,61.2,68.6,72.2,72.2,74.6
סורוקה,61.2,2022-05-01T00:00:00.000Z,61.2,68.6,72.2,72.2,74.6
סורוקה,61.2,2022-05-01T00:00:00.000Z,61.2,68.6,72.2,72.2,74.6
סורוקה,61.2,2022-05-01T00:00:00.000Z,61.2,68.6,72.2,72.2,74.6
סורוקה,61.2,2022-05-01T00:00:00.000Z,61.2,68.6,72.2,72.2,74.6
סורוקה,61.2,2022-05-01T00:00:00.000Z,61.2,68.6,72.2,72.2,74.6
סורוקה,61.2,2022-05-01T00:00:00.000Z,61.2,68.6,72.2,72.2,74.6
סורוקה,61.2,2022-05-01T00:00:00.000Z,61.2,68.6,72.2,72.2,74.6
סורוקה,61.2,2022-05-01T00:00:00.000Z,61.2,68.6,72.2,72.2,74.6
הדסה עין כרם,120.4,2022-05-01T00:00:00.000Z,120.4,121.4,88.5,88.5,89
הדסה עין כרם,120.4,2022-05-01T00:00:00.000Z,120.4,121.4,88.5,88.5,89
הדסה עין כרם,120.4,2022-05-01T00:00:00.000Z,120.4,121.4,88.5,88.5,89
הדסה עין כרם,120.4,2022-05-01T00:00:00.000Z,120.4,121.4,88.5,88.5,89
הדסה עין כרם,120.4,2022-05-01T00:00:00.000Z,120.4,121.4,88.5,88.5,89
הדסה עין כרם,120.4,2022-05-01T00:00:00.000Z,120.4,121.4,88.5,88.5,89
הדסה עין כרם,120.4,2022-05-01T00:00:00.000Z,120.4,121.4,88.5,88.5,89
הדסה עין כרם,120.4,2022-05-01T00:00:00.000Z,120.4,121.4,88.5,88.5,89
הדסה עין כרם,120.4,2022-05-01T00:00:00.000Z,120.4,121.4,88.5,88.5,89
הדסה עין כרם,120.4,2022-05-01T00:00:00.000Z,120.4,121.4,88.5,88.5,89
הדסה עין כרם,120.4,2022-05-01T00:00:00.000Z,120.4,121.4,88.5,88.5,89
הדסה עין כרם,120.4,2022-05-01T00:00:00.000Z,120.4,121.4,88.5,88.5,89
הדסה עין כרם,120.4,2022-05-01T00:00:00.000Z,120.4,121.4,88.5,88.5,89
הדסה עין כרם,120.4,2022-05-01T00:00:00.000Z,120.4,121.4,88.5,88.5,89
הדסה עין כרם,120.4,2022-05-01T00:00:00.000Z,120.4,121.4,88.5,88.5,89
הדסה עין כרם,120.4,2022-05-01T00:00:00.000Z,120.4,121.4,88.5,88.5,89
הדסה עין כרם,120.4,2022-05-01T00:00:00.000Z,120.4,121.4,88.5,88.5,89
הדסה עין כרם,120.4,2022-05-01T00:00:00.000Z,120.4,121.4,88.5,88.5,89
הדסה עין כרם,120.4,2022-05-01T00:00:00.000Z,120.4,121.4,88.5,88.5,89
הדסה עין כרם,120.4,2022-05-01T00:00:00.000Z,120.4,121.4,88.5,88.5,89
הדסה עין כרם,120.4,2022-05-01T00:00:00.000Z,120.4,121.4,88.5,88.5,89
הדסה עין כרם,120.4,2022-05-01T00:00:00.000Z,120.4,121.4,88.5,88.5,89
הדסה עין כרם,120.4,2022-05-01T00:00:00.000Z,120.4,121.4,88.5,88.5,89
הדסה עין כרם,120.4,2022-05-01T00:00:00.000Z,120.4,121.4,88.5,88.5,89
הדסה עין כרם,120.4,2022-05-01T00:00:00.000Z,120.4,121.4,88.5,88.5,89
הדסה עין כרם,120.4,2022-05-01T00:00:00.000Z,120.4,121.4,88.5,88.5,89
הדסה עין כרם,120.4,2022-05-01T00:00:00.000Z,120.4,121.4,88.5,88.5,89
הדסה עין כרם,120.4,2022-05-01T00:00:00.000Z,120.4,121.4,88.5,88.5,89
הדסה עין כרם,120.4,2022-05-01T00:00:00.000Z,120.4,121.4,88.5,88.5,89
הדסה עין כרם,120.4,2022-05-01T00:00:00.000Z,120.4,121.4,88.5,88.5,89
הדסה עין כרם,120.4,2022-05-01T00:00:00.000Z,120.4,121.4,88.5,88.5,89
אסותא אשדוד,130.5,2022-05-01T00:00:00.000Z,108.5,159.3,129.7,99.7,125.3
אסותא אשדוד,130.5,2022-05-01T00:00:00.000Z,111.6,157.1,129.7,103.9,123.8
אסותא אשדוד,130.5,2022-05-01T00:00:00.000Z,114.8,155,129.7,108.2,122.4
אסותא אשדוד,130.5,2022-05-01T00:00:00.000Z,117.9,152.8,129.7,112.5,121
אסותא אשדוד,130.5,2022-05-01T00:00:00.000Z,121.1,150.6,129.7,116.8,119.6
אסותא אשדוד,130.5,2022-05-01T00:00:00.000Z,124.2,148.4,129.7,121.1,118.2
אסותא אשדוד,130.5,2022-05-01T00:00:00.000Z,127.4,146.2,129.7,125.4,116.8
אסותא אשדוד,130.5,2022-05-01T00:00:00.000Z,130.5,144.1,129.7,129.7,115.4
אסותא אשדוד,130.5,2022-05-01T00:00:00.000Z,130.5,144.1,129.7,129.7,115.4
אסותא אשדוד,130.5,2022-05-01T00:00:00.000Z,130.5,144.1,129.7,129.7,115.4
אסותא אשדוד,130.5,2022-05-01T00:00:00.000Z,130.5,144.1,129.7,129.7,115.4
אסותא אשדוד,130.5,2022-05-01T00:00:00.000Z,130.5,144.1,129.7,129.7,115.4
אסותא אשדוד,130.5,2022-05-01T00:00:00.000Z,130.5,144.1,129.7,129.7,115.4
אסותא אשדוד,130.5,2022-05-01T00:00:00.000Z,130.5,144.1,129.7,129.7,115.4
אסותא אשדוד,130.5,2022-05-01T00:00:00.000Z,130.5,144.1,129.7,129.7,115.4
אסותא אשדוד,130.5,2022-05-01T00:00:00.000Z,130.5,144.1,129.7,129.7,115.4
אסותא אשדוד,130.5,2022-05-01T00:00:00.000Z,130.5,144.1,129.7,129.7,115.4
אסותא אשדוד,130.5,2022-05-01T00:00:00.000Z,130.5,144.1,129.7,129.7,115.4
אסותא אשדוד,130.5,2022-05-01T00:00:00.000Z,130.5,144.1,129.7,129.7,115.4
אסותא אשדוד,130.5,2022-05-01T00:00:00.000Z,130.5,144.1,129.7,129.7,115.4
אסותא אשדוד,130.5,2022-05-01T00:00:00.000Z,130.5,144.1,129.7,129.7,115.4
אסותא אשדוד,130.5,2022-05-01T00:00:00.000Z,130.5,144.1,129.7,129.7,115.4
אסותא אשדוד,130.5,2022-05-01T00:00:00.000Z,130.5,144.1,129.7,129.7,115.4
אסותא אשדוד,130.5,2022-05-01T00:00:00.000Z,130.5,144.1,129.7,129.7,115.4
אסותא אשדוד,130.5,2022-05-01T00:00:00.000Z,130.5,144.1,129.7,129.7,115.4
אסותא אשדוד,130.5,2022-05-01T00:00:00.000Z,130.5,144.1,129.7,129.7,115.4
אסותא אשדוד,130.5,2022-05-01T00:00:00.000Z,130.5,144.1,129.7,129.7,115.4
אסותא אשדוד,130.5,2022-05-01T00:00:00.000Z,130.5,144.1,129.7,129.7,115.4
אסותא אשדוד,130.5,2022-05-01T00:00:00.000Z,130.5,144.1,129.7,129.7,115.4
אסותא אשדוד,130.5,2022-05-01T00:00:00.000Z,130.5,144.1,129.7,129.7,115.4
אסותא אשדוד,130.5,2022-05-01T00:00:00.000Z,130.5,144.1,129.7,129.7,115.4
אסותא אשדוד,130.5,2022-05-01T00:00:00.000Z,130.5,144.1,129.7,129.7,115.4
אסותא אשדוד,130.5,2022-05-01T00:00:00.000Z,130.5,144.1,129.7,129.7,115.4
אסותא אשדוד,130.5,2022-05-01T00:00:00.000Z,130.5,144.1,129.7,129.7,115.4
אסותא אשדוד,130.5,2022-05-01T00:00:00.000Z,130.5,144.1,129.7,129.7,115.4
אסותא אשדוד,130.5,2022-05-01T00:00:00.000Z,130.5,144.1,129.7,129.7,115.4
אסותא אשדוד,130.5,2022-05-01T00:00:00.000Z,130.5,144.1,129.7,129.7,115.4
אסותא אשדוד,130.5,2022-05-01T00:00:00.000Z,130.5,144.1,129.7,129.7,115.4
אסותא אשדוד,130.5,2022-05-01T00:00:00.000Z,130.5,144.1,129.7,129.7,115.4
אסותא אשדוד,130.5,2022-05-01T00:00:00.000Z,130.5,144.1,129.7,129.7,115.4
אסותא אשדוד,130.5,2022-05-01T00:00:00.000Z,130.5,144.1,129.7,129.7,115.4
אסותא אשדוד,130.5,2022-05-01T00:00:00.000Z,130.5,144.1,129.7,129.7,115.4
אסותא אשדוד,130.5,2022-05-01T00:00:00.000Z,130.5,144.1,129.7,129.7,115.4
אסותא אשדוד,130.5,2022-05-01T00:00:00.000Z,130.5,144.1,129.7,129.7,115.4
אסותא אשדוד,130.5,2022-05-01T00:00:00.000Z,130.5,144.1,129.7,129.7,115.4
אסותא אשדוד,130.5,2022-05-01T00:00:00.000Z,130.5,144.1,129.7,129.7,115.4
אסותא אשדוד,130.5,2022-05-01T00:00:00.000Z,130.5,144.1,129.7,129.7,115.4
אסותא אשדוד,130.5,2022-05-01T00:00:00.000Z,130.5,144.1,129.7,129.7,115.4
אסותא אשדוד,130.5,2022-05-01T00:00:00.000Z,130.5,144.1,129.7,129.7,115.4
אסותא אשדוד,130.5,2022-05-01T00:00:00.000Z,130.5,144.1,129.7,129.7,115.4
אסותא אשדוד,130.5,2022-05-01T00:00:00.000Z,130.5,144.1,129.7,129.7,115.4
אסותא אשדוד,130.5,2022-05-01T00:00:00.000Z,130.5,144.1,129.7,129.7,115.4
אסותא אשדוד,130.5,2022-05-01T00:00:00.000Z,130.5,144.1,129.7,129.7,115.4
אסותא אשדוד,130.5,2022-05-01T00:00:00.000Z,130.5,144.1,129.7,129.7,115.4
אסותא אשדוד,130.5,2022-05-01T00:00:00.000Z,130.5,144.1,129.7,129.7,115.4
אסותא אשדוד,130.5,2022-05-01T00:00:00.000Z,130.5,144.1,129.7,129.7,115.4
אסותא אשדוד,130.5,2022-05-01T00:00:00.000Z,130.5,144.1,129.7,129.7,115.4
אסותא אשדוד,130.5,2022-05-01T00:00:00.000Z,130.5,144.1,129.7,129.7,115.4
אסותא אשדוד,130.5,2022-05-01T00:00:00.000Z,130.5,144.1,129.7,129.7,115.4
אסותא אשדוד,130.5,2022-05-01T00:00:00.000Z,130.5,144.1,129.7,129.7,115.4
אסותא אשדוד,130.5,2022-05-01T00:00:00.000Z,130.5,144.1,129.7,129.7,115.4
אסותא אשדוד,130.5,2022-05-01T00:00:00.000Z,130.5,144.1,129.7,129.7,115.4
אסותא אשדוד,130.5,2022-05-01T00:00:00.000Z,130.5,144.1,129.7,129.7,115.4
אסותא אשדוד,130.5,2022-05-01T00:00:00.000Z,130.5,144.1,129.7,129.7,115.4
אסותא אשדוד,130.5,2022-05-01T00:00:00.000Z,130.5,144.1,129.7,129.7,115.4
אסותא אשדוד,130.5,2022-05-01T00:00:00.000Z,130.5,144.1,129.7,129.7,115.4
אסותא אשדוד,130.5,2022-05-01T00:00:00.000Z,130.5,144.1,129.7,129.7,115.4
אסותא אשדוד,130.5,2022-05-01T00:00:00.000Z,130.5,144.1,129.7,129.7,115.4
אסותא אשדוד,130.5,2022-05-01T00:00:00.000Z,130.5,144.1,129.7,129.7,115.4
אסותא אשדוד,130.5,2022-05-01T00:00:00.000Z,130.5,144.1,129.7,129.7,115.4
אסותא אשדוד,130.5,2022-05-01T00:00:00.000Z,130.5,144.1,129.7,129.7,115.4
אסותא אשדוד,130.5,2022-05-01T00:00:00.000Z,130.5,144.1,129.7,129.7,115.4
אסותא אשדוד,130.5,2022-05-01T00:00:00.000Z,130.5,144.1,129.7,129.7,115.4
אסותא אשדוד,130.5,2022-05-01T00:00:00.000Z,130.5,144.1,129.7,129.7,115.4
אסותא אשדוד,130.5,2022-05-01T00:00:00.000Z,130.5,144.1,129.7,129.7,115.4
אסותא אשדוד,130.5,2022-05-01T00:00:00.000Z,130.5,144.1,129.7,129.7,115.4
אסותא אשדוד,130.5,2022-05-01T00:00:00.000Z,130.5,144.1,129.7,129.7,115.4
אסותא אשדוד,130.5,2022-05-01T00:00:00.000Z,130.5,144.1,129.7,129.7,115.4
אסותא אשדוד,130.5,2022-05-01T00:00:00.000Z,130.5,144.1,129.7,129.7,115.4
אסותא אשדוד,130.5,2022-05-01T00:00:00.000Z,130.5,144.1,129.7,129.7,115.4
אסותא אשדוד,130.5,2022-05-01T00:00:00.000Z,130.5,144.1,129.7,129.7,115.4
אסותא אשדוד,130.5,2022-05-01T00:00:00.000Z,130.5,144.1,129.7,129.7,115.4
אסותא אשדוד,130.5,2022-05-01T00:00:00.000Z,130.5,144.1,129.7,129.7,115.4
אסותא אשדוד,130.5,2022-05-01T00:00:00.000Z,130.5,144.1,129.7,129.7,115.4
אסותא אשדוד,130.5,2022-05-01T00:00:00.000Z,130.5,144.1,129.7,129.7,115.4
אסותא אשדוד,130.5,2022-05-01T00:00:00.000Z,130.5,144.1,129.7,129.7,115.4
אסותא אשדוד,130.5,2022-05-01T00:00:00.000Z,130.5,144.1,129.7,129.7,115.4
אסותא אשדוד,130.5,2022-05-01T00:00:00.000Z,130.5,144.1,129.7,129.7,115.4
אסותא אשדוד,130.5,2022-05-01T00:00:00.000Z,130.5,144.1,129.7,129.7,115.4
אסותא אשדוד,130.5,2022-05-01T00:00:00.000Z,130.5,144.1,129.7,129.7,115.4
אסותא אשדוד,130.5,2022-05-01T00:00:00.000Z,130.5,144.1,129.7,129.7,115.4
אסותא אשדוד,130.5,2022-05-01T00:00:00.000Z,130.5,144.1,129.7,129.7,115.4
אסותא אשדוד,130.5,2022-05-01T00:00:00.000Z,130.5,144.1,129.7,129.7,115.4
אסותא אשדוד,130.5,2022-05-01T00:00:00.000Z,130.5,144.1,129.7,129.7,115.4
אסותא אשדוד,130.5,2022-05-01T00:00:00.000Z,130.5,144.1,129.7,129.7,115.4
אסותא אשדוד,130.5,2022-05-01T00:00:00.000Z,130.5,144.1,129.7,129.7,115.4
אסותא אשדוד,130.5,2022-05-01T00:00:00.000Z,130.5,144.1,129.7,129.7,115.4
אסותא אשדוד,130.5,2022-05-01T00:00:00.000Z,130.5,144.1,129.7,129.7,115.4
אסותא אשדוד,130.5,2022-05-01T00:00:00.000Z,130.5,144.1,129.7,129.7,115.4
אסותא אשדוד,130.5,2022-05-01T00:00:00.000Z,130.5,144.1,129.7,129.7,115.4
אסותא אשדוד,130.5,2022-05-01T00:00:00.000Z,130.5,144.1,129.7,129.7,115.4
אסותא אשדוד,130.5,2022-05-01T00:00:00.000Z,130.5,144.1,129.7,129.7,115.4
אסותא אשדוד,130.5,2022-05-01T00:00:00.000Z,130.5,144.1,129.7,129.7,115.4
אסותא אשדוד,130.5,2022-05-01T00:00:00.000Z,130.5,144.1,129.7,129.7,115.4
אסותא אשדוד,130.5,2022-05-01T00:00:00.000Z,130.5,144.1,129.7,129.7,115.4
אסותא אשדוד,130.5,2022-05-01T00:00:00.000Z,130.5,144.1,129.7,129.7,115.4
אסותא אשדוד,130.5,2022-05-01T00:00:00.000Z,130.5,144.1,129.7,129.7,115.4
אסותא אשדוד,130.5,2022-05-01T00:00:00.000Z,130.5,144.1,129.7,129.7,115.4
אסותא אשדוד,130.5,2022-05-01T00:00:00.000Z,130.5,144.1,129.7,129.7,115.4
אסותא אשדוד,130.5,2022-05-01T00:00:00.000Z,130.5,144.1,129.7,129.7,115.4
אסותא אשדוד,130.5,2022-05-01T00:00:00.000Z,130.5,144.1,129.7,129.7,115.4
אסותא אשדוד,130.5,2022-05-01T00:00:00.000Z,130.5,144.1,129.7,129.7,115.4
אסותא אשדוד,130.5,2022-05-01T00:00:00.000Z,130.5,144.1,129.7,129.7,115.4
אסותא אשדוד,130.5,2022-05-01T00:00:00.000Z,130.5,144.1,129.7,129.7,115.4
אסותא אשדוד,130.5,2022-05-01T00:00:00.000Z,130.5,144.1,129.7,129.7,115.4
אסותא אשדוד,130.5,2022-05-01T00:00:00.000Z,130.5,144.1,129.7,129.7,115.4
אסותא אשדוד,130.5,2022-05-01T00:00:00.000Z,130.5,144.1,129.7,129.7,115.4
אסותא אשדוד,130.5,2022-05-01T00:00:00.000Z,130.5,144.1,129.7,129.7,115.4
אסותא אשדוד,130.5,2022-05-01T00:00:00.000Z,130.5,144.1,129.7,129.7,115.4
אסותא אשדוד,130.5,2022-05-01T00:00:00.000Z,130.5,144.1,129.7,129.7,115.4
אסותא אשדוד,130.5,2022-05-01T00:00:00.000Z,130.5,144.1,129.7,129.7,115.4
אסותא אשדוד,130.5,2022-05-01T00:00:00.000Z,130.5,144.1,129.7,129.7,115.4
אסותא אשדוד,130.5,2022-05-01T00:00:00.000Z,130.5,144.1,129.7,129.7,115.4
אסותא אשדוד,130.5,2022-05-01T00:00:00.000Z,130.5,144.1,129.7,129.7,115.4
אסותא אשדוד,130.5,2022-05-01T00:00:00.000Z,130.5,144.1,129.7,129.7,115.4
אסותא אשדוד,130.5,2022-05-01T00:00:00.000Z,130.5,144.1,129.7,129.7,115.4
אסותא אשדוד,130.5,2022-05-01T00:00:00.000Z,130.5,144.1,129.7,129.7,115.4
אסותא אשדוד,130.5,2022-05-01T00:00:00.000Z,130.5,144.1,129.7,129.7,115.4
אסותא אשדוד,130.5,2022-05-01T00:00:00.000Z,130.5,144.1,129.7,129.7,115.4
אסותא אשדוד,130.5,2022-05-01T00:00:00.000Z,130.5,144.1,129.7,129.7,115.4
אסותא אשדוד,130.5,2022-05-01T00:00:00.000Z,130.5,144.1,129.7,129.7,115.4
אסותא אשדוד,130.5,2022-05-01T00:00:00.000Z,130.5,144.1,129.7,129.7,115.4
אסותא אשדוד,130.5,2022-05-01T00:00:00.000Z,130.5,144.1,129.7,129.7,115.4
אסותא אשדוד,130.5,2022-05-01T00:00:00.000Z,130.5,144.1,129.7,129.7,115.4
אסותא אשדוד,130.5,2022-05-01T00:00:00.000Z,130.5,144.1,129.7,129.7,115.4
אסותא אשדוד,130.5,2022-05-01T00:00:00.000Z,130.5,144.1,129.7,129.7,115.4
אסותא אשדוד,130.5,2022-05-01T00:00:00.000Z,130.5,144.1,129.7,129.7,115.4
אסותא אשדוד,130.5,2022-05-01T00:00:00.000Z,130.5,144.1,129.7,129.7,115.4
אסותא אשדוד,130.5,2022-05-01T00:00:00.000Z,130.5,144.1,129.7,129.7,115.4
אסותא אשדוד,130.5,2022-05-01T00:00:00.000Z,130.5,144.1,129.7,129.7,115.4
אסותא אשדוד,130.5,2022-05-01T00:00:00.000Z,130.5,144.1,129.7,129.7,115.4
אסותא אשדוד,130.5,2022-05-01T00:00:00.000Z,130.5,144.1,129.7,129.7,115.4
אסותא אשדוד,130.5,2022-05-01T00:00:00.000Z,130.5,144.1,129.7,129.7,115.4
אסותא אשדוד,130.5,2022-05-01T00:00:00.000Z,130.5,144.1,129.7,129.7,115.4
בני ציון,86,2022-05-01T00:00:00.000Z,86,99.2,83.4,83.4,81.8
בני ציון,86,2022-05-01T00:00:00.000Z,86,99.2,83.4,83.4,81.8
בני ציון,86,2022-05-01T00:00:00.000Z,86,99.2,83.4,83.4,81.8
שמואל הרופא,86.1,2022-05-01T00:00:00.000Z,80.6,80.6,78.6,76.5,81.5
שמואל הרופא,86.1,2022-05-01T00:00:00.000Z,81.3,81,78.6,76.8,81.7
שמואל הרופא,86.1,2022-05-01T00:00:00.000Z,82.1,81.3,78.6,77.1,81.8
שמואל הרופא,86.1,2022-05-01T00:00:00.000Z,82.9,81.7,78.6,77.4,81.9
שמואל הרופא,86.1,2022-05-01T00:00:00.000Z,83.7,82.1,78.6,77.7,82
שמואל הרופא,86.1,2022-05-01T00:00:00.000Z,84.5,82.5,78.6,78,82.2
שמואל הרופא,86.1,2022-05-01T00:00:00.000Z,85.3,82.9,78.6,78.3,82.3
שמואל הרופא,86.1,2022-05-01T00:00:00.000Z,86.1,83.3,78.6,78.6,82.4
שמואל הרופא,86.1,2022-05-01T00:00:00.000Z,86.1,83.3,78.6,78.6,82.4
שמואל הרופא,86.1,2022-05-01T00:00:00.000Z,86.1,83.3,78.6,78.6,82.4
שמואל הרופא,86.1,2022-05-01T00:00:00.000Z,86.1,83.3,78.6,78.6,82.4
שמואל הרופא,86.1,2022-05-01T00:00:00.000Z,86.1,83.3,78.6,78.6,82.4
שמואל הרופא,86.1,2022-05-01T00:00:00.000Z,86.1,83.3,78.6,78.6,82.4
שמואל הרופא,86.1,2022-05-01T00:00:00.000Z,86.1,83.3,78.6,78.6,82.4
שמואל הרופא,86.1,2022-05-01T00:00:00.000Z,86.1,83.3,78.6,78.6,82.4
שמואל הרופא,86.1,2022-05-01T00:00:00.000Z,86.1,83.3,78.6,78.6,82.4
שמואל הרופא,86.1,2022-05-01T00:00:00.000Z,86.1,83.3,78.6,78.6,82.4
שמואל הרופא,86.1,2022-05-01T00:00:00.000Z,86.1,83.3,78.6,78.6,82.4
שמואל הרופא,86.1,2022-05-01T00:00:00.000Z,86.1,83.3,78.6,78.6,82.4
שמואל הרופא,86.1,2022-05-01T00:00:00.000Z,86.1,83.3,78.6,78.6,82.4
שמואל הרופא,86.1,2022-05-01T00:00:00.000Z,86.1,83.3,78.6,78.6,82.4
שמואל הרופא,86.1,2022-05-01T00:00:00.000Z,86.1,83.3,78.6,78.6,82.4
שמואל הרופא,86.1,2022-05-01T00:00:00.000Z,86.1,83.3,78.6,78.6,82.4
שמואל הרופא,86.1,2022-05-01T00:00:00.000Z,86.1,83.3,78.6,78.6,82.4
שמואל הרופא,86.1,2022-05-01T00:00:00.000Z,86.1,83.3,78.6,78.6,82.4
שמואל הרופא,86.1,2022-05-01T00:00:00.000Z,86.1,83.3,78.6,78.6,82.4
שמואל הרופא,86.1,2022-05-01T00:00:00.000Z,86.1,83.3,78.6,78.6,82.4
שמואל הרופא,86.1,2022-05-01T00:00:00.000Z,86.1,83.3,78.6,78.6,82.4
שמואל הרופא,86.1,2022-05-01T00:00:00.000Z,86.1,83.3,78.6,78.6,82.4
שמואל הרופא,86.1,2022-05-01T00:00:00.000Z,86.1,83.3,78.6,78.6,82.4
שמואל הרופא,86.1,2022-05-01T00:00:00.000Z,86.1,83.3,78.6,78.6,82.4
שמואל הרופא,86.1,2022-05-01T00:00:00.000Z,86.1,83.3,78.6,78.6,82.4
שמואל הרופא,86.1,2022-05-01T00:00:00.000Z,86.1,83.3,78.6,78.6,82.4
שמואל הרופא,86.1,2022-05-01T00:00:00.000Z,86.1,83.3,78.6,78.6,82.4
שמואל הרופא,86.1,2022-05-01T00:00:00.000Z,86.1,83.3,78.6,78.6,82.4
שמואל הרופא,86.1,2022-05-01T00:00:00.000Z,86.1,83.3,78.6,78.6,82.4
שמואל הרופא,86.1,2022-05-01T00:00:00.000Z,86.1,83.3,78.6,78.6,82.4
שמואל הרופא,86.1,2022-05-01T00:00:00.000Z,86.1,83.3,78.6,78.6,82.4
שמואל הרופא,86.1,2022-05-01T00:00:00.000Z,86.1,83.3,78.6,78.6,82.4
שמואל הרופא,86.1,2022-05-01T00:00:00.000Z,86.1,83.3,78.6,78.6,82.4
שמואל הרופא,86.1,2022-05-01T00:00:00.000Z,86.1,83.3,78.6,78.6,82.4
שמואל הרופא,86.1,2022-05-01T00:00:00.000Z,86.1,83.3,78.6,78.6,82.4
שמואל הרופא,86.1,2022-05-01T00:00:00.000Z,86.1,83.3,78.6,78.6,82.4
שמואל הרופא,86.1,2022-05-01T00:00:00.000Z,86.1,83.3,78.6,78.6,82.4
שמואל הרופא,86.1,2022-05-01T00:00:00.000Z,86.1,83.3,78.6,78.6,82.4
שמואל הרופא,86.1,2022-05-01T00:00:00.000Z,86.1,83.3,78.6,78.6,82.4
שמואל הרופא,86.1,2022-05-01T00:00:00.000Z,86.1,83.3,78.6,78.6,82.4
שמואל הרופא,86.1,2022-05-01T00:00:00.000Z,86.1,83.3,78.6,78.6,82.4
שמואל הרופא,86.1,2022-05-01T00:00:00.000Z,86.1,83.3,78.6,78.6,82.4
שמואל הרופא,86.1,2022-05-01T00:00:00.000Z,86.1,83.3,78.6,78.6,82.4
שמואל הרופא,86.1,2022-05-01T00:00:00.000Z,86.1,83.3,78.6,78.6,82.4
שמואל הרופא,86.1,2022-05-01T00:00:00.000Z,86.1,83.3,78.6,78.6,82.4
שמואל הרופא,86.1,2022-05-01T00:00:00.000Z,86.1,83.3,78.6,78.6,82.4
שמואל הרופא,86.1,2022-05-01T00:00:00.000Z,86.1,83.3,78.6,78.6,82.4
שמואל הרופא,86.1,2022-05-01T00:00:00.000Z,86.1,83.3,78.6,78.6,82.4
שמואל הרופא,86.1,2022-05-01T00:00:00.000Z,86.1,83.3,78.6,78.6,82.4
שמואל הרופא,86.1,2022-05-01T00:00:00.000Z,86.1,83.3,78.6,78.6,82.4
שמואל הרופא,86.1,2022-05-01T00:00:00.000Z,86.1,83.3,78.6,78.6,82.4
שמואל הרופא,86.1,2022-05-01T00:00:00.000Z,86.1,83.3,78.6,78.6,82.4
שמואל הרופא,86.1,2022-05-01T00:00:00.000Z,86.1,83.3,78.6,78.6,82.4
שמואל הרופא,86.1,2022-05-01T00:00:00.000Z,86.1,83.3,78.6,78.6,82.4
שמואל הרופא,86.1,2022-05-01T00:00:00.000Z,86.1,83.3,78.6,78.6,82.4
שמואל הרופא,86.1,2022-05-01T00:00:00.000Z,86.1,83.3,78.6,78.6,82.4
שמואל הרופא,86.1,2022-05-01T00:00:00.000Z,86.1,83.3,78.6,78.6,82.4
שמואל הרופא,86.1,2022-05-01T00:00:00.000Z,86.1,83.3,78.6,78.6,82.4
שמואל הרופא,86.1,2022-05-01T00:00:00.000Z,86.1,83.3,78.6,78.6,82.4
שמואל הרופא,86.1,2022-05-01T00:00:00.000Z,86.1,83.3,78.6,78.6,82.4
שמואל הרופא,86.1,2022-05-01T00:00:00.000Z,86.1,83.3,78.6,78.6,82.4
שמואל הרופא,86.1,2022-05-01T00:00:00.000Z,86.1,83.3,78.6,78.6,82.4
שמואל הרופא,86.1,2022-05-01T00:00:00.000Z,86.1,83.3,78.6,78.6,82.4
שמואל הרופא,86.1,2022-05-01T00:00:00.000Z,86.1,83.3,78.6,78.6,82.4
שמואל הרופא,86.1,2022-05-01T00:00:00.000Z,86.1,83.3,78.6,78.6,82.4
שמואל הרופא,86.1,2022-05-01T00:00:00.000Z,86.1,83.3,78.6,78.6,82.4
שמואל הרופא,86.1,2022-05-01T00:00:00.000Z,86.1,83.3,78.6,78.6,82.4
שמואל הרופא,86.1,2022-05-01T00:00:00.000Z,86.1,83.3,78.6,78.6,82.4
שמואל הרופא,86.1,2022-05-01T00:00:00.000Z,86.1,83.3,78.6,78.6,82.4
שמואל הרופא,86.1,2022-05-01T00:00:00.000Z,86.1,83.3,78.6,78.6,82.4
שמואל הרופא,86.1,2022-05-01T00:00:00.000Z,86.1,83.3,78.6,78.6,82.4
שמואל הרופא,86.1,2022-05-01T00:00:00.000Z,86.1,83.3,78.6,78.6,82.4
שמואל הרופא,86.1,2022-05-01T00:00:00.000Z,86.1,83.3,78.6,78.6,82.4
שמואל הרופא,86.1,2022-05-01T00:00:00.000Z,86.1,83.3,78.6,78.6,82.4
שמואל הרופא,86.1,2022-05-01T00:00:00.000Z,86.1,83.3,78.6,78.6,82.4
שמואל הרופא,86.1,2022-05-01T00:00:00.000Z,86.1,83.3,78.6,78.6,82.4
שמואל הרופא,86.1,2022-05-01T00:00:00.000Z,86.1,83.3,78.6,78.6,82.4
שמואל הרופא,86.1,2022-05-01T00:00:00.000Z,86.1,83.3,78.6,78.6,82.4
שמואל הרופא,86.1,2022-05-01T00:00:00.000Z,86.1,83.3,78.6,78.6,82.4
שמואל הרופא,86.1,2022-05-01T00:00:00.000Z,86.1,83.3,78.6,78.6,82.4
שמואל הרופא,86.1,2022-05-01T00:00:00.000Z,86.1,83.3,78.6,78.6,82.4
שמואל הרופא,86.1,2022-05-01T00:00:00.000Z,86.1,83.3,78.6,78.6,82.4
שמואל הרופא,86.1,2022-05-01T00:00:00.000Z,86.1,83.3,78.6,78.6,82.4
שמואל הרופא,86.1,2022-05-01T00:00:00.000Z,86.1,83.3,78.6,78.6,82.4
שמואל הרופא,86.1,2022-05-01T00:00:00.000Z,86.1,83.3,78.6,78.6,82.4
שמואל הרופא,86.1,2022-05-01T00:00:00.000Z,86.1,83.3,78.6,78.6,82.4
שמואל הרופא,86.1,2022-05-01T00:00:00.000Z,86.1,83.3,78.6,78.6,82.4
שמואל הרופא,86.1,2022-05-01T00:00:00.000Z,86.1,83.3,78.6,78.6,82.4
שמואל הרופא,86.1,2022-05-01T00:00:00.000Z,86.1,83.3,78.6,78.6,82.4
שמואל הרופא,86.1,2022-05-01T00:00:00.000Z,86.1,83.3,78.6,78.6,82.4
שמואל הרופא,86.1,2022-05-01T00:00:00.000Z,86.1,83.3,78.6,78.6,82.4
שמואל הרופא,86.1,2022-05-01T00:00:00.000Z,86.1,83.3,78.6,78.6,82.4
שמואל הרופא,86.1,2022-05-01T00:00:00.000Z,86.1,83.3,78.6,78.6,82.4
שמואל הרופא,86.1,2022-05-01T00:00:00.000Z,86.1,83.3,78.6,78.6,82.4
שמואל הרופא,86.1,2022-05-01T00:00:00.000Z,86.1,83.3,78.6,78.6,82.4
שמואל הרופא,86.1,2022-05-01T00:00:00.000Z,86.1,83.3,78.6,78.6,82.4
שמואל הרופא,86.1,2022-05-01T00:00:00.000Z,86.1,83.3,78.6,78.6,82.4
שמואל הרופא,86.1,2022-05-01T00:00:00.000Z,86.1,83.3,78.6,78.6,82.4
שמואל הרופא,86.1,2022-05-01T00:00:00.000Z,86.1,83.3,78.6,78.6,82.4
שמואל הרופא,86.1,2022-05-01T00:00:00.000Z,86.1,83.3,78.6,78.6,82.4
שמואל הרופא,86.1,2022-05-01T00:00:00.000Z,86.1,83.3,78.6,78.6,82.4
שמואל הרופא,86.1,2022-05-01T00:00:00.000Z,86.1,83.3,78.6,78.6,82.4
שמואל הרופא,86.1,2022-05-01T00:00:00.000Z,86.1,83.3,78.6,78.6,82.4
שמואל הרופא,86.1,2022-05-01T00:00:00.000Z,86.1,83.3,78.6,78.6,82.4
שמואל הרופא,86.1,2022-05-01T00:00:00.000Z,86.1,83.3,78.6,78.6,82.4
שמואל הרופא,86.1,2022-05-01T00:00:00.000Z,86.1,83.3,78.6,78.6,82.4
שמואל הרופא,86.1,2022-05-01T00:00:00.000Z,86.1,83.3,78.6,78.6,82.4
שמואל הרופא,86.1,2022-05-01T00:00:00.000Z,86.1,83.3,78.6,78.6,82.4
שמואל הרופא,86.1,2022-05-01T00:00:00.000Z,86.1,83.3,78.6,78.6,82.4
שמואל הרופא,86.1,2022-05-01T00:00:00.000Z,86.1,83.3,78.6,78.6,82.4
שמואל הרופא,86.1,2022-05-01T00:00:00.000Z,86.1,83.3,78.6,78.6,82.4
שמואל הרופא,86.1,2022-05-01T00:00:00.000Z,86.1,83.3,78.6,78.6,82.4
שמואל הרופא,86.1,2022-05-01T00:00:00.000Z,86.1,83.3,78.6,78.6,82.4
שמואל הרופא,86.1,2022-05-01T00:00:00.000Z,86.1,83.3,78.6,78.6,82.4
שמואל הרופא,86.1,2022-05-01T00:00:00.000Z,86.1,83.3,78.6,78.6,82.4
שמואל הרופא,86.1,2022-05-01T00:00:00.000Z,86.1,83.3,78.6,78.6,82.4
שמואל הרופא,86.1,2022-05-01T00:00:00.000Z,86.1,83.3,78.6,78.6,82.4
שמואל הרופא,86.1,2022-05-01T00:00:00.000Z,86.1,83.3,78.6,78.6,82.4
שמואל הרופא,86.1,2022-05-01T00:00:00.000Z,86.1,83.3,78.6,78.6,82.4
שמואל הרופא,86.1,2022-05-01T00:00:00.000Z,86.1,83.3,78.6,78.6,82.4
שמואל הרופא,86.1,2022-05-01T00:00:00.000Z,86.1,83.3,78.6,78.6,82.4
שמואל הרופא,86.1,2022-05-01T00:00:00.000Z,86.1,83.3,78.6,78.6,82.4
שמואל הרופא,86.1,2022-05-01T00:00:00.000Z,86.1,83.3,78.6,78.6,82.4
שמואל הרופא,86.1,2022-05-01T00:00:00.000Z,86.1,83.3,78.6,78.6,82.4
שמואל הרופא,86.1,2022-05-01T00:00:00.000Z,86.1,83.3,78.6,78.6,82.4
שמואל הרופא,86.1,2022-05-01T00:00:00.000Z,86.1,83.3,78.6,78.6,82.4
שמואל הרופא,86.1,2022-05-01T00:00:00.000Z,86.1,83.3,78.6,78.6,82.4
שמואל הרופא,86.1,2022-05-01T00:00:00.000Z,86.1,83.3,78.6,78.6,82.4
שמואל הרופא,86.1,2022-05-01T00:00:00.000Z,86.1,83.3,78.6,78.6,82.4
שמואל הרופא,86.1,2022-05-01T00:00:00.000Z,86.1,83.3,78.6,78.6,82.4
שמואל הרופא,86.1,2022-05-01T00:00:00.000Z,86.1,83.3,78.6,78.6,82.4
שמואל הרופא,86.1,2022-05-01T00:00:00.000Z,86.1,83.3,78.6,78.6,82.4
שמואל הרופא,86.1,2022-05-01T00:00:00.000Z,86.1,83.3,78.6,78.6,82.4
שמואל הרופא,86.1,2022-05-01T00:00:00.000Z,86.1,83.3,78.6,78.6,82.4
שמואל הרופא,86.1,2022-05-01T00:00:00.000Z,86.1,83.3,78.6,78.6,82.4
שמואל הרופא,86.1,2022-05-01T00:00:00.000Z,86.1,83.3,78.6,78.6,82.4
שמואל הרופא,86.1,2022-05-01T00:00:00.000Z,86.1,83.3,78.6,78.6,82.4
איכילוב,89.7,2022-05-01T00:00:00.000Z,87,75.3,128.5,107.7,95.9
איכילוב,89.7,2022-05-01T00:00:00.000Z,87.4,76.8,128.5,110.7,97.5
איכילוב,89.7,2022-05-01T00:00:00.000Z,87.8,78.3,128.5,113.6,99.1
איכילוב,89.7,2022-05-01T00:00:00.000Z,88.1,79.8,128.5,116.6,100.7
איכילוב,89.7,2022-05-01T00:00:00.000Z,88.5,81.2,128.5,119.6,102.3
איכילוב,89.7,2022-05-01T00:00:00.000Z,88.9,82.7,128.5,122.6,103.9
איכילוב,89.7,2022-05-01T00:00:00.000Z,89.3,84.2,128.5,125.5,105.5
איכילוב,89.7,2022-05-01T00:00:00.000Z,89.7,85.7,128.5,128.5,107.1
איכילוב,89.7,2022-05-01T00:00:00.000Z,89.7,85.7,128.5,128.5,107.1
איכילוב,89.7,2022-05-01T00:00:00.000Z,89.7,85.7,128.5,128.5,107.1
איכילוב,89.7,2022-05-01T00:00:00.000Z,89.7,85.7,128.5,128.5,107.1
איכילוב,89.7,2022-05-01T00:00:00.000Z,89.7,85.7,128.5,128.5,107.1
איכילוב,89.7,2022-05-01T00:00:00.000Z,89.7,85.7,128.5,128.5,107.1
איכילוב,89.7,2022-05-01T00:00:00.000Z,89.7,85.7,128.5,128.5,107.1
איכילוב,89.7,2022-05-01T00:00:00.000Z,89.7,85.7,128.5,128.5,107.1
איכילוב,89.7,2022-05-01T00:00:00.000Z,89.7,85.7,128.5,128.5,107.1
איכילוב,89.7,2022-05-01T00:00:00.000Z,89.7,85.7,128.5,128.5,107.1
איכילוב,89.7,2022-05-01T00:00:00.000Z,89.7,85.7,128.5,128.5,107.1
איכילוב,89.7,2022-05-01T00:00:00.000Z,89.7,85.7,128.5,128.5,107.1
איכילוב,89.7,2022-05-01T00:00:00.000Z,89.7,85.7,128.5,128.5,107.1
איכילוב,89.7,2022-05-01T00:00:00.000Z,89.7,85.7,128.5,128.5,107.1
איכילוב,89.7,2022-05-01T00:00:00.000Z,89.7,85.7,128.5,128.5,107.1
איכילוב,89.7,2022-05-01T00:00:00.000Z,89.7,85.7,128.5,128.5,107.1
איכילוב,89.7,2022-05-01T00:00:00.000Z,89.7,85.7,128.5,128.5,107.1
איכילוב,89.7,2022-05-01T00:00:00.000Z,89.7,85.7,128.5,128.5,107.1
איכילוב,89.7,2022-05-01T00:00:00.000Z,89.7,85.7,128.5,128.5,107.1
איכילוב,89.7,2022-05-01T00:00:00.000Z,89.7,85.7,128.5,128.5,107.1
איכילוב,89.7,2022-05-01T00:00:00.000Z,89.7,85.7,128.5,128.5,107.1
איכילוב,89.7,2022-05-01T00:00:00.000Z,89.7,85.7,128.5,128.5,107.1
איכילוב,89.7,2022-05-01T00:00:00.000Z,89.7,85.7,128.5,128.5,107.1
איכילוב,89.7,2022-05-01T00:00:00.000Z,89.7,85.7,128.5,128.5,107.1
איכילוב,89.7,2022-05-01T00:00:00.000Z,89.7,85.7,128.5,128.5,107.1
איכילוב,89.7,2022-05-01T00:00:00.000Z,89.7,85.7,128.5,128.5,107.1
איכילוב,89.7,2022-05-01T00:00:00.000Z,89.7,85.7,128.5,128.5,107.1
איכילוב,89.7,2022-05-01T00:00:00.000Z,89.7,85.7,128.5,128.5,107.1
איכילוב,89.7,2022-05-01T00:00:00.000Z,89.7,85.7,128.5,128.5,107.1
איכילוב,89.7,2022-05-01T00:00:00.000Z,89.7,85.7,128.5,128.5,107.1
איכילוב,89.7,2022-05-01T00:00:00.000Z,89.7,85.7,128.5,128.5,107.1
איכילוב,89.7,2022-05-01T00:00:00.000Z,89.7,85.7,128.5,128.5,107.1
איכילוב,89.7,2022-05-01T00:00:00.000Z,89.7,85.7,128.5,128.5,107.1
איכילוב,89.7,2022-05-01T00:00:00.000Z,89.7,85.7,128.5,128.5,107.1
איכילוב,89.7,2022-05-01T00:00:00.000Z,89.7,85.7,128.5,128.5,107.1
איכילוב,89.7,2022-05-01T00:00:00.000Z,89.7,85.7,128.5,128.5,107.1
איכילוב,89.7,2022-05-01T00:00:00.000Z,89.7,85.7,128.5,128.5,107.1
איכילוב,89.7,2022-05-01T00:00:00.000Z,89.7,85.7,128.5,128.5,107.1
איכילוב,89.7,2022-05-01T00:00:00.000Z,89.7,85.7,128.5,128.5,107.1
איכילוב,89.7,2022-05-01T00:00:00.000Z,89.7,85.7,128.5,128.5,107.1
איכילוב,89.7,2022-05-01T00:00:00.000Z,89.7,85.7,128.5,128.5,107.1
איכילוב,89.7,2022-05-01T00:00:00.000Z,89.7,85.7,128.5,128.5,107.1
איכילוב,89.7,2022-05-01T00:00:00.000Z,89.7,85.7,128.5,128.5,107.1
איכילוב,89.7,2022-05-01T00:00:00.000Z,89.7,85.7,128.5,128.5,107.1
איכילוב,89.7,2022-05-01T00:00:00.000Z,89.7,85.7,128.5,128.5,107.1
איכילוב,89.7,2022-05-01T00:00:00.000Z,89.7,85.7,128.5,128.5,107.1
איכילוב,89.7,2022-05-01T00:00:00.000Z,89.7,85.7,128.5,128.5,107.1
איכילוב,89.7,2022-05-01T00:00:00.000Z,89.7,85.7,128.5,128.5,107.1
איכילוב,89.7,2022-05-01T00:00:00.000Z,89.7,85.7,128.5,128.5,107.1
איכילוב,89.7,2022-05-01T00:00:00.000Z,89.7,85.7,128.5,128.5,107.1
איכילוב,89.7,2022-05-01T00:00:00.000Z,89.7,85.7,128.5,128.5,107.1
איכילוב,89.7,2022-05-01T00:00:00.000Z,89.7,85.7,128.5,128.5,107.1
איכילוב,89.7,2022-05-01T00:00:00.000Z,89.7,85.7,128.5,128.5,107.1
איכילוב,89.7,2022-05-01T00:00:00.000Z,89.7,85.7,128.5,128.5,107.1
איכילוב,89.7,2022-05-01T00:00:00.000Z,89.7,85.7,128.5,128.5,107.1
איכילוב,89.7,2022-05-01T00:00:00.000Z,89.7,85.7,128.5,128.5,107.1
איכילוב,89.7,2022-05-01T00:00:00.000Z,89.7,85.7,128.5,128.5,107.1
איכילוב,89.7,2022-05-01T00:00:00.000Z,89.7,85.7,128.5,128.5,107.1
איכילוב,89.7,2022-05-01T00:00:00.000Z,89.7,85.7,128.5,128.5,107.1
איכילוב,89.7,2022-05-01T00:00:00.000Z,89.7,85.7,128.5,128.5,107.1
איכילוב,89.7,2022-05-01T00:00:00.000Z,89.7,85.7,128.5,128.5,107.1
איכילוב,89.7,2022-05-01T00:00:00.000Z,89.7,85.7,128.5,128.5,107.1
איכילוב,89.7,2022-05-01T00:00:00.000Z,89.7,85.7,128.5,128.5,107.1
איכילוב,89.7,2022-05-01T00:00:00.000Z,89.7,85.7,128.5,128.5,107.1
איכילוב,89.7,2022-05-01T00:00:00.000Z,89.7,85.7,128.5,128.5,107.1
איכילוב,89.7,2022-05-01T00:00:00.000Z,89.7,85.7,128.5,128.5,107.1
איכילוב,89.7,2022-05-01T00:00:00.000Z,89.7,85.7,128.5,128.5,107.1
איכילוב,89.7,2022-05-01T00:00:00.000Z,89.7,85.7,128.5,128.5,107.1
איכילוב,89.7,2022-05-01T00:00:00.000Z,89.7,85.7,128.5,128.5,107.1
איכילוב,89.7,2022-05-01T00:00:00.000Z,89.7,85.7,128.5,128.5,107.1
איכילוב,89.7,2022-05-01T00:00:00.000Z,89.7,85.7,128.5,128.5,107.1
איכילוב,89.7,2022-05-01T00:00:00.000Z,89.7,85.7,128.5,128.5,107.1
איכילוב,89.7,2022-05-01T00:00:00.000Z,89.7,85.7,128.5,128.5,107.1
איכילוב,89.7,2022-05-01T00:00:00.000Z,89.7,85.7,128.5,128.5,107.1
איכילוב,89.7,2022-05-01T00:00:00.000Z,89.7,85.7,128.5,128.5,107.1
איכילוב,89.7,2022-05-01T00:00:00.000Z,89.7,85.7,128.5,128.5,107.1
איכילוב,89.7,2022-05-01T00:00:00.000Z,89.7,85.7,128.5,128.5,107.1
איכילוב,89.7,2022-05-01T00:00:00.000Z,89.7,85.7,128.5,128.5,107.1
איכילוב,89.7,2022-05-01T00:00:00.000Z,89.7,85.7,128.5,128.5,107.1
איכילוב,89.7,2022-05-01T00:00:00.000Z,89.7,85.7,128.5,128.5,107.1
איכילוב,89.7,2022-05-01T00:00:00.000Z,89.7,85.7,128.5,128.5,107.1
איכילוב,89.7,2022-05-01T00:00:00.000Z,89.7,85.7,128.5,128.5,107.1
איכילוב,89.7,2022-05-01T00:00:00.000Z,89.7,85.7,128.5,128.5,107.1
איכילוב,89.7,2022-05-01T00:00:00.000Z,89.7,85.7,128.5,128.5,107.1
איכילוב,89.7,2022-05-01T00:00:00.000Z,89.7,85.7,128.5,128.5,107.1
איכילוב,89.7,2022-05-01T00:00:00.000Z,89.7,85.7,128.5,128.5,107.1
איכילוב,89.7,2022-05-01T00:00:00.000Z,89.7,85.7,128.5,128.5,107.1
איכילוב,89.7,2022-05-01T00:00:00.000Z,89.7,85.7,128.5,128.5,107.1
איכילוב,89.7,2022-05-01T00:00:00.000Z,89.7,85.7,128.5,128.5,107.1
איכילוב,89.7,2022-05-01T00:00:00.000Z,89.7,85.7,128.5,128.5,107.1
איכילוב,89.7,2022-05-01T00:00:00.000Z,89.7,85.7,128.5,128.5,107.1
איכילוב,89.7,2022-05-01T00:00:00.000Z,89.7,85.7,128.5,128.5,107.1
איכילוב,89.7,2022-05-01T00:00:00.000Z,89.7,85.7,128.5,128.5,107.1
איכילוב,89.7,2022-05-01T00:00:00.000Z,89.7,85.7,128.5,128.5,107.1
איכילוב,89.7,2022-05-01T00:00:00.000Z,89.7,85.7,128.5,128.5,107.1
איכילוב,89.7,2022-05-01T00:00:00.000Z,89.7,85.7,128.5,128.5,107.1
איכילוב,89.7,2022-05-01T00:00:00.000Z,89.7,85.7,128.5,128.5,107.1
איכילוב,89.7,2022-05-01T00:00:00.000Z,89.7,85.7,128.5,128.5,107.1
איכילוב,89.7,2022-05-01T00:00:00.000Z,89.7,85.7,128.5,128.5,107.1
איכילוב,89.7,2022-05-01T00:00:00.000Z,89.7,85.7,128.5,128.5,107.1
איכילוב,89.7,2022-05-01T00:00:00.000Z,89.7,85.7,128.5,128.5,107.1
איכילוב,89.7,2022-05-01T00:00:00.000Z,89.7,85.7,128.5,128.5,107.1
איכילוב,89.7,2022-05-01T00:00:00.000Z,89.7,85.7,128.5,128.5,107.1
איכילוב,89.7,2022-05-01T00:00:00.000Z,89.7,85.7,128.5,128.5,107.1
איכילוב,89.7,2022-05-01T00:00:00.000Z,89.7,85.7,128.5,128.5,107.1
איכילוב,89.7,2022-05-01T00:00:00.000Z,89.7,85.7,128.5,128.5,107.1
איכילוב,89.7,2022-05-01T00:00:00.000Z,89.7,85.7,128.5,128.5,107.1
איכילוב,89.7,2022-05-01T00:00:00.000Z,89.7,85.7,128.5,128.5,107.1
איכילוב,89.7,2022-05-01T00:00:00.000Z,89.7,85.7,128.5,128.5,107.1
איכילוב,89.7,2022-05-01T00:00:00.000Z,89.7,85.7,128.5,128.5,107.1
איכילוב,89.7,2022-05-01T00:00:00.000Z,89.7,85.7,128.5,128.5,107.1
איכילוב,89.7,2022-05-01T00:00:00.000Z,89.7,85.7,128.5,128.5,107.1
איכילוב,89.7,2022-05-01T00:00:00.000Z,89.7,85.7,128.5,128.5,107.1
איכילוב,89.7,2022-05-01T00:00:00.000Z,89.7,85.7,128.5,128.5,107.1
איכילוב,89.7,2022-05-01T00:00:00.000Z,89.7,85.7,128.5,128.5,107.1
איכילוב,89.7,2022-05-01T00:00:00.000Z,89.7,85.7,128.5,128.5,107.1
איכילוב,89.7,2022-05-01T00:00:00.000Z,89.7,85.7,128.5,128.5,107.1
איכילוב,89.7,2022-05-01T00:00:00.000Z,89.7,85.7,128.5,128.5,107.1
איכילוב,89.7,2022-05-01T00:00:00.000Z,89.7,85.7,128.5,128.5,107.1
איכילוב,89.7,2022-05-01T00:00:00.000Z,89.7,85.7,128.5,128.5,107.1
איכילוב,89.7,2022-05-01T00:00:00.000Z,89.7,85.7,128.5,128.5,107.1
איכילוב,89.7,2022-05-01T00:00:00.000Z,89.7,85.7,128.5,128.5,107.1
איכילוב,89.7,2022-05-01T00:00:00.000Z,89.7,85.7,128.5,128.5,107.1
איכילוב,89.7,2022-05-01T00:00:00.000Z,89.7,85.7,128.5,128.5,107.1
איכילוב,89.7,2022-05-01T00:00:00.000Z,89.7,85.7,128.5,128.5,107.1
איכילוב,89.7,2022-05-01T00:00:00.000Z,89.7,85.7,128.5,128.5,107.1
איכילוב,89.7,2022-05-01T00:00:00.000Z,89.7,85.7,128.5,128.5,107.1
איכילוב,89.7,2022-05-01T00:00:00.000Z,89.7,85.7,128.5,128.5,107.1
איכילוב,89.7,2022-05-01T00:00:00.000Z,89.7,85.7,128.5,128.5,107.1
איכילוב,89.7,2022-05-01T00:00:00.000Z,89.7,85.7,128.5,128.5,107.1
איכילוב,89.7,2022-05-01T00:00:00.000Z,89.7,85.7,128.5,128.5,107.1
איכילוב,89.7,2022-05-01T00:00:00.000Z,89.7,85.7,128.5,128.5,107.1
איכילוב,89.7,2022-05-01T00:00:00.000Z,89.7,85.7,128.5,128.5,107.1
איכילוב,89.7,2022-05-01T00:00:00.000Z,89.7,85.7,128.5,128.5,107.1
איכילוב,89.7,2022-05-01T00:00:00.000Z,89.7,85.7,128.5,128.5,107.1
איכילוב,89.7,2022-05-01T00:00:00.000Z,89.7,85.7,128.5,128.5,107.1
איכילוב,89.7,2022-05-01T00:00:00.000Z,89.7,85.7,128.5,128.5,107.1
רבין ק. השרון,60.5,2022-05-01T00:00:00.000Z,65.8,62.3,63.5,60.6,49.8
רבין ק. השרון,60.5,2022-05-01T00:00:00.000Z,65,64.3,63.5,61,51.5
רבין ק. השרון,60.5,2022-05-01T00:00:00.000Z,64.3,66.3,63.5,61.4,53.2
רבין ק. השרון,60.5,2022-05-01T00:00:00.000Z,63.5,68.3,63.5,61.8,54.9
רבין ק. השרון,60.5,2022-05-01T00:00:00.000Z,62.8,70.3,63.5,62.2,56.7
רבין ק. השרון,60.5,2022-05-01T00:00:00.000Z,62,72.3,63.5,62.7,58.4
רבין ק. השרון,60.5,2022-05-01T00:00:00.000Z,61.3,74.3,63.5,63.1,60.1
רבין ק. השרון,60.5,2022-05-01T00:00:00.000Z,60.5,76.3,63.5,63.5,61.8
רבין ק. השרון,60.5,2022-05-01T00:00:00.000Z,60.5,76.3,63.5,63.5,61.8
רבין ק. השרון,60.5,2022-05-01T00:00:00.000Z,60.5,76.3,63.5,63.5,61.8
רבין ק. השרון,60.5,2022-05-01T00:00:00.000Z,60.5,76.3,63.5,63.5,61.8
רבין ק. השרון,60.5,2022-05-01T00:00:00.000Z,60.5,76.3,63.5,63.5,61.8
רבין ק. השרון,60.5,2022-05-01T00:00:00.000Z,60.5,76.3,63.5,63.5,61.8
רבין ק. השרון,60.5,2022-05-01T00:00:00.000Z,60.5,76.3,63.5,63.5,61.8
רבין ק. השרון,60.5,2022-05-01T00:00:00.000Z,60.5,76.3,63.5,63.5,61.8
רבין ק. השרון,60.5,2022-05-01T00:00:00.000Z,60.5,76.3,63.5,63.5,61.8
רבין ק. השרון,60.5,2022-05-01T00:00:00.000Z,60.5,76.3,63.5,63.5,61.8
רבין ק. השרון,60.5,2022-05-01T00:00:00.000Z,60.5,76.3,63.5,63.5,61.8
רבין ק. השרון,60.5,2022-05-01T00:00:00.000Z,60.5,76.3,63.5,63.5,61.8
רבין ק. השרון,60.5,2022-05-01T00:00:00.000Z,60.5,76.3,63.5,63.5,61.8
רבין ק. השרון,60.5,2022-05-01T00:00:00.000Z,60.5,76.3,63.5,63.5,61.8
רבין ק. השרון,60.5,2022-05-01T00:00:00.000Z,60.5,76.3,63.5,63.5,61.8
רבין ק. השרון,60.5,2022-05-01T00:00:00.000Z,60.5,76.3,63.5,63.5,61.8
רבין ק. השרון,60.5,2022-05-01T00:00:00.000Z,60.5,76.3,63.5,63.5,61.8
רבין ק. השרון,60.5,2022-05-01T00:00:00.000Z,60.5,76.3,63.5,63.5,61.8
רבין ק. השרון,60.5,2022-05-01T00:00:00.000Z,60.5,76.3,63.5,63.5,61.8
רבין ק. השרון,60.5,2022-05-01T00:00:00.000Z,60.5,76.3,63.5,63.5,61.8
רבין ק. השרון,60.5,2022-05-01T00:00:00.000Z,60.5,76.3,63.5,63.5,61.8
רבין ק. השרון,60.5,2022-05-01T00:00:00.000Z,60.5,76.3,63.5,63.5,61.8
רבין ק. השרון,60.5,2022-05-01T00:00:00.000Z,60.5,76.3,63.5,63.5,61.8
רבין ק. השרון,60.5,2022-05-01T00:00:00.000Z,60.5,76.3,63.5,63.5,61.8
רבין ק. השרון,60.5,2022-05-01T00:00:00.000Z,60.5,76.3,63.5,63.5,61.8
רבין ק. השרון,60.5,2022-05-01T00:00:00.000Z,60.5,76.3,63.5,63.5,61.8
רבין ק. השרון,60.5,2022-05-01T00:00:00.000Z,60.5,76.3,63.5,63.5,61.8
רבין ק. השרון,60.5,2022-05-01T00:00:00.000Z,60.5,76.3,63.5,63.5,61.8
רבין ק. השרון,60.5,2022-05-01T00:00:00.000Z,60.5,76.3,63.5,63.5,61.8
רבין ק. השרון,60.5,2022-05-01T00:00:00.000Z,60.5,76.3,63.5,63.5,61.8
רבין ק. השרון,60.5,2022-05-01T00:00:00.000Z,60.5,76.3,63.5,63.5,61.8
רבין ק. השרון,60.5,2022-05-01T00:00:00.000Z,60.5,76.3,63.5,63.5,61.8
רבין ק. השרון,60.5,2022-05-01T00:00:00.000Z,60.5,76.3,63.5,63.5,61.8
רבין ק. השרון,60.5,2022-05-01T00:00:00.000Z,60.5,76.3,63.5,63.5,61.8
רבין ק. השרון,60.5,2022-05-01T00:00:00.000Z,60.5,76.3,63.5,63.5,61.8
רבין ק. השרון,60.5,2022-05-01T00:00:00.000Z,60.5,76.3,63.5,63.5,61.8
רבין ק. השרון,60.5,2022-05-01T00:00:00.000Z,60.5,76.3,63.5,63.5,61.8
רבין ק. השרון,60.5,2022-05-01T00:00:00.000Z,60.5,76.3,63.5,63.5,61.8
רבין ק. השרון,60.5,2022-05-01T00:00:00.000Z,60.5,76.3,63.5,63.5,61.8
רבין ק. השרון,60.5,2022-05-01T00:00:00.000Z,60.5,76.3,63.5,63.5,61.8
רבין ק. השרון,60.5,2022-05-01T00:00:00.000Z,60.5,76.3,63.5,63.5,61.8
רבין ק. השרון,60.5,2022-05-01T00:00:00.000Z,60.5,76.3,63.5,63.5,61.8
רבין ק. השרון,60.5,2022-05-01T00:00:00.000Z,60.5,76.3,63.5,63.5,61.8
רבין ק. השרון,60.5,2022-05-01T00:00:00.000Z,60.5,76.3,63.5,63.5,61.8
רבין ק. השרון,60.5,2022-05-01T00:00:00.000Z,60.5,76.3,63.5,63.5,61.8
רבין ק. השרון,60.5,2022-05-01T00:00:00.000Z,60.5,76.3,63.5,63.5,61.8
רבין ק. השרון,60.5,2022-05-01T00:00:00.000Z,60.5,76.3,63.5,63.5,61.8
רבין ק. השרון,60.5,2022-05-01T00:00:00.000Z,60.5,76.3,63.5,63.5,61.8
רבין ק. השרון,60.5,2022-05-01T00:00:00.000Z,60.5,76.3,63.5,63.5,61.8
רבין ק. השרון,60.5,2022-05-01T00:00:00.000Z,60.5,76.3,63.5,63.5,61.8
רבין ק. השרון,60.5,2022-05-01T00:00:00.000Z,60.5,76.3,63.5,63.5,61.8
רבין ק. השרון,60.5,2022-05-01T00:00:00.000Z,60.5,76.3,63.5,63.5,61.8
רבין ק. השרון,60.5,2022-05-01T00:00:00.000Z,60.5,76.3,63.5,63.5,61.8
רבין ק. השרון,60.5,2022-05-01T00:00:00.000Z,60.5,76.3,63.5,63.5,61.8
רבין ק. השרון,60.5,2022-05-01T00:00:00.000Z,60.5,76.3,63.5,63.5,61.8
רבין ק. השרון,60.5,2022-05-01T00:00:00.000Z,60.5,76.3,63.5,63.5,61.8
רבין ק. השרון,60.5,2022-05-01T00:00:00.000Z,60.5,76.3,63.5,63.5,61.8
רבין ק. השרון,60.5,2022-05-01T00:00:00.000Z,60.5,76.3,63.5,63.5,61.8
רבין ק. השרון,60.5,2022-05-01T00:00:00.000Z,60.5,76.3,63.5,63.5,61.8
רבין ק. השרון,60.5,2022-05-01T00:00:00.000Z,60.5,76.3,63.5,63.5,61.8
רבין ק. השרון,60.5,2022-05-01T00:00:00.000Z,60.5,76.3,63.5,63.5,61.8
רבין ק. השרון,60.5,2022-05-01T00:00:00.000Z,60.5,76.3,63.5,63.5,61.8
רבין ק. השרון,60.5,2022-05-01T00:00:00.000Z,60.5,76.3,63.5,63.5,61.8
רבין ק. השרון,60.5,2022-05-01T00:00:00.000Z,60.5,76.3,63.5,63.5,61.8
רבין ק. השרון,60.5,2022-05-01T00:00:00.000Z,60.5,76.3,63.5,63.5,61.8
רבין ק. השרון,60.5,2022-05-01T00:00:00.000Z,60.5,76.3,63.5,63.5,61.8
רבין ק. השרון,60.5,2022-05-01T00:00:00.000Z,60.5,76.3,63.5,63.5,61.8
רבין ק. השרון,60.5,2022-05-01T00:00:00.000Z,60.5,76.3,63.5,63.5,61.8
רבין ק. השרון,60.5,2022-05-01T00:00:00.000Z,60.5,76.3,63.5,63.5,61.8
רבין ק. השרון,60.5,2022-05-01T00:00:00.000Z,60.5,76.3,63.5,63.5,61.8
רבין ק. השרון,60.5,2022-05-01T00:00:00.000Z,60.5,76.3,63.5,63.5,61.8
רבין ק. השרון,60.5,2022-05-01T00:00:00.000Z,60.5,76.3,63.5,63.5,61.8
רבין ק. השרון,60.5,2022-05-01T00:00:00.000Z,60.5,76.3,63.5,63.5,61.8
רבין ק. השרון,60.5,2022-05-01T00:00:00.000Z,60.5,76.3,63.5,63.5,61.8
רבין ק. השרון,60.5,2022-05-01T00:00:00.000Z,60.5,76.3,63.5,63.5,61.8
רבין ק. השרון,60.5,2022-05-01T00:00:00.000Z,60.5,76.3,63.5,63.5,61.8
רבין ק. השרון,60.5,2022-05-01T00:00:00.000Z,60.5,76.3,63.5,63.5,61.8
רבין ק. השרון,60.5,2022-05-01T00:00:00.000Z,60.5,76.3,63.5,63.5,61.8
רבין ק. השרון,60.5,2022-05-01T00:00:00.000Z,60.5,76.3,63.5,63.5,61.8
רבין ק. השרון,60.5,2022-05-01T00:00:00.000Z,60.5,76.3,63.5,63.5,61.8
רבין ק. השרון,60.5,2022-05-01T00:00:00.000Z,60.5,76.3,63.5,63.5,61.8
רבין ק. השרון,60.5,2022-05-01T00:00:00.000Z,60.5,76.3,63.5,63.5,61.8
רבין ק. השרון,60.5,2022-05-01T00:00:00.000Z,60.5,76.3,63.5,63.5,61.8
רבין ק. השרון,60.5,2022-05-01T00:00:00.000Z,60.5,76.3,63.5,63.5,61.8
רבין ק. השרון,60.5,2022-05-01T00:00:00.000Z,60.5,76.3,63.5,63.5,61.8
רבין ק. השרון,60.5,2022-05-01T00:00:00.000Z,60.5,76.3,63.5,63.5,61.8
רבין ק. השרון,60.5,2022-05-01T00:00:00.000Z,60.5,76.3,63.5,63.5,61.8
רבין ק. השרון,60.5,2022-05-01T00:00:00.000Z,60.5,76.3,63.5,63.5,61.8
רבין ק. השרון,60.5,2022-05-01T00:00:00.000Z,60.5,76.3,63.5,63.5,61.8
רבין ק. השרון,60.5,2022-05-01T00:00:00.000Z,60.5,76.3,63.5,63.5,61.8
רבין ק. השרון,60.5,2022-05-01T00:00:00.000Z,60.5,76.3,63.5,63.5,61.8
רבין ק. השרון,60.5,2022-05-01T00:00:00.000Z,60.5,76.3,63.5,63.5,61.8
רבין ק. השרון,60.5,2022-05-01T00:00:00.000Z,60.5,76.3,63.5,63.5,61.8
רבין ק. השרון,60.5,2022-05-01T00:00:00.000Z,60.5,76.3,63.5,63.5,61.8
רבין ק. השרון,60.5,2022-05-01T00:00:00.000Z,60.5,76.3,63.5,63.5,61.8
רבין ק. השרון,60.5,2022-05-01T00:00:00.000Z,60.5,76.3,63.5,63.5,61.8
רבין ק. השרון,60.5,2022-05-01T00:00:00.000Z,60.5,76.3,63.5,63.5,61.8
רבין ק. השרון,60.5,2022-05-01T00:00:00.000Z,60.5,76.3,63.5,63.5,61.8
רבין ק. השרון,60.5,2022-05-01T00:00:00.000Z,60.5,76.3,63.5,63.5,61.8
רבין ק. השרון,60.5,2022-05-01T00:00:00.000Z,60.5,76.3,63.5,63.5,61.8
רבין ק. השרון,60.5,2022-05-01T00:00:00.000Z,60.5,76.3,63.5,63.5,61.8
רבין ק. השרון,60.5,2022-05-01T00:00:00.000Z,60.5,76.3,63.5,63.5,61.8
רבין ק. השרון,60.5,2022-05-01T00:00:00.000Z,60.5,76.3,63.5,63.5,61.8
רבין ק. השרון,60.5,2022-05-01T00:00:00.000Z,60.5,76.3,63.5,63.5,61.8
רבין ק. השרון,60.5,2022-05-01T00:00:00.000Z,60.5,76.3,63.5,63.5,61.8
רבין ק. השרון,60.5,2022-05-01T00:00:00.000Z,60.5,76.3,63.5,63.5,61.8
רבין ק. השרון,60.5,2022-05-01T00:00:00.000Z,60.5,76.3,63.5,63.5,61.8
רבין ק. השרון,60.5,2022-05-01T00:00:00.000Z,60.5,76.3,63.5,63.5,61.8
רבין ק. השרון,60.5,2022-05-01T00:00:00.000Z,60.5,76.3,63.5,63.5,61.8
רבין ק. השרון,60.5,2022-05-01T00:00:00.000Z,60.5,76.3,63.5,63.5,61.8
רבין ק. השרון,60.5,2022-05-01T00:00:00.000Z,60.5,76.3,63.5,63.5,61.8
רבין ק. השרון,60.5,2022-05-01T00:00:00.000Z,60.5,76.3,63.5,63.5,61.8
רבין ק. השרון,60.5,2022-05-01T00:00:00.000Z,60.5,76.3,63.5,63.5,61.8
רבין ק. השרון,60.5,2022-05-01T00:00:00.000Z,60.5,76.3,63.5,63.5,61.8
רבין ק. השרון,60.5,2022-05-01T00:00:00.000Z,60.5,76.3,63.5,63.5,61.8
רבין ק. השרון,60.5,2022-05-01T00:00:00.000Z,60.5,76.3,63.5,63.5,61.8
רבין ק. השרון,60.5,2022-05-01T00:00:00.000Z,60.5,76.3,63.5,63.5,61.8
רבין ק. השרון,60.5,2022-05-01T00:00:00.000Z,60.5,76.3,63.5,63.5,61.8
רבין ק. השרון,60.5,2022-05-01T00:00:00.000Z,60.5,76.3,63.5,63.5,61.8
רבין ק. השרון,60.5,2022-05-01T00:00:00.000Z,60.5,76.3,63.5,63.5,61.8
רבין ק. השרון,60.5,2022-05-01T00:00:00.000Z,60.5,76.3,63.5,63.5,61.8
רבין ק. השרון,60.5,2022-05-01T00:00:00.000Z,60.5,76.3,63.5,63.5,61.8
רבין ק. השרון,60.5,2022-05-01T00:00:00.000Z,60.5,76.3,63.5,63.5,61.8
רבין ק. השרון,60.5,2022-05-01T00:00:00.000Z,60.5,76.3,63.5,63.5,61.8
רבין ק. השרון,60.5,2022-05-01T00:00:00.000Z,60.5,76.3,63.5,63.5,61.8
רבין ק. השרון,60.5,2022-05-01T00:00:00.000Z,60.5,76.3,63.5,63.5,61.8
רבין ק. השרון,60.5,2022-05-01T00:00:00.000Z,60.5,76.3,63.5,63.5,61.8
רבין ק. השרון,60.5,2022-05-01T00:00:00.000Z,60.5,76.3,63.5,63.5,61.8
רבין ק. השרון,60.5,2022-05-01T00:00:00.000Z,60.5,76.3,63.5,63.5,61.8
רבין ק. השרון,60.5,2022-05-01T00:00:00.000Z,60.5,76.3,63.5,63.5,61.8
רבין ק. השרון,60.5,2022-05-01T00:00:00.000Z,60.5,76.3,63.5,63.5,61.8
רבין ק. השרון,60.5,2022-05-01T00:00:00.000Z,60.5,76.3,63.5,63.5,61.8
רבין ק. השרון,60.5,2022-05-01T00:00:00.000Z,60.5,76.3,63.5,63.5,61.8
רבין ק. השרון,60.5,2022-05-01T00:00:00.000Z,60.5,76.3,63.5,63.5,61.8
רבין ק. השרון,60.5,2022-05-01T00:00:00.000Z,60.5,76.3,63.5,63.5,61.8
רבין ק. השרון,60.5,2022-05-01T00:00:00.000Z,60.5,76.3,63.5,63.5,61.8
רבין ק. השרון,60.5,2022-05-01T00:00:00.000Z,60.5,76.3,63.5,63.5,61.8
המרכזי בעמק,91.6,2022-05-01T00:00:00.000Z,102.6,92.9,70.4,70.8,66.6
המרכזי בעמק,91.6,2022-05-01T00:00:00.000Z,101,94.3,70.4,70.8,68.1
המרכזי בעמק,91.6,2022-05-01T00:00:00.000Z,99.4,95.7,70.4,70.7,69.7
המרכזי בעמק,91.6,2022-05-01T00:00:00.000Z,97.9,97.1,70.4,70.6,71.2
המרכזי בעמק,91.6,2022-05-01T00:00:00.000Z,96.3,98.4,70.4,70.6,72.8
המרכזי בעמק,91.6,2022-05-01T00:00:00.000Z,94.7,99.8,70.4,70.5,74.3
המרכזי בעמק,91.6,2022-05-01T00:00:00.000Z,93.2,101.2,70.4,70.4,75.9
המרכזי בעמק,91.6,2022-05-01T00:00:00.000Z,91.6,102.6,70.4,70.4,77.4
המרכזי בעמק,91.6,2022-05-01T00:00:00.000Z,91.6,102.6,70.4,70.4,77.4
המרכזי בעמק,91.6,2022-05-01T00:00:00.000Z,91.6,102.6,70.4,70.4,77.4
המרכזי בעמק,91.6,2022-05-01T00:00:00.000Z,91.6,102.6,70.4,70.4,77.4
המרכזי בעמק,91.6,2022-05-01T00:00:00.000Z,91.6,102.6,70.4,70.4,77.4
המרכזי בעמק,91.6,2022-05-01T00:00:00.000Z,91.6,102.6,70.4,70.4,77.4
המרכזי בעמק,91.6,2022-05-01T00:00:00.000Z,91.6,102.6,70.4,70.4,77.4
המרכזי בעמק,91.6,2022-05-01T00:00:00.000Z,91.6,102.6,70.4,70.4,77.4
המרכזי בעמק,91.6,2022-05-01T00:00:00.000Z,91.6,102.6,70.4,70.4,77.4
המרכזי בעמק,91.6,2022-05-01T00:00:00.000Z,91.6,102.6,70.4,70.4,77.4
המרכזי בעמק,91.6,2022-05-01T00:00:00.000Z,91.6,102.6,70.4,70.4,77.4
המרכזי בעמק,91.6,2022-05-01T00:00:00.000Z,91.6,102.6,70.4,70.4,77.4
המרכזי בעמק,91.6,2022-05-01T00:00:00.000Z,91.6,102.6,70.4,70.4,77.4
המרכזי בעמק,91.6,2022-05-01T00:00:00.000Z,91.6,102.6,70.4,70.4,77.4
המרכזי בעמק,91.6,2022-05-01T00:00:00.000Z,91.6,102.6,70.4,70.4,77.4
המרכזי בעמק,91.6,2022-05-01T00:00:00.000Z,91.6,102.6,70.4,70.4,77.4
המרכזי בעמק,91.6,2022-05-01T00:00:00.000Z,91.6,102.6,70.4,70.4,77.4
המרכזי בעמק,91.6,2022-05-01T00:00:00.000Z,91.6,102.6,70.4,70.4,77.4
המרכזי בעמק,91.6,2022-05-01T00:00:00.000Z,91.6,102.6,70.4,70.4,77.4
המרכזי בעמק,91.6,2022-05-01T00:00:00.000Z,91.6,102.6,70.4,70.4,77.4
המרכזי בעמק,91.6,2022-05-01T00:00:00.000Z,91.6,102.6,70.4,70.4,77.4
המרכזי בעמק,91.6,2022-05-01T00:00:00.000Z,91.6,102.6,70.4,70.4,77.4
המרכזי בעמק,91.6,2022-05-01T00:00:00.000Z,91.6,102.6,70.4,70.4,77.4
המרכזי בעמק,91.6,2022-05-01T00:00:00.000Z,91.6,102.6,70.4,70.4,77.4
המרכזי בעמק,91.6,2022-05-01T00:00:00.000Z,91.6,102.6,70.4,70.4,77.4
המרכזי בעמק,91.6,2022-05-01T00:00:00.000Z,91.6,102.6,70.4,70.4,77.4
המרכזי בעמק,91.6,2022-05-01T00:00:00.000Z,91.6,102.6,70.4,70.4,77.4
המרכזי בעמק,91.6,2022-05-01T00:00:00.000Z,91.6,102.6,70.4,70.4,77.4
המרכזי בעמק,91.6,2022-05-01T00:00:00.000Z,91.6,102.6,70.4,70.4,77.4
המרכזי בעמק,91.6,2022-05-01T00:00:00.000Z,91.6,102.6,70.4,70.4,77.4
המרכזי בעמק,91.6,2022-05-01T00:00:00.000Z,91.6,102.6,70.4,70.4,77.4
המרכזי בעמק,91.6,2022-05-01T00:00:00.000Z,91.6,102.6,70.4,70.4,77.4
המרכזי בעמק,91.6,2022-05-01T00:00:00.000Z,91.6,102.6,70.4,70.4,77.4
המרכזי בעמק,91.6,2022-05-01T00:00:00.000Z,91.6,102.6,70.4,70.4,77.4
המרכזי בעמק,91.6,2022-05-01T00:00:00.000Z,91.6,102.6,70.4,70.4,77.4
המרכזי בעמק,91.6,2022-05-01T00:00:00.000Z,91.6,102.6,70.4,70.4,77.4
המרכזי בעמק,91.6,2022-05-01T00:00:00.000Z,91.6,102.6,70.4,70.4,77.4
המרכזי בעמק,91.6,2022-05-01T00:00:00.000Z,91.6,102.6,70.4,70.4,77.4
המרכזי בעמק,91.6,2022-05-01T00:00:00.000Z,91.6,102.6,70.4,70.4,77.4
המרכזי בעמק,91.6,2022-05-01T00:00:00.000Z,91.6,102.6,70.4,70.4,77.4
המרכזי בעמק,91.6,2022-05-01T00:00:00.000Z,91.6,102.6,70.4,70.4,77.4
המרכזי בעמק,91.6,2022-05-01T00:00:00.000Z,91.6,102.6,70.4,70.4,77.4
המרכזי בעמק,91.6,2022-05-01T00:00:00.000Z,91.6,102.6,70.4,70.4,77.4
המרכזי בעמק,91.6,2022-05-01T00:00:00.000Z,91.6,102.6,70.4,70.4,77.4
המרכזי בעמק,91.6,2022-05-01T00:00:00.000Z,91.6,102.6,70.4,70.4,77.4
המרכזי בעמק,91.6,2022-05-01T00:00:00.000Z,91.6,102.6,70.4,70.4,77.4
המרכזי בעמק,91.6,2022-05-01T00:00:00.000Z,91.6,102.6,70.4,70.4,77.4
המרכזי בעמק,91.6,2022-05-01T00:00:00.000Z,91.6,102.6,70.4,70.4,77.4
המרכזי בעמק,91.6,2022-05-01T00:00:00.000Z,91.6,102.6,70.4,70.4,77.4
המרכזי בעמק,91.6,2022-05-01T00:00:00.000Z,91.6,102.6,70.4,70.4,77.4
המרכזי בעמק,91.6,2022-05-01T00:00:00.000Z,91.6,102.6,70.4,70.4,77.4
המרכזי בעמק,91.6,2022-05-01T00:00:00.000Z,91.6,102.6,70.4,70.4,77.4
המרכזי בעמק,91.6,2022-05-01T00:00:00.000Z,91.6,102.6,70.4,70.4,77.4
המרכזי בעמק,91.6,2022-05-01T00:00:00.000Z,91.6,102.6,70.4,70.4,77.4
המרכזי בעמק,91.6,2022-05-01T00:00:00.000Z,91.6,102.6,70.4,70.4,77.4
המרכזי בעמק,91.6,2022-05-01T00:00:00.000Z,91.6,102.6,70.4,70.4,77.4
המרכזי בעמק,91.6,2022-05-01T00:00:00.000Z,91.6,102.6,70.4,70.4,77.4
המרכזי בעמק,91.6,2022-05-01T00:00:00.000Z,91.6,102.6,70.4,70.4,77.4
המרכזי בעמק,91.6,2022-05-01T00:00:00.000Z,91.6,102.6,70.4,70.4,77.4
המרכזי בעמק,91.6,2022-05-01T00:00:00.000Z,91.6,102.6,70.4,70.4,77.4
המרכזי בעמק,91.6,2022-05-01T00:00:00.000Z,91.6,102.6,70.4,70.4,77.4
המרכזי בעמק,91.6,2022-05-01T00:00:00.000Z,91.6,102.6,70.4,70.4,77.4
המרכזי בעמק,91.6,2022-05-01T00:00:00.000Z,91.6,102.6,70.4,70.4,77.4
המרכזי בעמק,91.6,2022-05-01T00:00:00.000Z,91.6,102.6,70.4,70.4,77.4
המרכזי בעמק,91.6,2022-05-01T00:00:00.000Z,91.6,102.6,70.4,70.4,77.4
המרכזי בעמק,91.6,2022-05-01T00:00:00.000Z,91.6,102.6,70.4,70.4,77.4
המרכזי בעמק,91.6,2022-05-01T00:00:00.000Z,91.6,102.6,70.4,70.4,77.4
המרכזי בעמק,91.6,2022-05-01T00:00:00.000Z,91.6,102.6,70.4,70.4,77.4
המרכזי בעמק,91.6,2022-05-01T00:00:00.000Z,91.6,102.6,70.4,70.4,77.4
המרכזי בעמק,91.6,2022-05-01T00:00:00.000Z,91.6,102.6,70.4,70.4,77.4
המרכזי בעמק,91.6,2022-05-01T00:00:00.000Z,91.6,102.6,70.4,70.4,77.4
המרכזי בעמק,91.6,2022-05-01T00:00:00.000Z,91.6,102.6,70.4,70.4,77.4
המרכזי בעמק,91.6,2022-05-01T00:00:00.000Z,91.6,102.6,70.4,70.4,77.4
המרכזי בעמק,91.6,2022-05-01T00:00:00.000Z,91.6,102.6,70.4,70.4,77.4
המרכזי בעמק,91.6,2022-05-01T00:00:00.000Z,91.6,102.6,70.4,70.4,77.4
המרכזי בעמק,91.6,2022-05-01T00:00:00.000Z,91.6,102.6,70.4,70.4,77.4
המרכזי בעמק,91.6,2022-05-01T00:00:00.000Z,91.6,102.6,70.4,70.4,77.4
המרכזי בעמק,91.6,2022-05-01T00:00:00.000Z,91.6,102.6,70.4,70.4,77.4
המרכזי בעמק,91.6,2022-05-01T00:00:00.000Z,91.6,102.6,70.4,70.4,77.4
המרכזי בעמק,91.6,2022-05-01T00:00:00.000Z,91.6,102.6,70.4,70.4,77.4
המרכזי בעמק,91.6,2022-05-01T00:00:00.000Z,91.6,102.6,70.4,70.4,77.4
המרכזי בעמק,91.6,2022-05-01T00:00:00.000Z,91.6,102.6,70.4,70.4,77.4
המרכזי בעמק,91.6,2022-05-01T00:00:00.000Z,91.6,102.6,70.4,70.4,77.4
המרכזי בעמק,91.6,2022-05-01T00:00:00.000Z,91.6,102.6,70.4,70.4,77.4
המרכזי בעמק,91.6,2022-05-01T00:00:00.000Z,91.6,102.6,70.4,70.4,77.4
המרכזי בעמק,91.6,2022-05-01T00:00:00.000Z,91.6,102.6,70.4,70.4,77.4
המרכזי בעמק,91.6,2022-05-01T00:00:00.000Z,91.6,102.6,70.4,70.4,77.4
המרכזי בעמק,91.6,2022-05-01T00:00:00.000Z,91.6,102.6,70.4,70.4,77.4
המרכזי בעמק,91.6,2022-05-01T00:00:00.000Z,91.6,102.6,70.4,70.4,77.4
המרכזי בעמק,91.6,2022-05-01T00:00:00.000Z,91.6,102.6,70.4,70.4,77.4
המרכזי בעמק,91.6,2022-05-01T00:00:00.000Z,91.6,102.6,70.4,70.4,77.4
המרכזי בעמק,91.6,2022-05-01T00:00:00.000Z,91.6,102.6,70.4,70.4,77.4
המרכזי בעמק,91.6,2022-05-01T00:00:00.000Z,91.6,102.6,70.4,70.4,77.4
המרכזי בעמק,91.6,2022-05-01T00:00:00.000Z,91.6,102.6,70.4,70.4,77.4
המרכזי בעמק,91.6,2022-05-01T00:00:00.000Z,91.6,102.6,70.4,70.4,77.4
המרכזי בעמק,91.6,2022-05-01T00:00:00.000Z,91.6,102.6,70.4,70.4,77.4
המרכזי בעמק,91.6,2022-05-01T00:00:00.000Z,91.6,102.6,70.4,70.4,77.4
המרכזי בעמק,91.6,2022-05-01T00:00:00.000Z,91.6,102.6,70.4,70.4,77.4
המרכזי בעמק,91.6,2022-05-01T00:00:00.000Z,91.6,102.6,70.4,70.4,77.4
המרכזי בעמק,91.6,2022-05-01T00:00:00.000Z,91.6,102.6,70.4,70.4,77.4
המרכזי בעמק,91.6,2022-05-01T00:00:00.000Z,91.6,102.6,70.4,70.4,77.4
המרכזי בעמק,91.6,2022-05-01T00:00:00.000Z,91.6,102.6,70.4,70.4,77.4
המרכזי בעמק,91.6,2022-05-01T00:00:00.000Z,91.6,102.6,70.4,70.4,77.4
המרכזי בעמק,91.6,2022-05-01T00:00:00.000Z,91.6,102.6,70.4,70.4,77.4
המרכזי בעמק,91.6,2022-05-01T00:00:00.000Z,91.6,102.6,70.4,70.4,77.4
המרכזי בעמק,91.6,2022-05-01T00:00:00.000Z,91.6,102.6,70.4,70.4,77.4
המרכזי בעמק,91.6,2022-05-01T00:00:00.000Z,91.6,102.6,70.4,70.4,77.4
המרכזי בעמק,91.6,2022-05-01T00:00:00.000Z,91.6,102.6,70.4,70.4,77.4
המרכזי בעמק,91.6,2022-05-01T00:00:00.000Z,91.6,102.6,70.4,70.4,77.4
המרכזי בעמק,91.6,2022-05-01T00:00:00.000Z,91.6,102.6,70.4,70.4,77.4
המרכזי בעמק,91.6,2022-05-01T00:00:00.000Z,91.6,102.6,70.4,70.4,77.4
המרכזי בעמק,91.6,2022-05-01T00:00:00.000Z,91.6,102.6,70.4,70.4,77.4
המרכזי בעמק,91.6,2022-05-01T00:00:00.000Z,91.6,102.6,70.4,70.4,77.4
המרכזי בעמק,91.6,2022-05-01T00:00:00.000Z,91.6,102.6,70.4,70.4,77.4
המרכזי בעמק,91.6,2022-05-01T00:00:00.000Z,91.6,102.6,70.4,70.4,77.4
המרכזי בעמק,91.6,2022-05-01T00:00:00.000Z,91.6,102.6,70.4,70.4,77.4
המרכזי בעמק,91.6,2022-05-01T00:00:00.000Z,91.6,102.6,70.4,70.4,77.4
המרכזי בעמק,91.6,2022-05-01T00:00:00.000Z,91.6,102.6,70.4,70.4,77.4
המרכזי בעמק,91.6,2022-05-01T00:00:00.000Z,91.6,102.6,70.4,70.4,77.4
המרכזי בעמק,91.6,2022-05-01T00:00:00.000Z,91.6,102.6,70.4,70.4,77.4
המרכזי בעמק,91.6,2022-05-01T00:00:00.000Z,91.6,102.6,70.4,70.4,77.4
המרכזי בעמק,91.6,2022-05-01T00:00:00.000Z,91.6,102.6,70.4,70.4,77.4
המרכזי בעמק,91.6,2022-05-01T00:00:00.000Z,91.6,102.6,70.4,70.4,77.4
המרכזי בעמק,91.6,2022-05-01T00:00:00.000Z,91.6,102.6,70.4,70.4,77.4
המרכזי בעמק,91.6,2022-05-01T00:00:00.000Z,91.6,102.6,70.4,70.4,77.4
המרכזי בעמק,91.6,2022-05-01T00:00:00.000Z,91.6,102.6,70.4,70.4,77.4
המרכזי בעמק,91.6,2022-05-01T00:00:00.000Z,91.6,102.6,70.4,70.4,77.4
המרכזי בעמק,91.6,2022-05-01T00:00:00.000Z,91.6,102.6,70.4,70.4,77.4
המרכזי בעמק,91.6,2022-05-01T00:00:00.000Z,91.6,102.6,70.4,70.4,77.4
המרכזי בעמק,91.6,2022-05-01T00:00:00.000Z,91.6,102.6,70.4,70.4,77.4
המרכזי בעמק,91.6,2022-05-01T00:00:00.000Z,91.6,102.6,70.4,70.4,77.4
המרכזי בעמק,91.6,2022-05-01T00:00:00.000Z,91.6,102.6,70.4,70.4,77.4
המרכזי בעמק,91.6,2022-05-01T00:00:00.000Z,91.6,102.6,70.4,70.4,77.4
המרכזי בעמק,91.6,2022-05-01T00:00:00.000Z,91.6,102.6,70.4,70.4,77.4
המרכזי בעמק,91.6,2022-05-01T00:00:00.000Z,91.6,102.6,70.4,70.4,77.4
המרכזי בעמק,91.6,2022-05-01T00:00:00.000Z,91.6,102.6,70.4,70.4,77.4
המרכזי בעמק,91.6,2022-05-01T00:00:00.000Z,91.6,102.6,70.4,70.4,77.4
יוספטל,62.5,2022-05-01T00:00:00.000Z,62.5,75,43.1,43.1,46.2
יוספטל,62.5,2022-05-01T00:00:00.000Z,62.5,75,43.1,43.1,46.2
יוספטל,62.5,2022-05-01T00:00:00.000Z,62.5,75,43.1,43.1,46.2
יוספטל,62.5,2022-05-01T00:00:00.000Z,62.5,75,43.1,43.1,46.2
יוספטל,62.5,2022-05-01T00:00:00.000Z,62.5,75,43.1,43.1,46.2
יוספטל,62.5,2022-05-01T00:00:00.000Z,62.5,75,43.1,43.1,46.2
יוספטל,62.5,2022-05-01T00:00:00.000Z,62.5,75,43.1,43.1,46.2
יוספטל,62.5,2022-05-01T00:00:00.000Z,62.5,75,43.1,43.1,46.2
יוספטל,62.5,2022-05-01T00:00:00.000Z,62.5,75,43.1,43.1,46.2
יוספטל,62.5,2022-05-01T00:00:00.000Z,62.5,75,43.1,43.1,46.2
יוספטל,62.5,2022-05-01T00:00:00.000Z,62.5,75,43.1,43.1,46.2
יוספטל,62.5,2022-05-01T00:00:00.000Z,62.5,75,43.1,43.1,46.2
יוספטל,62.5,2022-05-01T00:00:00.000Z,62.5,75,43.1,43.1,46.2
יוספטל,62.5,2022-05-01T00:00:00.000Z,62.5,75,43.1,43.1,46.2
יוספטל,62.5,2022-05-01T00:00:00.000Z,62.5,75,43.1,43.1,46.2
יוספטל,62.5,2022-05-01T00:00:00.000Z,62.5,75,43.1,43.1,46.2
יוספטל,62.5,2022-05-01T00:00:00.000Z,62.5,75,43.1,43.1,46.2
יוספטל,62.5,2022-05-01T00:00:00.000Z,62.5,75,43.1,43.1,46.2
יוספטל,62.5,2022-05-01T00:00:00.000Z,62.5,75,43.1,43.1,46.2
יוספטל,62.5,2022-05-01T00:00:00.000Z,62.5,75,43.1,43.1,46.2
יוספטל,62.5,2022-05-01T00:00:00.000Z,62.5,75,43.1,43.1,46.2
יוספטל,62.5,2022-05-01T00:00:00.000Z,62.5,75,43.1,43.1,46.2
יוספטל,62.5,2022-05-01T00:00:00.000Z,62.5,75,43.1,43.1,46.2
יוספטל,62.5,2022-05-01T00:00:00.000Z,62.5,75,43.1,43.1,46.2
יוספטל,62.5,2022-05-01T00:00:00.000Z,62.5,75,43.1,43.1,46.2
יוספטל,62.5,2022-05-01T00:00:00.000Z,62.5,75,43.1,43.1,46.2
יוספטל,62.5,2022-05-01T00:00:00.000Z,62.5,75,43.1,43.1,46.2
יוספטל,62.5,2022-05-01T00:00:00.000Z,62.5,75,43.1,43.1,46.2
יוספטל,62.5,2022-05-01T00:00:00.000Z,62.5,75,43.1,43.1,46.2
יוספטל,62.5,2022-05-01T00:00:00.000Z,62.5,75,43.1,43.1,46.2
יוספטל,62.5,2022-05-01T00:00:00.000Z,62.5,75,43.1,43.1,46.2
יוספטל,62.5,2022-05-01T00:00:00.000Z,62.5,75,43.1,43.1,46.2
יוספטל,62.5,2022-05-01T00:00:00.000Z,62.5,75,43.1,43.1,46.2
יוספטל,62.5,2022-05-01T00:00:00.000Z,62.5,75,43.1,43.1,46.2
יוספטל,62.5,2022-05-01T00:00:00.000Z,62.5,75,43.1,43.1,46.2
יוספטל,62.5,2022-05-01T00:00:00.000Z,62.5,75,43.1,43.1,46.2
יוספטל,62.5,2022-05-01T00:00:00.000Z,62.5,75,43.1,43.1,46.2
יוספטל,62.5,2022-05-01T00:00:00.000Z,62.5,75,43.1,43.1,46.2
יוספטל,62.5,2022-05-01T00:00:00.000Z,62.5,75,43.1,43.1,46.2
יוספטל,62.5,2022-05-01T00:00:00.000Z,62.5,75,43.1,43.1,46.2
יוספטל,62.5,2022-05-01T00:00:00.000Z,62.5,75,43.1,43.1,46.2
יוספטל,62.5,2022-05-01T00:00:00.000Z,62.5,75,43.1,43.1,46.2
יוספטל,62.5,2022-05-01T00:00:00.000Z,62.5,75,43.1,43.1,46.2
יוספטל,62.5,2022-05-01T00:00:00.000Z,62.5,75,43.1,43.1,46.2
יוספטל,62.5,2022-05-01T00:00:00.000Z,62.5,75,43.1,43.1,46.2
יוספטל,62.5,2022-05-01T00:00:00.000Z,62.5,75,43.1,43.1,46.2
יוספטל,62.5,2022-05-01T00:00:00.000Z,62.5,75,43.1,43.1,46.2
יוספטל,62.5,2022-05-01T00:00:00.000Z,62.5,75,43.1,43.1,46.2
"רמב""ם",96,2022-05-01T00:00:00.000Z,96,100,87,87,82.8
"רמב""ם",96,2022-05-01T00:00:00.000Z,96,100,87,87,82.8
"רמב""ם",96,2022-05-01T00:00:00.000Z,96,100,87,87,82.8
"רמב""ם",96,2022-05-01T00:00:00.000Z,96,100,87,87,82.8
"רמב""ם",96,2022-05-01T00:00:00.000Z,96,100,87,87,82.8
"רמב""ם",96,2022-05-01T00:00:00.000Z,96,100,87,87,82.8
"רמב""ם",96,2022-05-01T00:00:00.000Z,96,100,87,87,82.8
בני ציון,86,2022-05-01T00:00:00.000Z,89.3,92.6,83.4,77.4,71.8
בני ציון,86,2022-05-01T00:00:00.000Z,88.8,93.5,83.4,78.2,73.2
בני ציון,86,2022-05-01T00:00:00.000Z,88.3,94.5,83.4,79.1,74.7
בני ציון,86,2022-05-01T00:00:00.000Z,87.8,95.4,83.4,79.9,76.1
בני ציון,86,2022-05-01T00:00:00.000Z,87.4,96.3,83.4,80.8,77.5
בני ציון,86,2022-05-01T00:00:00.000Z,86.9,97.3,83.4,81.7,78.9
בני ציון,86,2022-05-01T00:00:00.000Z,86.4,98.2,83.4,82.5,80.3
בני ציון,86,2022-05-01T00:00:00.000Z,86,99.2,83.4,83.4,81.8
בני ציון,86,2022-05-01T00:00:00.000Z,86,99.2,83.4,83.4,81.8
בני ציון,86,2022-05-01T00:00:00.000Z,86,99.2,83.4,83.4,81.8
בני ציון,86,2022-05-01T00:00:00.000Z,86,99.2,83.4,83.4,81.8
בני ציון,86,2022-05-01T00:00:00.000Z,86,99.2,83.4,83.4,81.8
בני ציון,86,2022-05-01T00:00:00.000Z,86,99.2,83.4,83.4,81.8
בני ציון,86,2022-05-01T00:00:00.000Z,86,99.2,83.4,83.4,81.8
בני ציון,86,2022-05-01T00:00:00.000Z,86,99.2,83.4,83.4,81.8
בני ציון,86,2022-05-01T00:00:00.000Z,86,99.2,83.4,83.4,81.8
בני ציון,86,2022-05-01T00:00:00.000Z,86,99.2,83.4,83.4,81.8
בני ציון,86,2022-05-01T00:00:00.000Z,86,99.2,83.4,83.4,81.8
בני ציון,86,2022-05-01T00:00:00.000Z,86,99.2,83.4,83.4,81.8
בני ציון,86,2022-05-01T00:00:00.000Z,86,99.2,83.4,83.4,81.8
בני ציון,86,2022-05-01T00:00:00.000Z,86,99.2,83.4,83.4,81.8
בני ציון,86,2022-05-01T00:00:00.000Z,86,99.2,83.4,83.4,81.8
בני ציון,86,2022-05-01T00:00:00.000Z,86,99.2,83.4,83.4,81.8
בני ציון,86,2022-05-01T00:00:00.000Z,86,99.2,83.4,83.4,81.8
בני ציון,86,2022-05-01T00:00:00.000Z,86,99.2,83.4,83.4,81.8
בני ציון,86,2022-05-01T00:00:00.000Z,86,99.2,83.4,83.4,81.8
בני ציון,86,2022-05-01T00:00:00.000Z,86,99.2,83.4,83.4,81.8
בני ציון,86,2022-05-01T00:00:00.000Z,86,99.2,83.4,83.4,81.8
בני ציון,86,2022-05-01T00:00:00.000Z,86,99.2,83.4,83.4,81.8
בני ציון,86,2022-05-01T00:00:00.000Z,86,99.2,83.4,83.4,81.8
בני ציון,86,2022-05-01T00:00:00.000Z,86,99.2,83.4,83.4,81.8
קפלן,91.3,2022-05-01T00:00:00.000Z,87.9,88.8,86,76.8,68.4
קפלן,91.3,2022-05-01T00:00:00.000Z,88.5,89.5,86,78.3,69.1
קפלן,91.3,2022-05-01T00:00:00.000Z,89,90.3,86,79.9,69.8
קפלן,91.3,2022-05-01T00:00:00.000Z,89.6,91,86,81.4,70.5
קפלן,91.3,2022-05-01T00:00:00.000Z,90.2,91.8,86,83,71.2
קפלן,91.3,2022-05-01T00:00:00.000Z,90.8,92.6,86,84.5,71.9
קפלן,91.3,2022-05-01T00:00:00.000Z,91.3,93.3,86,86,72.6
קפלן,91.3,2022-05-01T00:00:00.000Z,91.3,93.3,86,86,72.6
קפלן,91.3,2022-05-01T00:00:00.000Z,91.3,93.3,86,86,72.6
קפלן,91.3,2022-05-01T00:00:00.000Z,91.3,93.3,86,86,72.6
קפלן,91.3,2022-05-01T00:00:00.000Z,91.3,93.3,86,86,72.6
קפלן,91.3,2022-05-01T00:00:00.000Z,91.3,93.3,86,86,72.6
קפלן,91.3,2022-05-01T00:00:00.000Z,91.3,93.3,86,86,72.6
קפלן,91.3,2022-05-01T00:00:00.000Z,91.3,93.3,86,86,72.6
קפלן,91.3,2022-05-01T00:00:00.000Z,91.3,93.3,86,86,72.6
קפלן,91.3,2022-05-01T00:00:00.000Z,91.3,93.3,86,86,72.6
קפלן,91.3,2022-05-01T00:00:00.000Z,91.3,93.3,86,86,72.6
קפלן,91.3,2022-05-01T00:00:00.000Z,91.3,93.3,86,86,72.6
קפלן,91.3,2022-05-01T00:00:00.000Z,91.3,93.3,86,86,72.6
קפלן,91.3,2022-05-01T00:00:00.000Z,91.3,93.3,86,86,72.6
קפלן,91.3,2022-05-01T00:00:00.000Z,91.3,93.3,86,86,72.6
קפלן,91.3,2022-05-01T00:00:00.000Z,91.3,93.3,86,86,72.6
קפלן,91.3,2022-05-01T00:00:00.000Z,91.3,93.3,86,86,72.6
קפלן,91.3,2022-05-01T00:00:00.000Z,91.3,93.3,86,86,72.6
קפלן,91.3,2022-05-01T00:00:00.000Z,91.3,93.3,86,86,72.6
קפלן,91.3,2022-05-01T00:00:00.000Z,91.3,93.3,86,86,72.6
קפלן,91.3,2022-05-01T00:00:00.000Z,91.3,93.3,86,86,72.6
קפלן,91.3,2022-05-01T00:00:00.000Z,91.3,93.3,86,86,72.6
קפלן,91.3,2022-05-01T00:00:00.000Z,91.3,93.3,86,86,72.6
קפלן,91.3,2022-05-01T00:00:00.000Z,91.3,93.3,86,86,72.6
קפלן,91.3,2022-05-01T00:00:00.000Z,91.3,93.3,86,86,72.6
קפלן,91.3,2022-05-01T00:00:00.000Z,91.3,93.3,86,86,72.6
קפלן,91.3,2022-05-01T00:00:00.000Z,91.3,93.3,86,86,72.6
קפלן,91.3,2022-05-01T00:00:00.000Z,91.3,93.3,86,86,72.6
קפלן,91.3,2022-05-01T00:00:00.000Z,91.3,93.3,86,86,72.6
קפלן,91.3,2022-05-01T00:00:00.000Z,91.3,93.3,86,86,72.6
קפלן,91.3,2022-05-01T00:00:00.000Z,91.3,93.3,86,86,72.6
קפלן,91.3,2022-05-01T00:00:00.000Z,91.3,93.3,86,86,72.6
קפלן,91.3,2022-05-01T00:00:00.000Z,91.3,93.3,86,86,72.6
קפלן,91.3,2022-05-01T00:00:00.000Z,91.3,93.3,86,86,72.6
קפלן,91.3,2022-05-01T00:00:00.000Z,91.3,93.3,86,86,72.6
קפלן,91.3,2022-05-01T00:00:00.000Z,91.3,93.3,86,86,72.6
קפלן,91.3,2022-05-01T00:00:00.000Z,91.3,93.3,86,86,72.6
קפלן,91.3,2022-05-01T00:00:00.000Z,91.3,93.3,86,86,72.6
קפלן,91.3,2022-05-01T00:00:00.000Z,91.3,93.3,86,86,72.6
קפלן,91.3,2022-05-01T00:00:00.000Z,91.3,93.3,86,86,72.6
קפלן,91.3,2022-05-01T00:00:00.000Z,91.3,93.3,86,86,72.6
קפלן,91.3,2022-05-01T00:00:00.000Z,91.3,93.3,86,86,72.6
קפלן,91.3,2022-05-01T00:00:00.000Z,91.3,93.3,86,86,72.6
קפלן,91.3,2022-05-01T00:00:00.000Z,91.3,93.3,86,86,72.6
קפלן,91.3,2022-05-01T00:00:00.000Z,91.3,93.3,86,86,72.6
קפלן,91.3,2022-05-01T00:00:00.000Z,91.3,93.3,86,86,72.6
קפלן,91.3,2022-05-01T00:00:00.000Z,91.3,93.3,86,86,72.6
קפלן,91.3,2022-05-01T00:00:00.000Z,91.3,93.3,86,86,72.6
קפלן,91.3,2022-05-01T00:00:00.000Z,91.3,93.3,86,86,72.6
קפלן,91.3,2022-05-01T00:00:00.000Z,91.3,93.3,86,86,72.6
קפלן,91.3,2022-05-01T00:00:00.000Z,91.3,93.3,86,86,72.6
קפלן,91.3,2022-05-01T00:00:00.000Z,91.3,93.3,86,86,72.6
קפלן,91.3,2022-05-01T00:00:00.000Z,91.3,93.3,86,86,72.6
קפלן,91.3,2022-05-01T00:00:00.000Z,91.3,93.3,86,86,72.6
קפלן,91.3,2022-05-01T00:00:00.000Z,91.3,93.3,86,86,72.6
קפלן,91.3,2022-05-01T00:00:00.000Z,91.3,93.3,86,86,72.6
קפלן,91.3,2022-05-01T00:00:00.000Z,91.3,93.3,86,86,72.6
קפלן,91.3,2022-05-01T00:00:00.000Z,91.3,93.3,86,86,72.6
קפלן,91.3,2022-05-01T00:00:00.000Z,91.3,93.3,86,86,72.6
קפלן,91.3,2022-05-01T00:00:00.000Z,91.3,93.3,86,86,72.6
קפלן,91.3,2022-05-01T00:00:00.000Z,91.3,93.3,86,86,72.6
קפלן,91.3,2022-05-01T00:00:00.000Z,91.3,93.3,86,86,72.6
קפלן,91.3,2022-05-01T00:00:00.000Z,91.3,93.3,86,86,72.6
קפלן,91.3,2022-05-01T00:00:00.000Z,91.3,93.3,86,86,72.6
קפלן,91.3,2022-05-01T00:00:00.000Z,91.3,93.3,86,86,72.6
קפלן,91.3,2022-05-01T00:00:00.000Z,91.3,93.3,86,86,72.6
קפלן,91.3,2022-05-01T00:00:00.000Z,91.3,93.3,86,86,72.6
קפלן,91.3,2022-05-01T00:00:00.000Z,91.3,93.3,86,86,72.6
קפלן,91.3,2022-05-01T00:00:00.000Z,91.3,93.3,86,86,72.6
קפלן,91.3,2022-05-01T00:00:00.000Z,91.3,93.3,86,86,72.6
קפלן,91.3,2022-05-01T00:00:00.000Z,91.3,93.3,86,86,72.6
קפלן,91.3,2022-05-01T00:00:00.000Z,91.3,93.3,86,86,72.6
קפלן,91.3,2022-05-01T00:00:00.000Z,91.3,93.3,86,86,72.6
הדסה הר הצופים,86.1,2022-05-01T00:00:00.000Z,80.6,61.1,76,74.3,66
הדסה הר הצופים,86.1,2022-05-01T00:00:00.000Z,81.3,63.1,76,74.6,66.3
הדסה הר הצופים,86.1,2022-05-01T00:00:00.000Z,82.1,65.1,76,74.8,66.7
הדסה הר הצופים,86.1,2022-05-01T00:00:00.000Z,82.9,67.1,76,75,67
הדסה הר הצופים,86.1,2022-05-01T00:00:00.000Z,83.7,69,76,75.3,67.4
הדסה הר הצופים,86.1,2022-05-01T00:00:00.000Z,84.5,71,76,75.5,67.7
הדסה הר הצופים,86.1,2022-05-01T00:00:00.000Z,85.3,73,76,75.8,68.1
הדסה הר הצופים,86.1,2022-05-01T00:00:00.000Z,86.1,75,76,76,68.4
הדסה הר הצופים,86.1,2022-05-01T00:00:00.000Z,86.1,75,76,76,68.4
הדסה הר הצופים,86.1,2022-05-01T00:00:00.000Z,86.1,75,76,76,68.4
הדסה הר הצופים,86.1,2022-05-01T00:00:00.000Z,86.1,75,76,76,68.4
הדסה הר הצופים,86.1,2022-05-01T00:00:00.000Z,86.1,75,76,76,68.4
הדסה הר הצופים,86.1,2022-05-01T00:00:00.000Z,86.1,75,76,76,68.4
הדסה הר הצופים,86.1,2022-05-01T00:00:00.000Z,86.1,75,76,76,68.4
הדסה הר הצופים,86.1,2022-05-01T00:00:00.000Z,86.1,75,76,76,68.4
הדסה הר הצופים,86.1,2022-05-01T00:00:00.000Z,86.1,75,76,76,68.4
הדסה הר הצופים,86.1,2022-05-01T00:00:00.000Z,86.1,75,76,76,68.4
הדסה הר הצופים,86.1,2022-05-01T00:00:00.000Z,86.1,75,76,76,68.4
הדסה הר הצופים,86.1,2022-05-01T00:00:00.000Z,86.1,75,76,76,68.4
הדסה הר הצופים,86.1,2022-05-01T00:00:00.000Z,86.1,75,76,76,68.4
הדסה הר הצופים,86.1,2022-05-01T00:00:00.000Z,86.1,75,76,76,68.4
הדסה הר הצופים,86.1,2022-05-01T00:00:00.000Z,86.1,75,76,76,68.4
הדסה הר הצופים,86.1,2022-05-01T00:00:00.000Z,86.1,75,76,76,68.4
הדסה הר הצופים,86.1,2022-05-01T00:00:00.000Z,86.1,75,76,76,68.4
הדסה הר הצופים,86.1,2022-05-01T00:00:00.000Z,86.1,75,76,76,68.4
הדסה הר הצופים,86.1,2022-05-01T00:00:00.000Z,86.1,75,76,76,68.4
הדסה הר הצופים,86.1,2022-05-01T00:00:00.000Z,86.1,75,76,76,68.4
הדסה הר הצופים,86.1,2022-05-01T00:00:00.000Z,86.1,75,76,76,68.4
הדסה הר הצופים,86.1,2022-05-01T00:00:00.000Z,86.1,75,76,76,68.4
הדסה הר הצופים,86.1,2022-05-01T00:00:00.000Z,86.1,75,76,76,68.4
הדסה הר הצופים,86.1,2022-05-01T00:00:00.000Z,86.1,75,76,76,68.4
הדסה הר הצופים,86.1,2022-05-01T00:00:00.000Z,86.1,75,76,76,68.4
הדסה הר הצופים,86.1,2022-05-01T00:00:00.000Z,86.1,75,76,76,68.4
הדסה הר הצופים,86.1,2022-05-01T00:00:00.000Z,86.1,75,76,76,68.4
הדסה הר הצופים,86.1,2022-05-01T00:00:00.000Z,86.1,75,76,76,68.4
הדסה הר הצופים,86.1,2022-05-01T00:00:00.000Z,86.1,75,76,76,68.4
הדסה הר הצופים,86.1,2022-05-01T00:00:00.000Z,86.1,75,76,76,68.4
הדסה הר הצופים,86.1,2022-05-01T00:00:00.000Z,86.1,75,76,76,68.4
הדסה הר הצופים,86.1,2022-05-01T00:00:00.000Z,86.1,75,76,76,68.4
הדסה הר הצופים,86.1,2022-05-01T00:00:00.000Z,86.1,75,76,76,68.4
הדסה הר הצופים,86.1,2022-05-01T00:00:00.000Z,86.1,75,76,76,68.4
הדסה הר הצופים,86.1,2022-05-01T00:00:00.000Z,86.1,75,76,76,68.4
הדסה הר הצופים,86.1,2022-05-01T00:00:00.000Z,86.1,75,76,76,68.4
הדסה הר הצופים,86.1,2022-05-01T00:00:00.000Z,86.1,75,76,76,68.4
הדסה הר הצופים,86.1,2022-05-01T00:00:00.000Z,86.1,75,76,76,68.4
הדסה הר הצופים,86.1,2022-05-01T00:00:00.000Z,86.1,75,76,76,68.4
הדסה הר הצופים,86.1,2022-05-01T00:00:00.000Z,86.1,75,76,76,68.4
הדסה הר הצופים,86.1,2022-05-01T00:00:00.000Z,86.1,75,76,76,68.4
הדסה הר הצופים,86.1,2022-05-01T00:00:00.000Z,86.1,75,76,76,68.4
הדסה הר הצופים,86.1,2022-05-01T00:00:00.000Z,86.1,75,76,76,68.4
הדסה הר הצופים,86.1,2022-05-01T00:00:00.000Z,86.1,75,76,76,68.4
הדסה הר הצופים,86.1,2022-05-01T00:00:00.000Z,86.1,75,76,76,68.4
הדסה הר הצופים,86.1,2022-05-01T00:00:00.000Z,86.1,75,76,76,68.4
הדסה הר הצופים,86.1,2022-05-01T00:00:00.000Z,86.1,75,76,76,68.4
הדסה הר הצופים,86.1,2022-05-01T00:00:00.000Z,86.1,75,76,76,68.4
הדסה הר הצופים,86.1,2022-05-01T00:00:00.000Z,86.1,75,76,76,68.4
הדסה הר הצופים,86.1,2022-05-01T00:00:00.000Z,86.1,75,76,76,68.4
הדסה הר הצופים,86.1,2022-05-01T00:00:00.000Z,86.1,75,76,76,68.4
הדסה הר הצופים,86.1,2022-05-01T00:00:00.000Z,86.1,75,76,76,68.4
הדסה הר הצופים,86.1,2022-05-01T00:00:00.000Z,86.1,75,76,76,68.4
הדסה הר הצופים,86.1,2022-05-01T00:00:00.000Z,86.1,75,76,76,68.4
הדסה הר הצופים,86.1,2022-05-01T00:00:00.000Z,86.1,75,76,76,68.4
הדסה הר הצופים,86.1,2022-05-01T00:00:00.000Z,86.1,75,76,76,68.4
הדסה הר הצופים,86.1,2022-05-01T00:00:00.000Z,86.1,75,76,76,68.4
הדסה הר הצופים,86.1,2022-05-01T00:00:00.000Z,86.1,75,76,76,68.4
הדסה הר הצופים,86.1,2022-05-01T00:00:00.000Z,86.1,75,76,76,68.4
הדסה הר הצופים,86.1,2022-05-01T00:00:00.000Z,86.1,75,76,76,68.4
הדסה הר הצופים,86.1,2022-05-01T00:00:00.000Z,86.1,75,76,76,68.4
הדסה הר הצופים,86.1,2022-05-01T00:00:00.000Z,86.1,75,76,76,68.4
הדסה הר הצופים,86.1,2022-05-01T00:00:00.000Z,86.1,75,76,76,68.4
הדסה הר הצופים,86.1,2022-05-01T00:00:00.000Z,86.1,75,76,76,68.4
הדסה הר הצופים,86.1,2022-05-01T00:00:00.000Z,86.1,75,76,76,68.4
הדסה הר הצופים,86.1,2022-05-01T00:00:00.000Z,86.1,75,76,76,68.4
הדסה הר הצופים,86.1,2022-05-01T00:00:00.000Z,86.1,75,76,76,68.4
הדסה הר הצופים,86.1,2022-05-01T00:00:00.000Z,86.1,75,76,76,68.4
הדסה הר הצופים,86.1,2022-05-01T00:00:00.000Z,86.1,75,76,76,68.4
הדסה הר הצופים,86.1,2022-05-01T00:00:00.000Z,86.1,75,76,76,68.4
הדסה הר הצופים,86.1,2022-05-01T00:00:00.000Z,86.1,75,76,76,68.4
הדסה הר הצופים,86.1,2022-05-01T00:00:00.000Z,86.1,75,76,76,68.4
הדסה הר הצופים,86.1,2022-05-01T00:00:00.000Z,86.1,75,76,76,68.4
מאיר,80.5,2022-05-01T00:00:00.000Z,75.1,66.4,81.1,77.2,71.8
מאיר,80.5,2022-05-01T00:00:00.000Z,76.2,67.6,81.1,77.9,72.5
מאיר,80.5,2022-05-01T00:00:00.000Z,77.3,68.9,81.1,78.7,73.2
מאיר,80.5,2022-05-01T00:00:00.000Z,78.4,70.1,81.1,79.5,73.9
מאיר,80.5,2022-05-01T00:00:00.000Z,79.4,71.3,81.1,80.3,74.6
מאיר,80.5,2022-05-01T00:00:00.000Z,80.5,72.5,81.1,81.1,75.3
מאיר,80.5,2022-05-01T00:00:00.000Z,80.5,72.5,81.1,81.1,75.3
מאיר,80.5,2022-05-01T00:00:00.000Z,80.5,72.5,81.1,81.1,75.3
מאיר,80.5,2022-05-01T00:00:00.000Z,80.5,72.5,81.1,81.1,75.3
מאיר,80.5,2022-05-01T00:00:00.000Z,80.5,72.5,81.1,81.1,75.3
מאיר,80.5,2022-05-01T00:00:00.000Z,80.5,72.5,81.1,81.1,75.3
מאיר,80.5,2022-05-01T00:00:00.000Z,80.5,72.5,81.1,81.1,75.3
מאיר,80.5,2022-05-01T00:00:00.000Z,80.5,72.5,81.1,81.1,75.3
מאיר,80.5,2022-05-01T00:00:00.000Z,80.5,72.5,81.1,81.1,75.3
מאיר,80.5,2022-05-01T00:00:00.000Z,80.5,72.5,81.1,81.1,75.3
מאיר,80.5,2022-05-01T00:00:00.000Z,80.5,72.5,81.1,81.1,75.3
מאיר,80.5,2022-05-01T00:00:00.000Z,80.5,72.5,81.1,81.1,75.3
מאיר,80.5,2022-05-01T00:00:00.000Z,80.5,72.5,81.1,81.1,75.3
מאיר,80.5,2022-05-01T00:00:00.000Z,80.5,72.5,81.1,81.1,75.3
מאיר,80.5,2022-05-01T00:00:00.000Z,80.5,72.5,81.1,81.1,75.3
מאיר,80.5,2022-05-01T00:00:00.000Z,80.5,72.5,81.1,81.1,75.3
מאיר,80.5,2022-05-01T00:00:00.000Z,80.5,72.5,81.1,81.1,75.3
מאיר,80.5,2022-05-01T00:00:00.000Z,80.5,72.5,81.1,81.1,75.3
מאיר,80.5,2022-05-01T00:00:00.000Z,80.5,72.5,81.1,81.1,75.3
מאיר,80.5,2022-05-01T00:00:00.000Z,80.5,72.5,81.1,81.1,75.3
מאיר,80.5,2022-05-01T00:00:00.000Z,80.5,72.5,81.1,81.1,75.3
מאיר,80.5,2022-05-01T00:00:00.000Z,80.5,72.5,81.1,81.1,75.3
מאיר,80.5,2022-05-01T00:00:00.000Z,80.5,72.5,81.1,81.1,75.3
מאיר,80.5,2022-05-01T00:00:00.000Z,80.5,72.5,81.1,81.1,75.3
מאיר,80.5,2022-05-01T00:00:00.000Z,80.5,72.5,81.1,81.1,75.3
מאיר,80.5,2022-05-01T00:00:00.000Z,80.5,72.5,81.1,81.1,75.3
מאיר,80.5,2022-05-01T00:00:00.000Z,80.5,72.5,81.1,81.1,75.3
מאיר,80.5,2022-05-01T00:00:00.000Z,80.5,72.5,81.1,81.1,75.3
כלל המוסדות,91.5,2022-05-01T00:00:00.000Z,92.2,87.4,84.8,83.2,80.6
קפלן,91.3,2022-05-01T00:00:00.000Z,87.3,88,86,75.3,67.7
קפלן,91.3,2022-05-01T00:00:00.000Z,91.3,93.3,86,86,72.6
קפלן,91.3,2022-05-01T00:00:00.000Z,91.3,93.3,86,86,72.6
קפלן,91.3,2022-05-01T00:00:00.000Z,91.3,93.3,86,86,72.6
קפלן,91.3,2022-05-01T00:00:00.000Z,91.3,93.3,86,86,72.6
קפלן,91.3,2022-05-01T00:00:00.000Z,91.3,93.3,86,86,72.6
קפלן,91.3,2022-05-01T00:00:00.000Z,91.3,93.3,86,86,72.6
קפלן,91.3,2022-05-01T00:00:00.000Z,91.3,93.3,86,86,72.6
קפלן,91.3,2022-05-01T00:00:00.000Z,91.3,93.3,86,86,72.6
קפלן,91.3,2022-05-01T00:00:00.000Z,91.3,93.3,86,86,72.6
קפלן,91.3,2022-05-01T00:00:00.000Z,91.3,93.3,86,86,72.6
קפלן,91.3,2022-05-01T00:00:00.000Z,91.3,93.3,86,86,72.6
קפלן,91.3,2022-05-01T00:00:00.000Z,91.3,93.3,86,86,72.6
קפלן,91.3,2022-05-01T00:00:00.000Z,91.3,93.3,86,86,72.6
קפלן,91.3,2022-05-01T00:00:00.000Z,91.3,93.3,86,86,72.6
קפלן,91.3,2022-05-01T00:00:00.000Z,91.3,93.3,86,86,72.6
קפלן,91.3,2022-05-01T00:00:00.000Z,91.3,93.3,86,86,72.6
קפלן,91.3,2022-05-01T00:00:00.000Z,91.3,93.3,86,86,72.6
קפלן,91.3,2022-05-01T00:00:00.000Z,91.3,93.3,86,86,72.6
קפלן,91.3,2022-05-01T00:00:00.000Z,91.3,93.3,86,86,72.6
קפלן,91.3,2022-05-01T00:00:00.000Z,91.3,93.3,86,86,72.6
קפלן,91.3,2022-05-01T00:00:00.000Z,91.3,93.3,86,86,72.6
קפלן,91.3,2022-05-01T00:00:00.000Z,91.3,93.3,86,86,72.6
קפלן,91.3,2022-05-01T00:00:00.000Z,91.3,93.3,86,86,72.6
קפלן,91.3,2022-05-01T00:00:00.000Z,91.3,93.3,86,86,72.6
קפלן,91.3,2022-05-01T00:00:00.000Z,91.3,93.3,86,86,72.6
קפלן,91.3,2022-05-01T00:00:00.000Z,91.3,93.3,86,86,72.6
קפלן,91.3,2022-05-01T00:00:00.000Z,91.3,93.3,86,86,72.6
קפלן,91.3,2022-05-01T00:00:00.000Z,91.3,93.3,86,86,72.6
קפלן,91.3,2022-05-01T00:00:00.000Z,91.3,93.3,86,86,72.6
קפלן,91.3,2022-05-01T00:00:00.000Z,91.3,93.3,86,86,72.6
קפלן,91.3,2022-05-01T00:00:00.000Z,91.3,93.3,86,86,72.6
קפלן,91.3,2022-05-01T00:00:00.000Z,91.3,93.3,86,86,72.6
קפלן,91.3,2022-05-01T00:00:00.000Z,91.3,93.3,86,86,72.6
קפלן,91.3,2022-05-01T00:00:00.000Z,91.3,93.3,86,86,72.6
קפלן,91.3,2022-05-01T00:00:00.000Z,91.3,93.3,86,86,72.6
קפלן,91.3,2022-05-01T00:00:00.000Z,91.3,93.3,86,86,72.6
קפלן,91.3,2022-05-01T00:00:00.000Z,91.3,93.3,86,86,72.6
קפלן,91.3,2022-05-01T00:00:00.000Z,91.3,93.3,86,86,72.6
קפלן,91.3,2022-05-01T00:00:00.000Z,91.3,93.3,86,86,72.6
קפלן,91.3,2022-05-01T00:00:00.000Z,91.3,93.3,86,86,72.6
קפלן,91.3,2022-05-01T00:00:00.000Z,91.3,93.3,86,86,72.6
קפלן,91.3,2022-05-01T00:00:00.000Z,91.3,93.3,86,86,72.6
קפלן,91.3,2022-05-01T00:00:00.000Z,91.3,93.3,86,86,72.6
קפלן,91.3,2022-05-01T00:00:00.000Z,91.3,93.3,86,86,72.6
קפלן,91.3,2022-05-01T00:00:00.000Z,91.3,93.3,86,86,72.6
קפלן,91.3,2022-05-01T00:00:00.000Z,91.3,93.3,86,86,72.6
קפלן,91.3,2022-05-01T00:00:00.000Z,91.3,93.3,86,86,72.6
קפלן,91.3,2022-05-01T00:00:00.000Z,91.3,93.3,86,86,72.6
קפלן,91.3,2022-05-01T00:00:00.000Z,91.3,93.3,86,86,72.6
קפלן,91.3,2022-05-01T00:00:00.000Z,91.3,93.3,86,86,72.6
קפלן,91.3,2022-05-01T00:00:00.000Z,91.3,93.3,86,86,72.6
קפלן,91.3,2022-05-01T00:00:00.000Z,91.3,93.3,86,86,72.6
קפלן,91.3,2022-05-01T00:00:00.000Z,91.3,93.3,86,86,72.6
קפלן,91.3,2022-05-01T00:00:00.000Z,91.3,93.3,86,86,72.6
קפלן,91.3,2022-05-01T00:00:00.000Z,91.3,93.3,86,86,72.6
קפלן,91.3,2022-05-01T00:00:00.000Z,91.3,93.3,86,86,72.6
קפלן,91.3,2022-05-01T00:00:00.000Z,91.3,93.3,86,86,72.6
קפלן,91.3,2022-05-01T00:00:00.000Z,91.3,93.3,86,86,72.6
קפלן,91.3,2022-05-01T00:00:00.000Z,91.3,93.3,86,86,72.6
קפלן,91.3,2022-05-01T00:00:00.000Z,91.3,93.3,86,86,72.6
קפלן,91.3,2022-05-01T00:00:00.000Z,91.3,93.3,86,86,72.6
קפלן,91.3,2022-05-01T00:00:00.000Z,91.3,93.3,86,86,72.6
קפלן,91.3,2022-05-01T00:00:00.000Z,91.3,93.3,86,86,72.6
קפלן,91.3,2022-05-01T00:00:00.000Z,91.3,93.3,86,86,72.6
פוריה,74.4,2022-05-01T00:00:00.000Z,74.4,69.2,79.7,79.7,68.5
פוריה,74.4,2022-05-01T00:00:00.000Z,74.4,69.2,79.7,79.7,68.5
פוריה,74.4,2022-05-01T00:00:00.000Z,74.4,69.2,79.7,79.7,68.5
פוריה,74.4,2022-05-01T00:00:00.000Z,74.4,69.2,79.7,79.7,68.5
פוריה,74.4,2022-05-01T00:00:00.000Z,74.4,69.2,79.7,79.7,68.5
פוריה,74.4,2022-05-01T00:00:00.000Z,74.4,69.2,79.7,79.7,68.5
פוריה,74.4,2022-05-01T00:00:00.000Z,74.4,69.2,79.7,79.7,68.5
פוריה,74.4,2022-05-01T00:00:00.000Z,74.4,69.2,79.7,79.7,68.5
"רמב""ם",96,2022-05-01T00:00:00.000Z,96,100,87,87,82.8
"רמב""ם",96,2022-05-01T00:00:00.000Z,96,100,87,87,82.8
"רמב""ם",96,2022-05-01T00:00:00.000Z,96,100,87,87,82.8
"רמב""ם",96,2022-05-01T00:00:00.000Z,96,100,87,87,82.8
"רמב""ם",96,2022-05-01T00:00:00.000Z,96,100,87,87,82.8
"רמב""ם",96,2022-05-01T00:00:00.000Z,96,100,87,87,82.8
"רמב""ם",96,2022-05-01T00:00:00.000Z,96,100,87,87,82.8
"רמב""ם",96,2022-05-01T00:00:00.000Z,96,100,87,87,82.8
"רמב""ם",96,2022-05-01T00:00:00.000Z,96,100,87,87,82.8
"רמב""ם",96,2022-05-01T00:00:00.000Z,96,100,87,87,82.8
"רמב""ם",96,2022-05-01T00:00:00.000Z,96,100,87,87,82.8
"רמב""ם",96,2022-05-01T00:00:00.000Z,96,100,87,87,82.8
"רמב""ם",96,2022-05-01T00:00:00.000Z,96,100,87,87,82.8
"רמב""ם",96,2022-05-01T00:00:00.000Z,96,100,87,87,82.8
"רמב""ם",96,2022-05-01T00:00:00.000Z,96,100,87,87,82.8
"רמב""ם",96,2022-05-01T00:00:00.000Z,96,100,87,87,82.8
"רמב""ם",96,2022-05-01T00:00:00.000Z,96,100,87,87,82.8
"רמב""ם",96,2022-05-01T00:00:00.000Z,96,100,87,87,82.8
"רמב""ם",96,2022-05-01T00:00:00.000Z,96,100,87,87,82.8
"רמב""ם",96,2022-05-01T00:00:00.000Z,96,100,87,87,82.8
"רמב""ם",96,2022-05-01T00:00:00.000Z,96,100,87,87,82.8
"רמב""ם",96,2022-05-01T00:00:00.000Z,96,100,87,87,82.8
"רמב""ם",96,2022-05-01T00:00:00.000Z,96,100,87,87,82.8
הדסה הר הצופים,86.1,2022-05-01T00:00:00.000Z,86.1,75,76,76,68.4
הדסה הר הצופים,86.1,2022-05-01T00:00:00.000Z,86.1,75,76,76,68.4
הדסה הר הצופים,86.1,2022-05-01T00:00:00.000Z,86.1,75,76,76,68.4
הדסה הר הצופים,86.1,2022-05-01T00:00:00.000Z,86.1,75,76,76,68.4
הדסה הר הצופים,86.1,2022-05-01T00:00:00.000Z,86.1,75,76,76,68.4
הדסה הר הצופים,86.1,2022-05-01T00:00:00.000Z,86.1,75,76,76,68.4
הדסה הר הצופים,86.1,2022-05-01T00:00:00.000Z,86.1,75,76,76,68.4
הדסה הר הצופים,86.1,2022-05-01T00:00:00.000Z,86.1,75,76,76,68.4
הדסה הר הצופים,86.1,2022-05-01T00:00:00.000Z,86.1,75,76,76,68.4
הדסה הר הצופים,86.1,2022-05-01T00:00:00.000Z,86.1,75,76,76,68.4
הדסה הר הצופים,86.1,2022-05-01T00:00:00.000Z,86.1,75,76,76,68.4
הדסה הר הצופים,86.1,2022-05-01T00:00:00.000Z,86.1,75,76,76,68.4
הדסה הר הצופים,86.1,2022-05-01T00:00:00.000Z,86.1,75,76,76,68.4
הדסה הר הצופים,86.1,2022-05-01T00:00:00.000Z,86.1,75,76,76,68.4
הדסה הר הצופים,86.1,2022-05-01T00:00:00.000Z,86.1,75,76,76,68.4
הדסה הר הצופים,86.1,2022-05-01T00:00:00.000Z,86.1,75,76,76,68.4
הדסה הר הצופים,86.1,2022-05-01T00:00:00.000Z,86.1,75,76,76,68.4
הדסה הר הצופים,86.1,2022-05-01T00:00:00.000Z,86.1,75,76,76,68.4
הדסה הר הצופים,86.1,2022-05-01T00:00:00.000Z,86.1,75,76,76,68.4
הדסה הר הצופים,86.1,2022-05-01T00:00:00.000Z,86.1,75,76,76,68.4
הדסה הר הצופים,86.1,2022-05-01T00:00:00.000Z,86.1,75,76,76,68.4
הדסה הר הצופים,86.1,2022-05-01T00:00:00.000Z,86.1,75,76,76,68.4
הדסה הר הצופים,86.1,2022-05-01T00:00:00.000Z,86.1,75,76,76,68.4
הדסה הר הצופים,86.1,2022-05-01T00:00:00.000Z,86.1,75,76,76,68.4
הדסה הר הצופים,86.1,2022-05-01T00:00:00.000Z,86.1,75,76,76,68.4
הדסה הר הצופים,86.1,2022-05-01T00:00:00.000Z,86.1,75,76,76,68.4
הדסה הר הצופים,86.1,2022-05-01T00:00:00.000Z,86.1,75,76,76,68.4
הדסה הר הצופים,86.1,2022-05-01T00:00:00.000Z,86.1,75,76,76,68.4
הדסה הר הצופים,86.1,2022-05-01T00:00:00.000Z,86.1,75,76,76,68.4
הדסה הר הצופים,86.1,2022-05-01T00:00:00.000Z,86.1,75,76,76,68.4
הדסה הר הצופים,86.1,2022-05-01T00:00:00.000Z,86.1,75,76,76,68.4
הדסה הר הצופים,86.1,2022-05-01T00:00:00.000Z,86.1,75,76,76,68.4
הדסה הר הצופים,86.1,2022-05-01T00:00:00.000Z,86.1,75,76,76,68.4
הדסה הר הצופים,86.1,2022-05-01T00:00:00.000Z,86.1,75,76,76,68.4
הדסה הר הצופים,86.1,2022-05-01T00:00:00.000Z,86.1,75,76,76,68.4
הדסה הר הצופים,86.1,2022-05-01T00:00:00.000Z,86.1,75,76,76,68.4
הדסה הר הצופים,86.1,2022-05-01T00:00:00.000Z,86.1,75,76,76,68.4
הדסה הר הצופים,86.1,2022-05-01T00:00:00.000Z,86.1,75,76,76,68.4
הדסה הר הצופים,86.1,2022-05-01T00:00:00.000Z,86.1,75,76,76,68.4
הדסה הר הצופים,86.1,2022-05-01T00:00:00.000Z,86.1,75,76,76,68.4
הדסה הר הצופים,86.1,2022-05-01T00:00:00.000Z,86.1,75,76,76,68.4
הדסה הר הצופים,86.1,2022-05-01T00:00:00.000Z,86.1,75,76,76,68.4
הדסה הר הצופים,86.1,2022-05-01T00:00:00.000Z,86.1,75,76,76,68.4
הדסה הר הצופים,86.1,2022-05-01T00:00:00.000Z,86.1,75,76,76,68.4
הדסה הר הצופים,86.1,2022-05-01T00:00:00.000Z,86.1,75,76,76,68.4
הדסה הר הצופים,86.1,2022-05-01T00:00:00.000Z,86.1,75,76,76,68.4
הדסה הר הצופים,86.1,2022-05-01T00:00:00.000Z,86.1,75,76,76,68.4
הדסה הר הצופים,86.1,2022-05-01T00:00:00.000Z,86.1,75,76,76,68.4
הדסה הר הצופים,86.1,2022-05-01T00:00:00.000Z,86.1,75,76,76,68.4
הדסה הר הצופים,86.1,2022-05-01T00:00:00.000Z,86.1,75,76,76,68.4
הדסה הר הצופים,86.1,2022-05-01T00:00:00.000Z,86.1,75,76,76,68.4
הדסה הר הצופים,86.1,2022-05-01T00:00:00.000Z,86.1,75,76,76,68.4
הדסה הר הצופים,86.1,2022-05-01T00:00:00.000Z,86.1,75,76,76,68.4
הדסה הר הצופים,86.1,2022-05-01T00:00:00.000Z,86.1,75,76,76,68.4
הדסה הר הצופים,86.1,2022-05-01T00:00:00.000Z,86.1,75,76,76,68.4
הדסה הר הצופים,86.1,2022-05-01T00:00:00.000Z,86.1,75,76,76,68.4
הדסה הר הצופים,86.1,2022-05-01T00:00:00.000Z,86.1,75,76,76,68.4
הדסה הר הצופים,86.1,2022-05-01T00:00:00.000Z,86.1,75,76,76,68.4
הדסה הר הצופים,86.1,2022-05-01T00:00:00.000Z,86.1,75,76,76,68.4
הדסה הר הצופים,86.1,2022-05-01T00:00:00.000Z,86.1,75,76,76,68.4
הדסה הר הצופים,86.1,2022-05-01T00:00:00.000Z,86.1,75,76,76,68.4
הדסה הר הצופים,86.1,2022-05-01T00:00:00.000Z,86.1,75,76,76,68.4
הדסה הר הצופים,86.1,2022-05-01T00:00:00.000Z,86.1,75,76,76,68.4
הדסה הר הצופים,86.1,2022-05-01T00:00:00.000Z,86.1,75,76,76,68.4
נהריה,101.6,2022-05-01T00:00:00.000Z,101.6,93.7,87.3,87.3,83.2
נהריה,101.6,2022-05-01T00:00:00.000Z,101.6,93.7,87.3,87.3,83.2
נהריה,101.6,2022-05-01T00:00:00.000Z,101.6,93.7,87.3,87.3,83.2
נהריה,101.6,2022-05-01T00:00:00.000Z,101.6,93.7,87.3,87.3,83.2
נהריה,101.6,2022-05-01T00:00:00.000Z,101.6,93.7,87.3,87.3,83.2
נהריה,101.6,2022-05-01T00:00:00.000Z,101.6,93.7,87.3,87.3,83.2
נהריה,101.6,2022-05-01T00:00:00.000Z,101.6,93.7,87.3,87.3,83.2
נהריה,101.6,2022-05-01T00:00:00.000Z,101.6,93.7,87.3,87.3,83.2
נהריה,101.6,2022-05-01T00:00:00.000Z,101.6,93.7,87.3,87.3,83.2
נהריה,101.6,2022-05-01T00:00:00.000Z,101.6,93.7,87.3,87.3,83.2
נהריה,101.6,2022-05-01T00:00:00.000Z,101.6,93.7,87.3,87.3,83.2
נהריה,101.6,2022-05-01T00:00:00.000Z,101.6,93.7,87.3,87.3,83.2
נהריה,101.6,2022-05-01T00:00:00.000Z,101.6,93.7,87.3,87.3,83.2
נהריה,101.6,2022-05-01T00:00:00.000Z,101.6,93.7,87.3,87.3,83.2
נהריה,101.6,2022-05-01T00:00:00.000Z,101.6,93.7,87.3,87.3,83.2
נהריה,101.6,2022-05-01T00:00:00.000Z,101.6,93.7,87.3,87.3,83.2
נהריה,101.6,2022-05-01T00:00:00.000Z,101.6,93.7,87.3,87.3,83.2
נהריה,101.6,2022-05-01T00:00:00.000Z,101.6,93.7,87.3,87.3,83.2
נהריה,101.6,2022-05-01T00:00:00.000Z,101.6,93.7,87.3,87.3,83.2
נהריה,101.6,2022-05-01T00:00:00.000Z,101.6,93.7,87.3,87.3,83.2
נהריה,101.6,2022-05-01T00:00:00.000Z,101.6,93.7,87.3,87.3,83.2
נהריה,101.6,2022-05-01T00:00:00.000Z,101.6,93.7,87.3,87.3,83.2
נהריה,101.6,2022-05-01T00:00:00.000Z,101.6,93.7,87.3,87.3,83.2
נהריה,101.6,2022-05-01T00:00:00.000Z,101.6,93.7,87.3,87.3,83.2
נהריה,101.6,2022-05-01T00:00:00.000Z,101.6,93.7,87.3,87.3,83.2
נהריה,101.6,2022-05-01T00:00:00.000Z,101.6,93.7,87.3,87.3,83.2
נהריה,101.6,2022-05-01T00:00:00.000Z,101.6,93.7,87.3,87.3,83.2
נהריה,101.6,2022-05-01T00:00:00.000Z,101.6,93.7,87.3,87.3,83.2
נהריה,101.6,2022-05-01T00:00:00.000Z,101.6,93.7,87.3,87.3,83.2
נהריה,101.6,2022-05-01T00:00:00.000Z,101.6,93.7,87.3,87.3,83.2
נהריה,101.6,2022-05-01T00:00:00.000Z,101.6,93.7,87.3,87.3,83.2
נהריה,101.6,2022-05-01T00:00:00.000Z,101.6,93.7,87.3,87.3,83.2
נהריה,101.6,2022-05-01T00:00:00.000Z,101.6,93.7,87.3,87.3,83.2
נהריה,101.6,2022-05-01T00:00:00.000Z,101.6,93.7,87.3,87.3,83.2
נהריה,101.6,2022-05-01T00:00:00.000Z,101.6,93.7,87.3,87.3,83.2
הלל יפה,98.6,2022-05-01T00:00:00.000Z,114.4,80.8,80,82.1,74.6
הלל יפה,98.6,2022-05-01T00:00:00.000Z,112.1,82.5,80,81.8,75.3
הלל יפה,98.6,2022-05-01T00:00:00.000Z,109.9,84.1,80,81.5,76.1
הלל יפה,98.6,2022-05-01T00:00:00.000Z,107.6,85.8,80,81.2,76.9
הלל יפה,98.6,2022-05-01T00:00:00.000Z,105.4,87.5,80,80.9,77.7
הלל יפה,98.6,2022-05-01T00:00:00.000Z,103.1,89.1,80,80.6,78.4
הלל יפה,98.6,2022-05-01T00:00:00.000Z,100.9,90.8,80,80.3,79.2
הלל יפה,98.6,2022-05-01T00:00:00.000Z,98.6,92.5,80,80,80
הלל יפה,98.6,2022-05-01T00:00:00.000Z,98.6,92.5,80,80,80
הלל יפה,98.6,2022-05-01T00:00:00.000Z,98.6,92.5,80,80,80
הלל יפה,98.6,2022-05-01T00:00:00.000Z,98.6,92.5,80,80,80
הלל יפה,98.6,2022-05-01T00:00:00.000Z,98.6,92.5,80,80,80
הלל יפה,98.6,2022-05-01T00:00:00.000Z,98.6,92.5,80,80,80
הלל יפה,98.6,2022-05-01T00:00:00.000Z,98.6,92.5,80,80,80
הלל יפה,98.6,2022-05-01T00:00:00.000Z,98.6,92.5,80,80,80
הלל יפה,98.6,2022-05-01T00:00:00.000Z,98.6,92.5,80,80,80
"רמב""ם",96,2022-05-01T00:00:00.000Z,96,100,87,87,82.8
"רמב""ם",96,2022-05-01T00:00:00.000Z,96,100,87,87,82.8
זיו צפת,101.6,2022-05-01T00:00:00.000Z,101.6,95.3,68.3,68.3,75.8
זיו צפת,101.6,2022-05-01T00:00:00.000Z,101.6,95.3,68.3,68.3,75.8
זיו צפת,101.6,2022-05-01T00:00:00.000Z,101.6,95.3,68.3,68.3,75.8
זיו צפת,101.6,2022-05-01T00:00:00.000Z,101.6,95.3,68.3,68.3,75.8
זיו צפת,101.6,2022-05-01T00:00:00.000Z,101.6,95.3,68.3,68.3,75.8
זיו צפת,101.6,2022-05-01T00:00:00.000Z,101.6,95.3,68.3,68.3,75.8
זיו צפת,101.6,2022-05-01T00:00:00.000Z,101.6,95.3,68.3,68.3,75.8
זיו צפת,101.6,2022-05-01T00:00:00.000Z,101.6,95.3,68.3,68.3,75.8
זיו צפת,101.6,2022-05-01T00:00:00.000Z,101.6,95.3,68.3,68.3,75.8
זיו צפת,101.6,2022-05-01T00:00:00.000Z,101.6,95.3,68.3,68.3,75.8
זיו צפת,101.6,2022-05-01T00:00:00.000Z,101.6,95.3,68.3,68.3,75.8
זיו צפת,101.6,2022-05-01T00:00:00.000Z,101.6,95.3,68.3,68.3,75.8
זיו צפת,101.6,2022-05-01T00:00:00.000Z,101.6,95.3,68.3,68.3,75.8
זיו צפת,101.6,2022-05-01T00:00:00.000Z,101.6,95.3,68.3,68.3,75.8
זיו צפת,101.6,2022-05-01T00:00:00.000Z,101.6,95.3,68.3,68.3,75.8
זיו צפת,101.6,2022-05-01T00:00:00.000Z,101.6,95.3,68.3,68.3,75.8
זיו צפת,101.6,2022-05-01T00:00:00.000Z,101.6,95.3,68.3,68.3,75.8
זיו צפת,101.6,2022-05-01T00:00:00.000Z,101.6,95.3,68.3,68.3,75.8
זיו צפת,101.6,2022-05-01T00:00:00.000Z,101.6,95.3,68.3,68.3,75.8
זיו צפת,101.6,2022-05-01T00:00:00.000Z,101.6,95.3,68.3,68.3,75.8
זיו צפת,101.6,2022-05-01T00:00:00.000Z,101.6,95.3,68.3,68.3,75.8
זיו צפת,101.6,2022-05-01T00:00:00.000Z,101.6,95.3,68.3,68.3,75.8
זיו צפת,101.6,2022-05-01T00:00:00.000Z,101.6,95.3,68.3,68.3,75.8
זיו צפת,101.6,2022-05-01T00:00:00.000Z,101.6,95.3,68.3,68.3,75.8
זיו צפת,101.6,2022-05-01T00:00:00.000Z,101.6,95.3,68.3,68.3,75.8
זיו צפת,101.6,2022-05-01T00:00:00.000Z,101.6,95.3,68.3,68.3,75.8
זיו צפת,101.6,2022-05-01T00:00:00.000Z,101.6,95.3,68.3,68.3,75.8
זיו צפת,101.6,2022-05-01T00:00:00.000Z,101.6,95.3,68.3,68.3,75.8
זיו צפת,101.6,2022-05-01T00:00:00.000Z,101.6,95.3,68.3,68.3,75.8
זיו צפת,101.6,2022-05-01T00:00:00.000Z,101.6,95.3,68.3,68.3,75.8
זיו צפת,101.6,2022-05-01T00:00:00.000Z,101.6,95.3,68.3,68.3,75.8
זיו צפת,101.6,2022-05-01T00:00:00.000Z,101.6,95.3,68.3,68.3,75.8
בני ציון,86,2022-05-01T00:00:00.000Z,86,99.2,83.4,83.4,81.8
בני ציון,86,2022-05-01T00:00:00.000Z,86,99.2,83.4,83.4,81.8
בני ציון,86,2022-05-01T00:00:00.000Z,86,99.2,83.4,83.4,81.8
בני ציון,86,2022-05-01T00:00:00.000Z,86,99.2,83.4,83.4,81.8
בני ציון,86,2022-05-01T00:00:00.000Z,86,99.2,83.4,83.4,81.8
בני ציון,86,2022-05-01T00:00:00.000Z,86,99.2,83.4,83.4,81.8
בני ציון,86,2022-05-01T00:00:00.000Z,86,99.2,83.4,83.4,81.8
בני ציון,86,2022-05-01T00:00:00.000Z,86,99.2,83.4,83.4,81.8
בני ציון,86,2022-05-01T00:00:00.000Z,86,99.2,83.4,83.4,81.8
בני ציון,86,2022-05-01T00:00:00.000Z,86,99.2,83.4,83.4,81.8
בני ציון,86,2022-05-01T00:00:00.000Z,86,99.2,83.4,83.4,81.8
בני ציון,86,2022-05-01T00:00:00.000Z,86,99.2,83.4,83.4,81.8
בני ציון,86,2022-05-01T00:00:00.000Z,86,99.2,83.4,83.4,81.8
בני ציון,86,2022-05-01T00:00:00.000Z,86,99.2,83.4,83.4,81.8
בני ציון,86,2022-05-01T00:00:00.000Z,86,99.2,83.4,83.4,81.8
בני ציון,86,2022-05-01T00:00:00.000Z,86,99.2,83.4,83.4,81.8
בני ציון,86,2022-05-01T00:00:00.000Z,86,99.2,83.4,83.4,81.8
בני ציון,86,2022-05-01T00:00:00.000Z,86,99.2,83.4,83.4,81.8
בני ציון,86,2022-05-01T00:00:00.000Z,86,99.2,83.4,83.4,81.8
בני ציון,86,2022-05-01T00:00:00.000Z,86,99.2,83.4,83.4,81.8
בני ציון,86,2022-05-01T00:00:00.000Z,86,99.2,83.4,83.4,81.8
בני ציון,86,2022-05-01T00:00:00.000Z,86,99.2,83.4,83.4,81.8
בני ציון,86,2022-05-01T00:00:00.000Z,86,99.2,83.4,83.4,81.8
בני ציון,86,2022-05-01T00:00:00.000Z,86,99.2,83.4,83.4,81.8
בני ציון,86,2022-05-01T00:00:00.000Z,86,99.2,83.4,83.4,81.8
בני ציון,86,2022-05-01T00:00:00.000Z,86,99.2,83.4,83.4,81.8
בני ציון,86,2022-05-01T00:00:00.000Z,86,99.2,83.4,83.4,81.8
בני ציון,86,2022-05-01T00:00:00.000Z,86,99.2,83.4,83.4,81.8
בני ציון,86,2022-05-01T00:00:00.000Z,86,99.2,83.4,83.4,81.8
בני ציון,86,2022-05-01T00:00:00.000Z,86,99.2,83.4,83.4,81.8
בני ציון,86,2022-05-01T00:00:00.000Z,86,99.2,83.4,83.4,81.8
בני ציון,86,2022-05-01T00:00:00.000Z,86,99.2,83.4,83.4,81.8
"רמב""ם",96,2022-05-01T00:00:00.000Z,98,95.5,87,82.3,80.1
"רמב""ם",96,2022-05-01T00:00:00.000Z,97.7,96.1,87,83,80.5
"רמב""ם",96,2022-05-01T00:00:00.000Z,97.4,96.8,87,83.7,80.9
"רמב""ם",96,2022-05-01T00:00:00.000Z,97.1,97.4,87,84.4,81.3
"רמב""ם",96,2022-05-01T00:00:00.000Z,96.8,98.1,87,85,81.6
"רמב""ם",96,2022-05-01T00:00:00.000Z,96.5,98.7,87,85.7,82
"רמב""ם",96,2022-05-01T00:00:00.000Z,96.2,99.4,87,86.4,82.4
"רמב""ם",96,2022-05-01T00:00:00.000Z,96,100,87,87,82.8
"רמב""ם",96,2022-05-01T00:00:00.000Z,96,100,87,87,82.8
"רמב""ם",96,2022-05-01T00:00:00.000Z,96,100,87,87,82.8
"רמב""ם",96,2022-05-01T00:00:00.000Z,96,100,87,87,82.8
"רמב""ם",96,2022-05-01T00:00:00.000Z,96,100,87,87,82.8
"רמב""ם",96,2022-05-01T00:00:00.000Z,96,100,87,87,82.8
"רמב""ם",96,2022-05-01T00:00:00.000Z,96,100,87,87,82.8
כלל המוסדות,91.1,2022-05-02T00:00:00.000Z,91.4,88.8,83.5,83.3,81.9
שמואל הרופא,86.1,2022-05-02T00:00:00.000Z,86.1,94.4,78.3,78.3,84.8
שמואל הרופא,86.1,2022-05-02T00:00:00.000Z,86.1,94.4,78.3,78.3,84.8
שמואל הרופא,86.1,2022-05-02T00:00:00.000Z,86.1,94.4,78.3,78.3,84.8
שמואל הרופא,86.1,2022-05-02T00:00:00.000Z,86.1,94.4,78.3,78.3,84.8
שמואל הרופא,86.1,2022-05-02T00:00:00.000Z,86.1,94.4,78.3,78.3,84.8
שמואל הרופא,86.1,2022-05-02T00:00:00.000Z,86.1,94.4,78.3,78.3,84.8
שמואל הרופא,86.1,2022-05-02T00:00:00.000Z,86.1,94.4,78.3,78.3,84.8
שמואל הרופא,86.1,2022-05-02T00:00:00.000Z,86.1,94.4,78.3,78.3,84.8
שמואל הרופא,86.1,2022-05-02T00:00:00.000Z,86.1,94.4,78.3,78.3,84.8
שמואל הרופא,86.1,2022-05-02T00:00:00.000Z,86.1,94.4,78.3,78.3,84.8
שמואל הרופא,86.1,2022-05-02T00:00:00.000Z,86.1,94.4,78.3,78.3,84.8
שמואל הרופא,86.1,2022-05-02T00:00:00.000Z,86.1,94.4,78.3,78.3,84.8
שמואל הרופא,86.1,2022-05-02T00:00:00.000Z,86.1,94.4,78.3,78.3,84.8
שמואל הרופא,86.1,2022-05-02T00:00:00.000Z,86.1,94.4,78.3,78.3,84.8
שמואל הרופא,86.1,2022-05-02T00:00:00.000Z,86.1,94.4,78.3,78.3,84.8
שמואל הרופא,86.1,2022-05-02T00:00:00.000Z,86.1,94.4,78.3,78.3,84.8
שמואל הרופא,86.1,2022-05-02T00:00:00.000Z,86.1,94.4,78.3,78.3,84.8
שמואל הרופא,86.1,2022-05-02T00:00:00.000Z,86.1,94.4,78.3,78.3,84.8
שמואל הרופא,86.1,2022-05-02T00:00:00.000Z,86.1,94.4,78.3,78.3,84.8
שמואל הרופא,86.1,2022-05-02T00:00:00.000Z,86.1,94.4,78.3,78.3,84.8
שמואל הרופא,86.1,2022-05-02T00:00:00.000Z,86.1,94.4,78.3,78.3,84.8
שמואל הרופא,86.1,2022-05-02T00:00:00.000Z,86.1,94.4,78.3,78.3,84.8
שמואל הרופא,86.1,2022-05-02T00:00:00.000Z,86.1,94.4,78.3,78.3,84.8
שמואל הרופא,86.1,2022-05-02T00:00:00.000Z,86.1,94.4,78.3,78.3,84.8
ברזילי,97.4,2022-05-02T00:00:00.000Z,100.5,80.2,83.3,85.9,69.4
ברזילי,97.4,2022-05-02T00:00:00.000Z,100.1,79.9,83.3,85.5,70.6
ברזילי,97.4,2022-05-02T00:00:00.000Z,99.6,79.6,83.3,85.2,71.8
ברזילי,97.4,2022-05-02T00:00:00.000Z,99.2,79.3,83.3,84.8,73.1
ברזילי,97.4,2022-05-02T00:00:00.000Z,98.7,79,83.3,84.4,74.3
ברזילי,97.4,2022-05-02T00:00:00.000Z,98.3,78.7,83.3,84,75.5
ברזילי,97.4,2022-05-02T00:00:00.000Z,97.8,78.4,83.3,83.7,76.8
ברזילי,97.4,2022-05-02T00:00:00.000Z,97.4,78.1,83.3,83.3,78
ברזילי,97.4,2022-05-02T00:00:00.000Z,97.4,78.1,83.3,83.3,78
ברזילי,97.4,2022-05-02T00:00:00.000Z,97.4,78.1,83.3,83.3,78
ברזילי,97.4,2022-05-02T00:00:00.000Z,97.4,78.1,83.3,83.3,78
ברזילי,97.4,2022-05-02T00:00:00.000Z,97.4,78.1,83.3,83.3,78
ברזילי,97.4,2022-05-02T00:00:00.000Z,97.4,78.1,83.3,83.3,78
ברזילי,97.4,2022-05-02T00:00:00.000Z,97.4,78.1,83.3,83.3,78
ברזילי,97.4,2022-05-02T00:00:00.000Z,97.4,78.1,83.3,83.3,78
ברזילי,97.4,2022-05-02T00:00:00.000Z,97.4,78.1,83.3,83.3,78
ברזילי,97.4,2022-05-02T00:00:00.000Z,97.4,78.1,83.3,83.3,78
ברזילי,97.4,2022-05-02T00:00:00.000Z,97.4,78.1,83.3,83.3,78
ברזילי,97.4,2022-05-02T00:00:00.000Z,97.4,78.1,83.3,83.3,78
ברזילי,97.4,2022-05-02T00:00:00.000Z,97.4,78.1,83.3,83.3,78
ברזילי,97.4,2022-05-02T00:00:00.000Z,97.4,78.1,83.3,83.3,78
ברזילי,97.4,2022-05-02T00:00:00.000Z,97.4,78.1,83.3,83.3,78
ברזילי,97.4,2022-05-02T00:00:00.000Z,97.4,78.1,83.3,83.3,78
ברזילי,97.4,2022-05-02T00:00:00.000Z,97.4,78.1,83.3,83.3,78
ברזילי,97.4,2022-05-02T00:00:00.000Z,97.4,78.1,83.3,83.3,78
ברזילי,97.4,2022-05-02T00:00:00.000Z,97.4,78.1,83.3,83.3,78
ברזילי,97.4,2022-05-02T00:00:00.000Z,97.4,78.1,83.3,83.3,78
ברזילי,97.4,2022-05-02T00:00:00.000Z,97.4,78.1,83.3,83.3,78
ברזילי,97.4,2022-05-02T00:00:00.000Z,97.4,78.1,83.3,83.3,78
ברזילי,97.4,2022-05-02T00:00:00.000Z,97.4,78.1,83.3,83.3,78
ברזילי,97.4,2022-05-02T00:00:00.000Z,97.4,78.1,83.3,83.3,78
ברזילי,97.4,2022-05-02T00:00:00.000Z,97.4,78.1,83.3,83.3,78
ברזילי,97.4,2022-05-02T00:00:00.000Z,97.4,78.1,83.3,83.3,78
ברזילי,97.4,2022-05-02T00:00:00.000Z,97.4,78.1,83.3,83.3,78
ברזילי,97.4,2022-05-02T00:00:00.000Z,97.4,78.1,83.3,83.3,78
ברזילי,97.4,2022-05-02T00:00:00.000Z,97.4,78.1,83.3,83.3,78
ברזילי,97.4,2022-05-02T00:00:00.000Z,97.4,78.1,83.3,83.3,78
ברזילי,97.4,2022-05-02T00:00:00.000Z,97.4,78.1,83.3,83.3,78
ברזילי,97.4,2022-05-02T00:00:00.000Z,97.4,78.1,83.3,83.3,78
ברזילי,97.4,2022-05-02T00:00:00.000Z,97.4,78.1,83.3,83.3,78
ברזילי,97.4,2022-05-02T00:00:00.000Z,97.4,78.1,83.3,83.3,78
ברזילי,97.4,2022-05-02T00:00:00.000Z,97.4,78.1,83.3,83.3,78
ברזילי,97.4,2022-05-02T00:00:00.000Z,97.4,78.1,83.3,83.3,78
ברזילי,97.4,2022-05-02T00:00:00.000Z,97.4,78.1,83.3,83.3,78
ברזילי,97.4,2022-05-02T00:00:00.000Z,97.4,78.1,83.3,83.3,78
ברזילי,97.4,2022-05-02T00:00:00.000Z,97.4,78.1,83.3,83.3,78
ברזילי,97.4,2022-05-02T00:00:00.000Z,97.4,78.1,83.3,83.3,78
ברזילי,97.4,2022-05-02T00:00:00.000Z,97.4,78.1,83.3,83.3,78
ברזילי,97.4,2022-05-02T00:00:00.000Z,97.4,78.1,83.3,83.3,78
ברזילי,97.4,2022-05-02T00:00:00.000Z,97.4,78.1,83.3,83.3,78
ברזילי,97.4,2022-05-02T00:00:00.000Z,97.4,78.1,83.3,83.3,78
ברזילי,97.4,2022-05-02T00:00:00.000Z,97.4,78.1,83.3,83.3,78
נהריה,97.4,2022-05-02T00:00:00.000Z,101.6,93.7,83,87.3,83.2
נהריה,97.4,2022-05-02T00:00:00.000Z,101,93.2,83,86.7,83
נהריה,97.4,2022-05-02T00:00:00.000Z,100.4,92.6,83,86,82.9
נהריה,97.4,2022-05-02T00:00:00.000Z,99.8,92.1,83,85.4,82.8
נהריה,97.4,2022-05-02T00:00:00.000Z,98,90.5,83,83.6,82.4
נהריה,97.4,2022-05-02T00:00:00.000Z,97.4,90,83,83,82.3
נהריה,97.4,2022-05-02T00:00:00.000Z,97.4,90,83,83,82.3
נהריה,97.4,2022-05-02T00:00:00.000Z,97.4,90,83,83,82.3
נהריה,97.4,2022-05-02T00:00:00.000Z,97.4,90,83,83,82.3
נהריה,97.4,2022-05-02T00:00:00.000Z,97.4,90,83,83,82.3
נהריה,97.4,2022-05-02T00:00:00.000Z,97.4,90,83,83,82.3
נהריה,97.4,2022-05-02T00:00:00.000Z,97.4,90,83,83,82.3
נהריה,97.4,2022-05-02T00:00:00.000Z,97.4,90,83,83,82.3
נהריה,97.4,2022-05-02T00:00:00.000Z,97.4,90,83,83,82.3
נהריה,97.4,2022-05-02T00:00:00.000Z,97.4,90,83,83,82.3
נהריה,97.4,2022-05-02T00:00:00.000Z,97.4,90,83,83,82.3
נהריה,97.4,2022-05-02T00:00:00.000Z,97.4,90,83,83,82.3
נהריה,97.4,2022-05-02T00:00:00.000Z,97.4,90,83,83,82.3
נהריה,97.4,2022-05-02T00:00:00.000Z,97.4,90,83,83,82.3
נהריה,97.4,2022-05-02T00:00:00.000Z,97.4,90,83,83,82.3
נהריה,97.4,2022-05-02T00:00:00.000Z,97.4,90,83,83,82.3
נהריה,97.4,2022-05-02T00:00:00.000Z,97.4,90,83,83,82.3
נהריה,97.4,2022-05-02T00:00:00.000Z,97.4,90,83,83,82.3
נהריה,97.4,2022-05-02T00:00:00.000Z,97.4,90,83,83,82.3
נהריה,97.4,2022-05-02T00:00:00.000Z,97.4,90,83,83,82.3
נהריה,97.4,2022-05-02T00:00:00.000Z,97.4,90,83,83,82.3
נהריה,97.4,2022-05-02T00:00:00.000Z,97.4,90,83,83,82.3
נהריה,97.4,2022-05-02T00:00:00.000Z,97.4,90,83,83,82.3
נהריה,97.4,2022-05-02T00:00:00.000Z,97.4,90,83,83,82.3
נהריה,97.4,2022-05-02T00:00:00.000Z,97.4,90,83,83,82.3
נהריה,97.4,2022-05-02T00:00:00.000Z,97.4,90,83,83,82.3
נהריה,97.4,2022-05-02T00:00:00.000Z,97.4,90,83,83,82.3
נהריה,97.4,2022-05-02T00:00:00.000Z,97.4,90,83,83,82.3
נהריה,97.4,2022-05-02T00:00:00.000Z,97.4,90,83,83,82.3
נהריה,97.4,2022-05-02T00:00:00.000Z,97.4,90,83,83,82.3
נהריה,97.4,2022-05-02T00:00:00.000Z,97.4,90,83,83,82.3
נהריה,97.4,2022-05-02T00:00:00.000Z,97.4,90,83,83,82.3
נהריה,97.4,2022-05-02T00:00:00.000Z,97.4,90,83,83,82.3
יוספטל,37.5,2022-05-02T00:00:00.000Z,62.5,75,41.5,43.1,46.2
יוספטל,37.5,2022-05-02T00:00:00.000Z,58.9,73.2,41.5,42.9,46.8
יוספטל,37.5,2022-05-02T00:00:00.000Z,55.4,71.4,41.5,42.6,47.5
יוספטל,37.5,2022-05-02T00:00:00.000Z,51.8,69.6,41.5,42.4,48.1
יוספטל,37.5,2022-05-02T00:00:00.000Z,48.2,67.9,41.5,42.2,48.8
יוספטל,37.5,2022-05-02T00:00:00.000Z,44.6,66.1,41.5,42,49.5
נהריה,97.4,2022-05-02T00:00:00.000Z,97.4,90,83,83,82.3
נהריה,97.4,2022-05-02T00:00:00.000Z,97.4,90,83,83,82.3
נהריה,97.4,2022-05-02T00:00:00.000Z,97.4,90,83,83,82.3
נהריה,97.4,2022-05-02T00:00:00.000Z,97.4,90,83,83,82.3
נהריה,97.4,2022-05-02T00:00:00.000Z,97.4,90,83,83,82.3
נהריה,97.4,2022-05-02T00:00:00.000Z,97.4,90,83,83,82.3
נהריה,97.4,2022-05-02T00:00:00.000Z,97.4,90,83,83,82.3
נהריה,97.4,2022-05-02T00:00:00.000Z,97.4,90,83,83,82.3
נהריה,97.4,2022-05-02T00:00:00.000Z,97.4,90,83,83,82.3
נהריה,97.4,2022-05-02T00:00:00.000Z,97.4,90,83,83,82.3
נהריה,97.4,2022-05-02T00:00:00.000Z,97.4,90,83,83,82.3
נהריה,97.4,2022-05-02T00:00:00.000Z,97.4,90,83,83,82.3
נהריה,97.4,2022-05-02T00:00:00.000Z,97.4,90,83,83,82.3
נהריה,97.4,2022-05-02T00:00:00.000Z,97.4,90,83,83,82.3
נהריה,97.4,2022-05-02T00:00:00.000Z,97.4,90,83,83,82.3
נהריה,97.4,2022-05-02T00:00:00.000Z,97.4,90,83,83,82.3
נהריה,97.4,2022-05-02T00:00:00.000Z,97.4,90,83,83,82.3
נהריה,97.4,2022-05-02T00:00:00.000Z,97.4,90,83,83,82.3
נהריה,97.4,2022-05-02T00:00:00.000Z,97.4,90,83,83,82.3
נהריה,97.4,2022-05-02T00:00:00.000Z,97.4,90,83,83,82.3
נהריה,97.4,2022-05-02T00:00:00.000Z,97.4,90,83,83,82.3
נהריה,97.4,2022-05-02T00:00:00.000Z,97.4,90,83,83,82.3
נהריה,97.4,2022-05-02T00:00:00.000Z,97.4,90,83,83,82.3
נהריה,97.4,2022-05-02T00:00:00.000Z,97.4,90,83,83,82.3
נהריה,97.4,2022-05-02T00:00:00.000Z,97.4,90,83,83,82.3
נהריה,97.4,2022-05-02T00:00:00.000Z,97.4,90,83,83,82.3
נהריה,97.4,2022-05-02T00:00:00.000Z,97.4,90,83,83,82.3
נהריה,97.4,2022-05-02T00:00:00.000Z,97.4,90,83,83,82.3
נהריה,97.4,2022-05-02T00:00:00.000Z,97.4,90,83,83,82.3
נהריה,97.4,2022-05-02T00:00:00.000Z,97.4,90,83,83,82.3
נהריה,97.4,2022-05-02T00:00:00.000Z,97.4,90,83,83,82.3
נהריה,97.4,2022-05-02T00:00:00.000Z,97.4,90,83,83,82.3
נהריה,97.4,2022-05-02T00:00:00.000Z,97.4,90,83,83,82.3
נהריה,97.4,2022-05-02T00:00:00.000Z,97.4,90,83,83,82.3
יוספטל,37.5,2022-05-02T00:00:00.000Z,41.1,64.3,41.5,41.8,50.1
יוספטל,37.5,2022-05-02T00:00:00.000Z,37.5,62.5,41.5,41.5,50.8
יוספטל,37.5,2022-05-02T00:00:00.000Z,37.5,62.5,41.5,41.5,50.8
יוספטל,37.5,2022-05-02T00:00:00.000Z,37.5,62.5,41.5,41.5,50.8
יוספטל,37.5,2022-05-02T00:00:00.000Z,37.5,62.5,41.5,41.5,50.8
יוספטל,37.5,2022-05-02T00:00:00.000Z,37.5,62.5,41.5,41.5,50.8
יוספטל,37.5,2022-05-02T00:00:00.000Z,37.5,62.5,41.5,41.5,50.8
יוספטל,37.5,2022-05-02T00:00:00.000Z,37.5,62.5,41.5,41.5,50.8
יוספטל,37.5,2022-05-02T00:00:00.000Z,37.5,62.5,41.5,41.5,50.8
יוספטל,37.5,2022-05-02T00:00:00.000Z,37.5,62.5,41.5,41.5,50.8
יוספטל,37.5,2022-05-02T00:00:00.000Z,37.5,62.5,41.5,41.5,50.8
יוספטל,37.5,2022-05-02T00:00:00.000Z,37.5,62.5,41.5,41.5,50.8
יוספטל,37.5,2022-05-02T00:00:00.000Z,37.5,62.5,41.5,41.5,50.8
יוספטל,37.5,2022-05-02T00:00:00.000Z,37.5,62.5,41.5,41.5,50.8
יוספטל,37.5,2022-05-02T00:00:00.000Z,37.5,62.5,41.5,41.5,50.8
יוספטל,37.5,2022-05-02T00:00:00.000Z,37.5,62.5,41.5,41.5,50.8
יוספטל,37.5,2022-05-02T00:00:00.000Z,37.5,62.5,41.5,41.5,50.8
יוספטל,37.5,2022-05-02T00:00:00.000Z,37.5,62.5,41.5,41.5,50.8
יוספטל,37.5,2022-05-02T00:00:00.000Z,37.5,62.5,41.5,41.5,50.8
יוספטל,37.5,2022-05-02T00:00:00.000Z,37.5,62.5,41.5,41.5,50.8
יוספטל,37.5,2022-05-02T00:00:00.000Z,37.5,62.5,41.5,41.5,50.8
יוספטל,37.5,2022-05-02T00:00:00.000Z,37.5,62.5,41.5,41.5,50.8
יוספטל,37.5,2022-05-02T00:00:00.000Z,37.5,62.5,41.5,41.5,50.8
יוספטל,37.5,2022-05-02T00:00:00.000Z,37.5,62.5,41.5,41.5,50.8
יוספטל,37.5,2022-05-02T00:00:00.000Z,37.5,62.5,41.5,41.5,50.8
יוספטל,37.5,2022-05-02T00:00:00.000Z,37.5,62.5,41.5,41.5,50.8
יוספטל,37.5,2022-05-02T00:00:00.000Z,37.5,62.5,41.5,41.5,50.8
יוספטל,37.5,2022-05-02T00:00:00.000Z,37.5,62.5,41.5,41.5,50.8
יוספטל,37.5,2022-05-02T00:00:00.000Z,37.5,62.5,41.5,41.5,50.8
יוספטל,37.5,2022-05-02T00:00:00.000Z,37.5,62.5,41.5,41.5,50.8
יוספטל,37.5,2022-05-02T00:00:00.000Z,37.5,62.5,41.5,41.5,50.8
יוספטל,37.5,2022-05-02T00:00:00.000Z,37.5,62.5,41.5,41.5,50.8
יוספטל,37.5,2022-05-02T00:00:00.000Z,37.5,62.5,41.5,41.5,50.8
יוספטל,37.5,2022-05-02T00:00:00.000Z,37.5,62.5,41.5,41.5,50.8
נהריה,97.4,2022-05-02T00:00:00.000Z,97.4,90,83,83,82.3
נהריה,97.4,2022-05-02T00:00:00.000Z,97.4,90,83,83,82.3
נהריה,97.4,2022-05-02T00:00:00.000Z,97.4,90,83,83,82.3
נהריה,97.4,2022-05-02T00:00:00.000Z,97.4,90,83,83,82.3
נהריה,97.4,2022-05-02T00:00:00.000Z,97.4,90,83,83,82.3
נהריה,97.4,2022-05-02T00:00:00.000Z,97.4,90,83,83,82.3
נהריה,97.4,2022-05-02T00:00:00.000Z,97.4,90,83,83,82.3
יוספטל,37.5,2022-05-02T00:00:00.000Z,37.5,62.5,41.5,41.5,50.8
יוספטל,37.5,2022-05-02T00:00:00.000Z,37.5,62.5,41.5,41.5,50.8
יוספטל,37.5,2022-05-02T00:00:00.000Z,37.5,62.5,41.5,41.5,50.8
יוספטל,37.5,2022-05-02T00:00:00.000Z,37.5,62.5,41.5,41.5,50.8
יוספטל,37.5,2022-05-02T00:00:00.000Z,37.5,62.5,41.5,41.5,50.8
יוספטל,37.5,2022-05-02T00:00:00.000Z,37.5,62.5,41.5,41.5,50.8
יוספטל,37.5,2022-05-02T00:00:00.000Z,37.5,62.5,41.5,41.5,50.8
יוספטל,37.5,2022-05-02T00:00:00.000Z,37.5,62.5,41.5,41.5,50.8
יוספטל,37.5,2022-05-02T00:00:00.000Z,37.5,62.5,41.5,41.5,50.8
יוספטל,37.5,2022-05-02T00:00:00.000Z,37.5,62.5,41.5,41.5,50.8
יוספטל,37.5,2022-05-02T00:00:00.000Z,37.5,62.5,41.5,41.5,50.8
יוספטל,37.5,2022-05-02T00:00:00.000Z,37.5,62.5,41.5,41.5,50.8
יוספטל,37.5,2022-05-02T00:00:00.000Z,37.5,62.5,41.5,41.5,50.8
יוספטל,37.5,2022-05-02T00:00:00.000Z,37.5,62.5,41.5,41.5,50.8
יוספטל,37.5,2022-05-02T00:00:00.000Z,37.5,62.5,41.5,41.5,50.8
יוספטל,37.5,2022-05-02T00:00:00.000Z,37.5,62.5,41.5,41.5,50.8
יוספטל,37.5,2022-05-02T00:00:00.000Z,37.5,62.5,41.5,41.5,50.8
יוספטל,37.5,2022-05-02T00:00:00.000Z,37.5,62.5,41.5,41.5,50.8
יוספטל,37.5,2022-05-02T00:00:00.000Z,37.5,62.5,41.5,41.5,50.8
יוספטל,37.5,2022-05-02T00:00:00.000Z,37.5,62.5,41.5,41.5,50.8
יוספטל,37.5,2022-05-02T00:00:00.000Z,37.5,62.5,41.5,41.5,50.8
יוספטל,37.5,2022-05-02T00:00:00.000Z,37.5,62.5,41.5,41.5,50.8
יוספטל,37.5,2022-05-02T00:00:00.000Z,37.5,62.5,41.5,41.5,50.8
יוספטל,37.5,2022-05-02T00:00:00.000Z,37.5,62.5,41.5,41.5,50.8
יוספטל,37.5,2022-05-02T00:00:00.000Z,37.5,62.5,41.5,41.5,50.8
יוספטל,37.5,2022-05-02T00:00:00.000Z,37.5,62.5,41.5,41.5,50.8
יוספטל,37.5,2022-05-02T00:00:00.000Z,37.5,62.5,41.5,41.5,50.8
יוספטל,37.5,2022-05-02T00:00:00.000Z,37.5,62.5,41.5,41.5,50.8
יוספטל,37.5,2022-05-02T00:00:00.000Z,37.5,62.5,41.5,41.5,50.8
יוספטל,37.5,2022-05-02T00:00:00.000Z,37.5,62.5,41.5,41.5,50.8
יוספטל,37.5,2022-05-02T00:00:00.000Z,37.5,62.5,41.5,41.5,50.8
יוספטל,37.5,2022-05-02T00:00:00.000Z,37.5,62.5,41.5,41.5,50.8
יוספטל,37.5,2022-05-02T00:00:00.000Z,37.5,62.5,41.5,41.5,50.8
יוספטל,37.5,2022-05-02T00:00:00.000Z,37.5,62.5,41.5,41.5,50.8
הלל יפה,102.7,2022-05-02T00:00:00.000Z,98.6,92.5,81.6,80,80
הלל יפה,102.7,2022-05-02T00:00:00.000Z,99.2,93.2,81.6,80.2,81.6
הלל יפה,102.7,2022-05-02T00:00:00.000Z,99.8,94,81.6,80.4,83.1
הלל יפה,102.7,2022-05-02T00:00:00.000Z,100.4,94.8,81.6,80.7,84.7
הלל יפה,102.7,2022-05-02T00:00:00.000Z,101,95.6,81.6,80.9,86.2
הלל יפה,102.7,2022-05-02T00:00:00.000Z,101.6,96.4,81.6,81.1,87.8
הלל יפה,102.7,2022-05-02T00:00:00.000Z,102.2,97.2,81.6,81.3,89.3
הלל יפה,102.7,2022-05-02T00:00:00.000Z,102.7,97.9,81.6,81.6,90.9
הלל יפה,102.7,2022-05-02T00:00:00.000Z,102.7,97.9,81.6,81.6,90.9
הלל יפה,102.7,2022-05-02T00:00:00.000Z,102.7,97.9,81.6,81.6,90.9
הלל יפה,102.7,2022-05-02T00:00:00.000Z,102.7,97.9,81.6,81.6,90.9
הלל יפה,102.7,2022-05-02T00:00:00.000Z,102.7,97.9,81.6,81.6,90.9
הלל יפה,102.7,2022-05-02T00:00:00.000Z,102.7,97.9,81.6,81.6,90.9
הלל יפה,102.7,2022-05-02T00:00:00.000Z,102.7,97.9,81.6,81.6,90.9
הלל יפה,102.7,2022-05-02T00:00:00.000Z,102.7,97.9,81.6,81.6,90.9
הלל יפה,102.7,2022-05-02T00:00:00.000Z,102.7,97.9,81.6,81.6,90.9
הלל יפה,102.7,2022-05-02T00:00:00.000Z,102.7,97.9,81.6,81.6,90.9
הלל יפה,102.7,2022-05-02T00:00:00.000Z,102.7,97.9,81.6,81.6,90.9
הלל יפה,102.7,2022-05-02T00:00:00.000Z,102.7,97.9,81.6,81.6,90.9
הלל יפה,102.7,2022-05-02T00:00:00.000Z,102.7,97.9,81.6,81.6,90.9
הלל יפה,102.7,2022-05-02T00:00:00.000Z,102.7,97.9,81.6,81.6,90.9
הלל יפה,102.7,2022-05-02T00:00:00.000Z,102.7,97.9,81.6,81.6,90.9
הלל יפה,102.7,2022-05-02T00:00:00.000Z,102.7,97.9,81.6,81.6,90.9
הלל יפה,102.7,2022-05-02T00:00:00.000Z,102.7,97.9,81.6,81.6,90.9
הלל יפה,102.7,2022-05-02T00:00:00.000Z,102.7,97.9,81.6,81.6,90.9
הלל יפה,102.7,2022-05-02T00:00:00.000Z,102.7,97.9,81.6,81.6,90.9
הלל יפה,102.7,2022-05-02T00:00:00.000Z,102.7,97.9,81.6,81.6,90.9
הלל יפה,102.7,2022-05-02T00:00:00.000Z,102.7,97.9,81.6,81.6,90.9
הלל יפה,102.7,2022-05-02T00:00:00.000Z,102.7,97.9,81.6,81.6,90.9
הלל יפה,102.7,2022-05-02T00:00:00.000Z,102.7,97.9,81.6,81.6,90.9
הלל יפה,102.7,2022-05-02T00:00:00.000Z,102.7,97.9,81.6,81.6,90.9
הלל יפה,102.7,2022-05-02T00:00:00.000Z,102.7,97.9,81.6,81.6,90.9
הלל יפה,102.7,2022-05-02T00:00:00.000Z,102.7,97.9,81.6,81.6,90.9
הלל יפה,102.7,2022-05-02T00:00:00.000Z,102.7,97.9,81.6,81.6,90.9
הלל יפה,102.7,2022-05-02T00:00:00.000Z,102.7,97.9,81.6,81.6,90.9
הלל יפה,102.7,2022-05-02T00:00:00.000Z,102.7,97.9,81.6,81.6,90.9
הלל יפה,102.7,2022-05-02T00:00:00.000Z,102.7,97.9,81.6,81.6,90.9
הלל יפה,102.7,2022-05-02T00:00:00.000Z,102.7,97.9,81.6,81.6,90.9
הלל יפה,102.7,2022-05-02T00:00:00.000Z,102.7,97.9,81.6,81.6,90.9
הלל יפה,102.7,2022-05-02T00:00:00.000Z,102.7,97.9,81.6,81.6,90.9
הלל יפה,102.7,2022-05-02T00:00:00.000Z,102.7,97.9,81.6,81.6,90.9
הלל יפה,102.7,2022-05-02T00:00:00.000Z,102.7,97.9,81.6,81.6,90.9
הלל יפה,102.7,2022-05-02T00:00:00.000Z,102.7,97.9,81.6,81.6,90.9
הלל יפה,102.7,2022-05-02T00:00:00.000Z,102.7,97.9,81.6,81.6,90.9
הלל יפה,102.7,2022-05-02T00:00:00.000Z,102.7,97.9,81.6,81.6,90.9
הלל יפה,102.7,2022-05-02T00:00:00.000Z,102.7,97.9,81.6,81.6,90.9
הלל יפה,102.7,2022-05-02T00:00:00.000Z,102.7,97.9,81.6,81.6,90.9
הלל יפה,102.7,2022-05-02T00:00:00.000Z,102.7,97.9,81.6,81.6,90.9
הלל יפה,102.7,2022-05-02T00:00:00.000Z,102.7,97.9,81.6,81.6,90.9
הלל יפה,102.7,2022-05-02T00:00:00.000Z,102.7,97.9,81.6,81.6,90.9
הלל יפה,102.7,2022-05-02T00:00:00.000Z,102.7,97.9,81.6,81.6,90.9
הלל יפה,102.7,2022-05-02T00:00:00.000Z,102.7,97.9,81.6,81.6,90.9
הלל יפה,102.7,2022-05-02T00:00:00.000Z,102.7,97.9,81.6,81.6,90.9
הלל יפה,102.7,2022-05-02T00:00:00.000Z,102.7,97.9,81.6,81.6,90.9
הלל יפה,102.7,2022-05-02T00:00:00.000Z,102.7,97.9,81.6,81.6,90.9
הלל יפה,102.7,2022-05-02T00:00:00.000Z,102.7,97.9,81.6,81.6,90.9
הלל יפה,102.7,2022-05-02T00:00:00.000Z,102.7,97.9,81.6,81.6,90.9
הלל יפה,102.7,2022-05-02T00:00:00.000Z,102.7,97.9,81.6,81.6,90.9
הלל יפה,102.7,2022-05-02T00:00:00.000Z,102.7,97.9,81.6,81.6,90.9
הלל יפה,102.7,2022-05-02T00:00:00.000Z,102.7,97.9,81.6,81.6,90.9
הלל יפה,102.7,2022-05-02T00:00:00.000Z,102.7,97.9,81.6,81.6,90.9
הלל יפה,102.7,2022-05-02T00:00:00.000Z,102.7,97.9,81.6,81.6,90.9
הלל יפה,102.7,2022-05-02T00:00:00.000Z,102.7,97.9,81.6,81.6,90.9
הלל יפה,102.7,2022-05-02T00:00:00.000Z,102.7,97.9,81.6,81.6,90.9
הלל יפה,102.7,2022-05-02T00:00:00.000Z,102.7,97.9,81.6,81.6,90.9
הלל יפה,102.7,2022-05-02T00:00:00.000Z,102.7,97.9,81.6,81.6,90.9
הלל יפה,102.7,2022-05-02T00:00:00.000Z,102.7,97.9,81.6,81.6,90.9
הלל יפה,102.7,2022-05-02T00:00:00.000Z,102.7,97.9,81.6,81.6,90.9
הלל יפה,102.7,2022-05-02T00:00:00.000Z,102.7,97.9,81.6,81.6,90.9
הלל יפה,102.7,2022-05-02T00:00:00.000Z,102.7,97.9,81.6,81.6,90.9
הלל יפה,102.7,2022-05-02T00:00:00.000Z,102.7,97.9,81.6,81.6,90.9
הלל יפה,102.7,2022-05-02T00:00:00.000Z,102.7,97.9,81.6,81.6,90.9
הלל יפה,102.7,2022-05-02T00:00:00.000Z,102.7,97.9,81.6,81.6,90.9
הלל יפה,102.7,2022-05-02T00:00:00.000Z,102.7,97.9,81.6,81.6,90.9
הלל יפה,102.7,2022-05-02T00:00:00.000Z,102.7,97.9,81.6,81.6,90.9
הלל יפה,102.7,2022-05-02T00:00:00.000Z,102.7,97.9,81.6,81.6,90.9
הלל יפה,102.7,2022-05-02T00:00:00.000Z,102.7,97.9,81.6,81.6,90.9
הלל יפה,102.7,2022-05-02T00:00:00.000Z,102.7,97.9,81.6,81.6,90.9
הלל יפה,102.7,2022-05-02T00:00:00.000Z,102.7,97.9,81.6,81.6,90.9
הלל יפה,102.7,2022-05-02T00:00:00.000Z,102.7,97.9,81.6,81.6,90.9
הלל יפה,102.7,2022-05-02T00:00:00.000Z,102.7,97.9,81.6,81.6,90.9
זיו צפת,106.3,2022-05-02T00:00:00.000Z,101.6,95.3,72,68.3,75.8
זיו צפת,106.3,2022-05-02T00:00:00.000Z,102.2,96,72,68.8,76.8
זיו צפת,106.3,2022-05-02T00:00:00.000Z,102.9,96.7,72,69.4,77.9
זיו צפת,106.3,2022-05-02T00:00:00.000Z,103.6,97.3,72,69.9,78.9
זיו צפת,106.3,2022-05-02T00:00:00.000Z,104.2,98,72,70.4,79.9
זיו צפת,106.3,2022-05-02T00:00:00.000Z,104.9,98.7,72,71,80.9
זיו צפת,106.3,2022-05-02T00:00:00.000Z,105.6,99.3,72,71.5,82
זיו צפת,106.3,2022-05-02T00:00:00.000Z,106.3,100,72,72,83
זיו צפת,106.3,2022-05-02T00:00:00.000Z,106.3,100,72,72,83
זיו צפת,106.3,2022-05-02T00:00:00.000Z,106.3,100,72,72,83
זיו צפת,106.3,2022-05-02T00:00:00.000Z,106.3,100,72,72,83
זיו צפת,106.3,2022-05-02T00:00:00.000Z,106.3,100,72,72,83
זיו צפת,106.3,2022-05-02T00:00:00.000Z,106.3,100,72,72,83
זיו צפת,106.3,2022-05-02T00:00:00.000Z,106.3,100,72,72,83
זיו צפת,106.3,2022-05-02T00:00:00.000Z,106.3,100,72,72,83
זיו צפת,106.3,2022-05-02T00:00:00.000Z,106.3,100,72,72,83
זיו צפת,106.3,2022-05-02T00:00:00.000Z,106.3,100,72,72,83
זיו צפת,106.3,2022-05-02T00:00:00.000Z,106.3,100,72,72,83
זיו צפת,106.3,2022-05-02T00:00:00.000Z,106.3,100,72,72,83
זיו צפת,106.3,2022-05-02T00:00:00.000Z,106.3,100,72,72,83
זיו צפת,106.3,2022-05-02T00:00:00.000Z,106.3,100,72,72,83
זיו צפת,106.3,2022-05-02T00:00:00.000Z,106.3,100,72,72,83
זיו צפת,106.3,2022-05-02T00:00:00.000Z,106.3,100,72,72,83
זיו צפת,106.3,2022-05-02T00:00:00.000Z,106.3,100,72,72,83
זיו צפת,106.3,2022-05-02T00:00:00.000Z,106.3,100,72,72,83
זיו צפת,106.3,2022-05-02T00:00:00.000Z,106.3,100,72,72,83
זיו צפת,106.3,2022-05-02T00:00:00.000Z,106.3,100,72,72,83
זיו צפת,106.3,2022-05-02T00:00:00.000Z,106.3,100,72,72,83
זיו צפת,106.3,2022-05-02T00:00:00.000Z,106.3,100,72,72,83
זיו צפת,106.3,2022-05-02T00:00:00.000Z,106.3,100,72,72,83
זיו צפת,106.3,2022-05-02T00:00:00.000Z,106.3,100,72,72,83
זיו צפת,106.3,2022-05-02T00:00:00.000Z,106.3,100,72,72,83
זיו צפת,106.3,2022-05-02T00:00:00.000Z,106.3,100,72,72,83
זיו צפת,106.3,2022-05-02T00:00:00.000Z,106.3,100,72,72,83
זיו צפת,106.3,2022-05-02T00:00:00.000Z,106.3,100,72,72,83
זיו צפת,106.3,2022-05-02T00:00:00.000Z,106.3,100,72,72,83
זיו צפת,106.3,2022-05-02T00:00:00.000Z,106.3,100,72,72,83
זיו צפת,106.3,2022-05-02T00:00:00.000Z,106.3,100,72,72,83
זיו צפת,106.3,2022-05-02T00:00:00.000Z,106.3,100,72,72,83
זיו צפת,106.3,2022-05-02T00:00:00.000Z,106.3,100,72,72,83
זיו צפת,106.3,2022-05-02T00:00:00.000Z,106.3,100,72,72,83
זיו צפת,106.3,2022-05-02T00:00:00.000Z,106.3,100,72,72,83
זיו צפת,106.3,2022-05-02T00:00:00.000Z,106.3,100,72,72,83
זיו צפת,106.3,2022-05-02T00:00:00.000Z,106.3,100,72,72,83
זיו צפת,106.3,2022-05-02T00:00:00.000Z,106.3,100,72,72,83
זיו צפת,106.3,2022-05-02T00:00:00.000Z,106.3,100,72,72,83
זיו צפת,106.3,2022-05-02T00:00:00.000Z,106.3,100,72,72,83
זיו צפת,106.3,2022-05-02T00:00:00.000Z,106.3,100,72,72,83
זיו צפת,106.3,2022-05-02T00:00:00.000Z,106.3,100,72,72,83
זיו צפת,106.3,2022-05-02T00:00:00.000Z,106.3,100,72,72,83
זיו צפת,106.3,2022-05-02T00:00:00.000Z,106.3,100,72,72,83
זיו צפת,106.3,2022-05-02T00:00:00.000Z,106.3,100,72,72,83
זיו צפת,106.3,2022-05-02T00:00:00.000Z,106.3,100,72,72,83
זיו צפת,106.3,2022-05-02T00:00:00.000Z,106.3,100,72,72,83
זיו צפת,106.3,2022-05-02T00:00:00.000Z,106.3,100,72,72,83
זיו צפת,106.3,2022-05-02T00:00:00.000Z,106.3,100,72,72,83
זיו צפת,106.3,2022-05-02T00:00:00.000Z,106.3,100,72,72,83
זיו צפת,106.3,2022-05-02T00:00:00.000Z,106.3,100,72,72,83
זיו צפת,106.3,2022-05-02T00:00:00.000Z,106.3,100,72,72,83
זיו צפת,106.3,2022-05-02T00:00:00.000Z,106.3,100,72,72,83
זיו צפת,106.3,2022-05-02T00:00:00.000Z,106.3,100,72,72,83
זיו צפת,106.3,2022-05-02T00:00:00.000Z,106.3,100,72,72,83
זיו צפת,106.3,2022-05-02T00:00:00.000Z,106.3,100,72,72,83
בני ציון,92.6,2022-05-02T00:00:00.000Z,86,99.2,88.5,83.4,81.8
בני ציון,92.6,2022-05-02T00:00:00.000Z,86.9,99.8,88.5,84.1,82.2
בני ציון,92.6,2022-05-02T00:00:00.000Z,87.8,100.4,88.5,84.8,82.7
בני ציון,92.6,2022-05-02T00:00:00.000Z,88.8,100.9,88.5,85.5,83.1
בני ציון,92.6,2022-05-02T00:00:00.000Z,89.7,101.5,88.5,86.3,83.6
בני ציון,92.6,2022-05-02T00:00:00.000Z,90.7,102.1,88.5,87,84.1
בני ציון,92.6,2022-05-02T00:00:00.000Z,91.6,102.7,88.5,87.7,84.5
בני ציון,92.6,2022-05-02T00:00:00.000Z,92.6,103.3,88.5,88.5,85
בני ציון,92.6,2022-05-02T00:00:00.000Z,92.6,103.3,88.5,88.5,85
בני ציון,92.6,2022-05-02T00:00:00.000Z,92.6,103.3,88.5,88.5,85
בני ציון,92.6,2022-05-02T00:00:00.000Z,92.6,103.3,88.5,88.5,85
בני ציון,92.6,2022-05-02T00:00:00.000Z,92.6,103.3,88.5,88.5,85
בני ציון,92.6,2022-05-02T00:00:00.000Z,92.6,103.3,88.5,88.5,85
בני ציון,92.6,2022-05-02T00:00:00.000Z,92.6,103.3,88.5,88.5,85
בני ציון,92.6,2022-05-02T00:00:00.000Z,92.6,103.3,88.5,88.5,85
בני ציון,92.6,2022-05-02T00:00:00.000Z,92.6,103.3,88.5,88.5,85
בני ציון,92.6,2022-05-02T00:00:00.000Z,92.6,103.3,88.5,88.5,85
בני ציון,92.6,2022-05-02T00:00:00.000Z,92.6,103.3,88.5,88.5,85
בני ציון,92.6,2022-05-02T00:00:00.000Z,92.6,103.3,88.5,88.5,85
בני ציון,92.6,2022-05-02T00:00:00.000Z,92.6,103.3,88.5,88.5,85
בני ציון,92.6,2022-05-02T00:00:00.000Z,92.6,103.3,88.5,88.5,85
בני ציון,92.6,2022-05-02T00:00:00.000Z,92.6,103.3,88.5,88.5,85
בני ציון,92.6,2022-05-02T00:00:00.000Z,92.6,103.3,88.5,88.5,85
בני ציון,92.6,2022-05-02T00:00:00.000Z,92.6,103.3,88.5,88.5,85
בני ציון,92.6,2022-05-02T00:00:00.000Z,92.6,103.3,88.5,88.5,85
בני ציון,92.6,2022-05-02T00:00:00.000Z,92.6,103.3,88.5,88.5,85
בני ציון,92.6,2022-05-02T00:00:00.000Z,92.6,103.3,88.5,88.5,85
בני ציון,92.6,2022-05-02T00:00:00.000Z,92.6,103.3,88.5,88.5,85
בני ציון,92.6,2022-05-02T00:00:00.000Z,92.6,103.3,88.5,88.5,85
בני ציון,92.6,2022-05-02T00:00:00.000Z,92.6,103.3,88.5,88.5,85
בני ציון,92.6,2022-05-02T00:00:00.000Z,92.6,103.3,88.5,88.5,85
בני ציון,92.6,2022-05-02T00:00:00.000Z,92.6,103.3,88.5,88.5,85
בני ציון,92.6,2022-05-02T00:00:00.000Z,92.6,103.3,88.5,88.5,85
בני ציון,92.6,2022-05-02T00:00:00.000Z,92.6,103.3,88.5,88.5,85
בני ציון,92.6,2022-05-02T00:00:00.000Z,92.6,103.3,88.5,88.5,85
בני ציון,92.6,2022-05-02T00:00:00.000Z,92.6,103.3,88.5,88.5,85
בני ציון,92.6,2022-05-02T00:00:00.000Z,92.6,103.3,88.5,88.5,85
בני ציון,92.6,2022-05-02T00:00:00.000Z,92.6,103.3,88.5,88.5,85
בני ציון,92.6,2022-05-02T00:00:00.000Z,92.6,103.3,88.5,88.5,85
בני ציון,92.6,2022-05-02T00:00:00.000Z,92.6,103.3,88.5,88.5,85
בני ציון,92.6,2022-05-02T00:00:00.000Z,92.6,103.3,88.5,88.5,85
בני ציון,92.6,2022-05-02T00:00:00.000Z,92.6,103.3,88.5,88.5,85
בני ציון,92.6,2022-05-02T00:00:00.000Z,92.6,103.3,88.5,88.5,85
בני ציון,92.6,2022-05-02T00:00:00.000Z,92.6,103.3,88.5,88.5,85
בני ציון,92.6,2022-05-02T00:00:00.000Z,92.6,103.3,88.5,88.5,85
בני ציון,92.6,2022-05-02T00:00:00.000Z,92.6,103.3,88.5,88.5,85
בני ציון,92.6,2022-05-02T00:00:00.000Z,92.6,103.3,88.5,88.5,85
בני ציון,92.6,2022-05-02T00:00:00.000Z,92.6,103.3,88.5,88.5,85
בני ציון,92.6,2022-05-02T00:00:00.000Z,92.6,103.3,88.5,88.5,85
בני ציון,92.6,2022-05-02T00:00:00.000Z,92.6,103.3,88.5,88.5,85
בני ציון,92.6,2022-05-02T00:00:00.000Z,92.6,103.3,88.5,88.5,85
בני ציון,92.6,2022-05-02T00:00:00.000Z,92.6,103.3,88.5,88.5,85
בני ציון,92.6,2022-05-02T00:00:00.000Z,92.6,103.3,88.5,88.5,85
בני ציון,92.6,2022-05-02T00:00:00.000Z,92.6,103.3,88.5,88.5,85
בני ציון,92.6,2022-05-02T00:00:00.000Z,92.6,103.3,88.5,88.5,85
בני ציון,92.6,2022-05-02T00:00:00.000Z,92.6,103.3,88.5,88.5,85
בני ציון,92.6,2022-05-02T00:00:00.000Z,92.6,103.3,88.5,88.5,85
בני ציון,92.6,2022-05-02T00:00:00.000Z,92.6,103.3,88.5,88.5,85
בני ציון,92.6,2022-05-02T00:00:00.000Z,92.6,103.3,88.5,88.5,85
בני ציון,92.6,2022-05-02T00:00:00.000Z,92.6,103.3,88.5,88.5,85
בני ציון,92.6,2022-05-02T00:00:00.000Z,92.6,103.3,88.5,88.5,85
בני ציון,92.6,2022-05-02T00:00:00.000Z,92.6,103.3,88.5,88.5,85
בני ציון,92.6,2022-05-02T00:00:00.000Z,92.6,103.3,88.5,88.5,85
בני ציון,92.6,2022-05-02T00:00:00.000Z,92.6,103.3,88.5,88.5,85
בני ציון,92.6,2022-05-02T00:00:00.000Z,92.6,103.3,88.5,88.5,85
בני ציון,92.6,2022-05-02T00:00:00.000Z,92.6,103.3,88.5,88.5,85
בני ציון,92.6,2022-05-02T00:00:00.000Z,92.6,103.3,88.5,88.5,85
בני ציון,92.6,2022-05-02T00:00:00.000Z,92.6,103.3,88.5,88.5,85
בני ציון,92.6,2022-05-02T00:00:00.000Z,92.6,103.3,88.5,88.5,85
בני ציון,92.6,2022-05-02T00:00:00.000Z,92.6,103.3,88.5,88.5,85
בני ציון,92.6,2022-05-02T00:00:00.000Z,92.6,103.3,88.5,88.5,85
בני ציון,92.6,2022-05-02T00:00:00.000Z,92.6,103.3,88.5,88.5,85
בני ציון,92.6,2022-05-02T00:00:00.000Z,92.6,103.3,88.5,88.5,85
בני ציון,92.6,2022-05-02T00:00:00.000Z,92.6,103.3,88.5,88.5,85
בני ציון,92.6,2022-05-02T00:00:00.000Z,92.6,103.3,88.5,88.5,85
בני ציון,92.6,2022-05-02T00:00:00.000Z,92.6,103.3,88.5,88.5,85
בני ציון,92.6,2022-05-02T00:00:00.000Z,92.6,103.3,88.5,88.5,85
בני ציון,92.6,2022-05-02T00:00:00.000Z,92.6,103.3,88.5,88.5,85
בני ציון,92.6,2022-05-02T00:00:00.000Z,92.6,103.3,88.5,88.5,85
בני ציון,92.6,2022-05-02T00:00:00.000Z,92.6,103.3,88.5,88.5,85
בני ציון,92.6,2022-05-02T00:00:00.000Z,92.6,103.3,88.5,88.5,85
שמיר,84.2,2022-05-02T00:00:00.000Z,84.2,89.6,71.9,71.9,73.1
שמיר,84.2,2022-05-02T00:00:00.000Z,84.2,89.6,71.9,71.9,73.1
שמיר,84.2,2022-05-02T00:00:00.000Z,84.2,89.6,71.9,71.9,73.1
שמיר,84.2,2022-05-02T00:00:00.000Z,84.2,89.6,71.9,71.9,73.1
שמיר,84.2,2022-05-02T00:00:00.000Z,84.2,89.6,71.9,71.9,73.1
פוריה,67.9,2022-05-02T00:00:00.000Z,74.4,69.2,72.1,79.7,68.5
פוריה,67.9,2022-05-02T00:00:00.000Z,73.4,70.3,72.1,78.6,69.9
פוריה,67.9,2022-05-02T00:00:00.000Z,72.5,71.4,72.1,77.5,71.4
פוריה,67.9,2022-05-02T00:00:00.000Z,71.6,72.5,72.1,76.5,72.9
פוריה,67.9,2022-05-02T00:00:00.000Z,70.7,73.6,72.1,75.4,74.4
פוריה,67.9,2022-05-02T00:00:00.000Z,69.8,74.7,72.1,74.3,75.9
פוריה,67.9,2022-05-02T00:00:00.000Z,68.9,75.8,72.1,73.2,77.4
פוריה,67.9,2022-05-02T00:00:00.000Z,67.9,76.9,72.1,72.1,78.9
פוריה,67.9,2022-05-02T00:00:00.000Z,67.9,76.9,72.1,72.1,78.9
פוריה,67.9,2022-05-02T00:00:00.000Z,67.9,76.9,72.1,72.1,78.9
פוריה,67.9,2022-05-02T00:00:00.000Z,67.9,76.9,72.1,72.1,78.9
פוריה,67.9,2022-05-02T00:00:00.000Z,67.9,76.9,72.1,72.1,78.9
פוריה,67.9,2022-05-02T00:00:00.000Z,67.9,76.9,72.1,72.1,78.9
פוריה,67.9,2022-05-02T00:00:00.000Z,67.9,76.9,72.1,72.1,78.9
פוריה,67.9,2022-05-02T00:00:00.000Z,67.9,76.9,72.1,72.1,78.9
פוריה,67.9,2022-05-02T00:00:00.000Z,67.9,76.9,72.1,72.1,78.9
פוריה,67.9,2022-05-02T00:00:00.000Z,67.9,76.9,72.1,72.1,78.9
פוריה,67.9,2022-05-02T00:00:00.000Z,67.9,76.9,72.1,72.1,78.9
פוריה,67.9,2022-05-02T00:00:00.000Z,67.9,76.9,72.1,72.1,78.9
פוריה,67.9,2022-05-02T00:00:00.000Z,67.9,76.9,72.1,72.1,78.9
פוריה,67.9,2022-05-02T00:00:00.000Z,67.9,76.9,72.1,72.1,78.9
פוריה,67.9,2022-05-02T00:00:00.000Z,67.9,76.9,72.1,72.1,78.9
פוריה,67.9,2022-05-02T00:00:00.000Z,67.9,76.9,72.1,72.1,78.9
פוריה,67.9,2022-05-02T00:00:00.000Z,67.9,76.9,72.1,72.1,78.9
פוריה,67.9,2022-05-02T00:00:00.000Z,67.9,76.9,72.1,72.1,78.9
פוריה,67.9,2022-05-02T00:00:00.000Z,67.9,76.9,72.1,72.1,78.9
פוריה,67.9,2022-05-02T00:00:00.000Z,67.9,76.9,72.1,72.1,78.9
פוריה,67.9,2022-05-02T00:00:00.000Z,67.9,76.9,72.1,72.1,78.9
פוריה,67.9,2022-05-02T00:00:00.000Z,67.9,76.9,72.1,72.1,78.9
פוריה,67.9,2022-05-02T00:00:00.000Z,67.9,76.9,72.1,72.1,78.9
פוריה,67.9,2022-05-02T00:00:00.000Z,67.9,76.9,72.1,72.1,78.9
פוריה,67.9,2022-05-02T00:00:00.000Z,67.9,76.9,72.1,72.1,78.9
פוריה,67.9,2022-05-02T00:00:00.000Z,67.9,76.9,72.1,72.1,78.9
פוריה,67.9,2022-05-02T00:00:00.000Z,67.9,76.9,72.1,72.1,78.9
פוריה,67.9,2022-05-02T00:00:00.000Z,67.9,76.9,72.1,72.1,78.9
פוריה,67.9,2022-05-02T00:00:00.000Z,67.9,76.9,72.1,72.1,78.9
פוריה,67.9,2022-05-02T00:00:00.000Z,67.9,76.9,72.1,72.1,78.9
פוריה,67.9,2022-05-02T00:00:00.000Z,67.9,76.9,72.1,72.1,78.9
פוריה,67.9,2022-05-02T00:00:00.000Z,67.9,76.9,72.1,72.1,78.9
פוריה,67.9,2022-05-02T00:00:00.000Z,67.9,76.9,72.1,72.1,78.9
פוריה,67.9,2022-05-02T00:00:00.000Z,67.9,76.9,72.1,72.1,78.9
פוריה,67.9,2022-05-02T00:00:00.000Z,67.9,76.9,72.1,72.1,78.9
פוריה,67.9,2022-05-02T00:00:00.000Z,67.9,76.9,72.1,72.1,78.9
פוריה,67.9,2022-05-02T00:00:00.000Z,67.9,76.9,72.1,72.1,78.9
פוריה,67.9,2022-05-02T00:00:00.000Z,67.9,76.9,72.1,72.1,78.9
פוריה,67.9,2022-05-02T00:00:00.000Z,67.9,76.9,72.1,72.1,78.9
פוריה,67.9,2022-05-02T00:00:00.000Z,67.9,76.9,72.1,72.1,78.9
פוריה,67.9,2022-05-02T00:00:00.000Z,67.9,76.9,72.1,72.1,78.9
פוריה,67.9,2022-05-02T00:00:00.000Z,67.9,76.9,72.1,72.1,78.9
פוריה,67.9,2022-05-02T00:00:00.000Z,67.9,76.9,72.1,72.1,78.9
פוריה,67.9,2022-05-02T00:00:00.000Z,67.9,76.9,72.1,72.1,78.9
פוריה,67.9,2022-05-02T00:00:00.000Z,67.9,76.9,72.1,72.1,78.9
פוריה,67.9,2022-05-02T00:00:00.000Z,67.9,76.9,72.1,72.1,78.9
פוריה,67.9,2022-05-02T00:00:00.000Z,67.9,76.9,72.1,72.1,78.9
פוריה,67.9,2022-05-02T00:00:00.000Z,67.9,76.9,72.1,72.1,78.9
פוריה,67.9,2022-05-02T00:00:00.000Z,67.9,76.9,72.1,72.1,78.9
פוריה,67.9,2022-05-02T00:00:00.000Z,67.9,76.9,72.1,72.1,78.9
פוריה,67.9,2022-05-02T00:00:00.000Z,67.9,76.9,72.1,72.1,78.9
פוריה,67.9,2022-05-02T00:00:00.000Z,67.9,76.9,72.1,72.1,78.9
פוריה,67.9,2022-05-02T00:00:00.000Z,67.9,76.9,72.1,72.1,78.9
לניאדו,97.4,2022-05-02T00:00:00.000Z,102.6,102.6,113.6,114.2,88.9
לניאדו,97.4,2022-05-02T00:00:00.000Z,101.8,103.5,113.6,114.1,90.9
לניאדו,97.4,2022-05-02T00:00:00.000Z,101.1,104.4,113.6,114,92.9
לניאדו,97.4,2022-05-02T00:00:00.000Z,100.4,105.3,113.6,114,94.9
לניאדו,97.4,2022-05-02T00:00:00.000Z,99.6,106.2,113.6,113.9,97
לניאדו,97.4,2022-05-02T00:00:00.000Z,98.9,107.1,113.6,113.8,99
לניאדו,97.4,2022-05-02T00:00:00.000Z,98.2,108.1,113.6,113.7,101
לניאדו,97.4,2022-05-02T00:00:00.000Z,97.4,109,113.6,113.6,103.1
לניאדו,97.4,2022-05-02T00:00:00.000Z,97.4,109,113.6,113.6,103.1
לניאדו,97.4,2022-05-02T00:00:00.000Z,97.4,109,113.6,113.6,103.1
לניאדו,97.4,2022-05-02T00:00:00.000Z,97.4,109,113.6,113.6,103.1
לניאדו,97.4,2022-05-02T00:00:00.000Z,97.4,109,113.6,113.6,103.1
לניאדו,97.4,2022-05-02T00:00:00.000Z,97.4,109,113.6,113.6,103.1
לניאדו,97.4,2022-05-02T00:00:00.000Z,97.4,109,113.6,113.6,103.1
לניאדו,97.4,2022-05-02T00:00:00.000Z,97.4,109,113.6,113.6,103.1
לניאדו,97.4,2022-05-02T00:00:00.000Z,97.4,109,113.6,113.6,103.1
לניאדו,97.4,2022-05-02T00:00:00.000Z,97.4,109,113.6,113.6,103.1
לניאדו,97.4,2022-05-02T00:00:00.000Z,97.4,109,113.6,113.6,103.1
לניאדו,97.4,2022-05-02T00:00:00.000Z,97.4,109,113.6,113.6,103.1
לניאדו,97.4,2022-05-02T00:00:00.000Z,97.4,109,113.6,113.6,103.1
לניאדו,97.4,2022-05-02T00:00:00.000Z,97.4,109,113.6,113.6,103.1
לניאדו,97.4,2022-05-02T00:00:00.000Z,97.4,109,113.6,113.6,103.1
לניאדו,97.4,2022-05-02T00:00:00.000Z,97.4,109,113.6,113.6,103.1
לניאדו,97.4,2022-05-02T00:00:00.000Z,97.4,109,113.6,113.6,103.1
וולפסון,79.5,2022-05-02T00:00:00.000Z,81.6,100,76.7,77.9,77.9
וולפסון,79.5,2022-05-02T00:00:00.000Z,81.3,99.3,76.7,77.7,78.8
וולפסון,79.5,2022-05-02T00:00:00.000Z,81,98.6,76.7,77.6,79.6
וולפסון,79.5,2022-05-02T00:00:00.000Z,80.7,97.9,76.7,77.4,80.5
וולפסון,79.5,2022-05-02T00:00:00.000Z,80.4,97.2,76.7,77.2,81.4
וולפסון,79.5,2022-05-02T00:00:00.000Z,80.1,96.5,76.7,77.1,82.3
וולפסון,79.5,2022-05-02T00:00:00.000Z,79.8,95.8,76.7,76.9,83.2
וולפסון,79.5,2022-05-02T00:00:00.000Z,79.5,95.1,76.7,76.7,84
וולפסון,79.5,2022-05-02T00:00:00.000Z,79.5,95.1,76.7,76.7,84
וולפסון,79.5,2022-05-02T00:00:00.000Z,79.5,95.1,76.7,76.7,84
וולפסון,79.5,2022-05-02T00:00:00.000Z,79.5,95.1,76.7,76.7,84
וולפסון,79.5,2022-05-02T00:00:00.000Z,79.5,95.1,76.7,76.7,84
וולפסון,79.5,2022-05-02T00:00:00.000Z,79.5,95.1,76.7,76.7,84
וולפסון,79.5,2022-05-02T00:00:00.000Z,79.5,95.1,76.7,76.7,84
וולפסון,79.5,2022-05-02T00:00:00.000Z,79.5,95.1,76.7,76.7,84
וולפסון,79.5,2022-05-02T00:00:00.000Z,79.5,95.1,76.7,76.7,84
וולפסון,79.5,2022-05-02T00:00:00.000Z,79.5,95.1,76.7,76.7,84
וולפסון,79.5,2022-05-02T00:00:00.000Z,79.5,95.1,76.7,76.7,84
וולפסון,79.5,2022-05-02T00:00:00.000Z,79.5,95.1,76.7,76.7,84
וולפסון,79.5,2022-05-02T00:00:00.000Z,79.5,95.1,76.7,76.7,84
וולפסון,79.5,2022-05-02T00:00:00.000Z,79.5,95.1,76.7,76.7,84
וולפסון,79.5,2022-05-02T00:00:00.000Z,79.5,95.1,76.7,76.7,84
וולפסון,79.5,2022-05-02T00:00:00.000Z,79.5,95.1,76.7,76.7,84
וולפסון,79.5,2022-05-02T00:00:00.000Z,79.5,95.1,76.7,76.7,84
פוריה,67.9,2022-05-02T00:00:00.000Z,67.9,76.9,72.1,72.1,78.9
פוריה,67.9,2022-05-02T00:00:00.000Z,67.9,76.9,72.1,72.1,78.9
פוריה,67.9,2022-05-02T00:00:00.000Z,67.9,76.9,72.1,72.1,78.9
פוריה,67.9,2022-05-02T00:00:00.000Z,67.9,76.9,72.1,72.1,78.9
פוריה,67.9,2022-05-02T00:00:00.000Z,67.9,76.9,72.1,72.1,78.9
פוריה,67.9,2022-05-02T00:00:00.000Z,67.9,76.9,72.1,72.1,78.9
פוריה,67.9,2022-05-02T00:00:00.000Z,67.9,76.9,72.1,72.1,78.9
פוריה,67.9,2022-05-02T00:00:00.000Z,67.9,76.9,72.1,72.1,78.9
פוריה,67.9,2022-05-02T00:00:00.000Z,67.9,76.9,72.1,72.1,78.9
פוריה,67.9,2022-05-02T00:00:00.000Z,67.9,76.9,72.1,72.1,78.9
פוריה,67.9,2022-05-02T00:00:00.000Z,67.9,76.9,72.1,72.1,78.9
פוריה,67.9,2022-05-02T00:00:00.000Z,67.9,76.9,72.1,72.1,78.9
פוריה,67.9,2022-05-02T00:00:00.000Z,67.9,76.9,72.1,72.1,78.9
פוריה,67.9,2022-05-02T00:00:00.000Z,67.9,76.9,72.1,72.1,78.9
פוריה,67.9,2022-05-02T00:00:00.000Z,67.9,76.9,72.1,72.1,78.9
פוריה,67.9,2022-05-02T00:00:00.000Z,67.9,76.9,72.1,72.1,78.9
פוריה,67.9,2022-05-02T00:00:00.000Z,67.9,76.9,72.1,72.1,78.9
פוריה,67.9,2022-05-02T00:00:00.000Z,67.9,76.9,72.1,72.1,78.9
פוריה,67.9,2022-05-02T00:00:00.000Z,67.9,76.9,72.1,72.1,78.9
פוריה,67.9,2022-05-02T00:00:00.000Z,67.9,76.9,72.1,72.1,78.9
פוריה,67.9,2022-05-02T00:00:00.000Z,67.9,76.9,72.1,72.1,78.9
לניאדו,97.4,2022-05-02T00:00:00.000Z,97.4,109,113.6,113.6,103.1
לניאדו,97.4,2022-05-02T00:00:00.000Z,97.4,109,113.6,113.6,103.1
לניאדו,97.4,2022-05-02T00:00:00.000Z,97.4,109,113.6,113.6,103.1
לניאדו,97.4,2022-05-02T00:00:00.000Z,97.4,109,113.6,113.6,103.1
לניאדו,97.4,2022-05-02T00:00:00.000Z,97.4,109,113.6,113.6,103.1
לניאדו,97.4,2022-05-02T00:00:00.000Z,97.4,109,113.6,113.6,103.1
לניאדו,97.4,2022-05-02T00:00:00.000Z,97.4,109,113.6,113.6,103.1
לניאדו,97.4,2022-05-02T00:00:00.000Z,97.4,109,113.6,113.6,103.1
לניאדו,97.4,2022-05-02T00:00:00.000Z,97.4,109,113.6,113.6,103.1
לניאדו,97.4,2022-05-02T00:00:00.000Z,97.4,109,113.6,113.6,103.1
לניאדו,97.4,2022-05-02T00:00:00.000Z,97.4,109,113.6,113.6,103.1
לניאדו,97.4,2022-05-02T00:00:00.000Z,97.4,109,113.6,113.6,103.1
לניאדו,97.4,2022-05-02T00:00:00.000Z,97.4,109,113.6,113.6,103.1
לניאדו,97.4,2022-05-02T00:00:00.000Z,97.4,109,113.6,113.6,103.1
לניאדו,97.4,2022-05-02T00:00:00.000Z,97.4,109,113.6,113.6,103.1
לניאדו,97.4,2022-05-02T00:00:00.000Z,97.4,109,113.6,113.6,103.1
לניאדו,97.4,2022-05-02T00:00:00.000Z,97.4,109,113.6,113.6,103.1
לניאדו,97.4,2022-05-02T00:00:00.000Z,97.4,109,113.6,113.6,103.1
לניאדו,97.4,2022-05-02T00:00:00.000Z,97.4,109,113.6,113.6,103.1
לניאדו,97.4,2022-05-02T00:00:00.000Z,97.4,109,113.6,113.6,103.1
לניאדו,97.4,2022-05-02T00:00:00.000Z,97.4,109,113.6,113.6,103.1
לניאדו,97.4,2022-05-02T00:00:00.000Z,97.4,109,113.6,113.6,103.1
לניאדו,97.4,2022-05-02T00:00:00.000Z,97.4,109,113.6,113.6,103.1
לניאדו,97.4,2022-05-02T00:00:00.000Z,97.4,109,113.6,113.6,103.1
לניאדו,97.4,2022-05-02T00:00:00.000Z,97.4,109,113.6,113.6,103.1
לניאדו,97.4,2022-05-02T00:00:00.000Z,97.4,109,113.6,113.6,103.1
לניאדו,97.4,2022-05-02T00:00:00.000Z,97.4,109,113.6,113.6,103.1
לניאדו,97.4,2022-05-02T00:00:00.000Z,97.4,109,113.6,113.6,103.1
לניאדו,97.4,2022-05-02T00:00:00.000Z,97.4,109,113.6,113.6,103.1
לניאדו,97.4,2022-05-02T00:00:00.000Z,97.4,109,113.6,113.6,103.1
לניאדו,97.4,2022-05-02T00:00:00.000Z,97.4,109,113.6,113.6,103.1
לניאדו,97.4,2022-05-02T00:00:00.000Z,97.4,109,113.6,113.6,103.1
לניאדו,97.4,2022-05-02T00:00:00.000Z,97.4,109,113.6,113.6,103.1
לניאדו,97.4,2022-05-02T00:00:00.000Z,97.4,109,113.6,113.6,103.1
וולפסון,79.5,2022-05-02T00:00:00.000Z,79.5,95.1,76.7,76.7,84
וולפסון,79.5,2022-05-02T00:00:00.000Z,79.5,95.1,76.7,76.7,84
וולפסון,79.5,2022-05-02T00:00:00.000Z,79.5,95.1,76.7,76.7,84
וולפסון,79.5,2022-05-02T00:00:00.000Z,79.5,95.1,76.7,76.7,84
וולפסון,79.5,2022-05-02T00:00:00.000Z,79.5,95.1,76.7,76.7,84
וולפסון,79.5,2022-05-02T00:00:00.000Z,79.5,95.1,76.7,76.7,84
וולפסון,79.5,2022-05-02T00:00:00.000Z,79.5,95.1,76.7,76.7,84
וולפסון,79.5,2022-05-02T00:00:00.000Z,79.5,95.1,76.7,76.7,84
וולפסון,79.5,2022-05-02T00:00:00.000Z,79.5,95.1,76.7,76.7,84
וולפסון,79.5,2022-05-02T00:00:00.000Z,79.5,95.1,76.7,76.7,84
וולפסון,79.5,2022-05-02T00:00:00.000Z,79.5,95.1,76.7,76.7,84
וולפסון,79.5,2022-05-02T00:00:00.000Z,79.5,95.1,76.7,76.7,84
וולפסון,79.5,2022-05-02T00:00:00.000Z,79.5,95.1,76.7,76.7,84
וולפסון,79.5,2022-05-02T00:00:00.000Z,79.5,95.1,76.7,76.7,84
וולפסון,79.5,2022-05-02T00:00:00.000Z,79.5,95.1,76.7,76.7,84
וולפסון,79.5,2022-05-02T00:00:00.000Z,79.5,95.1,76.7,76.7,84
וולפסון,79.5,2022-05-02T00:00:00.000Z,79.5,95.1,76.7,76.7,84
וולפסון,79.5,2022-05-02T00:00:00.000Z,79.5,95.1,76.7,76.7,84
וולפסון,79.5,2022-05-02T00:00:00.000Z,79.5,95.1,76.7,76.7,84
וולפסון,79.5,2022-05-02T00:00:00.000Z,79.5,95.1,76.7,76.7,84
וולפסון,79.5,2022-05-02T00:00:00.000Z,79.5,95.1,76.7,76.7,84
וולפסון,79.5,2022-05-02T00:00:00.000Z,79.5,95.1,76.7,76.7,84
וולפסון,79.5,2022-05-02T00:00:00.000Z,79.5,95.1,76.7,76.7,84
וולפסון,79.5,2022-05-02T00:00:00.000Z,79.5,95.1,76.7,76.7,84
וולפסון,79.5,2022-05-02T00:00:00.000Z,79.5,95.1,76.7,76.7,84
וולפסון,79.5,2022-05-02T00:00:00.000Z,79.5,95.1,76.7,76.7,84
וולפסון,79.5,2022-05-02T00:00:00.000Z,79.5,95.1,76.7,76.7,84
וולפסון,79.5,2022-05-02T00:00:00.000Z,79.5,95.1,76.7,76.7,84
וולפסון,79.5,2022-05-02T00:00:00.000Z,79.5,95.1,76.7,76.7,84
וולפסון,79.5,2022-05-02T00:00:00.000Z,79.5,95.1,76.7,76.7,84
וולפסון,79.5,2022-05-02T00:00:00.000Z,79.5,95.1,76.7,76.7,84
וולפסון,79.5,2022-05-02T00:00:00.000Z,79.5,95.1,76.7,76.7,84
וולפסון,79.5,2022-05-02T00:00:00.000Z,79.5,95.1,76.7,76.7,84
וולפסון,79.5,2022-05-02T00:00:00.000Z,79.5,95.1,76.7,76.7,84
לניאדו,97.4,2022-05-02T00:00:00.000Z,97.4,109,113.6,113.6,103.1
לניאדו,97.4,2022-05-02T00:00:00.000Z,97.4,109,113.6,113.6,103.1
לניאדו,97.4,2022-05-02T00:00:00.000Z,97.4,109,113.6,113.6,103.1
לניאדו,97.4,2022-05-02T00:00:00.000Z,97.4,109,113.6,113.6,103.1
לניאדו,97.4,2022-05-02T00:00:00.000Z,97.4,109,113.6,113.6,103.1
לניאדו,97.4,2022-05-02T00:00:00.000Z,97.4,109,113.6,113.6,103.1
לניאדו,97.4,2022-05-02T00:00:00.000Z,97.4,109,113.6,113.6,103.1
לניאדו,97.4,2022-05-02T00:00:00.000Z,97.4,109,113.6,113.6,103.1
לניאדו,97.4,2022-05-02T00:00:00.000Z,97.4,109,113.6,113.6,103.1
לניאדו,97.4,2022-05-02T00:00:00.000Z,97.4,109,113.6,113.6,103.1
לניאדו,97.4,2022-05-02T00:00:00.000Z,97.4,109,113.6,113.6,103.1
לניאדו,97.4,2022-05-02T00:00:00.000Z,97.4,109,113.6,113.6,103.1
לניאדו,97.4,2022-05-02T00:00:00.000Z,97.4,109,113.6,113.6,103.1
לניאדו,97.4,2022-05-02T00:00:00.000Z,97.4,109,113.6,113.6,103.1
לניאדו,97.4,2022-05-02T00:00:00.000Z,97.4,109,113.6,113.6,103.1
לניאדו,97.4,2022-05-02T00:00:00.000Z,97.4,109,113.6,113.6,103.1
לניאדו,97.4,2022-05-02T00:00:00.000Z,97.4,109,113.6,113.6,103.1
לניאדו,97.4,2022-05-02T00:00:00.000Z,97.4,109,113.6,113.6,103.1
לניאדו,97.4,2022-05-02T00:00:00.000Z,97.4,109,113.6,113.6,103.1
לניאדו,97.4,2022-05-02T00:00:00.000Z,97.4,109,113.6,113.6,103.1
לניאדו,97.4,2022-05-02T00:00:00.000Z,97.4,109,113.6,113.6,103.1
לניאדו,97.4,2022-05-02T00:00:00.000Z,97.4,109,113.6,113.6,103.1
לניאדו,97.4,2022-05-02T00:00:00.000Z,97.4,109,113.6,113.6,103.1
וולפסון,79.5,2022-05-02T00:00:00.000Z,79.5,95.1,76.7,76.7,84
וולפסון,79.5,2022-05-02T00:00:00.000Z,79.5,95.1,76.7,76.7,84
וולפסון,79.5,2022-05-02T00:00:00.000Z,79.5,95.1,76.7,76.7,84
וולפסון,79.5,2022-05-02T00:00:00.000Z,79.5,95.1,76.7,76.7,84
וולפסון,79.5,2022-05-02T00:00:00.000Z,79.5,95.1,76.7,76.7,84
וולפסון,79.5,2022-05-02T00:00:00.000Z,79.5,95.1,76.7,76.7,84
וולפסון,79.5,2022-05-02T00:00:00.000Z,79.5,95.1,76.7,76.7,84
וולפסון,79.5,2022-05-02T00:00:00.000Z,79.5,95.1,76.7,76.7,84
וולפסון,79.5,2022-05-02T00:00:00.000Z,79.5,95.1,76.7,76.7,84
וולפסון,79.5,2022-05-02T00:00:00.000Z,79.5,95.1,76.7,76.7,84
וולפסון,79.5,2022-05-02T00:00:00.000Z,79.5,95.1,76.7,76.7,84
וולפסון,79.5,2022-05-02T00:00:00.000Z,79.5,95.1,76.7,76.7,84
וולפסון,79.5,2022-05-02T00:00:00.000Z,79.5,95.1,76.7,76.7,84
וולפסון,79.5,2022-05-02T00:00:00.000Z,79.5,95.1,76.7,76.7,84
וולפסון,79.5,2022-05-02T00:00:00.000Z,79.5,95.1,76.7,76.7,84
וולפסון,79.5,2022-05-02T00:00:00.000Z,79.5,95.1,76.7,76.7,84
וולפסון,79.5,2022-05-02T00:00:00.000Z,79.5,95.1,76.7,76.7,84
וולפסון,79.5,2022-05-02T00:00:00.000Z,79.5,95.1,76.7,76.7,84
וולפסון,79.5,2022-05-02T00:00:00.000Z,79.5,95.1,76.7,76.7,84
וולפסון,79.5,2022-05-02T00:00:00.000Z,79.5,95.1,76.7,76.7,84
וולפסון,79.5,2022-05-02T00:00:00.000Z,79.5,95.1,76.7,76.7,84
וולפסון,79.5,2022-05-02T00:00:00.000Z,79.5,95.1,76.7,76.7,84
וולפסון,79.5,2022-05-02T00:00:00.000Z,79.5,95.1,76.7,76.7,84
רבין ק. בילינסון,126.4,2022-05-02T00:00:00.000Z,131.3,102.6,97.9,101.4,85
רבין ק. בילינסון,126.4,2022-05-02T00:00:00.000Z,130.6,103.2,97.9,100.9,85.9
רבין ק. בילינסון,126.4,2022-05-02T00:00:00.000Z,129.9,103.8,97.9,100.4,86.8
רבין ק. בילינסון,126.4,2022-05-02T00:00:00.000Z,129.2,104.3,97.9,99.9,87.7
רבין ק. בילינסון,126.4,2022-05-02T00:00:00.000Z,128.5,104.9,97.9,99.4,88.6
רבין ק. בילינסון,126.4,2022-05-02T00:00:00.000Z,127.8,105.5,97.9,98.9,89.5
רבין ק. בילינסון,126.4,2022-05-02T00:00:00.000Z,127.1,106,97.9,98.4,90.4
רבין ק. בילינסון,126.4,2022-05-02T00:00:00.000Z,126.4,106.6,97.9,97.9,91.3
רבין ק. בילינסון,126.4,2022-05-02T00:00:00.000Z,126.4,106.6,97.9,97.9,91.3
רבין ק. בילינסון,126.4,2022-05-02T00:00:00.000Z,126.4,106.6,97.9,97.9,91.3
רבין ק. בילינסון,126.4,2022-05-02T00:00:00.000Z,126.4,106.6,97.9,97.9,91.3
רבין ק. בילינסון,126.4,2022-05-02T00:00:00.000Z,126.4,106.6,97.9,97.9,91.3
רבין ק. בילינסון,126.4,2022-05-02T00:00:00.000Z,126.4,106.6,97.9,97.9,91.3
רבין ק. בילינסון,126.4,2022-05-02T00:00:00.000Z,126.4,106.6,97.9,97.9,91.3
רבין ק. בילינסון,126.4,2022-05-02T00:00:00.000Z,126.4,106.6,97.9,97.9,91.3
רבין ק. בילינסון,126.4,2022-05-02T00:00:00.000Z,126.4,106.6,97.9,97.9,91.3
רבין ק. בילינסון,126.4,2022-05-02T00:00:00.000Z,126.4,106.6,97.9,97.9,91.3
רבין ק. בילינסון,126.4,2022-05-02T00:00:00.000Z,126.4,106.6,97.9,97.9,91.3
רבין ק. בילינסון,126.4,2022-05-02T00:00:00.000Z,126.4,106.6,97.9,97.9,91.3
רבין ק. בילינסון,126.4,2022-05-02T00:00:00.000Z,126.4,106.6,97.9,97.9,91.3
רבין ק. בילינסון,126.4,2022-05-02T00:00:00.000Z,126.4,106.6,97.9,97.9,91.3
רבין ק. בילינסון,126.4,2022-05-02T00:00:00.000Z,126.4,106.6,97.9,97.9,91.3
רבין ק. בילינסון,126.4,2022-05-02T00:00:00.000Z,126.4,106.6,97.9,97.9,91.3
רבין ק. בילינסון,126.4,2022-05-02T00:00:00.000Z,126.4,106.6,97.9,97.9,91.3
רבין ק. בילינסון,126.4,2022-05-02T00:00:00.000Z,126.4,106.6,97.9,97.9,91.3
רבין ק. בילינסון,126.4,2022-05-02T00:00:00.000Z,126.4,106.6,97.9,97.9,91.3
רבין ק. בילינסון,126.4,2022-05-02T00:00:00.000Z,126.4,106.6,97.9,97.9,91.3
רבין ק. בילינסון,126.4,2022-05-02T00:00:00.000Z,126.4,106.6,97.9,97.9,91.3
רבין ק. בילינסון,126.4,2022-05-02T00:00:00.000Z,126.4,106.6,97.9,97.9,91.3
רבין ק. בילינסון,126.4,2022-05-02T00:00:00.000Z,126.4,106.6,97.9,97.9,91.3
רבין ק. בילינסון,126.4,2022-05-02T00:00:00.000Z,126.4,106.6,97.9,97.9,91.3
הכרמל,68.9,2022-05-02T00:00:00.000Z,56.6,73.6,78.3,72,73.4
הכרמל,68.9,2022-05-02T00:00:00.000Z,58.4,73.6,78.3,72.9,74
הכרמל,68.9,2022-05-02T00:00:00.000Z,60.1,73.6,78.3,73.8,74.6
הכרמל,68.9,2022-05-02T00:00:00.000Z,61.9,73.6,78.3,74.7,75.2
הכרמל,68.9,2022-05-02T00:00:00.000Z,63.6,73.6,78.3,75.6,75.8
הכרמל,68.9,2022-05-02T00:00:00.000Z,65.4,73.6,78.3,76.5,76.3
הכרמל,68.9,2022-05-02T00:00:00.000Z,67.1,73.6,78.3,77.4,76.9
הכרמל,68.9,2022-05-02T00:00:00.000Z,68.9,73.6,78.3,78.3,77.5
הכרמל,68.9,2022-05-02T00:00:00.000Z,68.9,73.6,78.3,78.3,77.5
הכרמל,68.9,2022-05-02T00:00:00.000Z,68.9,73.6,78.3,78.3,77.5
הכרמל,68.9,2022-05-02T00:00:00.000Z,68.9,73.6,78.3,78.3,77.5
הכרמל,68.9,2022-05-02T00:00:00.000Z,68.9,73.6,78.3,78.3,77.5
הכרמל,68.9,2022-05-02T00:00:00.000Z,68.9,73.6,78.3,78.3,77.5
הכרמל,68.9,2022-05-02T00:00:00.000Z,68.9,73.6,78.3,78.3,77.5
הכרמל,68.9,2022-05-02T00:00:00.000Z,68.9,73.6,78.3,78.3,77.5
הכרמל,68.9,2022-05-02T00:00:00.000Z,68.9,73.6,78.3,78.3,77.5
הכרמל,68.9,2022-05-02T00:00:00.000Z,68.9,73.6,78.3,78.3,77.5
הכרמל,68.9,2022-05-02T00:00:00.000Z,68.9,73.6,78.3,78.3,77.5
הכרמל,68.9,2022-05-02T00:00:00.000Z,68.9,73.6,78.3,78.3,77.5
הכרמל,68.9,2022-05-02T00:00:00.000Z,68.9,73.6,78.3,78.3,77.5
הכרמל,68.9,2022-05-02T00:00:00.000Z,68.9,73.6,78.3,78.3,77.5
הכרמל,68.9,2022-05-02T00:00:00.000Z,68.9,73.6,78.3,78.3,77.5
הכרמל,68.9,2022-05-02T00:00:00.000Z,68.9,73.6,78.3,78.3,77.5
הכרמל,68.9,2022-05-02T00:00:00.000Z,68.9,73.6,78.3,78.3,77.5
הכרמל,68.9,2022-05-02T00:00:00.000Z,68.9,73.6,78.3,78.3,77.5
הכרמל,68.9,2022-05-02T00:00:00.000Z,68.9,73.6,78.3,78.3,77.5
הכרמל,68.9,2022-05-02T00:00:00.000Z,68.9,73.6,78.3,78.3,77.5
הכרמל,68.9,2022-05-02T00:00:00.000Z,68.9,73.6,78.3,78.3,77.5
הכרמל,68.9,2022-05-02T00:00:00.000Z,68.9,73.6,78.3,78.3,77.5
הכרמל,68.9,2022-05-02T00:00:00.000Z,68.9,73.6,78.3,78.3,77.5
הכרמל,68.9,2022-05-02T00:00:00.000Z,68.9,73.6,78.3,78.3,77.5
הכרמל,68.9,2022-05-02T00:00:00.000Z,68.9,73.6,78.3,78.3,77.5
הכרמל,68.9,2022-05-02T00:00:00.000Z,68.9,73.6,78.3,78.3,77.5
הכרמל,68.9,2022-05-02T00:00:00.000Z,68.9,73.6,78.3,78.3,77.5
הכרמל,68.9,2022-05-02T00:00:00.000Z,68.9,73.6,78.3,78.3,77.5
הכרמל,68.9,2022-05-02T00:00:00.000Z,68.9,73.6,78.3,78.3,77.5
הכרמל,68.9,2022-05-02T00:00:00.000Z,68.9,73.6,78.3,78.3,77.5
הכרמל,68.9,2022-05-02T00:00:00.000Z,68.9,73.6,78.3,78.3,77.5
הכרמל,68.9,2022-05-02T00:00:00.000Z,68.9,73.6,78.3,78.3,77.5
הכרמל,68.9,2022-05-02T00:00:00.000Z,68.9,73.6,78.3,78.3,77.5
הכרמל,68.9,2022-05-02T00:00:00.000Z,68.9,73.6,78.3,78.3,77.5
הכרמל,68.9,2022-05-02T00:00:00.000Z,68.9,73.6,78.3,78.3,77.5
הכרמל,68.9,2022-05-02T00:00:00.000Z,68.9,73.6,78.3,78.3,77.5
הכרמל,68.9,2022-05-02T00:00:00.000Z,68.9,73.6,78.3,78.3,77.5
הכרמל,68.9,2022-05-02T00:00:00.000Z,68.9,73.6,78.3,78.3,77.5
הכרמל,68.9,2022-05-02T00:00:00.000Z,68.9,73.6,78.3,78.3,77.5
הכרמל,68.9,2022-05-02T00:00:00.000Z,68.9,73.6,78.3,78.3,77.5
הכרמל,68.9,2022-05-02T00:00:00.000Z,68.9,73.6,78.3,78.3,77.5
הכרמל,68.9,2022-05-02T00:00:00.000Z,68.9,73.6,78.3,78.3,77.5
הכרמל,68.9,2022-05-02T00:00:00.000Z,68.9,73.6,78.3,78.3,77.5
הכרמל,68.9,2022-05-02T00:00:00.000Z,68.9,73.6,78.3,78.3,77.5
הכרמל,68.9,2022-05-02T00:00:00.000Z,68.9,73.6,78.3,78.3,77.5
הכרמל,68.9,2022-05-02T00:00:00.000Z,68.9,73.6,78.3,78.3,77.5
הכרמל,68.9,2022-05-02T00:00:00.000Z,68.9,73.6,78.3,78.3,77.5
הכרמל,68.9,2022-05-02T00:00:00.000Z,68.9,73.6,78.3,78.3,77.5
הכרמל,68.9,2022-05-02T00:00:00.000Z,68.9,73.6,78.3,78.3,77.5
הכרמל,68.9,2022-05-02T00:00:00.000Z,68.9,73.6,78.3,78.3,77.5
הכרמל,68.9,2022-05-02T00:00:00.000Z,68.9,73.6,78.3,78.3,77.5
רבין ק. בילינסון,126.4,2022-05-02T00:00:00.000Z,126.4,106.6,97.9,97.9,91.3
רבין ק. בילינסון,126.4,2022-05-02T00:00:00.000Z,126.4,106.6,97.9,97.9,91.3
רבין ק. בילינסון,126.4,2022-05-02T00:00:00.000Z,126.4,106.6,97.9,97.9,91.3
רבין ק. בילינסון,126.4,2022-05-02T00:00:00.000Z,126.4,106.6,97.9,97.9,91.3
רבין ק. בילינסון,126.4,2022-05-02T00:00:00.000Z,126.4,106.6,97.9,97.9,91.3
רבין ק. בילינסון,126.4,2022-05-02T00:00:00.000Z,126.4,106.6,97.9,97.9,91.3
רבין ק. בילינסון,126.4,2022-05-02T00:00:00.000Z,126.4,106.6,97.9,97.9,91.3
רבין ק. בילינסון,126.4,2022-05-02T00:00:00.000Z,126.4,106.6,97.9,97.9,91.3
רבין ק. בילינסון,126.4,2022-05-02T00:00:00.000Z,126.4,106.6,97.9,97.9,91.3
רבין ק. בילינסון,126.4,2022-05-02T00:00:00.000Z,126.4,106.6,97.9,97.9,91.3
רבין ק. בילינסון,126.4,2022-05-02T00:00:00.000Z,126.4,106.6,97.9,97.9,91.3
רבין ק. בילינסון,126.4,2022-05-02T00:00:00.000Z,126.4,106.6,97.9,97.9,91.3
רבין ק. בילינסון,126.4,2022-05-02T00:00:00.000Z,126.4,106.6,97.9,97.9,91.3
רבין ק. בילינסון,126.4,2022-05-02T00:00:00.000Z,126.4,106.6,97.9,97.9,91.3
רבין ק. בילינסון,126.4,2022-05-02T00:00:00.000Z,126.4,106.6,97.9,97.9,91.3
רבין ק. בילינסון,126.4,2022-05-02T00:00:00.000Z,126.4,106.6,97.9,97.9,91.3
רבין ק. בילינסון,126.4,2022-05-02T00:00:00.000Z,126.4,106.6,97.9,97.9,91.3
רבין ק. בילינסון,126.4,2022-05-02T00:00:00.000Z,126.4,106.6,97.9,97.9,91.3
רבין ק. בילינסון,126.4,2022-05-02T00:00:00.000Z,126.4,106.6,97.9,97.9,91.3
רבין ק. בילינסון,126.4,2022-05-02T00:00:00.000Z,126.4,106.6,97.9,97.9,91.3
רבין ק. בילינסון,126.4,2022-05-02T00:00:00.000Z,126.4,106.6,97.9,97.9,91.3
רבין ק. בילינסון,126.4,2022-05-02T00:00:00.000Z,126.4,106.6,97.9,97.9,91.3
רבין ק. בילינסון,126.4,2022-05-02T00:00:00.000Z,126.4,106.6,97.9,97.9,91.3
רבין ק. בילינסון,126.4,2022-05-02T00:00:00.000Z,126.4,106.6,97.9,97.9,91.3
רבין ק. בילינסון,126.4,2022-05-02T00:00:00.000Z,126.4,106.6,97.9,97.9,91.3
רבין ק. בילינסון,126.4,2022-05-02T00:00:00.000Z,126.4,106.6,97.9,97.9,91.3
רבין ק. בילינסון,126.4,2022-05-02T00:00:00.000Z,126.4,106.6,97.9,97.9,91.3
רבין ק. בילינסון,126.4,2022-05-02T00:00:00.000Z,126.4,106.6,97.9,97.9,91.3
רבין ק. בילינסון,126.4,2022-05-02T00:00:00.000Z,126.4,106.6,97.9,97.9,91.3
רבין ק. בילינסון,126.4,2022-05-02T00:00:00.000Z,126.4,106.6,97.9,97.9,91.3
רבין ק. בילינסון,126.4,2022-05-02T00:00:00.000Z,126.4,106.6,97.9,97.9,91.3
רבין ק. בילינסון,126.4,2022-05-02T00:00:00.000Z,126.4,106.6,97.9,97.9,91.3
רבין ק. בילינסון,126.4,2022-05-02T00:00:00.000Z,126.4,106.6,97.9,97.9,91.3
רבין ק. בילינסון,126.4,2022-05-02T00:00:00.000Z,126.4,106.6,97.9,97.9,91.3
רבין ק. בילינסון,126.4,2022-05-02T00:00:00.000Z,126.4,106.6,97.9,97.9,91.3
רבין ק. בילינסון,126.4,2022-05-02T00:00:00.000Z,126.4,106.6,97.9,97.9,91.3
רבין ק. בילינסון,126.4,2022-05-02T00:00:00.000Z,126.4,106.6,97.9,97.9,91.3
רבין ק. בילינסון,126.4,2022-05-02T00:00:00.000Z,126.4,106.6,97.9,97.9,91.3
רבין ק. בילינסון,126.4,2022-05-02T00:00:00.000Z,126.4,106.6,97.9,97.9,91.3
רבין ק. בילינסון,126.4,2022-05-02T00:00:00.000Z,126.4,106.6,97.9,97.9,91.3
רבין ק. בילינסון,126.4,2022-05-02T00:00:00.000Z,126.4,106.6,97.9,97.9,91.3
רבין ק. בילינסון,126.4,2022-05-02T00:00:00.000Z,126.4,106.6,97.9,97.9,91.3
רבין ק. בילינסון,126.4,2022-05-02T00:00:00.000Z,126.4,106.6,97.9,97.9,91.3
רבין ק. בילינסון,126.4,2022-05-02T00:00:00.000Z,126.4,106.6,97.9,97.9,91.3
רבין ק. בילינסון,126.4,2022-05-02T00:00:00.000Z,126.4,106.6,97.9,97.9,91.3
רבין ק. בילינסון,126.4,2022-05-02T00:00:00.000Z,126.4,106.6,97.9,97.9,91.3
רבין ק. בילינסון,126.4,2022-05-02T00:00:00.000Z,126.4,106.6,97.9,97.9,91.3
רבין ק. בילינסון,126.4,2022-05-02T00:00:00.000Z,126.4,106.6,97.9,97.9,91.3
רבין ק. בילינסון,126.4,2022-05-02T00:00:00.000Z,126.4,106.6,97.9,97.9,91.3
רבין ק. בילינסון,126.4,2022-05-02T00:00:00.000Z,126.4,106.6,97.9,97.9,91.3
"רמב""ם",96.5,2022-05-02T00:00:00.000Z,96.4,93.9,86,86.2,89.1
"רמב""ם",96.5,2022-05-02T00:00:00.000Z,96.5,92.9,86,86,90.2
"רמב""ם",96.5,2022-05-02T00:00:00.000Z,96.5,92.9,86,86,90.2
"רמב""ם",96.5,2022-05-02T00:00:00.000Z,96.5,92.9,86,86,90.2
"רמב""ם",96.5,2022-05-02T00:00:00.000Z,96.5,92.9,86,86,90.2
"רמב""ם",96.5,2022-05-02T00:00:00.000Z,96.5,92.9,86,86,90.2
"רמב""ם",96.5,2022-05-02T00:00:00.000Z,96.5,92.9,86,86,90.2
"רמב""ם",96.5,2022-05-02T00:00:00.000Z,96.5,92.9,86,86,90.2
"רמב""ם",96.5,2022-05-02T00:00:00.000Z,96.5,92.9,86,86,90.2
"רמב""ם",96.5,2022-05-02T00:00:00.000Z,96.5,92.9,86,86,90.2
"רמב""ם",96.5,2022-05-02T00:00:00.000Z,96.5,92.9,86,86,90.2
"רמב""ם",96.5,2022-05-02T00:00:00.000Z,96.5,92.9,86,86,90.2
"רמב""ם",96.5,2022-05-02T00:00:00.000Z,96.5,92.9,86,86,90.2
"רמב""ם",96.5,2022-05-02T00:00:00.000Z,96.5,92.9,86,86,90.2
"רמב""ם",96.5,2022-05-02T00:00:00.000Z,96.5,92.9,86,86,90.2
"רמב""ם",96.5,2022-05-02T00:00:00.000Z,96.5,92.9,86,86,90.2
"רמב""ם",96.5,2022-05-02T00:00:00.000Z,96.5,92.9,86,86,90.2
"רמב""ם",96.5,2022-05-02T00:00:00.000Z,96.5,92.9,86,86,90.2
"רמב""ם",96.5,2022-05-02T00:00:00.000Z,96.5,92.9,86,86,90.2
"רמב""ם",96.5,2022-05-02T00:00:00.000Z,96.5,92.9,86,86,90.2
"רמב""ם",96.5,2022-05-02T00:00:00.000Z,96.5,92.9,86,86,90.2
"רמב""ם",96.5,2022-05-02T00:00:00.000Z,96.5,92.9,86,86,90.2
"רמב""ם",96.5,2022-05-02T00:00:00.000Z,96.5,92.9,86,86,90.2
"רמב""ם",96.5,2022-05-02T00:00:00.000Z,96.5,92.9,86,86,90.2
"רמב""ם",96.5,2022-05-02T00:00:00.000Z,96.5,92.9,86,86,90.2
"רמב""ם",96.5,2022-05-02T00:00:00.000Z,96.5,92.9,86,86,90.2
"רמב""ם",96.5,2022-05-02T00:00:00.000Z,96.5,92.9,86,86,90.2
"רמב""ם",96.5,2022-05-02T00:00:00.000Z,96.5,92.9,86,86,90.2
"רמב""ם",96.5,2022-05-02T00:00:00.000Z,96.5,92.9,86,86,90.2
"רמב""ם",96.5,2022-05-02T00:00:00.000Z,96.5,92.9,86,86,90.2
"רמב""ם",96.5,2022-05-02T00:00:00.000Z,96.5,92.9,86,86,90.2
"רמב""ם",96.5,2022-05-02T00:00:00.000Z,96.5,92.9,86,86,90.2
"רמב""ם",96.5,2022-05-02T00:00:00.000Z,96.5,92.9,86,86,90.2
"רמב""ם",96.5,2022-05-02T00:00:00.000Z,96.5,92.9,86,86,90.2
"רמב""ם",96.5,2022-05-02T00:00:00.000Z,96.5,92.9,86,86,90.2
"רמב""ם",96.5,2022-05-02T00:00:00.000Z,96.5,92.9,86,86,90.2
"רמב""ם",96.5,2022-05-02T00:00:00.000Z,96.5,92.9,86,86,90.2
"רמב""ם",96.5,2022-05-02T00:00:00.000Z,96.5,92.9,86,86,90.2
"רמב""ם",96.5,2022-05-02T00:00:00.000Z,96.5,92.9,86,86,90.2
"רמב""ם",96.5,2022-05-02T00:00:00.000Z,96.5,92.9,86,86,90.2
"רמב""ם",96.5,2022-05-02T00:00:00.000Z,96.5,92.9,86,86,90.2
"רמב""ם",96.5,2022-05-02T00:00:00.000Z,96.5,92.9,86,86,90.2
"רמב""ם",96.5,2022-05-02T00:00:00.000Z,96.5,92.9,86,86,90.2
"רמב""ם",96.5,2022-05-02T00:00:00.000Z,96.5,92.9,86,86,90.2
"רמב""ם",96.5,2022-05-02T00:00:00.000Z,96.5,92.9,86,86,90.2
"רמב""ם",96.5,2022-05-02T00:00:00.000Z,96.5,92.9,86,86,90.2
"רמב""ם",96.5,2022-05-02T00:00:00.000Z,96.5,92.9,86,86,90.2
"רמב""ם",96.5,2022-05-02T00:00:00.000Z,96.5,92.9,86,86,90.2
"רמב""ם",96.5,2022-05-02T00:00:00.000Z,96.5,92.9,86,86,90.2
"רמב""ם",96.5,2022-05-02T00:00:00.000Z,96.5,92.9,86,86,90.2
"רמב""ם",96.5,2022-05-02T00:00:00.000Z,96.5,92.9,86,86,90.2
"רמב""ם",96.5,2022-05-02T00:00:00.000Z,96.5,92.9,86,86,90.2
"רמב""ם",96.5,2022-05-02T00:00:00.000Z,96.5,92.9,86,86,90.2
"רמב""ם",96.5,2022-05-02T00:00:00.000Z,96.5,92.9,86,86,90.2
"רמב""ם",96.5,2022-05-02T00:00:00.000Z,96.5,92.9,86,86,90.2
"רמב""ם",96.5,2022-05-02T00:00:00.000Z,96.5,92.9,86,86,90.2
"רמב""ם",96.5,2022-05-02T00:00:00.000Z,96.5,92.9,86,86,90.2
"רמב""ם",96.5,2022-05-02T00:00:00.000Z,96.5,92.9,86,86,90.2
"רמב""ם",96.5,2022-05-02T00:00:00.000Z,96.5,92.9,86,86,90.2
"רמב""ם",96.5,2022-05-02T00:00:00.000Z,96.5,92.9,86,86,90.2
"רמב""ם",96.5,2022-05-02T00:00:00.000Z,96.5,92.9,86,86,90.2
"רמב""ם",96.5,2022-05-02T00:00:00.000Z,96.5,92.9,86,86,90.2
"רמב""ם",96.5,2022-05-02T00:00:00.000Z,96.5,92.9,86,86,90.2
"רמב""ם",96.5,2022-05-02T00:00:00.000Z,96.5,92.9,86,86,90.2
"רמב""ם",96.5,2022-05-02T00:00:00.000Z,96.5,92.9,86,86,90.2
"רמב""ם",96.5,2022-05-02T00:00:00.000Z,96.5,92.9,86,86,90.2
"רמב""ם",96.5,2022-05-02T00:00:00.000Z,96.5,92.9,86,86,90.2
"רמב""ם",96.5,2022-05-02T00:00:00.000Z,96.5,92.9,86,86,90.2
"רמב""ם",96.5,2022-05-02T00:00:00.000Z,96.5,92.9,86,86,90.2
"רמב""ם",96.5,2022-05-02T00:00:00.000Z,96.5,92.9,86,86,90.2
"רמב""ם",96.5,2022-05-02T00:00:00.000Z,96.5,92.9,86,86,90.2
"רמב""ם",96.5,2022-05-02T00:00:00.000Z,96.5,92.9,86,86,90.2
"רמב""ם",96.5,2022-05-02T00:00:00.000Z,96.5,92.9,86,86,90.2
"רמב""ם",96.5,2022-05-02T00:00:00.000Z,96.5,92.9,86,86,90.2
"רמב""ם",96.5,2022-05-02T00:00:00.000Z,96.5,92.9,86,86,90.2
שמיר,84.2,2022-05-02T00:00:00.000Z,84.2,91.1,71.9,70.7,66.4
שמיר,84.2,2022-05-02T00:00:00.000Z,84.2,90.9,71.9,70.9,67.4
שמיר,84.2,2022-05-02T00:00:00.000Z,84.2,90.7,71.9,71.1,68.3
שמיר,84.2,2022-05-02T00:00:00.000Z,84.2,90.5,71.9,71.2,69.3
שמיר,84.2,2022-05-02T00:00:00.000Z,84.2,90.2,71.9,71.4,70.2
שמיר,84.2,2022-05-02T00:00:00.000Z,84.2,90,71.9,71.6,71.2
שמיר,84.2,2022-05-02T00:00:00.000Z,84.2,89.8,71.9,71.8,72.1
שמיר,84.2,2022-05-02T00:00:00.000Z,84.2,89.6,71.9,71.9,73.1
שמיר,84.2,2022-05-02T00:00:00.000Z,84.2,89.6,71.9,71.9,73.1
שמיר,84.2,2022-05-02T00:00:00.000Z,84.2,89.6,71.9,71.9,73.1
שמיר,84.2,2022-05-02T00:00:00.000Z,84.2,89.6,71.9,71.9,73.1
שמיר,84.2,2022-05-02T00:00:00.000Z,84.2,89.6,71.9,71.9,73.1
שמיר,84.2,2022-05-02T00:00:00.000Z,84.2,89.6,71.9,71.9,73.1
שמיר,84.2,2022-05-02T00:00:00.000Z,84.2,89.6,71.9,71.9,73.1
שמיר,84.2,2022-05-02T00:00:00.000Z,84.2,89.6,71.9,71.9,73.1
שמיר,84.2,2022-05-02T00:00:00.000Z,84.2,89.6,71.9,71.9,73.1
שמיר,84.2,2022-05-02T00:00:00.000Z,84.2,89.6,71.9,71.9,73.1
שמיר,84.2,2022-05-02T00:00:00.000Z,84.2,89.6,71.9,71.9,73.1
שמיר,84.2,2022-05-02T00:00:00.000Z,84.2,89.6,71.9,71.9,73.1
שמיר,84.2,2022-05-02T00:00:00.000Z,84.2,89.6,71.9,71.9,73.1
שמיר,84.2,2022-05-02T00:00:00.000Z,84.2,89.6,71.9,71.9,73.1
שמיר,84.2,2022-05-02T00:00:00.000Z,84.2,89.6,71.9,71.9,73.1
שמיר,84.2,2022-05-02T00:00:00.000Z,84.2,89.6,71.9,71.9,73.1
שמיר,84.2,2022-05-02T00:00:00.000Z,84.2,89.6,71.9,71.9,73.1
שמיר,84.2,2022-05-02T00:00:00.000Z,84.2,89.6,71.9,71.9,73.1
שמיר,84.2,2022-05-02T00:00:00.000Z,84.2,89.6,71.9,71.9,73.1
שמיר,84.2,2022-05-02T00:00:00.000Z,84.2,89.6,71.9,71.9,73.1
שמיר,84.2,2022-05-02T00:00:00.000Z,84.2,89.6,71.9,71.9,73.1
שמיר,84.2,2022-05-02T00:00:00.000Z,84.2,89.6,71.9,71.9,73.1
שמיר,84.2,2022-05-02T00:00:00.000Z,84.2,89.6,71.9,71.9,73.1
שמיר,84.2,2022-05-02T00:00:00.000Z,84.2,89.6,71.9,71.9,73.1
שמיר,84.2,2022-05-02T00:00:00.000Z,84.2,89.6,71.9,71.9,73.1
שמיר,84.2,2022-05-02T00:00:00.000Z,84.2,89.6,71.9,71.9,73.1
שמיר,84.2,2022-05-02T00:00:00.000Z,84.2,89.6,71.9,71.9,73.1
שמיר,84.2,2022-05-02T00:00:00.000Z,84.2,89.6,71.9,71.9,73.1
שמיר,84.2,2022-05-02T00:00:00.000Z,84.2,89.6,71.9,71.9,73.1
שמיר,84.2,2022-05-02T00:00:00.000Z,84.2,89.6,71.9,71.9,73.1
שמיר,84.2,2022-05-02T00:00:00.000Z,84.2,89.6,71.9,71.9,73.1
שמיר,84.2,2022-05-02T00:00:00.000Z,84.2,89.6,71.9,71.9,73.1
שמיר,84.2,2022-05-02T00:00:00.000Z,84.2,89.6,71.9,71.9,73.1
שמיר,84.2,2022-05-02T00:00:00.000Z,84.2,89.6,71.9,71.9,73.1
שמיר,84.2,2022-05-02T00:00:00.000Z,84.2,89.6,71.9,71.9,73.1
שמיר,84.2,2022-05-02T00:00:00.000Z,84.2,89.6,71.9,71.9,73.1
שמיר,84.2,2022-05-02T00:00:00.000Z,84.2,89.6,71.9,71.9,73.1
שמיר,84.2,2022-05-02T00:00:00.000Z,84.2,89.6,71.9,71.9,73.1
שמיר,84.2,2022-05-02T00:00:00.000Z,84.2,89.6,71.9,71.9,73.1
שמיר,84.2,2022-05-02T00:00:00.000Z,84.2,89.6,71.9,71.9,73.1
שמיר,84.2,2022-05-02T00:00:00.000Z,84.2,89.6,71.9,71.9,73.1
שמיר,84.2,2022-05-02T00:00:00.000Z,84.2,89.6,71.9,71.9,73.1
שמיר,84.2,2022-05-02T00:00:00.000Z,84.2,89.6,71.9,71.9,73.1
שמיר,84.2,2022-05-02T00:00:00.000Z,84.2,89.6,71.9,71.9,73.1
שמיר,84.2,2022-05-02T00:00:00.000Z,84.2,89.6,71.9,71.9,73.1
שמיר,84.2,2022-05-02T00:00:00.000Z,84.2,89.6,71.9,71.9,73.1
שמיר,84.2,2022-05-02T00:00:00.000Z,84.2,89.6,71.9,71.9,73.1
שמיר,84.2,2022-05-02T00:00:00.000Z,84.2,89.6,71.9,71.9,73.1
שמיר,84.2,2022-05-02T00:00:00.000Z,84.2,89.6,71.9,71.9,73.1
שמיר,84.2,2022-05-02T00:00:00.000Z,84.2,89.6,71.9,71.9,73.1
שמיר,84.2,2022-05-02T00:00:00.000Z,84.2,89.6,71.9,71.9,73.1
שמיר,84.2,2022-05-02T00:00:00.000Z,84.2,89.6,71.9,71.9,73.1
שמיר,84.2,2022-05-02T00:00:00.000Z,84.2,89.6,71.9,71.9,73.1
שמיר,84.2,2022-05-02T00:00:00.000Z,84.2,89.6,71.9,71.9,73.1
שמיר,84.2,2022-05-02T00:00:00.000Z,84.2,89.6,71.9,71.9,73.1
שמיר,84.2,2022-05-02T00:00:00.000Z,84.2,89.6,71.9,71.9,73.1
שמיר,84.2,2022-05-02T00:00:00.000Z,84.2,89.6,71.9,71.9,73.1
שמיר,84.2,2022-05-02T00:00:00.000Z,84.2,89.6,71.9,71.9,73.1
שמיר,84.2,2022-05-02T00:00:00.000Z,84.2,89.6,71.9,71.9,73.1
שמיר,84.2,2022-05-02T00:00:00.000Z,84.2,89.6,71.9,71.9,73.1
שמיר,84.2,2022-05-02T00:00:00.000Z,84.2,89.6,71.9,71.9,73.1
שמיר,84.2,2022-05-02T00:00:00.000Z,84.2,89.6,71.9,71.9,73.1
שמיר,84.2,2022-05-02T00:00:00.000Z,84.2,89.6,71.9,71.9,73.1
שמיר,84.2,2022-05-02T00:00:00.000Z,84.2,89.6,71.9,71.9,73.1
שמיר,84.2,2022-05-02T00:00:00.000Z,84.2,89.6,71.9,71.9,73.1
שמיר,84.2,2022-05-02T00:00:00.000Z,84.2,89.6,71.9,71.9,73.1
שמיר,84.2,2022-05-02T00:00:00.000Z,84.2,89.6,71.9,71.9,73.1
שמיר,84.2,2022-05-02T00:00:00.000Z,84.2,89.6,71.9,71.9,73.1
שמיר,84.2,2022-05-02T00:00:00.000Z,84.2,89.6,71.9,71.9,73.1
הדסה הר הצופים,72.2,2022-05-02T00:00:00.000Z,72.2,75,77.8,77.8,66.3
הדסה הר הצופים,72.2,2022-05-02T00:00:00.000Z,72.2,75,77.8,77.8,66.3
הדסה הר הצופים,72.2,2022-05-02T00:00:00.000Z,72.2,75,77.8,77.8,66.3
הדסה הר הצופים,72.2,2022-05-02T00:00:00.000Z,72.2,75,77.8,77.8,66.3
הדסה הר הצופים,72.2,2022-05-02T00:00:00.000Z,72.2,75,77.8,77.8,66.3
הדסה הר הצופים,72.2,2022-05-02T00:00:00.000Z,72.2,75,77.8,77.8,66.3
הדסה הר הצופים,72.2,2022-05-02T00:00:00.000Z,72.2,75,77.8,77.8,66.3
הדסה הר הצופים,72.2,2022-05-02T00:00:00.000Z,72.2,75,77.8,77.8,66.3
הדסה הר הצופים,72.2,2022-05-02T00:00:00.000Z,72.2,75,77.8,77.8,66.3
הדסה הר הצופים,72.2,2022-05-02T00:00:00.000Z,72.2,75,77.8,77.8,66.3
הדסה הר הצופים,72.2,2022-05-02T00:00:00.000Z,72.2,75,77.8,77.8,66.3
המרכזי בעמק,97.4,2022-05-02T00:00:00.000Z,97.4,100,68.9,68.9,83.4
המרכזי בעמק,97.4,2022-05-02T00:00:00.000Z,97.4,100,68.9,68.9,83.4
המרכזי בעמק,97.4,2022-05-02T00:00:00.000Z,97.4,100,68.9,68.9,83.4
מאיר,84,2022-05-02T00:00:00.000Z,80.5,72.5,85.6,81.1,75.3
מאיר,84,2022-05-02T00:00:00.000Z,81,74.1,85.6,81.7,76.3
מאיר,84,2022-05-02T00:00:00.000Z,81.5,75.6,85.6,82.4,77.4
מאיר,84,2022-05-02T00:00:00.000Z,82,77.2,85.6,83,78.4
מאיר,84,2022-05-02T00:00:00.000Z,82.5,78.8,85.6,83.7,79.4
מאיר,84,2022-05-02T00:00:00.000Z,83,80.4,85.6,84.3,80.5
מאיר,84,2022-05-02T00:00:00.000Z,83.5,81.9,85.6,85,81.5
מאיר,84,2022-05-02T00:00:00.000Z,84,83.5,85.6,85.6,82.5
מאיר,84,2022-05-02T00:00:00.000Z,84,83.5,85.6,85.6,82.5
מאיר,84,2022-05-02T00:00:00.000Z,84,83.5,85.6,85.6,82.5
מאיר,84,2022-05-02T00:00:00.000Z,84,83.5,85.6,85.6,82.5
מאיר,84,2022-05-02T00:00:00.000Z,84,83.5,85.6,85.6,82.5
מאיר,84,2022-05-02T00:00:00.000Z,84,83.5,85.6,85.6,82.5
מאיר,84,2022-05-02T00:00:00.000Z,84,83.5,85.6,85.6,82.5
מאיר,84,2022-05-02T00:00:00.000Z,84,83.5,85.6,85.6,82.5
מאיר,84,2022-05-02T00:00:00.000Z,84,83.5,85.6,85.6,82.5
מאיר,84,2022-05-02T00:00:00.000Z,84,83.5,85.6,85.6,82.5
מאיר,84,2022-05-02T00:00:00.000Z,84,83.5,85.6,85.6,82.5
מאיר,84,2022-05-02T00:00:00.000Z,84,83.5,85.6,85.6,82.5
מאיר,84,2022-05-02T00:00:00.000Z,84,83.5,85.6,85.6,82.5
מאיר,84,2022-05-02T00:00:00.000Z,84,83.5,85.6,85.6,82.5
מאיר,84,2022-05-02T00:00:00.000Z,84,83.5,85.6,85.6,82.5
מאיר,84,2022-05-02T00:00:00.000Z,84,83.5,85.6,85.6,82.5
מאיר,84,2022-05-02T00:00:00.000Z,84,83.5,85.6,85.6,82.5
מאיר,84,2022-05-02T00:00:00.000Z,84,83.5,85.6,85.6,82.5
מאיר,84,2022-05-02T00:00:00.000Z,84,83.5,85.6,85.6,82.5
מאיר,84,2022-05-02T00:00:00.000Z,84,83.5,85.6,85.6,82.5
מאיר,84,2022-05-02T00:00:00.000Z,84,83.5,85.6,85.6,82.5
מאיר,84,2022-05-02T00:00:00.000Z,84,83.5,85.6,85.6,82.5
מאיר,84,2022-05-02T00:00:00.000Z,84,83.5,85.6,85.6,82.5
מאיר,84,2022-05-02T00:00:00.000Z,84,83.5,85.6,85.6,82.5
מאיר,84,2022-05-02T00:00:00.000Z,84,83.5,85.6,85.6,82.5
מאיר,84,2022-05-02T00:00:00.000Z,84,83.5,85.6,85.6,82.5
מאיר,84,2022-05-02T00:00:00.000Z,84,83.5,85.6,85.6,82.5
מאיר,84,2022-05-02T00:00:00.000Z,84,83.5,85.6,85.6,82.5
מאיר,84,2022-05-02T00:00:00.000Z,84,83.5,85.6,85.6,82.5
מאיר,84,2022-05-02T00:00:00.000Z,84,83.5,85.6,85.6,82.5
מאיר,84,2022-05-02T00:00:00.000Z,84,83.5,85.6,85.6,82.5
מאיר,84,2022-05-02T00:00:00.000Z,84,83.5,85.6,85.6,82.5
מאיר,84,2022-05-02T00:00:00.000Z,84,83.5,85.6,85.6,82.5
מאיר,84,2022-05-02T00:00:00.000Z,84,83.5,85.6,85.6,82.5
מאיר,84,2022-05-02T00:00:00.000Z,84,83.5,85.6,85.6,82.5
מאיר,84,2022-05-02T00:00:00.000Z,84,83.5,85.6,85.6,82.5
מאיר,84,2022-05-02T00:00:00.000Z,84,83.5,85.6,85.6,82.5
מאיר,84,2022-05-02T00:00:00.000Z,84,83.5,85.6,85.6,82.5
מאיר,84,2022-05-02T00:00:00.000Z,84,83.5,85.6,85.6,82.5
מאיר,84,2022-05-02T00:00:00.000Z,84,83.5,85.6,85.6,82.5
מאיר,84,2022-05-02T00:00:00.000Z,84,83.5,85.6,85.6,82.5
מאיר,84,2022-05-02T00:00:00.000Z,84,83.5,85.6,85.6,82.5
מאיר,84,2022-05-02T00:00:00.000Z,84,83.5,85.6,85.6,82.5
מאיר,84,2022-05-02T00:00:00.000Z,84,83.5,85.6,85.6,82.5
מאיר,84,2022-05-02T00:00:00.000Z,84,83.5,85.6,85.6,82.5
מאיר,84,2022-05-02T00:00:00.000Z,84,83.5,85.6,85.6,82.5
מאיר,84,2022-05-02T00:00:00.000Z,84,83.5,85.6,85.6,82.5
מאיר,84,2022-05-02T00:00:00.000Z,84,83.5,85.6,85.6,82.5
מאיר,84,2022-05-02T00:00:00.000Z,84,83.5,85.6,85.6,82.5
מאיר,84,2022-05-02T00:00:00.000Z,84,83.5,85.6,85.6,82.5
מאיר,84,2022-05-02T00:00:00.000Z,84,83.5,85.6,85.6,82.5
מאיר,84,2022-05-02T00:00:00.000Z,84,83.5,85.6,85.6,82.5
מאיר,84,2022-05-02T00:00:00.000Z,84,83.5,85.6,85.6,82.5
מאיר,84,2022-05-02T00:00:00.000Z,84,83.5,85.6,85.6,82.5
מאיר,84,2022-05-02T00:00:00.000Z,84,83.5,85.6,85.6,82.5
מאיר,84,2022-05-02T00:00:00.000Z,84,83.5,85.6,85.6,82.5
מאיר,84,2022-05-02T00:00:00.000Z,84,83.5,85.6,85.6,82.5
מאיר,84,2022-05-02T00:00:00.000Z,84,83.5,85.6,85.6,82.5
מאיר,84,2022-05-02T00:00:00.000Z,84,83.5,85.6,85.6,82.5
מאיר,84,2022-05-02T00:00:00.000Z,84,83.5,85.6,85.6,82.5
מאיר,84,2022-05-02T00:00:00.000Z,84,83.5,85.6,85.6,82.5
מאיר,84,2022-05-02T00:00:00.000Z,84,83.5,85.6,85.6,82.5
מאיר,84,2022-05-02T00:00:00.000Z,84,83.5,85.6,85.6,82.5
מאיר,84,2022-05-02T00:00:00.000Z,84,83.5,85.6,85.6,82.5
מאיר,84,2022-05-02T00:00:00.000Z,84,83.5,85.6,85.6,82.5
מאיר,84,2022-05-02T00:00:00.000Z,84,83.5,85.6,85.6,82.5
מאיר,84,2022-05-02T00:00:00.000Z,84,83.5,85.6,85.6,82.5
מאיר,84,2022-05-02T00:00:00.000Z,84,83.5,85.6,85.6,82.5
מאיר,84,2022-05-02T00:00:00.000Z,84,83.5,85.6,85.6,82.5
מאיר,84,2022-05-02T00:00:00.000Z,84,83.5,85.6,85.6,82.5
מאיר,84,2022-05-02T00:00:00.000Z,84,83.5,85.6,85.6,82.5
מאיר,84,2022-05-02T00:00:00.000Z,84,83.5,85.6,85.6,82.5
מאיר,84,2022-05-02T00:00:00.000Z,84,83.5,85.6,85.6,82.5
מאיר,84,2022-05-02T00:00:00.000Z,84,83.5,85.6,85.6,82.5
סורוקה,59.7,2022-05-02T00:00:00.000Z,61.2,68.6,70.2,72.2,74.6
סורוקה,59.7,2022-05-02T00:00:00.000Z,61,69,70.2,71.9,74.8
סורוקה,59.7,2022-05-02T00:00:00.000Z,60.8,69.4,70.2,71.6,75
סורוקה,59.7,2022-05-02T00:00:00.000Z,60.6,69.8,70.2,71.4,75.2
סורוקה,59.7,2022-05-02T00:00:00.000Z,60.4,70.2,70.2,71.1,75.4
סורוקה,59.7,2022-05-02T00:00:00.000Z,60.1,70.5,70.2,70.8,75.6
סורוקה,59.7,2022-05-02T00:00:00.000Z,59.9,70.9,70.2,70.5,75.8
סורוקה,59.7,2022-05-02T00:00:00.000Z,59.7,71.3,70.2,70.2,76
סורוקה,59.7,2022-05-02T00:00:00.000Z,59.7,71.3,70.2,70.2,76
סורוקה,59.7,2022-05-02T00:00:00.000Z,59.7,71.3,70.2,70.2,76
סורוקה,59.7,2022-05-02T00:00:00.000Z,59.7,71.3,70.2,70.2,76
סורוקה,59.7,2022-05-02T00:00:00.000Z,59.7,71.3,70.2,70.2,76
סורוקה,59.7,2022-05-02T00:00:00.000Z,59.7,71.3,70.2,70.2,76
סורוקה,59.7,2022-05-02T00:00:00.000Z,59.7,71.3,70.2,70.2,76
סורוקה,59.7,2022-05-02T00:00:00.000Z,59.7,71.3,70.2,70.2,76
סורוקה,59.7,2022-05-02T00:00:00.000Z,59.7,71.3,70.2,70.2,76
סורוקה,59.7,2022-05-02T00:00:00.000Z,59.7,71.3,70.2,70.2,76
סורוקה,59.7,2022-05-02T00:00:00.000Z,59.7,71.3,70.2,70.2,76
סורוקה,59.7,2022-05-02T00:00:00.000Z,59.7,71.3,70.2,70.2,76
סורוקה,59.7,2022-05-02T00:00:00.000Z,59.7,71.3,70.2,70.2,76
סורוקה,59.7,2022-05-02T00:00:00.000Z,59.7,71.3,70.2,70.2,76
סורוקה,59.7,2022-05-02T00:00:00.000Z,59.7,71.3,70.2,70.2,76
סורוקה,59.7,2022-05-02T00:00:00.000Z,59.7,71.3,70.2,70.2,76
סורוקה,59.7,2022-05-02T00:00:00.000Z,59.7,71.3,70.2,70.2,76
סורוקה,59.7,2022-05-02T00:00:00.000Z,59.7,71.3,70.2,70.2,76
סורוקה,59.7,2022-05-02T00:00:00.000Z,59.7,71.3,70.2,70.2,76
סורוקה,59.7,2022-05-02T00:00:00.000Z,59.7,71.3,70.2,70.2,76
סורוקה,59.7,2022-05-02T00:00:00.000Z,59.7,71.3,70.2,70.2,76
סורוקה,59.7,2022-05-02T00:00:00.000Z,59.7,71.3,70.2,70.2,76
סורוקה,59.7,2022-05-02T00:00:00.000Z,59.7,71.3,70.2,70.2,76
סורוקה,59.7,2022-05-02T00:00:00.000Z,59.7,71.3,70.2,70.2,76
סורוקה,59.7,2022-05-02T00:00:00.000Z,59.7,71.3,70.2,70.2,76
סורוקה,59.7,2022-05-02T00:00:00.000Z,59.7,71.3,70.2,70.2,76
סורוקה,59.7,2022-05-02T00:00:00.000Z,59.7,71.3,70.2,70.2,76
סורוקה,59.7,2022-05-02T00:00:00.000Z,59.7,71.3,70.2,70.2,76
סורוקה,59.7,2022-05-02T00:00:00.000Z,59.7,71.3,70.2,70.2,76
סורוקה,59.7,2022-05-02T00:00:00.000Z,59.7,71.3,70.2,70.2,76
סורוקה,59.7,2022-05-02T00:00:00.000Z,59.7,71.3,70.2,70.2,76
סורוקה,59.7,2022-05-02T00:00:00.000Z,59.7,71.3,70.2,70.2,76
סורוקה,59.7,2022-05-02T00:00:00.000Z,59.7,71.3,70.2,70.2,76
סורוקה,59.7,2022-05-02T00:00:00.000Z,59.7,71.3,70.2,70.2,76
סורוקה,59.7,2022-05-02T00:00:00.000Z,59.7,71.3,70.2,70.2,76
סורוקה,59.7,2022-05-02T00:00:00.000Z,59.7,71.3,70.2,70.2,76
סורוקה,59.7,2022-05-02T00:00:00.000Z,59.7,71.3,70.2,70.2,76
סורוקה,59.7,2022-05-02T00:00:00.000Z,59.7,71.3,70.2,70.2,76
סורוקה,59.7,2022-05-02T00:00:00.000Z,59.7,71.3,70.2,70.2,76
סורוקה,59.7,2022-05-02T00:00:00.000Z,59.7,71.3,70.2,70.2,76
סורוקה,59.7,2022-05-02T00:00:00.000Z,59.7,71.3,70.2,70.2,76
סורוקה,59.7,2022-05-02T00:00:00.000Z,59.7,71.3,70.2,70.2,76
סורוקה,59.7,2022-05-02T00:00:00.000Z,59.7,71.3,70.2,70.2,76
סורוקה,59.7,2022-05-02T00:00:00.000Z,59.7,71.3,70.2,70.2,76
סורוקה,59.7,2022-05-02T00:00:00.000Z,59.7,71.3,70.2,70.2,76
סורוקה,59.7,2022-05-02T00:00:00.000Z,59.7,71.3,70.2,70.2,76
סורוקה,59.7,2022-05-02T00:00:00.000Z,59.7,71.3,70.2,70.2,76
סורוקה,59.7,2022-05-02T00:00:00.000Z,59.7,71.3,70.2,70.2,76
סורוקה,59.7,2022-05-02T00:00:00.000Z,59.7,71.3,70.2,70.2,76
סורוקה,59.7,2022-05-02T00:00:00.000Z,59.7,71.3,70.2,70.2,76
סורוקה,59.7,2022-05-02T00:00:00.000Z,59.7,71.3,70.2,70.2,76
סורוקה,59.7,2022-05-02T00:00:00.000Z,59.7,71.3,70.2,70.2,76
סורוקה,59.7,2022-05-02T00:00:00.000Z,59.7,71.3,70.2,70.2,76
סורוקה,59.7,2022-05-02T00:00:00.000Z,59.7,71.3,70.2,70.2,76
סורוקה,59.7,2022-05-02T00:00:00.000Z,59.7,71.3,70.2,70.2,76
סורוקה,59.7,2022-05-02T00:00:00.000Z,59.7,71.3,70.2,70.2,76
סורוקה,59.7,2022-05-02T00:00:00.000Z,59.7,71.3,70.2,70.2,76
סורוקה,59.7,2022-05-02T00:00:00.000Z,59.7,71.3,70.2,70.2,76
סורוקה,59.7,2022-05-02T00:00:00.000Z,59.7,71.3,70.2,70.2,76
סורוקה,59.7,2022-05-02T00:00:00.000Z,59.7,71.3,70.2,70.2,76
סורוקה,59.7,2022-05-02T00:00:00.000Z,59.7,71.3,70.2,70.2,76
סורוקה,59.7,2022-05-02T00:00:00.000Z,59.7,71.3,70.2,70.2,76
סורוקה,59.7,2022-05-02T00:00:00.000Z,59.7,71.3,70.2,70.2,76
סורוקה,59.7,2022-05-02T00:00:00.000Z,59.7,71.3,70.2,70.2,76
סורוקה,59.7,2022-05-02T00:00:00.000Z,59.7,71.3,70.2,70.2,76
סורוקה,59.7,2022-05-02T00:00:00.000Z,59.7,71.3,70.2,70.2,76
סורוקה,59.7,2022-05-02T00:00:00.000Z,59.7,71.3,70.2,70.2,76
סורוקה,59.7,2022-05-02T00:00:00.000Z,59.7,71.3,70.2,70.2,76
סורוקה,59.7,2022-05-02T00:00:00.000Z,59.7,71.3,70.2,70.2,76
סורוקה,59.7,2022-05-02T00:00:00.000Z,59.7,71.3,70.2,70.2,76
סורוקה,59.7,2022-05-02T00:00:00.000Z,59.7,71.3,70.2,70.2,76
סורוקה,59.7,2022-05-02T00:00:00.000Z,59.7,71.3,70.2,70.2,76
סורוקה,59.7,2022-05-02T00:00:00.000Z,59.7,71.3,70.2,70.2,76
סורוקה,59.7,2022-05-02T00:00:00.000Z,59.7,71.3,70.2,70.2,76
הדסה עין כרם,112.6,2022-05-02T00:00:00.000Z,120.4,121.4,85.6,88.5,89
הדסה עין כרם,112.6,2022-05-02T00:00:00.000Z,119.3,120.8,85.6,88.1,89.2
הדסה עין כרם,112.6,2022-05-02T00:00:00.000Z,118.2,120.2,85.6,87.7,89.5
הדסה עין כרם,112.6,2022-05-02T00:00:00.000Z,117.1,119.7,85.6,87.2,89.7
הדסה עין כרם,112.6,2022-05-02T00:00:00.000Z,116,119.1,85.6,86.8,89.9
הדסה עין כרם,112.6,2022-05-02T00:00:00.000Z,114.8,118.6,85.6,86.4,90.2
הדסה עין כרם,112.6,2022-05-02T00:00:00.000Z,113.7,118,85.6,86,90.4
הדסה עין כרם,112.6,2022-05-02T00:00:00.000Z,112.6,117.5,85.6,85.6,90.6
הדסה עין כרם,112.6,2022-05-02T00:00:00.000Z,112.6,117.5,85.6,85.6,90.6
הדסה עין כרם,112.6,2022-05-02T00:00:00.000Z,112.6,117.5,85.6,85.6,90.6
הדסה עין כרם,112.6,2022-05-02T00:00:00.000Z,112.6,117.5,85.6,85.6,90.6
הדסה עין כרם,112.6,2022-05-02T00:00:00.000Z,112.6,117.5,85.6,85.6,90.6
הדסה עין כרם,112.6,2022-05-02T00:00:00.000Z,112.6,117.5,85.6,85.6,90.6
הדסה עין כרם,112.6,2022-05-02T00:00:00.000Z,112.6,117.5,85.6,85.6,90.6
הדסה עין כרם,112.6,2022-05-02T00:00:00.000Z,112.6,117.5,85.6,85.6,90.6
הדסה עין כרם,112.6,2022-05-02T00:00:00.000Z,112.6,117.5,85.6,85.6,90.6
הדסה עין כרם,112.6,2022-05-02T00:00:00.000Z,112.6,117.5,85.6,85.6,90.6
הדסה עין כרם,112.6,2022-05-02T00:00:00.000Z,112.6,117.5,85.6,85.6,90.6
הדסה עין כרם,112.6,2022-05-02T00:00:00.000Z,112.6,117.5,85.6,85.6,90.6
הדסה עין כרם,112.6,2022-05-02T00:00:00.000Z,112.6,117.5,85.6,85.6,90.6
הדסה עין כרם,112.6,2022-05-02T00:00:00.000Z,112.6,117.5,85.6,85.6,90.6
הדסה עין כרם,112.6,2022-05-02T00:00:00.000Z,112.6,117.5,85.6,85.6,90.6
הדסה עין כרם,112.6,2022-05-02T00:00:00.000Z,112.6,117.5,85.6,85.6,90.6
הדסה עין כרם,112.6,2022-05-02T00:00:00.000Z,112.6,117.5,85.6,85.6,90.6
הדסה עין כרם,112.6,2022-05-02T00:00:00.000Z,112.6,117.5,85.6,85.6,90.6
הדסה עין כרם,112.6,2022-05-02T00:00:00.000Z,112.6,117.5,85.6,85.6,90.6
הדסה עין כרם,112.6,2022-05-02T00:00:00.000Z,112.6,117.5,85.6,85.6,90.6
הדסה עין כרם,112.6,2022-05-02T00:00:00.000Z,112.6,117.5,85.6,85.6,90.6
הדסה עין כרם,112.6,2022-05-02T00:00:00.000Z,112.6,117.5,85.6,85.6,90.6
הדסה עין כרם,112.6,2022-05-02T00:00:00.000Z,112.6,117.5,85.6,85.6,90.6
הדסה עין כרם,112.6,2022-05-02T00:00:00.000Z,112.6,117.5,85.6,85.6,90.6
הדסה עין כרם,112.6,2022-05-02T00:00:00.000Z,112.6,117.5,85.6,85.6,90.6
הדסה עין כרם,112.6,2022-05-02T00:00:00.000Z,112.6,117.5,85.6,85.6,90.6
הדסה עין כרם,112.6,2022-05-02T00:00:00.000Z,112.6,117.5,85.6,85.6,90.6
הדסה עין כרם,112.6,2022-05-02T00:00:00.000Z,112.6,117.5,85.6,85.6,90.6
הדסה עין כרם,112.6,2022-05-02T00:00:00.000Z,112.6,117.5,85.6,85.6,90.6
הדסה עין כרם,112.6,2022-05-02T00:00:00.000Z,112.6,117.5,85.6,85.6,90.6
הדסה עין כרם,112.6,2022-05-02T00:00:00.000Z,112.6,117.5,85.6,85.6,90.6
הדסה עין כרם,112.6,2022-05-02T00:00:00.000Z,112.6,117.5,85.6,85.6,90.6
הדסה עין כרם,112.6,2022-05-02T00:00:00.000Z,112.6,117.5,85.6,85.6,90.6
הדסה עין כרם,112.6,2022-05-02T00:00:00.000Z,112.6,117.5,85.6,85.6,90.6
הדסה עין כרם,112.6,2022-05-02T00:00:00.000Z,112.6,117.5,85.6,85.6,90.6
הדסה עין כרם,112.6,2022-05-02T00:00:00.000Z,112.6,117.5,85.6,85.6,90.6
הדסה עין כרם,112.6,2022-05-02T00:00:00.000Z,112.6,117.5,85.6,85.6,90.6
הדסה עין כרם,112.6,2022-05-02T00:00:00.000Z,112.6,117.5,85.6,85.6,90.6
הדסה עין כרם,112.6,2022-05-02T00:00:00.000Z,112.6,117.5,85.6,85.6,90.6
הדסה עין כרם,112.6,2022-05-02T00:00:00.000Z,112.6,117.5,85.6,85.6,90.6
הדסה עין כרם,112.6,2022-05-02T00:00:00.000Z,112.6,117.5,85.6,85.6,90.6
הדסה עין כרם,112.6,2022-05-02T00:00:00.000Z,112.6,117.5,85.6,85.6,90.6
הדסה עין כרם,112.6,2022-05-02T00:00:00.000Z,112.6,117.5,85.6,85.6,90.6
הדסה עין כרם,112.6,2022-05-02T00:00:00.000Z,112.6,117.5,85.6,85.6,90.6
הדסה עין כרם,112.6,2022-05-02T00:00:00.000Z,112.6,117.5,85.6,85.6,90.6
הדסה עין כרם,112.6,2022-05-02T00:00:00.000Z,112.6,117.5,85.6,85.6,90.6
הדסה עין כרם,112.6,2022-05-02T00:00:00.000Z,112.6,117.5,85.6,85.6,90.6
הדסה עין כרם,112.6,2022-05-02T00:00:00.000Z,112.6,117.5,85.6,85.6,90.6
הדסה עין כרם,112.6,2022-05-02T00:00:00.000Z,112.6,117.5,85.6,85.6,90.6
הדסה עין כרם,112.6,2022-05-02T00:00:00.000Z,112.6,117.5,85.6,85.6,90.6
הדסה עין כרם,112.6,2022-05-02T00:00:00.000Z,112.6,117.5,85.6,85.6,90.6
הדסה עין כרם,112.6,2022-05-02T00:00:00.000Z,112.6,117.5,85.6,85.6,90.6
הדסה עין כרם,112.6,2022-05-02T00:00:00.000Z,112.6,117.5,85.6,85.6,90.6
הדסה עין כרם,112.6,2022-05-02T00:00:00.000Z,112.6,117.5,85.6,85.6,90.6
הדסה עין כרם,112.6,2022-05-02T00:00:00.000Z,112.6,117.5,85.6,85.6,90.6
הדסה עין כרם,112.6,2022-05-02T00:00:00.000Z,112.6,117.5,85.6,85.6,90.6
הדסה עין כרם,112.6,2022-05-02T00:00:00.000Z,112.6,117.5,85.6,85.6,90.6
הדסה עין כרם,112.6,2022-05-02T00:00:00.000Z,112.6,117.5,85.6,85.6,90.6
הדסה עין כרם,112.6,2022-05-02T00:00:00.000Z,112.6,117.5,85.6,85.6,90.6
הדסה עין כרם,112.6,2022-05-02T00:00:00.000Z,112.6,117.5,85.6,85.6,90.6
הדסה עין כרם,112.6,2022-05-02T00:00:00.000Z,112.6,117.5,85.6,85.6,90.6
הדסה עין כרם,112.6,2022-05-02T00:00:00.000Z,112.6,117.5,85.6,85.6,90.6
הדסה עין כרם,112.6,2022-05-02T00:00:00.000Z,112.6,117.5,85.6,85.6,90.6
הדסה עין כרם,112.6,2022-05-02T00:00:00.000Z,112.6,117.5,85.6,85.6,90.6
הדסה עין כרם,112.6,2022-05-02T00:00:00.000Z,112.6,117.5,85.6,85.6,90.6
הדסה עין כרם,112.6,2022-05-02T00:00:00.000Z,112.6,117.5,85.6,85.6,90.6
הדסה עין כרם,112.6,2022-05-02T00:00:00.000Z,112.6,117.5,85.6,85.6,90.6
הדסה עין כרם,112.6,2022-05-02T00:00:00.000Z,112.6,117.5,85.6,85.6,90.6
הדסה עין כרם,112.6,2022-05-02T00:00:00.000Z,112.6,117.5,85.6,85.6,90.6
הדסה עין כרם,112.6,2022-05-02T00:00:00.000Z,112.6,117.5,85.6,85.6,90.6
הדסה עין כרם,112.6,2022-05-02T00:00:00.000Z,112.6,117.5,85.6,85.6,90.6
הדסה עין כרם,112.6,2022-05-02T00:00:00.000Z,112.6,117.5,85.6,85.6,90.6
הדסה עין כרם,112.6,2022-05-02T00:00:00.000Z,112.6,117.5,85.6,85.6,90.6
הדסה עין כרם,112.6,2022-05-02T00:00:00.000Z,112.6,117.5,85.6,85.6,90.6
אסותא אשדוד,125.4,2022-05-02T00:00:00.000Z,130.5,144.1,128.7,129.7,115.4
אסותא אשדוד,125.4,2022-05-02T00:00:00.000Z,129.8,148.9,128.7,129.5,119.2
אסותא אשדוד,125.4,2022-05-02T00:00:00.000Z,129.1,153.8,128.7,129.4,123
אסותא אשדוד,125.4,2022-05-02T00:00:00.000Z,128.3,158.6,128.7,129.3,126.8
אסותא אשדוד,125.4,2022-05-02T00:00:00.000Z,127.6,163.4,128.7,129.1,130.6
אסותא אשדוד,125.4,2022-05-02T00:00:00.000Z,126.9,168.3,128.7,129,134.4
אסותא אשדוד,125.4,2022-05-02T00:00:00.000Z,126.2,173.1,128.7,128.8,138.2
אסותא אשדוד,125.4,2022-05-02T00:00:00.000Z,125.4,178,128.7,128.7,142
אסותא אשדוד,125.4,2022-05-02T00:00:00.000Z,125.4,178,128.7,128.7,142
אסותא אשדוד,125.4,2022-05-02T00:00:00.000Z,125.4,178,128.7,128.7,142
אסותא אשדוד,125.4,2022-05-02T00:00:00.000Z,125.4,178,128.7,128.7,142
אסותא אשדוד,125.4,2022-05-02T00:00:00.000Z,125.4,178,128.7,128.7,142
אסותא אשדוד,125.4,2022-05-02T00:00:00.000Z,125.4,178,128.7,128.7,142
אסותא אשדוד,125.4,2022-05-02T00:00:00.000Z,125.4,178,128.7,128.7,142
אסותא אשדוד,125.4,2022-05-02T00:00:00.000Z,125.4,178,128.7,128.7,142
אסותא אשדוד,125.4,2022-05-02T00:00:00.000Z,125.4,178,128.7,128.7,142
אסותא אשדוד,125.4,2022-05-02T00:00:00.000Z,125.4,178,128.7,128.7,142
אסותא אשדוד,125.4,2022-05-02T00:00:00.000Z,125.4,178,128.7,128.7,142
אסותא אשדוד,125.4,2022-05-02T00:00:00.000Z,125.4,178,128.7,128.7,142
אסותא אשדוד,125.4,2022-05-02T00:00:00.000Z,125.4,178,128.7,128.7,142
אסותא אשדוד,125.4,2022-05-02T00:00:00.000Z,125.4,178,128.7,128.7,142
אסותא אשדוד,125.4,2022-05-02T00:00:00.000Z,125.4,178,128.7,128.7,142
אסותא אשדוד,125.4,2022-05-02T00:00:00.000Z,125.4,178,128.7,128.7,142
אסותא אשדוד,125.4,2022-05-02T00:00:00.000Z,125.4,178,128.7,128.7,142
אסותא אשדוד,125.4,2022-05-02T00:00:00.000Z,125.4,178,128.7,128.7,142
אסותא אשדוד,125.4,2022-05-02T00:00:00.000Z,125.4,178,128.7,128.7,142
אסותא אשדוד,125.4,2022-05-02T00:00:00.000Z,125.4,178,128.7,128.7,142
אסותא אשדוד,125.4,2022-05-02T00:00:00.000Z,125.4,178,128.7,128.7,142
אסותא אשדוד,125.4,2022-05-02T00:00:00.000Z,125.4,178,128.7,128.7,142
אסותא אשדוד,125.4,2022-05-02T00:00:00.000Z,125.4,178,128.7,128.7,142
אסותא אשדוד,125.4,2022-05-02T00:00:00.000Z,125.4,178,128.7,128.7,142
אסותא אשדוד,125.4,2022-05-02T00:00:00.000Z,125.4,178,128.7,128.7,142
אסותא אשדוד,125.4,2022-05-02T00:00:00.000Z,125.4,178,128.7,128.7,142
אסותא אשדוד,125.4,2022-05-02T00:00:00.000Z,125.4,178,128.7,128.7,142
אסותא אשדוד,125.4,2022-05-02T00:00:00.000Z,125.4,178,128.7,128.7,142
אסותא אשדוד,125.4,2022-05-02T00:00:00.000Z,125.4,178,128.7,128.7,142
אסותא אשדוד,125.4,2022-05-02T00:00:00.000Z,125.4,178,128.7,128.7,142
אסותא אשדוד,125.4,2022-05-02T00:00:00.000Z,125.4,178,128.7,128.7,142
אסותא אשדוד,125.4,2022-05-02T00:00:00.000Z,125.4,178,128.7,128.7,142
אסותא אשדוד,125.4,2022-05-02T00:00:00.000Z,125.4,178,128.7,128.7,142
אסותא אשדוד,125.4,2022-05-02T00:00:00.000Z,125.4,178,128.7,128.7,142
אסותא אשדוד,125.4,2022-05-02T00:00:00.000Z,125.4,178,128.7,128.7,142
אסותא אשדוד,125.4,2022-05-02T00:00:00.000Z,125.4,178,128.7,128.7,142
אסותא אשדוד,125.4,2022-05-02T00:00:00.000Z,125.4,178,128.7,128.7,142
אסותא אשדוד,125.4,2022-05-02T00:00:00.000Z,125.4,178,128.7,128.7,142
אסותא אשדוד,125.4,2022-05-02T00:00:00.000Z,125.4,178,128.7,128.7,142
אסותא אשדוד,125.4,2022-05-02T00:00:00.000Z,125.4,178,128.7,128.7,142
אסותא אשדוד,125.4,2022-05-02T00:00:00.000Z,125.4,178,128.7,128.7,142
אסותא אשדוד,125.4,2022-05-02T00:00:00.000Z,125.4,178,128.7,128.7,142
אסותא אשדוד,125.4,2022-05-02T00:00:00.000Z,125.4,178,128.7,128.7,142
אסותא אשדוד,125.4,2022-05-02T00:00:00.000Z,125.4,178,128.7,128.7,142
אסותא אשדוד,125.4,2022-05-02T00:00:00.000Z,125.4,178,128.7,128.7,142
אסותא אשדוד,125.4,2022-05-02T00:00:00.000Z,125.4,178,128.7,128.7,142
אסותא אשדוד,125.4,2022-05-02T00:00:00.000Z,125.4,178,128.7,128.7,142
אסותא אשדוד,125.4,2022-05-02T00:00:00.000Z,125.4,178,128.7,128.7,142
אסותא אשדוד,125.4,2022-05-02T00:00:00.000Z,125.4,178,128.7,128.7,142
אסותא אשדוד,125.4,2022-05-02T00:00:00.000Z,125.4,178,128.7,128.7,142
אסותא אשדוד,125.4,2022-05-02T00:00:00.000Z,125.4,178,128.7,128.7,142
אסותא אשדוד,125.4,2022-05-02T00:00:00.000Z,125.4,178,128.7,128.7,142
אסותא אשדוד,125.4,2022-05-02T00:00:00.000Z,125.4,178,128.7,128.7,142
אסותא אשדוד,125.4,2022-05-02T00:00:00.000Z,125.4,178,128.7,128.7,142
אסותא אשדוד,125.4,2022-05-02T00:00:00.000Z,125.4,178,128.7,128.7,142
אסותא אשדוד,125.4,2022-05-02T00:00:00.000Z,125.4,178,128.7,128.7,142
אסותא אשדוד,125.4,2022-05-02T00:00:00.000Z,125.4,178,128.7,128.7,142
אסותא אשדוד,125.4,2022-05-02T00:00:00.000Z,125.4,178,128.7,128.7,142
אסותא אשדוד,125.4,2022-05-02T00:00:00.000Z,125.4,178,128.7,128.7,142
אסותא אשדוד,125.4,2022-05-02T00:00:00.000Z,125.4,178,128.7,128.7,142
אסותא אשדוד,125.4,2022-05-02T00:00:00.000Z,125.4,178,128.7,128.7,142
אסותא אשדוד,125.4,2022-05-02T00:00:00.000Z,125.4,178,128.7,128.7,142
שמואל הרופא,86.1,2022-05-02T00:00:00.000Z,86.1,83.3,78.3,78.6,82.4
שמואל הרופא,86.1,2022-05-02T00:00:00.000Z,86.1,84.9,78.3,78.6,82.7
שמואל הרופא,86.1,2022-05-02T00:00:00.000Z,86.1,86.5,78.3,78.5,83.1
שמואל הרופא,86.1,2022-05-02T00:00:00.000Z,86.1,88.1,78.3,78.5,83.4
שמואל הרופא,86.1,2022-05-02T00:00:00.000Z,86.1,89.7,78.3,78.4,83.7
שמואל הרופא,86.1,2022-05-02T00:00:00.000Z,86.1,91.3,78.3,78.4,84.1
שמואל הרופא,86.1,2022-05-02T00:00:00.000Z,86.1,92.9,78.3,78.3,84.4
שמואל הרופא,86.1,2022-05-02T00:00:00.000Z,86.1,94.4,78.3,78.3,84.8
שמואל הרופא,86.1,2022-05-02T00:00:00.000Z,86.1,94.4,78.3,78.3,84.8
שמואל הרופא,86.1,2022-05-02T00:00:00.000Z,86.1,94.4,78.3,78.3,84.8
שמואל הרופא,86.1,2022-05-02T00:00:00.000Z,86.1,94.4,78.3,78.3,84.8
שמואל הרופא,86.1,2022-05-02T00:00:00.000Z,86.1,94.4,78.3,78.3,84.8
שמואל הרופא,86.1,2022-05-02T00:00:00.000Z,86.1,94.4,78.3,78.3,84.8
שמואל הרופא,86.1,2022-05-02T00:00:00.000Z,86.1,94.4,78.3,78.3,84.8
שמואל הרופא,86.1,2022-05-02T00:00:00.000Z,86.1,94.4,78.3,78.3,84.8
שמואל הרופא,86.1,2022-05-02T00:00:00.000Z,86.1,94.4,78.3,78.3,84.8
שמואל הרופא,86.1,2022-05-02T00:00:00.000Z,86.1,94.4,78.3,78.3,84.8
שמואל הרופא,86.1,2022-05-02T00:00:00.000Z,86.1,94.4,78.3,78.3,84.8
שמואל הרופא,86.1,2022-05-02T00:00:00.000Z,86.1,94.4,78.3,78.3,84.8
שמואל הרופא,86.1,2022-05-02T00:00:00.000Z,86.1,94.4,78.3,78.3,84.8
שמואל הרופא,86.1,2022-05-02T00:00:00.000Z,86.1,94.4,78.3,78.3,84.8
שמואל הרופא,86.1,2022-05-02T00:00:00.000Z,86.1,94.4,78.3,78.3,84.8
שמואל הרופא,86.1,2022-05-02T00:00:00.000Z,86.1,94.4,78.3,78.3,84.8
שמואל הרופא,86.1,2022-05-02T00:00:00.000Z,86.1,94.4,78.3,78.3,84.8
שמואל הרופא,86.1,2022-05-02T00:00:00.000Z,86.1,94.4,78.3,78.3,84.8
שמואל הרופא,86.1,2022-05-02T00:00:00.000Z,86.1,94.4,78.3,78.3,84.8
שמואל הרופא,86.1,2022-05-02T00:00:00.000Z,86.1,94.4,78.3,78.3,84.8
שמואל הרופא,86.1,2022-05-02T00:00:00.000Z,86.1,94.4,78.3,78.3,84.8
שמואל הרופא,86.1,2022-05-02T00:00:00.000Z,86.1,94.4,78.3,78.3,84.8
שמואל הרופא,86.1,2022-05-02T00:00:00.000Z,86.1,94.4,78.3,78.3,84.8
שמואל הרופא,86.1,2022-05-02T00:00:00.000Z,86.1,94.4,78.3,78.3,84.8
שמואל הרופא,86.1,2022-05-02T00:00:00.000Z,86.1,94.4,78.3,78.3,84.8
שמואל הרופא,86.1,2022-05-02T00:00:00.000Z,86.1,94.4,78.3,78.3,84.8
שמואל הרופא,86.1,2022-05-02T00:00:00.000Z,86.1,94.4,78.3,78.3,84.8
שמואל הרופא,86.1,2022-05-02T00:00:00.000Z,86.1,94.4,78.3,78.3,84.8
שמואל הרופא,86.1,2022-05-02T00:00:00.000Z,86.1,94.4,78.3,78.3,84.8
שמואל הרופא,86.1,2022-05-02T00:00:00.000Z,86.1,94.4,78.3,78.3,84.8
שמואל הרופא,86.1,2022-05-02T00:00:00.000Z,86.1,94.4,78.3,78.3,84.8
שמואל הרופא,86.1,2022-05-02T00:00:00.000Z,86.1,94.4,78.3,78.3,84.8
איכילוב,88,2022-05-02T00:00:00.000Z,89.7,85.7,119.3,128.5,107.1
איכילוב,88,2022-05-02T00:00:00.000Z,89.4,85.9,119.3,127.2,109.1
איכילוב,88,2022-05-02T00:00:00.000Z,89.2,86.1,119.3,125.9,111.2
איכילוב,88,2022-05-02T00:00:00.000Z,89,86.4,119.3,124.6,113.2
איכילוב,88,2022-05-02T00:00:00.000Z,88.7,86.6,119.3,123.3,115.3
איכילוב,88,2022-05-02T00:00:00.000Z,88.5,86.9,119.3,121.9,117.3
איכילוב,88,2022-05-02T00:00:00.000Z,88.2,87.1,119.3,120.6,119.4
איכילוב,88,2022-05-02T00:00:00.000Z,88,87.3,119.3,119.3,121.4
איכילוב,88,2022-05-02T00:00:00.000Z,88,87.3,119.3,119.3,121.4
איכילוב,88,2022-05-02T00:00:00.000Z,88,87.3,119.3,119.3,121.4
איכילוב,88,2022-05-02T00:00:00.000Z,88,87.3,119.3,119.3,121.4
איכילוב,88,2022-05-02T00:00:00.000Z,88,87.3,119.3,119.3,121.4
איכילוב,88,2022-05-02T00:00:00.000Z,88,87.3,119.3,119.3,121.4
איכילוב,88,2022-05-02T00:00:00.000Z,88,87.3,119.3,119.3,121.4
איכילוב,88,2022-05-02T00:00:00.000Z,88,87.3,119.3,119.3,121.4
איכילוב,88,2022-05-02T00:00:00.000Z,88,87.3,119.3,119.3,121.4
איכילוב,88,2022-05-02T00:00:00.000Z,88,87.3,119.3,119.3,121.4
איכילוב,88,2022-05-02T00:00:00.000Z,88,87.3,119.3,119.3,121.4
איכילוב,88,2022-05-02T00:00:00.000Z,88,87.3,119.3,119.3,121.4
איכילוב,88,2022-05-02T00:00:00.000Z,88,87.3,119.3,119.3,121.4
איכילוב,88,2022-05-02T00:00:00.000Z,88,87.3,119.3,119.3,121.4
איכילוב,88,2022-05-02T00:00:00.000Z,88,87.3,119.3,119.3,121.4
איכילוב,88,2022-05-02T00:00:00.000Z,88,87.3,119.3,119.3,121.4
איכילוב,88,2022-05-02T00:00:00.000Z,88,87.3,119.3,119.3,121.4
איכילוב,88,2022-05-02T00:00:00.000Z,88,87.3,119.3,119.3,121.4
איכילוב,88,2022-05-02T00:00:00.000Z,88,87.3,119.3,119.3,121.4
איכילוב,88,2022-05-02T00:00:00.000Z,88,87.3,119.3,119.3,121.4
איכילוב,88,2022-05-02T00:00:00.000Z,88,87.3,119.3,119.3,121.4
איכילוב,88,2022-05-02T00:00:00.000Z,88,87.3,119.3,119.3,121.4
איכילוב,88,2022-05-02T00:00:00.000Z,88,87.3,119.3,119.3,121.4
איכילוב,88,2022-05-02T00:00:00.000Z,88,87.3,119.3,119.3,121.4
איכילוב,88,2022-05-02T00:00:00.000Z,88,87.3,119.3,119.3,121.4
איכילוב,88,2022-05-02T00:00:00.000Z,88,87.3,119.3,119.3,121.4
איכילוב,88,2022-05-02T00:00:00.000Z,88,87.3,119.3,119.3,121.4
איכילוב,88,2022-05-02T00:00:00.000Z,88,87.3,119.3,119.3,121.4
איכילוב,88,2022-05-02T00:00:00.000Z,88,87.3,119.3,119.3,121.4
איכילוב,88,2022-05-02T00:00:00.000Z,88,87.3,119.3,119.3,121.4
איכילוב,88,2022-05-02T00:00:00.000Z,88,87.3,119.3,119.3,121.4
איכילוב,88,2022-05-02T00:00:00.000Z,88,87.3,119.3,119.3,121.4
איכילוב,88,2022-05-02T00:00:00.000Z,88,87.3,119.3,119.3,121.4
איכילוב,88,2022-05-02T00:00:00.000Z,88,87.3,119.3,119.3,121.4
איכילוב,88,2022-05-02T00:00:00.000Z,88,87.3,119.3,119.3,121.4
איכילוב,88,2022-05-02T00:00:00.000Z,88,87.3,119.3,119.3,121.4
איכילוב,88,2022-05-02T00:00:00.000Z,88,87.3,119.3,119.3,121.4
איכילוב,88,2022-05-02T00:00:00.000Z,88,87.3,119.3,119.3,121.4
איכילוב,88,2022-05-02T00:00:00.000Z,88,87.3,119.3,119.3,121.4
איכילוב,88,2022-05-02T00:00:00.000Z,88,87.3,119.3,119.3,121.4
איכילוב,88,2022-05-02T00:00:00.000Z,88,87.3,119.3,119.3,121.4
איכילוב,88,2022-05-02T00:00:00.000Z,88,87.3,119.3,119.3,121.4
איכילוב,88,2022-05-02T00:00:00.000Z,88,87.3,119.3,119.3,121.4
איכילוב,88,2022-05-02T00:00:00.000Z,88,87.3,119.3,119.3,121.4
איכילוב,88,2022-05-02T00:00:00.000Z,88,87.3,119.3,119.3,121.4
איכילוב,88,2022-05-02T00:00:00.000Z,88,87.3,119.3,119.3,121.4
איכילוב,88,2022-05-02T00:00:00.000Z,88,87.3,119.3,119.3,121.4
איכילוב,88,2022-05-02T00:00:00.000Z,88,87.3,119.3,119.3,121.4
איכילוב,88,2022-05-02T00:00:00.000Z,88,87.3,119.3,119.3,121.4
איכילוב,88,2022-05-02T00:00:00.000Z,88,87.3,119.3,119.3,121.4
איכילוב,88,2022-05-02T00:00:00.000Z,88,87.3,119.3,119.3,121.4
איכילוב,88,2022-05-02T00:00:00.000Z,88,87.3,119.3,119.3,121.4
איכילוב,88,2022-05-02T00:00:00.000Z,88,87.3,119.3,119.3,121.4
איכילוב,88,2022-05-02T00:00:00.000Z,88,87.3,119.3,119.3,121.4
איכילוב,88,2022-05-02T00:00:00.000Z,88,87.3,119.3,119.3,121.4
איכילוב,88,2022-05-02T00:00:00.000Z,88,87.3,119.3,119.3,121.4
איכילוב,88,2022-05-02T00:00:00.000Z,88,87.3,119.3,119.3,121.4
איכילוב,88,2022-05-02T00:00:00.000Z,88,87.3,119.3,119.3,121.4
איכילוב,88,2022-05-02T00:00:00.000Z,88,87.3,119.3,119.3,121.4
איכילוב,88,2022-05-02T00:00:00.000Z,88,87.3,119.3,119.3,121.4
איכילוב,88,2022-05-02T00:00:00.000Z,88,87.3,119.3,119.3,121.4
איכילוב,88,2022-05-02T00:00:00.000Z,88,87.3,119.3,119.3,121.4
איכילוב,88,2022-05-02T00:00:00.000Z,88,87.3,119.3,119.3,121.4
איכילוב,88,2022-05-02T00:00:00.000Z,88,87.3,119.3,119.3,121.4
איכילוב,88,2022-05-02T00:00:00.000Z,88,87.3,119.3,119.3,121.4
איכילוב,88,2022-05-02T00:00:00.000Z,88,87.3,119.3,119.3,121.4
איכילוב,88,2022-05-02T00:00:00.000Z,88,87.3,119.3,119.3,121.4
איכילוב,88,2022-05-02T00:00:00.000Z,88,87.3,119.3,119.3,121.4
איכילוב,88,2022-05-02T00:00:00.000Z,88,87.3,119.3,119.3,121.4
איכילוב,88,2022-05-02T00:00:00.000Z,88,87.3,119.3,119.3,121.4
איכילוב,88,2022-05-02T00:00:00.000Z,88,87.3,119.3,119.3,121.4
איכילוב,88,2022-05-02T00:00:00.000Z,88,87.3,119.3,119.3,121.4
איכילוב,88,2022-05-02T00:00:00.000Z,88,87.3,119.3,119.3,121.4
איכילוב,88,2022-05-02T00:00:00.000Z,88,87.3,119.3,119.3,121.4
רבין ק. השרון,69.3,2022-05-02T00:00:00.000Z,60.5,76.3,67.6,63.5,61.8
רבין ק. השרון,69.3,2022-05-02T00:00:00.000Z,61.8,76.1,67.6,64.1,62.9
רבין ק. השרון,69.3,2022-05-02T00:00:00.000Z,63,75.8,67.6,64.7,64
רבין ק. השרון,69.3,2022-05-02T00:00:00.000Z,64.3,75.6,67.6,65.3,65
רבין ק. השרון,69.3,2022-05-02T00:00:00.000Z,65.5,75.3,67.6,65.9,66.1
רבין ק. השרון,69.3,2022-05-02T00:00:00.000Z,66.8,75.1,67.6,66.4,67.2
רבין ק. השרון,69.3,2022-05-02T00:00:00.000Z,68,74.8,67.6,67,68.2
רבין ק. השרון,69.3,2022-05-02T00:00:00.000Z,69.3,74.6,67.6,67.6,69.3
רבין ק. השרון,69.3,2022-05-02T00:00:00.000Z,69.3,74.6,67.6,67.6,69.3
רבין ק. השרון,69.3,2022-05-02T00:00:00.000Z,69.3,74.6,67.6,67.6,69.3
רבין ק. השרון,69.3,2022-05-02T00:00:00.000Z,69.3,74.6,67.6,67.6,69.3
רבין ק. השרון,69.3,2022-05-02T00:00:00.000Z,69.3,74.6,67.6,67.6,69.3
רבין ק. השרון,69.3,2022-05-02T00:00:00.000Z,69.3,74.6,67.6,67.6,69.3
רבין ק. השרון,69.3,2022-05-02T00:00:00.000Z,69.3,74.6,67.6,67.6,69.3
רבין ק. השרון,69.3,2022-05-02T00:00:00.000Z,69.3,74.6,67.6,67.6,69.3
רבין ק. השרון,69.3,2022-05-02T00:00:00.000Z,69.3,74.6,67.6,67.6,69.3
רבין ק. השרון,69.3,2022-05-02T00:00:00.000Z,69.3,74.6,67.6,67.6,69.3
רבין ק. השרון,69.3,2022-05-02T00:00:00.000Z,69.3,74.6,67.6,67.6,69.3
רבין ק. השרון,69.3,2022-05-02T00:00:00.000Z,69.3,74.6,67.6,67.6,69.3
רבין ק. השרון,69.3,2022-05-02T00:00:00.000Z,69.3,74.6,67.6,67.6,69.3
רבין ק. השרון,69.3,2022-05-02T00:00:00.000Z,69.3,74.6,67.6,67.6,69.3
רבין ק. השרון,69.3,2022-05-02T00:00:00.000Z,69.3,74.6,67.6,67.6,69.3
רבין ק. השרון,69.3,2022-05-02T00:00:00.000Z,69.3,74.6,67.6,67.6,69.3
רבין ק. השרון,69.3,2022-05-02T00:00:00.000Z,69.3,74.6,67.6,67.6,69.3
רבין ק. השרון,69.3,2022-05-02T00:00:00.000Z,69.3,74.6,67.6,67.6,69.3
רבין ק. השרון,69.3,2022-05-02T00:00:00.000Z,69.3,74.6,67.6,67.6,69.3
רבין ק. השרון,69.3,2022-05-02T00:00:00.000Z,69.3,74.6,67.6,67.6,69.3
רבין ק. השרון,69.3,2022-05-02T00:00:00.000Z,69.3,74.6,67.6,67.6,69.3
רבין ק. השרון,69.3,2022-05-02T00:00:00.000Z,69.3,74.6,67.6,67.6,69.3
רבין ק. השרון,69.3,2022-05-02T00:00:00.000Z,69.3,74.6,67.6,67.6,69.3
רבין ק. השרון,69.3,2022-05-02T00:00:00.000Z,69.3,74.6,67.6,67.6,69.3
רבין ק. השרון,69.3,2022-05-02T00:00:00.000Z,69.3,74.6,67.6,67.6,69.3
רבין ק. השרון,69.3,2022-05-02T00:00:00.000Z,69.3,74.6,67.6,67.6,69.3
רבין ק. השרון,69.3,2022-05-02T00:00:00.000Z,69.3,74.6,67.6,67.6,69.3
רבין ק. השרון,69.3,2022-05-02T00:00:00.000Z,69.3,74.6,67.6,67.6,69.3
רבין ק. השרון,69.3,2022-05-02T00:00:00.000Z,69.3,74.6,67.6,67.6,69.3
רבין ק. השרון,69.3,2022-05-02T00:00:00.000Z,69.3,74.6,67.6,67.6,69.3
רבין ק. השרון,69.3,2022-05-02T00:00:00.000Z,69.3,74.6,67.6,67.6,69.3
רבין ק. השרון,69.3,2022-05-02T00:00:00.000Z,69.3,74.6,67.6,67.6,69.3
רבין ק. השרון,69.3,2022-05-02T00:00:00.000Z,69.3,74.6,67.6,67.6,69.3
רבין ק. השרון,69.3,2022-05-02T00:00:00.000Z,69.3,74.6,67.6,67.6,69.3
רבין ק. השרון,69.3,2022-05-02T00:00:00.000Z,69.3,74.6,67.6,67.6,69.3
רבין ק. השרון,69.3,2022-05-02T00:00:00.000Z,69.3,74.6,67.6,67.6,69.3
רבין ק. השרון,69.3,2022-05-02T00:00:00.000Z,69.3,74.6,67.6,67.6,69.3
רבין ק. השרון,69.3,2022-05-02T00:00:00.000Z,69.3,74.6,67.6,67.6,69.3
רבין ק. השרון,69.3,2022-05-02T00:00:00.000Z,69.3,74.6,67.6,67.6,69.3
רבין ק. השרון,69.3,2022-05-02T00:00:00.000Z,69.3,74.6,67.6,67.6,69.3
רבין ק. השרון,69.3,2022-05-02T00:00:00.000Z,69.3,74.6,67.6,67.6,69.3
רבין ק. השרון,69.3,2022-05-02T00:00:00.000Z,69.3,74.6,67.6,67.6,69.3
רבין ק. השרון,69.3,2022-05-02T00:00:00.000Z,69.3,74.6,67.6,67.6,69.3
רבין ק. השרון,69.3,2022-05-02T00:00:00.000Z,69.3,74.6,67.6,67.6,69.3
רבין ק. השרון,69.3,2022-05-02T00:00:00.000Z,69.3,74.6,67.6,67.6,69.3
רבין ק. השרון,69.3,2022-05-02T00:00:00.000Z,69.3,74.6,67.6,67.6,69.3
רבין ק. השרון,69.3,2022-05-02T00:00:00.000Z,69.3,74.6,67.6,67.6,69.3
רבין ק. השרון,69.3,2022-05-02T00:00:00.000Z,69.3,74.6,67.6,67.6,69.3
רבין ק. השרון,69.3,2022-05-02T00:00:00.000Z,69.3,74.6,67.6,67.6,69.3
רבין ק. השרון,69.3,2022-05-02T00:00:00.000Z,69.3,74.6,67.6,67.6,69.3
רבין ק. השרון,69.3,2022-05-02T00:00:00.000Z,69.3,74.6,67.6,67.6,69.3
רבין ק. השרון,69.3,2022-05-02T00:00:00.000Z,69.3,74.6,67.6,67.6,69.3
רבין ק. השרון,69.3,2022-05-02T00:00:00.000Z,69.3,74.6,67.6,67.6,69.3
רבין ק. השרון,69.3,2022-05-02T00:00:00.000Z,69.3,74.6,67.6,67.6,69.3
רבין ק. השרון,69.3,2022-05-02T00:00:00.000Z,69.3,74.6,67.6,67.6,69.3
רבין ק. השרון,69.3,2022-05-02T00:00:00.000Z,69.3,74.6,67.6,67.6,69.3
רבין ק. השרון,69.3,2022-05-02T00:00:00.000Z,69.3,74.6,67.6,67.6,69.3
רבין ק. השרון,69.3,2022-05-02T00:00:00.000Z,69.3,74.6,67.6,67.6,69.3
רבין ק. השרון,69.3,2022-05-02T00:00:00.000Z,69.3,74.6,67.6,67.6,69.3
רבין ק. השרון,69.3,2022-05-02T00:00:00.000Z,69.3,74.6,67.6,67.6,69.3
רבין ק. השרון,69.3,2022-05-02T00:00:00.000Z,69.3,74.6,67.6,67.6,69.3
רבין ק. השרון,69.3,2022-05-02T00:00:00.000Z,69.3,74.6,67.6,67.6,69.3
רבין ק. השרון,69.3,2022-05-02T00:00:00.000Z,69.3,74.6,67.6,67.6,69.3
רבין ק. השרון,69.3,2022-05-02T00:00:00.000Z,69.3,74.6,67.6,67.6,69.3
רבין ק. השרון,69.3,2022-05-02T00:00:00.000Z,69.3,74.6,67.6,67.6,69.3
רבין ק. השרון,69.3,2022-05-02T00:00:00.000Z,69.3,74.6,67.6,67.6,69.3
רבין ק. השרון,69.3,2022-05-02T00:00:00.000Z,69.3,74.6,67.6,67.6,69.3
רבין ק. השרון,69.3,2022-05-02T00:00:00.000Z,69.3,74.6,67.6,67.6,69.3
רבין ק. השרון,69.3,2022-05-02T00:00:00.000Z,69.3,74.6,67.6,67.6,69.3
רבין ק. השרון,69.3,2022-05-02T00:00:00.000Z,69.3,74.6,67.6,67.6,69.3
רבין ק. השרון,69.3,2022-05-02T00:00:00.000Z,69.3,74.6,67.6,67.6,69.3
רבין ק. השרון,69.3,2022-05-02T00:00:00.000Z,69.3,74.6,67.6,67.6,69.3
רבין ק. השרון,69.3,2022-05-02T00:00:00.000Z,69.3,74.6,67.6,67.6,69.3
רבין ק. השרון,69.3,2022-05-02T00:00:00.000Z,69.3,74.6,67.6,67.6,69.3
המרכזי בעמק,97.4,2022-05-02T00:00:00.000Z,91.6,102.6,68.9,70.4,77.4
המרכזי בעמק,97.4,2022-05-02T00:00:00.000Z,92.4,102.2,68.9,70.1,78.3
המרכזי בעמק,97.4,2022-05-02T00:00:00.000Z,93.3,101.8,68.9,69.9,79.1
המרכזי בעמק,97.4,2022-05-02T00:00:00.000Z,94.1,101.5,68.9,69.7,80
המרכזי בעמק,97.4,2022-05-02T00:00:00.000Z,94.9,101.1,68.9,69.5,80.9
המרכזי בעמק,97.4,2022-05-02T00:00:00.000Z,95.8,100.7,68.9,69.3,81.7
המרכזי בעמק,97.4,2022-05-02T00:00:00.000Z,96.6,100.4,68.9,69.1,82.6
המרכזי בעמק,97.4,2022-05-02T00:00:00.000Z,97.4,100,68.9,68.9,83.4
המרכזי בעמק,97.4,2022-05-02T00:00:00.000Z,97.4,100,68.9,68.9,83.4
המרכזי בעמק,97.4,2022-05-02T00:00:00.000Z,97.4,100,68.9,68.9,83.4
המרכזי בעמק,97.4,2022-05-02T00:00:00.000Z,97.4,100,68.9,68.9,83.4
המרכזי בעמק,97.4,2022-05-02T00:00:00.000Z,97.4,100,68.9,68.9,83.4
המרכזי בעמק,97.4,2022-05-02T00:00:00.000Z,97.4,100,68.9,68.9,83.4
המרכזי בעמק,97.4,2022-05-02T00:00:00.000Z,97.4,100,68.9,68.9,83.4
המרכזי בעמק,97.4,2022-05-02T00:00:00.000Z,97.4,100,68.9,68.9,83.4
המרכזי בעמק,97.4,2022-05-02T00:00:00.000Z,97.4,100,68.9,68.9,83.4
המרכזי בעמק,97.4,2022-05-02T00:00:00.000Z,97.4,100,68.9,68.9,83.4
המרכזי בעמק,97.4,2022-05-02T00:00:00.000Z,97.4,100,68.9,68.9,83.4
המרכזי בעמק,97.4,2022-05-02T00:00:00.000Z,97.4,100,68.9,68.9,83.4
המרכזי בעמק,97.4,2022-05-02T00:00:00.000Z,97.4,100,68.9,68.9,83.4
המרכזי בעמק,97.4,2022-05-02T00:00:00.000Z,97.4,100,68.9,68.9,83.4
המרכזי בעמק,97.4,2022-05-02T00:00:00.000Z,97.4,100,68.9,68.9,83.4
המרכזי בעמק,97.4,2022-05-02T00:00:00.000Z,97.4,100,68.9,68.9,83.4
המרכזי בעמק,97.4,2022-05-02T00:00:00.000Z,97.4,100,68.9,68.9,83.4
המרכזי בעמק,97.4,2022-05-02T00:00:00.000Z,97.4,100,68.9,68.9,83.4
המרכזי בעמק,97.4,2022-05-02T00:00:00.000Z,97.4,100,68.9,68.9,83.4
המרכזי בעמק,97.4,2022-05-02T00:00:00.000Z,97.4,100,68.9,68.9,83.4
המרכזי בעמק,97.4,2022-05-02T00:00:00.000Z,97.4,100,68.9,68.9,83.4
המרכזי בעמק,97.4,2022-05-02T00:00:00.000Z,97.4,100,68.9,68.9,83.4
המרכזי בעמק,97.4,2022-05-02T00:00:00.000Z,97.4,100,68.9,68.9,83.4
המרכזי בעמק,97.4,2022-05-02T00:00:00.000Z,97.4,100,68.9,68.9,83.4
המרכזי בעמק,97.4,2022-05-02T00:00:00.000Z,97.4,100,68.9,68.9,83.4
המרכזי בעמק,97.4,2022-05-02T00:00:00.000Z,97.4,100,68.9,68.9,83.4
המרכזי בעמק,97.4,2022-05-02T00:00:00.000Z,97.4,100,68.9,68.9,83.4
המרכזי בעמק,97.4,2022-05-02T00:00:00.000Z,97.4,100,68.9,68.9,83.4
המרכזי בעמק,97.4,2022-05-02T00:00:00.000Z,97.4,100,68.9,68.9,83.4
המרכזי בעמק,97.4,2022-05-02T00:00:00.000Z,97.4,100,68.9,68.9,83.4
המרכזי בעמק,97.4,2022-05-02T00:00:00.000Z,97.4,100,68.9,68.9,83.4
המרכזי בעמק,97.4,2022-05-02T00:00:00.000Z,97.4,100,68.9,68.9,83.4
המרכזי בעמק,97.4,2022-05-02T00:00:00.000Z,97.4,100,68.9,68.9,83.4
המרכזי בעמק,97.4,2022-05-02T00:00:00.000Z,97.4,100,68.9,68.9,83.4
המרכזי בעמק,97.4,2022-05-02T00:00:00.000Z,97.4,100,68.9,68.9,83.4
המרכזי בעמק,97.4,2022-05-02T00:00:00.000Z,97.4,100,68.9,68.9,83.4
המרכזי בעמק,97.4,2022-05-02T00:00:00.000Z,97.4,100,68.9,68.9,83.4
המרכזי בעמק,97.4,2022-05-02T00:00:00.000Z,97.4,100,68.9,68.9,83.4
המרכזי בעמק,97.4,2022-05-02T00:00:00.000Z,97.4,100,68.9,68.9,83.4
המרכזי בעמק,97.4,2022-05-02T00:00:00.000Z,97.4,100,68.9,68.9,83.4
המרכזי בעמק,97.4,2022-05-02T00:00:00.000Z,97.4,100,68.9,68.9,83.4
המרכזי בעמק,97.4,2022-05-02T00:00:00.000Z,97.4,100,68.9,68.9,83.4
המרכזי בעמק,97.4,2022-05-02T00:00:00.000Z,97.4,100,68.9,68.9,83.4
המרכזי בעמק,97.4,2022-05-02T00:00:00.000Z,97.4,100,68.9,68.9,83.4
המרכזי בעמק,97.4,2022-05-02T00:00:00.000Z,97.4,100,68.9,68.9,83.4
המרכזי בעמק,97.4,2022-05-02T00:00:00.000Z,97.4,100,68.9,68.9,83.4
המרכזי בעמק,97.4,2022-05-02T00:00:00.000Z,97.4,100,68.9,68.9,83.4
המרכזי בעמק,97.4,2022-05-02T00:00:00.000Z,97.4,100,68.9,68.9,83.4
המרכזי בעמק,97.4,2022-05-02T00:00:00.000Z,97.4,100,68.9,68.9,83.4
המרכזי בעמק,97.4,2022-05-02T00:00:00.000Z,97.4,100,68.9,68.9,83.4
המרכזי בעמק,97.4,2022-05-02T00:00:00.000Z,97.4,100,68.9,68.9,83.4
המרכזי בעמק,97.4,2022-05-02T00:00:00.000Z,97.4,100,68.9,68.9,83.4
המרכזי בעמק,97.4,2022-05-02T00:00:00.000Z,97.4,100,68.9,68.9,83.4
המרכזי בעמק,97.4,2022-05-02T00:00:00.000Z,97.4,100,68.9,68.9,83.4
המרכזי בעמק,97.4,2022-05-02T00:00:00.000Z,97.4,100,68.9,68.9,83.4
המרכזי בעמק,97.4,2022-05-02T00:00:00.000Z,97.4,100,68.9,68.9,83.4
המרכזי בעמק,97.4,2022-05-02T00:00:00.000Z,97.4,100,68.9,68.9,83.4
המרכזי בעמק,97.4,2022-05-02T00:00:00.000Z,97.4,100,68.9,68.9,83.4
המרכזי בעמק,97.4,2022-05-02T00:00:00.000Z,97.4,100,68.9,68.9,83.4
המרכזי בעמק,97.4,2022-05-02T00:00:00.000Z,97.4,100,68.9,68.9,83.4
המרכזי בעמק,97.4,2022-05-02T00:00:00.000Z,97.4,100,68.9,68.9,83.4
המרכזי בעמק,97.4,2022-05-02T00:00:00.000Z,97.4,100,68.9,68.9,83.4
המרכזי בעמק,97.4,2022-05-02T00:00:00.000Z,97.4,100,68.9,68.9,83.4
המרכזי בעמק,97.4,2022-05-02T00:00:00.000Z,97.4,100,68.9,68.9,83.4
המרכזי בעמק,97.4,2022-05-02T00:00:00.000Z,97.4,100,68.9,68.9,83.4
המרכזי בעמק,97.4,2022-05-02T00:00:00.000Z,97.4,100,68.9,68.9,83.4
המרכזי בעמק,97.4,2022-05-02T00:00:00.000Z,97.4,100,68.9,68.9,83.4
המרכזי בעמק,97.4,2022-05-02T00:00:00.000Z,97.4,100,68.9,68.9,83.4
המרכזי בעמק,97.4,2022-05-02T00:00:00.000Z,97.4,100,68.9,68.9,83.4
המרכזי בעמק,97.4,2022-05-02T00:00:00.000Z,97.4,100,68.9,68.9,83.4
המרכזי בעמק,97.4,2022-05-02T00:00:00.000Z,97.4,100,68.9,68.9,83.4
זיו צפת,106.3,2022-05-02T00:00:00.000Z,106.3,100,72,72,83
זיו צפת,106.3,2022-05-02T00:00:00.000Z,106.3,100,72,72,83
זיו צפת,106.3,2022-05-02T00:00:00.000Z,106.3,100,72,72,83
זיו צפת,106.3,2022-05-02T00:00:00.000Z,106.3,100,72,72,83
זיו צפת,106.3,2022-05-02T00:00:00.000Z,106.3,100,72,72,83
זיו צפת,106.3,2022-05-02T00:00:00.000Z,106.3,100,72,72,83
זיו צפת,106.3,2022-05-02T00:00:00.000Z,106.3,100,72,72,83
זיו צפת,106.3,2022-05-02T00:00:00.000Z,106.3,100,72,72,83
זיו צפת,106.3,2022-05-02T00:00:00.000Z,106.3,100,72,72,83
זיו צפת,106.3,2022-05-02T00:00:00.000Z,106.3,100,72,72,83
זיו צפת,106.3,2022-05-02T00:00:00.000Z,106.3,100,72,72,83
זיו צפת,106.3,2022-05-02T00:00:00.000Z,106.3,100,72,72,83
זיו צפת,106.3,2022-05-02T00:00:00.000Z,106.3,100,72,72,83
זיו צפת,106.3,2022-05-02T00:00:00.000Z,106.3,100,72,72,83
זיו צפת,106.3,2022-05-02T00:00:00.000Z,106.3,100,72,72,83
זיו צפת,106.3,2022-05-02T00:00:00.000Z,106.3,100,72,72,83
זיו צפת,106.3,2022-05-02T00:00:00.000Z,106.3,100,72,72,83
זיו צפת,106.3,2022-05-02T00:00:00.000Z,106.3,100,72,72,83
קפלן,90,2022-05-02T00:00:00.000Z,90,93.3,82.3,82.3,77.3
קפלן,90,2022-05-02T00:00:00.000Z,90,93.3,82.3,82.3,77.3
קפלן,90,2022-05-02T00:00:00.000Z,90,93.3,82.3,82.3,77.3
קפלן,90,2022-05-02T00:00:00.000Z,90,93.3,82.3,82.3,77.3
קפלן,90,2022-05-02T00:00:00.000Z,90,93.3,82.3,82.3,77.3
קפלן,90,2022-05-02T00:00:00.000Z,90,93.3,82.3,82.3,77.3
קפלן,90,2022-05-02T00:00:00.000Z,90,93.3,82.3,82.3,77.3
קפלן,90,2022-05-02T00:00:00.000Z,90,93.3,82.3,82.3,77.3
קפלן,90,2022-05-02T00:00:00.000Z,90,93.3,82.3,82.3,77.3
קפלן,90,2022-05-02T00:00:00.000Z,90,93.3,82.3,82.3,77.3
קפלן,90,2022-05-02T00:00:00.000Z,90,93.3,82.3,82.3,77.3
קפלן,90,2022-05-02T00:00:00.000Z,90,93.3,82.3,82.3,77.3
קפלן,90,2022-05-02T00:00:00.000Z,90,93.3,82.3,82.3,77.3
קפלן,90,2022-05-02T00:00:00.000Z,90,93.3,82.3,82.3,77.3
קפלן,90,2022-05-02T00:00:00.000Z,90,93.3,82.3,82.3,77.3
קפלן,90,2022-05-02T00:00:00.000Z,90,93.3,82.3,82.3,77.3
קפלן,90,2022-05-02T00:00:00.000Z,90,93.3,82.3,82.3,77.3
קפלן,90,2022-05-02T00:00:00.000Z,90,93.3,82.3,82.3,77.3
קפלן,90,2022-05-02T00:00:00.000Z,90,93.3,82.3,82.3,77.3
קפלן,90,2022-05-02T00:00:00.000Z,90,93.3,82.3,82.3,77.3
קפלן,90,2022-05-02T00:00:00.000Z,90,93.3,82.3,82.3,77.3
קפלן,90,2022-05-02T00:00:00.000Z,90,93.3,82.3,82.3,77.3
קפלן,90,2022-05-02T00:00:00.000Z,90,93.3,82.3,82.3,77.3
קפלן,90,2022-05-02T00:00:00.000Z,90,93.3,82.3,82.3,77.3
קפלן,90,2022-05-02T00:00:00.000Z,90,93.3,82.3,82.3,77.3
קפלן,90,2022-05-02T00:00:00.000Z,90,93.3,82.3,82.3,77.3
קפלן,90,2022-05-02T00:00:00.000Z,90,93.3,82.3,82.3,77.3
קפלן,90,2022-05-02T00:00:00.000Z,90,93.3,82.3,82.3,77.3
קפלן,90,2022-05-02T00:00:00.000Z,90,93.3,82.3,82.3,77.3
קפלן,90,2022-05-02T00:00:00.000Z,90,93.3,82.3,82.3,77.3
קפלן,90,2022-05-02T00:00:00.000Z,90,93.3,82.3,82.3,77.3
קפלן,90,2022-05-02T00:00:00.000Z,90,93.3,82.3,82.3,77.3
קפלן,90,2022-05-02T00:00:00.000Z,90,93.3,82.3,82.3,77.3
קפלן,90,2022-05-02T00:00:00.000Z,90,93.3,82.3,82.3,77.3
קפלן,90,2022-05-02T00:00:00.000Z,91.3,93.3,82.3,86,72.6
קפלן,90,2022-05-02T00:00:00.000Z,91.1,93.3,82.3,85.5,73.2
קפלן,90,2022-05-02T00:00:00.000Z,91,93.3,82.3,85,73.9
קפלן,90,2022-05-02T00:00:00.000Z,90.8,93.3,82.3,84.5,74.6
קפלן,90,2022-05-02T00:00:00.000Z,90.6,93.3,82.3,83.9,75.2
קפלן,90,2022-05-02T00:00:00.000Z,90.4,93.3,82.3,83.4,75.9
קפלן,90,2022-05-02T00:00:00.000Z,90.2,93.3,82.3,82.9,76.6
קפלן,90,2022-05-02T00:00:00.000Z,90,93.3,82.3,82.3,77.3
קפלן,90,2022-05-02T00:00:00.000Z,90,93.3,82.3,82.3,77.3
קפלן,90,2022-05-02T00:00:00.000Z,90,93.3,82.3,82.3,77.3
קפלן,90,2022-05-02T00:00:00.000Z,90,93.3,82.3,82.3,77.3
קפלן,90,2022-05-02T00:00:00.000Z,90,93.3,82.3,82.3,77.3
קפלן,90,2022-05-02T00:00:00.000Z,90,93.3,82.3,82.3,77.3
קפלן,90,2022-05-02T00:00:00.000Z,90,93.3,82.3,82.3,77.3
קפלן,90,2022-05-02T00:00:00.000Z,90,93.3,82.3,82.3,77.3
קפלן,90,2022-05-02T00:00:00.000Z,90,93.3,82.3,82.3,77.3
קפלן,90,2022-05-02T00:00:00.000Z,90,93.3,82.3,82.3,77.3
קפלן,90,2022-05-02T00:00:00.000Z,90,93.3,82.3,82.3,77.3
קפלן,90,2022-05-02T00:00:00.000Z,90,93.3,82.3,82.3,77.3
קפלן,90,2022-05-02T00:00:00.000Z,90,93.3,82.3,82.3,77.3
קפלן,90,2022-05-02T00:00:00.000Z,90,93.3,82.3,82.3,77.3
קפלן,90,2022-05-02T00:00:00.000Z,90,93.3,82.3,82.3,77.3
קפלן,90,2022-05-02T00:00:00.000Z,90,93.3,82.3,82.3,77.3
קפלן,90,2022-05-02T00:00:00.000Z,90,93.3,82.3,82.3,77.3
קפלן,90,2022-05-02T00:00:00.000Z,90,93.3,82.3,82.3,77.3
קפלן,90,2022-05-02T00:00:00.000Z,90,93.3,82.3,82.3,77.3
קפלן,90,2022-05-02T00:00:00.000Z,90,93.3,82.3,82.3,77.3
קפלן,90,2022-05-02T00:00:00.000Z,90,93.3,82.3,82.3,77.3
קפלן,90,2022-05-02T00:00:00.000Z,90,93.3,82.3,82.3,77.3
קפלן,90,2022-05-02T00:00:00.000Z,90,93.3,82.3,82.3,77.3
קפלן,90,2022-05-02T00:00:00.000Z,90,93.3,82.3,82.3,77.3
קפלן,90,2022-05-02T00:00:00.000Z,90,93.3,82.3,82.3,77.3
קפלן,90,2022-05-02T00:00:00.000Z,90,93.3,82.3,82.3,77.3
קפלן,90,2022-05-02T00:00:00.000Z,90,93.3,82.3,82.3,77.3
קפלן,90,2022-05-02T00:00:00.000Z,90,93.3,82.3,82.3,77.3
קפלן,90,2022-05-02T00:00:00.000Z,90,93.3,82.3,82.3,77.3
קפלן,90,2022-05-02T00:00:00.000Z,90,93.3,82.3,82.3,77.3
קפלן,90,2022-05-02T00:00:00.000Z,90,93.3,82.3,82.3,77.3
קפלן,90,2022-05-02T00:00:00.000Z,90,93.3,82.3,82.3,77.3
קפלן,90,2022-05-02T00:00:00.000Z,90,93.3,82.3,82.3,77.3
קפלן,90,2022-05-02T00:00:00.000Z,90,93.3,82.3,82.3,77.3
קפלן,90,2022-05-02T00:00:00.000Z,90,93.3,82.3,82.3,77.3
קפלן,90,2022-05-02T00:00:00.000Z,90,93.3,82.3,82.3,77.3
קפלן,90,2022-05-02T00:00:00.000Z,90,93.3,82.3,82.3,77.3
קפלן,90,2022-05-02T00:00:00.000Z,90,93.3,82.3,82.3,77.3
קפלן,90,2022-05-02T00:00:00.000Z,90,93.3,82.3,82.3,77.3
קפלן,90,2022-05-02T00:00:00.000Z,90,93.3,82.3,82.3,77.3
הדסה הר הצופים,72.2,2022-05-02T00:00:00.000Z,86.1,75,77.8,76,68.4
הדסה הר הצופים,72.2,2022-05-02T00:00:00.000Z,84.1,75,77.8,76.3,68.1
הדסה הר הצופים,72.2,2022-05-02T00:00:00.000Z,82.1,75,77.8,76.5,67.8
הדסה הר הצופים,72.2,2022-05-02T00:00:00.000Z,80.2,75,77.8,76.8,67.5
הדסה הר הצופים,72.2,2022-05-02T00:00:00.000Z,78.2,75,77.8,77,67.2
הדסה הר הצופים,72.2,2022-05-02T00:00:00.000Z,76.2,75,77.8,77.3,66.9
הדסה הר הצופים,72.2,2022-05-02T00:00:00.000Z,74.2,75,77.8,77.5,66.6
הדסה הר הצופים,72.2,2022-05-02T00:00:00.000Z,72.2,75,77.8,77.8,66.3
הדסה הר הצופים,72.2,2022-05-02T00:00:00.000Z,72.2,75,77.8,77.8,66.3
הדסה הר הצופים,72.2,2022-05-02T00:00:00.000Z,72.2,75,77.8,77.8,66.3
הדסה הר הצופים,72.2,2022-05-02T00:00:00.000Z,72.2,75,77.8,77.8,66.3
הדסה הר הצופים,72.2,2022-05-02T00:00:00.000Z,72.2,75,77.8,77.8,66.3
הדסה הר הצופים,72.2,2022-05-02T00:00:00.000Z,72.2,75,77.8,77.8,66.3
הדסה הר הצופים,72.2,2022-05-02T00:00:00.000Z,72.2,75,77.8,77.8,66.3
הדסה הר הצופים,72.2,2022-05-02T00:00:00.000Z,72.2,75,77.8,77.8,66.3
הדסה הר הצופים,72.2,2022-05-02T00:00:00.000Z,72.2,75,77.8,77.8,66.3
הדסה הר הצופים,72.2,2022-05-02T00:00:00.000Z,72.2,75,77.8,77.8,66.3
הדסה הר הצופים,72.2,2022-05-02T00:00:00.000Z,72.2,75,77.8,77.8,66.3
הדסה הר הצופים,72.2,2022-05-02T00:00:00.000Z,72.2,75,77.8,77.8,66.3
הדסה הר הצופים,72.2,2022-05-02T00:00:00.000Z,72.2,75,77.8,77.8,66.3
הדסה הר הצופים,72.2,2022-05-02T00:00:00.000Z,72.2,75,77.8,77.8,66.3
הדסה הר הצופים,72.2,2022-05-02T00:00:00.000Z,72.2,75,77.8,77.8,66.3
הדסה הר הצופים,72.2,2022-05-02T00:00:00.000Z,72.2,75,77.8,77.8,66.3
הדסה הר הצופים,72.2,2022-05-02T00:00:00.000Z,72.2,75,77.8,77.8,66.3
הדסה הר הצופים,72.2,2022-05-02T00:00:00.000Z,72.2,75,77.8,77.8,66.3
הדסה הר הצופים,72.2,2022-05-02T00:00:00.000Z,72.2,75,77.8,77.8,66.3
הדסה הר הצופים,72.2,2022-05-02T00:00:00.000Z,72.2,75,77.8,77.8,66.3
הדסה הר הצופים,72.2,2022-05-02T00:00:00.000Z,72.2,75,77.8,77.8,66.3
הדסה הר הצופים,72.2,2022-05-02T00:00:00.000Z,72.2,75,77.8,77.8,66.3
הדסה הר הצופים,72.2,2022-05-02T00:00:00.000Z,72.2,75,77.8,77.8,66.3
הדסה הר הצופים,72.2,2022-05-02T00:00:00.000Z,72.2,75,77.8,77.8,66.3
הדסה הר הצופים,72.2,2022-05-02T00:00:00.000Z,72.2,75,77.8,77.8,66.3
הדסה הר הצופים,72.2,2022-05-02T00:00:00.000Z,72.2,75,77.8,77.8,66.3
הדסה הר הצופים,72.2,2022-05-02T00:00:00.000Z,72.2,75,77.8,77.8,66.3
הדסה הר הצופים,72.2,2022-05-02T00:00:00.000Z,72.2,75,77.8,77.8,66.3
הדסה הר הצופים,72.2,2022-05-02T00:00:00.000Z,72.2,75,77.8,77.8,66.3
הדסה הר הצופים,72.2,2022-05-02T00:00:00.000Z,72.2,75,77.8,77.8,66.3
הדסה הר הצופים,72.2,2022-05-02T00:00:00.000Z,72.2,75,77.8,77.8,66.3
אסותא אשדוד,125.4,2022-05-02T00:00:00.000Z,125.4,178,128.7,128.7,142
אסותא אשדוד,125.4,2022-05-02T00:00:00.000Z,125.4,178,128.7,128.7,142
אסותא אשדוד,125.4,2022-05-02T00:00:00.000Z,125.4,178,128.7,128.7,142
אסותא אשדוד,125.4,2022-05-02T00:00:00.000Z,125.4,178,128.7,128.7,142
אסותא אשדוד,125.4,2022-05-02T00:00:00.000Z,125.4,178,128.7,128.7,142
אסותא אשדוד,125.4,2022-05-02T00:00:00.000Z,125.4,178,128.7,128.7,142
אסותא אשדוד,125.4,2022-05-02T00:00:00.000Z,125.4,178,128.7,128.7,142
אסותא אשדוד,125.4,2022-05-02T00:00:00.000Z,125.4,178,128.7,128.7,142
אסותא אשדוד,125.4,2022-05-02T00:00:00.000Z,125.4,178,128.7,128.7,142
אסותא אשדוד,125.4,2022-05-02T00:00:00.000Z,125.4,178,128.7,128.7,142
אסותא אשדוד,125.4,2022-05-02T00:00:00.000Z,125.4,178,128.7,128.7,142
אסותא אשדוד,125.4,2022-05-02T00:00:00.000Z,125.4,178,128.7,128.7,142
שמואל הרופא,86.1,2022-05-02T00:00:00.000Z,86.1,94.4,78.3,78.3,84.8
שמואל הרופא,86.1,2022-05-02T00:00:00.000Z,86.1,94.4,78.3,78.3,84.8
שמואל הרופא,86.1,2022-05-02T00:00:00.000Z,86.1,94.4,78.3,78.3,84.8
שמואל הרופא,86.1,2022-05-02T00:00:00.000Z,86.1,94.4,78.3,78.3,84.8
שמואל הרופא,86.1,2022-05-02T00:00:00.000Z,86.1,94.4,78.3,78.3,84.8
שמואל הרופא,86.1,2022-05-02T00:00:00.000Z,86.1,94.4,78.3,78.3,84.8
שמואל הרופא,86.1,2022-05-02T00:00:00.000Z,86.1,94.4,78.3,78.3,84.8
שמואל הרופא,86.1,2022-05-02T00:00:00.000Z,86.1,94.4,78.3,78.3,84.8
שמואל הרופא,86.1,2022-05-02T00:00:00.000Z,86.1,94.4,78.3,78.3,84.8
שמואל הרופא,86.1,2022-05-02T00:00:00.000Z,86.1,94.4,78.3,78.3,84.8
הכרמל,68.9,2022-05-02T00:00:00.000Z,68.9,73.6,78.3,78.3,77.5
הכרמל,68.9,2022-05-02T00:00:00.000Z,68.9,73.6,78.3,78.3,77.5
הכרמל,68.9,2022-05-02T00:00:00.000Z,68.9,73.6,78.3,78.3,77.5
הכרמל,68.9,2022-05-02T00:00:00.000Z,68.9,73.6,78.3,78.3,77.5
הכרמל,68.9,2022-05-02T00:00:00.000Z,68.9,73.6,78.3,78.3,77.5
הכרמל,68.9,2022-05-02T00:00:00.000Z,68.9,73.6,78.3,78.3,77.5
הכרמל,68.9,2022-05-02T00:00:00.000Z,68.9,73.6,78.3,78.3,77.5
הכרמל,68.9,2022-05-02T00:00:00.000Z,68.9,73.6,78.3,78.3,77.5
הכרמל,68.9,2022-05-02T00:00:00.000Z,68.9,73.6,78.3,78.3,77.5
הכרמל,68.9,2022-05-02T00:00:00.000Z,68.9,73.6,78.3,78.3,77.5
הכרמל,68.9,2022-05-02T00:00:00.000Z,68.9,73.6,78.3,78.3,77.5
הכרמל,68.9,2022-05-02T00:00:00.000Z,68.9,73.6,78.3,78.3,77.5
הכרמל,68.9,2022-05-02T00:00:00.000Z,68.9,73.6,78.3,78.3,77.5
הכרמל,68.9,2022-05-02T00:00:00.000Z,68.9,73.6,78.3,78.3,77.5
הכרמל,68.9,2022-05-02T00:00:00.000Z,68.9,73.6,78.3,78.3,77.5
הכרמל,68.9,2022-05-02T00:00:00.000Z,68.9,73.6,78.3,78.3,77.5
הכרמל,68.9,2022-05-02T00:00:00.000Z,68.9,73.6,78.3,78.3,77.5
הכרמל,68.9,2022-05-02T00:00:00.000Z,68.9,73.6,78.3,78.3,77.5
הכרמל,68.9,2022-05-02T00:00:00.000Z,68.9,73.6,78.3,78.3,77.5
הכרמל,68.9,2022-05-02T00:00:00.000Z,68.9,73.6,78.3,78.3,77.5
הכרמל,68.9,2022-05-02T00:00:00.000Z,68.9,73.6,78.3,78.3,77.5
הכרמל,68.9,2022-05-02T00:00:00.000Z,68.9,73.6,78.3,78.3,77.5
הכרמל,68.9,2022-05-02T00:00:00.000Z,68.9,73.6,78.3,78.3,77.5
יוספטל,37.5,2022-05-02T00:00:00.000Z,37.5,62.5,41.5,41.5,50.8
יוספטל,37.5,2022-05-02T00:00:00.000Z,37.5,62.5,41.5,41.5,50.8
יוספטל,37.5,2022-05-02T00:00:00.000Z,37.5,62.5,41.5,41.5,50.8
יוספטל,37.5,2022-05-02T00:00:00.000Z,37.5,62.5,41.5,41.5,50.8
יוספטל,37.5,2022-05-02T00:00:00.000Z,37.5,62.5,41.5,41.5,50.8
יוספטל,37.5,2022-05-02T00:00:00.000Z,37.5,62.5,41.5,41.5,50.8
יוספטל,37.5,2022-05-02T00:00:00.000Z,37.5,62.5,41.5,41.5,50.8
שמואל הרופא,86.1,2022-05-02T00:00:00.000Z,86.1,94.4,78.3,78.3,84.8
שמואל הרופא,86.1,2022-05-02T00:00:00.000Z,86.1,94.4,78.3,78.3,84.8
שמואל הרופא,86.1,2022-05-02T00:00:00.000Z,86.1,94.4,78.3,78.3,84.8
שמואל הרופא,86.1,2022-05-02T00:00:00.000Z,86.1,94.4,78.3,78.3,84.8
שמואל הרופא,86.1,2022-05-02T00:00:00.000Z,86.1,94.4,78.3,78.3,84.8
שמואל הרופא,86.1,2022-05-02T00:00:00.000Z,86.1,94.4,78.3,78.3,84.8
שמואל הרופא,86.1,2022-05-02T00:00:00.000Z,86.1,94.4,78.3,78.3,84.8
שמואל הרופא,86.1,2022-05-02T00:00:00.000Z,86.1,94.4,78.3,78.3,84.8
"רמב""ם",96.5,2022-05-02T00:00:00.000Z,96,100,86,87,82.8
"רמב""ם",96.5,2022-05-02T00:00:00.000Z,96,99,86,86.9,83.8
"רמב""ם",96.5,2022-05-02T00:00:00.000Z,96.1,98,86,86.7,84.9
"רמב""ם",96.5,2022-05-02T00:00:00.000Z,96.2,97,86,86.6,85.9
"רמב""ם",96.5,2022-05-02T00:00:00.000Z,96.2,96,86,86.5,87
"רמב""ם",96.5,2022-05-02T00:00:00.000Z,96.3,94.9,86,86.3,88.1
הדסה הר הצופים,72.2,2022-05-02T00:00:00.000Z,72.2,75,77.8,77.8,66.3
הדסה הר הצופים,72.2,2022-05-02T00:00:00.000Z,72.2,75,77.8,77.8,66.3
הדסה הר הצופים,72.2,2022-05-02T00:00:00.000Z,72.2,75,77.8,77.8,66.3
הדסה הר הצופים,72.2,2022-05-02T00:00:00.000Z,72.2,75,77.8,77.8,66.3
הדסה הר הצופים,72.2,2022-05-02T00:00:00.000Z,72.2,75,77.8,77.8,66.3
הדסה הר הצופים,72.2,2022-05-02T00:00:00.000Z,72.2,75,77.8,77.8,66.3
הדסה הר הצופים,72.2,2022-05-02T00:00:00.000Z,72.2,75,77.8,77.8,66.3
הדסה הר הצופים,72.2,2022-05-02T00:00:00.000Z,72.2,75,77.8,77.8,66.3
הדסה הר הצופים,72.2,2022-05-02T00:00:00.000Z,72.2,75,77.8,77.8,66.3
הדסה הר הצופים,72.2,2022-05-02T00:00:00.000Z,72.2,75,77.8,77.8,66.3
הדסה הר הצופים,72.2,2022-05-02T00:00:00.000Z,72.2,75,77.8,77.8,66.3
הדסה הר הצופים,72.2,2022-05-02T00:00:00.000Z,72.2,75,77.8,77.8,66.3
הדסה הר הצופים,72.2,2022-05-02T00:00:00.000Z,72.2,75,77.8,77.8,66.3
הדסה הר הצופים,72.2,2022-05-02T00:00:00.000Z,72.2,75,77.8,77.8,66.3
הדסה הר הצופים,72.2,2022-05-02T00:00:00.000Z,72.2,75,77.8,77.8,66.3
הדסה הר הצופים,72.2,2022-05-02T00:00:00.000Z,72.2,75,77.8,77.8,66.3
הדסה הר הצופים,72.2,2022-05-02T00:00:00.000Z,72.2,75,77.8,77.8,66.3
הדסה הר הצופים,72.2,2022-05-02T00:00:00.000Z,72.2,75,77.8,77.8,66.3
הדסה הר הצופים,72.2,2022-05-02T00:00:00.000Z,72.2,75,77.8,77.8,66.3
הדסה הר הצופים,72.2,2022-05-02T00:00:00.000Z,72.2,75,77.8,77.8,66.3
הדסה הר הצופים,72.2,2022-05-02T00:00:00.000Z,72.2,75,77.8,77.8,66.3
הדסה הר הצופים,72.2,2022-05-02T00:00:00.000Z,72.2,75,77.8,77.8,66.3
הדסה הר הצופים,72.2,2022-05-02T00:00:00.000Z,72.2,75,77.8,77.8,66.3
הדסה הר הצופים,72.2,2022-05-02T00:00:00.000Z,72.2,75,77.8,77.8,66.3
הדסה הר הצופים,72.2,2022-05-02T00:00:00.000Z,72.2,75,77.8,77.8,66.3
הדסה הר הצופים,72.2,2022-05-02T00:00:00.000Z,72.2,75,77.8,77.8,66.3
הדסה הר הצופים,72.2,2022-05-02T00:00:00.000Z,72.2,75,77.8,77.8,66.3
הדסה הר הצופים,72.2,2022-05-02T00:00:00.000Z,72.2,75,77.8,77.8,66.3
הדסה הר הצופים,72.2,2022-05-02T00:00:00.000Z,72.2,75,77.8,77.8,66.3
הדסה הר הצופים,72.2,2022-05-02T00:00:00.000Z,72.2,75,77.8,77.8,66.3
הדסה הר הצופים,72.2,2022-05-02T00:00:00.000Z,72.2,75,77.8,77.8,66.3
הדסה הר הצופים,72.2,2022-05-02T00:00:00.000Z,72.2,75,77.8,77.8,66.3
נהריה,97.4,2022-05-02T00:00:00.000Z,99.2,91.6,83,84.8,82.7
נהריה,97.4,2022-05-02T00:00:00.000Z,98.6,91.1,83,84.2,82.6
ברזילי,97.4,2022-05-02T00:00:00.000Z,97.4,78.1,83.3,83.3,78
ברזילי,97.4,2022-05-02T00:00:00.000Z,97.4,78.1,83.3,83.3,78
ברזילי,97.4,2022-05-02T00:00:00.000Z,97.4,78.1,83.3,83.3,78
ברזילי,97.4,2022-05-02T00:00:00.000Z,97.4,78.1,83.3,83.3,78
ברזילי,97.4,2022-05-02T00:00:00.000Z,97.4,78.1,83.3,83.3,78
ברזילי,97.4,2022-05-02T00:00:00.000Z,97.4,78.1,83.3,83.3,78
ברזילי,97.4,2022-05-02T00:00:00.000Z,97.4,78.1,83.3,83.3,78
ברזילי,97.4,2022-05-02T00:00:00.000Z,97.4,78.1,83.3,83.3,78
ברזילי,97.4,2022-05-02T00:00:00.000Z,97.4,78.1,83.3,83.3,78
ברזילי,97.4,2022-05-02T00:00:00.000Z,97.4,78.1,83.3,83.3,78
ברזילי,97.4,2022-05-02T00:00:00.000Z,97.4,78.1,83.3,83.3,78
ברזילי,97.4,2022-05-02T00:00:00.000Z,97.4,78.1,83.3,83.3,78
ברזילי,97.4,2022-05-02T00:00:00.000Z,97.4,78.1,83.3,83.3,78
ברזילי,97.4,2022-05-02T00:00:00.000Z,97.4,78.1,83.3,83.3,78
ברזילי,97.4,2022-05-02T00:00:00.000Z,97.4,78.1,83.3,83.3,78
ברזילי,97.4,2022-05-02T00:00:00.000Z,97.4,78.1,83.3,83.3,78
ברזילי,97.4,2022-05-02T00:00:00.000Z,97.4,78.1,83.3,83.3,78
ברזילי,97.4,2022-05-02T00:00:00.000Z,97.4,78.1,83.3,83.3,78
ברזילי,97.4,2022-05-02T00:00:00.000Z,97.4,78.1,83.3,83.3,78
ברזילי,97.4,2022-05-02T00:00:00.000Z,97.4,78.1,83.3,83.3,78
ברזילי,97.4,2022-05-02T00:00:00.000Z,97.4,78.1,83.3,83.3,78
ברזילי,97.4,2022-05-02T00:00:00.000Z,97.4,78.1,83.3,83.3,78
ברזילי,97.4,2022-05-02T00:00:00.000Z,97.4,78.1,83.3,83.3,78
ברזילי,97.4,2022-05-02T00:00:00.000Z,97.4,78.1,83.3,83.3,78
ברזילי,97.4,2022-05-02T00:00:00.000Z,97.4,78.1,83.3,83.3,78
ברזילי,97.4,2022-05-02T00:00:00.000Z,97.4,78.1,83.3,83.3,78
ברזילי,97.4,2022-05-02T00:00:00.000Z,97.4,78.1,83.3,83.3,78
ברזילי,97.4,2022-05-02T00:00:00.000Z,97.4,78.1,83.3,83.3,78
ברזילי,97.4,2022-05-02T00:00:00.000Z,97.4,78.1,83.3,83.3,78
ברזילי,99.5,2022-05-03T00:00:00.000Z,99.5,76.6,83.9,83.9,85.8
ברזילי,99.5,2022-05-03T00:00:00.000Z,99.5,76.6,83.9,83.9,85.8
ברזילי,99.5,2022-05-03T00:00:00.000Z,99.5,76.6,83.9,83.9,85.8
ברזילי,99.5,2022-05-03T00:00:00.000Z,99.5,76.6,83.9,83.9,85.8
ברזילי,99.5,2022-05-03T00:00:00.000Z,99.5,76.6,83.9,83.9,85.8
ברזילי,99.5,2022-05-03T00:00:00.000Z,99.5,76.6,83.9,83.9,85.8
ברזילי,99.5,2022-05-03T00:00:00.000Z,99.5,76.6,83.9,83.9,85.8
ברזילי,99.5,2022-05-03T00:00:00.000Z,99.5,76.6,83.9,83.9,85.8
ברזילי,99.5,2022-05-03T00:00:00.000Z,99.5,76.6,83.9,83.9,85.8
ברזילי,99.5,2022-05-03T00:00:00.000Z,99.5,76.6,83.9,83.9,85.8
ברזילי,99.5,2022-05-03T00:00:00.000Z,99.5,76.6,83.9,83.9,85.8
רבין ק. השרון,75.4,2022-05-03T00:00:00.000Z,75.4,72.8,66,66,69.7
רבין ק. השרון,75.4,2022-05-03T00:00:00.000Z,75.4,72.8,66,66,69.7
אסותא אשדוד,111.9,2022-05-03T00:00:00.000Z,111.9,176.3,104.8,104.8,145.1
אסותא אשדוד,111.9,2022-05-03T00:00:00.000Z,111.9,176.3,104.8,104.8,145.1
אסותא אשדוד,111.9,2022-05-03T00:00:00.000Z,111.9,176.3,104.8,104.8,145.1
אסותא אשדוד,111.9,2022-05-03T00:00:00.000Z,111.9,176.3,104.8,104.8,145.1
אסותא אשדוד,111.9,2022-05-03T00:00:00.000Z,111.9,176.3,104.8,104.8,145.1
אסותא אשדוד,111.9,2022-05-03T00:00:00.000Z,111.9,176.3,104.8,104.8,145.1
אסותא אשדוד,111.9,2022-05-03T00:00:00.000Z,111.9,176.3,104.8,104.8,145.1
אסותא אשדוד,111.9,2022-05-03T00:00:00.000Z,111.9,176.3,104.8,104.8,145.1
אסותא אשדוד,111.9,2022-05-03T00:00:00.000Z,111.9,176.3,104.8,104.8,145.1
אסותא אשדוד,111.9,2022-05-03T00:00:00.000Z,111.9,176.3,104.8,104.8,145.1
אסותא אשדוד,111.9,2022-05-03T00:00:00.000Z,111.9,176.3,104.8,104.8,145.1
אסותא אשדוד,111.9,2022-05-03T00:00:00.000Z,111.9,176.3,104.8,104.8,145.1
אסותא אשדוד,111.9,2022-05-03T00:00:00.000Z,111.9,176.3,104.8,104.8,145.1
אסותא אשדוד,111.9,2022-05-03T00:00:00.000Z,111.9,176.3,104.8,104.8,145.1
ברזילי,99.5,2022-05-03T00:00:00.000Z,97.4,78.1,83.9,83.3,78
ברזילי,99.5,2022-05-03T00:00:00.000Z,97.7,77.9,83.9,83.4,79.1
ברזילי,99.5,2022-05-03T00:00:00.000Z,98,77.7,83.9,83.5,80.2
ברזילי,99.5,2022-05-03T00:00:00.000Z,98.3,77.5,83.9,83.6,81.3
ברזילי,99.5,2022-05-03T00:00:00.000Z,98.6,77.2,83.9,83.7,82.4
ברזילי,99.5,2022-05-03T00:00:00.000Z,98.9,77,83.9,83.8,83.5
ברזילי,99.5,2022-05-03T00:00:00.000Z,99.2,76.8,83.9,83.8,84.6
ברזילי,99.5,2022-05-03T00:00:00.000Z,99.5,76.6,83.9,83.9,85.8
ברזילי,99.5,2022-05-03T00:00:00.000Z,99.5,76.6,83.9,83.9,85.8
ברזילי,99.5,2022-05-03T00:00:00.000Z,99.5,76.6,83.9,83.9,85.8
ברזילי,99.5,2022-05-03T00:00:00.000Z,99.5,76.6,83.9,83.9,85.8
ברזילי,99.5,2022-05-03T00:00:00.000Z,99.5,76.6,83.9,83.9,85.8
ברזילי,99.5,2022-05-03T00:00:00.000Z,99.5,76.6,83.9,83.9,85.8
ברזילי,99.5,2022-05-03T00:00:00.000Z,99.5,76.6,83.9,83.9,85.8
ברזילי,99.5,2022-05-03T00:00:00.000Z,99.5,76.6,83.9,83.9,85.8
ברזילי,99.5,2022-05-03T00:00:00.000Z,99.5,76.6,83.9,83.9,85.8
ברזילי,99.5,2022-05-03T00:00:00.000Z,99.5,76.6,83.9,83.9,85.8
ברזילי,99.5,2022-05-03T00:00:00.000Z,99.5,76.6,83.9,83.9,85.8
ברזילי,99.5,2022-05-03T00:00:00.000Z,99.5,76.6,83.9,83.9,85.8
ברזילי,99.5,2022-05-03T00:00:00.000Z,99.5,76.6,83.9,83.9,85.8
ברזילי,99.5,2022-05-03T00:00:00.000Z,99.5,76.6,83.9,83.9,85.8
ברזילי,99.5,2022-05-03T00:00:00.000Z,99.5,76.6,83.9,83.9,85.8
ברזילי,99.5,2022-05-03T00:00:00.000Z,99.5,76.6,83.9,83.9,85.8
ברזילי,99.5,2022-05-03T00:00:00.000Z,99.5,76.6,83.9,83.9,85.8
ברזילי,99.5,2022-05-03T00:00:00.000Z,99.5,76.6,83.9,83.9,85.8
נהריה,103.7,2022-05-03T00:00:00.000Z,97.4,90,85.9,83,82.3
נהריה,103.7,2022-05-03T00:00:00.000Z,98.3,90.5,85.9,83.4,82.6
נהריה,103.7,2022-05-03T00:00:00.000Z,99.2,91.1,85.9,83.8,83
נהריה,103.7,2022-05-03T00:00:00.000Z,100.1,91.6,85.9,84.2,83.3
נהריה,103.7,2022-05-03T00:00:00.000Z,101,92.1,85.9,84.7,83.6
נהריה,103.7,2022-05-03T00:00:00.000Z,101.9,92.6,85.9,85.1,83.9
נהריה,103.7,2022-05-03T00:00:00.000Z,102.8,93.2,85.9,85.5,84.2
נהריה,103.7,2022-05-03T00:00:00.000Z,103.7,93.7,85.9,85.9,84.5
נהריה,103.7,2022-05-03T00:00:00.000Z,103.7,93.7,85.9,85.9,84.5
נהריה,103.7,2022-05-03T00:00:00.000Z,103.7,93.7,85.9,85.9,84.5
נהריה,103.7,2022-05-03T00:00:00.000Z,103.7,93.7,85.9,85.9,84.5
נהריה,103.7,2022-05-03T00:00:00.000Z,103.7,93.7,85.9,85.9,84.5
נהריה,103.7,2022-05-03T00:00:00.000Z,103.7,93.7,85.9,85.9,84.5
נהריה,103.7,2022-05-03T00:00:00.000Z,103.7,93.7,85.9,85.9,84.5
נהריה,103.7,2022-05-03T00:00:00.000Z,103.7,93.7,85.9,85.9,84.5
נהריה,103.7,2022-05-03T00:00:00.000Z,103.7,93.7,85.9,85.9,84.5
נהריה,103.7,2022-05-03T00:00:00.000Z,103.7,93.7,85.9,85.9,84.5
נהריה,103.7,2022-05-03T00:00:00.000Z,103.7,93.7,85.9,85.9,84.5
נהריה,103.7,2022-05-03T00:00:00.000Z,103.7,93.7,85.9,85.9,84.5
נהריה,103.7,2022-05-03T00:00:00.000Z,103.7,93.7,85.9,85.9,84.5
נהריה,103.7,2022-05-03T00:00:00.000Z,103.7,93.7,85.9,85.9,84.5
נהריה,103.7,2022-05-03T00:00:00.000Z,103.7,93.7,85.9,85.9,84.5
נהריה,103.7,2022-05-03T00:00:00.000Z,103.7,93.7,85.9,85.9,84.5
נהריה,103.7,2022-05-03T00:00:00.000Z,103.7,93.7,85.9,85.9,84.5
נהריה,103.7,2022-05-03T00:00:00.000Z,103.7,93.7,85.9,85.9,84.5
נהריה,103.7,2022-05-03T00:00:00.000Z,103.7,93.7,85.9,85.9,84.5
נהריה,103.7,2022-05-03T00:00:00.000Z,103.7,93.7,85.9,85.9,84.5
נהריה,103.7,2022-05-03T00:00:00.000Z,103.7,93.7,85.9,85.9,84.5
נהריה,103.7,2022-05-03T00:00:00.000Z,103.7,93.7,85.9,85.9,84.5
נהריה,103.7,2022-05-03T00:00:00.000Z,103.7,93.7,85.9,85.9,84.5
נהריה,103.7,2022-05-03T00:00:00.000Z,103.7,93.7,85.9,85.9,84.5
נהריה,103.7,2022-05-03T00:00:00.000Z,103.7,93.7,85.9,85.9,84.5
נהריה,103.7,2022-05-03T00:00:00.000Z,103.7,93.7,85.9,85.9,84.5
נהריה,103.7,2022-05-03T00:00:00.000Z,103.7,93.7,85.9,85.9,84.5
נהריה,103.7,2022-05-03T00:00:00.000Z,103.7,93.7,85.9,85.9,84.5
נהריה,103.7,2022-05-03T00:00:00.000Z,103.7,93.7,85.9,85.9,84.5
הלל יפה,106.8,2022-05-03T00:00:00.000Z,102.7,97.9,82.9,81.6,90.9
הלל יפה,106.8,2022-05-03T00:00:00.000Z,103.3,97.7,82.9,81.7,91.6
הלל יפה,106.8,2022-05-03T00:00:00.000Z,103.9,97.6,82.9,81.9,92.4
הלל יפה,106.8,2022-05-03T00:00:00.000Z,104.5,97.4,82.9,82.1,93.1
הלל יפה,106.8,2022-05-03T00:00:00.000Z,105.1,97.2,82.9,82.3,93.9
הלל יפה,106.8,2022-05-03T00:00:00.000Z,105.7,97,82.9,82.5,94.6
הלל יפה,106.8,2022-05-03T00:00:00.000Z,106.3,96.8,82.9,82.7,95.4
הלל יפה,106.8,2022-05-03T00:00:00.000Z,106.8,96.6,82.9,82.9,96.1
הלל יפה,106.8,2022-05-03T00:00:00.000Z,106.8,96.6,82.9,82.9,96.1
הלל יפה,106.8,2022-05-03T00:00:00.000Z,106.8,96.6,82.9,82.9,96.1
הלל יפה,106.8,2022-05-03T00:00:00.000Z,106.8,96.6,82.9,82.9,96.1
הלל יפה,106.8,2022-05-03T00:00:00.000Z,106.8,96.6,82.9,82.9,96.1
הלל יפה,106.8,2022-05-03T00:00:00.000Z,106.8,96.6,82.9,82.9,96.1
הלל יפה,106.8,2022-05-03T00:00:00.000Z,106.8,96.6,82.9,82.9,96.1
הלל יפה,106.8,2022-05-03T00:00:00.000Z,106.8,96.6,82.9,82.9,96.1
הלל יפה,106.8,2022-05-03T00:00:00.000Z,106.8,96.6,82.9,82.9,96.1
הלל יפה,106.8,2022-05-03T00:00:00.000Z,106.8,96.6,82.9,82.9,96.1
הלל יפה,106.8,2022-05-03T00:00:00.000Z,106.8,96.6,82.9,82.9,96.1
הלל יפה,106.8,2022-05-03T00:00:00.000Z,106.8,96.6,82.9,82.9,96.1
הלל יפה,106.8,2022-05-03T00:00:00.000Z,106.8,96.6,82.9,82.9,96.1
הלל יפה,106.8,2022-05-03T00:00:00.000Z,106.8,96.6,82.9,82.9,96.1
הלל יפה,106.8,2022-05-03T00:00:00.000Z,106.8,96.6,82.9,82.9,96.1
הלל יפה,106.8,2022-05-03T00:00:00.000Z,106.8,96.6,82.9,82.9,96.1
הלל יפה,106.8,2022-05-03T00:00:00.000Z,106.8,96.6,82.9,82.9,96.1
הלל יפה,106.8,2022-05-03T00:00:00.000Z,106.8,96.6,82.9,82.9,96.1
הלל יפה,106.8,2022-05-03T00:00:00.000Z,106.8,96.6,82.9,82.9,96.1
הלל יפה,106.8,2022-05-03T00:00:00.000Z,106.8,96.6,82.9,82.9,96.1
הלל יפה,106.8,2022-05-03T00:00:00.000Z,106.8,96.6,82.9,82.9,96.1
הלל יפה,106.8,2022-05-03T00:00:00.000Z,106.8,96.6,82.9,82.9,96.1
זיו צפת,107.8,2022-05-03T00:00:00.000Z,106.3,100,71.2,72,83
זיו צפת,107.8,2022-05-03T00:00:00.000Z,106.5,98.2,71.2,71.9,83.5
זיו צפת,107.8,2022-05-03T00:00:00.000Z,106.7,96.4,71.2,71.8,84.1
זיו צפת,107.8,2022-05-03T00:00:00.000Z,106.9,94.6,71.2,71.7,84.6
זיו צפת,107.8,2022-05-03T00:00:00.000Z,107.1,92.9,71.2,71.6,85.1
זיו צפת,107.8,2022-05-03T00:00:00.000Z,107.4,91.1,71.2,71.4,85.7
זיו צפת,107.8,2022-05-03T00:00:00.000Z,107.6,89.3,71.2,71.3,86.2
זיו צפת,107.8,2022-05-03T00:00:00.000Z,107.8,87.5,71.2,71.2,86.7
זיו צפת,107.8,2022-05-03T00:00:00.000Z,107.8,87.5,71.2,71.2,86.7
זיו צפת,107.8,2022-05-03T00:00:00.000Z,107.8,87.5,71.2,71.2,86.7
זיו צפת,107.8,2022-05-03T00:00:00.000Z,107.8,87.5,71.2,71.2,86.7
זיו צפת,107.8,2022-05-03T00:00:00.000Z,107.8,87.5,71.2,71.2,86.7
זיו צפת,107.8,2022-05-03T00:00:00.000Z,107.8,87.5,71.2,71.2,86.7
זיו צפת,107.8,2022-05-03T00:00:00.000Z,107.8,87.5,71.2,71.2,86.7
זיו צפת,107.8,2022-05-03T00:00:00.000Z,107.8,87.5,71.2,71.2,86.7
זיו צפת,107.8,2022-05-03T00:00:00.000Z,107.8,87.5,71.2,71.2,86.7
זיו צפת,107.8,2022-05-03T00:00:00.000Z,107.8,87.5,71.2,71.2,86.7
זיו צפת,107.8,2022-05-03T00:00:00.000Z,107.8,87.5,71.2,71.2,86.7
זיו צפת,107.8,2022-05-03T00:00:00.000Z,107.8,87.5,71.2,71.2,86.7
זיו צפת,107.8,2022-05-03T00:00:00.000Z,107.8,87.5,71.2,71.2,86.7
זיו צפת,107.8,2022-05-03T00:00:00.000Z,107.8,87.5,71.2,71.2,86.7
זיו צפת,107.8,2022-05-03T00:00:00.000Z,107.8,87.5,71.2,71.2,86.7
זיו צפת,107.8,2022-05-03T00:00:00.000Z,107.8,87.5,71.2,71.2,86.7
זיו צפת,107.8,2022-05-03T00:00:00.000Z,107.8,87.5,71.2,71.2,86.7
זיו צפת,107.8,2022-05-03T00:00:00.000Z,107.8,87.5,71.2,71.2,86.7
זיו צפת,107.8,2022-05-03T00:00:00.000Z,107.8,87.5,71.2,71.2,86.7
זיו צפת,107.8,2022-05-03T00:00:00.000Z,107.8,87.5,71.2,71.2,86.7
זיו צפת,107.8,2022-05-03T00:00:00.000Z,107.8,87.5,71.2,71.2,86.7
זיו צפת,107.8,2022-05-03T00:00:00.000Z,107.8,87.5,71.2,71.2,86.7
זיו צפת,107.8,2022-05-03T00:00:00.000Z,107.8,87.5,71.2,71.2,86.7
זיו צפת,107.8,2022-05-03T00:00:00.000Z,107.8,87.5,71.2,71.2,86.7
זיו צפת,107.8,2022-05-03T00:00:00.000Z,107.8,87.5,71.2,71.2,86.7
זיו צפת,107.8,2022-05-03T00:00:00.000Z,107.8,87.5,71.2,71.2,86.7
זיו צפת,107.8,2022-05-03T00:00:00.000Z,107.8,87.5,71.2,71.2,86.7
זיו צפת,107.8,2022-05-03T00:00:00.000Z,107.8,87.5,71.2,71.2,86.7
זיו צפת,107.8,2022-05-03T00:00:00.000Z,107.8,87.5,71.2,71.2,86.7
בני ציון,96.7,2022-05-03T00:00:00.000Z,92.6,103.3,84.5,88.5,85
בני ציון,96.7,2022-05-03T00:00:00.000Z,93.2,103.3,84.5,87.9,85.1
בני ציון,96.7,2022-05-03T00:00:00.000Z,93.7,103.3,84.5,87.3,85.2
בני ציון,96.7,2022-05-03T00:00:00.000Z,94.3,103.3,84.5,86.8,85.3
בני ציון,96.7,2022-05-03T00:00:00.000Z,94.9,103.3,84.5,86.2,85.4
בני ציון,96.7,2022-05-03T00:00:00.000Z,95.5,103.3,84.5,85.6,85.5
בני ציון,96.7,2022-05-03T00:00:00.000Z,96.1,103.3,84.5,85.1,85.6
בני ציון,96.7,2022-05-03T00:00:00.000Z,96.7,103.3,84.5,84.5,85.7
בני ציון,96.7,2022-05-03T00:00:00.000Z,96.7,103.3,84.5,84.5,85.7
בני ציון,96.7,2022-05-03T00:00:00.000Z,96.7,103.3,84.5,84.5,85.7
בני ציון,96.7,2022-05-03T00:00:00.000Z,96.7,103.3,84.5,84.5,85.7
בני ציון,96.7,2022-05-03T00:00:00.000Z,96.7,103.3,84.5,84.5,85.7
בני ציון,96.7,2022-05-03T00:00:00.000Z,96.7,103.3,84.5,84.5,85.7
בני ציון,96.7,2022-05-03T00:00:00.000Z,96.7,103.3,84.5,84.5,85.7
בני ציון,96.7,2022-05-03T00:00:00.000Z,96.7,103.3,84.5,84.5,85.7
בני ציון,96.7,2022-05-03T00:00:00.000Z,96.7,103.3,84.5,84.5,85.7
בני ציון,96.7,2022-05-03T00:00:00.000Z,96.7,103.3,84.5,84.5,85.7
בני ציון,96.7,2022-05-03T00:00:00.000Z,96.7,103.3,84.5,84.5,85.7
פוריה,71.8,2022-05-03T00:00:00.000Z,67.9,76.9,76.1,72.1,78.9
פוריה,71.8,2022-05-03T00:00:00.000Z,68.5,76.2,76.1,72.7,78.1
פוריה,71.8,2022-05-03T00:00:00.000Z,69,75.5,76.1,73.2,77.4
פוריה,71.8,2022-05-03T00:00:00.000Z,69.6,74.7,76.1,73.8,76.7
פוריה,71.8,2022-05-03T00:00:00.000Z,70.1,74,76.1,74.4,76
פוריה,71.8,2022-05-03T00:00:00.000Z,70.7,73.3,76.1,74.9,75.3
פוריה,71.8,2022-05-03T00:00:00.000Z,71.2,72.5,76.1,75.5,74.5
פוריה,71.8,2022-05-03T00:00:00.000Z,71.8,71.8,76.1,76.1,73.8
פוריה,71.8,2022-05-03T00:00:00.000Z,71.8,71.8,76.1,76.1,73.8
פוריה,71.8,2022-05-03T00:00:00.000Z,71.8,71.8,76.1,76.1,73.8
פוריה,71.8,2022-05-03T00:00:00.000Z,71.8,71.8,76.1,76.1,73.8
פוריה,71.8,2022-05-03T00:00:00.000Z,71.8,71.8,76.1,76.1,73.8
פוריה,71.8,2022-05-03T00:00:00.000Z,71.8,71.8,76.1,76.1,73.8
פוריה,71.8,2022-05-03T00:00:00.000Z,71.8,71.8,76.1,76.1,73.8
פוריה,71.8,2022-05-03T00:00:00.000Z,71.8,71.8,76.1,76.1,73.8
פוריה,71.8,2022-05-03T00:00:00.000Z,71.8,71.8,76.1,76.1,73.8
פוריה,71.8,2022-05-03T00:00:00.000Z,71.8,71.8,76.1,76.1,73.8
פוריה,71.8,2022-05-03T00:00:00.000Z,71.8,71.8,76.1,76.1,73.8
פוריה,71.8,2022-05-03T00:00:00.000Z,71.8,71.8,76.1,76.1,73.8
פוריה,71.8,2022-05-03T00:00:00.000Z,71.8,71.8,76.1,76.1,73.8
פוריה,71.8,2022-05-03T00:00:00.000Z,71.8,71.8,76.1,76.1,73.8
פוריה,71.8,2022-05-03T00:00:00.000Z,71.8,71.8,76.1,76.1,73.8
פוריה,71.8,2022-05-03T00:00:00.000Z,71.8,71.8,76.1,76.1,73.8
פוריה,71.8,2022-05-03T00:00:00.000Z,71.8,71.8,76.1,76.1,73.8
פוריה,71.8,2022-05-03T00:00:00.000Z,71.8,71.8,76.1,76.1,73.8
פוריה,71.8,2022-05-03T00:00:00.000Z,71.8,71.8,76.1,76.1,73.8
פוריה,71.8,2022-05-03T00:00:00.000Z,71.8,71.8,76.1,76.1,73.8
פוריה,71.8,2022-05-03T00:00:00.000Z,71.8,71.8,76.1,76.1,73.8
פוריה,71.8,2022-05-03T00:00:00.000Z,71.8,71.8,76.1,76.1,73.8
פוריה,71.8,2022-05-03T00:00:00.000Z,71.8,71.8,76.1,76.1,73.8
פוריה,71.8,2022-05-03T00:00:00.000Z,71.8,71.8,76.1,76.1,73.8
פוריה,71.8,2022-05-03T00:00:00.000Z,71.8,71.8,76.1,76.1,73.8
פוריה,71.8,2022-05-03T00:00:00.000Z,71.8,71.8,76.1,76.1,73.8
פוריה,71.8,2022-05-03T00:00:00.000Z,71.8,71.8,76.1,76.1,73.8
פוריה,71.8,2022-05-03T00:00:00.000Z,71.8,71.8,76.1,76.1,73.8
פוריה,71.8,2022-05-03T00:00:00.000Z,71.8,71.8,76.1,76.1,73.8
לניאדו,98.7,2022-05-03T00:00:00.000Z,97.4,109,93.3,113.6,103.1
לניאדו,98.7,2022-05-03T00:00:00.000Z,97.6,109.5,93.3,110.7,103
לניאדו,98.7,2022-05-03T00:00:00.000Z,97.8,110.1,93.3,107.8,103
לניאדו,98.7,2022-05-03T00:00:00.000Z,98,110.6,93.3,104.9,102.9
לניאדו,98.7,2022-05-03T00:00:00.000Z,98.2,111.2,93.3,102,102.9
לניאדו,98.7,2022-05-03T00:00:00.000Z,98.4,111.7,93.3,99.1,102.9
לניאדו,98.7,2022-05-03T00:00:00.000Z,98.5,112.3,93.3,96.2,102.8
לניאדו,98.7,2022-05-03T00:00:00.000Z,98.7,112.8,93.3,93.3,102.8
לניאדו,98.7,2022-05-03T00:00:00.000Z,98.7,112.8,93.3,93.3,102.8
לניאדו,98.7,2022-05-03T00:00:00.000Z,98.7,112.8,93.3,93.3,102.8
לניאדו,98.7,2022-05-03T00:00:00.000Z,98.7,112.8,93.3,93.3,102.8
וולפסון,84.4,2022-05-03T00:00:00.000Z,79.5,95.1,73.8,76.7,84
וולפסון,84.4,2022-05-03T00:00:00.000Z,80.2,94.6,73.8,76.3,83.6
וולפסון,84.4,2022-05-03T00:00:00.000Z,80.9,94.1,73.8,75.9,83.1
וולפסון,84.4,2022-05-03T00:00:00.000Z,81.6,93.7,73.8,75.5,82.7
וולפסון,84.4,2022-05-03T00:00:00.000Z,82.3,93.2,73.8,75,82.2
וולפסון,84.4,2022-05-03T00:00:00.000Z,83,92.7,73.8,74.6,81.7
וולפסון,84.4,2022-05-03T00:00:00.000Z,83.7,92.3,73.8,74.2,81.3
וולפסון,84.4,2022-05-03T00:00:00.000Z,84.4,91.8,73.8,73.8,80.8
וולפסון,84.4,2022-05-03T00:00:00.000Z,84.4,91.8,73.8,73.8,80.8
וולפסון,84.4,2022-05-03T00:00:00.000Z,84.4,91.8,73.8,73.8,80.8
וולפסון,84.4,2022-05-03T00:00:00.000Z,84.4,91.8,73.8,73.8,80.8
וולפסון,84.4,2022-05-03T00:00:00.000Z,84.4,91.8,73.8,73.8,80.8
וולפסון,84.4,2022-05-03T00:00:00.000Z,84.4,91.8,73.8,73.8,80.8
וולפסון,84.4,2022-05-03T00:00:00.000Z,84.4,91.8,73.8,73.8,80.8
וולפסון,84.4,2022-05-03T00:00:00.000Z,84.4,91.8,73.8,73.8,80.8
וולפסון,84.4,2022-05-03T00:00:00.000Z,84.4,91.8,73.8,73.8,80.8
וולפסון,84.4,2022-05-03T00:00:00.000Z,84.4,91.8,73.8,73.8,80.8
וולפסון,84.4,2022-05-03T00:00:00.000Z,84.4,91.8,73.8,73.8,80.8
וולפסון,84.4,2022-05-03T00:00:00.000Z,84.4,91.8,73.8,73.8,80.8
וולפסון,84.4,2022-05-03T00:00:00.000Z,84.4,91.8,73.8,73.8,80.8
וולפסון,84.4,2022-05-03T00:00:00.000Z,84.4,91.8,73.8,73.8,80.8
וולפסון,84.4,2022-05-03T00:00:00.000Z,84.4,91.8,73.8,73.8,80.8
וולפסון,84.4,2022-05-03T00:00:00.000Z,84.4,91.8,73.8,73.8,80.8
וולפסון,84.4,2022-05-03T00:00:00.000Z,84.4,91.8,73.8,73.8,80.8
וולפסון,84.4,2022-05-03T00:00:00.000Z,84.4,91.8,73.8,73.8,80.8
וולפסון,84.4,2022-05-03T00:00:00.000Z,84.4,91.8,73.8,73.8,80.8
וולפסון,84.4,2022-05-03T00:00:00.000Z,84.4,91.8,73.8,73.8,80.8
וולפסון,84.4,2022-05-03T00:00:00.000Z,84.4,91.8,73.8,73.8,80.8
וולפסון,84.4,2022-05-03T00:00:00.000Z,84.4,91.8,73.8,73.8,80.8
וולפסון,84.4,2022-05-03T00:00:00.000Z,84.4,91.8,73.8,73.8,80.8
וולפסון,84.4,2022-05-03T00:00:00.000Z,84.4,91.8,73.8,73.8,80.8
וולפסון,84.4,2022-05-03T00:00:00.000Z,84.4,91.8,73.8,73.8,80.8
וולפסון,84.4,2022-05-03T00:00:00.000Z,84.4,91.8,73.8,73.8,80.8
וולפסון,84.4,2022-05-03T00:00:00.000Z,84.4,91.8,73.8,73.8,80.8
וולפסון,84.4,2022-05-03T00:00:00.000Z,84.4,91.8,73.8,73.8,80.8
וולפסון,84.4,2022-05-03T00:00:00.000Z,84.4,91.8,73.8,73.8,80.8
רבין ק. בילינסון,119.4,2022-05-03T00:00:00.000Z,126.4,106.6,91.4,97.9,91.3
רבין ק. בילינסון,119.4,2022-05-03T00:00:00.000Z,125.4,106.4,91.4,96.9,91.4
רבין ק. בילינסון,119.4,2022-05-03T00:00:00.000Z,124.4,106.1,91.4,96,91.6
רבין ק. בילינסון,119.4,2022-05-03T00:00:00.000Z,123.4,105.9,91.4,95.1,91.8
רבין ק. בילינסון,119.4,2022-05-03T00:00:00.000Z,122.4,105.6,91.4,94.2,92
רבין ק. בילינסון,119.4,2022-05-03T00:00:00.000Z,121.4,105.3,91.4,93.3,92.2
רבין ק. בילינסון,119.4,2022-05-03T00:00:00.000Z,120.4,105.1,91.4,92.3,92.4
רבין ק. בילינסון,119.4,2022-05-03T00:00:00.000Z,119.4,104.8,91.4,91.4,92.6
רבין ק. בילינסון,119.4,2022-05-03T00:00:00.000Z,119.4,104.8,91.4,91.4,92.6
רבין ק. בילינסון,119.4,2022-05-03T00:00:00.000Z,119.4,104.8,91.4,91.4,92.6
רבין ק. בילינסון,119.4,2022-05-03T00:00:00.000Z,119.4,104.8,91.4,91.4,92.6
רבין ק. בילינסון,119.4,2022-05-03T00:00:00.000Z,119.4,104.8,91.4,91.4,92.6
רבין ק. בילינסון,119.4,2022-05-03T00:00:00.000Z,119.4,104.8,91.4,91.4,92.6
רבין ק. בילינסון,119.4,2022-05-03T00:00:00.000Z,119.4,104.8,91.4,91.4,92.6
רבין ק. בילינסון,119.4,2022-05-03T00:00:00.000Z,119.4,104.8,91.4,91.4,92.6
רבין ק. בילינסון,119.4,2022-05-03T00:00:00.000Z,119.4,104.8,91.4,91.4,92.6
רבין ק. בילינסון,119.4,2022-05-03T00:00:00.000Z,119.4,104.8,91.4,91.4,92.6
רבין ק. בילינסון,119.4,2022-05-03T00:00:00.000Z,119.4,104.8,91.4,91.4,92.6
רבין ק. בילינסון,119.4,2022-05-03T00:00:00.000Z,119.4,104.8,91.4,91.4,92.6
רבין ק. בילינסון,119.4,2022-05-03T00:00:00.000Z,119.4,104.8,91.4,91.4,92.6
רבין ק. בילינסון,119.4,2022-05-03T00:00:00.000Z,119.4,104.8,91.4,91.4,92.6
רבין ק. בילינסון,119.4,2022-05-03T00:00:00.000Z,119.4,104.8,91.4,91.4,92.6
רבין ק. בילינסון,119.4,2022-05-03T00:00:00.000Z,119.4,104.8,91.4,91.4,92.6
רבין ק. בילינסון,119.4,2022-05-03T00:00:00.000Z,119.4,104.8,91.4,91.4,92.6
רבין ק. בילינסון,119.4,2022-05-03T00:00:00.000Z,119.4,104.8,91.4,91.4,92.6
רבין ק. בילינסון,119.4,2022-05-03T00:00:00.000Z,119.4,104.8,91.4,91.4,92.6
רבין ק. בילינסון,119.4,2022-05-03T00:00:00.000Z,119.4,104.8,91.4,91.4,92.6
רבין ק. בילינסון,119.4,2022-05-03T00:00:00.000Z,119.4,104.8,91.4,91.4,92.6
רבין ק. בילינסון,119.4,2022-05-03T00:00:00.000Z,119.4,104.8,91.4,91.4,92.6
רבין ק. בילינסון,119.4,2022-05-03T00:00:00.000Z,119.4,104.8,91.4,91.4,92.6
רבין ק. בילינסון,119.4,2022-05-03T00:00:00.000Z,119.4,104.8,91.4,91.4,92.6
רבין ק. בילינסון,119.4,2022-05-03T00:00:00.000Z,119.4,104.8,91.4,91.4,92.6
רבין ק. בילינסון,119.4,2022-05-03T00:00:00.000Z,119.4,104.8,91.4,91.4,92.6
רבין ק. בילינסון,119.4,2022-05-03T00:00:00.000Z,119.4,104.8,91.4,91.4,92.6
רבין ק. בילינסון,119.4,2022-05-03T00:00:00.000Z,119.4,104.8,91.4,91.4,92.6
רבין ק. בילינסון,119.4,2022-05-03T00:00:00.000Z,119.4,104.8,91.4,91.4,92.6
"רמב""ם",99.5,2022-05-03T00:00:00.000Z,96.5,92.9,85.2,86,90.2
"רמב""ם",99.5,2022-05-03T00:00:00.000Z,96.9,93.3,85.2,85.9,90.5
"רמב""ם",99.5,2022-05-03T00:00:00.000Z,97.3,93.7,85.2,85.8,90.8
"רמב""ם",99.5,2022-05-03T00:00:00.000Z,97.8,94,85.2,85.7,91.1
"רמב""ם",99.5,2022-05-03T00:00:00.000Z,98.2,94.4,85.2,85.6,91.5
"רמב""ם",99.5,2022-05-03T00:00:00.000Z,98.6,94.7,85.2,85.4,91.8
"רמב""ם",99.5,2022-05-03T00:00:00.000Z,99.1,95.1,85.2,85.3,92.1
"רמב""ם",99.5,2022-05-03T00:00:00.000Z,99.5,95.5,85.2,85.2,92.4
"רמב""ם",99.5,2022-05-03T00:00:00.000Z,99.5,95.5,85.2,85.2,92.4
"רמב""ם",99.5,2022-05-03T00:00:00.000Z,99.5,95.5,85.2,85.2,92.4
"רמב""ם",99.5,2022-05-03T00:00:00.000Z,99.5,95.5,85.2,85.2,92.4
"רמב""ם",99.5,2022-05-03T00:00:00.000Z,99.5,95.5,85.2,85.2,92.4
"רמב""ם",99.5,2022-05-03T00:00:00.000Z,99.5,95.5,85.2,85.2,92.4
"רמב""ם",99.5,2022-05-03T00:00:00.000Z,99.5,95.5,85.2,85.2,92.4
"רמב""ם",99.5,2022-05-03T00:00:00.000Z,99.5,95.5,85.2,85.2,92.4
"רמב""ם",99.5,2022-05-03T00:00:00.000Z,99.5,95.5,85.2,85.2,92.4
"רמב""ם",99.5,2022-05-03T00:00:00.000Z,99.5,95.5,85.2,85.2,92.4
"רמב""ם",99.5,2022-05-03T00:00:00.000Z,99.5,95.5,85.2,85.2,92.4
"רמב""ם",99.5,2022-05-03T00:00:00.000Z,99.5,95.5,85.2,85.2,92.4
"רמב""ם",99.5,2022-05-03T00:00:00.000Z,99.5,95.5,85.2,85.2,92.4
"רמב""ם",99.5,2022-05-03T00:00:00.000Z,99.5,95.5,85.2,85.2,92.4
"רמב""ם",99.5,2022-05-03T00:00:00.000Z,99.5,95.5,85.2,85.2,92.4
"רמב""ם",99.5,2022-05-03T00:00:00.000Z,99.5,95.5,85.2,85.2,92.4
"רמב""ם",99.5,2022-05-03T00:00:00.000Z,99.5,95.5,85.2,85.2,92.4
"רמב""ם",99.5,2022-05-03T00:00:00.000Z,99.5,95.5,85.2,85.2,92.4
"רמב""ם",99.5,2022-05-03T00:00:00.000Z,99.5,95.5,85.2,85.2,92.4
"רמב""ם",99.5,2022-05-03T00:00:00.000Z,99.5,95.5,85.2,85.2,92.4
"רמב""ם",99.5,2022-05-03T00:00:00.000Z,99.5,95.5,85.2,85.2,92.4
"רמב""ם",99.5,2022-05-03T00:00:00.000Z,99.5,95.5,85.2,85.2,92.4
"רמב""ם",99.5,2022-05-03T00:00:00.000Z,99.5,95.5,85.2,85.2,92.4
"רמב""ם",99.5,2022-05-03T00:00:00.000Z,99.5,95.5,85.2,85.2,92.4
"רמב""ם",99.5,2022-05-03T00:00:00.000Z,99.5,95.5,85.2,85.2,92.4
"רמב""ם",99.5,2022-05-03T00:00:00.000Z,99.5,95.5,85.2,85.2,92.4
"רמב""ם",99.5,2022-05-03T00:00:00.000Z,99.5,95.5,85.2,85.2,92.4
"רמב""ם",99.5,2022-05-03T00:00:00.000Z,99.5,95.5,85.2,85.2,92.4
"רמב""ם",99.5,2022-05-03T00:00:00.000Z,99.5,95.5,85.2,85.2,92.4
שמיר,88.4,2022-05-03T00:00:00.000Z,84.2,89.6,71.4,71.9,73.1
שמיר,88.4,2022-05-03T00:00:00.000Z,84.8,90.1,71.4,71.9,73
שמיר,88.4,2022-05-03T00:00:00.000Z,85.4,90.6,71.4,71.8,73
שמיר,88.4,2022-05-03T00:00:00.000Z,86,91.1,71.4,71.7,73
שמיר,88.4,2022-05-03T00:00:00.000Z,86.6,91.6,71.4,71.6,72.9
שמיר,88.4,2022-05-03T00:00:00.000Z,87.2,92.1,71.4,71.5,72.9
שמיר,88.4,2022-05-03T00:00:00.000Z,87.8,92.6,71.4,71.5,72.9
שמיר,88.4,2022-05-03T00:00:00.000Z,88.4,93.1,71.4,71.4,72.8
שמיר,88.4,2022-05-03T00:00:00.000Z,88.4,93.1,71.4,71.4,72.8
שמיר,88.4,2022-05-03T00:00:00.000Z,88.4,93.1,71.4,71.4,72.8
שמיר,88.4,2022-05-03T00:00:00.000Z,88.4,93.1,71.4,71.4,72.8
שמיר,88.4,2022-05-03T00:00:00.000Z,88.4,93.1,71.4,71.4,72.8
שמיר,88.4,2022-05-03T00:00:00.000Z,88.4,93.1,71.4,71.4,72.8
שמיר,88.4,2022-05-03T00:00:00.000Z,88.4,93.1,71.4,71.4,72.8
שמיר,88.4,2022-05-03T00:00:00.000Z,88.4,93.1,71.4,71.4,72.8
שמיר,88.4,2022-05-03T00:00:00.000Z,88.4,93.1,71.4,71.4,72.8
שמיר,88.4,2022-05-03T00:00:00.000Z,88.4,93.1,71.4,71.4,72.8
שמיר,88.4,2022-05-03T00:00:00.000Z,88.4,93.1,71.4,71.4,72.8
שמיר,88.4,2022-05-03T00:00:00.000Z,88.4,93.1,71.4,71.4,72.8
שמיר,88.4,2022-05-03T00:00:00.000Z,88.4,93.1,71.4,71.4,72.8
שמיר,88.4,2022-05-03T00:00:00.000Z,88.4,93.1,71.4,71.4,72.8
שמיר,88.4,2022-05-03T00:00:00.000Z,88.4,93.1,71.4,71.4,72.8
שמיר,88.4,2022-05-03T00:00:00.000Z,88.4,93.1,71.4,71.4,72.8
שמיר,88.4,2022-05-03T00:00:00.000Z,88.4,93.1,71.4,71.4,72.8
שמיר,88.4,2022-05-03T00:00:00.000Z,88.4,93.1,71.4,71.4,72.8
שמיר,88.4,2022-05-03T00:00:00.000Z,88.4,93.1,71.4,71.4,72.8
שמיר,88.4,2022-05-03T00:00:00.000Z,88.4,93.1,71.4,71.4,72.8
שמיר,88.4,2022-05-03T00:00:00.000Z,88.4,93.1,71.4,71.4,72.8
שמיר,88.4,2022-05-03T00:00:00.000Z,88.4,93.1,71.4,71.4,72.8
שמיר,88.4,2022-05-03T00:00:00.000Z,88.4,93.1,71.4,71.4,72.8
שמיר,88.4,2022-05-03T00:00:00.000Z,88.4,93.1,71.4,71.4,72.8
שמיר,88.4,2022-05-03T00:00:00.000Z,88.4,93.1,71.4,71.4,72.8
שמיר,88.4,2022-05-03T00:00:00.000Z,88.4,93.1,71.4,71.4,72.8
שמיר,88.4,2022-05-03T00:00:00.000Z,88.4,93.1,71.4,71.4,72.8
שמיר,88.4,2022-05-03T00:00:00.000Z,88.4,93.1,71.4,71.4,72.8
שמיר,88.4,2022-05-03T00:00:00.000Z,88.4,93.1,71.4,71.4,72.8
קפלן,94.7,2022-05-03T00:00:00.000Z,92.7,94.1,84.5,83.5,80
קפלן,94.7,2022-05-03T00:00:00.000Z,93.3,94.3,84.5,83.8,80.7
קפלן,94.7,2022-05-03T00:00:00.000Z,94,94.5,84.5,84.1,81.4
קפלן,94.7,2022-05-03T00:00:00.000Z,94.7,94.7,84.5,84.5,82.1
קפלן,94.7,2022-05-03T00:00:00.000Z,94.7,94.7,84.5,84.5,82.1
קפלן,94.7,2022-05-03T00:00:00.000Z,94.7,94.7,84.5,84.5,82.1
קפלן,94.7,2022-05-03T00:00:00.000Z,94.7,94.7,84.5,84.5,82.1
קפלן,94.7,2022-05-03T00:00:00.000Z,94.7,94.7,84.5,84.5,82.1
קפלן,94.7,2022-05-03T00:00:00.000Z,94.7,94.7,84.5,84.5,82.1
קפלן,94.7,2022-05-03T00:00:00.000Z,94.7,94.7,84.5,84.5,82.1
קפלן,94.7,2022-05-03T00:00:00.000Z,94.7,94.7,84.5,84.5,82.1
קפלן,94.7,2022-05-03T00:00:00.000Z,94.7,94.7,84.5,84.5,82.1
קפלן,94.7,2022-05-03T00:00:00.000Z,94.7,94.7,84.5,84.5,82.1
קפלן,94.7,2022-05-03T00:00:00.000Z,94.7,94.7,84.5,84.5,82.1
קפלן,94.7,2022-05-03T00:00:00.000Z,94.7,94.7,84.5,84.5,82.1
קפלן,94.7,2022-05-03T00:00:00.000Z,94.7,94.7,84.5,84.5,82.1
קפלן,94.7,2022-05-03T00:00:00.000Z,94.7,94.7,84.5,84.5,82.1
קפלן,94.7,2022-05-03T00:00:00.000Z,94.7,94.7,84.5,84.5,82.1
קפלן,94.7,2022-05-03T00:00:00.000Z,94.7,94.7,84.5,84.5,82.1
קפלן,94.7,2022-05-03T00:00:00.000Z,94.7,94.7,84.5,84.5,82.1
קפלן,94.7,2022-05-03T00:00:00.000Z,94.7,94.7,84.5,84.5,82.1
קפלן,94.7,2022-05-03T00:00:00.000Z,94.7,94.7,84.5,84.5,82.1
קפלן,94.7,2022-05-03T00:00:00.000Z,94.7,94.7,84.5,84.5,82.1
קפלן,94.7,2022-05-03T00:00:00.000Z,94.7,94.7,84.5,84.5,82.1
קפלן,94.7,2022-05-03T00:00:00.000Z,94.7,94.7,84.5,84.5,82.1
קפלן,94.7,2022-05-03T00:00:00.000Z,94.7,94.7,84.5,84.5,82.1
קפלן,94.7,2022-05-03T00:00:00.000Z,94.7,94.7,84.5,84.5,82.1
קפלן,94.7,2022-05-03T00:00:00.000Z,94.7,94.7,84.5,84.5,82.1
קפלן,94.7,2022-05-03T00:00:00.000Z,94.7,94.7,84.5,84.5,82.1
קפלן,94.7,2022-05-03T00:00:00.000Z,94.7,94.7,84.5,84.5,82.1
קפלן,94.7,2022-05-03T00:00:00.000Z,94.7,94.7,84.5,84.5,82.1
קפלן,94.7,2022-05-03T00:00:00.000Z,94.7,94.7,84.5,84.5,82.1
הדסה הר הצופים,77.8,2022-05-03T00:00:00.000Z,72.2,75,80.9,77.8,66.3
הדסה הר הצופים,77.8,2022-05-03T00:00:00.000Z,73,73,80.9,78.2,65.8
הדסה הר הצופים,77.8,2022-05-03T00:00:00.000Z,73.8,71,80.9,78.7,65.3
הדסה הר הצופים,77.8,2022-05-03T00:00:00.000Z,74.6,69,80.9,79.1,64.8
הדסה הר הצופים,77.8,2022-05-03T00:00:00.000Z,75.4,67.1,80.9,79.6,64.3
הדסה הר הצופים,77.8,2022-05-03T00:00:00.000Z,76.2,65.1,80.9,80,63.8
הדסה הר הצופים,77.8,2022-05-03T00:00:00.000Z,77,63.1,80.9,80.5,63.3
הדסה הר הצופים,77.8,2022-05-03T00:00:00.000Z,77.8,61.1,80.9,80.9,62.8
הדסה הר הצופים,77.8,2022-05-03T00:00:00.000Z,77.8,61.1,80.9,80.9,62.8
הדסה הר הצופים,77.8,2022-05-03T00:00:00.000Z,77.8,61.1,80.9,80.9,62.8
הדסה הר הצופים,77.8,2022-05-03T00:00:00.000Z,77.8,61.1,80.9,80.9,62.8
הדסה הר הצופים,77.8,2022-05-03T00:00:00.000Z,77.8,61.1,80.9,80.9,62.8
הדסה הר הצופים,77.8,2022-05-03T00:00:00.000Z,77.8,61.1,80.9,80.9,62.8
הדסה הר הצופים,77.8,2022-05-03T00:00:00.000Z,77.8,61.1,80.9,80.9,62.8
הדסה הר הצופים,77.8,2022-05-03T00:00:00.000Z,77.8,61.1,80.9,80.9,62.8
הדסה הר הצופים,77.8,2022-05-03T00:00:00.000Z,77.8,61.1,80.9,80.9,62.8
הדסה הר הצופים,77.8,2022-05-03T00:00:00.000Z,77.8,61.1,80.9,80.9,62.8
הדסה הר הצופים,77.8,2022-05-03T00:00:00.000Z,77.8,61.1,80.9,80.9,62.8
הדסה הר הצופים,77.8,2022-05-03T00:00:00.000Z,77.8,61.1,80.9,80.9,62.8
הדסה הר הצופים,77.8,2022-05-03T00:00:00.000Z,77.8,61.1,80.9,80.9,62.8
הדסה הר הצופים,77.8,2022-05-03T00:00:00.000Z,77.8,61.1,80.9,80.9,62.8
הדסה הר הצופים,77.8,2022-05-03T00:00:00.000Z,77.8,61.1,80.9,80.9,62.8
הדסה הר הצופים,77.8,2022-05-03T00:00:00.000Z,77.8,61.1,80.9,80.9,62.8
המרכזי בעמק,92.9,2022-05-03T00:00:00.000Z,97.4,100,71.2,68.9,83.4
המרכזי בעמק,92.9,2022-05-03T00:00:00.000Z,96.8,98.8,71.2,69.2,83.2
המרכזי בעמק,92.9,2022-05-03T00:00:00.000Z,96.1,97.6,71.2,69.5,82.9
המרכזי בעמק,92.9,2022-05-03T00:00:00.000Z,95.5,96.4,71.2,69.9,82.6
המרכזי בעמק,92.9,2022-05-03T00:00:00.000Z,94.8,95.2,71.2,70.2,82.4
המרכזי בעמק,92.9,2022-05-03T00:00:00.000Z,94.2,94,71.2,70.5,82.1
המרכזי בעמק,92.9,2022-05-03T00:00:00.000Z,93.5,92.8,71.2,70.8,81.8
המרכזי בעמק,92.9,2022-05-03T00:00:00.000Z,92.9,91.6,71.2,71.2,81.6
המרכזי בעמק,92.9,2022-05-03T00:00:00.000Z,92.9,91.6,71.2,71.2,81.6
המרכזי בעמק,92.9,2022-05-03T00:00:00.000Z,92.9,91.6,71.2,71.2,81.6
המרכזי בעמק,92.9,2022-05-03T00:00:00.000Z,92.9,91.6,71.2,71.2,81.6
המרכזי בעמק,92.9,2022-05-03T00:00:00.000Z,92.9,91.6,71.2,71.2,81.6
המרכזי בעמק,92.9,2022-05-03T00:00:00.000Z,92.9,91.6,71.2,71.2,81.6
המרכזי בעמק,92.9,2022-05-03T00:00:00.000Z,92.9,91.6,71.2,71.2,81.6
המרכזי בעמק,92.9,2022-05-03T00:00:00.000Z,92.9,91.6,71.2,71.2,81.6
המרכזי בעמק,92.9,2022-05-03T00:00:00.000Z,92.9,91.6,71.2,71.2,81.6
המרכזי בעמק,92.9,2022-05-03T00:00:00.000Z,92.9,91.6,71.2,71.2,81.6
המרכזי בעמק,92.9,2022-05-03T00:00:00.000Z,92.9,91.6,71.2,71.2,81.6
המרכזי בעמק,92.9,2022-05-03T00:00:00.000Z,92.9,91.6,71.2,71.2,81.6
המרכזי בעמק,92.9,2022-05-03T00:00:00.000Z,92.9,91.6,71.2,71.2,81.6
המרכזי בעמק,92.9,2022-05-03T00:00:00.000Z,92.9,91.6,71.2,71.2,81.6
המרכזי בעמק,92.9,2022-05-03T00:00:00.000Z,92.9,91.6,71.2,71.2,81.6
המרכזי בעמק,92.9,2022-05-03T00:00:00.000Z,92.9,91.6,71.2,71.2,81.6
המרכזי בעמק,92.9,2022-05-03T00:00:00.000Z,92.9,91.6,71.2,71.2,81.6
המרכזי בעמק,92.9,2022-05-03T00:00:00.000Z,92.9,91.6,71.2,71.2,81.6
המרכזי בעמק,92.9,2022-05-03T00:00:00.000Z,92.9,91.6,71.2,71.2,81.6
המרכזי בעמק,92.9,2022-05-03T00:00:00.000Z,92.9,91.6,71.2,71.2,81.6
המרכזי בעמק,92.9,2022-05-03T00:00:00.000Z,92.9,91.6,71.2,71.2,81.6
מאיר,77.5,2022-05-03T00:00:00.000Z,84,83.5,83.5,85.6,82.5
מאיר,77.5,2022-05-03T00:00:00.000Z,83.1,82.2,83.5,85.3,82
מאיר,77.5,2022-05-03T00:00:00.000Z,82.1,80.9,83.5,85,81.5
מאיר,77.5,2022-05-03T00:00:00.000Z,81.2,79.6,83.5,84.7,81
מאיר,77.5,2022-05-03T00:00:00.000Z,80.3,78.4,83.5,84.4,80.5
מאיר,77.5,2022-05-03T00:00:00.000Z,79.4,77.1,83.5,84.1,80
מאיר,77.5,2022-05-03T00:00:00.000Z,78.4,75.8,83.5,83.8,79.5
מאיר,77.5,2022-05-03T00:00:00.000Z,77.5,74.5,83.5,83.5,79
מאיר,77.5,2022-05-03T00:00:00.000Z,77.5,74.5,83.5,83.5,79
מאיר,77.5,2022-05-03T00:00:00.000Z,77.5,74.5,83.5,83.5,79
מאיר,77.5,2022-05-03T00:00:00.000Z,77.5,74.5,83.5,83.5,79
מאיר,77.5,2022-05-03T00:00:00.000Z,77.5,74.5,83.5,83.5,79
מאיר,77.5,2022-05-03T00:00:00.000Z,77.5,74.5,83.5,83.5,79
מאיר,77.5,2022-05-03T00:00:00.000Z,77.5,74.5,83.5,83.5,79
מאיר,77.5,2022-05-03T00:00:00.000Z,77.5,74.5,83.5,83.5,79
מאיר,77.5,2022-05-03T00:00:00.000Z,77.5,74.5,83.5,83.5,79
מאיר,77.5,2022-05-03T00:00:00.000Z,77.5,74.5,83.5,83.5,79
מאיר,77.5,2022-05-03T00:00:00.000Z,77.5,74.5,83.5,83.5,79
מאיר,77.5,2022-05-03T00:00:00.000Z,77.5,74.5,83.5,83.5,79
מאיר,77.5,2022-05-03T00:00:00.000Z,77.5,74.5,83.5,83.5,79
מאיר,77.5,2022-05-03T00:00:00.000Z,77.5,74.5,83.5,83.5,79
מאיר,77.5,2022-05-03T00:00:00.000Z,77.5,74.5,83.5,83.5,79
מאיר,77.5,2022-05-03T00:00:00.000Z,77.5,74.5,83.5,83.5,79
מאיר,77.5,2022-05-03T00:00:00.000Z,77.5,74.5,83.5,83.5,79
מאיר,77.5,2022-05-03T00:00:00.000Z,77.5,74.5,83.5,83.5,79
מאיר,77.5,2022-05-03T00:00:00.000Z,77.5,74.5,83.5,83.5,79
מאיר,77.5,2022-05-03T00:00:00.000Z,77.5,74.5,83.5,83.5,79
מאיר,77.5,2022-05-03T00:00:00.000Z,77.5,74.5,83.5,83.5,79
מאיר,77.5,2022-05-03T00:00:00.000Z,77.5,74.5,83.5,83.5,79
מאיר,77.5,2022-05-03T00:00:00.000Z,77.5,74.5,83.5,83.5,79
מאיר,77.5,2022-05-03T00:00:00.000Z,77.5,74.5,83.5,83.5,79
מאיר,77.5,2022-05-03T00:00:00.000Z,77.5,74.5,83.5,83.5,79
מאיר,77.5,2022-05-03T00:00:00.000Z,77.5,74.5,83.5,83.5,79
מאיר,77.5,2022-05-03T00:00:00.000Z,77.5,74.5,83.5,83.5,79
מאיר,77.5,2022-05-03T00:00:00.000Z,77.5,74.5,83.5,83.5,79
מאיר,77.5,2022-05-03T00:00:00.000Z,77.5,74.5,83.5,83.5,79
סורוקה,60.5,2022-05-03T00:00:00.000Z,59.7,71.3,72.7,70.2,76
סורוקה,60.5,2022-05-03T00:00:00.000Z,59.8,71.8,72.7,70.6,75.6
סורוקה,60.5,2022-05-03T00:00:00.000Z,59.9,72.3,72.7,71,75.2
סורוקה,60.5,2022-05-03T00:00:00.000Z,60,72.8,72.7,71.3,74.7
סורוקה,60.5,2022-05-03T00:00:00.000Z,60.1,73.3,72.7,71.7,74.3
סורוקה,60.5,2022-05-03T00:00:00.000Z,60.2,73.8,72.7,72,73.8
סורוקה,60.5,2022-05-03T00:00:00.000Z,60.4,74.3,72.7,72.4,73.4
סורוקה,60.5,2022-05-03T00:00:00.000Z,60.5,74.8,72.7,72.7,73
סורוקה,60.5,2022-05-03T00:00:00.000Z,60.5,74.8,72.7,72.7,73
סורוקה,60.5,2022-05-03T00:00:00.000Z,60.5,74.8,72.7,72.7,73
סורוקה,60.5,2022-05-03T00:00:00.000Z,60.5,74.8,72.7,72.7,73
סורוקה,60.5,2022-05-03T00:00:00.000Z,60.5,74.8,72.7,72.7,73
סורוקה,60.5,2022-05-03T00:00:00.000Z,60.5,74.8,72.7,72.7,73
סורוקה,60.5,2022-05-03T00:00:00.000Z,60.5,74.8,72.7,72.7,73
סורוקה,60.5,2022-05-03T00:00:00.000Z,60.5,74.8,72.7,72.7,73
סורוקה,60.5,2022-05-03T00:00:00.000Z,60.5,74.8,72.7,72.7,73
סורוקה,60.5,2022-05-03T00:00:00.000Z,60.5,74.8,72.7,72.7,73
סורוקה,60.5,2022-05-03T00:00:00.000Z,60.5,74.8,72.7,72.7,73
סורוקה,60.5,2022-05-03T00:00:00.000Z,60.5,74.8,72.7,72.7,73
סורוקה,60.5,2022-05-03T00:00:00.000Z,60.5,74.8,72.7,72.7,73
סורוקה,60.5,2022-05-03T00:00:00.000Z,60.5,74.8,72.7,72.7,73
סורוקה,60.5,2022-05-03T00:00:00.000Z,60.5,74.8,72.7,72.7,73
סורוקה,60.5,2022-05-03T00:00:00.000Z,60.5,74.8,72.7,72.7,73
סורוקה,60.5,2022-05-03T00:00:00.000Z,60.5,74.8,72.7,72.7,73
סורוקה,60.5,2022-05-03T00:00:00.000Z,60.5,74.8,72.7,72.7,73
סורוקה,60.5,2022-05-03T00:00:00.000Z,60.5,74.8,72.7,72.7,73
סורוקה,60.5,2022-05-03T00:00:00.000Z,60.5,74.8,72.7,72.7,73
סורוקה,60.5,2022-05-03T00:00:00.000Z,60.5,74.8,72.7,72.7,73
סורוקה,60.5,2022-05-03T00:00:00.000Z,60.5,74.8,72.7,72.7,73
סורוקה,60.5,2022-05-03T00:00:00.000Z,60.5,74.8,72.7,72.7,73
סורוקה,60.5,2022-05-03T00:00:00.000Z,60.5,74.8,72.7,72.7,73
סורוקה,60.5,2022-05-03T00:00:00.000Z,60.5,74.8,72.7,72.7,73
סורוקה,60.5,2022-05-03T00:00:00.000Z,60.5,74.8,72.7,72.7,73
סורוקה,60.5,2022-05-03T00:00:00.000Z,60.5,74.8,72.7,72.7,73
סורוקה,60.5,2022-05-03T00:00:00.000Z,60.5,74.8,72.7,72.7,73
סורוקה,60.5,2022-05-03T00:00:00.000Z,60.5,74.8,72.7,72.7,73
הדסה עין כרם,116.5,2022-05-03T00:00:00.000Z,112.6,117.5,90.3,85.6,90.6
הדסה עין כרם,116.5,2022-05-03T00:00:00.000Z,113.2,118.2,90.3,86.3,91.4
הדסה עין כרם,116.5,2022-05-03T00:00:00.000Z,113.7,118.9,90.3,86.9,92.2
הדסה עין כרם,116.5,2022-05-03T00:00:00.000Z,114.3,119.6,90.3,87.6,93
הדסה עין כרם,116.5,2022-05-03T00:00:00.000Z,114.8,120.2,90.3,88.3,93.9
הדסה עין כרם,116.5,2022-05-03T00:00:00.000Z,115.4,120.9,90.3,89,94.7
הדסה עין כרם,116.5,2022-05-03T00:00:00.000Z,116,121.6,90.3,89.7,95.5
הדסה עין כרם,116.5,2022-05-03T00:00:00.000Z,116.5,122.3,90.3,90.3,96.3
הדסה עין כרם,116.5,2022-05-03T00:00:00.000Z,116.5,122.3,90.3,90.3,96.3
הדסה עין כרם,116.5,2022-05-03T00:00:00.000Z,116.5,122.3,90.3,90.3,96.3
הדסה עין כרם,116.5,2022-05-03T00:00:00.000Z,116.5,122.3,90.3,90.3,96.3
הדסה עין כרם,116.5,2022-05-03T00:00:00.000Z,116.5,122.3,90.3,90.3,96.3
הדסה עין כרם,116.5,2022-05-03T00:00:00.000Z,116.5,122.3,90.3,90.3,96.3
הדסה עין כרם,116.5,2022-05-03T00:00:00.000Z,116.5,122.3,90.3,90.3,96.3
הדסה עין כרם,116.5,2022-05-03T00:00:00.000Z,116.5,122.3,90.3,90.3,96.3
הדסה עין כרם,116.5,2022-05-03T00:00:00.000Z,116.5,122.3,90.3,90.3,96.3
הדסה עין כרם,116.5,2022-05-03T00:00:00.000Z,116.5,122.3,90.3,90.3,96.3
הדסה עין כרם,116.5,2022-05-03T00:00:00.000Z,116.5,122.3,90.3,90.3,96.3
הדסה עין כרם,116.5,2022-05-03T00:00:00.000Z,116.5,122.3,90.3,90.3,96.3
הדסה עין כרם,116.5,2022-05-03T00:00:00.000Z,116.5,122.3,90.3,90.3,96.3
הדסה עין כרם,116.5,2022-05-03T00:00:00.000Z,116.5,122.3,90.3,90.3,96.3
הדסה עין כרם,116.5,2022-05-03T00:00:00.000Z,116.5,122.3,90.3,90.3,96.3
הדסה עין כרם,116.5,2022-05-03T00:00:00.000Z,116.5,122.3,90.3,90.3,96.3
הדסה עין כרם,116.5,2022-05-03T00:00:00.000Z,116.5,122.3,90.3,90.3,96.3
הדסה עין כרם,116.5,2022-05-03T00:00:00.000Z,116.5,122.3,90.3,90.3,96.3
הדסה עין כרם,116.5,2022-05-03T00:00:00.000Z,116.5,122.3,90.3,90.3,96.3
הדסה עין כרם,116.5,2022-05-03T00:00:00.000Z,116.5,122.3,90.3,90.3,96.3
הדסה עין כרם,116.5,2022-05-03T00:00:00.000Z,116.5,122.3,90.3,90.3,96.3
הדסה עין כרם,116.5,2022-05-03T00:00:00.000Z,116.5,122.3,90.3,90.3,96.3
הדסה עין כרם,116.5,2022-05-03T00:00:00.000Z,116.5,122.3,90.3,90.3,96.3
הדסה עין כרם,116.5,2022-05-03T00:00:00.000Z,116.5,122.3,90.3,90.3,96.3
הדסה עין כרם,116.5,2022-05-03T00:00:00.000Z,116.5,122.3,90.3,90.3,96.3
הדסה עין כרם,116.5,2022-05-03T00:00:00.000Z,116.5,122.3,90.3,90.3,96.3
הדסה עין כרם,116.5,2022-05-03T00:00:00.000Z,116.5,122.3,90.3,90.3,96.3
הדסה עין כרם,116.5,2022-05-03T00:00:00.000Z,116.5,122.3,90.3,90.3,96.3
הדסה עין כרם,116.5,2022-05-03T00:00:00.000Z,116.5,122.3,90.3,90.3,96.3
רבין ק. השרון,75.4,2022-05-03T00:00:00.000Z,69.3,74.6,66,67.6,69.3
בני ציון,96.7,2022-05-03T00:00:00.000Z,96.7,103.3,84.5,84.5,85.7
בני ציון,96.7,2022-05-03T00:00:00.000Z,96.7,103.3,84.5,84.5,85.7
בני ציון,96.7,2022-05-03T00:00:00.000Z,96.7,103.3,84.5,84.5,85.7
בני ציון,96.7,2022-05-03T00:00:00.000Z,96.7,103.3,84.5,84.5,85.7
בני ציון,96.7,2022-05-03T00:00:00.000Z,96.7,103.3,84.5,84.5,85.7
בני ציון,96.7,2022-05-03T00:00:00.000Z,96.7,103.3,84.5,84.5,85.7
בני ציון,96.7,2022-05-03T00:00:00.000Z,96.7,103.3,84.5,84.5,85.7
בני ציון,96.7,2022-05-03T00:00:00.000Z,96.7,103.3,84.5,84.5,85.7
בני ציון,96.7,2022-05-03T00:00:00.000Z,96.7,103.3,84.5,84.5,85.7
בני ציון,96.7,2022-05-03T00:00:00.000Z,96.7,103.3,84.5,84.5,85.7
בני ציון,96.7,2022-05-03T00:00:00.000Z,96.7,103.3,84.5,84.5,85.7
בני ציון,96.7,2022-05-03T00:00:00.000Z,96.7,103.3,84.5,84.5,85.7
בני ציון,96.7,2022-05-03T00:00:00.000Z,96.7,103.3,84.5,84.5,85.7
בני ציון,96.7,2022-05-03T00:00:00.000Z,96.7,103.3,84.5,84.5,85.7
בני ציון,96.7,2022-05-03T00:00:00.000Z,96.7,103.3,84.5,84.5,85.7
בני ציון,96.7,2022-05-03T00:00:00.000Z,96.7,103.3,84.5,84.5,85.7
בני ציון,96.7,2022-05-03T00:00:00.000Z,96.7,103.3,84.5,84.5,85.7
בני ציון,96.7,2022-05-03T00:00:00.000Z,96.7,103.3,84.5,84.5,85.7
הלל יפה,106.8,2022-05-03T00:00:00.000Z,106.8,96.6,82.9,82.9,96.1
הלל יפה,106.8,2022-05-03T00:00:00.000Z,106.8,96.6,82.9,82.9,96.1
הלל יפה,106.8,2022-05-03T00:00:00.000Z,106.8,96.6,82.9,82.9,96.1
הלל יפה,106.8,2022-05-03T00:00:00.000Z,106.8,96.6,82.9,82.9,96.1
הלל יפה,106.8,2022-05-03T00:00:00.000Z,106.8,96.6,82.9,82.9,96.1
הלל יפה,106.8,2022-05-03T00:00:00.000Z,106.8,96.6,82.9,82.9,96.1
הלל יפה,106.8,2022-05-03T00:00:00.000Z,106.8,96.6,82.9,82.9,96.1
קפלן,94.7,2022-05-03T00:00:00.000Z,90,93.3,84.5,82.3,77.3
קפלן,94.7,2022-05-03T00:00:00.000Z,90.7,93.5,84.5,82.6,78
קפלן,94.7,2022-05-03T00:00:00.000Z,91.3,93.7,84.5,82.9,78.6
קפלן,94.7,2022-05-03T00:00:00.000Z,92,93.9,84.5,83.2,79.3
הדסה הר הצופים,77.8,2022-05-03T00:00:00.000Z,77.8,61.1,80.9,80.9,62.8
הדסה הר הצופים,77.8,2022-05-03T00:00:00.000Z,77.8,61.1,80.9,80.9,62.8
הדסה הר הצופים,77.8,2022-05-03T00:00:00.000Z,77.8,61.1,80.9,80.9,62.8
הדסה הר הצופים,77.8,2022-05-03T00:00:00.000Z,77.8,61.1,80.9,80.9,62.8
הדסה הר הצופים,77.8,2022-05-03T00:00:00.000Z,77.8,61.1,80.9,80.9,62.8
הדסה הר הצופים,77.8,2022-05-03T00:00:00.000Z,77.8,61.1,80.9,80.9,62.8
הדסה הר הצופים,77.8,2022-05-03T00:00:00.000Z,77.8,61.1,80.9,80.9,62.8
הדסה הר הצופים,77.8,2022-05-03T00:00:00.000Z,77.8,61.1,80.9,80.9,62.8
הדסה הר הצופים,77.8,2022-05-03T00:00:00.000Z,77.8,61.1,80.9,80.9,62.8
הדסה הר הצופים,77.8,2022-05-03T00:00:00.000Z,77.8,61.1,80.9,80.9,62.8
הדסה הר הצופים,77.8,2022-05-03T00:00:00.000Z,77.8,61.1,80.9,80.9,62.8
הדסה הר הצופים,77.8,2022-05-03T00:00:00.000Z,77.8,61.1,80.9,80.9,62.8
הדסה הר הצופים,77.8,2022-05-03T00:00:00.000Z,77.8,61.1,80.9,80.9,62.8
אסותא אשדוד,111.9,2022-05-03T00:00:00.000Z,125.4,178,104.8,128.7,142
אסותא אשדוד,111.9,2022-05-03T00:00:00.000Z,123.5,177.7,104.8,125.3,142.4
אסותא אשדוד,111.9,2022-05-03T00:00:00.000Z,121.5,177.5,104.8,121.8,142.9
אסותא אשדוד,111.9,2022-05-03T00:00:00.000Z,119.6,177.2,104.8,118.4,143.3
אסותא אשדוד,111.9,2022-05-03T00:00:00.000Z,117.7,177,104.8,115,143.7
אסותא אשדוד,111.9,2022-05-03T00:00:00.000Z,115.7,176.8,104.8,111.6,144.2
אסותא אשדוד,111.9,2022-05-03T00:00:00.000Z,113.8,176.5,104.8,108.2,144.6
אסותא אשדוד,111.9,2022-05-03T00:00:00.000Z,111.9,176.3,104.8,104.8,145.1
המרכזי בעמק,92.9,2022-05-03T00:00:00.000Z,92.9,91.6,71.2,71.2,81.6
המרכזי בעמק,92.9,2022-05-03T00:00:00.000Z,92.9,91.6,71.2,71.2,81.6
המרכזי בעמק,92.9,2022-05-03T00:00:00.000Z,92.9,91.6,71.2,71.2,81.6
המרכזי בעמק,92.9,2022-05-03T00:00:00.000Z,92.9,91.6,71.2,71.2,81.6
המרכזי בעמק,92.9,2022-05-03T00:00:00.000Z,92.9,91.6,71.2,71.2,81.6
המרכזי בעמק,92.9,2022-05-03T00:00:00.000Z,92.9,91.6,71.2,71.2,81.6
המרכזי בעמק,92.9,2022-05-03T00:00:00.000Z,92.9,91.6,71.2,71.2,81.6
המרכזי בעמק,92.9,2022-05-03T00:00:00.000Z,92.9,91.6,71.2,71.2,81.6
כלל המוסדות,92.7,2022-05-03T00:00:00.000Z,90.5,89.2,81.4,82.3,83.3
רבין ק. השרון,75.4,2022-05-03T00:00:00.000Z,70.2,74.3,66,67.4,69.4
רבין ק. השרון,75.4,2022-05-03T00:00:00.000Z,71.1,74.1,66,67.2,69.4
רבין ק. השרון,75.4,2022-05-03T00:00:00.000Z,71.9,73.8,66,66.9,69.5
רבין ק. השרון,75.4,2022-05-03T00:00:00.000Z,72.8,73.6,66,66.7,69.5
רבין ק. השרון,75.4,2022-05-03T00:00:00.000Z,73.7,73.3,66,66.4,69.6
רבין ק. השרון,75.4,2022-05-03T00:00:00.000Z,74.6,73.1,66,66.2,69.7
רבין ק. השרון,75.4,2022-05-03T00:00:00.000Z,75.4,72.8,66,66,69.7
רבין ק. השרון,75.4,2022-05-03T00:00:00.000Z,75.4,72.8,66,66,69.7
רבין ק. השרון,75.4,2022-05-03T00:00:00.000Z,75.4,72.8,66,66,69.7
רבין ק. השרון,75.4,2022-05-03T00:00:00.000Z,75.4,72.8,66,66,69.7
רבין ק. השרון,75.4,2022-05-03T00:00:00.000Z,75.4,72.8,66,66,69.7
רבין ק. השרון,75.4,2022-05-03T00:00:00.000Z,75.4,72.8,66,66,69.7
רבין ק. השרון,75.4,2022-05-03T00:00:00.000Z,75.4,72.8,66,66,69.7
רבין ק. השרון,75.4,2022-05-03T00:00:00.000Z,75.4,72.8,66,66,69.7
רבין ק. השרון,75.4,2022-05-03T00:00:00.000Z,75.4,72.8,66,66,69.7
רבין ק. השרון,75.4,2022-05-03T00:00:00.000Z,75.4,72.8,66,66,69.7
רבין ק. השרון,75.4,2022-05-03T00:00:00.000Z,75.4,72.8,66,66,69.7
רבין ק. השרון,75.4,2022-05-03T00:00:00.000Z,75.4,72.8,66,66,69.7
רבין ק. השרון,75.4,2022-05-03T00:00:00.000Z,75.4,72.8,66,66,69.7
רבין ק. השרון,75.4,2022-05-03T00:00:00.000Z,75.4,72.8,66,66,69.7
רבין ק. השרון,75.4,2022-05-03T00:00:00.000Z,75.4,72.8,66,66,69.7
רבין ק. השרון,75.4,2022-05-03T00:00:00.000Z,75.4,72.8,66,66,69.7
רבין ק. השרון,75.4,2022-05-03T00:00:00.000Z,75.4,72.8,66,66,69.7
רבין ק. השרון,75.4,2022-05-03T00:00:00.000Z,75.4,72.8,66,66,69.7
רבין ק. השרון,75.4,2022-05-03T00:00:00.000Z,75.4,72.8,66,66,69.7
רבין ק. השרון,75.4,2022-05-03T00:00:00.000Z,75.4,72.8,66,66,69.7
רבין ק. השרון,75.4,2022-05-03T00:00:00.000Z,75.4,72.8,66,66,69.7
רבין ק. השרון,75.4,2022-05-03T00:00:00.000Z,75.4,72.8,66,66,69.7
רבין ק. השרון,75.4,2022-05-03T00:00:00.000Z,75.4,72.8,66,66,69.7
רבין ק. השרון,75.4,2022-05-03T00:00:00.000Z,75.4,72.8,66,66,69.7
רבין ק. השרון,75.4,2022-05-03T00:00:00.000Z,75.4,72.8,66,66,69.7
רבין ק. השרון,75.4,2022-05-03T00:00:00.000Z,75.4,72.8,66,66,69.7
רבין ק. השרון,75.4,2022-05-03T00:00:00.000Z,75.4,72.8,66,66,69.7
לניאדו,98.7,2022-05-03T00:00:00.000Z,98.7,112.8,93.3,93.3,102.8
לניאדו,98.7,2022-05-03T00:00:00.000Z,98.7,112.8,93.3,93.3,102.8
לניאדו,98.7,2022-05-03T00:00:00.000Z,98.7,112.8,93.3,93.3,102.8
לניאדו,98.7,2022-05-03T00:00:00.000Z,98.7,112.8,93.3,93.3,102.8
לניאדו,98.7,2022-05-03T00:00:00.000Z,98.7,112.8,93.3,93.3,102.8
לניאדו,98.7,2022-05-03T00:00:00.000Z,98.7,112.8,93.3,93.3,102.8
לניאדו,98.7,2022-05-03T00:00:00.000Z,98.7,112.8,93.3,93.3,102.8
לניאדו,98.7,2022-05-03T00:00:00.000Z,98.7,112.8,93.3,93.3,102.8
לניאדו,98.7,2022-05-03T00:00:00.000Z,98.7,112.8,93.3,93.3,102.8
לניאדו,98.7,2022-05-03T00:00:00.000Z,98.7,112.8,93.3,93.3,102.8
לניאדו,98.7,2022-05-03T00:00:00.000Z,98.7,112.8,93.3,93.3,102.8
לניאדו,98.7,2022-05-03T00:00:00.000Z,98.7,112.8,93.3,93.3,102.8
לניאדו,98.7,2022-05-03T00:00:00.000Z,98.7,112.8,93.3,93.3,102.8
לניאדו,98.7,2022-05-03T00:00:00.000Z,98.7,112.8,93.3,93.3,102.8
לניאדו,98.7,2022-05-03T00:00:00.000Z,98.7,112.8,93.3,93.3,102.8
לניאדו,98.7,2022-05-03T00:00:00.000Z,98.7,112.8,93.3,93.3,102.8
לניאדו,98.7,2022-05-03T00:00:00.000Z,98.7,112.8,93.3,93.3,102.8
לניאדו,98.7,2022-05-03T00:00:00.000Z,98.7,112.8,93.3,93.3,102.8
לניאדו,98.7,2022-05-03T00:00:00.000Z,98.7,112.8,93.3,93.3,102.8
לניאדו,98.7,2022-05-03T00:00:00.000Z,98.7,112.8,93.3,93.3,102.8
לניאדו,98.7,2022-05-03T00:00:00.000Z,98.7,112.8,93.3,93.3,102.8
לניאדו,98.7,2022-05-03T00:00:00.000Z,98.7,112.8,93.3,93.3,102.8
לניאדו,98.7,2022-05-03T00:00:00.000Z,98.7,112.8,93.3,93.3,102.8
לניאדו,98.7,2022-05-03T00:00:00.000Z,98.7,112.8,93.3,93.3,102.8
לניאדו,98.7,2022-05-03T00:00:00.000Z,98.7,112.8,93.3,93.3,102.8
אסותא אשדוד,111.9,2022-05-03T00:00:00.000Z,111.9,176.3,104.8,104.8,145.1
אסותא אשדוד,111.9,2022-05-03T00:00:00.000Z,111.9,176.3,104.8,104.8,145.1
אסותא אשדוד,111.9,2022-05-03T00:00:00.000Z,111.9,176.3,104.8,104.8,145.1
אסותא אשדוד,111.9,2022-05-03T00:00:00.000Z,111.9,176.3,104.8,104.8,145.1
אסותא אשדוד,111.9,2022-05-03T00:00:00.000Z,111.9,176.3,104.8,104.8,145.1
אסותא אשדוד,111.9,2022-05-03T00:00:00.000Z,111.9,176.3,104.8,104.8,145.1
אסותא אשדוד,111.9,2022-05-03T00:00:00.000Z,111.9,176.3,104.8,104.8,145.1
אסותא אשדוד,111.9,2022-05-03T00:00:00.000Z,111.9,176.3,104.8,104.8,145.1
אסותא אשדוד,111.9,2022-05-03T00:00:00.000Z,111.9,176.3,104.8,104.8,145.1
אסותא אשדוד,111.9,2022-05-03T00:00:00.000Z,111.9,176.3,104.8,104.8,145.1
אסותא אשדוד,111.9,2022-05-03T00:00:00.000Z,111.9,176.3,104.8,104.8,145.1
אסותא אשדוד,111.9,2022-05-03T00:00:00.000Z,111.9,176.3,104.8,104.8,145.1
אסותא אשדוד,111.9,2022-05-03T00:00:00.000Z,111.9,176.3,104.8,104.8,145.1
אסותא אשדוד,111.9,2022-05-03T00:00:00.000Z,111.9,176.3,104.8,104.8,145.1
ברזילי,96.9,2022-05-09T00:00:00.000Z,99.5,76.6,80.6,83.9,85.8
רבין ק. השרון,59.6,2022-05-09T00:00:00.000Z,75.4,72.8,67.6,66,69.7
נהריה,100.5,2022-05-09T00:00:00.000Z,103.7,93.7,89.7,85.9,84.5
זיו צפת,106.3,2022-05-09T00:00:00.000Z,107.8,87.5,85,71.2,86.7
פוריה,71.8,2022-05-09T00:00:00.000Z,71.8,71.8,73,76.1,73.8
וולפסון,71.3,2022-05-09T00:00:00.000Z,84.4,91.8,74.8,73.8,80.8
רבין ק. בילינסון,121.6,2022-05-09T00:00:00.000Z,119.4,104.8,97.6,91.4,92.6
"רמב""ם",99,2022-05-09T00:00:00.000Z,99.5,95.5,91.8,85.2,92.4
שמיר,92.3,2022-05-09T00:00:00.000Z,88.4,93.1,77.6,71.4,72.8
מאיר,65,2022-05-09T00:00:00.000Z,77.5,74.5,74,83.5,79
שיבא,97.9,2022-05-09T00:00:00.000Z,111.7,84.1,106.5,105.6,93.9
סורוקה,76.4,2022-05-09T00:00:00.000Z,60.5,74.8,77.2,72.7,73
הדסה עין כרם,121.4,2022-05-09T00:00:00.000Z,116.5,122.3,91,90.3,96.3
איכילוב,89.7,2022-05-09T00:00:00.000Z,88,87.3,126.6,119.3,121.4
בני ציון,87.6,2022-05-09T00:00:00.000Z,96.7,103.3,85.9,84.5,85.7
הלל יפה,109.6,2022-05-09T00:00:00.000Z,106.8,96.6,98.6,82.9,96.1
קפלן,89.3,2022-05-09T00:00:00.000Z,94.7,94.7,75.3,84.5,82.1
הדסה הר הצופים,91.7,2022-05-09T00:00:00.000Z,77.8,61.1,85.1,80.9,62.8
המרכזי בעמק,92.3,2022-05-09T00:00:00.000Z,92.9,91.6,76.2,71.2,81.6
כלל המוסדות,91.9,2022-05-09T00:00:00.000Z,90.6,89.9,88.2,82.7,85.5
הכרמל,58.5,2022-05-09T00:00:00.000Z,68.9,73.6,77.9,78.3,77.5
לניאדו,92.3,2022-05-09T00:00:00.000Z,98.7,112.8,100.6,93.3,102.8
יוספטל,93.8,2022-05-09T00:00:00.000Z,37.5,62.5,63.1,41.5,50.8
שמואל הרופא,83.3,2022-05-09T00:00:00.000Z,86.1,94.4,78,78.3,84.8
אסותא אשדוד,133.9,2022-05-09T00:00:00.000Z,111.9,176.3,134.1,104.8,145.1
ברזילי,92.7,2022-05-10T00:00:00.000Z,99.1,78.8,78.1,83.5,86.1
רבין ק. השרון,64.9,2022-05-10T00:00:00.000Z,73.2,71.7,75.9,66.2,68.4
נהריה,96.8,2022-05-10T00:00:00.000Z,103.2,95,89.9,86.4,84.8
זיו צפת,89.1,2022-05-10T00:00:00.000Z,107.6,87.7,80.4,73.2,86.3
פוריה,79.5,2022-05-10T00:00:00.000Z,71.8,70.1,79.7,75.6,73
וולפסון,66.4,2022-05-10T00:00:00.000Z,82.6,90.7,72.2,73.9,80.5
רבין ק. בילינסון,119.8,2022-05-10T00:00:00.000Z,119.7,105.2,95.8,92.3,92
"רמב""ם",98,2022-05-10T00:00:00.000Z,99.4,95.6,91.1,86.2,92.3
שמיר,87.6,2022-05-10T00:00:00.000Z,89,93.6,80.2,72.3,73.6
מאיר,72,2022-05-10T00:00:00.000Z,75.7,75.4,80.8,82.2,79.5
שיבא,100.4,2022-05-10T00:00:00.000Z,109.7,86.6,105.9,105.8,95.1
סורוקה,78.7,2022-05-10T00:00:00.000Z,62.7,73.3,79.2,73.4,72.7
הדסה עין כרם,124.3,2022-05-10T00:00:00.000Z,117.2,121.9,91.9,90.4,96.3
איכילוב,86.3,2022-05-10T00:00:00.000Z,88.2,87,123.9,120.3,121.4
בני ציון,84.3,2022-05-10T00:00:00.000Z,95.4,101.4,86.1,84.7,85.3
הלל יפה,104.1,2022-05-10T00:00:00.000Z,107.2,96.7,99.6,85.2,93.5
קפלן,84.7,2022-05-10T00:00:00.000Z,93.9,93,76,83.1,81
הדסה הר הצופים,86.1,2022-05-10T00:00:00.000Z,79.8,67.9,89.2,81.5,64.6
המרכזי בעמק,97.4,2022-05-10T00:00:00.000Z,92.8,94.2,77.2,71.9,81
כלל המוסדות,90.8,2022-05-10T00:00:00.000Z,90.7,90,89.1,82.7,85.4
הכרמל,60.4,2022-05-10T00:00:00.000Z,67.4,73.5,79.6,78.3,77.1
לניאדו,93.6,2022-05-10T00:00:00.000Z,97.8,115.2,101.7,94.3,101.4
יוספטל,75,2022-05-10T00:00:00.000Z,45.5,61.6,69.2,44.6,50.5
שמואל הרופא,75,2022-05-10T00:00:00.000Z,85.7,96.4,76,78.3,85.2
אסותא אשדוד,137.3,2022-05-10T00:00:00.000Z,115,176.8,153.9,109,145.3
ברזילי,95.3,2022-05-11T00:00:00.000Z,98.1,80.9,81.5,82.6,85
רבין ק. השרון,64,2022-05-11T00:00:00.000Z,71.7,72.1,73,67.6,67.6
נהריה,92.1,2022-05-11T00:00:00.000Z,102.3,97.1,84.7,87,85.2
זיו צפת,84.4,2022-05-11T00:00:00.000Z,104.9,87.7,79.5,74.5,84.9
פוריה,70.5,2022-05-11T00:00:00.000Z,72.9,69,77.5,76.1,71.7
וולפסון,68.4,2022-05-11T00:00:00.000Z,80,91.3,69.8,73.7,81
רבין ק. בילינסון,113.2,2022-05-11T00:00:00.000Z,119.8,106.2,96.1,92.9,91.6
"רמב""ם",99,2022-05-11T00:00:00.000Z,99.2,96.3,94.6,87,91.8
שמיר,94.2,2022-05-11T00:00:00.000Z,88.9,95,82.4,73.5,74.1
מאיר,72.5,2022-05-11T00:00:00.000Z,74.9,76.1,78.9,81.8,79.4
שיבא,99.2,2022-05-11T00:00:00.000Z,108.1,87.9,105,105.8,96.3
סורוקה,74.4,2022-05-11T00:00:00.000Z,65.3,72.1,78.7,74.3,72.3
הדסה עין כרם,118.4,2022-05-11T00:00:00.000Z,118.3,122.6,92.2,90.7,96.5
איכילוב,91,2022-05-11T00:00:00.000Z,88,87.6,125.8,121,121
בני ציון,87.6,2022-05-11T00:00:00.000Z,93.6,100.8,87.8,85,84.8
הלל יפה,88.4,2022-05-11T00:00:00.000Z,106.8,97.7,97.1,87.5,91.5
קפלן,84.7,2022-05-11T00:00:00.000Z,92.5,93.2,79.7,81.9,80.2
הדסה הר הצופים,80.6,2022-05-11T00:00:00.000Z,81,71.4,87.5,82.7,65.8
המרכזי בעמק,95.5,2022-05-11T00:00:00.000Z,93.5,95.4,75.9,72.8,80.5
הכרמל,60.4,2022-05-11T00:00:00.000Z,66.2,73.2,81,78.4,76.8
לניאדו,79.5,2022-05-11T00:00:00.000Z,97.1,114.8,95.3,95.5,101
יוספטל,87.5,2022-05-11T00:00:00.000Z,50.9,58.9,70.8,48.6,50.5
שמואל הרופא,77.8,2022-05-11T00:00:00.000Z,84.1,96.8,75.4,77.9,85.3
אסותא אשדוד,137.3,2022-05-11T00:00:00.000Z,118.6,175.3,150.5,116,146.1
כלל המוסדות,89.6,2022-05-11T00:00:00.000Z,91.3,91,88.8,83.5,85.1
ברזילי,85.4,2022-05-12T00:00:00.000Z,97.5,79.5,76.2,82.3,80.5
רבין ק. השרון,69.3,2022-05-12T00:00:00.000Z,70.1,71.7,68.5,68.6,67.4
כלל המוסדות,84.4,2022-05-12T00:00:00.000Z,91.7,91.8,84.2,85.3,85.6
נהריה,88.9,2022-05-12T00:00:00.000Z,100.6,97.3,84.5,86.8,85.3
זיו צפת,82.8,2022-05-12T00:00:00.000Z,101.6,88.8,72.6,75.7,84.4
פוריה,74.4,2022-05-12T00:00:00.000Z,72.7,67.9,69,76.3,70.9
וולפסון,66,2022-05-12T00:00:00.000Z,77.7,90.7,66.6,73.1,80.8
רבין ק. בילינסון,103.5,2022-05-12T00:00:00.000Z,118.9,106.5,89.6,93.6,91.3
"רמב""ם",99,2022-05-12T00:00:00.000Z,99.1,97.5,88.9,88.3,92.4
שמיר,85.7,2022-05-12T00:00:00.000Z,89.7,94.5,72.8,75.1,74.3
מאיר,56.5,2022-05-12T00:00:00.000Z,74.2,77.1,76.3,81.1,79.9
שיבא,89.5,2022-05-12T00:00:00.000Z,106.3,89.2,100.3,105.7,97.7
סורוקה,59.3,2022-05-12T00:00:00.000Z,67.3,70.2,71.1,75.1,71.6
הדסה עין כרם,114.6,2022-05-12T00:00:00.000Z,118.6,121.1,89.3,90.9,96.4
איכילוב,84.3,2022-05-12T00:00:00.000Z,88.4,87,120,121.9,120.6
בני ציון,82.6,2022-05-12T00:00:00.000Z,92.3,99.6,85.5,85.4,85
הלל יפה,87.7,2022-05-12T00:00:00.000Z,104.2,97.4,86.2,89.6,89
קפלן,90.7,2022-05-12T00:00:00.000Z,91,93.2,84.8,81.2,79.9
הדסה הר הצופים,86.1,2022-05-12T00:00:00.000Z,81.3,73.4,84.4,83.6,67.2
המרכזי בעמק,92.3,2022-05-12T00:00:00.000Z,93.8,95.9,71.7,73.4,80.2
הכרמל,56.6,2022-05-12T00:00:00.000Z,65,73,73,78.8,76.7
לניאדו,80.8,2022-05-12T00:00:00.000Z,94.3,113,88.9,95.8,100.9
יוספטל,68.8,2022-05-12T00:00:00.000Z,58,60.7,60,52.7,53
שמואל הרופא,86.1,2022-05-12T00:00:00.000Z,82.9,96.8,76.2,77.5,85.3
אסותא אשדוד,144.1,2022-05-12T00:00:00.000Z,122.3,171.2,149.8,122.5,145.8
ברזילי,88,2022-05-13T00:00:00.000Z,95.5,76.4,67.2,81.2,74.9
כלל המוסדות,84.8,2022-05-13T00:00:00.000Z,90.3,91.3,76.7,85.7,86.5
רבין ק. השרון,64.9,2022-05-13T00:00:00.000Z,69.2,68,59.8,69,64.3
נהריה,92.1,2022-05-13T00:00:00.000Z,98.5,96.1,75.6,86.6,85
זיו צפת,93.8,2022-05-13T00:00:00.000Z,98,87.9,62.2,75.9,83.2
פוריה,79.5,2022-05-13T00:00:00.000Z,73.1,67.9,65.6,75.3,69.8
וולפסון,65.6,2022-05-13T00:00:00.000Z,75.1,89.5,55.9,72.1,79.9
רבין ק. בילינסון,99.6,2022-05-13T00:00:00.000Z,116.6,104.7,84.1,93.3,90
"רמב""ם",95.5,2022-05-13T00:00:00.000Z,99.1,97.1,78.8,88.9,92.5
שמיר,88,2022-05-13T00:00:00.000Z,89.3,92.7,66.4,75.3,73.5
מאיר,51.5,2022-05-13T00:00:00.000Z,71.2,77.1,74,80.1,79.3
שיבא,83.3,2022-05-13T00:00:00.000Z,103.2,88.3,91.8,104.9,98.4
סורוקה,62.4,2022-05-13T00:00:00.000Z,67.2,66.7,69.1,74.9,69.7
הדסה עין כרם,117.5,2022-05-13T00:00:00.000Z,118.3,117.8,85.4,90.8,95.6
איכילוב,83,2022-05-13T00:00:00.000Z,87.9,86,99.1,122,120.3
בני ציון,81.8,2022-05-13T00:00:00.000Z,90.3,98.3,76.7,85.5,85.2
הלל יפה,89,2022-05-13T00:00:00.000Z,101.5,95.5,76.3,90,85.8
קפלן,100.7,2022-05-13T00:00:00.000Z,90.5,89.9,92.2,81.3,77.7
הדסה הר הצופים,83.3,2022-05-13T00:00:00.000Z,82.5,75.8,76.4,84.1,67.9
המרכזי בעמק,95.5,2022-05-13T00:00:00.000Z,93.7,95.2,70.2,73.5,79.2
הכרמל,59.4,2022-05-13T00:00:00.000Z,63.2,72.5,65.4,78.1,76.1
לניאדו,79.5,2022-05-13T00:00:00.000Z,91.8,111.4,71.3,95.2,98
יוספטל,87.5,2022-05-13T00:00:00.000Z,62.5,58.9,50.8,55.4,52.7
שמואל הרופא,83.3,2022-05-13T00:00:00.000Z,82.9,97.2,76.8,77.2,85.4
אסותא אשדוד,142.4,2022-05-13T00:00:00.000Z,126.9,166.3,124.6,129,145.8
ברזילי,98.4,2022-05-14T00:00:00.000Z,93.9,73.4,70.5,78.8,68.7
רבין ק. השרון,64,2022-05-14T00:00:00.000Z,67.7,63.8,60.2,68.1,60.5
נהריה,107.9,2022-05-14T00:00:00.000Z,96.8,93.6,84.4,85.2,83.7
זיו צפת,101.6,2022-05-14T00:00:00.000Z,96,86.6,67.1,74.6,80.4
פוריה,88.5,2022-05-14T00:00:00.000Z,74.2,67,73.5,73.8,68.1
וולפסון,70.5,2022-05-14T00:00:00.000Z,72.4,87.1,61.5,69.6,77.6
רבין ק. בילינסון,109.3,2022-05-14T00:00:00.000Z,113.8,101.8,90.5,92.3,87.5
"רמב""ם",105.6,2022-05-14T00:00:00.000Z,98.5,94.7,84.9,87.9,91.6
שמיר,90,2022-05-14T00:00:00.000Z,89.2,89.3,68.5,74.6,71.8
מאיר,62,2022-05-14T00:00:00.000Z,67.5,74.9,82.6,78.8,77.7
שיבא,89.5,2022-05-14T00:00:00.000Z,99.1,86.8,98.5,103,98.5
סורוקה,66.3,2022-05-14T00:00:00.000Z,67.4,62,71.4,74.4,67.2
הדסה עין כרם,125.2,2022-05-14T00:00:00.000Z,118.4,114.1,87.7,90.1,94.3
איכילוב,85,2022-05-14T00:00:00.000Z,87.2,84,98.6,119.2,118.7
בני ציון,88.4,2022-05-14T00:00:00.000Z,88.2,96.8,83.4,84.4,84.2
הלל יפה,97.9,2022-05-14T00:00:00.000Z,98.9,93.6,84.9,89.1,81.8
קפלן,110.7,2022-05-14T00:00:00.000Z,91.3,84.8,101.2,82.4,74.2
הדסה הר הצופים,91.7,2022-05-14T00:00:00.000Z,83.3,76.6,77.1,83.5,68.7
המרכזי בעמק,106.5,2022-05-14T00:00:00.000Z,94.1,93.3,78.3,73.4,77.1
כלל המוסדות,91.5,2022-05-14T00:00:00.000Z,89.3,88.7,81.4,84.6,85.7
הכרמל,57.5,2022-05-14T00:00:00.000Z,61.9,71.4,69.3,76.2,74.4
לניאדו,94.9,2022-05-14T00:00:00.000Z,89,108.2,85,92,96
יוספטל,87.5,2022-05-14T00:00:00.000Z,69.6,58,53.8,56.7,54.1
שמואל הרופא,86.1,2022-05-14T00:00:00.000Z,82.5,95.2,77.4,77,84.9
אסותא אשדוד,130.5,2022-05-14T00:00:00.000Z,131.2,160.5,114.7,131.8,144
ברזילי,95.3,2022-05-15T00:00:00.000Z,93.8,69.6,75.5,76.9,61.8
רבין ק. השרון,60.5,2022-05-15T00:00:00.000Z,66,59.1,65.6,67.3,55.3
כלל המוסדות,93.1,2022-05-15T00:00:00.000Z,89.4,85.6,88.7,84.3,82.8
נהריה,112.1,2022-05-15T00:00:00.000Z,97.4,92,86.4,85,81.5
זיו צפת,107.8,2022-05-15T00:00:00.000Z,95.1,85,72.3,74,76.1
פוריה,84.6,2022-05-15T00:00:00.000Z,76.6,66.7,74.1,73.5,65.9
וולפסון,78.3,2022-05-15T00:00:00.000Z,70.4,83.1,73.4,67.8,74.2
רבין ק. בילינסון,117.2,2022-05-15T00:00:00.000Z,112.3,97.6,97.3,92.2,84.2
"רמב""ם",103,2022-05-15T00:00:00.000Z,99.4,92.7,89.1,87.9,89.3
שמיר,90.7,2022-05-15T00:00:00.000Z,89.5,85.5,73.3,74.2,68.9
מאיר,63,2022-05-15T00:00:00.000Z,65.3,72.9,83.7,78.6,75.2
שיבא,95.4,2022-05-15T00:00:00.000Z,95.9,85.8,100.8,101.9,97.6
סורוקה,75.2,2022-05-15T00:00:00.000Z,68.3,57.8,82.5,74.2,64.6
הדסה עין כרם,124.3,2022-05-15T00:00:00.000Z,119.7,110.7,93,89.7,91.4
איכילוב,94.3,2022-05-15T00:00:00.000Z,86.8,81.6,125.4,116.2,114.7
בני ציון,93.4,2022-05-15T00:00:00.000Z,87,93.3,84.8,84.3,81.7
הלל יפה,102.7,2022-05-15T00:00:00.000Z,97.7,91.5,86.6,89.4,76.8
קפלן,91.3,2022-05-15T00:00:00.000Z,93.6,79.2,90.3,84.8,70.1
הדסה הר הצופים,91.7,2022-05-15T00:00:00.000Z,85.3,77.4,81.3,82.9,68.1
המרכזי בעמק,109.7,2022-05-15T00:00:00.000Z,96,91,75.9,74.4,73.9
הכרמל,77.4,2022-05-15T00:00:00.000Z,60.2,69.5,77.3,74.9,71.6
לניאדו,83.3,2022-05-15T00:00:00.000Z,88.5,106,105.6,90.8,91.1
יוספטל,87.5,2022-05-15T00:00:00.000Z,76.8,58.9,53.8,58.5,53.4
שמואל הרופא,88.9,2022-05-15T00:00:00.000Z,82.5,93.3,78.9,76.9,84.4
אסותא אשדוד,123.7,2022-05-15T00:00:00.000Z,133.9,152.3,108.9,133.2,140.3
