Day_Date,vaccinated,vaccinated_cum,vaccinated_population_perc,vaccinated_seconde_dose,vaccinated_seconde_dose_cum,vaccinated_seconde_dose_population_perc
2020-12-19T00:00:00.000Z,43,61,0,0,0,0
2020-12-20T00:00:00.000Z,7375,7436,0.08,0,0,0
2020-12-21T00:00:00.000Z,24882,32318,0.35,0,0,0
2020-12-22T00:00:00.000Z,44621,76939,0.83,0,0,0
2020-12-23T00:00:00.000Z,62839,139778,1.5,0,0,0
2020-12-24T00:00:00.000Z,73318,213096,2.29,0,0,0
2020-12-25T00:00:00.000Z,38444,251540,2.7,0,0,0
2020-12-26T00:00:00.000Z,32564,284104,3.06,0,0,0
2020-12-27T00:00:00.000Z,104357,388461,4.18,0,0,0
2020-12-28T00:00:00.000Z,134789,523250,5.63,0,0,0
2020-12-29T00:00:00.000Z,155919,679169,7.3,0,0,0
2020-12-30T00:00:00.000Z,152690,831859,8.95,0,0,0
2020-12-31T00:00:00.000Z,158130,989989,10.65,0,0,0
2021-01-01T00:00:00.000Z,71217,1061206,11.41,0,0,0
2021-01-02T00:00:00.000Z,71608,1132814,12.18,0,0,0
2021-01-03T00:00:00.000Z,149379,1282193,13.79,0,0,0
2021-01-04T00:00:00.000Z,151795,1433988,15.42,2,2,0
2021-01-05T00:00:00.000Z,124817,1558805,16.76,0,2,0
2021-01-06T00:00:00.000Z,103031,1661836,17.87,0,2,0
2021-01-07T00:00:00.000Z,115781,1777617,19.12,3,5,0
2021-01-08T00:00:00.000Z,66269,1843886,19.83,3,8,0
2021-01-09T00:00:00.000Z,44447,1888333,20.31,22,30,0
2021-01-10T00:00:00.000Z,37519,1925852,20.71,5988,6018,0.06
2021-01-11T00:00:00.000Z,21008,1946860,20.94,19235,25253,0.27
2021-01-12T00:00:00.000Z,23861,1970721,21.19,35637,60890,0.65
2021-01-13T00:00:00.000Z,51897,2022618,21.75,56805,117695,1.27
2021-01-14T00:00:00.000Z,56284,2078902,22.36,68735,186430,2
2021-01-15T00:00:00.000Z,30602,2109504,22.68,35872,222302,2.39
2021-01-16T00:00:00.000Z,29359,2138863,23,25969,248271,2.67
2021-01-17T00:00:00.000Z,68241,2207104,23.73,84430,332701,3.58
2021-01-18T00:00:00.000Z,69500,2276604,24.48,120198,452899,4.87
2021-01-19T00:00:00.000Z,72569,2349173,25.26,137504,590403,6.35
2021-01-20T00:00:00.000Z,76526,2425699,26.08,143370,733773,7.89
2021-01-21T00:00:00.000Z,69577,2495276,26.83,163911,897684,9.65
2021-01-22T00:00:00.000Z,37707,2532983,27.24,70904,968588,10.42
2021-01-23T00:00:00.000Z,39842,2572825,27.67,53470,1022058,10.99
2021-01-24T00:00:00.000Z,68921,2641746,28.41,140311,1162369,12.5
2021-01-25T00:00:00.000Z,80727,2722473,29.28,139152,1301521,14
2021-01-26T00:00:00.000Z,78475,2800948,30.12,126022,1427543,15.35
2021-01-27T00:00:00.000Z,77685,2878633,30.96,124690,1552233,16.69
2021-01-28T00:00:00.000Z,79395,2958028,31.81,130260,1682493,18.09
2021-01-29T00:00:00.000Z,36519,2994547,32.2,64598,1747091,18.79
2021-01-30T00:00:00.000Z,34279,3028826,32.57,42659,1789750,19.25
2021-01-31T00:00:00.000Z,73163,3101989,33.36,59324,1849074,19.88
2021-02-01T00:00:00.000Z,82259,3184248,34.24,35201,1884275,20.26
2021-02-02T00:00:00.000Z,69852,3254100,34.99,30913,1915188,20.59
2021-02-03T00:00:00.000Z,60056,3314156,35.64,51256,1966444,21.15
2021-02-04T00:00:00.000Z,72373,3386529,36.42,57902,2024346,21.77
2021-02-05T00:00:00.000Z,33766,3420295,36.78,28648,2052994,22.08
2021-02-06T00:00:00.000Z,21528,3441823,37.01,22135,2075129,22.31
2021-02-07T00:00:00.000Z,53933,3495756,37.59,68527,2143656,23.05
2021-02-08T00:00:00.000Z,58468,3554224,38.22,65193,2208849,23.75
2021-02-09T00:00:00.000Z,66105,3620329,38.93,67259,2276108,24.48
2021-02-10T00:00:00.000Z,70312,3690641,39.69,71926,2348034,25.25
2021-02-11T00:00:00.000Z,80877,3771518,40.56,71513,2419547,26.02
2021-02-12T00:00:00.000Z,38925,3810443,40.98,37400,2456947,26.42
2021-02-13T00:00:00.000Z,27385,3837828,41.27,30340,2487287,26.75
2021-02-14T00:00:00.000Z,74715,3912543,42.07,68845,2556132,27.49
2021-02-15T00:00:00.000Z,81316,3993859,42.95,75475,2631607,28.3
2021-02-16T00:00:00.000Z,83313,4077172,43.84,78014,2709621,29.14
2021-02-17T00:00:00.000Z,61787,4138959,44.51,75322,2784943,29.95
2021-02-18T00:00:00.000Z,68965,4207924,45.25,79474,2864417,30.8
2021-02-19T00:00:00.000Z,39561,4247485,45.68,37981,2902398,31.21
2021-02-20T00:00:00.000Z,31584,4279069,46.02,28637,2931035,31.52
2021-02-21T00:00:00.000Z,79311,4358380,46.87,78321,3009356,32.36
2021-02-22T00:00:00.000Z,84874,4443254,47.78,80329,3089685,33.22
2021-02-23T00:00:00.000Z,77199,4520453,48.61,70202,3159887,33.98
2021-02-24T00:00:00.000Z,60869,4581322,49.27,62844,3222731,34.66
2021-02-25T00:00:00.000Z,51495,4632817,49.82,64528,3287259,35.35
2021-02-26T00:00:00.000Z,25799,4658616,50.1,31879,3319138,35.69
2021-02-27T00:00:00.000Z,18261,4676877,50.29,21120,3340258,35.92
2021-02-28T00:00:00.000Z,40330,4717207,50.73,55679,3395937,36.52
2021-03-01T00:00:00.000Z,45558,4762765,51.22,61254,3457191,37.18
2021-03-02T00:00:00.000Z,41031,4803796,51.66,64503,3521694,37.87
2021-03-03T00:00:00.000Z,42034,4845830,52.11,66522,3588216,38.59
2021-03-04T00:00:00.000Z,39528,4885358,52.53,78823,3667039,39.43
2021-03-05T00:00:00.000Z,17200,4902558,52.72,40306,3707345,39.87
2021-03-06T00:00:00.000Z,10688,4913246,52.83,25271,3732616,40.14
2021-03-07T00:00:00.000Z,30997,4944243,53.17,72656,3805272,40.92
2021-03-08T00:00:00.000Z,27339,4971582,53.46,72966,3878238,41.7
2021-03-09T00:00:00.000Z,26618,4998200,53.75,76453,3954691,42.53
2021-03-10T00:00:00.000Z,23110,5021310,54,58493,4013184,43.16
2021-03-11T00:00:00.000Z,23109,5044419,54.25,68850,4082034,43.9
2021-03-12T00:00:00.000Z,11113,5055532,54.36,41279,4123313,44.34
2021-03-13T00:00:00.000Z,7910,5063442,54.45,25175,4148488,44.61
2021-03-14T00:00:00.000Z,20910,5084352,54.67,73801,4222289,45.4
2021-03-15T00:00:00.000Z,19974,5104326,54.89,78000,4300289,46.24
2021-03-16T00:00:00.000Z,18592,5122918,55.09,71334,4371623,47.01
2021-03-17T00:00:00.000Z,17563,5140481,55.28,58811,4430434,47.64
2021-03-18T00:00:00.000Z,15946,5156427,55.45,57948,4488382,48.27
2021-03-19T00:00:00.000Z,6753,5163180,55.52,27852,4516234,48.57
2021-03-20T00:00:00.000Z,5119,5168299,55.58,15224,4531458,48.73
2021-03-21T00:00:00.000Z,13010,5181309,55.72,40342,4571800,49.16
2021-03-22T00:00:00.000Z,13266,5194575,55.86,40344,4612144,49.6
2021-03-23T00:00:00.000Z,2599,5197174,55.89,7146,4619290,49.67
2021-03-24T00:00:00.000Z,10722,5207896,56,46298,4665588,50.17
2021-03-25T00:00:00.000Z,9974,5217870,56.11,35210,4700798,50.55
2021-03-26T00:00:00.000Z,3993,5221863,56.15,13206,4714004,50.69
2021-03-27T00:00:00.000Z,1711,5223574,56.17,4190,4718194,50.74
2021-03-28T00:00:00.000Z,2031,5225605,56.19,4546,4722740,50.79
2021-03-29T00:00:00.000Z,6728,5232333,56.27,29805,4752545,51.11
2021-03-30T00:00:00.000Z,7633,5239966,56.35,22203,4774748,51.35
2021-03-31T00:00:00.000Z,7945,5247911,56.43,19241,4793989,51.55
2021-04-01T00:00:00.000Z,7959,5255870,56.52,18435,4812424,51.75
2021-04-02T00:00:00.000Z,2765,5258635,56.55,7957,4820381,51.84
2021-04-03T00:00:00.000Z,1335,5259970,56.56,2874,4823255,51.87
2021-04-04T00:00:00.000Z,9522,5269492,56.67,22700,4845955,52.11
2021-04-05T00:00:00.000Z,10115,5279607,56.77,21030,4866985,52.34
2021-04-06T00:00:00.000Z,8712,5288319,56.87,16505,4883490,52.51
2021-04-07T00:00:00.000Z,8685,5297004,56.96,15038,4898528,52.68
2021-04-08T00:00:00.000Z,9189,5306193,57.06,16682,4915210,52.86
2021-04-09T00:00:00.000Z,3358,5309551,57.1,6036,4921246,52.92
2021-04-10T00:00:00.000Z,1486,5311037,57.11,3426,4924672,52.96
2021-04-11T00:00:00.000Z,8910,5319947,57.21,14039,4938711,53.11
2021-04-12T00:00:00.000Z,8662,5328609,57.3,12959,4951670,53.25
2021-04-13T00:00:00.000Z,5500,5334109,57.36,4764,4956434,53.3
2021-04-14T00:00:00.000Z,3373,5337482,57.4,5100,4961534,53.35
2021-04-15T00:00:00.000Z,416,5337898,57.4,406,4961940,53.36
2021-04-16T00:00:00.000Z,3176,5341074,57.44,6446,4968386,53.43
2021-04-17T00:00:00.000Z,740,5341814,57.44,1887,4970273,53.45
2021-04-18T00:00:00.000Z,6951,5348765,57.52,7343,4977616,53.53
2021-04-19T00:00:00.000Z,6179,5354944,57.58,6953,4984569,53.6
2021-04-20T00:00:00.000Z,6033,5360977,57.65,6670,4991239,53.67
2021-04-21T00:00:00.000Z,6103,5367080,57.71,6881,4998120,53.75
2021-04-22T00:00:00.000Z,5707,5372787,57.78,7450,5005570,53.83
2021-04-23T00:00:00.000Z,2554,5375341,57.8,3215,5008785,53.86
2021-04-24T00:00:00.000Z,676,5376017,57.81,1210,5009995,53.87
2021-04-25T00:00:00.000Z,4714,5380731,57.86,6810,5016805,53.95
2021-04-26T00:00:00.000Z,5118,5385849,57.92,7662,5024467,54.03
2021-04-27T00:00:00.000Z,4313,5390162,57.96,6435,5030902,54.1
2021-04-28T00:00:00.000Z,4268,5394430,58.01,7077,5037979,54.18
2021-04-29T00:00:00.000Z,4135,5398565,58.05,7065,5045044,54.25
2021-04-30T00:00:00.000Z,1736,5400301,58.07,2978,5048022,54.28
2021-05-01T00:00:00.000Z,370,5400671,58.08,816,5048838,54.29
2021-05-02T00:00:00.000Z,3160,5403831,58.11,5925,5054763,54.36
2021-05-03T00:00:00.000Z,3383,5407214,58.15,5563,5060326,54.42
2021-05-04T00:00:00.000Z,257,5407471,58.15,396,5060722,54.42
