instituteDesc,occupancy,occupancyDate,occupancyAvg,occupancyAvgLastYear,gOccupancy,gOccupancyAvg,gOccupancyAvgLastYear
Ziv Hospital,71.9,2022-01-20T00:00:00.000Z,,,75.2,,
Rambam,72.7,2022-01-20T00:00:00.000Z,,,80.7,,
Nahariya,76.3,2022-01-20T00:00:00.000Z,,,81.4,,
Laniado,69.2,2022-01-20T00:00:00.000Z,,,111.1,,
Hacarmel Hospital,55.7,2022-01-20T00:00:00.000Z,,,84.5,,
Haemek Valley Center Hospital,56.1,2022-01-20T00:00:00.000Z,,,58.5,,
Bnei Ziom Medical Center,58.7,2022-01-20T00:00:00.000Z,,,77.6,,
Soroka Medical Center,42.2,2022-01-20T00:00:00.000Z,,,65.6,,
Hadassah Mount Scopus,33.3,2022-01-20T00:00:00.000Z,,,64.6,,
Tel Aviv Medical Center,62.3,2022-01-20T00:00:00.000Z,,,124.6,,
Mayanei Hayeshua,107.1,2022-01-20T00:00:00.000Z,,,119.9,,
All Facilities,63.8,2022-01-20T00:00:00.000Z,,,83.3,,
Yosephtal Hospital,112.5,2022-01-20T00:00:00.000Z,,,81.5,,
Assaf Harofeh Medical Center,68,2022-01-20T00:00:00.000Z,,,73.1,,
Hillel Yaffeh Medical Center,67.8,2022-01-20T00:00:00.000Z,,,73.4,,
Poriah Hospital,44.9,2022-01-20T00:00:00.000Z,,,66.2,,
Shmuel Harofe,5.6,2022-01-20T00:00:00.000Z,,,71.3,,
Hadassah Ein Kerem,89.3,2022-01-20T00:00:00.000Z,,,84.3,,
Shaare Zedek,62.7,2022-01-20T00:00:00.000Z,,,100.9,,
Barzilai Medical Center,70.3,2022-01-20T00:00:00.000Z,,,76.5,,
Rabin K. Hasharon,53.5,2022-01-20T00:00:00.000Z,,,52.3,,
Kaplan Hospital,52.7,2022-01-20T00:00:00.000Z,,,77.9,,
Woolfson Medical Center,44.7,2022-01-20T00:00:00.000Z,,,71.6,,
Chaim Sheba Medical Center,84.9,2022-01-20T00:00:00.000Z,,,96.4,,
Meir Hospital,49.5,2022-01-20T00:00:00.000Z,,,82.8,,
Assuta Ashdod,111.9,2022-01-20T00:00:00.000Z,,,136.2,,
Rabin K. Beilinson,67,2022-01-20T00:00:00.000Z,,,85.3,,
Ziv Hospital,71.9,2022-01-21T00:00:00.000Z,71.9,75,60.8,75.2,71.5
Rambam,74.2,2022-01-21T00:00:00.000Z,72.7,72.7,76.6,80.7,93.1
Nahariya,82.6,2022-01-21T00:00:00.000Z,76.3,73.7,76.3,81.4,80.8
Laniado,76.9,2022-01-21T00:00:00.000Z,69.2,75.6,100.8,111.1,90.5
Hacarmel Hospital,50,2022-01-21T00:00:00.000Z,55.7,61.3,71.4,84.5,83.8
Haemek Valley Center Hospital,61.3,2022-01-21T00:00:00.000Z,56.1,62.6,55.9,58.5,74
Bnei Ziom Medical Center,53.7,2022-01-21T00:00:00.000Z,58.7,52.9,64.9,77.6,80.6
Soroka Medical Center,46.5,2022-01-21T00:00:00.000Z,42.2,56.6,63.9,65.6,72.9
Hadassah Mount Scopus,30.6,2022-01-21T00:00:00.000Z,33.3,69.4,62.8,64.6,69.8
Tel Aviv Medical Center,56.3,2022-01-21T00:00:00.000Z,62.3,58,114.3,124.6,133.4
Mayanei Hayeshua,85.7,2022-01-21T00:00:00.000Z,107.1,75,103.8,119.9,113.9
All Facilities,64.3,2022-01-21T00:00:00.000Z,63.8,64.2,77.7,83.3,87.1
Yosephtal Hospital,112.5,2022-01-21T00:00:00.000Z,112.5,137.5,70.8,81.5,90.8
Assaf Harofeh Medical Center,68,2022-01-21T00:00:00.000Z,68,63.7,68,73.1,70.9
Hillel Yaffeh Medical Center,72.6,2022-01-21T00:00:00.000Z,67.8,66.4,74,73.4,89.9
Poriah Hospital,51.3,2022-01-21T00:00:00.000Z,44.9,35.9,63.1,66.2,67.6
Shmuel Harofe,5.6,2022-01-21T00:00:00.000Z,5.6,63.9,68.6,71.3,73.6
Hadassah Ein Kerem,92.2,2022-01-21T00:00:00.000Z,89.3,56.3,75,84.3,82.5
Shaare Zedek,63.3,2022-01-21T00:00:00.000Z,62.7,62,92.1,100.9,105.1
Barzilai Medical Center,68.8,2022-01-21T00:00:00.000Z,70.3,70.3,72.4,76.5,81.5
Rabin K. Hasharon,50,2022-01-21T00:00:00.000Z,53.5,45.6,41.1,52.3,63.5
Kaplan Hospital,57.3,2022-01-21T00:00:00.000Z,52.7,37.3,74.6,77.9,81.9
Woolfson Medical Center,47.5,2022-01-21T00:00:00.000Z,44.7,56.6,64.7,71.6,71.2
Chaim Sheba Medical Center,85.4,2022-01-21T00:00:00.000Z,84.9,64.4,97.7,96.4,95.5
Meir Hospital,54.5,2022-01-21T00:00:00.000Z,49.5,46.5,78.3,82.8,84.1
Assuta Ashdod,98.3,2022-01-21T00:00:00.000Z,111.9,169.5,111.9,136.2,139.6
Rabin K. Beilinson,64.8,2022-01-21T00:00:00.000Z,67,64.8,81.5,85.3,86.8
Ziv Hospital,89.1,2022-01-22T00:00:00.000Z,71.9,81.3,68.6,68,71.2
Rambam,72.2,2022-01-22T00:00:00.000Z,73.5,67.2,77.7,78.7,90.5
Nahariya,90.5,2022-01-22T00:00:00.000Z,79.5,74.2,84.1,78.8,79
Laniado,93.6,2022-01-22T00:00:00.000Z,73.1,73.1,108.4,106,91.5
Hacarmel Hospital,54.7,2022-01-22T00:00:00.000Z,52.8,60.4,77.1,77.9,84.2
Haemek Valley Center Hospital,72.9,2022-01-22T00:00:00.000Z,58.7,60.3,64.2,57.2,70
Shaare Zedek,67.3,2022-01-22T00:00:00.000Z,63,60.7,96.5,96.5,102.1
Bnei Ziom Medical Center,58.7,2022-01-22T00:00:00.000Z,56.2,54.5,73.2,71.2,80.4
Woolfson Medical Center,54.1,2022-01-22T00:00:00.000Z,46.1,54.5,66.9,68.2,68.3
Tel Aviv Medical Center,60.3,2022-01-22T00:00:00.000Z,59.3,60.5,120.8,119.4,129.2
Mayanei Hayeshua,80.4,2022-01-22T00:00:00.000Z,96.4,76.8,98.7,111.9,113.8
All Facilities,68.5,2022-01-22T00:00:00.000Z,64.1,63.6,80.9,80.5,85
Yosephtal Hospital,125,2022-01-22T00:00:00.000Z,112.5,131.3,83.1,76.2,86.9
Assaf Harofeh Medical Center,72.6,2022-01-22T00:00:00.000Z,68,65.4,74,70.5,69.4
Hillel Yaffeh Medical Center,77.4,2022-01-22T00:00:00.000Z,70.2,64,76.3,73.7,86.1
Poriah Hospital,62.8,2022-01-22T00:00:00.000Z,48.1,37.8,66.8,64.6,65.9
Shmuel Harofe,5.6,2022-01-22T00:00:00.000Z,5.6,62.5,70.4,69.9,72.9
Hadassah Ein Kerem,101,2022-01-22T00:00:00.000Z,90.8,54.9,80.2,79.6,81.9
Barzilai Medical Center,74.5,2022-01-22T00:00:00.000Z,69.5,67.7,78.5,74.4,76.3
Rabin K. Hasharon,53.5,2022-01-22T00:00:00.000Z,51.8,46.5,47.3,46.7,61.6
Soroka Medical Center,55.8,2022-01-22T00:00:00.000Z,44.4,53.7,72,64.7,70.5
Kaplan Hospital,61.3,2022-01-22T00:00:00.000Z,55,36.3,84.1,76.2,78.5
Hadassah Mount Scopus,36.1,2022-01-22T00:00:00.000Z,31.9,76.4,72.9,63.7,68.8
Meir Hospital,54,2022-01-22T00:00:00.000Z,52,47.8,84.4,80.5,81.2
Assuta Ashdod,96.6,2022-01-22T00:00:00.000Z,105.1,166.1,110.6,124.1,139.1
Rabin K. Beilinson,73.1,2022-01-22T00:00:00.000Z,65.9,64.5,88.2,83.4,82.3
Ziv Hospital,110.9,2022-01-23T00:00:00.000Z,77.6,82.8,82.7,68.2,69
Rambam,75.3,2022-01-23T00:00:00.000Z,73.1,67.2,87.6,78.3,88.5
Nahariya,82.6,2022-01-23T00:00:00.000Z,83.2,73.9,88.2,80.6,78.2
Laniado,94.9,2022-01-23T00:00:00.000Z,79.9,74.4,119.5,106.8,84.8
Hacarmel Hospital,57.5,2022-01-23T00:00:00.000Z,53.5,59.7,81,77.6,81.5
Haemek Valley Center Hospital,79.4,2022-01-23T00:00:00.000Z,63.4,60.2,71.2,59.5,68.8
Shaare Zedek,70,2022-01-23T00:00:00.000Z,64.4,62,107.5,96.5,97
Bnei Ziom Medical Center,64.5,2022-01-23T00:00:00.000Z,57,54.8,76.4,71.9,80.6
Kaplan Hospital,66.7,2022-01-23T00:00:00.000Z,57.1,36.7,87.5,78.9,75.5
Woolfson Medical Center,49.6,2022-01-23T00:00:00.000Z,48.8,53.4,72.9,67.7,65.9
Tel Aviv Medical Center,61.7,2022-01-23T00:00:00.000Z,59.7,60.4,132.8,119.9,123.6
Mayanei Hayeshua,87.5,2022-01-23T00:00:00.000Z,91.1,71.4,109.8,107.5,111.1
All Facilities,71.9,2022-01-23T00:00:00.000Z,65.5,63.4,88.4,80.7,82.5
Yosephtal Hospital,75,2022-01-23T00:00:00.000Z,116.7,129.2,64.6,78.5,81
Assaf Harofeh Medical Center,75.7,2022-01-23T00:00:00.000Z,69.5,66.5,79.5,71.7,66.4
Hillel Yaffeh Medical Center,82.2,2022-01-23T00:00:00.000Z,72.6,65.5,78.3,74.6,83.4
Poriah Hospital,59,2022-01-23T00:00:00.000Z,53,41.9,79.4,65.4,65
Shmuel Harofe,5.6,2022-01-23T00:00:00.000Z,5.6,63,74.2,70.1,72.2
Hadassah Ein Kerem,92.2,2022-01-23T00:00:00.000Z,94.2,54.4,81,79.8,81.5
Barzilai Medical Center,78.1,2022-01-23T00:00:00.000Z,71.2,67.9,81.1,75.8,73.7
Rabin K. Hasharon,42.1,2022-01-23T00:00:00.000Z,52.3,47.1,51.9,46.9,58.2
Soroka Medical Center,68.2,2022-01-23T00:00:00.000Z,48.2,54.3,75.3,67.1,68.5
Hadassah Mount Scopus,38.9,2022-01-23T00:00:00.000Z,33.3,81.5,73.3,66.8,66.4
Chaim Sheba Medical Center,87.4,2022-01-23T00:00:00.000Z,85.1,61.5,101.2,97,94.1
Meir Hospital,58.5,2022-01-23T00:00:00.000Z,52.7,47.5,92,81.8,79.5
Assuta Ashdod,111.9,2022-01-23T00:00:00.000Z,102.3,159.3,124.9,119.6,131.9
Rabin K. Beilinson,77.1,2022-01-23T00:00:00.000Z,68.3,63.9,93.3,85,80.2
Ziv Hospital,103.1,2022-01-24T00:00:00.000Z,85.9,85.5,83,71.8,70.6
Rambam,71.2,2022-01-24T00:00:00.000Z,73.6,68.3,88.5,80.6,88.2
Nahariya,71.1,2022-01-24T00:00:00.000Z,83,74.6,86.8,82.5,79.2
Laniado,85.9,2022-01-24T00:00:00.000Z,83.7,77.2,106.7,110,83
Hacarmel Hospital,53.8,2022-01-24T00:00:00.000Z,54.5,59.4,85.3,78.5,80.4
Haemek Valley Center Hospital,86.5,2022-01-24T00:00:00.000Z,67.4,60.3,75.1,62.4,69.1
Shaare Zedek,66,2022-01-24T00:00:00.000Z,65.8,63,111.7,99.2,95.1
Bnei Ziom Medical Center,59.5,2022-01-24T00:00:00.000Z,58.9,55.6,74.6,73,81.1
Kaplan Hospital,70.7,2022-01-24T00:00:00.000Z,59.5,38.3,86.7,81,75.8
Woolfson Medical Center,46.7,2022-01-24T00:00:00.000Z,49,55.1,70.3,69,66.1
Tel Aviv Medical Center,60.3,2022-01-24T00:00:00.000Z,60.2,61,135,123.1,122.8
Mayanei Hayeshua,76.8,2022-01-24T00:00:00.000Z,90.2,68.8,117.1,108.1,108.9
All Facilities,69.3,2022-01-24T00:00:00.000Z,67.1,64.8,89.1,82.6,82.3
Yosephtal Hospital,75,2022-01-24T00:00:00.000Z,106.3,125,70.8,75,77.7
Assaf Harofeh Medical Center,74.5,2022-01-24T00:00:00.000Z,71,68,80.6,73.6,66.1
Hillel Yaffeh Medical Center,79.5,2022-01-24T00:00:00.000Z,75,66.6,82.1,75.5,83.4
Poriah Hospital,44.9,2022-01-24T00:00:00.000Z,54.5,43.9,74.1,68.9,64.8
Shmuel Harofe,5.6,2022-01-24T00:00:00.000Z,5.6,64.6,76.8,71.1,72.2
Hadassah Ein Kerem,101.9,2022-01-24T00:00:00.000Z,93.7,54.4,86.8,80.1,82
Barzilai Medical Center,69.8,2022-01-24T00:00:00.000Z,72.9,70.6,80.3,77.1,73.6
Rabin K. Hasharon,43,2022-01-24T00:00:00.000Z,49.8,49.1,53.9,48.1,58.5
Soroka Medical Center,69,2022-01-24T00:00:00.000Z,53.2,56.7,78.9,69.2,69.1
Hadassah Mount Scopus,44.4,2022-01-24T00:00:00.000Z,34.7,86.1,75.3,68.4,66.6
Chaim Sheba Medical Center,84.5,2022-01-24T00:00:00.000Z,85.9,62.9,101.8,98.4,93.3
Meir Hospital,50,2022-01-24T00:00:00.000Z,54.1,51.4,85,84.4,80.3
Assuta Ashdod,115.3,2022-01-24T00:00:00.000Z,104.7,154.7,124.6,120.9,128.3
Rabin K. Beilinson,77.1,2022-01-24T00:00:00.000Z,70.5,66.4,92.6,87.1,80.9
Ziv Hospital,98.4,2022-01-25T00:00:00.000Z,89.4,86.3,87.9,74.1,72.4
Rambam,71.7,2022-01-25T00:00:00.000Z,73.1,67.7,86.2,82.2,89.2
Nahariya,61.6,2022-01-25T00:00:00.000Z,80.6,75.1,84,83.4,80.5
Laniado,71.8,2022-01-25T00:00:00.000Z,84.1,79.5,107,109.3,86
Hacarmel Hospital,54.7,2022-01-25T00:00:00.000Z,54.3,59.8,81.8,79.8,81.4
Haemek Valley Center Hospital,73.5,2022-01-25T00:00:00.000Z,71.2,61.7,72.6,65,70.7
Shaare Zedek,62.7,2022-01-25T00:00:00.000Z,65.9,63.7,114.1,101.7,96.5
Bnei Ziom Medical Center,64.5,2022-01-25T00:00:00.000Z,59,55.9,77.1,73.3,81.8
Kaplan Hospital,74,2022-01-25T00:00:00.000Z,61.7,40.3,88.3,82.2,77.2
Woolfson Medical Center,47.1,2022-01-25T00:00:00.000Z,48.5,56.2,73.4,69.3,67.7
Tel Aviv Medical Center,58.3,2022-01-25T00:00:00.000Z,60.2,61.3,135.5,125.5,125
Mayanei Hayeshua,66.1,2022-01-25T00:00:00.000Z,87.5,68.6,120.6,109.9,109.5
All Facilities,66.3,2022-01-25T00:00:00.000Z,67.6,65.9,89.3,83.9,83.6
Yosephtal Hospital,62.5,2022-01-25T00:00:00.000Z,100,122.5,67.7,74.2,78.5
Assaf Harofeh Medical Center,70.7,2022-01-25T00:00:00.000Z,71.7,69.1,81.4,75,67.1
Hillel Yaffeh Medical Center,77.4,2022-01-25T00:00:00.000Z,75.9,67.1,84.3,76.8,84.8
Poriah Hospital,44.9,2022-01-25T00:00:00.000Z,52.6,44.4,65.9,69.9,65.7
Shmuel Harofe,5.6,2022-01-25T00:00:00.000Z,5.6,67.2,79.5,72.3,72.6
Hadassah Ein Kerem,100,2022-01-25T00:00:00.000Z,95.3,54.4,91.1,81.4,83.1
Barzilai Medical Center,69.3,2022-01-25T00:00:00.000Z,72.3,73.4,75,77.7,75.7
Rabin K. Hasharon,40.4,2022-01-25T00:00:00.000Z,48.4,51.4,53.1,49.3,60.7
Soroka Medical Center,60.5,2022-01-25T00:00:00.000Z,56.4,57.3,77.7,71.1,69.6
Hadassah Mount Scopus,36.1,2022-01-25T00:00:00.000Z,36.7,88.3,71.5,69.8,67
Chaim Sheba Medical Center,82.4,2022-01-25T00:00:00.000Z,85.6,63.7,102.5,99.3,93.2
Meir Hospital,54.5,2022-01-25T00:00:00.000Z,53.3,55,90.5,84.5,82.3
Assuta Ashdod,100,2022-01-25T00:00:00.000Z,106.8,154.9,124.2,121.6,132.4
Rabin K. Beilinson,72.2,2022-01-25T00:00:00.000Z,71.8,68.5,91.1,88.2,82.3
Ziv Hospital,84.4,2022-01-26T00:00:00.000Z,90.9,85.7,81.8,76.4,73.7
Rambam,68.7,2022-01-26T00:00:00.000Z,72.9,68.4,86.9,82.9,90
Nahariya,68.4,2022-01-26T00:00:00.000Z,77.5,74.7,88.5,83.5,81.6
Hillel Yaffeh Medical Center,71.9,2022-01-26T00:00:00.000Z,76.1,68,79,78.1,85.1
Laniado,59,2022-01-26T00:00:00.000Z,82.1,78.8,111.7,108.9,86.4
Hacarmel Hospital,38.7,2022-01-26T00:00:00.000Z,54.4,59.3,77.1,80.2,82.7
Haemek Valley Center Hospital,67.1,2022-01-26T00:00:00.000Z,71.6,63.7,68.1,66.2,72
Shaare Zedek,69.3,2022-01-26T00:00:00.000Z,65.3,64.2,109.4,103.8,97.7
Bnei Ziom Medical Center,67.8,2022-01-26T00:00:00.000Z,59.9,55.9,78.5,74,82.5
Kaplan Hospital,70,2022-01-26T00:00:00.000Z,63.8,40.7,90.5,83.2,78.2
Woolfson Medical Center,51.6,2022-01-26T00:00:00.000Z,48.3,57.9,73.1,70,69.2
Tel Aviv Medical Center,57.7,2022-01-26T00:00:00.000Z,59.9,60.9,133.3,127.2,126.7
All Facilities,64,2022-01-26T00:00:00.000Z,67.4,66.7,87.5,84.8,84.4
Yosephtal Hospital,75,2022-01-26T00:00:00.000Z,93.8,116.7,64.6,73.1,80.5
Assaf Harofeh Medical Center,66.4,2022-01-26T00:00:00.000Z,71.6,69.8,79.5,76.1,68.2
Poriah Hospital,52.6,2022-01-26T00:00:00.000Z,51.3,47.4,70.7,69.2,66.2
Shmuel Harofe,5.6,2022-01-26T00:00:00.000Z,5.6,69.4,81.8,73.5,72.9
Hadassah Ein Kerem,92.2,2022-01-26T00:00:00.000Z,96.1,54.5,88.4,83,84.5
Barzilai Medical Center,63,2022-01-26T00:00:00.000Z,71.8,75.5,73.3,77.3,76.5
Rabin K. Hasharon,42.1,2022-01-26T00:00:00.000Z,47.1,50.7,56,49.9,61.1
Soroka Medical Center,53.1,2022-01-26T00:00:00.000Z,57,58.3,72.2,72.2,70.2
Hadassah Mount Scopus,50,2022-01-26T00:00:00.000Z,36.6,87,72.2,70.1,66.8
Chaim Sheba Medical Center,76.6,2022-01-26T00:00:00.000Z,84.9,64.7,99.2,99.9,93.2
Meir Hospital,52,2022-01-26T00:00:00.000Z,53.5,56.6,88.8,85.5,82.9
Mayanei Hayeshua,60.7,2022-01-26T00:00:00.000Z,83.9,70.8,100.9,111.7,110.3
Assuta Ashdod,103.4,2022-01-26T00:00:00.000Z,105.6,155.9,125.3,122.1,135.3
Rabin K. Beilinson,73.1,2022-01-26T00:00:00.000Z,71.9,70.2,90.1,88.7,83.7
Ziv Hospital,60.9,2022-01-27T00:00:00.000Z,90,87.1,67.4,77.2,74.9
Rambam,71.2,2022-01-27T00:00:00.000Z,72.3,67.7,83.4,83.5,90.1
Nahariya,70.5,2022-01-27T00:00:00.000Z,76.2,74.8,81,84.2,81.7
Hillel Yaffeh Medical Center,64.4,2022-01-27T00:00:00.000Z,75.5,68,75,78.2,84.4
Laniado,67.9,2022-01-27T00:00:00.000Z,78.8,78.6,116.4,109.3,86.6
Hacarmel Hospital,33,2022-01-27T00:00:00.000Z,52.2,58.6,76.9,79.7,83.1
Haemek Valley Center Hospital,60,2022-01-27T00:00:00.000Z,71,65.1,65.3,66.5,73
Poriah Hospital,44.9,2022-01-27T00:00:00.000Z,51.5,49.1,63.1,69.5,67
Shaare Zedek,67.3,2022-01-27T00:00:00.000Z,65.9,65.3,100.1,104.6,98.9
Bnei Ziom Medical Center,58.7,2022-01-27T00:00:00.000Z,61,55.6,70.9,74.6,82.7
Kaplan Hospital,60.7,2022-01-27T00:00:00.000Z,64.7,41.1,80.9,84.2,78.9
Woolfson Medical Center,43.4,2022-01-27T00:00:00.000Z,48.8,59.1,68.4,70.4,70.2
Tel Aviv Medical Center,57,2022-01-27T00:00:00.000Z,59.6,60.3,123.1,128,127.5
All Facilities,60.7,2022-01-27T00:00:00.000Z,66.9,67,82.4,85.2,85
Yosephtal Hospital,75,2022-01-27T00:00:00.000Z,91.1,116.1,47.7,71.9,81.3
Assaf Harofeh Medical Center,59.1,2022-01-27T00:00:00.000Z,70.8,70.5,74.2,76.6,68.9
Shmuel Harofe,5.6,2022-01-27T00:00:00.000Z,5.6,71,82.7,74.7,73.1
Hadassah Ein Kerem,90.3,2022-01-27T00:00:00.000Z,95.6,54.4,84,83.8,85
Barzilai Medical Center,58.9,2022-01-27T00:00:00.000Z,70.5,75.8,70.7,76.7,77.3
Rabin K. Hasharon,43,2022-01-27T00:00:00.000Z,46.4,49.4,53.1,50.8,61.5
Soroka Medical Center,46.5,2022-01-27T00:00:00.000Z,56.5,59.1,70.2,72.2,70.8
Hadassah Mount Scopus,47.2,2022-01-27T00:00:00.000Z,38.5,85.7,71.5,70.4,66.9
Chaim Sheba Medical Center,77.4,2022-01-27T00:00:00.000Z,83.5,66.2,96.1,99.8,94
Meir Hospital,57,2022-01-27T00:00:00.000Z,53.3,57.1,80.5,86,82.5
Assuta Ashdod,105.1,2022-01-27T00:00:00.000Z,105.3,156.2,126.6,122.5,138.2
Rabin K. Beilinson,68.3,2022-01-27T00:00:00.000Z,72.1,71.1,84.3,88.9,84.7
Ziv Hospital,82.8,2022-01-28T00:00:00.000Z,88.4,90.2,63.7,76,75.8
Rambam,71.7,2022-01-28T00:00:00.000Z,72.1,67.5,77.2,83.8,90.3
Nahariya,74.7,2022-01-28T00:00:00.000Z,75.3,74.1,75.5,84.1,81.5
Hillel Yaffeh Medical Center,67.8,2022-01-28T00:00:00.000Z,75,69.1,73,78.4,83.9
Hacarmel Hospital,33,2022-01-28T00:00:00.000Z,48.9,58.1,76.1,78.6,82.7
Haemek Valley Center Hospital,69,2022-01-28T00:00:00.000Z,71.5,65.9,65,67.5,73.3
Poriah Hospital,48.7,2022-01-28T00:00:00.000Z,51.5,51.6,61.1,69,66.8
Shmuel Harofe,5.6,2022-01-28T00:00:00.000Z,5.6,73.4,81.8,76.3,72.9
Shaare Zedek,69.3,2022-01-28T00:00:00.000Z,66.6,66.4,93.6,104.5,98.7
Bnei Ziom Medical Center,57.9,2022-01-28T00:00:00.000Z,61,56.3,64.4,73.7,82.8
Kaplan Hospital,61.3,2022-01-28T00:00:00.000Z,65.8,43.7,74.6,84.7,80.1
Woolfson Medical Center,47.1,2022-01-28T00:00:00.000Z,48.6,60.4,69.5,69.9,71.3
Tel Aviv Medical Center,55.7,2022-01-28T00:00:00.000Z,58.8,60.2,106.4,127.8,127.8
Yosephtal Hospital,62.5,2022-01-28T00:00:00.000Z,85.7,110.7,56.9,67,80
Assaf Harofeh Medical Center,63.3,2022-01-28T00:00:00.000Z,69.6,70.8,69.2,76.7,69
Hadassah Ein Kerem,92.2,2022-01-28T00:00:00.000Z,95.7,53.7,76.3,83.8,85.1
Barzilai Medical Center,67.2,2022-01-28T00:00:00.000Z,68.9,76.9,69.9,75.9,77.1
Rabin K. Hasharon,43.9,2022-01-28T00:00:00.000Z,44.9,48.1,44,50.9,61.7
Soroka Medical Center,55.4,2022-01-28T00:00:00.000Z,57.1,59.9,66.8,72.9,71.3
Hadassah Mount Scopus,41.7,2022-01-28T00:00:00.000Z,40.5,85.7,67.7,71.4,67.5
Chaim Sheba Medical Center,79.1,2022-01-28T00:00:00.000Z,82.7,65.7,91.9,99.3,94
Meir Hospital,61,2022-01-28T00:00:00.000Z,54.4,59.1,79.7,85.6,82.3
Assuta Ashdod,100,2022-01-28T00:00:00.000Z,104.4,154.7,106.5,121.2,139.6
All Facilities,63.7,2022-01-28T00:00:00.000Z,66.4,67.7,77.3,85.1,85.1
Rabin K. Beilinson,67,2022-01-28T00:00:00.000Z,72.2,72.8,81.4,88.7,85.6
Laniado,69.2,2022-01-28T00:00:00.000Z,78.6,81,95.3,110.1,86
Ziv Hospital,90.6,2022-01-29T00:00:00.000Z,90,87.7,71.2,76.5,75.1
Rambam,71.2,2022-01-29T00:00:00.000Z,71.7,67.9,79.2,83.9,90.7
Nahariya,78.4,2022-01-29T00:00:00.000Z,74.2,72.7,81.4,84,81.3
Hillel Yaffeh Medical Center,79.5,2022-01-29T00:00:00.000Z,74.4,69.7,79.6,78.3,83.8
Hacarmel Hospital,35.8,2022-01-29T00:00:00.000Z,46.5,58,80.6,79.3,82.4
Haemek Valley Center Hospital,81.3,2022-01-29T00:00:00.000Z,72.6,67.1,71,68.8,73.9
Poriah Hospital,44.9,2022-01-29T00:00:00.000Z,51.1,52,65.1,68.7,66.7
Shmuel Harofe,5.6,2022-01-29T00:00:00.000Z,5.6,76.2,82.4,78.2,72.9
Shaare Zedek,72,2022-01-29T00:00:00.000Z,67.4,67.6,98.2,104.7,98.2
Bnei Ziom Medical Center,62,2022-01-29T00:00:00.000Z,61.6,56.7,73.7,73.6,82.1
Kaplan Hospital,66,2022-01-29T00:00:00.000Z,66.4,46.2,81.8,84.7,81.3
Woolfson Medical Center,54.9,2022-01-29T00:00:00.000Z,48.5,61.4,73.4,70.6,71.6
Tel Aviv Medical Center,60.3,2022-01-29T00:00:00.000Z,58.7,59.4,119.2,126.7,127.6
Yosephtal Hospital,75,2022-01-29T00:00:00.000Z,78.6,105.4,53.8,65.1,77.8
Assaf Harofeh Medical Center,68.7,2022-01-29T00:00:00.000Z,68.9,71,71.4,76.9,69.4
Hadassah Ein Kerem,97.1,2022-01-29T00:00:00.000Z,95.7,53.3,79.6,84,85.4
Barzilai Medical Center,74,2022-01-29T00:00:00.000Z,68.7,79.5,71.5,75.5,77.4
Rabin K. Hasharon,50,2022-01-29T00:00:00.000Z,44,46.6,53.5,51.3,61.1
Soroka Medical Center,58.9,2022-01-29T00:00:00.000Z,58.4,60.2,70.9,73.3,71.1
Hadassah Mount Scopus,52.8,2022-01-29T00:00:00.000Z,42.1,86.5,74,72.1,68.3
Chaim Sheba Medical Center,80.3,2022-01-29T00:00:00.000Z,81.8,64.5,94.9,98.6,93.4
Meir Hospital,61,2022-01-29T00:00:00.000Z,55.3,59.6,85.7,85.8,81.9
Assuta Ashdod,93.2,2022-01-29T00:00:00.000Z,104.6,154.7,99.7,120.4,140.8
All Facilities,68.6,2022-01-29T00:00:00.000Z,66.3,68.1,82.2,85,85.2
Rabin K. Beilinson,74.9,2022-01-29T00:00:00.000Z,72.6,74.1,88.3,88.7,86.8
Laniado,88.5,2022-01-29T00:00:00.000Z,77.5,83.3,106.4,109.3,86.5
Ziv Hospital,104.7,2022-01-30T00:00:00.000Z,90.2,86.4,77.8,76.8,75.3
Rambam,65.7,2022-01-30T00:00:00.000Z,71.6,67.7,84.2,84.1,90.3
Nahariya,70.5,2022-01-30T00:00:00.000Z,72.5,72.4,84.4,83.6,80.7
Hillel Yaffeh Medical Center,78.8,2022-01-30T00:00:00.000Z,74.7,68.7,83.9,78.8,83.4
Hacarmel Hospital,34.9,2022-01-30T00:00:00.000Z,43.8,57.7,82.2,79.8,82.4
Haemek Valley Center Hospital,79.4,2022-01-30T00:00:00.000Z,73.8,68,72.3,69.8,73.8
Poriah Hospital,51.3,2022-01-30T00:00:00.000Z,48.5,53.1,71.3,68.5,66.2
Shmuel Harofe,5.6,2022-01-30T00:00:00.000Z,5.6,78.6,83.9,79.9,73
Shaare Zedek,68.7,2022-01-30T00:00:00.000Z,68.1,68.4,108.3,104.9,98.2
Bnei Ziom Medical Center,61.2,2022-01-30T00:00:00.000Z,62.1,56.9,80.1,73.7,81.4
Kaplan Hospital,79.3,2022-01-30T00:00:00.000Z,67,49,89,84.3,82.7
Woolfson Medical Center,57.4,2022-01-30T00:00:00.000Z,48.7,63,82.4,71.6,71.7
Tel Aviv Medical Center,65,2022-01-30T00:00:00.000Z,58.7,58.7,137.7,126.5,127.2
Yosephtal Hospital,112.5,2022-01-30T00:00:00.000Z,71.4,105.4,55.4,60.9,77.1
Assaf Harofeh Medical Center,78,2022-01-30T00:00:00.000Z,68.3,70.4,81.6,76.5,70
Hadassah Ein Kerem,94.2,2022-01-30T00:00:00.000Z,95.1,53.1,83.6,83.9,85.3
Barzilai Medical Center,75,2022-01-30T00:00:00.000Z,68.6,81.3,79.5,74.6,77.8
Rabin K. Hasharon,46.5,2022-01-30T00:00:00.000Z,43.5,45.2,60.6,52.2,60.3
Soroka Medical Center,63.6,2022-01-30T00:00:00.000Z,58.8,59.3,73.9,73.1,70.8
Hadassah Mount Scopus,55.6,2022-01-30T00:00:00.000Z,44.4,85.7,76.7,72.2,68.6
Chaim Sheba Medical Center,85.8,2022-01-30T00:00:00.000Z,81.1,64.6,101.4,98.2,92.6
Meir Hospital,68.5,2022-01-30T00:00:00.000Z,56.3,61.4,92,86,81.4
Assuta Ashdod,100,2022-01-30T00:00:00.000Z,104.1,155.7,130,118.8,142.6
All Facilities,70.7,2022-01-30T00:00:00.000Z,66.4,68.5,89,85.2,85.2
Rabin K. Beilinson,75.3,2022-01-30T00:00:00.000Z,72.8,75.1,91.9,88.7,87
Laniado,70.5,2022-01-30T00:00:00.000Z,76.7,84.2,119.2,109,88.1
Ziv Hospital,87.5,2022-01-31T00:00:00.000Z,89.3,84.2,82.7,76.1,74.6
Rambam,67.7,2022-01-31T00:00:00.000Z,70.2,68.2,84.8,83.7,89.9
Nahariya,80.5,2022-01-31T00:00:00.000Z,70.8,72.4,87,83.1,79.6
Hillel Yaffeh Medical Center,79.5,2022-01-31T00:00:00.000Z,74.2,68,88.9,79.6,82.7
Haemek Valley Center Hospital,78.1,2022-01-31T00:00:00.000Z,73.8,69.4,73.5,69.9,73.9
Poriah Hospital,59,2022-01-31T00:00:00.000Z,47.4,54.2,75.2,67.3,66.6
Shmuel Harofe,5.6,2022-01-31T00:00:00.000Z,5.6,80.2,84.8,81.3,73.1
Shaare Zedek,68,2022-01-31T00:00:00.000Z,67.9,69,111.9,105,98.6
Bnei Ziom Medical Center,55.4,2022-01-31T00:00:00.000Z,61.6,57.9,82.9,74.2,80.8
Kaplan Hospital,72.7,2022-01-31T00:00:00.000Z,68.9,51.8,91,84.6,84.3
Woolfson Medical Center,62.7,2022-01-31T00:00:00.000Z,49.8,63.6,84.6,72.9,71.4
Tel Aviv Medical Center,63.3,2022-01-31T00:00:00.000Z,59.2,57.8,133.4,127.2,127.1
Yosephtal Hospital,112.5,2022-01-31T00:00:00.000Z,76.8,108.9,60,59.6,78.7
Assaf Harofeh Medical Center,74.9,2022-01-31T00:00:00.000Z,68.7,69.2,84.4,76.8,70
Hadassah Ein Kerem,92.2,2022-01-31T00:00:00.000Z,95.4,53.4,89.2,84.3,84.8
Barzilai Medical Center,72.4,2022-01-31T00:00:00.000Z,68.2,82.6,77.6,74.3,78.1
Rabin K. Hasharon,47.4,2022-01-31T00:00:00.000Z,44.1,43.9,58.1,53.5,59.9
Soroka Medical Center,64.7,2022-01-31T00:00:00.000Z,58.1,59.1,75.4,72.9,70.8
Hadassah Mount Scopus,50,2022-01-31T00:00:00.000Z,46.8,84.5,73.6,72.7,69
Chaim Sheba Medical Center,82.8,2022-01-31T00:00:00.000Z,80.9,65.7,100.9,98.3,92.7
Meir Hospital,52,2022-01-31T00:00:00.000Z,57.7,61.5,85.7,86,80.7
Assuta Ashdod,101.7,2022-01-31T00:00:00.000Z,102.4,156.7,133.8,119.6,142.5
All Facilities,69.9,2022-01-31T00:00:00.000Z,66.2,68.9,90,85.3,85.2
Rabin K. Beilinson,79.3,2022-01-31T00:00:00.000Z,72.6,75.3,94.6,88.5,87.2
Hacarmel Hospital,36.8,2022-01-31T00:00:00.000Z,40.6,57.7,86.5,80,83.5
Laniado,76.9,2022-01-31T00:00:00.000Z,73.3,85.7,117.5,109,89.6
Ziv Hospital,87.5,2022-02-01T00:00:00.000Z,87.1,83.9,76.9,76.1,73.9
Rambam,67.2,2022-02-01T00:00:00.000Z,69.7,69.1,89.6,83.1,90
Nahariya,78.9,2022-02-01T00:00:00.000Z,72.1,71.6,91.6,83.1,78.4
Hillel Yaffeh Medical Center,72.6,2022-02-01T00:00:00.000Z,74.2,67.5,84.9,80.5,81.6
Haemek Valley Center Hospital,72.3,2022-02-01T00:00:00.000Z,72.6,71.4,69.7,69.7,74.5
Poriah Hospital,55.1,2022-02-01T00:00:00.000Z,49.5,54.8,78.9,67.5,66.9
Shmuel Harofe,5.6,2022-02-01T00:00:00.000Z,5.6,81,85,82.4,73
Shaare Zedek,65.3,2022-02-01T00:00:00.000Z,68.2,69.7,116.6,105.1,98.7
Kaplan Hospital,73.3,2022-02-01T00:00:00.000Z,69.1,54.5,87.1,85.2,85.8
Woolfson Medical Center,59.8,2022-02-01T00:00:00.000Z,52,64.2,79.5,75,71.5
Tel Aviv Medical Center,64,2022-02-01T00:00:00.000Z,59.6,57.2,134.7,126.9,126.4
Yosephtal Hospital,162.5,2022-02-01T00:00:00.000Z,82.1,101.8,75.4,58,78.2
Assaf Harofeh Medical Center,76.4,2022-02-01T00:00:00.000Z,68.7,68.8,86.8,77.4,70.9
Hadassah Ein Kerem,95.1,2022-02-01T00:00:00.000Z,94,53.1,91.1,84.6,83.8
Barzilai Medical Center,74,2022-02-01T00:00:00.000Z,68.5,83.3,79.5,73.9,78.1
Rabin K. Hasharon,42.1,2022-02-01T00:00:00.000Z,44.7,43.9,55.6,54.1,60.6
Bnei Ziom Medical Center,52.9,2022-02-01T00:00:00.000Z,61,58.2,79.2,75.4,80.8
Soroka Medical Center,68.2,2022-02-01T00:00:00.000Z,57.5,61.5,75.7,72.5,71.3
Hadassah Mount Scopus,50,2022-02-01T00:00:00.000Z,47.6,84.1,77.4,72.5,69.8
Chaim Sheba Medical Center,85.8,2022-02-01T00:00:00.000Z,80.6,67.1,102.5,98.1,93.2
Meir Hospital,50,2022-02-01T00:00:00.000Z,58,62.1,89.7,86.1,80.5
Assuta Ashdod,105.1,2022-02-01T00:00:00.000Z,100.5,159.1,134.5,120.9,141
All Facilities,69.6,2022-02-01T00:00:00.000Z,66.3,69.4,91.2,85.4,85.2
Rabin K. Beilinson,79.3,2022-02-01T00:00:00.000Z,72.9,75.6,97.4,88.8,88
Hacarmel Hospital,38.7,2022-02-01T00:00:00.000Z,38.1,57.8,88.3,80.2,84
Laniado,74.4,2022-02-01T00:00:00.000Z,72,85.7,125.6,110.5,89.5
Ziv Hospital,87.5,2022-02-02T00:00:00.000Z,85.5,84.2,80.7,74.5,72.7
Rambam,67.2,2022-02-02T00:00:00.000Z,69,69.8,92.3,83.6,90.4
Hillel Yaffeh Medical Center,75.3,2022-02-02T00:00:00.000Z,73.5,66.6,85.8,80.6,81.1
Haemek Valley Center Hospital,68.4,2022-02-02T00:00:00.000Z,72.4,72.1,69.9,69.3,74
Poriah Hospital,51.3,2022-02-02T00:00:00.000Z,50.9,52.7,74.9,69.3,67.4
Shmuel Harofe,5.6,2022-02-02T00:00:00.000Z,5.6,81,85.3,83.2,72.7
Shaare Zedek,67.3,2022-02-02T00:00:00.000Z,68.6,70.3,116.9,105.4,99.2
Kaplan Hospital,81.3,2022-02-02T00:00:00.000Z,69,57.2,90.3,85,87.1
Woolfson Medical Center,62.7,2022-02-02T00:00:00.000Z,53.9,64.7,79.1,75.8,71.6
Tel Aviv Medical Center,64,2022-02-02T00:00:00.000Z,60.4,57.9,135.8,126.8,126.3
Yosephtal Hospital,150,2022-02-02T00:00:00.000Z,96.4,100,67.7,59.1,77.6
Assaf Harofeh Medical Center,75.7,2022-02-02T00:00:00.000Z,69.6,68.7,82.4,78.1,71.4
Nahariya,75.3,2022-02-02T00:00:00.000Z,74.6,71.9,89.3,84.2,77.7
Hadassah Ein Kerem,91.3,2022-02-02T00:00:00.000Z,93.3,52.6,90.1,84.6,83.1
Barzilai Medical Center,72.9,2022-02-02T00:00:00.000Z,69.2,84.4,80.3,74.6,79.1
Rabin K. Hasharon,42.1,2022-02-02T00:00:00.000Z,45,45.1,56,54.4,61.5
Bnei Ziom Medical Center,60.3,2022-02-02T00:00:00.000Z,59.4,59,82,75.7,81.1
Soroka Medical Center,69.8,2022-02-02T00:00:00.000Z,58.6,62.6,72.1,72.2,72.1
Hadassah Mount Scopus,58.3,2022-02-02T00:00:00.000Z,49.6,88.1,75,73.3,71.5
Chaim Sheba Medical Center,90.8,2022-02-02T00:00:00.000Z,81.1,65.8,101.8,98.1,93.8
Meir Hospital,53,2022-02-02T00:00:00.000Z,57.4,62.7,87.8,86,81.3
Assuta Ashdod,108.5,2022-02-02T00:00:00.000Z,101.2,162,132.1,122.3,140.8
All Facilities,70.7,2022-02-02T00:00:00.000Z,66.7,70,91.1,85.7,85.5
Rabin K. Beilinson,75.3,2022-02-02T00:00:00.000Z,73.9,75.5,96.4,89.7,88.4
Hacarmel Hospital,41.5,2022-02-02T00:00:00.000Z,35.8,58.9,95.3,81.1,84.6
Laniado,83.3,2022-02-02T00:00:00.000Z,72.3,85.7,129.5,113.2,89.4
Ziv Hospital,87.5,2022-02-03T00:00:00.000Z,85.9,82.6,68.9,74.4,71.7
Rambam,63.1,2022-02-03T00:00:00.000Z,68.8,72,84.3,84.4,91.1
Hillel Yaffeh Medical Center,70.5,2022-02-03T00:00:00.000Z,74,67,82.7,81.6,81.2
Haemek Valley Center Hospital,59.4,2022-02-03T00:00:00.000Z,72.6,72.4,62.9,69.5,73.1
Poriah Hospital,53.8,2022-02-03T00:00:00.000Z,50.7,51.3,70.4,69.9,67.4
Shmuel Harofe,5.6,2022-02-03T00:00:00.000Z,5.6,81,88.9,83.7,72.3
Shaare Zedek,71.3,2022-02-03T00:00:00.000Z,68.3,70.4,109.2,106.5,99.6
Kaplan Hospital,70.7,2022-02-03T00:00:00.000Z,70.7,60.4,84.6,85,88.9
Woolfson Medical Center,54.5,2022-02-03T00:00:00.000Z,55.4,65.6,74.2,76.7,71.4
Tel Aviv Medical Center,61,2022-02-03T00:00:00.000Z,61.3,58.6,128.4,127.2,126.5
Yosephtal Hospital,100,2022-02-03T00:00:00.000Z,107.1,94.6,56.9,59.6,75.8
Assaf Harofeh Medical Center,68,2022-02-03T00:00:00.000Z,70.9,68,73.3,78.6,71.5
Nahariya,68.9,2022-02-03T00:00:00.000Z,75.6,72.2,81.6,84.3,77.5
Hadassah Ein Kerem,87.4,2022-02-03T00:00:00.000Z,93.2,53,86.8,84.8,83
Barzilai Medical Center,72.4,2022-02-03T00:00:00.000Z,70.6,86.2,76.8,75.6,80.3
Rabin K. Hasharon,42.1,2022-02-03T00:00:00.000Z,45,46.5,55.2,54.4,63
Bnei Ziom Medical Center,54.5,2022-02-03T00:00:00.000Z,58.3,60.3,73.2,76.2,81.6
Soroka Medical Center,59.3,2022-02-03T00:00:00.000Z,61,64.6,67.2,72.2,73
Hadassah Mount Scopus,55.6,2022-02-03T00:00:00.000Z,50.8,88.9,79.5,73.7,72
Chaim Sheba Medical Center,88.3,2022-02-03T00:00:00.000Z,83.1,64.7,100.3,98.5,93.7
Meir Hospital,57.5,2022-02-03T00:00:00.000Z,57.5,65.1,89.3,85.9,82.7
Assuta Ashdod,120.3,2022-02-03T00:00:00.000Z,101.9,163.2,132.8,123.3,140.6
All Facilities,67,2022-02-03T00:00:00.000Z,67.7,70.7,86.1,86.2,85.8
Rabin K. Beilinson,73.1,2022-02-03T00:00:00.000Z,74.2,75.5,88.3,90.6,88.8
Hacarmel Hospital,41.5,2022-02-03T00:00:00.000Z,36.3,59.2,90,83.7,84.9
Laniado,88.5,2022-02-03T00:00:00.000Z,75.8,86.1,116.2,115.7,91.2
Ziv Hospital,78.1,2022-02-04T00:00:00.000Z,89.7,82.1,61.4,74.6,72
Rambam,70.7,2022-02-04T00:00:00.000Z,67.7,73.4,81,84.5,91.5
Assaf Harofeh Medical Center,68.7,2022-02-04T00:00:00.000Z,72.1,68.7,72.4,78.4,71.3
Hillel Yaffeh Medical Center,67.1,2022-02-04T00:00:00.000Z,74.9,66.6,75.5,82.7,80.9
Haemek Valley Center Hospital,74.8,2022-02-04T00:00:00.000Z,72.5,74,64.8,69.2,72.8
Poriah Hospital,60.3,2022-02-04T00:00:00.000Z,52,51.6,67,71,68.3
Shmuel Harofe,5.6,2022-02-04T00:00:00.000Z,5.6,81,89.4,84.6,72.4
Shaare Zedek,72,2022-02-04T00:00:00.000Z,68.9,70.8,100.6,107.8,99.8
Rabin K. Hasharon,43,2022-02-04T00:00:00.000Z,44.9,48.6,44.4,54.7,63.4
Kaplan Hospital,60.7,2022-02-04T00:00:00.000Z,72.1,62.2,76.7,85.5,89.1
Woolfson Medical Center,58.2,2022-02-04T00:00:00.000Z,57,66.4,69.8,77.5,71.3
Tel Aviv Medical Center,60,2022-02-04T00:00:00.000Z,61.9,58.8,109.1,127.9,125.7
Yosephtal Hospital,100,2022-02-04T00:00:00.000Z,110.7,91.1,56.9,60.9,75.8
Nahariya,74.7,2022-02-04T00:00:00.000Z,75.3,73.2,77.9,84.4,77.8
Hadassah Ein Kerem,92.2,2022-02-04T00:00:00.000Z,92.8,53.5,78.7,85.2,83.2
Barzilai Medical Center,72.4,2022-02-04T00:00:00.000Z,72.5,88,71.2,76.4,81.4
Bnei Ziom Medical Center,56.2,2022-02-04T00:00:00.000Z,57.7,60.3,71.8,76.5,82.2
Soroka Medical Center,61.6,2022-02-04T00:00:00.000Z,62.8,66.3,66.3,71.7,73.5
Hadassah Mount Scopus,55.6,2022-02-04T00:00:00.000Z,52,90.5,70.1,74.9,71.6
Chaim Sheba Medical Center,84.1,2022-02-04T00:00:00.000Z,84.7,64.3,93.2,99.1,94.1
Meir Hospital,53.5,2022-02-04T00:00:00.000Z,57.6,67.9,84.3,87.1,83.7
Assuta Ashdod,110.2,2022-02-04T00:00:00.000Z,104.1,164.9,115.7,124.2,142
All Facilities,67.8,2022-02-04T00:00:00.000Z,68.6,71.5,80.1,86.7,86.1
Hacarmel Hospital,39.6,2022-02-04T00:00:00.000Z,37.5,59.7,81.4,85.6,86
Laniado,79.5,2022-02-04T00:00:00.000Z,78.8,84.6,104.7,115.7,91.7
Rabin K. Beilinson,77.5,2022-02-04T00:00:00.000Z,74.9,75.6,83.1,91.2,89.2
Ziv Hospital,73.4,2022-02-05T00:00:00.000Z,89.1,84.6,60.5,74.2,74
Rambam,72.7,2022-02-05T00:00:00.000Z,67.5,75.6,80.1,85.1,91.4
Assaf Harofeh Medical Center,71.8,2022-02-05T00:00:00.000Z,72.9,68.8,74.6,78.9,71
Hillel Yaffeh Medical Center,69.2,2022-02-05T00:00:00.000Z,74.8,67.5,77.3,83.1,80.2
Haemek Valley Center Hospital,79.4,2022-02-05T00:00:00.000Z,73.4,74.1,70.4,69.1,72.5
Poriah Hospital,56.4,2022-02-05T00:00:00.000Z,53.7,53.5,69.9,71.8,68.8
Shmuel Harofe,5.6,2022-02-05T00:00:00.000Z,5.6,80.2,89.4,85.7,72.5
Shaare Zedek,72.7,2022-02-05T00:00:00.000Z,69.2,71.3,106.6,108.8,100.5
Rabin K. Hasharon,48.2,2022-02-05T00:00:00.000Z,44.7,50.3,53.1,54.8,64.2
Kaplan Hospital,70.7,2022-02-05T00:00:00.000Z,72,62.4,82.7,85.8,88.8
Woolfson Medical Center,60.7,2022-02-05T00:00:00.000Z,58.6,67.9,72.8,77.6,71.9
Tel Aviv Medical Center,64.7,2022-02-05T00:00:00.000Z,62.5,58.3,119.8,128.3,125.4
Yosephtal Hospital,112.5,2022-02-05T00:00:00.000Z,116.1,85.7,60,60.9,77.8
Nahariya,79.5,2022-02-05T00:00:00.000Z,75.3,74.5,86.2,84.8,78.3
Hadassah Ein Kerem,95.1,2022-02-05T00:00:00.000Z,92.8,53.7,83.3,85.6,82.7
Barzilai Medical Center,82.3,2022-02-05T00:00:00.000Z,73.3,88.4,78.6,76.6,82
Bnei Ziom Medical Center,56.2,2022-02-05T00:00:00.000Z,57.5,59.3,72.7,77.6,82.6
Soroka Medical Center,70.2,2022-02-05T00:00:00.000Z,63.7,69.2,70.9,71.7,74.8
Hadassah Mount Scopus,72.2,2022-02-05T00:00:00.000Z,54,87.7,72.9,75.2,70.8
Chaim Sheba Medical Center,92.1,2022-02-05T00:00:00.000Z,85.4,64.5,97.3,99.3,94.6
Meir Hospital,53,2022-02-05T00:00:00.000Z,56.5,69.7,88.4,87.8,85.3
Assuta Ashdod,103.4,2022-02-05T00:00:00.000Z,105.6,165.4,104.4,125.5,142.8
All Facilities,72.1,2022-02-05T00:00:00.000Z,69.2,72.1,84.4,87.1,86.3
Laniado,93.6,2022-02-05T00:00:00.000Z,80.2,83.3,115,117,89.9
Rabin K. Beilinson,84.1,2022-02-05T00:00:00.000Z,76.4,74.8,91.1,91.4,88.8
Hacarmel Hospital,42.5,2022-02-05T00:00:00.000Z,38.4,59.6,84.5,86.3,86.2
Ziv Hospital,84.4,2022-02-06T00:00:00.000Z,86.6,88.2,76.9,72.7,75.2
Yosephtal Hospital,112.5,2022-02-06T00:00:00.000Z,121.4,75,72.3,61.8,79.6
Rambam,65.7,2022-02-06T00:00:00.000Z,67.7,77.4,87.2,85.2,91.8
Assaf Harofeh Medical Center,73,2022-02-06T00:00:00.000Z,73.4,69.3,79.3,79.3,70.7
Hillel Yaffeh Medical Center,78.8,2022-02-06T00:00:00.000Z,73.3,68.7,85,82.7,80.5
Haemek Valley Center Hospital,75.5,2022-02-06T00:00:00.000Z,73.1,76.1,71.2,69.1,73.1
Poriah Hospital,62.8,2022-02-06T00:00:00.000Z,55.3,53.8,74.9,72.5,69
Shmuel Harofe,5.6,2022-02-06T00:00:00.000Z,5.6,79.4,90,86.7,72.6
Shaare Zedek,73.3,2022-02-06T00:00:00.000Z,69.3,71.8,114.2,110,101.1
Rabin K. Hasharon,50,2022-02-06T00:00:00.000Z,44.5,51.4,68.5,54.7,64.4
Kaplan Hospital,72.7,2022-02-06T00:00:00.000Z,72.7,62.6,86.9,85.9,88.3
Woolfson Medical Center,59,2022-02-06T00:00:00.000Z,59.4,69,80.2,77.5,72.6
Tel Aviv Medical Center,68,2022-02-06T00:00:00.000Z,63.1,58.4,139.5,128.4,124.9
Meir Hospital,70,2022-02-06T00:00:00.000Z,55.4,72.3,96.5,88.2,86.7
Nahariya,76.3,2022-02-06T00:00:00.000Z,75.5,74.7,83.7,85.4,78.5
Hadassah Ein Kerem,97.1,2022-02-06T00:00:00.000Z,92.5,53.4,87.8,86.1,82.1
Barzilai Medical Center,82.8,2022-02-06T00:00:00.000Z,74.5,88.5,81.8,77.6,82.2
Bnei Ziom Medical Center,60.3,2022-02-06T00:00:00.000Z,56.7,58.8,79.2,77.4,83
Soroka Medical Center,76.4,2022-02-06T00:00:00.000Z,65.3,72.2,75.6,71.7,76.1
Hadassah Mount Scopus,77.8,2022-02-06T00:00:00.000Z,56.7,86.1,76.4,75,71
Chaim Sheba Medical Center,84.9,2022-02-06T00:00:00.000Z,87.1,64.1,102,99.6,94.5
Assuta Ashdod,130.5,2022-02-06T00:00:00.000Z,107,166.8,139.2,126.2,142
All Facilities,73.8,2022-02-06T00:00:00.000Z,69.7,72.9,91.1,87.4,86.5
Laniado,83.3,2022-02-06T00:00:00.000Z,81,82.4,125.1,118.3,88
Rabin K. Beilinson,82.8,2022-02-06T00:00:00.000Z,77.7,73.9,96.8,91.8,88.8
Hacarmel Hospital,42.5,2022-02-06T00:00:00.000Z,39.4,60.1,86.9,86.9,86.8
Ziv Hospital,76.6,2022-02-07T00:00:00.000Z,83.7,92,78.4,72.6,77.7
Yosephtal Hospital,112.5,2022-02-07T00:00:00.000Z,121.4,66.1,78.5,64.2,78
Assaf Harofeh Medical Center,75.7,2022-02-07T00:00:00.000Z,72.6,70.2,79.6,79,70.5
Hillel Yaffeh Medical Center,80.8,2022-02-07T00:00:00.000Z,73.3,70.3,91.1,82.9,80.9
Haemek Valley Center Hospital,80.6,2022-02-07T00:00:00.000Z,72.5,78,78.7,68.9,73.7
Poriah Hospital,48.7,2022-02-07T00:00:00.000Z,57,54,69.3,73,68.2
Shmuel Harofe,5.6,2022-02-07T00:00:00.000Z,5.6,78.6,91.5,87.6,72.6
Shaare Zedek,73.3,2022-02-07T00:00:00.000Z,70,72.3,112.2,110.9,101.4
Rabin K. Hasharon,46.5,2022-02-07T00:00:00.000Z,45,51.6,63.1,55.8,64.1
Kaplan Hospital,71.3,2022-02-07T00:00:00.000Z,71.7,63.7,91.3,85.6,87.9
Woolfson Medical Center,59.8,2022-02-07T00:00:00.000Z,59.7,70.3,80.2,77.2,73.6
Tel Aviv Medical Center,67,2022-02-07T00:00:00.000Z,63.6,59.1,139.4,128.7,124.5
Meir Hospital,63.5,2022-02-07T00:00:00.000Z,55.6,74.3,90.2,88.8,87.7
Rambam,73.2,2022-02-07T00:00:00.000Z,67.7,78.3,88.9,85.6,92.3
Nahariya,75.8,2022-02-07T00:00:00.000Z,76.3,75.1,84,85.3,79.3
Hadassah Ein Kerem,98.1,2022-02-07T00:00:00.000Z,92.9,53.3,88.9,86.7,82.1
Barzilai Medical Center,82.3,2022-02-07T00:00:00.000Z,75.6,89.1,83.8,78,82.8
Bnei Ziom Medical Center,54.5,2022-02-07T00:00:00.000Z,56.6,58.6,81.5,77.3,84.3
Soroka Medical Center,74.4,2022-02-07T00:00:00.000Z,67.2,74.1,75.7,71.9,76.7
Hadassah Mount Scopus,80.6,2022-02-07T00:00:00.000Z,59.9,86.5,81.9,75,70.7
Chaim Sheba Medical Center,94.1,2022-02-07T00:00:00.000Z,87,62.2,103.6,99.7,94.1
Assuta Ashdod,130.5,2022-02-07T00:00:00.000Z,111.4,166.3,139.2,127.5,141.9
All Facilities,73.6,2022-02-07T00:00:00.000Z,70.1,73.5,91.8,87.7,86.7
Laniado,78.2,2022-02-07T00:00:00.000Z,82.8,82.4,117.8,119.1,86.7
Rabin K. Beilinson,79.7,2022-02-07T00:00:00.000Z,78.8,73.6,98.2,92.5,89
Hacarmel Hospital,37.7,2022-02-07T00:00:00.000Z,40.4,60.9,92,87.6,86.5
Ziv Hospital,62.5,2022-02-08T00:00:00.000Z,82.1,92.2,75.8,72,78.8
Yosephtal Hospital,112.5,2022-02-08T00:00:00.000Z,121.4,64.3,69.2,66.8,76.3
Assaf Harofeh Medical Center,72.6,2022-02-08T00:00:00.000Z,72.8,69.8,79,78.3,69.6
Hillel Yaffeh Medical Center,80.8,2022-02-08T00:00:00.000Z,73.5,71.1,86.6,83.2,81
Haemek Valley Center Hospital,84.5,2022-02-08T00:00:00.000Z,72.9,77.4,76.7,69.6,73.2
Poriah Hospital,56.4,2022-02-08T00:00:00.000Z,55.5,54.9,76.9,72.2,67.8
Shmuel Harofe,5.6,2022-02-08T00:00:00.000Z,5.6,77.4,92.7,88.5,72.5
Shaare Zedek,78,2022-02-08T00:00:00.000Z,70.8,73,117.5,110.9,101.8
Rabin K. Hasharon,43.9,2022-02-08T00:00:00.000Z,44.9,51,63.9,56.6,62.6
Kaplan Hospital,67.3,2022-02-08T00:00:00.000Z,71.5,63.5,85.9,85.7,87.1
Tel Aviv Medical Center,65.7,2022-02-08T00:00:00.000Z,64.1,60.1,139.1,129.5,125.1
Meir Hospital,64,2022-02-08T00:00:00.000Z,57.2,76.9,91.3,89.5,88.1
Rambam,70.7,2022-02-08T00:00:00.000Z,68.5,79.2,90,86.2,92.2
Nahariya,76.3,2022-02-08T00:00:00.000Z,75.6,76.5,87.1,84.9,79.8
Hadassah Ein Kerem,110.7,2022-02-08T00:00:00.000Z,93.8,53.7,89.2,86.7,82.6
Barzilai Medical Center,80.2,2022-02-08T00:00:00.000Z,77,89.3,77.6,78.9,82.8
Bnei Ziom Medical Center,54.5,2022-02-08T00:00:00.000Z,56.4,59.6,81.5,77.1,85.6
Soroka Medical Center,79.5,2022-02-08T00:00:00.000Z,68.5,74.5,79,71.9,77.3
Hadassah Mount Scopus,63.9,2022-02-08T00:00:00.000Z,64.3,85.3,79.9,76.2,70.6
Woolfson Medical Center,55.7,2022-02-08T00:00:00.000Z,59.3,71.3,77.5,76.6,74.3
Chaim Sheba Medical Center,94.1,2022-02-08T00:00:00.000Z,88.6,60.8,104.5,100.1,93.5
Assuta Ashdod,128.8,2022-02-08T00:00:00.000Z,115.5,165.6,134.5,128.3,142.2
All Facilities,73.7,2022-02-08T00:00:00.000Z,70.7,73.9,92,88,86.7
Laniado,88.5,2022-02-08T00:00:00.000Z,83,83.7,120.3,119.1,86.1
Rabin K. Beilinson,80.6,2022-02-08T00:00:00.000Z,78.9,73.2,98.8,93,88.4
Hacarmel Hospital,39.6,2022-02-08T00:00:00.000Z,40.6,62,91.6,88.3,86.1
Ziv Hospital,67.2,2022-02-09T00:00:00.000Z,78.6,94.6,79.8,71.8,79.7
Yosephtal Hospital,137.5,2022-02-09T00:00:00.000Z,114.3,62.5,72.3,65.9,76.9
Assaf Harofeh Medical Center,64.5,2022-02-09T00:00:00.000Z,72.2,68.9,77.1,77.2,68.4
Hillel Yaffeh Medical Center,76,2022-02-09T00:00:00.000Z,74.7,71.7,84.5,83.4,81.4
Chaim Sheba Medical Center,92.9,2022-02-09T00:00:00.000Z,89.8,61.2,103.8,100.4,93.2
Haemek Valley Center Hospital,80.6,2022-02-09T00:00:00.000Z,74.7,77.2,77.7,70.6,73.9
Poriah Hospital,47.4,2022-02-09T00:00:00.000Z,55.7,56.6,76.9,71.9,67.6
Shmuel Harofe,5.6,2022-02-09T00:00:00.000Z,5.6,77.8,92.4,89.6,73.1
Hadassah Ein Kerem,110.7,2022-02-09T00:00:00.000Z,96,54.4,89.6,86.4,82.9
Shaare Zedek,75.3,2022-02-09T00:00:00.000Z,72.6,73.5,116.6,111,102.1
Barzilai Medical Center,76,2022-02-09T00:00:00.000Z,77.9,87.7,77.2,78.6,82
Rabin K. Hasharon,51.8,2022-02-09T00:00:00.000Z,45.1,51,65.1,57.7,61.9
Kaplan Hospital,68,2022-02-09T00:00:00.000Z,70.7,64.2,87.8,85.5,86.6
Tel Aviv Medical Center,65.3,2022-02-09T00:00:00.000Z,64.3,59.7,140.2,130.2,125.1
Meir Hospital,67.5,2022-02-09T00:00:00.000Z,59.2,77.6,91.9,89.7,87.7
Rambam,73.2,2022-02-09T00:00:00.000Z,69,79.9,93.4,86.3,91.6
Nahariya,74.7,2022-02-09T00:00:00.000Z,75.3,77.1,85.5,84.3,80.1
Bnei Ziom Medical Center,61.2,2022-02-09T00:00:00.000Z,56.7,60.2,83.1,77.4,86.6
Soroka Medical Center,66.7,2022-02-09T00:00:00.000Z,70.2,74.5,75.3,72.4,77.3
Hadassah Mount Scopus,77.8,2022-02-09T00:00:00.000Z,66.3,82.9,81.6,76.5,69.9
Woolfson Medical Center,54.5,2022-02-09T00:00:00.000Z,58.7,71.3,82,76.3,74.2
Assuta Ashdod,125.4,2022-02-09T00:00:00.000Z,118.9,164.6,131.4,128.3,142.2
All Facilities,72.2,2022-02-09T00:00:00.000Z,71.2,73.9,91.9,88.1,86.6
Laniado,80.8,2022-02-09T00:00:00.000Z,85,86.1,115.9,118.4,87.1
Rabin K. Beilinson,82.8,2022-02-09T00:00:00.000Z,79,72.4,99.2,93.2,88.3
Hacarmel Hospital,39.6,2022-02-09T00:00:00.000Z,40.7,61.6,87.5,88.8,84.7
Ziv Hospital,70.3,2022-02-10T00:00:00.000Z,75.7,96.4,72.3,71.7,80.3
Yosephtal Hospital,112.5,2022-02-10T00:00:00.000Z,112.5,62.5,72.3,66.6,80.7
Assaf Harofeh Medical Center,63.3,2022-02-10T00:00:00.000Z,70.6,68.6,74.7,76.5,68.1
Hillel Yaffeh Medical Center,61,2022-02-10T00:00:00.000Z,74.8,72.6,75,83.2,82.6
Chaim Sheba Medical Center,77.4,2022-02-10T00:00:00.000Z,90.1,60.4,101.1,100.7,92.9
Haemek Valley Center Hospital,81.3,2022-02-10T00:00:00.000Z,76.4,77.3,72.3,71.8,75.1
Poriah Hospital,34.6,2022-02-10T00:00:00.000Z,55.1,57.3,69.9,72.2,68.1
Shmuel Harofe,5.6,2022-02-10T00:00:00.000Z,5.6,77.4,91.8,90.6,73.6
Hadassah Ein Kerem,107.8,2022-02-10T00:00:00.000Z,98.8,54.2,83.1,86.3,82.9
Shaare Zedek,69.3,2022-02-10T00:00:00.000Z,73.7,74,108.1,111,102.5
Barzilai Medical Center,76.6,2022-02-10T00:00:00.000Z,78.3,86.2,73,78.1,80.8
Rabin K. Hasharon,50,2022-02-10T00:00:00.000Z,46.5,50.6,57.7,59,60.4
Kaplan Hospital,65.3,2022-02-10T00:00:00.000Z,68.8,63.6,80,85.1,85.8
Tel Aviv Medical Center,63.7,2022-02-10T00:00:00.000Z,64.5,59.9,127.5,130.8,125.4
Meir Hospital,66.5,2022-02-10T00:00:00.000Z,61.3,77.3,88,90.3,87.3
Rambam,73.2,2022-02-10T00:00:00.000Z,69.9,80.4,91.4,86.4,91.3
Nahariya,80.5,2022-02-10T00:00:00.000Z,75.2,77.1,80,83.7,80.2
Bnei Ziom Medical Center,58.7,2022-02-10T00:00:00.000Z,56.8,60.6,78.8,77.6,86.7
Soroka Medical Center,57,2022-02-10T00:00:00.000Z,69.7,73.7,67,72.9,77.4
Hadassah Mount Scopus,63.9,2022-02-10T00:00:00.000Z,69,85.7,77.4,77.5,71
Woolfson Medical Center,58.6,2022-02-10T00:00:00.000Z,57.5,70.7,78.8,76.7,74.1
Assuta Ashdod,123.7,2022-02-10T00:00:00.000Z,121.3,165.4,132.8,128.2,141.1
All Facilities,68.6,2022-02-10T00:00:00.000Z,71.5,73.7,86.3,88.2,86.5
Laniado,62.8,2022-02-10T00:00:00.000Z,84.6,87.4,100,116.4,85.6
Rabin K. Beilinson,79.3,2022-02-10T00:00:00.000Z,80.1,71.5,93,93.6,88.1
Hacarmel Hospital,37.7,2022-02-10T00:00:00.000Z,40.4,61.5,84.7,87.7,83.4
Yosephtal Hospital,175,2022-02-11T00:00:00.000Z,114.3,67.9,78.5,68.8,86.4
Assaf Harofeh Medical Center,65.6,2022-02-11T00:00:00.000Z,69.9,68.4,68.7,76.7,68.2
Hillel Yaffeh Medical Center,74.7,2022-02-11T00:00:00.000Z,73.4,71.2,73.8,82.1,82.9
Chaim Sheba Medical Center,78.2,2022-02-11T00:00:00.000Z,88.5,60.8,96.9,100.8,92.3
Haemek Valley Center Hospital,83.2,2022-02-11T00:00:00.000Z,79.5,76,69.2,73.1,75.9
Poriah Hospital,37.2,2022-02-11T00:00:00.000Z,52.4,56.6,62.5,72.1,68.4
Shmuel Harofe,5.6,2022-02-11T00:00:00.000Z,5.6,77,90.6,91,73.8
Hadassah Ein Kerem,107.8,2022-02-11T00:00:00.000Z,101.7,54.1,80.8,85.8,83
Shaare Zedek,74.7,2022-02-11T00:00:00.000Z,73.4,74.7,96.6,110.8,102.7
Barzilai Medical Center,76,2022-02-11T00:00:00.000Z,78.9,85.3,71.4,77.6,79.5
Rabin K. Hasharon,50,2022-02-11T00:00:00.000Z,47.6,49.9,48.1,59.4,59.6
Kaplan Hospital,68.7,2022-02-11T00:00:00.000Z,68,62.5,74.9,84.5,85.1
Tel Aviv Medical Center,65,2022-02-11T00:00:00.000Z,64.9,60.5,112.6,130.7,125.7
Meir Hospital,60.5,2022-02-11T00:00:00.000Z,62.6,76.6,79.9,90.1,87.5
Ziv Hospital,82.8,2022-02-11T00:00:00.000Z,73.2,96,65.1,72.2,79.5
Rambam,79.8,2022-02-11T00:00:00.000Z,71.4,80.7,83.7,87.4,91
Nahariya,77.4,2022-02-11T00:00:00.000Z,76.8,77.2,75.1,83.5,80.3
Bnei Ziom Medical Center,58.7,2022-02-11T00:00:00.000Z,57.4,62.3,68.6,78.4,87.8
Soroka Medical Center,57,2022-02-11T00:00:00.000Z,69.4,72.9,64.8,72.8,77.6
Hadassah Mount Scopus,66.7,2022-02-11T00:00:00.000Z,70.2,85.3,65.3,77.2,71.6
Woolfson Medical Center,59,2022-02-11T00:00:00.000Z,58.1,70.5,69.1,77.3,73.8
Assuta Ashdod,111.9,2022-02-11T00:00:00.000Z,121.8,164.6,113.7,128.2,139.9
All Facilities,70,2022-02-11T00:00:00.000Z,71.7,73.4,79.5,88.2,86.4
Laniado,69.2,2022-02-11T00:00:00.000Z,81,86.8,76.9,114.1,85
Rabin K. Beilinson,75.3,2022-02-11T00:00:00.000Z,81,71.1,83.3,94.3,87.8
Hacarmel Hospital,36.8,2022-02-11T00:00:00.000Z,39.9,61.1,80,86.9,82.5
Yosephtal Hospital,175,2022-02-12T00:00:00.000Z,125,73.2,93.8,71.9,87.5
Assaf Harofeh Medical Center,72.6,2022-02-12T00:00:00.000Z,69.5,68.6,74.3,76.2,68.3
Hillel Yaffeh Medical Center,78.8,2022-02-12T00:00:00.000Z,74.5,69.9,80.4,81.9,82.8
Chaim Sheba Medical Center,85.8,2022-02-12T00:00:00.000Z,87.7,60.8,101.8,101.3,91.6
Haemek Valley Center Hospital,80,2022-02-12T00:00:00.000Z,80.7,75.6,70.8,73.7,76.6
Poriah Hospital,47.4,2022-02-12T00:00:00.000Z,49.1,55.9,69.3,71.5,68.3
Shmuel Harofe,5.6,2022-02-12T00:00:00.000Z,5.6,77.8,90.9,91.2,74
Hadassah Ein Kerem,112.6,2022-02-12T00:00:00.000Z,103.9,54.4,81.2,86.1,83.6
Shaare Zedek,77.3,2022-02-12T00:00:00.000Z,73.8,75,101.5,110.3,102.2
Barzilai Medical Center,84.4,2022-02-12T00:00:00.000Z,79.5,84.3,75.7,77.6,79.2
Rabin K. Hasharon,51.8,2022-02-12T00:00:00.000Z,48.6,48.4,50.2,59.9,57.5
Kaplan Hospital,79.3,2022-02-12T00:00:00.000Z,69.1,61.9,79.3,84.2,84.9
Tel Aviv Medical Center,66,2022-02-12T00:00:00.000Z,65.6,61.9,121.9,131.1,126.7
Meir Hospital,71.5,2022-02-12T00:00:00.000Z,63.6,76.4,87.3,89.5,86.3
Ziv Hospital,98.4,2022-02-12T00:00:00.000Z,73.9,97.3,73.8,72.7,79
Rambam,79.3,2022-02-12T00:00:00.000Z,72.7,81.3,86.5,87.8,91.6
Nahariya,86.8,2022-02-12T00:00:00.000Z,77.2,77,80.1,83.1,79.9
Bnei Ziom Medical Center,58.7,2022-02-12T00:00:00.000Z,57.7,64.1,73.4,77.9,88.1
Soroka Medical Center,60.9,2022-02-12T00:00:00.000Z,68.7,72.3,71.3,72.6,77.4
Hadassah Mount Scopus,75,2022-02-12T00:00:00.000Z,71.8,83.3,69.4,76.5,71.9
Woolfson Medical Center,59.4,2022-02-12T00:00:00.000Z,58.2,69.8,71,77.2,74.1
Assuta Ashdod,106.8,2022-02-12T00:00:00.000Z,122,164.9,102,127.9,140.3
All Facilities,74.8,2022-02-12T00:00:00.000Z,72,73.3,84.2,88.1,86.3
Laniado,76.9,2022-02-12T00:00:00.000Z,79.5,85.9,86.6,110.1,85.3
Rabin K. Beilinson,83.7,2022-02-12T00:00:00.000Z,80.7,71.4,89.6,94.3,87.9
Hacarmel Hospital,38.7,2022-02-12T00:00:00.000Z,39.5,61.6,86.9,86.7,82.2
Yosephtal Hospital,125,2022-02-13T00:00:00.000Z,133.9,85.7,93.8,76.7,91
Assaf Harofeh Medical Center,76.1,2022-02-13T00:00:00.000Z,69.6,69.1,80.8,76.1,68.3
Hillel Yaffeh Medical Center,76,2022-02-13T00:00:00.000Z,75.8,70.4,86.8,82.3,82.8
Chaim Sheba Medical Center,82.4,2022-02-13T00:00:00.000Z,86.8,61.3,104.9,102,91.5
Haemek Valley Center Hospital,83.9,2022-02-13T00:00:00.000Z,80.8,73.7,76.7,73.8,76.6
Poriah Hospital,48.7,2022-02-13T00:00:00.000Z,47.8,55.3,75.8,71.4,68.9
Shmuel Harofe,5.6,2022-02-13T00:00:00.000Z,5.6,78.2,91.2,91.4,74
Hadassah Ein Kerem,96.1,2022-02-13T00:00:00.000Z,106.4,55.9,80.8,85.8,84.3
Shaare Zedek,84.7,2022-02-13T00:00:00.000Z,74.5,75.4,112.6,109.5,101.7
Barzilai Medical Center,87.5,2022-02-13T00:00:00.000Z,79.8,83.9,80,77.2,79
Rabin K. Hasharon,55.3,2022-02-13T00:00:00.000Z,49.1,47.2,65.1,59.5,56.4
Bnei Ziom Medical Center,63.6,2022-02-13T00:00:00.000Z,58.1,65.4,82.2,78,86.6
Kaplan Hospital,82,2022-02-13T00:00:00.000Z,70.4,61.4,91.9,83.7,84.5
Meir Hospital,67.5,2022-02-13T00:00:00.000Z,66.2,73.4,90.6,89.3,85.4
Assuta Ashdod,120.3,2022-02-13T00:00:00.000Z,122.5,162.5,129,127.5,140.6
Ziv Hospital,92.2,2022-02-13T00:00:00.000Z,77.5,95.8,84.7,74.6,78
Rambam,75.3,2022-02-13T00:00:00.000Z,73.6,81.7,94.3,88.7,91.9
Nahariya,79.5,2022-02-13T00:00:00.000Z,78.3,76.8,85.9,82.2,79.6
Soroka Medical Center,62.4,2022-02-13T00:00:00.000Z,67.4,72.3,75.2,72.7,77.3
Hadassah Mount Scopus,72.2,2022-02-13T00:00:00.000Z,72.2,80.2,71.5,76,72.1
Woolfson Medical Center,62.7,2022-02-13T00:00:00.000Z,58,70.7,78.9,77,74.4
Tel Aviv Medical Center,70.7,2022-02-13T00:00:00.000Z,65.8,63.2,136.4,131.5,127.7
All Facilities,75.6,2022-02-13T00:00:00.000Z,72.4,73.3,91.1,88.1,86.3
Laniado,80.8,2022-02-13T00:00:00.000Z,77.1,86.4,108.4,106.1,86.2
Rabin K. Beilinson,91.2,2022-02-13T00:00:00.000Z,80.6,72.4,94.6,94.1,88.1
Hacarmel Hospital,43.4,2022-02-13T00:00:00.000Z,38.9,61.3,92.8,87.1,81.6
Yosephtal Hospital,112.5,2022-02-14T00:00:00.000Z,135.7,98.2,93.8,79.8,97.1
Assaf Harofeh Medical Center,77.6,2022-02-14T00:00:00.000Z,70,69.8,81.6,76.3,68.8
Hillel Yaffeh Medical Center,84.2,2022-02-14T00:00:00.000Z,75.4,70.8,92.8,82.6,83.3
Chaim Sheba Medical Center,83.7,2022-02-14T00:00:00.000Z,86.4,62.4,105.4,102.4,91.7
Haemek Valley Center Hospital,85.8,2022-02-14T00:00:00.000Z,82,73.2,79.5,74.6,76.8
Poriah Hospital,41,2022-02-14T00:00:00.000Z,45.8,55.9,70.7,71.5,69.9
Shmuel Harofe,5.6,2022-02-14T00:00:00.000Z,5.6,79,92.1,91.6,74.2
Hadassah Ein Kerem,100,2022-02-14T00:00:00.000Z,106.2,56.7,88,84.8,84.5
Barzilai Medical Center,84.4,2022-02-14T00:00:00.000Z,80.4,83.3,79.6,76.9,78.7
Rabin K. Hasharon,54.4,2022-02-14T00:00:00.000Z,49.9,47.5,61.4,59,56
Bnei Ziom Medical Center,66.9,2022-02-14T00:00:00.000Z,58.6,66.6,87.1,78.5,85.5
Kaplan Hospital,87.3,2022-02-14T00:00:00.000Z,71.7,59.5,96.3,84.5,83.8
Meir Hospital,73.5,2022-02-14T00:00:00.000Z,65.9,72,94.7,88.5,85.2
Assuta Ashdod,125.4,2022-02-14T00:00:00.000Z,121.1,163,135.5,126.1,141.5
Ziv Hospital,110.9,2022-02-14T00:00:00.000Z,78.6,95.5,81.6,75.7,77
Rambam,76.8,2022-02-14T00:00:00.000Z,75,82,97.4,89.7,92.4
Nahariya,79.5,2022-02-14T00:00:00.000Z,78.7,76.3,87.3,82.5,79.6
Shaare Zedek,84.7,2022-02-14T00:00:00.000Z,76.1,75.9,116,109.3,101.4
Soroka Medical Center,74.8,2022-02-14T00:00:00.000Z,65.4,71.9,81.1,72.6,77.4
Hadassah Mount Scopus,94.4,2022-02-14T00:00:00.000Z,71.4,75.4,77.8,75.3,72.7
Woolfson Medical Center,60.2,2022-02-14T00:00:00.000Z,58.5,71.3,81.1,76.8,74.9
Tel Aviv Medical Center,77.7,2022-02-14T00:00:00.000Z,66.2,63.7,140.1,131,128.2
All Facilities,78.7,2022-02-14T00:00:00.000Z,72.6,73.3,93.3,88.1,86.3
Laniado,84.6,2022-02-14T00:00:00.000Z,76.7,86.3,100.8,103.7,86.5
Rabin K. Beilinson,92.5,2022-02-14T00:00:00.000Z,81.8,72.9,95.9,93.8,88
Hacarmel Hospital,42.5,2022-02-14T00:00:00.000Z,39.1,60.9,91.6,87.9,81.2
Yosephtal Hospital,112.5,2022-02-15T00:00:00.000Z,135.7,114.3,76.9,82,100.9
Assaf Harofeh Medical Center,77.2,2022-02-15T00:00:00.000Z,70.3,70.3,83.4,76.6,69.2
Chaim Sheba Medical Center,89.1,2022-02-15T00:00:00.000Z,84.9,61.7,107.8,102.6,92
Haemek Valley Center Hospital,87.7,2022-02-15T00:00:00.000Z,82.8,73.7,78.7,74.7,77.6
Poriah Hospital,50,2022-02-15T00:00:00.000Z,44.7,57.7,74.1,71.7,70.8
Shmuel Harofe,5.6,2022-02-15T00:00:00.000Z,5.6,79.8,90,91.7,74.5
Hadassah Ein Kerem,90.3,2022-02-15T00:00:00.000Z,106.5,57.4,89,84.7,84.2
Barzilai Medical Center,79.2,2022-02-15T00:00:00.000Z,80.7,83.6,77.8,76.3,78.8
Rabin K. Hasharon,54.4,2022-02-15T00:00:00.000Z,51,45.5,66,58.8,55.1
Bnei Ziom Medical Center,68.6,2022-02-15T00:00:00.000Z,60.3,66.9,88.9,79.2,84.5
Kaplan Hospital,88,2022-02-15T00:00:00.000Z,74,58.8,101.9,85.2,83.4
Meir Hospital,79,2022-02-15T00:00:00.000Z,67.3,70.4,93.2,89.1,85.2
Assuta Ashdod,125.4,2022-02-15T00:00:00.000Z,120.3,164.4,146.1,125.5,142.9
Ziv Hospital,101.6,2022-02-15T00:00:00.000Z,83.5,98.4,77.2,76.2,77.5
Rambam,81.3,2022-02-15T00:00:00.000Z,75.5,82.3,97.1,91,93.1
Nahariya,81.6,2022-02-15T00:00:00.000Z,79.2,75.6,88.8,83,79.7
Shaare Zedek,84.7,2022-02-15T00:00:00.000Z,77.7,76.3,116.3,109.9,101.6
Soroka Medical Center,71.7,2022-02-15T00:00:00.000Z,65.4,71.8,81.2,73.4,77.4
Hillel Yaffeh Medical Center,89.7,2022-02-15T00:00:00.000Z,75.9,71.3,94.2,82.8,84
Hadassah Mount Scopus,66.7,2022-02-15T00:00:00.000Z,73.4,74.6,80.2,74.7,73.6
Woolfson Medical Center,58.6,2022-02-15T00:00:00.000Z,58.6,72.1,80.2,76.9,75
Tel Aviv Medical Center,73,2022-02-15T00:00:00.000Z,67.7,64.5,139,131.1,129.2
All Facilities,78.7,2022-02-15T00:00:00.000Z,73.4,73.5,94.3,88.3,86.5
Laniado,84.6,2022-02-15T00:00:00.000Z,77.7,84.4,112.3,101.3,86.4
Rabin K. Beilinson,94.7,2022-02-15T00:00:00.000Z,83.6,73.7,98.3,93.5,87.8
Hacarmel Hospital,40.6,2022-02-15T00:00:00.000Z,39.8,60.4,90.8,87.9,81.6
Yosephtal Hospital,150,2022-02-16T00:00:00.000Z,135.7,126.8,95.4,83.1,104.2
Chaim Sheba Medical Center,81.6,2022-02-16T00:00:00.000Z,84.2,61.1,102.2,103.1,92.1
Haemek Valley Center Hospital,81.9,2022-02-16T00:00:00.000Z,83.2,72.5,77.2,75,78.3
Poriah Hospital,41,2022-02-16T00:00:00.000Z,43.8,56.6,70.4,71.3,69.8
Shmuel Harofe,5.6,2022-02-16T00:00:00.000Z,5.6,79.4,90,91.3,73.6
Hadassah Ein Kerem,88.3,2022-02-16T00:00:00.000Z,103.6,58.3,91.7,84.6,83.8
Barzilai Medical Center,80.7,2022-02-16T00:00:00.000Z,80.6,85.2,80.3,76.4,79.5
Rabin K. Hasharon,52.6,2022-02-16T00:00:00.000Z,52.5,43.5,64.7,59.1,54.8
Bnei Ziom Medical Center,70.2,2022-02-16T00:00:00.000Z,62.3,67.9,94.5,80.3,83.9
Kaplan Hospital,88.7,2022-02-16T00:00:00.000Z,77,57.3,99.1,87.5,83.6
Meir Hospital,71.5,2022-02-16T00:00:00.000Z,69.4,70.9,89.8,89.4,85.8
Assuta Ashdod,113.6,2022-02-16T00:00:00.000Z,119.9,166.1,141,127.2,143.7
Ziv Hospital,95.3,2022-02-16T00:00:00.000Z,89.1,99.3,77.5,76.4,79.1
Rambam,86.9,2022-02-16T00:00:00.000Z,77,82.7,96.5,92,94.1
Nahariya,82.1,2022-02-16T00:00:00.000Z,80,75.3,88.9,83.2,79.4
Shaare Zedek,88,2022-02-16T00:00:00.000Z,78.7,76.5,112.9,109.7,101.1
Assaf Harofeh Medical Center,76.4,2022-02-16T00:00:00.000Z,71,71.1,79.1,77.2,69.9
Soroka Medical Center,66.3,2022-02-16T00:00:00.000Z,64.3,71.3,78.3,73.7,77.3
Hillel Yaffeh Medical Center,87,2022-02-16T00:00:00.000Z,77.2,71.7,93,83.9,84.8
Hadassah Mount Scopus,63.9,2022-02-16T00:00:00.000Z,73.8,72.2,78.5,74.8,74.1
The Holy Family,175.9,2022-02-16T00:00:00.000Z,,,97.3,,
Woolfson Medical Center,54.9,2022-02-16T00:00:00.000Z,59,72.5,76.7,77.3,75.2
Tel Aviv Medical Center,74.3,2022-02-16T00:00:00.000Z,68.8,65.3,138.2,131.1,129.4
All Facilities,77.8,2022-02-16T00:00:00.000Z,74.1,73.7,92.9,88.7,86.7
Laniado,82.1,2022-02-16T00:00:00.000Z,77.1,84.6,104.5,100.1,86.8
Rabin K. Beilinson,96,2022-02-16T00:00:00.000Z,85.7,73.8,99.5,93.4,87.4
Hacarmel Hospital,37.7,2022-02-16T00:00:00.000Z,39.9,60.9,94.3,87.8,82.9
Yosephtal Hospital,162.5,2022-02-17T00:00:00.000Z,137.5,135.4,80,86.4,99.1
Chaim Sheba Medical Center,79.5,2022-02-17T00:00:00.000Z,82.6,60.6,98.7,102.9,92.5
Hacarmel Hospital,36.8,2022-02-17T00:00:00.000Z,39.6,62,85.7,88.7,84.6
Poriah Hospital,52.6,2022-02-17T00:00:00.000Z,42.9,56.4,63.7,70.4,68.2
Shmuel Harofe,8.3,2022-02-17T00:00:00.000Z,5.6,79.8,91.8,91,72.9
Hadassah Ein Kerem,91.3,2022-02-17T00:00:00.000Z,100.4,59.6,88.8,84.9,84.1
Barzilai Medical Center,77.6,2022-02-17T00:00:00.000Z,81.3,85.4,77.8,76.8,79.6
Rabin K. Hasharon,51.8,2022-02-17T00:00:00.000Z,52.6,42.2,53.9,59,54.8
Bnei Ziom Medical Center,71.1,2022-02-17T00:00:00.000Z,63.6,70,90.5,81.9,85.3
Kaplan Hospital,84,2022-02-17T00:00:00.000Z,79.9,56.7,93.3,89.1,84
Meir Hospital,73.5,2022-02-17T00:00:00.000Z,70,71.6,85,89.1,87
Assuta Ashdod,133.9,2022-02-17T00:00:00.000Z,118.2,165.9,141.3,128.6,144.1
Ziv Hospital,95.3,2022-02-17T00:00:00.000Z,93.1,99.3,75.2,76,79.3
Rambam,80.3,2022-02-17T00:00:00.000Z,78.9,83.1,88.4,92.4,95.2
Nahariya,78.9,2022-02-17T00:00:00.000Z,81.1,74.8,79,83.7,79.5
Haemek Valley Center Hospital,82.6,2022-02-17T00:00:00.000Z,83.4,71.2,71.5,74.9,78.4
Shaare Zedek,83.3,2022-02-17T00:00:00.000Z,80.5,76,105,109.1,100.8
Assaf Harofeh Medical Center,71.4,2022-02-17T00:00:00.000Z,72.7,71.6,72.7,77.5,70.1
Soroka Medical Center,66.7,2022-02-17T00:00:00.000Z,64.3,71.8,75.8,74.1,77.4
Hillel Yaffeh Medical Center,78.1,2022-02-17T00:00:00.000Z,78.8,71.1,84.7,85.1,85.5
Hadassah Mount Scopus,58.3,2022-02-17T00:00:00.000Z,71.8,69.8,76.7,74.3,74.1
Woolfson Medical Center,57.4,2022-02-17T00:00:00.000Z,59.1,73,75,76.6,75.3
Tel Aviv Medical Center,73.3,2022-02-17T00:00:00.000Z,70,66,128.9,130.8,130.2
All Facilities,76,2022-02-17T00:00:00.000Z,74.9,73.9,87.7,88.8,86.9
Laniado,83.3,2022-02-17T00:00:00.000Z,77.3,83.5,105.8,98.5,87.2
Rabin K. Beilinson,95.2,2022-02-17T00:00:00.000Z,87.5,74.6,93.1,93.5,87.3
Yosephtal Hospital,162.5,2022-02-18T00:00:00.000Z,144.6,118.8,69.2,87.5,87.9
Chaim Sheba Medical Center,78.2,2022-02-18T00:00:00.000Z,82.9,61.4,93.2,102.5,93.3
Hacarmel Hospital,37.7,2022-02-18T00:00:00.000Z,39.5,62.7,77.7,88.9,86
Poriah Hospital,46.2,2022-02-18T00:00:00.000Z,45.4,57.1,59.4,69.5,67
Hadassah Ein Kerem,94.2,2022-02-18T00:00:00.000Z,98.1,60.3,81,85.8,84.6
Barzilai Medical Center,72.9,2022-02-18T00:00:00.000Z,81.4,83.7,71.4,77.5,79.8
Rabin K. Hasharon,53.5,2022-02-18T00:00:00.000Z,52.9,40.4,46.1,58.5,54
Bnei Ziom Medical Center,76,2022-02-18T00:00:00.000Z,65.4,69.7,80.4,83.6,85.9
Meir Hospital,72.5,2022-02-18T00:00:00.000Z,71,71,78.4,88.7,87
Assuta Ashdod,113.6,2022-02-18T00:00:00.000Z,119.6,165.4,119.1,129.8,144.6
Rambam,87.4,2022-02-18T00:00:00.000Z,79.9,82.3,85.6,92,95.8
Nahariya,84.2,2022-02-18T00:00:00.000Z,80.8,75,74.7,83.6,79.7
Ziv Hospital,96.9,2022-02-18T00:00:00.000Z,96.7,100,66.3,76.5,80.1
Haemek Valley Center Hospital,80,2022-02-18T00:00:00.000Z,83.6,70.1,67.1,74.8,78.1
Shmuel Harofe,30.6,2022-02-18T00:00:00.000Z,6,80.2,90.6,91,72.9
Shaare Zedek,86.7,2022-02-18T00:00:00.000Z,82.5,75.4,92.5,108.7,100.8
Assaf Harofeh Medical Center,74.5,2022-02-18T00:00:00.000Z,73.9,72.1,67.5,77.2,70.2
Soroka Medical Center,73.6,2022-02-18T00:00:00.000Z,65.7,72.1,75.2,75.4,77.4
Hillel Yaffeh Medical Center,77.4,2022-02-18T00:00:00.000Z,81.2,72.2,76.5,86.5,85.9
Kaplan Hospital,84.7,2022-02-18T00:00:00.000Z,82.6,55.9,85.5,91,83.9
Hadassah Mount Scopus,58.3,2022-02-18T00:00:00.000Z,71,69.4,74.7,74.2,73.4
Woolfson Medical Center,58.6,2022-02-18T00:00:00.000Z,58.9,72,69.1,76,75
Tel Aviv Medical Center,72.3,2022-02-18T00:00:00.000Z,71.4,66,113.9,131,131.1
All Facilities,77,2022-02-18T00:00:00.000Z,75.9,73.7,80.7,89,87
Laniado,91,2022-02-18T00:00:00.000Z,80.2,83.3,81.3,99.3,87.7
Rabin K. Beilinson,90.3,2022-02-18T00:00:00.000Z,89.8,75.2,85.6,93.5,87.3
Yosephtal Hospital,175,2022-02-19T00:00:00.000Z,142.9,120.8,69.2,86.2,82.4
Rabin K. Beilinson,98.2,2022-02-19T00:00:00.000Z,91.9,74.9,92.7,93.8,87.4
Chaim Sheba Medical Center,82.8,2022-02-19T00:00:00.000Z,82.9,62.2,94.7,102,93.8
Hacarmel Hospital,43.4,2022-02-19T00:00:00.000Z,39.6,63.5,86.1,88.5,86.9
Poriah Hospital,55.1,2022-02-19T00:00:00.000Z,46.7,56.6,64.2,69.1,66.4
Shmuel Harofe,50,2022-02-19T00:00:00.000Z,9.5,80.2,93,91,72.9
Hadassah Ein Kerem,101.9,2022-02-19T00:00:00.000Z,96.1,60.9,84.5,85.8,84.1
Barzilai Medical Center,88.5,2022-02-19T00:00:00.000Z,81,81.6,77.2,77.5,78.5
Rabin K. Hasharon,58.8,2022-02-19T00:00:00.000Z,53.4,39,58.5,58.2,53.5
Bnei Ziom Medical Center,76,2022-02-19T00:00:00.000Z,67.9,71.3,89.8,85.3,86.8
Hadassah Mount Scopus,52.8,2022-02-19T00:00:00.000Z,69.8,72.2,75.3,75.5,73.2
Meir Hospital,83.5,2022-02-19T00:00:00.000Z,72.7,71.1,86.5,88.4,87.6
Assuta Ashdod,115.3,2022-02-19T00:00:00.000Z,119.9,164.9,115,130.6,143.5
Rambam,92.9,2022-02-19T00:00:00.000Z,81,81.1,90,92.3,95.6
Nahariya,90.5,2022-02-19T00:00:00.000Z,81.8,74.3,79.5,83.5,79.5
Ziv Hospital,107.8,2022-02-19T00:00:00.000Z,98.7,96.2,77.8,76.6,79.2
Haemek Valley Center Hospital,89.7,2022-02-19T00:00:00.000Z,83.1,70.5,75.2,74.5,77.5
Shaare Zedek,90,2022-02-19T00:00:00.000Z,84.2,75.4,95.3,108.1,99.9
Assaf Harofeh Medical Center,79.2,2022-02-19T00:00:00.000Z,75.1,72,69.9,77.1,70
Soroka Medical Center,76,2022-02-19T00:00:00.000Z,68.1,70.9,78.5,76.9,77.2
Hillel Yaffeh Medical Center,82.9,2022-02-19T00:00:00.000Z,81.6,72.1,83.9,86.9,86.9
Kaplan Hospital,92.7,2022-02-19T00:00:00.000Z,84.9,56.3,90.3,92.5,83.5
Woolfson Medical Center,61.1,2022-02-19T00:00:00.000Z,58.8,71,74.5,76,74.1
Tel Aviv Medical Center,78.3,2022-02-19T00:00:00.000Z,72.5,64.6,107.1,131.2,130.8
All Facilities,83.4,2022-02-19T00:00:00.000Z,76.9,73.4,84.6,89.2,86.9
Laniado,101.3,2022-02-19T00:00:00.000Z,83.3,83.9,90,100,87.5
Ziv Hospital,118.8,2022-02-20T00:00:00.000Z,100,94.2,86.5,77.2,78.3
Nahariya,95.8,2022-02-20T00:00:00.000Z,82.3,74.7,83.4,83.4,79.4
Laniado,89.7,2022-02-20T00:00:00.000Z,86.8,82.4,110.9,100.4,86.1
Rabin K. Beilinson,111,2022-02-20T00:00:00.000Z,94,74.4,101.9,94.3,87.3
Chaim Sheba Medical Center,91.2,2022-02-20T00:00:00.000Z,82.5,61.8,103.8,101,93.6
Hacarmel Hospital,38.7,2022-02-20T00:00:00.000Z,40.3,64.3,93.5,88.4,87.4
Poriah Hospital,56.4,2022-02-20T00:00:00.000Z,47.8,54.4,69,68.3,65.2
Shmuel Harofe,69.4,2022-02-20T00:00:00.000Z,15.9,80.6,94.4,91.2,73
Hadassah Ein Kerem,90.3,2022-02-20T00:00:00.000Z,94.6,60.1,86.9,86.2,83.7
Barzilai Medical Center,91.1,2022-02-20T00:00:00.000Z,81.5,81.1,87.6,77.7,77.8
Rabin K. Hasharon,57,2022-02-20T00:00:00.000Z,54.4,38.1,66.4,59.4,53.1
Bnei Ziom Medical Center,76.9,2022-02-20T00:00:00.000Z,70.4,72.5,95.2,87.6,87.4
Hadassah Mount Scopus,58.3,2022-02-20T00:00:00.000Z,66.7,75,77.1,76.4,73.5
Woolfson Medical Center,63.1,2022-02-20T00:00:00.000Z,59.1,68.6,81.8,76.5,73.2
Meir Hospital,88.5,2022-02-20T00:00:00.000Z,74.4,72.1,96.1,88.3,87.6
Assuta Ashdod,122,2022-02-20T00:00:00.000Z,121.1,167.6,133.4,132.4,143.7
Yosephtal Hospital,150,2022-02-20T00:00:00.000Z,142.9,106.3,87.7,82.6,74.5
Haemek Valley Center Hospital,95.5,2022-02-20T00:00:00.000Z,84.5,70.3,77.7,75.1,76.8
Shaare Zedek,89.3,2022-02-20T00:00:00.000Z,86,75.1,108.6,107.2,99.4
Assaf Harofeh Medical Center,80.3,2022-02-20T00:00:00.000Z,76.1,71.3,78.2,76.4,69.3
Rambam,90.9,2022-02-20T00:00:00.000Z,83,81.2,98.2,92.8,95.4
Soroka Medical Center,77.9,2022-02-20T00:00:00.000Z,70.2,69.7,82.8,77.9,77.1
Hillel Yaffeh Medical Center,79.5,2022-02-20T00:00:00.000Z,82.2,70.7,89.1,87.4,87.2
Kaplan Hospital,91.3,2022-02-20T00:00:00.000Z,86.8,56.1,94.5,94,82.7
Tel Aviv Medical Center,80.7,2022-02-20T00:00:00.000Z,74.2,63.2,141.8,129.1,129.9
All Facilities,85.5,2022-02-20T00:00:00.000Z,78.2,72.9,93.8,89.2,86.5
Ziv Hospital,103.1,2022-02-21T00:00:00.000Z,103.8,92.4,86.2,77.4,76.8
Nahariya,100.5,2022-02-21T00:00:00.000Z,84.7,74.8,91.5,83.1,79.2
Laniado,83.3,2022-02-21T00:00:00.000Z,88.1,81,100.8,100.8,85.2
Rabin K. Beilinson,106.6,2022-02-21T00:00:00.000Z,96.9,75.2,102.1,95.3,87.1
Chaim Sheba Medical Center,99.2,2022-02-21T00:00:00.000Z,83.7,61.4,108.8,100.8,93.6
Hacarmel Hospital,41.5,2022-02-21T00:00:00.000Z,39.6,65.5,96.3,88.5,88.5
Poriah Hospital,61.5,2022-02-21T00:00:00.000Z,48.9,50.7,73.8,67.4,63.7
Shmuel Harofe,100,2022-02-21T00:00:00.000Z,25,80.6,97.1,91.7,72.9
Hadassah Ein Kerem,98.1,2022-02-21T00:00:00.000Z,93.8,59.5,94.4,87.1,83.4
Barzilai Medical Center,88.5,2022-02-21T00:00:00.000Z,82.1,80.1,78.1,78.8,77
Rabin K. Hasharon,54.4,2022-02-21T00:00:00.000Z,54.6,35.8,61.8,59.6,51.7
Bnei Ziom Medical Center,82.6,2022-02-21T00:00:00.000Z,72.3,72.8,97.9,89.5,87.6
Soroka Medical Center,71.3,2022-02-21T00:00:00.000Z,72.4,69.8,82.6,79,76.8
Hadassah Mount Scopus,61.1,2022-02-21T00:00:00.000Z,64.7,77,77.8,77.2,73.3
Woolfson Medical Center,63.1,2022-02-21T00:00:00.000Z,59.1,66.8,78.9,76.9,71.9
Meir Hospital,79,2022-02-21T00:00:00.000Z,77.4,72.4,103.1,89.1,86.8
Assuta Ashdod,125.4,2022-02-21T00:00:00.000Z,121.3,167.8,136.9,133.1,143.5
Yosephtal Hospital,150,2022-02-21T00:00:00.000Z,146.4,91.7,87.7,81.8,67
Haemek Valley Center Hospital,92.9,2022-02-21T00:00:00.000Z,86.2,69.3,77,75.3,75.8
Shaare Zedek,84.7,2022-02-21T00:00:00.000Z,86.7,74.9,112.8,106.6,99
Assaf Harofeh Medical Center,82.6,2022-02-21T00:00:00.000Z,76.7,71,80.6,76.1,68.6
Rambam,94.9,2022-02-21T00:00:00.000Z,85.2,81.3,95.9,93.3,95.4
Hillel Yaffeh Medical Center,84.9,2022-02-21T00:00:00.000Z,82.7,70.5,94.6,87.7,87.6
Kaplan Hospital,94,2022-02-21T00:00:00.000Z,88.1,56.9,93.1,94.4,82
Tel Aviv Medical Center,76,2022-02-21T00:00:00.000Z,75.7,62.7,122,129.9,129.8
All Facilities,85.4,2022-02-21T00:00:00.000Z,79.6,72.5,93.8,89.6,86.1
Ziv Hospital,104.7,2022-02-22T00:00:00.000Z,102.7,89.7,81.8,78.1,75.8
Nahariya,95.3,2022-02-22T00:00:00.000Z,87.7,74.7,87.3,83.7,79.1
Laniado,80.8,2022-02-22T00:00:00.000Z,87.9,80,104.7,100.8,85.1
Rabin K. Beilinson,111.9,2022-02-22T00:00:00.000Z,98.9,75,105.1,96.2,87.4
Chaim Sheba Medical Center,100.4,2022-02-22T00:00:00.000Z,86,61,107.4,101.3,93.6
Hacarmel Hospital,37.7,2022-02-22T00:00:00.000Z,39.5,65.2,91.6,89.2,89.4
Poriah Hospital,67.9,2022-02-22T00:00:00.000Z,51.8,47.8,74.6,67.8,63.3
Shmuel Harofe,105.6,2022-02-22T00:00:00.000Z,38.5,80.6,97.7,92.4,73
Hadassah Ein Kerem,98.1,2022-02-22T00:00:00.000Z,93.5,59.6,89.3,88,84.5
Barzilai Medical Center,82.3,2022-02-22T00:00:00.000Z,82.7,79.3,80.8,78.6,76.8
Rabin K. Hasharon,58.8,2022-02-22T00:00:00.000Z,54.6,34.6,66.4,59.6,51.3
Bnei Ziom Medical Center,74.4,2022-02-22T00:00:00.000Z,74.5,74.1,93.8,91,87.7
Soroka Medical Center,74.4,2022-02-22T00:00:00.000Z,71.9,69,80.4,79.2,77.1
Hadassah Mount Scopus,50,2022-02-22T00:00:00.000Z,59.9,75.4,83,77.2,72.2
Woolfson Medical Center,61.1,2022-02-22T00:00:00.000Z,59.5,65.2,76.7,76.6,71.2
Meir Hospital,68.5,2022-02-22T00:00:00.000Z,78.2,71.9,80.5,90.3,85.9
Assuta Ashdod,127.1,2022-02-22T00:00:00.000Z,121.3,167.3,144,133.3,142.7
Yosephtal Hospital,206.3,2022-02-22T00:00:00.000Z,151.8,77.1,109.2,80.9,64.8
Haemek Valley Center Hospital,100,2022-02-22T00:00:00.000Z,87.2,67.6,78.8,74.9,74.8
Shaare Zedek,83.3,2022-02-22T00:00:00.000Z,86.7,73.4,114.1,106.2,98.6
Assaf Harofeh Medical Center,80.7,2022-02-22T00:00:00.000Z,77.4,71.5,81.7,75.9,68.3
Rambam,88.4,2022-02-22T00:00:00.000Z,87.8,81.4,97,93.1,94.8
Hillel Yaffeh Medical Center,91.8,2022-02-22T00:00:00.000Z,82.8,71.2,95.9,88,87.8
Kaplan Hospital,91.3,2022-02-22T00:00:00.000Z,89,57.6,95.2,94,82.4
Tel Aviv Medical Center,79.3,2022-02-22T00:00:00.000Z,75.4,61.7,125,127.3,128.9
All Facilities,84.9,2022-02-22T00:00:00.000Z,80.5,72,92.9,89.7,86
Ziv Hospital,98.4,2022-02-23T00:00:00.000Z,103.1,87.3,85.6,78.8,74.1
Rambam,84.8,2022-02-23T00:00:00.000Z,88.8,81.5,96.3,93.1,94.6
Nahariya,95.8,2022-02-23T00:00:00.000Z,89.6,73.8,91.1,83.5,78.6
Laniado,87.2,2022-02-23T00:00:00.000Z,87.4,78.9,101.4,99.7,83.8
Rabin K. Beilinson,109.3,2022-02-23T00:00:00.000Z,101.3,77,98.6,97.2,87.8
Chaim Sheba Medical Center,89.1,2022-02-23T00:00:00.000Z,87.6,61.9,105.4,101.3,93.9
Hacarmel Hospital,38.7,2022-02-23T00:00:00.000Z,39.1,65,74.4,89.3,88.8
Shmuel Harofe,102.8,2022-02-23T00:00:00.000Z,52.8,79.8,94.4,93.5,73.9
Barzilai Medical Center,78.6,2022-02-23T00:00:00.000Z,83.1,78.1,79.8,79,75.9
Rabin K. Hasharon,56.1,2022-02-23T00:00:00.000Z,55.3,34.8,64.7,59.7,50.9
Bnei Ziom Medical Center,76,2022-02-23T00:00:00.000Z,75.3,75,90.1,91.7,88.3
Soroka Medical Center,73.3,2022-02-23T00:00:00.000Z,72.3,68.9,77.4,79.1,77.6
Hadassah Mount Scopus,58.3,2022-02-23T00:00:00.000Z,57.5,77.4,77.8,77.6,71.3
Woolfson Medical Center,60.7,2022-02-23T00:00:00.000Z,59.9,64.4,78.3,76.1,70.6
Meir Hospital,68.5,2022-02-23T00:00:00.000Z,76.7,70.5,79.2,88.5,84.8
Assuta Ashdod,127.1,2022-02-23T00:00:00.000Z,121.5,164.9,144.7,133,141.6
All Facilities,83.1,2022-02-23T00:00:00.000Z,81.4,72,89.2,89.5,85.8
Yosephtal Hospital,112.5,2022-02-23T00:00:00.000Z,165.2,61.5,67.7,85.5,59.3
Haemek Valley Center Hospital,89.7,2022-02-23T00:00:00.000Z,88.9,68.1,73.6,74.9,73.3
Poriah Hospital,65.4,2022-02-23T00:00:00.000Z,54.4,47.1,78,67.9,63.8
Hadassah Ein Kerem,104.9,2022-02-23T00:00:00.000Z,94.6,60.3,89.3,88.1,85.5
Assaf Harofeh Medical Center,86.5,2022-02-23T00:00:00.000Z,77.9,72.3,81.6,75.7,67.9
Hillel Yaffeh Medical Center,99.3,2022-02-23T00:00:00.000Z,83.1,72.1,95.1,88.2,87.2
Kaplan Hospital,86,2022-02-23T00:00:00.000Z,89.5,58.5,80,93,82.2
Tel Aviv Medical Center,75.3,2022-02-23T00:00:00.000Z,76.3,62,122.1,125.3,129.4
Ziv Hospital,82.8,2022-02-24T00:00:00.000Z,103.6,85.9,74.4,79.9,73.6
Rambam,85.9,2022-02-24T00:00:00.000Z,88.5,81.1,92.7,93.1,93.7
Nahariya,96.8,2022-02-24T00:00:00.000Z,91.6,72.6,81.6,83.8,77.8
Laniado,76.9,2022-02-24T00:00:00.000Z,88.1,79.1,97.8,99.3,84.6
Rabin K. Beilinson,100,2022-02-24T00:00:00.000Z,103.2,79.4,90.3,97,87.3
Chaim Sheba Medical Center,97.5,2022-02-24T00:00:00.000Z,88.6,62.5,108,101.7,93.8
Hacarmel Hospital,41.5,2022-02-24T00:00:00.000Z,39.2,65.2,70.1,86.5,88.2
Shmuel Harofe,100,2022-02-24T00:00:00.000Z,66.7,79,76,94.1,74.7
Barzilai Medical Center,75.5,2022-02-24T00:00:00.000Z,82.8,78.5,75.3,78.9,75.3
Rabin K. Hasharon,55.3,2022-02-24T00:00:00.000Z,55.8,34.7,59.3,59.7,50.7
Bnei Ziom Medical Center,72.7,2022-02-24T00:00:00.000Z,76.2,74.9,81.1,91.1,88.6
Soroka Medical Center,66.3,2022-02-24T00:00:00.000Z,73.3,67.8,72,79,76.7
Hadassah Mount Scopus,66.7,2022-02-24T00:00:00.000Z,56.7,77.4,78.1,77.5,70.6
Woolfson Medical Center,68.4,2022-02-24T00:00:00.000Z,60.7,64,75.8,76.3,70.2
Meir Hospital,59,2022-02-24T00:00:00.000Z,76.3,68.1,72.4,87,81.4
Assuta Ashdod,133.9,2022-02-24T00:00:00.000Z,123.5,164.6,141,133.5,141.1
All Facilities,81.3,2022-02-24T00:00:00.000Z,82.2,72.1,84.4,89,85
Yosephtal Hospital,87.5,2022-02-24T00:00:00.000Z,159.8,54.5,63.1,81.5,56.7
Haemek Valley Center Hospital,80.6,2022-02-24T00:00:00.000Z,90,67.8,63.7,74.4,71.5
Poriah Hospital,71.8,2022-02-24T00:00:00.000Z,57.9,48.4,71.8,69,63.7
Hadassah Ein Kerem,98.1,2022-02-24T00:00:00.000Z,96.9,60.1,88.1,87.7,86
Assaf Harofeh Medical Center,86.9,2022-02-24T00:00:00.000Z,79.3,73.1,75.2,76,67.5
Hillel Yaffeh Medical Center,88.4,2022-02-24T00:00:00.000Z,84.8,73.6,86,88.5,85.9
Kaplan Hospital,86,2022-02-24T00:00:00.000Z,89.1,59.7,74.7,90.3,80.2
Tel Aviv Medical Center,76.7,2022-02-24T00:00:00.000Z,76.5,62,118.2,123,125.9
Ziv Hospital,95.3,2022-02-25T00:00:00.000Z,101.8,85.9,65.7,79.8,74.3
Rambam,91.4,2022-02-25T00:00:00.000Z,89.3,82.3,83.2,93.7,93.9
Nahariya,104.7,2022-02-25T00:00:00.000Z,94.1,72.3,77.3,84.1,77.6
Laniado,66.7,2022-02-25T00:00:00.000Z,87.2,81.1,78.3,98.1,85.2
Rabin K. Beilinson,104,2022-02-25T00:00:00.000Z,103.9,81.2,85.2,96.6,86.4
Hacarmel Hospital,43.4,2022-02-25T00:00:00.000Z,39.9,65.8,68.1,84.3,87.4
Shmuel Harofe,91.7,2022-02-25T00:00:00.000Z,79.8,77.8,74.2,91.9,75.2
Barzilai Medical Center,81.3,2022-02-25T00:00:00.000Z,82.5,80.1,70,78.6,75.2
Rabin K. Hasharon,44.7,2022-02-25T00:00:00.000Z,56.3,36,38.2,60.5,50.7
Bnei Ziom Medical Center,79.3,2022-02-25T00:00:00.000Z,76.4,75.9,70.7,89.7,89
Soroka Medical Center,66.3,2022-02-25T00:00:00.000Z,73.3,66.6,67.2,78.4,75.9
Hadassah Mount Scopus,61.1,2022-02-25T00:00:00.000Z,57.9,78.2,78.1,77.7,70.8
Woolfson Medical Center,69.7,2022-02-25T00:00:00.000Z,62.3,64.9,68.2,76.5,69.8
Meir Hospital,59.5,2022-02-25T00:00:00.000Z,74.2,66.9,67.1,85.2,78.7
Assuta Ashdod,127.1,2022-02-25T00:00:00.000Z,123.5,165.6,123.2,133.4,140
All Facilities,80.9,2022-02-25T00:00:00.000Z,82.9,72.9,74.3,88.5,84.4
Yosephtal Hospital,93.8,2022-02-25T00:00:00.000Z,149.1,56.3,46.2,79.1,56.5
Haemek Valley Center Hospital,77.4,2022-02-25T00:00:00.000Z,89.8,69.8,61.7,73.3,71.1
Poriah Hospital,69.2,2022-02-25T00:00:00.000Z,60.6,49.6,63.7,70.1,63.8
Hadassah Ein Kerem,101,2022-02-25T00:00:00.000Z,97.9,60.1,80.3,87.6,86.3
Assaf Harofeh Medical Center,84.2,2022-02-25T00:00:00.000Z,81.5,73.9,68.1,76.4,67.8
Hillel Yaffeh Medical Center,80.8,2022-02-25T00:00:00.000Z,86.3,74.5,77.9,88.7,84.7
Kaplan Hospital,80,2022-02-25T00:00:00.000Z,89.4,62.1,68,87.6,79.4
The Holy Family,172.4,2022-02-25T00:00:00.000Z,175.9,175.9,118.1,97.3,149.6
Tel Aviv Medical Center,72,2022-02-25T00:00:00.000Z,77,63.2,98,121.5,122.9
Ziv Hospital,104.7,2022-02-26T00:00:00.000Z,101.6,88.4,73.8,79.7,75.5
Rambam,93.9,2022-02-26T00:00:00.000Z,89.9,83.2,86.5,93.3,93.6
Nahariya,112.1,2022-02-26T00:00:00.000Z,97.1,72.6,82.9,84.5,77.2
Laniado,83.3,2022-02-26T00:00:00.000Z,83.7,82.4,88.3,97.7,84.9
Rabin K. Beilinson,113.2,2022-02-26T00:00:00.000Z,105.9,83.3,91.8,96.6,85.7
Hacarmel Hospital,51.9,2022-02-26T00:00:00.000Z,40.7,65.9,73.6,82.9,85.9
Haemek Valley Center Hospital,85.2,2022-02-26T00:00:00.000Z,89.4,71.2,68.6,72.5,71
Shmuel Harofe,91.7,2022-02-26T00:00:00.000Z,88.5,77.4,76,89.5,76.1
Barzilai Medical Center,85.9,2022-02-26T00:00:00.000Z,83.7,81.2,74.3,78.4,75.6
Rabin K. Hasharon,55.3,2022-02-26T00:00:00.000Z,55,38.3,51.5,59.3,51.6
Soroka Medical Center,70.9,2022-02-26T00:00:00.000Z,72.2,66.1,71.3,77.3,75.2
Hadassah Mount Scopus,55.6,2022-02-26T00:00:00.000Z,58.3,76.2,76.7,78.2,70.9
Woolfson Medical Center,75.4,2022-02-26T00:00:00.000Z,63.9,65.5,73.5,76.3,69.5
Meir Hospital,70.5,2022-02-26T00:00:00.000Z,72.4,67.6,75.3,83.5,77.3
Assuta Ashdod,123.7,2022-02-26T00:00:00.000Z,125.4,164.4,114,134,139
All Facilities,87.2,2022-02-26T00:00:00.000Z,83.5,73.7,79.6,87.6,84.1
Yosephtal Hospital,87.5,2022-02-26T00:00:00.000Z,139.3,47.3,43.1,75.8,54.9
Poriah Hospital,73.1,2022-02-26T00:00:00.000Z,63.9,47.6,67.9,70.7,63.3
Hadassah Ein Kerem,106.8,2022-02-26T00:00:00.000Z,98.9,59.8,86.1,87.5,87
Assaf Harofeh Medical Center,87.6,2022-02-26T00:00:00.000Z,82.9,75.2,71.5,76.5,68.1
Bnei Ziom Medical Center,82.6,2022-02-26T00:00:00.000Z,76.9,75.9,79.2,88.4,88.8
Hillel Yaffeh Medical Center,89,2022-02-26T00:00:00.000Z,86.8,75.5,85.8,88.9,83.7
Kaplan Hospital,85.3,2022-02-26T00:00:00.000Z,88.8,65.1,74,85.1,79.1
The Holy Family,172.4,2022-02-26T00:00:00.000Z,174.1,181,118.1,107.7,151.2
Tel Aviv Medical Center,80.3,2022-02-26T00:00:00.000Z,76.9,66,107.2,119.2,121.1
Ziv Hospital,104.7,2022-02-27T00:00:00.000Z,101.1,90.8,79,79.1,76.9
Rambam,87.4,2022-02-27T00:00:00.000Z,90,83.2,94.7,92.8,92.9
Nahariya,100.5,2022-02-27T00:00:00.000Z,100.2,72.1,83.3,85,76.5
Laniado,85.9,2022-02-27T00:00:00.000Z,81.1,84.1,101.4,97.5,85.9
Rabin K. Beilinson,115.4,2022-02-27T00:00:00.000Z,108,85.4,95.9,96.4,85.3
Chaim Sheba Medical Center,100,2022-02-27T00:00:00.000Z,91.2,62,105.6,103.1,93.4
Hacarmel Hospital,53.8,2022-02-27T00:00:00.000Z,41.9,66.2,77.3,81.1,85
Haemek Valley Center Hospital,96.8,2022-02-27T00:00:00.000Z,88.8,72,75.6,71.6,71
Shmuel Harofe,88.9,2022-02-27T00:00:00.000Z,94.4,77.4,78.6,87.1,77
Barzilai Medical Center,91.7,2022-02-27T00:00:00.000Z,83.3,81.5,83.6,78,75.6
Rabin K. Hasharon,59.6,2022-02-27T00:00:00.000Z,54.5,40.4,67.2,58.3,51.9
Soroka Medical Center,70.5,2022-02-27T00:00:00.000Z,71.5,66,73.7,76.2,74.5
Hadassah Mount Scopus,52.8,2022-02-27T00:00:00.000Z,58.7,74.6,77.8,78.4,70.1
Woolfson Medical Center,73.8,2022-02-27T00:00:00.000Z,65.9,66.6,80.1,76.2,69.3
Meir Hospital,82,2022-02-27T00:00:00.000Z,70.5,67.7,80.8,82,76.2
Assuta Ashdod,135.6,2022-02-27T00:00:00.000Z,126.6,159.8,139.2,133.9,137.4
All Facilities,88.9,2022-02-27T00:00:00.000Z,84,74.5,88,86.9,83.9
Yosephtal Hospital,75,2022-02-27T00:00:00.000Z,126.8,47.3,47.7,72.1,54.3
Poriah Hospital,79.5,2022-02-27T00:00:00.000Z,66.5,46.5,79.4,71.3,63.4
Hadassah Ein Kerem,101,2022-02-27T00:00:00.000Z,99.6,59.8,89.2,87.8,87.2
Assaf Harofeh Medical Center,92.7,2022-02-27T00:00:00.000Z,84.1,76.9,77.8,76.7,68.7
Bnei Ziom Medical Center,77.7,2022-02-27T00:00:00.000Z,77.8,77,87.3,86.8,89.5
Hillel Yaffeh Medical Center,91.1,2022-02-27T00:00:00.000Z,87.7,77.2,88.9,89.2,83.6
Kaplan Hospital,84.7,2022-02-27T00:00:00.000Z,87.7,68,77.2,82.8,79.4
The Holy Family,172.4,2022-02-27T00:00:00.000Z,173.6,178.2,118.1,111.2,149
Tel Aviv Medical Center,79.3,2022-02-27T00:00:00.000Z,77.2,68.3,123.9,119.2,119.8
Ziv Hospital,115.6,2022-02-28T00:00:00.000Z,99.1,93.3,84.1,78.1,78.5
Rambam,92.4,2022-02-28T00:00:00.000Z,89.5,83.1,94.5,92.3,92.2
Nahariya,96.3,2022-02-28T00:00:00.000Z,100.8,71.7,86,85,75.6
Rabin K. Beilinson,113.7,2022-02-28T00:00:00.000Z,108.6,87.3,96.9,95.6,85.1
Chaim Sheba Medical Center,109.2,2022-02-28T00:00:00.000Z,94.3,62.7,110.2,104.8,93.5
Hacarmel Hospital,60.4,2022-02-28T00:00:00.000Z,44.1,66,83.2,78.8,83.4
Laniado,83.3,2022-02-28T00:00:00.000Z,80.6,85.3,97.5,96.1,86.7
Haemek Valley Center Hospital,84.5,2022-02-28T00:00:00.000Z,88.9,73.1,71.3,71.3,71.1
Shmuel Harofe,86.1,2022-02-28T00:00:00.000Z,97.2,78.2,80.4,84.8,78.1
Barzilai Medical Center,99.5,2022-02-28T00:00:00.000Z,83.4,82.5,84.4,77.4,76.1
Rabin K. Hasharon,59.6,2022-02-28T00:00:00.000Z,54.9,42.9,68,58.4,52.7
Soroka Medical Center,70.9,2022-02-28T00:00:00.000Z,70.4,65.8,75.4,74.9,74.5
Hadassah Mount Scopus,61.1,2022-02-28T00:00:00.000Z,57.9,74.2,78.5,78.5,69.3
Woolfson Medical Center,74.6,2022-02-28T00:00:00.000Z,67.4,67.6,82.3,75.9,70.1
Meir Hospital,87.5,2022-02-28T00:00:00.000Z,69.6,68.4,86.6,79.8,75.5
Assuta Ashdod,142.4,2022-02-28T00:00:00.000Z,128.6,157.1,142,134.7,136.3
All Facilities,90.9,2022-02-28T00:00:00.000Z,84.5,75.5,89.8,86.1,83.8
Yosephtal Hospital,68.8,2022-02-28T00:00:00.000Z,116.1,43.8,38.5,66.4,51.2
Poriah Hospital,79.5,2022-02-28T00:00:00.000Z,69.8,46.9,82.5,72.8,63.7
Hadassah Ein Kerem,117.5,2022-02-28T00:00:00.000Z,101.1,60.5,93.9,88.1,87.6
Assaf Harofeh Medical Center,85.7,2022-02-28T00:00:00.000Z,85.9,78.4,76.3,76.6,69.4
Bnei Ziom Medical Center,81,2022-02-28T00:00:00.000Z,77.9,79,87.8,85.7,90.1
Hillel Yaffeh Medical Center,95.9,2022-02-28T00:00:00.000Z,89.3,79,89.5,89.2,83.5
Kaplan Hospital,86,2022-02-28T00:00:00.000Z,86.8,71,79.2,80.3,79.5
The Holy Family,172.4,2022-02-28T00:00:00.000Z,173.3,173.3,118.1,112.9,145.5
Tel Aviv Medical Center,83,2022-02-28T00:00:00.000Z,77,70.6,126,116.6,118.3
Ziv Hospital,110.9,2022-03-01T00:00:00.000Z,100.9,95.1,83,77.8,78.6
Rambam,92.9,2022-03-01T00:00:00.000Z,89.2,83.8,94.8,92.1,92
Nahariya,87.9,2022-03-01T00:00:00.000Z,100.2,71.3,86.8,84.2,74.6
Rabin K. Beilinson,113.7,2022-03-01T00:00:00.000Z,109.6,89,96.3,94.8,84.4
Hacarmel Hospital,54.7,2022-03-01T00:00:00.000Z,46.8,65.8,73.4,76.9,81.2
Laniado,83.3,2022-03-01T00:00:00.000Z,80.6,90.7,99.7,95.6,88.5
Haemek Valley Center Hospital,97.4,2022-03-01T00:00:00.000Z,87.7,74.2,74.1,70.5,70.8
Shmuel Harofe,86.1,2022-03-01T00:00:00.000Z,95.2,78.2,80.1,82.4,78.8
Barzilai Medical Center,94.3,2022-03-01T00:00:00.000Z,85,83,86.4,78.3,76.1
Rabin K. Hasharon,54.4,2022-03-01T00:00:00.000Z,55.6,44.5,65.1,59.3,53.3
Soroka Medical Center,67.4,2022-03-01T00:00:00.000Z,70.4,65.9,78,73.9,74.1
Hadassah Mount Scopus,58.3,2022-03-01T00:00:00.000Z,57.9,75,80.9,78.6,69.7
Woolfson Medical Center,74.6,2022-03-01T00:00:00.000Z,69.1,68.7,82.3,76.4,70.8
Meir Hospital,90.5,2022-03-01T00:00:00.000Z,70.8,68.4,86.1,77.4,74.7
Assuta Ashdod,133.9,2022-03-01T00:00:00.000Z,131,154.2,138.9,135.4,134.5
All Facilities,89.1,2022-03-01T00:00:00.000Z,85.3,76.6,89.3,85.5,83.1
Yosephtal Hospital,50,2022-03-01T00:00:00.000Z,104.5,39.3,56.9,59.3,45.3
Poriah Hospital,78.2,2022-03-01T00:00:00.000Z,72.3,46.9,83.1,74,63.7
Hadassah Ein Kerem,119.4,2022-03-01T00:00:00.000Z,103.9,60.7,93.7,88,86.6
Assaf Harofeh Medical Center,84.9,2022-03-01T00:00:00.000Z,86.3,78.8,79.1,76,69.9
Bnei Ziom Medical Center,90.9,2022-03-01T00:00:00.000Z,77.7,79.8,94.5,84.3,89.8
Hillel Yaffeh Medical Center,92.5,2022-03-01T00:00:00.000Z,90.9,80,87,88.5,83.6
Kaplan Hospital,82,2022-03-01T00:00:00.000Z,85.6,74,80,78.3,78.7
The Holy Family,210.3,2022-03-01T00:00:00.000Z,173.1,170.3,106.7,114,142.5
Tel Aviv Medical Center,78.7,2022-03-01T00:00:00.000Z,78,72.8,119.6,117.2,116.1
Chaim Sheba Medical Center,96.7,2022-03-01T00:00:00.000Z,98.1,63.6,106.6,107,94.9
Ziv Hospital,103.1,2022-03-02T00:00:00.000Z,101.8,95.8,93.4,77.9,79.6
Rambam,91.4,2022-03-02T00:00:00.000Z,89.8,83.5,99.7,91.8,91.5
Nahariya,94.7,2022-03-02T00:00:00.000Z,99.2,72.1,86,84.1,74.5
Rabin K. Beilinson,112.8,2022-03-02T00:00:00.000Z,109.9,88.9,97.7,93.6,83.4
Hacarmel Hospital,55.7,2022-03-02T00:00:00.000Z,49.2,65.2,71.8,74.3,80.7
Laniado,94.9,2022-03-02T00:00:00.000Z,81,95.8,98.3,94.9,90.5
Haemek Valley Center Hospital,83.2,2022-03-02T00:00:00.000Z,87.4,75.5,71.3,69.8,70.9
Shmuel Harofe,83.3,2022-03-02T00:00:00.000Z,92.5,79.4,80.6,79.9,79.7
Barzilai Medical Center,92.2,2022-03-02T00:00:00.000Z,86.7,82.9,86.3,79.1,75.7
Soroka Medical Center,72.1,2022-03-02T00:00:00.000Z,69.4,67,82.6,73.6,74.1
Hadassah Mount Scopus,61.1,2022-03-02T00:00:00.000Z,59.1,73.8,77.1,78.3,70.7
Woolfson Medical Center,72.1,2022-03-02T00:00:00.000Z,71,70.1,81.3,77.2,71.4
Meir Hospital,79,2022-03-02T00:00:00.000Z,73.9,69,86,78.2,73.5
Assuta Ashdod,128.8,2022-03-02T00:00:00.000Z,132,154.2,140.3,134.7,134
All Facilities,88.5,2022-03-02T00:00:00.000Z,85.9,77.3,90.2,85,82.8
Yosephtal Hospital,62.5,2022-03-02T00:00:00.000Z,82.1,37.5,50.8,51.9,41.3
Poriah Hospital,76.9,2022-03-02T00:00:00.000Z,73.8,46.2,87.3,75.2,63.8
Hadassah Ein Kerem,135,2022-03-02T00:00:00.000Z,106.9,60.7,96.3,88.6,85.9
Assaf Harofeh Medical Center,84.2,2022-03-02T00:00:00.000Z,86.9,78.3,77,75.7,70.2
Rabin K. Hasharon,50,2022-03-02T00:00:00.000Z,55,44.2,60.2,59.2,52.2
Bnei Ziom Medical Center,83.5,2022-03-02T00:00:00.000Z,80,80.8,95.4,84.4,89.1
Hillel Yaffeh Medical Center,99.3,2022-03-02T00:00:00.000Z,91,81,92.4,87.2,84.4
Kaplan Hospital,82,2022-03-02T00:00:00.000Z,84.3,76.9,79.9,76.2,77.4
The Holy Family,196.6,2022-03-02T00:00:00.000Z,179.3,168.4,103.4,112.8,139.3
Tel Aviv Medical Center,82.3,2022-03-02T00:00:00.000Z,77.9,74.1,123.4,116.4,113.4
Chaim Sheba Medical Center,93.3,2022-03-02T00:00:00.000Z,98.9,65.3,105,107.4,96.7
Ziv Hospital,95.3,2022-03-03T00:00:00.000Z,102.5,96,78.1,79,80.4
Rambam,87.4,2022-03-03T00:00:00.000Z,90.8,83.4,92.1,92.3,91
Nahariya,86.8,2022-03-03T00:00:00.000Z,99,72.7,79.3,83.4,74.2
Hacarmel Hospital,57.5,2022-03-03T00:00:00.000Z,51.6,63.6,72.4,73.9,80
Laniado,97.4,2022-03-03T00:00:00.000Z,82.1,98.7,104.2,94.5,90.6
Haemek Valley Center Hospital,71,2022-03-03T00:00:00.000Z,86.5,77.1,64.8,69.5,71.7
Shmuel Harofe,86.1,2022-03-03T00:00:00.000Z,89.7,80.2,81.2,78,80.6
Barzilai Medical Center,79.7,2022-03-03T00:00:00.000Z,88.6,83.3,76,80.1,75.9
Soroka Medical Center,62.4,2022-03-03T00:00:00.000Z,69.2,67.4,74.7,74.3,74.8
Hadassah Mount Scopus,58.3,2022-03-03T00:00:00.000Z,59.5,74.2,71.2,78.2,72.2
Woolfson Medical Center,70.9,2022-03-03T00:00:00.000Z,72.7,70.7,76.7,77.6,71.8
Assuta Ashdod,135.6,2022-03-03T00:00:00.000Z,132.2,153.5,138.9,134.1,134.1
All Facilities,83.2,2022-03-03T00:00:00.000Z,86.7,77.9,84.9,85.1,83
Yosephtal Hospital,50,2022-03-03T00:00:00.000Z,75,38.4,40,49.5,42.2
Meir Hospital,66,2022-03-03T00:00:00.000Z,75.4,70.2,76.9,79.2,74.4
Poriah Hospital,71.8,2022-03-03T00:00:00.000Z,75.5,44.3,77.2,76.5,64.3
Hadassah Ein Kerem,127.2,2022-03-03T00:00:00.000Z,111.2,61.6,93.5,89.6,85.5
Assaf Harofeh Medical Center,83,2022-03-03T00:00:00.000Z,86.6,78.4,72.4,75,70.9
Rabin K. Hasharon,52.6,2022-03-03T00:00:00.000Z,54.1,45.2,56.8,58.5,51.3
Bnei Ziom Medical Center,81.8,2022-03-03T00:00:00.000Z,81.1,82.4,86.1,85.1,87.5
Hillel Yaffeh Medical Center,88.4,2022-03-03T00:00:00.000Z,91,80.9,86,86.8,84.7
Kaplan Hospital,82,2022-03-03T00:00:00.000Z,83.7,78.3,72.6,76.1,78
The Holy Family,182.8,2022-03-03T00:00:00.000Z,181.8,167,101.3,111.4,136.6
Tel Aviv Medical Center,73.7,2022-03-03T00:00:00.000Z,78.9,75.3,120.1,116.6,114.3
Chaim Sheba Medical Center,90.8,2022-03-03T00:00:00.000Z,98,68.9,103,106.9,97.8
Rabin K. Beilinson,110.6,2022-03-03T00:00:00.000Z,110.4,89.2,90,93.5,83.9
Ziv Hospital,100,2022-03-04T00:00:00.000Z,104.2,95.1,66.6,79.6,79.8
Rambam,96,2022-03-04T00:00:00.000Z,91,83.8,85.1,92.2,90.8
Nahariya,88.9,2022-03-04T00:00:00.000Z,97.6,72.1,74.7,83.1,73.4
Hacarmel Hospital,59.4,2022-03-04T00:00:00.000Z,53.9,62.1,66.1,74.3,79.7
Laniado,96.2,2022-03-04T00:00:00.000Z,85,100,78.3,95.4,90.9
Haemek Valley Center Hospital,81.3,2022-03-04T00:00:00.000Z,85.1,76.3,62.2,69.6,71.9
Shmuel Harofe,77.8,2022-03-04T00:00:00.000Z,87.7,81.7,78.6,78.7,81
Barzilai Medical Center,88.5,2022-03-04T00:00:00.000Z,89.2,82.8,73.2,80.2,75.9
Soroka Medical Center,69.4,2022-03-04T00:00:00.000Z,68.7,68.1,69.3,74.7,75.5
Hadassah Mount Scopus,63.9,2022-03-04T00:00:00.000Z,58.3,73.4,71.2,77.2,73.4
Woolfson Medical Center,71.3,2022-03-04T00:00:00.000Z,73,71.4,68.7,77.8,73.3
Assuta Ashdod,130.5,2022-03-04T00:00:00.000Z,132.4,152.5,120.1,133.8,133.9
All Facilities,86,2022-03-04T00:00:00.000Z,87,78.1,77.2,85.2,83.2
Yosephtal Hospital,50,2022-03-04T00:00:00.000Z,69.6,37.5,32.3,46.2,41.8
Meir Hospital,71.5,2022-03-04T00:00:00.000Z,76.4,70.9,71.3,79.8,75.4
Poriah Hospital,71.8,2022-03-04T00:00:00.000Z,75.5,42.3,72.1,77.3,64.7
Hadassah Ein Kerem,124.3,2022-03-04T00:00:00.000Z,115.4,63,82,90.4,85.3
Assaf Harofeh Medical Center,82.2,2022-03-04T00:00:00.000Z,86,78.6,65,74.6,71
Rabin K. Hasharon,50,2022-03-04T00:00:00.000Z,53.8,45.9,41.1,58.2,51.4
Bnei Ziom Medical Center,76,2022-03-04T00:00:00.000Z,82.4,83.9,80.8,85.8,86.1
Hillel Yaffeh Medical Center,100.7,2022-03-04T00:00:00.000Z,91,81.2,80.4,86.8,85.7
Kaplan Hospital,78.7,2022-03-04T00:00:00.000Z,83.1,79.6,67.3,75.8,77.8
The Holy Family,162.1,2022-03-04T00:00:00.000Z,182.8,164.5,89.9,112,132.5
Tel Aviv Medical Center,74,2022-03-04T00:00:00.000Z,78.5,76.2,98.5,116.9,114.8
Chaim Sheba Medical Center,98.3,2022-03-04T00:00:00.000Z,96.7,69.5,97.8,106.3,98.5
Rabin K. Beilinson,111.5,2022-03-04T00:00:00.000Z,111.9,88.7,84.3,93.4,83.6
Ziv Hospital,103.1,2022-03-05T00:00:00.000Z,104.9,94.6,74.9,79.7,79.2
Rambam,100,2022-03-05T00:00:00.000Z,91.6,83.4,89.9,92.5,90.7
Nahariya,98.9,2022-03-05T00:00:00.000Z,95.3,71.9,85.3,82.7,73.2
Laniado,110.3,2022-03-05T00:00:00.000Z,89.2,98.7,83.8,95.4,92.2
Haemek Valley Center Hospital,97.4,2022-03-05T00:00:00.000Z,85.6,74.6,71.5,69.7,72.2
Shmuel Harofe,88.9,2022-03-05T00:00:00.000Z,85.7,81.3,80.9,79.3,80.9
Soroka Medical Center,74.8,2022-03-05T00:00:00.000Z,69.1,68.6,74.9,75,76.2
Hadassah Mount Scopus,69.4,2022-03-05T00:00:00.000Z,58.7,74.2,74.3,76.2,74.7
Woolfson Medical Center,76.2,2022-03-05T00:00:00.000Z,73.2,73.1,75.4,77.8,74.3
Assuta Ashdod,122,2022-03-05T00:00:00.000Z,132.9,155,119.5,133.3,134.6
All Facilities,93.1,2022-03-05T00:00:00.000Z,87.7,78.3,83.2,85.6,83.5
Yosephtal Hospital,62.5,2022-03-05T00:00:00.000Z,63.4,34.8,40,44.2,42.2
Meir Hospital,77.5,2022-03-05T00:00:00.000Z,78.1,70.2,77.2,80.4,75.6
Poriah Hospital,69.2,2022-03-05T00:00:00.000Z,75.8,44,74.9,78.5,64.9
Hadassah Ein Kerem,131.1,2022-03-05T00:00:00.000Z,118.7,64.1,84.3,90.7,85.1
Assaf Harofeh Medical Center,92.7,2022-03-05T00:00:00.000Z,85.8,78.2,69.6,74.2,71.1
Barzilai Medical Center,92.7,2022-03-05T00:00:00.000Z,90.3,84.5,77.8,80.6,76.7
Rabin K. Hasharon,60.5,2022-03-05T00:00:00.000Z,54.5,46,53.5,58.6,51.1
Bnei Ziom Medical Center,81.8,2022-03-05T00:00:00.000Z,81.9,85.2,85,87.3,85.6
Hillel Yaffeh Medical Center,118.5,2022-03-05T00:00:00.000Z,93.8,82.3,90.9,87.2,86.5
Kaplan Hospital,85.3,2022-03-05T00:00:00.000Z,83,79,75.1,75.7,77.6
The Holy Family,169,2022-03-05T00:00:00.000Z,181.3,160.6,98.7,108,127.9
Tel Aviv Medical Center,80,2022-03-05T00:00:00.000Z,78.8,76.7,106,117,115.3
Chaim Sheba Medical Center,104.2,2022-03-05T00:00:00.000Z,98,71.3,103.9,105.2,98.7
Rabin K. Beilinson,119.8,2022-03-05T00:00:00.000Z,113,87.9,92.8,93.3,83.4
Hacarmel Hospital,60.4,2022-03-05T00:00:00.000Z,56.2,60.1,70.3,74,79.5
Ziv Hospital,107.8,2022-03-06T00:00:00.000Z,104.7,93.8,78.4,79.9,78.5
Rambam,91.9,2022-03-06T00:00:00.000Z,92.5,84,95.5,93,90.8
Nahariya,91.6,2022-03-06T00:00:00.000Z,93.5,71.7,87.4,83.1,72.9
Laniado,93.6,2022-03-06T00:00:00.000Z,93,98.2,96.7,94.7,91.8
Haemek Valley Center Hospital,89,2022-03-06T00:00:00.000Z,87.4,73.5,70.8,70.1,72.6
Shmuel Harofe,91.7,2022-03-06T00:00:00.000Z,85.3,80.6,81.2,80.1,80.9
Soroka Medical Center,77.1,2022-03-06T00:00:00.000Z,69.7,68.2,82.4,75.5,76.6
Hadassah Mount Scopus,69.4,2022-03-06T00:00:00.000Z,60.7,73.8,76.7,75.8,76.2
Woolfson Medical Center,66.4,2022-03-06T00:00:00.000Z,73.4,73.7,80.5,78.1,75.2
Assuta Ashdod,137.3,2022-03-06T00:00:00.000Z,132.7,158.1,142.3,134.1,135.6
All Facilities,92.9,2022-03-06T00:00:00.000Z,88.5,78.6,89.4,86.1,83.7
Yosephtal Hospital,50,2022-03-06T00:00:00.000Z,59.8,33.9,41.5,43.7,42.6
Meir Hospital,85.5,2022-03-06T00:00:00.000Z,79.1,71.3,86.1,80.7,76
Poriah Hospital,76.9,2022-03-06T00:00:00.000Z,75.3,47.8,76.9,79.5,65.6
Hadassah Ein Kerem,129.1,2022-03-06T00:00:00.000Z,122.2,64.9,89,90.4,85.1
Assaf Harofeh Medical Center,90.7,2022-03-06T00:00:00.000Z,86.5,78.2,76,73.9,71.2
Barzilai Medical Center,95.8,2022-03-06T00:00:00.000Z,91.2,85,86.3,81.1,77.3
Rabin K. Hasharon,54.4,2022-03-06T00:00:00.000Z,55.3,45.9,66.8,58.9,50.3
Bnei Ziom Medical Center,86,2022-03-06T00:00:00.000Z,81.8,85.8,93.3,88.1,85.2
Hillel Yaffeh Medical Center,105.5,2022-03-06T00:00:00.000Z,98,83.3,95,87.9,87
Kaplan Hospital,90.7,2022-03-06T00:00:00.000Z,83,78.8,79.7,75.9,77.3
The Holy Family,189.7,2022-03-06T00:00:00.000Z,180.8,158.6,94,105.2,124.4
Tel Aviv Medical Center,87.3,2022-03-06T00:00:00.000Z,78.7,77.4,125,116.8,115.3
Chaim Sheba Medical Center,110.9,2022-03-06T00:00:00.000Z,98.9,73.2,106.5,104.6,98.2
Rabin K. Beilinson,124.2,2022-03-06T00:00:00.000Z,113.9,86.7,99.4,93.4,82.6
Hacarmel Hospital,58.5,2022-03-06T00:00:00.000Z,57.4,59.2,74.8,73.5,79
Ziv Hospital,106.3,2022-03-07T00:00:00.000Z,105.1,91.1,79.5,79.8,77.9
Rambam,94.9,2022-03-07T00:00:00.000Z,93.1,85.2,97.2,93.1,91
Nahariya,95.3,2022-03-07T00:00:00.000Z,92.2,72.7,91.5,83.7,73
Laniado,96.2,2022-03-07T00:00:00.000Z,94.1,98.9,96.1,94.1,91.9
Rabin K. Beilinson,122.5,2022-03-07T00:00:00.000Z,115.2,85,98.7,93.9,81.6
Haemek Valley Center Hospital,94.2,2022-03-07T00:00:00.000Z,86.3,72.9,72.8,69.5,73.1
Shmuel Harofe,94.4,2022-03-07T00:00:00.000Z,85.7,79.4,83,80.4,80.8
Soroka Medical Center,83.7,2022-03-07T00:00:00.000Z,70.6,67.1,83.7,76.8,76.6
Hadassah Mount Scopus,80.6,2022-03-07T00:00:00.000Z,63.1,73.8,86.1,75.7,77.1
Woolfson Medical Center,69.7,2022-03-07T00:00:00.000Z,72.3,74.1,80.8,78.2,75.3
Assuta Ashdod,147.5,2022-03-07T00:00:00.000Z,132.9,160.8,151.2,134.6,137
All Facilities,93,2022-03-07T00:00:00.000Z,89.1,78.8,91,86.3,83.8
Yosephtal Hospital,50,2022-03-07T00:00:00.000Z,56.3,35.7,43.1,42.9,45.7
Meir Hospital,90.5,2022-03-07T00:00:00.000Z,79.6,72,88.3,81.5,76.2
Poriah Hospital,66.7,2022-03-07T00:00:00.000Z,74.9,50.7,77.2,79.2,66.3
Hadassah Ein Kerem,126.2,2022-03-07T00:00:00.000Z,126.2,65.3,95.8,90.4,84.8
Assaf Harofeh Medical Center,95.4,2022-03-07T00:00:00.000Z,86.2,77.7,81.1,73.6,71
Barzilai Medical Center,87.5,2022-03-07T00:00:00.000Z,91.8,85,86.9,81.5,77.7
Rabin K. Hasharon,54.4,2022-03-07T00:00:00.000Z,54.5,45.6,64.3,58.8,49.7
Bnei Ziom Medical Center,85.1,2022-03-07T00:00:00.000Z,83,86.2,89.8,89,85.1
Hillel Yaffeh Medical Center,108.2,2022-03-07T00:00:00.000Z,100.1,83.2,99.6,88.7,87.3
Kaplan Hospital,86,2022-03-07T00:00:00.000Z,83.8,78.3,77.7,76.2,77.2
The Holy Family,189.7,2022-03-07T00:00:00.000Z,183.3,158.6,98,101.7,122.4
Tel Aviv Medical Center,82.3,2022-03-07T00:00:00.000Z,79.9,78.6,122.2,116.9,115.2
Chaim Sheba Medical Center,100,2022-03-07T00:00:00.000Z,100.5,75.9,108.5,104.7,98.9
Hacarmel Hospital,58.5,2022-03-07T00:00:00.000Z,58.1,58.2,75.7,73.2,78.9
Ziv Hospital,121.9,2022-03-08T00:00:00.000Z,103.8,90.6,81.8,79.1,77.9
Rambam,91.4,2022-03-08T00:00:00.000Z,93.5,86.9,96.3,93.5,91
Nahariya,99.5,2022-03-08T00:00:00.000Z,92,74.4,91.9,84.4,73.6
Laniado,101.3,2022-03-08T00:00:00.000Z,96,97.4,100.3,93.9,90.7
Rabin K. Beilinson,111,2022-03-08T00:00:00.000Z,116.4,85.1,94.6,94.2,81.6
Hacarmel Hospital,54.7,2022-03-08T00:00:00.000Z,57.8,58.1,72.8,72.1,78.7
Haemek Valley Center Hospital,85.8,2022-03-08T00:00:00.000Z,87.6,72.2,70.5,69.7,73.2
Shmuel Harofe,97.2,2022-03-08T00:00:00.000Z,86.9,79.8,82.7,80.8,81.1
Soroka Medical Center,74,2022-03-08T00:00:00.000Z,72.4,67.6,78.3,77.9,76.7
Hadassah Mount Scopus,75,2022-03-08T00:00:00.000Z,65.9,75,92,76.8,77.5
Woolfson Medical Center,67.6,2022-03-08T00:00:00.000Z,71.6,73.8,77.2,78,75.1
All Facilities,91.2,2022-03-08T00:00:00.000Z,89.4,79.4,89.9,86.5,84.2
Yosephtal Hospital,62.5,2022-03-08T00:00:00.000Z,53.6,41.1,44.6,43.5,50.1
Meir Hospital,87.5,2022-03-08T00:00:00.000Z,80.1,72.8,86,81.7,76.5
Poriah Hospital,70.5,2022-03-08T00:00:00.000Z,73.1,50.9,73.8,78.4,65.8
Hadassah Ein Kerem,120.4,2022-03-08T00:00:00.000Z,127.5,65.5,95.6,90.6,85.3
Assaf Harofeh Medical Center,88.4,2022-03-08T00:00:00.000Z,87.6,78.6,78.6,74.3,70.6
Barzilai Medical Center,87,2022-03-08T00:00:00.000Z,90.1,85.9,85.1,81.8,78
Rabin K. Hasharon,50,2022-03-08T00:00:00.000Z,53.8,46.6,58.9,58.3,49.4
Bnei Ziom Medical Center,89.3,2022-03-08T00:00:00.000Z,83.6,86.8,88.9,89.3,85.4
Hillel Yaffeh Medical Center,102.7,2022-03-08T00:00:00.000Z,101.9,83.9,93.8,90.2,87.4
Kaplan Hospital,90,2022-03-08T00:00:00.000Z,83.8,77.8,75.4,76,77.1
The Holy Family,213.8,2022-03-08T00:00:00.000Z,185.7,158.6,108.1,98.8,121
Tel Aviv Medical Center,83.3,2022-03-08T00:00:00.000Z,79.8,80,124.6,116.4,116.1
Assuta Ashdod,149.2,2022-03-08T00:00:00.000Z,133.7,163,148.8,135.9,139.9
Chaim Sheba Medical Center,103.3,2022-03-08T00:00:00.000Z,99.2,76.7,110.6,104.5,98.9
Ziv Hospital,109.4,2022-03-09T00:00:00.000Z,105.4,92.4,79.8,79,77.8
Rambam,96,2022-03-09T00:00:00.000Z,93.3,88.3,99,93.7,91
Hillel Yaffeh Medical Center,99.3,2022-03-09T00:00:00.000Z,103.3,83.7,94.4,91.2,87.4
Nahariya,98.4,2022-03-09T00:00:00.000Z,93.7,75.6,89.6,85.2,73.9
Rabin K. Beilinson,117.6,2022-03-09T00:00:00.000Z,116,84.8,99.4,93.9,81.5
Hacarmel Hospital,53.8,2022-03-09T00:00:00.000Z,57.8,58.9,71.6,72,78.9
Haemek Valley Center Hospital,83.9,2022-03-09T00:00:00.000Z,86,71.4,70.2,69.1,74
Shmuel Harofe,97.2,2022-03-09T00:00:00.000Z,88.5,79.4,83,81.2,81.2
Soroka Medical Center,68.2,2022-03-09T00:00:00.000Z,73.4,68.8,74.7,78,76.5
Hadassah Mount Scopus,75,2022-03-09T00:00:00.000Z,68.3,76.6,92.4,78.4,78.6
Woolfson Medical Center,68,2022-03-09T00:00:00.000Z,70.6,73,77.2,77.2,75.3
All Facilities,91.6,2022-03-09T00:00:00.000Z,89.7,79.8,89.8,86.6,84.4
Yosephtal Hospital,68.8,2022-03-09T00:00:00.000Z,55.4,41.1,43.1,41.8,49.5
Meir Hospital,87.5,2022-03-09T00:00:00.000Z,79.6,73.4,85.6,81.7,76.7
Poriah Hospital,82.1,2022-03-09T00:00:00.000Z,72,52.2,82,77.1,66.1
Hadassah Ein Kerem,124.3,2022-03-09T00:00:00.000Z,127.6,65.5,97.8,90.9,85.2
Assaf Harofeh Medical Center,89.2,2022-03-09T00:00:00.000Z,88.1,79,76.9,74.2,70.7
Barzilai Medical Center,96.9,2022-03-09T00:00:00.000Z,89.1,87.9,89.7,81.6,79
Rabin K. Hasharon,54.4,2022-03-09T00:00:00.000Z,53.1,48.7,58.9,57.4,50.6
Bnei Ziom Medical Center,82.6,2022-03-09T00:00:00.000Z,83.4,86,90.3,88.5,85.3
Kaplan Hospital,80.7,2022-03-09T00:00:00.000Z,85,78.2,78.8,75.4,77.6
The Holy Family,196.6,2022-03-09T00:00:00.000Z,186.2,158.6,94.6,99,120.7
Tel Aviv Medical Center,83.7,2022-03-09T00:00:00.000Z,80.4,81.1,121,117.1,116.8
Assuta Ashdod,152.5,2022-03-09T00:00:00.000Z,135.8,163.9,151.9,137.3,141.6
Chaim Sheba Medical Center,107.9,2022-03-09T00:00:00.000Z,100.1,76.3,108.9,105.1,98.9
Laniado,97.4,2022-03-09T00:00:00.000Z,98.5,95.1,95.5,94,89.1
Ziv Hospital,76.6,2022-03-10T00:00:00.000Z,106.3,94.4,66.3,77,77.7
Rambam,93.9,2022-03-10T00:00:00.000Z,93.9,90.5,92.8,93.6,91.6
Hillel Yaffeh Medical Center,88.4,2022-03-10T00:00:00.000Z,103.3,83.5,86,91.4,88.1
Nahariya,90,2022-03-10T00:00:00.000Z,94.2,78,85.3,85.7,74.8
Rabin K. Beilinson,108.8,2022-03-10T00:00:00.000Z,116.7,83.7,89.4,94.2,81.1
Hacarmel Hospital,54.7,2022-03-10T00:00:00.000Z,57.5,60.8,65.2,72,79
Haemek Valley Center Hospital,76.8,2022-03-10T00:00:00.000Z,86.1,71.3,66.4,69,75
Shmuel Harofe,88.9,2022-03-10T00:00:00.000Z,90.5,79.4,83.9,81.5,81.3
Poriah Hospital,70.5,2022-03-10T00:00:00.000Z,72.7,55.1,73.5,76.3,67.1
Soroka Medical Center,61.2,2022-03-10T00:00:00.000Z,72.8,70.2,69.1,76.8,76.7
Hadassah Mount Scopus,75,2022-03-10T00:00:00.000Z,70.2,76.2,95.5,80.6,79
Woolfson Medical Center,62.3,2022-03-10T00:00:00.000Z,70,72.4,68.2,76.6,75.5
All Facilities,83.9,2022-03-10T00:00:00.000Z,90.1,80.5,84.2,86.5,84.8
Yosephtal Hospital,56.3,2022-03-10T00:00:00.000Z,56.3,44.6,38.5,40.7,48.4
Meir Hospital,84,2022-03-10T00:00:00.000Z,80.9,74.1,81.7,81.6,76.9
Hadassah Ein Kerem,114.6,2022-03-10T00:00:00.000Z,126.1,65,93.9,91.1,84.8
Assaf Harofeh Medical Center,87.6,2022-03-10T00:00:00.000Z,88.8,79.8,73.8,74.2,70.7
Barzilai Medical Center,91.1,2022-03-10T00:00:00.000Z,89.7,89.7,83.1,82.1,79.6
Rabin K. Hasharon,43.9,2022-03-10T00:00:00.000Z,53.8,49.4,50.2,57.2,51.9
Bnei Ziom Medical Center,83.5,2022-03-10T00:00:00.000Z,83.2,83.5,84.3,87.8,85.7
Kaplan Hospital,70.7,2022-03-10T00:00:00.000Z,84.8,78.7,69.3,75.2,77.5
The Holy Family,193.1,2022-03-10T00:00:00.000Z,186.2,158.6,100,97.8,120.7
Tel Aviv Medical Center,78.7,2022-03-10T00:00:00.000Z,80.6,82.4,117.9,116.8,116.7
Assuta Ashdod,149.2,2022-03-10T00:00:00.000Z,139.2,164.9,135.8,139,142.9
Chaim Sheba Medical Center,86.2,2022-03-10T00:00:00.000Z,102.2,75.6,101,105.6,99.5
Laniado,76.9,2022-03-10T00:00:00.000Z,98.9,96.2,96.9,93.6,89.5
Ziv Hospital,82.8,2022-03-11T00:00:00.000Z,103.6,96.4,54.8,75.3,78.6
Rambam,91.9,2022-03-11T00:00:00.000Z,94.9,92.6,85.1,93.7,92
Hillel Yaffeh Medical Center,89.7,2022-03-11T00:00:00.000Z,103.3,83.6,79.8,91.4,88.9
Rabin K. Beilinson,107,2022-03-11T00:00:00.000Z,116.5,85.1,83.1,94.1,81.5
Hacarmel Hospital,54.7,2022-03-11T00:00:00.000Z,57.1,61.2,58.7,70.9,78.3
Haemek Valley Center Hospital,77.4,2022-03-11T00:00:00.000Z,86.9,72,61.7,69.2,75.6
Shmuel Harofe,91.7,2022-03-11T00:00:00.000Z,90.9,79,82.7,81.9,81.4
Poriah Hospital,71.8,2022-03-11T00:00:00.000Z,72.5,57.3,66.8,75.8,67.7
Soroka Medical Center,59.7,2022-03-11T00:00:00.000Z,72.6,71.4,64.8,76,77
Hadassah Mount Scopus,75,2022-03-11T00:00:00.000Z,72.6,79.8,81.6,84,80.2
Woolfson Medical Center,66,2022-03-11T00:00:00.000Z,68.8,72.1,60.6,75.4,75.4
Tel Aviv Medical Center,75.7,2022-03-11T00:00:00.000Z,81.3,83.5,97.3,116.5,117.6
All Facilities,83.7,2022-03-11T00:00:00.000Z,90.2,81.4,75.9,86.4,85.2
Yosephtal Hospital,62.5,2022-03-11T00:00:00.000Z,57.1,50.9,44.6,40.4,50.5
Meir Hospital,77,2022-03-11T00:00:00.000Z,83.4,74.7,73,82.3,77.1
Hadassah Ein Kerem,113.6,2022-03-11T00:00:00.000Z,124.3,65,83.5,91.2,85
Assaf Harofeh Medical Center,88.8,2022-03-11T00:00:00.000Z,89.5,79.9,66.3,74.4,71.2
Barzilai Medical Center,87,2022-03-11T00:00:00.000Z,91.4,91.7,73.7,83.2,80.5
Rabin K. Hasharon,34.2,2022-03-11T00:00:00.000Z,52.5,52,35.7,56.3,53.6
Bnei Ziom Medical Center,86.8,2022-03-11T00:00:00.000Z,83.5,82.3,72.1,87.5,86.2
Kaplan Hospital,72.7,2022-03-11T00:00:00.000Z,83.1,78.9,63.8,74.8,78
The Holy Family,193.1,2022-03-11T00:00:00.000Z,187.7,158.6,106.7,97.6,120.2
Nahariya,103.2,2022-03-11T00:00:00.000Z,94.7,79.9,80.4,86.5,76.1
Assuta Ashdod,152.5,2022-03-11T00:00:00.000Z,141.2,165.6,119.1,138.5,144.6
Chaim Sheba Medical Center,82.8,2022-03-11T00:00:00.000Z,101.6,77.2,95.1,105.3,99.8
Laniado,78.2,2022-03-11T00:00:00.000Z,96,97.1,73.5,92.5,89.5
Ziv Hospital,98.4,2022-03-12T00:00:00.000Z,101.1,97.5,65.1,73.7,78.5
Rambam,96.5,2022-03-12T00:00:00.000Z,94.3,94.9,88.1,93.7,92.3
Hillel Yaffeh Medical Center,95.9,2022-03-12T00:00:00.000Z,101.8,83.4,86.6,91.3,89.3
Rabin K. Beilinson,114.5,2022-03-12T00:00:00.000Z,115.9,88,89.4,93.9,82.5
Hacarmel Hospital,54.7,2022-03-12T00:00:00.000Z,56.5,62.4,63.8,69.9,78.3
Haemek Valley Center Hospital,89.7,2022-03-12T00:00:00.000Z,86.4,73.1,68.6,69.1,75.8
Shmuel Harofe,94.4,2022-03-12T00:00:00.000Z,92.9,79.8,83.6,82.5,81.6
Poriah Hospital,71.8,2022-03-12T00:00:00.000Z,72.5,61.2,74.6,75,69.9
Bnei Ziom Medical Center,88.4,2022-03-12T00:00:00.000Z,85,81.1,86.1,86.2,86.8
Soroka Medical Center,70.5,2022-03-12T00:00:00.000Z,71.3,71.6,68.8,75.4,77
Hadassah Mount Scopus,75,2022-03-12T00:00:00.000Z,74.2,82.9,77.4,85.5,81.3
Woolfson Medical Center,75,2022-03-12T00:00:00.000Z,68,71.1,66.8,74.3,75.5
Tel Aviv Medical Center,82.7,2022-03-12T00:00:00.000Z,81.6,83.2,106.8,116.3,117.4
All Facilities,90.7,2022-03-12T00:00:00.000Z,89.9,82.5,81.5,86.2,85.6
Yosephtal Hospital,68.8,2022-03-12T00:00:00.000Z,58.9,59.8,44.6,42.2,52.1
Meir Hospital,83.5,2022-03-12T00:00:00.000Z,84.2,77,76.1,82.6,77.7
Hadassah Ein Kerem,125.2,2022-03-12T00:00:00.000Z,122.7,65.6,86.5,91.4,85.2
Shaare Zedek,93.3,2022-03-12T00:00:00.000Z,86.5,73,91.3,105.9,98
Assaf Harofeh Medical Center,90.7,2022-03-12T00:00:00.000Z,90.4,80,69.8,74.6,71.4
Barzilai Medical Center,90.1,2022-03-12T00:00:00.000Z,91.1,92.4,76.3,83.2,81
Rabin K. Hasharon,44.7,2022-03-12T00:00:00.000Z,50.3,54.5,46.5,55.5,55.9
Kaplan Hospital,83.3,2022-03-12T00:00:00.000Z,82.3,81.3,69.6,74.3,78.5
The Holy Family,189.7,2022-03-12T00:00:00.000Z,192.1,158.6,106.7,100,119.7
Nahariya,112.1,2022-03-12T00:00:00.000Z,96.7,82.8,87.7,87.4,76.9
Assuta Ashdod,133.9,2022-03-12T00:00:00.000Z,144.3,167.8,110.6,138.4,146
Chaim Sheba Medical Center,94.6,2022-03-12T00:00:00.000Z,99.3,78.2,100.6,104.9,100.1
Laniado,92.3,2022-03-12T00:00:00.000Z,93.4,99.1,85.8,91.8,90.1
Ziv Hospital,117.2,2022-03-13T00:00:00.000Z,100.4,98.9,79,72.3,78.4
Rambam,94.9,2022-03-13T00:00:00.000Z,93.8,96.7,91.7,93.4,93
Assaf Harofeh Medical Center,84.9,2022-03-13T00:00:00.000Z,90.1,80.1,73.7,74.7,71.3
Hillel Yaffeh Medical Center,102.1,2022-03-13T00:00:00.000Z,98.5,83,87.8,90.7,89.3
Rabin K. Beilinson,123.3,2022-03-13T00:00:00.000Z,115.1,90.2,95.9,93.4,83.8
Hacarmel Hospital,56.6,2022-03-13T00:00:00.000Z,55.7,62.5,71.6,68.9,78.3
Haemek Valley Center Hospital,90.3,2022-03-13T00:00:00.000Z,85.3,74,70.4,68.7,75.6
Poriah Hospital,71.8,2022-03-13T00:00:00.000Z,72.9,63.2,81.1,75,70.7
Bnei Ziom Medical Center,88.4,2022-03-13T00:00:00.000Z,86,81.1,91.5,86.4,86.5
Soroka Medical Center,67.4,2022-03-13T00:00:00.000Z,70.7,71.9,75.4,74.5,77.2
Hadassah Mount Scopus,66.7,2022-03-13T00:00:00.000Z,75,86.1,77.8,86,81.4
Woolfson Medical Center,78.3,2022-03-13T00:00:00.000Z,67.9,70.6,72.6,73,75.2
Tel Aviv Medical Center,84.3,2022-03-13T00:00:00.000Z,82,83,120.6,116.4,117.3
All Facilities,90.5,2022-03-13T00:00:00.000Z,89.6,83.3,87.8,86,85.9
Yosephtal Hospital,68.8,2022-03-13T00:00:00.000Z,59.8,62.5,58.5,42.9,52.1
Meir Hospital,77.5,2022-03-13T00:00:00.000Z,85.1,76.4,80.2,82.4,77.6
Shmuel Harofe,97.2,2022-03-13T00:00:00.000Z,93.7,80.2,84.5,82.9,81.5
Hadassah Ein Kerem,121.4,2022-03-13T00:00:00.000Z,121.9,67.1,89.9,91.7,85.7
Shaare Zedek,98.7,2022-03-13T00:00:00.000Z,87.2,74.6,102.6,102.8,94.7
Barzilai Medical Center,91.1,2022-03-13T00:00:00.000Z,90.8,93,86.9,83,80.8
Rabin K. Hasharon,38.6,2022-03-13T00:00:00.000Z,48,55.8,56.4,54.5,57.7
Kaplan Hospital,86.7,2022-03-13T00:00:00.000Z,82,82.4,79.2,73.5,78.8
The Holy Family,169,2022-03-13T00:00:00.000Z,195.1,158.6,102.7,101.2,119.2
Nahariya,96.8,2022-03-13T00:00:00.000Z,98.6,85.3,86.6,87.7,78.2
Assuta Ashdod,159.3,2022-03-13T00:00:00.000Z,146,168.8,138.9,137.1,146.8
Chaim Sheba Medical Center,90.8,2022-03-13T00:00:00.000Z,98,79,104.6,104.5,100.6
Laniado,94.9,2022-03-13T00:00:00.000Z,90.8,100.5,101.9,92.1,90.8
Ziv Hospital,93.8,2022-03-14T00:00:00.000Z,101.8,102.5,82.1,72.3,78.9
Rambam,92.9,2022-03-14T00:00:00.000Z,94.2,98,88.5,92.9,93.7
Assaf Harofeh Medical Center,85.7,2022-03-14T00:00:00.000Z,89.3,80.6,75.3,74.3,71.3
Hillel Yaffeh Medical Center,97.3,2022-03-14T00:00:00.000Z,98,82.6,87.8,89.7,89
Rabin K. Beilinson,111.9,2022-03-14T00:00:00.000Z,115,92,94.3,92.9,85.1
Hacarmel Hospital,55.7,2022-03-14T00:00:00.000Z,55.4,62.7,75.9,68.5,77.8
Haemek Valley Center Hospital,82.6,2022-03-14T00:00:00.000Z,85.4,74.3,69.2,68.7,75.8
Poriah Hospital,61.5,2022-03-14T00:00:00.000Z,72.2,63.7,78.9,75.6,71.6
Bnei Ziom Medical Center,84.3,2022-03-14T00:00:00.000Z,86.3,80.9,88.9,86.1,85.8
Soroka Medical Center,69.8,2022-03-14T00:00:00.000Z,69.3,72.7,77.1,73.5,77.2
Hadassah Mount Scopus,66.7,2022-03-14T00:00:00.000Z,74.6,88.1,78.1,86.1,81.5
Woolfson Medical Center,70.5,2022-03-14T00:00:00.000Z,69.6,70.6,72.5,71.9,75
Tel Aviv Medical Center,85,2022-03-14T00:00:00.000Z,81.5,82.7,121.5,115.8,117.2
All Facilities,88.8,2022-03-14T00:00:00.000Z,89.2,83.9,88.8,85.7,86.2
Yosephtal Hospital,75,2022-03-14T00:00:00.000Z,62.5,61.6,61.5,45.3,51.6
Meir Hospital,77,2022-03-14T00:00:00.000Z,83.9,74.9,79.6,81.6,77.2
Shmuel Harofe,91.7,2022-03-14T00:00:00.000Z,94.4,80.6,83.3,83.3,81.5
Hadassah Ein Kerem,121.4,2022-03-14T00:00:00.000Z,120.8,68.2,93.9,91.9,86
Shaare Zedek,108,2022-03-14T00:00:00.000Z,89.4,76.1,111.4,102.4,92.8
Barzilai Medical Center,91.7,2022-03-14T00:00:00.000Z,90.1,93.9,87.3,83.1,80.8
Rabin K. Hasharon,45.6,2022-03-14T00:00:00.000Z,45.7,57.9,65.1,53,59.6
Kaplan Hospital,94.7,2022-03-14T00:00:00.000Z,81.4,83.5,79,73.4,79.2
The Holy Family,179.3,2022-03-14T00:00:00.000Z,192.1,158.6,98,102.4,118.8
Nahariya,87.4,2022-03-14T00:00:00.000Z,99.3,87.4,87.8,87.6,79.3
Assuta Ashdod,157.6,2022-03-14T00:00:00.000Z,149.2,168.3,138.2,136.6,146.3
Chaim Sheba Medical Center,98.7,2022-03-14T00:00:00.000Z,95.1,79.8,107.2,104.2,101.2
Laniado,80.8,2022-03-14T00:00:00.000Z,91,101.1,100.3,92.9,91.8
Ziv Hospital,93.8,2022-03-15T00:00:00.000Z,100,101.6,75.2,72.7,79.1
Rambam,89.9,2022-03-15T00:00:00.000Z,93.9,98.5,89.5,91.6,94.7
Assaf Harofeh Medical Center,79.9,2022-03-15T00:00:00.000Z,87.9,80.9,71.7,73.5,71.1
Hillel Yaffeh Medical Center,93.8,2022-03-15T00:00:00.000Z,96.5,81.9,83.5,88,89
Rabin K. Beilinson,119.4,2022-03-15T00:00:00.000Z,113.5,92,97.4,92.3,85.8
Hacarmel Hospital,55.7,2022-03-15T00:00:00.000Z,55,62.3,75.5,68.5,77.4
Poriah Hospital,70.5,2022-03-15T00:00:00.000Z,71.4,64.8,74.4,75.8,73.1
Barzilai Medical Center,88.5,2022-03-15T00:00:00.000Z,90.7,93.2,89.9,83.2,81.3
Bnei Ziom Medical Center,84.3,2022-03-15T00:00:00.000Z,86.2,81.2,88.5,86,86
Soroka Medical Center,66.7,2022-03-15T00:00:00.000Z,67.3,73,76.1,72.6,77.1
Hadassah Mount Scopus,66.7,2022-03-15T00:00:00.000Z,72.6,86.5,81.9,85,81.3
Woolfson Medical Center,69.7,2022-03-15T00:00:00.000Z,69.7,70.7,76.3,70.7,75.3
Tel Aviv Medical Center,76.3,2022-03-15T00:00:00.000Z,81.9,82.5,116.1,115.7,116.8
All Facilities,87.4,2022-03-15T00:00:00.000Z,88.6,84.2,88,85.4,86.4
Yosephtal Hospital,62.5,2022-03-15T00:00:00.000Z,66.1,55.4,61.5,47.9,48.4
Meir Hospital,77,2022-03-15T00:00:00.000Z,82,74.7,77.8,80.3,76.6
Haemek Valley Center Hospital,76.8,2022-03-15T00:00:00.000Z,83.8,76.8,69.2,68.1,76.8
Shmuel Harofe,94.4,2022-03-15T00:00:00.000Z,94,80.6,83,83.4,81.3
Hadassah Ein Kerem,125.2,2022-03-15T00:00:00.000Z,120.1,69.6,91.3,91.6,86.3
Shaare Zedek,112,2022-03-15T00:00:00.000Z,92.5,77.2,110.8,105.1,94.2
Rabin K. Hasharon,42.1,2022-03-15T00:00:00.000Z,44.5,60.8,61,53.1,61.6
Kaplan Hospital,97.3,2022-03-15T00:00:00.000Z,82.7,84,84.3,73.6,79.2
The Holy Family,182.8,2022-03-15T00:00:00.000Z,190.6,158.6,103.4,102.4,118.3
Nahariya,88.9,2022-03-15T00:00:00.000Z,98.2,88.8,83.6,87,79.9
Assuta Ashdod,154.2,2022-03-15T00:00:00.000Z,150.6,168.3,132.8,134.8,145.3
Chaim Sheba Medical Center,91.6,2022-03-15T00:00:00.000Z,94.9,79.5,106.3,104,101.5
Laniado,82.1,2022-03-15T00:00:00.000Z,88.8,102.9,105,93.5,92.6
Ziv Hospital,89.1,2022-03-16T00:00:00.000Z,96,101.6,82.4,71.8,79.3
Rambam,90.4,2022-03-16T00:00:00.000Z,93.7,99.4,91.3,90.7,95.8
Assaf Harofeh Medical Center,73.7,2022-03-16T00:00:00.000Z,86.7,81.5,71.2,72.5,71.3
Hillel Yaffeh Medical Center,86.3,2022-03-16T00:00:00.000Z,95.2,83.8,80.6,86.5,89.6
Rabin K. Beilinson,107.5,2022-03-16T00:00:00.000Z,114.7,93.2,92.4,92.7,86.8
Hacarmel Hospital,59.4,2022-03-16T00:00:00.000Z,55.1,61.3,74.4,68.9,76.9
Poriah Hospital,74.4,2022-03-16T00:00:00.000Z,71.4,67,70.1,75.9,73.5
Barzilai Medical Center,90.1,2022-03-16T00:00:00.000Z,90.9,90.3,86.6,83.8,81
Bnei Ziom Medical Center,78.5,2022-03-16T00:00:00.000Z,85.5,82.3,87.1,85.9,85.6
Soroka Medical Center,62.8,2022-03-16T00:00:00.000Z,66.2,71.5,71.1,72.3,76.8
Hadassah Mount Scopus,61.1,2022-03-16T00:00:00.000Z,71.4,83.3,76,83.5,80.1
Woolfson Medical Center,69.3,2022-03-16T00:00:00.000Z,70,70.7,72.8,70.6,75
Tel Aviv Medical Center,78,2022-03-16T00:00:00.000Z,80.9,83.1,119,114.5,116.8
All Facilities,85.2,2022-03-16T00:00:00.000Z,88.1,84.6,86.3,85.1,86.6
Yosephtal Hospital,56.3,2022-03-16T00:00:00.000Z,66.1,54.5,56.9,50.3,48.4
Meir Hospital,75,2022-03-16T00:00:00.000Z,80.5,75.4,82,79.1,76.9
Haemek Valley Center Hospital,79.4,2022-03-16T00:00:00.000Z,82.5,78.2,69.7,68,77.1
Shmuel Harofe,88.9,2022-03-16T00:00:00.000Z,93.7,81,81.5,83.4,80.7
Hadassah Ein Kerem,121.4,2022-03-16T00:00:00.000Z,120.8,72.3,88,91,86.5
Shaare Zedek,106.7,2022-03-16T00:00:00.000Z,95.6,78.6,104.3,107.4,96.9
Rabin K. Hasharon,39.5,2022-03-16T00:00:00.000Z,43.4,62.9,53.1,53.4,64
Kaplan Hospital,83.3,2022-03-16T00:00:00.000Z,83.7,84.3,79.5,74.8,78.9
The Holy Family,186.2,2022-03-16T00:00:00.000Z,186.2,158.6,96.6,101.7,117.8
Nahariya,90.5,2022-03-16T00:00:00.000Z,96.7,90.3,84.5,85.9,80.4
Assuta Ashdod,155.9,2022-03-16T00:00:00.000Z,151.3,168,136.9,132.5,144.7
Chaim Sheba Medical Center,99.2,2022-03-16T00:00:00.000Z,93.2,80.5,105.8,103.4,102.1
Laniado,78.2,2022-03-16T00:00:00.000Z,86.1,103.8,95,94.2,94.7
Ziv Hospital,75,2022-03-17T00:00:00.000Z,93.1,102.5,75.2,72.1,79.4
Rambam,80.8,2022-03-17T00:00:00.000Z,92.9,99.6,85.9,89.6,96
Yosephtal Hospital,56.3,2022-03-17T00:00:00.000Z,64.3,55.4,52.3,52.3,48.6
Assaf Harofeh Medical Center,74.9,2022-03-17T00:00:00.000Z,84.5,81.9,69,71.7,71.3
Hillel Yaffeh Medical Center,84.2,2022-03-17T00:00:00.000Z,93.3,84.4,76.3,84.6,89
Rabin K. Beilinson,102.6,2022-03-17T00:00:00.000Z,113.2,94.6,83.6,91.7,87.6
Hacarmel Hospital,55.7,2022-03-17T00:00:00.000Z,55.9,60,69.1,69.3,76.4
Poriah Hospital,62.8,2022-03-17T00:00:00.000Z,70.3,66.1,65.1,74.2,73.6
Barzilai Medical Center,85.4,2022-03-17T00:00:00.000Z,90,86.8,79.1,83.4,80.3
Bnei Ziom Medical Center,72.7,2022-03-17T00:00:00.000Z,84.9,84.8,79.4,85.5,84.6
Soroka Medical Center,52.3,2022-03-17T00:00:00.000Z,65.4,70.3,63,71.8,76.1
Woolfson Medical Center,70.5,2022-03-17T00:00:00.000Z,70.1,70.2,65.2,70,74.4
Tel Aviv Medical Center,76,2022-03-17T00:00:00.000Z,80.1,82.6,110.7,114.2,116.9
All Facilities,79.8,2022-03-17T00:00:00.000Z,87.2,84.8,79.6,84.6,86.4
Meir Hospital,65,2022-03-17T00:00:00.000Z,78.7,74.5,74.9,78.6,76.8
Haemek Valley Center Hospital,76.8,2022-03-17T00:00:00.000Z,81.8,79.4,61.9,67.9,77
Shmuel Harofe,83.3,2022-03-17T00:00:00.000Z,92.5,81.7,79.2,83.2,80.1
Hadassah Ein Kerem,112.6,2022-03-17T00:00:00.000Z,120.4,78.9,76.7,89.6,87.6
Shaare Zedek,107.3,2022-03-17T00:00:00.000Z,98.1,80.3,93.2,106.7,99.6
Rabin K. Hasharon,36.8,2022-03-17T00:00:00.000Z,41.2,65.5,46.5,52.6,64.9
Kaplan Hospital,67.3,2022-03-17T00:00:00.000Z,84.1,84.8,70,74.9,78.2
Hadassah Mount Scopus,66.7,2022-03-17T00:00:00.000Z,69.4,80.2,77.4,81.2,78.6
The Holy Family,227.6,2022-03-17T00:00:00.000Z,184.7,158.6,102.7,102,117.4
Nahariya,84.7,2022-03-17T00:00:00.000Z,95.6,90.5,78.8,85.1,80.7
Assuta Ashdod,147.5,2022-03-17T00:00:00.000Z,151.8,167.3,133.8,130.3,143.3
Chaim Sheba Medical Center,86.2,2022-03-17T00:00:00.000Z,92,81.7,99.7,103,102
Laniado,69.2,2022-03-17T00:00:00.000Z,83.3,102.9,74.4,94.1,94.4
Ziv Hospital,71.9,2022-03-18T00:00:00.000Z,92.9,102.5,59.7,73.4,78.8
Rambam,84.8,2022-03-18T00:00:00.000Z,91.1,98.6,78.6,88.6,95.7
Yosephtal Hospital,37.5,2022-03-18T00:00:00.000Z,64.3,54.5,52.3,54.3,46.4
Assaf Harofeh Medical Center,72.6,2022-03-18T00:00:00.000Z,82.7,81.9,63.3,71,70.9
Hillel Yaffeh Medical Center,92.5,2022-03-18T00:00:00.000Z,92.8,84.5,75.7,83.2,87.6
Rabin K. Beilinson,105.7,2022-03-18T00:00:00.000Z,112.3,93.5,81.5,90.9,87.9
Hacarmel Hospital,60.4,2022-03-18T00:00:00.000Z,56.1,59.4,62.6,69.9,76.2
Poriah Hospital,69.2,2022-03-18T00:00:00.000Z,69.2,64.5,62,73,72.8
Barzilai Medical Center,90.6,2022-03-18T00:00:00.000Z,89.1,84.7,74,82.8,79.5
Bnei Ziom Medical Center,66.1,2022-03-18T00:00:00.000Z,83.4,85.2,66.3,84.8,83.4
Soroka Medical Center,58.9,2022-03-18T00:00:00.000Z,64.2,69.7,62.4,70.9,75.3
Tel Aviv Medical Center,74.7,2022-03-18T00:00:00.000Z,79.7,82.1,97.4,113.1,115.5
All Facilities,82.2,2022-03-18T00:00:00.000Z,86.6,84.7,74.7,84,86
Meir Hospital,62,2022-03-18T00:00:00.000Z,76,75.4,69.3,77.7,76.9
Chaim Sheba Medical Center,88.3,2022-03-18T00:00:00.000Z,92,81,95.6,102.8,101.8
Haemek Valley Center Hospital,79.4,2022-03-18T00:00:00.000Z,81.8,80.3,60.1,67.2,76.2
Shmuel Harofe,83.3,2022-03-18T00:00:00.000Z,91.7,82.5,78.6,82.5,79.7
Hadassah Ein Kerem,120.4,2022-03-18T00:00:00.000Z,120.1,88.8,78.8,87.1,89.1
Shaare Zedek,107.3,2022-03-18T00:00:00.000Z,101.3,82.4,85.9,103.9,99.9
Rabin K. Hasharon,41.2,2022-03-18T00:00:00.000Z,40.2,65,36.9,52,65.3
Kaplan Hospital,70,2022-03-18T00:00:00.000Z,83.6,84.7,64,75,76.9
Hadassah Mount Scopus,66.7,2022-03-18T00:00:00.000Z,68.3,76.2,75.7,78.6,76.9
The Holy Family,213.8,2022-03-18T00:00:00.000Z,189.7,158.6,107.4,102.4,117.4
Woolfson Medical Center,73.4,2022-03-18T00:00:00.000Z,71.3,69.4,63.3,69.5,73.8
Nahariya,93.2,2022-03-18T00:00:00.000Z,94.8,90.2,75.1,84.2,80.2
Assuta Ashdod,142.4,2022-03-18T00:00:00.000Z,151.6,168.5,118.1,130,142.6
Laniado,85.9,2022-03-18T00:00:00.000Z,82.2,103.1,71,90.8,95.1
Rambam,93.4,2022-03-19T00:00:00.000Z,90,97.8,85,87.7,95.8
Yosephtal Hospital,37.5,2022-03-19T00:00:00.000Z,60.7,53.6,41.5,55.4,44.4
Assaf Harofeh Medical Center,80.3,2022-03-19T00:00:00.000Z,80.4,81.5,68.6,70.6,70.6
Hillel Yaffeh Medical Center,109.6,2022-03-19T00:00:00.000Z,93.2,85.1,82.7,82.6,87
Rabin K. Beilinson,116.7,2022-03-19T00:00:00.000Z,112.1,92.3,87.8,90.6,87.4
Hacarmel Hospital,66,2022-03-19T00:00:00.000Z,56.9,58.2,67.5,70.4,76
Poriah Hospital,76.9,2022-03-19T00:00:00.000Z,68.9,62.6,67.9,72.3,71.6
Barzilai Medical Center,104.2,2022-03-19T00:00:00.000Z,89.7,81.7,80.8,82.9,78.9
Bnei Ziom Medical Center,74.4,2022-03-19T00:00:00.000Z,80.4,84.7,75.1,84,82.6
Kaplan Hospital,82,2022-03-19T00:00:00.000Z,83.2,83.5,72.4,75.1,76.3
The Holy Family,203.4,2022-03-19T00:00:00.000Z,192.6,158.6,102,102.5,117.4
Tel Aviv Medical Center,82.3,2022-03-19T00:00:00.000Z,79.6,82.2,104.9,113.2,114.9
Meir Hospital,65.5,2022-03-19T00:00:00.000Z,73.9,73.2,74.3,77.1,76.6
Chaim Sheba Medical Center,101.7,2022-03-19T00:00:00.000Z,92.8,79.7,101.5,102.9,101.5
Haemek Valley Center Hospital,94.2,2022-03-19T00:00:00.000Z,82.1,80.9,69.1,67,75.9
Shmuel Harofe,91.7,2022-03-19T00:00:00.000Z,90.5,81.7,81.2,81.9,79.1
Hadassah Ein Kerem,123.3,2022-03-19T00:00:00.000Z,121.1,97.6,81,86.5,90.4
Shaare Zedek,110,2022-03-19T00:00:00.000Z,104.8,83.8,92.7,99.9,99.4
Rabin K. Hasharon,52.6,2022-03-19T00:00:00.000Z,41.2,64,46.9,52.2,64.9
Soroka Medical Center,70.5,2022-03-19T00:00:00.000Z,64.1,68.8,67.4,70.6,74.9
Hadassah Mount Scopus,75,2022-03-19T00:00:00.000Z,67.1,74.2,81.9,77.8,75
Woolfson Medical Center,82,2022-03-19T00:00:00.000Z,72.4,69.6,71.2,69.9,73.5
Nahariya,105.3,2022-03-19T00:00:00.000Z,93.4,88,86.3,83.4,80.1
Assuta Ashdod,130.5,2022-03-19T00:00:00.000Z,150.1,168,115,129.9,143
All Facilities,91.6,2022-03-19T00:00:00.000Z,86.4,84.1,80.8,83.8,85.7
Ziv Hospital,82.8,2022-03-19T00:00:00.000Z,91.3,101.8,70.9,74.1,77.9
Laniado,106.4,2022-03-19T00:00:00.000Z,83.3,103.8,81.1,90.5,95.3
Rambam,90.4,2022-03-20T00:00:00.000Z,89.6,97,91.3,87.2,95.9
Yosephtal Hospital,68.8,2022-03-20T00:00:00.000Z,56.3,55.4,47.7,54.9,44.4
Assaf Harofeh Medical Center,87.3,2022-03-20T00:00:00.000Z,78.9,81,79.1,70.4,69.7
Hillel Yaffeh Medical Center,111.6,2022-03-20T00:00:00.000Z,95.1,85.2,87.8,82.1,86.8
Rabin K. Beilinson,108.8,2022-03-20T00:00:00.000Z,112.5,91.3,92.7,90.4,87
Hacarmel Hospital,65.1,2022-03-20T00:00:00.000Z,58.5,58.5,70.6,70.9,75.9
Poriah Hospital,74.4,2022-03-20T00:00:00.000Z,69.6,61.5,71.5,71.3,71.2
Barzilai Medical Center,109.4,2022-03-20T00:00:00.000Z,91.7,80.1,89.1,83.5,79.3
Bnei Ziom Medical Center,85.1,2022-03-20T00:00:00.000Z,78.4,82.1,85.7,82.4,81.8
Kaplan Hospital,87.3,2022-03-20T00:00:00.000Z,83,83.6,78.3,75.5,75.8
The Holy Family,182.8,2022-03-20T00:00:00.000Z,194.6,158.6,93.3,101.8,117.4
Tel Aviv Medical Center,81.3,2022-03-20T00:00:00.000Z,79.5,82.7,118.7,112.9,115.4
Meir Hospital,76.5,2022-03-20T00:00:00.000Z,71.3,73.3,81.9,76.9,76.7
Chaim Sheba Medical Center,95.8,2022-03-20T00:00:00.000Z,93.8,78.2,103,103,101.3
Haemek Valley Center Hospital,95.5,2022-03-20T00:00:00.000Z,82.8,81.2,73.6,67.1,75.9
Shmuel Harofe,94.4,2022-03-20T00:00:00.000Z,90.1,81,81.2,81.6,78.8
Hadassah Ein Kerem,123.3,2022-03-20T00:00:00.000Z,120.8,106.1,90.2,85.7,91.5
Shaare Zedek,112.7,2022-03-20T00:00:00.000Z,107.1,84.2,106.9,100.1,99.1
Rabin K. Hasharon,55.3,2022-03-20T00:00:00.000Z,42.4,64,63.5,52.3,65.2
Soroka Medical Center,76,2022-03-20T00:00:00.000Z,64.1,69.5,73.1,70.4,74.9
Hadassah Mount Scopus,77.8,2022-03-20T00:00:00.000Z,67.1,72.6,83,78.4,74.3
Woolfson Medical Center,83.6,2022-03-20T00:00:00.000Z,73.4,69.1,83.7,70.5,73.2
Nahariya,106.8,2022-03-20T00:00:00.000Z,92.4,86.7,90.1,83.2,79.9
Assuta Ashdod,157.6,2022-03-20T00:00:00.000Z,149.6,169.5,135.2,130.5,143.2
All Facilities,93.5,2022-03-20T00:00:00.000Z,86.5,84,88.1,83.7,85.6
Ziv Hospital,82.8,2022-03-20T00:00:00.000Z,89.1,100.9,79.3,74.9,77.1
Laniado,98.7,2022-03-20T00:00:00.000Z,85.3,105.9,101.4,89.8,95.9
Yosephtal Hospital,68.8,2022-03-21T00:00:00.000Z,56.3,56.3,47.7,53.4,43.1
Assaf Harofeh Medical Center,83.4,2022-03-21T00:00:00.000Z,79.2,81.4,77.4,71.2,69.6
Hillel Yaffeh Medical Center,106.2,2022-03-21T00:00:00.000Z,96.5,86.5,92.4,82.1,86.9
Rabin K. Beilinson,107,2022-03-21T00:00:00.000Z,110.4,91,95.4,90,86.9
Hacarmel Hospital,64.2,2022-03-21T00:00:00.000Z,59.7,58.1,75.5,70.8,76
Poriah Hospital,76.9,2022-03-21T00:00:00.000Z,70,61.7,73.5,70,70.9
Barzilai Medical Center,95.8,2022-03-21T00:00:00.000Z,94.3,77.3,84.1,83.8,78.5
Bnei Ziom Medical Center,89.3,2022-03-21T00:00:00.000Z,77.9,80.2,88.5,81.6,80.9
Kaplan Hospital,94.7,2022-03-21T00:00:00.000Z,83.1,85,83.7,75.3,75.1
The Holy Family,206.9,2022-03-21T00:00:00.000Z,196.6,158.6,91.3,100.5,117.4
Tel Aviv Medical Center,74,2022-03-21T00:00:00.000Z,79.1,82.4,118.9,112.6,115.8
Meir Hospital,75.5,2022-03-21T00:00:00.000Z,71.1,73.9,82.1,77.1,77.1
Chaim Sheba Medical Center,95.8,2022-03-21T00:00:00.000Z,94.5,78.3,104.3,102.7,101.3
Haemek Valley Center Hospital,87.7,2022-03-21T00:00:00.000Z,83.5,81.5,70.7,67.5,75.5
Shmuel Harofe,97.2,2022-03-21T00:00:00.000Z,89.7,80.2,82.1,81.1,78.4
Hadassah Ein Kerem,129.1,2022-03-21T00:00:00.000Z,121.1,115.3,97,85.7,92.9
Shaare Zedek,108.7,2022-03-21T00:00:00.000Z,109.1,84.5,107.8,100.7,98.5
Rabin K. Hasharon,50,2022-03-21T00:00:00.000Z,44.7,64.5,58.5,53.3,65.4
Soroka Medical Center,74,2022-03-21T00:00:00.000Z,65.3,69.4,75.8,70,74.8
Rambam,99,2022-03-21T00:00:00.000Z,89,96.6,91.7,87.2,95.9
Hadassah Mount Scopus,77.8,2022-03-21T00:00:00.000Z,68.7,72.6,84.4,79.2,74.4
Woolfson Medical Center,82.4,2022-03-21T00:00:00.000Z,74.1,68.7,81.6,72.1,72.7
Nahariya,104.7,2022-03-21T00:00:00.000Z,93.8,85.6,93.7,83.7,79.9
Assuta Ashdod,155.9,2022-03-21T00:00:00.000Z,149.4,169.5,147.4,130,143.4
All Facilities,92.1,2022-03-21T00:00:00.000Z,86.9,84,89.4,83.8,85.5
Ziv Hospital,98.4,2022-03-21T00:00:00.000Z,84.2,98.4,81.6,75,76
Laniado,93.6,2022-03-21T00:00:00.000Z,85.9,107.3,98.6,89.7,95.4
Yosephtal Hospital,68.8,2022-03-22T00:00:00.000Z,55.4,57.1,58.5,51.4,42.9
Assaf Harofeh Medical Center,83.8,2022-03-22T00:00:00.000Z,78.9,81.2,75.9,71.5,70.3
Hillel Yaffeh Medical Center,102.1,2022-03-22T00:00:00.000Z,97.7,86.4,89.9,82.7,86.5
Rabin K. Beilinson,111,2022-03-22T00:00:00.000Z,109.7,91.3,96.3,90.1,86.7
Hacarmel Hospital,63.2,2022-03-22T00:00:00.000Z,60.9,58.4,77.3,70.7,76.1
Poriah Hospital,84.6,2022-03-22T00:00:00.000Z,72.2,62.3,74.6,69.2,69.7
Barzilai Medical Center,93.2,2022-03-22T00:00:00.000Z,94.9,76.8,85.6,83.4,78.5
Bnei Ziom Medical Center,92.6,2022-03-22T00:00:00.000Z,78.6,80,90.3,81.5,79.7
Kaplan Hospital,95.3,2022-03-22T00:00:00.000Z,83.1,85.8,83.6,76,75.4
The Holy Family,213.8,2022-03-22T00:00:00.000Z,200.5,158.6,102,99.5,117.4
Tel Aviv Medical Center,71,2022-03-22T00:00:00.000Z,77.5,82.3,120.4,112.2,116.2
Meir Hospital,76,2022-03-22T00:00:00.000Z,70.9,73.8,80.3,77.5,77.6
Chaim Sheba Medical Center,105.4,2022-03-22T00:00:00.000Z,94.1,78.7,110.4,102.3,101.6
Haemek Valley Center Hospital,96.1,2022-03-22T00:00:00.000Z,84.2,81.6,73.6,67.8,75.1
Shmuel Harofe,86.1,2022-03-22T00:00:00.000Z,90.5,79.8,80.9,81,78.2
Hadassah Ein Kerem,129.1,2022-03-22T00:00:00.000Z,122.2,124.5,97.6,86.1,94.4
Shaare Zedek,110,2022-03-22T00:00:00.000Z,109.2,84.8,118.6,100.2,98.2
Rabin K. Hasharon,49.1,2022-03-22T00:00:00.000Z,45.4,64.5,64.3,52.3,65.8
Soroka Medical Center,78.7,2022-03-22T00:00:00.000Z,65.9,68.4,76,69.8,74.7
Rambam,95.5,2022-03-22T00:00:00.000Z,89.8,96.2,94.2,87.6,96.4
Hadassah Mount Scopus,75,2022-03-22T00:00:00.000Z,70.2,76.6,80.6,80.1,75.4
Woolfson Medical Center,79.1,2022-03-22T00:00:00.000Z,75.8,68.9,83.7,73.4,72.2
Nahariya,114.2,2022-03-22T00:00:00.000Z,96.3,83.5,97,84.6,79.2
Assuta Ashdod,169.5,2022-03-22T00:00:00.000Z,149.2,171.2,149.8,131.3,143.9
All Facilities,93.7,2022-03-22T00:00:00.000Z,87.4,84.2,91.5,83.8,85.5
Ziv Hospital,95.3,2022-03-22T00:00:00.000Z,84.8,100.4,79.5,74.9,75.6
Laniado,101.3,2022-03-22T00:00:00.000Z,87.7,105.7,110,89.5,94.9
Yosephtal Hospital,81.3,2022-03-23T00:00:00.000Z,56.3,58,58.5,51,43.3
Assaf Harofeh Medical Center,83.8,2022-03-23T00:00:00.000Z,79.4,81.8,73.8,72.1,69.7
Nahariya,116.3,2022-03-23T00:00:00.000Z,99.9,81.2,94.7,86.5,77.8
Hillel Yaffeh Medical Center,91.1,2022-03-23T00:00:00.000Z,98.9,84.9,85,83.6,85.4
Rabin K. Beilinson,118.1,2022-03-23T00:00:00.000Z,108.5,90.5,100.8,90,85.6
Hacarmel Hospital,64.2,2022-03-23T00:00:00.000Z,62,58.1,72,71,75.1
Haemek Valley Center Hospital,87.1,2022-03-23T00:00:00.000Z,87,81,71.5,68.4,73.8
Poriah Hospital,80.8,2022-03-23T00:00:00.000Z,74.2,61.2,71.8,69.3,68.8
Barzilai Medical Center,91.1,2022-03-23T00:00:00.000Z,95.5,77.1,85.4,82.8,78.2
Bnei Ziom Medical Center,90.1,2022-03-23T00:00:00.000Z,79.8,80,90.3,81.8,79.1
Kaplan Hospital,92,2022-03-23T00:00:00.000Z,82.9,85.8,80,75.9,75.5
The Holy Family,203.4,2022-03-23T00:00:00.000Z,204.9,158.6,93.3,99.3,117.4
Tel Aviv Medical Center,76,2022-03-23T00:00:00.000Z,76.8,81.3,120.5,112.8,115.2
Meir Hospital,76,2022-03-23T00:00:00.000Z,70.8,71.8,80.6,77.8,76.9
Chaim Sheba Medical Center,95,2022-03-23T00:00:00.000Z,96.1,79.3,105.8,102.9,100.8
Shmuel Harofe,88.9,2022-03-23T00:00:00.000Z,89.3,79.4,81.5,80.7,78.6
Hadassah Ein Kerem,128.2,2022-03-23T00:00:00.000Z,122.7,132.3,97.8,87,95.9
Shaare Zedek,107.3,2022-03-23T00:00:00.000Z,109,85,112.6,101.3,97.7
Rabin K. Hasharon,50.9,2022-03-23T00:00:00.000Z,46.4,63.2,59.8,52.8,64.3
Soroka Medical Center,64.3,2022-03-23T00:00:00.000Z,67.6,67.6,71.3,69.8,74.2
Hadassah Mount Scopus,75,2022-03-23T00:00:00.000Z,71.4,80.2,77.4,79.9,75.8
Woolfson Medical Center,79.9,2022-03-23T00:00:00.000Z,77.2,69.5,84.5,74.5,72
Assuta Ashdod,155.9,2022-03-23T00:00:00.000Z,151.3,173.6,155.3,133.7,145.1
All Facilities,91.5,2022-03-23T00:00:00.000Z,88.3,84,90,84.4,85
Ziv Hospital,89.1,2022-03-23T00:00:00.000Z,85,98.2,86.7,75.5,74
Rambam,97.5,2022-03-23T00:00:00.000Z,90.6,95.3,96.6,88.3,96
Laniado,98.7,2022-03-23T00:00:00.000Z,90.5,103.7,100.8,90.2,93
Yosephtal Hospital,81.3,2022-03-24T00:00:00.000Z,59.8,56.3,63.1,51.2,42.2
Assaf Harofeh Medical Center,80.3,2022-03-24T00:00:00.000Z,80.9,82,69.8,72.5,68.7
Nahariya,106.8,2022-03-24T00:00:00.000Z,103.6,80.7,88.8,87.9,76.2
Hillel Yaffeh Medical Center,97.3,2022-03-24T00:00:00.000Z,99.6,85.4,83.7,84.3,85.2
Rabin K. Beilinson,95.6,2022-03-24T00:00:00.000Z,110,89.7,88.8,91.2,84.3
Hacarmel Hospital,66,2022-03-24T00:00:00.000Z,62.7,58.4,71,70.6,73.9
Haemek Valley Center Hospital,92.9,2022-03-24T00:00:00.000Z,88.1,81.8,67.6,68.6,73
Barzilai Medical Center,85.9,2022-03-24T00:00:00.000Z,95.7,78.5,81.8,82.6,78.5
Kaplan Hospital,88,2022-03-24T00:00:00.000Z,84.1,86.4,72.3,76,76.3
The Holy Family,203.4,2022-03-24T00:00:00.000Z,207.4,158.6,94,98.8,117.4
Tel Aviv Medical Center,79.7,2022-03-24T00:00:00.000Z,76.5,80.9,114,113.1,113.2
Meir Hospital,76,2022-03-24T00:00:00.000Z,70.9,72.3,81.7,77.6,76.5
Chaim Sheba Medical Center,91.2,2022-03-24T00:00:00.000Z,95.5,80.8,101.7,102.9,100.2
Poriah Hospital,71.8,2022-03-24T00:00:00.000Z,75.1,62.1,69.9,69.5,68
Shmuel Harofe,91.7,2022-03-24T00:00:00.000Z,89.3,79.8,81.2,80.7,79.5
Hadassah Ein Kerem,123.3,2022-03-24T00:00:00.000Z,123.7,137,87.8,88.4,96.4
Shaare Zedek,108,2022-03-24T00:00:00.000Z,109,84.7,106.3,102.5,95.7
Rabin K. Hasharon,48.2,2022-03-24T00:00:00.000Z,48,63.8,53.9,53.8,63.6
Bnei Ziom Medical Center,83.5,2022-03-24T00:00:00.000Z,81.5,80.3,84.5,82.2,78.7
Soroka Medical Center,57.4,2022-03-24T00:00:00.000Z,67.8,67.8,66.1,69.8,74
Hadassah Mount Scopus,77.8,2022-03-24T00:00:00.000Z,73.4,81.7,78.1,80.1,76.6
Woolfson Medical Center,79.5,2022-03-24T00:00:00.000Z,78.7,71.6,73.1,76.2,71.7
Assuta Ashdod,162.7,2022-03-24T00:00:00.000Z,151.3,174.6,146.4,136.4,144.4
All Facilities,88.3,2022-03-24T00:00:00.000Z,89.2,84.5,84.8,84.9,84.3
Ziv Hospital,85.9,2022-03-24T00:00:00.000Z,85,97.3,75.8,76.1,72.7
Rambam,91.9,2022-03-24T00:00:00.000Z,91.6,95.7,88.9,89.1,95.6
Laniado,98.7,2022-03-24T00:00:00.000Z,93.4,103.5,97.8,91,89.9
Yosephtal Hospital,75,2022-03-25T00:00:00.000Z,63.4,51.8,49.2,52.7,42.9
Assaf Harofeh Medical Center,81.1,2022-03-25T00:00:00.000Z,81.6,81.2,66.1,72.6,68
Hillel Yaffeh Medical Center,95.2,2022-03-25T00:00:00.000Z,101.5,85.9,76.1,85.3,85.5
Rabin K. Beilinson,91.2,2022-03-25T00:00:00.000Z,109,89.7,80.8,91.9,83.5
Hacarmel Hospital,65.1,2022-03-25T00:00:00.000Z,64.2,58,61.1,70.9,73.7
Haemek Valley Center Hospital,91,2022-03-25T00:00:00.000Z,90.4,82.6,62.4,69.5,73.4
Barzilai Medical Center,83.9,2022-03-25T00:00:00.000Z,95.8,78.1,76.5,83,79.1
Kaplan Hospital,94,2022-03-25T00:00:00.000Z,87,87.7,69.6,76.3,78
The Holy Family,172.4,2022-03-25T00:00:00.000Z,203.9,158.6,118.1,97.6,117.4
Tel Aviv Medical Center,78.7,2022-03-25T00:00:00.000Z,77,80.7,96.9,113.5,113.2
Meir Hospital,72.5,2022-03-25T00:00:00.000Z,72.5,71.5,75.7,78.6,76.3
Chaim Sheba Medical Center,103.3,2022-03-25T00:00:00.000Z,96.2,82.1,96.8,103.2,99.8
Poriah Hospital,76.9,2022-03-25T00:00:00.000Z,76.4,63.4,60.8,70.2,68.4
Shmuel Harofe,83.3,2022-03-25T00:00:00.000Z,90.5,79,77.1,81,79.8
Hadassah Ein Kerem,121.4,2022-03-25T00:00:00.000Z,125.2,135.5,81.7,90,95.6
Shaare Zedek,106.7,2022-03-25T00:00:00.000Z,109.1,85.5,91.3,104.4,94.6
Rabin K. Hasharon,46.5,2022-03-25T00:00:00.000Z,49.6,65.5,43.6,54.8,64.2
Bnei Ziom Medical Center,81,2022-03-25T00:00:00.000Z,83,80.4,70,82.9,78.4
Soroka Medical Center,60.5,2022-03-25T00:00:00.000Z,68.5,67.5,61.8,70.3,73.9
Hadassah Mount Scopus,75,2022-03-25T00:00:00.000Z,75,82.1,72.6,80.2,76.6
Woolfson Medical Center,79.1,2022-03-25T00:00:00.000Z,80,73.5,69.1,77.3,72.5
Assuta Ashdod,144.1,2022-03-25T00:00:00.000Z,153.5,175.5,122.9,138.2,144.6
All Facilities,88,2022-03-25T00:00:00.000Z,90.4,84.7,77.1,85.6,84.2
Ziv Hospital,92.2,2022-03-25T00:00:00.000Z,86.6,96,62,76.2,72.2
Rambam,95.5,2022-03-25T00:00:00.000Z,93.2,96,80.6,89.5,95.7
Nahariya,105.3,2022-03-25T00:00:00.000Z,106.8,82,81.1,89.4,76
Laniado,92.3,2022-03-25T00:00:00.000Z,97.6,102.6,78.8,94.4,88.3
Yosephtal Hospital,100,2022-03-26T00:00:00.000Z,68.8,44.6,44.6,52.3,42.9
Hillel Yaffeh Medical Center,111.6,2022-03-26T00:00:00.000Z,101.9,84.3,85.4,85.4,85.3
Rabin K. Beilinson,104.8,2022-03-26T00:00:00.000Z,106.9,89,90.2,91.8,82.7
Hacarmel Hospital,67.9,2022-03-26T00:00:00.000Z,64.8,58,67.7,70.7,73.2
Haemek Valley Center Hospital,100,2022-03-26T00:00:00.000Z,92.1,82.8,72.5,69.8,73.6
Barzilai Medical Center,90.1,2022-03-26T00:00:00.000Z,94.8,78.4,81.5,83.3,79.2
Kaplan Hospital,106.7,2022-03-26T00:00:00.000Z,90.5,87.5,79.2,77.1,78.4
The Holy Family,165.5,2022-03-26T00:00:00.000Z,198,158.6,107.4,99.1,117.4
Tel Aviv Medical Center,89.3,2022-03-26T00:00:00.000Z,77.6,79.2,108.6,113.5,112.7
Meir Hospital,81.5,2022-03-26T00:00:00.000Z,74,71.7,82.3,79.5,75.8
Chaim Sheba Medical Center,101.3,2022-03-26T00:00:00.000Z,98.3,83,100.2,103.4,99.5
Poriah Hospital,83.3,2022-03-26T00:00:00.000Z,77.5,62.6,68.7,70,67.5
Shmuel Harofe,86.1,2022-03-26T00:00:00.000Z,90.5,80.2,78.6,80.8,80.2
Hadassah Ein Kerem,128.2,2022-03-26T00:00:00.000Z,125.4,135.2,85.8,90.4,94.9
Shaare Zedek,109.3,2022-03-26T00:00:00.000Z,109,86.6,94.8,105.2,93.1
Rabin K. Hasharon,56.1,2022-03-26T00:00:00.000Z,50.4,67.5,52.7,55.8,65
Bnei Ziom Medical Center,88.4,2022-03-26T00:00:00.000Z,85.1,81.1,83.1,83.5,76.8
Soroka Medical Center,70.9,2022-03-26T00:00:00.000Z,68.8,67.4,69.3,70.2,73.7
Hadassah Mount Scopus,77.8,2022-03-26T00:00:00.000Z,76.2,83.3,73.3,79.7,77
Woolfson Medical Center,86.5,2022-03-26T00:00:00.000Z,80.8,74.5,75,78.1,72
Assuta Ashdod,144.1,2022-03-26T00:00:00.000Z,153.8,176.3,112.6,138.9,145
All Facilities,96.4,2022-03-26T00:00:00.000Z,91.2,84.8,83.3,86,83.8
Ziv Hospital,110.9,2022-03-26T00:00:00.000Z,89.5,96,76.7,76.5,73
Assaf Harofeh Medical Center,86.1,2022-03-26T00:00:00.000Z,82.8,81.1,70.5,73,66.8
Rambam,98.5,2022-03-26T00:00:00.000Z,94.7,96.3,84,89.8,95.2
Nahariya,125.3,2022-03-26T00:00:00.000Z,108.5,83.6,91.2,90.2,75.6
Laniado,107.7,2022-03-26T00:00:00.000Z,98.5,100.7,88,95.5,86.2
Yosephtal Hospital,87.5,2022-03-27T00:00:00.000Z,77.7,36.6,56.9,52.7,41.5
Hillel Yaffeh Medical Center,116.4,2022-03-27T00:00:00.000Z,102.2,81.7,95.1,85.8,83.7
Rabin K. Beilinson,115,2022-03-27T00:00:00.000Z,105.2,87.5,95.7,92.2,80.9
Hacarmel Hospital,67,2022-03-27T00:00:00.000Z,65.1,57.1,79.1,70.7,72.4
Haemek Valley Center Hospital,96.8,2022-03-27T00:00:00.000Z,92.9,83.7,75.2,70.3,73.8
Barzilai Medical Center,103.6,2022-03-27T00:00:00.000Z,92.8,77.5,93.2,83.4,77.7
Kaplan Hospital,99.3,2022-03-27T00:00:00.000Z,94,86.2,84.6,78.1,77.8
The Holy Family,165.5,2022-03-27T00:00:00.000Z,192.6,158.6,107.4,99.9,117.4
Tel Aviv Medical Center,86,2022-03-27T00:00:00.000Z,78.6,77.2,123.7,114,110.3
Meir Hospital,80,2022-03-27T00:00:00.000Z,76.3,69.9,84.1,80.7,74.4
Chaim Sheba Medical Center,114.2,2022-03-27T00:00:00.000Z,98.3,82.8,106.6,103.2,98.5
Poriah Hospital,92.3,2022-03-27T00:00:00.000Z,78.4,61.2,87.9,70.1,66
Shmuel Harofe,83.3,2022-03-27T00:00:00.000Z,89.7,80.6,79.2,80.4,80.1
Hadassah Ein Kerem,124.3,2022-03-27T00:00:00.000Z,126.1,134.8,91.9,91.1,92.9
Shaare Zedek,108.7,2022-03-27T00:00:00.000Z,109,87,106.9,105.5,90.8
Rabin K. Hasharon,60.5,2022-03-27T00:00:00.000Z,50.9,68.5,63.9,56.6,65.1
Bnei Ziom Medical Center,95.9,2022-03-27T00:00:00.000Z,87.1,81.9,97.2,84.6,76.1
Soroka Medical Center,69.8,2022-03-27T00:00:00.000Z,68.8,66.3,73.8,70.5,72.9
Hadassah Mount Scopus,83.3,2022-03-27T00:00:00.000Z,76.6,84.9,77.1,78.5,76.7
Woolfson Medical Center,83.6,2022-03-27T00:00:00.000Z,81.4,75.1,85.4,78.7,71.6
Assuta Ashdod,162.7,2022-03-27T00:00:00.000Z,155.7,177.2,138.2,138.5,145.3
All Facilities,98,2022-03-27T00:00:00.000Z,91.9,84.1,91.4,86.3,82.7
Ziv Hospital,103.1,2022-03-27T00:00:00.000Z,93.5,95.8,85.3,77.4,73.1
Assaf Harofeh Medical Center,85.3,2022-03-27T00:00:00.000Z,83.7,79.8,79,73.2,65.9
Rambam,98.5,2022-03-27T00:00:00.000Z,95.5,96,90.7,89.6,94
Nahariya,117.4,2022-03-27T00:00:00.000Z,111.4,83.7,95.1,90.9,74.7
Laniado,119.2,2022-03-27T00:00:00.000Z,98.7,97.3,110,96.5,83.8
Yosephtal Hospital,87.5,2022-03-28T00:00:00.000Z,80.4,33,49.2,54.1,40.4
Hillel Yaffeh Medical Center,106.8,2022-03-28T00:00:00.000Z,102.8,77.6,89.3,86.8,80.6
Rabin K. Beilinson,113.7,2022-03-28T00:00:00.000Z,106.1,85.3,96.9,92.6,78
Hacarmel Hospital,61.3,2022-03-28T00:00:00.000Z,65.4,56.7,81.4,72,70.5
Haemek Valley Center Hospital,101.3,2022-03-28T00:00:00.000Z,93.1,84.1,77,70.5,72.8
Barzilai Medical Center,102.6,2022-03-28T00:00:00.000Z,92,77.3,89.1,84,76.3
Rabin K. Hasharon,60.5,2022-03-28T00:00:00.000Z,51.6,68.8,61,56.7,64.2
Kaplan Hospital,98,2022-03-28T00:00:00.000Z,95.7,82.6,85,79,76.4
Tel Aviv Medical Center,84,2022-03-28T00:00:00.000Z,79.2,74.5,120.1,114.7,105.9
Meir Hospital,79,2022-03-28T00:00:00.000Z,76.8,67.6,86.9,81,72.1
Chaim Sheba Medical Center,108.8,2022-03-28T00:00:00.000Z,100.9,80.8,108,103.7,96.6
Poriah Hospital,93.6,2022-03-28T00:00:00.000Z,81,59.9,83.7,72.5,63.9
Shmuel Harofe,83.3,2022-03-28T00:00:00.000Z,88.1,81,82.1,80.1,80
Hadassah Ein Kerem,123.3,2022-03-28T00:00:00.000Z,126.2,133.6,96.3,91.4,90.5
Shaare Zedek,108.7,2022-03-28T00:00:00.000Z,108.4,88.1,108.4,105.5,88.8
Bnei Ziom Medical Center,102.5,2022-03-28T00:00:00.000Z,88.7,80.6,97,86.3,73.6
Soroka Medical Center,67.1,2022-03-28T00:00:00.000Z,67.9,64.6,74.7,70.6,71.3
Hadassah Mount Scopus,75,2022-03-28T00:00:00.000Z,77.4,85.7,79.2,77.6,75.9
Woolfson Medical Center,86.9,2022-03-28T00:00:00.000Z,81.4,74.5,85.9,78.9,70.3
Assuta Ashdod,166.1,2022-03-28T00:00:00.000Z,156.4,178.7,139.9,139,145.6
All Facilities,97.4,2022-03-28T00:00:00.000Z,92.6,82.7,91.9,86.8,80.7
Ziv Hospital,107.8,2022-03-28T00:00:00.000Z,96.4,94.6,91.6,78.2,72
Assaf Harofeh Medical Center,95.4,2022-03-28T00:00:00.000Z,83.4,77.2,80.9,73.2,63.8
Rambam,98,2022-03-28T00:00:00.000Z,96.6,95.6,91.1,89.5,91.6
Nahariya,119.5,2022-03-28T00:00:00.000Z,112.9,83.2,99,91.6,72.5
Laniado,116.7,2022-03-28T00:00:00.000Z,101.6,93.2,110.3,97.7,81.1
Yosephtal Hospital,81.3,2022-03-29T00:00:00.000Z,83,36.6,64.6,54.3,42.9
Rabin K. Beilinson,111,2022-03-29T00:00:00.000Z,107,84.2,95,92.8,75.2
Hacarmel Hospital,69.8,2022-03-29T00:00:00.000Z,65,57,80.8,72.8,69.1
Haemek Valley Center Hospital,98.1,2022-03-29T00:00:00.000Z,95,84.7,75.7,71.4,72
Rabin K. Hasharon,66.7,2022-03-29T00:00:00.000Z,53.1,69,73.4,57,62
Kaplan Hospital,94,2022-03-29T00:00:00.000Z,96.2,81.1,85.9,79.2,75.2
The Holy Family,172.4,2022-03-29T00:00:00.000Z,190.1,158.6,118.1,101.9,117.4
Tel Aviv Medical Center,87.3,2022-03-29T00:00:00.000Z,80.7,72.1,120.6,114.9,101.4
Meir Hospital,82.5,2022-03-29T00:00:00.000Z,77.3,66.9,83.3,81.7,70.4
Chaim Sheba Medical Center,120.1,2022-03-29T00:00:00.000Z,102.7,81.8,108.9,104.2,95.2
Poriah Hospital,100,2022-03-29T00:00:00.000Z,83.3,59,90.4,73.9,62.1
Shmuel Harofe,91.7,2022-03-29T00:00:00.000Z,86.1,81,82.1,80.1,79.8
Hadassah Ein Kerem,123.3,2022-03-29T00:00:00.000Z,125.4,132.3,92.9,91.3,87.6
Shaare Zedek,108,2022-03-29T00:00:00.000Z,108.4,89.8,110,105.6,86
Barzilai Medical Center,96.4,2022-03-29T00:00:00.000Z,92.9,76.5,86.9,84.7,74.4
Bnei Ziom Medical Center,95,2022-03-29T00:00:00.000Z,90.6,78.4,88.5,87.5,71.6
Soroka Medical Center,67.8,2022-03-29T00:00:00.000Z,66.9,63.7,75.2,70.4,70
Hadassah Mount Scopus,69.4,2022-03-29T00:00:00.000Z,77,84.9,83,76.9,74.2
Woolfson Medical Center,88.9,2022-03-29T00:00:00.000Z,82.1,74.4,82.3,79.5,68
Assuta Ashdod,169.5,2022-03-29T00:00:00.000Z,157.9,174.3,145.4,137.9,141.7
All Facilities,97.5,2022-03-29T00:00:00.000Z,93.3,82,91.5,87.1,78.7
Ziv Hospital,98.4,2022-03-29T00:00:00.000Z,97.8,92.2,84.1,79.7,72
Assaf Harofeh Medical Center,93.1,2022-03-29T00:00:00.000Z,85.1,75.5,78.8,73.7,60.8
Rambam,101.5,2022-03-29T00:00:00.000Z,96.5,96.3,94.9,89.4,88.7
Nahariya,114.7,2022-03-29T00:00:00.000Z,115,85.5,96.8,92.4,72.1
Hillel Yaffeh Medical Center,90.4,2022-03-29T00:00:00.000Z,102.9,76.2,82.1,86.4,79
Laniado,100,2022-03-29T00:00:00.000Z,104.9,91.2,106.7,99.4,77
Yosephtal Hospital,81.3,2022-03-30T00:00:00.000Z,84.8,40.2,64.6,55.2,42.4
Rabin K. Beilinson,110.6,2022-03-30T00:00:00.000Z,107,84.5,96.3,92.6,73.9
Hacarmel Hospital,67.9,2022-03-30T00:00:00.000Z,65.9,57.1,79.1,73.3,68.9
Haemek Valley Center Hospital,94.2,2022-03-30T00:00:00.000Z,95.3,86.7,72.6,71.7,72.5
Shaare Zedek,106,2022-03-30T00:00:00.000Z,108.1,92.2,106.4,104.3,84
Rabin K. Hasharon,55.3,2022-03-30T00:00:00.000Z,55.6,69.8,63.9,58.3,61.9
Kaplan Hospital,96,2022-03-30T00:00:00.000Z,96,82,80.6,79.5,74.8
Tel Aviv Medical Center,78.3,2022-03-30T00:00:00.000Z,83,70.4,119.6,114.9,100.5
Meir Hospital,77.5,2022-03-30T00:00:00.000Z,78.2,69.2,82.4,82.1,70.1
Chaim Sheba Medical Center,111.7,2022-03-30T00:00:00.000Z,104.8,81.8,108,104,94.9
Poriah Hospital,105.1,2022-03-30T00:00:00.000Z,85.5,57.9,87.3,76.2,61.6
Shmuel Harofe,91.7,2022-03-30T00:00:00.000Z,86.9,81,79.8,80.3,79.3
Hadassah Ein Kerem,114.6,2022-03-30T00:00:00.000Z,124.5,129.7,89.4,90.6,85
Barzilai Medical Center,94.8,2022-03-30T00:00:00.000Z,93.4,76.2,86.1,84.9,74.4
Bnei Ziom Medical Center,84.3,2022-03-30T00:00:00.000Z,90.9,77.2,91.5,87.2,70.4
Soroka Medical Center,63.6,2022-03-30T00:00:00.000Z,65.4,66,71.4,70.3,70.1
Hadassah Mount Scopus,80.6,2022-03-30T00:00:00.000Z,76.2,83.7,85.8,77.2,73.3
Woolfson Medical Center,85.2,2022-03-30T00:00:00.000Z,83.5,74.8,85.4,79.3,67.4
Assuta Ashdod,159.3,2022-03-30T00:00:00.000Z,157.9,173.4,142,137.3,138.5
All Facilities,93.7,2022-03-30T00:00:00.000Z,93.9,82.3,90.5,87.1,78
Ziv Hospital,106.3,2022-03-30T00:00:00.000Z,98.2,90.4,88.5,80.3,73.1
Assaf Harofeh Medical Center,93.4,2022-03-30T00:00:00.000Z,86.4,74.3,78.9,74.1,59.8
Rambam,100.5,2022-03-30T00:00:00.000Z,97.3,96.3,98.9,89.5,88
Nahariya,115.8,2022-03-30T00:00:00.000Z,115,86.8,99.6,92.4,72.7
Hillel Yaffeh Medical Center,93.2,2022-03-30T00:00:00.000Z,101.3,77.5,87,85.3,78.9
Laniado,85.9,2022-03-30T00:00:00.000Z,104.8,90.7,96.7,98.9,74.6
Yosephtal Hospital,68.8,2022-03-31T00:00:00.000Z,84.8,41.1,53.8,56,44.2
Hacarmel Hospital,64.2,2022-03-31T00:00:00.000Z,66.4,56.9,78.5,74.3,68.7
Haemek Valley Center Hospital,95.5,2022-03-31T00:00:00.000Z,96.3,88,69.5,71.9,72.6
Shaare Zedek,105.3,2022-03-31T00:00:00.000Z,107.9,94.7,103.8,103.4,83.6
Rabin K. Hasharon,50,2022-03-31T00:00:00.000Z,56.3,68.3,55.2,58.9,61
Kaplan Hospital,84.7,2022-03-31T00:00:00.000Z,96.6,83.2,75.1,79.6,73.9
Tel Aviv Medical Center,70,2022-03-31T00:00:00.000Z,83.3,68.9,113,114.8,100.5
Meir Hospital,72,2022-03-31T00:00:00.000Z,78.4,69.4,77.9,82.3,69.5
Laniado,91,2022-03-31T00:00:00.000Z,102.9,89.9,101.4,98.3,74.7
Chaim Sheba Medical Center,97.9,2022-03-31T00:00:00.000Z,107.2,80.1,101.5,104.3,94.8
Poriah Hospital,91,2022-03-31T00:00:00.000Z,89,56.6,80.8,78.4,60.8
Shmuel Harofe,86.1,2022-03-31T00:00:00.000Z,87.3,79.8,80.1,80,78.3
Hadassah Ein Kerem,117.5,2022-03-31T00:00:00.000Z,122.6,126.9,88.8,89.4,83.3
Barzilai Medical Center,87,2022-03-31T00:00:00.000Z,93.9,75.8,79.6,85,74.5
Bnei Ziom Medical Center,86,2022-03-31T00:00:00.000Z,90.1,75.6,88.9,87.4,69.7
Soroka Medical Center,57.8,2022-03-31T00:00:00.000Z,65.3,65.8,68.1,70.3,69.5
Hadassah Mount Scopus,77.8,2022-03-31T00:00:00.000Z,77,84.9,76,78.4,72.4
Woolfson Medical Center,82.4,2022-03-31T00:00:00.000Z,84.3,74.5,76.6,79.4,67.3
Assuta Ashdod,157.6,2022-03-31T00:00:00.000Z,158.4,174.6,135.2,135.3,137.7
All Facilities,87.4,2022-03-31T00:00:00.000Z,94.2,81.8,85.7,87.2,77.6
Ziv Hospital,64.1,2022-03-31T00:00:00.000Z,100.7,85.7,74.6,80.6,73.1
Assaf Harofeh Medical Center,86.1,2022-03-31T00:00:00.000Z,87.8,72.9,76.7,74.9,59.9
Rambam,91.4,2022-03-31T00:00:00.000Z,97.8,95.3,90.1,89.9,87.9
Nahariya,106.3,2022-03-31T00:00:00.000Z,115,87.3,95.3,93.1,73.6
Hillel Yaffeh Medical Center,87.7,2022-03-31T00:00:00.000Z,101.6,77.2,82.9,85.5,78.8
Rabin K. Beilinson,109.3,2022-03-31T00:00:00.000Z,106,84.5,90.9,92,73
Yosephtal Hospital,81.3,2022-04-01T00:00:00.000Z,83,44.6,41.5,54.7,45.1
Haemek Valley Center Hospital,92.3,2022-04-01T00:00:00.000Z,96.7,89.7,65.6,72.1,71.5
Shmuel Harofe,86.1,2022-04-01T00:00:00.000Z,86.5,79,77.1,79.8,77.6
Shaare Zedek,109.3,2022-04-01T00:00:00.000Z,107.5,96.6,92.5,103.1,82.4
Rabin K. Hasharon,47.4,2022-04-01T00:00:00.000Z,56.5,67.7,39.4,59.1,59.3
Kaplan Hospital,84,2022-04-01T00:00:00.000Z,96.1,83.7,70.1,80,72.1
The Holy Family,172.4,2022-04-01T00:00:00.000Z,185.2,158.6,118.1,105.8,117.4
Tel Aviv Medical Center,72.3,2022-04-01T00:00:00.000Z,82,68,102.8,114.7,99.6
Meir Hospital,68,2022-04-01T00:00:00.000Z,77.9,70.1,71,81.8,68.6
Hacarmel Hospital,62.3,2022-04-01T00:00:00.000Z,66.2,57.4,68.3,75.4,68.2
Laniado,87.2,2022-04-01T00:00:00.000Z,101.8,88.5,79.1,98.8,72.5
Chaim Sheba Medical Center,105.9,2022-04-01T00:00:00.000Z,108.2,80.8,99.8,104.3,95.1
Poriah Hospital,94.9,2022-04-01T00:00:00.000Z,91.8,55.5,73,80,60.6
Hadassah Ein Kerem,112.6,2022-04-01T00:00:00.000Z,121.8,126.1,78.6,89.6,81.4
Barzilai Medical Center,91.7,2022-04-01T00:00:00.000Z,94,75.2,77,84.7,73.6
Bnei Ziom Medical Center,93.4,2022-04-01T00:00:00.000Z,90.4,74.4,79.4,88,69.4
Soroka Medical Center,63.6,2022-04-01T00:00:00.000Z,65.3,65.7,65.6,70.6,68.8
Hadassah Mount Scopus,72.2,2022-04-01T00:00:00.000Z,77,85.7,63.9,78.1,72.5
Woolfson Medical Center,90.6,2022-04-01T00:00:00.000Z,84.7,73.9,68.7,79.9,66.1
Assuta Ashdod,150.8,2022-04-01T00:00:00.000Z,157.6,173.1,129.4,133.7,133.7
All Facilities,90.4,2022-04-01T00:00:00.000Z,94.1,81.6,79.2,87.3,76.8
Ziv Hospital,79.7,2022-04-01T00:00:00.000Z,97.5,83.5,64.6,80.4,73.1
Assaf Harofeh Medical Center,88.8,2022-04-01T00:00:00.000Z,88.6,72.3,68.9,75.8,59.5
Rambam,96.5,2022-04-01T00:00:00.000Z,97.7,94.9,82.2,90,87.1
Nahariya,107.4,2022-04-01T00:00:00.000Z,114.9,86.8,87.4,94,73.7
Hillel Yaffeh Medical Center,90.4,2022-04-01T00:00:00.000Z,100.2,77.6,79.8,85.4,78.1
Rabin K. Beilinson,108.4,2022-04-01T00:00:00.000Z,107.9,84.6,83.3,92.3,71.6
Yosephtal Hospital,106.3,2022-04-02T00:00:00.000Z,83.9,47.3,58.5,53.6,46.6
Hacarmel Hospital,69.8,2022-04-02T00:00:00.000Z,65.8,57.7,76.9,76.4,67.7
Haemek Valley Center Hospital,103.9,2022-04-02T00:00:00.000Z,96.9,90.5,69.4,72.6,70.7
Shmuel Harofe,91.7,2022-04-02T00:00:00.000Z,86.9,78.6,79.5,79.8,76.7
Rabin K. Hasharon,57.9,2022-04-02T00:00:00.000Z,56.6,67.4,51.9,58.5,58
Kaplan Hospital,97.3,2022-04-02T00:00:00.000Z,94.7,84.2,77.6,80.1,71.4
The Holy Family,172.4,2022-04-02T00:00:00.000Z,179.3,158.6,118.1,108.1,117.2
Tel Aviv Medical Center,83,2022-04-02T00:00:00.000Z,81,69.6,111.8,115.5,99.9
Meir Hospital,69.5,2022-04-02T00:00:00.000Z,77.2,71.5,74.9,81.1,68.5
Assuta Ashdod,147.5,2022-04-02T00:00:00.000Z,158.6,172.6,117.4,134.7,129
Laniado,117.9,2022-04-02T00:00:00.000Z,101.1,89.4,92.2,98.9,71.8
Shaare Zedek,110.7,2022-04-02T00:00:00.000Z,107.9,99.2,97.3,103.2,82.4
Chaim Sheba Medical Center,107.9,2022-04-02T00:00:00.000Z,108.5,80.9,101.6,104.7,94.9
Poriah Hospital,102.6,2022-04-02T00:00:00.000Z,94.3,56.2,84.2,81.7,61.1
Hadassah Ein Kerem,123.3,2022-04-02T00:00:00.000Z,120.5,125,82,89.1,80.3
Barzilai Medical Center,101,2022-04-02T00:00:00.000Z,95.2,75.8,82,84.8,73.2
Bnei Ziom Medical Center,105.8,2022-04-02T00:00:00.000Z,92.2,73.4,90.8,89.4,70.5
Soroka Medical Center,68.2,2022-04-02T00:00:00.000Z,65.8,66.6,71.4,71.2,68.1
Hadassah Mount Scopus,83.3,2022-04-02T00:00:00.000Z,76.6,85.7,70.5,76.9,72.3
Woolfson Medical Center,90.2,2022-04-02T00:00:00.000Z,86.3,74.2,72.2,79.9,66.7
All Facilities,97.6,2022-04-02T00:00:00.000Z,94.4,82.1,84.5,87.6,76.6
Ziv Hospital,87.5,2022-04-02T00:00:00.000Z,95.8,80.6,72,80.8,73.6
Assaf Harofeh Medical Center,95,2022-04-02T00:00:00.000Z,89.7,71.2,72.7,76.2,59.8
Rambam,101.5,2022-04-02T00:00:00.000Z,97.8,95.6,87.4,90.3,87.3
Nahariya,124.2,2022-04-02T00:00:00.000Z,115.2,87.4,98.2,94.9,74.5
Hillel Yaffeh Medical Center,88.4,2022-04-02T00:00:00.000Z,99.5,79.1,79.8,86,77.6
Rabin K. Beilinson,116.3,2022-04-02T00:00:00.000Z,110.4,85.3,90.9,92.6,71.2
Rambam,98,2022-04-03T00:00:00.000Z,98.3,96.8,93.1,90.8,88
Hacarmel Hospital,67.9,2022-04-03T00:00:00.000Z,66,57.5,82.6,77.7,67.5
Haemek Valley Center Hospital,106.5,2022-04-03T00:00:00.000Z,97.4,89.3,73,72.2,70.4
Shmuel Harofe,94.4,2022-04-03T00:00:00.000Z,87.7,77.8,79.8,80,76
Rabin K. Hasharon,59.6,2022-04-03T00:00:00.000Z,56.9,68.4,66,58.4,58.1
Kaplan Hospital,100.7,2022-04-03T00:00:00.000Z,93.3,85.3,82.7,79.8,71.7
The Holy Family,172.4,2022-04-03T00:00:00.000Z,174.9,158.6,118.1,111.6,117.1
Tel Aviv Medical Center,88,2022-04-03T00:00:00.000Z,80.1,71.6,127.6,115.9,101.3
Meir Hospital,78,2022-04-03T00:00:00.000Z,75.5,73.3,81.4,80.1,69.5
Assuta Ashdod,154.2,2022-04-03T00:00:00.000Z,159.1,172.2,137.5,135.3,127
Laniado,121.8,2022-04-03T00:00:00.000Z,102.6,91.2,113.1,99.5,72.5
Shaare Zedek,111.3,2022-04-03T00:00:00.000Z,108.1,102.1,109.5,103.6,84
Chaim Sheba Medical Center,112.1,2022-04-03T00:00:00.000Z,109.5,82.5,106.4,104.9,95.2
Poriah Hospital,103.8,2022-04-03T00:00:00.000Z,97.1,57.5,88.2,83.9,62.4
Hadassah Ein Kerem,119.4,2022-04-03T00:00:00.000Z,119.8,124.1,86.9,88.5,80.7
Barzilai Medical Center,99.5,2022-04-03T00:00:00.000Z,96.7,77,89.2,84.8,73.8
Bnei Ziom Medical Center,103.3,2022-04-03T00:00:00.000Z,94.7,72.7,94.5,90.5,71.9
Soroka Medical Center,69.4,2022-04-03T00:00:00.000Z,65.4,67.1,75.4,71.5,68
Hadassah Mount Scopus,91.7,2022-04-03T00:00:00.000Z,77.4,89.3,76.4,76.5,73.6
Woolfson Medical Center,89.3,2022-04-03T00:00:00.000Z,86.8,74.8,84.2,79.5,67
All Facilities,98,2022-04-03T00:00:00.000Z,94.6,83.3,91.2,87.8,77.2
Yosephtal Hospital,93.8,2022-04-03T00:00:00.000Z,84.8,50,58.5,55.6,49.2
Ziv Hospital,79.7,2022-04-03T00:00:00.000Z,92.4,78.6,79.3,80.1,74
Assaf Harofeh Medical Center,90.7,2022-04-03T00:00:00.000Z,91,71.5,80.8,76.6,60.5
Nahariya,113.7,2022-04-03T00:00:00.000Z,115,89.5,97.7,95.9,75.6
Hillel Yaffeh Medical Center,88.4,2022-04-03T00:00:00.000Z,96.2,82.4,83.7,85.2,78.6
Rabin K. Beilinson,118.1,2022-04-03T00:00:00.000Z,112,87.9,95.9,92.7,72.6
Rambam,95.5,2022-04-04T00:00:00.000Z,98.2,97.6,89.2,91.1,89.9
Hacarmel Hospital,65.1,2022-04-04T00:00:00.000Z,66.2,57.8,82.4,78.2,68.6
Chaim Sheba Medical Center,102.1,2022-04-04T00:00:00.000Z,109.2,84.9,105.3,104.9,96.2
Haemek Valley Center Hospital,100,2022-04-04T00:00:00.000Z,98.8,89.9,73.5,71.8,71.5
Shmuel Harofe,94.4,2022-04-04T00:00:00.000Z,89.3,76.6,81.5,80.1,75.2
Rabin K. Hasharon,59.6,2022-04-04T00:00:00.000Z,56.8,69.7,65.6,58.7,59.3
Kaplan Hospital,93.3,2022-04-04T00:00:00.000Z,93.5,88.4,80.2,79.6,72.6
Tel Aviv Medical Center,85,2022-04-04T00:00:00.000Z,80.4,75,126.5,116.5,104.8
Meir Hospital,78,2022-04-04T00:00:00.000Z,75.2,76.8,81.4,79.7,71.2
Assuta Ashdod,127.1,2022-04-04T00:00:00.000Z,157.9,173.4,108.9,135.3,126
Laniado,102.6,2022-04-04T00:00:00.000Z,102.9,93.8,106.4,99.9,74.4
Shaare Zedek,108.7,2022-04-04T00:00:00.000Z,108.5,104.7,108.7,104,85.6
Poriah Hospital,93.6,2022-04-04T00:00:00.000Z,98.7,59.9,86.8,83.9,63.9
Hadassah Ein Kerem,130.1,2022-04-04T00:00:00.000Z,119.1,124,93.7,87.8,81.5
Barzilai Medical Center,86.5,2022-04-04T00:00:00.000Z,96.1,79.2,88.9,84.3,75.2
Bnei Ziom Medical Center,94.2,2022-04-04T00:00:00.000Z,95.7,73.8,94.9,90.1,74.7
Soroka Medical Center,63.6,2022-04-04T00:00:00.000Z,65.3,69.1,76,71.7,69
Hadassah Mount Scopus,86.1,2022-04-04T00:00:00.000Z,78.6,91.3,77.4,76.4,75.1
The Holy Family,172.4,2022-04-04T00:00:00.000Z,170.4,158.6,118.1,115.1,117
Woolfson Medical Center,95.1,2022-04-04T00:00:00.000Z,87.6,76.4,86.4,79.3,68.3
All Facilities,94,2022-04-04T00:00:00.000Z,94.6,85.3,90.6,87.8,78.6
Yosephtal Hospital,93.8,2022-04-04T00:00:00.000Z,85.7,52.7,47.7,55.8,50.3
Ziv Hospital,87.5,2022-04-04T00:00:00.000Z,89.1,78.8,83.6,79.3,75.3
Assaf Harofeh Medical Center,86.9,2022-04-04T00:00:00.000Z,91.8,73.2,82.7,76.8,62.2
Nahariya,111.1,2022-04-04T00:00:00.000Z,114.5,91.2,92.3,96.3,77.4
Hillel Yaffeh Medical Center,88.4,2022-04-04T00:00:00.000Z,92.2,86.2,84.1,83.5,80.6
Rabin K. Beilinson,115.4,2022-04-04T00:00:00.000Z,112.5,90.6,98.9,92.8,74.7
Rambam,94.9,2022-04-05T00:00:00.000Z,97.8,96.9,94.2,90.8,92
Hacarmel Hospital,64.2,2022-04-05T00:00:00.000Z,66.7,57.1,83,78.4,69.8
Chaim Sheba Medical Center,93.7,2022-04-05T00:00:00.000Z,108.2,85,104.7,104.5,97.3
Haemek Valley Center Hospital,103.9,2022-04-05T00:00:00.000Z,98.6,90,74.3,71.3,72.9
Shmuel Harofe,83.3,2022-04-05T00:00:00.000Z,90.9,75.8,77.1,80,74.4
Rabin K. Hasharon,60.5,2022-04-05T00:00:00.000Z,56.6,70.3,70.1,59.3,61.4
Kaplan Hospital,87.3,2022-04-05T00:00:00.000Z,92.9,90.3,79.7,78.9,72.6
Meir Hospital,76.5,2022-04-05T00:00:00.000Z,75.1,78.4,78.8,78.9,72.8
Laniado,98.7,2022-04-05T00:00:00.000Z,100.9,96.2,113.1,99.4,77.5
Shaare Zedek,107.3,2022-04-05T00:00:00.000Z,108.5,106.8,112.6,104,88.2
Poriah Hospital,84.6,2022-04-05T00:00:00.000Z,98.7,62.5,81.1,84.4,66
Hadassah Ein Kerem,140.8,2022-04-05T00:00:00.000Z,120.1,124.3,93.7,87.5,83.1
Barzilai Medical Center,88.5,2022-04-05T00:00:00.000Z,93.8,80.3,90.4,84.2,76.5
Bnei Ziom Medical Center,98.3,2022-04-05T00:00:00.000Z,94.6,74.7,97.2,89.8,76.9
Soroka Medical Center,63.2,2022-04-05T00:00:00.000Z,64.8,69.7,76.3,71.9,69.7
Hadassah Mount Scopus,75,2022-04-05T00:00:00.000Z,80.2,89.7,77.4,76.1,76.2
The Holy Family,172.4,2022-04-05T00:00:00.000Z,170.4,158.6,118.1,115.1,116.9
Woolfson Medical Center,89.8,2022-04-05T00:00:00.000Z,88.8,77.4,85.1,79.4,70.6
Tel Aviv Medical Center,80.3,2022-04-05T00:00:00.000Z,80.6,77.4,124.3,117.4,108.3
All Facilities,92,2022-04-05T00:00:00.000Z,94.1,86.4,90.8,87.6,80.3
Yosephtal Hospital,100,2022-04-05T00:00:00.000Z,86.6,50,63.1,55.6,50.3
Ziv Hospital,92.2,2022-04-05T00:00:00.000Z,86.2,79.5,86.7,78.1,75.5
Assaf Harofeh Medical Center,88.4,2022-04-05T00:00:00.000Z,90.6,74.8,85.7,77.1,64.3
Nahariya,112.1,2022-04-05T00:00:00.000Z,113.3,91.1,92.2,95.3,78
Hillel Yaffeh Medical Center,84.2,2022-04-05T00:00:00.000Z,89.5,88.5,83.7,82.8,81.9
Rabin K. Beilinson,113.7,2022-04-05T00:00:00.000Z,112.7,92.1,98.5,93.1,77.2
Ziv Hospital,90.6,2022-04-06T00:00:00.000Z,85.3,82.6,94.2,78.5,75.7
Rambam,93.9,2022-04-06T00:00:00.000Z,96.9,98.2,93.7,90.7,92.7
Hacarmel Hospital,65.1,2022-04-06T00:00:00.000Z,65.9,58.1,80.8,78.7,71.4
Chaim Sheba Medical Center,90.4,2022-04-06T00:00:00.000Z,104.5,85.4,103.5,103.9,97.9
Shmuel Harofe,77.8,2022-04-06T00:00:00.000Z,89.7,75,75.1,79.3,73.7
Rabin K. Hasharon,54.4,2022-04-06T00:00:00.000Z,55.8,71.8,62.2,58.9,62.4
Kaplan Hospital,90,2022-04-06T00:00:00.000Z,91.9,90,81.1,78,72.8
Meir Hospital,66,2022-04-06T00:00:00.000Z,74.2,78.5,77,78.2,73.8
Assuta Ashdod,162.7,2022-04-06T00:00:00.000Z,152.3,178.5,150.9,130.8,129.4
Laniado,94.9,2022-04-06T00:00:00.000Z,100.7,96.3,109.7,100.3,79.7
Shaare Zedek,104.7,2022-04-06T00:00:00.000Z,108.4,107.4,111.5,104.4,90.9
Haemek Valley Center Hospital,93.5,2022-04-06T00:00:00.000Z,99.4,90.4,70.5,71.1,74.3
Poriah Hospital,76.9,2022-04-06T00:00:00.000Z,96.5,64.7,80.3,83.1,67.4
Hadassah Ein Kerem,130.1,2022-04-06T00:00:00.000Z,122.6,127.2,91.8,87.6,85.2
Barzilai Medical Center,94.8,2022-04-06T00:00:00.000Z,92.7,81.8,90.2,84.7,77.7
Bnei Ziom Medical Center,101.7,2022-04-06T00:00:00.000Z,95,75.6,103.5,91,78.7
Soroka Medical Center,58.9,2022-04-06T00:00:00.000Z,64.2,67.6,74.7,72,70.2
Hadassah Mount Scopus,77.8,2022-04-06T00:00:00.000Z,81,93.3,76,75.3,76.8
The Holy Family,172.4,2022-04-06T00:00:00.000Z,171.4,158.6,118.1,116.6,116.8
Woolfson Medical Center,96.7,2022-04-06T00:00:00.000Z,88.9,77.3,86.2,79.8,71.3
Tel Aviv Medical Center,82.7,2022-04-06T00:00:00.000Z,79.6,79.7,122.5,117.9,110
All Facilities,92.6,2022-04-06T00:00:00.000Z,93.3,87.3,91.2,87.5,81.4
Yosephtal Hospital,106.3,2022-04-06T00:00:00.000Z,89.3,43.8,52.3,55.4,51
Assaf Harofeh Medical Center,88.8,2022-04-06T00:00:00.000Z,89.9,76.3,82.7,78.1,65.4
Nahariya,113.7,2022-04-06T00:00:00.000Z,112.9,93.1,92.7,94.7,78.7
Hillel Yaffeh Medical Center,90.4,2022-04-06T00:00:00.000Z,88.6,89.1,84.5,83,82.6
Rabin K. Beilinson,118.1,2022-04-06T00:00:00.000Z,113.1,94,101.4,93.5,79.6
Ziv Hospital,79.7,2022-04-07T00:00:00.000Z,83,85.5,81,79.3,76.9
Rambam,91.4,2022-04-07T00:00:00.000Z,96,99.1,86.5,90,93.4
Hacarmel Hospital,62.3,2022-04-07T00:00:00.000Z,65.5,58.9,73.8,78.9,73
Chaim Sheba Medical Center,82,2022-04-07T00:00:00.000Z,101.4,86.8,96.7,103.3,98.7
Shmuel Harofe,77.8,2022-04-07T00:00:00.000Z,87.7,75,75.7,78.6,73.6
Hadassah Ein Kerem,117.5,2022-04-07T00:00:00.000Z,124.8,127.7,84.4,87.9,86.4
Rabin K. Hasharon,47.4,2022-04-07T00:00:00.000Z,55.6,73.8,52.3,58.6,65
Kaplan Hospital,75.3,2022-04-07T00:00:00.000Z,91,90.3,73.7,78.1,74.1
Meir Hospital,69,2022-04-07T00:00:00.000Z,72.6,80.1,78.9,77.5,74.9
Assuta Ashdod,164.4,2022-04-07T00:00:00.000Z,151.3,178.5,142.3,131.6,131.8
Laniado,103.8,2022-04-07T00:00:00.000Z,102,97.1,115,102.1,82.1
Shaare Zedek,102,2022-04-07T00:00:00.000Z,108.2,109,103.3,105.1,93.1
Haemek Valley Center Hospital,85.8,2022-04-07T00:00:00.000Z,99.4,90.3,63.7,70.8,75.3
Poriah Hospital,87.2,2022-04-07T00:00:00.000Z,92.5,65.2,74.9,82.1,68.5
Barzilai Medical Center,92.2,2022-04-07T00:00:00.000Z,92.7,82.7,85.8,85.3,78.5
Bnei Ziom Medical Center,95.9,2022-04-07T00:00:00.000Z,97.5,76.7,89.6,92.7,80.4
Soroka Medical Center,54.3,2022-04-07T00:00:00.000Z,63.5,67.1,68.5,72.5,71.4
Hadassah Mount Scopus,75,2022-04-07T00:00:00.000Z,80.6,96.4,74.3,74,77.5
The Holy Family,172.4,2022-04-07T00:00:00.000Z,172.4,158.6,118.1,118.1,116.6
Woolfson Medical Center,87.7,2022-04-07T00:00:00.000Z,90.6,77.9,80.1,79.9,72.1
Tel Aviv Medical Center,83.7,2022-04-07T00:00:00.000Z,80.2,82.2,115.5,118.3,112
All Facilities,88,2022-04-07T00:00:00.000Z,93.1,88.4,85,87.6,82.6
Yosephtal Hospital,81.3,2022-04-07T00:00:00.000Z,92.9,42.9,53.8,53.6,52.7
Assaf Harofeh Medical Center,87.3,2022-04-07T00:00:00.000Z,89.2,77.7,72.8,78.6,66
Nahariya,99.5,2022-04-07T00:00:00.000Z,112.6,95.1,85.9,93.7,78.8
Hillel Yaffeh Medical Center,95.9,2022-04-07T00:00:00.000Z,88.3,90,81,82.6,84
Rabin K. Beilinson,107,2022-04-07T00:00:00.000Z,114.2,95.3,91.5,94.3,81.8
Ziv Hospital,87.5,2022-04-08T00:00:00.000Z,85.3,87.5,75.2,80.2,78.2
Rambam,92.4,2022-04-08T00:00:00.000Z,96,100.1,78.7,89.5,94.8
Hacarmel Hospital,62.3,2022-04-08T00:00:00.000Z,65.2,59.4,67.1,78.3,73.9
Hillel Yaffeh Medical Center,97.3,2022-04-08T00:00:00.000Z,89.4,90.7,74.4,82.4,85.3
Chaim Sheba Medical Center,94.6,2022-04-08T00:00:00.000Z,99.2,86.6,94.4,102.6,99.1
Shmuel Harofe,72.2,2022-04-08T00:00:00.000Z,86.5,77,75.4,78,74.2
Hadassah Ein Kerem,110.7,2022-04-08T00:00:00.000Z,124.8,129.8,75.8,87.3,88.4
Assaf Harofeh Medical Center,89.6,2022-04-08T00:00:00.000Z,89.4,80.4,65.8,78.1,66.8
Rabin K. Hasharon,52.6,2022-04-08T00:00:00.000Z,55.3,73.4,46.1,58.2,66
Kaplan Hospital,72.7,2022-04-08T00:00:00.000Z,89.7,90.2,67.8,77.9,75
Meir Hospital,67,2022-04-08T00:00:00.000Z,72.1,82.1,71.6,77.6,76.3
Assuta Ashdod,142.4,2022-04-08T00:00:00.000Z,152.1,178.7,120.8,131.6,135.3
Laniado,103.8,2022-04-08T00:00:00.000Z,103.8,97.8,87.2,104.1,83.9
Shaare Zedek,106.7,2022-04-08T00:00:00.000Z,107.7,110.2,90.2,105.1,95.5
Haemek Valley Center Hospital,94.8,2022-04-08T00:00:00.000Z,98,90,61.9,70,76.9
Poriah Hospital,85.9,2022-04-08T00:00:00.000Z,91.9,66.3,65.1,81.2,68.8
Barzilai Medical Center,94.3,2022-04-08T00:00:00.000Z,93.5,83.9,77.6,86.2,79.8
Bnei Ziom Medical Center,92.6,2022-04-08T00:00:00.000Z,98.9,79.1,74.8,92.8,82
Soroka Medical Center,53.5,2022-04-08T00:00:00.000Z,63,67.3,64.2,72.6,72.3
Hadassah Mount Scopus,72.2,2022-04-08T00:00:00.000Z,80.2,100,66,73.7,77.7
Woolfson Medical Center,91,2022-04-08T00:00:00.000Z,91.3,78.2,71.4,80.4,72.3
Tel Aviv Medical Center,78.3,2022-04-08T00:00:00.000Z,82.1,85.1,98,118.7,113.8
All Facilities,89.1,2022-04-08T00:00:00.000Z,93.2,89.6,77,87.5,83.8
Yosephtal Hospital,75,2022-04-08T00:00:00.000Z,94.6,47.3,41.5,53.6,54.9
Nahariya,115.3,2022-04-08T00:00:00.000Z,111.7,96.3,84,92.3,79.1
Rabin K. Beilinson,108.8,2022-04-08T00:00:00.000Z,113.8,96.9,85.6,94.4,84.1
Ziv Hospital,95.3,2022-04-09T00:00:00.000Z,86.4,88.6,83.9,81.7,77.9
Rambam,97.5,2022-04-09T00:00:00.000Z,95.4,101.6,82.7,89,96.2
Hacarmel Hospital,68.9,2022-04-09T00:00:00.000Z,65.2,60.5,70.1,78.1,74.9
Hillel Yaffeh Medical Center,106.2,2022-04-09T00:00:00.000Z,90.4,94.3,81,81.6,86.3
Chaim Sheba Medical Center,107.9,2022-04-09T00:00:00.000Z,97.5,87.7,100.6,101.8,100
Shmuel Harofe,80.6,2022-04-09T00:00:00.000Z,84.5,77.8,78,77.7,75
Hadassah Ein Kerem,111.7,2022-04-09T00:00:00.000Z,124.5,131.1,76.7,86.9,90.2
Assaf Harofeh Medical Center,91.1,2022-04-09T00:00:00.000Z,89.5,82.7,69.4,77.6,67.4
Kaplan Hospital,76.7,2022-04-09T00:00:00.000Z,88.1,90.3,70,77.5,75.2
Meir Hospital,72.5,2022-04-09T00:00:00.000Z,72,82.6,76.7,77.7,76.8
Assuta Ashdod,144.1,2022-04-09T00:00:00.000Z,149.9,180.6,105.8,129.6,138.2
Laniado,111.5,2022-04-09T00:00:00.000Z,106.2,99.6,96.1,105.3,86.6
Shaare Zedek,106,2022-04-09T00:00:00.000Z,107.3,109.2,97.8,104.7,96.9
Haemek Valley Center Hospital,96.8,2022-04-09T00:00:00.000Z,98.3,91.6,67.8,69.5,77.8
Poriah Hospital,89.7,2022-04-09T00:00:00.000Z,90.7,67.8,71.3,80.1,69.9
Barzilai Medical Center,100,2022-04-09T00:00:00.000Z,93.8,86,80.8,86.3,81.5
Rabin K. Hasharon,59.6,2022-04-09T00:00:00.000Z,56,72.6,53.5,59.2,66.8
Bnei Ziom Medical Center,95.9,2022-04-09T00:00:00.000Z,98.8,81.3,83.4,92.2,83
Soroka Medical Center,58.5,2022-04-09T00:00:00.000Z,61.6,67.3,68.9,72.4,73.5
Hadassah Mount Scopus,80.6,2022-04-09T00:00:00.000Z,80.2,100.4,64.6,74,77.6
The Holy Family,172.4,2022-04-09T00:00:00.000Z,172.4,158.6,118.1,118.1,116.5
Woolfson Medical Center,98.4,2022-04-09T00:00:00.000Z,91.4,78.9,75.1,80.8,71.9
Tel Aviv Medical Center,87.7,2022-04-09T00:00:00.000Z,83,86.9,108.8,118,114.7
All Facilities,95.8,2022-04-09T00:00:00.000Z,93,90.8,82.2,87.2,84.8
Yosephtal Hospital,81.3,2022-04-09T00:00:00.000Z,93.8,57.1,43.1,53.6,57.8
Nahariya,127.4,2022-04-09T00:00:00.000Z,112.8,96.3,93.3,91.9,79
Rabin K. Beilinson,115,2022-04-09T00:00:00.000Z,113.9,98.9,91.2,94.7,86.3
Ziv Hospital,104.7,2022-04-10T00:00:00.000Z,87.5,90,86.5,83.4,78.3
Rambam,93.9,2022-04-10T00:00:00.000Z,94.8,101.5,89,88.3,97.2
Hacarmel Hospital,69.8,2022-04-10T00:00:00.000Z,65.1,60.9,77.1,77.1,75.8
Hillel Yaffeh Medical Center,105.5,2022-04-10T00:00:00.000Z,93,96.6,88.3,81.7,87.1
Chaim Sheba Medical Center,102.9,2022-04-10T00:00:00.000Z,97.5,88.6,104.1,101.7,100.8
Shmuel Harofe,86.1,2022-04-10T00:00:00.000Z,82.9,79.8,78.6,77.5,75.9
Hadassah Ein Kerem,116.5,2022-04-10T00:00:00.000Z,122.9,133,82.1,86.1,91.7
Assaf Harofeh Medical Center,83,2022-04-10T00:00:00.000Z,89,84.9,74.3,77.1,68
Kaplan Hospital,78.7,2022-04-10T00:00:00.000Z,85.1,92.2,74.9,76.5,75.9
Meir Hospital,73,2022-04-10T00:00:00.000Z,72.4,85.6,78.4,78,77.8
Assuta Ashdod,157.6,2022-04-10T00:00:00.000Z,148.9,178.5,136.5,126.2,138.1
Laniado,92.3,2022-04-10T00:00:00.000Z,105.3,101.3,109.7,105.8,87.9
Shaare Zedek,104,2022-04-10T00:00:00.000Z,106.7,108.9,108,104.8,97.5
Haemek Valley Center Hospital,88.4,2022-04-10T00:00:00.000Z,97.3,94.9,69.7,69.2,78.1
Poriah Hospital,87.2,2022-04-10T00:00:00.000Z,88.8,68.7,80,78.2,70.9
Barzilai Medical Center,93.8,2022-04-10T00:00:00.000Z,93.7,86.9,85.6,86.1,82.8
Rabin K. Hasharon,50,2022-04-10T00:00:00.000Z,56.3,73.1,55.2,59.4,68
Bnei Ziom Medical Center,88.4,2022-04-10T00:00:00.000Z,97.4,85.1,84.3,91.1,83.5
Soroka Medical Center,72.5,2022-04-10T00:00:00.000Z,60.2,68.9,74.8,72,74.7
Hadassah Mount Scopus,83.3,2022-04-10T00:00:00.000Z,79.8,99.6,68.8,73.2,77.9
The Holy Family,172.4,2022-04-10T00:00:00.000Z,172.4,158.6,118.1,118.1,116.5
Woolfson Medical Center,96.7,2022-04-10T00:00:00.000Z,92.6,80.3,80.4,81.2,72.5
Tel Aviv Medical Center,87.7,2022-04-10T00:00:00.000Z,83.7,87.8,122.7,117.6,115.7
All Facilities,93.5,2022-04-10T00:00:00.000Z,92.8,92.1,87.7,86.8,85.6
Yosephtal Hospital,43.8,2022-04-10T00:00:00.000Z,90.2,63.4,44.6,51.4,57.6
Nahariya,110.5,2022-04-10T00:00:00.000Z,113.2,95.7,90.1,91.2,78.9
Rabin K. Beilinson,115.9,2022-04-10T00:00:00.000Z,113.7,100.3,94.9,94.7,87.5
Ziv Hospital,107.8,2022-04-11T00:00:00.000Z,91.1,91.1,93.7,84.4,78.5
Rambam,92.9,2022-04-11T00:00:00.000Z,94.2,101.9,89,87.7,98.2
Hacarmel Hospital,60.4,2022-04-11T00:00:00.000Z,65.4,61.1,76.9,76.3,76.1
Hillel Yaffeh Medical Center,88.4,2022-04-11T00:00:00.000Z,95.4,97.9,84.9,82.4,87.9
Chaim Sheba Medical Center,95,2022-04-11T00:00:00.000Z,96.2,90,103.9,101.3,101.9
Shmuel Harofe,83.3,2022-04-11T00:00:00.000Z,81.7,82.1,76.5,77.3,77.1
Hadassah Ein Kerem,109.7,2022-04-11T00:00:00.000Z,122.5,134.8,86.2,85.4,92.8
Assaf Harofeh Medical Center,85.7,2022-04-11T00:00:00.000Z,87.9,86.8,75.1,76.2,68.5
Kaplan Hospital,76.7,2022-04-11T00:00:00.000Z,82,93.8,75.6,75.3,76.8
Meir Hospital,69.5,2022-04-11T00:00:00.000Z,71.7,86.9,79.6,77.5,78.5
Assuta Ashdod,149.2,2022-04-11T00:00:00.000Z,150.4,174.8,142.7,129,134.9
Laniado,85.9,2022-04-11T00:00:00.000Z,101.1,102.6,98.6,105.3,89.1
Shaare Zedek,98,2022-04-11T00:00:00.000Z,105.6,108.6,109.1,104.6,97.7
Haemek Valley Center Hospital,87.1,2022-04-11T00:00:00.000Z,94.7,96.9,67.4,68.8,78.1
Poriah Hospital,79.5,2022-04-11T00:00:00.000Z,86.4,68.7,82.3,77.1,71.8
Barzilai Medical Center,94.3,2022-04-11T00:00:00.000Z,92.9,85.9,89.2,85.6,83.3
Rabin K. Hasharon,43.9,2022-04-11T00:00:00.000Z,54.9,74.2,56,57.9,69.3
Bnei Ziom Medical Center,87.6,2022-04-11T00:00:00.000Z,95.3,88.1,84.3,89.7,84.2
Soroka Medical Center,69.8,2022-04-11T00:00:00.000Z,60.6,69.3,72.3,71.9,75.2
Hadassah Mount Scopus,72.2,2022-04-11T00:00:00.000Z,78.6,99.6,70.5,72.1,77.8
Woolfson Medical Center,94.3,2022-04-11T00:00:00.000Z,93.6,80.9,83.7,80.7,72.6
Tel Aviv Medical Center,82.3,2022-04-11T00:00:00.000Z,83.6,89.3,122.6,116.9,116.9
All Facilities,89.7,2022-04-11T00:00:00.000Z,92.1,93,87.9,86.3,86.3
Yosephtal Hospital,81.3,2022-04-11T00:00:00.000Z,83,65.2,50.8,49.5,57.6
Nahariya,112.6,2022-04-11T00:00:00.000Z,112.8,95.6,89.7,90.1,79.2
Rabin K. Beilinson,116.3,2022-04-11T00:00:00.000Z,113.4,101.6,96.7,94.6,88.9
Ziv Hospital,95.3,2022-04-12T00:00:00.000Z,94,89.7,83.6,85.9,79.2
Rambam,89.4,2022-04-12T00:00:00.000Z,93.9,102.4,89.2,87.7,98.5
Hacarmel Hospital,61.3,2022-04-12T00:00:00.000Z,64.7,61.7,74.8,75.5,76.3
Hillel Yaffeh Medical Center,79.5,2022-04-12T00:00:00.000Z,95.4,99.8,80.4,82.5,88.7
Chaim Sheba Medical Center,100,2022-04-12T00:00:00.000Z,95.2,90.1,107.5,101.1,102.7
Shmuel Harofe,83.3,2022-04-12T00:00:00.000Z,80.2,84.5,77.4,76.6,78
Hadassah Ein Kerem,112.6,2022-04-12T00:00:00.000Z,119.6,135.5,89.2,84.4,94.1
Assaf Harofeh Medical Center,84.9,2022-04-12T00:00:00.000Z,87.7,87.3,76.4,75.1,68.8
Kaplan Hospital,70.7,2022-04-12T00:00:00.000Z,79.6,95,71.2,74.7,78
Meir Hospital,64.5,2022-04-12T00:00:00.000Z,70.5,87.8,79.3,77.3,79
Assuta Ashdod,159.3,2022-04-12T00:00:00.000Z,149.6,177.7,147.1,129.7,138.4
Laniado,92.3,2022-04-12T00:00:00.000Z,98.7,102.4,97.5,104.2,90.3
Shaare Zedek,93.3,2022-04-12T00:00:00.000Z,104.1,108.6,105.6,104.7,97.7
Haemek Valley Center Hospital,80.6,2022-04-12T00:00:00.000Z,92.9,96.2,67.9,67.9,76.6
Poriah Hospital,74.4,2022-04-12T00:00:00.000Z,84.4,68.1,78.3,76.4,71.6
Barzilai Medical Center,87,2022-04-12T00:00:00.000Z,94,85.9,84.3,85.7,83.6
Rabin K. Hasharon,40.4,2022-04-12T00:00:00.000Z,52.6,74.2,55.2,56.5,69.8
Bnei Ziom Medical Center,81,2022-04-12T00:00:00.000Z,94.3,88.7,86.1,88.2,84.4
Soroka Medical Center,61.6,2022-04-12T00:00:00.000Z,61.5,69.9,68,71.4,75.7
Hadassah Mount Scopus,75,2022-04-12T00:00:00.000Z,76.6,101.2,74,71.1,77.9
The Holy Family,172.4,2022-04-12T00:00:00.000Z,172.4,158.6,118.1,118.1,116.5
Woolfson Medical Center,90.6,2022-04-12T00:00:00.000Z,93.5,81.5,79.5,80.3,72.8
Tel Aviv Medical Center,80.3,2022-04-12T00:00:00.000Z,83.2,90.2,116.7,116.3,117.4
All Facilities,86.6,2022-04-12T00:00:00.000Z,91.5,93.3,86.7,86,86.7
Yosephtal Hospital,56.3,2022-04-12T00:00:00.000Z,81.3,68.8,49.2,49.9,55.6
Nahariya,98.9,2022-04-12T00:00:00.000Z,113,93.2,84.9,89.7,78.9
Rabin K. Beilinson,113.2,2022-04-12T00:00:00.000Z,113.5,102.1,94.8,94.2,89.9
Ziv Hospital,78.1,2022-04-13T00:00:00.000Z,94.4,87.9,81.3,85.4,80
Rambam,85.9,2022-04-13T00:00:00.000Z,93.1,101.6,87.2,87,98.4
Hacarmel Hospital,58.5,2022-04-13T00:00:00.000Z,64.3,60.4,69.3,74.4,75.4
Hillel Yaffeh Medical Center,88.4,2022-04-13T00:00:00.000Z,94.7,100.7,81.4,82.1,88.9
Chaim Sheba Medical Center,91.6,2022-04-13T00:00:00.000Z,96.1,89.9,102,101.5,103.4
Shmuel Harofe,75,2022-04-13T00:00:00.000Z,80.2,84.1,76.5,76.7,78.9
Hadassah Ein Kerem,99,2022-04-13T00:00:00.000Z,115.5,133.7,82.7,83.7,94.6
Assaf Harofeh Medical Center,80.3,2022-04-13T00:00:00.000Z,87.2,87.5,71,73.8,68.5
Kaplan Hospital,64,2022-04-13T00:00:00.000Z,77.2,95,67.1,73.5,78.1
Meir Hospital,61.5,2022-04-13T00:00:00.000Z,68.8,86.8,76.2,77.4,79.2
Assuta Ashdod,154.2,2022-04-13T00:00:00.000Z,154.2,176.8,150.5,135.2,138.4
Laniado,84.6,2022-04-13T00:00:00.000Z,97.8,104,81.1,102,90.7
Shaare Zedek,92.7,2022-04-13T00:00:00.000Z,102.1,109,100.4,103.6,97.3
Haemek Valley Center Hospital,75.5,2022-04-13T00:00:00.000Z,89.6,94.9,66.6,67,75.3
Poriah Hospital,76.9,2022-04-13T00:00:00.000Z,83,69.2,81.4,76,71.8
Barzilai Medical Center,72.9,2022-04-13T00:00:00.000Z,93.8,85.9,76,84.8,82.7
Rabin K. Hasharon,36,2022-04-13T00:00:00.000Z,49.7,73.2,51.5,54.4,70.6
Bnei Ziom Medical Center,77.7,2022-04-13T00:00:00.000Z,91.9,87.7,87.5,86.6,83.4
Soroka Medical Center,53.5,2022-04-13T00:00:00.000Z,61.3,69.8,67.4,70.2,75.6
Hadassah Mount Scopus,83.3,2022-04-13T00:00:00.000Z,76.6,99.2,78.8,70.6,77.8
Woolfson Medical Center,73.8,2022-04-13T00:00:00.000Z,93.6,82.6,71.2,79.5,72.8
Tel Aviv Medical Center,74.7,2022-04-13T00:00:00.000Z,83.2,90.1,113,115.2,117.4
All Facilities,79.5,2022-04-13T00:00:00.000Z,90.8,92.9,82.9,85.4,86.7
Yosephtal Hospital,37.5,2022-04-13T00:00:00.000Z,75,74.1,41.5,47.9,56.5
Nahariya,93.2,2022-04-13T00:00:00.000Z,111.1,89.6,84.4,88.7,78.5
Rabin K. Beilinson,102.6,2022-04-13T00:00:00.000Z,113.5,102,88.6,93.7,90.2
Ziv Hospital,65.6,2022-04-14T00:00:00.000Z,92.6,87.1,68,83.6,79.6
Rambam,75.3,2022-04-14T00:00:00.000Z,91.9,100.4,75.8,86,97.3
Yosephtal Hospital,31.3,2022-04-14T00:00:00.000Z,65.2,79.5,38.5,46.4,56.9
Hacarmel Hospital,52.8,2022-04-14T00:00:00.000Z,63.3,60,63.6,72.7,74
Hillel Yaffeh Medical Center,82.9,2022-04-14T00:00:00.000Z,94.4,100.5,71.8,81.6,87.2
Shmuel Harofe,66.7,2022-04-14T00:00:00.000Z,79.8,82.5,74.5,76.9,79.2
Poriah Hospital,74.4,2022-04-14T00:00:00.000Z,83,69.8,73,76.2,72.1
Hadassah Ein Kerem,81.6,2022-04-14T00:00:00.000Z,111.1,133,70,82.4,94.6
Assaf Harofeh Medical Center,73.4,2022-04-14T00:00:00.000Z,86,87,66.8,72.1,68.1
Kaplan Hospital,56,2022-04-14T00:00:00.000Z,73.5,94.3,56.2,71.5,77.8
Hadassah Mount Scopus,75,2022-04-14T00:00:00.000Z,77.4,96.8,73.6,71,77.1
Meir Hospital,49.5,2022-04-14T00:00:00.000Z,68.1,84.3,64.7,77.2,78.9
Assuta Ashdod,152.5,2022-04-14T00:00:00.000Z,153,179.4,133.1,135.1,138.6
All Facilities,71.7,2022-04-14T00:00:00.000Z,88.9,91.7,74,84.2,86.2
Laniado,83.3,2022-04-14T00:00:00.000Z,96.3,105.3,74.1,97.9,90.9
Shaare Zedek,83.3,2022-04-14T00:00:00.000Z,100.4,107.8,86,102,97
Chaim Sheba Medical Center,79.9,2022-04-14T00:00:00.000Z,96.3,87.6,94.9,101.3,103.1
Haemek Valley Center Hospital,66.5,2022-04-14T00:00:00.000Z,87,92.6,60.1,66.4,73.7
Barzilai Medical Center,64.1,2022-04-14T00:00:00.000Z,90.6,85,64.7,82.8,82
Rabin K. Hasharon,33.3,2022-04-14T00:00:00.000Z,47.1,71.9,41.1,52.8,69.2
Bnei Ziom Medical Center,66.1,2022-04-14T00:00:00.000Z,88.4,85,73.9,84.3,82.1
Soroka Medical Center,46.5,2022-04-14T00:00:00.000Z,60.5,67.7,60.1,69.2,74.7
The Holy Family,172.4,2022-04-14T00:00:00.000Z,172.4,158.6,118.1,118.1,116.5
Woolfson Medical Center,66.8,2022-04-14T00:00:00.000Z,90.3,81.4,62.2,77.3,71.7
Tel Aviv Medical Center,67.3,2022-04-14T00:00:00.000Z,82.1,89.9,100.2,113.9,117.3
Nahariya,86.8,2022-04-14T00:00:00.000Z,108.2,85.8,76.7,87.5,77.8
Rabin K. Beilinson,87.2,2022-04-14T00:00:00.000Z,111.3,100.9,75.2,91.9,89.6
Ziv Hospital,64.1,2022-04-15T00:00:00.000Z,90.6,83.7,51.3,81.7,76.6
Rambam,72.2,2022-04-15T00:00:00.000Z,89.6,98.1,67.8,84.5,94
Yosephtal Hospital,68.8,2022-04-15T00:00:00.000Z,58,77.7,44.6,44.2,55.4
Hacarmel Hospital,51.9,2022-04-15T00:00:00.000Z,62,60.2,56.4,71.3,71.3
Hillel Yaffeh Medical Center,86.3,2022-04-15T00:00:00.000Z,92.6,98.9,68.7,80.3,83.6
Shmuel Harofe,77.8,2022-04-15T00:00:00.000Z,78.2,79.8,72.4,76.7,79
Poriah Hospital,73.1,2022-04-15T00:00:00.000Z,81.1,70.7,60.6,75.9,70.1
Hadassah Ein Kerem,85.4,2022-04-15T00:00:00.000Z,106,130,56.5,80.4,93.2
Assaf Harofeh Medical Center,71.8,2022-04-15T00:00:00.000Z,84,84.9,57.8,71.3,66.5
Hadassah Mount Scopus,61.1,2022-04-15T00:00:00.000Z,77.4,94,57.6,70.9,75.9
Meir Hospital,47,2022-04-15T00:00:00.000Z,65.4,81.2,56.3,75.2,77
Assuta Ashdod,135.6,2022-04-15T00:00:00.000Z,151.3,180.6,107.2,133.8,135.8
All Facilities,69.9,2022-04-15T00:00:00.000Z,86.6,89.3,64.7,82.6,84
Laniado,61.5,2022-04-15T00:00:00.000Z,93.4,104,52.9,92,90.3
Shaare Zedek,86.7,2022-04-15T00:00:00.000Z,97.7,105.2,71.6,99.6,94.5
Chaim Sheba Medical Center,91.2,2022-04-15T00:00:00.000Z,96,84.5,93.2,101.1,101.5
Haemek Valley Center Hospital,61.9,2022-04-15T00:00:00.000Z,84.2,89.5,54.1,65.9,70.8
Barzilai Medical Center,70.3,2022-04-15T00:00:00.000Z,86.6,83.7,61.8,79.8,78.9
Rabin K. Hasharon,35.1,2022-04-15T00:00:00.000Z,45.1,69.2,29.9,51.2,65.7
Bnei Ziom Medical Center,55.4,2022-04-15T00:00:00.000Z,84.2,81.7,57,82.1,78.3
Soroka Medical Center,45.7,2022-04-15T00:00:00.000Z,59.4,64.7,56.6,68,73.2
Kaplan Hospital,50.7,2022-04-15T00:00:00.000Z,70.8,91,49.3,69,75
The Holy Family,172.4,2022-04-15T00:00:00.000Z,172.4,158.6,118.1,118.1,116.5
Woolfson Medical Center,59.8,2022-04-15T00:00:00.000Z,87.4,80.9,52.6,74.8,70.7
Tel Aviv Medical Center,62.7,2022-04-15T00:00:00.000Z,79.8,88.2,76.5,111.7,114.5
Nahariya,84.2,2022-04-15T00:00:00.000Z,106.4,81.9,67.4,86.2,75.4
Rabin K. Beilinson,79.7,2022-04-15T00:00:00.000Z,108.4,96.7,66.2,89.5,87
Ziv Hospital,68.8,2022-04-16T00:00:00.000Z,87.3,83,62.2,78.3,75.6
Rambam,81.8,2022-04-16T00:00:00.000Z,86.7,96.2,75.2,82.9,91.1
Yosephtal Hospital,87.5,2022-04-16T00:00:00.000Z,57.1,74.1,53.8,44.6,52.7
Hacarmel Hospital,57.5,2022-04-16T00:00:00.000Z,60.5,60.1,61.8,69.8,69.9
Hillel Yaffeh Medical Center,92.5,2022-04-16T00:00:00.000Z,91,95.9,71.8,79.5,81.6
Shmuel Harofe,77.8,2022-04-16T00:00:00.000Z,79,78.6,73.6,76.3,79.1
Poriah Hospital,79.5,2022-04-16T00:00:00.000Z,79.3,71.4,66.2,75.3,68.7
Hadassah Ein Kerem,94.2,2022-04-16T00:00:00.000Z,102.4,128.6,58.3,77.6,91.5
Assaf Harofeh Medical Center,81.1,2022-04-16T00:00:00.000Z,81.5,84.6,61.1,70.1,65.8
Hadassah Mount Scopus,66.7,2022-04-16T00:00:00.000Z,75.8,94,60.8,69.7,75
Woolfson Medical Center,66.4,2022-04-16T00:00:00.000Z,82.9,80.1,57.2,72.1,70
Meir Hospital,54.5,2022-04-16T00:00:00.000Z,62.5,79.3,61.3,73,76.7
Assuta Ashdod,127.1,2022-04-16T00:00:00.000Z,150.4,177.2,97.6,131.8,131.6
All Facilities,77.9,2022-04-16T00:00:00.000Z,83.8,87.8,70.5,80.9,82.5
Laniado,74.4,2022-04-16T00:00:00.000Z,87.4,102.9,66,87.1,86.6
Shaare Zedek,91.3,2022-04-16T00:00:00.000Z,94.9,104.9,77.9,96.9,92.6
Chaim Sheba Medical Center,101.3,2022-04-16T00:00:00.000Z,95.5,82.4,95.4,100.9,100.5
Haemek Valley Center Hospital,78.1,2022-04-16T00:00:00.000Z,79.5,87.2,62.4,64.8,69.6
Barzilai Medical Center,80.2,2022-04-16T00:00:00.000Z,83.2,83,67.5,77.5,76.5
Rabin K. Hasharon,39.5,2022-04-16T00:00:00.000Z,42.6,68.2,36.5,48.9,63.5
Bnei Ziom Medical Center,68.6,2022-04-16T00:00:00.000Z,78.9,78.5,73.7,79.5,74.9
Soroka Medical Center,53.9,2022-04-16T00:00:00.000Z,58.3,63.5,61.3,66.9,72.2
Kaplan Hospital,58.7,2022-04-16T00:00:00.000Z,67.6,89.8,54.6,66.3,73.7
Tel Aviv Medical Center,73.3,2022-04-16T00:00:00.000Z,77.5,87.3,95,108.6,111.8
Nahariya,94.7,2022-04-16T00:00:00.000Z,102,80.2,77.5,83.8,73.8
Rabin K. Beilinson,92.5,2022-04-16T00:00:00.000Z,104.3,93.8,74.5,86.8,85
Rambam,76.8,2022-04-17T00:00:00.000Z,84.5,96.2,82.7,81.9,90.1
Yosephtal Hospital,50,2022-04-17T00:00:00.000Z,58,74.1,61.5,46.2,51.6
Ziv Hospital,70.3,2022-04-17T00:00:00.000Z,83.5,80.1,70.3,75.2,74.8
Hacarmel Hospital,58.5,2022-04-17T00:00:00.000Z,58.9,61.5,66.1,68.6,69.4
Hillel Yaffeh Medical Center,102.1,2022-04-17T00:00:00.000Z,89,94.2,81.6,78.2,80.2
Poriah Hospital,82.1,2022-04-17T00:00:00.000Z,77.8,72,76.6,74.5,68
Hadassah Ein Kerem,104.9,2022-04-17T00:00:00.000Z,99.9,126.6,66.7,75,90.5
Assaf Harofeh Medical Center,79.5,2022-04-17T00:00:00.000Z,80,84.7,67.6,68.9,65.9
Soroka Medical Center,55.8,2022-04-17T00:00:00.000Z,57.6,61.1,65,65.8,71.6
Hadassah Mount Scopus,63.9,2022-04-17T00:00:00.000Z,73.8,92.9,63.2,69.1,74.2
Woolfson Medical Center,73.8,2022-04-17T00:00:00.000Z,78.3,80.4,70.3,69.5,69.7
Meir Hospital,68.5,2022-04-17T00:00:00.000Z,59.9,76.4,64.1,70.8,76.2
Assuta Ashdod,140.7,2022-04-17T00:00:00.000Z,147.9,177.5,114.3,130.7,130.4
All Facilities,83.1,2022-04-17T00:00:00.000Z,81.3,87,78.1,79.2,81.9
Laniado,84.6,2022-04-17T00:00:00.000Z,82.1,100.2,81.1,82.8,85.2
Shaare Zedek,101.3,2022-04-17T00:00:00.000Z,92.8,104.6,88,94.1,91.9
Chaim Sheba Medical Center,97.5,2022-04-17T00:00:00.000Z,94.6,81.5,98.9,100.2,99.9
Haemek Valley Center Hospital,85.2,2022-04-17T00:00:00.000Z,76.9,86.1,61.1,64,70.3
Shmuel Harofe,75,2022-04-17T00:00:00.000Z,78.6,78.2,73.9,75.7,79.1
Barzilai Medical Center,82.8,2022-04-17T00:00:00.000Z,80.4,85.3,80.8,75.6,76.2
Rabin K. Hasharon,50.9,2022-04-17T00:00:00.000Z,39.7,67.9,50.6,46.5,62.7
Bnei Ziom Medical Center,65.3,2022-04-17T00:00:00.000Z,75,76,76.9,78.1,73.8
Kaplan Hospital,66,2022-04-17T00:00:00.000Z,65,88.3,58.7,64.1,73
The Holy Family,172.4,2022-04-17T00:00:00.000Z,172.4,158.6,118.1,118.1,116.5
Tel Aviv Medical Center,81.7,2022-04-17T00:00:00.000Z,75.5,87.3,112.4,106.7,111.3
Nahariya,100,2022-04-17T00:00:00.000Z,97.3,79.2,87.5,81.5,73.3
Rabin K. Beilinson,101.3,2022-04-17T00:00:00.000Z,101.1,92.9,80.9,84.4,84.4
Rambam,81.3,2022-04-18T00:00:00.000Z,82,95.6,83.4,81,89
Yosephtal Hospital,62.5,2022-04-18T00:00:00.000Z,58.9,77.7,67.7,48.6,51.9
Ziv Hospital,90.6,2022-04-18T00:00:00.000Z,78.6,78.6,80.7,72.9,75.1
Hacarmel Hospital,58.5,2022-04-18T00:00:00.000Z,57.3,63.1,68.5,67,69.8
Hillel Yaffeh Medical Center,93.2,2022-04-18T00:00:00.000Z,88.6,93.4,78.1,77.2,79.2
Poriah Hospital,76.9,2022-04-18T00:00:00.000Z,77.1,72,74.9,74,67.3
Hadassah Ein Kerem,110.7,2022-04-18T00:00:00.000Z,98.2,125.2,71.4,72.8,89.9
Assaf Harofeh Medical Center,84.2,2022-04-18T00:00:00.000Z,79.5,84.7,68.9,68,66.3
Soroka Medical Center,55.8,2022-04-18T00:00:00.000Z,55.3,59.7,66.1,64.4,71.8
Hadassah Mount Scopus,58.3,2022-04-18T00:00:00.000Z,71,92.9,74,68.4,73.8
Woolfson Medical Center,78.7,2022-04-18T00:00:00.000Z,75.1,81.2,73.9,68.1,69.8
Meir Hospital,66,2022-04-18T00:00:00.000Z,59.3,75.1,64.8,68.8,76.3
Assuta Ashdod,144.1,2022-04-18T00:00:00.000Z,145.5,179.4,110.9,127.5,133.2
All Facilities,84.1,2022-04-18T00:00:00.000Z,79.8,86.5,79.7,77.8,81.6
Laniado,92.3,2022-04-18T00:00:00.000Z,81,98.7,86.1,78.8,84
Shaare Zedek,100,2022-04-18T00:00:00.000Z,92.4,104.4,92.8,91.2,91.8
Chaim Sheba Medical Center,92.5,2022-04-18T00:00:00.000Z,93.8,80.5,98.5,99.4,99.3
Haemek Valley Center Hospital,89.7,2022-04-18T00:00:00.000Z,76.4,85.6,61.7,62.8,70.6
Shmuel Harofe,83.3,2022-04-18T00:00:00.000Z,77,78.2,74.8,75,79.1
Barzilai Medical Center,87,2022-04-18T00:00:00.000Z,78.8,87.6,82.8,74.9,76
Rabin K. Hasharon,43,2022-04-18T00:00:00.000Z,39.8,66.4,44,45.8,61.5
Bnei Ziom Medical Center,76,2022-04-18T00:00:00.000Z,71.7,74.4,78.8,77.1,72.7
Kaplan Hospital,67.3,2022-04-18T00:00:00.000Z,63.2,86.9,63.1,61.8,72.5
The Holy Family,172.4,2022-04-18T00:00:00.000Z,172.4,158.6,118.1,118.1,116.5
Tel Aviv Medical Center,83.3,2022-04-18T00:00:00.000Z,74.6,86.5,113.4,105.2,110.6
Nahariya,99.5,2022-04-18T00:00:00.000Z,95.8,79.5,88.9,81.2,72.8
Rabin K. Beilinson,95.2,2022-04-18T00:00:00.000Z,99,93,81.6,82.4,83.7
Rambam,88.4,2022-04-19T00:00:00.000Z,80.4,95,82.2,80.2,88.7
Nahariya,103.7,2022-04-19T00:00:00.000Z,93.9,81.3,87.9,81.1,73.4
Yosephtal Hospital,43.8,2022-04-19T00:00:00.000Z,56.3,76.8,63.1,51,51.6
Ziv Hospital,76.6,2022-04-19T00:00:00.000Z,76.1,79.5,76.9,71.1,74.6
Hacarmel Hospital,58.5,2022-04-19T00:00:00.000Z,57,65,66.7,65.8,70.8
Hillel Yaffeh Medical Center,100.7,2022-04-19T00:00:00.000Z,89.2,91.8,76.1,76.3,78.8
Poriah Hospital,76.9,2022-04-19T00:00:00.000Z,76.7,75.8,71.3,73,68
Hadassah Ein Kerem,116.5,2022-04-19T00:00:00.000Z,98.3,124.5,73.5,70.7,88.8
Assaf Harofeh Medical Center,83.4,2022-04-19T00:00:00.000Z,79.3,85.3,68.8,67.1,67
Soroka Medical Center,51.2,2022-04-19T00:00:00.000Z,53.3,60.9,65.5,63.5,72.2
Hadassah Mount Scopus,61.1,2022-04-19T00:00:00.000Z,69,92.5,64.6,68.8,73.6
Woolfson Medical Center,73.8,2022-04-19T00:00:00.000Z,72.8,82.1,70.3,66.7,70.3
Meir Hospital,57,2022-04-19T00:00:00.000Z,58.8,74.9,64.3,66.7,76.3
Assuta Ashdod,142.4,2022-04-19T00:00:00.000Z,144.8,180.6,109.9,123,134.2
All Facilities,84.3,2022-04-19T00:00:00.000Z,79,87.1,78.5,76.7,81.8
Laniado,89.7,2022-04-19T00:00:00.000Z,81.9,99.3,80.8,77,83.2
Shaare Zedek,104,2022-04-19T00:00:00.000Z,92.7,104.1,92.8,88.9,92
Chaim Sheba Medical Center,95,2022-04-19T00:00:00.000Z,93.4,80.3,99.5,98.6,99.1
Haemek Valley Center Hospital,78.1,2022-04-19T00:00:00.000Z,76.8,87.4,60.1,62,71.8
Shmuel Harofe,72.2,2022-04-19T00:00:00.000Z,77,77,47.8,74.7,79.1
Barzilai Medical Center,91.1,2022-04-19T00:00:00.000Z,77.8,88.7,84.3,74,76.3
Rabin K. Hasharon,42.1,2022-04-19T00:00:00.000Z,39.7,66,45.6,44.1,61.2
Bnei Ziom Medical Center,80.2,2022-04-19T00:00:00.000Z,70,75.1,81.1,76.3,73.3
Kaplan Hospital,70,2022-04-19T00:00:00.000Z,61.9,86.5,64.3,60,72.2
The Holy Family,172.4,2022-04-19T00:00:00.000Z,172.4,158.6,118.1,118.1,116.5
Tel Aviv Medical Center,87.3,2022-04-19T00:00:00.000Z,74.8,88,113.8,103.9,111.4
Rabin K. Beilinson,98.7,2022-04-19T00:00:00.000Z,96,94.2,79.7,80.2,83.6
Rambam,81.3,2022-04-20T00:00:00.000Z,80.2,96.2,77.8,79.2,88
Nahariya,95.3,2022-04-20T00:00:00.000Z,94.6,83.2,82.9,81.5,73.6
Yosephtal Hospital,68.8,2022-04-20T00:00:00.000Z,54.5,78.6,56.9,53,49.9
Ziv Hospital,68.8,2022-04-20T00:00:00.000Z,73.4,83.5,72.3,70.1,75.7
Hillel Yaffeh Medical Center,99.3,2022-04-20T00:00:00.000Z,92.3,92,73.2,75.6,78.9
Poriah Hospital,60.3,2022-04-20T00:00:00.000Z,77.1,78.2,72.4,72,68.5
Hadassah Ein Kerem,101.9,2022-04-20T00:00:00.000Z,98.9,125.7,71.3,68.4,88.4
Assaf Harofeh Medical Center,81.9,2022-04-20T00:00:00.000Z,79.1,86.3,63.5,66,68.3
Bnei Ziom Medical Center,72.7,2022-04-20T00:00:00.000Z,69.9,77.3,79.7,75.6,75.4
Soroka Medical Center,46.9,2022-04-20T00:00:00.000Z,51.8,62.2,64.4,63.1,72.5
Hadassah Mount Scopus,58.3,2022-04-20T00:00:00.000Z,67.1,88.9,56.3,67.5,73.8
Woolfson Medical Center,73.4,2022-04-20T00:00:00.000Z,70.4,83.3,70,65.4,71.1
Meir Hospital,64,2022-04-20T00:00:00.000Z,57.7,77.1,66.5,64.5,77.1
Assuta Ashdod,137.3,2022-04-20T00:00:00.000Z,142.4,181.4,114.7,117.6,135.5
All Facilities,81.1,2022-04-20T00:00:00.000Z,78.6,88.5,77.1,75.5,82.3
Laniado,89.7,2022-04-20T00:00:00.000Z,81.5,101.3,77.7,74.6,84
Hacarmel Hospital,55.7,2022-04-20T00:00:00.000Z,56.6,68.1,65.2,64.6,73
Shaare Zedek,96.7,2022-04-20T00:00:00.000Z,94.2,103.5,93.6,87.1,91.9
Chaim Sheba Medical Center,93.7,2022-04-20T00:00:00.000Z,92.7,81,96.8,97.5,99.3
Haemek Valley Center Hospital,81.9,2022-04-20T00:00:00.000Z,76.4,88.8,59.6,60.9,72.6
Shmuel Harofe,72.2,2022-04-20T00:00:00.000Z,75.4,78.2,74.2,70.5,79.2
Barzilai Medical Center,85.9,2022-04-20T00:00:00.000Z,78.3,90.6,80,74,77.1
Rabin K. Hasharon,45.6,2022-04-20T00:00:00.000Z,40,68.2,45.2,42.7,62.2
Kaplan Hospital,68,2022-04-20T00:00:00.000Z,61.8,87.8,64.7,59,72.2
The Holy Family,172.4,2022-04-20T00:00:00.000Z,172.4,158.6,118.1,118.1,116.5
Tel Aviv Medical Center,84.7,2022-04-20T00:00:00.000Z,75.8,90.5,110.8,103.5,112.3
Rabin K. Beilinson,92.1,2022-04-20T00:00:00.000Z,93.9,96.2,76.9,78.1,84.3
Rambam,86.4,2022-04-21T00:00:00.000Z,79.6,97.2,72.2,77.8,88.5
Nahariya,82.6,2022-04-21T00:00:00.000Z,94.9,85.6,70.1,81.3,74.5
Yosephtal Hospital,68.8,2022-04-21T00:00:00.000Z,58.9,75,53.8,55.2,48.6
Ziv Hospital,60.9,2022-04-21T00:00:00.000Z,72.1,86.6,53.6,68.8,77.2
Hillel Yaffeh Medical Center,79.5,2022-04-21T00:00:00.000Z,93.8,93.4,64.3,74.5,80.3
Poriah Hospital,48.7,2022-04-21T00:00:00.000Z,74.7,80,63.9,70.7,69.8
Hadassah Ein Kerem,98.1,2022-04-21T00:00:00.000Z,99.3,128.4,64.8,66.8,88.8
Assaf Harofeh Medical Center,74.9,2022-04-21T00:00:00.000Z,79.3,87.5,60.2,64.9,69.2
Bnei Ziom Medical Center,81,2022-04-21T00:00:00.000Z,69.2,80.3,67.9,74.4,77
Soroka Medical Center,46.5,2022-04-21T00:00:00.000Z,50.8,65.4,57.1,62.7,73.3
Hadassah Mount Scopus,58.3,2022-04-21T00:00:00.000Z,63.5,83.7,58,64.3,74.3
Woolfson Medical Center,75,2022-04-21T00:00:00.000Z,70.4,86.7,62.5,65.2,72.7
Meir Hospital,59,2022-04-21T00:00:00.000Z,58.1,80.4,64.9,63.1,78.8
Assuta Ashdod,139,2022-04-21T00:00:00.000Z,140,179.4,106.1,112.5,136.6
All Facilities,76.9,2022-04-21T00:00:00.000Z,78.9,90.4,69.7,74.7,82.9
Laniado,80.8,2022-04-21T00:00:00.000Z,82.2,101.5,66.9,74.1,84.8
Hacarmel Hospital,48.1,2022-04-21T00:00:00.000Z,56.2,70.9,62.2,64,75.3
Shaare Zedek,96.7,2022-04-21T00:00:00.000Z,94.8,103.1,79.7,86.1,91.9
Chaim Sheba Medical Center,82,2022-04-21T00:00:00.000Z,93,81.6,89.2,96.7,98.6
Haemek Valley Center Hospital,87.1,2022-04-21T00:00:00.000Z,77.3,90.9,59.1,59.9,74
Shmuel Harofe,69.4,2022-04-21T00:00:00.000Z,75,81,73.3,70.2,79.6
Barzilai Medical Center,82.3,2022-04-21T00:00:00.000Z,80.2,93.2,70.7,74.6,77.4
Rabin K. Hasharon,49.1,2022-04-21T00:00:00.000Z,41.4,69.8,43.6,41.8,64.6
Kaplan Hospital,62,2022-04-21T00:00:00.000Z,62.4,88.9,56.7,58.7,71.8
The Holy Family,172.4,2022-04-21T00:00:00.000Z,172.4,,118.1,118.1,
Tel Aviv Medical Center,80,2022-04-21T00:00:00.000Z,77.2,92,95,103.2,112.8
Rabin K. Beilinson,82.4,2022-04-21T00:00:00.000Z,92.4,98.9,70.7,76.4,86
Rambam,88.4,2022-04-22T00:00:00.000Z,81.2,99.6,73.4,77.3,90.4
Nahariya,94.2,2022-04-22T00:00:00.000Z,94.3,88.3,73.3,80.3,76.8
Yosephtal Hospital,75,2022-04-22T00:00:00.000Z,64.3,73.2,49.2,57.4,48.6
Ziv Hospital,76.6,2022-04-22T00:00:00.000Z,71.4,93.1,59.7,66.8,81.3
Poriah Hospital,52.6,2022-04-22T00:00:00.000Z,71.1,82.4,58.9,69.4,73.2
Assaf Harofeh Medical Center,76.1,2022-04-22T00:00:00.000Z,79.5,89.4,60.2,64,71.1
Bnei Ziom Medical Center,82.6,2022-04-22T00:00:00.000Z,71.3,84.9,69.5,73.6,80.8
Soroka Medical Center,60.9,2022-04-22T00:00:00.000Z,50.8,69.2,61.9,62.3,75.3
Hadassah Mount Scopus,72.2,2022-04-22T00:00:00.000Z,61.1,80.6,68.8,62.1,75.5
Woolfson Medical Center,79.1,2022-04-22T00:00:00.000Z,71.5,89.7,63.4,65.3,74.6
Meir Hospital,62,2022-04-22T00:00:00.000Z,59.4,83.1,65.3,63.2,81.2
Assuta Ashdod,122,2022-04-22T00:00:00.000Z,138,178.5,91.8,108.7,138.7
All Facilities,83.5,2022-04-22T00:00:00.000Z,79.6,93.6,72.2,74,85.1
Laniado,92.3,2022-04-22T00:00:00.000Z,81.9,106.4,75.2,73.1,86.6
Hacarmel Hospital,52.8,2022-04-22T00:00:00.000Z,55.5,72.5,61.3,63.8,78.2
Shaare Zedek,98.7,2022-04-22T00:00:00.000Z,96.7,104.7,87.5,85.2,94.3
Hillel Yaffeh Medical Center,96.6,2022-04-22T00:00:00.000Z,93.3,96.1,69.7,73.4,83.8
Chaim Sheba Medical Center,98.7,2022-04-22T00:00:00.000Z,93.3,84.9,93.6,95.9,99.6
Haemek Valley Center Hospital,80,2022-04-22T00:00:00.000Z,80.3,94,58.3,59.7,76.1
Shmuel Harofe,72.2,2022-04-22T00:00:00.000Z,75.4,83.7,74.8,70,80.2
Barzilai Medical Center,90.1,2022-04-22T00:00:00.000Z,82.8,98.2,74.7,75.4,81
Rabin K. Hasharon,57.9,2022-04-22T00:00:00.000Z,43.6,72.2,46.1,42.2,68.3
Kaplan Hospital,68.7,2022-04-22T00:00:00.000Z,63.2,94.3,62,58.8,75.4
The Holy Family,172.4,2022-04-22T00:00:00.000Z,172.4,,118.1,118.1,
Tel Aviv Medical Center,82.3,2022-04-22T00:00:00.000Z,79,94.4,95.6,102.4,115.8
Rabin K. Beilinson,98.2,2022-04-22T00:00:00.000Z,91.7,104,74.9,75.8,89.4
Hadassah Ein Kerem,102.9,2022-04-22T00:00:00.000Z,101.7,130.8,68.1,66.1,90.1
Yosephtal Hospital,50,2022-04-23T00:00:00.000Z,65.2,69.6,38.5,58,50.3
Ziv Hospital,87.5,2022-04-23T00:00:00.000Z,73.2,94,67.4,68,82.5
Rambam,92.9,2022-04-23T00:00:00.000Z,83.5,99.4,80.1,78.1,91.5
Laniado,115.4,2022-04-23T00:00:00.000Z,86.3,108.6,85.2,76.2,89.8
Poriah Hospital,64.1,2022-04-23T00:00:00.000Z,68.1,81.9,67.6,69.2,74.3
Assaf Harofeh Medical Center,86.9,2022-04-23T00:00:00.000Z,80.1,90.3,67.9,64.3,72.4
Bnei Ziom Medical Center,96.7,2022-04-23T00:00:00.000Z,75.2,88.8,79.7,75.4,83.7
Soroka Medical Center,68.2,2022-04-23T00:00:00.000Z,53,69.9,66.7,63,75.6
Hadassah Mount Scopus,75,2022-04-23T00:00:00.000Z,62.7,78.2,70.8,63.6,77
Woolfson Medical Center,83.6,2022-04-23T00:00:00.000Z,74.3,91.6,71,66.8,75.7
Assuta Ashdod,116.9,2022-04-23T00:00:00.000Z,136.1,180.4,101.7,106.5,142.1
All Facilities,92,2022-04-23T00:00:00.000Z,81.6,95,78.7,75.1,86.3
Hacarmel Hospital,52.8,2022-04-23T00:00:00.000Z,55.7,74.4,68.1,64.5,79.9
Shaare Zedek,102.7,2022-04-23T00:00:00.000Z,98.4,104.8,88.5,87.5,95.9
Hillel Yaffeh Medical Center,111,2022-04-23T00:00:00.000Z,94.8,97.8,78.6,73.5,86
Chaim Sheba Medical Center,112.1,2022-04-23T00:00:00.000Z,94.4,88.5,99.5,96,100.9
Haemek Valley Center Hospital,90.3,2022-04-23T00:00:00.000Z,82.9,95.2,62.5,60.3,76.9
Shmuel Harofe,77.8,2022-04-23T00:00:00.000Z,74.6,85.3,76.5,70.3,80.3
Barzilai Medical Center,100,2022-04-23T00:00:00.000Z,85.6,99.3,80,77.2,83.1
Rabin K. Hasharon,64.9,2022-04-23T00:00:00.000Z,46.9,71.6,56.4,44.5,69.9
Kaplan Hospital,84.7,2022-04-23T00:00:00.000Z,65.8,97.9,67.7,60.6,78.3
The Holy Family,172.4,2022-04-23T00:00:00.000Z,172.4,,118.1,118.1,
Tel Aviv Medical Center,88.3,2022-04-23T00:00:00.000Z,81.8,95,108.4,105.2,118.8
Meir Hospital,70.5,2022-04-23T00:00:00.000Z,61.6,84.1,72.8,64.5,81.9
Nahariya,104.7,2022-04-23T00:00:00.000Z,95.7,88.4,86.8,81.2,78.2
Rabin K. Beilinson,105.3,2022-04-23T00:00:00.000Z,94.3,107.9,79.6,77,91.9
Hadassah Ein Kerem,112.6,2022-04-23T00:00:00.000Z,104.2,133.6,72.4,67.7,91.5
Yosephtal Hospital,62.5,2022-04-24T00:00:00.000Z,59.8,67.9,43.1,55.8,51
Ziv Hospital,100,2022-04-24T00:00:00.000Z,75.9,95.5,77.2,68.7,83.3
Rambam,93.9,2022-04-24T00:00:00.000Z,85.1,99.4,85.9,78.8,91.6
Laniado,110.3,2022-04-24T00:00:00.000Z,92.1,109.5,103.1,79,90.6
Poriah Hospital,76.9,2022-04-24T00:00:00.000Z,65.9,81.3,82,69.4,73.7
Assaf Harofeh Medical Center,80.7,2022-04-24T00:00:00.000Z,81,90.9,70.1,65.3,72.7
Rabin K. Hasharon,60.5,2022-04-24T00:00:00.000Z,50.5,68.7,64.7,47.4,68.4
Bnei Ziom Medical Center,99.2,2022-04-24T00:00:00.000Z,79.2,91.1,91,76.2,84.2
Soroka Medical Center,76.4,2022-04-24T00:00:00.000Z,55,69.9,74.4,63.8,75.2
Hadassah Mount Scopus,69.4,2022-04-24T00:00:00.000Z,63.9,76.6,76.7,65.1,78
Woolfson Medical Center,84.8,2022-04-24T00:00:00.000Z,76.8,91.3,78.9,68.8,75.6
Assuta Ashdod,137.3,2022-04-24T00:00:00.000Z,134.6,179.9,123.5,107.1,143.4
All Facilities,94.8,2022-04-24T00:00:00.000Z,83.6,95.2,86.8,76.3,86.4
Hacarmel Hospital,50.9,2022-04-24T00:00:00.000Z,55,75.5,74.2,65.4,80.4
Shaare Zedek,103.3,2022-04-24T00:00:00.000Z,100,104.5,104.9,89,96.8
Hillel Yaffeh Medical Center,102.7,2022-04-24T00:00:00.000Z,97.5,98.1,86.2,74.5,87.1
Chaim Sheba Medical Center,113,2022-04-24T00:00:00.000Z,95.9,91.2,104.2,96.6,103.9
Haemek Valley Center Hospital,101.9,2022-04-24T00:00:00.000Z,84.6,94.5,69.7,60.4,76.7
Shmuel Harofe,75,2022-04-24T00:00:00.000Z,74.6,86.1,75.4,70.8,80.6
Barzilai Medical Center,101,2022-04-24T00:00:00.000Z,88.5,99.3,85.3,79,83.5
Kaplan Hospital,83.3,2022-04-24T00:00:00.000Z,69.5,99.9,73,62.4,79.4
The Holy Family,172.4,2022-04-24T00:00:00.000Z,172.4,,118.1,118.1,
Tel Aviv Medical Center,92.3,2022-04-24T00:00:00.000Z,84,95.4,126.4,107.1,119.8
Meir Hospital,80,2022-04-24T00:00:00.000Z,63.9,83.9,79,66.1,81.9
Nahariya,103.2,2022-04-24T00:00:00.000Z,97.1,88.5,88.2,82.5,78.7
Rabin K. Beilinson,119.4,2022-04-24T00:00:00.000Z,96.2,108.5,93.2,77.8,92.6
Hadassah Ein Kerem,116.5,2022-04-24T00:00:00.000Z,106.8,133.6,80.8,69.7,92
Yosephtal Hospital,50,2022-04-25T00:00:00.000Z,61.6,64.3,50.8,53.2,51.2
Ziv Hospital,115.6,2022-04-25T00:00:00.000Z,80.1,95.5,84.7,69.7,82.8
Rambam,101,2022-04-25T00:00:00.000Z,87.5,99.6,88.7,79.3,91.5
Laniado,103.8,2022-04-25T00:00:00.000Z,95.8,111.2,107.8,82.1,91
Poriah Hospital,83.3,2022-04-25T00:00:00.000Z,65.2,81,85.1,70.1,73.3
Assaf Harofeh Medical Center,87.3,2022-04-25T00:00:00.000Z,81.1,91.1,74.7,65.7,72.6
Shaare Zedek,102.7,2022-04-25T00:00:00.000Z,100.3,104.4,110,91.4,97.7
Rabin K. Hasharon,61.4,2022-04-25T00:00:00.000Z,51.9,66.2,60.6,49.4,67.1
Bnei Ziom Medical Center,100,2022-04-25T00:00:00.000Z,84.1,93,98.8,78.2,84.2
Soroka Medical Center,71.3,2022-04-25T00:00:00.000Z,58,70.4,73.9,65.1,74.1
Hadassah Mount Scopus,61.1,2022-04-25T00:00:00.000Z,64.7,76.2,80.6,67,79.2
Woolfson Medical Center,79.9,2022-04-25T00:00:00.000Z,78.3,92.2,79.1,70,76.1
Assuta Ashdod,130.5,2022-04-25T00:00:00.000Z,134.1,179.4,127.3,108.4,143.5
All Facilities,94.5,2022-04-25T00:00:00.000Z,85.2,95.4,89.4,77.5,86.4
Hacarmel Hospital,51.9,2022-04-25T00:00:00.000Z,53.9,76.4,79.1,66.6,80.3
Hillel Yaffeh Medical Center,97.9,2022-04-25T00:00:00.000Z,97.6,99.8,89.3,75.2,88.7
Chaim Sheba Medical Center,109.6,2022-04-25T00:00:00.000Z,98.1,89.7,105.1,97.3,106.2
Haemek Valley Center Hospital,96.8,2022-04-25T00:00:00.000Z,87,93.4,70.8,61.6,76.5
Shmuel Harofe,63.9,2022-04-25T00:00:00.000Z,74.6,86.9,75.1,71,80.9
Barzilai Medical Center,107.3,2022-04-25T00:00:00.000Z,91.1,100.7,92.5,79.7,84.7
Kaplan Hospital,83.3,2022-04-25T00:00:00.000Z,72,102.1,76,64.5,80.6
The Holy Family,172.4,2022-04-25T00:00:00.000Z,172.4,,118.1,118.1,
Tel Aviv Medical Center,91.7,2022-04-25T00:00:00.000Z,85.5,95,126.9,109.1,120.5
Meir Hospital,72,2022-04-25T00:00:00.000Z,65.5,83.5,76,68.2,81.5
Nahariya,101.1,2022-04-25T00:00:00.000Z,97.6,88,91.8,82.6,79.1
Rabin K. Beilinson,125.1,2022-04-25T00:00:00.000Z,98.7,109.1,97.6,79.5,93.4
Hadassah Ein Kerem,119.4,2022-04-25T00:00:00.000Z,108.5,132.9,86.1,71.8,92.1
Yosephtal Hospital,87.5,2022-04-26T00:00:00.000Z,59.8,62.5,61.5,50.8,51.2
Ziv Hospital,115.6,2022-04-26T00:00:00.000Z,83.7,97.8,85.6,70.3,83.2
Rambam,95.5,2022-04-26T00:00:00.000Z,90.3,99.6,88.5,80,90.5
Laniado,85.9,2022-04-26T00:00:00.000Z,97.4,110.3,102.2,85.2,91.1
Poriah Hospital,84.6,2022-04-26T00:00:00.000Z,66.1,77.5,86.8,71.6,73
Assaf Harofeh Medical Center,87.3,2022-04-26T00:00:00.000Z,81.6,91.1,77.9,66.5,72.3
Shaare Zedek,102.7,2022-04-26T00:00:00.000Z,100.7,103.5,112.2,93.8,98.6
Rabin K. Hasharon,58.8,2022-04-26T00:00:00.000Z,54.5,63.7,67.6,51.7,65
Bnei Ziom Medical Center,87.6,2022-04-26T00:00:00.000Z,87.5,93,91,81.1,83.7
Soroka Medical Center,65.5,2022-04-26T00:00:00.000Z,60.2,68.1,71.7,66.3,73.2
Hadassah Mount Scopus,75,2022-04-26T00:00:00.000Z,65.1,77,85.1,68,79.7
Woolfson Medical Center,80.7,2022-04-26T00:00:00.000Z,78.5,92.7,78,70.7,76.3
All Facilities,92.5,2022-04-26T00:00:00.000Z,86.7,95.1,90.3,78.9,86
Hacarmel Hospital,51.9,2022-04-26T00:00:00.000Z,53,77.2,78.7,68.1,79.3
Rabin K. Beilinson,117.2,2022-04-26T00:00:00.000Z,103,108.5,98.2,81.8,93.2
Hillel Yaffeh Medical Center,100,2022-04-26T00:00:00.000Z,98.2,102.3,87.8,76.8,90
Chaim Sheba Medical Center,106.3,2022-04-26T00:00:00.000Z,100.6,88.7,107.5,98.3,107.8
Haemek Valley Center Hospital,105.2,2022-04-26T00:00:00.000Z,88,94.2,76.5,62.9,76.3
Shmuel Harofe,69.4,2022-04-26T00:00:00.000Z,71.8,88.5,74.8,71,81
Barzilai Medical Center,102.1,2022-04-26T00:00:00.000Z,94,101.4,88.9,81.1,85.3
Kaplan Hospital,86,2022-04-26T00:00:00.000Z,74.3,103.4,77,66.3,80.9
The Holy Family,172.4,2022-04-26T00:00:00.000Z,172.4,,118.1,118.1,
Tel Aviv Medical Center,92,2022-04-26T00:00:00.000Z,86.7,93,130.8,111,120.1
Meir Hospital,72,2022-04-26T00:00:00.000Z,66.4,82.9,75.8,69.8,81.7
Assuta Ashdod,137.3,2022-04-26T00:00:00.000Z,132.2,179.4,148.8,110.7,142.5
Nahariya,94.2,2022-04-26T00:00:00.000Z,97.8,87.4,87.8,83,78.6
Hadassah Ein Kerem,108.7,2022-04-26T00:00:00.000Z,109.7,132.6,88.8,73.9,92.6
Yosephtal Hospital,81.3,2022-04-27T00:00:00.000Z,66.1,59.8,53.8,50.5,52.7
Ziv Hospital,95.3,2022-04-27T00:00:00.000Z,89.3,97.1,84.7,71.5,81.5
Rambam,99,2022-04-27T00:00:00.000Z,91.3,98.8,92.1,80.9,90.3
Laniado,100,2022-04-27T00:00:00.000Z,96.9,106.2,97.5,88.3,90.5
Poriah Hospital,79.5,2022-04-27T00:00:00.000Z,67.2,76.2,84.8,73.8,73.3
Assaf Harofeh Medical Center,91.5,2022-04-27T00:00:00.000Z,82.1,89.7,73.8,67.8,71
Shaare Zedek,101.3,2022-04-27T00:00:00.000Z,100.5,103.9,108.6,96.6,98.8
Barzilai Medical Center,95.3,2022-04-27T00:00:00.000Z,95.5,100.7,91.4,81.7,85.1
Rabin K. Hasharon,57.9,2022-04-27T00:00:00.000Z,56.9,59.9,69.3,54.9,62.4
Bnei Ziom Medical Center,93.4,2022-04-27T00:00:00.000Z,88.5,93.7,94.9,82.5,82.7
Soroka Medical Center,64.3,2022-04-27T00:00:00.000Z,62.2,66.8,73,67.2,72.6
Hadassah Mount Scopus,75,2022-04-27T00:00:00.000Z,67.1,80.6,84,70.9,80.1
Woolfson Medical Center,78.3,2022-04-27T00:00:00.000Z,79.5,92.7,77.6,71.8,76.2
All Facilities,91.5,2022-04-27T00:00:00.000Z,87.9,94.4,89.3,80.6,85.3
Hacarmel Hospital,59.4,2022-04-27T00:00:00.000Z,52,76.5,77.3,69.9,77.5
Rabin K. Beilinson,119.4,2022-04-27T00:00:00.000Z,105.7,106.5,100.1,84.4,92.3
Hillel Yaffeh Medical Center,102.1,2022-04-27T00:00:00.000Z,98.1,102.7,87.4,78.4,90.7
Chaim Sheba Medical Center,104.2,2022-04-27T00:00:00.000Z,102.2,,106.7,99.4,
Haemek Valley Center Hospital,98.1,2022-04-27T00:00:00.000Z,91.9,95.3,71.2,65.2,76.2
Shmuel Harofe,75,2022-04-27T00:00:00.000Z,71.4,90.1,75.4,74.9,81.4
Kaplan Hospital,84.7,2022-04-27T00:00:00.000Z,76.6,105,78.4,68.1,81.8
The Holy Family,172.4,2022-04-27T00:00:00.000Z,172.4,,118.1,118.1,
Tel Aviv Medical Center,88.7,2022-04-27T00:00:00.000Z,87.3,91.2,123.1,113.4,119.2
Meir Hospital,63.5,2022-04-27T00:00:00.000Z,68.5,80.4,75.6,71.5,81.1
Assuta Ashdod,139,2022-04-27T00:00:00.000Z,131.5,180.9,142.7,116.3,140.7
Nahariya,90.5,2022-04-27T00:00:00.000Z,96.5,87.3,86.2,83,79.5
Hadassah Ein Kerem,113.6,2022-04-27T00:00:00.000Z,108.6,131.1,89.2,76,92.3
Yosephtal Hospital,93.8,2022-04-28T00:00:00.000Z,67.9,59.8,58.5,50.1,51.6
Ziv Hospital,89.1,2022-04-28T00:00:00.000Z,93.1,94.9,72.9,73.3,80.4
Rambam,92.4,2022-04-28T00:00:00.000Z,93.9,98.3,86.4,83,90.1
Laniado,91,2022-04-28T00:00:00.000Z,98.4,104.2,94.4,91.1,91.1
Poriah Hospital,67.9,2022-04-28T00:00:00.000Z,70,74.2,78.3,75.6,72.2
Assaf Harofeh Medical Center,84.6,2022-04-28T00:00:00.000Z,83.5,89,72.5,69.3,69.9
Shaare Zedek,98,2022-04-28T00:00:00.000Z,101.1,104.7,102.7,98.8,99.2
Barzilai Medical Center,89.1,2022-04-28T00:00:00.000Z,96.9,98.4,79.8,83.3,84.3
Rabin K. Hasharon,51.8,2022-04-28T00:00:00.000Z,58.6,57.5,56.4,58.3,60.3
Bnei Ziom Medical Center,93.4,2022-04-28T00:00:00.000Z,91.5,94.3,86.6,84.7,81.9
Soroka Medical Center,59.7,2022-04-28T00:00:00.000Z,64.7,66.7,68.4,68.4,72.6
Hadassah Mount Scopus,63.9,2022-04-28T00:00:00.000Z,69.4,86.1,78.5,74.9,81.1
Woolfson Medical Center,73.4,2022-04-28T00:00:00.000Z,80.2,92.9,67.2,72.9,76.3
All Facilities,87,2022-04-28T00:00:00.000Z,89.4,93.6,84.2,82.3,84.9
Hacarmel Hospital,60.4,2022-04-28T00:00:00.000Z,52.6,74.4,74.8,71.6,76.6
Rabin K. Beilinson,110.1,2022-04-28T00:00:00.000Z,109.6,105,91.4,87.8,91
Hillel Yaffeh Medical Center,97.9,2022-04-28T00:00:00.000Z,98.5,102.2,80.2,80.5,91.3
Chaim Sheba Medical Center,98.7,2022-04-28T00:00:00.000Z,103.7,,105.4,100.8,
Haemek Valley Center Hospital,99.4,2022-04-28T00:00:00.000Z,94.2,95.9,68.2,66.9,75.6
Shmuel Harofe,94.4,2022-04-28T00:00:00.000Z,71.8,92.1,76.8,75,81.9
Kaplan Hospital,74.7,2022-04-28T00:00:00.000Z,79,105.4,70.1,70.1,82.6
The Holy Family,172.4,2022-04-28T00:00:00.000Z,172.4,,118.1,118.1,
Tel Aviv Medical Center,80.7,2022-04-28T00:00:00.000Z,87.9,90.4,114.9,115.2,118.2
Meir Hospital,67,2022-04-28T00:00:00.000Z,68.4,77.3,75.3,72.8,79.9
Assuta Ashdod,139,2022-04-28T00:00:00.000Z,131.7,180.1,141.3,120.3,139.3
Nahariya,87.9,2022-04-28T00:00:00.000Z,95.8,87.4,80.5,83.5,80.1
Hadassah Ein Kerem,108.7,2022-04-28T00:00:00.000Z,110.3,128.6,84.4,78.6,92.2
Yosephtal Hospital,75,2022-04-29T00:00:00.000Z,71.4,59.8,40,50.8,51.6
Ziv Hospital,85.9,2022-04-29T00:00:00.000Z,97.1,92.2,56.5,76,79.1
Rambam,93.9,2022-04-29T00:00:00.000Z,94.7,97.6,78,85,90.2
Laniado,78.2,2022-04-29T00:00:00.000Z,99.8,102.2,73,95.1,91.8
Poriah Hospital,64.1,2022-04-29T00:00:00.000Z,72.7,70.7,63.7,77.6,70.9
Assaf Harofeh Medical Center,83.8,2022-04-29T00:00:00.000Z,84.9,88.7,66.7,71,69.4
Shaare Zedek,98.7,2022-04-29T00:00:00.000Z,101.3,104.7,88,102,98.6
Barzilai Medical Center,91.1,2022-04-29T00:00:00.000Z,97.8,94.1,74.3,84.6,82.3
Rabin K. Hasharon,59.6,2022-04-29T00:00:00.000Z,59,56.1,51,60.2,59
Bnei Ziom Medical Center,85.1,2022-04-29T00:00:00.000Z,93.3,92.8,68.6,87.4,81
Soroka Medical Center,57,2022-04-29T00:00:00.000Z,66.6,65.8,62.5,70,72
Hadassah Mount Scopus,69.4,2022-04-29T00:00:00.000Z,70.2,87.7,71.5,77.8,81.2
Woolfson Medical Center,71.3,2022-04-29T00:00:00.000Z,80,92.3,61.8,73.6,77.1
All Facilities,86.6,2022-04-29T00:00:00.000Z,90.8,92.4,75.5,84.4,84.8
Hacarmel Hospital,59.4,2022-04-29T00:00:00.000Z,54.3,73.6,65.4,73.4,76.3
Rabin K. Beilinson,115.4,2022-04-29T00:00:00.000Z,113.5,104.1,86.5,90.7,90.3
Hillel Yaffeh Medical Center,102.1,2022-04-29T00:00:00.000Z,101.2,101.5,76.5,82.7,91.3
Chaim Sheba Medical Center,99.6,2022-04-29T00:00:00.000Z,106.1,84.9,99.5,103.1,102.7
Haemek Valley Center Hospital,96.1,2022-04-29T00:00:00.000Z,95.9,95.9,63.5,68.2,75.6
Shmuel Harofe,77.8,2022-04-29T00:00:00.000Z,75.4,91.7,74.5,75.5,82.1
Kaplan Hospital,76.7,2022-04-29T00:00:00.000Z,80.8,103.9,64.1,72,81.3
Tel Aviv Medical Center,79.3,2022-04-29T00:00:00.000Z,88,89.1,95.3,118,117.5
Meir Hospital,69,2022-04-29T00:00:00.000Z,69.6,75,69.9,74.3,79.3
Assuta Ashdod,120.3,2022-04-29T00:00:00.000Z,131.7,179.2,113.7,125.3,139.8
Nahariya,101.6,2022-04-29T00:00:00.000Z,96.5,88.3,78.6,85,81
Hadassah Ein Kerem,118.4,2022-04-29T00:00:00.000Z,111.8,127.6,79,81.4,92.5
Yosephtal Hospital,81.3,2022-04-30T00:00:00.000Z,71.4,58.9,46.2,49.5,48.8
Ziv Hospital,92.2,2022-04-30T00:00:00.000Z,98.4,95.1,68.6,75.6,79.1
Rambam,98,2022-04-30T00:00:00.000Z,95.5,98.2,83.1,85.7,90.1
Laniado,96.2,2022-04-30T00:00:00.000Z,97.8,99.3,83.6,94.7,92.2
Hacarmel Hospital,64.2,2022-04-30T00:00:00.000Z,55.3,72.4,71.8,74,76
Poriah Hospital,73.1,2022-04-30T00:00:00.000Z,74.4,69.4,71.5,78.3,70.5
Shaare Zedek,104.7,2022-04-30T00:00:00.000Z,101.3,104.9,91.6,102.1,98.9
Barzilai Medical Center,102.1,2022-04-30T00:00:00.000Z,98,90.6,79.6,84.6,80.4
Rabin K. Hasharon,64.9,2022-04-30T00:00:00.000Z,59.3,57.4,59.3,60.9,59.4
Bnei Ziom Medical Center,90.1,2022-04-30T00:00:00.000Z,93.6,92.7,77.8,87.2,81
Soroka Medical Center,65.1,2022-04-30T00:00:00.000Z,66.1,65.7,68.4,70.1,72.2
Hadassah Mount Scopus,77.8,2022-04-30T00:00:00.000Z,69.8,87.3,71.9,78.2,80.2
Woolfson Medical Center,77.5,2022-04-30T00:00:00.000Z,78.9,92.2,67.9,73.4,77.4
All Facilities,94.5,2022-04-30T00:00:00.000Z,91.3,91.7,81.4,84.9,84.8
Rabin K. Beilinson,126.9,2022-04-30T00:00:00.000Z,116,101.8,93.3,92.4,89.4
Assaf Harofeh Medical Center,90.7,2022-04-30T00:00:00.000Z,86,88.7,70.5,72,69
Hillel Yaffeh Medical Center,114.4,2022-04-30T00:00:00.000Z,102,99.3,82.3,83.7,90.9
Chaim Sheba Medical Center,111.7,2022-04-30T00:00:00.000Z,106.2,83.5,105.6,104,101.6
Haemek Valley Center Hospital,101.9,2022-04-30T00:00:00.000Z,98.2,95.8,69.5,68.9,75.2
Shmuel Harofe,80.6,2022-04-30T00:00:00.000Z,76.2,90.5,76.5,75.5,82.3
Kaplan Hospital,87.3,2022-04-30T00:00:00.000Z,81.9,102.3,71.7,72.3,79.8
Tel Aviv Medical Center,87,2022-04-30T00:00:00.000Z,87.6,88,107.5,118,116.8
Meir Hospital,72,2022-04-30T00:00:00.000Z,70.6,73.9,74.8,74.9,79.2
Assuta Ashdod,108.5,2022-04-30T00:00:00.000Z,131.5,179.9,101.4,128.4,141.4
Nahariya,117.4,2022-04-30T00:00:00.000Z,97.6,89.3,89.6,85.7,81.9
Hadassah Ein Kerem,123.3,2022-04-30T00:00:00.000Z,114,124.4,81.1,82.9,92.1
Yosephtal Hospital,56.3,2022-05-01T00:00:00.000Z,75.9,58,43.1,50.5,47.5
Rambam,96,2022-05-01T00:00:00.000Z,96.2,97.8,88.5,86.1,89.7
Hacarmel Hospital,62.3,2022-05-01T00:00:00.000Z,56.9,71.3,74.4,74.5,75.7
Haemek Valley Center Hospital,91,2022-05-01T00:00:00.000Z,99.9,97.4,67.9,69.9,75
Poriah Hospital,74.4,2022-05-01T00:00:00.000Z,75.6,68.7,79.7,78.9,71.1
Shaare Zedek,102.7,2022-05-01T00:00:00.000Z,101.6,105.4,99.3,102.6,98.6
Barzilai Medical Center,101,2022-05-01T00:00:00.000Z,98.3,87.1,86.1,84.6,78.4
Rabin K. Hasharon,65.8,2022-05-01T00:00:00.000Z,59.3,59.1,66.4,61.3,60.5
Bnei Ziom Medical Center,85.1,2022-05-01T00:00:00.000Z,92.7,92.9,84.5,87,81.4
Soroka Medical Center,66.3,2022-05-01T00:00:00.000Z,65.6,66.8,73,70.3,72.8
Hadassah Mount Scopus,80.6,2022-05-01T00:00:00.000Z,70.2,84.5,73.6,78.3,78.5
Woolfson Medical Center,81.6,2022-05-01T00:00:00.000Z,78,93,77.6,72.9,78.2
Tel Aviv Medical Center,90,2022-05-01T00:00:00.000Z,87.4,86.5,128.4,117.9,115.6
All Facilities,92.7,2022-05-01T00:00:00.000Z,91.6,91.3,86.9,85.3,84.9
Rabin K. Beilinson,123.3,2022-05-01T00:00:00.000Z,119.1,100.4,94.2,94.3,88.8
Assaf Harofeh Medical Center,86.1,2022-05-01T00:00:00.000Z,86.5,88.3,72.3,72.3,68.9
Hillel Yaffeh Medical Center,98.6,2022-05-01T00:00:00.000Z,102.4,97.8,80,84.2,90.2
Laniado,96.2,2022-05-01T00:00:00.000Z,95.1,98,101.4,94.5,92.6
Chaim Sheba Medical Center,105.9,2022-05-01T00:00:00.000Z,106.2,83.7,108.2,104.9,99
Shmuel Harofe,86.1,2022-05-01T00:00:00.000Z,76.6,89.7,78.6,75.5,82.5
Kaplan Hospital,88.7,2022-05-01T00:00:00.000Z,82.3,101.2,77.9,72.9,79.1
Meir Hospital,77,2022-05-01T00:00:00.000Z,70.8,73.6,76.9,75.2,79.2
Assuta Ashdod,130.5,2022-05-01T00:00:00.000Z,130.3,178.5,131.7,128.4,141.3
Nahariya,101.6,2022-05-01T00:00:00.000Z,99.4,89.9,86.8,86.1,82.6
Ziv Hospital,106.3,2022-05-01T00:00:00.000Z,99.1,99.6,72.3,75.8,80.6
Hadassah Ein Kerem,120.4,2022-05-01T00:00:00.000Z,115.5,123,86.6,84.2,92.5
Yosephtal Hospital,31.3,2022-05-02T00:00:00.000Z,75,58.9,40,50.5,47
Rambam,95.5,2022-05-02T00:00:00.000Z,96.5,97.5,87.6,86.5,89
Hacarmel Hospital,60.4,2022-05-02T00:00:00.000Z,58.5,70.6,76.5,74.5,75.9
Chaim Sheba Medical Center,105.4,2022-05-02T00:00:00.000Z,105.1,85.8,109.9,105.4,98.7
Haemek Valley Center Hospital,91.6,2022-05-02T00:00:00.000Z,98.3,99.4,67.8,69.7,75.3
Poriah Hospital,69.2,2022-05-02T00:00:00.000Z,75.3,68.5,77.2,78.6,71.7
Shaare Zedek,104,2022-05-02T00:00:00.000Z,101.5,105.6,96.8,101.8,98.5
Barzilai Medical Center,100,2022-05-02T00:00:00.000Z,98.3,83.2,85.8,84.7,76.1
Rabin K. Hasharon,65.8,2022-05-02T00:00:00.000Z,60,61.8,63.5,61.5,61.8
Bnei Ziom Medical Center,92.6,2022-05-02T00:00:00.000Z,90.7,93.4,86.8,86,82.5
Soroka Medical Center,62.4,2022-05-02T00:00:00.000Z,64.2,66.8,72.6,70.1,73.8
Hadassah Mount Scopus,63.9,2022-05-02T00:00:00.000Z,71.8,80.6,76,77.9,76.4
Woolfson Medical Center,82.4,2022-05-02T00:00:00.000Z,77.5,94,77.5,72.7,78.9
Tel Aviv Medical Center,86,2022-05-02T00:00:00.000Z,87,86,124.1,118.2,114.9
All Facilities,91.1,2022-05-02T00:00:00.000Z,91.3,90.7,86.2,85.3,85
Rabin K. Beilinson,119.8,2022-05-02T00:00:00.000Z,119.6,99.4,91.4,94.5,88.1
Assaf Harofeh Medical Center,86.9,2022-05-02T00:00:00.000Z,87.3,87.7,73.6,72.6,68.8
Hillel Yaffeh Medical Center,103.4,2022-05-02T00:00:00.000Z,101.9,95.5,82.3,83.4,88.8
Laniado,96.2,2022-05-02T00:00:00.000Z,93,96.5,101.9,94.3,93.9
Shmuel Harofe,86.1,2022-05-02T00:00:00.000Z,78.2,88.5,78.3,76,82.7
Kaplan Hospital,82.7,2022-05-02T00:00:00.000Z,83,98.7,72.4,73.6,77.8
Meir Hospital,69,2022-05-02T00:00:00.000Z,70.4,72.6,76.1,74.9,79.2
Assuta Ashdod,125.4,2022-05-02T00:00:00.000Z,129.3,176.3,131.1,129.5,141.1
Nahariya,98.4,2022-05-02T00:00:00.000Z,99.2,89.8,84.2,85.9,83.3
Ziv Hospital,110.9,2022-05-02T00:00:00.000Z,100,100.7,73.8,75.1,80.8
Hadassah Ein Kerem,118.4,2022-05-02T00:00:00.000Z,116.1,122.5,84.9,85,92.9
Yosephtal Hospital,31.3,2022-05-03T00:00:00.000Z,72.3,59.8,53.8,49,48.1
Rambam,96.5,2022-05-03T00:00:00.000Z,95.7,97,82.9,86.3,88.9
Hacarmel Hospital,61.3,2022-05-03T00:00:00.000Z,59.7,69.5,70.6,74.1,75.9
Chaim Sheba Medical Center,101.3,2022-05-03T00:00:00.000Z,104.5,88.4,109.6,106.1,99.8
Haemek Valley Center Hospital,88.4,2022-05-03T00:00:00.000Z,97.6,98.1,64.7,69.2,75.5
Poriah Hospital,70.5,2022-05-03T00:00:00.000Z,73.3,69.2,73.2,77.4,72.4
Shaare Zedek,102,2022-05-03T00:00:00.000Z,101.7,106.6,100.6,99.9,98.1
Barzilai Medical Center,84.4,2022-05-03T00:00:00.000Z,97.2,79.7,80.3,83.7,74.1
Rabin K. Hasharon,60.5,2022-05-03T00:00:00.000Z,60.7,64.2,60.2,61.9,63.1
Bnei Ziom Medical Center,80.2,2022-05-03T00:00:00.000Z,89.6,95.3,82.2,84.3,82.7
Soroka Medical Center,62.4,2022-05-03T00:00:00.000Z,62.9,67.6,69.9,69.9,74.3
Hadassah Mount Scopus,52.8,2022-05-03T00:00:00.000Z,72.2,77.4,75.7,77.2,74.2
Woolfson Medical Center,79.9,2022-05-03T00:00:00.000Z,77.9,94.1,76.3,72.5,79.1
Tel Aviv Medical Center,84,2022-05-03T00:00:00.000Z,86.2,85.6,120.3,117.8,114.3
All Facilities,88.1,2022-05-03T00:00:00.000Z,90.8,90.4,84.5,84.8,85.1
Rabin K. Beilinson,113.7,2022-05-03T00:00:00.000Z,118.9,99.6,87.5,93.6,88.1
Assaf Harofeh Medical Center,87.3,2022-05-03T00:00:00.000Z,87.3,87.5,71.3,72.5,68.6
Hillel Yaffeh Medical Center,96.6,2022-05-03T00:00:00.000Z,102.6,93.3,82.9,82.4,87.6
Laniado,87.2,2022-05-03T00:00:00.000Z,91.9,97.1,104.2,93.4,94.8
Shmuel Harofe,83.3,2022-05-03T00:00:00.000Z,81.3,88.5,77.1,76.4,83.2
Kaplan Hospital,74,2022-05-03T00:00:00.000Z,83,96.3,70.1,73.1,77
Meir Hospital,81,2022-05-03T00:00:00.000Z,69.9,72.2,76.2,74.9,78.8
Assuta Ashdod,135.6,2022-05-03T00:00:00.000Z,128.6,174.1,139.9,130.1,141.2
Nahariya,97.4,2022-05-03T00:00:00.000Z,98.8,90.3,81.4,84.8,83.9
Ziv Hospital,93.8,2022-05-03T00:00:00.000Z,99.3,99.6,75.2,73.5,80.5
Hadassah Ein Kerem,113.6,2022-05-03T00:00:00.000Z,116,120.7,83.2,84.8,92.4
Yosephtal Hospital,43.8,2022-05-04T00:00:00.000Z,64.3,56.3,44.6,47.9,47.7
Rambam,88.9,2022-05-04T00:00:00.000Z,95.9,96.3,71.1,85.5,88.9
Hacarmel Hospital,53.8,2022-05-04T00:00:00.000Z,61.1,69.7,62,73,75.5
Chaim Sheba Medical Center,97.9,2022-05-04T00:00:00.000Z,103.8,90,100.3,106.4,101
Haemek Valley Center Hospital,84.5,2022-05-04T00:00:00.000Z,95.2,95.8,56.7,67.5,75.7
Poriah Hospital,71.8,2022-05-04T00:00:00.000Z,71.2,67.8,66.2,75.5,71.6
Shmuel Harofe,80.6,2022-05-04T00:00:00.000Z,83.3,88.5,76.2,76.7,83.5
Shaare Zedek,94,2022-05-04T00:00:00.000Z,101.6,106.6,92.3,98.2,97.9
Barzilai Medical Center,85.4,2022-05-04T00:00:00.000Z,94.7,76.5,74.8,82.5,74
Rabin K. Hasharon,47.4,2022-05-04T00:00:00.000Z,60.9,66,39.8,60.9,63.6
Bnei Ziom Medical Center,72.7,2022-05-04T00:00:00.000Z,88.5,96,69.7,83.1,82.5
Soroka Medical Center,52.7,2022-05-04T00:00:00.000Z,62.5,68.7,60.2,69.7,73.8
Hadassah Mount Scopus,38.9,2022-05-04T00:00:00.000Z,69,72.2,66.3,75.9,71.5
Woolfson Medical Center,71.3,2022-05-04T00:00:00.000Z,77.8,93.7,66.3,72.3,79
Tel Aviv Medical Center,74.7,2022-05-04T00:00:00.000Z,85.1,85.2,97.2,116.2,113.9
All Facilities,80,2022-05-04T00:00:00.000Z,90.2,90,74.2,84,85.3
Rabin K. Beilinson,96,2022-05-04T00:00:00.000Z,118.4,100.1,78.4,92.1,88.1
Assaf Harofeh Medical Center,81.9,2022-05-04T00:00:00.000Z,87.3,88.4,62,71.5,69
Laniado,70.5,2022-05-04T00:00:00.000Z,92.1,100,86.9,93.7,95.7
Hillel Yaffeh Medical Center,95.2,2022-05-04T00:00:00.000Z,102.2,91.2,75.1,81.7,87.2
Kaplan Hospital,66,2022-05-04T00:00:00.000Z,81.2,93.9,56,72.1,76.1
Meir Hospital,58.5,2022-05-04T00:00:00.000Z,71.2,71.9,62.2,75,78.2
Assuta Ashdod,145.8,2022-05-04T00:00:00.000Z,128.3,171.4,136.5,128.8,141.7
Nahariya,87.9,2022-05-04T00:00:00.000Z,99.2,91,73.3,83.9,83.7
Ziv Hospital,82.8,2022-05-04T00:00:00.000Z,96.2,96,63.7,72,81.1
Hadassah Ein Kerem,107.8,2022-05-04T00:00:00.000Z,116.6,120.1,74.3,84.1,92.5
Rambam,92.4,2022-05-05T00:00:00.000Z,94.4,96.7,74.2,82.5,88.5
Hacarmel Hospital,54.7,2022-05-05T00:00:00.000Z,60.2,70.2,60.5,70.8,75.1
Chaim Sheba Medical Center,98.3,2022-05-05T00:00:00.000Z,102.9,89.9,98.3,105.5,101.1
Haemek Valley Center Hospital,81.3,2022-05-05T00:00:00.000Z,93.3,95,55,65.5,76.8
Poriah Hospital,71.8,2022-05-05T00:00:00.000Z,70.1,68.3,60.8,72.8,72.1
Shmuel Harofe,80.6,2022-05-05T00:00:00.000Z,84.1,86.5,77.4,76.9,83.3
Shaare Zedek,100,2022-05-05T00:00:00.000Z,100.6,107,83,95.9,97.9
Barzilai Medical Center,86.5,2022-05-05T00:00:00.000Z,93.3,74.9,71.7,80.1,74.3
Rabin K. Hasharon,57,2022-05-05T00:00:00.000Z,59.4,66.9,41.1,56.7,63.4
Soroka Medical Center,53.5,2022-05-05T00:00:00.000Z,60.8,68.4,58.2,67.8,73.4
Hadassah Mount Scopus,47.2,2022-05-05T00:00:00.000Z,63.9,68.3,66.7,73.4,69
Woolfson Medical Center,69.3,2022-05-05T00:00:00.000Z,76.8,93.3,62.1,70.7,79.1
Tel Aviv Medical Center,76.7,2022-05-05T00:00:00.000Z,83.1,85.3,95,112.5,114.1
All Facilities,83.9,2022-05-05T00:00:00.000Z,88.6,89.9,72.7,81.8,85.5
Rabin K. Beilinson,103.5,2022-05-05T00:00:00.000Z,115,100.6,79.9,89,88.5
Bnei Ziom Medical Center,79.3,2022-05-05T00:00:00.000Z,85.6,96.3,70.7,79.5,82.4
Assaf Harofeh Medical Center,86.1,2022-05-05T00:00:00.000Z,85.9,89.6,62.4,69.8,70
Laniado,83.3,2022-05-05T00:00:00.000Z,87.9,101.6,85.2,92.2,96.1
Hillel Yaffeh Medical Center,107.5,2022-05-05T00:00:00.000Z,101.2,92,75.9,79.9,86.9
Kaplan Hospital,75.3,2022-05-05T00:00:00.000Z,78.6,92.8,57.6,68.9,76
Meir Hospital,64,2022-05-05T00:00:00.000Z,70.5,72.2,62.9,73.1,77.9
Assuta Ashdod,127.1,2022-05-05T00:00:00.000Z,129.3,170.9,104.1,127.9,142
Yosephtal Hospital,56.3,2022-05-05T00:00:00.000Z,58.9,55.4,38.5,46.6,47.9
Nahariya,97.4,2022-05-05T00:00:00.000Z,98.9,90.5,77.3,82.1,84
Ziv Hospital,93.8,2022-05-05T00:00:00.000Z,94.4,96.4,65.1,69,81.8
Hadassah Ein Kerem,113.6,2022-05-05T00:00:00.000Z,115.8,119.4,73.7,81.9,92.7
Hacarmel Hospital,58.5,2022-05-06T00:00:00.000Z,59.4,70.1,59.7,68.7,74.5
Chaim Sheba Medical Center,98.7,2022-05-06T00:00:00.000Z,102.9,90.3,94.8,104.5,101.3
Haemek Valley Center Hospital,90.3,2022-05-06T00:00:00.000Z,90.7,96,59.1,63.6,77.5
Shmuel Harofe,69.4,2022-05-06T00:00:00.000Z,82.1,87.3,73.6,77,83.6
Shaare Zedek,96.7,2022-05-06T00:00:00.000Z,100.9,106.1,81.8,93.1,98.1
Barzilai Medical Center,91.1,2022-05-06T00:00:00.000Z,92.9,75.9,72.5,78.9,75.5
Rabin K. Hasharon,55.3,2022-05-06T00:00:00.000Z,60.2,68,42.3,54.5,64.1
Soroka Medical Center,59.3,2022-05-06T00:00:00.000Z,59.9,67.9,59.8,66.4,73.2
Hadassah Mount Scopus,61.1,2022-05-06T00:00:00.000Z,61.5,68.3,70.5,71.7,67.5
Woolfson Medical Center,72.5,2022-05-06T00:00:00.000Z,76.2,92.7,61.2,69.9,78.6
Tel Aviv Medical Center,80.7,2022-05-06T00:00:00.000Z,82.5,84.8,92.7,109.7,114.2
All Facilities,86.1,2022-05-06T00:00:00.000Z,88.1,90,72.7,80.2,85.7
Rabin K. Beilinson,104,2022-05-06T00:00:00.000Z,114.1,100.6,78.4,87.3,88.1
Bnei Ziom Medical Center,78.5,2022-05-06T00:00:00.000Z,83.6,97.4,68.4,77.2,82.4
Assaf Harofeh Medical Center,79.9,2022-05-06T00:00:00.000Z,86.1,90.4,64.8,68.4,70.6
Laniado,93.6,2022-05-06T00:00:00.000Z,86.8,102.2,84.4,90.9,95.5
Hillel Yaffeh Medical Center,106.8,2022-05-06T00:00:00.000Z,102.5,92.8,75.7,79.3,86.8
Poriah Hospital,71.8,2022-05-06T00:00:00.000Z,70.7,67.9,68.5,70.3,72.6
Kaplan Hospital,74,2022-05-06T00:00:00.000Z,78.7,93,58.5,67.1,77.4
Meir Hospital,74,2022-05-06T00:00:00.000Z,70.1,72.6,68.1,71.3,78.1
Assuta Ashdod,133.9,2022-05-06T00:00:00.000Z,127.6,171.4,104.4,122.6,141.9
Yosephtal Hospital,62.5,2022-05-06T00:00:00.000Z,53.6,54.5,41.5,43.7,45.9
Nahariya,103.2,2022-05-06T00:00:00.000Z,100.2,90.5,77.1,81.6,84
Ziv Hospital,101.6,2022-05-06T00:00:00.000Z,95.1,97.3,66.6,67.9,82.9
Rambam,89.9,2022-05-06T00:00:00.000Z,94.4,95.7,71.8,80.7,88.3
Hadassah Ein Kerem,115.5,2022-05-06T00:00:00.000Z,116.5,118.7,73.3,80.4,92.6
Hacarmel Hospital,58.5,2022-05-07T00:00:00.000Z,59.3,68.9,66.1,67.9,74.1
Chaim Sheba Medical Center,110.9,2022-05-07T00:00:00.000Z,102.7,91,100.8,103.8,101.3
Haemek Valley Center Hospital,101.3,2022-05-07T00:00:00.000Z,89.9,97.9,68.2,63,79.1
Poriah Hospital,66.7,2022-05-07T00:00:00.000Z,71.8,66.8,66.8,71,72.9
Shmuel Harofe,77.8,2022-05-07T00:00:00.000Z,81,89.3,75.4,76.8,84
Shaare Zedek,102.7,2022-05-07T00:00:00.000Z,100.6,105.3,84.8,92.2,97.8
Barzilai Medical Center,96.9,2022-05-07T00:00:00.000Z,92.9,76.6,76.7,78.7,77
Rabin K. Hasharon,62.3,2022-05-07T00:00:00.000Z,59.5,67.9,51.5,53.2,63.8
Soroka Medical Center,65.5,2022-05-07T00:00:00.000Z,60.2,66.8,67.6,66,72.2
Hadassah Mount Scopus,75,2022-05-07T00:00:00.000Z,60.3,67.5,76.4,71.5,67.3
Assaf Harofeh Medical Center,86.1,2022-05-07T00:00:00.000Z,85.5,91.3,69.7,68.1,71.6
Woolfson Medical Center,74.6,2022-05-07T00:00:00.000Z,76.3,91.9,65.9,69.8,79
Tel Aviv Medical Center,88,2022-05-07T00:00:00.000Z,82.7,84.7,103.2,109.3,114.3
All Facilities,93.7,2022-05-07T00:00:00.000Z,88.1,90.1,79,79.8,85.9
Rabin K. Beilinson,113.7,2022-05-07T00:00:00.000Z,112.5,100.5,85.9,86.2,87.6
Bnei Ziom Medical Center,81,2022-05-07T00:00:00.000Z,82.6,97.4,75.5,77.2,82.6
Laniado,109,2022-05-07T00:00:00.000Z,89,105.7,94.2,92.5,95.1
Hillel Yaffeh Medical Center,121.9,2022-05-07T00:00:00.000Z,103.2,94.6,88.3,79.2,86.5
Kaplan Hospital,82,2022-05-07T00:00:00.000Z,78.3,92.1,64,66.3,78.3
Meir Hospital,90.5,2022-05-07T00:00:00.000Z,70.8,74.5,78.4,71,78.8
Assuta Ashdod,133.9,2022-05-07T00:00:00.000Z,129.5,170.5,104.4,121.3,141
Yosephtal Hospital,93.8,2022-05-07T00:00:00.000Z,51.8,54.5,55.4,44,44.8
Nahariya,113.7,2022-05-07T00:00:00.000Z,100.5,90.8,87.1,81.4,84.2
Ziv Hospital,101.6,2022-05-07T00:00:00.000Z,97.3,96.4,72.3,69.3,84.4
Rambam,95.5,2022-05-07T00:00:00.000Z,93.9,94.7,76.1,79.9,88.7
Hadassah Ein Kerem,118.4,2022-05-07T00:00:00.000Z,116.1,117.2,76.5,79.6,91.9
Hacarmel Hospital,61.3,2022-05-08T00:00:00.000Z,58.5,68.1,77.3,67.1,74.1
Chaim Sheba Medical Center,102.9,2022-05-08T00:00:00.000Z,102.6,91.9,103.4,103.1,101.5
Haemek Valley Center Hospital,105.2,2022-05-08T00:00:00.000Z,89.8,99.5,73.6,62.8,80.3
Poriah Hospital,70.5,2022-05-08T00:00:00.000Z,70.9,65.8,75.8,70.3,72.7
Shmuel Harofe,77.8,2022-05-08T00:00:00.000Z,80.6,90.5,76.5,76.7,84.4
Hadassah Ein Kerem,119.4,2022-05-08T00:00:00.000Z,115.4,116.2,83.7,78.9,91.3
Shaare Zedek,101.3,2022-05-08T00:00:00.000Z,100.3,104.5,99.4,91.2,97.6
Rabin K. Hasharon,66.7,2022-05-08T00:00:00.000Z,59.1,66.3,68,52.1,63.1
Soroka Medical Center,75.6,2022-05-08T00:00:00.000Z,60.3,64.6,77.1,65.9,71.2
Hadassah Mount Scopus,83.3,2022-05-08T00:00:00.000Z,59.9,69.4,76,72.2,67.3
Assaf Harofeh Medical Center,86.1,2022-05-08T00:00:00.000Z,84.9,92.4,75.8,68,72
Woolfson Medical Center,81.1,2022-05-08T00:00:00.000Z,75.9,90.9,73.2,69.5,78.5
Tel Aviv Medical Center,87.3,2022-05-08T00:00:00.000Z,82.9,84.9,123,108.7,114.8
Rabin K. Beilinson,118.9,2022-05-08T00:00:00.000Z,110.6,101,92.7,85.1,87.6
Bnei Ziom Medical Center,89.3,2022-05-08T00:00:00.000Z,81.3,97.3,85.9,76.8,82.8
Laniado,102.6,2022-05-08T00:00:00.000Z,90.8,110.4,113.1,94,95.1
Hillel Yaffeh Medical Center,111,2022-05-08T00:00:00.000Z,104.3,95.3,93.6,80.1,86
Barzilai Medical Center,95.3,2022-05-08T00:00:00.000Z,92.2,76.6,86.1,78.3,78.2
Kaplan Hospital,88.7,2022-05-08T00:00:00.000Z,77.5,91.2,74.2,65.2,78.4
Meir Hospital,84.5,2022-05-08T00:00:00.000Z,73.4,76.9,79.6,71.5,79.5
Assuta Ashdod,145.8,2022-05-08T00:00:00.000Z,133.2,170.2,129,121.7,141.4
All Facilities,94.5,2022-05-08T00:00:00.000Z,87.9,90.2,87.1,79.4,86
Yosephtal Hospital,87.5,2022-05-08T00:00:00.000Z,53.6,52.7,55.4,45.3,44.4
Nahariya,106.3,2022-05-08T00:00:00.000Z,99.9,91.3,88.8,81,84.1
Ziv Hospital,106.3,2022-05-08T00:00:00.000Z,98.7,94.6,82.7,69.9,83.7
Rambam,95.5,2022-05-08T00:00:00.000Z,93.5,94.3,84.4,78.9,88.7
Chaim Sheba Medical Center,97.9,2022-05-09T00:00:00.000Z,102.2,92.9,106.5,102.4,101.7
Haemek Valley Center Hospital,92.3,2022-05-09T00:00:00.000Z,91.8,100.6,76.4,63.6,80.6
Poriah Hospital,71.8,2022-05-09T00:00:00.000Z,70.3,64.3,73.2,69.8,72
Shmuel Harofe,83.3,2022-05-09T00:00:00.000Z,79.4,92.9,78,76.4,85
Hadassah Ein Kerem,119.4,2022-05-09T00:00:00.000Z,115.3,115.3,89.8,78.5,91.1
Shaare Zedek,104.7,2022-05-09T00:00:00.000Z,100.1,103.7,104.1,91.3,96.8
Rabin K. Hasharon,59.6,2022-05-09T00:00:00.000Z,59.3,63.8,67.6,52.3,61.9
Soroka Medical Center,76.4,2022-05-09T00:00:00.000Z,61.6,62.1,77.2,66.5,70
Assaf Harofeh Medical Center,92.3,2022-05-09T00:00:00.000Z,84.9,93.4,77.6,68.5,72.4
Woolfson Medical Center,70.9,2022-05-09T00:00:00.000Z,75.9,89.5,74.7,68.9,77.8
Tel Aviv Medical Center,89.7,2022-05-09T00:00:00.000Z,82.5,85.3,126.7,107.9,115.1
Rabin K. Beilinson,121.6,2022-05-09T00:00:00.000Z,109.9,101.7,97.6,84.9,87.6
Bnei Ziom Medical Center,87.6,2022-05-09T00:00:00.000Z,81.9,96.8,85.9,77,82.9
Hadassah Mount Scopus,91.7,2022-05-09T00:00:00.000Z,60.3,71.8,83.7,72.5,67.7
Laniado,92.3,2022-05-09T00:00:00.000Z,91.8,114.1,100.6,95.7,94.4
Hacarmel Hospital,58.5,2022-05-09T00:00:00.000Z,58.4,67.4,77.9,67.5,73.7
Hillel Yaffeh Medical Center,109.6,2022-05-09T00:00:00.000Z,106.1,96.2,98.6,82,86
Barzilai Medical Center,96.9,2022-05-09T00:00:00.000Z,91.4,76.6,80.6,78.3,79.2
Kaplan Hospital,89.3,2022-05-09T00:00:00.000Z,77.5,91.3,75.3,64.7,78.9
Meir Hospital,65,2022-05-09T00:00:00.000Z,74.5,79.8,73.8,71.9,80.4
Assuta Ashdod,133.9,2022-05-09T00:00:00.000Z,135.4,171.7,134.1,121.4,142.6
All Facilities,92.3,2022-05-09T00:00:00.000Z,88.2,90.4,88.9,79.5,86
Yosephtal Hospital,93.8,2022-05-09T00:00:00.000Z,58,50.9,63.1,47,44.8
Nahariya,100.5,2022-05-09T00:00:00.000Z,100.6,92,89.7,81.3,84
Ziv Hospital,106.3,2022-05-09T00:00:00.000Z,98.7,95.8,85,71.3,84.1
Rambam,98,2022-05-09T00:00:00.000Z,93.4,93.6,91.8,78.3,89
Chaim Sheba Medical Center,100.4,2022-05-10T00:00:00.000Z,101.1,93.2,105.9,101.9,101.5
Haemek Valley Center Hospital,97.4,2022-05-10T00:00:00.000Z,91.9,102,76.9,64.8,79.9
Poriah Hospital,78.2,2022-05-10T00:00:00.000Z,70.7,61.9,79.7,69.2,70.5
Shmuel Harofe,75,2022-05-10T00:00:00.000Z,79,94.8,76,76.3,85.4
Hadassah Ein Kerem,122.3,2022-05-10T00:00:00.000Z,115.4,115.5,90.1,79.2,91.9
Shaare Zedek,108,2022-05-10T00:00:00.000Z,100.2,103,107.3,92.3,96.3
Rabin K. Hasharon,64.9,2022-05-10T00:00:00.000Z,58.4,62.4,75.5,52.9,60.7
Soroka Medical Center,78.7,2022-05-10T00:00:00.000Z,63.6,61.1,79.2,67.1,69.3
Assaf Harofeh Medical Center,88,2022-05-10T00:00:00.000Z,85.7,94.5,80.4,69.1,73.1
Tel Aviv Medical Center,86,2022-05-10T00:00:00.000Z,83,85,123.7,108.3,115.1
Rabin K. Beilinson,118.9,2022-05-10T00:00:00.000Z,110.2,101.8,95.5,85.8,87.2
Bnei Ziom Medical Center,84.3,2022-05-10T00:00:00.000Z,81.2,94.9,86.1,76.9,82.5
Hadassah Mount Scopus,86.1,2022-05-10T00:00:00.000Z,64.3,76.6,87.5,73.6,68.9
Laniado,93.6,2022-05-10T00:00:00.000Z,91.2,117,101.7,95.5,93
Hacarmel Hospital,60.4,2022-05-10T00:00:00.000Z,58.1,67.3,79.6,67.7,73.3
Hillel Yaffeh Medical Center,104.1,2022-05-10T00:00:00.000Z,106.9,96.1,99.6,84.3,84.1
Barzilai Medical Center,92.7,2022-05-10T00:00:00.000Z,90.9,78.6,78.1,77.5,80.7
Kaplan Hospital,84.7,2022-05-10T00:00:00.000Z,78.5,89.8,74.6,65.1,78.5
Woolfson Medical Center,66,2022-05-10T00:00:00.000Z,74.2,87.9,72,68.5,77
Meir Hospital,71.5,2022-05-10T00:00:00.000Z,73.9,79.4,80.3,71.6,80.4
Assuta Ashdod,137.3,2022-05-10T00:00:00.000Z,136.6,171.9,153.9,121.8,143.3
All Facilities,91.3,2022-05-10T00:00:00.000Z,88.4,90.4,89.7,79.9,85.9
Yosephtal Hospital,75,2022-05-10T00:00:00.000Z,67,50,69.2,50.3,44.6
Nahariya,96.8,2022-05-10T00:00:00.000Z,100.9,93.8,89.9,82.1,84.6
Ziv Hospital,89.1,2022-05-10T00:00:00.000Z,98,94.2,80.4,73,84.2
Rambam,98,2022-05-10T00:00:00.000Z,93.8,94.1,91.2,78.9,89.3
Chaim Sheba Medical Center,99.2,2022-05-11T00:00:00.000Z,101,92.6,105,101.4,100.9
Haemek Valley Center Hospital,95.5,2022-05-11T00:00:00.000Z,93.2,103.2,75.6,66.6,79.3
Poriah Hospital,70.5,2022-05-11T00:00:00.000Z,71.8,60.8,77.7,70.1,69.2
Shmuel Harofe,77.8,2022-05-11T00:00:00.000Z,77.8,95.6,75.4,76.2,85.5
Hadassah Ein Kerem,116.5,2022-05-11T00:00:00.000Z,116.6,116.2,89.4,80.2,92.1
Shaare Zedek,104,2022-05-11T00:00:00.000Z,101,102.7,103.4,93.2,96.1
Rabin K. Hasharon,64,2022-05-11T00:00:00.000Z,59,62.8,72.6,55.1,59.9
Soroka Medical Center,74.4,2022-05-11T00:00:00.000Z,65.9,59.9,78.8,68.5,68.9
Assaf Harofeh Medical Center,94.2,2022-05-11T00:00:00.000Z,85.8,95.9,82.4,70.4,73.6
Tel Aviv Medical Center,91,2022-05-11T00:00:00.000Z,83.3,85.3,125.6,108.8,115
Rabin K. Beilinson,111.5,2022-05-11T00:00:00.000Z,111,102.8,95.4,86.9,86.8
Bnei Ziom Medical Center,87.6,2022-05-11T00:00:00.000Z,81.8,94.3,87.8,77.5,82.1
Hadassah Mount Scopus,77.8,2022-05-11T00:00:00.000Z,69,80.2,85.1,75.3,70.1
Laniado,79.5,2022-05-11T00:00:00.000Z,92.1,116.7,95.3,95.1,92.6
Hacarmel Hospital,60.4,2022-05-11T00:00:00.000Z,58,67.1,80.8,69,73
Hillel Yaffeh Medical Center,88.4,2022-05-11T00:00:00.000Z,108,97.1,97.1,86.7,82.1
Barzilai Medical Center,95.3,2022-05-11T00:00:00.000Z,92.1,80.7,81.5,77.2,79.5
Kaplan Hospital,84,2022-05-11T00:00:00.000Z,80,90.1,76.1,65.7,77.7
Woolfson Medical Center,68,2022-05-11T00:00:00.000Z,72.2,88.5,69.7,67.9,77.6
Meir Hospital,72,2022-05-11T00:00:00.000Z,72.6,80.1,77.8,72.2,80.3
Assuta Ashdod,137.3,2022-05-11T00:00:00.000Z,136.8,170.5,150.5,123.8,144.1
All Facilities,89.8,2022-05-11T00:00:00.000Z,88.8,91,89.1,80.6,85.7
Yosephtal Hospital,87.5,2022-05-11T00:00:00.000Z,73.2,51.8,70.8,52.5,44.8
Nahariya,92.1,2022-05-11T00:00:00.000Z,100.8,95.9,84.7,83.3,85
Ziv Hospital,84.4,2022-05-11T00:00:00.000Z,97.3,94.2,79.5,73.7,82.8
Rambam,98,2022-05-11T00:00:00.000Z,94,94.8,94.5,80.1,88.8
Rabin K. Beilinson,101.3,2022-05-12T00:00:00.000Z,113.2,103.1,88.2,89.3,86.3
Chaim Sheba Medical Center,89.5,2022-05-12T00:00:00.000Z,101.2,93.1,100.3,102.1,101
Haemek Valley Center Hospital,91.6,2022-05-12T00:00:00.000Z,94.7,103,68.7,69.3,78.6
Poriah Hospital,74.4,2022-05-12T00:00:00.000Z,71.6,59.9,69.3,71.8,67.8
Shmuel Harofe,86.1,2022-05-12T00:00:00.000Z,77.4,96.4,76.2,76,85.6
Hadassah Ein Kerem,113.6,2022-05-12T00:00:00.000Z,117.9,114.7,87.3,82.4,91.8
Shaare Zedek,98,2022-05-12T00:00:00.000Z,102.5,101.1,92.2,94.8,95.2
Rabin K. Hasharon,61.4,2022-05-12T00:00:00.000Z,61.4,63,59.8,59.8,59.8
Assaf Harofeh Medical Center,85.7,2022-05-12T00:00:00.000Z,87.5,95.1,72.8,73.3,73.3
Tel Aviv Medical Center,84.3,2022-05-12T00:00:00.000Z,85.6,84.3,119.5,112.9,114.7
Bnei Ziom Medical Center,82.6,2022-05-12T00:00:00.000Z,83.9,94,85.2,80,82.5
Hadassah Mount Scopus,83.3,2022-05-12T00:00:00.000Z,74.6,81.7,81.9,78,70.7
Laniado,80.8,2022-05-12T00:00:00.000Z,93.4,115.2,88.9,96.3,91.8
Hacarmel Hospital,56.6,2022-05-12T00:00:00.000Z,58.9,67.7,72.6,71.7,72.7
Hillel Yaffeh Medical Center,87.7,2022-05-12T00:00:00.000Z,107,95.8,86.2,89.8,79.7
Barzilai Medical Center,85.4,2022-05-12T00:00:00.000Z,93.5,79.9,76.2,78.2,75.6
Soroka Medical Center,59.3,2022-05-12T00:00:00.000Z,69,58.1,71.2,71.1,67.6
Kaplan Hospital,75.3,2022-05-12T00:00:00.000Z,82.6,90,68,68.6,77.2
Woolfson Medical Center,65.6,2022-05-12T00:00:00.000Z,71.8,87.2,66.6,68.4,77.1
Meir Hospital,55,2022-05-12T00:00:00.000Z,74.5,81.3,69.9,74.4,80.8
Assuta Ashdod,144.1,2022-05-12T00:00:00.000Z,135.6,165.6,149.8,125.8,142.5
All Facilities,83.7,2022-05-12T00:00:00.000Z,90.2,90.6,83.2,82.7,85.2
Nahariya,88.9,2022-05-12T00:00:00.000Z,101.4,96.5,84.7,84.9,84.4
Ziv Hospital,82.8,2022-05-12T00:00:00.000Z,97.5,94.4,72.6,76,82.1
Yosephtal Hospital,68.8,2022-05-12T00:00:00.000Z,79.5,56.3,60,56.3,47.3
Rambam,97.5,2022-05-12T00:00:00.000Z,95.3,95.5,88.9,83.4,89.6
Rabin K. Beilinson,96.9,2022-05-13T00:00:00.000Z,112.8,101.5,81.2,90.5,85.2
Chaim Sheba Medical Center,83.3,2022-05-13T00:00:00.000Z,99.9,91.8,91.8,102.4,100.4
Poriah Hospital,79.5,2022-05-13T00:00:00.000Z,72,61.5,65.9,73,66.3
Shmuel Harofe,83.3,2022-05-13T00:00:00.000Z,78.2,97.2,76.8,75.9,85.7
Hadassah Ein Kerem,116.5,2022-05-13T00:00:00.000Z,117.9,111.8,81.2,84.3,90.8
Shaare Zedek,103.3,2022-05-13T00:00:00.000Z,102.2,101.5,86,96.1,95.2
Rabin K. Hasharon,52.6,2022-05-13T00:00:00.000Z,62,60.9,43.2,62.5,57
Kaplan Hospital,82,2022-05-13T00:00:00.000Z,82.6,86.1,64,70.1,74.2
Assaf Harofeh Medical Center,88,2022-05-13T00:00:00.000Z,87.5,93.6,66.4,74.8,72.1
Tel Aviv Medical Center,83.3,2022-05-13T00:00:00.000Z,86.7,83.7,98.7,116.4,114.5
Bnei Ziom Medical Center,81.8,2022-05-13T00:00:00.000Z,84.4,93.7,77.1,82.1,82.6
Hadassah Mount Scopus,80.6,2022-05-13T00:00:00.000Z,79.8,82.1,73.6,80.2,70.7
Laniado,79.5,2022-05-13T00:00:00.000Z,93,113.7,70.8,96.9,89.9
Hacarmel Hospital,58.5,2022-05-13T00:00:00.000Z,59.2,68.1,64.8,73.4,72.4
Hillel Yaffeh Medical Center,89,2022-05-13T00:00:00.000Z,104.2,93.7,76.3,91.3,77.6
Haemek Valley Center Hospital,94.8,2022-05-13T00:00:00.000Z,96.2,100.6,66.4,71.2,77.5
Barzilai Medical Center,88,2022-05-13T00:00:00.000Z,93.4,75.7,67.2,78.8,70.2
Soroka Medical Center,62.4,2022-05-13T00:00:00.000Z,69.9,56.1,69.2,73,65.6
Woolfson Medical Center,65.2,2022-05-13T00:00:00.000Z,71.3,86.8,55.6,69,76.1
Meir Hospital,51.5,2022-05-13T00:00:00.000Z,73.2,81.4,60.8,75.4,79.6
Assuta Ashdod,142.4,2022-05-13T00:00:00.000Z,138,160.3,124.6,132.3,140.6
All Facilities,84,2022-05-13T00:00:00.000Z,90.2,89.3,74.9,84.3,84.1
Nahariya,92.1,2022-05-13T00:00:00.000Z,100.2,95.3,75.6,86,83.5
Ziv Hospital,93.8,2022-05-13T00:00:00.000Z,96,91.5,62.2,77,79.9
Yosephtal Hospital,87.5,2022-05-13T00:00:00.000Z,81.3,56.3,50.8,59.3,48.6
Rambam,93.4,2022-05-13T00:00:00.000Z,96,95.7,79.9,85.5,89.5
Rabin K. Beilinson,113.2,2022-05-14T00:00:00.000Z,111.8,100.6,88.6,90.9,84.2
Chaim Sheba Medical Center,89.5,2022-05-14T00:00:00.000Z,97.7,89.8,98.5,101.9,99.5
Poriah Hospital,88.5,2022-05-14T00:00:00.000Z,73.1,63.4,74.1,72.6,65.2
Shmuel Harofe,86.1,2022-05-14T00:00:00.000Z,80.2,95.2,77.4,76.3,85
Hadassah Ein Kerem,123.3,2022-05-14T00:00:00.000Z,118,110.7,85.7,85.4,91
Shaare Zedek,108.7,2022-05-14T00:00:00.000Z,103.1,101.3,91,96.8,95.1
Rabin K. Hasharon,56.1,2022-05-14T00:00:00.000Z,61.7,58.6,51.5,62.6,54.7
Kaplan Hospital,90,2022-05-14T00:00:00.000Z,83.7,82.9,71.2,70.9,71.4
Assaf Harofeh Medical Center,90,2022-05-14T00:00:00.000Z,88.6,90.2,68.4,75,70.2
Tel Aviv Medical Center,93.7,2022-05-14T00:00:00.000Z,87.1,82.7,113.2,117.2,113.7
Bnei Ziom Medical Center,90.1,2022-05-14T00:00:00.000Z,84.9,94.1,86.8,83.4,81.9
Hadassah Mount Scopus,86.1,2022-05-14T00:00:00.000Z,82.5,82.9,77.1,80.6,70.3
Laniado,94.9,2022-05-14T00:00:00.000Z,91,110.6,84.4,94.9,89.3
Hacarmel Hospital,58.5,2022-05-14T00:00:00.000Z,59.2,69.1,71,74.1,71.8
Hillel Yaffeh Medical Center,97.9,2022-05-14T00:00:00.000Z,101.7,92.4,84.9,91.4,75.9
Haemek Valley Center Hospital,111,2022-05-14T00:00:00.000Z,96.9,97.8,75.6,72.3,76
Barzilai Medical Center,100.5,2022-05-14T00:00:00.000Z,92.9,73.4,72,78.1,64.9
Soroka Medical Center,72.1,2022-05-14T00:00:00.000Z,70.3,54.7,73.8,74.3,64.3
Woolfson Medical Center,70.1,2022-05-14T00:00:00.000Z,70.2,85.6,61.2,68.2,74.5
Meir Hospital,57.5,2022-05-14T00:00:00.000Z,70,78.4,66.8,74.4,77.6
Assuta Ashdod,130.5,2022-05-14T00:00:00.000Z,139.2,154.7,114.7,135.2,138.6
All Facilities,92.3,2022-05-14T00:00:00.000Z,89.9,87.7,81.3,84.6,82.8
Nahariya,107.9,2022-05-14T00:00:00.000Z,98.6,93.7,84.4,85.8,82.3
Ziv Hospital,103.1,2022-05-14T00:00:00.000Z,94.9,89.7,70.9,76.4,77
Yosephtal Hospital,87.5,2022-05-14T00:00:00.000Z,84.8,56.3,53.8,60.7,51.9
Rambam,102.5,2022-05-14T00:00:00.000Z,96.5,94.2,87.1,86.7,88.7
Nahariya,106.3,2022-05-15T00:00:00.000Z,97.8,92.6,86.3,85.4,81.1
Rabin K. Beilinson,115,2022-05-15T00:00:00.000Z,111.8,98,94,91.3,83.1
Chaim Sheba Medical Center,93.3,2022-05-15T00:00:00.000Z,94.7,88,104.4,101.6,98.5
Poriah Hospital,87.2,2022-05-15T00:00:00.000Z,76.2,64.8,80.8,73.7,64.4
Shmuel Harofe,86.1,2022-05-15T00:00:00.000Z,81.3,94,78.9,76.6,84.6
Hadassah Ein Kerem,123.3,2022-05-15T00:00:00.000Z,118.7,109.6,89.9,86.8,90.1
Shaare Zedek,107.3,2022-05-15T00:00:00.000Z,104,100.1,101,97.6,94.5
Rabin K. Hasharon,56.1,2022-05-15T00:00:00.000Z,60.8,57.1,63.1,62.6,53
Kaplan Hospital,99.3,2022-05-15T00:00:00.000Z,84.9,79.1,84.1,71.9,69.2
Assaf Harofeh Medical Center,89.2,2022-05-15T00:00:00.000Z,89.2,86.3,74,74.8,68.4
Tel Aviv Medical Center,97,2022-05-15T00:00:00.000Z,87.9,81.9,130.9,118.6,112.9
Bnei Ziom Medical Center,86.8,2022-05-15T00:00:00.000Z,86.2,92.2,92.8,85,81.2
Hadassah Mount Scopus,80.6,2022-05-15T00:00:00.000Z,84.1,81.7,83,80.7,69.3
Laniado,84.6,2022-05-15T00:00:00.000Z,89,108.2,100,93.5,88.5
Hacarmel Hospital,61.3,2022-05-15T00:00:00.000Z,59.2,68.9,77.7,74.8,70.6
Hillel Yaffeh Medical Center,112.3,2022-05-15T00:00:00.000Z,98.2,91.8,94,90.9,74.5
Haemek Valley Center Hospital,106.5,2022-05-15T00:00:00.000Z,98.2,93.6,77.2,73.3,73.6
Barzilai Medical Center,95.8,2022-05-15T00:00:00.000Z,93.5,70.2,79.3,77.4,60.5
Soroka Medical Center,84.5,2022-05-15T00:00:00.000Z,71.3,54.4,77.7,75.2,63.6
Woolfson Medical Center,78.3,2022-05-15T00:00:00.000Z,69.6,82.8,72.3,67.6,73.1
Meir Hospital,71.5,2022-05-15T00:00:00.000Z,65.3,75.5,73.1,72.7,75.7
Assuta Ashdod,147.5,2022-05-15T00:00:00.000Z,138.7,149.2,142,136.7,137.3
All Facilities,95.3,2022-05-15T00:00:00.000Z,89.7,85.8,88.7,84.9,81.6
Ziv Hospital,109.4,2022-05-15T00:00:00.000Z,95.1,87.3,80.1,76.2,75
Yosephtal Hospital,68.8,2022-05-15T00:00:00.000Z,83.9,58.9,49.2,60.4,53.2
Rambam,102,2022-05-15T00:00:00.000Z,97.5,92.6,93.9,88.3,88.2
Nahariya,124.7,2022-05-21T00:00:00.000Z,97.8,91.7,90.1,85,80
Rabin K. Beilinson,104,2022-05-21T00:00:00.000Z,111.2,94.1,87.8,91.5,81.1
Laniado,106.4,2022-05-21T00:00:00.000Z,86.4,106.4,85.5,91.6,87.9
Chaim Sheba Medical Center,103.3,2022-05-21T00:00:00.000Z,93.3,84.9,103.1,101.8,97.2
Poriah Hospital,96.2,2022-05-21T00:00:00.000Z,78.6,66.8,71.5,74.4,64.3
Hadassah Ein Kerem,106.8,2022-05-21T00:00:00.000Z,119.3,108.3,81.1,87.6,88.9
Shaare Zedek,114.7,2022-05-21T00:00:00.000Z,104.9,99.6,90.8,97.9,94.1
Rabin K. Hasharon,68.4,2022-05-21T00:00:00.000Z,59.3,57,57.3,61.9,51
Kaplan Hospital,102,2022-05-21T00:00:00.000Z,86.4,74.3,74,73.3,66
Assaf Harofeh Medical Center,95,2022-05-21T00:00:00.000Z,89.6,82.6,69.6,74.6,66.2
Tel Aviv Medical Center,95.3,2022-05-21T00:00:00.000Z,89.3,80.5,108.5,119.8,111.5
Bnei Ziom Medical Center,97.5,2022-05-21T00:00:00.000Z,85.8,90.7,77.8,86,79.2
Hadassah Mount Scopus,80.6,2022-05-21T00:00:00.000Z,83.7,79.4,71.2,81.7,67.8
Hacarmel Hospital,53.8,2022-05-21T00:00:00.000Z,59.2,68.5,70.8,74.9,69.1
Hillel Yaffeh Medical Center,91.8,2022-05-21T00:00:00.000Z,98.4,91.1,83.3,91,72.3
Haemek Valley Center Hospital,109,2022-05-21T00:00:00.000Z,98.4,89.9,77.7,73.8,71.1
Barzilai Medical Center,93.8,2022-05-21T00:00:00.000Z,93.5,67.3,74,76.4,55.5
Soroka Medical Center,77.9,2022-05-21T00:00:00.000Z,72.5,54.2,73.7,75.3,62.2
Woolfson Medical Center,78.3,2022-05-21T00:00:00.000Z,69.1,79.7,71.9,67.5,71.1
Meir Hospital,78,2022-05-21T00:00:00.000Z,63.4,72.1,72.8,71.8,73.7
Assuta Ashdod,137.3,2022-05-21T00:00:00.000Z,139,142.4,101.7,138.5,133.3
All Facilities,96.4,2022-05-21T00:00:00.000Z,89.8,83.7,81.7,85.1,79.9
Yosephtal Hospital,81.3,2022-05-21T00:00:00.000Z,81.3,60.7,41.5,59.6,52.5
Rambam,104,2022-05-21T00:00:00.000Z,98.5,91.8,84.7,89.6,87.6
Ziv Hospital,93.8,2022-05-21T00:00:00.000Z,95.5,84.8,71.2,75.8,72.6
Shmuel Harofe,88.9,2022-05-21T00:00:00.000Z,82.5,91.3,79.5,77,84
Nahariya,78.4,2022-07-11T00:00:00.000Z,101.3,89.7,89.5,85.1,78.6
Rabin K. Beilinson,104.8,2022-07-11T00:00:00.000Z,108.7,90.9,90.7,90.1,78.9
Laniado,66.7,2022-07-11T00:00:00.000Z,88.5,103.1,98.6,89.5,85.8
Chaim Sheba Medical Center,113,2022-07-11T00:00:00.000Z,94.1,82.6,105.8,101.3,95.5
Poriah Hospital,75.6,2022-07-11T00:00:00.000Z,82.1,67.2,80.3,74.2,63.5
Shaare Zedek,82,2022-07-11T00:00:00.000Z,106.3,99.5,106.1,96,92.4
Rabin K. Hasharon,57,2022-07-11T00:00:00.000Z,60.5,56.3,64.7,60.4,48.8
Kaplan Hospital,74,2022-07-11T00:00:00.000Z,88.2,72.6,79.3,73.1,64.2
Assaf Harofeh Medical Center,74.1,2022-07-11T00:00:00.000Z,90,81.4,78,73.4,63.7
Tel Aviv Medical Center,95,2022-07-11T00:00:00.000Z,90.1,80.2,129.5,117.2,107.8
Bnei Ziom Medical Center,63.6,2022-07-11T00:00:00.000Z,87.2,89.8,90.8,84.8,77.5
Hadassah Mount Scopus,80.6,2022-07-11T00:00:00.000Z,82.1,73,67,79.9,66.7
Hacarmel Hospital,60.4,2022-07-11T00:00:00.000Z,58.5,67.1,79.6,73.9,67
Hillel Yaffeh Medical Center,84.2,2022-07-11T00:00:00.000Z,95.9,89.7,86.8,88.8,72.1
Haemek Valley Center Hospital,80.6,2022-07-11T00:00:00.000Z,100.8,87.1,75.1,74,70.2
Hadassah Ein Kerem,100,2022-07-11T00:00:00.000Z,117.5,109,88.5,86.4,86.4
Barzilai Medical Center,68.8,2022-07-11T00:00:00.000Z,93.1,63.6,84.3,75.5,49.3
Soroka Medical Center,74.4,2022-07-11T00:00:00.000Z,72.8,54.1,78.4,74.8,60.6
Woolfson Medical Center,97.5,2022-07-11T00:00:00.000Z,70.2,77.4,84.3,67.1,68.1
Meir Hospital,69,2022-07-11T00:00:00.000Z,65.3,73,78.9,71.6,72.2
Assuta Ashdod,123.7,2022-07-11T00:00:00.000Z,139.5,136.1,132.8,133.9,126.3
All Facilities,82.8,2022-07-11T00:00:00.000Z,90.4,82.3,88.9,84.1,77.9
Yosephtal Hospital,62.5,2022-07-11T00:00:00.000Z,79.5,60.7,60,56.5,53
Rambam,74.2,2022-07-11T00:00:00.000Z,99.4,91.1,93.4,88.6,86.1
Ziv Hospital,82.8,2022-07-11T00:00:00.000Z,93.8,86.2,72,73.9,70.2
Shmuel Harofe,86.1,2022-07-11T00:00:00.000Z,83.3,89.3,78.9,77.2,83.5
Nahariya,110.5,2022-10-03T00:00:00.000Z,98.6,88.3,87.4,85,78.5
Nahariya,110.5,2022-10-03T00:00:00.000Z,101.3,85.3,87.4,85.4,77.9
Nahariya,110.5,2022-10-03T00:00:00.000Z,104.4,83.6,87.4,85.8,77.8
Nahariya,110.5,2022-10-03T00:00:00.000Z,107,83.2,87.4,87.5,78.6
Rabin K. Beilinson,113.7,2022-10-03T00:00:00.000Z,106.7,89.8,99.3,89.4,78.8
Rabin K. Beilinson,113.7,2022-10-03T00:00:00.000Z,107,88.9,99.3,90,78.5
Rabin K. Beilinson,113.7,2022-10-03T00:00:00.000Z,108.7,90.3,99.3,91.6,79.3
Rabin K. Beilinson,113.7,2022-10-03T00:00:00.000Z,111.1,92.6,99.3,94.1,81.3
Laniado,79.5,2022-10-03T00:00:00.000Z,84.6,107.3,100.8,89.1,87.7
Laniado,79.5,2022-10-03T00:00:00.000Z,84.6,106,100.8,89.9,87.3
Laniado,79.5,2022-10-03T00:00:00.000Z,84.4,104.6,100.8,91.6,89.6
Laniado,79.5,2022-10-03T00:00:00.000Z,84.4,104.6,100.8,95.9,91
Hillel Yaffeh Medical Center,95.2,2022-10-03T00:00:00.000Z,96,99.9,78.1,83.3,83.3
Chaim Sheba Medical Center,92.9,2022-10-03T00:00:00.000Z,95.9,80.8,99.6,101.3,94.4
Chaim Sheba Medical Center,92.9,2022-10-03T00:00:00.000Z,95,83.3,99.6,100.5,93.9
Chaim Sheba Medical Center,92.9,2022-10-03T00:00:00.000Z,95.5,88.3,99.6,100.4,94.1
Chaim Sheba Medical Center,92.9,2022-10-03T00:00:00.000Z,96.8,94,99.6,101.5,95.2
Poriah Hospital,89.7,2022-10-03T00:00:00.000Z,81.7,69.6,78,74.2,65.6
Poriah Hospital,89.7,2022-10-03T00:00:00.000Z,84.4,69.6,78,74.3,67.2
Poriah Hospital,89.7,2022-10-03T00:00:00.000Z,86.6,68.5,78,75.5,69.2
Poriah Hospital,89.7,2022-10-03T00:00:00.000Z,88.1,68.3,78,77.3,71.8
Bnei Ziom Medical Center,81,2022-10-03T00:00:00.000Z,84.3,89.5,78.5,85.5,77.8
Bnei Ziom Medical Center,81,2022-10-03T00:00:00.000Z,83.4,88.1,78.5,84.2,78
Bnei Ziom Medical Center,81,2022-10-03T00:00:00.000Z,83.1,86.8,78.5,83.2,78.2
Bnei Ziom Medical Center,81,2022-10-03T00:00:00.000Z,83,85.7,78.5,83.4,79.6
Kaplan Hospital,88.7,2022-10-03T00:00:00.000Z,86.7,72.5,79.7,73.8,64.8
Kaplan Hospital,88.7,2022-10-03T00:00:00.000Z,87.3,71,79.7,74.3,64.4
Kaplan Hospital,88.7,2022-10-03T00:00:00.000Z,89.2,72.8,79.7,76,65.8
Kaplan Hospital,88.7,2022-10-03T00:00:00.000Z,90.2,76.4,79.7,78.2,68.5
Assaf Harofeh Medical Center,83,2022-10-03T00:00:00.000Z,88,80,70.3,73.1,64.2
Assaf Harofeh Medical Center,83,2022-10-03T00:00:00.000Z,86.4,79.5,70.3,71.4,64.5
Assaf Harofeh Medical Center,83,2022-10-03T00:00:00.000Z,86,80.2,70.3,71,65.9
Assaf Harofeh Medical Center,83,2022-10-03T00:00:00.000Z,85.3,82.6,70.3,71.6,68.1
Tel Aviv Medical Center,88.3,2022-10-03T00:00:00.000Z,91.4,81.3,111.4,118,109.4
Tel Aviv Medical Center,88.3,2022-10-03T00:00:00.000Z,91,81.6,111.4,116,109.8
Tel Aviv Medical Center,88.3,2022-10-03T00:00:00.000Z,91.6,82.2,111.4,114.8,110
Tel Aviv Medical Center,88.3,2022-10-03T00:00:00.000Z,92.3,83.9,111.4,116.6,111.7
Meir Hospital,79.5,2022-10-03T00:00:00.000Z,66,74.4,80.5,71.8,72.9
Meir Hospital,79.5,2022-10-03T00:00:00.000Z,69.5,74.9,80.5,73.3,73.6
Meir Hospital,79.5,2022-10-03T00:00:00.000Z,73.5,77.6,80.5,76.1,75.4
Rabin K. Hasharon,62.3,2022-10-03T00:00:00.000Z,59.4,54.3,60.2,58.9,49.1
Rabin K. Hasharon,62.3,2022-10-03T00:00:00.000Z,59.1,52.1,60.2,57.1,48.6
Rabin K. Hasharon,62.3,2022-10-03T00:00:00.000Z,59.3,53.3,60.2,57.1,51
Rabin K. Hasharon,62.3,2022-10-03T00:00:00.000Z,60.7,55,60.2,59.6,54.2
Hadassah Mount Scopus,86.1,2022-10-03T00:00:00.000Z,81.3,75.8,73.3,77,66.9
Hadassah Mount Scopus,86.1,2022-10-03T00:00:00.000Z,82.5,79,73.3,75.3,67.7
Hadassah Mount Scopus,86.1,2022-10-03T00:00:00.000Z,82.9,81.7,73.3,74.1,69.1
Hadassah Mount Scopus,86.1,2022-10-03T00:00:00.000Z,83.7,86.1,73.3,74,70.5
Hacarmel Hospital,63.2,2022-10-03T00:00:00.000Z,58.5,66.4,68.9,73.9,67.8
Hacarmel Hospital,63.2,2022-10-03T00:00:00.000Z,58.9,62,68.9,72.2,66.6
Hacarmel Hospital,63.2,2022-10-03T00:00:00.000Z,59.8,58,68.9,71.7,66
Hacarmel Hospital,63.2,2022-10-03T00:00:00.000Z,60.5,54.4,68.9,72.2,66.4
Hillel Yaffeh Medical Center,95.2,2022-10-03T00:00:00.000Z,93.1,91.2,78.1,86.9,74.2
Hillel Yaffeh Medical Center,95.2,2022-10-03T00:00:00.000Z,94,93.1,78.1,84.2,76.5
Hillel Yaffeh Medical Center,95.2,2022-10-03T00:00:00.000Z,95.1,96.5,78.1,83.1,79.5
Haemek Valley Center Hospital,92.9,2022-10-03T00:00:00.000Z,98.4,87.6,71.5,73.8,71.4
Haemek Valley Center Hospital,92.9,2022-10-03T00:00:00.000Z,98.1,87.5,71.5,73.2,71
Haemek Valley Center Hospital,92.9,2022-10-03T00:00:00.000Z,98.2,88.7,71.5,73.6,71.3
Haemek Valley Center Hospital,92.9,2022-10-03T00:00:00.000Z,98,91.1,71.5,74.3,72.7
Hadassah Ein Kerem,111.7,2022-10-03T00:00:00.000Z,114.3,107.6,90.7,86.2,85.9
Hadassah Ein Kerem,111.7,2022-10-03T00:00:00.000Z,113.6,109.4,90.7,86.4,85.5
Hadassah Ein Kerem,111.7,2022-10-03T00:00:00.000Z,113.3,113,90.7,86.8,85.9
Hadassah Ein Kerem,111.7,2022-10-03T00:00:00.000Z,112.6,116.9,90.7,88.2,86.7
Barzilai Medical Center,92.7,2022-10-03T00:00:00.000Z,89.7,63.7,82.3,76.3,51.5
Barzilai Medical Center,92.7,2022-10-03T00:00:00.000Z,89.3,66.8,82.3,76.5,55.6
Barzilai Medical Center,92.7,2022-10-03T00:00:00.000Z,90.3,71.7,82.3,77.3,60.9
Barzilai Medical Center,92.7,2022-10-03T00:00:00.000Z,91,76.5,82.3,79.5,66.7
Soroka Medical Center,71.7,2022-10-03T00:00:00.000Z,72.1,54.9,75.5,74.7,61.5
Soroka Medical Center,71.7,2022-10-03T00:00:00.000Z,71.8,56.2,75.5,74.2,63.2
Soroka Medical Center,71.7,2022-10-03T00:00:00.000Z,73.5,59.1,75.5,74.9,65.9
Soroka Medical Center,71.7,2022-10-03T00:00:00.000Z,74.9,63.3,75.5,75.8,69.4
Woolfson Medical Center,72.5,2022-10-03T00:00:00.000Z,74.7,75.5,74.7,68.8,66.6
Woolfson Medical Center,72.5,2022-10-03T00:00:00.000Z,75.4,73.9,74.7,69.5,66.6
Woolfson Medical Center,72.5,2022-10-03T00:00:00.000Z,76.3,73.1,74.7,70.7,67.3
Woolfson Medical Center,72.5,2022-10-03T00:00:00.000Z,77.4,73.4,74.7,73.4,69.4
Meir Hospital,79.5,2022-10-03T00:00:00.000Z,64.9,74.9,80.5,71.4,73.3
Assuta Ashdod,155.9,2022-10-03T00:00:00.000Z,137.5,140.4,143,130.9,128.1
Assuta Ashdod,155.9,2022-10-03T00:00:00.000Z,140.2,140.7,143,129.8,126.5
Assuta Ashdod,155.9,2022-10-03T00:00:00.000Z,141.9,141.6,143,128.8,124.8
Assuta Ashdod,155.9,2022-10-03T00:00:00.000Z,143.8,143.6,143,131.4,124.7
All Facilities,90.1,2022-10-03T00:00:00.000Z,89.2,82.5,84.9,84,78.3
Yosephtal Hospital,93.8,2022-10-03T00:00:00.000Z,77.7,61.6,50.8,55.2,54.5
Yosephtal Hospital,93.8,2022-10-03T00:00:00.000Z,78.6,64.3,50.8,52.3,53.2
Yosephtal Hospital,93.8,2022-10-03T00:00:00.000Z,82.1,70.5,50.8,51,54.5
Yosephtal Hospital,93.8,2022-10-03T00:00:00.000Z,83,75.9,50.8,51,54.3
Rambam,97,2022-10-03T00:00:00.000Z,96,91.6,92.6,88.9,87.4
Rambam,97,2022-10-03T00:00:00.000Z,95.8,91,92.6,88.6,87.2
Rambam,97,2022-10-03T00:00:00.000Z,95.7,91.8,92.6,89.2,87.6
Rambam,97,2022-10-03T00:00:00.000Z,96.2,94.8,92.6,91,89
Ziv Hospital,78.1,2022-10-03T00:00:00.000Z,92.9,88.6,79.3,72.7,72.2
Ziv Hospital,78.1,2022-10-03T00:00:00.000Z,92,89.1,79.3,72.6,71.3
Ziv Hospital,78.1,2022-10-03T00:00:00.000Z,91.3,91.5,79.3,73.6,71.1
Ziv Hospital,78.1,2022-10-03T00:00:00.000Z,89.1,94.4,79.3,76,72.5
Shmuel Harofe,100,2022-10-03T00:00:00.000Z,84.9,88.1,83,77.6,83.1
Shmuel Harofe,100,2022-10-03T00:00:00.000Z,88.1,75.4,83,78.7,82.4
Shmuel Harofe,100,2022-10-03T00:00:00.000Z,90.1,62.3,83,79.6,81.7
Shmuel Harofe,100,2022-10-03T00:00:00.000Z,92.5,51.6,83,80.5,81.5
Nahariya,108.9,2022-12-07T00:00:00.000Z,107.4,82,97.5,87.9,80.4
Nahariya,108.9,2022-12-07T00:00:00.000Z,107.7,84.1,97.5,89.6,83
Yosephtal Hospital,62.5,2022-12-07T00:00:00.000Z,67,61.6,60,58.7,61.1
Yosephtal Hospital,62.5,2022-12-07T00:00:00.000Z,62.5,56.3,60,60,61.5
Yosephtal Hospital,62.5,2022-12-07T00:00:00.000Z,62.5,56.3,60,60,61.5
Ziv Hospital,82.8,2022-12-07T00:00:00.000Z,80.1,105.1,81,80,82.6
Ziv Hospital,82.8,2022-12-07T00:00:00.000Z,80.8,107.4,81,80.2,84.5
Ziv Hospital,82.8,2022-12-07T00:00:00.000Z,81.5,109.6,81,80.5,86.4
Ziv Hospital,82.8,2022-12-07T00:00:00.000Z,82.1,111.8,81,80.7,88.3
Ziv Hospital,82.8,2022-12-07T00:00:00.000Z,82.8,114.1,81,81,90.2
Ziv Hospital,82.8,2022-12-07T00:00:00.000Z,82.8,114.1,81,81,90.2
Nahariya,108.9,2022-12-07T00:00:00.000Z,105.5,86.5,97.5,90.6,85.3
Nahariya,108.9,2022-12-07T00:00:00.000Z,109.8,87.7,97.5,91.8,86.1
Nahariya,108.9,2022-12-07T00:00:00.000Z,109.6,92.3,97.5,93.2,87.7
Nahariya,108.9,2022-12-07T00:00:00.000Z,109.4,97,97.5,94.7,89.3
Nahariya,108.9,2022-12-07T00:00:00.000Z,109.2,101.7,97.5,96.1,90.9
Nahariya,108.9,2022-12-07T00:00:00.000Z,108.9,106.3,97.5,97.5,92.5
Nahariya,108.9,2022-12-07T00:00:00.000Z,108.9,106.3,97.5,97.5,92.5
Rambam,95.5,2022-12-07T00:00:00.000Z,95.9,96.8,98.6,96.9,94.2
Rambam,95.5,2022-12-07T00:00:00.000Z,95.7,96.4,98.6,97.7,93.9
Rambam,95.5,2022-12-07T00:00:00.000Z,95.5,96,98.6,98.6,93.6
Rambam,95.5,2022-12-07T00:00:00.000Z,95.5,96,98.6,98.6,93.6
Rabin K. Beilinson,122,2022-12-07T00:00:00.000Z,111.2,96.3,102.7,95.7,84
Laniado,88.5,2022-12-07T00:00:00.000Z,82.2,103.7,100.8,98.2,95.3
Laniado,88.5,2022-12-07T00:00:00.000Z,82.8,101.1,100.8,98.3,98.1
Laniado,88.5,2022-12-07T00:00:00.000Z,80.2,99.8,100.8,100.5,101
Laniado,88.5,2022-12-07T00:00:00.000Z,83.3,93.8,100.8,100.8,99
Laniado,88.5,2022-12-07T00:00:00.000Z,84.6,94.7,100.8,100.8,99.1
Laniado,88.5,2022-12-07T00:00:00.000Z,85.9,95.6,100.8,100.8,99.2
Laniado,88.5,2022-12-07T00:00:00.000Z,87.2,96.5,100.8,100.8,99.3
Laniado,88.5,2022-12-07T00:00:00.000Z,88.5,97.4,100.8,100.8,99.4
Laniado,88.5,2022-12-07T00:00:00.000Z,88.5,97.4,100.8,100.8,99.4
Hacarmel Hospital,67.9,2022-12-07T00:00:00.000Z,67.3,62.5,88.8,85.9,78.4
Hacarmel Hospital,67.9,2022-12-07T00:00:00.000Z,67.9,66,88.8,88.8,80
Hacarmel Hospital,67.9,2022-12-07T00:00:00.000Z,67.9,66,88.8,88.8,80
Hillel Yaffeh Medical Center,95.9,2022-12-07T00:00:00.000Z,95.6,103.6,88.7,82.3,88.2
Hillel Yaffeh Medical Center,95.9,2022-12-07T00:00:00.000Z,93.2,105.3,88.7,81.6,92
Hillel Yaffeh Medical Center,95.9,2022-12-07T00:00:00.000Z,93.8,108.8,88.7,82.4,95.2
Hillel Yaffeh Medical Center,95.9,2022-12-07T00:00:00.000Z,95.5,107.5,88.7,82.6,94.8
Hillel Yaffeh Medical Center,95.9,2022-12-07T00:00:00.000Z,95.6,107.5,88.7,84.2,94.8
Hillel Yaffeh Medical Center,95.9,2022-12-07T00:00:00.000Z,95.7,107.5,88.7,85.7,94.8
Hillel Yaffeh Medical Center,95.9,2022-12-07T00:00:00.000Z,95.8,107.5,88.7,87.2,94.8
Hillel Yaffeh Medical Center,95.9,2022-12-07T00:00:00.000Z,95.9,,88.7,88.7,
Chaim Sheba Medical Center,98.7,2022-12-07T00:00:00.000Z,97.3,99.1,101.5,101.7,97.3
Chaim Sheba Medical Center,98.7,2022-12-07T00:00:00.000Z,98.1,102.6,101.5,101.2,100.1
Poriah Hospital,84.6,2022-12-07T00:00:00.000Z,88.3,67.6,77.5,77.8,74.9
Poriah Hospital,84.6,2022-12-07T00:00:00.000Z,87.9,69,77.5,77.3,77
Poriah Hospital,84.6,2022-12-07T00:00:00.000Z,86.3,72,77.5,78.2,79.3
Poriah Hospital,84.6,2022-12-07T00:00:00.000Z,87.5,72.3,77.5,77.8,79.2
Poriah Hospital,84.6,2022-12-07T00:00:00.000Z,86.8,75.1,77.5,77.7,78.9
Shmuel Harofe,94.4,2022-12-07T00:00:00.000Z,97.6,41.3,80.4,81.9,82.3
Shmuel Harofe,94.4,2022-12-07T00:00:00.000Z,96.8,53.2,80.4,81.5,83.1
Shmuel Harofe,94.4,2022-12-07T00:00:00.000Z,96,65.1,80.4,81.1,83.8
Shmuel Harofe,94.4,2022-12-07T00:00:00.000Z,95.2,77,80.4,80.7,84.6
Shmuel Harofe,94.4,2022-12-07T00:00:00.000Z,94.4,88.9,80.4,80.4,85.3
Shmuel Harofe,94.4,2022-12-07T00:00:00.000Z,94.4,88.9,80.4,80.4,85.3
Barzilai Medical Center,95.3,2022-12-07T00:00:00.000Z,94.2,85.8,86.6,84.7,80.5
Barzilai Medical Center,95.3,2022-12-07T00:00:00.000Z,94.6,85,86.6,85.4,79.8
Barzilai Medical Center,95.3,2022-12-07T00:00:00.000Z,94.9,84.2,86.6,86,79.2
Barzilai Medical Center,95.3,2022-12-07T00:00:00.000Z,95.3,83.3,86.6,86.6,78.5
Barzilai Medical Center,95.3,2022-12-07T00:00:00.000Z,95.3,83.3,86.6,86.6,78.5
Bnei Ziom Medical Center,92.6,2022-12-07T00:00:00.000Z,81.7,86.7,91.2,82.2,82.5
Bnei Ziom Medical Center,92.6,2022-12-07T00:00:00.000Z,82.5,88.4,91.2,82,85.7
Bnei Ziom Medical Center,92.6,2022-12-07T00:00:00.000Z,81.8,90.3,91.2,83.9,88.6
Bnei Ziom Medical Center,92.6,2022-12-07T00:00:00.000Z,86,90.4,91.2,84,89.5
Bnei Ziom Medical Center,92.6,2022-12-07T00:00:00.000Z,87.6,92.2,91.2,85.8,89.9
Bnei Ziom Medical Center,92.6,2022-12-07T00:00:00.000Z,89.3,94,91.2,87.6,90.3
Bnei Ziom Medical Center,92.6,2022-12-07T00:00:00.000Z,90.9,95.7,91.2,89.4,90.6
Bnei Ziom Medical Center,92.6,2022-12-07T00:00:00.000Z,92.6,97.5,91.2,91.2,91
Bnei Ziom Medical Center,92.6,2022-12-07T00:00:00.000Z,92.6,97.5,91.2,91.2,91
Kaplan Hospital,90.7,2022-12-07T00:00:00.000Z,90,80.4,79.7,79.5,71.9
Kaplan Hospital,90.7,2022-12-07T00:00:00.000Z,88.8,84.9,79.7,78.8,75.3
Kaplan Hospital,90.7,2022-12-07T00:00:00.000Z,87.1,87.8,79.7,79.6,77.6
Kaplan Hospital,90.7,2022-12-07T00:00:00.000Z,89.5,87.1,79.7,79.7,77.1
Kaplan Hospital,90.7,2022-12-07T00:00:00.000Z,89.8,88.2,79.7,79.7,77.3
Kaplan Hospital,90.7,2022-12-07T00:00:00.000Z,90.1,89.2,79.7,79.7,77.4
Kaplan Hospital,90.7,2022-12-07T00:00:00.000Z,90.4,90.3,79.7,79.7,77.6
Kaplan Hospital,90.7,2022-12-07T00:00:00.000Z,90.7,91.3,79.7,79.7,77.7
Kaplan Hospital,90.7,2022-12-07T00:00:00.000Z,90.7,91.3,79.7,79.7,77.7
Assaf Harofeh Medical Center,78,2022-12-07T00:00:00.000Z,84.3,85.3,76.4,71.9,71.6
Assaf Harofeh Medical Center,78,2022-12-07T00:00:00.000Z,82.7,89.1,76.4,72.2,75.2
Assaf Harofeh Medical Center,78,2022-12-07T00:00:00.000Z,80.3,90.6,76.4,73.2,77.9
Assaf Harofeh Medical Center,78,2022-12-07T00:00:00.000Z,80.9,91.3,76.4,72.9,77.9
Assaf Harofeh Medical Center,78,2022-12-07T00:00:00.000Z,80.1,93.2,76.4,73.8,78.3
Assaf Harofeh Medical Center,78,2022-12-07T00:00:00.000Z,79.4,95.1,76.4,74.6,78.7
Assaf Harofeh Medical Center,78,2022-12-07T00:00:00.000Z,78.7,97,76.4,75.5,79.1
Assaf Harofeh Medical Center,78,2022-12-07T00:00:00.000Z,78,98.8,76.4,76.4,79.5
Tel Aviv Medical Center,87.7,2022-12-07T00:00:00.000Z,91.5,86,121.6,116.3,115.6
Tel Aviv Medical Center,87.7,2022-12-07T00:00:00.000Z,90.2,86.7,121.6,115,118.8
Tel Aviv Medical Center,87.7,2022-12-07T00:00:00.000Z,89.1,87,121.6,116.9,122.5
Tel Aviv Medical Center,87.7,2022-12-07T00:00:00.000Z,88,84.9,121.6,115.7,121.3
Meir Hospital,83,2022-12-07T00:00:00.000Z,76.6,80.1,81.4,78.1,77.9
Meir Hospital,83,2022-12-07T00:00:00.000Z,78.3,83.2,81.4,79.3,80.3
Meir Hospital,83,2022-12-07T00:00:00.000Z,79,83.7,81.4,80.5,82.1
Meir Hospital,83,2022-12-07T00:00:00.000Z,81,83.4,81.4,80.8,81.9
Meir Hospital,83,2022-12-07T00:00:00.000Z,81.5,85.1,81.4,81,82.6
Meir Hospital,83,2022-12-07T00:00:00.000Z,82,86.9,81.4,81.1,83.3
Meir Hospital,83,2022-12-07T00:00:00.000Z,82.5,88.7,81.4,81.2,84
Meir Hospital,83,2022-12-07T00:00:00.000Z,83,90.5,81.4,81.4,84.7
Meir Hospital,83,2022-12-07T00:00:00.000Z,83,90.5,81.4,81.4,84.7
Assuta Ashdod,125.4,2022-12-07T00:00:00.000Z,147.5,147.9,130.4,135.5,126.6
Assuta Ashdod,125.4,2022-12-07T00:00:00.000Z,144.3,153.5,130.4,133.8,133.8
Assuta Ashdod,125.4,2022-12-07T00:00:00.000Z,142.6,155,130.4,137.9,140.7
Assuta Ashdod,125.4,2022-12-07T00:00:00.000Z,142.9,147.7,130.4,137.6,138.3
Assuta Ashdod,125.4,2022-12-07T00:00:00.000Z,138.5,147.2,130.4,135.8,140.2
Assuta Ashdod,125.4,2022-12-07T00:00:00.000Z,134.1,146.7,130.4,134,142.2
Assuta Ashdod,125.4,2022-12-07T00:00:00.000Z,129.8,146.2,130.4,132.2,144.1
Assuta Ashdod,125.4,2022-12-07T00:00:00.000Z,125.4,145.8,130.4,130.4,146.1
Assuta Ashdod,125.4,2022-12-07T00:00:00.000Z,125.4,145.8,130.4,130.4,146.1
Rabin K. Hasharon,56.1,2022-12-07T00:00:00.000Z,61.5,57.1,68,60.8,58.7
Rabin K. Hasharon,56.1,2022-12-07T00:00:00.000Z,61.5,57.1,68,61.5,63.4
Rabin K. Hasharon,56.1,2022-12-07T00:00:00.000Z,59.8,56.9,68,63.1,67.3
Rabin K. Hasharon,56.1,2022-12-07T00:00:00.000Z,59.6,56.4,68,63.5,68.2
Rabin K. Hasharon,56.1,2022-12-07T00:00:00.000Z,58.8,56.8,68,64.7,69.2
Rabin K. Hasharon,56.1,2022-12-07T00:00:00.000Z,57.9,57.1,68,65.8,70.2
Rabin K. Hasharon,56.1,2022-12-07T00:00:00.000Z,57,57.5,68,66.9,71.2
Rabin K. Hasharon,56.1,2022-12-07T00:00:00.000Z,56.1,57.9,68,68,72.2
Rabin K. Hasharon,56.1,2022-12-07T00:00:00.000Z,56.1,57.9,68,68,72.2
Hadassah Mount Scopus,111.1,2022-12-07T00:00:00.000Z,83.7,90.5,79.5,73.5,73.3
Hadassah Mount Scopus,111.1,2022-12-07T00:00:00.000Z,88.1,90.5,79.5,73,76.1
Hadassah Mount Scopus,111.1,2022-12-07T00:00:00.000Z,92.5,92.1,79.5,74.2,77.9
Hadassah Mount Scopus,111.1,2022-12-07T00:00:00.000Z,96.8,87.7,79.5,75.9,79
Hadassah Mount Scopus,111.1,2022-12-07T00:00:00.000Z,100.4,84.5,79.5,76.8,79.3
Hadassah Mount Scopus,111.1,2022-12-07T00:00:00.000Z,104,81.3,79.5,77.7,79.6
Hadassah Mount Scopus,111.1,2022-12-07T00:00:00.000Z,107.5,78.2,79.5,78.6,79.9
Hadassah Mount Scopus,111.1,2022-12-07T00:00:00.000Z,111.1,75,79.5,79.5,80.2
Hadassah Mount Scopus,111.1,2022-12-07T00:00:00.000Z,111.1,75,79.5,79.5,80.2
Hacarmel Hospital,67.9,2022-12-07T00:00:00.000Z,61.2,51.8,88.8,72,68
Hacarmel Hospital,67.9,2022-12-07T00:00:00.000Z,62.1,51.8,88.8,73.5,70.8
Hacarmel Hospital,67.9,2022-12-07T00:00:00.000Z,64.2,52.2,88.8,76.1,73.6
Hacarmel Hospital,67.9,2022-12-07T00:00:00.000Z,65.2,52,88.8,77.4,73.5
Hacarmel Hospital,67.9,2022-12-07T00:00:00.000Z,65.9,55.5,88.8,80.3,75.1
Hacarmel Hospital,67.9,2022-12-07T00:00:00.000Z,66.6,59,88.8,83.1,76.7
Rabin K. Beilinson,122,2022-12-07T00:00:00.000Z,112.2,99.8,102.7,96.9,86.7
Rabin K. Beilinson,122,2022-12-07T00:00:00.000Z,114.8,102.5,102.7,99,89.1
Rabin K. Beilinson,122,2022-12-07T00:00:00.000Z,117.2,102.6,102.7,100.8,89.1
Rabin K. Beilinson,122,2022-12-07T00:00:00.000Z,118.4,103.1,102.7,101.3,89.1
Rabin K. Beilinson,122,2022-12-07T00:00:00.000Z,119.6,103.5,102.7,101.8,89.2
Rabin K. Beilinson,122,2022-12-07T00:00:00.000Z,120.8,104,102.7,102.2,89.3
Rabin K. Beilinson,122,2022-12-07T00:00:00.000Z,122,104.4,102.7,102.7,89.4
Rabin K. Beilinson,122,2022-12-07T00:00:00.000Z,122,104.4,102.7,102.7,89.4
Hillel Yaffeh Medical Center,95.9,2022-12-07T00:00:00.000Z,95.9,,88.7,88.7,
Chaim Sheba Medical Center,98.7,2022-12-07T00:00:00.000Z,97.4,104.9,101.5,101,102.8
Chaim Sheba Medical Center,98.7,2022-12-07T00:00:00.000Z,95.4,104,101.5,100.4,103.5
Chaim Sheba Medical Center,98.7,2022-12-07T00:00:00.000Z,96.2,102.7,101.5,100.6,104.4
Chaim Sheba Medical Center,98.7,2022-12-07T00:00:00.000Z,97.1,101.4,101.5,100.9,105.4
Chaim Sheba Medical Center,98.7,2022-12-07T00:00:00.000Z,97.9,100.1,101.5,101.2,106.4
Chaim Sheba Medical Center,98.7,2022-12-07T00:00:00.000Z,98.7,98.7,101.5,101.5,107.3
Chaim Sheba Medical Center,98.7,2022-12-07T00:00:00.000Z,98.7,98.7,101.5,101.5,107.3
Haemek Valley Center Hospital,89.7,2022-12-07T00:00:00.000Z,95.4,93.8,75.6,73.7,75.2
Haemek Valley Center Hospital,89.7,2022-12-07T00:00:00.000Z,93,97.1,75.6,73.5,77.6
Haemek Valley Center Hospital,89.7,2022-12-07T00:00:00.000Z,90.2,99.4,75.6,73.2,78.6
Haemek Valley Center Hospital,89.7,2022-12-07T00:00:00.000Z,91.5,99.8,75.6,73.2,77.6
Haemek Valley Center Hospital,89.7,2022-12-07T00:00:00.000Z,91.1,101.5,75.6,73.8,77.9
Haemek Valley Center Hospital,89.7,2022-12-07T00:00:00.000Z,90.6,103.1,75.6,74.4,78.3
Haemek Valley Center Hospital,89.7,2022-12-07T00:00:00.000Z,90.1,104.8,75.6,75,78.6
Haemek Valley Center Hospital,89.7,2022-12-07T00:00:00.000Z,89.7,106.5,75.6,75.6,79
Haemek Valley Center Hospital,89.7,2022-12-07T00:00:00.000Z,89.7,106.5,75.6,75.6,79
Poriah Hospital,84.6,2022-12-07T00:00:00.000Z,86.1,77.8,77.5,77.6,78.6
Poriah Hospital,84.6,2022-12-07T00:00:00.000Z,85.3,80.6,77.5,77.5,78.3
Poriah Hospital,84.6,2022-12-07T00:00:00.000Z,84.6,83.3,77.5,77.5,78
Poriah Hospital,84.6,2022-12-07T00:00:00.000Z,84.6,83.3,77.5,77.5,78
Hadassah Ein Kerem,135.9,2022-12-07T00:00:00.000Z,111,120.7,98.4,88.9,89.2
Hadassah Ein Kerem,135.9,2022-12-07T00:00:00.000Z,112.8,123.2,98.4,90.1,91.3
Hadassah Ein Kerem,135.9,2022-12-07T00:00:00.000Z,116.9,123,98.4,92.6,93.3
Hadassah Ein Kerem,135.9,2022-12-07T00:00:00.000Z,122.1,123.9,98.4,94,93.2
Hadassah Ein Kerem,135.9,2022-12-07T00:00:00.000Z,125.5,123.7,98.4,95.1,93.2
Hadassah Ein Kerem,135.9,2022-12-07T00:00:00.000Z,129,123.6,98.4,96.2,93.3
Hadassah Ein Kerem,135.9,2022-12-07T00:00:00.000Z,132.5,123.4,98.4,97.3,93.3
Hadassah Ein Kerem,135.9,2022-12-07T00:00:00.000Z,135.9,123.3,98.4,98.4,93.4
Hadassah Ein Kerem,135.9,2022-12-07T00:00:00.000Z,135.9,123.3,98.4,98.4,93.4
Barzilai Medical Center,95.3,2022-12-07T00:00:00.000Z,89.9,82.1,86.6,81,73.2
Barzilai Medical Center,95.3,2022-12-07T00:00:00.000Z,89.8,85.4,86.6,82,78.5
Barzilai Medical Center,95.3,2022-12-07T00:00:00.000Z,90,87.8,86.6,83.8,83.3
Barzilai Medical Center,95.3,2022-12-07T00:00:00.000Z,93.8,86.6,86.6,84.1,81.2
Soroka Medical Center,76.4,2022-12-07T00:00:00.000Z,74.8,67,80.3,76,72.9
Soroka Medical Center,76.4,2022-12-07T00:00:00.000Z,73.6,69.4,80.3,76.4,75.7
Soroka Medical Center,76.4,2022-12-07T00:00:00.000Z,73.4,70,80.3,77.3,78.1
Soroka Medical Center,76.4,2022-12-07T00:00:00.000Z,73.7,69.3,80.3,77.6,78.2
Soroka Medical Center,76.4,2022-12-07T00:00:00.000Z,74.4,68.7,80.3,78.3,77.8
Soroka Medical Center,76.4,2022-12-07T00:00:00.000Z,75,68.2,80.3,78.9,77.5
Soroka Medical Center,76.4,2022-12-07T00:00:00.000Z,75.7,67.6,80.3,79.6,77.2
Soroka Medical Center,76.4,2022-12-07T00:00:00.000Z,76.4,67.1,80.3,80.3,76.8
Soroka Medical Center,76.4,2022-12-07T00:00:00.000Z,76.4,67.1,80.3,80.3,76.8
Assaf Harofeh Medical Center,78,2022-12-07T00:00:00.000Z,78,98.8,76.4,76.4,79.5
Woolfson Medical Center,74.6,2022-12-07T00:00:00.000Z,77.8,75.3,74.4,75.3,72.6
Woolfson Medical Center,74.6,2022-12-07T00:00:00.000Z,77.2,78.6,74.4,75.6,75.7
Woolfson Medical Center,74.6,2022-12-07T00:00:00.000Z,76.7,81.9,74.4,76,79.1
Woolfson Medical Center,74.6,2022-12-07T00:00:00.000Z,73.4,83,74.4,74.5,80
Woolfson Medical Center,74.6,2022-12-07T00:00:00.000Z,73.7,85,74.4,74.5,80.3
Woolfson Medical Center,74.6,2022-12-07T00:00:00.000Z,74,87,74.4,74.5,80.5
Woolfson Medical Center,74.6,2022-12-07T00:00:00.000Z,74.3,89,74.4,74.4,80.7
Woolfson Medical Center,74.6,2022-12-07T00:00:00.000Z,74.6,91,74.4,74.4,81
Woolfson Medical Center,74.6,2022-12-07T00:00:00.000Z,74.6,91,74.4,74.4,81
Tel Aviv Medical Center,87.7,2022-12-07T00:00:00.000Z,88,84.8,121.6,117.2,121.3
Tel Aviv Medical Center,87.7,2022-12-07T00:00:00.000Z,87.9,84.8,121.6,118.7,121.4
Tel Aviv Medical Center,87.7,2022-12-07T00:00:00.000Z,87.8,84.7,121.6,120.1,121.4
Tel Aviv Medical Center,87.7,2022-12-07T00:00:00.000Z,87.7,84.7,121.6,121.6,121.4
Tel Aviv Medical Center,87.7,2022-12-07T00:00:00.000Z,87.7,84.7,121.6,121.6,121.4
All Facilities,92.1,2022-12-07T00:00:00.000Z,89.2,82,89.7,83.4,78.5
Yosephtal Hospital,62.5,2022-12-07T00:00:00.000Z,83.9,79.5,60,50.5,56
Yosephtal Hospital,62.5,2022-12-07T00:00:00.000Z,83,76.8,60,52.1,58.5
Yosephtal Hospital,62.5,2022-12-07T00:00:00.000Z,80.4,76.8,60,54.7,59.8
Yosephtal Hospital,62.5,2022-12-07T00:00:00.000Z,80.4,77.7,60,54.7,59.8
Yosephtal Hospital,62.5,2022-12-07T00:00:00.000Z,75.9,72.3,60,56,60.2
Yosephtal Hospital,62.5,2022-12-07T00:00:00.000Z,71.4,67,60,57.4,60.7
Rambam,95.5,2022-12-07T00:00:00.000Z,95.5,97.3,98.6,91.7,91.7
Rambam,95.5,2022-12-07T00:00:00.000Z,94.5,98.3,98.6,92.4,93.6
Ziv Hospital,82.8,2022-12-07T00:00:00.000Z,85.5,97.5,81,77.2,75.4
Ziv Hospital,82.8,2022-12-07T00:00:00.000Z,81.7,101.6,81,77.3,79.4
Ziv Hospital,82.8,2022-12-07T00:00:00.000Z,80.1,103.8,81,78.7,82.8
Rambam,95.5,2022-12-07T00:00:00.000Z,93.3,98.8,98.6,94.4,95.4
Rambam,95.5,2022-12-07T00:00:00.000Z,96.3,97.7,98.6,95.1,94.7
Rambam,95.5,2022-12-07T00:00:00.000Z,96.1,97.3,98.6,96,94.4
Shmuel Harofe,94.4,2022-12-07T00:00:00.000Z,94.4,40.9,80.4,81.3,81.3
Shmuel Harofe,94.4,2022-12-07T00:00:00.000Z,95.6,42.1,80.4,81.5,81.8
Shmuel Harofe,94.4,2022-12-07T00:00:00.000Z,96.4,41.3,80.4,81.7,81.9
Yosephtal Hospital,100,2023-01-13T00:00:00.000Z,62.5,56.3,60,60,61.5
Ziv Hospital,90.3,2023-01-13T00:00:00.000Z,82.8,114.1,62.9,81,90.2
Nahariya,110.4,2023-01-13T00:00:00.000Z,108.9,106.3,79.7,97.5,92.5
Rambam,95.5,2023-01-13T00:00:00.000Z,95.5,96,83.5,98.6,93.6
Laniado,75.6,2023-01-13T00:00:00.000Z,88.5,97.4,75.3,100.8,99.4
Rabin K. Beilinson,111,2023-01-13T00:00:00.000Z,122,104.4,85.2,102.7,89.4
Hacarmel Hospital,56.6,2023-01-13T00:00:00.000Z,67.9,66,72.2,88.8,80
Shmuel Harofe,97.2,2023-01-13T00:00:00.000Z,94.4,88.9,84.5,80.4,85.3
Shaare Zedek,113.3,2023-01-13T00:00:00.000Z,102.6,98.9,88.9,95.8,92.3
Barzilai Medical Center,77.6,2023-01-13T00:00:00.000Z,95.3,83.3,74.8,86.6,78.5
Bnei Ziom Medical Center,100.8,2023-01-13T00:00:00.000Z,92.6,97.5,71.4,91.2,91
Kaplan Hospital,96,2023-01-13T00:00:00.000Z,90.7,91.3,69,79.7,77.7
Meir Hospital,75.5,2023-01-13T00:00:00.000Z,83,90.5,69.3,81.4,84.7
Assuta Ashdod,115,2023-01-13T00:00:00.000Z,125.4,145.8,110.8,130.4,146.1
Rabin K. Hasharon,73.7,2023-01-13T00:00:00.000Z,56.1,57.9,54.8,68,72.2
Hadassah Mount Scopus,83.3,2023-01-13T00:00:00.000Z,111.1,75,74.8,79.5,80.2
Hillel Yaffeh Medical Center,102.7,2023-01-13T00:00:00.000Z,95.9,,78,88.7,
Chaim Sheba Medical Center,101.2,2023-01-13T00:00:00.000Z,98.7,98.7,98,101.5,107.3
Haemek Valley Center Hospital,92.3,2023-01-13T00:00:00.000Z,89.7,106.5,59.8,75.6,79
Poriah Hospital,82.1,2023-01-13T00:00:00.000Z,84.6,83.3,73.1,77.5,78
Hadassah Ein Kerem,121.4,2023-01-13T00:00:00.000Z,135.9,123.3,84.4,98.4,93.4
Soroka Medical Center,80.6,2023-01-13T00:00:00.000Z,76.4,67.1,73.4,80.3,76.8
Assaf Harofeh Medical Center,94.6,2023-01-13T00:00:00.000Z,78,98.8,64.9,76.4,79.5
Woolfson Medical Center,78.7,2023-01-13T00:00:00.000Z,74.6,91,71,74.4,81
Tel Aviv Medical Center,92.3,2023-01-13T00:00:00.000Z,87.7,84.7,102.2,121.6,121.4
All Facilities,93.7,2023-01-13T00:00:00.000Z,90.4,83.8,78.6,84.3,79.7
Yosephtal Hospital,93.8,2023-01-14T00:00:00.000Z,67.9,71.4,58.5,60,64.6
Ziv Hospital,94.4,2023-01-14T00:00:00.000Z,83.9,108.7,75,78.4,87.3
Rambam,101,2023-01-14T00:00:00.000Z,95.5,93.7,87,96.4,92.9
Rabin K. Beilinson,122.5,2023-01-14T00:00:00.000Z,120.5,100.7,94.8,100.2,89.2
Hacarmel Hospital,59.4,2023-01-14T00:00:00.000Z,66.3,63.9,68.9,86.4,79.7
Shmuel Harofe,100,2023-01-14T00:00:00.000Z,94.8,77,85.3,80.9,85.4
Barzilai Medical Center,85.9,2023-01-14T00:00:00.000Z,92.8,80.5,77.9,84.9,78.6
Bnei Ziom Medical Center,105,2023-01-14T00:00:00.000Z,93.7,95.6,79.3,88.4,90.3
Kaplan Hospital,108,2023-01-14T00:00:00.000Z,91.4,86.8,75.7,78.2,77.7
Meir Hospital,82,2023-01-14T00:00:00.000Z,81.9,87.8,73.3,79.6,85
Assuta Ashdod,100,2023-01-14T00:00:00.000Z,123.9,145.5,101,127.6,144.3
Rabin K. Hasharon,84.2,2023-01-14T00:00:00.000Z,58.6,57.3,65.6,66.2,70.9
Hadassah Mount Scopus,91.7,2023-01-14T00:00:00.000Z,107.1,72.2,75.5,78.8,78.9
Laniado,92.3,2023-01-14T00:00:00.000Z,86.6,96.7,85.8,97.2,102.3
Hillel Yaffeh Medical Center,115.8,2023-01-14T00:00:00.000Z,96.9,82.2,87.8,87.2,84.7
Chaim Sheba Medical Center,116.1,2023-01-14T00:00:00.000Z,99.1,96.8,102.2,101,105.6
Haemek Valley Center Hospital,97.4,2023-01-14T00:00:00.000Z,90,102.4,67.3,73.3,77.3
Poriah Hospital,84.6,2023-01-14T00:00:00.000Z,84.2,80,75.8,76.8,76.9
Hadassah Ein Kerem,135,2023-01-14T00:00:00.000Z,133.8,119.6,89.9,96.4,91.9
Shaare Zedek,117.3,2023-01-14T00:00:00.000Z,103.9,95.2,91,93.7,92.4
Soroka Medical Center,97.3,2023-01-14T00:00:00.000Z,77,65.2,81,79.3,76
Assaf Harofeh Medical Center,97.3,2023-01-14T00:00:00.000Z,80.4,96.6,69.8,74.7,79
Woolfson Medical Center,84,2023-01-14T00:00:00.000Z,75.2,86.8,72.2,73.9,79.5
Tel Aviv Medical Center,92.9,2023-01-14T00:00:00.000Z,88.3,82.7,100.4,118.8,122.1
All Facilities,101.1,2023-01-14T00:00:00.000Z,91.8,84,82.9,84.8,81.2
Nahariya,119.9,2023-01-14T00:00:00.000Z,109.2,104.5,87.3,95,91.7
Yosephtal Hospital,75,2023-01-15T00:00:00.000Z,72.3,86.6,52.3,59.8,69
Ziv Hospital,94.4,2023-01-15T00:00:00.000Z,85.5,102.5,85.4,77.5,83
Rambam,96,2023-01-15T00:00:00.000Z,96.2,92.4,95.8,94.8,91.1
Rabin K. Beilinson,122.9,2023-01-15T00:00:00.000Z,120.5,96.8,98.1,99.1,88
Hacarmel Hospital,67.9,2023-01-15T00:00:00.000Z,65.1,62.1,84.3,83.6,79
Shmuel Harofe,100,2023-01-15T00:00:00.000Z,95.6,65.1,85,81.7,85
Barzilai Medical Center,99,2023-01-15T00:00:00.000Z,91.4,78.5,88.5,83.7,77.7
Rabin K. Hasharon,88.6,2023-01-15T00:00:00.000Z,62.7,56.1,79.7,65.8,67
Bnei Ziom Medical Center,96.7,2023-01-15T00:00:00.000Z,95.5,92.8,86.1,86.7,87.2
Kaplan Hospital,108,2023-01-15T00:00:00.000Z,93.9,82.4,83.5,77.6,77.3
Hadassah Mount Scopus,86.1,2023-01-15T00:00:00.000Z,104.4,70.6,73.8,78.3,76.4
Meir Hospital,90,2023-01-15T00:00:00.000Z,81.8,85.4,79.8,78.5,84.6
Assuta Ashdod,117.5,2023-01-15T00:00:00.000Z,120.3,142.6,126.8,123.4,139.5
Laniado,103.8,2023-01-15T00:00:00.000Z,87.2,94,104.4,95,101.6
Hillel Yaffeh Medical Center,95.9,2023-01-15T00:00:00.000Z,99.7,84.2,85.4,87.1,82.5
Chaim Sheba Medical Center,110.5,2023-01-15T00:00:00.000Z,101.6,95.1,105.9,101.1,103.1
Haemek Valley Center Hospital,91.6,2023-01-15T00:00:00.000Z,91.2,98.1,69.3,72.1,74.7
Poriah Hospital,89.7,2023-01-15T00:00:00.000Z,84.2,76.4,78.5,76.6,75
Hadassah Ein Kerem,120.4,2023-01-15T00:00:00.000Z,133.7,117.2,94.6,95.2,89.6
Shaare Zedek,115.3,2023-01-15T00:00:00.000Z,106.7,91.8,106.8,93.5,91.2
Soroka Medical Center,103.1,2023-01-15T00:00:00.000Z,80,62.8,82.9,79.4,74.6
Assaf Harofeh Medical Center,95.4,2023-01-15T00:00:00.000Z,83.1,93.7,78.5,73.8,77.4
Woolfson Medical Center,80.3,2023-01-15T00:00:00.000Z,76.5,82.7,78.1,73.6,77.4
Tel Aviv Medical Center,96.8,2023-01-15T00:00:00.000Z,89.1,80.6,119.4,115.8,119.8
All Facilities,100.6,2023-01-15T00:00:00.000Z,93.1,84.5,90.2,85.1,82.7
Nahariya,108.5,2023-01-15T00:00:00.000Z,110.7,103.7,90.7,93.5,90.6
Yosephtal Hospital,68.8,2023-01-16T00:00:00.000Z,74.1,105.4,58.5,58.7,74.1
Ziv Hospital,94.4,2023-01-16T00:00:00.000Z,87.2,99.1,79.4,78.2,80.4
Rambam,98,2023-01-16T00:00:00.000Z,96.3,91.7,94.3,94.4,89.8
Rabin K. Beilinson,121.6,2023-01-16T00:00:00.000Z,120.6,94,99.6,98.4,87.7
Shmuel Harofe,100,2023-01-16T00:00:00.000Z,96.4,53.2,85,82.3,84.6
Barzilai Medical Center,103.1,2023-01-16T00:00:00.000Z,92,78,91.4,83.9,77.5
Rabin K. Hasharon,85.1,2023-01-16T00:00:00.000Z,67.3,54.6,79.3,67.5,64.1
Bnei Ziom Medical Center,106.6,2023-01-16T00:00:00.000Z,96.1,90.8,94.3,86,85.6
Kaplan Hospital,102,2023-01-16T00:00:00.000Z,96.4,78.7,86.1,78.1,77.7
Hadassah Mount Scopus,83.3,2023-01-16T00:00:00.000Z,100.8,70.2,75.9,77.5,74.1
Meir Hospital,91,2023-01-16T00:00:00.000Z,82.8,83.1,81,78.3,85.6
Assuta Ashdod,113.8,2023-01-16T00:00:00.000Z,119.2,139.2,134.7,122.9,134.1
Hacarmel Hospital,67.9,2023-01-16T00:00:00.000Z,65.1,60.6,91,82.9,78.8
Laniado,97.4,2023-01-16T00:00:00.000Z,89.4,93.6,109.3,95.5,102.3
Hillel Yaffeh Medical Center,100,2023-01-16T00:00:00.000Z,99.7,86.8,88.4,86.6,83.2
Chaim Sheba Medical Center,106.9,2023-01-16T00:00:00.000Z,103.3,94.4,106.9,101.7,101.3
Haemek Valley Center Hospital,98.7,2023-01-16T00:00:00.000Z,91.4,94,73.7,71.2,73.2
Poriah Hospital,97.4,2023-01-16T00:00:00.000Z,85,73.8,82.3,76.8,73.1
Hadassah Ein Kerem,132,2023-01-16T00:00:00.000Z,131.5,115,98.5,94.7,87.8
Shaare Zedek,118,2023-01-16T00:00:00.000Z,108.4,89.2,106.8,96.5,91.7
Soroka Medical Center,96.9,2023-01-16T00:00:00.000Z,83.8,61.2,83,79.8,73.6
Assaf Harofeh Medical Center,95,2023-01-16T00:00:00.000Z,85.6,91.2,81.1,74.1,76.3
Woolfson Medical Center,82.4,2023-01-16T00:00:00.000Z,77.3,79.3,78.5,74.1,76
Tel Aviv Medical Center,93.6,2023-01-16T00:00:00.000Z,90.4,79.1,119.6,115.5,119.1
All Facilities,100.4,2023-01-16T00:00:00.000Z,93.8,84.8,91.8,85.3,84.5
Nahariya,102,2023-01-16T00:00:00.000Z,110.7,105.1,89.4,92.5,90.4
Yosephtal Hospital,62.5,2023-01-17T00:00:00.000Z,75,125.9,55.4,58.5,80
Ziv Hospital,98.6,2023-01-17T00:00:00.000Z,88.9,98,85.2,78,79.5
Rambam,103.5,2023-01-17T00:00:00.000Z,96.7,89.2,93.5,93.8,88.9
Rabin K. Beilinson,122,2023-01-17T00:00:00.000Z,120.6,89.9,98,98,88
Shmuel Harofe,100,2023-01-17T00:00:00.000Z,97.2,41.3,85,83,84
Barzilai Medical Center,106.8,2023-01-17T00:00:00.000Z,93.1,76.6,83.6,84.6,77.9
Rabin K. Hasharon,80.7,2023-01-17T00:00:00.000Z,71.4,53,78.4,69.1,62
Bnei Ziom Medical Center,96.7,2023-01-17T00:00:00.000Z,98.1,87.7,89.4,86.4,84.1
Kaplan Hospital,110,2023-01-17T00:00:00.000Z,98,74.5,96.4,79,79.1
Hadassah Mount Scopus,97.2,2023-01-17T00:00:00.000Z,96.8,65.1,84.5,76.9,71.7
Meir Hospital,82.5,2023-01-17T00:00:00.000Z,83.9,80.3,80.1,78.2,87.1
Assuta Ashdod,117.5,2023-01-17T00:00:00.000Z,117.5,135.4,142.4,123.5,130.6
Hacarmel Hospital,63.2,2023-01-17T00:00:00.000Z,65.1,59.6,89.2,83.2,79.6
Laniado,98.7,2023-01-17T00:00:00.000Z,90.7,92.5,106.8,96.8,104.6
Hillel Yaffeh Medical Center,104.8,2023-01-17T00:00:00.000Z,100.3,88.2,85.6,86.5,85.5
Chaim Sheba Medical Center,100,2023-01-17T00:00:00.000Z,104.4,92.7,106.9,102.5,99.8
Haemek Valley Center Hospital,98.1,2023-01-17T00:00:00.000Z,92.7,90.9,74,71,72.2
Poriah Hospital,97.4,2023-01-17T00:00:00.000Z,86.8,70.7,82.5,77.4,72.2
Hadassah Ein Kerem,123.3,2023-01-17T00:00:00.000Z,130.9,111.1,95.9,94.7,86.7
Shaare Zedek,110.7,2023-01-17T00:00:00.000Z,109.7,86.3,109.3,98.8,96.2
Soroka Medical Center,93,2023-01-17T00:00:00.000Z,86.7,60,80.2,80.2,73.2
Assaf Harofeh Medical Center,97.7,2023-01-17T00:00:00.000Z,88,88.1,79.3,74.8,76
Woolfson Medical Center,77.9,2023-01-17T00:00:00.000Z,78.5,75.8,78,74.7,75.6
All Facilities,100.3,2023-01-17T00:00:00.000Z,94.4,83.8,89.5,86.7,86.8
Nahariya,109,2023-01-17T00:00:00.000Z,109.7,104,92.4,91.4,90
Yosephtal Hospital,75,2023-01-18T00:00:00.000Z,75,148.2,63.1,57.8,88.1
Ziv Hospital,79.2,2023-01-18T00:00:00.000Z,91.1,94.9,78.8,78.6,78.5
Rambam,104,2023-01-18T00:00:00.000Z,97.8,86.8,93,93,88.1
Rabin K. Beilinson,116.3,2023-01-18T00:00:00.000Z,120.6,85.3,96.3,97.3,88.6
Shmuel Harofe,108.3,2023-01-18T00:00:00.000Z,98,29.4,86.2,83.7,83.4
Barzilai Medical Center,104.2,2023-01-18T00:00:00.000Z,94.7,75.7,79,84.2,78.4
Rabin K. Hasharon,80.7,2023-01-18T00:00:00.000Z,74.9,51,77.6,70.5,60
Bnei Ziom Medical Center,98.3,2023-01-18T00:00:00.000Z,98.7,83.8,87,86.1,82.1
Kaplan Hospital,106,2023-01-18T00:00:00.000Z,100.8,70.1,93.5,81.4,80.8
Hadassah Mount Scopus,91.7,2023-01-18T00:00:00.000Z,94.8,61.5,79.7,77.6,70.5
Meir Hospital,90,2023-01-18T00:00:00.000Z,83.9,77.6,83.5,78,88.1
Assuta Ashdod,120,2023-01-18T00:00:00.000Z,116.4,131.7,140.1,125.2,128.3
Hacarmel Hospital,63.2,2023-01-18T00:00:00.000Z,64.4,58,83.6,83.3,80
Laniado,73.1,2023-01-18T00:00:00.000Z,92.1,89.6,101.6,97.6,105.7
Hillel Yaffeh Medical Center,100,2023-01-18T00:00:00.000Z,101.6,85.1,83.9,86.1,85.4
Chaim Sheba Medical Center,108.9,2023-01-18T00:00:00.000Z,104.6,90.9,106.7,103.2,98.3
Haemek Valley Center Hospital,106.5,2023-01-18T00:00:00.000Z,93.9,86.9,72,70.7,70.8
Hadassah Ein Kerem,117.5,2023-01-18T00:00:00.000Z,129.1,108,91.6,94.3,85.9
Shaare Zedek,110.7,2023-01-18T00:00:00.000Z,110.2,82.5,111.8,100,99.5
Poriah Hospital,94.9,2023-01-18T00:00:00.000Z,88.6,67.9,78.2,78.2,71.6
Soroka Medical Center,90.7,2023-01-18T00:00:00.000Z,89.1,58.2,82.8,80.2,72.6
Assaf Harofeh Medical Center,92.3,2023-01-18T00:00:00.000Z,90.8,85.2,75.1,75.2,75.5
Woolfson Medical Center,66,2023-01-18T00:00:00.000Z,78.9,70.9,73.3,75.2,75
All Facilities,98,2023-01-18T00:00:00.000Z,96.9,80.4,87.8,86.8,86.5
Nahariya,102.5,2023-01-18T00:00:00.000Z,109.7,101.7,87.5,90.6,88.9
Yosephtal Hospital,68.8,2023-01-19T00:00:00.000Z,76.8,167,55.4,58.2,93.8
Ziv Hospital,84.7,2023-01-19T00:00:00.000Z,90.6,93.3,74.7,78.2,77.5
Rambam,105.1,2023-01-19T00:00:00.000Z,99.1,84.2,90.9,92.3,86.4
Barzilai Medical Center,109.9,2023-01-19T00:00:00.000Z,96,74.6,81,83.1,79
Rabin K. Hasharon,68.4,2023-01-19T00:00:00.000Z,78.4,48.7,67.2,71.9,57.7
Bnei Ziom Medical Center,99.2,2023-01-19T00:00:00.000Z,99.5,80.3,88.1,85.5,81.1
Hadassah Mount Scopus,88.9,2023-01-19T00:00:00.000Z,92.1,57.1,81,77.7,69.1
Woolfson Medical Center,69.7,2023-01-19T00:00:00.000Z,77.7,66.7,71.2,75.1,74.8
Assuta Ashdod,102.5,2023-01-19T00:00:00.000Z,115.6,124.5,105.7,126.6,121.4
Laniado,73.1,2023-01-19T00:00:00.000Z,89.9,86.6,84.1,97.7,107.9
Hillel Yaffeh Medical Center,105.5,2023-01-19T00:00:00.000Z,102.2,83.7,85.4,85.4,85.3
Chaim Sheba Medical Center,108.1,2023-01-19T00:00:00.000Z,106,89.7,107.8,104,97.6
Hadassah Ein Kerem,127.2,2023-01-19T00:00:00.000Z,126.5,104.3,98.1,93.3,84.9
Shaare Zedek,118,2023-01-19T00:00:00.000Z,109.6,78.4,107.3,103,103
Poriah Hospital,91,2023-01-19T00:00:00.000Z,90.1,63.2,77.2,78.3,70.6
Soroka Medical Center,93,2023-01-19T00:00:00.000Z,91.1,56.9,87.9,80.5,72.3
Assaf Harofeh Medical Center,95.8,2023-01-19T00:00:00.000Z,92.9,81.9,73.9,75,74.8
All Facilities,98.2,2023-01-19T00:00:00.000Z,98,78.2,89.6,87.2,86.5
Nahariya,113.4,2023-01-19T00:00:00.000Z,108.7,98.4,93.1,89.2,87.6
