Day_Date,vaccinated,vaccinated_cum,vaccinated_population_perc,vaccinated_seconde_dose,vaccinated_seconde_dose_cum,vaccinated_seconde_dose_population_perc
2020-12-19T00:00:00.000Z,43,61,0,0,0,0
2020-12-20T00:00:00.000Z,7372,7433,0.08,0,0,0
2020-12-21T00:00:00.000Z,24872,32305,0.35,0,0,0
2020-12-22T00:00:00.000Z,44612,76917,0.83,0,0,0
2020-12-23T00:00:00.000Z,62817,139734,1.5,0,0,0
2020-12-24T00:00:00.000Z,73296,213030,2.29,0,0,0
2020-12-25T00:00:00.000Z,38437,251467,2.7,0,0,0
2020-12-26T00:00:00.000Z,32552,284019,3.05,0,0,0
2020-12-27T00:00:00.000Z,104285,388304,4.18,0,0,0
2020-12-28T00:00:00.000Z,134708,523012,5.62,0,0,0
2020-12-29T00:00:00.000Z,155815,678827,7.3,0,0,0
2020-12-30T00:00:00.000Z,152585,831412,8.94,0,0,0
2020-12-31T00:00:00.000Z,158001,989413,10.64,0,0,0
2021-01-01T00:00:00.000Z,71162,1060575,11.4,0,0,0
2021-01-02T00:00:00.000Z,71555,1132130,12.17,0,0,0
2021-01-03T00:00:00.000Z,149257,1281387,13.78,0,0,0
2021-01-04T00:00:00.000Z,151696,1433083,15.41,2,2,0
2021-01-05T00:00:00.000Z,124699,1557782,16.75,0,2,0
2021-01-06T00:00:00.000Z,102906,1660688,17.86,0,2,0
2021-01-07T00:00:00.000Z,115638,1776326,19.1,3,5,0
2021-01-08T00:00:00.000Z,66205,1842531,19.81,3,8,0
2021-01-09T00:00:00.000Z,44407,1886938,20.29,22,30,0
2021-01-10T00:00:00.000Z,37481,1924419,20.69,5986,6016,0.06
2021-01-11T00:00:00.000Z,20981,1945400,20.92,19225,25241,0.27
2021-01-12T00:00:00.000Z,23829,1969229,21.18,35629,60870,0.65
2021-01-13T00:00:00.000Z,51825,2021054,21.73,56799,117669,1.27
2021-01-14T00:00:00.000Z,56213,2077267,22.34,68721,186390,2
2021-01-15T00:00:00.000Z,30554,2107821,22.67,35866,222256,2.39
2021-01-16T00:00:00.000Z,29322,2137143,22.98,25959,248215,2.67
2021-01-17T00:00:00.000Z,68211,2205354,23.72,84400,332615,3.58
2021-01-18T00:00:00.000Z,69488,2274842,24.46,120155,452770,4.87
2021-01-19T00:00:00.000Z,72552,2347394,25.24,137452,590222,6.35
2021-01-20T00:00:00.000Z,76505,2423899,26.07,143328,733550,7.89
2021-01-21T00:00:00.000Z,69564,2493463,26.81,163839,897389,9.65
2021-01-22T00:00:00.000Z,37698,2531161,27.22,70880,968269,10.41
2021-01-23T00:00:00.000Z,39830,2570991,27.65,53450,1021719,10.99
2021-01-24T00:00:00.000Z,68911,2639902,28.39,140276,1161995,12.5
2021-01-25T00:00:00.000Z,80700,2720602,29.26,139107,1301102,13.99
2021-01-26T00:00:00.000Z,78466,2799068,30.1,125992,1427094,15.35
2021-01-27T00:00:00.000Z,77665,2876733,30.94,124646,1551740,16.69
2021-01-28T00:00:00.000Z,79368,2956101,31.79,130227,1681967,18.09
2021-01-29T00:00:00.000Z,36505,2992606,32.18,64584,1746551,18.78
2021-01-30T00:00:00.000Z,34271,3026877,32.55,42647,1789198,19.24
2021-01-31T00:00:00.000Z,73119,3099996,33.34,59309,1848507,19.88
2021-02-01T00:00:00.000Z,82191,3182187,34.22,35195,1883702,20.26
2021-02-02T00:00:00.000Z,69802,3251989,34.97,30903,1914605,20.59
2021-02-03T00:00:00.000Z,60030,3312019,35.62,51228,1965833,21.14
2021-02-04T00:00:00.000Z,72345,3384364,36.39,57878,2023711,21.76
2021-02-05T00:00:00.000Z,33758,3418122,36.76,28636,2052347,22.07
2021-02-06T00:00:00.000Z,21519,3439641,36.99,22128,2074475,22.31
2021-02-07T00:00:00.000Z,53907,3493548,37.57,68498,2142973,23.04
2021-02-08T00:00:00.000Z,58442,3551990,38.2,65166,2208139,23.75
2021-02-09T00:00:00.000Z,66045,3618035,38.91,67230,2275369,24.47
2021-02-10T00:00:00.000Z,70259,3688294,39.66,71902,2347271,25.24
2021-02-11T00:00:00.000Z,80813,3769107,40.53,71482,2418753,26.01
2021-02-12T00:00:00.000Z,38912,3808019,40.95,37394,2456147,26.41
2021-02-13T00:00:00.000Z,27367,3835386,41.24,30332,2486479,26.74
2021-02-14T00:00:00.000Z,74642,3910028,42.05,68821,2555300,27.48
2021-02-15T00:00:00.000Z,81270,3991298,42.92,75424,2630724,28.29
2021-02-16T00:00:00.000Z,83273,4074571,43.82,77993,2708717,29.13
2021-02-17T00:00:00.000Z,61757,4136328,44.48,75272,2783989,29.94
2021-02-18T00:00:00.000Z,68949,4205277,45.22,79431,2863420,30.79
2021-02-19T00:00:00.000Z,39543,4244820,45.65,37966,2901386,31.2
2021-02-20T00:00:00.000Z,31568,4276388,45.99,28628,2930014,31.51
2021-02-21T00:00:00.000Z,79271,4355659,46.84,78265,3008279,32.35
2021-02-22T00:00:00.000Z,84841,4440500,47.75,80254,3088533,33.21
2021-02-23T00:00:00.000Z,77159,4517659,48.58,70137,3158670,33.97
2021-02-24T00:00:00.000Z,60844,4578503,49.23,62781,3221451,34.64
2021-02-25T00:00:00.000Z,51477,4629980,49.79,64483,3285934,35.34
2021-02-26T00:00:00.000Z,25726,4655706,50.07,31858,3317792,35.68
2021-02-27T00:00:00.000Z,18250,4673956,50.26,21106,3338898,35.9
2021-02-28T00:00:00.000Z,40297,4714253,50.69,55628,3394526,36.5
2021-03-01T00:00:00.000Z,45521,4759774,51.18,61214,3455740,37.16
2021-03-02T00:00:00.000Z,41008,4800782,51.63,64428,3520168,37.85
2021-03-03T00:00:00.000Z,41996,4842778,52.08,66458,3586626,38.57
2021-03-04T00:00:00.000Z,39509,4882287,52.5,78748,3665374,39.42
2021-03-05T00:00:00.000Z,17190,4899477,52.69,40281,3705655,39.85
2021-03-06T00:00:00.000Z,10691,4910168,52.8,25246,3730901,40.12
2021-03-07T00:00:00.000Z,30999,4941167,53.13,72564,3803465,40.9
2021-03-08T00:00:00.000Z,27343,4968510,53.43,72897,3876362,41.68
2021-03-09T00:00:00.000Z,26623,4995133,53.72,76399,3952761,42.51
2021-03-10T00:00:00.000Z,23108,5018241,53.96,58445,4011206,43.13
2021-03-11T00:00:00.000Z,23101,5041342,54.21,68817,4080023,43.87
2021-03-12T00:00:00.000Z,11108,5052450,54.33,41262,4121285,44.32
2021-03-13T00:00:00.000Z,7890,5060340,54.42,25158,4146443,44.59
2021-03-14T00:00:00.000Z,20894,5081234,54.64,73737,4220180,45.38
2021-03-15T00:00:00.000Z,19929,5101163,54.86,77920,4298100,46.22
2021-03-16T00:00:00.000Z,18582,5119745,55.06,71277,4369377,46.99
2021-03-17T00:00:00.000Z,17498,5137243,55.24,58773,4428150,47.62
2021-03-18T00:00:00.000Z,15917,5153160,55.41,57909,4486059,48.24
2021-03-19T00:00:00.000Z,6748,5159908,55.49,27833,4513892,48.54
2021-03-20T00:00:00.000Z,5134,5165042,55.54,15194,4529086,48.7
2021-03-21T00:00:00.000Z,12963,5178005,55.68,40278,4569364,49.14
2021-03-22T00:00:00.000Z,13181,5191186,55.82,40216,4609580,49.57
2021-03-23T00:00:00.000Z,2570,5193756,55.85,7139,4616719,49.65
2021-03-24T00:00:00.000Z,10673,5204429,55.97,46169,4662888,50.14
2021-03-25T00:00:00.000Z,9925,5214354,56.07,35111,4697999,50.52
2021-03-26T00:00:00.000Z,3982,5218336,56.12,13189,4711188,50.66
2021-03-27T00:00:00.000Z,1707,5220043,56.13,4187,4715375,50.71
2021-03-28T00:00:00.000Z,2028,5222071,56.16,4545,4719920,50.76
2021-03-29T00:00:00.000Z,6775,5228846,56.23,29941,4749861,51.08
2021-03-30T00:00:00.000Z,7726,5236572,56.31,22165,4772026,51.32
2021-03-31T00:00:00.000Z,8003,5244575,56.4,19277,4791303,51.52
2021-04-01T00:00:00.000Z,8030,5252605,56.48,18523,4809826,51.72
2021-04-02T00:00:00.000Z,2755,5255360,56.51,7952,4817778,51.81
2021-04-03T00:00:00.000Z,1331,5256691,56.53,2870,4820648,51.84
2021-04-04T00:00:00.000Z,11779,5268470,56.65,22619,4843267,52.08
2021-04-05T00:00:00.000Z,9768,5278238,56.76,20271,4863538,52.3
2021-04-06T00:00:00.000Z,8550,5286788,56.85,16301,4879839,52.48
2021-04-07T00:00:00.000Z,8633,5295421,56.94,14978,4894817,52.64
2021-04-08T00:00:00.000Z,3970,5299391,56.99,6919,4901736,52.71
