Day_Date,vaccinated,vaccinated_cum,vaccinated_population_perc,vaccinated_seconde_dose,vaccinated_seconde_dose_cum,vaccinated_seconde_dose_population_perc
2020-12-19T00:00:00.000Z,43,61,0,0,0,0
2020-12-20T00:00:00.000Z,7372,7433,0.08,0,0,0
2020-12-21T00:00:00.000Z,24871,32304,0.35,0,0,0
2020-12-22T00:00:00.000Z,44610,76914,0.83,0,0,0
2020-12-23T00:00:00.000Z,62814,139728,1.5,0,0,0
2020-12-24T00:00:00.000Z,73293,213021,2.29,0,0,0
2020-12-25T00:00:00.000Z,38438,251459,2.7,0,0,0
2020-12-26T00:00:00.000Z,32552,284011,3.05,0,0,0
2020-12-27T00:00:00.000Z,104279,388290,4.18,0,0,0
2020-12-28T00:00:00.000Z,134718,523008,5.62,0,0,0
2020-12-29T00:00:00.000Z,155829,678837,7.3,0,0,0
2020-12-30T00:00:00.000Z,152593,831430,8.94,0,0,0
2020-12-31T00:00:00.000Z,158001,989431,10.64,0,0,0
2021-01-01T00:00:00.000Z,71164,1060595,11.41,0,0,0
2021-01-02T00:00:00.000Z,71552,1132147,12.17,0,0,0
2021-01-03T00:00:00.000Z,149255,1281402,13.78,0,0,0
2021-01-04T00:00:00.000Z,151699,1433101,15.41,2,2,0
2021-01-05T00:00:00.000Z,124697,1557798,16.75,0,2,0
2021-01-06T00:00:00.000Z,102908,1660706,17.86,0,2,0
2021-01-07T00:00:00.000Z,115632,1776338,19.1,3,5,0
2021-01-08T00:00:00.000Z,66204,1842542,19.81,3,8,0
2021-01-09T00:00:00.000Z,44411,1886953,20.29,22,30,0
2021-01-10T00:00:00.000Z,37484,1924437,20.69,5985,6015,0.06
2021-01-11T00:00:00.000Z,20987,1945424,20.92,19223,25238,0.27
2021-01-12T00:00:00.000Z,23829,1969253,21.18,35625,60863,0.65
2021-01-13T00:00:00.000Z,51824,2021077,21.73,56794,117657,1.27
2021-01-14T00:00:00.000Z,56213,2077290,22.34,68716,186373,2
2021-01-15T00:00:00.000Z,30559,2107849,22.67,35864,222237,2.39
2021-01-16T00:00:00.000Z,29325,2137174,22.98,25958,248195,2.67
2021-01-17T00:00:00.000Z,68209,2205383,23.72,84391,332586,3.58
2021-01-18T00:00:00.000Z,69496,2274879,24.46,120151,452737,4.87
2021-01-19T00:00:00.000Z,72657,2347536,25.24,137443,590180,6.35
2021-01-20T00:00:00.000Z,76510,2424046,26.07,143322,733502,7.89
2021-01-21T00:00:00.000Z,69643,2493689,26.82,163832,897334,9.65
2021-01-22T00:00:00.000Z,37702,2531391,27.22,70877,968211,10.41
2021-01-23T00:00:00.000Z,39830,2571221,27.65,53451,1021662,10.99
2021-01-24T00:00:00.000Z,68916,2640137,28.39,140279,1161941,12.49
2021-01-25T00:00:00.000Z,80713,2720850,29.26,139098,1301039,13.99
2021-01-26T00:00:00.000Z,78472,2799322,30.1,125991,1427030,15.35
2021-01-27T00:00:00.000Z,77674,2876996,30.94,124640,1551670,16.69
2021-01-28T00:00:00.000Z,79370,2956366,31.79,130211,1681881,18.09
2021-01-29T00:00:00.000Z,36509,2992875,32.18,64583,1746464,18.78
2021-01-30T00:00:00.000Z,34273,3027148,32.55,42648,1789112,19.24
2021-01-31T00:00:00.000Z,73131,3100279,33.34,59305,1848417,19.88
2021-02-01T00:00:00.000Z,82193,3182472,34.22,35198,1883615,20.26
2021-02-02T00:00:00.000Z,69806,3252278,34.97,30900,1914515,20.59
2021-02-03T00:00:00.000Z,60034,3312312,35.62,51221,1965736,21.14
2021-02-04T00:00:00.000Z,72351,3384663,36.4,57875,2023611,21.76
2021-02-05T00:00:00.000Z,33757,3418420,36.76,28639,2052250,22.07
2021-02-06T00:00:00.000Z,21515,3439935,36.99,22126,2074376,22.31
2021-02-07T00:00:00.000Z,53910,3493845,37.57,68492,2142868,23.04
2021-02-08T00:00:00.000Z,58434,3552279,38.2,65164,2208032,23.74
2021-02-09T00:00:00.000Z,66113,3618392,38.91,67174,2275206,24.47
2021-02-10T00:00:00.000Z,70307,3688699,39.67,71848,2347054,25.24
2021-02-11T00:00:00.000Z,80916,3769615,40.54,71370,2418424,26.01
2021-02-12T00:00:00.000Z,38914,3808529,40.96,37396,2455820,26.41
2021-02-13T00:00:00.000Z,27366,3835895,41.25,30329,2486149,26.73
2021-02-14T00:00:00.000Z,74638,3910533,42.05,68819,2554968,27.47
2021-02-15T00:00:00.000Z,81304,3991837,42.93,75386,2630354,28.29
2021-02-16T00:00:00.000Z,83280,4075117,43.82,77985,2708339,29.12
2021-02-17T00:00:00.000Z,61760,4136877,44.49,75270,2783609,29.93
2021-02-18T00:00:00.000Z,68952,4205829,45.23,79419,2863028,30.79
2021-02-19T00:00:00.000Z,39542,4245371,45.65,37965,2900993,31.2
2021-02-20T00:00:00.000Z,31571,4276942,45.99,28625,2929618,31.5
2021-02-21T00:00:00.000Z,79277,4356219,46.84,78273,3007891,32.35
2021-02-22T00:00:00.000Z,84847,4441066,47.76,80252,3088143,33.21
2021-02-23T00:00:00.000Z,77166,4518232,48.59,70129,3158272,33.96
2021-02-24T00:00:00.000Z,60843,4579075,49.24,62745,3221017,34.64
2021-02-25T00:00:00.000Z,51473,4630548,49.79,64479,3285496,35.33
2021-02-26T00:00:00.000Z,25680,4656228,50.07,31790,3317286,35.67
2021-02-27T00:00:00.000Z,18237,4674465,50.27,21070,3338356,35.9
2021-02-28T00:00:00.000Z,40269,4714734,50.7,55561,3393917,36.5
2021-03-01T00:00:00.000Z,45522,4760256,51.19,61205,3455122,37.15
2021-03-02T00:00:00.000Z,40993,4801249,51.63,64426,3519548,37.85
2021-03-03T00:00:00.000Z,42117,4843366,52.08,66327,3585875,38.56
2021-03-04T00:00:00.000Z,39515,4882881,52.51,78731,3664606,39.41
2021-03-05T00:00:00.000Z,17186,4900067,52.69,40283,3704889,39.84
2021-03-06T00:00:00.000Z,10686,4910753,52.81,25243,3730132,40.11
2021-03-07T00:00:00.000Z,31001,4941754,53.14,72552,3802684,40.89
2021-03-08T00:00:00.000Z,27409,4969163,53.44,72797,3875481,41.68
2021-03-09T00:00:00.000Z,26527,4995690,53.72,76393,3951874,42.5
2021-03-10T00:00:00.000Z,23066,5018756,53.97,58435,4010309,43.12
2021-03-11T00:00:00.000Z,23076,5041832,54.22,68807,4079116,43.86
2021-03-12T00:00:00.000Z,11102,5052934,54.34,41252,4120368,44.31
2021-03-13T00:00:00.000Z,7878,5060812,54.42,25155,4145523,44.58
2021-03-14T00:00:00.000Z,20881,5081693,54.65,73734,4219257,45.37
2021-03-15T00:00:00.000Z,19893,5101586,54.86,77907,4297164,46.21
2021-03-16T00:00:00.000Z,18570,5120156,55.06,71263,4368427,46.98
2021-03-17T00:00:00.000Z,17491,5137647,55.25,58752,4427179,47.61
2021-03-18T00:00:00.000Z,15917,5153564,55.42,57895,4485074,48.23
2021-03-19T00:00:00.000Z,6776,5160340,55.49,27800,4512874,48.53
2021-03-20T00:00:00.000Z,5150,5165490,55.55,15173,4528047,48.69
2021-03-21T00:00:00.000Z,12921,5178411,55.69,39927,4567974,49.12
2021-03-22T00:00:00.000Z,12980,5191391,55.83,38833,4606807,49.54
2021-03-23T00:00:00.000Z,2568,5193959,55.85,7136,4613943,49.62
2021-03-24T00:00:00.000Z,10650,5204609,55.97,45931,4659874,50.11
2021-03-25T00:00:00.000Z,9880,5214489,56.07,34605,4694479,50.48
2021-03-26T00:00:00.000Z,3982,5218471,56.12,12988,4707467,50.62
2021-03-27T00:00:00.000Z,1717,5220188,56.14,4217,4711684,50.67
2021-03-28T00:00:00.000Z,2028,5222216,56.16,4542,4716226,50.72
2021-03-29T00:00:00.000Z,6702,5228918,56.23,28866,4745092,51.03
2021-03-30T00:00:00.000Z,7795,5236713,56.31,22025,4767117,51.26
2021-03-31T00:00:00.000Z,7992,5244705,56.4,19167,4786284,51.47
2021-04-01T00:00:00.000Z,5742,5250447,56.46,14393,4800677,51.62
