lastUpdate
2021-04-03T14:56:45.993Z
