Day_Date,vaccinated,vaccinated_cum,vaccinated_population_perc,vaccinated_seconde_dose,vaccinated_seconde_dose_cum,vaccinated_seconde_dose_population_perc
2020-12-19T00:00:00.000Z,43,60,0,0,0,0
2020-12-20T00:00:00.000Z,7359,7419,0.08,0,0,0
2020-12-21T00:00:00.000Z,24884,32303,0.35,0,0,0
2020-12-22T00:00:00.000Z,44612,76915,0.83,0,0,0
2020-12-23T00:00:00.000Z,62833,139748,1.5,0,0,0
2020-12-24T00:00:00.000Z,73326,213074,2.29,0,0,0
2020-12-25T00:00:00.000Z,38448,251522,2.7,0,0,0
2020-12-26T00:00:00.000Z,32573,284095,3.06,0,0,0
2020-12-27T00:00:00.000Z,104364,388459,4.18,0,0,0
2020-12-28T00:00:00.000Z,134798,523257,5.63,0,0,0
2020-12-29T00:00:00.000Z,155937,679194,7.3,0,0,0
2020-12-30T00:00:00.000Z,152714,831908,8.95,0,0,0
2020-12-31T00:00:00.000Z,158166,990074,10.65,0,0,0
2021-01-01T00:00:00.000Z,71233,1061307,11.41,0,0,0
2021-01-02T00:00:00.000Z,71620,1132927,12.18,0,0,0
2021-01-03T00:00:00.000Z,149394,1282321,13.79,0,0,0
2021-01-04T00:00:00.000Z,151832,1434153,15.42,1,1,0
2021-01-05T00:00:00.000Z,124846,1558999,16.76,0,1,0
2021-01-06T00:00:00.000Z,103070,1662069,17.87,0,1,0
2021-01-07T00:00:00.000Z,115814,1777883,19.12,3,4,0
2021-01-08T00:00:00.000Z,66293,1844176,19.83,3,7,0
2021-01-09T00:00:00.000Z,44454,1888630,20.31,22,29,0
2021-01-10T00:00:00.000Z,37545,1926175,20.71,5974,6003,0.06
2021-01-11T00:00:00.000Z,21015,1947190,20.94,19235,25238,0.27
2021-01-12T00:00:00.000Z,23906,1971096,21.2,35635,60873,0.65
2021-01-13T00:00:00.000Z,51910,2023006,21.75,56814,117687,1.27
2021-01-14T00:00:00.000Z,56301,2079307,22.36,68748,186435,2
2021-01-15T00:00:00.000Z,30613,2109920,22.69,35881,222316,2.39
2021-01-16T00:00:00.000Z,29364,2139284,23,25976,248292,2.67
2021-01-17T00:00:00.000Z,68247,2207531,23.74,84449,332741,3.58
2021-01-18T00:00:00.000Z,69521,2277052,24.49,120199,452940,4.87
2021-01-19T00:00:00.000Z,72574,2349626,25.27,137513,590453,6.35
2021-01-20T00:00:00.000Z,76527,2426153,26.09,143383,733836,7.89
2021-01-21T00:00:00.000Z,69575,2495728,26.84,163940,897776,9.65
2021-01-22T00:00:00.000Z,37715,2533443,27.24,70917,968693,10.42
2021-01-23T00:00:00.000Z,39846,2573289,27.67,53471,1022164,10.99
2021-01-24T00:00:00.000Z,68929,2642218,28.41,140325,1162489,12.5
2021-01-25T00:00:00.000Z,80730,2722948,29.28,139158,1301647,14
2021-01-26T00:00:00.000Z,78476,2801424,30.13,126054,1427701,15.35
2021-01-27T00:00:00.000Z,77682,2879106,30.96,124711,1552412,16.69
2021-01-28T00:00:00.000Z,79408,2958514,31.81,130277,1682689,18.09
2021-01-29T00:00:00.000Z,36521,2995035,32.21,64605,1747294,18.79
2021-01-30T00:00:00.000Z,34285,3029320,32.58,42662,1789956,19.25
2021-01-31T00:00:00.000Z,73171,3102491,33.36,59337,1849293,19.89
2021-02-01T00:00:00.000Z,82271,3184762,34.25,35204,1884497,20.27
2021-02-02T00:00:00.000Z,69859,3254621,35,30943,1915440,20.6
2021-02-03T00:00:00.000Z,60064,3314685,35.64,51259,1966699,21.15
2021-02-04T00:00:00.000Z,72379,3387064,36.42,57914,2024613,21.77
2021-02-05T00:00:00.000Z,33772,3420836,36.79,28652,2053265,22.08
2021-02-06T00:00:00.000Z,21533,3442369,37.02,22136,2075401,22.32
2021-02-07T00:00:00.000Z,53943,3496312,37.6,68532,2143933,23.05
2021-02-08T00:00:00.000Z,58478,3554790,38.23,65195,2209128,23.76
2021-02-09T00:00:00.000Z,66117,3620907,38.94,67266,2276394,24.48
2021-02-10T00:00:00.000Z,70327,3691234,39.69,71936,2348330,25.25
2021-02-11T00:00:00.000Z,80879,3772113,40.56,71518,2419848,26.02
2021-02-12T00:00:00.000Z,38935,3811048,40.98,37405,2457253,26.42
2021-02-13T00:00:00.000Z,27387,3838435,41.28,30343,2487596,26.75
2021-02-14T00:00:00.000Z,74731,3913166,42.08,68853,2556449,27.49
2021-02-15T00:00:00.000Z,81318,3994484,42.95,75480,2631929,28.3
2021-02-16T00:00:00.000Z,83315,4077799,43.85,78025,2709954,29.14
2021-02-17T00:00:00.000Z,61801,4139600,44.52,75320,2785274,29.95
2021-02-18T00:00:00.000Z,68977,4208577,45.26,79484,2864758,30.81
2021-02-19T00:00:00.000Z,39559,4248136,45.68,37987,2902745,31.21
2021-02-20T00:00:00.000Z,31584,4279720,46.02,28641,2931386,31.52
2021-02-21T00:00:00.000Z,79310,4359030,46.87,78333,3009719,32.37
2021-02-22T00:00:00.000Z,84870,4443900,47.79,80347,3090066,33.23
2021-02-23T00:00:00.000Z,77194,4521094,48.62,70218,3160284,33.98
2021-02-24T00:00:00.000Z,60872,4581966,49.27,62854,3223138,34.66
2021-02-25T00:00:00.000Z,51507,4633473,49.83,64532,3287670,35.35
2021-02-26T00:00:00.000Z,25749,4659222,50.1,31882,3319552,35.7
2021-02-27T00:00:00.000Z,18257,4677479,50.3,21121,3340673,35.92
2021-02-28T00:00:00.000Z,40167,4717646,50.73,55701,3396374,36.52
2021-03-01T00:00:00.000Z,45507,4763153,51.22,61260,3457634,37.18
2021-03-02T00:00:00.000Z,41006,4804159,51.66,64514,3522148,37.88
2021-03-03T00:00:00.000Z,41787,4845946,52.11,66546,3588694,38.59
2021-03-04T00:00:00.000Z,39486,4885432,52.54,78829,3667523,39.44
2021-03-05T00:00:00.000Z,17163,4902595,52.72,40320,3707843,39.87
2021-03-06T00:00:00.000Z,10568,4913163,52.83,25274,3733117,40.14
2021-03-07T00:00:00.000Z,30962,4944125,53.17,72668,3805785,40.93
2021-03-08T00:00:00.000Z,27170,4971295,53.46,73062,3878847,41.71
2021-03-09T00:00:00.000Z,26500,4997795,53.74,76470,3955317,42.53
2021-03-10T00:00:00.000Z,23090,5020885,53.99,58496,4013813,43.16
2021-03-11T00:00:00.000Z,23058,5043943,54.24,68874,4082687,43.9
2021-03-12T00:00:00.000Z,11097,5055040,54.36,41290,4123977,44.35
2021-03-13T00:00:00.000Z,7847,5062887,54.44,25180,4149157,44.62
2021-03-14T00:00:00.000Z,20829,5083716,54.67,73819,4222976,45.41
2021-03-15T00:00:00.000Z,19909,5103625,54.88,78032,4301008,46.25
2021-03-16T00:00:00.000Z,18528,5122153,55.08,71348,4372356,47.02
2021-03-17T00:00:00.000Z,17501,5139654,55.27,58825,4431181,47.65
2021-03-18T00:00:00.000Z,15828,5155482,55.44,57954,4489135,48.27
2021-03-19T00:00:00.000Z,6754,5162236,55.51,27863,4516998,48.57
2021-03-20T00:00:00.000Z,5116,5167352,55.57,15224,4532222,48.74
2021-03-21T00:00:00.000Z,13013,5180365,55.71,40356,4572578,49.17
2021-03-22T00:00:00.000Z,13321,5193686,55.85,40368,4612946,49.61
2021-03-23T00:00:00.000Z,2600,5196286,55.88,7152,4620098,49.68
2021-03-24T00:00:00.000Z,10752,5207038,55.99,46330,4666428,50.18
2021-03-25T00:00:00.000Z,9985,5217023,56.1,35246,4701674,50.56
2021-03-26T00:00:00.000Z,3997,5221020,56.14,13209,4714883,50.7
2021-03-27T00:00:00.000Z,1710,5222730,56.16,4200,4719083,50.75
2021-03-28T00:00:00.000Z,2037,5224767,56.18,4547,4723630,50.8
2021-03-29T00:00:00.000Z,6743,5231510,56.26,29849,4753479,51.12
2021-03-30T00:00:00.000Z,7635,5239145,56.34,22228,4775707,51.36
2021-03-31T00:00:00.000Z,7945,5247090,56.42,19246,4794953,51.56
2021-04-01T00:00:00.000Z,7940,5255030,56.51,18466,4813419,51.76
2021-04-02T00:00:00.000Z,2769,5257799,56.54,7963,4821382,51.85
2021-04-03T00:00:00.000Z,1338,5259137,56.55,2876,4824258,51.88
2021-04-04T00:00:00.000Z,9524,5268661,56.66,22709,4846967,52.12
2021-04-05T00:00:00.000Z,10145,5278806,56.77,21073,4868040,52.35
2021-04-06T00:00:00.000Z,8757,5287563,56.86,16542,4884582,52.53
2021-04-07T00:00:00.000Z,8671,5296234,56.95,15085,4899667,52.69
2021-04-08T00:00:00.000Z,9159,5305393,57.05,16737,4916404,52.87
2021-04-09T00:00:00.000Z,3362,5308755,57.09,6050,4922454,52.93
2021-04-10T00:00:00.000Z,1491,5310246,57.1,3428,4925882,52.97
2021-04-11T00:00:00.000Z,8894,5319140,57.2,14086,4939968,53.12
2021-04-12T00:00:00.000Z,8683,5327823,57.29,13014,4952982,53.26
2021-04-13T00:00:00.000Z,5578,5333401,57.35,4774,4957756,53.31
2021-04-14T00:00:00.000Z,3413,5336814,57.39,5103,4962859,53.37
2021-04-15T00:00:00.000Z,435,5337249,57.39,410,4963269,53.37
2021-04-16T00:00:00.000Z,3184,5340433,57.43,6456,4969725,53.44
2021-04-17T00:00:00.000Z,743,5341176,57.44,1912,4971637,53.46
2021-04-18T00:00:00.000Z,6961,5348137,57.51,7348,4978985,53.54
2021-04-19T00:00:00.000Z,6204,5354341,57.58,6964,4985949,53.62
2021-04-20T00:00:00.000Z,6042,5360383,57.64,6680,4992629,53.69
2021-04-21T00:00:00.000Z,6147,5366530,57.71,6896,4999525,53.76
2021-04-22T00:00:00.000Z,5738,5372268,57.77,7465,5006990,53.84
2021-04-23T00:00:00.000Z,2579,5374847,57.8,3229,5010219,53.88
2021-04-24T00:00:00.000Z,679,5375526,57.81,1211,5011430,53.89
2021-04-25T00:00:00.000Z,4716,5380242,57.86,6819,5018249,53.96
2021-04-26T00:00:00.000Z,5327,5385569,57.91,7719,5025968,54.05
2021-04-27T00:00:00.000Z,4332,5389901,57.96,6410,5032378,54.12
2021-04-28T00:00:00.000Z,4298,5394199,58.01,7092,5039470,54.19
2021-04-29T00:00:00.000Z,4165,5398364,58.05,7085,5046555,54.27
2021-04-30T00:00:00.000Z,1738,5400102,58.07,2989,5049544,54.3
2021-05-01T00:00:00.000Z,375,5400477,58.07,818,5050362,54.31
2021-05-02T00:00:00.000Z,3162,5403639,58.11,5940,5056302,54.37
2021-05-03T00:00:00.000Z,3397,5407036,58.14,5625,5061927,54.43
2021-05-04T00:00:00.000Z,3373,5410409,58.18,4523,5066450,54.48
2021-05-05T00:00:00.000Z,3097,5413506,58.21,3855,5070305,54.52
2021-05-06T00:00:00.000Z,3434,5416940,58.25,2915,5073220,54.55
2021-05-07T00:00:00.000Z,1658,5418598,58.27,2279,5075499,54.58
2021-05-08T00:00:00.000Z,169,5418767,58.27,422,5075921,54.58
2021-05-09T00:00:00.000Z,2763,5421530,58.3,4623,5080544,54.63
2021-05-10T00:00:00.000Z,2758,5424288,58.33,4521,5085065,54.68
2021-05-11T00:00:00.000Z,2403,5426691,58.36,3638,5088703,54.72
2021-05-12T00:00:00.000Z,1809,5428500,58.38,3091,5091794,54.75
2021-05-13T00:00:00.000Z,1812,5430312,58.39,3470,5095264,54.79
2021-05-14T00:00:00.000Z,766,5431078,58.4,1331,5096595,54.81
2021-05-15T00:00:00.000Z,129,5431207,58.4,173,5096768,54.81
2021-05-16T00:00:00.000Z,425,5431632,58.41,1134,5097902,54.82
2021-05-17T00:00:00.000Z,181,5431813,58.41,724,5098626,54.83
2021-05-18T00:00:00.000Z,1804,5433617,58.43,4773,5103399,54.88
2021-05-19T00:00:00.000Z,2023,5435640,58.45,4839,5108238,54.93
2021-05-20T00:00:00.000Z,2094,5437734,58.47,3696,5111934,54.97
2021-05-21T00:00:00.000Z,1000,5438734,58.49,1219,5113153,54.98
2021-05-22T00:00:00.000Z,138,5438872,58.49,321,5113474,54.99
2021-05-23T00:00:00.000Z,2195,5441067,58.51,3109,5116583,55.02
2021-05-24T00:00:00.000Z,1968,5443035,58.53,3411,5119994,55.06
2021-05-25T00:00:00.000Z,1637,5444672,58.55,2387,5122381,55.08
2021-05-26T00:00:00.000Z,1209,5445881,58.56,2283,5124664,55.11
2021-05-27T00:00:00.000Z,1626,5447507,58.58,2897,5127561,55.14
2021-05-28T00:00:00.000Z,614,5448121,58.59,1224,5128785,55.15
2021-05-29T00:00:00.000Z,103,5448224,58.59,159,5128944,55.15
2021-05-30T00:00:00.000Z,1534,5449758,58.6,1839,5130783,55.17
2021-05-31T00:00:00.000Z,1515,5451273,58.62,1938,5132721,55.19
2021-06-01T00:00:00.000Z,1163,5452436,58.63,1650,5134371,55.21
2021-06-02T00:00:00.000Z,1205,5453641,58.65,1315,5135686,55.23
2021-06-03T00:00:00.000Z,1471,5455112,58.66,1260,5136946,55.24
2021-06-04T00:00:00.000Z,922,5456034,58.67,544,5137490,55.25
2021-06-05T00:00:00.000Z,100,5456134,58.67,66,5137556,55.25
2021-06-06T00:00:00.000Z,3940,5460074,58.71,818,5138374,55.26
