date,visited_country,vaccination_ind,none_vaccination_ind,sum_arrival
2021-05-01T00:00:00.000Z,אנגולה,2,0,2
2021-05-01T00:00:00.000Z,שוודיה,3,2,5
2021-05-01T00:00:00.000Z,דנמרק,6,3,9
2021-05-01T00:00:00.000Z,סאו טומה ופרינציפה,1,0,1
2021-05-01T00:00:00.000Z,איחוד האמירויות הערב,303,60,363
2021-05-01T00:00:00.000Z,דרום סודאן,1,0,1
2021-05-01T00:00:00.000Z,גרמניה,157,115,272
2021-05-01T00:00:00.000Z,גינאה,0,1,1
2021-05-01T00:00:00.000Z,גווטאמלה,4,0,4
2021-05-01T00:00:00.000Z,גאנה,3,0,3
2021-05-01T00:00:00.000Z,הולנד,6,17,23
2021-05-01T00:00:00.000Z,הונג קונג,0,6,6
2021-05-01T00:00:00.000Z,הונגריה,0,2,2
2021-05-01T00:00:00.000Z,הממלכה המאוחדת,17,41,58
2021-05-01T00:00:00.000Z,הרפ הדומיניקנית,4,0,4
2021-05-01T00:00:00.000Z,זאיר,7,1,8
2021-05-01T00:00:00.000Z,זימבאבווה,2,0,2
2021-05-01T00:00:00.000Z,זמביה,4,0,4
2021-05-01T00:00:00.000Z,חוף השנהב,5,0,5
2021-05-01T00:00:00.000Z,טנזניה,9,2,11
2021-05-01T00:00:00.000Z,יוון,16,0,16
2021-05-01T00:00:00.000Z,יפן,1,9,10
2021-05-01T00:00:00.000Z,כלל המדינות,3607,1696,5303
2021-05-01T00:00:00.000Z,לוכסמבורג,1,0,1
2021-05-01T00:00:00.000Z,לטביה,2,2,4
2021-05-01T00:00:00.000Z,ליטא,2,2,4
2021-05-01T00:00:00.000Z,לסוטו,1,0,1
2021-05-01T00:00:00.000Z,מולדובה,25,62,87
2021-05-01T00:00:00.000Z,מונטנגרו,2,0,2
2021-05-01T00:00:00.000Z,מלדיבים,10,1,11
2021-05-01T00:00:00.000Z,מלטה,1,6,7
2021-05-01T00:00:00.000Z,מצרים,736,44,780
2021-05-01T00:00:00.000Z,מקסיקו,16,11,27
2021-05-01T00:00:00.000Z,מרוקו,1,6,7
2021-05-01T00:00:00.000Z,נורבגיה,0,1,1
2021-05-01T00:00:00.000Z,ניגריה,3,0,3
2021-05-01T00:00:00.000Z,ניו זילנד,0,1,1
2021-05-01T00:00:00.000Z,נפאל,4,0,4
2021-05-01T00:00:00.000Z,סין,0,3,3
2021-05-01T00:00:00.000Z,סינגפור,0,2,2
2021-05-01T00:00:00.000Z,סלובניה,1,0,1
2021-05-01T00:00:00.000Z,ספרד,13,4,17
2021-05-01T00:00:00.000Z,סרביה,0,4,4
2021-05-01T00:00:00.000Z,סרי לנקה (צילון),0,2,2
2021-05-01T00:00:00.000Z,פולין,29,8,37
2021-05-01T00:00:00.000Z,פורטו ריקו,1,0,1
2021-05-01T00:00:00.000Z,פורטוגל,7,4,11
2021-05-01T00:00:00.000Z,פיליפינים,0,14,14
2021-05-01T00:00:00.000Z,פינלנד,1,4,5
2021-05-01T00:00:00.000Z,צכיה,2,7,9
2021-05-01T00:00:00.000Z,צרפת,34,39,73
2021-05-01T00:00:00.000Z,קולומביה,3,0,3
2021-05-01T00:00:00.000Z,קוסטה ריקה,2,1,3
2021-05-01T00:00:00.000Z,קוריאה הדרומית,3,0,3
2021-05-01T00:00:00.000Z,קזחסטאן,0,1,1
2021-05-01T00:00:00.000Z,קנדה,3,8,11
2021-05-01T00:00:00.000Z,קניה,5,2,7
2021-05-01T00:00:00.000Z,קפריסין,150,23,173
2021-05-01T00:00:00.000Z,קרואטיה,9,0,9
2021-05-01T00:00:00.000Z,רואנדה,3,2,5
2021-05-01T00:00:00.000Z,רומניה,1,2,3
2021-05-01T00:00:00.000Z,רוסיה,3,4,7
2021-05-01T00:00:00.000Z,תורכמניסטאן,1,0,1
2021-05-01T00:00:00.000Z,תורכיה,208,87,295
2021-05-01T00:00:00.000Z,תאילנד,1,0,1
2021-05-01T00:00:00.000Z,שוויץ,3,2,5
2021-05-01T00:00:00.000Z,גאורגיה,8,0,8
2021-05-01T00:00:00.000Z,ברזיל,5,5,10
2021-05-01T00:00:00.000Z,בלגיה,2,9,11
2021-05-01T00:00:00.000Z,אוגנדה,4,0,4
2021-05-01T00:00:00.000Z,אוסטריה,17,21,38
2021-05-01T00:00:00.000Z,אוסטרליה,1,5,6
2021-05-01T00:00:00.000Z,אוקראינה,121,55,176
2021-05-01T00:00:00.000Z,אזרביג'אן,4,0,4
2021-05-01T00:00:00.000Z,איטליה,15,19,34
2021-05-01T00:00:00.000Z,אירלנד,0,17,17
2021-05-01T00:00:00.000Z,בילורוסיה,1,0,1
2021-05-01T00:00:00.000Z,אקואדור,0,2,2
2021-05-01T00:00:00.000Z,ארמניה,12,0,12
2021-05-01T00:00:00.000Z,ארצות הברית,417,374,791
2021-05-01T00:00:00.000Z,אתיופיה,41,19,60
2021-05-01T00:00:00.000Z,בוטסואנה,1,0,1
2021-05-01T00:00:00.000Z,בוסניה הרצגובינה,3,0,3
2021-05-01T00:00:00.000Z,דרום אפריקה,11,8,19
2021-05-02T00:00:00.000Z,אוגנדה,0,2,2
2021-05-02T00:00:00.000Z,תורכיה,229,83,312
2021-05-02T00:00:00.000Z,תוניסיה,1,0,1
2021-05-02T00:00:00.000Z,תאילנד,1,10,11
2021-05-02T00:00:00.000Z,שוויץ,59,55,114
2021-05-02T00:00:00.000Z,שוודיה,1,1,2
2021-05-02T00:00:00.000Z,רוסיה,71,91,162
2021-05-02T00:00:00.000Z,רומניה,47,16,63
2021-05-02T00:00:00.000Z,קרואטיה,23,3,26
2021-05-02T00:00:00.000Z,קפריסין,164,22,186
2021-05-02T00:00:00.000Z,קניה,0,1,1
2021-05-02T00:00:00.000Z,קנדה,13,86,99
2021-05-02T00:00:00.000Z,קירג'זסטאן,2,0,2
2021-05-02T00:00:00.000Z,קזחסטאן,0,1,1
2021-05-02T00:00:00.000Z,קוריאה הדרומית,5,1,6
2021-05-02T00:00:00.000Z,קוסטה ריקה,3,4,7
2021-05-02T00:00:00.000Z,קולומביה,1,1,2
2021-05-02T00:00:00.000Z,צרפת,90,148,238
2021-05-02T00:00:00.000Z,צכיה,2,0,2
2021-05-02T00:00:00.000Z,צ'ילה,0,2,2
2021-05-02T00:00:00.000Z,פרו,0,2,2
2021-05-02T00:00:00.000Z,פינלנד,0,1,1
2021-05-02T00:00:00.000Z,פיליפינים,0,7,7
2021-05-02T00:00:00.000Z,פורטוגל,5,3,8
2021-05-02T00:00:00.000Z,פולין,13,12,25
2021-05-02T00:00:00.000Z,ערב הסעודית,0,1,1
2021-05-02T00:00:00.000Z,עירק,0,1,1
2021-05-02T00:00:00.000Z,סרי לנקה (צילון),1,2,3
2021-05-02T00:00:00.000Z,סרביה,1,3,4
2021-05-02T00:00:00.000Z,ספרד,5,8,13
2021-05-02T00:00:00.000Z,נפאל,4,0,4
2021-05-02T00:00:00.000Z,ניגריה,1,0,1
2021-05-02T00:00:00.000Z,נורבגיה,0,2,2
2021-05-02T00:00:00.000Z,מקסיקו,25,10,35
2021-05-02T00:00:00.000Z,תורכמניסטאן,1,0,1
2021-05-02T00:00:00.000Z,מלטה,1,0,1
2021-05-02T00:00:00.000Z,מלדיבים,22,0,22
2021-05-02T00:00:00.000Z,לטביה,0,1,1
2021-05-02T00:00:00.000Z,לוכסמבורג,1,1,2
2021-05-02T00:00:00.000Z,כלל המדינות,4106,3036,7142
2021-05-02T00:00:00.000Z,ירדן,36,41,77
2021-05-02T00:00:00.000Z,יפן,0,1,1
2021-05-02T00:00:00.000Z,יוון,101,9,110
2021-05-02T00:00:00.000Z,טיוואן,2,1,3
2021-05-02T00:00:00.000Z,חוף השנהב,1,0,1
2021-05-02T00:00:00.000Z,ונצואלה,0,1,1
2021-05-02T00:00:00.000Z,הרפ הדומיניקנית,2,0,2
2021-05-02T00:00:00.000Z,הממלכה המאוחדת,57,143,200
2021-05-02T00:00:00.000Z,הונגריה,0,1,1
2021-05-02T00:00:00.000Z,הולנד,42,45,87
2021-05-02T00:00:00.000Z,דנמרק,2,0,2
2021-05-02T00:00:00.000Z,גרמניה,85,132,217
2021-05-02T00:00:00.000Z,גאורגיה,472,25,497
2021-05-02T00:00:00.000Z,ברזיל,1,3,4
2021-05-02T00:00:00.000Z,בלגיה,2,7,9
2021-05-02T00:00:00.000Z,בילורוסיה,99,28,127
2021-05-02T00:00:00.000Z,בולגריה,166,10,176
2021-05-02T00:00:00.000Z,ארצות הברית,274,255,529
2021-05-02T00:00:00.000Z,אירלנד,0,4,4
2021-05-02T00:00:00.000Z,איסלנד,3,0,3
2021-05-02T00:00:00.000Z,אינדונזיה,0,2,2
2021-05-02T00:00:00.000Z,איי סיישל,108,7,115
2021-05-02T00:00:00.000Z,איטליה,8,8,16
2021-05-02T00:00:00.000Z,אזרביג'אן,7,5,12
2021-05-02T00:00:00.000Z,איחוד האמירויות הערב,310,34,344
2021-05-02T00:00:00.000Z,אוקראינה,276,131,407
2021-05-02T00:00:00.000Z,אוסטריה,15,9,24
2021-05-02T00:00:00.000Z,אוזבקיסטן,4,12,16
2021-05-02T00:00:00.000Z,מצרים,592,29,621
2021-05-03T00:00:00.000Z,מונטנגרו,17,0,17
2021-05-03T00:00:00.000Z,מלדיבים,11,1,12
2021-05-03T00:00:00.000Z,מלטה,1,0,1
2021-05-03T00:00:00.000Z,מצרים,463,26,489
2021-05-03T00:00:00.000Z,מקסיקו,7,6,13
2021-05-03T00:00:00.000Z,מרוקו,1,2,3
2021-05-03T00:00:00.000Z,נורבגיה,0,3,3
2021-05-03T00:00:00.000Z,ניגריה,3,1,4
2021-05-03T00:00:00.000Z,נפאל,2,2,4
2021-05-03T00:00:00.000Z,סוריה,0,3,3
2021-05-03T00:00:00.000Z,סיירה ליאונה,0,2,2
2021-05-03T00:00:00.000Z,סינגפור,1,0,1
2021-05-03T00:00:00.000Z,סנגל,0,1,1
2021-05-03T00:00:00.000Z,ספרד,59,50,109
2021-05-03T00:00:00.000Z,סרביה,2,1,3
2021-05-03T00:00:00.000Z,פולין,10,4,14
2021-05-03T00:00:00.000Z,פורטוגל,4,6,10
2021-05-03T00:00:00.000Z,פיליפינים,0,9,9
2021-05-03T00:00:00.000Z,פנמה,1,3,4
2021-05-03T00:00:00.000Z,פרגוואי,2,0,2
2021-05-03T00:00:00.000Z,פרו,1,0,1
2021-05-03T00:00:00.000Z,צ'ילה,1,5,6
2021-05-03T00:00:00.000Z,צכיה,1,1,2
2021-05-03T00:00:00.000Z,צרפת,183,276,459
2021-05-03T00:00:00.000Z,קובה,5,0,5
2021-05-03T00:00:00.000Z,קולומביה,1,2,3
2021-05-03T00:00:00.000Z,קוסטה ריקה,10,3,13
2021-05-03T00:00:00.000Z,קוריאה הדרומית,1,0,1
2021-05-03T00:00:00.000Z,קזחסטאן,0,1,1
2021-05-03T00:00:00.000Z,קירג'זסטאן,1,0,1
2021-05-03T00:00:00.000Z,קנדה,3,2,5
2021-05-03T00:00:00.000Z,קניה,5,0,5
2021-05-03T00:00:00.000Z,קפריסין,102,17,119
2021-05-03T00:00:00.000Z,קרואטיה,13,2,15
2021-05-03T00:00:00.000Z,רואנדה,6,2,8
2021-05-03T00:00:00.000Z,רומניה,39,15,54
2021-05-03T00:00:00.000Z,רוסיה,157,297,454
2021-05-03T00:00:00.000Z,שוודיה,2,1,3
2021-05-03T00:00:00.000Z,שוויץ,33,40,73
2021-05-03T00:00:00.000Z,תאילנד,1,2,3
2021-05-03T00:00:00.000Z,איטליה,21,15,36
2021-05-03T00:00:00.000Z,איי סיישל,145,5,150
2021-05-03T00:00:00.000Z,אינדונזיה,1,0,1
2021-05-03T00:00:00.000Z,אוגנדה,6,0,6
2021-05-03T00:00:00.000Z,אוסטריה,62,50,112
2021-05-03T00:00:00.000Z,אוסטרליה,0,2,2
2021-05-03T00:00:00.000Z,אוקראינה,23,28,51
2021-05-03T00:00:00.000Z,אורגוואי,1,3,4
2021-05-03T00:00:00.000Z,חוף השנהב,2,0,2
2021-05-03T00:00:00.000Z,הרפ הדומיניקנית,1,0,1
2021-05-03T00:00:00.000Z,הממלכה המאוחדת,32,74,106
2021-05-03T00:00:00.000Z,הונגריה,39,22,61
2021-05-03T00:00:00.000Z,הונג קונג,0,1,1
2021-05-03T00:00:00.000Z,הולנד,33,16,49
2021-05-03T00:00:00.000Z,הודו,89,144,233
2021-05-03T00:00:00.000Z,דרום אפריקה,11,8,19
2021-05-03T00:00:00.000Z,דנמרק,3,3,6
2021-05-03T00:00:00.000Z,גרמניה,80,64,144
2021-05-03T00:00:00.000Z,גאנה,4,0,4
2021-05-03T00:00:00.000Z,גאורגיה,266,15,281
2021-05-03T00:00:00.000Z,ברזיל,5,5,10
2021-05-03T00:00:00.000Z,בלגיה,3,6,9
2021-05-03T00:00:00.000Z,בילורוסיה,2,0,2
2021-05-03T00:00:00.000Z,בוסניה הרצגובינה,1,0,1
2021-05-03T00:00:00.000Z,בוליביה,2,0,2
2021-05-03T00:00:00.000Z,בולגריה,194,10,204
2021-05-03T00:00:00.000Z,בוטסואנה,0,1,1
2021-05-03T00:00:00.000Z,אתיופיה,25,5,30
2021-05-03T00:00:00.000Z,ארצות הברית,656,643,1299
2021-05-03T00:00:00.000Z,ארגנטינה,3,0,3
2021-05-03T00:00:00.000Z,אקואדור,0,2,2
2021-05-03T00:00:00.000Z,אלבניה,0,1,1
2021-05-03T00:00:00.000Z,איסלנד,5,0,5
2021-05-03T00:00:00.000Z,אירלנד,0,1,1
2021-05-03T00:00:00.000Z,תוניסיה,1,0,1
2021-05-03T00:00:00.000Z,תורכיה,47,27,74
2021-05-03T00:00:00.000Z,טנזניה,2,2,4
2021-05-03T00:00:00.000Z,איחוד האמירויות הערב,319,45,364
2021-05-03T00:00:00.000Z,ירדן,27,18,45
2021-05-03T00:00:00.000Z,יוון,44,10,54
2021-05-03T00:00:00.000Z,כלל המדינות,4030,3138,7168
2021-05-03T00:00:00.000Z,לוכסמבורג,1,0,1
2021-05-03T00:00:00.000Z,ליטא,4,0,4
2021-05-04T00:00:00.000Z,מאלי,2,0,2
2021-05-04T00:00:00.000Z,איחוד האמירויות הערב,151,16,167
2021-05-04T00:00:00.000Z,תוניסיה,0,2,2
2021-05-04T00:00:00.000Z,תאילנד,2,2,4
2021-05-04T00:00:00.000Z,שוויץ,11,0,11
2021-05-04T00:00:00.000Z,רוסיה,37,21,58
2021-05-04T00:00:00.000Z,רומניה,25,19,44
2021-05-04T00:00:00.000Z,קרואטיה,0,2,2
2021-05-04T00:00:00.000Z,קניה,2,0,2
2021-05-04T00:00:00.000Z,קזחסטאן,1,2,3
2021-05-04T00:00:00.000Z,קוריאה הדרומית,0,2,2
2021-05-04T00:00:00.000Z,קוסטה ריקה,8,7,15
2021-05-04T00:00:00.000Z,קולומביה,1,6,7
2021-05-04T00:00:00.000Z,צרפת,85,147,232
2021-05-04T00:00:00.000Z,צ'ילה,0,2,2
2021-05-04T00:00:00.000Z,פרו,2,1,3
2021-05-04T00:00:00.000Z,פנמה,1,1,2
2021-05-04T00:00:00.000Z,פינלנד,0,6,6
2021-05-04T00:00:00.000Z,פיליפינים,0,2,2
2021-05-04T00:00:00.000Z,עומן,1,1,2
2021-05-04T00:00:00.000Z,סרביה,0,2,2
2021-05-04T00:00:00.000Z,ספרד,22,20,42
2021-05-04T00:00:00.000Z,סלובניה,1,0,1
2021-05-04T00:00:00.000Z,נפאל,1,1,2
2021-05-04T00:00:00.000Z,ניגריה,1,1,2
2021-05-04T00:00:00.000Z,מרוקו,8,1,9
2021-05-04T00:00:00.000Z,מקסיקו,5,7,12
2021-05-04T00:00:00.000Z,מצרים,348,71,419
2021-05-04T00:00:00.000Z,מלטה,1,0,1
2021-05-04T00:00:00.000Z,מלדיבים,193,20,213
2021-05-04T00:00:00.000Z,מולדובה,1,0,1
2021-05-04T00:00:00.000Z,תורכיה,20,25,45
2021-05-04T00:00:00.000Z,לטביה,4,2,6
2021-05-04T00:00:00.000Z,לבנון,10,0,10
2021-05-04T00:00:00.000Z,כלל המדינות,2070,2140,4210
2021-05-04T00:00:00.000Z,ירדן,32,24,56
2021-05-04T00:00:00.000Z,יוון,44,10,54
2021-05-04T00:00:00.000Z,חוף השנהב,1,0,1
2021-05-04T00:00:00.000Z,זמביה,2,0,2
2021-05-04T00:00:00.000Z,הממלכה המאוחדת,53,68,121
2021-05-04T00:00:00.000Z,הונגריה,35,13,48
2021-05-04T00:00:00.000Z,דרום אפריקה,10,2,12
2021-05-04T00:00:00.000Z,דנמרק,3,3,6
2021-05-04T00:00:00.000Z,גרמניה,70,75,145
2021-05-04T00:00:00.000Z,גווטאמלה,1,0,1
2021-05-04T00:00:00.000Z,גאורגיה,5,0,5
2021-05-04T00:00:00.000Z,ברזיל,3,7,10
2021-05-04T00:00:00.000Z,בורונדי,1,0,1
2021-05-04T00:00:00.000Z,בולגריה,2,0,2
2021-05-04T00:00:00.000Z,אתיופיה,6,9,15
2021-05-04T00:00:00.000Z,ארצות הברית,364,321,685
2021-05-04T00:00:00.000Z,ארגנטינה,6,11,17
2021-05-04T00:00:00.000Z,אקואדור,0,1,1
2021-05-04T00:00:00.000Z,אירלנד,0,1,1
2021-05-04T00:00:00.000Z,איי סיישל,0,1,1
2021-05-04T00:00:00.000Z,איטליה,6,9,15
2021-05-04T00:00:00.000Z,אזרביג'אן,1,1,2
2021-05-04T00:00:00.000Z,אורגוואי,1,0,1
2021-05-04T00:00:00.000Z,אוקראינה,80,51,131
2021-05-04T00:00:00.000Z,אוסטריה,4,2,6
2021-05-04T00:00:00.000Z,אוזבקיסטן,4,20,24
2021-05-04T00:00:00.000Z,אוגנדה,0,2,2
2021-05-04T00:00:00.000Z,בילורוסיה,48,15,63
2021-05-05T00:00:00.000Z,גאורגיה,78,4,82
2021-05-05T00:00:00.000Z,גווטאמלה,0,1,1
2021-05-05T00:00:00.000Z,גרמניה,79,109,188
2021-05-05T00:00:00.000Z,דנמרק,3,1,4
2021-05-05T00:00:00.000Z,דרום אמריקה,1,0,1
2021-05-05T00:00:00.000Z,דרום אפריקה,14,6,20
2021-05-05T00:00:00.000Z,האנטילים ההולנדים,2,0,2
2021-05-05T00:00:00.000Z,הולנד,39,31,70
2021-05-05T00:00:00.000Z,הממלכה המאוחדת,10,30,40
2021-05-05T00:00:00.000Z,ונצואלה,0,3,3
2021-05-05T00:00:00.000Z,זימבאבווה,1,0,1
2021-05-05T00:00:00.000Z,זמביה,1,0,1
2021-05-05T00:00:00.000Z,טיוואן,1,8,9
2021-05-05T00:00:00.000Z,טנזניה,5,0,5
2021-05-05T00:00:00.000Z,יוון,46,2,48
2021-05-05T00:00:00.000Z,ירדן,27,31,58
2021-05-05T00:00:00.000Z,כלל המדינות,2425,2873,5298
2021-05-05T00:00:00.000Z,ליטא,4,0,4
2021-05-05T00:00:00.000Z,מוזמביק,1,0,1
2021-05-05T00:00:00.000Z,מולדובה,1,0,1
2021-05-05T00:00:00.000Z,מלדיבים,14,0,14
2021-05-05T00:00:00.000Z,מלטה,6,0,6
2021-05-05T00:00:00.000Z,מצרים,280,46,326
2021-05-05T00:00:00.000Z,מקסיקו,41,6,47
2021-05-05T00:00:00.000Z,נורבגיה,0,1,1
2021-05-05T00:00:00.000Z,ניגריה,2,1,3
2021-05-05T00:00:00.000Z,ניו זילנד,1,1,2
2021-05-05T00:00:00.000Z,נפאל,2,2,4
2021-05-05T00:00:00.000Z,סין,0,17,17
2021-05-05T00:00:00.000Z,סינגפור,0,1,1
2021-05-05T00:00:00.000Z,ספרד,2,5,7
2021-05-05T00:00:00.000Z,סרביה,3,6,9
2021-05-05T00:00:00.000Z,סרי לנקה (צילון),0,1,1
2021-05-05T00:00:00.000Z,ערב הסעודית,0,1,1
2021-05-05T00:00:00.000Z,פולין,28,12,40
2021-05-05T00:00:00.000Z,פורטוגל,1,8,9
2021-05-05T00:00:00.000Z,פיליפינים,1,2,3
2021-05-05T00:00:00.000Z,פינלנד,3,0,3
2021-05-05T00:00:00.000Z,פנמה,1,0,1
2021-05-05T00:00:00.000Z,צכיה,3,1,4
2021-05-05T00:00:00.000Z,צרפת,79,200,279
2021-05-05T00:00:00.000Z,קוסטה ריקה,14,3,17
2021-05-05T00:00:00.000Z,קזחסטאן,3,1,4
2021-05-05T00:00:00.000Z,קירג'זסטאן,1,0,1
2021-05-05T00:00:00.000Z,קנדה,6,87,93
2021-05-05T00:00:00.000Z,קניה,3,4,7
2021-05-05T00:00:00.000Z,קפריסין,72,10,82
2021-05-05T00:00:00.000Z,קרואטיה,6,3,9
2021-05-05T00:00:00.000Z,רומניה,39,28,67
2021-05-05T00:00:00.000Z,רוסיה,69,86,155
2021-05-05T00:00:00.000Z,שוודיה,1,5,6
2021-05-05T00:00:00.000Z,שוויץ,6,10,16
2021-05-05T00:00:00.000Z,תאילנד,1,3,4
2021-05-05T00:00:00.000Z,תורכיה,39,21,60
2021-05-05T00:00:00.000Z,איחוד האמירויות הערב,193,32,225
2021-05-05T00:00:00.000Z,אוגנדה,1,0,1
2021-05-05T00:00:00.000Z,אוזבקיסטן,2,0,2
2021-05-05T00:00:00.000Z,אוסטריה,23,27,50
2021-05-05T00:00:00.000Z,אוסטרליה,0,13,13
2021-05-05T00:00:00.000Z,אוקראינה,38,31,69
2021-05-05T00:00:00.000Z,אזרביג'אן,11,0,11
2021-05-05T00:00:00.000Z,איטליה,23,16,39
2021-05-05T00:00:00.000Z,איי ווליס ופוטונה,1,0,1
2021-05-05T00:00:00.000Z,איי סיישל,109,14,123
2021-05-05T00:00:00.000Z,איסלנד,6,0,6
2021-05-05T00:00:00.000Z,אסטוניה,1,3,4
2021-05-05T00:00:00.000Z,ארגנטינה,0,4,4
2021-05-05T00:00:00.000Z,ארצות הברית,550,715,1265
2021-05-05T00:00:00.000Z,אתיופיה,19,14,33
2021-05-05T00:00:00.000Z,בוטסואנה,0,2,2
2021-05-05T00:00:00.000Z,בולגריה,2,0,2
2021-05-05T00:00:00.000Z,בלגיה,3,6,9
2021-05-05T00:00:00.000Z,ברזיל,0,2,2
2021-05-06T00:00:00.000Z,מדגסקר,0,2,2
2021-05-06T00:00:00.000Z,זימבאבווה,2,0,2
2021-05-06T00:00:00.000Z,תורכיה,48,30,78
2021-05-06T00:00:00.000Z,תאילנד,7,268,275
2021-05-06T00:00:00.000Z,שוויץ,23,35,58
2021-05-06T00:00:00.000Z,שוודיה,2,1,3
2021-05-06T00:00:00.000Z,רוסיה,47,93,140
2021-05-06T00:00:00.000Z,רומניה,34,12,46
2021-05-06T00:00:00.000Z,רואנדה,2,0,2
2021-05-06T00:00:00.000Z,קרואטיה,5,2,7
2021-05-06T00:00:00.000Z,קפריסין,209,9,218
2021-05-06T00:00:00.000Z,קניה,2,2,4
2021-05-06T00:00:00.000Z,קנדה,4,1,5
2021-05-06T00:00:00.000Z,קמרון,3,1,4
2021-05-06T00:00:00.000Z,קירג'זסטאן,0,1,1
2021-05-06T00:00:00.000Z,קטר,2,1,3
2021-05-06T00:00:00.000Z,קזחסטאן,4,1,5
2021-05-06T00:00:00.000Z,קוריאה הדרומית,1,0,1
2021-05-06T00:00:00.000Z,קוסטה ריקה,6,1,7
2021-05-06T00:00:00.000Z,קולומביה,5,6,11
2021-05-06T00:00:00.000Z,צרפת,140,189,329
2021-05-06T00:00:00.000Z,צכיה,0,1,1
2021-05-06T00:00:00.000Z,פרו,1,2,3
2021-05-06T00:00:00.000Z,פנמה,5,4,9
2021-05-06T00:00:00.000Z,פינלנד,2,1,3
2021-05-06T00:00:00.000Z,פיליפינים,1,12,13
2021-05-06T00:00:00.000Z,פורטוגל,7,0,7
2021-05-06T00:00:00.000Z,פולין,6,1,7
2021-05-06T00:00:00.000Z,ערב הסעודית,2,1,3
2021-05-06T00:00:00.000Z,סרי לנקה (צילון),1,0,1
2021-05-06T00:00:00.000Z,סרביה,1,0,1
2021-05-06T00:00:00.000Z,ספרד,24,17,41
2021-05-06T00:00:00.000Z,סנגל,4,0,4
2021-05-06T00:00:00.000Z,סלובניה,2,0,2
2021-05-06T00:00:00.000Z,סינגפור,2,0,2
2021-05-06T00:00:00.000Z,סין,0,6,6
2021-05-06T00:00:00.000Z,סיירה ליאונה,0,1,1
2021-05-06T00:00:00.000Z,סוריה,0,4,4
2021-05-06T00:00:00.000Z,נפאל,7,4,11
2021-05-06T00:00:00.000Z,ניגריה,4,0,4
2021-05-06T00:00:00.000Z,נורבגיה,0,3,3
2021-05-06T00:00:00.000Z,מקסיקו,7,3,10
2021-05-06T00:00:00.000Z,מצרים,362,24,386
2021-05-06T00:00:00.000Z,מלדיבים,15,0,15
2021-05-06T00:00:00.000Z,מולדובה,26,78,104
2021-05-06T00:00:00.000Z,מוזמביק,1,0,1
2021-05-06T00:00:00.000Z,איחוד האמירויות הערב,391,37,428
2021-05-06T00:00:00.000Z,מאלי,1,1,2
2021-05-06T00:00:00.000Z,לסוטו,1,0,1
2021-05-06T00:00:00.000Z,ליטא,3,2,5
2021-05-06T00:00:00.000Z,לבנון,1,1,2
2021-05-06T00:00:00.000Z,כלל המדינות,3615,3582,7197
2021-05-06T00:00:00.000Z,ירדן,49,41,90
2021-05-06T00:00:00.000Z,יוון,74,4,78
2021-05-06T00:00:00.000Z,טנזניה,3,0,3
2021-05-06T00:00:00.000Z,טיוואן,3,1,4
2021-05-06T00:00:00.000Z,חוף השנהב,8,2,10
2021-05-06T00:00:00.000Z,זמביה,1,0,1
2021-05-06T00:00:00.000Z,זאיר,0,1,1
2021-05-06T00:00:00.000Z,הרפ הדומיניקנית,0,1,1
2021-05-06T00:00:00.000Z,הממלכה המאוחדת,76,123,199
2021-05-06T00:00:00.000Z,הונגריה,1,0,1
2021-05-06T00:00:00.000Z,הולנד,3,1,4
2021-05-06T00:00:00.000Z,דרום אפריקה,8,7,15
2021-05-06T00:00:00.000Z,דרום אמריקה,0,1,1
2021-05-06T00:00:00.000Z,דנמרק,4,7,11
2021-05-06T00:00:00.000Z,גרמניה,112,85,197
2021-05-06T00:00:00.000Z,גווטאמלה,0,1,1
2021-05-06T00:00:00.000Z,גבון,1,0,1
2021-05-06T00:00:00.000Z,גאנה,8,1,9
2021-05-06T00:00:00.000Z,גאורגיה,240,28,268
2021-05-06T00:00:00.000Z,ברזיל,8,3,11
2021-05-06T00:00:00.000Z,בלגיה,44,44,88
2021-05-06T00:00:00.000Z,בילורוסיה,103,36,139
2021-05-06T00:00:00.000Z,בולגריה,20,4,24
2021-05-06T00:00:00.000Z,אתיופיה,40,15,55
2021-05-06T00:00:00.000Z,ארצות הברית,474,494,968
2021-05-06T00:00:00.000Z,ארמניה,0,1,1
2021-05-06T00:00:00.000Z,ארגנטינה,8,22,30
2021-05-06T00:00:00.000Z,אסטוניה,3,0,3
2021-05-06T00:00:00.000Z,אנגולה,2,1,3
2021-05-06T00:00:00.000Z,אלבניה,4,0,4
2021-05-06T00:00:00.000Z,אירלנד,2,4,6
2021-05-06T00:00:00.000Z,איי סיישל,95,5,100
2021-05-06T00:00:00.000Z,איטליה,13,8,21
2021-05-06T00:00:00.000Z,אזרביג'אן,28,0,28
2021-05-06T00:00:00.000Z,אורגוואי,1,2,3
2021-05-06T00:00:00.000Z,אוקראינה,66,59,125
2021-05-06T00:00:00.000Z,אוסטרליה,1,2,3
2021-05-06T00:00:00.000Z,אוסטריה,20,13,33
2021-05-06T00:00:00.000Z,אוזבקיסטן,7,5,12
2021-05-06T00:00:00.000Z,אוגנדה,5,1,6
2021-05-07T00:00:00.000Z,מצרים,274,25,299
2021-05-07T00:00:00.000Z,מקסיקו,14,7,21
2021-05-07T00:00:00.000Z,מרוקו,5,0,5
2021-05-07T00:00:00.000Z,נורבגיה,0,2,2
2021-05-07T00:00:00.000Z,ניו זילנד,2,0,2
2021-05-07T00:00:00.000Z,נפאל,3,1,4
2021-05-07T00:00:00.000Z,סוריה,0,6,6
2021-05-07T00:00:00.000Z,סלובניה,0,1,1
2021-05-07T00:00:00.000Z,ספרד,19,7,26
2021-05-07T00:00:00.000Z,סרביה,2,3,5
2021-05-07T00:00:00.000Z,פולין,44,6,50
2021-05-07T00:00:00.000Z,פורטוגל,13,4,17
2021-05-07T00:00:00.000Z,פינלנד,2,6,8
2021-05-07T00:00:00.000Z,פנמה,2,4,6
2021-05-07T00:00:00.000Z,פרו,0,1,1
2021-05-07T00:00:00.000Z,צכיה,7,0,7
2021-05-07T00:00:00.000Z,צרפת,88,193,281
2021-05-07T00:00:00.000Z,קולומביה,1,1,2
2021-05-07T00:00:00.000Z,קוסטה ריקה,5,1,6
2021-05-07T00:00:00.000Z,קוריאה הדרומית,1,0,1
2021-05-07T00:00:00.000Z,הודו,0,1,1
2021-05-07T00:00:00.000Z,דנמרק,1,0,1
2021-05-07T00:00:00.000Z,איחוד האמירויות הערב,181,14,195
2021-05-07T00:00:00.000Z,דרום אמריקה,0,1,1
2021-05-07T00:00:00.000Z,קזחסטאן,3,4,7
2021-05-07T00:00:00.000Z,ברזיל,1,4,5
2021-05-07T00:00:00.000Z,בלגיה,0,6,6
2021-05-07T00:00:00.000Z,בילורוסיה,4,1,5
2021-05-07T00:00:00.000Z,בחריין,0,1,1
2021-05-07T00:00:00.000Z,בולגריה,103,17,120
2021-05-07T00:00:00.000Z,ארצות הברית,784,568,1352
2021-05-07T00:00:00.000Z,ארמניה,1,0,1
2021-05-07T00:00:00.000Z,אסטוניה,1,2,3
2021-05-07T00:00:00.000Z,אנגולה,1,0,1
2021-05-07T00:00:00.000Z,אלבניה,2,1,3
2021-05-07T00:00:00.000Z,איסלנד,2,0,2
2021-05-07T00:00:00.000Z,אינדונזיה,1,0,1
2021-05-07T00:00:00.000Z,איי סיישל,1,0,1
2021-05-07T00:00:00.000Z,איטליה,38,14,52
2021-05-07T00:00:00.000Z,אזרביג'אן,1,0,1
2021-05-07T00:00:00.000Z,אוקראינה,42,18,60
2021-05-07T00:00:00.000Z,אוסטרליה,0,2,2
2021-05-07T00:00:00.000Z,אוסטריה,44,22,66
2021-05-07T00:00:00.000Z,אוזבקיסטן,3,0,3
2021-05-07T00:00:00.000Z,גאורגיה,197,28,225
2021-05-07T00:00:00.000Z,גרמניה,87,60,147
2021-05-07T00:00:00.000Z,הולנד,33,22,55
2021-05-07T00:00:00.000Z,הונגריה,56,19,75
2021-05-07T00:00:00.000Z,הממלכה המאוחדת,26,58,84
2021-05-07T00:00:00.000Z,הרפ הדומיניקנית,1,0,1
2021-05-07T00:00:00.000Z,יוון,86,6,92
2021-05-07T00:00:00.000Z,כלל המדינות,2988,3261,6249
2021-05-07T00:00:00.000Z,לטביה,2,4,6
2021-05-07T00:00:00.000Z,ליטא,2,2,4
2021-05-07T00:00:00.000Z,מולדובה,1,1,2
2021-05-07T00:00:00.000Z,מונטנגרו,27,2,29
2021-05-07T00:00:00.000Z,מלדיבים,8,0,8
2021-05-07T00:00:00.000Z,מלטה,5,0,5
2021-05-07T00:00:00.000Z,תורכיה,11,9,20
2021-05-07T00:00:00.000Z,תאילנד,4,5,9
2021-05-07T00:00:00.000Z,שוויץ,76,39,115
2021-05-07T00:00:00.000Z,שוודיה,1,3,4
2021-05-07T00:00:00.000Z,רוסיה,169,130,299
2021-05-07T00:00:00.000Z,רומניה,1,0,1
2021-05-07T00:00:00.000Z,קפריסין,79,18,97
2021-05-07T00:00:00.000Z,קנדה,5,42,47
2021-05-07T00:00:00.000Z,קטר,0,1,1
2021-05-08T00:00:00.000Z,לבנון,0,1,1
2021-05-08T00:00:00.000Z,איחוד האמירויות הערב,152,23,175
2021-05-08T00:00:00.000Z,לסוטו,1,0,1
2021-05-08T00:00:00.000Z,מוזמביק,2,0,2
2021-05-08T00:00:00.000Z,מלאווי,1,0,1
2021-05-08T00:00:00.000Z,מלדיבים,3,0,3
2021-05-08T00:00:00.000Z,מצרים,523,20,543
2021-05-08T00:00:00.000Z,מקסיקו,1,3,4
2021-05-08T00:00:00.000Z,ניגריה,6,3,9
2021-05-08T00:00:00.000Z,ניו זילנד,0,1,1
2021-05-08T00:00:00.000Z,נמיביה,2,0,2
2021-05-08T00:00:00.000Z,סין,0,5,5
2021-05-08T00:00:00.000Z,סינגפור,1,0,1
2021-05-08T00:00:00.000Z,סנגל,1,0,1
2021-05-08T00:00:00.000Z,ספרד,1,4,5
2021-05-08T00:00:00.000Z,סרביה,1,0,1
2021-05-08T00:00:00.000Z,פולין,14,4,18
2021-05-08T00:00:00.000Z,פורטוגל,11,8,19
2021-05-08T00:00:00.000Z,פיליפינים,0,6,6
2021-05-08T00:00:00.000Z,פינלנד,3,4,7
2021-05-08T00:00:00.000Z,צכיה,3,3,6
2021-05-08T00:00:00.000Z,צרפת,18,59,77
2021-05-08T00:00:00.000Z,קוסטה ריקה,1,2,3
2021-05-08T00:00:00.000Z,קוריאה הדרומית,2,4,6
2021-05-08T00:00:00.000Z,קזחסטאן,1,0,1
2021-05-08T00:00:00.000Z,קנדה,0,1,1
2021-05-08T00:00:00.000Z,קניה,6,2,8
2021-05-08T00:00:00.000Z,קפריסין,86,9,95
2021-05-08T00:00:00.000Z,קרואטיה,2,3,5
2021-05-08T00:00:00.000Z,רומניה,40,17,57
2021-05-08T00:00:00.000Z,רפ מרכז אפריקנית,1,0,1
2021-05-08T00:00:00.000Z,שוודיה,1,2,3
2021-05-08T00:00:00.000Z,שוויץ,5,3,8
2021-05-08T00:00:00.000Z,תאילנד,0,4,4
2021-05-08T00:00:00.000Z,תורכיה,10,17,27
2021-05-08T00:00:00.000Z,לטביה,1,0,1
2021-05-08T00:00:00.000Z,כלל המדינות,1626,1095,2721
2021-05-08T00:00:00.000Z,ירדן,1,0,1
2021-05-08T00:00:00.000Z,יפן,0,2,2
2021-05-08T00:00:00.000Z,יוון,4,4,8
2021-05-08T00:00:00.000Z,טנזניה,0,1,1
2021-05-08T00:00:00.000Z,חוף השנהב,1,0,1
2021-05-08T00:00:00.000Z,זמביה,4,0,4
2021-05-08T00:00:00.000Z,זאיר,2,0,2
2021-05-08T00:00:00.000Z,הרפ הדומיניקנית,2,0,2
2021-05-08T00:00:00.000Z,הממלכה המאוחדת,15,14,29
2021-05-08T00:00:00.000Z,הונגריה,1,0,1
2021-05-08T00:00:00.000Z,האנטילים ההולנדים,1,0,1
2021-05-08T00:00:00.000Z,דרום אפריקה,6,3,9
2021-05-08T00:00:00.000Z,דנמרק,3,2,5
2021-05-08T00:00:00.000Z,גרמניה,81,104,185
2021-05-08T00:00:00.000Z,גינאה,1,0,1
2021-05-08T00:00:00.000Z,גאנה,4,0,4
2021-05-08T00:00:00.000Z,גאורגיה,2,0,2
2021-05-08T00:00:00.000Z,ברזיל,2,1,3
2021-05-08T00:00:00.000Z,בלגיה,1,7,8
2021-05-08T00:00:00.000Z,בילורוסיה,1,0,1
2021-05-08T00:00:00.000Z,אתיופיה,30,6,36
2021-05-08T00:00:00.000Z,ארצות הברית,286,457,743
2021-05-08T00:00:00.000Z,ארגנטינה,1,0,1
2021-05-08T00:00:00.000Z,אסטוניה,2,0,2
2021-05-08T00:00:00.000Z,אנגולה,1,0,1
2021-05-08T00:00:00.000Z,אירלנד,2,5,7
2021-05-08T00:00:00.000Z,איי סיישל,60,4,64
2021-05-08T00:00:00.000Z,איטליה,17,5,22
2021-05-08T00:00:00.000Z,אורגוואי,1,0,1
2021-05-08T00:00:00.000Z,אוקראינה,61,20,81
2021-05-08T00:00:00.000Z,אוסטרליה,0,1,1
2021-05-08T00:00:00.000Z,אוסטריה,20,20,40
2021-05-08T00:00:00.000Z,אוזבקיסטן,1,1,2
2021-05-08T00:00:00.000Z,אוגנדה,7,0,7
2021-05-09T00:00:00.000Z,מקסיקו,12,2,14
2021-05-09T00:00:00.000Z,מרוקו,0,2,2
2021-05-09T00:00:00.000Z,נורבגיה,1,0,1
2021-05-09T00:00:00.000Z,ניגריה,1,0,1
2021-05-09T00:00:00.000Z,סינגפור,1,0,1
2021-05-09T00:00:00.000Z,ספרד,1,11,12
2021-05-09T00:00:00.000Z,סרביה,12,6,18
2021-05-09T00:00:00.000Z,סרי לנקה (צילון),1,1,2
2021-05-09T00:00:00.000Z,ערב הסעודית,0,2,2
2021-05-09T00:00:00.000Z,פולין,34,9,43
2021-05-09T00:00:00.000Z,פורטו ריקו,1,0,1
2021-05-09T00:00:00.000Z,פורטוגל,11,2,13
2021-05-09T00:00:00.000Z,פיליפינים,1,9,10
2021-05-09T00:00:00.000Z,פינלנד,4,1,5
2021-05-09T00:00:00.000Z,פרו,1,0,1
2021-05-09T00:00:00.000Z,צכיה,2,0,2
2021-05-09T00:00:00.000Z,צרפת,104,208,312
2021-05-09T00:00:00.000Z,קולומביה,1,0,1
2021-05-09T00:00:00.000Z,קוסטה ריקה,3,0,3
2021-05-09T00:00:00.000Z,קוריאה הדרומית,6,6,12
2021-05-09T00:00:00.000Z,קירג'זסטאן,0,1,1
2021-05-09T00:00:00.000Z,קנדה,0,18,18
2021-05-09T00:00:00.000Z,קניה,2,0,2
2021-05-09T00:00:00.000Z,קפריסין,158,30,188
2021-05-09T00:00:00.000Z,איטליה,22,23,45
2021-05-09T00:00:00.000Z,אזרביג'אן,12,6,18
2021-05-09T00:00:00.000Z,אוקראינה,53,20,73
2021-05-09T00:00:00.000Z,איחוד האמירויות הערב,219,33,252
2021-05-09T00:00:00.000Z,אוסטרליה,1,4,5
2021-05-09T00:00:00.000Z,אוסטריה,14,13,27
2021-05-09T00:00:00.000Z,אוזבקיסטן,8,4,12
2021-05-09T00:00:00.000Z,איי סיישל,134,10,144
2021-05-09T00:00:00.000Z,אינדונזיה,0,3,3
2021-05-09T00:00:00.000Z,איסלנד,6,0,6
2021-05-09T00:00:00.000Z,אירלנד,1,0,1
2021-05-09T00:00:00.000Z,אל סלבדור,1,0,1
2021-05-09T00:00:00.000Z,אנגולה,1,0,1
2021-05-09T00:00:00.000Z,ארצות הברית,304,325,629
2021-05-09T00:00:00.000Z,אוגנדה,0,1,1
2021-05-09T00:00:00.000Z,בולגריה,120,3,123
2021-05-09T00:00:00.000Z,בחריין,0,1,1
2021-05-09T00:00:00.000Z,בילורוסיה,194,16,210
2021-05-09T00:00:00.000Z,בלגיה,1,5,6
2021-05-09T00:00:00.000Z,ברזיל,2,0,2
2021-05-09T00:00:00.000Z,גאורגיה,383,24,407
2021-05-09T00:00:00.000Z,גאנה,3,1,4
2021-05-09T00:00:00.000Z,גרמניה,90,144,234
2021-05-09T00:00:00.000Z,דנמרק,1,4,5
2021-05-09T00:00:00.000Z,דרום אפריקה,10,71,81
2021-05-09T00:00:00.000Z,הולנד,49,65,114
2021-05-09T00:00:00.000Z,הממלכה המאוחדת,58,142,200
2021-05-09T00:00:00.000Z,ויטנאם,0,1,1
2021-05-09T00:00:00.000Z,טיוואן,1,0,1
2021-05-09T00:00:00.000Z,יוון,221,19,240
2021-05-09T00:00:00.000Z,יפן,0,1,1
2021-05-09T00:00:00.000Z,ירדן,66,53,119
2021-05-09T00:00:00.000Z,כלל המדינות,4148,3709,7857
2021-05-09T00:00:00.000Z,לוכסמבורג,0,1,1
2021-05-09T00:00:00.000Z,לטביה,1,0,1
2021-05-09T00:00:00.000Z,ליטא,2,0,2
2021-05-09T00:00:00.000Z,מולדובה,8,2,10
2021-05-09T00:00:00.000Z,מונטנגרו,4,1,5
2021-05-09T00:00:00.000Z,מונקו,1,0,1
2021-05-09T00:00:00.000Z,מלדיבים,11,2,13
2021-05-09T00:00:00.000Z,מצרים,706,25,731
2021-05-09T00:00:00.000Z,תורכיה,56,29,85
2021-05-09T00:00:00.000Z,תאילנד,0,2,2
2021-05-09T00:00:00.000Z,שוויץ,22,30,52
2021-05-09T00:00:00.000Z,שוודיה,4,3,7
2021-05-09T00:00:00.000Z,רוסיה,75,50,125
2021-05-09T00:00:00.000Z,רומניה,49,20,69
2021-05-09T00:00:00.000Z,קרואטיה,2,0,2
2021-05-10T00:00:00.000Z,יפן,0,1,1
2021-05-10T00:00:00.000Z,אוגנדה,4,1,5
2021-05-10T00:00:00.000Z,אוסטריה,49,39,88
2021-05-10T00:00:00.000Z,אוסטרליה,1,7,8
2021-05-10T00:00:00.000Z,אוקראינה,49,25,74
2021-05-10T00:00:00.000Z,אורגוואי,1,0,1
2021-05-10T00:00:00.000Z,אזרביג'אן,14,0,14
2021-05-10T00:00:00.000Z,איטליה,26,18,44
2021-05-10T00:00:00.000Z,איי ווליס ופוטונה,1,0,1
2021-05-10T00:00:00.000Z,איי סיישל,147,6,153
2021-05-10T00:00:00.000Z,אלבניה,1,1,2
2021-05-10T00:00:00.000Z,אסטוניה,0,5,5
2021-05-10T00:00:00.000Z,אקואדור,1,0,1
2021-05-10T00:00:00.000Z,ארגנטינה,4,1,5
2021-05-10T00:00:00.000Z,ארמניה,3,0,3
2021-05-10T00:00:00.000Z,ארצות הברית,708,872,1580
2021-05-10T00:00:00.000Z,אתיופיה,32,9,41
2021-05-10T00:00:00.000Z,בוטסואנה,2,0,2
2021-05-10T00:00:00.000Z,בולגריה,267,20,287
2021-05-10T00:00:00.000Z,בוליביה,1,0,1
2021-05-10T00:00:00.000Z,בוסניה הרצגובינה,1,0,1
2021-05-10T00:00:00.000Z,בילורוסיה,0,1,1
2021-05-10T00:00:00.000Z,בלגיה,12,13,25
2021-05-10T00:00:00.000Z,ברזיל,1,1,2
2021-05-10T00:00:00.000Z,גאורגיה,214,14,228
2021-05-10T00:00:00.000Z,גאנה,5,4,9
2021-05-10T00:00:00.000Z,גרמניה,73,93,166
2021-05-10T00:00:00.000Z,דנמרק,0,2,2
2021-05-10T00:00:00.000Z,דרום אמריקה,0,2,2
2021-05-10T00:00:00.000Z,דרום אפריקה,8,3,11
2021-05-10T00:00:00.000Z,דרום סודאן,1,0,1
2021-05-10T00:00:00.000Z,האנטילים ההולנדים,0,1,1
2021-05-10T00:00:00.000Z,הודו,33,31,64
2021-05-10T00:00:00.000Z,הולנד,37,24,61
2021-05-10T00:00:00.000Z,הונג קונג,0,4,4
2021-05-10T00:00:00.000Z,הונגריה,48,15,63
2021-05-10T00:00:00.000Z,הונדורס,1,1,2
2021-05-10T00:00:00.000Z,הממלכה המאוחדת,47,96,143
2021-05-10T00:00:00.000Z,זמביה,4,1,5
2021-05-10T00:00:00.000Z,טג'יקיסטאן,2,0,2
2021-05-10T00:00:00.000Z,טיוואן,2,2,4
2021-05-10T00:00:00.000Z,טנזניה,7,0,7
2021-05-10T00:00:00.000Z,יוון,255,13,268
2021-05-10T00:00:00.000Z,אוזבקיסטן,3,2,5
2021-05-10T00:00:00.000Z,ירדן,62,30,92
2021-05-10T00:00:00.000Z,כלל המדינות,4239,3765,8004
2021-05-10T00:00:00.000Z,לוכסמבורג,1,0,1
2021-05-10T00:00:00.000Z,לטביה,0,1,1
2021-05-10T00:00:00.000Z,ליטא,3,0,3
2021-05-10T00:00:00.000Z,מלדיבים,23,0,23
2021-05-10T00:00:00.000Z,מצרים,446,15,461
2021-05-10T00:00:00.000Z,מקדוניה,5,0,5
2021-05-10T00:00:00.000Z,מקסיקו,8,9,17
2021-05-10T00:00:00.000Z,ניגריה,4,2,6
2021-05-10T00:00:00.000Z,סין,1,0,1
2021-05-10T00:00:00.000Z,סינגפור,0,2,2
2021-05-10T00:00:00.000Z,סלובניה,5,0,5
2021-05-10T00:00:00.000Z,סן מרינו,2,1,3
2021-05-10T00:00:00.000Z,ספרד,22,34,56
2021-05-10T00:00:00.000Z,סרביה,4,0,4
2021-05-10T00:00:00.000Z,ערב הסעודית,3,1,4
2021-05-10T00:00:00.000Z,פולין,5,4,9
2021-05-10T00:00:00.000Z,איחוד האמירויות הערב,234,20,254
2021-05-10T00:00:00.000Z,פורטוגל,14,8,22
2021-05-10T00:00:00.000Z,פיליפינים,0,10,10
2021-05-10T00:00:00.000Z,פינלנד,0,3,3
2021-05-10T00:00:00.000Z,פנמה,2,9,11
2021-05-10T00:00:00.000Z,פרו,0,2,2
2021-05-10T00:00:00.000Z,צ'ילה,0,5,5
2021-05-10T00:00:00.000Z,צכיה,3,6,9
2021-05-10T00:00:00.000Z,צרפת,150,262,412
2021-05-10T00:00:00.000Z,קולומביה,1,6,7
2021-05-10T00:00:00.000Z,קוסטה ריקה,3,2,5
2021-05-10T00:00:00.000Z,קטר,1,1,2
2021-05-10T00:00:00.000Z,קנדה,0,6,6
2021-05-10T00:00:00.000Z,קניה,12,0,12
2021-05-10T00:00:00.000Z,קפריסין,77,6,83
2021-05-10T00:00:00.000Z,קרואטיה,6,1,7
2021-05-10T00:00:00.000Z,רואנדה,3,0,3
2021-05-10T00:00:00.000Z,רומניה,41,27,68
2021-05-10T00:00:00.000Z,רוסיה,177,239,416
2021-05-10T00:00:00.000Z,שוודיה,1,3,4
2021-05-10T00:00:00.000Z,שוויץ,41,37,78
2021-05-10T00:00:00.000Z,תאילנד,1,0,1
2021-05-10T00:00:00.000Z,תוניסיה,1,0,1
2021-05-10T00:00:00.000Z,תורכיה,31,16,47
2021-05-10T00:00:00.000Z,מלטה,0,1,1
2021-05-11T00:00:00.000Z,כלל המדינות,2111,2508,4619
2021-05-11T00:00:00.000Z,לטביה,4,2,6
2021-05-11T00:00:00.000Z,ליבריה,1,0,1
2021-05-11T00:00:00.000Z,ליטא,1,2,3
2021-05-11T00:00:00.000Z,מולדובה,39,41,80
2021-05-11T00:00:00.000Z,מלדיבים,10,3,13
2021-05-11T00:00:00.000Z,מלטה,1,0,1
2021-05-11T00:00:00.000Z,מצרים,347,27,374
2021-05-11T00:00:00.000Z,מקסיקו,3,0,3
2021-05-11T00:00:00.000Z,ניגריה,2,0,2
2021-05-11T00:00:00.000Z,ספרד,16,18,34
2021-05-11T00:00:00.000Z,סרביה,6,0,6
2021-05-11T00:00:00.000Z,עירק,0,2,2
2021-05-11T00:00:00.000Z,אוקראינה,13,18,31
2021-05-11T00:00:00.000Z,אוסטריה,5,1,6
2021-05-11T00:00:00.000Z,אוזבקיסטן,5,26,31
2021-05-11T00:00:00.000Z,אוגנדה,7,1,8
2021-05-11T00:00:00.000Z,בהמס,1,0,1
2021-05-11T00:00:00.000Z,אתיופיה,24,4,28
2021-05-11T00:00:00.000Z,ארצות הברית,378,398,776
2021-05-11T00:00:00.000Z,ארגנטינה,4,9,13
2021-05-11T00:00:00.000Z,אקואדור,6,2,8
2021-05-11T00:00:00.000Z,אסטוניה,0,1,1
2021-05-11T00:00:00.000Z,תורכיה,22,15,37
2021-05-11T00:00:00.000Z,תאילנד,6,1,7
2021-05-11T00:00:00.000Z,שוויץ,10,4,14
2021-05-11T00:00:00.000Z,שוודיה,2,3,5
2021-05-11T00:00:00.000Z,רוסיה,29,26,55
2021-05-11T00:00:00.000Z,רומניה,25,11,36
2021-05-11T00:00:00.000Z,קרואטיה,2,0,2
2021-05-11T00:00:00.000Z,קפריסין,53,14,67
2021-05-11T00:00:00.000Z,קניה,4,1,5
2021-05-11T00:00:00.000Z,קנדה,1,4,5
2021-05-11T00:00:00.000Z,קמרון,1,1,2
2021-05-11T00:00:00.000Z,קירג'זסטאן,0,1,1
2021-05-11T00:00:00.000Z,קזחסטאן,3,0,3
2021-05-11T00:00:00.000Z,אנטיגואה וברבודה,2,0,2
2021-05-11T00:00:00.000Z,קוסטה ריקה,3,0,3
2021-05-11T00:00:00.000Z,צרפת,102,182,284
2021-05-11T00:00:00.000Z,פיליפינים,1,3,4
2021-05-11T00:00:00.000Z,פורטוגל,2,0,2
2021-05-11T00:00:00.000Z,פולין,1,0,1
2021-05-11T00:00:00.000Z,ערב הסעודית,0,1,1
2021-05-11T00:00:00.000Z,אנגולה,1,0,1
2021-05-11T00:00:00.000Z,אלבניה,1,0,1
2021-05-11T00:00:00.000Z,אירלנד,2,1,3
2021-05-11T00:00:00.000Z,איי הבתולה,0,2,2
2021-05-11T00:00:00.000Z,איחוד האמירויות הערב,170,20,190
2021-05-11T00:00:00.000Z,איטליה,1,0,1
2021-05-11T00:00:00.000Z,אזרביג'אן,9,2,11
2021-05-11T00:00:00.000Z,אורגוואי,0,3,3
2021-05-11T00:00:00.000Z,בולגריה,23,1,24
2021-05-11T00:00:00.000Z,בוליביה,0,1,1
2021-05-11T00:00:00.000Z,בחריין,0,2,2
2021-05-11T00:00:00.000Z,בילורוסיה,71,16,87
2021-05-11T00:00:00.000Z,בלגיה,2,3,5
2021-05-11T00:00:00.000Z,ברזיל,7,2,9
2021-05-11T00:00:00.000Z,גאורגיה,60,8,68
2021-05-11T00:00:00.000Z,גאנה,4,0,4
2021-05-11T00:00:00.000Z,גרמניה,36,58,94
2021-05-11T00:00:00.000Z,דנמרק,2,0,2
2021-05-11T00:00:00.000Z,דרום אמריקה,1,0,1
2021-05-11T00:00:00.000Z,דרום אפריקה,12,3,15
2021-05-11T00:00:00.000Z,הולנד,1,0,1
2021-05-11T00:00:00.000Z,הונג קונג,0,1,1
2021-05-11T00:00:00.000Z,הונגריה,37,34,71
2021-05-11T00:00:00.000Z,הממלכה המאוחדת,27,58,85
2021-05-11T00:00:00.000Z,זאיר,1,0,1
2021-05-11T00:00:00.000Z,זימבאבווה,1,1,2
2021-05-11T00:00:00.000Z,יוון,89,65,154
2021-05-11T00:00:00.000Z,יפן,0,1,1
2021-05-11T00:00:00.000Z,ירדן,59,26,85
2021-05-11T00:00:00.000Z,קוריאה הדרומית,0,6,6
2021-05-12T00:00:00.000Z,אוקראינה,26,30,56
2021-05-12T00:00:00.000Z,תאילנד,0,5,5
2021-05-12T00:00:00.000Z,שוויץ,3,9,12
2021-05-12T00:00:00.000Z,רוסיה,3,0,3
2021-05-12T00:00:00.000Z,רומניה,64,15,79
2021-05-12T00:00:00.000Z,רואנדה,2,0,2
2021-05-12T00:00:00.000Z,קפריסין,74,10,84
2021-05-12T00:00:00.000Z,קניה,7,0,7
2021-05-12T00:00:00.000Z,קנדה,0,4,4
2021-05-12T00:00:00.000Z,קטר,1,0,1
2021-05-12T00:00:00.000Z,קוריאה הדרומית,3,2,5
2021-05-12T00:00:00.000Z,קוסובו,2,0,2
2021-05-12T00:00:00.000Z,צרפת,91,158,249
2021-05-12T00:00:00.000Z,צכיה,1,0,1
2021-05-12T00:00:00.000Z,פינלנד,0,2,2
2021-05-12T00:00:00.000Z,פיליפינים,0,4,4
2021-05-12T00:00:00.000Z,פורטוגל,1,0,1
2021-05-12T00:00:00.000Z,פולין,35,6,41
2021-05-12T00:00:00.000Z,סרי לנקה (צילון),2,1,3
2021-05-12T00:00:00.000Z,סרביה,1,1,2
2021-05-12T00:00:00.000Z,ספרד,1,1,2
2021-05-12T00:00:00.000Z,סלובניה,1,0,1
2021-05-12T00:00:00.000Z,סינגפור,0,5,5
2021-05-12T00:00:00.000Z,אוגנדה,1,0,1
2021-05-12T00:00:00.000Z,איחוד האמירויות הערב,122,27,149
2021-05-12T00:00:00.000Z,סין,1,30,31
2021-05-12T00:00:00.000Z,ניגריה,3,1,4
2021-05-12T00:00:00.000Z,מקסיקו,6,7,13
2021-05-12T00:00:00.000Z,מצרים,235,17,252
2021-05-12T00:00:00.000Z,מלדיבים,6,2,8
2021-05-12T00:00:00.000Z,מונטנגרו,24,1,25
2021-05-12T00:00:00.000Z,מולדובה,0,2,2
2021-05-12T00:00:00.000Z,ליבריה,0,1,1
2021-05-12T00:00:00.000Z,לבנון,0,1,1
2021-05-12T00:00:00.000Z,כלל המדינות,2023,1738,3761
2021-05-12T00:00:00.000Z,ירדן,5,11,16
2021-05-12T00:00:00.000Z,יפן,0,1,1
2021-05-12T00:00:00.000Z,יוון,81,4,85
2021-05-12T00:00:00.000Z,טיוואן,1,3,4
2021-05-12T00:00:00.000Z,זמביה,1,0,1
2021-05-12T00:00:00.000Z,זימבאבווה,0,1,1
2021-05-12T00:00:00.000Z,זאיר,1,0,1
2021-05-12T00:00:00.000Z,ונצואלה,2,1,3
2021-05-12T00:00:00.000Z,הממלכה המאוחדת,46,130,176
2021-05-12T00:00:00.000Z,הונגריה,1,0,1
2021-05-12T00:00:00.000Z,הולנד,1,1,2
2021-05-12T00:00:00.000Z,דרום אפריקה,6,1,7
2021-05-12T00:00:00.000Z,גרמניה,45,49,94
2021-05-12T00:00:00.000Z,גאנה,1,0,1
2021-05-12T00:00:00.000Z,גאורגיה,34,1,35
2021-05-12T00:00:00.000Z,ברבדוס,1,0,1
2021-05-12T00:00:00.000Z,בלגיה,3,28,31
2021-05-12T00:00:00.000Z,בילורוסיה,3,2,5
2021-05-12T00:00:00.000Z,בולגריה,1,2,3
2021-05-12T00:00:00.000Z,בוטסואנה,3,0,3
2021-05-12T00:00:00.000Z,אתיופיה,14,7,21
2021-05-12T00:00:00.000Z,ארצות הברית,442,434,876
2021-05-12T00:00:00.000Z,ארגנטינה,1,4,5
2021-05-12T00:00:00.000Z,אנגולה,1,0,1
2021-05-12T00:00:00.000Z,אלבניה,1,0,1
2021-05-12T00:00:00.000Z,אירלנד,2,0,2
2021-05-12T00:00:00.000Z,איי סיישל,88,4,92
2021-05-12T00:00:00.000Z,איטליה,10,7,17
2021-05-12T00:00:00.000Z,אזרביג'אן,1,1,2
2021-05-12T00:00:00.000Z,תורכיה,14,13,27
2021-05-12T00:00:00.000Z,אוסטרליה,0,7,7
2021-05-12T00:00:00.000Z,אוסטריה,1,0,1
2021-05-12T00:00:00.000Z,אוזבקיסטן,4,12,16
2021-05-13T00:00:00.000Z,מדגסקר,0,2,2
2021-05-13T00:00:00.000Z,איחוד האמירויות הערב,112,17,129
2021-05-13T00:00:00.000Z,תאילנד,5,268,273
2021-05-13T00:00:00.000Z,שוויץ,61,43,104
2021-05-13T00:00:00.000Z,שוודיה,1,0,1
2021-05-13T00:00:00.000Z,רוסיה,56,70,126
2021-05-13T00:00:00.000Z,רומניה,4,0,4
2021-05-13T00:00:00.000Z,רואנדה,5,0,5
2021-05-13T00:00:00.000Z,קרואטיה,1,1,2
2021-05-13T00:00:00.000Z,קפריסין,117,10,127
2021-05-13T00:00:00.000Z,קניה,5,1,6
2021-05-13T00:00:00.000Z,קנדה,4,13,17
2021-05-13T00:00:00.000Z,קמרון,1,0,1
2021-05-13T00:00:00.000Z,קזחסטאן,0,1,1
2021-05-13T00:00:00.000Z,קוריאה הדרומית,3,1,4
2021-05-13T00:00:00.000Z,קוסובו,1,0,1
2021-05-13T00:00:00.000Z,קונגו,1,0,1
2021-05-13T00:00:00.000Z,צרפת,107,87,194
2021-05-13T00:00:00.000Z,צ'ילה,0,1,1
2021-05-13T00:00:00.000Z,פרו,1,0,1
2021-05-13T00:00:00.000Z,פיליפינים,0,19,19
2021-05-13T00:00:00.000Z,פורטוגל,6,0,6
2021-05-13T00:00:00.000Z,פולין,8,0,8
2021-05-13T00:00:00.000Z,ספרד,4,0,4
2021-05-13T00:00:00.000Z,סוריה,0,3,3
2021-05-13T00:00:00.000Z,ניגריה,5,0,5
2021-05-13T00:00:00.000Z,מרוקו,1,5,6
2021-05-13T00:00:00.000Z,מקסיקו,5,1,6
2021-05-13T00:00:00.000Z,מצרים,210,29,239
2021-05-13T00:00:00.000Z,מלדיבים,8,3,11
2021-05-13T00:00:00.000Z,תורכיה,1,5,6
2021-05-13T00:00:00.000Z,ליטא,2,0,2
2021-05-13T00:00:00.000Z,לטביה,1,0,1
2021-05-13T00:00:00.000Z,אוגנדה,2,0,2
2021-05-13T00:00:00.000Z,אוזבקיסטן,0,1,1
2021-05-13T00:00:00.000Z,אוסטריה,10,5,15
2021-05-13T00:00:00.000Z,אוסטרליה,0,2,2
2021-05-13T00:00:00.000Z,אוקראינה,1,0,1
2021-05-13T00:00:00.000Z,איטליה,13,3,16
2021-05-13T00:00:00.000Z,איי סיישל,21,1,22
2021-05-13T00:00:00.000Z,ארגנטינה,2,0,2
2021-05-13T00:00:00.000Z,ארצות הברית,333,440,773
2021-05-13T00:00:00.000Z,אתיופיה,38,6,44
2021-05-13T00:00:00.000Z,בוטסואנה,3,0,3
2021-05-13T00:00:00.000Z,בולגריה,107,4,111
2021-05-13T00:00:00.000Z,בלגיה,52,94,146
2021-05-13T00:00:00.000Z,גאורגיה,238,13,251
2021-05-13T00:00:00.000Z,גאנה,4,0,4
2021-05-13T00:00:00.000Z,גרמניה,40,9,49
2021-05-13T00:00:00.000Z,דרום אפריקה,14,4,18
2021-05-13T00:00:00.000Z,הולנד,3,0,3
2021-05-13T00:00:00.000Z,הונגריה,1,0,1
2021-05-13T00:00:00.000Z,הממלכה המאוחדת,37,43,80
2021-05-13T00:00:00.000Z,זימבאבווה,4,0,4
2021-05-13T00:00:00.000Z,זמביה,8,1,9
2021-05-13T00:00:00.000Z,טוגו,1,0,1
2021-05-13T00:00:00.000Z,טיוואן,0,1,1
2021-05-13T00:00:00.000Z,טנזניה,2,0,2
2021-05-13T00:00:00.000Z,יוון,137,13,150
2021-05-13T00:00:00.000Z,ירדן,6,11,17
2021-05-13T00:00:00.000Z,כלל המדינות,2443,1660,4103
2021-05-14T00:00:00.000Z,הונג קונג,0,1,1
2021-05-14T00:00:00.000Z,הונגריה,19,5,24
2021-05-14T00:00:00.000Z,הממלכה המאוחדת,51,179,230
2021-05-14T00:00:00.000Z,הרפ הדומיניקנית,0,1,1
2021-05-14T00:00:00.000Z,חוף השנהב,3,0,3
2021-05-14T00:00:00.000Z,טוגו,7,0,7
2021-05-14T00:00:00.000Z,יוון,185,7,192
2021-05-14T00:00:00.000Z,כלל המדינות,3272,1481,4753
2021-05-14T00:00:00.000Z,לבנון,0,9,9
2021-05-14T00:00:00.000Z,לטביה,1,0,1
2021-05-14T00:00:00.000Z,מולדובה,1,0,1
2021-05-14T00:00:00.000Z,מונטנגרו,24,4,28
2021-05-14T00:00:00.000Z,מונקו,2,0,2
2021-05-14T00:00:00.000Z,מלטה,1,0,1
2021-05-14T00:00:00.000Z,מצרים,137,39,176
2021-05-14T00:00:00.000Z,מקסיקו,8,1,9
2021-05-14T00:00:00.000Z,מרוקו,0,1,1
2021-05-14T00:00:00.000Z,ניגריה,3,0,3
2021-05-14T00:00:00.000Z,סוריה,0,2,2
2021-05-14T00:00:00.000Z,סין,1,97,98
2021-05-14T00:00:00.000Z,סינגפור,1,0,1
2021-05-14T00:00:00.000Z,ספרד,10,1,11
2021-05-14T00:00:00.000Z,סרביה,48,5,53
2021-05-14T00:00:00.000Z,ערב הסעודית,2,0,2
2021-05-14T00:00:00.000Z,פולין,11,3,14
2021-05-14T00:00:00.000Z,איחוד האמירויות הערב,213,32,245
2021-05-14T00:00:00.000Z,פיליפינים,0,6,6
2021-05-14T00:00:00.000Z,פנמה,3,1,4
2021-05-14T00:00:00.000Z,פרו,1,0,1
2021-05-14T00:00:00.000Z,צ'ילה,0,1,1
2021-05-14T00:00:00.000Z,צכיה,8,0,8
2021-05-14T00:00:00.000Z,צרפת,185,187,372
2021-05-14T00:00:00.000Z,קוסטה ריקה,7,4,11
2021-05-14T00:00:00.000Z,קוריאה הדרומית,9,0,9
2021-05-14T00:00:00.000Z,קזחסטאן,1,0,1
2021-05-14T00:00:00.000Z,קטר,1,0,1
2021-05-14T00:00:00.000Z,קנדה,0,10,10
2021-05-14T00:00:00.000Z,קניה,1,3,4
2021-05-14T00:00:00.000Z,קפריסין,74,5,79
2021-05-14T00:00:00.000Z,קרואטיה,1,0,1
2021-05-14T00:00:00.000Z,רומניה,7,0,7
2021-05-14T00:00:00.000Z,רוסיה,86,46,132
2021-05-14T00:00:00.000Z,שוודיה,2,0,2
2021-05-14T00:00:00.000Z,שוויץ,2,0,2
2021-05-14T00:00:00.000Z,תאילנד,0,6,6
2021-05-14T00:00:00.000Z,תורכיה,15,2,17
2021-05-14T00:00:00.000Z,פורטוגל,2,2,4
2021-05-14T00:00:00.000Z,אוגנדה,1,0,1
2021-05-14T00:00:00.000Z,אוזבקיסטן,1,0,1
2021-05-14T00:00:00.000Z,אוסטריה,7,3,10
2021-05-14T00:00:00.000Z,אוסטרליה,0,1,1
2021-05-14T00:00:00.000Z,אוקראינה,2,2,4
2021-05-14T00:00:00.000Z,אורגוואי,1,0,1
2021-05-14T00:00:00.000Z,אזרביג'אן,0,1,1
2021-05-14T00:00:00.000Z,איטליה,16,2,18
2021-05-14T00:00:00.000Z,איי סיישל,141,6,147
2021-05-14T00:00:00.000Z,אירלנד,2,0,2
2021-05-14T00:00:00.000Z,אלבניה,3,0,3
2021-05-14T00:00:00.000Z,אנגולה,0,1,1
2021-05-14T00:00:00.000Z,ארגנטינה,1,0,1
2021-05-14T00:00:00.000Z,ארמניה,1,0,1
2021-05-14T00:00:00.000Z,ארצות הברית,709,401,1110
2021-05-14T00:00:00.000Z,אתיופיה,1,0,1
2021-05-14T00:00:00.000Z,בולגריה,108,12,120
2021-05-14T00:00:00.000Z,בוסניה הרצגובינה,1,0,1
2021-05-14T00:00:00.000Z,בילורוסיה,65,15,80
2021-05-14T00:00:00.000Z,בלגיה,0,2,2
2021-05-14T00:00:00.000Z,ברזיל,0,4,4
2021-05-14T00:00:00.000Z,גאורגיה,269,34,303
2021-05-14T00:00:00.000Z,גאנה,1,0,1
2021-05-14T00:00:00.000Z,גרמניה,53,16,69
2021-05-14T00:00:00.000Z,דנמרק,3,0,3
2021-05-14T00:00:00.000Z,הודו,3,1,4
2021-05-14T00:00:00.000Z,הולנד,15,0,15
2021-05-15T00:00:00.000Z,יוון,57,7,64
2021-05-15T00:00:00.000Z,איחוד האמירויות הערב,39,31,70
2021-05-15T00:00:00.000Z,קפריסין,6,1,7
2021-05-15T00:00:00.000Z,קונגו,1,0,1
2021-05-15T00:00:00.000Z,פיליפינים,0,2,2
2021-05-15T00:00:00.000Z,עירק,1,0,1
2021-05-15T00:00:00.000Z,ספרד,0,1,1
2021-05-15T00:00:00.000Z,סינגפור,1,0,1
2021-05-15T00:00:00.000Z,נמיביה,0,1,1
2021-05-15T00:00:00.000Z,מצרים,261,112,373
2021-05-15T00:00:00.000Z,מלדיבים,0,1,1
2021-05-15T00:00:00.000Z,כלל המדינות,699,214,913
2021-05-15T00:00:00.000Z,שוודיה,0,1,1
2021-05-15T00:00:00.000Z,טנזניה,0,2,2
2021-05-15T00:00:00.000Z,זמביה,1,2,3
2021-05-15T00:00:00.000Z,דרום אפריקה,7,0,7
2021-05-15T00:00:00.000Z,גאנה,0,1,1
2021-05-15T00:00:00.000Z,אתיופיה,15,4,19
2021-05-15T00:00:00.000Z,ארצות הברית,0,1,1
2021-05-15T00:00:00.000Z,איטליה,4,0,4
2021-05-15T00:00:00.000Z,אוקראינה,0,2,2
2021-05-15T00:00:00.000Z,תאילנד,0,4,4
2021-05-15T00:00:00.000Z,תורכיה,16,6,22
2021-05-16T00:00:00.000Z,סינגפור,0,1,1
2021-05-16T00:00:00.000Z,שוויץ,3,0,3
2021-05-16T00:00:00.000Z,רוסיה,87,45,132
2021-05-16T00:00:00.000Z,רומניה,3,0,3
2021-05-16T00:00:00.000Z,קפריסין,406,31,437
2021-05-16T00:00:00.000Z,קניה,1,0,1
2021-05-16T00:00:00.000Z,קיריבטי,2,0,2
2021-05-16T00:00:00.000Z,קוריאה הדרומית,2,1,3
2021-05-16T00:00:00.000Z,צרפת,204,125,329
2021-05-16T00:00:00.000Z,פיליפינים,0,5,5
2021-05-16T00:00:00.000Z,פורטוגל,1,0,1
2021-05-16T00:00:00.000Z,פולין,7,0,7
2021-05-16T00:00:00.000Z,סרביה,2,0,2
2021-05-16T00:00:00.000Z,ספרד,0,2,2
2021-05-16T00:00:00.000Z,ויטנאם,0,2,2
2021-05-16T00:00:00.000Z,סט וינסנט,1,0,1
2021-05-16T00:00:00.000Z,ניגריה,1,0,1
2021-05-16T00:00:00.000Z,מקסיקו,2,0,2
2021-05-16T00:00:00.000Z,מצרים,461,223,684
2021-05-16T00:00:00.000Z,מלדיבים,11,0,11
2021-05-16T00:00:00.000Z,ליטא,3,0,3
2021-05-16T00:00:00.000Z,לטביה,1,0,1
2021-05-16T00:00:00.000Z,לוכסמבורג,0,1,1
2021-05-16T00:00:00.000Z,לבנון,0,1,1
2021-05-16T00:00:00.000Z,לאוס,0,1,1
2021-05-16T00:00:00.000Z,כלל המדינות,4273,2217,6490
2021-05-16T00:00:00.000Z,ירדן,85,55,140
2021-05-16T00:00:00.000Z,יוון,553,51,604
2021-05-16T00:00:00.000Z,טיוואן,1,0,1
2021-05-16T00:00:00.000Z,תורכיה,3,6,9
2021-05-16T00:00:00.000Z,הממלכה המאוחדת,2,11,13
2021-05-16T00:00:00.000Z,הונגריה,4,1,5
2021-05-16T00:00:00.000Z,הולנד,154,42,196
2021-05-16T00:00:00.000Z,הודו,6,4,10
2021-05-16T00:00:00.000Z,דנמרק,1,0,1
2021-05-16T00:00:00.000Z,גרמניה,4,0,4
2021-05-16T00:00:00.000Z,גינאה,1,0,1
2021-05-16T00:00:00.000Z,גאורגיה,462,66,528
2021-05-16T00:00:00.000Z,בלגיה,0,45,45
2021-05-16T00:00:00.000Z,בוליביה,2,0,2
2021-05-16T00:00:00.000Z,בולגריה,108,6,114
2021-05-16T00:00:00.000Z,ארצות הברית,372,105,477
2021-05-16T00:00:00.000Z,ארגנטינה,2,0,2
2021-05-16T00:00:00.000Z,אקואדור,0,1,1
2021-05-16T00:00:00.000Z,איי סיישל,52,2,54
2021-05-16T00:00:00.000Z,איטליה,3,0,3
2021-05-16T00:00:00.000Z,אוקראינה,3,0,3
2021-05-16T00:00:00.000Z,אוסטרליה,0,3,3
2021-05-16T00:00:00.000Z,אוזבקיסטן,2,0,2
2021-05-16T00:00:00.000Z,תאילנד,2,1,3
2021-05-16T00:00:00.000Z,איחוד האמירויות הערב,371,83,454
2021-05-17T00:00:00.000Z,תאילנד,1,0,1
2021-05-17T00:00:00.000Z,רוסיה,2,1,3
2021-05-17T00:00:00.000Z,רואנדה,1,0,1
2021-05-17T00:00:00.000Z,ראוניון,1,0,1
2021-05-17T00:00:00.000Z,קפריסין,279,21,300
2021-05-17T00:00:00.000Z,אוזבקיסטן,1,0,1
2021-05-17T00:00:00.000Z,תורכיה,6,3,9
2021-05-17T00:00:00.000Z,איחוד האמירויות הערב,719,195,914
2021-05-17T00:00:00.000Z,קניה,3,0,3
2021-05-17T00:00:00.000Z,קנדה,0,2,2
2021-05-17T00:00:00.000Z,פיליפינים,1,12,13
2021-05-17T00:00:00.000Z,ערב הסעודית,4,0,4
2021-05-17T00:00:00.000Z,ניגריה,0,1,1
2021-05-17T00:00:00.000Z,מרוקו,1,0,1
2021-05-17T00:00:00.000Z,מצרים,439,132,571
2021-05-17T00:00:00.000Z,מלדיבים,16,0,16
2021-05-17T00:00:00.000Z,מוזמביק,3,0,3
2021-05-17T00:00:00.000Z,לבנון,0,8,8
2021-05-17T00:00:00.000Z,כלל המדינות,2736,1288,4024
2021-05-17T00:00:00.000Z,ירדן,103,45,148
2021-05-17T00:00:00.000Z,יוון,355,30,385
2021-05-17T00:00:00.000Z,זמביה,1,0,1
2021-05-17T00:00:00.000Z,הונגריה,1,0,1
2021-05-17T00:00:00.000Z,דרום אפריקה,4,2,6
2021-05-17T00:00:00.000Z,גרמניה,1,1,2
2021-05-17T00:00:00.000Z,גאנה,4,2,6
2021-05-17T00:00:00.000Z,גאורגיה,318,15,333
2021-05-17T00:00:00.000Z,אתיופיה,26,8,34
2021-05-17T00:00:00.000Z,ארצות הברית,2,0,2
2021-05-17T00:00:00.000Z,אנגולה,1,0,1
2021-05-17T00:00:00.000Z,אוקראינה,0,1,1
2021-05-17T00:00:00.000Z,אוגנדה,0,1,1
2021-05-18T00:00:00.000Z,בילורוסיה,123,15,138
2021-05-18T00:00:00.000Z,בוליביה,1,0,1
2021-05-18T00:00:00.000Z,בולגריה,363,21,384
2021-05-18T00:00:00.000Z,בהמס,1,0,1
2021-05-18T00:00:00.000Z,אתיופיה,13,0,13
2021-05-18T00:00:00.000Z,ארצות הברית,374,119,493
2021-05-18T00:00:00.000Z,ארמניה,2,1,3
2021-05-18T00:00:00.000Z,ארגנטינה,2,3,5
2021-05-18T00:00:00.000Z,אנגולה,0,1,1
2021-05-18T00:00:00.000Z,אלבניה,78,3,81
2021-05-18T00:00:00.000Z,איי סיישל,131,5,136
2021-05-18T00:00:00.000Z,איטליה,4,0,4
2021-05-18T00:00:00.000Z,אוסטרליה,1,0,1
2021-05-18T00:00:00.000Z,אוסטריה,1,0,1
2021-05-18T00:00:00.000Z,אוזבקיסטן,4,1,5
2021-05-18T00:00:00.000Z,הממלכה המאוחדת,59,59,118
2021-05-18T00:00:00.000Z,תורכיה,23,18,41
2021-05-18T00:00:00.000Z,תאילנד,0,1,1
2021-05-18T00:00:00.000Z,שוויץ,5,0,5
2021-05-18T00:00:00.000Z,שוודיה,4,0,4
2021-05-18T00:00:00.000Z,רוסיה,170,90,260
2021-05-18T00:00:00.000Z,רומניה,19,5,24
2021-05-18T00:00:00.000Z,קפריסין,559,73,632
2021-05-18T00:00:00.000Z,קניה,1,0,1
2021-05-18T00:00:00.000Z,קוסטה ריקה,1,0,1
2021-05-18T00:00:00.000Z,קולומביה,1,0,1
2021-05-18T00:00:00.000Z,צרפת,110,50,160
2021-05-18T00:00:00.000Z,פינלנד,1,0,1
2021-05-18T00:00:00.000Z,סרביה,3,0,3
2021-05-18T00:00:00.000Z,ספרד,5,0,5
2021-05-18T00:00:00.000Z,מצרים,413,112,525
2021-05-18T00:00:00.000Z,מלדיבים,2,0,2
2021-05-18T00:00:00.000Z,מונטנגרו,17,1,18
2021-05-18T00:00:00.000Z,מולדובה,69,32,101
2021-05-18T00:00:00.000Z,כלל המדינות,6560,1816,8376
2021-05-18T00:00:00.000Z,ירדן,29,28,57
2021-05-18T00:00:00.000Z,יוון,1443,176,1619
2021-05-18T00:00:00.000Z,טנזניה,2,0,2
2021-05-18T00:00:00.000Z,איחוד האמירויות הערב,571,114,685
2021-05-18T00:00:00.000Z,הולנד,2,0,2
2021-05-18T00:00:00.000Z,דרום אפריקה,1,1,2
2021-05-18T00:00:00.000Z,דנמרק,1,0,1
2021-05-18T00:00:00.000Z,גרנדה,1,0,1
2021-05-18T00:00:00.000Z,גרמניה,6,0,6
2021-05-18T00:00:00.000Z,גינאה,1,0,1
2021-05-18T00:00:00.000Z,גווטאמלה,1,0,1
2021-05-18T00:00:00.000Z,גאנה,3,1,4
2021-05-18T00:00:00.000Z,גאורגיה,894,56,950
2021-05-18T00:00:00.000Z,בלגיה,0,1,1
2021-05-19T00:00:00.000Z,טנזניה,9,0,9
2021-05-19T00:00:00.000Z,תורכיה,6,5,11
2021-05-19T00:00:00.000Z,ערב הסעודית,3,2,5
2021-05-19T00:00:00.000Z,פולין,45,4,49
2021-05-19T00:00:00.000Z,פולינזיה הצרפתית,1,0,1
2021-05-19T00:00:00.000Z,איחוד האמירויות הערב,797,243,1040
2021-05-19T00:00:00.000Z,אוגנדה,1,1,2
2021-05-19T00:00:00.000Z,אוסטריה,33,19,52
2021-05-19T00:00:00.000Z,אוסטרליה,0,1,1
2021-05-19T00:00:00.000Z,אוקראינה,70,47,117
2021-05-19T00:00:00.000Z,איטליה,8,3,11
2021-05-19T00:00:00.000Z,איסלנד,2,0,2
2021-05-19T00:00:00.000Z,אירלנד,0,1,1
2021-05-19T00:00:00.000Z,ארצות הברית,364,189,553
2021-05-19T00:00:00.000Z,אתיופיה,17,6,23
2021-05-19T00:00:00.000Z,בולגריה,2,0,2
2021-05-19T00:00:00.000Z,בילורוסיה,3,3,6
2021-05-19T00:00:00.000Z,בלגיה,1,0,1
2021-05-19T00:00:00.000Z,גאורגיה,275,27,302
2021-05-19T00:00:00.000Z,גאנה,1,1,2
2021-05-19T00:00:00.000Z,גינאה החדשה,0,1,1
2021-05-19T00:00:00.000Z,גרמניה,206,71,277
2021-05-19T00:00:00.000Z,דנמרק,5,0,5
2021-05-19T00:00:00.000Z,דרום אפריקה,3,0,3
2021-05-19T00:00:00.000Z,דרום סודאן,1,0,1
2021-05-19T00:00:00.000Z,הולנד,41,26,67
2021-05-19T00:00:00.000Z,הונגריה,3,1,4
2021-05-19T00:00:00.000Z,הממלכה המאוחדת,31,123,154
2021-05-19T00:00:00.000Z,זימבאבווה,1,0,1
2021-05-19T00:00:00.000Z,טיוואן,1,0,1
2021-05-19T00:00:00.000Z,סרביה,72,18,90
2021-05-19T00:00:00.000Z,יוון,450,60,510
2021-05-19T00:00:00.000Z,יפן,1,0,1
2021-05-19T00:00:00.000Z,ירדן,16,26,42
2021-05-19T00:00:00.000Z,כלל המדינות,4240,2202,6442
2021-05-19T00:00:00.000Z,ליטא,1,0,1
2021-05-19T00:00:00.000Z,מוזמביק,2,0,2
2021-05-19T00:00:00.000Z,מולדובה,16,3,19
2021-05-19T00:00:00.000Z,מונטנגרו,126,4,130
2021-05-19T00:00:00.000Z,מלדיבים,22,3,25
2021-05-19T00:00:00.000Z,מצרים,252,91,343
2021-05-19T00:00:00.000Z,מקסיקו,1,1,2
2021-05-19T00:00:00.000Z,ניגריה,0,1,1
2021-05-19T00:00:00.000Z,ספרד,3,5,8
2021-05-19T00:00:00.000Z,פורטוגל,7,0,7
2021-05-19T00:00:00.000Z,פינלנד,0,1,1
2021-05-19T00:00:00.000Z,פרו,1,1,2
2021-05-19T00:00:00.000Z,צרפת,219,212,431
2021-05-19T00:00:00.000Z,קוריאה הדרומית,1,0,1
2021-05-19T00:00:00.000Z,קזחסטאן,1,0,1
2021-05-19T00:00:00.000Z,קיריבטי,2,0,2
2021-05-19T00:00:00.000Z,קנדה,0,1,1
2021-05-19T00:00:00.000Z,קניה,0,1,1
2021-05-19T00:00:00.000Z,קפריסין,263,73,336
2021-05-19T00:00:00.000Z,קרואטיה,2,0,2
2021-05-19T00:00:00.000Z,רואנדה,2,0,2
2021-05-19T00:00:00.000Z,רומניה,7,2,9
2021-05-19T00:00:00.000Z,רוסיה,4,1,5
2021-05-19T00:00:00.000Z,שוודיה,4,0,4
2021-05-19T00:00:00.000Z,שוויץ,5,1,6
2021-05-19T00:00:00.000Z,תאילנד,2,0,2
2021-05-20T00:00:00.000Z,קוריאה הדרומית,3,0,3
2021-05-20T00:00:00.000Z,קמרון,0,1,1
2021-05-20T00:00:00.000Z,קנדה,1,2,3
2021-05-20T00:00:00.000Z,קניה,7,1,8
2021-05-20T00:00:00.000Z,אוגנדה,4,0,4
2021-05-20T00:00:00.000Z,רומניה,5,0,5
2021-05-20T00:00:00.000Z,רוסיה,137,114,251
2021-05-20T00:00:00.000Z,רפ מרכז אפריקנית,0,1,1
2021-05-20T00:00:00.000Z,שוודיה,0,2,2
2021-05-20T00:00:00.000Z,שוויץ,84,46,130
2021-05-20T00:00:00.000Z,תאילנד,11,246,257
2021-05-20T00:00:00.000Z,תוניסיה,0,1,1
2021-05-20T00:00:00.000Z,תורכיה,16,9,25
2021-05-20T00:00:00.000Z,איטליה,5,0,5
2021-05-20T00:00:00.000Z,איי סיישל,262,18,280
2021-05-20T00:00:00.000Z,אנגולה,0,2,2
2021-05-20T00:00:00.000Z,ארצות הברית,436,472,908
2021-05-20T00:00:00.000Z,אתיופיה,14,3,17
2021-05-20T00:00:00.000Z,קפריסין,289,76,365
2021-05-20T00:00:00.000Z,אוזבקיסטן,2,0,2
2021-05-20T00:00:00.000Z,אוסטרליה,1,0,1
2021-05-20T00:00:00.000Z,אוקראינה,4,6,10
2021-05-20T00:00:00.000Z,איחוד האמירויות הערב,392,124,516
2021-05-20T00:00:00.000Z,אורגוואי,0,1,1
2021-05-20T00:00:00.000Z,בהמס,2,0,2
2021-05-20T00:00:00.000Z,בולגריה,281,42,323
2021-05-20T00:00:00.000Z,בוסניה הרצגובינה,1,0,1
2021-05-20T00:00:00.000Z,בילורוסיה,87,50,137
2021-05-20T00:00:00.000Z,בלגיה,49,66,115
2021-05-20T00:00:00.000Z,ברזיל,2,0,2
2021-05-20T00:00:00.000Z,ברמודה,1,0,1
2021-05-20T00:00:00.000Z,גאורגיה,345,61,406
2021-05-20T00:00:00.000Z,גרמניה,11,2,13
2021-05-20T00:00:00.000Z,דנמרק,1,0,1
2021-05-20T00:00:00.000Z,דרום אמריקה,1,0,1
2021-05-20T00:00:00.000Z,דרום אפריקה,4,1,5
2021-05-20T00:00:00.000Z,הודו,1,0,1
2021-05-20T00:00:00.000Z,הולנד,1,1,2
2021-05-20T00:00:00.000Z,הממלכה המאוחדת,94,167,261
2021-05-20T00:00:00.000Z,הרפ הדומיניקנית,1,0,1
2021-05-20T00:00:00.000Z,זאיר,3,0,3
2021-05-20T00:00:00.000Z,טוגו,2,0,2
2021-05-20T00:00:00.000Z,טיוואן,0,1,1
2021-05-20T00:00:00.000Z,טנזניה,3,1,4
2021-05-20T00:00:00.000Z,יוון,713,91,804
2021-05-20T00:00:00.000Z,ירדן,48,27,75
2021-05-20T00:00:00.000Z,כלל המדינות,4709,3335,8044
2021-05-20T00:00:00.000Z,לבנון,0,4,4
2021-05-20T00:00:00.000Z,ליטא,3,0,3
2021-05-20T00:00:00.000Z,מולדובה,44,32,76
2021-05-20T00:00:00.000Z,מלאווי,0,1,1
2021-05-20T00:00:00.000Z,מלדיבים,11,1,12
2021-05-20T00:00:00.000Z,מלטה,1,0,1
2021-05-20T00:00:00.000Z,מצרים,296,100,396
2021-05-20T00:00:00.000Z,מקדוניה,2,0,2
2021-05-20T00:00:00.000Z,מרוקו,0,1,1
2021-05-20T00:00:00.000Z,נורבגיה,0,1,1
2021-05-20T00:00:00.000Z,ניגריה,4,2,6
2021-05-20T00:00:00.000Z,ניו זילנד,3,0,3
2021-05-20T00:00:00.000Z,סוריה,1,6,7
2021-05-20T00:00:00.000Z,ספרד,1,7,8
2021-05-20T00:00:00.000Z,סרביה,3,0,3
2021-05-20T00:00:00.000Z,פולין,0,3,3
2021-05-20T00:00:00.000Z,פורטוגל,1,0,1
2021-05-20T00:00:00.000Z,פיליפינים,0,2,2
2021-05-20T00:00:00.000Z,צכיה,2,0,2
2021-05-20T00:00:00.000Z,צרפת,88,82,170
2021-05-20T00:00:00.000Z,קוסטה ריקה,1,0,1
2021-05-21T00:00:00.000Z,אתיופיה,1,0,1
2021-05-21T00:00:00.000Z,תורכמניסטאן,0,1,1
2021-05-21T00:00:00.000Z,קולומביה,2,0,2
2021-05-21T00:00:00.000Z,קירג'זסטאן,1,0,1
2021-05-21T00:00:00.000Z,קניה,0,1,1
2021-05-21T00:00:00.000Z,איחוד האמירויות הערב,578,136,714
2021-05-21T00:00:00.000Z,קפריסין,66,16,82
2021-05-21T00:00:00.000Z,קרואטיה,3,0,3
2021-05-21T00:00:00.000Z,רומניה,7,5,12
2021-05-21T00:00:00.000Z,רוסיה,163,83,246
2021-05-21T00:00:00.000Z,תאילנד,1,2,3
2021-05-21T00:00:00.000Z,תוניסיה,0,4,4
2021-05-21T00:00:00.000Z,תורכיה,35,24,59
2021-05-21T00:00:00.000Z,קוסטה ריקה,1,2,3
2021-05-21T00:00:00.000Z,קוריאה הדרומית,1,1,2
2021-05-21T00:00:00.000Z,צרפת,126,146,272
2021-05-21T00:00:00.000Z,פרו,1,0,1
2021-05-21T00:00:00.000Z,פנמה,1,0,1
2021-05-21T00:00:00.000Z,פיליפינים,3,5,8
2021-05-21T00:00:00.000Z,פורטוגל,1,0,1
2021-05-21T00:00:00.000Z,פולין,33,33,66
2021-05-21T00:00:00.000Z,ערב הסעודית,0,1,1
2021-05-21T00:00:00.000Z,סרי לנקה (צילון),2,2,4
2021-05-21T00:00:00.000Z,אוזבקיסטן,5,6,11
2021-05-21T00:00:00.000Z,אוסטריה,0,3,3
2021-05-21T00:00:00.000Z,אוקראינה,33,34,67
2021-05-21T00:00:00.000Z,אורגוואי,0,1,1
2021-05-21T00:00:00.000Z,איטליה,10,2,12
2021-05-21T00:00:00.000Z,איי סיישל,1,0,1
2021-05-21T00:00:00.000Z,ארמניה,94,3,97
2021-05-21T00:00:00.000Z,ארצות הברית,650,474,1124
2021-05-21T00:00:00.000Z,קזחסטאן,1,0,1
2021-05-21T00:00:00.000Z,בולגריה,4,11,15
2021-05-21T00:00:00.000Z,בוסניה הרצגובינה,1,0,1
2021-05-21T00:00:00.000Z,בילורוסיה,15,9,24
2021-05-21T00:00:00.000Z,גאורגיה,402,47,449
2021-05-21T00:00:00.000Z,גווטאמלה,1,0,1
2021-05-21T00:00:00.000Z,גרמניה,6,4,10
2021-05-21T00:00:00.000Z,דנמרק,1,1,2
2021-05-21T00:00:00.000Z,דרום אמריקה,1,1,2
2021-05-21T00:00:00.000Z,הולנד,0,2,2
2021-05-21T00:00:00.000Z,הונגריה,4,1,5
2021-05-21T00:00:00.000Z,הממלכה המאוחדת,21,56,77
2021-05-21T00:00:00.000Z,הרפ הדומיניקנית,0,2,2
2021-05-21T00:00:00.000Z,חוף השנהב,1,0,1
2021-05-21T00:00:00.000Z,טנזניה,2,0,2
2021-05-21T00:00:00.000Z,יוון,356,42,398
2021-05-21T00:00:00.000Z,ירדן,2,0,2
2021-05-21T00:00:00.000Z,כלל המדינות,3686,1662,5348
2021-05-21T00:00:00.000Z,מולדובה,3,0,3
2021-05-21T00:00:00.000Z,מונטנגרו,76,6,82
2021-05-21T00:00:00.000Z,מלדיבים,10,0,10
2021-05-21T00:00:00.000Z,מצרים,211,101,312
2021-05-21T00:00:00.000Z,מקדוניה,0,1,1
2021-05-21T00:00:00.000Z,מקסיקו,1,1,2
2021-05-21T00:00:00.000Z,מרוקו,0,2,2
2021-05-21T00:00:00.000Z,נורבגיה,0,1,1
2021-05-21T00:00:00.000Z,ניו זילנד,1,1,2
2021-05-21T00:00:00.000Z,סין,6,106,112
2021-05-21T00:00:00.000Z,ספרד,7,3,10
2021-05-21T00:00:00.000Z,סרביה,6,3,9
2021-05-22T00:00:00.000Z,ליבריה,1,0,1
2021-05-22T00:00:00.000Z,תורכיה,60,20,80
2021-05-22T00:00:00.000Z,רוסיה,3,1,4
2021-05-22T00:00:00.000Z,רומניה,1,0,1
2021-05-22T00:00:00.000Z,רואנדה,6,2,8
2021-05-22T00:00:00.000Z,קפריסין,307,29,336
2021-05-22T00:00:00.000Z,קניה,3,2,5
2021-05-22T00:00:00.000Z,קזחסטאן,0,2,2
2021-05-22T00:00:00.000Z,קוריאה הדרומית,1,0,1
2021-05-22T00:00:00.000Z,שוויץ,1,0,1
2021-05-22T00:00:00.000Z,קוסטה ריקה,1,0,1
2021-05-22T00:00:00.000Z,קונגו,0,3,3
2021-05-22T00:00:00.000Z,קולומביה,1,0,1
2021-05-22T00:00:00.000Z,צרפת,1,2,3
2021-05-22T00:00:00.000Z,צכיה,2,3,5
2021-05-22T00:00:00.000Z,פיליפינים,2,7,9
2021-05-22T00:00:00.000Z,פורטוגל,2,0,2
2021-05-22T00:00:00.000Z,עירק,1,0,1
2021-05-22T00:00:00.000Z,סרי לנקה (צילון),2,0,2
2021-05-22T00:00:00.000Z,ספרד,0,1,1
2021-05-22T00:00:00.000Z,סיירה ליאונה,1,0,1
2021-05-22T00:00:00.000Z,ניגריה,6,0,6
2021-05-22T00:00:00.000Z,מקסיקו,0,1,1
2021-05-22T00:00:00.000Z,מצרים,269,115,384
2021-05-22T00:00:00.000Z,מלדיבים,32,4,36
2021-05-22T00:00:00.000Z,מלאווי,2,0,2
2021-05-22T00:00:00.000Z,מולדובה,0,2,2
2021-05-22T00:00:00.000Z,מאלי,2,0,2
2021-05-22T00:00:00.000Z,איחוד האמירויות הערב,171,54,225
2021-05-22T00:00:00.000Z,שוודיה,1,0,1
2021-05-22T00:00:00.000Z,כלל המדינות,1726,572,2298
2021-05-22T00:00:00.000Z,אוגנדה,1,0,1
2021-05-22T00:00:00.000Z,אוזבקיסטן,4,1,5
2021-05-22T00:00:00.000Z,אוסטריה,6,0,6
2021-05-22T00:00:00.000Z,אוקראינה,4,1,5
2021-05-22T00:00:00.000Z,איטליה,8,3,11
2021-05-22T00:00:00.000Z,איי סיישל,50,2,52
2021-05-22T00:00:00.000Z,ארמניה,1,0,1
2021-05-22T00:00:00.000Z,ארצות הברית,166,109,275
2021-05-22T00:00:00.000Z,אתיופיה,35,12,47
2021-05-22T00:00:00.000Z,בולגריה,5,0,5
2021-05-22T00:00:00.000Z,בחריין,0,1,1
2021-05-22T00:00:00.000Z,ברזיל,0,2,2
2021-05-22T00:00:00.000Z,גאורגיה,94,20,114
2021-05-22T00:00:00.000Z,גאנה,5,0,5
2021-05-22T00:00:00.000Z,גרמניה,6,3,9
2021-05-22T00:00:00.000Z,דנמרק,4,1,5
2021-05-22T00:00:00.000Z,דרום אפריקה,8,3,11
2021-05-22T00:00:00.000Z,הונגריה,1,0,1
2021-05-22T00:00:00.000Z,הממלכה המאוחדת,0,1,1
2021-05-22T00:00:00.000Z,הרפ הדומיניקנית,1,0,1
2021-05-22T00:00:00.000Z,זימבאבווה,1,0,1
2021-05-22T00:00:00.000Z,זמביה,0,3,3
2021-05-22T00:00:00.000Z,טיוואן,0,2,2
2021-05-22T00:00:00.000Z,טנזניה,1,1,2
2021-05-22T00:00:00.000Z,יוון,260,25,285
2021-05-22T00:00:00.000Z,יפן,1,0,1
2021-05-22T00:00:00.000Z,ירדן,0,1,1
2021-05-23T00:00:00.000Z,סרי לנקה (צילון),0,1,1
2021-05-23T00:00:00.000Z,עירק,0,7,7
2021-05-23T00:00:00.000Z,ערב הסעודית,0,1,1
2021-05-23T00:00:00.000Z,פולין,38,8,46
2021-05-23T00:00:00.000Z,פורטו ריקו,2,1,3
2021-05-23T00:00:00.000Z,פורטוגל,9,5,14
2021-05-23T00:00:00.000Z,פיליפינים,1,2,3
2021-05-23T00:00:00.000Z,אוזבקיסטן,3,2,5
2021-05-23T00:00:00.000Z,צרפת,86,106,192
2021-05-23T00:00:00.000Z,קולומביה,1,0,1
2021-05-23T00:00:00.000Z,קוסטה ריקה,4,5,9
2021-05-23T00:00:00.000Z,קוריאה הדרומית,0,2,2
2021-05-23T00:00:00.000Z,קנדה,17,77,94
2021-05-23T00:00:00.000Z,קניה,0,1,1
2021-05-23T00:00:00.000Z,קפריסין,338,55,393
2021-05-23T00:00:00.000Z,רואנדה,1,0,1
2021-05-23T00:00:00.000Z,רומניה,111,33,144
2021-05-23T00:00:00.000Z,רוסיה,140,117,257
2021-05-23T00:00:00.000Z,שוודיה,3,0,3
2021-05-23T00:00:00.000Z,שוויץ,1,3,4
2021-05-23T00:00:00.000Z,תאילנד,2,2,4
2021-05-23T00:00:00.000Z,תורכיה,70,27,97
2021-05-23T00:00:00.000Z,אוסטריה,32,40,72
2021-05-23T00:00:00.000Z,אוסטרליה,0,5,5
2021-05-23T00:00:00.000Z,אוקראינה,8,7,15
2021-05-23T00:00:00.000Z,אזרביג'אן,2,0,2
2021-05-23T00:00:00.000Z,איטליה,17,11,28
2021-05-23T00:00:00.000Z,איי סיישל,42,3,45
2021-05-23T00:00:00.000Z,איסלנד,4,0,4
2021-05-23T00:00:00.000Z,ארגנטינה,1,0,1
2021-05-23T00:00:00.000Z,ארמניה,1,0,1
2021-05-23T00:00:00.000Z,ארצות הברית,536,458,994
2021-05-23T00:00:00.000Z,בולגריה,161,12,173
2021-05-23T00:00:00.000Z,בוליביה,1,0,1
2021-05-23T00:00:00.000Z,בוסניה הרצגובינה,0,1,1
2021-05-23T00:00:00.000Z,בחריין,1,0,1
2021-05-23T00:00:00.000Z,בילורוסיה,116,28,144
2021-05-23T00:00:00.000Z,בלגיה,4,6,10
2021-05-23T00:00:00.000Z,גאורגיה,514,38,552
2021-05-23T00:00:00.000Z,גווטאמלה,1,0,1
2021-05-23T00:00:00.000Z,גויאנה הצרפתית,1,1,2
2021-05-23T00:00:00.000Z,איחוד האמירויות הערב,467,100,567
2021-05-23T00:00:00.000Z,גרמניה,118,69,187
2021-05-23T00:00:00.000Z,דנמרק,1,4,5
2021-05-23T00:00:00.000Z,הולנד,121,58,179
2021-05-23T00:00:00.000Z,הונגריה,7,0,7
2021-05-23T00:00:00.000Z,הממלכה המאוחדת,116,238,354
2021-05-23T00:00:00.000Z,חוף השנהב,0,1,1
2021-05-23T00:00:00.000Z,טיוואן,0,1,1
2021-05-23T00:00:00.000Z,טנזניה,0,2,2
2021-05-23T00:00:00.000Z,יוון,776,60,836
2021-05-23T00:00:00.000Z,יפן,1,0,1
2021-05-23T00:00:00.000Z,ירדן,91,50,141
2021-05-23T00:00:00.000Z,כלל המדינות,5617,3809,9426
2021-05-23T00:00:00.000Z,לוכסמבורג,0,3,3
2021-05-23T00:00:00.000Z,לטביה,2,1,3
2021-05-23T00:00:00.000Z,ליטא,2,2,4
2021-05-23T00:00:00.000Z,מאלי,1,0,1
2021-05-23T00:00:00.000Z,מולדובה,41,25,66
2021-05-23T00:00:00.000Z,מלדיבים,15,1,16
2021-05-23T00:00:00.000Z,מלטה,2,0,2
2021-05-23T00:00:00.000Z,מצרים,319,122,441
2021-05-23T00:00:00.000Z,מקדוניה,1,0,1
2021-05-23T00:00:00.000Z,מקסיקו,5,3,8
2021-05-23T00:00:00.000Z,מרוקו,2,0,2
2021-05-23T00:00:00.000Z,ניגריה,6,1,7
2021-05-23T00:00:00.000Z,סט וינסנט,2,1,3
2021-05-23T00:00:00.000Z,סין,0,1,1
2021-05-23T00:00:00.000Z,סינגפור,2,0,2
2021-05-23T00:00:00.000Z,ספרד,4,5,9
2021-05-23T00:00:00.000Z,סרביה,6,0,6
2021-05-23T00:00:00.000Z,פינלנד,1,0,1
2021-05-24T00:00:00.000Z,הונגריה,1,0,1
2021-05-24T00:00:00.000Z,הונדורס,1,0,1
2021-05-24T00:00:00.000Z,הממלכה המאוחדת,101,221,322
2021-05-24T00:00:00.000Z,זאיר,3,1,4
2021-05-24T00:00:00.000Z,טיוואן,0,1,1
2021-05-24T00:00:00.000Z,טנזניה,3,2,5
2021-05-24T00:00:00.000Z,יוון,540,88,628
2021-05-24T00:00:00.000Z,יפן,1,0,1
2021-05-24T00:00:00.000Z,ירדן,46,40,86
2021-05-24T00:00:00.000Z,כלל המדינות,4484,5008,9492
2021-05-24T00:00:00.000Z,לטביה,3,0,3
2021-05-24T00:00:00.000Z,ליטא,6,2,8
2021-05-24T00:00:00.000Z,מאוריציוס,3,0,3
2021-05-24T00:00:00.000Z,מאלי,0,2,2
2021-05-24T00:00:00.000Z,מונטנגרו,26,6,32
2021-05-24T00:00:00.000Z,מלדיבים,16,0,16
2021-05-24T00:00:00.000Z,מלטה,3,2,5
2021-05-24T00:00:00.000Z,מצרים,149,97,246
2021-05-24T00:00:00.000Z,מקדוניה,1,0,1
2021-05-24T00:00:00.000Z,מקסיקו,2,8,10
2021-05-24T00:00:00.000Z,מרוקו,1,6,7
2021-05-24T00:00:00.000Z,נורבגיה,1,3,4
2021-05-24T00:00:00.000Z,ניגריה,6,1,7
2021-05-24T00:00:00.000Z,נמיביה,8,0,8
2021-05-24T00:00:00.000Z,סוריה,1,216,217
2021-05-24T00:00:00.000Z,סין,0,3,3
2021-05-24T00:00:00.000Z,סינגפור,2,1,3
2021-05-24T00:00:00.000Z,סן מרינו,0,1,1
2021-05-24T00:00:00.000Z,סנגל,2,0,2
2021-05-24T00:00:00.000Z,ספרד,12,9,21
2021-05-24T00:00:00.000Z,סרביה,3,2,5
2021-05-24T00:00:00.000Z,סרי לנקה (צילון),1,0,1
2021-05-24T00:00:00.000Z,פולין,15,8,23
2021-05-24T00:00:00.000Z,פורטו ריקו,0,2,2
2021-05-24T00:00:00.000Z,פורטוגל,12,2,14
2021-05-24T00:00:00.000Z,פיליפינים,0,8,8
2021-05-24T00:00:00.000Z,פינלנד,2,1,3
2021-05-24T00:00:00.000Z,פנמה,3,7,10
2021-05-24T00:00:00.000Z,צכיה,1,2,3
2021-05-24T00:00:00.000Z,צרפת,154,256,410
2021-05-24T00:00:00.000Z,קובה,1,0,1
2021-05-24T00:00:00.000Z,קולומביה,4,7,11
2021-05-24T00:00:00.000Z,קוסטה ריקה,7,4,11
2021-05-24T00:00:00.000Z,קוריאה הדרומית,1,0,1
2021-05-24T00:00:00.000Z,קזחסטאן,1,0,1
2021-05-24T00:00:00.000Z,קטר,1,0,1
2021-05-24T00:00:00.000Z,קלדוניה החדשה,0,1,1
2021-05-24T00:00:00.000Z,קנדה,0,3,3
2021-05-24T00:00:00.000Z,קניה,1,0,1
2021-05-24T00:00:00.000Z,קפריסין,155,70,225
2021-05-24T00:00:00.000Z,קרואטיה,6,2,8
2021-05-24T00:00:00.000Z,רוסיה,168,195,363
2021-05-24T00:00:00.000Z,שוודיה,5,2,7
2021-05-24T00:00:00.000Z,שוויץ,70,43,113
2021-05-24T00:00:00.000Z,תאילנד,0,3,3
2021-05-24T00:00:00.000Z,תוניסיה,0,4,4
2021-05-24T00:00:00.000Z,תורכיה,35,32,67
2021-05-24T00:00:00.000Z,איחוד האמירויות הערב,259,96,355
2021-05-24T00:00:00.000Z,אוזבקיסטן,11,74,85
2021-05-24T00:00:00.000Z,אוסטריה,38,35,73
2021-05-24T00:00:00.000Z,אוסטרליה,1,3,4
2021-05-24T00:00:00.000Z,אוקראינה,55,93,148
2021-05-24T00:00:00.000Z,אורגוואי,2,2,4
2021-05-24T00:00:00.000Z,אזרביג'אן,1,0,1
2021-05-24T00:00:00.000Z,איטליה,25,9,34
2021-05-24T00:00:00.000Z,איי סיישל,35,8,43
2021-05-24T00:00:00.000Z,איסלנד,6,0,6
2021-05-24T00:00:00.000Z,אירלנד,2,4,6
2021-05-24T00:00:00.000Z,אל סלבדור,1,0,1
2021-05-24T00:00:00.000Z,אלבניה,56,5,61
2021-05-24T00:00:00.000Z,ארגנטינה,0,4,4
2021-05-24T00:00:00.000Z,ארמניה,1,0,1
2021-05-24T00:00:00.000Z,ארצות הברית,764,1286,2050
2021-05-24T00:00:00.000Z,אתיופיה,33,12,45
2021-05-24T00:00:00.000Z,בולגריה,154,45,199
2021-05-24T00:00:00.000Z,בילורוסיה,2,19,21
2021-05-24T00:00:00.000Z,בלגיה,26,77,103
2021-05-24T00:00:00.000Z,ברזיל,3,3,6
2021-05-24T00:00:00.000Z,גאורגיה,355,57,412
2021-05-24T00:00:00.000Z,גאנה,0,2,2
2021-05-24T00:00:00.000Z,גווטאמלה,1,1,2
2021-05-24T00:00:00.000Z,גויאנה הצרפתית,1,0,1
2021-05-24T00:00:00.000Z,גיברלטר,1,0,1
2021-05-24T00:00:00.000Z,גמייקה,0,3,3
2021-05-24T00:00:00.000Z,גרמניה,151,133,284
2021-05-24T00:00:00.000Z,דנמרק,1,3,4
2021-05-24T00:00:00.000Z,דרום אפריקה,7,2,9
2021-05-24T00:00:00.000Z,הודו,12,12,24
2021-05-24T00:00:00.000Z,הולנד,21,20,41
2021-05-25T00:00:00.000Z,כלל המדינות,2663,3085,5748
2021-05-25T00:00:00.000Z,תורכיה,46,37,83
2021-05-25T00:00:00.000Z,שוודיה,3,2,5
2021-05-25T00:00:00.000Z,רוסיה,40,58,98
2021-05-25T00:00:00.000Z,רומניה,41,31,72
2021-05-25T00:00:00.000Z,קרואטיה,3,1,4
2021-05-25T00:00:00.000Z,קפריסין,105,19,124
2021-05-25T00:00:00.000Z,קניה,1,0,1
2021-05-25T00:00:00.000Z,קנדה,0,4,4
2021-05-25T00:00:00.000Z,קמרון,1,0,1
2021-05-25T00:00:00.000Z,קזחסטאן,3,0,3
2021-05-25T00:00:00.000Z,קולומביה,0,4,4
2021-05-25T00:00:00.000Z,צרפת,166,170,336
2021-05-25T00:00:00.000Z,צ'ילה,0,2,2
2021-05-25T00:00:00.000Z,פנמה,1,0,1
2021-05-25T00:00:00.000Z,פינלנד,1,4,5
2021-05-25T00:00:00.000Z,פיליפינים,2,0,2
2021-05-25T00:00:00.000Z,פורטוגל,4,0,4
2021-05-25T00:00:00.000Z,פולין,5,0,5
2021-05-25T00:00:00.000Z,עירק,0,6,6
2021-05-25T00:00:00.000Z,סרביה,8,2,10
2021-05-25T00:00:00.000Z,ספרד,12,8,20
2021-05-25T00:00:00.000Z,סנגל,1,0,1
2021-05-25T00:00:00.000Z,סוריה,0,4,4
2021-05-25T00:00:00.000Z,ניו זילנד,0,1,1
2021-05-25T00:00:00.000Z,ניגריה,2,1,3
2021-05-25T00:00:00.000Z,נורבגיה,1,0,1
2021-05-25T00:00:00.000Z,מרוקו,3,1,4
2021-05-25T00:00:00.000Z,מקסיקו,2,10,12
2021-05-25T00:00:00.000Z,מצרים,148,79,227
2021-05-25T00:00:00.000Z,מלדיבים,8,0,8
2021-05-25T00:00:00.000Z,מונטנגרו,0,2,2
2021-05-25T00:00:00.000Z,מולדובה,46,23,69
2021-05-25T00:00:00.000Z,ליטא,2,0,2
2021-05-25T00:00:00.000Z,לטביה,4,4,8
2021-05-25T00:00:00.000Z,שוויץ,10,14,24
2021-05-25T00:00:00.000Z,ירדן,24,15,39
2021-05-25T00:00:00.000Z,יפן,5,2,7
2021-05-25T00:00:00.000Z,יוון,207,23,230
2021-05-25T00:00:00.000Z,טנזניה,2,0,2
2021-05-25T00:00:00.000Z,זאיר,1,0,1
2021-05-25T00:00:00.000Z,הרפ הדומיניקנית,3,0,3
2021-05-25T00:00:00.000Z,הממלכה המאוחדת,113,309,422
2021-05-25T00:00:00.000Z,הונגריה,41,42,83
2021-05-25T00:00:00.000Z,הונג קונג,0,1,1
2021-05-25T00:00:00.000Z,הולנד,11,33,44
2021-05-25T00:00:00.000Z,הודו,2,0,2
2021-05-25T00:00:00.000Z,דרום סודאן,1,0,1
2021-05-25T00:00:00.000Z,דרום אפריקה,3,1,4
2021-05-25T00:00:00.000Z,דנמרק,1,5,6
2021-05-25T00:00:00.000Z,גרמניה,142,98,240
2021-05-25T00:00:00.000Z,גיברלטר,0,1,1
2021-05-25T00:00:00.000Z,גאנה,1,1,2
2021-05-25T00:00:00.000Z,גאורגיה,93,30,123
2021-05-25T00:00:00.000Z,ברזיל,3,7,10
2021-05-25T00:00:00.000Z,בלגיה,4,9,13
2021-05-25T00:00:00.000Z,בילורוסיה,126,35,161
2021-05-25T00:00:00.000Z,בולגריה,68,4,72
2021-05-25T00:00:00.000Z,אתיופיה,15,10,25
2021-05-25T00:00:00.000Z,ארצות הברית,391,629,1020
2021-05-25T00:00:00.000Z,ארגנטינה,0,6,6
2021-05-25T00:00:00.000Z,אירלנד,0,3,3
2021-05-25T00:00:00.000Z,איי קייפ וורדה,1,0,1
2021-05-25T00:00:00.000Z,איטליה,21,13,34
2021-05-25T00:00:00.000Z,אזרביג'אן,2,2,4
2021-05-25T00:00:00.000Z,אוקראינה,11,6,17
2021-05-25T00:00:00.000Z,אוסטריה,3,9,12
2021-05-25T00:00:00.000Z,אוזבקיסטן,0,1,1
2021-05-25T00:00:00.000Z,אוגנדה,0,1,1
2021-05-25T00:00:00.000Z,איחוד האמירויות הערב,132,45,177
2021-05-25T00:00:00.000Z,תאילנד,2,0,2
2021-05-26T00:00:00.000Z,תורכיה,60,35,95
2021-05-26T00:00:00.000Z,תוניסיה,0,1,1
2021-05-26T00:00:00.000Z,תאילנד,0,7,7
2021-05-26T00:00:00.000Z,אתיופיה,15,5,20
2021-05-26T00:00:00.000Z,איחוד האמירויות הערב,194,93,287
2021-05-26T00:00:00.000Z,אוזבקיסטן,4,5,9
2021-05-26T00:00:00.000Z,אוסטריה,28,26,54
2021-05-26T00:00:00.000Z,אוסטרליה,2,8,10
2021-05-26T00:00:00.000Z,אוקראינה,72,96,168
2021-05-26T00:00:00.000Z,תורכמניסטאן,1,0,1
2021-05-26T00:00:00.000Z,אזרביג'אן,5,2,7
2021-05-26T00:00:00.000Z,איטליה,32,20,52
2021-05-26T00:00:00.000Z,איי סיישל,31,10,41
2021-05-26T00:00:00.000Z,אינדונזיה,2,0,2
2021-05-26T00:00:00.000Z,אנגולה,1,3,4
2021-05-26T00:00:00.000Z,אסטוניה,3,0,3
2021-05-26T00:00:00.000Z,אקואדור,0,4,4
2021-05-26T00:00:00.000Z,ארגנטינה,9,20,29
2021-05-26T00:00:00.000Z,ארמניה,4,0,4
2021-05-26T00:00:00.000Z,ארצות הברית,625,1001,1626
2021-05-26T00:00:00.000Z,שוויץ,2,9,11
2021-05-26T00:00:00.000Z,שוודיה,1,1,2
2021-05-26T00:00:00.000Z,רוסיה,66,62,128
2021-05-26T00:00:00.000Z,רומניה,60,30,90
2021-05-26T00:00:00.000Z,רואנדה,1,0,1
2021-05-26T00:00:00.000Z,ראוניון,1,0,1
2021-05-26T00:00:00.000Z,קרואטיה,3,3,6
2021-05-26T00:00:00.000Z,קפריסין,111,68,179
2021-05-26T00:00:00.000Z,קניה,5,1,6
2021-05-26T00:00:00.000Z,קנדה,23,112,135
2021-05-26T00:00:00.000Z,קיריבטי,0,1,1
2021-05-26T00:00:00.000Z,קזחסטאן,0,1,1
2021-05-26T00:00:00.000Z,קוריאה הדרומית,0,4,4
2021-05-26T00:00:00.000Z,קוסטה ריקה,10,2,12
2021-05-26T00:00:00.000Z,קולומביה,0,10,10
2021-05-26T00:00:00.000Z,צרפת,172,274,446
2021-05-26T00:00:00.000Z,צכיה,2,15,17
2021-05-26T00:00:00.000Z,צ'ילה,0,3,3
2021-05-26T00:00:00.000Z,פרו,3,2,5
2021-05-26T00:00:00.000Z,פרגוואי,1,0,1
2021-05-26T00:00:00.000Z,פנמה,0,1,1
2021-05-26T00:00:00.000Z,פינלנד,0,5,5
2021-05-26T00:00:00.000Z,פיליפינים,2,0,2
2021-05-26T00:00:00.000Z,פורטוגל,1,0,1
2021-05-26T00:00:00.000Z,פולין,49,11,60
2021-05-26T00:00:00.000Z,ערב הסעודית,0,1,1
2021-05-26T00:00:00.000Z,סרי לנקה (צילון),1,0,1
2021-05-26T00:00:00.000Z,סרביה,0,7,7
2021-05-26T00:00:00.000Z,ספרד,43,66,109
2021-05-26T00:00:00.000Z,סנגל,2,0,2
2021-05-26T00:00:00.000Z,סינגפור,1,4,5
2021-05-26T00:00:00.000Z,סין,5,20,25
2021-05-26T00:00:00.000Z,סיירה ליאונה,1,0,1
2021-05-26T00:00:00.000Z,ניו זילנד,1,1,2
2021-05-26T00:00:00.000Z,ניגריה,1,4,5
2021-05-26T00:00:00.000Z,מרוקו,28,5,33
2021-05-26T00:00:00.000Z,מקסיקו,20,8,28
2021-05-26T00:00:00.000Z,מצרים,125,40,165
2021-05-26T00:00:00.000Z,מלטה,2,0,2
2021-05-26T00:00:00.000Z,מלדיבים,5,0,5
2021-05-26T00:00:00.000Z,מונטנגרו,48,7,55
2021-05-26T00:00:00.000Z,מולדובה,3,0,3
2021-05-26T00:00:00.000Z,ליבריה,0,2,2
2021-05-26T00:00:00.000Z,לוב,2,0,2
2021-05-26T00:00:00.000Z,כלל המדינות,3213,4188,7401
2021-05-26T00:00:00.000Z,ירדן,18,18,36
2021-05-26T00:00:00.000Z,יפן,0,1,1
2021-05-26T00:00:00.000Z,יוון,231,49,280
2021-05-26T00:00:00.000Z,טנזניה,3,1,4
2021-05-26T00:00:00.000Z,טיוואן,1,2,3
2021-05-26T00:00:00.000Z,טג'יקיסטאן,2,0,2
2021-05-26T00:00:00.000Z,הרפ הדומיניקנית,2,2,4
2021-05-26T00:00:00.000Z,הממלכה המאוחדת,106,223,329
2021-05-26T00:00:00.000Z,הונדורס,0,1,1
2021-05-26T00:00:00.000Z,הונגריה,2,1,3
2021-05-26T00:00:00.000Z,הולנד,10,5,15
2021-05-26T00:00:00.000Z,הודו,4,0,4
2021-05-26T00:00:00.000Z,דרום אפריקה,5,2,7
2021-05-26T00:00:00.000Z,דנמרק,2,1,3
2021-05-26T00:00:00.000Z,גרמניה,49,56,105
2021-05-26T00:00:00.000Z,גינאה המשוונית,0,1,1
2021-05-26T00:00:00.000Z,גאנה,3,1,4
2021-05-26T00:00:00.000Z,גאורגיה,183,31,214
2021-05-26T00:00:00.000Z,ברזיל,1,7,8
2021-05-26T00:00:00.000Z,בלגיה,1,3,4
2021-05-26T00:00:00.000Z,בילורוסיה,1,0,1
2021-05-26T00:00:00.000Z,בולגריה,41,19,60
2021-05-26T00:00:00.000Z,בוטסואנה,2,0,2
2021-05-26T00:00:00.000Z,אורגוואי,0,1,1
2021-05-27T00:00:00.000Z,אירלנד,2,4,6
2021-05-27T00:00:00.000Z,אלבניה,6,0,6
2021-05-27T00:00:00.000Z,אנגולה,1,0,1
2021-05-27T00:00:00.000Z,אסטוניה,4,0,4
2021-05-27T00:00:00.000Z,ארגנטינה,2,22,24
2021-05-27T00:00:00.000Z,ארצות הברית,457,953,1410
2021-05-27T00:00:00.000Z,אתיופיה,35,11,46
2021-05-27T00:00:00.000Z,בוליביה,0,1,1
2021-05-27T00:00:00.000Z,בוסניה הרצגובינה,1,1,2
2021-05-27T00:00:00.000Z,בורונדי,0,2,2
2021-05-27T00:00:00.000Z,בחריין,4,2,6
2021-05-27T00:00:00.000Z,בילורוסיה,77,28,105
2021-05-27T00:00:00.000Z,בלגיה,73,79,152
2021-05-27T00:00:00.000Z,ברזיל,4,6,10
2021-05-27T00:00:00.000Z,גאורגיה,370,66,436
2021-05-27T00:00:00.000Z,גאנה,4,1,5
2021-05-27T00:00:00.000Z,גויאנה הצרפתית,1,0,1
2021-05-27T00:00:00.000Z,גינאה המשוונית,0,1,1
2021-05-27T00:00:00.000Z,גרמניה,97,71,168
2021-05-27T00:00:00.000Z,גרנדה,1,0,1
2021-05-27T00:00:00.000Z,דנמרק,5,9,14
2021-05-27T00:00:00.000Z,דרום אמריקה,1,0,1
2021-05-27T00:00:00.000Z,דרום אפריקה,4,14,18
2021-05-27T00:00:00.000Z,הודו,4,0,4
2021-05-27T00:00:00.000Z,נמיביה,3,1,4
2021-05-27T00:00:00.000Z,קוסטה ריקה,1,0,1
2021-05-27T00:00:00.000Z,קזחסטאן,1,0,1
2021-05-27T00:00:00.000Z,קטר,1,0,1
2021-05-27T00:00:00.000Z,סווזילנד,2,0,2
2021-05-27T00:00:00.000Z,ספרד,3,4,7
2021-05-27T00:00:00.000Z,סרביה,2,1,3
2021-05-27T00:00:00.000Z,סרי לנקה (צילון),1,2,3
2021-05-27T00:00:00.000Z,ערב הסעודית,1,0,1
2021-05-27T00:00:00.000Z,פולין,8,6,14
2021-05-27T00:00:00.000Z,פורטוגל,9,2,11
2021-05-27T00:00:00.000Z,פיליפינים,1,12,13
2021-05-27T00:00:00.000Z,פינלנד,2,1,3
2021-05-27T00:00:00.000Z,פנמה,1,3,4
2021-05-27T00:00:00.000Z,פרו,1,0,1
2021-05-27T00:00:00.000Z,צאד,1,0,1
2021-05-27T00:00:00.000Z,צ'ילה,2,6,8
2021-05-27T00:00:00.000Z,צכיה,7,13,20
2021-05-27T00:00:00.000Z,צרפת,144,160,304
2021-05-27T00:00:00.000Z,קולומביה,6,2,8
2021-05-27T00:00:00.000Z,איחוד האמירויות הערב,308,108,416
2021-05-27T00:00:00.000Z,בולגריה,148,33,181
2021-05-27T00:00:00.000Z,הונגריה,2,1,3
2021-05-27T00:00:00.000Z,הממלכה המאוחדת,155,320,475
2021-05-27T00:00:00.000Z,הרפ הדומיניקנית,2,0,2
2021-05-27T00:00:00.000Z,זאיר,4,0,4
2021-05-27T00:00:00.000Z,זמביה,2,1,3
2021-05-27T00:00:00.000Z,חוף השנהב,0,1,1
2021-05-27T00:00:00.000Z,טנזניה,4,1,5
2021-05-27T00:00:00.000Z,יוון,574,82,656
2021-05-27T00:00:00.000Z,יפן,0,5,5
2021-05-27T00:00:00.000Z,ירדן,53,72,125
2021-05-27T00:00:00.000Z,כלל המדינות,4534,5342,9876
2021-05-27T00:00:00.000Z,קירג'זסטאן,1,2,3
2021-05-27T00:00:00.000Z,קנדה,2,5,7
2021-05-27T00:00:00.000Z,קניה,6,0,6
2021-05-27T00:00:00.000Z,קפריסין,250,88,338
2021-05-27T00:00:00.000Z,רואנדה,3,1,4
2021-05-27T00:00:00.000Z,רומניה,61,31,92
2021-05-27T00:00:00.000Z,רוסיה,53,91,144
2021-05-27T00:00:00.000Z,שוודיה,1,7,8
2021-05-27T00:00:00.000Z,שוויץ,47,49,96
2021-05-27T00:00:00.000Z,תאילנד,13,267,280
2021-05-27T00:00:00.000Z,תורכיה,73,55,128
2021-05-27T00:00:00.000Z,לבנון,0,8,8
2021-05-27T00:00:00.000Z,לטביה,8,4,12
2021-05-27T00:00:00.000Z,ליטא,0,1,1
2021-05-27T00:00:00.000Z,מוזמביק,1,0,1
2021-05-27T00:00:00.000Z,מולדובה,51,31,82
2021-05-27T00:00:00.000Z,מונקו,1,0,1
2021-05-27T00:00:00.000Z,מלדיבים,2,1,3
2021-05-27T00:00:00.000Z,מלטה,7,0,7
2021-05-27T00:00:00.000Z,מצרים,215,109,324
2021-05-27T00:00:00.000Z,מקדוניה,1,1,2
2021-05-27T00:00:00.000Z,מקסיקו,0,6,6
2021-05-27T00:00:00.000Z,מרוקו,3,0,3
2021-05-27T00:00:00.000Z,נורבגיה,0,1,1
2021-05-27T00:00:00.000Z,ניגריה,8,7,15
2021-05-27T00:00:00.000Z,ניו זילנד,0,3,3
2021-05-27T00:00:00.000Z,אוגנדה,4,0,4
2021-05-27T00:00:00.000Z,אוזבקיסטן,5,5,10
2021-05-27T00:00:00.000Z,אוסטריה,26,19,45
2021-05-27T00:00:00.000Z,אוסטרליה,1,6,7
2021-05-27T00:00:00.000Z,אוקראינה,49,141,190
2021-05-27T00:00:00.000Z,אזרביג'אן,6,2,8
2021-05-27T00:00:00.000Z,איטליה,26,10,36
2021-05-27T00:00:00.000Z,איי סיישל,125,3,128
2021-05-27T00:00:00.000Z,אינדונזיה,1,0,1
2021-05-27T00:00:00.000Z,איסלנד,10,0,10
2021-05-27T00:00:00.000Z,הולנד,5,4,9
2021-05-28T00:00:00.000Z,תורכמניסטאן,2,3,5
2021-05-28T00:00:00.000Z,תוניסיה,2,1,3
2021-05-28T00:00:00.000Z,תאילנד,7,0,7
2021-05-28T00:00:00.000Z,שוויץ,56,42,98
2021-05-28T00:00:00.000Z,שוודיה,1,0,1
2021-05-28T00:00:00.000Z,רוסיה,154,125,279
2021-05-28T00:00:00.000Z,רומניה,4,1,5
2021-05-28T00:00:00.000Z,קרואטיה,2,1,3
2021-05-28T00:00:00.000Z,קפריסין,88,26,114
2021-05-28T00:00:00.000Z,קוריאה הדרומית,3,0,3
2021-05-28T00:00:00.000Z,קוסטה ריקה,12,3,15
2021-05-28T00:00:00.000Z,קולומביה,2,6,8
2021-05-28T00:00:00.000Z,צרפת,149,178,327
2021-05-28T00:00:00.000Z,צכיה,8,1,9
2021-05-28T00:00:00.000Z,צ'ילה,1,2,3
2021-05-28T00:00:00.000Z,פרו,1,1,2
2021-05-28T00:00:00.000Z,פנמה,4,6,10
2021-05-28T00:00:00.000Z,פיליפינים,1,3,4
2021-05-28T00:00:00.000Z,פורטוגל,12,5,17
2021-05-28T00:00:00.000Z,פולין,62,17,79
2021-05-28T00:00:00.000Z,סרי לנקה (צילון),1,1,2
2021-05-28T00:00:00.000Z,סרביה,10,1,11
2021-05-28T00:00:00.000Z,ספרד,42,31,73
2021-05-28T00:00:00.000Z,סינגפור,10,0,10
2021-05-28T00:00:00.000Z,סין,1,77,78
2021-05-28T00:00:00.000Z,סוריה,0,1,1
2021-05-28T00:00:00.000Z,נפאל,1,0,1
2021-05-28T00:00:00.000Z,ניגריה,1,0,1
2021-05-28T00:00:00.000Z,נורבגיה,0,1,1
2021-05-28T00:00:00.000Z,מרוקו,1,2,3
2021-05-28T00:00:00.000Z,מקסיקו,8,7,15
2021-05-28T00:00:00.000Z,מצרים,117,59,176
2021-05-28T00:00:00.000Z,מלדיבים,9,3,12
2021-05-28T00:00:00.000Z,מונטנגרו,33,5,38
2021-05-28T00:00:00.000Z,מולדובה,1,0,1
2021-05-28T00:00:00.000Z,תורכיה,80,66,146
2021-05-28T00:00:00.000Z,לטביה,1,1,2
2021-05-28T00:00:00.000Z,לוכסמבורג,0,1,1
2021-05-28T00:00:00.000Z,כלל המדינות,3541,2654,6195
2021-05-28T00:00:00.000Z,יוון,239,38,277
2021-05-28T00:00:00.000Z,הרפ הדומיניקנית,2,0,2
2021-05-28T00:00:00.000Z,הממלכה המאוחדת,63,164,227
2021-05-28T00:00:00.000Z,הונדורס,1,0,1
2021-05-28T00:00:00.000Z,הונגריה,55,20,75
2021-05-28T00:00:00.000Z,הולנד,37,21,58
2021-05-28T00:00:00.000Z,דנמרק,2,0,2
2021-05-28T00:00:00.000Z,דומיניקה,0,1,1
2021-05-28T00:00:00.000Z,גרמניה,78,39,117
2021-05-28T00:00:00.000Z,גמביה,0,3,3
2021-05-28T00:00:00.000Z,גווטאמלה,0,2,2
2021-05-28T00:00:00.000Z,גאורגיה,416,122,538
2021-05-28T00:00:00.000Z,ברזיל,1,3,4
2021-05-28T00:00:00.000Z,בלגיה,4,5,9
2021-05-28T00:00:00.000Z,בורקינה פאסו,1,0,1
2021-05-28T00:00:00.000Z,בוסניה הרצגובינה,1,0,1
2021-05-28T00:00:00.000Z,בולגריה,108,30,138
2021-05-28T00:00:00.000Z,אתיופיה,1,0,1
2021-05-28T00:00:00.000Z,ארצות הברית,656,786,1442
2021-05-28T00:00:00.000Z,אנגולה,3,0,3
2021-05-28T00:00:00.000Z,אלבניה,1,0,1
2021-05-28T00:00:00.000Z,אירלנד,1,0,1
2021-05-28T00:00:00.000Z,איסלנד,2,0,2
2021-05-28T00:00:00.000Z,אינדונזיה,2,1,3
2021-05-28T00:00:00.000Z,איי טורקס וקייקוס,1,0,1
2021-05-28T00:00:00.000Z,איי ווליס ופוטונה,0,3,3
2021-05-28T00:00:00.000Z,איטליה,19,12,31
2021-05-28T00:00:00.000Z,אורגוואי,1,0,1
2021-05-28T00:00:00.000Z,אוקראינה,8,6,14
2021-05-28T00:00:00.000Z,אוסטרליה,0,3,3
2021-05-28T00:00:00.000Z,אוסטריה,54,30,84
2021-05-28T00:00:00.000Z,איחוד האמירויות הערב,323,85,408
2021-05-28T00:00:00.000Z,ליטא,8,0,8
2021-05-29T00:00:00.000Z,דנמרק,16,1,17
2021-05-29T00:00:00.000Z,דרום אפריקה,3,3,6
2021-05-29T00:00:00.000Z,הולנד,21,22,43
2021-05-29T00:00:00.000Z,הונג קונג,0,1,1
2021-05-29T00:00:00.000Z,הממלכה המאוחדת,46,62,108
2021-05-29T00:00:00.000Z,הרפ הדומיניקנית,3,0,3
2021-05-29T00:00:00.000Z,זאיר,1,1,2
2021-05-29T00:00:00.000Z,זמביה,3,0,3
2021-05-29T00:00:00.000Z,חוף השנהב,1,0,1
2021-05-29T00:00:00.000Z,טיוואן,0,1,1
2021-05-29T00:00:00.000Z,יוון,344,11,355
2021-05-29T00:00:00.000Z,יפן,0,1,1
2021-05-29T00:00:00.000Z,כלל המדינות,2352,1335,3687
2021-05-29T00:00:00.000Z,לוכסמבורג,1,1,2
2021-05-29T00:00:00.000Z,ליטא,3,1,4
2021-05-29T00:00:00.000Z,מונטנגרו,1,0,1
2021-05-29T00:00:00.000Z,מלאווי,1,0,1
2021-05-29T00:00:00.000Z,מלדיבים,4,0,4
2021-05-29T00:00:00.000Z,מלטה,1,0,1
2021-05-29T00:00:00.000Z,מצרים,400,50,450
2021-05-29T00:00:00.000Z,מקסיקו,3,7,10
2021-05-29T00:00:00.000Z,מרוקו,1,0,1
2021-05-29T00:00:00.000Z,נורבגיה,0,2,2
2021-05-29T00:00:00.000Z,ניגריה,3,4,7
2021-05-29T00:00:00.000Z,ניו זילנד,0,1,1
2021-05-29T00:00:00.000Z,נמיביה,2,0,2
2021-05-29T00:00:00.000Z,סין,4,0,4
2021-05-29T00:00:00.000Z,סלובניה,3,0,3
2021-05-29T00:00:00.000Z,סנגל,2,0,2
2021-05-29T00:00:00.000Z,ספרד,22,14,36
2021-05-29T00:00:00.000Z,סרביה,2,2,4
2021-05-29T00:00:00.000Z,סרי לנקה (צילון),1,1,2
2021-05-29T00:00:00.000Z,פולין,14,4,18
2021-05-29T00:00:00.000Z,פורטוגל,10,5,15
2021-05-29T00:00:00.000Z,פיליפינים,2,0,2
2021-05-29T00:00:00.000Z,פינלנד,8,0,8
2021-05-29T00:00:00.000Z,פרו,0,1,1
2021-05-29T00:00:00.000Z,צכיה,2,0,2
2021-05-29T00:00:00.000Z,צרפת,34,36,70
2021-05-29T00:00:00.000Z,קולומביה,0,2,2
2021-05-29T00:00:00.000Z,קוסטה ריקה,3,0,3
2021-05-29T00:00:00.000Z,קזחסטאן,0,5,5
2021-05-29T00:00:00.000Z,קמבודיה,0,1,1
2021-05-29T00:00:00.000Z,קנדה,1,2,3
2021-05-29T00:00:00.000Z,קניה,5,2,7
2021-05-29T00:00:00.000Z,קפריסין,454,23,477
2021-05-29T00:00:00.000Z,קרואטיה,7,0,7
2021-05-29T00:00:00.000Z,רואנדה,10,3,13
2021-05-29T00:00:00.000Z,רומניה,66,22,88
2021-05-29T00:00:00.000Z,רוסיה,5,6,11
2021-05-29T00:00:00.000Z,שוודיה,0,3,3
2021-05-29T00:00:00.000Z,שוויץ,3,1,4
2021-05-29T00:00:00.000Z,תאילנד,2,8,10
2021-05-29T00:00:00.000Z,תורכיה,67,20,87
2021-05-29T00:00:00.000Z,איחוד האמירויות הערב,54,7,61
2021-05-29T00:00:00.000Z,אוגנדה,2,0,2
2021-05-29T00:00:00.000Z,אוסטריה,21,9,30
2021-05-29T00:00:00.000Z,אוסטרליה,0,4,4
2021-05-29T00:00:00.000Z,אוקראינה,1,5,6
2021-05-29T00:00:00.000Z,אורגוואי,3,6,9
2021-05-29T00:00:00.000Z,איטליה,34,15,49
2021-05-29T00:00:00.000Z,איי סיישל,4,0,4
2021-05-29T00:00:00.000Z,איסלנד,9,0,9
2021-05-29T00:00:00.000Z,אירלנד,2,7,9
2021-05-29T00:00:00.000Z,אל סלבדור,0,2,2
2021-05-29T00:00:00.000Z,אסטוניה,1,0,1
2021-05-29T00:00:00.000Z,ארגנטינה,3,1,4
2021-05-29T00:00:00.000Z,ארמניה,0,1,1
2021-05-29T00:00:00.000Z,ארצות הברית,245,544,789
2021-05-29T00:00:00.000Z,אתיופיה,34,10,44
2021-05-29T00:00:00.000Z,בוטסואנה,1,0,1
2021-05-29T00:00:00.000Z,בולגריה,1,0,1
2021-05-29T00:00:00.000Z,בוסניה הרצגובינה,4,4,8
2021-05-29T00:00:00.000Z,בחריין,1,0,1
2021-05-29T00:00:00.000Z,בלגיה,7,1,8
2021-05-29T00:00:00.000Z,ברזיל,1,0,1
2021-05-29T00:00:00.000Z,גאורגיה,51,9,60
2021-05-29T00:00:00.000Z,גאנה,4,1,5
2021-05-29T00:00:00.000Z,גרמניה,93,72,165
2021-05-30T00:00:00.000Z,גרמניה,56,30,86
2021-05-30T00:00:00.000Z,ארגנטינה,0,1,1
2021-05-30T00:00:00.000Z,אלבניה,0,4,4
2021-05-30T00:00:00.000Z,אירלנד,2,1,3
2021-05-30T00:00:00.000Z,אינדונזיה,0,1,1
2021-05-30T00:00:00.000Z,איי סיישל,131,13,144
2021-05-30T00:00:00.000Z,איטליה,24,6,30
2021-05-30T00:00:00.000Z,אזרביג'אן,2,0,2
2021-05-30T00:00:00.000Z,אוקראינה,80,26,106
2021-05-30T00:00:00.000Z,אוסטרליה,0,1,1
2021-05-30T00:00:00.000Z,אוסטריה,40,17,57
2021-05-30T00:00:00.000Z,אוזבקיסטן,1,0,1
2021-05-30T00:00:00.000Z,אוגנדה,2,1,3
2021-05-30T00:00:00.000Z,אסטוניה,2,0,2
2021-05-30T00:00:00.000Z,תורכיה,135,52,187
2021-05-30T00:00:00.000Z,תוניסיה,1,0,1
2021-05-30T00:00:00.000Z,תאילנד,1,11,12
2021-05-30T00:00:00.000Z,שוויץ,32,22,54
2021-05-30T00:00:00.000Z,שוודיה,1,4,5
2021-05-30T00:00:00.000Z,רוסיה,161,164,325
2021-05-30T00:00:00.000Z,רומניה,64,26,90
2021-05-30T00:00:00.000Z,רואנדה,1,0,1
2021-05-30T00:00:00.000Z,קרואטיה,3,1,4
2021-05-30T00:00:00.000Z,קפריסין,586,62,648
2021-05-30T00:00:00.000Z,קנדה,8,75,83
2021-05-30T00:00:00.000Z,קמרון,2,1,3
2021-05-30T00:00:00.000Z,קירג'זסטאן,3,1,4
2021-05-30T00:00:00.000Z,איחוד האמירויות הערב,371,48,419
2021-05-30T00:00:00.000Z,קוריאה הדרומית,2,2,4
2021-05-30T00:00:00.000Z,קוסטה ריקה,3,5,8
2021-05-30T00:00:00.000Z,צרפת,151,166,317
2021-05-30T00:00:00.000Z,צכיה,4,2,6
2021-05-30T00:00:00.000Z,פיליפינים,2,17,19
2021-05-30T00:00:00.000Z,פורטוגל,17,1,18
2021-05-30T00:00:00.000Z,פולין,42,8,50
2021-05-30T00:00:00.000Z,ערב הסעודית,2,0,2
2021-05-30T00:00:00.000Z,סרביה,8,3,11
2021-05-30T00:00:00.000Z,ספרד,12,4,16
2021-05-30T00:00:00.000Z,סינגפור,0,2,2
2021-05-30T00:00:00.000Z,סוריה,0,5,5
2021-05-30T00:00:00.000Z,ניגריה,1,0,1
2021-05-30T00:00:00.000Z,נורבגיה,0,1,1
2021-05-30T00:00:00.000Z,מקסיקו,9,6,15
2021-05-30T00:00:00.000Z,מקדוניה,2,0,2
2021-05-30T00:00:00.000Z,מצרים,461,59,520
2021-05-30T00:00:00.000Z,מלזיה,0,1,1
2021-05-30T00:00:00.000Z,מלדיבים,8,3,11
2021-05-30T00:00:00.000Z,מונקו,1,0,1
2021-05-30T00:00:00.000Z,מולדובה,74,47,121
2021-05-30T00:00:00.000Z,לטביה,2,2,4
2021-05-30T00:00:00.000Z,לבנון,0,3,3
2021-05-30T00:00:00.000Z,כלל המדינות,6400,3964,10364
2021-05-30T00:00:00.000Z,ירדן,119,46,165
2021-05-30T00:00:00.000Z,יפן,0,1,1
2021-05-30T00:00:00.000Z,יוון,1236,65,1301
2021-05-30T00:00:00.000Z,טיוואן,2,0,2
2021-05-30T00:00:00.000Z,ונצואלה,0,1,1
2021-05-30T00:00:00.000Z,ויטנאם,0,5,5
2021-05-30T00:00:00.000Z,הרפ הדומיניקנית,0,1,1
2021-05-30T00:00:00.000Z,הממלכה המאוחדת,228,201,429
2021-05-30T00:00:00.000Z,הונגריה,3,2,5
2021-05-30T00:00:00.000Z,הולנד,75,47,122
2021-05-30T00:00:00.000Z,האנטילים ההולנדים,1,0,1
2021-05-30T00:00:00.000Z,דרום אפריקה,1,0,1
2021-05-30T00:00:00.000Z,דנמרק,4,3,7
2021-05-30T00:00:00.000Z,אנגולה,0,1,1
2021-05-30T00:00:00.000Z,גאורגיה,421,9,430
2021-05-30T00:00:00.000Z,ברזיל,3,1,4
2021-05-30T00:00:00.000Z,בלגיה,6,12,18
2021-05-30T00:00:00.000Z,בילורוסיה,130,17,147
2021-05-30T00:00:00.000Z,בוסניה הרצגובינה,0,1,1
2021-05-30T00:00:00.000Z,בולגריה,208,4,212
2021-05-30T00:00:00.000Z,ארצות הברית,348,462,810
2021-05-31T00:00:00.000Z,קירג'זסטאן,11,3,14
2021-05-31T00:00:00.000Z,יפן,1,1,2
2021-05-31T00:00:00.000Z,טנזניה,12,1,13
2021-05-31T00:00:00.000Z,טיוואן,0,2,2
2021-05-31T00:00:00.000Z,חוף השנהב,2,0,2
2021-05-31T00:00:00.000Z,זמביה,4,1,5
2021-05-31T00:00:00.000Z,זאיר,1,2,3
2021-05-31T00:00:00.000Z,הרפ הדומיניקנית,1,0,1
2021-05-31T00:00:00.000Z,הממלכה המאוחדת,196,193,389
2021-05-31T00:00:00.000Z,הונגריה,58,21,79
2021-05-31T00:00:00.000Z,הונג קונג,0,4,4
2021-05-31T00:00:00.000Z,הולנד,42,25,67
2021-05-31T00:00:00.000Z,הודו,33,28,61
2021-05-31T00:00:00.000Z,דרום אפריקה,6,3,9
2021-05-31T00:00:00.000Z,דנמרק,2,3,5
2021-05-31T00:00:00.000Z,גרמניה,143,80,223
2021-05-31T00:00:00.000Z,גמייקה,2,2,4
2021-05-31T00:00:00.000Z,גיברלטר,0,1,1
2021-05-31T00:00:00.000Z,גאורגיה,599,50,649
2021-05-31T00:00:00.000Z,ברמודה,0,1,1
2021-05-31T00:00:00.000Z,ברזיל,2,5,7
2021-05-31T00:00:00.000Z,תורכמניסטאן,2,2,4
2021-05-31T00:00:00.000Z,תורכיה,45,21,66
2021-05-31T00:00:00.000Z,תאילנד,3,0,3
2021-05-31T00:00:00.000Z,אוגנדה,6,1,7
2021-05-31T00:00:00.000Z,אוזבקיסטן,14,59,73
2021-05-31T00:00:00.000Z,אוסטריה,92,45,137
2021-05-31T00:00:00.000Z,אוסטרליה,0,2,2
2021-05-31T00:00:00.000Z,אוקראינה,94,84,178
2021-05-31T00:00:00.000Z,אזרביג'אן,2,1,3
2021-05-31T00:00:00.000Z,איטליה,33,14,47
2021-05-31T00:00:00.000Z,בלגיה,44,96,140
2021-05-31T00:00:00.000Z,בוליביה,2,1,3
2021-05-31T00:00:00.000Z,בולגריה,286,25,311
2021-05-31T00:00:00.000Z,בוטסואנה,1,0,1
2021-05-31T00:00:00.000Z,אתיופיה,29,8,37
2021-05-31T00:00:00.000Z,ארצות הברית,765,1125,1890
2021-05-31T00:00:00.000Z,ירדן,93,58,151
2021-05-31T00:00:00.000Z,כלל המדינות,6678,4698,11376
2021-05-31T00:00:00.000Z,לוכסמבורג,10,0,10
2021-05-31T00:00:00.000Z,לטביה,2,1,3
2021-05-31T00:00:00.000Z,איי טורקס וקייקוס,0,2,2
2021-05-31T00:00:00.000Z,איי סיישל,67,4,71
2021-05-31T00:00:00.000Z,אירלנד,3,1,4
2021-05-31T00:00:00.000Z,אלבניה,3,1,4
2021-05-31T00:00:00.000Z,אנגולה,1,0,1
2021-05-31T00:00:00.000Z,אסטוניה,0,2,2
2021-05-31T00:00:00.000Z,ארגנטינה,0,2,2
2021-05-31T00:00:00.000Z,ליטא,18,0,18
2021-05-31T00:00:00.000Z,לסוטו,2,0,2
2021-05-31T00:00:00.000Z,מוזמביק,2,0,2
2021-05-31T00:00:00.000Z,מולדובה,0,5,5
2021-05-31T00:00:00.000Z,מונטנגרו,30,6,36
2021-05-31T00:00:00.000Z,מלדיבים,8,0,8
2021-05-31T00:00:00.000Z,מלטה,3,0,3
2021-05-31T00:00:00.000Z,מצרים,355,57,412
2021-05-31T00:00:00.000Z,מקסיקו,2,4,6
2021-05-31T00:00:00.000Z,מרוקו,1,2,3
2021-05-31T00:00:00.000Z,נורבגיה,0,1,1
2021-05-31T00:00:00.000Z,ניגריה,3,7,10
2021-05-31T00:00:00.000Z,ניו זילנד,1,0,1
2021-05-31T00:00:00.000Z,סווזילנד,1,0,1
2021-05-31T00:00:00.000Z,סוריה,1,7,8
2021-05-31T00:00:00.000Z,סין,0,1,1
2021-05-31T00:00:00.000Z,ספרד,71,26,97
2021-05-31T00:00:00.000Z,סרביה,10,1,11
2021-05-31T00:00:00.000Z,סרי לנקה (צילון),2,0,2
2021-05-31T00:00:00.000Z,פולין,6,4,10
2021-05-31T00:00:00.000Z,פורטוגל,15,6,21
2021-05-31T00:00:00.000Z,פיליפינים,0,18,18
2021-05-31T00:00:00.000Z,פינלנד,2,1,3
2021-05-31T00:00:00.000Z,פנמה,3,2,5
2021-05-31T00:00:00.000Z,צ'ילה,2,1,3
2021-05-31T00:00:00.000Z,צכיה,3,1,4
2021-05-31T00:00:00.000Z,צרפת,241,212,453
2021-05-31T00:00:00.000Z,קולומביה,3,5,8
2021-05-31T00:00:00.000Z,קוסובו,1,0,1
2021-05-31T00:00:00.000Z,קוריאה הדרומית,1,6,7
2021-05-31T00:00:00.000Z,קזחסטאן,2,1,3
2021-05-31T00:00:00.000Z,קטר,0,1,1
2021-05-31T00:00:00.000Z,יוון,1039,42,1081
2021-05-31T00:00:00.000Z,קנדה,5,13,18
2021-05-31T00:00:00.000Z,איחוד האמירויות הערב,348,42,390
2021-05-31T00:00:00.000Z,ארמניה,2,2,4
2021-05-31T00:00:00.000Z,קניה,2,2,4
2021-05-31T00:00:00.000Z,קפריסין,339,46,385
2021-05-31T00:00:00.000Z,קרואטיה,72,17,89
2021-05-31T00:00:00.000Z,רואנדה,4,0,4
2021-05-31T00:00:00.000Z,רומניה,30,20,50
2021-05-31T00:00:00.000Z,רוסיה,212,159,371
2021-05-31T00:00:00.000Z,שוודיה,2,3,5
2021-05-31T00:00:00.000Z,שוויץ,38,38,76
2021-06-01T00:00:00.000Z,דנמרק,4,4,8
2021-06-01T00:00:00.000Z,איחוד האמירויות הערב,289,44,333
2021-06-01T00:00:00.000Z,תוניסיה,1,0,1
2021-06-01T00:00:00.000Z,תאילנד,6,2,8
2021-06-01T00:00:00.000Z,שוויץ,7,3,10
2021-06-01T00:00:00.000Z,רוסיה,30,47,77
2021-06-01T00:00:00.000Z,קרואטיה,2,0,2
2021-06-01T00:00:00.000Z,אוגנדה,2,0,2
2021-06-01T00:00:00.000Z,אוזבקיסטן,2,2,4
2021-06-01T00:00:00.000Z,אוסטריה,6,4,10
2021-06-01T00:00:00.000Z,אוקראינה,100,59,159
2021-06-01T00:00:00.000Z,אורגוואי,0,4,4
2021-06-01T00:00:00.000Z,אזרביג'אן,1,0,1
2021-06-01T00:00:00.000Z,איטליה,49,34,83
2021-06-01T00:00:00.000Z,איסלנד,8,2,10
2021-06-01T00:00:00.000Z,אירלנד,3,0,3
2021-06-01T00:00:00.000Z,אלבניה,1,0,1
2021-06-01T00:00:00.000Z,אנגולה,1,1,2
2021-06-01T00:00:00.000Z,אקואדור,2,6,8
2021-06-01T00:00:00.000Z,ארגנטינה,5,6,11
2021-06-01T00:00:00.000Z,ארמניה,1,0,1
2021-06-01T00:00:00.000Z,ארצות הברית,534,587,1121
2021-06-01T00:00:00.000Z,אתיופיה,19,7,26
2021-06-01T00:00:00.000Z,בולגריה,71,1,72
2021-06-01T00:00:00.000Z,בוליביה,0,1,1
2021-06-01T00:00:00.000Z,בילורוסיה,40,27,67
2021-06-01T00:00:00.000Z,בלגיה,0,8,8
2021-06-01T00:00:00.000Z,ברבדוס,0,1,1
2021-06-01T00:00:00.000Z,ברזיל,3,6,9
2021-06-01T00:00:00.000Z,גאורגיה,240,12,252
2021-06-01T00:00:00.000Z,גאנה,0,1,1
2021-06-01T00:00:00.000Z,גינאה,1,1,2
2021-06-01T00:00:00.000Z,גינאה המשוונית,3,0,3
2021-06-01T00:00:00.000Z,גרמניה,194,105,299
2021-06-01T00:00:00.000Z,תורכיה,40,28,68
2021-06-01T00:00:00.000Z,דרום אפריקה,5,5,10
2021-06-01T00:00:00.000Z,הולנד,23,14,37
2021-06-01T00:00:00.000Z,הממלכה המאוחדת,193,210,403
2021-06-01T00:00:00.000Z,זאיר,0,1,1
2021-06-01T00:00:00.000Z,זמביה,1,0,1
2021-06-01T00:00:00.000Z,חוף השנהב,1,1,2
2021-06-01T00:00:00.000Z,טיוואן,1,0,1
2021-06-01T00:00:00.000Z,יוון,353,25,378
2021-06-01T00:00:00.000Z,ירדן,55,36,91
2021-06-01T00:00:00.000Z,כלל המדינות,3583,3092,6675
2021-06-01T00:00:00.000Z,ליטא,8,0,8
2021-06-01T00:00:00.000Z,מוזמביק,1,2,3
2021-06-01T00:00:00.000Z,מולדובה,54,65,119
2021-06-01T00:00:00.000Z,מצרים,258,27,285
2021-06-01T00:00:00.000Z,מקסיקו,4,5,9
2021-06-01T00:00:00.000Z,ניגריה,1,2,3
2021-06-01T00:00:00.000Z,סלובניה,0,1,1
2021-06-01T00:00:00.000Z,סנגל,1,0,1
2021-06-01T00:00:00.000Z,ספרד,49,46,95
2021-06-01T00:00:00.000Z,סרביה,4,2,6
2021-06-01T00:00:00.000Z,פולין,28,6,34
2021-06-01T00:00:00.000Z,פורטוגל,15,4,19
2021-06-01T00:00:00.000Z,פיליפינים,0,2,2
2021-06-01T00:00:00.000Z,פינלנד,2,0,2
2021-06-01T00:00:00.000Z,פנמה,0,1,1
2021-06-01T00:00:00.000Z,פרו,0,3,3
2021-06-01T00:00:00.000Z,צרפת,98,104,202
2021-06-01T00:00:00.000Z,קולומביה,0,3,3
2021-06-01T00:00:00.000Z,קוסטה ריקה,6,9,15
2021-06-01T00:00:00.000Z,קוריאה הדרומית,2,0,2
2021-06-01T00:00:00.000Z,קזחסטאן,0,1,1
2021-06-01T00:00:00.000Z,קנדה,0,5,5
2021-06-01T00:00:00.000Z,קניה,9,4,13
2021-06-01T00:00:00.000Z,קפריסין,127,10,137
2021-06-02T00:00:00.000Z,פולין,79,21,100
2021-06-02T00:00:00.000Z,פורטוגל,8,2,10
2021-06-02T00:00:00.000Z,פיליפינים,2,2,4
2021-06-02T00:00:00.000Z,פינלנד,3,0,3
2021-06-02T00:00:00.000Z,פנמה,0,1,1
2021-06-02T00:00:00.000Z,פרגוואי,4,0,4
2021-06-02T00:00:00.000Z,פרו,0,1,1
2021-06-02T00:00:00.000Z,צכיה,3,1,4
2021-06-02T00:00:00.000Z,צרפת,185,280,465
2021-06-02T00:00:00.000Z,קולומביה,2,1,3
2021-06-02T00:00:00.000Z,קוסטה ריקה,7,8,15
2021-06-02T00:00:00.000Z,קוריאה הדרומית,1,5,6
2021-06-02T00:00:00.000Z,קזחסטאן,0,2,2
2021-06-02T00:00:00.000Z,קטר,1,0,1
2021-06-02T00:00:00.000Z,קנדה,12,86,98
2021-06-02T00:00:00.000Z,קניה,3,1,4
2021-06-02T00:00:00.000Z,קפריסין,148,24,172
2021-06-02T00:00:00.000Z,קרואטיה,6,3,9
2021-06-02T00:00:00.000Z,רומניה,60,30,90
2021-06-02T00:00:00.000Z,רוסיה,2,7,9
2021-06-02T00:00:00.000Z,שוודיה,1,5,6
2021-06-02T00:00:00.000Z,שוויץ,42,45,87
2021-06-02T00:00:00.000Z,תאילנד,3,7,10
2021-06-02T00:00:00.000Z,תוניסיה,3,0,3
2021-06-02T00:00:00.000Z,תורכיה,115,28,143
2021-06-02T00:00:00.000Z,תורכמניסטאן,1,0,1
2021-06-02T00:00:00.000Z,איחוד האמירויות הערב,239,38,277
2021-06-02T00:00:00.000Z,אוזבקיסטן,1,0,1
2021-06-02T00:00:00.000Z,אוסטריה,57,35,92
2021-06-02T00:00:00.000Z,אוסטרליה,1,4,5
2021-06-02T00:00:00.000Z,אוקראינה,35,32,67
2021-06-02T00:00:00.000Z,אזרביג'אן,3,1,4
2021-06-02T00:00:00.000Z,איטליה,45,15,60
2021-06-02T00:00:00.000Z,איי סיישל,38,5,43
2021-06-02T00:00:00.000Z,אינדונזיה,0,1,1
2021-06-02T00:00:00.000Z,אירלנד,0,4,4
2021-06-02T00:00:00.000Z,אלבניה,3,0,3
2021-06-02T00:00:00.000Z,אנגולה,2,0,2
2021-06-02T00:00:00.000Z,אסטוניה,1,0,1
2021-06-02T00:00:00.000Z,ארגנטינה,9,4,13
2021-06-02T00:00:00.000Z,ארצות הברית,605,1273,1878
2021-06-02T00:00:00.000Z,אתיופיה,15,8,23
2021-06-02T00:00:00.000Z,בוטסואנה,3,0,3
2021-06-02T00:00:00.000Z,בולגריה,105,28,133
2021-06-02T00:00:00.000Z,בוליביה,1,2,3
2021-06-02T00:00:00.000Z,בילורוסיה,19,12,31
2021-06-02T00:00:00.000Z,בלגיה,1,4,5
2021-06-02T00:00:00.000Z,ברזיל,1,6,7
2021-06-02T00:00:00.000Z,גאורגיה,139,19,158
2021-06-02T00:00:00.000Z,גאנה,1,0,1
2021-06-02T00:00:00.000Z,גויאנה הצרפתית,0,3,3
2021-06-02T00:00:00.000Z,גרמניה,125,89,214
2021-06-02T00:00:00.000Z,דנמרק,6,4,10
2021-06-02T00:00:00.000Z,דרום אפריקה,2,1,3
2021-06-02T00:00:00.000Z,דרום סודאן,0,1,1
2021-06-02T00:00:00.000Z,הולנד,56,31,87
2021-06-02T00:00:00.000Z,הונג קונג,0,5,5
2021-06-02T00:00:00.000Z,הונגריה,45,30,75
2021-06-02T00:00:00.000Z,הממלכה המאוחדת,146,226,372
2021-06-02T00:00:00.000Z,הרפ הדומיניקנית,0,1,1
2021-06-02T00:00:00.000Z,ויטנאם,0,1,1
2021-06-02T00:00:00.000Z,ונצואלה,1,0,1
2021-06-02T00:00:00.000Z,זאיר,0,1,1
2021-06-02T00:00:00.000Z,זימבאבווה,2,0,2
2021-06-02T00:00:00.000Z,טיוואן,1,3,4
2021-06-02T00:00:00.000Z,טנזניה,0,1,1
2021-06-02T00:00:00.000Z,יוון,309,22,331
2021-06-02T00:00:00.000Z,יפן,1,0,1
2021-06-02T00:00:00.000Z,ירדן,39,36,75
2021-06-02T00:00:00.000Z,כלל המדינות,3635,4474,8109
2021-06-02T00:00:00.000Z,לטביה,0,1,1
2021-06-02T00:00:00.000Z,ליטא,1,0,1
2021-06-02T00:00:00.000Z,מונטנגרו,33,0,33
2021-06-02T00:00:00.000Z,מלדיבים,15,1,16
2021-06-02T00:00:00.000Z,מלטה,3,0,3
2021-06-02T00:00:00.000Z,מצרים,145,12,157
2021-06-02T00:00:00.000Z,מקדוניה,2,0,2
2021-06-02T00:00:00.000Z,מקסיקו,7,5,12
2021-06-02T00:00:00.000Z,מרוקו,1,2,3
2021-06-02T00:00:00.000Z,נורבגיה,0,1,1
2021-06-02T00:00:00.000Z,ניגריה,0,1,1
2021-06-02T00:00:00.000Z,סין,3,16,19
2021-06-02T00:00:00.000Z,סינגפור,0,21,21
2021-06-02T00:00:00.000Z,סלובניה,3,1,4
2021-06-02T00:00:00.000Z,ספרד,53,27,80
2021-06-02T00:00:00.000Z,סרביה,5,3,8
2021-06-02T00:00:00.000Z,סרי לנקה (צילון),1,0,1
2021-06-02T00:00:00.000Z,ערב הסעודית,0,6,6
2021-06-03T00:00:00.000Z,יוון,697,67,764
2021-06-03T00:00:00.000Z,אוסטרליה,1,0,1
2021-06-03T00:00:00.000Z,תאילנד,4,2,6
2021-06-03T00:00:00.000Z,שוויץ,50,25,75
2021-06-03T00:00:00.000Z,שוודיה,5,5,10
2021-06-03T00:00:00.000Z,רוסיה,147,118,265
2021-06-03T00:00:00.000Z,רומניה,37,9,46
2021-06-03T00:00:00.000Z,רואנדה,12,1,13
2021-06-03T00:00:00.000Z,ראוניון,1,0,1
2021-06-03T00:00:00.000Z,קרואטיה,4,1,5
2021-06-03T00:00:00.000Z,קפריסין,250,35,285
2021-06-03T00:00:00.000Z,קניה,4,0,4
2021-06-03T00:00:00.000Z,קנדה,0,4,4
2021-06-03T00:00:00.000Z,קמרון,3,0,3
2021-06-03T00:00:00.000Z,קוריאה הדרומית,4,0,4
2021-06-03T00:00:00.000Z,קוסובו,1,0,1
2021-06-03T00:00:00.000Z,קולומביה,0,2,2
2021-06-03T00:00:00.000Z,צרפת,139,144,283
2021-06-03T00:00:00.000Z,צכיה,26,7,33
2021-06-03T00:00:00.000Z,צ'ילה,0,6,6
2021-06-03T00:00:00.000Z,פרו,4,3,7
2021-06-03T00:00:00.000Z,פנמה,2,4,6
2021-06-03T00:00:00.000Z,פינלנד,4,1,5
2021-06-03T00:00:00.000Z,פיליפינים,0,8,8
2021-06-03T00:00:00.000Z,פורטוגל,9,2,11
2021-06-03T00:00:00.000Z,פולין,20,1,21
2021-06-03T00:00:00.000Z,עירק,0,2,2
2021-06-03T00:00:00.000Z,סרביה,3,0,3
2021-06-03T00:00:00.000Z,ספרד,38,16,54
2021-06-03T00:00:00.000Z,סין,1,5,6
2021-06-03T00:00:00.000Z,נמיביה,1,2,3
2021-06-03T00:00:00.000Z,ניגריה,5,5,10
2021-06-03T00:00:00.000Z,נורבגיה,0,2,2
2021-06-03T00:00:00.000Z,מרוקו,0,2,2
2021-06-03T00:00:00.000Z,מקסיקו,0,3,3
2021-06-03T00:00:00.000Z,מקדוניה,4,0,4
2021-06-03T00:00:00.000Z,מצרים,270,48,318
2021-06-03T00:00:00.000Z,מלדיבים,1,1,2
2021-06-03T00:00:00.000Z,מולדובה,68,42,110
2021-06-03T00:00:00.000Z,לבנון,0,1,1
2021-06-03T00:00:00.000Z,כלל המדינות,6029,4607,10636
2021-06-03T00:00:00.000Z,ירדן,77,59,136
2021-06-03T00:00:00.000Z,יפן,0,2,2
2021-06-03T00:00:00.000Z,תורכיה,78,36,114
2021-06-03T00:00:00.000Z,טנזניה,6,0,6
2021-06-03T00:00:00.000Z,טיוואן,2,0,2
2021-06-03T00:00:00.000Z,טוגו,1,0,1
2021-06-03T00:00:00.000Z,חוף השנהב,4,0,4
2021-06-03T00:00:00.000Z,זמביה,4,0,4
2021-06-03T00:00:00.000Z,ונואטו,0,1,1
2021-06-03T00:00:00.000Z,הממלכה המאוחדת,206,185,391
2021-06-03T00:00:00.000Z,הונגריה,51,34,85
2021-06-03T00:00:00.000Z,הונג קונג,1,0,1
2021-06-03T00:00:00.000Z,הולנד,11,3,14
2021-06-03T00:00:00.000Z,הודו,2,3,5
2021-06-03T00:00:00.000Z,דרום אפריקה,3,8,11
2021-06-03T00:00:00.000Z,דרום אמריקה,2,3,5
2021-06-03T00:00:00.000Z,דנמרק,4,3,7
2021-06-03T00:00:00.000Z,גרמניה,112,51,163
2021-06-03T00:00:00.000Z,גינאה המשוונית,2,1,3
2021-06-03T00:00:00.000Z,גינאה,1,0,1
2021-06-03T00:00:00.000Z,גויאנה הצרפתית,1,0,1
2021-06-03T00:00:00.000Z,גווטאמלה,1,0,1
2021-06-03T00:00:00.000Z,גאנה,1,1,2
2021-06-03T00:00:00.000Z,גאורגיה,481,24,505
2021-06-03T00:00:00.000Z,ברזיל,3,3,6
2021-06-03T00:00:00.000Z,בלגיה,76,66,142
2021-06-03T00:00:00.000Z,בילורוסיה,48,21,69
2021-06-03T00:00:00.000Z,בוסניה הרצגובינה,7,6,13
2021-06-03T00:00:00.000Z,בוליביה,3,0,3
2021-06-03T00:00:00.000Z,בולגריה,169,3,172
2021-06-03T00:00:00.000Z,אתיופיה,12,6,18
2021-06-03T00:00:00.000Z,ארצות הברית,498,749,1247
2021-06-03T00:00:00.000Z,ארגנטינה,2,16,18
2021-06-03T00:00:00.000Z,אנגולה,1,1,2
2021-06-03T00:00:00.000Z,אירלנד,3,0,3
2021-06-03T00:00:00.000Z,איסלנד,16,0,16
2021-06-03T00:00:00.000Z,איי סיישל,59,6,65
2021-06-03T00:00:00.000Z,איי טורקס וקייקוס,1,0,1
2021-06-03T00:00:00.000Z,איטליה,13,9,22
2021-06-03T00:00:00.000Z,אזרביג'אן,15,3,18
2021-06-03T00:00:00.000Z,אוקראינה,50,49,99
2021-06-03T00:00:00.000Z,תורכמניסטאן,5,0,5
2021-06-03T00:00:00.000Z,אוסטריה,30,23,53
2021-06-03T00:00:00.000Z,אוזבקיסטן,3,1,4
2021-06-03T00:00:00.000Z,אוגנדה,4,0,4
2021-06-03T00:00:00.000Z,איחוד האמירויות הערב,287,43,330
2021-06-04T00:00:00.000Z,תורכמניסטאן,4,0,4
2021-06-04T00:00:00.000Z,תורכיה,84,41,125
2021-06-04T00:00:00.000Z,תוניסיה,2,0,2
2021-06-04T00:00:00.000Z,שוויץ,62,23,85
2021-06-04T00:00:00.000Z,שוודיה,4,1,5
2021-06-04T00:00:00.000Z,רוסיה,129,74,203
2021-06-04T00:00:00.000Z,רומניה,60,18,78
2021-06-04T00:00:00.000Z,קרואטיה,5,0,5
2021-06-04T00:00:00.000Z,קפריסין,119,13,132
2021-06-04T00:00:00.000Z,קניה,8,1,9
2021-06-04T00:00:00.000Z,קנדה,5,46,51
2021-06-04T00:00:00.000Z,קוריאה הדרומית,1,1,2
2021-06-04T00:00:00.000Z,קוסטה ריקה,5,1,6
2021-06-04T00:00:00.000Z,קולומביה,3,3,6
2021-06-04T00:00:00.000Z,צרפת,218,148,366
2021-06-04T00:00:00.000Z,צכיה,8,0,8
2021-06-04T00:00:00.000Z,צ'ילה,0,1,1
2021-06-04T00:00:00.000Z,פרו,2,0,2
2021-06-04T00:00:00.000Z,פינלנד,7,1,8
2021-06-04T00:00:00.000Z,אוגנדה,2,0,2
2021-06-04T00:00:00.000Z,אוזבקיסטן,2,0,2
2021-06-04T00:00:00.000Z,אוסטריה,131,39,170
2021-06-04T00:00:00.000Z,אוסטרליה,0,13,13
2021-06-04T00:00:00.000Z,אוקראינה,47,29,76
2021-06-04T00:00:00.000Z,אורגוואי,0,6,6
2021-06-04T00:00:00.000Z,אזרביג'אן,8,2,10
2021-06-04T00:00:00.000Z,איטליה,50,42,92
2021-06-04T00:00:00.000Z,אינדונזיה,0,1,1
2021-06-04T00:00:00.000Z,אירלנד,1,4,5
2021-06-04T00:00:00.000Z,אנגולה,3,0,3
2021-06-04T00:00:00.000Z,אסטוניה,0,2,2
2021-06-04T00:00:00.000Z,ארגנטינה,2,3,5
2021-06-04T00:00:00.000Z,ארצות הברית,746,637,1383
2021-06-04T00:00:00.000Z,בולגריה,157,39,196
2021-06-04T00:00:00.000Z,בוליביה,1,2,3
2021-06-04T00:00:00.000Z,בוסניה הרצגובינה,9,0,9
2021-06-04T00:00:00.000Z,בילורוסיה,4,0,4
2021-06-04T00:00:00.000Z,בלגיה,3,2,5
2021-06-04T00:00:00.000Z,ברמודה,1,0,1
2021-06-04T00:00:00.000Z,גאורגיה,316,29,345
2021-06-04T00:00:00.000Z,גאנה,2,0,2
2021-06-04T00:00:00.000Z,גווטאמלה,0,2,2
2021-06-04T00:00:00.000Z,גמייקה,0,1,1
2021-06-04T00:00:00.000Z,גרמניה,168,121,289
2021-06-04T00:00:00.000Z,דנמרק,3,1,4
2021-06-04T00:00:00.000Z,הולנד,58,32,90
2021-06-04T00:00:00.000Z,הונגריה,9,1,10
2021-06-04T00:00:00.000Z,הממלכה המאוחדת,114,86,200
2021-06-04T00:00:00.000Z,ויטנאם,0,3,3
2021-06-04T00:00:00.000Z,ונצואלה,0,1,1
2021-06-04T00:00:00.000Z,זאיר,1,0,1
2021-06-04T00:00:00.000Z,זמביה,1,0,1
2021-06-04T00:00:00.000Z,טנזניה,1,0,1
2021-06-04T00:00:00.000Z,יוון,428,45,473
2021-06-04T00:00:00.000Z,פולין,63,14,77
2021-06-04T00:00:00.000Z,איחוד האמירויות הערב,364,25,389
2021-06-04T00:00:00.000Z,יפן,0,4,4
2021-06-04T00:00:00.000Z,ירדן,0,12,12
2021-06-04T00:00:00.000Z,כלל המדינות,4475,2961,7436
2021-06-04T00:00:00.000Z,לוכסמבורג,1,0,1
2021-06-04T00:00:00.000Z,לטביה,1,3,4
2021-06-04T00:00:00.000Z,ליטא,9,5,14
2021-06-04T00:00:00.000Z,מונטנגרו,25,1,26
2021-06-04T00:00:00.000Z,מלדיבים,7,0,7
2021-06-04T00:00:00.000Z,מצרים,243,39,282
2021-06-04T00:00:00.000Z,מקדוניה,2,0,2
2021-06-04T00:00:00.000Z,מקסיקו,4,3,7
2021-06-04T00:00:00.000Z,מרוקו,1,5,6
2021-06-04T00:00:00.000Z,נורבגיה,0,2,2
2021-06-04T00:00:00.000Z,ניגריה,4,3,7
2021-06-04T00:00:00.000Z,ניו זילנד,1,1,2
2021-06-04T00:00:00.000Z,נפאל,1,0,1
2021-06-04T00:00:00.000Z,סוריה,0,1,1
2021-06-04T00:00:00.000Z,סלובניה,2,1,3
2021-06-04T00:00:00.000Z,סמואה,1,0,1
2021-06-04T00:00:00.000Z,סנגל,1,0,1
2021-06-04T00:00:00.000Z,ספרד,55,25,80
2021-06-04T00:00:00.000Z,סרביה,15,1,16
2021-06-04T00:00:00.000Z,סרי לנקה (צילון),3,0,3
2021-06-04T00:00:00.000Z,פורטוגל,12,10,22
2021-06-05T00:00:00.000Z,גרמניה,94,55,149
2021-06-05T00:00:00.000Z,דנמרק,5,1,6
2021-06-05T00:00:00.000Z,דרום אפריקה,5,5,10
2021-06-05T00:00:00.000Z,הולנד,42,25,67
2021-06-05T00:00:00.000Z,הונג קונג,0,1,1
2021-06-05T00:00:00.000Z,הונגריה,5,11,16
2021-06-05T00:00:00.000Z,הממלכה המאוחדת,47,51,98
2021-06-05T00:00:00.000Z,הרפ הדומיניקנית,2,0,2
2021-06-05T00:00:00.000Z,זאיר,2,0,2
2021-06-05T00:00:00.000Z,זימבאבווה,2,0,2
2021-06-05T00:00:00.000Z,זמביה,6,0,6
2021-06-05T00:00:00.000Z,חוף השנהב,6,0,6
2021-06-05T00:00:00.000Z,טיוואן,3,8,11
2021-06-05T00:00:00.000Z,טנזניה,4,1,5
2021-06-05T00:00:00.000Z,יוון,421,32,453
2021-06-05T00:00:00.000Z,יפן,0,5,5
2021-06-05T00:00:00.000Z,כלל המדינות,2812,1610,4422
2021-06-05T00:00:00.000Z,לטביה,3,0,3
2021-06-05T00:00:00.000Z,מולדובה,1,0,1
2021-06-05T00:00:00.000Z,מלאווי,1,0,1
2021-06-05T00:00:00.000Z,מלדיבים,3,1,4
2021-06-05T00:00:00.000Z,מצרים,476,52,528
2021-06-05T00:00:00.000Z,מקסיקו,2,0,2
2021-06-05T00:00:00.000Z,נורבגיה,0,2,2
2021-06-05T00:00:00.000Z,ניגריה,2,0,2
2021-06-05T00:00:00.000Z,סווזילנד,1,0,1
2021-06-05T00:00:00.000Z,סין,2,16,18
2021-06-05T00:00:00.000Z,סינגפור,0,4,4
2021-06-05T00:00:00.000Z,סלובניה,2,0,2
2021-06-05T00:00:00.000Z,ספרד,12,7,19
2021-06-05T00:00:00.000Z,סרביה,8,4,12
2021-06-05T00:00:00.000Z,סרי לנקה (צילון),1,0,1
2021-06-05T00:00:00.000Z,עירק,2,0,2
2021-06-05T00:00:00.000Z,פולין,80,3,83
2021-06-05T00:00:00.000Z,פורטוגל,8,0,8
2021-06-05T00:00:00.000Z,פיליפינים,0,14,14
2021-06-05T00:00:00.000Z,פרו,1,1,2
2021-06-05T00:00:00.000Z,צאד,1,0,1
2021-06-05T00:00:00.000Z,צ'ילה,0,3,3
2021-06-05T00:00:00.000Z,צרפת,28,41,69
2021-06-05T00:00:00.000Z,קוסטה ריקה,0,2,2
2021-06-05T00:00:00.000Z,קוריאה הדרומית,3,0,3
2021-06-05T00:00:00.000Z,קטר,1,0,1
2021-06-05T00:00:00.000Z,קמבודיה,0,1,1
2021-06-05T00:00:00.000Z,קמרון,2,0,2
2021-06-05T00:00:00.000Z,קנדה,0,2,2
2021-06-05T00:00:00.000Z,קניה,7,1,8
2021-06-05T00:00:00.000Z,קפריסין,386,29,415
2021-06-05T00:00:00.000Z,קרואטיה,4,1,5
2021-06-05T00:00:00.000Z,רואנדה,5,0,5
2021-06-05T00:00:00.000Z,רומניה,78,34,112
2021-06-05T00:00:00.000Z,רוסיה,1,0,1
2021-06-05T00:00:00.000Z,שוודיה,1,4,5
2021-06-05T00:00:00.000Z,שוויץ,24,12,36
2021-06-05T00:00:00.000Z,תאילנד,1,0,1
2021-06-05T00:00:00.000Z,תורכיה,130,41,171
2021-06-05T00:00:00.000Z,תורכמניסטאן,2,0,2
2021-06-05T00:00:00.000Z,איסלנד,9,0,9
2021-06-05T00:00:00.000Z,אלבניה,3,0,3
2021-06-05T00:00:00.000Z,אקואדור,1,1,2
2021-06-05T00:00:00.000Z,ארמניה,3,0,3
2021-06-05T00:00:00.000Z,ארצות הברית,322,702,1024
2021-06-05T00:00:00.000Z,אתיופיה,23,5,28
2021-06-05T00:00:00.000Z,איחוד האמירויות הערב,167,14,181
2021-06-05T00:00:00.000Z,אוגנדה,1,0,1
2021-06-05T00:00:00.000Z,אוזבקיסטן,1,2,3
2021-06-05T00:00:00.000Z,אוסטריה,25,20,45
2021-06-05T00:00:00.000Z,אוסטרליה,1,1,2
2021-06-05T00:00:00.000Z,אזרביג'אן,3,0,3
2021-06-05T00:00:00.000Z,איטליה,24,12,36
2021-06-05T00:00:00.000Z,איי טורקס וקייקוס,0,1,1
2021-06-05T00:00:00.000Z,איי סיישל,1,0,1
2021-06-05T00:00:00.000Z,בולגריה,1,1,2
2021-06-05T00:00:00.000Z,בורונדי,0,1,1
2021-06-05T00:00:00.000Z,בורקינה פאסו,2,0,2
2021-06-05T00:00:00.000Z,גאורגיה,79,10,89
2021-06-05T00:00:00.000Z,גווטאמלה,0,1,1
2021-06-05T00:00:00.000Z,גינאה,1,0,1
2021-06-06T00:00:00.000Z,כלל המדינות,8198,4126,12324
2021-06-06T00:00:00.000Z,שוויץ,40,14,54
2021-06-06T00:00:00.000Z,שוודיה,5,4,9
2021-06-06T00:00:00.000Z,רוסיה,42,56,98
2021-06-06T00:00:00.000Z,רומניה,121,10,131
2021-06-06T00:00:00.000Z,קרואטיה,3,0,3
2021-06-06T00:00:00.000Z,קפריסין,618,31,649
2021-06-06T00:00:00.000Z,קניה,1,0,1
2021-06-06T00:00:00.000Z,קנדה,3,52,55
2021-06-06T00:00:00.000Z,קטר,0,1,1
2021-06-06T00:00:00.000Z,קזחסטאן,0,1,1
2021-06-06T00:00:00.000Z,קוריאה הדרומית,5,8,13
2021-06-06T00:00:00.000Z,קוסטה ריקה,3,9,12
2021-06-06T00:00:00.000Z,קולומביה,1,1,2
2021-06-06T00:00:00.000Z,צרפת,173,237,410
2021-06-06T00:00:00.000Z,צכיה,12,1,13
2021-06-06T00:00:00.000Z,פרו,1,1,2
2021-06-06T00:00:00.000Z,פרגוואי,1,0,1
2021-06-06T00:00:00.000Z,פנמה,2,0,2
2021-06-06T00:00:00.000Z,פינלנד,3,0,3
2021-06-06T00:00:00.000Z,פורטוגל,21,2,23
2021-06-06T00:00:00.000Z,פולין,42,10,52
2021-06-06T00:00:00.000Z,סרביה,0,6,6
2021-06-06T00:00:00.000Z,ספרד,15,3,18
2021-06-06T00:00:00.000Z,סלובניה,7,0,7
2021-06-06T00:00:00.000Z,סין,0,1,1
2021-06-06T00:00:00.000Z,נורבגיה,1,0,1
2021-06-06T00:00:00.000Z,מקסיקו,1,3,4
2021-06-06T00:00:00.000Z,מקדוניה,0,1,1
2021-06-06T00:00:00.000Z,מצרים,683,58,741
2021-06-06T00:00:00.000Z,מלדיבים,9,1,10
2021-06-06T00:00:00.000Z,מונטנגרו,1,0,1
2021-06-06T00:00:00.000Z,מולדובה,81,42,123
2021-06-06T00:00:00.000Z,ליטא,1,1,2
2021-06-06T00:00:00.000Z,לוכסמבורג,1,0,1
2021-06-06T00:00:00.000Z,תורכיה,161,56,217
2021-06-06T00:00:00.000Z,ירדן,104,38,142
2021-06-06T00:00:00.000Z,יוון,2418,88,2506
2021-06-06T00:00:00.000Z,חוף השנהב,3,3,6
2021-06-06T00:00:00.000Z,הממלכה המאוחדת,339,217,556
2021-06-06T00:00:00.000Z,הולנד,69,28,97
2021-06-06T00:00:00.000Z,דרום אפריקה,2,0,2
2021-06-06T00:00:00.000Z,דנמרק,8,4,12
2021-06-06T00:00:00.000Z,גרמניה,146,127,273
2021-06-06T00:00:00.000Z,גווטאמלה,0,1,1
2021-06-06T00:00:00.000Z,גאנה,1,0,1
2021-06-06T00:00:00.000Z,גאורגיה,583,26,609
2021-06-06T00:00:00.000Z,ברזיל,0,2,2
2021-06-06T00:00:00.000Z,בלגיה,46,71,117
2021-06-06T00:00:00.000Z,בילורוסיה,135,17,152
2021-06-06T00:00:00.000Z,בוסניה הרצגובינה,2,0,2
2021-06-06T00:00:00.000Z,בוליביה,3,0,3
2021-06-06T00:00:00.000Z,בולגריה,402,12,414
2021-06-06T00:00:00.000Z,ארצות הברית,400,600,1000
2021-06-06T00:00:00.000Z,ארגנטינה,1,0,1
2021-06-06T00:00:00.000Z,אסטוניה,2,0,2
2021-06-06T00:00:00.000Z,אנגליה,1,0,1
2021-06-06T00:00:00.000Z,אירלנד,2,5,7
2021-06-06T00:00:00.000Z,איסלנד,1,0,1
2021-06-06T00:00:00.000Z,איי סיישל,72,0,72
2021-06-06T00:00:00.000Z,איטליה,24,14,38
2021-06-06T00:00:00.000Z,אזרביג'אן,2,4,6
2021-06-06T00:00:00.000Z,אורגוואי,1,0,1
2021-06-06T00:00:00.000Z,אוקראינה,71,72,143
2021-06-06T00:00:00.000Z,אוסטרליה,2,1,3
2021-06-06T00:00:00.000Z,אוסטריה,53,8,61
2021-06-06T00:00:00.000Z,אוגנדה,0,2,2
2021-06-06T00:00:00.000Z,תורכמניסטאן,2,0,2
2021-06-06T00:00:00.000Z,איחוד האמירויות הערב,243,52,295
2021-06-06T00:00:00.000Z,תאילנד,3,3,6
2021-06-07T00:00:00.000Z,תוניסיה,1,0,1
2021-06-07T00:00:00.000Z,תאילנד,0,3,3
2021-06-07T00:00:00.000Z,שוויץ,64,49,113
2021-06-07T00:00:00.000Z,שוודיה,5,1,6
2021-06-07T00:00:00.000Z,רוסיה,194,130,324
2021-06-07T00:00:00.000Z,רומניה,112,18,130
2021-06-07T00:00:00.000Z,רואנדה,1,2,3
2021-06-07T00:00:00.000Z,קרואטיה,6,4,10
2021-06-07T00:00:00.000Z,קפריסין,424,17,441
2021-06-07T00:00:00.000Z,בורקינה פאסו,1,0,1
2021-06-07T00:00:00.000Z,בוסניה הרצגובינה,0,3,3
2021-06-07T00:00:00.000Z,בוליביה,4,1,5
2021-06-07T00:00:00.000Z,בולגריה,289,16,305
2021-06-07T00:00:00.000Z,אתיופיה,24,15,39
2021-06-07T00:00:00.000Z,ארצות הברית,1057,1078,2135
2021-06-07T00:00:00.000Z,ארמניה,2,0,2
2021-06-07T00:00:00.000Z,ארגנטינה,0,2,2
2021-06-07T00:00:00.000Z,אקואדור,0,9,9
2021-06-07T00:00:00.000Z,אנגולה,1,0,1
2021-06-07T00:00:00.000Z,אלבניה,2,0,2
2021-06-07T00:00:00.000Z,אירלנד,1,0,1
2021-06-07T00:00:00.000Z,איסלנד,25,0,25
2021-06-07T00:00:00.000Z,איי סיישל,40,6,46
2021-06-07T00:00:00.000Z,איי טורקס וקייקוס,1,0,1
2021-06-07T00:00:00.000Z,איטליה,117,59,176
2021-06-07T00:00:00.000Z,אזרביג'אן,3,3,6
2021-06-07T00:00:00.000Z,אורגוואי,1,0,1
2021-06-07T00:00:00.000Z,אוקראינה,33,36,69
2021-06-07T00:00:00.000Z,אוסטרליה,2,0,2
2021-06-07T00:00:00.000Z,אוסטריה,195,35,230
2021-06-07T00:00:00.000Z,אוזבקיסטן,28,61,89
2021-06-07T00:00:00.000Z,אוגנדה,2,5,7
2021-06-07T00:00:00.000Z,בחריין,0,1,1
2021-06-07T00:00:00.000Z,בילורוסיה,1,0,1
2021-06-07T00:00:00.000Z,בלגיה,4,7,11
2021-06-07T00:00:00.000Z,פנמה,0,5,5
2021-06-07T00:00:00.000Z,ברזיל,1,5,6
2021-06-07T00:00:00.000Z,גאורגיה,545,49,594
2021-06-07T00:00:00.000Z,גאנה,3,7,10
2021-06-07T00:00:00.000Z,גווטאמלה,0,1,1
2021-06-07T00:00:00.000Z,גרמניה,227,98,325
2021-06-07T00:00:00.000Z,דנמרק,7,2,9
2021-06-07T00:00:00.000Z,דרום אפריקה,1,2,3
2021-06-07T00:00:00.000Z,דרום סודאן,1,0,1
2021-06-07T00:00:00.000Z,הודו,15,14,29
2021-06-07T00:00:00.000Z,הולנד,86,15,101
2021-06-07T00:00:00.000Z,הונג קונג,0,1,1
2021-06-07T00:00:00.000Z,הונגריה,53,18,71
2021-06-07T00:00:00.000Z,הממלכה המאוחדת,353,212,565
2021-06-07T00:00:00.000Z,הרפ הדומיניקנית,1,0,1
2021-06-07T00:00:00.000Z,זאיר,1,0,1
2021-06-07T00:00:00.000Z,זמביה,1,0,1
2021-06-07T00:00:00.000Z,טיוואן,0,2,2
2021-06-07T00:00:00.000Z,טנזניה,1,15,16
2021-06-07T00:00:00.000Z,יוון,1252,53,1305
2021-06-07T00:00:00.000Z,ירדן,44,29,73
2021-06-07T00:00:00.000Z,כווית,0,3,3
2021-06-07T00:00:00.000Z,כלל המדינות,7872,4486,12358
2021-06-07T00:00:00.000Z,לוכסמבורג,2,1,3
2021-06-07T00:00:00.000Z,לטביה,2,0,2
2021-06-07T00:00:00.000Z,ליטא,2,1,3
2021-06-07T00:00:00.000Z,מונטנגרו,131,2,133
2021-06-07T00:00:00.000Z,איחוד האמירויות הערב,536,46,582
2021-06-07T00:00:00.000Z,תורכמניסטאן,1,0,1
2021-06-07T00:00:00.000Z,מונקו,0,1,1
2021-06-07T00:00:00.000Z,מלדיבים,8,1,9
2021-06-07T00:00:00.000Z,מלטה,1,0,1
2021-06-07T00:00:00.000Z,מצרים,448,51,499
2021-06-07T00:00:00.000Z,מקסיקו,4,1,5
2021-06-07T00:00:00.000Z,מרוקו,2,0,2
2021-06-07T00:00:00.000Z,נורבגיה,1,0,1
2021-06-07T00:00:00.000Z,ניגריה,1,6,7
2021-06-07T00:00:00.000Z,ניו זילנד,0,1,1
2021-06-07T00:00:00.000Z,נמיביה,1,0,1
2021-06-07T00:00:00.000Z,סלובניה,11,0,11
2021-06-07T00:00:00.000Z,סנגל,1,0,1
2021-06-07T00:00:00.000Z,ספרד,160,52,212
2021-06-07T00:00:00.000Z,סרביה,15,1,16
2021-06-07T00:00:00.000Z,קניה,6,2,8
2021-06-07T00:00:00.000Z,קנדה,1,4,5
2021-06-07T00:00:00.000Z,קזחסטאן,1,1,2
2021-06-07T00:00:00.000Z,קוסטה ריקה,6,0,6
2021-06-07T00:00:00.000Z,קונגו,3,0,3
2021-06-07T00:00:00.000Z,קולומביה,0,2,2
2021-06-07T00:00:00.000Z,קובה,1,0,1
2021-06-07T00:00:00.000Z,צרפת,222,211,433
2021-06-07T00:00:00.000Z,צכיה,1,0,1
2021-06-07T00:00:00.000Z,צ'ילה,2,15,17
2021-06-07T00:00:00.000Z,תורכיה,116,26,142
2021-06-07T00:00:00.000Z,פינלנד,9,1,10
2021-06-07T00:00:00.000Z,פיליפינים,0,28,28
2021-06-07T00:00:00.000Z,פורטוגל,13,4,17
2021-06-07T00:00:00.000Z,פולין,38,9,47
2021-06-07T00:00:00.000Z,סרי לנקה (צילון),2,0,2
2021-06-08T00:00:00.000Z,זמביה,1,0,1
2021-06-08T00:00:00.000Z,בלגיה,8,10,18
2021-06-08T00:00:00.000Z,יוון,437,31,468
2021-06-08T00:00:00.000Z,ירדן,22,32,54
2021-06-08T00:00:00.000Z,כלל המדינות,3927,3350,7277
2021-06-08T00:00:00.000Z,לטביה,3,1,4
2021-06-08T00:00:00.000Z,ליטא,9,1,10
2021-06-08T00:00:00.000Z,מולדובה,81,45,126
2021-06-08T00:00:00.000Z,מונטנגרו,1,0,1
2021-06-08T00:00:00.000Z,מלדיבים,11,0,11
2021-06-08T00:00:00.000Z,מצרים,284,25,309
2021-06-08T00:00:00.000Z,מקסיקו,2,2,4
2021-06-08T00:00:00.000Z,מרוקו,3,2,5
2021-06-08T00:00:00.000Z,נורבגיה,0,1,1
2021-06-08T00:00:00.000Z,איחוד האמירויות הערב,225,34,259
2021-06-08T00:00:00.000Z,בילורוסיה,76,54,130
2021-06-08T00:00:00.000Z,ניגריה,1,0,1
2021-06-08T00:00:00.000Z,סינגפור,0,1,1
2021-06-08T00:00:00.000Z,ספרד,6,1,7
2021-06-08T00:00:00.000Z,סרביה,13,0,13
2021-06-08T00:00:00.000Z,סרי לנקה (צילון),2,0,2
2021-06-08T00:00:00.000Z,פולין,105,18,123
2021-06-08T00:00:00.000Z,פורטוגל,3,0,3
2021-06-08T00:00:00.000Z,פיליפינים,0,1,1
2021-06-08T00:00:00.000Z,פנמה,1,1,2
2021-06-08T00:00:00.000Z,צכיה,3,0,3
2021-06-08T00:00:00.000Z,צרפת,165,199,364
2021-06-08T00:00:00.000Z,קוסטה ריקה,1,0,1
2021-06-08T00:00:00.000Z,קוריאה הדרומית,5,2,7
2021-06-08T00:00:00.000Z,קזחסטאן,3,1,4
2021-06-08T00:00:00.000Z,קטר,0,1,1
2021-06-08T00:00:00.000Z,קמרון,1,0,1
2021-06-08T00:00:00.000Z,קנדה,1,3,4
2021-06-08T00:00:00.000Z,קניה,3,0,3
2021-06-08T00:00:00.000Z,קפריסין,235,20,255
2021-06-08T00:00:00.000Z,קרואטיה,0,1,1
2021-06-08T00:00:00.000Z,רואנדה,4,0,4
2021-06-08T00:00:00.000Z,רומניה,1,0,1
2021-06-08T00:00:00.000Z,רוסיה,33,28,61
2021-06-08T00:00:00.000Z,שוודיה,4,1,5
2021-06-08T00:00:00.000Z,שוויץ,2,6,8
2021-06-08T00:00:00.000Z,תאילנד,3,3,6
2021-06-08T00:00:00.000Z,תורכיה,115,42,157
2021-06-08T00:00:00.000Z,זימבאבווה,1,0,1
2021-06-08T00:00:00.000Z,הרפ הדומיניקנית,2,0,2
2021-06-08T00:00:00.000Z,הממלכה המאוחדת,201,177,378
2021-06-08T00:00:00.000Z,הונגריה,4,2,6
2021-06-08T00:00:00.000Z,הולנד,88,19,107
2021-06-08T00:00:00.000Z,דרום אפריקה,1,2,3
2021-06-08T00:00:00.000Z,דנמרק,9,1,10
2021-06-08T00:00:00.000Z,דומיניקה,2,0,2
2021-06-08T00:00:00.000Z,גרמניה,151,73,224
2021-06-08T00:00:00.000Z,גאנה,5,1,6
2021-06-08T00:00:00.000Z,גאורגיה,202,10,212
2021-06-08T00:00:00.000Z,ברזיל,3,17,20
2021-06-08T00:00:00.000Z,בוליביה,2,0,2
2021-06-08T00:00:00.000Z,בולגריה,64,3,67
2021-06-08T00:00:00.000Z,אתיופיה,11,3,14
2021-06-08T00:00:00.000Z,ארצות הברית,671,781,1452
2021-06-08T00:00:00.000Z,ארמניה,0,1,1
2021-06-08T00:00:00.000Z,ארגנטינה,3,1,4
2021-06-08T00:00:00.000Z,אנגולה,0,1,1
2021-06-08T00:00:00.000Z,אלבניה,3,0,3
2021-06-08T00:00:00.000Z,אירלנד,0,4,4
2021-06-08T00:00:00.000Z,איטליה,70,18,88
2021-06-08T00:00:00.000Z,אזרביג'אן,2,7,9
2021-06-08T00:00:00.000Z,אורגוואי,5,0,5
2021-06-08T00:00:00.000Z,אוקראינה,45,61,106
2021-06-08T00:00:00.000Z,אוסטריה,4,3,7
2021-06-08T00:00:00.000Z,אוזבקיסטן,1,0,1
2021-06-08T00:00:00.000Z,טנזניה,2,0,2
2021-06-09T00:00:00.000Z,פולין,153,19,172
2021-06-09T00:00:00.000Z,בילורוסיה,15,23,38
2021-06-09T00:00:00.000Z,ברזיל,1,6,7
2021-06-09T00:00:00.000Z,גאורגיה,256,28,284
2021-06-09T00:00:00.000Z,גאנה,3,0,3
2021-06-09T00:00:00.000Z,בוסניה הרצגובינה,1,1,2
2021-06-09T00:00:00.000Z,גווטאמלה,2,2,4
2021-06-09T00:00:00.000Z,גרמניה,136,69,205
2021-06-09T00:00:00.000Z,דנמרק,6,5,11
2021-06-09T00:00:00.000Z,דרום אמריקה,0,1,1
2021-06-09T00:00:00.000Z,דרום אפריקה,0,6,6
2021-06-09T00:00:00.000Z,הולנד,70,14,84
2021-06-09T00:00:00.000Z,הונג קונג,0,3,3
2021-06-09T00:00:00.000Z,הונגריה,66,21,87
2021-06-09T00:00:00.000Z,הממלכה המאוחדת,183,197,380
2021-06-09T00:00:00.000Z,הרפ הדומיניקנית,2,2,4
2021-06-09T00:00:00.000Z,ונצואלה,2,11,13
2021-06-09T00:00:00.000Z,זימבאבווה,0,1,1
2021-06-09T00:00:00.000Z,זמביה,1,0,1
2021-06-09T00:00:00.000Z,טיוואן,1,0,1
2021-06-09T00:00:00.000Z,טנזניה,5,1,6
2021-06-09T00:00:00.000Z,יוון,566,37,603
2021-06-09T00:00:00.000Z,ירדן,51,30,81
2021-06-09T00:00:00.000Z,כלל המדינות,4885,4536,9421
2021-06-09T00:00:00.000Z,ליטא,1,0,1
2021-06-09T00:00:00.000Z,מונגוליה,1,0,1
2021-06-09T00:00:00.000Z,מונטנגרו,96,0,96
2021-06-09T00:00:00.000Z,מלדיבים,11,1,12
2021-06-09T00:00:00.000Z,מצרים,224,10,234
2021-06-09T00:00:00.000Z,מקדוניה,2,0,2
2021-06-09T00:00:00.000Z,מקסיקו,8,7,15
2021-06-09T00:00:00.000Z,מרוקו,2,0,2
2021-06-09T00:00:00.000Z,נורבגיה,1,2,3
2021-06-09T00:00:00.000Z,ניגריה,4,1,5
2021-06-09T00:00:00.000Z,סוריה,2,6,8
2021-06-09T00:00:00.000Z,סט וינסנט,1,0,1
2021-06-09T00:00:00.000Z,סין,5,14,19
2021-06-09T00:00:00.000Z,סלובניה,0,1,1
2021-06-09T00:00:00.000Z,ספרד,119,50,169
2021-06-09T00:00:00.000Z,סרביה,2,0,2
2021-06-09T00:00:00.000Z,ערב הסעודית,2,2,4
2021-06-09T00:00:00.000Z,בלגיה,5,15,20
2021-06-09T00:00:00.000Z,פורטוגל,16,1,17
2021-06-09T00:00:00.000Z,פינלנד,5,0,5
2021-06-09T00:00:00.000Z,פנמה,1,0,1
2021-06-09T00:00:00.000Z,פרו,0,1,1
2021-06-09T00:00:00.000Z,צכיה,2,3,5
2021-06-09T00:00:00.000Z,צרפת,121,211,332
2021-06-09T00:00:00.000Z,קולומביה,1,7,8
2021-06-09T00:00:00.000Z,קוסטה ריקה,15,3,18
2021-06-09T00:00:00.000Z,קוריאה הדרומית,3,0,3
2021-06-09T00:00:00.000Z,קזחסטאן,0,1,1
2021-06-09T00:00:00.000Z,קטר,3,0,3
2021-06-09T00:00:00.000Z,קירג'זסטאן,1,0,1
2021-06-09T00:00:00.000Z,קנדה,4,78,82
2021-06-09T00:00:00.000Z,קניה,2,3,5
2021-06-09T00:00:00.000Z,קפריסין,172,29,201
2021-06-09T00:00:00.000Z,קרואטיה,2,1,3
2021-06-09T00:00:00.000Z,רואנדה,4,1,5
2021-06-09T00:00:00.000Z,רומניה,4,1,5
2021-06-09T00:00:00.000Z,רוסיה,45,29,74
2021-06-09T00:00:00.000Z,שוודיה,6,2,8
2021-06-09T00:00:00.000Z,שוויץ,81,31,112
2021-06-09T00:00:00.000Z,תאילנד,4,3,7
2021-06-09T00:00:00.000Z,תורכיה,171,54,225
2021-06-09T00:00:00.000Z,בוליביה,2,0,2
2021-06-09T00:00:00.000Z,בולגריה,194,30,224
2021-06-09T00:00:00.000Z,אתיופיה,25,1,26
2021-06-09T00:00:00.000Z,ארצות הברית,781,1338,2119
2021-06-09T00:00:00.000Z,אנגולה,1,0,1
2021-06-09T00:00:00.000Z,אלבניה,0,1,1
2021-06-09T00:00:00.000Z,אל סלבדור,3,1,4
2021-06-09T00:00:00.000Z,אירלנד,1,1,2
2021-06-09T00:00:00.000Z,איי סיישל,78,6,84
2021-06-09T00:00:00.000Z,איטליה,30,16,46
2021-06-09T00:00:00.000Z,אזרביג'אן,1,0,1
2021-06-09T00:00:00.000Z,אוקראינה,27,35,62
2021-06-09T00:00:00.000Z,אוסטרליה,0,3,3
2021-06-09T00:00:00.000Z,אוסטריה,57,36,93
2021-06-09T00:00:00.000Z,אוזבקיסטן,2,0,2
2021-06-09T00:00:00.000Z,איחוד האמירויות הערב,201,36,237
2021-06-09T00:00:00.000Z,גבון,1,0,1
2021-06-10T00:00:00.000Z,אתיופיה,21,8,29
2021-06-10T00:00:00.000Z,בולגריה,253,15,268
2021-06-10T00:00:00.000Z,בוסניה הרצגובינה,1,0,1
2021-06-10T00:00:00.000Z,בילורוסיה,45,25,70
2021-06-10T00:00:00.000Z,בלגיה,136,123,259
2021-06-10T00:00:00.000Z,ברזיל,2,4,6
2021-06-10T00:00:00.000Z,גאורגיה,507,46,553
2021-06-10T00:00:00.000Z,גאנה,1,6,7
2021-06-10T00:00:00.000Z,גינאה המשוונית,6,0,6
2021-06-10T00:00:00.000Z,גרמניה,173,51,224
2021-06-10T00:00:00.000Z,דנמרק,5,1,6
2021-06-10T00:00:00.000Z,דרום אפריקה,0,7,7
2021-06-10T00:00:00.000Z,הודו,2,0,2
2021-06-10T00:00:00.000Z,הולנד,21,4,25
2021-06-10T00:00:00.000Z,הונגריה,55,22,77
2021-06-10T00:00:00.000Z,הממלכה המאוחדת,295,277,572
2021-06-10T00:00:00.000Z,הרפ הדומיניקנית,0,1,1
2021-06-10T00:00:00.000Z,זימבאבווה,1,0,1
2021-06-10T00:00:00.000Z,זמביה,4,0,4
2021-06-10T00:00:00.000Z,חוף השנהב,10,0,10
2021-06-10T00:00:00.000Z,טיוואן,0,1,1
2021-06-10T00:00:00.000Z,טנזניה,0,4,4
2021-06-10T00:00:00.000Z,יוון,1663,107,1770
2021-06-10T00:00:00.000Z,יפן,0,5,5
2021-06-10T00:00:00.000Z,ירדן,79,46,125
2021-06-10T00:00:00.000Z,כלל המדינות,7708,5531,13239
2021-06-10T00:00:00.000Z,ליטא,10,0,10
2021-06-10T00:00:00.000Z,מולדובה,73,63,136
2021-06-10T00:00:00.000Z,מונטנגרו,0,1,1
2021-06-10T00:00:00.000Z,מלדיבים,4,0,4
2021-06-10T00:00:00.000Z,מלטה,1,0,1
2021-06-10T00:00:00.000Z,מצרים,349,70,419
2021-06-10T00:00:00.000Z,מקסיקו,2,2,4
2021-06-10T00:00:00.000Z,מרוקו,1,0,1
2021-06-10T00:00:00.000Z,ניגריה,4,0,4
2021-06-10T00:00:00.000Z,נמיביה,2,0,2
2021-06-10T00:00:00.000Z,סווזילנד,1,0,1
2021-06-10T00:00:00.000Z,סין,0,8,8
2021-06-10T00:00:00.000Z,סלובניה,1,0,1
2021-06-10T00:00:00.000Z,ספרד,58,24,82
2021-06-10T00:00:00.000Z,סרביה,4,3,7
2021-06-10T00:00:00.000Z,פולין,18,17,35
2021-06-10T00:00:00.000Z,פורטוגל,10,1,11
2021-06-10T00:00:00.000Z,פיליפינים,4,8,12
2021-06-10T00:00:00.000Z,פנמה,6,6,12
2021-06-10T00:00:00.000Z,פרו,0,1,1
2021-06-10T00:00:00.000Z,צ'ילה,2,4,6
2021-06-10T00:00:00.000Z,צכיה,22,11,33
2021-06-10T00:00:00.000Z,צרפת,268,227,495
2021-06-10T00:00:00.000Z,קובה,0,1,1
2021-06-10T00:00:00.000Z,קולומביה,5,3,8
2021-06-10T00:00:00.000Z,קוסטה ריקה,1,1,2
2021-06-10T00:00:00.000Z,קוריאה הדרומית,1,0,1
2021-06-10T00:00:00.000Z,קטר,0,2,2
2021-06-10T00:00:00.000Z,קירג'זסטאן,0,1,1
2021-06-10T00:00:00.000Z,קמרון,2,0,2
2021-06-10T00:00:00.000Z,קנדה,3,13,16
2021-06-10T00:00:00.000Z,קניה,7,10,17
2021-06-10T00:00:00.000Z,קפריסין,439,64,503
2021-06-10T00:00:00.000Z,קרואטיה,9,0,9
2021-06-10T00:00:00.000Z,רואנדה,4,1,5
2021-06-10T00:00:00.000Z,רומניה,196,27,223
2021-06-10T00:00:00.000Z,רוסיה,95,116,211
2021-06-10T00:00:00.000Z,שוודיה,5,2,7
2021-06-10T00:00:00.000Z,שוויץ,74,43,117
2021-06-10T00:00:00.000Z,תאילנד,8,267,275
2021-06-10T00:00:00.000Z,תורכיה,135,49,184
2021-06-10T00:00:00.000Z,תורכמניסטאן,8,0,8
2021-06-10T00:00:00.000Z,איחוד האמירויות הערב,231,51,282
2021-06-10T00:00:00.000Z,אוגנדה,6,0,6
2021-06-10T00:00:00.000Z,אוזבקיסטן,1,5,6
2021-06-10T00:00:00.000Z,אוסטריה,42,22,64
2021-06-10T00:00:00.000Z,אוסטרליה,1,0,1
2021-06-10T00:00:00.000Z,אוקראינה,70,98,168
2021-06-10T00:00:00.000Z,אורגוואי,2,0,2
2021-06-10T00:00:00.000Z,אזרביג'אן,20,4,24
2021-06-10T00:00:00.000Z,איטליה,72,27,99
2021-06-10T00:00:00.000Z,אינדונזיה,1,0,1
2021-06-10T00:00:00.000Z,איסלנד,25,3,28
2021-06-10T00:00:00.000Z,אנגולה,3,0,3
2021-06-10T00:00:00.000Z,אסטוניה,1,0,1
2021-06-10T00:00:00.000Z,ארגנטינה,4,20,24
2021-06-10T00:00:00.000Z,ארצות הברית,729,1115,1844
2021-06-11T00:00:00.000Z,אוקראינה,3,6,9
2021-06-11T00:00:00.000Z,טוגו,2,0,2
2021-06-11T00:00:00.000Z,תורכיה,113,31,144
2021-06-11T00:00:00.000Z,תוניסיה,2,0,2
2021-06-11T00:00:00.000Z,תאילנד,1,0,1
2021-06-11T00:00:00.000Z,שוויץ,124,51,175
2021-06-11T00:00:00.000Z,שוודיה,6,2,8
2021-06-11T00:00:00.000Z,רוסיה,98,86,184
2021-06-11T00:00:00.000Z,רומניה,68,15,83
2021-06-11T00:00:00.000Z,קרואטיה,11,0,11
2021-06-11T00:00:00.000Z,קפריסין,272,39,311
2021-06-11T00:00:00.000Z,קניה,1,0,1
2021-06-11T00:00:00.000Z,פורטו ריקו,0,3,3
2021-06-11T00:00:00.000Z,פורטוגל,19,3,22
2021-06-11T00:00:00.000Z,פיליפינים,1,0,1
2021-06-11T00:00:00.000Z,פינלנד,1,2,3
2021-06-11T00:00:00.000Z,פנמה,0,1,1
2021-06-11T00:00:00.000Z,פרו,1,0,1
2021-06-11T00:00:00.000Z,צכיה,6,0,6
2021-06-11T00:00:00.000Z,צרפת,232,191,423
2021-06-11T00:00:00.000Z,קולומביה,4,3,7
2021-06-11T00:00:00.000Z,קוסטה ריקה,7,2,9
2021-06-11T00:00:00.000Z,קוריאה הדרומית,4,4,8
2021-06-11T00:00:00.000Z,קזחסטאן,0,2,2
2021-06-11T00:00:00.000Z,קטר,0,2,2
2021-06-11T00:00:00.000Z,קנדה,11,34,45
2021-06-11T00:00:00.000Z,איחוד האמירויות הערב,215,33,248
2021-06-11T00:00:00.000Z,אוזבקיסטן,3,0,3
2021-06-11T00:00:00.000Z,פולין,79,6,85
2021-06-11T00:00:00.000Z,סרביה,14,2,16
2021-06-11T00:00:00.000Z,ספרד,115,20,135
2021-06-11T00:00:00.000Z,סלובניה,1,0,1
2021-06-11T00:00:00.000Z,סין,8,107,115
2021-06-11T00:00:00.000Z,נפאל,2,1,3
2021-06-11T00:00:00.000Z,ניגריה,4,0,4
2021-06-11T00:00:00.000Z,נורבגיה,1,1,2
2021-06-11T00:00:00.000Z,מרוקו,9,4,13
2021-06-11T00:00:00.000Z,מקסיקו,3,3,6
2021-06-11T00:00:00.000Z,מצרים,232,27,259
2021-06-11T00:00:00.000Z,מלטה,0,2,2
2021-06-11T00:00:00.000Z,מלדיבים,14,2,16
2021-06-11T00:00:00.000Z,מונטנגרו,84,0,84
2021-06-11T00:00:00.000Z,מולדובה,2,0,2
2021-06-11T00:00:00.000Z,ליטא,16,4,20
2021-06-11T00:00:00.000Z,לטביה,1,7,8
2021-06-11T00:00:00.000Z,לוכסמבורג,0,1,1
2021-06-11T00:00:00.000Z,כלל המדינות,5789,3562,9351
2021-06-11T00:00:00.000Z,ירדן,0,10,10
2021-06-11T00:00:00.000Z,יפן,1,3,4
2021-06-11T00:00:00.000Z,יוון,856,75,931
2021-06-11T00:00:00.000Z,חוף השנהב,2,0,2
2021-06-11T00:00:00.000Z,הממלכה המאוחדת,210,137,347
2021-06-11T00:00:00.000Z,הונגריה,73,21,94
2021-06-11T00:00:00.000Z,הולנד,59,23,82
2021-06-11T00:00:00.000Z,הודו,1,0,1
2021-06-11T00:00:00.000Z,האיטי,1,0,1
2021-06-11T00:00:00.000Z,דנמרק,12,1,13
2021-06-11T00:00:00.000Z,גרמניה,255,89,344
2021-06-11T00:00:00.000Z,גווטאמלה,0,1,1
2021-06-11T00:00:00.000Z,גאנה,0,1,1
2021-06-11T00:00:00.000Z,גאורגיה,370,39,409
2021-06-11T00:00:00.000Z,ברזיל,1,2,3
2021-06-11T00:00:00.000Z,בלגיה,7,3,10
2021-06-11T00:00:00.000Z,בילורוסיה,4,0,4
2021-06-11T00:00:00.000Z,בולגריה,158,18,176
2021-06-11T00:00:00.000Z,אתיופיה,1,0,1
2021-06-11T00:00:00.000Z,ארצות הברית,972,943,1915
2021-06-11T00:00:00.000Z,ארמניה,2,0,2
2021-06-11T00:00:00.000Z,ארגנטינה,0,2,2
2021-06-11T00:00:00.000Z,אנגולה,2,1,3
2021-06-11T00:00:00.000Z,אלגיריה,2,0,2
2021-06-11T00:00:00.000Z,אלבניה,1,1,2
2021-06-11T00:00:00.000Z,אירלנד,6,5,11
2021-06-11T00:00:00.000Z,איי פיגי,0,1,1
2021-06-11T00:00:00.000Z,איטליה,180,64,244
2021-06-11T00:00:00.000Z,אזרביג'אן,18,0,18
2021-06-11T00:00:00.000Z,אורגוואי,0,2,2
2021-06-11T00:00:00.000Z,תורכמניסטאן,2,0,2
2021-06-11T00:00:00.000Z,אוסטרליה,1,4,5
2021-06-11T00:00:00.000Z,אוסטריה,118,15,133
2021-06-12T00:00:00.000Z,לטביה,1,0,1
2021-06-12T00:00:00.000Z,איחוד האמירויות הערב,54,19,73
2021-06-12T00:00:00.000Z,תורכיה,221,45,266
2021-06-12T00:00:00.000Z,תאילנד,4,7,11
2021-06-12T00:00:00.000Z,שוויץ,33,5,38
2021-06-12T00:00:00.000Z,שוודיה,5,2,7
2021-06-12T00:00:00.000Z,רומניה,136,28,164
2021-06-12T00:00:00.000Z,רואנדה,13,0,13
2021-06-12T00:00:00.000Z,קרואטיה,23,0,23
2021-06-12T00:00:00.000Z,קפריסין,378,36,414
2021-06-12T00:00:00.000Z,קניה,7,1,8
2021-06-12T00:00:00.000Z,קנדה,1,1,2
2021-06-12T00:00:00.000Z,קזחסטאן,0,2,2
2021-06-12T00:00:00.000Z,קוריאה הדרומית,6,6,12
2021-06-12T00:00:00.000Z,קוסטה ריקה,1,1,2
2021-06-12T00:00:00.000Z,קוסובו,1,0,1
2021-06-12T00:00:00.000Z,צרפת,7,5,12
2021-06-12T00:00:00.000Z,צכיה,1,0,1
2021-06-12T00:00:00.000Z,פנמה,2,0,2
2021-06-12T00:00:00.000Z,פינלנד,1,5,6
2021-06-12T00:00:00.000Z,פיליפינים,2,1,3
2021-06-12T00:00:00.000Z,פורטוגל,13,0,13
2021-06-12T00:00:00.000Z,פולין,103,9,112
2021-06-12T00:00:00.000Z,סרביה,7,1,8
2021-06-12T00:00:00.000Z,ספרד,14,5,19
2021-06-12T00:00:00.000Z,סלובקיה,1,0,1
2021-06-12T00:00:00.000Z,סינגפור,0,6,6
2021-06-12T00:00:00.000Z,נפאל,2,2,4
2021-06-12T00:00:00.000Z,נמיביה,3,0,3
2021-06-12T00:00:00.000Z,ניגריה,4,0,4
2021-06-12T00:00:00.000Z,נורבגיה,0,6,6
2021-06-12T00:00:00.000Z,מקסיקו,2,0,2
2021-06-12T00:00:00.000Z,מקדוניה,1,0,1
2021-06-12T00:00:00.000Z,מצרים,635,71,706
2021-06-12T00:00:00.000Z,מלדיבים,14,3,17
2021-06-12T00:00:00.000Z,מולדובה,1,1,2
2021-06-12T00:00:00.000Z,ליטא,2,0,2
2021-06-12T00:00:00.000Z,תורכמניסטאן,8,0,8
2021-06-12T00:00:00.000Z,כלל המדינות,3368,1681,5049
2021-06-12T00:00:00.000Z,יפן,1,0,1
2021-06-12T00:00:00.000Z,יוון,470,30,500
2021-06-12T00:00:00.000Z,טנזניה,4,0,4
2021-06-12T00:00:00.000Z,טיוואן,1,7,8
2021-06-12T00:00:00.000Z,טוגו,1,0,1
2021-06-12T00:00:00.000Z,חוף השנהב,10,0,10
2021-06-12T00:00:00.000Z,זמביה,2,1,3
2021-06-12T00:00:00.000Z,זימבאבווה,0,2,2
2021-06-12T00:00:00.000Z,זאיר,1,0,1
2021-06-12T00:00:00.000Z,הממלכה המאוחדת,37,50,87
2021-06-12T00:00:00.000Z,הונגריה,1,5,6
2021-06-12T00:00:00.000Z,הולנד,56,9,65
2021-06-12T00:00:00.000Z,דרום אפריקה,7,13,20
2021-06-12T00:00:00.000Z,דנמרק,6,5,11
2021-06-12T00:00:00.000Z,דומיניקה,1,0,1
2021-06-12T00:00:00.000Z,גרמניה,155,64,219
2021-06-12T00:00:00.000Z,גבון,1,1,2
2021-06-12T00:00:00.000Z,גאנה,3,0,3
2021-06-12T00:00:00.000Z,גאורגיה,63,10,73
2021-06-12T00:00:00.000Z,בלגיה,1,0,1
2021-06-12T00:00:00.000Z,בוסניה הרצגובינה,2,1,3
2021-06-12T00:00:00.000Z,בולגריה,0,2,2
2021-06-12T00:00:00.000Z,אתיופיה,20,9,29
2021-06-12T00:00:00.000Z,ארצות הברית,481,854,1335
2021-06-12T00:00:00.000Z,ארמניה,1,1,2
2021-06-12T00:00:00.000Z,אקואדור,1,0,1
2021-06-12T00:00:00.000Z,אסטוניה,1,0,1
2021-06-12T00:00:00.000Z,אירלנד,6,0,6
2021-06-12T00:00:00.000Z,איסלנד,31,0,31
2021-06-12T00:00:00.000Z,אינדונזיה,1,0,1
2021-06-12T00:00:00.000Z,איי גילברט ואליס,0,1,1
2021-06-12T00:00:00.000Z,איטליה,30,7,37
2021-06-12T00:00:00.000Z,אוקראינה,1,1,2
2021-06-12T00:00:00.000Z,אוסטריה,36,17,53
2021-06-12T00:00:00.000Z,אוזבקיסטן,3,5,8
2021-06-12T00:00:00.000Z,אוגנדה,2,0,2
2021-06-13T00:00:00.000Z,הממלכה המאוחדת,291,262,553
2021-06-13T00:00:00.000Z,חוף השנהב,0,5,5
2021-06-13T00:00:00.000Z,טיוואן,1,0,1
2021-06-13T00:00:00.000Z,יוון,2546,92,2638
2021-06-13T00:00:00.000Z,יפן,0,2,2
2021-06-13T00:00:00.000Z,ירדן,122,65,187
2021-06-13T00:00:00.000Z,כלל המדינות,10417,4883,15300
2021-06-13T00:00:00.000Z,לטביה,1,0,1
2021-06-13T00:00:00.000Z,בילורוסיה,127,25,152
2021-06-13T00:00:00.000Z,ליטא,6,20,26
2021-06-13T00:00:00.000Z,מאוריציוס,1,1,2
2021-06-13T00:00:00.000Z,מאלי,2,0,2
2021-06-13T00:00:00.000Z,מולדובה,310,71,381
2021-06-13T00:00:00.000Z,מלדיבים,7,0,7
2021-06-13T00:00:00.000Z,מצרים,1045,110,1155
2021-06-13T00:00:00.000Z,מקדוניה,1,0,1
2021-06-13T00:00:00.000Z,מקסיקו,0,3,3
2021-06-13T00:00:00.000Z,מרטיניק,0,1,1
2021-06-13T00:00:00.000Z,ניגריה,3,0,3
2021-06-13T00:00:00.000Z,נפאל,1,0,1
2021-06-13T00:00:00.000Z,סינגפור,0,2,2
2021-06-13T00:00:00.000Z,סלובניה,1,0,1
2021-06-13T00:00:00.000Z,ספרד,13,5,18
2021-06-13T00:00:00.000Z,סרביה,4,1,5
2021-06-13T00:00:00.000Z,ערב הסעודית,0,1,1
2021-06-13T00:00:00.000Z,פולין,73,59,132
2021-06-13T00:00:00.000Z,פורטוגל,22,6,28
2021-06-13T00:00:00.000Z,פיליפינים,2,23,25
2021-06-13T00:00:00.000Z,פינלנד,2,0,2
2021-06-13T00:00:00.000Z,צכיה,39,5,44
2021-06-13T00:00:00.000Z,צרפת,224,256,480
2021-06-13T00:00:00.000Z,קולומביה,0,2,2
2021-06-13T00:00:00.000Z,קוסטה ריקה,6,1,7
2021-06-13T00:00:00.000Z,קוריאה הדרומית,0,8,8
2021-06-13T00:00:00.000Z,קזחסטאן,1,0,1
2021-06-13T00:00:00.000Z,קנדה,10,61,71
2021-06-13T00:00:00.000Z,קפריסין,954,29,983
2021-06-13T00:00:00.000Z,קרואטיה,6,3,9
2021-06-13T00:00:00.000Z,ראוניון,0,2,2
2021-06-13T00:00:00.000Z,רומניה,98,19,117
2021-06-13T00:00:00.000Z,רוסיה,36,85,121
2021-06-13T00:00:00.000Z,שוודיה,4,4,8
2021-06-13T00:00:00.000Z,שוויץ,75,52,127
2021-06-13T00:00:00.000Z,תאילנד,1,1,2
2021-06-13T00:00:00.000Z,תוניסיה,1,1,2
2021-06-13T00:00:00.000Z,תורכיה,140,46,186
2021-06-13T00:00:00.000Z,תורכמניסטאן,4,0,4
2021-06-13T00:00:00.000Z,בוסניה הרצגובינה,2,0,2
2021-06-13T00:00:00.000Z,בלגיה,51,70,121
2021-06-13T00:00:00.000Z,ברזיל,0,1,1
2021-06-13T00:00:00.000Z,גאורגיה,595,35,630
2021-06-13T00:00:00.000Z,גאנה,1,4,5
2021-06-13T00:00:00.000Z,גבון,1,0,1
2021-06-13T00:00:00.000Z,בולגריה,553,27,580
2021-06-13T00:00:00.000Z,ארצות הברית,536,714,1250
2021-06-13T00:00:00.000Z,ארגנטינה,1,2,3
2021-06-13T00:00:00.000Z,אלבניה,1,0,1
2021-06-13T00:00:00.000Z,אירלנד,1,1,2
2021-06-13T00:00:00.000Z,איסלנד,1,0,1
2021-06-13T00:00:00.000Z,איי סיישל,124,10,134
2021-06-13T00:00:00.000Z,איטליה,177,30,207
2021-06-13T00:00:00.000Z,אזרביג'אן,5,1,6
2021-06-13T00:00:00.000Z,אורגוואי,2,0,2
2021-06-13T00:00:00.000Z,אוקראינה,77,91,168
2021-06-13T00:00:00.000Z,אוסטרליה,0,3,3
2021-06-13T00:00:00.000Z,אוסטריה,112,33,145
2021-06-13T00:00:00.000Z,אוזבקיסטן,1,1,2
2021-06-13T00:00:00.000Z,גויאנה הצרפתית,1,0,1
2021-06-13T00:00:00.000Z,גרמניה,280,138,418
2021-06-13T00:00:00.000Z,דנמרק,4,3,7
2021-06-13T00:00:00.000Z,דרום אפריקה,4,2,6
2021-06-13T00:00:00.000Z,הולנד,108,31,139
2021-06-13T00:00:00.000Z,הונגריה,53,22,75
2021-06-13T00:00:00.000Z,איחוד האמירויות הערב,318,40,358
2021-06-14T00:00:00.000Z,כלל המדינות,9291,5397,14688
2021-06-14T00:00:00.000Z,אוגנדה,4,0,4
2021-06-14T00:00:00.000Z,תורכמניסטאן,16,6,22
2021-06-14T00:00:00.000Z,תורכיה,153,49,202
2021-06-14T00:00:00.000Z,תוניסיה,7,3,10
2021-06-14T00:00:00.000Z,תאילנד,1,0,1
2021-06-14T00:00:00.000Z,שוויץ,93,41,134
2021-06-14T00:00:00.000Z,שוודיה,10,7,17
2021-06-14T00:00:00.000Z,רוסיה,165,125,290
2021-06-14T00:00:00.000Z,רומניה,206,25,231
2021-06-14T00:00:00.000Z,רואנדה,8,0,8
2021-06-14T00:00:00.000Z,קרואטיה,16,0,16
2021-06-14T00:00:00.000Z,קפריסין,496,44,540
2021-06-14T00:00:00.000Z,קניה,3,4,7
2021-06-14T00:00:00.000Z,קנדה,0,9,9
2021-06-14T00:00:00.000Z,קמרון,1,0,1
2021-06-14T00:00:00.000Z,קזחסטאן,2,4,6
2021-06-14T00:00:00.000Z,קוריאה הדרומית,0,1,1
2021-06-14T00:00:00.000Z,קוסטה ריקה,0,4,4
2021-06-14T00:00:00.000Z,קולומביה,2,6,8
2021-06-14T00:00:00.000Z,צרפת,298,216,514
2021-06-14T00:00:00.000Z,צכיה,7,0,7
2021-06-14T00:00:00.000Z,צ'ילה,0,2,2
2021-06-14T00:00:00.000Z,פרו,0,3,3
2021-06-14T00:00:00.000Z,פנמה,1,15,16
2021-06-14T00:00:00.000Z,פינלנד,3,0,3
2021-06-14T00:00:00.000Z,פיליפינים,0,5,5
2021-06-14T00:00:00.000Z,פורטוגל,25,10,35
2021-06-14T00:00:00.000Z,פולינזיה הצרפתית,1,0,1
2021-06-14T00:00:00.000Z,פולין,51,13,64
2021-06-14T00:00:00.000Z,סרי לנקה (צילון),0,3,3
2021-06-14T00:00:00.000Z,סרביה,7,2,9
2021-06-14T00:00:00.000Z,ספרד,219,47,266
2021-06-14T00:00:00.000Z,סלובניה,2,0,2
2021-06-14T00:00:00.000Z,סינגפור,0,4,4
2021-06-14T00:00:00.000Z,סוריה,2,32,34
2021-06-14T00:00:00.000Z,ניגריה,5,4,9
2021-06-14T00:00:00.000Z,נורבגיה,0,8,8
2021-06-14T00:00:00.000Z,מקסיקו,0,7,7
2021-06-14T00:00:00.000Z,מקדוניה,2,0,2
2021-06-14T00:00:00.000Z,מצרים,567,64,631
2021-06-14T00:00:00.000Z,מלטה,0,2,2
2021-06-14T00:00:00.000Z,מלדיבים,11,1,12
2021-06-14T00:00:00.000Z,מונטנגרו,142,2,144
2021-06-14T00:00:00.000Z,מולדובה,66,24,90
2021-06-14T00:00:00.000Z,מוזמביק,1,0,1
2021-06-14T00:00:00.000Z,מאלי,0,1,1
2021-06-14T00:00:00.000Z,ליטא,6,4,10
2021-06-14T00:00:00.000Z,איחוד האמירויות הערב,314,38,352
2021-06-14T00:00:00.000Z,ירדן,34,29,63
2021-06-14T00:00:00.000Z,יוון,1708,86,1794
2021-06-14T00:00:00.000Z,טנזניה,0,2,2
2021-06-14T00:00:00.000Z,טיוואן,0,15,15
2021-06-14T00:00:00.000Z,טוגו,1,0,1
2021-06-14T00:00:00.000Z,טובלו,0,1,1
2021-06-14T00:00:00.000Z,זמביה,4,1,5
2021-06-14T00:00:00.000Z,זימבאבווה,3,0,3
2021-06-14T00:00:00.000Z,זאיר,1,0,1
2021-06-14T00:00:00.000Z,ויטנאם,0,7,7
2021-06-14T00:00:00.000Z,הרפ הדומיניקנית,3,0,3
2021-06-14T00:00:00.000Z,הממלכה המאוחדת,318,203,521
2021-06-14T00:00:00.000Z,הונגריה,39,20,59
2021-06-14T00:00:00.000Z,הונג קונג,0,3,3
2021-06-14T00:00:00.000Z,הולנד,152,33,185
2021-06-14T00:00:00.000Z,הודו,30,12,42
2021-06-14T00:00:00.000Z,האנטילים ההולנדים,1,0,1
2021-06-14T00:00:00.000Z,דרום אפריקה,5,5,10
2021-06-14T00:00:00.000Z,דנמרק,11,3,14
2021-06-14T00:00:00.000Z,גרמניה,229,99,328
2021-06-14T00:00:00.000Z,גויאנה הצרפתית,0,1,1
2021-06-14T00:00:00.000Z,גאנה,2,0,2
2021-06-14T00:00:00.000Z,גאורגיה,660,51,711
2021-06-14T00:00:00.000Z,ברזיל,3,4,7
2021-06-14T00:00:00.000Z,בלגיה,7,3,10
2021-06-14T00:00:00.000Z,בילורוסיה,5,1,6
2021-06-14T00:00:00.000Z,בוסניה הרצגובינה,3,0,3
2021-06-14T00:00:00.000Z,בולגריה,380,14,394
2021-06-14T00:00:00.000Z,בוטסואנה,2,0,2
2021-06-14T00:00:00.000Z,אתיופיה,16,8,24
2021-06-14T00:00:00.000Z,ארצות הברית,1062,1557,2619
2021-06-14T00:00:00.000Z,ארמניה,4,0,4
2021-06-14T00:00:00.000Z,ארגנטינה,1,4,5
2021-06-14T00:00:00.000Z,אקואדור,2,0,2
2021-06-14T00:00:00.000Z,אסטוניה,1,1,2
2021-06-14T00:00:00.000Z,אנדורה,1,0,1
2021-06-14T00:00:00.000Z,אנגולה,1,1,2
2021-06-14T00:00:00.000Z,אלבניה,2,1,3
2021-06-14T00:00:00.000Z,אירלנד,6,1,7
2021-06-14T00:00:00.000Z,איסלנד,21,0,21
2021-06-14T00:00:00.000Z,אינדונזיה,1,0,1
2021-06-14T00:00:00.000Z,איטליה,222,59,281
2021-06-14T00:00:00.000Z,אזרביג'אן,1,0,1
2021-06-14T00:00:00.000Z,אוקראינה,60,50,110
2021-06-14T00:00:00.000Z,אוסטרליה,1,2,3
2021-06-14T00:00:00.000Z,אוסטריה,182,38,220
2021-06-14T00:00:00.000Z,אוזבקיסטן,45,57,102
2021-06-15T00:00:00.000Z,גאנה,0,1,1
2021-06-15T00:00:00.000Z,ארצות הברית,1031,1097,2128
2021-06-15T00:00:00.000Z,איחוד האמירויות הערב,184,20,204
2021-06-15T00:00:00.000Z,תורכיה,181,65,246
2021-06-15T00:00:00.000Z,תוניסיה,0,3,3
2021-06-15T00:00:00.000Z,שוויץ,4,2,6
2021-06-15T00:00:00.000Z,שוודיה,2,0,2
2021-06-15T00:00:00.000Z,רוסיה,1,2,3
2021-06-15T00:00:00.000Z,רומניה,2,0,2
2021-06-15T00:00:00.000Z,רואנדה,2,0,2
2021-06-15T00:00:00.000Z,קרואטיה,1,1,2
2021-06-15T00:00:00.000Z,קפריסין,348,45,393
2021-06-15T00:00:00.000Z,קניה,5,0,5
2021-06-15T00:00:00.000Z,קנדה,1,0,1
2021-06-15T00:00:00.000Z,קזחסטאן,2,0,2
2021-06-15T00:00:00.000Z,קוריאה הדרומית,0,5,5
2021-06-15T00:00:00.000Z,קוסטה ריקה,0,4,4
2021-06-15T00:00:00.000Z,קונגו,1,0,1
2021-06-15T00:00:00.000Z,קולומביה,1,0,1
2021-06-15T00:00:00.000Z,צרפת,211,195,406
2021-06-15T00:00:00.000Z,צכיה,10,6,16
2021-06-15T00:00:00.000Z,צ'ילה,2,2,4
2021-06-15T00:00:00.000Z,פנמה,0,5,5
2021-06-15T00:00:00.000Z,פינלנד,1,0,1
2021-06-15T00:00:00.000Z,פיליפינים,1,4,5
2021-06-15T00:00:00.000Z,פורטוגל,20,3,23
2021-06-15T00:00:00.000Z,פולין,98,21,119
2021-06-15T00:00:00.000Z,ערב הסעודית,0,1,1
2021-06-15T00:00:00.000Z,סרי לנקה (צילון),0,3,3
2021-06-15T00:00:00.000Z,סרביה,15,0,15
2021-06-15T00:00:00.000Z,ספרד,40,10,50
2021-06-15T00:00:00.000Z,סלובניה,7,1,8
2021-06-15T00:00:00.000Z,סינגפור,0,3,3
2021-06-15T00:00:00.000Z,סוריה,1,4,5
2021-06-15T00:00:00.000Z,נמיביה,1,0,1
2021-06-15T00:00:00.000Z,ניו זילנד,0,1,1
2021-06-15T00:00:00.000Z,ניגריה,2,1,3
2021-06-15T00:00:00.000Z,נורבגיה,1,1,2
2021-06-15T00:00:00.000Z,מקסיקו,2,5,7
2021-06-15T00:00:00.000Z,מצרים,241,36,277
2021-06-15T00:00:00.000Z,מלדיבים,14,2,16
2021-06-15T00:00:00.000Z,מולדובה,244,94,338
2021-06-15T00:00:00.000Z,מוזמביק,0,1,1
2021-06-15T00:00:00.000Z,ליטא,10,0,10
2021-06-15T00:00:00.000Z,לטביה,5,7,12
2021-06-15T00:00:00.000Z,כלל המדינות,5291,4044,9335
2021-06-15T00:00:00.000Z,ירדן,43,36,79
2021-06-15T00:00:00.000Z,יוון,703,45,748
2021-06-15T00:00:00.000Z,טנזניה,1,0,1
2021-06-15T00:00:00.000Z,חוף השנהב,1,0,1
2021-06-15T00:00:00.000Z,הרפ הדומיניקנית,1,0,1
2021-06-15T00:00:00.000Z,הממלכה המאוחדת,214,165,379
2021-06-15T00:00:00.000Z,הונגריה,34,25,59
2021-06-15T00:00:00.000Z,הונג קונג,1,0,1
2021-06-15T00:00:00.000Z,הולנד,75,10,85
2021-06-15T00:00:00.000Z,דרום סודאן,1,0,1
2021-06-15T00:00:00.000Z,דרום אפריקה,0,3,3
2021-06-15T00:00:00.000Z,דנמרק,10,1,11
2021-06-15T00:00:00.000Z,גרנדה,2,0,2
2021-06-15T00:00:00.000Z,גרמניה,207,108,315
2021-06-15T00:00:00.000Z,גווטאמלה,1,1,2
2021-06-15T00:00:00.000Z,גאורגיה,194,18,212
2021-06-15T00:00:00.000Z,ברזיל,3,7,10
2021-06-15T00:00:00.000Z,בלגיה,57,54,111
2021-06-15T00:00:00.000Z,בילורוסיה,70,16,86
2021-06-15T00:00:00.000Z,בולגריה,148,27,175
2021-06-15T00:00:00.000Z,בהמס,0,1,1
2021-06-15T00:00:00.000Z,אתיופיה,11,4,15
2021-06-15T00:00:00.000Z,ארגנטינה,1,4,5
2021-06-15T00:00:00.000Z,אסטוניה,2,0,2
2021-06-15T00:00:00.000Z,אנגולה,0,1,1
2021-06-15T00:00:00.000Z,אלבניה,2,1,3
2021-06-15T00:00:00.000Z,אירלנד,1,1,2
2021-06-15T00:00:00.000Z,איסלנד,2,0,2
2021-06-15T00:00:00.000Z,איי קייפ וורדה,1,0,1
2021-06-15T00:00:00.000Z,איי סיישל,10,0,10
2021-06-15T00:00:00.000Z,איטליה,77,17,94
2021-06-15T00:00:00.000Z,אזרביג'אן,5,0,5
2021-06-15T00:00:00.000Z,אוקראינה,52,32,84
2021-06-15T00:00:00.000Z,אוסטריה,0,2,2
2021-06-16T00:00:00.000Z,מוזמביק,1,0,1
2021-06-16T00:00:00.000Z,פינלנד,8,3,11
2021-06-16T00:00:00.000Z,צרפת,244,233,477
2021-06-16T00:00:00.000Z,קולומביה,0,1,1
2021-06-16T00:00:00.000Z,קוסטה ריקה,4,1,5
2021-06-16T00:00:00.000Z,קוריאה הדרומית,0,5,5
2021-06-16T00:00:00.000Z,קזחסטאן,1,0,1
2021-06-16T00:00:00.000Z,קטר,0,1,1
2021-06-16T00:00:00.000Z,קירג'זסטאן,3,0,3
2021-06-16T00:00:00.000Z,קנדה,11,82,93
2021-06-16T00:00:00.000Z,קניה,6,6,12
2021-06-16T00:00:00.000Z,קפריסין,181,35,216
2021-06-16T00:00:00.000Z,קרואטיה,5,0,5
2021-06-16T00:00:00.000Z,רואנדה,2,4,6
2021-06-16T00:00:00.000Z,רומניה,221,60,281
2021-06-16T00:00:00.000Z,רוסיה,57,35,92
2021-06-16T00:00:00.000Z,שוודיה,9,0,9
2021-06-16T00:00:00.000Z,שוויץ,71,19,90
2021-06-16T00:00:00.000Z,תאילנד,4,294,298
2021-06-16T00:00:00.000Z,תורכיה,153,63,216
2021-06-16T00:00:00.000Z,תורכמניסטאן,4,0,4
2021-06-16T00:00:00.000Z,פיליפינים,1,2,3
2021-06-16T00:00:00.000Z,פורטוגל,7,0,7
2021-06-16T00:00:00.000Z,פולין,95,20,115
2021-06-16T00:00:00.000Z,עירק,3,4,7
2021-06-16T00:00:00.000Z,סרי לנקה (צילון),1,2,3
2021-06-16T00:00:00.000Z,סרביה,1,3,4
2021-06-16T00:00:00.000Z,ספרד,74,20,94
2021-06-16T00:00:00.000Z,סנגל,2,0,2
2021-06-16T00:00:00.000Z,סלובניה,6,0,6
2021-06-16T00:00:00.000Z,סינגפור,1,3,4
2021-06-16T00:00:00.000Z,סין,2,24,26
2021-06-16T00:00:00.000Z,סוריה,1,5,6
2021-06-16T00:00:00.000Z,ניגריה,6,0,6
2021-06-16T00:00:00.000Z,נורבגיה,0,2,2
2021-06-16T00:00:00.000Z,מרוקו,3,1,4
2021-06-16T00:00:00.000Z,מקסיקו,4,3,7
2021-06-16T00:00:00.000Z,מצרים,207,48,255
2021-06-16T00:00:00.000Z,מלדיבים,3,0,3
2021-06-16T00:00:00.000Z,מלאווי,1,1,2
2021-06-16T00:00:00.000Z,מונטנגרו,62,2,64
2021-06-16T00:00:00.000Z,מולדובה,7,4,11
2021-06-16T00:00:00.000Z,צכיה,0,1,1
2021-06-16T00:00:00.000Z,מאלי,0,1,1
2021-06-16T00:00:00.000Z,ליטא,4,1,5
2021-06-16T00:00:00.000Z,לבנון,0,1,1
2021-06-16T00:00:00.000Z,כלל המדינות,5369,5457,10826
2021-06-16T00:00:00.000Z,ירדן,64,39,103
2021-06-16T00:00:00.000Z,יפן,0,5,5
2021-06-16T00:00:00.000Z,יוון,540,42,582
2021-06-16T00:00:00.000Z,ונצואלה,0,4,4
2021-06-16T00:00:00.000Z,הממלכה המאוחדת,165,158,323
2021-06-16T00:00:00.000Z,הונגריה,83,21,104
2021-06-16T00:00:00.000Z,הולנד,121,37,158
2021-06-16T00:00:00.000Z,דרום אפריקה,1,8,9
2021-06-16T00:00:00.000Z,דרום אמריקה,0,1,1
2021-06-16T00:00:00.000Z,דנמרק,9,4,13
2021-06-16T00:00:00.000Z,גרמניה,168,91,259
2021-06-16T00:00:00.000Z,גיברלטר,1,0,1
2021-06-16T00:00:00.000Z,גאנה,7,8,15
2021-06-16T00:00:00.000Z,גאורגיה,212,34,246
2021-06-16T00:00:00.000Z,ברזיל,2,4,6
2021-06-16T00:00:00.000Z,בלגיה,35,44,79
2021-06-16T00:00:00.000Z,בילורוסיה,23,20,43
2021-06-16T00:00:00.000Z,בורונדי,1,0,1
2021-06-16T00:00:00.000Z,בוסניה הרצגובינה,2,0,2
2021-06-16T00:00:00.000Z,בוליביה,1,0,1
2021-06-16T00:00:00.000Z,בולגריה,111,10,121
2021-06-16T00:00:00.000Z,בוטסואנה,1,2,3
2021-06-16T00:00:00.000Z,אתיופיה,24,3,27
2021-06-16T00:00:00.000Z,ארצות הברית,656,1101,1757
2021-06-16T00:00:00.000Z,ארמניה,1,0,1
2021-06-16T00:00:00.000Z,אריתראה,1,0,1
2021-06-16T00:00:00.000Z,אירלנד,0,3,3
2021-06-16T00:00:00.000Z,אינדונזיה,1,0,1
2021-06-16T00:00:00.000Z,איי סיישל,92,6,98
2021-06-16T00:00:00.000Z,איטליה,40,9,49
2021-06-16T00:00:00.000Z,אזרביג'אן,1,0,1
2021-06-16T00:00:00.000Z,אורגוואי,1,0,1
2021-06-16T00:00:00.000Z,אוקראינה,55,60,115
2021-06-16T00:00:00.000Z,אוסטרליה,0,5,5
2021-06-16T00:00:00.000Z,אוסטריה,128,41,169
2021-06-16T00:00:00.000Z,אוזבקיסטן,3,2,5
2021-06-16T00:00:00.000Z,פרגוואי,0,1,1
2021-06-16T00:00:00.000Z,איחוד האמירויות הערב,168,31,199
2021-06-17T00:00:00.000Z,תורכמניסטאן,7,1,8
2021-06-17T00:00:00.000Z,תורכיה,276,81,357
2021-06-17T00:00:00.000Z,תאילנד,0,1,1
2021-06-17T00:00:00.000Z,שוויץ,94,39,133
2021-06-17T00:00:00.000Z,שוודיה,11,6,17
2021-06-17T00:00:00.000Z,רוסיה,73,123,196
2021-06-17T00:00:00.000Z,רומניה,39,14,53
2021-06-17T00:00:00.000Z,רואנדה,4,0,4
2021-06-17T00:00:00.000Z,קרואטיה,5,0,5
2021-06-17T00:00:00.000Z,קפריסין,487,73,560
2021-06-17T00:00:00.000Z,קניה,1,0,1
2021-06-17T00:00:00.000Z,קנדה,0,4,4
2021-06-17T00:00:00.000Z,קירג'זסטאן,11,4,15
2021-06-17T00:00:00.000Z,קזחסטאן,1,0,1
2021-06-17T00:00:00.000Z,קוסטה ריקה,2,1,3
2021-06-17T00:00:00.000Z,קוסובו,1,0,1
2021-06-17T00:00:00.000Z,קונגו,2,0,2
2021-06-17T00:00:00.000Z,קולומביה,4,6,10
2021-06-17T00:00:00.000Z,צרפת,317,222,539
2021-06-17T00:00:00.000Z,צכיה,86,23,109
2021-06-17T00:00:00.000Z,צ'ילה,0,2,2
2021-06-17T00:00:00.000Z,פקיסטן,1,0,1
2021-06-17T00:00:00.000Z,פנמה,2,17,19
2021-06-17T00:00:00.000Z,פינלנד,3,3,6
2021-06-17T00:00:00.000Z,פיליפינים,0,21,21
2021-06-17T00:00:00.000Z,פורטוגל,18,3,21
2021-06-17T00:00:00.000Z,פולין,10,1,11
2021-06-17T00:00:00.000Z,ערב הסעודית,1,0,1
2021-06-17T00:00:00.000Z,סרביה,5,1,6
2021-06-17T00:00:00.000Z,ספרד,80,33,113
2021-06-17T00:00:00.000Z,נפאל,1,0,1
2021-06-17T00:00:00.000Z,נמיביה,4,0,4
2021-06-17T00:00:00.000Z,ניגריה,5,9,14
2021-06-17T00:00:00.000Z,נורבגיה,0,2,2
2021-06-17T00:00:00.000Z,מרוקו,8,0,8
2021-06-17T00:00:00.000Z,מקסיקו,2,3,5
2021-06-17T00:00:00.000Z,מקדוניה,2,0,2
2021-06-17T00:00:00.000Z,מצרים,335,65,400
2021-06-17T00:00:00.000Z,מולדובה,84,36,120
2021-06-17T00:00:00.000Z,מאלי,0,1,1
2021-06-17T00:00:00.000Z,ליטא,5,0,5
2021-06-17T00:00:00.000Z,לטביה,5,0,5
2021-06-17T00:00:00.000Z,לבנון,0,9,9
2021-06-17T00:00:00.000Z,כלל המדינות,8331,6549,14880
2021-06-17T00:00:00.000Z,בחריין,0,1,1
2021-06-17T00:00:00.000Z,יוון,1791,119,1910
2021-06-17T00:00:00.000Z,טנזניה,7,2,9
2021-06-17T00:00:00.000Z,טיוואן,2,6,8
2021-06-17T00:00:00.000Z,טג'יקיסטאן,2,0,2
2021-06-17T00:00:00.000Z,חוף השנהב,6,0,6
2021-06-17T00:00:00.000Z,זמביה,2,0,2
2021-06-17T00:00:00.000Z,זימבאבווה,1,0,1
2021-06-17T00:00:00.000Z,זאיר,1,0,1
2021-06-17T00:00:00.000Z,הרפ הדומיניקנית,4,0,4
2021-06-17T00:00:00.000Z,הממלכה המאוחדת,257,230,487
2021-06-17T00:00:00.000Z,הונדורס,1,0,1
2021-06-17T00:00:00.000Z,הונגריה,69,26,95
2021-06-17T00:00:00.000Z,הונג קונג,0,2,2
2021-06-17T00:00:00.000Z,הולנד,13,4,17
2021-06-17T00:00:00.000Z,דרום אפריקה,1,3,4
2021-06-17T00:00:00.000Z,דנמרק,7,11,18
2021-06-17T00:00:00.000Z,גרנדה,1,0,1
2021-06-17T00:00:00.000Z,גרמניה,255,73,328
2021-06-17T00:00:00.000Z,גינאה המשוונית,1,0,1
2021-06-17T00:00:00.000Z,גיברלטר,1,0,1
2021-06-17T00:00:00.000Z,גבון,2,0,2
2021-06-17T00:00:00.000Z,גאנה,4,2,6
2021-06-17T00:00:00.000Z,גאורגיה,544,41,585
2021-06-17T00:00:00.000Z,ברזיל,1,0,1
2021-06-17T00:00:00.000Z,בלגיה,33,35,68
2021-06-17T00:00:00.000Z,איחוד האמירויות הערב,190,19,209
2021-06-17T00:00:00.000Z,בילורוסיה,61,18,79
2021-06-17T00:00:00.000Z,בולגריה,324,20,344
2021-06-17T00:00:00.000Z,אתיופיה,36,15,51
2021-06-17T00:00:00.000Z,ארצות הברית,877,1842,2719
2021-06-17T00:00:00.000Z,ארמניה,1,1,2
2021-06-17T00:00:00.000Z,ארגנטינה,0,2,2
2021-06-17T00:00:00.000Z,אקואדור,2,0,2
2021-06-17T00:00:00.000Z,אנגולה,1,2,3
2021-06-17T00:00:00.000Z,אלבניה,3,1,4
2021-06-17T00:00:00.000Z,איסלנד,38,0,38
2021-06-17T00:00:00.000Z,איטליה,193,65,258
2021-06-17T00:00:00.000Z,אזרביג'אן,7,2,9
2021-06-17T00:00:00.000Z,אוקראינה,123,345,468
2021-06-17T00:00:00.000Z,אוסטריה,142,32,174
2021-06-17T00:00:00.000Z,אוזבקיסטן,1,0,1
2021-06-17T00:00:00.000Z,אוגנדה,8,0,8
2021-06-17T00:00:00.000Z,ירדן,69,67,136
2021-06-18T00:00:00.000Z,קוסובו,1,0,1
2021-06-18T00:00:00.000Z,קוריאה הדרומית,3,1,4
2021-06-18T00:00:00.000Z,קזחסטאן,2,5,7
2021-06-18T00:00:00.000Z,קירג'זסטאן,2,1,3
2021-06-18T00:00:00.000Z,קנדה,12,59,71
2021-06-18T00:00:00.000Z,קפריסין,244,50,294
2021-06-18T00:00:00.000Z,קרואטיה,12,2,14
2021-06-18T00:00:00.000Z,רומניה,155,30,185
2021-06-18T00:00:00.000Z,רוסיה,92,75,167
2021-06-18T00:00:00.000Z,שוודיה,4,7,11
2021-06-18T00:00:00.000Z,שוויץ,125,32,157
2021-06-18T00:00:00.000Z,תורכיה,398,80,478
2021-06-18T00:00:00.000Z,תורכמניסטאן,12,0,12
2021-06-18T00:00:00.000Z,צרפת,271,145,416
2021-06-18T00:00:00.000Z,צכיה,9,0,9
2021-06-18T00:00:00.000Z,פרו,1,0,1
2021-06-18T00:00:00.000Z,אוקראינה,30,30,60
2021-06-18T00:00:00.000Z,אוסטרליה,2,2,4
2021-06-18T00:00:00.000Z,אוסטריה,168,20,188
2021-06-18T00:00:00.000Z,אוזבקיסטן,2,0,2
2021-06-18T00:00:00.000Z,פנמה,2,2,4
2021-06-18T00:00:00.000Z,פיליפינים,1,3,4
2021-06-18T00:00:00.000Z,פורטוגל,29,3,32
2021-06-18T00:00:00.000Z,פולין,163,43,206
2021-06-18T00:00:00.000Z,סרי לנקה (צילון),2,3,5
2021-06-18T00:00:00.000Z,סרביה,13,4,17
2021-06-18T00:00:00.000Z,ניגריה,1,5,6
2021-06-18T00:00:00.000Z,נורבגיה,1,4,5
2021-06-18T00:00:00.000Z,מרוקו,4,1,5
2021-06-18T00:00:00.000Z,מקסיקו,4,3,7
2021-06-18T00:00:00.000Z,מקדוניה,1,0,1
2021-06-18T00:00:00.000Z,מצרים,250,54,304
2021-06-18T00:00:00.000Z,מלטה,1,0,1
2021-06-18T00:00:00.000Z,מלדיבים,16,0,16
2021-06-18T00:00:00.000Z,מונטנגרו,111,10,121
2021-06-18T00:00:00.000Z,מולדובה,24,5,29
2021-06-18T00:00:00.000Z,מאוריציוס,3,0,3
2021-06-18T00:00:00.000Z,ליטא,3,0,3
2021-06-18T00:00:00.000Z,לטביה,4,0,4
2021-06-18T00:00:00.000Z,לוכסמבורג,1,0,1
2021-06-18T00:00:00.000Z,כלל המדינות,7335,4079,11414
2021-06-18T00:00:00.000Z,ירדן,0,18,18
2021-06-18T00:00:00.000Z,קוסטה ריקה,7,4,11
2021-06-18T00:00:00.000Z,יוון,1110,66,1176
2021-06-18T00:00:00.000Z,טנזניה,4,0,4
2021-06-18T00:00:00.000Z,זימבאבווה,1,0,1
2021-06-18T00:00:00.000Z,ונצואלה,0,2,2
2021-06-18T00:00:00.000Z,הממלכה המאוחדת,236,136,372
2021-06-18T00:00:00.000Z,הונגריה,108,15,123
2021-06-18T00:00:00.000Z,הונג קונג,0,7,7
2021-06-18T00:00:00.000Z,הולנד,169,46,215
2021-06-18T00:00:00.000Z,הודו,1,2,3
2021-06-18T00:00:00.000Z,דנמרק,6,4,10
2021-06-18T00:00:00.000Z,גרמניה,262,103,365
2021-06-18T00:00:00.000Z,גינאה החדשה,1,0,1
2021-06-18T00:00:00.000Z,גווטאמלה,1,0,1
2021-06-18T00:00:00.000Z,גאורגיה,494,48,542
2021-06-18T00:00:00.000Z,ברמודה,2,0,2
2021-06-18T00:00:00.000Z,ברזיל,1,1,2
2021-06-18T00:00:00.000Z,בלגיה,80,41,121
2021-06-18T00:00:00.000Z,בחריין,2,0,2
2021-06-18T00:00:00.000Z,בוסניה הרצגובינה,2,0,2
2021-06-18T00:00:00.000Z,בולגריה,162,19,181
2021-06-18T00:00:00.000Z,ארצות הברית,1075,1219,2294
2021-06-18T00:00:00.000Z,ארמניה,4,0,4
2021-06-18T00:00:00.000Z,אריתראה,1,0,1
2021-06-18T00:00:00.000Z,אקואדור,0,1,1
2021-06-18T00:00:00.000Z,אסטוניה,1,3,4
2021-06-18T00:00:00.000Z,אנגולה,4,0,4
2021-06-18T00:00:00.000Z,אלגיריה,2,0,2
2021-06-18T00:00:00.000Z,אלבניה,1,0,1
2021-06-18T00:00:00.000Z,אירלנד,3,1,4
2021-06-18T00:00:00.000Z,איסלנד,9,1,10
2021-06-18T00:00:00.000Z,אינדונזיה,2,0,2
2021-06-18T00:00:00.000Z,איי סיישל,1,0,1
2021-06-18T00:00:00.000Z,איי טורקס וקייקוס,2,1,3
2021-06-18T00:00:00.000Z,איטליה,208,63,271
2021-06-18T00:00:00.000Z,אזרביג'אן,17,1,18
2021-06-18T00:00:00.000Z,אורגוואי,0,3,3
2021-06-18T00:00:00.000Z,ספרד,114,34,148
2021-06-18T00:00:00.000Z,סלובניה,0,1,1
2021-06-18T00:00:00.000Z,סינגפור,1,0,1
2021-06-18T00:00:00.000Z,נפאל,0,2,2
2021-06-18T00:00:00.000Z,איחוד האמירויות הערב,218,34,252
2021-06-18T00:00:00.000Z,יפן,1,5,6
2021-06-19T00:00:00.000Z,נמיביה,2,0,2
2021-06-19T00:00:00.000Z,ניו זילנד,1,0,1
2021-06-19T00:00:00.000Z,ניגריה,13,0,13
2021-06-19T00:00:00.000Z,נורבגיה,0,2,2
2021-06-19T00:00:00.000Z,מרוקו,0,1,1
2021-06-19T00:00:00.000Z,מקסיקו,1,3,4
2021-06-19T00:00:00.000Z,מצרים,737,56,793
2021-06-19T00:00:00.000Z,מלדיבים,9,0,9
2021-06-19T00:00:00.000Z,מונטנגרו,1,2,3
2021-06-19T00:00:00.000Z,מולדובה,6,1,7
2021-06-19T00:00:00.000Z,מוזמביק,5,0,5
2021-06-19T00:00:00.000Z,ליטא,13,2,15
2021-06-19T00:00:00.000Z,לטביה,1,0,1
2021-06-19T00:00:00.000Z,לוכסמבורג,1,0,1
2021-06-19T00:00:00.000Z,כלל המדינות,4276,2480,6756
2021-06-19T00:00:00.000Z,ירדן,0,8,8
2021-06-19T00:00:00.000Z,יוון,818,30,848
2021-06-19T00:00:00.000Z,טנזניה,5,3,8
2021-06-19T00:00:00.000Z,הולנד,86,21,107
2021-06-19T00:00:00.000Z,הונג קונג,0,1,1
2021-06-19T00:00:00.000Z,הונגריה,2,0,2
2021-06-19T00:00:00.000Z,הממלכה המאוחדת,55,59,114
2021-06-19T00:00:00.000Z,זימבאבווה,1,0,1
2021-06-19T00:00:00.000Z,זמביה,3,4,7
2021-06-19T00:00:00.000Z,חוף השנהב,2,2,4
2021-06-19T00:00:00.000Z,טוגו,1,0,1
2021-06-19T00:00:00.000Z,טיוואן,1,0,1
2021-06-19T00:00:00.000Z,פיליפינים,1,14,15
2021-06-19T00:00:00.000Z,איחוד האמירויות הערב,16,9,25
2021-06-19T00:00:00.000Z,אוגנדה,2,0,2
2021-06-19T00:00:00.000Z,אוזבקיסטן,1,4,5
2021-06-19T00:00:00.000Z,אוסטריה,161,18,179
2021-06-19T00:00:00.000Z,אוסטרליה,2,0,2
2021-06-19T00:00:00.000Z,אוקראינה,3,1,4
2021-06-19T00:00:00.000Z,אזרביג'אן,14,0,14
2021-06-19T00:00:00.000Z,איטליה,41,12,53
2021-06-19T00:00:00.000Z,איסלנד,54,0,54
2021-06-19T00:00:00.000Z,אירלנד,0,3,3
2021-06-19T00:00:00.000Z,אלבניה,0,1,1
2021-06-19T00:00:00.000Z,אסטוניה,1,2,3
2021-06-19T00:00:00.000Z,אקואדור,0,1,1
2021-06-19T00:00:00.000Z,ארגנטינה,0,1,1
2021-06-19T00:00:00.000Z,ארצות הברית,443,994,1437
2021-06-19T00:00:00.000Z,אתיופיה,14,10,24
2021-06-19T00:00:00.000Z,בולגריה,5,0,5
2021-06-19T00:00:00.000Z,בורונדי,1,0,1
2021-06-19T00:00:00.000Z,בילורוסיה,1,0,1
2021-06-19T00:00:00.000Z,בלגיה,4,2,6
2021-06-19T00:00:00.000Z,גאורגיה,79,14,93
2021-06-19T00:00:00.000Z,גאנה,3,3,6
2021-06-19T00:00:00.000Z,גרמניה,182,51,233
2021-06-19T00:00:00.000Z,דנמרק,18,4,22
2021-06-19T00:00:00.000Z,דרום אפריקה,1,7,8
2021-06-19T00:00:00.000Z,דרום סודאן,1,0,1
2021-06-19T00:00:00.000Z,האנטילים ההולנדים,2,0,2
2021-06-19T00:00:00.000Z,הודו,0,1,1
2021-06-19T00:00:00.000Z,תורכמניסטאן,4,2,6
2021-06-19T00:00:00.000Z,תורכיה,457,120,577
2021-06-19T00:00:00.000Z,תאילנד,0,5,5
2021-06-19T00:00:00.000Z,שוויץ,38,13,51
2021-06-19T00:00:00.000Z,שוודיה,6,5,11
2021-06-19T00:00:00.000Z,רומניה,102,9,111
2021-06-19T00:00:00.000Z,רואנדה,2,0,2
2021-06-19T00:00:00.000Z,קרואטיה,8,0,8
2021-06-19T00:00:00.000Z,קפריסין,319,16,335
2021-06-19T00:00:00.000Z,קניה,5,1,6
2021-06-19T00:00:00.000Z,קנדה,0,4,4
2021-06-19T00:00:00.000Z,קמרון,0,2,2
2021-06-19T00:00:00.000Z,קזחסטאן,3,2,5
2021-06-19T00:00:00.000Z,קוריאה הדרומית,3,0,3
2021-06-19T00:00:00.000Z,קוסטה ריקה,3,2,5
2021-06-19T00:00:00.000Z,קולומביה,3,1,4
2021-06-19T00:00:00.000Z,צרפת,69,39,108
2021-06-19T00:00:00.000Z,צ'ילה,1,0,1
2021-06-19T00:00:00.000Z,פרו,0,5,5
2021-06-19T00:00:00.000Z,פנמה,1,0,1
2021-06-19T00:00:00.000Z,פינלנד,6,1,7
2021-06-19T00:00:00.000Z,פורטוגל,16,4,20
2021-06-19T00:00:00.000Z,פולין,107,11,118
2021-06-19T00:00:00.000Z,סרי לנקה (צילון),0,1,1
2021-06-19T00:00:00.000Z,סרביה,7,2,9
2021-06-19T00:00:00.000Z,ספרד,36,9,45
2021-06-19T00:00:00.000Z,סלובניה,3,0,3
2021-06-19T00:00:00.000Z,סינגפור,0,5,5
2021-06-20T00:00:00.000Z,יוון,3182,119,3301
2021-06-20T00:00:00.000Z,תורכמניסטאן,9,1,10
2021-06-20T00:00:00.000Z,שוויץ,99,56,155
2021-06-20T00:00:00.000Z,שוודיה,7,1,8
2021-06-20T00:00:00.000Z,רוסיה,88,98,186
2021-06-20T00:00:00.000Z,רומניה,9,3,12
2021-06-20T00:00:00.000Z,קרואטיה,13,0,13
2021-06-20T00:00:00.000Z,קפריסין,746,36,782
2021-06-20T00:00:00.000Z,קנדה,9,110,119
2021-06-20T00:00:00.000Z,קזחסטאן,0,8,8
2021-06-20T00:00:00.000Z,קוריאה הדרומית,1,0,1
2021-06-20T00:00:00.000Z,קוסטה ריקה,3,2,5
2021-06-20T00:00:00.000Z,צרפת,281,235,516
2021-06-20T00:00:00.000Z,צכיה,73,6,79
2021-06-20T00:00:00.000Z,פנמה,2,0,2
2021-06-20T00:00:00.000Z,פינלנד,1,1,2
2021-06-20T00:00:00.000Z,פיליפינים,0,7,7
2021-06-20T00:00:00.000Z,פורטוגל,21,1,22
2021-06-20T00:00:00.000Z,פולין,48,1,49
2021-06-20T00:00:00.000Z,סרביה,1,0,1
2021-06-20T00:00:00.000Z,ספרד,80,30,110
2021-06-20T00:00:00.000Z,סנגל,2,0,2
2021-06-20T00:00:00.000Z,סלובניה,0,3,3
2021-06-20T00:00:00.000Z,סינגפור,0,7,7
2021-06-20T00:00:00.000Z,סין,0,1,1
2021-06-20T00:00:00.000Z,ניגריה,0,4,4
2021-06-20T00:00:00.000Z,נורבגיה,1,0,1
2021-06-20T00:00:00.000Z,מרוקו,0,1,1
2021-06-20T00:00:00.000Z,מקסיקו,2,1,3
2021-06-20T00:00:00.000Z,מצרים,935,94,1029
2021-06-20T00:00:00.000Z,מלדיבים,7,1,8
2021-06-20T00:00:00.000Z,מונטנגרו,2,0,2
2021-06-20T00:00:00.000Z,מולדובה,132,74,206
2021-06-20T00:00:00.000Z,מאוריציוס,1,0,1
2021-06-20T00:00:00.000Z,ליטא,2,3,5
2021-06-20T00:00:00.000Z,כלל המדינות,11847,5039,16886
2021-06-20T00:00:00.000Z,ירדן,124,52,176
2021-06-20T00:00:00.000Z,יפן,1,9,10
2021-06-20T00:00:00.000Z,תאילנד,1,6,7
2021-06-20T00:00:00.000Z,טנזניה,1,0,1
2021-06-20T00:00:00.000Z,טיוואן,1,0,1
2021-06-20T00:00:00.000Z,ונצואלה,0,1,1
2021-06-20T00:00:00.000Z,ויטנאם,0,2,2
2021-06-20T00:00:00.000Z,הממלכה המאוחדת,318,336,654
2021-06-20T00:00:00.000Z,הונגריה,197,44,241
2021-06-20T00:00:00.000Z,הונג קונג,1,1,2
2021-06-20T00:00:00.000Z,הולנד,154,26,180
2021-06-20T00:00:00.000Z,דרום אפריקה,1,0,1
2021-06-20T00:00:00.000Z,דנמרק,14,6,20
2021-06-20T00:00:00.000Z,גרמניה,288,118,406
2021-06-20T00:00:00.000Z,גיברלטר,1,0,1
2021-06-20T00:00:00.000Z,גווטאמלה,1,0,1
2021-06-20T00:00:00.000Z,גאנה,2,0,2
2021-06-20T00:00:00.000Z,גאורגיה,652,18,670
2021-06-20T00:00:00.000Z,ברזיל,2,2,4
2021-06-20T00:00:00.000Z,בלגיה,57,44,101
2021-06-20T00:00:00.000Z,בילורוסיה,140,16,156
2021-06-20T00:00:00.000Z,בוסניה הרצגובינה,5,2,7
2021-06-20T00:00:00.000Z,בולגריה,549,28,577
2021-06-20T00:00:00.000Z,ארצות הברית,495,785,1280
2021-06-20T00:00:00.000Z,ארמניה,2,2,4
2021-06-20T00:00:00.000Z,אנטיגואה וברבודה,2,0,2
2021-06-20T00:00:00.000Z,אירלנד,0,1,1
2021-06-20T00:00:00.000Z,איסלנד,14,0,14
2021-06-20T00:00:00.000Z,איי קייפ וורדה,1,0,1
2021-06-20T00:00:00.000Z,איי סיישל,132,9,141
2021-06-20T00:00:00.000Z,איי טורקס וקייקוס,2,0,2
2021-06-20T00:00:00.000Z,איטליה,169,32,201
2021-06-20T00:00:00.000Z,אזרביג'אן,1,3,4
2021-06-20T00:00:00.000Z,אורגוואי,0,2,2
2021-06-20T00:00:00.000Z,אוקראינה,235,157,392
2021-06-20T00:00:00.000Z,אוסטרליה,1,6,7
2021-06-20T00:00:00.000Z,אוסטריה,238,15,253
2021-06-20T00:00:00.000Z,אוזבקיסטן,1,0,1
2021-06-20T00:00:00.000Z,תורכיה,830,167,997
2021-06-20T00:00:00.000Z,איחוד האמירויות הערב,212,41,253
2021-06-21T00:00:00.000Z,תורכיה,295,63,358
2021-06-21T00:00:00.000Z,תאילנד,1,1,2
2021-06-21T00:00:00.000Z,שוויץ,108,29,137
2021-06-21T00:00:00.000Z,שוודיה,7,0,7
2021-06-21T00:00:00.000Z,רוסיה,76,96,172
2021-06-21T00:00:00.000Z,רומניה,265,49,314
2021-06-21T00:00:00.000Z,רואנדה,2,0,2
2021-06-21T00:00:00.000Z,קרואטיה,10,5,15
2021-06-21T00:00:00.000Z,קפריסין,520,45,565
2021-06-21T00:00:00.000Z,קניה,9,13,22
2021-06-21T00:00:00.000Z,איחוד האמירויות הערב,412,45,457
2021-06-21T00:00:00.000Z,קמרון,1,0,1
2021-06-21T00:00:00.000Z,קירג'זסטאן,1,0,1
2021-06-21T00:00:00.000Z,קזחסטאן,0,2,2
2021-06-21T00:00:00.000Z,קוסטה ריקה,4,1,5
2021-06-21T00:00:00.000Z,קולומביה,7,2,9
2021-06-21T00:00:00.000Z,קובה,0,4,4
2021-06-21T00:00:00.000Z,צרפת,384,210,594
2021-06-21T00:00:00.000Z,צכיה,7,1,8
2021-06-21T00:00:00.000Z,צ'ילה,1,3,4
2021-06-21T00:00:00.000Z,פרו,3,2,5
2021-06-21T00:00:00.000Z,פרגוואי,0,1,1
2021-06-21T00:00:00.000Z,פנמה,3,15,18
2021-06-21T00:00:00.000Z,פינלנד,2,3,5
2021-06-21T00:00:00.000Z,פיליפינים,1,5,6
2021-06-21T00:00:00.000Z,פורטוגל,16,10,26
2021-06-21T00:00:00.000Z,פולין,41,19,60
2021-06-21T00:00:00.000Z,סרי לנקה (צילון),2,3,5
2021-06-21T00:00:00.000Z,סרביה,7,2,9
2021-06-21T00:00:00.000Z,ספרד,283,52,335
2021-06-21T00:00:00.000Z,סינגפור,0,11,11
2021-06-21T00:00:00.000Z,סין,1,0,1
2021-06-21T00:00:00.000Z,סוריה,0,1,1
2021-06-21T00:00:00.000Z,ניקרגואה,1,0,1
2021-06-21T00:00:00.000Z,ניו זילנד,0,1,1
2021-06-21T00:00:00.000Z,ניגריה,6,2,8
2021-06-21T00:00:00.000Z,ניגר,0,1,1
2021-06-21T00:00:00.000Z,נורבגיה,0,2,2
2021-06-21T00:00:00.000Z,מרוקו,3,3,6
2021-06-21T00:00:00.000Z,מקסיקו,5,12,17
2021-06-21T00:00:00.000Z,מקדוניה,1,0,1
2021-06-21T00:00:00.000Z,מצרים,635,68,703
2021-06-21T00:00:00.000Z,מלדיבים,24,0,24
2021-06-21T00:00:00.000Z,מונקו,1,0,1
2021-06-21T00:00:00.000Z,מונטנגרו,142,7,149
2021-06-21T00:00:00.000Z,מוזמביק,2,0,2
2021-06-21T00:00:00.000Z,ליטא,18,1,19
2021-06-21T00:00:00.000Z,לוכסמבורג,1,0,1
2021-06-21T00:00:00.000Z,כלל המדינות,10749,5778,16527
2021-06-21T00:00:00.000Z,ירדן,80,69,149
2021-06-21T00:00:00.000Z,יוון,2329,90,2419
2021-06-21T00:00:00.000Z,טנזניה,5,0,5
2021-06-21T00:00:00.000Z,טיוואן,0,2,2
2021-06-21T00:00:00.000Z,זימבאבווה,18,0,18
2021-06-21T00:00:00.000Z,זאיר,1,0,1
2021-06-21T00:00:00.000Z,הרפ הדומיניקנית,2,0,2
2021-06-21T00:00:00.000Z,הממלכה המאוחדת,327,215,542
2021-06-21T00:00:00.000Z,הונדורס,1,6,7
2021-06-21T00:00:00.000Z,הונגריה,98,16,114
2021-06-21T00:00:00.000Z,הונג קונג,3,0,3
2021-06-21T00:00:00.000Z,הולנד,246,34,280
2021-06-21T00:00:00.000Z,הודו,40,10,50
2021-06-21T00:00:00.000Z,דרום סודאן,2,0,2
2021-06-21T00:00:00.000Z,דרום אפריקה,1,7,8
2021-06-21T00:00:00.000Z,דרום אמריקה,0,5,5
2021-06-21T00:00:00.000Z,דנמרק,7,0,7
2021-06-21T00:00:00.000Z,גרנדה,1,0,1
2021-06-21T00:00:00.000Z,גרמניה,303,189,492
2021-06-21T00:00:00.000Z,גווטאמלה,1,0,1
2021-06-21T00:00:00.000Z,גאנה,5,8,13
2021-06-21T00:00:00.000Z,גאורגיה,685,40,725
2021-06-21T00:00:00.000Z,ברזיל,0,3,3
2021-06-21T00:00:00.000Z,בלגיה,54,43,97
2021-06-21T00:00:00.000Z,בוסניה הרצגובינה,13,2,15
2021-06-21T00:00:00.000Z,בולגריה,336,13,349
2021-06-21T00:00:00.000Z,בוטסואנה,1,0,1
2021-06-21T00:00:00.000Z,אתיופיה,29,42,71
2021-06-21T00:00:00.000Z,ארצות הברית,868,1506,2374
2021-06-21T00:00:00.000Z,ארגנטינה,1,0,1
2021-06-21T00:00:00.000Z,אקואדור,2,1,3
2021-06-21T00:00:00.000Z,אסטוניה,0,1,1
2021-06-21T00:00:00.000Z,אלבניה,40,0,40
2021-06-21T00:00:00.000Z,אירלנד,3,1,4
2021-06-21T00:00:00.000Z,איסלנד,26,0,26
2021-06-21T00:00:00.000Z,איי סיישל,14,4,18
2021-06-21T00:00:00.000Z,איי טורקס וקייקוס,7,0,7
2021-06-21T00:00:00.000Z,איטליה,327,66,393
2021-06-21T00:00:00.000Z,אזרביג'אן,1,0,1
2021-06-21T00:00:00.000Z,אורגוואי,1,1,2
2021-06-21T00:00:00.000Z,אוקראינה,126,86,212
2021-06-21T00:00:00.000Z,אוסטרליה,0,1,1
2021-06-21T00:00:00.000Z,אוסטריה,201,38,239
2021-06-21T00:00:00.000Z,אוזבקיסטן,25,73,98
2021-06-21T00:00:00.000Z,אוגנדה,1,1,2
2021-06-21T00:00:00.000Z,תורכמניסטאן,12,1,13
2021-06-21T00:00:00.000Z,קנדה,1,7,8
2021-06-22T00:00:00.000Z,תורכיה,597,189,786
2021-06-22T00:00:00.000Z,תוניסיה,2,0,2
2021-06-22T00:00:00.000Z,תאילנד,0,2,2
2021-06-22T00:00:00.000Z,שוויץ,9,4,13
2021-06-22T00:00:00.000Z,שוודיה,0,6,6
2021-06-22T00:00:00.000Z,רוסיה,14,33,47
2021-06-22T00:00:00.000Z,רומניה,3,0,3
2021-06-22T00:00:00.000Z,קרואטיה,16,0,16
2021-06-22T00:00:00.000Z,קפריסין,351,30,381
2021-06-22T00:00:00.000Z,קניה,2,3,5
2021-06-22T00:00:00.000Z,קנדה,0,3,3
2021-06-22T00:00:00.000Z,קמרון,1,0,1
2021-06-22T00:00:00.000Z,קירג'זסטאן,4,0,4
2021-06-22T00:00:00.000Z,קוריאה הדרומית,1,0,1
2021-06-22T00:00:00.000Z,קוסטה ריקה,13,1,14
2021-06-22T00:00:00.000Z,קולומביה,0,1,1
2021-06-22T00:00:00.000Z,צרפת,287,143,430
2021-06-22T00:00:00.000Z,צכיה,3,0,3
2021-06-22T00:00:00.000Z,צ'ילה,0,28,28
2021-06-22T00:00:00.000Z,פנמה,3,0,3
2021-06-22T00:00:00.000Z,פינלנד,1,0,1
2021-06-22T00:00:00.000Z,פיליפינים,0,19,19
2021-06-22T00:00:00.000Z,פורטוגל,11,6,17
2021-06-22T00:00:00.000Z,פולין,152,40,192
2021-06-22T00:00:00.000Z,עירק,2,2,4
2021-06-22T00:00:00.000Z,סרי לנקה (צילון),0,3,3
2021-06-22T00:00:00.000Z,סרביה,1,0,1
2021-06-22T00:00:00.000Z,ספרד,48,40,88
2021-06-22T00:00:00.000Z,סלובניה,3,0,3
2021-06-22T00:00:00.000Z,סוריה,6,0,6
2021-06-22T00:00:00.000Z,ניגריה,2,4,6
2021-06-22T00:00:00.000Z,נורבגיה,0,1,1
2021-06-22T00:00:00.000Z,מרוקו,0,3,3
2021-06-22T00:00:00.000Z,מקסיקו,1,12,13
2021-06-22T00:00:00.000Z,מצרים,327,45,372
2021-06-22T00:00:00.000Z,מלדיבים,6,0,6
2021-06-22T00:00:00.000Z,מולדובה,65,38,103
2021-06-22T00:00:00.000Z,ליטא,8,1,9
2021-06-22T00:00:00.000Z,לטביה,20,24,44
2021-06-22T00:00:00.000Z,לבנון,0,1,1
2021-06-22T00:00:00.000Z,כלל המדינות,6065,4876,10941
2021-06-22T00:00:00.000Z,ירדן,36,22,58
2021-06-22T00:00:00.000Z,יפן,1,1,2
2021-06-22T00:00:00.000Z,יוון,979,77,1056
2021-06-22T00:00:00.000Z,טנזניה,1,3,4
2021-06-22T00:00:00.000Z,טוגו,1,0,1
2021-06-22T00:00:00.000Z,זמביה,0,5,5
2021-06-22T00:00:00.000Z,ויטנאם,3,0,3
2021-06-22T00:00:00.000Z,הרפ הדומיניקנית,3,0,3
2021-06-22T00:00:00.000Z,הממלכה המאוחדת,177,195,372
2021-06-22T00:00:00.000Z,הונדורס,0,24,24
2021-06-22T00:00:00.000Z,הונגריה,45,18,63
2021-06-22T00:00:00.000Z,הולנד,106,10,116
2021-06-22T00:00:00.000Z,האנטילים ההולנדים,1,0,1
2021-06-22T00:00:00.000Z,דרום סודאן,1,0,1
2021-06-22T00:00:00.000Z,דרום אפריקה,1,2,3
2021-06-22T00:00:00.000Z,דנמרק,2,0,2
2021-06-22T00:00:00.000Z,גרמניה,327,65,392
2021-06-22T00:00:00.000Z,גאורגיה,222,14,236
2021-06-22T00:00:00.000Z,ברזיל,2,21,23
2021-06-22T00:00:00.000Z,בלגיה,71,61,132
2021-06-22T00:00:00.000Z,בילורוסיה,67,67,134
2021-06-22T00:00:00.000Z,בוסניה הרצגובינה,2,1,3
2021-06-22T00:00:00.000Z,בוליביה,1,0,1
2021-06-22T00:00:00.000Z,בולגריה,219,12,231
2021-06-22T00:00:00.000Z,אתיופיה,6,6,12
2021-06-22T00:00:00.000Z,ארצות הברית,779,1351,2130
2021-06-22T00:00:00.000Z,ארמניה,1,0,1
2021-06-22T00:00:00.000Z,ארגנטינה,2,10,12
2021-06-22T00:00:00.000Z,אסטוניה,4,2,6
2021-06-22T00:00:00.000Z,אלבניה,3,0,3
2021-06-22T00:00:00.000Z,אירלנד,0,1,1
2021-06-22T00:00:00.000Z,איסלנד,25,0,25
2021-06-22T00:00:00.000Z,איי הבתולה,0,2,2
2021-06-22T00:00:00.000Z,איטליה,99,12,111
2021-06-22T00:00:00.000Z,אזרביג'אן,1,6,7
2021-06-22T00:00:00.000Z,אורגוואי,2,3,5
2021-06-22T00:00:00.000Z,אוקראינה,75,54,129
2021-06-22T00:00:00.000Z,אוסטריה,6,2,8
2021-06-22T00:00:00.000Z,תורכמניסטאן,2,3,5
2021-06-22T00:00:00.000Z,איחוד האמירויות הערב,105,18,123
2021-06-22T00:00:00.000Z,אוגנדה,1,0,1
2021-06-23T00:00:00.000Z,פרגוואי,3,0,3
2021-06-23T00:00:00.000Z,אוגנדה,4,4,8
2021-06-23T00:00:00.000Z,לוכסמבורג,0,2,2
2021-06-23T00:00:00.000Z,כלל המדינות,6071,5902,11973
2021-06-23T00:00:00.000Z,ירדן,98,37,135
2021-06-23T00:00:00.000Z,יוון,552,45,597
2021-06-23T00:00:00.000Z,טנזניה,142,2,144
2021-06-23T00:00:00.000Z,זמביה,0,1,1
2021-06-23T00:00:00.000Z,זימבאבווה,0,1,1
2021-06-23T00:00:00.000Z,ונצואלה,0,2,2
2021-06-23T00:00:00.000Z,ויטנאם,0,1,1
2021-06-23T00:00:00.000Z,הרפ הדומיניקנית,2,0,2
2021-06-23T00:00:00.000Z,הממלכה המאוחדת,217,241,458
2021-06-23T00:00:00.000Z,הונגריה,63,28,91
2021-06-23T00:00:00.000Z,הונג קונג,1,3,4
2021-06-23T00:00:00.000Z,הולנד,102,29,131
2021-06-23T00:00:00.000Z,האנטילים ההולנדים,2,0,2
2021-06-23T00:00:00.000Z,דרום אפריקה,3,1,4
2021-06-23T00:00:00.000Z,דרום אמריקה,0,1,1
2021-06-23T00:00:00.000Z,דנמרק,4,4,8
2021-06-23T00:00:00.000Z,גרנדה,1,0,1
2021-06-23T00:00:00.000Z,גרמניה,208,93,301
2021-06-23T00:00:00.000Z,תורכמניסטאן,9,6,15
2021-06-23T00:00:00.000Z,תורכיה,542,272,814
2021-06-23T00:00:00.000Z,תוניסיה,3,2,5
2021-06-23T00:00:00.000Z,תאילנד,0,3,3
2021-06-23T00:00:00.000Z,שוויץ,115,31,146
2021-06-23T00:00:00.000Z,שוודיה,7,2,9
2021-06-23T00:00:00.000Z,רוסיה,50,42,92
2021-06-23T00:00:00.000Z,רומניה,250,59,309
2021-06-23T00:00:00.000Z,רואנדה,1,0,1
2021-06-23T00:00:00.000Z,קרואטיה,2,0,2
2021-06-23T00:00:00.000Z,קפריסין,340,29,369
2021-06-23T00:00:00.000Z,קניה,5,0,5
2021-06-23T00:00:00.000Z,קנדה,23,112,135
2021-06-23T00:00:00.000Z,קזחסטאן,1,2,3
2021-06-23T00:00:00.000Z,קוריאה הדרומית,1,12,13
2021-06-23T00:00:00.000Z,קוסטה ריקה,5,0,5
2021-06-23T00:00:00.000Z,קוסובו,1,0,1
2021-06-23T00:00:00.000Z,קולומביה,1,0,1
2021-06-23T00:00:00.000Z,צרפת,228,196,424
2021-06-23T00:00:00.000Z,צכיה,5,4,9
2021-06-23T00:00:00.000Z,לטביה,2,0,2
2021-06-23T00:00:00.000Z,פנמה,8,0,8
2021-06-23T00:00:00.000Z,פינלנד,10,5,15
2021-06-23T00:00:00.000Z,פיליפינים,0,3,3
2021-06-23T00:00:00.000Z,פורטוגל,5,5,10
2021-06-23T00:00:00.000Z,פולין,78,12,90
2021-06-23T00:00:00.000Z,ערב הסעודית,0,1,1
2021-06-23T00:00:00.000Z,סרביה,3,2,5
2021-06-23T00:00:00.000Z,ספרד,81,25,106
2021-06-23T00:00:00.000Z,סלובניה,5,1,6
2021-06-23T00:00:00.000Z,סינגפור,2,5,7
2021-06-23T00:00:00.000Z,סין,4,12,16
2021-06-23T00:00:00.000Z,נפאל,2,0,2
2021-06-23T00:00:00.000Z,ניגריה,8,0,8
2021-06-23T00:00:00.000Z,מרוקו,4,5,9
2021-06-23T00:00:00.000Z,מקסיקו,3,5,8
2021-06-23T00:00:00.000Z,מקדוניה,2,0,2
2021-06-23T00:00:00.000Z,מצרים,211,63,274
2021-06-23T00:00:00.000Z,מלדיבים,24,3,27
2021-06-23T00:00:00.000Z,מונטנגרו,171,2,173
2021-06-23T00:00:00.000Z,גאנה,2,10,12
2021-06-23T00:00:00.000Z,גאורגיה,228,19,247
2021-06-23T00:00:00.000Z,ברזיל,1,12,13
2021-06-23T00:00:00.000Z,בלגיה,3,2,5
2021-06-23T00:00:00.000Z,בילורוסיה,29,14,43
2021-06-23T00:00:00.000Z,איחוד האמירויות הערב,153,26,179
2021-06-23T00:00:00.000Z,בוליביה,1,0,1
2021-06-23T00:00:00.000Z,בולגריה,160,27,187
2021-06-23T00:00:00.000Z,אתיופיה,10,2,12
2021-06-23T00:00:00.000Z,ארצות הברית,773,1462,2235
2021-06-23T00:00:00.000Z,ארמניה,1,0,1
2021-06-23T00:00:00.000Z,אלבניה,2,1,3
2021-06-23T00:00:00.000Z,איסלנד,1,0,1
2021-06-23T00:00:00.000Z,איי סיישל,39,2,41
2021-06-23T00:00:00.000Z,איטליה,54,15,69
2021-06-23T00:00:00.000Z,אזרביג'אן,3,4,7
2021-06-23T00:00:00.000Z,אורגוואי,0,1,1
2021-06-23T00:00:00.000Z,אוקראינה,119,321,440
2021-06-23T00:00:00.000Z,אוסטרליה,2,2,4
2021-06-23T00:00:00.000Z,אוסטריה,171,44,215
2021-06-23T00:00:00.000Z,אוזבקיסטן,1,1,2
2021-06-24T00:00:00.000Z,תורכמניסטאן,4,0,4
2021-06-24T00:00:00.000Z,גווטאמלה,1,2,3
2021-06-24T00:00:00.000Z,אזרביג'אן,5,1,6
2021-06-24T00:00:00.000Z,פולין,70,8,78
2021-06-24T00:00:00.000Z,ערב הסעודית,1,0,1
2021-06-24T00:00:00.000Z,סרביה,12,3,15
2021-06-24T00:00:00.000Z,ספרד,133,44,177
2021-06-24T00:00:00.000Z,סלובניה,2,0,2
2021-06-24T00:00:00.000Z,סין,1,1,2
2021-06-24T00:00:00.000Z,סווזילנד,1,0,1
2021-06-24T00:00:00.000Z,סודן,0,1,1
2021-06-24T00:00:00.000Z,ניו זילנד,1,0,1
2021-06-24T00:00:00.000Z,ניגריה,7,6,13
2021-06-24T00:00:00.000Z,ניגר,1,1,2
2021-06-24T00:00:00.000Z,מרוקו,7,1,8
2021-06-24T00:00:00.000Z,מקסיקו,1,3,4
2021-06-24T00:00:00.000Z,מצרים,348,54,402
2021-06-24T00:00:00.000Z,מלטה,0,1,1
2021-06-24T00:00:00.000Z,מלדיבים,25,2,27
2021-06-24T00:00:00.000Z,מולדובה,93,71,164
2021-06-24T00:00:00.000Z,מאלי,0,2,2
2021-06-24T00:00:00.000Z,ליטא,8,0,8
2021-06-24T00:00:00.000Z,לבנון,0,1,1
2021-06-24T00:00:00.000Z,כלל המדינות,10079,7203,17282
2021-06-24T00:00:00.000Z,ירדן,59,73,132
2021-06-24T00:00:00.000Z,יוון,2135,172,2307
2021-06-24T00:00:00.000Z,אוגנדה,7,0,7
2021-06-24T00:00:00.000Z,איחוד האמירויות הערב,125,26,151
2021-06-24T00:00:00.000Z,טנזניה,7,1,8
2021-06-24T00:00:00.000Z,טיוואן,1,0,1
2021-06-24T00:00:00.000Z,טוגו,3,0,3
2021-06-24T00:00:00.000Z,טג'יקיסטאן,2,0,2
2021-06-24T00:00:00.000Z,חוף השנהב,4,1,5
2021-06-24T00:00:00.000Z,זאיר,1,0,1
2021-06-24T00:00:00.000Z,הרפ הדומיניקנית,2,0,2
2021-06-24T00:00:00.000Z,הממלכה המאוחדת,321,257,578
2021-06-24T00:00:00.000Z,הונגריה,241,15,256
2021-06-24T00:00:00.000Z,הונג קונג,1,0,1
2021-06-24T00:00:00.000Z,הולנד,78,30,108
2021-06-24T00:00:00.000Z,האיטי,1,0,1
2021-06-24T00:00:00.000Z,דרום אפריקה,4,13,17
2021-06-24T00:00:00.000Z,דנמרק,9,4,13
2021-06-24T00:00:00.000Z,גרמניה,180,82,262
2021-06-24T00:00:00.000Z,גינאה המשוונית,1,1,2
2021-06-24T00:00:00.000Z,גויאנה הצרפתית,1,0,1
2021-06-24T00:00:00.000Z,פורטוגל,12,8,20
2021-06-24T00:00:00.000Z,תורכיה,692,228,920
2021-06-24T00:00:00.000Z,תאילנד,4,264,268
2021-06-24T00:00:00.000Z,שוויץ,75,32,107
2021-06-24T00:00:00.000Z,שוודיה,10,6,16
2021-06-24T00:00:00.000Z,רוסיה,68,133,201
2021-06-24T00:00:00.000Z,רומניה,58,17,75
2021-06-24T00:00:00.000Z,רואנדה,1,1,2
2021-06-24T00:00:00.000Z,קרואטיה,7,1,8
2021-06-24T00:00:00.000Z,קפריסין,606,132,738
2021-06-24T00:00:00.000Z,קניה,19,2,21
2021-06-24T00:00:00.000Z,קנדה,0,2,2
2021-06-24T00:00:00.000Z,קמרון,0,1,1
2021-06-24T00:00:00.000Z,קירג'זסטאן,3,0,3
2021-06-24T00:00:00.000Z,קזחסטאן,5,4,9
2021-06-24T00:00:00.000Z,קוריאה הדרומית,1,0,1
2021-06-24T00:00:00.000Z,קוסטה ריקה,4,1,5
2021-06-24T00:00:00.000Z,קונגו,2,0,2
2021-06-24T00:00:00.000Z,קולומביה,0,7,7
2021-06-24T00:00:00.000Z,צרפת,420,234,654
2021-06-24T00:00:00.000Z,צכיה,78,16,94
2021-06-24T00:00:00.000Z,פרו,8,2,10
2021-06-24T00:00:00.000Z,פנמה,1,5,6
2021-06-24T00:00:00.000Z,פלאו,1,0,1
2021-06-24T00:00:00.000Z,פינלנד,2,2,4
2021-06-24T00:00:00.000Z,פיליפינים,0,26,26
2021-06-24T00:00:00.000Z,גבון,2,0,2
2021-06-24T00:00:00.000Z,גאנה,7,5,12
2021-06-24T00:00:00.000Z,גאורגיה,799,43,842
2021-06-24T00:00:00.000Z,ברזיל,3,0,3
2021-06-24T00:00:00.000Z,בלגיה,58,79,137
2021-06-24T00:00:00.000Z,בילורוסיה,58,31,89
2021-06-24T00:00:00.000Z,בוסניה הרצגובינה,2,0,2
2021-06-24T00:00:00.000Z,בוליביה,2,0,2
2021-06-24T00:00:00.000Z,בולגריה,440,25,465
2021-06-24T00:00:00.000Z,אתיופיה,23,3,26
2021-06-24T00:00:00.000Z,ארצות הברית,830,1417,2247
2021-06-24T00:00:00.000Z,ארמניה,3,3,6
2021-06-24T00:00:00.000Z,ארגנטינה,2,3,5
2021-06-24T00:00:00.000Z,אלבניה,59,6,65
2021-06-24T00:00:00.000Z,אל סלבדור,1,0,1
2021-06-24T00:00:00.000Z,אירלנד,1,0,1
2021-06-24T00:00:00.000Z,איסלנד,39,0,39
2021-06-24T00:00:00.000Z,איי טורקס וקייקוס,2,1,3
2021-06-24T00:00:00.000Z,איטליה,280,59,339
2021-06-24T00:00:00.000Z,אוקראינה,175,232,407
2021-06-24T00:00:00.000Z,אוסטרליה,1,1,2
2021-06-24T00:00:00.000Z,אוסטריה,188,48,236
2021-06-24T00:00:00.000Z,אוזבקיסטן,2,1,3
2021-06-25T00:00:00.000Z,ירדן,0,12,12
2021-06-25T00:00:00.000Z,איחוד האמירויות הערב,222,23,245
2021-06-25T00:00:00.000Z,תורכיה,874,237,1111
2021-06-25T00:00:00.000Z,תאילנד,2,13,15
2021-06-25T00:00:00.000Z,שוויץ,150,52,202
2021-06-25T00:00:00.000Z,שוודיה,4,4,8
2021-06-25T00:00:00.000Z,אוזבקיסטן,2,0,2
2021-06-25T00:00:00.000Z,אוסטריה,364,41,405
2021-06-25T00:00:00.000Z,אוסטרליה,1,3,4
2021-06-25T00:00:00.000Z,אוקראינה,145,120,265
2021-06-25T00:00:00.000Z,אורגוואי,0,9,9
2021-06-25T00:00:00.000Z,אזרביג'אן,5,0,5
2021-06-25T00:00:00.000Z,איטליה,271,38,309
2021-06-25T00:00:00.000Z,איי טורקס וקייקוס,0,1,1
2021-06-25T00:00:00.000Z,איי סיישל,1,0,1
2021-06-25T00:00:00.000Z,איסלנד,19,0,19
2021-06-25T00:00:00.000Z,אירלנד,1,0,1
2021-06-25T00:00:00.000Z,אל סלבדור,1,1,2
2021-06-25T00:00:00.000Z,אנגולה,2,0,2
2021-06-25T00:00:00.000Z,ארמניה,3,5,8
2021-06-25T00:00:00.000Z,ארצות הברית,1103,1131,2234
2021-06-25T00:00:00.000Z,בולגריה,172,15,187
2021-06-25T00:00:00.000Z,בוסניה הרצגובינה,1,0,1
2021-06-25T00:00:00.000Z,בילורוסיה,31,15,46
2021-06-25T00:00:00.000Z,בלגיה,102,38,140
2021-06-25T00:00:00.000Z,ברזיל,0,1,1
2021-06-25T00:00:00.000Z,גאורגיה,845,72,917
2021-06-25T00:00:00.000Z,גאנה,4,0,4
2021-06-25T00:00:00.000Z,גווטאמלה,1,0,1
2021-06-25T00:00:00.000Z,גמביה,2,0,2
2021-06-25T00:00:00.000Z,גרמניה,396,127,523
2021-06-25T00:00:00.000Z,דנמרק,11,4,15
2021-06-25T00:00:00.000Z,הודו,4,0,4
2021-06-25T00:00:00.000Z,הולנד,225,30,255
2021-06-25T00:00:00.000Z,הונגריה,428,30,458
2021-06-25T00:00:00.000Z,הממלכה המאוחדת,244,142,386
2021-06-25T00:00:00.000Z,הרפ הדומיניקנית,3,0,3
2021-06-25T00:00:00.000Z,ונצואלה,1,1,2
2021-06-25T00:00:00.000Z,טנזניה,2,0,2
2021-06-25T00:00:00.000Z,יוון,1465,117,1582
2021-06-25T00:00:00.000Z,תורכמניסטאן,5,2,7
2021-06-25T00:00:00.000Z,כלל המדינות,9905,4723,14628
2021-06-25T00:00:00.000Z,לטביה,1,0,1
2021-06-25T00:00:00.000Z,ליטא,27,5,32
2021-06-25T00:00:00.000Z,מאוריציוס,6,0,6
2021-06-25T00:00:00.000Z,מאלי,2,0,2
2021-06-25T00:00:00.000Z,מונטנגרו,119,9,128
2021-06-25T00:00:00.000Z,מלדיבים,25,2,27
2021-06-25T00:00:00.000Z,מלטה,2,0,2
2021-06-25T00:00:00.000Z,מצרים,239,49,288
2021-06-25T00:00:00.000Z,מקדוניה,0,1,1
2021-06-25T00:00:00.000Z,מקסיקו,5,0,5
2021-06-25T00:00:00.000Z,מרוקו,8,0,8
2021-06-25T00:00:00.000Z,נורבגיה,0,1,1
2021-06-25T00:00:00.000Z,ניגריה,10,0,10
2021-06-25T00:00:00.000Z,ניו זילנד,0,1,1
2021-06-25T00:00:00.000Z,נפאל,1,2,3
2021-06-25T00:00:00.000Z,סודן,1,0,1
2021-06-25T00:00:00.000Z,סוריה,3,1,4
2021-06-25T00:00:00.000Z,סין,8,196,204
2021-06-25T00:00:00.000Z,סלובניה,5,0,5
2021-06-25T00:00:00.000Z,סנגל,2,0,2
2021-06-25T00:00:00.000Z,ספרד,119,33,152
2021-06-25T00:00:00.000Z,סרביה,22,8,30
2021-06-25T00:00:00.000Z,פולין,109,37,146
2021-06-25T00:00:00.000Z,פורטוגל,27,1,28
2021-06-25T00:00:00.000Z,פיליפינים,0,1,1
2021-06-25T00:00:00.000Z,פינלנד,5,4,9
2021-06-25T00:00:00.000Z,פרו,0,1,1
2021-06-25T00:00:00.000Z,צכיה,5,4,9
2021-06-25T00:00:00.000Z,צרפת,231,75,306
2021-06-25T00:00:00.000Z,קולומביה,1,0,1
2021-06-25T00:00:00.000Z,קוסטה ריקה,5,5,10
2021-06-25T00:00:00.000Z,קוריאה הדרומית,1,0,1
2021-06-25T00:00:00.000Z,קטר,1,0,1
2021-06-25T00:00:00.000Z,קנדה,16,60,76
2021-06-25T00:00:00.000Z,קפריסין,513,107,620
2021-06-25T00:00:00.000Z,קרואטיה,16,1,17
2021-06-25T00:00:00.000Z,רומניה,191,66,257
2021-06-25T00:00:00.000Z,רוסיה,109,49,158
2021-06-26T00:00:00.000Z,רוסיה,4,2,6
2021-06-26T00:00:00.000Z,שוודיה,5,8,13
2021-06-26T00:00:00.000Z,שוויץ,46,11,57
2021-06-26T00:00:00.000Z,תאילנד,3,0,3
2021-06-26T00:00:00.000Z,תורכיה,660,96,756
2021-06-26T00:00:00.000Z,תורכמניסטאן,6,2,8
2021-06-26T00:00:00.000Z,אירלנד,4,7,11
2021-06-26T00:00:00.000Z,אל סלבדור,0,1,1
2021-06-26T00:00:00.000Z,אלבניה,1,0,1
2021-06-26T00:00:00.000Z,אנגולה,1,0,1
2021-06-26T00:00:00.000Z,ארגנטינה,1,0,1
2021-06-26T00:00:00.000Z,ארמניה,4,1,5
2021-06-26T00:00:00.000Z,ארצות הברית,448,965,1413
2021-06-26T00:00:00.000Z,אתיופיה,29,10,39
2021-06-26T00:00:00.000Z,בולגריה,6,0,6
2021-06-26T00:00:00.000Z,איחוד האמירויות הערב,88,25,113
2021-06-26T00:00:00.000Z,בוסניה הרצגובינה,1,0,1
2021-06-26T00:00:00.000Z,בורקינה פאסו,1,0,1
2021-06-26T00:00:00.000Z,בלגיה,2,2,4
2021-06-26T00:00:00.000Z,גאורגיה,128,7,135
2021-06-26T00:00:00.000Z,גאנה,7,5,12
2021-06-26T00:00:00.000Z,גרמניה,200,70,270
2021-06-26T00:00:00.000Z,דנמרק,6,9,15
2021-06-26T00:00:00.000Z,דרום אפריקה,0,14,14
2021-06-26T00:00:00.000Z,יוון,982,55,1037
2021-06-26T00:00:00.000Z,אוגנדה,0,3,3
2021-06-26T00:00:00.000Z,אוסטריה,211,32,243
2021-06-26T00:00:00.000Z,אוסטרליה,0,1,1
2021-06-26T00:00:00.000Z,אוקראינה,4,2,6
2021-06-26T00:00:00.000Z,אזרביג'אן,6,0,6
2021-06-26T00:00:00.000Z,איטליה,57,12,69
2021-06-26T00:00:00.000Z,איי מרשל,1,0,1
2021-06-26T00:00:00.000Z,איי סיישל,2,0,2
2021-06-26T00:00:00.000Z,דרום סודאן,2,0,2
2021-06-26T00:00:00.000Z,הולנד,181,17,198
2021-06-26T00:00:00.000Z,הונג קונג,0,2,2
2021-06-26T00:00:00.000Z,הונגריה,84,5,89
2021-06-26T00:00:00.000Z,הממלכה המאוחדת,46,49,95
2021-06-26T00:00:00.000Z,הרפ הדומיניקנית,2,0,2
2021-06-26T00:00:00.000Z,זאיר,1,0,1
2021-06-26T00:00:00.000Z,זמביה,2,0,2
2021-06-26T00:00:00.000Z,חוף השנהב,3,2,5
2021-06-26T00:00:00.000Z,טנזניה,2,4,6
2021-06-26T00:00:00.000Z,איסלנד,67,2,69
2021-06-26T00:00:00.000Z,יפן,1,2,3
2021-06-26T00:00:00.000Z,ירדן,0,8,8
2021-06-26T00:00:00.000Z,כלל המדינות,4959,2846,7805
2021-06-26T00:00:00.000Z,לוכסמבורג,2,8,10
2021-06-26T00:00:00.000Z,לטביה,3,1,4
2021-06-26T00:00:00.000Z,ליטא,15,1,16
2021-06-26T00:00:00.000Z,מאלי,2,0,2
2021-06-26T00:00:00.000Z,מונטנגרו,2,0,2
2021-06-26T00:00:00.000Z,מלדיבים,20,2,22
2021-06-26T00:00:00.000Z,מצרים,593,96,689
2021-06-26T00:00:00.000Z,מרוקו,2,0,2
2021-06-26T00:00:00.000Z,נורבגיה,0,6,6
2021-06-26T00:00:00.000Z,ניגריה,4,14,18
2021-06-26T00:00:00.000Z,נמיביה,0,4,4
2021-06-26T00:00:00.000Z,סין,0,5,5
2021-06-26T00:00:00.000Z,סינגפור,1,9,10
2021-06-26T00:00:00.000Z,ספרד,8,3,11
2021-06-26T00:00:00.000Z,סרביה,3,2,5
2021-06-26T00:00:00.000Z,פולין,123,10,133
2021-06-26T00:00:00.000Z,פורטו ריקו,0,3,3
2021-06-26T00:00:00.000Z,פורטוגל,25,1,26
2021-06-26T00:00:00.000Z,פיליפינים,1,7,8
2021-06-26T00:00:00.000Z,פינלנד,4,1,5
2021-06-26T00:00:00.000Z,פנמה,1,0,1
2021-06-26T00:00:00.000Z,צכיה,4,5,9
2021-06-26T00:00:00.000Z,צרפת,93,24,117
2021-06-26T00:00:00.000Z,קולומביה,0,1,1
2021-06-26T00:00:00.000Z,קוסטה ריקה,3,11,14
2021-06-26T00:00:00.000Z,קוריאה הדרומית,2,4,6
2021-06-26T00:00:00.000Z,קמרון,0,1,1
2021-06-26T00:00:00.000Z,קנדה,0,2,2
2021-06-26T00:00:00.000Z,קניה,8,8,16
2021-06-26T00:00:00.000Z,קפריסין,293,28,321
2021-06-26T00:00:00.000Z,קרואטיה,8,0,8
2021-06-26T00:00:00.000Z,רואנדה,2,1,3
2021-06-26T00:00:00.000Z,רומניה,122,21,143
2021-06-27T00:00:00.000Z,פנמה,7,0,7
2021-06-27T00:00:00.000Z,בלגיה,68,42,110
2021-06-27T00:00:00.000Z,אוגנדה,0,1,1
2021-06-27T00:00:00.000Z,אוזבקיסטן,3,4,7
2021-06-27T00:00:00.000Z,אוסטריה,139,13,152
2021-06-27T00:00:00.000Z,אוסטרליה,0,2,2
2021-06-27T00:00:00.000Z,אוקראינה,347,139,486
2021-06-27T00:00:00.000Z,אורגוואי,2,2,4
2021-06-27T00:00:00.000Z,אזרביג'אן,5,1,6
2021-06-27T00:00:00.000Z,איטליה,176,16,192
2021-06-27T00:00:00.000Z,איי טורקס וקייקוס,2,1,3
2021-06-27T00:00:00.000Z,איי סיישל,100,8,108
2021-06-27T00:00:00.000Z,אינדונזיה,2,0,2
2021-06-27T00:00:00.000Z,איסלנד,11,2,13
2021-06-27T00:00:00.000Z,אירלנד,3,6,9
2021-06-27T00:00:00.000Z,אלבניה,1,0,1
2021-06-27T00:00:00.000Z,ארגנטינה,1,1,2
2021-06-27T00:00:00.000Z,ארמניה,0,1,1
2021-06-27T00:00:00.000Z,ארצות הברית,500,896,1396
2021-06-27T00:00:00.000Z,אתיופיה,1,0,1
2021-06-27T00:00:00.000Z,בולגריה,668,32,700
2021-06-27T00:00:00.000Z,בוליביה,3,0,3
2021-06-27T00:00:00.000Z,בוסניה הרצגובינה,1,0,1
2021-06-27T00:00:00.000Z,בחריין,0,1,1
2021-06-27T00:00:00.000Z,איחוד האמירויות הערב,167,39,206
2021-06-27T00:00:00.000Z,בילורוסיה,117,25,142
2021-06-27T00:00:00.000Z,תורכמניסטאן,17,2,19
2021-06-27T00:00:00.000Z,תורכיה,1309,385,1694
2021-06-27T00:00:00.000Z,תאילנד,0,1,1
2021-06-27T00:00:00.000Z,שוויץ,155,50,205
2021-06-27T00:00:00.000Z,שוודיה,4,12,16
2021-06-27T00:00:00.000Z,רוסיה,73,140,213
2021-06-27T00:00:00.000Z,רומניה,7,2,9
2021-06-27T00:00:00.000Z,קרואטיה,12,1,13
2021-06-27T00:00:00.000Z,קפריסין,1072,80,1152
2021-06-27T00:00:00.000Z,קנדה,9,95,104
2021-06-27T00:00:00.000Z,קמבודיה,1,0,1
2021-06-27T00:00:00.000Z,קירג'זסטאן,4,1,5
2021-06-27T00:00:00.000Z,קטר,3,0,3
2021-06-27T00:00:00.000Z,קזחסטאן,2,0,2
2021-06-27T00:00:00.000Z,קוריאה הדרומית,4,1,5
2021-06-27T00:00:00.000Z,קוסטה ריקה,8,1,9
2021-06-27T00:00:00.000Z,צרפת,376,260,636
2021-06-27T00:00:00.000Z,צכיה,133,21,154
2021-06-27T00:00:00.000Z,ברזיל,2,8,10
2021-06-27T00:00:00.000Z,פינלנד,5,0,5
2021-06-27T00:00:00.000Z,פיליפינים,1,6,7
2021-06-27T00:00:00.000Z,פורטוגל,23,2,25
2021-06-27T00:00:00.000Z,פולין,63,3,66
2021-06-27T00:00:00.000Z,ערב הסעודית,0,2,2
2021-06-27T00:00:00.000Z,סרביה,7,0,7
2021-06-27T00:00:00.000Z,ספרד,95,29,124
2021-06-27T00:00:00.000Z,סנגל,2,0,2
2021-06-27T00:00:00.000Z,סלובניה,6,0,6
2021-06-27T00:00:00.000Z,סינגפור,0,1,1
2021-06-27T00:00:00.000Z,סיירה ליאונה,2,0,2
2021-06-27T00:00:00.000Z,נפאל,0,4,4
2021-06-27T00:00:00.000Z,ניגריה,3,0,3
2021-06-27T00:00:00.000Z,נורבגיה,1,3,4
2021-06-27T00:00:00.000Z,מרוקו,3,1,4
2021-06-27T00:00:00.000Z,מקסיקו,1,1,2
2021-06-27T00:00:00.000Z,מקדוניה,2,0,2
2021-06-27T00:00:00.000Z,מצרים,1016,110,1126
2021-06-27T00:00:00.000Z,מלטה,1,0,1
2021-06-27T00:00:00.000Z,מלדיבים,15,4,19
2021-06-27T00:00:00.000Z,מונטנגרו,6,0,6
2021-06-27T00:00:00.000Z,מולדובה,74,33,107
2021-06-27T00:00:00.000Z,מוזמביק,2,0,2
2021-06-27T00:00:00.000Z,ליטא,3,2,5
2021-06-27T00:00:00.000Z,לטביה,3,1,4
2021-06-27T00:00:00.000Z,לוכסמבורג,0,1,1
2021-06-27T00:00:00.000Z,כלל המדינות,13406,5865,19271
2021-06-27T00:00:00.000Z,ירדן,140,44,184
2021-06-27T00:00:00.000Z,יפן,0,1,1
2021-06-27T00:00:00.000Z,יוון,3189,153,3342
2021-06-27T00:00:00.000Z,טנזניה,2,0,2
2021-06-27T00:00:00.000Z,חוף השנהב,1,0,1
2021-06-27T00:00:00.000Z,הרפ הדומיניקנית,2,0,2
2021-06-27T00:00:00.000Z,הממלכה המאוחדת,372,206,578
2021-06-27T00:00:00.000Z,הונגריה,256,44,300
2021-06-27T00:00:00.000Z,הונג קונג,2,1,3
2021-06-27T00:00:00.000Z,הולנד,257,31,288
2021-06-27T00:00:00.000Z,הודו,0,1,1
2021-06-27T00:00:00.000Z,דרום אפריקה,0,6,6
2021-06-27T00:00:00.000Z,דנמרק,18,3,21
2021-06-27T00:00:00.000Z,גרמניה,304,107,411
2021-06-27T00:00:00.000Z,גווטאמלה,2,0,2
2021-06-27T00:00:00.000Z,גאורגיה,743,39,782
2021-06-28T00:00:00.000Z,אוסטריה,370,44,414
2021-06-28T00:00:00.000Z,אוסטרליה,0,1,1
2021-06-28T00:00:00.000Z,אוקראינה,347,185,532
2021-06-28T00:00:00.000Z,אורגוואי,6,0,6
2021-06-28T00:00:00.000Z,אזרביג'אן,3,6,9
2021-06-28T00:00:00.000Z,איטליה,347,59,406
2021-06-28T00:00:00.000Z,איי טורקס וקייקוס,2,2,4
2021-06-28T00:00:00.000Z,איי סיישל,38,2,40
2021-06-28T00:00:00.000Z,איסלנד,35,6,41
2021-06-28T00:00:00.000Z,אירלנד,4,5,9
2021-06-28T00:00:00.000Z,אלבניה,1,0,1
2021-06-28T00:00:00.000Z,אסטוניה,1,0,1
2021-06-28T00:00:00.000Z,אקואדור,0,3,3
2021-06-28T00:00:00.000Z,ארגנטינה,1,0,1
2021-06-28T00:00:00.000Z,ארמניה,4,0,4
2021-06-28T00:00:00.000Z,ארצות הברית,781,1643,2424
2021-06-28T00:00:00.000Z,אתיופיה,19,16,35
2021-06-28T00:00:00.000Z,בוטסואנה,2,0,2
2021-06-28T00:00:00.000Z,בולגריה,249,11,260
2021-06-28T00:00:00.000Z,בלגיה,35,49,84
2021-06-28T00:00:00.000Z,ברזיל,0,2,2
2021-06-28T00:00:00.000Z,גאורגיה,906,44,950
2021-06-28T00:00:00.000Z,גאנה,0,5,5
2021-06-28T00:00:00.000Z,גרמניה,334,188,522
2021-06-28T00:00:00.000Z,דנמרק,15,14,29
2021-06-28T00:00:00.000Z,דרום אמריקה,1,0,1
2021-06-28T00:00:00.000Z,דרום אפריקה,5,3,8
2021-06-28T00:00:00.000Z,הודו,34,17,51
2021-06-28T00:00:00.000Z,הולנד,274,37,311
2021-06-28T00:00:00.000Z,הונג קונג,0,1,1
2021-06-28T00:00:00.000Z,הונגריה,253,15,268
2021-06-28T00:00:00.000Z,הממלכה המאוחדת,360,175,535
2021-06-28T00:00:00.000Z,הרפ הדומיניקנית,2,0,2
2021-06-28T00:00:00.000Z,שוודיה,7,1,8
2021-06-28T00:00:00.000Z,שוויץ,122,38,160
2021-06-28T00:00:00.000Z,יוון,2580,152,2732
2021-06-28T00:00:00.000Z,תאילנד,1,1,2
2021-06-28T00:00:00.000Z,איחוד האמירויות הערב,217,35,252
2021-06-28T00:00:00.000Z,זאיר,2,5,7
2021-06-28T00:00:00.000Z,טיוואן,0,2,2
2021-06-28T00:00:00.000Z,טנזניה,8,1,9
2021-06-28T00:00:00.000Z,תוניסיה,0,2,2
2021-06-28T00:00:00.000Z,תורכיה,661,208,869
2021-06-28T00:00:00.000Z,תורכמניסטאן,4,0,4
2021-06-28T00:00:00.000Z,קניה,0,1,1
2021-06-28T00:00:00.000Z,קפריסין,627,69,696
2021-06-28T00:00:00.000Z,קרואטיה,7,6,13
2021-06-28T00:00:00.000Z,רואנדה,1,1,2
2021-06-28T00:00:00.000Z,רומניה,409,54,463
2021-06-28T00:00:00.000Z,רוסיה,108,75,183
2021-06-28T00:00:00.000Z,אוגנדה,1,0,1
2021-06-28T00:00:00.000Z,אוזבקיסטן,44,64,108
2021-06-28T00:00:00.000Z,קירג'זסטאן,1,0,1
2021-06-28T00:00:00.000Z,קזחסטאן,0,3,3
2021-06-28T00:00:00.000Z,קוסטה ריקה,4,2,6
2021-06-28T00:00:00.000Z,קונגו,2,0,2
2021-06-28T00:00:00.000Z,קולומביה,7,5,12
2021-06-28T00:00:00.000Z,קובה,0,7,7
2021-06-28T00:00:00.000Z,צרפת,387,177,564
2021-06-28T00:00:00.000Z,צכיה,11,0,11
2021-06-28T00:00:00.000Z,פנמה,1,11,12
2021-06-28T00:00:00.000Z,פינלנד,4,5,9
2021-06-28T00:00:00.000Z,פיליפינים,0,17,17
2021-06-28T00:00:00.000Z,פורטוגל,19,2,21
2021-06-28T00:00:00.000Z,פולין,51,16,67
2021-06-28T00:00:00.000Z,עירק,0,4,4
2021-06-28T00:00:00.000Z,סרי לנקה (צילון),1,3,4
2021-06-28T00:00:00.000Z,סרביה,6,2,8
2021-06-28T00:00:00.000Z,ספרד,260,49,309
2021-06-28T00:00:00.000Z,סלובניה,10,16,26
2021-06-28T00:00:00.000Z,סינגפור,3,4,7
2021-06-28T00:00:00.000Z,סין,0,4,4
2021-06-28T00:00:00.000Z,סוריה,0,2,2
2021-06-28T00:00:00.000Z,נמיביה,4,1,5
2021-06-28T00:00:00.000Z,ניגריה,1,1,2
2021-06-28T00:00:00.000Z,מרוקו,3,2,5
2021-06-28T00:00:00.000Z,מקסיקו,0,5,5
2021-06-28T00:00:00.000Z,מצרים,573,81,654
2021-06-28T00:00:00.000Z,מלטה,1,0,1
2021-06-28T00:00:00.000Z,מלדיבים,22,0,22
2021-06-28T00:00:00.000Z,מונטנגרו,236,14,250
2021-06-28T00:00:00.000Z,מולדובה,4,3,7
2021-06-28T00:00:00.000Z,מוזמביק,0,1,1
2021-06-28T00:00:00.000Z,מאלי,2,0,2
2021-06-28T00:00:00.000Z,מאוריציוס,1,0,1
2021-06-28T00:00:00.000Z,ליטא,10,2,12
2021-06-28T00:00:00.000Z,לבנון,0,2,2
2021-06-28T00:00:00.000Z,כלל המדינות,12231,6736,18967
2021-06-28T00:00:00.000Z,ירדן,30,42,72
2021-06-28T00:00:00.000Z,יפן,1,2,3
2021-06-28T00:00:00.000Z,קנדה,1,1,2
2021-06-29T00:00:00.000Z,מונטנגרו,3,0,3
2021-06-29T00:00:00.000Z,טנזניה,13,0,13
2021-06-29T00:00:00.000Z,תורכמניסטאן,2,0,2
2021-06-29T00:00:00.000Z,תורכיה,793,300,1093
2021-06-29T00:00:00.000Z,שוויץ,7,0,7
2021-06-29T00:00:00.000Z,שוודיה,9,1,10
2021-06-29T00:00:00.000Z,רוסיה,49,62,111
2021-06-29T00:00:00.000Z,רומניה,6,2,8
2021-06-29T00:00:00.000Z,רואנדה,1,1,2
2021-06-29T00:00:00.000Z,קרואטיה,5,2,7
2021-06-29T00:00:00.000Z,קפריסין,459,62,521
2021-06-29T00:00:00.000Z,קניה,8,1,9
2021-06-29T00:00:00.000Z,קנדה,10,125,135
2021-06-29T00:00:00.000Z,קמרון,0,1,1
2021-06-29T00:00:00.000Z,קירג'זסטאן,5,0,5
2021-06-29T00:00:00.000Z,קזחסטאן,1,4,5
2021-06-29T00:00:00.000Z,קוריאה הדרומית,1,6,7
2021-06-29T00:00:00.000Z,קוסטה ריקה,2,0,2
2021-06-29T00:00:00.000Z,קוסובו,2,1,3
2021-06-29T00:00:00.000Z,קולומביה,1,6,7
2021-06-29T00:00:00.000Z,צרפת,242,136,378
2021-06-29T00:00:00.000Z,צכיה,10,0,10
2021-06-29T00:00:00.000Z,צ'ילה,0,1,1
2021-06-29T00:00:00.000Z,פרו,3,0,3
2021-06-29T00:00:00.000Z,פרגוואי,0,1,1
2021-06-29T00:00:00.000Z,פינלנד,2,0,2
2021-06-29T00:00:00.000Z,פיליפינים,2,4,6
2021-06-29T00:00:00.000Z,פורטוגל,4,2,6
2021-06-29T00:00:00.000Z,פולין,185,16,201
2021-06-29T00:00:00.000Z,סרביה,20,3,23
2021-06-29T00:00:00.000Z,ספרד,101,21,122
2021-06-29T00:00:00.000Z,סינגפור,0,1,1
2021-06-29T00:00:00.000Z,סין,0,1,1
2021-06-29T00:00:00.000Z,סווזילנד,3,0,3
2021-06-29T00:00:00.000Z,נמיביה,2,0,2
2021-06-29T00:00:00.000Z,ניגריה,1,0,1
2021-06-29T00:00:00.000Z,ניגר,0,1,1
2021-06-29T00:00:00.000Z,נורבגיה,0,6,6
2021-06-29T00:00:00.000Z,מרוקו,0,3,3
2021-06-29T00:00:00.000Z,מקסיקו,1,5,6
2021-06-29T00:00:00.000Z,מצרים,408,76,484
2021-06-29T00:00:00.000Z,מלדיבים,4,2,6
2021-06-29T00:00:00.000Z,מלאווי,1,0,1
2021-06-29T00:00:00.000Z,איחוד האמירויות הערב,13,10,23
2021-06-29T00:00:00.000Z,מולדובה,71,37,108
2021-06-29T00:00:00.000Z,מאלי,1,0,1
2021-06-29T00:00:00.000Z,ליטא,15,2,17
2021-06-29T00:00:00.000Z,לטביה,22,10,32
2021-06-29T00:00:00.000Z,לוכסמבורג,3,2,5
2021-06-29T00:00:00.000Z,כלל המדינות,7760,5808,13568
2021-06-29T00:00:00.000Z,ירדן,38,35,73
2021-06-29T00:00:00.000Z,יפן,1,0,1
2021-06-29T00:00:00.000Z,יוון,1212,112,1324
2021-06-29T00:00:00.000Z,חוף השנהב,2,0,2
2021-06-29T00:00:00.000Z,זמביה,1,2,3
2021-06-29T00:00:00.000Z,זימבאבווה,1,0,1
2021-06-29T00:00:00.000Z,הממלכה המאוחדת,330,213,543
2021-06-29T00:00:00.000Z,הונגריה,232,21,253
2021-06-29T00:00:00.000Z,הולנד,258,15,273
2021-06-29T00:00:00.000Z,דרום אפריקה,2,0,2
2021-06-29T00:00:00.000Z,דנמרק,5,6,11
2021-06-29T00:00:00.000Z,דומיניקה,0,1,1
2021-06-29T00:00:00.000Z,גרמניה,341,161,502
2021-06-29T00:00:00.000Z,גויאנה הצרפתית,1,0,1
2021-06-29T00:00:00.000Z,גאנה,2,6,8
2021-06-29T00:00:00.000Z,גאורגיה,418,16,434
2021-06-29T00:00:00.000Z,ברזיל,3,3,6
2021-06-29T00:00:00.000Z,בליז,1,1,2
2021-06-29T00:00:00.000Z,בלגיה,94,55,149
2021-06-29T00:00:00.000Z,בילורוסיה,73,18,91
2021-06-29T00:00:00.000Z,בולגריה,333,24,357
2021-06-29T00:00:00.000Z,אתיופיה,16,10,26
2021-06-29T00:00:00.000Z,ארצות הברית,666,1668,2334
2021-06-29T00:00:00.000Z,ארמניה,0,1,1
2021-06-29T00:00:00.000Z,אסטוניה,3,0,3
2021-06-29T00:00:00.000Z,אנגולה,1,0,1
2021-06-29T00:00:00.000Z,אלבניה,37,3,40
2021-06-29T00:00:00.000Z,אירלנד,1,2,3
2021-06-29T00:00:00.000Z,איסלנד,53,3,56
2021-06-29T00:00:00.000Z,איי טורקס וקייקוס,3,1,4
2021-06-29T00:00:00.000Z,איטליה,156,32,188
2021-06-29T00:00:00.000Z,אזרביג'אן,1,1,2
2021-06-29T00:00:00.000Z,אורגוואי,0,1,1
2021-06-29T00:00:00.000Z,אוקראינה,186,70,256
2021-06-29T00:00:00.000Z,אוסטרליה,1,0,1
2021-06-29T00:00:00.000Z,אוסטריה,9,0,9
2021-06-30T00:00:00.000Z,ברזיל,1,2,3
2021-06-30T00:00:00.000Z,בלגיה,39,73,112
2021-06-30T00:00:00.000Z,בילורוסיה,37,26,63
2021-06-30T00:00:00.000Z,איחוד האמירויות הערב,211,45,256
2021-06-30T00:00:00.000Z,בוסניה הרצגובינה,2,0,2
2021-06-30T00:00:00.000Z,בולגריה,151,31,182
2021-06-30T00:00:00.000Z,אתיופיה,14,32,46
2021-06-30T00:00:00.000Z,ארצות הברית,766,1769,2535
2021-06-30T00:00:00.000Z,ארמניה,2,1,3
2021-06-30T00:00:00.000Z,ארגנטינה,0,1,1
2021-06-30T00:00:00.000Z,אפגניסטן,0,1,1
2021-06-30T00:00:00.000Z,אסטוניה,1,1,2
2021-06-30T00:00:00.000Z,אנגולה,1,0,1
2021-06-30T00:00:00.000Z,אירלנד,0,2,2
2021-06-30T00:00:00.000Z,איסלנד,1,0,1
2021-06-30T00:00:00.000Z,איי סיישל,44,4,48
2021-06-30T00:00:00.000Z,איי גילברט ואליס,0,1,1
2021-06-30T00:00:00.000Z,איטליה,46,10,56
2021-06-30T00:00:00.000Z,אזרביג'אן,10,3,13
2021-06-30T00:00:00.000Z,אורגוואי,0,6,6
2021-06-30T00:00:00.000Z,אוקראינה,225,105,330
2021-06-30T00:00:00.000Z,אוסטרליה,5,12,17
2021-06-30T00:00:00.000Z,אוסטריה,229,39,268
2021-06-30T00:00:00.000Z,אוזבקיסטן,1,1,2
2021-06-30T00:00:00.000Z,אוגנדה,0,12,12
2021-06-30T00:00:00.000Z,ונצואלה,1,1,2
2021-06-30T00:00:00.000Z,הממלכה המאוחדת,223,166,389
2021-06-30T00:00:00.000Z,הונגריה,135,17,152
2021-06-30T00:00:00.000Z,הונג קונג,1,1,2
2021-06-30T00:00:00.000Z,הולנד,218,44,262
2021-06-30T00:00:00.000Z,דרום אפריקה,2,9,11
2021-06-30T00:00:00.000Z,דרום אמריקה,1,0,1
2021-06-30T00:00:00.000Z,דנמרק,8,2,10
2021-06-30T00:00:00.000Z,גרמניה,308,185,493
2021-06-30T00:00:00.000Z,גווטאמלה,2,0,2
2021-06-30T00:00:00.000Z,גאנה,4,3,7
2021-06-30T00:00:00.000Z,גאורגיה,334,43,377
2021-06-30T00:00:00.000Z,תורכמניסטאן,12,0,12
2021-06-30T00:00:00.000Z,תורכיה,860,280,1140
2021-06-30T00:00:00.000Z,תוניסיה,1,0,1
2021-06-30T00:00:00.000Z,תאילנד,5,11,16
2021-06-30T00:00:00.000Z,שוויץ,130,52,182
2021-06-30T00:00:00.000Z,שוודיה,4,5,9
2021-06-30T00:00:00.000Z,רוסיה,54,36,90
2021-06-30T00:00:00.000Z,רומניה,396,89,485
2021-06-30T00:00:00.000Z,קרואטיה,13,5,18
2021-06-30T00:00:00.000Z,קפריסין,326,36,362
2021-06-30T00:00:00.000Z,קניה,3,4,7
2021-06-30T00:00:00.000Z,קנדה,15,152,167
2021-06-30T00:00:00.000Z,קירג'זסטאן,16,6,22
2021-06-30T00:00:00.000Z,קזחסטאן,3,2,5
2021-06-30T00:00:00.000Z,קוריאה הדרומית,1,1,2
2021-06-30T00:00:00.000Z,קוסטה ריקה,4,1,5
2021-06-30T00:00:00.000Z,קונגו,1,0,1
2021-06-30T00:00:00.000Z,קולומביה,1,2,3
2021-06-30T00:00:00.000Z,צרפת,293,295,588
2021-06-30T00:00:00.000Z,צכיה,2,3,5
2021-06-30T00:00:00.000Z,פרו,2,0,2
2021-06-30T00:00:00.000Z,פרגוואי,20,4,24
2021-06-30T00:00:00.000Z,פנמה,0,1,1
2021-06-30T00:00:00.000Z,פינלנד,4,0,4
2021-06-30T00:00:00.000Z,פיליפינים,1,1,2
2021-06-30T00:00:00.000Z,פורטוגל,30,5,35
2021-06-30T00:00:00.000Z,פולין,61,14,75
2021-06-30T00:00:00.000Z,סרי לנקה (צילון),1,1,2
2021-06-30T00:00:00.000Z,סרביה,3,3,6
2021-06-30T00:00:00.000Z,ספרד,85,52,137
2021-06-30T00:00:00.000Z,סלובניה,2,0,2
2021-06-30T00:00:00.000Z,סינגפור,0,1,1
2021-06-30T00:00:00.000Z,סין,0,12,12
2021-06-30T00:00:00.000Z,סיירה ליאונה,1,3,4
2021-06-30T00:00:00.000Z,סוריה,1,0,1
2021-06-30T00:00:00.000Z,ניגריה,2,0,2
2021-06-30T00:00:00.000Z,נורבגיה,1,3,4
2021-06-30T00:00:00.000Z,מרוקו,1,0,1
2021-06-30T00:00:00.000Z,מקסיקו,3,3,6
2021-06-30T00:00:00.000Z,מקדוניה,4,0,4
2021-06-30T00:00:00.000Z,מצרים,311,57,368
2021-06-30T00:00:00.000Z,מלטה,1,5,6
2021-06-30T00:00:00.000Z,מלדיבים,60,2,62
2021-06-30T00:00:00.000Z,מונטנגרו,171,4,175
2021-06-30T00:00:00.000Z,מולדובה,0,2,2
2021-06-30T00:00:00.000Z,לטביה,1,0,1
2021-06-30T00:00:00.000Z,לבנון,0,12,12
2021-06-30T00:00:00.000Z,כלל המדינות,7801,6534,14335
2021-06-30T00:00:00.000Z,כווית,0,1,1
2021-06-30T00:00:00.000Z,ירדן,39,33,72
2021-06-30T00:00:00.000Z,יפן,0,2,2
2021-06-30T00:00:00.000Z,יוון,798,74,872
2021-06-30T00:00:00.000Z,טנזניה,134,6,140
2021-06-30T00:00:00.000Z,טיוואן,0,2,2
2021-06-30T00:00:00.000Z,חוף השנהב,0,1,1
2021-07-01T00:00:00.000Z,פורטוגל,9,3,12
2021-07-01T00:00:00.000Z,פולין,48,3,51
2021-07-01T00:00:00.000Z,סרי לנקה (צילון),1,0,1
2021-07-01T00:00:00.000Z,סרביה,7,13,20
2021-07-01T00:00:00.000Z,ספרד,154,60,214
2021-07-01T00:00:00.000Z,סנגל,0,1,1
2021-07-01T00:00:00.000Z,סלובקיה,1,0,1
2021-07-01T00:00:00.000Z,סלובניה,4,0,4
2021-07-01T00:00:00.000Z,סינגפור,1,0,1
2021-07-01T00:00:00.000Z,סין,3,1,4
2021-07-01T00:00:00.000Z,סוריה,2,12,14
2021-07-01T00:00:00.000Z,ניגריה,6,3,9
2021-07-01T00:00:00.000Z,נורבגיה,0,4,4
2021-07-01T00:00:00.000Z,מרוקו,11,3,14
2021-07-01T00:00:00.000Z,מקסיקו,1,3,4
2021-07-01T00:00:00.000Z,מצרים,367,113,480
2021-07-01T00:00:00.000Z,מלטה,3,0,3
2021-07-01T00:00:00.000Z,מלדיבים,26,3,29
2021-07-01T00:00:00.000Z,מולדובה,105,62,167
2021-07-01T00:00:00.000Z,לסוטו,0,1,1
2021-07-01T00:00:00.000Z,ליטא,70,34,104
2021-07-01T00:00:00.000Z,לטביה,1,3,4
2021-07-01T00:00:00.000Z,לבנון,2,0,2
2021-07-01T00:00:00.000Z,כלל המדינות,10540,7306,17846
2021-07-01T00:00:00.000Z,ירדן,69,59,128
2021-07-01T00:00:00.000Z,יוון,1984,170,2154
2021-07-01T00:00:00.000Z,טנזניה,8,4,12
2021-07-01T00:00:00.000Z,טוגו,0,1,1
2021-07-01T00:00:00.000Z,חוף השנהב,2,0,2
2021-07-01T00:00:00.000Z,זמביה,6,2,8
2021-07-01T00:00:00.000Z,הממלכה המאוחדת,270,196,466
2021-07-01T00:00:00.000Z,הונגריה,132,60,192
2021-07-01T00:00:00.000Z,הונג קונג,1,0,1
2021-07-01T00:00:00.000Z,איחוד האמירויות הערב,253,45,298
2021-07-01T00:00:00.000Z,תורכמניסטאן,14,5,19
2021-07-01T00:00:00.000Z,תורכיה,1061,385,1446
2021-07-01T00:00:00.000Z,תאילנד,0,6,6
2021-07-01T00:00:00.000Z,שוויץ,133,82,215
2021-07-01T00:00:00.000Z,שוודיה,10,0,10
2021-07-01T00:00:00.000Z,רוסיה,31,43,74
2021-07-01T00:00:00.000Z,רומניה,189,69,258
2021-07-01T00:00:00.000Z,רואנדה,4,0,4
2021-07-01T00:00:00.000Z,קרואטיה,8,1,9
2021-07-01T00:00:00.000Z,קפריסין,464,116,580
2021-07-01T00:00:00.000Z,קניה,30,2,32
2021-07-01T00:00:00.000Z,קנדה,1,10,11
2021-07-01T00:00:00.000Z,קמרון,1,0,1
2021-07-01T00:00:00.000Z,קירג'זסטאן,3,0,3
2021-07-01T00:00:00.000Z,קטר,0,4,4
2021-07-01T00:00:00.000Z,קזחסטאן,1,1,2
2021-07-01T00:00:00.000Z,קוריאה הדרומית,5,1,6
2021-07-01T00:00:00.000Z,קוסטה ריקה,1,5,6
2021-07-01T00:00:00.000Z,קוסובו,1,0,1
2021-07-01T00:00:00.000Z,קולומביה,5,13,18
2021-07-01T00:00:00.000Z,צרפת,305,280,585
2021-07-01T00:00:00.000Z,צכיה,113,31,144
2021-07-01T00:00:00.000Z,צ'ילה,0,8,8
2021-07-01T00:00:00.000Z,פרו,6,0,6
2021-07-01T00:00:00.000Z,פנמה,1,4,5
2021-07-01T00:00:00.000Z,פינלנד,4,2,6
2021-07-01T00:00:00.000Z,פיליפינים,0,13,13
2021-07-01T00:00:00.000Z,הולנד,96,25,121
2021-07-01T00:00:00.000Z,הודו,1,4,5
2021-07-01T00:00:00.000Z,האיטי,1,0,1
2021-07-01T00:00:00.000Z,דרום אפריקה,2,19,21
2021-07-01T00:00:00.000Z,דנמרק,17,6,23
2021-07-01T00:00:00.000Z,גרנדה,1,0,1
2021-07-01T00:00:00.000Z,גרמניה,243,142,385
2021-07-01T00:00:00.000Z,גינאה המשוונית,0,2,2
2021-07-01T00:00:00.000Z,גינאה,3,0,3
2021-07-01T00:00:00.000Z,גווטאמלה,2,0,2
2021-07-01T00:00:00.000Z,גבון,1,0,1
2021-07-01T00:00:00.000Z,גאנה,3,1,4
2021-07-01T00:00:00.000Z,גאורגיה,825,84,909
2021-07-01T00:00:00.000Z,ברזיל,2,3,5
2021-07-01T00:00:00.000Z,בלגיה,21,65,86
2021-07-01T00:00:00.000Z,אוגנדה,1,0,1
2021-07-01T00:00:00.000Z,אוזבקיסטן,4,0,4
2021-07-01T00:00:00.000Z,אוסטריה,248,75,323
2021-07-01T00:00:00.000Z,אוסטרליה,7,2,9
2021-07-01T00:00:00.000Z,אוקראינה,189,121,310
2021-07-01T00:00:00.000Z,אזרביג'אן,20,11,31
2021-07-01T00:00:00.000Z,איטליה,292,46,338
2021-07-01T00:00:00.000Z,איי סיישל,4,3,7
2021-07-01T00:00:00.000Z,איסלנד,46,1,47
2021-07-01T00:00:00.000Z,אירלנד,1,9,10
2021-07-01T00:00:00.000Z,אלבניה,29,1,30
2021-07-01T00:00:00.000Z,אנגולה,1,1,2
2021-07-01T00:00:00.000Z,ארמניה,4,0,4
2021-07-01T00:00:00.000Z,ארצות הברית,948,1852,2800
2021-07-01T00:00:00.000Z,אתיופיה,25,8,33
2021-07-01T00:00:00.000Z,בוטסואנה,2,0,2
2021-07-01T00:00:00.000Z,בולגריה,498,67,565
2021-07-01T00:00:00.000Z,בוליביה,1,0,1
2021-07-01T00:00:00.000Z,בוסניה הרצגובינה,2,0,2
2021-07-01T00:00:00.000Z,בחריין,4,1,5
2021-07-01T00:00:00.000Z,בילורוסיה,47,18,65
2021-07-02T00:00:00.000Z,אוזבקיסטן,3,1,4
2021-07-02T00:00:00.000Z,תורכמניסטאן,4,0,4
2021-07-02T00:00:00.000Z,תאילנד,1,3,4
2021-07-02T00:00:00.000Z,שוויץ,143,111,254
2021-07-02T00:00:00.000Z,שוודיה,4,6,10
2021-07-02T00:00:00.000Z,רוסיה,107,71,178
2021-07-02T00:00:00.000Z,רומניה,214,44,258
2021-07-02T00:00:00.000Z,קרואטיה,2,0,2
2021-07-02T00:00:00.000Z,קפריסין,413,68,481
2021-07-02T00:00:00.000Z,קניה,3,2,5
2021-07-02T00:00:00.000Z,קנדה,17,142,159
2021-07-02T00:00:00.000Z,קירג'זסטאן,13,0,13
2021-07-02T00:00:00.000Z,קטר,3,0,3
2021-07-02T00:00:00.000Z,קוריאה הדרומית,1,0,1
2021-07-02T00:00:00.000Z,קוסטה ריקה,24,5,29
2021-07-02T00:00:00.000Z,קולומביה,3,5,8
2021-07-02T00:00:00.000Z,צרפת,346,197,543
2021-07-02T00:00:00.000Z,צכיה,13,6,19
2021-07-02T00:00:00.000Z,פרו,0,1,1
2021-07-02T00:00:00.000Z,פנמה,4,2,6
2021-07-02T00:00:00.000Z,פינלנד,13,42,55
2021-07-02T00:00:00.000Z,פיליפינים,0,7,7
2021-07-02T00:00:00.000Z,פורטוגל,30,5,35
2021-07-02T00:00:00.000Z,פולין,80,31,111
2021-07-02T00:00:00.000Z,סרי לנקה (צילון),1,5,6
2021-07-02T00:00:00.000Z,סרביה,7,9,16
2021-07-02T00:00:00.000Z,ספרד,213,63,276
2021-07-02T00:00:00.000Z,סינגפור,6,3,9
2021-07-02T00:00:00.000Z,סוריה,0,1,1
2021-07-02T00:00:00.000Z,ניגריה,2,0,2
2021-07-02T00:00:00.000Z,נורבגיה,0,8,8
2021-07-02T00:00:00.000Z,מרוקו,5,3,8
2021-07-02T00:00:00.000Z,מקסיקו,1,11,12
2021-07-02T00:00:00.000Z,מצרים,227,73,300
2021-07-02T00:00:00.000Z,מלטה,1,0,1
2021-07-02T00:00:00.000Z,מלדיבים,13,10,23
2021-07-02T00:00:00.000Z,מונקו,2,0,2
2021-07-02T00:00:00.000Z,מונטנגרו,148,7,155
2021-07-02T00:00:00.000Z,מולדובה,2,5,7
2021-07-02T00:00:00.000Z,ליטא,8,2,10
2021-07-02T00:00:00.000Z,לוכסמבורג,1,4,5
2021-07-02T00:00:00.000Z,כלל המדינות,8665,5125,13790
2021-07-02T00:00:00.000Z,ירדן,0,24,24
2021-07-02T00:00:00.000Z,יפן,0,1,1
2021-07-02T00:00:00.000Z,יוון,1353,101,1454
2021-07-02T00:00:00.000Z,טנזניה,1,1,2
2021-07-02T00:00:00.000Z,חוף השנהב,2,0,2
2021-07-02T00:00:00.000Z,הרפ הדומיניקנית,1,0,1
2021-07-02T00:00:00.000Z,הממלכה המאוחדת,208,121,329
2021-07-02T00:00:00.000Z,הונגריה,110,21,131
2021-07-02T00:00:00.000Z,הולנד,113,22,135
2021-07-02T00:00:00.000Z,הודו,1,0,1
2021-07-02T00:00:00.000Z,דנמרק,14,8,22
2021-07-02T00:00:00.000Z,גרמניה,422,161,583
2021-07-02T00:00:00.000Z,גמייקה,0,6,6
2021-07-02T00:00:00.000Z,גווטאמלה,2,0,2
2021-07-02T00:00:00.000Z,גאנה,1,1,2
2021-07-02T00:00:00.000Z,גאורגיה,722,52,774
2021-07-02T00:00:00.000Z,ברזיל,1,0,1
2021-07-02T00:00:00.000Z,בלגיה,107,76,183
2021-07-02T00:00:00.000Z,בילורוסיה,44,10,54
2021-07-02T00:00:00.000Z,בוסניה הרצגובינה,2,0,2
2021-07-02T00:00:00.000Z,בוליביה,1,0,1
2021-07-02T00:00:00.000Z,בולגריה,174,30,204
2021-07-02T00:00:00.000Z,אתיופיה,1,0,1
2021-07-02T00:00:00.000Z,ארצות הברית,913,1273,2186
2021-07-02T00:00:00.000Z,ארמניה,15,1,16
2021-07-02T00:00:00.000Z,ארגנטינה,0,1,1
2021-07-02T00:00:00.000Z,אקואדור,0,3,3
2021-07-02T00:00:00.000Z,אסטוניה,4,2,6
2021-07-02T00:00:00.000Z,אנגולה,2,0,2
2021-07-02T00:00:00.000Z,אלגיריה,0,1,1
2021-07-02T00:00:00.000Z,אירלנד,1,4,5
2021-07-02T00:00:00.000Z,איסלנד,14,1,15
2021-07-02T00:00:00.000Z,איטליה,281,47,328
2021-07-02T00:00:00.000Z,אזרביג'אן,1,3,4
2021-07-02T00:00:00.000Z,אורגוואי,3,2,5
2021-07-02T00:00:00.000Z,אוקראינה,320,153,473
2021-07-02T00:00:00.000Z,אוסטרליה,0,2,2
2021-07-02T00:00:00.000Z,אוסטריה,184,23,207
2021-07-02T00:00:00.000Z,תוניסיה,1,0,1
2021-07-02T00:00:00.000Z,תורכיה,708,243,951
2021-07-02T00:00:00.000Z,איחוד האמירויות הערב,88,20,108
2021-07-03T00:00:00.000Z,כלל המדינות,5684,3473,9157
2021-07-03T00:00:00.000Z,שוויץ,66,33,99
2021-07-03T00:00:00.000Z,רפ מרכז אפריקנית,0,1,1
2021-07-03T00:00:00.000Z,רוסיה,0,1,1
2021-07-03T00:00:00.000Z,רומניה,79,16,95
2021-07-03T00:00:00.000Z,רואנדה,2,1,3
2021-07-03T00:00:00.000Z,קרואטיה,20,6,26
2021-07-03T00:00:00.000Z,קפריסין,328,27,355
2021-07-03T00:00:00.000Z,קניה,8,0,8
2021-07-03T00:00:00.000Z,קירג'זסטאן,33,0,33
2021-07-03T00:00:00.000Z,קטר,0,1,1
2021-07-03T00:00:00.000Z,קוריאה הדרומית,4,0,4
2021-07-03T00:00:00.000Z,קוסטה ריקה,1,0,1
2021-07-03T00:00:00.000Z,קולומביה,0,5,5
2021-07-03T00:00:00.000Z,צרפת,91,92,183
2021-07-03T00:00:00.000Z,צכיה,8,0,8
2021-07-03T00:00:00.000Z,פנמה,1,0,1
2021-07-03T00:00:00.000Z,פינלנד,1,0,1
2021-07-03T00:00:00.000Z,פיליפינים,2,0,2
2021-07-03T00:00:00.000Z,פורטוגל,38,2,40
2021-07-03T00:00:00.000Z,פולין,122,21,143
2021-07-03T00:00:00.000Z,סרביה,6,2,8
2021-07-03T00:00:00.000Z,ספרד,22,9,31
2021-07-03T00:00:00.000Z,סלובניה,2,0,2
2021-07-03T00:00:00.000Z,סינגפור,4,7,11
2021-07-03T00:00:00.000Z,סין,0,3,3
2021-07-03T00:00:00.000Z,ניו זילנד,0,2,2
2021-07-03T00:00:00.000Z,ניגריה,2,4,6
2021-07-03T00:00:00.000Z,נורבגיה,0,9,9
2021-07-03T00:00:00.000Z,מרוקו,2,0,2
2021-07-03T00:00:00.000Z,מקסיקו,2,4,6
2021-07-03T00:00:00.000Z,מצרים,612,49,661
2021-07-03T00:00:00.000Z,מלטה,3,3,6
2021-07-03T00:00:00.000Z,מלדיבים,12,0,12
2021-07-03T00:00:00.000Z,מונטנגרו,16,0,16
2021-07-03T00:00:00.000Z,מולדובה,40,39,79
2021-07-03T00:00:00.000Z,ליטא,15,1,16
2021-07-03T00:00:00.000Z,לטביה,24,5,29
2021-07-03T00:00:00.000Z,לוכסמבורג,1,0,1
2021-07-03T00:00:00.000Z,שוודיה,9,6,15
2021-07-03T00:00:00.000Z,ירדן,0,4,4
2021-07-03T00:00:00.000Z,יוון,1232,79,1311
2021-07-03T00:00:00.000Z,טנזניה,13,3,16
2021-07-03T00:00:00.000Z,איחוד האמירויות הערב,69,15,84
2021-07-03T00:00:00.000Z,תאילנד,0,4,4
2021-07-03T00:00:00.000Z,תורכיה,1052,289,1341
2021-07-03T00:00:00.000Z,אוזבקיסטן,2,3,5
2021-07-03T00:00:00.000Z,אוסטריה,149,40,189
2021-07-03T00:00:00.000Z,אוסטרליה,0,4,4
2021-07-03T00:00:00.000Z,אוקראינה,132,55,187
2021-07-03T00:00:00.000Z,אזרביג'אן,9,4,13
2021-07-03T00:00:00.000Z,איטליה,115,44,159
2021-07-03T00:00:00.000Z,איי סיישל,2,0,2
2021-07-03T00:00:00.000Z,איסלנד,27,0,27
2021-07-03T00:00:00.000Z,אירלנד,1,4,5
2021-07-03T00:00:00.000Z,אנגולה,1,0,1
2021-07-03T00:00:00.000Z,אסטוניה,2,1,3
2021-07-03T00:00:00.000Z,ארמניה,2,0,2
2021-07-03T00:00:00.000Z,ארצות הברית,339,898,1237
2021-07-03T00:00:00.000Z,טיוואן,0,1,1
2021-07-03T00:00:00.000Z,חוף השנהב,4,0,4
2021-07-03T00:00:00.000Z,זאיר,2,1,3
2021-07-03T00:00:00.000Z,הממלכה המאוחדת,84,84,168
2021-07-03T00:00:00.000Z,הונדורס,0,1,1
2021-07-03T00:00:00.000Z,הונגריה,64,23,87
2021-07-03T00:00:00.000Z,הונג קונג,0,2,2
2021-07-03T00:00:00.000Z,הולנד,187,31,218
2021-07-03T00:00:00.000Z,דרום אפריקה,5,7,12
2021-07-03T00:00:00.000Z,דרום אמריקה,0,1,1
2021-07-03T00:00:00.000Z,דנמרק,11,10,21
2021-07-03T00:00:00.000Z,גרמניה,272,134,406
2021-07-03T00:00:00.000Z,גינאה,0,2,2
2021-07-03T00:00:00.000Z,גווטאמלה,2,0,2
2021-07-03T00:00:00.000Z,גאנה,4,0,4
2021-07-03T00:00:00.000Z,גאורגיה,7,0,7
2021-07-03T00:00:00.000Z,ברזיל,0,3,3
2021-07-03T00:00:00.000Z,בולגריה,1,0,1
2021-07-03T00:00:00.000Z,אתיופיה,15,11,26
2021-07-04T00:00:00.000Z,הממלכה המאוחדת,319,177,496
2021-07-04T00:00:00.000Z,ונצואלה,2,0,2
2021-07-04T00:00:00.000Z,זאיר,1,0,1
2021-07-04T00:00:00.000Z,זימבאבווה,0,1,1
2021-07-04T00:00:00.000Z,זמביה,1,0,1
2021-07-04T00:00:00.000Z,טיוואן,1,0,1
2021-07-04T00:00:00.000Z,טנזניה,1,0,1
2021-07-04T00:00:00.000Z,יוון,3258,205,3463
2021-07-04T00:00:00.000Z,יפן,2,2,4
2021-07-04T00:00:00.000Z,ירדן,123,76,199
2021-07-04T00:00:00.000Z,כלל המדינות,13233,6407,19640
2021-07-04T00:00:00.000Z,לבנון,0,6,6
2021-07-04T00:00:00.000Z,לוכסמבורג,0,1,1
2021-07-04T00:00:00.000Z,ליטא,1,0,1
2021-07-04T00:00:00.000Z,מאוריציוס,1,0,1
2021-07-04T00:00:00.000Z,מאלי,2,0,2
2021-07-04T00:00:00.000Z,מולדובה,75,39,114
2021-07-04T00:00:00.000Z,מונטנגרו,0,1,1
2021-07-04T00:00:00.000Z,מלדיבים,14,3,17
2021-07-04T00:00:00.000Z,מלטה,8,0,8
2021-07-04T00:00:00.000Z,מצרים,761,96,857
2021-07-04T00:00:00.000Z,מקסיקו,2,5,7
2021-07-04T00:00:00.000Z,מרוקו,0,20,20
2021-07-04T00:00:00.000Z,נורבגיה,3,0,3
2021-07-04T00:00:00.000Z,ניגריה,3,3,6
2021-07-04T00:00:00.000Z,ניו זילנד,0,2,2
2021-07-04T00:00:00.000Z,נפאל,1,0,1
2021-07-04T00:00:00.000Z,סין,1,0,1
2021-07-04T00:00:00.000Z,סלובקיה,1,9,10
2021-07-04T00:00:00.000Z,ספרד,166,45,211
2021-07-04T00:00:00.000Z,סרי לנקה (צילון),1,0,1
2021-07-04T00:00:00.000Z,פולין,47,9,56
2021-07-04T00:00:00.000Z,פורטו ריקו,0,1,1
2021-07-04T00:00:00.000Z,פורטוגל,33,7,40
2021-07-04T00:00:00.000Z,פיליפינים,2,13,15
2021-07-04T00:00:00.000Z,פינלנד,2,0,2
2021-07-04T00:00:00.000Z,פנמה,1,0,1
2021-07-04T00:00:00.000Z,פרו,0,4,4
2021-07-04T00:00:00.000Z,צ'ילה,0,2,2
2021-07-04T00:00:00.000Z,צכיה,49,9,58
2021-07-04T00:00:00.000Z,צרפת,366,289,655
2021-07-04T00:00:00.000Z,קולומביה,1,0,1
2021-07-04T00:00:00.000Z,קוסטה ריקה,6,0,6
2021-07-04T00:00:00.000Z,קוריאה הדרומית,9,6,15
2021-07-04T00:00:00.000Z,קזחסטאן,1,2,3
2021-07-04T00:00:00.000Z,קטר,1,1,2
2021-07-04T00:00:00.000Z,קנדה,16,146,162
2021-07-04T00:00:00.000Z,קניה,1,3,4
2021-07-04T00:00:00.000Z,קפריסין,1161,65,1226
2021-07-04T00:00:00.000Z,קרואטיה,22,4,26
2021-07-04T00:00:00.000Z,רואנדה,2,0,2
2021-07-04T00:00:00.000Z,רומניה,430,32,462
2021-07-04T00:00:00.000Z,רוסיה,34,71,105
2021-07-04T00:00:00.000Z,שוודיה,8,11,19
2021-07-04T00:00:00.000Z,שוויץ,169,189,358
2021-07-04T00:00:00.000Z,תאילנד,1,12,13
2021-07-04T00:00:00.000Z,תורכיה,1026,320,1346
2021-07-04T00:00:00.000Z,תורכמניסטאן,1,0,1
2021-07-04T00:00:00.000Z,איחוד האמירויות הערב,93,32,125
2021-07-04T00:00:00.000Z,אוגנדה,2,1,3
2021-07-04T00:00:00.000Z,אוסטריה,102,42,144
2021-07-04T00:00:00.000Z,אוסטרליה,0,8,8
2021-07-04T00:00:00.000Z,אוקראינה,421,244,665
2021-07-04T00:00:00.000Z,אורגוואי,0,5,5
2021-07-04T00:00:00.000Z,אזרביג'אן,8,6,14
2021-07-04T00:00:00.000Z,איטליה,364,89,453
2021-07-04T00:00:00.000Z,איי טורקס וקייקוס,2,2,4
2021-07-04T00:00:00.000Z,איי סיישל,73,9,82
2021-07-04T00:00:00.000Z,איסלנד,36,1,37
2021-07-04T00:00:00.000Z,אירלנד,3,10,13
2021-07-04T00:00:00.000Z,אלבניה,46,1,47
2021-07-04T00:00:00.000Z,אסטוניה,1,0,1
2021-07-04T00:00:00.000Z,ארגנטינה,0,1,1
2021-07-04T00:00:00.000Z,ארמניה,1,0,1
2021-07-04T00:00:00.000Z,ארצות הברית,471,845,1316
2021-07-04T00:00:00.000Z,אתיופיה,7,2,9
2021-07-04T00:00:00.000Z,בהמס,1,0,1
2021-07-04T00:00:00.000Z,בוטסואנה,1,0,1
2021-07-04T00:00:00.000Z,בולגריה,513,31,544
2021-07-04T00:00:00.000Z,בוליביה,5,0,5
2021-07-04T00:00:00.000Z,בילורוסיה,120,24,144
2021-07-04T00:00:00.000Z,בלגיה,27,33,60
2021-07-04T00:00:00.000Z,ברזיל,4,6,10
2021-07-04T00:00:00.000Z,גאורגיה,1018,59,1077
2021-07-04T00:00:00.000Z,גאנה,1,4,5
2021-07-04T00:00:00.000Z,גרמניה,352,204,556
2021-07-04T00:00:00.000Z,דנמרק,4,3,7
2021-07-04T00:00:00.000Z,דרום אפריקה,4,2,6
2021-07-04T00:00:00.000Z,הולנד,203,53,256
2021-07-04T00:00:00.000Z,הונגריה,103,80,183
2021-07-05T00:00:00.000Z,אתיופיה,14,13,27
2021-07-05T00:00:00.000Z,קובה,1,0,1
2021-07-05T00:00:00.000Z,צרפת,310,247,557
2021-07-05T00:00:00.000Z,צכיה,82,33,115
2021-07-05T00:00:00.000Z,פרו,0,2,2
2021-07-05T00:00:00.000Z,פנמה,6,6,12
2021-07-05T00:00:00.000Z,פינלנד,4,1,5
2021-07-05T00:00:00.000Z,פיליפינים,0,1,1
2021-07-05T00:00:00.000Z,פורטוגל,50,26,76
2021-07-05T00:00:00.000Z,פולינזיה הצרפתית,1,0,1
2021-07-05T00:00:00.000Z,פולין,57,7,64
2021-07-05T00:00:00.000Z,סרי לנקה (צילון),1,0,1
2021-07-05T00:00:00.000Z,סרביה,31,13,44
2021-07-05T00:00:00.000Z,ספרד,258,50,308
2021-07-05T00:00:00.000Z,סנגל,2,0,2
2021-07-05T00:00:00.000Z,סלובניה,8,0,8
2021-07-05T00:00:00.000Z,סינגפור,2,8,10
2021-07-05T00:00:00.000Z,סין,0,3,3
2021-07-05T00:00:00.000Z,ניגריה,2,0,2
2021-07-05T00:00:00.000Z,נורבגיה,0,3,3
2021-07-05T00:00:00.000Z,מרוקו,2,0,2
2021-07-05T00:00:00.000Z,מקסיקו,1,7,8
2021-07-05T00:00:00.000Z,מקדוניה,1,0,1
2021-07-05T00:00:00.000Z,מצרים,515,87,602
2021-07-05T00:00:00.000Z,מלטה,10,5,15
2021-07-05T00:00:00.000Z,מלדיבים,23,0,23
2021-07-05T00:00:00.000Z,מונקו,1,0,1
2021-07-05T00:00:00.000Z,מונטנגרו,106,8,114
2021-07-05T00:00:00.000Z,מולדובה,4,0,4
2021-07-05T00:00:00.000Z,מוזמביק,3,0,3
2021-07-05T00:00:00.000Z,מאוריציוס,1,0,1
2021-07-05T00:00:00.000Z,ליטא,3,1,4
2021-07-05T00:00:00.000Z,כלל המדינות,11330,7151,18481
2021-07-05T00:00:00.000Z,ירדן,36,36,72
2021-07-05T00:00:00.000Z,יפן,1,0,1
2021-07-05T00:00:00.000Z,יוון,2330,150,2480
2021-07-05T00:00:00.000Z,טנזניה,7,1,8
2021-07-05T00:00:00.000Z,חוף השנהב,1,0,1
2021-07-05T00:00:00.000Z,זאיר,1,0,1
2021-07-05T00:00:00.000Z,ויטנאם,0,2,2
2021-07-05T00:00:00.000Z,הרפ הדומיניקנית,2,0,2
2021-07-05T00:00:00.000Z,הממלכה המאוחדת,258,188,446
2021-07-05T00:00:00.000Z,איחוד האמירויות הערב,59,33,92
2021-07-05T00:00:00.000Z,הונגריה,58,51,109
2021-07-05T00:00:00.000Z,הולנד,122,25,147
2021-07-05T00:00:00.000Z,הודו,17,14,31
2021-07-05T00:00:00.000Z,קולומביה,7,2,9
2021-07-05T00:00:00.000Z,קוסובו,1,0,1
2021-07-05T00:00:00.000Z,קוסטה ריקה,8,7,15
2021-07-05T00:00:00.000Z,קוריאה הדרומית,1,0,1
2021-07-05T00:00:00.000Z,קוריאה הצפונית,3,2,5
2021-07-05T00:00:00.000Z,קזחסטאן,0,4,4
2021-07-05T00:00:00.000Z,קירג'זסטאן,0,1,1
2021-07-05T00:00:00.000Z,קנדה,5,8,13
2021-07-05T00:00:00.000Z,קניה,1,0,1
2021-07-05T00:00:00.000Z,קפריסין,789,84,873
2021-07-05T00:00:00.000Z,קרואטיה,28,1,29
2021-07-05T00:00:00.000Z,רומניה,312,42,354
2021-07-05T00:00:00.000Z,רוסיה,93,178,271
2021-07-05T00:00:00.000Z,שוודיה,8,6,14
2021-07-05T00:00:00.000Z,שוויץ,134,92,226
2021-07-05T00:00:00.000Z,תאילנד,0,8,8
2021-07-05T00:00:00.000Z,תורכיה,862,334,1196
2021-07-05T00:00:00.000Z,תורכמניסטאן,1,1,2
2021-07-05T00:00:00.000Z,דרום אפריקה,4,1,5
2021-07-05T00:00:00.000Z,דנמרק,17,3,20
2021-07-05T00:00:00.000Z,גרמניה,310,138,448
2021-07-05T00:00:00.000Z,גויאנה הצרפתית,1,0,1
2021-07-05T00:00:00.000Z,גווטאמלה,1,0,1
2021-07-05T00:00:00.000Z,גאורגיה,744,85,829
2021-07-05T00:00:00.000Z,אוגנדה,0,1,1
2021-07-05T00:00:00.000Z,אוזבקיסטן,30,50,80
2021-07-05T00:00:00.000Z,אוסטריה,371,45,416
2021-07-05T00:00:00.000Z,אוסטרליה,3,7,10
2021-07-05T00:00:00.000Z,אוקראינה,386,173,559
2021-07-05T00:00:00.000Z,אורגוואי,0,3,3
2021-07-05T00:00:00.000Z,אזרביג'אן,13,1,14
2021-07-05T00:00:00.000Z,איטליה,407,82,489
2021-07-05T00:00:00.000Z,איי גילברט ואליס,0,1,1
2021-07-05T00:00:00.000Z,איי טורקס וקייקוס,2,0,2
2021-07-05T00:00:00.000Z,איסלנד,59,5,64
2021-07-05T00:00:00.000Z,אירלנד,2,14,16
2021-07-05T00:00:00.000Z,אלבניה,2,0,2
2021-07-05T00:00:00.000Z,אסטוניה,2,1,3
2021-07-05T00:00:00.000Z,אקואדור,4,2,6
2021-07-05T00:00:00.000Z,ארגנטינה,1,2,3
2021-07-05T00:00:00.000Z,ארמניה,7,2,9
2021-07-05T00:00:00.000Z,ארצות הברית,672,1652,2324
2021-07-05T00:00:00.000Z,ברזיל,1,1,2
2021-07-05T00:00:00.000Z,בולגריה,504,32,536
2021-07-05T00:00:00.000Z,בוליביה,2,0,2
2021-07-05T00:00:00.000Z,בוסניה הרצגובינה,2,0,2
2021-07-05T00:00:00.000Z,בילורוסיה,47,15,62
2021-07-05T00:00:00.000Z,בלגיה,88,84,172
2021-07-06T00:00:00.000Z,אוזבקיסטן,2,0,2
2021-07-06T00:00:00.000Z,ארגנטינה,4,2,6
2021-07-06T00:00:00.000Z,תורכיה,980,485,1465
2021-07-06T00:00:00.000Z,תוניסיה,1,0,1
2021-07-06T00:00:00.000Z,שוויץ,108,46,154
2021-07-06T00:00:00.000Z,שוודיה,9,6,15
2021-07-06T00:00:00.000Z,רפ מרכז אפריקנית,1,0,1
2021-07-06T00:00:00.000Z,רוסיה,17,49,66
2021-07-06T00:00:00.000Z,רומניה,146,38,184
2021-07-06T00:00:00.000Z,רואנדה,2,0,2
2021-07-06T00:00:00.000Z,קרואטיה,12,1,13
2021-07-06T00:00:00.000Z,קפריסין,509,67,576
2021-07-06T00:00:00.000Z,קניה,1,0,1
2021-07-06T00:00:00.000Z,קנדה,0,5,5
2021-07-06T00:00:00.000Z,קירג'זסטאן,5,0,5
2021-07-06T00:00:00.000Z,קזחסטאן,2,1,3
2021-07-06T00:00:00.000Z,קוריאה הדרומית,1,1,2
2021-07-06T00:00:00.000Z,קוסטה ריקה,2,0,2
2021-07-06T00:00:00.000Z,צרפת,269,275,544
2021-07-06T00:00:00.000Z,צכיה,81,25,106
2021-07-06T00:00:00.000Z,צ'ילה,2,0,2
2021-07-06T00:00:00.000Z,פרו,3,1,4
2021-07-06T00:00:00.000Z,פנמה,4,7,11
2021-07-06T00:00:00.000Z,פינלנד,1,0,1
2021-07-06T00:00:00.000Z,פיליפינים,2,12,14
2021-07-06T00:00:00.000Z,פורטוגל,14,5,19
2021-07-06T00:00:00.000Z,פולין,168,30,198
2021-07-06T00:00:00.000Z,סרי לנקה (צילון),0,1,1
2021-07-06T00:00:00.000Z,סרביה,15,1,16
2021-07-06T00:00:00.000Z,איחוד האמירויות הערב,67,16,83
2021-07-06T00:00:00.000Z,ספרד,190,71,261
2021-07-06T00:00:00.000Z,סלובניה,1,1,2
2021-07-06T00:00:00.000Z,אירלנד,3,2,5
2021-07-06T00:00:00.000Z,איסלנד,66,1,67
2021-07-06T00:00:00.000Z,איי סיישל,2,4,6
2021-07-06T00:00:00.000Z,איטליה,217,46,263
2021-07-06T00:00:00.000Z,אזרביג'אן,14,1,15
2021-07-06T00:00:00.000Z,אורגוואי,1,1,2
2021-07-06T00:00:00.000Z,אוקראינה,184,113,297
2021-07-06T00:00:00.000Z,אוסטרליה,2,0,2
2021-07-06T00:00:00.000Z,אוסטריה,206,51,257
2021-07-06T00:00:00.000Z,תורכמניסטאן,2,0,2
2021-07-06T00:00:00.000Z,אסטוניה,3,0,3
2021-07-06T00:00:00.000Z,ניגריה,1,2,3
2021-07-06T00:00:00.000Z,נורבגיה,0,1,1
2021-07-06T00:00:00.000Z,מרוקו,4,0,4
2021-07-06T00:00:00.000Z,מקסיקו,1,4,5
2021-07-06T00:00:00.000Z,מצרים,432,112,544
2021-07-06T00:00:00.000Z,מלטה,1,1,2
2021-07-06T00:00:00.000Z,מלדיבים,6,4,10
2021-07-06T00:00:00.000Z,מולדובה,0,1,1
2021-07-06T00:00:00.000Z,מאלי,2,0,2
2021-07-06T00:00:00.000Z,ליטא,7,2,9
2021-07-06T00:00:00.000Z,לטביה,25,10,35
2021-07-06T00:00:00.000Z,כלל המדינות,8677,6519,15196
2021-07-06T00:00:00.000Z,ירדן,46,55,101
2021-07-06T00:00:00.000Z,יוון,1611,147,1758
2021-07-06T00:00:00.000Z,טנזניה,1,1,2
2021-07-06T00:00:00.000Z,חוף השנהב,0,1,1
2021-07-06T00:00:00.000Z,זמביה,2,0,2
2021-07-06T00:00:00.000Z,זאיר,0,4,4
2021-07-06T00:00:00.000Z,הרפ הדומיניקנית,1,0,1
2021-07-06T00:00:00.000Z,הממלכה המאוחדת,287,187,474
2021-07-06T00:00:00.000Z,הונגריה,103,52,155
2021-07-06T00:00:00.000Z,הונג קונג,0,2,2
2021-07-06T00:00:00.000Z,הולנד,223,64,287
2021-07-06T00:00:00.000Z,דרום אפריקה,1,0,1
2021-07-06T00:00:00.000Z,דנמרק,22,8,30
2021-07-06T00:00:00.000Z,גרמניה,379,119,498
2021-07-06T00:00:00.000Z,גיברלטר,0,3,3
2021-07-06T00:00:00.000Z,גויאנה הצרפתית,1,0,1
2021-07-06T00:00:00.000Z,גווטאמלה,0,2,2
2021-07-06T00:00:00.000Z,גאנה,2,0,2
2021-07-06T00:00:00.000Z,גאורגיה,352,28,380
2021-07-06T00:00:00.000Z,ברזיל,2,11,13
2021-07-06T00:00:00.000Z,בלגיה,3,3,6
2021-07-06T00:00:00.000Z,בילורוסיה,49,4,53
2021-07-06T00:00:00.000Z,בולגריה,335,30,365
2021-07-06T00:00:00.000Z,אתיופיה,5,5,10
2021-07-06T00:00:00.000Z,ארצות הברית,628,1760,2388
2021-07-06T00:00:00.000Z,ארמניה,1,0,1
2021-07-06T00:00:00.000Z,אלבניה,39,0,39
2021-07-07T00:00:00.000Z,מרוקו,6,4,10
2021-07-07T00:00:00.000Z,מקסיקו,5,8,13
2021-07-07T00:00:00.000Z,מקדוניה,1,1,2
2021-07-07T00:00:00.000Z,מצרים,442,168,610
2021-07-07T00:00:00.000Z,מלטה,4,0,4
2021-07-07T00:00:00.000Z,מלדיבים,12,0,12
2021-07-07T00:00:00.000Z,מונטנגרו,190,4,194
2021-07-07T00:00:00.000Z,מולדובה,53,21,74
2021-07-07T00:00:00.000Z,מדגסקר,1,0,1
2021-07-07T00:00:00.000Z,מאוריציוס,0,1,1
2021-07-07T00:00:00.000Z,ליבריה,1,0,1
2021-07-07T00:00:00.000Z,לוכסמבורג,3,0,3
2021-07-07T00:00:00.000Z,כלל המדינות,7748,6813,14561
2021-07-07T00:00:00.000Z,ירדן,67,40,107
2021-07-07T00:00:00.000Z,יפן,0,4,4
2021-07-07T00:00:00.000Z,יוון,814,92,906
2021-07-07T00:00:00.000Z,טנזניה,88,4,92
2021-07-07T00:00:00.000Z,טיוואן,0,1,1
2021-07-07T00:00:00.000Z,טג'יקיסטאן,3,0,3
2021-07-07T00:00:00.000Z,חוף השנהב,1,1,2
2021-07-07T00:00:00.000Z,זמביה,2,0,2
2021-07-07T00:00:00.000Z,זימבאבווה,0,1,1
2021-07-07T00:00:00.000Z,ונצואלה,1,11,12
2021-07-07T00:00:00.000Z,הממלכה המאוחדת,171,133,304
2021-07-07T00:00:00.000Z,הונגריה,54,54,108
2021-07-07T00:00:00.000Z,הונג קונג,0,4,4
2021-07-07T00:00:00.000Z,הולנד,175,79,254
2021-07-07T00:00:00.000Z,דרום אפריקה,3,8,11
2021-07-07T00:00:00.000Z,דנמרק,12,6,18
2021-07-07T00:00:00.000Z,גרמניה,377,173,550
2021-07-07T00:00:00.000Z,גווטאמלה,2,0,2
2021-07-07T00:00:00.000Z,גאנה,2,0,2
2021-07-07T00:00:00.000Z,גאורגיה,290,43,333
2021-07-07T00:00:00.000Z,ברזיל,1,6,7
2021-07-07T00:00:00.000Z,בלגיה,45,53,98
2021-07-07T00:00:00.000Z,בילורוסיה,27,13,40
2021-07-07T00:00:00.000Z,בחריין,2,0,2
2021-07-07T00:00:00.000Z,בוסניה הרצגובינה,3,0,3
2021-07-07T00:00:00.000Z,בולגריה,205,21,226
2021-07-07T00:00:00.000Z,בוטסואנה,1,0,1
2021-07-07T00:00:00.000Z,אתיופיה,12,1,13
2021-07-07T00:00:00.000Z,ארצות הברית,498,1441,1939
2021-07-07T00:00:00.000Z,ארמניה,2,1,3
2021-07-07T00:00:00.000Z,ארגנטינה,2,0,2
2021-07-07T00:00:00.000Z,אקואדור,1,0,1
2021-07-07T00:00:00.000Z,אסטוניה,2,1,3
2021-07-07T00:00:00.000Z,אירלנד,1,0,1
2021-07-07T00:00:00.000Z,אינדונזיה,1,0,1
2021-07-07T00:00:00.000Z,איי סיישל,93,8,101
2021-07-07T00:00:00.000Z,איטליה,260,48,308
2021-07-07T00:00:00.000Z,אזרביג'אן,19,0,19
2021-07-07T00:00:00.000Z,אורגוואי,0,1,1
2021-07-07T00:00:00.000Z,אוקראינה,257,190,447
2021-07-07T00:00:00.000Z,אוסטרליה,4,18,22
2021-07-07T00:00:00.000Z,אוסטריה,212,44,256
2021-07-07T00:00:00.000Z,אוזבקיסטן,5,0,5
2021-07-07T00:00:00.000Z,אוגנדה,1,0,1
2021-07-07T00:00:00.000Z,אבחזיסטאן,2,0,2
2021-07-07T00:00:00.000Z,איחוד האמירויות הערב,83,39,122
2021-07-07T00:00:00.000Z,תורכמניסטאן,7,2,9
2021-07-07T00:00:00.000Z,תורכיה,915,319,1234
2021-07-07T00:00:00.000Z,תאילנד,9,7,16
2021-07-07T00:00:00.000Z,שוויץ,106,30,136
2021-07-07T00:00:00.000Z,שוודיה,6,7,13
2021-07-07T00:00:00.000Z,רוסיה,40,20,60
2021-07-07T00:00:00.000Z,רומניה,298,78,376
2021-07-07T00:00:00.000Z,קרואטיה,8,2,10
2021-07-07T00:00:00.000Z,קפריסין,377,68,445
2021-07-07T00:00:00.000Z,קניה,2,0,2
2021-07-07T00:00:00.000Z,קנדה,11,156,167
2021-07-07T00:00:00.000Z,קמרון,0,3,3
2021-07-07T00:00:00.000Z,קירג'זסטאן,3,0,3
2021-07-07T00:00:00.000Z,קזחסטאן,3,2,5
2021-07-07T00:00:00.000Z,קוריאה הדרומית,1,0,1
2021-07-07T00:00:00.000Z,קוסטה ריקה,8,1,9
2021-07-07T00:00:00.000Z,קולומביה,1,1,2
2021-07-07T00:00:00.000Z,צרפת,349,489,838
2021-07-07T00:00:00.000Z,צכיה,27,6,33
2021-07-07T00:00:00.000Z,פרו,7,4,11
2021-07-07T00:00:00.000Z,פרגוואי,0,1,1
2021-07-07T00:00:00.000Z,פנמה,1,0,1
2021-07-07T00:00:00.000Z,פינלנד,4,0,4
2021-07-07T00:00:00.000Z,פיליפינים,2,11,13
2021-07-07T00:00:00.000Z,פורטוגל,39,33,72
2021-07-07T00:00:00.000Z,פולין,61,8,69
2021-07-07T00:00:00.000Z,סרי לנקה (צילון),3,4,7
2021-07-07T00:00:00.000Z,סרביה,25,7,32
2021-07-07T00:00:00.000Z,ספרד,106,36,142
2021-07-07T00:00:00.000Z,סנגל,1,0,1
2021-07-07T00:00:00.000Z,סלובקיה,2,0,2
2021-07-07T00:00:00.000Z,סלובניה,74,11,85
2021-07-07T00:00:00.000Z,סינגפור,0,9,9
2021-07-07T00:00:00.000Z,סין,3,10,13
2021-07-07T00:00:00.000Z,סוריה,1,6,7
2021-07-07T00:00:00.000Z,ניו זילנד,1,0,1
2021-07-07T00:00:00.000Z,ניגריה,7,0,7
2021-07-07T00:00:00.000Z,נורבגיה,1,5,6
2021-07-08T00:00:00.000Z,אורגוואי,2,0,2
2021-07-08T00:00:00.000Z,נורבגיה,2,0,2
2021-07-08T00:00:00.000Z,מצרים,525,169,694
2021-07-08T00:00:00.000Z,מלטה,1,0,1
2021-07-08T00:00:00.000Z,מלדיבים,14,3,17
2021-07-08T00:00:00.000Z,מולדובה,78,33,111
2021-07-08T00:00:00.000Z,מאוריציוס,1,0,1
2021-07-08T00:00:00.000Z,לסוטו,1,0,1
2021-07-08T00:00:00.000Z,ליטא,38,7,45
2021-07-08T00:00:00.000Z,לטביה,2,1,3
2021-07-08T00:00:00.000Z,לבנון,0,1,1
2021-07-08T00:00:00.000Z,כלל המדינות,11971,8172,20143
2021-07-08T00:00:00.000Z,ירדן,144,62,206
2021-07-08T00:00:00.000Z,יפן,0,1,1
2021-07-08T00:00:00.000Z,יוון,2426,293,2719
2021-07-08T00:00:00.000Z,טנזניה,13,2,15
2021-07-08T00:00:00.000Z,טיוואן,0,4,4
2021-07-08T00:00:00.000Z,חוף השנהב,0,1,1
2021-07-08T00:00:00.000Z,זמביה,6,1,7
2021-07-08T00:00:00.000Z,זאיר,2,1,3
2021-07-08T00:00:00.000Z,ויטנאם,1,1,2
2021-07-08T00:00:00.000Z,הרפ הדומיניקנית,1,0,1
2021-07-08T00:00:00.000Z,הממלכה המאוחדת,488,255,743
2021-07-08T00:00:00.000Z,הונגריה,86,60,146
2021-07-08T00:00:00.000Z,הולנד,171,50,221
2021-07-08T00:00:00.000Z,דרום אפריקה,1,2,3
2021-07-08T00:00:00.000Z,דרום אמריקה,0,1,1
2021-07-08T00:00:00.000Z,דנמרק,26,9,35
2021-07-08T00:00:00.000Z,גרמניה,316,118,434
2021-07-08T00:00:00.000Z,גווטאמלה,1,0,1
2021-07-08T00:00:00.000Z,גאורגיה,775,90,865
2021-07-08T00:00:00.000Z,ברזיל,5,11,16
2021-07-08T00:00:00.000Z,בלגיה,48,22,70
2021-07-08T00:00:00.000Z,בילורוסיה,52,53,105
2021-07-08T00:00:00.000Z,בוליביה,1,1,2
2021-07-08T00:00:00.000Z,בולגריה,420,58,478
2021-07-08T00:00:00.000Z,אתיופיה,28,7,35
2021-07-08T00:00:00.000Z,ארצות הברית,818,1765,2583
2021-07-08T00:00:00.000Z,ארמניה,3,4,7
2021-07-08T00:00:00.000Z,אסטוניה,1,0,1
2021-07-08T00:00:00.000Z,אלבניה,43,2,45
2021-07-08T00:00:00.000Z,אירלנד,5,9,14
2021-07-08T00:00:00.000Z,איסלנד,67,1,68
2021-07-08T00:00:00.000Z,איי טורקס וקייקוס,3,0,3
2021-07-08T00:00:00.000Z,איי גילברט ואליס,0,1,1
2021-07-08T00:00:00.000Z,איטליה,366,86,452
2021-07-08T00:00:00.000Z,אזרביג'אן,6,2,8
2021-07-08T00:00:00.000Z,מקסיקו,5,6,11
2021-07-08T00:00:00.000Z,אוקראינה,300,174,474
2021-07-08T00:00:00.000Z,אוסטרליה,0,3,3
2021-07-08T00:00:00.000Z,אוסטריה,140,56,196
2021-07-08T00:00:00.000Z,אוזבקיסטן,4,2,6
2021-07-08T00:00:00.000Z,אוגנדה,3,0,3
2021-07-08T00:00:00.000Z,מרוקו,5,8,13
2021-07-08T00:00:00.000Z,ניגריה,3,1,4
2021-07-08T00:00:00.000Z,סוריה,1,1,2
2021-07-08T00:00:00.000Z,סין,0,2,2
2021-07-08T00:00:00.000Z,סינגפור,1,0,1
2021-07-08T00:00:00.000Z,סלובניה,4,0,4
2021-07-08T00:00:00.000Z,סנגל,1,0,1
2021-07-08T00:00:00.000Z,ספרד,243,55,298
2021-07-08T00:00:00.000Z,סרביה,1,0,1
2021-07-08T00:00:00.000Z,פולין,104,24,128
2021-07-08T00:00:00.000Z,פורטוגל,11,0,11
2021-07-08T00:00:00.000Z,פיליפינים,0,10,10
2021-07-08T00:00:00.000Z,פינלנד,1,0,1
2021-07-08T00:00:00.000Z,פנמה,6,12,18
2021-07-08T00:00:00.000Z,פרו,0,1,1
2021-07-08T00:00:00.000Z,צאד,1,0,1
2021-07-08T00:00:00.000Z,צ'ילה,1,3,4
2021-07-08T00:00:00.000Z,צכיה,44,5,49
2021-07-08T00:00:00.000Z,צרפת,400,333,733
2021-07-08T00:00:00.000Z,קובה,1,0,1
2021-07-08T00:00:00.000Z,קולומביה,2,11,13
2021-07-08T00:00:00.000Z,קונגו,0,1,1
2021-07-08T00:00:00.000Z,קוסובו,1,0,1
2021-07-08T00:00:00.000Z,קוסטה ריקה,2,2,4
2021-07-08T00:00:00.000Z,קוריאה הדרומית,8,0,8
2021-07-08T00:00:00.000Z,קזחסטאן,6,1,7
2021-07-08T00:00:00.000Z,קירג'זסטאן,7,0,7
2021-07-08T00:00:00.000Z,קמרון,1,1,2
2021-07-08T00:00:00.000Z,קנדה,2,6,8
2021-07-08T00:00:00.000Z,קניה,2,1,3
2021-07-08T00:00:00.000Z,קפריסין,707,156,863
2021-07-08T00:00:00.000Z,קרואטיה,2,2,4
2021-07-08T00:00:00.000Z,רואנדה,2,0,2
2021-07-08T00:00:00.000Z,רומניה,203,42,245
2021-07-08T00:00:00.000Z,רוסיה,87,127,214
2021-07-08T00:00:00.000Z,שוודיה,3,6,9
2021-07-08T00:00:00.000Z,שוויץ,163,87,250
2021-07-08T00:00:00.000Z,תאילנד,4,257,261
2021-07-08T00:00:00.000Z,תורכיה,1118,447,1565
2021-07-08T00:00:00.000Z,תורכמניסטאן,13,8,21
2021-07-08T00:00:00.000Z,איחוד האמירויות הערב,180,31,211
2021-07-09T00:00:00.000Z,מלטה,4,0,4
2021-07-09T00:00:00.000Z,מלדיבים,19,2,21
2021-07-09T00:00:00.000Z,מונטנגרו,77,12,89
2021-07-09T00:00:00.000Z,מולדובה,0,1,1
2021-07-09T00:00:00.000Z,ליטא,3,0,3
2021-07-09T00:00:00.000Z,לוכסמבורג,0,2,2
2021-07-09T00:00:00.000Z,כלל המדינות,10814,5420,16234
2021-07-09T00:00:00.000Z,ירדן,0,21,21
2021-07-09T00:00:00.000Z,יפן,1,2,3
2021-07-09T00:00:00.000Z,יוון,1825,195,2020
2021-07-09T00:00:00.000Z,טנזניה,3,0,3
2021-07-09T00:00:00.000Z,חוף השנהב,1,0,1
2021-07-09T00:00:00.000Z,הרפ הדומיניקנית,0,2,2
2021-07-09T00:00:00.000Z,הממלכה המאוחדת,355,104,459
2021-07-09T00:00:00.000Z,הונגריה,92,64,156
2021-07-09T00:00:00.000Z,הולנד,197,89,286
2021-07-09T00:00:00.000Z,הודו,1,0,1
2021-07-09T00:00:00.000Z,דנמרק,14,9,23
2021-07-09T00:00:00.000Z,גרמניה,398,126,524
2021-07-09T00:00:00.000Z,גאנה,4,1,5
2021-07-09T00:00:00.000Z,גאורגיה,809,83,892
2021-07-09T00:00:00.000Z,ברזיל,1,0,1
2021-07-09T00:00:00.000Z,בלגיה,131,55,186
2021-07-09T00:00:00.000Z,בילורוסיה,46,18,64
2021-07-09T00:00:00.000Z,בחריין,2,1,3
2021-07-09T00:00:00.000Z,בולגריה,226,24,250
2021-07-09T00:00:00.000Z,ארצות הברית,884,1107,1991
2021-07-09T00:00:00.000Z,ארמניה,3,0,3
2021-07-09T00:00:00.000Z,אסטוניה,7,0,7
2021-07-09T00:00:00.000Z,אנגולה,6,0,6
2021-07-09T00:00:00.000Z,אירלנד,5,5,10
2021-07-09T00:00:00.000Z,איסלנד,20,4,24
2021-07-09T00:00:00.000Z,אינדונזיה,0,1,1
2021-07-09T00:00:00.000Z,איי סיישל,0,1,1
2021-07-09T00:00:00.000Z,איי טורקס וקייקוס,1,0,1
2021-07-09T00:00:00.000Z,איטליה,292,54,346
2021-07-09T00:00:00.000Z,אזרביג'אן,5,0,5
2021-07-09T00:00:00.000Z,אורגוואי,0,2,2
2021-07-09T00:00:00.000Z,אוקראינה,320,158,478
2021-07-09T00:00:00.000Z,אוסטרליה,1,0,1
2021-07-09T00:00:00.000Z,אוסטריה,503,49,552
2021-07-09T00:00:00.000Z,תורכמניסטאן,16,6,22
2021-07-09T00:00:00.000Z,תורכיה,980,378,1358
2021-07-09T00:00:00.000Z,תאילנד,2,2,4
2021-07-09T00:00:00.000Z,שוויץ,375,93,468
2021-07-09T00:00:00.000Z,שוודיה,13,6,19
2021-07-09T00:00:00.000Z,רוסיה,40,29,69
2021-07-09T00:00:00.000Z,רומניה,272,58,330
2021-07-09T00:00:00.000Z,קרואטיה,26,4,30
2021-07-09T00:00:00.000Z,קפריסין,597,115,712
2021-07-09T00:00:00.000Z,קניה,3,0,3
2021-07-09T00:00:00.000Z,קנדה,9,114,123
2021-07-09T00:00:00.000Z,קירג'זסטאן,12,0,12
2021-07-09T00:00:00.000Z,קזחסטאן,0,2,2
2021-07-09T00:00:00.000Z,קוריאה הדרומית,2,1,3
2021-07-09T00:00:00.000Z,קוסטה ריקה,7,0,7
2021-07-09T00:00:00.000Z,קולומביה,1,3,4
2021-07-09T00:00:00.000Z,צרפת,343,237,580
2021-07-09T00:00:00.000Z,צכיה,108,21,129
2021-07-09T00:00:00.000Z,פרו,1,0,1
2021-07-09T00:00:00.000Z,פרגוואי,0,1,1
2021-07-09T00:00:00.000Z,פנמה,4,3,7
2021-07-09T00:00:00.000Z,פינלנד,15,8,23
2021-07-09T00:00:00.000Z,פיליפינים,2,3,5
2021-07-09T00:00:00.000Z,פורטוגל,26,4,30
2021-07-09T00:00:00.000Z,פולין,141,8,149
2021-07-09T00:00:00.000Z,סרי לנקה (צילון),2,0,2
2021-07-09T00:00:00.000Z,סרביה,57,9,66
2021-07-09T00:00:00.000Z,ספרד,238,31,269
2021-07-09T00:00:00.000Z,סלובקיה,2,0,2
2021-07-09T00:00:00.000Z,סלובניה,4,0,4
2021-07-09T00:00:00.000Z,סינגפור,0,7,7
2021-07-09T00:00:00.000Z,סין,1,5,6
2021-07-09T00:00:00.000Z,סורינם,1,0,1
2021-07-09T00:00:00.000Z,נפאל,0,1,1
2021-07-09T00:00:00.000Z,אוזבקיסטן,2,0,2
2021-07-09T00:00:00.000Z,נורבגיה,0,7,7
2021-07-09T00:00:00.000Z,מרוקו,5,0,5
2021-07-09T00:00:00.000Z,מקסיקו,1,1,2
2021-07-09T00:00:00.000Z,מקדוניה,2,0,2
2021-07-09T00:00:00.000Z,איחוד האמירויות הערב,63,9,72
2021-07-09T00:00:00.000Z,מצרים,513,206,719
2021-07-09T00:00:00.000Z,ניגריה,4,0,4
2021-07-10T00:00:00.000Z,בלגיה,0,1,1
2021-07-10T00:00:00.000Z,בוסניה הרצגובינה,1,0,1
2021-07-10T00:00:00.000Z,בולגריה,67,2,69
2021-07-10T00:00:00.000Z,אתיופיה,27,12,39
2021-07-10T00:00:00.000Z,ארצות הברית,355,838,1193
2021-07-10T00:00:00.000Z,ארמניה,1,2,3
2021-07-10T00:00:00.000Z,אסטוניה,1,0,1
2021-07-10T00:00:00.000Z,אלבניה,3,2,5
2021-07-10T00:00:00.000Z,ירדן,2,15,17
2021-07-10T00:00:00.000Z,אירלנד,1,2,3
2021-07-10T00:00:00.000Z,איסלנד,40,6,46
2021-07-10T00:00:00.000Z,איי סיישל,14,1,15
2021-07-10T00:00:00.000Z,איטליה,228,46,274
2021-07-10T00:00:00.000Z,אזרביג'אן,5,1,6
2021-07-10T00:00:00.000Z,אוקראינה,196,42,238
2021-07-10T00:00:00.000Z,אוסטריה,202,33,235
2021-07-10T00:00:00.000Z,אוזבקיסטן,1,0,1
2021-07-10T00:00:00.000Z,פרו,0,1,1
2021-07-10T00:00:00.000Z,צאד,3,0,3
2021-07-10T00:00:00.000Z,צכיה,4,2,6
2021-07-10T00:00:00.000Z,צרפת,107,59,166
2021-07-10T00:00:00.000Z,קולומביה,0,2,2
2021-07-10T00:00:00.000Z,קוריאה הדרומית,5,3,8
2021-07-10T00:00:00.000Z,קזחסטאן,1,0,1
2021-07-10T00:00:00.000Z,יוון,1280,92,1372
2021-07-10T00:00:00.000Z,קמרון,3,0,3
2021-07-10T00:00:00.000Z,קנדה,2,8,10
2021-07-10T00:00:00.000Z,קניה,6,4,10
2021-07-10T00:00:00.000Z,קפריסין,500,38,538
2021-07-10T00:00:00.000Z,קרואטיה,12,3,15
2021-07-10T00:00:00.000Z,רואנדה,0,2,2
2021-07-10T00:00:00.000Z,רומניה,346,155,501
2021-07-10T00:00:00.000Z,רוסיה,3,2,5
2021-07-10T00:00:00.000Z,שוודיה,2,3,5
2021-07-10T00:00:00.000Z,שוויץ,105,27,132
2021-07-10T00:00:00.000Z,תוניסיה,1,0,1
2021-07-10T00:00:00.000Z,תורכיה,1211,344,1555
2021-07-10T00:00:00.000Z,איחוד האמירויות הערב,44,4,48
2021-07-10T00:00:00.000Z,תורכמניסטאן,28,2,30
2021-07-10T00:00:00.000Z,טנזניה,13,0,13
2021-07-10T00:00:00.000Z,כלל המדינות,7278,3826,11104
2021-07-10T00:00:00.000Z,לטביה,30,11,41
2021-07-10T00:00:00.000Z,ליטא,3,3,6
2021-07-10T00:00:00.000Z,מאוריציוס,1,0,1
2021-07-10T00:00:00.000Z,מאלי,3,0,3
2021-07-10T00:00:00.000Z,מוזמביק,1,0,1
2021-07-10T00:00:00.000Z,מולדובה,48,18,66
2021-07-10T00:00:00.000Z,מונגוליה,1,0,1
2021-07-10T00:00:00.000Z,מונטנגרו,89,7,96
2021-07-10T00:00:00.000Z,מלדיבים,18,1,19
2021-07-10T00:00:00.000Z,מלטה,2,0,2
2021-07-10T00:00:00.000Z,מצרים,1021,146,1167
2021-07-10T00:00:00.000Z,נורבגיה,0,4,4
2021-07-10T00:00:00.000Z,ניגריה,1,0,1
2021-07-10T00:00:00.000Z,ניו זילנד,1,0,1
2021-07-10T00:00:00.000Z,סין,1,0,1
2021-07-10T00:00:00.000Z,סינגפור,2,1,3
2021-07-10T00:00:00.000Z,סלובניה,1,0,1
2021-07-10T00:00:00.000Z,ספרד,24,15,39
2021-07-10T00:00:00.000Z,סרביה,39,2,41
2021-07-10T00:00:00.000Z,פאפואה,2,1,3
2021-07-10T00:00:00.000Z,פולין,125,26,151
2021-07-10T00:00:00.000Z,פורטוגל,16,0,16
2021-07-10T00:00:00.000Z,פיליפינים,0,6,6
2021-07-10T00:00:00.000Z,פינלנד,2,2,4
2021-07-10T00:00:00.000Z,פנמה,1,0,1
2021-07-10T00:00:00.000Z,חוף השנהב,0,1,1
2021-07-10T00:00:00.000Z,זמביה,1,0,1
2021-07-10T00:00:00.000Z,זימבאבווה,2,0,2
2021-07-10T00:00:00.000Z,זאיר,3,0,3
2021-07-10T00:00:00.000Z,הרפ הדומיניקנית,0,1,1
2021-07-10T00:00:00.000Z,הממלכה המאוחדת,144,82,226
2021-07-10T00:00:00.000Z,הונגריה,86,52,138
2021-07-10T00:00:00.000Z,הולנד,177,33,210
2021-07-10T00:00:00.000Z,דרום אפריקה,1,1,2
2021-07-10T00:00:00.000Z,דרום אמריקה,1,1,2
2021-07-10T00:00:00.000Z,דנמרק,11,9,20
2021-07-10T00:00:00.000Z,גרמניה,180,128,308
2021-07-10T00:00:00.000Z,גבון,1,0,1
2021-07-10T00:00:00.000Z,גאנה,10,2,12
2021-07-10T00:00:00.000Z,גאורגיה,95,9,104
2021-07-10T00:00:00.000Z,ברזיל,0,3,3
2021-07-10T00:00:00.000Z,ברוניי,0,1,1
2021-07-11T00:00:00.000Z,מולדובה,74,23,97
2021-07-11T00:00:00.000Z,תורכיה,1371,513,1884
2021-07-11T00:00:00.000Z,תורכמניסטאן,2,1,3
2021-07-11T00:00:00.000Z,תוניסיה,0,1,1
2021-07-11T00:00:00.000Z,תאילנד,56,26,82
2021-07-11T00:00:00.000Z,שוויץ,235,159,394
2021-07-11T00:00:00.000Z,שוודיה,11,11,22
2021-07-11T00:00:00.000Z,רוסיה,51,98,149
2021-07-11T00:00:00.000Z,רומניה,282,77,359
2021-07-11T00:00:00.000Z,קרואטיה,8,3,11
2021-07-11T00:00:00.000Z,קפריסין,950,104,1054
2021-07-11T00:00:00.000Z,קנדה,12,135,147
2021-07-11T00:00:00.000Z,קירג'זסטאן,15,1,16
2021-07-11T00:00:00.000Z,קזחסטאן,2,2,4
2021-07-11T00:00:00.000Z,קוריאה הדרומית,4,5,9
2021-07-11T00:00:00.000Z,קוסטה ריקה,11,1,12
2021-07-11T00:00:00.000Z,קובה,1,0,1
2021-07-11T00:00:00.000Z,צרפת,597,424,1021
2021-07-11T00:00:00.000Z,צכיה,85,22,107
2021-07-11T00:00:00.000Z,פרו,1,1,2
2021-07-11T00:00:00.000Z,פנמה,4,2,6
2021-07-11T00:00:00.000Z,פינלנד,2,0,2
2021-07-11T00:00:00.000Z,פיליפינים,2,12,14
2021-07-11T00:00:00.000Z,פורטוגל,24,1,25
2021-07-11T00:00:00.000Z,פולין,70,7,77
2021-07-11T00:00:00.000Z,פאפואה,1,0,1
2021-07-11T00:00:00.000Z,סרביה,8,1,9
2021-07-11T00:00:00.000Z,ספרד,263,60,323
2021-07-11T00:00:00.000Z,סלובניה,8,0,8
2021-07-11T00:00:00.000Z,סוריה,2,2,4
2021-07-11T00:00:00.000Z,נפאל,0,2,2
2021-07-11T00:00:00.000Z,ניגריה,2,0,2
2021-07-11T00:00:00.000Z,נורבגיה,1,6,7
2021-07-11T00:00:00.000Z,מרוקו,2,0,2
2021-07-11T00:00:00.000Z,מקסיקו,1,2,3
2021-07-11T00:00:00.000Z,מקדוניה,5,9,14
2021-07-11T00:00:00.000Z,מצרים,1125,180,1305
2021-07-11T00:00:00.000Z,מלטה,2,0,2
2021-07-11T00:00:00.000Z,מלזיה,1,0,1
2021-07-11T00:00:00.000Z,מלדיבים,23,7,30
2021-07-11T00:00:00.000Z,מונקו,3,0,3
2021-07-11T00:00:00.000Z,מונטנגרו,5,0,5
2021-07-11T00:00:00.000Z,איחוד האמירויות הערב,80,25,105
2021-07-11T00:00:00.000Z,מאוריציוס,1,0,1
2021-07-11T00:00:00.000Z,ליטא,46,10,56
2021-07-11T00:00:00.000Z,לטביה,1,0,1
2021-07-11T00:00:00.000Z,כלל המדינות,13786,6985,20771
2021-07-11T00:00:00.000Z,ירדן,221,95,316
2021-07-11T00:00:00.000Z,יפן,0,3,3
2021-07-11T00:00:00.000Z,יוון,2994,228,3222
2021-07-11T00:00:00.000Z,הממלכה המאוחדת,385,242,627
2021-07-11T00:00:00.000Z,הונגריה,76,73,149
2021-07-11T00:00:00.000Z,הונג קונג,0,1,1
2021-07-11T00:00:00.000Z,הולנד,249,104,353
2021-07-11T00:00:00.000Z,דנמרק,7,4,11
2021-07-11T00:00:00.000Z,גרמניה,371,131,502
2021-07-11T00:00:00.000Z,גינאה המשוונית,0,17,17
2021-07-11T00:00:00.000Z,גאנה,4,0,4
2021-07-11T00:00:00.000Z,גאורגיה,861,74,935
2021-07-11T00:00:00.000Z,ברזיל,1,3,4
2021-07-11T00:00:00.000Z,בלגיה,20,30,50
2021-07-11T00:00:00.000Z,בילורוסיה,114,57,171
2021-07-11T00:00:00.000Z,בוסניה הרצגובינה,2,0,2
2021-07-11T00:00:00.000Z,בולגריה,606,47,653
2021-07-11T00:00:00.000Z,בהמס,0,1,1
2021-07-11T00:00:00.000Z,ארצות הברית,454,637,1091
2021-07-11T00:00:00.000Z,ארמניה,0,2,2
2021-07-11T00:00:00.000Z,ארגנטינה,4,4,8
2021-07-11T00:00:00.000Z,אסטוניה,3,0,3
2021-07-11T00:00:00.000Z,אנגולה,3,0,3
2021-07-11T00:00:00.000Z,אלגיריה,1,0,1
2021-07-11T00:00:00.000Z,אלבניה,28,6,34
2021-07-11T00:00:00.000Z,אירלנד,1,8,9
2021-07-11T00:00:00.000Z,איסלנד,35,0,35
2021-07-11T00:00:00.000Z,איי סיישל,3,0,3
2021-07-11T00:00:00.000Z,איי טורקס וקייקוס,5,0,5
2021-07-11T00:00:00.000Z,איי גילברט ואליס,1,0,1
2021-07-11T00:00:00.000Z,איטליה,387,62,449
2021-07-11T00:00:00.000Z,אזרביג'אן,21,11,32
2021-07-11T00:00:00.000Z,אורגוואי,0,2,2
2021-07-11T00:00:00.000Z,אוקראינה,432,232,664
2021-07-11T00:00:00.000Z,אוסטרליה,2,2,4
2021-07-11T00:00:00.000Z,אוסטריה,95,15,110
2021-07-11T00:00:00.000Z,אוזבקיסטן,7,4,11
2021-07-12T00:00:00.000Z,אוזבקיסטן,70,107,177
2021-07-12T00:00:00.000Z,אבחזיסטאן,1,0,1
2021-07-12T00:00:00.000Z,אוסטריה,558,80,638
2021-07-12T00:00:00.000Z,אוקראינה,464,245,709
2021-07-12T00:00:00.000Z,אזרביג'אן,0,3,3
2021-07-12T00:00:00.000Z,איטליה,470,61,531
2021-07-12T00:00:00.000Z,איי סיישל,11,4,15
2021-07-12T00:00:00.000Z,אינדונזיה,3,3,6
2021-07-12T00:00:00.000Z,איסלנד,63,0,63
2021-07-12T00:00:00.000Z,אירלנד,3,7,10
2021-07-12T00:00:00.000Z,אלבניה,1,2,3
2021-07-12T00:00:00.000Z,אנדורה,1,0,1
2021-07-12T00:00:00.000Z,אקואדור,3,0,3
2021-07-12T00:00:00.000Z,ארצות הברית,706,1410,2116
2021-07-12T00:00:00.000Z,אתיופיה,18,23,41
2021-07-12T00:00:00.000Z,בהמס,1,0,1
2021-07-12T00:00:00.000Z,בוטסואנה,0,7,7
2021-07-12T00:00:00.000Z,בולגריה,433,60,493
2021-07-12T00:00:00.000Z,בחריין,0,4,4
2021-07-12T00:00:00.000Z,בילורוסיה,3,2,5
2021-07-12T00:00:00.000Z,בלגיה,75,74,149
2021-07-12T00:00:00.000Z,ברזיל,0,2,2
2021-07-12T00:00:00.000Z,גאורגיה,638,73,711
2021-07-12T00:00:00.000Z,גאנה,7,2,9
2021-07-12T00:00:00.000Z,גיברלטר,0,5,5
2021-07-12T00:00:00.000Z,גרמניה,322,116,438
2021-07-12T00:00:00.000Z,דנמרק,14,1,15
2021-07-12T00:00:00.000Z,דרום אפריקה,1,9,10
2021-07-12T00:00:00.000Z,הודו,9,5,14
2021-07-12T00:00:00.000Z,הולנד,101,29,130
2021-07-12T00:00:00.000Z,הונגריה,79,16,95
2021-07-12T00:00:00.000Z,הממלכה המאוחדת,430,142,572
2021-07-12T00:00:00.000Z,הרפ הדומיניקנית,3,0,3
2021-07-12T00:00:00.000Z,ויטנאם,0,1,1
2021-07-12T00:00:00.000Z,זמביה,2,0,2
2021-07-12T00:00:00.000Z,חוף השנהב,1,0,1
2021-07-12T00:00:00.000Z,טיוואן,1,0,1
2021-07-12T00:00:00.000Z,טנזניה,11,0,11
2021-07-12T00:00:00.000Z,יוון,2407,178,2585
2021-07-12T00:00:00.000Z,יפן,2,1,3
2021-07-12T00:00:00.000Z,ירדן,93,46,139
2021-07-12T00:00:00.000Z,כלל המדינות,12410,7299,19709
2021-07-12T00:00:00.000Z,לטביה,2,0,2
2021-07-12T00:00:00.000Z,ליטא,3,2,5
2021-07-12T00:00:00.000Z,מולדובה,1,0,1
2021-07-12T00:00:00.000Z,מונטנגרו,158,4,162
2021-07-12T00:00:00.000Z,מלדיבים,15,1,16
2021-07-12T00:00:00.000Z,מצרים,633,109,742
2021-07-12T00:00:00.000Z,מקסיקו,2,4,6
2021-07-12T00:00:00.000Z,מרוקו,2,2,4
2021-07-12T00:00:00.000Z,איחוד האמירויות הערב,45,11,56
2021-07-12T00:00:00.000Z,הונדורס,1,0,1
2021-07-12T00:00:00.000Z,נורבגיה,1,4,5
2021-07-12T00:00:00.000Z,ניגריה,8,0,8
2021-07-12T00:00:00.000Z,סוריה,1,10,11
2021-07-12T00:00:00.000Z,סין,1,2,3
2021-07-12T00:00:00.000Z,ספרד,150,29,179
2021-07-12T00:00:00.000Z,סרביה,52,10,62
2021-07-12T00:00:00.000Z,ערב הסעודית,0,4,4
2021-07-12T00:00:00.000Z,פולין,57,14,71
2021-07-12T00:00:00.000Z,פורטוגל,99,13,112
2021-07-12T00:00:00.000Z,פיליפינים,1,10,11
2021-07-12T00:00:00.000Z,פינלנד,1,0,1
2021-07-12T00:00:00.000Z,פנמה,4,7,11
2021-07-12T00:00:00.000Z,פרו,1,0,1
2021-07-12T00:00:00.000Z,צ'ילה,3,1,4
2021-07-12T00:00:00.000Z,צכיה,196,14,210
2021-07-12T00:00:00.000Z,צרפת,257,252,509
2021-07-12T00:00:00.000Z,קולומביה,2,3,5
2021-07-12T00:00:00.000Z,קוסטה ריקה,8,1,9
2021-07-12T00:00:00.000Z,קוריאה הדרומית,0,1,1
2021-07-12T00:00:00.000Z,קזחסטאן,1,0,1
2021-07-12T00:00:00.000Z,קטר,1,0,1
2021-07-12T00:00:00.000Z,קירג'זסטאן,2,1,3
2021-07-12T00:00:00.000Z,קנדה,3,20,23
2021-07-12T00:00:00.000Z,קניה,7,13,20
2021-07-12T00:00:00.000Z,קפריסין,668,58,726
2021-07-12T00:00:00.000Z,קרואטיה,9,3,12
2021-07-12T00:00:00.000Z,רואנדה,3,0,3
2021-07-12T00:00:00.000Z,רומניה,420,69,489
2021-07-12T00:00:00.000Z,רוסיה,32,37,69
2021-07-12T00:00:00.000Z,שוודיה,7,8,15
2021-07-12T00:00:00.000Z,שוויץ,231,75,306
2021-07-12T00:00:00.000Z,תורכמניסטאן,5,3,8
2021-07-12T00:00:00.000Z,תורכיה,1409,568,1977
2021-07-12T00:00:00.000Z,תאילנד,2,0,2
2021-07-13T00:00:00.000Z,פורטוגל,18,9,27
2021-07-13T00:00:00.000Z,פולין,152,16,168
2021-07-13T00:00:00.000Z,סרי לנקה (צילון),0,1,1
2021-07-13T00:00:00.000Z,סרביה,67,9,76
2021-07-13T00:00:00.000Z,ספרד,229,41,270
2021-07-13T00:00:00.000Z,סלובניה,1,0,1
2021-07-13T00:00:00.000Z,סין,0,3,3
2021-07-13T00:00:00.000Z,ניו זילנד,0,4,4
2021-07-13T00:00:00.000Z,ניגריה,7,0,7
2021-07-13T00:00:00.000Z,מרוקו,1,1,2
2021-07-13T00:00:00.000Z,מקסיקו,5,5,10
2021-07-13T00:00:00.000Z,מצרים,477,82,559
2021-07-13T00:00:00.000Z,מלטה,4,0,4
2021-07-13T00:00:00.000Z,מלדיבים,20,7,27
2021-07-13T00:00:00.000Z,מולדובה,57,15,72
2021-07-13T00:00:00.000Z,מוזמביק,2,0,2
2021-07-13T00:00:00.000Z,ליטא,3,0,3
2021-07-13T00:00:00.000Z,לטביה,36,10,46
2021-07-13T00:00:00.000Z,כלל המדינות,9979,6182,16161
2021-07-13T00:00:00.000Z,ירדן,75,51,126
2021-07-13T00:00:00.000Z,יוון,1849,124,1973
2021-07-13T00:00:00.000Z,טנזניה,8,0,8
2021-07-13T00:00:00.000Z,קוריאה הדרומית,1,0,1
2021-07-13T00:00:00.000Z,זאיר,1,1,2
2021-07-13T00:00:00.000Z,הרפ הדומיניקנית,1,0,1
2021-07-13T00:00:00.000Z,הממלכה המאוחדת,616,194,810
2021-07-13T00:00:00.000Z,הונגריה,125,49,174
2021-07-13T00:00:00.000Z,הונג קונג,3,12,15
2021-07-13T00:00:00.000Z,הולנד,303,39,342
2021-07-13T00:00:00.000Z,דרום אפריקה,3,8,11
2021-07-13T00:00:00.000Z,דנמרק,6,3,9
2021-07-13T00:00:00.000Z,גרמניה,405,102,507
2021-07-13T00:00:00.000Z,גווטאמלה,1,0,1
2021-07-13T00:00:00.000Z,גאנה,1,1,2
2021-07-13T00:00:00.000Z,גאורגיה,337,40,377
2021-07-13T00:00:00.000Z,ברזיל,0,2,2
2021-07-13T00:00:00.000Z,בלגיה,3,6,9
2021-07-13T00:00:00.000Z,בילורוסיה,2,0,2
2021-07-13T00:00:00.000Z,בוסניה הרצגובינה,3,5,8
2021-07-13T00:00:00.000Z,בולגריה,328,28,356
2021-07-13T00:00:00.000Z,אתיופיה,6,10,16
2021-07-13T00:00:00.000Z,ארצות הברית,604,950,1554
2021-07-13T00:00:00.000Z,איחוד האמירויות הערב,38,11,49
2021-07-13T00:00:00.000Z,ארמניה,2,2,4
2021-07-13T00:00:00.000Z,אקואדור,1,1,2
2021-07-13T00:00:00.000Z,אפגניסטן,3,0,3
2021-07-13T00:00:00.000Z,אסטוניה,22,4,26
2021-07-13T00:00:00.000Z,אנגולה,1,0,1
2021-07-13T00:00:00.000Z,אלבניה,92,2,94
2021-07-13T00:00:00.000Z,איסלנד,92,3,95
2021-07-13T00:00:00.000Z,איי סיישל,4,5,9
2021-07-13T00:00:00.000Z,איי טורקס וקייקוס,1,0,1
2021-07-13T00:00:00.000Z,איטליה,269,40,309
2021-07-13T00:00:00.000Z,אזרביג'אן,5,0,5
2021-07-13T00:00:00.000Z,אורגוואי,0,3,3
2021-07-13T00:00:00.000Z,אוקראינה,276,156,432
2021-07-13T00:00:00.000Z,אוסטרליה,5,3,8
2021-07-13T00:00:00.000Z,אוסטריה,231,69,300
2021-07-13T00:00:00.000Z,אוזבקיסטן,0,3,3
2021-07-13T00:00:00.000Z,אוגנדה,0,1,1
2021-07-13T00:00:00.000Z,קנדה,6,118,124
2021-07-13T00:00:00.000Z,קניה,6,0,6
2021-07-13T00:00:00.000Z,קפריסין,573,85,658
2021-07-13T00:00:00.000Z,קרואטיה,10,3,13
2021-07-13T00:00:00.000Z,רומניה,225,89,314
2021-07-13T00:00:00.000Z,רוסיה,14,15,29
2021-07-13T00:00:00.000Z,רפ מרכז אפריקנית,3,0,3
2021-07-13T00:00:00.000Z,שוודיה,5,6,11
2021-07-13T00:00:00.000Z,שוויץ,154,65,219
2021-07-13T00:00:00.000Z,תאילנד,10,223,233
2021-07-13T00:00:00.000Z,תורכיה,928,412,1340
2021-07-13T00:00:00.000Z,תורכמניסטאן,12,5,17
2021-07-13T00:00:00.000Z,קזחסטאן,1,1,2
2021-07-13T00:00:00.000Z,קוסטה ריקה,9,0,9
2021-07-13T00:00:00.000Z,קוסובו,1,2,3
2021-07-13T00:00:00.000Z,קולומביה,1,4,5
2021-07-13T00:00:00.000Z,צרפת,316,230,546
2021-07-13T00:00:00.000Z,צכיה,174,6,180
2021-07-13T00:00:00.000Z,פנמה,4,11,15
2021-07-13T00:00:00.000Z,פינלנד,1,3,4
2021-07-13T00:00:00.000Z,פיליפינים,1,2,3
2021-07-14T00:00:00.000Z,קוסובו,1,1,2
2021-07-14T00:00:00.000Z,אוגנדה,3,0,3
2021-07-14T00:00:00.000Z,דרום אפריקה,1,2,3
2021-07-14T00:00:00.000Z,האנטילים ההולנדים,2,0,2
2021-07-14T00:00:00.000Z,הודו,0,9,9
2021-07-14T00:00:00.000Z,הולנד,303,91,394
2021-07-14T00:00:00.000Z,הונגריה,60,44,104
2021-07-14T00:00:00.000Z,הממלכה המאוחדת,198,148,346
2021-07-14T00:00:00.000Z,ונצואלה,0,8,8
2021-07-14T00:00:00.000Z,זמביה,2,0,2
2021-07-14T00:00:00.000Z,טנזניה,101,6,107
2021-07-14T00:00:00.000Z,יוון,1220,126,1346
2021-07-14T00:00:00.000Z,יפן,0,4,4
2021-07-14T00:00:00.000Z,ירדן,93,64,157
2021-07-14T00:00:00.000Z,כלל המדינות,9260,7308,16568
2021-07-14T00:00:00.000Z,ליבריה,0,1,1
2021-07-14T00:00:00.000Z,מונטנגרו,135,5,140
2021-07-14T00:00:00.000Z,מיאנמר (בורמה),0,1,1
2021-07-14T00:00:00.000Z,מלדיבים,3,0,3
2021-07-14T00:00:00.000Z,מלטה,8,0,8
2021-07-14T00:00:00.000Z,מצרים,411,92,503
2021-07-14T00:00:00.000Z,מקדוניה,1,0,1
2021-07-14T00:00:00.000Z,מקסיקו,1,10,11
2021-07-14T00:00:00.000Z,מרוקו,3,1,4
2021-07-14T00:00:00.000Z,נורבגיה,1,4,5
2021-07-14T00:00:00.000Z,ניגריה,1,0,1
2021-07-14T00:00:00.000Z,סין,3,32,35
2021-07-14T00:00:00.000Z,סינגפור,1,1,2
2021-07-14T00:00:00.000Z,סלובניה,118,19,137
2021-07-14T00:00:00.000Z,סלובקיה,1,0,1
2021-07-14T00:00:00.000Z,ספרד,132,37,169
2021-07-14T00:00:00.000Z,סרביה,58,7,65
2021-07-14T00:00:00.000Z,סרי לנקה (צילון),0,2,2
2021-07-14T00:00:00.000Z,ערב הסעודית,0,1,1
2021-07-14T00:00:00.000Z,פולין,80,8,88
2021-07-14T00:00:00.000Z,פורטו ריקו,0,4,4
2021-07-14T00:00:00.000Z,פורטוגל,108,24,132
2021-07-14T00:00:00.000Z,פיליפינים,0,8,8
2021-07-14T00:00:00.000Z,פינלנד,0,2,2
2021-07-14T00:00:00.000Z,פנמה,0,2,2
2021-07-14T00:00:00.000Z,פרגוואי,1,1,2
2021-07-14T00:00:00.000Z,פרו,1,7,8
2021-07-14T00:00:00.000Z,צכיה,57,5,62
2021-07-14T00:00:00.000Z,צרפת,512,517,1029
2021-07-14T00:00:00.000Z,דרום אמריקה,2,0,2
2021-07-14T00:00:00.000Z,קוסטה ריקה,13,0,13
2021-07-14T00:00:00.000Z,קזחסטאן,6,4,10
2021-07-14T00:00:00.000Z,קירג'זסטאן,14,1,15
2021-07-14T00:00:00.000Z,קמבודיה,0,10,10
2021-07-14T00:00:00.000Z,קנדה,16,148,164
2021-07-14T00:00:00.000Z,קניה,3,2,5
2021-07-14T00:00:00.000Z,קפריסין,352,79,431
2021-07-14T00:00:00.000Z,קרואטיה,16,12,28
2021-07-14T00:00:00.000Z,רומניה,352,166,518
2021-07-14T00:00:00.000Z,רוסיה,34,40,74
2021-07-14T00:00:00.000Z,שוודיה,6,5,11
2021-07-14T00:00:00.000Z,שוויץ,104,63,167
2021-07-14T00:00:00.000Z,תאילנד,2,4,6
2021-07-14T00:00:00.000Z,תורכיה,944,442,1386
2021-07-14T00:00:00.000Z,תורכמניסטאן,12,4,16
2021-07-14T00:00:00.000Z,איחוד האמירויות הערב,90,26,116
2021-07-14T00:00:00.000Z,דנמרק,18,12,30
2021-07-14T00:00:00.000Z,גרמניה,356,134,490
2021-07-14T00:00:00.000Z,גאנה,3,1,4
2021-07-14T00:00:00.000Z,גאורגיה,295,48,343
2021-07-14T00:00:00.000Z,ברזיל,2,5,7
2021-07-14T00:00:00.000Z,בלגיה,89,52,141
2021-07-14T00:00:00.000Z,בילורוסיה,108,54,162
2021-07-14T00:00:00.000Z,בולגריה,242,32,274
2021-07-14T00:00:00.000Z,בוטסואנה,1,0,1
2021-07-14T00:00:00.000Z,אתיופיה,7,1,8
2021-07-14T00:00:00.000Z,ארצות הברית,720,1172,1892
2021-07-14T00:00:00.000Z,ארמניה,1,0,1
2021-07-14T00:00:00.000Z,ארגנטינה,2,2,4
2021-07-14T00:00:00.000Z,אסטוניה,2,0,2
2021-07-14T00:00:00.000Z,אלבניה,1,0,1
2021-07-14T00:00:00.000Z,אירלנד,6,2,8
2021-07-14T00:00:00.000Z,איסלנד,19,1,20
2021-07-14T00:00:00.000Z,אינדונזיה,2,0,2
2021-07-14T00:00:00.000Z,איי סיישל,68,7,75
2021-07-14T00:00:00.000Z,איטליה,348,87,435
2021-07-14T00:00:00.000Z,אזרביג'אן,10,3,13
2021-07-14T00:00:00.000Z,אורגוואי,1,1,2
2021-07-14T00:00:00.000Z,אוקראינה,375,219,594
2021-07-14T00:00:00.000Z,אוסטרליה,1,16,17
2021-07-14T00:00:00.000Z,אוסטריה,242,54,296
2021-07-14T00:00:00.000Z,אוזבקיסטן,2,2,4
2021-07-15T00:00:00.000Z,דנמרק,10,18,28
2021-07-15T00:00:00.000Z,בלגיה,33,47,80
2021-07-15T00:00:00.000Z,ברזיל,1,3,4
2021-07-15T00:00:00.000Z,גאורגיה,764,96,860
2021-07-15T00:00:00.000Z,גאנה,2,1,3
2021-07-15T00:00:00.000Z,גווטאמלה,3,0,3
2021-07-15T00:00:00.000Z,גרמניה,292,136,428
2021-07-15T00:00:00.000Z,דומיניקה,1,0,1
2021-07-15T00:00:00.000Z,איחוד האמירויות הערב,198,50,248
2021-07-15T00:00:00.000Z,דרום אמריקה,0,2,2
2021-07-15T00:00:00.000Z,דרום אפריקה,1,3,4
2021-07-15T00:00:00.000Z,דרום סודאן,1,0,1
2021-07-15T00:00:00.000Z,האנטילים ההולנדים,3,1,4
2021-07-15T00:00:00.000Z,הודו,1,0,1
2021-07-15T00:00:00.000Z,אוגנדה,1,0,1
2021-07-15T00:00:00.000Z,אוזבקיסטן,5,3,8
2021-07-15T00:00:00.000Z,אוסטריה,107,35,142
2021-07-15T00:00:00.000Z,אוסטרליה,1,0,1
2021-07-15T00:00:00.000Z,אוקראינה,265,165,430
2021-07-15T00:00:00.000Z,אורגוואי,0,2,2
2021-07-15T00:00:00.000Z,אזרביג'אן,10,0,10
2021-07-15T00:00:00.000Z,איטליה,373,93,466
2021-07-15T00:00:00.000Z,איי גילברט ואליס,1,0,1
2021-07-15T00:00:00.000Z,איי טורקס וקייקוס,2,0,2
2021-07-15T00:00:00.000Z,איי סיישל,2,0,2
2021-07-15T00:00:00.000Z,איסלנד,112,2,114
2021-07-15T00:00:00.000Z,אירלנד,2,3,5
2021-07-15T00:00:00.000Z,אלבניה,33,5,38
2021-07-15T00:00:00.000Z,אלגיריה,0,1,1
2021-07-15T00:00:00.000Z,אנגולה,1,0,1
2021-07-15T00:00:00.000Z,אסטוניה,1,1,2
2021-07-15T00:00:00.000Z,אקואדור,2,1,3
2021-07-15T00:00:00.000Z,ארגנטינה,1,55,56
2021-07-15T00:00:00.000Z,ארמניה,4,4,8
2021-07-15T00:00:00.000Z,ארצות הברית,763,1365,2128
2021-07-15T00:00:00.000Z,אתיופיה,32,4,36
2021-07-15T00:00:00.000Z,בוטסואנה,1,0,1
2021-07-15T00:00:00.000Z,בולגריה,456,57,513
2021-07-15T00:00:00.000Z,בוליביה,3,0,3
2021-07-15T00:00:00.000Z,בחריין,7,0,7
2021-07-15T00:00:00.000Z,תורכמניסטאן,11,8,19
2021-07-15T00:00:00.000Z,תורכיה,1011,384,1395
2021-07-15T00:00:00.000Z,תוניסיה,1,0,1
2021-07-15T00:00:00.000Z,תאילנד,30,36,66
2021-07-15T00:00:00.000Z,שוויץ,163,91,254
2021-07-15T00:00:00.000Z,שוודיה,16,6,22
2021-07-15T00:00:00.000Z,רוסיה,72,136,208
2021-07-15T00:00:00.000Z,רומניה,202,73,275
2021-07-15T00:00:00.000Z,רואנדה,2,0,2
2021-07-15T00:00:00.000Z,קרואטיה,4,0,4
2021-07-15T00:00:00.000Z,קפריסין,486,108,594
2021-07-15T00:00:00.000Z,קניה,6,0,6
2021-07-15T00:00:00.000Z,קנדה,4,11,15
2021-07-15T00:00:00.000Z,קמרון,1,0,1
2021-07-15T00:00:00.000Z,קירג'זסטאן,34,2,36
2021-07-15T00:00:00.000Z,קזחסטאן,56,6,62
2021-07-15T00:00:00.000Z,קוסטה ריקה,8,1,9
2021-07-15T00:00:00.000Z,קולומביה,2,11,13
2021-07-15T00:00:00.000Z,צרפת,511,365,876
2021-07-15T00:00:00.000Z,צכיה,53,13,66
2021-07-15T00:00:00.000Z,צ'ילה,1,0,1
2021-07-15T00:00:00.000Z,צאד,3,0,3
2021-07-15T00:00:00.000Z,פרו,4,0,4
2021-07-15T00:00:00.000Z,פנמה,9,32,41
2021-07-15T00:00:00.000Z,פינלנד,4,0,4
2021-07-15T00:00:00.000Z,פיליפינים,0,15,15
2021-07-15T00:00:00.000Z,פורטוגל,15,6,21
2021-07-15T00:00:00.000Z,פולין,97,40,137
2021-07-15T00:00:00.000Z,סרביה,3,3,6
2021-07-15T00:00:00.000Z,ספרד,285,82,367
2021-07-15T00:00:00.000Z,סינגפור,1,0,1
2021-07-15T00:00:00.000Z,סין,0,5,5
2021-07-15T00:00:00.000Z,סוריה,6,6,12
2021-07-15T00:00:00.000Z,נפאל,1,0,1
2021-07-15T00:00:00.000Z,נמיביה,4,0,4
2021-07-15T00:00:00.000Z,ניגריה,2,2,4
2021-07-15T00:00:00.000Z,מרוקו,7,11,18
2021-07-15T00:00:00.000Z,מקסיקו,0,3,3
2021-07-15T00:00:00.000Z,מקדוניה,2,0,2
2021-07-15T00:00:00.000Z,מצרים,478,141,619
2021-07-15T00:00:00.000Z,מלטה,3,1,4
2021-07-15T00:00:00.000Z,מלדיבים,8,1,9
2021-07-15T00:00:00.000Z,מונטנגרו,3,0,3
2021-07-15T00:00:00.000Z,מולדובה,107,46,153
2021-07-15T00:00:00.000Z,מוזמביק,2,0,2
2021-07-15T00:00:00.000Z,לסוטו,1,0,1
2021-07-15T00:00:00.000Z,ליטא,85,5,90
2021-07-15T00:00:00.000Z,לטביה,2,0,2
2021-07-15T00:00:00.000Z,כלל המדינות,11638,8959,20597
2021-07-15T00:00:00.000Z,ירדן,286,114,400
2021-07-15T00:00:00.000Z,יפן,1,1,2
2021-07-15T00:00:00.000Z,יוון,2240,260,2500
2021-07-15T00:00:00.000Z,טנזניה,7,0,7
2021-07-15T00:00:00.000Z,טיוואן,1,3,4
2021-07-15T00:00:00.000Z,חוף השנהב,3,0,3
2021-07-15T00:00:00.000Z,זמביה,10,6,16
2021-07-15T00:00:00.000Z,זימבאבווה,1,0,1
2021-07-15T00:00:00.000Z,זאיר,3,0,3
2021-07-15T00:00:00.000Z,הרפ הדומיניקנית,2,0,2
2021-07-15T00:00:00.000Z,הממלכה המאוחדת,302,407,709
2021-07-15T00:00:00.000Z,הונגריה,175,96,271
2021-07-15T00:00:00.000Z,הולנד,143,47,190
2021-07-16T00:00:00.000Z,טנזניה,1,0,1
2021-07-16T00:00:00.000Z,איחוד האמירויות הערב,24,17,41
2021-07-16T00:00:00.000Z,קירג'זסטאן,1,0,1
2021-07-16T00:00:00.000Z,מונטנגרו,177,6,183
2021-07-16T00:00:00.000Z,מלדיבים,22,5,27
2021-07-16T00:00:00.000Z,מלטה,10,0,10
2021-07-16T00:00:00.000Z,מצרים,470,170,640
2021-07-16T00:00:00.000Z,מקדוניה,3,0,3
2021-07-16T00:00:00.000Z,מקסיקו,2,2,4
2021-07-16T00:00:00.000Z,מרוקו,5,7,12
2021-07-16T00:00:00.000Z,נורבגיה,2,1,3
2021-07-16T00:00:00.000Z,ניגריה,11,5,16
2021-07-16T00:00:00.000Z,נפאל,1,2,3
2021-07-16T00:00:00.000Z,סין,0,7,7
2021-07-16T00:00:00.000Z,ספרד,256,61,317
2021-07-16T00:00:00.000Z,סרביה,65,8,73
2021-07-16T00:00:00.000Z,סרי לנקה (צילון),1,1,2
2021-07-16T00:00:00.000Z,עירק,1,0,1
2021-07-16T00:00:00.000Z,פולין,177,7,184
2021-07-16T00:00:00.000Z,פורטוגל,25,5,30
2021-07-16T00:00:00.000Z,פיליפינים,1,2,3
2021-07-16T00:00:00.000Z,פינלנד,56,20,76
2021-07-16T00:00:00.000Z,פנמה,3,0,3
2021-07-16T00:00:00.000Z,פרגוואי,0,1,1
2021-07-16T00:00:00.000Z,פרו,1,0,1
2021-07-16T00:00:00.000Z,צ'ילה,4,0,4
2021-07-16T00:00:00.000Z,צכיה,182,34,216
2021-07-16T00:00:00.000Z,צרפת,231,145,376
2021-07-16T00:00:00.000Z,קולומביה,0,1,1
2021-07-16T00:00:00.000Z,קוסטה ריקה,18,1,19
2021-07-16T00:00:00.000Z,קנדה,20,135,155
2021-07-16T00:00:00.000Z,קניה,1,1,2
2021-07-16T00:00:00.000Z,קפריסין,447,69,516
2021-07-16T00:00:00.000Z,קרואטיה,18,5,23
2021-07-16T00:00:00.000Z,רומניה,298,64,362
2021-07-16T00:00:00.000Z,אבחזיסטאן,1,0,1
2021-07-16T00:00:00.000Z,אוזבקיסטן,5,1,6
2021-07-16T00:00:00.000Z,אוסטריה,401,73,474
2021-07-16T00:00:00.000Z,אוסטרליה,0,2,2
2021-07-16T00:00:00.000Z,אוקראינה,427,171,598
2021-07-16T00:00:00.000Z,אורגוואי,4,2,6
2021-07-16T00:00:00.000Z,אזרביג'אן,17,2,19
2021-07-16T00:00:00.000Z,איטליה,287,53,340
2021-07-16T00:00:00.000Z,איי טורקס וקייקוס,4,3,7
2021-07-16T00:00:00.000Z,איסלנד,7,0,7
2021-07-16T00:00:00.000Z,אירלנד,2,9,11
2021-07-16T00:00:00.000Z,אלבניה,5,0,5
2021-07-16T00:00:00.000Z,אנגולה,2,0,2
2021-07-16T00:00:00.000Z,ארגנטינה,1,0,1
2021-07-16T00:00:00.000Z,ארמניה,2,0,2
2021-07-16T00:00:00.000Z,ארצות הברית,1103,1148,2251
2021-07-16T00:00:00.000Z,בולגריה,261,47,308
2021-07-16T00:00:00.000Z,בוליביה,1,0,1
2021-07-16T00:00:00.000Z,בוסניה הרצגובינה,3,0,3
2021-07-16T00:00:00.000Z,בורקינה פאסו,1,0,1
2021-07-16T00:00:00.000Z,בלגיה,84,46,130
2021-07-16T00:00:00.000Z,ברזיל,3,5,8
2021-07-16T00:00:00.000Z,גאורגיה,313,52,365
2021-07-16T00:00:00.000Z,גויאנה הצרפתית,1,0,1
2021-07-16T00:00:00.000Z,גינאה,1,0,1
2021-07-16T00:00:00.000Z,גמייקה,1,0,1
2021-07-16T00:00:00.000Z,גרמניה,461,168,629
2021-07-16T00:00:00.000Z,דנמרק,9,4,13
2021-07-16T00:00:00.000Z,הולנד,218,96,314
2021-07-16T00:00:00.000Z,הונגריה,66,33,99
2021-07-16T00:00:00.000Z,הממלכה המאוחדת,211,193,404
2021-07-16T00:00:00.000Z,ונצואלה,0,3,3
2021-07-16T00:00:00.000Z,חוף השנהב,4,0,4
2021-07-16T00:00:00.000Z,טיוואן,0,1,1
2021-07-16T00:00:00.000Z,רוסיה,46,23,69
2021-07-16T00:00:00.000Z,יוון,1978,190,2168
2021-07-16T00:00:00.000Z,יפן,0,10,10
2021-07-16T00:00:00.000Z,ירדן,0,43,43
2021-07-16T00:00:00.000Z,כלל המדינות,10745,6539,17284
2021-07-16T00:00:00.000Z,לוכסמבורג,3,3,6
2021-07-16T00:00:00.000Z,שוודיה,12,3,15
2021-07-16T00:00:00.000Z,שוויץ,337,139,476
2021-07-16T00:00:00.000Z,תאילנד,1,0,1
2021-07-16T00:00:00.000Z,תורכיה,1080,370,1450
2021-07-16T00:00:00.000Z,תורכמניסטאן,7,2,9
2021-07-16T00:00:00.000Z,קזחסטאן,2,2,4
2021-07-16T00:00:00.000Z,לטביה,1,0,1
2021-07-16T00:00:00.000Z,מולדובה,4,1,5
2021-07-17T00:00:00.000Z,לסוטו,1,0,1
2021-07-17T00:00:00.000Z,הרפ הדומיניקנית,1,1,2
2021-07-17T00:00:00.000Z,תורכיה,1072,444,1516
2021-07-17T00:00:00.000Z,שוויץ,86,40,126
2021-07-17T00:00:00.000Z,שוודיה,4,8,12
2021-07-17T00:00:00.000Z,רוסיה,1,0,1
2021-07-17T00:00:00.000Z,רומניה,305,77,382
2021-07-17T00:00:00.000Z,רואנדה,2,2,4
2021-07-17T00:00:00.000Z,קרואטיה,24,3,27
2021-07-17T00:00:00.000Z,קפריסין,502,58,560
2021-07-17T00:00:00.000Z,קניה,11,1,12
2021-07-17T00:00:00.000Z,קנדה,1,5,6
2021-07-17T00:00:00.000Z,קטר,0,2,2
2021-07-17T00:00:00.000Z,קזחסטאן,1,0,1
2021-07-17T00:00:00.000Z,קוריאה הדרומית,0,4,4
2021-07-17T00:00:00.000Z,קולומביה,2,4,6
2021-07-17T00:00:00.000Z,צרפת,118,59,177
2021-07-17T00:00:00.000Z,צכיה,3,11,14
2021-07-17T00:00:00.000Z,פרו,3,1,4
2021-07-17T00:00:00.000Z,פינלנד,9,10,19
2021-07-17T00:00:00.000Z,פיליפינים,0,14,14
2021-07-17T00:00:00.000Z,פורטוגל,26,4,30
2021-07-17T00:00:00.000Z,פולין,165,18,183
2021-07-17T00:00:00.000Z,ערב הסעודית,1,0,1
2021-07-17T00:00:00.000Z,סרי לנקה (צילון),1,0,1
2021-07-17T00:00:00.000Z,סרביה,42,3,45
2021-07-17T00:00:00.000Z,ספרד,34,17,51
2021-07-17T00:00:00.000Z,סלובקיה,3,0,3
2021-07-17T00:00:00.000Z,סלובניה,4,0,4
2021-07-17T00:00:00.000Z,סינגפור,2,6,8
2021-07-17T00:00:00.000Z,סין,1,4,5
2021-07-17T00:00:00.000Z,נמיביה,19,0,19
2021-07-17T00:00:00.000Z,ניגריה,7,3,10
2021-07-17T00:00:00.000Z,נורבגיה,1,5,6
2021-07-17T00:00:00.000Z,מרוקו,0,1,1
2021-07-17T00:00:00.000Z,מצרים,641,165,806
2021-07-17T00:00:00.000Z,מלדיבים,7,2,9
2021-07-17T00:00:00.000Z,מלאווי,1,0,1
2021-07-17T00:00:00.000Z,מונטנגרו,80,3,83
2021-07-17T00:00:00.000Z,מולדובה,54,50,104
2021-07-17T00:00:00.000Z,תורכמניסטאן,8,2,10
2021-07-17T00:00:00.000Z,ליטא,4,1,5
2021-07-17T00:00:00.000Z,לטביה,60,10,70
2021-07-17T00:00:00.000Z,לוכסמבורג,1,2,3
2021-07-17T00:00:00.000Z,כלל המדינות,7143,4639,11782
2021-07-17T00:00:00.000Z,ירדן,0,24,24
2021-07-17T00:00:00.000Z,יפן,1,0,1
2021-07-17T00:00:00.000Z,יוון,1396,123,1519
2021-07-17T00:00:00.000Z,טנזניה,11,2,13
2021-07-17T00:00:00.000Z,איחוד האמירויות הערב,15,11,26
2021-07-17T00:00:00.000Z,אוזבקיסטן,0,5,5
2021-07-17T00:00:00.000Z,אוסטריה,215,28,243
2021-07-17T00:00:00.000Z,אוסטרליה,1,1,2
2021-07-17T00:00:00.000Z,אוקראינה,175,48,223
2021-07-17T00:00:00.000Z,אזרביג'אן,4,1,5
2021-07-17T00:00:00.000Z,איטליה,280,70,350
2021-07-17T00:00:00.000Z,איסלנד,65,0,65
2021-07-17T00:00:00.000Z,אירלנד,0,2,2
2021-07-17T00:00:00.000Z,אנגולה,2,0,2
2021-07-17T00:00:00.000Z,אסטוניה,7,2,9
2021-07-17T00:00:00.000Z,ארמניה,2,4,6
2021-07-17T00:00:00.000Z,ארצות הברית,483,859,1342
2021-07-17T00:00:00.000Z,אתיופיה,29,4,33
2021-07-17T00:00:00.000Z,בולגריה,94,15,109
2021-07-17T00:00:00.000Z,בוסניה הרצגובינה,4,3,7
2021-07-17T00:00:00.000Z,ברזיל,0,1,1
2021-07-17T00:00:00.000Z,גאורגיה,112,20,132
2021-07-17T00:00:00.000Z,גאנה,11,3,14
2021-07-17T00:00:00.000Z,גמייקה,0,1,1
2021-07-17T00:00:00.000Z,גרמניה,275,153,428
2021-07-17T00:00:00.000Z,דנמרק,23,9,32
2021-07-17T00:00:00.000Z,דרום אמריקה,0,2,2
2021-07-17T00:00:00.000Z,דרום אפריקה,2,12,14
2021-07-17T00:00:00.000Z,דרום סודאן,1,0,1
2021-07-17T00:00:00.000Z,האנטילים ההולנדים,3,1,4
2021-07-17T00:00:00.000Z,הולנד,186,44,230
2021-07-17T00:00:00.000Z,הונג קונג,0,1,1
2021-07-17T00:00:00.000Z,הונגריה,72,16,88
2021-07-17T00:00:00.000Z,הממלכה המאוחדת,81,126,207
2021-07-17T00:00:00.000Z,חוף השנהב,1,2,3
2021-07-18T00:00:00.000Z,סרביה,3,0,3
2021-07-18T00:00:00.000Z,עומן,0,1,1
2021-07-18T00:00:00.000Z,עירק,1,0,1
2021-07-18T00:00:00.000Z,פולין,55,2,57
2021-07-18T00:00:00.000Z,פורטוגל,12,0,12
2021-07-18T00:00:00.000Z,פיליפינים,1,0,1
2021-07-18T00:00:00.000Z,פינלנד,3,0,3
2021-07-18T00:00:00.000Z,פנמה,0,1,1
2021-07-18T00:00:00.000Z,פרו,2,2,4
2021-07-18T00:00:00.000Z,צ'ילה,0,1,1
2021-07-18T00:00:00.000Z,צכיה,72,4,76
2021-07-18T00:00:00.000Z,צרפת,429,275,704
2021-07-18T00:00:00.000Z,קוסטה ריקה,6,0,6
2021-07-18T00:00:00.000Z,קוריאה הדרומית,4,7,11
2021-07-18T00:00:00.000Z,קזחסטאן,0,7,7
2021-07-18T00:00:00.000Z,קירג'זסטאן,5,0,5
2021-07-18T00:00:00.000Z,קמרון,1,0,1
2021-07-18T00:00:00.000Z,קנדה,14,117,131
2021-07-18T00:00:00.000Z,קפריסין,964,92,1056
2021-07-18T00:00:00.000Z,קרואטיה,5,1,6
2021-07-18T00:00:00.000Z,ראוניון,1,0,1
2021-07-18T00:00:00.000Z,רואנדה,1,4,5
2021-07-18T00:00:00.000Z,רומניה,221,16,237
2021-07-18T00:00:00.000Z,רוסיה,28,28,56
2021-07-18T00:00:00.000Z,שוודיה,8,11,19
2021-07-18T00:00:00.000Z,שוויץ,240,117,357
2021-07-18T00:00:00.000Z,תאילנד,97,10,107
2021-07-18T00:00:00.000Z,תורכיה,1274,535,1809
2021-07-18T00:00:00.000Z,תורכמניסטאן,2,0,2
2021-07-18T00:00:00.000Z,איחוד האמירויות הערב,38,26,64
2021-07-18T00:00:00.000Z,מולדובה,116,71,187
2021-07-18T00:00:00.000Z,אבחזיסטאן,1,0,1
2021-07-18T00:00:00.000Z,אוזבקיסטן,2,1,3
2021-07-18T00:00:00.000Z,אוסטריה,169,19,188
2021-07-18T00:00:00.000Z,אוסטרליה,3,6,9
2021-07-18T00:00:00.000Z,אוקראינה,389,163,552
2021-07-18T00:00:00.000Z,אורגוואי,2,4,6
2021-07-18T00:00:00.000Z,אזרביג'אן,29,24,53
2021-07-18T00:00:00.000Z,איטליה,458,78,536
2021-07-18T00:00:00.000Z,איי טורקס וקייקוס,7,1,8
2021-07-18T00:00:00.000Z,איסלנד,38,1,39
2021-07-18T00:00:00.000Z,אירלנד,3,1,4
2021-07-18T00:00:00.000Z,אלבניה,56,10,66
2021-07-18T00:00:00.000Z,אסטוניה,10,3,13
2021-07-18T00:00:00.000Z,ארגנטינה,0,1,1
2021-07-18T00:00:00.000Z,ארמניה,1,0,1
2021-07-18T00:00:00.000Z,ארצות הברית,460,593,1053
2021-07-18T00:00:00.000Z,בולגריה,518,30,548
2021-07-18T00:00:00.000Z,בוסניה הרצגובינה,13,0,13
2021-07-18T00:00:00.000Z,בחריין,0,2,2
2021-07-18T00:00:00.000Z,בילורוסיה,115,32,147
2021-07-18T00:00:00.000Z,בלגיה,47,35,82
2021-07-18T00:00:00.000Z,ברזיל,2,3,5
2021-07-18T00:00:00.000Z,גאורגיה,749,103,852
2021-07-18T00:00:00.000Z,גאנה,0,8,8
2021-07-18T00:00:00.000Z,גווטאמלה,0,1,1
2021-07-18T00:00:00.000Z,גרמניה,323,243,566
2021-07-18T00:00:00.000Z,דנמרק,19,6,25
2021-07-18T00:00:00.000Z,דרום אפריקה,2,5,7
2021-07-18T00:00:00.000Z,האנטילים ההולנדים,1,3,4
2021-07-18T00:00:00.000Z,הולנד,92,53,145
2021-07-18T00:00:00.000Z,הונגריה,60,12,72
2021-07-18T00:00:00.000Z,הממלכה המאוחדת,281,270,551
2021-07-18T00:00:00.000Z,הרפ הדומיניקנית,2,0,2
2021-07-18T00:00:00.000Z,יוון,2912,191,3103
2021-07-18T00:00:00.000Z,יפן,1,4,5
2021-07-18T00:00:00.000Z,ירדן,261,130,391
2021-07-18T00:00:00.000Z,כלל המדינות,12455,7892,20347
2021-07-18T00:00:00.000Z,לבנון,0,2,2
2021-07-18T00:00:00.000Z,ליטא,66,6,72
2021-07-18T00:00:00.000Z,מאלי,3,1,4
2021-07-18T00:00:00.000Z,מונטנגרו,1,0,1
2021-07-18T00:00:00.000Z,מלדיבים,29,2,31
2021-07-18T00:00:00.000Z,מלטה,1,0,1
2021-07-18T00:00:00.000Z,מצרים,529,119,648
2021-07-18T00:00:00.000Z,מקדוניה,0,2,2
2021-07-18T00:00:00.000Z,מרוקו,5,0,5
2021-07-18T00:00:00.000Z,נורבגיה,0,3,3
2021-07-18T00:00:00.000Z,ניגר,0,1,1
2021-07-18T00:00:00.000Z,ניגריה,4,1,5
2021-07-18T00:00:00.000Z,סינגפור,0,1,1
2021-07-18T00:00:00.000Z,סלובניה,2,0,2
2021-07-18T00:00:00.000Z,ספרד,275,94,369
2021-07-19T00:00:00.000Z,איחוד האמירויות הערב,33,14,47
2021-07-19T00:00:00.000Z,תורכמניסטאן,10,9,19
2021-07-19T00:00:00.000Z,שוויץ,162,57,219
2021-07-19T00:00:00.000Z,שוודיה,14,3,17
2021-07-19T00:00:00.000Z,רוסיה,69,83,152
2021-07-19T00:00:00.000Z,רומניה,375,53,428
2021-07-19T00:00:00.000Z,רואנדה,3,0,3
2021-07-19T00:00:00.000Z,קרואטיה,33,2,35
2021-07-19T00:00:00.000Z,קפריסין,670,104,774
2021-07-19T00:00:00.000Z,קניה,4,0,4
2021-07-19T00:00:00.000Z,קנדה,2,5,7
2021-07-19T00:00:00.000Z,קירג'זסטאן,0,1,1
2021-07-19T00:00:00.000Z,קזחסטאן,1,4,5
2021-07-19T00:00:00.000Z,קוריאה הדרומית,0,1,1
2021-07-19T00:00:00.000Z,קוסטה ריקה,8,2,10
2021-07-19T00:00:00.000Z,קולומביה,2,3,5
2021-07-19T00:00:00.000Z,צרפת,440,365,805
2021-07-19T00:00:00.000Z,צכיה,195,16,211
2021-07-19T00:00:00.000Z,צאד,1,0,1
2021-07-19T00:00:00.000Z,פרו,1,1,2
2021-07-19T00:00:00.000Z,פנמה,11,8,19
2021-07-19T00:00:00.000Z,פינלנד,6,1,7
2021-07-19T00:00:00.000Z,פיליפינים,3,17,20
2021-07-19T00:00:00.000Z,פורטוגל,114,12,126
2021-07-19T00:00:00.000Z,פולין,102,10,112
2021-07-19T00:00:00.000Z,סרי לנקה (צילון),0,2,2
2021-07-19T00:00:00.000Z,סרביה,60,8,68
2021-07-19T00:00:00.000Z,ספרד,210,51,261
2021-07-19T00:00:00.000Z,סנגל,1,0,1
2021-07-19T00:00:00.000Z,סלובקיה,0,1,1
2021-07-19T00:00:00.000Z,סינגפור,0,5,5
2021-07-19T00:00:00.000Z,סין,1,2,3
2021-07-19T00:00:00.000Z,ניגריה,6,1,7
2021-07-19T00:00:00.000Z,נורבגיה,0,2,2
2021-07-19T00:00:00.000Z,מרוקו,3,3,6
2021-07-19T00:00:00.000Z,מקסיקו,0,1,1
2021-07-19T00:00:00.000Z,מקדוניה,5,0,5
2021-07-19T00:00:00.000Z,מצרים,290,79,369
2021-07-19T00:00:00.000Z,מלטה,2,0,2
2021-07-19T00:00:00.000Z,מלדיבים,49,1,50
2021-07-19T00:00:00.000Z,מונטנגרו,86,3,89
2021-07-19T00:00:00.000Z,מולדובה,0,1,1
2021-07-19T00:00:00.000Z,מאלי,1,0,1
2021-07-19T00:00:00.000Z,ליטא,5,1,6
2021-07-19T00:00:00.000Z,לטביה,0,1,1
2021-07-19T00:00:00.000Z,תורכיה,898,330,1228
2021-07-19T00:00:00.000Z,לוכסמבורג,0,5,5
2021-07-19T00:00:00.000Z,כלל המדינות,11550,6293,17843
2021-07-19T00:00:00.000Z,ירדן,97,54,151
2021-07-19T00:00:00.000Z,יפן,1,2,3
2021-07-19T00:00:00.000Z,יוון,2449,189,2638
2021-07-19T00:00:00.000Z,טנזניה,4,1,5
2021-07-19T00:00:00.000Z,טיוואן,0,1,1
2021-07-19T00:00:00.000Z,טוגו,1,0,1
2021-07-19T00:00:00.000Z,זמביה,1,0,1
2021-07-19T00:00:00.000Z,זאיר,2,0,2
2021-07-19T00:00:00.000Z,הממלכה המאוחדת,159,200,359
2021-07-19T00:00:00.000Z,הונגריה,71,18,89
2021-07-19T00:00:00.000Z,הונג קונג,1,2,3
2021-07-19T00:00:00.000Z,הולנד,335,86,421
2021-07-19T00:00:00.000Z,הודו,17,11,28
2021-07-19T00:00:00.000Z,האנטילים ההולנדים,1,0,1
2021-07-19T00:00:00.000Z,דרום אפריקה,1,1,2
2021-07-19T00:00:00.000Z,דנמרק,23,3,26
2021-07-19T00:00:00.000Z,גרמניה,386,140,526
2021-07-19T00:00:00.000Z,גאנה,1,7,8
2021-07-19T00:00:00.000Z,גאורגיה,646,59,705
2021-07-19T00:00:00.000Z,ברזיל,1,12,13
2021-07-19T00:00:00.000Z,בלגיה,34,34,68
2021-07-19T00:00:00.000Z,בולגריה,467,43,510
2021-07-19T00:00:00.000Z,בוטסואנה,2,0,2
2021-07-19T00:00:00.000Z,אתיופיה,15,9,24
2021-07-19T00:00:00.000Z,ארצות הברית,661,1004,1665
2021-07-19T00:00:00.000Z,ארמניה,3,1,4
2021-07-19T00:00:00.000Z,אקואדור,2,0,2
2021-07-19T00:00:00.000Z,אסטוניה,2,0,2
2021-07-19T00:00:00.000Z,אנגולה,3,0,3
2021-07-19T00:00:00.000Z,אלבניה,1,0,1
2021-07-19T00:00:00.000Z,אירלנד,0,3,3
2021-07-19T00:00:00.000Z,איסלנד,79,2,81
2021-07-19T00:00:00.000Z,אינדונזיה,0,1,1
2021-07-19T00:00:00.000Z,איי סיישל,1,0,1
2021-07-19T00:00:00.000Z,איי גילברט ואליס,1,0,1
2021-07-19T00:00:00.000Z,איטליה,519,86,605
2021-07-19T00:00:00.000Z,אזרביג'אן,3,1,4
2021-07-19T00:00:00.000Z,אורגוואי,0,1,1
2021-07-19T00:00:00.000Z,אוקראינה,399,143,542
2021-07-19T00:00:00.000Z,אוזבקיסטן,11,6,17
2021-07-19T00:00:00.000Z,אוסטריה,446,74,520
2021-07-19T00:00:00.000Z,אוסטרליה,0,2,2
2021-07-20T00:00:00.000Z,אוסטריה,236,49,285
2021-07-20T00:00:00.000Z,אוסטרליה,2,0,2
2021-07-20T00:00:00.000Z,אוקראינה,223,96,319
2021-07-20T00:00:00.000Z,אורגוואי,2,8,10
2021-07-20T00:00:00.000Z,אזרביג'אן,6,2,8
2021-07-20T00:00:00.000Z,איטליה,283,80,363
2021-07-20T00:00:00.000Z,איי סיישל,2,1,3
2021-07-20T00:00:00.000Z,איסלנד,60,0,60
2021-07-20T00:00:00.000Z,אירלנד,2,2,4
2021-07-20T00:00:00.000Z,אל סלבדור,2,0,2
2021-07-20T00:00:00.000Z,אלבניה,30,4,34
2021-07-20T00:00:00.000Z,אנגולה,1,0,1
2021-07-20T00:00:00.000Z,אסטוניה,2,0,2
2021-07-20T00:00:00.000Z,אקואדור,0,1,1
2021-07-20T00:00:00.000Z,ארגנטינה,2,18,20
2021-07-20T00:00:00.000Z,ארמניה,2,1,3
2021-07-20T00:00:00.000Z,ארצות הברית,593,1212,1805
2021-07-20T00:00:00.000Z,אתיופיה,12,1,13
2021-07-20T00:00:00.000Z,בוטסואנה,1,0,1
2021-07-20T00:00:00.000Z,בולגריה,207,31,238
2021-07-20T00:00:00.000Z,בוסניה הרצגובינה,1,1,2
2021-07-20T00:00:00.000Z,בורקינה פאסו,1,0,1
2021-07-20T00:00:00.000Z,בחריין,0,1,1
2021-07-20T00:00:00.000Z,בלגיה,37,40,77
2021-07-20T00:00:00.000Z,ברזיל,0,13,13
2021-07-20T00:00:00.000Z,גאורגיה,324,55,379
2021-07-20T00:00:00.000Z,גאנה,3,0,3
2021-07-20T00:00:00.000Z,גווטאמלה,0,3,3
2021-07-20T00:00:00.000Z,גיברלטר,0,2,2
2021-07-20T00:00:00.000Z,גינאה,1,0,1
2021-07-20T00:00:00.000Z,גרמניה,415,115,530
2021-07-20T00:00:00.000Z,דנמרק,14,3,17
2021-07-20T00:00:00.000Z,דרום אמריקה,0,1,1
2021-07-20T00:00:00.000Z,דרום אפריקה,1,5,6
2021-07-20T00:00:00.000Z,הולנד,238,41,279
2021-07-20T00:00:00.000Z,הונגריה,68,31,99
2021-07-20T00:00:00.000Z,הונדורס,2,0,2
2021-07-20T00:00:00.000Z,הממלכה המאוחדת,245,460,705
2021-07-20T00:00:00.000Z,הרפ הדומיניקנית,5,0,5
2021-07-20T00:00:00.000Z,ונצואלה,0,2,2
2021-07-20T00:00:00.000Z,זאיר,0,1,1
2021-07-20T00:00:00.000Z,חוף השנהב,3,0,3
2021-07-20T00:00:00.000Z,טוגו,1,0,1
2021-07-20T00:00:00.000Z,טנזניה,4,1,5
2021-07-20T00:00:00.000Z,יוון,1965,166,2131
2021-07-20T00:00:00.000Z,יפן,1,1,2
2021-07-20T00:00:00.000Z,ירדן,34,8,42
2021-07-20T00:00:00.000Z,כלל המדינות,8492,4266,12758
2021-07-20T00:00:00.000Z,לטביה,44,13,57
2021-07-20T00:00:00.000Z,ליבריה,0,5,5
2021-07-20T00:00:00.000Z,ליטא,8,0,8
2021-07-20T00:00:00.000Z,מולדובה,74,48,122
2021-07-20T00:00:00.000Z,מונטנגרו,9,0,9
2021-07-20T00:00:00.000Z,מלדיבים,20,3,23
2021-07-20T00:00:00.000Z,מלטה,4,0,4
2021-07-20T00:00:00.000Z,מצרים,0,1,1
2021-07-20T00:00:00.000Z,מקסיקו,1,43,44
2021-07-20T00:00:00.000Z,נורבגיה,0,1,1
2021-07-20T00:00:00.000Z,ניגריה,5,1,6
2021-07-20T00:00:00.000Z,נפאל,1,0,1
2021-07-20T00:00:00.000Z,סיירה ליאונה,0,1,1
2021-07-20T00:00:00.000Z,סין,1,0,1
2021-07-20T00:00:00.000Z,סלובניה,3,0,3
2021-07-20T00:00:00.000Z,סלובקיה,1,0,1
2021-07-20T00:00:00.000Z,ספרד,253,123,376
2021-07-20T00:00:00.000Z,סרביה,45,5,50
2021-07-20T00:00:00.000Z,סרי לנקה (צילון),0,11,11
2021-07-20T00:00:00.000Z,עירק,2,2,4
2021-07-20T00:00:00.000Z,פאפואה,2,0,2
2021-07-20T00:00:00.000Z,פולין,302,25,327
2021-07-20T00:00:00.000Z,פולינזיה הצרפתית,1,0,1
2021-07-20T00:00:00.000Z,פורטוגל,67,10,77
2021-07-20T00:00:00.000Z,פיליפינים,3,11,14
2021-07-20T00:00:00.000Z,פינלנד,0,3,3
2021-07-20T00:00:00.000Z,פנמה,4,9,13
2021-07-20T00:00:00.000Z,פרו,4,0,4
2021-07-20T00:00:00.000Z,צכיה,65,6,71
2021-07-20T00:00:00.000Z,צרפת,275,245,520
2021-07-20T00:00:00.000Z,קולומביה,2,1,3
2021-07-20T00:00:00.000Z,קוסובו,1,0,1
2021-07-20T00:00:00.000Z,קוסטה ריקה,2,4,6
2021-07-20T00:00:00.000Z,קוריאה הדרומית,1,0,1
2021-07-20T00:00:00.000Z,קטר,0,1,1
2021-07-20T00:00:00.000Z,קירג'זסטאן,13,0,13
2021-07-20T00:00:00.000Z,קמרון,3,2,5
2021-07-20T00:00:00.000Z,קנדה,2,10,12
2021-07-20T00:00:00.000Z,קניה,2,6,8
2021-07-20T00:00:00.000Z,קפריסין,427,81,508
2021-07-20T00:00:00.000Z,קרואטיה,17,2,19
2021-07-20T00:00:00.000Z,רואנדה,2,1,3
2021-07-20T00:00:00.000Z,רומניה,247,47,294
2021-07-20T00:00:00.000Z,רוסיה,22,74,96
2021-07-20T00:00:00.000Z,שוודיה,6,4,10
2021-07-20T00:00:00.000Z,שוויץ,166,127,293
2021-07-20T00:00:00.000Z,תאילנד,23,13,36
2021-07-20T00:00:00.000Z,תורכיה,500,245,745
2021-07-20T00:00:00.000Z,איחוד האמירויות הערב,12,10,22
2021-07-20T00:00:00.000Z,אבחזיסטאן,2,0,2
2021-07-20T00:00:00.000Z,אוזבקיסטן,3,4,7
2021-07-21T00:00:00.000Z,מונטנגרו,133,4,137
2021-07-21T00:00:00.000Z,אורגוואי,0,1,1
2021-07-21T00:00:00.000Z,תורכיה,1085,582,1667
2021-07-21T00:00:00.000Z,תוניסיה,1,0,1
2021-07-21T00:00:00.000Z,תאילנד,5,0,5
2021-07-21T00:00:00.000Z,שוויץ,114,109,223
2021-07-21T00:00:00.000Z,שוודיה,2,5,7
2021-07-21T00:00:00.000Z,רוסיה,41,32,73
2021-07-21T00:00:00.000Z,רומניה,232,41,273
2021-07-21T00:00:00.000Z,רואנדה,1,0,1
2021-07-21T00:00:00.000Z,קרואטיה,13,3,16
2021-07-21T00:00:00.000Z,קפריסין,417,104,521
2021-07-21T00:00:00.000Z,קניה,5,0,5
2021-07-21T00:00:00.000Z,קנדה,23,149,172
2021-07-21T00:00:00.000Z,קירג'זסטאן,1,0,1
2021-07-21T00:00:00.000Z,קזחסטאן,0,4,4
2021-07-21T00:00:00.000Z,קוריאה הדרומית,2,10,12
2021-07-21T00:00:00.000Z,קוסטה ריקה,9,2,11
2021-07-21T00:00:00.000Z,צרפת,469,620,1089
2021-07-21T00:00:00.000Z,צכיה,153,4,157
2021-07-21T00:00:00.000Z,פרו,2,1,3
2021-07-21T00:00:00.000Z,פנמה,0,2,2
2021-07-21T00:00:00.000Z,פינלנד,10,0,10
2021-07-21T00:00:00.000Z,פיליפינים,1,3,4
2021-07-21T00:00:00.000Z,פורטוגל,119,25,144
2021-07-21T00:00:00.000Z,פולין,79,5,84
2021-07-21T00:00:00.000Z,סרי לנקה (צילון),4,0,4
2021-07-21T00:00:00.000Z,סרביה,9,6,15
2021-07-21T00:00:00.000Z,ספרד,107,38,145
2021-07-21T00:00:00.000Z,סלובניה,76,8,84
2021-07-21T00:00:00.000Z,סינגפור,1,0,1
2021-07-21T00:00:00.000Z,סין,5,35,40
2021-07-21T00:00:00.000Z,סיירה ליאונה,0,1,1
2021-07-21T00:00:00.000Z,סוריה,1,1,2
2021-07-21T00:00:00.000Z,ניגריה,5,0,5
2021-07-21T00:00:00.000Z,נורבגיה,1,0,1
2021-07-21T00:00:00.000Z,מרוקו,2,2,4
2021-07-21T00:00:00.000Z,מקסיקו,5,2,7
2021-07-21T00:00:00.000Z,מצרים,233,105,338
2021-07-21T00:00:00.000Z,מלטה,3,0,3
2021-07-21T00:00:00.000Z,מלדיבים,14,2,16
2021-07-21T00:00:00.000Z,אוסטריה,221,58,279
2021-07-21T00:00:00.000Z,אוזבקיסטן,7,7,14
2021-07-21T00:00:00.000Z,אוגנדה,3,0,3
2021-07-21T00:00:00.000Z,אוקראינה,384,167,551
2021-07-21T00:00:00.000Z,איחוד האמירויות הערב,11,18,29
2021-07-21T00:00:00.000Z,תורכמניסטאן,13,12,25
2021-07-21T00:00:00.000Z,מולדובה,0,1,1
2021-07-21T00:00:00.000Z,ליטא,2,0,2
2021-07-21T00:00:00.000Z,ליבריה,1,0,1
2021-07-21T00:00:00.000Z,לבנון,0,2,2
2021-07-21T00:00:00.000Z,כלל המדינות,8690,7551,16241
2021-07-21T00:00:00.000Z,ירדן,44,35,79
2021-07-21T00:00:00.000Z,יפן,1,2,3
2021-07-21T00:00:00.000Z,יוון,1050,83,1133
2021-07-21T00:00:00.000Z,טנזניה,133,10,143
2021-07-21T00:00:00.000Z,טיוואן,0,1,1
2021-07-21T00:00:00.000Z,זאיר,1,0,1
2021-07-21T00:00:00.000Z,ונצואלה,0,3,3
2021-07-21T00:00:00.000Z,ויטנאם,1,3,4
2021-07-21T00:00:00.000Z,הממלכה המאוחדת,216,465,681
2021-07-21T00:00:00.000Z,הונגריה,40,21,61
2021-07-21T00:00:00.000Z,הונג קונג,0,2,2
2021-07-21T00:00:00.000Z,הולנד,174,122,296
2021-07-21T00:00:00.000Z,דרום סודאן,2,0,2
2021-07-21T00:00:00.000Z,דרום אפריקה,2,13,15
2021-07-21T00:00:00.000Z,דנמרק,8,11,19
2021-07-21T00:00:00.000Z,גרמניה,384,185,569
2021-07-21T00:00:00.000Z,גמביה,0,1,1
2021-07-21T00:00:00.000Z,גיברלטר,0,5,5
2021-07-21T00:00:00.000Z,גאנה,3,2,5
2021-07-21T00:00:00.000Z,גאורגיה,364,64,428
2021-07-21T00:00:00.000Z,ברזיל,3,10,13
2021-07-21T00:00:00.000Z,בלגיה,65,116,181
2021-07-21T00:00:00.000Z,בילורוסיה,85,28,113
2021-07-21T00:00:00.000Z,בורקינה פאסו,1,0,1
2021-07-21T00:00:00.000Z,בולגריה,297,38,335
2021-07-21T00:00:00.000Z,בוטסואנה,10,0,10
2021-07-21T00:00:00.000Z,אתיופיה,17,3,20
2021-07-21T00:00:00.000Z,ארצות הברית,599,1507,2106
2021-07-21T00:00:00.000Z,ארמניה,1,0,1
2021-07-21T00:00:00.000Z,ארגנטינה,1,1,2
2021-07-21T00:00:00.000Z,אקואדור,2,1,3
2021-07-21T00:00:00.000Z,אסטוניה,15,1,16
2021-07-21T00:00:00.000Z,אנגולה,3,0,3
2021-07-21T00:00:00.000Z,אלבניה,5,2,7
2021-07-21T00:00:00.000Z,אירלנד,1,0,1
2021-07-21T00:00:00.000Z,איסלנד,9,1,10
2021-07-21T00:00:00.000Z,איי סיישל,26,1,27
2021-07-21T00:00:00.000Z,איי טורקס וקייקוס,2,2,4
2021-07-21T00:00:00.000Z,איטליה,409,109,518
2021-07-21T00:00:00.000Z,אזרביג'אן,8,0,8
2021-07-21T00:00:00.000Z,אוסטרליה,4,6,10
2021-07-22T00:00:00.000Z,טיוואן,1,0,1
2021-07-22T00:00:00.000Z,טוגו,3,0,3
2021-07-22T00:00:00.000Z,חוף השנהב,1,0,1
2021-07-22T00:00:00.000Z,הרפ הדומיניקנית,4,4,8
2021-07-22T00:00:00.000Z,הממלכה המאוחדת,567,1076,1643
2021-07-22T00:00:00.000Z,הונגריה,94,67,161
2021-07-22T00:00:00.000Z,הולנד,249,65,314
2021-07-22T00:00:00.000Z,הודו,2,0,2
2021-07-22T00:00:00.000Z,האנטילים ההולנדים,2,1,3
2021-07-22T00:00:00.000Z,דרום אפריקה,4,11,15
2021-07-22T00:00:00.000Z,דרום אמריקה,0,4,4
2021-07-22T00:00:00.000Z,דנמרק,6,9,15
2021-07-22T00:00:00.000Z,גרמניה,342,145,487
2021-07-22T00:00:00.000Z,גמייקה,1,0,1
2021-07-22T00:00:00.000Z,גינאה המשוונית,1,0,1
2021-07-22T00:00:00.000Z,גיברלטר,3,2,5
2021-07-22T00:00:00.000Z,גויאנה הצרפתית,0,3,3
2021-07-22T00:00:00.000Z,גווטאמלה,1,0,1
2021-07-22T00:00:00.000Z,גבון,1,0,1
2021-07-22T00:00:00.000Z,גאנה,2,3,5
2021-07-22T00:00:00.000Z,גאורגיה,1128,162,1290
2021-07-22T00:00:00.000Z,ברזיל,4,11,15
2021-07-22T00:00:00.000Z,בלגיה,36,86,122
2021-07-22T00:00:00.000Z,בורקינה פאסו,1,0,1
2021-07-22T00:00:00.000Z,בוסניה הרצגובינה,0,2,2
2021-07-22T00:00:00.000Z,בוליביה,5,0,5
2021-07-22T00:00:00.000Z,בולגריה,517,88,605
2021-07-22T00:00:00.000Z,אתיופיה,17,7,24
2021-07-22T00:00:00.000Z,ארצות הברית,771,1357,2128
2021-07-22T00:00:00.000Z,ארמניה,8,9,17
2021-07-22T00:00:00.000Z,ארגנטינה,3,15,18
2021-07-22T00:00:00.000Z,אסטוניה,1,0,1
2021-07-22T00:00:00.000Z,אנטיגואה וברבודה,0,1,1
2021-07-22T00:00:00.000Z,אלבניה,37,2,39
2021-07-22T00:00:00.000Z,אירלנד,0,4,4
2021-07-22T00:00:00.000Z,איסלנד,122,1,123
2021-07-22T00:00:00.000Z,אינדונזיה,0,2,2
2021-07-22T00:00:00.000Z,איי קוק,1,0,1
2021-07-22T00:00:00.000Z,איי סיישל,3,0,3
2021-07-22T00:00:00.000Z,איטליה,390,118,508
2021-07-22T00:00:00.000Z,אזרביג'אן,15,1,16
2021-07-22T00:00:00.000Z,אורגוואי,1,0,1
2021-07-22T00:00:00.000Z,אוקראינה,348,161,509
2021-07-22T00:00:00.000Z,אוסטרליה,1,4,5
2021-07-22T00:00:00.000Z,אוסטריה,132,87,219
2021-07-22T00:00:00.000Z,אוזבקיסטן,4,0,4
2021-07-22T00:00:00.000Z,אוגנדה,4,1,5
2021-07-22T00:00:00.000Z,איחוד האמירויות הערב,24,5,29
2021-07-22T00:00:00.000Z,תורכמניסטאן,11,4,15
2021-07-22T00:00:00.000Z,תורכיה,2491,1227,3718
2021-07-22T00:00:00.000Z,תאילנד,36,34,70
2021-07-22T00:00:00.000Z,שוויץ,141,62,203
2021-07-22T00:00:00.000Z,שוודיה,5,9,14
2021-07-22T00:00:00.000Z,רוסיה,49,98,147
2021-07-22T00:00:00.000Z,רומניה,193,47,240
2021-07-22T00:00:00.000Z,קרואטיה,2,1,3
2021-07-22T00:00:00.000Z,קפריסין,1232,274,1506
2021-07-22T00:00:00.000Z,קניה,18,0,18
2021-07-22T00:00:00.000Z,קנדה,2,15,17
2021-07-22T00:00:00.000Z,קמרון,1,0,1
2021-07-22T00:00:00.000Z,קירג'זסטאן,2,1,3
2021-07-22T00:00:00.000Z,קזחסטאן,2,2,4
2021-07-22T00:00:00.000Z,קוריאה הדרומית,7,0,7
2021-07-22T00:00:00.000Z,קוסטה ריקה,5,0,5
2021-07-22T00:00:00.000Z,קונגו,2,0,2
2021-07-22T00:00:00.000Z,קולומביה,1,12,13
2021-07-22T00:00:00.000Z,צרפת,408,426,834
2021-07-22T00:00:00.000Z,צכיה,73,10,83
2021-07-22T00:00:00.000Z,צ'ילה,0,4,4
2021-07-22T00:00:00.000Z,פרו,0,2,2
2021-07-22T00:00:00.000Z,פנמה,10,8,18
2021-07-22T00:00:00.000Z,פינלנד,5,0,5
2021-07-22T00:00:00.000Z,פיליפינים,2,6,8
2021-07-22T00:00:00.000Z,פורטוגל,23,5,28
2021-07-22T00:00:00.000Z,פולין,135,16,151
2021-07-22T00:00:00.000Z,סרביה,4,2,6
2021-07-22T00:00:00.000Z,ספרד,381,136,517
2021-07-22T00:00:00.000Z,סינגפור,0,1,1
2021-07-22T00:00:00.000Z,סין,1,0,1
2021-07-22T00:00:00.000Z,ניו זילנד,0,1,1
2021-07-22T00:00:00.000Z,ניגריה,2,2,4
2021-07-22T00:00:00.000Z,נורבגיה,0,2,2
2021-07-22T00:00:00.000Z,מרוקו,3,0,3
2021-07-22T00:00:00.000Z,מקסיקו,1,5,6
2021-07-22T00:00:00.000Z,מצרים,520,361,881
2021-07-22T00:00:00.000Z,מלדיבים,7,2,9
2021-07-22T00:00:00.000Z,מונטנגרו,1,0,1
2021-07-22T00:00:00.000Z,מולדובה,89,58,147
2021-07-22T00:00:00.000Z,לסוטו,0,1,1
2021-07-22T00:00:00.000Z,ליטא,68,12,80
2021-07-22T00:00:00.000Z,לבנון,0,9,9
2021-07-22T00:00:00.000Z,כלל המדינות,14408,9948,24356
2021-07-22T00:00:00.000Z,ירדן,486,228,714
2021-07-22T00:00:00.000Z,יפן,0,1,1
2021-07-22T00:00:00.000Z,יוון,2169,329,2498
2021-07-22T00:00:00.000Z,טנזניה,7,1,8
2021-07-23T00:00:00.000Z,אזרביג'אן,53,6,59
2021-07-23T00:00:00.000Z,לטביה,6,0,6
2021-07-23T00:00:00.000Z,כלל המדינות,13834,7337,21171
2021-07-23T00:00:00.000Z,ליטא,10,2,12
2021-07-23T00:00:00.000Z,מאוריציוס,1,1,2
2021-07-23T00:00:00.000Z,מולדובה,48,26,74
2021-07-23T00:00:00.000Z,מונגוליה,2,0,2
2021-07-23T00:00:00.000Z,מונטנגרו,167,14,181
2021-07-23T00:00:00.000Z,מונקו,1,0,1
2021-07-23T00:00:00.000Z,מלדיבים,14,3,17
2021-07-23T00:00:00.000Z,מלטה,1,2,3
2021-07-23T00:00:00.000Z,מצרים,1284,868,2152
2021-07-23T00:00:00.000Z,מקדוניה,2,0,2
2021-07-23T00:00:00.000Z,מקסיקו,2,0,2
2021-07-23T00:00:00.000Z,מרוקו,5,0,5
2021-07-23T00:00:00.000Z,נורבגיה,1,2,3
2021-07-23T00:00:00.000Z,ניגריה,2,2,4
2021-07-23T00:00:00.000Z,נפאל,1,0,1
2021-07-23T00:00:00.000Z,סין,0,5,5
2021-07-23T00:00:00.000Z,סינגפור,2,0,2
2021-07-23T00:00:00.000Z,סלובניה,4,2,6
2021-07-23T00:00:00.000Z,סלובקיה,1,0,1
2021-07-23T00:00:00.000Z,ספרד,230,36,266
2021-07-23T00:00:00.000Z,סרביה,182,17,199
2021-07-23T00:00:00.000Z,סרי לנקה (צילון),1,3,4
2021-07-23T00:00:00.000Z,פולין,97,14,111
2021-07-23T00:00:00.000Z,פורטוגל,16,0,16
2021-07-23T00:00:00.000Z,פיליפינים,7,5,12
2021-07-23T00:00:00.000Z,פינלנד,63,15,78
2021-07-23T00:00:00.000Z,פנמה,1,0,1
2021-07-23T00:00:00.000Z,פרו,1,0,1
2021-07-23T00:00:00.000Z,צכיה,215,27,242
2021-07-23T00:00:00.000Z,צרפת,373,213,586
2021-07-23T00:00:00.000Z,קובה,0,1,1
2021-07-23T00:00:00.000Z,קולומביה,3,1,4
2021-07-23T00:00:00.000Z,קוסטה ריקה,4,1,5
2021-07-23T00:00:00.000Z,קוריאה הדרומית,4,0,4
2021-07-23T00:00:00.000Z,קזחסטאן,4,3,7
2021-07-23T00:00:00.000Z,קירג'זסטאן,21,0,21
2021-07-23T00:00:00.000Z,קנדה,27,98,125
2021-07-23T00:00:00.000Z,אוזבקיסטן,7,4,11
2021-07-23T00:00:00.000Z,קניה,4,0,4
2021-07-23T00:00:00.000Z,קפריסין,291,119,410
2021-07-23T00:00:00.000Z,קרואטיה,14,3,17
2021-07-23T00:00:00.000Z,רומניה,378,73,451
2021-07-23T00:00:00.000Z,רוסיה,46,25,71
2021-07-23T00:00:00.000Z,שוודיה,11,9,20
2021-07-23T00:00:00.000Z,שוויץ,332,111,443
2021-07-23T00:00:00.000Z,ירדן,4,42,46
2021-07-23T00:00:00.000Z,יפן,1,2,3
2021-07-23T00:00:00.000Z,יוון,2379,377,2756
2021-07-23T00:00:00.000Z,טנזניה,1,0,1
2021-07-23T00:00:00.000Z,טיוואן,1,0,1
2021-07-23T00:00:00.000Z,טוגו,8,0,8
2021-07-23T00:00:00.000Z,חוף השנהב,1,0,1
2021-07-23T00:00:00.000Z,זאיר,2,0,2
2021-07-23T00:00:00.000Z,תאילנד,0,3,3
2021-07-23T00:00:00.000Z,תורכיה,1990,1062,3052
2021-07-23T00:00:00.000Z,תורכמניסטאן,15,17,32
2021-07-23T00:00:00.000Z,תימן,1,0,1
2021-07-23T00:00:00.000Z,איחוד האמירויות הערב,13,10,23
2021-07-23T00:00:00.000Z,אוסטריה,499,72,571
2021-07-23T00:00:00.000Z,הרפ הדומיניקנית,1,0,1
2021-07-23T00:00:00.000Z,הממלכה המאוחדת,102,190,292
2021-07-23T00:00:00.000Z,הונדורס,1,0,1
2021-07-23T00:00:00.000Z,הונגריה,199,35,234
2021-07-23T00:00:00.000Z,הולנד,238,64,302
2021-07-23T00:00:00.000Z,הודו,3,1,4
2021-07-23T00:00:00.000Z,האנטילים ההולנדים,2,2,4
2021-07-23T00:00:00.000Z,דנמרק,14,4,18
2021-07-23T00:00:00.000Z,גרמניה,520,209,729
2021-07-23T00:00:00.000Z,גמייקה,1,0,1
2021-07-23T00:00:00.000Z,גינאה החדשה,1,0,1
2021-07-23T00:00:00.000Z,גווטאמלה,4,0,4
2021-07-23T00:00:00.000Z,גאורגיה,454,110,564
2021-07-23T00:00:00.000Z,ברזיל,0,6,6
2021-07-23T00:00:00.000Z,בלגיה,71,55,126
2021-07-23T00:00:00.000Z,בילורוסיה,49,21,70
2021-07-23T00:00:00.000Z,בורקינה פאסו,1,0,1
2021-07-23T00:00:00.000Z,בוסניה הרצגובינה,7,4,11
2021-07-23T00:00:00.000Z,בולגריה,412,83,495
2021-07-23T00:00:00.000Z,ארצות הברית,1058,968,2026
2021-07-23T00:00:00.000Z,ארמניה,2,0,2
2021-07-23T00:00:00.000Z,אקואדור,1,0,1
2021-07-23T00:00:00.000Z,אסטוניה,8,4,12
2021-07-23T00:00:00.000Z,אנדורה,0,4,4
2021-07-23T00:00:00.000Z,אנגולה,6,0,6
2021-07-23T00:00:00.000Z,אלבניה,2,1,3
2021-07-23T00:00:00.000Z,אל סלבדור,3,0,3
2021-07-23T00:00:00.000Z,אירלנד,6,7,13
2021-07-23T00:00:00.000Z,איסלנד,15,0,15
2021-07-23T00:00:00.000Z,איי סיישל,1,2,3
2021-07-23T00:00:00.000Z,איי טורקס וקייקוס,6,2,8
2021-07-23T00:00:00.000Z,איטליה,560,107,667
2021-07-23T00:00:00.000Z,לוכסמבורג,0,1,1
2021-07-23T00:00:00.000Z,אורגוואי,3,0,3
2021-07-23T00:00:00.000Z,אוקראינה,435,162,597
2021-07-23T00:00:00.000Z,אוסטרליה,1,0,1
2021-07-24T00:00:00.000Z,מאלי,1,0,1
2021-07-24T00:00:00.000Z,איחוד האמירויות הערב,67,29,96
2021-07-24T00:00:00.000Z,תורכמניסטאן,27,10,37
2021-07-24T00:00:00.000Z,תורכיה,2789,1550,4339
2021-07-24T00:00:00.000Z,תאילנד,4,1,5
2021-07-24T00:00:00.000Z,שוויץ,112,44,156
2021-07-24T00:00:00.000Z,שוודיה,14,2,16
2021-07-24T00:00:00.000Z,רוסיה,2,1,3
2021-07-24T00:00:00.000Z,רומניה,346,71,417
2021-07-24T00:00:00.000Z,רואנדה,4,0,4
2021-07-24T00:00:00.000Z,קרואטיה,18,0,18
2021-07-24T00:00:00.000Z,קפריסין,261,79,340
2021-07-24T00:00:00.000Z,קניה,3,2,5
2021-07-24T00:00:00.000Z,קנדה,11,45,56
2021-07-24T00:00:00.000Z,קמרון,2,0,2
2021-07-24T00:00:00.000Z,קירג'זסטאן,15,0,15
2021-07-24T00:00:00.000Z,קזחסטאן,0,1,1
2021-07-24T00:00:00.000Z,קוריאה הדרומית,2,0,2
2021-07-24T00:00:00.000Z,קוסטה ריקה,4,1,5
2021-07-24T00:00:00.000Z,צרפת,184,95,279
2021-07-24T00:00:00.000Z,צכיה,8,3,11
2021-07-24T00:00:00.000Z,פרו,1,1,2
2021-07-24T00:00:00.000Z,פנמה,0,1,1
2021-07-24T00:00:00.000Z,פינלנד,3,1,4
2021-07-24T00:00:00.000Z,פיליפינים,0,9,9
2021-07-24T00:00:00.000Z,פורטוגל,26,3,29
2021-07-24T00:00:00.000Z,פולינזיה הצרפתית,1,0,1
2021-07-24T00:00:00.000Z,פולין,160,24,184
2021-07-24T00:00:00.000Z,סרי לנקה (צילון),0,2,2
2021-07-24T00:00:00.000Z,סרביה,0,1,1
2021-07-24T00:00:00.000Z,ספרד,8,6,14
2021-07-24T00:00:00.000Z,סלובקיה,1,0,1
2021-07-24T00:00:00.000Z,סלובניה,12,8,20
2021-07-24T00:00:00.000Z,סינגפור,2,5,7
2021-07-24T00:00:00.000Z,סין,1,4,5
2021-07-24T00:00:00.000Z,ניגריה,5,6,11
2021-07-24T00:00:00.000Z,נורבגיה,1,0,1
2021-07-24T00:00:00.000Z,מרוקו,1,0,1
2021-07-24T00:00:00.000Z,מקסיקו,0,1,1
2021-07-24T00:00:00.000Z,מקדוניה,4,1,5
2021-07-24T00:00:00.000Z,מצרים,1309,842,2151
2021-07-24T00:00:00.000Z,מלטה,2,0,2
2021-07-24T00:00:00.000Z,מלדיבים,48,11,59
2021-07-24T00:00:00.000Z,מונקו,1,0,1
2021-07-24T00:00:00.000Z,מונטנגרו,119,15,134
2021-07-24T00:00:00.000Z,אוגנדה,7,1,8
2021-07-24T00:00:00.000Z,ליטא,5,4,9
2021-07-24T00:00:00.000Z,לטביה,57,5,62
2021-07-24T00:00:00.000Z,לוכסמבורג,0,4,4
2021-07-24T00:00:00.000Z,כלל המדינות,10130,6571,16701
2021-07-24T00:00:00.000Z,ירדן,6,18,24
2021-07-24T00:00:00.000Z,יוון,1836,280,2116
2021-07-24T00:00:00.000Z,טנזניה,9,1,10
2021-07-24T00:00:00.000Z,טיוואן,1,1,2
2021-07-24T00:00:00.000Z,טוגו,3,0,3
2021-07-24T00:00:00.000Z,חוף השנהב,1,1,2
2021-07-24T00:00:00.000Z,הרפ הדומיניקנית,1,1,2
2021-07-24T00:00:00.000Z,הממלכה המאוחדת,70,120,190
2021-07-24T00:00:00.000Z,הונגריה,70,29,99
2021-07-24T00:00:00.000Z,הונג קונג,0,1,1
2021-07-24T00:00:00.000Z,הולנד,231,45,276
2021-07-24T00:00:00.000Z,האנטילים ההולנדים,5,5,10
2021-07-24T00:00:00.000Z,דרום אפריקה,0,6,6
2021-07-24T00:00:00.000Z,דנמרק,12,9,21
2021-07-24T00:00:00.000Z,גרמניה,270,106,376
2021-07-24T00:00:00.000Z,גבון,1,0,1
2021-07-24T00:00:00.000Z,גאנה,1,4,5
2021-07-24T00:00:00.000Z,גאורגיה,154,43,197
2021-07-24T00:00:00.000Z,בנין (דהומי),1,0,1
2021-07-24T00:00:00.000Z,בלגיה,3,0,3
2021-07-24T00:00:00.000Z,בורקינה פאסו,1,0,1
2021-07-24T00:00:00.000Z,בוסניה הרצגובינה,9,3,12
2021-07-24T00:00:00.000Z,בוליביה,1,0,1
2021-07-24T00:00:00.000Z,בולגריה,102,26,128
2021-07-24T00:00:00.000Z,אתיופיה,15,8,23
2021-07-24T00:00:00.000Z,ארצות הברית,481,749,1230
2021-07-24T00:00:00.000Z,ארמניה,9,1,10
2021-07-24T00:00:00.000Z,אריתראה,1,0,1
2021-07-24T00:00:00.000Z,אסטוניה,7,0,7
2021-07-24T00:00:00.000Z,אלבניה,1,0,1
2021-07-24T00:00:00.000Z,אירלנד,4,4,8
2021-07-24T00:00:00.000Z,איסלנד,66,1,67
2021-07-24T00:00:00.000Z,איי סיישל,1,0,1
2021-07-24T00:00:00.000Z,איי טורקס וקייקוס,4,2,6
2021-07-24T00:00:00.000Z,איטליה,250,61,311
2021-07-24T00:00:00.000Z,אזרביג'אן,1,4,5
2021-07-24T00:00:00.000Z,אוקראינה,239,53,292
2021-07-24T00:00:00.000Z,אוסטרליה,1,0,1
2021-07-24T00:00:00.000Z,אוסטריה,254,51,305
2021-07-24T00:00:00.000Z,אוזבקיסטן,4,3,7
2021-07-24T00:00:00.000Z,אבחזיסטאן,2,3,5
2021-07-25T00:00:00.000Z,בלגיה,56,63,119
2021-07-25T00:00:00.000Z,בילורוסיה,74,57,131
2021-07-25T00:00:00.000Z,בוסניה הרצגובינה,8,8,16
2021-07-25T00:00:00.000Z,בוליביה,1,0,1
2021-07-25T00:00:00.000Z,תורכמניסטאן,29,10,39
2021-07-25T00:00:00.000Z,תורכיה,3012,1639,4651
2021-07-25T00:00:00.000Z,תאילנד,66,15,81
2021-07-25T00:00:00.000Z,שוויץ,336,131,467
2021-07-25T00:00:00.000Z,שוודיה,12,17,29
2021-07-25T00:00:00.000Z,רפ מרכז אפריקנית,3,0,3
2021-07-25T00:00:00.000Z,רוסיה,18,77,95
2021-07-25T00:00:00.000Z,רומניה,223,41,264
2021-07-25T00:00:00.000Z,קרואטיה,12,3,15
2021-07-25T00:00:00.000Z,קפריסין,570,185,755
2021-07-25T00:00:00.000Z,קניה,0,1,1
2021-07-25T00:00:00.000Z,קנדה,5,77,82
2021-07-25T00:00:00.000Z,קמרון,1,0,1
2021-07-25T00:00:00.000Z,בולגריה,749,96,845
2021-07-25T00:00:00.000Z,בהמס,2,1,3
2021-07-25T00:00:00.000Z,ארצות הברית,628,641,1269
2021-07-25T00:00:00.000Z,ארמניה,1,0,1
2021-07-25T00:00:00.000Z,ארגנטינה,0,1,1
2021-07-25T00:00:00.000Z,אסטוניה,7,0,7
2021-07-25T00:00:00.000Z,אלבניה,85,9,94
2021-07-25T00:00:00.000Z,אירלנד,4,0,4
2021-07-25T00:00:00.000Z,איסלנד,63,1,64
2021-07-25T00:00:00.000Z,איחוד האמירויות הערב,66,37,103
2021-07-25T00:00:00.000Z,קירג'זסטאן,6,0,6
2021-07-25T00:00:00.000Z,קטר,0,2,2
2021-07-25T00:00:00.000Z,קזחסטאן,5,2,7
2021-07-25T00:00:00.000Z,קוריאה הדרומית,3,5,8
2021-07-25T00:00:00.000Z,אינדונזיה,1,0,1
2021-07-25T00:00:00.000Z,איי סיישל,1,1,2
2021-07-25T00:00:00.000Z,איי טורקס וקייקוס,2,2,4
2021-07-25T00:00:00.000Z,איטליה,632,100,732
2021-07-25T00:00:00.000Z,אזרביג'אן,59,10,69
2021-07-25T00:00:00.000Z,אורגוואי,7,1,8
2021-07-25T00:00:00.000Z,אוקראינה,489,181,670
2021-07-25T00:00:00.000Z,אוסטרליה,1,14,15
2021-07-25T00:00:00.000Z,אוסטריה,184,52,236
2021-07-25T00:00:00.000Z,אוזבקיסטן,6,0,6
2021-07-25T00:00:00.000Z,אבחזיסטאן,1,0,1
2021-07-25T00:00:00.000Z,פורטוגל,18,2,20
2021-07-25T00:00:00.000Z,פולין,64,7,71
2021-07-25T00:00:00.000Z,עירק,0,1,1
2021-07-25T00:00:00.000Z,ספרד,128,24,152
2021-07-25T00:00:00.000Z,סלובניה,0,1,1
2021-07-25T00:00:00.000Z,סינגפור,3,4,7
2021-07-25T00:00:00.000Z,סין,0,1,1
2021-07-25T00:00:00.000Z,ניו זילנד,0,2,2
2021-07-25T00:00:00.000Z,ניגריה,1,0,1
2021-07-25T00:00:00.000Z,נורבגיה,2,0,2
2021-07-25T00:00:00.000Z,מרוקו,5,1,6
2021-07-25T00:00:00.000Z,מקסיקו,5,5,10
2021-07-25T00:00:00.000Z,מצרים,745,448,1193
2021-07-25T00:00:00.000Z,מלדיבים,48,8,56
2021-07-25T00:00:00.000Z,מונקו,0,1,1
2021-07-25T00:00:00.000Z,מולדובה,101,46,147
2021-07-25T00:00:00.000Z,מאלי,8,1,9
2021-07-25T00:00:00.000Z,ליטא,95,8,103
2021-07-25T00:00:00.000Z,לטביה,3,0,3
2021-07-25T00:00:00.000Z,לוכסמבורג,0,5,5
2021-07-25T00:00:00.000Z,לבנון,3,2,5
2021-07-25T00:00:00.000Z,כלל המדינות,16825,9515,26340
2021-07-25T00:00:00.000Z,ירדן,1222,701,1923
2021-07-25T00:00:00.000Z,יוון,3421,418,3839
2021-07-25T00:00:00.000Z,טיוואן,1,0,1
2021-07-25T00:00:00.000Z,טוגו,1,0,1
2021-07-25T00:00:00.000Z,ונצואלה,0,1,1
2021-07-25T00:00:00.000Z,הממלכה המאוחדת,133,264,397
2021-07-25T00:00:00.000Z,הונגריה,139,39,178
2021-07-25T00:00:00.000Z,הונג קונג,1,1,2
2021-07-25T00:00:00.000Z,הולנד,325,120,445
2021-07-25T00:00:00.000Z,הודו,0,1,1
2021-07-25T00:00:00.000Z,דנמרק,14,5,19
2021-07-25T00:00:00.000Z,גרמניה,500,219,719
2021-07-25T00:00:00.000Z,גאורגיה,577,156,733
2021-07-25T00:00:00.000Z,ברזיל,0,2,2
2021-07-25T00:00:00.000Z,בנין (דהומי),1,0,1
2021-07-25T00:00:00.000Z,פיליפינים,1,5,6
2021-07-25T00:00:00.000Z,פינלנד,1,2,3
2021-07-25T00:00:00.000Z,פנמה,1,0,1
2021-07-25T00:00:00.000Z,פרגוואי,1,0,1
2021-07-25T00:00:00.000Z,פרו,1,0,1
2021-07-25T00:00:00.000Z,צכיה,171,35,206
2021-07-25T00:00:00.000Z,צרפת,678,475,1153
2021-07-25T00:00:00.000Z,קובה,1,0,1
2021-07-25T00:00:00.000Z,קולומביה,0,1,1
2021-07-25T00:00:00.000Z,קוסטה ריקה,2,0,2
2021-07-26T00:00:00.000Z,מאלי,4,3,7
2021-07-26T00:00:00.000Z,צכיה,277,60,337
2021-07-26T00:00:00.000Z,איחוד האמירויות הערב,23,5,28
2021-07-26T00:00:00.000Z,תורכמניסטאן,51,16,67
2021-07-26T00:00:00.000Z,תורכיה,2320,1333,3653
2021-07-26T00:00:00.000Z,תאילנד,2,8,10
2021-07-26T00:00:00.000Z,שוויץ,264,130,394
2021-07-26T00:00:00.000Z,שוודיה,4,3,7
2021-07-26T00:00:00.000Z,רוסיה,57,112,169
2021-07-26T00:00:00.000Z,רומניה,425,65,490
2021-07-26T00:00:00.000Z,קרואטיה,17,2,19
2021-07-26T00:00:00.000Z,קפריסין,215,62,277
2021-07-26T00:00:00.000Z,קנדה,3,10,13
2021-07-26T00:00:00.000Z,קירג'זסטאן,2,1,3
2021-07-26T00:00:00.000Z,קזחסטאן,1,0,1
2021-07-26T00:00:00.000Z,קוריאה הדרומית,0,1,1
2021-07-26T00:00:00.000Z,קוסטה ריקה,12,1,13
2021-07-26T00:00:00.000Z,קולומביה,5,1,6
2021-07-26T00:00:00.000Z,צרפת,538,364,902
2021-07-26T00:00:00.000Z,אוזבקיסטן,8,6,14
2021-07-26T00:00:00.000Z,אוסטריה,517,115,632
2021-07-26T00:00:00.000Z,אוסטרליה,3,5,8
2021-07-26T00:00:00.000Z,אוקראינה,566,209,775
2021-07-26T00:00:00.000Z,אורגוואי,3,0,3
2021-07-26T00:00:00.000Z,אזרביג'אן,1,5,6
2021-07-26T00:00:00.000Z,איטליה,612,97,709
2021-07-26T00:00:00.000Z,איי טורקס וקייקוס,2,2,4
2021-07-26T00:00:00.000Z,איסלנד,304,9,313
2021-07-26T00:00:00.000Z,אירלנד,5,2,7
2021-07-26T00:00:00.000Z,אנגולה,3,0,3
2021-07-26T00:00:00.000Z,אנדורה,1,0,1
2021-07-26T00:00:00.000Z,אסטוניה,3,0,3
2021-07-26T00:00:00.000Z,אקואדור,1,2,3
2021-07-26T00:00:00.000Z,ארמניה,8,0,8
2021-07-26T00:00:00.000Z,ארצות הברית,899,1627,2526
2021-07-26T00:00:00.000Z,אתיופיה,17,9,26
2021-07-26T00:00:00.000Z,בוטסואנה,1,0,1
2021-07-26T00:00:00.000Z,בולגריה,633,95,728
2021-07-26T00:00:00.000Z,בוליביה,1,1,2
2021-07-26T00:00:00.000Z,בוסניה הרצגובינה,5,0,5
2021-07-26T00:00:00.000Z,בילורוסיה,5,16,21
2021-07-26T00:00:00.000Z,בלגיה,122,122,244
2021-07-26T00:00:00.000Z,בנין (דהומי),0,1,1
2021-07-26T00:00:00.000Z,ברזיל,1,6,7
2021-07-26T00:00:00.000Z,פרו,2,1,3
2021-07-26T00:00:00.000Z,פנמה,2,2,4
2021-07-26T00:00:00.000Z,פינלנד,4,3,7
2021-07-26T00:00:00.000Z,פיליפינים,1,14,15
2021-07-26T00:00:00.000Z,פורטוגל,153,20,173
2021-07-26T00:00:00.000Z,פורטו ריקו,0,1,1
2021-07-26T00:00:00.000Z,פולין,109,9,118
2021-07-26T00:00:00.000Z,סרביה,90,12,102
2021-07-26T00:00:00.000Z,ספרד,43,10,53
2021-07-26T00:00:00.000Z,סינגפור,0,1,1
2021-07-26T00:00:00.000Z,סוריה,1,5,6
2021-07-26T00:00:00.000Z,ניגריה,1,0,1
2021-07-26T00:00:00.000Z,נורבגיה,1,0,1
2021-07-26T00:00:00.000Z,מרוקו,12,2,14
2021-07-26T00:00:00.000Z,מקסיקו,2,1,3
2021-07-26T00:00:00.000Z,מצרים,603,374,977
2021-07-26T00:00:00.000Z,מלטה,0,1,1
2021-07-26T00:00:00.000Z,מלדיבים,38,2,40
2021-07-26T00:00:00.000Z,מונטנגרו,151,28,179
2021-07-26T00:00:00.000Z,מולדובה,3,3,6
2021-07-26T00:00:00.000Z,ליטא,2,0,2
2021-07-26T00:00:00.000Z,לטביה,7,0,7
2021-07-26T00:00:00.000Z,גאורגיה,748,181,929
2021-07-26T00:00:00.000Z,גאנה,1,0,1
2021-07-26T00:00:00.000Z,גווטאמלה,1,0,1
2021-07-26T00:00:00.000Z,גיברלטר,2,4,6
2021-07-26T00:00:00.000Z,גרמניה,390,175,565
2021-07-26T00:00:00.000Z,גרנדה,1,1,2
2021-07-26T00:00:00.000Z,דנמרק,7,6,13
2021-07-26T00:00:00.000Z,דרום אפריקה,1,2,3
2021-07-26T00:00:00.000Z,הודו,18,39,57
2021-07-26T00:00:00.000Z,הולנד,150,58,208
2021-07-26T00:00:00.000Z,הונג קונג,1,0,1
2021-07-26T00:00:00.000Z,הונגריה,47,4,51
2021-07-26T00:00:00.000Z,הממלכה המאוחדת,246,319,565
2021-07-26T00:00:00.000Z,ויטנאם,0,4,4
2021-07-26T00:00:00.000Z,זאיר,0,1,1
2021-07-26T00:00:00.000Z,זמביה,1,4,5
2021-07-26T00:00:00.000Z,טג'יקיסטאן,1,0,1
2021-07-26T00:00:00.000Z,טנזניה,24,0,24
2021-07-26T00:00:00.000Z,יוון,2731,276,3007
2021-07-26T00:00:00.000Z,יפן,0,2,2
2021-07-26T00:00:00.000Z,ירדן,294,155,449
2021-07-26T00:00:00.000Z,כלל המדינות,14757,9847,24604
2021-07-26T00:00:00.000Z,לוכסמבורג,1,0,1
2021-07-27T00:00:00.000Z,ירדן,148,120,268
2021-07-27T00:00:00.000Z,מקסיקו,1,2,3
2021-07-27T00:00:00.000Z,קולומביה,1,0,1
2021-07-27T00:00:00.000Z,ניגריה,4,0,4
2021-07-27T00:00:00.000Z,ניו זילנד,0,1,1
2021-07-27T00:00:00.000Z,סוריה,5,2,7
2021-07-27T00:00:00.000Z,סין,0,4,4
2021-07-27T00:00:00.000Z,סינגפור,1,0,1
2021-07-27T00:00:00.000Z,סלובניה,1,0,1
2021-07-27T00:00:00.000Z,סנגל,1,0,1
2021-07-27T00:00:00.000Z,ספרד,101,26,127
2021-07-27T00:00:00.000Z,סרביה,124,30,154
2021-07-27T00:00:00.000Z,סרי לנקה (צילון),2,1,3
2021-07-27T00:00:00.000Z,ערב הסעודית,0,1,1
2021-07-27T00:00:00.000Z,פולין,227,45,272
2021-07-27T00:00:00.000Z,פורטוגל,16,3,19
2021-07-27T00:00:00.000Z,פיליפינים,2,1,3
2021-07-27T00:00:00.000Z,פינלנד,3,6,9
2021-07-27T00:00:00.000Z,פנמה,5,1,6
2021-07-27T00:00:00.000Z,פרו,12,5,17
2021-07-27T00:00:00.000Z,צ'ילה,1,2,3
2021-07-27T00:00:00.000Z,צכיה,168,40,208
2021-07-27T00:00:00.000Z,צרפת,469,313,782
2021-07-27T00:00:00.000Z,תורכמניסטאן,26,10,36
2021-07-27T00:00:00.000Z,תורכיה,2295,1209,3504
2021-07-27T00:00:00.000Z,תוניסיה,2,0,2
2021-07-27T00:00:00.000Z,תאילנד,37,7,44
2021-07-27T00:00:00.000Z,שוויץ,165,91,256
2021-07-27T00:00:00.000Z,שוודיה,11,5,16
2021-07-27T00:00:00.000Z,רפ מרכז אפריקנית,1,0,1
2021-07-27T00:00:00.000Z,רוסיה,19,29,48
2021-07-27T00:00:00.000Z,רומניה,306,76,382
2021-07-27T00:00:00.000Z,קרואטיה,18,8,26
2021-07-27T00:00:00.000Z,קפריסין,207,107,314
2021-07-27T00:00:00.000Z,קניה,6,1,7
2021-07-27T00:00:00.000Z,קנדה,52,179,231
2021-07-27T00:00:00.000Z,קזחסטאן,0,4,4
2021-07-27T00:00:00.000Z,קוריאה הדרומית,2,4,6
2021-07-27T00:00:00.000Z,קוסטה ריקה,5,0,5
2021-07-27T00:00:00.000Z,מצרים,492,321,813
2021-07-27T00:00:00.000Z,מלטה,2,4,6
2021-07-27T00:00:00.000Z,מלדיבים,11,5,16
2021-07-27T00:00:00.000Z,מונטנגרו,2,2,4
2021-07-27T00:00:00.000Z,מולדובה,59,22,81
2021-07-27T00:00:00.000Z,ליטא,4,0,4
2021-07-27T00:00:00.000Z,לטביה,70,12,82
2021-07-27T00:00:00.000Z,כלל המדינות,12050,8218,20268
2021-07-27T00:00:00.000Z,מרוקו,8,0,8
2021-07-27T00:00:00.000Z,יפן,5,1,6
2021-07-27T00:00:00.000Z,יוון,2119,264,2383
2021-07-27T00:00:00.000Z,טנזניה,3,0,3
2021-07-27T00:00:00.000Z,חוף השנהב,2,0,2
2021-07-27T00:00:00.000Z,הרפ הדומיניקנית,3,0,3
2021-07-27T00:00:00.000Z,הממלכה המאוחדת,179,300,479
2021-07-27T00:00:00.000Z,הונגריה,80,39,119
2021-07-27T00:00:00.000Z,הונג קונג,5,28,33
2021-07-27T00:00:00.000Z,הולנד,237,31,268
2021-07-27T00:00:00.000Z,הודו,1,0,1
2021-07-27T00:00:00.000Z,האנטילים ההולנדים,1,0,1
2021-07-27T00:00:00.000Z,דרום אפריקה,2,1,3
2021-07-27T00:00:00.000Z,דרום אמריקה,0,2,2
2021-07-27T00:00:00.000Z,דנמרק,29,8,37
2021-07-27T00:00:00.000Z,גרמניה,499,138,637
2021-07-27T00:00:00.000Z,גמביה,3,0,3
2021-07-27T00:00:00.000Z,גינאה,1,0,1
2021-07-27T00:00:00.000Z,גויאנה הצרפתית,1,0,1
2021-07-27T00:00:00.000Z,גווטאמלה,2,0,2
2021-07-27T00:00:00.000Z,גאנה,2,0,2
2021-07-27T00:00:00.000Z,גאורגיה,406,96,502
2021-07-27T00:00:00.000Z,בלגיה,4,8,12
2021-07-27T00:00:00.000Z,בילורוסיה,1,0,1
2021-07-27T00:00:00.000Z,בוסניה הרצגובינה,32,10,42
2021-07-27T00:00:00.000Z,בולגריה,470,74,544
2021-07-27T00:00:00.000Z,אתיופיה,19,5,24
2021-07-27T00:00:00.000Z,ארצות הברית,768,1026,1794
2021-07-27T00:00:00.000Z,ארמניה,1,0,1
2021-07-27T00:00:00.000Z,ארגנטינה,3,2,5
2021-07-27T00:00:00.000Z,אקואדור,3,1,4
2021-07-27T00:00:00.000Z,אסטוניה,8,2,10
2021-07-27T00:00:00.000Z,אנגולה,1,0,1
2021-07-27T00:00:00.000Z,אלבניה,114,5,119
2021-07-27T00:00:00.000Z,אירלנד,5,1,6
2021-07-27T00:00:00.000Z,איסלנד,82,0,82
2021-07-27T00:00:00.000Z,איי סיישל,3,2,5
2021-07-27T00:00:00.000Z,קוסובו,0,4,4
2021-07-27T00:00:00.000Z,איחוד האמירויות הערב,29,19,48
2021-07-27T00:00:00.000Z,איי טורקס וקייקוס,1,0,1
2021-07-27T00:00:00.000Z,איטליה,412,114,526
2021-07-27T00:00:00.000Z,אזרביג'אן,11,54,65
2021-07-27T00:00:00.000Z,אורגוואי,6,1,7
2021-07-27T00:00:00.000Z,אוקראינה,317,201,518
2021-07-27T00:00:00.000Z,אוסטרליה,2,2,4
2021-07-27T00:00:00.000Z,אוסטריה,284,62,346
2021-07-27T00:00:00.000Z,אוזבקיסטן,1,4,5
2021-07-28T00:00:00.000Z,קרואטיה,21,4,25
2021-07-28T00:00:00.000Z,איחוד האמירויות הערב,25,21,46
2021-07-28T00:00:00.000Z,תורכמניסטאן,38,24,62
2021-07-28T00:00:00.000Z,תורכיה,1944,1115,3059
2021-07-28T00:00:00.000Z,תוניסיה,1,0,1
2021-07-28T00:00:00.000Z,תאילנד,8,0,8
2021-07-28T00:00:00.000Z,שוויץ,341,172,513
2021-07-28T00:00:00.000Z,שוודיה,9,8,17
2021-07-28T00:00:00.000Z,רוסיה,39,51,90
2021-07-28T00:00:00.000Z,רומניה,397,121,518
2021-07-28T00:00:00.000Z,רואנדה,19,0,19
2021-07-28T00:00:00.000Z,קפריסין,221,84,305
2021-07-28T00:00:00.000Z,קניה,12,3,15
2021-07-28T00:00:00.000Z,קנדה,13,66,79
2021-07-28T00:00:00.000Z,קמרון,0,1,1
2021-07-28T00:00:00.000Z,קזחסטאן,6,7,13
2021-07-28T00:00:00.000Z,אבחזיסטאן,2,2,4
2021-07-28T00:00:00.000Z,אוזבקיסטן,4,0,4
2021-07-28T00:00:00.000Z,אוסטריה,383,90,473
2021-07-28T00:00:00.000Z,אוסטרליה,1,18,19
2021-07-28T00:00:00.000Z,אוקראינה,548,246,794
2021-07-28T00:00:00.000Z,אורגוואי,1,0,1
2021-07-28T00:00:00.000Z,אזרביג'אן,5,0,5
2021-07-28T00:00:00.000Z,איטליה,791,220,1011
2021-07-28T00:00:00.000Z,איי גילברט ואליס,0,1,1
2021-07-28T00:00:00.000Z,איי טורקס וקייקוס,3,0,3
2021-07-28T00:00:00.000Z,איסלנד,57,0,57
2021-07-28T00:00:00.000Z,אירלנד,2,7,9
2021-07-28T00:00:00.000Z,אנגולה,1,1,2
2021-07-28T00:00:00.000Z,אקואדור,1,0,1
2021-07-28T00:00:00.000Z,ארגנטינה,1,2,3
2021-07-28T00:00:00.000Z,ארמניה,3,0,3
2021-07-28T00:00:00.000Z,ארצות הברית,878,1331,2209
2021-07-28T00:00:00.000Z,אתיופיה,15,21,36
2021-07-28T00:00:00.000Z,בולגריה,523,147,670
2021-07-28T00:00:00.000Z,בוסניה הרצגובינה,1,3,4
2021-07-28T00:00:00.000Z,בילורוסיה,58,38,96
2021-07-28T00:00:00.000Z,בלגיה,36,61,97
2021-07-28T00:00:00.000Z,ברזיל,2,1,3
2021-07-28T00:00:00.000Z,גאורגיה,421,168,589
2021-07-28T00:00:00.000Z,גאנה,3,0,3
2021-07-28T00:00:00.000Z,גווטאמלה,2,0,2
2021-07-28T00:00:00.000Z,גמביה,1,0,1
2021-07-28T00:00:00.000Z,גרמניה,447,243,690
2021-07-28T00:00:00.000Z,דנמרק,13,19,32
2021-07-28T00:00:00.000Z,דרום אמריקה,0,5,5
2021-07-28T00:00:00.000Z,דרום אפריקה,2,64,66
2021-07-28T00:00:00.000Z,דרום סודאן,1,0,1
2021-07-28T00:00:00.000Z,הודו,3,0,3
2021-07-28T00:00:00.000Z,הולנד,378,100,478
2021-07-28T00:00:00.000Z,הונג קונג,0,1,1
2021-07-28T00:00:00.000Z,הונגריה,89,56,145
2021-07-28T00:00:00.000Z,הממלכה המאוחדת,250,376,626
2021-07-28T00:00:00.000Z,ונצואלה,2,17,19
2021-07-28T00:00:00.000Z,זאיר,2,0,2
2021-07-28T00:00:00.000Z,זמביה,1,0,1
2021-07-28T00:00:00.000Z,חוף השנהב,1,0,1
2021-07-28T00:00:00.000Z,טוגו,0,1,1
2021-07-28T00:00:00.000Z,טונגה,0,1,1
2021-07-28T00:00:00.000Z,טיוואן,0,1,1
2021-07-28T00:00:00.000Z,טנזניה,141,12,153
2021-07-28T00:00:00.000Z,יוון,1350,166,1516
2021-07-28T00:00:00.000Z,יפן,8,7,15
2021-07-28T00:00:00.000Z,ירדן,177,116,293
2021-07-28T00:00:00.000Z,כלל המדינות,12491,9706,22197
2021-07-28T00:00:00.000Z,לוכסמבורג,1,1,2
2021-07-28T00:00:00.000Z,לטביה,1,1,2
2021-07-28T00:00:00.000Z,ליטא,3,0,3
2021-07-28T00:00:00.000Z,מוזמביק,1,0,1
2021-07-28T00:00:00.000Z,מולדובה,0,2,2
2021-07-28T00:00:00.000Z,מונטנגרו,164,9,173
2021-07-28T00:00:00.000Z,מונקו,1,3,4
2021-07-28T00:00:00.000Z,מלדיבים,31,6,37
2021-07-28T00:00:00.000Z,מלטה,2,0,2
2021-07-28T00:00:00.000Z,מצרים,565,411,976
2021-07-28T00:00:00.000Z,מקדוניה,2,1,3
2021-07-28T00:00:00.000Z,מקסיקו,0,1,1
2021-07-28T00:00:00.000Z,מרוקו,4,0,4
2021-07-28T00:00:00.000Z,נורבגיה,3,0,3
2021-07-28T00:00:00.000Z,ניגריה,2,0,2
2021-07-28T00:00:00.000Z,סוריה,5,0,5
2021-07-28T00:00:00.000Z,סין,6,73,79
2021-07-28T00:00:00.000Z,סינגפור,6,14,20
2021-07-28T00:00:00.000Z,סלובניה,125,10,135
2021-07-28T00:00:00.000Z,סנגל,1,0,1
2021-07-28T00:00:00.000Z,ספרד,13,12,25
2021-07-28T00:00:00.000Z,סרביה,14,2,16
2021-07-28T00:00:00.000Z,סרי לנקה (צילון),0,11,11
2021-07-28T00:00:00.000Z,פולין,62,33,95
2021-07-28T00:00:00.000Z,פולינזיה הצרפתית,0,1,1
2021-07-28T00:00:00.000Z,פורטוגל,141,39,180
2021-07-28T00:00:00.000Z,פיליפינים,1,47,48
2021-07-28T00:00:00.000Z,פינלנד,0,4,4
2021-07-28T00:00:00.000Z,פנמה,0,1,1
2021-07-28T00:00:00.000Z,פרגוואי,2,0,2
2021-07-28T00:00:00.000Z,צכיה,103,13,116
2021-07-28T00:00:00.000Z,צרפת,632,523,1155
2021-07-28T00:00:00.000Z,קולומביה,0,1,1
2021-07-28T00:00:00.000Z,קוסטה ריקה,7,0,7
2021-07-28T00:00:00.000Z,קוריאה הדרומית,2,1,3
2021-07-29T00:00:00.000Z,לוכסמבורג,1,0,1
2021-07-29T00:00:00.000Z,תורכמניסטאן,17,3,20
2021-07-29T00:00:00.000Z,שוויץ,229,162,391
2021-07-29T00:00:00.000Z,שוודיה,8,3,11
2021-07-29T00:00:00.000Z,רוסיה,66,144,210
2021-07-29T00:00:00.000Z,רומניה,276,71,347
2021-07-29T00:00:00.000Z,קרואטיה,7,3,10
2021-07-29T00:00:00.000Z,קפריסין,419,191,610
2021-07-29T00:00:00.000Z,קניה,16,4,20
2021-07-29T00:00:00.000Z,קנדה,2,10,12
2021-07-29T00:00:00.000Z,קמרון,1,0,1
2021-07-29T00:00:00.000Z,קירג'זסטאן,3,0,3
2021-07-29T00:00:00.000Z,קטר,5,0,5
2021-07-29T00:00:00.000Z,קוריאה הדרומית,1,0,1
2021-07-29T00:00:00.000Z,קוסטה ריקה,7,0,7
2021-07-29T00:00:00.000Z,קוסובו,5,0,5
2021-07-29T00:00:00.000Z,קונגו,2,0,2
2021-07-29T00:00:00.000Z,קולומביה,6,4,10
2021-07-29T00:00:00.000Z,צרפת,608,562,1170
2021-07-29T00:00:00.000Z,צכיה,107,39,146
2021-07-29T00:00:00.000Z,צ'ילה,1,3,4
2021-07-29T00:00:00.000Z,איחוד האמירויות הערב,82,31,113
2021-07-29T00:00:00.000Z,צאד,1,0,1
2021-07-29T00:00:00.000Z,פרו,5,0,5
2021-07-29T00:00:00.000Z,פנמה,9,18,27
2021-07-29T00:00:00.000Z,פינלנד,2,2,4
2021-07-29T00:00:00.000Z,פיליפינים,0,16,16
2021-07-29T00:00:00.000Z,פורטוגל,26,6,32
2021-07-29T00:00:00.000Z,פולינזיה הצרפתית,0,2,2
2021-07-29T00:00:00.000Z,פולין,137,59,196
2021-07-29T00:00:00.000Z,ערב הסעודית,0,2,2
2021-07-29T00:00:00.000Z,סרי לנקה (צילון),0,1,1
2021-07-29T00:00:00.000Z,סרביה,98,34,132
2021-07-29T00:00:00.000Z,ספרד,123,72,195
2021-07-29T00:00:00.000Z,סנגל,1,0,1
2021-07-29T00:00:00.000Z,סלובקיה,2,0,2
2021-07-29T00:00:00.000Z,סינגפור,0,1,1
2021-07-29T00:00:00.000Z,סין,1,3,4
2021-07-29T00:00:00.000Z,סווזילנד,1,0,1
2021-07-29T00:00:00.000Z,ניקרגואה,1,0,1
2021-07-29T00:00:00.000Z,ניו זילנד,0,1,1
2021-07-29T00:00:00.000Z,ניגריה,9,2,11
2021-07-29T00:00:00.000Z,נורבגיה,1,0,1
2021-07-29T00:00:00.000Z,מרוקו,98,9,107
2021-07-29T00:00:00.000Z,מקסיקו,0,3,3
2021-07-29T00:00:00.000Z,מקדוניה,5,0,5
2021-07-29T00:00:00.000Z,מצרים,660,296,956
2021-07-29T00:00:00.000Z,מלדיבים,24,5,29
2021-07-29T00:00:00.000Z,מלאווי,1,0,1
2021-07-29T00:00:00.000Z,מיאנמר (בורמה),1,1,2
2021-07-29T00:00:00.000Z,מונטנגרו,2,0,2
2021-07-29T00:00:00.000Z,מונגוליה,1,0,1
2021-07-29T00:00:00.000Z,מולדובה,117,66,183
2021-07-29T00:00:00.000Z,מוזמביק,2,0,2
2021-07-29T00:00:00.000Z,ליטא,88,4,92
2021-07-29T00:00:00.000Z,תאילנד,90,44,134
2021-07-29T00:00:00.000Z,לוב,2,0,2
2021-07-29T00:00:00.000Z,לבנון,0,13,13
2021-07-29T00:00:00.000Z,כלל המדינות,15068,11128,26196
2021-07-29T00:00:00.000Z,ירדן,421,221,642
2021-07-29T00:00:00.000Z,יפן,7,1,8
2021-07-29T00:00:00.000Z,יוון,2817,464,3281
2021-07-29T00:00:00.000Z,טנזניה,24,0,24
2021-07-29T00:00:00.000Z,טונגה,1,0,1
2021-07-29T00:00:00.000Z,חוף השנהב,5,0,5
2021-07-29T00:00:00.000Z,זמביה,1,0,1
2021-07-29T00:00:00.000Z,זימבאבווה,0,1,1
2021-07-29T00:00:00.000Z,הרפ הדומיניקנית,5,0,5
2021-07-29T00:00:00.000Z,הממלכה המאוחדת,468,1030,1498
2021-07-29T00:00:00.000Z,הונגריה,146,98,244
2021-07-29T00:00:00.000Z,הולנד,125,38,163
2021-07-29T00:00:00.000Z,האנטילים ההולנדים,1,0,1
2021-07-29T00:00:00.000Z,דרום סודאן,1,0,1
2021-07-29T00:00:00.000Z,דרום אפריקה,0,6,6
2021-07-29T00:00:00.000Z,דרום אמריקה,3,1,4
2021-07-29T00:00:00.000Z,דנמרק,25,14,39
2021-07-29T00:00:00.000Z,גרמניה,432,184,616
2021-07-29T00:00:00.000Z,גמייקה,0,4,4
2021-07-29T00:00:00.000Z,גינאה,1,0,1
2021-07-29T00:00:00.000Z,גיברלטר,0,1,1
2021-07-29T00:00:00.000Z,גויאנה הצרפתית,0,1,1
2021-07-29T00:00:00.000Z,גאנה,5,0,5
2021-07-29T00:00:00.000Z,גאורגיה,714,201,915
2021-07-29T00:00:00.000Z,ברזיל,7,2,9
2021-07-29T00:00:00.000Z,בלגיה,63,83,146
2021-07-29T00:00:00.000Z,בילורוסיה,0,1,1
2021-07-29T00:00:00.000Z,בחריין,3,1,4
2021-07-29T00:00:00.000Z,בוסניה הרצגובינה,17,12,29
2021-07-29T00:00:00.000Z,בולגריה,788,77,865
2021-07-29T00:00:00.000Z,אתיופיה,35,9,44
2021-07-29T00:00:00.000Z,ארצות הברית,1085,1415,2500
2021-07-29T00:00:00.000Z,ארמניה,63,4,67
2021-07-29T00:00:00.000Z,ארגנטינה,1,11,12
2021-07-29T00:00:00.000Z,אקואדור,2,0,2
2021-07-29T00:00:00.000Z,אפגניסטן,1,0,1
2021-07-29T00:00:00.000Z,אסטוניה,1,0,1
2021-07-29T00:00:00.000Z,אנגולה,1,0,1
2021-07-29T00:00:00.000Z,אלבניה,61,6,67
2021-07-29T00:00:00.000Z,אירלנד,5,1,6
2021-07-29T00:00:00.000Z,איסלנד,148,2,150
2021-07-29T00:00:00.000Z,איי סיישל,4,0,4
2021-07-29T00:00:00.000Z,איי טורקס וקייקוס,13,3,16
2021-07-29T00:00:00.000Z,איטליה,440,180,620
2021-07-29T00:00:00.000Z,אזרביג'אן,58,4,62
2021-07-29T00:00:00.000Z,אורגוואי,1,0,1
2021-07-29T00:00:00.000Z,אוקראינה,449,429,878
2021-07-29T00:00:00.000Z,אוסטרליה,0,10,10
2021-07-29T00:00:00.000Z,אוסטריה,183,64,247
2021-07-29T00:00:00.000Z,אוזבקיסטן,3,1,4
2021-07-29T00:00:00.000Z,אוגנדה,1,0,1
2021-07-29T00:00:00.000Z,תורכיה,1989,1002,2991
2021-07-30T00:00:00.000Z,נורבגיה,1,3,4
2021-07-30T00:00:00.000Z,אוסטרליה,9,4,13
2021-07-30T00:00:00.000Z,איחוד האמירויות הערב,10,3,13
2021-07-30T00:00:00.000Z,אוסטריה,582,163,745
2021-07-30T00:00:00.000Z,תורכמניסטאן,21,10,31
2021-07-30T00:00:00.000Z,תורכיה,1351,686,2037
2021-07-30T00:00:00.000Z,תוניסיה,1,0,1
2021-07-30T00:00:00.000Z,תאילנד,0,1,1
2021-07-30T00:00:00.000Z,שוויץ,442,177,619
2021-07-30T00:00:00.000Z,שוודיה,8,6,14
2021-07-30T00:00:00.000Z,רוסיה,45,26,71
2021-07-30T00:00:00.000Z,רומניה,449,71,520
2021-07-30T00:00:00.000Z,קרואטיה,18,10,28
2021-07-30T00:00:00.000Z,קפריסין,256,128,384
2021-07-30T00:00:00.000Z,קניה,0,1,1
2021-07-30T00:00:00.000Z,קנדה,48,90,138
2021-07-30T00:00:00.000Z,קירג'זסטאן,2,0,2
2021-07-30T00:00:00.000Z,קזחסטאן,10,1,11
2021-07-30T00:00:00.000Z,קוריאה הדרומית,9,5,14
2021-07-30T00:00:00.000Z,קוסטה ריקה,8,1,9
2021-07-30T00:00:00.000Z,קולומביה,1,0,1
2021-07-30T00:00:00.000Z,צרפת,337,273,610
2021-07-30T00:00:00.000Z,צכיה,283,39,322
2021-07-30T00:00:00.000Z,פרו,1,0,1
2021-07-30T00:00:00.000Z,פנמה,7,0,7
2021-07-30T00:00:00.000Z,פינלנד,61,20,81
2021-07-30T00:00:00.000Z,פיליפינים,0,4,4
2021-07-30T00:00:00.000Z,פורטוגל,17,2,19
2021-07-30T00:00:00.000Z,פולין,79,3,82
2021-07-30T00:00:00.000Z,סרביה,92,9,101
2021-07-30T00:00:00.000Z,ספרד,69,34,103
2021-07-30T00:00:00.000Z,סלובניה,6,3,9
2021-07-30T00:00:00.000Z,סינגפור,1,0,1
2021-07-30T00:00:00.000Z,סין,12,229,241
2021-07-30T00:00:00.000Z,נפאל,0,3,3
2021-07-30T00:00:00.000Z,ניגריה,5,0,5
2021-07-30T00:00:00.000Z,אוקראינה,414,205,619
2021-07-30T00:00:00.000Z,מרוקו,8,0,8
2021-07-30T00:00:00.000Z,מקסיקו,1,0,1
2021-07-30T00:00:00.000Z,מקדוניה,1,0,1
2021-07-30T00:00:00.000Z,מצרים,634,347,981
2021-07-30T00:00:00.000Z,מלדיבים,74,25,99
2021-07-30T00:00:00.000Z,מונקו,1,1,2
2021-07-30T00:00:00.000Z,מונטנגרו,250,19,269
2021-07-30T00:00:00.000Z,מאלי,3,0,3
2021-07-30T00:00:00.000Z,לטביה,6,0,6
2021-07-30T00:00:00.000Z,כלל המדינות,12571,7401,19972
2021-07-30T00:00:00.000Z,ירדן,6,37,43
2021-07-30T00:00:00.000Z,יפן,6,5,11
2021-07-30T00:00:00.000Z,יוון,2123,334,2457
2021-07-30T00:00:00.000Z,טנזניה,3,0,3
2021-07-30T00:00:00.000Z,חוף השנהב,1,0,1
2021-07-30T00:00:00.000Z,זאיר,1,0,1
2021-07-30T00:00:00.000Z,הרפ הדומיניקנית,1,0,1
2021-07-30T00:00:00.000Z,הממלכה המאוחדת,199,278,477
2021-07-30T00:00:00.000Z,הונגריה,88,37,125
2021-07-30T00:00:00.000Z,הונג קונג,1,7,8
2021-07-30T00:00:00.000Z,הולנד,228,70,298
2021-07-30T00:00:00.000Z,דנמרק,26,9,35
2021-07-30T00:00:00.000Z,דומיניקה,1,0,1
2021-07-30T00:00:00.000Z,גרמניה,519,205,724
2021-07-30T00:00:00.000Z,גמייקה,1,0,1
2021-07-30T00:00:00.000Z,גמביה,0,1,1
2021-07-30T00:00:00.000Z,גינאה המשוונית,1,0,1
2021-07-30T00:00:00.000Z,גיברלטר,1,2,3
2021-07-30T00:00:00.000Z,גווטאמלה,5,1,6
2021-07-30T00:00:00.000Z,גאנה,2,0,2
2021-07-30T00:00:00.000Z,גאורגיה,469,93,562
2021-07-30T00:00:00.000Z,ברבדוס,0,5,5
2021-07-30T00:00:00.000Z,בליז,1,0,1
2021-07-30T00:00:00.000Z,בלגיה,85,60,145
2021-07-30T00:00:00.000Z,בוסניה הרצגובינה,3,1,4
2021-07-30T00:00:00.000Z,בולגריה,488,80,568
2021-07-30T00:00:00.000Z,בהמס,2,0,2
2021-07-30T00:00:00.000Z,אתיופיה,4,2,6
2021-07-30T00:00:00.000Z,ארצות הברית,1208,1022,2230
2021-07-30T00:00:00.000Z,ארמניה,2,3,5
2021-07-30T00:00:00.000Z,ארגנטינה,0,3,3
2021-07-30T00:00:00.000Z,אסטוניה,8,0,8
2021-07-30T00:00:00.000Z,אנדורה,1,0,1
2021-07-30T00:00:00.000Z,אנגולה,3,0,3
2021-07-30T00:00:00.000Z,אירלנד,15,1,16
2021-07-30T00:00:00.000Z,איסלנד,23,2,25
2021-07-30T00:00:00.000Z,איי טורקס וקייקוס,2,2,4
2021-07-30T00:00:00.000Z,איי גילברט ואליס,2,0,2
2021-07-30T00:00:00.000Z,איטליה,640,154,794
2021-07-30T00:00:00.000Z,אזרביג'אן,12,2,14
2021-07-30T00:00:00.000Z,אורגוואי,2,1,3
2021-07-31T00:00:00.000Z,מוזמביק,1,0,1
2021-07-31T00:00:00.000Z,תורכיה,1756,882,2638
2021-07-31T00:00:00.000Z,תורכמניסטאן,10,4,14
2021-07-31T00:00:00.000Z,שוויץ,107,23,130
2021-07-31T00:00:00.000Z,תאילנד,5,0,5
2021-07-31T00:00:00.000Z,רוסיה,1,2,3
2021-07-31T00:00:00.000Z,רומניה,424,104,528
2021-07-31T00:00:00.000Z,רואנדה,2,0,2
2021-07-31T00:00:00.000Z,קרואטיה,16,3,19
2021-07-31T00:00:00.000Z,קפריסין,123,30,153
2021-07-31T00:00:00.000Z,קניה,11,4,15
2021-07-31T00:00:00.000Z,קנדה,13,68,81
2021-07-31T00:00:00.000Z,קמבודיה,0,1,1
2021-07-31T00:00:00.000Z,קירג'זסטאן,4,0,4
2021-07-31T00:00:00.000Z,קטר,1,3,4
2021-07-31T00:00:00.000Z,קזחסטאן,3,4,7
2021-07-31T00:00:00.000Z,קוריאה הדרומית,1,2,3
2021-07-31T00:00:00.000Z,קולומביה,0,2,2
2021-07-31T00:00:00.000Z,צרפת,297,259,556
2021-07-31T00:00:00.000Z,צכיה,7,0,7
2021-07-31T00:00:00.000Z,צ'ילה,4,0,4
2021-07-31T00:00:00.000Z,פרו,1,1,2
2021-07-31T00:00:00.000Z,פנמה,0,1,1
2021-07-31T00:00:00.000Z,פינלנד,19,10,29
2021-07-31T00:00:00.000Z,פיליפינים,2,23,25
2021-07-31T00:00:00.000Z,פורטוגל,20,2,22
2021-07-31T00:00:00.000Z,פולין,145,21,166
2021-07-31T00:00:00.000Z,סרי לנקה (צילון),1,0,1
2021-07-31T00:00:00.000Z,סרביה,49,16,65
2021-07-31T00:00:00.000Z,ספרד,12,3,15
2021-07-31T00:00:00.000Z,סלובקיה,1,0,1
2021-07-31T00:00:00.000Z,שוודיה,11,6,17
2021-07-31T00:00:00.000Z,סלובניה,4,4,8
2021-07-31T00:00:00.000Z,סינגפור,1,5,6
2021-07-31T00:00:00.000Z,סין,0,4,4
2021-07-31T00:00:00.000Z,נמיביה,4,1,5
2021-07-31T00:00:00.000Z,ניו זילנד,1,0,1
2021-07-31T00:00:00.000Z,ניגריה,8,3,11
2021-07-31T00:00:00.000Z,ניגר,0,1,1
2021-07-31T00:00:00.000Z,מרוקו,7,2,9
2021-07-31T00:00:00.000Z,מקסיקו,2,5,7
2021-07-31T00:00:00.000Z,מצרים,950,466,1416
2021-07-31T00:00:00.000Z,מלטה,1,5,6
2021-07-31T00:00:00.000Z,מלדיבים,74,8,82
2021-07-31T00:00:00.000Z,מונקו,2,0,2
2021-07-31T00:00:00.000Z,מונטנגרו,166,8,174
2021-07-31T00:00:00.000Z,מולדובה,44,24,68
2021-07-31T00:00:00.000Z,איחוד האמירויות הערב,40,18,58
2021-07-31T00:00:00.000Z,מאלי,5,0,5
2021-07-31T00:00:00.000Z,ליטא,15,1,16
2021-07-31T00:00:00.000Z,לטביה,67,21,88
2021-07-31T00:00:00.000Z,כלל המדינות,8968,5747,14715
2021-07-31T00:00:00.000Z,ירדן,4,21,25
2021-07-31T00:00:00.000Z,יפן,4,1,5
2021-07-31T00:00:00.000Z,יוון,1559,186,1745
2021-07-31T00:00:00.000Z,טנזניה,33,3,36
2021-07-31T00:00:00.000Z,חוף השנהב,4,0,4
2021-07-31T00:00:00.000Z,ויטנאם,1,0,1
2021-07-31T00:00:00.000Z,הרפ הדומיניקנית,6,0,6
2021-07-31T00:00:00.000Z,הממלכה המאוחדת,48,61,109
2021-07-31T00:00:00.000Z,הונגריה,84,39,123
2021-07-31T00:00:00.000Z,הולנד,170,34,204
2021-07-31T00:00:00.000Z,דרום אפריקה,1,2,3
2021-07-31T00:00:00.000Z,דנמרק,17,9,26
2021-07-31T00:00:00.000Z,גרנדה,0,1,1
2021-07-31T00:00:00.000Z,גרמניה,306,106,412
2021-07-31T00:00:00.000Z,גינאה המשוונית,0,1,1
2021-07-31T00:00:00.000Z,גינאה,1,0,1
2021-07-31T00:00:00.000Z,גווטאמלה,1,0,1
2021-07-31T00:00:00.000Z,גבון,2,0,2
2021-07-31T00:00:00.000Z,גאנה,3,0,3
2021-07-31T00:00:00.000Z,גאורגיה,67,9,76
2021-07-31T00:00:00.000Z,ברזיל,0,3,3
2021-07-31T00:00:00.000Z,בלגיה,12,4,16
2021-07-31T00:00:00.000Z,בחריין,1,0,1
2021-07-31T00:00:00.000Z,בורקינה פאסו,2,0,2
2021-07-31T00:00:00.000Z,בוסניה הרצגובינה,7,0,7
2021-07-31T00:00:00.000Z,בולגריה,138,19,157
2021-07-31T00:00:00.000Z,בוטסואנה,3,0,3
2021-07-31T00:00:00.000Z,אתיופיה,15,10,25
2021-07-31T00:00:00.000Z,ארצות הברית,626,841,1467
2021-07-31T00:00:00.000Z,ארמניה,5,2,7
2021-07-31T00:00:00.000Z,אקואדור,1,0,1
2021-07-31T00:00:00.000Z,אלבניה,1,0,1
2021-07-31T00:00:00.000Z,אירלנד,3,6,9
2021-07-31T00:00:00.000Z,איסלנד,71,1,72
2021-07-31T00:00:00.000Z,איי סיישל,2,0,2
2021-07-31T00:00:00.000Z,איי טורקס וקייקוס,1,0,1
2021-07-31T00:00:00.000Z,איטליה,368,117,485
2021-07-31T00:00:00.000Z,אזרביג'אן,1,0,1
2021-07-31T00:00:00.000Z,אוקראינה,349,109,458
2021-07-31T00:00:00.000Z,אוסטרליה,1,6,7
2021-07-31T00:00:00.000Z,אוסטריה,250,34,284
2021-07-31T00:00:00.000Z,אוזבקיסטן,2,0,2
2021-07-31T00:00:00.000Z,אבחזיסטאן,1,1,2
2021-08-01T00:00:00.000Z,אזרביג'אן,77,23,100
2021-08-01T00:00:00.000Z,איטליה,561,139,700
2021-08-01T00:00:00.000Z,איי גילברט ואליס,1,1,2
2021-08-01T00:00:00.000Z,איסלנד,63,5,68
2021-08-01T00:00:00.000Z,אירלנד,7,7,14
2021-08-01T00:00:00.000Z,איחוד האמירויות הערב,32,12,44
2021-08-01T00:00:00.000Z,אלבניה,77,3,80
2021-08-01T00:00:00.000Z,אנדורה,1,0,1
2021-08-01T00:00:00.000Z,אסטוניה,4,21,25
2021-08-01T00:00:00.000Z,ארגנטינה,0,8,8
2021-08-01T00:00:00.000Z,ארמניה,4,3,7
2021-08-01T00:00:00.000Z,ארצות הברית,724,794,1518
2021-08-01T00:00:00.000Z,בולגריה,759,65,824
2021-08-01T00:00:00.000Z,בוליביה,2,0,2
2021-08-01T00:00:00.000Z,בוסניה הרצגובינה,4,1,5
2021-08-01T00:00:00.000Z,בילורוסיה,79,40,119
2021-08-01T00:00:00.000Z,בלגיה,45,68,113
2021-08-01T00:00:00.000Z,ברזיל,1,0,1
2021-08-01T00:00:00.000Z,גאורגיה,298,91,389
2021-08-01T00:00:00.000Z,גאנה,1,1,2
2021-08-01T00:00:00.000Z,גמייקה,1,0,1
2021-08-01T00:00:00.000Z,גרמניה,385,250,635
2021-08-01T00:00:00.000Z,דנמרק,28,7,35
2021-08-01T00:00:00.000Z,דרום אפריקה,1,2,3
2021-08-01T00:00:00.000Z,הודו,1,0,1
2021-08-01T00:00:00.000Z,הולנד,236,98,334
2021-08-01T00:00:00.000Z,הונגריה,111,49,160
2021-08-01T00:00:00.000Z,הממלכה המאוחדת,181,181,362
2021-08-01T00:00:00.000Z,ונצואלה,2,0,2
2021-08-01T00:00:00.000Z,חוף השנהב,1,0,1
2021-08-01T00:00:00.000Z,טנזניה,1,0,1
2021-08-01T00:00:00.000Z,יוון,2583,362,2945
2021-08-01T00:00:00.000Z,יפן,5,8,13
2021-08-01T00:00:00.000Z,ירדן,700,273,973
2021-08-01T00:00:00.000Z,כלל המדינות,13373,9181,22554
2021-08-01T00:00:00.000Z,לוכסמבורג,0,4,4
2021-08-01T00:00:00.000Z,לטביה,2,0,2
2021-08-01T00:00:00.000Z,ליטא,91,29,120
2021-08-01T00:00:00.000Z,מולדובה,78,41,119
2021-08-01T00:00:00.000Z,מונטנגרו,11,2,13
2021-08-01T00:00:00.000Z,מלדיבים,15,4,19
2021-08-01T00:00:00.000Z,מלזיה,0,2,2
2021-08-01T00:00:00.000Z,מלטה,1,0,1
2021-08-01T00:00:00.000Z,מצרים,845,289,1134
2021-08-01T00:00:00.000Z,מקאו,0,1,1
2021-08-01T00:00:00.000Z,מרוקו,1,2,3
2021-08-01T00:00:00.000Z,נורבגיה,1,3,4
2021-08-01T00:00:00.000Z,ניגריה,5,1,6
2021-08-01T00:00:00.000Z,ניו זילנד,1,2,3
2021-08-01T00:00:00.000Z,ניקרגואה,1,0,1
2021-08-01T00:00:00.000Z,נפאל,0,1,1
2021-08-01T00:00:00.000Z,סינגפור,0,11,11
2021-08-01T00:00:00.000Z,ספרד,26,30,56
2021-08-01T00:00:00.000Z,סרביה,4,5,9
2021-08-01T00:00:00.000Z,פולין,59,8,67
2021-08-01T00:00:00.000Z,פורטוגל,22,2,24
2021-08-01T00:00:00.000Z,פיליפינים,4,5,9
2021-08-01T00:00:00.000Z,פינלנד,4,1,5
2021-08-01T00:00:00.000Z,פנמה,1,0,1
2021-08-01T00:00:00.000Z,צ'ילה,0,4,4
2021-08-01T00:00:00.000Z,צכיה,144,37,181
2021-08-01T00:00:00.000Z,צרפת,710,772,1482
2021-08-01T00:00:00.000Z,קולומביה,2,1,3
2021-08-01T00:00:00.000Z,קוסובו,0,1,1
2021-08-01T00:00:00.000Z,קוסטה ריקה,3,5,8
2021-08-01T00:00:00.000Z,קוריאה הדרומית,4,5,9
2021-08-01T00:00:00.000Z,קזחסטאן,11,14,25
2021-08-01T00:00:00.000Z,קירג'זסטאן,0,1,1
2021-08-01T00:00:00.000Z,קנדה,19,62,81
2021-08-01T00:00:00.000Z,קפריסין,244,124,368
2021-08-01T00:00:00.000Z,קרואטיה,7,4,11
2021-08-01T00:00:00.000Z,רומניה,273,45,318
2021-08-01T00:00:00.000Z,רוסיה,29,77,106
2021-08-01T00:00:00.000Z,שוודיה,16,2,18
2021-08-01T00:00:00.000Z,שוויץ,373,257,630
2021-08-01T00:00:00.000Z,תאילנד,74,22,96
2021-08-01T00:00:00.000Z,תוניסיה,4,0,4
2021-08-01T00:00:00.000Z,תורכיה,1711,957,2668
2021-08-01T00:00:00.000Z,תורכמניסטאן,8,5,13
2021-08-01T00:00:00.000Z,תימן,1,0,1
2021-08-01T00:00:00.000Z,אוזבקיסטן,3,1,4
2021-08-01T00:00:00.000Z,אוסטריה,200,98,298
2021-08-01T00:00:00.000Z,אוסטרליה,0,7,7
2021-08-01T00:00:00.000Z,אוקראינה,502,235,737
2021-08-01T00:00:00.000Z,אורגוואי,0,3,3
2021-08-02T00:00:00.000Z,חוף השנהב,1,0,1
2021-08-02T00:00:00.000Z,קרואטיה,4,4,8
2021-08-02T00:00:00.000Z,קניה,10,1,11
2021-08-02T00:00:00.000Z,קנדה,50,222,272
2021-08-02T00:00:00.000Z,קירג'זסטאן,2,0,2
2021-08-02T00:00:00.000Z,קזחסטאן,9,4,13
2021-08-02T00:00:00.000Z,קוסטה ריקה,8,1,9
2021-08-02T00:00:00.000Z,קוסובו,0,1,1
2021-08-02T00:00:00.000Z,קונגו,0,1,1
2021-08-02T00:00:00.000Z,קובה,0,1,1
2021-08-02T00:00:00.000Z,צרפת,468,646,1114
2021-08-02T00:00:00.000Z,צכיה,182,48,230
2021-08-02T00:00:00.000Z,צ'ילה,0,2,2
2021-08-02T00:00:00.000Z,פרו,4,0,4
2021-08-02T00:00:00.000Z,פנמה,3,0,3
2021-08-02T00:00:00.000Z,פינלנד,1,2,3
2021-08-02T00:00:00.000Z,פיליפינים,1,2,3
2021-08-02T00:00:00.000Z,פורטוגל,126,29,155
2021-08-02T00:00:00.000Z,פולין,349,58,407
2021-08-02T00:00:00.000Z,פאפואה,0,1,1
2021-08-02T00:00:00.000Z,עירק,0,4,4
2021-08-02T00:00:00.000Z,עומן,0,1,1
2021-08-02T00:00:00.000Z,סרי לנקה (צילון),5,2,7
2021-08-02T00:00:00.000Z,סרביה,77,21,98
2021-08-02T00:00:00.000Z,ספרד,90,37,127
2021-08-02T00:00:00.000Z,סלובניה,3,0,3
2021-08-02T00:00:00.000Z,סינגפור,1,3,4
2021-08-02T00:00:00.000Z,סין,1,6,7
2021-08-02T00:00:00.000Z,סיירה ליאונה,0,1,1
2021-08-02T00:00:00.000Z,סוריה,5,5,10
2021-08-02T00:00:00.000Z,ניגריה,6,1,7
2021-08-02T00:00:00.000Z,מרוקו,24,13,37
2021-08-02T00:00:00.000Z,מקסיקו,0,20,20
2021-08-02T00:00:00.000Z,מצרים,589,223,812
2021-08-02T00:00:00.000Z,מלטה,3,0,3
2021-08-02T00:00:00.000Z,מלדיבים,25,2,27
2021-08-02T00:00:00.000Z,מונטנגרו,128,8,136
2021-08-02T00:00:00.000Z,ליטא,3,0,3
2021-08-02T00:00:00.000Z,לטביה,0,1,1
2021-08-02T00:00:00.000Z,לבנון,0,1,1
2021-08-02T00:00:00.000Z,כלל המדינות,12662,10292,22954
2021-08-02T00:00:00.000Z,ירדן,217,164,381
2021-08-02T00:00:00.000Z,יפן,41,4,45
2021-08-02T00:00:00.000Z,יוון,1861,282,2143
2021-08-02T00:00:00.000Z,טנזניה,3,0,3
2021-08-02T00:00:00.000Z,טיוואן,0,1,1
2021-08-02T00:00:00.000Z,קפריסין,65,40,105
2021-08-02T00:00:00.000Z,הממלכה המאוחדת,165,161,326
2021-08-02T00:00:00.000Z,הונגריה,94,26,120
2021-08-02T00:00:00.000Z,הונג קונג,0,1,1
2021-08-02T00:00:00.000Z,הולנד,225,76,301
2021-08-02T00:00:00.000Z,הודו,11,58,69
2021-08-02T00:00:00.000Z,האנטילים ההולנדים,0,1,1
2021-08-02T00:00:00.000Z,דרום אפריקה,2,3,5
2021-08-02T00:00:00.000Z,דרום אמריקה,1,0,1
2021-08-02T00:00:00.000Z,דנמרק,2,10,12
2021-08-02T00:00:00.000Z,גרנדה,4,3,7
2021-08-02T00:00:00.000Z,גרמניה,524,253,777
2021-08-02T00:00:00.000Z,גאנה,1,0,1
2021-08-02T00:00:00.000Z,גאורגיה,258,53,311
2021-08-02T00:00:00.000Z,ברזיל,2,20,22
2021-08-02T00:00:00.000Z,בלגיה,106,166,272
2021-08-02T00:00:00.000Z,בחריין,0,1,1
2021-08-02T00:00:00.000Z,בוסניה הרצגובינה,13,3,16
2021-08-02T00:00:00.000Z,בולגריה,686,84,770
2021-08-02T00:00:00.000Z,אתיופיה,19,4,23
2021-08-02T00:00:00.000Z,ארצות הברית,1078,2003,3081
2021-08-02T00:00:00.000Z,ארמניה,7,0,7
2021-08-02T00:00:00.000Z,אסטוניה,1,0,1
2021-08-02T00:00:00.000Z,אנגולה,0,1,1
2021-08-02T00:00:00.000Z,אלבניה,0,1,1
2021-08-02T00:00:00.000Z,אירלנד,9,1,10
2021-08-02T00:00:00.000Z,איסלנד,69,5,74
2021-08-02T00:00:00.000Z,איי טורקס וקייקוס,6,0,6
2021-08-02T00:00:00.000Z,איטליה,740,175,915
2021-08-02T00:00:00.000Z,אזרביג'אן,18,1,19
2021-08-02T00:00:00.000Z,אורגוואי,3,2,5
2021-08-02T00:00:00.000Z,אוקראינה,494,262,756
2021-08-02T00:00:00.000Z,אוסטרליה,4,9,13
2021-08-02T00:00:00.000Z,אוסטריה,538,218,756
2021-08-02T00:00:00.000Z,אוזבקיסטן,1,2,3
2021-08-02T00:00:00.000Z,אבחזיסטאן,1,0,1
2021-08-02T00:00:00.000Z,סאו טומה ופרינציפה,2,0,2
2021-08-02T00:00:00.000Z,איחוד האמירויות הערב,26,19,45
2021-08-02T00:00:00.000Z,תימן,2,1,3
2021-08-02T00:00:00.000Z,תורכמניסטאן,14,1,15
2021-08-02T00:00:00.000Z,תורכיה,1361,612,1973
2021-08-02T00:00:00.000Z,תוניסיה,0,1,1
2021-08-02T00:00:00.000Z,שוויץ,361,296,657
2021-08-02T00:00:00.000Z,שוודיה,4,2,6
2021-08-02T00:00:00.000Z,רוסיה,38,109,147
2021-08-02T00:00:00.000Z,רומניה,506,90,596
2021-08-02T00:00:00.000Z,רואנדה,1,0,1
2021-08-03T00:00:00.000Z,עירק,0,8,8
2021-08-03T00:00:00.000Z,פולין,154,46,200
2021-08-03T00:00:00.000Z,פורטוגל,22,2,24
2021-08-03T00:00:00.000Z,פיליפינים,0,5,5
2021-08-03T00:00:00.000Z,פינלנד,7,3,10
2021-08-03T00:00:00.000Z,פנמה,7,5,12
2021-08-03T00:00:00.000Z,פרו,2,4,6
2021-08-03T00:00:00.000Z,צ'ילה,0,1,1
2021-08-03T00:00:00.000Z,צכיה,70,10,80
2021-08-03T00:00:00.000Z,צרפת,594,714,1308
2021-08-03T00:00:00.000Z,קובה,0,1,1
2021-08-03T00:00:00.000Z,קולומביה,2,0,2
2021-08-03T00:00:00.000Z,קונגו,1,0,1
2021-08-03T00:00:00.000Z,קוסובו,0,1,1
2021-08-03T00:00:00.000Z,קוסטה ריקה,6,1,7
2021-08-03T00:00:00.000Z,קזחסטאן,0,2,2
2021-08-03T00:00:00.000Z,קטר,1,0,1
2021-08-03T00:00:00.000Z,קנדה,31,97,128
2021-08-03T00:00:00.000Z,קניה,6,1,7
2021-08-03T00:00:00.000Z,קפריסין,91,28,119
2021-08-03T00:00:00.000Z,קרואטיה,11,3,14
2021-08-03T00:00:00.000Z,רומניה,204,56,260
2021-08-03T00:00:00.000Z,רוסיה,22,45,67
2021-08-03T00:00:00.000Z,שוודיה,24,14,38
2021-08-03T00:00:00.000Z,שוויץ,293,244,537
2021-08-03T00:00:00.000Z,תאילנד,4,1,5
2021-08-03T00:00:00.000Z,תורכיה,954,449,1403
2021-08-03T00:00:00.000Z,תורכמניסטאן,11,1,12
2021-08-03T00:00:00.000Z,בלגיה,14,10,24
2021-08-03T00:00:00.000Z,ברזיל,0,6,6
2021-08-03T00:00:00.000Z,גאורגיה,164,48,212
2021-08-03T00:00:00.000Z,גאנה,1,0,1
2021-08-03T00:00:00.000Z,גווטאמלה,2,0,2
2021-08-03T00:00:00.000Z,גיברלטר,2,2,4
2021-08-03T00:00:00.000Z,גינאה,0,1,1
2021-08-03T00:00:00.000Z,גרמניה,537,185,722
2021-08-03T00:00:00.000Z,דנמרק,21,33,54
2021-08-03T00:00:00.000Z,דרום אפריקה,1,6,7
2021-08-03T00:00:00.000Z,הולנד,238,40,278
2021-08-03T00:00:00.000Z,הונג קונג,4,16,20
2021-08-03T00:00:00.000Z,הונגריה,150,62,212
2021-08-03T00:00:00.000Z,הממלכה המאוחדת,178,175,353
2021-08-03T00:00:00.000Z,הרפ הדומיניקנית,7,0,7
2021-08-03T00:00:00.000Z,זאיר,2,0,2
2021-08-03T00:00:00.000Z,חוף השנהב,3,0,3
2021-08-03T00:00:00.000Z,טנזניה,19,2,21
2021-08-03T00:00:00.000Z,יוון,1248,182,1430
2021-08-03T00:00:00.000Z,יפן,14,6,20
2021-08-03T00:00:00.000Z,ירדן,159,63,222
2021-08-03T00:00:00.000Z,כלל המדינות,9690,7791,17481
2021-08-03T00:00:00.000Z,לבנון,1,1,2
2021-08-03T00:00:00.000Z,לטביה,61,7,68
2021-08-03T00:00:00.000Z,ליטא,12,0,12
2021-08-03T00:00:00.000Z,לסוטו,1,0,1
2021-08-03T00:00:00.000Z,מאלי,3,0,3
2021-08-03T00:00:00.000Z,מוזמביק,2,0,2
2021-08-03T00:00:00.000Z,איסלנד,356,3,359
2021-08-03T00:00:00.000Z,איטליה,404,130,534
2021-08-03T00:00:00.000Z,אזרביג'אן,4,1,5
2021-08-03T00:00:00.000Z,אורגוואי,8,6,14
2021-08-03T00:00:00.000Z,אוקראינה,298,193,491
2021-08-03T00:00:00.000Z,אוסטרליה,0,3,3
2021-08-03T00:00:00.000Z,אוסטריה,296,109,405
2021-08-03T00:00:00.000Z,אוזבקיסטן,2,0,2
2021-08-03T00:00:00.000Z,אנטיגואה וברבודה,1,0,1
2021-08-03T00:00:00.000Z,אסטוניה,8,5,13
2021-08-03T00:00:00.000Z,אקואדור,3,6,9
2021-08-03T00:00:00.000Z,ארגנטינה,1,1,2
2021-08-03T00:00:00.000Z,ארמניה,2,6,8
2021-08-03T00:00:00.000Z,איחוד האמירויות הערב,19,19,38
2021-08-03T00:00:00.000Z,אנגולה,1,0,1
2021-08-03T00:00:00.000Z,אלבניה,72,11,83
2021-08-03T00:00:00.000Z,אירלנד,9,3,12
2021-08-03T00:00:00.000Z,ארצות הברית,1028,1331,2359
2021-08-03T00:00:00.000Z,אתיופיה,15,6,21
2021-08-03T00:00:00.000Z,בהמס,1,0,1
2021-08-03T00:00:00.000Z,בולגריה,460,65,525
2021-08-03T00:00:00.000Z,בוליביה,2,4,6
2021-08-03T00:00:00.000Z,בוסניה הרצגובינה,14,13,27
2021-08-03T00:00:00.000Z,בורקינה פאסו,1,0,1
2021-08-03T00:00:00.000Z,מולדובה,65,19,84
2021-08-03T00:00:00.000Z,מונטנגרו,1,1,2
2021-08-03T00:00:00.000Z,מונקו,1,0,1
2021-08-03T00:00:00.000Z,מלדיבים,11,1,12
2021-08-03T00:00:00.000Z,מלטה,0,7,7
2021-08-03T00:00:00.000Z,מצרים,496,269,765
2021-08-03T00:00:00.000Z,מקסיקו,0,5,5
2021-08-03T00:00:00.000Z,מרוקו,9,5,14
2021-08-03T00:00:00.000Z,נורבגיה,2,0,2
2021-08-03T00:00:00.000Z,ניגריה,3,0,3
2021-08-03T00:00:00.000Z,ניו זילנד,0,1,1
2021-08-03T00:00:00.000Z,ניקרגואה,1,0,1
2021-08-03T00:00:00.000Z,נפאל,0,2,2
2021-08-03T00:00:00.000Z,סין,2,12,14
2021-08-03T00:00:00.000Z,סלובניה,4,2,6
2021-08-03T00:00:00.000Z,סלובקיה,6,1,7
2021-08-03T00:00:00.000Z,ספרד,73,52,125
2021-08-03T00:00:00.000Z,סרביה,72,12,84
2021-08-04T00:00:00.000Z,מאלי,0,1,1
2021-08-04T00:00:00.000Z,אקואדור,1,0,1
2021-08-04T00:00:00.000Z,תורכיה,1207,576,1783
2021-08-04T00:00:00.000Z,תוניסיה,2,2,4
2021-08-04T00:00:00.000Z,תאילנד,2,1,3
2021-08-04T00:00:00.000Z,שוויץ,504,404,908
2021-08-04T00:00:00.000Z,שוודיה,8,10,18
2021-08-04T00:00:00.000Z,רוסיה,28,45,73
2021-08-04T00:00:00.000Z,רומניה,571,133,704
2021-08-04T00:00:00.000Z,רואנדה,2,0,2
2021-08-04T00:00:00.000Z,קרואטיה,15,4,19
2021-08-04T00:00:00.000Z,קפריסין,68,34,102
2021-08-04T00:00:00.000Z,קניה,3,2,5
2021-08-04T00:00:00.000Z,קנדה,41,136,177
2021-08-04T00:00:00.000Z,קירג'זסטאן,2,1,3
2021-08-04T00:00:00.000Z,קזחסטאן,6,3,9
2021-08-04T00:00:00.000Z,קוריאה הדרומית,0,3,3
2021-08-04T00:00:00.000Z,קוסטה ריקה,6,0,6
2021-08-04T00:00:00.000Z,קולומביה,1,2,3
2021-08-04T00:00:00.000Z,צרפת,647,852,1499
2021-08-04T00:00:00.000Z,צכיה,80,16,96
2021-08-04T00:00:00.000Z,צ'ילה,0,2,2
2021-08-04T00:00:00.000Z,פרו,6,3,9
2021-08-04T00:00:00.000Z,פרגוואי,14,0,14
2021-08-04T00:00:00.000Z,פנמה,3,7,10
2021-08-04T00:00:00.000Z,פינלנד,30,17,47
2021-08-04T00:00:00.000Z,פיליפינים,1,73,74
2021-08-04T00:00:00.000Z,פורטוגל,6,0,6
2021-08-04T00:00:00.000Z,פולין,50,14,64
2021-08-04T00:00:00.000Z,סרביה,45,15,60
2021-08-04T00:00:00.000Z,ספרד,4,2,6
2021-08-04T00:00:00.000Z,סנגל,0,3,3
2021-08-04T00:00:00.000Z,סלובקיה,1,0,1
2021-08-04T00:00:00.000Z,סלובניה,137,14,151
2021-08-04T00:00:00.000Z,סינגפור,0,4,4
2021-08-04T00:00:00.000Z,סין,1,38,39
2021-08-04T00:00:00.000Z,סיירה ליאונה,0,1,1
2021-08-04T00:00:00.000Z,סורינם,1,0,1
2021-08-04T00:00:00.000Z,סוריה,2,2,4
2021-08-04T00:00:00.000Z,ניגריה,4,1,5
2021-08-04T00:00:00.000Z,נורבגיה,4,3,7
2021-08-04T00:00:00.000Z,מרוקו,0,1,1
2021-08-04T00:00:00.000Z,מקסיקו,5,6,11
2021-08-04T00:00:00.000Z,מקדוניה,1,0,1
2021-08-04T00:00:00.000Z,מצרים,469,159,628
2021-08-04T00:00:00.000Z,מלטה,11,17,28
2021-08-04T00:00:00.000Z,מלדיבים,28,4,32
2021-08-04T00:00:00.000Z,מלאווי,0,1,1
2021-08-04T00:00:00.000Z,מונטנגרו,144,7,151
2021-08-04T00:00:00.000Z,מולדובה,0,1,1
2021-08-04T00:00:00.000Z,תורכמניסטאן,16,5,21
2021-08-04T00:00:00.000Z,ליטא,1,0,1
2021-08-04T00:00:00.000Z,לוכסמבורג,0,1,1
2021-08-04T00:00:00.000Z,כלל המדינות,11432,9494,20926
2021-08-04T00:00:00.000Z,כווית,1,0,1
2021-08-04T00:00:00.000Z,ירדן,199,63,262
2021-08-04T00:00:00.000Z,יפן,1,4,5
2021-08-04T00:00:00.000Z,יוון,890,216,1106
2021-08-04T00:00:00.000Z,טנזניה,142,9,151
2021-08-04T00:00:00.000Z,טיוואן,0,2,2
2021-08-04T00:00:00.000Z,זאיר,1,0,1
2021-08-04T00:00:00.000Z,ונצואלה,1,1,2
2021-08-04T00:00:00.000Z,ויטנאם,0,4,4
2021-08-04T00:00:00.000Z,הממלכה המאוחדת,200,215,415
2021-08-04T00:00:00.000Z,הונגריה,157,128,285
2021-08-04T00:00:00.000Z,הונג קונג,0,5,5
2021-08-04T00:00:00.000Z,הולנד,250,99,349
2021-08-04T00:00:00.000Z,דרום סודאן,1,0,1
2021-08-04T00:00:00.000Z,דרום אפריקה,0,1,1
2021-08-04T00:00:00.000Z,דרום אמריקה,1,0,1
2021-08-04T00:00:00.000Z,דנמרק,16,20,36
2021-08-04T00:00:00.000Z,גרמניה,514,314,828
2021-08-04T00:00:00.000Z,גיברלטר,3,0,3
2021-08-04T00:00:00.000Z,גאנה,2,1,3
2021-08-04T00:00:00.000Z,גאורגיה,132,52,184
2021-08-04T00:00:00.000Z,ברזיל,1,0,1
2021-08-04T00:00:00.000Z,בלגיה,120,156,276
2021-08-04T00:00:00.000Z,בילורוסיה,43,16,59
2021-08-04T00:00:00.000Z,בורקינה פאסו,2,0,2
2021-08-04T00:00:00.000Z,בוסניה הרצגובינה,3,0,3
2021-08-04T00:00:00.000Z,בוליביה,1,0,1
2021-08-04T00:00:00.000Z,בולגריה,413,47,460
2021-08-04T00:00:00.000Z,בוטסואנה,1,1,2
2021-08-04T00:00:00.000Z,אתיופיה,18,6,24
2021-08-04T00:00:00.000Z,ארצות הברית,1314,1893,3207
2021-08-04T00:00:00.000Z,ארמניה,4,3,7
2021-08-04T00:00:00.000Z,אסטוניה,3,0,3
2021-08-04T00:00:00.000Z,אנגולה,2,0,2
2021-08-04T00:00:00.000Z,אלבניה,1,0,1
2021-08-04T00:00:00.000Z,אירלנד,6,3,9
2021-08-04T00:00:00.000Z,איסלנד,231,5,236
2021-08-04T00:00:00.000Z,איטליה,517,187,704
2021-08-04T00:00:00.000Z,אזרביג'אן,3,0,3
2021-08-04T00:00:00.000Z,אורגוואי,4,0,4
2021-08-04T00:00:00.000Z,אוקראינה,483,305,788
2021-08-04T00:00:00.000Z,אוסטרליה,2,13,15
2021-08-04T00:00:00.000Z,אוסטריה,467,206,673
2021-08-04T00:00:00.000Z,אוזבקיסטן,0,2,2
2021-08-04T00:00:00.000Z,אוגנדה,2,0,2
2021-08-04T00:00:00.000Z,אבחזיסטאן,1,1,2
2021-08-04T00:00:00.000Z,איחוד האמירויות הערב,36,36,72
2021-08-05T00:00:00.000Z,אל סלבדור,0,1,1
2021-08-05T00:00:00.000Z,אירלנד,9,4,13
2021-08-05T00:00:00.000Z,איסלנד,143,2,145
2021-08-05T00:00:00.000Z,איי סיישל,5,4,9
2021-08-05T00:00:00.000Z,איי גילברט ואליס,2,0,2
2021-08-05T00:00:00.000Z,איטליה,552,225,777
2021-08-05T00:00:00.000Z,אזרביג'אן,60,20,80
2021-08-05T00:00:00.000Z,אוקראינה,459,240,699
2021-08-05T00:00:00.000Z,אוסטרליה,7,5,12
2021-08-05T00:00:00.000Z,אוסטריה,248,167,415
2021-08-05T00:00:00.000Z,אוזבקיסטן,2,2,4
2021-08-05T00:00:00.000Z,אוגנדה,5,0,5
2021-08-05T00:00:00.000Z,אבחזיסטאן,1,0,1
2021-08-05T00:00:00.000Z,אקואדור,3,0,3
2021-08-05T00:00:00.000Z,תורכמניסטאן,4,7,11
2021-08-05T00:00:00.000Z,תורכיה,896,561,1457
2021-08-05T00:00:00.000Z,תוניסיה,1,0,1
2021-08-05T00:00:00.000Z,תאילנד,100,42,142
2021-08-05T00:00:00.000Z,שוויץ,342,307,649
2021-08-05T00:00:00.000Z,שוודיה,9,6,15
2021-08-05T00:00:00.000Z,רוסיה,25,98,123
2021-08-05T00:00:00.000Z,רומניה,270,59,329
2021-08-05T00:00:00.000Z,רואנדה,1,0,1
2021-08-05T00:00:00.000Z,קרואטיה,5,6,11
2021-08-05T00:00:00.000Z,קפריסין,156,85,241
2021-08-05T00:00:00.000Z,קניה,7,2,9
2021-08-05T00:00:00.000Z,קנדה,54,118,172
2021-08-05T00:00:00.000Z,קמרון,2,0,2
2021-08-05T00:00:00.000Z,קירג'זסטאן,1,0,1
2021-08-05T00:00:00.000Z,קוסטה ריקה,19,9,28
2021-08-05T00:00:00.000Z,קולומביה,5,1,6
2021-08-05T00:00:00.000Z,קובה,1,0,1
2021-08-05T00:00:00.000Z,צרפת,531,582,1113
2021-08-05T00:00:00.000Z,צכיה,80,15,95
2021-08-05T00:00:00.000Z,צ'ילה,1,1,2
2021-08-05T00:00:00.000Z,פרו,5,2,7
2021-08-05T00:00:00.000Z,פרגוואי,1,2,3
2021-08-05T00:00:00.000Z,פנמה,3,10,13
2021-08-05T00:00:00.000Z,פינלנד,1,0,1
2021-08-05T00:00:00.000Z,פיליפינים,1,10,11
2021-08-05T00:00:00.000Z,פורטוגל,144,35,179
2021-08-05T00:00:00.000Z,פולין,35,29,64
2021-08-05T00:00:00.000Z,עירק,1,0,1
2021-08-05T00:00:00.000Z,סרי לנקה (צילון),0,2,2
2021-08-05T00:00:00.000Z,סרביה,11,9,20
2021-08-05T00:00:00.000Z,ספרד,111,56,167
2021-08-05T00:00:00.000Z,סלובניה,7,1,8
2021-08-05T00:00:00.000Z,סינגפור,1,0,1
2021-08-05T00:00:00.000Z,סין,0,1,1
2021-08-05T00:00:00.000Z,סיירה ליאונה,1,0,1
2021-08-05T00:00:00.000Z,סוריה,0,1,1
2021-08-05T00:00:00.000Z,נמיביה,1,2,3
2021-08-05T00:00:00.000Z,ניקרגואה,2,0,2
2021-08-05T00:00:00.000Z,ניגריה,4,1,5
2021-08-05T00:00:00.000Z,נורבגיה,3,1,4
2021-08-05T00:00:00.000Z,מרוקו,11,3,14
2021-08-05T00:00:00.000Z,מצרים,616,222,838
2021-08-05T00:00:00.000Z,מלדיבים,33,1,34
2021-08-05T00:00:00.000Z,מולדובה,120,60,180
2021-08-05T00:00:00.000Z,ליטא,112,8,120
2021-08-05T00:00:00.000Z,לטביה,3,0,3
2021-08-05T00:00:00.000Z,לוכסמבורג,3,0,3
2021-08-05T00:00:00.000Z,לבנון,0,1,1
2021-08-05T00:00:00.000Z,אסטוניה,3,0,3
2021-08-05T00:00:00.000Z,כלל המדינות,11979,10167,22146
2021-08-05T00:00:00.000Z,ירדן,516,249,765
2021-08-05T00:00:00.000Z,יפן,9,1,10
2021-08-05T00:00:00.000Z,יוון,1993,443,2436
2021-08-05T00:00:00.000Z,טנזניה,20,6,26
2021-08-05T00:00:00.000Z,טיוואן,0,1,1
2021-08-05T00:00:00.000Z,חוף השנהב,0,5,5
2021-08-05T00:00:00.000Z,זאיר,2,0,2
2021-08-05T00:00:00.000Z,הרפ הדומיניקנית,9,3,12
2021-08-05T00:00:00.000Z,הממלכה המאוחדת,226,172,398
2021-08-05T00:00:00.000Z,הונגריה,157,121,278
2021-08-05T00:00:00.000Z,אנגולה,2,0,2
2021-08-05T00:00:00.000Z,איחוד האמירויות הערב,20,4,24
2021-08-05T00:00:00.000Z,הונג קונג,1,0,1
2021-08-05T00:00:00.000Z,הולנד,248,108,356
2021-08-05T00:00:00.000Z,ארגנטינה,1,13,14
2021-08-05T00:00:00.000Z,ארמניה,54,15,69
2021-08-05T00:00:00.000Z,ארצות הברית,1585,2136,3721
2021-08-05T00:00:00.000Z,אתיופיה,26,17,43
2021-08-05T00:00:00.000Z,בולגריה,558,105,663
2021-08-05T00:00:00.000Z,בוסניה הרצגובינה,4,3,7
2021-08-05T00:00:00.000Z,בחריין,2,0,2
2021-08-05T00:00:00.000Z,בילורוסיה,0,1,1
2021-08-05T00:00:00.000Z,בלגיה,67,100,167
2021-08-05T00:00:00.000Z,ברזיל,4,5,9
2021-08-05T00:00:00.000Z,גאורגיה,84,22,106
2021-08-05T00:00:00.000Z,גאנה,4,4,8
2021-08-05T00:00:00.000Z,גבון,1,0,1
2021-08-05T00:00:00.000Z,גווטאמלה,4,1,5
2021-08-05T00:00:00.000Z,גיברלטר,1,1,2
2021-08-05T00:00:00.000Z,גרמניה,288,131,419
2021-08-05T00:00:00.000Z,דנמרק,14,5,19
2021-08-05T00:00:00.000Z,דרום אמריקה,2,5,7
2021-08-05T00:00:00.000Z,דרום אפריקה,1,8,9
2021-08-05T00:00:00.000Z,דרום סודאן,2,0,2
2021-08-06T00:00:00.000Z,ליטא,6,1,7
2021-08-06T00:00:00.000Z,לטביה,4,0,4
2021-08-06T00:00:00.000Z,כלל המדינות,11157,6308,17465
2021-08-06T00:00:00.000Z,ירדן,1,6,7
2021-08-06T00:00:00.000Z,יפן,12,4,16
2021-08-06T00:00:00.000Z,יוון,1487,229,1716
2021-08-06T00:00:00.000Z,טנזניה,0,1,1
2021-08-06T00:00:00.000Z,טיוואן,1,5,6
2021-08-06T00:00:00.000Z,זאיר,1,0,1
2021-08-06T00:00:00.000Z,ונצואלה,0,1,1
2021-08-06T00:00:00.000Z,הרפ הדומיניקנית,1,0,1
2021-08-06T00:00:00.000Z,הממלכה המאוחדת,50,61,111
2021-08-06T00:00:00.000Z,הולנד,194,60,254
2021-08-06T00:00:00.000Z,דרום אפריקה,0,1,1
2021-08-06T00:00:00.000Z,דרום אמריקה,0,2,2
2021-08-06T00:00:00.000Z,דנמרק,5,2,7
2021-08-06T00:00:00.000Z,גרמניה,650,284,934
2021-08-06T00:00:00.000Z,גיברלטר,4,3,7
2021-08-06T00:00:00.000Z,גויאנה הצרפתית,0,3,3
2021-08-06T00:00:00.000Z,גווטאמלה,5,0,5
2021-08-06T00:00:00.000Z,גאנה,1,0,1
2021-08-06T00:00:00.000Z,גאורגיה,92,10,102
2021-08-06T00:00:00.000Z,הונגריה,78,56,134
2021-08-06T00:00:00.000Z,תורכמניסטאן,5,0,5
2021-08-06T00:00:00.000Z,תורכיה,636,291,927
2021-08-06T00:00:00.000Z,תוניסיה,2,4,6
2021-08-06T00:00:00.000Z,שוויץ,573,344,917
2021-08-06T00:00:00.000Z,שוודיה,11,12,23
2021-08-06T00:00:00.000Z,רוסיה,50,51,101
2021-08-06T00:00:00.000Z,רומניה,437,103,540
2021-08-06T00:00:00.000Z,רואנדה,0,1,1
2021-08-06T00:00:00.000Z,קרואטיה,19,3,22
2021-08-06T00:00:00.000Z,קפריסין,34,19,53
2021-08-06T00:00:00.000Z,קניה,0,2,2
2021-08-06T00:00:00.000Z,קנדה,55,81,136
2021-08-06T00:00:00.000Z,קמרון,1,0,1
2021-08-06T00:00:00.000Z,קירג'זסטאן,6,1,7
2021-08-06T00:00:00.000Z,קטר,6,0,6
2021-08-06T00:00:00.000Z,קזחסטאן,4,0,4
2021-08-06T00:00:00.000Z,קוריאה הדרומית,3,0,3
2021-08-06T00:00:00.000Z,קוסטה ריקה,5,6,11
2021-08-06T00:00:00.000Z,קולומביה,6,0,6
2021-08-06T00:00:00.000Z,צרפת,433,336,769
2021-08-06T00:00:00.000Z,צכיה,246,51,297
2021-08-06T00:00:00.000Z,פרו,3,0,3
2021-08-06T00:00:00.000Z,אוגנדה,0,1,1
2021-08-06T00:00:00.000Z,אוסטריה,652,173,825
2021-08-06T00:00:00.000Z,אוסטרליה,4,6,10
2021-08-06T00:00:00.000Z,אוקראינה,450,214,664
2021-08-06T00:00:00.000Z,אורגוואי,5,0,5
2021-08-06T00:00:00.000Z,אזרביג'אן,5,2,7
2021-08-06T00:00:00.000Z,איטליה,498,134,632
2021-08-06T00:00:00.000Z,איי טורקס וקייקוס,2,1,3
2021-08-06T00:00:00.000Z,איי סיישל,4,0,4
2021-08-06T00:00:00.000Z,איסלנד,55,0,55
2021-08-06T00:00:00.000Z,אירלנד,18,2,20
2021-08-06T00:00:00.000Z,אירן,1,0,1
2021-08-06T00:00:00.000Z,אנגולה,1,0,1
2021-08-06T00:00:00.000Z,אסטוניה,10,0,10
2021-08-06T00:00:00.000Z,אקואדור,2,1,3
2021-08-06T00:00:00.000Z,ארגנטינה,0,1,1
2021-08-06T00:00:00.000Z,ארצות הברית,1313,1171,2484
2021-08-06T00:00:00.000Z,בהמס,0,2,2
2021-08-06T00:00:00.000Z,בולגריה,505,89,594
2021-08-06T00:00:00.000Z,בוליביה,2,0,2
2021-08-06T00:00:00.000Z,בוסניה הרצגובינה,10,9,19
2021-08-06T00:00:00.000Z,בילורוסיה,1,0,1
2021-08-06T00:00:00.000Z,בלגיה,84,70,154
2021-08-06T00:00:00.000Z,ברזיל,0,1,1
2021-08-06T00:00:00.000Z,פרגוואי,0,1,1
2021-08-06T00:00:00.000Z,פנמה,1,0,1
2021-08-06T00:00:00.000Z,איחוד האמירויות הערב,23,11,34
2021-08-06T00:00:00.000Z,פינלנד,36,17,53
2021-08-06T00:00:00.000Z,פיליפינים,1,5,6
2021-08-06T00:00:00.000Z,פורטוגל,10,0,10
2021-08-06T00:00:00.000Z,פורטו ריקו,0,1,1
2021-08-06T00:00:00.000Z,פולין,242,48,290
2021-08-06T00:00:00.000Z,סרי לנקה (צילון),3,5,8
2021-08-06T00:00:00.000Z,סרביה,83,20,103
2021-08-06T00:00:00.000Z,ספרד,11,7,18
2021-08-06T00:00:00.000Z,סלובקיה,2,0,2
2021-08-06T00:00:00.000Z,סלובניה,8,0,8
2021-08-06T00:00:00.000Z,סינגפור,0,7,7
2021-08-06T00:00:00.000Z,סין,0,1,1
2021-08-06T00:00:00.000Z,סודן,1,0,1
2021-08-06T00:00:00.000Z,נפאל,0,1,1
2021-08-06T00:00:00.000Z,נורבגיה,1,0,1
2021-08-06T00:00:00.000Z,מרוקו,45,50,95
2021-08-06T00:00:00.000Z,מקסיקו,0,3,3
2021-08-06T00:00:00.000Z,מצרים,776,319,1095
2021-08-06T00:00:00.000Z,מלדיבים,22,0,22
2021-08-06T00:00:00.000Z,מונטנגרו,159,12,171
2021-08-06T00:00:00.000Z,מולדובה,49,26,75
2021-08-06T00:00:00.000Z,מאלי,1,0,1
2021-08-07T00:00:00.000Z,אוקראינה,202,79,281
2021-08-07T00:00:00.000Z,קנדה,28,48,76
2021-08-07T00:00:00.000Z,תורכמניסטאן,5,0,5
2021-08-07T00:00:00.000Z,תורכיה,364,166,530
2021-08-07T00:00:00.000Z,תוניסיה,0,1,1
2021-08-07T00:00:00.000Z,תאילנד,2,0,2
2021-08-07T00:00:00.000Z,שוויץ,119,32,151
2021-08-07T00:00:00.000Z,שוודיה,10,2,12
2021-08-07T00:00:00.000Z,רוסיה,3,0,3
2021-08-07T00:00:00.000Z,רומניה,479,106,585
2021-08-07T00:00:00.000Z,רואנדה,7,1,8
2021-08-07T00:00:00.000Z,קרואטיה,25,3,28
2021-08-07T00:00:00.000Z,קפריסין,23,15,38
2021-08-07T00:00:00.000Z,קמרון,1,1,2
2021-08-07T00:00:00.000Z,קמבודיה,0,1,1
2021-08-07T00:00:00.000Z,קוריאה הדרומית,4,4,8
2021-08-07T00:00:00.000Z,קוסטה ריקה,5,1,6
2021-08-07T00:00:00.000Z,קונגו,1,0,1
2021-08-07T00:00:00.000Z,קולומביה,0,3,3
2021-08-07T00:00:00.000Z,צרפת,307,188,495
2021-08-07T00:00:00.000Z,צכיה,4,2,6
2021-08-07T00:00:00.000Z,צ'ילה,1,6,7
2021-08-07T00:00:00.000Z,פרו,2,0,2
2021-08-07T00:00:00.000Z,פנמה,1,1,2
2021-08-07T00:00:00.000Z,פינלנד,10,4,14
2021-08-07T00:00:00.000Z,פיליפינים,0,10,10
2021-08-07T00:00:00.000Z,פורטוגל,19,4,23
2021-08-07T00:00:00.000Z,פולין,168,24,192
2021-08-07T00:00:00.000Z,סרי לנקה (צילון),0,1,1
2021-08-07T00:00:00.000Z,סרביה,53,10,63
2021-08-07T00:00:00.000Z,ספרד,4,4,8
2021-08-07T00:00:00.000Z,סנגל,0,1,1
2021-08-07T00:00:00.000Z,סלובניה,0,2,2
2021-08-07T00:00:00.000Z,סינגפור,5,4,9
2021-08-07T00:00:00.000Z,סין,0,1,1
2021-08-07T00:00:00.000Z,ניגריה,3,1,4
2021-08-07T00:00:00.000Z,נורבגיה,1,4,5
2021-08-07T00:00:00.000Z,מרוקו,2,0,2
2021-08-07T00:00:00.000Z,מצרים,849,286,1135
2021-08-07T00:00:00.000Z,מלדיבים,16,4,20
2021-08-07T00:00:00.000Z,מונקו,2,1,3
2021-08-07T00:00:00.000Z,מונטנגרו,5,1,6
2021-08-07T00:00:00.000Z,מוזמביק,1,0,1
2021-08-07T00:00:00.000Z,ליטא,3,0,3
2021-08-07T00:00:00.000Z,לטביה,77,14,91
2021-08-07T00:00:00.000Z,לוכסמבורג,0,1,1
2021-08-07T00:00:00.000Z,כלל המדינות,5832,3876,9708
2021-08-07T00:00:00.000Z,ירדן,6,3,9
2021-08-07T00:00:00.000Z,יפן,4,1,5
2021-08-07T00:00:00.000Z,יוון,865,119,984
2021-08-07T00:00:00.000Z,טנזניה,20,0,20
2021-08-07T00:00:00.000Z,טיוואן,0,1,1
2021-08-07T00:00:00.000Z,טוגו,4,0,4
2021-08-07T00:00:00.000Z,טג'יקיסטאן,2,0,2
2021-08-07T00:00:00.000Z,חוף השנהב,4,1,5
2021-08-07T00:00:00.000Z,זמביה,4,1,5
2021-08-07T00:00:00.000Z,זימבאבווה,1,1,2
2021-08-07T00:00:00.000Z,זאיר,3,1,4
2021-08-07T00:00:00.000Z,ויטנאם,1,0,1
2021-08-07T00:00:00.000Z,הרפ הדומיניקנית,4,0,4
2021-08-07T00:00:00.000Z,הממלכה המאוחדת,11,34,45
2021-08-07T00:00:00.000Z,הונגריה,61,28,89
2021-08-07T00:00:00.000Z,הולנד,186,19,205
2021-08-07T00:00:00.000Z,הודו,1,0,1
2021-08-07T00:00:00.000Z,דרום אפריקה,1,4,5
2021-08-07T00:00:00.000Z,דנמרק,10,7,17
2021-08-07T00:00:00.000Z,גרמניה,194,75,269
2021-08-07T00:00:00.000Z,גינאה,2,0,2
2021-08-07T00:00:00.000Z,גווטאמלה,2,0,2
2021-08-07T00:00:00.000Z,גאנה,7,5,12
2021-08-07T00:00:00.000Z,גאורגיה,47,10,57
2021-08-07T00:00:00.000Z,בלגיה,6,3,9
2021-08-07T00:00:00.000Z,בוסניה הרצגובינה,11,7,18
2021-08-07T00:00:00.000Z,בולגריה,128,21,149
2021-08-07T00:00:00.000Z,אתיופיה,20,7,27
2021-08-07T00:00:00.000Z,ארצות הברית,690,822,1512
2021-08-07T00:00:00.000Z,ארמניה,4,0,4
2021-08-07T00:00:00.000Z,אסטוניה,10,0,10
2021-08-07T00:00:00.000Z,אנדורה,2,0,2
2021-08-07T00:00:00.000Z,אנגולה,1,0,1
2021-08-07T00:00:00.000Z,אלבניה,3,0,3
2021-08-07T00:00:00.000Z,אירלנד,8,3,11
2021-08-07T00:00:00.000Z,איסלנד,47,1,48
2021-08-07T00:00:00.000Z,איי טורקס וקייקוס,2,0,2
2021-08-07T00:00:00.000Z,איטליה,120,50,170
2021-08-07T00:00:00.000Z,אזרביג'אן,11,0,11
2021-08-07T00:00:00.000Z,איחוד האמירויות הערב,14,3,17
2021-08-07T00:00:00.000Z,אוסטרליה,0,2,2
2021-08-07T00:00:00.000Z,אוסטריה,214,45,259
2021-08-07T00:00:00.000Z,אוזבקיסטן,2,0,2
2021-08-08T00:00:00.000Z,ליטא,108,13,121
2021-08-08T00:00:00.000Z,תורכמניסטאן,4,0,4
2021-08-08T00:00:00.000Z,תוניסיה,2,2,4
2021-08-08T00:00:00.000Z,תאילנד,87,41,128
2021-08-08T00:00:00.000Z,שוויץ,378,251,629
2021-08-08T00:00:00.000Z,שוודיה,12,5,17
2021-08-08T00:00:00.000Z,רוסיה,32,53,85
2021-08-08T00:00:00.000Z,רומניה,382,41,423
2021-08-08T00:00:00.000Z,קרואטיה,22,3,25
2021-08-08T00:00:00.000Z,קפריסין,57,41,98
2021-08-08T00:00:00.000Z,קנדה,13,56,69
2021-08-08T00:00:00.000Z,קזחסטאן,0,3,3
2021-08-08T00:00:00.000Z,קוריאה הדרומית,5,3,8
2021-08-08T00:00:00.000Z,קוסטה ריקה,6,1,7
2021-08-08T00:00:00.000Z,קוסובו,0,1,1
2021-08-08T00:00:00.000Z,קולומביה,2,3,5
2021-08-08T00:00:00.000Z,צרפת,752,826,1578
2021-08-08T00:00:00.000Z,צכיה,132,15,147
2021-08-08T00:00:00.000Z,פינלנד,5,1,6
2021-08-08T00:00:00.000Z,פיליפינים,1,5,6
2021-08-08T00:00:00.000Z,פורטוגל,24,6,30
2021-08-08T00:00:00.000Z,פורטו ריקו,0,2,2
2021-08-08T00:00:00.000Z,פולין,54,17,71
2021-08-08T00:00:00.000Z,עומן,1,0,1
2021-08-08T00:00:00.000Z,סרביה,2,3,5
2021-08-08T00:00:00.000Z,ספרד,23,30,53
2021-08-08T00:00:00.000Z,סלובקיה,2,0,2
2021-08-08T00:00:00.000Z,סלובניה,2,0,2
2021-08-08T00:00:00.000Z,סינגפור,0,1,1
2021-08-08T00:00:00.000Z,סין,1,1,2
2021-08-08T00:00:00.000Z,נפאל,0,1,1
2021-08-08T00:00:00.000Z,ניגריה,3,1,4
2021-08-08T00:00:00.000Z,נורבגיה,15,10,25
2021-08-08T00:00:00.000Z,מרוקו,3,1,4
2021-08-08T00:00:00.000Z,מקסיקו,0,4,4
2021-08-08T00:00:00.000Z,מצרים,1186,362,1548
2021-08-08T00:00:00.000Z,מלטה,2,1,3
2021-08-08T00:00:00.000Z,מלדיבים,30,1,31
2021-08-08T00:00:00.000Z,מונטנגרו,3,0,3
2021-08-08T00:00:00.000Z,מולדובה,116,46,162
2021-08-08T00:00:00.000Z,מדגסקר,1,0,1
2021-08-08T00:00:00.000Z,תורכיה,283,123,406
2021-08-08T00:00:00.000Z,לטביה,1,0,1
2021-08-08T00:00:00.000Z,לוכסמבורג,1,4,5
2021-08-08T00:00:00.000Z,כלל המדינות,12300,8100,20400
2021-08-08T00:00:00.000Z,ירדן,727,326,1053
2021-08-08T00:00:00.000Z,יפן,8,2,10
2021-08-08T00:00:00.000Z,יוון,2191,377,2568
2021-08-08T00:00:00.000Z,טנזניה,0,1,1
2021-08-08T00:00:00.000Z,הרפ הדומיניקנית,1,0,1
2021-08-08T00:00:00.000Z,הממלכה המאוחדת,245,216,461
2021-08-08T00:00:00.000Z,הונגריה,78,40,118
2021-08-08T00:00:00.000Z,הולנד,254,92,346
2021-08-08T00:00:00.000Z,הודו,4,0,4
2021-08-08T00:00:00.000Z,דרום אפריקה,0,1,1
2021-08-08T00:00:00.000Z,דנמרק,30,12,42
2021-08-08T00:00:00.000Z,דומיניקה,1,0,1
2021-08-08T00:00:00.000Z,גרמניה,456,234,690
2021-08-08T00:00:00.000Z,גווטאמלה,0,1,1
2021-08-08T00:00:00.000Z,גאנה,2,0,2
2021-08-08T00:00:00.000Z,גאורגיה,49,29,78
2021-08-08T00:00:00.000Z,בלגיה,73,115,188
2021-08-08T00:00:00.000Z,בילורוסיה,0,9,9
2021-08-08T00:00:00.000Z,בחריין,4,0,4
2021-08-08T00:00:00.000Z,בוסניה הרצגובינה,4,0,4
2021-08-08T00:00:00.000Z,בוליביה,2,0,2
2021-08-08T00:00:00.000Z,בולגריה,685,77,762
2021-08-08T00:00:00.000Z,בהמס,1,2,3
2021-08-08T00:00:00.000Z,ארצות הברית,957,1124,2081
2021-08-08T00:00:00.000Z,ארגנטינה,0,2,2
2021-08-08T00:00:00.000Z,אסטוניה,24,3,27
2021-08-08T00:00:00.000Z,אנדורה,2,0,2
2021-08-08T00:00:00.000Z,אירלנד,7,1,8
2021-08-08T00:00:00.000Z,איסלנד,69,1,70
2021-08-08T00:00:00.000Z,איי סיישל,1,0,1
2021-08-08T00:00:00.000Z,איטליה,759,211,970
2021-08-08T00:00:00.000Z,אזרביג'אן,96,15,111
2021-08-08T00:00:00.000Z,אורגוואי,2,2,4
2021-08-08T00:00:00.000Z,אוקראינה,617,232,849
2021-08-08T00:00:00.000Z,אוסטרליה,3,14,17
2021-08-08T00:00:00.000Z,אוסטריה,281,81,362
2021-08-08T00:00:00.000Z,אוזבקיסטן,1,0,1
2021-08-08T00:00:00.000Z,איחוד האמירויות הערב,40,14,54
2021-08-09T00:00:00.000Z,יפן,10,3,13
2021-08-09T00:00:00.000Z,יוון,1532,234,1766
2021-08-09T00:00:00.000Z,טנזניה,190,21,211
2021-08-09T00:00:00.000Z,טג'יקיסטאן,9,1,10
2021-08-09T00:00:00.000Z,זימבאבווה,0,1,1
2021-08-09T00:00:00.000Z,זאיר,1,0,1
2021-08-09T00:00:00.000Z,הרפ הדומיניקנית,2,0,2
2021-08-09T00:00:00.000Z,הממלכה המאוחדת,152,173,325
2021-08-09T00:00:00.000Z,הונגריה,79,22,101
2021-08-09T00:00:00.000Z,הולנד,319,69,388
2021-08-09T00:00:00.000Z,הודו,13,63,76
2021-08-09T00:00:00.000Z,דרום אפריקה,3,7,10
2021-08-09T00:00:00.000Z,דרום אמריקה,2,0,2
2021-08-09T00:00:00.000Z,דנמרק,20,6,26
2021-08-09T00:00:00.000Z,דומיניקה,2,0,2
2021-08-09T00:00:00.000Z,גרמניה,738,276,1014
2021-08-09T00:00:00.000Z,גמביה,1,0,1
2021-08-09T00:00:00.000Z,גווטאמלה,1,0,1
2021-08-09T00:00:00.000Z,גאנה,0,1,1
2021-08-09T00:00:00.000Z,גאורגיה,114,39,153
2021-08-09T00:00:00.000Z,ברזיל,4,2,6
2021-08-09T00:00:00.000Z,בלגיה,135,136,271
2021-08-09T00:00:00.000Z,בילורוסיה,38,44,82
2021-08-09T00:00:00.000Z,בורקינה פאסו,2,0,2
2021-08-09T00:00:00.000Z,בוסניה הרצגובינה,20,6,26
2021-08-09T00:00:00.000Z,בולגריה,741,114,855
2021-08-09T00:00:00.000Z,בוטסואנה,3,6,9
2021-08-09T00:00:00.000Z,בהמס,1,0,1
2021-08-09T00:00:00.000Z,אתיופיה,14,16,30
2021-08-09T00:00:00.000Z,ארצות הברית,1640,2625,4265
2021-08-09T00:00:00.000Z,ארמניה,6,0,6
2021-08-09T00:00:00.000Z,אקואדור,2,0,2
2021-08-09T00:00:00.000Z,אסטוניה,32,5,37
2021-08-09T00:00:00.000Z,אלבניה,6,5,11
2021-08-09T00:00:00.000Z,אירלנד,5,0,5
2021-08-09T00:00:00.000Z,איסלנד,47,3,50
2021-08-09T00:00:00.000Z,איטליה,465,199,664
2021-08-09T00:00:00.000Z,אזרביג'אן,5,0,5
2021-08-09T00:00:00.000Z,אורגוואי,7,7,14
2021-08-09T00:00:00.000Z,אוקראינה,586,298,884
2021-08-09T00:00:00.000Z,אוסטרליה,3,2,5
2021-08-09T00:00:00.000Z,אוסטריה,568,133,701
2021-08-09T00:00:00.000Z,אוזבקיסטן,2,1,3
2021-08-09T00:00:00.000Z,אוגנדה,6,1,7
2021-08-09T00:00:00.000Z,לוכסמבורג,1,0,1
2021-08-09T00:00:00.000Z,תורכמניסטאן,12,9,21
2021-08-09T00:00:00.000Z,תורכיה,427,195,622
2021-08-09T00:00:00.000Z,תאילנד,1,0,1
2021-08-09T00:00:00.000Z,שוויץ,483,280,763
2021-08-09T00:00:00.000Z,שוודיה,12,9,21
2021-08-09T00:00:00.000Z,רוסיה,18,38,56
2021-08-09T00:00:00.000Z,רומניה,421,55,476
2021-08-09T00:00:00.000Z,רואנדה,5,0,5
2021-08-09T00:00:00.000Z,קרואטיה,29,5,34
2021-08-09T00:00:00.000Z,קפריסין,18,7,25
2021-08-09T00:00:00.000Z,קניה,4,5,9
2021-08-09T00:00:00.000Z,קנדה,112,199,311
2021-08-09T00:00:00.000Z,קטר,0,2,2
2021-08-09T00:00:00.000Z,קזחסטאן,2,16,18
2021-08-09T00:00:00.000Z,קוריאה הדרומית,0,1,1
2021-08-09T00:00:00.000Z,קוסטה ריקה,12,5,17
2021-08-09T00:00:00.000Z,קולומביה,2,1,3
2021-08-09T00:00:00.000Z,צרפת,560,632,1192
2021-08-09T00:00:00.000Z,צכיה,266,44,310
2021-08-09T00:00:00.000Z,פרו,3,0,3
2021-08-09T00:00:00.000Z,פרגוואי,5,0,5
2021-08-09T00:00:00.000Z,פנמה,11,1,12
2021-08-09T00:00:00.000Z,פינלנד,9,0,9
2021-08-09T00:00:00.000Z,פיליפינים,0,6,6
2021-08-09T00:00:00.000Z,פורטוגל,152,34,186
2021-08-09T00:00:00.000Z,פולין,222,40,262
2021-08-09T00:00:00.000Z,פאפואה,1,0,1
2021-08-09T00:00:00.000Z,סרביה,116,16,132
2021-08-09T00:00:00.000Z,ספרד,24,19,43
2021-08-09T00:00:00.000Z,סנגל,1,0,1
2021-08-09T00:00:00.000Z,סלובניה,1,0,1
2021-08-09T00:00:00.000Z,סינגפור,1,0,1
2021-08-09T00:00:00.000Z,סין,0,1,1
2021-08-09T00:00:00.000Z,סורינם,1,0,1
2021-08-09T00:00:00.000Z,סוריה,1,0,1
2021-08-09T00:00:00.000Z,נמיביה,3,0,3
2021-08-09T00:00:00.000Z,ניגריה,7,2,9
2021-08-09T00:00:00.000Z,נורבגיה,3,2,5
2021-08-09T00:00:00.000Z,מרוקו,11,1,12
2021-08-09T00:00:00.000Z,מקסיקו,0,3,3
2021-08-09T00:00:00.000Z,מצרים,662,201,863
2021-08-09T00:00:00.000Z,מלדיבים,72,9,81
2021-08-09T00:00:00.000Z,מונטנגרו,131,23,154
2021-08-09T00:00:00.000Z,מולדובה,3,7,10
2021-08-09T00:00:00.000Z,מאלי,2,0,2
2021-08-09T00:00:00.000Z,ליטא,7,2,9
2021-08-09T00:00:00.000Z,לטביה,10,0,10
2021-08-09T00:00:00.000Z,איחוד האמירויות הערב,34,7,41
2021-08-09T00:00:00.000Z,לבנון,0,1,1
2021-08-09T00:00:00.000Z,כלל המדינות,12590,9515,22105
2021-08-09T00:00:00.000Z,ירדן,402,170,572
2021-08-10T00:00:00.000Z,קירג'זסטאן,6,0,6
2021-08-10T00:00:00.000Z,קנדה,53,92,145
2021-08-10T00:00:00.000Z,קניה,9,1,10
2021-08-10T00:00:00.000Z,איחוד האמירויות הערב,20,11,31
2021-08-10T00:00:00.000Z,קפריסין,18,6,24
2021-08-10T00:00:00.000Z,קרואטיה,13,1,14
2021-08-10T00:00:00.000Z,רואנדה,0,3,3
2021-08-10T00:00:00.000Z,קטר,0,1,1
2021-08-10T00:00:00.000Z,קזחסטאן,6,1,7
2021-08-10T00:00:00.000Z,קוריאה הדרומית,5,0,5
2021-08-10T00:00:00.000Z,קוסטה ריקה,10,0,10
2021-08-10T00:00:00.000Z,קולומביה,3,1,4
2021-08-10T00:00:00.000Z,קובה,2,0,2
2021-08-10T00:00:00.000Z,צרפת,788,710,1498
2021-08-10T00:00:00.000Z,צכיה,166,29,195
2021-08-10T00:00:00.000Z,צ'ילה,0,2,2
2021-08-10T00:00:00.000Z,פרו,3,1,4
2021-08-10T00:00:00.000Z,פנמה,21,8,29
2021-08-10T00:00:00.000Z,פינלנד,4,0,4
2021-08-10T00:00:00.000Z,פורטוגל,26,6,32
2021-08-10T00:00:00.000Z,פולין,199,40,239
2021-08-10T00:00:00.000Z,סרביה,3,1,4
2021-08-10T00:00:00.000Z,ספרד,20,27,47
2021-08-10T00:00:00.000Z,סלובניה,2,1,3
2021-08-10T00:00:00.000Z,סין,7,24,31
2021-08-10T00:00:00.000Z,סוריה,1,2,3
2021-08-10T00:00:00.000Z,נמיביה,2,0,2
2021-08-10T00:00:00.000Z,ניו זילנד,0,1,1
2021-08-10T00:00:00.000Z,ניגריה,2,1,3
2021-08-10T00:00:00.000Z,נורבגיה,1,1,2
2021-08-10T00:00:00.000Z,מרוקו,4,5,9
2021-08-10T00:00:00.000Z,מקסיקו,3,8,11
2021-08-10T00:00:00.000Z,מקדוניה,2,0,2
2021-08-10T00:00:00.000Z,מצרים,1406,412,1818
2021-08-10T00:00:00.000Z,מלטה,2,3,5
2021-08-10T00:00:00.000Z,מלדיבים,48,18,66
2021-08-10T00:00:00.000Z,מיאנמר (בורמה),0,1,1
2021-08-10T00:00:00.000Z,מונקו,1,0,1
2021-08-10T00:00:00.000Z,מונטנגרו,0,1,1
2021-08-10T00:00:00.000Z,מולדובה,0,74,74
2021-08-10T00:00:00.000Z,ליטא,2,0,2
2021-08-10T00:00:00.000Z,לטביה,51,15,66
2021-08-10T00:00:00.000Z,לבנון,0,1,1
2021-08-10T00:00:00.000Z,כלל המדינות,11379,7821,19200
2021-08-10T00:00:00.000Z,ירדן,0,27,27
2021-08-10T00:00:00.000Z,יפן,29,2,31
2021-08-10T00:00:00.000Z,יוון,1986,389,2375
2021-08-10T00:00:00.000Z,טנזניה,15,3,18
2021-08-10T00:00:00.000Z,חוף השנהב,1,0,1
2021-08-10T00:00:00.000Z,זאיר,1,4,5
2021-08-10T00:00:00.000Z,הרפ הדומיניקנית,2,0,2
2021-08-10T00:00:00.000Z,הממלכה המאוחדת,96,121,217
2021-08-10T00:00:00.000Z,הונגריה,87,47,134
2021-08-10T00:00:00.000Z,הונג קונג,7,27,34
2021-08-10T00:00:00.000Z,הולנד,334,46,380
2021-08-10T00:00:00.000Z,דרום אפריקה,0,3,3
2021-08-10T00:00:00.000Z,דנמרק,24,15,39
2021-08-10T00:00:00.000Z,גרמניה,697,240,937
2021-08-10T00:00:00.000Z,גיברלטר,1,0,1
2021-08-10T00:00:00.000Z,גווטאמלה,2,0,2
2021-08-10T00:00:00.000Z,בליז,1,0,1
2021-08-10T00:00:00.000Z,בלגיה,3,4,7
2021-08-10T00:00:00.000Z,בחריין,2,0,2
2021-08-10T00:00:00.000Z,בורקינה פאסו,1,0,1
2021-08-10T00:00:00.000Z,בוסניה הרצגובינה,5,4,9
2021-08-10T00:00:00.000Z,בולגריה,519,66,585
2021-08-10T00:00:00.000Z,אתיופיה,12,9,21
2021-08-10T00:00:00.000Z,ארצות הברית,1527,1716,3243
2021-08-10T00:00:00.000Z,ארמניה,5,0,5
2021-08-10T00:00:00.000Z,ארגנטינה,1,0,1
2021-08-10T00:00:00.000Z,אקואדור,4,3,7
2021-08-10T00:00:00.000Z,אסטוניה,52,4,56
2021-08-10T00:00:00.000Z,אנגולה,3,5,8
2021-08-10T00:00:00.000Z,אלבניה,2,0,2
2021-08-10T00:00:00.000Z,אירלנד,5,1,6
2021-08-10T00:00:00.000Z,איסלנד,281,2,283
2021-08-10T00:00:00.000Z,איטליה,556,175,731
2021-08-10T00:00:00.000Z,אזרביג'אן,12,3,15
2021-08-10T00:00:00.000Z,אורגוואי,2,0,2
2021-08-10T00:00:00.000Z,אוקראינה,473,272,745
2021-08-10T00:00:00.000Z,אוסטרליה,3,9,12
2021-08-10T00:00:00.000Z,רומניה,206,75,281
2021-08-10T00:00:00.000Z,רוסיה,32,45,77
2021-08-10T00:00:00.000Z,רפ מרכז אפריקנית,1,0,1
2021-08-10T00:00:00.000Z,שוודיה,16,3,19
2021-08-10T00:00:00.000Z,שוויץ,224,108,332
2021-08-10T00:00:00.000Z,תורכיה,216,126,342
2021-08-10T00:00:00.000Z,תורכמניסטאן,10,3,13
2021-08-10T00:00:00.000Z,אוסטריה,219,47,266
2021-08-10T00:00:00.000Z,אוזבקיסטן,2,2,4
2021-08-10T00:00:00.000Z,אוגנדה,4,1,5
2021-08-10T00:00:00.000Z,אבחזיסטאן,3,1,4
2021-08-11T00:00:00.000Z,קנדה,39,84,123
2021-08-11T00:00:00.000Z,הונג קונג,1,0,1
2021-08-11T00:00:00.000Z,שוויץ,421,150,571
2021-08-11T00:00:00.000Z,תאילנד,5,1,6
2021-08-11T00:00:00.000Z,תוניסיה,1,0,1
2021-08-11T00:00:00.000Z,תורכיה,205,89,294
2021-08-11T00:00:00.000Z,תורכמניסטאן,16,8,24
2021-08-11T00:00:00.000Z,רוסיה,27,61,88
2021-08-11T00:00:00.000Z,בוטסואנה,0,8,8
2021-08-11T00:00:00.000Z,בולגריה,336,45,381
2021-08-11T00:00:00.000Z,בוסניה הרצגובינה,1,0,1
2021-08-11T00:00:00.000Z,בחריין,1,0,1
2021-08-11T00:00:00.000Z,בילורוסיה,47,59,106
2021-08-11T00:00:00.000Z,בלגיה,63,95,158
2021-08-11T00:00:00.000Z,בנגלדש,1,0,1
2021-08-11T00:00:00.000Z,גאורגיה,2,1,3
2021-08-11T00:00:00.000Z,גאנה,0,1,1
2021-08-11T00:00:00.000Z,גיברלטר,0,5,5
2021-08-11T00:00:00.000Z,גרמניה,247,122,369
2021-08-11T00:00:00.000Z,דנמרק,22,4,26
2021-08-11T00:00:00.000Z,דרום אפריקה,2,0,2
2021-08-11T00:00:00.000Z,האנטילים ההולנדים,1,0,1
2021-08-11T00:00:00.000Z,הולנד,192,70,262
2021-08-11T00:00:00.000Z,הונגריה,88,43,131
2021-08-11T00:00:00.000Z,הונדורס,1,0,1
2021-08-11T00:00:00.000Z,הממלכה המאוחדת,144,109,253
2021-08-11T00:00:00.000Z,ויטנאם,0,1,1
2021-08-11T00:00:00.000Z,ונצואלה,1,9,10
2021-08-11T00:00:00.000Z,זאיר,0,3,3
2021-08-11T00:00:00.000Z,זימבאבווה,1,0,1
2021-08-11T00:00:00.000Z,טג'יקיסטאן,5,0,5
2021-08-11T00:00:00.000Z,טנזניה,134,17,151
2021-08-11T00:00:00.000Z,יוון,367,106,473
2021-08-11T00:00:00.000Z,יפן,46,0,46
2021-08-11T00:00:00.000Z,ירדן,359,207,566
2021-08-11T00:00:00.000Z,כלל המדינות,8321,6395,14716
2021-08-11T00:00:00.000Z,לבנון,0,9,9
2021-08-11T00:00:00.000Z,ליטא,5,2,7
2021-08-11T00:00:00.000Z,מאלי,1,0,1
2021-08-11T00:00:00.000Z,מוזמביק,1,0,1
2021-08-11T00:00:00.000Z,מולדובה,59,22,81
2021-08-11T00:00:00.000Z,מונטנגרו,166,8,174
2021-08-11T00:00:00.000Z,מונקו,8,5,13
2021-08-11T00:00:00.000Z,מלדיבים,62,7,69
2021-08-11T00:00:00.000Z,רומניה,548,138,686
2021-08-11T00:00:00.000Z,קרואטיה,17,9,26
2021-08-11T00:00:00.000Z,קפריסין,23,15,38
2021-08-11T00:00:00.000Z,קניה,8,2,10
2021-08-11T00:00:00.000Z,שוודיה,12,3,15
2021-08-11T00:00:00.000Z,קירג'זסטאן,1,0,1
2021-08-11T00:00:00.000Z,קטר,1,0,1
2021-08-11T00:00:00.000Z,קזחסטאן,1,0,1
2021-08-11T00:00:00.000Z,קוסטה ריקה,19,4,23
2021-08-11T00:00:00.000Z,קולומביה,1,0,1
2021-08-11T00:00:00.000Z,צרפת,420,448,868
2021-08-11T00:00:00.000Z,צכיה,78,10,88
2021-08-11T00:00:00.000Z,פרו,6,0,6
2021-08-11T00:00:00.000Z,פרגוואי,9,2,11
2021-08-11T00:00:00.000Z,פנמה,6,3,9
2021-08-11T00:00:00.000Z,פינלנד,93,10,103
2021-08-11T00:00:00.000Z,פיליפינים,1,48,49
2021-08-11T00:00:00.000Z,פורטוגל,23,7,30
2021-08-11T00:00:00.000Z,פולין,75,73,148
2021-08-11T00:00:00.000Z,עירק,5,6,11
2021-08-11T00:00:00.000Z,סרי לנקה (צילון),3,0,3
2021-08-11T00:00:00.000Z,סרביה,2,0,2
2021-08-11T00:00:00.000Z,ספרד,4,2,6
2021-08-11T00:00:00.000Z,סלובניה,154,31,185
2021-08-11T00:00:00.000Z,סינגפור,5,5,10
2021-08-11T00:00:00.000Z,סין,4,7,11
2021-08-11T00:00:00.000Z,ניגריה,2,0,2
2021-08-11T00:00:00.000Z,נורבגיה,5,5,10
2021-08-11T00:00:00.000Z,מרוקו,3,6,9
2021-08-11T00:00:00.000Z,מקסיקו,5,0,5
2021-08-11T00:00:00.000Z,מקדוניה,5,0,5
2021-08-11T00:00:00.000Z,מצרים,177,78,255
2021-08-11T00:00:00.000Z,מלטה,3,1,4
2021-08-11T00:00:00.000Z,אוגנדה,0,1,1
2021-08-11T00:00:00.000Z,אוזבקיסטן,3,2,5
2021-08-11T00:00:00.000Z,אוסטריה,446,83,529
2021-08-11T00:00:00.000Z,אוסטרליה,19,36,55
2021-08-11T00:00:00.000Z,אוקראינה,460,245,705
2021-08-11T00:00:00.000Z,אזרביג'אן,1,0,1
2021-08-11T00:00:00.000Z,איטליה,443,108,551
2021-08-11T00:00:00.000Z,אינדונזיה,0,1,1
2021-08-11T00:00:00.000Z,איסלנד,223,6,229
2021-08-11T00:00:00.000Z,אירלנד,11,10,21
2021-08-11T00:00:00.000Z,אל סלבדור,1,0,1
2021-08-11T00:00:00.000Z,אלבניה,4,3,7
2021-08-11T00:00:00.000Z,אנגולה,5,1,6
2021-08-11T00:00:00.000Z,אסטוניה,72,2,74
2021-08-11T00:00:00.000Z,אקואדור,1,0,1
2021-08-11T00:00:00.000Z,ארמניה,6,9,15
2021-08-11T00:00:00.000Z,ארצות הברית,1165,1306,2471
2021-08-11T00:00:00.000Z,אתיופיה,12,4,16
2021-08-11T00:00:00.000Z,בהמס,1,0,1
2021-08-11T00:00:00.000Z,איחוד האמירויות הערב,35,15,50
2021-08-12T00:00:00.000Z,כלל המדינות,8480,7113,15593
2021-08-12T00:00:00.000Z,ירדן,815,444,1259
2021-08-12T00:00:00.000Z,יפן,2,3,5
2021-08-12T00:00:00.000Z,סינגפור,2,1,3
2021-08-12T00:00:00.000Z,יוון,854,261,1115
2021-08-12T00:00:00.000Z,טנזניה,11,0,11
2021-08-12T00:00:00.000Z,חוף השנהב,1,0,1
2021-08-12T00:00:00.000Z,זמביה,1,1,2
2021-08-12T00:00:00.000Z,זאיר,0,3,3
2021-08-12T00:00:00.000Z,הרפ הדומיניקנית,10,0,10
2021-08-12T00:00:00.000Z,הממלכה המאוחדת,198,154,352
2021-08-12T00:00:00.000Z,הונדורס,0,2,2
2021-08-12T00:00:00.000Z,הונגריה,160,44,204
2021-08-12T00:00:00.000Z,הולנד,122,33,155
2021-08-12T00:00:00.000Z,הודו,1,0,1
2021-08-12T00:00:00.000Z,דרום סודאן,1,0,1
2021-08-12T00:00:00.000Z,דרום אפריקה,3,6,9
2021-08-12T00:00:00.000Z,דרום אמריקה,1,0,1
2021-08-12T00:00:00.000Z,דנמרק,32,10,42
2021-08-12T00:00:00.000Z,דומיניקה,1,0,1
2021-08-12T00:00:00.000Z,גרמניה,250,119,369
2021-08-12T00:00:00.000Z,גמייקה,0,1,1
2021-08-12T00:00:00.000Z,גינאה המשוונית,0,1,1
2021-08-12T00:00:00.000Z,גיברלטר,2,7,9
2021-08-12T00:00:00.000Z,גאנה,4,1,5
2021-08-12T00:00:00.000Z,גאורגיה,137,71,208
2021-08-12T00:00:00.000Z,ברזיל,6,4,10
2021-08-12T00:00:00.000Z,בלגיה,76,76,152
2021-08-12T00:00:00.000Z,בורקינה פאסו,2,0,2
2021-08-12T00:00:00.000Z,בוסניה הרצגובינה,49,6,55
2021-08-12T00:00:00.000Z,בולגריה,267,54,321
2021-08-12T00:00:00.000Z,אתיופיה,21,5,26
2021-08-12T00:00:00.000Z,ארצות הברית,929,825,1754
2021-08-12T00:00:00.000Z,ארמניה,25,14,39
2021-08-12T00:00:00.000Z,ארגנטינה,2,3,5
2021-08-12T00:00:00.000Z,איחוד האמירויות הערב,43,7,50
2021-08-12T00:00:00.000Z,אסטוניה,5,0,5
2021-08-12T00:00:00.000Z,אלבניה,7,0,7
2021-08-12T00:00:00.000Z,אירלנד,5,1,6
2021-08-12T00:00:00.000Z,איסלנד,133,2,135
2021-08-12T00:00:00.000Z,איי גילברט ואליס,1,1,2
2021-08-12T00:00:00.000Z,איטליה,367,99,466
2021-08-12T00:00:00.000Z,אזרביג'אן,149,20,169
2021-08-12T00:00:00.000Z,אורגוואי,1,2,3
2021-08-12T00:00:00.000Z,אוקראינה,362,225,587
2021-08-12T00:00:00.000Z,אוסטרליה,7,6,13
2021-08-12T00:00:00.000Z,אוסטריה,318,108,426
2021-08-12T00:00:00.000Z,אוזבקיסטן,4,0,4
2021-08-12T00:00:00.000Z,אוגנדה,2,0,2
2021-08-12T00:00:00.000Z,סלובקיה,4,0,4
2021-08-12T00:00:00.000Z,סוריה,4,5,9
2021-08-12T00:00:00.000Z,נפאל,1,0,1
2021-08-12T00:00:00.000Z,ניקרגואה,1,0,1
2021-08-12T00:00:00.000Z,ניגריה,8,0,8
2021-08-12T00:00:00.000Z,נורבגיה,1,3,4
2021-08-12T00:00:00.000Z,ספרד,38,44,82
2021-08-12T00:00:00.000Z,סרביה,119,38,157
2021-08-12T00:00:00.000Z,סרי לנקה (צילון),1,3,4
2021-08-12T00:00:00.000Z,פנמה,23,14,37
2021-08-12T00:00:00.000Z,פרו,6,2,8
2021-08-12T00:00:00.000Z,צ'ילה,0,2,2
2021-08-12T00:00:00.000Z,צכיה,63,10,73
2021-08-12T00:00:00.000Z,צרפת,378,274,652
2021-08-12T00:00:00.000Z,קולומביה,6,2,8
2021-08-12T00:00:00.000Z,קונגו,0,1,1
2021-08-12T00:00:00.000Z,קוסטה ריקה,12,6,18
2021-08-12T00:00:00.000Z,קוריאה הדרומית,0,4,4
2021-08-12T00:00:00.000Z,קזחסטאן,2,0,2
2021-08-12T00:00:00.000Z,קטר,6,1,7
2021-08-12T00:00:00.000Z,קירג'זסטאן,5,1,6
2021-08-12T00:00:00.000Z,קמרון,2,0,2
2021-08-12T00:00:00.000Z,קנדה,31,69,100
2021-08-12T00:00:00.000Z,קניה,3,8,11
2021-08-12T00:00:00.000Z,קפריסין,27,29,56
2021-08-12T00:00:00.000Z,קרואטיה,20,9,29
2021-08-12T00:00:00.000Z,רואנדה,1,0,1
2021-08-12T00:00:00.000Z,רומניה,211,43,254
2021-08-12T00:00:00.000Z,רוסיה,34,98,132
2021-08-12T00:00:00.000Z,שוודיה,19,11,30
2021-08-12T00:00:00.000Z,שוויץ,262,97,359
2021-08-12T00:00:00.000Z,תאילנד,1,0,1
2021-08-12T00:00:00.000Z,תורכיה,161,86,247
2021-08-12T00:00:00.000Z,תורכמניסטאן,6,0,6
2021-08-12T00:00:00.000Z,עומן,1,0,1
2021-08-12T00:00:00.000Z,ערב הסעודית,0,1,1
2021-08-12T00:00:00.000Z,פולין,55,6,61
2021-08-12T00:00:00.000Z,פולינזיה הצרפתית,2,0,2
2021-08-12T00:00:00.000Z,פורטוגל,178,34,212
2021-08-12T00:00:00.000Z,פיליפינים,0,28,28
2021-08-12T00:00:00.000Z,פינלנד,4,0,4
2021-08-12T00:00:00.000Z,מרוקו,62,25,87
2021-08-12T00:00:00.000Z,מקסיקו,0,1,1
2021-08-12T00:00:00.000Z,מקדוניה,1,0,1
2021-08-12T00:00:00.000Z,מצרים,355,165,520
2021-08-12T00:00:00.000Z,מלטה,4,0,4
2021-08-12T00:00:00.000Z,מלדיבים,32,3,35
2021-08-12T00:00:00.000Z,מלאווי,0,2,2
2021-08-12T00:00:00.000Z,מונטנגרו,18,2,20
2021-08-12T00:00:00.000Z,מולדובה,140,57,197
2021-08-12T00:00:00.000Z,מוזמביק,0,2,2
2021-08-12T00:00:00.000Z,ליטא,89,20,109
2021-08-12T00:00:00.000Z,לוכסמבורג,0,4,4
2021-08-12T00:00:00.000Z,לבנון,0,3,3
2021-08-12T00:00:00.000Z,אקואדור,0,3,3
2021-08-13T00:00:00.000Z,כלל המדינות,8065,4666,12731
2021-08-13T00:00:00.000Z,ירדן,9,55,64
2021-08-13T00:00:00.000Z,יפן,4,1,5
2021-08-13T00:00:00.000Z,יוון,639,197,836
2021-08-13T00:00:00.000Z,טנזניה,2,0,2
2021-08-13T00:00:00.000Z,חוף השנהב,1,0,1
2021-08-13T00:00:00.000Z,זאיר,1,0,1
2021-08-13T00:00:00.000Z,ונצואלה,0,3,3
2021-08-13T00:00:00.000Z,הממלכה המאוחדת,1,0,1
2021-08-13T00:00:00.000Z,הונדורס,1,0,1
2021-08-13T00:00:00.000Z,הונגריה,75,33,108
2021-08-13T00:00:00.000Z,הולנד,153,42,195
2021-08-13T00:00:00.000Z,דנמרק,64,12,76
2021-08-13T00:00:00.000Z,גרמניה,446,186,632
2021-08-13T00:00:00.000Z,גאנה,1,0,1
2021-08-13T00:00:00.000Z,גאורגיה,3,1,4
2021-08-13T00:00:00.000Z,ברזיל,0,1,1
2021-08-13T00:00:00.000Z,בליז,4,1,5
2021-08-13T00:00:00.000Z,בלגיה,124,37,161
2021-08-13T00:00:00.000Z,בחריין,0,1,1
2021-08-13T00:00:00.000Z,בורונדי,1,0,1
2021-08-13T00:00:00.000Z,בוסניה הרצגובינה,43,7,50
2021-08-13T00:00:00.000Z,בולגריה,193,58,251
2021-08-13T00:00:00.000Z,בהמס,1,0,1
2021-08-13T00:00:00.000Z,אתיופיה,2,0,2
2021-08-13T00:00:00.000Z,ארצות הברית,1023,537,1560
2021-08-13T00:00:00.000Z,ארמניה,3,0,3
2021-08-13T00:00:00.000Z,ארגנטינה,0,7,7
2021-08-13T00:00:00.000Z,אקואדור,2,0,2
2021-08-13T00:00:00.000Z,אסטוניה,8,0,8
2021-08-13T00:00:00.000Z,אלבניה,4,0,4
2021-08-13T00:00:00.000Z,אירלנד,13,5,18
2021-08-13T00:00:00.000Z,איסלנד,9,1,10
2021-08-13T00:00:00.000Z,איטליה,437,101,538
2021-08-13T00:00:00.000Z,אזרביג'אן,5,1,6
2021-08-13T00:00:00.000Z,אוקראינה,405,213,618
2021-08-13T00:00:00.000Z,אוסטרליה,0,1,1
2021-08-13T00:00:00.000Z,אוסטריה,576,115,691
2021-08-13T00:00:00.000Z,אוזבקיסטן,1,0,1
2021-08-13T00:00:00.000Z,סלובניה,5,1,6
2021-08-13T00:00:00.000Z,תורכמניסטאן,10,2,12
2021-08-13T00:00:00.000Z,תורכיה,164,76,240
2021-08-13T00:00:00.000Z,שוויץ,594,193,787
2021-08-13T00:00:00.000Z,שוודיה,21,13,34
2021-08-13T00:00:00.000Z,רוסיה,42,41,83
2021-08-13T00:00:00.000Z,רומניה,556,89,645
2021-08-13T00:00:00.000Z,רואנדה,1,0,1
2021-08-13T00:00:00.000Z,קרואטיה,24,8,32
2021-08-13T00:00:00.000Z,קפריסין,15,16,31
2021-08-13T00:00:00.000Z,קניה,1,0,1
2021-08-13T00:00:00.000Z,קנדה,46,83,129
2021-08-13T00:00:00.000Z,קירג'זסטאן,3,1,4
2021-08-13T00:00:00.000Z,קטר,0,2,2
2021-08-13T00:00:00.000Z,קזחסטאן,2,6,8
2021-08-13T00:00:00.000Z,קוריאה הדרומית,11,3,14
2021-08-13T00:00:00.000Z,קוסטה ריקה,7,5,12
2021-08-13T00:00:00.000Z,צרפת,185,97,282
2021-08-13T00:00:00.000Z,צכיה,174,40,214
2021-08-13T00:00:00.000Z,פרו,3,0,3
2021-08-13T00:00:00.000Z,פרגוואי,1,0,1
2021-08-13T00:00:00.000Z,פנמה,5,3,8
2021-08-13T00:00:00.000Z,פינלנד,87,31,118
2021-08-13T00:00:00.000Z,פיליפינים,0,7,7
2021-08-13T00:00:00.000Z,פורטוגל,30,5,35
2021-08-13T00:00:00.000Z,פורטו ריקו,0,1,1
2021-08-13T00:00:00.000Z,פולין,218,28,246
2021-08-13T00:00:00.000Z,סרביה,252,28,280
2021-08-13T00:00:00.000Z,ספרד,3,5,8
2021-08-13T00:00:00.000Z,סנגל,2,0,2
2021-08-13T00:00:00.000Z,איחוד האמירויות הערב,29,9,38
2021-08-13T00:00:00.000Z,סינגפור,1,0,1
2021-08-13T00:00:00.000Z,סין,3,0,3
2021-08-13T00:00:00.000Z,ניקרגואה,1,0,1
2021-08-13T00:00:00.000Z,ניגריה,12,0,12
2021-08-13T00:00:00.000Z,נורבגיה,0,3,3
2021-08-13T00:00:00.000Z,מרוקו,94,3,97
2021-08-13T00:00:00.000Z,מקדוניה,1,0,1
2021-08-13T00:00:00.000Z,מצרים,419,221,640
2021-08-13T00:00:00.000Z,מלטה,2,5,7
2021-08-13T00:00:00.000Z,מלדיבים,32,6,38
2021-08-13T00:00:00.000Z,מונטנגרו,151,22,173
2021-08-13T00:00:00.000Z,מולדובה,14,7,21
2021-08-13T00:00:00.000Z,מוזמביק,2,0,2
2021-08-13T00:00:00.000Z,מאלי,3,0,3
2021-08-13T00:00:00.000Z,ליטא,3,0,3
2021-08-13T00:00:00.000Z,לטביה,7,1,8
2021-08-14T00:00:00.000Z,פינלנד,11,1,12
2021-08-14T00:00:00.000Z,מצרים,353,204,557
2021-08-14T00:00:00.000Z,מלטה,1,1,2
2021-08-14T00:00:00.000Z,מלדיבים,26,6,32
2021-08-14T00:00:00.000Z,מונטנגרו,1,1,2
2021-08-14T00:00:00.000Z,מולדובה,53,19,72
2021-08-14T00:00:00.000Z,מוזמביק,1,0,1
2021-08-14T00:00:00.000Z,ליטא,16,4,20
2021-08-14T00:00:00.000Z,לטביה,46,15,61
2021-08-14T00:00:00.000Z,לוכסמבורג,1,0,1
2021-08-14T00:00:00.000Z,כלל המדינות,4890,3430,8320
2021-08-14T00:00:00.000Z,ירדן,16,49,65
2021-08-14T00:00:00.000Z,יפן,0,2,2
2021-08-14T00:00:00.000Z,יוון,461,116,577
2021-08-14T00:00:00.000Z,טנזניה,23,1,24
2021-08-14T00:00:00.000Z,טוגו,1,0,1
2021-08-14T00:00:00.000Z,חוף השנהב,1,0,1
2021-08-14T00:00:00.000Z,הרפ הדומיניקנית,13,0,13
2021-08-14T00:00:00.000Z,הממלכה המאוחדת,15,16,31
2021-08-14T00:00:00.000Z,הונדורס,1,0,1
2021-08-14T00:00:00.000Z,הונגריה,90,27,117
2021-08-14T00:00:00.000Z,הונג קונג,0,1,1
2021-08-14T00:00:00.000Z,הולנד,108,16,124
2021-08-14T00:00:00.000Z,הודו,1,0,1
2021-08-14T00:00:00.000Z,דרום סודאן,1,0,1
2021-08-14T00:00:00.000Z,דרום אפריקה,2,0,2
2021-08-14T00:00:00.000Z,דנמרק,10,12,22
2021-08-14T00:00:00.000Z,גרמניה,133,76,209
2021-08-14T00:00:00.000Z,גאנה,4,0,4
2021-08-14T00:00:00.000Z,גאורגיה,47,24,71
2021-08-14T00:00:00.000Z,בלגיה,12,3,15
2021-08-14T00:00:00.000Z,בוסניה הרצגובינה,15,8,23
2021-08-14T00:00:00.000Z,בולגריה,90,45,135
2021-08-14T00:00:00.000Z,אתיופיה,16,3,19
2021-08-14T00:00:00.000Z,ארצות הברית,571,424,995
2021-08-14T00:00:00.000Z,ארמניה,4,0,4
2021-08-14T00:00:00.000Z,אסטוניה,4,5,9
2021-08-14T00:00:00.000Z,אלבניה,8,0,8
2021-08-14T00:00:00.000Z,אירלנד,6,1,7
2021-08-14T00:00:00.000Z,איסלנד,71,1,72
2021-08-14T00:00:00.000Z,איי סיישל,2,3,5
2021-08-14T00:00:00.000Z,איטליה,172,53,225
2021-08-14T00:00:00.000Z,אזרביג'אן,3,0,3
2021-08-14T00:00:00.000Z,אורגוואי,1,3,4
2021-08-14T00:00:00.000Z,אוקראינה,198,73,271
2021-08-14T00:00:00.000Z,אוסטרליה,1,6,7
2021-08-14T00:00:00.000Z,אוסטריה,338,83,421
2021-08-14T00:00:00.000Z,אוגנדה,1,0,1
2021-08-14T00:00:00.000Z,איחוד האמירויות הערב,13,11,24
2021-08-14T00:00:00.000Z,גווטאמלה,4,3,7
2021-08-14T00:00:00.000Z,תורכמניסטאן,5,1,6
2021-08-14T00:00:00.000Z,תורכיה,143,76,219
2021-08-14T00:00:00.000Z,שוויץ,159,36,195
2021-08-14T00:00:00.000Z,שוודיה,16,8,24
2021-08-14T00:00:00.000Z,רוסיה,0,2,2
2021-08-14T00:00:00.000Z,רומניה,768,123,891
2021-08-14T00:00:00.000Z,קרואטיה,24,7,31
2021-08-14T00:00:00.000Z,קפריסין,18,20,38
2021-08-14T00:00:00.000Z,קנדה,34,64,98
2021-08-14T00:00:00.000Z,קטר,1,0,1
2021-08-14T00:00:00.000Z,קזחסטאן,2,0,2
2021-08-14T00:00:00.000Z,קוריאה הדרומית,4,0,4
2021-08-14T00:00:00.000Z,קוסטה ריקה,27,4,31
2021-08-14T00:00:00.000Z,קוסובו,1,1,2
2021-08-14T00:00:00.000Z,קונגו,0,1,1
2021-08-14T00:00:00.000Z,קולומביה,5,8,13
2021-08-14T00:00:00.000Z,צרפת,141,45,186
2021-08-14T00:00:00.000Z,צכיה,2,0,2
2021-08-14T00:00:00.000Z,פרו,3,0,3
2021-08-14T00:00:00.000Z,פנמה,2,7,9
2021-08-14T00:00:00.000Z,קניה,11,8,19
2021-08-14T00:00:00.000Z,פיליפינים,1,1,2
2021-08-14T00:00:00.000Z,פורטוגל,49,6,55
2021-08-14T00:00:00.000Z,פולין,179,27,206
2021-08-14T00:00:00.000Z,סרי לנקה (צילון),0,2,2
2021-08-14T00:00:00.000Z,סרביה,4,0,4
2021-08-14T00:00:00.000Z,ספרד,25,5,30
2021-08-14T00:00:00.000Z,סלובניה,5,2,7
2021-08-14T00:00:00.000Z,סינגפור,0,3,3
2021-08-14T00:00:00.000Z,סין,0,8,8
2021-08-14T00:00:00.000Z,נפאל,1,0,1
2021-08-14T00:00:00.000Z,ניקרגואה,3,0,3
2021-08-14T00:00:00.000Z,ניגריה,6,0,6
2021-08-14T00:00:00.000Z,נורבגיה,3,0,3
2021-08-14T00:00:00.000Z,מרוקו,9,1,10
2021-08-14T00:00:00.000Z,מקסיקו,1,0,1
2021-08-15T00:00:00.000Z,הודו,0,1,1
2021-08-15T00:00:00.000Z,קמרון,1,0,1
2021-08-15T00:00:00.000Z,קוריאה הדרומית,7,3,10
2021-08-15T00:00:00.000Z,קוסטה ריקה,8,2,10
2021-08-15T00:00:00.000Z,קונגו,1,0,1
2021-08-15T00:00:00.000Z,קולומביה,1,0,1
2021-08-15T00:00:00.000Z,צרפת,578,383,961
2021-08-15T00:00:00.000Z,צכיה,107,21,128
2021-08-15T00:00:00.000Z,פרו,9,0,9
2021-08-15T00:00:00.000Z,פנמה,2,0,2
2021-08-15T00:00:00.000Z,פינלנד,7,2,9
2021-08-15T00:00:00.000Z,פיליפינים,1,2,3
2021-08-15T00:00:00.000Z,פורטוגל,160,30,190
2021-08-15T00:00:00.000Z,פולין,198,27,225
2021-08-15T00:00:00.000Z,סרי לנקה (צילון),0,1,1
2021-08-15T00:00:00.000Z,סרביה,168,27,195
2021-08-15T00:00:00.000Z,ספרד,8,2,10
2021-08-15T00:00:00.000Z,סנגל,4,0,4
2021-08-15T00:00:00.000Z,סלובניה,4,0,4
2021-08-15T00:00:00.000Z,סינגפור,0,5,5
2021-08-15T00:00:00.000Z,סין,1,0,1
2021-08-15T00:00:00.000Z,ניו זילנד,0,1,1
2021-08-15T00:00:00.000Z,ניגריה,8,1,9
2021-08-15T00:00:00.000Z,נורבגיה,11,5,16
2021-08-15T00:00:00.000Z,מרוקו,11,11,22
2021-08-15T00:00:00.000Z,מקסיקו,1,1,2
2021-08-15T00:00:00.000Z,מקדוניה,2,0,2
2021-08-15T00:00:00.000Z,מצרים,656,327,983
2021-08-15T00:00:00.000Z,מלטה,2,1,3
2021-08-15T00:00:00.000Z,מלדיבים,32,4,36
2021-08-15T00:00:00.000Z,מונקו,7,1,8
2021-08-15T00:00:00.000Z,מונטנגרו,312,20,332
2021-08-15T00:00:00.000Z,מונגוליה,1,0,1
2021-08-15T00:00:00.000Z,מולדובה,150,68,218
2021-08-15T00:00:00.000Z,ליטא,121,12,133
2021-08-15T00:00:00.000Z,לטביה,4,0,4
2021-08-15T00:00:00.000Z,כלל המדינות,12010,7630,19640
2021-08-15T00:00:00.000Z,ירדן,1708,1015,2723
2021-08-15T00:00:00.000Z,יפן,1,1,2
2021-08-15T00:00:00.000Z,יוון,1000,279,1279
2021-08-15T00:00:00.000Z,טנזניה,12,2,14
2021-08-15T00:00:00.000Z,זאיר,1,0,1
2021-08-15T00:00:00.000Z,ויטנאם,0,4,4
2021-08-15T00:00:00.000Z,הרפ הדומיניקנית,6,0,6
2021-08-15T00:00:00.000Z,הממלכה המאוחדת,231,183,414
2021-08-15T00:00:00.000Z,הונגריה,225,35,260
2021-08-15T00:00:00.000Z,הולנד,242,94,336
2021-08-15T00:00:00.000Z,קזחסטאן,9,13,22
2021-08-15T00:00:00.000Z,האנטילים ההולנדים,2,0,2
2021-08-15T00:00:00.000Z,דנמרק,59,20,79
2021-08-15T00:00:00.000Z,דומיניקה,1,0,1
2021-08-15T00:00:00.000Z,גרנדה,1,0,1
2021-08-15T00:00:00.000Z,גרמניה,343,191,534
2021-08-15T00:00:00.000Z,גויאנה הצרפתית,0,1,1
2021-08-15T00:00:00.000Z,גואם,1,0,1
2021-08-15T00:00:00.000Z,גאנה,10,0,10
2021-08-15T00:00:00.000Z,גאורגיה,33,25,58
2021-08-15T00:00:00.000Z,בלגיה,125,74,199
2021-08-15T00:00:00.000Z,בילורוסיה,55,77,132
2021-08-15T00:00:00.000Z,בחריין,2,0,2
2021-08-15T00:00:00.000Z,בוסניה הרצגובינה,63,16,79
2021-08-15T00:00:00.000Z,בולגריה,337,76,413
2021-08-15T00:00:00.000Z,בהמס,3,0,3
2021-08-15T00:00:00.000Z,אתיופיה,19,2,21
2021-08-15T00:00:00.000Z,ארצות הברית,679,461,1140
2021-08-15T00:00:00.000Z,ארמניה,2,0,2
2021-08-15T00:00:00.000Z,ארגנטינה,0,2,2
2021-08-15T00:00:00.000Z,אקואדור,0,2,2
2021-08-15T00:00:00.000Z,קנדה,28,102,130
2021-08-15T00:00:00.000Z,קניה,5,0,5
2021-08-15T00:00:00.000Z,קפריסין,31,25,56
2021-08-15T00:00:00.000Z,קרואטיה,62,19,81
2021-08-15T00:00:00.000Z,רואנדה,1,0,1
2021-08-15T00:00:00.000Z,רומניה,736,89,825
2021-08-15T00:00:00.000Z,רוסיה,55,133,188
2021-08-15T00:00:00.000Z,שוודיה,30,8,38
2021-08-15T00:00:00.000Z,שוויץ,581,184,765
2021-08-15T00:00:00.000Z,תאילנד,133,72,205
2021-08-15T00:00:00.000Z,תורכיה,141,62,203
2021-08-15T00:00:00.000Z,תורכמניסטאן,4,10,14
2021-08-15T00:00:00.000Z,איחוד האמירויות הערב,38,22,60
2021-08-15T00:00:00.000Z,אסטוניה,5,8,13
2021-08-15T00:00:00.000Z,אנדורה,0,1,1
2021-08-15T00:00:00.000Z,אלבניה,7,2,9
2021-08-15T00:00:00.000Z,אל סלבדור,1,0,1
2021-08-15T00:00:00.000Z,אירלנד,18,10,28
2021-08-15T00:00:00.000Z,איסלנד,29,1,30
2021-08-15T00:00:00.000Z,איטליה,413,118,531
2021-08-15T00:00:00.000Z,אזרביג'אן,119,32,151
2021-08-15T00:00:00.000Z,אוקראינה,448,237,685
2021-08-15T00:00:00.000Z,אוסטרליה,5,3,8
2021-08-15T00:00:00.000Z,אוסטריה,416,96,512
2021-08-15T00:00:00.000Z,אוזבקיסטן,2,2,4
2021-08-15T00:00:00.000Z,אוגנדה,5,0,5
2021-08-16T00:00:00.000Z,אורגוואי,1,3,4
2021-08-16T00:00:00.000Z,אוקראינה,369,213,582
2021-08-16T00:00:00.000Z,אוסטרליה,6,2,8
2021-08-16T00:00:00.000Z,אוסטריה,422,112,534
2021-08-16T00:00:00.000Z,אוזבקיסטן,0,1,1
2021-08-16T00:00:00.000Z,אוגנדה,7,1,8
2021-08-16T00:00:00.000Z,אבחזיסטאן,1,0,1
2021-08-16T00:00:00.000Z,ארצות הברית,1333,1265,2598
2021-08-16T00:00:00.000Z,הונדורס,2,0,2
2021-08-16T00:00:00.000Z,הונגריה,106,27,133
2021-08-16T00:00:00.000Z,הונג קונג,1,0,1
2021-08-16T00:00:00.000Z,הולנד,66,29,95
2021-08-16T00:00:00.000Z,הודו,13,58,71
2021-08-16T00:00:00.000Z,דרום סודאן,1,0,1
2021-08-16T00:00:00.000Z,דרום אפריקה,4,6,10
2021-08-16T00:00:00.000Z,דנמרק,14,7,21
2021-08-16T00:00:00.000Z,גרמניה,537,167,704
2021-08-16T00:00:00.000Z,גמביה,1,0,1
2021-08-16T00:00:00.000Z,גווטאמלה,0,4,4
2021-08-16T00:00:00.000Z,גאנה,5,0,5
2021-08-16T00:00:00.000Z,גאורגיה,48,40,88
2021-08-16T00:00:00.000Z,ברזיל,2,3,5
2021-08-16T00:00:00.000Z,בלגיה,85,102,187
2021-08-16T00:00:00.000Z,הממלכה המאוחדת,196,267,463
2021-08-16T00:00:00.000Z,הרפ הדומיניקנית,7,8,15
2021-08-16T00:00:00.000Z,ויטנאם,1,3,4
2021-08-16T00:00:00.000Z,זמביה,1,0,1
2021-08-16T00:00:00.000Z,חוף השנהב,1,0,1
2021-08-16T00:00:00.000Z,טג'יקיסטאן,2,0,2
2021-08-16T00:00:00.000Z,טנזניה,124,22,146
2021-08-16T00:00:00.000Z,יוון,552,206,758
2021-08-16T00:00:00.000Z,יפן,1,2,3
2021-08-16T00:00:00.000Z,ירדן,167,100,267
2021-08-16T00:00:00.000Z,כלל המדינות,8001,6888,14889
2021-08-16T00:00:00.000Z,לוכסמבורג,2,0,2
2021-08-16T00:00:00.000Z,לטביה,2,0,2
2021-08-16T00:00:00.000Z,ליטא,18,2,20
2021-08-16T00:00:00.000Z,מוזמביק,1,0,1
2021-08-16T00:00:00.000Z,מולדובה,1,1,2
2021-08-16T00:00:00.000Z,מונטנגרו,80,14,94
2021-08-16T00:00:00.000Z,מונקו,1,0,1
2021-08-16T00:00:00.000Z,מלדיבים,31,3,34
2021-08-16T00:00:00.000Z,מלטה,1,0,1
2021-08-16T00:00:00.000Z,מצרים,530,345,875
2021-08-16T00:00:00.000Z,מקאו,0,1,1
2021-08-16T00:00:00.000Z,מקסיקו,1,5,6
2021-08-16T00:00:00.000Z,מרוקו,5,11,16
2021-08-16T00:00:00.000Z,נורבגיה,2,1,3
2021-08-16T00:00:00.000Z,ניגריה,1,0,1
2021-08-16T00:00:00.000Z,ניקרגואה,2,0,2
2021-08-16T00:00:00.000Z,נמיביה,1,0,1
2021-08-16T00:00:00.000Z,סוריה,1,2,3
2021-08-16T00:00:00.000Z,סין,1,0,1
2021-08-16T00:00:00.000Z,סינגפור,0,1,1
2021-08-16T00:00:00.000Z,סלובניה,2,2,4
2021-08-16T00:00:00.000Z,ספרד,24,16,40
2021-08-16T00:00:00.000Z,סרביה,108,36,144
2021-08-16T00:00:00.000Z,עירק,0,2,2
2021-08-16T00:00:00.000Z,פולין,184,43,227
2021-08-16T00:00:00.000Z,פורטוגל,36,8,44
2021-08-16T00:00:00.000Z,פיליפינים,0,4,4
2021-08-16T00:00:00.000Z,פינלנד,12,9,21
2021-08-16T00:00:00.000Z,פנמה,8,18,26
2021-08-16T00:00:00.000Z,פרגוואי,1,0,1
2021-08-16T00:00:00.000Z,בורונדי,1,0,1
2021-08-16T00:00:00.000Z,בוסניה הרצגובינה,2,1,3
2021-08-16T00:00:00.000Z,בוליביה,0,1,1
2021-08-16T00:00:00.000Z,בולגריה,194,77,271
2021-08-16T00:00:00.000Z,אתיופיה,17,5,22
2021-08-16T00:00:00.000Z,איחוד האמירויות הערב,37,11,48
2021-08-16T00:00:00.000Z,ארמניה,5,3,8
2021-08-16T00:00:00.000Z,ארגנטינה,3,0,3
2021-08-16T00:00:00.000Z,אקואדור,1,1,2
2021-08-16T00:00:00.000Z,אסטוניה,1,0,1
2021-08-16T00:00:00.000Z,אנגולה,2,0,2
2021-08-16T00:00:00.000Z,אלבניה,2,3,5
2021-08-16T00:00:00.000Z,אירלנד,7,1,8
2021-08-16T00:00:00.000Z,איסלנד,59,5,64
2021-08-16T00:00:00.000Z,איי סיישל,0,2,2
2021-08-16T00:00:00.000Z,איי גילברט ואליס,5,0,5
2021-08-16T00:00:00.000Z,איטליה,318,115,433
2021-08-16T00:00:00.000Z,אזרביג'אן,0,1,1
2021-08-16T00:00:00.000Z,תימן,1,0,1
2021-08-16T00:00:00.000Z,תורכיה,147,78,225
2021-08-16T00:00:00.000Z,תאילנד,6,1,7
2021-08-16T00:00:00.000Z,שוויץ,314,125,439
2021-08-16T00:00:00.000Z,שוודיה,19,6,25
2021-08-16T00:00:00.000Z,רוסיה,19,57,76
2021-08-16T00:00:00.000Z,רומניה,153,62,215
2021-08-16T00:00:00.000Z,קרואטיה,25,5,30
2021-08-16T00:00:00.000Z,קפריסין,18,15,33
2021-08-16T00:00:00.000Z,קניה,2,0,2
2021-08-16T00:00:00.000Z,קנדה,53,77,130
2021-08-16T00:00:00.000Z,קזחסטאן,2,0,2
2021-08-16T00:00:00.000Z,קוריאה הדרומית,0,3,3
2021-08-16T00:00:00.000Z,קוסטה ריקה,6,0,6
2021-08-16T00:00:00.000Z,קולומביה,1,0,1
2021-08-16T00:00:00.000Z,קובה,0,2,2
2021-08-16T00:00:00.000Z,צרפת,460,287,747
2021-08-16T00:00:00.000Z,צכיה,320,51,371
2021-08-16T00:00:00.000Z,צ'ילה,1,2,3
2021-08-16T00:00:00.000Z,פרו,7,0,7
2021-08-17T00:00:00.000Z,קרואטיה,20,6,26
2021-08-17T00:00:00.000Z,הונגריה,206,52,258
2021-08-17T00:00:00.000Z,טוגו,1,0,1
2021-08-17T00:00:00.000Z,טנזניה,14,1,15
2021-08-17T00:00:00.000Z,יוון,465,193,658
2021-08-17T00:00:00.000Z,יפן,1,0,1
2021-08-17T00:00:00.000Z,ירדן,171,90,261
2021-08-17T00:00:00.000Z,כלל המדינות,6269,6192,12461
2021-08-17T00:00:00.000Z,לבנון,0,4,4
2021-08-17T00:00:00.000Z,לוכסמבורג,1,0,1
2021-08-17T00:00:00.000Z,לטביה,52,32,84
2021-08-17T00:00:00.000Z,ליטא,1,1,2
2021-08-17T00:00:00.000Z,מולדובה,77,98,175
2021-08-17T00:00:00.000Z,מונטנגרו,25,5,30
2021-08-17T00:00:00.000Z,מלדיבים,13,0,13
2021-08-17T00:00:00.000Z,מצרים,351,215,566
2021-08-17T00:00:00.000Z,מקדוניה,0,1,1
2021-08-17T00:00:00.000Z,מקסיקו,2,2,4
2021-08-17T00:00:00.000Z,מרוקו,12,3,15
2021-08-17T00:00:00.000Z,נורבגיה,2,2,4
2021-08-17T00:00:00.000Z,ניגריה,0,1,1
2021-08-17T00:00:00.000Z,ניו זילנד,7,3,10
2021-08-17T00:00:00.000Z,נפאל,2,2,4
2021-08-17T00:00:00.000Z,סיירה ליאונה,0,1,1
2021-08-17T00:00:00.000Z,סין,30,30,60
2021-08-17T00:00:00.000Z,סלובניה,3,0,3
2021-08-17T00:00:00.000Z,סלובקיה,1,2,3
2021-08-17T00:00:00.000Z,ספרד,24,24,48
2021-08-17T00:00:00.000Z,סרביה,16,13,29
2021-08-17T00:00:00.000Z,פולין,93,26,119
2021-08-17T00:00:00.000Z,פורטוגל,17,1,18
2021-08-17T00:00:00.000Z,פיליפינים,1,17,18
2021-08-17T00:00:00.000Z,פינלנד,42,4,46
2021-08-17T00:00:00.000Z,פנמה,10,21,31
2021-08-17T00:00:00.000Z,צ'ילה,0,6,6
2021-08-17T00:00:00.000Z,צכיה,123,23,146
2021-08-17T00:00:00.000Z,צרפת,318,249,567
2021-08-17T00:00:00.000Z,קולומביה,2,2,4
2021-08-17T00:00:00.000Z,קונגו,1,0,1
2021-08-17T00:00:00.000Z,קוסובו,1,0,1
2021-08-17T00:00:00.000Z,קוסטה ריקה,12,3,15
2021-08-17T00:00:00.000Z,קוריאה הדרומית,5,4,9
2021-08-17T00:00:00.000Z,קנדה,98,175,273
2021-08-17T00:00:00.000Z,קניה,5,0,5
2021-08-17T00:00:00.000Z,קפריסין,15,6,21
2021-08-17T00:00:00.000Z,זמביה,4,3,7
2021-08-17T00:00:00.000Z,ראוניון,0,1,1
2021-08-17T00:00:00.000Z,רואנדה,1,2,3
2021-08-17T00:00:00.000Z,רומניה,305,74,379
2021-08-17T00:00:00.000Z,רוסיה,26,84,110
2021-08-17T00:00:00.000Z,שוודיה,19,5,24
2021-08-17T00:00:00.000Z,שוויץ,165,94,259
2021-08-17T00:00:00.000Z,תאילנד,108,33,141
2021-08-17T00:00:00.000Z,תוניסיה,2,8,10
2021-08-17T00:00:00.000Z,תורכיה,77,52,129
2021-08-17T00:00:00.000Z,תורכמניסטאן,1,0,1
2021-08-17T00:00:00.000Z,הונג קונג,7,19,26
2021-08-17T00:00:00.000Z,הולנד,139,16,155
2021-08-17T00:00:00.000Z,האנטילים ההולנדים,0,1,1
2021-08-17T00:00:00.000Z,דרום אפריקה,0,7,7
2021-08-17T00:00:00.000Z,דנמרק,14,4,18
2021-08-17T00:00:00.000Z,גרמניה,258,101,359
2021-08-17T00:00:00.000Z,גיברלטר,4,6,10
2021-08-17T00:00:00.000Z,גווטאמלה,3,0,3
2021-08-17T00:00:00.000Z,גאנה,10,0,10
2021-08-17T00:00:00.000Z,גאורגיה,3,0,3
2021-08-17T00:00:00.000Z,ברזיל,3,3,6
2021-08-17T00:00:00.000Z,בלגיה,2,5,7
2021-08-17T00:00:00.000Z,בולגריה,75,45,120
2021-08-17T00:00:00.000Z,בהמס,0,1,1
2021-08-17T00:00:00.000Z,אתיופיה,10,6,16
2021-08-17T00:00:00.000Z,ארצות הברית,1039,1203,2242
2021-08-17T00:00:00.000Z,ארמניה,5,6,11
2021-08-17T00:00:00.000Z,ארגנטינה,3,2,5
2021-08-17T00:00:00.000Z,אקואדור,1,0,1
2021-08-17T00:00:00.000Z,אסטוניה,1,0,1
2021-08-17T00:00:00.000Z,אנדורה,1,0,1
2021-08-17T00:00:00.000Z,אנגולה,0,4,4
2021-08-17T00:00:00.000Z,אלבניה,8,0,8
2021-08-17T00:00:00.000Z,אירלנד,6,6,12
2021-08-17T00:00:00.000Z,איסלנד,261,1,262
2021-08-17T00:00:00.000Z,איטליה,129,29,158
2021-08-17T00:00:00.000Z,אזרביג'אן,2,0,2
2021-08-17T00:00:00.000Z,אורגוואי,2,4,6
2021-08-17T00:00:00.000Z,אוקראינה,255,187,442
2021-08-17T00:00:00.000Z,אוסטרליה,8,4,12
2021-08-17T00:00:00.000Z,אוסטריה,391,83,474
2021-08-17T00:00:00.000Z,אוזבקיסטן,0,4,4
2021-08-17T00:00:00.000Z,אבחזיסטאן,1,1,2
2021-08-17T00:00:00.000Z,איחוד האמירויות הערב,30,9,39
2021-08-17T00:00:00.000Z,הממלכה המאוחדת,131,217,348
2021-08-18T00:00:00.000Z,תורכיה,79,37,116
2021-08-18T00:00:00.000Z,תוניסיה,0,2,2
2021-08-18T00:00:00.000Z,תאילנד,1,1,2
2021-08-18T00:00:00.000Z,שוויץ,274,116,390
2021-08-18T00:00:00.000Z,שוודיה,10,2,12
2021-08-18T00:00:00.000Z,רוסיה,48,60,108
2021-08-18T00:00:00.000Z,רומניה,295,86,381
2021-08-18T00:00:00.000Z,רואנדה,1,0,1
2021-08-18T00:00:00.000Z,קרואטיה,45,14,59
2021-08-18T00:00:00.000Z,קפריסין,12,56,68
2021-08-18T00:00:00.000Z,קניה,11,1,12
2021-08-18T00:00:00.000Z,קנדה,62,81,143
2021-08-18T00:00:00.000Z,קירג'זסטאן,1,0,1
2021-08-18T00:00:00.000Z,קזחסטאן,5,9,14
2021-08-18T00:00:00.000Z,קוריאה הדרומית,1,0,1
2021-08-18T00:00:00.000Z,קוסטה ריקה,8,7,15
2021-08-18T00:00:00.000Z,קונגו,1,0,1
2021-08-18T00:00:00.000Z,קולומביה,1,0,1
2021-08-18T00:00:00.000Z,צרפת,331,348,679
2021-08-18T00:00:00.000Z,צכיה,44,8,52
2021-08-18T00:00:00.000Z,פרו,7,0,7
2021-08-18T00:00:00.000Z,פרגוואי,1,0,1
2021-08-18T00:00:00.000Z,פנמה,2,4,6
2021-08-18T00:00:00.000Z,פינלנד,75,21,96
2021-08-18T00:00:00.000Z,איחוד האמירויות הערב,36,16,52
2021-08-18T00:00:00.000Z,פורטוגל,23,2,25
2021-08-18T00:00:00.000Z,פולין,51,16,67
2021-08-18T00:00:00.000Z,סרי לנקה (צילון),2,5,7
2021-08-18T00:00:00.000Z,סרביה,78,11,89
2021-08-18T00:00:00.000Z,ספרד,3,6,9
2021-08-18T00:00:00.000Z,סלובקיה,2,0,2
2021-08-18T00:00:00.000Z,סלובניה,132,20,152
2021-08-18T00:00:00.000Z,סינגפור,4,1,5
2021-08-18T00:00:00.000Z,סין,3,0,3
2021-08-18T00:00:00.000Z,סוריה,1,4,5
2021-08-18T00:00:00.000Z,ניגריה,4,0,4
2021-08-18T00:00:00.000Z,נורבגיה,0,2,2
2021-08-18T00:00:00.000Z,מרוקו,7,2,9
2021-08-18T00:00:00.000Z,מקסיקו,2,6,8
2021-08-18T00:00:00.000Z,מקדוניה,4,0,4
2021-08-18T00:00:00.000Z,מצרים,375,227,602
2021-08-18T00:00:00.000Z,מלטה,3,0,3
2021-08-18T00:00:00.000Z,מלדיבים,34,8,42
2021-08-18T00:00:00.000Z,פיליפינים,1,67,68
2021-08-18T00:00:00.000Z,מלאווי,0,1,1
2021-08-18T00:00:00.000Z,מונטנגרו,106,19,125
2021-08-18T00:00:00.000Z,מאלי,4,0,4
2021-08-18T00:00:00.000Z,ליטא,1,1,2
2021-08-18T00:00:00.000Z,כלל המדינות,6918,6331,13249
2021-08-18T00:00:00.000Z,ירדן,209,84,293
2021-08-18T00:00:00.000Z,יפן,0,1,1
2021-08-18T00:00:00.000Z,יוון,266,108,374
2021-08-18T00:00:00.000Z,טנזניה,140,18,158
2021-08-18T00:00:00.000Z,טיוואן,1,4,5
2021-08-18T00:00:00.000Z,זמביה,0,4,4
2021-08-18T00:00:00.000Z,הממלכה המאוחדת,59,91,150
2021-08-18T00:00:00.000Z,הונגריה,170,44,214
2021-08-18T00:00:00.000Z,הונג קונג,0,2,2
2021-08-18T00:00:00.000Z,הולנד,204,78,282
2021-08-18T00:00:00.000Z,הודו,3,0,3
2021-08-18T00:00:00.000Z,דרום אפריקה,1,7,8
2021-08-18T00:00:00.000Z,דנמרק,19,6,25
2021-08-18T00:00:00.000Z,אוגנדה,1,1,2
2021-08-18T00:00:00.000Z,אוזבקיסטן,4,3,7
2021-08-18T00:00:00.000Z,אוסטריה,611,166,777
2021-08-18T00:00:00.000Z,אוסטרליה,3,12,15
2021-08-18T00:00:00.000Z,אוקראינה,412,328,740
2021-08-18T00:00:00.000Z,אזרביג'אן,4,1,5
2021-08-18T00:00:00.000Z,גרמניה,298,144,442
2021-08-18T00:00:00.000Z,גאנה,1,0,1
2021-08-18T00:00:00.000Z,ברזיל,1,1,2
2021-08-18T00:00:00.000Z,בלגיה,56,41,97
2021-08-18T00:00:00.000Z,בילורוסיה,41,28,69
2021-08-18T00:00:00.000Z,בורקינה פאסו,1,0,1
2021-08-18T00:00:00.000Z,בוסניה הרצגובינה,67,34,101
2021-08-18T00:00:00.000Z,בולגריה,128,43,171
2021-08-18T00:00:00.000Z,אתיופיה,15,5,20
2021-08-18T00:00:00.000Z,ארצות הברית,1133,1221,2354
2021-08-18T00:00:00.000Z,ארמניה,6,0,6
2021-08-18T00:00:00.000Z,אסטוניה,5,0,5
2021-08-18T00:00:00.000Z,אנגולה,1,0,1
2021-08-18T00:00:00.000Z,אלבניה,2,3,5
2021-08-18T00:00:00.000Z,איסלנד,41,3,44
2021-08-18T00:00:00.000Z,איטליה,306,106,412
2021-08-19T00:00:00.000Z,ירדן,488,267,755
2021-08-19T00:00:00.000Z,הרפ הדומיניקנית,11,4,15
2021-08-19T00:00:00.000Z,הונגריה,339,83,422
2021-08-19T00:00:00.000Z,הונג קונג,0,1,1
2021-08-19T00:00:00.000Z,הולנד,126,35,161
2021-08-19T00:00:00.000Z,הודו,5,0,5
2021-08-19T00:00:00.000Z,דרום סודאן,1,0,1
2021-08-19T00:00:00.000Z,דרום אפריקה,5,8,13
2021-08-19T00:00:00.000Z,דנמרק,51,51,102
2021-08-19T00:00:00.000Z,דומיניקה,1,0,1
2021-08-19T00:00:00.000Z,גרמניה,272,125,397
2021-08-19T00:00:00.000Z,גמייקה,1,0,1
2021-08-19T00:00:00.000Z,גינאה המשוונית,0,1,1
2021-08-19T00:00:00.000Z,גיברלטר,1,0,1
2021-08-19T00:00:00.000Z,גווטאמלה,1,0,1
2021-08-19T00:00:00.000Z,גאנה,3,1,4
2021-08-19T00:00:00.000Z,גאורגיה,99,60,159
2021-08-19T00:00:00.000Z,ברזיל,3,9,12
2021-08-19T00:00:00.000Z,בלגיה,29,35,64
2021-08-19T00:00:00.000Z,בוסניה הרצגובינה,36,9,45
2021-08-19T00:00:00.000Z,בולגריה,77,34,111
2021-08-19T00:00:00.000Z,בהמס,0,1,1
2021-08-19T00:00:00.000Z,אתיופיה,34,18,52
2021-08-19T00:00:00.000Z,ארצות הברית,1442,1242,2684
2021-08-19T00:00:00.000Z,ארמניה,42,15,57
2021-08-19T00:00:00.000Z,ארגנטינה,6,24,30
2021-08-19T00:00:00.000Z,אקואדור,0,2,2
2021-08-19T00:00:00.000Z,אלבניה,1,0,1
2021-08-19T00:00:00.000Z,אירלנד,6,4,10
2021-08-19T00:00:00.000Z,איסלנד,508,9,517
2021-08-19T00:00:00.000Z,איי סיישל,12,1,13
2021-08-19T00:00:00.000Z,איטליה,368,96,464
2021-08-19T00:00:00.000Z,אזרביג'אן,132,45,177
2021-08-19T00:00:00.000Z,אורגוואי,2,0,2
2021-08-19T00:00:00.000Z,אוקראינה,469,432,901
2021-08-19T00:00:00.000Z,אוסטרליה,2,9,11
2021-08-19T00:00:00.000Z,אוסטריה,485,126,611
2021-08-19T00:00:00.000Z,אוגנדה,1,1,2
2021-08-19T00:00:00.000Z,זאיר,1,0,1
2021-08-19T00:00:00.000Z,זמביה,2,0,2
2021-08-19T00:00:00.000Z,חוף השנהב,0,4,4
2021-08-19T00:00:00.000Z,טג'יקיסטאן,0,3,3
2021-08-19T00:00:00.000Z,טיוואן,1,0,1
2021-08-19T00:00:00.000Z,טנזניה,27,1,28
2021-08-19T00:00:00.000Z,יוון,779,349,1128
2021-08-19T00:00:00.000Z,יפן,0,2,2
2021-08-19T00:00:00.000Z,הממלכה המאוחדת,158,254,412
2021-08-19T00:00:00.000Z,כלל המדינות,9320,7502,16822
2021-08-19T00:00:00.000Z,לטביה,4,3,7
2021-08-19T00:00:00.000Z,ליטא,95,13,108
2021-08-19T00:00:00.000Z,מאלי,2,0,2
2021-08-19T00:00:00.000Z,מולדובה,168,56,224
2021-08-19T00:00:00.000Z,מונטנגרו,167,24,191
2021-08-19T00:00:00.000Z,מונקו,1,0,1
2021-08-19T00:00:00.000Z,תורכיה,50,45,95
2021-08-19T00:00:00.000Z,שוויץ,197,55,252
2021-08-19T00:00:00.000Z,שוודיה,47,29,76
2021-08-19T00:00:00.000Z,רוסיה,47,85,132
2021-08-19T00:00:00.000Z,רומניה,139,67,206
2021-08-19T00:00:00.000Z,רואנדה,1,0,1
2021-08-19T00:00:00.000Z,קרואטיה,6,2,8
2021-08-19T00:00:00.000Z,קפריסין,30,16,46
2021-08-19T00:00:00.000Z,קניה,23,1,24
2021-08-19T00:00:00.000Z,קנדה,59,66,125
2021-08-19T00:00:00.000Z,קירג'זסטאן,1,0,1
2021-08-19T00:00:00.000Z,קזחסטאן,3,2,5
2021-08-19T00:00:00.000Z,קוריאה הדרומית,2,0,2
2021-08-19T00:00:00.000Z,קוסטה ריקה,10,6,16
2021-08-19T00:00:00.000Z,קולומביה,9,4,13
2021-08-19T00:00:00.000Z,צרפת,381,278,659
2021-08-19T00:00:00.000Z,צכיה,192,29,221
2021-08-19T00:00:00.000Z,צ'ילה,1,4,5
2021-08-19T00:00:00.000Z,פרגוואי,8,1,9
2021-08-19T00:00:00.000Z,פנמה,9,2,11
2021-08-19T00:00:00.000Z,פינלנד,9,6,15
2021-08-19T00:00:00.000Z,פיליפינים,1,6,7
2021-08-19T00:00:00.000Z,פורטוגל,133,31,164
2021-08-19T00:00:00.000Z,פולינזיה הצרפתית,3,2,5
2021-08-19T00:00:00.000Z,פולין,49,9,58
2021-08-19T00:00:00.000Z,סרי לנקה (צילון),0,1,1
2021-08-19T00:00:00.000Z,סרביה,6,2,8
2021-08-19T00:00:00.000Z,ספרד,45,43,88
2021-08-19T00:00:00.000Z,סלובניה,6,0,6
2021-08-19T00:00:00.000Z,סין,1,0,1
2021-08-19T00:00:00.000Z,ניגריה,3,7,10
2021-08-19T00:00:00.000Z,נורבגיה,1,3,4
2021-08-19T00:00:00.000Z,מרוקו,118,27,145
2021-08-19T00:00:00.000Z,מקסיקו,0,4,4
2021-08-19T00:00:00.000Z,מצרים,498,259,757
2021-08-19T00:00:00.000Z,מלדיבים,24,3,27
2021-08-19T00:00:00.000Z,מזרח טימור,2,0,2
2021-08-19T00:00:00.000Z,איחוד האמירויות הערב,44,18,62
2021-08-19T00:00:00.000Z,פרו,6,4,10
2021-08-20T00:00:00.000Z,קטר,3,1,4
2021-08-20T00:00:00.000Z,קירג'זסטאן,2,2,4
2021-08-20T00:00:00.000Z,קנדה,53,43,96
2021-08-20T00:00:00.000Z,קניה,1,0,1
2021-08-20T00:00:00.000Z,קפריסין,17,16,33
2021-08-20T00:00:00.000Z,קרואטיה,31,8,39
2021-08-20T00:00:00.000Z,רואנדה,0,1,1
2021-08-20T00:00:00.000Z,רומניה,333,123,456
2021-08-20T00:00:00.000Z,רוסיה,60,72,132
2021-08-20T00:00:00.000Z,שוודיה,19,9,28
2021-08-20T00:00:00.000Z,שוויץ,369,129,498
2021-08-20T00:00:00.000Z,תאילנד,4,0,4
2021-08-20T00:00:00.000Z,תורכיה,82,37,119
2021-08-20T00:00:00.000Z,סרי לנקה (צילון),1,1,2
2021-08-20T00:00:00.000Z,פולין,107,23,130
2021-08-20T00:00:00.000Z,פורטוגל,34,4,38
2021-08-20T00:00:00.000Z,פיליפינים,8,3,11
2021-08-20T00:00:00.000Z,פינלנד,74,29,103
2021-08-20T00:00:00.000Z,פנמה,0,1,1
2021-08-20T00:00:00.000Z,פרגוואי,1,1,2
2021-08-20T00:00:00.000Z,איחוד האמירויות הערב,33,7,40
2021-08-20T00:00:00.000Z,הרפ הדומיניקנית,9,3,12
2021-08-20T00:00:00.000Z,ניגריה,2,1,3
2021-08-20T00:00:00.000Z,סין,2,3,5
2021-08-20T00:00:00.000Z,סינגפור,0,3,3
2021-08-20T00:00:00.000Z,סלובניה,18,0,18
2021-08-20T00:00:00.000Z,סלובקיה,1,0,1
2021-08-20T00:00:00.000Z,סנגל,1,0,1
2021-08-20T00:00:00.000Z,ספרד,5,5,10
2021-08-20T00:00:00.000Z,סרביה,183,44,227
2021-08-20T00:00:00.000Z,פרו,0,1,1
2021-08-20T00:00:00.000Z,צכיה,506,78,584
2021-08-20T00:00:00.000Z,צרפת,237,151,388
2021-08-20T00:00:00.000Z,קולומביה,2,2,4
2021-08-20T00:00:00.000Z,קוסטה ריקה,4,1,5
2021-08-20T00:00:00.000Z,אבחזיסטאן,1,0,1
2021-08-20T00:00:00.000Z,אוזבקיסטן,9,19,28
2021-08-20T00:00:00.000Z,אוסטריה,932,240,1172
2021-08-20T00:00:00.000Z,אוסטרליה,1,5,6
2021-08-20T00:00:00.000Z,אוקראינה,452,193,645
2021-08-20T00:00:00.000Z,אורגוואי,1,0,1
2021-08-20T00:00:00.000Z,אזרביג'אן,42,5,47
2021-08-20T00:00:00.000Z,איטליה,299,69,368
2021-08-20T00:00:00.000Z,איי סיישל,2,0,2
2021-08-20T00:00:00.000Z,אינדונזיה,0,1,1
2021-08-20T00:00:00.000Z,איסלנד,29,0,29
2021-08-20T00:00:00.000Z,אירלנד,2,0,2
2021-08-20T00:00:00.000Z,אסטוניה,5,0,5
2021-08-20T00:00:00.000Z,אקואדור,1,0,1
2021-08-20T00:00:00.000Z,ארמניה,10,3,13
2021-08-20T00:00:00.000Z,ארצות הברית,1505,790,2295
2021-08-20T00:00:00.000Z,אתיופיה,1,0,1
2021-08-20T00:00:00.000Z,בולגריה,114,45,159
2021-08-20T00:00:00.000Z,בוסניה הרצגובינה,39,12,51
2021-08-20T00:00:00.000Z,בורקינה פאסו,2,0,2
2021-08-20T00:00:00.000Z,בילורוסיה,23,42,65
2021-08-20T00:00:00.000Z,בלגיה,56,39,95
2021-08-20T00:00:00.000Z,ברזיל,1,0,1
2021-08-20T00:00:00.000Z,גאורגיה,4,0,4
2021-08-20T00:00:00.000Z,גינאה המשוונית,1,0,1
2021-08-20T00:00:00.000Z,גרמניה,446,220,666
2021-08-20T00:00:00.000Z,גרנדה,1,0,1
2021-08-20T00:00:00.000Z,דנמרק,26,11,37
2021-08-20T00:00:00.000Z,הודו,1,0,1
2021-08-20T00:00:00.000Z,הולנד,169,51,220
2021-08-20T00:00:00.000Z,הונג קונג,1,0,1
2021-08-20T00:00:00.000Z,הונגריה,212,43,255
2021-08-20T00:00:00.000Z,הממלכה המאוחדת,22,53,75
2021-08-20T00:00:00.000Z,ויטנאם,0,3,3
2021-08-20T00:00:00.000Z,ונואטו,1,0,1
2021-08-20T00:00:00.000Z,ונצואלה,1,2,3
2021-08-20T00:00:00.000Z,טנזניה,0,1,1
2021-08-20T00:00:00.000Z,יוון,432,200,632
2021-08-20T00:00:00.000Z,יפן,0,3,3
2021-08-20T00:00:00.000Z,ירדן,4,6,10
2021-08-20T00:00:00.000Z,כלל המדינות,8577,5234,13811
2021-08-20T00:00:00.000Z,לטביה,18,0,18
2021-08-20T00:00:00.000Z,ליטא,11,1,12
2021-08-20T00:00:00.000Z,מולדובה,84,30,114
2021-08-20T00:00:00.000Z,מונטנגרו,109,15,124
2021-08-20T00:00:00.000Z,מונקו,6,0,6
2021-08-20T00:00:00.000Z,מיאנמר (בורמה),0,1,1
2021-08-20T00:00:00.000Z,מלדיבים,34,1,35
2021-08-20T00:00:00.000Z,מלטה,1,0,1
2021-08-20T00:00:00.000Z,מצרים,468,310,778
2021-08-20T00:00:00.000Z,מקדוניה,12,0,12
2021-08-20T00:00:00.000Z,מקסיקו,1,1,2
2021-08-20T00:00:00.000Z,מרוקו,15,4,19
2021-08-20T00:00:00.000Z,קוריאה הדרומית,6,0,6
2021-08-20T00:00:00.000Z,קזחסטאן,10,4,14
2021-08-20T00:00:00.000Z,נורבגיה,4,1,5
2021-08-21T00:00:00.000Z,קנדה,10,36,46
2021-08-21T00:00:00.000Z,קניה,5,2,7
2021-08-21T00:00:00.000Z,קפריסין,23,12,35
2021-08-21T00:00:00.000Z,קרואטיה,8,1,9
2021-08-21T00:00:00.000Z,רואנדה,1,0,1
2021-08-21T00:00:00.000Z,רומניה,256,68,324
2021-08-21T00:00:00.000Z,רוסיה,6,1,7
2021-08-21T00:00:00.000Z,שוודיה,15,9,24
2021-08-21T00:00:00.000Z,שוויץ,131,37,168
2021-08-21T00:00:00.000Z,תאילנד,2,0,2
2021-08-21T00:00:00.000Z,תורכיה,47,26,73
2021-08-21T00:00:00.000Z,קמרון,0,1,1
2021-08-21T00:00:00.000Z,קירג'זסטאן,1,0,1
2021-08-21T00:00:00.000Z,קטר,1,0,1
2021-08-21T00:00:00.000Z,קוריאה הדרומית,8,2,10
2021-08-21T00:00:00.000Z,קוסטה ריקה,1,3,4
2021-08-21T00:00:00.000Z,צרפת,229,94,323
2021-08-21T00:00:00.000Z,צכיה,194,32,226
2021-08-21T00:00:00.000Z,פרו,4,0,4
2021-08-21T00:00:00.000Z,פרגוואי,5,0,5
2021-08-21T00:00:00.000Z,פנמה,1,0,1
2021-08-21T00:00:00.000Z,פינלנד,7,2,9
2021-08-21T00:00:00.000Z,פיליפינים,2,0,2
2021-08-21T00:00:00.000Z,פורטוגל,23,7,30
2021-08-21T00:00:00.000Z,פולין,134,43,177
2021-08-21T00:00:00.000Z,סרי לנקה (צילון),5,3,8
2021-08-21T00:00:00.000Z,סרביה,0,2,2
2021-08-21T00:00:00.000Z,ספרד,6,9,15
2021-08-21T00:00:00.000Z,סנגל,1,1,2
2021-08-21T00:00:00.000Z,סלובניה,8,0,8
2021-08-21T00:00:00.000Z,סינגפור,2,0,2
2021-08-21T00:00:00.000Z,סין,0,62,62
2021-08-21T00:00:00.000Z,נורבגיה,1,0,1
2021-08-21T00:00:00.000Z,מרוקו,2,5,7
2021-08-21T00:00:00.000Z,מקסיקו,0,1,1
2021-08-21T00:00:00.000Z,מקדוניה,0,2,2
2021-08-21T00:00:00.000Z,מצרים,405,253,658
2021-08-21T00:00:00.000Z,מלטה,2,0,2
2021-08-21T00:00:00.000Z,מלדיבים,19,1,20
2021-08-21T00:00:00.000Z,מונקו,6,0,6
2021-08-21T00:00:00.000Z,מולדובה,4,0,4
2021-08-21T00:00:00.000Z,מאלי,2,0,2
2021-08-21T00:00:00.000Z,מאוריציוס,1,0,1
2021-08-21T00:00:00.000Z,ליטא,20,4,24
2021-08-21T00:00:00.000Z,לטביה,33,14,47
2021-08-21T00:00:00.000Z,לוכסמבורג,4,1,5
2021-08-21T00:00:00.000Z,כלל המדינות,4592,3609,8201
2021-08-21T00:00:00.000Z,ירדן,1,0,1
2021-08-21T00:00:00.000Z,יפן,4,1,5
2021-08-21T00:00:00.000Z,יוון,349,111,460
2021-08-21T00:00:00.000Z,טנזניה,11,5,16
2021-08-21T00:00:00.000Z,טוגו,2,0,2
2021-08-21T00:00:00.000Z,חוף השנהב,0,1,1
2021-08-21T00:00:00.000Z,זמביה,1,0,1
2021-08-21T00:00:00.000Z,זימבאבווה,2,0,2
2021-08-21T00:00:00.000Z,זאיר,1,0,1
2021-08-21T00:00:00.000Z,הרפ הדומיניקנית,2,0,2
2021-08-21T00:00:00.000Z,הממלכה המאוחדת,31,51,82
2021-08-21T00:00:00.000Z,הונגריה,321,64,385
2021-08-21T00:00:00.000Z,הולנד,113,36,149
2021-08-21T00:00:00.000Z,הודו,10,0,10
2021-08-21T00:00:00.000Z,דרום אפריקה,1,1,2
2021-08-21T00:00:00.000Z,דנמרק,15,8,23
2021-08-21T00:00:00.000Z,גרמניה,147,73,220
2021-08-21T00:00:00.000Z,גבון,1,0,1
2021-08-21T00:00:00.000Z,גאנה,1,0,1
2021-08-21T00:00:00.000Z,גאורגיה,3,4,7
2021-08-21T00:00:00.000Z,ברזיל,0,1,1
2021-08-21T00:00:00.000Z,בלגיה,7,3,10
2021-08-21T00:00:00.000Z,בוסניה הרצגובינה,2,3,5
2021-08-21T00:00:00.000Z,בולגריה,65,34,99
2021-08-21T00:00:00.000Z,אתיופיה,26,5,31
2021-08-21T00:00:00.000Z,ארצות הברית,656,439,1095
2021-08-21T00:00:00.000Z,ארמניה,1,1,2
2021-08-21T00:00:00.000Z,ארגנטינה,0,1,1
2021-08-21T00:00:00.000Z,אסטוניה,3,5,8
2021-08-21T00:00:00.000Z,אלבניה,4,2,6
2021-08-21T00:00:00.000Z,אל סלבדור,1,0,1
2021-08-21T00:00:00.000Z,אירלנד,6,3,9
2021-08-21T00:00:00.000Z,איסלנד,53,2,55
2021-08-21T00:00:00.000Z,איטליה,129,52,181
2021-08-21T00:00:00.000Z,אזרביג'אן,7,1,8
2021-08-21T00:00:00.000Z,אורגוואי,5,0,5
2021-08-21T00:00:00.000Z,אוקראינה,203,79,282
2021-08-21T00:00:00.000Z,אוסטרליה,5,1,6
2021-08-21T00:00:00.000Z,אוסטריה,516,120,636
2021-08-21T00:00:00.000Z,אוזבקיסטן,1,1,2
2021-08-21T00:00:00.000Z,אוגנדה,5,0,5
2021-08-21T00:00:00.000Z,איחוד האמירויות הערב,31,5,36
2021-08-22T00:00:00.000Z,מצרים,551,265,816
2021-08-22T00:00:00.000Z,איטליה,390,150,540
2021-08-22T00:00:00.000Z,תורכיה,66,51,117
2021-08-22T00:00:00.000Z,תאילנד,1,2,3
2021-08-22T00:00:00.000Z,שוויץ,328,160,488
2021-08-22T00:00:00.000Z,שוודיה,55,34,89
2021-08-22T00:00:00.000Z,רוסיה,70,180,250
2021-08-22T00:00:00.000Z,רומניה,242,47,289
2021-08-22T00:00:00.000Z,קרואטיה,20,8,28
2021-08-22T00:00:00.000Z,קפריסין,48,36,84
2021-08-22T00:00:00.000Z,קנדה,49,42,91
2021-08-22T00:00:00.000Z,קירג'זסטאן,1,0,1
2021-08-22T00:00:00.000Z,קטר,1,0,1
2021-08-22T00:00:00.000Z,קזחסטאן,1,1,2
2021-08-22T00:00:00.000Z,קוריאה הדרומית,6,7,13
2021-08-22T00:00:00.000Z,קוסטה ריקה,5,2,7
2021-08-22T00:00:00.000Z,קולומביה,1,4,5
2021-08-22T00:00:00.000Z,צרפת,495,327,822
2021-08-22T00:00:00.000Z,צכיה,609,86,695
2021-08-22T00:00:00.000Z,צ'ילה,1,0,1
2021-08-22T00:00:00.000Z,פרו,7,4,11
2021-08-22T00:00:00.000Z,פרגוואי,3,0,3
2021-08-22T00:00:00.000Z,פנמה,2,0,2
2021-08-22T00:00:00.000Z,פינלנד,10,1,11
2021-08-22T00:00:00.000Z,פיליפינים,2,23,25
2021-08-22T00:00:00.000Z,פורטוגל,18,3,21
2021-08-22T00:00:00.000Z,פולין,68,10,78
2021-08-22T00:00:00.000Z,עומן,1,0,1
2021-08-22T00:00:00.000Z,סרי לנקה (צילון),0,1,1
2021-08-22T00:00:00.000Z,סרביה,5,1,6
2021-08-22T00:00:00.000Z,ספרד,8,8,16
2021-08-22T00:00:00.000Z,סלובניה,0,9,9
2021-08-22T00:00:00.000Z,סוריה,3,2,5
2021-08-22T00:00:00.000Z,סומליה,0,1,1
2021-08-22T00:00:00.000Z,סודן,2,0,2
2021-08-22T00:00:00.000Z,נפאל,2,1,3
2021-08-22T00:00:00.000Z,ניגריה,4,0,4
2021-08-22T00:00:00.000Z,נורבגיה,6,2,8
2021-08-22T00:00:00.000Z,מרוקו,11,4,15
2021-08-22T00:00:00.000Z,מקסיקו,0,5,5
2021-08-22T00:00:00.000Z,איחוד האמירויות הערב,41,13,54
2021-08-22T00:00:00.000Z,מלטה,0,6,6
2021-08-22T00:00:00.000Z,מלדיבים,26,3,29
2021-08-22T00:00:00.000Z,מונקו,8,0,8
2021-08-22T00:00:00.000Z,מונטנגרו,170,19,189
2021-08-22T00:00:00.000Z,מולדובה,177,85,262
2021-08-22T00:00:00.000Z,ליטא,103,18,121
2021-08-22T00:00:00.000Z,לוכסמבורג,0,1,1
2021-08-22T00:00:00.000Z,כלל המדינות,9083,6347,15430
2021-08-22T00:00:00.000Z,ירדן,498,281,779
2021-08-22T00:00:00.000Z,יפן,3,3,6
2021-08-22T00:00:00.000Z,יוון,830,311,1141
2021-08-22T00:00:00.000Z,טרינידד וטובגו,1,0,1
2021-08-22T00:00:00.000Z,הממלכה המאוחדת,141,198,339
2021-08-22T00:00:00.000Z,הונגריה,566,48,614
2021-08-22T00:00:00.000Z,הולנד,189,85,274
2021-08-22T00:00:00.000Z,הודו,3,3,6
2021-08-22T00:00:00.000Z,דנמרק,33,31,64
2021-08-22T00:00:00.000Z,גרמניה,289,150,439
2021-08-22T00:00:00.000Z,גויאנה הצרפתית,2,0,2
2021-08-22T00:00:00.000Z,גווטאמלה,1,1,2
2021-08-22T00:00:00.000Z,גאורגיה,86,71,157
2021-08-22T00:00:00.000Z,ברזיל,1,0,1
2021-08-22T00:00:00.000Z,בלגיה,51,59,110
2021-08-22T00:00:00.000Z,בילורוסיה,46,42,88
2021-08-22T00:00:00.000Z,בוסניה הרצגובינה,17,10,27
2021-08-22T00:00:00.000Z,בולגריה,95,53,148
2021-08-22T00:00:00.000Z,ארצות הברית,1028,608,1636
2021-08-22T00:00:00.000Z,ארמניה,3,1,4
2021-08-22T00:00:00.000Z,אסטוניה,4,2,6
2021-08-22T00:00:00.000Z,אלבניה,3,1,4
2021-08-22T00:00:00.000Z,אירלנד,4,0,4
2021-08-22T00:00:00.000Z,איסלנד,29,2,31
2021-08-22T00:00:00.000Z,איי קיימן,0,2,2
2021-08-22T00:00:00.000Z,אזרביג'אן,102,34,136
2021-08-22T00:00:00.000Z,אוקראינה,419,213,632
2021-08-22T00:00:00.000Z,אוסטרליה,4,20,24
2021-08-22T00:00:00.000Z,אוסטריה,409,103,512
2021-08-22T00:00:00.000Z,אוזבקיסטן,4,3,7
2021-08-22T00:00:00.000Z,אוגנדה,2,0,2
2021-08-23T00:00:00.000Z,אוסטריה,862,177,1039
2021-08-23T00:00:00.000Z,אוזבקיסטן,0,5,5
2021-08-23T00:00:00.000Z,אוגנדה,5,2,7
2021-08-23T00:00:00.000Z,ארצות הברית,1472,2089,3561
2021-08-23T00:00:00.000Z,אתיופיה,39,3,42
2021-08-23T00:00:00.000Z,בוטסואנה,1,1,2
2021-08-23T00:00:00.000Z,בולגריה,113,47,160
2021-08-23T00:00:00.000Z,בוסניה הרצגובינה,56,20,76
2021-08-23T00:00:00.000Z,בלגיה,113,93,206
2021-08-23T00:00:00.000Z,ברזיל,4,41,45
2021-08-23T00:00:00.000Z,גאורגיה,1,0,1
2021-08-23T00:00:00.000Z,גאנה,0,1,1
2021-08-23T00:00:00.000Z,גווטאמלה,0,3,3
2021-08-23T00:00:00.000Z,גרמניה,353,170,523
2021-08-23T00:00:00.000Z,דנמרק,21,8,29
2021-08-23T00:00:00.000Z,דרום אפריקה,4,7,11
2021-08-23T00:00:00.000Z,דרום סודאן,2,0,2
2021-08-23T00:00:00.000Z,הודו,52,105,157
2021-08-23T00:00:00.000Z,הולנד,89,32,121
2021-08-23T00:00:00.000Z,הונג קונג,0,1,1
2021-08-23T00:00:00.000Z,הונגריה,293,26,319
2021-08-23T00:00:00.000Z,הממלכה המאוחדת,209,213,422
2021-08-23T00:00:00.000Z,זאיר,0,1,1
2021-08-23T00:00:00.000Z,זמביה,1,0,1
2021-08-23T00:00:00.000Z,טג'יקיסטאן,18,0,18
2021-08-23T00:00:00.000Z,טיוואן,0,2,2
2021-08-23T00:00:00.000Z,טנזניה,96,14,110
2021-08-23T00:00:00.000Z,יוון,322,141,463
2021-08-23T00:00:00.000Z,יפן,2,0,2
2021-08-23T00:00:00.000Z,ירדן,211,262,473
2021-08-23T00:00:00.000Z,כלל המדינות,8945,7508,16453
2021-08-23T00:00:00.000Z,לוכסמבורג,4,3,7
2021-08-23T00:00:00.000Z,לטביה,3,0,3
2021-08-23T00:00:00.000Z,ליבריה,2,0,2
2021-08-23T00:00:00.000Z,ליטא,8,1,9
2021-08-23T00:00:00.000Z,מולדובה,90,15,105
2021-08-23T00:00:00.000Z,מונטנגרו,86,25,111
2021-08-23T00:00:00.000Z,מונקו,9,0,9
2021-08-23T00:00:00.000Z,מלדיבים,27,8,35
2021-08-23T00:00:00.000Z,מצרים,402,207,609
2021-08-23T00:00:00.000Z,מקאו,3,2,5
2021-08-23T00:00:00.000Z,מקדוניה,1,0,1
2021-08-23T00:00:00.000Z,מרוקו,2,2,4
2021-08-23T00:00:00.000Z,נורבגיה,1,4,5
2021-08-23T00:00:00.000Z,ניגריה,1,4,5
2021-08-23T00:00:00.000Z,סין,1,0,1
2021-08-23T00:00:00.000Z,איחוד האמירויות הערב,27,9,36
2021-08-23T00:00:00.000Z,מקסיקו,3,3,6
2021-08-23T00:00:00.000Z,סינגפור,0,1,1
2021-08-23T00:00:00.000Z,סלובניה,1,0,1
2021-08-23T00:00:00.000Z,ארמניה,1,0,1
2021-08-23T00:00:00.000Z,ארגנטינה,10,7,17
2021-08-23T00:00:00.000Z,אקואדור,4,3,7
2021-08-23T00:00:00.000Z,אסטוניה,5,5,10
2021-08-23T00:00:00.000Z,אלבניה,5,4,9
2021-08-23T00:00:00.000Z,אירלנד,3,2,5
2021-08-23T00:00:00.000Z,איסלנד,94,0,94
2021-08-23T00:00:00.000Z,איי סיישל,55,10,65
2021-08-23T00:00:00.000Z,ספרד,34,21,55
2021-08-23T00:00:00.000Z,איי גילברט ואליס,2,0,2
2021-08-23T00:00:00.000Z,איטליה,333,107,440
2021-08-23T00:00:00.000Z,אזרביג'אן,3,2,5
2021-08-23T00:00:00.000Z,אורגוואי,9,6,15
2021-08-23T00:00:00.000Z,אוקראינה,339,201,540
2021-08-23T00:00:00.000Z,אוסטרליה,9,5,14
2021-08-23T00:00:00.000Z,תימן,0,1,1
2021-08-23T00:00:00.000Z,תורכמניסטאן,0,1,1
2021-08-23T00:00:00.000Z,תורכיה,98,56,154
2021-08-23T00:00:00.000Z,שוויץ,299,77,376
2021-08-23T00:00:00.000Z,שוודיה,27,8,35
2021-08-23T00:00:00.000Z,רוסיה,63,78,141
2021-08-23T00:00:00.000Z,רומניה,192,58,250
2021-08-23T00:00:00.000Z,רואנדה,1,0,1
2021-08-23T00:00:00.000Z,קרואטיה,40,12,52
2021-08-23T00:00:00.000Z,קפריסין,35,19,54
2021-08-23T00:00:00.000Z,קניה,16,0,16
2021-08-23T00:00:00.000Z,קנדה,95,178,273
2021-08-23T00:00:00.000Z,קמרון,1,0,1
2021-08-23T00:00:00.000Z,קטר,1,0,1
2021-08-23T00:00:00.000Z,קזחסטאן,2,2,4
2021-08-23T00:00:00.000Z,קוסטה ריקה,30,6,36
2021-08-23T00:00:00.000Z,קוסובו,1,2,3
2021-08-23T00:00:00.000Z,קונגו,1,0,1
2021-08-23T00:00:00.000Z,קולומביה,1,1,2
2021-08-23T00:00:00.000Z,צרפת,409,279,688
2021-08-23T00:00:00.000Z,צכיה,578,64,642
2021-08-23T00:00:00.000Z,צ'ילה,0,12,12
2021-08-23T00:00:00.000Z,פרו,6,0,6
2021-08-23T00:00:00.000Z,פרגוואי,1,0,1
2021-08-23T00:00:00.000Z,פנמה,0,6,6
2021-08-23T00:00:00.000Z,פינלנד,28,1,29
2021-08-23T00:00:00.000Z,פיליפינים,1,2,3
2021-08-23T00:00:00.000Z,פורטוגל,121,26,147
2021-08-23T00:00:00.000Z,פולין,128,37,165
2021-08-23T00:00:00.000Z,סרי לנקה (צילון),0,3,3
2021-08-23T00:00:00.000Z,סרביה,166,42,208
2021-08-24T00:00:00.000Z,נמיביה,0,1,1
2021-08-24T00:00:00.000Z,אוזבקיסטן,28,93,121
2021-08-24T00:00:00.000Z,מרוקו,9,3,12
2021-08-24T00:00:00.000Z,מקסיקו,2,4,6
2021-08-24T00:00:00.000Z,מצרים,340,170,510
2021-08-24T00:00:00.000Z,מלדיבים,24,7,31
2021-08-24T00:00:00.000Z,מונטנגרו,4,4,8
2021-08-24T00:00:00.000Z,מולדובה,102,29,131
2021-08-24T00:00:00.000Z,מאלי,2,0,2
2021-08-24T00:00:00.000Z,ליטא,11,0,11
2021-08-24T00:00:00.000Z,לטביה,38,23,61
2021-08-24T00:00:00.000Z,כלל המדינות,6925,5705,12630
2021-08-24T00:00:00.000Z,ירדן,117,51,168
2021-08-24T00:00:00.000Z,יפן,1,1,2
2021-08-24T00:00:00.000Z,יוון,445,169,614
2021-08-24T00:00:00.000Z,טנזניה,20,1,21
2021-08-24T00:00:00.000Z,טוגו,3,0,3
2021-08-24T00:00:00.000Z,חוף השנהב,3,1,4
2021-08-24T00:00:00.000Z,זמביה,1,0,1
2021-08-24T00:00:00.000Z,הממלכה המאוחדת,131,103,234
2021-08-24T00:00:00.000Z,הונגריה,421,72,493
2021-08-24T00:00:00.000Z,הונג קונג,6,16,22
2021-08-24T00:00:00.000Z,הולנד,144,32,176
2021-08-24T00:00:00.000Z,הודו,4,0,4
2021-08-24T00:00:00.000Z,דרום אפריקה,10,9,19
2021-08-24T00:00:00.000Z,דנמרק,41,12,53
2021-08-24T00:00:00.000Z,גרמניה,249,111,360
2021-08-24T00:00:00.000Z,גיבוטי,1,0,1
2021-08-24T00:00:00.000Z,גאנה,4,1,5
2021-08-24T00:00:00.000Z,גאורגיה,0,1,1
2021-08-24T00:00:00.000Z,ברזיל,2,10,12
2021-08-24T00:00:00.000Z,בלגיה,5,1,6
2021-08-24T00:00:00.000Z,בוסניה הרצגובינה,10,4,14
2021-08-24T00:00:00.000Z,בולגריה,46,17,63
2021-08-24T00:00:00.000Z,אתיופיה,27,7,34
2021-08-24T00:00:00.000Z,ארצות הברית,1171,1614,2785
2021-08-24T00:00:00.000Z,ארמניה,8,2,10
2021-08-24T00:00:00.000Z,ארגנטינה,0,3,3
2021-08-24T00:00:00.000Z,אקואדור,1,0,1
2021-08-24T00:00:00.000Z,אסטוניה,8,0,8
2021-08-24T00:00:00.000Z,אנגולה,1,2,3
2021-08-24T00:00:00.000Z,אלגיריה,1,0,1
2021-08-24T00:00:00.000Z,אלבניה,1,0,1
2021-08-24T00:00:00.000Z,מרטיניק,1,0,1
2021-08-24T00:00:00.000Z,נורבגיה,6,5,11
2021-08-24T00:00:00.000Z,ניגריה,1,0,1
2021-08-24T00:00:00.000Z,איחוד האמירויות הערב,42,7,49
2021-08-24T00:00:00.000Z,סוריה,1,2,3
2021-08-24T00:00:00.000Z,סיירה ליאונה,0,1,1
2021-08-24T00:00:00.000Z,סין,1,4,5
2021-08-24T00:00:00.000Z,סינגפור,2,0,2
2021-08-24T00:00:00.000Z,סלובניה,3,2,5
2021-08-24T00:00:00.000Z,ספרד,5,1,6
2021-08-24T00:00:00.000Z,סרביה,2,0,2
2021-08-24T00:00:00.000Z,סרי לנקה (צילון),2,0,2
2021-08-24T00:00:00.000Z,פולין,130,32,162
2021-08-24T00:00:00.000Z,פורטוגל,21,4,25
2021-08-24T00:00:00.000Z,פיליפינים,1,3,4
2021-08-24T00:00:00.000Z,פינלנד,13,5,18
2021-08-24T00:00:00.000Z,פנמה,8,0,8
2021-08-24T00:00:00.000Z,פרגוואי,0,4,4
2021-08-24T00:00:00.000Z,פרו,4,0,4
2021-08-24T00:00:00.000Z,צכיה,545,50,595
2021-08-24T00:00:00.000Z,צרפת,374,221,595
2021-08-24T00:00:00.000Z,קובה,2,0,2
2021-08-24T00:00:00.000Z,קולומביה,3,0,3
2021-08-24T00:00:00.000Z,קוסובו,1,0,1
2021-08-24T00:00:00.000Z,קוסטה ריקה,6,4,10
2021-08-24T00:00:00.000Z,קזחסטאן,4,24,28
2021-08-24T00:00:00.000Z,קירג'זסטאן,1,0,1
2021-08-24T00:00:00.000Z,קמרון,4,0,4
2021-08-24T00:00:00.000Z,קנדה,83,80,163
2021-08-24T00:00:00.000Z,קניה,32,5,37
2021-08-24T00:00:00.000Z,קפריסין,74,33,107
2021-08-24T00:00:00.000Z,קרואטיה,16,4,20
2021-08-24T00:00:00.000Z,רואנדה,1,0,1
2021-08-24T00:00:00.000Z,רומניה,133,33,166
2021-08-24T00:00:00.000Z,רוסיה,73,71,144
2021-08-24T00:00:00.000Z,שוודיה,25,9,34
2021-08-24T00:00:00.000Z,שוויץ,132,75,207
2021-08-24T00:00:00.000Z,תאילנד,123,49,172
2021-08-24T00:00:00.000Z,תוניסיה,7,2,9
2021-08-24T00:00:00.000Z,תורכיה,61,31,92
2021-08-24T00:00:00.000Z,אירלנד,1,3,4
2021-08-24T00:00:00.000Z,איסלנד,61,5,66
2021-08-24T00:00:00.000Z,איי גילברט ואליס,0,1,1
2021-08-24T00:00:00.000Z,איטליה,129,52,181
2021-08-24T00:00:00.000Z,אורגוואי,3,5,8
2021-08-24T00:00:00.000Z,אוקראינה,213,140,353
2021-08-24T00:00:00.000Z,אוסטרליה,4,3,7
2021-08-24T00:00:00.000Z,אוסטריה,577,149,726
2021-08-25T00:00:00.000Z,ונצואלה,0,20,20
2021-08-25T00:00:00.000Z,טיוואן,1,0,1
2021-08-25T00:00:00.000Z,זמביה,0,2,2
2021-08-25T00:00:00.000Z,זימבאבווה,0,4,4
2021-08-25T00:00:00.000Z,קמרון,0,1,1
2021-08-25T00:00:00.000Z,הממלכה המאוחדת,62,106,168
2021-08-25T00:00:00.000Z,הונגריה,231,65,296
2021-08-25T00:00:00.000Z,הונג קונג,1,0,1
2021-08-25T00:00:00.000Z,הולנד,167,46,213
2021-08-25T00:00:00.000Z,הודו,3,0,3
2021-08-25T00:00:00.000Z,האנטילים ההולנדים,1,0,1
2021-08-25T00:00:00.000Z,דרום אפריקה,14,43,57
2021-08-25T00:00:00.000Z,דרום אמריקה,1,0,1
2021-08-25T00:00:00.000Z,דנמרק,13,2,15
2021-08-25T00:00:00.000Z,דומיניקה,1,0,1
2021-08-25T00:00:00.000Z,גרמניה,277,114,391
2021-08-25T00:00:00.000Z,גאנה,3,10,13
2021-08-25T00:00:00.000Z,גאורגיה,0,1,1
2021-08-25T00:00:00.000Z,ברזיל,2,0,2
2021-08-25T00:00:00.000Z,בלגיה,47,31,78
2021-08-25T00:00:00.000Z,בילורוסיה,58,41,99
2021-08-25T00:00:00.000Z,בוסניה הרצגובינה,24,9,33
2021-08-25T00:00:00.000Z,בולגריה,86,32,118
2021-08-25T00:00:00.000Z,בוטסואנה,0,1,1
2021-08-25T00:00:00.000Z,אתיופיה,34,27,61
2021-08-25T00:00:00.000Z,ארצות הברית,1437,1394,2831
2021-08-25T00:00:00.000Z,ארמניה,1,0,1
2021-08-25T00:00:00.000Z,אקואדור,2,0,2
2021-08-25T00:00:00.000Z,אסטוניה,6,1,7
2021-08-25T00:00:00.000Z,אנגולה,3,0,3
2021-08-25T00:00:00.000Z,אלבניה,2,1,3
2021-08-25T00:00:00.000Z,אירלנד,8,0,8
2021-08-25T00:00:00.000Z,קפריסין,28,13,41
2021-08-25T00:00:00.000Z,איחוד האמירויות הערב,58,14,72
2021-08-25T00:00:00.000Z,קנדה,86,81,167
2021-08-25T00:00:00.000Z,אוגנדה,15,2,17
2021-08-25T00:00:00.000Z,קירג'זסטאן,1,0,1
2021-08-25T00:00:00.000Z,קזחסטאן,0,1,1
2021-08-25T00:00:00.000Z,קוריאה הדרומית,5,1,6
2021-08-25T00:00:00.000Z,קוסטה ריקה,1,1,2
2021-08-25T00:00:00.000Z,צרפת,457,372,829
2021-08-25T00:00:00.000Z,צכיה,415,67,482
2021-08-25T00:00:00.000Z,פרו,5,1,6
2021-08-25T00:00:00.000Z,פרגוואי,5,8,13
2021-08-25T00:00:00.000Z,פנמה,1,0,1
2021-08-25T00:00:00.000Z,פינלנד,81,26,107
2021-08-25T00:00:00.000Z,פיליפינים,0,32,32
2021-08-25T00:00:00.000Z,פורטוגל,42,11,53
2021-08-25T00:00:00.000Z,פולין,55,7,62
2021-08-25T00:00:00.000Z,עירק,0,2,2
2021-08-25T00:00:00.000Z,סרי לנקה (צילון),7,13,20
2021-08-25T00:00:00.000Z,סרביה,72,18,90
2021-08-25T00:00:00.000Z,ספרד,7,1,8
2021-08-25T00:00:00.000Z,סנגל,2,0,2
2021-08-25T00:00:00.000Z,סלובניה,100,31,131
2021-08-25T00:00:00.000Z,סינגפור,0,2,2
2021-08-25T00:00:00.000Z,סין,1,1,2
2021-08-25T00:00:00.000Z,סורינם,1,0,1
2021-08-25T00:00:00.000Z,סוריה,2,2,4
2021-08-25T00:00:00.000Z,סומליה,0,2,2
2021-08-25T00:00:00.000Z,ניגריה,4,2,6
2021-08-25T00:00:00.000Z,ניגר,1,4,5
2021-08-25T00:00:00.000Z,נורבגיה,5,4,9
2021-08-25T00:00:00.000Z,מרוקו,1,0,1
2021-08-25T00:00:00.000Z,מקסיקו,1,2,3
2021-08-25T00:00:00.000Z,מקדוניה,2,5,7
2021-08-25T00:00:00.000Z,מצרים,252,131,383
2021-08-25T00:00:00.000Z,מלטה,1,0,1
2021-08-25T00:00:00.000Z,מלדיבים,28,7,35
2021-08-25T00:00:00.000Z,מלאווי,1,2,3
2021-08-25T00:00:00.000Z,מונקו,0,2,2
2021-08-25T00:00:00.000Z,מונטנגרו,123,15,138
2021-08-25T00:00:00.000Z,מולדובה,10,8,18
2021-08-25T00:00:00.000Z,מוזמביק,1,1,2
2021-08-25T00:00:00.000Z,ליטא,3,1,4
2021-08-25T00:00:00.000Z,לוכסמבורג,2,0,2
2021-08-25T00:00:00.000Z,כלל המדינות,7565,6014,13579
2021-08-25T00:00:00.000Z,ירדן,139,72,211
2021-08-25T00:00:00.000Z,יפן,0,2,2
2021-08-25T00:00:00.000Z,יוון,178,60,238
2021-08-25T00:00:00.000Z,טנזניה,134,12,146
2021-08-25T00:00:00.000Z,תורכיה,31,21,52
2021-08-25T00:00:00.000Z,תאילנד,1,2,3
2021-08-25T00:00:00.000Z,שוויץ,214,100,314
2021-08-25T00:00:00.000Z,שוודיה,3,2,5
2021-08-25T00:00:00.000Z,רוסיה,55,74,129
2021-08-25T00:00:00.000Z,רומניה,147,60,207
2021-08-25T00:00:00.000Z,רואנדה,2,0,2
2021-08-25T00:00:00.000Z,קרואטיה,27,5,32
2021-08-25T00:00:00.000Z,איסלנד,10,0,10
2021-08-25T00:00:00.000Z,איי שלמה הבריטיים,2,0,2
2021-08-25T00:00:00.000Z,איי סיישל,2,0,2
2021-08-25T00:00:00.000Z,איי הבתולה,2,0,2
2021-08-25T00:00:00.000Z,איטליה,329,99,428
2021-08-25T00:00:00.000Z,אזרביג'אן,1,56,57
2021-08-25T00:00:00.000Z,אוקראינה,493,274,767
2021-08-25T00:00:00.000Z,אוסטרליה,8,18,26
2021-08-25T00:00:00.000Z,אוסטריה,771,197,968
2021-08-25T00:00:00.000Z,אוזבקיסטן,5,13,18
2021-08-25T00:00:00.000Z,קניה,0,1,1
2021-08-26T00:00:00.000Z,פרגוואי,2,0,2
2021-08-26T00:00:00.000Z,צכיה,500,73,573
2021-08-26T00:00:00.000Z,פנמה,4,2,6
2021-08-26T00:00:00.000Z,פינלנד,7,3,10
2021-08-26T00:00:00.000Z,פיליפינים,2,14,16
2021-08-26T00:00:00.000Z,פורטוגל,120,30,150
2021-08-26T00:00:00.000Z,פולין,46,10,56
2021-08-26T00:00:00.000Z,עירק,1,0,1
2021-08-26T00:00:00.000Z,סרביה,5,0,5
2021-08-26T00:00:00.000Z,פרו,8,0,8
2021-08-26T00:00:00.000Z,ספרד,23,18,41
2021-08-26T00:00:00.000Z,סנגל,2,0,2
2021-08-26T00:00:00.000Z,סין,1,0,1
2021-08-26T00:00:00.000Z,סוריה,1,2,3
2021-08-26T00:00:00.000Z,ניו זילנד,1,0,1
2021-08-26T00:00:00.000Z,ניגריה,1,2,3
2021-08-26T00:00:00.000Z,נורבגיה,3,5,8
2021-08-26T00:00:00.000Z,מרוקו,108,34,142
2021-08-26T00:00:00.000Z,מקסיקו,2,6,8
2021-08-26T00:00:00.000Z,מקדוניה,1,0,1
2021-08-26T00:00:00.000Z,מצרים,249,137,386
2021-08-26T00:00:00.000Z,מלדיבים,14,7,21
2021-08-26T00:00:00.000Z,מונקו,2,0,2
2021-08-26T00:00:00.000Z,מונטנגרו,104,5,109
2021-08-26T00:00:00.000Z,מולדובה,201,78,279
2021-08-26T00:00:00.000Z,מוזמביק,1,0,1
2021-08-26T00:00:00.000Z,מאלי,4,0,4
2021-08-26T00:00:00.000Z,ליטא,105,21,126
2021-08-26T00:00:00.000Z,ליבריה,1,0,1
2021-08-26T00:00:00.000Z,לטביה,1,0,1
2021-08-26T00:00:00.000Z,לבנון,0,1,1
2021-08-26T00:00:00.000Z,כלל המדינות,8720,5962,14682
2021-08-26T00:00:00.000Z,ירדן,289,135,424
2021-08-26T00:00:00.000Z,יפן,2,4,6
2021-08-26T00:00:00.000Z,יוון,497,192,689
2021-08-26T00:00:00.000Z,טנזניה,22,0,22
2021-08-26T00:00:00.000Z,טיוואן,2,0,2
2021-08-26T00:00:00.000Z,טג'יקיסטאן,2,0,2
2021-08-26T00:00:00.000Z,חוף השנהב,4,0,4
2021-08-26T00:00:00.000Z,זמביה,4,0,4
2021-08-26T00:00:00.000Z,זאיר,2,1,3
2021-08-26T00:00:00.000Z,הרפ הדומיניקנית,1,0,1
2021-08-26T00:00:00.000Z,הממלכה המאוחדת,195,164,359
2021-08-26T00:00:00.000Z,הונגריה,469,85,554
2021-08-26T00:00:00.000Z,הולנד,184,69,253
2021-08-26T00:00:00.000Z,הודו,1,1,2
2021-08-26T00:00:00.000Z,דרום סודאן,1,0,1
2021-08-26T00:00:00.000Z,דרום אפריקה,14,12,26
2021-08-26T00:00:00.000Z,דנמרק,95,28,123
2021-08-26T00:00:00.000Z,גרמניה,196,112,308
2021-08-26T00:00:00.000Z,גווטאמלה,4,0,4
2021-08-26T00:00:00.000Z,גאנה,3,1,4
2021-08-26T00:00:00.000Z,גאורגיה,94,75,169
2021-08-26T00:00:00.000Z,ברזיל,7,1,8
2021-08-26T00:00:00.000Z,בלגיה,41,33,74
2021-08-26T00:00:00.000Z,בילורוסיה,1,0,1
2021-08-26T00:00:00.000Z,בורקינה פאסו,1,0,1
2021-08-26T00:00:00.000Z,בוסניה הרצגובינה,25,3,28
2021-08-26T00:00:00.000Z,בולגריה,19,11,30
2021-08-26T00:00:00.000Z,אתיופיה,23,4,27
2021-08-26T00:00:00.000Z,ארצות הברית,1489,1052,2541
2021-08-26T00:00:00.000Z,ארמניה,43,20,63
2021-08-26T00:00:00.000Z,ארגנטינה,11,31,42
2021-08-26T00:00:00.000Z,אנגולה,5,0,5
2021-08-26T00:00:00.000Z,אלבניה,1,0,1
2021-08-26T00:00:00.000Z,אירלנד,3,2,5
2021-08-26T00:00:00.000Z,איסלנד,118,0,118
2021-08-26T00:00:00.000Z,איי סיישל,10,0,10
2021-08-26T00:00:00.000Z,איי נורפולק,2,0,2
2021-08-26T00:00:00.000Z,איטליה,204,68,272
2021-08-26T00:00:00.000Z,אזרביג'אן,105,23,128
2021-08-26T00:00:00.000Z,אורגוואי,10,2,12
2021-08-26T00:00:00.000Z,אוקראינה,459,207,666
2021-08-26T00:00:00.000Z,אוסטרליה,0,10,10
2021-08-26T00:00:00.000Z,אוסטריה,816,114,930
2021-08-26T00:00:00.000Z,אוזבקיסטן,15,60,75
2021-08-26T00:00:00.000Z,אוגנדה,2,0,2
2021-08-26T00:00:00.000Z,איחוד האמירויות הערב,53,10,63
2021-08-26T00:00:00.000Z,צרפת,326,196,522
2021-08-26T00:00:00.000Z,קולומביה,13,3,16
2021-08-26T00:00:00.000Z,קוסטה ריקה,4,0,4
2021-08-26T00:00:00.000Z,קוריאה הדרומית,0,3,3
2021-08-26T00:00:00.000Z,קזחסטאן,1,0,1
2021-08-26T00:00:00.000Z,קטר,7,0,7
2021-08-26T00:00:00.000Z,קירג'זסטאן,3,3,6
2021-08-26T00:00:00.000Z,קמרון,4,0,4
2021-08-26T00:00:00.000Z,קנדה,58,68,126
2021-08-26T00:00:00.000Z,קניה,4,1,5
2021-08-26T00:00:00.000Z,קפריסין,64,32,96
2021-08-26T00:00:00.000Z,קרואטיה,13,3,16
2021-08-26T00:00:00.000Z,רואנדה,6,0,6
2021-08-26T00:00:00.000Z,רומניה,142,44,186
2021-08-26T00:00:00.000Z,רוסיה,53,58,111
2021-08-26T00:00:00.000Z,שוודיה,16,5,21
2021-08-26T00:00:00.000Z,שוויץ,131,39,170
2021-08-26T00:00:00.000Z,תאילנד,88,171,259
2021-08-26T00:00:00.000Z,תורכיה,62,34,96
2021-08-27T00:00:00.000Z,מאלי,3,0,3
2021-08-27T00:00:00.000Z,בולגריה,47,27,74
2021-08-27T00:00:00.000Z,תורכמניסטאן,1,0,1
2021-08-27T00:00:00.000Z,תורכיה,52,32,84
2021-08-27T00:00:00.000Z,שוויץ,331,99,430
2021-08-27T00:00:00.000Z,שוודיה,7,3,10
2021-08-27T00:00:00.000Z,רוסיה,101,90,191
2021-08-27T00:00:00.000Z,רומניה,195,65,260
2021-08-27T00:00:00.000Z,קרואטיה,15,8,23
2021-08-27T00:00:00.000Z,קפריסין,98,16,114
2021-08-27T00:00:00.000Z,קנדה,90,48,138
2021-08-27T00:00:00.000Z,קירג'זסטאן,1,0,1
2021-08-27T00:00:00.000Z,קטר,4,0,4
2021-08-27T00:00:00.000Z,קזחסטאן,6,5,11
2021-08-27T00:00:00.000Z,קוריאה הדרומית,3,2,5
2021-08-27T00:00:00.000Z,קוסטה ריקה,21,6,27
2021-08-27T00:00:00.000Z,קולומביה,3,2,5
2021-08-27T00:00:00.000Z,צרפת,163,70,233
2021-08-27T00:00:00.000Z,צכיה,605,83,688
2021-08-27T00:00:00.000Z,פרו,2,0,2
2021-08-27T00:00:00.000Z,פנמה,7,1,8
2021-08-27T00:00:00.000Z,פינלנד,78,9,87
2021-08-27T00:00:00.000Z,פיליפינים,1,4,5
2021-08-27T00:00:00.000Z,פורטוגל,28,2,30
2021-08-27T00:00:00.000Z,פולין,107,16,123
2021-08-27T00:00:00.000Z,עירק,0,18,18
2021-08-27T00:00:00.000Z,סרי לנקה (צילון),1,2,3
2021-08-27T00:00:00.000Z,סרביה,33,22,55
2021-08-27T00:00:00.000Z,ספרד,25,11,36
2021-08-27T00:00:00.000Z,סלובניה,2,0,2
2021-08-27T00:00:00.000Z,סינגפור,1,11,12
2021-08-27T00:00:00.000Z,סין,23,177,200
2021-08-27T00:00:00.000Z,נפאל,1,0,1
2021-08-27T00:00:00.000Z,ניו זילנד,0,1,1
2021-08-27T00:00:00.000Z,ניגריה,2,0,2
2021-08-27T00:00:00.000Z,נורבגיה,0,2,2
2021-08-27T00:00:00.000Z,מרוקו,7,0,7
2021-08-27T00:00:00.000Z,מקסיקו,0,1,1
2021-08-27T00:00:00.000Z,מצרים,313,127,440
2021-08-27T00:00:00.000Z,מלטה,1,0,1
2021-08-27T00:00:00.000Z,מלדיבים,18,0,18
2021-08-27T00:00:00.000Z,מונקו,2,0,2
2021-08-27T00:00:00.000Z,מונטנגרו,71,13,84
2021-08-27T00:00:00.000Z,מולדובה,70,26,96
2021-08-27T00:00:00.000Z,איחוד האמירויות הערב,54,3,57
2021-08-27T00:00:00.000Z,מאוריציוס,1,0,1
2021-08-27T00:00:00.000Z,ליטא,16,6,22
2021-08-27T00:00:00.000Z,לטביה,5,5,10
2021-08-27T00:00:00.000Z,לוכסמבורג,4,1,5
2021-08-27T00:00:00.000Z,כלל המדינות,7577,4221,11798
2021-08-27T00:00:00.000Z,ירדן,4,1,5
2021-08-27T00:00:00.000Z,יפן,0,2,2
2021-08-27T00:00:00.000Z,יוון,244,63,307
2021-08-27T00:00:00.000Z,טיוואן,0,4,4
2021-08-27T00:00:00.000Z,חוף השנהב,2,0,2
2021-08-27T00:00:00.000Z,ויטנאם,2,0,2
2021-08-27T00:00:00.000Z,הרפ הדומיניקנית,7,1,8
2021-08-27T00:00:00.000Z,הממלכה המאוחדת,84,68,152
2021-08-27T00:00:00.000Z,הונדורס,1,0,1
2021-08-27T00:00:00.000Z,הונגריה,433,56,489
2021-08-27T00:00:00.000Z,הונג קונג,0,2,2
2021-08-27T00:00:00.000Z,הולנד,87,29,116
2021-08-27T00:00:00.000Z,הודו,4,1,5
2021-08-27T00:00:00.000Z,דנמרק,21,4,25
2021-08-27T00:00:00.000Z,גרמניה,356,123,479
2021-08-27T00:00:00.000Z,גיברלטר,0,1,1
2021-08-27T00:00:00.000Z,גווטאמלה,4,1,5
2021-08-27T00:00:00.000Z,ברזיל,3,0,3
2021-08-27T00:00:00.000Z,בלגיה,10,3,13
2021-08-27T00:00:00.000Z,בילורוסיה,45,29,74
2021-08-27T00:00:00.000Z,בוסניה הרצגובינה,16,2,18
2021-08-27T00:00:00.000Z,אתיופיה,0,1,1
2021-08-27T00:00:00.000Z,ארצות הברית,1377,801,2178
2021-08-27T00:00:00.000Z,ארמניה,1,4,5
2021-08-27T00:00:00.000Z,ארגנטינה,10,7,17
2021-08-27T00:00:00.000Z,אקואדור,2,0,2
2021-08-27T00:00:00.000Z,אסטוניה,14,2,16
2021-08-27T00:00:00.000Z,אלבניה,1,1,2
2021-08-27T00:00:00.000Z,אל סלבדור,0,4,4
2021-08-27T00:00:00.000Z,אירלנד,3,4,7
2021-08-27T00:00:00.000Z,איסלנד,31,1,32
2021-08-27T00:00:00.000Z,אינדונזיה,0,1,1
2021-08-27T00:00:00.000Z,איי טורקס וקייקוס,5,0,5
2021-08-27T00:00:00.000Z,איטליה,255,65,320
2021-08-27T00:00:00.000Z,אזרביג'אן,6,0,6
2021-08-27T00:00:00.000Z,אוקראינה,397,171,568
2021-08-27T00:00:00.000Z,אוסטרליה,3,1,4
2021-08-27T00:00:00.000Z,אוסטריה,953,128,1081
2021-08-27T00:00:00.000Z,אוזבקיסטן,4,1,5
2021-08-28T00:00:00.000Z,בוסניה הרצגובינה,6,5,11
2021-08-28T00:00:00.000Z,בחריין,0,1,1
2021-08-28T00:00:00.000Z,בילורוסיה,1,0,1
2021-08-28T00:00:00.000Z,איחוד האמירויות הערב,41,13,54
2021-08-28T00:00:00.000Z,רואנדה,3,0,3
2021-08-28T00:00:00.000Z,אבחזיסטאן,0,1,1
2021-08-28T00:00:00.000Z,אוגנדה,5,1,6
2021-08-28T00:00:00.000Z,אוזבקיסטן,2,0,2
2021-08-28T00:00:00.000Z,אוסטריה,572,91,663
2021-08-28T00:00:00.000Z,אוסטרליה,3,5,8
2021-08-28T00:00:00.000Z,אוקראינה,187,70,257
2021-08-28T00:00:00.000Z,אורגוואי,2,2,4
2021-08-28T00:00:00.000Z,אזרביג'אן,2,0,2
2021-08-28T00:00:00.000Z,איטליה,101,15,116
2021-08-28T00:00:00.000Z,איי סיישל,1,2,3
2021-08-28T00:00:00.000Z,איסלנד,41,2,43
2021-08-28T00:00:00.000Z,אירלנד,4,1,5
2021-08-28T00:00:00.000Z,אלבניה,5,0,5
2021-08-28T00:00:00.000Z,אנגולה,0,1,1
2021-08-28T00:00:00.000Z,אסטוניה,2,0,2
2021-08-28T00:00:00.000Z,ארגנטינה,0,1,1
2021-08-28T00:00:00.000Z,ארצות הברית,645,331,976
2021-08-28T00:00:00.000Z,אתיופיה,36,14,50
2021-08-28T00:00:00.000Z,בולגריה,32,18,50
2021-08-28T00:00:00.000Z,תורכיה,31,17,48
2021-08-28T00:00:00.000Z,תאילנד,3,0,3
2021-08-28T00:00:00.000Z,שוויץ,122,31,153
2021-08-28T00:00:00.000Z,שוודיה,10,1,11
2021-08-28T00:00:00.000Z,רוסיה,4,6,10
2021-08-28T00:00:00.000Z,רומניה,190,49,239
2021-08-28T00:00:00.000Z,בלגיה,2,0,2
2021-08-28T00:00:00.000Z,ברזיל,0,3,3
2021-08-28T00:00:00.000Z,גאורגיה,1,0,1
2021-08-28T00:00:00.000Z,גאנה,5,1,6
2021-08-28T00:00:00.000Z,גבון,1,0,1
2021-08-28T00:00:00.000Z,גווטאמלה,3,0,3
2021-08-28T00:00:00.000Z,גינאה,1,0,1
2021-08-28T00:00:00.000Z,גמייקה,1,0,1
2021-08-28T00:00:00.000Z,גרמניה,116,47,163
2021-08-28T00:00:00.000Z,דנמרק,27,7,34
2021-08-28T00:00:00.000Z,דרום אפריקה,11,11,22
2021-08-28T00:00:00.000Z,דרום סודאן,0,1,1
2021-08-28T00:00:00.000Z,הודו,8,0,8
2021-08-28T00:00:00.000Z,הולנד,87,20,107
2021-08-28T00:00:00.000Z,הונגריה,377,33,410
2021-08-28T00:00:00.000Z,הממלכה המאוחדת,23,19,42
2021-08-28T00:00:00.000Z,זאיר,0,1,1
2021-08-28T00:00:00.000Z,זמביה,2,0,2
2021-08-28T00:00:00.000Z,חוף השנהב,3,0,3
2021-08-28T00:00:00.000Z,טוגו,3,0,3
2021-08-28T00:00:00.000Z,טיוואן,3,1,4
2021-08-28T00:00:00.000Z,טנזניה,10,1,11
2021-08-28T00:00:00.000Z,יוון,230,60,290
2021-08-28T00:00:00.000Z,יפן,1,0,1
2021-08-28T00:00:00.000Z,ירדן,2,0,2
2021-08-28T00:00:00.000Z,כלל המדינות,4234,2493,6727
2021-08-28T00:00:00.000Z,לוכסמבורג,1,0,1
2021-08-28T00:00:00.000Z,לטביה,59,18,77
2021-08-28T00:00:00.000Z,ליטא,14,2,16
2021-08-28T00:00:00.000Z,לסוטו,1,0,1
2021-08-28T00:00:00.000Z,מאלי,2,0,2
2021-08-28T00:00:00.000Z,מוזמביק,3,0,3
2021-08-28T00:00:00.000Z,מולדובה,1,0,1
2021-08-28T00:00:00.000Z,מונטנגרו,2,1,3
2021-08-28T00:00:00.000Z,מלאווי,0,1,1
2021-08-28T00:00:00.000Z,מלדיבים,15,0,15
2021-08-28T00:00:00.000Z,מצרים,224,93,317
2021-08-28T00:00:00.000Z,מקאו,0,1,1
2021-08-28T00:00:00.000Z,מקדוניה,1,0,1
2021-08-28T00:00:00.000Z,מקסיקו,1,0,1
2021-08-28T00:00:00.000Z,מרוקו,5,3,8
2021-08-28T00:00:00.000Z,נורבגיה,0,2,2
2021-08-28T00:00:00.000Z,ניגריה,8,7,15
2021-08-28T00:00:00.000Z,ניו זילנד,0,2,2
2021-08-28T00:00:00.000Z,סין,1,0,1
2021-08-28T00:00:00.000Z,סינגפור,0,2,2
2021-08-28T00:00:00.000Z,סלובניה,11,2,13
2021-08-28T00:00:00.000Z,ספרד,6,7,13
2021-08-28T00:00:00.000Z,סרביה,3,0,3
2021-08-28T00:00:00.000Z,סרי לנקה (צילון),3,6,9
2021-08-28T00:00:00.000Z,עירק,1,0,1
2021-08-28T00:00:00.000Z,פולין,72,25,97
2021-08-28T00:00:00.000Z,פורטוגל,24,5,29
2021-08-28T00:00:00.000Z,פיליפינים,0,5,5
2021-08-28T00:00:00.000Z,פינלנד,5,1,6
2021-08-28T00:00:00.000Z,פנמה,3,4,7
2021-08-28T00:00:00.000Z,פרגוואי,7,0,7
2021-08-28T00:00:00.000Z,פרו,5,0,5
2021-08-28T00:00:00.000Z,צכיה,294,24,318
2021-08-28T00:00:00.000Z,צרפת,155,44,199
2021-08-28T00:00:00.000Z,קולומביה,6,2,8
2021-08-28T00:00:00.000Z,קוסטה ריקה,7,3,10
2021-08-28T00:00:00.000Z,קוריאה הדרומית,6,0,6
2021-08-28T00:00:00.000Z,קירג'זסטאן,1,0,1
2021-08-28T00:00:00.000Z,קמרון,2,0,2
2021-08-28T00:00:00.000Z,קנדה,45,34,79
2021-08-28T00:00:00.000Z,קניה,11,1,12
2021-08-28T00:00:00.000Z,קפריסין,32,4,36
2021-08-28T00:00:00.000Z,קרואטיה,23,4,27
2021-08-29T00:00:00.000Z,ארמניה,2,1,3
2021-08-29T00:00:00.000Z,חוף השנהב,3,1,4
2021-08-29T00:00:00.000Z,ארצות הברית,788,388,1176
2021-08-29T00:00:00.000Z,בולגריה,51,15,66
2021-08-29T00:00:00.000Z,בוסניה הרצגובינה,7,3,10
2021-08-29T00:00:00.000Z,בילורוסיה,46,90,136
2021-08-29T00:00:00.000Z,בלגיה,60,27,87
2021-08-29T00:00:00.000Z,ברזיל,0,1,1
2021-08-29T00:00:00.000Z,גאורגיה,31,22,53
2021-08-29T00:00:00.000Z,גווטאמלה,0,1,1
2021-08-29T00:00:00.000Z,גמייקה,0,1,1
2021-08-29T00:00:00.000Z,גרמניה,249,108,357
2021-08-29T00:00:00.000Z,דנמרק,62,31,93
2021-08-29T00:00:00.000Z,דרום אפריקה,0,1,1
2021-08-29T00:00:00.000Z,הודו,15,1,16
2021-08-29T00:00:00.000Z,הולנד,125,39,164
2021-08-29T00:00:00.000Z,לטביה,2,0,2
2021-08-29T00:00:00.000Z,ליטא,77,5,82
2021-08-29T00:00:00.000Z,מאלי,2,0,2
2021-08-29T00:00:00.000Z,מולדובה,190,97,287
2021-08-29T00:00:00.000Z,מונטנגרו,2,0,2
2021-08-29T00:00:00.000Z,מונקו,2,0,2
2021-08-29T00:00:00.000Z,מלדיבים,20,1,21
2021-08-29T00:00:00.000Z,מצרים,274,109,383
2021-08-29T00:00:00.000Z,מקדוניה,1,0,1
2021-08-29T00:00:00.000Z,מקסיקו,3,0,3
2021-08-29T00:00:00.000Z,מרוקו,5,7,12
2021-08-29T00:00:00.000Z,נורבגיה,3,3,6
2021-08-29T00:00:00.000Z,סין,1,0,1
2021-08-29T00:00:00.000Z,סינגפור,3,4,7
2021-08-29T00:00:00.000Z,סלובניה,1,0,1
2021-08-29T00:00:00.000Z,סלובקיה,1,0,1
2021-08-29T00:00:00.000Z,איחוד האמירויות הערב,45,20,65
2021-08-29T00:00:00.000Z,סנגל,0,1,1
2021-08-29T00:00:00.000Z,ספרד,12,0,12
2021-08-29T00:00:00.000Z,סרביה,2,0,2
2021-08-29T00:00:00.000Z,סרי לנקה (צילון),3,0,3
2021-08-29T00:00:00.000Z,פולין,45,10,55
2021-08-29T00:00:00.000Z,פורטו ריקו,1,1,2
2021-08-29T00:00:00.000Z,פורטוגל,26,2,28
2021-08-29T00:00:00.000Z,פיליפינים,1,13,14
2021-08-29T00:00:00.000Z,ויטנאם,0,1,1
2021-08-29T00:00:00.000Z,הרפ הדומיניקנית,10,4,14
2021-08-29T00:00:00.000Z,הממלכה המאוחדת,197,159,356
2021-08-29T00:00:00.000Z,הונדורס,1,1,2
2021-08-29T00:00:00.000Z,הונגריה,669,66,735
2021-08-29T00:00:00.000Z,פינלנד,1,0,1
2021-08-29T00:00:00.000Z,פנמה,2,0,2
2021-08-29T00:00:00.000Z,פרו,1,0,1
2021-08-29T00:00:00.000Z,צ'ילה,0,2,2
2021-08-29T00:00:00.000Z,צכיה,550,37,587
2021-08-29T00:00:00.000Z,צרפת,539,297,836
2021-08-29T00:00:00.000Z,קולומביה,3,2,5
2021-08-29T00:00:00.000Z,קוסטה ריקה,8,7,15
2021-08-29T00:00:00.000Z,קוריאה הדרומית,3,6,9
2021-08-29T00:00:00.000Z,קזחסטאן,8,2,10
2021-08-29T00:00:00.000Z,קטר,0,1,1
2021-08-29T00:00:00.000Z,קירג'זסטאן,2,1,3
2021-08-29T00:00:00.000Z,קנדה,44,21,65
2021-08-29T00:00:00.000Z,קניה,2,0,2
2021-08-29T00:00:00.000Z,קפריסין,83,14,97
2021-08-29T00:00:00.000Z,קרואטיה,9,7,16
2021-08-29T00:00:00.000Z,רומניה,89,16,105
2021-08-29T00:00:00.000Z,רוסיה,119,124,243
2021-08-29T00:00:00.000Z,שוודיה,72,29,101
2021-08-29T00:00:00.000Z,שוויץ,175,62,237
2021-08-29T00:00:00.000Z,תאילנד,8,1,9
2021-08-29T00:00:00.000Z,תורכיה,36,20,56
2021-08-29T00:00:00.000Z,תורכמניסטאן,2,0,2
2021-08-29T00:00:00.000Z,ונצואלה,0,1,1
2021-08-29T00:00:00.000Z,טנזניה,1,0,1
2021-08-29T00:00:00.000Z,יוון,586,169,755
2021-08-29T00:00:00.000Z,ירדן,248,114,362
2021-08-29T00:00:00.000Z,כלל המדינות,8020,4994,13014
2021-08-29T00:00:00.000Z,לוכסמבורג,0,2,2
2021-08-29T00:00:00.000Z,אוזבקיסטן,4,1,5
2021-08-29T00:00:00.000Z,אוסטריה,763,98,861
2021-08-29T00:00:00.000Z,אוסטרליה,7,21,28
2021-08-29T00:00:00.000Z,אוקראינה,481,287,768
2021-08-29T00:00:00.000Z,אזרביג'אן,119,40,159
2021-08-29T00:00:00.000Z,איטליה,315,80,395
2021-08-29T00:00:00.000Z,איסלנד,40,0,40
2021-08-29T00:00:00.000Z,אירלנד,6,4,10
2021-08-29T00:00:00.000Z,אנדורה,0,1,1
2021-08-29T00:00:00.000Z,אסטוניה,10,0,10
2021-08-29T00:00:00.000Z,ארגנטינה,0,6,6
2021-08-29T00:00:00.000Z,ניגריה,6,0,6
2021-08-30T00:00:00.000Z,תורכיה,41,23,64
2021-08-30T00:00:00.000Z,תאילנד,3,5,8
2021-08-30T00:00:00.000Z,שוויץ,213,66,279
2021-08-30T00:00:00.000Z,שוודיה,12,2,14
2021-08-30T00:00:00.000Z,רוסיה,100,77,177
2021-08-30T00:00:00.000Z,רומניה,119,24,143
2021-08-30T00:00:00.000Z,רואנדה,3,0,3
2021-08-30T00:00:00.000Z,קרואטיה,11,7,18
2021-08-30T00:00:00.000Z,קפריסין,29,16,45
2021-08-30T00:00:00.000Z,קניה,7,2,9
2021-08-30T00:00:00.000Z,קנדה,52,85,137
2021-08-30T00:00:00.000Z,קלדוניה החדשה,0,1,1
2021-08-30T00:00:00.000Z,קירג'זסטאן,1,0,1
2021-08-30T00:00:00.000Z,קזחסטאן,5,0,5
2021-08-30T00:00:00.000Z,קוריאה הדרומית,0,1,1
2021-08-30T00:00:00.000Z,קוסטה ריקה,12,3,15
2021-08-30T00:00:00.000Z,קולומביה,7,1,8
2021-08-30T00:00:00.000Z,קובה,2,0,2
2021-08-30T00:00:00.000Z,צרפת,332,192,524
2021-08-30T00:00:00.000Z,צכיה,410,20,430
2021-08-30T00:00:00.000Z,צ'ילה,3,0,3
2021-08-30T00:00:00.000Z,פרו,0,2,2
2021-08-30T00:00:00.000Z,פנמה,6,3,9
2021-08-30T00:00:00.000Z,פינלנד,5,4,9
2021-08-30T00:00:00.000Z,פיליפינים,1,1,2
2021-08-30T00:00:00.000Z,פורטוגל,120,18,138
2021-08-30T00:00:00.000Z,פורטו ריקו,0,1,1
2021-08-30T00:00:00.000Z,פולין,68,20,88
2021-08-30T00:00:00.000Z,סרביה,60,27,87
2021-08-30T00:00:00.000Z,ספרד,17,19,36
2021-08-30T00:00:00.000Z,סינגפור,2,2,4
2021-08-30T00:00:00.000Z,סוריה,1,4,5
2021-08-30T00:00:00.000Z,נמיביה,0,1,1
2021-08-30T00:00:00.000Z,ניקרגואה,1,1,2
2021-08-30T00:00:00.000Z,ניו זילנד,0,2,2
2021-08-30T00:00:00.000Z,ניגריה,1,2,3
2021-08-30T00:00:00.000Z,נורבגיה,3,3,6
2021-08-30T00:00:00.000Z,מרוקו,7,1,8
2021-08-30T00:00:00.000Z,מקסיקו,1,2,3
2021-08-30T00:00:00.000Z,מקאו,2,0,2
2021-08-30T00:00:00.000Z,מצרים,220,75,295
2021-08-30T00:00:00.000Z,מלטה,1,0,1
2021-08-30T00:00:00.000Z,מלדיבים,12,3,15
2021-08-30T00:00:00.000Z,מונטנגרו,71,12,83
2021-08-30T00:00:00.000Z,מולדובה,97,16,113
2021-08-30T00:00:00.000Z,מאלי,8,0,8
2021-08-30T00:00:00.000Z,ליטא,7,1,8
2021-08-30T00:00:00.000Z,לטביה,9,0,9
2021-08-30T00:00:00.000Z,כלל המדינות,7774,5771,13545
2021-08-30T00:00:00.000Z,ירדן,107,147,254
2021-08-30T00:00:00.000Z,יפן,2,1,3
2021-08-30T00:00:00.000Z,תוניסיה,0,3,3
2021-08-30T00:00:00.000Z,טנזניה,20,4,24
2021-08-30T00:00:00.000Z,טיוואן,1,2,3
2021-08-30T00:00:00.000Z,טוגו,1,0,1
2021-08-30T00:00:00.000Z,טג'יקיסטאן,2,0,2
2021-08-30T00:00:00.000Z,זמביה,2,2,4
2021-08-30T00:00:00.000Z,זימבאבווה,1,0,1
2021-08-30T00:00:00.000Z,זאיר,1,0,1
2021-08-30T00:00:00.000Z,הממלכה המאוחדת,190,168,358
2021-08-30T00:00:00.000Z,הונגריה,312,12,324
2021-08-30T00:00:00.000Z,הולנד,102,23,125
2021-08-30T00:00:00.000Z,הודו,37,157,194
2021-08-30T00:00:00.000Z,דרום אפריקה,9,11,20
2021-08-30T00:00:00.000Z,דנמרק,16,5,21
2021-08-30T00:00:00.000Z,דומיניקה,1,0,1
2021-08-30T00:00:00.000Z,גרמניה,228,96,324
2021-08-30T00:00:00.000Z,גמביה,1,0,1
2021-08-30T00:00:00.000Z,גיברלטר,0,1,1
2021-08-30T00:00:00.000Z,גווטאמלה,1,0,1
2021-08-30T00:00:00.000Z,גאנה,8,0,8
2021-08-30T00:00:00.000Z,גאורגיה,49,14,63
2021-08-30T00:00:00.000Z,ברזיל,5,3,8
2021-08-30T00:00:00.000Z,בליז,2,0,2
2021-08-30T00:00:00.000Z,בלגיה,111,44,155
2021-08-30T00:00:00.000Z,בילורוסיה,51,43,94
2021-08-30T00:00:00.000Z,בוסניה הרצגובינה,24,5,29
2021-08-30T00:00:00.000Z,בולגריה,58,38,96
2021-08-30T00:00:00.000Z,בוטסואנה,1,0,1
2021-08-30T00:00:00.000Z,אתיופיה,37,9,46
2021-08-30T00:00:00.000Z,ארצות הברית,1515,1239,2754
2021-08-30T00:00:00.000Z,ארמניה,4,0,4
2021-08-30T00:00:00.000Z,ארגנטינה,0,1,1
2021-08-30T00:00:00.000Z,אקואדור,1,0,1
2021-08-30T00:00:00.000Z,אסטוניה,11,0,11
2021-08-30T00:00:00.000Z,אנגולה,2,0,2
2021-08-30T00:00:00.000Z,אלבניה,1,0,1
2021-08-30T00:00:00.000Z,אל סלבדור,1,0,1
2021-08-30T00:00:00.000Z,אירלנד,3,1,4
2021-08-30T00:00:00.000Z,איסלנד,70,11,81
2021-08-30T00:00:00.000Z,אינדונזיה,0,1,1
2021-08-30T00:00:00.000Z,איי גילברט ואליס,0,1,1
2021-08-30T00:00:00.000Z,איטליה,204,43,247
2021-08-30T00:00:00.000Z,אזרביג'אן,4,2,6
2021-08-30T00:00:00.000Z,אורגוואי,1,0,1
2021-08-30T00:00:00.000Z,אוקראינה,304,380,684
2021-08-30T00:00:00.000Z,אוסטרליה,7,7,14
2021-08-30T00:00:00.000Z,אוסטריה,1347,163,1510
2021-08-30T00:00:00.000Z,אוזבקיסטן,3,26,29
2021-08-30T00:00:00.000Z,אוגנדה,2,0,2
2021-08-30T00:00:00.000Z,אבחזיסטאן,1,0,1
2021-08-30T00:00:00.000Z,איחוד האמירויות הערב,39,10,49
2021-08-30T00:00:00.000Z,יוון,244,44,288
2021-08-31T00:00:00.000Z,אוזבקיסטן,1,12,13
2021-08-31T00:00:00.000Z,אוגנדה,3,1,4
2021-08-31T00:00:00.000Z,אבחזיסטאן,0,1,1
2021-08-31T00:00:00.000Z,איחוד האמירויות הערב,31,4,35
2021-08-31T00:00:00.000Z,אקואדור,0,4,4
2021-08-31T00:00:00.000Z,תורכיה,45,22,67
2021-08-31T00:00:00.000Z,תוניסיה,1,0,1
2021-08-31T00:00:00.000Z,תאילנד,54,208,262
2021-08-31T00:00:00.000Z,שוויץ,132,36,168
2021-08-31T00:00:00.000Z,שוודיה,10,2,12
2021-08-31T00:00:00.000Z,רפ מרכז אפריקנית,1,0,1
2021-08-31T00:00:00.000Z,רוסיה,132,122,254
2021-08-31T00:00:00.000Z,רומניה,92,25,117
2021-08-31T00:00:00.000Z,רואנדה,1,0,1
2021-08-31T00:00:00.000Z,קרואטיה,32,6,38
2021-08-31T00:00:00.000Z,קפריסין,15,12,27
2021-08-31T00:00:00.000Z,קניה,15,6,21
2021-08-31T00:00:00.000Z,קנדה,74,44,118
2021-08-31T00:00:00.000Z,קמרון,1,0,1
2021-08-31T00:00:00.000Z,קוריאה הדרומית,1,2,3
2021-08-31T00:00:00.000Z,קוסטה ריקה,12,4,16
2021-08-31T00:00:00.000Z,קוסובו,1,0,1
2021-08-31T00:00:00.000Z,קולומביה,5,6,11
2021-08-31T00:00:00.000Z,צרפת,273,128,401
2021-08-31T00:00:00.000Z,צכיה,545,30,575
2021-08-31T00:00:00.000Z,פרו,3,1,4
2021-08-31T00:00:00.000Z,פרגוואי,4,0,4
2021-08-31T00:00:00.000Z,פנמה,9,1,10
2021-08-31T00:00:00.000Z,פינלנד,3,2,5
2021-08-31T00:00:00.000Z,פיליפינים,4,1,5
2021-08-31T00:00:00.000Z,פורטוגל,18,1,19
2021-08-31T00:00:00.000Z,פורטו ריקו,1,0,1
2021-08-31T00:00:00.000Z,פולין,157,26,183
2021-08-31T00:00:00.000Z,ערב הסעודית,93,2,95
2021-08-31T00:00:00.000Z,עומן,1,0,1
2021-08-31T00:00:00.000Z,סרי לנקה (צילון),0,1,1
2021-08-31T00:00:00.000Z,סרביה,12,8,20
2021-08-31T00:00:00.000Z,ספרד,26,11,37
2021-08-31T00:00:00.000Z,סלובניה,5,0,5
2021-08-31T00:00:00.000Z,סין,23,11,34
2021-08-31T00:00:00.000Z,ניגריה,5,0,5
2021-08-31T00:00:00.000Z,ניגר,1,0,1
2021-08-31T00:00:00.000Z,נורבגיה,0,2,2
2021-08-31T00:00:00.000Z,מרוקו,6,3,9
2021-08-31T00:00:00.000Z,מקסיקו,4,0,4
2021-08-31T00:00:00.000Z,מצרים,149,57,206
2021-08-31T00:00:00.000Z,מלדיבים,35,3,38
2021-08-31T00:00:00.000Z,מונטנגרו,2,1,3
2021-08-31T00:00:00.000Z,מולדובה,113,86,199
2021-08-31T00:00:00.000Z,מוזמביק,1,0,1
2021-08-31T00:00:00.000Z,מאלי,3,0,3
2021-08-31T00:00:00.000Z,ליטא,4,3,7
2021-08-31T00:00:00.000Z,לטביה,34,23,57
2021-08-31T00:00:00.000Z,לבנון,0,2,2
2021-08-31T00:00:00.000Z,כלל המדינות,5619,4215,9834
2021-08-31T00:00:00.000Z,ירדן,77,33,110
2021-08-31T00:00:00.000Z,יפן,17,0,17
2021-08-31T00:00:00.000Z,יוון,271,74,345
2021-08-31T00:00:00.000Z,טנזניה,13,0,13
2021-08-31T00:00:00.000Z,טוגו,1,0,1
2021-08-31T00:00:00.000Z,חוף השנהב,1,0,1
2021-08-31T00:00:00.000Z,זמביה,3,1,4
2021-08-31T00:00:00.000Z,ונצואלה,0,10,10
2021-08-31T00:00:00.000Z,הממלכה המאוחדת,38,48,86
2021-08-31T00:00:00.000Z,הונדורס,1,0,1
2021-08-31T00:00:00.000Z,הונגריה,477,51,528
2021-08-31T00:00:00.000Z,הונג קונג,6,22,28
2021-08-31T00:00:00.000Z,הולנד,98,24,122
2021-08-31T00:00:00.000Z,דרום אפריקה,23,9,32
2021-08-31T00:00:00.000Z,דרום אמריקה,0,1,1
2021-08-31T00:00:00.000Z,דנמרק,11,6,17
2021-08-31T00:00:00.000Z,גרמניה,171,101,272
2021-08-31T00:00:00.000Z,גיברלטר,1,0,1
2021-08-31T00:00:00.000Z,גווטאמלה,6,1,7
2021-08-31T00:00:00.000Z,גאנה,1,0,1
2021-08-31T00:00:00.000Z,גאורגיה,3,0,3
2021-08-31T00:00:00.000Z,ברזיל,1,1,2
2021-08-31T00:00:00.000Z,בליז,1,0,1
2021-08-31T00:00:00.000Z,בלגיה,7,3,10
2021-08-31T00:00:00.000Z,בחריין,3,1,4
2021-08-31T00:00:00.000Z,בוסניה הרצגובינה,9,5,14
2021-08-31T00:00:00.000Z,בולגריה,58,20,78
2021-08-31T00:00:00.000Z,אתיופיה,33,9,42
2021-08-31T00:00:00.000Z,ארצות הברית,896,753,1649
2021-08-31T00:00:00.000Z,ארמניה,3,0,3
2021-08-31T00:00:00.000Z,ארגנטינה,2,13,15
2021-08-31T00:00:00.000Z,אסטוניה,1,0,1
2021-08-31T00:00:00.000Z,אנגולה,5,2,7
2021-08-31T00:00:00.000Z,אלגיריה,0,1,1
2021-08-31T00:00:00.000Z,אירלנד,6,2,8
2021-08-31T00:00:00.000Z,איסלנד,59,1,60
2021-08-31T00:00:00.000Z,איי סיישל,0,3,3
2021-08-31T00:00:00.000Z,איי גילברט ואליס,0,2,2
2021-08-31T00:00:00.000Z,איטליה,91,20,111
2021-08-31T00:00:00.000Z,אזרביג'אן,5,0,5
2021-08-31T00:00:00.000Z,אורגוואי,2,3,5
2021-08-31T00:00:00.000Z,אוקראינה,208,178,386
2021-08-31T00:00:00.000Z,אוסטרליה,3,8,11
2021-08-31T00:00:00.000Z,אוסטריה,383,70,453
2021-09-01T00:00:00.000Z,איסלנד,35,0,35
2021-09-01T00:00:00.000Z,איחוד האמירויות הערב,42,9,51
2021-09-01T00:00:00.000Z,תורכיה,21,17,38
2021-09-01T00:00:00.000Z,תוניסיה,1,0,1
2021-09-01T00:00:00.000Z,תאילנד,2,0,2
2021-09-01T00:00:00.000Z,שוויץ,75,16,91
2021-09-01T00:00:00.000Z,שוודיה,5,4,9
2021-09-01T00:00:00.000Z,רוסיה,80,180,260
2021-09-01T00:00:00.000Z,רומניה,91,26,117
2021-09-01T00:00:00.000Z,קרואטיה,11,1,12
2021-09-01T00:00:00.000Z,קפריסין,23,17,40
2021-09-01T00:00:00.000Z,קניה,4,0,4
2021-09-01T00:00:00.000Z,קנדה,45,93,138
2021-09-01T00:00:00.000Z,קזחסטאן,10,77,87
2021-09-01T00:00:00.000Z,קוריאה הדרומית,0,4,4
2021-09-01T00:00:00.000Z,קוסטה ריקה,4,3,7
2021-09-01T00:00:00.000Z,קולומביה,4,0,4
2021-09-01T00:00:00.000Z,צרפת,259,210,469
2021-09-01T00:00:00.000Z,צכיה,327,23,350
2021-09-01T00:00:00.000Z,פרו,5,0,5
2021-09-01T00:00:00.000Z,פנמה,0,1,1
2021-09-01T00:00:00.000Z,פינלנד,53,11,64
2021-09-01T00:00:00.000Z,פיליפינים,0,45,45
2021-09-01T00:00:00.000Z,פורטוגל,22,11,33
2021-09-01T00:00:00.000Z,פולין,108,14,122
2021-09-01T00:00:00.000Z,סרי לנקה (צילון),6,6,12
2021-09-01T00:00:00.000Z,סרביה,2,1,3
2021-09-01T00:00:00.000Z,ספרד,12,2,14
2021-09-01T00:00:00.000Z,סלובקיה,1,0,1
2021-09-01T00:00:00.000Z,סלובניה,7,1,8
2021-09-01T00:00:00.000Z,סינגפור,7,7,14
2021-09-01T00:00:00.000Z,סוריה,3,5,8
2021-09-01T00:00:00.000Z,סודן,1,0,1
2021-09-01T00:00:00.000Z,ניקרגואה,1,0,1
2021-09-01T00:00:00.000Z,ניו זילנד,2,0,2
2021-09-01T00:00:00.000Z,ניגריה,6,0,6
2021-09-01T00:00:00.000Z,נורבגיה,5,4,9
2021-09-01T00:00:00.000Z,מרוקו,3,3,6
2021-09-01T00:00:00.000Z,מקסיקו,1,1,2
2021-09-01T00:00:00.000Z,מקדוניה,2,0,2
2021-09-01T00:00:00.000Z,מצרים,80,28,108
2021-09-01T00:00:00.000Z,מלטה,1,0,1
2021-09-01T00:00:00.000Z,מלדיבים,18,6,24
2021-09-01T00:00:00.000Z,מונטנגרו,27,1,28
2021-09-01T00:00:00.000Z,מולדובה,2,0,2
2021-09-01T00:00:00.000Z,מאלי,2,0,2
2021-09-01T00:00:00.000Z,ליטא,2,0,2
2021-09-01T00:00:00.000Z,לוכסמבורג,2,0,2
2021-09-01T00:00:00.000Z,כלל המדינות,4503,4610,9113
2021-09-01T00:00:00.000Z,ירדן,76,51,127
2021-09-01T00:00:00.000Z,יפן,1,6,7
2021-09-01T00:00:00.000Z,יוון,98,27,125
2021-09-01T00:00:00.000Z,טנזניה,18,0,18
2021-09-01T00:00:00.000Z,טיוואן,0,3,3
2021-09-01T00:00:00.000Z,זמביה,1,0,1
2021-09-01T00:00:00.000Z,ונצואלה,0,2,2
2021-09-01T00:00:00.000Z,הרפ הדומיניקנית,3,0,3
2021-09-01T00:00:00.000Z,הממלכה המאוחדת,66,102,168
2021-09-01T00:00:00.000Z,הונגריה,306,50,356
2021-09-01T00:00:00.000Z,הולנד,65,35,100
2021-09-01T00:00:00.000Z,הודו,2,1,3
2021-09-01T00:00:00.000Z,דרום סודאן,2,0,2
2021-09-01T00:00:00.000Z,דרום אפריקה,5,6,11
2021-09-01T00:00:00.000Z,דרום אמריקה,1,1,2
2021-09-01T00:00:00.000Z,דנמרק,10,2,12
2021-09-01T00:00:00.000Z,גרמניה,117,110,227
2021-09-01T00:00:00.000Z,גמייקה,1,1,2
2021-09-01T00:00:00.000Z,גווטאמלה,2,1,3
2021-09-01T00:00:00.000Z,גבון,1,0,1
2021-09-01T00:00:00.000Z,גאנה,3,1,4
2021-09-01T00:00:00.000Z,גאורגיה,0,1,1
2021-09-01T00:00:00.000Z,ברזיל,0,3,3
2021-09-01T00:00:00.000Z,ברבדוס,1,0,1
2021-09-01T00:00:00.000Z,בלגיה,8,7,15
2021-09-01T00:00:00.000Z,בילורוסיה,40,53,93
2021-09-01T00:00:00.000Z,בורקינה פאסו,1,0,1
2021-09-01T00:00:00.000Z,בוסניה הרצגובינה,9,2,11
2021-09-01T00:00:00.000Z,בולגריה,16,8,24
2021-09-01T00:00:00.000Z,אתיופיה,30,2,32
2021-09-01T00:00:00.000Z,ארצות הברית,1020,893,1913
2021-09-01T00:00:00.000Z,ארמניה,3,0,3
2021-09-01T00:00:00.000Z,אקואדור,1,0,1
2021-09-01T00:00:00.000Z,אסטוניה,5,2,7
2021-09-01T00:00:00.000Z,אירלנד,8,2,10
2021-09-01T00:00:00.000Z,איטליה,97,28,125
2021-09-01T00:00:00.000Z,אזרביג'אן,2,0,2
2021-09-01T00:00:00.000Z,אורגוואי,1,1,2
2021-09-01T00:00:00.000Z,אוקראינה,425,312,737
2021-09-01T00:00:00.000Z,אוסטרליה,1,14,15
2021-09-01T00:00:00.000Z,אוסטריה,240,32,272
2021-09-01T00:00:00.000Z,אוזבקיסטן,1,16,17
2021-09-02T00:00:00.000Z,תוניסיה,1,0,1
2021-09-02T00:00:00.000Z,אוסטריה,265,67,332
2021-09-02T00:00:00.000Z,אוקראינה,331,192,523
2021-09-02T00:00:00.000Z,אורגוואי,2,3,5
2021-09-02T00:00:00.000Z,אזרביג'אן,61,26,87
2021-09-02T00:00:00.000Z,איטליה,184,44,228
2021-09-02T00:00:00.000Z,איי סיישל,47,7,54
2021-09-02T00:00:00.000Z,אינדונזיה,0,1,1
2021-09-02T00:00:00.000Z,איסלנד,55,3,58
2021-09-02T00:00:00.000Z,אירלנד,3,1,4
2021-09-02T00:00:00.000Z,אל סלבדור,1,0,1
2021-09-02T00:00:00.000Z,אנגולה,1,3,4
2021-09-02T00:00:00.000Z,אקואדור,1,1,2
2021-09-02T00:00:00.000Z,ארגנטינה,5,40,45
2021-09-02T00:00:00.000Z,ארמניה,2,0,2
2021-09-02T00:00:00.000Z,ארצות הברית,562,1595,2157
2021-09-02T00:00:00.000Z,אתיופיה,21,15,36
2021-09-02T00:00:00.000Z,בהמס,1,0,1
2021-09-02T00:00:00.000Z,בולגריה,7,1,8
2021-09-02T00:00:00.000Z,בוסניה הרצגובינה,0,1,1
2021-09-02T00:00:00.000Z,בחריין,9,0,9
2021-09-02T00:00:00.000Z,בלגיה,51,61,112
2021-09-02T00:00:00.000Z,בליז,1,0,1
2021-09-02T00:00:00.000Z,בנגלדש,0,1,1
2021-09-02T00:00:00.000Z,בנין (דהומי),1,0,1
2021-09-02T00:00:00.000Z,ברזיל,2,2,4
2021-09-02T00:00:00.000Z,גאורגיה,39,28,67
2021-09-02T00:00:00.000Z,גווטאמלה,1,0,1
2021-09-02T00:00:00.000Z,גינאה המשוונית,1,1,2
2021-09-02T00:00:00.000Z,גמייקה,2,0,2
2021-09-02T00:00:00.000Z,גרמניה,134,101,235
2021-09-02T00:00:00.000Z,דומיניקה,2,0,2
2021-09-02T00:00:00.000Z,דנמרק,52,38,90
2021-09-02T00:00:00.000Z,דרום אמריקה,0,1,1
2021-09-02T00:00:00.000Z,דרום אפריקה,8,11,19
2021-09-02T00:00:00.000Z,דרום סודאן,1,0,1
2021-09-02T00:00:00.000Z,הודו,6,2,8
2021-09-02T00:00:00.000Z,הולנד,92,37,129
2021-09-02T00:00:00.000Z,הונג קונג,1,0,1
2021-09-02T00:00:00.000Z,הונגריה,427,48,475
2021-09-02T00:00:00.000Z,הממלכה המאוחדת,123,362,485
2021-09-02T00:00:00.000Z,הרפ הדומיניקנית,3,0,3
2021-09-02T00:00:00.000Z,ונצואלה,0,1,1
2021-09-02T00:00:00.000Z,זאיר,2,0,2
2021-09-02T00:00:00.000Z,זמביה,4,0,4
2021-09-02T00:00:00.000Z,טוגו,2,0,2
2021-09-02T00:00:00.000Z,טנזניה,16,1,17
2021-09-02T00:00:00.000Z,יוון,192,49,241
2021-09-02T00:00:00.000Z,איחוד האמירויות הערב,34,7,41
2021-09-02T00:00:00.000Z,ירדן,95,37,132
2021-09-02T00:00:00.000Z,כלל המדינות,5206,6378,11584
2021-09-02T00:00:00.000Z,לטביה,7,0,7
2021-09-02T00:00:00.000Z,ליטא,97,10,107
2021-09-02T00:00:00.000Z,מאלי,3,0,3
2021-09-02T00:00:00.000Z,מולדובה,115,86,201
2021-09-02T00:00:00.000Z,מלדיבים,9,0,9
2021-09-02T00:00:00.000Z,מלטה,2,0,2
2021-09-02T00:00:00.000Z,מצרים,110,32,142
2021-09-02T00:00:00.000Z,מרוקו,65,30,95
2021-09-02T00:00:00.000Z,מרטיניק,1,0,1
2021-09-02T00:00:00.000Z,נורבגיה,8,7,15
2021-09-02T00:00:00.000Z,ניגריה,3,3,6
2021-09-02T00:00:00.000Z,נמיביה,3,0,3
2021-09-02T00:00:00.000Z,סודן,1,0,1
2021-09-02T00:00:00.000Z,סוריה,5,5,10
2021-09-02T00:00:00.000Z,סלובניה,1,0,1
2021-09-02T00:00:00.000Z,סלובקיה,2,3,5
2021-09-02T00:00:00.000Z,ספרד,35,41,76
2021-09-02T00:00:00.000Z,סרביה,5,5,10
2021-09-02T00:00:00.000Z,סרי לנקה (צילון),1,1,2
2021-09-02T00:00:00.000Z,עירק,0,1,1
2021-09-02T00:00:00.000Z,פולין,88,18,106
2021-09-02T00:00:00.000Z,פורטוגל,108,31,139
2021-09-02T00:00:00.000Z,פיליפינים,0,2,2
2021-09-02T00:00:00.000Z,פינלנד,1,0,1
2021-09-02T00:00:00.000Z,פנמה,5,2,7
2021-09-02T00:00:00.000Z,פרגוואי,1,0,1
2021-09-02T00:00:00.000Z,פרו,5,1,6
2021-09-02T00:00:00.000Z,צאד,1,0,1
2021-09-02T00:00:00.000Z,צ'ילה,1,1,2
2021-09-02T00:00:00.000Z,צכיה,150,18,168
2021-09-02T00:00:00.000Z,צרפת,293,257,550
2021-09-02T00:00:00.000Z,קולומביה,7,10,17
2021-09-02T00:00:00.000Z,קוסטה ריקה,5,0,5
2021-09-02T00:00:00.000Z,קוריאה הדרומית,3,1,4
2021-09-02T00:00:00.000Z,קמרון,1,0,1
2021-09-02T00:00:00.000Z,קנדה,22,244,266
2021-09-02T00:00:00.000Z,קניה,4,3,7
2021-09-02T00:00:00.000Z,קפריסין,43,21,64
2021-09-02T00:00:00.000Z,קרואטיה,8,4,12
2021-09-02T00:00:00.000Z,רומניה,50,16,66
2021-09-02T00:00:00.000Z,רוסיה,98,95,193
2021-09-02T00:00:00.000Z,שוודיה,18,19,37
2021-09-02T00:00:00.000Z,שוויץ,74,32,106
2021-09-02T00:00:00.000Z,אוסטרליה,1,1,2
2021-09-02T00:00:00.000Z,תורכיה,26,38,64
2021-09-02T00:00:00.000Z,אוזבקיסטן,3,21,24
2021-09-02T00:00:00.000Z,יפן,4,12,16
2021-09-03T00:00:00.000Z,תורכיה,49,23,72
2021-09-03T00:00:00.000Z,תאילנד,111,26,137
2021-09-03T00:00:00.000Z,שוויץ,254,118,372
2021-09-03T00:00:00.000Z,שוודיה,5,4,9
2021-09-03T00:00:00.000Z,רוסיה,199,169,368
2021-09-03T00:00:00.000Z,רומניה,85,24,109
2021-09-03T00:00:00.000Z,קרואטיה,8,3,11
2021-09-03T00:00:00.000Z,קפריסין,62,26,88
2021-09-03T00:00:00.000Z,קנדה,88,162,250
2021-09-03T00:00:00.000Z,קירג'זסטאן,1,0,1
2021-09-03T00:00:00.000Z,קטר,2,0,2
2021-09-03T00:00:00.000Z,קזחסטאן,7,9,16
2021-09-03T00:00:00.000Z,קוריאה הדרומית,1,0,1
2021-09-03T00:00:00.000Z,קוסטה ריקה,20,15,35
2021-09-03T00:00:00.000Z,קוסובו,0,1,1
2021-09-03T00:00:00.000Z,צרפת,236,122,358
2021-09-03T00:00:00.000Z,צכיה,392,39,431
2021-09-03T00:00:00.000Z,פרגוואי,1,0,1
2021-09-03T00:00:00.000Z,פנמה,4,3,7
2021-09-03T00:00:00.000Z,פינלנד,38,24,62
2021-09-03T00:00:00.000Z,פיליפינים,2,3,5
2021-09-03T00:00:00.000Z,פורטוגל,16,0,16
2021-09-03T00:00:00.000Z,פולין,136,28,164
2021-09-03T00:00:00.000Z,ערב הסעודית,1,0,1
2021-09-03T00:00:00.000Z,סרי לנקה (צילון),1,0,1
2021-09-03T00:00:00.000Z,סרביה,3,4,7
2021-09-03T00:00:00.000Z,ספרד,25,12,37
2021-09-03T00:00:00.000Z,סנגל,3,0,3
2021-09-03T00:00:00.000Z,סלובקיה,8,0,8
2021-09-03T00:00:00.000Z,סינגפור,2,7,9
2021-09-03T00:00:00.000Z,נפאל,1,0,1
2021-09-03T00:00:00.000Z,ניו זילנד,1,2,3
2021-09-03T00:00:00.000Z,ניגריה,5,0,5
2021-09-03T00:00:00.000Z,נורבגיה,3,3,6
2021-09-03T00:00:00.000Z,מרוקו,10,0,10
2021-09-03T00:00:00.000Z,מקסיקו,1,0,1
2021-09-03T00:00:00.000Z,מקדוניה,1,0,1
2021-09-03T00:00:00.000Z,מצרים,152,31,183
2021-09-03T00:00:00.000Z,מלטה,1,0,1
2021-09-03T00:00:00.000Z,מלדיבים,12,1,13
2021-09-03T00:00:00.000Z,מונטנגרו,82,7,89
2021-09-03T00:00:00.000Z,מולדובה,61,26,87
2021-09-03T00:00:00.000Z,ליטא,2,1,3
2021-09-03T00:00:00.000Z,לטביה,3,0,3
2021-09-03T00:00:00.000Z,תוניסיה,0,2,2
2021-09-03T00:00:00.000Z,ירדן,2,3,5
2021-09-03T00:00:00.000Z,יפן,7,3,10
2021-09-03T00:00:00.000Z,יוון,272,48,320
2021-09-03T00:00:00.000Z,טיוואן,0,1,1
2021-09-03T00:00:00.000Z,ונצואלה,0,5,5
2021-09-03T00:00:00.000Z,ויטנאם,1,1,2
2021-09-03T00:00:00.000Z,הרפ הדומיניקנית,4,0,4
2021-09-03T00:00:00.000Z,הממלכה המאוחדת,67,350,417
2021-09-03T00:00:00.000Z,הונגריה,390,54,444
2021-09-03T00:00:00.000Z,הולנד,117,48,165
2021-09-03T00:00:00.000Z,הודו,3,2,5
2021-09-03T00:00:00.000Z,דנמרק,21,6,27
2021-09-03T00:00:00.000Z,דומיניקה,2,0,2
2021-09-03T00:00:00.000Z,גרנדה,1,0,1
2021-09-03T00:00:00.000Z,גרמניה,265,112,377
2021-09-03T00:00:00.000Z,גיברלטר,1,3,4
2021-09-03T00:00:00.000Z,גווטאמלה,2,0,2
2021-09-03T00:00:00.000Z,גאורגיה,15,9,24
2021-09-03T00:00:00.000Z,ברזיל,1,1,2
2021-09-03T00:00:00.000Z,בלגיה,85,95,180
2021-09-03T00:00:00.000Z,בילורוסיה,65,27,92
2021-09-03T00:00:00.000Z,בחריין,6,0,6
2021-09-03T00:00:00.000Z,בוסניה הרצגובינה,5,0,5
2021-09-03T00:00:00.000Z,בוליביה,1,0,1
2021-09-03T00:00:00.000Z,בולגריה,46,13,59
2021-09-03T00:00:00.000Z,בהמס,3,0,3
2021-09-03T00:00:00.000Z,ארצות הברית,969,1247,2216
2021-09-03T00:00:00.000Z,ארמניה,13,5,18
2021-09-03T00:00:00.000Z,ארגנטינה,1,7,8
2021-09-03T00:00:00.000Z,אקואדור,3,1,4
2021-09-03T00:00:00.000Z,אסטוניה,1,1,2
2021-09-03T00:00:00.000Z,אנגולה,1,0,1
2021-09-03T00:00:00.000Z,אל סלבדור,1,0,1
2021-09-03T00:00:00.000Z,אירלנד,4,3,7
2021-09-03T00:00:00.000Z,איסלנד,9,2,11
2021-09-03T00:00:00.000Z,איטליה,192,57,249
2021-09-03T00:00:00.000Z,אזרביג'אן,1,0,1
2021-09-03T00:00:00.000Z,אורגוואי,3,6,9
2021-09-03T00:00:00.000Z,אוקראינה,330,183,513
2021-09-03T00:00:00.000Z,אוסטרליה,2,2,4
2021-09-03T00:00:00.000Z,אוסטריה,365,63,428
2021-09-03T00:00:00.000Z,אוזבקיסטן,2,1,3
2021-09-03T00:00:00.000Z,איחוד האמירויות הערב,42,7,49
2021-09-03T00:00:00.000Z,אבחזיסטאן,2,0,2
2021-09-03T00:00:00.000Z,כלל המדינות,5951,4879,10830
2021-09-04T00:00:00.000Z,פרגוואי,2,0,2
2021-09-04T00:00:00.000Z,פרו,4,0,4
2021-09-04T00:00:00.000Z,צכיה,150,14,164
2021-09-04T00:00:00.000Z,צרפת,108,64,172
2021-09-04T00:00:00.000Z,קובה,0,1,1
2021-09-04T00:00:00.000Z,קולומביה,9,6,15
2021-09-04T00:00:00.000Z,קוסטה ריקה,2,6,8
2021-09-04T00:00:00.000Z,קוריאה הדרומית,1,0,1
2021-09-04T00:00:00.000Z,קזחסטאן,1,0,1
2021-09-04T00:00:00.000Z,קמרון,1,3,4
2021-09-04T00:00:00.000Z,קנדה,31,40,71
2021-09-04T00:00:00.000Z,קניה,4,1,5
2021-09-04T00:00:00.000Z,קפריסין,61,10,71
2021-09-04T00:00:00.000Z,קרואטיה,5,5,10
2021-09-04T00:00:00.000Z,רואנדה,3,0,3
2021-09-04T00:00:00.000Z,רומניה,139,38,177
2021-09-04T00:00:00.000Z,נורבגיה,0,1,1
2021-09-04T00:00:00.000Z,רוסיה,12,7,19
2021-09-04T00:00:00.000Z,שוודיה,4,0,4
2021-09-04T00:00:00.000Z,שוויץ,26,8,34
2021-09-04T00:00:00.000Z,תאילנד,3,0,3
2021-09-04T00:00:00.000Z,תורכיה,28,7,35
2021-09-04T00:00:00.000Z,מקאו,1,0,1
2021-09-04T00:00:00.000Z,ניגריה,4,0,4
2021-09-04T00:00:00.000Z,סינגפור,1,0,1
2021-09-04T00:00:00.000Z,סלובניה,4,0,4
2021-09-04T00:00:00.000Z,ספרד,4,5,9
2021-09-04T00:00:00.000Z,סרי לנקה (צילון),3,9,12
2021-09-04T00:00:00.000Z,פולין,99,21,120
2021-09-04T00:00:00.000Z,פורטו ריקו,1,0,1
2021-09-04T00:00:00.000Z,פורטוגל,11,5,16
2021-09-04T00:00:00.000Z,גרמניה,91,37,128
2021-09-04T00:00:00.000Z,איחוד האמירויות הערב,18,4,22
2021-09-04T00:00:00.000Z,פיליפינים,4,1,5
2021-09-04T00:00:00.000Z,פינלנד,3,4,7
2021-09-04T00:00:00.000Z,פנמה,4,0,4
2021-09-04T00:00:00.000Z,מצרים,202,28,230
2021-09-04T00:00:00.000Z,מלדיבים,7,0,7
2021-09-04T00:00:00.000Z,מלאווי,2,181,183
2021-09-04T00:00:00.000Z,מונטנגרו,4,0,4
2021-09-04T00:00:00.000Z,מאוריציוס,2,0,2
2021-09-04T00:00:00.000Z,ליטא,2,0,2
2021-09-04T00:00:00.000Z,לטביה,34,10,44
2021-09-04T00:00:00.000Z,לוכסמבורג,1,2,3
2021-09-04T00:00:00.000Z,כלל המדינות,2623,2527,5150
2021-09-04T00:00:00.000Z,ירדן,7,1,8
2021-09-04T00:00:00.000Z,יפן,1,0,1
2021-09-04T00:00:00.000Z,יוון,129,13,142
2021-09-04T00:00:00.000Z,טנזניה,7,1,8
2021-09-04T00:00:00.000Z,טוגו,4,0,4
2021-09-04T00:00:00.000Z,טג'יקיסטאן,1,0,1
2021-09-04T00:00:00.000Z,חוף השנהב,1,0,1
2021-09-04T00:00:00.000Z,זמביה,1,3,4
2021-09-04T00:00:00.000Z,זימבאבווה,1,0,1
2021-09-04T00:00:00.000Z,זאיר,2,1,3
2021-09-04T00:00:00.000Z,הרפ הדומיניקנית,2,0,2
2021-09-04T00:00:00.000Z,הממלכה המאוחדת,59,41,100
2021-09-04T00:00:00.000Z,הונגריה,321,44,365
2021-09-04T00:00:00.000Z,הולנד,56,34,90
2021-09-04T00:00:00.000Z,הודו,1,2,3
2021-09-04T00:00:00.000Z,דרום סודאן,1,0,1
2021-09-04T00:00:00.000Z,דרום אפריקה,4,9,13
2021-09-04T00:00:00.000Z,מקסיקו,0,1,1
2021-09-04T00:00:00.000Z,מרוקו,2,6,8
2021-09-04T00:00:00.000Z,גבון,3,0,3
2021-09-04T00:00:00.000Z,גאנה,6,2,8
2021-09-04T00:00:00.000Z,גאורגיה,2,4,6
2021-09-04T00:00:00.000Z,ברזיל,2,2,4
2021-09-04T00:00:00.000Z,בלגיה,4,2,6
2021-09-04T00:00:00.000Z,בילורוסיה,0,1,1
2021-09-04T00:00:00.000Z,בוסניה הרצגובינה,5,1,6
2021-09-04T00:00:00.000Z,בולגריה,2,0,2
2021-09-04T00:00:00.000Z,בוטסואנה,1,0,1
2021-09-04T00:00:00.000Z,אתיופיה,21,8,29
2021-09-04T00:00:00.000Z,ארצות הברית,396,406,802
2021-09-04T00:00:00.000Z,ארמניה,1,3,4
2021-09-04T00:00:00.000Z,ארגנטינה,1,7,8
2021-09-04T00:00:00.000Z,אסטוניה,4,0,4
2021-09-04T00:00:00.000Z,אנגולה,1,0,1
2021-09-04T00:00:00.000Z,אלבניה,2,0,2
2021-09-04T00:00:00.000Z,אירלנד,4,4,8
2021-09-04T00:00:00.000Z,איסלנד,23,0,23
2021-09-04T00:00:00.000Z,איי סיישל,2,0,2
2021-09-04T00:00:00.000Z,איטליה,96,17,113
2021-09-04T00:00:00.000Z,אוקראינה,102,59,161
2021-09-04T00:00:00.000Z,אוסטריה,151,22,173
2021-09-04T00:00:00.000Z,אוגנדה,2,0,2
2021-09-04T00:00:00.000Z,דנמרק,3,1,4
2021-09-05T00:00:00.000Z,גאנה,2,0,2
2021-09-05T00:00:00.000Z,דנמרק,45,24,69
2021-09-05T00:00:00.000Z,דרום סודאן,1,0,1
2021-09-05T00:00:00.000Z,הודו,5,0,5
2021-09-05T00:00:00.000Z,הולנד,124,99,223
2021-09-05T00:00:00.000Z,הונג קונג,1,0,1
2021-09-05T00:00:00.000Z,הונגריה,535,80,615
2021-09-05T00:00:00.000Z,הממלכה המאוחדת,155,440,595
2021-09-05T00:00:00.000Z,הרפ הדומיניקנית,3,0,3
2021-09-05T00:00:00.000Z,ויטנאם,1,1,2
2021-09-05T00:00:00.000Z,חוף השנהב,1,0,1
2021-09-05T00:00:00.000Z,טנזניה,2,0,2
2021-09-05T00:00:00.000Z,יוון,516,64,580
2021-09-05T00:00:00.000Z,יפן,22,4,26
2021-09-05T00:00:00.000Z,ירדן,117,27,144
2021-09-05T00:00:00.000Z,כלל המדינות,6238,5525,11763
2021-09-05T00:00:00.000Z,לבנון,0,1,1
2021-09-05T00:00:00.000Z,לוכסמבורג,2,2,4
2021-09-05T00:00:00.000Z,לטביה,3,0,3
2021-09-05T00:00:00.000Z,ליטא,81,15,96
2021-09-05T00:00:00.000Z,מאלי,1,0,1
2021-09-05T00:00:00.000Z,מולדובה,120,86,206
2021-09-05T00:00:00.000Z,מונגוליה,0,1,1
2021-09-05T00:00:00.000Z,מונטנגרו,1,0,1
2021-09-05T00:00:00.000Z,מלדיבים,17,0,17
2021-09-05T00:00:00.000Z,מלטה,3,1,4
2021-09-05T00:00:00.000Z,מצרים,213,48,261
2021-09-05T00:00:00.000Z,מקסיקו,0,2,2
2021-09-05T00:00:00.000Z,מרוקו,2,3,5
2021-09-05T00:00:00.000Z,נורבגיה,2,3,5
2021-09-05T00:00:00.000Z,ניגריה,2,0,2
2021-09-05T00:00:00.000Z,נפאל,0,1,1
2021-09-05T00:00:00.000Z,סין,2,1,3
2021-09-05T00:00:00.000Z,סן מרינו,2,1,3
2021-09-05T00:00:00.000Z,סנגל,2,0,2
2021-09-05T00:00:00.000Z,ספרד,4,8,12
2021-09-05T00:00:00.000Z,סרביה,2,0,2
2021-09-05T00:00:00.000Z,סרי לנקה (צילון),10,3,13
2021-09-05T00:00:00.000Z,פולין,108,36,144
2021-09-05T00:00:00.000Z,פורטוגל,39,14,53
2021-09-05T00:00:00.000Z,פיליפינים,2,13,15
2021-09-05T00:00:00.000Z,פינלנד,2,0,2
2021-09-05T00:00:00.000Z,פנמה,6,0,6
2021-09-05T00:00:00.000Z,גרמניה,194,130,324
2021-09-05T00:00:00.000Z,פרו,2,0,2
2021-09-05T00:00:00.000Z,צכיה,423,39,462
2021-09-05T00:00:00.000Z,צרפת,395,331,726
2021-09-05T00:00:00.000Z,קולומביה,3,4,7
2021-09-05T00:00:00.000Z,קוסטה ריקה,15,1,16
2021-09-05T00:00:00.000Z,קוריאה הדרומית,9,2,11
2021-09-05T00:00:00.000Z,קזחסטאן,3,3,6
2021-09-05T00:00:00.000Z,קירג'זסטאן,5,0,5
2021-09-05T00:00:00.000Z,קנדה,34,48,82
2021-09-05T00:00:00.000Z,קניה,1,0,1
2021-09-05T00:00:00.000Z,קפריסין,133,20,153
2021-09-05T00:00:00.000Z,קרואטיה,7,2,9
2021-09-05T00:00:00.000Z,רומניה,68,9,77
2021-09-05T00:00:00.000Z,רוסיה,82,220,302
2021-09-05T00:00:00.000Z,שוודיה,12,7,19
2021-09-05T00:00:00.000Z,שוויץ,152,110,262
2021-09-05T00:00:00.000Z,תאילנד,1,0,1
2021-09-05T00:00:00.000Z,תוניסיה,0,1,1
2021-09-05T00:00:00.000Z,תורכיה,34,21,55
2021-09-05T00:00:00.000Z,גאורגיה,39,37,76
2021-09-05T00:00:00.000Z,ברזיל,4,1,5
2021-09-05T00:00:00.000Z,בלגיה,41,136,177
2021-09-05T00:00:00.000Z,בילורוסיה,78,76,154
2021-09-05T00:00:00.000Z,בחריין,3,0,3
2021-09-05T00:00:00.000Z,בוסניה הרצגובינה,25,6,31
2021-09-05T00:00:00.000Z,בולגריה,31,19,50
2021-09-05T00:00:00.000Z,ארצות הברית,520,795,1315
2021-09-05T00:00:00.000Z,ארמניה,3,4,7
2021-09-05T00:00:00.000Z,ארגנטינה,0,3,3
2021-09-05T00:00:00.000Z,אסטוניה,2,1,3
2021-09-05T00:00:00.000Z,אלבניה,0,1,1
2021-09-05T00:00:00.000Z,אירלנד,7,2,9
2021-09-05T00:00:00.000Z,איסלנד,30,0,30
2021-09-05T00:00:00.000Z,איי טורקס וקייקוס,0,1,1
2021-09-05T00:00:00.000Z,איטליה,318,56,374
2021-09-05T00:00:00.000Z,אזרביג'אן,73,29,102
2021-09-05T00:00:00.000Z,אורגוואי,0,2,2
2021-09-05T00:00:00.000Z,אוקראינה,337,218,555
2021-09-05T00:00:00.000Z,אוסטרליה,3,7,10
2021-09-05T00:00:00.000Z,אוסטריה,271,48,319
2021-09-05T00:00:00.000Z,אוזבקיסטן,2,0,2
2021-09-05T00:00:00.000Z,אבחזיסטאן,1,0,1
2021-09-05T00:00:00.000Z,איחוד האמירויות הערב,50,21,71
2021-09-05T00:00:00.000Z,פרגוואי,0,1,1
2021-09-06T00:00:00.000Z,הודו,24,66,90
2021-09-06T00:00:00.000Z,דרום אפריקה,7,17,24
2021-09-06T00:00:00.000Z,קוסטה ריקה,15,2,17
2021-09-06T00:00:00.000Z,קונגו,1,0,1
2021-09-06T00:00:00.000Z,קולומביה,5,1,6
2021-09-06T00:00:00.000Z,צרפת,172,101,273
2021-09-06T00:00:00.000Z,איחוד האמירויות הערב,36,12,48
2021-09-06T00:00:00.000Z,קפריסין,42,10,52
2021-09-06T00:00:00.000Z,קניה,5,2,7
2021-09-06T00:00:00.000Z,קנדה,29,89,118
2021-09-06T00:00:00.000Z,קירג'זסטאן,2,0,2
2021-09-06T00:00:00.000Z,קזחסטאן,5,1,6
2021-09-06T00:00:00.000Z,צכיה,290,25,315
2021-09-06T00:00:00.000Z,צ'ילה,0,3,3
2021-09-06T00:00:00.000Z,צאד,2,0,2
2021-09-06T00:00:00.000Z,פרו,12,0,12
2021-09-06T00:00:00.000Z,פרגוואי,1,0,1
2021-09-06T00:00:00.000Z,פנמה,1,2,3
2021-09-06T00:00:00.000Z,פינלנד,1,5,6
2021-09-06T00:00:00.000Z,פיליפינים,1,3,4
2021-09-06T00:00:00.000Z,פורטוגל,91,18,109
2021-09-06T00:00:00.000Z,פולין,137,18,155
2021-09-06T00:00:00.000Z,עירק,3,0,3
2021-09-06T00:00:00.000Z,סרביה,2,4,6
2021-09-06T00:00:00.000Z,ספרד,21,19,40
2021-09-06T00:00:00.000Z,סנגל,1,0,1
2021-09-06T00:00:00.000Z,סלובקיה,5,1,6
2021-09-06T00:00:00.000Z,סלובניה,2,0,2
2021-09-06T00:00:00.000Z,סינגפור,2,0,2
2021-09-06T00:00:00.000Z,דנמרק,4,0,4
2021-09-06T00:00:00.000Z,גרמניה,180,58,238
2021-09-06T00:00:00.000Z,גווטאמלה,1,0,1
2021-09-06T00:00:00.000Z,גאנה,6,3,9
2021-09-06T00:00:00.000Z,גאורגיה,8,0,8
2021-09-06T00:00:00.000Z,ברזיל,2,4,6
2021-09-06T00:00:00.000Z,בלגיה,6,17,23
2021-09-06T00:00:00.000Z,בילורוסיה,32,26,58
2021-09-06T00:00:00.000Z,בורונדי,1,0,1
2021-09-06T00:00:00.000Z,בוסניה הרצגובינה,2,0,2
2021-09-06T00:00:00.000Z,בולגריה,17,6,23
2021-09-06T00:00:00.000Z,בוטסואנה,1,0,1
2021-09-06T00:00:00.000Z,אתיופיה,25,4,29
2021-09-06T00:00:00.000Z,ארצות הברית,698,701,1399
2021-09-06T00:00:00.000Z,ארמניה,1,0,1
2021-09-06T00:00:00.000Z,אקואדור,3,0,3
2021-09-06T00:00:00.000Z,אסטוניה,1,0,1
2021-09-06T00:00:00.000Z,אנדורה,0,2,2
2021-09-06T00:00:00.000Z,אלבניה,9,0,9
2021-09-06T00:00:00.000Z,אירלנד,6,2,8
2021-09-06T00:00:00.000Z,איסלנד,11,0,11
2021-09-06T00:00:00.000Z,איטליה,152,37,189
2021-09-06T00:00:00.000Z,אזרביג'אן,2,0,2
2021-09-06T00:00:00.000Z,אורגוואי,0,2,2
2021-09-06T00:00:00.000Z,אוקראינה,365,147,512
2021-09-06T00:00:00.000Z,אוסטרליה,3,9,12
2021-09-06T00:00:00.000Z,אוסטריה,234,40,274
2021-09-06T00:00:00.000Z,אוזבקיסטן,26,117,143
2021-09-06T00:00:00.000Z,אוגנדה,4,1,5
2021-09-06T00:00:00.000Z,סוריה,3,7,10
2021-09-06T00:00:00.000Z,קרואטיה,1,1,2
2021-09-06T00:00:00.000Z,רואנדה,1,0,1
2021-09-06T00:00:00.000Z,רומניה,63,7,70
2021-09-06T00:00:00.000Z,רוסיה,162,150,312
2021-09-06T00:00:00.000Z,שוודיה,1,0,1
2021-09-06T00:00:00.000Z,שוויץ,78,22,100
2021-09-06T00:00:00.000Z,תאילנד,50,25,75
2021-09-06T00:00:00.000Z,תוניסיה,1,0,1
2021-09-06T00:00:00.000Z,תורכיה,23,7,30
2021-09-06T00:00:00.000Z,ניקרגואה,1,0,1
2021-09-06T00:00:00.000Z,ניגריה,4,0,4
2021-09-06T00:00:00.000Z,מרוקו,7,1,8
2021-09-06T00:00:00.000Z,מקסיקו,0,2,2
2021-09-06T00:00:00.000Z,מצרים,152,33,185
2021-09-06T00:00:00.000Z,מלדיבים,9,0,9
2021-09-06T00:00:00.000Z,מונטנגרו,22,3,25
2021-09-06T00:00:00.000Z,מולדובה,1,1,2
2021-09-06T00:00:00.000Z,מאלי,2,0,2
2021-09-06T00:00:00.000Z,ליטא,8,1,9
2021-09-06T00:00:00.000Z,לוכסמבורג,2,0,2
2021-09-06T00:00:00.000Z,כלל המדינות,4408,4145,8553
2021-09-06T00:00:00.000Z,ירדן,76,29,105
2021-09-06T00:00:00.000Z,יפן,21,0,21
2021-09-06T00:00:00.000Z,יוון,214,25,239
2021-09-06T00:00:00.000Z,טנזניה,32,1,33
2021-09-06T00:00:00.000Z,זמביה,3,0,3
2021-09-06T00:00:00.000Z,זאיר,0,4,4
2021-09-06T00:00:00.000Z,הרפ הדומיניקנית,3,1,4
2021-09-06T00:00:00.000Z,הממלכה המאוחדת,78,360,438
2021-09-06T00:00:00.000Z,הונגריה,165,19,184
2021-09-06T00:00:00.000Z,הולנד,68,18,86
2021-09-07T00:00:00.000Z,איטליה,99,8,107
2021-09-07T00:00:00.000Z,אלבניה,1,0,1
2021-09-07T00:00:00.000Z,איחוד האמירויות הערב,22,7,29
2021-09-07T00:00:00.000Z,תורכמניסטאן,1,0,1
2021-09-07T00:00:00.000Z,תורכיה,12,2,14
2021-09-07T00:00:00.000Z,שוויץ,38,15,53
2021-09-07T00:00:00.000Z,שוודיה,2,3,5
2021-09-07T00:00:00.000Z,רוסיה,110,103,213
2021-09-07T00:00:00.000Z,רומניה,46,13,59
2021-09-07T00:00:00.000Z,רואנדה,1,0,1
2021-09-07T00:00:00.000Z,קרואטיה,1,2,3
2021-09-07T00:00:00.000Z,קפריסין,7,1,8
2021-09-07T00:00:00.000Z,קניה,1,0,1
2021-09-07T00:00:00.000Z,קנדה,12,21,33
2021-09-07T00:00:00.000Z,קמרון,1,0,1
2021-09-07T00:00:00.000Z,קירג'זסטאן,2,0,2
2021-09-07T00:00:00.000Z,קזחסטאן,1,2,3
2021-09-07T00:00:00.000Z,קוריאה הדרומית,1,0,1
2021-09-07T00:00:00.000Z,קוסטה ריקה,10,2,12
2021-09-07T00:00:00.000Z,קוסובו,1,2,3
2021-09-07T00:00:00.000Z,צרפת,44,12,56
2021-09-07T00:00:00.000Z,צכיה,94,12,106
2021-09-07T00:00:00.000Z,פרו,1,2,3
2021-09-07T00:00:00.000Z,פנמה,3,0,3
2021-09-07T00:00:00.000Z,פיליפינים,2,9,11
2021-09-07T00:00:00.000Z,פורטוגל,4,8,12
2021-09-07T00:00:00.000Z,פולין,51,11,62
2021-09-07T00:00:00.000Z,ערב הסעודית,2,0,2
2021-09-07T00:00:00.000Z,סרי לנקה (צילון),0,1,1
2021-09-07T00:00:00.000Z,סרביה,5,0,5
2021-09-07T00:00:00.000Z,ספרד,5,1,6
2021-09-07T00:00:00.000Z,סלובקיה,2,0,2
2021-09-07T00:00:00.000Z,סלובניה,1,0,1
2021-09-07T00:00:00.000Z,סין,38,14,52
2021-09-07T00:00:00.000Z,נפאל,1,0,1
2021-09-07T00:00:00.000Z,ניו זילנד,0,3,3
2021-09-07T00:00:00.000Z,מרוקו,5,0,5
2021-09-07T00:00:00.000Z,מצרים,154,26,180
2021-09-07T00:00:00.000Z,מלדיבים,11,0,11
2021-09-07T00:00:00.000Z,מלאווי,0,1,1
2021-09-07T00:00:00.000Z,מונטנגרו,4,0,4
2021-09-07T00:00:00.000Z,מולדובה,55,16,71
2021-09-07T00:00:00.000Z,ליטא,4,0,4
2021-09-07T00:00:00.000Z,לטביה,22,3,25
2021-09-07T00:00:00.000Z,כלל המדינות,1960,2138,4098
2021-09-07T00:00:00.000Z,ירדן,2,4,6
2021-09-07T00:00:00.000Z,יפן,1,3,4
2021-09-07T00:00:00.000Z,יוון,212,30,242
2021-09-07T00:00:00.000Z,טנזניה,2,0,2
2021-09-07T00:00:00.000Z,טיוואן,1,0,1
2021-09-07T00:00:00.000Z,טוגו,0,1,1
2021-09-07T00:00:00.000Z,זמביה,2,0,2
2021-09-07T00:00:00.000Z,ונצואלה,0,3,3
2021-09-07T00:00:00.000Z,הממלכה המאוחדת,17,6,23
2021-09-07T00:00:00.000Z,הונגריה,248,33,281
2021-09-07T00:00:00.000Z,הונג קונג,8,8,16
2021-09-07T00:00:00.000Z,הולנד,40,8,48
2021-09-07T00:00:00.000Z,הודו,3,1,4
2021-09-07T00:00:00.000Z,דרום אפריקה,1,0,1
2021-09-07T00:00:00.000Z,דנמרק,3,1,4
2021-09-07T00:00:00.000Z,גרמניה,90,51,141
2021-09-07T00:00:00.000Z,גאורגיה,1,0,1
2021-09-07T00:00:00.000Z,ברזיל,2,0,2
2021-09-07T00:00:00.000Z,בלגיה,7,0,7
2021-09-07T00:00:00.000Z,בוסניה הרצגובינה,7,0,7
2021-09-07T00:00:00.000Z,בולגריה,1,0,1
2021-09-07T00:00:00.000Z,בהמס,1,0,1
2021-09-07T00:00:00.000Z,אתיופיה,4,1,5
2021-09-07T00:00:00.000Z,ארצות הברית,104,63,167
2021-09-07T00:00:00.000Z,ארמניה,1,0,1
2021-09-07T00:00:00.000Z,ארגנטינה,1,8,9
2021-09-07T00:00:00.000Z,אקואדור,1,0,1
2021-09-07T00:00:00.000Z,אסטוניה,0,2,2
2021-09-07T00:00:00.000Z,אירלנד,2,1,3
2021-09-07T00:00:00.000Z,איסלנד,17,0,17
2021-09-07T00:00:00.000Z,איי סיישל,0,4,4
2021-09-07T00:00:00.000Z,אוגנדה,1,0,1
2021-09-07T00:00:00.000Z,אוקראינה,134,77,211
2021-09-07T00:00:00.000Z,אוסטרליה,1,0,1
2021-09-07T00:00:00.000Z,אוסטריה,55,5,60
2021-09-07T00:00:00.000Z,אוזבקיסטן,0,3,3
2021-09-08T00:00:00.000Z,ליבריה,0,1,1
2021-09-08T00:00:00.000Z,איחוד האמירויות הערב,46,6,52
2021-09-08T00:00:00.000Z,תאילנד,4,0,4
2021-09-08T00:00:00.000Z,שוויץ,29,5,34
2021-09-08T00:00:00.000Z,שוודיה,2,3,5
2021-09-08T00:00:00.000Z,רוסיה,65,71,136
2021-09-08T00:00:00.000Z,רומניה,151,24,175
2021-09-08T00:00:00.000Z,ראוניון,0,1,1
2021-09-08T00:00:00.000Z,קרואטיה,15,4,19
2021-09-08T00:00:00.000Z,קפריסין,125,8,133
2021-09-08T00:00:00.000Z,קניה,5,1,6
2021-09-08T00:00:00.000Z,קנדה,26,14,40
2021-09-08T00:00:00.000Z,קזחסטאן,2,3,5
2021-09-08T00:00:00.000Z,קוריאה הדרומית,0,1,1
2021-09-08T00:00:00.000Z,קוסטה ריקה,11,7,18
2021-09-08T00:00:00.000Z,קולומביה,0,1,1
2021-09-08T00:00:00.000Z,צרפת,97,33,130
2021-09-08T00:00:00.000Z,צכיה,320,12,332
2021-09-08T00:00:00.000Z,פרו,4,0,4
2021-09-08T00:00:00.000Z,פינלנד,36,11,47
2021-09-08T00:00:00.000Z,פורטוגל,25,4,29
2021-09-08T00:00:00.000Z,פולין,57,7,64
2021-09-08T00:00:00.000Z,ערב הסעודית,1,1,2
2021-09-08T00:00:00.000Z,סרי לנקה (צילון),0,1,1
2021-09-08T00:00:00.000Z,סרביה,2,0,2
2021-09-08T00:00:00.000Z,ספרד,8,3,11
2021-09-08T00:00:00.000Z,סלובניה,1,0,1
2021-09-08T00:00:00.000Z,סינגפור,0,2,2
2021-09-08T00:00:00.000Z,ניגריה,0,1,1
2021-09-08T00:00:00.000Z,מרוקו,1,0,1
2021-09-08T00:00:00.000Z,מקדוניה,2,0,2
2021-09-08T00:00:00.000Z,מצרים,341,51,392
2021-09-08T00:00:00.000Z,מלדיבים,20,7,27
2021-09-08T00:00:00.000Z,מונטנגרו,0,3,3
2021-09-08T00:00:00.000Z,מולדובה,1,0,1
2021-09-08T00:00:00.000Z,מוזמביק,3,0,3
2021-09-08T00:00:00.000Z,תורכיה,16,3,19
2021-09-08T00:00:00.000Z,כלל המדינות,3247,2576,5823
2021-09-08T00:00:00.000Z,ירדן,37,13,50
2021-09-08T00:00:00.000Z,יפן,1,4,5
2021-09-08T00:00:00.000Z,יוון,151,22,173
2021-09-08T00:00:00.000Z,טנזניה,16,0,16
2021-09-08T00:00:00.000Z,טיוואן,0,2,2
2021-09-08T00:00:00.000Z,זמביה,1,0,1
2021-09-08T00:00:00.000Z,זאיר,1,0,1
2021-09-08T00:00:00.000Z,הממלכה המאוחדת,28,22,50
2021-09-08T00:00:00.000Z,הונגריה,321,17,338
2021-09-08T00:00:00.000Z,הולנד,81,15,96
2021-09-08T00:00:00.000Z,דנמרק,13,2,15
2021-09-08T00:00:00.000Z,גרמניה,122,41,163
2021-09-08T00:00:00.000Z,גיברלטר,0,1,1
2021-09-08T00:00:00.000Z,גווטאמלה,3,0,3
2021-09-08T00:00:00.000Z,גאנה,3,1,4
2021-09-08T00:00:00.000Z,גאורגיה,25,13,38
2021-09-08T00:00:00.000Z,ברזיל,0,2,2
2021-09-08T00:00:00.000Z,בלגיה,2,1,3
2021-09-08T00:00:00.000Z,בוסניה הרצגובינה,10,0,10
2021-09-08T00:00:00.000Z,בולגריה,14,5,19
2021-09-08T00:00:00.000Z,אתיופיה,8,2,10
2021-09-08T00:00:00.000Z,ארצות הברית,220,127,347
2021-09-08T00:00:00.000Z,ארמניה,4,4,8
2021-09-08T00:00:00.000Z,אסטוניה,2,1,3
2021-09-08T00:00:00.000Z,אלבניה,1,0,1
2021-09-08T00:00:00.000Z,אירלנד,2,2,4
2021-09-08T00:00:00.000Z,איסלנד,4,0,4
2021-09-08T00:00:00.000Z,איי סיישל,37,3,40
2021-09-08T00:00:00.000Z,איטליה,91,29,120
2021-09-08T00:00:00.000Z,אזרביג'אן,2,0,2
2021-09-08T00:00:00.000Z,אוקראינה,252,126,378
2021-09-08T00:00:00.000Z,אוסטרליה,0,3,3
2021-09-08T00:00:00.000Z,אוסטריה,228,32,260
2021-09-08T00:00:00.000Z,אוזבקיסטן,0,5,5
2021-09-09T00:00:00.000Z,בוסניה הרצגובינה,4,3,7
2021-09-09T00:00:00.000Z,איחוד האמירויות הערב,38,14,52
2021-09-09T00:00:00.000Z,תורכיה,38,42,80
2021-09-09T00:00:00.000Z,תאילנד,0,1,1
2021-09-09T00:00:00.000Z,שוויץ,68,18,86
2021-09-09T00:00:00.000Z,שוודיה,21,4,25
2021-09-09T00:00:00.000Z,רוסיה,86,77,163
2021-09-09T00:00:00.000Z,רומניה,154,41,195
2021-09-09T00:00:00.000Z,קרואטיה,1,2,3
2021-09-09T00:00:00.000Z,קפריסין,222,63,285
2021-09-09T00:00:00.000Z,קניה,1,0,1
2021-09-09T00:00:00.000Z,קנדה,27,29,56
2021-09-09T00:00:00.000Z,קירג'זסטאן,2,1,3
2021-09-09T00:00:00.000Z,קזחסטאן,4,0,4
2021-09-09T00:00:00.000Z,קוריאה הדרומית,0,4,4
2021-09-09T00:00:00.000Z,קולומביה,6,2,8
2021-09-09T00:00:00.000Z,קובה,0,1,1
2021-09-09T00:00:00.000Z,צרפת,375,186,561
2021-09-09T00:00:00.000Z,צכיה,295,30,325
2021-09-09T00:00:00.000Z,צ'ילה,1,0,1
2021-09-09T00:00:00.000Z,פרו,5,4,9
2021-09-09T00:00:00.000Z,פנמה,1,0,1
2021-09-09T00:00:00.000Z,פינלנד,1,0,1
2021-09-09T00:00:00.000Z,פיליפינים,0,14,14
2021-09-09T00:00:00.000Z,פורטוגל,33,8,41
2021-09-09T00:00:00.000Z,פולין,183,40,223
2021-09-09T00:00:00.000Z,ערב הסעודית,2,0,2
2021-09-09T00:00:00.000Z,עומן,1,0,1
2021-09-09T00:00:00.000Z,סרי לנקה (צילון),0,1,1
2021-09-09T00:00:00.000Z,סרביה,10,2,12
2021-09-09T00:00:00.000Z,ספרד,39,18,57
2021-09-09T00:00:00.000Z,סנגל,0,1,1
2021-09-09T00:00:00.000Z,סלובקיה,3,0,3
2021-09-09T00:00:00.000Z,סין,3,7,10
2021-09-09T00:00:00.000Z,סט וינסנט,2,2,4
2021-09-09T00:00:00.000Z,סוריה,1,4,5
2021-09-09T00:00:00.000Z,נמיביה,2,0,2
2021-09-09T00:00:00.000Z,ניו זילנד,3,1,4
2021-09-09T00:00:00.000Z,ניגריה,5,0,5
2021-09-09T00:00:00.000Z,נורבגיה,1,2,3
2021-09-09T00:00:00.000Z,מרוקו,2,1,3
2021-09-09T00:00:00.000Z,מצרים,319,48,367
2021-09-09T00:00:00.000Z,מלדיבים,24,1,25
2021-09-09T00:00:00.000Z,מולדובה,243,288,531
2021-09-09T00:00:00.000Z,מאלי,4,0,4
2021-09-09T00:00:00.000Z,לסוטו,1,0,1
2021-09-09T00:00:00.000Z,ליטא,75,5,80
2021-09-09T00:00:00.000Z,לבנון,0,3,3
2021-09-09T00:00:00.000Z,כלל המדינות,11656,9706,21362
2021-09-09T00:00:00.000Z,ירדן,345,81,426
2021-09-09T00:00:00.000Z,יפן,2,3,5
2021-09-09T00:00:00.000Z,יוון,517,71,588
2021-09-09T00:00:00.000Z,טנזניה,7,0,7
2021-09-09T00:00:00.000Z,טג'יקיסטאן,1,0,1
2021-09-09T00:00:00.000Z,זימבאבווה,2,0,2
2021-09-09T00:00:00.000Z,הרפ הדומיניקנית,2,0,2
2021-09-09T00:00:00.000Z,הממלכה המאוחדת,242,182,424
2021-09-09T00:00:00.000Z,הונדורס,1,0,1
2021-09-09T00:00:00.000Z,הונגריה,448,150,598
2021-09-09T00:00:00.000Z,הולנד,111,29,140
2021-09-09T00:00:00.000Z,הודו,8,3,11
2021-09-09T00:00:00.000Z,דרום אפריקה,7,5,12
2021-09-09T00:00:00.000Z,דנמרק,59,11,70
2021-09-09T00:00:00.000Z,דומיניקה,1,1,2
2021-09-09T00:00:00.000Z,גרמניה,208,79,287
2021-09-09T00:00:00.000Z,גינאה המשוונית,1,0,1
2021-09-09T00:00:00.000Z,גינאה,0,1,1
2021-09-09T00:00:00.000Z,גיברלטר,0,1,1
2021-09-09T00:00:00.000Z,גווטאמלה,2,0,2
2021-09-09T00:00:00.000Z,גאנה,1,0,1
2021-09-09T00:00:00.000Z,גאורגיה,161,21,182
2021-09-09T00:00:00.000Z,ברזיל,2,0,2
2021-09-09T00:00:00.000Z,בלגיה,43,46,89
2021-09-09T00:00:00.000Z,בילורוסיה,85,55,140
2021-09-09T00:00:00.000Z,אתיופיה,6,3,9
2021-09-09T00:00:00.000Z,ארצות הברית,407,322,729
2021-09-09T00:00:00.000Z,ארמניה,19,7,26
2021-09-09T00:00:00.000Z,ארגנטינה,0,2,2
2021-09-09T00:00:00.000Z,אסטוניה,1,0,1
2021-09-09T00:00:00.000Z,אלבניה,1,0,1
2021-09-09T00:00:00.000Z,אירלנד,4,1,5
2021-09-09T00:00:00.000Z,איסלנד,40,0,40
2021-09-09T00:00:00.000Z,איי קוק,1,1,2
2021-09-09T00:00:00.000Z,איי סיישל,2,0,2
2021-09-09T00:00:00.000Z,איטליה,247,49,296
2021-09-09T00:00:00.000Z,אזרביג'אן,48,21,69
2021-09-09T00:00:00.000Z,אורגוואי,1,1,2
2021-09-09T00:00:00.000Z,אוקראינה,5422,5252,10674
2021-09-09T00:00:00.000Z,אוסטרליה,2,3,5
2021-09-09T00:00:00.000Z,אוסטריה,169,60,229
2021-09-09T00:00:00.000Z,אוזבקיסטן,0,3,3
2021-09-10T00:00:00.000Z,לטביה,3,0,3
2021-09-10T00:00:00.000Z,מונטנגרו,157,9,166
2021-09-10T00:00:00.000Z,מצרים,448,101,549
2021-09-10T00:00:00.000Z,מרוקו,2,3,5
2021-09-10T00:00:00.000Z,נורבגיה,1,0,1
2021-09-10T00:00:00.000Z,ניגריה,1,0,1
2021-09-10T00:00:00.000Z,ניו זילנד,0,1,1
2021-09-10T00:00:00.000Z,נפאל,0,1,1
2021-09-10T00:00:00.000Z,סוריה,3,2,5
2021-09-10T00:00:00.000Z,סין,17,1,18
2021-09-10T00:00:00.000Z,סינגפור,2,1,3
2021-09-10T00:00:00.000Z,סלובניה,5,0,5
2021-09-10T00:00:00.000Z,סלובקיה,130,10,140
2021-09-10T00:00:00.000Z,ספרד,68,17,85
2021-09-10T00:00:00.000Z,סרביה,0,2,2
2021-09-10T00:00:00.000Z,סרי לנקה (צילון),0,2,2
2021-09-10T00:00:00.000Z,ערב הסעודית,0,3,3
2021-09-10T00:00:00.000Z,פולין,284,115,399
2021-09-10T00:00:00.000Z,פורטוגל,8,3,11
2021-09-10T00:00:00.000Z,פינלנד,67,17,84
2021-09-10T00:00:00.000Z,פנמה,3,0,3
2021-09-10T00:00:00.000Z,פרגוואי,4,4,8
2021-09-10T00:00:00.000Z,פרו,4,5,9
2021-09-10T00:00:00.000Z,צכיה,511,58,569
2021-09-10T00:00:00.000Z,צרפת,168,71,239
2021-09-10T00:00:00.000Z,קולומביה,4,0,4
2021-09-10T00:00:00.000Z,קוסטה ריקה,34,12,46
2021-09-10T00:00:00.000Z,קוריאה הדרומית,1,0,1
2021-09-10T00:00:00.000Z,קזחסטאן,1,2,3
2021-09-10T00:00:00.000Z,קטר,1,1,2
2021-09-10T00:00:00.000Z,קנדה,86,55,141
2021-09-10T00:00:00.000Z,קניה,1,0,1
2021-09-10T00:00:00.000Z,קפריסין,104,12,116
2021-09-10T00:00:00.000Z,קרואטיה,11,0,11
2021-09-10T00:00:00.000Z,רומניה,68,58,126
2021-09-10T00:00:00.000Z,רוסיה,217,141,358
2021-09-10T00:00:00.000Z,שוודיה,4,0,4
2021-09-10T00:00:00.000Z,שוויץ,197,39,236
2021-09-10T00:00:00.000Z,תאילנד,2,1,3
2021-09-10T00:00:00.000Z,תורכיה,50,38,88
2021-09-10T00:00:00.000Z,תורכמניסטאן,0,1,1
2021-09-10T00:00:00.000Z,מולדובה,78,28,106
2021-09-10T00:00:00.000Z,מאלי,0,2,2
2021-09-10T00:00:00.000Z,ליטא,0,2,2
2021-09-10T00:00:00.000Z,מלטה,1,0,1
2021-09-10T00:00:00.000Z,כלל המדינות,9505,7979,17484
2021-09-10T00:00:00.000Z,ירדן,2,4,6
2021-09-10T00:00:00.000Z,יפן,0,2,2
2021-09-10T00:00:00.000Z,יוון,547,94,641
2021-09-10T00:00:00.000Z,חוף השנהב,1,0,1
2021-09-10T00:00:00.000Z,ונצואלה,0,8,8
2021-09-10T00:00:00.000Z,ויטנאם,1,0,1
2021-09-10T00:00:00.000Z,הרפ הדומיניקנית,1,2,3
2021-09-10T00:00:00.000Z,הממלכה המאוחדת,111,78,189
2021-09-10T00:00:00.000Z,הונגריה,581,144,725
2021-09-10T00:00:00.000Z,הונג קונג,0,1,1
2021-09-10T00:00:00.000Z,הולנד,74,19,93
2021-09-10T00:00:00.000Z,הודו,1,2,3
2021-09-10T00:00:00.000Z,אסטוניה,2,0,2
2021-09-10T00:00:00.000Z,דרום אפריקה,0,1,1
2021-09-10T00:00:00.000Z,דרום אמריקה,0,1,1
2021-09-10T00:00:00.000Z,דנמרק,7,2,9
2021-09-10T00:00:00.000Z,גרמניה,226,52,278
2021-09-10T00:00:00.000Z,גווטאמלה,2,0,2
2021-09-10T00:00:00.000Z,גאנה,1,0,1
2021-09-10T00:00:00.000Z,גאורגיה,23,17,40
2021-09-10T00:00:00.000Z,ברזיל,6,3,9
2021-09-10T00:00:00.000Z,בלגיה,7,6,13
2021-09-10T00:00:00.000Z,בוסניה הרצגובינה,11,0,11
2021-09-10T00:00:00.000Z,בולגריה,50,7,57
2021-09-10T00:00:00.000Z,בוטסואנה,1,0,1
2021-09-10T00:00:00.000Z,ארצות הברית,1006,757,1763
2021-09-10T00:00:00.000Z,ארמניה,4,0,4
2021-09-10T00:00:00.000Z,ארגנטינה,0,6,6
2021-09-10T00:00:00.000Z,אקואדור,3,0,3
2021-09-10T00:00:00.000Z,איחוד האמירויות הערב,64,16,80
2021-09-10T00:00:00.000Z,אלבניה,1,0,1
2021-09-10T00:00:00.000Z,אירלנד,5,1,6
2021-09-10T00:00:00.000Z,איסלנד,11,0,11
2021-09-10T00:00:00.000Z,אינדונזיה,1,1,2
2021-09-10T00:00:00.000Z,איטליה,345,62,407
2021-09-10T00:00:00.000Z,אזרביג'אן,1,0,1
2021-09-10T00:00:00.000Z,אורגוואי,1,2,3
2021-09-10T00:00:00.000Z,אוקראינה,2511,4082,6593
2021-09-10T00:00:00.000Z,אוסטרליה,3,7,10
2021-09-10T00:00:00.000Z,אוסטריה,580,136,716
2021-09-10T00:00:00.000Z,אוזבקיסטן,0,1,1
2021-09-10T00:00:00.000Z,אבחזיסטאן,0,1,1
2021-09-10T00:00:00.000Z,מלדיבים,54,8,62
2021-09-11T00:00:00.000Z,דנמרק,11,0,11
2021-09-11T00:00:00.000Z,תורכיה,31,10,41
2021-09-11T00:00:00.000Z,תאילנד,0,1,1
2021-09-11T00:00:00.000Z,שוויץ,98,7,105
2021-09-11T00:00:00.000Z,שוודיה,14,7,21
2021-09-11T00:00:00.000Z,רוסיה,8,3,11
2021-09-11T00:00:00.000Z,רומניה,346,27,373
2021-09-11T00:00:00.000Z,רואנדה,0,1,1
2021-09-11T00:00:00.000Z,קרואטיה,9,1,10
2021-09-11T00:00:00.000Z,קפריסין,240,20,260
2021-09-11T00:00:00.000Z,קניה,4,2,6
2021-09-11T00:00:00.000Z,קנדה,63,41,104
2021-09-11T00:00:00.000Z,קזחסטאן,0,1,1
2021-09-11T00:00:00.000Z,קוסטה ריקה,2,2,4
2021-09-11T00:00:00.000Z,קולומביה,0,2,2
2021-09-11T00:00:00.000Z,קובה,1,0,1
2021-09-11T00:00:00.000Z,צרפת,390,60,450
2021-09-11T00:00:00.000Z,צכיה,712,16,728
2021-09-11T00:00:00.000Z,פרו,10,0,10
2021-09-11T00:00:00.000Z,פנמה,4,6,10
2021-09-11T00:00:00.000Z,פינלנד,4,0,4
2021-09-11T00:00:00.000Z,פיליפינים,1,0,1
2021-09-11T00:00:00.000Z,פורטוגל,17,1,18
2021-09-11T00:00:00.000Z,פולין,246,11,257
2021-09-11T00:00:00.000Z,סרי לנקה (צילון),0,5,5
2021-09-11T00:00:00.000Z,סרביה,7,3,10
2021-09-11T00:00:00.000Z,ספרד,19,8,27
2021-09-11T00:00:00.000Z,סלובקיה,70,5,75
2021-09-11T00:00:00.000Z,סלובניה,4,0,4
2021-09-11T00:00:00.000Z,סין,0,1,1
2021-09-11T00:00:00.000Z,נמיביה,0,1,1
2021-09-11T00:00:00.000Z,אוגנדה,2,0,2
2021-09-11T00:00:00.000Z,אוסטריה,364,29,393
2021-09-11T00:00:00.000Z,אוסטרליה,1,0,1
2021-09-11T00:00:00.000Z,אוקראינה,367,111,478
2021-09-11T00:00:00.000Z,אזרביג'אן,3,1,4
2021-09-11T00:00:00.000Z,איטליה,311,37,348
2021-09-11T00:00:00.000Z,איסלנד,28,1,29
2021-09-11T00:00:00.000Z,אירן,1,0,1
2021-09-11T00:00:00.000Z,אלבניה,1,0,1
2021-09-11T00:00:00.000Z,אנגולה,3,0,3
2021-09-11T00:00:00.000Z,אסטוניה,3,0,3
2021-09-11T00:00:00.000Z,אקואדור,6,1,7
2021-09-11T00:00:00.000Z,ארמניה,2,1,3
2021-09-11T00:00:00.000Z,ארצות הברית,545,258,803
2021-09-11T00:00:00.000Z,אתיופיה,10,4,14
2021-09-11T00:00:00.000Z,בהמס,1,0,1
2021-09-11T00:00:00.000Z,בולגריה,1,5,6
2021-09-11T00:00:00.000Z,בוסניה הרצגובינה,5,0,5
2021-09-11T00:00:00.000Z,בחריין,0,1,1
2021-09-11T00:00:00.000Z,בלגיה,8,2,10
2021-09-11T00:00:00.000Z,גאורגיה,55,14,69
2021-09-11T00:00:00.000Z,גאנה,1,1,2
2021-09-11T00:00:00.000Z,גווטאמלה,1,0,1
2021-09-11T00:00:00.000Z,גרמניה,314,46,360
2021-09-11T00:00:00.000Z,איחוד האמירויות הערב,82,9,91
2021-09-11T00:00:00.000Z,דרום אפריקה,10,16,26
2021-09-11T00:00:00.000Z,הודו,1,0,1
2021-09-11T00:00:00.000Z,הולנד,124,35,159
2021-09-11T00:00:00.000Z,הונג קונג,1,0,1
2021-09-11T00:00:00.000Z,הונגריה,491,43,534
2021-09-11T00:00:00.000Z,ניו זילנד,0,2,2
2021-09-11T00:00:00.000Z,ניגריה,3,0,3
2021-09-11T00:00:00.000Z,נורבגיה,2,2,4
2021-09-11T00:00:00.000Z,מרוקו,3,1,4
2021-09-11T00:00:00.000Z,מקסיקו,1,3,4
2021-09-11T00:00:00.000Z,מצרים,929,118,1047
2021-09-11T00:00:00.000Z,מלטה,2,0,2
2021-09-11T00:00:00.000Z,מלדיבים,46,6,52
2021-09-11T00:00:00.000Z,מונקו,0,2,2
2021-09-11T00:00:00.000Z,מונטנגרו,5,0,5
2021-09-11T00:00:00.000Z,מאלי,2,0,2
2021-09-11T00:00:00.000Z,מאוריציוס,3,0,3
2021-09-11T00:00:00.000Z,ליטא,12,0,12
2021-09-11T00:00:00.000Z,לטביה,39,6,45
2021-09-11T00:00:00.000Z,לוכסמבורג,1,1,2
2021-09-11T00:00:00.000Z,כלל המדינות,7079,2386,9465
2021-09-11T00:00:00.000Z,ירדן,2,1,3
2021-09-11T00:00:00.000Z,יפן,1,3,4
2021-09-11T00:00:00.000Z,יוון,609,72,681
2021-09-11T00:00:00.000Z,טנזניה,17,1,18
2021-09-11T00:00:00.000Z,טג'יקיסטאן,2,0,2
2021-09-11T00:00:00.000Z,זמביה,2,1,3
2021-09-11T00:00:00.000Z,זאיר,0,1,1
2021-09-11T00:00:00.000Z,הרפ הדומיניקנית,3,0,3
2021-09-11T00:00:00.000Z,הממלכה המאוחדת,152,35,187
2021-09-11T00:00:00.000Z,הונדורס,1,0,1
2021-09-12T00:00:00.000Z,צרפת,544,317,861
2021-09-12T00:00:00.000Z,אירלנד,2,4,6
2021-09-12T00:00:00.000Z,איי סיישל,56,4,60
2021-09-12T00:00:00.000Z,איי טורקס וקייקוס,1,1,2
2021-09-12T00:00:00.000Z,איטליה,545,73,618
2021-09-12T00:00:00.000Z,אזרביג'אן,72,15,87
2021-09-12T00:00:00.000Z,אורגוואי,2,4,6
2021-09-12T00:00:00.000Z,אוקראינה,786,968,1754
2021-09-12T00:00:00.000Z,אוסטרליה,3,15,18
2021-09-12T00:00:00.000Z,אוסטריה,397,44,441
2021-09-12T00:00:00.000Z,אוזבקיסטן,1,0,1
2021-09-12T00:00:00.000Z,נורבגיה,3,1,4
2021-09-12T00:00:00.000Z,איחוד האמירויות הערב,79,20,99
2021-09-12T00:00:00.000Z,ניגריה,1,1,2
2021-09-12T00:00:00.000Z,סוריה,3,1,4
2021-09-12T00:00:00.000Z,סיירה ליאונה,0,1,1
2021-09-12T00:00:00.000Z,סינגפור,2,3,5
2021-09-12T00:00:00.000Z,סלובניה,5,0,5
2021-09-12T00:00:00.000Z,סלובקיה,3,0,3
2021-09-12T00:00:00.000Z,ספרד,68,23,91
2021-09-12T00:00:00.000Z,סרביה,6,5,11
2021-09-12T00:00:00.000Z,סרי לנקה (צילון),1,2,3
2021-09-12T00:00:00.000Z,פולין,152,20,172
2021-09-12T00:00:00.000Z,אלבניה,2,0,2
2021-09-12T00:00:00.000Z,אסטוניה,8,4,12
2021-09-12T00:00:00.000Z,אקואדור,1,0,1
2021-09-12T00:00:00.000Z,ארגנטינה,3,11,14
2021-09-12T00:00:00.000Z,ארמניה,0,2,2
2021-09-12T00:00:00.000Z,ארצות הברית,527,361,888
2021-09-12T00:00:00.000Z,בהמס,2,0,2
2021-09-12T00:00:00.000Z,בולגריה,16,19,35
2021-09-12T00:00:00.000Z,בוסניה הרצגובינה,11,0,11
2021-09-12T00:00:00.000Z,בחריין,1,0,1
2021-09-12T00:00:00.000Z,בילורוסיה,72,43,115
2021-09-12T00:00:00.000Z,בלגיה,44,50,94
2021-09-12T00:00:00.000Z,ברזיל,2,2,4
2021-09-12T00:00:00.000Z,פורטוגל,97,22,119
2021-09-12T00:00:00.000Z,גאורגיה,365,33,398
2021-09-12T00:00:00.000Z,גאנה,1,0,1
2021-09-12T00:00:00.000Z,גווטאמלה,2,0,2
2021-09-12T00:00:00.000Z,גויאנה הצרפתית,1,0,1
2021-09-12T00:00:00.000Z,גרמניה,376,135,511
2021-09-12T00:00:00.000Z,גרנדה,1,0,1
2021-09-12T00:00:00.000Z,דנמרק,55,31,86
2021-09-12T00:00:00.000Z,דרום אפריקה,0,2,2
2021-09-12T00:00:00.000Z,הודו,2,2,4
2021-09-12T00:00:00.000Z,הולנד,164,91,255
2021-09-12T00:00:00.000Z,הונג קונג,0,2,2
2021-09-12T00:00:00.000Z,הונגריה,521,73,594
2021-09-12T00:00:00.000Z,הונדורס,1,0,1
2021-09-12T00:00:00.000Z,הממלכה המאוחדת,316,333,649
2021-09-12T00:00:00.000Z,הרפ הדומיניקנית,8,1,9
2021-09-12T00:00:00.000Z,ונצואלה,0,5,5
2021-09-12T00:00:00.000Z,טנזניה,3,1,4
2021-09-12T00:00:00.000Z,יוון,1228,191,1419
2021-09-12T00:00:00.000Z,יפן,0,2,2
2021-09-12T00:00:00.000Z,ירדן,258,39,297
2021-09-12T00:00:00.000Z,כלל המדינות,9931,6081,16012
2021-09-12T00:00:00.000Z,לבנון,0,2,2
2021-09-12T00:00:00.000Z,לוכסמבורג,0,1,1
2021-09-12T00:00:00.000Z,לטביה,4,0,4
2021-09-12T00:00:00.000Z,ליטא,111,20,131
2021-09-12T00:00:00.000Z,מאלי,2,0,2
2021-09-12T00:00:00.000Z,מוזמביק,2,1,3
2021-09-12T00:00:00.000Z,מולדובה,149,106,255
2021-09-12T00:00:00.000Z,מונטנגרו,1,0,1
2021-09-12T00:00:00.000Z,מלדיבים,56,1,57
2021-09-12T00:00:00.000Z,מלטה,2,0,2
2021-09-12T00:00:00.000Z,מצרים,511,69,580
2021-09-12T00:00:00.000Z,מקאו,1,0,1
2021-09-12T00:00:00.000Z,מקסיקו,0,1,1
2021-09-12T00:00:00.000Z,פיליפינים,2,2,4
2021-09-12T00:00:00.000Z,פנמה,2,1,3
2021-09-12T00:00:00.000Z,פרגוואי,1,0,1
2021-09-12T00:00:00.000Z,פרו,2,0,2
2021-09-12T00:00:00.000Z,צכיה,397,16,413
2021-09-12T00:00:00.000Z,איסלנד,48,0,48
2021-09-12T00:00:00.000Z,קולומביה,2,3,5
2021-09-12T00:00:00.000Z,תורכיה,48,34,82
2021-09-12T00:00:00.000Z,תאילנד,64,198,262
2021-09-12T00:00:00.000Z,שוויץ,351,128,479
2021-09-12T00:00:00.000Z,שוודיה,15,3,18
2021-09-12T00:00:00.000Z,רוסיה,126,157,283
2021-09-12T00:00:00.000Z,רומניה,194,26,220
2021-09-12T00:00:00.000Z,רואנדה,0,2,2
2021-09-12T00:00:00.000Z,קרואטיה,26,5,31
2021-09-12T00:00:00.000Z,קפריסין,274,32,306
2021-09-12T00:00:00.000Z,קנדה,66,35,101
2021-09-12T00:00:00.000Z,קירג'זסטאן,1,1,2
2021-09-12T00:00:00.000Z,קזחסטאן,6,1,7
2021-09-12T00:00:00.000Z,קוריאה הדרומית,2,2,4
2021-09-12T00:00:00.000Z,קוסטה ריקה,18,5,23
2021-09-12T00:00:00.000Z,מרוקו,9,0,9
2021-09-13T00:00:00.000Z,צכיה,440,38,478
2021-09-13T00:00:00.000Z,קובה,0,1,1
2021-09-13T00:00:00.000Z,קולומביה,4,1,5
2021-09-13T00:00:00.000Z,קוסטה ריקה,6,1,7
2021-09-13T00:00:00.000Z,קזחסטאן,5,0,5
2021-09-13T00:00:00.000Z,קירג'זסטאן,1,1,2
2021-09-13T00:00:00.000Z,דרום אפריקה,25,23,48
2021-09-13T00:00:00.000Z,קנדה,95,260,355
2021-09-13T00:00:00.000Z,קניה,4,1,5
2021-09-13T00:00:00.000Z,קפריסין,128,24,152
2021-09-13T00:00:00.000Z,קרואטיה,14,2,16
2021-09-13T00:00:00.000Z,רואנדה,6,0,6
2021-09-13T00:00:00.000Z,רומניה,314,43,357
2021-09-13T00:00:00.000Z,רוסיה,224,151,375
2021-09-13T00:00:00.000Z,דנמרק,7,3,10
2021-09-13T00:00:00.000Z,דומיניקה,1,0,1
2021-09-13T00:00:00.000Z,גרמניה,369,75,444
2021-09-13T00:00:00.000Z,גיברלטר,1,0,1
2021-09-13T00:00:00.000Z,גווטאמלה,6,0,6
2021-09-13T00:00:00.000Z,גאנה,3,0,3
2021-09-13T00:00:00.000Z,גאורגיה,25,11,36
2021-09-13T00:00:00.000Z,ברזיל,5,1,6
2021-09-13T00:00:00.000Z,בלגיה,66,157,223
2021-09-13T00:00:00.000Z,בילורוסיה,0,2,2
2021-09-13T00:00:00.000Z,בוסניה הרצגובינה,11,4,15
2021-09-13T00:00:00.000Z,בולגריה,13,16,29
2021-09-13T00:00:00.000Z,בוטסואנה,2,0,2
2021-09-13T00:00:00.000Z,אתיופיה,20,7,27
2021-09-13T00:00:00.000Z,ארצות הברית,817,1555,2372
2021-09-13T00:00:00.000Z,ארמניה,1,17,18
2021-09-13T00:00:00.000Z,ארגנטינה,0,5,5
2021-09-13T00:00:00.000Z,אסטוניה,2,1,3
2021-09-13T00:00:00.000Z,אל סלבדור,1,0,1
2021-09-13T00:00:00.000Z,אירלנד,3,4,7
2021-09-13T00:00:00.000Z,איסלנד,25,0,25
2021-09-13T00:00:00.000Z,איטליה,341,53,394
2021-09-13T00:00:00.000Z,אזרביג'אן,0,21,21
2021-09-13T00:00:00.000Z,אורגוואי,1,4,5
2021-09-13T00:00:00.000Z,אוקראינה,449,922,1371
2021-09-13T00:00:00.000Z,אוסטרליה,4,2,6
2021-09-13T00:00:00.000Z,אוסטריה,517,76,593
2021-09-13T00:00:00.000Z,אוזבקיסטן,24,45,69
2021-09-13T00:00:00.000Z,אוגנדה,3,4,7
2021-09-13T00:00:00.000Z,פרו,6,0,6
2021-09-13T00:00:00.000Z,פנמה,17,10,27
2021-09-13T00:00:00.000Z,פינלנד,3,0,3
2021-09-13T00:00:00.000Z,צרפת,424,248,672
2021-09-13T00:00:00.000Z,פורטוגל,20,4,24
2021-09-13T00:00:00.000Z,פולין,361,75,436
2021-09-13T00:00:00.000Z,סרי לנקה (צילון),1,1,2
2021-09-13T00:00:00.000Z,סרביה,1,1,2
2021-09-13T00:00:00.000Z,ספרד,65,27,92
2021-09-13T00:00:00.000Z,סלובקיה,56,6,62
2021-09-13T00:00:00.000Z,סוריה,0,5,5
2021-09-13T00:00:00.000Z,נמיביה,2,0,2
2021-09-13T00:00:00.000Z,ניגריה,3,2,5
2021-09-13T00:00:00.000Z,נורבגיה,0,3,3
2021-09-13T00:00:00.000Z,מרוקו,3,0,3
2021-09-13T00:00:00.000Z,מקסיקו,4,14,18
2021-09-13T00:00:00.000Z,מצרים,269,46,315
2021-09-13T00:00:00.000Z,מלטה,1,0,1
2021-09-13T00:00:00.000Z,מלזיה,1,0,1
2021-09-13T00:00:00.000Z,מלדיבים,50,3,53
2021-09-13T00:00:00.000Z,מלאווי,0,1,1
2021-09-13T00:00:00.000Z,מונקו,6,0,6
2021-09-13T00:00:00.000Z,מונטנגרו,66,7,73
2021-09-13T00:00:00.000Z,מוזמביק,2,0,2
2021-09-13T00:00:00.000Z,מאלי,3,0,3
2021-09-13T00:00:00.000Z,ליטא,2,0,2
2021-09-13T00:00:00.000Z,לטביה,1,0,1
2021-09-13T00:00:00.000Z,לוכסמבורג,14,0,14
2021-09-13T00:00:00.000Z,לבנון,0,1,1
2021-09-13T00:00:00.000Z,כלל המדינות,7555,7099,14654
2021-09-13T00:00:00.000Z,ירדן,79,93,172
2021-09-13T00:00:00.000Z,יפן,0,2,2
2021-09-13T00:00:00.000Z,יוון,393,100,493
2021-09-13T00:00:00.000Z,טנזניה,13,1,14
2021-09-13T00:00:00.000Z,חוף השנהב,2,1,3
2021-09-13T00:00:00.000Z,זמביה,3,1,4
2021-09-13T00:00:00.000Z,זימבאבווה,0,1,1
2021-09-13T00:00:00.000Z,הרפ הדומיניקנית,1,0,1
2021-09-13T00:00:00.000Z,הממלכה המאוחדת,310,498,808
2021-09-13T00:00:00.000Z,הונדורס,3,0,3
2021-09-13T00:00:00.000Z,הונגריה,420,56,476
2021-09-13T00:00:00.000Z,הונג קונג,1,1,2
2021-09-13T00:00:00.000Z,רפ מרכז אפריקנית,0,1,1
2021-09-13T00:00:00.000Z,שוודיה,7,1,8
2021-09-13T00:00:00.000Z,שוויץ,165,38,203
2021-09-13T00:00:00.000Z,הולנד,25,11,36
2021-09-13T00:00:00.000Z,הודו,34,78,112
2021-09-13T00:00:00.000Z,תאילנד,1,1,2
2021-09-13T00:00:00.000Z,איחוד האמירויות הערב,78,10,88
2021-09-13T00:00:00.000Z,תורכיה,41,42,83
2021-09-13T00:00:00.000Z,פיליפינים,2,0,2
2021-09-14T00:00:00.000Z,קולומביה,7,9,16
2021-09-14T00:00:00.000Z,קוסטה ריקה,15,6,21
2021-09-14T00:00:00.000Z,קוריאה הדרומית,0,3,3
2021-09-14T00:00:00.000Z,קזחסטאן,1,0,1
2021-09-14T00:00:00.000Z,קטר,1,0,1
2021-09-14T00:00:00.000Z,קירג'זסטאן,0,1,1
2021-09-14T00:00:00.000Z,קנדה,50,102,152
2021-09-14T00:00:00.000Z,קניה,11,0,11
2021-09-14T00:00:00.000Z,קפריסין,173,23,196
2021-09-14T00:00:00.000Z,קרואטיה,10,4,14
2021-09-14T00:00:00.000Z,רואנדה,1,0,1
2021-09-14T00:00:00.000Z,רומניה,197,16,213
2021-09-14T00:00:00.000Z,רוסיה,251,237,488
2021-09-14T00:00:00.000Z,שוודיה,9,3,12
2021-09-14T00:00:00.000Z,שוויץ,137,75,212
2021-09-14T00:00:00.000Z,תוניסיה,0,3,3
2021-09-14T00:00:00.000Z,תורכיה,46,40,86
2021-09-14T00:00:00.000Z,תורכמניסטאן,0,1,1
2021-09-14T00:00:00.000Z,גאורגיה,109,21,130
2021-09-14T00:00:00.000Z,אבחזיסטאן,0,1,1
2021-09-14T00:00:00.000Z,אוגנדה,1,1,2
2021-09-14T00:00:00.000Z,אוזבקיסטן,3,2,5
2021-09-14T00:00:00.000Z,אוסטריה,349,67,416
2021-09-14T00:00:00.000Z,אוסטרליה,1,3,4
2021-09-14T00:00:00.000Z,אוקראינה,340,729,1069
2021-09-14T00:00:00.000Z,אורגוואי,0,3,3
2021-09-14T00:00:00.000Z,אזרביג'אן,11,0,11
2021-09-14T00:00:00.000Z,איטליה,451,77,528
2021-09-14T00:00:00.000Z,איי סיישל,1,0,1
2021-09-14T00:00:00.000Z,איי פאלקלנד,1,0,1
2021-09-14T00:00:00.000Z,איסלנד,57,0,57
2021-09-14T00:00:00.000Z,אירלנד,7,4,11
2021-09-14T00:00:00.000Z,אלבניה,3,0,3
2021-09-14T00:00:00.000Z,אנגולה,1,0,1
2021-09-14T00:00:00.000Z,אנטיגואה וברבודה,0,2,2
2021-09-14T00:00:00.000Z,אסטוניה,5,0,5
2021-09-14T00:00:00.000Z,אקואדור,4,2,6
2021-09-14T00:00:00.000Z,ארגנטינה,0,28,28
2021-09-14T00:00:00.000Z,ארמניה,5,2,7
2021-09-14T00:00:00.000Z,ארצות הברית,760,1352,2112
2021-09-14T00:00:00.000Z,אתיופיה,29,12,41
2021-09-14T00:00:00.000Z,בולגריה,7,1,8
2021-09-14T00:00:00.000Z,בוסניה הרצגובינה,8,1,9
2021-09-14T00:00:00.000Z,בחריין,1,0,1
2021-09-14T00:00:00.000Z,בילורוסיה,111,53,164
2021-09-14T00:00:00.000Z,בלגיה,8,79,87
2021-09-14T00:00:00.000Z,ברזיל,6,2,8
2021-09-14T00:00:00.000Z,איחוד האמירויות הערב,166,16,182
2021-09-14T00:00:00.000Z,גאנה,7,1,8
2021-09-14T00:00:00.000Z,גווטאמלה,2,1,3
2021-09-14T00:00:00.000Z,גרמניה,298,104,402
2021-09-14T00:00:00.000Z,דנמרק,14,3,17
2021-09-14T00:00:00.000Z,דרום אפריקה,11,11,22
2021-09-14T00:00:00.000Z,הודו,3,3,6
2021-09-14T00:00:00.000Z,הולנד,73,71,144
2021-09-14T00:00:00.000Z,הונג קונג,6,7,13
2021-09-14T00:00:00.000Z,הונגריה,481,59,540
2021-09-14T00:00:00.000Z,הממלכה המאוחדת,218,383,601
2021-09-14T00:00:00.000Z,הרפ הדומיניקנית,4,2,6
2021-09-14T00:00:00.000Z,זאיר,2,1,3
2021-09-14T00:00:00.000Z,חוף השנהב,5,0,5
2021-09-14T00:00:00.000Z,טוגו,2,0,2
2021-09-14T00:00:00.000Z,טנזניה,22,1,23
2021-09-14T00:00:00.000Z,יוון,977,129,1106
2021-09-14T00:00:00.000Z,ירדן,82,20,102
2021-09-14T00:00:00.000Z,כלל המדינות,8172,6828,15000
2021-09-14T00:00:00.000Z,לבנון,1,0,1
2021-09-14T00:00:00.000Z,לוכסמבורג,1,0,1
2021-09-14T00:00:00.000Z,לטביה,28,8,36
2021-09-14T00:00:00.000Z,ליטא,8,1,9
2021-09-14T00:00:00.000Z,מאלי,1,1,2
2021-09-14T00:00:00.000Z,מולדובה,63,62,125
2021-09-14T00:00:00.000Z,מונטנגרו,27,5,32
2021-09-14T00:00:00.000Z,מונקו,1,0,1
2021-09-14T00:00:00.000Z,מלדיבים,30,8,38
2021-09-14T00:00:00.000Z,מצרים,492,110,602
2021-09-14T00:00:00.000Z,מקדוניה,1,0,1
2021-09-14T00:00:00.000Z,מקסיקו,7,8,15
2021-09-14T00:00:00.000Z,מרוקו,45,8,53
2021-09-14T00:00:00.000Z,נורבגיה,2,1,3
2021-09-14T00:00:00.000Z,ניגריה,8,0,8
2021-09-14T00:00:00.000Z,סין,1,2,3
2021-09-14T00:00:00.000Z,סלובניה,2,0,2
2021-09-14T00:00:00.000Z,סלובקיה,4,0,4
2021-09-14T00:00:00.000Z,ספרד,113,23,136
2021-09-14T00:00:00.000Z,סרביה,6,1,7
2021-09-14T00:00:00.000Z,סרי לנקה (צילון),6,1,7
2021-09-14T00:00:00.000Z,עירק,1,1,2
2021-09-14T00:00:00.000Z,פולין,170,63,233
2021-09-14T00:00:00.000Z,פורטוגל,17,4,21
2021-09-14T00:00:00.000Z,פיליפינים,0,22,22
2021-09-14T00:00:00.000Z,פינלנד,2,1,3
2021-09-14T00:00:00.000Z,פנמה,17,19,36
2021-09-14T00:00:00.000Z,פרגוואי,0,1,1
2021-09-14T00:00:00.000Z,פרו,10,1,11
2021-09-14T00:00:00.000Z,צכיה,533,41,574
2021-09-14T00:00:00.000Z,צרפת,381,270,651
2021-09-15T00:00:00.000Z,איטליה,208,24,232
2021-09-15T00:00:00.000Z,ארמניה,1,3,4
2021-09-15T00:00:00.000Z,בולגריה,17,6,23
2021-09-15T00:00:00.000Z,בוסניה הרצגובינה,9,1,10
2021-09-15T00:00:00.000Z,בלגיה,58,112,170
2021-09-15T00:00:00.000Z,ברזיל,1,0,1
2021-09-15T00:00:00.000Z,גאורגיה,49,10,59
2021-09-15T00:00:00.000Z,גווטאמלה,1,0,1
2021-09-15T00:00:00.000Z,גמייקה,0,1,1
2021-09-15T00:00:00.000Z,גרמניה,142,42,184
2021-09-15T00:00:00.000Z,דנמרק,10,7,17
2021-09-15T00:00:00.000Z,דרום אפריקה,2,4,6
2021-09-15T00:00:00.000Z,הולנד,70,24,94
2021-09-15T00:00:00.000Z,הונגריה,334,46,380
2021-09-15T00:00:00.000Z,הממלכה המאוחדת,102,181,283
2021-09-15T00:00:00.000Z,חוף השנהב,1,0,1
2021-09-15T00:00:00.000Z,טיוואן,0,1,1
2021-09-15T00:00:00.000Z,יוון,392,55,447
2021-09-15T00:00:00.000Z,ירדן,86,22,108
2021-09-15T00:00:00.000Z,כלל המדינות,5054,3091,8145
2021-09-15T00:00:00.000Z,לטביה,1,0,1
2021-09-15T00:00:00.000Z,מונטנגרו,2,0,2
2021-09-15T00:00:00.000Z,מונקו,2,0,2
2021-09-15T00:00:00.000Z,מלדיבים,35,2,37
2021-09-15T00:00:00.000Z,מצרים,200,47,247
2021-09-15T00:00:00.000Z,מרוקו,6,0,6
2021-09-15T00:00:00.000Z,נורבגיה,2,0,2
2021-09-15T00:00:00.000Z,ניגריה,5,1,6
2021-09-15T00:00:00.000Z,סין,3,0,3
2021-09-15T00:00:00.000Z,אסטוניה,1,0,1
2021-09-15T00:00:00.000Z,אלבניה,4,1,5
2021-09-15T00:00:00.000Z,אל סלבדור,1,0,1
2021-09-15T00:00:00.000Z,אירלנד,1,0,1
2021-09-15T00:00:00.000Z,איסלנד,6,0,6
2021-09-15T00:00:00.000Z,ארצות הברית,784,487,1271
2021-09-15T00:00:00.000Z,אזרביג'אן,5,0,5
2021-09-15T00:00:00.000Z,אוקראינה,380,357,737
2021-09-15T00:00:00.000Z,אוסטרליה,1,5,6
2021-09-15T00:00:00.000Z,אוסטריה,375,68,443
2021-09-15T00:00:00.000Z,אוזבקיסטן,3,0,3
2021-09-15T00:00:00.000Z,סלובקיה,1,0,1
2021-09-15T00:00:00.000Z,איחוד האמירויות הערב,59,12,71
2021-09-15T00:00:00.000Z,תורכיה,28,9,37
2021-09-15T00:00:00.000Z,תאילנד,3,2,5
2021-09-15T00:00:00.000Z,שוויץ,111,39,150
2021-09-15T00:00:00.000Z,שוודיה,8,1,9
2021-09-15T00:00:00.000Z,רוסיה,107,49,156
2021-09-15T00:00:00.000Z,רומניה,270,42,312
2021-09-15T00:00:00.000Z,קרואטיה,13,0,13
2021-09-15T00:00:00.000Z,קפריסין,148,40,188
2021-09-15T00:00:00.000Z,קניה,1,0,1
2021-09-15T00:00:00.000Z,קנדה,43,43,86
2021-09-15T00:00:00.000Z,קזחסטאן,0,4,4
2021-09-15T00:00:00.000Z,קוריאה הדרומית,4,5,9
2021-09-15T00:00:00.000Z,קוסטה ריקה,7,0,7
2021-09-15T00:00:00.000Z,צרפת,236,187,423
2021-09-15T00:00:00.000Z,צכיה,130,15,145
2021-09-15T00:00:00.000Z,פרו,6,0,6
2021-09-15T00:00:00.000Z,פנמה,11,4,15
2021-09-15T00:00:00.000Z,פינלנד,4,0,4
2021-09-15T00:00:00.000Z,פיליפינים,2,3,5
2021-09-15T00:00:00.000Z,פורטוגל,28,2,30
2021-09-15T00:00:00.000Z,פולין,105,16,121
2021-09-15T00:00:00.000Z,סרי לנקה (צילון),1,3,4
2021-09-15T00:00:00.000Z,סרביה,8,1,9
2021-09-15T00:00:00.000Z,ספרד,15,5,20
2021-09-15T00:00:00.000Z,סלובניה,6,0,6
2021-09-16T00:00:00.000Z,כלל המדינות,17,0,17
2021-09-17T00:00:00.000Z,ערב הסעודית,4,0,4
2021-09-17T00:00:00.000Z,סרי לנקה (צילון),2,4,6
2021-09-17T00:00:00.000Z,סרביה,2,1,3
2021-09-17T00:00:00.000Z,ספרד,205,47,252
2021-09-17T00:00:00.000Z,סלובקיה,139,1,140
2021-09-17T00:00:00.000Z,סלובניה,8,1,9
2021-09-17T00:00:00.000Z,סינגפור,1,4,5
2021-09-17T00:00:00.000Z,סין,5,1,6
2021-09-17T00:00:00.000Z,נפאל,0,2,2
2021-09-17T00:00:00.000Z,נורבגיה,3,6,9
2021-09-17T00:00:00.000Z,מרוקו,4,1,5
2021-09-17T00:00:00.000Z,תורכיה,39,86,125
2021-09-17T00:00:00.000Z,תאילנד,83,22,105
2021-09-17T00:00:00.000Z,שוויץ,239,75,314
2021-09-17T00:00:00.000Z,שוודיה,17,13,30
2021-09-17T00:00:00.000Z,רוסיה,222,132,354
2021-09-17T00:00:00.000Z,רומניה,356,56,412
2021-09-17T00:00:00.000Z,קרואטיה,9,6,15
2021-09-17T00:00:00.000Z,קפריסין,264,37,301
2021-09-17T00:00:00.000Z,קניה,2,0,2
2021-09-17T00:00:00.000Z,קנדה,69,35,104
2021-09-17T00:00:00.000Z,קירג'זסטאן,7,4,11
2021-09-17T00:00:00.000Z,קטר,1,0,1
2021-09-17T00:00:00.000Z,קזחסטאן,4,0,4
2021-09-17T00:00:00.000Z,קוריאה הדרומית,4,2,6
2021-09-17T00:00:00.000Z,קוסטה ריקה,7,6,13
2021-09-17T00:00:00.000Z,אל סלבדור,1,0,1
2021-09-17T00:00:00.000Z,איחוד האמירויות הערב,114,22,136
2021-09-17T00:00:00.000Z,קולומביה,5,1,6
2021-09-17T00:00:00.000Z,צרפת,373,173,546
2021-09-17T00:00:00.000Z,צכיה,445,15,460
2021-09-17T00:00:00.000Z,פרו,5,0,5
2021-09-17T00:00:00.000Z,פנמה,10,2,12
2021-09-17T00:00:00.000Z,פינלנד,72,11,83
2021-09-17T00:00:00.000Z,פיליפינים,0,3,3
2021-09-17T00:00:00.000Z,פורטוגל,69,14,83
2021-09-17T00:00:00.000Z,פולין,312,52,364
2021-09-17T00:00:00.000Z,מקסיקו,0,2,2
2021-09-17T00:00:00.000Z,מצרים,1082,179,1261
2021-09-17T00:00:00.000Z,מלטה,1,0,1
2021-09-17T00:00:00.000Z,מלדיבים,39,6,45
2021-09-17T00:00:00.000Z,מונקו,1,0,1
2021-09-17T00:00:00.000Z,מונטנגרו,130,25,155
2021-09-17T00:00:00.000Z,מונגוליה,1,0,1
2021-09-17T00:00:00.000Z,מולדובה,152,60,212
2021-09-17T00:00:00.000Z,אבחזיסטאן,1,0,1
2021-09-17T00:00:00.000Z,אוזבקיסטן,2,1,3
2021-09-17T00:00:00.000Z,אוסטריה,738,131,869
2021-09-17T00:00:00.000Z,אוסטרליה,4,1,5
2021-09-17T00:00:00.000Z,אוקראינה,485,187,672
2021-09-17T00:00:00.000Z,אורגוואי,2,0,2
2021-09-17T00:00:00.000Z,אזרביג'אן,3,1,4
2021-09-17T00:00:00.000Z,איטליה,513,70,583
2021-09-17T00:00:00.000Z,איי סיישל,76,10,86
2021-09-17T00:00:00.000Z,איי פיגי,2,0,2
2021-09-17T00:00:00.000Z,איסלנד,29,1,30
2021-09-17T00:00:00.000Z,אירלנד,12,5,17
2021-09-17T00:00:00.000Z,ליטא,6,0,6
2021-09-17T00:00:00.000Z,אלבניה,5,0,5
2021-09-17T00:00:00.000Z,אנגולה,1,0,1
2021-09-17T00:00:00.000Z,אסטוניה,1,0,1
2021-09-17T00:00:00.000Z,אקואדור,2,2,4
2021-09-17T00:00:00.000Z,ארגנטינה,1,3,4
2021-09-17T00:00:00.000Z,ארמניה,6,1,7
2021-09-17T00:00:00.000Z,ארצות הברית,589,281,870
2021-09-17T00:00:00.000Z,אתיופיה,1,0,1
2021-09-17T00:00:00.000Z,בולגריה,27,13,40
2021-09-17T00:00:00.000Z,בוסניה הרצגובינה,36,3,39
2021-09-17T00:00:00.000Z,בורקינה פאסו,1,0,1
2021-09-17T00:00:00.000Z,בחריין,3,0,3
2021-09-17T00:00:00.000Z,בילורוסיה,73,37,110
2021-09-17T00:00:00.000Z,בלגיה,83,43,126
2021-09-17T00:00:00.000Z,ברזיל,3,1,4
2021-09-17T00:00:00.000Z,גאורגיה,170,21,191
2021-09-17T00:00:00.000Z,גרמניה,400,120,520
2021-09-17T00:00:00.000Z,דנמרק,97,25,122
2021-09-17T00:00:00.000Z,דרום אפריקה,2,0,2
2021-09-17T00:00:00.000Z,הודו,3,2,5
2021-09-17T00:00:00.000Z,הולנד,64,26,90
2021-09-17T00:00:00.000Z,הונגריה,555,56,611
2021-09-17T00:00:00.000Z,הממלכה המאוחדת,259,136,395
2021-09-17T00:00:00.000Z,הרפ הדומיניקנית,3,0,3
2021-09-17T00:00:00.000Z,זאיר,1,0,1
2021-09-17T00:00:00.000Z,טנזניה,4,0,4
2021-09-17T00:00:00.000Z,יוון,1413,205,1618
2021-09-17T00:00:00.000Z,יפן,0,1,1
2021-09-17T00:00:00.000Z,ירדן,9,3,12
2021-09-17T00:00:00.000Z,כלל המדינות,10768,4704,15472
2021-09-17T00:00:00.000Z,לטביה,1,0,1
2021-09-18T00:00:00.000Z,הרפ הדומיניקנית,5,3,8
2021-09-18T00:00:00.000Z,קולומביה,1,0,1
2021-09-18T00:00:00.000Z,שוויץ,93,5,98
2021-09-18T00:00:00.000Z,שוודיה,6,7,13
2021-09-18T00:00:00.000Z,רוסיה,40,17,57
2021-09-18T00:00:00.000Z,רומניה,521,42,563
2021-09-18T00:00:00.000Z,רואנדה,4,1,5
2021-09-18T00:00:00.000Z,קרואטיה,22,0,22
2021-09-18T00:00:00.000Z,קפריסין,319,42,361
2021-09-18T00:00:00.000Z,אזרביג'אן,7,2,9
2021-09-18T00:00:00.000Z,אורגוואי,1,0,1
2021-09-18T00:00:00.000Z,אוקראינה,289,82,371
2021-09-18T00:00:00.000Z,אוסטרליה,1,1,2
2021-09-18T00:00:00.000Z,אוסטריה,520,58,578
2021-09-18T00:00:00.000Z,אוזבקיסטן,5,1,6
2021-09-18T00:00:00.000Z,אוגנדה,2,4,6
2021-09-18T00:00:00.000Z,איטליה,470,47,517
2021-09-18T00:00:00.000Z,איי סיישל,12,5,17
2021-09-18T00:00:00.000Z,איסלנד,90,6,96
2021-09-18T00:00:00.000Z,אירלנד,9,0,9
2021-09-18T00:00:00.000Z,אנגולה,5,0,5
2021-09-18T00:00:00.000Z,אסטוניה,10,4,14
2021-09-18T00:00:00.000Z,ארגנטינה,2,3,5
2021-09-18T00:00:00.000Z,ארצות הברית,823,405,1228
2021-09-18T00:00:00.000Z,אתיופיה,39,12,51
2021-09-18T00:00:00.000Z,בהמס,1,0,1
2021-09-18T00:00:00.000Z,בולגריה,2,1,3
2021-09-18T00:00:00.000Z,בוסניה הרצגובינה,2,0,2
2021-09-18T00:00:00.000Z,בילורוסיה,2,0,2
2021-09-18T00:00:00.000Z,קוסטה ריקה,21,13,34
2021-09-18T00:00:00.000Z,קוריאה הדרומית,1,0,1
2021-09-18T00:00:00.000Z,איחוד האמירויות הערב,142,34,176
2021-09-18T00:00:00.000Z,בלגיה,10,3,13
2021-09-18T00:00:00.000Z,ברזיל,2,1,3
2021-09-18T00:00:00.000Z,גאורגיה,154,19,173
2021-09-18T00:00:00.000Z,גאנה,2,3,5
2021-09-18T00:00:00.000Z,גווטאמלה,1,2,3
2021-09-18T00:00:00.000Z,גויאנה,1,0,1
2021-09-18T00:00:00.000Z,גינאה,1,0,1
2021-09-18T00:00:00.000Z,גרמניה,337,69,406
2021-09-18T00:00:00.000Z,דנמרק,14,0,14
2021-09-18T00:00:00.000Z,דרום אפריקה,6,10,16
2021-09-18T00:00:00.000Z,דרום סודאן,1,0,1
2021-09-18T00:00:00.000Z,הולנד,133,59,192
2021-09-18T00:00:00.000Z,הונגריה,443,26,469
2021-09-18T00:00:00.000Z,הממלכה המאוחדת,339,92,431
2021-09-18T00:00:00.000Z,תורכיה,15,19,34
2021-09-18T00:00:00.000Z,ונצואלה,0,1,1
2021-09-18T00:00:00.000Z,זאיר,1,0,1
2021-09-18T00:00:00.000Z,זימבאבווה,1,1,2
2021-09-18T00:00:00.000Z,זמביה,2,2,4
2021-09-18T00:00:00.000Z,טוגו,3,0,3
2021-09-18T00:00:00.000Z,טנזניה,23,0,23
2021-09-18T00:00:00.000Z,יוון,1102,124,1226
2021-09-18T00:00:00.000Z,ירדן,12,0,12
2021-09-18T00:00:00.000Z,כלל המדינות,9925,3125,13050
2021-09-18T00:00:00.000Z,לבנון,1,0,1
2021-09-18T00:00:00.000Z,לטביה,52,9,61
2021-09-18T00:00:00.000Z,ליטא,8,2,10
2021-09-18T00:00:00.000Z,מאוריציוס,1,0,1
2021-09-18T00:00:00.000Z,מאלי,3,0,3
2021-09-18T00:00:00.000Z,קמרון,0,1,1
2021-09-18T00:00:00.000Z,קנדה,80,43,123
2021-09-18T00:00:00.000Z,קניה,9,0,9
2021-09-18T00:00:00.000Z,מונטנגרו,0,1,1
2021-09-18T00:00:00.000Z,מונקו,1,0,1
2021-09-18T00:00:00.000Z,מלאווי,0,2,2
2021-09-18T00:00:00.000Z,מלדיבים,60,5,65
2021-09-18T00:00:00.000Z,מצרים,1784,270,2054
2021-09-18T00:00:00.000Z,מקסיקו,2,0,2
2021-09-18T00:00:00.000Z,מרוקו,1,2,3
2021-09-18T00:00:00.000Z,נורבגיה,3,0,3
2021-09-18T00:00:00.000Z,ניגריה,7,5,12
2021-09-18T00:00:00.000Z,נמיביה,2,1,3
2021-09-18T00:00:00.000Z,סיירה ליאונה,1,0,1
2021-09-18T00:00:00.000Z,סין,2,0,2
2021-09-18T00:00:00.000Z,סינגפור,2,0,2
2021-09-18T00:00:00.000Z,סלובניה,20,0,20
2021-09-18T00:00:00.000Z,סנגל,4,2,6
2021-09-18T00:00:00.000Z,ספרד,65,10,75
2021-09-18T00:00:00.000Z,סרביה,19,11,30
2021-09-18T00:00:00.000Z,סרי לנקה (צילון),6,2,8
2021-09-18T00:00:00.000Z,ערב הסעודית,1,2,3
2021-09-18T00:00:00.000Z,פולין,210,18,228
2021-09-18T00:00:00.000Z,פורטוגל,29,3,32
2021-09-18T00:00:00.000Z,פיליפינים,4,12,16
2021-09-18T00:00:00.000Z,פינלנד,8,1,9
2021-09-18T00:00:00.000Z,פנמה,3,0,3
2021-09-18T00:00:00.000Z,פרו,11,1,12
2021-09-18T00:00:00.000Z,צכיה,579,19,598
2021-09-18T00:00:00.000Z,צרפת,540,100,640
2021-09-18T00:00:00.000Z,קובה,1,0,1
2021-09-18T00:00:00.000Z,קזחסטאן,0,1,1
2021-09-19T00:00:00.000Z,גווטאמלה,1,1,2
2021-09-19T00:00:00.000Z,גאורגיה,659,76,735
2021-09-19T00:00:00.000Z,ברזיל,10,13,23
2021-09-19T00:00:00.000Z,בנגלדש,1,0,1
2021-09-19T00:00:00.000Z,בלגיה,39,136,175
2021-09-19T00:00:00.000Z,בילורוסיה,120,46,166
2021-09-19T00:00:00.000Z,בחריין,0,1,1
2021-09-19T00:00:00.000Z,בוסניה הרצגובינה,22,8,30
2021-09-19T00:00:00.000Z,בוליביה,4,0,4
2021-09-19T00:00:00.000Z,בולגריה,16,18,34
2021-09-19T00:00:00.000Z,בוטסואנה,1,3,4
2021-09-19T00:00:00.000Z,ארצות הברית,629,1019,1648
2021-09-19T00:00:00.000Z,ארמניה,2,0,2
2021-09-19T00:00:00.000Z,ארגנטינה,10,9,19
2021-09-19T00:00:00.000Z,אקואדור,2,0,2
2021-09-19T00:00:00.000Z,אנטיגואה וברבודה,1,0,1
2021-09-19T00:00:00.000Z,אנגולה,1,0,1
2021-09-19T00:00:00.000Z,אלבניה,4,0,4
2021-09-19T00:00:00.000Z,אירן,0,1,1
2021-09-19T00:00:00.000Z,קפריסין,345,65,410
2021-09-19T00:00:00.000Z,איסלנד,55,2,57
2021-09-19T00:00:00.000Z,אינדונזיה,1,2,3
2021-09-19T00:00:00.000Z,איי פיגי,1,0,1
2021-09-19T00:00:00.000Z,איי סיישל,127,12,139
2021-09-19T00:00:00.000Z,איטליה,775,115,890
2021-09-19T00:00:00.000Z,אזרביג'אן,116,19,135
2021-09-19T00:00:00.000Z,אורגוואי,7,6,13
2021-09-19T00:00:00.000Z,אוקראינה,575,330,905
2021-09-19T00:00:00.000Z,אוסטרליה,5,8,13
2021-09-19T00:00:00.000Z,אוסטריה,729,148,877
2021-09-19T00:00:00.000Z,אוזבקיסטן,7,0,7
2021-09-19T00:00:00.000Z,אוגנדה,1,0,1
2021-09-19T00:00:00.000Z,קרואטיה,16,1,17
2021-09-19T00:00:00.000Z,איחוד האמירויות הערב,175,36,211
2021-09-19T00:00:00.000Z,רומניה,231,38,269
2021-09-19T00:00:00.000Z,רוסיה,186,188,374
2021-09-19T00:00:00.000Z,שוודיה,14,3,17
2021-09-19T00:00:00.000Z,שוויץ,361,173,534
2021-09-19T00:00:00.000Z,תאילנד,3,0,3
2021-09-19T00:00:00.000Z,תוניסיה,0,5,5
2021-09-19T00:00:00.000Z,תורכיה,57,27,84
2021-09-19T00:00:00.000Z,אירלנד,20,9,29
2021-09-19T00:00:00.000Z,מלטה,2,2,4
2021-09-19T00:00:00.000Z,מצרים,912,175,1087
2021-09-19T00:00:00.000Z,מקדוניה,0,1,1
2021-09-19T00:00:00.000Z,מרוקו,18,0,18
2021-09-19T00:00:00.000Z,נורבגיה,1,0,1
2021-09-19T00:00:00.000Z,ניגריה,3,0,3
2021-09-19T00:00:00.000Z,ניקרגואה,1,0,1
2021-09-19T00:00:00.000Z,נפאל,1,0,1
2021-09-19T00:00:00.000Z,סלובניה,1,0,1
2021-09-19T00:00:00.000Z,סלובקיה,1,3,4
2021-09-19T00:00:00.000Z,סנגל,1,0,1
2021-09-19T00:00:00.000Z,ספרד,259,50,309
2021-09-19T00:00:00.000Z,סרביה,8,9,17
2021-09-19T00:00:00.000Z,סרי לנקה (צילון),1,1,2
2021-09-19T00:00:00.000Z,פולין,224,55,279
2021-09-19T00:00:00.000Z,פורטוגל,57,9,66
2021-09-19T00:00:00.000Z,פיליפינים,0,12,12
2021-09-19T00:00:00.000Z,פינלנד,4,7,11
2021-09-19T00:00:00.000Z,פנמה,3,4,7
2021-09-19T00:00:00.000Z,פרו,1,0,1
2021-09-19T00:00:00.000Z,צ'ילה,1,1,2
2021-09-19T00:00:00.000Z,צכיה,577,30,607
2021-09-19T00:00:00.000Z,צרפת,556,645,1201
2021-09-19T00:00:00.000Z,קולומביה,11,2,13
2021-09-19T00:00:00.000Z,קוסובו,1,0,1
2021-09-19T00:00:00.000Z,קוסטה ריקה,9,0,9
2021-09-19T00:00:00.000Z,קוריאה הדרומית,7,1,8
2021-09-19T00:00:00.000Z,קזחסטאן,3,4,7
2021-09-19T00:00:00.000Z,קירג'זסטאן,4,0,4
2021-09-19T00:00:00.000Z,קלדוניה החדשה,1,0,1
2021-09-19T00:00:00.000Z,קנדה,73,108,181
2021-09-19T00:00:00.000Z,מלדיבים,38,5,43
2021-09-19T00:00:00.000Z,מונקו,1,0,1
2021-09-19T00:00:00.000Z,מונטנגרו,160,7,167
2021-09-19T00:00:00.000Z,מולדובה,162,46,208
2021-09-19T00:00:00.000Z,ליטא,116,19,135
2021-09-19T00:00:00.000Z,לטביה,3,0,3
2021-09-19T00:00:00.000Z,לוכסמבורג,1,0,1
2021-09-19T00:00:00.000Z,כלל המדינות,14149,7305,21454
2021-09-19T00:00:00.000Z,ירדן,822,124,946
2021-09-19T00:00:00.000Z,יפן,0,4,4
2021-09-19T00:00:00.000Z,יוון,2158,300,2458
2021-09-19T00:00:00.000Z,ונצואלה,0,1,1
2021-09-19T00:00:00.000Z,הרפ הדומיניקנית,15,1,16
2021-09-19T00:00:00.000Z,הממלכה המאוחדת,298,469,767
2021-09-19T00:00:00.000Z,הונגריה,779,98,877
2021-09-19T00:00:00.000Z,הולנד,163,114,277
2021-09-19T00:00:00.000Z,הודו,11,5,16
2021-09-19T00:00:00.000Z,דרום אפריקה,3,6,9
2021-09-19T00:00:00.000Z,דרום אמריקה,1,0,1
2021-09-19T00:00:00.000Z,דנמרק,104,36,140
2021-09-19T00:00:00.000Z,גרמניה,533,160,693
2021-09-19T00:00:00.000Z,גויאנה הצרפתית,1,1,2
2021-09-19T00:00:00.000Z,גויאנה,4,0,4
2021-09-20T00:00:00.000Z,ספרד,348,29,377
2021-09-20T00:00:00.000Z,סלובקיה,66,9,75
2021-09-20T00:00:00.000Z,סרי לנקה (צילון),1,0,1
2021-09-20T00:00:00.000Z,פאפואה,2,2,4
2021-09-20T00:00:00.000Z,פולין,392,65,457
2021-09-20T00:00:00.000Z,פורטו ריקו,0,1,1
2021-09-20T00:00:00.000Z,פורטוגל,77,29,106
2021-09-20T00:00:00.000Z,פיליפינים,0,2,2
2021-09-20T00:00:00.000Z,פינלנד,10,2,12
2021-09-20T00:00:00.000Z,פנמה,14,9,23
2021-09-20T00:00:00.000Z,פרו,14,2,16
2021-09-20T00:00:00.000Z,צ'ילה,0,4,4
2021-09-20T00:00:00.000Z,צכיה,555,32,587
2021-09-20T00:00:00.000Z,צרפת,638,254,892
2021-09-20T00:00:00.000Z,קולומביה,7,2,9
2021-09-20T00:00:00.000Z,קוסובו,14,1,15
2021-09-20T00:00:00.000Z,קוסטה ריקה,33,15,48
2021-09-20T00:00:00.000Z,קוריאה הדרומית,1,10,11
2021-09-20T00:00:00.000Z,קזחסטאן,6,0,6
2021-09-20T00:00:00.000Z,קירג'זסטאן,2,0,2
2021-09-20T00:00:00.000Z,קמרון,1,0,1
2021-09-20T00:00:00.000Z,קנדה,97,152,249
2021-09-20T00:00:00.000Z,קניה,6,0,6
2021-09-20T00:00:00.000Z,קפריסין,232,63,295
2021-09-20T00:00:00.000Z,קרואטיה,17,3,20
2021-09-20T00:00:00.000Z,רואנדה,0,5,5
2021-09-20T00:00:00.000Z,רומניה,363,49,412
2021-09-20T00:00:00.000Z,רוסיה,331,164,495
2021-09-20T00:00:00.000Z,שוודיה,11,4,15
2021-09-20T00:00:00.000Z,שוויץ,219,79,298
2021-09-20T00:00:00.000Z,תאילנד,123,34,157
2021-09-20T00:00:00.000Z,איחוד האמירויות הערב,135,27,162
2021-09-20T00:00:00.000Z,סינגפור,1,0,1
2021-09-20T00:00:00.000Z,תורכיה,47,27,74
2021-09-20T00:00:00.000Z,סוריה,0,1,1
2021-09-20T00:00:00.000Z,ניגריה,4,1,5
2021-09-20T00:00:00.000Z,נורבגיה,2,2,4
2021-09-20T00:00:00.000Z,מרוקו,83,40,123
2021-09-20T00:00:00.000Z,מקסיקו,0,1,1
2021-09-20T00:00:00.000Z,מצרים,655,169,824
2021-09-20T00:00:00.000Z,מלדיבים,54,7,61
2021-09-20T00:00:00.000Z,מלאווי,1,0,1
2021-09-20T00:00:00.000Z,מונקו,0,1,1
2021-09-20T00:00:00.000Z,מונטנגרו,162,22,184
2021-09-20T00:00:00.000Z,מולדובה,6,0,6
2021-09-20T00:00:00.000Z,מאוריציוס,1,0,1
2021-09-20T00:00:00.000Z,ליטא,14,1,15
2021-09-20T00:00:00.000Z,ליבריה,1,2,3
2021-09-20T00:00:00.000Z,לטביה,7,1,8
2021-09-20T00:00:00.000Z,לוכסמבורג,2,1,3
2021-09-20T00:00:00.000Z,כלל המדינות,13170,6303,19473
2021-09-20T00:00:00.000Z,ירדן,121,32,153
2021-09-20T00:00:00.000Z,יפן,0,1,1
2021-09-20T00:00:00.000Z,יוון,1647,258,1905
2021-09-20T00:00:00.000Z,טנזניה,11,3,14
2021-09-20T00:00:00.000Z,טיוואן,0,1,1
2021-09-20T00:00:00.000Z,טוגו,0,2,2
2021-09-20T00:00:00.000Z,זמביה,1,0,1
2021-09-20T00:00:00.000Z,זאיר,2,1,3
2021-09-20T00:00:00.000Z,הרפ הדומיניקנית,5,0,5
2021-09-20T00:00:00.000Z,הממלכה המאוחדת,434,530,964
2021-09-20T00:00:00.000Z,הונגריה,436,47,483
2021-09-20T00:00:00.000Z,הולנד,36,28,64
2021-09-20T00:00:00.000Z,הודו,33,58,91
2021-09-20T00:00:00.000Z,האנטילים ההולנדים,1,0,1
2021-09-20T00:00:00.000Z,דרום אפריקה,25,38,63
2021-09-20T00:00:00.000Z,דנמרק,9,2,11
2021-09-20T00:00:00.000Z,דומיניקה,1,1,2
2021-09-20T00:00:00.000Z,גרמניה,526,98,624
2021-09-20T00:00:00.000Z,גיברלטר,0,3,3
2021-09-20T00:00:00.000Z,גווטאמלה,8,0,8
2021-09-20T00:00:00.000Z,גאנה,1,1,2
2021-09-20T00:00:00.000Z,גאורגיה,182,30,212
2021-09-20T00:00:00.000Z,ברזיל,20,51,71
2021-09-20T00:00:00.000Z,בלגיה,75,83,158
2021-09-20T00:00:00.000Z,בילורוסיה,1,0,1
2021-09-20T00:00:00.000Z,בוסניה הרצגובינה,21,1,22
2021-09-20T00:00:00.000Z,בולגריה,24,3,27
2021-09-20T00:00:00.000Z,אתיופיה,33,9,42
2021-09-20T00:00:00.000Z,ארצות הברית,1305,1185,2490
2021-09-20T00:00:00.000Z,ארמניה,5,5,10
2021-09-20T00:00:00.000Z,ארגנטינה,1,2,3
2021-09-20T00:00:00.000Z,אקואדור,4,3,7
2021-09-20T00:00:00.000Z,אסטוניה,7,0,7
2021-09-20T00:00:00.000Z,אנטיגואה וברבודה,1,0,1
2021-09-20T00:00:00.000Z,אנגולה,0,1,1
2021-09-20T00:00:00.000Z,אלבניה,3,3,6
2021-09-20T00:00:00.000Z,אירלנד,14,5,19
2021-09-20T00:00:00.000Z,איסלנד,55,1,56
2021-09-20T00:00:00.000Z,איי סיישל,27,4,31
2021-09-20T00:00:00.000Z,איטליה,827,136,963
2021-09-20T00:00:00.000Z,אזרביג'אן,4,1,5
2021-09-20T00:00:00.000Z,אורגוואי,2,0,2
2021-09-20T00:00:00.000Z,אוקראינה,565,257,822
2021-09-20T00:00:00.000Z,אוסטרליה,2,1,3
2021-09-20T00:00:00.000Z,אוסטריה,1091,201,1292
2021-09-20T00:00:00.000Z,סרביה,2,2,4
2021-09-20T00:00:00.000Z,אוזבקיסטן,41,46,87
2021-09-20T00:00:00.000Z,אוגנדה,3,0,3
2021-09-21T00:00:00.000Z,יפן,2,2,4
2021-09-21T00:00:00.000Z,סרביה,11,2,13
2021-09-21T00:00:00.000Z,פאפואה,1,0,1
2021-09-21T00:00:00.000Z,פולין,193,29,222
2021-09-21T00:00:00.000Z,פורטוגל,33,6,39
2021-09-21T00:00:00.000Z,פיליפינים,1,1,2
2021-09-21T00:00:00.000Z,פינלנד,1,0,1
2021-09-21T00:00:00.000Z,פנמה,7,0,7
2021-09-21T00:00:00.000Z,פרו,17,5,22
2021-09-21T00:00:00.000Z,צ'ילה,0,1,1
2021-09-21T00:00:00.000Z,צכיה,464,13,477
2021-09-21T00:00:00.000Z,צרפת,410,73,483
2021-09-21T00:00:00.000Z,קולומביה,7,4,11
2021-09-21T00:00:00.000Z,קוסטה ריקה,21,2,23
2021-09-21T00:00:00.000Z,קוריאה הדרומית,2,1,3
2021-09-21T00:00:00.000Z,קזחסטאן,4,0,4
2021-09-21T00:00:00.000Z,קמרון,0,1,1
2021-09-21T00:00:00.000Z,קנדה,93,36,129
2021-09-21T00:00:00.000Z,קניה,1,0,1
2021-09-21T00:00:00.000Z,קפריסין,139,35,174
2021-09-21T00:00:00.000Z,קרואטיה,15,6,21
2021-09-21T00:00:00.000Z,רואנדה,3,0,3
2021-09-21T00:00:00.000Z,רומניה,269,10,279
2021-09-21T00:00:00.000Z,רוסיה,271,135,406
2021-09-21T00:00:00.000Z,שוודיה,6,5,11
2021-09-21T00:00:00.000Z,שוויץ,193,36,229
2021-09-21T00:00:00.000Z,תאילנד,2,0,2
2021-09-21T00:00:00.000Z,תורכיה,43,30,73
2021-09-21T00:00:00.000Z,ספרד,132,14,146
2021-09-21T00:00:00.000Z,סנגל,1,0,1
2021-09-21T00:00:00.000Z,סלובניה,4,0,4
2021-09-21T00:00:00.000Z,סין,35,35,70
2021-09-21T00:00:00.000Z,ניגריה,2,2,4
2021-09-21T00:00:00.000Z,מרוקו,6,1,7
2021-09-21T00:00:00.000Z,מקסיקו,4,2,6
2021-09-21T00:00:00.000Z,מקדוניה,2,0,2
2021-09-21T00:00:00.000Z,מצרים,981,178,1159
2021-09-21T00:00:00.000Z,מלדיבים,46,8,54
2021-09-21T00:00:00.000Z,מלאווי,0,1,1
2021-09-21T00:00:00.000Z,מונטנגרו,3,0,3
2021-09-21T00:00:00.000Z,מונגוליה,0,1,1
2021-09-21T00:00:00.000Z,מולדובה,97,32,129
2021-09-21T00:00:00.000Z,מאלי,4,0,4
2021-09-21T00:00:00.000Z,ליטא,5,0,5
2021-09-21T00:00:00.000Z,לטביה,79,10,89
2021-09-21T00:00:00.000Z,כלל המדינות,8775,3411,12186
2021-09-21T00:00:00.000Z,ירדן,96,25,121
2021-09-21T00:00:00.000Z,סרי לנקה (צילון),5,2,7
2021-09-21T00:00:00.000Z,יוון,1097,214,1311
2021-09-21T00:00:00.000Z,טנזניה,8,0,8
2021-09-21T00:00:00.000Z,חוף השנהב,1,0,1
2021-09-21T00:00:00.000Z,זימבאבווה,0,1,1
2021-09-21T00:00:00.000Z,הרפ הדומיניקנית,11,1,12
2021-09-21T00:00:00.000Z,הממלכה המאוחדת,210,51,261
2021-09-21T00:00:00.000Z,הונדורס,1,0,1
2021-09-21T00:00:00.000Z,הונגריה,522,75,597
2021-09-21T00:00:00.000Z,הונג קונג,9,20,29
2021-09-21T00:00:00.000Z,הולנד,63,14,77
2021-09-21T00:00:00.000Z,הודו,1,0,1
2021-09-21T00:00:00.000Z,דרום אפריקה,6,2,8
2021-09-21T00:00:00.000Z,דרום אמריקה,2,0,2
2021-09-21T00:00:00.000Z,דנמרק,24,1,25
2021-09-21T00:00:00.000Z,דומיניקה,2,0,2
2021-09-21T00:00:00.000Z,גרמניה,263,41,304
2021-09-21T00:00:00.000Z,גיברלטר,1,0,1
2021-09-21T00:00:00.000Z,גויאנה הצרפתית,2,2,4
2021-09-21T00:00:00.000Z,גווטאמלה,6,0,6
2021-09-21T00:00:00.000Z,גאורגיה,280,20,300
2021-09-21T00:00:00.000Z,ברזיל,7,0,7
2021-09-21T00:00:00.000Z,בנין (דהומי),1,0,1
2021-09-21T00:00:00.000Z,בלגיה,15,2,17
2021-09-21T00:00:00.000Z,בוסניה הרצגובינה,37,0,37
2021-09-21T00:00:00.000Z,בולגריה,2,0,2
2021-09-21T00:00:00.000Z,אתיופיה,15,8,23
2021-09-21T00:00:00.000Z,ארצות הברית,787,260,1047
2021-09-21T00:00:00.000Z,ארמניה,8,2,10
2021-09-21T00:00:00.000Z,ארגנטינה,8,32,40
2021-09-21T00:00:00.000Z,אסטוניה,9,1,10
2021-09-21T00:00:00.000Z,אנגולה,1,0,1
2021-09-21T00:00:00.000Z,אלבניה,2,0,2
2021-09-21T00:00:00.000Z,אל סלבדור,0,1,1
2021-09-21T00:00:00.000Z,אירלנד,11,1,12
2021-09-21T00:00:00.000Z,איסלנד,67,0,67
2021-09-21T00:00:00.000Z,איי סיישל,125,30,155
2021-09-21T00:00:00.000Z,איטליה,419,71,490
2021-09-21T00:00:00.000Z,אזרביג'אן,13,1,14
2021-09-21T00:00:00.000Z,אורגוואי,11,0,11
2021-09-21T00:00:00.000Z,אוקראינה,260,52,312
2021-09-21T00:00:00.000Z,אוסטרליה,3,2,5
2021-09-21T00:00:00.000Z,אוסטריה,405,72,477
2021-09-21T00:00:00.000Z,אוזבקיסטן,4,0,4
2021-09-21T00:00:00.000Z,אוגנדה,5,0,5
2021-09-21T00:00:00.000Z,איחוד האמירויות הערב,92,15,107
2021-09-21T00:00:00.000Z,סלובקיה,0,2,2
2021-09-22T00:00:00.000Z,סין,1,0,1
2021-09-22T00:00:00.000Z,סלובניה,10,3,13
2021-09-22T00:00:00.000Z,סלובקיה,106,8,114
2021-09-22T00:00:00.000Z,סנגל,2,0,2
2021-09-22T00:00:00.000Z,ספרד,260,20,280
2021-09-22T00:00:00.000Z,סרביה,72,21,93
2021-09-22T00:00:00.000Z,סרי לנקה (צילון),14,1,15
2021-09-22T00:00:00.000Z,פולין,193,29,222
2021-09-22T00:00:00.000Z,פורטוגל,76,25,101
2021-09-22T00:00:00.000Z,פיליפינים,2,2,4
2021-09-22T00:00:00.000Z,פינלנד,55,14,69
2021-09-22T00:00:00.000Z,פנמה,7,4,11
2021-09-22T00:00:00.000Z,פרו,8,2,10
2021-09-22T00:00:00.000Z,צכיה,634,21,655
2021-09-22T00:00:00.000Z,צרפת,686,149,835
2021-09-22T00:00:00.000Z,קוסטה ריקה,33,6,39
2021-09-22T00:00:00.000Z,קוריאה הדרומית,0,5,5
2021-09-22T00:00:00.000Z,קזחסטאן,0,2,2
2021-09-22T00:00:00.000Z,קמרון,0,1,1
2021-09-22T00:00:00.000Z,קנדה,106,51,157
2021-09-22T00:00:00.000Z,קניה,5,3,8
2021-09-22T00:00:00.000Z,קפריסין,420,93,513
2021-09-22T00:00:00.000Z,קרואטיה,28,10,38
2021-09-22T00:00:00.000Z,רומניה,555,88,643
2021-09-22T00:00:00.000Z,רוסיה,198,138,336
2021-09-22T00:00:00.000Z,שוודיה,9,2,11
2021-09-22T00:00:00.000Z,שוויץ,278,42,320
2021-09-22T00:00:00.000Z,תאילנד,6,7,13
2021-09-22T00:00:00.000Z,תורכיה,40,15,55
2021-09-22T00:00:00.000Z,איחוד האמירויות הערב,187,43,230
2021-09-22T00:00:00.000Z,אוגנדה,5,0,5
2021-09-22T00:00:00.000Z,אוזבקיסטן,2,2,4
2021-09-22T00:00:00.000Z,אוסטריה,470,77,547
2021-09-22T00:00:00.000Z,אוסטרליה,2,5,7
2021-09-22T00:00:00.000Z,אוקראינה,544,197,741
2021-09-22T00:00:00.000Z,אורגוואי,3,0,3
2021-09-22T00:00:00.000Z,אזרביג'אן,11,1,12
2021-09-22T00:00:00.000Z,איטליה,552,55,607
2021-09-22T00:00:00.000Z,איי סיישל,102,20,122
2021-09-22T00:00:00.000Z,איסלנד,16,0,16
2021-09-22T00:00:00.000Z,אירלנד,9,0,9
2021-09-22T00:00:00.000Z,אלבניה,9,2,11
2021-09-22T00:00:00.000Z,אנגולה,8,0,8
2021-09-22T00:00:00.000Z,אסטוניה,5,2,7
2021-09-22T00:00:00.000Z,אקואדור,7,0,7
2021-09-22T00:00:00.000Z,ארמניה,1,2,3
2021-09-22T00:00:00.000Z,ארצות הברית,1291,354,1645
2021-09-22T00:00:00.000Z,אתיופיה,11,31,42
2021-09-22T00:00:00.000Z,בוטסואנה,0,35,35
2021-09-22T00:00:00.000Z,בולגריה,32,9,41
2021-09-22T00:00:00.000Z,בוסניה הרצגובינה,15,3,18
2021-09-22T00:00:00.000Z,בורונדי,1,0,1
2021-09-22T00:00:00.000Z,בילורוסיה,122,48,170
2021-09-22T00:00:00.000Z,בלגיה,7,0,7
2021-09-22T00:00:00.000Z,ברזיל,0,2,2
2021-09-22T00:00:00.000Z,גאורגיה,337,61,398
2021-09-22T00:00:00.000Z,גאנה,2,0,2
2021-09-22T00:00:00.000Z,גווטאמלה,4,0,4
2021-09-22T00:00:00.000Z,גמביה,1,0,1
2021-09-22T00:00:00.000Z,גמייקה,2,0,2
2021-09-22T00:00:00.000Z,גרמניה,492,95,587
2021-09-22T00:00:00.000Z,דומיניקה,2,0,2
2021-09-22T00:00:00.000Z,דנמרק,19,4,23
2021-09-22T00:00:00.000Z,דרום אפריקה,21,10,31
2021-09-22T00:00:00.000Z,האנטילים ההולנדים,1,0,1
2021-09-22T00:00:00.000Z,הודו,4,1,5
2021-09-22T00:00:00.000Z,הולנד,88,24,112
2021-09-22T00:00:00.000Z,הונג קונג,0,1,1
2021-09-22T00:00:00.000Z,הונגריה,576,91,667
2021-09-22T00:00:00.000Z,הממלכה המאוחדת,540,114,654
2021-09-22T00:00:00.000Z,הרפ הדומיניקנית,11,0,11
2021-09-22T00:00:00.000Z,ויטנאם,0,3,3
2021-09-22T00:00:00.000Z,ונצואלה,0,1,1
2021-09-22T00:00:00.000Z,זימבאבווה,2,1,3
2021-09-22T00:00:00.000Z,טנזניה,15,2,17
2021-09-22T00:00:00.000Z,יוון,1608,261,1869
2021-09-22T00:00:00.000Z,יפן,1,1,2
2021-09-22T00:00:00.000Z,ירדן,245,30,275
2021-09-22T00:00:00.000Z,כלל המדינות,12869,4606,17475
2021-09-22T00:00:00.000Z,לוכסמבורג,1,0,1
2021-09-22T00:00:00.000Z,לטביה,0,1,1
2021-09-22T00:00:00.000Z,ליבריה,2,0,2
2021-09-22T00:00:00.000Z,מאוריציוס,1,3,4
2021-09-22T00:00:00.000Z,מוזמביק,2,0,2
2021-09-22T00:00:00.000Z,מונטנגרו,153,16,169
2021-09-22T00:00:00.000Z,מלדיבים,60,15,75
2021-09-22T00:00:00.000Z,מצרים,963,213,1176
2021-09-22T00:00:00.000Z,מקדוניה,1,1,2
2021-09-22T00:00:00.000Z,מקסיקו,3,2,5
2021-09-22T00:00:00.000Z,מרוקו,13,5,18
2021-09-22T00:00:00.000Z,נורבגיה,3,2,5
2021-09-22T00:00:00.000Z,ניגריה,0,1,1
2021-09-22T00:00:00.000Z,ניקרגואה,2,0,2
2021-09-22T00:00:00.000Z,סוריה,1,2,3
2021-09-23T00:00:00.000Z,אוגנדה,2,0,2
2021-09-23T00:00:00.000Z,הונגריה,830,103,933
2021-09-23T00:00:00.000Z,הודו,3,0,3
2021-09-23T00:00:00.000Z,דרום אפריקה,28,10,38
2021-09-23T00:00:00.000Z,דנמרק,134,35,169
2021-09-23T00:00:00.000Z,גרמניה,443,76,519
2021-09-23T00:00:00.000Z,גויאנה הצרפתית,2,0,2
2021-09-23T00:00:00.000Z,גווטאמלה,13,3,16
2021-09-23T00:00:00.000Z,גבון,2,0,2
2021-09-23T00:00:00.000Z,גאנה,2,0,2
2021-09-23T00:00:00.000Z,גאורגיה,680,53,733
2021-09-23T00:00:00.000Z,ברזיל,4,1,5
2021-09-23T00:00:00.000Z,בלגיה,97,58,155
2021-09-23T00:00:00.000Z,בילורוסיה,116,64,180
2021-09-23T00:00:00.000Z,בוסניה הרצגובינה,2,0,2
2021-09-23T00:00:00.000Z,בולגריה,3,0,3
2021-09-23T00:00:00.000Z,אתיופיה,36,8,44
2021-09-23T00:00:00.000Z,ארצות הברית,1740,742,2482
2021-09-23T00:00:00.000Z,ארמניה,132,15,147
2021-09-23T00:00:00.000Z,ארגנטינה,4,11,15
2021-09-23T00:00:00.000Z,אסטוניה,1,0,1
2021-09-23T00:00:00.000Z,אלבניה,5,1,6
2021-09-23T00:00:00.000Z,אל סלבדור,2,0,2
2021-09-23T00:00:00.000Z,אירלנד,9,2,11
2021-09-23T00:00:00.000Z,איסלנד,116,2,118
2021-09-23T00:00:00.000Z,איי סיישל,10,0,10
2021-09-23T00:00:00.000Z,איטליה,1038,158,1196
2021-09-23T00:00:00.000Z,אזרביג'אן,133,7,140
2021-09-23T00:00:00.000Z,הונדורס,2,0,2
2021-09-23T00:00:00.000Z,הממלכה המאוחדת,460,220,680
2021-09-23T00:00:00.000Z,הרפ הדומיניקנית,14,2,16
2021-09-23T00:00:00.000Z,חוף השנהב,3,0,3
2021-09-23T00:00:00.000Z,טג'יקיסטאן,3,0,3
2021-09-23T00:00:00.000Z,טנזניה,29,5,34
2021-09-23T00:00:00.000Z,יוון,2185,377,2562
2021-09-23T00:00:00.000Z,יפן,1,2,3
2021-09-23T00:00:00.000Z,ירדן,508,78,586
2021-09-23T00:00:00.000Z,כלל המדינות,15405,5843,21248
2021-09-23T00:00:00.000Z,לבנון,0,1,1
2021-09-23T00:00:00.000Z,ליטא,141,23,164
2021-09-23T00:00:00.000Z,מולדובה,133,35,168
2021-09-23T00:00:00.000Z,מונטנגרו,1,0,1
2021-09-23T00:00:00.000Z,מלדיבים,53,18,71
2021-09-23T00:00:00.000Z,מצרים,1015,222,1237
2021-09-23T00:00:00.000Z,מקדוניה,4,0,4
2021-09-23T00:00:00.000Z,מקסיקו,1,0,1
2021-09-23T00:00:00.000Z,מרוקו,10,1,11
2021-09-23T00:00:00.000Z,נורבגיה,1,2,3
2021-09-23T00:00:00.000Z,ניגריה,4,1,5
2021-09-23T00:00:00.000Z,נמיביה,2,0,2
2021-09-23T00:00:00.000Z,סוריה,4,1,5
2021-09-23T00:00:00.000Z,סין,0,4,4
2021-09-23T00:00:00.000Z,סינגפור,0,1,1
2021-09-23T00:00:00.000Z,סלובקיה,2,0,2
2021-09-23T00:00:00.000Z,ספרד,389,70,459
2021-09-23T00:00:00.000Z,סרביה,5,4,9
2021-09-23T00:00:00.000Z,סרי לנקה (צילון),4,0,4
2021-09-23T00:00:00.000Z,פולין,259,31,290
2021-09-23T00:00:00.000Z,פורטוגל,85,18,103
2021-09-23T00:00:00.000Z,פינלנד,5,0,5
2021-09-23T00:00:00.000Z,פנמה,24,2,26
2021-09-23T00:00:00.000Z,פרו,25,10,35
2021-09-23T00:00:00.000Z,צ'ילה,3,0,3
2021-09-23T00:00:00.000Z,צכיה,459,32,491
2021-09-23T00:00:00.000Z,צרפת,753,316,1069
2021-09-23T00:00:00.000Z,קולומביה,15,1,16
2021-09-23T00:00:00.000Z,קוסטה ריקה,24,6,30
2021-09-23T00:00:00.000Z,קזחסטאן,0,1,1
2021-09-23T00:00:00.000Z,קטר,1,0,1
2021-09-23T00:00:00.000Z,קירג'זסטאן,3,1,4
2021-09-23T00:00:00.000Z,קנדה,108,41,149
2021-09-23T00:00:00.000Z,קניה,8,2,10
2021-09-23T00:00:00.000Z,קפריסין,416,99,515
2021-09-23T00:00:00.000Z,קרואטיה,2,0,2
2021-09-23T00:00:00.000Z,רומניה,167,33,200
2021-09-23T00:00:00.000Z,רוסיה,227,176,403
2021-09-23T00:00:00.000Z,שוודיה,17,15,32
2021-09-23T00:00:00.000Z,שוויץ,220,61,281
2021-09-23T00:00:00.000Z,תורכיה,33,22,55
2021-09-23T00:00:00.000Z,תורכמניסטאן,0,1,1
2021-09-23T00:00:00.000Z,איחוד האמירויות הערב,192,30,222
2021-09-23T00:00:00.000Z,הולנד,173,60,233
2021-09-23T00:00:00.000Z,אורגוואי,2,2,4
2021-09-23T00:00:00.000Z,אוקראינה,493,151,644
2021-09-23T00:00:00.000Z,אוסטרליה,3,0,3
2021-09-23T00:00:00.000Z,אוסטריה,475,84,559
2021-09-23T00:00:00.000Z,אוזבקיסטן,9,6,15
2021-09-24T00:00:00.000Z,יוון,1702,270,1972
2021-09-24T00:00:00.000Z,איחוד האמירויות הערב,227,25,252
2021-09-24T00:00:00.000Z,תורכיה,57,36,93
2021-09-24T00:00:00.000Z,תוניסיה,1,0,1
2021-09-24T00:00:00.000Z,תאילנד,208,62,270
2021-09-24T00:00:00.000Z,שוויץ,354,53,407
2021-09-24T00:00:00.000Z,אוזבקיסטן,5,2,7
2021-09-24T00:00:00.000Z,אוסטריה,1245,142,1387
2021-09-24T00:00:00.000Z,אוסטרליה,5,1,6
2021-09-24T00:00:00.000Z,אוקראינה,581,180,761
2021-09-24T00:00:00.000Z,אורגוואי,1,1,2
2021-09-24T00:00:00.000Z,אזרביג'אן,7,0,7
2021-09-24T00:00:00.000Z,איטליה,607,63,670
2021-09-24T00:00:00.000Z,איי סיישל,2,0,2
2021-09-24T00:00:00.000Z,איסלנד,7,0,7
2021-09-24T00:00:00.000Z,אירלנד,12,1,13
2021-09-24T00:00:00.000Z,אלבניה,5,1,6
2021-09-24T00:00:00.000Z,אסטוניה,4,0,4
2021-09-24T00:00:00.000Z,אקואדור,6,1,7
2021-09-24T00:00:00.000Z,ארגנטינה,18,11,29
2021-09-24T00:00:00.000Z,ארמניה,6,0,6
2021-09-24T00:00:00.000Z,ארצות הברית,1842,603,2445
2021-09-24T00:00:00.000Z,אתיופיה,2,0,2
2021-09-24T00:00:00.000Z,בולגריה,32,7,39
2021-09-24T00:00:00.000Z,בוסניה הרצגובינה,68,9,77
2021-09-24T00:00:00.000Z,בילורוסיה,92,30,122
2021-09-24T00:00:00.000Z,בלגיה,24,5,29
2021-09-24T00:00:00.000Z,ברזיל,1,6,7
2021-09-24T00:00:00.000Z,גאורגיה,179,27,206
2021-09-24T00:00:00.000Z,גווטאמלה,8,0,8
2021-09-24T00:00:00.000Z,גיברלטר,4,4,8
2021-09-24T00:00:00.000Z,גרמניה,552,74,626
2021-09-24T00:00:00.000Z,דומיניקה,2,0,2
2021-09-24T00:00:00.000Z,דנמרק,8,2,10
2021-09-24T00:00:00.000Z,דרום אפריקה,1,3,4
2021-09-24T00:00:00.000Z,הודו,6,3,9
2021-09-24T00:00:00.000Z,הולנד,94,21,115
2021-09-24T00:00:00.000Z,הונגריה,483,38,521
2021-09-24T00:00:00.000Z,הממלכה המאוחדת,351,137,488
2021-09-24T00:00:00.000Z,הרפ הדומיניקנית,22,2,24
2021-09-24T00:00:00.000Z,ונצואלה,0,1,1
2021-09-24T00:00:00.000Z,זאיר,1,0,1
2021-09-24T00:00:00.000Z,טנזניה,3,1,4
2021-09-24T00:00:00.000Z,תורכמניסטאן,1,0,1
2021-09-24T00:00:00.000Z,ירדן,2,5,7
2021-09-24T00:00:00.000Z,כלל המדינות,15391,4483,19874
2021-09-24T00:00:00.000Z,לוכסמבורג,1,0,1
2021-09-24T00:00:00.000Z,לטביה,2,0,2
2021-09-24T00:00:00.000Z,ליטא,6,0,6
2021-09-24T00:00:00.000Z,מולדובה,101,25,126
2021-09-24T00:00:00.000Z,מונטנגרו,323,30,353
2021-09-24T00:00:00.000Z,מלדיבים,42,7,49
2021-09-24T00:00:00.000Z,מצרים,1285,236,1521
2021-09-24T00:00:00.000Z,מקדוניה,1,0,1
2021-09-24T00:00:00.000Z,מרוקו,14,0,14
2021-09-24T00:00:00.000Z,נורבגיה,3,0,3
2021-09-24T00:00:00.000Z,ניגריה,1,1,2
2021-09-24T00:00:00.000Z,נפאל,2,1,3
2021-09-24T00:00:00.000Z,סין,2,0,2
2021-09-24T00:00:00.000Z,סינגפור,3,4,7
2021-09-24T00:00:00.000Z,סלובקיה,192,9,201
2021-09-24T00:00:00.000Z,ספרד,515,58,573
2021-09-24T00:00:00.000Z,סרביה,8,2,10
2021-09-24T00:00:00.000Z,סרי לנקה (צילון),5,0,5
2021-09-24T00:00:00.000Z,ערב הסעודית,1,1,2
2021-09-24T00:00:00.000Z,פולין,363,44,407
2021-09-24T00:00:00.000Z,פורטוגל,24,3,27
2021-09-24T00:00:00.000Z,פיליפינים,2,1,3
2021-09-24T00:00:00.000Z,פינלנד,103,13,116
2021-09-24T00:00:00.000Z,פנמה,12,0,12
2021-09-24T00:00:00.000Z,פרו,11,1,12
2021-09-24T00:00:00.000Z,צכיה,929,44,973
2021-09-24T00:00:00.000Z,צרפת,514,146,660
2021-09-24T00:00:00.000Z,קובה,1,0,1
2021-09-24T00:00:00.000Z,קולומביה,7,6,13
2021-09-24T00:00:00.000Z,קוסובו,1,0,1
2021-09-24T00:00:00.000Z,קוסטה ריקה,83,9,92
2021-09-24T00:00:00.000Z,קזחסטאן,13,0,13
2021-09-24T00:00:00.000Z,קטר,4,0,4
2021-09-24T00:00:00.000Z,קירג'זסטאן,3,0,3
2021-09-24T00:00:00.000Z,קנדה,112,71,183
2021-09-24T00:00:00.000Z,קניה,2,0,2
2021-09-24T00:00:00.000Z,קפריסין,433,86,519
2021-09-24T00:00:00.000Z,קרואטיה,38,9,47
2021-09-24T00:00:00.000Z,רומניה,413,45,458
2021-09-24T00:00:00.000Z,רוסיה,358,161,519
2021-09-24T00:00:00.000Z,שוודיה,10,1,11
2021-09-25T00:00:00.000Z,צרפת,593,92,685
2021-09-25T00:00:00.000Z,קולומביה,7,1,8
2021-09-25T00:00:00.000Z,קוסטה ריקה,12,0,12
2021-09-25T00:00:00.000Z,קוריאה הדרומית,1,5,6
2021-09-25T00:00:00.000Z,קזחסטאן,1,0,1
2021-09-25T00:00:00.000Z,קירג'זסטאן,3,0,3
2021-09-25T00:00:00.000Z,קנדה,126,58,184
2021-09-25T00:00:00.000Z,קניה,16,1,17
2021-09-25T00:00:00.000Z,קפריסין,349,77,426
2021-09-25T00:00:00.000Z,קרואטיה,34,4,38
2021-09-25T00:00:00.000Z,רואנדה,1,1,2
2021-09-25T00:00:00.000Z,רומניה,585,78,663
2021-09-25T00:00:00.000Z,רוסיה,44,20,64
2021-09-25T00:00:00.000Z,שוודיה,2,4,6
2021-09-25T00:00:00.000Z,שוויץ,166,15,181
2021-09-25T00:00:00.000Z,תאילנד,3,3,6
2021-09-25T00:00:00.000Z,תורכיה,96,31,127
2021-09-25T00:00:00.000Z,תורכמניסטאן,0,1,1
2021-09-25T00:00:00.000Z,איחוד האמירויות הערב,299,24,323
2021-09-25T00:00:00.000Z,אבחזיסטאן,1,0,1
2021-09-25T00:00:00.000Z,אוגנדה,4,1,5
2021-09-25T00:00:00.000Z,אוזבקיסטן,7,3,10
2021-09-25T00:00:00.000Z,אוסטריה,538,71,609
2021-09-25T00:00:00.000Z,אוסטרליה,2,1,3
2021-09-25T00:00:00.000Z,אוקראינה,283,76,359
2021-09-25T00:00:00.000Z,אזרביג'אן,5,1,6
2021-09-25T00:00:00.000Z,איטליה,717,77,794
2021-09-25T00:00:00.000Z,איי סיישל,18,4,22
2021-09-25T00:00:00.000Z,אינדונזיה,0,1,1
2021-09-25T00:00:00.000Z,איסלנד,80,1,81
2021-09-25T00:00:00.000Z,אירלנד,9,0,9
2021-09-25T00:00:00.000Z,אל סלבדור,2,0,2
2021-09-25T00:00:00.000Z,אלבניה,4,0,4
2021-09-25T00:00:00.000Z,אנגולה,3,0,3
2021-09-25T00:00:00.000Z,אנדורה,1,0,1
2021-09-25T00:00:00.000Z,אסטוניה,3,1,4
2021-09-25T00:00:00.000Z,אקואדור,2,0,2
2021-09-25T00:00:00.000Z,ארמניה,4,0,4
2021-09-25T00:00:00.000Z,ארצות הברית,1548,433,1981
2021-09-25T00:00:00.000Z,אתיופיה,43,5,48
2021-09-25T00:00:00.000Z,בוטסואנה,1,0,1
2021-09-25T00:00:00.000Z,בוסניה הרצגובינה,2,0,2
2021-09-25T00:00:00.000Z,בחריין,2,1,3
2021-09-25T00:00:00.000Z,בלגיה,8,0,8
2021-09-25T00:00:00.000Z,גאורגיה,368,36,404
2021-09-25T00:00:00.000Z,גאנה,6,0,6
2021-09-25T00:00:00.000Z,גווטאמלה,3,1,4
2021-09-25T00:00:00.000Z,גינאה המשוונית,2,1,3
2021-09-25T00:00:00.000Z,גמייקה,3,0,3
2021-09-25T00:00:00.000Z,גרמניה,449,71,520
2021-09-25T00:00:00.000Z,דנמרק,21,3,24
2021-09-25T00:00:00.000Z,דרום אמריקה,1,0,1
2021-09-25T00:00:00.000Z,דרום אפריקה,42,17,59
2021-09-25T00:00:00.000Z,הודו,8,1,9
2021-09-25T00:00:00.000Z,הולנד,149,36,185
2021-09-25T00:00:00.000Z,הונגריה,289,40,329
2021-09-25T00:00:00.000Z,הונדורס,3,0,3
2021-09-25T00:00:00.000Z,הממלכה המאוחדת,474,77,551
2021-09-25T00:00:00.000Z,הרפ הדומיניקנית,24,0,24
2021-09-25T00:00:00.000Z,זמביה,1,0,1
2021-09-25T00:00:00.000Z,חוף השנהב,1,0,1
2021-09-25T00:00:00.000Z,טג'יקיסטאן,1,0,1
2021-09-25T00:00:00.000Z,טוגו,1,0,1
2021-09-25T00:00:00.000Z,טיוואן,0,1,1
2021-09-25T00:00:00.000Z,טנזניה,32,2,34
2021-09-25T00:00:00.000Z,יוון,1756,206,1962
2021-09-25T00:00:00.000Z,יפן,2,2,4
2021-09-25T00:00:00.000Z,ירדן,3,4,7
2021-09-25T00:00:00.000Z,כלל המדינות,12927,3375,16302
2021-09-25T00:00:00.000Z,לטביה,93,11,104
2021-09-25T00:00:00.000Z,ליטא,7,0,7
2021-09-25T00:00:00.000Z,מאלי,4,0,4
2021-09-25T00:00:00.000Z,מוזמביק,3,0,3
2021-09-25T00:00:00.000Z,מונטנגרו,2,0,2
2021-09-25T00:00:00.000Z,מלדיבים,73,4,77
2021-09-25T00:00:00.000Z,מצרים,2031,269,2300
2021-09-25T00:00:00.000Z,מקאו,1,0,1
2021-09-25T00:00:00.000Z,מקדוניה,1,0,1
2021-09-25T00:00:00.000Z,מרוקו,1,0,1
2021-09-25T00:00:00.000Z,נורבגיה,0,3,3
2021-09-25T00:00:00.000Z,ניגריה,3,3,6
2021-09-25T00:00:00.000Z,ניו זילנד,0,1,1
2021-09-25T00:00:00.000Z,נמיביה,3,0,3
2021-09-25T00:00:00.000Z,נפאל,2,0,2
2021-09-25T00:00:00.000Z,סט. לוציה,1,0,1
2021-09-25T00:00:00.000Z,סינגפור,0,7,7
2021-09-25T00:00:00.000Z,סלובניה,14,1,15
2021-09-25T00:00:00.000Z,סנגל,0,1,1
2021-09-25T00:00:00.000Z,ספרד,131,7,138
2021-09-25T00:00:00.000Z,סרביה,7,1,8
2021-09-25T00:00:00.000Z,סרי לנקה (צילון),5,1,6
2021-09-25T00:00:00.000Z,פולין,243,20,263
2021-09-25T00:00:00.000Z,פולינזיה הצרפתית,1,0,1
2021-09-25T00:00:00.000Z,פורטוגל,36,5,41
2021-09-25T00:00:00.000Z,פינלנד,4,0,4
2021-09-25T00:00:00.000Z,פנמה,14,0,14
2021-09-25T00:00:00.000Z,פרגוואי,2,0,2
2021-09-25T00:00:00.000Z,פרו,12,0,12
2021-09-25T00:00:00.000Z,צכיה,695,32,727
2021-09-26T00:00:00.000Z,מונטנגרו,190,5,195
2021-09-26T00:00:00.000Z,חוף השנהב,4,0,4
2021-09-26T00:00:00.000Z,תורכיה,90,30,120
2021-09-26T00:00:00.000Z,תוניסיה,1,5,6
2021-09-26T00:00:00.000Z,תאילנד,2,2,4
2021-09-26T00:00:00.000Z,שוויץ,599,120,719
2021-09-26T00:00:00.000Z,שוודיה,10,9,19
2021-09-26T00:00:00.000Z,רוסיה,263,149,412
2021-09-26T00:00:00.000Z,רומניה,330,13,343
2021-09-26T00:00:00.000Z,ראוניון,1,0,1
2021-09-26T00:00:00.000Z,קרואטיה,38,2,40
2021-09-26T00:00:00.000Z,איחוד האמירויות הערב,416,64,480
2021-09-26T00:00:00.000Z,קפריסין,1347,150,1497
2021-09-26T00:00:00.000Z,קניה,1,0,1
2021-09-26T00:00:00.000Z,קנדה,157,24,181
2021-09-26T00:00:00.000Z,קירג'זסטאן,4,2,6
2021-09-26T00:00:00.000Z,קזחסטאן,3,0,3
2021-09-26T00:00:00.000Z,קוריאה הדרומית,4,2,6
2021-09-26T00:00:00.000Z,קוסטה ריקה,39,10,49
2021-09-26T00:00:00.000Z,קולומביה,9,0,9
2021-09-26T00:00:00.000Z,צרפת,853,209,1062
2021-09-26T00:00:00.000Z,צכיה,625,19,644
2021-09-26T00:00:00.000Z,פרו,8,3,11
2021-09-26T00:00:00.000Z,פקיסטן,0,1,1
2021-09-26T00:00:00.000Z,פנמה,14,2,16
2021-09-26T00:00:00.000Z,פינלנד,1,0,1
2021-09-26T00:00:00.000Z,פיליפינים,1,2,3
2021-09-26T00:00:00.000Z,פורטוגל,80,15,95
2021-09-26T00:00:00.000Z,פולינזיה הצרפתית,1,0,1
2021-09-26T00:00:00.000Z,פולין,393,21,414
2021-09-26T00:00:00.000Z,עומן,2,0,2
2021-09-26T00:00:00.000Z,סרי לנקה (צילון),2,1,3
2021-09-26T00:00:00.000Z,סרביה,9,1,10
2021-09-26T00:00:00.000Z,ספרד,407,52,459
2021-09-26T00:00:00.000Z,סן מרינו,2,0,2
2021-09-26T00:00:00.000Z,סלובקיה,3,0,3
2021-09-26T00:00:00.000Z,סינגפור,1,1,2
2021-09-26T00:00:00.000Z,סין,1,0,1
2021-09-26T00:00:00.000Z,סוריה,1,3,4
2021-09-26T00:00:00.000Z,ניגריה,4,1,5
2021-09-26T00:00:00.000Z,נורבגיה,7,5,12
2021-09-26T00:00:00.000Z,מרוקו,20,6,26
2021-09-26T00:00:00.000Z,מקסיקו,1,0,1
2021-09-26T00:00:00.000Z,מקדוניה,2,2,4
2021-09-26T00:00:00.000Z,מצרים,2473,316,2789
2021-09-26T00:00:00.000Z,מלטה,0,3,3
2021-09-26T00:00:00.000Z,מלדיבים,109,8,117
2021-09-26T00:00:00.000Z,מיאנמר (בורמה),0,2,2
2021-09-26T00:00:00.000Z,תורכמניסטאן,1,0,1
2021-09-26T00:00:00.000Z,מולדובה,207,46,253
2021-09-26T00:00:00.000Z,מוזמביק,5,0,5
2021-09-26T00:00:00.000Z,ליטא,151,6,157
2021-09-26T00:00:00.000Z,לטביה,2,0,2
2021-09-26T00:00:00.000Z,לוכסמבורג,1,0,1
2021-09-26T00:00:00.000Z,כלל המדינות,23735,5601,29336
2021-09-26T00:00:00.000Z,כווית,1,0,1
2021-09-26T00:00:00.000Z,ירדן,1048,118,1166
2021-09-26T00:00:00.000Z,יפן,1,2,3
2021-09-26T00:00:00.000Z,יוון,3160,346,3506
2021-09-26T00:00:00.000Z,טנזניה,1,0,1
2021-09-26T00:00:00.000Z,אוזבקיסטן,3,0,3
2021-09-26T00:00:00.000Z,אוסטריה,717,69,786
2021-09-26T00:00:00.000Z,אוסטרליה,5,5,10
2021-09-26T00:00:00.000Z,אוקראינה,707,155,862
2021-09-26T00:00:00.000Z,אורגוואי,5,1,6
2021-09-26T00:00:00.000Z,אזרביג'אן,156,15,171
2021-09-26T00:00:00.000Z,איטליה,947,77,1024
2021-09-26T00:00:00.000Z,אוגנדה,2,0,2
2021-09-26T00:00:00.000Z,איי סיישל,435,73,508
2021-09-26T00:00:00.000Z,איסלנד,65,4,69
2021-09-26T00:00:00.000Z,אירלנד,36,2,38
2021-09-26T00:00:00.000Z,אלבניה,12,1,13
2021-09-26T00:00:00.000Z,אנגולה,5,1,6
2021-09-26T00:00:00.000Z,אסטוניה,1,0,1
2021-09-26T00:00:00.000Z,אקואדור,1,0,1
2021-09-26T00:00:00.000Z,ארגנטינה,9,5,14
2021-09-26T00:00:00.000Z,ארמניה,4,0,4
2021-09-26T00:00:00.000Z,ארצות הברית,1838,557,2395
2021-09-26T00:00:00.000Z,בולגריה,35,8,43
2021-09-26T00:00:00.000Z,בילורוסיה,143,28,171
2021-09-26T00:00:00.000Z,בלגיה,100,50,150
2021-09-26T00:00:00.000Z,ברזיל,1,1,2
2021-09-26T00:00:00.000Z,גאורגיה,1052,34,1086
2021-09-26T00:00:00.000Z,גווטאמלה,8,0,8
2021-09-26T00:00:00.000Z,גרמניה,791,140,931
2021-09-26T00:00:00.000Z,דנמרק,183,24,207
2021-09-26T00:00:00.000Z,דרום אפריקה,7,10,17
2021-09-26T00:00:00.000Z,הודו,4,0,4
2021-09-26T00:00:00.000Z,הולנד,347,49,396
2021-09-26T00:00:00.000Z,הונגריה,1055,46,1101
2021-09-26T00:00:00.000Z,הונדורס,0,2,2
2021-09-26T00:00:00.000Z,הממלכה המאוחדת,845,142,987
2021-09-26T00:00:00.000Z,הרפ הדומיניקנית,72,4,76
2021-09-26T00:00:00.000Z,ויטנאם,6,3,9
2021-09-26T00:00:00.000Z,זאיר,2,0,2
2021-09-26T00:00:00.000Z,טובלו,1,0,1
2021-09-27T00:00:00.000Z,ברזיל,2,0,2
2021-09-27T00:00:00.000Z,בלגיה,126,44,170
2021-09-27T00:00:00.000Z,בורקינה פאסו,2,0,2
2021-09-27T00:00:00.000Z,בוסניה הרצגובינה,27,4,31
2021-09-27T00:00:00.000Z,בולגריה,5,0,5
2021-09-27T00:00:00.000Z,בהמס,2,0,2
2021-09-27T00:00:00.000Z,אתיופיה,30,6,36
2021-09-27T00:00:00.000Z,ארצות הברית,2918,642,3560
2021-09-27T00:00:00.000Z,ארמניה,11,1,12
2021-09-27T00:00:00.000Z,אקואדור,5,0,5
2021-09-27T00:00:00.000Z,אסטוניה,6,0,6
2021-09-27T00:00:00.000Z,אנגולה,3,0,3
2021-09-27T00:00:00.000Z,אלבניה,1,0,1
2021-09-27T00:00:00.000Z,אירלנד,9,4,13
2021-09-27T00:00:00.000Z,איסלנד,80,0,80
2021-09-27T00:00:00.000Z,איי סיישל,127,9,136
2021-09-27T00:00:00.000Z,איטליה,1340,66,1406
2021-09-27T00:00:00.000Z,אזרביג'אן,68,40,108
2021-09-27T00:00:00.000Z,אורגוואי,4,1,5
2021-09-27T00:00:00.000Z,אוקראינה,698,106,804
2021-09-27T00:00:00.000Z,אוסטרליה,8,4,12
2021-09-27T00:00:00.000Z,אוסטריה,1395,101,1496
2021-09-27T00:00:00.000Z,אוזבקיסטן,88,52,140
2021-09-27T00:00:00.000Z,אוגנדה,1,0,1
2021-09-27T00:00:00.000Z,אבחזיסטאן,2,0,2
2021-09-27T00:00:00.000Z,ניקרגואה,1,0,1
2021-09-27T00:00:00.000Z,ניגריה,3,1,4
2021-09-27T00:00:00.000Z,נורבגיה,6,1,7
2021-09-27T00:00:00.000Z,מרוקו,25,7,32
2021-09-27T00:00:00.000Z,מקסיקו,5,0,5
2021-09-27T00:00:00.000Z,מצרים,2535,224,2759
2021-09-27T00:00:00.000Z,מלדיבים,247,20,267
2021-09-27T00:00:00.000Z,מונקו,1,0,1
2021-09-27T00:00:00.000Z,מונטנגרו,507,13,520
2021-09-27T00:00:00.000Z,מולדובה,4,1,5
2021-09-27T00:00:00.000Z,מאלי,4,0,4
2021-09-27T00:00:00.000Z,ליטא,12,1,13
2021-09-27T00:00:00.000Z,לטביה,2,0,2
2021-09-27T00:00:00.000Z,לוכסמבורג,1,1,2
2021-09-27T00:00:00.000Z,כלל המדינות,24942,4729,29671
2021-09-27T00:00:00.000Z,ירדן,331,40,371
2021-09-27T00:00:00.000Z,יפן,0,2,2
2021-09-27T00:00:00.000Z,יוון,2435,172,2607
2021-09-27T00:00:00.000Z,טנזניה,43,2,45
2021-09-27T00:00:00.000Z,טיוואן,0,1,1
2021-09-27T00:00:00.000Z,זאיר,1,0,1
2021-09-27T00:00:00.000Z,הרפ הדומיניקנית,11,0,11
2021-09-27T00:00:00.000Z,הממלכה המאוחדת,1019,166,1185
2021-09-27T00:00:00.000Z,קניה,11,0,11
2021-09-27T00:00:00.000Z,קירג'זסטאן,28,1,29
2021-09-27T00:00:00.000Z,קזחסטאן,4,5,9
2021-09-27T00:00:00.000Z,קפריסין,478,59,537
2021-09-27T00:00:00.000Z,קרואטיה,41,1,42
2021-09-27T00:00:00.000Z,רומניה,511,20,531
2021-09-27T00:00:00.000Z,קנדה,280,127,407
2021-09-27T00:00:00.000Z,רוסיה,384,135,519
2021-09-27T00:00:00.000Z,שוודיה,3,0,3
2021-09-27T00:00:00.000Z,שוויץ,477,33,510
2021-09-27T00:00:00.000Z,הולנד,110,12,122
2021-09-27T00:00:00.000Z,הודו,72,69,141
2021-09-27T00:00:00.000Z,האנטילים ההולנדים,0,1,1
2021-09-27T00:00:00.000Z,דרום אפריקה,33,32,65
2021-09-27T00:00:00.000Z,דנמרק,45,4,49
2021-09-27T00:00:00.000Z,גרנדה,1,0,1
2021-09-27T00:00:00.000Z,גרמניה,915,71,986
2021-09-27T00:00:00.000Z,איחוד האמירויות הערב,600,52,652
2021-09-27T00:00:00.000Z,תאילנד,192,28,220
2021-09-27T00:00:00.000Z,תוניסיה,1,3,4
2021-09-27T00:00:00.000Z,תורכיה,107,13,120
2021-09-27T00:00:00.000Z,קוריאה הדרומית,1,0,1
2021-09-27T00:00:00.000Z,קוסטה ריקה,39,5,44
2021-09-27T00:00:00.000Z,קולומביה,17,1,18
2021-09-27T00:00:00.000Z,קובה,2,0,2
2021-09-27T00:00:00.000Z,צרפת,1188,124,1312
2021-09-27T00:00:00.000Z,צכיה,1174,24,1198
2021-09-27T00:00:00.000Z,צ'ילה,1,5,6
2021-09-27T00:00:00.000Z,פרו,21,1,22
2021-09-27T00:00:00.000Z,פנמה,14,6,20
2021-09-27T00:00:00.000Z,פינלנד,18,1,19
2021-09-27T00:00:00.000Z,פיליפינים,1,0,1
2021-09-27T00:00:00.000Z,פורטוגל,176,14,190
2021-09-27T00:00:00.000Z,פולינזיה הצרפתית,1,0,1
2021-09-27T00:00:00.000Z,פולין,695,32,727
2021-09-27T00:00:00.000Z,סרי לנקה (צילון),6,1,7
2021-09-27T00:00:00.000Z,סרביה,114,11,125
2021-09-27T00:00:00.000Z,ספרד,641,29,670
2021-09-27T00:00:00.000Z,סלובקיה,190,8,198
2021-09-27T00:00:00.000Z,סלובניה,5,0,5
2021-09-27T00:00:00.000Z,סינגפור,1,3,4
2021-09-27T00:00:00.000Z,סומליה,1,0,1
2021-09-27T00:00:00.000Z,נפאל,1,0,1
2021-09-27T00:00:00.000Z,גווטאמלה,4,1,5
2021-09-27T00:00:00.000Z,גאנה,0,3,3
2021-09-27T00:00:00.000Z,גאורגיה,747,53,800
2021-09-27T00:00:00.000Z,הונגריה,630,31,661
2021-09-28T00:00:00.000Z,אוסטרליה,1,0,1
2021-09-28T00:00:00.000Z,איחוד האמירויות הערב,262,26,288
2021-09-28T00:00:00.000Z,תורכיה,105,12,117
2021-09-28T00:00:00.000Z,תוניסיה,4,0,4
2021-09-28T00:00:00.000Z,תאילנד,2,0,2
2021-09-28T00:00:00.000Z,שוויץ,302,24,326
2021-09-28T00:00:00.000Z,שוודיה,12,0,12
2021-09-28T00:00:00.000Z,רוסיה,280,117,397
2021-09-28T00:00:00.000Z,רומניה,464,27,491
2021-09-28T00:00:00.000Z,רואנדה,4,1,5
2021-09-28T00:00:00.000Z,קרואטיה,18,0,18
2021-09-28T00:00:00.000Z,קפריסין,293,28,321
2021-09-28T00:00:00.000Z,קניה,18,3,21
2021-09-28T00:00:00.000Z,קנדה,194,24,218
2021-09-28T00:00:00.000Z,קמרון,1,1,2
2021-09-28T00:00:00.000Z,קירג'זסטאן,8,0,8
2021-09-28T00:00:00.000Z,קזחסטאן,0,1,1
2021-09-28T00:00:00.000Z,קוריאה הדרומית,5,1,6
2021-09-28T00:00:00.000Z,קוסטה ריקה,62,5,67
2021-09-28T00:00:00.000Z,קולומביה,5,3,8
2021-09-28T00:00:00.000Z,קובה,1,0,1
2021-09-28T00:00:00.000Z,צרפת,718,57,775
2021-09-28T00:00:00.000Z,צכיה,628,13,641
2021-09-28T00:00:00.000Z,פרו,30,2,32
2021-09-28T00:00:00.000Z,פרגוואי,2,0,2
2021-09-28T00:00:00.000Z,פנמה,18,1,19
2021-09-28T00:00:00.000Z,פינלנד,5,1,6
2021-09-28T00:00:00.000Z,פיליפינים,3,3,6
2021-09-28T00:00:00.000Z,פורטוגל,61,4,65
2021-09-28T00:00:00.000Z,פולין,288,12,300
2021-09-28T00:00:00.000Z,ערב הסעודית,2,1,3
2021-09-28T00:00:00.000Z,סרי לנקה (צילון),8,0,8
2021-09-28T00:00:00.000Z,סרביה,19,3,22
2021-09-28T00:00:00.000Z,ספרד,653,36,689
2021-09-28T00:00:00.000Z,סלובניה,13,0,13
2021-09-28T00:00:00.000Z,סינגפור,0,1,1
2021-09-28T00:00:00.000Z,סין,24,57,81
2021-09-28T00:00:00.000Z,נפאל,4,1,5
2021-09-28T00:00:00.000Z,נמיביה,7,0,7
2021-09-28T00:00:00.000Z,ניו זילנד,1,0,1
2021-09-28T00:00:00.000Z,ניגריה,1,0,1
2021-09-28T00:00:00.000Z,נורבגיה,3,1,4
2021-09-28T00:00:00.000Z,מרוקו,14,0,14
2021-09-28T00:00:00.000Z,מקסיקו,3,1,4
2021-09-28T00:00:00.000Z,מקדוניה,1,1,2
2021-09-28T00:00:00.000Z,מצרים,3888,257,4145
2021-09-28T00:00:00.000Z,מלטה,3,0,3
2021-09-28T00:00:00.000Z,מלזיה,1,0,1
2021-09-28T00:00:00.000Z,מלדיבים,99,5,104
2021-09-28T00:00:00.000Z,מונטנגרו,11,0,11
2021-09-28T00:00:00.000Z,מולדובה,142,28,170
2021-09-28T00:00:00.000Z,מאלי,1,0,1
2021-09-28T00:00:00.000Z,ליטא,21,3,24
2021-09-28T00:00:00.000Z,לטביה,80,4,84
2021-09-28T00:00:00.000Z,כלל המדינות,18611,3353,21964
2021-09-28T00:00:00.000Z,ירדן,318,24,342
2021-09-28T00:00:00.000Z,יוון,2747,159,2906
2021-09-28T00:00:00.000Z,טנזניה,40,3,43
2021-09-28T00:00:00.000Z,טוגו,3,0,3
2021-09-28T00:00:00.000Z,חוף השנהב,1,0,1
2021-09-28T00:00:00.000Z,זימבאבווה,3,0,3
2021-09-28T00:00:00.000Z,ויטנאם,0,1,1
2021-09-28T00:00:00.000Z,הרפ הדומיניקנית,27,4,31
2021-09-28T00:00:00.000Z,הממלכה המאוחדת,283,15,298
2021-09-28T00:00:00.000Z,הונגריה,735,20,755
2021-09-28T00:00:00.000Z,הונג קונג,7,18,25
2021-09-28T00:00:00.000Z,הולנד,170,6,176
2021-09-28T00:00:00.000Z,הודו,4,1,5
2021-09-28T00:00:00.000Z,האנטילים ההולנדים,6,0,6
2021-09-28T00:00:00.000Z,דרום אפריקה,26,2,28
2021-09-28T00:00:00.000Z,דנמרק,35,2,37
2021-09-28T00:00:00.000Z,גרמניה,511,67,578
2021-09-28T00:00:00.000Z,גווטאמלה,6,0,6
2021-09-28T00:00:00.000Z,גאנה,1,0,1
2021-09-28T00:00:00.000Z,גאורגיה,557,15,572
2021-09-28T00:00:00.000Z,ברזיל,2,0,2
2021-09-28T00:00:00.000Z,בלגיה,20,0,20
2021-09-28T00:00:00.000Z,בילורוסיה,0,1,1
2021-09-28T00:00:00.000Z,בוסניה הרצגובינה,19,3,22
2021-09-28T00:00:00.000Z,בולגריה,2,0,2
2021-09-28T00:00:00.000Z,אתיופיה,18,6,24
2021-09-28T00:00:00.000Z,ארצות הברית,1588,213,1801
2021-09-28T00:00:00.000Z,ארמניה,4,0,4
2021-09-28T00:00:00.000Z,ארגנטינה,13,0,13
2021-09-28T00:00:00.000Z,אקואדור,3,0,3
2021-09-28T00:00:00.000Z,אסטוניה,6,0,6
2021-09-28T00:00:00.000Z,אנגולה,1,0,1
2021-09-28T00:00:00.000Z,אלבניה,13,0,13
2021-09-28T00:00:00.000Z,אל סלבדור,2,0,2
2021-09-28T00:00:00.000Z,אירלנד,19,2,21
2021-09-28T00:00:00.000Z,איסלנד,143,0,143
2021-09-28T00:00:00.000Z,איי קייפ וורדה,1,0,1
2021-09-28T00:00:00.000Z,איי סיישל,125,10,135
2021-09-28T00:00:00.000Z,איטליה,892,58,950
2021-09-28T00:00:00.000Z,אזרביג'אן,109,9,118
2021-09-28T00:00:00.000Z,אורגוואי,6,0,6
2021-09-28T00:00:00.000Z,אוקראינה,328,54,382
2021-09-28T00:00:00.000Z,אוגנדה,3,1,4
2021-09-28T00:00:00.000Z,אוסטריה,609,33,642
2021-09-28T00:00:00.000Z,אוזבקיסטן,5,3,8
2021-09-29T00:00:00.000Z,ירדן,181,26,207
2021-09-29T00:00:00.000Z,איחוד האמירויות הערב,395,28,423
2021-09-29T00:00:00.000Z,תורכיה,66,9,75
2021-09-29T00:00:00.000Z,תאילנד,3,0,3
2021-09-29T00:00:00.000Z,שוויץ,183,12,195
2021-09-29T00:00:00.000Z,שוודיה,5,2,7
2021-09-29T00:00:00.000Z,רוסיה,244,82,326
2021-09-29T00:00:00.000Z,רומניה,590,37,627
2021-09-29T00:00:00.000Z,רואנדה,8,0,8
2021-09-29T00:00:00.000Z,קרואטיה,30,5,35
2021-09-29T00:00:00.000Z,קפריסין,851,92,943
2021-09-29T00:00:00.000Z,קניה,7,0,7
2021-09-29T00:00:00.000Z,קנדה,207,36,243
2021-09-29T00:00:00.000Z,קירג'זסטאן,19,0,19
2021-09-29T00:00:00.000Z,קזחסטאן,6,4,10
2021-09-29T00:00:00.000Z,קוסטה ריקה,73,10,83
2021-09-29T00:00:00.000Z,קולומביה,6,1,7
2021-09-29T00:00:00.000Z,צרפת,956,87,1043
2021-09-29T00:00:00.000Z,צכיה,859,20,879
2021-09-29T00:00:00.000Z,פרו,22,1,23
2021-09-29T00:00:00.000Z,פנמה,3,0,3
2021-09-29T00:00:00.000Z,פינלנד,70,9,79
2021-09-29T00:00:00.000Z,פורטוגל,82,8,90
2021-09-29T00:00:00.000Z,פורטו ריקו,1,0,1
2021-09-29T00:00:00.000Z,פולין,360,2,362
2021-09-29T00:00:00.000Z,סרי לנקה (צילון),8,0,8
2021-09-29T00:00:00.000Z,סרביה,8,0,8
2021-09-29T00:00:00.000Z,ספרד,489,36,525
2021-09-29T00:00:00.000Z,סלובקיה,198,8,206
2021-09-29T00:00:00.000Z,סלובניה,6,0,6
2021-09-29T00:00:00.000Z,סינגפור,0,5,5
2021-09-29T00:00:00.000Z,סוריה,2,3,5
2021-09-29T00:00:00.000Z,ניגריה,7,1,8
2021-09-29T00:00:00.000Z,נורבגיה,1,1,2
2021-09-29T00:00:00.000Z,מרוקו,19,8,27
2021-09-29T00:00:00.000Z,מקסיקו,2,0,2
2021-09-29T00:00:00.000Z,מקדוניה,1,0,1
2021-09-29T00:00:00.000Z,מצרים,1771,167,1938
2021-09-29T00:00:00.000Z,מלטה,1,0,1
2021-09-29T00:00:00.000Z,מלדיבים,87,7,94
2021-09-29T00:00:00.000Z,מונטנגרו,180,1,181
2021-09-29T00:00:00.000Z,מוזמביק,3,1,4
2021-09-29T00:00:00.000Z,מדגסקר,1,0,1
2021-09-29T00:00:00.000Z,מאלי,2,0,2
2021-09-29T00:00:00.000Z,מאוריציוס,1,2,3
2021-09-29T00:00:00.000Z,ליטא,31,0,31
2021-09-29T00:00:00.000Z,לוכסמבורג,2,0,2
2021-09-29T00:00:00.000Z,כלל המדינות,18893,2060,20953
2021-09-29T00:00:00.000Z,תורכמניסטאן,2,0,2
2021-09-29T00:00:00.000Z,יפן,1,0,1
2021-09-29T00:00:00.000Z,יוון,1833,100,1933
2021-09-29T00:00:00.000Z,טנזניה,76,5,81
2021-09-29T00:00:00.000Z,טיוואן,2,0,2
2021-09-29T00:00:00.000Z,טג'יקיסטאן,1,0,1
2021-09-29T00:00:00.000Z,חוף השנהב,1,0,1
2021-09-29T00:00:00.000Z,זמביה,7,1,8
2021-09-29T00:00:00.000Z,זימבאבווה,9,0,9
2021-09-29T00:00:00.000Z,זאיר,2,0,2
2021-09-29T00:00:00.000Z,הרפ הדומיניקנית,5,0,5
2021-09-29T00:00:00.000Z,הממלכה המאוחדת,654,52,706
2021-09-29T00:00:00.000Z,הונגריה,552,16,568
2021-09-29T00:00:00.000Z,הולנד,284,28,312
2021-09-29T00:00:00.000Z,הודו,1,0,1
2021-09-29T00:00:00.000Z,דרום סודאן,1,0,1
2021-09-29T00:00:00.000Z,דרום אפריקה,47,5,52
2021-09-29T00:00:00.000Z,דנמרק,34,0,34
2021-09-29T00:00:00.000Z,דומיניקה,3,0,3
2021-09-29T00:00:00.000Z,גרמניה,752,54,806
2021-09-29T00:00:00.000Z,גמייקה,3,0,3
2021-09-29T00:00:00.000Z,גווטאמלה,4,0,4
2021-09-29T00:00:00.000Z,גאורגיה,431,28,459
2021-09-29T00:00:00.000Z,ברזיל,3,3,6
2021-09-29T00:00:00.000Z,בלגיה,11,2,13
2021-09-29T00:00:00.000Z,בילורוסיה,132,27,159
2021-09-29T00:00:00.000Z,בוסניה הרצגובינה,12,3,15
2021-09-29T00:00:00.000Z,בולגריה,43,8,51
2021-09-29T00:00:00.000Z,בוטסואנה,1,0,1
2021-09-29T00:00:00.000Z,אתיופיה,55,3,58
2021-09-29T00:00:00.000Z,ארצות הברית,2068,264,2332
2021-09-29T00:00:00.000Z,ארמניה,8,1,9
2021-09-29T00:00:00.000Z,אקואדור,5,0,5
2021-09-29T00:00:00.000Z,אסטוניה,7,1,8
2021-09-29T00:00:00.000Z,אנגולה,4,0,4
2021-09-29T00:00:00.000Z,אירלנד,21,2,23
2021-09-29T00:00:00.000Z,איסלנד,59,1,60
2021-09-29T00:00:00.000Z,איי סיישל,120,33,153
2021-09-29T00:00:00.000Z,איי טורקס וקייקוס,4,0,4
2021-09-29T00:00:00.000Z,איי גילברט ואליס,2,0,2
2021-09-29T00:00:00.000Z,איטליה,1217,43,1260
2021-09-29T00:00:00.000Z,אזרביג'אן,8,0,8
2021-09-29T00:00:00.000Z,אורגוואי,1,0,1
2021-09-29T00:00:00.000Z,אוקראינה,650,130,780
2021-09-29T00:00:00.000Z,אוסטרליה,4,3,7
2021-09-29T00:00:00.000Z,אוסטריה,924,73,997
2021-09-29T00:00:00.000Z,אוזבקיסטן,4,1,5
2021-09-29T00:00:00.000Z,אוגנדה,1,1,2
2021-09-30T00:00:00.000Z,מאלי,2,0,2
2021-09-30T00:00:00.000Z,איחוד האמירויות הערב,390,40,430
2021-09-30T00:00:00.000Z,תורכיה,59,22,81
2021-09-30T00:00:00.000Z,תוניסיה,0,3,3
2021-09-30T00:00:00.000Z,תאילנד,0,2,2
2021-09-30T00:00:00.000Z,שוויץ,383,56,439
2021-09-30T00:00:00.000Z,שוודיה,18,17,35
2021-09-30T00:00:00.000Z,רוסיה,300,109,409
2021-09-30T00:00:00.000Z,רומניה,392,53,445
2021-09-30T00:00:00.000Z,רואנדה,13,2,15
2021-09-30T00:00:00.000Z,קרואטיה,7,4,11
2021-09-30T00:00:00.000Z,קפריסין,459,33,492
2021-09-30T00:00:00.000Z,קניה,18,2,20
2021-09-30T00:00:00.000Z,קנדה,157,43,200
2021-09-30T00:00:00.000Z,קירג'זסטאן,8,1,9
2021-09-30T00:00:00.000Z,קטר,1,0,1
2021-09-30T00:00:00.000Z,קזחסטאן,0,8,8
2021-09-30T00:00:00.000Z,קוריאה הדרומית,3,2,5
2021-09-30T00:00:00.000Z,קוסטה ריקה,43,8,51
2021-09-30T00:00:00.000Z,קולומביה,25,6,31
2021-09-30T00:00:00.000Z,צרפת,1190,283,1473
2021-09-30T00:00:00.000Z,צכיה,781,13,794
2021-09-30T00:00:00.000Z,צ'ילה,1,6,7
2021-09-30T00:00:00.000Z,פרו,36,4,40
2021-09-30T00:00:00.000Z,פרגוואי,1,0,1
2021-09-30T00:00:00.000Z,פנמה,27,6,33
2021-09-30T00:00:00.000Z,פינלנד,5,0,5
2021-09-30T00:00:00.000Z,פיליפינים,0,1,1
2021-09-30T00:00:00.000Z,פורטוגל,127,6,133
2021-09-30T00:00:00.000Z,פולינזיה הצרפתית,0,1,1
2021-09-30T00:00:00.000Z,פולין,356,30,386
2021-09-30T00:00:00.000Z,סרי לנקה (צילון),11,13,24
2021-09-30T00:00:00.000Z,סרביה,3,0,3
2021-09-30T00:00:00.000Z,ספרד,486,46,532
2021-09-30T00:00:00.000Z,סלובקיה,1,1,2
2021-09-30T00:00:00.000Z,סלובניה,1,0,1
2021-09-30T00:00:00.000Z,סינגפור,0,8,8
2021-09-30T00:00:00.000Z,נפאל,1,0,1
2021-09-30T00:00:00.000Z,ניקרגואה,2,0,2
2021-09-30T00:00:00.000Z,ניו זילנד,4,0,4
2021-09-30T00:00:00.000Z,ניגריה,9,1,10
2021-09-30T00:00:00.000Z,נורבגיה,2,3,5
2021-09-30T00:00:00.000Z,מרוקו,321,27,348
2021-09-30T00:00:00.000Z,מקסיקו,2,1,3
2021-09-30T00:00:00.000Z,מקדוניה,3,0,3
2021-09-30T00:00:00.000Z,מקאו,1,0,1
2021-09-30T00:00:00.000Z,מצרים,1095,107,1202
2021-09-30T00:00:00.000Z,מלטה,1,0,1
2021-09-30T00:00:00.000Z,מלדיבים,50,5,55
2021-09-30T00:00:00.000Z,מיאנמר (בורמה),0,1,1
2021-09-30T00:00:00.000Z,מונטנגרו,6,0,6
2021-09-30T00:00:00.000Z,מולדובה,170,58,228
2021-09-30T00:00:00.000Z,ליטא,148,9,157
2021-09-30T00:00:00.000Z,לטביה,2,0,2
2021-09-30T00:00:00.000Z,לבנון,0,3,3
2021-09-30T00:00:00.000Z,כלל המדינות,19938,5191,25129
2021-09-30T00:00:00.000Z,ירדן,248,47,295
2021-09-30T00:00:00.000Z,יפן,2,3,5
2021-09-30T00:00:00.000Z,יוון,2372,185,2557
2021-09-30T00:00:00.000Z,טנזניה,340,11,351
2021-09-30T00:00:00.000Z,טג'יקיסטאן,3,0,3
2021-09-30T00:00:00.000Z,חוף השנהב,2,0,2
2021-09-30T00:00:00.000Z,זימבאבווה,3,0,3
2021-09-30T00:00:00.000Z,זאיר,1,1,2
2021-09-30T00:00:00.000Z,הרפ הדומיניקנית,2,0,2
2021-09-30T00:00:00.000Z,הממלכה המאוחדת,808,198,1006
2021-09-30T00:00:00.000Z,הונדורס,1,0,1
2021-09-30T00:00:00.000Z,הונגריה,749,60,809
2021-09-30T00:00:00.000Z,הונג קונג,2,0,2
2021-09-30T00:00:00.000Z,הולנד,377,37,414
2021-09-30T00:00:00.000Z,הודו,3,7,10
2021-09-30T00:00:00.000Z,דרום סודאן,0,1,1
2021-09-30T00:00:00.000Z,דרום אפריקה,52,19,71
2021-09-30T00:00:00.000Z,דרום אמריקה,1,1,2
2021-09-30T00:00:00.000Z,דנמרק,142,22,164
2021-09-30T00:00:00.000Z,גרמניה,431,88,519
2021-09-30T00:00:00.000Z,גינאה המשוונית,1,0,1
2021-09-30T00:00:00.000Z,גויאנה,1,0,1
2021-09-30T00:00:00.000Z,גווטאמלה,15,2,17
2021-09-30T00:00:00.000Z,גבון,1,0,1
2021-09-30T00:00:00.000Z,גאנה,3,0,3
2021-09-30T00:00:00.000Z,גאורגיה,877,67,944
2021-09-30T00:00:00.000Z,ברזיל,6,7,13
2021-09-30T00:00:00.000Z,בלגיה,75,56,131
2021-09-30T00:00:00.000Z,בילורוסיה,145,29,174
2021-09-30T00:00:00.000Z,בחריין,1,2,3
2021-09-30T00:00:00.000Z,בורקינה פאסו,1,0,1
2021-09-30T00:00:00.000Z,בוסניה הרצגובינה,7,0,7
2021-09-30T00:00:00.000Z,בולגריה,6,1,7
2021-09-30T00:00:00.000Z,בהמס,1,0,1
2021-09-30T00:00:00.000Z,אתיופיה,70,10,80
2021-09-30T00:00:00.000Z,ארצות הברית,2829,721,3550
2021-09-30T00:00:00.000Z,ארמניה,91,2,93
2021-09-30T00:00:00.000Z,ארגנטינה,7,9,16
2021-09-30T00:00:00.000Z,אסטוניה,2,0,2
2021-09-30T00:00:00.000Z,אנגולה,1,0,1
2021-09-30T00:00:00.000Z,אלבניה,132,3,135
2021-09-30T00:00:00.000Z,אל סלבדור,1,0,1
2021-09-30T00:00:00.000Z,אירלנד,17,3,20
2021-09-30T00:00:00.000Z,איסלנד,105,1,106
2021-09-30T00:00:00.000Z,איי סיישל,109,12,121
2021-09-30T00:00:00.000Z,איטליה,922,90,1012
2021-09-30T00:00:00.000Z,אזרביג'אן,104,20,124
2021-09-30T00:00:00.000Z,אוקראינה,526,167,693
2021-09-30T00:00:00.000Z,אוגנדה,12,1,13
2021-09-30T00:00:00.000Z,אוזבקיסטן,9,1,10
2021-09-30T00:00:00.000Z,אוסטריה,485,74,559
2021-09-30T00:00:00.000Z,אוסטרליה,0,1,1
2021-10-01T00:00:00.000Z,תורכיה,112,34,146
2021-10-01T00:00:00.000Z,איחוד האמירויות הערב,110,17,127
2021-10-01T00:00:00.000Z,שוויץ,307,63,370
2021-10-01T00:00:00.000Z,שוודיה,8,8,16
2021-10-01T00:00:00.000Z,רוסיה,394,151,545
2021-10-01T00:00:00.000Z,רומניה,256,28,284
2021-10-01T00:00:00.000Z,קרואטיה,31,3,34
2021-10-01T00:00:00.000Z,קפריסין,560,88,648
2021-10-01T00:00:00.000Z,קניה,6,2,8
2021-10-01T00:00:00.000Z,קנדה,202,82,284
2021-10-01T00:00:00.000Z,קמרון,1,0,1
2021-10-01T00:00:00.000Z,קמבודיה,1,0,1
2021-10-01T00:00:00.000Z,קירג'זסטאן,11,2,13
2021-10-01T00:00:00.000Z,קטר,0,1,1
2021-10-01T00:00:00.000Z,קזחסטאן,9,22,31
2021-10-01T00:00:00.000Z,קוריאה הדרומית,2,5,7
2021-10-01T00:00:00.000Z,קוסטה ריקה,130,8,138
2021-10-01T00:00:00.000Z,קולומביה,6,1,7
2021-10-01T00:00:00.000Z,צרפת,714,136,850
2021-10-01T00:00:00.000Z,צכיה,912,38,950
2021-10-01T00:00:00.000Z,צ'ילה,1,0,1
2021-10-01T00:00:00.000Z,פרו,22,1,23
2021-10-01T00:00:00.000Z,פנמה,13,3,16
2021-10-01T00:00:00.000Z,פינלנד,47,19,66
2021-10-01T00:00:00.000Z,פיליפינים,1,1,2
2021-10-01T00:00:00.000Z,פורטוגל,46,0,46
2021-10-01T00:00:00.000Z,פולין,257,25,282
2021-10-01T00:00:00.000Z,סרי לנקה (צילון),10,1,11
2021-10-01T00:00:00.000Z,סרביה,69,10,79
2021-10-01T00:00:00.000Z,ספרד,415,31,446
2021-10-01T00:00:00.000Z,סנגל,1,0,1
2021-10-01T00:00:00.000Z,סלובקיה,193,3,196
2021-10-01T00:00:00.000Z,סלובניה,6,2,8
2021-10-01T00:00:00.000Z,סינגפור,1,2,3
2021-10-01T00:00:00.000Z,סין,1,3,4
2021-10-01T00:00:00.000Z,ניו זילנד,0,4,4
2021-10-01T00:00:00.000Z,ניגריה,2,5,7
2021-10-01T00:00:00.000Z,נורבגיה,8,7,15
2021-10-01T00:00:00.000Z,מרוקו,19,6,25
2021-10-01T00:00:00.000Z,מקסיקו,4,1,5
2021-10-01T00:00:00.000Z,מקדוניה,1,0,1
2021-10-01T00:00:00.000Z,מצרים,1034,103,1137
2021-10-01T00:00:00.000Z,מלדיבים,49,4,53
2021-10-01T00:00:00.000Z,מונטנגרו,186,3,189
2021-10-01T00:00:00.000Z,מולדובה,81,31,112
2021-10-01T00:00:00.000Z,ליטא,5,0,5
2021-10-01T00:00:00.000Z,לטביה,2,0,2
2021-10-01T00:00:00.000Z,לוכסמבורג,1,0,1
2021-10-01T00:00:00.000Z,כלל המדינות,16223,4193,20416
2021-10-01T00:00:00.000Z,כווית,1,0,1
2021-10-01T00:00:00.000Z,ירדן,5,2,7
2021-10-01T00:00:00.000Z,יפן,3,2,5
2021-10-01T00:00:00.000Z,יוון,978,85,1063
2021-10-01T00:00:00.000Z,טנזניה,1,0,1
2021-10-01T00:00:00.000Z,טוגו,1,0,1
2021-10-01T00:00:00.000Z,חוף השנהב,1,0,1
2021-10-01T00:00:00.000Z,ונצואלה,0,2,2
2021-10-01T00:00:00.000Z,הרפ הדומיניקנית,11,1,12
2021-10-01T00:00:00.000Z,הממלכה המאוחדת,754,168,922
2021-10-01T00:00:00.000Z,הונגריה,480,23,503
2021-10-01T00:00:00.000Z,הונג קונג,1,0,1
2021-10-01T00:00:00.000Z,הולנד,239,36,275
2021-10-01T00:00:00.000Z,הודו,13,8,21
2021-10-01T00:00:00.000Z,דרום אפריקה,7,2,9
2021-10-01T00:00:00.000Z,דרום אמריקה,1,0,1
2021-10-01T00:00:00.000Z,דנמרק,34,5,39
2021-10-01T00:00:00.000Z,גרנדה,1,0,1
2021-10-01T00:00:00.000Z,גרמניה,915,104,1019
2021-10-01T00:00:00.000Z,גינאה,2,0,2
2021-10-01T00:00:00.000Z,גווטאמלה,6,0,6
2021-10-01T00:00:00.000Z,גאנה,1,0,1
2021-10-01T00:00:00.000Z,גאורגיה,385,30,415
2021-10-01T00:00:00.000Z,ברזיל,4,4,8
2021-10-01T00:00:00.000Z,בלגיה,109,65,174
2021-10-01T00:00:00.000Z,בילורוסיה,1,2,3
2021-10-01T00:00:00.000Z,בחריין,28,0,28
2021-10-01T00:00:00.000Z,בוסניה הרצגובינה,31,11,42
2021-10-01T00:00:00.000Z,בולגריה,5,2,7
2021-10-01T00:00:00.000Z,ארצות הברית,2479,786,3265
2021-10-01T00:00:00.000Z,ארמניה,9,0,9
2021-10-01T00:00:00.000Z,ארגנטינה,17,8,25
2021-10-01T00:00:00.000Z,אקואדור,14,0,14
2021-10-01T00:00:00.000Z,אפגניסטן,2,0,2
2021-10-01T00:00:00.000Z,אסטוניה,2,0,2
2021-10-01T00:00:00.000Z,אלבניה,6,0,6
2021-10-01T00:00:00.000Z,אירלנד,11,1,12
2021-10-01T00:00:00.000Z,איסלנד,22,0,22
2021-10-01T00:00:00.000Z,איטליה,929,64,993
2021-10-01T00:00:00.000Z,אזרביג'אן,59,0,59
2021-10-01T00:00:00.000Z,אורגוואי,3,1,4
2021-10-01T00:00:00.000Z,אוקראינה,537,135,672
2021-10-01T00:00:00.000Z,אוסטרליה,1,2,3
2021-10-01T00:00:00.000Z,אוסטריה,970,72,1042
2021-10-01T00:00:00.000Z,אוזבקיסטן,8,2,10
2021-10-01T00:00:00.000Z,אבחזיסטאן,3,2,5
2021-10-01T00:00:00.000Z,תאילנד,205,23,228
2021-10-01T00:00:00.000Z,תוניסיה,3,0,3
2021-10-02T00:00:00.000Z,אזרביג'אן,1,0,1
2021-10-02T00:00:00.000Z,שוויץ,108,20,128
2021-10-02T00:00:00.000Z,רוסיה,38,22,60
2021-10-02T00:00:00.000Z,רומניה,649,57,706
2021-10-02T00:00:00.000Z,רואנדה,1,0,1
2021-10-02T00:00:00.000Z,קרואטיה,14,0,14
2021-10-02T00:00:00.000Z,קפריסין,528,52,580
2021-10-02T00:00:00.000Z,קניה,17,1,18
2021-10-02T00:00:00.000Z,קנדה,181,40,221
2021-10-02T00:00:00.000Z,קמרון,0,1,1
2021-10-02T00:00:00.000Z,קירג'זסטאן,3,1,4
2021-10-02T00:00:00.000Z,קוריאה הדרומית,3,15,18
2021-10-02T00:00:00.000Z,קוסטה ריקה,33,9,42
2021-10-02T00:00:00.000Z,קונגו,1,0,1
2021-10-02T00:00:00.000Z,קולומביה,29,8,37
2021-10-02T00:00:00.000Z,צרפת,506,43,549
2021-10-02T00:00:00.000Z,צכיה,629,18,647
2021-10-02T00:00:00.000Z,צאד,1,0,1
2021-10-02T00:00:00.000Z,פרו,19,0,19
2021-10-02T00:00:00.000Z,פקיסטן,1,0,1
2021-10-02T00:00:00.000Z,פנמה,24,5,29
2021-10-02T00:00:00.000Z,פינלנד,5,5,10
2021-10-02T00:00:00.000Z,פיליפינים,0,2,2
2021-10-02T00:00:00.000Z,פורטוגל,32,2,34
2021-10-02T00:00:00.000Z,פורטו ריקו,2,0,2
2021-10-02T00:00:00.000Z,פולין,233,12,245
2021-10-02T00:00:00.000Z,סרי לנקה (צילון),13,4,17
2021-10-02T00:00:00.000Z,סרביה,4,1,5
2021-10-02T00:00:00.000Z,ספרד,54,3,57
2021-10-02T00:00:00.000Z,סלובקיה,1,2,3
2021-10-02T00:00:00.000Z,סלובניה,8,1,9
2021-10-02T00:00:00.000Z,סינגפור,3,0,3
2021-10-02T00:00:00.000Z,סין,2,2,4
2021-10-02T00:00:00.000Z,נפאל,4,0,4
2021-10-02T00:00:00.000Z,תאילנד,3,0,3
2021-10-02T00:00:00.000Z,נמיביה,1,1,2
2021-10-02T00:00:00.000Z,ניקרגואה,1,0,1
2021-10-02T00:00:00.000Z,ניו זילנד,0,4,4
2021-10-02T00:00:00.000Z,ניגריה,6,2,8
2021-10-02T00:00:00.000Z,נורבגיה,2,7,9
2021-10-02T00:00:00.000Z,מרוקו,4,6,10
2021-10-02T00:00:00.000Z,מקסיקו,5,2,7
2021-10-02T00:00:00.000Z,מקדוניה,1,0,1
2021-10-02T00:00:00.000Z,מצרים,1811,111,1922
2021-10-02T00:00:00.000Z,מלדיבים,39,7,46
2021-10-02T00:00:00.000Z,מונקו,2,0,2
2021-10-02T00:00:00.000Z,מונטנגרו,7,0,7
2021-10-02T00:00:00.000Z,מוזמביק,4,0,4
2021-10-02T00:00:00.000Z,תורכיה,58,14,72
2021-10-02T00:00:00.000Z,לסוטו,1,1,2
2021-10-02T00:00:00.000Z,ליטא,8,1,9
2021-10-02T00:00:00.000Z,לטביה,73,9,82
2021-10-02T00:00:00.000Z,לוכסמבורג,1,1,2
2021-10-02T00:00:00.000Z,כלל המדינות,11490,2938,14428
2021-10-02T00:00:00.000Z,ירדן,11,6,17
2021-10-02T00:00:00.000Z,יפן,1,1,2
2021-10-02T00:00:00.000Z,יוון,999,62,1061
2021-10-02T00:00:00.000Z,טנזניה,34,0,34
2021-10-02T00:00:00.000Z,טיוואן,1,0,1
2021-10-02T00:00:00.000Z,חוף השנהב,3,0,3
2021-10-02T00:00:00.000Z,זמביה,1,0,1
2021-10-02T00:00:00.000Z,זאיר,2,0,2
2021-10-02T00:00:00.000Z,ונצואלה,0,1,1
2021-10-02T00:00:00.000Z,הרפ הדומיניקנית,13,2,15
2021-10-02T00:00:00.000Z,הממלכה המאוחדת,384,51,435
2021-10-02T00:00:00.000Z,הונגריה,306,24,330
2021-10-02T00:00:00.000Z,הונג קונג,0,1,1
2021-10-02T00:00:00.000Z,הולנד,210,34,244
2021-10-02T00:00:00.000Z,הודו,4,3,7
2021-10-02T00:00:00.000Z,האנטילים ההולנדים,2,0,2
2021-10-02T00:00:00.000Z,דרום סודאן,1,0,1
2021-10-02T00:00:00.000Z,דרום אפריקה,60,17,77
2021-10-02T00:00:00.000Z,דנמרק,5,5,10
2021-10-02T00:00:00.000Z,דומיניקה,6,1,7
2021-10-02T00:00:00.000Z,גרמניה,354,65,419
2021-10-02T00:00:00.000Z,גיברלטר,1,0,1
2021-10-02T00:00:00.000Z,גווטאמלה,6,0,6
2021-10-02T00:00:00.000Z,גבון,1,0,1
2021-10-02T00:00:00.000Z,גאנה,11,2,13
2021-10-02T00:00:00.000Z,גאורגיה,230,26,256
2021-10-02T00:00:00.000Z,ברזיל,2,2,4
2021-10-02T00:00:00.000Z,בלגיה,8,4,12
2021-10-02T00:00:00.000Z,בחריין,0,5,5
2021-10-02T00:00:00.000Z,בוסניה הרצגובינה,18,1,19
2021-10-02T00:00:00.000Z,בולגריה,2,0,2
2021-10-02T00:00:00.000Z,אתיופיה,81,13,94
2021-10-02T00:00:00.000Z,ארצות הברית,1520,386,1906
2021-10-02T00:00:00.000Z,ארמניה,6,3,9
2021-10-02T00:00:00.000Z,אקואדור,1,0,1
2021-10-02T00:00:00.000Z,אסטוניה,24,7,31
2021-10-02T00:00:00.000Z,אלבניה,2,1,3
2021-10-02T00:00:00.000Z,אירלנד,19,14,33
2021-10-02T00:00:00.000Z,איסלנד,84,0,84
2021-10-02T00:00:00.000Z,אינדונזיה,0,1,1
2021-10-02T00:00:00.000Z,איי סיישל,8,0,8
2021-10-02T00:00:00.000Z,איטליה,603,38,641
2021-10-02T00:00:00.000Z,שוודיה,2,16,18
2021-10-02T00:00:00.000Z,אוקראינה,256,94,350
2021-10-02T00:00:00.000Z,אוסטרליה,1,0,1
2021-10-02T00:00:00.000Z,אוסטריה,492,38,530
2021-10-02T00:00:00.000Z,אוזבקיסטן,9,2,11
2021-10-02T00:00:00.000Z,אוגנדה,5,0,5
2021-10-02T00:00:00.000Z,איחוד האמירויות הערב,211,18,229
2021-10-02T00:00:00.000Z,מאוריציוס,1,0,1
2021-10-03T00:00:00.000Z,תאילנד,2,1,3
2021-10-03T00:00:00.000Z,שוודיה,2,2,4
2021-10-03T00:00:00.000Z,רוסיה,222,130,352
2021-10-03T00:00:00.000Z,רומניה,269,22,291
2021-10-03T00:00:00.000Z,קרואטיה,18,5,23
2021-10-03T00:00:00.000Z,קפריסין,676,55,731
2021-10-03T00:00:00.000Z,קניה,0,1,1
2021-10-03T00:00:00.000Z,קנדה,133,63,196
2021-10-03T00:00:00.000Z,קירג'זסטאן,1,1,2
2021-10-03T00:00:00.000Z,קטר,0,1,1
2021-10-03T00:00:00.000Z,קזחסטאן,2,0,2
2021-10-03T00:00:00.000Z,קוריאה הדרומית,8,5,13
2021-10-03T00:00:00.000Z,קוסטה ריקה,46,1,47
2021-10-03T00:00:00.000Z,קולומביה,17,1,18
2021-10-03T00:00:00.000Z,צרפת,592,277,869
2021-10-03T00:00:00.000Z,צכיה,525,34,559
2021-10-03T00:00:00.000Z,פרו,15,3,18
2021-10-03T00:00:00.000Z,פנמה,16,0,16
2021-10-03T00:00:00.000Z,פינלנד,1,0,1
2021-10-03T00:00:00.000Z,פיליפינים,1,10,11
2021-10-03T00:00:00.000Z,פורטוגל,70,10,80
2021-10-03T00:00:00.000Z,פולין,78,5,83
2021-10-03T00:00:00.000Z,ערב הסעודית,3,0,3
2021-10-03T00:00:00.000Z,עירק,0,2,2
2021-10-03T00:00:00.000Z,סרי לנקה (צילון),5,0,5
2021-10-03T00:00:00.000Z,סרביה,21,12,33
2021-10-03T00:00:00.000Z,ספרד,366,42,408
2021-10-03T00:00:00.000Z,סינגפור,5,0,5
2021-10-03T00:00:00.000Z,סיירה ליאונה,0,2,2
2021-10-03T00:00:00.000Z,נפאל,3,0,3
2021-10-03T00:00:00.000Z,ניקרגואה,1,0,1
2021-10-03T00:00:00.000Z,ניגריה,1,1,2
2021-10-03T00:00:00.000Z,נורבגיה,4,9,13
2021-10-03T00:00:00.000Z,מרוקו,18,6,24
2021-10-03T00:00:00.000Z,מקסיקו,0,10,10
2021-10-03T00:00:00.000Z,מקאו,1,0,1
2021-10-03T00:00:00.000Z,מצרים,1790,102,1892
2021-10-03T00:00:00.000Z,מלטה,1,0,1
2021-10-03T00:00:00.000Z,מלדיבים,23,4,27
2021-10-03T00:00:00.000Z,מונטנגרו,151,1,152
2021-10-03T00:00:00.000Z,מולדובה,119,46,165
2021-10-03T00:00:00.000Z,מאלי,4,0,4
2021-10-03T00:00:00.000Z,ליטא,108,13,121
2021-10-03T00:00:00.000Z,לטביה,1,0,1
2021-10-03T00:00:00.000Z,שוויץ,367,168,535
2021-10-03T00:00:00.000Z,ירדן,314,50,364
2021-10-03T00:00:00.000Z,יפן,3,3,6
2021-10-03T00:00:00.000Z,יוון,1765,123,1888
2021-10-03T00:00:00.000Z,חוף השנהב,3,0,3
2021-10-03T00:00:00.000Z,הרפ הדומיניקנית,33,3,36
2021-10-03T00:00:00.000Z,הממלכה המאוחדת,573,373,946
2021-10-03T00:00:00.000Z,הונגריה,602,56,658
2021-10-03T00:00:00.000Z,הונג קונג,0,2,2
2021-10-03T00:00:00.000Z,הולנד,363,59,422
2021-10-03T00:00:00.000Z,הודו,7,11,18
2021-10-03T00:00:00.000Z,דרום אפריקה,3,6,9
2021-10-03T00:00:00.000Z,דנמרק,86,34,120
2021-10-03T00:00:00.000Z,דומיניקה,1,0,1
2021-10-03T00:00:00.000Z,גרמניה,662,251,913
2021-10-03T00:00:00.000Z,גווטאמלה,6,0,6
2021-10-03T00:00:00.000Z,גאנה,2,1,3
2021-10-03T00:00:00.000Z,גאורגיה,614,57,671
2021-10-03T00:00:00.000Z,ברזיל,0,4,4
2021-10-03T00:00:00.000Z,בלגיה,79,78,157
2021-10-03T00:00:00.000Z,בילורוסיה,116,45,161
2021-10-03T00:00:00.000Z,בוסניה הרצגובינה,4,0,4
2021-10-03T00:00:00.000Z,בוליביה,1,0,1
2021-10-03T00:00:00.000Z,בולגריה,45,23,68
2021-10-03T00:00:00.000Z,בהמס,2,0,2
2021-10-03T00:00:00.000Z,אתיופיה,1,1,2
2021-10-03T00:00:00.000Z,ארצות הברית,2021,703,2724
2021-10-03T00:00:00.000Z,ארמניה,4,0,4
2021-10-03T00:00:00.000Z,ארגנטינה,8,8,16
2021-10-03T00:00:00.000Z,אקואדור,2,0,2
2021-10-03T00:00:00.000Z,אנגולה,3,0,3
2021-10-03T00:00:00.000Z,אירלנד,4,7,11
2021-10-03T00:00:00.000Z,איסלנד,32,0,32
2021-10-03T00:00:00.000Z,איי סיישל,72,5,77
2021-10-03T00:00:00.000Z,איטליה,1141,104,1245
2021-10-03T00:00:00.000Z,אזרביג'אן,99,12,111
2021-10-03T00:00:00.000Z,אורגוואי,4,0,4
2021-10-03T00:00:00.000Z,אוקראינה,309,127,436
2021-10-03T00:00:00.000Z,אוסטרליה,6,11,17
2021-10-03T00:00:00.000Z,אוסטריה,405,56,461
2021-10-03T00:00:00.000Z,אוזבקיסטן,13,2,15
2021-10-03T00:00:00.000Z,אוגנדה,3,0,3
2021-10-03T00:00:00.000Z,איחוד האמירויות הערב,299,52,351
2021-10-03T00:00:00.000Z,תורכיה,53,24,77
2021-10-03T00:00:00.000Z,כלל המדינות,16430,5563,21993
2021-10-04T00:00:00.000Z,קוסטה ריקה,25,1,26
2021-10-04T00:00:00.000Z,קולומביה,5,3,8
2021-10-04T00:00:00.000Z,צרפת,638,321,959
2021-10-04T00:00:00.000Z,צכיה,463,22,485
2021-10-04T00:00:00.000Z,צ'ילה,2,4,6
2021-10-04T00:00:00.000Z,פרו,14,0,14
2021-10-04T00:00:00.000Z,פנמה,13,2,15
2021-10-04T00:00:00.000Z,פינלנד,1,0,1
2021-10-04T00:00:00.000Z,פיליפינים,1,0,1
2021-10-04T00:00:00.000Z,פורטוגל,133,23,156
2021-10-04T00:00:00.000Z,פולין,279,28,307
2021-10-04T00:00:00.000Z,עירק,1,0,1
2021-10-04T00:00:00.000Z,סרי לנקה (צילון),2,2,4
2021-10-04T00:00:00.000Z,סרביה,3,0,3
2021-10-04T00:00:00.000Z,ספרד,423,56,479
2021-10-04T00:00:00.000Z,סינגפור,4,0,4
2021-10-04T00:00:00.000Z,סין,1,12,13
2021-10-04T00:00:00.000Z,סוריה,0,2,2
2021-10-04T00:00:00.000Z,ניגריה,2,4,6
2021-10-04T00:00:00.000Z,נורבגיה,3,4,7
2021-10-04T00:00:00.000Z,מרוקו,14,6,20
2021-10-04T00:00:00.000Z,מקסיקו,4,9,13
2021-10-04T00:00:00.000Z,מקאו,1,0,1
2021-10-04T00:00:00.000Z,מצרים,947,50,997
2021-10-04T00:00:00.000Z,מלדיבים,86,13,99
2021-10-04T00:00:00.000Z,מונטנגרו,54,3,57
2021-10-04T00:00:00.000Z,מוזמביק,2,0,2
2021-10-04T00:00:00.000Z,מאלי,9,0,9
2021-10-04T00:00:00.000Z,ליטא,4,0,4
2021-10-04T00:00:00.000Z,ליבריה,0,1,1
2021-10-04T00:00:00.000Z,לטביה,4,2,6
2021-10-04T00:00:00.000Z,לוכסמבורג,0,2,2
2021-10-04T00:00:00.000Z,כלל המדינות,14232,7086,21318
2021-10-04T00:00:00.000Z,ירדן,107,49,156
2021-10-04T00:00:00.000Z,יפן,2,0,2
2021-10-04T00:00:00.000Z,יוון,748,41,789
2021-10-04T00:00:00.000Z,טנזניה,31,1,32
2021-10-04T00:00:00.000Z,טוגו,0,1,1
2021-10-04T00:00:00.000Z,זמביה,3,1,4
2021-10-04T00:00:00.000Z,זאיר,1,0,1
2021-10-04T00:00:00.000Z,ונצואלה,2,0,2
2021-10-04T00:00:00.000Z,הרפ הדומיניקנית,4,0,4
2021-10-04T00:00:00.000Z,הממלכה המאוחדת,665,520,1185
2021-10-04T00:00:00.000Z,הונדורס,2,0,2
2021-10-04T00:00:00.000Z,הונגריה,412,20,432
2021-10-04T00:00:00.000Z,הונג קונג,0,1,1
2021-10-04T00:00:00.000Z,הולנד,209,46,255
2021-10-04T00:00:00.000Z,הודו,131,77,208
2021-10-04T00:00:00.000Z,דרום אפריקה,29,32,61
2021-10-04T00:00:00.000Z,דרום אמריקה,6,0,6
2021-10-04T00:00:00.000Z,דנמרק,12,27,39
2021-10-04T00:00:00.000Z,גרמניה,490,109,599
2021-10-04T00:00:00.000Z,גיברלטר,1,0,1
2021-10-04T00:00:00.000Z,גווטאמלה,7,0,7
2021-10-04T00:00:00.000Z,גאנה,4,4,8
2021-10-04T00:00:00.000Z,גאורגיה,424,29,453
2021-10-04T00:00:00.000Z,ברזיל,3,7,10
2021-10-04T00:00:00.000Z,ברבדוס,1,0,1
2021-10-04T00:00:00.000Z,בלגיה,149,156,305
2021-10-04T00:00:00.000Z,בילורוסיה,63,37,100
2021-10-04T00:00:00.000Z,בחריין,42,3,45
2021-10-04T00:00:00.000Z,בוסניה הרצגובינה,27,3,30
2021-10-04T00:00:00.000Z,בולגריה,1,0,1
2021-10-04T00:00:00.000Z,בהמס,1,0,1
2021-10-04T00:00:00.000Z,אתיופיה,46,9,55
2021-10-04T00:00:00.000Z,ארצות הברית,2225,1845,4070
2021-10-04T00:00:00.000Z,ארמניה,1,3,4
2021-10-04T00:00:00.000Z,אריתראה,0,1,1
2021-10-04T00:00:00.000Z,ארגנטינה,0,4,4
2021-10-04T00:00:00.000Z,אקואדור,6,1,7
2021-10-04T00:00:00.000Z,אסטוניה,1,1,2
2021-10-04T00:00:00.000Z,קירג'זסטאן,5,1,6
2021-10-04T00:00:00.000Z,אלבניה,9,0,9
2021-10-04T00:00:00.000Z,אל סלבדור,0,1,1
2021-10-04T00:00:00.000Z,אירלנד,3,3,6
2021-10-04T00:00:00.000Z,תורכמניסטאן,1,0,1
2021-10-04T00:00:00.000Z,תורכיה,68,61,129
2021-10-04T00:00:00.000Z,תאילנד,144,34,178
2021-10-04T00:00:00.000Z,שוויץ,210,72,282
2021-10-04T00:00:00.000Z,שוודיה,3,1,4
2021-10-04T00:00:00.000Z,רוסיה,379,309,688
2021-10-04T00:00:00.000Z,רומניה,442,34,476
2021-10-04T00:00:00.000Z,רואנדה,4,0,4
2021-10-04T00:00:00.000Z,קרואטיה,17,0,17
2021-10-04T00:00:00.000Z,איי טורקס וקייקוס,0,1,1
2021-10-04T00:00:00.000Z,איטליה,804,79,883
2021-10-04T00:00:00.000Z,אזרביג'אן,1,0,1
2021-10-04T00:00:00.000Z,אורגוואי,7,4,11
2021-10-04T00:00:00.000Z,אוקראינה,593,240,833
2021-10-04T00:00:00.000Z,אוסטרליה,7,3,10
2021-10-04T00:00:00.000Z,אוסטריה,872,121,993
2021-10-04T00:00:00.000Z,אוזבקיסטן,64,136,200
2021-10-04T00:00:00.000Z,אוגנדה,1,0,1
2021-10-04T00:00:00.000Z,אבחזיסטאן,2,0,2
2021-10-04T00:00:00.000Z,איחוד האמירויות הערב,131,8,139
2021-10-04T00:00:00.000Z,איסלנד,22,0,22
2021-10-04T00:00:00.000Z,קמרון,1,1,2
2021-10-04T00:00:00.000Z,קזחסטאן,3,0,3
2021-10-04T00:00:00.000Z,קנדה,114,91,205
2021-10-04T00:00:00.000Z,קניה,6,1,7
2021-10-04T00:00:00.000Z,קפריסין,422,21,443
2021-10-04T00:00:00.000Z,אנגולה,3,0,3
2021-10-05T00:00:00.000Z,מקדוניה,0,1,1
2021-10-05T00:00:00.000Z,יוון,4,0,4
2021-10-05T00:00:00.000Z,הממלכה המאוחדת,7,4,11
2021-10-05T00:00:00.000Z,הולנד,6,0,6
2021-10-05T00:00:00.000Z,דנמרק,3,0,3
2021-10-05T00:00:00.000Z,גרמניה,8,2,10
2021-10-05T00:00:00.000Z,גאורגיה,1,0,1
2021-10-05T00:00:00.000Z,אנגולה,0,1,1
2021-10-05T00:00:00.000Z,כלל המדינות,111,23,134
2021-10-05T00:00:00.000Z,אוקראינה,4,1,5
2021-10-05T00:00:00.000Z,מקסיקו,0,1,1
2021-10-05T00:00:00.000Z,ספרד,2,1,3
2021-10-05T00:00:00.000Z,צכיה,4,0,4
2021-10-05T00:00:00.000Z,צרפת,6,4,10
2021-10-05T00:00:00.000Z,רוסיה,8,1,9
2021-10-05T00:00:00.000Z,שוודיה,0,1,1
2021-10-05T00:00:00.000Z,תורכיה,21,5,26
2021-10-05T00:00:00.000Z,איטליה,2,0,2
