Day_Date,vaccinated,vaccinated_cum,vaccinated_population_perc,vaccinated_seconde_dose,vaccinated_seconde_dose_cum,vaccinated_seconde_dose_population_perc
2020-12-19T00:00:00.000Z,43,60,0,0,0,0
2020-12-20T00:00:00.000Z,7359,7419,0.08,0,0,0
2020-12-21T00:00:00.000Z,24883,32302,0.35,0,0,0
2020-12-22T00:00:00.000Z,44618,76920,0.83,0,0,0
2020-12-23T00:00:00.000Z,62840,139760,1.5,0,0,0
2020-12-24T00:00:00.000Z,73324,213084,2.29,0,0,0
2020-12-25T00:00:00.000Z,38448,251532,2.7,0,0,0
2020-12-26T00:00:00.000Z,32574,284106,3.06,0,0,0
2020-12-27T00:00:00.000Z,104366,388472,4.18,0,0,0
2020-12-28T00:00:00.000Z,134804,523276,5.63,0,0,0
2020-12-29T00:00:00.000Z,155938,679214,7.3,0,0,0
2020-12-30T00:00:00.000Z,152714,831928,8.95,0,0,0
2020-12-31T00:00:00.000Z,158164,990092,10.65,0,0,0
2021-01-01T00:00:00.000Z,71230,1061322,11.41,0,0,0
2021-01-02T00:00:00.000Z,71618,1132940,12.18,0,0,0
2021-01-03T00:00:00.000Z,149394,1282334,13.79,0,0,0
2021-01-04T00:00:00.000Z,151831,1434165,15.42,1,1,0
2021-01-05T00:00:00.000Z,124849,1559014,16.76,0,1,0
2021-01-06T00:00:00.000Z,103066,1662080,17.87,0,1,0
2021-01-07T00:00:00.000Z,115813,1777893,19.12,3,4,0
2021-01-08T00:00:00.000Z,66293,1844186,19.83,3,7,0
2021-01-09T00:00:00.000Z,44454,1888640,20.31,22,29,0
2021-01-10T00:00:00.000Z,37545,1926185,20.71,5974,6003,0.06
2021-01-11T00:00:00.000Z,21015,1947200,20.94,19235,25238,0.27
2021-01-12T00:00:00.000Z,23907,1971107,21.2,35637,60875,0.65
2021-01-13T00:00:00.000Z,51911,2023018,21.75,56815,117690,1.27
2021-01-14T00:00:00.000Z,56301,2079319,22.36,68747,186437,2
2021-01-15T00:00:00.000Z,30613,2109932,22.69,35881,222318,2.39
2021-01-16T00:00:00.000Z,29364,2139296,23,25977,248295,2.67
2021-01-17T00:00:00.000Z,68247,2207543,23.74,84450,332745,3.58
2021-01-18T00:00:00.000Z,69521,2277064,24.49,120200,452945,4.87
2021-01-19T00:00:00.000Z,72575,2349639,25.27,137510,590455,6.35
2021-01-20T00:00:00.000Z,76526,2426165,26.09,143383,733838,7.89
2021-01-21T00:00:00.000Z,69574,2495739,26.84,163937,897775,9.65
2021-01-22T00:00:00.000Z,37715,2533454,27.24,70916,968691,10.42
2021-01-23T00:00:00.000Z,39846,2573300,27.67,53471,1022162,10.99
2021-01-24T00:00:00.000Z,68928,2642228,28.41,140324,1162486,12.5
2021-01-25T00:00:00.000Z,80730,2722958,29.28,139156,1301642,14
2021-01-26T00:00:00.000Z,78475,2801433,30.13,126053,1427695,15.35
2021-01-27T00:00:00.000Z,77682,2879115,30.96,124706,1552401,16.69
2021-01-28T00:00:00.000Z,79407,2958522,31.81,130276,1682677,18.09
2021-01-29T00:00:00.000Z,36521,2995043,32.21,64606,1747283,18.79
2021-01-30T00:00:00.000Z,34285,3029328,32.58,42662,1789945,19.25
2021-01-31T00:00:00.000Z,73171,3102499,33.36,59335,1849280,19.89
2021-02-01T00:00:00.000Z,82271,3184770,34.25,35204,1884484,20.26
2021-02-02T00:00:00.000Z,69858,3254628,35,30943,1915427,20.6
2021-02-03T00:00:00.000Z,60064,3314692,35.64,51260,1966687,21.15
2021-02-04T00:00:00.000Z,72378,3387070,36.42,57913,2024600,21.77
2021-02-05T00:00:00.000Z,33771,3420841,36.79,28652,2053252,22.08
2021-02-06T00:00:00.000Z,21533,3442374,37.02,22135,2075387,22.32
2021-02-07T00:00:00.000Z,53942,3496316,37.6,68533,2143920,23.05
2021-02-08T00:00:00.000Z,58477,3554793,38.23,65196,2209116,23.76
2021-02-09T00:00:00.000Z,66114,3620907,38.94,67264,2276380,24.48
2021-02-10T00:00:00.000Z,70326,3691233,39.69,71934,2348314,25.25
2021-02-11T00:00:00.000Z,80876,3772109,40.56,71515,2419829,26.02
2021-02-12T00:00:00.000Z,38935,3811044,40.98,37405,2457234,26.42
2021-02-13T00:00:00.000Z,27387,3838431,41.28,30343,2487577,26.75
2021-02-14T00:00:00.000Z,74729,3913160,42.08,68852,2556429,27.49
2021-02-15T00:00:00.000Z,81318,3994478,42.95,75479,2631908,28.3
2021-02-16T00:00:00.000Z,83315,4077793,43.85,78024,2709932,29.14
2021-02-17T00:00:00.000Z,61801,4139594,44.52,75319,2785251,29.95
2021-02-18T00:00:00.000Z,68976,4208570,45.26,79483,2864734,30.81
2021-02-19T00:00:00.000Z,39559,4248129,45.68,37987,2902721,31.21
2021-02-20T00:00:00.000Z,31584,4279713,46.02,28641,2931362,31.52
2021-02-21T00:00:00.000Z,79308,4359021,46.87,78332,3009694,32.36
2021-02-22T00:00:00.000Z,84869,4443890,47.79,80346,3090040,33.23
2021-02-23T00:00:00.000Z,77193,4521083,48.62,70218,3160258,33.98
2021-02-24T00:00:00.000Z,60871,4581954,49.27,62853,3223111,34.66
2021-02-25T00:00:00.000Z,51507,4633461,49.83,64531,3287642,35.35
2021-02-26T00:00:00.000Z,25748,4659209,50.1,31881,3319523,35.7
2021-02-27T00:00:00.000Z,18257,4677466,50.3,21121,3340644,35.92
2021-02-28T00:00:00.000Z,40166,4717632,50.73,55699,3396343,36.52
2021-03-01T00:00:00.000Z,45505,4763137,51.22,61259,3457602,37.18
2021-03-02T00:00:00.000Z,41007,4804144,51.66,64510,3522112,37.88
2021-03-03T00:00:00.000Z,41787,4845931,52.11,66541,3588653,38.59
2021-03-04T00:00:00.000Z,39487,4885418,52.54,78826,3667479,39.44
2021-03-05T00:00:00.000Z,17163,4902581,52.72,40319,3707798,39.87
2021-03-06T00:00:00.000Z,10568,4913149,52.83,25272,3733070,40.14
2021-03-07T00:00:00.000Z,30962,4944111,53.17,72666,3805736,40.92
2021-03-08T00:00:00.000Z,27173,4971284,53.46,73058,3878794,41.71
2021-03-09T00:00:00.000Z,26497,4997781,53.74,76470,3955264,42.53
2021-03-10T00:00:00.000Z,23090,5020871,53.99,58496,4013760,43.16
2021-03-11T00:00:00.000Z,23058,5043929,54.24,68873,4082633,43.9
2021-03-12T00:00:00.000Z,11097,5055026,54.36,41289,4123922,44.35
2021-03-13T00:00:00.000Z,7847,5062873,54.44,25180,4149102,44.62
2021-03-14T00:00:00.000Z,20830,5083703,54.67,73816,4222918,45.41
2021-03-15T00:00:00.000Z,19909,5103612,54.88,78030,4300948,46.25
2021-03-16T00:00:00.000Z,18530,5122142,55.08,71346,4372294,47.02
2021-03-17T00:00:00.000Z,17499,5139641,55.27,58825,4431119,47.65
2021-03-18T00:00:00.000Z,15827,5155468,55.44,57952,4489071,48.27
2021-03-19T00:00:00.000Z,6753,5162221,55.51,27861,4516932,48.57
2021-03-20T00:00:00.000Z,5116,5167337,55.57,15224,4532156,48.74
2021-03-21T00:00:00.000Z,13013,5180350,55.71,40356,4572512,49.17
2021-03-22T00:00:00.000Z,13274,5193624,55.85,40365,4612877,49.6
2021-03-23T00:00:00.000Z,2600,5196224,55.88,7152,4620029,49.68
2021-03-24T00:00:00.000Z,10744,5206968,55.99,46327,4666356,50.18
2021-03-25T00:00:00.000Z,9980,5216948,56.1,35245,4701601,50.56
2021-03-26T00:00:00.000Z,3996,5220944,56.14,13209,4714810,50.7
2021-03-27T00:00:00.000Z,1710,5222654,56.16,4200,4719010,50.75
2021-03-28T00:00:00.000Z,2037,5224691,56.18,4547,4723557,50.79
2021-03-29T00:00:00.000Z,6740,5231431,56.26,29850,4753407,51.12
2021-03-30T00:00:00.000Z,7634,5239065,56.34,22226,4775633,51.35
2021-03-31T00:00:00.000Z,7943,5247008,56.42,19245,4794878,51.56
2021-04-01T00:00:00.000Z,7940,5254948,56.51,18466,4813344,51.76
2021-04-02T00:00:00.000Z,2769,5257717,56.54,7961,4821305,51.85
2021-04-03T00:00:00.000Z,1337,5259054,56.55,2875,4824180,51.88
2021-04-04T00:00:00.000Z,9523,5268577,56.66,22707,4846887,52.12
2021-04-05T00:00:00.000Z,10147,5278724,56.76,21070,4867957,52.35
2021-04-06T00:00:00.000Z,8757,5287481,56.86,16539,4884496,52.53
2021-04-07T00:00:00.000Z,8669,5296150,56.95,15083,4899579,52.69
2021-04-08T00:00:00.000Z,9160,5305310,57.05,16735,4916314,52.87
2021-04-09T00:00:00.000Z,3360,5308670,57.09,6050,4922364,52.93
2021-04-10T00:00:00.000Z,1488,5310158,57.1,3428,4925792,52.97
2021-04-11T00:00:00.000Z,8894,5319052,57.2,14084,4939876,53.12
2021-04-12T00:00:00.000Z,8676,5327728,57.29,13008,4952884,53.26
2021-04-13T00:00:00.000Z,5576,5333304,57.35,4773,4957657,53.31
2021-04-14T00:00:00.000Z,3413,5336717,57.39,5103,4962760,53.37
2021-04-15T00:00:00.000Z,435,5337152,57.39,410,4963170,53.37
2021-04-16T00:00:00.000Z,3184,5340336,57.43,6454,4969624,53.44
2021-04-17T00:00:00.000Z,743,5341079,57.44,1912,4971536,53.46
2021-04-18T00:00:00.000Z,6961,5348040,57.51,7348,4978884,53.54
2021-04-19T00:00:00.000Z,6203,5354243,57.58,6962,4985846,53.62
2021-04-20T00:00:00.000Z,6043,5360286,57.64,6679,4992525,53.69
2021-04-21T00:00:00.000Z,6146,5366432,57.71,6896,4999421,53.76
2021-04-22T00:00:00.000Z,5736,5372168,57.77,7465,5006886,53.84
2021-04-23T00:00:00.000Z,2576,5374744,57.8,3228,5010114,53.88
2021-04-24T00:00:00.000Z,679,5375423,57.8,1211,5011325,53.89
2021-04-25T00:00:00.000Z,4718,5380141,57.86,6817,5018142,53.96
2021-04-26T00:00:00.000Z,5330,5385471,57.91,7717,5025859,54.05
2021-04-27T00:00:00.000Z,4330,5389801,57.96,6409,5032268,54.11
2021-04-28T00:00:00.000Z,4295,5394096,58.01,7091,5039359,54.19
2021-04-29T00:00:00.000Z,4163,5398259,58.05,7084,5046443,54.27
2021-04-30T00:00:00.000Z,1738,5399997,58.07,2988,5049431,54.3
2021-05-01T00:00:00.000Z,375,5400372,58.07,818,5050249,54.31
2021-05-02T00:00:00.000Z,3159,5403531,58.11,5940,5056189,54.37
2021-05-03T00:00:00.000Z,3397,5406928,58.14,5624,5061813,54.43
2021-05-04T00:00:00.000Z,3372,5410300,58.18,4523,5066336,54.48
2021-05-05T00:00:00.000Z,3096,5413396,58.21,3851,5070187,54.52
2021-05-06T00:00:00.000Z,3433,5416829,58.25,2915,5073102,54.55
2021-05-07T00:00:00.000Z,1657,5418486,58.27,2278,5075380,54.58
2021-05-08T00:00:00.000Z,169,5418655,58.27,422,5075802,54.58
2021-05-09T00:00:00.000Z,2759,5421414,58.3,4623,5080425,54.63
2021-05-10T00:00:00.000Z,2755,5424169,58.33,4519,5084944,54.68
2021-05-11T00:00:00.000Z,2394,5426563,58.35,3637,5088581,54.72
2021-05-12T00:00:00.000Z,1805,5428368,58.37,3090,5091671,54.75
2021-05-13T00:00:00.000Z,1810,5430178,58.39,3469,5095140,54.79
2021-05-14T00:00:00.000Z,765,5430943,58.4,1330,5096470,54.8
2021-05-15T00:00:00.000Z,129,5431072,58.4,173,5096643,54.81
2021-05-16T00:00:00.000Z,424,5431496,58.41,1132,5097775,54.82
2021-05-17T00:00:00.000Z,181,5431677,58.41,723,5098498,54.83
2021-05-18T00:00:00.000Z,1805,5433482,58.43,4771,5103269,54.88
2021-05-19T00:00:00.000Z,2023,5435505,58.45,4832,5108101,54.93
2021-05-20T00:00:00.000Z,2093,5437598,58.47,3681,5111782,54.97
2021-05-21T00:00:00.000Z,1000,5438598,58.48,1217,5112999,54.98
2021-05-22T00:00:00.000Z,138,5438736,58.49,321,5113320,54.99
2021-05-23T00:00:00.000Z,2195,5440931,58.51,3108,5116428,55.02
2021-05-24T00:00:00.000Z,1969,5442900,58.53,3409,5119837,55.06
2021-05-25T00:00:00.000Z,1636,5444536,58.55,2378,5122215,55.08
2021-05-26T00:00:00.000Z,1210,5445746,58.56,2280,5124495,55.11
2021-05-27T00:00:00.000Z,1625,5447371,58.58,2897,5127392,55.14
2021-05-28T00:00:00.000Z,613,5447984,58.58,1223,5128615,55.15
2021-05-29T00:00:00.000Z,94,5448078,58.59,143,5128758,55.15
2021-05-30T00:00:00.000Z,1387,5449465,58.6,1833,5130591,55.17
2021-05-31T00:00:00.000Z,1504,5450969,58.62,1908,5132499,55.19
2021-06-01T00:00:00.000Z,0,5450969,58.62,15,5132514,55.19
