value
2022-08-28T00:00:00.000Z
