date,amount,total
2020-03-02T00:00:00.000Z,0,0
2020-03-03T00:00:00.000Z,0,0
2020-03-04T00:00:00.000Z,0,0
2020-03-05T00:00:00.000Z,0,0
2020-03-06T00:00:00.000Z,0,0
2020-03-07T00:00:00.000Z,0,0
2020-03-08T00:00:00.000Z,0,0
2020-03-09T00:00:00.000Z,0,0
2020-03-10T00:00:00.000Z,0,0
2020-03-11T00:00:00.000Z,0,0
2020-03-12T00:00:00.000Z,0,0
2020-03-13T00:00:00.000Z,0,0
2020-03-14T00:00:00.000Z,0,0
2020-03-15T00:00:00.000Z,0,0
2020-03-16T00:00:00.000Z,0,0
2020-03-17T00:00:00.000Z,0,0
2020-03-18T00:00:00.000Z,0,0
2020-03-19T00:00:00.000Z,0,0
2020-03-20T00:00:00.000Z,1,1
2020-03-21T00:00:00.000Z,0,1
2020-03-22T00:00:00.000Z,0,1
2020-03-23T00:00:00.000Z,0,1
2020-03-24T00:00:00.000Z,3,4
2020-03-25T00:00:00.000Z,1,5
2020-03-26T00:00:00.000Z,5,10
2020-03-27T00:00:00.000Z,2,12
2020-03-28T00:00:00.000Z,1,13
2020-03-29T00:00:00.000Z,3,16
2020-03-30T00:00:00.000Z,1,17
2020-03-31T00:00:00.000Z,4,21
2020-04-01T00:00:00.000Z,8,29
2020-04-02T00:00:00.000Z,9,38
2020-04-03T00:00:00.000Z,5,43
2020-04-04T00:00:00.000Z,6,49
2020-04-05T00:00:00.000Z,7,56
2020-04-06T00:00:00.000Z,8,64
2020-04-07T00:00:00.000Z,8,72
2020-04-08T00:00:00.000Z,8,80
2020-04-09T00:00:00.000Z,9,89
2020-04-10T00:00:00.000Z,8,97
2020-04-11T00:00:00.000Z,6,103
2020-04-12T00:00:00.000Z,6,109
2020-04-13T00:00:00.000Z,9,118
2020-04-14T00:00:00.000Z,8,126
2020-04-15T00:00:00.000Z,13,139
2020-04-16T00:00:00.000Z,7,146
2020-04-17T00:00:00.000Z,9,155
2020-04-18T00:00:00.000Z,11,166
2020-04-19T00:00:00.000Z,8,174
2020-04-20T00:00:00.000Z,6,180
2020-04-21T00:00:00.000Z,10,190
2020-04-22T00:00:00.000Z,3,193
2020-04-23T00:00:00.000Z,4,197
2020-04-24T00:00:00.000Z,3,200
2020-04-25T00:00:00.000Z,3,203
2020-04-26T00:00:00.000Z,2,205
2020-04-27T00:00:00.000Z,4,209
2020-04-28T00:00:00.000Z,5,214
2020-04-29T00:00:00.000Z,6,220
2020-04-30T00:00:00.000Z,6,226
2020-05-01T00:00:00.000Z,4,230
2020-05-02T00:00:00.000Z,3,233
2020-05-03T00:00:00.000Z,3,236
2020-05-04T00:00:00.000Z,3,239
2020-05-05T00:00:00.000Z,2,241
2020-05-06T00:00:00.000Z,1,242
2020-05-07T00:00:00.000Z,1,243
2020-05-08T00:00:00.000Z,6,249
2020-05-09T00:00:00.000Z,3,252
2020-05-10T00:00:00.000Z,4,256
2020-05-11T00:00:00.000Z,5,261
2020-05-12T00:00:00.000Z,3,264
2020-05-13T00:00:00.000Z,3,267
2020-05-14T00:00:00.000Z,2,269
2020-05-15T00:00:00.000Z,0,269
2020-05-16T00:00:00.000Z,3,272
2020-05-17T00:00:00.000Z,4,276
2020-05-18T00:00:00.000Z,3,279
2020-05-19T00:00:00.000Z,2,281
2020-05-20T00:00:00.000Z,1,282
2020-05-21T00:00:00.000Z,0,282
2020-05-22T00:00:00.000Z,0,282
2020-05-23T00:00:00.000Z,0,282
2020-05-24T00:00:00.000Z,1,283
2020-05-25T00:00:00.000Z,2,285
2020-05-26T00:00:00.000Z,0,285
2020-05-27T00:00:00.000Z,2,287
2020-05-28T00:00:00.000Z,1,288
2020-05-29T00:00:00.000Z,0,288
2020-05-30T00:00:00.000Z,0,288
2020-05-31T00:00:00.000Z,0,288
2020-06-01T00:00:00.000Z,3,291
2020-06-02T00:00:00.000Z,2,293
2020-06-03T00:00:00.000Z,1,294
2020-06-04T00:00:00.000Z,0,294
2020-06-05T00:00:00.000Z,1,295
2020-06-06T00:00:00.000Z,4,299
2020-06-07T00:00:00.000Z,2,301
2020-06-08T00:00:00.000Z,0,301
2020-06-09T00:00:00.000Z,1,302
2020-06-10T00:00:00.000Z,1,303
2020-06-11T00:00:00.000Z,0,303
2020-06-12T00:00:00.000Z,0,303
2020-06-13T00:00:00.000Z,1,304
2020-06-14T00:00:00.000Z,2,306
2020-06-15T00:00:00.000Z,0,306
2020-06-16T00:00:00.000Z,1,307
2020-06-17T00:00:00.000Z,0,307
2020-06-18T00:00:00.000Z,0,307
2020-06-19T00:00:00.000Z,1,308
2020-06-20T00:00:00.000Z,1,309
2020-06-21T00:00:00.000Z,0,309
2020-06-22T00:00:00.000Z,1,310
2020-06-23T00:00:00.000Z,2,312
2020-06-24T00:00:00.000Z,3,315
2020-06-25T00:00:00.000Z,4,319
2020-06-26T00:00:00.000Z,3,322
2020-06-27T00:00:00.000Z,3,325
2020-06-28T00:00:00.000Z,2,327
2020-06-29T00:00:00.000Z,0,327
2020-06-30T00:00:00.000Z,1,328
2020-07-01T00:00:00.000Z,3,331
2020-07-02T00:00:00.000Z,1,332
2020-07-03T00:00:00.000Z,3,335
2020-07-04T00:00:00.000Z,5,340
2020-07-05T00:00:00.000Z,2,342
2020-07-06T00:00:00.000Z,8,350
2020-07-07T00:00:00.000Z,5,355
2020-07-08T00:00:00.000Z,5,360
2020-07-09T00:00:00.000Z,5,365
2020-07-10T00:00:00.000Z,4,369
2020-07-11T00:00:00.000Z,5,374
2020-07-12T00:00:00.000Z,7,381
2020-07-13T00:00:00.000Z,4,385
2020-07-14T00:00:00.000Z,7,392
2020-07-15T00:00:00.000Z,6,398
2020-07-16T00:00:00.000Z,9,407
2020-07-17T00:00:00.000Z,12,419
2020-07-18T00:00:00.000Z,8,427
2020-07-19T00:00:00.000Z,10,437
2020-07-20T00:00:00.000Z,12,449
2020-07-21T00:00:00.000Z,9,458
2020-07-22T00:00:00.000Z,6,464
2020-07-23T00:00:00.000Z,16,480
2020-07-24T00:00:00.000Z,8,488
2020-07-25T00:00:00.000Z,7,495
2020-07-26T00:00:00.000Z,11,506
2020-07-27T00:00:00.000Z,7,513
2020-07-28T00:00:00.000Z,8,521
2020-07-29T00:00:00.000Z,15,536
2020-07-30T00:00:00.000Z,15,551
2020-07-31T00:00:00.000Z,14,565
2020-08-01T00:00:00.000Z,14,579
2020-08-02T00:00:00.000Z,12,591
2020-08-03T00:00:00.000Z,15,606
2020-08-04T00:00:00.000Z,11,617
2020-08-05T00:00:00.000Z,10,627
2020-08-06T00:00:00.000Z,9,636
2020-08-07T00:00:00.000Z,12,648
2020-08-08T00:00:00.000Z,13,661
2020-08-09T00:00:00.000Z,8,669
2020-08-10T00:00:00.000Z,15,684
2020-08-11T00:00:00.000Z,11,695
2020-08-12T00:00:00.000Z,16,711
2020-08-13T00:00:00.000Z,16,727
2020-08-14T00:00:00.000Z,12,739
2020-08-15T00:00:00.000Z,10,749
2020-08-16T00:00:00.000Z,20,769
2020-08-17T00:00:00.000Z,4,773
2020-08-18T00:00:00.000Z,14,787
2020-08-19T00:00:00.000Z,12,799
2020-08-20T00:00:00.000Z,13,812
2020-08-21T00:00:00.000Z,13,825
2020-08-22T00:00:00.000Z,10,835
2020-08-23T00:00:00.000Z,13,848
2020-08-24T00:00:00.000Z,16,864
2020-08-25T00:00:00.000Z,19,883
2020-08-26T00:00:00.000Z,11,894
2020-08-27T00:00:00.000Z,11,905
2020-08-28T00:00:00.000Z,12,917
2020-08-29T00:00:00.000Z,5,922
2020-08-30T00:00:00.000Z,14,936
2020-08-31T00:00:00.000Z,23,959
2020-09-01T00:00:00.000Z,15,974
2020-09-02T00:00:00.000Z,14,988
2020-09-03T00:00:00.000Z,16,1004
2020-09-04T00:00:00.000Z,12,1016
2020-09-05T00:00:00.000Z,15,1031
2020-09-06T00:00:00.000Z,12,1043
2020-09-07T00:00:00.000Z,17,1060
2020-09-08T00:00:00.000Z,20,1080
2020-09-09T00:00:00.000Z,15,1095
2020-09-10T00:00:00.000Z,14,1109
2020-09-11T00:00:00.000Z,20,1129
2020-09-12T00:00:00.000Z,15,1144
2020-09-13T00:00:00.000Z,17,1161
2020-09-14T00:00:00.000Z,20,1181
2020-09-15T00:00:00.000Z,16,1197
2020-09-16T00:00:00.000Z,26,1223
2020-09-17T00:00:00.000Z,17,1240
2020-09-18T00:00:00.000Z,21,1261
2020-09-19T00:00:00.000Z,28,1289
2020-09-20T00:00:00.000Z,21,1310
2020-09-21T00:00:00.000Z,32,1342
2020-09-22T00:00:00.000Z,26,1368
2020-09-23T00:00:00.000Z,25,1393
2020-09-24T00:00:00.000Z,31,1424
2020-09-25T00:00:00.000Z,30,1454
2020-09-26T00:00:00.000Z,26,1480
2020-09-27T00:00:00.000Z,32,1512
2020-09-28T00:00:00.000Z,28,1540
2020-09-29T00:00:00.000Z,35,1575
2020-09-30T00:00:00.000Z,37,1612
2020-10-01T00:00:00.000Z,46,1658
2020-10-02T00:00:00.000Z,25,1683
2020-10-03T00:00:00.000Z,38,1721
2020-10-04T00:00:00.000Z,37,1758
2020-10-05T00:00:00.000Z,27,1785
2020-10-06T00:00:00.000Z,45,1830
2020-10-07T00:00:00.000Z,26,1856
2020-10-08T00:00:00.000Z,47,1903
2020-10-09T00:00:00.000Z,40,1943
2020-10-10T00:00:00.000Z,35,1978
2020-10-11T00:00:00.000Z,46,2024
2020-10-12T00:00:00.000Z,30,2054
2020-10-13T00:00:00.000Z,38,2092
2020-10-14T00:00:00.000Z,35,2127
2020-10-15T00:00:00.000Z,30,2157
2020-10-16T00:00:00.000Z,35,2192
2020-10-17T00:00:00.000Z,32,2224
2020-10-18T00:00:00.000Z,33,2257
2020-10-19T00:00:00.000Z,31,2288
2020-10-20T00:00:00.000Z,20,2308
2020-10-21T00:00:00.000Z,25,2333
2020-10-22T00:00:00.000Z,29,2362
2020-10-23T00:00:00.000Z,26,2388
2020-10-24T00:00:00.000Z,27,2415
2020-10-25T00:00:00.000Z,35,2450
2020-10-26T00:00:00.000Z,28,2478
2020-10-27T00:00:00.000Z,28,2506
2020-10-28T00:00:00.000Z,9,2515
2020-10-29T00:00:00.000Z,19,2534
2020-10-30T00:00:00.000Z,12,2546
2020-10-31T00:00:00.000Z,25,2571
2020-11-01T00:00:00.000Z,19,2590
2020-11-02T00:00:00.000Z,15,2605
2020-11-03T00:00:00.000Z,26,2631
2020-11-04T00:00:00.000Z,16,2647
2020-11-05T00:00:00.000Z,14,2661
2020-11-06T00:00:00.000Z,16,2677
2020-11-07T00:00:00.000Z,8,2685
2020-11-08T00:00:00.000Z,7,2692
2020-11-09T00:00:00.000Z,7,2699
2020-11-10T00:00:00.000Z,10,2709
2020-11-11T00:00:00.000Z,7,2716
2020-11-12T00:00:00.000Z,12,2728
2020-11-13T00:00:00.000Z,5,2733
2020-11-14T00:00:00.000Z,12,2745
2020-11-15T00:00:00.000Z,9,2754
2020-11-16T00:00:00.000Z,8,2762
2020-11-17T00:00:00.000Z,12,2774
2020-11-18T00:00:00.000Z,7,2781
2020-11-19T00:00:00.000Z,8,2789
2020-11-20T00:00:00.000Z,6,2795
2020-11-21T00:00:00.000Z,12,2807
2020-11-22T00:00:00.000Z,16,2823
2020-11-23T00:00:00.000Z,7,2830
2020-11-24T00:00:00.000Z,6,2836
2020-11-25T00:00:00.000Z,5,2841
2020-11-26T00:00:00.000Z,9,2850
2020-11-27T00:00:00.000Z,7,2857
2020-11-28T00:00:00.000Z,9,2866
2020-11-29T00:00:00.000Z,10,2876
2020-11-30T00:00:00.000Z,7,2883
2020-12-01T00:00:00.000Z,10,2893
2020-12-02T00:00:00.000Z,5,2898
2020-12-03T00:00:00.000Z,10,2908
2020-12-04T00:00:00.000Z,10,2918
2020-12-05T00:00:00.000Z,10,2928
2020-12-06T00:00:00.000Z,8,2936
2020-12-07T00:00:00.000Z,7,2943
2020-12-08T00:00:00.000Z,12,2955
2020-12-09T00:00:00.000Z,13,2968
2020-12-10T00:00:00.000Z,13,2981
2020-12-11T00:00:00.000Z,12,2993
2020-12-12T00:00:00.000Z,16,3009
2020-12-13T00:00:00.000Z,9,3018
2020-12-14T00:00:00.000Z,11,3029
2020-12-15T00:00:00.000Z,12,3041
2020-12-16T00:00:00.000Z,14,3055
2020-12-17T00:00:00.000Z,17,3072
2020-12-18T00:00:00.000Z,16,3088
2020-12-19T00:00:00.000Z,19,3107
2020-12-20T00:00:00.000Z,19,3126
2020-12-21T00:00:00.000Z,16,3142
2020-12-22T00:00:00.000Z,13,3155
2020-12-23T00:00:00.000Z,25,3180
2020-12-24T00:00:00.000Z,15,3195
2020-12-25T00:00:00.000Z,20,3215
2020-12-26T00:00:00.000Z,23,3238
2020-12-27T00:00:00.000Z,21,3259
2020-12-28T00:00:00.000Z,33,3292
2020-12-29T00:00:00.000Z,26,3318
2020-12-30T00:00:00.000Z,16,3334
2020-12-31T00:00:00.000Z,36,3370
2021-01-01T00:00:00.000Z,35,3405
2021-01-02T00:00:00.000Z,27,3432
2021-01-03T00:00:00.000Z,26,3458
2021-01-04T00:00:00.000Z,37,3495
2021-01-05T00:00:00.000Z,24,3519
2021-01-06T00:00:00.000Z,44,3563
2021-01-07T00:00:00.000Z,48,3611
2021-01-08T00:00:00.000Z,46,3657
2021-01-09T00:00:00.000Z,21,3678
2021-01-10T00:00:00.000Z,44,3722
2021-01-11T00:00:00.000Z,29,3751
2021-01-12T00:00:00.000Z,56,3807
2021-01-13T00:00:00.000Z,57,3864
2021-01-14T00:00:00.000Z,59,3923
2021-01-15T00:00:00.000Z,52,3975
2021-01-16T00:00:00.000Z,47,4022
2021-01-17T00:00:00.000Z,58,4080
2021-01-18T00:00:00.000Z,46,4126
2021-01-19T00:00:00.000Z,44,4170
2021-01-20T00:00:00.000Z,54,4224
2021-01-21T00:00:00.000Z,49,4273
2021-01-22T00:00:00.000Z,66,4339
2021-01-23T00:00:00.000Z,51,4390
2021-01-24T00:00:00.000Z,79,4469
2021-01-25T00:00:00.000Z,61,4530
2021-01-26T00:00:00.000Z,53,4583
2021-01-27T00:00:00.000Z,61,4644
2021-01-28T00:00:00.000Z,49,4693
2021-01-29T00:00:00.000Z,44,4737
2021-01-30T00:00:00.000Z,38,4775
2021-01-31T00:00:00.000Z,52,4827
2021-02-01T00:00:00.000Z,47,4874
2021-02-02T00:00:00.000Z,61,4935
2021-02-03T00:00:00.000Z,57,4992
2021-02-04T00:00:00.000Z,49,5041
2021-02-05T00:00:00.000Z,33,5074
2021-02-06T00:00:00.000Z,53,5127
2021-02-07T00:00:00.000Z,44,5171
2021-02-08T00:00:00.000Z,30,5201
2021-02-09T00:00:00.000Z,43,5244
2021-02-10T00:00:00.000Z,32,5276
2021-02-11T00:00:00.000Z,31,5307
2021-02-12T00:00:00.000Z,40,5347
2021-02-13T00:00:00.000Z,29,5376
2021-02-14T00:00:00.000Z,37,5413
2021-02-15T00:00:00.000Z,16,5429
2021-02-16T00:00:00.000Z,43,5472
2021-02-17T00:00:00.000Z,27,5499
2021-02-18T00:00:00.000Z,34,5533
2021-02-19T00:00:00.000Z,22,5555
2021-02-20T00:00:00.000Z,25,5580
2021-02-21T00:00:00.000Z,24,5604
2021-02-22T00:00:00.000Z,16,5620
2021-02-23T00:00:00.000Z,35,5655
2021-02-24T00:00:00.000Z,26,5681
2021-02-25T00:00:00.000Z,24,5705
2021-02-26T00:00:00.000Z,22,5727
2021-02-27T00:00:00.000Z,28,5755
2021-02-28T00:00:00.000Z,21,5776
2021-03-01T00:00:00.000Z,18,5794
2021-03-02T00:00:00.000Z,21,5815
2021-03-03T00:00:00.000Z,17,5832
2021-03-04T00:00:00.000Z,17,5849
2021-03-05T00:00:00.000Z,18,5867
2021-03-06T00:00:00.000Z,20,5887
2021-03-07T00:00:00.000Z,15,5902
2021-03-08T00:00:00.000Z,22,5924
2021-03-09T00:00:00.000Z,16,5940
2021-03-10T00:00:00.000Z,17,5957
2021-03-11T00:00:00.000Z,17,5974
2021-03-12T00:00:00.000Z,12,5986
2021-03-13T00:00:00.000Z,16,6002
2021-03-14T00:00:00.000Z,27,6029
2021-03-15T00:00:00.000Z,18,6047
2021-03-16T00:00:00.000Z,16,6063
2021-03-17T00:00:00.000Z,14,6077
2021-03-18T00:00:00.000Z,8,6085
2021-03-19T00:00:00.000Z,12,6097
2021-03-20T00:00:00.000Z,7,6104
2021-03-21T00:00:00.000Z,15,6119
2021-03-22T00:00:00.000Z,13,6132
2021-03-23T00:00:00.000Z,15,6147
2021-03-24T00:00:00.000Z,10,6157
2021-03-25T00:00:00.000Z,9,6166
2021-03-26T00:00:00.000Z,10,6176
2021-03-27T00:00:00.000Z,5,6181
2021-03-28T00:00:00.000Z,2,6183
